start_time,end_time,low_freq,high_freq,class,class_prob,det_prob,individual,event,input_file,Site name,Recover Folder,SD Card,File Duration
0.0015,0.0099,26328,35219,Eptesicus serotinus,0.008,0.028,-1,Echolocation,/mnt/ubna_data_02_mir/recover-20220922/UBNA_001/20220921_090000.WAV,Telephone Field,recover-20220922,001,1795
0.0015,0.0134,21171,26001,Nyctalus leisleri,0.012,0.026,-1,Echolocation,/mnt/ubna_data_02_mir/recover-20220922/UBNA_001/20220921_090000.WAV,Telephone Field,recover-20220922,001,1795
0.0015,0.0357,69296,81414,Rhinolophus ferrumequinum,0.027,0.027,-1,Echolocation,/mnt/ubna_data_02_mir/recover-20220922/UBNA_001/20220921_090000.WAV,Telephone Field,recover-20220922,001,1795
0.0415,0.0767,68437,80890,Rhinolophus ferrumequinum,0.022,0.023,-1,Echolocation,/mnt/ubna_data_02_mir/recover-20220922/UBNA_001/20220921_090000.WAV,Telephone Field,recover-20220922,001,1795
0.0645,0.1038,68437,82714,Rhinolophus ferrumequinum,0.024,0.024,-1,Echolocation,/mnt/ubna_data_02_mir/recover-20220922/UBNA_001/20220921_090000.WAV,Telephone Field,recover-20220922,001,1795
0.0975,0.1348,68437,81901,Rhinolophus ferrumequinum,0.021,0.021,-1,Echolocation,/mnt/ubna_data_02_mir/recover-20220922/UBNA_001/20220921_090000.WAV,Telephone Field,recover-20220922,001,1795
0.1385,0.1757,68437,82346,Rhinolophus ferrumequinum,0.023,0.023,-1,Echolocation,/mnt/ubna_data_02_mir/recover-20220922/UBNA_001/20220921_090000.WAV,Telephone Field,recover-20220922,001,1795
0.1395,0.146,26328,36645,Plecotus austriacus,0.009,0.03,-1,Echolocation,/mnt/ubna_data_02_mir/recover-20220922/UBNA_001/20220921_090000.WAV,Telephone Field,recover-20220922,001,1795
0.2065,0.2491,68437,83232,Rhinolophus ferrumequinum,0.029,0.029,-1,Echolocation,/mnt/ubna_data_02_mir/recover-20220922/UBNA_001/20220921_090000.WAV,Telephone Field,recover-20220922,001,1795
0.2465,0.2577,24609,31292,Nyctalus leisleri,0.01,0.025,-1,Echolocation,/mnt/ubna_data_02_mir/recover-20220922/UBNA_001/20220921_090000.WAV,Telephone Field,recover-20220922,001,1795
0.2555,0.266,22890,28047,Nyctalus leisleri,0.013,0.026,-1,Echolocation,/mnt/ubna_data_02_mir/recover-20220922/UBNA_001/20220921_090000.WAV,Telephone Field,recover-20220922,001,1795
0.2585,0.2972,68437,82572,Rhinolophus ferrumequinum,0.025,0.025,-1,Echolocation,/mnt/ubna_data_02_mir/recover-20220922/UBNA_001/20220921_090000.WAV,Telephone Field,recover-20220922,001,1795
0.3425,0.3776,68437,82288,Rhinolophus ferrumequinum,0.022,0.022,-1,Echolocation,/mnt/ubna_data_02_mir/recover-20220922/UBNA_001/20220921_090000.WAV,Telephone Field,recover-20220922,001,1795
0.3525,0.3894,68437,81563,Rhinolophus ferrumequinum,0.024,0.024,-1,Echolocation,/mnt/ubna_data_02_mir/recover-20220922/UBNA_001/20220921_090000.WAV,Telephone Field,recover-20220922,001,1795
0.3615,0.3972,68437,80993,Rhinolophus ferrumequinum,0.025,0.026,-1,Echolocation,/mnt/ubna_data_02_mir/recover-20220922/UBNA_001/20220921_090000.WAV,Telephone Field,recover-20220922,001,1795
0.3875,0.4248,68437,81915,Rhinolophus ferrumequinum,0.032,0.032,-1,Echolocation,/mnt/ubna_data_02_mir/recover-20220922/UBNA_001/20220921_090000.WAV,Telephone Field,recover-20220922,001,1795
0.4155,0.4261,22890,29610,Nyctalus leisleri,0.009,0.026,-1,Echolocation,/mnt/ubna_data_02_mir/recover-20220922/UBNA_001/20220921_090000.WAV,Telephone Field,recover-20220922,001,1795
0.4175,0.4558,68437,82150,Rhinolophus ferrumequinum,0.03,0.03,-1,Echolocation,/mnt/ubna_data_02_mir/recover-20220922/UBNA_001/20220921_090000.WAV,Telephone Field,recover-20220922,001,1795
0.4435,0.4841,68437,82535,Rhinolophus ferrumequinum,0.034,0.034,-1,Echolocation,/mnt/ubna_data_02_mir/recover-20220922/UBNA_001/20220921_090000.WAV,Telephone Field,recover-20220922,001,1795
0.4805,0.5186,68437,82208,Rhinolophus ferrumequinum,0.023,0.023,-1,Echolocation,/mnt/ubna_data_02_mir/recover-20220922/UBNA_001/20220921_090000.WAV,Telephone Field,recover-20220922,001,1795
0.4855,0.5237,68437,82364,Rhinolophus ferrumequinum,0.023,0.023,-1,Echolocation,/mnt/ubna_data_02_mir/recover-20220922/UBNA_001/20220921_090000.WAV,Telephone Field,recover-20220922,001,1795
0.4925,0.4986,28906,51243,Myotis nattereri,0.008,0.03,-1,Echolocation,/mnt/ubna_data_02_mir/recover-20220922/UBNA_001/20220921_090000.WAV,Telephone Field,recover-20220922,001,1795
0.4935,0.4999,24609,40589,Plecotus austriacus,0.011,0.031,-1,Echolocation,/mnt/ubna_data_02_mir/recover-20220922/UBNA_001/20220921_090000.WAV,Telephone Field,recover-20220922,001,1795
0.5475,0.555,23750,32424,Plecotus austriacus,0.012,0.025,-1,Echolocation,/mnt/ubna_data_02_mir/recover-20220922/UBNA_001/20220921_090000.WAV,Telephone Field,recover-20220922,001,1795
0.5725,0.6119,68437,82351,Rhinolophus ferrumequinum,0.022,0.022,-1,Echolocation,/mnt/ubna_data_02_mir/recover-20220922/UBNA_001/20220921_090000.WAV,Telephone Field,recover-20220922,001,1795
0.5775,0.5854,50390,57462,Pipistrellus pipistrellus,0.023,0.026,-1,Echolocation,/mnt/ubna_data_02_mir/recover-20220922/UBNA_001/20220921_090000.WAV,Telephone Field,recover-20220922,001,1795
0.5965,0.6034,28906,38284,Eptesicus serotinus,0.007,0.024,-1,Echolocation,/mnt/ubna_data_02_mir/recover-20220922/UBNA_001/20220921_090000.WAV,Telephone Field,recover-20220922,001,1795
0.5975,0.6069,35781,41001,Barbastellus barbastellus,0.006,0.023,-1,Echolocation,/mnt/ubna_data_02_mir/recover-20220922/UBNA_001/20220921_090000.WAV,Telephone Field,recover-20220922,001,1795
0.6185,0.6549,68437,81397,Rhinolophus ferrumequinum,0.021,0.022,-1,Echolocation,/mnt/ubna_data_02_mir/recover-20220922/UBNA_001/20220921_090000.WAV,Telephone Field,recover-20220922,001,1795
0.6235,0.6608,68437,82398,Rhinolophus ferrumequinum,0.022,0.022,-1,Echolocation,/mnt/ubna_data_02_mir/recover-20220922/UBNA_001/20220921_090000.WAV,Telephone Field,recover-20220922,001,1795
0.6685,0.7031,68437,81461,Rhinolophus ferrumequinum,0.022,0.022,-1,Echolocation,/mnt/ubna_data_02_mir/recover-20220922/UBNA_001/20220921_090000.WAV,Telephone Field,recover-20220922,001,1795
0.6735,0.6834,25468,32729,Eptesicus serotinus,0.011,0.026,-1,Echolocation,/mnt/ubna_data_02_mir/recover-20220922/UBNA_001/20220921_090000.WAV,Telephone Field,recover-20220922,001,1795
0.6835,0.7154,68437,80928,Rhinolophus ferrumequinum,0.022,0.023,-1,Echolocation,/mnt/ubna_data_02_mir/recover-20220922/UBNA_001/20220921_090000.WAV,Telephone Field,recover-20220922,001,1795
0.7105,0.7481,68437,82204,Rhinolophus ferrumequinum,0.021,0.021,-1,Echolocation,/mnt/ubna_data_02_mir/recover-20220922/UBNA_001/20220921_090000.WAV,Telephone Field,recover-20220922,001,1795
0.7345,0.7415,45234,52158,Pipistrellus pipistrellus,0.039,0.042,-1,Echolocation,/mnt/ubna_data_02_mir/recover-20220922/UBNA_001/20220921_090000.WAV,Telephone Field,recover-20220922,001,1795
0.7355,0.7403,38359,56689,Myotis mystacinus,0.006,0.022,-1,Echolocation,/mnt/ubna_data_02_mir/recover-20220922/UBNA_001/20220921_090000.WAV,Telephone Field,recover-20220922,001,1795
0.7495,0.7899,68437,81928,Rhinolophus ferrumequinum,0.025,0.025,-1,Echolocation,/mnt/ubna_data_02_mir/recover-20220922/UBNA_001/20220921_090000.WAV,Telephone Field,recover-20220922,001,1795
0.7595,0.7658,24609,37645,Plecotus austriacus,0.014,0.034,-1,Echolocation,/mnt/ubna_data_02_mir/recover-20220922/UBNA_001/20220921_090000.WAV,Telephone Field,recover-20220922,001,1795
0.7935,0.8012,23750,33015,Plecotus austriacus,0.009,0.022,-1,Echolocation,/mnt/ubna_data_02_mir/recover-20220922/UBNA_001/20220921_090000.WAV,Telephone Field,recover-20220922,001,1795
0.7985,0.8395,68437,83049,Rhinolophus ferrumequinum,0.043,0.043,-1,Echolocation,/mnt/ubna_data_02_mir/recover-20220922/UBNA_001/20220921_090000.WAV,Telephone Field,recover-20220922,001,1795
0.8005,0.808,23750,32418,Plecotus austriacus,0.009,0.021,-1,Echolocation,/mnt/ubna_data_02_mir/recover-20220922/UBNA_001/20220921_090000.WAV,Telephone Field,recover-20220922,001,1795
0.8325,0.8692,68437,81854,Rhinolophus ferrumequinum,0.023,0.023,-1,Echolocation,/mnt/ubna_data_02_mir/recover-20220922/UBNA_001/20220921_090000.WAV,Telephone Field,recover-20220922,001,1795
0.8615,0.9007,68437,82845,Rhinolophus ferrumequinum,0.024,0.024,-1,Echolocation,/mnt/ubna_data_02_mir/recover-20220922/UBNA_001/20220921_090000.WAV,Telephone Field,recover-20220922,001,1795
0.8805,0.9164,68437,81600,Rhinolophus ferrumequinum,0.023,0.023,-1,Echolocation,/mnt/ubna_data_02_mir/recover-20220922/UBNA_001/20220921_090000.WAV,Telephone Field,recover-20220922,001,1795
0.9145,0.9557,68437,82590,Rhinolophus ferrumequinum,0.031,0.031,-1,Echolocation,/mnt/ubna_data_02_mir/recover-20220922/UBNA_001/20220921_090000.WAV,Telephone Field,recover-20220922,001,1795
0.9555,0.9669,25468,31145,Nyctalus leisleri,0.011,0.029,-1,Echolocation,/mnt/ubna_data_02_mir/recover-20220922/UBNA_001/20220921_090000.WAV,Telephone Field,recover-20220922,001,1795
0.9995,1.0072,26328,39923,Eptesicus serotinus,0.007,0.023,-1,Echolocation,/mnt/ubna_data_02_mir/recover-20220922/UBNA_001/20220921_090000.WAV,Telephone Field,recover-20220922,001,1795
1.0015,1.0396,68437,83291,Rhinolophus ferrumequinum,0.024,0.024,-1,Echolocation,/mnt/ubna_data_02_mir/recover-20220922/UBNA_001/20220921_090000.WAV,Telephone Field,recover-20220922,001,1795
1.0165,1.0545,68437,82150,Rhinolophus ferrumequinum,0.023,0.023,-1,Echolocation,/mnt/ubna_data_02_mir/recover-20220922/UBNA_001/20220921_090000.WAV,Telephone Field,recover-20220922,001,1795
1.0235,1.0313,27187,35823,Eptesicus serotinus,0.01,0.026,-1,Echolocation,/mnt/ubna_data_02_mir/recover-20220922/UBNA_001/20220921_090000.WAV,Telephone Field,recover-20220922,001,1795
1.0745,1.0815,28906,42461,Eptesicus serotinus,0.007,0.028,-1,Echolocation,/mnt/ubna_data_02_mir/recover-20220922/UBNA_001/20220921_090000.WAV,Telephone Field,recover-20220922,001,1795
1.0855,1.1236,68437,82186,Rhinolophus ferrumequinum,0.022,0.022,-1,Echolocation,/mnt/ubna_data_02_mir/recover-20220922/UBNA_001/20220921_090000.WAV,Telephone Field,recover-20220922,001,1795
1.0955,1.1018,23750,39299,Plecotus austriacus,0.009,0.026,-1,Echolocation,/mnt/ubna_data_02_mir/recover-20220922/UBNA_001/20220921_090000.WAV,Telephone Field,recover-20220922,001,1795
1.1095,1.1453,68437,81506,Rhinolophus ferrumequinum,0.022,0.022,-1,Echolocation,/mnt/ubna_data_02_mir/recover-20220922/UBNA_001/20220921_090000.WAV,Telephone Field,recover-20220922,001,1795
1.1185,1.155,68437,81853,Rhinolophus ferrumequinum,0.023,0.023,-1,Echolocation,/mnt/ubna_data_02_mir/recover-20220922/UBNA_001/20220921_090000.WAV,Telephone Field,recover-20220922,001,1795
1.1195,1.1264,28046,41045,Eptesicus serotinus,0.006,0.021,-1,Echolocation,/mnt/ubna_data_02_mir/recover-20220922/UBNA_001/20220921_090000.WAV,Telephone Field,recover-20220922,001,1795
1.1335,1.1732,68437,83350,Rhinolophus ferrumequinum,0.024,0.024,-1,Echolocation,/mnt/ubna_data_02_mir/recover-20220922/UBNA_001/20220921_090000.WAV,Telephone Field,recover-20220922,001,1795
1.1355,1.1415,25468,40099,Plecotus austriacus,0.009,0.03,-1,Echolocation,/mnt/ubna_data_02_mir/recover-20220922/UBNA_001/20220921_090000.WAV,Telephone Field,recover-20220922,001,1795
1.1595,1.1986,68437,82601,Rhinolophus ferrumequinum,0.028,0.028,-1,Echolocation,/mnt/ubna_data_02_mir/recover-20220922/UBNA_001/20220921_090000.WAV,Telephone Field,recover-20220922,001,1795
1.1605,1.1664,24609,41527,Plecotus austriacus,0.012,0.033,-1,Echolocation,/mnt/ubna_data_02_mir/recover-20220922/UBNA_001/20220921_090000.WAV,Telephone Field,recover-20220922,001,1795
1.1775,1.2136,68437,82139,Rhinolophus ferrumequinum,0.021,0.021,-1,Echolocation,/mnt/ubna_data_02_mir/recover-20220922/UBNA_001/20220921_090000.WAV,Telephone Field,recover-20220922,001,1795
1.1915,1.1992,26328,39678,Eptesicus serotinus,0.006,0.022,-1,Echolocation,/mnt/ubna_data_02_mir/recover-20220922/UBNA_001/20220921_090000.WAV,Telephone Field,recover-20220922,001,1795
1.2045,1.2402,68437,82090,Rhinolophus ferrumequinum,0.022,0.022,-1,Echolocation,/mnt/ubna_data_02_mir/recover-20220922/UBNA_001/20220921_090000.WAV,Telephone Field,recover-20220922,001,1795
1.2345,1.2707,68437,82364,Rhinolophus ferrumequinum,0.023,0.023,-1,Echolocation,/mnt/ubna_data_02_mir/recover-20220922/UBNA_001/20220921_090000.WAV,Telephone Field,recover-20220922,001,1795
1.2485,1.286,68437,81457,Rhinolophus ferrumequinum,0.022,0.022,-1,Echolocation,/mnt/ubna_data_02_mir/recover-20220922/UBNA_001/20220921_090000.WAV,Telephone Field,recover-20220922,001,1795
1.2535,1.2624,27187,37643,Eptesicus serotinus,0.011,0.024,-1,Echolocation,/mnt/ubna_data_02_mir/recover-20220922/UBNA_001/20220921_090000.WAV,Telephone Field,recover-20220922,001,1795
1.2685,1.3035,68437,81703,Rhinolophus ferrumequinum,0.021,0.021,-1,Echolocation,/mnt/ubna_data_02_mir/recover-20220922/UBNA_001/20220921_090000.WAV,Telephone Field,recover-20220922,001,1795
1.2825,1.2902,22890,31546,Plecotus austriacus,0.011,0.028,-1,Echolocation,/mnt/ubna_data_02_mir/recover-20220922/UBNA_001/20220921_090000.WAV,Telephone Field,recover-20220922,001,1795
1.3095,1.3459,68437,81521,Rhinolophus ferrumequinum,0.022,0.022,-1,Echolocation,/mnt/ubna_data_02_mir/recover-20220922/UBNA_001/20220921_090000.WAV,Telephone Field,recover-20220922,001,1795
1.3585,1.3655,24609,39198,Plecotus austriacus,0.007,0.024,-1,Echolocation,/mnt/ubna_data_02_mir/recover-20220922/UBNA_001/20220921_090000.WAV,Telephone Field,recover-20220922,001,1795
1.3585,1.3633,38359,60799,Myotis bechsteinii,0.007,0.023,-1,Echolocation,/mnt/ubna_data_02_mir/recover-20220922/UBNA_001/20220921_090000.WAV,Telephone Field,recover-20220922,001,1795
1.3655,1.3752,30625,37661,Eptesicus serotinus,0.011,0.027,-1,Echolocation,/mnt/ubna_data_02_mir/recover-20220922/UBNA_001/20220921_090000.WAV,Telephone Field,recover-20220922,001,1795
1.3735,1.4089,68437,81456,Rhinolophus ferrumequinum,0.026,0.026,-1,Echolocation,/mnt/ubna_data_02_mir/recover-20220922/UBNA_001/20220921_090000.WAV,Telephone Field,recover-20220922,001,1795
1.4075,1.4159,26328,36458,Eptesicus serotinus,0.008,0.022,-1,Echolocation,/mnt/ubna_data_02_mir/recover-20220922/UBNA_001/20220921_090000.WAV,Telephone Field,recover-20220922,001,1795
1.4545,1.4946,68437,82077,Rhinolophus ferrumequinum,0.022,0.022,-1,Echolocation,/mnt/ubna_data_02_mir/recover-20220922/UBNA_001/20220921_090000.WAV,Telephone Field,recover-20220922,001,1795
1.4745,1.5097,68437,81063,Rhinolophus ferrumequinum,0.023,0.023,-1,Echolocation,/mnt/ubna_data_02_mir/recover-20220922/UBNA_001/20220921_090000.WAV,Telephone Field,recover-20220922,001,1795
1.4835,1.4892,24609,40584,Plecotus austriacus,0.013,0.034,-1,Echolocation,/mnt/ubna_data_02_mir/recover-20220922/UBNA_001/20220921_090000.WAV,Telephone Field,recover-20220922,001,1795
1.5115,1.5189,23750,33299,Plecotus austriacus,0.01,0.023,-1,Echolocation,/mnt/ubna_data_02_mir/recover-20220922/UBNA_001/20220921_090000.WAV,Telephone Field,recover-20220922,001,1795
1.5445,1.5541,22031,27897,Plecotus austriacus,0.008,0.024,-1,Echolocation,/mnt/ubna_data_02_mir/recover-20220922/UBNA_001/20220921_090000.WAV,Telephone Field,recover-20220922,001,1795
1.5495,1.5895,68437,82800,Rhinolophus ferrumequinum,0.025,0.025,-1,Echolocation,/mnt/ubna_data_02_mir/recover-20220922/UBNA_001/20220921_090000.WAV,Telephone Field,recover-20220922,001,1795
1.5865,1.6224,68437,81662,Rhinolophus ferrumequinum,0.022,0.022,-1,Echolocation,/mnt/ubna_data_02_mir/recover-20220922/UBNA_001/20220921_090000.WAV,Telephone Field,recover-20220922,001,1795
1.7015,1.7112,27187,38767,Eptesicus serotinus,0.01,0.023,-1,Echolocation,/mnt/ubna_data_02_mir/recover-20220922/UBNA_001/20220921_090000.WAV,Telephone Field,recover-20220922,001,1795
1.7145,1.7534,68437,82848,Rhinolophus ferrumequinum,0.024,0.024,-1,Echolocation,/mnt/ubna_data_02_mir/recover-20220922/UBNA_001/20220921_090000.WAV,Telephone Field,recover-20220922,001,1795
1.7535,1.7881,68437,81936,Rhinolophus ferrumequinum,0.024,0.024,-1,Echolocation,/mnt/ubna_data_02_mir/recover-20220922/UBNA_001/20220921_090000.WAV,Telephone Field,recover-20220922,001,1795
1.7555,1.7663,29765,36681,Eptesicus serotinus,0.01,0.022,-1,Echolocation,/mnt/ubna_data_02_mir/recover-20220922/UBNA_001/20220921_090000.WAV,Telephone Field,recover-20220922,001,1795
1.7605,1.7995,68437,81928,Rhinolophus ferrumequinum,0.029,0.029,-1,Echolocation,/mnt/ubna_data_02_mir/recover-20220922/UBNA_001/20220921_090000.WAV,Telephone Field,recover-20220922,001,1795
1.7855,1.8234,68437,81879,Rhinolophus ferrumequinum,0.023,0.023,-1,Echolocation,/mnt/ubna_data_02_mir/recover-20220922/UBNA_001/20220921_090000.WAV,Telephone Field,recover-20220922,001,1795
1.7905,1.7976,24609,33640,Plecotus austriacus,0.008,0.022,-1,Echolocation,/mnt/ubna_data_02_mir/recover-20220922/UBNA_001/20220921_090000.WAV,Telephone Field,recover-20220922,001,1795
1.8005,1.8412,68437,82312,Rhinolophus ferrumequinum,0.023,0.023,-1,Echolocation,/mnt/ubna_data_02_mir/recover-20220922/UBNA_001/20220921_090000.WAV,Telephone Field,recover-20220922,001,1795
1.8405,1.8528,44375,46966,Pipistrellus pipistrellus,0.054,0.06,-1,Echolocation,/mnt/ubna_data_02_mir/recover-20220922/UBNA_001/20220921_090000.WAV,Telephone Field,recover-20220922,001,1795
1.8425,1.8767,68437,81470,Rhinolophus ferrumequinum,0.029,0.029,-1,Echolocation,/mnt/ubna_data_02_mir/recover-20220922/UBNA_001/20220921_090000.WAV,Telephone Field,recover-20220922,001,1795
1.8435,1.8523,26328,38274,Eptesicus serotinus,0.009,0.025,-1,Echolocation,/mnt/ubna_data_02_mir/recover-20220922/UBNA_001/20220921_090000.WAV,Telephone Field,recover-20220922,001,1795
1.8885,1.9263,68437,81602,Rhinolophus ferrumequinum,0.025,0.025,-1,Echolocation,/mnt/ubna_data_02_mir/recover-20220922/UBNA_001/20220921_090000.WAV,Telephone Field,recover-20220922,001,1795
1.9165,1.9531,68437,82319,Rhinolophus ferrumequinum,0.025,0.025,-1,Echolocation,/mnt/ubna_data_02_mir/recover-20220922/UBNA_001/20220921_090000.WAV,Telephone Field,recover-20220922,001,1795
1.9245,1.9648,68437,82643,Rhinolophus ferrumequinum,0.023,0.023,-1,Echolocation,/mnt/ubna_data_02_mir/recover-20220922/UBNA_001/20220921_090000.WAV,Telephone Field,recover-20220922,001,1795
1.9265,1.9339,28046,39264,Eptesicus serotinus,0.012,0.04,-1,Echolocation,/mnt/ubna_data_02_mir/recover-20220922/UBNA_001/20220921_090000.WAV,Telephone Field,recover-20220922,001,1795
1.9505,1.9913,68437,81915,Rhinolophus ferrumequinum,0.028,0.028,-1,Echolocation,/mnt/ubna_data_02_mir/recover-20220922/UBNA_001/20220921_090000.WAV,Telephone Field,recover-20220922,001,1795
1.9575,1.9987,68437,82719,Rhinolophus ferrumequinum,0.026,0.026,-1,Echolocation,/mnt/ubna_data_02_mir/recover-20220922/UBNA_001/20220921_090000.WAV,Telephone Field,recover-20220922,001,1795
1.9595,1.969,26328,37198,Eptesicus serotinus,0.009,0.027,-1,Echolocation,/mnt/ubna_data_02_mir/recover-20220922/UBNA_001/20220921_090000.WAV,Telephone Field,recover-20220922,001,1795
1.9865,1.9938,23750,34821,Plecotus austriacus,0.008,0.024,-1,Echolocation,/mnt/ubna_data_02_mir/recover-20220922/UBNA_001/20220921_090000.WAV,Telephone Field,recover-20220922,001,1795
2.0015,2.0104,22031,28954,Nyctalus leisleri,0.011,0.034,-1,Echolocation,/mnt/ubna_data_02_mir/recover-20220922/UBNA_001/20220921_090000.WAV,Telephone Field,recover-20220922,001,1795
2.0015,2.0332,69296,80983,Rhinolophus ferrumequinum,0.032,0.032,-1,Echolocation,/mnt/ubna_data_02_mir/recover-20220922/UBNA_001/20220921_090000.WAV,Telephone Field,recover-20220922,001,1795
2.0085,2.0467,68437,81399,Rhinolophus ferrumequinum,0.02,0.02,-1,Echolocation,/mnt/ubna_data_02_mir/recover-20220922/UBNA_001/20220921_090000.WAV,Telephone Field,recover-20220922,001,1795
2.0105,2.0177,24609,32281,Plecotus austriacus,0.007,0.021,-1,Echolocation,/mnt/ubna_data_02_mir/recover-20220922/UBNA_001/20220921_090000.WAV,Telephone Field,recover-20220922,001,1795
2.0335,2.0721,68437,82046,Rhinolophus ferrumequinum,0.02,0.02,-1,Echolocation,/mnt/ubna_data_02_mir/recover-20220922/UBNA_001/20220921_090000.WAV,Telephone Field,recover-20220922,001,1795
2.0475,2.0562,25468,33901,Eptesicus serotinus,0.008,0.021,-1,Echolocation,/mnt/ubna_data_02_mir/recover-20220922/UBNA_001/20220921_090000.WAV,Telephone Field,recover-20220922,001,1795
2.0715,2.1094,68437,82792,Rhinolophus ferrumequinum,0.028,0.028,-1,Echolocation,/mnt/ubna_data_02_mir/recover-20220922/UBNA_001/20220921_090000.WAV,Telephone Field,recover-20220922,001,1795
2.0865,2.1255,68437,81699,Rhinolophus ferrumequinum,0.02,0.02,-1,Echolocation,/mnt/ubna_data_02_mir/recover-20220922/UBNA_001/20220921_090000.WAV,Telephone Field,recover-20220922,001,1795
2.1135,2.1236,22890,28828,Nyctalus leisleri,0.009,0.021,-1,Echolocation,/mnt/ubna_data_02_mir/recover-20220922/UBNA_001/20220921_090000.WAV,Telephone Field,recover-20220922,001,1795
2.1195,2.1554,68437,82202,Rhinolophus ferrumequinum,0.023,0.023,-1,Echolocation,/mnt/ubna_data_02_mir/recover-20220922/UBNA_001/20220921_090000.WAV,Telephone Field,recover-20220922,001,1795
2.1585,2.1958,68437,81717,Rhinolophus ferrumequinum,0.02,0.02,-1,Echolocation,/mnt/ubna_data_02_mir/recover-20220922/UBNA_001/20220921_090000.WAV,Telephone Field,recover-20220922,001,1795
2.2055,2.2437,68437,83031,Rhinolophus ferrumequinum,0.022,0.022,-1,Echolocation,/mnt/ubna_data_02_mir/recover-20220922/UBNA_001/20220921_090000.WAV,Telephone Field,recover-20220922,001,1795
2.2245,2.2598,68437,81054,Rhinolophus ferrumequinum,0.021,0.021,-1,Echolocation,/mnt/ubna_data_02_mir/recover-20220922/UBNA_001/20220921_090000.WAV,Telephone Field,recover-20220922,001,1795
2.2405,2.2502,22031,26861,Nyctalus leisleri,0.009,0.022,-1,Echolocation,/mnt/ubna_data_02_mir/recover-20220922/UBNA_001/20220921_090000.WAV,Telephone Field,recover-20220922,001,1795
2.2885,2.2986,23750,29464,Nyctalus leisleri,0.009,0.022,-1,Echolocation,/mnt/ubna_data_02_mir/recover-20220922/UBNA_001/20220921_090000.WAV,Telephone Field,recover-20220922,001,1795
2.2965,2.332,68437,81156,Rhinolophus ferrumequinum,0.02,0.02,-1,Echolocation,/mnt/ubna_data_02_mir/recover-20220922/UBNA_001/20220921_090000.WAV,Telephone Field,recover-20220922,001,1795
2.3165,2.3549,68437,81988,Rhinolophus ferrumequinum,0.02,0.02,-1,Echolocation,/mnt/ubna_data_02_mir/recover-20220922/UBNA_001/20220921_090000.WAV,Telephone Field,recover-20220922,001,1795
2.3345,2.3715,68437,81244,Rhinolophus ferrumequinum,0.02,0.02,-1,Echolocation,/mnt/ubna_data_02_mir/recover-20220922/UBNA_001/20220921_090000.WAV,Telephone Field,recover-20220922,001,1795
2.3615,2.3708,22890,29293,Nyctalus leisleri,0.006,0.021,-1,Echolocation,/mnt/ubna_data_02_mir/recover-20220922/UBNA_001/20220921_090000.WAV,Telephone Field,recover-20220922,001,1795
2.3735,2.3837,24609,31665,Eptesicus serotinus,0.011,0.034,-1,Echolocation,/mnt/ubna_data_02_mir/recover-20220922/UBNA_001/20220921_090000.WAV,Telephone Field,recover-20220922,001,1795
2.3885,2.4265,68437,81894,Rhinolophus ferrumequinum,0.02,0.021,-1,Echolocation,/mnt/ubna_data_02_mir/recover-20220922/UBNA_001/20220921_090000.WAV,Telephone Field,recover-20220922,001,1795
2.3995,2.4384,68437,81968,Rhinolophus ferrumequinum,0.021,0.021,-1,Echolocation,/mnt/ubna_data_02_mir/recover-20220922/UBNA_001/20220921_090000.WAV,Telephone Field,recover-20220922,001,1795
2.4405,2.4808,68437,82764,Rhinolophus ferrumequinum,0.021,0.021,-1,Echolocation,/mnt/ubna_data_02_mir/recover-20220922/UBNA_001/20220921_090000.WAV,Telephone Field,recover-20220922,001,1795
2.4505,2.4886,68437,82694,Rhinolophus ferrumequinum,0.022,0.022,-1,Echolocation,/mnt/ubna_data_02_mir/recover-20220922/UBNA_001/20220921_090000.WAV,Telephone Field,recover-20220922,001,1795
2.4805,2.5214,68437,83041,Rhinolophus ferrumequinum,0.023,0.023,-1,Echolocation,/mnt/ubna_data_02_mir/recover-20220922/UBNA_001/20220921_090000.WAV,Telephone Field,recover-20220922,001,1795
2.5175,2.5577,68437,82125,Rhinolophus ferrumequinum,0.024,0.024,-1,Echolocation,/mnt/ubna_data_02_mir/recover-20220922/UBNA_001/20220921_090000.WAV,Telephone Field,recover-20220922,001,1795
2.5275,2.5705,68437,82979,Rhinolophus ferrumequinum,0.025,0.025,-1,Echolocation,/mnt/ubna_data_02_mir/recover-20220922/UBNA_001/20220921_090000.WAV,Telephone Field,recover-20220922,001,1795
2.5595,2.5668,23750,32601,Plecotus austriacus,0.011,0.025,-1,Echolocation,/mnt/ubna_data_02_mir/recover-20220922/UBNA_001/20220921_090000.WAV,Telephone Field,recover-20220922,001,1795
2.5595,2.6001,68437,82481,Rhinolophus ferrumequinum,0.024,0.024,-1,Echolocation,/mnt/ubna_data_02_mir/recover-20220922/UBNA_001/20220921_090000.WAV,Telephone Field,recover-20220922,001,1795
2.5785,2.6139,68437,81165,Rhinolophus ferrumequinum,0.023,0.023,-1,Echolocation,/mnt/ubna_data_02_mir/recover-20220922/UBNA_001/20220921_090000.WAV,Telephone Field,recover-20220922,001,1795
2.5945,2.6026,28046,36986,Eptesicus serotinus,0.008,0.021,-1,Echolocation,/mnt/ubna_data_02_mir/recover-20220922/UBNA_001/20220921_090000.WAV,Telephone Field,recover-20220922,001,1795
2.6175,2.6586,68437,82473,Rhinolophus ferrumequinum,0.025,0.025,-1,Echolocation,/mnt/ubna_data_02_mir/recover-20220922/UBNA_001/20220921_090000.WAV,Telephone Field,recover-20220922,001,1795
2.6665,2.7063,68437,82048,Rhinolophus ferrumequinum,0.022,0.022,-1,Echolocation,/mnt/ubna_data_02_mir/recover-20220922/UBNA_001/20220921_090000.WAV,Telephone Field,recover-20220922,001,1795
2.6705,2.6781,28046,41338,Eptesicus serotinus,0.008,0.022,-1,Echolocation,/mnt/ubna_data_02_mir/recover-20220922/UBNA_001/20220921_090000.WAV,Telephone Field,recover-20220922,001,1795
2.7005,2.7072,28046,40159,Eptesicus serotinus,0.006,0.022,-1,Echolocation,/mnt/ubna_data_02_mir/recover-20220922/UBNA_001/20220921_090000.WAV,Telephone Field,recover-20220922,001,1795
2.7075,2.7493,68437,82823,Rhinolophus ferrumequinum,0.026,0.026,-1,Echolocation,/mnt/ubna_data_02_mir/recover-20220922/UBNA_001/20220921_090000.WAV,Telephone Field,recover-20220922,001,1795
2.7425,2.7524,22031,27372,Nyctalus leisleri,0.008,0.02,-1,Echolocation,/mnt/ubna_data_02_mir/recover-20220922/UBNA_001/20220921_090000.WAV,Telephone Field,recover-20220922,001,1795
2.7515,2.7917,68437,81735,Rhinolophus ferrumequinum,0.022,0.022,-1,Echolocation,/mnt/ubna_data_02_mir/recover-20220922/UBNA_001/20220921_090000.WAV,Telephone Field,recover-20220922,001,1795
2.7625,2.8015,68437,82144,Rhinolophus ferrumequinum,0.02,0.02,-1,Echolocation,/mnt/ubna_data_02_mir/recover-20220922/UBNA_001/20220921_090000.WAV,Telephone Field,recover-20220922,001,1795
2.7765,2.7857,14296,23903,Nyctalus noctula,0.008,0.019,-1,Echolocation,/mnt/ubna_data_02_mir/recover-20220922/UBNA_001/20220921_090000.WAV,Telephone Field,recover-20220922,001,1795
2.8135,2.854,68437,83050,Rhinolophus ferrumequinum,0.027,0.027,-1,Echolocation,/mnt/ubna_data_02_mir/recover-20220922/UBNA_001/20220921_090000.WAV,Telephone Field,recover-20220922,001,1795
2.8145,2.8218,28046,39780,Eptesicus serotinus,0.006,0.021,-1,Echolocation,/mnt/ubna_data_02_mir/recover-20220922/UBNA_001/20220921_090000.WAV,Telephone Field,recover-20220922,001,1795
2.8655,2.9052,68437,81950,Rhinolophus ferrumequinum,0.021,0.021,-1,Echolocation,/mnt/ubna_data_02_mir/recover-20220922/UBNA_001/20220921_090000.WAV,Telephone Field,recover-20220922,001,1795
2.8745,2.9138,68437,82581,Rhinolophus ferrumequinum,0.03,0.03,-1,Echolocation,/mnt/ubna_data_02_mir/recover-20220922/UBNA_001/20220921_090000.WAV,Telephone Field,recover-20220922,001,1795
2.8995,2.907,27187,38336,Eptesicus serotinus,0.009,0.023,-1,Echolocation,/mnt/ubna_data_02_mir/recover-20220922/UBNA_001/20220921_090000.WAV,Telephone Field,recover-20220922,001,1795
2.9245,2.9611,68437,81672,Rhinolophus ferrumequinum,0.021,0.021,-1,Echolocation,/mnt/ubna_data_02_mir/recover-20220922/UBNA_001/20220921_090000.WAV,Telephone Field,recover-20220922,001,1795
2.9285,2.9357,23750,32526,Plecotus austriacus,0.009,0.022,-1,Echolocation,/mnt/ubna_data_02_mir/recover-20220922/UBNA_001/20220921_090000.WAV,Telephone Field,recover-20220922,001,1795
2.9525,2.9611,23750,31227,Plecotus austriacus,0.007,0.021,-1,Echolocation,/mnt/ubna_data_02_mir/recover-20220922/UBNA_001/20220921_090000.WAV,Telephone Field,recover-20220922,001,1795
2.9745,3.0119,68437,81426,Rhinolophus ferrumequinum,0.019,0.02,-1,Echolocation,/mnt/ubna_data_02_mir/recover-20220922/UBNA_001/20220921_090000.WAV,Telephone Field,recover-20220922,001,1795
3.0285,3.039,22890,27599,Nyctalus leisleri,0.01,0.02,-1,Echolocation,/mnt/ubna_data_02_mir/recover-20220922/UBNA_001/20220921_090000.WAV,Telephone Field,recover-20220922,001,1795
3.0285,3.0649,68437,81464,Rhinolophus ferrumequinum,0.021,0.021,-1,Echolocation,/mnt/ubna_data_02_mir/recover-20220922/UBNA_001/20220921_090000.WAV,Telephone Field,recover-20220922,001,1795
3.0445,3.0548,24609,32545,Nyctalus leisleri,0.009,0.029,-1,Echolocation,/mnt/ubna_data_02_mir/recover-20220922/UBNA_001/20220921_090000.WAV,Telephone Field,recover-20220922,001,1795
3.0545,3.0975,68437,82811,Rhinolophus ferrumequinum,0.025,0.025,-1,Echolocation,/mnt/ubna_data_02_mir/recover-20220922/UBNA_001/20220921_090000.WAV,Telephone Field,recover-20220922,001,1795
3.0905,3.0986,27187,35986,Eptesicus serotinus,0.009,0.023,-1,Echolocation,/mnt/ubna_data_02_mir/recover-20220922/UBNA_001/20220921_090000.WAV,Telephone Field,recover-20220922,001,1795
3.1095,3.1163,25468,35843,Plecotus auritus,0.015,0.038,-1,Echolocation,/mnt/ubna_data_02_mir/recover-20220922/UBNA_001/20220921_090000.WAV,Telephone Field,recover-20220922,001,1795
3.1535,3.1939,68437,82295,Rhinolophus ferrumequinum,0.02,0.021,-1,Echolocation,/mnt/ubna_data_02_mir/recover-20220922/UBNA_001/20220921_090000.WAV,Telephone Field,recover-20220922,001,1795
3.1565,3.1638,27187,35883,Eptesicus serotinus,0.007,0.021,-1,Echolocation,/mnt/ubna_data_02_mir/recover-20220922/UBNA_001/20220921_090000.WAV,Telephone Field,recover-20220922,001,1795
3.1915,3.2313,68437,82900,Rhinolophus ferrumequinum,0.023,0.023,-1,Echolocation,/mnt/ubna_data_02_mir/recover-20220922/UBNA_001/20220921_090000.WAV,Telephone Field,recover-20220922,001,1795
3.1925,3.1996,28046,39479,Eptesicus serotinus,0.005,0.02,-1,Echolocation,/mnt/ubna_data_02_mir/recover-20220922/UBNA_001/20220921_090000.WAV,Telephone Field,recover-20220922,001,1795
3.2065,3.217,23750,28568,Nyctalus leisleri,0.009,0.019,-1,Echolocation,/mnt/ubna_data_02_mir/recover-20220922/UBNA_001/20220921_090000.WAV,Telephone Field,recover-20220922,001,1795
3.2155,3.2549,68437,82325,Rhinolophus ferrumequinum,0.022,0.022,-1,Echolocation,/mnt/ubna_data_02_mir/recover-20220922/UBNA_001/20220921_090000.WAV,Telephone Field,recover-20220922,001,1795
3.2445,3.281,68437,81852,Rhinolophus ferrumequinum,0.02,0.02,-1,Echolocation,/mnt/ubna_data_02_mir/recover-20220922/UBNA_001/20220921_090000.WAV,Telephone Field,recover-20220922,001,1795
3.3105,3.318,23750,31795,Plecotus austriacus,0.008,0.019,-1,Echolocation,/mnt/ubna_data_02_mir/recover-20220922/UBNA_001/20220921_090000.WAV,Telephone Field,recover-20220922,001,1795
3.3345,3.3706,68437,81684,Rhinolophus ferrumequinum,0.022,0.022,-1,Echolocation,/mnt/ubna_data_02_mir/recover-20220922/UBNA_001/20220921_090000.WAV,Telephone Field,recover-20220922,001,1795
3.3515,3.3588,24609,32614,Plecotus auritus,0.005,0.019,-1,Echolocation,/mnt/ubna_data_02_mir/recover-20220922/UBNA_001/20220921_090000.WAV,Telephone Field,recover-20220922,001,1795
3.3755,3.4174,68437,83114,Rhinolophus ferrumequinum,0.035,0.035,-1,Echolocation,/mnt/ubna_data_02_mir/recover-20220922/UBNA_001/20220921_090000.WAV,Telephone Field,recover-20220922,001,1795
3.4085,3.4516,68437,83243,Rhinolophus ferrumequinum,0.027,0.027,-1,Echolocation,/mnt/ubna_data_02_mir/recover-20220922/UBNA_001/20220921_090000.WAV,Telephone Field,recover-20220922,001,1795
3.4215,3.4629,68437,82754,Rhinolophus ferrumequinum,0.025,0.025,-1,Echolocation,/mnt/ubna_data_02_mir/recover-20220922/UBNA_001/20220921_090000.WAV,Telephone Field,recover-20220922,001,1795
3.4245,3.4377,23750,28894,Nyctalus leisleri,0.015,0.033,-1,Echolocation,/mnt/ubna_data_02_mir/recover-20220922/UBNA_001/20220921_090000.WAV,Telephone Field,recover-20220922,001,1795
3.4585,3.4992,68437,83378,Rhinolophus ferrumequinum,0.027,0.027,-1,Echolocation,/mnt/ubna_data_02_mir/recover-20220922/UBNA_001/20220921_090000.WAV,Telephone Field,recover-20220922,001,1795
3.4975,3.5034,27187,37030,Plecotus auritus,0.008,0.025,-1,Echolocation,/mnt/ubna_data_02_mir/recover-20220922/UBNA_001/20220921_090000.WAV,Telephone Field,recover-20220922,001,1795
3.5175,3.5601,68437,82931,Rhinolophus ferrumequinum,0.023,0.023,-1,Echolocation,/mnt/ubna_data_02_mir/recover-20220922/UBNA_001/20220921_090000.WAV,Telephone Field,recover-20220922,001,1795
3.5445,3.5519,28046,38627,Eptesicus serotinus,0.006,0.02,-1,Echolocation,/mnt/ubna_data_02_mir/recover-20220922/UBNA_001/20220921_090000.WAV,Telephone Field,recover-20220922,001,1795
3.5575,3.599,68437,82578,Rhinolophus ferrumequinum,0.023,0.023,-1,Echolocation,/mnt/ubna_data_02_mir/recover-20220922/UBNA_001/20220921_090000.WAV,Telephone Field,recover-20220922,001,1795
3.5625,3.5726,24609,31547,Nyctalus leisleri,0.008,0.023,-1,Echolocation,/mnt/ubna_data_02_mir/recover-20220922/UBNA_001/20220921_090000.WAV,Telephone Field,recover-20220922,001,1795
3.5825,3.5918,27187,37165,Eptesicus serotinus,0.008,0.02,-1,Echolocation,/mnt/ubna_data_02_mir/recover-20220922/UBNA_001/20220921_090000.WAV,Telephone Field,recover-20220922,001,1795
3.5925,3.6016,27187,35158,Eptesicus serotinus,0.009,0.023,-1,Echolocation,/mnt/ubna_data_02_mir/recover-20220922/UBNA_001/20220921_090000.WAV,Telephone Field,recover-20220922,001,1795
3.6585,3.6696,40078,43835,Pipistrellus nathusii,0.012,0.021,-1,Echolocation,/mnt/ubna_data_02_mir/recover-20220922/UBNA_001/20220921_090000.WAV,Telephone Field,recover-20220922,001,1795
3.6755,3.7121,68437,82702,Rhinolophus ferrumequinum,0.022,0.022,-1,Echolocation,/mnt/ubna_data_02_mir/recover-20220922/UBNA_001/20220921_090000.WAV,Telephone Field,recover-20220922,001,1795
3.7055,3.713,28046,39812,Eptesicus serotinus,0.006,0.02,-1,Echolocation,/mnt/ubna_data_02_mir/recover-20220922/UBNA_001/20220921_090000.WAV,Telephone Field,recover-20220922,001,1795
3.7065,3.7161,22890,29472,Nyctalus leisleri,0.008,0.023,-1,Echolocation,/mnt/ubna_data_02_mir/recover-20220922/UBNA_001/20220921_090000.WAV,Telephone Field,recover-20220922,001,1795
3.7225,3.7626,68437,82380,Rhinolophus ferrumequinum,0.019,0.02,-1,Echolocation,/mnt/ubna_data_02_mir/recover-20220922/UBNA_001/20220921_090000.WAV,Telephone Field,recover-20220922,001,1795
3.7275,3.735,23750,32307,Plecotus austriacus,0.009,0.024,-1,Echolocation,/mnt/ubna_data_02_mir/recover-20220922/UBNA_001/20220921_090000.WAV,Telephone Field,recover-20220922,001,1795
3.7585,3.7982,68437,82617,Rhinolophus ferrumequinum,0.02,0.021,-1,Echolocation,/mnt/ubna_data_02_mir/recover-20220922/UBNA_001/20220921_090000.WAV,Telephone Field,recover-20220922,001,1795
3.7705,3.7893,20312,23003,Nyctalus leisleri,0.015,0.026,-1,Echolocation,/mnt/ubna_data_02_mir/recover-20220922/UBNA_001/20220921_090000.WAV,Telephone Field,recover-20220922,001,1795
3.7725,3.8107,68437,81808,Rhinolophus ferrumequinum,0.02,0.02,-1,Echolocation,/mnt/ubna_data_02_mir/recover-20220922/UBNA_001/20220921_090000.WAV,Telephone Field,recover-20220922,001,1795
3.7855,3.8246,68437,82421,Rhinolophus ferrumequinum,0.02,0.02,-1,Echolocation,/mnt/ubna_data_02_mir/recover-20220922/UBNA_001/20220921_090000.WAV,Telephone Field,recover-20220922,001,1795
3.7935,3.8007,27187,36069,Eptesicus serotinus,0.006,0.023,-1,Echolocation,/mnt/ubna_data_02_mir/recover-20220922/UBNA_001/20220921_090000.WAV,Telephone Field,recover-20220922,001,1795
3.8075,3.8144,28046,40003,Eptesicus serotinus,0.006,0.02,-1,Echolocation,/mnt/ubna_data_02_mir/recover-20220922/UBNA_001/20220921_090000.WAV,Telephone Field,recover-20220922,001,1795
3.8355,3.8746,68437,82321,Rhinolophus ferrumequinum,0.023,0.023,-1,Echolocation,/mnt/ubna_data_02_mir/recover-20220922/UBNA_001/20220921_090000.WAV,Telephone Field,recover-20220922,001,1795
3.8405,3.8477,28046,42254,Eptesicus serotinus,0.008,0.026,-1,Echolocation,/mnt/ubna_data_02_mir/recover-20220922/UBNA_001/20220921_090000.WAV,Telephone Field,recover-20220922,001,1795
3.8765,3.9106,68437,80303,Rhinolophus ferrumequinum,0.02,0.02,-1,Echolocation,/mnt/ubna_data_02_mir/recover-20220922/UBNA_001/20220921_090000.WAV,Telephone Field,recover-20220922,001,1795
3.9025,3.9113,25468,32875,Eptesicus serotinus,0.007,0.022,-1,Echolocation,/mnt/ubna_data_02_mir/recover-20220922/UBNA_001/20220921_090000.WAV,Telephone Field,recover-20220922,001,1795
3.9285,3.9658,68437,82078,Rhinolophus ferrumequinum,0.019,0.02,-1,Echolocation,/mnt/ubna_data_02_mir/recover-20220922/UBNA_001/20220921_090000.WAV,Telephone Field,recover-20220922,001,1795
3.9455,3.9558,22890,27569,Nyctalus leisleri,0.009,0.02,-1,Echolocation,/mnt/ubna_data_02_mir/recover-20220922/UBNA_001/20220921_090000.WAV,Telephone Field,recover-20220922,001,1795
4.0015,4.009,31484,44820,Myotis daubentonii,0.013,0.027,-1,Echolocation,/mnt/ubna_data_02_mir/recover-20220922/UBNA_001/20220921_090000.WAV,Telephone Field,recover-20220922,001,1795
4.0015,4.015,16875,23523,Nyctalus noctula,0.009,0.021,-1,Echolocation,/mnt/ubna_data_02_mir/recover-20220922/UBNA_001/20220921_090000.WAV,Telephone Field,recover-20220922,001,1795
4.0015,4.0088,24609,39617,Myotis nattereri,0.007,0.026,-1,Echolocation,/mnt/ubna_data_02_mir/recover-20220922/UBNA_001/20220921_090000.WAV,Telephone Field,recover-20220922,001,1795
4.0015,4.0332,68437,79566,Rhinolophus ferrumequinum,0.028,0.029,-1,Echolocation,/mnt/ubna_data_02_mir/recover-20220922/UBNA_001/20220921_090000.WAV,Telephone Field,recover-20220922,001,1795
4.0155,4.0558,68437,83057,Rhinolophus ferrumequinum,0.025,0.025,-1,Echolocation,/mnt/ubna_data_02_mir/recover-20220922/UBNA_001/20220921_090000.WAV,Telephone Field,recover-20220922,001,1795
4.0925,4.1034,23750,30531,Nyctalus leisleri,0.01,0.027,-1,Echolocation,/mnt/ubna_data_02_mir/recover-20220922/UBNA_001/20220921_090000.WAV,Telephone Field,recover-20220922,001,1795
4.0945,4.1282,68437,81530,Rhinolophus ferrumequinum,0.023,0.023,-1,Echolocation,/mnt/ubna_data_02_mir/recover-20220922/UBNA_001/20220921_090000.WAV,Telephone Field,recover-20220922,001,1795
4.1205,4.1265,23750,33341,Plecotus austriacus,0.014,0.03,-1,Echolocation,/mnt/ubna_data_02_mir/recover-20220922/UBNA_001/20220921_090000.WAV,Telephone Field,recover-20220922,001,1795
4.1505,4.1578,27187,40686,Eptesicus serotinus,0.006,0.022,-1,Echolocation,/mnt/ubna_data_02_mir/recover-20220922/UBNA_001/20220921_090000.WAV,Telephone Field,recover-20220922,001,1795
4.1975,4.2373,68437,82479,Rhinolophus ferrumequinum,0.022,0.022,-1,Echolocation,/mnt/ubna_data_02_mir/recover-20220922/UBNA_001/20220921_090000.WAV,Telephone Field,recover-20220922,001,1795
4.2265,4.235,27187,39379,Eptesicus serotinus,0.008,0.021,-1,Echolocation,/mnt/ubna_data_02_mir/recover-20220922/UBNA_001/20220921_090000.WAV,Telephone Field,recover-20220922,001,1795
4.2285,4.2664,68437,81757,Rhinolophus ferrumequinum,0.023,0.023,-1,Echolocation,/mnt/ubna_data_02_mir/recover-20220922/UBNA_001/20220921_090000.WAV,Telephone Field,recover-20220922,001,1795
4.2825,4.2911,28046,36983,Eptesicus serotinus,0.007,0.02,-1,Echolocation,/mnt/ubna_data_02_mir/recover-20220922/UBNA_001/20220921_090000.WAV,Telephone Field,recover-20220922,001,1795
4.2945,4.3266,68437,81523,Rhinolophus ferrumequinum,0.021,0.021,-1,Echolocation,/mnt/ubna_data_02_mir/recover-20220922/UBNA_001/20220921_090000.WAV,Telephone Field,recover-20220922,001,1795
4.3035,4.3097,35781,43635,Myotis daubentonii,0.013,0.034,-1,Echolocation,/mnt/ubna_data_02_mir/recover-20220922/UBNA_001/20220921_090000.WAV,Telephone Field,recover-20220922,001,1795
4.3035,4.3103,27187,44810,Eptesicus serotinus,0.008,0.024,-1,Echolocation,/mnt/ubna_data_02_mir/recover-20220922/UBNA_001/20220921_090000.WAV,Telephone Field,recover-20220922,001,1795
4.3115,4.3507,68437,81974,Rhinolophus ferrumequinum,0.02,0.02,-1,Echolocation,/mnt/ubna_data_02_mir/recover-20220922/UBNA_001/20220921_090000.WAV,Telephone Field,recover-20220922,001,1795
4.3325,4.37,68437,81838,Rhinolophus ferrumequinum,0.02,0.02,-1,Echolocation,/mnt/ubna_data_02_mir/recover-20220922/UBNA_001/20220921_090000.WAV,Telephone Field,recover-20220922,001,1795
4.3515,4.3893,68437,81782,Rhinolophus ferrumequinum,0.021,0.021,-1,Echolocation,/mnt/ubna_data_02_mir/recover-20220922/UBNA_001/20220921_090000.WAV,Telephone Field,recover-20220922,001,1795
4.3575,4.3648,28046,40896,Eptesicus serotinus,0.007,0.021,-1,Echolocation,/mnt/ubna_data_02_mir/recover-20220922/UBNA_001/20220921_090000.WAV,Telephone Field,recover-20220922,001,1795
4.4255,4.4616,68437,82060,Rhinolophus ferrumequinum,0.02,0.02,-1,Echolocation,/mnt/ubna_data_02_mir/recover-20220922/UBNA_001/20220921_090000.WAV,Telephone Field,recover-20220922,001,1795
4.4355,4.4441,22890,30035,Plecotus austriacus,0.007,0.021,-1,Echolocation,/mnt/ubna_data_02_mir/recover-20220922/UBNA_001/20220921_090000.WAV,Telephone Field,recover-20220922,001,1795
4.4695,4.4792,28046,36295,Eptesicus serotinus,0.009,0.022,-1,Echolocation,/mnt/ubna_data_02_mir/recover-20220922/UBNA_001/20220921_090000.WAV,Telephone Field,recover-20220922,001,1795
4.4845,4.4928,24609,33299,Plecotus austriacus,0.01,0.029,-1,Echolocation,/mnt/ubna_data_02_mir/recover-20220922/UBNA_001/20220921_090000.WAV,Telephone Field,recover-20220922,001,1795
4.4995,4.536,68437,81946,Rhinolophus ferrumequinum,0.022,0.022,-1,Echolocation,/mnt/ubna_data_02_mir/recover-20220922/UBNA_001/20220921_090000.WAV,Telephone Field,recover-20220922,001,1795
4.5135,4.5238,23750,29759,Nyctalus leisleri,0.009,0.022,-1,Echolocation,/mnt/ubna_data_02_mir/recover-20220922/UBNA_001/20220921_090000.WAV,Telephone Field,recover-20220922,001,1795
4.5185,4.5553,68437,82513,Rhinolophus ferrumequinum,0.021,0.021,-1,Echolocation,/mnt/ubna_data_02_mir/recover-20220922/UBNA_001/20220921_090000.WAV,Telephone Field,recover-20220922,001,1795
4.5445,4.5843,68437,82192,Rhinolophus ferrumequinum,0.022,0.022,-1,Echolocation,/mnt/ubna_data_02_mir/recover-20220922/UBNA_001/20220921_090000.WAV,Telephone Field,recover-20220922,001,1795
4.5525,4.5624,27187,34616,Eptesicus serotinus,0.009,0.02,-1,Echolocation,/mnt/ubna_data_02_mir/recover-20220922/UBNA_001/20220921_090000.WAV,Telephone Field,recover-20220922,001,1795
4.5655,4.5765,23750,30369,Nyctalus leisleri,0.008,0.021,-1,Echolocation,/mnt/ubna_data_02_mir/recover-20220922/UBNA_001/20220921_090000.WAV,Telephone Field,recover-20220922,001,1795
4.5685,4.6042,68437,81306,Rhinolophus ferrumequinum,0.023,0.023,-1,Echolocation,/mnt/ubna_data_02_mir/recover-20220922/UBNA_001/20220921_090000.WAV,Telephone Field,recover-20220922,001,1795
4.5705,4.5808,26328,34317,Eptesicus serotinus,0.009,0.022,-1,Echolocation,/mnt/ubna_data_02_mir/recover-20220922/UBNA_001/20220921_090000.WAV,Telephone Field,recover-20220922,001,1795
4.5855,4.5927,28046,39301,Eptesicus serotinus,0.006,0.021,-1,Echolocation,/mnt/ubna_data_02_mir/recover-20220922/UBNA_001/20220921_090000.WAV,Telephone Field,recover-20220922,001,1795
4.6115,4.6495,68437,81738,Rhinolophus ferrumequinum,0.022,0.022,-1,Echolocation,/mnt/ubna_data_02_mir/recover-20220922/UBNA_001/20220921_090000.WAV,Telephone Field,recover-20220922,001,1795
4.6325,4.6698,68437,81595,Rhinolophus ferrumequinum,0.02,0.02,-1,Echolocation,/mnt/ubna_data_02_mir/recover-20220922/UBNA_001/20220921_090000.WAV,Telephone Field,recover-20220922,001,1795
4.6345,4.6459,22890,28123,Nyctalus leisleri,0.01,0.021,-1,Echolocation,/mnt/ubna_data_02_mir/recover-20220922/UBNA_001/20220921_090000.WAV,Telephone Field,recover-20220922,001,1795
4.6665,4.7086,68437,82645,Rhinolophus ferrumequinum,0.028,0.028,-1,Echolocation,/mnt/ubna_data_02_mir/recover-20220922/UBNA_001/20220921_090000.WAV,Telephone Field,recover-20220922,001,1795
4.7135,4.7491,68437,81803,Rhinolophus ferrumequinum,0.024,0.024,-1,Echolocation,/mnt/ubna_data_02_mir/recover-20220922/UBNA_001/20220921_090000.WAV,Telephone Field,recover-20220922,001,1795
4.7505,4.7879,68437,82523,Rhinolophus ferrumequinum,0.02,0.02,-1,Echolocation,/mnt/ubna_data_02_mir/recover-20220922/UBNA_001/20220921_090000.WAV,Telephone Field,recover-20220922,001,1795
4.7595,4.7994,68437,82635,Rhinolophus ferrumequinum,0.022,0.022,-1,Echolocation,/mnt/ubna_data_02_mir/recover-20220922/UBNA_001/20220921_090000.WAV,Telephone Field,recover-20220922,001,1795
4.7765,4.8108,68437,82120,Rhinolophus ferrumequinum,0.029,0.029,-1,Echolocation,/mnt/ubna_data_02_mir/recover-20220922/UBNA_001/20220921_090000.WAV,Telephone Field,recover-20220922,001,1795
4.7775,4.7846,27187,38058,Eptesicus serotinus,0.008,0.026,-1,Echolocation,/mnt/ubna_data_02_mir/recover-20220922/UBNA_001/20220921_090000.WAV,Telephone Field,recover-20220922,001,1795
4.8005,4.8391,68437,82267,Rhinolophus ferrumequinum,0.022,0.022,-1,Echolocation,/mnt/ubna_data_02_mir/recover-20220922/UBNA_001/20220921_090000.WAV,Telephone Field,recover-20220922,001,1795
4.8285,4.835,24609,36546,Plecotus austriacus,0.007,0.023,-1,Echolocation,/mnt/ubna_data_02_mir/recover-20220922/UBNA_001/20220921_090000.WAV,Telephone Field,recover-20220922,001,1795
4.8825,4.921,68437,82480,Rhinolophus ferrumequinum,0.022,0.022,-1,Echolocation,/mnt/ubna_data_02_mir/recover-20220922/UBNA_001/20220921_090000.WAV,Telephone Field,recover-20220922,001,1795
4.8835,4.8912,37500,50397,Myotis brandtii,0.007,0.023,-1,Echolocation,/mnt/ubna_data_02_mir/recover-20220922/UBNA_001/20220921_090000.WAV,Telephone Field,recover-20220922,001,1795
4.8945,4.9295,68437,82169,Rhinolophus ferrumequinum,0.02,0.02,-1,Echolocation,/mnt/ubna_data_02_mir/recover-20220922/UBNA_001/20220921_090000.WAV,Telephone Field,recover-20220922,001,1795
4.9195,4.9293,28046,36624,Eptesicus serotinus,0.01,0.024,-1,Echolocation,/mnt/ubna_data_02_mir/recover-20220922/UBNA_001/20220921_090000.WAV,Telephone Field,recover-20220922,001,1795
4.9355,4.9737,68437,81443,Rhinolophus ferrumequinum,0.022,0.022,-1,Echolocation,/mnt/ubna_data_02_mir/recover-20220922/UBNA_001/20220921_090000.WAV,Telephone Field,recover-20220922,001,1795
5.0065,5.0151,27187,38500,Eptesicus serotinus,0.008,0.02,-1,Echolocation,/mnt/ubna_data_02_mir/recover-20220922/UBNA_001/20220921_090000.WAV,Telephone Field,recover-20220922,001,1795
5.0315,5.0391,27187,40931,Eptesicus serotinus,0.008,0.022,-1,Echolocation,/mnt/ubna_data_02_mir/recover-20220922/UBNA_001/20220921_090000.WAV,Telephone Field,recover-20220922,001,1795
5.0585,5.0649,28046,39557,Eptesicus serotinus,0.008,0.027,-1,Echolocation,/mnt/ubna_data_02_mir/recover-20220922/UBNA_001/20220921_090000.WAV,Telephone Field,recover-20220922,001,1795
5.0675,5.1067,68437,82486,Rhinolophus ferrumequinum,0.031,0.031,-1,Echolocation,/mnt/ubna_data_02_mir/recover-20220922/UBNA_001/20220921_090000.WAV,Telephone Field,recover-20220922,001,1795
5.0815,5.089,28046,39663,Eptesicus serotinus,0.007,0.022,-1,Echolocation,/mnt/ubna_data_02_mir/recover-20220922/UBNA_001/20220921_090000.WAV,Telephone Field,recover-20220922,001,1795
5.1335,5.143,42656,51753,Pipistrellus nathusii,0.007,0.023,-1,Echolocation,/mnt/ubna_data_02_mir/recover-20220922/UBNA_001/20220921_090000.WAV,Telephone Field,recover-20220922,001,1795
5.1355,5.1759,68437,82724,Rhinolophus ferrumequinum,0.022,0.022,-1,Echolocation,/mnt/ubna_data_02_mir/recover-20220922/UBNA_001/20220921_090000.WAV,Telephone Field,recover-20220922,001,1795
5.1375,5.1439,27187,42418,Eptesicus serotinus,0.006,0.024,-1,Echolocation,/mnt/ubna_data_02_mir/recover-20220922/UBNA_001/20220921_090000.WAV,Telephone Field,recover-20220922,001,1795
5.1375,5.1432,32343,46663,Myotis daubentonii,0.011,0.022,-1,Echolocation,/mnt/ubna_data_02_mir/recover-20220922/UBNA_001/20220921_090000.WAV,Telephone Field,recover-20220922,001,1795
5.1605,5.1705,28046,37499,Eptesicus serotinus,0.01,0.023,-1,Echolocation,/mnt/ubna_data_02_mir/recover-20220922/UBNA_001/20220921_090000.WAV,Telephone Field,recover-20220922,001,1795
5.1655,5.1754,28046,38201,Eptesicus serotinus,0.009,0.023,-1,Echolocation,/mnt/ubna_data_02_mir/recover-20220922/UBNA_001/20220921_090000.WAV,Telephone Field,recover-20220922,001,1795
5.1905,5.2261,68437,81776,Rhinolophus ferrumequinum,0.021,0.021,-1,Echolocation,/mnt/ubna_data_02_mir/recover-20220922/UBNA_001/20220921_090000.WAV,Telephone Field,recover-20220922,001,1795
5.2045,5.2447,68437,82035,Rhinolophus ferrumequinum,0.022,0.023,-1,Echolocation,/mnt/ubna_data_02_mir/recover-20220922/UBNA_001/20220921_090000.WAV,Telephone Field,recover-20220922,001,1795
5.2145,5.2253,22890,28116,Nyctalus leisleri,0.01,0.021,-1,Echolocation,/mnt/ubna_data_02_mir/recover-20220922/UBNA_001/20220921_090000.WAV,Telephone Field,recover-20220922,001,1795
5.2295,5.2621,68437,80689,Rhinolophus ferrumequinum,0.02,0.02,-1,Echolocation,/mnt/ubna_data_02_mir/recover-20220922/UBNA_001/20220921_090000.WAV,Telephone Field,recover-20220922,001,1795
5.2495,5.2884,68437,82321,Rhinolophus ferrumequinum,0.024,0.024,-1,Echolocation,/mnt/ubna_data_02_mir/recover-20220922/UBNA_001/20220921_090000.WAV,Telephone Field,recover-20220922,001,1795
5.2575,5.267,23750,29964,Nyctalus leisleri,0.007,0.021,-1,Echolocation,/mnt/ubna_data_02_mir/recover-20220922/UBNA_001/20220921_090000.WAV,Telephone Field,recover-20220922,001,1795
5.2825,5.3204,68437,82434,Rhinolophus ferrumequinum,0.02,0.02,-1,Echolocation,/mnt/ubna_data_02_mir/recover-20220922/UBNA_001/20220921_090000.WAV,Telephone Field,recover-20220922,001,1795
5.2935,5.3323,68437,81816,Rhinolophus ferrumequinum,0.022,0.022,-1,Echolocation,/mnt/ubna_data_02_mir/recover-20220922/UBNA_001/20220921_090000.WAV,Telephone Field,recover-20220922,001,1795
5.3125,5.3214,51250,55248,Pipistrellus pygmaeus,0.015,0.023,-1,Echolocation,/mnt/ubna_data_02_mir/recover-20220922/UBNA_001/20220921_090000.WAV,Telephone Field,recover-20220922,001,1795
5.3315,5.3417,25468,32352,Eptesicus serotinus,0.009,0.023,-1,Echolocation,/mnt/ubna_data_02_mir/recover-20220922/UBNA_001/20220921_090000.WAV,Telephone Field,recover-20220922,001,1795
5.3595,5.398,68437,81879,Rhinolophus ferrumequinum,0.022,0.022,-1,Echolocation,/mnt/ubna_data_02_mir/recover-20220922/UBNA_001/20220921_090000.WAV,Telephone Field,recover-20220922,001,1795
5.4065,5.4152,27187,40778,Eptesicus serotinus,0.008,0.02,-1,Echolocation,/mnt/ubna_data_02_mir/recover-20220922/UBNA_001/20220921_090000.WAV,Telephone Field,recover-20220922,001,1795
5.4075,5.4189,22031,27137,Nyctalus leisleri,0.01,0.021,-1,Echolocation,/mnt/ubna_data_02_mir/recover-20220922/UBNA_001/20220921_090000.WAV,Telephone Field,recover-20220922,001,1795
5.4085,5.4158,33203,45608,Myotis daubentonii,0.008,0.022,-1,Echolocation,/mnt/ubna_data_02_mir/recover-20220922/UBNA_001/20220921_090000.WAV,Telephone Field,recover-20220922,001,1795
5.4755,5.5148,68437,82010,Rhinolophus ferrumequinum,0.021,0.021,-1,Echolocation,/mnt/ubna_data_02_mir/recover-20220922/UBNA_001/20220921_090000.WAV,Telephone Field,recover-20220922,001,1795
5.5105,5.5463,68437,81102,Rhinolophus ferrumequinum,0.02,0.02,-1,Echolocation,/mnt/ubna_data_02_mir/recover-20220922/UBNA_001/20220921_090000.WAV,Telephone Field,recover-20220922,001,1795
5.5305,5.5426,22890,27842,Nyctalus leisleri,0.012,0.024,-1,Echolocation,/mnt/ubna_data_02_mir/recover-20220922/UBNA_001/20220921_090000.WAV,Telephone Field,recover-20220922,001,1795
5.5865,5.5942,25468,34383,Eptesicus serotinus,0.009,0.032,-1,Echolocation,/mnt/ubna_data_02_mir/recover-20220922/UBNA_001/20220921_090000.WAV,Telephone Field,recover-20220922,001,1795
5.6115,5.6173,28046,39734,Eptesicus serotinus,0.005,0.03,-1,Echolocation,/mnt/ubna_data_02_mir/recover-20220922/UBNA_001/20220921_090000.WAV,Telephone Field,recover-20220922,001,1795
5.6175,5.6533,68437,81122,Rhinolophus ferrumequinum,0.02,0.02,-1,Echolocation,/mnt/ubna_data_02_mir/recover-20220922/UBNA_001/20220921_090000.WAV,Telephone Field,recover-20220922,001,1795
5.6345,5.6708,68437,81783,Rhinolophus ferrumequinum,0.02,0.02,-1,Echolocation,/mnt/ubna_data_02_mir/recover-20220922/UBNA_001/20220921_090000.WAV,Telephone Field,recover-20220922,001,1795
5.6615,5.6997,68437,82781,Rhinolophus ferrumequinum,0.02,0.02,-1,Echolocation,/mnt/ubna_data_02_mir/recover-20220922/UBNA_001/20220921_090000.WAV,Telephone Field,recover-20220922,001,1795
5.6885,5.7037,21171,24035,Nyctalus leisleri,0.018,0.03,-1,Echolocation,/mnt/ubna_data_02_mir/recover-20220922/UBNA_001/20220921_090000.WAV,Telephone Field,recover-20220922,001,1795
5.7025,5.741,68437,83128,Rhinolophus ferrumequinum,0.026,0.026,-1,Echolocation,/mnt/ubna_data_02_mir/recover-20220922/UBNA_001/20220921_090000.WAV,Telephone Field,recover-20220922,001,1795
5.7515,5.7888,68437,82510,Rhinolophus ferrumequinum,0.026,0.026,-1,Echolocation,/mnt/ubna_data_02_mir/recover-20220922/UBNA_001/20220921_090000.WAV,Telephone Field,recover-20220922,001,1795
5.7885,5.7979,27187,36244,Eptesicus serotinus,0.008,0.021,-1,Echolocation,/mnt/ubna_data_02_mir/recover-20220922/UBNA_001/20220921_090000.WAV,Telephone Field,recover-20220922,001,1795
5.8395,5.8792,68437,82144,Rhinolophus ferrumequinum,0.022,0.022,-1,Echolocation,/mnt/ubna_data_02_mir/recover-20220922/UBNA_001/20220921_090000.WAV,Telephone Field,recover-20220922,001,1795
5.8595,5.8679,27187,39122,Eptesicus serotinus,0.008,0.021,-1,Echolocation,/mnt/ubna_data_02_mir/recover-20220922/UBNA_001/20220921_090000.WAV,Telephone Field,recover-20220922,001,1795
5.8795,5.891,28046,36242,Eptesicus serotinus,0.011,0.024,-1,Echolocation,/mnt/ubna_data_02_mir/recover-20220922/UBNA_001/20220921_090000.WAV,Telephone Field,recover-20220922,001,1795
5.8855,5.9238,68437,82120,Rhinolophus ferrumequinum,0.025,0.025,-1,Echolocation,/mnt/ubna_data_02_mir/recover-20220922/UBNA_001/20220921_090000.WAV,Telephone Field,recover-20220922,001,1795
5.8865,5.8958,28046,41314,Eptesicus serotinus,0.008,0.022,-1,Echolocation,/mnt/ubna_data_02_mir/recover-20220922/UBNA_001/20220921_090000.WAV,Telephone Field,recover-20220922,001,1795
5.8935,5.9306,68437,81991,Rhinolophus ferrumequinum,0.022,0.022,-1,Echolocation,/mnt/ubna_data_02_mir/recover-20220922/UBNA_001/20220921_090000.WAV,Telephone Field,recover-20220922,001,1795
5.8965,5.9059,28046,35868,Eptesicus serotinus,0.011,0.022,-1,Echolocation,/mnt/ubna_data_02_mir/recover-20220922/UBNA_001/20220921_090000.WAV,Telephone Field,recover-20220922,001,1795
5.9305,5.9406,22890,28228,Nyctalus leisleri,0.009,0.023,-1,Echolocation,/mnt/ubna_data_02_mir/recover-20220922/UBNA_001/20220921_090000.WAV,Telephone Field,recover-20220922,001,1795
5.9485,5.9829,68437,81144,Rhinolophus ferrumequinum,0.02,0.02,-1,Echolocation,/mnt/ubna_data_02_mir/recover-20220922/UBNA_001/20220921_090000.WAV,Telephone Field,recover-20220922,001,1795
6.0015,6.0347,68437,80121,Rhinolophus ferrumequinum,0.054,0.054,-1,Echolocation,/mnt/ubna_data_02_mir/recover-20220922/UBNA_001/20220921_090000.WAV,Telephone Field,recover-20220922,001,1795
6.0015,6.0103,26328,35526,Nyctalus leisleri,0.007,0.025,-1,Echolocation,/mnt/ubna_data_02_mir/recover-20220922/UBNA_001/20220921_090000.WAV,Telephone Field,recover-20220922,001,1795
6.0015,6.0159,16875,22072,Nyctalus noctula,0.014,0.029,-1,Echolocation,/mnt/ubna_data_02_mir/recover-20220922/UBNA_001/20220921_090000.WAV,Telephone Field,recover-20220922,001,1795
6.0015,6.0134,46093,52963,Pipistrellus pipistrellus,0.022,0.03,-1,Echolocation,/mnt/ubna_data_02_mir/recover-20220922/UBNA_001/20220921_090000.WAV,Telephone Field,recover-20220922,001,1795
6.0195,6.0305,26328,33165,Eptesicus serotinus,0.012,0.027,-1,Echolocation,/mnt/ubna_data_02_mir/recover-20220922/UBNA_001/20220921_090000.WAV,Telephone Field,recover-20220922,001,1795
6.0435,6.0813,68437,82524,Rhinolophus ferrumequinum,0.021,0.021,-1,Echolocation,/mnt/ubna_data_02_mir/recover-20220922/UBNA_001/20220921_090000.WAV,Telephone Field,recover-20220922,001,1795
6.0755,6.1123,68437,81727,Rhinolophus ferrumequinum,0.026,0.026,-1,Echolocation,/mnt/ubna_data_02_mir/recover-20220922/UBNA_001/20220921_090000.WAV,Telephone Field,recover-20220922,001,1795
6.0925,6.132,68437,82711,Rhinolophus ferrumequinum,0.022,0.022,-1,Echolocation,/mnt/ubna_data_02_mir/recover-20220922/UBNA_001/20220921_090000.WAV,Telephone Field,recover-20220922,001,1795
6.1005,6.1398,68437,81939,Rhinolophus ferrumequinum,0.021,0.021,-1,Echolocation,/mnt/ubna_data_02_mir/recover-20220922/UBNA_001/20220921_090000.WAV,Telephone Field,recover-20220922,001,1795
6.1565,6.1929,68437,82177,Rhinolophus ferrumequinum,0.02,0.02,-1,Echolocation,/mnt/ubna_data_02_mir/recover-20220922/UBNA_001/20220921_090000.WAV,Telephone Field,recover-20220922,001,1795
6.1835,6.2231,68437,81959,Rhinolophus ferrumequinum,0.022,0.022,-1,Echolocation,/mnt/ubna_data_02_mir/recover-20220922/UBNA_001/20220921_090000.WAV,Telephone Field,recover-20220922,001,1795
6.2095,6.2479,68437,82059,Rhinolophus ferrumequinum,0.025,0.026,-1,Echolocation,/mnt/ubna_data_02_mir/recover-20220922/UBNA_001/20220921_090000.WAV,Telephone Field,recover-20220922,001,1795
6.2155,6.2232,28046,40862,Eptesicus serotinus,0.007,0.023,-1,Echolocation,/mnt/ubna_data_02_mir/recover-20220922/UBNA_001/20220921_090000.WAV,Telephone Field,recover-20220922,001,1795
6.2545,6.2958,68437,82243,Rhinolophus ferrumequinum,0.022,0.022,-1,Echolocation,/mnt/ubna_data_02_mir/recover-20220922/UBNA_001/20220921_090000.WAV,Telephone Field,recover-20220922,001,1795
6.3215,6.3638,68437,82758,Rhinolophus ferrumequinum,0.022,0.022,-1,Echolocation,/mnt/ubna_data_02_mir/recover-20220922/UBNA_001/20220921_090000.WAV,Telephone Field,recover-20220922,001,1795
6.3295,6.3689,68437,83182,Rhinolophus ferrumequinum,0.023,0.023,-1,Echolocation,/mnt/ubna_data_02_mir/recover-20220922/UBNA_001/20220921_090000.WAV,Telephone Field,recover-20220922,001,1795
6.3675,6.3752,28906,37920,Eptesicus serotinus,0.011,0.027,-1,Echolocation,/mnt/ubna_data_02_mir/recover-20220922/UBNA_001/20220921_090000.WAV,Telephone Field,recover-20220922,001,1795
6.4065,6.4457,68437,82402,Rhinolophus ferrumequinum,0.02,0.02,-1,Echolocation,/mnt/ubna_data_02_mir/recover-20220922/UBNA_001/20220921_090000.WAV,Telephone Field,recover-20220922,001,1795
6.4505,6.4894,68437,81792,Rhinolophus ferrumequinum,0.022,0.022,-1,Echolocation,/mnt/ubna_data_02_mir/recover-20220922/UBNA_001/20220921_090000.WAV,Telephone Field,recover-20220922,001,1795
6.4555,6.4643,29765,39252,Eptesicus serotinus,0.007,0.021,-1,Echolocation,/mnt/ubna_data_02_mir/recover-20220922/UBNA_001/20220921_090000.WAV,Telephone Field,recover-20220922,001,1795
6.4705,6.5065,68437,81806,Rhinolophus ferrumequinum,0.021,0.021,-1,Echolocation,/mnt/ubna_data_02_mir/recover-20220922/UBNA_001/20220921_090000.WAV,Telephone Field,recover-20220922,001,1795
6.5115,6.5488,68437,81431,Rhinolophus ferrumequinum,0.02,0.02,-1,Echolocation,/mnt/ubna_data_02_mir/recover-20220922/UBNA_001/20220921_090000.WAV,Telephone Field,recover-20220922,001,1795
6.5505,6.5897,68437,82132,Rhinolophus ferrumequinum,0.023,0.023,-1,Echolocation,/mnt/ubna_data_02_mir/recover-20220922/UBNA_001/20220921_090000.WAV,Telephone Field,recover-20220922,001,1795
6.5555,6.5957,68437,82437,Rhinolophus ferrumequinum,0.023,0.023,-1,Echolocation,/mnt/ubna_data_02_mir/recover-20220922/UBNA_001/20220921_090000.WAV,Telephone Field,recover-20220922,001,1795
6.5615,6.6019,68437,82155,Rhinolophus ferrumequinum,0.025,0.025,-1,Echolocation,/mnt/ubna_data_02_mir/recover-20220922/UBNA_001/20220921_090000.WAV,Telephone Field,recover-20220922,001,1795
6.5985,6.6147,23750,29106,Nyctalus leisleri,0.015,0.036,-1,Echolocation,/mnt/ubna_data_02_mir/recover-20220922/UBNA_001/20220921_090000.WAV,Telephone Field,recover-20220922,001,1795
6.6185,6.6565,68437,81299,Rhinolophus ferrumequinum,0.025,0.025,-1,Echolocation,/mnt/ubna_data_02_mir/recover-20220922/UBNA_001/20220921_090000.WAV,Telephone Field,recover-20220922,001,1795
6.6395,6.677,68437,82063,Rhinolophus ferrumequinum,0.02,0.02,-1,Echolocation,/mnt/ubna_data_02_mir/recover-20220922/UBNA_001/20220921_090000.WAV,Telephone Field,recover-20220922,001,1795
6.6505,6.6589,25468,33714,Eptesicus serotinus,0.008,0.021,-1,Echolocation,/mnt/ubna_data_02_mir/recover-20220922/UBNA_001/20220921_090000.WAV,Telephone Field,recover-20220922,001,1795
6.6845,6.7266,68437,82674,Rhinolophus ferrumequinum,0.026,0.026,-1,Echolocation,/mnt/ubna_data_02_mir/recover-20220922/UBNA_001/20220921_090000.WAV,Telephone Field,recover-20220922,001,1795
6.6855,6.6938,22890,29866,Plecotus austriacus,0.008,0.021,-1,Echolocation,/mnt/ubna_data_02_mir/recover-20220922/UBNA_001/20220921_090000.WAV,Telephone Field,recover-20220922,001,1795
6.7005,6.7088,26328,34712,Eptesicus serotinus,0.009,0.023,-1,Echolocation,/mnt/ubna_data_02_mir/recover-20220922/UBNA_001/20220921_090000.WAV,Telephone Field,recover-20220922,001,1795
6.7065,6.7453,68437,82028,Rhinolophus ferrumequinum,0.021,0.021,-1,Echolocation,/mnt/ubna_data_02_mir/recover-20220922/UBNA_001/20220921_090000.WAV,Telephone Field,recover-20220922,001,1795
6.7665,6.8018,68437,81675,Rhinolophus ferrumequinum,0.02,0.02,-1,Echolocation,/mnt/ubna_data_02_mir/recover-20220922/UBNA_001/20220921_090000.WAV,Telephone Field,recover-20220922,001,1795
6.7765,6.7885,22031,27017,Nyctalus leisleri,0.012,0.027,-1,Echolocation,/mnt/ubna_data_02_mir/recover-20220922/UBNA_001/20220921_090000.WAV,Telephone Field,recover-20220922,001,1795
6.7925,6.801,49531,54887,Pipistrellus pipistrellus,0.021,0.024,-1,Echolocation,/mnt/ubna_data_02_mir/recover-20220922/UBNA_001/20220921_090000.WAV,Telephone Field,recover-20220922,001,1795
6.8125,6.8208,28046,41543,Eptesicus serotinus,0.008,0.021,-1,Echolocation,/mnt/ubna_data_02_mir/recover-20220922/UBNA_001/20220921_090000.WAV,Telephone Field,recover-20220922,001,1795
6.8215,6.8316,28906,36873,Eptesicus serotinus,0.009,0.022,-1,Echolocation,/mnt/ubna_data_02_mir/recover-20220922/UBNA_001/20220921_090000.WAV,Telephone Field,recover-20220922,001,1795
6.8355,6.8775,68437,82767,Rhinolophus ferrumequinum,0.028,0.028,-1,Echolocation,/mnt/ubna_data_02_mir/recover-20220922/UBNA_001/20220921_090000.WAV,Telephone Field,recover-20220922,001,1795
6.8685,6.8815,48671,53146,Pipistrellus pipistrellus,0.044,0.051,-1,Echolocation,/mnt/ubna_data_02_mir/recover-20220922/UBNA_001/20220921_090000.WAV,Telephone Field,recover-20220922,001,1795
6.8955,6.9326,68437,81605,Rhinolophus ferrumequinum,0.02,0.02,-1,Echolocation,/mnt/ubna_data_02_mir/recover-20220922/UBNA_001/20220921_090000.WAV,Telephone Field,recover-20220922,001,1795
6.9115,6.9198,25468,33532,Eptesicus serotinus,0.008,0.021,-1,Echolocation,/mnt/ubna_data_02_mir/recover-20220922/UBNA_001/20220921_090000.WAV,Telephone Field,recover-20220922,001,1795
6.9665,7.0038,68437,81362,Rhinolophus ferrumequinum,0.022,0.022,-1,Echolocation,/mnt/ubna_data_02_mir/recover-20220922/UBNA_001/20220921_090000.WAV,Telephone Field,recover-20220922,001,1795
7.0115,7.0189,24609,33502,Plecotus austriacus,0.008,0.022,-1,Echolocation,/mnt/ubna_data_02_mir/recover-20220922/UBNA_001/20220921_090000.WAV,Telephone Field,recover-20220922,001,1795
7.0235,7.0613,68437,81972,Rhinolophus ferrumequinum,0.02,0.02,-1,Echolocation,/mnt/ubna_data_02_mir/recover-20220922/UBNA_001/20220921_090000.WAV,Telephone Field,recover-20220922,001,1795
7.0355,7.0481,14296,20150,Nyctalus noctula,0.022,0.032,-1,Echolocation,/mnt/ubna_data_02_mir/recover-20220922/UBNA_001/20220921_090000.WAV,Telephone Field,recover-20220922,001,1795
7.0495,7.0907,68437,82210,Rhinolophus ferrumequinum,0.021,0.021,-1,Echolocation,/mnt/ubna_data_02_mir/recover-20220922/UBNA_001/20220921_090000.WAV,Telephone Field,recover-20220922,001,1795
7.0785,7.116,68437,81399,Rhinolophus ferrumequinum,0.021,0.021,-1,Echolocation,/mnt/ubna_data_02_mir/recover-20220922/UBNA_001/20220921_090000.WAV,Telephone Field,recover-20220922,001,1795
7.0795,7.0876,28046,36664,Eptesicus serotinus,0.015,0.035,-1,Echolocation,/mnt/ubna_data_02_mir/recover-20220922/UBNA_001/20220921_090000.WAV,Telephone Field,recover-20220922,001,1795
7.1055,7.1142,27187,36021,Eptesicus serotinus,0.009,0.02,-1,Echolocation,/mnt/ubna_data_02_mir/recover-20220922/UBNA_001/20220921_090000.WAV,Telephone Field,recover-20220922,001,1795
7.1105,7.1481,68437,82179,Rhinolophus ferrumequinum,0.029,0.029,-1,Echolocation,/mnt/ubna_data_02_mir/recover-20220922/UBNA_001/20220921_090000.WAV,Telephone Field,recover-20220922,001,1795
7.1365,7.1489,45234,52031,Pipistrellus pipistrellus,0.017,0.023,-1,Echolocation,/mnt/ubna_data_02_mir/recover-20220922/UBNA_001/20220921_090000.WAV,Telephone Field,recover-20220922,001,1795
7.1425,7.1493,24609,33629,Plecotus austriacus,0.008,0.022,-1,Echolocation,/mnt/ubna_data_02_mir/recover-20220922/UBNA_001/20220921_090000.WAV,Telephone Field,recover-20220922,001,1795
7.1725,7.2118,68437,82635,Rhinolophus ferrumequinum,0.029,0.029,-1,Echolocation,/mnt/ubna_data_02_mir/recover-20220922/UBNA_001/20220921_090000.WAV,Telephone Field,recover-20220922,001,1795
7.1845,7.196,22890,27438,Nyctalus leisleri,0.011,0.02,-1,Echolocation,/mnt/ubna_data_02_mir/recover-20220922/UBNA_001/20220921_090000.WAV,Telephone Field,recover-20220922,001,1795
7.1955,7.2349,68437,81845,Rhinolophus ferrumequinum,0.024,0.024,-1,Echolocation,/mnt/ubna_data_02_mir/recover-20220922/UBNA_001/20220921_090000.WAV,Telephone Field,recover-20220922,001,1795
7.2005,7.2079,27187,39926,Eptesicus serotinus,0.006,0.022,-1,Echolocation,/mnt/ubna_data_02_mir/recover-20220922/UBNA_001/20220921_090000.WAV,Telephone Field,recover-20220922,001,1795
7.2145,7.226,25468,32638,Eptesicus serotinus,0.01,0.022,-1,Echolocation,/mnt/ubna_data_02_mir/recover-20220922/UBNA_001/20220921_090000.WAV,Telephone Field,recover-20220922,001,1795
7.2235,7.2338,24609,31510,Eptesicus serotinus,0.008,0.022,-1,Echolocation,/mnt/ubna_data_02_mir/recover-20220922/UBNA_001/20220921_090000.WAV,Telephone Field,recover-20220922,001,1795
7.2255,7.2612,68437,81219,Rhinolophus ferrumequinum,0.02,0.02,-1,Echolocation,/mnt/ubna_data_02_mir/recover-20220922/UBNA_001/20220921_090000.WAV,Telephone Field,recover-20220922,001,1795
7.2365,7.2754,68437,82203,Rhinolophus ferrumequinum,0.023,0.023,-1,Echolocation,/mnt/ubna_data_02_mir/recover-20220922/UBNA_001/20220921_090000.WAV,Telephone Field,recover-20220922,001,1795
7.2515,7.2592,27187,36125,Eptesicus serotinus,0.009,0.024,-1,Echolocation,/mnt/ubna_data_02_mir/recover-20220922/UBNA_001/20220921_090000.WAV,Telephone Field,recover-20220922,001,1795
7.2635,7.2988,68437,81212,Rhinolophus ferrumequinum,0.02,0.02,-1,Echolocation,/mnt/ubna_data_02_mir/recover-20220922/UBNA_001/20220921_090000.WAV,Telephone Field,recover-20220922,001,1795
7.3275,7.3353,28046,38305,Eptesicus serotinus,0.007,0.02,-1,Echolocation,/mnt/ubna_data_02_mir/recover-20220922/UBNA_001/20220921_090000.WAV,Telephone Field,recover-20220922,001,1795
7.3355,7.373,68437,82115,Rhinolophus ferrumequinum,0.021,0.021,-1,Echolocation,/mnt/ubna_data_02_mir/recover-20220922/UBNA_001/20220921_090000.WAV,Telephone Field,recover-20220922,001,1795
7.3605,7.402,68437,82383,Rhinolophus ferrumequinum,0.022,0.022,-1,Echolocation,/mnt/ubna_data_02_mir/recover-20220922/UBNA_001/20220921_090000.WAV,Telephone Field,recover-20220922,001,1795
7.3665,7.3764,38359,43827,Pipistrellus nathusii,0.022,0.036,-1,Echolocation,/mnt/ubna_data_02_mir/recover-20220922/UBNA_001/20220921_090000.WAV,Telephone Field,recover-20220922,001,1795
7.3955,7.4348,68437,82259,Rhinolophus ferrumequinum,0.02,0.021,-1,Echolocation,/mnt/ubna_data_02_mir/recover-20220922/UBNA_001/20220921_090000.WAV,Telephone Field,recover-20220922,001,1795
7.4335,7.4433,29765,37600,Eptesicus serotinus,0.01,0.021,-1,Echolocation,/mnt/ubna_data_02_mir/recover-20220922/UBNA_001/20220921_090000.WAV,Telephone Field,recover-20220922,001,1795
7.4425,7.4777,68437,81342,Rhinolophus ferrumequinum,0.021,0.021,-1,Echolocation,/mnt/ubna_data_02_mir/recover-20220922/UBNA_001/20220921_090000.WAV,Telephone Field,recover-20220922,001,1795
7.4495,7.4587,25468,33971,Eptesicus serotinus,0.009,0.023,-1,Echolocation,/mnt/ubna_data_02_mir/recover-20220922/UBNA_001/20220921_090000.WAV,Telephone Field,recover-20220922,001,1795
7.4725,7.5148,68437,83002,Rhinolophus ferrumequinum,0.023,0.023,-1,Echolocation,/mnt/ubna_data_02_mir/recover-20220922/UBNA_001/20220921_090000.WAV,Telephone Field,recover-20220922,001,1795
7.5085,7.5474,68437,82355,Rhinolophus ferrumequinum,0.023,0.023,-1,Echolocation,/mnt/ubna_data_02_mir/recover-20220922/UBNA_001/20220921_090000.WAV,Telephone Field,recover-20220922,001,1795
7.5345,7.5459,46093,49948,Pipistrellus pipistrellus,0.033,0.038,-1,Echolocation,/mnt/ubna_data_02_mir/recover-20220922/UBNA_001/20220921_090000.WAV,Telephone Field,recover-20220922,001,1795
7.5535,7.5938,68437,82321,Rhinolophus ferrumequinum,0.02,0.021,-1,Echolocation,/mnt/ubna_data_02_mir/recover-20220922/UBNA_001/20220921_090000.WAV,Telephone Field,recover-20220922,001,1795
7.5555,7.577,19453,21898,Nyctalus leisleri,0.016,0.032,-1,Echolocation,/mnt/ubna_data_02_mir/recover-20220922/UBNA_001/20220921_090000.WAV,Telephone Field,recover-20220922,001,1795
7.5915,7.5998,27187,36436,Eptesicus serotinus,0.011,0.027,-1,Echolocation,/mnt/ubna_data_02_mir/recover-20220922/UBNA_001/20220921_090000.WAV,Telephone Field,recover-20220922,001,1795
7.6055,7.6448,68437,82938,Rhinolophus ferrumequinum,0.022,0.022,-1,Echolocation,/mnt/ubna_data_02_mir/recover-20220922/UBNA_001/20220921_090000.WAV,Telephone Field,recover-20220922,001,1795
7.6215,7.6316,24609,31395,Eptesicus serotinus,0.011,0.03,-1,Echolocation,/mnt/ubna_data_02_mir/recover-20220922/UBNA_001/20220921_090000.WAV,Telephone Field,recover-20220922,001,1795
7.6485,7.6879,68437,82097,Rhinolophus ferrumequinum,0.022,0.022,-1,Echolocation,/mnt/ubna_data_02_mir/recover-20220922/UBNA_001/20220921_090000.WAV,Telephone Field,recover-20220922,001,1795
7.6525,7.6602,47812,53313,Pipistrellus pipistrellus,0.02,0.022,-1,Echolocation,/mnt/ubna_data_02_mir/recover-20220922/UBNA_001/20220921_090000.WAV,Telephone Field,recover-20220922,001,1795
7.6545,7.6654,22890,27961,Nyctalus leisleri,0.015,0.029,-1,Echolocation,/mnt/ubna_data_02_mir/recover-20220922/UBNA_001/20220921_090000.WAV,Telephone Field,recover-20220922,001,1795
7.6865,7.6965,55546,60660,Pipistrellus pygmaeus,0.022,0.024,-1,Echolocation,/mnt/ubna_data_02_mir/recover-20220922/UBNA_001/20220921_090000.WAV,Telephone Field,recover-20220922,001,1795
7.6985,7.7065,28906,38459,Eptesicus serotinus,0.009,0.024,-1,Echolocation,/mnt/ubna_data_02_mir/recover-20220922/UBNA_001/20220921_090000.WAV,Telephone Field,recover-20220922,001,1795
7.7095,7.7546,68437,83459,Rhinolophus ferrumequinum,0.056,0.056,-1,Echolocation,/mnt/ubna_data_02_mir/recover-20220922/UBNA_001/20220921_090000.WAV,Telephone Field,recover-20220922,001,1795
7.7125,7.7237,25468,31318,Nyctalus leisleri,0.01,0.027,-1,Echolocation,/mnt/ubna_data_02_mir/recover-20220922/UBNA_001/20220921_090000.WAV,Telephone Field,recover-20220922,001,1795
7.7555,7.7671,22031,26370,Nyctalus leisleri,0.011,0.021,-1,Echolocation,/mnt/ubna_data_02_mir/recover-20220922/UBNA_001/20220921_090000.WAV,Telephone Field,recover-20220922,001,1795
7.7665,7.8056,68437,82074,Rhinolophus ferrumequinum,0.022,0.022,-1,Echolocation,/mnt/ubna_data_02_mir/recover-20220922/UBNA_001/20220921_090000.WAV,Telephone Field,recover-20220922,001,1795
7.8065,7.8467,68437,82559,Rhinolophus ferrumequinum,0.023,0.023,-1,Echolocation,/mnt/ubna_data_02_mir/recover-20220922/UBNA_001/20220921_090000.WAV,Telephone Field,recover-20220922,001,1795
7.8085,7.8171,44375,49581,Pipistrellus pipistrellus,0.025,0.029,-1,Echolocation,/mnt/ubna_data_02_mir/recover-20220922/UBNA_001/20220921_090000.WAV,Telephone Field,recover-20220922,001,1795
7.8905,7.9318,68437,82281,Rhinolophus ferrumequinum,0.021,0.021,-1,Echolocation,/mnt/ubna_data_02_mir/recover-20220922/UBNA_001/20220921_090000.WAV,Telephone Field,recover-20220922,001,1795
7.9095,7.947,68437,81541,Rhinolophus ferrumequinum,0.021,0.021,-1,Echolocation,/mnt/ubna_data_02_mir/recover-20220922/UBNA_001/20220921_090000.WAV,Telephone Field,recover-20220922,001,1795
7.9095,7.918,26328,35670,Eptesicus serotinus,0.009,0.024,-1,Echolocation,/mnt/ubna_data_02_mir/recover-20220922/UBNA_001/20220921_090000.WAV,Telephone Field,recover-20220922,001,1795
8.0015,8.0369,68437,80175,Rhinolophus ferrumequinum,0.042,0.042,-1,Echolocation,/mnt/ubna_data_02_mir/recover-20220922/UBNA_001/20220921_090000.WAV,Telephone Field,recover-20220922,001,1795
8.0015,8.0096,49531,54925,Pipistrellus pipistrellus,0.014,0.022,-1,Echolocation,/mnt/ubna_data_02_mir/recover-20220922/UBNA_001/20220921_090000.WAV,Telephone Field,recover-20220922,001,1795
8.0015,8.0109,25468,34530,Nyctalus leisleri,0.009,0.029,-1,Echolocation,/mnt/ubna_data_02_mir/recover-20220922/UBNA_001/20220921_090000.WAV,Telephone Field,recover-20220922,001,1795
8.0075,8.056,68437,82993,Rhinolophus ferrumequinum,0.04,0.04,-1,Echolocation,/mnt/ubna_data_02_mir/recover-20220922/UBNA_001/20220921_090000.WAV,Telephone Field,recover-20220922,001,1795
8.0155,8.0238,24609,31731,Nyctalus leisleri,0.006,0.021,-1,Echolocation,/mnt/ubna_data_02_mir/recover-20220922/UBNA_001/20220921_090000.WAV,Telephone Field,recover-20220922,001,1795
8.0365,8.0752,68437,82265,Rhinolophus ferrumequinum,0.028,0.028,-1,Echolocation,/mnt/ubna_data_02_mir/recover-20220922/UBNA_001/20220921_090000.WAV,Telephone Field,recover-20220922,001,1795
8.0835,8.0911,24609,32962,Plecotus austriacus,0.006,0.023,-1,Echolocation,/mnt/ubna_data_02_mir/recover-20220922/UBNA_001/20220921_090000.WAV,Telephone Field,recover-20220922,001,1795
8.0935,8.1363,68437,82900,Rhinolophus ferrumequinum,0.027,0.027,-1,Echolocation,/mnt/ubna_data_02_mir/recover-20220922/UBNA_001/20220921_090000.WAV,Telephone Field,recover-20220922,001,1795
8.1255,8.136,25468,33441,Eptesicus serotinus,0.016,0.038,-1,Echolocation,/mnt/ubna_data_02_mir/recover-20220922/UBNA_001/20220921_090000.WAV,Telephone Field,recover-20220922,001,1795
8.1595,8.1715,44375,47687,Pipistrellus pipistrellus,0.025,0.032,-1,Echolocation,/mnt/ubna_data_02_mir/recover-20220922/UBNA_001/20220921_090000.WAV,Telephone Field,recover-20220922,001,1795
8.2095,8.2485,68437,82861,Rhinolophus ferrumequinum,0.03,0.03,-1,Echolocation,/mnt/ubna_data_02_mir/recover-20220922/UBNA_001/20220921_090000.WAV,Telephone Field,recover-20220922,001,1795
8.2105,8.2196,37500,45236,Pipistrellus nathusii,0.006,0.02,-1,Echolocation,/mnt/ubna_data_02_mir/recover-20220922/UBNA_001/20220921_090000.WAV,Telephone Field,recover-20220922,001,1795
8.2125,8.2205,28046,39702,Eptesicus serotinus,0.008,0.021,-1,Echolocation,/mnt/ubna_data_02_mir/recover-20220922/UBNA_001/20220921_090000.WAV,Telephone Field,recover-20220922,001,1795
8.2255,8.2335,25468,33851,Eptesicus serotinus,0.006,0.022,-1,Echolocation,/mnt/ubna_data_02_mir/recover-20220922/UBNA_001/20220921_090000.WAV,Telephone Field,recover-20220922,001,1795
8.2445,8.2534,27187,38002,Eptesicus serotinus,0.009,0.024,-1,Echolocation,/mnt/ubna_data_02_mir/recover-20220922/UBNA_001/20220921_090000.WAV,Telephone Field,recover-20220922,001,1795
8.2555,8.263,27187,38454,Eptesicus serotinus,0.008,0.025,-1,Echolocation,/mnt/ubna_data_02_mir/recover-20220922/UBNA_001/20220921_090000.WAV,Telephone Field,recover-20220922,001,1795
8.2925,8.3023,23750,30183,Nyctalus leisleri,0.007,0.02,-1,Echolocation,/mnt/ubna_data_02_mir/recover-20220922/UBNA_001/20220921_090000.WAV,Telephone Field,recover-20220922,001,1795
8.3105,8.3199,28046,36189,Eptesicus serotinus,0.011,0.024,-1,Echolocation,/mnt/ubna_data_02_mir/recover-20220922/UBNA_001/20220921_090000.WAV,Telephone Field,recover-20220922,001,1795
8.3245,8.3351,24609,31277,Nyctalus leisleri,0.009,0.025,-1,Echolocation,/mnt/ubna_data_02_mir/recover-20220922/UBNA_001/20220921_090000.WAV,Telephone Field,recover-20220922,001,1795
8.3525,8.3638,23750,28802,Nyctalus leisleri,0.01,0.022,-1,Echolocation,/mnt/ubna_data_02_mir/recover-20220922/UBNA_001/20220921_090000.WAV,Telephone Field,recover-20220922,001,1795
8.3705,8.3769,26328,35952,Eptesicus serotinus,0.007,0.024,-1,Echolocation,/mnt/ubna_data_02_mir/recover-20220922/UBNA_001/20220921_090000.WAV,Telephone Field,recover-20220922,001,1795
8.4275,8.4672,68437,82656,Rhinolophus ferrumequinum,0.025,0.025,-1,Echolocation,/mnt/ubna_data_02_mir/recover-20220922/UBNA_001/20220921_090000.WAV,Telephone Field,recover-20220922,001,1795
8.4675,8.4753,25468,33951,Eptesicus serotinus,0.007,0.021,-1,Echolocation,/mnt/ubna_data_02_mir/recover-20220922/UBNA_001/20220921_090000.WAV,Telephone Field,recover-20220922,001,1795
8.5115,8.5517,68437,82661,Rhinolophus ferrumequinum,0.024,0.024,-1,Echolocation,/mnt/ubna_data_02_mir/recover-20220922/UBNA_001/20220921_090000.WAV,Telephone Field,recover-20220922,001,1795
8.5335,8.5428,22890,29319,Nyctalus leisleri,0.007,0.02,-1,Echolocation,/mnt/ubna_data_02_mir/recover-20220922/UBNA_001/20220921_090000.WAV,Telephone Field,recover-20220922,001,1795
8.5815,8.62,68437,82568,Rhinolophus ferrumequinum,0.023,0.023,-1,Echolocation,/mnt/ubna_data_02_mir/recover-20220922/UBNA_001/20220921_090000.WAV,Telephone Field,recover-20220922,001,1795
8.5955,8.603,27187,40878,Eptesicus serotinus,0.008,0.022,-1,Echolocation,/mnt/ubna_data_02_mir/recover-20220922/UBNA_001/20220921_090000.WAV,Telephone Field,recover-20220922,001,1795
8.6095,8.6482,68437,82337,Rhinolophus ferrumequinum,0.021,0.021,-1,Echolocation,/mnt/ubna_data_02_mir/recover-20220922/UBNA_001/20220921_090000.WAV,Telephone Field,recover-20220922,001,1795
8.6265,8.6625,68437,81669,Rhinolophus ferrumequinum,0.021,0.021,-1,Echolocation,/mnt/ubna_data_02_mir/recover-20220922/UBNA_001/20220921_090000.WAV,Telephone Field,recover-20220922,001,1795
8.6375,8.6768,68437,82080,Rhinolophus ferrumequinum,0.022,0.022,-1,Echolocation,/mnt/ubna_data_02_mir/recover-20220922/UBNA_001/20220921_090000.WAV,Telephone Field,recover-20220922,001,1795
8.6635,8.7032,68437,82184,Rhinolophus ferrumequinum,0.021,0.021,-1,Echolocation,/mnt/ubna_data_02_mir/recover-20220922/UBNA_001/20220921_090000.WAV,Telephone Field,recover-20220922,001,1795
8.6685,8.6781,22890,29085,Nyctalus leisleri,0.008,0.02,-1,Echolocation,/mnt/ubna_data_02_mir/recover-20220922/UBNA_001/20220921_090000.WAV,Telephone Field,recover-20220922,001,1795
8.6715,8.6788,27187,39451,Eptesicus serotinus,0.006,0.02,-1,Echolocation,/mnt/ubna_data_02_mir/recover-20220922/UBNA_001/20220921_090000.WAV,Telephone Field,recover-20220922,001,1795
8.6945,8.732,68437,81494,Rhinolophus ferrumequinum,0.02,0.02,-1,Echolocation,/mnt/ubna_data_02_mir/recover-20220922/UBNA_001/20220921_090000.WAV,Telephone Field,recover-20220922,001,1795
8.7095,8.752,68437,83051,Rhinolophus ferrumequinum,0.03,0.03,-1,Echolocation,/mnt/ubna_data_02_mir/recover-20220922/UBNA_001/20220921_090000.WAV,Telephone Field,recover-20220922,001,1795
8.7225,8.7638,68437,83543,Rhinolophus ferrumequinum,0.026,0.026,-1,Echolocation,/mnt/ubna_data_02_mir/recover-20220922/UBNA_001/20220921_090000.WAV,Telephone Field,recover-20220922,001,1795
8.7245,8.7346,27187,34403,Eptesicus serotinus,0.01,0.021,-1,Echolocation,/mnt/ubna_data_02_mir/recover-20220922/UBNA_001/20220921_090000.WAV,Telephone Field,recover-20220922,001,1795
8.7665,8.773,48671,52392,Pipistrellus pipistrellus,0.023,0.025,-1,Echolocation,/mnt/ubna_data_02_mir/recover-20220922/UBNA_001/20220921_090000.WAV,Telephone Field,recover-20220922,001,1795
8.7865,8.796,28046,35999,Eptesicus serotinus,0.008,0.021,-1,Echolocation,/mnt/ubna_data_02_mir/recover-20220922/UBNA_001/20220921_090000.WAV,Telephone Field,recover-20220922,001,1795
8.8395,8.8472,23750,32380,Plecotus auritus,0.008,0.027,-1,Echolocation,/mnt/ubna_data_02_mir/recover-20220922/UBNA_001/20220921_090000.WAV,Telephone Field,recover-20220922,001,1795
8.8685,8.8757,28046,38743,Eptesicus serotinus,0.006,0.02,-1,Echolocation,/mnt/ubna_data_02_mir/recover-20220922/UBNA_001/20220921_090000.WAV,Telephone Field,recover-20220922,001,1795
8.8845,8.9265,68437,83154,Rhinolophus ferrumequinum,0.026,0.026,-1,Echolocation,/mnt/ubna_data_02_mir/recover-20220922/UBNA_001/20220921_090000.WAV,Telephone Field,recover-20220922,001,1795
8.8965,8.9057,22890,29249,Plecotus austriacus,0.007,0.021,-1,Echolocation,/mnt/ubna_data_02_mir/recover-20220922/UBNA_001/20220921_090000.WAV,Telephone Field,recover-20220922,001,1795
8.9075,8.9436,68437,81463,Rhinolophus ferrumequinum,0.021,0.021,-1,Echolocation,/mnt/ubna_data_02_mir/recover-20220922/UBNA_001/20220921_090000.WAV,Telephone Field,recover-20220922,001,1795
8.9385,8.9515,26328,32174,Eptesicus serotinus,0.014,0.026,-1,Echolocation,/mnt/ubna_data_02_mir/recover-20220922/UBNA_001/20220921_090000.WAV,Telephone Field,recover-20220922,001,1795
8.9595,8.9665,24609,33668,Plecotus austriacus,0.007,0.021,-1,Echolocation,/mnt/ubna_data_02_mir/recover-20220922/UBNA_001/20220921_090000.WAV,Telephone Field,recover-20220922,001,1795
8.9655,9.002,68437,81255,Rhinolophus ferrumequinum,0.022,0.022,-1,Echolocation,/mnt/ubna_data_02_mir/recover-20220922/UBNA_001/20220921_090000.WAV,Telephone Field,recover-20220922,001,1795
8.9855,8.9927,22890,30381,Plecotus austriacus,0.013,0.025,-1,Echolocation,/mnt/ubna_data_02_mir/recover-20220922/UBNA_001/20220921_090000.WAV,Telephone Field,recover-20220922,001,1795
9.0015,9.0095,28046,38436,Eptesicus serotinus,0.007,0.021,-1,Echolocation,/mnt/ubna_data_02_mir/recover-20220922/UBNA_001/20220921_090000.WAV,Telephone Field,recover-20220922,001,1795
9.0145,9.0556,68437,82871,Rhinolophus ferrumequinum,0.022,0.022,-1,Echolocation,/mnt/ubna_data_02_mir/recover-20220922/UBNA_001/20220921_090000.WAV,Telephone Field,recover-20220922,001,1795
9.0225,9.0641,68437,82589,Rhinolophus ferrumequinum,0.023,0.023,-1,Echolocation,/mnt/ubna_data_02_mir/recover-20220922/UBNA_001/20220921_090000.WAV,Telephone Field,recover-20220922,001,1795
9.0405,9.048,28046,37511,Eptesicus serotinus,0.007,0.023,-1,Echolocation,/mnt/ubna_data_02_mir/recover-20220922/UBNA_001/20220921_090000.WAV,Telephone Field,recover-20220922,001,1795
9.0785,9.1189,68437,82368,Rhinolophus ferrumequinum,0.021,0.021,-1,Echolocation,/mnt/ubna_data_02_mir/recover-20220922/UBNA_001/20220921_090000.WAV,Telephone Field,recover-20220922,001,1795
9.0825,9.0913,28046,36504,Eptesicus serotinus,0.008,0.021,-1,Echolocation,/mnt/ubna_data_02_mir/recover-20220922/UBNA_001/20220921_090000.WAV,Telephone Field,recover-20220922,001,1795
9.0875,9.1274,68437,82425,Rhinolophus ferrumequinum,0.019,0.019,-1,Echolocation,/mnt/ubna_data_02_mir/recover-20220922/UBNA_001/20220921_090000.WAV,Telephone Field,recover-20220922,001,1795
9.0925,9.1322,68437,81996,Rhinolophus ferrumequinum,0.019,0.019,-1,Echolocation,/mnt/ubna_data_02_mir/recover-20220922/UBNA_001/20220921_090000.WAV,Telephone Field,recover-20220922,001,1795
9.0925,9.1087,22031,25681,Nyctalus leisleri,0.013,0.023,-1,Echolocation,/mnt/ubna_data_02_mir/recover-20220922/UBNA_001/20220921_090000.WAV,Telephone Field,recover-20220922,001,1795
9.1465,9.1566,28046,37223,Eptesicus serotinus,0.01,0.021,-1,Echolocation,/mnt/ubna_data_02_mir/recover-20220922/UBNA_001/20220921_090000.WAV,Telephone Field,recover-20220922,001,1795
9.1505,9.1574,47812,54120,Pipistrellus pipistrellus,0.018,0.02,-1,Echolocation,/mnt/ubna_data_02_mir/recover-20220922/UBNA_001/20220921_090000.WAV,Telephone Field,recover-20220922,001,1795
9.1545,9.1926,68437,81806,Rhinolophus ferrumequinum,0.019,0.019,-1,Echolocation,/mnt/ubna_data_02_mir/recover-20220922/UBNA_001/20220921_090000.WAV,Telephone Field,recover-20220922,001,1795
9.1785,9.1916,23750,29230,Nyctalus leisleri,0.01,0.023,-1,Echolocation,/mnt/ubna_data_02_mir/recover-20220922/UBNA_001/20220921_090000.WAV,Telephone Field,recover-20220922,001,1795
9.1805,9.2211,68437,82308,Rhinolophus ferrumequinum,0.024,0.024,-1,Echolocation,/mnt/ubna_data_02_mir/recover-20220922/UBNA_001/20220921_090000.WAV,Telephone Field,recover-20220922,001,1795
9.2095,9.2477,68437,81752,Rhinolophus ferrumequinum,0.022,0.022,-1,Echolocation,/mnt/ubna_data_02_mir/recover-20220922/UBNA_001/20220921_090000.WAV,Telephone Field,recover-20220922,001,1795
9.2145,9.2287,21171,24732,Nyctalus leisleri,0.013,0.022,-1,Echolocation,/mnt/ubna_data_02_mir/recover-20220922/UBNA_001/20220921_090000.WAV,Telephone Field,recover-20220922,001,1795
9.2195,9.2576,68437,82282,Rhinolophus ferrumequinum,0.02,0.02,-1,Echolocation,/mnt/ubna_data_02_mir/recover-20220922/UBNA_001/20220921_090000.WAV,Telephone Field,recover-20220922,001,1795
9.2705,9.2773,27187,38717,Eptesicus serotinus,0.006,0.02,-1,Echolocation,/mnt/ubna_data_02_mir/recover-20220922/UBNA_001/20220921_090000.WAV,Telephone Field,recover-20220922,001,1795
9.3005,9.3067,24609,34032,Plecotus austriacus,0.011,0.028,-1,Echolocation,/mnt/ubna_data_02_mir/recover-20220922/UBNA_001/20220921_090000.WAV,Telephone Field,recover-20220922,001,1795
9.3045,9.3446,68437,82177,Rhinolophus ferrumequinum,0.023,0.023,-1,Echolocation,/mnt/ubna_data_02_mir/recover-20220922/UBNA_001/20220921_090000.WAV,Telephone Field,recover-20220922,001,1795
9.3235,9.3609,68437,82157,Rhinolophus ferrumequinum,0.019,0.019,-1,Echolocation,/mnt/ubna_data_02_mir/recover-20220922/UBNA_001/20220921_090000.WAV,Telephone Field,recover-20220922,001,1795
9.3435,9.3504,30625,39263,Myotis daubentonii,0.011,0.024,-1,Echolocation,/mnt/ubna_data_02_mir/recover-20220922/UBNA_001/20220921_090000.WAV,Telephone Field,recover-20220922,001,1795
9.3515,9.3929,68437,81646,Rhinolophus ferrumequinum,0.021,0.021,-1,Echolocation,/mnt/ubna_data_02_mir/recover-20220922/UBNA_001/20220921_090000.WAV,Telephone Field,recover-20220922,001,1795
9.3825,9.4201,68437,82132,Rhinolophus ferrumequinum,0.021,0.021,-1,Echolocation,/mnt/ubna_data_02_mir/recover-20220922/UBNA_001/20220921_090000.WAV,Telephone Field,recover-20220922,001,1795
9.3975,9.4038,41796,53935,Myotis mystacinus,0.006,0.02,-1,Echolocation,/mnt/ubna_data_02_mir/recover-20220922/UBNA_001/20220921_090000.WAV,Telephone Field,recover-20220922,001,1795
9.4115,9.4204,28046,36097,Eptesicus serotinus,0.007,0.019,-1,Echolocation,/mnt/ubna_data_02_mir/recover-20220922/UBNA_001/20220921_090000.WAV,Telephone Field,recover-20220922,001,1795
9.4135,9.4482,68437,82171,Rhinolophus ferrumequinum,0.02,0.02,-1,Echolocation,/mnt/ubna_data_02_mir/recover-20220922/UBNA_001/20220921_090000.WAV,Telephone Field,recover-20220922,001,1795
9.4675,9.507,68437,82910,Rhinolophus ferrumequinum,0.026,0.026,-1,Echolocation,/mnt/ubna_data_02_mir/recover-20220922/UBNA_001/20220921_090000.WAV,Telephone Field,recover-20220922,001,1795
9.4695,9.4772,26328,37913,Eptesicus serotinus,0.007,0.02,-1,Echolocation,/mnt/ubna_data_02_mir/recover-20220922/UBNA_001/20220921_090000.WAV,Telephone Field,recover-20220922,001,1795
9.4925,9.5333,68437,82273,Rhinolophus ferrumequinum,0.027,0.027,-1,Echolocation,/mnt/ubna_data_02_mir/recover-20220922/UBNA_001/20220921_090000.WAV,Telephone Field,recover-20220922,001,1795
9.5155,9.5242,28046,36864,Eptesicus serotinus,0.007,0.019,-1,Echolocation,/mnt/ubna_data_02_mir/recover-20220922/UBNA_001/20220921_090000.WAV,Telephone Field,recover-20220922,001,1795
9.5505,9.5898,68437,82140,Rhinolophus ferrumequinum,0.021,0.021,-1,Echolocation,/mnt/ubna_data_02_mir/recover-20220922/UBNA_001/20220921_090000.WAV,Telephone Field,recover-20220922,001,1795
9.5545,9.5637,24609,32139,Eptesicus serotinus,0.007,0.021,-1,Echolocation,/mnt/ubna_data_02_mir/recover-20220922/UBNA_001/20220921_090000.WAV,Telephone Field,recover-20220922,001,1795
9.5865,9.5936,27187,43017,Eptesicus serotinus,0.006,0.02,-1,Echolocation,/mnt/ubna_data_02_mir/recover-20220922/UBNA_001/20220921_090000.WAV,Telephone Field,recover-20220922,001,1795
9.6145,9.6506,68437,81664,Rhinolophus ferrumequinum,0.021,0.021,-1,Echolocation,/mnt/ubna_data_02_mir/recover-20220922/UBNA_001/20220921_090000.WAV,Telephone Field,recover-20220922,001,1795
9.6145,9.6214,34062,43044,Myotis daubentonii,0.009,0.026,-1,Echolocation,/mnt/ubna_data_02_mir/recover-20220922/UBNA_001/20220921_090000.WAV,Telephone Field,recover-20220922,001,1795
9.6655,9.7056,68437,82629,Rhinolophus ferrumequinum,0.023,0.023,-1,Echolocation,/mnt/ubna_data_02_mir/recover-20220922/UBNA_001/20220921_090000.WAV,Telephone Field,recover-20220922,001,1795
9.6765,9.7198,68437,82685,Rhinolophus ferrumequinum,0.023,0.023,-1,Echolocation,/mnt/ubna_data_02_mir/recover-20220922/UBNA_001/20220921_090000.WAV,Telephone Field,recover-20220922,001,1795
9.7315,9.772,68437,82607,Rhinolophus ferrumequinum,0.02,0.02,-1,Echolocation,/mnt/ubna_data_02_mir/recover-20220922/UBNA_001/20220921_090000.WAV,Telephone Field,recover-20220922,001,1795
9.8115,9.82,27187,34663,Eptesicus serotinus,0.012,0.032,-1,Echolocation,/mnt/ubna_data_02_mir/recover-20220922/UBNA_001/20220921_090000.WAV,Telephone Field,recover-20220922,001,1795
9.8375,9.8461,28046,37977,Eptesicus serotinus,0.009,0.022,-1,Echolocation,/mnt/ubna_data_02_mir/recover-20220922/UBNA_001/20220921_090000.WAV,Telephone Field,recover-20220922,001,1795
9.9265,9.964,68437,82133,Rhinolophus ferrumequinum,0.021,0.021,-1,Echolocation,/mnt/ubna_data_02_mir/recover-20220922/UBNA_001/20220921_090000.WAV,Telephone Field,recover-20220922,001,1795
9.9655,9.973,26328,38483,Eptesicus serotinus,0.006,0.019,-1,Echolocation,/mnt/ubna_data_02_mir/recover-20220922/UBNA_001/20220921_090000.WAV,Telephone Field,recover-20220922,001,1795
9.9835,9.9915,27187,37600,Eptesicus serotinus,0.007,0.021,-1,Echolocation,/mnt/ubna_data_02_mir/recover-20220922/UBNA_001/20220921_090000.WAV,Telephone Field,recover-20220922,001,1795
10.0015,10.0105,22031,29651,Nyctalus leisleri,0.007,0.024,-1,Echolocation,/mnt/ubna_data_02_mir/recover-20220922/UBNA_001/20220921_090000.WAV,Telephone Field,recover-20220922,001,1795
10.0015,10.0312,69296,81086,Rhinolophus ferrumequinum,0.033,0.033,-1,Echolocation,/mnt/ubna_data_02_mir/recover-20220922/UBNA_001/20220921_090000.WAV,Telephone Field,recover-20220922,001,1795
10.0145,10.0563,68437,82050,Rhinolophus ferrumequinum,0.026,0.026,-1,Echolocation,/mnt/ubna_data_02_mir/recover-20220922/UBNA_001/20220921_090000.WAV,Telephone Field,recover-20220922,001,1795
10.0225,10.0644,68437,82848,Rhinolophus ferrumequinum,0.024,0.024,-1,Echolocation,/mnt/ubna_data_02_mir/recover-20220922/UBNA_001/20220921_090000.WAV,Telephone Field,recover-20220922,001,1795
10.0435,10.0823,68437,82111,Rhinolophus ferrumequinum,0.021,0.021,-1,Echolocation,/mnt/ubna_data_02_mir/recover-20220922/UBNA_001/20220921_090000.WAV,Telephone Field,recover-20220922,001,1795
10.0685,10.0757,28046,37453,Eptesicus serotinus,0.007,0.024,-1,Echolocation,/mnt/ubna_data_02_mir/recover-20220922/UBNA_001/20220921_090000.WAV,Telephone Field,recover-20220922,001,1795
10.0805,10.0912,24609,29982,Nyctalus leisleri,0.01,0.023,-1,Echolocation,/mnt/ubna_data_02_mir/recover-20220922/UBNA_001/20220921_090000.WAV,Telephone Field,recover-20220922,001,1795
10.0955,10.1371,68437,83020,Rhinolophus ferrumequinum,0.024,0.024,-1,Echolocation,/mnt/ubna_data_02_mir/recover-20220922/UBNA_001/20220921_090000.WAV,Telephone Field,recover-20220922,001,1795
10.1095,10.1498,68437,82818,Rhinolophus ferrumequinum,0.022,0.022,-1,Echolocation,/mnt/ubna_data_02_mir/recover-20220922/UBNA_001/20220921_090000.WAV,Telephone Field,recover-20220922,001,1795
10.1105,10.1191,28046,36895,Eptesicus serotinus,0.007,0.022,-1,Echolocation,/mnt/ubna_data_02_mir/recover-20220922/UBNA_001/20220921_090000.WAV,Telephone Field,recover-20220922,001,1795
10.1255,10.1319,27187,40516,Eptesicus serotinus,0.005,0.021,-1,Echolocation,/mnt/ubna_data_02_mir/recover-20220922/UBNA_001/20220921_090000.WAV,Telephone Field,recover-20220922,001,1795
10.1595,10.1704,22890,27909,Nyctalus leisleri,0.01,0.021,-1,Echolocation,/mnt/ubna_data_02_mir/recover-20220922/UBNA_001/20220921_090000.WAV,Telephone Field,recover-20220922,001,1795
10.1645,10.2024,68437,82239,Rhinolophus ferrumequinum,0.024,0.024,-1,Echolocation,/mnt/ubna_data_02_mir/recover-20220922/UBNA_001/20220921_090000.WAV,Telephone Field,recover-20220922,001,1795
10.1835,10.2221,68437,80996,Rhinolophus ferrumequinum,0.021,0.021,-1,Echolocation,/mnt/ubna_data_02_mir/recover-20220922/UBNA_001/20220921_090000.WAV,Telephone Field,recover-20220922,001,1795
10.2145,10.2219,28906,37618,Eptesicus serotinus,0.006,0.023,-1,Echolocation,/mnt/ubna_data_02_mir/recover-20220922/UBNA_001/20220921_090000.WAV,Telephone Field,recover-20220922,001,1795
10.2275,10.2635,68437,81625,Rhinolophus ferrumequinum,0.021,0.021,-1,Echolocation,/mnt/ubna_data_02_mir/recover-20220922/UBNA_001/20220921_090000.WAV,Telephone Field,recover-20220922,001,1795
10.2415,10.249,23750,31719,Plecotus austriacus,0.012,0.027,-1,Echolocation,/mnt/ubna_data_02_mir/recover-20220922/UBNA_001/20220921_090000.WAV,Telephone Field,recover-20220922,001,1795
10.2665,10.3023,68437,81298,Rhinolophus ferrumequinum,0.023,0.023,-1,Echolocation,/mnt/ubna_data_02_mir/recover-20220922/UBNA_001/20220921_090000.WAV,Telephone Field,recover-20220922,001,1795
10.2835,10.3262,68437,83375,Rhinolophus ferrumequinum,0.034,0.034,-1,Echolocation,/mnt/ubna_data_02_mir/recover-20220922/UBNA_001/20220921_090000.WAV,Telephone Field,recover-20220922,001,1795
10.3155,10.3262,22890,28221,Nyctalus leisleri,0.01,0.021,-1,Echolocation,/mnt/ubna_data_02_mir/recover-20220922/UBNA_001/20220921_090000.WAV,Telephone Field,recover-20220922,001,1795
10.3155,10.3547,68437,81917,Rhinolophus ferrumequinum,0.023,0.023,-1,Echolocation,/mnt/ubna_data_02_mir/recover-20220922/UBNA_001/20220921_090000.WAV,Telephone Field,recover-20220922,001,1795
10.3255,10.336,22890,28909,Nyctalus leisleri,0.011,0.026,-1,Echolocation,/mnt/ubna_data_02_mir/recover-20220922/UBNA_001/20220921_090000.WAV,Telephone Field,recover-20220922,001,1795
10.3415,10.3789,68437,81719,Rhinolophus ferrumequinum,0.025,0.025,-1,Echolocation,/mnt/ubna_data_02_mir/recover-20220922/UBNA_001/20220921_090000.WAV,Telephone Field,recover-20220922,001,1795
10.4095,10.4515,68437,82726,Rhinolophus ferrumequinum,0.025,0.025,-1,Echolocation,/mnt/ubna_data_02_mir/recover-20220922/UBNA_001/20220921_090000.WAV,Telephone Field,recover-20220922,001,1795
10.4525,10.4886,68437,81902,Rhinolophus ferrumequinum,0.021,0.021,-1,Echolocation,/mnt/ubna_data_02_mir/recover-20220922/UBNA_001/20220921_090000.WAV,Telephone Field,recover-20220922,001,1795
10.4965,10.5069,22890,29031,Nyctalus leisleri,0.01,0.026,-1,Echolocation,/mnt/ubna_data_02_mir/recover-20220922/UBNA_001/20220921_090000.WAV,Telephone Field,recover-20220922,001,1795
10.5235,10.5365,53828,57801,Pipistrellus pygmaeus,0.02,0.023,-1,Echolocation,/mnt/ubna_data_02_mir/recover-20220922/UBNA_001/20220921_090000.WAV,Telephone Field,recover-20220922,001,1795
10.5625,10.5736,23750,28411,Nyctalus leisleri,0.019,0.034,-1,Echolocation,/mnt/ubna_data_02_mir/recover-20220922/UBNA_001/20220921_090000.WAV,Telephone Field,recover-20220922,001,1795
10.6125,10.6506,68437,82359,Rhinolophus ferrumequinum,0.024,0.024,-1,Echolocation,/mnt/ubna_data_02_mir/recover-20220922/UBNA_001/20220921_090000.WAV,Telephone Field,recover-20220922,001,1795
10.6605,10.6997,68437,82163,Rhinolophus ferrumequinum,0.023,0.023,-1,Echolocation,/mnt/ubna_data_02_mir/recover-20220922/UBNA_001/20220921_090000.WAV,Telephone Field,recover-20220922,001,1795
10.6605,10.6685,23750,31592,Plecotus austriacus,0.008,0.021,-1,Echolocation,/mnt/ubna_data_02_mir/recover-20220922/UBNA_001/20220921_090000.WAV,Telephone Field,recover-20220922,001,1795
10.6855,10.6928,28046,40895,Eptesicus serotinus,0.007,0.023,-1,Echolocation,/mnt/ubna_data_02_mir/recover-20220922/UBNA_001/20220921_090000.WAV,Telephone Field,recover-20220922,001,1795
10.7065,10.7153,25468,33000,Eptesicus serotinus,0.008,0.023,-1,Echolocation,/mnt/ubna_data_02_mir/recover-20220922/UBNA_001/20220921_090000.WAV,Telephone Field,recover-20220922,001,1795
10.7155,10.7542,68437,82066,Rhinolophus ferrumequinum,0.026,0.026,-1,Echolocation,/mnt/ubna_data_02_mir/recover-20220922/UBNA_001/20220921_090000.WAV,Telephone Field,recover-20220922,001,1795
10.7515,10.7594,28906,39013,Eptesicus serotinus,0.007,0.023,-1,Echolocation,/mnt/ubna_data_02_mir/recover-20220922/UBNA_001/20220921_090000.WAV,Telephone Field,recover-20220922,001,1795
10.7925,10.7987,28046,37829,Eptesicus serotinus,0.008,0.031,-1,Echolocation,/mnt/ubna_data_02_mir/recover-20220922/UBNA_001/20220921_090000.WAV,Telephone Field,recover-20220922,001,1795
10.7955,10.8312,68437,81332,Rhinolophus ferrumequinum,0.022,0.022,-1,Echolocation,/mnt/ubna_data_02_mir/recover-20220922/UBNA_001/20220921_090000.WAV,Telephone Field,recover-20220922,001,1795
10.8205,10.86,68437,82929,Rhinolophus ferrumequinum,0.025,0.025,-1,Echolocation,/mnt/ubna_data_02_mir/recover-20220922/UBNA_001/20220921_090000.WAV,Telephone Field,recover-20220922,001,1795
10.8255,10.8346,22890,28826,Plecotus austriacus,0.007,0.021,-1,Echolocation,/mnt/ubna_data_02_mir/recover-20220922/UBNA_001/20220921_090000.WAV,Telephone Field,recover-20220922,001,1795
10.8285,10.8703,68437,82414,Rhinolophus ferrumequinum,0.024,0.024,-1,Echolocation,/mnt/ubna_data_02_mir/recover-20220922/UBNA_001/20220921_090000.WAV,Telephone Field,recover-20220922,001,1795
10.8355,10.8764,68437,82330,Rhinolophus ferrumequinum,0.022,0.022,-1,Echolocation,/mnt/ubna_data_02_mir/recover-20220922/UBNA_001/20220921_090000.WAV,Telephone Field,recover-20220922,001,1795
10.8515,10.8589,28046,39215,Eptesicus serotinus,0.008,0.025,-1,Echolocation,/mnt/ubna_data_02_mir/recover-20220922/UBNA_001/20220921_090000.WAV,Telephone Field,recover-20220922,001,1795
10.8635,10.9027,68437,82770,Rhinolophus ferrumequinum,0.021,0.021,-1,Echolocation,/mnt/ubna_data_02_mir/recover-20220922/UBNA_001/20220921_090000.WAV,Telephone Field,recover-20220922,001,1795
10.8865,10.8967,22890,28429,Nyctalus leisleri,0.011,0.023,-1,Echolocation,/mnt/ubna_data_02_mir/recover-20220922/UBNA_001/20220921_090000.WAV,Telephone Field,recover-20220922,001,1795
10.8955,10.9027,23750,31821,Plecotus austriacus,0.013,0.026,-1,Echolocation,/mnt/ubna_data_02_mir/recover-20220922/UBNA_001/20220921_090000.WAV,Telephone Field,recover-20220922,001,1795
10.9195,10.964,68437,83553,Rhinolophus ferrumequinum,0.038,0.038,-1,Echolocation,/mnt/ubna_data_02_mir/recover-20220922/UBNA_001/20220921_090000.WAV,Telephone Field,recover-20220922,001,1795
10.9205,10.9272,28046,39212,Eptesicus serotinus,0.005,0.022,-1,Echolocation,/mnt/ubna_data_02_mir/recover-20220922/UBNA_001/20220921_090000.WAV,Telephone Field,recover-20220922,001,1795
10.9375,10.9477,28046,36600,Eptesicus serotinus,0.01,0.025,-1,Echolocation,/mnt/ubna_data_02_mir/recover-20220922/UBNA_001/20220921_090000.WAV,Telephone Field,recover-20220922,001,1795
10.9495,10.9885,68437,82225,Rhinolophus ferrumequinum,0.022,0.022,-1,Echolocation,/mnt/ubna_data_02_mir/recover-20220922/UBNA_001/20220921_090000.WAV,Telephone Field,recover-20220922,001,1795
10.9695,11.0081,68437,82518,Rhinolophus ferrumequinum,0.027,0.027,-1,Echolocation,/mnt/ubna_data_02_mir/recover-20220922/UBNA_001/20220921_090000.WAV,Telephone Field,recover-20220922,001,1795
10.9875,10.9955,28906,37420,Eptesicus serotinus,0.006,0.021,-1,Echolocation,/mnt/ubna_data_02_mir/recover-20220922/UBNA_001/20220921_090000.WAV,Telephone Field,recover-20220922,001,1795
11.0015,11.0384,68437,81715,Rhinolophus ferrumequinum,0.022,0.022,-1,Echolocation,/mnt/ubna_data_02_mir/recover-20220922/UBNA_001/20220921_090000.WAV,Telephone Field,recover-20220922,001,1795
11.0525,11.0633,27187,34176,Eptesicus serotinus,0.011,0.023,-1,Echolocation,/mnt/ubna_data_02_mir/recover-20220922/UBNA_001/20220921_090000.WAV,Telephone Field,recover-20220922,001,1795
11.0755,11.0838,49531,54075,Pipistrellus pipistrellus,0.017,0.021,-1,Echolocation,/mnt/ubna_data_02_mir/recover-20220922/UBNA_001/20220921_090000.WAV,Telephone Field,recover-20220922,001,1795
11.1085,11.1177,28906,36646,Eptesicus serotinus,0.007,0.021,-1,Echolocation,/mnt/ubna_data_02_mir/recover-20220922/UBNA_001/20220921_090000.WAV,Telephone Field,recover-20220922,001,1795
11.1165,11.1539,68437,82403,Rhinolophus ferrumequinum,0.023,0.023,-1,Echolocation,/mnt/ubna_data_02_mir/recover-20220922/UBNA_001/20220921_090000.WAV,Telephone Field,recover-20220922,001,1795
11.1265,11.1625,68437,82169,Rhinolophus ferrumequinum,0.023,0.023,-1,Echolocation,/mnt/ubna_data_02_mir/recover-20220922/UBNA_001/20220921_090000.WAV,Telephone Field,recover-20220922,001,1795
11.1585,11.1947,68437,81738,Rhinolophus ferrumequinum,0.023,0.023,-1,Echolocation,/mnt/ubna_data_02_mir/recover-20220922/UBNA_001/20220921_090000.WAV,Telephone Field,recover-20220922,001,1795
11.1665,11.2051,68437,81659,Rhinolophus ferrumequinum,0.023,0.023,-1,Echolocation,/mnt/ubna_data_02_mir/recover-20220922/UBNA_001/20220921_090000.WAV,Telephone Field,recover-20220922,001,1795
11.1905,11.2262,68437,80855,Rhinolophus ferrumequinum,0.021,0.021,-1,Echolocation,/mnt/ubna_data_02_mir/recover-20220922/UBNA_001/20220921_090000.WAV,Telephone Field,recover-20220922,001,1795
11.1915,11.2038,22890,27083,Nyctalus leisleri,0.012,0.021,-1,Echolocation,/mnt/ubna_data_02_mir/recover-20220922/UBNA_001/20220921_090000.WAV,Telephone Field,recover-20220922,001,1795
11.2505,11.2902,68437,82941,Rhinolophus ferrumequinum,0.027,0.027,-1,Echolocation,/mnt/ubna_data_02_mir/recover-20220922/UBNA_001/20220921_090000.WAV,Telephone Field,recover-20220922,001,1795
11.2535,11.2618,28046,38065,Eptesicus serotinus,0.007,0.022,-1,Echolocation,/mnt/ubna_data_02_mir/recover-20220922/UBNA_001/20220921_090000.WAV,Telephone Field,recover-20220922,001,1795
11.2635,11.2717,28046,37871,Eptesicus serotinus,0.007,0.023,-1,Echolocation,/mnt/ubna_data_02_mir/recover-20220922/UBNA_001/20220921_090000.WAV,Telephone Field,recover-20220922,001,1795
11.2935,11.333,68437,82437,Rhinolophus ferrumequinum,0.021,0.021,-1,Echolocation,/mnt/ubna_data_02_mir/recover-20220922/UBNA_001/20220921_090000.WAV,Telephone Field,recover-20220922,001,1795
11.3375,11.376,68437,81644,Rhinolophus ferrumequinum,0.021,0.021,-1,Echolocation,/mnt/ubna_data_02_mir/recover-20220922/UBNA_001/20220921_090000.WAV,Telephone Field,recover-20220922,001,1795
11.3435,11.3515,27187,38226,Eptesicus serotinus,0.006,0.021,-1,Echolocation,/mnt/ubna_data_02_mir/recover-20220922/UBNA_001/20220921_090000.WAV,Telephone Field,recover-20220922,001,1795
11.3675,11.4105,68437,82887,Rhinolophus ferrumequinum,0.028,0.028,-1,Echolocation,/mnt/ubna_data_02_mir/recover-20220922/UBNA_001/20220921_090000.WAV,Telephone Field,recover-20220922,001,1795
11.3785,11.4186,68437,83019,Rhinolophus ferrumequinum,0.024,0.024,-1,Echolocation,/mnt/ubna_data_02_mir/recover-20220922/UBNA_001/20220921_090000.WAV,Telephone Field,recover-20220922,001,1795
11.4235,11.464,68437,82066,Rhinolophus ferrumequinum,0.023,0.023,-1,Echolocation,/mnt/ubna_data_02_mir/recover-20220922/UBNA_001/20220921_090000.WAV,Telephone Field,recover-20220922,001,1795
11.4635,11.5015,68437,82034,Rhinolophus ferrumequinum,0.022,0.022,-1,Echolocation,/mnt/ubna_data_02_mir/recover-20220922/UBNA_001/20220921_090000.WAV,Telephone Field,recover-20220922,001,1795
11.4665,11.4735,28046,39127,Eptesicus serotinus,0.005,0.021,-1,Echolocation,/mnt/ubna_data_02_mir/recover-20220922/UBNA_001/20220921_090000.WAV,Telephone Field,recover-20220922,001,1795
11.4805,11.4876,24609,33258,Plecotus austriacus,0.007,0.022,-1,Echolocation,/mnt/ubna_data_02_mir/recover-20220922/UBNA_001/20220921_090000.WAV,Telephone Field,recover-20220922,001,1795
11.5095,11.5502,68437,82500,Rhinolophus ferrumequinum,0.022,0.022,-1,Echolocation,/mnt/ubna_data_02_mir/recover-20220922/UBNA_001/20220921_090000.WAV,Telephone Field,recover-20220922,001,1795
11.5405,11.5462,46093,51866,Pipistrellus pipistrellus,0.064,0.068,-1,Echolocation,/mnt/ubna_data_02_mir/recover-20220922/UBNA_001/20220921_090000.WAV,Telephone Field,recover-20220922,001,1795
11.5405,11.5462,35781,57702,Myotis brandtii,0.008,0.021,-1,Echolocation,/mnt/ubna_data_02_mir/recover-20220922/UBNA_001/20220921_090000.WAV,Telephone Field,recover-20220922,001,1795
11.5425,11.5487,27187,41060,Plecotus auritus,0.006,0.03,-1,Echolocation,/mnt/ubna_data_02_mir/recover-20220922/UBNA_001/20220921_090000.WAV,Telephone Field,recover-20220922,001,1795
11.5665,11.6094,68437,82642,Rhinolophus ferrumequinum,0.027,0.027,-1,Echolocation,/mnt/ubna_data_02_mir/recover-20220922/UBNA_001/20220921_090000.WAV,Telephone Field,recover-20220922,001,1795
11.6095,11.617,51250,58457,Pipistrellus pipistrellus,0.021,0.026,-1,Echolocation,/mnt/ubna_data_02_mir/recover-20220922/UBNA_001/20220921_090000.WAV,Telephone Field,recover-20220922,001,1795
11.6385,11.6476,28906,37299,Eptesicus serotinus,0.008,0.022,-1,Echolocation,/mnt/ubna_data_02_mir/recover-20220922/UBNA_001/20220921_090000.WAV,Telephone Field,recover-20220922,001,1795
11.6405,11.6784,68437,81847,Rhinolophus ferrumequinum,0.022,0.022,-1,Echolocation,/mnt/ubna_data_02_mir/recover-20220922/UBNA_001/20220921_090000.WAV,Telephone Field,recover-20220922,001,1795
11.6495,11.6911,68437,83498,Rhinolophus ferrumequinum,0.033,0.033,-1,Echolocation,/mnt/ubna_data_02_mir/recover-20220922/UBNA_001/20220921_090000.WAV,Telephone Field,recover-20220922,001,1795
11.6695,11.71,68437,83183,Rhinolophus ferrumequinum,0.028,0.028,-1,Echolocation,/mnt/ubna_data_02_mir/recover-20220922/UBNA_001/20220921_090000.WAV,Telephone Field,recover-20220922,001,1795
11.6895,11.7019,23750,28927,Nyctalus leisleri,0.012,0.025,-1,Echolocation,/mnt/ubna_data_02_mir/recover-20220922/UBNA_001/20220921_090000.WAV,Telephone Field,recover-20220922,001,1795
11.6935,11.7366,68437,83033,Rhinolophus ferrumequinum,0.025,0.025,-1,Echolocation,/mnt/ubna_data_02_mir/recover-20220922/UBNA_001/20220921_090000.WAV,Telephone Field,recover-20220922,001,1795
11.7345,11.7736,68437,82154,Rhinolophus ferrumequinum,0.021,0.021,-1,Echolocation,/mnt/ubna_data_02_mir/recover-20220922/UBNA_001/20220921_090000.WAV,Telephone Field,recover-20220922,001,1795
11.7845,11.8225,68437,81154,Rhinolophus ferrumequinum,0.022,0.022,-1,Echolocation,/mnt/ubna_data_02_mir/recover-20220922/UBNA_001/20220921_090000.WAV,Telephone Field,recover-20220922,001,1795
11.8105,11.8176,46953,50376,Pipistrellus pipistrellus,0.032,0.033,-1,Echolocation,/mnt/ubna_data_02_mir/recover-20220922/UBNA_001/20220921_090000.WAV,Telephone Field,recover-20220922,001,1795
11.8535,11.8934,68437,82769,Rhinolophus ferrumequinum,0.041,0.041,-1,Echolocation,/mnt/ubna_data_02_mir/recover-20220922/UBNA_001/20220921_090000.WAV,Telephone Field,recover-20220922,001,1795
11.8605,11.8675,23750,32888,Plecotus austriacus,0.017,0.032,-1,Echolocation,/mnt/ubna_data_02_mir/recover-20220922/UBNA_001/20220921_090000.WAV,Telephone Field,recover-20220922,001,1795
11.8845,11.892,50390,57027,Pipistrellus pipistrellus,0.018,0.022,-1,Echolocation,/mnt/ubna_data_02_mir/recover-20220922/UBNA_001/20220921_090000.WAV,Telephone Field,recover-20220922,001,1795
11.9235,11.9327,28906,36903,Eptesicus serotinus,0.009,0.023,-1,Echolocation,/mnt/ubna_data_02_mir/recover-20220922/UBNA_001/20220921_090000.WAV,Telephone Field,recover-20220922,001,1795
11.9335,11.9699,68437,81759,Rhinolophus ferrumequinum,0.021,0.021,-1,Echolocation,/mnt/ubna_data_02_mir/recover-20220922/UBNA_001/20220921_090000.WAV,Telephone Field,recover-20220922,001,1795
11.9435,11.952,28046,41645,Eptesicus serotinus,0.007,0.021,-1,Echolocation,/mnt/ubna_data_02_mir/recover-20220922/UBNA_001/20220921_090000.WAV,Telephone Field,recover-20220922,001,1795
11.9595,11.9976,68437,81305,Rhinolophus ferrumequinum,0.021,0.022,-1,Echolocation,/mnt/ubna_data_02_mir/recover-20220922/UBNA_001/20220921_090000.WAV,Telephone Field,recover-20220922,001,1795
11.9675,11.9757,27187,37758,Eptesicus serotinus,0.008,0.023,-1,Echolocation,/mnt/ubna_data_02_mir/recover-20220922/UBNA_001/20220921_090000.WAV,Telephone Field,recover-20220922,001,1795
11.9835,11.9925,27187,34734,Eptesicus serotinus,0.009,0.025,-1,Echolocation,/mnt/ubna_data_02_mir/recover-20220922/UBNA_001/20220921_090000.WAV,Telephone Field,recover-20220922,001,1795
12.0015,12.0169,19453,24081,Nyctalus noctula,0.018,0.041,-1,Echolocation,/mnt/ubna_data_02_mir/recover-20220922/UBNA_001/20220921_090000.WAV,Telephone Field,recover-20220922,001,1795
12.0015,12.0355,68437,79751,Rhinolophus ferrumequinum,0.024,0.024,-1,Echolocation,/mnt/ubna_data_02_mir/recover-20220922/UBNA_001/20220921_090000.WAV,Telephone Field,recover-20220922,001,1795
12.0505,12.093,68437,82992,Rhinolophus ferrumequinum,0.026,0.026,-1,Echolocation,/mnt/ubna_data_02_mir/recover-20220922/UBNA_001/20220921_090000.WAV,Telephone Field,recover-20220922,001,1795
12.1245,12.167,68437,83350,Rhinolophus ferrumequinum,0.023,0.023,-1,Echolocation,/mnt/ubna_data_02_mir/recover-20220922/UBNA_001/20220921_090000.WAV,Telephone Field,recover-20220922,001,1795
12.1555,12.19,68437,80876,Rhinolophus ferrumequinum,0.022,0.022,-1,Echolocation,/mnt/ubna_data_02_mir/recover-20220922/UBNA_001/20220921_090000.WAV,Telephone Field,recover-20220922,001,1795
12.1775,12.218,68437,82251,Rhinolophus ferrumequinum,0.022,0.022,-1,Echolocation,/mnt/ubna_data_02_mir/recover-20220922/UBNA_001/20220921_090000.WAV,Telephone Field,recover-20220922,001,1795
12.1995,12.2092,28046,36627,Eptesicus serotinus,0.046,0.073,-1,Echolocation,/mnt/ubna_data_02_mir/recover-20220922/UBNA_001/20220921_090000.WAV,Telephone Field,recover-20220922,001,1795
12.2085,12.217,49531,58027,Pipistrellus pipistrellus,0.055,0.065,-1,Echolocation,/mnt/ubna_data_02_mir/recover-20220922/UBNA_001/20220921_090000.WAV,Telephone Field,recover-20220922,001,1795
12.2205,12.2359,22031,25754,Nyctalus leisleri,0.014,0.023,-1,Echolocation,/mnt/ubna_data_02_mir/recover-20220922/UBNA_001/20220921_090000.WAV,Telephone Field,recover-20220922,001,1795
12.2505,12.286,68437,81622,Rhinolophus ferrumequinum,0.023,0.023,-1,Echolocation,/mnt/ubna_data_02_mir/recover-20220922/UBNA_001/20220921_090000.WAV,Telephone Field,recover-20220922,001,1795
12.3255,12.3647,68437,82554,Rhinolophus ferrumequinum,0.023,0.023,-1,Echolocation,/mnt/ubna_data_02_mir/recover-20220922/UBNA_001/20220921_090000.WAV,Telephone Field,recover-20220922,001,1795
12.3325,12.3409,27187,37830,Eptesicus serotinus,0.008,0.022,-1,Echolocation,/mnt/ubna_data_02_mir/recover-20220922/UBNA_001/20220921_090000.WAV,Telephone Field,recover-20220922,001,1795
12.3515,12.392,68437,81918,Rhinolophus ferrumequinum,0.022,0.022,-1,Echolocation,/mnt/ubna_data_02_mir/recover-20220922/UBNA_001/20220921_090000.WAV,Telephone Field,recover-20220922,001,1795
12.3525,12.3607,28046,36446,Eptesicus serotinus,0.015,0.034,-1,Echolocation,/mnt/ubna_data_02_mir/recover-20220922/UBNA_001/20220921_090000.WAV,Telephone Field,recover-20220922,001,1795
12.3825,12.4195,68437,81509,Rhinolophus ferrumequinum,0.028,0.028,-1,Echolocation,/mnt/ubna_data_02_mir/recover-20220922/UBNA_001/20220921_090000.WAV,Telephone Field,recover-20220922,001,1795
12.3865,12.3968,23750,29512,Nyctalus leisleri,0.009,0.022,-1,Echolocation,/mnt/ubna_data_02_mir/recover-20220922/UBNA_001/20220921_090000.WAV,Telephone Field,recover-20220922,001,1795
12.3905,12.3983,45234,57918,Pipistrellus pipistrellus,0.015,0.041,-1,Echolocation,/mnt/ubna_data_02_mir/recover-20220922/UBNA_001/20220921_090000.WAV,Telephone Field,recover-20220922,001,1795
12.3925,12.3978,37500,63044,Myotis brandtii,0.012,0.028,-1,Echolocation,/mnt/ubna_data_02_mir/recover-20220922/UBNA_001/20220921_090000.WAV,Telephone Field,recover-20220922,001,1795
12.4095,12.4539,68437,83142,Rhinolophus ferrumequinum,0.027,0.027,-1,Echolocation,/mnt/ubna_data_02_mir/recover-20220922/UBNA_001/20220921_090000.WAV,Telephone Field,recover-20220922,001,1795
12.4135,12.4216,27187,38476,Eptesicus serotinus,0.008,0.023,-1,Echolocation,/mnt/ubna_data_02_mir/recover-20220922/UBNA_001/20220921_090000.WAV,Telephone Field,recover-20220922,001,1795
12.4265,12.4684,68437,82764,Rhinolophus ferrumequinum,0.03,0.03,-1,Echolocation,/mnt/ubna_data_02_mir/recover-20220922/UBNA_001/20220921_090000.WAV,Telephone Field,recover-20220922,001,1795
12.4595,12.4983,68437,82162,Rhinolophus ferrumequinum,0.021,0.021,-1,Echolocation,/mnt/ubna_data_02_mir/recover-20220922/UBNA_001/20220921_090000.WAV,Telephone Field,recover-20220922,001,1795
12.5385,12.5779,68437,81726,Rhinolophus ferrumequinum,0.024,0.024,-1,Echolocation,/mnt/ubna_data_02_mir/recover-20220922/UBNA_001/20220921_090000.WAV,Telephone Field,recover-20220922,001,1795
12.5585,12.5661,27187,41646,Eptesicus serotinus,0.007,0.022,-1,Echolocation,/mnt/ubna_data_02_mir/recover-20220922/UBNA_001/20220921_090000.WAV,Telephone Field,recover-20220922,001,1795
12.5705,12.5803,28046,35685,Eptesicus serotinus,0.009,0.021,-1,Echolocation,/mnt/ubna_data_02_mir/recover-20220922/UBNA_001/20220921_090000.WAV,Telephone Field,recover-20220922,001,1795
12.5795,12.6159,68437,81453,Rhinolophus ferrumequinum,0.022,0.022,-1,Echolocation,/mnt/ubna_data_02_mir/recover-20220922/UBNA_001/20220921_090000.WAV,Telephone Field,recover-20220922,001,1795
12.5995,12.6372,68437,82099,Rhinolophus ferrumequinum,0.024,0.024,-1,Echolocation,/mnt/ubna_data_02_mir/recover-20220922/UBNA_001/20220921_090000.WAV,Telephone Field,recover-20220922,001,1795
12.6065,12.615,27187,37392,Eptesicus serotinus,0.008,0.022,-1,Echolocation,/mnt/ubna_data_02_mir/recover-20220922/UBNA_001/20220921_090000.WAV,Telephone Field,recover-20220922,001,1795
12.6195,12.659,68437,82291,Rhinolophus ferrumequinum,0.021,0.021,-1,Echolocation,/mnt/ubna_data_02_mir/recover-20220922/UBNA_001/20220921_090000.WAV,Telephone Field,recover-20220922,001,1795
12.6235,12.631,22890,31240,Plecotus austriacus,0.009,0.022,-1,Echolocation,/mnt/ubna_data_02_mir/recover-20220922/UBNA_001/20220921_090000.WAV,Telephone Field,recover-20220922,001,1795
12.6265,12.6343,28906,38988,Eptesicus serotinus,0.008,0.024,-1,Echolocation,/mnt/ubna_data_02_mir/recover-20220922/UBNA_001/20220921_090000.WAV,Telephone Field,recover-20220922,001,1795
12.6385,12.6737,68437,81333,Rhinolophus ferrumequinum,0.022,0.022,-1,Echolocation,/mnt/ubna_data_02_mir/recover-20220922/UBNA_001/20220921_090000.WAV,Telephone Field,recover-20220922,001,1795
12.6885,12.7307,68437,82819,Rhinolophus ferrumequinum,0.022,0.022,-1,Echolocation,/mnt/ubna_data_02_mir/recover-20220922/UBNA_001/20220921_090000.WAV,Telephone Field,recover-20220922,001,1795
12.7115,12.7194,27187,38698,Eptesicus serotinus,0.009,0.025,-1,Echolocation,/mnt/ubna_data_02_mir/recover-20220922/UBNA_001/20220921_090000.WAV,Telephone Field,recover-20220922,001,1795
12.7115,12.7538,68437,82448,Rhinolophus ferrumequinum,0.029,0.029,-1,Echolocation,/mnt/ubna_data_02_mir/recover-20220922/UBNA_001/20220921_090000.WAV,Telephone Field,recover-20220922,001,1795
12.7505,12.7605,24609,31860,Nyctalus leisleri,0.01,0.03,-1,Echolocation,/mnt/ubna_data_02_mir/recover-20220922/UBNA_001/20220921_090000.WAV,Telephone Field,recover-20220922,001,1795
12.7815,12.8205,68437,81546,Rhinolophus ferrumequinum,0.025,0.025,-1,Echolocation,/mnt/ubna_data_02_mir/recover-20220922/UBNA_001/20220921_090000.WAV,Telephone Field,recover-20220922,001,1795
12.7815,12.7897,28046,38785,Eptesicus serotinus,0.007,0.022,-1,Echolocation,/mnt/ubna_data_02_mir/recover-20220922/UBNA_001/20220921_090000.WAV,Telephone Field,recover-20220922,001,1795
12.7985,12.8073,27187,35375,Eptesicus serotinus,0.009,0.021,-1,Echolocation,/mnt/ubna_data_02_mir/recover-20220922/UBNA_001/20220921_090000.WAV,Telephone Field,recover-20220922,001,1795
12.8045,12.8447,68437,82322,Rhinolophus ferrumequinum,0.023,0.023,-1,Echolocation,/mnt/ubna_data_02_mir/recover-20220922/UBNA_001/20220921_090000.WAV,Telephone Field,recover-20220922,001,1795
12.8215,12.8308,26328,33942,Eptesicus serotinus,0.017,0.04,-1,Echolocation,/mnt/ubna_data_02_mir/recover-20220922/UBNA_001/20220921_090000.WAV,Telephone Field,recover-20220922,001,1795
12.8655,12.9065,68437,82584,Rhinolophus ferrumequinum,0.022,0.022,-1,Echolocation,/mnt/ubna_data_02_mir/recover-20220922/UBNA_001/20220921_090000.WAV,Telephone Field,recover-20220922,001,1795
12.8845,12.8921,23750,31914,Plecotus austriacus,0.009,0.023,-1,Echolocation,/mnt/ubna_data_02_mir/recover-20220922/UBNA_001/20220921_090000.WAV,Telephone Field,recover-20220922,001,1795
12.8845,12.8921,28906,37942,Eptesicus serotinus,0.007,0.023,-1,Echolocation,/mnt/ubna_data_02_mir/recover-20220922/UBNA_001/20220921_090000.WAV,Telephone Field,recover-20220922,001,1795
12.8985,12.9409,68437,82433,Rhinolophus ferrumequinum,0.021,0.021,-1,Echolocation,/mnt/ubna_data_02_mir/recover-20220922/UBNA_001/20220921_090000.WAV,Telephone Field,recover-20220922,001,1795
12.8995,12.9104,25468,32734,Eptesicus serotinus,0.011,0.026,-1,Echolocation,/mnt/ubna_data_02_mir/recover-20220922/UBNA_001/20220921_090000.WAV,Telephone Field,recover-20220922,001,1795
12.9055,12.9483,68437,83153,Rhinolophus ferrumequinum,0.023,0.023,-1,Echolocation,/mnt/ubna_data_02_mir/recover-20220922/UBNA_001/20220921_090000.WAV,Telephone Field,recover-20220922,001,1795
12.9285,12.9361,28906,37561,Eptesicus serotinus,0.007,0.021,-1,Echolocation,/mnt/ubna_data_02_mir/recover-20220922/UBNA_001/20220921_090000.WAV,Telephone Field,recover-20220922,001,1795
12.9825,12.9931,23750,29753,Nyctalus leisleri,0.012,0.028,-1,Echolocation,/mnt/ubna_data_02_mir/recover-20220922/UBNA_001/20220921_090000.WAV,Telephone Field,recover-20220922,001,1795
13.0105,13.0494,68437,82476,Rhinolophus ferrumequinum,0.022,0.022,-1,Echolocation,/mnt/ubna_data_02_mir/recover-20220922/UBNA_001/20220921_090000.WAV,Telephone Field,recover-20220922,001,1795
13.0185,13.0583,68437,82553,Rhinolophus ferrumequinum,0.022,0.022,-1,Echolocation,/mnt/ubna_data_02_mir/recover-20220922/UBNA_001/20220921_090000.WAV,Telephone Field,recover-20220922,001,1795
13.0755,13.0863,28046,36430,Eptesicus serotinus,0.014,0.029,-1,Echolocation,/mnt/ubna_data_02_mir/recover-20220922/UBNA_001/20220921_090000.WAV,Telephone Field,recover-20220922,001,1795
13.1765,13.2155,68437,81680,Rhinolophus ferrumequinum,0.023,0.023,-1,Echolocation,/mnt/ubna_data_02_mir/recover-20220922/UBNA_001/20220921_090000.WAV,Telephone Field,recover-20220922,001,1795
13.1965,13.2042,28046,39659,Eptesicus serotinus,0.007,0.021,-1,Echolocation,/mnt/ubna_data_02_mir/recover-20220922/UBNA_001/20220921_090000.WAV,Telephone Field,recover-20220922,001,1795
13.2145,13.2256,24609,30655,Nyctalus leisleri,0.01,0.025,-1,Echolocation,/mnt/ubna_data_02_mir/recover-20220922/UBNA_001/20220921_090000.WAV,Telephone Field,recover-20220922,001,1795
13.2755,13.3142,68437,81635,Rhinolophus ferrumequinum,0.021,0.021,-1,Echolocation,/mnt/ubna_data_02_mir/recover-20220922/UBNA_001/20220921_090000.WAV,Telephone Field,recover-20220922,001,1795
13.3155,13.3231,28046,39945,Eptesicus serotinus,0.008,0.027,-1,Echolocation,/mnt/ubna_data_02_mir/recover-20220922/UBNA_001/20220921_090000.WAV,Telephone Field,recover-20220922,001,1795
13.3275,13.3675,68437,82726,Rhinolophus ferrumequinum,0.024,0.024,-1,Echolocation,/mnt/ubna_data_02_mir/recover-20220922/UBNA_001/20220921_090000.WAV,Telephone Field,recover-20220922,001,1795
13.3505,13.3603,23750,30109,Nyctalus leisleri,0.009,0.027,-1,Echolocation,/mnt/ubna_data_02_mir/recover-20220922/UBNA_001/20220921_090000.WAV,Telephone Field,recover-20220922,001,1795
13.4495,13.4596,23750,29977,Nyctalus leisleri,0.008,0.021,-1,Echolocation,/mnt/ubna_data_02_mir/recover-20220922/UBNA_001/20220921_090000.WAV,Telephone Field,recover-20220922,001,1795
13.4795,13.4874,14296,22465,Plecotus auritus,0.036,0.049,-1,Echolocation,/mnt/ubna_data_02_mir/recover-20220922/UBNA_001/20220921_090000.WAV,Telephone Field,recover-20220922,001,1795
13.4825,13.5226,68437,82655,Rhinolophus ferrumequinum,0.023,0.023,-1,Echolocation,/mnt/ubna_data_02_mir/recover-20220922/UBNA_001/20220921_090000.WAV,Telephone Field,recover-20220922,001,1795
13.5155,13.5257,22890,28778,Nyctalus leisleri,0.01,0.024,-1,Echolocation,/mnt/ubna_data_02_mir/recover-20220922/UBNA_001/20220921_090000.WAV,Telephone Field,recover-20220922,001,1795
13.5435,13.551,28046,37815,Eptesicus serotinus,0.007,0.023,-1,Echolocation,/mnt/ubna_data_02_mir/recover-20220922/UBNA_001/20220921_090000.WAV,Telephone Field,recover-20220922,001,1795
13.5785,13.6156,68437,82397,Rhinolophus ferrumequinum,0.024,0.024,-1,Echolocation,/mnt/ubna_data_02_mir/recover-20220922/UBNA_001/20220921_090000.WAV,Telephone Field,recover-20220922,001,1795
13.5945,13.6043,27187,36063,Eptesicus serotinus,0.01,0.024,-1,Echolocation,/mnt/ubna_data_02_mir/recover-20220922/UBNA_001/20220921_090000.WAV,Telephone Field,recover-20220922,001,1795
13.6045,13.6167,26328,32826,Eptesicus serotinus,0.012,0.024,-1,Echolocation,/mnt/ubna_data_02_mir/recover-20220922/UBNA_001/20220921_090000.WAV,Telephone Field,recover-20220922,001,1795
13.6125,13.6239,28046,34552,Eptesicus serotinus,0.015,0.029,-1,Echolocation,/mnt/ubna_data_02_mir/recover-20220922/UBNA_001/20220921_090000.WAV,Telephone Field,recover-20220922,001,1795
13.6585,13.6979,68437,82338,Rhinolophus ferrumequinum,0.022,0.022,-1,Echolocation,/mnt/ubna_data_02_mir/recover-20220922/UBNA_001/20220921_090000.WAV,Telephone Field,recover-20220922,001,1795
13.7165,13.7543,68437,83114,Rhinolophus ferrumequinum,0.027,0.027,-1,Echolocation,/mnt/ubna_data_02_mir/recover-20220922/UBNA_001/20220921_090000.WAV,Telephone Field,recover-20220922,001,1795
13.7755,13.8166,68437,82564,Rhinolophus ferrumequinum,0.026,0.026,-1,Echolocation,/mnt/ubna_data_02_mir/recover-20220922/UBNA_001/20220921_090000.WAV,Telephone Field,recover-20220922,001,1795
13.7995,13.8158,27187,32131,Eptesicus serotinus,0.055,0.102,-1,Echolocation,/mnt/ubna_data_02_mir/recover-20220922/UBNA_001/20220921_090000.WAV,Telephone Field,recover-20220922,001,1795
13.8535,13.8726,19453,22209,Nyctalus leisleri,0.011,0.021,-1,Echolocation,/mnt/ubna_data_02_mir/recover-20220922/UBNA_001/20220921_090000.WAV,Telephone Field,recover-20220922,001,1795
13.8565,13.8663,35781,44547,Myotis daubentonii,0.006,0.025,-1,Echolocation,/mnt/ubna_data_02_mir/recover-20220922/UBNA_001/20220921_090000.WAV,Telephone Field,recover-20220922,001,1795
13.8715,13.8788,22890,31402,Plecotus austriacus,0.013,0.027,-1,Echolocation,/mnt/ubna_data_02_mir/recover-20220922/UBNA_001/20220921_090000.WAV,Telephone Field,recover-20220922,001,1795
13.9005,13.9117,23750,28820,Nyctalus leisleri,0.009,0.021,-1,Echolocation,/mnt/ubna_data_02_mir/recover-20220922/UBNA_001/20220921_090000.WAV,Telephone Field,recover-20220922,001,1795
13.9265,13.935,28046,37576,Eptesicus serotinus,0.008,0.021,-1,Echolocation,/mnt/ubna_data_02_mir/recover-20220922/UBNA_001/20220921_090000.WAV,Telephone Field,recover-20220922,001,1795
13.9425,13.9846,68437,82786,Rhinolophus ferrumequinum,0.024,0.024,-1,Echolocation,/mnt/ubna_data_02_mir/recover-20220922/UBNA_001/20220921_090000.WAV,Telephone Field,recover-20220922,001,1795
13.9765,13.9832,28046,38538,Eptesicus serotinus,0.006,0.021,-1,Echolocation,/mnt/ubna_data_02_mir/recover-20220922/UBNA_001/20220921_090000.WAV,Telephone Field,recover-20220922,001,1795
13.9885,13.9976,27187,37287,Eptesicus serotinus,0.01,0.024,-1,Echolocation,/mnt/ubna_data_02_mir/recover-20220922/UBNA_001/20220921_090000.WAV,Telephone Field,recover-20220922,001,1795
14.0015,14.014,19453,23909,Nyctalus leisleri,0.009,0.024,-1,Echolocation,/mnt/ubna_data_02_mir/recover-20220922/UBNA_001/20220921_090000.WAV,Telephone Field,recover-20220922,001,1795
14.0015,14.0333,68437,80182,Rhinolophus ferrumequinum,0.045,0.045,-1,Echolocation,/mnt/ubna_data_02_mir/recover-20220922/UBNA_001/20220921_090000.WAV,Telephone Field,recover-20220922,001,1795
14.0235,14.0314,28046,40267,Eptesicus serotinus,0.008,0.022,-1,Echolocation,/mnt/ubna_data_02_mir/recover-20220922/UBNA_001/20220921_090000.WAV,Telephone Field,recover-20220922,001,1795
14.0645,14.103,68437,81955,Rhinolophus ferrumequinum,0.026,0.026,-1,Echolocation,/mnt/ubna_data_02_mir/recover-20220922/UBNA_001/20220921_090000.WAV,Telephone Field,recover-20220922,001,1795
14.0795,14.0879,24609,32686,Eptesicus serotinus,0.006,0.023,-1,Echolocation,/mnt/ubna_data_02_mir/recover-20220922/UBNA_001/20220921_090000.WAV,Telephone Field,recover-20220922,001,1795
14.0805,14.1144,68437,81255,Rhinolophus ferrumequinum,0.021,0.021,-1,Echolocation,/mnt/ubna_data_02_mir/recover-20220922/UBNA_001/20220921_090000.WAV,Telephone Field,recover-20220922,001,1795
14.0875,14.1234,68437,81069,Rhinolophus ferrumequinum,0.022,0.022,-1,Echolocation,/mnt/ubna_data_02_mir/recover-20220922/UBNA_001/20220921_090000.WAV,Telephone Field,recover-20220922,001,1795
14.1205,14.1623,68437,82940,Rhinolophus ferrumequinum,0.021,0.021,-1,Echolocation,/mnt/ubna_data_02_mir/recover-20220922/UBNA_001/20220921_090000.WAV,Telephone Field,recover-20220922,001,1795
14.1355,14.1449,25468,34061,Eptesicus serotinus,0.008,0.022,-1,Echolocation,/mnt/ubna_data_02_mir/recover-20220922/UBNA_001/20220921_090000.WAV,Telephone Field,recover-20220922,001,1795
14.1395,14.178,68437,82813,Rhinolophus ferrumequinum,0.025,0.025,-1,Echolocation,/mnt/ubna_data_02_mir/recover-20220922/UBNA_001/20220921_090000.WAV,Telephone Field,recover-20220922,001,1795
14.1445,14.1525,25468,33636,Eptesicus serotinus,0.006,0.022,-1,Echolocation,/mnt/ubna_data_02_mir/recover-20220922/UBNA_001/20220921_090000.WAV,Telephone Field,recover-20220922,001,1795
14.1635,14.1734,22890,29198,Nyctalus leisleri,0.008,0.023,-1,Echolocation,/mnt/ubna_data_02_mir/recover-20220922/UBNA_001/20220921_090000.WAV,Telephone Field,recover-20220922,001,1795
14.1775,14.2175,68437,82333,Rhinolophus ferrumequinum,0.02,0.02,-1,Echolocation,/mnt/ubna_data_02_mir/recover-20220922/UBNA_001/20220921_090000.WAV,Telephone Field,recover-20220922,001,1795
14.2115,14.2219,28046,36461,Eptesicus serotinus,0.01,0.023,-1,Echolocation,/mnt/ubna_data_02_mir/recover-20220922/UBNA_001/20220921_090000.WAV,Telephone Field,recover-20220922,001,1795
14.2185,14.2545,68437,81301,Rhinolophus ferrumequinum,0.022,0.022,-1,Echolocation,/mnt/ubna_data_02_mir/recover-20220922/UBNA_001/20220921_090000.WAV,Telephone Field,recover-20220922,001,1795
14.2345,14.2708,68437,82105,Rhinolophus ferrumequinum,0.021,0.021,-1,Echolocation,/mnt/ubna_data_02_mir/recover-20220922/UBNA_001/20220921_090000.WAV,Telephone Field,recover-20220922,001,1795
14.2475,14.2567,28046,35803,Eptesicus serotinus,0.019,0.036,-1,Echolocation,/mnt/ubna_data_02_mir/recover-20220922/UBNA_001/20220921_090000.WAV,Telephone Field,recover-20220922,001,1795
14.2505,14.2925,68437,82268,Rhinolophus ferrumequinum,0.025,0.025,-1,Echolocation,/mnt/ubna_data_02_mir/recover-20220922/UBNA_001/20220921_090000.WAV,Telephone Field,recover-20220922,001,1795
14.2635,14.2983,68437,81175,Rhinolophus ferrumequinum,0.021,0.021,-1,Echolocation,/mnt/ubna_data_02_mir/recover-20220922/UBNA_001/20220921_090000.WAV,Telephone Field,recover-20220922,001,1795
14.2785,14.2861,28046,39897,Eptesicus serotinus,0.007,0.021,-1,Echolocation,/mnt/ubna_data_02_mir/recover-20220922/UBNA_001/20220921_090000.WAV,Telephone Field,recover-20220922,001,1795
14.2915,14.3308,68437,82535,Rhinolophus ferrumequinum,0.022,0.022,-1,Echolocation,/mnt/ubna_data_02_mir/recover-20220922/UBNA_001/20220921_090000.WAV,Telephone Field,recover-20220922,001,1795
14.3595,14.3681,15156,21462,Plecotus auritus,0.015,0.038,-1,Echolocation,/mnt/ubna_data_02_mir/recover-20220922/UBNA_001/20220921_090000.WAV,Telephone Field,recover-20220922,001,1795
14.3665,14.409,68437,83337,Rhinolophus ferrumequinum,0.031,0.031,-1,Echolocation,/mnt/ubna_data_02_mir/recover-20220922/UBNA_001/20220921_090000.WAV,Telephone Field,recover-20220922,001,1795
14.3735,14.3818,27187,38321,Eptesicus serotinus,0.008,0.022,-1,Echolocation,/mnt/ubna_data_02_mir/recover-20220922/UBNA_001/20220921_090000.WAV,Telephone Field,recover-20220922,001,1795
14.4025,14.4392,68437,81836,Rhinolophus ferrumequinum,0.02,0.02,-1,Echolocation,/mnt/ubna_data_02_mir/recover-20220922/UBNA_001/20220921_090000.WAV,Telephone Field,recover-20220922,001,1795
14.4205,14.4291,28906,38011,Eptesicus serotinus,0.009,0.023,-1,Echolocation,/mnt/ubna_data_02_mir/recover-20220922/UBNA_001/20220921_090000.WAV,Telephone Field,recover-20220922,001,1795
14.4575,14.4955,68437,82233,Rhinolophus ferrumequinum,0.023,0.023,-1,Echolocation,/mnt/ubna_data_02_mir/recover-20220922/UBNA_001/20220921_090000.WAV,Telephone Field,recover-20220922,001,1795
14.5005,14.5135,22031,26340,Nyctalus leisleri,0.011,0.022,-1,Echolocation,/mnt/ubna_data_02_mir/recover-20220922/UBNA_001/20220921_090000.WAV,Telephone Field,recover-20220922,001,1795
14.5075,14.5152,28046,39750,Eptesicus serotinus,0.008,0.021,-1,Echolocation,/mnt/ubna_data_02_mir/recover-20220922/UBNA_001/20220921_090000.WAV,Telephone Field,recover-20220922,001,1795
14.5465,14.5838,68437,82052,Rhinolophus ferrumequinum,0.023,0.023,-1,Echolocation,/mnt/ubna_data_02_mir/recover-20220922/UBNA_001/20220921_090000.WAV,Telephone Field,recover-20220922,001,1795
14.5625,14.6004,68437,82326,Rhinolophus ferrumequinum,0.022,0.022,-1,Echolocation,/mnt/ubna_data_02_mir/recover-20220922/UBNA_001/20220921_090000.WAV,Telephone Field,recover-20220922,001,1795
14.6015,14.6401,68437,81845,Rhinolophus ferrumequinum,0.022,0.022,-1,Echolocation,/mnt/ubna_data_02_mir/recover-20220922/UBNA_001/20220921_090000.WAV,Telephone Field,recover-20220922,001,1795
14.6195,14.6584,68437,81846,Rhinolophus ferrumequinum,0.02,0.02,-1,Echolocation,/mnt/ubna_data_02_mir/recover-20220922/UBNA_001/20220921_090000.WAV,Telephone Field,recover-20220922,001,1795
14.6495,14.6947,68437,83627,Rhinolophus ferrumequinum,0.054,0.054,-1,Echolocation,/mnt/ubna_data_02_mir/recover-20220922/UBNA_001/20220921_090000.WAV,Telephone Field,recover-20220922,001,1795
14.7065,14.7133,27187,41244,Eptesicus serotinus,0.006,0.022,-1,Echolocation,/mnt/ubna_data_02_mir/recover-20220922/UBNA_001/20220921_090000.WAV,Telephone Field,recover-20220922,001,1795
14.7105,14.7506,68437,82451,Rhinolophus ferrumequinum,0.033,0.033,-1,Echolocation,/mnt/ubna_data_02_mir/recover-20220922/UBNA_001/20220921_090000.WAV,Telephone Field,recover-20220922,001,1795
14.7275,14.7346,30625,40403,Myotis daubentonii,0.009,0.023,-1,Echolocation,/mnt/ubna_data_02_mir/recover-20220922/UBNA_001/20220921_090000.WAV,Telephone Field,recover-20220922,001,1795
14.7275,14.7355,23750,31790,Plecotus austriacus,0.007,0.021,-1,Echolocation,/mnt/ubna_data_02_mir/recover-20220922/UBNA_001/20220921_090000.WAV,Telephone Field,recover-20220922,001,1795
14.7415,14.781,68437,82213,Rhinolophus ferrumequinum,0.021,0.021,-1,Echolocation,/mnt/ubna_data_02_mir/recover-20220922/UBNA_001/20220921_090000.WAV,Telephone Field,recover-20220922,001,1795
14.7495,14.7885,68437,82095,Rhinolophus ferrumequinum,0.02,0.02,-1,Echolocation,/mnt/ubna_data_02_mir/recover-20220922/UBNA_001/20220921_090000.WAV,Telephone Field,recover-20220922,001,1795
14.7525,14.7615,27187,37376,Eptesicus serotinus,0.008,0.021,-1,Echolocation,/mnt/ubna_data_02_mir/recover-20220922/UBNA_001/20220921_090000.WAV,Telephone Field,recover-20220922,001,1795
14.7795,14.8173,68437,81263,Rhinolophus ferrumequinum,0.023,0.023,-1,Echolocation,/mnt/ubna_data_02_mir/recover-20220922/UBNA_001/20220921_090000.WAV,Telephone Field,recover-20220922,001,1795
14.7855,14.7947,27187,37130,Eptesicus serotinus,0.009,0.021,-1,Echolocation,/mnt/ubna_data_02_mir/recover-20220922/UBNA_001/20220921_090000.WAV,Telephone Field,recover-20220922,001,1795
14.7875,14.8256,68437,82219,Rhinolophus ferrumequinum,0.02,0.02,-1,Echolocation,/mnt/ubna_data_02_mir/recover-20220922/UBNA_001/20220921_090000.WAV,Telephone Field,recover-20220922,001,1795
14.8095,14.8189,28046,38738,Eptesicus serotinus,0.008,0.021,-1,Echolocation,/mnt/ubna_data_02_mir/recover-20220922/UBNA_001/20220921_090000.WAV,Telephone Field,recover-20220922,001,1795
14.8175,14.8556,68437,82443,Rhinolophus ferrumequinum,0.024,0.024,-1,Echolocation,/mnt/ubna_data_02_mir/recover-20220922/UBNA_001/20220921_090000.WAV,Telephone Field,recover-20220922,001,1795
14.8265,14.8663,68437,82175,Rhinolophus ferrumequinum,0.024,0.024,-1,Echolocation,/mnt/ubna_data_02_mir/recover-20220922/UBNA_001/20220921_090000.WAV,Telephone Field,recover-20220922,001,1795
14.8515,14.8936,68437,83575,Rhinolophus ferrumequinum,0.038,0.038,-1,Echolocation,/mnt/ubna_data_02_mir/recover-20220922/UBNA_001/20220921_090000.WAV,Telephone Field,recover-20220922,001,1795
14.9065,14.916,28906,37788,Eptesicus serotinus,0.011,0.025,-1,Echolocation,/mnt/ubna_data_02_mir/recover-20220922/UBNA_001/20220921_090000.WAV,Telephone Field,recover-20220922,001,1795
14.9075,14.9483,68437,82774,Rhinolophus ferrumequinum,0.027,0.027,-1,Echolocation,/mnt/ubna_data_02_mir/recover-20220922/UBNA_001/20220921_090000.WAV,Telephone Field,recover-20220922,001,1795
14.9475,14.9896,68437,82838,Rhinolophus ferrumequinum,0.03,0.03,-1,Echolocation,/mnt/ubna_data_02_mir/recover-20220922/UBNA_001/20220921_090000.WAV,Telephone Field,recover-20220922,001,1795
14.9655,14.974,28046,39782,Eptesicus serotinus,0.01,0.026,-1,Echolocation,/mnt/ubna_data_02_mir/recover-20220922/UBNA_001/20220921_090000.WAV,Telephone Field,recover-20220922,001,1795
14.9925,14.9996,45234,51278,Pipistrellus pipistrellus,0.022,0.024,-1,Echolocation,/mnt/ubna_data_02_mir/recover-20220922/UBNA_001/20220921_090000.WAV,Telephone Field,recover-20220922,001,1795
15.0005,15.0426,68437,83125,Rhinolophus ferrumequinum,0.035,0.035,-1,Echolocation,/mnt/ubna_data_02_mir/recover-20220922/UBNA_001/20220921_090000.WAV,Telephone Field,recover-20220922,001,1795
15.0105,15.0209,28906,36785,Eptesicus serotinus,0.014,0.026,-1,Echolocation,/mnt/ubna_data_02_mir/recover-20220922/UBNA_001/20220921_090000.WAV,Telephone Field,recover-20220922,001,1795
15.0405,15.0547,22890,28232,Nyctalus leisleri,0.015,0.03,-1,Echolocation,/mnt/ubna_data_02_mir/recover-20220922/UBNA_001/20220921_090000.WAV,Telephone Field,recover-20220922,001,1795
15.0455,15.0848,68437,82421,Rhinolophus ferrumequinum,0.049,0.049,-1,Echolocation,/mnt/ubna_data_02_mir/recover-20220922/UBNA_001/20220921_090000.WAV,Telephone Field,recover-20220922,001,1795
15.0795,15.0892,23750,30547,Eptesicus serotinus,0.007,0.02,-1,Echolocation,/mnt/ubna_data_02_mir/recover-20220922/UBNA_001/20220921_090000.WAV,Telephone Field,recover-20220922,001,1795
15.0855,15.0962,14296,21189,Nyctalus noctula,0.015,0.03,-1,Echolocation,/mnt/ubna_data_02_mir/recover-20220922/UBNA_001/20220921_090000.WAV,Telephone Field,recover-20220922,001,1795
15.0985,15.135,68437,81171,Rhinolophus ferrumequinum,0.022,0.022,-1,Echolocation,/mnt/ubna_data_02_mir/recover-20220922/UBNA_001/20220921_090000.WAV,Telephone Field,recover-20220922,001,1795
15.1025,15.1129,22031,26831,Nyctalus leisleri,0.013,0.029,-1,Echolocation,/mnt/ubna_data_02_mir/recover-20220922/UBNA_001/20220921_090000.WAV,Telephone Field,recover-20220922,001,1795
15.1155,15.1546,68437,82189,Rhinolophus ferrumequinum,0.023,0.023,-1,Echolocation,/mnt/ubna_data_02_mir/recover-20220922/UBNA_001/20220921_090000.WAV,Telephone Field,recover-20220922,001,1795
15.1415,15.1823,68437,82653,Rhinolophus ferrumequinum,0.024,0.024,-1,Echolocation,/mnt/ubna_data_02_mir/recover-20220922/UBNA_001/20220921_090000.WAV,Telephone Field,recover-20220922,001,1795
15.1825,15.2262,68437,83397,Rhinolophus ferrumequinum,0.032,0.032,-1,Echolocation,/mnt/ubna_data_02_mir/recover-20220922/UBNA_001/20220921_090000.WAV,Telephone Field,recover-20220922,001,1795
15.1875,15.1933,28046,41437,Plecotus auritus,0.01,0.039,-1,Echolocation,/mnt/ubna_data_02_mir/recover-20220922/UBNA_001/20220921_090000.WAV,Telephone Field,recover-20220922,001,1795
15.2235,15.2595,68437,81858,Rhinolophus ferrumequinum,0.024,0.024,-1,Echolocation,/mnt/ubna_data_02_mir/recover-20220922/UBNA_001/20220921_090000.WAV,Telephone Field,recover-20220922,001,1795
15.2375,15.279,68437,82495,Rhinolophus ferrumequinum,0.022,0.022,-1,Echolocation,/mnt/ubna_data_02_mir/recover-20220922/UBNA_001/20220921_090000.WAV,Telephone Field,recover-20220922,001,1795
15.2865,15.3237,68437,81398,Rhinolophus ferrumequinum,0.021,0.021,-1,Echolocation,/mnt/ubna_data_02_mir/recover-20220922/UBNA_001/20220921_090000.WAV,Telephone Field,recover-20220922,001,1795
15.3085,15.3185,23750,30086,Nyctalus leisleri,0.007,0.021,-1,Echolocation,/mnt/ubna_data_02_mir/recover-20220922/UBNA_001/20220921_090000.WAV,Telephone Field,recover-20220922,001,1795
15.3095,15.3485,68437,82639,Rhinolophus ferrumequinum,0.022,0.022,-1,Echolocation,/mnt/ubna_data_02_mir/recover-20220922/UBNA_001/20220921_090000.WAV,Telephone Field,recover-20220922,001,1795
15.3145,15.3242,26328,34794,Eptesicus serotinus,0.01,0.022,-1,Echolocation,/mnt/ubna_data_02_mir/recover-20220922/UBNA_001/20220921_090000.WAV,Telephone Field,recover-20220922,001,1795
15.3255,15.3349,24609,32648,Nyctalus leisleri,0.006,0.021,-1,Echolocation,/mnt/ubna_data_02_mir/recover-20220922/UBNA_001/20220921_090000.WAV,Telephone Field,recover-20220922,001,1795
15.3465,15.3538,27187,40549,Eptesicus serotinus,0.007,0.022,-1,Echolocation,/mnt/ubna_data_02_mir/recover-20220922/UBNA_001/20220921_090000.WAV,Telephone Field,recover-20220922,001,1795
15.3515,15.3887,68437,82203,Rhinolophus ferrumequinum,0.026,0.026,-1,Echolocation,/mnt/ubna_data_02_mir/recover-20220922/UBNA_001/20220921_090000.WAV,Telephone Field,recover-20220922,001,1795
15.3795,15.3874,27187,39611,Eptesicus serotinus,0.007,0.021,-1,Echolocation,/mnt/ubna_data_02_mir/recover-20220922/UBNA_001/20220921_090000.WAV,Telephone Field,recover-20220922,001,1795
15.3965,15.4329,68437,81621,Rhinolophus ferrumequinum,0.023,0.023,-1,Echolocation,/mnt/ubna_data_02_mir/recover-20220922/UBNA_001/20220921_090000.WAV,Telephone Field,recover-20220922,001,1795
15.4285,15.469,68437,82601,Rhinolophus ferrumequinum,0.047,0.047,-1,Echolocation,/mnt/ubna_data_02_mir/recover-20220922/UBNA_001/20220921_090000.WAV,Telephone Field,recover-20220922,001,1795
15.4435,15.4845,68437,82773,Rhinolophus ferrumequinum,0.023,0.023,-1,Echolocation,/mnt/ubna_data_02_mir/recover-20220922/UBNA_001/20220921_090000.WAV,Telephone Field,recover-20220922,001,1795
15.4495,15.4898,68437,82681,Rhinolophus ferrumequinum,0.022,0.022,-1,Echolocation,/mnt/ubna_data_02_mir/recover-20220922/UBNA_001/20220921_090000.WAV,Telephone Field,recover-20220922,001,1795
15.4675,15.4778,28906,36966,Eptesicus serotinus,0.018,0.032,-1,Echolocation,/mnt/ubna_data_02_mir/recover-20220922/UBNA_001/20220921_090000.WAV,Telephone Field,recover-20220922,001,1795
15.4695,15.5063,68437,81645,Rhinolophus ferrumequinum,0.024,0.024,-1,Echolocation,/mnt/ubna_data_02_mir/recover-20220922/UBNA_001/20220921_090000.WAV,Telephone Field,recover-20220922,001,1795
15.4825,15.5206,68437,81321,Rhinolophus ferrumequinum,0.024,0.024,-1,Echolocation,/mnt/ubna_data_02_mir/recover-20220922/UBNA_001/20220921_090000.WAV,Telephone Field,recover-20220922,001,1795
15.5155,15.5562,68437,82849,Rhinolophus ferrumequinum,0.024,0.024,-1,Echolocation,/mnt/ubna_data_02_mir/recover-20220922/UBNA_001/20220921_090000.WAV,Telephone Field,recover-20220922,001,1795
15.5185,15.5249,24609,40867,Plecotus austriacus,0.008,0.029,-1,Echolocation,/mnt/ubna_data_02_mir/recover-20220922/UBNA_001/20220921_090000.WAV,Telephone Field,recover-20220922,001,1795
15.5325,15.5723,68437,82653,Rhinolophus ferrumequinum,0.023,0.023,-1,Echolocation,/mnt/ubna_data_02_mir/recover-20220922/UBNA_001/20220921_090000.WAV,Telephone Field,recover-20220922,001,1795
15.5595,15.5688,27187,36047,Eptesicus serotinus,0.01,0.023,-1,Echolocation,/mnt/ubna_data_02_mir/recover-20220922/UBNA_001/20220921_090000.WAV,Telephone Field,recover-20220922,001,1795
15.5695,15.5791,23750,30192,Nyctalus leisleri,0.008,0.022,-1,Echolocation,/mnt/ubna_data_02_mir/recover-20220922/UBNA_001/20220921_090000.WAV,Telephone Field,recover-20220922,001,1795
15.6015,15.6391,68437,81808,Rhinolophus ferrumequinum,0.021,0.021,-1,Echolocation,/mnt/ubna_data_02_mir/recover-20220922/UBNA_001/20220921_090000.WAV,Telephone Field,recover-20220922,001,1795
15.6035,15.6115,27187,37840,Eptesicus serotinus,0.006,0.02,-1,Echolocation,/mnt/ubna_data_02_mir/recover-20220922/UBNA_001/20220921_090000.WAV,Telephone Field,recover-20220922,001,1795
15.6115,15.6492,68437,81984,Rhinolophus ferrumequinum,0.02,0.02,-1,Echolocation,/mnt/ubna_data_02_mir/recover-20220922/UBNA_001/20220921_090000.WAV,Telephone Field,recover-20220922,001,1795
15.6465,15.6832,68437,81190,Rhinolophus ferrumequinum,0.02,0.02,-1,Echolocation,/mnt/ubna_data_02_mir/recover-20220922/UBNA_001/20220921_090000.WAV,Telephone Field,recover-20220922,001,1795
15.6665,15.6764,22031,28504,Nyctalus leisleri,0.009,0.026,-1,Echolocation,/mnt/ubna_data_02_mir/recover-20220922/UBNA_001/20220921_090000.WAV,Telephone Field,recover-20220922,001,1795
15.6775,15.7132,68437,81863,Rhinolophus ferrumequinum,0.023,0.023,-1,Echolocation,/mnt/ubna_data_02_mir/recover-20220922/UBNA_001/20220921_090000.WAV,Telephone Field,recover-20220922,001,1795
15.7165,15.7591,68437,83196,Rhinolophus ferrumequinum,0.029,0.029,-1,Echolocation,/mnt/ubna_data_02_mir/recover-20220922/UBNA_001/20220921_090000.WAV,Telephone Field,recover-20220922,001,1795
15.7325,15.7408,25468,34728,Eptesicus serotinus,0.006,0.02,-1,Echolocation,/mnt/ubna_data_02_mir/recover-20220922/UBNA_001/20220921_090000.WAV,Telephone Field,recover-20220922,001,1795
15.7455,15.7834,68437,81960,Rhinolophus ferrumequinum,0.022,0.022,-1,Echolocation,/mnt/ubna_data_02_mir/recover-20220922/UBNA_001/20220921_090000.WAV,Telephone Field,recover-20220922,001,1795
15.7595,15.7685,14296,23568,Nyctalus noctula,0.01,0.024,-1,Echolocation,/mnt/ubna_data_02_mir/recover-20220922/UBNA_001/20220921_090000.WAV,Telephone Field,recover-20220922,001,1795
15.7745,15.814,68437,82886,Rhinolophus ferrumequinum,0.033,0.033,-1,Echolocation,/mnt/ubna_data_02_mir/recover-20220922/UBNA_001/20220921_090000.WAV,Telephone Field,recover-20220922,001,1795
15.7845,15.7958,15156,22417,Nyctalus noctula,0.016,0.027,-1,Echolocation,/mnt/ubna_data_02_mir/recover-20220922/UBNA_001/20220921_090000.WAV,Telephone Field,recover-20220922,001,1795
15.7845,15.7941,26328,34690,Eptesicus serotinus,0.01,0.027,-1,Echolocation,/mnt/ubna_data_02_mir/recover-20220922/UBNA_001/20220921_090000.WAV,Telephone Field,recover-20220922,001,1795
15.7985,15.8091,26328,32456,Eptesicus serotinus,0.01,0.023,-1,Echolocation,/mnt/ubna_data_02_mir/recover-20220922/UBNA_001/20220921_090000.WAV,Telephone Field,recover-20220922,001,1795
15.8455,15.8788,68437,81027,Rhinolophus ferrumequinum,0.02,0.02,-1,Echolocation,/mnt/ubna_data_02_mir/recover-20220922/UBNA_001/20220921_090000.WAV,Telephone Field,recover-20220922,001,1795
15.8665,15.8796,29765,34002,Eptesicus serotinus,0.051,0.094,-1,Echolocation,/mnt/ubna_data_02_mir/recover-20220922/UBNA_001/20220921_090000.WAV,Telephone Field,recover-20220922,001,1795
15.8775,15.9169,68437,81848,Rhinolophus ferrumequinum,0.023,0.023,-1,Echolocation,/mnt/ubna_data_02_mir/recover-20220922/UBNA_001/20220921_090000.WAV,Telephone Field,recover-20220922,001,1795
15.9025,15.9138,28906,35899,Eptesicus serotinus,0.046,0.07,-1,Echolocation,/mnt/ubna_data_02_mir/recover-20220922/UBNA_001/20220921_090000.WAV,Telephone Field,recover-20220922,001,1795
15.9355,15.9438,28046,38427,Eptesicus serotinus,0.008,0.022,-1,Echolocation,/mnt/ubna_data_02_mir/recover-20220922/UBNA_001/20220921_090000.WAV,Telephone Field,recover-20220922,001,1795
15.9605,15.9684,25468,34323,Eptesicus serotinus,0.006,0.02,-1,Echolocation,/mnt/ubna_data_02_mir/recover-20220922/UBNA_001/20220921_090000.WAV,Telephone Field,recover-20220922,001,1795
16.0015,16.035,68437,80911,Rhinolophus ferrumequinum,0.065,0.065,-1,Echolocation,/mnt/ubna_data_02_mir/recover-20220922/UBNA_001/20220921_090000.WAV,Telephone Field,recover-20220922,001,1795
16.0015,16.0118,21171,25632,Nyctalus leisleri,0.017,0.033,-1,Echolocation,/mnt/ubna_data_02_mir/recover-20220922/UBNA_001/20220921_090000.WAV,Telephone Field,recover-20220922,001,1795
16.0085,16.0506,68437,82686,Rhinolophus ferrumequinum,0.024,0.024,-1,Echolocation,/mnt/ubna_data_02_mir/recover-20220922/UBNA_001/20220921_090000.WAV,Telephone Field,recover-20220922,001,1795
16.0125,16.0208,30625,39867,Eptesicus serotinus,0.006,0.022,-1,Echolocation,/mnt/ubna_data_02_mir/recover-20220922/UBNA_001/20220921_090000.WAV,Telephone Field,recover-20220922,001,1795
16.0195,16.0286,28906,36758,Eptesicus serotinus,0.009,0.022,-1,Echolocation,/mnt/ubna_data_02_mir/recover-20220922/UBNA_001/20220921_090000.WAV,Telephone Field,recover-20220922,001,1795
16.0315,16.0662,68437,81398,Rhinolophus ferrumequinum,0.041,0.041,-1,Echolocation,/mnt/ubna_data_02_mir/recover-20220922/UBNA_001/20220921_090000.WAV,Telephone Field,recover-20220922,001,1795
16.0585,16.103,68437,83602,Rhinolophus ferrumequinum,0.034,0.034,-1,Echolocation,/mnt/ubna_data_02_mir/recover-20220922/UBNA_001/20220921_090000.WAV,Telephone Field,recover-20220922,001,1795
16.0725,16.0828,24609,31004,Nyctalus leisleri,0.017,0.05,-1,Echolocation,/mnt/ubna_data_02_mir/recover-20220922/UBNA_001/20220921_090000.WAV,Telephone Field,recover-20220922,001,1795
16.1355,16.1776,68437,83158,Rhinolophus ferrumequinum,0.024,0.024,-1,Echolocation,/mnt/ubna_data_02_mir/recover-20220922/UBNA_001/20220921_090000.WAV,Telephone Field,recover-20220922,001,1795
16.1745,16.2136,68437,82372,Rhinolophus ferrumequinum,0.023,0.023,-1,Echolocation,/mnt/ubna_data_02_mir/recover-20220922/UBNA_001/20220921_090000.WAV,Telephone Field,recover-20220922,001,1795
16.1985,16.2056,28046,39304,Eptesicus serotinus,0.007,0.023,-1,Echolocation,/mnt/ubna_data_02_mir/recover-20220922/UBNA_001/20220921_090000.WAV,Telephone Field,recover-20220922,001,1795
16.2095,16.2457,68437,82398,Rhinolophus ferrumequinum,0.024,0.025,-1,Echolocation,/mnt/ubna_data_02_mir/recover-20220922/UBNA_001/20220921_090000.WAV,Telephone Field,recover-20220922,001,1795
16.2435,16.2521,28046,40221,Eptesicus serotinus,0.008,0.021,-1,Echolocation,/mnt/ubna_data_02_mir/recover-20220922/UBNA_001/20220921_090000.WAV,Telephone Field,recover-20220922,001,1795
16.2625,16.3029,68437,82371,Rhinolophus ferrumequinum,0.021,0.021,-1,Echolocation,/mnt/ubna_data_02_mir/recover-20220922/UBNA_001/20220921_090000.WAV,Telephone Field,recover-20220922,001,1795
16.2725,16.2802,26328,39519,Eptesicus serotinus,0.006,0.021,-1,Echolocation,/mnt/ubna_data_02_mir/recover-20220922/UBNA_001/20220921_090000.WAV,Telephone Field,recover-20220922,001,1795
16.2795,16.2877,23750,31027,Plecotus austriacus,0.009,0.021,-1,Echolocation,/mnt/ubna_data_02_mir/recover-20220922/UBNA_001/20220921_090000.WAV,Telephone Field,recover-20220922,001,1795
16.2945,16.3354,68437,82655,Rhinolophus ferrumequinum,0.028,0.028,-1,Echolocation,/mnt/ubna_data_02_mir/recover-20220922/UBNA_001/20220921_090000.WAV,Telephone Field,recover-20220922,001,1795
16.3355,16.3757,68437,82362,Rhinolophus ferrumequinum,0.022,0.022,-1,Echolocation,/mnt/ubna_data_02_mir/recover-20220922/UBNA_001/20220921_090000.WAV,Telephone Field,recover-20220922,001,1795
16.3825,16.3923,23750,29855,Nyctalus leisleri,0.008,0.021,-1,Echolocation,/mnt/ubna_data_02_mir/recover-20220922/UBNA_001/20220921_090000.WAV,Telephone Field,recover-20220922,001,1795
16.3985,16.4375,68437,81938,Rhinolophus ferrumequinum,0.021,0.021,-1,Echolocation,/mnt/ubna_data_02_mir/recover-20220922/UBNA_001/20220921_090000.WAV,Telephone Field,recover-20220922,001,1795
16.4205,16.4611,68437,82986,Rhinolophus ferrumequinum,0.024,0.024,-1,Echolocation,/mnt/ubna_data_02_mir/recover-20220922/UBNA_001/20220921_090000.WAV,Telephone Field,recover-20220922,001,1795
16.4365,16.4777,68437,81964,Rhinolophus ferrumequinum,0.021,0.021,-1,Echolocation,/mnt/ubna_data_02_mir/recover-20220922/UBNA_001/20220921_090000.WAV,Telephone Field,recover-20220922,001,1795
16.4455,16.4558,28906,38010,Eptesicus serotinus,0.01,0.022,-1,Echolocation,/mnt/ubna_data_02_mir/recover-20220922/UBNA_001/20220921_090000.WAV,Telephone Field,recover-20220922,001,1795
16.4655,16.5065,68437,82598,Rhinolophus ferrumequinum,0.021,0.021,-1,Echolocation,/mnt/ubna_data_02_mir/recover-20220922/UBNA_001/20220921_090000.WAV,Telephone Field,recover-20220922,001,1795
16.4825,16.523,68437,82275,Rhinolophus ferrumequinum,0.021,0.021,-1,Echolocation,/mnt/ubna_data_02_mir/recover-20220922/UBNA_001/20220921_090000.WAV,Telephone Field,recover-20220922,001,1795
16.5265,16.5649,68437,82092,Rhinolophus ferrumequinum,0.022,0.022,-1,Echolocation,/mnt/ubna_data_02_mir/recover-20220922/UBNA_001/20220921_090000.WAV,Telephone Field,recover-20220922,001,1795
16.5445,16.5846,68437,82791,Rhinolophus ferrumequinum,0.029,0.029,-1,Echolocation,/mnt/ubna_data_02_mir/recover-20220922/UBNA_001/20220921_090000.WAV,Telephone Field,recover-20220922,001,1795
16.5525,16.5606,24609,33730,Plecotus austriacus,0.009,0.027,-1,Echolocation,/mnt/ubna_data_02_mir/recover-20220922/UBNA_001/20220921_090000.WAV,Telephone Field,recover-20220922,001,1795
16.5675,16.6121,68437,83352,Rhinolophus ferrumequinum,0.033,0.033,-1,Echolocation,/mnt/ubna_data_02_mir/recover-20220922/UBNA_001/20220921_090000.WAV,Telephone Field,recover-20220922,001,1795
16.6015,16.6238,19453,22394,Nyctalus leisleri,0.017,0.033,-1,Echolocation,/mnt/ubna_data_02_mir/recover-20220922/UBNA_001/20220921_090000.WAV,Telephone Field,recover-20220922,001,1795
16.6265,16.6359,26328,34063,Eptesicus serotinus,0.008,0.024,-1,Echolocation,/mnt/ubna_data_02_mir/recover-20220922/UBNA_001/20220921_090000.WAV,Telephone Field,recover-20220922,001,1795
16.6705,16.7108,68437,82283,Rhinolophus ferrumequinum,0.024,0.024,-1,Echolocation,/mnt/ubna_data_02_mir/recover-20220922/UBNA_001/20220921_090000.WAV,Telephone Field,recover-20220922,001,1795
16.6705,16.6783,28046,38417,Eptesicus serotinus,0.008,0.023,-1,Echolocation,/mnt/ubna_data_02_mir/recover-20220922/UBNA_001/20220921_090000.WAV,Telephone Field,recover-20220922,001,1795
16.6865,16.726,68437,82256,Rhinolophus ferrumequinum,0.022,0.022,-1,Echolocation,/mnt/ubna_data_02_mir/recover-20220922/UBNA_001/20220921_090000.WAV,Telephone Field,recover-20220922,001,1795
16.7235,16.7638,68437,83070,Rhinolophus ferrumequinum,0.028,0.028,-1,Echolocation,/mnt/ubna_data_02_mir/recover-20220922/UBNA_001/20220921_090000.WAV,Telephone Field,recover-20220922,001,1795
16.7265,16.7375,28046,35426,Eptesicus serotinus,0.013,0.028,-1,Echolocation,/mnt/ubna_data_02_mir/recover-20220922/UBNA_001/20220921_090000.WAV,Telephone Field,recover-20220922,001,1795
16.7685,16.808,68437,81760,Rhinolophus ferrumequinum,0.021,0.022,-1,Echolocation,/mnt/ubna_data_02_mir/recover-20220922/UBNA_001/20220921_090000.WAV,Telephone Field,recover-20220922,001,1795
16.7735,16.8123,68437,81865,Rhinolophus ferrumequinum,0.022,0.022,-1,Echolocation,/mnt/ubna_data_02_mir/recover-20220922/UBNA_001/20220921_090000.WAV,Telephone Field,recover-20220922,001,1795
16.8045,16.8472,68437,83079,Rhinolophus ferrumequinum,0.025,0.025,-1,Echolocation,/mnt/ubna_data_02_mir/recover-20220922/UBNA_001/20220921_090000.WAV,Telephone Field,recover-20220922,001,1795
16.8245,16.8346,22890,29159,Nyctalus leisleri,0.009,0.023,-1,Echolocation,/mnt/ubna_data_02_mir/recover-20220922/UBNA_001/20220921_090000.WAV,Telephone Field,recover-20220922,001,1795
16.8315,16.8382,28906,40813,Eptesicus serotinus,0.008,0.025,-1,Echolocation,/mnt/ubna_data_02_mir/recover-20220922/UBNA_001/20220921_090000.WAV,Telephone Field,recover-20220922,001,1795
16.8795,16.9187,68437,82106,Rhinolophus ferrumequinum,0.025,0.025,-1,Echolocation,/mnt/ubna_data_02_mir/recover-20220922/UBNA_001/20220921_090000.WAV,Telephone Field,recover-20220922,001,1795
16.8865,16.8997,23750,29216,Nyctalus leisleri,0.012,0.026,-1,Echolocation,/mnt/ubna_data_02_mir/recover-20220922/UBNA_001/20220921_090000.WAV,Telephone Field,recover-20220922,001,1795
16.9435,16.9819,68437,80981,Rhinolophus ferrumequinum,0.029,0.029,-1,Echolocation,/mnt/ubna_data_02_mir/recover-20220922/UBNA_001/20220921_090000.WAV,Telephone Field,recover-20220922,001,1795
16.9605,16.9998,68437,82374,Rhinolophus ferrumequinum,0.022,0.022,-1,Echolocation,/mnt/ubna_data_02_mir/recover-20220922/UBNA_001/20220921_090000.WAV,Telephone Field,recover-20220922,001,1795
16.9755,17.0116,68437,81620,Rhinolophus ferrumequinum,0.022,0.022,-1,Echolocation,/mnt/ubna_data_02_mir/recover-20220922/UBNA_001/20220921_090000.WAV,Telephone Field,recover-20220922,001,1795
16.9955,17.0044,28046,36474,Eptesicus serotinus,0.011,0.024,-1,Echolocation,/mnt/ubna_data_02_mir/recover-20220922/UBNA_001/20220921_090000.WAV,Telephone Field,recover-20220922,001,1795
17.0435,17.0842,68437,82334,Rhinolophus ferrumequinum,0.024,0.024,-1,Echolocation,/mnt/ubna_data_02_mir/recover-20220922/UBNA_001/20220921_090000.WAV,Telephone Field,recover-20220922,001,1795
17.0635,17.0749,22031,26486,Nyctalus leisleri,0.012,0.023,-1,Echolocation,/mnt/ubna_data_02_mir/recover-20220922/UBNA_001/20220921_090000.WAV,Telephone Field,recover-20220922,001,1795
17.0725,17.1099,68437,81722,Rhinolophus ferrumequinum,0.022,0.022,-1,Echolocation,/mnt/ubna_data_02_mir/recover-20220922/UBNA_001/20220921_090000.WAV,Telephone Field,recover-20220922,001,1795
17.0845,17.122,68437,81950,Rhinolophus ferrumequinum,0.023,0.023,-1,Echolocation,/mnt/ubna_data_02_mir/recover-20220922/UBNA_001/20220921_090000.WAV,Telephone Field,recover-20220922,001,1795
17.1025,17.11,23750,32852,Plecotus austriacus,0.01,0.023,-1,Echolocation,/mnt/ubna_data_02_mir/recover-20220922/UBNA_001/20220921_090000.WAV,Telephone Field,recover-20220922,001,1795
17.1035,17.1439,68437,82717,Rhinolophus ferrumequinum,0.021,0.021,-1,Echolocation,/mnt/ubna_data_02_mir/recover-20220922/UBNA_001/20220921_090000.WAV,Telephone Field,recover-20220922,001,1795
17.1205,17.1647,68437,82973,Rhinolophus ferrumequinum,0.025,0.025,-1,Echolocation,/mnt/ubna_data_02_mir/recover-20220922/UBNA_001/20220921_090000.WAV,Telephone Field,recover-20220922,001,1795
17.1215,17.1366,23750,29648,Nyctalus leisleri,0.026,0.068,-1,Echolocation,/mnt/ubna_data_02_mir/recover-20220922/UBNA_001/20220921_090000.WAV,Telephone Field,recover-20220922,001,1795
17.1515,17.1595,28046,38715,Eptesicus serotinus,0.008,0.023,-1,Echolocation,/mnt/ubna_data_02_mir/recover-20220922/UBNA_001/20220921_090000.WAV,Telephone Field,recover-20220922,001,1795
17.1695,17.1836,22031,25976,Nyctalus leisleri,0.013,0.023,-1,Echolocation,/mnt/ubna_data_02_mir/recover-20220922/UBNA_001/20220921_090000.WAV,Telephone Field,recover-20220922,001,1795
17.1755,17.1862,22031,26010,Nyctalus leisleri,0.012,0.021,-1,Echolocation,/mnt/ubna_data_02_mir/recover-20220922/UBNA_001/20220921_090000.WAV,Telephone Field,recover-20220922,001,1795
17.1755,17.2159,68437,82530,Rhinolophus ferrumequinum,0.021,0.021,-1,Echolocation,/mnt/ubna_data_02_mir/recover-20220922/UBNA_001/20220921_090000.WAV,Telephone Field,recover-20220922,001,1795
17.1885,17.228,68437,82490,Rhinolophus ferrumequinum,0.021,0.021,-1,Echolocation,/mnt/ubna_data_02_mir/recover-20220922/UBNA_001/20220921_090000.WAV,Telephone Field,recover-20220922,001,1795
17.2155,17.2241,25468,33067,Eptesicus serotinus,0.007,0.021,-1,Echolocation,/mnt/ubna_data_02_mir/recover-20220922/UBNA_001/20220921_090000.WAV,Telephone Field,recover-20220922,001,1795
17.2485,17.2631,16015,21935,Nyctalus noctula,0.015,0.022,-1,Echolocation,/mnt/ubna_data_02_mir/recover-20220922/UBNA_001/20220921_090000.WAV,Telephone Field,recover-20220922,001,1795
17.3185,17.3588,68437,82949,Rhinolophus ferrumequinum,0.039,0.039,-1,Echolocation,/mnt/ubna_data_02_mir/recover-20220922/UBNA_001/20220921_090000.WAV,Telephone Field,recover-20220922,001,1795
17.3505,17.3582,26328,35970,Eptesicus serotinus,0.009,0.026,-1,Echolocation,/mnt/ubna_data_02_mir/recover-20220922/UBNA_001/20220921_090000.WAV,Telephone Field,recover-20220922,001,1795
17.3525,17.3882,68437,81666,Rhinolophus ferrumequinum,0.021,0.021,-1,Echolocation,/mnt/ubna_data_02_mir/recover-20220922/UBNA_001/20220921_090000.WAV,Telephone Field,recover-20220922,001,1795
17.4035,17.4111,28906,44357,Eptesicus serotinus,0.007,0.021,-1,Echolocation,/mnt/ubna_data_02_mir/recover-20220922/UBNA_001/20220921_090000.WAV,Telephone Field,recover-20220922,001,1795
17.4595,17.4962,68437,81865,Rhinolophus ferrumequinum,0.022,0.022,-1,Echolocation,/mnt/ubna_data_02_mir/recover-20220922/UBNA_001/20220921_090000.WAV,Telephone Field,recover-20220922,001,1795
17.4615,17.4717,22890,28410,Nyctalus leisleri,0.01,0.023,-1,Echolocation,/mnt/ubna_data_02_mir/recover-20220922/UBNA_001/20220921_090000.WAV,Telephone Field,recover-20220922,001,1795
17.4825,17.5203,68437,82261,Rhinolophus ferrumequinum,0.025,0.025,-1,Echolocation,/mnt/ubna_data_02_mir/recover-20220922/UBNA_001/20220921_090000.WAV,Telephone Field,recover-20220922,001,1795
17.4915,17.4994,28906,37903,Eptesicus serotinus,0.008,0.022,-1,Echolocation,/mnt/ubna_data_02_mir/recover-20220922/UBNA_001/20220921_090000.WAV,Telephone Field,recover-20220922,001,1795
17.5115,17.5188,28046,41652,Eptesicus serotinus,0.008,0.022,-1,Echolocation,/mnt/ubna_data_02_mir/recover-20220922/UBNA_001/20220921_090000.WAV,Telephone Field,recover-20220922,001,1795
17.5125,17.5523,68437,82374,Rhinolophus ferrumequinum,0.022,0.022,-1,Echolocation,/mnt/ubna_data_02_mir/recover-20220922/UBNA_001/20220921_090000.WAV,Telephone Field,recover-20220922,001,1795
17.5415,17.5803,68437,82278,Rhinolophus ferrumequinum,0.022,0.022,-1,Echolocation,/mnt/ubna_data_02_mir/recover-20220922/UBNA_001/20220921_090000.WAV,Telephone Field,recover-20220922,001,1795
17.5535,17.5914,68437,81329,Rhinolophus ferrumequinum,0.021,0.021,-1,Echolocation,/mnt/ubna_data_02_mir/recover-20220922/UBNA_001/20220921_090000.WAV,Telephone Field,recover-20220922,001,1795
17.5765,17.5848,23750,31432,Plecotus austriacus,0.008,0.021,-1,Echolocation,/mnt/ubna_data_02_mir/recover-20220922/UBNA_001/20220921_090000.WAV,Telephone Field,recover-20220922,001,1795
17.5945,17.6314,68437,81631,Rhinolophus ferrumequinum,0.021,0.021,-1,Echolocation,/mnt/ubna_data_02_mir/recover-20220922/UBNA_001/20220921_090000.WAV,Telephone Field,recover-20220922,001,1795
17.6055,17.6425,68437,82122,Rhinolophus ferrumequinum,0.021,0.021,-1,Echolocation,/mnt/ubna_data_02_mir/recover-20220922/UBNA_001/20220921_090000.WAV,Telephone Field,recover-20220922,001,1795
17.6625,17.7001,68437,81799,Rhinolophus ferrumequinum,0.021,0.021,-1,Echolocation,/mnt/ubna_data_02_mir/recover-20220922/UBNA_001/20220921_090000.WAV,Telephone Field,recover-20220922,001,1795
17.6755,17.7166,68437,82509,Rhinolophus ferrumequinum,0.027,0.027,-1,Echolocation,/mnt/ubna_data_02_mir/recover-20220922/UBNA_001/20220921_090000.WAV,Telephone Field,recover-20220922,001,1795
17.6865,17.6941,28046,38378,Eptesicus serotinus,0.007,0.022,-1,Echolocation,/mnt/ubna_data_02_mir/recover-20220922/UBNA_001/20220921_090000.WAV,Telephone Field,recover-20220922,001,1795
17.7075,17.7454,68437,81444,Rhinolophus ferrumequinum,0.021,0.021,-1,Echolocation,/mnt/ubna_data_02_mir/recover-20220922/UBNA_001/20220921_090000.WAV,Telephone Field,recover-20220922,001,1795
17.7125,17.7482,68437,81285,Rhinolophus ferrumequinum,0.021,0.021,-1,Echolocation,/mnt/ubna_data_02_mir/recover-20220922/UBNA_001/20220921_090000.WAV,Telephone Field,recover-20220922,001,1795
17.7425,17.7819,68437,82059,Rhinolophus ferrumequinum,0.021,0.021,-1,Echolocation,/mnt/ubna_data_02_mir/recover-20220922/UBNA_001/20220921_090000.WAV,Telephone Field,recover-20220922,001,1795
17.7815,17.7973,16015,21430,Nyctalus noctula,0.022,0.029,-1,Echolocation,/mnt/ubna_data_02_mir/recover-20220922/UBNA_001/20220921_090000.WAV,Telephone Field,recover-20220922,001,1795
17.7955,17.8361,68437,82345,Rhinolophus ferrumequinum,0.023,0.023,-1,Echolocation,/mnt/ubna_data_02_mir/recover-20220922/UBNA_001/20220921_090000.WAV,Telephone Field,recover-20220922,001,1795
17.8255,17.8638,68437,81278,Rhinolophus ferrumequinum,0.022,0.022,-1,Echolocation,/mnt/ubna_data_02_mir/recover-20220922/UBNA_001/20220921_090000.WAV,Telephone Field,recover-20220922,001,1795
17.8485,17.8869,68437,81963,Rhinolophus ferrumequinum,0.022,0.022,-1,Echolocation,/mnt/ubna_data_02_mir/recover-20220922/UBNA_001/20220921_090000.WAV,Telephone Field,recover-20220922,001,1795
17.8725,17.9105,68437,82200,Rhinolophus ferrumequinum,0.027,0.027,-1,Echolocation,/mnt/ubna_data_02_mir/recover-20220922/UBNA_001/20220921_090000.WAV,Telephone Field,recover-20220922,001,1795
17.9465,17.9576,23750,29240,Nyctalus leisleri,0.01,0.023,-1,Echolocation,/mnt/ubna_data_02_mir/recover-20220922/UBNA_001/20220921_090000.WAV,Telephone Field,recover-20220922,001,1795
18.0015,18.0345,68437,80103,Rhinolophus ferrumequinum,0.051,0.051,-1,Echolocation,/mnt/ubna_data_02_mir/recover-20220922/UBNA_001/20220921_090000.WAV,Telephone Field,recover-20220922,001,1795
18.0015,18.0126,46953,52605,Pipistrellus pipistrellus,0.016,0.023,-1,Echolocation,/mnt/ubna_data_02_mir/recover-20220922/UBNA_001/20220921_090000.WAV,Telephone Field,recover-20220922,001,1795
18.0015,18.0108,27187,35384,Nyctalus leisleri,0.012,0.037,-1,Echolocation,/mnt/ubna_data_02_mir/recover-20220922/UBNA_001/20220921_090000.WAV,Telephone Field,recover-20220922,001,1795
18.0015,18.0145,20312,25092,Nyctalus leisleri,0.016,0.038,-1,Echolocation,/mnt/ubna_data_02_mir/recover-20220922/UBNA_001/20220921_090000.WAV,Telephone Field,recover-20220922,001,1795
18.0095,18.0505,68437,82364,Rhinolophus ferrumequinum,0.025,0.025,-1,Echolocation,/mnt/ubna_data_02_mir/recover-20220922/UBNA_001/20220921_090000.WAV,Telephone Field,recover-20220922,001,1795
18.0345,18.0444,23750,30026,Nyctalus leisleri,0.008,0.022,-1,Echolocation,/mnt/ubna_data_02_mir/recover-20220922/UBNA_001/20220921_090000.WAV,Telephone Field,recover-20220922,001,1795
18.0835,18.1297,68437,83685,Rhinolophus ferrumequinum,0.08,0.08,-1,Echolocation,/mnt/ubna_data_02_mir/recover-20220922/UBNA_001/20220921_090000.WAV,Telephone Field,recover-20220922,001,1795
18.0865,18.0957,28906,37457,Eptesicus serotinus,0.01,0.024,-1,Echolocation,/mnt/ubna_data_02_mir/recover-20220922/UBNA_001/20220921_090000.WAV,Telephone Field,recover-20220922,001,1795
18.1025,18.114,22890,27694,Nyctalus leisleri,0.012,0.024,-1,Echolocation,/mnt/ubna_data_02_mir/recover-20220922/UBNA_001/20220921_090000.WAV,Telephone Field,recover-20220922,001,1795
18.1085,18.1207,22890,26917,Nyctalus leisleri,0.013,0.024,-1,Echolocation,/mnt/ubna_data_02_mir/recover-20220922/UBNA_001/20220921_090000.WAV,Telephone Field,recover-20220922,001,1795
18.1095,18.1498,68437,82047,Rhinolophus ferrumequinum,0.024,0.024,-1,Echolocation,/mnt/ubna_data_02_mir/recover-20220922/UBNA_001/20220921_090000.WAV,Telephone Field,recover-20220922,001,1795
18.1445,18.1796,68437,80816,Rhinolophus ferrumequinum,0.024,0.024,-1,Echolocation,/mnt/ubna_data_02_mir/recover-20220922/UBNA_001/20220921_090000.WAV,Telephone Field,recover-20220922,001,1795
18.1605,18.1975,68437,82189,Rhinolophus ferrumequinum,0.024,0.024,-1,Echolocation,/mnt/ubna_data_02_mir/recover-20220922/UBNA_001/20220921_090000.WAV,Telephone Field,recover-20220922,001,1795
18.1875,18.1956,26328,35004,Eptesicus serotinus,0.008,0.022,-1,Echolocation,/mnt/ubna_data_02_mir/recover-20220922/UBNA_001/20220921_090000.WAV,Telephone Field,recover-20220922,001,1795
18.2255,18.2646,68437,82267,Rhinolophus ferrumequinum,0.024,0.024,-1,Echolocation,/mnt/ubna_data_02_mir/recover-20220922/UBNA_001/20220921_090000.WAV,Telephone Field,recover-20220922,001,1795
18.2315,18.2412,14296,19918,Nyctalus noctula,0.025,0.046,-1,Echolocation,/mnt/ubna_data_02_mir/recover-20220922/UBNA_001/20220921_090000.WAV,Telephone Field,recover-20220922,001,1795
18.2445,18.2554,26328,33963,Eptesicus serotinus,0.012,0.024,-1,Echolocation,/mnt/ubna_data_02_mir/recover-20220922/UBNA_001/20220921_090000.WAV,Telephone Field,recover-20220922,001,1795
18.2445,18.2811,68437,82136,Rhinolophus ferrumequinum,0.023,0.023,-1,Echolocation,/mnt/ubna_data_02_mir/recover-20220922/UBNA_001/20220921_090000.WAV,Telephone Field,recover-20220922,001,1795
18.2505,18.288,68437,82197,Rhinolophus ferrumequinum,0.024,0.024,-1,Echolocation,/mnt/ubna_data_02_mir/recover-20220922/UBNA_001/20220921_090000.WAV,Telephone Field,recover-20220922,001,1795
18.2595,18.2688,26328,33379,Eptesicus serotinus,0.03,0.066,-1,Echolocation,/mnt/ubna_data_02_mir/recover-20220922/UBNA_001/20220921_090000.WAV,Telephone Field,recover-20220922,001,1795
18.2865,18.2976,22031,27331,Nyctalus leisleri,0.013,0.03,-1,Echolocation,/mnt/ubna_data_02_mir/recover-20220922/UBNA_001/20220921_090000.WAV,Telephone Field,recover-20220922,001,1795
18.2875,18.2937,28046,38201,Eptesicus serotinus,0.005,0.023,-1,Echolocation,/mnt/ubna_data_02_mir/recover-20220922/UBNA_001/20220921_090000.WAV,Telephone Field,recover-20220922,001,1795
18.2875,18.3297,68437,82701,Rhinolophus ferrumequinum,0.033,0.033,-1,Echolocation,/mnt/ubna_data_02_mir/recover-20220922/UBNA_001/20220921_090000.WAV,Telephone Field,recover-20220922,001,1795
18.3125,18.324,23750,29886,Nyctalus leisleri,0.012,0.032,-1,Echolocation,/mnt/ubna_data_02_mir/recover-20220922/UBNA_001/20220921_090000.WAV,Telephone Field,recover-20220922,001,1795
18.3145,18.3248,42656,54575,Pipistrellus pipistrellus,0.022,0.043,-1,Echolocation,/mnt/ubna_data_02_mir/recover-20220922/UBNA_001/20220921_090000.WAV,Telephone Field,recover-20220922,001,1795
18.3285,18.3659,68437,82014,Rhinolophus ferrumequinum,0.025,0.025,-1,Echolocation,/mnt/ubna_data_02_mir/recover-20220922/UBNA_001/20220921_090000.WAV,Telephone Field,recover-20220922,001,1795
18.3355,18.3425,26328,40471,Eptesicus serotinus,0.006,0.023,-1,Echolocation,/mnt/ubna_data_02_mir/recover-20220922/UBNA_001/20220921_090000.WAV,Telephone Field,recover-20220922,001,1795
18.3445,18.3814,68437,81865,Rhinolophus ferrumequinum,0.027,0.027,-1,Echolocation,/mnt/ubna_data_02_mir/recover-20220922/UBNA_001/20220921_090000.WAV,Telephone Field,recover-20220922,001,1795
18.3665,18.3787,33203,39322,Eptesicus serotinus,0.022,0.056,-1,Echolocation,/mnt/ubna_data_02_mir/recover-20220922/UBNA_001/20220921_090000.WAV,Telephone Field,recover-20220922,001,1795
18.4025,18.4407,68437,82666,Rhinolophus ferrumequinum,0.027,0.027,-1,Echolocation,/mnt/ubna_data_02_mir/recover-20220922/UBNA_001/20220921_090000.WAV,Telephone Field,recover-20220922,001,1795
18.4245,18.4643,68437,82525,Rhinolophus ferrumequinum,0.022,0.022,-1,Echolocation,/mnt/ubna_data_02_mir/recover-20220922/UBNA_001/20220921_090000.WAV,Telephone Field,recover-20220922,001,1795
18.4435,18.4528,28906,37099,Eptesicus serotinus,0.009,0.023,-1,Echolocation,/mnt/ubna_data_02_mir/recover-20220922/UBNA_001/20220921_090000.WAV,Telephone Field,recover-20220922,001,1795
18.4455,18.4832,68437,82320,Rhinolophus ferrumequinum,0.028,0.028,-1,Echolocation,/mnt/ubna_data_02_mir/recover-20220922/UBNA_001/20220921_090000.WAV,Telephone Field,recover-20220922,001,1795
18.4785,18.5218,68437,82799,Rhinolophus ferrumequinum,0.035,0.035,-1,Echolocation,/mnt/ubna_data_02_mir/recover-20220922/UBNA_001/20220921_090000.WAV,Telephone Field,recover-20220922,001,1795
18.4865,18.4974,23750,29509,Nyctalus leisleri,0.01,0.022,-1,Echolocation,/mnt/ubna_data_02_mir/recover-20220922/UBNA_001/20220921_090000.WAV,Telephone Field,recover-20220922,001,1795
18.4955,18.5035,27187,39764,Eptesicus serotinus,0.007,0.022,-1,Echolocation,/mnt/ubna_data_02_mir/recover-20220922/UBNA_001/20220921_090000.WAV,Telephone Field,recover-20220922,001,1795
18.5175,18.5586,68437,82463,Rhinolophus ferrumequinum,0.034,0.034,-1,Echolocation,/mnt/ubna_data_02_mir/recover-20220922/UBNA_001/20220921_090000.WAV,Telephone Field,recover-20220922,001,1795
18.5455,18.5854,68437,82411,Rhinolophus ferrumequinum,0.026,0.026,-1,Echolocation,/mnt/ubna_data_02_mir/recover-20220922/UBNA_001/20220921_090000.WAV,Telephone Field,recover-20220922,001,1795
18.5755,18.6188,68437,83268,Rhinolophus ferrumequinum,0.05,0.05,-1,Echolocation,/mnt/ubna_data_02_mir/recover-20220922/UBNA_001/20220921_090000.WAV,Telephone Field,recover-20220922,001,1795
18.5845,18.5939,28046,38028,Eptesicus serotinus,0.01,0.022,-1,Echolocation,/mnt/ubna_data_02_mir/recover-20220922/UBNA_001/20220921_090000.WAV,Telephone Field,recover-20220922,001,1795
18.6645,18.7019,68437,81959,Rhinolophus ferrumequinum,0.023,0.023,-1,Echolocation,/mnt/ubna_data_02_mir/recover-20220922/UBNA_001/20220921_090000.WAV,Telephone Field,recover-20220922,001,1795
18.6735,18.7119,68437,82315,Rhinolophus ferrumequinum,0.024,0.024,-1,Echolocation,/mnt/ubna_data_02_mir/recover-20220922/UBNA_001/20220921_090000.WAV,Telephone Field,recover-20220922,001,1795
18.6965,18.7373,68437,82821,Rhinolophus ferrumequinum,0.024,0.024,-1,Echolocation,/mnt/ubna_data_02_mir/recover-20220922/UBNA_001/20220921_090000.WAV,Telephone Field,recover-20220922,001,1795
18.7305,18.7704,68437,82180,Rhinolophus ferrumequinum,0.022,0.023,-1,Echolocation,/mnt/ubna_data_02_mir/recover-20220922/UBNA_001/20220921_090000.WAV,Telephone Field,recover-20220922,001,1795
18.7535,18.793,68437,82175,Rhinolophus ferrumequinum,0.022,0.022,-1,Echolocation,/mnt/ubna_data_02_mir/recover-20220922/UBNA_001/20220921_090000.WAV,Telephone Field,recover-20220922,001,1795
18.7965,18.8024,24609,37513,Plecotus austriacus,0.01,0.025,-1,Echolocation,/mnt/ubna_data_02_mir/recover-20220922/UBNA_001/20220921_090000.WAV,Telephone Field,recover-20220922,001,1795
18.7965,18.834,68437,82063,Rhinolophus ferrumequinum,0.022,0.022,-1,Echolocation,/mnt/ubna_data_02_mir/recover-20220922/UBNA_001/20220921_090000.WAV,Telephone Field,recover-20220922,001,1795
18.8465,18.8558,44375,49955,Pipistrellus pipistrellus,0.023,0.029,-1,Echolocation,/mnt/ubna_data_02_mir/recover-20220922/UBNA_001/20220921_090000.WAV,Telephone Field,recover-20220922,001,1795
18.8655,18.9079,68437,82768,Rhinolophus ferrumequinum,0.033,0.033,-1,Echolocation,/mnt/ubna_data_02_mir/recover-20220922/UBNA_001/20220921_090000.WAV,Telephone Field,recover-20220922,001,1795
18.8935,18.9377,68437,83453,Rhinolophus ferrumequinum,0.029,0.029,-1,Echolocation,/mnt/ubna_data_02_mir/recover-20220922/UBNA_001/20220921_090000.WAV,Telephone Field,recover-20220922,001,1795
18.9115,18.9198,26328,35499,Eptesicus serotinus,0.008,0.024,-1,Echolocation,/mnt/ubna_data_02_mir/recover-20220922/UBNA_001/20220921_090000.WAV,Telephone Field,recover-20220922,001,1795
18.9205,18.93,28046,37077,Eptesicus serotinus,0.009,0.022,-1,Echolocation,/mnt/ubna_data_02_mir/recover-20220922/UBNA_001/20220921_090000.WAV,Telephone Field,recover-20220922,001,1795
18.9275,18.9677,68437,82416,Rhinolophus ferrumequinum,0.027,0.027,-1,Echolocation,/mnt/ubna_data_02_mir/recover-20220922/UBNA_001/20220921_090000.WAV,Telephone Field,recover-20220922,001,1795
18.9355,18.9748,68437,82487,Rhinolophus ferrumequinum,0.029,0.029,-1,Echolocation,/mnt/ubna_data_02_mir/recover-20220922/UBNA_001/20220921_090000.WAV,Telephone Field,recover-20220922,001,1795
18.9865,18.9957,22890,30169,Plecotus austriacus,0.008,0.025,-1,Echolocation,/mnt/ubna_data_02_mir/recover-20220922/UBNA_001/20220921_090000.WAV,Telephone Field,recover-20220922,001,1795
19.0025,19.0124,23750,30009,Nyctalus leisleri,0.009,0.022,-1,Echolocation,/mnt/ubna_data_02_mir/recover-20220922/UBNA_001/20220921_090000.WAV,Telephone Field,recover-20220922,001,1795
19.0095,19.0217,22031,25690,Nyctalus leisleri,0.013,0.022,-1,Echolocation,/mnt/ubna_data_02_mir/recover-20220922/UBNA_001/20220921_090000.WAV,Telephone Field,recover-20220922,001,1795
19.0295,19.0687,68437,82466,Rhinolophus ferrumequinum,0.024,0.024,-1,Echolocation,/mnt/ubna_data_02_mir/recover-20220922/UBNA_001/20220921_090000.WAV,Telephone Field,recover-20220922,001,1795
19.0395,19.0467,48671,57971,Pipistrellus pipistrellus,0.021,0.027,-1,Echolocation,/mnt/ubna_data_02_mir/recover-20220922/UBNA_001/20220921_090000.WAV,Telephone Field,recover-20220922,001,1795
19.0525,19.091,68437,82385,Rhinolophus ferrumequinum,0.023,0.023,-1,Echolocation,/mnt/ubna_data_02_mir/recover-20220922/UBNA_001/20220921_090000.WAV,Telephone Field,recover-20220922,001,1795
19.0555,19.0677,22031,26090,Nyctalus leisleri,0.014,0.024,-1,Echolocation,/mnt/ubna_data_02_mir/recover-20220922/UBNA_001/20220921_090000.WAV,Telephone Field,recover-20220922,001,1795
19.1135,19.1503,68437,82748,Rhinolophus ferrumequinum,0.04,0.04,-1,Echolocation,/mnt/ubna_data_02_mir/recover-20220922/UBNA_001/20220921_090000.WAV,Telephone Field,recover-20220922,001,1795
19.1345,19.1745,68437,82003,Rhinolophus ferrumequinum,0.024,0.024,-1,Echolocation,/mnt/ubna_data_02_mir/recover-20220922/UBNA_001/20220921_090000.WAV,Telephone Field,recover-20220922,001,1795
19.1375,19.1469,41796,52554,Pipistrellus nathusii,0.006,0.024,-1,Echolocation,/mnt/ubna_data_02_mir/recover-20220922/UBNA_001/20220921_090000.WAV,Telephone Field,recover-20220922,001,1795
19.1385,19.1465,28046,40144,Eptesicus serotinus,0.009,0.026,-1,Echolocation,/mnt/ubna_data_02_mir/recover-20220922/UBNA_001/20220921_090000.WAV,Telephone Field,recover-20220922,001,1795
19.1545,19.1946,68437,82705,Rhinolophus ferrumequinum,0.035,0.035,-1,Echolocation,/mnt/ubna_data_02_mir/recover-20220922/UBNA_001/20220921_090000.WAV,Telephone Field,recover-20220922,001,1795
19.1545,19.1652,27187,35042,Eptesicus serotinus,0.012,0.023,-1,Echolocation,/mnt/ubna_data_02_mir/recover-20220922/UBNA_001/20220921_090000.WAV,Telephone Field,recover-20220922,001,1795
19.1645,19.2033,68437,81902,Rhinolophus ferrumequinum,0.024,0.024,-1,Echolocation,/mnt/ubna_data_02_mir/recover-20220922/UBNA_001/20220921_090000.WAV,Telephone Field,recover-20220922,001,1795
19.1865,19.1961,28046,36887,Eptesicus serotinus,0.01,0.024,-1,Echolocation,/mnt/ubna_data_02_mir/recover-20220922/UBNA_001/20220921_090000.WAV,Telephone Field,recover-20220922,001,1795
19.1945,19.2374,68437,82782,Rhinolophus ferrumequinum,0.026,0.026,-1,Echolocation,/mnt/ubna_data_02_mir/recover-20220922/UBNA_001/20220921_090000.WAV,Telephone Field,recover-20220922,001,1795
19.2295,19.2387,24609,31528,Nyctalus leisleri,0.007,0.022,-1,Echolocation,/mnt/ubna_data_02_mir/recover-20220922/UBNA_001/20220921_090000.WAV,Telephone Field,recover-20220922,001,1795
19.2505,19.2594,28906,38935,Eptesicus serotinus,0.008,0.023,-1,Echolocation,/mnt/ubna_data_02_mir/recover-20220922/UBNA_001/20220921_090000.WAV,Telephone Field,recover-20220922,001,1795
19.2965,19.3343,68437,82197,Rhinolophus ferrumequinum,0.024,0.024,-1,Echolocation,/mnt/ubna_data_02_mir/recover-20220922/UBNA_001/20220921_090000.WAV,Telephone Field,recover-20220922,001,1795
19.3175,19.358,68437,82409,Rhinolophus ferrumequinum,0.024,0.024,-1,Echolocation,/mnt/ubna_data_02_mir/recover-20220922/UBNA_001/20220921_090000.WAV,Telephone Field,recover-20220922,001,1795
19.3395,19.3784,68437,82289,Rhinolophus ferrumequinum,0.034,0.034,-1,Echolocation,/mnt/ubna_data_02_mir/recover-20220922/UBNA_001/20220921_090000.WAV,Telephone Field,recover-20220922,001,1795
19.3655,19.3733,22890,31681,Plecotus austriacus,0.011,0.027,-1,Echolocation,/mnt/ubna_data_02_mir/recover-20220922/UBNA_001/20220921_090000.WAV,Telephone Field,recover-20220922,001,1795
19.3675,19.4057,68437,81940,Rhinolophus ferrumequinum,0.024,0.024,-1,Echolocation,/mnt/ubna_data_02_mir/recover-20220922/UBNA_001/20220921_090000.WAV,Telephone Field,recover-20220922,001,1795
19.3695,19.3746,15156,33438,Plecotus auritus,0.01,0.023,-1,Echolocation,/mnt/ubna_data_02_mir/recover-20220922/UBNA_001/20220921_090000.WAV,Telephone Field,recover-20220922,001,1795
19.3995,19.4045,47812,56859,Pipistrellus pipistrellus,0.096,0.104,-1,Echolocation,/mnt/ubna_data_02_mir/recover-20220922/UBNA_001/20220921_090000.WAV,Telephone Field,recover-20220922,001,1795
19.4045,19.4478,68437,82734,Rhinolophus ferrumequinum,0.024,0.024,-1,Echolocation,/mnt/ubna_data_02_mir/recover-20220922/UBNA_001/20220921_090000.WAV,Telephone Field,recover-20220922,001,1795
19.4875,19.5262,68437,82094,Rhinolophus ferrumequinum,0.026,0.026,-1,Echolocation,/mnt/ubna_data_02_mir/recover-20220922/UBNA_001/20220921_090000.WAV,Telephone Field,recover-20220922,001,1795
19.5095,19.5507,68437,83228,Rhinolophus ferrumequinum,0.029,0.029,-1,Echolocation,/mnt/ubna_data_02_mir/recover-20220922/UBNA_001/20220921_090000.WAV,Telephone Field,recover-20220922,001,1795
19.5585,19.5947,68437,80971,Rhinolophus ferrumequinum,0.023,0.023,-1,Echolocation,/mnt/ubna_data_02_mir/recover-20220922/UBNA_001/20220921_090000.WAV,Telephone Field,recover-20220922,001,1795
19.5635,19.5816,20312,22855,Nyctalus leisleri,0.017,0.026,-1,Echolocation,/mnt/ubna_data_02_mir/recover-20220922/UBNA_001/20220921_090000.WAV,Telephone Field,recover-20220922,001,1795
19.5825,19.5917,28906,37123,Eptesicus serotinus,0.009,0.022,-1,Echolocation,/mnt/ubna_data_02_mir/recover-20220922/UBNA_001/20220921_090000.WAV,Telephone Field,recover-20220922,001,1795
19.6485,19.6905,68437,83019,Rhinolophus ferrumequinum,0.027,0.027,-1,Echolocation,/mnt/ubna_data_02_mir/recover-20220922/UBNA_001/20220921_090000.WAV,Telephone Field,recover-20220922,001,1795
19.6585,19.6978,68437,82697,Rhinolophus ferrumequinum,0.024,0.024,-1,Echolocation,/mnt/ubna_data_02_mir/recover-20220922/UBNA_001/20220921_090000.WAV,Telephone Field,recover-20220922,001,1795
19.7275,19.7691,68437,83167,Rhinolophus ferrumequinum,0.039,0.039,-1,Echolocation,/mnt/ubna_data_02_mir/recover-20220922/UBNA_001/20220921_090000.WAV,Telephone Field,recover-20220922,001,1795
19.7405,19.7552,22031,25647,Nyctalus leisleri,0.021,0.035,-1,Echolocation,/mnt/ubna_data_02_mir/recover-20220922/UBNA_001/20220921_090000.WAV,Telephone Field,recover-20220922,001,1795
19.7485,19.76,22890,27493,Nyctalus leisleri,0.013,0.023,-1,Echolocation,/mnt/ubna_data_02_mir/recover-20220922/UBNA_001/20220921_090000.WAV,Telephone Field,recover-20220922,001,1795
19.7525,19.7908,68437,81961,Rhinolophus ferrumequinum,0.022,0.022,-1,Echolocation,/mnt/ubna_data_02_mir/recover-20220922/UBNA_001/20220921_090000.WAV,Telephone Field,recover-20220922,001,1795
19.7715,19.8088,68437,81363,Rhinolophus ferrumequinum,0.022,0.022,-1,Echolocation,/mnt/ubna_data_02_mir/recover-20220922/UBNA_001/20220921_090000.WAV,Telephone Field,recover-20220922,001,1795
19.7795,19.8161,68437,81319,Rhinolophus ferrumequinum,0.022,0.022,-1,Echolocation,/mnt/ubna_data_02_mir/recover-20220922/UBNA_001/20220921_090000.WAV,Telephone Field,recover-20220922,001,1795
19.8085,19.8449,68437,81683,Rhinolophus ferrumequinum,0.023,0.023,-1,Echolocation,/mnt/ubna_data_02_mir/recover-20220922/UBNA_001/20220921_090000.WAV,Telephone Field,recover-20220922,001,1795
19.8195,19.8312,22890,28081,Nyctalus leisleri,0.028,0.056,-1,Echolocation,/mnt/ubna_data_02_mir/recover-20220922/UBNA_001/20220921_090000.WAV,Telephone Field,recover-20220922,001,1795
19.8275,19.8686,68437,82837,Rhinolophus ferrumequinum,0.029,0.029,-1,Echolocation,/mnt/ubna_data_02_mir/recover-20220922/UBNA_001/20220921_090000.WAV,Telephone Field,recover-20220922,001,1795
19.8925,19.9063,22031,26309,Nyctalus leisleri,0.017,0.03,-1,Echolocation,/mnt/ubna_data_02_mir/recover-20220922/UBNA_001/20220921_090000.WAV,Telephone Field,recover-20220922,001,1795
19.9185,19.9602,68437,82873,Rhinolophus ferrumequinum,0.031,0.031,-1,Echolocation,/mnt/ubna_data_02_mir/recover-20220922/UBNA_001/20220921_090000.WAV,Telephone Field,recover-20220922,001,1795
19.9315,19.9393,28046,39541,Eptesicus serotinus,0.007,0.022,-1,Echolocation,/mnt/ubna_data_02_mir/recover-20220922/UBNA_001/20220921_090000.WAV,Telephone Field,recover-20220922,001,1795
19.9465,19.988,68437,82460,Rhinolophus ferrumequinum,0.03,0.03,-1,Echolocation,/mnt/ubna_data_02_mir/recover-20220922/UBNA_001/20220921_090000.WAV,Telephone Field,recover-20220922,001,1795
19.9575,19.9998,68437,83189,Rhinolophus ferrumequinum,0.025,0.025,-1,Echolocation,/mnt/ubna_data_02_mir/recover-20220922/UBNA_001/20220921_090000.WAV,Telephone Field,recover-20220922,001,1795
20.0015,20.0104,26328,34668,Nyctalus leisleri,0.013,0.036,-1,Echolocation,/mnt/ubna_data_02_mir/recover-20220922/UBNA_001/20220921_090000.WAV,Telephone Field,recover-20220922,001,1795
20.0015,20.0324,69296,82797,Rhinolophus ferrumequinum,0.03,0.03,-1,Echolocation,/mnt/ubna_data_02_mir/recover-20220922/UBNA_001/20220921_090000.WAV,Telephone Field,recover-20220922,001,1795
20.0205,20.0308,28046,36622,Eptesicus serotinus,0.009,0.022,-1,Echolocation,/mnt/ubna_data_02_mir/recover-20220922/UBNA_001/20220921_090000.WAV,Telephone Field,recover-20220922,001,1795
20.0535,20.0888,68437,81291,Rhinolophus ferrumequinum,0.023,0.023,-1,Echolocation,/mnt/ubna_data_02_mir/recover-20220922/UBNA_001/20220921_090000.WAV,Telephone Field,recover-20220922,001,1795
20.0935,20.1041,22890,27726,Nyctalus leisleri,0.011,0.022,-1,Echolocation,/mnt/ubna_data_02_mir/recover-20220922/UBNA_001/20220921_090000.WAV,Telephone Field,recover-20220922,001,1795
20.1025,20.112,28046,36013,Eptesicus serotinus,0.015,0.034,-1,Echolocation,/mnt/ubna_data_02_mir/recover-20220922/UBNA_001/20220921_090000.WAV,Telephone Field,recover-20220922,001,1795
20.1045,20.1398,68437,81953,Rhinolophus ferrumequinum,0.022,0.022,-1,Echolocation,/mnt/ubna_data_02_mir/recover-20220922/UBNA_001/20220921_090000.WAV,Telephone Field,recover-20220922,001,1795
20.1375,20.1448,27187,39004,Eptesicus serotinus,0.007,0.022,-1,Echolocation,/mnt/ubna_data_02_mir/recover-20220922/UBNA_001/20220921_090000.WAV,Telephone Field,recover-20220922,001,1795
20.1705,20.2107,68437,81611,Rhinolophus ferrumequinum,0.022,0.022,-1,Echolocation,/mnt/ubna_data_02_mir/recover-20220922/UBNA_001/20220921_090000.WAV,Telephone Field,recover-20220922,001,1795
20.1955,20.2369,68437,82618,Rhinolophus ferrumequinum,0.022,0.022,-1,Echolocation,/mnt/ubna_data_02_mir/recover-20220922/UBNA_001/20220921_090000.WAV,Telephone Field,recover-20220922,001,1795
20.2115,20.2211,28906,37464,Eptesicus serotinus,0.009,0.023,-1,Echolocation,/mnt/ubna_data_02_mir/recover-20220922/UBNA_001/20220921_090000.WAV,Telephone Field,recover-20220922,001,1795
20.2285,20.2396,23750,27856,Nyctalus leisleri,0.012,0.022,-1,Echolocation,/mnt/ubna_data_02_mir/recover-20220922/UBNA_001/20220921_090000.WAV,Telephone Field,recover-20220922,001,1795
20.2375,20.2752,68437,81643,Rhinolophus ferrumequinum,0.021,0.021,-1,Echolocation,/mnt/ubna_data_02_mir/recover-20220922/UBNA_001/20220921_090000.WAV,Telephone Field,recover-20220922,001,1795
20.2525,20.2612,28046,38602,Eptesicus serotinus,0.008,0.022,-1,Echolocation,/mnt/ubna_data_02_mir/recover-20220922/UBNA_001/20220921_090000.WAV,Telephone Field,recover-20220922,001,1795
20.2535,20.2915,68437,81447,Rhinolophus ferrumequinum,0.02,0.021,-1,Echolocation,/mnt/ubna_data_02_mir/recover-20220922/UBNA_001/20220921_090000.WAV,Telephone Field,recover-20220922,001,1795
20.2675,20.3094,68437,82641,Rhinolophus ferrumequinum,0.027,0.028,-1,Echolocation,/mnt/ubna_data_02_mir/recover-20220922/UBNA_001/20220921_090000.WAV,Telephone Field,recover-20220922,001,1795
20.3495,20.3569,28046,37521,Eptesicus serotinus,0.006,0.021,-1,Echolocation,/mnt/ubna_data_02_mir/recover-20220922/UBNA_001/20220921_090000.WAV,Telephone Field,recover-20220922,001,1795
20.3555,20.3925,68437,82166,Rhinolophus ferrumequinum,0.021,0.021,-1,Echolocation,/mnt/ubna_data_02_mir/recover-20220922/UBNA_001/20220921_090000.WAV,Telephone Field,recover-20220922,001,1795
20.3815,20.4153,68437,80524,Rhinolophus ferrumequinum,0.02,0.021,-1,Echolocation,/mnt/ubna_data_02_mir/recover-20220922/UBNA_001/20220921_090000.WAV,Telephone Field,recover-20220922,001,1795
20.3925,20.4,28046,39150,Eptesicus serotinus,0.006,0.021,-1,Echolocation,/mnt/ubna_data_02_mir/recover-20220922/UBNA_001/20220921_090000.WAV,Telephone Field,recover-20220922,001,1795
20.3945,20.433,68437,82234,Rhinolophus ferrumequinum,0.024,0.024,-1,Echolocation,/mnt/ubna_data_02_mir/recover-20220922/UBNA_001/20220921_090000.WAV,Telephone Field,recover-20220922,001,1795
20.4455,20.4866,68437,82324,Rhinolophus ferrumequinum,0.021,0.021,-1,Echolocation,/mnt/ubna_data_02_mir/recover-20220922/UBNA_001/20220921_090000.WAV,Telephone Field,recover-20220922,001,1795
20.4505,20.4565,48671,52450,Pipistrellus pipistrellus,0.022,0.023,-1,Echolocation,/mnt/ubna_data_02_mir/recover-20220922/UBNA_001/20220921_090000.WAV,Telephone Field,recover-20220922,001,1795
20.4765,20.5152,68437,81791,Rhinolophus ferrumequinum,0.026,0.026,-1,Echolocation,/mnt/ubna_data_02_mir/recover-20220922/UBNA_001/20220921_090000.WAV,Telephone Field,recover-20220922,001,1795
20.4775,20.4863,24609,32070,Nyctalus leisleri,0.007,0.027,-1,Echolocation,/mnt/ubna_data_02_mir/recover-20220922/UBNA_001/20220921_090000.WAV,Telephone Field,recover-20220922,001,1795
20.5045,20.543,68437,82103,Rhinolophus ferrumequinum,0.021,0.021,-1,Echolocation,/mnt/ubna_data_02_mir/recover-20220922/UBNA_001/20220921_090000.WAV,Telephone Field,recover-20220922,001,1795
20.5625,20.5985,68437,81234,Rhinolophus ferrumequinum,0.021,0.021,-1,Echolocation,/mnt/ubna_data_02_mir/recover-20220922/UBNA_001/20220921_090000.WAV,Telephone Field,recover-20220922,001,1795
20.5745,20.6128,68437,82143,Rhinolophus ferrumequinum,0.024,0.024,-1,Echolocation,/mnt/ubna_data_02_mir/recover-20220922/UBNA_001/20220921_090000.WAV,Telephone Field,recover-20220922,001,1795
20.5885,20.6007,22031,25695,Nyctalus leisleri,0.012,0.021,-1,Echolocation,/mnt/ubna_data_02_mir/recover-20220922/UBNA_001/20220921_090000.WAV,Telephone Field,recover-20220922,001,1795
20.6325,20.6732,68437,82411,Rhinolophus ferrumequinum,0.021,0.021,-1,Echolocation,/mnt/ubna_data_02_mir/recover-20220922/UBNA_001/20220921_090000.WAV,Telephone Field,recover-20220922,001,1795
20.6405,20.6481,26328,36081,Eptesicus serotinus,0.007,0.026,-1,Echolocation,/mnt/ubna_data_02_mir/recover-20220922/UBNA_001/20220921_090000.WAV,Telephone Field,recover-20220922,001,1795
20.6565,20.6933,68437,81448,Rhinolophus ferrumequinum,0.021,0.021,-1,Echolocation,/mnt/ubna_data_02_mir/recover-20220922/UBNA_001/20220921_090000.WAV,Telephone Field,recover-20220922,001,1795
20.6625,20.6695,45234,52174,Pipistrellus pipistrellus,0.021,0.023,-1,Echolocation,/mnt/ubna_data_02_mir/recover-20220922/UBNA_001/20220921_090000.WAV,Telephone Field,recover-20220922,001,1795
20.6645,20.6755,22031,26199,Nyctalus leisleri,0.011,0.021,-1,Echolocation,/mnt/ubna_data_02_mir/recover-20220922/UBNA_001/20220921_090000.WAV,Telephone Field,recover-20220922,001,1795
20.6945,20.7322,68437,81384,Rhinolophus ferrumequinum,0.022,0.022,-1,Echolocation,/mnt/ubna_data_02_mir/recover-20220922/UBNA_001/20220921_090000.WAV,Telephone Field,recover-20220922,001,1795
20.7315,20.7401,27187,35761,Eptesicus serotinus,0.009,0.025,-1,Echolocation,/mnt/ubna_data_02_mir/recover-20220922/UBNA_001/20220921_090000.WAV,Telephone Field,recover-20220922,001,1795
20.7325,20.768,68437,81327,Rhinolophus ferrumequinum,0.021,0.021,-1,Echolocation,/mnt/ubna_data_02_mir/recover-20220922/UBNA_001/20220921_090000.WAV,Telephone Field,recover-20220922,001,1795
20.7495,20.7917,68437,82802,Rhinolophus ferrumequinum,0.035,0.035,-1,Echolocation,/mnt/ubna_data_02_mir/recover-20220922/UBNA_001/20220921_090000.WAV,Telephone Field,recover-20220922,001,1795
20.7635,20.7701,24609,34535,Plecotus austriacus,0.01,0.025,-1,Echolocation,/mnt/ubna_data_02_mir/recover-20220922/UBNA_001/20220921_090000.WAV,Telephone Field,recover-20220922,001,1795
20.8185,20.8282,26328,33795,Eptesicus serotinus,0.01,0.025,-1,Echolocation,/mnt/ubna_data_02_mir/recover-20220922/UBNA_001/20220921_090000.WAV,Telephone Field,recover-20220922,001,1795
20.8455,20.8554,27187,35634,Eptesicus serotinus,0.008,0.021,-1,Echolocation,/mnt/ubna_data_02_mir/recover-20220922/UBNA_001/20220921_090000.WAV,Telephone Field,recover-20220922,001,1795
20.8705,20.9099,68437,82533,Rhinolophus ferrumequinum,0.023,0.023,-1,Echolocation,/mnt/ubna_data_02_mir/recover-20220922/UBNA_001/20220921_090000.WAV,Telephone Field,recover-20220922,001,1795
20.8895,20.8989,27187,35762,Eptesicus serotinus,0.009,0.022,-1,Echolocation,/mnt/ubna_data_02_mir/recover-20220922/UBNA_001/20220921_090000.WAV,Telephone Field,recover-20220922,001,1795
20.9285,20.9362,50390,55715,Pipistrellus pipistrellus,0.034,0.037,-1,Echolocation,/mnt/ubna_data_02_mir/recover-20220922/UBNA_001/20220921_090000.WAV,Telephone Field,recover-20220922,001,1795
20.9795,21.0169,68437,82201,Rhinolophus ferrumequinum,0.025,0.025,-1,Echolocation,/mnt/ubna_data_02_mir/recover-20220922/UBNA_001/20220921_090000.WAV,Telephone Field,recover-20220922,001,1795
20.9935,21.0315,68437,81811,Rhinolophus ferrumequinum,0.021,0.021,-1,Echolocation,/mnt/ubna_data_02_mir/recover-20220922/UBNA_001/20220921_090000.WAV,Telephone Field,recover-20220922,001,1795
21.0035,21.0096,24609,36399,Plecotus austriacus,0.013,0.031,-1,Echolocation,/mnt/ubna_data_02_mir/recover-20220922/UBNA_001/20220921_090000.WAV,Telephone Field,recover-20220922,001,1795
21.0035,21.0397,68437,81889,Rhinolophus ferrumequinum,0.021,0.021,-1,Echolocation,/mnt/ubna_data_02_mir/recover-20220922/UBNA_001/20220921_090000.WAV,Telephone Field,recover-20220922,001,1795
21.0305,21.071,68437,81989,Rhinolophus ferrumequinum,0.021,0.021,-1,Echolocation,/mnt/ubna_data_02_mir/recover-20220922/UBNA_001/20220921_090000.WAV,Telephone Field,recover-20220922,001,1795
21.0455,21.0812,68437,81725,Rhinolophus ferrumequinum,0.022,0.022,-1,Echolocation,/mnt/ubna_data_02_mir/recover-20220922/UBNA_001/20220921_090000.WAV,Telephone Field,recover-20220922,001,1795
21.0505,21.0604,24609,31587,Nyctalus leisleri,0.007,0.021,-1,Echolocation,/mnt/ubna_data_02_mir/recover-20220922/UBNA_001/20220921_090000.WAV,Telephone Field,recover-20220922,001,1795
21.0725,21.1092,68437,81754,Rhinolophus ferrumequinum,0.024,0.024,-1,Echolocation,/mnt/ubna_data_02_mir/recover-20220922/UBNA_001/20220921_090000.WAV,Telephone Field,recover-20220922,001,1795
21.0735,21.0868,23750,28203,Nyctalus leisleri,0.014,0.026,-1,Echolocation,/mnt/ubna_data_02_mir/recover-20220922/UBNA_001/20220921_090000.WAV,Telephone Field,recover-20220922,001,1795
21.0855,21.0938,23750,32956,Plecotus austriacus,0.012,0.03,-1,Echolocation,/mnt/ubna_data_02_mir/recover-20220922/UBNA_001/20220921_090000.WAV,Telephone Field,recover-20220922,001,1795
21.0935,21.1317,68437,82351,Rhinolophus ferrumequinum,0.02,0.021,-1,Echolocation,/mnt/ubna_data_02_mir/recover-20220922/UBNA_001/20220921_090000.WAV,Telephone Field,recover-20220922,001,1795
21.1135,21.1518,68437,81876,Rhinolophus ferrumequinum,0.022,0.022,-1,Echolocation,/mnt/ubna_data_02_mir/recover-20220922/UBNA_001/20220921_090000.WAV,Telephone Field,recover-20220922,001,1795
21.1265,21.1647,68437,82281,Rhinolophus ferrumequinum,0.022,0.022,-1,Echolocation,/mnt/ubna_data_02_mir/recover-20220922/UBNA_001/20220921_090000.WAV,Telephone Field,recover-20220922,001,1795
21.1425,21.1805,68437,81863,Rhinolophus ferrumequinum,0.023,0.023,-1,Echolocation,/mnt/ubna_data_02_mir/recover-20220922/UBNA_001/20220921_090000.WAV,Telephone Field,recover-20220922,001,1795
21.1595,21.1667,28046,41174,Eptesicus serotinus,0.006,0.021,-1,Echolocation,/mnt/ubna_data_02_mir/recover-20220922/UBNA_001/20220921_090000.WAV,Telephone Field,recover-20220922,001,1795
21.1615,21.1984,68437,81528,Rhinolophus ferrumequinum,0.02,0.02,-1,Echolocation,/mnt/ubna_data_02_mir/recover-20220922/UBNA_001/20220921_090000.WAV,Telephone Field,recover-20220922,001,1795
21.1835,21.2239,68437,82545,Rhinolophus ferrumequinum,0.021,0.021,-1,Echolocation,/mnt/ubna_data_02_mir/recover-20220922/UBNA_001/20220921_090000.WAV,Telephone Field,recover-20220922,001,1795
21.2385,21.2482,28046,36647,Eptesicus serotinus,0.008,0.021,-1,Echolocation,/mnt/ubna_data_02_mir/recover-20220922/UBNA_001/20220921_090000.WAV,Telephone Field,recover-20220922,001,1795
21.2475,21.2547,28906,38771,Eptesicus serotinus,0.006,0.023,-1,Echolocation,/mnt/ubna_data_02_mir/recover-20220922/UBNA_001/20220921_090000.WAV,Telephone Field,recover-20220922,001,1795
21.2515,21.2906,68437,82084,Rhinolophus ferrumequinum,0.024,0.024,-1,Echolocation,/mnt/ubna_data_02_mir/recover-20220922/UBNA_001/20220921_090000.WAV,Telephone Field,recover-20220922,001,1795
21.2595,21.2978,68437,81917,Rhinolophus ferrumequinum,0.027,0.027,-1,Echolocation,/mnt/ubna_data_02_mir/recover-20220922/UBNA_001/20220921_090000.WAV,Telephone Field,recover-20220922,001,1795
21.2845,21.3252,68437,82371,Rhinolophus ferrumequinum,0.026,0.026,-1,Echolocation,/mnt/ubna_data_02_mir/recover-20220922/UBNA_001/20220921_090000.WAV,Telephone Field,recover-20220922,001,1795
21.3265,21.3672,68437,81986,Rhinolophus ferrumequinum,0.023,0.024,-1,Echolocation,/mnt/ubna_data_02_mir/recover-20220922/UBNA_001/20220921_090000.WAV,Telephone Field,recover-20220922,001,1795
21.3385,21.377,68437,81903,Rhinolophus ferrumequinum,0.021,0.021,-1,Echolocation,/mnt/ubna_data_02_mir/recover-20220922/UBNA_001/20220921_090000.WAV,Telephone Field,recover-20220922,001,1795
21.3495,21.357,28046,40935,Eptesicus serotinus,0.007,0.022,-1,Echolocation,/mnt/ubna_data_02_mir/recover-20220922/UBNA_001/20220921_090000.WAV,Telephone Field,recover-20220922,001,1795
21.3555,21.3634,28906,37952,Eptesicus serotinus,0.007,0.023,-1,Echolocation,/mnt/ubna_data_02_mir/recover-20220922/UBNA_001/20220921_090000.WAV,Telephone Field,recover-20220922,001,1795
21.3605,21.3984,68437,82015,Rhinolophus ferrumequinum,0.022,0.022,-1,Echolocation,/mnt/ubna_data_02_mir/recover-20220922/UBNA_001/20220921_090000.WAV,Telephone Field,recover-20220922,001,1795
21.3945,21.402,28046,38729,Eptesicus serotinus,0.007,0.024,-1,Echolocation,/mnt/ubna_data_02_mir/recover-20220922/UBNA_001/20220921_090000.WAV,Telephone Field,recover-20220922,001,1795
21.4465,21.4875,68437,82685,Rhinolophus ferrumequinum,0.028,0.028,-1,Echolocation,/mnt/ubna_data_02_mir/recover-20220922/UBNA_001/20220921_090000.WAV,Telephone Field,recover-20220922,001,1795
21.4705,21.5067,68437,81142,Rhinolophus ferrumequinum,0.02,0.02,-1,Echolocation,/mnt/ubna_data_02_mir/recover-20220922/UBNA_001/20220921_090000.WAV,Telephone Field,recover-20220922,001,1795
21.5175,21.555,68437,82106,Rhinolophus ferrumequinum,0.022,0.022,-1,Echolocation,/mnt/ubna_data_02_mir/recover-20220922/UBNA_001/20220921_090000.WAV,Telephone Field,recover-20220922,001,1795
21.5205,21.5283,24609,34015,Plecotus austriacus,0.012,0.033,-1,Echolocation,/mnt/ubna_data_02_mir/recover-20220922/UBNA_001/20220921_090000.WAV,Telephone Field,recover-20220922,001,1795
21.5585,21.5961,68437,82220,Rhinolophus ferrumequinum,0.02,0.02,-1,Echolocation,/mnt/ubna_data_02_mir/recover-20220922/UBNA_001/20220921_090000.WAV,Telephone Field,recover-20220922,001,1795
21.6085,21.6184,24609,31761,Nyctalus leisleri,0.008,0.023,-1,Echolocation,/mnt/ubna_data_02_mir/recover-20220922/UBNA_001/20220921_090000.WAV,Telephone Field,recover-20220922,001,1795
21.6095,21.6192,28906,36743,Eptesicus serotinus,0.009,0.023,-1,Echolocation,/mnt/ubna_data_02_mir/recover-20220922/UBNA_001/20220921_090000.WAV,Telephone Field,recover-20220922,001,1795
21.6115,21.6484,68437,81890,Rhinolophus ferrumequinum,0.023,0.023,-1,Echolocation,/mnt/ubna_data_02_mir/recover-20220922/UBNA_001/20220921_090000.WAV,Telephone Field,recover-20220922,001,1795
21.6275,21.6346,28046,37220,Eptesicus serotinus,0.006,0.021,-1,Echolocation,/mnt/ubna_data_02_mir/recover-20220922/UBNA_001/20220921_090000.WAV,Telephone Field,recover-20220922,001,1795
21.6295,21.6663,68437,81323,Rhinolophus ferrumequinum,0.021,0.021,-1,Echolocation,/mnt/ubna_data_02_mir/recover-20220922/UBNA_001/20220921_090000.WAV,Telephone Field,recover-20220922,001,1795
21.6545,21.6926,68437,81935,Rhinolophus ferrumequinum,0.023,0.023,-1,Echolocation,/mnt/ubna_data_02_mir/recover-20220922/UBNA_001/20220921_090000.WAV,Telephone Field,recover-20220922,001,1795
21.6725,21.6794,24609,33957,Plecotus austriacus,0.01,0.024,-1,Echolocation,/mnt/ubna_data_02_mir/recover-20220922/UBNA_001/20220921_090000.WAV,Telephone Field,recover-20220922,001,1795
21.6815,21.6943,14296,17883,Nyctalus noctula,0.014,0.026,-1,Echolocation,/mnt/ubna_data_02_mir/recover-20220922/UBNA_001/20220921_090000.WAV,Telephone Field,recover-20220922,001,1795
21.7115,21.7475,68437,80538,Rhinolophus ferrumequinum,0.021,0.022,-1,Echolocation,/mnt/ubna_data_02_mir/recover-20220922/UBNA_001/20220921_090000.WAV,Telephone Field,recover-20220922,001,1795
21.7355,21.7756,68437,82552,Rhinolophus ferrumequinum,0.023,0.023,-1,Echolocation,/mnt/ubna_data_02_mir/recover-20220922/UBNA_001/20220921_090000.WAV,Telephone Field,recover-20220922,001,1795
21.7455,21.7861,68437,83045,Rhinolophus ferrumequinum,0.027,0.027,-1,Echolocation,/mnt/ubna_data_02_mir/recover-20220922/UBNA_001/20220921_090000.WAV,Telephone Field,recover-20220922,001,1795
21.7805,21.8211,68437,82654,Rhinolophus ferrumequinum,0.023,0.023,-1,Echolocation,/mnt/ubna_data_02_mir/recover-20220922/UBNA_001/20220921_090000.WAV,Telephone Field,recover-20220922,001,1795
21.8095,21.8537,68437,83252,Rhinolophus ferrumequinum,0.037,0.037,-1,Echolocation,/mnt/ubna_data_02_mir/recover-20220922/UBNA_001/20220921_090000.WAV,Telephone Field,recover-20220922,001,1795
21.8315,21.8744,68437,82699,Rhinolophus ferrumequinum,0.024,0.024,-1,Echolocation,/mnt/ubna_data_02_mir/recover-20220922/UBNA_001/20220921_090000.WAV,Telephone Field,recover-20220922,001,1795
21.8725,21.8784,26328,41229,Myotis nattereri,0.006,0.024,-1,Echolocation,/mnt/ubna_data_02_mir/recover-20220922/UBNA_001/20220921_090000.WAV,Telephone Field,recover-20220922,001,1795
21.9235,21.9348,26328,33675,Eptesicus serotinus,0.01,0.021,-1,Echolocation,/mnt/ubna_data_02_mir/recover-20220922/UBNA_001/20220921_090000.WAV,Telephone Field,recover-20220922,001,1795
22.0015,22.0152,21171,26676,Nyctalus leisleri,0.026,0.062,-1,Echolocation,/mnt/ubna_data_02_mir/recover-20220922/UBNA_001/20220921_090000.WAV,Telephone Field,recover-20220922,001,1795
22.0015,22.0356,68437,80269,Rhinolophus ferrumequinum,0.026,0.026,-1,Echolocation,/mnt/ubna_data_02_mir/recover-20220922/UBNA_001/20220921_090000.WAV,Telephone Field,recover-20220922,001,1795
22.0095,22.0521,68437,82512,Rhinolophus ferrumequinum,0.022,0.022,-1,Echolocation,/mnt/ubna_data_02_mir/recover-20220922/UBNA_001/20220921_090000.WAV,Telephone Field,recover-20220922,001,1795
22.0145,22.021,28046,38001,Eptesicus serotinus,0.007,0.024,-1,Echolocation,/mnt/ubna_data_02_mir/recover-20220922/UBNA_001/20220921_090000.WAV,Telephone Field,recover-20220922,001,1795
22.0225,22.0326,54687,59182,Pipistrellus pygmaeus,0.033,0.034,-1,Echolocation,/mnt/ubna_data_02_mir/recover-20220922/UBNA_001/20220921_090000.WAV,Telephone Field,recover-20220922,001,1795
22.0245,22.0366,27187,33837,Eptesicus serotinus,0.016,0.03,-1,Echolocation,/mnt/ubna_data_02_mir/recover-20220922/UBNA_001/20220921_090000.WAV,Telephone Field,recover-20220922,001,1795
22.0415,22.0789,68437,81466,Rhinolophus ferrumequinum,0.021,0.021,-1,Echolocation,/mnt/ubna_data_02_mir/recover-20220922/UBNA_001/20220921_090000.WAV,Telephone Field,recover-20220922,001,1795
22.0455,22.0554,27187,35292,Eptesicus serotinus,0.011,0.025,-1,Echolocation,/mnt/ubna_data_02_mir/recover-20220922/UBNA_001/20220921_090000.WAV,Telephone Field,recover-20220922,001,1795
22.0615,22.0996,68437,81951,Rhinolophus ferrumequinum,0.021,0.021,-1,Echolocation,/mnt/ubna_data_02_mir/recover-20220922/UBNA_001/20220921_090000.WAV,Telephone Field,recover-20220922,001,1795
22.0975,22.137,68437,82345,Rhinolophus ferrumequinum,0.028,0.028,-1,Echolocation,/mnt/ubna_data_02_mir/recover-20220922/UBNA_001/20220921_090000.WAV,Telephone Field,recover-20220922,001,1795
22.1085,22.1476,68437,82119,Rhinolophus ferrumequinum,0.021,0.021,-1,Echolocation,/mnt/ubna_data_02_mir/recover-20220922/UBNA_001/20220921_090000.WAV,Telephone Field,recover-20220922,001,1795
22.1275,22.149,18593,21470,Nyctalus noctula,0.012,0.024,-1,Echolocation,/mnt/ubna_data_02_mir/recover-20220922/UBNA_001/20220921_090000.WAV,Telephone Field,recover-20220922,001,1795
22.1755,22.1851,26328,34625,Eptesicus serotinus,0.01,0.025,-1,Echolocation,/mnt/ubna_data_02_mir/recover-20220922/UBNA_001/20220921_090000.WAV,Telephone Field,recover-20220922,001,1795
22.2515,22.2904,68437,82256,Rhinolophus ferrumequinum,0.021,0.021,-1,Echolocation,/mnt/ubna_data_02_mir/recover-20220922/UBNA_001/20220921_090000.WAV,Telephone Field,recover-20220922,001,1795
22.2645,22.3046,68437,82575,Rhinolophus ferrumequinum,0.025,0.026,-1,Echolocation,/mnt/ubna_data_02_mir/recover-20220922/UBNA_001/20220921_090000.WAV,Telephone Field,recover-20220922,001,1795
22.3085,22.3486,68437,82508,Rhinolophus ferrumequinum,0.022,0.022,-1,Echolocation,/mnt/ubna_data_02_mir/recover-20220922/UBNA_001/20220921_090000.WAV,Telephone Field,recover-20220922,001,1795
22.3185,22.3256,27187,45203,Eptesicus serotinus,0.007,0.021,-1,Echolocation,/mnt/ubna_data_02_mir/recover-20220922/UBNA_001/20220921_090000.WAV,Telephone Field,recover-20220922,001,1795
22.3305,22.3694,68437,82015,Rhinolophus ferrumequinum,0.021,0.021,-1,Echolocation,/mnt/ubna_data_02_mir/recover-20220922/UBNA_001/20220921_090000.WAV,Telephone Field,recover-20220922,001,1795
22.3535,22.3942,68437,82742,Rhinolophus ferrumequinum,0.022,0.022,-1,Echolocation,/mnt/ubna_data_02_mir/recover-20220922/UBNA_001/20220921_090000.WAV,Telephone Field,recover-20220922,001,1795
22.3705,22.4098,68437,82404,Rhinolophus ferrumequinum,0.022,0.022,-1,Echolocation,/mnt/ubna_data_02_mir/recover-20220922/UBNA_001/20220921_090000.WAV,Telephone Field,recover-20220922,001,1795
22.3765,22.3867,23750,29418,Nyctalus leisleri,0.009,0.021,-1,Echolocation,/mnt/ubna_data_02_mir/recover-20220922/UBNA_001/20220921_090000.WAV,Telephone Field,recover-20220922,001,1795
22.3765,22.4127,68437,82204,Rhinolophus ferrumequinum,0.022,0.022,-1,Echolocation,/mnt/ubna_data_02_mir/recover-20220922/UBNA_001/20220921_090000.WAV,Telephone Field,recover-20220922,001,1795
22.3865,22.4264,68437,81923,Rhinolophus ferrumequinum,0.022,0.022,-1,Echolocation,/mnt/ubna_data_02_mir/recover-20220922/UBNA_001/20220921_090000.WAV,Telephone Field,recover-20220922,001,1795
22.4285,22.4671,68437,82217,Rhinolophus ferrumequinum,0.025,0.025,-1,Echolocation,/mnt/ubna_data_02_mir/recover-20220922/UBNA_001/20220921_090000.WAV,Telephone Field,recover-20220922,001,1795
22.4365,22.4754,68437,82063,Rhinolophus ferrumequinum,0.025,0.025,-1,Echolocation,/mnt/ubna_data_02_mir/recover-20220922/UBNA_001/20220921_090000.WAV,Telephone Field,recover-20220922,001,1795
22.5005,22.5086,25468,34124,Eptesicus serotinus,0.006,0.021,-1,Echolocation,/mnt/ubna_data_02_mir/recover-20220922/UBNA_001/20220921_090000.WAV,Telephone Field,recover-20220922,001,1795
22.5125,22.5547,68437,82648,Rhinolophus ferrumequinum,0.032,0.032,-1,Echolocation,/mnt/ubna_data_02_mir/recover-20220922/UBNA_001/20220921_090000.WAV,Telephone Field,recover-20220922,001,1795
22.5155,22.5239,27187,36485,Eptesicus serotinus,0.011,0.027,-1,Echolocation,/mnt/ubna_data_02_mir/recover-20220922/UBNA_001/20220921_090000.WAV,Telephone Field,recover-20220922,001,1795
22.5615,22.5958,68437,81710,Rhinolophus ferrumequinum,0.024,0.024,-1,Echolocation,/mnt/ubna_data_02_mir/recover-20220922/UBNA_001/20220921_090000.WAV,Telephone Field,recover-20220922,001,1795
22.5765,22.6121,68437,81436,Rhinolophus ferrumequinum,0.021,0.022,-1,Echolocation,/mnt/ubna_data_02_mir/recover-20220922/UBNA_001/20220921_090000.WAV,Telephone Field,recover-20220922,001,1795
22.5945,22.6324,68437,82016,Rhinolophus ferrumequinum,0.032,0.032,-1,Echolocation,/mnt/ubna_data_02_mir/recover-20220922/UBNA_001/20220921_090000.WAV,Telephone Field,recover-20220922,001,1795
22.6195,22.6587,68437,82558,Rhinolophus ferrumequinum,0.025,0.026,-1,Echolocation,/mnt/ubna_data_02_mir/recover-20220922/UBNA_001/20220921_090000.WAV,Telephone Field,recover-20220922,001,1795
22.6325,22.6408,28046,38275,Eptesicus serotinus,0.009,0.024,-1,Echolocation,/mnt/ubna_data_02_mir/recover-20220922/UBNA_001/20220921_090000.WAV,Telephone Field,recover-20220922,001,1795
22.6805,22.7229,68437,82695,Rhinolophus ferrumequinum,0.036,0.036,-1,Echolocation,/mnt/ubna_data_02_mir/recover-20220922/UBNA_001/20220921_090000.WAV,Telephone Field,recover-20220922,001,1795
22.6895,22.7003,22890,28793,Nyctalus leisleri,0.009,0.022,-1,Echolocation,/mnt/ubna_data_02_mir/recover-20220922/UBNA_001/20220921_090000.WAV,Telephone Field,recover-20220922,001,1795
22.7375,22.7787,68437,82794,Rhinolophus ferrumequinum,0.025,0.025,-1,Echolocation,/mnt/ubna_data_02_mir/recover-20220922/UBNA_001/20220921_090000.WAV,Telephone Field,recover-20220922,001,1795
22.7565,22.7634,28046,41240,Eptesicus serotinus,0.006,0.022,-1,Echolocation,/mnt/ubna_data_02_mir/recover-20220922/UBNA_001/20220921_090000.WAV,Telephone Field,recover-20220922,001,1795
22.7795,22.7884,45234,51120,Pipistrellus pipistrellus,0.019,0.023,-1,Echolocation,/mnt/ubna_data_02_mir/recover-20220922/UBNA_001/20220921_090000.WAV,Telephone Field,recover-20220922,001,1795
22.7945,22.8294,68437,81604,Rhinolophus ferrumequinum,0.021,0.021,-1,Echolocation,/mnt/ubna_data_02_mir/recover-20220922/UBNA_001/20220921_090000.WAV,Telephone Field,recover-20220922,001,1795
22.8185,22.8557,68437,81881,Rhinolophus ferrumequinum,0.023,0.023,-1,Echolocation,/mnt/ubna_data_02_mir/recover-20220922/UBNA_001/20220921_090000.WAV,Telephone Field,recover-20220922,001,1795
22.8345,22.8435,27187,35787,Eptesicus serotinus,0.01,0.022,-1,Echolocation,/mnt/ubna_data_02_mir/recover-20220922/UBNA_001/20220921_090000.WAV,Telephone Field,recover-20220922,001,1795
22.8715,22.9127,68437,82274,Rhinolophus ferrumequinum,0.03,0.03,-1,Echolocation,/mnt/ubna_data_02_mir/recover-20220922/UBNA_001/20220921_090000.WAV,Telephone Field,recover-20220922,001,1795
22.9035,22.9398,68437,81423,Rhinolophus ferrumequinum,0.022,0.022,-1,Echolocation,/mnt/ubna_data_02_mir/recover-20220922/UBNA_001/20220921_090000.WAV,Telephone Field,recover-20220922,001,1795
22.9205,22.9572,68437,82090,Rhinolophus ferrumequinum,0.022,0.022,-1,Echolocation,/mnt/ubna_data_02_mir/recover-20220922/UBNA_001/20220921_090000.WAV,Telephone Field,recover-20220922,001,1795
22.9365,22.9741,68437,81105,Rhinolophus ferrumequinum,0.022,0.022,-1,Echolocation,/mnt/ubna_data_02_mir/recover-20220922/UBNA_001/20220921_090000.WAV,Telephone Field,recover-20220922,001,1795
22.9505,22.9582,28046,39487,Eptesicus serotinus,0.009,0.024,-1,Echolocation,/mnt/ubna_data_02_mir/recover-20220922/UBNA_001/20220921_090000.WAV,Telephone Field,recover-20220922,001,1795
22.9645,22.9745,28046,36780,Eptesicus serotinus,0.01,0.024,-1,Echolocation,/mnt/ubna_data_02_mir/recover-20220922/UBNA_001/20220921_090000.WAV,Telephone Field,recover-20220922,001,1795
22.9815,23.0174,68437,81773,Rhinolophus ferrumequinum,0.021,0.021,-1,Echolocation,/mnt/ubna_data_02_mir/recover-20220922/UBNA_001/20220921_090000.WAV,Telephone Field,recover-20220922,001,1795
22.9935,23.0275,68437,81705,Rhinolophus ferrumequinum,0.022,0.022,-1,Echolocation,/mnt/ubna_data_02_mir/recover-20220922/UBNA_001/20220921_090000.WAV,Telephone Field,recover-20220922,001,1795
23.0225,23.0603,68437,81885,Rhinolophus ferrumequinum,0.021,0.021,-1,Echolocation,/mnt/ubna_data_02_mir/recover-20220922/UBNA_001/20220921_090000.WAV,Telephone Field,recover-20220922,001,1795
23.0595,23.0671,28046,40060,Eptesicus serotinus,0.007,0.022,-1,Echolocation,/mnt/ubna_data_02_mir/recover-20220922/UBNA_001/20220921_090000.WAV,Telephone Field,recover-20220922,001,1795
23.0835,23.1243,68437,82959,Rhinolophus ferrumequinum,0.026,0.026,-1,Echolocation,/mnt/ubna_data_02_mir/recover-20220922/UBNA_001/20220921_090000.WAV,Telephone Field,recover-20220922,001,1795
23.1455,23.1863,68437,82555,Rhinolophus ferrumequinum,0.023,0.023,-1,Echolocation,/mnt/ubna_data_02_mir/recover-20220922/UBNA_001/20220921_090000.WAV,Telephone Field,recover-20220922,001,1795
23.1665,23.2055,68437,81897,Rhinolophus ferrumequinum,0.022,0.022,-1,Echolocation,/mnt/ubna_data_02_mir/recover-20220922/UBNA_001/20220921_090000.WAV,Telephone Field,recover-20220922,001,1795
23.2275,23.2644,68437,81376,Rhinolophus ferrumequinum,0.021,0.021,-1,Echolocation,/mnt/ubna_data_02_mir/recover-20220922/UBNA_001/20220921_090000.WAV,Telephone Field,recover-20220922,001,1795
23.2485,23.2858,68437,81910,Rhinolophus ferrumequinum,0.021,0.021,-1,Echolocation,/mnt/ubna_data_02_mir/recover-20220922/UBNA_001/20220921_090000.WAV,Telephone Field,recover-20220922,001,1795
23.2905,23.3297,68437,82314,Rhinolophus ferrumequinum,0.023,0.023,-1,Echolocation,/mnt/ubna_data_02_mir/recover-20220922/UBNA_001/20220921_090000.WAV,Telephone Field,recover-20220922,001,1795
23.2965,23.3068,39218,49327,Pipistrellus nathusii,0.018,0.029,-1,Echolocation,/mnt/ubna_data_02_mir/recover-20220922/UBNA_001/20220921_090000.WAV,Telephone Field,recover-20220922,001,1795
23.3275,23.3678,68437,82775,Rhinolophus ferrumequinum,0.023,0.023,-1,Echolocation,/mnt/ubna_data_02_mir/recover-20220922/UBNA_001/20220921_090000.WAV,Telephone Field,recover-20220922,001,1795
23.3295,23.3378,28906,37469,Eptesicus serotinus,0.008,0.023,-1,Echolocation,/mnt/ubna_data_02_mir/recover-20220922/UBNA_001/20220921_090000.WAV,Telephone Field,recover-20220922,001,1795
23.3995,23.4109,28906,35186,Eptesicus serotinus,0.012,0.025,-1,Echolocation,/mnt/ubna_data_02_mir/recover-20220922/UBNA_001/20220921_090000.WAV,Telephone Field,recover-20220922,001,1795
23.4215,23.4628,68437,83009,Rhinolophus ferrumequinum,0.024,0.024,-1,Echolocation,/mnt/ubna_data_02_mir/recover-20220922/UBNA_001/20220921_090000.WAV,Telephone Field,recover-20220922,001,1795
23.4485,23.4927,68437,83031,Rhinolophus ferrumequinum,0.023,0.023,-1,Echolocation,/mnt/ubna_data_02_mir/recover-20220922/UBNA_001/20220921_090000.WAV,Telephone Field,recover-20220922,001,1795
23.4545,23.4629,28046,38038,Eptesicus serotinus,0.009,0.022,-1,Echolocation,/mnt/ubna_data_02_mir/recover-20220922/UBNA_001/20220921_090000.WAV,Telephone Field,recover-20220922,001,1795
23.4665,23.4747,27187,39642,Eptesicus serotinus,0.01,0.027,-1,Echolocation,/mnt/ubna_data_02_mir/recover-20220922/UBNA_001/20220921_090000.WAV,Telephone Field,recover-20220922,001,1795
23.4845,23.4943,22890,28548,Nyctalus leisleri,0.009,0.022,-1,Echolocation,/mnt/ubna_data_02_mir/recover-20220922/UBNA_001/20220921_090000.WAV,Telephone Field,recover-20220922,001,1795
23.4935,23.5376,68437,83484,Rhinolophus ferrumequinum,0.035,0.035,-1,Echolocation,/mnt/ubna_data_02_mir/recover-20220922/UBNA_001/20220921_090000.WAV,Telephone Field,recover-20220922,001,1795
23.5645,23.6062,68437,83119,Rhinolophus ferrumequinum,0.031,0.031,-1,Echolocation,/mnt/ubna_data_02_mir/recover-20220922/UBNA_001/20220921_090000.WAV,Telephone Field,recover-20220922,001,1795
23.5775,23.6151,68437,82077,Rhinolophus ferrumequinum,0.022,0.022,-1,Echolocation,/mnt/ubna_data_02_mir/recover-20220922/UBNA_001/20220921_090000.WAV,Telephone Field,recover-20220922,001,1795
23.6025,23.6427,68437,82520,Rhinolophus ferrumequinum,0.022,0.022,-1,Echolocation,/mnt/ubna_data_02_mir/recover-20220922/UBNA_001/20220921_090000.WAV,Telephone Field,recover-20220922,001,1795
23.6045,23.6172,22890,26904,Nyctalus leisleri,0.016,0.026,-1,Echolocation,/mnt/ubna_data_02_mir/recover-20220922/UBNA_001/20220921_090000.WAV,Telephone Field,recover-20220922,001,1795
23.6235,23.6612,68437,82538,Rhinolophus ferrumequinum,0.021,0.021,-1,Echolocation,/mnt/ubna_data_02_mir/recover-20220922/UBNA_001/20220921_090000.WAV,Telephone Field,recover-20220922,001,1795
23.6265,23.6334,25468,35924,Plecotus austriacus,0.005,0.022,-1,Echolocation,/mnt/ubna_data_02_mir/recover-20220922/UBNA_001/20220921_090000.WAV,Telephone Field,recover-20220922,001,1795
23.6645,23.6709,27187,41303,Eptesicus serotinus,0.007,0.027,-1,Echolocation,/mnt/ubna_data_02_mir/recover-20220922/UBNA_001/20220921_090000.WAV,Telephone Field,recover-20220922,001,1795
23.7205,23.7293,27187,35098,Eptesicus serotinus,0.012,0.026,-1,Echolocation,/mnt/ubna_data_02_mir/recover-20220922/UBNA_001/20220921_090000.WAV,Telephone Field,recover-20220922,001,1795
23.7655,23.8018,68437,81361,Rhinolophus ferrumequinum,0.022,0.022,-1,Echolocation,/mnt/ubna_data_02_mir/recover-20220922/UBNA_001/20220921_090000.WAV,Telephone Field,recover-20220922,001,1795
23.7735,23.7834,22031,28008,Nyctalus leisleri,0.008,0.023,-1,Echolocation,/mnt/ubna_data_02_mir/recover-20220922/UBNA_001/20220921_090000.WAV,Telephone Field,recover-20220922,001,1795
23.8005,23.8395,68437,81945,Rhinolophus ferrumequinum,0.024,0.024,-1,Echolocation,/mnt/ubna_data_02_mir/recover-20220922/UBNA_001/20220921_090000.WAV,Telephone Field,recover-20220922,001,1795
23.8105,23.8482,68437,81682,Rhinolophus ferrumequinum,0.022,0.022,-1,Echolocation,/mnt/ubna_data_02_mir/recover-20220922/UBNA_001/20220921_090000.WAV,Telephone Field,recover-20220922,001,1795
23.8875,23.9013,14296,18605,Nyctalus noctula,0.02,0.034,-1,Echolocation,/mnt/ubna_data_02_mir/recover-20220922/UBNA_001/20220921_090000.WAV,Telephone Field,recover-20220922,001,1795
23.8965,23.9352,68437,81770,Rhinolophus ferrumequinum,0.024,0.024,-1,Echolocation,/mnt/ubna_data_02_mir/recover-20220922/UBNA_001/20220921_090000.WAV,Telephone Field,recover-20220922,001,1795
23.8995,23.9098,22890,29251,Nyctalus leisleri,0.012,0.031,-1,Echolocation,/mnt/ubna_data_02_mir/recover-20220922/UBNA_001/20220921_090000.WAV,Telephone Field,recover-20220922,001,1795
23.9035,23.9447,68437,82319,Rhinolophus ferrumequinum,0.022,0.022,-1,Echolocation,/mnt/ubna_data_02_mir/recover-20220922/UBNA_001/20220921_090000.WAV,Telephone Field,recover-20220922,001,1795
23.9155,23.9251,28906,37957,Eptesicus serotinus,0.009,0.022,-1,Echolocation,/mnt/ubna_data_02_mir/recover-20220922/UBNA_001/20220921_090000.WAV,Telephone Field,recover-20220922,001,1795
23.9525,23.9626,27187,34396,Eptesicus serotinus,0.012,0.025,-1,Echolocation,/mnt/ubna_data_02_mir/recover-20220922/UBNA_001/20220921_090000.WAV,Telephone Field,recover-20220922,001,1795
23.9545,23.9946,68437,81808,Rhinolophus ferrumequinum,0.022,0.022,-1,Echolocation,/mnt/ubna_data_02_mir/recover-20220922/UBNA_001/20220921_090000.WAV,Telephone Field,recover-20220922,001,1795
24.0015,24.0108,26328,34358,Nyctalus leisleri,0.008,0.029,-1,Echolocation,/mnt/ubna_data_02_mir/recover-20220922/UBNA_001/20220921_090000.WAV,Telephone Field,recover-20220922,001,1795
24.0015,24.0341,68437,80028,Rhinolophus ferrumequinum,0.036,0.036,-1,Echolocation,/mnt/ubna_data_02_mir/recover-20220922/UBNA_001/20220921_090000.WAV,Telephone Field,recover-20220922,001,1795
24.0285,24.0678,68437,82439,Rhinolophus ferrumequinum,0.023,0.023,-1,Echolocation,/mnt/ubna_data_02_mir/recover-20220922/UBNA_001/20220921_090000.WAV,Telephone Field,recover-20220922,001,1795
24.0425,24.0515,28046,36780,Eptesicus serotinus,0.009,0.024,-1,Echolocation,/mnt/ubna_data_02_mir/recover-20220922/UBNA_001/20220921_090000.WAV,Telephone Field,recover-20220922,001,1795
24.0555,24.0647,45234,51638,Pipistrellus pipistrellus,0.017,0.022,-1,Echolocation,/mnt/ubna_data_02_mir/recover-20220922/UBNA_001/20220921_090000.WAV,Telephone Field,recover-20220922,001,1795
24.0565,24.0987,68437,82644,Rhinolophus ferrumequinum,0.023,0.023,-1,Echolocation,/mnt/ubna_data_02_mir/recover-20220922/UBNA_001/20220921_090000.WAV,Telephone Field,recover-20220922,001,1795
24.0695,24.108,68437,82351,Rhinolophus ferrumequinum,0.024,0.024,-1,Echolocation,/mnt/ubna_data_02_mir/recover-20220922/UBNA_001/20220921_090000.WAV,Telephone Field,recover-20220922,001,1795
24.0865,24.0952,23750,32036,Plecotus austriacus,0.007,0.022,-1,Echolocation,/mnt/ubna_data_02_mir/recover-20220922/UBNA_001/20220921_090000.WAV,Telephone Field,recover-20220922,001,1795
24.0955,24.1362,68437,82816,Rhinolophus ferrumequinum,0.042,0.042,-1,Echolocation,/mnt/ubna_data_02_mir/recover-20220922/UBNA_001/20220921_090000.WAV,Telephone Field,recover-20220922,001,1795
24.1145,24.1253,22031,26597,Nyctalus leisleri,0.011,0.022,-1,Echolocation,/mnt/ubna_data_02_mir/recover-20220922/UBNA_001/20220921_090000.WAV,Telephone Field,recover-20220922,001,1795
24.1445,24.1849,68437,82235,Rhinolophus ferrumequinum,0.033,0.034,-1,Echolocation,/mnt/ubna_data_02_mir/recover-20220922/UBNA_001/20220921_090000.WAV,Telephone Field,recover-20220922,001,1795
24.2255,24.2365,22890,28289,Nyctalus leisleri,0.012,0.025,-1,Echolocation,/mnt/ubna_data_02_mir/recover-20220922/UBNA_001/20220921_090000.WAV,Telephone Field,recover-20220922,001,1795
24.2665,24.3089,68437,82564,Rhinolophus ferrumequinum,0.022,0.022,-1,Echolocation,/mnt/ubna_data_02_mir/recover-20220922/UBNA_001/20220921_090000.WAV,Telephone Field,recover-20220922,001,1795
24.2665,24.2744,31484,43984,Myotis daubentonii,0.008,0.021,-1,Echolocation,/mnt/ubna_data_02_mir/recover-20220922/UBNA_001/20220921_090000.WAV,Telephone Field,recover-20220922,001,1795
24.2725,24.3133,68437,83189,Rhinolophus ferrumequinum,0.022,0.022,-1,Echolocation,/mnt/ubna_data_02_mir/recover-20220922/UBNA_001/20220921_090000.WAV,Telephone Field,recover-20220922,001,1795
24.3095,24.3496,68437,82587,Rhinolophus ferrumequinum,0.024,0.024,-1,Echolocation,/mnt/ubna_data_02_mir/recover-20220922/UBNA_001/20220921_090000.WAV,Telephone Field,recover-20220922,001,1795
24.3385,24.3471,27187,37163,Eptesicus serotinus,0.008,0.021,-1,Echolocation,/mnt/ubna_data_02_mir/recover-20220922/UBNA_001/20220921_090000.WAV,Telephone Field,recover-20220922,001,1795
24.3785,24.3849,25468,42320,Myotis nattereri,0.009,0.032,-1,Echolocation,/mnt/ubna_data_02_mir/recover-20220922/UBNA_001/20220921_090000.WAV,Telephone Field,recover-20220922,001,1795
24.3815,24.4194,68437,82363,Rhinolophus ferrumequinum,0.025,0.025,-1,Echolocation,/mnt/ubna_data_02_mir/recover-20220922/UBNA_001/20220921_090000.WAV,Telephone Field,recover-20220922,001,1795
24.4015,24.4116,28906,36245,Eptesicus serotinus,0.024,0.044,-1,Echolocation,/mnt/ubna_data_02_mir/recover-20220922/UBNA_001/20220921_090000.WAV,Telephone Field,recover-20220922,001,1795
24.4485,24.4924,68437,83813,Rhinolophus ferrumequinum,0.03,0.03,-1,Echolocation,/mnt/ubna_data_02_mir/recover-20220922/UBNA_001/20220921_090000.WAV,Telephone Field,recover-20220922,001,1795
24.5195,24.528,28046,37988,Eptesicus serotinus,0.008,0.023,-1,Echolocation,/mnt/ubna_data_02_mir/recover-20220922/UBNA_001/20220921_090000.WAV,Telephone Field,recover-20220922,001,1795
24.5515,24.5644,24609,30075,Nyctalus leisleri,0.014,0.031,-1,Echolocation,/mnt/ubna_data_02_mir/recover-20220922/UBNA_001/20220921_090000.WAV,Telephone Field,recover-20220922,001,1795
24.5695,24.5778,28046,39835,Eptesicus serotinus,0.008,0.021,-1,Echolocation,/mnt/ubna_data_02_mir/recover-20220922/UBNA_001/20220921_090000.WAV,Telephone Field,recover-20220922,001,1795
24.5865,24.6282,68437,82156,Rhinolophus ferrumequinum,0.03,0.03,-1,Echolocation,/mnt/ubna_data_02_mir/recover-20220922/UBNA_001/20220921_090000.WAV,Telephone Field,recover-20220922,001,1795
24.5985,24.6383,68437,82818,Rhinolophus ferrumequinum,0.029,0.029,-1,Echolocation,/mnt/ubna_data_02_mir/recover-20220922/UBNA_001/20220921_090000.WAV,Telephone Field,recover-20220922,001,1795
24.6525,24.6939,68437,83529,Rhinolophus ferrumequinum,0.025,0.025,-1,Echolocation,/mnt/ubna_data_02_mir/recover-20220922/UBNA_001/20220921_090000.WAV,Telephone Field,recover-20220922,001,1795
24.6805,24.6879,28046,40047,Eptesicus serotinus,0.009,0.025,-1,Echolocation,/mnt/ubna_data_02_mir/recover-20220922/UBNA_001/20220921_090000.WAV,Telephone Field,recover-20220922,001,1795
24.7045,24.7406,68437,81674,Rhinolophus ferrumequinum,0.021,0.021,-1,Echolocation,/mnt/ubna_data_02_mir/recover-20220922/UBNA_001/20220921_090000.WAV,Telephone Field,recover-20220922,001,1795
24.7045,24.7114,28046,40449,Eptesicus serotinus,0.007,0.025,-1,Echolocation,/mnt/ubna_data_02_mir/recover-20220922/UBNA_001/20220921_090000.WAV,Telephone Field,recover-20220922,001,1795
24.7135,24.7533,68437,81755,Rhinolophus ferrumequinum,0.023,0.023,-1,Echolocation,/mnt/ubna_data_02_mir/recover-20220922/UBNA_001/20220921_090000.WAV,Telephone Field,recover-20220922,001,1795
24.7405,24.7489,23750,31669,Plecotus austriacus,0.007,0.022,-1,Echolocation,/mnt/ubna_data_02_mir/recover-20220922/UBNA_001/20220921_090000.WAV,Telephone Field,recover-20220922,001,1795
24.7535,24.7944,68437,82854,Rhinolophus ferrumequinum,0.027,0.027,-1,Echolocation,/mnt/ubna_data_02_mir/recover-20220922/UBNA_001/20220921_090000.WAV,Telephone Field,recover-20220922,001,1795
24.7705,24.8089,68437,81751,Rhinolophus ferrumequinum,0.021,0.022,-1,Echolocation,/mnt/ubna_data_02_mir/recover-20220922/UBNA_001/20220921_090000.WAV,Telephone Field,recover-20220922,001,1795
24.7795,24.821,68437,82499,Rhinolophus ferrumequinum,0.021,0.021,-1,Echolocation,/mnt/ubna_data_02_mir/recover-20220922/UBNA_001/20220921_090000.WAV,Telephone Field,recover-20220922,001,1795
24.7985,24.8115,22890,27919,Nyctalus leisleri,0.02,0.037,-1,Echolocation,/mnt/ubna_data_02_mir/recover-20220922/UBNA_001/20220921_090000.WAV,Telephone Field,recover-20220922,001,1795
24.8035,24.8402,68437,81954,Rhinolophus ferrumequinum,0.023,0.023,-1,Echolocation,/mnt/ubna_data_02_mir/recover-20220922/UBNA_001/20220921_090000.WAV,Telephone Field,recover-20220922,001,1795
24.8155,24.8497,68437,81113,Rhinolophus ferrumequinum,0.021,0.021,-1,Echolocation,/mnt/ubna_data_02_mir/recover-20220922/UBNA_001/20220921_090000.WAV,Telephone Field,recover-20220922,001,1795
24.8495,24.8888,68437,81984,Rhinolophus ferrumequinum,0.021,0.021,-1,Echolocation,/mnt/ubna_data_02_mir/recover-20220922/UBNA_001/20220921_090000.WAV,Telephone Field,recover-20220922,001,1795
24.8585,24.8707,37500,41490,Pipistrellus nathusii,0.015,0.026,-1,Echolocation,/mnt/ubna_data_02_mir/recover-20220922/UBNA_001/20220921_090000.WAV,Telephone Field,recover-20220922,001,1795
24.8635,24.9004,68437,81254,Rhinolophus ferrumequinum,0.022,0.023,-1,Echolocation,/mnt/ubna_data_02_mir/recover-20220922/UBNA_001/20220921_090000.WAV,Telephone Field,recover-20220922,001,1795
24.8845,24.9269,68437,83033,Rhinolophus ferrumequinum,0.027,0.027,-1,Echolocation,/mnt/ubna_data_02_mir/recover-20220922/UBNA_001/20220921_090000.WAV,Telephone Field,recover-20220922,001,1795
24.8985,24.9053,24609,33400,Plecotus austriacus,0.008,0.022,-1,Echolocation,/mnt/ubna_data_02_mir/recover-20220922/UBNA_001/20220921_090000.WAV,Telephone Field,recover-20220922,001,1795
24.9105,24.9507,68437,82626,Rhinolophus ferrumequinum,0.025,0.025,-1,Echolocation,/mnt/ubna_data_02_mir/recover-20220922/UBNA_001/20220921_090000.WAV,Telephone Field,recover-20220922,001,1795
24.9125,24.9196,46093,52341,Pipistrellus pipistrellus,0.018,0.022,-1,Echolocation,/mnt/ubna_data_02_mir/recover-20220922/UBNA_001/20220921_090000.WAV,Telephone Field,recover-20220922,001,1795
24.9295,24.9377,27187,36879,Eptesicus serotinus,0.007,0.025,-1,Echolocation,/mnt/ubna_data_02_mir/recover-20220922/UBNA_001/20220921_090000.WAV,Telephone Field,recover-20220922,001,1795
24.9795,25.0194,68437,81990,Rhinolophus ferrumequinum,0.022,0.022,-1,Echolocation,/mnt/ubna_data_02_mir/recover-20220922/UBNA_001/20220921_090000.WAV,Telephone Field,recover-20220922,001,1795
24.9925,25.0027,24609,31132,Nyctalus leisleri,0.008,0.022,-1,Echolocation,/mnt/ubna_data_02_mir/recover-20220922/UBNA_001/20220921_090000.WAV,Telephone Field,recover-20220922,001,1795
25.0045,25.0411,68437,81207,Rhinolophus ferrumequinum,0.021,0.021,-1,Echolocation,/mnt/ubna_data_02_mir/recover-20220922/UBNA_001/20220921_090000.WAV,Telephone Field,recover-20220922,001,1795
25.0205,25.0281,28046,39306,Eptesicus serotinus,0.007,0.022,-1,Echolocation,/mnt/ubna_data_02_mir/recover-20220922/UBNA_001/20220921_090000.WAV,Telephone Field,recover-20220922,001,1795
25.0525,25.0932,68437,82522,Rhinolophus ferrumequinum,0.022,0.022,-1,Echolocation,/mnt/ubna_data_02_mir/recover-20220922/UBNA_001/20220921_090000.WAV,Telephone Field,recover-20220922,001,1795
25.0615,25.1055,68437,83272,Rhinolophus ferrumequinum,0.028,0.028,-1,Echolocation,/mnt/ubna_data_02_mir/recover-20220922/UBNA_001/20220921_090000.WAV,Telephone Field,recover-20220922,001,1795
25.0685,25.0788,48671,52618,Pipistrellus pipistrellus,0.025,0.029,-1,Echolocation,/mnt/ubna_data_02_mir/recover-20220922/UBNA_001/20220921_090000.WAV,Telephone Field,recover-20220922,001,1795
25.0935,25.1316,68437,81933,Rhinolophus ferrumequinum,0.025,0.026,-1,Echolocation,/mnt/ubna_data_02_mir/recover-20220922/UBNA_001/20220921_090000.WAV,Telephone Field,recover-20220922,001,1795
25.1325,25.14,26328,35104,Eptesicus serotinus,0.007,0.023,-1,Echolocation,/mnt/ubna_data_02_mir/recover-20220922/UBNA_001/20220921_090000.WAV,Telephone Field,recover-20220922,001,1795
25.1475,25.19,68437,83276,Rhinolophus ferrumequinum,0.024,0.024,-1,Echolocation,/mnt/ubna_data_02_mir/recover-20220922/UBNA_001/20220921_090000.WAV,Telephone Field,recover-20220922,001,1795
25.1485,25.1575,28906,37980,Eptesicus serotinus,0.008,0.022,-1,Echolocation,/mnt/ubna_data_02_mir/recover-20220922/UBNA_001/20220921_090000.WAV,Telephone Field,recover-20220922,001,1795
25.1805,25.1887,28046,39534,Eptesicus serotinus,0.008,0.024,-1,Echolocation,/mnt/ubna_data_02_mir/recover-20220922/UBNA_001/20220921_090000.WAV,Telephone Field,recover-20220922,001,1795
25.2105,25.2462,68437,81471,Rhinolophus ferrumequinum,0.027,0.027,-1,Echolocation,/mnt/ubna_data_02_mir/recover-20220922/UBNA_001/20220921_090000.WAV,Telephone Field,recover-20220922,001,1795
25.2265,25.2626,68437,81670,Rhinolophus ferrumequinum,0.024,0.024,-1,Echolocation,/mnt/ubna_data_02_mir/recover-20220922/UBNA_001/20220921_090000.WAV,Telephone Field,recover-20220922,001,1795
25.2345,25.2708,68437,81899,Rhinolophus ferrumequinum,0.024,0.024,-1,Echolocation,/mnt/ubna_data_02_mir/recover-20220922/UBNA_001/20220921_090000.WAV,Telephone Field,recover-20220922,001,1795
25.2775,25.318,68437,82243,Rhinolophus ferrumequinum,0.026,0.026,-1,Echolocation,/mnt/ubna_data_02_mir/recover-20220922/UBNA_001/20220921_090000.WAV,Telephone Field,recover-20220922,001,1795
25.2855,25.2938,48671,53281,Pipistrellus pipistrellus,0.02,0.023,-1,Echolocation,/mnt/ubna_data_02_mir/recover-20220922/UBNA_001/20220921_090000.WAV,Telephone Field,recover-20220922,001,1795
25.3065,25.3147,25468,33385,Eptesicus serotinus,0.019,0.068,-1,Echolocation,/mnt/ubna_data_02_mir/recover-20220922/UBNA_001/20220921_090000.WAV,Telephone Field,recover-20220922,001,1795
25.3095,25.354,68437,83672,Rhinolophus ferrumequinum,0.027,0.027,-1,Echolocation,/mnt/ubna_data_02_mir/recover-20220922/UBNA_001/20220921_090000.WAV,Telephone Field,recover-20220922,001,1795
25.3365,25.3457,27187,39795,Eptesicus serotinus,0.009,0.025,-1,Echolocation,/mnt/ubna_data_02_mir/recover-20220922/UBNA_001/20220921_090000.WAV,Telephone Field,recover-20220922,001,1795
25.3655,25.3731,26328,39360,Eptesicus serotinus,0.007,0.025,-1,Echolocation,/mnt/ubna_data_02_mir/recover-20220922/UBNA_001/20220921_090000.WAV,Telephone Field,recover-20220922,001,1795
25.3755,25.4172,68437,82591,Rhinolophus ferrumequinum,0.026,0.026,-1,Echolocation,/mnt/ubna_data_02_mir/recover-20220922/UBNA_001/20220921_090000.WAV,Telephone Field,recover-20220922,001,1795
25.4235,25.435,27187,36205,Eptesicus serotinus,0.015,0.029,-1,Echolocation,/mnt/ubna_data_02_mir/recover-20220922/UBNA_001/20220921_090000.WAV,Telephone Field,recover-20220922,001,1795
25.4485,25.4899,68437,82833,Rhinolophus ferrumequinum,0.025,0.025,-1,Echolocation,/mnt/ubna_data_02_mir/recover-20220922/UBNA_001/20220921_090000.WAV,Telephone Field,recover-20220922,001,1795
25.4575,25.4974,68437,82088,Rhinolophus ferrumequinum,0.021,0.021,-1,Echolocation,/mnt/ubna_data_02_mir/recover-20220922/UBNA_001/20220921_090000.WAV,Telephone Field,recover-20220922,001,1795
25.4855,25.5221,68437,82044,Rhinolophus ferrumequinum,0.022,0.022,-1,Echolocation,/mnt/ubna_data_02_mir/recover-20220922/UBNA_001/20220921_090000.WAV,Telephone Field,recover-20220922,001,1795
25.5015,25.5401,68437,82793,Rhinolophus ferrumequinum,0.027,0.027,-1,Echolocation,/mnt/ubna_data_02_mir/recover-20220922/UBNA_001/20220921_090000.WAV,Telephone Field,recover-20220922,001,1795
25.5285,25.5687,68437,81830,Rhinolophus ferrumequinum,0.022,0.022,-1,Echolocation,/mnt/ubna_data_02_mir/recover-20220922/UBNA_001/20220921_090000.WAV,Telephone Field,recover-20220922,001,1795
25.5475,25.5548,26328,35983,Eptesicus serotinus,0.008,0.028,-1,Echolocation,/mnt/ubna_data_02_mir/recover-20220922/UBNA_001/20220921_090000.WAV,Telephone Field,recover-20220922,001,1795
25.5705,25.5773,28046,37249,Eptesicus serotinus,0.008,0.023,-1,Echolocation,/mnt/ubna_data_02_mir/recover-20220922/UBNA_001/20220921_090000.WAV,Telephone Field,recover-20220922,001,1795
25.5755,25.6148,68437,82252,Rhinolophus ferrumequinum,0.021,0.021,-1,Echolocation,/mnt/ubna_data_02_mir/recover-20220922/UBNA_001/20220921_090000.WAV,Telephone Field,recover-20220922,001,1795
25.6085,25.6455,68437,81892,Rhinolophus ferrumequinum,0.022,0.022,-1,Echolocation,/mnt/ubna_data_02_mir/recover-20220922/UBNA_001/20220921_090000.WAV,Telephone Field,recover-20220922,001,1795
25.6365,25.6465,28046,36518,Eptesicus serotinus,0.009,0.021,-1,Echolocation,/mnt/ubna_data_02_mir/recover-20220922/UBNA_001/20220921_090000.WAV,Telephone Field,recover-20220922,001,1795
25.6515,25.6904,68437,81896,Rhinolophus ferrumequinum,0.023,0.023,-1,Echolocation,/mnt/ubna_data_02_mir/recover-20220922/UBNA_001/20220921_090000.WAV,Telephone Field,recover-20220922,001,1795
25.6835,25.6934,28046,35958,Eptesicus serotinus,0.009,0.022,-1,Echolocation,/mnt/ubna_data_02_mir/recover-20220922/UBNA_001/20220921_090000.WAV,Telephone Field,recover-20220922,001,1795
25.7055,25.7139,46093,49809,Pipistrellus pipistrellus,0.044,0.045,-1,Echolocation,/mnt/ubna_data_02_mir/recover-20220922/UBNA_001/20220921_090000.WAV,Telephone Field,recover-20220922,001,1795
25.7295,25.7383,33203,40952,Barbastellus barbastellus,0.006,0.022,-1,Echolocation,/mnt/ubna_data_02_mir/recover-20220922/UBNA_001/20220921_090000.WAV,Telephone Field,recover-20220922,001,1795
25.7315,25.7389,28046,38690,Eptesicus serotinus,0.007,0.023,-1,Echolocation,/mnt/ubna_data_02_mir/recover-20220922/UBNA_001/20220921_090000.WAV,Telephone Field,recover-20220922,001,1795
25.7395,25.7536,54687,58866,Pipistrellus pygmaeus,0.029,0.03,-1,Echolocation,/mnt/ubna_data_02_mir/recover-20220922/UBNA_001/20220921_090000.WAV,Telephone Field,recover-20220922,001,1795
25.7565,25.7951,68437,81640,Rhinolophus ferrumequinum,0.023,0.023,-1,Echolocation,/mnt/ubna_data_02_mir/recover-20220922/UBNA_001/20220921_090000.WAV,Telephone Field,recover-20220922,001,1795
25.7705,25.7806,26328,35134,Eptesicus serotinus,0.009,0.021,-1,Echolocation,/mnt/ubna_data_02_mir/recover-20220922/UBNA_001/20220921_090000.WAV,Telephone Field,recover-20220922,001,1795
25.7785,25.7889,23750,29939,Nyctalus leisleri,0.01,0.023,-1,Echolocation,/mnt/ubna_data_02_mir/recover-20220922/UBNA_001/20220921_090000.WAV,Telephone Field,recover-20220922,001,1795
25.7895,25.8255,68437,82665,Rhinolophus ferrumequinum,0.022,0.022,-1,Echolocation,/mnt/ubna_data_02_mir/recover-20220922/UBNA_001/20220921_090000.WAV,Telephone Field,recover-20220922,001,1795
25.7955,25.8347,68437,82616,Rhinolophus ferrumequinum,0.022,0.022,-1,Echolocation,/mnt/ubna_data_02_mir/recover-20220922/UBNA_001/20220921_090000.WAV,Telephone Field,recover-20220922,001,1795
25.8015,25.8437,68437,82459,Rhinolophus ferrumequinum,0.023,0.023,-1,Echolocation,/mnt/ubna_data_02_mir/recover-20220922/UBNA_001/20220921_090000.WAV,Telephone Field,recover-20220922,001,1795
25.8135,25.853,68437,82317,Rhinolophus ferrumequinum,0.022,0.022,-1,Echolocation,/mnt/ubna_data_02_mir/recover-20220922/UBNA_001/20220921_090000.WAV,Telephone Field,recover-20220922,001,1795
25.8425,25.8853,68437,82360,Rhinolophus ferrumequinum,0.022,0.022,-1,Echolocation,/mnt/ubna_data_02_mir/recover-20220922/UBNA_001/20220921_090000.WAV,Telephone Field,recover-20220922,001,1795
25.8485,25.8568,27187,37619,Eptesicus serotinus,0.007,0.021,-1,Echolocation,/mnt/ubna_data_02_mir/recover-20220922/UBNA_001/20220921_090000.WAV,Telephone Field,recover-20220922,001,1795
25.9015,25.9433,68437,83395,Rhinolophus ferrumequinum,0.026,0.026,-1,Echolocation,/mnt/ubna_data_02_mir/recover-20220922/UBNA_001/20220921_090000.WAV,Telephone Field,recover-20220922,001,1795
25.9115,25.9205,28046,36559,Eptesicus serotinus,0.008,0.021,-1,Echolocation,/mnt/ubna_data_02_mir/recover-20220922/UBNA_001/20220921_090000.WAV,Telephone Field,recover-20220922,001,1795
25.9155,25.9217,46953,54896,Pipistrellus pipistrellus,0.022,0.023,-1,Echolocation,/mnt/ubna_data_02_mir/recover-20220922/UBNA_001/20220921_090000.WAV,Telephone Field,recover-20220922,001,1795
25.9795,25.9895,25468,32946,Eptesicus serotinus,0.008,0.023,-1,Echolocation,/mnt/ubna_data_02_mir/recover-20220922/UBNA_001/20220921_090000.WAV,Telephone Field,recover-20220922,001,1795
26.0015,26.0102,22890,28989,Nyctalus leisleri,0.012,0.03,-1,Echolocation,/mnt/ubna_data_02_mir/recover-20220922/UBNA_001/20220921_090000.WAV,Telephone Field,recover-20220922,001,1795
26.0015,26.0318,70156,81596,Rhinolophus ferrumequinum,0.036,0.037,-1,Echolocation,/mnt/ubna_data_02_mir/recover-20220922/UBNA_001/20220921_090000.WAV,Telephone Field,recover-20220922,001,1795
26.0525,26.0914,68437,82012,Rhinolophus ferrumequinum,0.021,0.022,-1,Echolocation,/mnt/ubna_data_02_mir/recover-20220922/UBNA_001/20220921_090000.WAV,Telephone Field,recover-20220922,001,1795
26.0955,26.1041,28046,37136,Eptesicus serotinus,0.022,0.04,-1,Echolocation,/mnt/ubna_data_02_mir/recover-20220922/UBNA_001/20220921_090000.WAV,Telephone Field,recover-20220922,001,1795
26.1125,26.1522,68437,81445,Rhinolophus ferrumequinum,0.024,0.024,-1,Echolocation,/mnt/ubna_data_02_mir/recover-20220922/UBNA_001/20220921_090000.WAV,Telephone Field,recover-20220922,001,1795
26.1365,26.1427,28046,39511,Eptesicus serotinus,0.007,0.023,-1,Echolocation,/mnt/ubna_data_02_mir/recover-20220922/UBNA_001/20220921_090000.WAV,Telephone Field,recover-20220922,001,1795
26.1425,26.1801,68437,81429,Rhinolophus ferrumequinum,0.022,0.022,-1,Echolocation,/mnt/ubna_data_02_mir/recover-20220922/UBNA_001/20220921_090000.WAV,Telephone Field,recover-20220922,001,1795
26.1565,26.1668,22890,28406,Nyctalus leisleri,0.01,0.022,-1,Echolocation,/mnt/ubna_data_02_mir/recover-20220922/UBNA_001/20220921_090000.WAV,Telephone Field,recover-20220922,001,1795
26.1655,26.1749,25468,33240,Eptesicus serotinus,0.009,0.023,-1,Echolocation,/mnt/ubna_data_02_mir/recover-20220922/UBNA_001/20220921_090000.WAV,Telephone Field,recover-20220922,001,1795
26.2225,26.2317,28046,37517,Eptesicus serotinus,0.009,0.021,-1,Echolocation,/mnt/ubna_data_02_mir/recover-20220922/UBNA_001/20220921_090000.WAV,Telephone Field,recover-20220922,001,1795
26.2365,26.2725,68437,82328,Rhinolophus ferrumequinum,0.022,0.022,-1,Echolocation,/mnt/ubna_data_02_mir/recover-20220922/UBNA_001/20220921_090000.WAV,Telephone Field,recover-20220922,001,1795
26.2795,26.2885,28906,37189,Eptesicus serotinus,0.008,0.022,-1,Echolocation,/mnt/ubna_data_02_mir/recover-20220922/UBNA_001/20220921_090000.WAV,Telephone Field,recover-20220922,001,1795
26.2955,26.332,68437,82184,Rhinolophus ferrumequinum,0.028,0.028,-1,Echolocation,/mnt/ubna_data_02_mir/recover-20220922/UBNA_001/20220921_090000.WAV,Telephone Field,recover-20220922,001,1795
26.3185,26.3594,68437,82217,Rhinolophus ferrumequinum,0.03,0.03,-1,Echolocation,/mnt/ubna_data_02_mir/recover-20220922/UBNA_001/20220921_090000.WAV,Telephone Field,recover-20220922,001,1795
26.3575,26.368,22890,27568,Nyctalus leisleri,0.01,0.021,-1,Echolocation,/mnt/ubna_data_02_mir/recover-20220922/UBNA_001/20220921_090000.WAV,Telephone Field,recover-20220922,001,1795
26.3775,26.4149,68437,81522,Rhinolophus ferrumequinum,0.02,0.02,-1,Echolocation,/mnt/ubna_data_02_mir/recover-20220922/UBNA_001/20220921_090000.WAV,Telephone Field,recover-20220922,001,1795
26.3815,26.3891,27187,39126,Eptesicus serotinus,0.007,0.021,-1,Echolocation,/mnt/ubna_data_02_mir/recover-20220922/UBNA_001/20220921_090000.WAV,Telephone Field,recover-20220922,001,1795
26.4345,26.4448,23750,29967,Nyctalus leisleri,0.008,0.022,-1,Echolocation,/mnt/ubna_data_02_mir/recover-20220922/UBNA_001/20220921_090000.WAV,Telephone Field,recover-20220922,001,1795
26.4835,26.523,68437,82569,Rhinolophus ferrumequinum,0.02,0.02,-1,Echolocation,/mnt/ubna_data_02_mir/recover-20220922/UBNA_001/20220921_090000.WAV,Telephone Field,recover-20220922,001,1795
26.4935,26.5048,23750,29700,Nyctalus leisleri,0.009,0.021,-1,Echolocation,/mnt/ubna_data_02_mir/recover-20220922/UBNA_001/20220921_090000.WAV,Telephone Field,recover-20220922,001,1795
26.4955,26.5354,68437,82674,Rhinolophus ferrumequinum,0.023,0.023,-1,Echolocation,/mnt/ubna_data_02_mir/recover-20220922/UBNA_001/20220921_090000.WAV,Telephone Field,recover-20220922,001,1795
26.5185,26.5593,68437,82318,Rhinolophus ferrumequinum,0.024,0.024,-1,Echolocation,/mnt/ubna_data_02_mir/recover-20220922/UBNA_001/20220921_090000.WAV,Telephone Field,recover-20220922,001,1795
26.5255,26.5621,68437,81505,Rhinolophus ferrumequinum,0.023,0.023,-1,Echolocation,/mnt/ubna_data_02_mir/recover-20220922/UBNA_001/20220921_090000.WAV,Telephone Field,recover-20220922,001,1795
26.5655,26.5764,29765,38938,Eptesicus serotinus,0.01,0.021,-1,Echolocation,/mnt/ubna_data_02_mir/recover-20220922/UBNA_001/20220921_090000.WAV,Telephone Field,recover-20220922,001,1795
26.5695,26.606,68437,81567,Rhinolophus ferrumequinum,0.025,0.025,-1,Echolocation,/mnt/ubna_data_02_mir/recover-20220922/UBNA_001/20220921_090000.WAV,Telephone Field,recover-20220922,001,1795
26.5925,26.5998,27187,39086,Eptesicus serotinus,0.006,0.021,-1,Echolocation,/mnt/ubna_data_02_mir/recover-20220922/UBNA_001/20220921_090000.WAV,Telephone Field,recover-20220922,001,1795
26.6045,26.6461,68437,82529,Rhinolophus ferrumequinum,0.029,0.029,-1,Echolocation,/mnt/ubna_data_02_mir/recover-20220922/UBNA_001/20220921_090000.WAV,Telephone Field,recover-20220922,001,1795
26.6455,26.6828,68437,81752,Rhinolophus ferrumequinum,0.024,0.024,-1,Echolocation,/mnt/ubna_data_02_mir/recover-20220922/UBNA_001/20220921_090000.WAV,Telephone Field,recover-20220922,001,1795
26.6645,26.7055,68437,83102,Rhinolophus ferrumequinum,0.022,0.022,-1,Echolocation,/mnt/ubna_data_02_mir/recover-20220922/UBNA_001/20220921_090000.WAV,Telephone Field,recover-20220922,001,1795
26.6705,26.7124,68437,83429,Rhinolophus ferrumequinum,0.021,0.021,-1,Echolocation,/mnt/ubna_data_02_mir/recover-20220922/UBNA_001/20220921_090000.WAV,Telephone Field,recover-20220922,001,1795
26.6895,26.7281,68437,82082,Rhinolophus ferrumequinum,0.02,0.02,-1,Echolocation,/mnt/ubna_data_02_mir/recover-20220922/UBNA_001/20220921_090000.WAV,Telephone Field,recover-20220922,001,1795
26.7075,26.7451,68437,81754,Rhinolophus ferrumequinum,0.024,0.024,-1,Echolocation,/mnt/ubna_data_02_mir/recover-20220922/UBNA_001/20220921_090000.WAV,Telephone Field,recover-20220922,001,1795
26.7285,26.766,68437,82075,Rhinolophus ferrumequinum,0.021,0.021,-1,Echolocation,/mnt/ubna_data_02_mir/recover-20220922/UBNA_001/20220921_090000.WAV,Telephone Field,recover-20220922,001,1795
26.7935,26.8027,28906,37174,Eptesicus serotinus,0.011,0.024,-1,Echolocation,/mnt/ubna_data_02_mir/recover-20220922/UBNA_001/20220921_090000.WAV,Telephone Field,recover-20220922,001,1795
26.8225,26.86,68437,81915,Rhinolophus ferrumequinum,0.023,0.023,-1,Echolocation,/mnt/ubna_data_02_mir/recover-20220922/UBNA_001/20220921_090000.WAV,Telephone Field,recover-20220922,001,1795
26.8605,26.8722,22890,28351,Nyctalus leisleri,0.011,0.023,-1,Echolocation,/mnt/ubna_data_02_mir/recover-20220922/UBNA_001/20220921_090000.WAV,Telephone Field,recover-20220922,001,1795
26.8765,26.8874,28906,35301,Eptesicus serotinus,0.036,0.058,-1,Echolocation,/mnt/ubna_data_02_mir/recover-20220922/UBNA_001/20220921_090000.WAV,Telephone Field,recover-20220922,001,1795
26.8865,26.9232,68437,81568,Rhinolophus ferrumequinum,0.02,0.021,-1,Echolocation,/mnt/ubna_data_02_mir/recover-20220922/UBNA_001/20220921_090000.WAV,Telephone Field,recover-20220922,001,1795
26.8885,26.8975,25468,33398,Nyctalus leisleri,0.01,0.031,-1,Echolocation,/mnt/ubna_data_02_mir/recover-20220922/UBNA_001/20220921_090000.WAV,Telephone Field,recover-20220922,001,1795
26.9125,26.9513,68437,81764,Rhinolophus ferrumequinum,0.021,0.021,-1,Echolocation,/mnt/ubna_data_02_mir/recover-20220922/UBNA_001/20220921_090000.WAV,Telephone Field,recover-20220922,001,1795
26.9265,26.9354,25468,33140,Eptesicus serotinus,0.008,0.022,-1,Echolocation,/mnt/ubna_data_02_mir/recover-20220922/UBNA_001/20220921_090000.WAV,Telephone Field,recover-20220922,001,1795
26.9415,26.9525,22890,27372,Nyctalus leisleri,0.01,0.02,-1,Echolocation,/mnt/ubna_data_02_mir/recover-20220922/UBNA_001/20220921_090000.WAV,Telephone Field,recover-20220922,001,1795
27.0305,27.0364,46093,51644,Pipistrellus pipistrellus,0.021,0.022,-1,Echolocation,/mnt/ubna_data_02_mir/recover-20220922/UBNA_001/20220921_090000.WAV,Telephone Field,recover-20220922,001,1795
27.0365,27.0461,28046,37375,Eptesicus serotinus,0.011,0.024,-1,Echolocation,/mnt/ubna_data_02_mir/recover-20220922/UBNA_001/20220921_090000.WAV,Telephone Field,recover-20220922,001,1795
27.0415,27.0813,68437,81828,Rhinolophus ferrumequinum,0.022,0.022,-1,Echolocation,/mnt/ubna_data_02_mir/recover-20220922/UBNA_001/20220921_090000.WAV,Telephone Field,recover-20220922,001,1795
27.0475,27.0881,68437,82280,Rhinolophus ferrumequinum,0.023,0.023,-1,Echolocation,/mnt/ubna_data_02_mir/recover-20220922/UBNA_001/20220921_090000.WAV,Telephone Field,recover-20220922,001,1795
27.0865,27.123,68437,81256,Rhinolophus ferrumequinum,0.021,0.021,-1,Echolocation,/mnt/ubna_data_02_mir/recover-20220922/UBNA_001/20220921_090000.WAV,Telephone Field,recover-20220922,001,1795
27.1145,27.1226,24609,32277,Plecotus austriacus,0.005,0.02,-1,Echolocation,/mnt/ubna_data_02_mir/recover-20220922/UBNA_001/20220921_090000.WAV,Telephone Field,recover-20220922,001,1795
27.1165,27.1558,68437,82569,Rhinolophus ferrumequinum,0.023,0.023,-1,Echolocation,/mnt/ubna_data_02_mir/recover-20220922/UBNA_001/20220921_090000.WAV,Telephone Field,recover-20220922,001,1795
27.1325,27.1713,68437,81928,Rhinolophus ferrumequinum,0.021,0.021,-1,Echolocation,/mnt/ubna_data_02_mir/recover-20220922/UBNA_001/20220921_090000.WAV,Telephone Field,recover-20220922,001,1795
27.1395,27.148,49531,54007,Pipistrellus pipistrellus,0.028,0.03,-1,Echolocation,/mnt/ubna_data_02_mir/recover-20220922/UBNA_001/20220921_090000.WAV,Telephone Field,recover-20220922,001,1795
27.1425,27.1807,68437,81997,Rhinolophus ferrumequinum,0.02,0.02,-1,Echolocation,/mnt/ubna_data_02_mir/recover-20220922/UBNA_001/20220921_090000.WAV,Telephone Field,recover-20220922,001,1795
27.1595,27.198,68437,81726,Rhinolophus ferrumequinum,0.023,0.023,-1,Echolocation,/mnt/ubna_data_02_mir/recover-20220922/UBNA_001/20220921_090000.WAV,Telephone Field,recover-20220922,001,1795
27.1655,27.2066,68437,82872,Rhinolophus ferrumequinum,0.023,0.024,-1,Echolocation,/mnt/ubna_data_02_mir/recover-20220922/UBNA_001/20220921_090000.WAV,Telephone Field,recover-20220922,001,1795
27.1875,27.2267,68437,81981,Rhinolophus ferrumequinum,0.02,0.02,-1,Echolocation,/mnt/ubna_data_02_mir/recover-20220922/UBNA_001/20220921_090000.WAV,Telephone Field,recover-20220922,001,1795
27.2215,27.2617,68437,82226,Rhinolophus ferrumequinum,0.02,0.02,-1,Echolocation,/mnt/ubna_data_02_mir/recover-20220922/UBNA_001/20220921_090000.WAV,Telephone Field,recover-20220922,001,1795
27.2265,27.2335,43515,47161,Pipistrellus pipistrellus,0.02,0.024,-1,Echolocation,/mnt/ubna_data_02_mir/recover-20220922/UBNA_001/20220921_090000.WAV,Telephone Field,recover-20220922,001,1795
27.2715,27.3095,68437,82683,Rhinolophus ferrumequinum,0.021,0.021,-1,Echolocation,/mnt/ubna_data_02_mir/recover-20220922/UBNA_001/20220921_090000.WAV,Telephone Field,recover-20220922,001,1795
27.3395,27.3468,28046,39419,Eptesicus serotinus,0.007,0.022,-1,Echolocation,/mnt/ubna_data_02_mir/recover-20220922/UBNA_001/20220921_090000.WAV,Telephone Field,recover-20220922,001,1795
27.3655,27.4066,68437,82518,Rhinolophus ferrumequinum,0.029,0.029,-1,Echolocation,/mnt/ubna_data_02_mir/recover-20220922/UBNA_001/20220921_090000.WAV,Telephone Field,recover-20220922,001,1795
27.4105,27.4498,68437,82292,Rhinolophus ferrumequinum,0.026,0.026,-1,Echolocation,/mnt/ubna_data_02_mir/recover-20220922/UBNA_001/20220921_090000.WAV,Telephone Field,recover-20220922,001,1795
27.4165,27.4232,27187,39959,Eptesicus serotinus,0.006,0.024,-1,Echolocation,/mnt/ubna_data_02_mir/recover-20220922/UBNA_001/20220921_090000.WAV,Telephone Field,recover-20220922,001,1795
27.4255,27.465,68437,82715,Rhinolophus ferrumequinum,0.022,0.022,-1,Echolocation,/mnt/ubna_data_02_mir/recover-20220922/UBNA_001/20220921_090000.WAV,Telephone Field,recover-20220922,001,1795
27.4545,27.4629,28046,41123,Eptesicus serotinus,0.01,0.029,-1,Echolocation,/mnt/ubna_data_02_mir/recover-20220922/UBNA_001/20220921_090000.WAV,Telephone Field,recover-20220922,001,1795
27.4765,27.4841,28046,37926,Eptesicus serotinus,0.007,0.02,-1,Echolocation,/mnt/ubna_data_02_mir/recover-20220922/UBNA_001/20220921_090000.WAV,Telephone Field,recover-20220922,001,1795
27.4955,27.5351,68437,82483,Rhinolophus ferrumequinum,0.021,0.021,-1,Echolocation,/mnt/ubna_data_02_mir/recover-20220922/UBNA_001/20220921_090000.WAV,Telephone Field,recover-20220922,001,1795
27.5405,27.5797,68437,82445,Rhinolophus ferrumequinum,0.021,0.021,-1,Echolocation,/mnt/ubna_data_02_mir/recover-20220922/UBNA_001/20220921_090000.WAV,Telephone Field,recover-20220922,001,1795
27.5535,27.5931,68437,82083,Rhinolophus ferrumequinum,0.021,0.021,-1,Echolocation,/mnt/ubna_data_02_mir/recover-20220922/UBNA_001/20220921_090000.WAV,Telephone Field,recover-20220922,001,1795
27.5625,27.5742,23750,29126,Nyctalus leisleri,0.03,0.068,-1,Echolocation,/mnt/ubna_data_02_mir/recover-20220922/UBNA_001/20220921_090000.WAV,Telephone Field,recover-20220922,001,1795
27.6145,27.653,68437,82889,Rhinolophus ferrumequinum,0.025,0.025,-1,Echolocation,/mnt/ubna_data_02_mir/recover-20220922/UBNA_001/20220921_090000.WAV,Telephone Field,recover-20220922,001,1795
27.6565,27.6958,68437,82216,Rhinolophus ferrumequinum,0.022,0.022,-1,Echolocation,/mnt/ubna_data_02_mir/recover-20220922/UBNA_001/20220921_090000.WAV,Telephone Field,recover-20220922,001,1795
27.6985,27.7088,35781,42210,Myotis daubentonii,0.005,0.02,-1,Echolocation,/mnt/ubna_data_02_mir/recover-20220922/UBNA_001/20220921_090000.WAV,Telephone Field,recover-20220922,001,1795
27.7135,27.7487,68437,81352,Rhinolophus ferrumequinum,0.022,0.022,-1,Echolocation,/mnt/ubna_data_02_mir/recover-20220922/UBNA_001/20220921_090000.WAV,Telephone Field,recover-20220922,001,1795
27.7485,27.7599,45234,47954,Pipistrellus pipistrellus,0.037,0.041,-1,Echolocation,/mnt/ubna_data_02_mir/recover-20220922/UBNA_001/20220921_090000.WAV,Telephone Field,recover-20220922,001,1795
27.7825,27.8229,68437,82810,Rhinolophus ferrumequinum,0.022,0.022,-1,Echolocation,/mnt/ubna_data_02_mir/recover-20220922/UBNA_001/20220921_090000.WAV,Telephone Field,recover-20220922,001,1795
27.7865,27.7938,29765,38752,Eptesicus serotinus,0.026,0.053,-1,Echolocation,/mnt/ubna_data_02_mir/recover-20220922/UBNA_001/20220921_090000.WAV,Telephone Field,recover-20220922,001,1795
27.8215,27.859,68437,81795,Rhinolophus ferrumequinum,0.022,0.022,-1,Echolocation,/mnt/ubna_data_02_mir/recover-20220922/UBNA_001/20220921_090000.WAV,Telephone Field,recover-20220922,001,1795
27.8385,27.8457,27187,41228,Eptesicus serotinus,0.007,0.024,-1,Echolocation,/mnt/ubna_data_02_mir/recover-20220922/UBNA_001/20220921_090000.WAV,Telephone Field,recover-20220922,001,1795
27.9105,27.9475,68437,81713,Rhinolophus ferrumequinum,0.021,0.021,-1,Echolocation,/mnt/ubna_data_02_mir/recover-20220922/UBNA_001/20220921_090000.WAV,Telephone Field,recover-20220922,001,1795
27.9365,27.9764,68437,82407,Rhinolophus ferrumequinum,0.023,0.023,-1,Echolocation,/mnt/ubna_data_02_mir/recover-20220922/UBNA_001/20220921_090000.WAV,Telephone Field,recover-20220922,001,1795
28.0015,28.0101,25468,35662,Nyctalus leisleri,0.008,0.028,-1,Echolocation,/mnt/ubna_data_02_mir/recover-20220922/UBNA_001/20220921_090000.WAV,Telephone Field,recover-20220922,001,1795
28.0015,28.0366,68437,79651,Rhinolophus ferrumequinum,0.043,0.044,-1,Echolocation,/mnt/ubna_data_02_mir/recover-20220922/UBNA_001/20220921_090000.WAV,Telephone Field,recover-20220922,001,1795
28.0015,28.0115,47812,53667,Pipistrellus pipistrellus,0.017,0.023,-1,Echolocation,/mnt/ubna_data_02_mir/recover-20220922/UBNA_001/20220921_090000.WAV,Telephone Field,recover-20220922,001,1795
28.0075,28.0473,68437,82332,Rhinolophus ferrumequinum,0.022,0.022,-1,Echolocation,/mnt/ubna_data_02_mir/recover-20220922/UBNA_001/20220921_090000.WAV,Telephone Field,recover-20220922,001,1795
28.0305,28.0395,28046,36324,Eptesicus serotinus,0.01,0.023,-1,Echolocation,/mnt/ubna_data_02_mir/recover-20220922/UBNA_001/20220921_090000.WAV,Telephone Field,recover-20220922,001,1795
28.0325,28.0705,68437,81892,Rhinolophus ferrumequinum,0.022,0.022,-1,Echolocation,/mnt/ubna_data_02_mir/recover-20220922/UBNA_001/20220921_090000.WAV,Telephone Field,recover-20220922,001,1795
28.0405,28.0469,46953,52464,Pipistrellus pipistrellus,0.018,0.019,-1,Echolocation,/mnt/ubna_data_02_mir/recover-20220922/UBNA_001/20220921_090000.WAV,Telephone Field,recover-20220922,001,1795
28.0555,28.0916,68437,81322,Rhinolophus ferrumequinum,0.021,0.021,-1,Echolocation,/mnt/ubna_data_02_mir/recover-20220922/UBNA_001/20220921_090000.WAV,Telephone Field,recover-20220922,001,1795
28.0765,28.0857,28046,36715,Eptesicus serotinus,0.008,0.02,-1,Echolocation,/mnt/ubna_data_02_mir/recover-20220922/UBNA_001/20220921_090000.WAV,Telephone Field,recover-20220922,001,1795
28.0815,28.116,68437,81332,Rhinolophus ferrumequinum,0.019,0.019,-1,Echolocation,/mnt/ubna_data_02_mir/recover-20220922/UBNA_001/20220921_090000.WAV,Telephone Field,recover-20220922,001,1795
28.0935,28.134,68437,82525,Rhinolophus ferrumequinum,0.024,0.024,-1,Echolocation,/mnt/ubna_data_02_mir/recover-20220922/UBNA_001/20220921_090000.WAV,Telephone Field,recover-20220922,001,1795
28.1245,28.1314,23750,32406,Plecotus austriacus,0.009,0.021,-1,Echolocation,/mnt/ubna_data_02_mir/recover-20220922/UBNA_001/20220921_090000.WAV,Telephone Field,recover-20220922,001,1795
28.1305,28.1386,28046,40466,Eptesicus serotinus,0.008,0.024,-1,Echolocation,/mnt/ubna_data_02_mir/recover-20220922/UBNA_001/20220921_090000.WAV,Telephone Field,recover-20220922,001,1795
28.1465,28.1861,68437,82375,Rhinolophus ferrumequinum,0.02,0.02,-1,Echolocation,/mnt/ubna_data_02_mir/recover-20220922/UBNA_001/20220921_090000.WAV,Telephone Field,recover-20220922,001,1795
28.1895,28.2264,68437,82397,Rhinolophus ferrumequinum,0.023,0.023,-1,Echolocation,/mnt/ubna_data_02_mir/recover-20220922/UBNA_001/20220921_090000.WAV,Telephone Field,recover-20220922,001,1795
28.1955,28.2074,23750,28539,Nyctalus leisleri,0.01,0.02,-1,Echolocation,/mnt/ubna_data_02_mir/recover-20220922/UBNA_001/20220921_090000.WAV,Telephone Field,recover-20220922,001,1795
28.2045,28.2158,23750,28989,Nyctalus leisleri,0.009,0.021,-1,Echolocation,/mnt/ubna_data_02_mir/recover-20220922/UBNA_001/20220921_090000.WAV,Telephone Field,recover-20220922,001,1795
28.2065,28.2514,68437,82889,Rhinolophus ferrumequinum,0.039,0.039,-1,Echolocation,/mnt/ubna_data_02_mir/recover-20220922/UBNA_001/20220921_090000.WAV,Telephone Field,recover-20220922,001,1795
28.2455,28.2844,68437,82106,Rhinolophus ferrumequinum,0.024,0.025,-1,Echolocation,/mnt/ubna_data_02_mir/recover-20220922/UBNA_001/20220921_090000.WAV,Telephone Field,recover-20220922,001,1795
28.2735,28.3105,68437,81282,Rhinolophus ferrumequinum,0.023,0.023,-1,Echolocation,/mnt/ubna_data_02_mir/recover-20220922/UBNA_001/20220921_090000.WAV,Telephone Field,recover-20220922,001,1795
28.3225,28.3299,26328,36800,Eptesicus serotinus,0.006,0.02,-1,Echolocation,/mnt/ubna_data_02_mir/recover-20220922/UBNA_001/20220921_090000.WAV,Telephone Field,recover-20220922,001,1795
28.3225,28.3632,68437,82374,Rhinolophus ferrumequinum,0.022,0.022,-1,Echolocation,/mnt/ubna_data_02_mir/recover-20220922/UBNA_001/20220921_090000.WAV,Telephone Field,recover-20220922,001,1795
28.3315,28.3731,68437,82445,Rhinolophus ferrumequinum,0.021,0.021,-1,Echolocation,/mnt/ubna_data_02_mir/recover-20220922/UBNA_001/20220921_090000.WAV,Telephone Field,recover-20220922,001,1795
28.3645,28.3725,22890,29800,Plecotus austriacus,0.008,0.019,-1,Echolocation,/mnt/ubna_data_02_mir/recover-20220922/UBNA_001/20220921_090000.WAV,Telephone Field,recover-20220922,001,1795
28.3665,28.4074,68437,83266,Rhinolophus ferrumequinum,0.024,0.024,-1,Echolocation,/mnt/ubna_data_02_mir/recover-20220922/UBNA_001/20220921_090000.WAV,Telephone Field,recover-20220922,001,1795
28.3805,28.3876,28046,38421,Eptesicus serotinus,0.006,0.022,-1,Echolocation,/mnt/ubna_data_02_mir/recover-20220922/UBNA_001/20220921_090000.WAV,Telephone Field,recover-20220922,001,1795
28.3905,28.4323,68437,82332,Rhinolophus ferrumequinum,0.022,0.022,-1,Echolocation,/mnt/ubna_data_02_mir/recover-20220922/UBNA_001/20220921_090000.WAV,Telephone Field,recover-20220922,001,1795
28.4045,28.4116,51250,56237,Pipistrellus pipistrellus,0.016,0.019,-1,Echolocation,/mnt/ubna_data_02_mir/recover-20220922/UBNA_001/20220921_090000.WAV,Telephone Field,recover-20220922,001,1795
28.4045,28.4132,26328,36391,Eptesicus serotinus,0.007,0.019,-1,Echolocation,/mnt/ubna_data_02_mir/recover-20220922/UBNA_001/20220921_090000.WAV,Telephone Field,recover-20220922,001,1795
28.4205,28.4596,68437,81872,Rhinolophus ferrumequinum,0.021,0.021,-1,Echolocation,/mnt/ubna_data_02_mir/recover-20220922/UBNA_001/20220921_090000.WAV,Telephone Field,recover-20220922,001,1795
28.4505,28.493,68437,83222,Rhinolophus ferrumequinum,0.027,0.027,-1,Echolocation,/mnt/ubna_data_02_mir/recover-20220922/UBNA_001/20220921_090000.WAV,Telephone Field,recover-20220922,001,1795
28.4635,28.5058,68437,83009,Rhinolophus ferrumequinum,0.023,0.023,-1,Echolocation,/mnt/ubna_data_02_mir/recover-20220922/UBNA_001/20220921_090000.WAV,Telephone Field,recover-20220922,001,1795
28.4705,28.5097,68437,81922,Rhinolophus ferrumequinum,0.02,0.02,-1,Echolocation,/mnt/ubna_data_02_mir/recover-20220922/UBNA_001/20220921_090000.WAV,Telephone Field,recover-20220922,001,1795
28.5075,28.516,25468,33816,Eptesicus serotinus,0.008,0.02,-1,Echolocation,/mnt/ubna_data_02_mir/recover-20220922/UBNA_001/20220921_090000.WAV,Telephone Field,recover-20220922,001,1795
28.5175,28.5579,68437,82091,Rhinolophus ferrumequinum,0.025,0.025,-1,Echolocation,/mnt/ubna_data_02_mir/recover-20220922/UBNA_001/20220921_090000.WAV,Telephone Field,recover-20220922,001,1795
28.5355,28.5733,68437,82864,Rhinolophus ferrumequinum,0.022,0.022,-1,Echolocation,/mnt/ubna_data_02_mir/recover-20220922/UBNA_001/20220921_090000.WAV,Telephone Field,recover-20220922,001,1795
28.5855,28.5939,28046,38753,Eptesicus serotinus,0.008,0.022,-1,Echolocation,/mnt/ubna_data_02_mir/recover-20220922/UBNA_001/20220921_090000.WAV,Telephone Field,recover-20220922,001,1795
28.6055,28.643,68437,81767,Rhinolophus ferrumequinum,0.02,0.02,-1,Echolocation,/mnt/ubna_data_02_mir/recover-20220922/UBNA_001/20220921_090000.WAV,Telephone Field,recover-20220922,001,1795
28.6125,28.6212,27187,36988,Eptesicus serotinus,0.008,0.02,-1,Echolocation,/mnt/ubna_data_02_mir/recover-20220922/UBNA_001/20220921_090000.WAV,Telephone Field,recover-20220922,001,1795
28.6435,28.6825,68437,82117,Rhinolophus ferrumequinum,0.021,0.021,-1,Echolocation,/mnt/ubna_data_02_mir/recover-20220922/UBNA_001/20220921_090000.WAV,Telephone Field,recover-20220922,001,1795
28.6725,28.7139,68437,82691,Rhinolophus ferrumequinum,0.026,0.026,-1,Echolocation,/mnt/ubna_data_02_mir/recover-20220922/UBNA_001/20220921_090000.WAV,Telephone Field,recover-20220922,001,1795
28.6755,28.6836,28046,37480,Eptesicus serotinus,0.006,0.019,-1,Echolocation,/mnt/ubna_data_02_mir/recover-20220922/UBNA_001/20220921_090000.WAV,Telephone Field,recover-20220922,001,1795
28.7185,28.7583,68437,82784,Rhinolophus ferrumequinum,0.026,0.026,-1,Echolocation,/mnt/ubna_data_02_mir/recover-20220922/UBNA_001/20220921_090000.WAV,Telephone Field,recover-20220922,001,1795
28.7425,28.7822,68437,82006,Rhinolophus ferrumequinum,0.023,0.024,-1,Echolocation,/mnt/ubna_data_02_mir/recover-20220922/UBNA_001/20220921_090000.WAV,Telephone Field,recover-20220922,001,1795
28.7735,28.8135,68437,82475,Rhinolophus ferrumequinum,0.022,0.022,-1,Echolocation,/mnt/ubna_data_02_mir/recover-20220922/UBNA_001/20220921_090000.WAV,Telephone Field,recover-20220922,001,1795
28.8155,28.8227,30625,51876,Myotis daubentonii,0.008,0.02,-1,Echolocation,/mnt/ubna_data_02_mir/recover-20220922/UBNA_001/20220921_090000.WAV,Telephone Field,recover-20220922,001,1795
28.8415,28.8496,28046,38221,Eptesicus serotinus,0.006,0.02,-1,Echolocation,/mnt/ubna_data_02_mir/recover-20220922/UBNA_001/20220921_090000.WAV,Telephone Field,recover-20220922,001,1795
28.8465,28.8855,68437,82324,Rhinolophus ferrumequinum,0.026,0.026,-1,Echolocation,/mnt/ubna_data_02_mir/recover-20220922/UBNA_001/20220921_090000.WAV,Telephone Field,recover-20220922,001,1795
28.8495,28.858,27187,37522,Eptesicus serotinus,0.007,0.021,-1,Echolocation,/mnt/ubna_data_02_mir/recover-20220922/UBNA_001/20220921_090000.WAV,Telephone Field,recover-20220922,001,1795
28.8575,28.8683,23750,29098,Nyctalus leisleri,0.008,0.02,-1,Echolocation,/mnt/ubna_data_02_mir/recover-20220922/UBNA_001/20220921_090000.WAV,Telephone Field,recover-20220922,001,1795
28.8765,28.8861,25468,32059,Nyctalus leisleri,0.008,0.024,-1,Echolocation,/mnt/ubna_data_02_mir/recover-20220922/UBNA_001/20220921_090000.WAV,Telephone Field,recover-20220922,001,1795
28.8845,28.8943,51250,57060,Pipistrellus pipistrellus,0.054,0.109,-1,Echolocation,/mnt/ubna_data_02_mir/recover-20220922/UBNA_001/20220921_090000.WAV,Telephone Field,recover-20220922,001,1795
28.9025,28.9428,68437,82618,Rhinolophus ferrumequinum,0.02,0.02,-1,Echolocation,/mnt/ubna_data_02_mir/recover-20220922/UBNA_001/20220921_090000.WAV,Telephone Field,recover-20220922,001,1795
28.9155,28.9578,68437,82744,Rhinolophus ferrumequinum,0.023,0.023,-1,Echolocation,/mnt/ubna_data_02_mir/recover-20220922/UBNA_001/20220921_090000.WAV,Telephone Field,recover-20220922,001,1795
28.9345,28.9417,27187,40406,Eptesicus serotinus,0.006,0.021,-1,Echolocation,/mnt/ubna_data_02_mir/recover-20220922/UBNA_001/20220921_090000.WAV,Telephone Field,recover-20220922,001,1795
28.9585,28.9965,68437,81401,Rhinolophus ferrumequinum,0.02,0.02,-1,Echolocation,/mnt/ubna_data_02_mir/recover-20220922/UBNA_001/20220921_090000.WAV,Telephone Field,recover-20220922,001,1795
28.9715,29.0145,68437,83232,Rhinolophus ferrumequinum,0.025,0.025,-1,Echolocation,/mnt/ubna_data_02_mir/recover-20220922/UBNA_001/20220921_090000.WAV,Telephone Field,recover-20220922,001,1795
29.0055,29.0407,68437,81745,Rhinolophus ferrumequinum,0.023,0.023,-1,Echolocation,/mnt/ubna_data_02_mir/recover-20220922/UBNA_001/20220921_090000.WAV,Telephone Field,recover-20220922,001,1795
29.0205,29.0301,24609,30924,Nyctalus leisleri,0.01,0.025,-1,Echolocation,/mnt/ubna_data_02_mir/recover-20220922/UBNA_001/20220921_090000.WAV,Telephone Field,recover-20220922,001,1795
29.0285,29.0681,68437,82830,Rhinolophus ferrumequinum,0.023,0.023,-1,Echolocation,/mnt/ubna_data_02_mir/recover-20220922/UBNA_001/20220921_090000.WAV,Telephone Field,recover-20220922,001,1795
29.0465,29.0849,68437,81917,Rhinolophus ferrumequinum,0.021,0.021,-1,Echolocation,/mnt/ubna_data_02_mir/recover-20220922/UBNA_001/20220921_090000.WAV,Telephone Field,recover-20220922,001,1795
29.0495,29.0569,44375,53246,Pipistrellus pipistrellus,0.011,0.02,-1,Echolocation,/mnt/ubna_data_02_mir/recover-20220922/UBNA_001/20220921_090000.WAV,Telephone Field,recover-20220922,001,1795
29.0735,29.1131,68437,82065,Rhinolophus ferrumequinum,0.02,0.02,-1,Echolocation,/mnt/ubna_data_02_mir/recover-20220922/UBNA_001/20220921_090000.WAV,Telephone Field,recover-20220922,001,1795
29.1355,29.1469,28906,35740,Eptesicus serotinus,0.01,0.022,-1,Echolocation,/mnt/ubna_data_02_mir/recover-20220922/UBNA_001/20220921_090000.WAV,Telephone Field,recover-20220922,001,1795
29.1725,29.2061,68437,80998,Rhinolophus ferrumequinum,0.02,0.02,-1,Echolocation,/mnt/ubna_data_02_mir/recover-20220922/UBNA_001/20220921_090000.WAV,Telephone Field,recover-20220922,001,1795
29.2075,29.2145,28046,40079,Eptesicus serotinus,0.007,0.024,-1,Echolocation,/mnt/ubna_data_02_mir/recover-20220922/UBNA_001/20220921_090000.WAV,Telephone Field,recover-20220922,001,1795
29.2075,29.2141,34921,43813,Myotis daubentonii,0.007,0.02,-1,Echolocation,/mnt/ubna_data_02_mir/recover-20220922/UBNA_001/20220921_090000.WAV,Telephone Field,recover-20220922,001,1795
29.2435,29.2499,48671,58311,Pipistrellus pipistrellus,0.027,0.033,-1,Echolocation,/mnt/ubna_data_02_mir/recover-20220922/UBNA_001/20220921_090000.WAV,Telephone Field,recover-20220922,001,1795
29.2475,29.2848,68437,81679,Rhinolophus ferrumequinum,0.02,0.02,-1,Echolocation,/mnt/ubna_data_02_mir/recover-20220922/UBNA_001/20220921_090000.WAV,Telephone Field,recover-20220922,001,1795
29.2535,29.2624,23750,30895,Nyctalus leisleri,0.007,0.025,-1,Echolocation,/mnt/ubna_data_02_mir/recover-20220922/UBNA_001/20220921_090000.WAV,Telephone Field,recover-20220922,001,1795
29.2715,29.3095,68437,82269,Rhinolophus ferrumequinum,0.025,0.025,-1,Echolocation,/mnt/ubna_data_02_mir/recover-20220922/UBNA_001/20220921_090000.WAV,Telephone Field,recover-20220922,001,1795
29.2795,29.3221,68437,82388,Rhinolophus ferrumequinum,0.029,0.029,-1,Echolocation,/mnt/ubna_data_02_mir/recover-20220922/UBNA_001/20220921_090000.WAV,Telephone Field,recover-20220922,001,1795
29.3175,29.3282,24609,30866,Nyctalus leisleri,0.008,0.021,-1,Echolocation,/mnt/ubna_data_02_mir/recover-20220922/UBNA_001/20220921_090000.WAV,Telephone Field,recover-20220922,001,1795
29.3205,29.3571,68437,82107,Rhinolophus ferrumequinum,0.02,0.02,-1,Echolocation,/mnt/ubna_data_02_mir/recover-20220922/UBNA_001/20220921_090000.WAV,Telephone Field,recover-20220922,001,1795
29.3325,29.3679,68437,81483,Rhinolophus ferrumequinum,0.02,0.02,-1,Echolocation,/mnt/ubna_data_02_mir/recover-20220922/UBNA_001/20220921_090000.WAV,Telephone Field,recover-20220922,001,1795
29.3465,29.3877,68437,82292,Rhinolophus ferrumequinum,0.022,0.022,-1,Echolocation,/mnt/ubna_data_02_mir/recover-20220922/UBNA_001/20220921_090000.WAV,Telephone Field,recover-20220922,001,1795
29.3555,29.3919,68437,81384,Rhinolophus ferrumequinum,0.02,0.02,-1,Echolocation,/mnt/ubna_data_02_mir/recover-20220922/UBNA_001/20220921_090000.WAV,Telephone Field,recover-20220922,001,1795
29.3725,29.3827,27187,35261,Eptesicus serotinus,0.008,0.02,-1,Echolocation,/mnt/ubna_data_02_mir/recover-20220922/UBNA_001/20220921_090000.WAV,Telephone Field,recover-20220922,001,1795
29.4195,29.4644,68437,83329,Rhinolophus ferrumequinum,0.022,0.022,-1,Echolocation,/mnt/ubna_data_02_mir/recover-20220922/UBNA_001/20220921_090000.WAV,Telephone Field,recover-20220922,001,1795
29.4865,29.5286,68437,83068,Rhinolophus ferrumequinum,0.024,0.024,-1,Echolocation,/mnt/ubna_data_02_mir/recover-20220922/UBNA_001/20220921_090000.WAV,Telephone Field,recover-20220922,001,1795
29.5015,29.5161,22890,27128,Nyctalus leisleri,0.015,0.027,-1,Echolocation,/mnt/ubna_data_02_mir/recover-20220922/UBNA_001/20220921_090000.WAV,Telephone Field,recover-20220922,001,1795
29.5025,29.5362,68437,79902,Rhinolophus ferrumequinum,0.026,0.026,-1,Echolocation,/mnt/ubna_data_02_mir/recover-20220922/UBNA_001/20220921_090000.WAV,Telephone Field,recover-20220922,001,1795
29.5365,29.5758,68437,81552,Rhinolophus ferrumequinum,0.021,0.021,-1,Echolocation,/mnt/ubna_data_02_mir/recover-20220922/UBNA_001/20220921_090000.WAV,Telephone Field,recover-20220922,001,1795
29.5645,29.6045,68437,82239,Rhinolophus ferrumequinum,0.022,0.022,-1,Echolocation,/mnt/ubna_data_02_mir/recover-20220922/UBNA_001/20220921_090000.WAV,Telephone Field,recover-20220922,001,1795
29.5705,29.6117,68437,82416,Rhinolophus ferrumequinum,0.022,0.022,-1,Echolocation,/mnt/ubna_data_02_mir/recover-20220922/UBNA_001/20220921_090000.WAV,Telephone Field,recover-20220922,001,1795
29.6155,29.6587,68437,82798,Rhinolophus ferrumequinum,0.023,0.023,-1,Echolocation,/mnt/ubna_data_02_mir/recover-20220922/UBNA_001/20220921_090000.WAV,Telephone Field,recover-20220922,001,1795
29.6595,29.6981,68437,81574,Rhinolophus ferrumequinum,0.021,0.021,-1,Echolocation,/mnt/ubna_data_02_mir/recover-20220922/UBNA_001/20220921_090000.WAV,Telephone Field,recover-20220922,001,1795
29.6735,29.6804,33203,43504,Myotis daubentonii,0.008,0.02,-1,Echolocation,/mnt/ubna_data_02_mir/recover-20220922/UBNA_001/20220921_090000.WAV,Telephone Field,recover-20220922,001,1795
29.6735,29.6809,28046,41208,Eptesicus serotinus,0.007,0.023,-1,Echolocation,/mnt/ubna_data_02_mir/recover-20220922/UBNA_001/20220921_090000.WAV,Telephone Field,recover-20220922,001,1795
29.6735,29.7114,68437,81811,Rhinolophus ferrumequinum,0.021,0.021,-1,Echolocation,/mnt/ubna_data_02_mir/recover-20220922/UBNA_001/20220921_090000.WAV,Telephone Field,recover-20220922,001,1795
29.6805,29.7219,68437,81599,Rhinolophus ferrumequinum,0.021,0.021,-1,Echolocation,/mnt/ubna_data_02_mir/recover-20220922/UBNA_001/20220921_090000.WAV,Telephone Field,recover-20220922,001,1795
29.7095,29.7208,28906,35484,Eptesicus serotinus,0.058,0.086,-1,Echolocation,/mnt/ubna_data_02_mir/recover-20220922/UBNA_001/20220921_090000.WAV,Telephone Field,recover-20220922,001,1795
29.7115,29.7523,68437,82164,Rhinolophus ferrumequinum,0.021,0.021,-1,Echolocation,/mnt/ubna_data_02_mir/recover-20220922/UBNA_001/20220921_090000.WAV,Telephone Field,recover-20220922,001,1795
29.7155,29.7201,50390,60870,Pipistrellus pipistrellus,0.112,0.124,-1,Echolocation,/mnt/ubna_data_02_mir/recover-20220922/UBNA_001/20220921_090000.WAV,Telephone Field,recover-20220922,001,1795
29.7155,29.7206,38359,66745,Myotis mystacinus,0.011,0.036,-1,Echolocation,/mnt/ubna_data_02_mir/recover-20220922/UBNA_001/20220921_090000.WAV,Telephone Field,recover-20220922,001,1795
29.7565,29.7958,68437,82508,Rhinolophus ferrumequinum,0.019,0.019,-1,Echolocation,/mnt/ubna_data_02_mir/recover-20220922/UBNA_001/20220921_090000.WAV,Telephone Field,recover-20220922,001,1795
29.7695,29.7763,26328,39981,Eptesicus serotinus,0.005,0.021,-1,Echolocation,/mnt/ubna_data_02_mir/recover-20220922/UBNA_001/20220921_090000.WAV,Telephone Field,recover-20220922,001,1795
29.7715,29.8111,68437,82109,Rhinolophus ferrumequinum,0.02,0.02,-1,Echolocation,/mnt/ubna_data_02_mir/recover-20220922/UBNA_001/20220921_090000.WAV,Telephone Field,recover-20220922,001,1795
29.7965,29.8364,68437,82383,Rhinolophus ferrumequinum,0.022,0.022,-1,Echolocation,/mnt/ubna_data_02_mir/recover-20220922/UBNA_001/20220921_090000.WAV,Telephone Field,recover-20220922,001,1795
29.8085,29.8469,68437,81478,Rhinolophus ferrumequinum,0.022,0.022,-1,Echolocation,/mnt/ubna_data_02_mir/recover-20220922/UBNA_001/20220921_090000.WAV,Telephone Field,recover-20220922,001,1795
29.8085,29.8159,28046,42530,Eptesicus serotinus,0.009,0.028,-1,Echolocation,/mnt/ubna_data_02_mir/recover-20220922/UBNA_001/20220921_090000.WAV,Telephone Field,recover-20220922,001,1795
29.8225,29.8608,68437,82047,Rhinolophus ferrumequinum,0.022,0.023,-1,Echolocation,/mnt/ubna_data_02_mir/recover-20220922/UBNA_001/20220921_090000.WAV,Telephone Field,recover-20220922,001,1795
29.8395,29.8804,68437,82584,Rhinolophus ferrumequinum,0.02,0.02,-1,Echolocation,/mnt/ubna_data_02_mir/recover-20220922/UBNA_001/20220921_090000.WAV,Telephone Field,recover-20220922,001,1795
29.8565,29.8985,68437,82727,Rhinolophus ferrumequinum,0.034,0.034,-1,Echolocation,/mnt/ubna_data_02_mir/recover-20220922/UBNA_001/20220921_090000.WAV,Telephone Field,recover-20220922,001,1795
29.8605,29.8702,22890,28646,Nyctalus leisleri,0.008,0.021,-1,Echolocation,/mnt/ubna_data_02_mir/recover-20220922/UBNA_001/20220921_090000.WAV,Telephone Field,recover-20220922,001,1795
29.9485,29.9586,15156,22470,Nyctalus noctula,0.012,0.026,-1,Echolocation,/mnt/ubna_data_02_mir/recover-20220922/UBNA_001/20220921_090000.WAV,Telephone Field,recover-20220922,001,1795
29.9875,29.9951,26328,38403,Eptesicus serotinus,0.006,0.019,-1,Echolocation,/mnt/ubna_data_02_mir/recover-20220922/UBNA_001/20220921_090000.WAV,Telephone Field,recover-20220922,001,1795
30.0015,30.0352,68437,79969,Rhinolophus ferrumequinum,0.085,0.085,-1,Echolocation,/mnt/ubna_data_02_mir/recover-20220922/UBNA_001/20220921_090000.WAV,Telephone Field,recover-20220922,001,1795
30.0015,30.0139,22031,27498,Nyctalus leisleri,0.025,0.055,-1,Echolocation,/mnt/ubna_data_02_mir/recover-20220922/UBNA_001/20220921_090000.WAV,Telephone Field,recover-20220922,001,1795
30.0365,30.0449,22890,30259,Plecotus austriacus,0.014,0.028,-1,Echolocation,/mnt/ubna_data_02_mir/recover-20220922/UBNA_001/20220921_090000.WAV,Telephone Field,recover-20220922,001,1795
30.0605,30.0995,68437,82011,Rhinolophus ferrumequinum,0.028,0.028,-1,Echolocation,/mnt/ubna_data_02_mir/recover-20220922/UBNA_001/20220921_090000.WAV,Telephone Field,recover-20220922,001,1795
30.0635,30.0703,23750,32613,Plecotus austriacus,0.012,0.025,-1,Echolocation,/mnt/ubna_data_02_mir/recover-20220922/UBNA_001/20220921_090000.WAV,Telephone Field,recover-20220922,001,1795
30.0755,30.1167,68437,82705,Rhinolophus ferrumequinum,0.038,0.038,-1,Echolocation,/mnt/ubna_data_02_mir/recover-20220922/UBNA_001/20220921_090000.WAV,Telephone Field,recover-20220922,001,1795
30.0925,30.1034,22031,27153,Nyctalus leisleri,0.013,0.028,-1,Echolocation,/mnt/ubna_data_02_mir/recover-20220922/UBNA_001/20220921_090000.WAV,Telephone Field,recover-20220922,001,1795
30.1335,30.1679,68437,81568,Rhinolophus ferrumequinum,0.022,0.022,-1,Echolocation,/mnt/ubna_data_02_mir/recover-20220922/UBNA_001/20220921_090000.WAV,Telephone Field,recover-20220922,001,1795
30.1475,30.1535,24609,38460,Plecotus auritus,0.01,0.031,-1,Echolocation,/mnt/ubna_data_02_mir/recover-20220922/UBNA_001/20220921_090000.WAV,Telephone Field,recover-20220922,001,1795
30.1665,30.2073,68437,83514,Rhinolophus ferrumequinum,0.026,0.026,-1,Echolocation,/mnt/ubna_data_02_mir/recover-20220922/UBNA_001/20220921_090000.WAV,Telephone Field,recover-20220922,001,1795
30.1975,30.205,28906,41287,Eptesicus serotinus,0.007,0.024,-1,Echolocation,/mnt/ubna_data_02_mir/recover-20220922/UBNA_001/20220921_090000.WAV,Telephone Field,recover-20220922,001,1795
30.1995,30.2355,68437,81978,Rhinolophus ferrumequinum,0.023,0.023,-1,Echolocation,/mnt/ubna_data_02_mir/recover-20220922/UBNA_001/20220921_090000.WAV,Telephone Field,recover-20220922,001,1795
30.2215,30.2616,68437,82575,Rhinolophus ferrumequinum,0.023,0.023,-1,Echolocation,/mnt/ubna_data_02_mir/recover-20220922/UBNA_001/20220921_090000.WAV,Telephone Field,recover-20220922,001,1795
30.2345,30.2424,47812,53722,Pipistrellus pipistrellus,0.022,0.023,-1,Echolocation,/mnt/ubna_data_02_mir/recover-20220922/UBNA_001/20220921_090000.WAV,Telephone Field,recover-20220922,001,1795
30.2415,30.2791,68437,82090,Rhinolophus ferrumequinum,0.028,0.028,-1,Echolocation,/mnt/ubna_data_02_mir/recover-20220922/UBNA_001/20220921_090000.WAV,Telephone Field,recover-20220922,001,1795
30.2915,30.3306,68437,82291,Rhinolophus ferrumequinum,0.025,0.025,-1,Echolocation,/mnt/ubna_data_02_mir/recover-20220922/UBNA_001/20220921_090000.WAV,Telephone Field,recover-20220922,001,1795
30.3175,30.3544,68437,81968,Rhinolophus ferrumequinum,0.024,0.024,-1,Echolocation,/mnt/ubna_data_02_mir/recover-20220922/UBNA_001/20220921_090000.WAV,Telephone Field,recover-20220922,001,1795
30.3415,30.38,68437,82239,Rhinolophus ferrumequinum,0.023,0.023,-1,Echolocation,/mnt/ubna_data_02_mir/recover-20220922/UBNA_001/20220921_090000.WAV,Telephone Field,recover-20220922,001,1795
30.3585,30.3946,68437,81904,Rhinolophus ferrumequinum,0.023,0.023,-1,Echolocation,/mnt/ubna_data_02_mir/recover-20220922/UBNA_001/20220921_090000.WAV,Telephone Field,recover-20220922,001,1795
30.3625,30.3748,32343,38155,Eptesicus serotinus,0.022,0.053,-1,Echolocation,/mnt/ubna_data_02_mir/recover-20220922/UBNA_001/20220921_090000.WAV,Telephone Field,recover-20220922,001,1795
30.3815,30.3917,23750,29838,Nyctalus leisleri,0.009,0.022,-1,Echolocation,/mnt/ubna_data_02_mir/recover-20220922/UBNA_001/20220921_090000.WAV,Telephone Field,recover-20220922,001,1795
30.3855,30.3942,49531,55591,Pipistrellus pipistrellus,0.022,0.025,-1,Echolocation,/mnt/ubna_data_02_mir/recover-20220922/UBNA_001/20220921_090000.WAV,Telephone Field,recover-20220922,001,1795
30.3895,30.4267,68437,81405,Rhinolophus ferrumequinum,0.027,0.027,-1,Echolocation,/mnt/ubna_data_02_mir/recover-20220922/UBNA_001/20220921_090000.WAV,Telephone Field,recover-20220922,001,1795
30.4015,30.4065,52109,61027,Pipistrellus pipistrellus,0.038,0.046,-1,Echolocation,/mnt/ubna_data_02_mir/recover-20220922/UBNA_001/20220921_090000.WAV,Telephone Field,recover-20220922,001,1795
30.4275,30.4624,68437,82298,Rhinolophus ferrumequinum,0.024,0.024,-1,Echolocation,/mnt/ubna_data_02_mir/recover-20220922/UBNA_001/20220921_090000.WAV,Telephone Field,recover-20220922,001,1795
30.4415,30.474,68437,80713,Rhinolophus ferrumequinum,0.035,0.035,-1,Echolocation,/mnt/ubna_data_02_mir/recover-20220922/UBNA_001/20220921_090000.WAV,Telephone Field,recover-20220922,001,1795
30.5115,30.5239,22890,27999,Nyctalus leisleri,0.012,0.025,-1,Echolocation,/mnt/ubna_data_02_mir/recover-20220922/UBNA_001/20220921_090000.WAV,Telephone Field,recover-20220922,001,1795
30.5495,30.5574,27187,37201,Eptesicus serotinus,0.007,0.023,-1,Echolocation,/mnt/ubna_data_02_mir/recover-20220922/UBNA_001/20220921_090000.WAV,Telephone Field,recover-20220922,001,1795
30.5765,30.6132,68437,82170,Rhinolophus ferrumequinum,0.023,0.023,-1,Echolocation,/mnt/ubna_data_02_mir/recover-20220922/UBNA_001/20220921_090000.WAV,Telephone Field,recover-20220922,001,1795
30.5835,30.6209,68437,82106,Rhinolophus ferrumequinum,0.022,0.022,-1,Echolocation,/mnt/ubna_data_02_mir/recover-20220922/UBNA_001/20220921_090000.WAV,Telephone Field,recover-20220922,001,1795
30.6065,30.6143,26328,36599,Eptesicus serotinus,0.008,0.028,-1,Echolocation,/mnt/ubna_data_02_mir/recover-20220922/UBNA_001/20220921_090000.WAV,Telephone Field,recover-20220922,001,1795
30.6555,30.6925,68437,81808,Rhinolophus ferrumequinum,0.023,0.023,-1,Echolocation,/mnt/ubna_data_02_mir/recover-20220922/UBNA_001/20220921_090000.WAV,Telephone Field,recover-20220922,001,1795
30.6745,30.6818,28046,43220,Eptesicus serotinus,0.007,0.025,-1,Echolocation,/mnt/ubna_data_02_mir/recover-20220922/UBNA_001/20220921_090000.WAV,Telephone Field,recover-20220922,001,1795
30.7095,30.7171,24609,32967,Plecotus austriacus,0.008,0.024,-1,Echolocation,/mnt/ubna_data_02_mir/recover-20220922/UBNA_001/20220921_090000.WAV,Telephone Field,recover-20220922,001,1795
30.7165,30.7561,68437,81676,Rhinolophus ferrumequinum,0.025,0.025,-1,Echolocation,/mnt/ubna_data_02_mir/recover-20220922/UBNA_001/20220921_090000.WAV,Telephone Field,recover-20220922,001,1795
30.7255,30.7612,68437,81333,Rhinolophus ferrumequinum,0.022,0.022,-1,Echolocation,/mnt/ubna_data_02_mir/recover-20220922/UBNA_001/20220921_090000.WAV,Telephone Field,recover-20220922,001,1795
30.7285,30.740099999999998,56406,63507,Pipistrellus pygmaeus,0.062,0.066,-1,Echolocation,/mnt/ubna_data_02_mir/recover-20220922/UBNA_001/20220921_090000.WAV,Telephone Field,recover-20220922,001,1795
30.7625,30.7684,50390,59197,Pipistrellus pipistrellus,0.027,0.035,-1,Echolocation,/mnt/ubna_data_02_mir/recover-20220922/UBNA_001/20220921_090000.WAV,Telephone Field,recover-20220922,001,1795
30.7635,30.7682,38359,69720,Myotis mystacinus,0.012,0.032,-1,Echolocation,/mnt/ubna_data_02_mir/recover-20220922/UBNA_001/20220921_090000.WAV,Telephone Field,recover-20220922,001,1795
30.7825,30.821,68437,82418,Rhinolophus ferrumequinum,0.022,0.022,-1,Echolocation,/mnt/ubna_data_02_mir/recover-20220922/UBNA_001/20220921_090000.WAV,Telephone Field,recover-20220922,001,1795
30.8035,30.811,25468,33784,Eptesicus serotinus,0.008,0.025,-1,Echolocation,/mnt/ubna_data_02_mir/recover-20220922/UBNA_001/20220921_090000.WAV,Telephone Field,recover-20220922,001,1795
30.8255,30.8628,68437,81509,Rhinolophus ferrumequinum,0.023,0.024,-1,Echolocation,/mnt/ubna_data_02_mir/recover-20220922/UBNA_001/20220921_090000.WAV,Telephone Field,recover-20220922,001,1795
30.8815,30.9197,68437,82059,Rhinolophus ferrumequinum,0.024,0.024,-1,Echolocation,/mnt/ubna_data_02_mir/recover-20220922/UBNA_001/20220921_090000.WAV,Telephone Field,recover-20220922,001,1795
30.8855,30.8933,28046,41443,Eptesicus serotinus,0.008,0.025,-1,Echolocation,/mnt/ubna_data_02_mir/recover-20220922/UBNA_001/20220921_090000.WAV,Telephone Field,recover-20220922,001,1795
30.9155,30.9271,23750,28790,Nyctalus leisleri,0.015,0.029,-1,Echolocation,/mnt/ubna_data_02_mir/recover-20220922/UBNA_001/20220921_090000.WAV,Telephone Field,recover-20220922,001,1795
30.9275,30.9648,68437,82663,Rhinolophus ferrumequinum,0.028,0.028,-1,Echolocation,/mnt/ubna_data_02_mir/recover-20220922/UBNA_001/20220921_090000.WAV,Telephone Field,recover-20220922,001,1795
30.9405,30.977899999999998,68437,81825,Rhinolophus ferrumequinum,0.022,0.022,-1,Echolocation,/mnt/ubna_data_02_mir/recover-20220922/UBNA_001/20220921_090000.WAV,Telephone Field,recover-20220922,001,1795
30.9555,30.9657,22890,29137,Nyctalus leisleri,0.012,0.029,-1,Echolocation,/mnt/ubna_data_02_mir/recover-20220922/UBNA_001/20220921_090000.WAV,Telephone Field,recover-20220922,001,1795
30.9705,31.0085,68437,81228,Rhinolophus ferrumequinum,0.023,0.023,-1,Echolocation,/mnt/ubna_data_02_mir/recover-20220922/UBNA_001/20220921_090000.WAV,Telephone Field,recover-20220922,001,1795
30.9715,30.9795,28046,39627,Eptesicus serotinus,0.009,0.024,-1,Echolocation,/mnt/ubna_data_02_mir/recover-20220922/UBNA_001/20220921_090000.WAV,Telephone Field,recover-20220922,001,1795
30.9815,31.0206,68437,82216,Rhinolophus ferrumequinum,0.024,0.024,-1,Echolocation,/mnt/ubna_data_02_mir/recover-20220922/UBNA_001/20220921_090000.WAV,Telephone Field,recover-20220922,001,1795
31.0095,31.0439,68437,81368,Rhinolophus ferrumequinum,0.023,0.023,-1,Echolocation,/mnt/ubna_data_02_mir/recover-20220922/UBNA_001/20220921_090000.WAV,Telephone Field,recover-20220922,001,1795
31.0285,31.0443,21171,24725,Nyctalus leisleri,0.02,0.035,-1,Echolocation,/mnt/ubna_data_02_mir/recover-20220922/UBNA_001/20220921_090000.WAV,Telephone Field,recover-20220922,001,1795
31.0395,31.0799,68437,82801,Rhinolophus ferrumequinum,0.031,0.031,-1,Echolocation,/mnt/ubna_data_02_mir/recover-20220922/UBNA_001/20220921_090000.WAV,Telephone Field,recover-20220922,001,1795
31.0415,31.0471,48671,56776,Pipistrellus pipistrellus,0.021,0.024,-1,Echolocation,/mnt/ubna_data_02_mir/recover-20220922/UBNA_001/20220921_090000.WAV,Telephone Field,recover-20220922,001,1795
31.0785,31.0841,25468,42518,Plecotus auritus,0.007,0.025,-1,Echolocation,/mnt/ubna_data_02_mir/recover-20220922/UBNA_001/20220921_090000.WAV,Telephone Field,recover-20220922,001,1795
31.0875,31.1237,68437,82424,Rhinolophus ferrumequinum,0.023,0.023,-1,Echolocation,/mnt/ubna_data_02_mir/recover-20220922/UBNA_001/20220921_090000.WAV,Telephone Field,recover-20220922,001,1795
31.1165,31.1538,68437,82156,Rhinolophus ferrumequinum,0.023,0.023,-1,Echolocation,/mnt/ubna_data_02_mir/recover-20220922/UBNA_001/20220921_090000.WAV,Telephone Field,recover-20220922,001,1795
31.1275,31.167,68437,82746,Rhinolophus ferrumequinum,0.026,0.026,-1,Echolocation,/mnt/ubna_data_02_mir/recover-20220922/UBNA_001/20220921_090000.WAV,Telephone Field,recover-20220922,001,1795
31.1445,31.1855,68437,83038,Rhinolophus ferrumequinum,0.028,0.028,-1,Echolocation,/mnt/ubna_data_02_mir/recover-20220922/UBNA_001/20220921_090000.WAV,Telephone Field,recover-20220922,001,1795
31.1475,31.1549,23750,32327,Plecotus austriacus,0.011,0.025,-1,Echolocation,/mnt/ubna_data_02_mir/recover-20220922/UBNA_001/20220921_090000.WAV,Telephone Field,recover-20220922,001,1795
31.1635,31.1698,24609,42075,Myotis nattereri,0.008,0.025,-1,Echolocation,/mnt/ubna_data_02_mir/recover-20220922/UBNA_001/20220921_090000.WAV,Telephone Field,recover-20220922,001,1795
31.1785,31.2183,68437,82448,Rhinolophus ferrumequinum,0.036,0.036,-1,Echolocation,/mnt/ubna_data_02_mir/recover-20220922/UBNA_001/20220921_090000.WAV,Telephone Field,recover-20220922,001,1795
31.2195,31.2399,19453,22543,Nyctalus leisleri,0.014,0.028,-1,Echolocation,/mnt/ubna_data_02_mir/recover-20220922/UBNA_001/20220921_090000.WAV,Telephone Field,recover-20220922,001,1795
31.2315,31.2381,28046,43595,Eptesicus serotinus,0.007,0.025,-1,Echolocation,/mnt/ubna_data_02_mir/recover-20220922/UBNA_001/20220921_090000.WAV,Telephone Field,recover-20220922,001,1795
31.2315,31.2392,33203,44739,Myotis daubentonii,0.006,0.023,-1,Echolocation,/mnt/ubna_data_02_mir/recover-20220922/UBNA_001/20220921_090000.WAV,Telephone Field,recover-20220922,001,1795
31.2345,31.274,68437,82374,Rhinolophus ferrumequinum,0.023,0.023,-1,Echolocation,/mnt/ubna_data_02_mir/recover-20220922/UBNA_001/20220921_090000.WAV,Telephone Field,recover-20220922,001,1795
31.2665,31.309,68437,83013,Rhinolophus ferrumequinum,0.031,0.031,-1,Echolocation,/mnt/ubna_data_02_mir/recover-20220922/UBNA_001/20220921_090000.WAV,Telephone Field,recover-20220922,001,1795
31.2835,31.2915,27187,36571,Eptesicus serotinus,0.01,0.026,-1,Echolocation,/mnt/ubna_data_02_mir/recover-20220922/UBNA_001/20220921_090000.WAV,Telephone Field,recover-20220922,001,1795
31.3045,31.3435,68437,82365,Rhinolophus ferrumequinum,0.022,0.022,-1,Echolocation,/mnt/ubna_data_02_mir/recover-20220922/UBNA_001/20220921_090000.WAV,Telephone Field,recover-20220922,001,1795
31.360500000000002,31.3998,68437,82029,Rhinolophus ferrumequinum,0.022,0.022,-1,Echolocation,/mnt/ubna_data_02_mir/recover-20220922/UBNA_001/20220921_090000.WAV,Telephone Field,recover-20220922,001,1795
31.3625,31.3718,56406,61462,Pipistrellus pygmaeus,0.062,0.063,-1,Echolocation,/mnt/ubna_data_02_mir/recover-20220922/UBNA_001/20220921_090000.WAV,Telephone Field,recover-20220922,001,1795
31.389499999999998,31.4324,68437,83288,Rhinolophus ferrumequinum,0.038,0.038,-1,Echolocation,/mnt/ubna_data_02_mir/recover-20220922/UBNA_001/20220921_090000.WAV,Telephone Field,recover-20220922,001,1795
31.4015,31.4086,23750,33034,Plecotus austriacus,0.012,0.026,-1,Echolocation,/mnt/ubna_data_02_mir/recover-20220922/UBNA_001/20220921_090000.WAV,Telephone Field,recover-20220922,001,1795
31.4125,31.4227,28906,36492,Eptesicus serotinus,0.01,0.024,-1,Echolocation,/mnt/ubna_data_02_mir/recover-20220922/UBNA_001/20220921_090000.WAV,Telephone Field,recover-20220922,001,1795
31.4205,31.436700000000002,37500,41079,Pipistrellus nathusii,0.014,0.023,-1,Echolocation,/mnt/ubna_data_02_mir/recover-20220922/UBNA_001/20220921_090000.WAV,Telephone Field,recover-20220922,001,1795
31.4305,31.4411,22031,27252,Nyctalus leisleri,0.01,0.023,-1,Echolocation,/mnt/ubna_data_02_mir/recover-20220922/UBNA_001/20220921_090000.WAV,Telephone Field,recover-20220922,001,1795
31.4545,31.4933,68437,82714,Rhinolophus ferrumequinum,0.029,0.029,-1,Echolocation,/mnt/ubna_data_02_mir/recover-20220922/UBNA_001/20220921_090000.WAV,Telephone Field,recover-20220922,001,1795
31.4585,31.4649,28046,49896,Myotis nattereri,0.007,0.031,-1,Echolocation,/mnt/ubna_data_02_mir/recover-20220922/UBNA_001/20220921_090000.WAV,Telephone Field,recover-20220922,001,1795
31.4845,31.4914,46093,58412,Pipistrellus pipistrellus,0.01,0.024,-1,Echolocation,/mnt/ubna_data_02_mir/recover-20220922/UBNA_001/20220921_090000.WAV,Telephone Field,recover-20220922,001,1795
31.5015,31.5408,68437,82989,Rhinolophus ferrumequinum,0.027,0.027,-1,Echolocation,/mnt/ubna_data_02_mir/recover-20220922/UBNA_001/20220921_090000.WAV,Telephone Field,recover-20220922,001,1795
31.5095,31.5479,68437,81932,Rhinolophus ferrumequinum,0.022,0.023,-1,Echolocation,/mnt/ubna_data_02_mir/recover-20220922/UBNA_001/20220921_090000.WAV,Telephone Field,recover-20220922,001,1795
31.514499999999998,31.5257,23750,29921,Nyctalus leisleri,0.01,0.024,-1,Echolocation,/mnt/ubna_data_02_mir/recover-20220922/UBNA_001/20220921_090000.WAV,Telephone Field,recover-20220922,001,1795
31.5375,31.5497,57265,62670,Pipistrellus pygmaeus,0.031,0.032,-1,Echolocation,/mnt/ubna_data_02_mir/recover-20220922/UBNA_001/20220921_090000.WAV,Telephone Field,recover-20220922,001,1795
31.5395,31.5459,27187,44129,Eptesicus serotinus,0.006,0.026,-1,Echolocation,/mnt/ubna_data_02_mir/recover-20220922/UBNA_001/20220921_090000.WAV,Telephone Field,recover-20220922,001,1795
31.5415,31.5808,68437,81877,Rhinolophus ferrumequinum,0.023,0.023,-1,Echolocation,/mnt/ubna_data_02_mir/recover-20220922/UBNA_001/20220921_090000.WAV,Telephone Field,recover-20220922,001,1795
31.5545,31.5927,68437,82242,Rhinolophus ferrumequinum,0.023,0.023,-1,Echolocation,/mnt/ubna_data_02_mir/recover-20220922/UBNA_001/20220921_090000.WAV,Telephone Field,recover-20220922,001,1795
31.5715,31.5783,28906,37730,Eptesicus serotinus,0.01,0.03,-1,Echolocation,/mnt/ubna_data_02_mir/recover-20220922/UBNA_001/20220921_090000.WAV,Telephone Field,recover-20220922,001,1795
31.5985,31.6366,68437,82309,Rhinolophus ferrumequinum,0.023,0.023,-1,Echolocation,/mnt/ubna_data_02_mir/recover-20220922/UBNA_001/20220921_090000.WAV,Telephone Field,recover-20220922,001,1795
31.6045,31.6146,24609,30786,Nyctalus leisleri,0.009,0.024,-1,Echolocation,/mnt/ubna_data_02_mir/recover-20220922/UBNA_001/20220921_090000.WAV,Telephone Field,recover-20220922,001,1795
31.6295,31.6667,68437,81978,Rhinolophus ferrumequinum,0.031,0.031,-1,Echolocation,/mnt/ubna_data_02_mir/recover-20220922/UBNA_001/20220921_090000.WAV,Telephone Field,recover-20220922,001,1795
31.6315,31.6401,23750,31195,Plecotus austriacus,0.008,0.025,-1,Echolocation,/mnt/ubna_data_02_mir/recover-20220922/UBNA_001/20220921_090000.WAV,Telephone Field,recover-20220922,001,1795
31.6905,31.7305,68437,82395,Rhinolophus ferrumequinum,0.027,0.027,-1,Echolocation,/mnt/ubna_data_02_mir/recover-20220922/UBNA_001/20220921_090000.WAV,Telephone Field,recover-20220922,001,1795
31.7195,31.7585,68437,82102,Rhinolophus ferrumequinum,0.024,0.024,-1,Echolocation,/mnt/ubna_data_02_mir/recover-20220922/UBNA_001/20220921_090000.WAV,Telephone Field,recover-20220922,001,1795
31.7275,31.7387,42656,46058,Pipistrellus pipistrellus,0.036,0.048,-1,Echolocation,/mnt/ubna_data_02_mir/recover-20220922/UBNA_001/20220921_090000.WAV,Telephone Field,recover-20220922,001,1795
31.7885,31.8282,68437,82324,Rhinolophus ferrumequinum,0.024,0.024,-1,Echolocation,/mnt/ubna_data_02_mir/recover-20220922/UBNA_001/20220921_090000.WAV,Telephone Field,recover-20220922,001,1795
31.8095,31.8507,68437,83488,Rhinolophus ferrumequinum,0.032,0.032,-1,Echolocation,/mnt/ubna_data_02_mir/recover-20220922/UBNA_001/20220921_090000.WAV,Telephone Field,recover-20220922,001,1795
31.8475,31.8879,68437,82881,Rhinolophus ferrumequinum,0.032,0.032,-1,Echolocation,/mnt/ubna_data_02_mir/recover-20220922/UBNA_001/20220921_090000.WAV,Telephone Field,recover-20220922,001,1795
31.8975,31.9368,68437,82455,Rhinolophus ferrumequinum,0.023,0.023,-1,Echolocation,/mnt/ubna_data_02_mir/recover-20220922/UBNA_001/20220921_090000.WAV,Telephone Field,recover-20220922,001,1795
31.9375,31.9754,68437,82529,Rhinolophus ferrumequinum,0.027,0.027,-1,Echolocation,/mnt/ubna_data_02_mir/recover-20220922/UBNA_001/20220921_090000.WAV,Telephone Field,recover-20220922,001,1795
32.0015,32.012100000000004,50390,54910,Pipistrellus pygmaeus,0.02,0.03,-1,Echolocation,/mnt/ubna_data_02_mir/recover-20220922/UBNA_001/20220921_090000.WAV,Telephone Field,recover-20220922,001,1795
32.0015,32.0099,22890,31780,Nyctalus leisleri,0.007,0.022,-1,Echolocation,/mnt/ubna_data_02_mir/recover-20220922/UBNA_001/20220921_090000.WAV,Telephone Field,recover-20220922,001,1795
32.0015,32.0325,69296,81212,Rhinolophus ferrumequinum,0.041,0.041,-1,Echolocation,/mnt/ubna_data_02_mir/recover-20220922/UBNA_001/20220921_090000.WAV,Telephone Field,recover-20220922,001,1795
32.0245,32.0368,36640,41478,Pipistrellus nathusii,0.019,0.029,-1,Echolocation,/mnt/ubna_data_02_mir/recover-20220922/UBNA_001/20220921_090000.WAV,Telephone Field,recover-20220922,001,1795
32.0465,32.0535,27187,37470,Eptesicus serotinus,0.006,0.021,-1,Echolocation,/mnt/ubna_data_02_mir/recover-20220922/UBNA_001/20220921_090000.WAV,Telephone Field,recover-20220922,001,1795
32.0645,32.0755,47812,52101,Pipistrellus pipistrellus,0.016,0.022,-1,Echolocation,/mnt/ubna_data_02_mir/recover-20220922/UBNA_001/20220921_090000.WAV,Telephone Field,recover-20220922,001,1795
32.0905,32.0981,28046,38252,Eptesicus serotinus,0.007,0.021,-1,Echolocation,/mnt/ubna_data_02_mir/recover-20220922/UBNA_001/20220921_090000.WAV,Telephone Field,recover-20220922,001,1795
32.1155,32.1563,68437,82990,Rhinolophus ferrumequinum,0.026,0.026,-1,Echolocation,/mnt/ubna_data_02_mir/recover-20220922/UBNA_001/20220921_090000.WAV,Telephone Field,recover-20220922,001,1795
32.1205,32.1277,28046,39174,Eptesicus serotinus,0.006,0.021,-1,Echolocation,/mnt/ubna_data_02_mir/recover-20220922/UBNA_001/20220921_090000.WAV,Telephone Field,recover-20220922,001,1795
32.1805,32.1912,24609,31092,Eptesicus serotinus,0.01,0.025,-1,Echolocation,/mnt/ubna_data_02_mir/recover-20220922/UBNA_001/20220921_090000.WAV,Telephone Field,recover-20220922,001,1795
32.1825,32.2231,68437,82616,Rhinolophus ferrumequinum,0.026,0.026,-1,Echolocation,/mnt/ubna_data_02_mir/recover-20220922/UBNA_001/20220921_090000.WAV,Telephone Field,recover-20220922,001,1795
32.2185,32.2246,24609,34467,Plecotus austriacus,0.012,0.028,-1,Echolocation,/mnt/ubna_data_02_mir/recover-20220922/UBNA_001/20220921_090000.WAV,Telephone Field,recover-20220922,001,1795
32.2455,32.2574,22890,27506,Nyctalus leisleri,0.015,0.029,-1,Echolocation,/mnt/ubna_data_02_mir/recover-20220922/UBNA_001/20220921_090000.WAV,Telephone Field,recover-20220922,001,1795
32.2545,32.2893,68437,81111,Rhinolophus ferrumequinum,0.026,0.026,-1,Echolocation,/mnt/ubna_data_02_mir/recover-20220922/UBNA_001/20220921_090000.WAV,Telephone Field,recover-20220922,001,1795
32.3395,32.3753,68437,81662,Rhinolophus ferrumequinum,0.022,0.022,-1,Echolocation,/mnt/ubna_data_02_mir/recover-20220922/UBNA_001/20220921_090000.WAV,Telephone Field,recover-20220922,001,1795
32.3525,32.3626,25468,32363,Eptesicus serotinus,0.01,0.025,-1,Echolocation,/mnt/ubna_data_02_mir/recover-20220922/UBNA_001/20220921_090000.WAV,Telephone Field,recover-20220922,001,1795
32.3655,32.4023,68437,81805,Rhinolophus ferrumequinum,0.027,0.027,-1,Echolocation,/mnt/ubna_data_02_mir/recover-20220922/UBNA_001/20220921_090000.WAV,Telephone Field,recover-20220922,001,1795
32.4065,32.4142,26328,37631,Eptesicus serotinus,0.008,0.022,-1,Echolocation,/mnt/ubna_data_02_mir/recover-20220922/UBNA_001/20220921_090000.WAV,Telephone Field,recover-20220922,001,1795
32.4585,32.4663,27187,39323,Eptesicus serotinus,0.009,0.023,-1,Echolocation,/mnt/ubna_data_02_mir/recover-20220922/UBNA_001/20220921_090000.WAV,Telephone Field,recover-20220922,001,1795
32.4885,32.5223,68437,81097,Rhinolophus ferrumequinum,0.024,0.024,-1,Echolocation,/mnt/ubna_data_02_mir/recover-20220922/UBNA_001/20220921_090000.WAV,Telephone Field,recover-20220922,001,1795
32.5415,32.5514,22890,28061,Nyctalus leisleri,0.01,0.022,-1,Echolocation,/mnt/ubna_data_02_mir/recover-20220922/UBNA_001/20220921_090000.WAV,Telephone Field,recover-20220922,001,1795
32.5675,32.6054,68437,82228,Rhinolophus ferrumequinum,0.022,0.022,-1,Echolocation,/mnt/ubna_data_02_mir/recover-20220922/UBNA_001/20220921_090000.WAV,Telephone Field,recover-20220922,001,1795
32.5725,32.587,24609,29869,Nyctalus leisleri,0.016,0.034,-1,Echolocation,/mnt/ubna_data_02_mir/recover-20220922/UBNA_001/20220921_090000.WAV,Telephone Field,recover-20220922,001,1795
32.5875,32.6264,68437,82146,Rhinolophus ferrumequinum,0.033,0.033,-1,Echolocation,/mnt/ubna_data_02_mir/recover-20220922/UBNA_001/20220921_090000.WAV,Telephone Field,recover-20220922,001,1795
32.6155,32.6576,68437,83077,Rhinolophus ferrumequinum,0.022,0.022,-1,Echolocation,/mnt/ubna_data_02_mir/recover-20220922/UBNA_001/20220921_090000.WAV,Telephone Field,recover-20220922,001,1795
32.6225,32.63,27187,39360,Eptesicus serotinus,0.007,0.023,-1,Echolocation,/mnt/ubna_data_02_mir/recover-20220922/UBNA_001/20220921_090000.WAV,Telephone Field,recover-20220922,001,1795
32.6415,32.6508,38359,44000,Pipistrellus nathusii,0.006,0.023,-1,Echolocation,/mnt/ubna_data_02_mir/recover-20220922/UBNA_001/20220921_090000.WAV,Telephone Field,recover-20220922,001,1795
32.6535,32.6676,15156,21293,Nyctalus noctula,0.017,0.025,-1,Echolocation,/mnt/ubna_data_02_mir/recover-20220922/UBNA_001/20220921_090000.WAV,Telephone Field,recover-20220922,001,1795
32.6815,32.6917,33203,38246,Barbastellus barbastellus,0.006,0.021,-1,Echolocation,/mnt/ubna_data_02_mir/recover-20220922/UBNA_001/20220921_090000.WAV,Telephone Field,recover-20220922,001,1795
32.7015,32.7458,68437,83495,Rhinolophus ferrumequinum,0.024,0.024,-1,Echolocation,/mnt/ubna_data_02_mir/recover-20220922/UBNA_001/20220921_090000.WAV,Telephone Field,recover-20220922,001,1795
32.7115,32.7191,28046,37312,Eptesicus serotinus,0.007,0.021,-1,Echolocation,/mnt/ubna_data_02_mir/recover-20220922/UBNA_001/20220921_090000.WAV,Telephone Field,recover-20220922,001,1795
32.7475,32.7567,27187,39347,Eptesicus serotinus,0.01,0.023,-1,Echolocation,/mnt/ubna_data_02_mir/recover-20220922/UBNA_001/20220921_090000.WAV,Telephone Field,recover-20220922,001,1795
32.7655,32.7726,27187,37624,Eptesicus serotinus,0.007,0.023,-1,Echolocation,/mnt/ubna_data_02_mir/recover-20220922/UBNA_001/20220921_090000.WAV,Telephone Field,recover-20220922,001,1795
32.7755,32.814,68437,82998,Rhinolophus ferrumequinum,0.021,0.021,-1,Echolocation,/mnt/ubna_data_02_mir/recover-20220922/UBNA_001/20220921_090000.WAV,Telephone Field,recover-20220922,001,1795
32.8395,32.8473,27187,35604,Eptesicus serotinus,0.009,0.023,-1,Echolocation,/mnt/ubna_data_02_mir/recover-20220922/UBNA_001/20220921_090000.WAV,Telephone Field,recover-20220922,001,1795
32.8745,32.8846,22890,29260,Nyctalus leisleri,0.008,0.023,-1,Echolocation,/mnt/ubna_data_02_mir/recover-20220922/UBNA_001/20220921_090000.WAV,Telephone Field,recover-20220922,001,1795
32.8925,32.9293,68437,81836,Rhinolophus ferrumequinum,0.022,0.022,-1,Echolocation,/mnt/ubna_data_02_mir/recover-20220922/UBNA_001/20220921_090000.WAV,Telephone Field,recover-20220922,001,1795
32.908500000000004,32.9499,68437,82534,Rhinolophus ferrumequinum,0.023,0.023,-1,Echolocation,/mnt/ubna_data_02_mir/recover-20220922/UBNA_001/20220921_090000.WAV,Telephone Field,recover-20220922,001,1795
32.9185,32.9278,27187,36416,Eptesicus serotinus,0.008,0.022,-1,Echolocation,/mnt/ubna_data_02_mir/recover-20220922/UBNA_001/20220921_090000.WAV,Telephone Field,recover-20220922,001,1795
32.9195,32.9602,68437,82579,Rhinolophus ferrumequinum,0.021,0.021,-1,Echolocation,/mnt/ubna_data_02_mir/recover-20220922/UBNA_001/20220921_090000.WAV,Telephone Field,recover-20220922,001,1795
32.9345,32.9747,68437,83021,Rhinolophus ferrumequinum,0.024,0.024,-1,Echolocation,/mnt/ubna_data_02_mir/recover-20220922/UBNA_001/20220921_090000.WAV,Telephone Field,recover-20220922,001,1795
33.0215,33.0298,25468,34017,Eptesicus serotinus,0.006,0.024,-1,Echolocation,/mnt/ubna_data_02_mir/recover-20220922/UBNA_001/20220921_090000.WAV,Telephone Field,recover-20220922,001,1795
33.0435,33.0862,68437,82535,Rhinolophus ferrumequinum,0.023,0.023,-1,Echolocation,/mnt/ubna_data_02_mir/recover-20220922/UBNA_001/20220921_090000.WAV,Telephone Field,recover-20220922,001,1795
33.0485,33.056,27187,38405,Eptesicus serotinus,0.008,0.026,-1,Echolocation,/mnt/ubna_data_02_mir/recover-20220922/UBNA_001/20220921_090000.WAV,Telephone Field,recover-20220922,001,1795
33.0495,33.0913,68437,83475,Rhinolophus ferrumequinum,0.022,0.022,-1,Echolocation,/mnt/ubna_data_02_mir/recover-20220922/UBNA_001/20220921_090000.WAV,Telephone Field,recover-20220922,001,1795
33.0985,33.1369,68437,81659,Rhinolophus ferrumequinum,0.022,0.022,-1,Echolocation,/mnt/ubna_data_02_mir/recover-20220922/UBNA_001/20220921_090000.WAV,Telephone Field,recover-20220922,001,1795
33.1605,33.1686,28046,37937,Eptesicus serotinus,0.007,0.021,-1,Echolocation,/mnt/ubna_data_02_mir/recover-20220922/UBNA_001/20220921_090000.WAV,Telephone Field,recover-20220922,001,1795
33.1805,33.2176,68437,81711,Rhinolophus ferrumequinum,0.022,0.022,-1,Echolocation,/mnt/ubna_data_02_mir/recover-20220922/UBNA_001/20220921_090000.WAV,Telephone Field,recover-20220922,001,1795
33.2085,33.2477,68437,82490,Rhinolophus ferrumequinum,0.024,0.025,-1,Echolocation,/mnt/ubna_data_02_mir/recover-20220922/UBNA_001/20220921_090000.WAV,Telephone Field,recover-20220922,001,1795
33.2375,33.2706,69296,81782,Rhinolophus ferrumequinum,0.023,0.023,-1,Echolocation,/mnt/ubna_data_02_mir/recover-20220922/UBNA_001/20220921_090000.WAV,Telephone Field,recover-20220922,001,1795
33.2765,33.2856,27187,35425,Eptesicus serotinus,0.013,0.026,-1,Echolocation,/mnt/ubna_data_02_mir/recover-20220922/UBNA_001/20220921_090000.WAV,Telephone Field,recover-20220922,001,1795
33.3015,33.343,68437,82647,Rhinolophus ferrumequinum,0.024,0.024,-1,Echolocation,/mnt/ubna_data_02_mir/recover-20220922/UBNA_001/20220921_090000.WAV,Telephone Field,recover-20220922,001,1795
33.3095,33.3201,22031,27335,Nyctalus leisleri,0.01,0.023,-1,Echolocation,/mnt/ubna_data_02_mir/recover-20220922/UBNA_001/20220921_090000.WAV,Telephone Field,recover-20220922,001,1795
33.3105,33.3498,68437,82554,Rhinolophus ferrumequinum,0.023,0.023,-1,Echolocation,/mnt/ubna_data_02_mir/recover-20220922/UBNA_001/20220921_090000.WAV,Telephone Field,recover-20220922,001,1795
33.3135,33.3199,27187,37612,Eptesicus serotinus,0.006,0.022,-1,Echolocation,/mnt/ubna_data_02_mir/recover-20220922/UBNA_001/20220921_090000.WAV,Telephone Field,recover-20220922,001,1795
33.3295,33.3606,68437,81040,Rhinolophus ferrumequinum,0.024,0.024,-1,Echolocation,/mnt/ubna_data_02_mir/recover-20220922/UBNA_001/20220921_090000.WAV,Telephone Field,recover-20220922,001,1795
33.3495,33.393,68437,82985,Rhinolophus ferrumequinum,0.035,0.035,-1,Echolocation,/mnt/ubna_data_02_mir/recover-20220922/UBNA_001/20220921_090000.WAV,Telephone Field,recover-20220922,001,1795
33.3645,33.3728,22890,30098,Plecotus austriacus,0.008,0.021,-1,Echolocation,/mnt/ubna_data_02_mir/recover-20220922/UBNA_001/20220921_090000.WAV,Telephone Field,recover-20220922,001,1795
33.3825,33.3909,48671,52579,Pipistrellus pipistrellus,0.022,0.025,-1,Echolocation,/mnt/ubna_data_02_mir/recover-20220922/UBNA_001/20220921_090000.WAV,Telephone Field,recover-20220922,001,1795
33.4445,33.4868,68437,82569,Rhinolophus ferrumequinum,0.028,0.028,-1,Echolocation,/mnt/ubna_data_02_mir/recover-20220922/UBNA_001/20220921_090000.WAV,Telephone Field,recover-20220922,001,1795
33.4675,33.477199999999996,29765,37816,Eptesicus serotinus,0.008,0.022,-1,Echolocation,/mnt/ubna_data_02_mir/recover-20220922/UBNA_001/20220921_090000.WAV,Telephone Field,recover-20220922,001,1795
33.4985,33.5037,36640,49238,Myotis daubentonii,0.009,0.029,-1,Echolocation,/mnt/ubna_data_02_mir/recover-20220922/UBNA_001/20220921_090000.WAV,Telephone Field,recover-20220922,001,1795
33.5185,33.5604,68437,82812,Rhinolophus ferrumequinum,0.024,0.024,-1,Echolocation,/mnt/ubna_data_02_mir/recover-20220922/UBNA_001/20220921_090000.WAV,Telephone Field,recover-20220922,001,1795
33.5205,33.5285,26328,36027,Eptesicus serotinus,0.009,0.025,-1,Echolocation,/mnt/ubna_data_02_mir/recover-20220922/UBNA_001/20220921_090000.WAV,Telephone Field,recover-20220922,001,1795
33.6155,33.6227,27187,39114,Eptesicus serotinus,0.008,0.023,-1,Echolocation,/mnt/ubna_data_02_mir/recover-20220922/UBNA_001/20220921_090000.WAV,Telephone Field,recover-20220922,001,1795
33.6165,33.6513,68437,81058,Rhinolophus ferrumequinum,0.021,0.021,-1,Echolocation,/mnt/ubna_data_02_mir/recover-20220922/UBNA_001/20220921_090000.WAV,Telephone Field,recover-20220922,001,1795
33.6395,33.6775,68437,82360,Rhinolophus ferrumequinum,0.021,0.021,-1,Echolocation,/mnt/ubna_data_02_mir/recover-20220922/UBNA_001/20220921_090000.WAV,Telephone Field,recover-20220922,001,1795
33.6575,33.6992,68437,82017,Rhinolophus ferrumequinum,0.021,0.021,-1,Echolocation,/mnt/ubna_data_02_mir/recover-20220922/UBNA_001/20220921_090000.WAV,Telephone Field,recover-20220922,001,1795
33.6765,33.7121,68437,81838,Rhinolophus ferrumequinum,0.023,0.023,-1,Echolocation,/mnt/ubna_data_02_mir/recover-20220922/UBNA_001/20220921_090000.WAV,Telephone Field,recover-20220922,001,1795
33.7425,33.75,27187,39150,Eptesicus serotinus,0.007,0.021,-1,Echolocation,/mnt/ubna_data_02_mir/recover-20220922/UBNA_001/20220921_090000.WAV,Telephone Field,recover-20220922,001,1795
33.7565,33.8017,68437,83489,Rhinolophus ferrumequinum,0.036,0.036,-1,Echolocation,/mnt/ubna_data_02_mir/recover-20220922/UBNA_001/20220921_090000.WAV,Telephone Field,recover-20220922,001,1795
33.7565,33.7704,27187,32948,Eptesicus serotinus,0.015,0.029,-1,Echolocation,/mnt/ubna_data_02_mir/recover-20220922/UBNA_001/20220921_090000.WAV,Telephone Field,recover-20220922,001,1795
33.7845,33.8191,68437,81694,Rhinolophus ferrumequinum,0.022,0.022,-1,Echolocation,/mnt/ubna_data_02_mir/recover-20220922/UBNA_001/20220921_090000.WAV,Telephone Field,recover-20220922,001,1795
33.7975,33.8063,25468,33536,Eptesicus serotinus,0.009,0.024,-1,Echolocation,/mnt/ubna_data_02_mir/recover-20220922/UBNA_001/20220921_090000.WAV,Telephone Field,recover-20220922,001,1795
33.8405,33.8484,28046,37766,Eptesicus serotinus,0.007,0.022,-1,Echolocation,/mnt/ubna_data_02_mir/recover-20220922/UBNA_001/20220921_090000.WAV,Telephone Field,recover-20220922,001,1795
33.8995,33.9381,68437,82120,Rhinolophus ferrumequinum,0.023,0.023,-1,Echolocation,/mnt/ubna_data_02_mir/recover-20220922/UBNA_001/20220921_090000.WAV,Telephone Field,recover-20220922,001,1795
33.9125,33.954,68437,82501,Rhinolophus ferrumequinum,0.022,0.022,-1,Echolocation,/mnt/ubna_data_02_mir/recover-20220922/UBNA_001/20220921_090000.WAV,Telephone Field,recover-20220922,001,1795
33.9355,33.9747,68437,82516,Rhinolophus ferrumequinum,0.022,0.022,-1,Echolocation,/mnt/ubna_data_02_mir/recover-20220922/UBNA_001/20220921_090000.WAV,Telephone Field,recover-20220922,001,1795
33.9435,33.9538,15156,22256,Nyctalus noctula,0.014,0.027,-1,Echolocation,/mnt/ubna_data_02_mir/recover-20220922/UBNA_001/20220921_090000.WAV,Telephone Field,recover-20220922,001,1795
34.0015,34.0361,68437,80930,Rhinolophus ferrumequinum,0.045,0.046,-1,Echolocation,/mnt/ubna_data_02_mir/recover-20220922/UBNA_001/20220921_090000.WAV,Telephone Field,recover-20220922,001,1795
34.0015,34.0099,22031,28455,Nyctalus leisleri,0.009,0.026,-1,Echolocation,/mnt/ubna_data_02_mir/recover-20220922/UBNA_001/20220921_090000.WAV,Telephone Field,recover-20220922,001,1795
34.0015,34.0101,27187,36168,Eptesicus serotinus,0.007,0.024,-1,Echolocation,/mnt/ubna_data_02_mir/recover-20220922/UBNA_001/20220921_090000.WAV,Telephone Field,recover-20220922,001,1795
34.0215,34.059,68437,81995,Rhinolophus ferrumequinum,0.022,0.023,-1,Echolocation,/mnt/ubna_data_02_mir/recover-20220922/UBNA_001/20220921_090000.WAV,Telephone Field,recover-20220922,001,1795
34.0225,34.0298,49531,55856,Pipistrellus pipistrellus,0.018,0.022,-1,Echolocation,/mnt/ubna_data_02_mir/recover-20220922/UBNA_001/20220921_090000.WAV,Telephone Field,recover-20220922,001,1795
34.0835,34.091,28046,37742,Eptesicus serotinus,0.006,0.022,-1,Echolocation,/mnt/ubna_data_02_mir/recover-20220922/UBNA_001/20220921_090000.WAV,Telephone Field,recover-20220922,001,1795
34.1295,34.175,68437,83560,Rhinolophus ferrumequinum,0.05,0.05,-1,Echolocation,/mnt/ubna_data_02_mir/recover-20220922/UBNA_001/20220921_090000.WAV,Telephone Field,recover-20220922,001,1795
34.1925,34.231,68437,82007,Rhinolophus ferrumequinum,0.024,0.024,-1,Echolocation,/mnt/ubna_data_02_mir/recover-20220922/UBNA_001/20220921_090000.WAV,Telephone Field,recover-20220922,001,1795
34.2025,34.2113,28046,38342,Eptesicus serotinus,0.009,0.024,-1,Echolocation,/mnt/ubna_data_02_mir/recover-20220922/UBNA_001/20220921_090000.WAV,Telephone Field,recover-20220922,001,1795
34.2245,34.2663,68437,82031,Rhinolophus ferrumequinum,0.023,0.023,-1,Echolocation,/mnt/ubna_data_02_mir/recover-20220922/UBNA_001/20220921_090000.WAV,Telephone Field,recover-20220922,001,1795
34.2825,34.2919,28046,37426,Eptesicus serotinus,0.009,0.022,-1,Echolocation,/mnt/ubna_data_02_mir/recover-20220922/UBNA_001/20220921_090000.WAV,Telephone Field,recover-20220922,001,1795
34.3265,34.3365,23750,30131,Nyctalus leisleri,0.008,0.022,-1,Echolocation,/mnt/ubna_data_02_mir/recover-20220922/UBNA_001/20220921_090000.WAV,Telephone Field,recover-20220922,001,1795
34.457499999999996,34.4947,68437,81975,Rhinolophus ferrumequinum,0.023,0.023,-1,Echolocation,/mnt/ubna_data_02_mir/recover-20220922/UBNA_001/20220921_090000.WAV,Telephone Field,recover-20220922,001,1795
34.4815,34.5231,68437,82852,Rhinolophus ferrumequinum,0.029,0.029,-1,Echolocation,/mnt/ubna_data_02_mir/recover-20220922/UBNA_001/20220921_090000.WAV,Telephone Field,recover-20220922,001,1795
34.5005,34.5074,28046,39616,Eptesicus serotinus,0.006,0.022,-1,Echolocation,/mnt/ubna_data_02_mir/recover-20220922/UBNA_001/20220921_090000.WAV,Telephone Field,recover-20220922,001,1795
34.5095,34.5494,68437,82344,Rhinolophus ferrumequinum,0.022,0.022,-1,Echolocation,/mnt/ubna_data_02_mir/recover-20220922/UBNA_001/20220921_090000.WAV,Telephone Field,recover-20220922,001,1795
34.5305,34.5393,27187,40554,Eptesicus serotinus,0.008,0.023,-1,Echolocation,/mnt/ubna_data_02_mir/recover-20220922/UBNA_001/20220921_090000.WAV,Telephone Field,recover-20220922,001,1795
34.5635,34.5767,37500,40922,Pipistrellus nathusii,0.082,0.108,-1,Echolocation,/mnt/ubna_data_02_mir/recover-20220922/UBNA_001/20220921_090000.WAV,Telephone Field,recover-20220922,001,1795
34.5685,34.609,68437,82567,Rhinolophus ferrumequinum,0.027,0.027,-1,Echolocation,/mnt/ubna_data_02_mir/recover-20220922/UBNA_001/20220921_090000.WAV,Telephone Field,recover-20220922,001,1795
34.5935,34.6042,23750,30151,Nyctalus leisleri,0.012,0.029,-1,Echolocation,/mnt/ubna_data_02_mir/recover-20220922/UBNA_001/20220921_090000.WAV,Telephone Field,recover-20220922,001,1795
34.6285,34.6339,40937,52028,Myotis daubentonii,0.006,0.023,-1,Echolocation,/mnt/ubna_data_02_mir/recover-20220922/UBNA_001/20220921_090000.WAV,Telephone Field,recover-20220922,001,1795
34.6605,34.6687,46953,51921,Pipistrellus pipistrellus,0.021,0.022,-1,Echolocation,/mnt/ubna_data_02_mir/recover-20220922/UBNA_001/20220921_090000.WAV,Telephone Field,recover-20220922,001,1795
34.6715,34.6796,27187,39532,Eptesicus serotinus,0.007,0.021,-1,Echolocation,/mnt/ubna_data_02_mir/recover-20220922/UBNA_001/20220921_090000.WAV,Telephone Field,recover-20220922,001,1795
34.6715,34.7114,68437,82373,Rhinolophus ferrumequinum,0.023,0.023,-1,Echolocation,/mnt/ubna_data_02_mir/recover-20220922/UBNA_001/20220921_090000.WAV,Telephone Field,recover-20220922,001,1795
34.7195,34.7284,44375,49742,Pipistrellus pipistrellus,0.023,0.026,-1,Echolocation,/mnt/ubna_data_02_mir/recover-20220922/UBNA_001/20220921_090000.WAV,Telephone Field,recover-20220922,001,1795
34.7495,34.7912,68437,83669,Rhinolophus ferrumequinum,0.03,0.03,-1,Echolocation,/mnt/ubna_data_02_mir/recover-20220922/UBNA_001/20220921_090000.WAV,Telephone Field,recover-20220922,001,1795
34.7565,34.8007,68437,83478,Rhinolophus ferrumequinum,0.03,0.03,-1,Echolocation,/mnt/ubna_data_02_mir/recover-20220922/UBNA_001/20220921_090000.WAV,Telephone Field,recover-20220922,001,1795
34.7825,34.7914,22890,30154,Plecotus austriacus,0.011,0.026,-1,Echolocation,/mnt/ubna_data_02_mir/recover-20220922/UBNA_001/20220921_090000.WAV,Telephone Field,recover-20220922,001,1795
34.7965,34.8387,68437,82916,Rhinolophus ferrumequinum,0.024,0.024,-1,Echolocation,/mnt/ubna_data_02_mir/recover-20220922/UBNA_001/20220921_090000.WAV,Telephone Field,recover-20220922,001,1795
34.7975,34.8058,33203,45593,Myotis daubentonii,0.009,0.026,-1,Echolocation,/mnt/ubna_data_02_mir/recover-20220922/UBNA_001/20220921_090000.WAV,Telephone Field,recover-20220922,001,1795
34.8135,34.8199,13437,31322,Plecotus auritus,0.028,0.032,-1,Echolocation,/mnt/ubna_data_02_mir/recover-20220922/UBNA_001/20220921_090000.WAV,Telephone Field,recover-20220922,001,1795
34.841499999999996,34.879400000000004,68437,82082,Rhinolophus ferrumequinum,0.022,0.022,-1,Echolocation,/mnt/ubna_data_02_mir/recover-20220922/UBNA_001/20220921_090000.WAV,Telephone Field,recover-20220922,001,1795
34.9495,34.9893,68437,82796,Rhinolophus ferrumequinum,0.03,0.03,-1,Echolocation,/mnt/ubna_data_02_mir/recover-20220922/UBNA_001/20220921_090000.WAV,Telephone Field,recover-20220922,001,1795
34.9875,35.0275,68437,82709,Rhinolophus ferrumequinum,0.023,0.023,-1,Echolocation,/mnt/ubna_data_02_mir/recover-20220922/UBNA_001/20220921_090000.WAV,Telephone Field,recover-20220922,001,1795
35.0135,35.0557,68437,82604,Rhinolophus ferrumequinum,0.024,0.024,-1,Echolocation,/mnt/ubna_data_02_mir/recover-20220922/UBNA_001/20220921_090000.WAV,Telephone Field,recover-20220922,001,1795
35.0145,35.0239,28906,36965,Eptesicus serotinus,0.011,0.025,-1,Echolocation,/mnt/ubna_data_02_mir/recover-20220922/UBNA_001/20220921_090000.WAV,Telephone Field,recover-20220922,001,1795
35.0165,35.0295,57265,62057,Pipistrellus pygmaeus,0.029,0.03,-1,Echolocation,/mnt/ubna_data_02_mir/recover-20220922/UBNA_001/20220921_090000.WAV,Telephone Field,recover-20220922,001,1795
35.0295,35.0694,68437,82430,Rhinolophus ferrumequinum,0.023,0.023,-1,Echolocation,/mnt/ubna_data_02_mir/recover-20220922/UBNA_001/20220921_090000.WAV,Telephone Field,recover-20220922,001,1795
35.0755,35.1137,68437,81699,Rhinolophus ferrumequinum,0.023,0.023,-1,Echolocation,/mnt/ubna_data_02_mir/recover-20220922/UBNA_001/20220921_090000.WAV,Telephone Field,recover-20220922,001,1795
35.0805,35.0924,22890,27788,Nyctalus leisleri,0.015,0.03,-1,Echolocation,/mnt/ubna_data_02_mir/recover-20220922/UBNA_001/20220921_090000.WAV,Telephone Field,recover-20220922,001,1795
35.0895,35.1275,68437,82314,Rhinolophus ferrumequinum,0.025,0.025,-1,Echolocation,/mnt/ubna_data_02_mir/recover-20220922/UBNA_001/20220921_090000.WAV,Telephone Field,recover-20220922,001,1795
35.1205,35.1601,68437,82300,Rhinolophus ferrumequinum,0.023,0.023,-1,Echolocation,/mnt/ubna_data_02_mir/recover-20220922/UBNA_001/20220921_090000.WAV,Telephone Field,recover-20220922,001,1795
35.1265,35.1661,68437,82804,Rhinolophus ferrumequinum,0.022,0.022,-1,Echolocation,/mnt/ubna_data_02_mir/recover-20220922/UBNA_001/20220921_090000.WAV,Telephone Field,recover-20220922,001,1795
35.1355,35.178200000000004,68437,83053,Rhinolophus ferrumequinum,0.024,0.024,-1,Echolocation,/mnt/ubna_data_02_mir/recover-20220922/UBNA_001/20220921_090000.WAV,Telephone Field,recover-20220922,001,1795
35.1415,35.182,68437,83060,Rhinolophus ferrumequinum,0.024,0.024,-1,Echolocation,/mnt/ubna_data_02_mir/recover-20220922/UBNA_001/20220921_090000.WAV,Telephone Field,recover-20220922,001,1795
35.1755,35.215,68437,82431,Rhinolophus ferrumequinum,0.022,0.022,-1,Echolocation,/mnt/ubna_data_02_mir/recover-20220922/UBNA_001/20220921_090000.WAV,Telephone Field,recover-20220922,001,1795
35.2035,35.2153,43515,48883,Pipistrellus pipistrellus,0.023,0.03,-1,Echolocation,/mnt/ubna_data_02_mir/recover-20220922/UBNA_001/20220921_090000.WAV,Telephone Field,recover-20220922,001,1795
35.2265,35.2647,68437,81919,Rhinolophus ferrumequinum,0.022,0.022,-1,Echolocation,/mnt/ubna_data_02_mir/recover-20220922/UBNA_001/20220921_090000.WAV,Telephone Field,recover-20220922,001,1795
35.2635,35.300399999999996,68437,81423,Rhinolophus ferrumequinum,0.022,0.022,-1,Echolocation,/mnt/ubna_data_02_mir/recover-20220922/UBNA_001/20220921_090000.WAV,Telephone Field,recover-20220922,001,1795
35.2665,35.2733,32343,45439,Myotis daubentonii,0.012,0.024,-1,Echolocation,/mnt/ubna_data_02_mir/recover-20220922/UBNA_001/20220921_090000.WAV,Telephone Field,recover-20220922,001,1795
35.3115,35.3211,28046,37943,Eptesicus serotinus,0.009,0.023,-1,Echolocation,/mnt/ubna_data_02_mir/recover-20220922/UBNA_001/20220921_090000.WAV,Telephone Field,recover-20220922,001,1795
35.3205,35.3622,68437,82746,Rhinolophus ferrumequinum,0.029,0.029,-1,Echolocation,/mnt/ubna_data_02_mir/recover-20220922/UBNA_001/20220921_090000.WAV,Telephone Field,recover-20220922,001,1795
35.3405,35.377,68437,81994,Rhinolophus ferrumequinum,0.022,0.022,-1,Echolocation,/mnt/ubna_data_02_mir/recover-20220922/UBNA_001/20220921_090000.WAV,Telephone Field,recover-20220922,001,1795
35.3655,35.4033,68437,81582,Rhinolophus ferrumequinum,0.023,0.023,-1,Echolocation,/mnt/ubna_data_02_mir/recover-20220922/UBNA_001/20220921_090000.WAV,Telephone Field,recover-20220922,001,1795
35.3695,35.3779,27187,40072,Eptesicus serotinus,0.008,0.023,-1,Echolocation,/mnt/ubna_data_02_mir/recover-20220922/UBNA_001/20220921_090000.WAV,Telephone Field,recover-20220922,001,1795
35.3925,35.4358,68437,82767,Rhinolophus ferrumequinum,0.026,0.026,-1,Echolocation,/mnt/ubna_data_02_mir/recover-20220922/UBNA_001/20220921_090000.WAV,Telephone Field,recover-20220922,001,1795
35.3995,35.4075,28046,38008,Eptesicus serotinus,0.026,0.05,-1,Echolocation,/mnt/ubna_data_02_mir/recover-20220922/UBNA_001/20220921_090000.WAV,Telephone Field,recover-20220922,001,1795
35.4185,35.4572,68437,81930,Rhinolophus ferrumequinum,0.022,0.022,-1,Echolocation,/mnt/ubna_data_02_mir/recover-20220922/UBNA_001/20220921_090000.WAV,Telephone Field,recover-20220922,001,1795
35.4335,35.441,28046,38990,Eptesicus serotinus,0.007,0.024,-1,Echolocation,/mnt/ubna_data_02_mir/recover-20220922/UBNA_001/20220921_090000.WAV,Telephone Field,recover-20220922,001,1795
35.4345,35.4497,55546,60157,Pipistrellus pygmaeus,0.033,0.037,-1,Echolocation,/mnt/ubna_data_02_mir/recover-20220922/UBNA_001/20220921_090000.WAV,Telephone Field,recover-20220922,001,1795
35.4715,35.5086,68437,80973,Rhinolophus ferrumequinum,0.028,0.028,-1,Echolocation,/mnt/ubna_data_02_mir/recover-20220922/UBNA_001/20220921_090000.WAV,Telephone Field,recover-20220922,001,1795
35.4845,35.4967,22890,27452,Nyctalus leisleri,0.011,0.022,-1,Echolocation,/mnt/ubna_data_02_mir/recover-20220922/UBNA_001/20220921_090000.WAV,Telephone Field,recover-20220922,001,1795
35.5095,35.5174,23750,31817,Plecotus austriacus,0.01,0.024,-1,Echolocation,/mnt/ubna_data_02_mir/recover-20220922/UBNA_001/20220921_090000.WAV,Telephone Field,recover-20220922,001,1795
35.5265,35.5344,27187,38720,Eptesicus serotinus,0.007,0.022,-1,Echolocation,/mnt/ubna_data_02_mir/recover-20220922/UBNA_001/20220921_090000.WAV,Telephone Field,recover-20220922,001,1795
35.5575,35.5968,68437,82456,Rhinolophus ferrumequinum,0.023,0.023,-1,Echolocation,/mnt/ubna_data_02_mir/recover-20220922/UBNA_001/20220921_090000.WAV,Telephone Field,recover-20220922,001,1795
35.5765,35.5875,28046,34683,Eptesicus serotinus,0.01,0.022,-1,Echolocation,/mnt/ubna_data_02_mir/recover-20220922/UBNA_001/20220921_090000.WAV,Telephone Field,recover-20220922,001,1795
35.5905,35.6301,68437,82509,Rhinolophus ferrumequinum,0.022,0.022,-1,Echolocation,/mnt/ubna_data_02_mir/recover-20220922/UBNA_001/20220921_090000.WAV,Telephone Field,recover-20220922,001,1795
35.6425,35.6809,68437,82281,Rhinolophus ferrumequinum,0.022,0.022,-1,Echolocation,/mnt/ubna_data_02_mir/recover-20220922/UBNA_001/20220921_090000.WAV,Telephone Field,recover-20220922,001,1795
35.6745,35.685900000000004,23750,30006,Nyctalus leisleri,0.011,0.027,-1,Echolocation,/mnt/ubna_data_02_mir/recover-20220922/UBNA_001/20220921_090000.WAV,Telephone Field,recover-20220922,001,1795
35.6775,35.7158,68437,82149,Rhinolophus ferrumequinum,0.022,0.022,-1,Echolocation,/mnt/ubna_data_02_mir/recover-20220922/UBNA_001/20220921_090000.WAV,Telephone Field,recover-20220922,001,1795
35.7065,35.7152,42656,45980,Pipistrellus pipistrellus,0.022,0.025,-1,Echolocation,/mnt/ubna_data_02_mir/recover-20220922/UBNA_001/20220921_090000.WAV,Telephone Field,recover-20220922,001,1795
35.7095,35.7526,68437,83424,Rhinolophus ferrumequinum,0.038,0.038,-1,Echolocation,/mnt/ubna_data_02_mir/recover-20220922/UBNA_001/20220921_090000.WAV,Telephone Field,recover-20220922,001,1795
35.7585,35.7986,68437,82190,Rhinolophus ferrumequinum,0.027,0.027,-1,Echolocation,/mnt/ubna_data_02_mir/recover-20220922/UBNA_001/20220921_090000.WAV,Telephone Field,recover-20220922,001,1795
35.7795,35.8199,68437,82695,Rhinolophus ferrumequinum,0.023,0.023,-1,Echolocation,/mnt/ubna_data_02_mir/recover-20220922/UBNA_001/20220921_090000.WAV,Telephone Field,recover-20220922,001,1795
35.7815,35.7908,28046,36577,Eptesicus serotinus,0.012,0.025,-1,Echolocation,/mnt/ubna_data_02_mir/recover-20220922/UBNA_001/20220921_090000.WAV,Telephone Field,recover-20220922,001,1795
35.8365,35.8756,68437,82246,Rhinolophus ferrumequinum,0.025,0.025,-1,Echolocation,/mnt/ubna_data_02_mir/recover-20220922/UBNA_001/20220921_090000.WAV,Telephone Field,recover-20220922,001,1795
35.9005,35.9416,68437,83102,Rhinolophus ferrumequinum,0.033,0.033,-1,Echolocation,/mnt/ubna_data_02_mir/recover-20220922/UBNA_001/20220921_090000.WAV,Telephone Field,recover-20220922,001,1795
35.9245,35.9313,23750,32842,Plecotus austriacus,0.01,0.023,-1,Echolocation,/mnt/ubna_data_02_mir/recover-20220922/UBNA_001/20220921_090000.WAV,Telephone Field,recover-20220922,001,1795
35.9305,35.9692,68437,82233,Rhinolophus ferrumequinum,0.024,0.024,-1,Echolocation,/mnt/ubna_data_02_mir/recover-20220922/UBNA_001/20220921_090000.WAV,Telephone Field,recover-20220922,001,1795
35.9435,35.9811,68437,82573,Rhinolophus ferrumequinum,0.024,0.024,-1,Echolocation,/mnt/ubna_data_02_mir/recover-20220922/UBNA_001/20220921_090000.WAV,Telephone Field,recover-20220922,001,1795
35.9765,35.9846,28906,40774,Eptesicus serotinus,0.008,0.025,-1,Echolocation,/mnt/ubna_data_02_mir/recover-20220922/UBNA_001/20220921_090000.WAV,Telephone Field,recover-20220922,001,1795
36.0015,36.0358,69296,81522,Rhinolophus ferrumequinum,0.032,0.032,-1,Echolocation,/mnt/ubna_data_02_mir/recover-20220922/UBNA_001/20220921_090000.WAV,Telephone Field,recover-20220922,001,1795
36.0015,36.0152,51250,57206,Pipistrellus pygmaeus,0.02,0.034,-1,Echolocation,/mnt/ubna_data_02_mir/recover-20220922/UBNA_001/20220921_090000.WAV,Telephone Field,recover-20220922,001,1795
36.0015,36.009100000000004,24609,32784,Nyctalus leisleri,0.013,0.046,-1,Echolocation,/mnt/ubna_data_02_mir/recover-20220922/UBNA_001/20220921_090000.WAV,Telephone Field,recover-20220922,001,1795
36.0615,36.0969,68437,81365,Rhinolophus ferrumequinum,0.023,0.023,-1,Echolocation,/mnt/ubna_data_02_mir/recover-20220922/UBNA_001/20220921_090000.WAV,Telephone Field,recover-20220922,001,1795
36.0635,36.0745,42656,45801,Pipistrellus pipistrellus,0.031,0.037,-1,Echolocation,/mnt/ubna_data_02_mir/recover-20220922/UBNA_001/20220921_090000.WAV,Telephone Field,recover-20220922,001,1795
36.0695,36.0801,22890,28376,Nyctalus leisleri,0.011,0.026,-1,Echolocation,/mnt/ubna_data_02_mir/recover-20220922/UBNA_001/20220921_090000.WAV,Telephone Field,recover-20220922,001,1795
36.0935,36.1059,23750,29293,Nyctalus leisleri,0.014,0.03,-1,Echolocation,/mnt/ubna_data_02_mir/recover-20220922/UBNA_001/20220921_090000.WAV,Telephone Field,recover-20220922,001,1795
36.1485,36.186,68437,81954,Rhinolophus ferrumequinum,0.022,0.022,-1,Echolocation,/mnt/ubna_data_02_mir/recover-20220922/UBNA_001/20220921_090000.WAV,Telephone Field,recover-20220922,001,1795
36.207499999999996,36.2488,68437,82993,Rhinolophus ferrumequinum,0.029,0.029,-1,Echolocation,/mnt/ubna_data_02_mir/recover-20220922/UBNA_001/20220921_090000.WAV,Telephone Field,recover-20220922,001,1795
36.2345,36.254400000000004,19453,22939,Nyctalus noctula,0.013,0.026,-1,Echolocation,/mnt/ubna_data_02_mir/recover-20220922/UBNA_001/20220921_090000.WAV,Telephone Field,recover-20220922,001,1795
36.2405,36.2759,68437,81319,Rhinolophus ferrumequinum,0.022,0.022,-1,Echolocation,/mnt/ubna_data_02_mir/recover-20220922/UBNA_001/20220921_090000.WAV,Telephone Field,recover-20220922,001,1795
36.2525,36.2906,68437,81670,Rhinolophus ferrumequinum,0.023,0.023,-1,Echolocation,/mnt/ubna_data_02_mir/recover-20220922/UBNA_001/20220921_090000.WAV,Telephone Field,recover-20220922,001,1795
36.289500000000004,36.2978,27187,37710,Eptesicus serotinus,0.008,0.023,-1,Echolocation,/mnt/ubna_data_02_mir/recover-20220922/UBNA_001/20220921_090000.WAV,Telephone Field,recover-20220922,001,1795
36.3585,36.3972,68437,82446,Rhinolophus ferrumequinum,0.024,0.024,-1,Echolocation,/mnt/ubna_data_02_mir/recover-20220922/UBNA_001/20220921_090000.WAV,Telephone Field,recover-20220922,001,1795
36.3695,36.4107,68437,82449,Rhinolophus ferrumequinum,0.032,0.032,-1,Echolocation,/mnt/ubna_data_02_mir/recover-20220922/UBNA_001/20220921_090000.WAV,Telephone Field,recover-20220922,001,1795
36.414500000000004,36.4559,68437,82103,Rhinolophus ferrumequinum,0.022,0.022,-1,Echolocation,/mnt/ubna_data_02_mir/recover-20220922/UBNA_001/20220921_090000.WAV,Telephone Field,recover-20220922,001,1795
36.4275,36.4668,68437,82402,Rhinolophus ferrumequinum,0.022,0.022,-1,Echolocation,/mnt/ubna_data_02_mir/recover-20220922/UBNA_001/20220921_090000.WAV,Telephone Field,recover-20220922,001,1795
36.4785,36.5178,68437,82147,Rhinolophus ferrumequinum,0.022,0.022,-1,Echolocation,/mnt/ubna_data_02_mir/recover-20220922/UBNA_001/20220921_090000.WAV,Telephone Field,recover-20220922,001,1795
36.5085,36.5495,68437,83166,Rhinolophus ferrumequinum,0.027,0.027,-1,Echolocation,/mnt/ubna_data_02_mir/recover-20220922/UBNA_001/20220921_090000.WAV,Telephone Field,recover-20220922,001,1795
36.5105,36.5185,24609,33666,Plecotus austriacus,0.007,0.024,-1,Echolocation,/mnt/ubna_data_02_mir/recover-20220922/UBNA_001/20220921_090000.WAV,Telephone Field,recover-20220922,001,1795
36.5505,36.5882,68437,82473,Rhinolophus ferrumequinum,0.025,0.025,-1,Echolocation,/mnt/ubna_data_02_mir/recover-20220922/UBNA_001/20220921_090000.WAV,Telephone Field,recover-20220922,001,1795
36.5685,36.6098,68437,83483,Rhinolophus ferrumequinum,0.025,0.025,-1,Echolocation,/mnt/ubna_data_02_mir/recover-20220922/UBNA_001/20220921_090000.WAV,Telephone Field,recover-20220922,001,1795
36.5905,36.6016,24609,30432,Nyctalus leisleri,0.01,0.026,-1,Echolocation,/mnt/ubna_data_02_mir/recover-20220922/UBNA_001/20220921_090000.WAV,Telephone Field,recover-20220922,001,1795
36.6085,36.6515,68437,83395,Rhinolophus ferrumequinum,0.032,0.032,-1,Echolocation,/mnt/ubna_data_02_mir/recover-20220922/UBNA_001/20220921_090000.WAV,Telephone Field,recover-20220922,001,1795
36.6695,36.7121,68437,82762,Rhinolophus ferrumequinum,0.026,0.026,-1,Echolocation,/mnt/ubna_data_02_mir/recover-20220922/UBNA_001/20220921_090000.WAV,Telephone Field,recover-20220922,001,1795
36.6885,36.7019,28046,33445,Eptesicus serotinus,0.04,0.066,-1,Echolocation,/mnt/ubna_data_02_mir/recover-20220922/UBNA_001/20220921_090000.WAV,Telephone Field,recover-20220922,001,1795
36.7045,36.7438,68437,82147,Rhinolophus ferrumequinum,0.025,0.025,-1,Echolocation,/mnt/ubna_data_02_mir/recover-20220922/UBNA_001/20220921_090000.WAV,Telephone Field,recover-20220922,001,1795
36.7505,36.7585,25468,33862,Eptesicus serotinus,0.007,0.022,-1,Echolocation,/mnt/ubna_data_02_mir/recover-20220922/UBNA_001/20220921_090000.WAV,Telephone Field,recover-20220922,001,1795
36.7635,36.8063,68437,82997,Rhinolophus ferrumequinum,0.031,0.031,-1,Echolocation,/mnt/ubna_data_02_mir/recover-20220922/UBNA_001/20220921_090000.WAV,Telephone Field,recover-20220922,001,1795
36.7695,36.7831,35781,40839,Pipistrellus nathusii,0.022,0.045,-1,Echolocation,/mnt/ubna_data_02_mir/recover-20220922/UBNA_001/20220921_090000.WAV,Telephone Field,recover-20220922,001,1795
36.7705,36.7821,23750,30126,Nyctalus leisleri,0.021,0.052,-1,Echolocation,/mnt/ubna_data_02_mir/recover-20220922/UBNA_001/20220921_090000.WAV,Telephone Field,recover-20220922,001,1795
36.786500000000004,36.8269,68437,82740,Rhinolophus ferrumequinum,0.032,0.032,-1,Echolocation,/mnt/ubna_data_02_mir/recover-20220922/UBNA_001/20220921_090000.WAV,Telephone Field,recover-20220922,001,1795
36.8135,36.8524,68437,82220,Rhinolophus ferrumequinum,0.023,0.023,-1,Echolocation,/mnt/ubna_data_02_mir/recover-20220922/UBNA_001/20220921_090000.WAV,Telephone Field,recover-20220922,001,1795
36.8145,36.8242,42656,46453,Pipistrellus pipistrellus,0.03,0.034,-1,Echolocation,/mnt/ubna_data_02_mir/recover-20220922/UBNA_001/20220921_090000.WAV,Telephone Field,recover-20220922,001,1795
36.832499999999996,36.8422,29765,38206,Eptesicus serotinus,0.009,0.023,-1,Echolocation,/mnt/ubna_data_02_mir/recover-20220922/UBNA_001/20220921_090000.WAV,Telephone Field,recover-20220922,001,1795
36.8835,36.9227,68437,82034,Rhinolophus ferrumequinum,0.026,0.026,-1,Echolocation,/mnt/ubna_data_02_mir/recover-20220922/UBNA_001/20220921_090000.WAV,Telephone Field,recover-20220922,001,1795
36.8865,36.894999999999996,28046,38417,Eptesicus serotinus,0.008,0.022,-1,Echolocation,/mnt/ubna_data_02_mir/recover-20220922/UBNA_001/20220921_090000.WAV,Telephone Field,recover-20220922,001,1795
36.9055,36.946799999999996,68437,82950,Rhinolophus ferrumequinum,0.022,0.022,-1,Echolocation,/mnt/ubna_data_02_mir/recover-20220922/UBNA_001/20220921_090000.WAV,Telephone Field,recover-20220922,001,1795
36.9675,37.0079,68437,82653,Rhinolophus ferrumequinum,0.022,0.022,-1,Echolocation,/mnt/ubna_data_02_mir/recover-20220922/UBNA_001/20220921_090000.WAV,Telephone Field,recover-20220922,001,1795
37.0285,37.069,68437,82734,Rhinolophus ferrumequinum,0.028,0.028,-1,Echolocation,/mnt/ubna_data_02_mir/recover-20220922/UBNA_001/20220921_090000.WAV,Telephone Field,recover-20220922,001,1795
37.0355,37.0766,68437,83155,Rhinolophus ferrumequinum,0.029,0.029,-1,Echolocation,/mnt/ubna_data_02_mir/recover-20220922/UBNA_001/20220921_090000.WAV,Telephone Field,recover-20220922,001,1795
37.0835,37.123,68437,82764,Rhinolophus ferrumequinum,0.025,0.025,-1,Echolocation,/mnt/ubna_data_02_mir/recover-20220922/UBNA_001/20220921_090000.WAV,Telephone Field,recover-20220922,001,1795
37.0975,37.1379,68437,82039,Rhinolophus ferrumequinum,0.022,0.022,-1,Echolocation,/mnt/ubna_data_02_mir/recover-20220922/UBNA_001/20220921_090000.WAV,Telephone Field,recover-20220922,001,1795
37.1125,37.1192,50390,55406,Pipistrellus pipistrellus,0.03,0.033,-1,Echolocation,/mnt/ubna_data_02_mir/recover-20220922/UBNA_001/20220921_090000.WAV,Telephone Field,recover-20220922,001,1795
37.1565,37.1969,68437,82533,Rhinolophus ferrumequinum,0.024,0.024,-1,Echolocation,/mnt/ubna_data_02_mir/recover-20220922/UBNA_001/20220921_090000.WAV,Telephone Field,recover-20220922,001,1795
37.1925,37.2045,24609,30987,Eptesicus serotinus,0.009,0.024,-1,Echolocation,/mnt/ubna_data_02_mir/recover-20220922/UBNA_001/20220921_090000.WAV,Telephone Field,recover-20220922,001,1795
37.207499999999996,37.2441,68437,82117,Rhinolophus ferrumequinum,0.024,0.024,-1,Echolocation,/mnt/ubna_data_02_mir/recover-20220922/UBNA_001/20220921_090000.WAV,Telephone Field,recover-20220922,001,1795
37.2115,37.2198,28046,38949,Eptesicus serotinus,0.009,0.024,-1,Echolocation,/mnt/ubna_data_02_mir/recover-20220922/UBNA_001/20220921_090000.WAV,Telephone Field,recover-20220922,001,1795
37.2185,37.2574,68437,82151,Rhinolophus ferrumequinum,0.024,0.024,-1,Echolocation,/mnt/ubna_data_02_mir/recover-20220922/UBNA_001/20220921_090000.WAV,Telephone Field,recover-20220922,001,1795
37.2275,37.2387,22031,26425,Nyctalus leisleri,0.012,0.022,-1,Echolocation,/mnt/ubna_data_02_mir/recover-20220922/UBNA_001/20220921_090000.WAV,Telephone Field,recover-20220922,001,1795
37.2785,37.3124,68437,80924,Rhinolophus ferrumequinum,0.023,0.023,-1,Echolocation,/mnt/ubna_data_02_mir/recover-20220922/UBNA_001/20220921_090000.WAV,Telephone Field,recover-20220922,001,1795
37.289500000000004,37.297,23750,32044,Plecotus austriacus,0.011,0.023,-1,Echolocation,/mnt/ubna_data_02_mir/recover-20220922/UBNA_001/20220921_090000.WAV,Telephone Field,recover-20220922,001,1795
37.3185,37.327799999999996,28046,36854,Eptesicus serotinus,0.009,0.026,-1,Echolocation,/mnt/ubna_data_02_mir/recover-20220922/UBNA_001/20220921_090000.WAV,Telephone Field,recover-20220922,001,1795
37.3755,37.386,23750,29995,Nyctalus leisleri,0.011,0.025,-1,Echolocation,/mnt/ubna_data_02_mir/recover-20220922/UBNA_001/20220921_090000.WAV,Telephone Field,recover-20220922,001,1795
37.3785,37.4206,68437,82495,Rhinolophus ferrumequinum,0.023,0.023,-1,Echolocation,/mnt/ubna_data_02_mir/recover-20220922/UBNA_001/20220921_090000.WAV,Telephone Field,recover-20220922,001,1795
37.4305,37.439099999999996,23750,31792,Plecotus austriacus,0.01,0.027,-1,Echolocation,/mnt/ubna_data_02_mir/recover-20220922/UBNA_001/20220921_090000.WAV,Telephone Field,recover-20220922,001,1795
37.5175,37.5539,68437,81641,Rhinolophus ferrumequinum,0.022,0.022,-1,Echolocation,/mnt/ubna_data_02_mir/recover-20220922/UBNA_001/20220921_090000.WAV,Telephone Field,recover-20220922,001,1795
37.5305,37.5411,28046,35815,Eptesicus serotinus,0.011,0.024,-1,Echolocation,/mnt/ubna_data_02_mir/recover-20220922/UBNA_001/20220921_090000.WAV,Telephone Field,recover-20220922,001,1795
37.5495,37.5887,68437,81541,Rhinolophus ferrumequinum,0.022,0.022,-1,Echolocation,/mnt/ubna_data_02_mir/recover-20220922/UBNA_001/20220921_090000.WAV,Telephone Field,recover-20220922,001,1795
37.6165,37.6242,49531,53674,Pipistrellus pipistrellus,0.025,0.027,-1,Echolocation,/mnt/ubna_data_02_mir/recover-20220922/UBNA_001/20220921_090000.WAV,Telephone Field,recover-20220922,001,1795
37.6175,37.6597,68437,82695,Rhinolophus ferrumequinum,0.03,0.03,-1,Echolocation,/mnt/ubna_data_02_mir/recover-20220922/UBNA_001/20220921_090000.WAV,Telephone Field,recover-20220922,001,1795
37.6365,37.6566,18593,22003,Nyctalus noctula,0.013,0.022,-1,Echolocation,/mnt/ubna_data_02_mir/recover-20220922/UBNA_001/20220921_090000.WAV,Telephone Field,recover-20220922,001,1795
37.6445,37.6521,23750,31942,Plecotus austriacus,0.009,0.022,-1,Echolocation,/mnt/ubna_data_02_mir/recover-20220922/UBNA_001/20220921_090000.WAV,Telephone Field,recover-20220922,001,1795
37.6575,37.6672,28906,36556,Eptesicus serotinus,0.008,0.022,-1,Echolocation,/mnt/ubna_data_02_mir/recover-20220922/UBNA_001/20220921_090000.WAV,Telephone Field,recover-20220922,001,1795
37.6995,37.7383,68437,82046,Rhinolophus ferrumequinum,0.023,0.023,-1,Echolocation,/mnt/ubna_data_02_mir/recover-20220922/UBNA_001/20220921_090000.WAV,Telephone Field,recover-20220922,001,1795
37.7575,37.7646,25468,34652,Plecotus austriacus,0.006,0.022,-1,Echolocation,/mnt/ubna_data_02_mir/recover-20220922/UBNA_001/20220921_090000.WAV,Telephone Field,recover-20220922,001,1795
37.7635,37.8074,68437,83326,Rhinolophus ferrumequinum,0.035,0.035,-1,Echolocation,/mnt/ubna_data_02_mir/recover-20220922/UBNA_001/20220921_090000.WAV,Telephone Field,recover-20220922,001,1795
37.7955,37.8349,68437,82190,Rhinolophus ferrumequinum,0.022,0.022,-1,Echolocation,/mnt/ubna_data_02_mir/recover-20220922/UBNA_001/20220921_090000.WAV,Telephone Field,recover-20220922,001,1795
37.8515,37.8893,68437,82011,Rhinolophus ferrumequinum,0.024,0.024,-1,Echolocation,/mnt/ubna_data_02_mir/recover-20220922/UBNA_001/20220921_090000.WAV,Telephone Field,recover-20220922,001,1795
37.8555,37.863,27187,36205,Eptesicus serotinus,0.009,0.024,-1,Echolocation,/mnt/ubna_data_02_mir/recover-20220922/UBNA_001/20220921_090000.WAV,Telephone Field,recover-20220922,001,1795
37.908500000000004,37.9478,68437,81927,Rhinolophus ferrumequinum,0.022,0.022,-1,Echolocation,/mnt/ubna_data_02_mir/recover-20220922/UBNA_001/20220921_090000.WAV,Telephone Field,recover-20220922,001,1795
37.9205,37.9287,27187,42855,Eptesicus serotinus,0.008,0.022,-1,Echolocation,/mnt/ubna_data_02_mir/recover-20220922/UBNA_001/20220921_090000.WAV,Telephone Field,recover-20220922,001,1795
37.9695,37.9788,28906,38868,Eptesicus serotinus,0.01,0.029,-1,Echolocation,/mnt/ubna_data_02_mir/recover-20220922/UBNA_001/20220921_090000.WAV,Telephone Field,recover-20220922,001,1795
38.0015,38.0115,22031,27664,Nyctalus leisleri,0.025,0.052,-1,Echolocation,/mnt/ubna_data_02_mir/recover-20220922/UBNA_001/20220921_090000.WAV,Telephone Field,recover-20220922,001,1795
38.0015,38.0334,68437,80627,Rhinolophus ferrumequinum,0.024,0.024,-1,Echolocation,/mnt/ubna_data_02_mir/recover-20220922/UBNA_001/20220921_090000.WAV,Telephone Field,recover-20220922,001,1795
38.0015,38.0103,30625,36296,Barbastellus barbastellus,0.007,0.028,-1,Echolocation,/mnt/ubna_data_02_mir/recover-20220922/UBNA_001/20220921_090000.WAV,Telephone Field,recover-20220922,001,1795
38.0315,38.0394,28046,37205,Eptesicus serotinus,0.006,0.021,-1,Echolocation,/mnt/ubna_data_02_mir/recover-20220922/UBNA_001/20220921_090000.WAV,Telephone Field,recover-20220922,001,1795
38.0435,38.0525,23750,29965,Nyctalus leisleri,0.008,0.021,-1,Echolocation,/mnt/ubna_data_02_mir/recover-20220922/UBNA_001/20220921_090000.WAV,Telephone Field,recover-20220922,001,1795
38.0745,38.0839,23750,30419,Nyctalus leisleri,0.007,0.021,-1,Echolocation,/mnt/ubna_data_02_mir/recover-20220922/UBNA_001/20220921_090000.WAV,Telephone Field,recover-20220922,001,1795
38.085499999999996,38.0922,27187,39299,Eptesicus serotinus,0.005,0.021,-1,Echolocation,/mnt/ubna_data_02_mir/recover-20220922/UBNA_001/20220921_090000.WAV,Telephone Field,recover-20220922,001,1795
38.0865,38.124700000000004,68437,82352,Rhinolophus ferrumequinum,0.021,0.021,-1,Echolocation,/mnt/ubna_data_02_mir/recover-20220922/UBNA_001/20220921_090000.WAV,Telephone Field,recover-20220922,001,1795
38.0945,38.1352,68437,82884,Rhinolophus ferrumequinum,0.023,0.023,-1,Echolocation,/mnt/ubna_data_02_mir/recover-20220922/UBNA_001/20220921_090000.WAV,Telephone Field,recover-20220922,001,1795
38.1575,38.197,68437,82505,Rhinolophus ferrumequinum,0.026,0.026,-1,Echolocation,/mnt/ubna_data_02_mir/recover-20220922/UBNA_001/20220921_090000.WAV,Telephone Field,recover-20220922,001,1795
38.1575,38.1656,47812,51769,Pipistrellus pipistrellus,0.02,0.021,-1,Echolocation,/mnt/ubna_data_02_mir/recover-20220922/UBNA_001/20220921_090000.WAV,Telephone Field,recover-20220922,001,1795
38.164500000000004,38.2027,68437,82254,Rhinolophus ferrumequinum,0.022,0.022,-1,Echolocation,/mnt/ubna_data_02_mir/recover-20220922/UBNA_001/20220921_090000.WAV,Telephone Field,recover-20220922,001,1795
38.1975,38.2346,68437,81827,Rhinolophus ferrumequinum,0.021,0.021,-1,Echolocation,/mnt/ubna_data_02_mir/recover-20220922/UBNA_001/20220921_090000.WAV,Telephone Field,recover-20220922,001,1795
38.2395,38.2779,68437,81794,Rhinolophus ferrumequinum,0.02,0.021,-1,Echolocation,/mnt/ubna_data_02_mir/recover-20220922/UBNA_001/20220921_090000.WAV,Telephone Field,recover-20220922,001,1795
38.2445,38.2517,23750,32066,Plecotus austriacus,0.009,0.021,-1,Echolocation,/mnt/ubna_data_02_mir/recover-20220922/UBNA_001/20220921_090000.WAV,Telephone Field,recover-20220922,001,1795
38.2755,38.285399999999996,27187,35866,Eptesicus serotinus,0.009,0.023,-1,Echolocation,/mnt/ubna_data_02_mir/recover-20220922/UBNA_001/20220921_090000.WAV,Telephone Field,recover-20220922,001,1795
38.289500000000004,38.3024,25468,30750,Eptesicus serotinus,0.01,0.026,-1,Echolocation,/mnt/ubna_data_02_mir/recover-20220922/UBNA_001/20220921_090000.WAV,Telephone Field,recover-20220922,001,1795
38.2905,38.3272,68437,81243,Rhinolophus ferrumequinum,0.022,0.022,-1,Echolocation,/mnt/ubna_data_02_mir/recover-20220922/UBNA_001/20220921_090000.WAV,Telephone Field,recover-20220922,001,1795
38.3165,38.3554,68437,82881,Rhinolophus ferrumequinum,0.022,0.022,-1,Echolocation,/mnt/ubna_data_02_mir/recover-20220922/UBNA_001/20220921_090000.WAV,Telephone Field,recover-20220922,001,1795
38.3635,38.371,31484,42866,Myotis daubentonii,0.009,0.022,-1,Echolocation,/mnt/ubna_data_02_mir/recover-20220922/UBNA_001/20220921_090000.WAV,Telephone Field,recover-20220922,001,1795
38.3755,38.414,68437,82155,Rhinolophus ferrumequinum,0.021,0.021,-1,Echolocation,/mnt/ubna_data_02_mir/recover-20220922/UBNA_001/20220921_090000.WAV,Telephone Field,recover-20220922,001,1795
38.4095,38.4482,68437,81636,Rhinolophus ferrumequinum,0.025,0.025,-1,Echolocation,/mnt/ubna_data_02_mir/recover-20220922/UBNA_001/20220921_090000.WAV,Telephone Field,recover-20220922,001,1795
38.4155,38.4532,68437,82297,Rhinolophus ferrumequinum,0.022,0.022,-1,Echolocation,/mnt/ubna_data_02_mir/recover-20220922/UBNA_001/20220921_090000.WAV,Telephone Field,recover-20220922,001,1795
38.4185,38.4307,44375,48695,Pipistrellus pipistrellus,0.018,0.024,-1,Echolocation,/mnt/ubna_data_02_mir/recover-20220922/UBNA_001/20220921_090000.WAV,Telephone Field,recover-20220922,001,1795
38.4275,38.4374,22031,26850,Nyctalus leisleri,0.01,0.021,-1,Echolocation,/mnt/ubna_data_02_mir/recover-20220922/UBNA_001/20220921_090000.WAV,Telephone Field,recover-20220922,001,1795
38.4475,38.4861,68437,81670,Rhinolophus ferrumequinum,0.021,0.021,-1,Echolocation,/mnt/ubna_data_02_mir/recover-20220922/UBNA_001/20220921_090000.WAV,Telephone Field,recover-20220922,001,1795
38.4825,38.5194,68437,81404,Rhinolophus ferrumequinum,0.021,0.021,-1,Echolocation,/mnt/ubna_data_02_mir/recover-20220922/UBNA_001/20220921_090000.WAV,Telephone Field,recover-20220922,001,1795
38.4875,38.4978,23750,29658,Nyctalus leisleri,0.01,0.023,-1,Echolocation,/mnt/ubna_data_02_mir/recover-20220922/UBNA_001/20220921_090000.WAV,Telephone Field,recover-20220922,001,1795
38.5005,38.521100000000004,19453,22237,Nyctalus leisleri,0.013,0.021,-1,Echolocation,/mnt/ubna_data_02_mir/recover-20220922/UBNA_001/20220921_090000.WAV,Telephone Field,recover-20220922,001,1795
38.5235,38.5616,68437,82458,Rhinolophus ferrumequinum,0.022,0.022,-1,Echolocation,/mnt/ubna_data_02_mir/recover-20220922/UBNA_001/20220921_090000.WAV,Telephone Field,recover-20220922,001,1795
38.5325,38.5712,68437,81681,Rhinolophus ferrumequinum,0.022,0.022,-1,Echolocation,/mnt/ubna_data_02_mir/recover-20220922/UBNA_001/20220921_090000.WAV,Telephone Field,recover-20220922,001,1795
38.5475,38.5572,28046,38834,Eptesicus serotinus,0.009,0.022,-1,Echolocation,/mnt/ubna_data_02_mir/recover-20220922/UBNA_001/20220921_090000.WAV,Telephone Field,recover-20220922,001,1795
38.6035,38.6137,22031,27576,Nyctalus leisleri,0.009,0.022,-1,Echolocation,/mnt/ubna_data_02_mir/recover-20220922/UBNA_001/20220921_090000.WAV,Telephone Field,recover-20220922,001,1795
38.6205,38.660399999999996,68437,82006,Rhinolophus ferrumequinum,0.021,0.021,-1,Echolocation,/mnt/ubna_data_02_mir/recover-20220922/UBNA_001/20220921_090000.WAV,Telephone Field,recover-20220922,001,1795
38.6285,38.6693,68437,82911,Rhinolophus ferrumequinum,0.024,0.024,-1,Echolocation,/mnt/ubna_data_02_mir/recover-20220922/UBNA_001/20220921_090000.WAV,Telephone Field,recover-20220922,001,1795
38.6565,38.693799999999996,68437,81580,Rhinolophus ferrumequinum,0.022,0.022,-1,Echolocation,/mnt/ubna_data_02_mir/recover-20220922/UBNA_001/20220921_090000.WAV,Telephone Field,recover-20220922,001,1795
38.6605,38.6698,28906,36489,Eptesicus serotinus,0.007,0.021,-1,Echolocation,/mnt/ubna_data_02_mir/recover-20220922/UBNA_001/20220921_090000.WAV,Telephone Field,recover-20220922,001,1795
38.6665,38.7002,68437,79749,Rhinolophus ferrumequinum,0.021,0.021,-1,Echolocation,/mnt/ubna_data_02_mir/recover-20220922/UBNA_001/20220921_090000.WAV,Telephone Field,recover-20220922,001,1795
38.6815,38.7166,68437,81254,Rhinolophus ferrumequinum,0.022,0.022,-1,Echolocation,/mnt/ubna_data_02_mir/recover-20220922/UBNA_001/20220921_090000.WAV,Telephone Field,recover-20220922,001,1795
38.6925,38.7003,23750,31392,Plecotus austriacus,0.009,0.023,-1,Echolocation,/mnt/ubna_data_02_mir/recover-20220922/UBNA_001/20220921_090000.WAV,Telephone Field,recover-20220922,001,1795
38.7035,38.7436,68437,83001,Rhinolophus ferrumequinum,0.026,0.026,-1,Echolocation,/mnt/ubna_data_02_mir/recover-20220922/UBNA_001/20220921_090000.WAV,Telephone Field,recover-20220922,001,1795
38.7885,38.8271,68437,82467,Rhinolophus ferrumequinum,0.022,0.022,-1,Echolocation,/mnt/ubna_data_02_mir/recover-20220922/UBNA_001/20220921_090000.WAV,Telephone Field,recover-20220922,001,1795
38.832499999999996,38.8679,68437,80978,Rhinolophus ferrumequinum,0.02,0.021,-1,Echolocation,/mnt/ubna_data_02_mir/recover-20220922/UBNA_001/20220921_090000.WAV,Telephone Field,recover-20220922,001,1795
38.8695,38.9093,68437,82488,Rhinolophus ferrumequinum,0.041,0.041,-1,Echolocation,/mnt/ubna_data_02_mir/recover-20220922/UBNA_001/20220921_090000.WAV,Telephone Field,recover-20220922,001,1795
38.9395,38.955600000000004,22031,25727,Nyctalus leisleri,0.037,0.066,-1,Echolocation,/mnt/ubna_data_02_mir/recover-20220922/UBNA_001/20220921_090000.WAV,Telephone Field,recover-20220922,001,1795
38.9915,39.0282,68437,81672,Rhinolophus ferrumequinum,0.02,0.02,-1,Echolocation,/mnt/ubna_data_02_mir/recover-20220922/UBNA_001/20220921_090000.WAV,Telephone Field,recover-20220922,001,1795
38.9965,39.0058,22890,30006,Plecotus austriacus,0.012,0.031,-1,Echolocation,/mnt/ubna_data_02_mir/recover-20220922/UBNA_001/20220921_090000.WAV,Telephone Field,recover-20220922,001,1795
39.0905,39.1275,68437,81876,Rhinolophus ferrumequinum,0.022,0.022,-1,Echolocation,/mnt/ubna_data_02_mir/recover-20220922/UBNA_001/20220921_090000.WAV,Telephone Field,recover-20220922,001,1795
39.0925,39.1,34921,43891,Myotis daubentonii,0.009,0.024,-1,Echolocation,/mnt/ubna_data_02_mir/recover-20220922/UBNA_001/20220921_090000.WAV,Telephone Field,recover-20220922,001,1795
39.0955,39.102199999999996,26328,39902,Eptesicus serotinus,0.005,0.021,-1,Echolocation,/mnt/ubna_data_02_mir/recover-20220922/UBNA_001/20220921_090000.WAV,Telephone Field,recover-20220922,001,1795
39.1115,39.149699999999996,68437,81027,Rhinolophus ferrumequinum,0.022,0.023,-1,Echolocation,/mnt/ubna_data_02_mir/recover-20220922/UBNA_001/20220921_090000.WAV,Telephone Field,recover-20220922,001,1795
39.1235,39.1333,27187,34338,Eptesicus serotinus,0.01,0.022,-1,Echolocation,/mnt/ubna_data_02_mir/recover-20220922/UBNA_001/20220921_090000.WAV,Telephone Field,recover-20220922,001,1795
39.1365,39.1472,44375,47131,Pipistrellus pipistrellus,0.02,0.023,-1,Echolocation,/mnt/ubna_data_02_mir/recover-20220922/UBNA_001/20220921_090000.WAV,Telephone Field,recover-20220922,001,1795
39.1445,39.183099999999996,68437,82277,Rhinolophus ferrumequinum,0.022,0.022,-1,Echolocation,/mnt/ubna_data_02_mir/recover-20220922/UBNA_001/20220921_090000.WAV,Telephone Field,recover-20220922,001,1795
39.1805,39.222899999999996,68437,82723,Rhinolophus ferrumequinum,0.029,0.029,-1,Echolocation,/mnt/ubna_data_02_mir/recover-20220922/UBNA_001/20220921_090000.WAV,Telephone Field,recover-20220922,001,1795
39.2405,39.280699999999996,68437,82847,Rhinolophus ferrumequinum,0.026,0.026,-1,Echolocation,/mnt/ubna_data_02_mir/recover-20220922/UBNA_001/20220921_090000.WAV,Telephone Field,recover-20220922,001,1795
39.3305,39.3412,28046,35070,Eptesicus serotinus,0.01,0.021,-1,Echolocation,/mnt/ubna_data_02_mir/recover-20220922/UBNA_001/20220921_090000.WAV,Telephone Field,recover-20220922,001,1795
39.3575,39.3965,68437,82459,Rhinolophus ferrumequinum,0.02,0.02,-1,Echolocation,/mnt/ubna_data_02_mir/recover-20220922/UBNA_001/20220921_090000.WAV,Telephone Field,recover-20220922,001,1795
39.3735,39.4151,68437,82770,Rhinolophus ferrumequinum,0.026,0.026,-1,Echolocation,/mnt/ubna_data_02_mir/recover-20220922/UBNA_001/20220921_090000.WAV,Telephone Field,recover-20220922,001,1795
39.4755,39.4833,28046,39610,Eptesicus serotinus,0.009,0.025,-1,Echolocation,/mnt/ubna_data_02_mir/recover-20220922/UBNA_001/20220921_090000.WAV,Telephone Field,recover-20220922,001,1795
39.4975,39.5344,68437,81766,Rhinolophus ferrumequinum,0.021,0.021,-1,Echolocation,/mnt/ubna_data_02_mir/recover-20220922/UBNA_001/20220921_090000.WAV,Telephone Field,recover-20220922,001,1795
39.5215,39.5605,68437,82436,Rhinolophus ferrumequinum,0.021,0.022,-1,Echolocation,/mnt/ubna_data_02_mir/recover-20220922/UBNA_001/20220921_090000.WAV,Telephone Field,recover-20220922,001,1795
39.5265,39.5357,27187,35802,Eptesicus serotinus,0.01,0.022,-1,Echolocation,/mnt/ubna_data_02_mir/recover-20220922/UBNA_001/20220921_090000.WAV,Telephone Field,recover-20220922,001,1795
39.539500000000004,39.5791,68437,82411,Rhinolophus ferrumequinum,0.027,0.027,-1,Echolocation,/mnt/ubna_data_02_mir/recover-20220922/UBNA_001/20220921_090000.WAV,Telephone Field,recover-20220922,001,1795
39.6025,39.6421,68437,82276,Rhinolophus ferrumequinum,0.022,0.022,-1,Echolocation,/mnt/ubna_data_02_mir/recover-20220922/UBNA_001/20220921_090000.WAV,Telephone Field,recover-20220922,001,1795
39.6115,39.6516,68437,82755,Rhinolophus ferrumequinum,0.021,0.021,-1,Echolocation,/mnt/ubna_data_02_mir/recover-20220922/UBNA_001/20220921_090000.WAV,Telephone Field,recover-20220922,001,1795
39.6285,39.6404,22890,28053,Nyctalus leisleri,0.013,0.026,-1,Echolocation,/mnt/ubna_data_02_mir/recover-20220922/UBNA_001/20220921_090000.WAV,Telephone Field,recover-20220922,001,1795
39.6355,39.6768,68437,83070,Rhinolophus ferrumequinum,0.031,0.031,-1,Echolocation,/mnt/ubna_data_02_mir/recover-20220922/UBNA_001/20220921_090000.WAV,Telephone Field,recover-20220922,001,1795
39.670500000000004,39.68,42656,45703,Pipistrellus pipistrellus,0.018,0.021,-1,Echolocation,/mnt/ubna_data_02_mir/recover-20220922/UBNA_001/20220921_090000.WAV,Telephone Field,recover-20220922,001,1795
39.670500000000004,39.6794,27187,38456,Eptesicus serotinus,0.008,0.02,-1,Echolocation,/mnt/ubna_data_02_mir/recover-20220922/UBNA_001/20220921_090000.WAV,Telephone Field,recover-20220922,001,1795
39.6875,39.7269,68437,82468,Rhinolophus ferrumequinum,0.023,0.023,-1,Echolocation,/mnt/ubna_data_02_mir/recover-20220922/UBNA_001/20220921_090000.WAV,Telephone Field,recover-20220922,001,1795
39.7475,39.7578,28046,35938,Eptesicus serotinus,0.014,0.028,-1,Echolocation,/mnt/ubna_data_02_mir/recover-20220922/UBNA_001/20220921_090000.WAV,Telephone Field,recover-20220922,001,1795
39.7515,39.7904,68437,81773,Rhinolophus ferrumequinum,0.021,0.021,-1,Echolocation,/mnt/ubna_data_02_mir/recover-20220922/UBNA_001/20220921_090000.WAV,Telephone Field,recover-20220922,001,1795
39.7715,39.8064,68437,81300,Rhinolophus ferrumequinum,0.02,0.02,-1,Echolocation,/mnt/ubna_data_02_mir/recover-20220922/UBNA_001/20220921_090000.WAV,Telephone Field,recover-20220922,001,1795
39.8335,39.8423,28046,36669,Eptesicus serotinus,0.009,0.024,-1,Echolocation,/mnt/ubna_data_02_mir/recover-20220922/UBNA_001/20220921_090000.WAV,Telephone Field,recover-20220922,001,1795
39.8655,39.8752,28046,39958,Eptesicus serotinus,0.008,0.021,-1,Echolocation,/mnt/ubna_data_02_mir/recover-20220922/UBNA_001/20220921_090000.WAV,Telephone Field,recover-20220922,001,1795
39.8725,39.8822,28046,36702,Eptesicus serotinus,0.009,0.021,-1,Echolocation,/mnt/ubna_data_02_mir/recover-20220922/UBNA_001/20220921_090000.WAV,Telephone Field,recover-20220922,001,1795
39.8735,39.911,68437,81479,Rhinolophus ferrumequinum,0.022,0.022,-1,Echolocation,/mnt/ubna_data_02_mir/recover-20220922/UBNA_001/20220921_090000.WAV,Telephone Field,recover-20220922,001,1795
39.8945,39.9305,68437,81830,Rhinolophus ferrumequinum,0.021,0.021,-1,Echolocation,/mnt/ubna_data_02_mir/recover-20220922/UBNA_001/20220921_090000.WAV,Telephone Field,recover-20220922,001,1795
39.9025,39.9403,68437,81994,Rhinolophus ferrumequinum,0.022,0.022,-1,Echolocation,/mnt/ubna_data_02_mir/recover-20220922/UBNA_001/20220921_090000.WAV,Telephone Field,recover-20220922,001,1795
39.923500000000004,39.9311,48671,56981,Pipistrellus pipistrellus,0.024,0.027,-1,Echolocation,/mnt/ubna_data_02_mir/recover-20220922/UBNA_001/20220921_090000.WAV,Telephone Field,recover-20220922,001,1795
39.926500000000004,39.968199999999996,68437,82596,Rhinolophus ferrumequinum,0.022,0.022,-1,Echolocation,/mnt/ubna_data_02_mir/recover-20220922/UBNA_001/20220921_090000.WAV,Telephone Field,recover-20220922,001,1795
39.9355,39.9446,28046,36017,Eptesicus serotinus,0.008,0.02,-1,Echolocation,/mnt/ubna_data_02_mir/recover-20220922/UBNA_001/20220921_090000.WAV,Telephone Field,recover-20220922,001,1795
39.9785,39.9906,22890,27480,Nyctalus leisleri,0.012,0.022,-1,Echolocation,/mnt/ubna_data_02_mir/recover-20220922/UBNA_001/20220921_090000.WAV,Telephone Field,recover-20220922,001,1795
40.0015,40.0084,25468,36492,Plecotus austriacus,0.006,0.027,-1,Echolocation,/mnt/ubna_data_02_mir/recover-20220922/UBNA_001/20220921_090000.WAV,Telephone Field,recover-20220922,001,1795
40.0015,40.0096,48671,56001,Pipistrellus pipistrellus,0.015,0.022,-1,Echolocation,/mnt/ubna_data_02_mir/recover-20220922/UBNA_001/20220921_090000.WAV,Telephone Field,recover-20220922,001,1795
40.0015,40.0351,68437,80565,Rhinolophus ferrumequinum,0.032,0.033,-1,Echolocation,/mnt/ubna_data_02_mir/recover-20220922/UBNA_001/20220921_090000.WAV,Telephone Field,recover-20220922,001,1795
40.0095,40.0544,68437,82709,Rhinolophus ferrumequinum,0.022,0.022,-1,Echolocation,/mnt/ubna_data_02_mir/recover-20220922/UBNA_001/20220921_090000.WAV,Telephone Field,recover-20220922,001,1795
40.0325,40.0676,68437,81495,Rhinolophus ferrumequinum,0.021,0.021,-1,Echolocation,/mnt/ubna_data_02_mir/recover-20220922/UBNA_001/20220921_090000.WAV,Telephone Field,recover-20220922,001,1795
40.0345,40.0407,28046,41985,Eptesicus serotinus,0.007,0.033,-1,Echolocation,/mnt/ubna_data_02_mir/recover-20220922/UBNA_001/20220921_090000.WAV,Telephone Field,recover-20220922,001,1795
40.0635,40.1045,68437,83059,Rhinolophus ferrumequinum,0.028,0.028,-1,Echolocation,/mnt/ubna_data_02_mir/recover-20220922/UBNA_001/20220921_090000.WAV,Telephone Field,recover-20220922,001,1795
40.1435,40.1828,68437,81995,Rhinolophus ferrumequinum,0.023,0.023,-1,Echolocation,/mnt/ubna_data_02_mir/recover-20220922/UBNA_001/20220921_090000.WAV,Telephone Field,recover-20220922,001,1795
40.2095,40.249700000000004,68437,82648,Rhinolophus ferrumequinum,0.027,0.028,-1,Echolocation,/mnt/ubna_data_02_mir/recover-20220922/UBNA_001/20220921_090000.WAV,Telephone Field,recover-20220922,001,1795
40.2295,40.2655,68437,81145,Rhinolophus ferrumequinum,0.023,0.023,-1,Echolocation,/mnt/ubna_data_02_mir/recover-20220922/UBNA_001/20220921_090000.WAV,Telephone Field,recover-20220922,001,1795
40.2675,40.3033,68437,81663,Rhinolophus ferrumequinum,0.023,0.023,-1,Echolocation,/mnt/ubna_data_02_mir/recover-20220922/UBNA_001/20220921_090000.WAV,Telephone Field,recover-20220922,001,1795
40.2765,40.2828,24609,34223,Plecotus austriacus,0.013,0.029,-1,Echolocation,/mnt/ubna_data_02_mir/recover-20220922/UBNA_001/20220921_090000.WAV,Telephone Field,recover-20220922,001,1795
40.3135,40.3526,68437,82169,Rhinolophus ferrumequinum,0.025,0.026,-1,Echolocation,/mnt/ubna_data_02_mir/recover-20220922/UBNA_001/20220921_090000.WAV,Telephone Field,recover-20220922,001,1795
40.3535,40.3643,28046,35856,Eptesicus serotinus,0.013,0.028,-1,Echolocation,/mnt/ubna_data_02_mir/recover-20220922/UBNA_001/20220921_090000.WAV,Telephone Field,recover-20220922,001,1795
40.3875,40.3954,38359,49675,Myotis daubentonii,0.005,0.021,-1,Echolocation,/mnt/ubna_data_02_mir/recover-20220922/UBNA_001/20220921_090000.WAV,Telephone Field,recover-20220922,001,1795
40.3885,40.3962,28046,39198,Eptesicus serotinus,0.006,0.022,-1,Echolocation,/mnt/ubna_data_02_mir/recover-20220922/UBNA_001/20220921_090000.WAV,Telephone Field,recover-20220922,001,1795
40.4005,40.4064,48671,53478,Pipistrellus pipistrellus,0.028,0.03,-1,Echolocation,/mnt/ubna_data_02_mir/recover-20220922/UBNA_001/20220921_090000.WAV,Telephone Field,recover-20220922,001,1795
40.4355,40.4731,68437,81895,Rhinolophus ferrumequinum,0.023,0.023,-1,Echolocation,/mnt/ubna_data_02_mir/recover-20220922/UBNA_001/20220921_090000.WAV,Telephone Field,recover-20220922,001,1795
40.4475,40.4548,27187,38868,Eptesicus serotinus,0.007,0.024,-1,Echolocation,/mnt/ubna_data_02_mir/recover-20220922/UBNA_001/20220921_090000.WAV,Telephone Field,recover-20220922,001,1795
40.4585,40.468,28046,35863,Eptesicus serotinus,0.009,0.022,-1,Echolocation,/mnt/ubna_data_02_mir/recover-20220922/UBNA_001/20220921_090000.WAV,Telephone Field,recover-20220922,001,1795
40.4975,40.5352,68437,82517,Rhinolophus ferrumequinum,0.021,0.021,-1,Echolocation,/mnt/ubna_data_02_mir/recover-20220922/UBNA_001/20220921_090000.WAV,Telephone Field,recover-20220922,001,1795
40.5185,40.5261,23750,32082,Plecotus austriacus,0.011,0.024,-1,Echolocation,/mnt/ubna_data_02_mir/recover-20220922/UBNA_001/20220921_090000.WAV,Telephone Field,recover-20220922,001,1795
40.5325,40.542500000000004,22890,28300,Nyctalus leisleri,0.009,0.023,-1,Echolocation,/mnt/ubna_data_02_mir/recover-20220922/UBNA_001/20220921_090000.WAV,Telephone Field,recover-20220922,001,1795
40.5715,40.6085,68437,81671,Rhinolophus ferrumequinum,0.024,0.024,-1,Echolocation,/mnt/ubna_data_02_mir/recover-20220922/UBNA_001/20220921_090000.WAV,Telephone Field,recover-20220922,001,1795
40.6345,40.643,28906,36850,Eptesicus serotinus,0.007,0.021,-1,Echolocation,/mnt/ubna_data_02_mir/recover-20220922/UBNA_001/20220921_090000.WAV,Telephone Field,recover-20220922,001,1795
40.6455,40.6846,68437,82162,Rhinolophus ferrumequinum,0.021,0.021,-1,Echolocation,/mnt/ubna_data_02_mir/recover-20220922/UBNA_001/20220921_090000.WAV,Telephone Field,recover-20220922,001,1795
40.6595,40.6688,28906,36283,Eptesicus serotinus,0.011,0.028,-1,Echolocation,/mnt/ubna_data_02_mir/recover-20220922/UBNA_001/20220921_090000.WAV,Telephone Field,recover-20220922,001,1795
40.6745,40.7158,68437,82754,Rhinolophus ferrumequinum,0.025,0.025,-1,Echolocation,/mnt/ubna_data_02_mir/recover-20220922/UBNA_001/20220921_090000.WAV,Telephone Field,recover-20220922,001,1795
40.6995,40.740700000000004,68437,82577,Rhinolophus ferrumequinum,0.022,0.022,-1,Echolocation,/mnt/ubna_data_02_mir/recover-20220922/UBNA_001/20220921_090000.WAV,Telephone Field,recover-20220922,001,1795
40.7035,40.711,27187,36488,Eptesicus serotinus,0.008,0.022,-1,Echolocation,/mnt/ubna_data_02_mir/recover-20220922/UBNA_001/20220921_090000.WAV,Telephone Field,recover-20220922,001,1795
40.7175,40.7549,68437,82124,Rhinolophus ferrumequinum,0.023,0.023,-1,Echolocation,/mnt/ubna_data_02_mir/recover-20220922/UBNA_001/20220921_090000.WAV,Telephone Field,recover-20220922,001,1795
40.7265,40.7365,23750,29707,Nyctalus leisleri,0.008,0.021,-1,Echolocation,/mnt/ubna_data_02_mir/recover-20220922/UBNA_001/20220921_090000.WAV,Telephone Field,recover-20220922,001,1795
40.7735,40.813,68437,82446,Rhinolophus ferrumequinum,0.022,0.022,-1,Echolocation,/mnt/ubna_data_02_mir/recover-20220922/UBNA_001/20220921_090000.WAV,Telephone Field,recover-20220922,001,1795
40.7755,40.785399999999996,36640,44824,Pipistrellus nathusii,0.015,0.03,-1,Echolocation,/mnt/ubna_data_02_mir/recover-20220922/UBNA_001/20220921_090000.WAV,Telephone Field,recover-20220922,001,1795
40.789500000000004,40.7968,24609,33649,Plecotus austriacus,0.008,0.025,-1,Echolocation,/mnt/ubna_data_02_mir/recover-20220922/UBNA_001/20220921_090000.WAV,Telephone Field,recover-20220922,001,1795
40.8465,40.8867,68437,81814,Rhinolophus ferrumequinum,0.024,0.024,-1,Echolocation,/mnt/ubna_data_02_mir/recover-20220922/UBNA_001/20220921_090000.WAV,Telephone Field,recover-20220922,001,1795
40.8545,40.8621,27187,38284,Eptesicus serotinus,0.007,0.024,-1,Echolocation,/mnt/ubna_data_02_mir/recover-20220922/UBNA_001/20220921_090000.WAV,Telephone Field,recover-20220922,001,1795
40.8945,40.902100000000004,27187,43761,Eptesicus serotinus,0.007,0.021,-1,Echolocation,/mnt/ubna_data_02_mir/recover-20220922/UBNA_001/20220921_090000.WAV,Telephone Field,recover-20220922,001,1795
40.8955,40.902,31484,49089,Myotis daubentonii,0.009,0.021,-1,Echolocation,/mnt/ubna_data_02_mir/recover-20220922/UBNA_001/20220921_090000.WAV,Telephone Field,recover-20220922,001,1795
40.908500000000004,40.9185,29765,36336,Eptesicus serotinus,0.012,0.026,-1,Echolocation,/mnt/ubna_data_02_mir/recover-20220922/UBNA_001/20220921_090000.WAV,Telephone Field,recover-20220922,001,1795
40.9435,40.9781,68437,80869,Rhinolophus ferrumequinum,0.021,0.021,-1,Echolocation,/mnt/ubna_data_02_mir/recover-20220922/UBNA_001/20220921_090000.WAV,Telephone Field,recover-20220922,001,1795
40.948499999999996,40.9658,22031,25667,Nyctalus leisleri,0.019,0.031,-1,Echolocation,/mnt/ubna_data_02_mir/recover-20220922/UBNA_001/20220921_090000.WAV,Telephone Field,recover-20220922,001,1795
40.966499999999996,41.0019,68437,81272,Rhinolophus ferrumequinum,0.022,0.022,-1,Echolocation,/mnt/ubna_data_02_mir/recover-20220922/UBNA_001/20220921_090000.WAV,Telephone Field,recover-20220922,001,1795
40.9765,40.9858,22031,27536,Plecotus austriacus,0.008,0.021,-1,Echolocation,/mnt/ubna_data_02_mir/recover-20220922/UBNA_001/20220921_090000.WAV,Telephone Field,recover-20220922,001,1795
40.9935,41.0041,23750,29657,Nyctalus leisleri,0.012,0.027,-1,Echolocation,/mnt/ubna_data_02_mir/recover-20220922/UBNA_001/20220921_090000.WAV,Telephone Field,recover-20220922,001,1795
41.042500000000004,41.0503,27187,35789,Eptesicus serotinus,0.009,0.024,-1,Echolocation,/mnt/ubna_data_02_mir/recover-20220922/UBNA_001/20220921_090000.WAV,Telephone Field,recover-20220922,001,1795
41.0525,41.0936,68437,82861,Rhinolophus ferrumequinum,0.021,0.021,-1,Echolocation,/mnt/ubna_data_02_mir/recover-20220922/UBNA_001/20220921_090000.WAV,Telephone Field,recover-20220922,001,1795
41.0525,41.064,22031,26078,Nyctalus leisleri,0.014,0.025,-1,Echolocation,/mnt/ubna_data_02_mir/recover-20220922/UBNA_001/20220921_090000.WAV,Telephone Field,recover-20220922,001,1795
41.0605,41.0995,68437,81985,Rhinolophus ferrumequinum,0.022,0.022,-1,Echolocation,/mnt/ubna_data_02_mir/recover-20220922/UBNA_001/20220921_090000.WAV,Telephone Field,recover-20220922,001,1795
41.0635,41.0801,20312,23355,Nyctalus leisleri,0.014,0.021,-1,Echolocation,/mnt/ubna_data_02_mir/recover-20220922/UBNA_001/20220921_090000.WAV,Telephone Field,recover-20220922,001,1795
41.0805,41.0897,28046,36879,Eptesicus serotinus,0.015,0.031,-1,Echolocation,/mnt/ubna_data_02_mir/recover-20220922/UBNA_001/20220921_090000.WAV,Telephone Field,recover-20220922,001,1795
41.1205,41.1591,68437,81640,Rhinolophus ferrumequinum,0.023,0.023,-1,Echolocation,/mnt/ubna_data_02_mir/recover-20220922/UBNA_001/20220921_090000.WAV,Telephone Field,recover-20220922,001,1795
41.1395,41.1746,68437,81157,Rhinolophus ferrumequinum,0.022,0.022,-1,Echolocation,/mnt/ubna_data_02_mir/recover-20220922/UBNA_001/20220921_090000.WAV,Telephone Field,recover-20220922,001,1795
41.1575,41.1654,28046,37031,Eptesicus serotinus,0.014,0.035,-1,Echolocation,/mnt/ubna_data_02_mir/recover-20220922/UBNA_001/20220921_090000.WAV,Telephone Field,recover-20220922,001,1795
41.1865,41.2277,68437,82072,Rhinolophus ferrumequinum,0.025,0.025,-1,Echolocation,/mnt/ubna_data_02_mir/recover-20220922/UBNA_001/20220921_090000.WAV,Telephone Field,recover-20220922,001,1795
41.1935,41.233599999999996,68437,81792,Rhinolophus ferrumequinum,0.024,0.024,-1,Echolocation,/mnt/ubna_data_02_mir/recover-20220922/UBNA_001/20220921_090000.WAV,Telephone Field,recover-20220922,001,1795
41.2515,41.292500000000004,68437,82743,Rhinolophus ferrumequinum,0.029,0.029,-1,Echolocation,/mnt/ubna_data_02_mir/recover-20220922/UBNA_001/20220921_090000.WAV,Telephone Field,recover-20220922,001,1795
41.2685,41.3107,68437,82957,Rhinolophus ferrumequinum,0.029,0.029,-1,Echolocation,/mnt/ubna_data_02_mir/recover-20220922/UBNA_001/20220921_090000.WAV,Telephone Field,recover-20220922,001,1795
41.2775,41.2896,22890,27639,Nyctalus leisleri,0.012,0.022,-1,Echolocation,/mnt/ubna_data_02_mir/recover-20220922/UBNA_001/20220921_090000.WAV,Telephone Field,recover-20220922,001,1795
41.283500000000004,41.2937,23750,29953,Nyctalus leisleri,0.009,0.023,-1,Echolocation,/mnt/ubna_data_02_mir/recover-20220922/UBNA_001/20220921_090000.WAV,Telephone Field,recover-20220922,001,1795
41.298500000000004,41.3095,28906,35368,Eptesicus serotinus,0.018,0.032,-1,Echolocation,/mnt/ubna_data_02_mir/recover-20220922/UBNA_001/20220921_090000.WAV,Telephone Field,recover-20220922,001,1795
41.3005,41.337199999999996,68437,81426,Rhinolophus ferrumequinum,0.021,0.021,-1,Echolocation,/mnt/ubna_data_02_mir/recover-20220922/UBNA_001/20220921_090000.WAV,Telephone Field,recover-20220922,001,1795
41.3085,41.3472,68437,81853,Rhinolophus ferrumequinum,0.021,0.021,-1,Echolocation,/mnt/ubna_data_02_mir/recover-20220922/UBNA_001/20220921_090000.WAV,Telephone Field,recover-20220922,001,1795
41.3575,41.3965,68437,81822,Rhinolophus ferrumequinum,0.021,0.021,-1,Echolocation,/mnt/ubna_data_02_mir/recover-20220922/UBNA_001/20220921_090000.WAV,Telephone Field,recover-20220922,001,1795
41.3805,41.4184,68437,82000,Rhinolophus ferrumequinum,0.022,0.022,-1,Echolocation,/mnt/ubna_data_02_mir/recover-20220922/UBNA_001/20220921_090000.WAV,Telephone Field,recover-20220922,001,1795
41.4095,41.4484,68437,81775,Rhinolophus ferrumequinum,0.022,0.022,-1,Echolocation,/mnt/ubna_data_02_mir/recover-20220922/UBNA_001/20220921_090000.WAV,Telephone Field,recover-20220922,001,1795
41.4275,41.4367,27187,39262,Eptesicus serotinus,0.009,0.024,-1,Echolocation,/mnt/ubna_data_02_mir/recover-20220922/UBNA_001/20220921_090000.WAV,Telephone Field,recover-20220922,001,1795
41.4505,41.4901,68437,82752,Rhinolophus ferrumequinum,0.027,0.027,-1,Echolocation,/mnt/ubna_data_02_mir/recover-20220922/UBNA_001/20220921_090000.WAV,Telephone Field,recover-20220922,001,1795
41.457499999999996,41.4667,28046,36028,Eptesicus serotinus,0.009,0.023,-1,Echolocation,/mnt/ubna_data_02_mir/recover-20220922/UBNA_001/20220921_090000.WAV,Telephone Field,recover-20220922,001,1795
41.4705,41.5125,68437,82482,Rhinolophus ferrumequinum,0.023,0.023,-1,Echolocation,/mnt/ubna_data_02_mir/recover-20220922/UBNA_001/20220921_090000.WAV,Telephone Field,recover-20220922,001,1795
41.5185,41.5572,68437,82059,Rhinolophus ferrumequinum,0.027,0.027,-1,Echolocation,/mnt/ubna_data_02_mir/recover-20220922/UBNA_001/20220921_090000.WAV,Telephone Field,recover-20220922,001,1795
41.5315,41.5409,24609,31401,Nyctalus leisleri,0.008,0.022,-1,Echolocation,/mnt/ubna_data_02_mir/recover-20220922/UBNA_001/20220921_090000.WAV,Telephone Field,recover-20220922,001,1795
41.548500000000004,41.5548,27187,37608,Eptesicus serotinus,0.01,0.033,-1,Echolocation,/mnt/ubna_data_02_mir/recover-20220922/UBNA_001/20220921_090000.WAV,Telephone Field,recover-20220922,001,1795
41.5555,41.5957,68437,81833,Rhinolophus ferrumequinum,0.021,0.021,-1,Echolocation,/mnt/ubna_data_02_mir/recover-20220922/UBNA_001/20220921_090000.WAV,Telephone Field,recover-20220922,001,1795
41.5755,41.5832,28046,39978,Eptesicus serotinus,0.008,0.022,-1,Echolocation,/mnt/ubna_data_02_mir/recover-20220922/UBNA_001/20220921_090000.WAV,Telephone Field,recover-20220922,001,1795
41.5755,41.5821,34921,42417,Myotis daubentonii,0.007,0.022,-1,Echolocation,/mnt/ubna_data_02_mir/recover-20220922/UBNA_001/20220921_090000.WAV,Telephone Field,recover-20220922,001,1795
41.6015,41.6392,68437,81989,Rhinolophus ferrumequinum,0.021,0.021,-1,Echolocation,/mnt/ubna_data_02_mir/recover-20220922/UBNA_001/20220921_090000.WAV,Telephone Field,recover-20220922,001,1795
41.6055,41.6112,34921,45303,Myotis daubentonii,0.008,0.022,-1,Echolocation,/mnt/ubna_data_02_mir/recover-20220922/UBNA_001/20220921_090000.WAV,Telephone Field,recover-20220922,001,1795
41.6075,41.6152,28046,40077,Eptesicus serotinus,0.009,0.026,-1,Echolocation,/mnt/ubna_data_02_mir/recover-20220922/UBNA_001/20220921_090000.WAV,Telephone Field,recover-20220922,001,1795
41.6295,41.6686,68437,82279,Rhinolophus ferrumequinum,0.023,0.023,-1,Echolocation,/mnt/ubna_data_02_mir/recover-20220922/UBNA_001/20220921_090000.WAV,Telephone Field,recover-20220922,001,1795
41.6305,41.637299999999996,27187,40195,Eptesicus serotinus,0.005,0.023,-1,Echolocation,/mnt/ubna_data_02_mir/recover-20220922/UBNA_001/20220921_090000.WAV,Telephone Field,recover-20220922,001,1795
41.6365,41.6775,68437,82636,Rhinolophus ferrumequinum,0.023,0.023,-1,Echolocation,/mnt/ubna_data_02_mir/recover-20220922/UBNA_001/20220921_090000.WAV,Telephone Field,recover-20220922,001,1795
41.6425,41.6839,68437,82938,Rhinolophus ferrumequinum,0.025,0.025,-1,Echolocation,/mnt/ubna_data_02_mir/recover-20220922/UBNA_001/20220921_090000.WAV,Telephone Field,recover-20220922,001,1795
41.6475,41.653999999999996,27187,41511,Eptesicus serotinus,0.006,0.021,-1,Echolocation,/mnt/ubna_data_02_mir/recover-20220922/UBNA_001/20220921_090000.WAV,Telephone Field,recover-20220922,001,1795
41.6475,41.6533,32343,44911,Myotis daubentonii,0.01,0.021,-1,Echolocation,/mnt/ubna_data_02_mir/recover-20220922/UBNA_001/20220921_090000.WAV,Telephone Field,recover-20220922,001,1795
41.6775,41.7156,68437,82556,Rhinolophus ferrumequinum,0.021,0.021,-1,Echolocation,/mnt/ubna_data_02_mir/recover-20220922/UBNA_001/20220921_090000.WAV,Telephone Field,recover-20220922,001,1795
41.6875,41.7251,68437,81910,Rhinolophus ferrumequinum,0.021,0.021,-1,Echolocation,/mnt/ubna_data_02_mir/recover-20220922/UBNA_001/20220921_090000.WAV,Telephone Field,recover-20220922,001,1795
41.7225,41.7353,28906,34219,Eptesicus serotinus,0.03,0.051,-1,Echolocation,/mnt/ubna_data_02_mir/recover-20220922/UBNA_001/20220921_090000.WAV,Telephone Field,recover-20220922,001,1795
41.7645,41.7729,22890,29753,Plecotus austriacus,0.008,0.022,-1,Echolocation,/mnt/ubna_data_02_mir/recover-20220922/UBNA_001/20220921_090000.WAV,Telephone Field,recover-20220922,001,1795
41.7855,41.7941,26328,33633,Eptesicus serotinus,0.009,0.024,-1,Echolocation,/mnt/ubna_data_02_mir/recover-20220922/UBNA_001/20220921_090000.WAV,Telephone Field,recover-20220922,001,1795
41.8195,41.8587,68437,82425,Rhinolophus ferrumequinum,0.021,0.021,-1,Echolocation,/mnt/ubna_data_02_mir/recover-20220922/UBNA_001/20220921_090000.WAV,Telephone Field,recover-20220922,001,1795
41.8515,41.8595,28046,37239,Eptesicus serotinus,0.008,0.023,-1,Echolocation,/mnt/ubna_data_02_mir/recover-20220922/UBNA_001/20220921_090000.WAV,Telephone Field,recover-20220922,001,1795
41.8525,41.863,22031,27380,Nyctalus leisleri,0.01,0.024,-1,Echolocation,/mnt/ubna_data_02_mir/recover-20220922/UBNA_001/20220921_090000.WAV,Telephone Field,recover-20220922,001,1795
41.8535,41.8877,68437,81414,Rhinolophus ferrumequinum,0.021,0.021,-1,Echolocation,/mnt/ubna_data_02_mir/recover-20220922/UBNA_001/20220921_090000.WAV,Telephone Field,recover-20220922,001,1795
41.8625,41.9042,68437,82711,Rhinolophus ferrumequinum,0.026,0.026,-1,Echolocation,/mnt/ubna_data_02_mir/recover-20220922/UBNA_001/20220921_090000.WAV,Telephone Field,recover-20220922,001,1795
41.9095,41.918,28046,38524,Eptesicus serotinus,0.01,0.023,-1,Echolocation,/mnt/ubna_data_02_mir/recover-20220922/UBNA_001/20220921_090000.WAV,Telephone Field,recover-20220922,001,1795
41.9185,41.9258,27187,39510,Eptesicus serotinus,0.007,0.023,-1,Echolocation,/mnt/ubna_data_02_mir/recover-20220922/UBNA_001/20220921_090000.WAV,Telephone Field,recover-20220922,001,1795
41.9675,41.9776,22031,27430,Nyctalus leisleri,0.009,0.021,-1,Echolocation,/mnt/ubna_data_02_mir/recover-20220922/UBNA_001/20220921_090000.WAV,Telephone Field,recover-20220922,001,1795
42.0015,42.0092,25468,36754,Nyctalus leisleri,0.006,0.025,-1,Echolocation,/mnt/ubna_data_02_mir/recover-20220922/UBNA_001/20220921_090000.WAV,Telephone Field,recover-20220922,001,1795
42.0015,42.0304,69296,81011,Rhinolophus ferrumequinum,0.041,0.041,-1,Echolocation,/mnt/ubna_data_02_mir/recover-20220922/UBNA_001/20220921_090000.WAV,Telephone Field,recover-20220922,001,1795
42.0245,42.0623,68437,82226,Rhinolophus ferrumequinum,0.024,0.024,-1,Echolocation,/mnt/ubna_data_02_mir/recover-20220922/UBNA_001/20220921_090000.WAV,Telephone Field,recover-20220922,001,1795
42.0245,42.0326,27187,38779,Eptesicus serotinus,0.007,0.022,-1,Echolocation,/mnt/ubna_data_02_mir/recover-20220922/UBNA_001/20220921_090000.WAV,Telephone Field,recover-20220922,001,1795
42.0305,42.039500000000004,25468,33710,Eptesicus serotinus,0.009,0.022,-1,Echolocation,/mnt/ubna_data_02_mir/recover-20220922/UBNA_001/20220921_090000.WAV,Telephone Field,recover-20220922,001,1795
42.0315,42.069900000000004,68437,82042,Rhinolophus ferrumequinum,0.022,0.022,-1,Echolocation,/mnt/ubna_data_02_mir/recover-20220922/UBNA_001/20220921_090000.WAV,Telephone Field,recover-20220922,001,1795
42.0565,42.0754,18593,21026,Nyctalus noctula,0.01,0.021,-1,Echolocation,/mnt/ubna_data_02_mir/recover-20220922/UBNA_001/20220921_090000.WAV,Telephone Field,recover-20220922,001,1795
42.0605,42.0707,28046,35861,Eptesicus serotinus,0.01,0.022,-1,Echolocation,/mnt/ubna_data_02_mir/recover-20220922/UBNA_001/20220921_090000.WAV,Telephone Field,recover-20220922,001,1795
42.0675,42.1077,68437,82584,Rhinolophus ferrumequinum,0.028,0.028,-1,Echolocation,/mnt/ubna_data_02_mir/recover-20220922/UBNA_001/20220921_090000.WAV,Telephone Field,recover-20220922,001,1795
42.0995,42.137,68437,81813,Rhinolophus ferrumequinum,0.021,0.021,-1,Echolocation,/mnt/ubna_data_02_mir/recover-20220922/UBNA_001/20220921_090000.WAV,Telephone Field,recover-20220922,001,1795
42.1085,42.1463,68437,81975,Rhinolophus ferrumequinum,0.024,0.024,-1,Echolocation,/mnt/ubna_data_02_mir/recover-20220922/UBNA_001/20220921_090000.WAV,Telephone Field,recover-20220922,001,1795
42.1495,42.1605,27187,34297,Eptesicus serotinus,0.022,0.037,-1,Echolocation,/mnt/ubna_data_02_mir/recover-20220922/UBNA_001/20220921_090000.WAV,Telephone Field,recover-20220922,001,1795
42.1665,42.2053,68437,82721,Rhinolophus ferrumequinum,0.031,0.031,-1,Echolocation,/mnt/ubna_data_02_mir/recover-20220922/UBNA_001/20220921_090000.WAV,Telephone Field,recover-20220922,001,1795
42.1785,42.2176,68437,82105,Rhinolophus ferrumequinum,0.021,0.021,-1,Echolocation,/mnt/ubna_data_02_mir/recover-20220922/UBNA_001/20220921_090000.WAV,Telephone Field,recover-20220922,001,1795
42.2035,42.2106,29765,41529,Myotis daubentonii,0.007,0.02,-1,Echolocation,/mnt/ubna_data_02_mir/recover-20220922/UBNA_001/20220921_090000.WAV,Telephone Field,recover-20220922,001,1795
42.2255,42.2662,68437,82267,Rhinolophus ferrumequinum,0.026,0.026,-1,Echolocation,/mnt/ubna_data_02_mir/recover-20220922/UBNA_001/20220921_090000.WAV,Telephone Field,recover-20220922,001,1795
42.2535,42.2899,68437,81540,Rhinolophus ferrumequinum,0.021,0.021,-1,Echolocation,/mnt/ubna_data_02_mir/recover-20220922/UBNA_001/20220921_090000.WAV,Telephone Field,recover-20220922,001,1795
42.289500000000004,42.2971,31484,40601,Myotis daubentonii,0.009,0.023,-1,Echolocation,/mnt/ubna_data_02_mir/recover-20220922/UBNA_001/20220921_090000.WAV,Telephone Field,recover-20220922,001,1795
42.3055,42.3433,68437,82024,Rhinolophus ferrumequinum,0.022,0.022,-1,Echolocation,/mnt/ubna_data_02_mir/recover-20220922/UBNA_001/20220921_090000.WAV,Telephone Field,recover-20220922,001,1795
42.3395,42.3787,68437,82506,Rhinolophus ferrumequinum,0.025,0.025,-1,Echolocation,/mnt/ubna_data_02_mir/recover-20220922/UBNA_001/20220921_090000.WAV,Telephone Field,recover-20220922,001,1795
42.3625,42.397800000000004,68437,81562,Rhinolophus ferrumequinum,0.028,0.028,-1,Echolocation,/mnt/ubna_data_02_mir/recover-20220922/UBNA_001/20220921_090000.WAV,Telephone Field,recover-20220922,001,1795
42.3815,42.3926,55546,59866,Pipistrellus pygmaeus,0.025,0.026,-1,Echolocation,/mnt/ubna_data_02_mir/recover-20220922/UBNA_001/20220921_090000.WAV,Telephone Field,recover-20220922,001,1795
42.4065,42.4153,26328,34311,Eptesicus serotinus,0.012,0.028,-1,Echolocation,/mnt/ubna_data_02_mir/recover-20220922/UBNA_001/20220921_090000.WAV,Telephone Field,recover-20220922,001,1795
42.463499999999996,42.501599999999996,68437,81819,Rhinolophus ferrumequinum,0.026,0.026,-1,Echolocation,/mnt/ubna_data_02_mir/recover-20220922/UBNA_001/20220921_090000.WAV,Telephone Field,recover-20220922,001,1795
42.4755,42.510999999999996,68437,81562,Rhinolophus ferrumequinum,0.023,0.023,-1,Echolocation,/mnt/ubna_data_02_mir/recover-20220922/UBNA_001/20220921_090000.WAV,Telephone Field,recover-20220922,001,1795
42.4835,42.519800000000004,68437,81772,Rhinolophus ferrumequinum,0.021,0.021,-1,Echolocation,/mnt/ubna_data_02_mir/recover-20220922/UBNA_001/20220921_090000.WAV,Telephone Field,recover-20220922,001,1795
42.4925,42.5017,28906,40398,Eptesicus serotinus,0.008,0.023,-1,Echolocation,/mnt/ubna_data_02_mir/recover-20220922/UBNA_001/20220921_090000.WAV,Telephone Field,recover-20220922,001,1795
42.4985,42.5356,68437,81833,Rhinolophus ferrumequinum,0.021,0.021,-1,Echolocation,/mnt/ubna_data_02_mir/recover-20220922/UBNA_001/20220921_090000.WAV,Telephone Field,recover-20220922,001,1795
42.5325,42.5704,68437,81941,Rhinolophus ferrumequinum,0.023,0.023,-1,Echolocation,/mnt/ubna_data_02_mir/recover-20220922/UBNA_001/20220921_090000.WAV,Telephone Field,recover-20220922,001,1795
42.5385,42.5753,68437,82083,Rhinolophus ferrumequinum,0.022,0.022,-1,Echolocation,/mnt/ubna_data_02_mir/recover-20220922/UBNA_001/20220921_090000.WAV,Telephone Field,recover-20220922,001,1795
42.5595,42.5939,68437,81428,Rhinolophus ferrumequinum,0.022,0.022,-1,Echolocation,/mnt/ubna_data_02_mir/recover-20220922/UBNA_001/20220921_090000.WAV,Telephone Field,recover-20220922,001,1795
42.573499999999996,42.6091,68437,81860,Rhinolophus ferrumequinum,0.024,0.024,-1,Echolocation,/mnt/ubna_data_02_mir/recover-20220922/UBNA_001/20220921_090000.WAV,Telephone Field,recover-20220922,001,1795
42.5835,42.59,27187,36713,Eptesicus serotinus,0.007,0.025,-1,Echolocation,/mnt/ubna_data_02_mir/recover-20220922/UBNA_001/20220921_090000.WAV,Telephone Field,recover-20220922,001,1795
42.6265,42.6362,28046,38471,Eptesicus serotinus,0.009,0.022,-1,Echolocation,/mnt/ubna_data_02_mir/recover-20220922/UBNA_001/20220921_090000.WAV,Telephone Field,recover-20220922,001,1795
42.6315,42.6702,68437,82407,Rhinolophus ferrumequinum,0.021,0.021,-1,Echolocation,/mnt/ubna_data_02_mir/recover-20220922/UBNA_001/20220921_090000.WAV,Telephone Field,recover-20220922,001,1795
42.6485,42.6578,28906,35998,Eptesicus serotinus,0.009,0.022,-1,Echolocation,/mnt/ubna_data_02_mir/recover-20220922/UBNA_001/20220921_090000.WAV,Telephone Field,recover-20220922,001,1795
42.6595,42.6983,68437,81547,Rhinolophus ferrumequinum,0.022,0.022,-1,Echolocation,/mnt/ubna_data_02_mir/recover-20220922/UBNA_001/20220921_090000.WAV,Telephone Field,recover-20220922,001,1795
42.673500000000004,42.715199999999996,68437,82928,Rhinolophus ferrumequinum,0.027,0.027,-1,Echolocation,/mnt/ubna_data_02_mir/recover-20220922/UBNA_001/20220921_090000.WAV,Telephone Field,recover-20220922,001,1795
42.6865,42.7226,68437,81900,Rhinolophus ferrumequinum,0.023,0.023,-1,Echolocation,/mnt/ubna_data_02_mir/recover-20220922/UBNA_001/20220921_090000.WAV,Telephone Field,recover-20220922,001,1795
42.6935,42.702,28046,38382,Eptesicus serotinus,0.008,0.022,-1,Echolocation,/mnt/ubna_data_02_mir/recover-20220922/UBNA_001/20220921_090000.WAV,Telephone Field,recover-20220922,001,1795
42.7095,42.7195,28906,36710,Eptesicus serotinus,0.01,0.023,-1,Echolocation,/mnt/ubna_data_02_mir/recover-20220922/UBNA_001/20220921_090000.WAV,Telephone Field,recover-20220922,001,1795
42.7145,42.7251,28046,35742,Eptesicus serotinus,0.011,0.023,-1,Echolocation,/mnt/ubna_data_02_mir/recover-20220922/UBNA_001/20220921_090000.WAV,Telephone Field,recover-20220922,001,1795
42.7595,42.797,68437,82447,Rhinolophus ferrumequinum,0.022,0.022,-1,Echolocation,/mnt/ubna_data_02_mir/recover-20220922/UBNA_001/20220921_090000.WAV,Telephone Field,recover-20220922,001,1795
42.795500000000004,42.8333,68437,82037,Rhinolophus ferrumequinum,0.022,0.022,-1,Echolocation,/mnt/ubna_data_02_mir/recover-20220922/UBNA_001/20220921_090000.WAV,Telephone Field,recover-20220922,001,1795
42.8095,42.8558,68437,83925,Rhinolophus ferrumequinum,0.041,0.041,-1,Echolocation,/mnt/ubna_data_02_mir/recover-20220922/UBNA_001/20220921_090000.WAV,Telephone Field,recover-20220922,001,1795
42.8375,42.8748,68437,82004,Rhinolophus ferrumequinum,0.021,0.021,-1,Echolocation,/mnt/ubna_data_02_mir/recover-20220922/UBNA_001/20220921_090000.WAV,Telephone Field,recover-20220922,001,1795
42.8575,42.8649,27187,39452,Eptesicus serotinus,0.008,0.025,-1,Echolocation,/mnt/ubna_data_02_mir/recover-20220922/UBNA_001/20220921_090000.WAV,Telephone Field,recover-20220922,001,1795
42.8765,42.9129,68437,81352,Rhinolophus ferrumequinum,0.021,0.021,-1,Echolocation,/mnt/ubna_data_02_mir/recover-20220922/UBNA_001/20220921_090000.WAV,Telephone Field,recover-20220922,001,1795
42.8905,42.9286,68437,82473,Rhinolophus ferrumequinum,0.023,0.023,-1,Echolocation,/mnt/ubna_data_02_mir/recover-20220922/UBNA_001/20220921_090000.WAV,Telephone Field,recover-20220922,001,1795
42.9165,42.9548,68437,82454,Rhinolophus ferrumequinum,0.024,0.024,-1,Echolocation,/mnt/ubna_data_02_mir/recover-20220922/UBNA_001/20220921_090000.WAV,Telephone Field,recover-20220922,001,1795
42.9555,42.9755,18593,21918,Nyctalus noctula,0.02,0.038,-1,Echolocation,/mnt/ubna_data_02_mir/recover-20220922/UBNA_001/20220921_090000.WAV,Telephone Field,recover-20220922,001,1795
42.960499999999996,43.0008,68437,82526,Rhinolophus ferrumequinum,0.024,0.024,-1,Echolocation,/mnt/ubna_data_02_mir/recover-20220922/UBNA_001/20220921_090000.WAV,Telephone Field,recover-20220922,001,1795
42.9795,43.0163,68437,81919,Rhinolophus ferrumequinum,0.022,0.022,-1,Echolocation,/mnt/ubna_data_02_mir/recover-20220922/UBNA_001/20220921_090000.WAV,Telephone Field,recover-20220922,001,1795
43.0065,43.0132,28046,40116,Eptesicus serotinus,0.008,0.029,-1,Echolocation,/mnt/ubna_data_02_mir/recover-20220922/UBNA_001/20220921_090000.WAV,Telephone Field,recover-20220922,001,1795
43.0085,43.015,34921,45184,Myotis daubentonii,0.009,0.023,-1,Echolocation,/mnt/ubna_data_02_mir/recover-20220922/UBNA_001/20220921_090000.WAV,Telephone Field,recover-20220922,001,1795
43.0235,43.0596,68437,81441,Rhinolophus ferrumequinum,0.021,0.021,-1,Echolocation,/mnt/ubna_data_02_mir/recover-20220922/UBNA_001/20220921_090000.WAV,Telephone Field,recover-20220922,001,1795
43.0385,43.0469,27187,36922,Eptesicus serotinus,0.009,0.026,-1,Echolocation,/mnt/ubna_data_02_mir/recover-20220922/UBNA_001/20220921_090000.WAV,Telephone Field,recover-20220922,001,1795
43.0525,43.091,68437,81773,Rhinolophus ferrumequinum,0.022,0.022,-1,Echolocation,/mnt/ubna_data_02_mir/recover-20220922/UBNA_001/20220921_090000.WAV,Telephone Field,recover-20220922,001,1795
43.0605,43.0691,27187,39280,Eptesicus serotinus,0.008,0.021,-1,Echolocation,/mnt/ubna_data_02_mir/recover-20220922/UBNA_001/20220921_090000.WAV,Telephone Field,recover-20220922,001,1795
43.082499999999996,43.12,68437,81828,Rhinolophus ferrumequinum,0.024,0.024,-1,Echolocation,/mnt/ubna_data_02_mir/recover-20220922/UBNA_001/20220921_090000.WAV,Telephone Field,recover-20220922,001,1795
43.091499999999996,43.1046,22890,26684,Nyctalus leisleri,0.011,0.021,-1,Echolocation,/mnt/ubna_data_02_mir/recover-20220922/UBNA_001/20220921_090000.WAV,Telephone Field,recover-20220922,001,1795
43.1525,43.1937,68437,82106,Rhinolophus ferrumequinum,0.022,0.022,-1,Echolocation,/mnt/ubna_data_02_mir/recover-20220922/UBNA_001/20220921_090000.WAV,Telephone Field,recover-20220922,001,1795
43.1545,43.1624,45234,48416,Pipistrellus pipistrellus,0.026,0.028,-1,Echolocation,/mnt/ubna_data_02_mir/recover-20220922/UBNA_001/20220921_090000.WAV,Telephone Field,recover-20220922,001,1795
43.158500000000004,43.1653,34921,46687,Myotis daubentonii,0.023,0.046,-1,Echolocation,/mnt/ubna_data_02_mir/recover-20220922/UBNA_001/20220921_090000.WAV,Telephone Field,recover-20220922,001,1795
43.1825,43.2217,68437,81810,Rhinolophus ferrumequinum,0.021,0.021,-1,Echolocation,/mnt/ubna_data_02_mir/recover-20220922/UBNA_001/20220921_090000.WAV,Telephone Field,recover-20220922,001,1795
43.2175,43.2279,27187,33008,Eptesicus serotinus,0.009,0.021,-1,Echolocation,/mnt/ubna_data_02_mir/recover-20220922/UBNA_001/20220921_090000.WAV,Telephone Field,recover-20220922,001,1795
43.2385,43.249700000000004,22890,26956,Nyctalus leisleri,0.013,0.023,-1,Echolocation,/mnt/ubna_data_02_mir/recover-20220922/UBNA_001/20220921_090000.WAV,Telephone Field,recover-20220922,001,1795
43.2585,43.2976,68437,82137,Rhinolophus ferrumequinum,0.022,0.022,-1,Echolocation,/mnt/ubna_data_02_mir/recover-20220922/UBNA_001/20220921_090000.WAV,Telephone Field,recover-20220922,001,1795
43.2695,43.3089,68437,81569,Rhinolophus ferrumequinum,0.02,0.021,-1,Echolocation,/mnt/ubna_data_02_mir/recover-20220922/UBNA_001/20220921_090000.WAV,Telephone Field,recover-20220922,001,1795
43.2715,43.2791,27187,37316,Eptesicus serotinus,0.007,0.021,-1,Echolocation,/mnt/ubna_data_02_mir/recover-20220922/UBNA_001/20220921_090000.WAV,Telephone Field,recover-20220922,001,1795
43.298500000000004,43.338499999999996,68437,82139,Rhinolophus ferrumequinum,0.022,0.022,-1,Echolocation,/mnt/ubna_data_02_mir/recover-20220922/UBNA_001/20220921_090000.WAV,Telephone Field,recover-20220922,001,1795
43.3075,43.318,28906,35804,Eptesicus serotinus,0.01,0.022,-1,Echolocation,/mnt/ubna_data_02_mir/recover-20220922/UBNA_001/20220921_090000.WAV,Telephone Field,recover-20220922,001,1795
43.326499999999996,43.3625,68437,81880,Rhinolophus ferrumequinum,0.022,0.022,-1,Echolocation,/mnt/ubna_data_02_mir/recover-20220922/UBNA_001/20220921_090000.WAV,Telephone Field,recover-20220922,001,1795
43.3375,43.3754,68437,81920,Rhinolophus ferrumequinum,0.021,0.021,-1,Echolocation,/mnt/ubna_data_02_mir/recover-20220922/UBNA_001/20220921_090000.WAV,Telephone Field,recover-20220922,001,1795
43.3605,43.3682,23750,31888,Plecotus austriacus,0.009,0.023,-1,Echolocation,/mnt/ubna_data_02_mir/recover-20220922/UBNA_001/20220921_090000.WAV,Telephone Field,recover-20220922,001,1795
43.3835,43.390299999999996,35781,44593,Barbastellus barbastellus,0.01,0.031,-1,Echolocation,/mnt/ubna_data_02_mir/recover-20220922/UBNA_001/20220921_090000.WAV,Telephone Field,recover-20220922,001,1795
43.3845,43.3915,27187,43004,Eptesicus serotinus,0.008,0.029,-1,Echolocation,/mnt/ubna_data_02_mir/recover-20220922/UBNA_001/20220921_090000.WAV,Telephone Field,recover-20220922,001,1795
43.408500000000004,43.4448,68437,81017,Rhinolophus ferrumequinum,0.021,0.021,-1,Echolocation,/mnt/ubna_data_02_mir/recover-20220922/UBNA_001/20220921_090000.WAV,Telephone Field,recover-20220922,001,1795
43.4305,43.4399,27187,37481,Eptesicus serotinus,0.015,0.031,-1,Echolocation,/mnt/ubna_data_02_mir/recover-20220922/UBNA_001/20220921_090000.WAV,Telephone Field,recover-20220922,001,1795
43.4375,43.4732,68437,81418,Rhinolophus ferrumequinum,0.02,0.02,-1,Echolocation,/mnt/ubna_data_02_mir/recover-20220922/UBNA_001/20220921_090000.WAV,Telephone Field,recover-20220922,001,1795
43.460499999999996,43.4969,68437,81910,Rhinolophus ferrumequinum,0.023,0.023,-1,Echolocation,/mnt/ubna_data_02_mir/recover-20220922/UBNA_001/20220921_090000.WAV,Telephone Field,recover-20220922,001,1795
43.4955,43.5358,68437,82885,Rhinolophus ferrumequinum,0.031,0.031,-1,Echolocation,/mnt/ubna_data_02_mir/recover-20220922/UBNA_001/20220921_090000.WAV,Telephone Field,recover-20220922,001,1795
43.5175,43.5282,22890,27286,Nyctalus leisleri,0.011,0.021,-1,Echolocation,/mnt/ubna_data_02_mir/recover-20220922/UBNA_001/20220921_090000.WAV,Telephone Field,recover-20220922,001,1795
43.5435,43.5527,24609,32543,Eptesicus serotinus,0.009,0.023,-1,Echolocation,/mnt/ubna_data_02_mir/recover-20220922/UBNA_001/20220921_090000.WAV,Telephone Field,recover-20220922,001,1795
43.591499999999996,43.6312,68437,83190,Rhinolophus ferrumequinum,0.025,0.025,-1,Echolocation,/mnt/ubna_data_02_mir/recover-20220922/UBNA_001/20220921_090000.WAV,Telephone Field,recover-20220922,001,1795
43.6455,43.683,68437,81348,Rhinolophus ferrumequinum,0.022,0.022,-1,Echolocation,/mnt/ubna_data_02_mir/recover-20220922/UBNA_001/20220921_090000.WAV,Telephone Field,recover-20220922,001,1795
43.6725,43.71,68437,81716,Rhinolophus ferrumequinum,0.023,0.023,-1,Echolocation,/mnt/ubna_data_02_mir/recover-20220922/UBNA_001/20220921_090000.WAV,Telephone Field,recover-20220922,001,1795
43.6835,43.6928,28046,37052,Eptesicus serotinus,0.008,0.021,-1,Echolocation,/mnt/ubna_data_02_mir/recover-20220922/UBNA_001/20220921_090000.WAV,Telephone Field,recover-20220922,001,1795
43.6925,43.732,68437,82180,Rhinolophus ferrumequinum,0.029,0.029,-1,Echolocation,/mnt/ubna_data_02_mir/recover-20220922/UBNA_001/20220921_090000.WAV,Telephone Field,recover-20220922,001,1795
43.6975,43.708,42656,47241,Pipistrellus pipistrellus,0.014,0.022,-1,Echolocation,/mnt/ubna_data_02_mir/recover-20220922/UBNA_001/20220921_090000.WAV,Telephone Field,recover-20220922,001,1795
43.707499999999996,43.7153,28046,38493,Eptesicus serotinus,0.007,0.021,-1,Echolocation,/mnt/ubna_data_02_mir/recover-20220922/UBNA_001/20220921_090000.WAV,Telephone Field,recover-20220922,001,1795
43.7145,43.757,68437,82981,Rhinolophus ferrumequinum,0.029,0.029,-1,Echolocation,/mnt/ubna_data_02_mir/recover-20220922/UBNA_001/20220921_090000.WAV,Telephone Field,recover-20220922,001,1795
43.7415,43.7481,28046,36940,Eptesicus serotinus,0.006,0.021,-1,Echolocation,/mnt/ubna_data_02_mir/recover-20220922/UBNA_001/20220921_090000.WAV,Telephone Field,recover-20220922,001,1795
43.783500000000004,43.792699999999996,27187,36549,Eptesicus serotinus,0.01,0.024,-1,Echolocation,/mnt/ubna_data_02_mir/recover-20220922/UBNA_001/20220921_090000.WAV,Telephone Field,recover-20220922,001,1795
43.7965,43.832499999999996,68437,82273,Rhinolophus ferrumequinum,0.021,0.022,-1,Echolocation,/mnt/ubna_data_02_mir/recover-20220922/UBNA_001/20220921_090000.WAV,Telephone Field,recover-20220922,001,1795
43.8335,43.8428,28046,37911,Eptesicus serotinus,0.007,0.02,-1,Echolocation,/mnt/ubna_data_02_mir/recover-20220922/UBNA_001/20220921_090000.WAV,Telephone Field,recover-20220922,001,1795
43.8475,43.887,68437,82608,Rhinolophus ferrumequinum,0.022,0.022,-1,Echolocation,/mnt/ubna_data_02_mir/recover-20220922/UBNA_001/20220921_090000.WAV,Telephone Field,recover-20220922,001,1795
43.8935,43.9343,68437,82509,Rhinolophus ferrumequinum,0.03,0.03,-1,Echolocation,/mnt/ubna_data_02_mir/recover-20220922/UBNA_001/20220921_090000.WAV,Telephone Field,recover-20220922,001,1795
43.8955,43.9044,27187,36739,Eptesicus serotinus,0.009,0.024,-1,Echolocation,/mnt/ubna_data_02_mir/recover-20220922/UBNA_001/20220921_090000.WAV,Telephone Field,recover-20220922,001,1795
43.9065,43.9202,23750,29670,Nyctalus leisleri,0.012,0.03,-1,Echolocation,/mnt/ubna_data_02_mir/recover-20220922/UBNA_001/20220921_090000.WAV,Telephone Field,recover-20220922,001,1795
43.9365,43.9773,68437,82522,Rhinolophus ferrumequinum,0.022,0.022,-1,Echolocation,/mnt/ubna_data_02_mir/recover-20220922/UBNA_001/20220921_090000.WAV,Telephone Field,recover-20220922,001,1795
43.9445,43.9532,28906,38592,Eptesicus serotinus,0.007,0.021,-1,Echolocation,/mnt/ubna_data_02_mir/recover-20220922/UBNA_001/20220921_090000.WAV,Telephone Field,recover-20220922,001,1795
43.9465,43.9841,68437,82297,Rhinolophus ferrumequinum,0.024,0.024,-1,Echolocation,/mnt/ubna_data_02_mir/recover-20220922/UBNA_001/20220921_090000.WAV,Telephone Field,recover-20220922,001,1795
44.0015,44.036500000000004,68437,80217,Rhinolophus ferrumequinum,0.083,0.083,-1,Echolocation,/mnt/ubna_data_02_mir/recover-20220922/UBNA_001/20220921_090000.WAV,Telephone Field,recover-20220922,001,1795
44.0015,44.0103,34921,45211,Myotis daubentonii,0.006,0.022,-1,Echolocation,/mnt/ubna_data_02_mir/recover-20220922/UBNA_001/20220921_090000.WAV,Telephone Field,recover-20220922,001,1795
44.0015,44.0088,25468,36590,Nyctalus leisleri,0.006,0.025,-1,Echolocation,/mnt/ubna_data_02_mir/recover-20220922/UBNA_001/20220921_090000.WAV,Telephone Field,recover-20220922,001,1795
44.0285,44.0374,28046,38332,Eptesicus serotinus,0.014,0.029,-1,Echolocation,/mnt/ubna_data_02_mir/recover-20220922/UBNA_001/20220921_090000.WAV,Telephone Field,recover-20220922,001,1795
44.039500000000004,44.0786,68437,82124,Rhinolophus ferrumequinum,0.021,0.021,-1,Echolocation,/mnt/ubna_data_02_mir/recover-20220922/UBNA_001/20220921_090000.WAV,Telephone Field,recover-20220922,001,1795
44.0815,44.093199999999996,22031,26642,Nyctalus leisleri,0.011,0.021,-1,Echolocation,/mnt/ubna_data_02_mir/recover-20220922/UBNA_001/20220921_090000.WAV,Telephone Field,recover-20220922,001,1795
44.1215,44.158699999999996,68437,81093,Rhinolophus ferrumequinum,0.022,0.022,-1,Echolocation,/mnt/ubna_data_02_mir/recover-20220922/UBNA_001/20220921_090000.WAV,Telephone Field,recover-20220922,001,1795
44.1505,44.1882,68437,81499,Rhinolophus ferrumequinum,0.021,0.021,-1,Echolocation,/mnt/ubna_data_02_mir/recover-20220922/UBNA_001/20220921_090000.WAV,Telephone Field,recover-20220922,001,1795
44.170500000000004,44.2051,68437,81755,Rhinolophus ferrumequinum,0.021,0.021,-1,Echolocation,/mnt/ubna_data_02_mir/recover-20220922/UBNA_001/20220921_090000.WAV,Telephone Field,recover-20220922,001,1795
44.1825,44.2218,68437,82038,Rhinolophus ferrumequinum,0.022,0.022,-1,Echolocation,/mnt/ubna_data_02_mir/recover-20220922/UBNA_001/20220921_090000.WAV,Telephone Field,recover-20220922,001,1795
44.1945,44.2053,23750,29554,Nyctalus leisleri,0.011,0.024,-1,Echolocation,/mnt/ubna_data_02_mir/recover-20220922/UBNA_001/20220921_090000.WAV,Telephone Field,recover-20220922,001,1795
44.213499999999996,44.222,28046,40376,Eptesicus serotinus,0.008,0.022,-1,Echolocation,/mnt/ubna_data_02_mir/recover-20220922/UBNA_001/20220921_090000.WAV,Telephone Field,recover-20220922,001,1795
44.2265,44.2618,68437,81432,Rhinolophus ferrumequinum,0.021,0.021,-1,Echolocation,/mnt/ubna_data_02_mir/recover-20220922/UBNA_001/20220921_090000.WAV,Telephone Field,recover-20220922,001,1795
44.2335,44.2403,28046,40723,Eptesicus serotinus,0.007,0.028,-1,Echolocation,/mnt/ubna_data_02_mir/recover-20220922/UBNA_001/20220921_090000.WAV,Telephone Field,recover-20220922,001,1795
44.2525,44.2922,68437,82294,Rhinolophus ferrumequinum,0.03,0.03,-1,Echolocation,/mnt/ubna_data_02_mir/recover-20220922/UBNA_001/20220921_090000.WAV,Telephone Field,recover-20220922,001,1795
44.2655,44.302,68437,80631,Rhinolophus ferrumequinum,0.027,0.027,-1,Echolocation,/mnt/ubna_data_02_mir/recover-20220922/UBNA_001/20220921_090000.WAV,Telephone Field,recover-20220922,001,1795
44.2845,44.2926,28046,40327,Eptesicus serotinus,0.007,0.021,-1,Echolocation,/mnt/ubna_data_02_mir/recover-20220922/UBNA_001/20220921_090000.WAV,Telephone Field,recover-20220922,001,1795
44.3135,44.3213,27187,39116,Eptesicus serotinus,0.006,0.021,-1,Echolocation,/mnt/ubna_data_02_mir/recover-20220922/UBNA_001/20220921_090000.WAV,Telephone Field,recover-20220922,001,1795
44.3455,44.3563,23750,29292,Nyctalus leisleri,0.009,0.022,-1,Echolocation,/mnt/ubna_data_02_mir/recover-20220922/UBNA_001/20220921_090000.WAV,Telephone Field,recover-20220922,001,1795
44.3705,44.3759,37500,49872,Myotis daubentonii,0.009,0.022,-1,Echolocation,/mnt/ubna_data_02_mir/recover-20220922/UBNA_001/20220921_090000.WAV,Telephone Field,recover-20220922,001,1795
44.3715,44.3779,28046,44876,Eptesicus serotinus,0.007,0.028,-1,Echolocation,/mnt/ubna_data_02_mir/recover-20220922/UBNA_001/20220921_090000.WAV,Telephone Field,recover-20220922,001,1795
44.3805,44.4183,68437,81968,Rhinolophus ferrumequinum,0.021,0.021,-1,Echolocation,/mnt/ubna_data_02_mir/recover-20220922/UBNA_001/20220921_090000.WAV,Telephone Field,recover-20220922,001,1795
44.3925,44.431200000000004,68437,82360,Rhinolophus ferrumequinum,0.023,0.023,-1,Echolocation,/mnt/ubna_data_02_mir/recover-20220922/UBNA_001/20220921_090000.WAV,Telephone Field,recover-20220922,001,1795
44.4035,44.4133,28046,35108,Eptesicus serotinus,0.01,0.024,-1,Echolocation,/mnt/ubna_data_02_mir/recover-20220922/UBNA_001/20220921_090000.WAV,Telephone Field,recover-20220922,001,1795
44.4125,44.4456,68437,80998,Rhinolophus ferrumequinum,0.021,0.021,-1,Echolocation,/mnt/ubna_data_02_mir/recover-20220922/UBNA_001/20220921_090000.WAV,Telephone Field,recover-20220922,001,1795
44.429500000000004,44.4661,68437,81077,Rhinolophus ferrumequinum,0.021,0.021,-1,Echolocation,/mnt/ubna_data_02_mir/recover-20220922/UBNA_001/20220921_090000.WAV,Telephone Field,recover-20220922,001,1795
44.5115,44.5506,68437,82507,Rhinolophus ferrumequinum,0.023,0.023,-1,Echolocation,/mnt/ubna_data_02_mir/recover-20220922/UBNA_001/20220921_090000.WAV,Telephone Field,recover-20220922,001,1795
44.5375,44.5763,68437,81822,Rhinolophus ferrumequinum,0.022,0.022,-1,Echolocation,/mnt/ubna_data_02_mir/recover-20220922/UBNA_001/20220921_090000.WAV,Telephone Field,recover-20220922,001,1795
44.5715,44.6074,68437,81654,Rhinolophus ferrumequinum,0.024,0.024,-1,Echolocation,/mnt/ubna_data_02_mir/recover-20220922/UBNA_001/20220921_090000.WAV,Telephone Field,recover-20220922,001,1795
44.6245,44.6601,68437,81568,Rhinolophus ferrumequinum,0.021,0.021,-1,Echolocation,/mnt/ubna_data_02_mir/recover-20220922/UBNA_001/20220921_090000.WAV,Telephone Field,recover-20220922,001,1795
44.6335,44.6444,22890,27588,Nyctalus leisleri,0.011,0.021,-1,Echolocation,/mnt/ubna_data_02_mir/recover-20220922/UBNA_001/20220921_090000.WAV,Telephone Field,recover-20220922,001,1795
44.6975,44.7094,22031,26792,Nyctalus leisleri,0.016,0.031,-1,Echolocation,/mnt/ubna_data_02_mir/recover-20220922/UBNA_001/20220921_090000.WAV,Telephone Field,recover-20220922,001,1795
44.7195,44.7608,68437,82860,Rhinolophus ferrumequinum,0.03,0.03,-1,Echolocation,/mnt/ubna_data_02_mir/recover-20220922/UBNA_001/20220921_090000.WAV,Telephone Field,recover-20220922,001,1795
44.7345,44.7755,68437,82853,Rhinolophus ferrumequinum,0.022,0.022,-1,Echolocation,/mnt/ubna_data_02_mir/recover-20220922/UBNA_001/20220921_090000.WAV,Telephone Field,recover-20220922,001,1795
44.7415,44.7493,27187,40177,Eptesicus serotinus,0.007,0.023,-1,Echolocation,/mnt/ubna_data_02_mir/recover-20220922/UBNA_001/20220921_090000.WAV,Telephone Field,recover-20220922,001,1795
44.7855,44.8215,68437,81934,Rhinolophus ferrumequinum,0.021,0.021,-1,Echolocation,/mnt/ubna_data_02_mir/recover-20220922/UBNA_001/20220921_090000.WAV,Telephone Field,recover-20220922,001,1795
44.8175,44.8272,28906,37625,Eptesicus serotinus,0.01,0.024,-1,Echolocation,/mnt/ubna_data_02_mir/recover-20220922/UBNA_001/20220921_090000.WAV,Telephone Field,recover-20220922,001,1795
44.8335,44.8716,68437,83027,Rhinolophus ferrumequinum,0.025,0.025,-1,Echolocation,/mnt/ubna_data_02_mir/recover-20220922/UBNA_001/20220921_090000.WAV,Telephone Field,recover-20220922,001,1795
44.8435,44.8808,68437,82121,Rhinolophus ferrumequinum,0.021,0.021,-1,Echolocation,/mnt/ubna_data_02_mir/recover-20220922/UBNA_001/20220921_090000.WAV,Telephone Field,recover-20220922,001,1795
44.8545,44.8929,68437,81837,Rhinolophus ferrumequinum,0.022,0.022,-1,Echolocation,/mnt/ubna_data_02_mir/recover-20220922/UBNA_001/20220921_090000.WAV,Telephone Field,recover-20220922,001,1795
44.8795,44.8881,28046,36765,Eptesicus serotinus,0.008,0.023,-1,Echolocation,/mnt/ubna_data_02_mir/recover-20220922/UBNA_001/20220921_090000.WAV,Telephone Field,recover-20220922,001,1795
44.908500000000004,44.946600000000004,68437,82378,Rhinolophus ferrumequinum,0.022,0.022,-1,Echolocation,/mnt/ubna_data_02_mir/recover-20220922/UBNA_001/20220921_090000.WAV,Telephone Field,recover-20220922,001,1795
44.9165,44.9249,28046,38346,Eptesicus serotinus,0.008,0.023,-1,Echolocation,/mnt/ubna_data_02_mir/recover-20220922/UBNA_001/20220921_090000.WAV,Telephone Field,recover-20220922,001,1795
44.9325,44.944,22890,27343,Nyctalus leisleri,0.012,0.023,-1,Echolocation,/mnt/ubna_data_02_mir/recover-20220922/UBNA_001/20220921_090000.WAV,Telephone Field,recover-20220922,001,1795
44.9555,44.9619,28906,42325,Myotis daubentonii,0.008,0.032,-1,Echolocation,/mnt/ubna_data_02_mir/recover-20220922/UBNA_001/20220921_090000.WAV,Telephone Field,recover-20220922,001,1795
44.9995,45.0072,28046,37317,Eptesicus serotinus,0.006,0.021,-1,Echolocation,/mnt/ubna_data_02_mir/recover-20220922/UBNA_001/20220921_090000.WAV,Telephone Field,recover-20220922,001,1795
45.0225,45.031800000000004,26328,34633,Eptesicus serotinus,0.012,0.026,-1,Echolocation,/mnt/ubna_data_02_mir/recover-20220922/UBNA_001/20220921_090000.WAV,Telephone Field,recover-20220922,001,1795
45.039500000000004,45.0783,68437,82635,Rhinolophus ferrumequinum,0.021,0.021,-1,Echolocation,/mnt/ubna_data_02_mir/recover-20220922/UBNA_001/20220921_090000.WAV,Telephone Field,recover-20220922,001,1795
45.051500000000004,45.0917,68437,82717,Rhinolophus ferrumequinum,0.024,0.024,-1,Echolocation,/mnt/ubna_data_02_mir/recover-20220922/UBNA_001/20220921_090000.WAV,Telephone Field,recover-20220922,001,1795
45.0525,45.0619,28046,37066,Eptesicus serotinus,0.026,0.044,-1,Echolocation,/mnt/ubna_data_02_mir/recover-20220922/UBNA_001/20220921_090000.WAV,Telephone Field,recover-20220922,001,1795
45.091499999999996,45.129599999999996,68437,81761,Rhinolophus ferrumequinum,0.021,0.021,-1,Echolocation,/mnt/ubna_data_02_mir/recover-20220922/UBNA_001/20220921_090000.WAV,Telephone Field,recover-20220922,001,1795
45.1135,45.1203,47812,51432,Pipistrellus pipistrellus,0.028,0.029,-1,Echolocation,/mnt/ubna_data_02_mir/recover-20220922/UBNA_001/20220921_090000.WAV,Telephone Field,recover-20220922,001,1795
45.1415,45.1516,28906,37247,Eptesicus serotinus,0.012,0.026,-1,Echolocation,/mnt/ubna_data_02_mir/recover-20220922/UBNA_001/20220921_090000.WAV,Telephone Field,recover-20220922,001,1795
45.1545,45.1895,68437,81660,Rhinolophus ferrumequinum,0.021,0.021,-1,Echolocation,/mnt/ubna_data_02_mir/recover-20220922/UBNA_001/20220921_090000.WAV,Telephone Field,recover-20220922,001,1795
45.1555,45.165800000000004,26328,33221,Eptesicus serotinus,0.01,0.024,-1,Echolocation,/mnt/ubna_data_02_mir/recover-20220922/UBNA_001/20220921_090000.WAV,Telephone Field,recover-20220922,001,1795
45.201499999999996,45.2388,68437,82131,Rhinolophus ferrumequinum,0.022,0.022,-1,Echolocation,/mnt/ubna_data_02_mir/recover-20220922/UBNA_001/20220921_090000.WAV,Telephone Field,recover-20220922,001,1795
45.2155,45.2266,28906,35718,Eptesicus serotinus,0.013,0.025,-1,Echolocation,/mnt/ubna_data_02_mir/recover-20220922/UBNA_001/20220921_090000.WAV,Telephone Field,recover-20220922,001,1795
45.2255,45.2329,25468,33896,Eptesicus serotinus,0.006,0.023,-1,Echolocation,/mnt/ubna_data_02_mir/recover-20220922/UBNA_001/20220921_090000.WAV,Telephone Field,recover-20220922,001,1795
45.2255,45.2345,14296,25674,Plecotus auritus,0.026,0.057,-1,Echolocation,/mnt/ubna_data_02_mir/recover-20220922/UBNA_001/20220921_090000.WAV,Telephone Field,recover-20220922,001,1795
45.2685,45.3085,68437,82378,Rhinolophus ferrumequinum,0.029,0.029,-1,Echolocation,/mnt/ubna_data_02_mir/recover-20220922/UBNA_001/20220921_090000.WAV,Telephone Field,recover-20220922,001,1795
45.295500000000004,45.3352,68437,82838,Rhinolophus ferrumequinum,0.024,0.024,-1,Echolocation,/mnt/ubna_data_02_mir/recover-20220922/UBNA_001/20220921_090000.WAV,Telephone Field,recover-20220922,001,1795
45.3155,45.3558,68437,83254,Rhinolophus ferrumequinum,0.035,0.035,-1,Echolocation,/mnt/ubna_data_02_mir/recover-20220922/UBNA_001/20220921_090000.WAV,Telephone Field,recover-20220922,001,1795
45.3505,45.393,68437,83391,Rhinolophus ferrumequinum,0.03,0.03,-1,Echolocation,/mnt/ubna_data_02_mir/recover-20220922/UBNA_001/20220921_090000.WAV,Telephone Field,recover-20220922,001,1795
45.3505,45.3583,28046,37395,Eptesicus serotinus,0.007,0.021,-1,Echolocation,/mnt/ubna_data_02_mir/recover-20220922/UBNA_001/20220921_090000.WAV,Telephone Field,recover-20220922,001,1795
45.3785,45.3859,28046,41953,Eptesicus serotinus,0.006,0.021,-1,Echolocation,/mnt/ubna_data_02_mir/recover-20220922/UBNA_001/20220921_090000.WAV,Telephone Field,recover-20220922,001,1795
45.4625,45.5007,68437,81479,Rhinolophus ferrumequinum,0.021,0.021,-1,Echolocation,/mnt/ubna_data_02_mir/recover-20220922/UBNA_001/20220921_090000.WAV,Telephone Field,recover-20220922,001,1795
45.4745,45.5142,68437,82783,Rhinolophus ferrumequinum,0.024,0.024,-1,Echolocation,/mnt/ubna_data_02_mir/recover-20220922/UBNA_001/20220921_090000.WAV,Telephone Field,recover-20220922,001,1795
45.4805,45.489000000000004,28906,37712,Eptesicus serotinus,0.008,0.024,-1,Echolocation,/mnt/ubna_data_02_mir/recover-20220922/UBNA_001/20220921_090000.WAV,Telephone Field,recover-20220922,001,1795
45.4885,45.501599999999996,22031,25594,Nyctalus leisleri,0.016,0.025,-1,Echolocation,/mnt/ubna_data_02_mir/recover-20220922/UBNA_001/20220921_090000.WAV,Telephone Field,recover-20220922,001,1795
45.5095,45.5456,68437,82376,Rhinolophus ferrumequinum,0.028,0.028,-1,Echolocation,/mnt/ubna_data_02_mir/recover-20220922/UBNA_001/20220921_090000.WAV,Telephone Field,recover-20220922,001,1795
45.5155,45.555099999999996,68437,82616,Rhinolophus ferrumequinum,0.027,0.027,-1,Echolocation,/mnt/ubna_data_02_mir/recover-20220922/UBNA_001/20220921_090000.WAV,Telephone Field,recover-20220922,001,1795
45.5445,45.5838,68437,82480,Rhinolophus ferrumequinum,0.024,0.024,-1,Echolocation,/mnt/ubna_data_02_mir/recover-20220922/UBNA_001/20220921_090000.WAV,Telephone Field,recover-20220922,001,1795
45.5665,45.5741,26328,35310,Eptesicus serotinus,0.007,0.022,-1,Echolocation,/mnt/ubna_data_02_mir/recover-20220922/UBNA_001/20220921_090000.WAV,Telephone Field,recover-20220922,001,1795
45.6135,45.6505,68437,82129,Rhinolophus ferrumequinum,0.021,0.021,-1,Echolocation,/mnt/ubna_data_02_mir/recover-20220922/UBNA_001/20220921_090000.WAV,Telephone Field,recover-20220922,001,1795
45.6165,45.626599999999996,22890,27777,Nyctalus leisleri,0.01,0.022,-1,Echolocation,/mnt/ubna_data_02_mir/recover-20220922/UBNA_001/20220921_090000.WAV,Telephone Field,recover-20220922,001,1795
45.6455,45.685,68437,82721,Rhinolophus ferrumequinum,0.023,0.023,-1,Echolocation,/mnt/ubna_data_02_mir/recover-20220922/UBNA_001/20220921_090000.WAV,Telephone Field,recover-20220922,001,1795
45.6465,45.6548,27187,38883,Eptesicus serotinus,0.007,0.023,-1,Echolocation,/mnt/ubna_data_02_mir/recover-20220922/UBNA_001/20220921_090000.WAV,Telephone Field,recover-20220922,001,1795
45.6895,45.702,44375,48067,Pipistrellus pipistrellus,0.033,0.036,-1,Echolocation,/mnt/ubna_data_02_mir/recover-20220922/UBNA_001/20220921_090000.WAV,Telephone Field,recover-20220922,001,1795
45.6945,45.7077,22031,26575,Nyctalus leisleri,0.028,0.056,-1,Echolocation,/mnt/ubna_data_02_mir/recover-20220922/UBNA_001/20220921_090000.WAV,Telephone Field,recover-20220922,001,1795
45.716499999999996,45.759100000000004,68437,83081,Rhinolophus ferrumequinum,0.032,0.032,-1,Echolocation,/mnt/ubna_data_02_mir/recover-20220922/UBNA_001/20220921_090000.WAV,Telephone Field,recover-20220922,001,1795
45.7335,45.7415,37500,41786,Barbastellus barbastellus,0.014,0.024,-1,Echolocation,/mnt/ubna_data_02_mir/recover-20220922/UBNA_001/20220921_090000.WAV,Telephone Field,recover-20220922,001,1795
45.7365,45.7433,28046,39569,Eptesicus serotinus,0.009,0.029,-1,Echolocation,/mnt/ubna_data_02_mir/recover-20220922/UBNA_001/20220921_090000.WAV,Telephone Field,recover-20220922,001,1795
45.7495,45.7877,68437,82014,Rhinolophus ferrumequinum,0.023,0.023,-1,Echolocation,/mnt/ubna_data_02_mir/recover-20220922/UBNA_001/20220921_090000.WAV,Telephone Field,recover-20220922,001,1795
45.7685,45.8086,68437,82493,Rhinolophus ferrumequinum,0.033,0.033,-1,Echolocation,/mnt/ubna_data_02_mir/recover-20220922/UBNA_001/20220921_090000.WAV,Telephone Field,recover-20220922,001,1795
45.792500000000004,45.8297,68437,81743,Rhinolophus ferrumequinum,0.021,0.022,-1,Echolocation,/mnt/ubna_data_02_mir/recover-20220922/UBNA_001/20220921_090000.WAV,Telephone Field,recover-20220922,001,1795
45.8005,45.8411,68437,82752,Rhinolophus ferrumequinum,0.029,0.029,-1,Echolocation,/mnt/ubna_data_02_mir/recover-20220922/UBNA_001/20220921_090000.WAV,Telephone Field,recover-20220922,001,1795
45.8035,45.8161,22031,26140,Nyctalus leisleri,0.013,0.024,-1,Echolocation,/mnt/ubna_data_02_mir/recover-20220922/UBNA_001/20220921_090000.WAV,Telephone Field,recover-20220922,001,1795
45.8605,45.897800000000004,68437,82201,Rhinolophus ferrumequinum,0.023,0.023,-1,Echolocation,/mnt/ubna_data_02_mir/recover-20220922/UBNA_001/20220921_090000.WAV,Telephone Field,recover-20220922,001,1795
45.9065,45.946,68437,82248,Rhinolophus ferrumequinum,0.025,0.025,-1,Echolocation,/mnt/ubna_data_02_mir/recover-20220922/UBNA_001/20220921_090000.WAV,Telephone Field,recover-20220922,001,1795
45.9095,45.9167,24609,33385,Plecotus austriacus,0.006,0.021,-1,Echolocation,/mnt/ubna_data_02_mir/recover-20220922/UBNA_001/20220921_090000.WAV,Telephone Field,recover-20220922,001,1795
46.0015,46.035,68437,80283,Rhinolophus ferrumequinum,0.11,0.11,-1,Echolocation,/mnt/ubna_data_02_mir/recover-20220922/UBNA_001/20220921_090000.WAV,Telephone Field,recover-20220922,001,1795
46.0015,46.0096,25468,35664,Nyctalus leisleri,0.006,0.028,-1,Echolocation,/mnt/ubna_data_02_mir/recover-20220922/UBNA_001/20220921_090000.WAV,Telephone Field,recover-20220922,001,1795
46.0015,46.0096,47812,54740,Pipistrellus pipistrellus,0.014,0.022,-1,Echolocation,/mnt/ubna_data_02_mir/recover-20220922/UBNA_001/20220921_090000.WAV,Telephone Field,recover-20220922,001,1795
46.0095,46.0531,68437,82757,Rhinolophus ferrumequinum,0.028,0.028,-1,Echolocation,/mnt/ubna_data_02_mir/recover-20220922/UBNA_001/20220921_090000.WAV,Telephone Field,recover-20220922,001,1795
46.0475,46.0546,27187,37728,Eptesicus serotinus,0.006,0.023,-1,Echolocation,/mnt/ubna_data_02_mir/recover-20220922/UBNA_001/20220921_090000.WAV,Telephone Field,recover-20220922,001,1795
46.0535,46.094300000000004,68437,82780,Rhinolophus ferrumequinum,0.023,0.023,-1,Echolocation,/mnt/ubna_data_02_mir/recover-20220922/UBNA_001/20220921_090000.WAV,Telephone Field,recover-20220922,001,1795
46.0745,46.1094,68437,81401,Rhinolophus ferrumequinum,0.026,0.026,-1,Echolocation,/mnt/ubna_data_02_mir/recover-20220922/UBNA_001/20220921_090000.WAV,Telephone Field,recover-20220922,001,1795
46.0965,46.138400000000004,68437,82981,Rhinolophus ferrumequinum,0.032,0.032,-1,Echolocation,/mnt/ubna_data_02_mir/recover-20220922/UBNA_001/20220921_090000.WAV,Telephone Field,recover-20220922,001,1795
46.1015,46.1092,25468,34358,Eptesicus serotinus,0.007,0.024,-1,Echolocation,/mnt/ubna_data_02_mir/recover-20220922/UBNA_001/20220921_090000.WAV,Telephone Field,recover-20220922,001,1795
46.1465,46.1832,68437,81299,Rhinolophus ferrumequinum,0.021,0.022,-1,Echolocation,/mnt/ubna_data_02_mir/recover-20220922/UBNA_001/20220921_090000.WAV,Telephone Field,recover-20220922,001,1795
46.1695,46.2059,68437,81489,Rhinolophus ferrumequinum,0.021,0.021,-1,Echolocation,/mnt/ubna_data_02_mir/recover-20220922/UBNA_001/20220921_090000.WAV,Telephone Field,recover-20220922,001,1795
46.179500000000004,46.219,68437,82531,Rhinolophus ferrumequinum,0.025,0.025,-1,Echolocation,/mnt/ubna_data_02_mir/recover-20220922/UBNA_001/20220921_090000.WAV,Telephone Field,recover-20220922,001,1795
46.198499999999996,46.2051,27187,41056,Eptesicus serotinus,0.007,0.027,-1,Echolocation,/mnt/ubna_data_02_mir/recover-20220922/UBNA_001/20220921_090000.WAV,Telephone Field,recover-20220922,001,1795
46.1995,46.238600000000005,68437,82366,Rhinolophus ferrumequinum,0.022,0.022,-1,Echolocation,/mnt/ubna_data_02_mir/recover-20220922/UBNA_001/20220921_090000.WAV,Telephone Field,recover-20220922,001,1795
46.207499999999996,46.2478,68437,82421,Rhinolophus ferrumequinum,0.023,0.023,-1,Echolocation,/mnt/ubna_data_02_mir/recover-20220922/UBNA_001/20220921_090000.WAV,Telephone Field,recover-20220922,001,1795
46.2735,46.3134,68437,82638,Rhinolophus ferrumequinum,0.031,0.031,-1,Echolocation,/mnt/ubna_data_02_mir/recover-20220922/UBNA_001/20220921_090000.WAV,Telephone Field,recover-20220922,001,1795
46.2905,46.332499999999996,68437,83091,Rhinolophus ferrumequinum,0.044,0.044,-1,Echolocation,/mnt/ubna_data_02_mir/recover-20220922/UBNA_001/20220921_090000.WAV,Telephone Field,recover-20220922,001,1795
46.311499999999995,46.3489,68437,81796,Rhinolophus ferrumequinum,0.021,0.021,-1,Echolocation,/mnt/ubna_data_02_mir/recover-20220922/UBNA_001/20220921_090000.WAV,Telephone Field,recover-20220922,001,1795
46.322500000000005,46.3561,68437,80276,Rhinolophus ferrumequinum,0.022,0.023,-1,Echolocation,/mnt/ubna_data_02_mir/recover-20220922/UBNA_001/20220921_090000.WAV,Telephone Field,recover-20220922,001,1795
46.335499999999996,46.3714,68437,81702,Rhinolophus ferrumequinum,0.024,0.024,-1,Echolocation,/mnt/ubna_data_02_mir/recover-20220922/UBNA_001/20220921_090000.WAV,Telephone Field,recover-20220922,001,1795
46.3665,46.407,68437,81918,Rhinolophus ferrumequinum,0.021,0.022,-1,Echolocation,/mnt/ubna_data_02_mir/recover-20220922/UBNA_001/20220921_090000.WAV,Telephone Field,recover-20220922,001,1795
46.4095,46.4503,68437,82808,Rhinolophus ferrumequinum,0.024,0.024,-1,Echolocation,/mnt/ubna_data_02_mir/recover-20220922/UBNA_001/20220921_090000.WAV,Telephone Field,recover-20220922,001,1795
46.4105,46.4225,25468,31643,Eptesicus serotinus,0.012,0.033,-1,Echolocation,/mnt/ubna_data_02_mir/recover-20220922/UBNA_001/20220921_090000.WAV,Telephone Field,recover-20220922,001,1795
46.4225,46.4614,68437,82421,Rhinolophus ferrumequinum,0.023,0.023,-1,Echolocation,/mnt/ubna_data_02_mir/recover-20220922/UBNA_001/20220921_090000.WAV,Telephone Field,recover-20220922,001,1795
46.433499999999995,46.4744,68437,82848,Rhinolophus ferrumequinum,0.03,0.03,-1,Echolocation,/mnt/ubna_data_02_mir/recover-20220922/UBNA_001/20220921_090000.WAV,Telephone Field,recover-20220922,001,1795
46.4595,46.4688,30625,38747,Eptesicus serotinus,0.009,0.025,-1,Echolocation,/mnt/ubna_data_02_mir/recover-20220922/UBNA_001/20220921_090000.WAV,Telephone Field,recover-20220922,001,1795
46.463499999999996,46.5042,68437,83063,Rhinolophus ferrumequinum,0.022,0.022,-1,Echolocation,/mnt/ubna_data_02_mir/recover-20220922/UBNA_001/20220921_090000.WAV,Telephone Field,recover-20220922,001,1795
46.4745,46.5158,68437,82957,Rhinolophus ferrumequinum,0.025,0.025,-1,Echolocation,/mnt/ubna_data_02_mir/recover-20220922/UBNA_001/20220921_090000.WAV,Telephone Field,recover-20220922,001,1795
46.4875,46.525999999999996,68437,82591,Rhinolophus ferrumequinum,0.023,0.023,-1,Echolocation,/mnt/ubna_data_02_mir/recover-20220922/UBNA_001/20220921_090000.WAV,Telephone Field,recover-20220922,001,1795
46.4955,46.535399999999996,68437,82384,Rhinolophus ferrumequinum,0.022,0.022,-1,Echolocation,/mnt/ubna_data_02_mir/recover-20220922/UBNA_001/20220921_090000.WAV,Telephone Field,recover-20220922,001,1795
46.5215,46.557,68437,81686,Rhinolophus ferrumequinum,0.021,0.021,-1,Echolocation,/mnt/ubna_data_02_mir/recover-20220922/UBNA_001/20220921_090000.WAV,Telephone Field,recover-20220922,001,1795
46.558499999999995,46.6002,68437,83003,Rhinolophus ferrumequinum,0.041,0.041,-1,Echolocation,/mnt/ubna_data_02_mir/recover-20220922/UBNA_001/20220921_090000.WAV,Telephone Field,recover-20220922,001,1795
46.5625,46.5727,27187,35686,Eptesicus serotinus,0.01,0.023,-1,Echolocation,/mnt/ubna_data_02_mir/recover-20220922/UBNA_001/20220921_090000.WAV,Telephone Field,recover-20220922,001,1795
46.5745,46.615300000000005,68437,82957,Rhinolophus ferrumequinum,0.024,0.024,-1,Echolocation,/mnt/ubna_data_02_mir/recover-20220922/UBNA_001/20220921_090000.WAV,Telephone Field,recover-20220922,001,1795
46.588499999999996,46.6286,68437,82407,Rhinolophus ferrumequinum,0.024,0.024,-1,Echolocation,/mnt/ubna_data_02_mir/recover-20220922/UBNA_001/20220921_090000.WAV,Telephone Field,recover-20220922,001,1795
46.6035,46.642700000000005,68437,81933,Rhinolophus ferrumequinum,0.024,0.024,-1,Echolocation,/mnt/ubna_data_02_mir/recover-20220922/UBNA_001/20220921_090000.WAV,Telephone Field,recover-20220922,001,1795
46.6315,46.6402,28046,38155,Eptesicus serotinus,0.008,0.022,-1,Echolocation,/mnt/ubna_data_02_mir/recover-20220922/UBNA_001/20220921_090000.WAV,Telephone Field,recover-20220922,001,1795
46.6635,46.7048,68437,83386,Rhinolophus ferrumequinum,0.034,0.034,-1,Echolocation,/mnt/ubna_data_02_mir/recover-20220922/UBNA_001/20220921_090000.WAV,Telephone Field,recover-20220922,001,1795
46.6755,46.6846,28906,37433,Eptesicus serotinus,0.01,0.027,-1,Echolocation,/mnt/ubna_data_02_mir/recover-20220922/UBNA_001/20220921_090000.WAV,Telephone Field,recover-20220922,001,1795
46.6815,46.6905,28906,37702,Eptesicus serotinus,0.01,0.025,-1,Echolocation,/mnt/ubna_data_02_mir/recover-20220922/UBNA_001/20220921_090000.WAV,Telephone Field,recover-20220922,001,1795
46.6845,46.7196,68437,81494,Rhinolophus ferrumequinum,0.023,0.023,-1,Echolocation,/mnt/ubna_data_02_mir/recover-20220922/UBNA_001/20220921_090000.WAV,Telephone Field,recover-20220922,001,1795
46.7035,46.7427,68437,82539,Rhinolophus ferrumequinum,0.022,0.022,-1,Echolocation,/mnt/ubna_data_02_mir/recover-20220922/UBNA_001/20220921_090000.WAV,Telephone Field,recover-20220922,001,1795
46.7145,46.7566,68437,82515,Rhinolophus ferrumequinum,0.023,0.023,-1,Echolocation,/mnt/ubna_data_02_mir/recover-20220922/UBNA_001/20220921_090000.WAV,Telephone Field,recover-20220922,001,1795
46.7205,46.7277,28046,42268,Eptesicus serotinus,0.007,0.021,-1,Echolocation,/mnt/ubna_data_02_mir/recover-20220922/UBNA_001/20220921_090000.WAV,Telephone Field,recover-20220922,001,1795
46.7495,46.7855,68437,82052,Rhinolophus ferrumequinum,0.024,0.024,-1,Echolocation,/mnt/ubna_data_02_mir/recover-20220922/UBNA_001/20220921_090000.WAV,Telephone Field,recover-20220922,001,1795
46.7575,46.7675,28046,38825,Eptesicus serotinus,0.012,0.025,-1,Echolocation,/mnt/ubna_data_02_mir/recover-20220922/UBNA_001/20220921_090000.WAV,Telephone Field,recover-20220922,001,1795
46.7625,46.805499999999995,68437,82968,Rhinolophus ferrumequinum,0.032,0.032,-1,Echolocation,/mnt/ubna_data_02_mir/recover-20220922/UBNA_001/20220921_090000.WAV,Telephone Field,recover-20220922,001,1795
46.7885,46.8274,68437,81999,Rhinolophus ferrumequinum,0.024,0.024,-1,Echolocation,/mnt/ubna_data_02_mir/recover-20220922/UBNA_001/20220921_090000.WAV,Telephone Field,recover-20220922,001,1795
46.8155,46.858599999999996,68437,83067,Rhinolophus ferrumequinum,0.04,0.04,-1,Echolocation,/mnt/ubna_data_02_mir/recover-20220922/UBNA_001/20220921_090000.WAV,Telephone Field,recover-20220922,001,1795
46.8485,46.8898,68437,82812,Rhinolophus ferrumequinum,0.025,0.025,-1,Echolocation,/mnt/ubna_data_02_mir/recover-20220922/UBNA_001/20220921_090000.WAV,Telephone Field,recover-20220922,001,1795
46.8645,46.9047,68437,82027,Rhinolophus ferrumequinum,0.022,0.022,-1,Echolocation,/mnt/ubna_data_02_mir/recover-20220922/UBNA_001/20220921_090000.WAV,Telephone Field,recover-20220922,001,1795
46.8775,46.8855,28906,37376,Eptesicus serotinus,0.007,0.022,-1,Echolocation,/mnt/ubna_data_02_mir/recover-20220922/UBNA_001/20220921_090000.WAV,Telephone Field,recover-20220922,001,1795
46.924499999999995,46.9637,68437,82775,Rhinolophus ferrumequinum,0.042,0.042,-1,Echolocation,/mnt/ubna_data_02_mir/recover-20220922/UBNA_001/20220921_090000.WAV,Telephone Field,recover-20220922,001,1795
46.936499999999995,46.9454,28046,37266,Eptesicus serotinus,0.011,0.027,-1,Echolocation,/mnt/ubna_data_02_mir/recover-20220922/UBNA_001/20220921_090000.WAV,Telephone Field,recover-20220922,001,1795
46.9525,46.9734,65859,72893,Pipistrellus pygmaeus,0.028,0.029,-1,Echolocation,/mnt/ubna_data_02_mir/recover-20220922/UBNA_001/20220921_090000.WAV,Telephone Field,recover-20220922,001,1795
46.9655,46.9788,53828,59629,Pipistrellus pygmaeus,0.02,0.026,-1,Echolocation,/mnt/ubna_data_02_mir/recover-20220922/UBNA_001/20220921_090000.WAV,Telephone Field,recover-20220922,001,1795
46.9885,46.9987,23750,29712,Nyctalus leisleri,0.008,0.021,-1,Echolocation,/mnt/ubna_data_02_mir/recover-20220922/UBNA_001/20220921_090000.WAV,Telephone Field,recover-20220922,001,1795
47.0135,47.0533,68437,82506,Rhinolophus ferrumequinum,0.024,0.024,-1,Echolocation,/mnt/ubna_data_02_mir/recover-20220922/UBNA_001/20220921_090000.WAV,Telephone Field,recover-20220922,001,1795
47.0165,47.0227,25468,40083,Plecotus auritus,0.011,0.041,-1,Echolocation,/mnt/ubna_data_02_mir/recover-20220922/UBNA_001/20220921_090000.WAV,Telephone Field,recover-20220922,001,1795
47.049499999999995,47.06,22890,28557,Nyctalus leisleri,0.009,0.022,-1,Echolocation,/mnt/ubna_data_02_mir/recover-20220922/UBNA_001/20220921_090000.WAV,Telephone Field,recover-20220922,001,1795
47.073499999999996,47.090599999999995,21171,24665,Nyctalus leisleri,0.015,0.025,-1,Echolocation,/mnt/ubna_data_02_mir/recover-20220922/UBNA_001/20220921_090000.WAV,Telephone Field,recover-20220922,001,1795
47.0805,47.1192,68437,82217,Rhinolophus ferrumequinum,0.022,0.023,-1,Echolocation,/mnt/ubna_data_02_mir/recover-20220922/UBNA_001/20220921_090000.WAV,Telephone Field,recover-20220922,001,1795
47.0905,47.131,68437,82623,Rhinolophus ferrumequinum,0.023,0.023,-1,Echolocation,/mnt/ubna_data_02_mir/recover-20220922/UBNA_001/20220921_090000.WAV,Telephone Field,recover-20220922,001,1795
47.0945,47.106,23750,30543,Nyctalus leisleri,0.011,0.028,-1,Echolocation,/mnt/ubna_data_02_mir/recover-20220922/UBNA_001/20220921_090000.WAV,Telephone Field,recover-20220922,001,1795
47.1045,47.143299999999996,68437,82811,Rhinolophus ferrumequinum,0.024,0.024,-1,Echolocation,/mnt/ubna_data_02_mir/recover-20220922/UBNA_001/20220921_090000.WAV,Telephone Field,recover-20220922,001,1795
47.1375,47.1824,68437,83459,Rhinolophus ferrumequinum,0.048,0.048,-1,Echolocation,/mnt/ubna_data_02_mir/recover-20220922/UBNA_001/20220921_090000.WAV,Telephone Field,recover-20220922,001,1795
47.1545,47.165,22031,26662,Nyctalus leisleri,0.01,0.021,-1,Echolocation,/mnt/ubna_data_02_mir/recover-20220922/UBNA_001/20220921_090000.WAV,Telephone Field,recover-20220922,001,1795
47.173500000000004,47.2102,68437,81534,Rhinolophus ferrumequinum,0.021,0.022,-1,Echolocation,/mnt/ubna_data_02_mir/recover-20220922/UBNA_001/20220921_090000.WAV,Telephone Field,recover-20220922,001,1795
47.179500000000004,47.1877,25468,34462,Eptesicus serotinus,0.009,0.023,-1,Echolocation,/mnt/ubna_data_02_mir/recover-20220922/UBNA_001/20220921_090000.WAV,Telephone Field,recover-20220922,001,1795
47.2195,47.2284,44375,53272,Pipistrellus pipistrellus,0.012,0.022,-1,Echolocation,/mnt/ubna_data_02_mir/recover-20220922/UBNA_001/20220921_090000.WAV,Telephone Field,recover-20220922,001,1795
47.2195,47.2589,68437,82058,Rhinolophus ferrumequinum,0.028,0.028,-1,Echolocation,/mnt/ubna_data_02_mir/recover-20220922/UBNA_001/20220921_090000.WAV,Telephone Field,recover-20220922,001,1795
47.2495,47.286699999999996,68437,81464,Rhinolophus ferrumequinum,0.022,0.022,-1,Echolocation,/mnt/ubna_data_02_mir/recover-20220922/UBNA_001/20220921_090000.WAV,Telephone Field,recover-20220922,001,1795
47.2535,47.2639,28046,36772,Eptesicus serotinus,0.018,0.034,-1,Echolocation,/mnt/ubna_data_02_mir/recover-20220922/UBNA_001/20220921_090000.WAV,Telephone Field,recover-20220922,001,1795
47.2775,47.3161,68437,82398,Rhinolophus ferrumequinum,0.028,0.028,-1,Echolocation,/mnt/ubna_data_02_mir/recover-20220922/UBNA_001/20220921_090000.WAV,Telephone Field,recover-20220922,001,1795
47.2795,47.288,28046,39385,Eptesicus serotinus,0.009,0.023,-1,Echolocation,/mnt/ubna_data_02_mir/recover-20220922/UBNA_001/20220921_090000.WAV,Telephone Field,recover-20220922,001,1795
47.305499999999995,47.3425,68437,81136,Rhinolophus ferrumequinum,0.024,0.024,-1,Echolocation,/mnt/ubna_data_02_mir/recover-20220922/UBNA_001/20220921_090000.WAV,Telephone Field,recover-20220922,001,1795
47.3245,47.361999999999995,68437,82155,Rhinolophus ferrumequinum,0.024,0.024,-1,Echolocation,/mnt/ubna_data_02_mir/recover-20220922/UBNA_001/20220921_090000.WAV,Telephone Field,recover-20220922,001,1795
47.3475,47.3859,68437,82704,Rhinolophus ferrumequinum,0.023,0.023,-1,Echolocation,/mnt/ubna_data_02_mir/recover-20220922/UBNA_001/20220921_090000.WAV,Telephone Field,recover-20220922,001,1795
47.3995,47.4369,68437,82220,Rhinolophus ferrumequinum,0.022,0.022,-1,Echolocation,/mnt/ubna_data_02_mir/recover-20220922/UBNA_001/20220921_090000.WAV,Telephone Field,recover-20220922,001,1795
47.4125,47.4536,68437,82789,Rhinolophus ferrumequinum,0.025,0.025,-1,Echolocation,/mnt/ubna_data_02_mir/recover-20220922/UBNA_001/20220921_090000.WAV,Telephone Field,recover-20220922,001,1795
47.442499999999995,47.4507,28046,40852,Eptesicus serotinus,0.008,0.024,-1,Echolocation,/mnt/ubna_data_02_mir/recover-20220922/UBNA_001/20220921_090000.WAV,Telephone Field,recover-20220922,001,1795
47.460499999999996,47.4975,68437,81452,Rhinolophus ferrumequinum,0.022,0.023,-1,Echolocation,/mnt/ubna_data_02_mir/recover-20220922/UBNA_001/20220921_090000.WAV,Telephone Field,recover-20220922,001,1795
47.4695,47.505700000000004,68437,81642,Rhinolophus ferrumequinum,0.024,0.024,-1,Echolocation,/mnt/ubna_data_02_mir/recover-20220922/UBNA_001/20220921_090000.WAV,Telephone Field,recover-20220922,001,1795
47.4865,47.4957,28046,36626,Eptesicus serotinus,0.009,0.022,-1,Echolocation,/mnt/ubna_data_02_mir/recover-20220922/UBNA_001/20220921_090000.WAV,Telephone Field,recover-20220922,001,1795
47.5115,47.552099999999996,68437,82571,Rhinolophus ferrumequinum,0.034,0.034,-1,Echolocation,/mnt/ubna_data_02_mir/recover-20220922/UBNA_001/20220921_090000.WAV,Telephone Field,recover-20220922,001,1795
47.5135,47.5244,23750,30325,Nyctalus leisleri,0.011,0.026,-1,Echolocation,/mnt/ubna_data_02_mir/recover-20220922/UBNA_001/20220921_090000.WAV,Telephone Field,recover-20220922,001,1795
47.545500000000004,47.554500000000004,28046,37464,Eptesicus serotinus,0.009,0.025,-1,Echolocation,/mnt/ubna_data_02_mir/recover-20220922/UBNA_001/20220921_090000.WAV,Telephone Field,recover-20220922,001,1795
47.5775,47.5893,50390,55030,Pipistrellus pipistrellus,0.023,0.029,-1,Echolocation,/mnt/ubna_data_02_mir/recover-20220922/UBNA_001/20220921_090000.WAV,Telephone Field,recover-20220922,001,1795
47.5785,47.6205,68437,82891,Rhinolophus ferrumequinum,0.028,0.028,-1,Echolocation,/mnt/ubna_data_02_mir/recover-20220922/UBNA_001/20220921_090000.WAV,Telephone Field,recover-20220922,001,1795
47.6075,47.6453,68437,82508,Rhinolophus ferrumequinum,0.022,0.022,-1,Echolocation,/mnt/ubna_data_02_mir/recover-20220922/UBNA_001/20220921_090000.WAV,Telephone Field,recover-20220922,001,1795
47.6325,47.6435,28046,35435,Eptesicus serotinus,0.012,0.025,-1,Echolocation,/mnt/ubna_data_02_mir/recover-20220922/UBNA_001/20220921_090000.WAV,Telephone Field,recover-20220922,001,1795
47.6345,47.6746,68437,82384,Rhinolophus ferrumequinum,0.026,0.026,-1,Echolocation,/mnt/ubna_data_02_mir/recover-20220922/UBNA_001/20220921_090000.WAV,Telephone Field,recover-20220922,001,1795
47.6355,47.644999999999996,47812,51234,Pipistrellus pipistrellus,0.031,0.034,-1,Echolocation,/mnt/ubna_data_02_mir/recover-20220922/UBNA_001/20220921_090000.WAV,Telephone Field,recover-20220922,001,1795
47.670500000000004,47.7083,68437,82004,Rhinolophus ferrumequinum,0.021,0.021,-1,Echolocation,/mnt/ubna_data_02_mir/recover-20220922/UBNA_001/20220921_090000.WAV,Telephone Field,recover-20220922,001,1795
47.697500000000005,47.7091,22031,26171,Nyctalus leisleri,0.013,0.024,-1,Echolocation,/mnt/ubna_data_02_mir/recover-20220922/UBNA_001/20220921_090000.WAV,Telephone Field,recover-20220922,001,1795
47.6995,47.706900000000005,28046,37595,Eptesicus serotinus,0.007,0.022,-1,Echolocation,/mnt/ubna_data_02_mir/recover-20220922/UBNA_001/20220921_090000.WAV,Telephone Field,recover-20220922,001,1795
47.710499999999996,47.7512,68437,82507,Rhinolophus ferrumequinum,0.024,0.024,-1,Echolocation,/mnt/ubna_data_02_mir/recover-20220922/UBNA_001/20220921_090000.WAV,Telephone Field,recover-20220922,001,1795
47.7115,47.7207,51250,56877,Pipistrellus pipistrellus,0.018,0.022,-1,Echolocation,/mnt/ubna_data_02_mir/recover-20220922/UBNA_001/20220921_090000.WAV,Telephone Field,recover-20220922,001,1795
47.7285,47.7656,68437,82164,Rhinolophus ferrumequinum,0.03,0.03,-1,Echolocation,/mnt/ubna_data_02_mir/recover-20220922/UBNA_001/20220921_090000.WAV,Telephone Field,recover-20220922,001,1795
47.7285,47.7429,23750,27727,Nyctalus leisleri,0.025,0.043,-1,Echolocation,/mnt/ubna_data_02_mir/recover-20220922/UBNA_001/20220921_090000.WAV,Telephone Field,recover-20220922,001,1795
47.7785,47.8202,68437,82671,Rhinolophus ferrumequinum,0.034,0.034,-1,Echolocation,/mnt/ubna_data_02_mir/recover-20220922/UBNA_001/20220921_090000.WAV,Telephone Field,recover-20220922,001,1795
47.792500000000004,47.835899999999995,68437,83356,Rhinolophus ferrumequinum,0.028,0.028,-1,Echolocation,/mnt/ubna_data_02_mir/recover-20220922/UBNA_001/20220921_090000.WAV,Telephone Field,recover-20220922,001,1795
47.820499999999996,47.8607,68437,82166,Rhinolophus ferrumequinum,0.031,0.031,-1,Echolocation,/mnt/ubna_data_02_mir/recover-20220922/UBNA_001/20220921_090000.WAV,Telephone Field,recover-20220922,001,1795
47.8275,47.867000000000004,68437,82072,Rhinolophus ferrumequinum,0.025,0.025,-1,Echolocation,/mnt/ubna_data_02_mir/recover-20220922/UBNA_001/20220921_090000.WAV,Telephone Field,recover-20220922,001,1795
47.8735,47.9143,68437,82565,Rhinolophus ferrumequinum,0.021,0.021,-1,Echolocation,/mnt/ubna_data_02_mir/recover-20220922/UBNA_001/20220921_090000.WAV,Telephone Field,recover-20220922,001,1795
47.8895,47.927800000000005,68437,81876,Rhinolophus ferrumequinum,0.021,0.021,-1,Echolocation,/mnt/ubna_data_02_mir/recover-20220922/UBNA_001/20220921_090000.WAV,Telephone Field,recover-20220922,001,1795
47.9185,47.925799999999995,28046,42328,Eptesicus serotinus,0.008,0.023,-1,Echolocation,/mnt/ubna_data_02_mir/recover-20220922/UBNA_001/20220921_090000.WAV,Telephone Field,recover-20220922,001,1795
47.9315,47.9416,26328,34619,Eptesicus serotinus,0.011,0.023,-1,Echolocation,/mnt/ubna_data_02_mir/recover-20220922/UBNA_001/20220921_090000.WAV,Telephone Field,recover-20220922,001,1795
47.9315,47.9732,68437,82903,Rhinolophus ferrumequinum,0.04,0.04,-1,Echolocation,/mnt/ubna_data_02_mir/recover-20220922/UBNA_001/20220921_090000.WAV,Telephone Field,recover-20220922,001,1795
47.942499999999995,47.9535,23750,31097,Nyctalus leisleri,0.01,0.027,-1,Echolocation,/mnt/ubna_data_02_mir/recover-20220922/UBNA_001/20220921_090000.WAV,Telephone Field,recover-20220922,001,1795
47.945499999999996,47.987899999999996,68437,83084,Rhinolophus ferrumequinum,0.031,0.031,-1,Echolocation,/mnt/ubna_data_02_mir/recover-20220922/UBNA_001/20220921_090000.WAV,Telephone Field,recover-20220922,001,1795
48.0015,48.0098,23750,31132,Nyctalus leisleri,0.009,0.029,-1,Echolocation,/mnt/ubna_data_02_mir/recover-20220922/UBNA_001/20220921_090000.WAV,Telephone Field,recover-20220922,001,1795
48.0015,48.031400000000005,68437,80493,Rhinolophus ferrumequinum,0.03,0.03,-1,Echolocation,/mnt/ubna_data_02_mir/recover-20220922/UBNA_001/20220921_090000.WAV,Telephone Field,recover-20220922,001,1795
48.0135,48.0571,68437,82778,Rhinolophus ferrumequinum,0.023,0.023,-1,Echolocation,/mnt/ubna_data_02_mir/recover-20220922/UBNA_001/20220921_090000.WAV,Telephone Field,recover-20220922,001,1795
48.0505,48.0601,28046,36392,Eptesicus serotinus,0.008,0.021,-1,Echolocation,/mnt/ubna_data_02_mir/recover-20220922/UBNA_001/20220921_090000.WAV,Telephone Field,recover-20220922,001,1795
48.1135,48.1513,68437,82113,Rhinolophus ferrumequinum,0.02,0.02,-1,Echolocation,/mnt/ubna_data_02_mir/recover-20220922/UBNA_001/20220921_090000.WAV,Telephone Field,recover-20220922,001,1795
48.1245,48.1626,68437,81991,Rhinolophus ferrumequinum,0.025,0.025,-1,Echolocation,/mnt/ubna_data_02_mir/recover-20220922/UBNA_001/20220921_090000.WAV,Telephone Field,recover-20220922,001,1795
48.1465,48.1877,68437,82680,Rhinolophus ferrumequinum,0.021,0.021,-1,Echolocation,/mnt/ubna_data_02_mir/recover-20220922/UBNA_001/20220921_090000.WAV,Telephone Field,recover-20220922,001,1795
48.179500000000004,48.2187,68437,82585,Rhinolophus ferrumequinum,0.021,0.021,-1,Echolocation,/mnt/ubna_data_02_mir/recover-20220922/UBNA_001/20220921_090000.WAV,Telephone Field,recover-20220922,001,1795
48.192499999999995,48.2036,22890,28183,Nyctalus leisleri,0.016,0.034,-1,Echolocation,/mnt/ubna_data_02_mir/recover-20220922/UBNA_001/20220921_090000.WAV,Telephone Field,recover-20220922,001,1795
48.2215,48.2545,68437,80691,Rhinolophus ferrumequinum,0.025,0.025,-1,Echolocation,/mnt/ubna_data_02_mir/recover-20220922/UBNA_001/20220921_090000.WAV,Telephone Field,recover-20220922,001,1795
48.2325,48.2399,24609,33658,Plecotus austriacus,0.012,0.036,-1,Echolocation,/mnt/ubna_data_02_mir/recover-20220922/UBNA_001/20220921_090000.WAV,Telephone Field,recover-20220922,001,1795
48.2465,48.291,68437,83417,Rhinolophus ferrumequinum,0.04,0.04,-1,Echolocation,/mnt/ubna_data_02_mir/recover-20220922/UBNA_001/20220921_090000.WAV,Telephone Field,recover-20220922,001,1795
48.2875,48.325900000000004,68437,82066,Rhinolophus ferrumequinum,0.022,0.022,-1,Echolocation,/mnt/ubna_data_02_mir/recover-20220922/UBNA_001/20220921_090000.WAV,Telephone Field,recover-20220922,001,1795
48.3035,48.3421,68437,81790,Rhinolophus ferrumequinum,0.022,0.022,-1,Echolocation,/mnt/ubna_data_02_mir/recover-20220922/UBNA_001/20220921_090000.WAV,Telephone Field,recover-20220922,001,1795
48.325500000000005,48.359899999999996,68437,80641,Rhinolophus ferrumequinum,0.02,0.02,-1,Echolocation,/mnt/ubna_data_02_mir/recover-20220922/UBNA_001/20220921_090000.WAV,Telephone Field,recover-20220922,001,1795
48.3655,48.403999999999996,68437,81627,Rhinolophus ferrumequinum,0.02,0.02,-1,Echolocation,/mnt/ubna_data_02_mir/recover-20220922/UBNA_001/20220921_090000.WAV,Telephone Field,recover-20220922,001,1795
48.4055,48.4437,68437,82459,Rhinolophus ferrumequinum,0.021,0.021,-1,Echolocation,/mnt/ubna_data_02_mir/recover-20220922/UBNA_001/20220921_090000.WAV,Telephone Field,recover-20220922,001,1795
48.4345,48.4745,68437,82794,Rhinolophus ferrumequinum,0.02,0.02,-1,Echolocation,/mnt/ubna_data_02_mir/recover-20220922/UBNA_001/20220921_090000.WAV,Telephone Field,recover-20220922,001,1795
48.4525,48.4919,68437,83012,Rhinolophus ferrumequinum,0.025,0.025,-1,Echolocation,/mnt/ubna_data_02_mir/recover-20220922/UBNA_001/20220921_090000.WAV,Telephone Field,recover-20220922,001,1795
48.536500000000004,48.5736,68437,81541,Rhinolophus ferrumequinum,0.02,0.02,-1,Echolocation,/mnt/ubna_data_02_mir/recover-20220922/UBNA_001/20220921_090000.WAV,Telephone Field,recover-20220922,001,1795
48.551500000000004,48.564099999999996,15156,21296,Nyctalus noctula,0.015,0.022,-1,Echolocation,/mnt/ubna_data_02_mir/recover-20220922/UBNA_001/20220921_090000.WAV,Telephone Field,recover-20220922,001,1795
48.552499999999995,48.560199999999995,28046,39511,Eptesicus serotinus,0.011,0.034,-1,Echolocation,/mnt/ubna_data_02_mir/recover-20220922/UBNA_001/20220921_090000.WAV,Telephone Field,recover-20220922,001,1795
48.561499999999995,48.599199999999996,68437,81840,Rhinolophus ferrumequinum,0.022,0.022,-1,Echolocation,/mnt/ubna_data_02_mir/recover-20220922/UBNA_001/20220921_090000.WAV,Telephone Field,recover-20220922,001,1795
48.566500000000005,48.6058,68437,82631,Rhinolophus ferrumequinum,0.022,0.022,-1,Echolocation,/mnt/ubna_data_02_mir/recover-20220922/UBNA_001/20220921_090000.WAV,Telephone Field,recover-20220922,001,1795
48.658500000000004,48.6974,68437,82680,Rhinolophus ferrumequinum,0.023,0.023,-1,Echolocation,/mnt/ubna_data_02_mir/recover-20220922/UBNA_001/20220921_090000.WAV,Telephone Field,recover-20220922,001,1795
48.676500000000004,48.685,28046,38510,Eptesicus serotinus,0.008,0.021,-1,Echolocation,/mnt/ubna_data_02_mir/recover-20220922/UBNA_001/20220921_090000.WAV,Telephone Field,recover-20220922,001,1795
48.691500000000005,48.7299,68437,81889,Rhinolophus ferrumequinum,0.021,0.021,-1,Echolocation,/mnt/ubna_data_02_mir/recover-20220922/UBNA_001/20220921_090000.WAV,Telephone Field,recover-20220922,001,1795
48.7315,48.7421,23750,30211,Nyctalus leisleri,0.009,0.023,-1,Echolocation,/mnt/ubna_data_02_mir/recover-20220922/UBNA_001/20220921_090000.WAV,Telephone Field,recover-20220922,001,1795
48.7855,48.8283,68437,83487,Rhinolophus ferrumequinum,0.028,0.028,-1,Echolocation,/mnt/ubna_data_02_mir/recover-20220922/UBNA_001/20220921_090000.WAV,Telephone Field,recover-20220922,001,1795
48.8095,48.849199999999996,68437,81998,Rhinolophus ferrumequinum,0.024,0.024,-1,Echolocation,/mnt/ubna_data_02_mir/recover-20220922/UBNA_001/20220921_090000.WAV,Telephone Field,recover-20220922,001,1795
48.8495,48.861000000000004,28046,34748,Eptesicus serotinus,0.017,0.032,-1,Echolocation,/mnt/ubna_data_02_mir/recover-20220922/UBNA_001/20220921_090000.WAV,Telephone Field,recover-20220922,001,1795
48.8515,48.863600000000005,23750,29707,Nyctalus leisleri,0.014,0.032,-1,Echolocation,/mnt/ubna_data_02_mir/recover-20220922/UBNA_001/20220921_090000.WAV,Telephone Field,recover-20220922,001,1795
48.914500000000004,48.9523,68437,81849,Rhinolophus ferrumequinum,0.023,0.023,-1,Echolocation,/mnt/ubna_data_02_mir/recover-20220922/UBNA_001/20220921_090000.WAV,Telephone Field,recover-20220922,001,1795
48.9285,48.965,68437,81879,Rhinolophus ferrumequinum,0.021,0.021,-1,Echolocation,/mnt/ubna_data_02_mir/recover-20220922/UBNA_001/20220921_090000.WAV,Telephone Field,recover-20220922,001,1795
48.9345,48.9436,25468,32531,Eptesicus serotinus,0.007,0.022,-1,Echolocation,/mnt/ubna_data_02_mir/recover-20220922/UBNA_001/20220921_090000.WAV,Telephone Field,recover-20220922,001,1795
48.935500000000005,48.9731,68437,81421,Rhinolophus ferrumequinum,0.022,0.022,-1,Echolocation,/mnt/ubna_data_02_mir/recover-20220922/UBNA_001/20220921_090000.WAV,Telephone Field,recover-20220922,001,1795
48.9525,48.9935,68437,82186,Rhinolophus ferrumequinum,0.02,0.02,-1,Echolocation,/mnt/ubna_data_02_mir/recover-20220922/UBNA_001/20220921_090000.WAV,Telephone Field,recover-20220922,001,1795
48.9565,48.9636,28906,40484,Eptesicus serotinus,0.007,0.022,-1,Echolocation,/mnt/ubna_data_02_mir/recover-20220922/UBNA_001/20220921_090000.WAV,Telephone Field,recover-20220922,001,1795
48.9745,49.0111,68437,81419,Rhinolophus ferrumequinum,0.021,0.021,-1,Echolocation,/mnt/ubna_data_02_mir/recover-20220922/UBNA_001/20220921_090000.WAV,Telephone Field,recover-20220922,001,1795
48.9835,49.019400000000005,68437,81023,Rhinolophus ferrumequinum,0.03,0.03,-1,Echolocation,/mnt/ubna_data_02_mir/recover-20220922/UBNA_001/20220921_090000.WAV,Telephone Field,recover-20220922,001,1795
49.0025,49.0405,68437,81731,Rhinolophus ferrumequinum,0.023,0.023,-1,Echolocation,/mnt/ubna_data_02_mir/recover-20220922/UBNA_001/20220921_090000.WAV,Telephone Field,recover-20220922,001,1795
49.0295,49.0386,28046,38788,Eptesicus serotinus,0.009,0.022,-1,Echolocation,/mnt/ubna_data_02_mir/recover-20220922/UBNA_001/20220921_090000.WAV,Telephone Field,recover-20220922,001,1795
49.060500000000005,49.0783,18593,22160,Nyctalus noctula,0.012,0.025,-1,Echolocation,/mnt/ubna_data_02_mir/recover-20220922/UBNA_001/20220921_090000.WAV,Telephone Field,recover-20220922,001,1795
49.0685,49.1096,68437,82792,Rhinolophus ferrumequinum,0.034,0.035,-1,Echolocation,/mnt/ubna_data_02_mir/recover-20220922/UBNA_001/20220921_090000.WAV,Telephone Field,recover-20220922,001,1795
49.0995,49.1416,68437,82866,Rhinolophus ferrumequinum,0.023,0.023,-1,Echolocation,/mnt/ubna_data_02_mir/recover-20220922/UBNA_001/20220921_090000.WAV,Telephone Field,recover-20220922,001,1795
49.1555,49.197199999999995,68437,82397,Rhinolophus ferrumequinum,0.024,0.024,-1,Echolocation,/mnt/ubna_data_02_mir/recover-20220922/UBNA_001/20220921_090000.WAV,Telephone Field,recover-20220922,001,1795
49.1625,49.1727,24609,29833,Nyctalus leisleri,0.008,0.02,-1,Echolocation,/mnt/ubna_data_02_mir/recover-20220922/UBNA_001/20220921_090000.WAV,Telephone Field,recover-20220922,001,1795
49.200500000000005,49.2368,68437,81605,Rhinolophus ferrumequinum,0.022,0.022,-1,Echolocation,/mnt/ubna_data_02_mir/recover-20220922/UBNA_001/20220921_090000.WAV,Telephone Field,recover-20220922,001,1795
49.2065,49.2434,68437,81428,Rhinolophus ferrumequinum,0.023,0.023,-1,Echolocation,/mnt/ubna_data_02_mir/recover-20220922/UBNA_001/20220921_090000.WAV,Telephone Field,recover-20220922,001,1795
49.2315,49.2684,68437,81930,Rhinolophus ferrumequinum,0.022,0.022,-1,Echolocation,/mnt/ubna_data_02_mir/recover-20220922/UBNA_001/20220921_090000.WAV,Telephone Field,recover-20220922,001,1795
49.2345,49.2438,27187,36723,Eptesicus serotinus,0.009,0.021,-1,Echolocation,/mnt/ubna_data_02_mir/recover-20220922/UBNA_001/20220921_090000.WAV,Telephone Field,recover-20220922,001,1795
49.3185,49.3287,22031,27409,Nyctalus leisleri,0.009,0.021,-1,Echolocation,/mnt/ubna_data_02_mir/recover-20220922/UBNA_001/20220921_090000.WAV,Telephone Field,recover-20220922,001,1795
49.3305,49.3692,68437,82307,Rhinolophus ferrumequinum,0.022,0.022,-1,Echolocation,/mnt/ubna_data_02_mir/recover-20220922/UBNA_001/20220921_090000.WAV,Telephone Field,recover-20220922,001,1795
49.3445,49.3883,68437,82888,Rhinolophus ferrumequinum,0.032,0.032,-1,Echolocation,/mnt/ubna_data_02_mir/recover-20220922/UBNA_001/20220921_090000.WAV,Telephone Field,recover-20220922,001,1795
49.3525,49.3609,23750,31678,Plecotus austriacus,0.01,0.025,-1,Echolocation,/mnt/ubna_data_02_mir/recover-20220922/UBNA_001/20220921_090000.WAV,Telephone Field,recover-20220922,001,1795
49.3635,49.373000000000005,28046,36951,Eptesicus serotinus,0.008,0.02,-1,Echolocation,/mnt/ubna_data_02_mir/recover-20220922/UBNA_001/20220921_090000.WAV,Telephone Field,recover-20220922,001,1795
49.3725,49.3812,28046,36600,Eptesicus serotinus,0.008,0.021,-1,Echolocation,/mnt/ubna_data_02_mir/recover-20220922/UBNA_001/20220921_090000.WAV,Telephone Field,recover-20220922,001,1795
49.4075,49.4161,25468,34601,Eptesicus serotinus,0.009,0.023,-1,Echolocation,/mnt/ubna_data_02_mir/recover-20220922/UBNA_001/20220921_090000.WAV,Telephone Field,recover-20220922,001,1795
49.4435,49.4829,68437,81587,Rhinolophus ferrumequinum,0.021,0.022,-1,Echolocation,/mnt/ubna_data_02_mir/recover-20220922/UBNA_001/20220921_090000.WAV,Telephone Field,recover-20220922,001,1795
49.4565,49.4949,68437,82543,Rhinolophus ferrumequinum,0.02,0.02,-1,Echolocation,/mnt/ubna_data_02_mir/recover-20220922/UBNA_001/20220921_090000.WAV,Telephone Field,recover-20220922,001,1795
49.4755,49.4837,27187,37786,Eptesicus serotinus,0.007,0.021,-1,Echolocation,/mnt/ubna_data_02_mir/recover-20220922/UBNA_001/20220921_090000.WAV,Telephone Field,recover-20220922,001,1795
49.5225,49.5616,68437,82385,Rhinolophus ferrumequinum,0.022,0.022,-1,Echolocation,/mnt/ubna_data_02_mir/recover-20220922/UBNA_001/20220921_090000.WAV,Telephone Field,recover-20220922,001,1795
49.549499999999995,49.568799999999996,20312,23279,Nyctalus leisleri,0.016,0.026,-1,Echolocation,/mnt/ubna_data_02_mir/recover-20220922/UBNA_001/20220921_090000.WAV,Telephone Field,recover-20220922,001,1795
49.575500000000005,49.5854,25468,33862,Eptesicus serotinus,0.013,0.027,-1,Echolocation,/mnt/ubna_data_02_mir/recover-20220922/UBNA_001/20220921_090000.WAV,Telephone Field,recover-20220922,001,1795
49.5835,49.6228,68437,81970,Rhinolophus ferrumequinum,0.02,0.02,-1,Echolocation,/mnt/ubna_data_02_mir/recover-20220922/UBNA_001/20220921_090000.WAV,Telephone Field,recover-20220922,001,1795
49.6025,49.6386,68437,81270,Rhinolophus ferrumequinum,0.022,0.022,-1,Echolocation,/mnt/ubna_data_02_mir/recover-20220922/UBNA_001/20220921_090000.WAV,Telephone Field,recover-20220922,001,1795
49.6235,49.6316,27187,35865,Eptesicus serotinus,0.009,0.025,-1,Echolocation,/mnt/ubna_data_02_mir/recover-20220922/UBNA_001/20220921_090000.WAV,Telephone Field,recover-20220922,001,1795
49.6355,49.675200000000004,68437,82836,Rhinolophus ferrumequinum,0.022,0.022,-1,Echolocation,/mnt/ubna_data_02_mir/recover-20220922/UBNA_001/20220921_090000.WAV,Telephone Field,recover-20220922,001,1795
49.685500000000005,49.7267,68437,82592,Rhinolophus ferrumequinum,0.045,0.045,-1,Echolocation,/mnt/ubna_data_02_mir/recover-20220922/UBNA_001/20220921_090000.WAV,Telephone Field,recover-20220922,001,1795
49.7475,49.756299999999996,25468,33881,Eptesicus serotinus,0.008,0.022,-1,Echolocation,/mnt/ubna_data_02_mir/recover-20220922/UBNA_001/20220921_090000.WAV,Telephone Field,recover-20220922,001,1795
49.7635,49.7731,22890,28248,Nyctalus leisleri,0.009,0.021,-1,Echolocation,/mnt/ubna_data_02_mir/recover-20220922/UBNA_001/20220921_090000.WAV,Telephone Field,recover-20220922,001,1795
49.7745,49.8119,68437,81550,Rhinolophus ferrumequinum,0.021,0.021,-1,Echolocation,/mnt/ubna_data_02_mir/recover-20220922/UBNA_001/20220921_090000.WAV,Telephone Field,recover-20220922,001,1795
49.8185,49.8582,68437,82438,Rhinolophus ferrumequinum,0.021,0.021,-1,Echolocation,/mnt/ubna_data_02_mir/recover-20220922/UBNA_001/20220921_090000.WAV,Telephone Field,recover-20220922,001,1795
49.8715,49.907,68437,81379,Rhinolophus ferrumequinum,0.021,0.021,-1,Echolocation,/mnt/ubna_data_02_mir/recover-20220922/UBNA_001/20220921_090000.WAV,Telephone Field,recover-20220922,001,1795
49.911500000000004,49.9189,28046,39104,Eptesicus serotinus,0.006,0.021,-1,Echolocation,/mnt/ubna_data_02_mir/recover-20220922/UBNA_001/20220921_090000.WAV,Telephone Field,recover-20220922,001,1795
49.9595,49.9959,68437,81503,Rhinolophus ferrumequinum,0.023,0.023,-1,Echolocation,/mnt/ubna_data_02_mir/recover-20220922/UBNA_001/20220921_090000.WAV,Telephone Field,recover-20220922,001,1795
49.966499999999996,49.9745,27187,39507,Eptesicus serotinus,0.008,0.022,-1,Echolocation,/mnt/ubna_data_02_mir/recover-20220922/UBNA_001/20220921_090000.WAV,Telephone Field,recover-20220922,001,1795
49.9715,49.9778,24609,34453,Plecotus austriacus,0.008,0.021,-1,Echolocation,/mnt/ubna_data_02_mir/recover-20220922/UBNA_001/20220921_090000.WAV,Telephone Field,recover-20220922,001,1795
50.0015,50.0105,24609,33352,Nyctalus leisleri,0.009,0.03,-1,Echolocation,/mnt/ubna_data_02_mir/recover-20220922/UBNA_001/20220921_090000.WAV,Telephone Field,recover-20220922,001,1795
50.0015,50.0353,68437,80463,Rhinolophus ferrumequinum,0.039,0.039,-1,Echolocation,/mnt/ubna_data_02_mir/recover-20220922/UBNA_001/20220921_090000.WAV,Telephone Field,recover-20220922,001,1795
50.0075,50.0168,24609,30986,Nyctalus leisleri,0.008,0.022,-1,Echolocation,/mnt/ubna_data_02_mir/recover-20220922/UBNA_001/20220921_090000.WAV,Telephone Field,recover-20220922,001,1795
50.057500000000005,50.0659,28046,40358,Eptesicus serotinus,0.008,0.021,-1,Echolocation,/mnt/ubna_data_02_mir/recover-20220922/UBNA_001/20220921_090000.WAV,Telephone Field,recover-20220922,001,1795
50.1415,50.159,22890,26882,Nyctalus leisleri,0.024,0.043,-1,Echolocation,/mnt/ubna_data_02_mir/recover-20220922/UBNA_001/20220921_090000.WAV,Telephone Field,recover-20220922,001,1795
50.1515,50.1901,68437,81681,Rhinolophus ferrumequinum,0.024,0.024,-1,Echolocation,/mnt/ubna_data_02_mir/recover-20220922/UBNA_001/20220921_090000.WAV,Telephone Field,recover-20220922,001,1795
50.1515,50.1577,40078,54860,Myotis mystacinus,0.005,0.022,-1,Echolocation,/mnt/ubna_data_02_mir/recover-20220922/UBNA_001/20220921_090000.WAV,Telephone Field,recover-20220922,001,1795
50.195499999999996,50.2325,68437,81421,Rhinolophus ferrumequinum,0.022,0.022,-1,Echolocation,/mnt/ubna_data_02_mir/recover-20220922/UBNA_001/20220921_090000.WAV,Telephone Field,recover-20220922,001,1795
50.2235,50.231300000000005,27187,37936,Eptesicus serotinus,0.006,0.021,-1,Echolocation,/mnt/ubna_data_02_mir/recover-20220922/UBNA_001/20220921_090000.WAV,Telephone Field,recover-20220922,001,1795
50.2545,50.2645,28906,37122,Eptesicus serotinus,0.015,0.028,-1,Echolocation,/mnt/ubna_data_02_mir/recover-20220922/UBNA_001/20220921_090000.WAV,Telephone Field,recover-20220922,001,1795
50.2565,50.2934,68437,82192,Rhinolophus ferrumequinum,0.022,0.022,-1,Echolocation,/mnt/ubna_data_02_mir/recover-20220922/UBNA_001/20220921_090000.WAV,Telephone Field,recover-20220922,001,1795
50.2675,50.306200000000004,68437,81912,Rhinolophus ferrumequinum,0.022,0.022,-1,Echolocation,/mnt/ubna_data_02_mir/recover-20220922/UBNA_001/20220921_090000.WAV,Telephone Field,recover-20220922,001,1795
50.2805,50.2905,23750,31223,Eptesicus serotinus,0.007,0.021,-1,Echolocation,/mnt/ubna_data_02_mir/recover-20220922/UBNA_001/20220921_090000.WAV,Telephone Field,recover-20220922,001,1795
50.2935,50.3343,68437,82462,Rhinolophus ferrumequinum,0.022,0.022,-1,Echolocation,/mnt/ubna_data_02_mir/recover-20220922/UBNA_001/20220921_090000.WAV,Telephone Field,recover-20220922,001,1795
50.2945,50.3069,22031,26314,Nyctalus leisleri,0.012,0.022,-1,Echolocation,/mnt/ubna_data_02_mir/recover-20220922/UBNA_001/20220921_090000.WAV,Telephone Field,recover-20220922,001,1795
50.326499999999996,50.3345,26328,35394,Eptesicus serotinus,0.007,0.022,-1,Echolocation,/mnt/ubna_data_02_mir/recover-20220922/UBNA_001/20220921_090000.WAV,Telephone Field,recover-20220922,001,1795
50.3495,50.3904,68437,82807,Rhinolophus ferrumequinum,0.023,0.023,-1,Echolocation,/mnt/ubna_data_02_mir/recover-20220922/UBNA_001/20220921_090000.WAV,Telephone Field,recover-20220922,001,1795
50.3995,50.438,68437,81976,Rhinolophus ferrumequinum,0.022,0.022,-1,Echolocation,/mnt/ubna_data_02_mir/recover-20220922/UBNA_001/20220921_090000.WAV,Telephone Field,recover-20220922,001,1795
50.4225,50.4291,41796,53305,Myotis daubentonii,0.005,0.022,-1,Echolocation,/mnt/ubna_data_02_mir/recover-20220922/UBNA_001/20220921_090000.WAV,Telephone Field,recover-20220922,001,1795
50.4315,50.469,68437,82369,Rhinolophus ferrumequinum,0.023,0.023,-1,Echolocation,/mnt/ubna_data_02_mir/recover-20220922/UBNA_001/20220921_090000.WAV,Telephone Field,recover-20220922,001,1795
50.4585,50.4692,22890,28270,Nyctalus leisleri,0.01,0.022,-1,Echolocation,/mnt/ubna_data_02_mir/recover-20220922/UBNA_001/20220921_090000.WAV,Telephone Field,recover-20220922,001,1795
50.4595,50.5001,68437,82190,Rhinolophus ferrumequinum,0.024,0.024,-1,Echolocation,/mnt/ubna_data_02_mir/recover-20220922/UBNA_001/20220921_090000.WAV,Telephone Field,recover-20220922,001,1795
50.4685,50.506299999999996,68437,81029,Rhinolophus ferrumequinum,0.023,0.023,-1,Echolocation,/mnt/ubna_data_02_mir/recover-20220922/UBNA_001/20220921_090000.WAV,Telephone Field,recover-20220922,001,1795
50.5155,50.5223,25468,35795,Plecotus austriacus,0.014,0.041,-1,Echolocation,/mnt/ubna_data_02_mir/recover-20220922/UBNA_001/20220921_090000.WAV,Telephone Field,recover-20220922,001,1795
50.5245,50.5616,68437,81590,Rhinolophus ferrumequinum,0.021,0.021,-1,Echolocation,/mnt/ubna_data_02_mir/recover-20220922/UBNA_001/20220921_090000.WAV,Telephone Field,recover-20220922,001,1795
50.5415,50.582300000000004,68437,81791,Rhinolophus ferrumequinum,0.021,0.021,-1,Echolocation,/mnt/ubna_data_02_mir/recover-20220922/UBNA_001/20220921_090000.WAV,Telephone Field,recover-20220922,001,1795
50.564499999999995,50.602599999999995,68437,82037,Rhinolophus ferrumequinum,0.022,0.022,-1,Echolocation,/mnt/ubna_data_02_mir/recover-20220922/UBNA_001/20220921_090000.WAV,Telephone Field,recover-20220922,001,1795
50.5905,50.635999999999996,68437,83000,Rhinolophus ferrumequinum,0.068,0.068,-1,Echolocation,/mnt/ubna_data_02_mir/recover-20220922/UBNA_001/20220921_090000.WAV,Telephone Field,recover-20220922,001,1795
50.5965,50.6079,28906,36260,Eptesicus serotinus,0.012,0.026,-1,Echolocation,/mnt/ubna_data_02_mir/recover-20220922/UBNA_001/20220921_090000.WAV,Telephone Field,recover-20220922,001,1795
50.6105,50.6175,28046,38247,Eptesicus serotinus,0.007,0.023,-1,Echolocation,/mnt/ubna_data_02_mir/recover-20220922/UBNA_001/20220921_090000.WAV,Telephone Field,recover-20220922,001,1795
50.691500000000005,50.6988,28906,40691,Eptesicus serotinus,0.008,0.025,-1,Echolocation,/mnt/ubna_data_02_mir/recover-20220922/UBNA_001/20220921_090000.WAV,Telephone Field,recover-20220922,001,1795
50.7065,50.7157,23750,29983,Nyctalus leisleri,0.007,0.024,-1,Echolocation,/mnt/ubna_data_02_mir/recover-20220922/UBNA_001/20220921_090000.WAV,Telephone Field,recover-20220922,001,1795
50.7285,50.7688,68437,82170,Rhinolophus ferrumequinum,0.022,0.022,-1,Echolocation,/mnt/ubna_data_02_mir/recover-20220922/UBNA_001/20220921_090000.WAV,Telephone Field,recover-20220922,001,1795
50.7765,50.8223,68437,83867,Rhinolophus ferrumequinum,0.046,0.046,-1,Echolocation,/mnt/ubna_data_02_mir/recover-20220922/UBNA_001/20220921_090000.WAV,Telephone Field,recover-20220922,001,1795
50.819500000000005,50.8288,28046,39232,Eptesicus serotinus,0.009,0.022,-1,Echolocation,/mnt/ubna_data_02_mir/recover-20220922/UBNA_001/20220921_090000.WAV,Telephone Field,recover-20220922,001,1795
50.8275,50.862700000000004,68437,81060,Rhinolophus ferrumequinum,0.021,0.021,-1,Echolocation,/mnt/ubna_data_02_mir/recover-20220922/UBNA_001/20220921_090000.WAV,Telephone Field,recover-20220922,001,1795
50.8305,50.8403,23750,30197,Nyctalus leisleri,0.009,0.027,-1,Echolocation,/mnt/ubna_data_02_mir/recover-20220922/UBNA_001/20220921_090000.WAV,Telephone Field,recover-20220922,001,1795
50.8595,50.8679,25468,33373,Eptesicus serotinus,0.008,0.024,-1,Echolocation,/mnt/ubna_data_02_mir/recover-20220922/UBNA_001/20220921_090000.WAV,Telephone Field,recover-20220922,001,1795
50.9495,50.9924,68437,83147,Rhinolophus ferrumequinum,0.036,0.036,-1,Echolocation,/mnt/ubna_data_02_mir/recover-20220922/UBNA_001/20220921_090000.WAV,Telephone Field,recover-20220922,001,1795
50.9655,51.0094,68437,83437,Rhinolophus ferrumequinum,0.025,0.025,-1,Echolocation,/mnt/ubna_data_02_mir/recover-20220922/UBNA_001/20220921_090000.WAV,Telephone Field,recover-20220922,001,1795
50.9755,50.9988,19453,22780,Nyctalus noctula,0.084,0.133,-1,Echolocation,/mnt/ubna_data_02_mir/recover-20220922/UBNA_001/20220921_090000.WAV,Telephone Field,recover-20220922,001,1795
51.0255,51.0334,28046,39213,Eptesicus serotinus,0.008,0.028,-1,Echolocation,/mnt/ubna_data_02_mir/recover-20220922/UBNA_001/20220921_090000.WAV,Telephone Field,recover-20220922,001,1795
51.075500000000005,51.1104,68437,81261,Rhinolophus ferrumequinum,0.022,0.022,-1,Echolocation,/mnt/ubna_data_02_mir/recover-20220922/UBNA_001/20220921_090000.WAV,Telephone Field,recover-20220922,001,1795
51.091499999999996,51.1005,28046,37279,Eptesicus serotinus,0.008,0.022,-1,Echolocation,/mnt/ubna_data_02_mir/recover-20220922/UBNA_001/20220921_090000.WAV,Telephone Field,recover-20220922,001,1795
51.1355,51.1715,68437,81531,Rhinolophus ferrumequinum,0.022,0.022,-1,Echolocation,/mnt/ubna_data_02_mir/recover-20220922/UBNA_001/20220921_090000.WAV,Telephone Field,recover-20220922,001,1795
51.1455,51.1555,28906,36951,Eptesicus serotinus,0.009,0.022,-1,Echolocation,/mnt/ubna_data_02_mir/recover-20220922/UBNA_001/20220921_090000.WAV,Telephone Field,recover-20220922,001,1795
51.1575,51.197,68437,82633,Rhinolophus ferrumequinum,0.021,0.021,-1,Echolocation,/mnt/ubna_data_02_mir/recover-20220922/UBNA_001/20220921_090000.WAV,Telephone Field,recover-20220922,001,1795
51.2035,51.2372,68437,81298,Rhinolophus ferrumequinum,0.021,0.021,-1,Echolocation,/mnt/ubna_data_02_mir/recover-20220922/UBNA_001/20220921_090000.WAV,Telephone Field,recover-20220922,001,1795
51.2055,51.2131,48671,55839,Pipistrellus pipistrellus,0.02,0.022,-1,Echolocation,/mnt/ubna_data_02_mir/recover-20220922/UBNA_001/20220921_090000.WAV,Telephone Field,recover-20220922,001,1795
51.2395,51.2772,68437,82681,Rhinolophus ferrumequinum,0.025,0.025,-1,Echolocation,/mnt/ubna_data_02_mir/recover-20220922/UBNA_001/20220921_090000.WAV,Telephone Field,recover-20220922,001,1795
51.2425,51.2522,28046,36999,Eptesicus serotinus,0.01,0.023,-1,Echolocation,/mnt/ubna_data_02_mir/recover-20220922/UBNA_001/20220921_090000.WAV,Telephone Field,recover-20220922,001,1795
51.2465,51.2838,68437,81779,Rhinolophus ferrumequinum,0.021,0.021,-1,Echolocation,/mnt/ubna_data_02_mir/recover-20220922/UBNA_001/20220921_090000.WAV,Telephone Field,recover-20220922,001,1795
51.2595,51.2699,23750,29983,Nyctalus leisleri,0.009,0.023,-1,Echolocation,/mnt/ubna_data_02_mir/recover-20220922/UBNA_001/20220921_090000.WAV,Telephone Field,recover-20220922,001,1795
51.2795,51.2866,50390,56442,Pipistrellus pipistrellus,0.021,0.024,-1,Echolocation,/mnt/ubna_data_02_mir/recover-20220922/UBNA_001/20220921_090000.WAV,Telephone Field,recover-20220922,001,1795
51.2795,51.290099999999995,28046,35794,Eptesicus serotinus,0.016,0.03,-1,Echolocation,/mnt/ubna_data_02_mir/recover-20220922/UBNA_001/20220921_090000.WAV,Telephone Field,recover-20220922,001,1795
51.3775,51.422799999999995,68437,83534,Rhinolophus ferrumequinum,0.034,0.034,-1,Echolocation,/mnt/ubna_data_02_mir/recover-20220922/UBNA_001/20220921_090000.WAV,Telephone Field,recover-20220922,001,1795
51.4035,51.443,68437,82214,Rhinolophus ferrumequinum,0.022,0.022,-1,Echolocation,/mnt/ubna_data_02_mir/recover-20220922/UBNA_001/20220921_090000.WAV,Telephone Field,recover-20220922,001,1795
51.4055,51.4127,28046,39352,Eptesicus serotinus,0.007,0.022,-1,Echolocation,/mnt/ubna_data_02_mir/recover-20220922/UBNA_001/20220921_090000.WAV,Telephone Field,recover-20220922,001,1795
51.4585,51.497699999999995,68437,82085,Rhinolophus ferrumequinum,0.023,0.023,-1,Echolocation,/mnt/ubna_data_02_mir/recover-20220922/UBNA_001/20220921_090000.WAV,Telephone Field,recover-20220922,001,1795
51.4875,51.5246,68437,82189,Rhinolophus ferrumequinum,0.025,0.025,-1,Echolocation,/mnt/ubna_data_02_mir/recover-20220922/UBNA_001/20220921_090000.WAV,Telephone Field,recover-20220922,001,1795
51.5185,51.5574,68437,82312,Rhinolophus ferrumequinum,0.021,0.021,-1,Echolocation,/mnt/ubna_data_02_mir/recover-20220922/UBNA_001/20220921_090000.WAV,Telephone Field,recover-20220922,001,1795
51.5445,51.583600000000004,68437,82153,Rhinolophus ferrumequinum,0.021,0.021,-1,Echolocation,/mnt/ubna_data_02_mir/recover-20220922/UBNA_001/20220921_090000.WAV,Telephone Field,recover-20220922,001,1795
51.557500000000005,51.598299999999995,68437,82711,Rhinolophus ferrumequinum,0.023,0.023,-1,Echolocation,/mnt/ubna_data_02_mir/recover-20220922/UBNA_001/20220921_090000.WAV,Telephone Field,recover-20220922,001,1795
51.563500000000005,51.6048,68437,82928,Rhinolophus ferrumequinum,0.024,0.024,-1,Echolocation,/mnt/ubna_data_02_mir/recover-20220922/UBNA_001/20220921_090000.WAV,Telephone Field,recover-20220922,001,1795
51.5815,51.619299999999996,68437,81651,Rhinolophus ferrumequinum,0.022,0.023,-1,Echolocation,/mnt/ubna_data_02_mir/recover-20220922/UBNA_001/20220921_090000.WAV,Telephone Field,recover-20220922,001,1795
51.6045,51.612899999999996,28046,38828,Eptesicus serotinus,0.009,0.024,-1,Echolocation,/mnt/ubna_data_02_mir/recover-20220922/UBNA_001/20220921_090000.WAV,Telephone Field,recover-20220922,001,1795
51.6055,51.646100000000004,68437,82541,Rhinolophus ferrumequinum,0.025,0.025,-1,Echolocation,/mnt/ubna_data_02_mir/recover-20220922/UBNA_001/20220921_090000.WAV,Telephone Field,recover-20220922,001,1795
51.6255,51.6326,25468,34467,Plecotus austriacus,0.008,0.027,-1,Echolocation,/mnt/ubna_data_02_mir/recover-20220922/UBNA_001/20220921_090000.WAV,Telephone Field,recover-20220922,001,1795
51.6755,51.712,68437,81706,Rhinolophus ferrumequinum,0.023,0.023,-1,Echolocation,/mnt/ubna_data_02_mir/recover-20220922/UBNA_001/20220921_090000.WAV,Telephone Field,recover-20220922,001,1795
51.7335,51.7696,68437,81442,Rhinolophus ferrumequinum,0.024,0.024,-1,Echolocation,/mnt/ubna_data_02_mir/recover-20220922/UBNA_001/20220921_090000.WAV,Telephone Field,recover-20220922,001,1795
51.7485,51.789500000000004,68437,82789,Rhinolophus ferrumequinum,0.025,0.025,-1,Echolocation,/mnt/ubna_data_02_mir/recover-20220922/UBNA_001/20220921_090000.WAV,Telephone Field,recover-20220922,001,1795
51.8185,51.856899999999996,68437,81635,Rhinolophus ferrumequinum,0.024,0.024,-1,Echolocation,/mnt/ubna_data_02_mir/recover-20220922/UBNA_001/20220921_090000.WAV,Telephone Field,recover-20220922,001,1795
51.823499999999996,51.863600000000005,68437,82199,Rhinolophus ferrumequinum,0.024,0.024,-1,Echolocation,/mnt/ubna_data_02_mir/recover-20220922/UBNA_001/20220921_090000.WAV,Telephone Field,recover-20220922,001,1795
51.8365,51.845600000000005,27187,36873,Eptesicus serotinus,0.009,0.023,-1,Echolocation,/mnt/ubna_data_02_mir/recover-20220922/UBNA_001/20220921_090000.WAV,Telephone Field,recover-20220922,001,1795
51.8495,51.859899999999996,24609,30468,Nyctalus leisleri,0.01,0.024,-1,Echolocation,/mnt/ubna_data_02_mir/recover-20220922/UBNA_001/20220921_090000.WAV,Telephone Field,recover-20220922,001,1795
51.8525,51.892700000000005,68437,81818,Rhinolophus ferrumequinum,0.022,0.022,-1,Echolocation,/mnt/ubna_data_02_mir/recover-20220922/UBNA_001/20220921_090000.WAV,Telephone Field,recover-20220922,001,1795
51.8815,51.9203,68437,81997,Rhinolophus ferrumequinum,0.022,0.022,-1,Echolocation,/mnt/ubna_data_02_mir/recover-20220922/UBNA_001/20220921_090000.WAV,Telephone Field,recover-20220922,001,1795
51.923500000000004,51.9304,28046,39931,Eptesicus serotinus,0.008,0.025,-1,Echolocation,/mnt/ubna_data_02_mir/recover-20220922/UBNA_001/20220921_090000.WAV,Telephone Field,recover-20220922,001,1795
51.933499999999995,51.9724,68437,82383,Rhinolophus ferrumequinum,0.024,0.024,-1,Echolocation,/mnt/ubna_data_02_mir/recover-20220922/UBNA_001/20220921_090000.WAV,Telephone Field,recover-20220922,001,1795
51.950500000000005,51.9619,28906,36720,Eptesicus serotinus,0.014,0.027,-1,Echolocation,/mnt/ubna_data_02_mir/recover-20220922/UBNA_001/20220921_090000.WAV,Telephone Field,recover-20220922,001,1795
51.9825,51.9925,14296,20955,Nyctalus noctula,0.018,0.034,-1,Echolocation,/mnt/ubna_data_02_mir/recover-20220922/UBNA_001/20220921_090000.WAV,Telephone Field,recover-20220922,001,1795
52.0015,52.0081,47812,54913,Pipistrellus pipistrellus,0.017,0.022,-1,Echolocation,/mnt/ubna_data_02_mir/recover-20220922/UBNA_001/20220921_090000.WAV,Telephone Field,recover-20220922,001,1795
52.0015,52.0328,68437,80660,Rhinolophus ferrumequinum,0.033,0.033,-1,Echolocation,/mnt/ubna_data_02_mir/recover-20220922/UBNA_001/20220921_090000.WAV,Telephone Field,recover-20220922,001,1795
52.0015,52.0079,25468,40868,Myotis nattereri,0.008,0.03,-1,Echolocation,/mnt/ubna_data_02_mir/recover-20220922/UBNA_001/20220921_090000.WAV,Telephone Field,recover-20220922,001,1795
52.039500000000004,52.075199999999995,68437,81622,Rhinolophus ferrumequinum,0.021,0.021,-1,Echolocation,/mnt/ubna_data_02_mir/recover-20220922/UBNA_001/20220921_090000.WAV,Telephone Field,recover-20220922,001,1795
52.0435,52.0514,28046,38245,Eptesicus serotinus,0.007,0.021,-1,Echolocation,/mnt/ubna_data_02_mir/recover-20220922/UBNA_001/20220921_090000.WAV,Telephone Field,recover-20220922,001,1795
52.055499999999995,52.066199999999995,23750,28939,Nyctalus leisleri,0.011,0.024,-1,Echolocation,/mnt/ubna_data_02_mir/recover-20220922/UBNA_001/20220921_090000.WAV,Telephone Field,recover-20220922,001,1795
52.070499999999996,52.1094,68437,82525,Rhinolophus ferrumequinum,0.023,0.023,-1,Echolocation,/mnt/ubna_data_02_mir/recover-20220922/UBNA_001/20220921_090000.WAV,Telephone Field,recover-20220922,001,1795
52.070499999999996,52.081900000000005,49531,53737,Pipistrellus pipistrellus,0.024,0.028,-1,Echolocation,/mnt/ubna_data_02_mir/recover-20220922/UBNA_001/20220921_090000.WAV,Telephone Field,recover-20220922,001,1795
52.1105,52.1186,23750,31265,Plecotus austriacus,0.009,0.023,-1,Echolocation,/mnt/ubna_data_02_mir/recover-20220922/UBNA_001/20220921_090000.WAV,Telephone Field,recover-20220922,001,1795
52.1185,52.158500000000004,68437,82209,Rhinolophus ferrumequinum,0.028,0.028,-1,Echolocation,/mnt/ubna_data_02_mir/recover-20220922/UBNA_001/20220921_090000.WAV,Telephone Field,recover-20220922,001,1795
52.1215,52.1315,46093,49513,Pipistrellus pipistrellus,0.04,0.042,-1,Echolocation,/mnt/ubna_data_02_mir/recover-20220922/UBNA_001/20220921_090000.WAV,Telephone Field,recover-20220922,001,1795
52.1375,52.176,68437,81921,Rhinolophus ferrumequinum,0.021,0.021,-1,Echolocation,/mnt/ubna_data_02_mir/recover-20220922/UBNA_001/20220921_090000.WAV,Telephone Field,recover-20220922,001,1795
52.1665,52.208,68437,81963,Rhinolophus ferrumequinum,0.023,0.023,-1,Echolocation,/mnt/ubna_data_02_mir/recover-20220922/UBNA_001/20220921_090000.WAV,Telephone Field,recover-20220922,001,1795
52.183499999999995,52.2224,68437,82430,Rhinolophus ferrumequinum,0.022,0.022,-1,Echolocation,/mnt/ubna_data_02_mir/recover-20220922/UBNA_001/20220921_090000.WAV,Telephone Field,recover-20220922,001,1795
52.192499999999995,52.2024,26328,33781,Eptesicus serotinus,0.014,0.032,-1,Echolocation,/mnt/ubna_data_02_mir/recover-20220922/UBNA_001/20220921_090000.WAV,Telephone Field,recover-20220922,001,1795
52.2145,52.2214,28046,41201,Eptesicus serotinus,0.007,0.022,-1,Echolocation,/mnt/ubna_data_02_mir/recover-20220922/UBNA_001/20220921_090000.WAV,Telephone Field,recover-20220922,001,1795
52.2475,52.256,26328,35253,Eptesicus serotinus,0.008,0.024,-1,Echolocation,/mnt/ubna_data_02_mir/recover-20220922/UBNA_001/20220921_090000.WAV,Telephone Field,recover-20220922,001,1795
52.283500000000004,52.294799999999995,49531,55929,Pipistrellus pipistrellus,0.03,0.036,-1,Echolocation,/mnt/ubna_data_02_mir/recover-20220922/UBNA_001/20220921_090000.WAV,Telephone Field,recover-20220922,001,1795
52.2915,52.299099999999996,22890,31406,Plecotus austriacus,0.011,0.024,-1,Echolocation,/mnt/ubna_data_02_mir/recover-20220922/UBNA_001/20220921_090000.WAV,Telephone Field,recover-20220922,001,1795
52.301500000000004,52.3438,68437,82904,Rhinolophus ferrumequinum,0.033,0.033,-1,Echolocation,/mnt/ubna_data_02_mir/recover-20220922/UBNA_001/20220921_090000.WAV,Telephone Field,recover-20220922,001,1795
52.317499999999995,52.3256,28906,38554,Eptesicus serotinus,0.01,0.027,-1,Echolocation,/mnt/ubna_data_02_mir/recover-20220922/UBNA_001/20220921_090000.WAV,Telephone Field,recover-20220922,001,1795
52.3545,52.3654,22890,28384,Nyctalus leisleri,0.009,0.021,-1,Echolocation,/mnt/ubna_data_02_mir/recover-20220922/UBNA_001/20220921_090000.WAV,Telephone Field,recover-20220922,001,1795
52.3575,52.393100000000004,68437,81387,Rhinolophus ferrumequinum,0.022,0.023,-1,Echolocation,/mnt/ubna_data_02_mir/recover-20220922/UBNA_001/20220921_090000.WAV,Telephone Field,recover-20220922,001,1795
52.4005,52.4422,68437,82651,Rhinolophus ferrumequinum,0.034,0.034,-1,Echolocation,/mnt/ubna_data_02_mir/recover-20220922/UBNA_001/20220921_090000.WAV,Telephone Field,recover-20220922,001,1795
52.433499999999995,52.475300000000004,68437,82904,Rhinolophus ferrumequinum,0.023,0.023,-1,Echolocation,/mnt/ubna_data_02_mir/recover-20220922/UBNA_001/20220921_090000.WAV,Telephone Field,recover-20220922,001,1795
52.433499999999995,52.4437,25468,31489,Eptesicus serotinus,0.019,0.051,-1,Echolocation,/mnt/ubna_data_02_mir/recover-20220922/UBNA_001/20220921_090000.WAV,Telephone Field,recover-20220922,001,1795
52.4495,52.4865,68437,81853,Rhinolophus ferrumequinum,0.021,0.021,-1,Echolocation,/mnt/ubna_data_02_mir/recover-20220922/UBNA_001/20220921_090000.WAV,Telephone Field,recover-20220922,001,1795
52.4755,52.4829,28046,38713,Eptesicus serotinus,0.018,0.045,-1,Echolocation,/mnt/ubna_data_02_mir/recover-20220922/UBNA_001/20220921_090000.WAV,Telephone Field,recover-20220922,001,1795
52.4825,52.5227,68437,82650,Rhinolophus ferrumequinum,0.029,0.029,-1,Echolocation,/mnt/ubna_data_02_mir/recover-20220922/UBNA_001/20220921_090000.WAV,Telephone Field,recover-20220922,001,1795
52.4845,52.4932,26328,34089,Eptesicus serotinus,0.01,0.026,-1,Echolocation,/mnt/ubna_data_02_mir/recover-20220922/UBNA_001/20220921_090000.WAV,Telephone Field,recover-20220922,001,1795
52.5125,52.519999999999996,28046,41686,Eptesicus serotinus,0.007,0.021,-1,Echolocation,/mnt/ubna_data_02_mir/recover-20220922/UBNA_001/20220921_090000.WAV,Telephone Field,recover-20220922,001,1795
52.5135,52.5526,68437,82739,Rhinolophus ferrumequinum,0.022,0.022,-1,Echolocation,/mnt/ubna_data_02_mir/recover-20220922/UBNA_001/20220921_090000.WAV,Telephone Field,recover-20220922,001,1795
52.5165,52.524699999999996,23750,31904,Plecotus austriacus,0.007,0.021,-1,Echolocation,/mnt/ubna_data_02_mir/recover-20220922/UBNA_001/20220921_090000.WAV,Telephone Field,recover-20220922,001,1795
52.533500000000004,52.5734,68437,81576,Rhinolophus ferrumequinum,0.027,0.027,-1,Echolocation,/mnt/ubna_data_02_mir/recover-20220922/UBNA_001/20220921_090000.WAV,Telephone Field,recover-20220922,001,1795
52.5715,52.5801,28046,39671,Eptesicus serotinus,0.008,0.021,-1,Echolocation,/mnt/ubna_data_02_mir/recover-20220922/UBNA_001/20220921_090000.WAV,Telephone Field,recover-20220922,001,1795
52.5925,52.6311,68437,82439,Rhinolophus ferrumequinum,0.021,0.021,-1,Echolocation,/mnt/ubna_data_02_mir/recover-20220922/UBNA_001/20220921_090000.WAV,Telephone Field,recover-20220922,001,1795
52.5975,52.637100000000004,68437,82524,Rhinolophus ferrumequinum,0.022,0.022,-1,Echolocation,/mnt/ubna_data_02_mir/recover-20220922/UBNA_001/20220921_090000.WAV,Telephone Field,recover-20220922,001,1795
52.6185,52.629000000000005,28046,36925,Eptesicus serotinus,0.013,0.025,-1,Echolocation,/mnt/ubna_data_02_mir/recover-20220922/UBNA_001/20220921_090000.WAV,Telephone Field,recover-20220922,001,1795
52.6265,52.664500000000004,68437,82189,Rhinolophus ferrumequinum,0.024,0.024,-1,Echolocation,/mnt/ubna_data_02_mir/recover-20220922/UBNA_001/20220921_090000.WAV,Telephone Field,recover-20220922,001,1795
52.6485,52.6567,25468,34922,Eptesicus serotinus,0.009,0.026,-1,Echolocation,/mnt/ubna_data_02_mir/recover-20220922/UBNA_001/20220921_090000.WAV,Telephone Field,recover-20220922,001,1795
52.7035,52.7458,68437,82874,Rhinolophus ferrumequinum,0.024,0.024,-1,Echolocation,/mnt/ubna_data_02_mir/recover-20220922/UBNA_001/20220921_090000.WAV,Telephone Field,recover-20220922,001,1795
52.7515,52.788799999999995,68437,81820,Rhinolophus ferrumequinum,0.021,0.021,-1,Echolocation,/mnt/ubna_data_02_mir/recover-20220922/UBNA_001/20220921_090000.WAV,Telephone Field,recover-20220922,001,1795
52.7665,52.7739,28046,42301,Eptesicus serotinus,0.007,0.021,-1,Echolocation,/mnt/ubna_data_02_mir/recover-20220922/UBNA_001/20220921_090000.WAV,Telephone Field,recover-20220922,001,1795
52.7775,52.8174,68437,82599,Rhinolophus ferrumequinum,0.023,0.023,-1,Echolocation,/mnt/ubna_data_02_mir/recover-20220922/UBNA_001/20220921_090000.WAV,Telephone Field,recover-20220922,001,1795
52.816500000000005,52.8587,68437,82596,Rhinolophus ferrumequinum,0.027,0.027,-1,Echolocation,/mnt/ubna_data_02_mir/recover-20220922/UBNA_001/20220921_090000.WAV,Telephone Field,recover-20220922,001,1795
52.819500000000005,52.8264,28046,41160,Eptesicus serotinus,0.007,0.024,-1,Echolocation,/mnt/ubna_data_02_mir/recover-20220922/UBNA_001/20220921_090000.WAV,Telephone Field,recover-20220922,001,1795
52.8465,52.8544,27187,36244,Eptesicus serotinus,0.01,0.026,-1,Echolocation,/mnt/ubna_data_02_mir/recover-20220922/UBNA_001/20220921_090000.WAV,Telephone Field,recover-20220922,001,1795
52.8635,52.873000000000005,28906,36328,Eptesicus serotinus,0.023,0.042,-1,Echolocation,/mnt/ubna_data_02_mir/recover-20220922/UBNA_001/20220921_090000.WAV,Telephone Field,recover-20220922,001,1795
52.8895,52.9309,68437,82304,Rhinolophus ferrumequinum,0.025,0.025,-1,Echolocation,/mnt/ubna_data_02_mir/recover-20220922/UBNA_001/20220921_090000.WAV,Telephone Field,recover-20220922,001,1795
52.8925,52.9084,15156,20329,Nyctalus noctula,0.035,0.049,-1,Echolocation,/mnt/ubna_data_02_mir/recover-20220922/UBNA_001/20220921_090000.WAV,Telephone Field,recover-20220922,001,1795
52.920500000000004,52.932,22890,28269,Nyctalus leisleri,0.011,0.025,-1,Echolocation,/mnt/ubna_data_02_mir/recover-20220922/UBNA_001/20220921_090000.WAV,Telephone Field,recover-20220922,001,1795
52.963499999999996,52.970600000000005,24609,33931,Plecotus austriacus,0.01,0.025,-1,Echolocation,/mnt/ubna_data_02_mir/recover-20220922/UBNA_001/20220921_090000.WAV,Telephone Field,recover-20220922,001,1795
52.966499999999996,53.0026,68437,80974,Rhinolophus ferrumequinum,0.021,0.021,-1,Echolocation,/mnt/ubna_data_02_mir/recover-20220922/UBNA_001/20220921_090000.WAV,Telephone Field,recover-20220922,001,1795
52.9935,53.035399999999996,68437,82774,Rhinolophus ferrumequinum,0.022,0.022,-1,Echolocation,/mnt/ubna_data_02_mir/recover-20220922/UBNA_001/20220921_090000.WAV,Telephone Field,recover-20220922,001,1795
53.0005,53.0115,22890,27877,Nyctalus leisleri,0.014,0.027,-1,Echolocation,/mnt/ubna_data_02_mir/recover-20220922/UBNA_001/20220921_090000.WAV,Telephone Field,recover-20220922,001,1795
53.039500000000004,53.0784,68437,82120,Rhinolophus ferrumequinum,0.022,0.022,-1,Echolocation,/mnt/ubna_data_02_mir/recover-20220922/UBNA_001/20220921_090000.WAV,Telephone Field,recover-20220922,001,1795
53.066500000000005,53.1098,68437,83048,Rhinolophus ferrumequinum,0.033,0.033,-1,Echolocation,/mnt/ubna_data_02_mir/recover-20220922/UBNA_001/20220921_090000.WAV,Telephone Field,recover-20220922,001,1795
53.079499999999996,53.117599999999996,68437,82082,Rhinolophus ferrumequinum,0.021,0.021,-1,Echolocation,/mnt/ubna_data_02_mir/recover-20220922/UBNA_001/20220921_090000.WAV,Telephone Field,recover-20220922,001,1795
53.1175,53.1271,23750,31325,Nyctalus leisleri,0.007,0.024,-1,Echolocation,/mnt/ubna_data_02_mir/recover-20220922/UBNA_001/20220921_090000.WAV,Telephone Field,recover-20220922,001,1795
53.1235,53.1321,28906,38172,Eptesicus serotinus,0.008,0.021,-1,Echolocation,/mnt/ubna_data_02_mir/recover-20220922/UBNA_001/20220921_090000.WAV,Telephone Field,recover-20220922,001,1795
53.1335,53.1691,68437,80976,Rhinolophus ferrumequinum,0.022,0.022,-1,Echolocation,/mnt/ubna_data_02_mir/recover-20220922/UBNA_001/20220921_090000.WAV,Telephone Field,recover-20220922,001,1795
53.1725,53.183,28906,36248,Eptesicus serotinus,0.012,0.024,-1,Echolocation,/mnt/ubna_data_02_mir/recover-20220922/UBNA_001/20220921_090000.WAV,Telephone Field,recover-20220922,001,1795
53.2155,53.2519,68437,81321,Rhinolophus ferrumequinum,0.023,0.023,-1,Echolocation,/mnt/ubna_data_02_mir/recover-20220922/UBNA_001/20220921_090000.WAV,Telephone Field,recover-20220922,001,1795
53.2375,53.2775,68437,82365,Rhinolophus ferrumequinum,0.025,0.025,-1,Echolocation,/mnt/ubna_data_02_mir/recover-20220922/UBNA_001/20220921_090000.WAV,Telephone Field,recover-20220922,001,1795
53.2465,53.254400000000004,30625,44265,Myotis daubentonii,0.007,0.021,-1,Echolocation,/mnt/ubna_data_02_mir/recover-20220922/UBNA_001/20220921_090000.WAV,Telephone Field,recover-20220922,001,1795
53.2635,53.3023,68437,82320,Rhinolophus ferrumequinum,0.022,0.022,-1,Echolocation,/mnt/ubna_data_02_mir/recover-20220922/UBNA_001/20220921_090000.WAV,Telephone Field,recover-20220922,001,1795
53.292500000000004,53.3327,68437,81971,Rhinolophus ferrumequinum,0.022,0.022,-1,Echolocation,/mnt/ubna_data_02_mir/recover-20220922/UBNA_001/20220921_090000.WAV,Telephone Field,recover-20220922,001,1795
53.2975,53.3076,28046,36296,Eptesicus serotinus,0.01,0.021,-1,Echolocation,/mnt/ubna_data_02_mir/recover-20220922/UBNA_001/20220921_090000.WAV,Telephone Field,recover-20220922,001,1795
53.301500000000004,53.3403,68437,82568,Rhinolophus ferrumequinum,0.022,0.022,-1,Echolocation,/mnt/ubna_data_02_mir/recover-20220922/UBNA_001/20220921_090000.WAV,Telephone Field,recover-20220922,001,1795
53.316500000000005,53.3277,22890,27484,Nyctalus leisleri,0.012,0.022,-1,Echolocation,/mnt/ubna_data_02_mir/recover-20220922/UBNA_001/20220921_090000.WAV,Telephone Field,recover-20220922,001,1795
53.3215,53.3598,68437,81782,Rhinolophus ferrumequinum,0.021,0.021,-1,Echolocation,/mnt/ubna_data_02_mir/recover-20220922/UBNA_001/20220921_090000.WAV,Telephone Field,recover-20220922,001,1795
53.3455,53.3551,22031,27023,Nyctalus leisleri,0.008,0.021,-1,Echolocation,/mnt/ubna_data_02_mir/recover-20220922/UBNA_001/20220921_090000.WAV,Telephone Field,recover-20220922,001,1795
53.3535,53.393299999999996,68437,82289,Rhinolophus ferrumequinum,0.028,0.028,-1,Echolocation,/mnt/ubna_data_02_mir/recover-20220922/UBNA_001/20220921_090000.WAV,Telephone Field,recover-20220922,001,1795
53.414500000000004,53.4249,28046,33702,Eptesicus serotinus,0.02,0.039,-1,Echolocation,/mnt/ubna_data_02_mir/recover-20220922/UBNA_001/20220921_090000.WAV,Telephone Field,recover-20220922,001,1795
53.4685,53.5081,68437,82572,Rhinolophus ferrumequinum,0.028,0.028,-1,Echolocation,/mnt/ubna_data_02_mir/recover-20220922/UBNA_001/20220921_090000.WAV,Telephone Field,recover-20220922,001,1795
53.4755,53.4932,22031,25535,Nyctalus leisleri,0.026,0.044,-1,Echolocation,/mnt/ubna_data_02_mir/recover-20220922/UBNA_001/20220921_090000.WAV,Telephone Field,recover-20220922,001,1795
53.4995,53.536,68437,82367,Rhinolophus ferrumequinum,0.024,0.024,-1,Echolocation,/mnt/ubna_data_02_mir/recover-20220922/UBNA_001/20220921_090000.WAV,Telephone Field,recover-20220922,001,1795
53.5965,53.6365,68437,82418,Rhinolophus ferrumequinum,0.029,0.029,-1,Echolocation,/mnt/ubna_data_02_mir/recover-20220922/UBNA_001/20220921_090000.WAV,Telephone Field,recover-20220922,001,1795
53.6045,53.6121,25468,34460,Eptesicus serotinus,0.006,0.021,-1,Echolocation,/mnt/ubna_data_02_mir/recover-20220922/UBNA_001/20220921_090000.WAV,Telephone Field,recover-20220922,001,1795
53.6535,53.6927,68437,81951,Rhinolophus ferrumequinum,0.021,0.021,-1,Echolocation,/mnt/ubna_data_02_mir/recover-20220922/UBNA_001/20220921_090000.WAV,Telephone Field,recover-20220922,001,1795
53.6695,53.7094,68437,82860,Rhinolophus ferrumequinum,0.026,0.026,-1,Echolocation,/mnt/ubna_data_02_mir/recover-20220922/UBNA_001/20220921_090000.WAV,Telephone Field,recover-20220922,001,1795
53.713499999999996,53.752700000000004,68437,82345,Rhinolophus ferrumequinum,0.025,0.025,-1,Echolocation,/mnt/ubna_data_02_mir/recover-20220922/UBNA_001/20220921_090000.WAV,Telephone Field,recover-20220922,001,1795
53.7625,53.800399999999996,68437,82597,Rhinolophus ferrumequinum,0.027,0.027,-1,Echolocation,/mnt/ubna_data_02_mir/recover-20220922/UBNA_001/20220921_090000.WAV,Telephone Field,recover-20220922,001,1795
53.7825,53.7929,24609,31926,Nyctalus leisleri,0.007,0.021,-1,Echolocation,/mnt/ubna_data_02_mir/recover-20220922/UBNA_001/20220921_090000.WAV,Telephone Field,recover-20220922,001,1795
53.807500000000005,53.8477,68437,82247,Rhinolophus ferrumequinum,0.024,0.024,-1,Echolocation,/mnt/ubna_data_02_mir/recover-20220922/UBNA_001/20220921_090000.WAV,Telephone Field,recover-20220922,001,1795
53.8525,53.8874,68437,81434,Rhinolophus ferrumequinum,0.021,0.021,-1,Echolocation,/mnt/ubna_data_02_mir/recover-20220922/UBNA_001/20220921_090000.WAV,Telephone Field,recover-20220922,001,1795
53.8535,53.862700000000004,26328,34681,Eptesicus serotinus,0.012,0.028,-1,Echolocation,/mnt/ubna_data_02_mir/recover-20220922/UBNA_001/20220921_090000.WAV,Telephone Field,recover-20220922,001,1795
53.8595,53.897099999999995,68437,82351,Rhinolophus ferrumequinum,0.022,0.022,-1,Echolocation,/mnt/ubna_data_02_mir/recover-20220922/UBNA_001/20220921_090000.WAV,Telephone Field,recover-20220922,001,1795
53.8965,53.9062,22890,29112,Nyctalus leisleri,0.008,0.023,-1,Echolocation,/mnt/ubna_data_02_mir/recover-20220922/UBNA_001/20220921_090000.WAV,Telephone Field,recover-20220922,001,1795
53.911500000000004,53.9476,68437,81382,Rhinolophus ferrumequinum,0.025,0.025,-1,Echolocation,/mnt/ubna_data_02_mir/recover-20220922/UBNA_001/20220921_090000.WAV,Telephone Field,recover-20220922,001,1795
53.927499999999995,53.941900000000004,29765,34970,Eptesicus serotinus,0.024,0.041,-1,Echolocation,/mnt/ubna_data_02_mir/recover-20220922/UBNA_001/20220921_090000.WAV,Telephone Field,recover-20220922,001,1795
54.0015,54.0109,29765,39580,Eptesicus serotinus,0.011,0.028,-1,Echolocation,/mnt/ubna_data_02_mir/recover-20220922/UBNA_001/20220921_090000.WAV,Telephone Field,recover-20220922,001,1795
54.0015,54.0334,68437,79956,Rhinolophus ferrumequinum,0.027,0.027,-1,Echolocation,/mnt/ubna_data_02_mir/recover-20220922/UBNA_001/20220921_090000.WAV,Telephone Field,recover-20220922,001,1795
54.0265,54.0674,68437,82856,Rhinolophus ferrumequinum,0.031,0.031,-1,Echolocation,/mnt/ubna_data_02_mir/recover-20220922/UBNA_001/20220921_090000.WAV,Telephone Field,recover-20220922,001,1795
54.0435,54.082,68437,82106,Rhinolophus ferrumequinum,0.021,0.021,-1,Echolocation,/mnt/ubna_data_02_mir/recover-20220922/UBNA_001/20220921_090000.WAV,Telephone Field,recover-20220922,001,1795
54.0565,54.0993,68437,83116,Rhinolophus ferrumequinum,0.029,0.029,-1,Echolocation,/mnt/ubna_data_02_mir/recover-20220922/UBNA_001/20220921_090000.WAV,Telephone Field,recover-20220922,001,1795
54.070499999999996,54.1117,68437,82556,Rhinolophus ferrumequinum,0.022,0.022,-1,Echolocation,/mnt/ubna_data_02_mir/recover-20220922/UBNA_001/20220921_090000.WAV,Telephone Field,recover-20220922,001,1795
54.0945,54.106,23750,29242,Nyctalus leisleri,0.011,0.024,-1,Echolocation,/mnt/ubna_data_02_mir/recover-20220922/UBNA_001/20220921_090000.WAV,Telephone Field,recover-20220922,001,1795
54.1005,54.109,27187,36100,Eptesicus serotinus,0.009,0.024,-1,Echolocation,/mnt/ubna_data_02_mir/recover-20220922/UBNA_001/20220921_090000.WAV,Telephone Field,recover-20220922,001,1795
54.1475,54.185199999999995,68437,81733,Rhinolophus ferrumequinum,0.024,0.024,-1,Echolocation,/mnt/ubna_data_02_mir/recover-20220922/UBNA_001/20220921_090000.WAV,Telephone Field,recover-20220922,001,1795
54.1525,54.192,68437,82495,Rhinolophus ferrumequinum,0.024,0.024,-1,Echolocation,/mnt/ubna_data_02_mir/recover-20220922/UBNA_001/20220921_090000.WAV,Telephone Field,recover-20220922,001,1795
54.158500000000004,54.1708,22031,26564,Nyctalus leisleri,0.014,0.026,-1,Echolocation,/mnt/ubna_data_02_mir/recover-20220922/UBNA_001/20220921_090000.WAV,Telephone Field,recover-20220922,001,1795
54.174499999999995,54.2143,68437,81948,Rhinolophus ferrumequinum,0.022,0.022,-1,Echolocation,/mnt/ubna_data_02_mir/recover-20220922/UBNA_001/20220921_090000.WAV,Telephone Field,recover-20220922,001,1795
54.191500000000005,54.2275,68437,82080,Rhinolophus ferrumequinum,0.022,0.022,-1,Echolocation,/mnt/ubna_data_02_mir/recover-20220922/UBNA_001/20220921_090000.WAV,Telephone Field,recover-20220922,001,1795
54.2145,54.256,68437,83473,Rhinolophus ferrumequinum,0.029,0.029,-1,Echolocation,/mnt/ubna_data_02_mir/recover-20220922/UBNA_001/20220921_090000.WAV,Telephone Field,recover-20220922,001,1795
54.2185,54.2282,28046,37281,Eptesicus serotinus,0.009,0.022,-1,Echolocation,/mnt/ubna_data_02_mir/recover-20220922/UBNA_001/20220921_090000.WAV,Telephone Field,recover-20220922,001,1795
54.2315,54.2689,68437,81978,Rhinolophus ferrumequinum,0.021,0.021,-1,Echolocation,/mnt/ubna_data_02_mir/recover-20220922/UBNA_001/20220921_090000.WAV,Telephone Field,recover-20220922,001,1795
54.2605,54.271699999999996,23750,29788,Nyctalus leisleri,0.01,0.023,-1,Echolocation,/mnt/ubna_data_02_mir/recover-20220922/UBNA_001/20220921_090000.WAV,Telephone Field,recover-20220922,001,1795
54.283500000000004,54.2926,30625,40371,Myotis daubentonii,0.008,0.025,-1,Echolocation,/mnt/ubna_data_02_mir/recover-20220922/UBNA_001/20220921_090000.WAV,Telephone Field,recover-20220922,001,1795
54.305499999999995,54.3471,68437,83307,Rhinolophus ferrumequinum,0.037,0.037,-1,Echolocation,/mnt/ubna_data_02_mir/recover-20220922/UBNA_001/20220921_090000.WAV,Telephone Field,recover-20220922,001,1795
54.322500000000005,54.33,28046,39004,Eptesicus serotinus,0.007,0.024,-1,Echolocation,/mnt/ubna_data_02_mir/recover-20220922/UBNA_001/20220921_090000.WAV,Telephone Field,recover-20220922,001,1795
54.335499999999996,54.3721,68437,81520,Rhinolophus ferrumequinum,0.026,0.026,-1,Echolocation,/mnt/ubna_data_02_mir/recover-20220922/UBNA_001/20220921_090000.WAV,Telephone Field,recover-20220922,001,1795
54.3475,54.359300000000005,46953,50337,Pipistrellus pipistrellus,0.045,0.048,-1,Echolocation,/mnt/ubna_data_02_mir/recover-20220922/UBNA_001/20220921_090000.WAV,Telephone Field,recover-20220922,001,1795
54.3755,54.4144,68437,81835,Rhinolophus ferrumequinum,0.022,0.022,-1,Echolocation,/mnt/ubna_data_02_mir/recover-20220922/UBNA_001/20220921_090000.WAV,Telephone Field,recover-20220922,001,1795
54.3945,54.4344,68437,82085,Rhinolophus ferrumequinum,0.021,0.021,-1,Echolocation,/mnt/ubna_data_02_mir/recover-20220922/UBNA_001/20220921_090000.WAV,Telephone Field,recover-20220922,001,1795
54.411500000000004,54.4216,23750,30356,Nyctalus leisleri,0.009,0.025,-1,Echolocation,/mnt/ubna_data_02_mir/recover-20220922/UBNA_001/20220921_090000.WAV,Telephone Field,recover-20220922,001,1795
54.433499999999995,54.4725,68437,82716,Rhinolophus ferrumequinum,0.023,0.023,-1,Echolocation,/mnt/ubna_data_02_mir/recover-20220922/UBNA_001/20220921_090000.WAV,Telephone Field,recover-20220922,001,1795
54.4405,54.4474,28046,39556,Eptesicus serotinus,0.007,0.026,-1,Echolocation,/mnt/ubna_data_02_mir/recover-20220922/UBNA_001/20220921_090000.WAV,Telephone Field,recover-20220922,001,1795
54.442499999999995,54.481300000000005,68437,82057,Rhinolophus ferrumequinum,0.022,0.022,-1,Echolocation,/mnt/ubna_data_02_mir/recover-20220922/UBNA_001/20220921_090000.WAV,Telephone Field,recover-20220922,001,1795
54.4685,54.5073,68437,81989,Rhinolophus ferrumequinum,0.023,0.023,-1,Echolocation,/mnt/ubna_data_02_mir/recover-20220922/UBNA_001/20220921_090000.WAV,Telephone Field,recover-20220922,001,1795
54.5075,54.547200000000004,68437,82956,Rhinolophus ferrumequinum,0.029,0.029,-1,Echolocation,/mnt/ubna_data_02_mir/recover-20220922/UBNA_001/20220921_090000.WAV,Telephone Field,recover-20220922,001,1795
54.536500000000004,54.5489,36640,40986,Pipistrellus nathusii,0.011,0.025,-1,Echolocation,/mnt/ubna_data_02_mir/recover-20220922/UBNA_001/20220921_090000.WAV,Telephone Field,recover-20220922,001,1795
54.6105,54.619,28046,36218,Eptesicus serotinus,0.012,0.025,-1,Echolocation,/mnt/ubna_data_02_mir/recover-20220922/UBNA_001/20220921_090000.WAV,Telephone Field,recover-20220922,001,1795
54.6215,54.665400000000005,68437,83362,Rhinolophus ferrumequinum,0.036,0.036,-1,Echolocation,/mnt/ubna_data_02_mir/recover-20220922/UBNA_001/20220921_090000.WAV,Telephone Field,recover-20220922,001,1795
54.6235,54.6325,25468,33356,Eptesicus serotinus,0.008,0.023,-1,Echolocation,/mnt/ubna_data_02_mir/recover-20220922/UBNA_001/20220921_090000.WAV,Telephone Field,recover-20220922,001,1795
54.6695,54.7123,68437,83153,Rhinolophus ferrumequinum,0.032,0.032,-1,Echolocation,/mnt/ubna_data_02_mir/recover-20220922/UBNA_001/20220921_090000.WAV,Telephone Field,recover-20220922,001,1795
54.704499999999996,54.7132,28906,37206,Eptesicus serotinus,0.008,0.023,-1,Echolocation,/mnt/ubna_data_02_mir/recover-20220922/UBNA_001/20220921_090000.WAV,Telephone Field,recover-20220922,001,1795
54.7555,54.7941,68437,82042,Rhinolophus ferrumequinum,0.023,0.023,-1,Echolocation,/mnt/ubna_data_02_mir/recover-20220922/UBNA_001/20220921_090000.WAV,Telephone Field,recover-20220922,001,1795
54.7655,54.772999999999996,28046,39490,Eptesicus serotinus,0.007,0.021,-1,Echolocation,/mnt/ubna_data_02_mir/recover-20220922/UBNA_001/20220921_090000.WAV,Telephone Field,recover-20220922,001,1795
54.7705,54.810199999999995,68437,82071,Rhinolophus ferrumequinum,0.023,0.023,-1,Echolocation,/mnt/ubna_data_02_mir/recover-20220922/UBNA_001/20220921_090000.WAV,Telephone Field,recover-20220922,001,1795
54.7805,54.7886,28046,36996,Eptesicus serotinus,0.01,0.025,-1,Echolocation,/mnt/ubna_data_02_mir/recover-20220922/UBNA_001/20220921_090000.WAV,Telephone Field,recover-20220922,001,1795
54.819500000000005,54.856300000000005,68437,81076,Rhinolophus ferrumequinum,0.021,0.022,-1,Echolocation,/mnt/ubna_data_02_mir/recover-20220922/UBNA_001/20220921_090000.WAV,Telephone Field,recover-20220922,001,1795
54.825500000000005,54.8334,29765,41343,Eptesicus serotinus,0.006,0.022,-1,Echolocation,/mnt/ubna_data_02_mir/recover-20220922/UBNA_001/20220921_090000.WAV,Telephone Field,recover-20220922,001,1795
54.8475,54.8879,68437,82303,Rhinolophus ferrumequinum,0.028,0.028,-1,Echolocation,/mnt/ubna_data_02_mir/recover-20220922/UBNA_001/20220921_090000.WAV,Telephone Field,recover-20220922,001,1795
54.8535,54.8936,68437,82957,Rhinolophus ferrumequinum,0.03,0.03,-1,Echolocation,/mnt/ubna_data_02_mir/recover-20220922/UBNA_001/20220921_090000.WAV,Telephone Field,recover-20220922,001,1795
54.8885,54.896699999999996,27187,36303,Eptesicus serotinus,0.013,0.031,-1,Echolocation,/mnt/ubna_data_02_mir/recover-20220922/UBNA_001/20220921_090000.WAV,Telephone Field,recover-20220922,001,1795
54.9005,54.9383,68437,81953,Rhinolophus ferrumequinum,0.022,0.022,-1,Echolocation,/mnt/ubna_data_02_mir/recover-20220922/UBNA_001/20220921_090000.WAV,Telephone Field,recover-20220922,001,1795
54.920500000000004,54.9571,68437,81857,Rhinolophus ferrumequinum,0.022,0.022,-1,Echolocation,/mnt/ubna_data_02_mir/recover-20220922/UBNA_001/20220921_090000.WAV,Telephone Field,recover-20220922,001,1795
54.927499999999995,54.942499999999995,33203,37944,Pipistrellus nathusii,0.02,0.05,-1,Echolocation,/mnt/ubna_data_02_mir/recover-20220922/UBNA_001/20220921_090000.WAV,Telephone Field,recover-20220922,001,1795
54.9615,54.998599999999996,68437,81469,Rhinolophus ferrumequinum,0.035,0.035,-1,Echolocation,/mnt/ubna_data_02_mir/recover-20220922/UBNA_001/20220921_090000.WAV,Telephone Field,recover-20220922,001,1795
54.9925,55.0013,26328,34599,Eptesicus serotinus,0.011,0.025,-1,Echolocation,/mnt/ubna_data_02_mir/recover-20220922/UBNA_001/20220921_090000.WAV,Telephone Field,recover-20220922,001,1795
55.0155,55.0531,68437,81211,Rhinolophus ferrumequinum,0.022,0.022,-1,Echolocation,/mnt/ubna_data_02_mir/recover-20220922/UBNA_001/20220921_090000.WAV,Telephone Field,recover-20220922,001,1795
55.0235,55.06,68437,81139,Rhinolophus ferrumequinum,0.022,0.022,-1,Echolocation,/mnt/ubna_data_02_mir/recover-20220922/UBNA_001/20220921_090000.WAV,Telephone Field,recover-20220922,001,1795
55.0295,55.0403,28906,34944,Eptesicus serotinus,0.009,0.021,-1,Echolocation,/mnt/ubna_data_02_mir/recover-20220922/UBNA_001/20220921_090000.WAV,Telephone Field,recover-20220922,001,1795
55.0535,55.0646,27187,33726,Eptesicus serotinus,0.01,0.023,-1,Echolocation,/mnt/ubna_data_02_mir/recover-20220922/UBNA_001/20220921_090000.WAV,Telephone Field,recover-20220922,001,1795
55.055499999999995,55.092600000000004,68437,81930,Rhinolophus ferrumequinum,0.022,0.022,-1,Echolocation,/mnt/ubna_data_02_mir/recover-20220922/UBNA_001/20220921_090000.WAV,Telephone Field,recover-20220922,001,1795
55.0805,55.1184,68437,82421,Rhinolophus ferrumequinum,0.029,0.029,-1,Echolocation,/mnt/ubna_data_02_mir/recover-20220922/UBNA_001/20220921_090000.WAV,Telephone Field,recover-20220922,001,1795
55.0835,55.093,27187,34647,Eptesicus serotinus,0.028,0.048,-1,Echolocation,/mnt/ubna_data_02_mir/recover-20220922/UBNA_001/20220921_090000.WAV,Telephone Field,recover-20220922,001,1795
55.0945,55.1326,68437,81658,Rhinolophus ferrumequinum,0.022,0.022,-1,Echolocation,/mnt/ubna_data_02_mir/recover-20220922/UBNA_001/20220921_090000.WAV,Telephone Field,recover-20220922,001,1795
55.1235,55.132000000000005,26328,35193,Eptesicus serotinus,0.011,0.026,-1,Echolocation,/mnt/ubna_data_02_mir/recover-20220922/UBNA_001/20220921_090000.WAV,Telephone Field,recover-20220922,001,1795
55.1245,55.133700000000005,47812,51975,Pipistrellus pipistrellus,0.029,0.031,-1,Echolocation,/mnt/ubna_data_02_mir/recover-20220922/UBNA_001/20220921_090000.WAV,Telephone Field,recover-20220922,001,1795
55.1345,55.145399999999995,28046,35249,Eptesicus serotinus,0.023,0.039,-1,Echolocation,/mnt/ubna_data_02_mir/recover-20220922/UBNA_001/20220921_090000.WAV,Telephone Field,recover-20220922,001,1795
55.1515,55.1943,68437,82690,Rhinolophus ferrumequinum,0.029,0.029,-1,Echolocation,/mnt/ubna_data_02_mir/recover-20220922/UBNA_001/20220921_090000.WAV,Telephone Field,recover-20220922,001,1795
55.174499999999995,55.1847,24609,31079,Nyctalus leisleri,0.012,0.031,-1,Echolocation,/mnt/ubna_data_02_mir/recover-20220922/UBNA_001/20220921_090000.WAV,Telephone Field,recover-20220922,001,1795
55.1755,55.2137,68437,82459,Rhinolophus ferrumequinum,0.024,0.024,-1,Echolocation,/mnt/ubna_data_02_mir/recover-20220922/UBNA_001/20220921_090000.WAV,Telephone Field,recover-20220922,001,1795
55.192499999999995,55.2391,68437,83458,Rhinolophus ferrumequinum,0.036,0.036,-1,Echolocation,/mnt/ubna_data_02_mir/recover-20220922/UBNA_001/20220921_090000.WAV,Telephone Field,recover-20220922,001,1795
55.2335,55.2559,17734,21142,Nyctalus noctula,0.015,0.024,-1,Echolocation,/mnt/ubna_data_02_mir/recover-20220922/UBNA_001/20220921_090000.WAV,Telephone Field,recover-20220922,001,1795
55.2555,55.265,28046,37148,Eptesicus serotinus,0.011,0.025,-1,Echolocation,/mnt/ubna_data_02_mir/recover-20220922/UBNA_001/20220921_090000.WAV,Telephone Field,recover-20220922,001,1795
55.2755,55.3117,68437,81675,Rhinolophus ferrumequinum,0.023,0.024,-1,Echolocation,/mnt/ubna_data_02_mir/recover-20220922/UBNA_001/20220921_090000.WAV,Telephone Field,recover-20220922,001,1795
55.323499999999996,55.3605,68437,82229,Rhinolophus ferrumequinum,0.022,0.023,-1,Echolocation,/mnt/ubna_data_02_mir/recover-20220922/UBNA_001/20220921_090000.WAV,Telephone Field,recover-20220922,001,1795
55.3775,55.4157,68437,81434,Rhinolophus ferrumequinum,0.025,0.025,-1,Echolocation,/mnt/ubna_data_02_mir/recover-20220922/UBNA_001/20220921_090000.WAV,Telephone Field,recover-20220922,001,1795
55.4015,55.4414,68437,82234,Rhinolophus ferrumequinum,0.021,0.021,-1,Echolocation,/mnt/ubna_data_02_mir/recover-20220922/UBNA_001/20220921_090000.WAV,Telephone Field,recover-20220922,001,1795
55.4695,55.511399999999995,68437,83080,Rhinolophus ferrumequinum,0.025,0.025,-1,Echolocation,/mnt/ubna_data_02_mir/recover-20220922/UBNA_001/20220921_090000.WAV,Telephone Field,recover-20220922,001,1795
55.4775,55.4852,28046,38830,Eptesicus serotinus,0.009,0.026,-1,Echolocation,/mnt/ubna_data_02_mir/recover-20220922/UBNA_001/20220921_090000.WAV,Telephone Field,recover-20220922,001,1795
55.4825,55.4921,44375,47243,Pipistrellus pipistrellus,0.021,0.023,-1,Echolocation,/mnt/ubna_data_02_mir/recover-20220922/UBNA_001/20220921_090000.WAV,Telephone Field,recover-20220922,001,1795
55.4915,55.5328,68437,82863,Rhinolophus ferrumequinum,0.022,0.022,-1,Echolocation,/mnt/ubna_data_02_mir/recover-20220922/UBNA_001/20220921_090000.WAV,Telephone Field,recover-20220922,001,1795
55.5235,55.564099999999996,68437,82684,Rhinolophus ferrumequinum,0.024,0.024,-1,Echolocation,/mnt/ubna_data_02_mir/recover-20220922/UBNA_001/20220921_090000.WAV,Telephone Field,recover-20220922,001,1795
55.545500000000004,55.5587,28046,34946,Eptesicus serotinus,0.036,0.053,-1,Echolocation,/mnt/ubna_data_02_mir/recover-20220922/UBNA_001/20220921_090000.WAV,Telephone Field,recover-20220922,001,1795
55.5465,55.5828,68437,81899,Rhinolophus ferrumequinum,0.022,0.022,-1,Echolocation,/mnt/ubna_data_02_mir/recover-20220922/UBNA_001/20220921_090000.WAV,Telephone Field,recover-20220922,001,1795
55.563500000000005,55.6038,68437,82542,Rhinolophus ferrumequinum,0.022,0.022,-1,Echolocation,/mnt/ubna_data_02_mir/recover-20220922/UBNA_001/20220921_090000.WAV,Telephone Field,recover-20220922,001,1795
55.5685,55.575,31484,44286,Myotis daubentonii,0.012,0.035,-1,Echolocation,/mnt/ubna_data_02_mir/recover-20220922/UBNA_001/20220921_090000.WAV,Telephone Field,recover-20220922,001,1795
55.6225,55.6605,68437,82194,Rhinolophus ferrumequinum,0.03,0.03,-1,Echolocation,/mnt/ubna_data_02_mir/recover-20220922/UBNA_001/20220921_090000.WAV,Telephone Field,recover-20220922,001,1795
55.6435,55.684,68437,82756,Rhinolophus ferrumequinum,0.023,0.023,-1,Echolocation,/mnt/ubna_data_02_mir/recover-20220922/UBNA_001/20220921_090000.WAV,Telephone Field,recover-20220922,001,1795
55.6485,55.6886,68437,82933,Rhinolophus ferrumequinum,0.024,0.024,-1,Echolocation,/mnt/ubna_data_02_mir/recover-20220922/UBNA_001/20220921_090000.WAV,Telephone Field,recover-20220922,001,1795
55.6545,55.692499999999995,68437,82454,Rhinolophus ferrumequinum,0.022,0.022,-1,Echolocation,/mnt/ubna_data_02_mir/recover-20220922/UBNA_001/20220921_090000.WAV,Telephone Field,recover-20220922,001,1795
55.658500000000004,55.6662,28046,39940,Eptesicus serotinus,0.007,0.021,-1,Echolocation,/mnt/ubna_data_02_mir/recover-20220922/UBNA_001/20220921_090000.WAV,Telephone Field,recover-20220922,001,1795
55.670500000000004,55.712199999999996,68437,82918,Rhinolophus ferrumequinum,0.024,0.024,-1,Echolocation,/mnt/ubna_data_02_mir/recover-20220922/UBNA_001/20220921_090000.WAV,Telephone Field,recover-20220922,001,1795
55.682500000000005,55.6896,28046,41483,Eptesicus serotinus,0.007,0.024,-1,Echolocation,/mnt/ubna_data_02_mir/recover-20220922/UBNA_001/20220921_090000.WAV,Telephone Field,recover-20220922,001,1795
55.7035,55.7432,68437,82091,Rhinolophus ferrumequinum,0.023,0.023,-1,Echolocation,/mnt/ubna_data_02_mir/recover-20220922/UBNA_001/20220921_090000.WAV,Telephone Field,recover-20220922,001,1795
55.710499999999996,55.722899999999996,22031,26370,Nyctalus leisleri,0.012,0.025,-1,Echolocation,/mnt/ubna_data_02_mir/recover-20220922/UBNA_001/20220921_090000.WAV,Telephone Field,recover-20220922,001,1795
55.7115,55.7517,68437,82343,Rhinolophus ferrumequinum,0.023,0.023,-1,Echolocation,/mnt/ubna_data_02_mir/recover-20220922/UBNA_001/20220921_090000.WAV,Telephone Field,recover-20220922,001,1795
55.7185,55.7286,23750,29932,Nyctalus leisleri,0.008,0.022,-1,Echolocation,/mnt/ubna_data_02_mir/recover-20220922/UBNA_001/20220921_090000.WAV,Telephone Field,recover-20220922,001,1795
55.7365,55.7529,33203,38285,Pipistrellus nathusii,0.015,0.038,-1,Echolocation,/mnt/ubna_data_02_mir/recover-20220922/UBNA_001/20220921_090000.WAV,Telephone Field,recover-20220922,001,1795
55.7575,55.764700000000005,45234,51290,Pipistrellus pipistrellus,0.024,0.026,-1,Echolocation,/mnt/ubna_data_02_mir/recover-20220922/UBNA_001/20220921_090000.WAV,Telephone Field,recover-20220922,001,1795
55.7635,55.7722,28046,40749,Eptesicus serotinus,0.008,0.022,-1,Echolocation,/mnt/ubna_data_02_mir/recover-20220922/UBNA_001/20220921_090000.WAV,Telephone Field,recover-20220922,001,1795
55.7755,55.8156,68437,81978,Rhinolophus ferrumequinum,0.021,0.021,-1,Echolocation,/mnt/ubna_data_02_mir/recover-20220922/UBNA_001/20220921_090000.WAV,Telephone Field,recover-20220922,001,1795
55.7795,55.792,26328,32568,Eptesicus serotinus,0.015,0.033,-1,Echolocation,/mnt/ubna_data_02_mir/recover-20220922/UBNA_001/20220921_090000.WAV,Telephone Field,recover-20220922,001,1795
55.801500000000004,55.8395,68437,81999,Rhinolophus ferrumequinum,0.023,0.023,-1,Echolocation,/mnt/ubna_data_02_mir/recover-20220922/UBNA_001/20220921_090000.WAV,Telephone Field,recover-20220922,001,1795
55.822500000000005,55.8608,68437,82355,Rhinolophus ferrumequinum,0.024,0.024,-1,Echolocation,/mnt/ubna_data_02_mir/recover-20220922/UBNA_001/20220921_090000.WAV,Telephone Field,recover-20220922,001,1795
55.8425,55.8512,22890,30446,Plecotus austriacus,0.01,0.025,-1,Echolocation,/mnt/ubna_data_02_mir/recover-20220922/UBNA_001/20220921_090000.WAV,Telephone Field,recover-20220922,001,1795
55.8475,55.8865,68437,82408,Rhinolophus ferrumequinum,0.023,0.023,-1,Echolocation,/mnt/ubna_data_02_mir/recover-20220922/UBNA_001/20220921_090000.WAV,Telephone Field,recover-20220922,001,1795
55.8635,55.9019,68437,82185,Rhinolophus ferrumequinum,0.021,0.021,-1,Echolocation,/mnt/ubna_data_02_mir/recover-20220922/UBNA_001/20220921_090000.WAV,Telephone Field,recover-20220922,001,1795
55.8765,55.9166,68437,82759,Rhinolophus ferrumequinum,0.026,0.026,-1,Echolocation,/mnt/ubna_data_02_mir/recover-20220922/UBNA_001/20220921_090000.WAV,Telephone Field,recover-20220922,001,1795
55.8795,55.887100000000004,27187,46409,Eptesicus serotinus,0.007,0.022,-1,Echolocation,/mnt/ubna_data_02_mir/recover-20220922/UBNA_001/20220921_090000.WAV,Telephone Field,recover-20220922,001,1795
55.945499999999996,55.985299999999995,68437,82383,Rhinolophus ferrumequinum,0.023,0.023,-1,Echolocation,/mnt/ubna_data_02_mir/recover-20220922/UBNA_001/20220921_090000.WAV,Telephone Field,recover-20220922,001,1795
55.9625,55.971599999999995,28046,36407,Eptesicus serotinus,0.008,0.022,-1,Echolocation,/mnt/ubna_data_02_mir/recover-20220922/UBNA_001/20220921_090000.WAV,Telephone Field,recover-20220922,001,1795
56.0015,56.011700000000005,21171,28291,Nyctalus leisleri,0.009,0.026,-1,Echolocation,/mnt/ubna_data_02_mir/recover-20220922/UBNA_001/20220921_090000.WAV,Telephone Field,recover-20220922,001,1795
56.0015,56.0131,47812,54973,Pipistrellus pipistrellus,0.018,0.027,-1,Echolocation,/mnt/ubna_data_02_mir/recover-20220922/UBNA_001/20220921_090000.WAV,Telephone Field,recover-20220922,001,1795
56.0015,56.010000000000005,25468,38675,Eptesicus serotinus,0.008,0.029,-1,Echolocation,/mnt/ubna_data_02_mir/recover-20220922/UBNA_001/20220921_090000.WAV,Telephone Field,recover-20220922,001,1795
56.0015,56.0305,69296,82407,Rhinolophus ferrumequinum,0.033,0.034,-1,Echolocation,/mnt/ubna_data_02_mir/recover-20220922/UBNA_001/20220921_090000.WAV,Telephone Field,recover-20220922,001,1795
56.0115,56.0501,68437,81415,Rhinolophus ferrumequinum,0.025,0.025,-1,Echolocation,/mnt/ubna_data_02_mir/recover-20220922/UBNA_001/20220921_090000.WAV,Telephone Field,recover-20220922,001,1795
56.1375,56.1769,68437,82012,Rhinolophus ferrumequinum,0.023,0.023,-1,Echolocation,/mnt/ubna_data_02_mir/recover-20220922/UBNA_001/20220921_090000.WAV,Telephone Field,recover-20220922,001,1795
56.1505,56.1899,68437,82371,Rhinolophus ferrumequinum,0.023,0.023,-1,Echolocation,/mnt/ubna_data_02_mir/recover-20220922/UBNA_001/20220921_090000.WAV,Telephone Field,recover-20220922,001,1795
56.1565,56.1669,23750,29846,Nyctalus leisleri,0.01,0.024,-1,Echolocation,/mnt/ubna_data_02_mir/recover-20220922/UBNA_001/20220921_090000.WAV,Telephone Field,recover-20220922,001,1795
56.191500000000005,56.1993,28046,40316,Eptesicus serotinus,0.007,0.021,-1,Echolocation,/mnt/ubna_data_02_mir/recover-20220922/UBNA_001/20220921_090000.WAV,Telephone Field,recover-20220922,001,1795
56.2115,56.2499,68437,82823,Rhinolophus ferrumequinum,0.024,0.025,-1,Echolocation,/mnt/ubna_data_02_mir/recover-20220922/UBNA_001/20220921_090000.WAV,Telephone Field,recover-20220922,001,1795
56.2335,56.2414,28906,39636,Eptesicus serotinus,0.008,0.023,-1,Echolocation,/mnt/ubna_data_02_mir/recover-20220922/UBNA_001/20220921_090000.WAV,Telephone Field,recover-20220922,001,1795
56.2575,56.298,68437,82871,Rhinolophus ferrumequinum,0.033,0.033,-1,Echolocation,/mnt/ubna_data_02_mir/recover-20220922/UBNA_001/20220921_090000.WAV,Telephone Field,recover-20220922,001,1795
56.2695,56.2762,28046,42275,Eptesicus serotinus,0.007,0.025,-1,Echolocation,/mnt/ubna_data_02_mir/recover-20220922/UBNA_001/20220921_090000.WAV,Telephone Field,recover-20220922,001,1795
56.3095,56.3497,68437,82519,Rhinolophus ferrumequinum,0.026,0.026,-1,Echolocation,/mnt/ubna_data_02_mir/recover-20220922/UBNA_001/20220921_090000.WAV,Telephone Field,recover-20220922,001,1795
56.322500000000005,56.363,68437,82810,Rhinolophus ferrumequinum,0.025,0.025,-1,Echolocation,/mnt/ubna_data_02_mir/recover-20220922/UBNA_001/20220921_090000.WAV,Telephone Field,recover-20220922,001,1795
56.3345,56.3418,22890,32023,Plecotus austriacus,0.012,0.025,-1,Echolocation,/mnt/ubna_data_02_mir/recover-20220922/UBNA_001/20220921_090000.WAV,Telephone Field,recover-20220922,001,1795
56.3705,56.383700000000005,23750,29488,Nyctalus leisleri,0.023,0.05,-1,Echolocation,/mnt/ubna_data_02_mir/recover-20220922/UBNA_001/20220921_090000.WAV,Telephone Field,recover-20220922,001,1795
56.3865,56.4247,68437,81989,Rhinolophus ferrumequinum,0.022,0.022,-1,Echolocation,/mnt/ubna_data_02_mir/recover-20220922/UBNA_001/20220921_090000.WAV,Telephone Field,recover-20220922,001,1795
56.4015,56.4386,68437,81510,Rhinolophus ferrumequinum,0.023,0.023,-1,Echolocation,/mnt/ubna_data_02_mir/recover-20220922/UBNA_001/20220921_090000.WAV,Telephone Field,recover-20220922,001,1795
56.4135,56.422,45234,48707,Pipistrellus pipistrellus,0.021,0.023,-1,Echolocation,/mnt/ubna_data_02_mir/recover-20220922/UBNA_001/20220921_090000.WAV,Telephone Field,recover-20220922,001,1795
56.414500000000004,56.4534,68437,82383,Rhinolophus ferrumequinum,0.021,0.021,-1,Echolocation,/mnt/ubna_data_02_mir/recover-20220922/UBNA_001/20220921_090000.WAV,Telephone Field,recover-20220922,001,1795
56.439499999999995,56.4798,68437,82780,Rhinolophus ferrumequinum,0.024,0.024,-1,Echolocation,/mnt/ubna_data_02_mir/recover-20220922/UBNA_001/20220921_090000.WAV,Telephone Field,recover-20220922,001,1795
56.454499999999996,56.462,34921,40966,Barbastellus barbastellus,0.019,0.032,-1,Echolocation,/mnt/ubna_data_02_mir/recover-20220922/UBNA_001/20220921_090000.WAV,Telephone Field,recover-20220922,001,1795
56.4865,56.5244,68437,81727,Rhinolophus ferrumequinum,0.021,0.021,-1,Echolocation,/mnt/ubna_data_02_mir/recover-20220922/UBNA_001/20220921_090000.WAV,Telephone Field,recover-20220922,001,1795
56.4885,56.495999999999995,28906,39064,Eptesicus serotinus,0.009,0.024,-1,Echolocation,/mnt/ubna_data_02_mir/recover-20220922/UBNA_001/20220921_090000.WAV,Telephone Field,recover-20220922,001,1795
56.5085,56.5449,68437,81654,Rhinolophus ferrumequinum,0.022,0.023,-1,Echolocation,/mnt/ubna_data_02_mir/recover-20220922/UBNA_001/20220921_090000.WAV,Telephone Field,recover-20220922,001,1795
56.5465,56.556799999999996,38359,44043,Pipistrellus nathusii,0.014,0.027,-1,Echolocation,/mnt/ubna_data_02_mir/recover-20220922/UBNA_001/20220921_090000.WAV,Telephone Field,recover-20220922,001,1795
56.548500000000004,56.5869,68437,82230,Rhinolophus ferrumequinum,0.025,0.025,-1,Echolocation,/mnt/ubna_data_02_mir/recover-20220922/UBNA_001/20220921_090000.WAV,Telephone Field,recover-20220922,001,1795
56.572500000000005,56.582300000000004,28906,37257,Eptesicus serotinus,0.019,0.037,-1,Echolocation,/mnt/ubna_data_02_mir/recover-20220922/UBNA_001/20220921_090000.WAV,Telephone Field,recover-20220922,001,1795
56.576499999999996,56.6137,68437,81462,Rhinolophus ferrumequinum,0.022,0.022,-1,Echolocation,/mnt/ubna_data_02_mir/recover-20220922/UBNA_001/20220921_090000.WAV,Telephone Field,recover-20220922,001,1795
56.5985,56.6376,68437,82463,Rhinolophus ferrumequinum,0.021,0.021,-1,Echolocation,/mnt/ubna_data_02_mir/recover-20220922/UBNA_001/20220921_090000.WAV,Telephone Field,recover-20220922,001,1795
56.6025,56.6144,22031,26425,Nyctalus leisleri,0.012,0.022,-1,Echolocation,/mnt/ubna_data_02_mir/recover-20220922/UBNA_001/20220921_090000.WAV,Telephone Field,recover-20220922,001,1795
56.6075,56.6466,68437,82168,Rhinolophus ferrumequinum,0.022,0.022,-1,Echolocation,/mnt/ubna_data_02_mir/recover-20220922/UBNA_001/20220921_090000.WAV,Telephone Field,recover-20220922,001,1795
56.6755,56.7132,68437,81663,Rhinolophus ferrumequinum,0.023,0.023,-1,Echolocation,/mnt/ubna_data_02_mir/recover-20220922/UBNA_001/20220921_090000.WAV,Telephone Field,recover-20220922,001,1795
56.680499999999995,56.6877,26328,43082,Eptesicus serotinus,0.011,0.037,-1,Echolocation,/mnt/ubna_data_02_mir/recover-20220922/UBNA_001/20220921_090000.WAV,Telephone Field,recover-20220922,001,1795
56.7065,56.7474,68437,82851,Rhinolophus ferrumequinum,0.035,0.035,-1,Echolocation,/mnt/ubna_data_02_mir/recover-20220922/UBNA_001/20220921_090000.WAV,Telephone Field,recover-20220922,001,1795
56.7235,56.735600000000005,33203,39085,Eptesicus serotinus,0.007,0.023,-1,Echolocation,/mnt/ubna_data_02_mir/recover-20220922/UBNA_001/20220921_090000.WAV,Telephone Field,recover-20220922,001,1795
56.7875,56.7953,28906,41561,Eptesicus serotinus,0.008,0.022,-1,Echolocation,/mnt/ubna_data_02_mir/recover-20220922/UBNA_001/20220921_090000.WAV,Telephone Field,recover-20220922,001,1795
56.7905,56.826499999999996,68437,81825,Rhinolophus ferrumequinum,0.024,0.024,-1,Echolocation,/mnt/ubna_data_02_mir/recover-20220922/UBNA_001/20220921_090000.WAV,Telephone Field,recover-20220922,001,1795
56.8095,56.8517,68437,82273,Rhinolophus ferrumequinum,0.022,0.022,-1,Echolocation,/mnt/ubna_data_02_mir/recover-20220922/UBNA_001/20220921_090000.WAV,Telephone Field,recover-20220922,001,1795
56.8445,56.8806,68437,81963,Rhinolophus ferrumequinum,0.022,0.022,-1,Echolocation,/mnt/ubna_data_02_mir/recover-20220922/UBNA_001/20220921_090000.WAV,Telephone Field,recover-20220922,001,1795
56.8985,56.941900000000004,68437,82942,Rhinolophus ferrumequinum,0.033,0.033,-1,Echolocation,/mnt/ubna_data_02_mir/recover-20220922/UBNA_001/20220921_090000.WAV,Telephone Field,recover-20220922,001,1795
56.9005,56.9113,23750,29468,Nyctalus leisleri,0.011,0.025,-1,Echolocation,/mnt/ubna_data_02_mir/recover-20220922/UBNA_001/20220921_090000.WAV,Telephone Field,recover-20220922,001,1795
56.927499999999995,56.968900000000005,68437,82771,Rhinolophus ferrumequinum,0.024,0.024,-1,Echolocation,/mnt/ubna_data_02_mir/recover-20220922/UBNA_001/20220921_090000.WAV,Telephone Field,recover-20220922,001,1795
56.947500000000005,56.958,22890,27919,Nyctalus leisleri,0.011,0.023,-1,Echolocation,/mnt/ubna_data_02_mir/recover-20220922/UBNA_001/20220921_090000.WAV,Telephone Field,recover-20220922,001,1795
56.960499999999996,56.968,49531,56072,Pipistrellus pipistrellus,0.023,0.026,-1,Echolocation,/mnt/ubna_data_02_mir/recover-20220922/UBNA_001/20220921_090000.WAV,Telephone Field,recover-20220922,001,1795
56.9705,57.0116,68437,82899,Rhinolophus ferrumequinum,0.033,0.033,-1,Echolocation,/mnt/ubna_data_02_mir/recover-20220922/UBNA_001/20220921_090000.WAV,Telephone Field,recover-20220922,001,1795
56.9785,56.985299999999995,23750,33720,Plecotus austriacus,0.011,0.026,-1,Echolocation,/mnt/ubna_data_02_mir/recover-20220922/UBNA_001/20220921_090000.WAV,Telephone Field,recover-20220922,001,1795
56.9925,57.034800000000004,68437,82626,Rhinolophus ferrumequinum,0.022,0.022,-1,Echolocation,/mnt/ubna_data_02_mir/recover-20220922/UBNA_001/20220921_090000.WAV,Telephone Field,recover-20220922,001,1795
57.0175,57.060199999999995,68437,83630,Rhinolophus ferrumequinum,0.032,0.032,-1,Echolocation,/mnt/ubna_data_02_mir/recover-20220922/UBNA_001/20220921_090000.WAV,Telephone Field,recover-20220922,001,1795
57.0325,57.040400000000005,28046,37999,Eptesicus serotinus,0.008,0.022,-1,Echolocation,/mnt/ubna_data_02_mir/recover-20220922/UBNA_001/20220921_090000.WAV,Telephone Field,recover-20220922,001,1795
57.055499999999995,57.096000000000004,68437,81830,Rhinolophus ferrumequinum,0.032,0.032,-1,Echolocation,/mnt/ubna_data_02_mir/recover-20220922/UBNA_001/20220921_090000.WAV,Telephone Field,recover-20220922,001,1795
57.055499999999995,57.064099999999996,28046,41292,Eptesicus serotinus,0.008,0.022,-1,Echolocation,/mnt/ubna_data_02_mir/recover-20220922/UBNA_001/20220921_090000.WAV,Telephone Field,recover-20220922,001,1795
57.0805,57.1184,68437,81555,Rhinolophus ferrumequinum,0.023,0.023,-1,Echolocation,/mnt/ubna_data_02_mir/recover-20220922/UBNA_001/20220921_090000.WAV,Telephone Field,recover-20220922,001,1795
57.088499999999996,57.1244,68437,81396,Rhinolophus ferrumequinum,0.022,0.022,-1,Echolocation,/mnt/ubna_data_02_mir/recover-20220922/UBNA_001/20220921_090000.WAV,Telephone Field,recover-20220922,001,1795
57.1085,57.123599999999996,14296,19727,Nyctalus noctula,0.016,0.023,-1,Echolocation,/mnt/ubna_data_02_mir/recover-20220922/UBNA_001/20220921_090000.WAV,Telephone Field,recover-20220922,001,1795
57.1255,57.1646,68437,82262,Rhinolophus ferrumequinum,0.022,0.022,-1,Echolocation,/mnt/ubna_data_02_mir/recover-20220922/UBNA_001/20220921_090000.WAV,Telephone Field,recover-20220922,001,1795
57.1315,57.1402,22890,30278,Plecotus austriacus,0.008,0.022,-1,Echolocation,/mnt/ubna_data_02_mir/recover-20220922/UBNA_001/20220921_090000.WAV,Telephone Field,recover-20220922,001,1795
57.1345,57.174,68437,81980,Rhinolophus ferrumequinum,0.023,0.023,-1,Echolocation,/mnt/ubna_data_02_mir/recover-20220922/UBNA_001/20220921_090000.WAV,Telephone Field,recover-20220922,001,1795
57.1485,57.1871,68437,81904,Rhinolophus ferrumequinum,0.029,0.029,-1,Echolocation,/mnt/ubna_data_02_mir/recover-20220922/UBNA_001/20220921_090000.WAV,Telephone Field,recover-20220922,001,1795
57.161500000000004,57.1759,45234,48589,Pipistrellus pipistrellus,0.032,0.036,-1,Echolocation,/mnt/ubna_data_02_mir/recover-20220922/UBNA_001/20220921_090000.WAV,Telephone Field,recover-20220922,001,1795
57.1785,57.2171,68437,82477,Rhinolophus ferrumequinum,0.029,0.029,-1,Echolocation,/mnt/ubna_data_02_mir/recover-20220922/UBNA_001/20220921_090000.WAV,Telephone Field,recover-20220922,001,1795
57.207499999999996,57.248400000000004,68437,82619,Rhinolophus ferrumequinum,0.031,0.031,-1,Echolocation,/mnt/ubna_data_02_mir/recover-20220922/UBNA_001/20220921_090000.WAV,Telephone Field,recover-20220922,001,1795
57.2425,57.281,68437,82296,Rhinolophus ferrumequinum,0.021,0.021,-1,Echolocation,/mnt/ubna_data_02_mir/recover-20220922/UBNA_001/20220921_090000.WAV,Telephone Field,recover-20220922,001,1795
57.2635,57.3077,68437,83001,Rhinolophus ferrumequinum,0.035,0.035,-1,Echolocation,/mnt/ubna_data_02_mir/recover-20220922/UBNA_001/20220921_090000.WAV,Telephone Field,recover-20220922,001,1795
57.2935,57.3335,68437,82191,Rhinolophus ferrumequinum,0.029,0.029,-1,Echolocation,/mnt/ubna_data_02_mir/recover-20220922/UBNA_001/20220921_090000.WAV,Telephone Field,recover-20220922,001,1795
57.2935,57.2997,45234,50287,Pipistrellus pipistrellus,0.019,0.023,-1,Echolocation,/mnt/ubna_data_02_mir/recover-20220922/UBNA_001/20220921_090000.WAV,Telephone Field,recover-20220922,001,1795
57.3215,57.361999999999995,68437,83065,Rhinolophus ferrumequinum,0.035,0.035,-1,Echolocation,/mnt/ubna_data_02_mir/recover-20220922/UBNA_001/20220921_090000.WAV,Telephone Field,recover-20220922,001,1795
57.3365,57.3474,23750,29047,Nyctalus leisleri,0.011,0.024,-1,Echolocation,/mnt/ubna_data_02_mir/recover-20220922/UBNA_001/20220921_090000.WAV,Telephone Field,recover-20220922,001,1795
57.3675,57.4103,68437,83199,Rhinolophus ferrumequinum,0.031,0.031,-1,Echolocation,/mnt/ubna_data_02_mir/recover-20220922/UBNA_001/20220921_090000.WAV,Telephone Field,recover-20220922,001,1795
57.3955,57.4039,28906,39394,Eptesicus serotinus,0.008,0.021,-1,Echolocation,/mnt/ubna_data_02_mir/recover-20220922/UBNA_001/20220921_090000.WAV,Telephone Field,recover-20220922,001,1795
57.4025,57.441,68437,81909,Rhinolophus ferrumequinum,0.026,0.026,-1,Echolocation,/mnt/ubna_data_02_mir/recover-20220922/UBNA_001/20220921_090000.WAV,Telephone Field,recover-20220922,001,1795
57.4055,57.4137,28046,39780,Eptesicus serotinus,0.008,0.022,-1,Echolocation,/mnt/ubna_data_02_mir/recover-20220922/UBNA_001/20220921_090000.WAV,Telephone Field,recover-20220922,001,1795
57.4675,57.477599999999995,28046,36195,Eptesicus serotinus,0.01,0.022,-1,Echolocation,/mnt/ubna_data_02_mir/recover-20220922/UBNA_001/20220921_090000.WAV,Telephone Field,recover-20220922,001,1795
57.5015,57.5385,68437,82182,Rhinolophus ferrumequinum,0.022,0.022,-1,Echolocation,/mnt/ubna_data_02_mir/recover-20220922/UBNA_001/20220921_090000.WAV,Telephone Field,recover-20220922,001,1795
57.5305,57.5657,68437,80476,Rhinolophus ferrumequinum,0.031,0.031,-1,Echolocation,/mnt/ubna_data_02_mir/recover-20220922/UBNA_001/20220921_090000.WAV,Telephone Field,recover-20220922,001,1795
57.548500000000004,57.587,68437,82102,Rhinolophus ferrumequinum,0.021,0.021,-1,Echolocation,/mnt/ubna_data_02_mir/recover-20220922/UBNA_001/20220921_090000.WAV,Telephone Field,recover-20220922,001,1795
57.5595,57.5974,68437,81548,Rhinolophus ferrumequinum,0.026,0.026,-1,Echolocation,/mnt/ubna_data_02_mir/recover-20220922/UBNA_001/20220921_090000.WAV,Telephone Field,recover-20220922,001,1795
57.566500000000005,57.5762,23750,30818,Nyctalus leisleri,0.006,0.021,-1,Echolocation,/mnt/ubna_data_02_mir/recover-20220922/UBNA_001/20220921_090000.WAV,Telephone Field,recover-20220922,001,1795
57.5715,57.606899999999996,68437,81024,Rhinolophus ferrumequinum,0.022,0.023,-1,Echolocation,/mnt/ubna_data_02_mir/recover-20220922/UBNA_001/20220921_090000.WAV,Telephone Field,recover-20220922,001,1795
57.582499999999996,57.621700000000004,68437,81714,Rhinolophus ferrumequinum,0.033,0.033,-1,Echolocation,/mnt/ubna_data_02_mir/recover-20220922/UBNA_001/20220921_090000.WAV,Telephone Field,recover-20220922,001,1795
57.6345,57.6442,23750,31725,Nyctalus leisleri,0.007,0.022,-1,Echolocation,/mnt/ubna_data_02_mir/recover-20220922/UBNA_001/20220921_090000.WAV,Telephone Field,recover-20220922,001,1795
57.658500000000004,57.6952,68437,81647,Rhinolophus ferrumequinum,0.023,0.023,-1,Echolocation,/mnt/ubna_data_02_mir/recover-20220922/UBNA_001/20220921_090000.WAV,Telephone Field,recover-20220922,001,1795
57.6845,57.6914,28046,38614,Eptesicus serotinus,0.007,0.023,-1,Echolocation,/mnt/ubna_data_02_mir/recover-20220922/UBNA_001/20220921_090000.WAV,Telephone Field,recover-20220922,001,1795
57.7035,57.7148,22890,28157,Nyctalus leisleri,0.01,0.022,-1,Echolocation,/mnt/ubna_data_02_mir/recover-20220922/UBNA_001/20220921_090000.WAV,Telephone Field,recover-20220922,001,1795
57.7155,57.752300000000005,68437,80996,Rhinolophus ferrumequinum,0.021,0.022,-1,Echolocation,/mnt/ubna_data_02_mir/recover-20220922/UBNA_001/20220921_090000.WAV,Telephone Field,recover-20220922,001,1795
57.7565,57.7982,68437,83025,Rhinolophus ferrumequinum,0.032,0.032,-1,Echolocation,/mnt/ubna_data_02_mir/recover-20220922/UBNA_001/20220921_090000.WAV,Telephone Field,recover-20220922,001,1795
57.799499999999995,57.838,68437,82170,Rhinolophus ferrumequinum,0.023,0.023,-1,Echolocation,/mnt/ubna_data_02_mir/recover-20220922/UBNA_001/20220921_090000.WAV,Telephone Field,recover-20220922,001,1795
57.810500000000005,57.818799999999996,27187,35875,Eptesicus serotinus,0.01,0.022,-1,Echolocation,/mnt/ubna_data_02_mir/recover-20220922/UBNA_001/20220921_090000.WAV,Telephone Field,recover-20220922,001,1795
57.816500000000005,57.8571,68437,82179,Rhinolophus ferrumequinum,0.022,0.022,-1,Echolocation,/mnt/ubna_data_02_mir/recover-20220922/UBNA_001/20220921_090000.WAV,Telephone Field,recover-20220922,001,1795
57.8585,57.8661,27187,40177,Eptesicus serotinus,0.007,0.022,-1,Echolocation,/mnt/ubna_data_02_mir/recover-20220922/UBNA_001/20220921_090000.WAV,Telephone Field,recover-20220922,001,1795
57.8735,57.884100000000004,23750,28917,Nyctalus leisleri,0.01,0.021,-1,Echolocation,/mnt/ubna_data_02_mir/recover-20220922/UBNA_001/20220921_090000.WAV,Telephone Field,recover-20220922,001,1795
57.8885,57.8983,26328,35427,Eptesicus serotinus,0.01,0.022,-1,Echolocation,/mnt/ubna_data_02_mir/recover-20220922/UBNA_001/20220921_090000.WAV,Telephone Field,recover-20220922,001,1795
57.9065,57.949600000000004,68437,82723,Rhinolophus ferrumequinum,0.026,0.026,-1,Echolocation,/mnt/ubna_data_02_mir/recover-20220922/UBNA_001/20220921_090000.WAV,Telephone Field,recover-20220922,001,1795
57.911500000000004,57.9203,28906,41715,Eptesicus serotinus,0.01,0.026,-1,Echolocation,/mnt/ubna_data_02_mir/recover-20220922/UBNA_001/20220921_090000.WAV,Telephone Field,recover-20220922,001,1795
57.9125,57.9524,68437,82779,Rhinolophus ferrumequinum,0.026,0.026,-1,Echolocation,/mnt/ubna_data_02_mir/recover-20220922/UBNA_001/20220921_090000.WAV,Telephone Field,recover-20220922,001,1795
57.9405,57.9477,28906,38815,Eptesicus serotinus,0.01,0.031,-1,Echolocation,/mnt/ubna_data_02_mir/recover-20220922/UBNA_001/20220921_090000.WAV,Telephone Field,recover-20220922,001,1795
57.945499999999996,57.9832,68437,81473,Rhinolophus ferrumequinum,0.022,0.022,-1,Echolocation,/mnt/ubna_data_02_mir/recover-20220922/UBNA_001/20220921_090000.WAV,Telephone Field,recover-20220922,001,1795
58.0015,58.0115,22031,28021,Nyctalus leisleri,0.012,0.031,-1,Echolocation,/mnt/ubna_data_02_mir/recover-20220922/UBNA_001/20220921_090000.WAV,Telephone Field,recover-20220922,001,1795
58.0015,58.0376,68437,80205,Rhinolophus ferrumequinum,0.063,0.063,-1,Echolocation,/mnt/ubna_data_02_mir/recover-20220922/UBNA_001/20220921_090000.WAV,Telephone Field,recover-20220922,001,1795
58.0015,58.0061,46953,53366,Pipistrellus pipistrellus,0.018,0.028,-1,Echolocation,/mnt/ubna_data_02_mir/recover-20220922/UBNA_001/20220921_090000.WAV,Telephone Field,recover-20220922,001,1795
58.0115,58.055,68437,83742,Rhinolophus ferrumequinum,0.042,0.042,-1,Echolocation,/mnt/ubna_data_02_mir/recover-20220922/UBNA_001/20220921_090000.WAV,Telephone Field,recover-20220922,001,1795
58.0265,58.064099999999996,68437,81723,Rhinolophus ferrumequinum,0.023,0.023,-1,Echolocation,/mnt/ubna_data_02_mir/recover-20220922/UBNA_001/20220921_090000.WAV,Telephone Field,recover-20220922,001,1795
58.0475,58.0894,68437,82816,Rhinolophus ferrumequinum,0.029,0.029,-1,Echolocation,/mnt/ubna_data_02_mir/recover-20220922/UBNA_001/20220921_090000.WAV,Telephone Field,recover-20220922,001,1795
58.072500000000005,58.1111,68437,82625,Rhinolophus ferrumequinum,0.025,0.025,-1,Echolocation,/mnt/ubna_data_02_mir/recover-20220922/UBNA_001/20220921_090000.WAV,Telephone Field,recover-20220922,001,1795
58.1155,58.1579,68437,83200,Rhinolophus ferrumequinum,0.038,0.038,-1,Echolocation,/mnt/ubna_data_02_mir/recover-20220922/UBNA_001/20220921_090000.WAV,Telephone Field,recover-20220922,001,1795
58.1875,58.2205,68437,81306,Rhinolophus ferrumequinum,0.022,0.023,-1,Echolocation,/mnt/ubna_data_02_mir/recover-20220922/UBNA_001/20220921_090000.WAV,Telephone Field,recover-20220922,001,1795
58.1935,58.2027,25468,34964,Eptesicus serotinus,0.009,0.024,-1,Echolocation,/mnt/ubna_data_02_mir/recover-20220922/UBNA_001/20220921_090000.WAV,Telephone Field,recover-20220922,001,1795
58.2025,58.239000000000004,68437,81713,Rhinolophus ferrumequinum,0.025,0.025,-1,Echolocation,/mnt/ubna_data_02_mir/recover-20220922/UBNA_001/20220921_090000.WAV,Telephone Field,recover-20220922,001,1795
58.2265,58.264399999999995,68437,82294,Rhinolophus ferrumequinum,0.026,0.026,-1,Echolocation,/mnt/ubna_data_02_mir/recover-20220922/UBNA_001/20220921_090000.WAV,Telephone Field,recover-20220922,001,1795
58.2465,58.257400000000004,23750,29502,Nyctalus leisleri,0.01,0.023,-1,Echolocation,/mnt/ubna_data_02_mir/recover-20220922/UBNA_001/20220921_090000.WAV,Telephone Field,recover-20220922,001,1795
58.2585,58.2671,28046,40556,Eptesicus serotinus,0.009,0.024,-1,Echolocation,/mnt/ubna_data_02_mir/recover-20220922/UBNA_001/20220921_090000.WAV,Telephone Field,recover-20220922,001,1795
58.2745,58.314,68437,82124,Rhinolophus ferrumequinum,0.026,0.026,-1,Echolocation,/mnt/ubna_data_02_mir/recover-20220922/UBNA_001/20220921_090000.WAV,Telephone Field,recover-20220922,001,1795
58.289500000000004,58.3303,68437,82810,Rhinolophus ferrumequinum,0.032,0.032,-1,Echolocation,/mnt/ubna_data_02_mir/recover-20220922/UBNA_001/20220921_090000.WAV,Telephone Field,recover-20220922,001,1795
58.304500000000004,58.3437,68437,82839,Rhinolophus ferrumequinum,0.023,0.023,-1,Echolocation,/mnt/ubna_data_02_mir/recover-20220922/UBNA_001/20220921_090000.WAV,Telephone Field,recover-20220922,001,1795
58.3155,58.3561,68437,82782,Rhinolophus ferrumequinum,0.029,0.029,-1,Echolocation,/mnt/ubna_data_02_mir/recover-20220922/UBNA_001/20220921_090000.WAV,Telephone Field,recover-20220922,001,1795
58.3215,58.3589,68437,82117,Rhinolophus ferrumequinum,0.029,0.029,-1,Echolocation,/mnt/ubna_data_02_mir/recover-20220922/UBNA_001/20220921_090000.WAV,Telephone Field,recover-20220922,001,1795
58.3425,58.3788,68437,82059,Rhinolophus ferrumequinum,0.025,0.025,-1,Echolocation,/mnt/ubna_data_02_mir/recover-20220922/UBNA_001/20220921_090000.WAV,Telephone Field,recover-20220922,001,1795
58.3545,58.388000000000005,68437,81198,Rhinolophus ferrumequinum,0.024,0.024,-1,Echolocation,/mnt/ubna_data_02_mir/recover-20220922/UBNA_001/20220921_090000.WAV,Telephone Field,recover-20220922,001,1795
58.3695,58.4067,68437,81949,Rhinolophus ferrumequinum,0.025,0.025,-1,Echolocation,/mnt/ubna_data_02_mir/recover-20220922/UBNA_001/20220921_090000.WAV,Telephone Field,recover-20220922,001,1795
58.3865,58.4238,68437,82116,Rhinolophus ferrumequinum,0.052,0.052,-1,Echolocation,/mnt/ubna_data_02_mir/recover-20220922/UBNA_001/20220921_090000.WAV,Telephone Field,recover-20220922,001,1795
58.3945,58.4046,23750,30688,Nyctalus leisleri,0.008,0.023,-1,Echolocation,/mnt/ubna_data_02_mir/recover-20220922/UBNA_001/20220921_090000.WAV,Telephone Field,recover-20220922,001,1795
58.429500000000004,58.466499999999996,68437,81968,Rhinolophus ferrumequinum,0.028,0.028,-1,Echolocation,/mnt/ubna_data_02_mir/recover-20220922/UBNA_001/20220921_090000.WAV,Telephone Field,recover-20220922,001,1795
58.438500000000005,58.4756,68437,81937,Rhinolophus ferrumequinum,0.023,0.023,-1,Echolocation,/mnt/ubna_data_02_mir/recover-20220922/UBNA_001/20220921_090000.WAV,Telephone Field,recover-20220922,001,1795
58.4775,58.5145,68437,82162,Rhinolophus ferrumequinum,0.025,0.025,-1,Echolocation,/mnt/ubna_data_02_mir/recover-20220922/UBNA_001/20220921_090000.WAV,Telephone Field,recover-20220922,001,1795
58.4925,58.5304,68437,82005,Rhinolophus ferrumequinum,0.03,0.03,-1,Echolocation,/mnt/ubna_data_02_mir/recover-20220922/UBNA_001/20220921_090000.WAV,Telephone Field,recover-20220922,001,1795
58.5085,58.519400000000005,22890,28581,Nyctalus leisleri,0.01,0.023,-1,Echolocation,/mnt/ubna_data_02_mir/recover-20220922/UBNA_001/20220921_090000.WAV,Telephone Field,recover-20220922,001,1795
58.5085,58.544799999999995,68437,81962,Rhinolophus ferrumequinum,0.024,0.024,-1,Echolocation,/mnt/ubna_data_02_mir/recover-20220922/UBNA_001/20220921_090000.WAV,Telephone Field,recover-20220922,001,1795
58.5315,58.5697,68437,81964,Rhinolophus ferrumequinum,0.024,0.024,-1,Echolocation,/mnt/ubna_data_02_mir/recover-20220922/UBNA_001/20220921_090000.WAV,Telephone Field,recover-20220922,001,1795
58.536500000000004,58.5463,27187,36445,Eptesicus serotinus,0.011,0.025,-1,Echolocation,/mnt/ubna_data_02_mir/recover-20220922/UBNA_001/20220921_090000.WAV,Telephone Field,recover-20220922,001,1795
58.5445,58.577,68437,80612,Rhinolophus ferrumequinum,0.03,0.031,-1,Echolocation,/mnt/ubna_data_02_mir/recover-20220922/UBNA_001/20220921_090000.WAV,Telephone Field,recover-20220922,001,1795
58.558499999999995,58.599900000000005,68437,83000,Rhinolophus ferrumequinum,0.029,0.029,-1,Echolocation,/mnt/ubna_data_02_mir/recover-20220922/UBNA_001/20220921_090000.WAV,Telephone Field,recover-20220922,001,1795
58.567499999999995,58.6065,68437,82472,Rhinolophus ferrumequinum,0.026,0.026,-1,Echolocation,/mnt/ubna_data_02_mir/recover-20220922/UBNA_001/20220921_090000.WAV,Telephone Field,recover-20220922,001,1795
58.576499999999996,58.6164,68437,82821,Rhinolophus ferrumequinum,0.031,0.032,-1,Echolocation,/mnt/ubna_data_02_mir/recover-20220922/UBNA_001/20220921_090000.WAV,Telephone Field,recover-20220922,001,1795
58.6115,58.6477,68437,81883,Rhinolophus ferrumequinum,0.025,0.025,-1,Echolocation,/mnt/ubna_data_02_mir/recover-20220922/UBNA_001/20220921_090000.WAV,Telephone Field,recover-20220922,001,1795
58.6165,58.656099999999995,68437,81961,Rhinolophus ferrumequinum,0.024,0.024,-1,Echolocation,/mnt/ubna_data_02_mir/recover-20220922/UBNA_001/20220921_090000.WAV,Telephone Field,recover-20220922,001,1795
58.6225,58.6302,23750,32474,Plecotus austriacus,0.01,0.025,-1,Echolocation,/mnt/ubna_data_02_mir/recover-20220922/UBNA_001/20220921_090000.WAV,Telephone Field,recover-20220922,001,1795
58.6375,58.675,68437,82440,Rhinolophus ferrumequinum,0.029,0.029,-1,Echolocation,/mnt/ubna_data_02_mir/recover-20220922/UBNA_001/20220921_090000.WAV,Telephone Field,recover-20220922,001,1795
58.680499999999995,58.7237,68437,83362,Rhinolophus ferrumequinum,0.072,0.072,-1,Echolocation,/mnt/ubna_data_02_mir/recover-20220922/UBNA_001/20220921_090000.WAV,Telephone Field,recover-20220922,001,1795
58.7085,58.7151,48671,54817,Pipistrellus pipistrellus,0.027,0.029,-1,Echolocation,/mnt/ubna_data_02_mir/recover-20220922/UBNA_001/20220921_090000.WAV,Telephone Field,recover-20220922,001,1795
58.7115,58.746300000000005,68437,81809,Rhinolophus ferrumequinum,0.034,0.034,-1,Echolocation,/mnt/ubna_data_02_mir/recover-20220922/UBNA_001/20220921_090000.WAV,Telephone Field,recover-20220922,001,1795
58.7195,58.727900000000005,28046,39291,Eptesicus serotinus,0.009,0.025,-1,Echolocation,/mnt/ubna_data_02_mir/recover-20220922/UBNA_001/20220921_090000.WAV,Telephone Field,recover-20220922,001,1795
58.7405,58.748999999999995,44375,53995,Pipistrellus pipistrellus,0.01,0.025,-1,Echolocation,/mnt/ubna_data_02_mir/recover-20220922/UBNA_001/20220921_090000.WAV,Telephone Field,recover-20220922,001,1795
58.7425,58.7792,68437,81755,Rhinolophus ferrumequinum,0.03,0.03,-1,Echolocation,/mnt/ubna_data_02_mir/recover-20220922/UBNA_001/20220921_090000.WAV,Telephone Field,recover-20220922,001,1795
58.7535,58.760400000000004,24609,36602,Plecotus austriacus,0.008,0.024,-1,Echolocation,/mnt/ubna_data_02_mir/recover-20220922/UBNA_001/20220921_090000.WAV,Telephone Field,recover-20220922,001,1795
58.7635,58.8017,68437,81947,Rhinolophus ferrumequinum,0.031,0.031,-1,Echolocation,/mnt/ubna_data_02_mir/recover-20220922/UBNA_001/20220921_090000.WAV,Telephone Field,recover-20220922,001,1795
58.783500000000004,58.8232,68437,82470,Rhinolophus ferrumequinum,0.023,0.023,-1,Echolocation,/mnt/ubna_data_02_mir/recover-20220922/UBNA_001/20220921_090000.WAV,Telephone Field,recover-20220922,001,1795
58.8155,58.826,23750,30568,Nyctalus leisleri,0.009,0.026,-1,Echolocation,/mnt/ubna_data_02_mir/recover-20220922/UBNA_001/20220921_090000.WAV,Telephone Field,recover-20220922,001,1795
58.8185,58.8584,68437,82755,Rhinolophus ferrumequinum,0.026,0.026,-1,Echolocation,/mnt/ubna_data_02_mir/recover-20220922/UBNA_001/20220921_090000.WAV,Telephone Field,recover-20220922,001,1795
58.8375,58.8763,68437,81880,Rhinolophus ferrumequinum,0.024,0.024,-1,Echolocation,/mnt/ubna_data_02_mir/recover-20220922/UBNA_001/20220921_090000.WAV,Telephone Field,recover-20220922,001,1795
58.8765,58.9166,68437,82184,Rhinolophus ferrumequinum,0.025,0.025,-1,Echolocation,/mnt/ubna_data_02_mir/recover-20220922/UBNA_001/20220921_090000.WAV,Telephone Field,recover-20220922,001,1795
58.926500000000004,58.964600000000004,68437,82206,Rhinolophus ferrumequinum,0.024,0.024,-1,Echolocation,/mnt/ubna_data_02_mir/recover-20220922/UBNA_001/20220921_090000.WAV,Telephone Field,recover-20220922,001,1795
58.960499999999996,58.9976,68437,81774,Rhinolophus ferrumequinum,0.024,0.024,-1,Echolocation,/mnt/ubna_data_02_mir/recover-20220922/UBNA_001/20220921_090000.WAV,Telephone Field,recover-20220922,001,1795
59.0115,59.0501,68437,82335,Rhinolophus ferrumequinum,0.039,0.039,-1,Echolocation,/mnt/ubna_data_02_mir/recover-20220922/UBNA_001/20220921_090000.WAV,Telephone Field,recover-20220922,001,1795
59.0295,59.068,68437,82190,Rhinolophus ferrumequinum,0.023,0.023,-1,Echolocation,/mnt/ubna_data_02_mir/recover-20220922/UBNA_001/20220921_090000.WAV,Telephone Field,recover-20220922,001,1795
59.0385,59.076899999999995,68437,82409,Rhinolophus ferrumequinum,0.027,0.027,-1,Echolocation,/mnt/ubna_data_02_mir/recover-20220922/UBNA_001/20220921_090000.WAV,Telephone Field,recover-20220922,001,1795
59.0475,59.086600000000004,68437,82497,Rhinolophus ferrumequinum,0.024,0.024,-1,Echolocation,/mnt/ubna_data_02_mir/recover-20220922/UBNA_001/20220921_090000.WAV,Telephone Field,recover-20220922,001,1795
59.052499999999995,59.0907,68437,82179,Rhinolophus ferrumequinum,0.024,0.024,-1,Echolocation,/mnt/ubna_data_02_mir/recover-20220922/UBNA_001/20220921_090000.WAV,Telephone Field,recover-20220922,001,1795
59.072500000000005,59.1121,68437,82476,Rhinolophus ferrumequinum,0.025,0.025,-1,Echolocation,/mnt/ubna_data_02_mir/recover-20220922/UBNA_001/20220921_090000.WAV,Telephone Field,recover-20220922,001,1795
59.0985,59.140100000000004,68437,83003,Rhinolophus ferrumequinum,0.082,0.082,-1,Echolocation,/mnt/ubna_data_02_mir/recover-20220922/UBNA_001/20220921_090000.WAV,Telephone Field,recover-20220922,001,1795
59.1325,59.1729,68437,82696,Rhinolophus ferrumequinum,0.029,0.029,-1,Echolocation,/mnt/ubna_data_02_mir/recover-20220922/UBNA_001/20220921_090000.WAV,Telephone Field,recover-20220922,001,1795
59.1385,59.1463,28046,41576,Eptesicus serotinus,0.008,0.023,-1,Echolocation,/mnt/ubna_data_02_mir/recover-20220922/UBNA_001/20220921_090000.WAV,Telephone Field,recover-20220922,001,1795
59.1815,59.2208,68437,82579,Rhinolophus ferrumequinum,0.025,0.025,-1,Echolocation,/mnt/ubna_data_02_mir/recover-20220922/UBNA_001/20220921_090000.WAV,Telephone Field,recover-20220922,001,1795
59.2085,59.2436,68437,80541,Rhinolophus ferrumequinum,0.031,0.031,-1,Echolocation,/mnt/ubna_data_02_mir/recover-20220922/UBNA_001/20220921_090000.WAV,Telephone Field,recover-20220922,001,1795
59.2315,59.2708,68437,82840,Rhinolophus ferrumequinum,0.028,0.028,-1,Echolocation,/mnt/ubna_data_02_mir/recover-20220922/UBNA_001/20220921_090000.WAV,Telephone Field,recover-20220922,001,1795
59.319500000000005,59.3605,68437,82930,Rhinolophus ferrumequinum,0.027,0.027,-1,Echolocation,/mnt/ubna_data_02_mir/recover-20220922/UBNA_001/20220921_090000.WAV,Telephone Field,recover-20220922,001,1795
59.3455,59.387100000000004,68437,82633,Rhinolophus ferrumequinum,0.025,0.025,-1,Echolocation,/mnt/ubna_data_02_mir/recover-20220922/UBNA_001/20220921_090000.WAV,Telephone Field,recover-20220922,001,1795
59.3715,59.411,68437,82629,Rhinolophus ferrumequinum,0.047,0.047,-1,Echolocation,/mnt/ubna_data_02_mir/recover-20220922/UBNA_001/20220921_090000.WAV,Telephone Field,recover-20220922,001,1795
59.3765,59.3883,22031,26586,Nyctalus leisleri,0.015,0.026,-1,Echolocation,/mnt/ubna_data_02_mir/recover-20220922/UBNA_001/20220921_090000.WAV,Telephone Field,recover-20220922,001,1795
59.3835,59.3972,22031,26042,Nyctalus leisleri,0.014,0.024,-1,Echolocation,/mnt/ubna_data_02_mir/recover-20220922/UBNA_001/20220921_090000.WAV,Telephone Field,recover-20220922,001,1795
59.4045,59.414699999999996,27187,37150,Eptesicus serotinus,0.01,0.023,-1,Echolocation,/mnt/ubna_data_02_mir/recover-20220922/UBNA_001/20220921_090000.WAV,Telephone Field,recover-20220922,001,1795
59.4045,59.4463,68437,82227,Rhinolophus ferrumequinum,0.042,0.042,-1,Echolocation,/mnt/ubna_data_02_mir/recover-20220922/UBNA_001/20220921_090000.WAV,Telephone Field,recover-20220922,001,1795
59.420500000000004,59.4625,68437,83250,Rhinolophus ferrumequinum,0.038,0.038,-1,Echolocation,/mnt/ubna_data_02_mir/recover-20220922/UBNA_001/20220921_090000.WAV,Telephone Field,recover-20220922,001,1795
59.448499999999996,59.457300000000004,27187,39461,Eptesicus serotinus,0.009,0.023,-1,Echolocation,/mnt/ubna_data_02_mir/recover-20220922/UBNA_001/20220921_090000.WAV,Telephone Field,recover-20220922,001,1795
59.450500000000005,59.4891,68437,82311,Rhinolophus ferrumequinum,0.024,0.024,-1,Echolocation,/mnt/ubna_data_02_mir/recover-20220922/UBNA_001/20220921_090000.WAV,Telephone Field,recover-20220922,001,1795
59.4725,59.5082,68437,80852,Rhinolophus ferrumequinum,0.069,0.069,-1,Echolocation,/mnt/ubna_data_02_mir/recover-20220922/UBNA_001/20220921_090000.WAV,Telephone Field,recover-20220922,001,1795
59.545500000000004,59.584199999999996,68437,82536,Rhinolophus ferrumequinum,0.023,0.023,-1,Echolocation,/mnt/ubna_data_02_mir/recover-20220922/UBNA_001/20220921_090000.WAV,Telephone Field,recover-20220922,001,1795
59.5475,59.561099999999996,37500,41176,Pipistrellus nathusii,0.023,0.036,-1,Echolocation,/mnt/ubna_data_02_mir/recover-20220922/UBNA_001/20220921_090000.WAV,Telephone Field,recover-20220922,001,1795
59.561499999999995,59.600899999999996,68437,82758,Rhinolophus ferrumequinum,0.033,0.033,-1,Echolocation,/mnt/ubna_data_02_mir/recover-20220922/UBNA_001/20220921_090000.WAV,Telephone Field,recover-20220922,001,1795
59.5835,59.5934,22890,29667,Nyctalus leisleri,0.009,0.024,-1,Echolocation,/mnt/ubna_data_02_mir/recover-20220922/UBNA_001/20220921_090000.WAV,Telephone Field,recover-20220922,001,1795
59.5895,59.6305,68437,83319,Rhinolophus ferrumequinum,0.023,0.023,-1,Echolocation,/mnt/ubna_data_02_mir/recover-20220922/UBNA_001/20220921_090000.WAV,Telephone Field,recover-20220922,001,1795
59.5955,59.609,22890,27348,Nyctalus leisleri,0.013,0.023,-1,Echolocation,/mnt/ubna_data_02_mir/recover-20220922/UBNA_001/20220921_090000.WAV,Telephone Field,recover-20220922,001,1795
59.6055,59.6458,68437,82425,Rhinolophus ferrumequinum,0.023,0.023,-1,Echolocation,/mnt/ubna_data_02_mir/recover-20220922/UBNA_001/20220921_090000.WAV,Telephone Field,recover-20220922,001,1795
59.6105,59.6209,28906,37871,Eptesicus serotinus,0.013,0.027,-1,Echolocation,/mnt/ubna_data_02_mir/recover-20220922/UBNA_001/20220921_090000.WAV,Telephone Field,recover-20220922,001,1795
59.6475,59.688199999999995,68437,82689,Rhinolophus ferrumequinum,0.026,0.026,-1,Echolocation,/mnt/ubna_data_02_mir/recover-20220922/UBNA_001/20220921_090000.WAV,Telephone Field,recover-20220922,001,1795
59.677499999999995,59.7138,68437,81326,Rhinolophus ferrumequinum,0.023,0.023,-1,Echolocation,/mnt/ubna_data_02_mir/recover-20220922/UBNA_001/20220921_090000.WAV,Telephone Field,recover-20220922,001,1795
59.6905,59.727000000000004,68437,81922,Rhinolophus ferrumequinum,0.025,0.025,-1,Echolocation,/mnt/ubna_data_02_mir/recover-20220922/UBNA_001/20220921_090000.WAV,Telephone Field,recover-20220922,001,1795
59.7065,59.745599999999996,68437,81929,Rhinolophus ferrumequinum,0.025,0.025,-1,Echolocation,/mnt/ubna_data_02_mir/recover-20220922/UBNA_001/20220921_090000.WAV,Telephone Field,recover-20220922,001,1795
59.7335,59.7709,68437,81987,Rhinolophus ferrumequinum,0.024,0.024,-1,Echolocation,/mnt/ubna_data_02_mir/recover-20220922/UBNA_001/20220921_090000.WAV,Telephone Field,recover-20220922,001,1795
59.7405,59.7787,68437,81100,Rhinolophus ferrumequinum,0.024,0.024,-1,Echolocation,/mnt/ubna_data_02_mir/recover-20220922/UBNA_001/20220921_090000.WAV,Telephone Field,recover-20220922,001,1795
59.7525,59.7911,68437,82817,Rhinolophus ferrumequinum,0.023,0.023,-1,Echolocation,/mnt/ubna_data_02_mir/recover-20220922/UBNA_001/20220921_090000.WAV,Telephone Field,recover-20220922,001,1795
59.7785,59.788399999999996,24609,32134,Eptesicus serotinus,0.008,0.023,-1,Echolocation,/mnt/ubna_data_02_mir/recover-20220922/UBNA_001/20220921_090000.WAV,Telephone Field,recover-20220922,001,1795
59.7795,59.818799999999996,68437,82548,Rhinolophus ferrumequinum,0.034,0.034,-1,Echolocation,/mnt/ubna_data_02_mir/recover-20220922/UBNA_001/20220921_090000.WAV,Telephone Field,recover-20220922,001,1795
59.8005,59.845,68437,83485,Rhinolophus ferrumequinum,0.102,0.102,-1,Echolocation,/mnt/ubna_data_02_mir/recover-20220922/UBNA_001/20220921_090000.WAV,Telephone Field,recover-20220922,001,1795
59.8515,59.8904,68437,81974,Rhinolophus ferrumequinum,0.024,0.024,-1,Echolocation,/mnt/ubna_data_02_mir/recover-20220922/UBNA_001/20220921_090000.WAV,Telephone Field,recover-20220922,001,1795
59.8875,59.9229,68437,81638,Rhinolophus ferrumequinum,0.023,0.023,-1,Echolocation,/mnt/ubna_data_02_mir/recover-20220922/UBNA_001/20220921_090000.WAV,Telephone Field,recover-20220922,001,1795
59.9025,59.9082,14296,31113,Plecotus auritus,0.022,0.028,-1,Echolocation,/mnt/ubna_data_02_mir/recover-20220922/UBNA_001/20220921_090000.WAV,Telephone Field,recover-20220922,001,1795
59.9035,59.941900000000004,68437,81702,Rhinolophus ferrumequinum,0.023,0.023,-1,Echolocation,/mnt/ubna_data_02_mir/recover-20220922/UBNA_001/20220921_090000.WAV,Telephone Field,recover-20220922,001,1795
59.9105,59.949,68437,81945,Rhinolophus ferrumequinum,0.025,0.025,-1,Echolocation,/mnt/ubna_data_02_mir/recover-20220922/UBNA_001/20220921_090000.WAV,Telephone Field,recover-20220922,001,1795
59.924499999999995,59.961600000000004,68437,82230,Rhinolophus ferrumequinum,0.025,0.025,-1,Echolocation,/mnt/ubna_data_02_mir/recover-20220922/UBNA_001/20220921_090000.WAV,Telephone Field,recover-20220922,001,1795
59.939499999999995,59.9464,26328,36453,Eptesicus serotinus,0.006,0.024,-1,Echolocation,/mnt/ubna_data_02_mir/recover-20220922/UBNA_001/20220921_090000.WAV,Telephone Field,recover-20220922,001,1795
59.9405,59.9811,68437,83748,Rhinolophus ferrumequinum,0.03,0.03,-1,Echolocation,/mnt/ubna_data_02_mir/recover-20220922/UBNA_001/20220921_090000.WAV,Telephone Field,recover-20220922,001,1795
59.9845,59.9922,23750,34237,Plecotus austriacus,0.009,0.025,-1,Echolocation,/mnt/ubna_data_02_mir/recover-20220922/UBNA_001/20220921_090000.WAV,Telephone Field,recover-20220922,001,1795
60.0015,60.0088,29765,39077,Eptesicus serotinus,0.01,0.032,-1,Echolocation,/mnt/ubna_data_02_mir/recover-20220922/UBNA_001/20220921_090000.WAV,Telephone Field,recover-20220922,001,1795
60.0015,60.0338,68437,80037,Rhinolophus ferrumequinum,0.029,0.03,-1,Echolocation,/mnt/ubna_data_02_mir/recover-20220922/UBNA_001/20220921_090000.WAV,Telephone Field,recover-20220922,001,1795
60.0015,60.0082,25468,38966,Myotis nattereri,0.007,0.027,-1,Echolocation,/mnt/ubna_data_02_mir/recover-20220922/UBNA_001/20220921_090000.WAV,Telephone Field,recover-20220922,001,1795
60.0015,60.0105,46953,52326,Pipistrellus pipistrellus,0.02,0.025,-1,Echolocation,/mnt/ubna_data_02_mir/recover-20220922/UBNA_001/20220921_090000.WAV,Telephone Field,recover-20220922,001,1795
60.0105,60.0529,68437,82173,Rhinolophus ferrumequinum,0.023,0.024,-1,Echolocation,/mnt/ubna_data_02_mir/recover-20220922/UBNA_001/20220921_090000.WAV,Telephone Field,recover-20220922,001,1795
60.0315,60.0421,23750,30246,Nyctalus leisleri,0.009,0.025,-1,Echolocation,/mnt/ubna_data_02_mir/recover-20220922/UBNA_001/20220921_090000.WAV,Telephone Field,recover-20220922,001,1795
60.0655,60.0789,23750,29833,Nyctalus leisleri,0.013,0.029,-1,Echolocation,/mnt/ubna_data_02_mir/recover-20220922/UBNA_001/20220921_090000.WAV,Telephone Field,recover-20220922,001,1795
60.0915,60.1304,68437,82503,Rhinolophus ferrumequinum,0.022,0.022,-1,Echolocation,/mnt/ubna_data_02_mir/recover-20220922/UBNA_001/20220921_090000.WAV,Telephone Field,recover-20220922,001,1795
60.0965,60.1048,27187,35152,Eptesicus serotinus,0.013,0.03,-1,Echolocation,/mnt/ubna_data_02_mir/recover-20220922/UBNA_001/20220921_090000.WAV,Telephone Field,recover-20220922,001,1795
60.1115,60.1504,68437,82317,Rhinolophus ferrumequinum,0.023,0.023,-1,Echolocation,/mnt/ubna_data_02_mir/recover-20220922/UBNA_001/20220921_090000.WAV,Telephone Field,recover-20220922,001,1795
60.1795,60.1912,35781,41637,Eptesicus serotinus,0.007,0.028,-1,Echolocation,/mnt/ubna_data_02_mir/recover-20220922/UBNA_001/20220921_090000.WAV,Telephone Field,recover-20220922,001,1795
60.1915,60.2295,68437,82028,Rhinolophus ferrumequinum,0.023,0.023,-1,Echolocation,/mnt/ubna_data_02_mir/recover-20220922/UBNA_001/20220921_090000.WAV,Telephone Field,recover-20220922,001,1795
60.2015,60.2101,26328,34459,Eptesicus serotinus,0.014,0.041,-1,Echolocation,/mnt/ubna_data_02_mir/recover-20220922/UBNA_001/20220921_090000.WAV,Telephone Field,recover-20220922,001,1795
60.2145,60.2534,68437,82776,Rhinolophus ferrumequinum,0.022,0.022,-1,Echolocation,/mnt/ubna_data_02_mir/recover-20220922/UBNA_001/20220921_090000.WAV,Telephone Field,recover-20220922,001,1795
60.2225,60.2619,68437,82161,Rhinolophus ferrumequinum,0.021,0.021,-1,Echolocation,/mnt/ubna_data_02_mir/recover-20220922/UBNA_001/20220921_090000.WAV,Telephone Field,recover-20220922,001,1795
60.2325,60.2719,68437,81807,Rhinolophus ferrumequinum,0.022,0.022,-1,Echolocation,/mnt/ubna_data_02_mir/recover-20220922/UBNA_001/20220921_090000.WAV,Telephone Field,recover-20220922,001,1795
60.2445,60.2551,23750,30071,Nyctalus leisleri,0.02,0.056,-1,Echolocation,/mnt/ubna_data_02_mir/recover-20220922/UBNA_001/20220921_090000.WAV,Telephone Field,recover-20220922,001,1795
60.2955,60.3357,68437,82291,Rhinolophus ferrumequinum,0.024,0.024,-1,Echolocation,/mnt/ubna_data_02_mir/recover-20220922/UBNA_001/20220921_090000.WAV,Telephone Field,recover-20220922,001,1795
60.3085,60.3475,68437,82159,Rhinolophus ferrumequinum,0.022,0.022,-1,Echolocation,/mnt/ubna_data_02_mir/recover-20220922/UBNA_001/20220921_090000.WAV,Telephone Field,recover-20220922,001,1795
60.3185,60.3551,68437,81823,Rhinolophus ferrumequinum,0.022,0.022,-1,Echolocation,/mnt/ubna_data_02_mir/recover-20220922/UBNA_001/20220921_090000.WAV,Telephone Field,recover-20220922,001,1795
60.3265,60.3349,28046,37042,Eptesicus serotinus,0.013,0.03,-1,Echolocation,/mnt/ubna_data_02_mir/recover-20220922/UBNA_001/20220921_090000.WAV,Telephone Field,recover-20220922,001,1795
60.3325,60.3729,68437,83024,Rhinolophus ferrumequinum,0.024,0.024,-1,Echolocation,/mnt/ubna_data_02_mir/recover-20220922/UBNA_001/20220921_090000.WAV,Telephone Field,recover-20220922,001,1795
60.4005,60.441,68437,82695,Rhinolophus ferrumequinum,0.023,0.024,-1,Echolocation,/mnt/ubna_data_02_mir/recover-20220922/UBNA_001/20220921_090000.WAV,Telephone Field,recover-20220922,001,1795
60.4035,60.4102,28046,41621,Eptesicus serotinus,0.006,0.022,-1,Echolocation,/mnt/ubna_data_02_mir/recover-20220922/UBNA_001/20220921_090000.WAV,Telephone Field,recover-20220922,001,1795
60.4225,60.4619,68437,82314,Rhinolophus ferrumequinum,0.029,0.029,-1,Echolocation,/mnt/ubna_data_02_mir/recover-20220922/UBNA_001/20220921_090000.WAV,Telephone Field,recover-20220922,001,1795
60.4895,60.5,44375,48665,Pipistrellus pipistrellus,0.023,0.027,-1,Echolocation,/mnt/ubna_data_02_mir/recover-20220922/UBNA_001/20220921_090000.WAV,Telephone Field,recover-20220922,001,1795
60.5045,60.5441,68437,82059,Rhinolophus ferrumequinum,0.027,0.027,-1,Echolocation,/mnt/ubna_data_02_mir/recover-20220922/UBNA_001/20220921_090000.WAV,Telephone Field,recover-20220922,001,1795
60.5285,60.5681,68437,82497,Rhinolophus ferrumequinum,0.026,0.026,-1,Echolocation,/mnt/ubna_data_02_mir/recover-20220922/UBNA_001/20220921_090000.WAV,Telephone Field,recover-20220922,001,1795
60.5515,60.5878,68437,81569,Rhinolophus ferrumequinum,0.023,0.024,-1,Echolocation,/mnt/ubna_data_02_mir/recover-20220922/UBNA_001/20220921_090000.WAV,Telephone Field,recover-20220922,001,1795
60.5635,60.6031,68437,82161,Rhinolophus ferrumequinum,0.025,0.025,-1,Echolocation,/mnt/ubna_data_02_mir/recover-20220922/UBNA_001/20220921_090000.WAV,Telephone Field,recover-20220922,001,1795
60.5795,60.589,28046,37533,Eptesicus serotinus,0.018,0.036,-1,Echolocation,/mnt/ubna_data_02_mir/recover-20220922/UBNA_001/20220921_090000.WAV,Telephone Field,recover-20220922,001,1795
60.6065,60.6136,24609,34154,Plecotus austriacus,0.006,0.022,-1,Echolocation,/mnt/ubna_data_02_mir/recover-20220922/UBNA_001/20220921_090000.WAV,Telephone Field,recover-20220922,001,1795
60.6145,60.6216,26328,36291,Eptesicus serotinus,0.007,0.023,-1,Echolocation,/mnt/ubna_data_02_mir/recover-20220922/UBNA_001/20220921_090000.WAV,Telephone Field,recover-20220922,001,1795
60.6665,60.7041,68437,81640,Rhinolophus ferrumequinum,0.023,0.023,-1,Echolocation,/mnt/ubna_data_02_mir/recover-20220922/UBNA_001/20220921_090000.WAV,Telephone Field,recover-20220922,001,1795
60.6805,60.7195,68437,82072,Rhinolophus ferrumequinum,0.023,0.023,-1,Echolocation,/mnt/ubna_data_02_mir/recover-20220922/UBNA_001/20220921_090000.WAV,Telephone Field,recover-20220922,001,1795
60.7435,60.7808,68437,81958,Rhinolophus ferrumequinum,0.021,0.021,-1,Echolocation,/mnt/ubna_data_02_mir/recover-20220922/UBNA_001/20220921_090000.WAV,Telephone Field,recover-20220922,001,1795
60.7525,60.7917,68437,82380,Rhinolophus ferrumequinum,0.022,0.022,-1,Echolocation,/mnt/ubna_data_02_mir/recover-20220922/UBNA_001/20220921_090000.WAV,Telephone Field,recover-20220922,001,1795
60.7565,60.7638,23750,32380,Plecotus austriacus,0.009,0.022,-1,Echolocation,/mnt/ubna_data_02_mir/recover-20220922/UBNA_001/20220921_090000.WAV,Telephone Field,recover-20220922,001,1795
60.8245,60.8367,22890,27531,Nyctalus leisleri,0.015,0.028,-1,Echolocation,/mnt/ubna_data_02_mir/recover-20220922/UBNA_001/20220921_090000.WAV,Telephone Field,recover-20220922,001,1795
60.8325,60.8723,68437,82472,Rhinolophus ferrumequinum,0.022,0.022,-1,Echolocation,/mnt/ubna_data_02_mir/recover-20220922/UBNA_001/20220921_090000.WAV,Telephone Field,recover-20220922,001,1795
60.8585,60.8974,68437,81917,Rhinolophus ferrumequinum,0.022,0.022,-1,Echolocation,/mnt/ubna_data_02_mir/recover-20220922/UBNA_001/20220921_090000.WAV,Telephone Field,recover-20220922,001,1795
60.8745,60.9144,68437,82373,Rhinolophus ferrumequinum,0.023,0.023,-1,Echolocation,/mnt/ubna_data_02_mir/recover-20220922/UBNA_001/20220921_090000.WAV,Telephone Field,recover-20220922,001,1795
60.8845,60.8931,55546,60236,Pipistrellus pygmaeus,0.026,0.027,-1,Echolocation,/mnt/ubna_data_02_mir/recover-20220922/UBNA_001/20220921_090000.WAV,Telephone Field,recover-20220922,001,1795
60.8945,60.934,68437,82255,Rhinolophus ferrumequinum,0.022,0.022,-1,Echolocation,/mnt/ubna_data_02_mir/recover-20220922/UBNA_001/20220921_090000.WAV,Telephone Field,recover-20220922,001,1795
60.9095,60.919200000000004,25468,33756,Eptesicus serotinus,0.012,0.027,-1,Echolocation,/mnt/ubna_data_02_mir/recover-20220922/UBNA_001/20220921_090000.WAV,Telephone Field,recover-20220922,001,1795
60.9205,60.9311,28046,36690,Eptesicus serotinus,0.014,0.027,-1,Echolocation,/mnt/ubna_data_02_mir/recover-20220922/UBNA_001/20220921_090000.WAV,Telephone Field,recover-20220922,001,1795
60.9235,60.9628,68437,82798,Rhinolophus ferrumequinum,0.029,0.029,-1,Echolocation,/mnt/ubna_data_02_mir/recover-20220922/UBNA_001/20220921_090000.WAV,Telephone Field,recover-20220922,001,1795
60.9695,61.007,68437,81378,Rhinolophus ferrumequinum,0.022,0.022,-1,Echolocation,/mnt/ubna_data_02_mir/recover-20220922/UBNA_001/20220921_090000.WAV,Telephone Field,recover-20220922,001,1795
60.9715,60.9824,23750,29357,Nyctalus leisleri,0.01,0.024,-1,Echolocation,/mnt/ubna_data_02_mir/recover-20220922/UBNA_001/20220921_090000.WAV,Telephone Field,recover-20220922,001,1795
60.9965,61.0066,25468,32366,Eptesicus serotinus,0.008,0.022,-1,Echolocation,/mnt/ubna_data_02_mir/recover-20220922/UBNA_001/20220921_090000.WAV,Telephone Field,recover-20220922,001,1795
61.0305,61.0404,23750,30864,Nyctalus leisleri,0.011,0.028,-1,Echolocation,/mnt/ubna_data_02_mir/recover-20220922/UBNA_001/20220921_090000.WAV,Telephone Field,recover-20220922,001,1795
61.0725,61.1124,68437,82702,Rhinolophus ferrumequinum,0.025,0.025,-1,Echolocation,/mnt/ubna_data_02_mir/recover-20220922/UBNA_001/20220921_090000.WAV,Telephone Field,recover-20220922,001,1795
61.1095,61.119,23750,30982,Eptesicus serotinus,0.007,0.022,-1,Echolocation,/mnt/ubna_data_02_mir/recover-20220922/UBNA_001/20220921_090000.WAV,Telephone Field,recover-20220922,001,1795
61.1425,61.1513,28906,39138,Eptesicus serotinus,0.009,0.024,-1,Echolocation,/mnt/ubna_data_02_mir/recover-20220922/UBNA_001/20220921_090000.WAV,Telephone Field,recover-20220922,001,1795
61.1695,61.2129,68437,83045,Rhinolophus ferrumequinum,0.031,0.031,-1,Echolocation,/mnt/ubna_data_02_mir/recover-20220922/UBNA_001/20220921_090000.WAV,Telephone Field,recover-20220922,001,1795
61.2025,61.2443,68437,83421,Rhinolophus ferrumequinum,0.05,0.05,-1,Echolocation,/mnt/ubna_data_02_mir/recover-20220922/UBNA_001/20220921_090000.WAV,Telephone Field,recover-20220922,001,1795
61.2275,61.2659,68437,82394,Rhinolophus ferrumequinum,0.023,0.023,-1,Echolocation,/mnt/ubna_data_02_mir/recover-20220922/UBNA_001/20220921_090000.WAV,Telephone Field,recover-20220922,001,1795
61.2495,61.2957,68437,83034,Rhinolophus ferrumequinum,0.044,0.044,-1,Echolocation,/mnt/ubna_data_02_mir/recover-20220922/UBNA_001/20220921_090000.WAV,Telephone Field,recover-20220922,001,1795
61.2505,61.2599,24609,32451,Eptesicus serotinus,0.008,0.023,-1,Echolocation,/mnt/ubna_data_02_mir/recover-20220922/UBNA_001/20220921_090000.WAV,Telephone Field,recover-20220922,001,1795
61.2705,61.3071,68437,81525,Rhinolophus ferrumequinum,0.022,0.022,-1,Echolocation,/mnt/ubna_data_02_mir/recover-20220922/UBNA_001/20220921_090000.WAV,Telephone Field,recover-20220922,001,1795
61.2825,61.3186,68437,81553,Rhinolophus ferrumequinum,0.022,0.022,-1,Echolocation,/mnt/ubna_data_02_mir/recover-20220922/UBNA_001/20220921_090000.WAV,Telephone Field,recover-20220922,001,1795
61.3125,61.3523,68437,82291,Rhinolophus ferrumequinum,0.023,0.023,-1,Echolocation,/mnt/ubna_data_02_mir/recover-20220922/UBNA_001/20220921_090000.WAV,Telephone Field,recover-20220922,001,1795
61.341499999999996,61.3832,68437,82417,Rhinolophus ferrumequinum,0.029,0.029,-1,Echolocation,/mnt/ubna_data_02_mir/recover-20220922/UBNA_001/20220921_090000.WAV,Telephone Field,recover-20220922,001,1795
61.3535,61.3604,24609,34363,Plecotus austriacus,0.012,0.032,-1,Echolocation,/mnt/ubna_data_02_mir/recover-20220922/UBNA_001/20220921_090000.WAV,Telephone Field,recover-20220922,001,1795
61.3945,61.4369,68437,83055,Rhinolophus ferrumequinum,0.044,0.044,-1,Echolocation,/mnt/ubna_data_02_mir/recover-20220922/UBNA_001/20220921_090000.WAV,Telephone Field,recover-20220922,001,1795
61.4035,61.41,28046,41385,Eptesicus serotinus,0.006,0.024,-1,Echolocation,/mnt/ubna_data_02_mir/recover-20220922/UBNA_001/20220921_090000.WAV,Telephone Field,recover-20220922,001,1795
61.4435,61.4816,68437,81929,Rhinolophus ferrumequinum,0.022,0.022,-1,Echolocation,/mnt/ubna_data_02_mir/recover-20220922/UBNA_001/20220921_090000.WAV,Telephone Field,recover-20220922,001,1795
61.4555,61.4963,68437,82719,Rhinolophus ferrumequinum,0.023,0.023,-1,Echolocation,/mnt/ubna_data_02_mir/recover-20220922/UBNA_001/20220921_090000.WAV,Telephone Field,recover-20220922,001,1795
61.4885,61.499,22890,28563,Nyctalus leisleri,0.01,0.024,-1,Echolocation,/mnt/ubna_data_02_mir/recover-20220922/UBNA_001/20220921_090000.WAV,Telephone Field,recover-20220922,001,1795
61.5285,61.5695,68437,82248,Rhinolophus ferrumequinum,0.024,0.024,-1,Echolocation,/mnt/ubna_data_02_mir/recover-20220922/UBNA_001/20220921_090000.WAV,Telephone Field,recover-20220922,001,1795
61.5445,61.5824,68437,81959,Rhinolophus ferrumequinum,0.022,0.022,-1,Echolocation,/mnt/ubna_data_02_mir/recover-20220922/UBNA_001/20220921_090000.WAV,Telephone Field,recover-20220922,001,1795
61.5695,61.6056,68437,81319,Rhinolophus ferrumequinum,0.022,0.022,-1,Echolocation,/mnt/ubna_data_02_mir/recover-20220922/UBNA_001/20220921_090000.WAV,Telephone Field,recover-20220922,001,1795
61.5875,61.6265,68437,82181,Rhinolophus ferrumequinum,0.023,0.023,-1,Echolocation,/mnt/ubna_data_02_mir/recover-20220922/UBNA_001/20220921_090000.WAV,Telephone Field,recover-20220922,001,1795
61.6095,61.6186,29765,39585,Eptesicus serotinus,0.011,0.028,-1,Echolocation,/mnt/ubna_data_02_mir/recover-20220922/UBNA_001/20220921_090000.WAV,Telephone Field,recover-20220922,001,1795
61.6325,61.6723,68437,82398,Rhinolophus ferrumequinum,0.033,0.033,-1,Echolocation,/mnt/ubna_data_02_mir/recover-20220922/UBNA_001/20220921_090000.WAV,Telephone Field,recover-20220922,001,1795
61.6595,61.6986,68437,82095,Rhinolophus ferrumequinum,0.024,0.024,-1,Echolocation,/mnt/ubna_data_02_mir/recover-20220922/UBNA_001/20220921_090000.WAV,Telephone Field,recover-20220922,001,1795
61.7085,61.7429,68437,81551,Rhinolophus ferrumequinum,0.022,0.022,-1,Echolocation,/mnt/ubna_data_02_mir/recover-20220922/UBNA_001/20220921_090000.WAV,Telephone Field,recover-20220922,001,1795
61.7485,61.7821,68437,80703,Rhinolophus ferrumequinum,0.026,0.026,-1,Echolocation,/mnt/ubna_data_02_mir/recover-20220922/UBNA_001/20220921_090000.WAV,Telephone Field,recover-20220922,001,1795
61.7845,61.7948,23750,30339,Nyctalus leisleri,0.009,0.023,-1,Echolocation,/mnt/ubna_data_02_mir/recover-20220922/UBNA_001/20220921_090000.WAV,Telephone Field,recover-20220922,001,1795
61.7855,61.8263,68437,82320,Rhinolophus ferrumequinum,0.026,0.026,-1,Echolocation,/mnt/ubna_data_02_mir/recover-20220922/UBNA_001/20220921_090000.WAV,Telephone Field,recover-20220922,001,1795
61.7885,61.7986,40937,47858,Pipistrellus nathusii,0.013,0.027,-1,Echolocation,/mnt/ubna_data_02_mir/recover-20220922/UBNA_001/20220921_090000.WAV,Telephone Field,recover-20220922,001,1795
61.8135,61.8496,68437,81991,Rhinolophus ferrumequinum,0.021,0.021,-1,Echolocation,/mnt/ubna_data_02_mir/recover-20220922/UBNA_001/20220921_090000.WAV,Telephone Field,recover-20220922,001,1795
61.8465,61.8846,68437,81596,Rhinolophus ferrumequinum,0.023,0.023,-1,Echolocation,/mnt/ubna_data_02_mir/recover-20220922/UBNA_001/20220921_090000.WAV,Telephone Field,recover-20220922,001,1795
61.8475,61.8558,27187,36807,Eptesicus serotinus,0.01,0.026,-1,Echolocation,/mnt/ubna_data_02_mir/recover-20220922/UBNA_001/20220921_090000.WAV,Telephone Field,recover-20220922,001,1795
61.9125,61.9234,22890,28720,Nyctalus leisleri,0.01,0.023,-1,Echolocation,/mnt/ubna_data_02_mir/recover-20220922/UBNA_001/20220921_090000.WAV,Telephone Field,recover-20220922,001,1795
61.9395,61.9463,25468,36830,Plecotus austriacus,0.007,0.027,-1,Echolocation,/mnt/ubna_data_02_mir/recover-20220922/UBNA_001/20220921_090000.WAV,Telephone Field,recover-20220922,001,1795
61.9465,61.9868,68437,82116,Rhinolophus ferrumequinum,0.022,0.022,-1,Echolocation,/mnt/ubna_data_02_mir/recover-20220922/UBNA_001/20220921_090000.WAV,Telephone Field,recover-20220922,001,1795
61.9505,61.9582,28046,37444,Eptesicus serotinus,0.008,0.022,-1,Echolocation,/mnt/ubna_data_02_mir/recover-20220922/UBNA_001/20220921_090000.WAV,Telephone Field,recover-20220922,001,1795
61.9845,61.9915,26328,37927,Eptesicus serotinus,0.012,0.048,-1,Echolocation,/mnt/ubna_data_02_mir/recover-20220922/UBNA_001/20220921_090000.WAV,Telephone Field,recover-20220922,001,1795
62.0015,62.0169,19453,24158,Nyctalus leisleri,0.01,0.023,-1,Echolocation,/mnt/ubna_data_02_mir/recover-20220922/UBNA_001/20220921_090000.WAV,Telephone Field,recover-20220922,001,1795
62.0015,62.0102,26328,37234,Nyctalus leisleri,0.006,0.023,-1,Echolocation,/mnt/ubna_data_02_mir/recover-20220922/UBNA_001/20220921_090000.WAV,Telephone Field,recover-20220922,001,1795
62.0015,62.036500000000004,69296,81587,Rhinolophus ferrumequinum,0.043,0.043,-1,Echolocation,/mnt/ubna_data_02_mir/recover-20220922/UBNA_001/20220921_090000.WAV,Telephone Field,recover-20220922,001,1795
62.0075,62.0496,68437,82089,Rhinolophus ferrumequinum,0.023,0.023,-1,Echolocation,/mnt/ubna_data_02_mir/recover-20220922/UBNA_001/20220921_090000.WAV,Telephone Field,recover-20220922,001,1795
62.0075,62.0211,55546,59127,Pipistrellus pygmaeus,0.02,0.022,-1,Echolocation,/mnt/ubna_data_02_mir/recover-20220922/UBNA_001/20220921_090000.WAV,Telephone Field,recover-20220922,001,1795
62.0245,62.0322,24609,32751,Plecotus austriacus,0.007,0.022,-1,Echolocation,/mnt/ubna_data_02_mir/recover-20220922/UBNA_001/20220921_090000.WAV,Telephone Field,recover-20220922,001,1795
62.0395,62.0782,68437,82556,Rhinolophus ferrumequinum,0.023,0.023,-1,Echolocation,/mnt/ubna_data_02_mir/recover-20220922/UBNA_001/20220921_090000.WAV,Telephone Field,recover-20220922,001,1795
62.0475,62.0866,68437,82416,Rhinolophus ferrumequinum,0.022,0.022,-1,Echolocation,/mnt/ubna_data_02_mir/recover-20220922/UBNA_001/20220921_090000.WAV,Telephone Field,recover-20220922,001,1795
62.0715,62.0845,37500,41924,Pipistrellus nathusii,0.013,0.022,-1,Echolocation,/mnt/ubna_data_02_mir/recover-20220922/UBNA_001/20220921_090000.WAV,Telephone Field,recover-20220922,001,1795
62.0745,62.1189,68437,82827,Rhinolophus ferrumequinum,0.039,0.039,-1,Echolocation,/mnt/ubna_data_02_mir/recover-20220922/UBNA_001/20220921_090000.WAV,Telephone Field,recover-20220922,001,1795
62.0985,62.1414,68437,83024,Rhinolophus ferrumequinum,0.03,0.03,-1,Echolocation,/mnt/ubna_data_02_mir/recover-20220922/UBNA_001/20220921_090000.WAV,Telephone Field,recover-20220922,001,1795
62.1095,62.1212,28046,35186,Eptesicus serotinus,0.017,0.031,-1,Echolocation,/mnt/ubna_data_02_mir/recover-20220922/UBNA_001/20220921_090000.WAV,Telephone Field,recover-20220922,001,1795
62.1385,62.177,68437,82012,Rhinolophus ferrumequinum,0.027,0.027,-1,Echolocation,/mnt/ubna_data_02_mir/recover-20220922/UBNA_001/20220921_090000.WAV,Telephone Field,recover-20220922,001,1795
62.1395,62.1491,45234,48516,Pipistrellus pipistrellus,0.044,0.047,-1,Echolocation,/mnt/ubna_data_02_mir/recover-20220922/UBNA_001/20220921_090000.WAV,Telephone Field,recover-20220922,001,1795
62.1885,62.2286,68437,82804,Rhinolophus ferrumequinum,0.023,0.023,-1,Echolocation,/mnt/ubna_data_02_mir/recover-20220922/UBNA_001/20220921_090000.WAV,Telephone Field,recover-20220922,001,1795
62.2405,62.2793,68437,81954,Rhinolophus ferrumequinum,0.022,0.022,-1,Echolocation,/mnt/ubna_data_02_mir/recover-20220922/UBNA_001/20220921_090000.WAV,Telephone Field,recover-20220922,001,1795
62.2575,62.2684,22890,28312,Nyctalus leisleri,0.011,0.023,-1,Echolocation,/mnt/ubna_data_02_mir/recover-20220922/UBNA_001/20220921_090000.WAV,Telephone Field,recover-20220922,001,1795
62.2615,62.2998,68437,81576,Rhinolophus ferrumequinum,0.023,0.023,-1,Echolocation,/mnt/ubna_data_02_mir/recover-20220922/UBNA_001/20220921_090000.WAV,Telephone Field,recover-20220922,001,1795
62.2665,62.2744,28046,37523,Eptesicus serotinus,0.009,0.026,-1,Echolocation,/mnt/ubna_data_02_mir/recover-20220922/UBNA_001/20220921_090000.WAV,Telephone Field,recover-20220922,001,1795
62.2705,62.3054,68437,81193,Rhinolophus ferrumequinum,0.025,0.025,-1,Echolocation,/mnt/ubna_data_02_mir/recover-20220922/UBNA_001/20220921_090000.WAV,Telephone Field,recover-20220922,001,1795
62.286500000000004,62.3261,68437,81380,Rhinolophus ferrumequinum,0.026,0.026,-1,Echolocation,/mnt/ubna_data_02_mir/recover-20220922/UBNA_001/20220921_090000.WAV,Telephone Field,recover-20220922,001,1795
62.2895,62.2988,24609,31709,Nyctalus leisleri,0.007,0.022,-1,Echolocation,/mnt/ubna_data_02_mir/recover-20220922/UBNA_001/20220921_090000.WAV,Telephone Field,recover-20220922,001,1795
62.3205,62.3638,68437,83384,Rhinolophus ferrumequinum,0.029,0.029,-1,Echolocation,/mnt/ubna_data_02_mir/recover-20220922/UBNA_001/20220921_090000.WAV,Telephone Field,recover-20220922,001,1795
62.3275,62.339,22890,27531,Nyctalus leisleri,0.017,0.03,-1,Echolocation,/mnt/ubna_data_02_mir/recover-20220922/UBNA_001/20220921_090000.WAV,Telephone Field,recover-20220922,001,1795
62.3595,62.3976,68437,81963,Rhinolophus ferrumequinum,0.024,0.024,-1,Echolocation,/mnt/ubna_data_02_mir/recover-20220922/UBNA_001/20220921_090000.WAV,Telephone Field,recover-20220922,001,1795
62.3625,62.3745,22890,27662,Nyctalus leisleri,0.019,0.035,-1,Echolocation,/mnt/ubna_data_02_mir/recover-20220922/UBNA_001/20220921_090000.WAV,Telephone Field,recover-20220922,001,1795
62.3955,62.4042,26328,34058,Eptesicus serotinus,0.008,0.023,-1,Echolocation,/mnt/ubna_data_02_mir/recover-20220922/UBNA_001/20220921_090000.WAV,Telephone Field,recover-20220922,001,1795
62.3995,62.4382,68437,81703,Rhinolophus ferrumequinum,0.023,0.023,-1,Echolocation,/mnt/ubna_data_02_mir/recover-20220922/UBNA_001/20220921_090000.WAV,Telephone Field,recover-20220922,001,1795
62.4425,62.4521,28046,37497,Eptesicus serotinus,0.01,0.025,-1,Echolocation,/mnt/ubna_data_02_mir/recover-20220922/UBNA_001/20220921_090000.WAV,Telephone Field,recover-20220922,001,1795
62.4525,62.4899,68437,82368,Rhinolophus ferrumequinum,0.024,0.024,-1,Echolocation,/mnt/ubna_data_02_mir/recover-20220922/UBNA_001/20220921_090000.WAV,Telephone Field,recover-20220922,001,1795
62.4655,62.5093,68437,83369,Rhinolophus ferrumequinum,0.032,0.032,-1,Echolocation,/mnt/ubna_data_02_mir/recover-20220922/UBNA_001/20220921_090000.WAV,Telephone Field,recover-20220922,001,1795
62.4915,62.533500000000004,68437,83370,Rhinolophus ferrumequinum,0.028,0.028,-1,Echolocation,/mnt/ubna_data_02_mir/recover-20220922/UBNA_001/20220921_090000.WAV,Telephone Field,recover-20220922,001,1795
62.4925,62.5003,28046,39663,Eptesicus serotinus,0.007,0.022,-1,Echolocation,/mnt/ubna_data_02_mir/recover-20220922/UBNA_001/20220921_090000.WAV,Telephone Field,recover-20220922,001,1795
62.4995,62.5408,68437,83279,Rhinolophus ferrumequinum,0.034,0.034,-1,Echolocation,/mnt/ubna_data_02_mir/recover-20220922/UBNA_001/20220921_090000.WAV,Telephone Field,recover-20220922,001,1795
62.5245,62.5325,28046,39339,Eptesicus serotinus,0.008,0.022,-1,Echolocation,/mnt/ubna_data_02_mir/recover-20220922/UBNA_001/20220921_090000.WAV,Telephone Field,recover-20220922,001,1795
62.5595,62.5973,68437,80884,Rhinolophus ferrumequinum,0.03,0.03,-1,Echolocation,/mnt/ubna_data_02_mir/recover-20220922/UBNA_001/20220921_090000.WAV,Telephone Field,recover-20220922,001,1795
62.6125,62.6526,68437,82340,Rhinolophus ferrumequinum,0.023,0.023,-1,Echolocation,/mnt/ubna_data_02_mir/recover-20220922/UBNA_001/20220921_090000.WAV,Telephone Field,recover-20220922,001,1795
62.6215,62.6605,68437,81872,Rhinolophus ferrumequinum,0.022,0.022,-1,Echolocation,/mnt/ubna_data_02_mir/recover-20220922/UBNA_001/20220921_090000.WAV,Telephone Field,recover-20220922,001,1795
62.6335,62.6713,68437,81571,Rhinolophus ferrumequinum,0.022,0.022,-1,Echolocation,/mnt/ubna_data_02_mir/recover-20220922/UBNA_001/20220921_090000.WAV,Telephone Field,recover-20220922,001,1795
62.6335,62.6425,28046,38189,Eptesicus serotinus,0.011,0.03,-1,Echolocation,/mnt/ubna_data_02_mir/recover-20220922/UBNA_001/20220921_090000.WAV,Telephone Field,recover-20220922,001,1795
62.6685,62.6785,28906,36554,Eptesicus serotinus,0.009,0.024,-1,Echolocation,/mnt/ubna_data_02_mir/recover-20220922/UBNA_001/20220921_090000.WAV,Telephone Field,recover-20220922,001,1795
62.7075,62.7157,23750,31901,Plecotus austriacus,0.008,0.022,-1,Echolocation,/mnt/ubna_data_02_mir/recover-20220922/UBNA_001/20220921_090000.WAV,Telephone Field,recover-20220922,001,1795
62.716499999999996,62.726,28046,37680,Eptesicus serotinus,0.008,0.022,-1,Echolocation,/mnt/ubna_data_02_mir/recover-20220922/UBNA_001/20220921_090000.WAV,Telephone Field,recover-20220922,001,1795
62.7335,62.740899999999996,28046,38013,Eptesicus serotinus,0.007,0.022,-1,Echolocation,/mnt/ubna_data_02_mir/recover-20220922/UBNA_001/20220921_090000.WAV,Telephone Field,recover-20220922,001,1795
62.8005,62.8386,68437,81430,Rhinolophus ferrumequinum,0.025,0.025,-1,Echolocation,/mnt/ubna_data_02_mir/recover-20220922/UBNA_001/20220921_090000.WAV,Telephone Field,recover-20220922,001,1795
62.8435,62.8822,68437,82235,Rhinolophus ferrumequinum,0.022,0.022,-1,Echolocation,/mnt/ubna_data_02_mir/recover-20220922/UBNA_001/20220921_090000.WAV,Telephone Field,recover-20220922,001,1795
62.8605,62.8986,68437,81664,Rhinolophus ferrumequinum,0.023,0.023,-1,Echolocation,/mnt/ubna_data_02_mir/recover-20220922/UBNA_001/20220921_090000.WAV,Telephone Field,recover-20220922,001,1795
62.8705,62.9074,68437,82042,Rhinolophus ferrumequinum,0.027,0.027,-1,Echolocation,/mnt/ubna_data_02_mir/recover-20220922/UBNA_001/20220921_090000.WAV,Telephone Field,recover-20220922,001,1795
62.8755,62.8831,27187,37745,Eptesicus serotinus,0.008,0.027,-1,Echolocation,/mnt/ubna_data_02_mir/recover-20220922/UBNA_001/20220921_090000.WAV,Telephone Field,recover-20220922,001,1795
62.9075,62.9199,22890,27240,Nyctalus leisleri,0.019,0.034,-1,Echolocation,/mnt/ubna_data_02_mir/recover-20220922/UBNA_001/20220921_090000.WAV,Telephone Field,recover-20220922,001,1795
62.9375,62.9765,68437,81905,Rhinolophus ferrumequinum,0.023,0.023,-1,Echolocation,/mnt/ubna_data_02_mir/recover-20220922/UBNA_001/20220921_090000.WAV,Telephone Field,recover-20220922,001,1795
62.963499999999996,63.0022,68437,82533,Rhinolophus ferrumequinum,0.04,0.04,-1,Echolocation,/mnt/ubna_data_02_mir/recover-20220922/UBNA_001/20220921_090000.WAV,Telephone Field,recover-20220922,001,1795
62.9785,62.9868,27187,38802,Eptesicus serotinus,0.007,0.024,-1,Echolocation,/mnt/ubna_data_02_mir/recover-20220922/UBNA_001/20220921_090000.WAV,Telephone Field,recover-20220922,001,1795
62.9965,63.0053,28046,39533,Eptesicus serotinus,0.009,0.023,-1,Echolocation,/mnt/ubna_data_02_mir/recover-20220922/UBNA_001/20220921_090000.WAV,Telephone Field,recover-20220922,001,1795
63.0075,63.0455,68437,81728,Rhinolophus ferrumequinum,0.022,0.022,-1,Echolocation,/mnt/ubna_data_02_mir/recover-20220922/UBNA_001/20220921_090000.WAV,Telephone Field,recover-20220922,001,1795
63.0255,63.0326,27187,38339,Eptesicus serotinus,0.006,0.026,-1,Echolocation,/mnt/ubna_data_02_mir/recover-20220922/UBNA_001/20220921_090000.WAV,Telephone Field,recover-20220922,001,1795
63.0385,63.049,27187,34363,Eptesicus serotinus,0.018,0.034,-1,Echolocation,/mnt/ubna_data_02_mir/recover-20220922/UBNA_001/20220921_090000.WAV,Telephone Field,recover-20220922,001,1795
63.0555,63.063,26328,35492,Eptesicus serotinus,0.007,0.023,-1,Echolocation,/mnt/ubna_data_02_mir/recover-20220922/UBNA_001/20220921_090000.WAV,Telephone Field,recover-20220922,001,1795
63.1085,63.1446,68437,81234,Rhinolophus ferrumequinum,0.022,0.022,-1,Echolocation,/mnt/ubna_data_02_mir/recover-20220922/UBNA_001/20220921_090000.WAV,Telephone Field,recover-20220922,001,1795
63.1325,63.1391,48671,53061,Pipistrellus pipistrellus,0.028,0.029,-1,Echolocation,/mnt/ubna_data_02_mir/recover-20220922/UBNA_001/20220921_090000.WAV,Telephone Field,recover-20220922,001,1795
63.1505,63.1894,68437,81949,Rhinolophus ferrumequinum,0.025,0.025,-1,Echolocation,/mnt/ubna_data_02_mir/recover-20220922/UBNA_001/20220921_090000.WAV,Telephone Field,recover-20220922,001,1795
63.1745,63.215,68437,82500,Rhinolophus ferrumequinum,0.023,0.023,-1,Echolocation,/mnt/ubna_data_02_mir/recover-20220922/UBNA_001/20220921_090000.WAV,Telephone Field,recover-20220922,001,1795
63.1805,63.2215,68437,82442,Rhinolophus ferrumequinum,0.024,0.024,-1,Echolocation,/mnt/ubna_data_02_mir/recover-20220922/UBNA_001/20220921_090000.WAV,Telephone Field,recover-20220922,001,1795
63.2045,63.2243,19453,22256,Nyctalus leisleri,0.014,0.025,-1,Echolocation,/mnt/ubna_data_02_mir/recover-20220922/UBNA_001/20220921_090000.WAV,Telephone Field,recover-20220922,001,1795
63.2285,63.2391,28906,36013,Eptesicus serotinus,0.019,0.034,-1,Echolocation,/mnt/ubna_data_02_mir/recover-20220922/UBNA_001/20220921_090000.WAV,Telephone Field,recover-20220922,001,1795
63.2475,63.2843,68437,81366,Rhinolophus ferrumequinum,0.024,0.024,-1,Echolocation,/mnt/ubna_data_02_mir/recover-20220922/UBNA_001/20220921_090000.WAV,Telephone Field,recover-20220922,001,1795
63.2635,63.2755,22031,25409,Nyctalus leisleri,0.014,0.023,-1,Echolocation,/mnt/ubna_data_02_mir/recover-20220922/UBNA_001/20220921_090000.WAV,Telephone Field,recover-20220922,001,1795
63.2805,63.2891,28046,37656,Eptesicus serotinus,0.009,0.023,-1,Echolocation,/mnt/ubna_data_02_mir/recover-20220922/UBNA_001/20220921_090000.WAV,Telephone Field,recover-20220922,001,1795
63.2945,63.3024,46093,50034,Pipistrellus pipistrellus,0.025,0.026,-1,Echolocation,/mnt/ubna_data_02_mir/recover-20220922/UBNA_001/20220921_090000.WAV,Telephone Field,recover-20220922,001,1795
63.2995,63.3419,68437,82946,Rhinolophus ferrumequinum,0.031,0.031,-1,Echolocation,/mnt/ubna_data_02_mir/recover-20220922/UBNA_001/20220921_090000.WAV,Telephone Field,recover-20220922,001,1795
63.3055,63.3439,68437,82500,Rhinolophus ferrumequinum,0.03,0.03,-1,Echolocation,/mnt/ubna_data_02_mir/recover-20220922/UBNA_001/20220921_090000.WAV,Telephone Field,recover-20220922,001,1795
63.3425,63.354,22890,27820,Nyctalus leisleri,0.016,0.029,-1,Echolocation,/mnt/ubna_data_02_mir/recover-20220922/UBNA_001/20220921_090000.WAV,Telephone Field,recover-20220922,001,1795
63.3985,63.4087,25468,31579,Nyctalus leisleri,0.01,0.028,-1,Echolocation,/mnt/ubna_data_02_mir/recover-20220922/UBNA_001/20220921_090000.WAV,Telephone Field,recover-20220922,001,1795
63.3995,63.4384,68437,81800,Rhinolophus ferrumequinum,0.023,0.024,-1,Echolocation,/mnt/ubna_data_02_mir/recover-20220922/UBNA_001/20220921_090000.WAV,Telephone Field,recover-20220922,001,1795
63.4025,63.4119,46953,53126,Pipistrellus pipistrellus,0.027,0.029,-1,Echolocation,/mnt/ubna_data_02_mir/recover-20220922/UBNA_001/20220921_090000.WAV,Telephone Field,recover-20220922,001,1795
63.4175,63.4578,68437,82896,Rhinolophus ferrumequinum,0.023,0.023,-1,Echolocation,/mnt/ubna_data_02_mir/recover-20220922/UBNA_001/20220921_090000.WAV,Telephone Field,recover-20220922,001,1795
63.5285,63.5698,68437,82619,Rhinolophus ferrumequinum,0.023,0.023,-1,Echolocation,/mnt/ubna_data_02_mir/recover-20220922/UBNA_001/20220921_090000.WAV,Telephone Field,recover-20220922,001,1795
63.5385,63.5752,68437,81950,Rhinolophus ferrumequinum,0.023,0.023,-1,Echolocation,/mnt/ubna_data_02_mir/recover-20220922/UBNA_001/20220921_090000.WAV,Telephone Field,recover-20220922,001,1795
63.5415,63.5512,22890,30259,Plecotus austriacus,0.009,0.026,-1,Echolocation,/mnt/ubna_data_02_mir/recover-20220922/UBNA_001/20220921_090000.WAV,Telephone Field,recover-20220922,001,1795
63.5565,63.5919,68437,81143,Rhinolophus ferrumequinum,0.023,0.023,-1,Echolocation,/mnt/ubna_data_02_mir/recover-20220922/UBNA_001/20220921_090000.WAV,Telephone Field,recover-20220922,001,1795
63.5955,63.6379,68437,83153,Rhinolophus ferrumequinum,0.026,0.026,-1,Echolocation,/mnt/ubna_data_02_mir/recover-20220922/UBNA_001/20220921_090000.WAV,Telephone Field,recover-20220922,001,1795
63.6095,63.649,68437,82415,Rhinolophus ferrumequinum,0.023,0.023,-1,Echolocation,/mnt/ubna_data_02_mir/recover-20220922/UBNA_001/20220921_090000.WAV,Telephone Field,recover-20220922,001,1795
63.6525,63.6905,68437,82122,Rhinolophus ferrumequinum,0.022,0.022,-1,Echolocation,/mnt/ubna_data_02_mir/recover-20220922/UBNA_001/20220921_090000.WAV,Telephone Field,recover-20220922,001,1795
63.6575,63.6643,27187,36869,Eptesicus serotinus,0.01,0.034,-1,Echolocation,/mnt/ubna_data_02_mir/recover-20220922/UBNA_001/20220921_090000.WAV,Telephone Field,recover-20220922,001,1795
63.7935,63.832300000000004,68437,82215,Rhinolophus ferrumequinum,0.023,0.023,-1,Echolocation,/mnt/ubna_data_02_mir/recover-20220922/UBNA_001/20220921_090000.WAV,Telephone Field,recover-20220922,001,1795
63.8135,63.8218,28046,37789,Eptesicus serotinus,0.008,0.023,-1,Echolocation,/mnt/ubna_data_02_mir/recover-20220922/UBNA_001/20220921_090000.WAV,Telephone Field,recover-20220922,001,1795
63.8165,63.8577,68437,82703,Rhinolophus ferrumequinum,0.024,0.024,-1,Echolocation,/mnt/ubna_data_02_mir/recover-20220922/UBNA_001/20220921_090000.WAV,Telephone Field,recover-20220922,001,1795
63.8795,63.9201,68437,82808,Rhinolophus ferrumequinum,0.024,0.024,-1,Echolocation,/mnt/ubna_data_02_mir/recover-20220922/UBNA_001/20220921_090000.WAV,Telephone Field,recover-20220922,001,1795
63.9065,63.9185,42656,47419,Pipistrellus pipistrellus,0.023,0.032,-1,Echolocation,/mnt/ubna_data_02_mir/recover-20220922/UBNA_001/20220921_090000.WAV,Telephone Field,recover-20220922,001,1795
63.966499999999996,63.9765,22031,27405,Nyctalus leisleri,0.011,0.027,-1,Echolocation,/mnt/ubna_data_02_mir/recover-20220922/UBNA_001/20220921_090000.WAV,Telephone Field,recover-20220922,001,1795
63.9825,63.9912,28046,38941,Eptesicus serotinus,0.008,0.024,-1,Echolocation,/mnt/ubna_data_02_mir/recover-20220922/UBNA_001/20220921_090000.WAV,Telephone Field,recover-20220922,001,1795
63.9855,63.9955,44375,50258,Pipistrellus pipistrellus,0.022,0.025,-1,Echolocation,/mnt/ubna_data_02_mir/recover-20220922/UBNA_001/20220921_090000.WAV,Telephone Field,recover-20220922,001,1795
64.0015,64.0308,69296,82157,Rhinolophus ferrumequinum,0.031,0.031,-1,Echolocation,/mnt/ubna_data_02_mir/recover-20220922/UBNA_001/20220921_090000.WAV,Telephone Field,recover-20220922,001,1795
64.0015,64.0075,47812,56912,Pipistrellus pipistrellus,0.018,0.023,-1,Echolocation,/mnt/ubna_data_02_mir/recover-20220922/UBNA_001/20220921_090000.WAV,Telephone Field,recover-20220922,001,1795
64.0015,64.0104,25468,33238,Nyctalus leisleri,0.013,0.033,-1,Echolocation,/mnt/ubna_data_02_mir/recover-20220922/UBNA_001/20220921_090000.WAV,Telephone Field,recover-20220922,001,1795
64.0175,64.0326,29765,34282,Eptesicus serotinus,0.024,0.044,-1,Echolocation,/mnt/ubna_data_02_mir/recover-20220922/UBNA_001/20220921_090000.WAV,Telephone Field,recover-20220922,001,1795
64.0215,64.0613,68437,82926,Rhinolophus ferrumequinum,0.023,0.023,-1,Echolocation,/mnt/ubna_data_02_mir/recover-20220922/UBNA_001/20220921_090000.WAV,Telephone Field,recover-20220922,001,1795
64.0685,64.1104,68437,83078,Rhinolophus ferrumequinum,0.025,0.025,-1,Echolocation,/mnt/ubna_data_02_mir/recover-20220922/UBNA_001/20220921_090000.WAV,Telephone Field,recover-20220922,001,1795
64.1035,64.1144,22890,28218,Nyctalus leisleri,0.01,0.022,-1,Echolocation,/mnt/ubna_data_02_mir/recover-20220922/UBNA_001/20220921_090000.WAV,Telephone Field,recover-20220922,001,1795
64.11449999999999,64.1212,25468,40977,Myotis nattereri,0.007,0.026,-1,Echolocation,/mnt/ubna_data_02_mir/recover-20220922/UBNA_001/20220921_090000.WAV,Telephone Field,recover-20220922,001,1795
64.1445,64.1578,24609,30395,Nyctalus leisleri,0.014,0.03,-1,Echolocation,/mnt/ubna_data_02_mir/recover-20220922/UBNA_001/20220921_090000.WAV,Telephone Field,recover-20220922,001,1795
64.1645,64.1742,23750,30130,Nyctalus leisleri,0.01,0.025,-1,Echolocation,/mnt/ubna_data_02_mir/recover-20220922/UBNA_001/20220921_090000.WAV,Telephone Field,recover-20220922,001,1795
64.2075,64.2465,68437,81649,Rhinolophus ferrumequinum,0.023,0.023,-1,Echolocation,/mnt/ubna_data_02_mir/recover-20220922/UBNA_001/20220921_090000.WAV,Telephone Field,recover-20220922,001,1795
64.23949999999999,64.2769,68437,81515,Rhinolophus ferrumequinum,0.023,0.023,-1,Echolocation,/mnt/ubna_data_02_mir/recover-20220922/UBNA_001/20220921_090000.WAV,Telephone Field,recover-20220922,001,1795
64.2695,64.2808,32343,39379,Eptesicus serotinus,0.01,0.025,-1,Echolocation,/mnt/ubna_data_02_mir/recover-20220922/UBNA_001/20220921_090000.WAV,Telephone Field,recover-20220922,001,1795
64.2725,64.3099,68437,81969,Rhinolophus ferrumequinum,0.023,0.023,-1,Echolocation,/mnt/ubna_data_02_mir/recover-20220922/UBNA_001/20220921_090000.WAV,Telephone Field,recover-20220922,001,1795
64.2955,64.3343,68437,82158,Rhinolophus ferrumequinum,0.022,0.022,-1,Echolocation,/mnt/ubna_data_02_mir/recover-20220922/UBNA_001/20220921_090000.WAV,Telephone Field,recover-20220922,001,1795
64.3915,64.4019,23750,30607,Nyctalus leisleri,0.009,0.027,-1,Echolocation,/mnt/ubna_data_02_mir/recover-20220922/UBNA_001/20220921_090000.WAV,Telephone Field,recover-20220922,001,1795
64.4345,64.4759,68437,83123,Rhinolophus ferrumequinum,0.029,0.029,-1,Echolocation,/mnt/ubna_data_02_mir/recover-20220922/UBNA_001/20220921_090000.WAV,Telephone Field,recover-20220922,001,1795
64.4595,64.467,23750,32566,Plecotus austriacus,0.011,0.025,-1,Echolocation,/mnt/ubna_data_02_mir/recover-20220922/UBNA_001/20220921_090000.WAV,Telephone Field,recover-20220922,001,1795
64.4605,64.46940000000001,29765,36899,Eptesicus serotinus,0.012,0.026,-1,Echolocation,/mnt/ubna_data_02_mir/recover-20220922/UBNA_001/20220921_090000.WAV,Telephone Field,recover-20220922,001,1795
64.4665,64.4772,28906,35081,Eptesicus serotinus,0.012,0.024,-1,Echolocation,/mnt/ubna_data_02_mir/recover-20220922/UBNA_001/20220921_090000.WAV,Telephone Field,recover-20220922,001,1795
64.4685,64.5066,68437,82749,Rhinolophus ferrumequinum,0.023,0.023,-1,Echolocation,/mnt/ubna_data_02_mir/recover-20220922/UBNA_001/20220921_090000.WAV,Telephone Field,recover-20220922,001,1795
64.5405,64.5499,22890,29151,Nyctalus leisleri,0.008,0.023,-1,Echolocation,/mnt/ubna_data_02_mir/recover-20220922/UBNA_001/20220921_090000.WAV,Telephone Field,recover-20220922,001,1795
64.5435,64.5858,68437,82899,Rhinolophus ferrumequinum,0.028,0.028,-1,Echolocation,/mnt/ubna_data_02_mir/recover-20220922/UBNA_001/20220921_090000.WAV,Telephone Field,recover-20220922,001,1795
64.5775,64.5885,24609,32579,Eptesicus serotinus,0.009,0.027,-1,Echolocation,/mnt/ubna_data_02_mir/recover-20220922/UBNA_001/20220921_090000.WAV,Telephone Field,recover-20220922,001,1795
64.5895,64.6007,26328,34380,Eptesicus serotinus,0.024,0.043,-1,Echolocation,/mnt/ubna_data_02_mir/recover-20220922/UBNA_001/20220921_090000.WAV,Telephone Field,recover-20220922,001,1795
64.5955,64.6331,68437,81657,Rhinolophus ferrumequinum,0.022,0.022,-1,Echolocation,/mnt/ubna_data_02_mir/recover-20220922/UBNA_001/20220921_090000.WAV,Telephone Field,recover-20220922,001,1795
64.6065,64.6446,68437,82319,Rhinolophus ferrumequinum,0.023,0.023,-1,Echolocation,/mnt/ubna_data_02_mir/recover-20220922/UBNA_001/20220921_090000.WAV,Telephone Field,recover-20220922,001,1795
64.6235,64.6326,28906,39602,Eptesicus serotinus,0.009,0.023,-1,Echolocation,/mnt/ubna_data_02_mir/recover-20220922/UBNA_001/20220921_090000.WAV,Telephone Field,recover-20220922,001,1795
64.6335,64.6728,68437,81865,Rhinolophus ferrumequinum,0.025,0.025,-1,Echolocation,/mnt/ubna_data_02_mir/recover-20220922/UBNA_001/20220921_090000.WAV,Telephone Field,recover-20220922,001,1795
64.6545,64.6648,22890,28202,Nyctalus leisleri,0.012,0.025,-1,Echolocation,/mnt/ubna_data_02_mir/recover-20220922/UBNA_001/20220921_090000.WAV,Telephone Field,recover-20220922,001,1795
64.6695,64.7079,68437,81889,Rhinolophus ferrumequinum,0.022,0.022,-1,Echolocation,/mnt/ubna_data_02_mir/recover-20220922/UBNA_001/20220921_090000.WAV,Telephone Field,recover-20220922,001,1795
64.6935,64.7342,68437,82384,Rhinolophus ferrumequinum,0.027,0.027,-1,Echolocation,/mnt/ubna_data_02_mir/recover-20220922/UBNA_001/20220921_090000.WAV,Telephone Field,recover-20220922,001,1795
64.7105,64.7176,28046,39319,Eptesicus serotinus,0.007,0.024,-1,Echolocation,/mnt/ubna_data_02_mir/recover-20220922/UBNA_001/20220921_090000.WAV,Telephone Field,recover-20220922,001,1795
64.7215,64.731,44375,51567,Pipistrellus pipistrellus,0.031,0.034,-1,Echolocation,/mnt/ubna_data_02_mir/recover-20220922/UBNA_001/20220921_090000.WAV,Telephone Field,recover-20220922,001,1795
64.8495,64.8923,68437,82864,Rhinolophus ferrumequinum,0.035,0.035,-1,Echolocation,/mnt/ubna_data_02_mir/recover-20220922/UBNA_001/20220921_090000.WAV,Telephone Field,recover-20220922,001,1795
64.8845,64.9244,68437,82697,Rhinolophus ferrumequinum,0.023,0.023,-1,Echolocation,/mnt/ubna_data_02_mir/recover-20220922/UBNA_001/20220921_090000.WAV,Telephone Field,recover-20220922,001,1795
64.9155,64.952,68437,81128,Rhinolophus ferrumequinum,0.024,0.024,-1,Echolocation,/mnt/ubna_data_02_mir/recover-20220922/UBNA_001/20220921_090000.WAV,Telephone Field,recover-20220922,001,1795
64.9255,64.9639,68437,81838,Rhinolophus ferrumequinum,0.024,0.024,-1,Echolocation,/mnt/ubna_data_02_mir/recover-20220922/UBNA_001/20220921_090000.WAV,Telephone Field,recover-20220922,001,1795
64.9365,64.9469,22890,28597,Nyctalus leisleri,0.011,0.026,-1,Echolocation,/mnt/ubna_data_02_mir/recover-20220922/UBNA_001/20220921_090000.WAV,Telephone Field,recover-20220922,001,1795
64.9735,64.9841,23750,29923,Nyctalus leisleri,0.01,0.024,-1,Echolocation,/mnt/ubna_data_02_mir/recover-20220922/UBNA_001/20220921_090000.WAV,Telephone Field,recover-20220922,001,1795
64.9875,64.9964,22031,28349,Plecotus austriacus,0.012,0.026,-1,Echolocation,/mnt/ubna_data_02_mir/recover-20220922/UBNA_001/20220921_090000.WAV,Telephone Field,recover-20220922,001,1795
65.0065,65.0173,22031,25839,Nyctalus leisleri,0.014,0.023,-1,Echolocation,/mnt/ubna_data_02_mir/recover-20220922/UBNA_001/20220921_090000.WAV,Telephone Field,recover-20220922,001,1795
65.0285,65.069,68437,82619,Rhinolophus ferrumequinum,0.023,0.023,-1,Echolocation,/mnt/ubna_data_02_mir/recover-20220922/UBNA_001/20220921_090000.WAV,Telephone Field,recover-20220922,001,1795
65.0485,65.0595,28046,35137,Eptesicus serotinus,0.01,0.022,-1,Echolocation,/mnt/ubna_data_02_mir/recover-20220922/UBNA_001/20220921_090000.WAV,Telephone Field,recover-20220922,001,1795
65.0895,65.12819999999999,68437,81909,Rhinolophus ferrumequinum,0.022,0.022,-1,Echolocation,/mnt/ubna_data_02_mir/recover-20220922/UBNA_001/20220921_090000.WAV,Telephone Field,recover-20220922,001,1795
65.1155,65.1545,68437,82430,Rhinolophus ferrumequinum,0.023,0.023,-1,Echolocation,/mnt/ubna_data_02_mir/recover-20220922/UBNA_001/20220921_090000.WAV,Telephone Field,recover-20220922,001,1795
65.1195,65.1285,34062,41653,Myotis daubentonii,0.008,0.022,-1,Echolocation,/mnt/ubna_data_02_mir/recover-20220922/UBNA_001/20220921_090000.WAV,Telephone Field,recover-20220922,001,1795
65.1195,65.1275,26328,37321,Eptesicus serotinus,0.008,0.023,-1,Echolocation,/mnt/ubna_data_02_mir/recover-20220922/UBNA_001/20220921_090000.WAV,Telephone Field,recover-20220922,001,1795
65.1405,65.18,68437,82209,Rhinolophus ferrumequinum,0.023,0.023,-1,Echolocation,/mnt/ubna_data_02_mir/recover-20220922/UBNA_001/20220921_090000.WAV,Telephone Field,recover-20220922,001,1795
65.1695,65.2084,68437,82077,Rhinolophus ferrumequinum,0.023,0.023,-1,Echolocation,/mnt/ubna_data_02_mir/recover-20220922/UBNA_001/20220921_090000.WAV,Telephone Field,recover-20220922,001,1795
65.1715,65.1813,22890,29136,Nyctalus leisleri,0.009,0.023,-1,Echolocation,/mnt/ubna_data_02_mir/recover-20220922/UBNA_001/20220921_090000.WAV,Telephone Field,recover-20220922,001,1795
65.1745,65.2165,68437,82342,Rhinolophus ferrumequinum,0.023,0.023,-1,Echolocation,/mnt/ubna_data_02_mir/recover-20220922/UBNA_001/20220921_090000.WAV,Telephone Field,recover-20220922,001,1795
65.1805,65.2207,68437,82637,Rhinolophus ferrumequinum,0.022,0.022,-1,Echolocation,/mnt/ubna_data_02_mir/recover-20220922/UBNA_001/20220921_090000.WAV,Telephone Field,recover-20220922,001,1795
65.2105,65.2507,68437,82854,Rhinolophus ferrumequinum,0.028,0.028,-1,Echolocation,/mnt/ubna_data_02_mir/recover-20220922/UBNA_001/20220921_090000.WAV,Telephone Field,recover-20220922,001,1795
65.2885,65.3301,68437,82903,Rhinolophus ferrumequinum,0.026,0.026,-1,Echolocation,/mnt/ubna_data_02_mir/recover-20220922/UBNA_001/20220921_090000.WAV,Telephone Field,recover-20220922,001,1795
65.3335,65.3461,35781,40635,Eptesicus serotinus,0.005,0.022,-1,Echolocation,/mnt/ubna_data_02_mir/recover-20220922/UBNA_001/20220921_090000.WAV,Telephone Field,recover-20220922,001,1795
65.3825,65.4238,68437,82642,Rhinolophus ferrumequinum,0.024,0.024,-1,Echolocation,/mnt/ubna_data_02_mir/recover-20220922/UBNA_001/20220921_090000.WAV,Telephone Field,recover-20220922,001,1795
65.3985,65.4091,28906,37290,Eptesicus serotinus,0.013,0.026,-1,Echolocation,/mnt/ubna_data_02_mir/recover-20220922/UBNA_001/20220921_090000.WAV,Telephone Field,recover-20220922,001,1795
65.4005,65.4443,68437,82996,Rhinolophus ferrumequinum,0.026,0.026,-1,Echolocation,/mnt/ubna_data_02_mir/recover-20220922/UBNA_001/20220921_090000.WAV,Telephone Field,recover-20220922,001,1795
65.4665,65.4777,22890,28159,Nyctalus leisleri,0.011,0.023,-1,Echolocation,/mnt/ubna_data_02_mir/recover-20220922/UBNA_001/20220921_090000.WAV,Telephone Field,recover-20220922,001,1795
65.5415,65.5508,26328,33901,Eptesicus serotinus,0.009,0.024,-1,Echolocation,/mnt/ubna_data_02_mir/recover-20220922/UBNA_001/20220921_090000.WAV,Telephone Field,recover-20220922,001,1795
65.5725,65.5847,28906,34883,Eptesicus serotinus,0.021,0.038,-1,Echolocation,/mnt/ubna_data_02_mir/recover-20220922/UBNA_001/20220921_090000.WAV,Telephone Field,recover-20220922,001,1795
65.5735,65.6128,68437,82227,Rhinolophus ferrumequinum,0.024,0.024,-1,Echolocation,/mnt/ubna_data_02_mir/recover-20220922/UBNA_001/20220921_090000.WAV,Telephone Field,recover-20220922,001,1795
65.6095,65.6511,68437,82676,Rhinolophus ferrumequinum,0.032,0.032,-1,Echolocation,/mnt/ubna_data_02_mir/recover-20220922/UBNA_001/20220921_090000.WAV,Telephone Field,recover-20220922,001,1795
65.6325,65.6718,68437,82692,Rhinolophus ferrumequinum,0.022,0.022,-1,Echolocation,/mnt/ubna_data_02_mir/recover-20220922/UBNA_001/20220921_090000.WAV,Telephone Field,recover-20220922,001,1795
65.6465,65.6879,68437,82625,Rhinolophus ferrumequinum,0.029,0.029,-1,Echolocation,/mnt/ubna_data_02_mir/recover-20220922/UBNA_001/20220921_090000.WAV,Telephone Field,recover-20220922,001,1795
65.7025,65.7458,68437,83170,Rhinolophus ferrumequinum,0.031,0.031,-1,Echolocation,/mnt/ubna_data_02_mir/recover-20220922/UBNA_001/20220921_090000.WAV,Telephone Field,recover-20220922,001,1795
65.7355,65.7732,68437,82029,Rhinolophus ferrumequinum,0.022,0.022,-1,Echolocation,/mnt/ubna_data_02_mir/recover-20220922/UBNA_001/20220921_090000.WAV,Telephone Field,recover-20220922,001,1795
65.7615,65.7705,22890,29650,Nyctalus leisleri,0.008,0.022,-1,Echolocation,/mnt/ubna_data_02_mir/recover-20220922/UBNA_001/20220921_090000.WAV,Telephone Field,recover-20220922,001,1795
65.7905,65.8303,68437,83067,Rhinolophus ferrumequinum,0.027,0.027,-1,Echolocation,/mnt/ubna_data_02_mir/recover-20220922/UBNA_001/20220921_090000.WAV,Telephone Field,recover-20220922,001,1795
65.7925,65.80330000000001,22031,26706,Nyctalus leisleri,0.011,0.022,-1,Echolocation,/mnt/ubna_data_02_mir/recover-20220922/UBNA_001/20220921_090000.WAV,Telephone Field,recover-20220922,001,1795
65.8305,65.8698,68437,82317,Rhinolophus ferrumequinum,0.022,0.022,-1,Echolocation,/mnt/ubna_data_02_mir/recover-20220922/UBNA_001/20220921_090000.WAV,Telephone Field,recover-20220922,001,1795
65.8475,65.8577,25468,31341,Nyctalus leisleri,0.014,0.033,-1,Echolocation,/mnt/ubna_data_02_mir/recover-20220922/UBNA_001/20220921_090000.WAV,Telephone Field,recover-20220922,001,1795
65.8555,65.8951,68437,82105,Rhinolophus ferrumequinum,0.023,0.023,-1,Echolocation,/mnt/ubna_data_02_mir/recover-20220922/UBNA_001/20220921_090000.WAV,Telephone Field,recover-20220922,001,1795
65.8785,65.9175,68437,82127,Rhinolophus ferrumequinum,0.023,0.023,-1,Echolocation,/mnt/ubna_data_02_mir/recover-20220922/UBNA_001/20220921_090000.WAV,Telephone Field,recover-20220922,001,1795
65.9105,65.952,68437,82893,Rhinolophus ferrumequinum,0.024,0.024,-1,Echolocation,/mnt/ubna_data_02_mir/recover-20220922/UBNA_001/20220921_090000.WAV,Telephone Field,recover-20220922,001,1795
65.9325,65.9711,68437,82618,Rhinolophus ferrumequinum,0.023,0.023,-1,Echolocation,/mnt/ubna_data_02_mir/recover-20220922/UBNA_001/20220921_090000.WAV,Telephone Field,recover-20220922,001,1795
65.9445,65.9545,22031,27394,Nyctalus leisleri,0.01,0.024,-1,Echolocation,/mnt/ubna_data_02_mir/recover-20220922/UBNA_001/20220921_090000.WAV,Telephone Field,recover-20220922,001,1795
66.0015,66.0301,69296,81924,Rhinolophus ferrumequinum,0.048,0.048,-1,Echolocation,/mnt/ubna_data_02_mir/recover-20220922/UBNA_001/20220921_090000.WAV,Telephone Field,recover-20220922,001,1795
66.0015,66.01,27187,35534,Nyctalus leisleri,0.01,0.029,-1,Echolocation,/mnt/ubna_data_02_mir/recover-20220922/UBNA_001/20220921_090000.WAV,Telephone Field,recover-20220922,001,1795
66.0445,66.0814,68437,82065,Rhinolophus ferrumequinum,0.024,0.024,-1,Echolocation,/mnt/ubna_data_02_mir/recover-20220922/UBNA_001/20220921_090000.WAV,Telephone Field,recover-20220922,001,1795
66.0685,66.0768,51250,56553,Pipistrellus pipistrellus,0.018,0.022,-1,Echolocation,/mnt/ubna_data_02_mir/recover-20220922/UBNA_001/20220921_090000.WAV,Telephone Field,recover-20220922,001,1795
66.0835,66.1227,68437,82377,Rhinolophus ferrumequinum,0.026,0.026,-1,Echolocation,/mnt/ubna_data_02_mir/recover-20220922/UBNA_001/20220921_090000.WAV,Telephone Field,recover-20220922,001,1795
66.1045,66.1434,68437,81960,Rhinolophus ferrumequinum,0.022,0.022,-1,Echolocation,/mnt/ubna_data_02_mir/recover-20220922/UBNA_001/20220921_090000.WAV,Telephone Field,recover-20220922,001,1795
66.1395,66.1798,68437,82308,Rhinolophus ferrumequinum,0.023,0.023,-1,Echolocation,/mnt/ubna_data_02_mir/recover-20220922/UBNA_001/20220921_090000.WAV,Telephone Field,recover-20220922,001,1795
66.1475,66.1577,22890,29022,Nyctalus leisleri,0.009,0.024,-1,Echolocation,/mnt/ubna_data_02_mir/recover-20220922/UBNA_001/20220921_090000.WAV,Telephone Field,recover-20220922,001,1795
66.1605,66.1986,68437,81794,Rhinolophus ferrumequinum,0.022,0.022,-1,Echolocation,/mnt/ubna_data_02_mir/recover-20220922/UBNA_001/20220921_090000.WAV,Telephone Field,recover-20220922,001,1795
66.2165,66.22579999999999,28906,40153,Eptesicus serotinus,0.009,0.023,-1,Echolocation,/mnt/ubna_data_02_mir/recover-20220922/UBNA_001/20220921_090000.WAV,Telephone Field,recover-20220922,001,1795
66.2585,66.296,68437,82708,Rhinolophus ferrumequinum,0.029,0.029,-1,Echolocation,/mnt/ubna_data_02_mir/recover-20220922/UBNA_001/20220921_090000.WAV,Telephone Field,recover-20220922,001,1795
66.3165,66.3293,22890,27847,Nyctalus leisleri,0.015,0.032,-1,Echolocation,/mnt/ubna_data_02_mir/recover-20220922/UBNA_001/20220921_090000.WAV,Telephone Field,recover-20220922,001,1795
66.3205,66.3612,68437,82700,Rhinolophus ferrumequinum,0.022,0.022,-1,Echolocation,/mnt/ubna_data_02_mir/recover-20220922/UBNA_001/20220921_090000.WAV,Telephone Field,recover-20220922,001,1795
66.3265,66.3334,24609,33926,Plecotus austriacus,0.01,0.026,-1,Echolocation,/mnt/ubna_data_02_mir/recover-20220922/UBNA_001/20220921_090000.WAV,Telephone Field,recover-20220922,001,1795
66.3315,66.3734,68437,82917,Rhinolophus ferrumequinum,0.03,0.03,-1,Echolocation,/mnt/ubna_data_02_mir/recover-20220922/UBNA_001/20220921_090000.WAV,Telephone Field,recover-20220922,001,1795
66.3835,66.4229,68437,82143,Rhinolophus ferrumequinum,0.027,0.027,-1,Echolocation,/mnt/ubna_data_02_mir/recover-20220922/UBNA_001/20220921_090000.WAV,Telephone Field,recover-20220922,001,1795
66.4085,66.4486,68437,82436,Rhinolophus ferrumequinum,0.028,0.028,-1,Echolocation,/mnt/ubna_data_02_mir/recover-20220922/UBNA_001/20220921_090000.WAV,Telephone Field,recover-20220922,001,1795
66.4245,66.434,23750,30319,Nyctalus leisleri,0.008,0.022,-1,Echolocation,/mnt/ubna_data_02_mir/recover-20220922/UBNA_001/20220921_090000.WAV,Telephone Field,recover-20220922,001,1795
66.4265,66.4361,28906,35253,Eptesicus serotinus,0.009,0.022,-1,Echolocation,/mnt/ubna_data_02_mir/recover-20220922/UBNA_001/20220921_090000.WAV,Telephone Field,recover-20220922,001,1795
66.4875,66.4989,38359,43343,Pipistrellus nathusii,0.011,0.025,-1,Echolocation,/mnt/ubna_data_02_mir/recover-20220922/UBNA_001/20220921_090000.WAV,Telephone Field,recover-20220922,001,1795
66.5505,66.5907,68437,82348,Rhinolophus ferrumequinum,0.026,0.026,-1,Echolocation,/mnt/ubna_data_02_mir/recover-20220922/UBNA_001/20220921_090000.WAV,Telephone Field,recover-20220922,001,1795
66.5615,66.6037,68437,82754,Rhinolophus ferrumequinum,0.031,0.031,-1,Echolocation,/mnt/ubna_data_02_mir/recover-20220922/UBNA_001/20220921_090000.WAV,Telephone Field,recover-20220922,001,1795
66.6195,66.6619,68437,82544,Rhinolophus ferrumequinum,0.03,0.03,-1,Echolocation,/mnt/ubna_data_02_mir/recover-20220922/UBNA_001/20220921_090000.WAV,Telephone Field,recover-20220922,001,1795
66.6375,66.6818,68437,83635,Rhinolophus ferrumequinum,0.036,0.036,-1,Echolocation,/mnt/ubna_data_02_mir/recover-20220922/UBNA_001/20220921_090000.WAV,Telephone Field,recover-20220922,001,1795
66.6675,66.7045,68437,81756,Rhinolophus ferrumequinum,0.023,0.023,-1,Echolocation,/mnt/ubna_data_02_mir/recover-20220922/UBNA_001/20220921_090000.WAV,Telephone Field,recover-20220922,001,1795
66.6725,66.7084,68437,81503,Rhinolophus ferrumequinum,0.023,0.023,-1,Echolocation,/mnt/ubna_data_02_mir/recover-20220922/UBNA_001/20220921_090000.WAV,Telephone Field,recover-20220922,001,1795
66.6865,66.7223,68437,80867,Rhinolophus ferrumequinum,0.023,0.023,-1,Echolocation,/mnt/ubna_data_02_mir/recover-20220922/UBNA_001/20220921_090000.WAV,Telephone Field,recover-20220922,001,1795
66.6975,66.7086,26328,33433,Eptesicus serotinus,0.011,0.024,-1,Echolocation,/mnt/ubna_data_02_mir/recover-20220922/UBNA_001/20220921_090000.WAV,Telephone Field,recover-20220922,001,1795
66.73949999999999,66.7792,68437,82532,Rhinolophus ferrumequinum,0.024,0.024,-1,Echolocation,/mnt/ubna_data_02_mir/recover-20220922/UBNA_001/20220921_090000.WAV,Telephone Field,recover-20220922,001,1795
66.7565,66.7648,44375,48311,Pipistrellus pipistrellus,0.028,0.03,-1,Echolocation,/mnt/ubna_data_02_mir/recover-20220922/UBNA_001/20220921_090000.WAV,Telephone Field,recover-20220922,001,1795
66.7755,66.8164,68437,82514,Rhinolophus ferrumequinum,0.024,0.024,-1,Echolocation,/mnt/ubna_data_02_mir/recover-20220922/UBNA_001/20220921_090000.WAV,Telephone Field,recover-20220922,001,1795
66.7845,66.7947,44375,49132,Pipistrellus pipistrellus,0.02,0.025,-1,Echolocation,/mnt/ubna_data_02_mir/recover-20220922/UBNA_001/20220921_090000.WAV,Telephone Field,recover-20220922,001,1795
66.8055,66.8148,24609,32488,Eptesicus serotinus,0.008,0.024,-1,Echolocation,/mnt/ubna_data_02_mir/recover-20220922/UBNA_001/20220921_090000.WAV,Telephone Field,recover-20220922,001,1795
66.8055,66.8436,68437,82253,Rhinolophus ferrumequinum,0.028,0.028,-1,Echolocation,/mnt/ubna_data_02_mir/recover-20220922/UBNA_001/20220921_090000.WAV,Telephone Field,recover-20220922,001,1795
66.8275,66.837,29765,37616,Eptesicus serotinus,0.008,0.022,-1,Echolocation,/mnt/ubna_data_02_mir/recover-20220922/UBNA_001/20220921_090000.WAV,Telephone Field,recover-20220922,001,1795
66.8605,66.896,68437,80603,Rhinolophus ferrumequinum,0.023,0.023,-1,Echolocation,/mnt/ubna_data_02_mir/recover-20220922/UBNA_001/20220921_090000.WAV,Telephone Field,recover-20220922,001,1795
66.9175,66.9568,68437,82305,Rhinolophus ferrumequinum,0.027,0.027,-1,Echolocation,/mnt/ubna_data_02_mir/recover-20220922/UBNA_001/20220921_090000.WAV,Telephone Field,recover-20220922,001,1795
66.9405,66.9502,14296,25470,Nyctalus noctula,0.01,0.022,-1,Echolocation,/mnt/ubna_data_02_mir/recover-20220922/UBNA_001/20220921_090000.WAV,Telephone Field,recover-20220922,001,1795
66.9805,67.0232,68437,82706,Rhinolophus ferrumequinum,0.042,0.042,-1,Echolocation,/mnt/ubna_data_02_mir/recover-20220922/UBNA_001/20220921_090000.WAV,Telephone Field,recover-20220922,001,1795
67.0065,67.0432,68437,82131,Rhinolophus ferrumequinum,0.023,0.023,-1,Echolocation,/mnt/ubna_data_02_mir/recover-20220922/UBNA_001/20220921_090000.WAV,Telephone Field,recover-20220922,001,1795
67.0195,67.0275,24609,33381,Plecotus austriacus,0.009,0.028,-1,Echolocation,/mnt/ubna_data_02_mir/recover-20220922/UBNA_001/20220921_090000.WAV,Telephone Field,recover-20220922,001,1795
67.0825,67.1191,68437,81586,Rhinolophus ferrumequinum,0.022,0.022,-1,Echolocation,/mnt/ubna_data_02_mir/recover-20220922/UBNA_001/20220921_090000.WAV,Telephone Field,recover-20220922,001,1795
67.1135,67.159,68437,83571,Rhinolophus ferrumequinum,0.04,0.04,-1,Echolocation,/mnt/ubna_data_02_mir/recover-20220922/UBNA_001/20220921_090000.WAV,Telephone Field,recover-20220922,001,1795
67.1545,67.1925,68437,82153,Rhinolophus ferrumequinum,0.022,0.022,-1,Echolocation,/mnt/ubna_data_02_mir/recover-20220922/UBNA_001/20220921_090000.WAV,Telephone Field,recover-20220922,001,1795
67.1775,67.1887,27187,34397,Eptesicus serotinus,0.012,0.023,-1,Echolocation,/mnt/ubna_data_02_mir/recover-20220922/UBNA_001/20220921_090000.WAV,Telephone Field,recover-20220922,001,1795
67.23949999999999,67.2793,68437,82071,Rhinolophus ferrumequinum,0.023,0.023,-1,Echolocation,/mnt/ubna_data_02_mir/recover-20220922/UBNA_001/20220921_090000.WAV,Telephone Field,recover-20220922,001,1795
67.2515,67.2904,68437,82600,Rhinolophus ferrumequinum,0.027,0.027,-1,Echolocation,/mnt/ubna_data_02_mir/recover-20220922/UBNA_001/20220921_090000.WAV,Telephone Field,recover-20220922,001,1795
67.2615,67.2678,50390,55821,Pipistrellus pipistrellus,0.018,0.022,-1,Echolocation,/mnt/ubna_data_02_mir/recover-20220922/UBNA_001/20220921_090000.WAV,Telephone Field,recover-20220922,001,1795
67.3025,67.3408,68437,82210,Rhinolophus ferrumequinum,0.026,0.026,-1,Echolocation,/mnt/ubna_data_02_mir/recover-20220922/UBNA_001/20220921_090000.WAV,Telephone Field,recover-20220922,001,1795
67.3565,67.3972,68437,82198,Rhinolophus ferrumequinum,0.025,0.025,-1,Echolocation,/mnt/ubna_data_02_mir/recover-20220922/UBNA_001/20220921_090000.WAV,Telephone Field,recover-20220922,001,1795
67.3625,67.4046,68437,82944,Rhinolophus ferrumequinum,0.025,0.025,-1,Echolocation,/mnt/ubna_data_02_mir/recover-20220922/UBNA_001/20220921_090000.WAV,Telephone Field,recover-20220922,001,1795
67.3835,67.3914,29765,40858,Eptesicus serotinus,0.011,0.032,-1,Echolocation,/mnt/ubna_data_02_mir/recover-20220922/UBNA_001/20220921_090000.WAV,Telephone Field,recover-20220922,001,1795
67.4035,67.4156,14296,22938,Nyctalus noctula,0.018,0.028,-1,Echolocation,/mnt/ubna_data_02_mir/recover-20220922/UBNA_001/20220921_090000.WAV,Telephone Field,recover-20220922,001,1795
67.4125,67.4518,68437,83195,Rhinolophus ferrumequinum,0.028,0.028,-1,Echolocation,/mnt/ubna_data_02_mir/recover-20220922/UBNA_001/20220921_090000.WAV,Telephone Field,recover-20220922,001,1795
67.4215,67.46039999999999,68437,82742,Rhinolophus ferrumequinum,0.023,0.023,-1,Echolocation,/mnt/ubna_data_02_mir/recover-20220922/UBNA_001/20220921_090000.WAV,Telephone Field,recover-20220922,001,1795
67.4525,67.4901,68437,81980,Rhinolophus ferrumequinum,0.026,0.026,-1,Echolocation,/mnt/ubna_data_02_mir/recover-20220922/UBNA_001/20220921_090000.WAV,Telephone Field,recover-20220922,001,1795
67.4555,67.4635,51250,58598,Pipistrellus pipistrellus,0.017,0.022,-1,Echolocation,/mnt/ubna_data_02_mir/recover-20220922/UBNA_001/20220921_090000.WAV,Telephone Field,recover-20220922,001,1795
67.4795,67.5195,68437,82499,Rhinolophus ferrumequinum,0.025,0.025,-1,Echolocation,/mnt/ubna_data_02_mir/recover-20220922/UBNA_001/20220921_090000.WAV,Telephone Field,recover-20220922,001,1795
67.5425,67.5527,28906,36278,Eptesicus serotinus,0.011,0.023,-1,Echolocation,/mnt/ubna_data_02_mir/recover-20220922/UBNA_001/20220921_090000.WAV,Telephone Field,recover-20220922,001,1795
67.5615,67.6012,68437,82470,Rhinolophus ferrumequinum,0.022,0.022,-1,Echolocation,/mnt/ubna_data_02_mir/recover-20220922/UBNA_001/20220921_090000.WAV,Telephone Field,recover-20220922,001,1795
67.5785,67.5878,22890,30057,Plecotus austriacus,0.008,0.025,-1,Echolocation,/mnt/ubna_data_02_mir/recover-20220922/UBNA_001/20220921_090000.WAV,Telephone Field,recover-20220922,001,1795
67.5865,67.6245,68437,82266,Rhinolophus ferrumequinum,0.027,0.027,-1,Echolocation,/mnt/ubna_data_02_mir/recover-20220922/UBNA_001/20220921_090000.WAV,Telephone Field,recover-20220922,001,1795
67.6015,67.6085,23750,32550,Plecotus austriacus,0.01,0.023,-1,Echolocation,/mnt/ubna_data_02_mir/recover-20220922/UBNA_001/20220921_090000.WAV,Telephone Field,recover-20220922,001,1795
67.6715,67.7124,68437,82541,Rhinolophus ferrumequinum,0.022,0.022,-1,Echolocation,/mnt/ubna_data_02_mir/recover-20220922/UBNA_001/20220921_090000.WAV,Telephone Field,recover-20220922,001,1795
67.6765,67.6859,27187,35671,Eptesicus serotinus,0.011,0.023,-1,Echolocation,/mnt/ubna_data_02_mir/recover-20220922/UBNA_001/20220921_090000.WAV,Telephone Field,recover-20220922,001,1795
67.7485,67.7862,68437,82200,Rhinolophus ferrumequinum,0.022,0.022,-1,Echolocation,/mnt/ubna_data_02_mir/recover-20220922/UBNA_001/20220921_090000.WAV,Telephone Field,recover-20220922,001,1795
67.7645,67.7718,28906,37644,Eptesicus serotinus,0.012,0.03,-1,Echolocation,/mnt/ubna_data_02_mir/recover-20220922/UBNA_001/20220921_090000.WAV,Telephone Field,recover-20220922,001,1795
67.7735,67.8133,68437,82604,Rhinolophus ferrumequinum,0.023,0.023,-1,Echolocation,/mnt/ubna_data_02_mir/recover-20220922/UBNA_001/20220921_090000.WAV,Telephone Field,recover-20220922,001,1795
67.7785,67.8191,68437,82935,Rhinolophus ferrumequinum,0.023,0.023,-1,Echolocation,/mnt/ubna_data_02_mir/recover-20220922/UBNA_001/20220921_090000.WAV,Telephone Field,recover-20220922,001,1795
67.7955,67.8037,23750,31933,Plecotus austriacus,0.008,0.022,-1,Echolocation,/mnt/ubna_data_02_mir/recover-20220922/UBNA_001/20220921_090000.WAV,Telephone Field,recover-20220922,001,1795
67.8165,67.83,35781,41258,Pipistrellus nathusii,0.009,0.023,-1,Echolocation,/mnt/ubna_data_02_mir/recover-20220922/UBNA_001/20220921_090000.WAV,Telephone Field,recover-20220922,001,1795
67.8825,67.893,28906,36881,Eptesicus serotinus,0.013,0.028,-1,Echolocation,/mnt/ubna_data_02_mir/recover-20220922/UBNA_001/20220921_090000.WAV,Telephone Field,recover-20220922,001,1795
67.8835,67.9248,68437,82305,Rhinolophus ferrumequinum,0.033,0.033,-1,Echolocation,/mnt/ubna_data_02_mir/recover-20220922/UBNA_001/20220921_090000.WAV,Telephone Field,recover-20220922,001,1795
67.9235,67.9317,28046,38271,Eptesicus serotinus,0.008,0.023,-1,Echolocation,/mnt/ubna_data_02_mir/recover-20220922/UBNA_001/20220921_090000.WAV,Telephone Field,recover-20220922,001,1795
67.9475,67.9871,68437,82356,Rhinolophus ferrumequinum,0.036,0.036,-1,Echolocation,/mnt/ubna_data_02_mir/recover-20220922/UBNA_001/20220921_090000.WAV,Telephone Field,recover-20220922,001,1795
67.9765,67.9905,25468,30084,Nyctalus leisleri,0.022,0.047,-1,Echolocation,/mnt/ubna_data_02_mir/recover-20220922/UBNA_001/20220921_090000.WAV,Telephone Field,recover-20220922,001,1795
68.0015,68.0325,68437,79514,Rhinolophus ferrumequinum,0.043,0.043,-1,Echolocation,/mnt/ubna_data_02_mir/recover-20220922/UBNA_001/20220921_090000.WAV,Telephone Field,recover-20220922,001,1795
68.0015,68.00880000000001,25468,36471,Nyctalus leisleri,0.007,0.03,-1,Echolocation,/mnt/ubna_data_02_mir/recover-20220922/UBNA_001/20220921_090000.WAV,Telephone Field,recover-20220922,001,1795
68.0195,68.0596,68437,82007,Rhinolophus ferrumequinum,0.022,0.022,-1,Echolocation,/mnt/ubna_data_02_mir/recover-20220922/UBNA_001/20220921_090000.WAV,Telephone Field,recover-20220922,001,1795
68.0285,68.0694,68437,82071,Rhinolophus ferrumequinum,0.023,0.023,-1,Echolocation,/mnt/ubna_data_02_mir/recover-20220922/UBNA_001/20220921_090000.WAV,Telephone Field,recover-20220922,001,1795
68.0495,68.0606,24609,31180,Nyctalus leisleri,0.012,0.031,-1,Echolocation,/mnt/ubna_data_02_mir/recover-20220922/UBNA_001/20220921_090000.WAV,Telephone Field,recover-20220922,001,1795
68.0805,68.0916,27187,34646,Eptesicus serotinus,0.008,0.021,-1,Echolocation,/mnt/ubna_data_02_mir/recover-20220922/UBNA_001/20220921_090000.WAV,Telephone Field,recover-20220922,001,1795
68.0805,68.117,68437,81008,Rhinolophus ferrumequinum,0.022,0.022,-1,Echolocation,/mnt/ubna_data_02_mir/recover-20220922/UBNA_001/20220921_090000.WAV,Telephone Field,recover-20220922,001,1795
68.1195,68.1258,28046,40811,Eptesicus serotinus,0.006,0.027,-1,Echolocation,/mnt/ubna_data_02_mir/recover-20220922/UBNA_001/20220921_090000.WAV,Telephone Field,recover-20220922,001,1795
68.1305,68.1705,68437,82882,Rhinolophus ferrumequinum,0.027,0.027,-1,Echolocation,/mnt/ubna_data_02_mir/recover-20220922/UBNA_001/20220921_090000.WAV,Telephone Field,recover-20220922,001,1795
68.1405,68.179,68437,81755,Rhinolophus ferrumequinum,0.021,0.021,-1,Echolocation,/mnt/ubna_data_02_mir/recover-20220922/UBNA_001/20220921_090000.WAV,Telephone Field,recover-20220922,001,1795
68.1425,68.1497,26328,42126,Eptesicus serotinus,0.006,0.021,-1,Echolocation,/mnt/ubna_data_02_mir/recover-20220922/UBNA_001/20220921_090000.WAV,Telephone Field,recover-20220922,001,1795
68.1495,68.16,22031,26686,Nyctalus leisleri,0.01,0.021,-1,Echolocation,/mnt/ubna_data_02_mir/recover-20220922/UBNA_001/20220921_090000.WAV,Telephone Field,recover-20220922,001,1795
68.1785,68.216,68437,81610,Rhinolophus ferrumequinum,0.022,0.022,-1,Echolocation,/mnt/ubna_data_02_mir/recover-20220922/UBNA_001/20220921_090000.WAV,Telephone Field,recover-20220922,001,1795
68.1865,68.1952,28046,37553,Eptesicus serotinus,0.008,0.022,-1,Echolocation,/mnt/ubna_data_02_mir/recover-20220922/UBNA_001/20220921_090000.WAV,Telephone Field,recover-20220922,001,1795
68.2075,68.2473,68437,82237,Rhinolophus ferrumequinum,0.026,0.026,-1,Echolocation,/mnt/ubna_data_02_mir/recover-20220922/UBNA_001/20220921_090000.WAV,Telephone Field,recover-20220922,001,1795
68.2325,68.2464,22890,26452,Nyctalus leisleri,0.015,0.026,-1,Echolocation,/mnt/ubna_data_02_mir/recover-20220922/UBNA_001/20220921_090000.WAV,Telephone Field,recover-20220922,001,1795
68.2485,68.2836,68437,81129,Rhinolophus ferrumequinum,0.021,0.021,-1,Echolocation,/mnt/ubna_data_02_mir/recover-20220922/UBNA_001/20220921_090000.WAV,Telephone Field,recover-20220922,001,1795
68.2645,68.3075,68437,82804,Rhinolophus ferrumequinum,0.024,0.024,-1,Echolocation,/mnt/ubna_data_02_mir/recover-20220922/UBNA_001/20220921_090000.WAV,Telephone Field,recover-20220922,001,1795
68.2935,68.3323,68437,81828,Rhinolophus ferrumequinum,0.024,0.024,-1,Echolocation,/mnt/ubna_data_02_mir/recover-20220922/UBNA_001/20220921_090000.WAV,Telephone Field,recover-20220922,001,1795
68.3105,68.325,21171,24405,Nyctalus leisleri,0.013,0.021,-1,Echolocation,/mnt/ubna_data_02_mir/recover-20220922/UBNA_001/20220921_090000.WAV,Telephone Field,recover-20220922,001,1795
68.3885,68.3968,27187,35939,Eptesicus serotinus,0.007,0.021,-1,Echolocation,/mnt/ubna_data_02_mir/recover-20220922/UBNA_001/20220921_090000.WAV,Telephone Field,recover-20220922,001,1795
68.4215,68.4649,68437,83605,Rhinolophus ferrumequinum,0.045,0.045,-1,Echolocation,/mnt/ubna_data_02_mir/recover-20220922/UBNA_001/20220921_090000.WAV,Telephone Field,recover-20220922,001,1795
68.4365,68.4445,22890,30820,Plecotus austriacus,0.01,0.022,-1,Echolocation,/mnt/ubna_data_02_mir/recover-20220922/UBNA_001/20220921_090000.WAV,Telephone Field,recover-20220922,001,1795
68.4615,68.4991,68437,82299,Rhinolophus ferrumequinum,0.021,0.021,-1,Echolocation,/mnt/ubna_data_02_mir/recover-20220922/UBNA_001/20220921_090000.WAV,Telephone Field,recover-20220922,001,1795
68.4715,68.51089999999999,68437,82346,Rhinolophus ferrumequinum,0.022,0.022,-1,Echolocation,/mnt/ubna_data_02_mir/recover-20220922/UBNA_001/20220921_090000.WAV,Telephone Field,recover-20220922,001,1795
68.5285,68.5682,68437,82121,Rhinolophus ferrumequinum,0.022,0.022,-1,Echolocation,/mnt/ubna_data_02_mir/recover-20220922/UBNA_001/20220921_090000.WAV,Telephone Field,recover-20220922,001,1795
68.5435,68.5506,45234,49181,Pipistrellus pipistrellus,0.03,0.031,-1,Echolocation,/mnt/ubna_data_02_mir/recover-20220922/UBNA_001/20220921_090000.WAV,Telephone Field,recover-20220922,001,1795
68.5535,68.5958,68437,82827,Rhinolophus ferrumequinum,0.022,0.022,-1,Echolocation,/mnt/ubna_data_02_mir/recover-20220922/UBNA_001/20220921_090000.WAV,Telephone Field,recover-20220922,001,1795
68.5635,68.574,22031,26756,Nyctalus leisleri,0.015,0.028,-1,Echolocation,/mnt/ubna_data_02_mir/recover-20220922/UBNA_001/20220921_090000.WAV,Telephone Field,recover-20220922,001,1795
68.5935,68.6354,68437,83058,Rhinolophus ferrumequinum,0.034,0.034,-1,Echolocation,/mnt/ubna_data_02_mir/recover-20220922/UBNA_001/20220921_090000.WAV,Telephone Field,recover-20220922,001,1795
68.6285,68.6666,68437,81896,Rhinolophus ferrumequinum,0.024,0.024,-1,Echolocation,/mnt/ubna_data_02_mir/recover-20220922/UBNA_001/20220921_090000.WAV,Telephone Field,recover-20220922,001,1795
68.6405,68.6767,68437,80995,Rhinolophus ferrumequinum,0.021,0.021,-1,Echolocation,/mnt/ubna_data_02_mir/recover-20220922/UBNA_001/20220921_090000.WAV,Telephone Field,recover-20220922,001,1795
68.6405,68.6503,22890,29793,Nyctalus leisleri,0.009,0.027,-1,Echolocation,/mnt/ubna_data_02_mir/recover-20220922/UBNA_001/20220921_090000.WAV,Telephone Field,recover-20220922,001,1795
68.6695,68.7083,68437,82090,Rhinolophus ferrumequinum,0.028,0.028,-1,Echolocation,/mnt/ubna_data_02_mir/recover-20220922/UBNA_001/20220921_090000.WAV,Telephone Field,recover-20220922,001,1795
68.7075,68.7459,68437,82397,Rhinolophus ferrumequinum,0.022,0.022,-1,Echolocation,/mnt/ubna_data_02_mir/recover-20220922/UBNA_001/20220921_090000.WAV,Telephone Field,recover-20220922,001,1795
68.7295,68.7687,68437,82570,Rhinolophus ferrumequinum,0.022,0.022,-1,Echolocation,/mnt/ubna_data_02_mir/recover-20220922/UBNA_001/20220921_090000.WAV,Telephone Field,recover-20220922,001,1795
68.7585,68.7978,68437,82451,Rhinolophus ferrumequinum,0.024,0.024,-1,Echolocation,/mnt/ubna_data_02_mir/recover-20220922/UBNA_001/20220921_090000.WAV,Telephone Field,recover-20220922,001,1795
68.7675,68.8049,68437,82423,Rhinolophus ferrumequinum,0.023,0.023,-1,Echolocation,/mnt/ubna_data_02_mir/recover-20220922/UBNA_001/20220921_090000.WAV,Telephone Field,recover-20220922,001,1795
68.7845,68.8235,68437,81653,Rhinolophus ferrumequinum,0.022,0.023,-1,Echolocation,/mnt/ubna_data_02_mir/recover-20220922/UBNA_001/20220921_090000.WAV,Telephone Field,recover-20220922,001,1795
68.7925,68.8046,44375,48448,Pipistrellus pipistrellus,0.022,0.027,-1,Echolocation,/mnt/ubna_data_02_mir/recover-20220922/UBNA_001/20220921_090000.WAV,Telephone Field,recover-20220922,001,1795
68.8065,68.84270000000001,68437,81404,Rhinolophus ferrumequinum,0.024,0.024,-1,Echolocation,/mnt/ubna_data_02_mir/recover-20220922/UBNA_001/20220921_090000.WAV,Telephone Field,recover-20220922,001,1795
68.8125,68.8469,68437,80436,Rhinolophus ferrumequinum,0.024,0.024,-1,Echolocation,/mnt/ubna_data_02_mir/recover-20220922/UBNA_001/20220921_090000.WAV,Telephone Field,recover-20220922,001,1795
68.8175,68.8506,68437,80680,Rhinolophus ferrumequinum,0.024,0.024,-1,Echolocation,/mnt/ubna_data_02_mir/recover-20220922/UBNA_001/20220921_090000.WAV,Telephone Field,recover-20220922,001,1795
68.8415,68.853,22890,27676,Nyctalus leisleri,0.014,0.026,-1,Echolocation,/mnt/ubna_data_02_mir/recover-20220922/UBNA_001/20220921_090000.WAV,Telephone Field,recover-20220922,001,1795
68.8505,68.888,68437,81319,Rhinolophus ferrumequinum,0.022,0.022,-1,Echolocation,/mnt/ubna_data_02_mir/recover-20220922/UBNA_001/20220921_090000.WAV,Telephone Field,recover-20220922,001,1795
68.8595,68.8986,68437,82072,Rhinolophus ferrumequinum,0.023,0.023,-1,Echolocation,/mnt/ubna_data_02_mir/recover-20220922/UBNA_001/20220921_090000.WAV,Telephone Field,recover-20220922,001,1795
68.8675,68.9061,68437,81967,Rhinolophus ferrumequinum,0.023,0.023,-1,Echolocation,/mnt/ubna_data_02_mir/recover-20220922/UBNA_001/20220921_090000.WAV,Telephone Field,recover-20220922,001,1795
68.8745,68.9135,68437,81985,Rhinolophus ferrumequinum,0.023,0.023,-1,Echolocation,/mnt/ubna_data_02_mir/recover-20220922/UBNA_001/20220921_090000.WAV,Telephone Field,recover-20220922,001,1795
68.8775,68.8869,28046,36577,Eptesicus serotinus,0.01,0.025,-1,Echolocation,/mnt/ubna_data_02_mir/recover-20220922/UBNA_001/20220921_090000.WAV,Telephone Field,recover-20220922,001,1795
68.9445,68.9846,68437,81613,Rhinolophus ferrumequinum,0.024,0.025,-1,Echolocation,/mnt/ubna_data_02_mir/recover-20220922/UBNA_001/20220921_090000.WAV,Telephone Field,recover-20220922,001,1795
68.9465,68.9545,28906,39049,Eptesicus serotinus,0.007,0.021,-1,Echolocation,/mnt/ubna_data_02_mir/recover-20220922/UBNA_001/20220921_090000.WAV,Telephone Field,recover-20220922,001,1795
68.9815,68.992,14296,20830,Nyctalus noctula,0.012,0.022,-1,Echolocation,/mnt/ubna_data_02_mir/recover-20220922/UBNA_001/20220921_090000.WAV,Telephone Field,recover-20220922,001,1795
68.9885,69.0239,68437,80937,Rhinolophus ferrumequinum,0.023,0.023,-1,Echolocation,/mnt/ubna_data_02_mir/recover-20220922/UBNA_001/20220921_090000.WAV,Telephone Field,recover-20220922,001,1795
69.0305,69.041,27187,35006,Eptesicus serotinus,0.015,0.03,-1,Echolocation,/mnt/ubna_data_02_mir/recover-20220922/UBNA_001/20220921_090000.WAV,Telephone Field,recover-20220922,001,1795
69.0555,69.0626,27187,38971,Eptesicus serotinus,0.007,0.025,-1,Echolocation,/mnt/ubna_data_02_mir/recover-20220922/UBNA_001/20220921_090000.WAV,Telephone Field,recover-20220922,001,1795
69.0925,69.1322,68437,81896,Rhinolophus ferrumequinum,0.022,0.023,-1,Echolocation,/mnt/ubna_data_02_mir/recover-20220922/UBNA_001/20220921_090000.WAV,Telephone Field,recover-20220922,001,1795
69.1105,69.1192,29765,39189,Eptesicus serotinus,0.007,0.022,-1,Echolocation,/mnt/ubna_data_02_mir/recover-20220922/UBNA_001/20220921_090000.WAV,Telephone Field,recover-20220922,001,1795
69.1695,69.2065,68437,81621,Rhinolophus ferrumequinum,0.023,0.023,-1,Echolocation,/mnt/ubna_data_02_mir/recover-20220922/UBNA_001/20220921_090000.WAV,Telephone Field,recover-20220922,001,1795
69.2085,69.2464,68437,81400,Rhinolophus ferrumequinum,0.021,0.021,-1,Echolocation,/mnt/ubna_data_02_mir/recover-20220922/UBNA_001/20220921_090000.WAV,Telephone Field,recover-20220922,001,1795
69.2145,69.2236,27187,36711,Eptesicus serotinus,0.008,0.021,-1,Echolocation,/mnt/ubna_data_02_mir/recover-20220922/UBNA_001/20220921_090000.WAV,Telephone Field,recover-20220922,001,1795
69.2215,69.2614,68437,82063,Rhinolophus ferrumequinum,0.026,0.026,-1,Echolocation,/mnt/ubna_data_02_mir/recover-20220922/UBNA_001/20220921_090000.WAV,Telephone Field,recover-20220922,001,1795
69.2615,69.30199999999999,68437,82646,Rhinolophus ferrumequinum,0.039,0.04,-1,Echolocation,/mnt/ubna_data_02_mir/recover-20220922/UBNA_001/20220921_090000.WAV,Telephone Field,recover-20220922,001,1795
69.3035,69.3412,68437,81271,Rhinolophus ferrumequinum,0.021,0.021,-1,Echolocation,/mnt/ubna_data_02_mir/recover-20220922/UBNA_001/20220921_090000.WAV,Telephone Field,recover-20220922,001,1795
69.3115,69.3479,68437,81963,Rhinolophus ferrumequinum,0.023,0.023,-1,Echolocation,/mnt/ubna_data_02_mir/recover-20220922/UBNA_001/20220921_090000.WAV,Telephone Field,recover-20220922,001,1795
69.3195,69.3592,68437,82096,Rhinolophus ferrumequinum,0.023,0.023,-1,Echolocation,/mnt/ubna_data_02_mir/recover-20220922/UBNA_001/20220921_090000.WAV,Telephone Field,recover-20220922,001,1795
69.3265,69.3632,68437,81809,Rhinolophus ferrumequinum,0.022,0.022,-1,Echolocation,/mnt/ubna_data_02_mir/recover-20220922/UBNA_001/20220921_090000.WAV,Telephone Field,recover-20220922,001,1795
69.3325,69.342,24609,31644,Eptesicus serotinus,0.008,0.025,-1,Echolocation,/mnt/ubna_data_02_mir/recover-20220922/UBNA_001/20220921_090000.WAV,Telephone Field,recover-20220922,001,1795
69.35849999999999,69.3968,68437,82016,Rhinolophus ferrumequinum,0.021,0.021,-1,Echolocation,/mnt/ubna_data_02_mir/recover-20220922/UBNA_001/20220921_090000.WAV,Telephone Field,recover-20220922,001,1795
69.3685,69.4076,68437,82362,Rhinolophus ferrumequinum,0.027,0.027,-1,Echolocation,/mnt/ubna_data_02_mir/recover-20220922/UBNA_001/20220921_090000.WAV,Telephone Field,recover-20220922,001,1795
69.4215,69.4596,68437,81579,Rhinolophus ferrumequinum,0.021,0.021,-1,Echolocation,/mnt/ubna_data_02_mir/recover-20220922/UBNA_001/20220921_090000.WAV,Telephone Field,recover-20220922,001,1795
69.4455,69.4568,22890,26810,Nyctalus leisleri,0.012,0.021,-1,Echolocation,/mnt/ubna_data_02_mir/recover-20220922/UBNA_001/20220921_090000.WAV,Telephone Field,recover-20220922,001,1795
69.4465,69.4844,68437,81742,Rhinolophus ferrumequinum,0.021,0.021,-1,Echolocation,/mnt/ubna_data_02_mir/recover-20220922/UBNA_001/20220921_090000.WAV,Telephone Field,recover-20220922,001,1795
69.4555,69.4953,68437,82281,Rhinolophus ferrumequinum,0.028,0.028,-1,Echolocation,/mnt/ubna_data_02_mir/recover-20220922/UBNA_001/20220921_090000.WAV,Telephone Field,recover-20220922,001,1795
69.49549999999999,69.536,68437,82352,Rhinolophus ferrumequinum,0.023,0.023,-1,Echolocation,/mnt/ubna_data_02_mir/recover-20220922/UBNA_001/20220921_090000.WAV,Telephone Field,recover-20220922,001,1795
69.5005,69.5429,68437,82815,Rhinolophus ferrumequinum,0.023,0.023,-1,Echolocation,/mnt/ubna_data_02_mir/recover-20220922/UBNA_001/20220921_090000.WAV,Telephone Field,recover-20220922,001,1795
69.5325,69.5695,68437,82268,Rhinolophus ferrumequinum,0.021,0.021,-1,Echolocation,/mnt/ubna_data_02_mir/recover-20220922/UBNA_001/20220921_090000.WAV,Telephone Field,recover-20220922,001,1795
69.5695,69.6078,68437,81766,Rhinolophus ferrumequinum,0.021,0.021,-1,Echolocation,/mnt/ubna_data_02_mir/recover-20220922/UBNA_001/20220921_090000.WAV,Telephone Field,recover-20220922,001,1795
69.5885,69.59909999999999,27187,34794,Eptesicus serotinus,0.01,0.022,-1,Echolocation,/mnt/ubna_data_02_mir/recover-20220922/UBNA_001/20220921_090000.WAV,Telephone Field,recover-20220922,001,1795
69.5995,69.6381,68437,81856,Rhinolophus ferrumequinum,0.037,0.037,-1,Echolocation,/mnt/ubna_data_02_mir/recover-20220922/UBNA_001/20220921_090000.WAV,Telephone Field,recover-20220922,001,1795
69.6175,69.6574,68437,82234,Rhinolophus ferrumequinum,0.022,0.022,-1,Echolocation,/mnt/ubna_data_02_mir/recover-20220922/UBNA_001/20220921_090000.WAV,Telephone Field,recover-20220922,001,1795
69.62950000000001,69.6391,27187,35833,Eptesicus serotinus,0.01,0.022,-1,Echolocation,/mnt/ubna_data_02_mir/recover-20220922/UBNA_001/20220921_090000.WAV,Telephone Field,recover-20220922,001,1795
69.6575,69.6983,68437,83051,Rhinolophus ferrumequinum,0.026,0.026,-1,Echolocation,/mnt/ubna_data_02_mir/recover-20220922/UBNA_001/20220921_090000.WAV,Telephone Field,recover-20220922,001,1795
69.6825,69.7226,68437,82347,Rhinolophus ferrumequinum,0.035,0.035,-1,Echolocation,/mnt/ubna_data_02_mir/recover-20220922/UBNA_001/20220921_090000.WAV,Telephone Field,recover-20220922,001,1795
69.6885,69.6962,27187,38885,Eptesicus serotinus,0.006,0.022,-1,Echolocation,/mnt/ubna_data_02_mir/recover-20220922/UBNA_001/20220921_090000.WAV,Telephone Field,recover-20220922,001,1795
69.7135,69.7288,22031,25555,Nyctalus leisleri,0.015,0.024,-1,Echolocation,/mnt/ubna_data_02_mir/recover-20220922/UBNA_001/20220921_090000.WAV,Telephone Field,recover-20220922,001,1795
69.7495,69.7858,68437,81454,Rhinolophus ferrumequinum,0.021,0.021,-1,Echolocation,/mnt/ubna_data_02_mir/recover-20220922/UBNA_001/20220921_090000.WAV,Telephone Field,recover-20220922,001,1795
69.7825,69.822,68437,82033,Rhinolophus ferrumequinum,0.021,0.021,-1,Echolocation,/mnt/ubna_data_02_mir/recover-20220922/UBNA_001/20220921_090000.WAV,Telephone Field,recover-20220922,001,1795
69.8055,69.8447,68437,82737,Rhinolophus ferrumequinum,0.027,0.027,-1,Echolocation,/mnt/ubna_data_02_mir/recover-20220922/UBNA_001/20220921_090000.WAV,Telephone Field,recover-20220922,001,1795
69.8055,69.8138,28906,38207,Eptesicus serotinus,0.007,0.021,-1,Echolocation,/mnt/ubna_data_02_mir/recover-20220922/UBNA_001/20220921_090000.WAV,Telephone Field,recover-20220922,001,1795
69.8295,69.8671,68437,81081,Rhinolophus ferrumequinum,0.021,0.021,-1,Echolocation,/mnt/ubna_data_02_mir/recover-20220922/UBNA_001/20220921_090000.WAV,Telephone Field,recover-20220922,001,1795
69.8445,69.8856,68437,81950,Rhinolophus ferrumequinum,0.027,0.027,-1,Echolocation,/mnt/ubna_data_02_mir/recover-20220922/UBNA_001/20220921_090000.WAV,Telephone Field,recover-20220922,001,1795
69.8515,69.8933,68437,82761,Rhinolophus ferrumequinum,0.026,0.026,-1,Echolocation,/mnt/ubna_data_02_mir/recover-20220922/UBNA_001/20220921_090000.WAV,Telephone Field,recover-20220922,001,1795
69.8725,69.9125,68437,82738,Rhinolophus ferrumequinum,0.039,0.039,-1,Echolocation,/mnt/ubna_data_02_mir/recover-20220922/UBNA_001/20220921_090000.WAV,Telephone Field,recover-20220922,001,1795
69.8925,69.92830000000001,68437,81422,Rhinolophus ferrumequinum,0.021,0.021,-1,Echolocation,/mnt/ubna_data_02_mir/recover-20220922/UBNA_001/20220921_090000.WAV,Telephone Field,recover-20220922,001,1795
69.9025,69.9439,68437,82526,Rhinolophus ferrumequinum,0.032,0.032,-1,Echolocation,/mnt/ubna_data_02_mir/recover-20220922/UBNA_001/20220921_090000.WAV,Telephone Field,recover-20220922,001,1795
69.9395,69.9807,68437,83007,Rhinolophus ferrumequinum,0.023,0.023,-1,Echolocation,/mnt/ubna_data_02_mir/recover-20220922/UBNA_001/20220921_090000.WAV,Telephone Field,recover-20220922,001,1795
70.0015,70.0151,22031,26895,Nyctalus leisleri,0.027,0.053,-1,Echolocation,/mnt/ubna_data_02_mir/recover-20220922/UBNA_001/20220921_090000.WAV,Telephone Field,recover-20220922,001,1795
70.0015,70.028,70156,83540,Rhinolophus ferrumequinum,0.032,0.032,-1,Echolocation,/mnt/ubna_data_02_mir/recover-20220922/UBNA_001/20220921_090000.WAV,Telephone Field,recover-20220922,001,1795
70.01050000000001,70.04560000000001,68437,81730,Rhinolophus ferrumequinum,0.021,0.021,-1,Echolocation,/mnt/ubna_data_02_mir/recover-20220922/UBNA_001/20220921_090000.WAV,Telephone Field,recover-20220922,001,1795
70.0215,70.0304,25468,35069,Eptesicus serotinus,0.007,0.024,-1,Echolocation,/mnt/ubna_data_02_mir/recover-20220922/UBNA_001/20220921_090000.WAV,Telephone Field,recover-20220922,001,1795
70.0615,70.1024,68437,82105,Rhinolophus ferrumequinum,0.041,0.041,-1,Echolocation,/mnt/ubna_data_02_mir/recover-20220922/UBNA_001/20220921_090000.WAV,Telephone Field,recover-20220922,001,1795
70.0825,70.0916,28046,36150,Eptesicus serotinus,0.01,0.024,-1,Echolocation,/mnt/ubna_data_02_mir/recover-20220922/UBNA_001/20220921_090000.WAV,Telephone Field,recover-20220922,001,1795
70.0825,70.0968,22031,26134,Nyctalus leisleri,0.021,0.034,-1,Echolocation,/mnt/ubna_data_02_mir/recover-20220922/UBNA_001/20220921_090000.WAV,Telephone Field,recover-20220922,001,1795
70.1035,70.1439,68437,82572,Rhinolophus ferrumequinum,0.027,0.027,-1,Echolocation,/mnt/ubna_data_02_mir/recover-20220922/UBNA_001/20220921_090000.WAV,Telephone Field,recover-20220922,001,1795
70.1385,70.1471,49531,53878,Pipistrellus pipistrellus,0.023,0.025,-1,Echolocation,/mnt/ubna_data_02_mir/recover-20220922/UBNA_001/20220921_090000.WAV,Telephone Field,recover-20220922,001,1795
70.14150000000001,70.1793,68437,82126,Rhinolophus ferrumequinum,0.025,0.025,-1,Echolocation,/mnt/ubna_data_02_mir/recover-20220922/UBNA_001/20220921_090000.WAV,Telephone Field,recover-20220922,001,1795
70.1635,70.2021,68437,82100,Rhinolophus ferrumequinum,0.023,0.023,-1,Echolocation,/mnt/ubna_data_02_mir/recover-20220922/UBNA_001/20220921_090000.WAV,Telephone Field,recover-20220922,001,1795
70.2045,70.2465,68437,82492,Rhinolophus ferrumequinum,0.024,0.024,-1,Echolocation,/mnt/ubna_data_02_mir/recover-20220922/UBNA_001/20220921_090000.WAV,Telephone Field,recover-20220922,001,1795
70.2415,70.2797,68437,81986,Rhinolophus ferrumequinum,0.023,0.023,-1,Echolocation,/mnt/ubna_data_02_mir/recover-20220922/UBNA_001/20220921_090000.WAV,Telephone Field,recover-20220922,001,1795
70.2865,70.32339999999999,68437,81837,Rhinolophus ferrumequinum,0.022,0.022,-1,Echolocation,/mnt/ubna_data_02_mir/recover-20220922/UBNA_001/20220921_090000.WAV,Telephone Field,recover-20220922,001,1795
70.3145,70.32130000000001,50390,54523,Pipistrellus pipistrellus,0.02,0.022,-1,Echolocation,/mnt/ubna_data_02_mir/recover-20220922/UBNA_001/20220921_090000.WAV,Telephone Field,recover-20220922,001,1795
70.3345,70.3419,27187,43995,Eptesicus serotinus,0.008,0.023,-1,Echolocation,/mnt/ubna_data_02_mir/recover-20220922/UBNA_001/20220921_090000.WAV,Telephone Field,recover-20220922,001,1795
70.3395,70.37780000000001,68437,82349,Rhinolophus ferrumequinum,0.023,0.023,-1,Echolocation,/mnt/ubna_data_02_mir/recover-20220922/UBNA_001/20220921_090000.WAV,Telephone Field,recover-20220922,001,1795
70.35249999999999,70.3638,22031,26949,Nyctalus leisleri,0.01,0.026,-1,Echolocation,/mnt/ubna_data_02_mir/recover-20220922/UBNA_001/20220921_090000.WAV,Telephone Field,recover-20220922,001,1795
70.3615,70.3724,24609,29664,Nyctalus leisleri,0.011,0.023,-1,Echolocation,/mnt/ubna_data_02_mir/recover-20220922/UBNA_001/20220921_090000.WAV,Telephone Field,recover-20220922,001,1795
70.3735,70.3846,28906,37589,Eptesicus serotinus,0.017,0.033,-1,Echolocation,/mnt/ubna_data_02_mir/recover-20220922/UBNA_001/20220921_090000.WAV,Telephone Field,recover-20220922,001,1795
70.3765,70.4194,68437,82780,Rhinolophus ferrumequinum,0.024,0.024,-1,Echolocation,/mnt/ubna_data_02_mir/recover-20220922/UBNA_001/20220921_090000.WAV,Telephone Field,recover-20220922,001,1795
70.4015,70.4391,68437,81870,Rhinolophus ferrumequinum,0.021,0.021,-1,Echolocation,/mnt/ubna_data_02_mir/recover-20220922/UBNA_001/20220921_090000.WAV,Telephone Field,recover-20220922,001,1795
70.4415,70.4531,22890,27723,Nyctalus leisleri,0.021,0.04,-1,Echolocation,/mnt/ubna_data_02_mir/recover-20220922/UBNA_001/20220921_090000.WAV,Telephone Field,recover-20220922,001,1795
70.4675,70.506,68437,82179,Rhinolophus ferrumequinum,0.026,0.026,-1,Echolocation,/mnt/ubna_data_02_mir/recover-20220922/UBNA_001/20220921_090000.WAV,Telephone Field,recover-20220922,001,1795
70.4755,70.4871,22890,27876,Nyctalus leisleri,0.012,0.022,-1,Echolocation,/mnt/ubna_data_02_mir/recover-20220922/UBNA_001/20220921_090000.WAV,Telephone Field,recover-20220922,001,1795
70.5155,70.527,29765,37602,Eptesicus serotinus,0.029,0.046,-1,Echolocation,/mnt/ubna_data_02_mir/recover-20220922/UBNA_001/20220921_090000.WAV,Telephone Field,recover-20220922,001,1795
70.5545,70.5639,27187,36141,Eptesicus serotinus,0.009,0.022,-1,Echolocation,/mnt/ubna_data_02_mir/recover-20220922/UBNA_001/20220921_090000.WAV,Telephone Field,recover-20220922,001,1795
70.5685,70.6057,68437,81698,Rhinolophus ferrumequinum,0.022,0.022,-1,Echolocation,/mnt/ubna_data_02_mir/recover-20220922/UBNA_001/20220921_090000.WAV,Telephone Field,recover-20220922,001,1795
70.5835,70.6235,68437,82334,Rhinolophus ferrumequinum,0.022,0.023,-1,Echolocation,/mnt/ubna_data_02_mir/recover-20220922/UBNA_001/20220921_090000.WAV,Telephone Field,recover-20220922,001,1795
70.5995,70.6092,26328,33732,Eptesicus serotinus,0.019,0.052,-1,Echolocation,/mnt/ubna_data_02_mir/recover-20220922/UBNA_001/20220921_090000.WAV,Telephone Field,recover-20220922,001,1795
70.6405,70.6486,28906,40592,Eptesicus serotinus,0.007,0.023,-1,Echolocation,/mnt/ubna_data_02_mir/recover-20220922/UBNA_001/20220921_090000.WAV,Telephone Field,recover-20220922,001,1795
70.6545,70.663,23750,30937,Plecotus austriacus,0.007,0.021,-1,Echolocation,/mnt/ubna_data_02_mir/recover-20220922/UBNA_001/20220921_090000.WAV,Telephone Field,recover-20220922,001,1795
70.6865,70.7233,68437,81841,Rhinolophus ferrumequinum,0.022,0.022,-1,Echolocation,/mnt/ubna_data_02_mir/recover-20220922/UBNA_001/20220921_090000.WAV,Telephone Field,recover-20220922,001,1795
70.7025,70.7419,68437,81719,Rhinolophus ferrumequinum,0.021,0.022,-1,Echolocation,/mnt/ubna_data_02_mir/recover-20220922/UBNA_001/20220921_090000.WAV,Telephone Field,recover-20220922,001,1795
70.7255,70.7611,68437,82159,Rhinolophus ferrumequinum,0.023,0.023,-1,Echolocation,/mnt/ubna_data_02_mir/recover-20220922/UBNA_001/20220921_090000.WAV,Telephone Field,recover-20220922,001,1795
70.7405,70.7506,24609,32221,Eptesicus serotinus,0.007,0.023,-1,Echolocation,/mnt/ubna_data_02_mir/recover-20220922/UBNA_001/20220921_090000.WAV,Telephone Field,recover-20220922,001,1795
70.7425,70.7824,68437,82284,Rhinolophus ferrumequinum,0.023,0.023,-1,Echolocation,/mnt/ubna_data_02_mir/recover-20220922/UBNA_001/20220921_090000.WAV,Telephone Field,recover-20220922,001,1795
70.7475,70.7577,23750,30065,Nyctalus leisleri,0.009,0.023,-1,Echolocation,/mnt/ubna_data_02_mir/recover-20220922/UBNA_001/20220921_090000.WAV,Telephone Field,recover-20220922,001,1795
70.7535,70.7946,68437,82411,Rhinolophus ferrumequinum,0.023,0.023,-1,Echolocation,/mnt/ubna_data_02_mir/recover-20220922/UBNA_001/20220921_090000.WAV,Telephone Field,recover-20220922,001,1795
70.8155,70.8527,68437,81862,Rhinolophus ferrumequinum,0.022,0.022,-1,Echolocation,/mnt/ubna_data_02_mir/recover-20220922/UBNA_001/20220921_090000.WAV,Telephone Field,recover-20220922,001,1795
70.8315,70.8694,68437,81711,Rhinolophus ferrumequinum,0.021,0.021,-1,Echolocation,/mnt/ubna_data_02_mir/recover-20220922/UBNA_001/20220921_090000.WAV,Telephone Field,recover-20220922,001,1795
70.8355,70.8452,23750,30686,Nyctalus leisleri,0.012,0.034,-1,Echolocation,/mnt/ubna_data_02_mir/recover-20220922/UBNA_001/20220921_090000.WAV,Telephone Field,recover-20220922,001,1795
70.8575,70.8929,68437,80397,Rhinolophus ferrumequinum,0.037,0.037,-1,Echolocation,/mnt/ubna_data_02_mir/recover-20220922/UBNA_001/20220921_090000.WAV,Telephone Field,recover-20220922,001,1795
70.8575,70.8665,27187,38345,Eptesicus serotinus,0.008,0.021,-1,Echolocation,/mnt/ubna_data_02_mir/recover-20220922/UBNA_001/20220921_090000.WAV,Telephone Field,recover-20220922,001,1795
70.8695,70.9118,68437,83686,Rhinolophus ferrumequinum,0.027,0.027,-1,Echolocation,/mnt/ubna_data_02_mir/recover-20220922/UBNA_001/20220921_090000.WAV,Telephone Field,recover-20220922,001,1795
70.8715,70.8819,28046,35153,Eptesicus serotinus,0.014,0.028,-1,Echolocation,/mnt/ubna_data_02_mir/recover-20220922/UBNA_001/20220921_090000.WAV,Telephone Field,recover-20220922,001,1795
70.8925,70.9011,28906,39904,Eptesicus serotinus,0.008,0.024,-1,Echolocation,/mnt/ubna_data_02_mir/recover-20220922/UBNA_001/20220921_090000.WAV,Telephone Field,recover-20220922,001,1795
70.9265,70.9331,49531,53793,Pipistrellus pipistrellus,0.028,0.029,-1,Echolocation,/mnt/ubna_data_02_mir/recover-20220922/UBNA_001/20220921_090000.WAV,Telephone Field,recover-20220922,001,1795
70.9435,70.9516,28046,40321,Eptesicus serotinus,0.008,0.024,-1,Echolocation,/mnt/ubna_data_02_mir/recover-20220922/UBNA_001/20220921_090000.WAV,Telephone Field,recover-20220922,001,1795
70.9675,70.9774,28046,35576,Eptesicus serotinus,0.009,0.022,-1,Echolocation,/mnt/ubna_data_02_mir/recover-20220922/UBNA_001/20220921_090000.WAV,Telephone Field,recover-20220922,001,1795
70.99549999999999,71.0078,23750,29311,Nyctalus leisleri,0.012,0.027,-1,Echolocation,/mnt/ubna_data_02_mir/recover-20220922/UBNA_001/20220921_090000.WAV,Telephone Field,recover-20220922,001,1795
71.0075,71.0454,68437,81531,Rhinolophus ferrumequinum,0.022,0.023,-1,Echolocation,/mnt/ubna_data_02_mir/recover-20220922/UBNA_001/20220921_090000.WAV,Telephone Field,recover-20220922,001,1795
71.0155,71.0552,68437,82150,Rhinolophus ferrumequinum,0.021,0.021,-1,Echolocation,/mnt/ubna_data_02_mir/recover-20220922/UBNA_001/20220921_090000.WAV,Telephone Field,recover-20220922,001,1795
71.0275,71.0655,68437,81706,Rhinolophus ferrumequinum,0.022,0.022,-1,Echolocation,/mnt/ubna_data_02_mir/recover-20220922/UBNA_001/20220921_090000.WAV,Telephone Field,recover-20220922,001,1795
71.0455,71.0784,68437,81609,Rhinolophus ferrumequinum,0.024,0.024,-1,Echolocation,/mnt/ubna_data_02_mir/recover-20220922/UBNA_001/20220921_090000.WAV,Telephone Field,recover-20220922,001,1795
71.0775,71.0859,28906,37173,Eptesicus serotinus,0.01,0.028,-1,Echolocation,/mnt/ubna_data_02_mir/recover-20220922/UBNA_001/20220921_090000.WAV,Telephone Field,recover-20220922,001,1795
71.0865,71.1243,68437,82228,Rhinolophus ferrumequinum,0.026,0.026,-1,Echolocation,/mnt/ubna_data_02_mir/recover-20220922/UBNA_001/20220921_090000.WAV,Telephone Field,recover-20220922,001,1795
71.0955,71.1336,68437,82003,Rhinolophus ferrumequinum,0.023,0.023,-1,Echolocation,/mnt/ubna_data_02_mir/recover-20220922/UBNA_001/20220921_090000.WAV,Telephone Field,recover-20220922,001,1795
71.1305,71.1718,68437,82587,Rhinolophus ferrumequinum,0.028,0.028,-1,Echolocation,/mnt/ubna_data_02_mir/recover-20220922/UBNA_001/20220921_090000.WAV,Telephone Field,recover-20220922,001,1795
71.1515,71.1918,68437,82244,Rhinolophus ferrumequinum,0.023,0.023,-1,Echolocation,/mnt/ubna_data_02_mir/recover-20220922/UBNA_001/20220921_090000.WAV,Telephone Field,recover-20220922,001,1795
71.1915,71.2299,68437,82073,Rhinolophus ferrumequinum,0.022,0.022,-1,Echolocation,/mnt/ubna_data_02_mir/recover-20220922/UBNA_001/20220921_090000.WAV,Telephone Field,recover-20220922,001,1795
71.1995,71.2393,68437,82593,Rhinolophus ferrumequinum,0.023,0.023,-1,Echolocation,/mnt/ubna_data_02_mir/recover-20220922/UBNA_001/20220921_090000.WAV,Telephone Field,recover-20220922,001,1795
71.2165,71.2522,68437,81703,Rhinolophus ferrumequinum,0.023,0.023,-1,Echolocation,/mnt/ubna_data_02_mir/recover-20220922/UBNA_001/20220921_090000.WAV,Telephone Field,recover-20220922,001,1795
71.2295,71.26689999999999,68437,81813,Rhinolophus ferrumequinum,0.022,0.022,-1,Echolocation,/mnt/ubna_data_02_mir/recover-20220922/UBNA_001/20220921_090000.WAV,Telephone Field,recover-20220922,001,1795
71.2585,71.2931,68437,81252,Rhinolophus ferrumequinum,0.022,0.022,-1,Echolocation,/mnt/ubna_data_02_mir/recover-20220922/UBNA_001/20220921_090000.WAV,Telephone Field,recover-20220922,001,1795
71.2685,71.3039,68437,81727,Rhinolophus ferrumequinum,0.023,0.023,-1,Echolocation,/mnt/ubna_data_02_mir/recover-20220922/UBNA_001/20220921_090000.WAV,Telephone Field,recover-20220922,001,1795
71.3035,71.3417,68437,81540,Rhinolophus ferrumequinum,0.023,0.023,-1,Echolocation,/mnt/ubna_data_02_mir/recover-20220922/UBNA_001/20220921_090000.WAV,Telephone Field,recover-20220922,001,1795
71.3095,71.3493,68437,82081,Rhinolophus ferrumequinum,0.022,0.022,-1,Echolocation,/mnt/ubna_data_02_mir/recover-20220922/UBNA_001/20220921_090000.WAV,Telephone Field,recover-20220922,001,1795
71.3205,71.32900000000001,46953,53724,Pipistrellus pipistrellus,0.024,0.026,-1,Echolocation,/mnt/ubna_data_02_mir/recover-20220922/UBNA_001/20220921_090000.WAV,Telephone Field,recover-20220922,001,1795
71.3345,71.3729,68437,82481,Rhinolophus ferrumequinum,0.023,0.023,-1,Echolocation,/mnt/ubna_data_02_mir/recover-20220922/UBNA_001/20220921_090000.WAV,Telephone Field,recover-20220922,001,1795
71.3605,71.373,23750,28593,Nyctalus leisleri,0.011,0.022,-1,Echolocation,/mnt/ubna_data_02_mir/recover-20220922/UBNA_001/20220921_090000.WAV,Telephone Field,recover-20220922,001,1795
71.3745,71.3833,24609,32550,Nyctalus leisleri,0.009,0.03,-1,Echolocation,/mnt/ubna_data_02_mir/recover-20220922/UBNA_001/20220921_090000.WAV,Telephone Field,recover-20220922,001,1795
71.3995,71.438,68437,81971,Rhinolophus ferrumequinum,0.024,0.024,-1,Echolocation,/mnt/ubna_data_02_mir/recover-20220922/UBNA_001/20220921_090000.WAV,Telephone Field,recover-20220922,001,1795
71.4395,71.4762,68437,81657,Rhinolophus ferrumequinum,0.022,0.023,-1,Echolocation,/mnt/ubna_data_02_mir/recover-20220922/UBNA_001/20220921_090000.WAV,Telephone Field,recover-20220922,001,1795
71.4605,71.4763,21171,25050,Nyctalus leisleri,0.017,0.03,-1,Echolocation,/mnt/ubna_data_02_mir/recover-20220922/UBNA_001/20220921_090000.WAV,Telephone Field,recover-20220922,001,1795
71.4995,71.5368,68437,81937,Rhinolophus ferrumequinum,0.023,0.023,-1,Echolocation,/mnt/ubna_data_02_mir/recover-20220922/UBNA_001/20220921_090000.WAV,Telephone Field,recover-20220922,001,1795
71.52250000000001,71.5649,68437,82782,Rhinolophus ferrumequinum,0.034,0.034,-1,Echolocation,/mnt/ubna_data_02_mir/recover-20220922/UBNA_001/20220921_090000.WAV,Telephone Field,recover-20220922,001,1795
71.5335,71.54390000000001,23750,29710,Nyctalus leisleri,0.01,0.022,-1,Echolocation,/mnt/ubna_data_02_mir/recover-20220922/UBNA_001/20220921_090000.WAV,Telephone Field,recover-20220922,001,1795
71.5405,71.5797,68437,82406,Rhinolophus ferrumequinum,0.023,0.024,-1,Echolocation,/mnt/ubna_data_02_mir/recover-20220922/UBNA_001/20220921_090000.WAV,Telephone Field,recover-20220922,001,1795
71.5825,71.5975,22890,26733,Nyctalus leisleri,0.023,0.041,-1,Echolocation,/mnt/ubna_data_02_mir/recover-20220922/UBNA_001/20220921_090000.WAV,Telephone Field,recover-20220922,001,1795
71.60849999999999,71.6171,23750,31750,Plecotus austriacus,0.012,0.035,-1,Echolocation,/mnt/ubna_data_02_mir/recover-20220922/UBNA_001/20220921_090000.WAV,Telephone Field,recover-20220922,001,1795
71.61449999999999,71.6563,68437,83080,Rhinolophus ferrumequinum,0.027,0.027,-1,Echolocation,/mnt/ubna_data_02_mir/recover-20220922/UBNA_001/20220921_090000.WAV,Telephone Field,recover-20220922,001,1795
71.6345,71.6729,68437,82160,Rhinolophus ferrumequinum,0.021,0.021,-1,Echolocation,/mnt/ubna_data_02_mir/recover-20220922/UBNA_001/20220921_090000.WAV,Telephone Field,recover-20220922,001,1795
71.6785,71.6862,28906,43037,Eptesicus serotinus,0.008,0.026,-1,Echolocation,/mnt/ubna_data_02_mir/recover-20220922/UBNA_001/20220921_090000.WAV,Telephone Field,recover-20220922,001,1795
71.7075,71.7155,26328,34788,Eptesicus serotinus,0.008,0.022,-1,Echolocation,/mnt/ubna_data_02_mir/recover-20220922/UBNA_001/20220921_090000.WAV,Telephone Field,recover-20220922,001,1795
71.7215,71.7628,68437,82615,Rhinolophus ferrumequinum,0.022,0.022,-1,Echolocation,/mnt/ubna_data_02_mir/recover-20220922/UBNA_001/20220921_090000.WAV,Telephone Field,recover-20220922,001,1795
71.7405,71.75919999999999,21171,24536,Nyctalus leisleri,0.02,0.033,-1,Echolocation,/mnt/ubna_data_02_mir/recover-20220922/UBNA_001/20220921_090000.WAV,Telephone Field,recover-20220922,001,1795
71.7555,71.79560000000001,68437,82700,Rhinolophus ferrumequinum,0.023,0.023,-1,Echolocation,/mnt/ubna_data_02_mir/recover-20220922/UBNA_001/20220921_090000.WAV,Telephone Field,recover-20220922,001,1795
71.7795,71.8218,68437,82892,Rhinolophus ferrumequinum,0.027,0.027,-1,Echolocation,/mnt/ubna_data_02_mir/recover-20220922/UBNA_001/20220921_090000.WAV,Telephone Field,recover-20220922,001,1795
71.8285,71.8649,68437,81720,Rhinolophus ferrumequinum,0.022,0.022,-1,Echolocation,/mnt/ubna_data_02_mir/recover-20220922/UBNA_001/20220921_090000.WAV,Telephone Field,recover-20220922,001,1795
71.8315,71.8391,28046,37954,Eptesicus serotinus,0.009,0.024,-1,Echolocation,/mnt/ubna_data_02_mir/recover-20220922/UBNA_001/20220921_090000.WAV,Telephone Field,recover-20220922,001,1795
71.8665,71.8773,22031,26067,Nyctalus leisleri,0.012,0.021,-1,Echolocation,/mnt/ubna_data_02_mir/recover-20220922/UBNA_001/20220921_090000.WAV,Telephone Field,recover-20220922,001,1795
71.8845,71.8927,28046,39742,Eptesicus serotinus,0.009,0.024,-1,Echolocation,/mnt/ubna_data_02_mir/recover-20220922/UBNA_001/20220921_090000.WAV,Telephone Field,recover-20220922,001,1795
71.9185,71.9577,68437,82627,Rhinolophus ferrumequinum,0.028,0.029,-1,Echolocation,/mnt/ubna_data_02_mir/recover-20220922/UBNA_001/20220921_090000.WAV,Telephone Field,recover-20220922,001,1795
71.9205,71.9288,25468,34074,Eptesicus serotinus,0.009,0.03,-1,Echolocation,/mnt/ubna_data_02_mir/recover-20220922/UBNA_001/20220921_090000.WAV,Telephone Field,recover-20220922,001,1795
71.9535,71.9899,68437,81486,Rhinolophus ferrumequinum,0.022,0.022,-1,Echolocation,/mnt/ubna_data_02_mir/recover-20220922/UBNA_001/20220921_090000.WAV,Telephone Field,recover-20220922,001,1795
71.9695,71.9846,32343,37316,Eptesicus serotinus,0.013,0.043,-1,Echolocation,/mnt/ubna_data_02_mir/recover-20220922/UBNA_001/20220921_090000.WAV,Telephone Field,recover-20220922,001,1795
71.9815,71.99080000000001,28906,36627,Eptesicus serotinus,0.008,0.023,-1,Echolocation,/mnt/ubna_data_02_mir/recover-20220922/UBNA_001/20220921_090000.WAV,Telephone Field,recover-20220922,001,1795
72.0015,72.0327,68437,80473,Rhinolophus ferrumequinum,0.038,0.039,-1,Echolocation,/mnt/ubna_data_02_mir/recover-20220922/UBNA_001/20220921_090000.WAV,Telephone Field,recover-20220922,001,1795
72.0015,72.0093,24609,31983,Nyctalus leisleri,0.009,0.028,-1,Echolocation,/mnt/ubna_data_02_mir/recover-20220922/UBNA_001/20220921_090000.WAV,Telephone Field,recover-20220922,001,1795
72.0175,72.0601,68437,83446,Rhinolophus ferrumequinum,0.03,0.03,-1,Echolocation,/mnt/ubna_data_02_mir/recover-20220922/UBNA_001/20220921_090000.WAV,Telephone Field,recover-20220922,001,1795
72.0275,72.0664,68437,82485,Rhinolophus ferrumequinum,0.026,0.026,-1,Echolocation,/mnt/ubna_data_02_mir/recover-20220922/UBNA_001/20220921_090000.WAV,Telephone Field,recover-20220922,001,1795
72.0475,72.0828,68437,81780,Rhinolophus ferrumequinum,0.022,0.022,-1,Echolocation,/mnt/ubna_data_02_mir/recover-20220922/UBNA_001/20220921_090000.WAV,Telephone Field,recover-20220922,001,1795
72.0795,72.1172,68437,82354,Rhinolophus ferrumequinum,0.026,0.026,-1,Echolocation,/mnt/ubna_data_02_mir/recover-20220922/UBNA_001/20220921_090000.WAV,Telephone Field,recover-20220922,001,1795
72.1065,72.1424,68437,82009,Rhinolophus ferrumequinum,0.022,0.023,-1,Echolocation,/mnt/ubna_data_02_mir/recover-20220922/UBNA_001/20220921_090000.WAV,Telephone Field,recover-20220922,001,1795
72.1185,72.1582,68437,81997,Rhinolophus ferrumequinum,0.022,0.022,-1,Echolocation,/mnt/ubna_data_02_mir/recover-20220922/UBNA_001/20220921_090000.WAV,Telephone Field,recover-20220922,001,1795
72.1465,72.1858,68437,82257,Rhinolophus ferrumequinum,0.022,0.022,-1,Echolocation,/mnt/ubna_data_02_mir/recover-20220922/UBNA_001/20220921_090000.WAV,Telephone Field,recover-20220922,001,1795
72.1515,72.1916,68437,82292,Rhinolophus ferrumequinum,0.022,0.022,-1,Echolocation,/mnt/ubna_data_02_mir/recover-20220922/UBNA_001/20220921_090000.WAV,Telephone Field,recover-20220922,001,1795
72.1565,72.1956,68437,81997,Rhinolophus ferrumequinum,0.022,0.022,-1,Echolocation,/mnt/ubna_data_02_mir/recover-20220922/UBNA_001/20220921_090000.WAV,Telephone Field,recover-20220922,001,1795
72.1825,72.225,68437,82862,Rhinolophus ferrumequinum,0.034,0.034,-1,Echolocation,/mnt/ubna_data_02_mir/recover-20220922/UBNA_001/20220921_090000.WAV,Telephone Field,recover-20220922,001,1795
72.2265,72.2656,68437,82228,Rhinolophus ferrumequinum,0.022,0.022,-1,Echolocation,/mnt/ubna_data_02_mir/recover-20220922/UBNA_001/20220921_090000.WAV,Telephone Field,recover-20220922,001,1795
72.25450000000001,72.2927,68437,82575,Rhinolophus ferrumequinum,0.024,0.024,-1,Echolocation,/mnt/ubna_data_02_mir/recover-20220922/UBNA_001/20220921_090000.WAV,Telephone Field,recover-20220922,001,1795
72.25450000000001,72.2633,28906,38278,Eptesicus serotinus,0.008,0.021,-1,Echolocation,/mnt/ubna_data_02_mir/recover-20220922/UBNA_001/20220921_090000.WAV,Telephone Field,recover-20220922,001,1795
72.2635,72.3005,68437,82315,Rhinolophus ferrumequinum,0.023,0.023,-1,Echolocation,/mnt/ubna_data_02_mir/recover-20220922/UBNA_001/20220921_090000.WAV,Telephone Field,recover-20220922,001,1795
72.2755,72.2843,23750,31176,Eptesicus serotinus,0.006,0.022,-1,Echolocation,/mnt/ubna_data_02_mir/recover-20220922/UBNA_001/20220921_090000.WAV,Telephone Field,recover-20220922,001,1795
72.2945,72.3335,68437,82313,Rhinolophus ferrumequinum,0.026,0.026,-1,Echolocation,/mnt/ubna_data_02_mir/recover-20220922/UBNA_001/20220921_090000.WAV,Telephone Field,recover-20220922,001,1795
72.3145,72.3486,68437,81195,Rhinolophus ferrumequinum,0.021,0.021,-1,Echolocation,/mnt/ubna_data_02_mir/recover-20220922/UBNA_001/20220921_090000.WAV,Telephone Field,recover-20220922,001,1795
72.3265,72.3625,68437,81876,Rhinolophus ferrumequinum,0.03,0.03,-1,Echolocation,/mnt/ubna_data_02_mir/recover-20220922/UBNA_001/20220921_090000.WAV,Telephone Field,recover-20220922,001,1795
72.3625,72.4026,68437,82343,Rhinolophus ferrumequinum,0.022,0.022,-1,Echolocation,/mnt/ubna_data_02_mir/recover-20220922/UBNA_001/20220921_090000.WAV,Telephone Field,recover-20220922,001,1795
72.3935,72.4288,68437,82080,Rhinolophus ferrumequinum,0.022,0.022,-1,Echolocation,/mnt/ubna_data_02_mir/recover-20220922/UBNA_001/20220921_090000.WAV,Telephone Field,recover-20220922,001,1795
72.4025,72.4406,68437,82020,Rhinolophus ferrumequinum,0.023,0.023,-1,Echolocation,/mnt/ubna_data_02_mir/recover-20220922/UBNA_001/20220921_090000.WAV,Telephone Field,recover-20220922,001,1795
72.4085,72.4462,68437,83015,Rhinolophus ferrumequinum,0.022,0.022,-1,Echolocation,/mnt/ubna_data_02_mir/recover-20220922/UBNA_001/20220921_090000.WAV,Telephone Field,recover-20220922,001,1795
72.4245,72.4368,23750,28601,Nyctalus leisleri,0.02,0.044,-1,Echolocation,/mnt/ubna_data_02_mir/recover-20220922/UBNA_001/20220921_090000.WAV,Telephone Field,recover-20220922,001,1795
72.4275,72.4661,68437,82346,Rhinolophus ferrumequinum,0.025,0.025,-1,Echolocation,/mnt/ubna_data_02_mir/recover-20220922/UBNA_001/20220921_090000.WAV,Telephone Field,recover-20220922,001,1795
72.4645,72.4733,24609,32921,Eptesicus serotinus,0.006,0.024,-1,Echolocation,/mnt/ubna_data_02_mir/recover-20220922/UBNA_001/20220921_090000.WAV,Telephone Field,recover-20220922,001,1795
72.4695,72.5134,68437,83554,Rhinolophus ferrumequinum,0.041,0.041,-1,Echolocation,/mnt/ubna_data_02_mir/recover-20220922/UBNA_001/20220921_090000.WAV,Telephone Field,recover-20220922,001,1795
72.4865,72.5266,68437,82608,Rhinolophus ferrumequinum,0.023,0.023,-1,Echolocation,/mnt/ubna_data_02_mir/recover-20220922/UBNA_001/20220921_090000.WAV,Telephone Field,recover-20220922,001,1795
72.5055,72.5442,68437,82361,Rhinolophus ferrumequinum,0.026,0.026,-1,Echolocation,/mnt/ubna_data_02_mir/recover-20220922/UBNA_001/20220921_090000.WAV,Telephone Field,recover-20220922,001,1795
72.5505,72.5898,68437,82373,Rhinolophus ferrumequinum,0.023,0.023,-1,Echolocation,/mnt/ubna_data_02_mir/recover-20220922/UBNA_001/20220921_090000.WAV,Telephone Field,recover-20220922,001,1795
72.5835,72.6263,68437,83068,Rhinolophus ferrumequinum,0.026,0.026,-1,Echolocation,/mnt/ubna_data_02_mir/recover-20220922/UBNA_001/20220921_090000.WAV,Telephone Field,recover-20220922,001,1795
72.5835,72.5919,28046,40534,Eptesicus serotinus,0.008,0.022,-1,Echolocation,/mnt/ubna_data_02_mir/recover-20220922/UBNA_001/20220921_090000.WAV,Telephone Field,recover-20220922,001,1795
72.6005,72.6381,68437,82292,Rhinolophus ferrumequinum,0.022,0.022,-1,Echolocation,/mnt/ubna_data_02_mir/recover-20220922/UBNA_001/20220921_090000.WAV,Telephone Field,recover-20220922,001,1795
72.6305,72.6669,68437,81784,Rhinolophus ferrumequinum,0.024,0.024,-1,Echolocation,/mnt/ubna_data_02_mir/recover-20220922/UBNA_001/20220921_090000.WAV,Telephone Field,recover-20220922,001,1795
72.6395,72.6508,24609,30749,Nyctalus leisleri,0.015,0.034,-1,Echolocation,/mnt/ubna_data_02_mir/recover-20220922/UBNA_001/20220921_090000.WAV,Telephone Field,recover-20220922,001,1795
72.6525,72.6649,22890,26264,Nyctalus leisleri,0.014,0.023,-1,Echolocation,/mnt/ubna_data_02_mir/recover-20220922/UBNA_001/20220921_090000.WAV,Telephone Field,recover-20220922,001,1795
72.6535,72.694,68437,82433,Rhinolophus ferrumequinum,0.022,0.022,-1,Echolocation,/mnt/ubna_data_02_mir/recover-20220922/UBNA_001/20220921_090000.WAV,Telephone Field,recover-20220922,001,1795
72.6575,72.6656,47812,51941,Pipistrellus pipistrellus,0.022,0.023,-1,Echolocation,/mnt/ubna_data_02_mir/recover-20220922/UBNA_001/20220921_090000.WAV,Telephone Field,recover-20220922,001,1795
72.6855,72.7226,68437,82255,Rhinolophus ferrumequinum,0.024,0.024,-1,Echolocation,/mnt/ubna_data_02_mir/recover-20220922/UBNA_001/20220921_090000.WAV,Telephone Field,recover-20220922,001,1795
72.6955,72.7067,22890,27564,Nyctalus leisleri,0.012,0.022,-1,Echolocation,/mnt/ubna_data_02_mir/recover-20220922/UBNA_001/20220921_090000.WAV,Telephone Field,recover-20220922,001,1795
72.6995,72.742,68437,82873,Rhinolophus ferrumequinum,0.027,0.027,-1,Echolocation,/mnt/ubna_data_02_mir/recover-20220922/UBNA_001/20220921_090000.WAV,Telephone Field,recover-20220922,001,1795
72.7375,72.7761,68437,81925,Rhinolophus ferrumequinum,0.026,0.026,-1,Echolocation,/mnt/ubna_data_02_mir/recover-20220922/UBNA_001/20220921_090000.WAV,Telephone Field,recover-20220922,001,1795
72.8065,72.81569999999999,48671,56512,Pipistrellus pipistrellus,0.02,0.023,-1,Echolocation,/mnt/ubna_data_02_mir/recover-20220922/UBNA_001/20220921_090000.WAV,Telephone Field,recover-20220922,001,1795
72.8075,72.8507,68437,83281,Rhinolophus ferrumequinum,0.037,0.037,-1,Echolocation,/mnt/ubna_data_02_mir/recover-20220922/UBNA_001/20220921_090000.WAV,Telephone Field,recover-20220922,001,1795
72.8155,72.8245,47812,51514,Pipistrellus pipistrellus,0.028,0.031,-1,Echolocation,/mnt/ubna_data_02_mir/recover-20220922/UBNA_001/20220921_090000.WAV,Telephone Field,recover-20220922,001,1795
72.8175,72.8555,68437,82196,Rhinolophus ferrumequinum,0.025,0.026,-1,Echolocation,/mnt/ubna_data_02_mir/recover-20220922/UBNA_001/20220921_090000.WAV,Telephone Field,recover-20220922,001,1795
72.8395,72.878,68437,82369,Rhinolophus ferrumequinum,0.023,0.023,-1,Echolocation,/mnt/ubna_data_02_mir/recover-20220922/UBNA_001/20220921_090000.WAV,Telephone Field,recover-20220922,001,1795
72.8455,72.8519,28906,42099,Eptesicus serotinus,0.009,0.034,-1,Echolocation,/mnt/ubna_data_02_mir/recover-20220922/UBNA_001/20220921_090000.WAV,Telephone Field,recover-20220922,001,1795
72.8515,72.8873,68437,81509,Rhinolophus ferrumequinum,0.023,0.023,-1,Echolocation,/mnt/ubna_data_02_mir/recover-20220922/UBNA_001/20220921_090000.WAV,Telephone Field,recover-20220922,001,1795
72.8655,72.8833,22890,25926,Nyctalus leisleri,0.04,0.065,-1,Echolocation,/mnt/ubna_data_02_mir/recover-20220922/UBNA_001/20220921_090000.WAV,Telephone Field,recover-20220922,001,1795
72.87049999999999,72.9049,68437,81859,Rhinolophus ferrumequinum,0.022,0.022,-1,Echolocation,/mnt/ubna_data_02_mir/recover-20220922/UBNA_001/20220921_090000.WAV,Telephone Field,recover-20220922,001,1795
72.9045,72.9162,23750,30298,Nyctalus leisleri,0.009,0.023,-1,Echolocation,/mnt/ubna_data_02_mir/recover-20220922/UBNA_001/20220921_090000.WAV,Telephone Field,recover-20220922,001,1795
72.9045,72.9459,68437,82569,Rhinolophus ferrumequinum,0.044,0.044,-1,Echolocation,/mnt/ubna_data_02_mir/recover-20220922/UBNA_001/20220921_090000.WAV,Telephone Field,recover-20220922,001,1795
72.9495,72.9586,22031,27884,Plecotus austriacus,0.009,0.022,-1,Echolocation,/mnt/ubna_data_02_mir/recover-20220922/UBNA_001/20220921_090000.WAV,Telephone Field,recover-20220922,001,1795
72.9575,72.9969,68437,82384,Rhinolophus ferrumequinum,0.028,0.028,-1,Echolocation,/mnt/ubna_data_02_mir/recover-20220922/UBNA_001/20220921_090000.WAV,Telephone Field,recover-20220922,001,1795
72.9795,73.0227,68437,83293,Rhinolophus ferrumequinum,0.046,0.046,-1,Echolocation,/mnt/ubna_data_02_mir/recover-20220922/UBNA_001/20220921_090000.WAV,Telephone Field,recover-20220922,001,1795
73.0025,73.0151,28046,33568,Eptesicus serotinus,0.038,0.064,-1,Echolocation,/mnt/ubna_data_02_mir/recover-20220922/UBNA_001/20220921_090000.WAV,Telephone Field,recover-20220922,001,1795
73.01650000000001,73.0505,68437,81868,Rhinolophus ferrumequinum,0.021,0.022,-1,Echolocation,/mnt/ubna_data_02_mir/recover-20220922/UBNA_001/20220921_090000.WAV,Telephone Field,recover-20220922,001,1795
73.0275,73.0692,68437,82546,Rhinolophus ferrumequinum,0.025,0.025,-1,Echolocation,/mnt/ubna_data_02_mir/recover-20220922/UBNA_001/20220921_090000.WAV,Telephone Field,recover-20220922,001,1795
73.0405,73.0505,28906,37579,Eptesicus serotinus,0.011,0.023,-1,Echolocation,/mnt/ubna_data_02_mir/recover-20220922/UBNA_001/20220921_090000.WAV,Telephone Field,recover-20220922,001,1795
73.0535,73.0904,68437,81835,Rhinolophus ferrumequinum,0.022,0.022,-1,Echolocation,/mnt/ubna_data_02_mir/recover-20220922/UBNA_001/20220921_090000.WAV,Telephone Field,recover-20220922,001,1795
73.0885,73.1271,68437,82390,Rhinolophus ferrumequinum,0.021,0.021,-1,Echolocation,/mnt/ubna_data_02_mir/recover-20220922/UBNA_001/20220921_090000.WAV,Telephone Field,recover-20220922,001,1795
73.0985,73.1332,68437,81004,Rhinolophus ferrumequinum,0.023,0.023,-1,Echolocation,/mnt/ubna_data_02_mir/recover-20220922/UBNA_001/20220921_090000.WAV,Telephone Field,recover-20220922,001,1795
73.1255,73.1364,24609,31288,Eptesicus serotinus,0.009,0.022,-1,Echolocation,/mnt/ubna_data_02_mir/recover-20220922/UBNA_001/20220921_090000.WAV,Telephone Field,recover-20220922,001,1795
73.1865,73.22409999999999,68437,81839,Rhinolophus ferrumequinum,0.024,0.025,-1,Echolocation,/mnt/ubna_data_02_mir/recover-20220922/UBNA_001/20220921_090000.WAV,Telephone Field,recover-20220922,001,1795
73.1955,73.2326,68437,81938,Rhinolophus ferrumequinum,0.022,0.022,-1,Echolocation,/mnt/ubna_data_02_mir/recover-20220922/UBNA_001/20220921_090000.WAV,Telephone Field,recover-20220922,001,1795
73.2125,73.2516,68437,82762,Rhinolophus ferrumequinum,0.028,0.028,-1,Echolocation,/mnt/ubna_data_02_mir/recover-20220922/UBNA_001/20220921_090000.WAV,Telephone Field,recover-20220922,001,1795
73.2315,73.2681,68437,81646,Rhinolophus ferrumequinum,0.025,0.025,-1,Echolocation,/mnt/ubna_data_02_mir/recover-20220922/UBNA_001/20220921_090000.WAV,Telephone Field,recover-20220922,001,1795
73.2385,73.2748,68437,81529,Rhinolophus ferrumequinum,0.022,0.022,-1,Echolocation,/mnt/ubna_data_02_mir/recover-20220922/UBNA_001/20220921_090000.WAV,Telephone Field,recover-20220922,001,1795
73.26050000000001,73.3035,68437,82563,Rhinolophus ferrumequinum,0.025,0.025,-1,Echolocation,/mnt/ubna_data_02_mir/recover-20220922/UBNA_001/20220921_090000.WAV,Telephone Field,recover-20220922,001,1795
73.2945,73.3039,28906,36840,Eptesicus serotinus,0.008,0.022,-1,Echolocation,/mnt/ubna_data_02_mir/recover-20220922/UBNA_001/20220921_090000.WAV,Telephone Field,recover-20220922,001,1795
73.3185,73.3594,68437,82812,Rhinolophus ferrumequinum,0.025,0.025,-1,Echolocation,/mnt/ubna_data_02_mir/recover-20220922/UBNA_001/20220921_090000.WAV,Telephone Field,recover-20220922,001,1795
73.3345,73.3753,68437,82778,Rhinolophus ferrumequinum,0.025,0.025,-1,Echolocation,/mnt/ubna_data_02_mir/recover-20220922/UBNA_001/20220921_090000.WAV,Telephone Field,recover-20220922,001,1795
73.3565,73.396,68437,82447,Rhinolophus ferrumequinum,0.026,0.026,-1,Echolocation,/mnt/ubna_data_02_mir/recover-20220922/UBNA_001/20220921_090000.WAV,Telephone Field,recover-20220922,001,1795
73.37049999999999,73.409,68437,81809,Rhinolophus ferrumequinum,0.027,0.027,-1,Echolocation,/mnt/ubna_data_02_mir/recover-20220922/UBNA_001/20220921_090000.WAV,Telephone Field,recover-20220922,001,1795
73.3845,73.4195,68437,81242,Rhinolophus ferrumequinum,0.021,0.022,-1,Echolocation,/mnt/ubna_data_02_mir/recover-20220922/UBNA_001/20220921_090000.WAV,Telephone Field,recover-20220922,001,1795
73.4075,73.4527,68437,83014,Rhinolophus ferrumequinum,0.059,0.059,-1,Echolocation,/mnt/ubna_data_02_mir/recover-20220922/UBNA_001/20220921_090000.WAV,Telephone Field,recover-20220922,001,1795
73.4595,73.4971,68437,81540,Rhinolophus ferrumequinum,0.021,0.021,-1,Echolocation,/mnt/ubna_data_02_mir/recover-20220922/UBNA_001/20220921_090000.WAV,Telephone Field,recover-20220922,001,1795
73.4715,73.4813,44375,52945,Pipistrellus pipistrellus,0.014,0.023,-1,Echolocation,/mnt/ubna_data_02_mir/recover-20220922/UBNA_001/20220921_090000.WAV,Telephone Field,recover-20220922,001,1795
73.4805,73.4903,24609,32360,Eptesicus serotinus,0.01,0.027,-1,Echolocation,/mnt/ubna_data_02_mir/recover-20220922/UBNA_001/20220921_090000.WAV,Telephone Field,recover-20220922,001,1795
73.48949999999999,73.5271,68437,82014,Rhinolophus ferrumequinum,0.022,0.022,-1,Echolocation,/mnt/ubna_data_02_mir/recover-20220922/UBNA_001/20220921_090000.WAV,Telephone Field,recover-20220922,001,1795
73.5215,73.5616,68437,82137,Rhinolophus ferrumequinum,0.024,0.024,-1,Echolocation,/mnt/ubna_data_02_mir/recover-20220922/UBNA_001/20220921_090000.WAV,Telephone Field,recover-20220922,001,1795
73.5355,73.5733,68437,82509,Rhinolophus ferrumequinum,0.027,0.027,-1,Echolocation,/mnt/ubna_data_02_mir/recover-20220922/UBNA_001/20220921_090000.WAV,Telephone Field,recover-20220922,001,1795
73.5665,73.6029,68437,81462,Rhinolophus ferrumequinum,0.021,0.021,-1,Echolocation,/mnt/ubna_data_02_mir/recover-20220922/UBNA_001/20220921_090000.WAV,Telephone Field,recover-20220922,001,1795
73.60249999999999,73.6394,68437,82341,Rhinolophus ferrumequinum,0.022,0.022,-1,Echolocation,/mnt/ubna_data_02_mir/recover-20220922/UBNA_001/20220921_090000.WAV,Telephone Field,recover-20220922,001,1795
73.6285,73.6621,68437,80756,Rhinolophus ferrumequinum,0.022,0.022,-1,Echolocation,/mnt/ubna_data_02_mir/recover-20220922/UBNA_001/20220921_090000.WAV,Telephone Field,recover-20220922,001,1795
73.6375,73.6494,28906,34679,Eptesicus serotinus,0.016,0.03,-1,Echolocation,/mnt/ubna_data_02_mir/recover-20220922/UBNA_001/20220921_090000.WAV,Telephone Field,recover-20220922,001,1795
73.6545,73.691,68437,80948,Rhinolophus ferrumequinum,0.023,0.024,-1,Echolocation,/mnt/ubna_data_02_mir/recover-20220922/UBNA_001/20220921_090000.WAV,Telephone Field,recover-20220922,001,1795
73.6955,73.7376,68437,82850,Rhinolophus ferrumequinum,0.033,0.033,-1,Echolocation,/mnt/ubna_data_02_mir/recover-20220922/UBNA_001/20220921_090000.WAV,Telephone Field,recover-20220922,001,1795
73.7075,73.7447,68437,81650,Rhinolophus ferrumequinum,0.024,0.024,-1,Echolocation,/mnt/ubna_data_02_mir/recover-20220922/UBNA_001/20220921_090000.WAV,Telephone Field,recover-20220922,001,1795
73.7225,73.7317,23750,31284,Nyctalus leisleri,0.008,0.024,-1,Echolocation,/mnt/ubna_data_02_mir/recover-20220922/UBNA_001/20220921_090000.WAV,Telephone Field,recover-20220922,001,1795
73.7375,73.7762,68437,82407,Rhinolophus ferrumequinum,0.027,0.027,-1,Echolocation,/mnt/ubna_data_02_mir/recover-20220922/UBNA_001/20220921_090000.WAV,Telephone Field,recover-20220922,001,1795
73.7385,73.74510000000001,50390,56834,Pipistrellus pipistrellus,0.024,0.027,-1,Echolocation,/mnt/ubna_data_02_mir/recover-20220922/UBNA_001/20220921_090000.WAV,Telephone Field,recover-20220922,001,1795
73.7465,73.7559,25468,33862,Eptesicus serotinus,0.01,0.025,-1,Echolocation,/mnt/ubna_data_02_mir/recover-20220922/UBNA_001/20220921_090000.WAV,Telephone Field,recover-20220922,001,1795
73.7555,73.7935,68437,82003,Rhinolophus ferrumequinum,0.022,0.022,-1,Echolocation,/mnt/ubna_data_02_mir/recover-20220922/UBNA_001/20220921_090000.WAV,Telephone Field,recover-20220922,001,1795
73.7675,73.7792,32343,37128,Eptesicus serotinus,0.027,0.074,-1,Echolocation,/mnt/ubna_data_02_mir/recover-20220922/UBNA_001/20220921_090000.WAV,Telephone Field,recover-20220922,001,1795
73.7675,73.7948,67578,78660,Rhinolophus ferrumequinum,0.025,0.026,-1,Echolocation,/mnt/ubna_data_02_mir/recover-20220922/UBNA_001/20220921_090000.WAV,Telephone Field,recover-20220922,001,1795
73.7895,73.8295,68437,82461,Rhinolophus ferrumequinum,0.027,0.027,-1,Echolocation,/mnt/ubna_data_02_mir/recover-20220922/UBNA_001/20220921_090000.WAV,Telephone Field,recover-20220922,001,1795
73.7915,73.8,28046,39123,Eptesicus serotinus,0.011,0.026,-1,Echolocation,/mnt/ubna_data_02_mir/recover-20220922/UBNA_001/20220921_090000.WAV,Telephone Field,recover-20220922,001,1795
73.8005,73.8084,28046,36659,Eptesicus serotinus,0.008,0.021,-1,Echolocation,/mnt/ubna_data_02_mir/recover-20220922/UBNA_001/20220921_090000.WAV,Telephone Field,recover-20220922,001,1795
73.8085,73.8494,68437,82394,Rhinolophus ferrumequinum,0.029,0.029,-1,Echolocation,/mnt/ubna_data_02_mir/recover-20220922/UBNA_001/20220921_090000.WAV,Telephone Field,recover-20220922,001,1795
73.8595,73.898,68437,81841,Rhinolophus ferrumequinum,0.022,0.022,-1,Echolocation,/mnt/ubna_data_02_mir/recover-20220922/UBNA_001/20220921_090000.WAV,Telephone Field,recover-20220922,001,1795
73.8675,73.8753,28906,38206,Eptesicus serotinus,0.01,0.027,-1,Echolocation,/mnt/ubna_data_02_mir/recover-20220922/UBNA_001/20220921_090000.WAV,Telephone Field,recover-20220922,001,1795
73.8885,73.929,68437,82594,Rhinolophus ferrumequinum,0.025,0.025,-1,Echolocation,/mnt/ubna_data_02_mir/recover-20220922/UBNA_001/20220921_090000.WAV,Telephone Field,recover-20220922,001,1795
73.9245,73.9338,28046,37960,Eptesicus serotinus,0.01,0.023,-1,Echolocation,/mnt/ubna_data_02_mir/recover-20220922/UBNA_001/20220921_090000.WAV,Telephone Field,recover-20220922,001,1795
73.9395,73.9776,68437,81965,Rhinolophus ferrumequinum,0.031,0.031,-1,Echolocation,/mnt/ubna_data_02_mir/recover-20220922/UBNA_001/20220921_090000.WAV,Telephone Field,recover-20220922,001,1795
73.9565,73.9642,24609,33322,Plecotus austriacus,0.011,0.028,-1,Echolocation,/mnt/ubna_data_02_mir/recover-20220922/UBNA_001/20220921_090000.WAV,Telephone Field,recover-20220922,001,1795
73.9585,73.996,68437,81526,Rhinolophus ferrumequinum,0.022,0.022,-1,Echolocation,/mnt/ubna_data_02_mir/recover-20220922/UBNA_001/20220921_090000.WAV,Telephone Field,recover-20220922,001,1795
73.9875,73.9963,28046,39299,Eptesicus serotinus,0.008,0.022,-1,Echolocation,/mnt/ubna_data_02_mir/recover-20220922/UBNA_001/20220921_090000.WAV,Telephone Field,recover-20220922,001,1795
74.0015,74.0102,23750,30523,Nyctalus leisleri,0.021,0.06,-1,Echolocation,/mnt/ubna_data_02_mir/recover-20220922/UBNA_001/20220921_090000.WAV,Telephone Field,recover-20220922,001,1795
74.0015,74.0371,68437,80135,Rhinolophus ferrumequinum,0.041,0.041,-1,Echolocation,/mnt/ubna_data_02_mir/recover-20220922/UBNA_001/20220921_090000.WAV,Telephone Field,recover-20220922,001,1795
74.0395,74.0479,28046,39523,Eptesicus serotinus,0.015,0.034,-1,Echolocation,/mnt/ubna_data_02_mir/recover-20220922/UBNA_001/20220921_090000.WAV,Telephone Field,recover-20220922,001,1795
74.0575,74.0787,19453,22356,Nyctalus leisleri,0.014,0.029,-1,Echolocation,/mnt/ubna_data_02_mir/recover-20220922/UBNA_001/20220921_090000.WAV,Telephone Field,recover-20220922,001,1795
74.0745,74.0853,23750,27991,Nyctalus leisleri,0.015,0.027,-1,Echolocation,/mnt/ubna_data_02_mir/recover-20220922/UBNA_001/20220921_090000.WAV,Telephone Field,recover-20220922,001,1795
74.1275,74.14189999999999,23750,29326,Nyctalus leisleri,0.016,0.032,-1,Echolocation,/mnt/ubna_data_02_mir/recover-20220922/UBNA_001/20220921_090000.WAV,Telephone Field,recover-20220922,001,1795
74.1485,74.1873,68437,81949,Rhinolophus ferrumequinum,0.023,0.023,-1,Echolocation,/mnt/ubna_data_02_mir/recover-20220922/UBNA_001/20220921_090000.WAV,Telephone Field,recover-20220922,001,1795
74.1545,74.1921,68437,82257,Rhinolophus ferrumequinum,0.023,0.023,-1,Echolocation,/mnt/ubna_data_02_mir/recover-20220922/UBNA_001/20220921_090000.WAV,Telephone Field,recover-20220922,001,1795
74.2045,74.2431,68437,82097,Rhinolophus ferrumequinum,0.024,0.024,-1,Echolocation,/mnt/ubna_data_02_mir/recover-20220922/UBNA_001/20220921_090000.WAV,Telephone Field,recover-20220922,001,1795
74.2135,74.2319,16875,21858,Nyctalus noctula,0.017,0.025,-1,Echolocation,/mnt/ubna_data_02_mir/recover-20220922/UBNA_001/20220921_090000.WAV,Telephone Field,recover-20220922,001,1795
74.2145,74.2208,26328,38928,Eptesicus serotinus,0.005,0.026,-1,Echolocation,/mnt/ubna_data_02_mir/recover-20220922/UBNA_001/20220921_090000.WAV,Telephone Field,recover-20220922,001,1795
74.2525,74.2627,23750,29846,Nyctalus leisleri,0.009,0.021,-1,Echolocation,/mnt/ubna_data_02_mir/recover-20220922/UBNA_001/20220921_090000.WAV,Telephone Field,recover-20220922,001,1795
74.2805,74.3155,68437,80728,Rhinolophus ferrumequinum,0.022,0.023,-1,Echolocation,/mnt/ubna_data_02_mir/recover-20220922/UBNA_001/20220921_090000.WAV,Telephone Field,recover-20220922,001,1795
74.2905,74.2987,25468,35503,Eptesicus serotinus,0.007,0.022,-1,Echolocation,/mnt/ubna_data_02_mir/recover-20220922/UBNA_001/20220921_090000.WAV,Telephone Field,recover-20220922,001,1795
74.3095,74.347,68437,81333,Rhinolophus ferrumequinum,0.023,0.023,-1,Echolocation,/mnt/ubna_data_02_mir/recover-20220922/UBNA_001/20220921_090000.WAV,Telephone Field,recover-20220922,001,1795
74.3185,74.3552,68437,81216,Rhinolophus ferrumequinum,0.024,0.024,-1,Echolocation,/mnt/ubna_data_02_mir/recover-20220922/UBNA_001/20220921_090000.WAV,Telephone Field,recover-20220922,001,1795
74.3715,74.3816,43515,48796,Pipistrellus pipistrellus,0.021,0.025,-1,Echolocation,/mnt/ubna_data_02_mir/recover-20220922/UBNA_001/20220921_090000.WAV,Telephone Field,recover-20220922,001,1795
74.3725,74.4159,68437,83187,Rhinolophus ferrumequinum,0.035,0.035,-1,Echolocation,/mnt/ubna_data_02_mir/recover-20220922/UBNA_001/20220921_090000.WAV,Telephone Field,recover-20220922,001,1795
74.3805,74.3913,23750,29841,Nyctalus leisleri,0.009,0.022,-1,Echolocation,/mnt/ubna_data_02_mir/recover-20220922/UBNA_001/20220921_090000.WAV,Telephone Field,recover-20220922,001,1795
74.4135,74.4243,23750,29590,Nyctalus leisleri,0.011,0.027,-1,Echolocation,/mnt/ubna_data_02_mir/recover-20220922/UBNA_001/20220921_090000.WAV,Telephone Field,recover-20220922,001,1795
74.4345,74.4426,28046,39067,Eptesicus serotinus,0.007,0.022,-1,Echolocation,/mnt/ubna_data_02_mir/recover-20220922/UBNA_001/20220921_090000.WAV,Telephone Field,recover-20220922,001,1795
74.4405,74.48140000000001,68437,81844,Rhinolophus ferrumequinum,0.023,0.023,-1,Echolocation,/mnt/ubna_data_02_mir/recover-20220922/UBNA_001/20220921_090000.WAV,Telephone Field,recover-20220922,001,1795
74.4755,74.4884,23750,28468,Nyctalus leisleri,0.012,0.024,-1,Echolocation,/mnt/ubna_data_02_mir/recover-20220922/UBNA_001/20220921_090000.WAV,Telephone Field,recover-20220922,001,1795
74.4945,74.53229999999999,68437,82126,Rhinolophus ferrumequinum,0.023,0.023,-1,Echolocation,/mnt/ubna_data_02_mir/recover-20220922/UBNA_001/20220921_090000.WAV,Telephone Field,recover-20220922,001,1795
74.51050000000001,74.551,68437,82314,Rhinolophus ferrumequinum,0.022,0.022,-1,Echolocation,/mnt/ubna_data_02_mir/recover-20220922/UBNA_001/20220921_090000.WAV,Telephone Field,recover-20220922,001,1795
74.5235,74.5296,28046,44122,Myotis daubentonii,0.005,0.022,-1,Echolocation,/mnt/ubna_data_02_mir/recover-20220922/UBNA_001/20220921_090000.WAV,Telephone Field,recover-20220922,001,1795
74.5405,74.5571,58125,64501,Pipistrellus pygmaeus,0.022,0.023,-1,Echolocation,/mnt/ubna_data_02_mir/recover-20220922/UBNA_001/20220921_090000.WAV,Telephone Field,recover-20220922,001,1795
74.5695,74.6125,68437,83041,Rhinolophus ferrumequinum,0.028,0.028,-1,Echolocation,/mnt/ubna_data_02_mir/recover-20220922/UBNA_001/20220921_090000.WAV,Telephone Field,recover-20220922,001,1795
74.5785,74.5886,28046,36492,Eptesicus serotinus,0.014,0.027,-1,Echolocation,/mnt/ubna_data_02_mir/recover-20220922/UBNA_001/20220921_090000.WAV,Telephone Field,recover-20220922,001,1795
74.5915,74.6273,68437,81408,Rhinolophus ferrumequinum,0.021,0.021,-1,Echolocation,/mnt/ubna_data_02_mir/recover-20220922/UBNA_001/20220921_090000.WAV,Telephone Field,recover-20220922,001,1795
74.60849999999999,74.6164,25468,35120,Eptesicus serotinus,0.007,0.023,-1,Echolocation,/mnt/ubna_data_02_mir/recover-20220922/UBNA_001/20220921_090000.WAV,Telephone Field,recover-20220922,001,1795
74.6555,74.6949,68437,82428,Rhinolophus ferrumequinum,0.022,0.022,-1,Echolocation,/mnt/ubna_data_02_mir/recover-20220922/UBNA_001/20220921_090000.WAV,Telephone Field,recover-20220922,001,1795
74.6615,74.6715,28046,37346,Eptesicus serotinus,0.011,0.025,-1,Echolocation,/mnt/ubna_data_02_mir/recover-20220922/UBNA_001/20220921_090000.WAV,Telephone Field,recover-20220922,001,1795
74.6635,74.7039,68437,82717,Rhinolophus ferrumequinum,0.024,0.024,-1,Echolocation,/mnt/ubna_data_02_mir/recover-20220922/UBNA_001/20220921_090000.WAV,Telephone Field,recover-20220922,001,1795
74.6915,74.7309,68437,81776,Rhinolophus ferrumequinum,0.03,0.03,-1,Echolocation,/mnt/ubna_data_02_mir/recover-20220922/UBNA_001/20220921_090000.WAV,Telephone Field,recover-20220922,001,1795
74.6955,74.7038,28046,37256,Eptesicus serotinus,0.008,0.023,-1,Echolocation,/mnt/ubna_data_02_mir/recover-20220922/UBNA_001/20220921_090000.WAV,Telephone Field,recover-20220922,001,1795
74.7285,74.7379,28906,37545,Eptesicus serotinus,0.009,0.022,-1,Echolocation,/mnt/ubna_data_02_mir/recover-20220922/UBNA_001/20220921_090000.WAV,Telephone Field,recover-20220922,001,1795
74.7895,74.8328,68437,83121,Rhinolophus ferrumequinum,0.023,0.024,-1,Echolocation,/mnt/ubna_data_02_mir/recover-20220922/UBNA_001/20220921_090000.WAV,Telephone Field,recover-20220922,001,1795
74.8325,74.8742,68437,82706,Rhinolophus ferrumequinum,0.023,0.023,-1,Echolocation,/mnt/ubna_data_02_mir/recover-20220922/UBNA_001/20220921_090000.WAV,Telephone Field,recover-20220922,001,1795
74.8485,74.8634,14296,19312,Nyctalus noctula,0.014,0.022,-1,Echolocation,/mnt/ubna_data_02_mir/recover-20220922/UBNA_001/20220921_090000.WAV,Telephone Field,recover-20220922,001,1795
74.8575,74.8999,68437,82867,Rhinolophus ferrumequinum,0.028,0.028,-1,Echolocation,/mnt/ubna_data_02_mir/recover-20220922/UBNA_001/20220921_090000.WAV,Telephone Field,recover-20220922,001,1795
74.86449999999999,74.8716,28046,39828,Eptesicus serotinus,0.007,0.025,-1,Echolocation,/mnt/ubna_data_02_mir/recover-20220922/UBNA_001/20220921_090000.WAV,Telephone Field,recover-20220922,001,1795
74.87950000000001,74.8867,27187,39454,Eptesicus serotinus,0.007,0.024,-1,Echolocation,/mnt/ubna_data_02_mir/recover-20220922/UBNA_001/20220921_090000.WAV,Telephone Field,recover-20220922,001,1795
74.9025,74.91329999999999,28906,36442,Eptesicus serotinus,0.012,0.026,-1,Echolocation,/mnt/ubna_data_02_mir/recover-20220922/UBNA_001/20220921_090000.WAV,Telephone Field,recover-20220922,001,1795
74.9055,74.9431,68437,82309,Rhinolophus ferrumequinum,0.022,0.022,-1,Echolocation,/mnt/ubna_data_02_mir/recover-20220922/UBNA_001/20220921_090000.WAV,Telephone Field,recover-20220922,001,1795
74.9125,74.9233,22890,28593,Nyctalus leisleri,0.012,0.025,-1,Echolocation,/mnt/ubna_data_02_mir/recover-20220922/UBNA_001/20220921_090000.WAV,Telephone Field,recover-20220922,001,1795
74.9225,74.9644,68437,82753,Rhinolophus ferrumequinum,0.025,0.025,-1,Echolocation,/mnt/ubna_data_02_mir/recover-20220922/UBNA_001/20220921_090000.WAV,Telephone Field,recover-20220922,001,1795
74.9445,74.9833,68437,81980,Rhinolophus ferrumequinum,0.023,0.023,-1,Echolocation,/mnt/ubna_data_02_mir/recover-20220922/UBNA_001/20220921_090000.WAV,Telephone Field,recover-20220922,001,1795
74.9455,74.9523,46093,51895,Pipistrellus pipistrellus,0.031,0.033,-1,Echolocation,/mnt/ubna_data_02_mir/recover-20220922/UBNA_001/20220921_090000.WAV,Telephone Field,recover-20220922,001,1795
74.9585,74.9966,68437,81149,Rhinolophus ferrumequinum,0.023,0.023,-1,Echolocation,/mnt/ubna_data_02_mir/recover-20220922/UBNA_001/20220921_090000.WAV,Telephone Field,recover-20220922,001,1795
74.9635,74.9707,27187,37204,Eptesicus serotinus,0.006,0.021,-1,Echolocation,/mnt/ubna_data_02_mir/recover-20220922/UBNA_001/20220921_090000.WAV,Telephone Field,recover-20220922,001,1795
74.9725,75.0106,68437,82355,Rhinolophus ferrumequinum,0.021,0.021,-1,Echolocation,/mnt/ubna_data_02_mir/recover-20220922/UBNA_001/20220921_090000.WAV,Telephone Field,recover-20220922,001,1795
75.00450000000001,75.0121,28046,39679,Eptesicus serotinus,0.009,0.024,-1,Echolocation,/mnt/ubna_data_02_mir/recover-20220922/UBNA_001/20220921_090000.WAV,Telephone Field,recover-20220922,001,1795
75.0285,75.0388,28046,35932,Eptesicus serotinus,0.01,0.025,-1,Echolocation,/mnt/ubna_data_02_mir/recover-20220922/UBNA_001/20220921_090000.WAV,Telephone Field,recover-20220922,001,1795
75.0405,75.061,19453,22409,Nyctalus leisleri,0.016,0.03,-1,Echolocation,/mnt/ubna_data_02_mir/recover-20220922/UBNA_001/20220921_090000.WAV,Telephone Field,recover-20220922,001,1795
75.0515,75.0888,68437,81659,Rhinolophus ferrumequinum,0.023,0.024,-1,Echolocation,/mnt/ubna_data_02_mir/recover-20220922/UBNA_001/20220921_090000.WAV,Telephone Field,recover-20220922,001,1795
75.0595,75.09440000000001,68437,80738,Rhinolophus ferrumequinum,0.023,0.023,-1,Echolocation,/mnt/ubna_data_02_mir/recover-20220922/UBNA_001/20220921_090000.WAV,Telephone Field,recover-20220922,001,1795
75.0915,75.0987,28906,38070,Eptesicus serotinus,0.008,0.025,-1,Echolocation,/mnt/ubna_data_02_mir/recover-20220922/UBNA_001/20220921_090000.WAV,Telephone Field,recover-20220922,001,1795
75.1125,75.122,43515,48530,Pipistrellus pipistrellus,0.027,0.038,-1,Echolocation,/mnt/ubna_data_02_mir/recover-20220922/UBNA_001/20220921_090000.WAV,Telephone Field,recover-20220922,001,1795
75.1245,75.13380000000001,28046,36652,Eptesicus serotinus,0.008,0.022,-1,Echolocation,/mnt/ubna_data_02_mir/recover-20220922/UBNA_001/20220921_090000.WAV,Telephone Field,recover-20220922,001,1795
75.1505,75.1595,25468,32988,Eptesicus serotinus,0.008,0.028,-1,Echolocation,/mnt/ubna_data_02_mir/recover-20220922/UBNA_001/20220921_090000.WAV,Telephone Field,recover-20220922,001,1795
75.1895,75.2289,68437,81786,Rhinolophus ferrumequinum,0.023,0.023,-1,Echolocation,/mnt/ubna_data_02_mir/recover-20220922/UBNA_001/20220921_090000.WAV,Telephone Field,recover-20220922,001,1795
75.1925,75.2002,28046,39106,Eptesicus serotinus,0.006,0.022,-1,Echolocation,/mnt/ubna_data_02_mir/recover-20220922/UBNA_001/20220921_090000.WAV,Telephone Field,recover-20220922,001,1795
75.2005,75.24119999999999,68437,82552,Rhinolophus ferrumequinum,0.023,0.023,-1,Echolocation,/mnt/ubna_data_02_mir/recover-20220922/UBNA_001/20220921_090000.WAV,Telephone Field,recover-20220922,001,1795
75.2415,75.2481,28906,40236,Myotis daubentonii,0.007,0.026,-1,Echolocation,/mnt/ubna_data_02_mir/recover-20220922/UBNA_001/20220921_090000.WAV,Telephone Field,recover-20220922,001,1795
75.2565,75.2934,68437,81678,Rhinolophus ferrumequinum,0.023,0.023,-1,Echolocation,/mnt/ubna_data_02_mir/recover-20220922/UBNA_001/20220921_090000.WAV,Telephone Field,recover-20220922,001,1795
75.26650000000001,75.3062,68437,82866,Rhinolophus ferrumequinum,0.028,0.028,-1,Echolocation,/mnt/ubna_data_02_mir/recover-20220922/UBNA_001/20220921_090000.WAV,Telephone Field,recover-20220922,001,1795
75.3005,75.3422,68437,83202,Rhinolophus ferrumequinum,0.028,0.028,-1,Echolocation,/mnt/ubna_data_02_mir/recover-20220922/UBNA_001/20220921_090000.WAV,Telephone Field,recover-20220922,001,1795
75.3425,75.35210000000001,29765,37643,Eptesicus serotinus,0.008,0.022,-1,Echolocation,/mnt/ubna_data_02_mir/recover-20220922/UBNA_001/20220921_090000.WAV,Telephone Field,recover-20220922,001,1795
75.36449999999999,75.3733,26328,36417,Eptesicus serotinus,0.007,0.021,-1,Echolocation,/mnt/ubna_data_02_mir/recover-20220922/UBNA_001/20220921_090000.WAV,Telephone Field,recover-20220922,001,1795
75.3825,75.3941,28906,36679,Eptesicus serotinus,0.012,0.024,-1,Echolocation,/mnt/ubna_data_02_mir/recover-20220922/UBNA_001/20220921_090000.WAV,Telephone Field,recover-20220922,001,1795
75.3965,75.4048,28046,39552,Eptesicus serotinus,0.009,0.026,-1,Echolocation,/mnt/ubna_data_02_mir/recover-20220922/UBNA_001/20220921_090000.WAV,Telephone Field,recover-20220922,001,1795
75.4185,75.4387,20312,23451,Nyctalus leisleri,0.015,0.028,-1,Echolocation,/mnt/ubna_data_02_mir/recover-20220922/UBNA_001/20220921_090000.WAV,Telephone Field,recover-20220922,001,1795
75.4785,75.5202,68437,83104,Rhinolophus ferrumequinum,0.026,0.026,-1,Echolocation,/mnt/ubna_data_02_mir/recover-20220922/UBNA_001/20220921_090000.WAV,Telephone Field,recover-20220922,001,1795
75.4935,75.5022,46093,50333,Pipistrellus pipistrellus,0.022,0.023,-1,Echolocation,/mnt/ubna_data_02_mir/recover-20220922/UBNA_001/20220921_090000.WAV,Telephone Field,recover-20220922,001,1795
75.4995,75.5364,68437,81469,Rhinolophus ferrumequinum,0.021,0.021,-1,Echolocation,/mnt/ubna_data_02_mir/recover-20220922/UBNA_001/20220921_090000.WAV,Telephone Field,recover-20220922,001,1795
75.5515,75.5915,68437,82879,Rhinolophus ferrumequinum,0.027,0.027,-1,Echolocation,/mnt/ubna_data_02_mir/recover-20220922/UBNA_001/20220921_090000.WAV,Telephone Field,recover-20220922,001,1795
75.5635,75.5767,22890,27053,Nyctalus leisleri,0.013,0.024,-1,Echolocation,/mnt/ubna_data_02_mir/recover-20220922/UBNA_001/20220921_090000.WAV,Telephone Field,recover-20220922,001,1795
75.6035,75.6438,68437,82221,Rhinolophus ferrumequinum,0.023,0.023,-1,Echolocation,/mnt/ubna_data_02_mir/recover-20220922/UBNA_001/20220921_090000.WAV,Telephone Field,recover-20220922,001,1795
75.6065,75.6167,34062,40689,Myotis daubentonii,0.005,0.022,-1,Echolocation,/mnt/ubna_data_02_mir/recover-20220922/UBNA_001/20220921_090000.WAV,Telephone Field,recover-20220922,001,1795
75.6485,75.6589,25468,31449,Eptesicus serotinus,0.025,0.062,-1,Echolocation,/mnt/ubna_data_02_mir/recover-20220922/UBNA_001/20220921_090000.WAV,Telephone Field,recover-20220922,001,1795
75.6765,75.71340000000001,68437,82196,Rhinolophus ferrumequinum,0.022,0.022,-1,Echolocation,/mnt/ubna_data_02_mir/recover-20220922/UBNA_001/20220921_090000.WAV,Telephone Field,recover-20220922,001,1795
75.6775,75.6864,46093,51099,Pipistrellus pipistrellus,0.031,0.033,-1,Echolocation,/mnt/ubna_data_02_mir/recover-20220922/UBNA_001/20220921_090000.WAV,Telephone Field,recover-20220922,001,1795
75.7075,75.7147,28046,38427,Eptesicus serotinus,0.005,0.021,-1,Echolocation,/mnt/ubna_data_02_mir/recover-20220922/UBNA_001/20220921_090000.WAV,Telephone Field,recover-20220922,001,1795
75.7515,75.789,68437,81643,Rhinolophus ferrumequinum,0.023,0.023,-1,Echolocation,/mnt/ubna_data_02_mir/recover-20220922/UBNA_001/20220921_090000.WAV,Telephone Field,recover-20220922,001,1795
75.7865,75.8224,68437,81645,Rhinolophus ferrumequinum,0.021,0.022,-1,Echolocation,/mnt/ubna_data_02_mir/recover-20220922/UBNA_001/20220921_090000.WAV,Telephone Field,recover-20220922,001,1795
75.8135,75.8511,68437,81545,Rhinolophus ferrumequinum,0.021,0.021,-1,Echolocation,/mnt/ubna_data_02_mir/recover-20220922/UBNA_001/20220921_090000.WAV,Telephone Field,recover-20220922,001,1795
75.8205,75.8396,19453,22339,Nyctalus leisleri,0.013,0.024,-1,Echolocation,/mnt/ubna_data_02_mir/recover-20220922/UBNA_001/20220921_090000.WAV,Telephone Field,recover-20220922,001,1795
75.8295,75.8743,68437,82728,Rhinolophus ferrumequinum,0.039,0.039,-1,Echolocation,/mnt/ubna_data_02_mir/recover-20220922/UBNA_001/20220921_090000.WAV,Telephone Field,recover-20220922,001,1795
75.8415,75.8499,25468,37114,Eptesicus serotinus,0.005,0.023,-1,Echolocation,/mnt/ubna_data_02_mir/recover-20220922/UBNA_001/20220921_090000.WAV,Telephone Field,recover-20220922,001,1795
75.8655,75.8725,28046,39956,Eptesicus serotinus,0.006,0.023,-1,Echolocation,/mnt/ubna_data_02_mir/recover-20220922/UBNA_001/20220921_090000.WAV,Telephone Field,recover-20220922,001,1795
75.8905,75.929,68437,82364,Rhinolophus ferrumequinum,0.023,0.023,-1,Echolocation,/mnt/ubna_data_02_mir/recover-20220922/UBNA_001/20220921_090000.WAV,Telephone Field,recover-20220922,001,1795
75.89150000000001,75.90559999999999,22031,25755,Nyctalus leisleri,0.013,0.022,-1,Echolocation,/mnt/ubna_data_02_mir/recover-20220922/UBNA_001/20220921_090000.WAV,Telephone Field,recover-20220922,001,1795
75.9075,75.9143,28046,39542,Eptesicus serotinus,0.006,0.024,-1,Echolocation,/mnt/ubna_data_02_mir/recover-20220922/UBNA_001/20220921_090000.WAV,Telephone Field,recover-20220922,001,1795
75.9225,75.9637,68437,82381,Rhinolophus ferrumequinum,0.025,0.025,-1,Echolocation,/mnt/ubna_data_02_mir/recover-20220922/UBNA_001/20220921_090000.WAV,Telephone Field,recover-20220922,001,1795
75.9445,75.9844,68437,82060,Rhinolophus ferrumequinum,0.022,0.022,-1,Echolocation,/mnt/ubna_data_02_mir/recover-20220922/UBNA_001/20220921_090000.WAV,Telephone Field,recover-20220922,001,1795
75.9565,75.9705,22890,27050,Nyctalus leisleri,0.012,0.022,-1,Echolocation,/mnt/ubna_data_02_mir/recover-20220922/UBNA_001/20220921_090000.WAV,Telephone Field,recover-20220922,001,1795
76.0015,76.0089,32343,45327,Myotis daubentonii,0.008,0.02,-1,Echolocation,/mnt/ubna_data_02_mir/recover-20220922/UBNA_001/20220921_090000.WAV,Telephone Field,recover-20220922,001,1795
76.0015,76.0093,23750,33499,Nyctalus leisleri,0.006,0.025,-1,Echolocation,/mnt/ubna_data_02_mir/recover-20220922/UBNA_001/20220921_090000.WAV,Telephone Field,recover-20220922,001,1795
76.0015,76.0158,49531,55293,Pipistrellus pipistrellus,0.013,0.021,-1,Echolocation,/mnt/ubna_data_02_mir/recover-20220922/UBNA_001/20220921_090000.WAV,Telephone Field,recover-20220922,001,1795
76.0015,76.0329,69296,81842,Rhinolophus ferrumequinum,0.031,0.031,-1,Echolocation,/mnt/ubna_data_02_mir/recover-20220922/UBNA_001/20220921_090000.WAV,Telephone Field,recover-20220922,001,1795
76.0065,76.015,28046,37285,Eptesicus serotinus,0.007,0.022,-1,Echolocation,/mnt/ubna_data_02_mir/recover-20220922/UBNA_001/20220921_090000.WAV,Telephone Field,recover-20220922,001,1795
76.0315,76.0389,27187,44474,Eptesicus serotinus,0.008,0.022,-1,Echolocation,/mnt/ubna_data_02_mir/recover-20220922/UBNA_001/20220921_090000.WAV,Telephone Field,recover-20220922,001,1795
76.0395,76.076,68437,81921,Rhinolophus ferrumequinum,0.022,0.022,-1,Echolocation,/mnt/ubna_data_02_mir/recover-20220922/UBNA_001/20220921_090000.WAV,Telephone Field,recover-20220922,001,1795
76.0925,76.1043,23750,28083,Nyctalus leisleri,0.013,0.023,-1,Echolocation,/mnt/ubna_data_02_mir/recover-20220922/UBNA_001/20220921_090000.WAV,Telephone Field,recover-20220922,001,1795
76.0955,76.1346,68437,82085,Rhinolophus ferrumequinum,0.022,0.022,-1,Echolocation,/mnt/ubna_data_02_mir/recover-20220922/UBNA_001/20220921_090000.WAV,Telephone Field,recover-20220922,001,1795
76.1125,76.15559999999999,68437,83259,Rhinolophus ferrumequinum,0.042,0.042,-1,Echolocation,/mnt/ubna_data_02_mir/recover-20220922/UBNA_001/20220921_090000.WAV,Telephone Field,recover-20220922,001,1795
76.1135,76.1217,26328,34842,Eptesicus serotinus,0.007,0.021,-1,Echolocation,/mnt/ubna_data_02_mir/recover-20220922/UBNA_001/20220921_090000.WAV,Telephone Field,recover-20220922,001,1795
76.1375,76.1796,68437,82993,Rhinolophus ferrumequinum,0.021,0.021,-1,Echolocation,/mnt/ubna_data_02_mir/recover-20220922/UBNA_001/20220921_090000.WAV,Telephone Field,recover-20220922,001,1795
76.1695,76.2079,68437,82279,Rhinolophus ferrumequinum,0.027,0.027,-1,Echolocation,/mnt/ubna_data_02_mir/recover-20220922/UBNA_001/20220921_090000.WAV,Telephone Field,recover-20220922,001,1795
76.1835,76.1906,23750,32576,Plecotus austriacus,0.008,0.021,-1,Echolocation,/mnt/ubna_data_02_mir/recover-20220922/UBNA_001/20220921_090000.WAV,Telephone Field,recover-20220922,001,1795
76.2015,76.211,28906,36073,Eptesicus serotinus,0.008,0.022,-1,Echolocation,/mnt/ubna_data_02_mir/recover-20220922/UBNA_001/20220921_090000.WAV,Telephone Field,recover-20220922,001,1795
76.2175,76.2557,68437,81997,Rhinolophus ferrumequinum,0.021,0.021,-1,Echolocation,/mnt/ubna_data_02_mir/recover-20220922/UBNA_001/20220921_090000.WAV,Telephone Field,recover-20220922,001,1795
76.23949999999999,76.2486,25468,34112,Eptesicus serotinus,0.011,0.03,-1,Echolocation,/mnt/ubna_data_02_mir/recover-20220922/UBNA_001/20220921_090000.WAV,Telephone Field,recover-20220922,001,1795
76.24549999999999,76.2814,68437,81592,Rhinolophus ferrumequinum,0.021,0.021,-1,Echolocation,/mnt/ubna_data_02_mir/recover-20220922/UBNA_001/20220921_090000.WAV,Telephone Field,recover-20220922,001,1795
76.2885,76.3292,68437,82112,Rhinolophus ferrumequinum,0.021,0.021,-1,Echolocation,/mnt/ubna_data_02_mir/recover-20220922/UBNA_001/20220921_090000.WAV,Telephone Field,recover-20220922,001,1795
76.3105,76.3488,68437,82088,Rhinolophus ferrumequinum,0.023,0.023,-1,Echolocation,/mnt/ubna_data_02_mir/recover-20220922/UBNA_001/20220921_090000.WAV,Telephone Field,recover-20220922,001,1795
76.3235,76.3608,68437,80649,Rhinolophus ferrumequinum,0.022,0.022,-1,Echolocation,/mnt/ubna_data_02_mir/recover-20220922/UBNA_001/20220921_090000.WAV,Telephone Field,recover-20220922,001,1795
76.3295,76.3652,68437,81152,Rhinolophus ferrumequinum,0.021,0.021,-1,Echolocation,/mnt/ubna_data_02_mir/recover-20220922/UBNA_001/20220921_090000.WAV,Telephone Field,recover-20220922,001,1795
76.3365,76.348,22031,26507,Nyctalus leisleri,0.012,0.021,-1,Echolocation,/mnt/ubna_data_02_mir/recover-20220922/UBNA_001/20220921_090000.WAV,Telephone Field,recover-20220922,001,1795
76.3485,76.3578,24609,31750,Eptesicus serotinus,0.02,0.059,-1,Echolocation,/mnt/ubna_data_02_mir/recover-20220922/UBNA_001/20220921_090000.WAV,Telephone Field,recover-20220922,001,1795
76.3805,76.4185,68437,82000,Rhinolophus ferrumequinum,0.021,0.021,-1,Echolocation,/mnt/ubna_data_02_mir/recover-20220922/UBNA_001/20220921_090000.WAV,Telephone Field,recover-20220922,001,1795
76.3835,76.3912,28046,39085,Eptesicus serotinus,0.007,0.022,-1,Echolocation,/mnt/ubna_data_02_mir/recover-20220922/UBNA_001/20220921_090000.WAV,Telephone Field,recover-20220922,001,1795
76.4085,76.4485,68437,82484,Rhinolophus ferrumequinum,0.023,0.023,-1,Echolocation,/mnt/ubna_data_02_mir/recover-20220922/UBNA_001/20220921_090000.WAV,Telephone Field,recover-20220922,001,1795
76.4295,76.4699,68437,82660,Rhinolophus ferrumequinum,0.025,0.025,-1,Echolocation,/mnt/ubna_data_02_mir/recover-20220922/UBNA_001/20220921_090000.WAV,Telephone Field,recover-20220922,001,1795
76.4315,76.4394,28046,39453,Eptesicus serotinus,0.007,0.021,-1,Echolocation,/mnt/ubna_data_02_mir/recover-20220922/UBNA_001/20220921_090000.WAV,Telephone Field,recover-20220922,001,1795
76.4565,76.4652,26328,34302,Eptesicus serotinus,0.009,0.024,-1,Echolocation,/mnt/ubna_data_02_mir/recover-20220922/UBNA_001/20220921_090000.WAV,Telephone Field,recover-20220922,001,1795
76.49549999999999,76.53399999999999,68437,82414,Rhinolophus ferrumequinum,0.027,0.027,-1,Echolocation,/mnt/ubna_data_02_mir/recover-20220922/UBNA_001/20220921_090000.WAV,Telephone Field,recover-20220922,001,1795
76.5035,76.5429,68437,82023,Rhinolophus ferrumequinum,0.022,0.022,-1,Echolocation,/mnt/ubna_data_02_mir/recover-20220922/UBNA_001/20220921_090000.WAV,Telephone Field,recover-20220922,001,1795
76.5255,76.5668,68437,82141,Rhinolophus ferrumequinum,0.022,0.022,-1,Echolocation,/mnt/ubna_data_02_mir/recover-20220922/UBNA_001/20220921_090000.WAV,Telephone Field,recover-20220922,001,1795
76.5825,76.62180000000001,68437,81890,Rhinolophus ferrumequinum,0.025,0.025,-1,Echolocation,/mnt/ubna_data_02_mir/recover-20220922/UBNA_001/20220921_090000.WAV,Telephone Field,recover-20220922,001,1795
76.5835,76.5949,42656,46470,Pipistrellus pipistrellus,0.04,0.053,-1,Echolocation,/mnt/ubna_data_02_mir/recover-20220922/UBNA_001/20220921_090000.WAV,Telephone Field,recover-20220922,001,1795
76.6055,76.6118,43515,55748,Myotis mystacinus,0.006,0.023,-1,Echolocation,/mnt/ubna_data_02_mir/recover-20220922/UBNA_001/20220921_090000.WAV,Telephone Field,recover-20220922,001,1795
76.6065,76.6118,38359,58229,Myotis brandtii,0.007,0.022,-1,Echolocation,/mnt/ubna_data_02_mir/recover-20220922/UBNA_001/20220921_090000.WAV,Telephone Field,recover-20220922,001,1795
76.60849999999999,76.64920000000001,68437,82581,Rhinolophus ferrumequinum,0.023,0.023,-1,Echolocation,/mnt/ubna_data_02_mir/recover-20220922/UBNA_001/20220921_090000.WAV,Telephone Field,recover-20220922,001,1795
76.6275,76.6346,28046,40129,Eptesicus serotinus,0.007,0.022,-1,Echolocation,/mnt/ubna_data_02_mir/recover-20220922/UBNA_001/20220921_090000.WAV,Telephone Field,recover-20220922,001,1795
76.6315,76.6685,68437,81682,Rhinolophus ferrumequinum,0.021,0.022,-1,Echolocation,/mnt/ubna_data_02_mir/recover-20220922/UBNA_001/20220921_090000.WAV,Telephone Field,recover-20220922,001,1795
76.6495,76.6566,28046,40022,Eptesicus serotinus,0.006,0.022,-1,Echolocation,/mnt/ubna_data_02_mir/recover-20220922/UBNA_001/20220921_090000.WAV,Telephone Field,recover-20220922,001,1795
76.6515,76.6627,22031,27088,Nyctalus leisleri,0.011,0.023,-1,Echolocation,/mnt/ubna_data_02_mir/recover-20220922/UBNA_001/20220921_090000.WAV,Telephone Field,recover-20220922,001,1795
76.6805,76.7185,68437,81930,Rhinolophus ferrumequinum,0.021,0.021,-1,Echolocation,/mnt/ubna_data_02_mir/recover-20220922/UBNA_001/20220921_090000.WAV,Telephone Field,recover-20220922,001,1795
76.6905,76.6977,28906,38978,Eptesicus serotinus,0.007,0.023,-1,Echolocation,/mnt/ubna_data_02_mir/recover-20220922/UBNA_001/20220921_090000.WAV,Telephone Field,recover-20220922,001,1795
76.7015,76.7403,68437,82636,Rhinolophus ferrumequinum,0.022,0.022,-1,Echolocation,/mnt/ubna_data_02_mir/recover-20220922/UBNA_001/20220921_090000.WAV,Telephone Field,recover-20220922,001,1795
76.7615,76.7715,22031,27878,Nyctalus leisleri,0.009,0.024,-1,Echolocation,/mnt/ubna_data_02_mir/recover-20220922/UBNA_001/20220921_090000.WAV,Telephone Field,recover-20220922,001,1795
76.7625,76.771,28906,38562,Eptesicus serotinus,0.007,0.022,-1,Echolocation,/mnt/ubna_data_02_mir/recover-20220922/UBNA_001/20220921_090000.WAV,Telephone Field,recover-20220922,001,1795
76.7875,76.826,68437,82141,Rhinolophus ferrumequinum,0.021,0.021,-1,Echolocation,/mnt/ubna_data_02_mir/recover-20220922/UBNA_001/20220921_090000.WAV,Telephone Field,recover-20220922,001,1795
76.8095,76.81739999999999,48671,52901,Pipistrellus pipistrellus,0.046,0.049,-1,Echolocation,/mnt/ubna_data_02_mir/recover-20220922/UBNA_001/20220921_090000.WAV,Telephone Field,recover-20220922,001,1795
76.8245,76.8652,68437,81861,Rhinolophus ferrumequinum,0.02,0.02,-1,Echolocation,/mnt/ubna_data_02_mir/recover-20220922/UBNA_001/20220921_090000.WAV,Telephone Field,recover-20220922,001,1795
76.8485,76.88550000000001,68437,81952,Rhinolophus ferrumequinum,0.02,0.02,-1,Echolocation,/mnt/ubna_data_02_mir/recover-20220922/UBNA_001/20220921_090000.WAV,Telephone Field,recover-20220922,001,1795
76.8755,76.914,68437,82168,Rhinolophus ferrumequinum,0.021,0.021,-1,Echolocation,/mnt/ubna_data_02_mir/recover-20220922/UBNA_001/20220921_090000.WAV,Telephone Field,recover-20220922,001,1795
76.8935,76.93209999999999,68437,81720,Rhinolophus ferrumequinum,0.024,0.024,-1,Echolocation,/mnt/ubna_data_02_mir/recover-20220922/UBNA_001/20220921_090000.WAV,Telephone Field,recover-20220922,001,1795
76.8995,76.9362,68437,80734,Rhinolophus ferrumequinum,0.021,0.022,-1,Echolocation,/mnt/ubna_data_02_mir/recover-20220922/UBNA_001/20220921_090000.WAV,Telephone Field,recover-20220922,001,1795
76.9145,76.9243,22890,28928,Nyctalus leisleri,0.008,0.021,-1,Echolocation,/mnt/ubna_data_02_mir/recover-20220922/UBNA_001/20220921_090000.WAV,Telephone Field,recover-20220922,001,1795
76.9255,76.96549999999999,68437,82081,Rhinolophus ferrumequinum,0.022,0.022,-1,Echolocation,/mnt/ubna_data_02_mir/recover-20220922/UBNA_001/20220921_090000.WAV,Telephone Field,recover-20220922,001,1795
76.9495,76.9599,28046,35955,Eptesicus serotinus,0.012,0.026,-1,Echolocation,/mnt/ubna_data_02_mir/recover-20220922/UBNA_001/20220921_090000.WAV,Telephone Field,recover-20220922,001,1795
76.9555,76.99289999999999,68437,81945,Rhinolophus ferrumequinum,0.02,0.021,-1,Echolocation,/mnt/ubna_data_02_mir/recover-20220922/UBNA_001/20220921_090000.WAV,Telephone Field,recover-20220922,001,1795
76.9675,76.9785,24609,31500,Eptesicus serotinus,0.008,0.021,-1,Echolocation,/mnt/ubna_data_02_mir/recover-20220922/UBNA_001/20220921_090000.WAV,Telephone Field,recover-20220922,001,1795
76.9995,77.0376,68437,82000,Rhinolophus ferrumequinum,0.022,0.022,-1,Echolocation,/mnt/ubna_data_02_mir/recover-20220922/UBNA_001/20220921_090000.WAV,Telephone Field,recover-20220922,001,1795
77.0025,77.0236,20312,23141,Nyctalus leisleri,0.024,0.043,-1,Echolocation,/mnt/ubna_data_02_mir/recover-20220922/UBNA_001/20220921_090000.WAV,Telephone Field,recover-20220922,001,1795
77.0325,77.0729,68437,81913,Rhinolophus ferrumequinum,0.022,0.022,-1,Echolocation,/mnt/ubna_data_02_mir/recover-20220922/UBNA_001/20220921_090000.WAV,Telephone Field,recover-20220922,001,1795
77.0475,77.0861,68437,82310,Rhinolophus ferrumequinum,0.022,0.022,-1,Echolocation,/mnt/ubna_data_02_mir/recover-20220922/UBNA_001/20220921_090000.WAV,Telephone Field,recover-20220922,001,1795
77.0565,77.06569999999999,22031,28289,Plecotus austriacus,0.008,0.021,-1,Echolocation,/mnt/ubna_data_02_mir/recover-20220922/UBNA_001/20220921_090000.WAV,Telephone Field,recover-20220922,001,1795
77.0575,77.0955,68437,81866,Rhinolophus ferrumequinum,0.024,0.024,-1,Echolocation,/mnt/ubna_data_02_mir/recover-20220922/UBNA_001/20220921_090000.WAV,Telephone Field,recover-20220922,001,1795
77.0775,77.1198,68437,83161,Rhinolophus ferrumequinum,0.038,0.038,-1,Echolocation,/mnt/ubna_data_02_mir/recover-20220922/UBNA_001/20220921_090000.WAV,Telephone Field,recover-20220922,001,1795
77.1065,77.1172,29765,37062,Eptesicus serotinus,0.026,0.045,-1,Echolocation,/mnt/ubna_data_02_mir/recover-20220922/UBNA_001/20220921_090000.WAV,Telephone Field,recover-20220922,001,1795
77.1195,77.163,68437,83043,Rhinolophus ferrumequinum,0.045,0.045,-1,Echolocation,/mnt/ubna_data_02_mir/recover-20220922/UBNA_001/20220921_090000.WAV,Telephone Field,recover-20220922,001,1795
77.1945,77.2327,68437,82202,Rhinolophus ferrumequinum,0.022,0.022,-1,Echolocation,/mnt/ubna_data_02_mir/recover-20220922/UBNA_001/20220921_090000.WAV,Telephone Field,recover-20220922,001,1795
77.2245,77.2334,27187,39070,Eptesicus serotinus,0.01,0.025,-1,Echolocation,/mnt/ubna_data_02_mir/recover-20220922/UBNA_001/20220921_090000.WAV,Telephone Field,recover-20220922,001,1795
77.2535,77.29220000000001,68437,81979,Rhinolophus ferrumequinum,0.022,0.022,-1,Echolocation,/mnt/ubna_data_02_mir/recover-20220922/UBNA_001/20220921_090000.WAV,Telephone Field,recover-20220922,001,1795
77.2755,77.2836,27187,38123,Eptesicus serotinus,0.007,0.021,-1,Echolocation,/mnt/ubna_data_02_mir/recover-20220922/UBNA_001/20220921_090000.WAV,Telephone Field,recover-20220922,001,1795
77.2945,77.3332,68437,81321,Rhinolophus ferrumequinum,0.021,0.021,-1,Echolocation,/mnt/ubna_data_02_mir/recover-20220922/UBNA_001/20220921_090000.WAV,Telephone Field,recover-20220922,001,1795
77.3045,77.3439,68437,82160,Rhinolophus ferrumequinum,0.04,0.04,-1,Echolocation,/mnt/ubna_data_02_mir/recover-20220922/UBNA_001/20220921_090000.WAV,Telephone Field,recover-20220922,001,1795
77.3315,77.3703,68437,82409,Rhinolophus ferrumequinum,0.026,0.026,-1,Echolocation,/mnt/ubna_data_02_mir/recover-20220922/UBNA_001/20220921_090000.WAV,Telephone Field,recover-20220922,001,1795
77.3315,77.3383,28046,44835,Eptesicus serotinus,0.006,0.023,-1,Echolocation,/mnt/ubna_data_02_mir/recover-20220922/UBNA_001/20220921_090000.WAV,Telephone Field,recover-20220922,001,1795
77.3575,77.3671,24609,32320,Eptesicus serotinus,0.013,0.035,-1,Echolocation,/mnt/ubna_data_02_mir/recover-20220922/UBNA_001/20220921_090000.WAV,Telephone Field,recover-20220922,001,1795
77.3575,77.3963,68437,81895,Rhinolophus ferrumequinum,0.021,0.021,-1,Echolocation,/mnt/ubna_data_02_mir/recover-20220922/UBNA_001/20220921_090000.WAV,Telephone Field,recover-20220922,001,1795
77.3635,77.3774,37500,41582,Pipistrellus nathusii,0.021,0.031,-1,Echolocation,/mnt/ubna_data_02_mir/recover-20220922/UBNA_001/20220921_090000.WAV,Telephone Field,recover-20220922,001,1795
77.40950000000001,77.4208,24609,31161,Nyctalus leisleri,0.016,0.046,-1,Echolocation,/mnt/ubna_data_02_mir/recover-20220922/UBNA_001/20220921_090000.WAV,Telephone Field,recover-20220922,001,1795
77.41550000000001,77.4516,68437,81909,Rhinolophus ferrumequinum,0.021,0.021,-1,Echolocation,/mnt/ubna_data_02_mir/recover-20220922/UBNA_001/20220921_090000.WAV,Telephone Field,recover-20220922,001,1795
77.42150000000001,77.4579,68437,81631,Rhinolophus ferrumequinum,0.022,0.023,-1,Echolocation,/mnt/ubna_data_02_mir/recover-20220922/UBNA_001/20220921_090000.WAV,Telephone Field,recover-20220922,001,1795
77.4245,77.4333,28046,39998,Eptesicus serotinus,0.008,0.022,-1,Echolocation,/mnt/ubna_data_02_mir/recover-20220922/UBNA_001/20220921_090000.WAV,Telephone Field,recover-20220922,001,1795
77.4305,77.467,68437,81502,Rhinolophus ferrumequinum,0.02,0.02,-1,Echolocation,/mnt/ubna_data_02_mir/recover-20220922/UBNA_001/20220921_090000.WAV,Telephone Field,recover-20220922,001,1795
77.4575,77.49680000000001,68437,82085,Rhinolophus ferrumequinum,0.023,0.023,-1,Echolocation,/mnt/ubna_data_02_mir/recover-20220922/UBNA_001/20220921_090000.WAV,Telephone Field,recover-20220922,001,1795
77.4875,77.5272,68437,82278,Rhinolophus ferrumequinum,0.028,0.028,-1,Echolocation,/mnt/ubna_data_02_mir/recover-20220922/UBNA_001/20220921_090000.WAV,Telephone Field,recover-20220922,001,1795
77.4995,77.5391,68437,82549,Rhinolophus ferrumequinum,0.023,0.023,-1,Echolocation,/mnt/ubna_data_02_mir/recover-20220922/UBNA_001/20220921_090000.WAV,Telephone Field,recover-20220922,001,1795
77.5185,77.5552,68437,81849,Rhinolophus ferrumequinum,0.021,0.021,-1,Echolocation,/mnt/ubna_data_02_mir/recover-20220922/UBNA_001/20220921_090000.WAV,Telephone Field,recover-20220922,001,1795
77.5305,77.5414,28046,34543,Eptesicus serotinus,0.011,0.025,-1,Echolocation,/mnt/ubna_data_02_mir/recover-20220922/UBNA_001/20220921_090000.WAV,Telephone Field,recover-20220922,001,1795
77.5315,77.5686,68437,81360,Rhinolophus ferrumequinum,0.021,0.021,-1,Echolocation,/mnt/ubna_data_02_mir/recover-20220922/UBNA_001/20220921_090000.WAV,Telephone Field,recover-20220922,001,1795
77.5635,77.6034,68437,82104,Rhinolophus ferrumequinum,0.027,0.027,-1,Echolocation,/mnt/ubna_data_02_mir/recover-20220922/UBNA_001/20220921_090000.WAV,Telephone Field,recover-20220922,001,1795
77.5925,77.6329,68437,83292,Rhinolophus ferrumequinum,0.03,0.03,-1,Echolocation,/mnt/ubna_data_02_mir/recover-20220922/UBNA_001/20220921_090000.WAV,Telephone Field,recover-20220922,001,1795
77.59649999999999,77.6048,28046,40245,Eptesicus serotinus,0.01,0.027,-1,Echolocation,/mnt/ubna_data_02_mir/recover-20220922/UBNA_001/20220921_090000.WAV,Telephone Field,recover-20220922,001,1795
77.60849999999999,77.6455,68437,82033,Rhinolophus ferrumequinum,0.022,0.022,-1,Echolocation,/mnt/ubna_data_02_mir/recover-20220922/UBNA_001/20220921_090000.WAV,Telephone Field,recover-20220922,001,1795
77.62049999999999,77.65780000000001,68437,82274,Rhinolophus ferrumequinum,0.023,0.023,-1,Echolocation,/mnt/ubna_data_02_mir/recover-20220922/UBNA_001/20220921_090000.WAV,Telephone Field,recover-20220922,001,1795
77.6275,77.6371,25468,33587,Eptesicus serotinus,0.015,0.036,-1,Echolocation,/mnt/ubna_data_02_mir/recover-20220922/UBNA_001/20220921_090000.WAV,Telephone Field,recover-20220922,001,1795
77.6495,77.66069999999999,22031,25952,Nyctalus leisleri,0.011,0.02,-1,Echolocation,/mnt/ubna_data_02_mir/recover-20220922/UBNA_001/20220921_090000.WAV,Telephone Field,recover-20220922,001,1795
77.6555,77.6959,68437,82658,Rhinolophus ferrumequinum,0.022,0.022,-1,Echolocation,/mnt/ubna_data_02_mir/recover-20220922/UBNA_001/20220921_090000.WAV,Telephone Field,recover-20220922,001,1795
77.6775,77.7146,68437,81621,Rhinolophus ferrumequinum,0.021,0.021,-1,Echolocation,/mnt/ubna_data_02_mir/recover-20220922/UBNA_001/20220921_090000.WAV,Telephone Field,recover-20220922,001,1795
77.7085,77.7516,68437,83002,Rhinolophus ferrumequinum,0.062,0.062,-1,Echolocation,/mnt/ubna_data_02_mir/recover-20220922/UBNA_001/20220921_090000.WAV,Telephone Field,recover-20220922,001,1795
77.7185,77.7262,28046,37198,Eptesicus serotinus,0.009,0.024,-1,Echolocation,/mnt/ubna_data_02_mir/recover-20220922/UBNA_001/20220921_090000.WAV,Telephone Field,recover-20220922,001,1795
77.7255,77.7645,68437,82650,Rhinolophus ferrumequinum,0.022,0.022,-1,Echolocation,/mnt/ubna_data_02_mir/recover-20220922/UBNA_001/20220921_090000.WAV,Telephone Field,recover-20220922,001,1795
77.7375,77.7479,23750,29273,Nyctalus leisleri,0.009,0.022,-1,Echolocation,/mnt/ubna_data_02_mir/recover-20220922/UBNA_001/20220921_090000.WAV,Telephone Field,recover-20220922,001,1795
77.7505,77.7602,27187,36045,Eptesicus serotinus,0.009,0.021,-1,Echolocation,/mnt/ubna_data_02_mir/recover-20220922/UBNA_001/20220921_090000.WAV,Telephone Field,recover-20220922,001,1795
77.7815,77.82169999999999,68437,82271,Rhinolophus ferrumequinum,0.024,0.024,-1,Echolocation,/mnt/ubna_data_02_mir/recover-20220922/UBNA_001/20220921_090000.WAV,Telephone Field,recover-20220922,001,1795
77.7835,77.7933,28906,36343,Eptesicus serotinus,0.008,0.022,-1,Echolocation,/mnt/ubna_data_02_mir/recover-20220922/UBNA_001/20220921_090000.WAV,Telephone Field,recover-20220922,001,1795
77.8145,77.8523,68437,81928,Rhinolophus ferrumequinum,0.021,0.021,-1,Echolocation,/mnt/ubna_data_02_mir/recover-20220922/UBNA_001/20220921_090000.WAV,Telephone Field,recover-20220922,001,1795
77.8235,77.8302,24609,35002,Plecotus austriacus,0.018,0.042,-1,Echolocation,/mnt/ubna_data_02_mir/recover-20220922/UBNA_001/20220921_090000.WAV,Telephone Field,recover-20220922,001,1795
77.85849999999999,77.8963,68437,82181,Rhinolophus ferrumequinum,0.023,0.023,-1,Echolocation,/mnt/ubna_data_02_mir/recover-20220922/UBNA_001/20220921_090000.WAV,Telephone Field,recover-20220922,001,1795
77.8675,77.8781,28906,36205,Eptesicus serotinus,0.01,0.022,-1,Echolocation,/mnt/ubna_data_02_mir/recover-20220922/UBNA_001/20220921_090000.WAV,Telephone Field,recover-20220922,001,1795
77.8695,77.9125,68437,83018,Rhinolophus ferrumequinum,0.028,0.028,-1,Echolocation,/mnt/ubna_data_02_mir/recover-20220922/UBNA_001/20220921_090000.WAV,Telephone Field,recover-20220922,001,1795
77.8865,77.9205,68437,80827,Rhinolophus ferrumequinum,0.021,0.021,-1,Echolocation,/mnt/ubna_data_02_mir/recover-20220922/UBNA_001/20220921_090000.WAV,Telephone Field,recover-20220922,001,1795
77.9345,77.9725,68437,82283,Rhinolophus ferrumequinum,0.021,0.022,-1,Echolocation,/mnt/ubna_data_02_mir/recover-20220922/UBNA_001/20220921_090000.WAV,Telephone Field,recover-20220922,001,1795
77.9405,77.9504,28906,36217,Eptesicus serotinus,0.008,0.021,-1,Echolocation,/mnt/ubna_data_02_mir/recover-20220922/UBNA_001/20220921_090000.WAV,Telephone Field,recover-20220922,001,1795
77.9875,77.9987,28906,36772,Eptesicus serotinus,0.013,0.026,-1,Echolocation,/mnt/ubna_data_02_mir/recover-20220922/UBNA_001/20220921_090000.WAV,Telephone Field,recover-20220922,001,1795
78.0015,78.0377,69296,81995,Rhinolophus ferrumequinum,0.032,0.032,-1,Echolocation,/mnt/ubna_data_02_mir/recover-20220922/UBNA_001/20220921_090000.WAV,Telephone Field,recover-20220922,001,1795
78.0015,78.01089999999999,23750,31304,Nyctalus leisleri,0.009,0.026,-1,Echolocation,/mnt/ubna_data_02_mir/recover-20220922/UBNA_001/20220921_090000.WAV,Telephone Field,recover-20220922,001,1795
78.03450000000001,78.0445,47812,51224,Pipistrellus pipistrellus,0.02,0.023,-1,Echolocation,/mnt/ubna_data_02_mir/recover-20220922/UBNA_001/20220921_090000.WAV,Telephone Field,recover-20220922,001,1795
78.04050000000001,78.0804,68437,81953,Rhinolophus ferrumequinum,0.023,0.023,-1,Echolocation,/mnt/ubna_data_02_mir/recover-20220922/UBNA_001/20220921_090000.WAV,Telephone Field,recover-20220922,001,1795
78.0475,78.08879999999999,68437,82792,Rhinolophus ferrumequinum,0.024,0.024,-1,Echolocation,/mnt/ubna_data_02_mir/recover-20220922/UBNA_001/20220921_090000.WAV,Telephone Field,recover-20220922,001,1795
78.0535,78.09700000000001,68437,83364,Rhinolophus ferrumequinum,0.025,0.025,-1,Echolocation,/mnt/ubna_data_02_mir/recover-20220922/UBNA_001/20220921_090000.WAV,Telephone Field,recover-20220922,001,1795
78.0725,78.0821,25468,33362,Eptesicus serotinus,0.009,0.022,-1,Echolocation,/mnt/ubna_data_02_mir/recover-20220922/UBNA_001/20220921_090000.WAV,Telephone Field,recover-20220922,001,1795
78.1305,78.172,68437,83079,Rhinolophus ferrumequinum,0.025,0.025,-1,Echolocation,/mnt/ubna_data_02_mir/recover-20220922/UBNA_001/20220921_090000.WAV,Telephone Field,recover-20220922,001,1795
78.2245,78.2625,68437,81712,Rhinolophus ferrumequinum,0.022,0.022,-1,Echolocation,/mnt/ubna_data_02_mir/recover-20220922/UBNA_001/20220921_090000.WAV,Telephone Field,recover-20220922,001,1795
78.2525,78.2916,68437,82669,Rhinolophus ferrumequinum,0.025,0.025,-1,Echolocation,/mnt/ubna_data_02_mir/recover-20220922/UBNA_001/20220921_090000.WAV,Telephone Field,recover-20220922,001,1795
78.3205,78.3577,68437,81861,Rhinolophus ferrumequinum,0.022,0.022,-1,Echolocation,/mnt/ubna_data_02_mir/recover-20220922/UBNA_001/20220921_090000.WAV,Telephone Field,recover-20220922,001,1795
78.3315,78.3419,25468,32850,Eptesicus serotinus,0.009,0.024,-1,Echolocation,/mnt/ubna_data_02_mir/recover-20220922/UBNA_001/20220921_090000.WAV,Telephone Field,recover-20220922,001,1795
78.3925,78.4322,68437,82435,Rhinolophus ferrumequinum,0.023,0.023,-1,Echolocation,/mnt/ubna_data_02_mir/recover-20220922/UBNA_001/20220921_090000.WAV,Telephone Field,recover-20220922,001,1795
78.4375,78.4486,25468,32589,Eptesicus serotinus,0.012,0.035,-1,Echolocation,/mnt/ubna_data_02_mir/recover-20220922/UBNA_001/20220921_090000.WAV,Telephone Field,recover-20220922,001,1795
78.4415,78.48140000000001,68437,82695,Rhinolophus ferrumequinum,0.026,0.027,-1,Echolocation,/mnt/ubna_data_02_mir/recover-20220922/UBNA_001/20220921_090000.WAV,Telephone Field,recover-20220922,001,1795
78.4725,78.5113,68437,82028,Rhinolophus ferrumequinum,0.023,0.023,-1,Echolocation,/mnt/ubna_data_02_mir/recover-20220922/UBNA_001/20220921_090000.WAV,Telephone Field,recover-20220922,001,1795
78.5035,78.5135,28906,36601,Eptesicus serotinus,0.014,0.028,-1,Echolocation,/mnt/ubna_data_02_mir/recover-20220922/UBNA_001/20220921_090000.WAV,Telephone Field,recover-20220922,001,1795
78.5205,78.5564,68437,79819,Rhinolophus ferrumequinum,0.033,0.033,-1,Echolocation,/mnt/ubna_data_02_mir/recover-20220922/UBNA_001/20220921_090000.WAV,Telephone Field,recover-20220922,001,1795
78.5475,78.5563,28906,38080,Eptesicus serotinus,0.009,0.024,-1,Echolocation,/mnt/ubna_data_02_mir/recover-20220922/UBNA_001/20220921_090000.WAV,Telephone Field,recover-20220922,001,1795
78.5575,78.5929,68437,81177,Rhinolophus ferrumequinum,0.022,0.022,-1,Echolocation,/mnt/ubna_data_02_mir/recover-20220922/UBNA_001/20220921_090000.WAV,Telephone Field,recover-20220922,001,1795
78.5915,78.6012,23750,30685,Nyctalus leisleri,0.008,0.023,-1,Echolocation,/mnt/ubna_data_02_mir/recover-20220922/UBNA_001/20220921_090000.WAV,Telephone Field,recover-20220922,001,1795
78.6175,78.6542,68437,81576,Rhinolophus ferrumequinum,0.022,0.022,-1,Echolocation,/mnt/ubna_data_02_mir/recover-20220922/UBNA_001/20220921_090000.WAV,Telephone Field,recover-20220922,001,1795
78.6675,78.7036,68437,82002,Rhinolophus ferrumequinum,0.024,0.024,-1,Echolocation,/mnt/ubna_data_02_mir/recover-20220922/UBNA_001/20220921_090000.WAV,Telephone Field,recover-20220922,001,1795
78.6885,78.6973,22890,30878,Plecotus austriacus,0.014,0.031,-1,Echolocation,/mnt/ubna_data_02_mir/recover-20220922/UBNA_001/20220921_090000.WAV,Telephone Field,recover-20220922,001,1795
78.7045,78.7422,68437,81079,Rhinolophus ferrumequinum,0.028,0.028,-1,Echolocation,/mnt/ubna_data_02_mir/recover-20220922/UBNA_001/20220921_090000.WAV,Telephone Field,recover-20220922,001,1795
78.7435,78.7836,68437,82186,Rhinolophus ferrumequinum,0.024,0.024,-1,Echolocation,/mnt/ubna_data_02_mir/recover-20220922/UBNA_001/20220921_090000.WAV,Telephone Field,recover-20220922,001,1795
78.7735,78.81530000000001,68437,82945,Rhinolophus ferrumequinum,0.028,0.028,-1,Echolocation,/mnt/ubna_data_02_mir/recover-20220922/UBNA_001/20220921_090000.WAV,Telephone Field,recover-20220922,001,1795
78.8055,78.8469,68437,82260,Rhinolophus ferrumequinum,0.024,0.024,-1,Echolocation,/mnt/ubna_data_02_mir/recover-20220922/UBNA_001/20220921_090000.WAV,Telephone Field,recover-20220922,001,1795
78.8075,78.815,28906,38993,Eptesicus serotinus,0.008,0.028,-1,Echolocation,/mnt/ubna_data_02_mir/recover-20220922/UBNA_001/20220921_090000.WAV,Telephone Field,recover-20220922,001,1795
78.8085,78.8152,24609,34581,Plecotus austriacus,0.012,0.029,-1,Echolocation,/mnt/ubna_data_02_mir/recover-20220922/UBNA_001/20220921_090000.WAV,Telephone Field,recover-20220922,001,1795
78.8145,78.854,68437,81919,Rhinolophus ferrumequinum,0.032,0.032,-1,Echolocation,/mnt/ubna_data_02_mir/recover-20220922/UBNA_001/20220921_090000.WAV,Telephone Field,recover-20220922,001,1795
78.8315,78.8709,68437,82568,Rhinolophus ferrumequinum,0.023,0.023,-1,Echolocation,/mnt/ubna_data_02_mir/recover-20220922/UBNA_001/20220921_090000.WAV,Telephone Field,recover-20220922,001,1795
78.87950000000001,78.9177,68437,82130,Rhinolophus ferrumequinum,0.024,0.024,-1,Echolocation,/mnt/ubna_data_02_mir/recover-20220922/UBNA_001/20220921_090000.WAV,Telephone Field,recover-20220922,001,1795
78.9415,78.9804,68437,81719,Rhinolophus ferrumequinum,0.027,0.027,-1,Echolocation,/mnt/ubna_data_02_mir/recover-20220922/UBNA_001/20220921_090000.WAV,Telephone Field,recover-20220922,001,1795
78.9545,78.9636,28906,37749,Eptesicus serotinus,0.009,0.023,-1,Echolocation,/mnt/ubna_data_02_mir/recover-20220922/UBNA_001/20220921_090000.WAV,Telephone Field,recover-20220922,001,1795
78.9685,79.0082,68437,82153,Rhinolophus ferrumequinum,0.022,0.022,-1,Echolocation,/mnt/ubna_data_02_mir/recover-20220922/UBNA_001/20220921_090000.WAV,Telephone Field,recover-20220922,001,1795
78.98349999999999,78.993,28906,37381,Eptesicus serotinus,0.009,0.022,-1,Echolocation,/mnt/ubna_data_02_mir/recover-20220922/UBNA_001/20220921_090000.WAV,Telephone Field,recover-20220922,001,1795
79.0135,79.023,28046,36589,Eptesicus serotinus,0.011,0.023,-1,Echolocation,/mnt/ubna_data_02_mir/recover-20220922/UBNA_001/20220921_090000.WAV,Telephone Field,recover-20220922,001,1795
79.0175,79.0581,68437,82739,Rhinolophus ferrumequinum,0.024,0.024,-1,Echolocation,/mnt/ubna_data_02_mir/recover-20220922/UBNA_001/20220921_090000.WAV,Telephone Field,recover-20220922,001,1795
79.0265,79.0676,68437,82634,Rhinolophus ferrumequinum,0.024,0.024,-1,Echolocation,/mnt/ubna_data_02_mir/recover-20220922/UBNA_001/20220921_090000.WAV,Telephone Field,recover-20220922,001,1795
79.0485,79.0675,18593,21924,Nyctalus noctula,0.017,0.033,-1,Echolocation,/mnt/ubna_data_02_mir/recover-20220922/UBNA_001/20220921_090000.WAV,Telephone Field,recover-20220922,001,1795
79.0665,79.10900000000001,68437,82792,Rhinolophus ferrumequinum,0.027,0.027,-1,Echolocation,/mnt/ubna_data_02_mir/recover-20220922/UBNA_001/20220921_090000.WAV,Telephone Field,recover-20220922,001,1795
79.0755,79.0849,24609,31255,Nyctalus leisleri,0.008,0.023,-1,Echolocation,/mnt/ubna_data_02_mir/recover-20220922/UBNA_001/20220921_090000.WAV,Telephone Field,recover-20220922,001,1795
79.0985,79.1379,68437,82084,Rhinolophus ferrumequinum,0.022,0.022,-1,Echolocation,/mnt/ubna_data_02_mir/recover-20220922/UBNA_001/20220921_090000.WAV,Telephone Field,recover-20220922,001,1795
79.11449999999999,79.1515,68437,81915,Rhinolophus ferrumequinum,0.022,0.022,-1,Echolocation,/mnt/ubna_data_02_mir/recover-20220922/UBNA_001/20220921_090000.WAV,Telephone Field,recover-20220922,001,1795
79.1555,79.1762,18593,21623,Nyctalus noctula,0.015,0.028,-1,Echolocation,/mnt/ubna_data_02_mir/recover-20220922/UBNA_001/20220921_090000.WAV,Telephone Field,recover-20220922,001,1795
79.1695,79.1791,28906,37607,Eptesicus serotinus,0.009,0.026,-1,Echolocation,/mnt/ubna_data_02_mir/recover-20220922/UBNA_001/20220921_090000.WAV,Telephone Field,recover-20220922,001,1795
79.1985,79.2419,68437,82987,Rhinolophus ferrumequinum,0.031,0.031,-1,Echolocation,/mnt/ubna_data_02_mir/recover-20220922/UBNA_001/20220921_090000.WAV,Telephone Field,recover-20220922,001,1795
79.2245,79.2365,28906,36758,Eptesicus serotinus,0.02,0.034,-1,Echolocation,/mnt/ubna_data_02_mir/recover-20220922/UBNA_001/20220921_090000.WAV,Telephone Field,recover-20220922,001,1795
79.2475,79.2869,68437,81894,Rhinolophus ferrumequinum,0.025,0.025,-1,Echolocation,/mnt/ubna_data_02_mir/recover-20220922/UBNA_001/20220921_090000.WAV,Telephone Field,recover-20220922,001,1795
79.3205,79.3609,68437,82823,Rhinolophus ferrumequinum,0.026,0.026,-1,Echolocation,/mnt/ubna_data_02_mir/recover-20220922/UBNA_001/20220921_090000.WAV,Telephone Field,recover-20220922,001,1795
79.3235,79.3348,28906,35284,Eptesicus serotinus,0.009,0.023,-1,Echolocation,/mnt/ubna_data_02_mir/recover-20220922/UBNA_001/20220921_090000.WAV,Telephone Field,recover-20220922,001,1795
79.3805,79.3914,22890,28062,Nyctalus leisleri,0.012,0.025,-1,Echolocation,/mnt/ubna_data_02_mir/recover-20220922/UBNA_001/20220921_090000.WAV,Telephone Field,recover-20220922,001,1795
79.3965,79.4341,68437,81858,Rhinolophus ferrumequinum,0.023,0.023,-1,Echolocation,/mnt/ubna_data_02_mir/recover-20220922/UBNA_001/20220921_090000.WAV,Telephone Field,recover-20220922,001,1795
79.4065,79.4428,68437,81212,Rhinolophus ferrumequinum,0.022,0.022,-1,Echolocation,/mnt/ubna_data_02_mir/recover-20220922/UBNA_001/20220921_090000.WAV,Telephone Field,recover-20220922,001,1795
79.4625,79.5018,68437,82001,Rhinolophus ferrumequinum,0.022,0.022,-1,Echolocation,/mnt/ubna_data_02_mir/recover-20220922/UBNA_001/20220921_090000.WAV,Telephone Field,recover-20220922,001,1795
79.4705,79.5094,68437,81621,Rhinolophus ferrumequinum,0.022,0.022,-1,Echolocation,/mnt/ubna_data_02_mir/recover-20220922/UBNA_001/20220921_090000.WAV,Telephone Field,recover-20220922,001,1795
79.4925,79.50880000000001,20312,24287,Nyctalus leisleri,0.012,0.024,-1,Echolocation,/mnt/ubna_data_02_mir/recover-20220922/UBNA_001/20220921_090000.WAV,Telephone Field,recover-20220922,001,1795
79.5135,79.5237,22890,28490,Nyctalus leisleri,0.01,0.024,-1,Echolocation,/mnt/ubna_data_02_mir/recover-20220922/UBNA_001/20220921_090000.WAV,Telephone Field,recover-20220922,001,1795
79.5175,79.5265,42656,47369,Pipistrellus pipistrellus,0.053,0.074,-1,Echolocation,/mnt/ubna_data_02_mir/recover-20220922/UBNA_001/20220921_090000.WAV,Telephone Field,recover-20220922,001,1795
79.5205,79.56190000000001,68437,82720,Rhinolophus ferrumequinum,0.033,0.033,-1,Echolocation,/mnt/ubna_data_02_mir/recover-20220922/UBNA_001/20220921_090000.WAV,Telephone Field,recover-20220922,001,1795
79.52850000000001,79.5719,68437,82872,Rhinolophus ferrumequinum,0.03,0.03,-1,Echolocation,/mnt/ubna_data_02_mir/recover-20220922/UBNA_001/20220921_090000.WAV,Telephone Field,recover-20220922,001,1795
79.5565,79.5958,68437,81452,Rhinolophus ferrumequinum,0.022,0.022,-1,Echolocation,/mnt/ubna_data_02_mir/recover-20220922/UBNA_001/20220921_090000.WAV,Telephone Field,recover-20220922,001,1795
79.5625,79.5718,28906,41275,Eptesicus serotinus,0.012,0.029,-1,Echolocation,/mnt/ubna_data_02_mir/recover-20220922/UBNA_001/20220921_090000.WAV,Telephone Field,recover-20220922,001,1795
79.6135,79.6243,22031,28015,Nyctalus leisleri,0.013,0.03,-1,Echolocation,/mnt/ubna_data_02_mir/recover-20220922/UBNA_001/20220921_090000.WAV,Telephone Field,recover-20220922,001,1795
79.6155,79.6551,68437,82815,Rhinolophus ferrumequinum,0.023,0.023,-1,Echolocation,/mnt/ubna_data_02_mir/recover-20220922/UBNA_001/20220921_090000.WAV,Telephone Field,recover-20220922,001,1795
79.64150000000001,79.6794,68437,81591,Rhinolophus ferrumequinum,0.022,0.022,-1,Echolocation,/mnt/ubna_data_02_mir/recover-20220922/UBNA_001/20220921_090000.WAV,Telephone Field,recover-20220922,001,1795
79.6465,79.6577,28906,36607,Eptesicus serotinus,0.015,0.032,-1,Echolocation,/mnt/ubna_data_02_mir/recover-20220922/UBNA_001/20220921_090000.WAV,Telephone Field,recover-20220922,001,1795
79.6795,79.6895,22890,29253,Nyctalus leisleri,0.009,0.025,-1,Echolocation,/mnt/ubna_data_02_mir/recover-20220922/UBNA_001/20220921_090000.WAV,Telephone Field,recover-20220922,001,1795
79.6855,79.6949,24609,32444,Eptesicus serotinus,0.01,0.026,-1,Echolocation,/mnt/ubna_data_02_mir/recover-20220922/UBNA_001/20220921_090000.WAV,Telephone Field,recover-20220922,001,1795
79.7195,79.7337,37500,41854,Pipistrellus nathusii,0.009,0.025,-1,Echolocation,/mnt/ubna_data_02_mir/recover-20220922/UBNA_001/20220921_090000.WAV,Telephone Field,recover-20220922,001,1795
79.7485,79.7577,27187,36294,Eptesicus serotinus,0.012,0.032,-1,Echolocation,/mnt/ubna_data_02_mir/recover-20220922/UBNA_001/20220921_090000.WAV,Telephone Field,recover-20220922,001,1795
79.7485,79.78960000000001,68437,82951,Rhinolophus ferrumequinum,0.033,0.033,-1,Echolocation,/mnt/ubna_data_02_mir/recover-20220922/UBNA_001/20220921_090000.WAV,Telephone Field,recover-20220922,001,1795
79.7505,79.75919999999999,45234,51532,Pipistrellus pipistrellus,0.021,0.023,-1,Echolocation,/mnt/ubna_data_02_mir/recover-20220922/UBNA_001/20220921_090000.WAV,Telephone Field,recover-20220922,001,1795
79.76050000000001,79.7695,45234,53736,Pipistrellus pipistrellus,0.02,0.023,-1,Echolocation,/mnt/ubna_data_02_mir/recover-20220922/UBNA_001/20220921_090000.WAV,Telephone Field,recover-20220922,001,1795
79.7955,79.8068,22890,27052,Nyctalus leisleri,0.015,0.025,-1,Echolocation,/mnt/ubna_data_02_mir/recover-20220922/UBNA_001/20220921_090000.WAV,Telephone Field,recover-20220922,001,1795
79.7955,79.8358,68437,82236,Rhinolophus ferrumequinum,0.022,0.022,-1,Echolocation,/mnt/ubna_data_02_mir/recover-20220922/UBNA_001/20220921_090000.WAV,Telephone Field,recover-20220922,001,1795
79.8275,79.8695,68437,82998,Rhinolophus ferrumequinum,0.023,0.023,-1,Echolocation,/mnt/ubna_data_02_mir/recover-20220922/UBNA_001/20220921_090000.WAV,Telephone Field,recover-20220922,001,1795
79.8505,79.8902,68437,82265,Rhinolophus ferrumequinum,0.024,0.024,-1,Echolocation,/mnt/ubna_data_02_mir/recover-20220922/UBNA_001/20220921_090000.WAV,Telephone Field,recover-20220922,001,1795
79.8535,79.86410000000001,27187,35503,Eptesicus serotinus,0.012,0.024,-1,Echolocation,/mnt/ubna_data_02_mir/recover-20220922/UBNA_001/20220921_090000.WAV,Telephone Field,recover-20220922,001,1795
79.8755,79.9104,68437,81263,Rhinolophus ferrumequinum,0.023,0.023,-1,Echolocation,/mnt/ubna_data_02_mir/recover-20220922/UBNA_001/20220921_090000.WAV,Telephone Field,recover-20220922,001,1795
79.88550000000001,79.9259,68437,82383,Rhinolophus ferrumequinum,0.022,0.022,-1,Echolocation,/mnt/ubna_data_02_mir/recover-20220922/UBNA_001/20220921_090000.WAV,Telephone Field,recover-20220922,001,1795
79.8925,79.9002,23750,31644,Plecotus austriacus,0.008,0.022,-1,Echolocation,/mnt/ubna_data_02_mir/recover-20220922/UBNA_001/20220921_090000.WAV,Telephone Field,recover-20220922,001,1795
79.9135,79.9509,68437,81595,Rhinolophus ferrumequinum,0.027,0.027,-1,Echolocation,/mnt/ubna_data_02_mir/recover-20220922/UBNA_001/20220921_090000.WAV,Telephone Field,recover-20220922,001,1795
79.9175,79.93260000000001,23750,29015,Nyctalus leisleri,0.017,0.034,-1,Echolocation,/mnt/ubna_data_02_mir/recover-20220922/UBNA_001/20220921_090000.WAV,Telephone Field,recover-20220922,001,1795
79.9255,79.9337,47812,51793,Pipistrellus pipistrellus,0.022,0.023,-1,Echolocation,/mnt/ubna_data_02_mir/recover-20220922/UBNA_001/20220921_090000.WAV,Telephone Field,recover-20220922,001,1795
79.9575,79.9971,68437,82631,Rhinolophus ferrumequinum,0.022,0.022,-1,Echolocation,/mnt/ubna_data_02_mir/recover-20220922/UBNA_001/20220921_090000.WAV,Telephone Field,recover-20220922,001,1795
79.9885,79.9999,22890,28622,Nyctalus leisleri,0.012,0.027,-1,Echolocation,/mnt/ubna_data_02_mir/recover-20220922/UBNA_001/20220921_090000.WAV,Telephone Field,recover-20220922,001,1795
80.0015,80.0099,26328,34613,Nyctalus leisleri,0.009,0.028,-1,Echolocation,/mnt/ubna_data_02_mir/recover-20220922/UBNA_001/20220921_090000.WAV,Telephone Field,recover-20220922,001,1795
80.0015,80.0338,69296,81874,Rhinolophus ferrumequinum,0.032,0.033,-1,Echolocation,/mnt/ubna_data_02_mir/recover-20220922/UBNA_001/20220921_090000.WAV,Telephone Field,recover-20220922,001,1795
80.0325,80.0431,22890,28893,Nyctalus leisleri,0.01,0.024,-1,Echolocation,/mnt/ubna_data_02_mir/recover-20220922/UBNA_001/20220921_090000.WAV,Telephone Field,recover-20220922,001,1795
80.0395,80.07939999999999,68437,82173,Rhinolophus ferrumequinum,0.023,0.023,-1,Echolocation,/mnt/ubna_data_02_mir/recover-20220922/UBNA_001/20220921_090000.WAV,Telephone Field,recover-20220922,001,1795
80.0695,80.1114,68437,83202,Rhinolophus ferrumequinum,0.033,0.033,-1,Echolocation,/mnt/ubna_data_02_mir/recover-20220922/UBNA_001/20220921_090000.WAV,Telephone Field,recover-20220922,001,1795
80.0815,80.0891,44375,48045,Pipistrellus pipistrellus,0.03,0.032,-1,Echolocation,/mnt/ubna_data_02_mir/recover-20220922/UBNA_001/20220921_090000.WAV,Telephone Field,recover-20220922,001,1795
80.1255,80.1334,26328,35563,Eptesicus serotinus,0.013,0.037,-1,Echolocation,/mnt/ubna_data_02_mir/recover-20220922/UBNA_001/20220921_090000.WAV,Telephone Field,recover-20220922,001,1795
80.1305,80.1698,68437,82365,Rhinolophus ferrumequinum,0.024,0.024,-1,Echolocation,/mnt/ubna_data_02_mir/recover-20220922/UBNA_001/20220921_090000.WAV,Telephone Field,recover-20220922,001,1795
80.1565,80.17150000000001,22031,26217,Nyctalus leisleri,0.014,0.023,-1,Echolocation,/mnt/ubna_data_02_mir/recover-20220922/UBNA_001/20220921_090000.WAV,Telephone Field,recover-20220922,001,1795
80.15950000000001,80.1982,68437,82242,Rhinolophus ferrumequinum,0.025,0.025,-1,Echolocation,/mnt/ubna_data_02_mir/recover-20220922/UBNA_001/20220921_090000.WAV,Telephone Field,recover-20220922,001,1795
80.2105,80.2504,68437,82305,Rhinolophus ferrumequinum,0.024,0.024,-1,Echolocation,/mnt/ubna_data_02_mir/recover-20220922/UBNA_001/20220921_090000.WAV,Telephone Field,recover-20220922,001,1795
80.2205,80.2616,68437,82807,Rhinolophus ferrumequinum,0.029,0.029,-1,Echolocation,/mnt/ubna_data_02_mir/recover-20220922/UBNA_001/20220921_090000.WAV,Telephone Field,recover-20220922,001,1795
80.2355,80.27629999999999,68437,82717,Rhinolophus ferrumequinum,0.022,0.022,-1,Echolocation,/mnt/ubna_data_02_mir/recover-20220922/UBNA_001/20220921_090000.WAV,Telephone Field,recover-20220922,001,1795
80.2635,80.3004,68437,81493,Rhinolophus ferrumequinum,0.024,0.024,-1,Echolocation,/mnt/ubna_data_02_mir/recover-20220922/UBNA_001/20220921_090000.WAV,Telephone Field,recover-20220922,001,1795
80.2715,80.3065,68437,81323,Rhinolophus ferrumequinum,0.022,0.022,-1,Echolocation,/mnt/ubna_data_02_mir/recover-20220922/UBNA_001/20220921_090000.WAV,Telephone Field,recover-20220922,001,1795
80.28450000000001,80.3221,68437,82315,Rhinolophus ferrumequinum,0.023,0.023,-1,Echolocation,/mnt/ubna_data_02_mir/recover-20220922/UBNA_001/20220921_090000.WAV,Telephone Field,recover-20220922,001,1795
80.33449999999999,80.3747,68437,82183,Rhinolophus ferrumequinum,0.023,0.023,-1,Echolocation,/mnt/ubna_data_02_mir/recover-20220922/UBNA_001/20220921_090000.WAV,Telephone Field,recover-20220922,001,1795
80.3425,80.3803,68437,81986,Rhinolophus ferrumequinum,0.023,0.023,-1,Echolocation,/mnt/ubna_data_02_mir/recover-20220922/UBNA_001/20220921_090000.WAV,Telephone Field,recover-20220922,001,1795
80.3635,80.4055,68437,82804,Rhinolophus ferrumequinum,0.044,0.044,-1,Echolocation,/mnt/ubna_data_02_mir/recover-20220922/UBNA_001/20220921_090000.WAV,Telephone Field,recover-20220922,001,1795
80.3825,80.3937,37500,44666,Pipistrellus nathusii,0.011,0.026,-1,Echolocation,/mnt/ubna_data_02_mir/recover-20220922/UBNA_001/20220921_090000.WAV,Telephone Field,recover-20220922,001,1795
80.4115,80.4517,68437,82478,Rhinolophus ferrumequinum,0.037,0.037,-1,Echolocation,/mnt/ubna_data_02_mir/recover-20220922/UBNA_001/20220921_090000.WAV,Telephone Field,recover-20220922,001,1795
80.4345,80.4588,18593,21165,Nyctalus noctula,0.023,0.039,-1,Echolocation,/mnt/ubna_data_02_mir/recover-20220922/UBNA_001/20220921_090000.WAV,Telephone Field,recover-20220922,001,1795
80.4485,80.4879,68437,82063,Rhinolophus ferrumequinum,0.024,0.025,-1,Echolocation,/mnt/ubna_data_02_mir/recover-20220922/UBNA_001/20220921_090000.WAV,Telephone Field,recover-20220922,001,1795
80.4575,80.4962,68437,81847,Rhinolophus ferrumequinum,0.022,0.022,-1,Echolocation,/mnt/ubna_data_02_mir/recover-20220922/UBNA_001/20220921_090000.WAV,Telephone Field,recover-20220922,001,1795
80.4845,80.5243,68437,82376,Rhinolophus ferrumequinum,0.029,0.029,-1,Echolocation,/mnt/ubna_data_02_mir/recover-20220922/UBNA_001/20220921_090000.WAV,Telephone Field,recover-20220922,001,1795
80.5115,80.52080000000001,23750,31428,Nyctalus leisleri,0.007,0.023,-1,Echolocation,/mnt/ubna_data_02_mir/recover-20220922/UBNA_001/20220921_090000.WAV,Telephone Field,recover-20220922,001,1795
80.5195,80.55420000000001,68437,80920,Rhinolophus ferrumequinum,0.026,0.027,-1,Echolocation,/mnt/ubna_data_02_mir/recover-20220922/UBNA_001/20220921_090000.WAV,Telephone Field,recover-20220922,001,1795
80.5525,80.5598,26328,36733,Eptesicus serotinus,0.012,0.037,-1,Echolocation,/mnt/ubna_data_02_mir/recover-20220922/UBNA_001/20220921_090000.WAV,Telephone Field,recover-20220922,001,1795
80.5535,80.5911,68437,81499,Rhinolophus ferrumequinum,0.033,0.033,-1,Echolocation,/mnt/ubna_data_02_mir/recover-20220922/UBNA_001/20220921_090000.WAV,Telephone Field,recover-20220922,001,1795
80.5665,80.6049,68437,82824,Rhinolophus ferrumequinum,0.023,0.023,-1,Echolocation,/mnt/ubna_data_02_mir/recover-20220922/UBNA_001/20220921_090000.WAV,Telephone Field,recover-20220922,001,1795
80.6165,80.65690000000001,68437,82728,Rhinolophus ferrumequinum,0.024,0.024,-1,Echolocation,/mnt/ubna_data_02_mir/recover-20220922/UBNA_001/20220921_090000.WAV,Telephone Field,recover-20220922,001,1795
80.6345,80.6734,68437,81873,Rhinolophus ferrumequinum,0.022,0.022,-1,Echolocation,/mnt/ubna_data_02_mir/recover-20220922/UBNA_001/20220921_090000.WAV,Telephone Field,recover-20220922,001,1795
80.6485,80.6865,68437,82050,Rhinolophus ferrumequinum,0.022,0.022,-1,Echolocation,/mnt/ubna_data_02_mir/recover-20220922/UBNA_001/20220921_090000.WAV,Telephone Field,recover-20220922,001,1795
80.6665,80.6756,25468,33737,Eptesicus serotinus,0.008,0.026,-1,Echolocation,/mnt/ubna_data_02_mir/recover-20220922/UBNA_001/20220921_090000.WAV,Telephone Field,recover-20220922,001,1795
80.6675,80.6982,68437,79862,Rhinolophus ferrumequinum,0.041,0.041,-1,Echolocation,/mnt/ubna_data_02_mir/recover-20220922/UBNA_001/20220921_090000.WAV,Telephone Field,recover-20220922,001,1795
80.7195,80.7619,68437,83002,Rhinolophus ferrumequinum,0.034,0.034,-1,Echolocation,/mnt/ubna_data_02_mir/recover-20220922/UBNA_001/20220921_090000.WAV,Telephone Field,recover-20220922,001,1795
80.7345,80.7741,68437,82147,Rhinolophus ferrumequinum,0.024,0.024,-1,Echolocation,/mnt/ubna_data_02_mir/recover-20220922/UBNA_001/20220921_090000.WAV,Telephone Field,recover-20220922,001,1795
80.75450000000001,80.797,68437,82390,Rhinolophus ferrumequinum,0.047,0.047,-1,Echolocation,/mnt/ubna_data_02_mir/recover-20220922/UBNA_001/20220921_090000.WAV,Telephone Field,recover-20220922,001,1795
80.76650000000001,80.7747,46953,52278,Pipistrellus pipistrellus,0.021,0.022,-1,Echolocation,/mnt/ubna_data_02_mir/recover-20220922/UBNA_001/20220921_090000.WAV,Telephone Field,recover-20220922,001,1795
80.7985,80.8361,68437,82433,Rhinolophus ferrumequinum,0.022,0.022,-1,Echolocation,/mnt/ubna_data_02_mir/recover-20220922/UBNA_001/20220921_090000.WAV,Telephone Field,recover-20220922,001,1795
80.8125,80.856,68437,82918,Rhinolophus ferrumequinum,0.026,0.027,-1,Echolocation,/mnt/ubna_data_02_mir/recover-20220922/UBNA_001/20220921_090000.WAV,Telephone Field,recover-20220922,001,1795
80.8695,80.9086,68437,82369,Rhinolophus ferrumequinum,0.023,0.023,-1,Echolocation,/mnt/ubna_data_02_mir/recover-20220922/UBNA_001/20220921_090000.WAV,Telephone Field,recover-20220922,001,1795
80.8735,80.8837,23750,30039,Nyctalus leisleri,0.01,0.023,-1,Echolocation,/mnt/ubna_data_02_mir/recover-20220922/UBNA_001/20220921_090000.WAV,Telephone Field,recover-20220922,001,1795
80.8905,80.9311,68437,82947,Rhinolophus ferrumequinum,0.024,0.024,-1,Echolocation,/mnt/ubna_data_02_mir/recover-20220922/UBNA_001/20220921_090000.WAV,Telephone Field,recover-20220922,001,1795
80.9005,80.9391,68437,82430,Rhinolophus ferrumequinum,0.026,0.026,-1,Echolocation,/mnt/ubna_data_02_mir/recover-20220922/UBNA_001/20220921_090000.WAV,Telephone Field,recover-20220922,001,1795
80.9025,80.914,24609,30261,Nyctalus leisleri,0.011,0.025,-1,Echolocation,/mnt/ubna_data_02_mir/recover-20220922/UBNA_001/20220921_090000.WAV,Telephone Field,recover-20220922,001,1795
80.9075,80.9221,52109,56270,Pipistrellus pipistrellus,0.022,0.037,-1,Echolocation,/mnt/ubna_data_02_mir/recover-20220922/UBNA_001/20220921_090000.WAV,Telephone Field,recover-20220922,001,1795
80.9085,80.9462,68437,82291,Rhinolophus ferrumequinum,0.026,0.026,-1,Echolocation,/mnt/ubna_data_02_mir/recover-20220922/UBNA_001/20220921_090000.WAV,Telephone Field,recover-20220922,001,1795
80.9165,80.9226,25468,38537,Plecotus austriacus,0.008,0.026,-1,Echolocation,/mnt/ubna_data_02_mir/recover-20220922/UBNA_001/20220921_090000.WAV,Telephone Field,recover-20220922,001,1795
80.9245,80.9664,68437,82842,Rhinolophus ferrumequinum,0.039,0.039,-1,Echolocation,/mnt/ubna_data_02_mir/recover-20220922/UBNA_001/20220921_090000.WAV,Telephone Field,recover-20220922,001,1795
80.9355,80.9461,23750,30062,Nyctalus leisleri,0.014,0.033,-1,Echolocation,/mnt/ubna_data_02_mir/recover-20220922/UBNA_001/20220921_090000.WAV,Telephone Field,recover-20220922,001,1795
80.9745,81.0144,68437,81988,Rhinolophus ferrumequinum,0.031,0.031,-1,Echolocation,/mnt/ubna_data_02_mir/recover-20220922/UBNA_001/20220921_090000.WAV,Telephone Field,recover-20220922,001,1795
80.9805,80.9889,28906,36594,Eptesicus serotinus,0.007,0.023,-1,Echolocation,/mnt/ubna_data_02_mir/recover-20220922/UBNA_001/20220921_090000.WAV,Telephone Field,recover-20220922,001,1795
80.9845,81.0212,68437,81775,Rhinolophus ferrumequinum,0.022,0.022,-1,Echolocation,/mnt/ubna_data_02_mir/recover-20220922/UBNA_001/20220921_090000.WAV,Telephone Field,recover-20220922,001,1795
81.0095,81.0228,25468,30378,Nyctalus leisleri,0.013,0.031,-1,Echolocation,/mnt/ubna_data_02_mir/recover-20220922/UBNA_001/20220921_090000.WAV,Telephone Field,recover-20220922,001,1795
81.0505,81.0604,23750,29505,Nyctalus leisleri,0.01,0.023,-1,Echolocation,/mnt/ubna_data_02_mir/recover-20220922/UBNA_001/20220921_090000.WAV,Telephone Field,recover-20220922,001,1795
81.0745,81.1142,68437,82036,Rhinolophus ferrumequinum,0.023,0.023,-1,Echolocation,/mnt/ubna_data_02_mir/recover-20220922/UBNA_001/20220921_090000.WAV,Telephone Field,recover-20220922,001,1795
81.1275,81.1384,22031,26911,Nyctalus leisleri,0.012,0.023,-1,Echolocation,/mnt/ubna_data_02_mir/recover-20220922/UBNA_001/20220921_090000.WAV,Telephone Field,recover-20220922,001,1795
81.14750000000001,81.1856,68437,81932,Rhinolophus ferrumequinum,0.023,0.023,-1,Echolocation,/mnt/ubna_data_02_mir/recover-20220922/UBNA_001/20220921_090000.WAV,Telephone Field,recover-20220922,001,1795
81.1615,81.1989,68437,81817,Rhinolophus ferrumequinum,0.022,0.022,-1,Echolocation,/mnt/ubna_data_02_mir/recover-20220922/UBNA_001/20220921_090000.WAV,Telephone Field,recover-20220922,001,1795
81.1875,81.1982,23750,29425,Nyctalus leisleri,0.01,0.023,-1,Echolocation,/mnt/ubna_data_02_mir/recover-20220922/UBNA_001/20220921_090000.WAV,Telephone Field,recover-20220922,001,1795
81.1915,81.2332,68437,82614,Rhinolophus ferrumequinum,0.028,0.028,-1,Echolocation,/mnt/ubna_data_02_mir/recover-20220922/UBNA_001/20220921_090000.WAV,Telephone Field,recover-20220922,001,1795
81.2375,81.2747,68437,82210,Rhinolophus ferrumequinum,0.023,0.023,-1,Echolocation,/mnt/ubna_data_02_mir/recover-20220922/UBNA_001/20220921_090000.WAV,Telephone Field,recover-20220922,001,1795
81.2465,81.2548,28046,39735,Eptesicus serotinus,0.009,0.023,-1,Echolocation,/mnt/ubna_data_02_mir/recover-20220922/UBNA_001/20220921_090000.WAV,Telephone Field,recover-20220922,001,1795
81.2615,81.3044,68437,83010,Rhinolophus ferrumequinum,0.033,0.033,-1,Echolocation,/mnt/ubna_data_02_mir/recover-20220922/UBNA_001/20220921_090000.WAV,Telephone Field,recover-20220922,001,1795
81.2935,81.3329,68437,82626,Rhinolophus ferrumequinum,0.022,0.022,-1,Echolocation,/mnt/ubna_data_02_mir/recover-20220922/UBNA_001/20220921_090000.WAV,Telephone Field,recover-20220922,001,1795
81.3205,81.3337,22031,26064,Nyctalus leisleri,0.014,0.024,-1,Echolocation,/mnt/ubna_data_02_mir/recover-20220922/UBNA_001/20220921_090000.WAV,Telephone Field,recover-20220922,001,1795
81.3375,81.3856,68437,83756,Rhinolophus ferrumequinum,0.08,0.08,-1,Echolocation,/mnt/ubna_data_02_mir/recover-20220922/UBNA_001/20220921_090000.WAV,Telephone Field,recover-20220922,001,1795
81.3685,81.4074,68437,82206,Rhinolophus ferrumequinum,0.025,0.025,-1,Echolocation,/mnt/ubna_data_02_mir/recover-20220922/UBNA_001/20220921_090000.WAV,Telephone Field,recover-20220922,001,1795
81.3775,81.3861,28046,37366,Eptesicus serotinus,0.008,0.025,-1,Echolocation,/mnt/ubna_data_02_mir/recover-20220922/UBNA_001/20220921_090000.WAV,Telephone Field,recover-20220922,001,1795
81.4075,81.4499,68437,82781,Rhinolophus ferrumequinum,0.026,0.026,-1,Echolocation,/mnt/ubna_data_02_mir/recover-20220922/UBNA_001/20220921_090000.WAV,Telephone Field,recover-20220922,001,1795
81.41550000000001,81.4562,68437,83017,Rhinolophus ferrumequinum,0.025,0.025,-1,Echolocation,/mnt/ubna_data_02_mir/recover-20220922/UBNA_001/20220921_090000.WAV,Telephone Field,recover-20220922,001,1795
81.4555,81.4669,24609,30347,Nyctalus leisleri,0.014,0.032,-1,Echolocation,/mnt/ubna_data_02_mir/recover-20220922/UBNA_001/20220921_090000.WAV,Telephone Field,recover-20220922,001,1795
81.45949999999999,81.498,68437,82000,Rhinolophus ferrumequinum,0.026,0.026,-1,Echolocation,/mnt/ubna_data_02_mir/recover-20220922/UBNA_001/20220921_090000.WAV,Telephone Field,recover-20220922,001,1795
81.4785,81.4883,28046,35794,Eptesicus serotinus,0.01,0.023,-1,Echolocation,/mnt/ubna_data_02_mir/recover-20220922/UBNA_001/20220921_090000.WAV,Telephone Field,recover-20220922,001,1795
81.48349999999999,81.52289999999999,68437,82584,Rhinolophus ferrumequinum,0.029,0.029,-1,Echolocation,/mnt/ubna_data_02_mir/recover-20220922/UBNA_001/20220921_090000.WAV,Telephone Field,recover-20220922,001,1795
81.5265,81.56790000000001,68437,82814,Rhinolophus ferrumequinum,0.024,0.024,-1,Echolocation,/mnt/ubna_data_02_mir/recover-20220922/UBNA_001/20220921_090000.WAV,Telephone Field,recover-20220922,001,1795
81.5295,81.5463,22031,26320,Nyctalus leisleri,0.024,0.039,-1,Echolocation,/mnt/ubna_data_02_mir/recover-20220922/UBNA_001/20220921_090000.WAV,Telephone Field,recover-20220922,001,1795
81.5415,81.57679999999999,68437,80013,Rhinolophus ferrumequinum,0.042,0.043,-1,Echolocation,/mnt/ubna_data_02_mir/recover-20220922/UBNA_001/20220921_090000.WAV,Telephone Field,recover-20220922,001,1795
81.5865,81.6235,68437,81052,Rhinolophus ferrumequinum,0.025,0.025,-1,Echolocation,/mnt/ubna_data_02_mir/recover-20220922/UBNA_001/20220921_090000.WAV,Telephone Field,recover-20220922,001,1795
81.60849999999999,81.6464,68437,82632,Rhinolophus ferrumequinum,0.023,0.024,-1,Echolocation,/mnt/ubna_data_02_mir/recover-20220922/UBNA_001/20220921_090000.WAV,Telephone Field,recover-20220922,001,1795
81.6195,81.6584,68437,82313,Rhinolophus ferrumequinum,0.023,0.023,-1,Echolocation,/mnt/ubna_data_02_mir/recover-20220922/UBNA_001/20220921_090000.WAV,Telephone Field,recover-20220922,001,1795
81.6425,81.68039999999999,68437,81548,Rhinolophus ferrumequinum,0.022,0.022,-1,Echolocation,/mnt/ubna_data_02_mir/recover-20220922/UBNA_001/20220921_090000.WAV,Telephone Field,recover-20220922,001,1795
81.6575,81.6676,22890,29048,Nyctalus leisleri,0.008,0.023,-1,Echolocation,/mnt/ubna_data_02_mir/recover-20220922/UBNA_001/20220921_090000.WAV,Telephone Field,recover-20220922,001,1795
81.6665,81.6773,25468,33097,Eptesicus serotinus,0.012,0.027,-1,Echolocation,/mnt/ubna_data_02_mir/recover-20220922/UBNA_001/20220921_090000.WAV,Telephone Field,recover-20220922,001,1795
81.6785,81.6883,44375,52560,Pipistrellus pipistrellus,0.02,0.025,-1,Echolocation,/mnt/ubna_data_02_mir/recover-20220922/UBNA_001/20220921_090000.WAV,Telephone Field,recover-20220922,001,1795
81.6785,81.71809999999999,68437,82327,Rhinolophus ferrumequinum,0.024,0.024,-1,Echolocation,/mnt/ubna_data_02_mir/recover-20220922/UBNA_001/20220921_090000.WAV,Telephone Field,recover-20220922,001,1795
81.7085,81.7537,68437,83863,Rhinolophus ferrumequinum,0.034,0.034,-1,Echolocation,/mnt/ubna_data_02_mir/recover-20220922/UBNA_001/20220921_090000.WAV,Telephone Field,recover-20220922,001,1795
81.7115,81.7227,28906,37099,Eptesicus serotinus,0.014,0.029,-1,Echolocation,/mnt/ubna_data_02_mir/recover-20220922/UBNA_001/20220921_090000.WAV,Telephone Field,recover-20220922,001,1795
81.7305,81.77029999999999,68437,82693,Rhinolophus ferrumequinum,0.023,0.023,-1,Echolocation,/mnt/ubna_data_02_mir/recover-20220922/UBNA_001/20220921_090000.WAV,Telephone Field,recover-20220922,001,1795
81.7345,81.7457,37500,42634,Pipistrellus nathusii,0.01,0.027,-1,Echolocation,/mnt/ubna_data_02_mir/recover-20220922/UBNA_001/20220921_090000.WAV,Telephone Field,recover-20220922,001,1795
81.74549999999999,81.785,68437,82082,Rhinolophus ferrumequinum,0.024,0.024,-1,Echolocation,/mnt/ubna_data_02_mir/recover-20220922/UBNA_001/20220921_090000.WAV,Telephone Field,recover-20220922,001,1795
81.7515,81.7614,28906,35720,Eptesicus serotinus,0.011,0.024,-1,Echolocation,/mnt/ubna_data_02_mir/recover-20220922/UBNA_001/20220921_090000.WAV,Telephone Field,recover-20220922,001,1795
81.77850000000001,81.7888,22890,29198,Nyctalus leisleri,0.015,0.036,-1,Echolocation,/mnt/ubna_data_02_mir/recover-20220922/UBNA_001/20220921_090000.WAV,Telephone Field,recover-20220922,001,1795
81.79050000000001,81.8373,68437,84327,Rhinolophus ferrumequinum,0.088,0.088,-1,Echolocation,/mnt/ubna_data_02_mir/recover-20220922/UBNA_001/20220921_090000.WAV,Telephone Field,recover-20220922,001,1795
81.8765,81.9173,68437,82674,Rhinolophus ferrumequinum,0.027,0.027,-1,Echolocation,/mnt/ubna_data_02_mir/recover-20220922/UBNA_001/20220921_090000.WAV,Telephone Field,recover-20220922,001,1795
81.8955,81.9027,27187,36892,Eptesicus serotinus,0.009,0.025,-1,Echolocation,/mnt/ubna_data_02_mir/recover-20220922/UBNA_001/20220921_090000.WAV,Telephone Field,recover-20220922,001,1795
81.9185,81.9599,68437,82820,Rhinolophus ferrumequinum,0.03,0.03,-1,Echolocation,/mnt/ubna_data_02_mir/recover-20220922/UBNA_001/20220921_090000.WAV,Telephone Field,recover-20220922,001,1795
81.9195,81.929,22890,29560,Nyctalus leisleri,0.01,0.027,-1,Echolocation,/mnt/ubna_data_02_mir/recover-20220922/UBNA_001/20220921_090000.WAV,Telephone Field,recover-20220922,001,1795
81.9485,81.9875,68437,81882,Rhinolophus ferrumequinum,0.022,0.022,-1,Echolocation,/mnt/ubna_data_02_mir/recover-20220922/UBNA_001/20220921_090000.WAV,Telephone Field,recover-20220922,001,1795
81.9815,81.99170000000001,22890,28322,Nyctalus leisleri,0.011,0.024,-1,Echolocation,/mnt/ubna_data_02_mir/recover-20220922/UBNA_001/20220921_090000.WAV,Telephone Field,recover-20220922,001,1795
82.0015,82.0348,69296,81897,Rhinolophus ferrumequinum,0.038,0.038,-1,Echolocation,/mnt/ubna_data_02_mir/recover-20220922/UBNA_001/20220921_090000.WAV,Telephone Field,recover-20220922,001,1795
82.0015,82.01429999999999,55546,61644,Pipistrellus pygmaeus,0.019,0.022,-1,Echolocation,/mnt/ubna_data_02_mir/recover-20220922/UBNA_001/20220921_090000.WAV,Telephone Field,recover-20220922,001,1795
82.0015,82.0112,22031,29390,Nyctalus leisleri,0.014,0.044,-1,Echolocation,/mnt/ubna_data_02_mir/recover-20220922/UBNA_001/20220921_090000.WAV,Telephone Field,recover-20220922,001,1795
82.0015,82.0115,32343,38985,Eptesicus serotinus,0.012,0.042,-1,Echolocation,/mnt/ubna_data_02_mir/recover-20220922/UBNA_001/20220921_090000.WAV,Telephone Field,recover-20220922,001,1795
82.0085,82.0217,21171,24482,Nyctalus leisleri,0.016,0.025,-1,Echolocation,/mnt/ubna_data_02_mir/recover-20220922/UBNA_001/20220921_090000.WAV,Telephone Field,recover-20220922,001,1795
82.0085,82.0515,68437,81970,Rhinolophus ferrumequinum,0.023,0.023,-1,Echolocation,/mnt/ubna_data_02_mir/recover-20220922/UBNA_001/20220921_090000.WAV,Telephone Field,recover-20220922,001,1795
82.0135,82.0563,68437,82761,Rhinolophus ferrumequinum,0.023,0.023,-1,Echolocation,/mnt/ubna_data_02_mir/recover-20220922/UBNA_001/20220921_090000.WAV,Telephone Field,recover-20220922,001,1795
82.0375,82.0755,68437,81346,Rhinolophus ferrumequinum,0.022,0.022,-1,Echolocation,/mnt/ubna_data_02_mir/recover-20220922/UBNA_001/20220921_090000.WAV,Telephone Field,recover-20220922,001,1795
82.1005,82.1378,68437,82165,Rhinolophus ferrumequinum,0.026,0.026,-1,Echolocation,/mnt/ubna_data_02_mir/recover-20220922/UBNA_001/20220921_090000.WAV,Telephone Field,recover-20220922,001,1795
82.1435,82.1812,68437,82147,Rhinolophus ferrumequinum,0.022,0.022,-1,Echolocation,/mnt/ubna_data_02_mir/recover-20220922/UBNA_001/20220921_090000.WAV,Telephone Field,recover-20220922,001,1795
82.1445,82.1529,28046,38573,Eptesicus serotinus,0.008,0.022,-1,Echolocation,/mnt/ubna_data_02_mir/recover-20220922/UBNA_001/20220921_090000.WAV,Telephone Field,recover-20220922,001,1795
82.14750000000001,82.15520000000001,56406,60875,Pipistrellus pygmaeus,0.022,0.023,-1,Echolocation,/mnt/ubna_data_02_mir/recover-20220922/UBNA_001/20220921_090000.WAV,Telephone Field,recover-20220922,001,1795
82.1485,82.1861,68437,82052,Rhinolophus ferrumequinum,0.022,0.022,-1,Echolocation,/mnt/ubna_data_02_mir/recover-20220922/UBNA_001/20220921_090000.WAV,Telephone Field,recover-20220922,001,1795
82.15950000000001,82.1976,68437,82009,Rhinolophus ferrumequinum,0.023,0.023,-1,Echolocation,/mnt/ubna_data_02_mir/recover-20220922/UBNA_001/20220921_090000.WAV,Telephone Field,recover-20220922,001,1795
82.1705,82.2099,68437,82150,Rhinolophus ferrumequinum,0.022,0.022,-1,Echolocation,/mnt/ubna_data_02_mir/recover-20220922/UBNA_001/20220921_090000.WAV,Telephone Field,recover-20220922,001,1795
82.1995,82.2386,68437,82387,Rhinolophus ferrumequinum,0.022,0.022,-1,Echolocation,/mnt/ubna_data_02_mir/recover-20220922/UBNA_001/20220921_090000.WAV,Telephone Field,recover-20220922,001,1795
82.2225,82.2625,68437,82501,Rhinolophus ferrumequinum,0.022,0.022,-1,Echolocation,/mnt/ubna_data_02_mir/recover-20220922/UBNA_001/20220921_090000.WAV,Telephone Field,recover-20220922,001,1795
82.24549999999999,82.2854,68437,82372,Rhinolophus ferrumequinum,0.023,0.023,-1,Echolocation,/mnt/ubna_data_02_mir/recover-20220922/UBNA_001/20220921_090000.WAV,Telephone Field,recover-20220922,001,1795
82.2655,82.3058,68437,82791,Rhinolophus ferrumequinum,0.022,0.022,-1,Echolocation,/mnt/ubna_data_02_mir/recover-20220922/UBNA_001/20220921_090000.WAV,Telephone Field,recover-20220922,001,1795
82.2755,82.316,68437,82397,Rhinolophus ferrumequinum,0.03,0.03,-1,Echolocation,/mnt/ubna_data_02_mir/recover-20220922/UBNA_001/20220921_090000.WAV,Telephone Field,recover-20220922,001,1795
82.2885,82.2972,28046,39539,Eptesicus serotinus,0.008,0.022,-1,Echolocation,/mnt/ubna_data_02_mir/recover-20220922/UBNA_001/20220921_090000.WAV,Telephone Field,recover-20220922,001,1795
82.3445,82.3526,24609,33261,Plecotus austriacus,0.011,0.038,-1,Echolocation,/mnt/ubna_data_02_mir/recover-20220922/UBNA_001/20220921_090000.WAV,Telephone Field,recover-20220922,001,1795
82.3485,82.3864,68437,81996,Rhinolophus ferrumequinum,0.021,0.021,-1,Echolocation,/mnt/ubna_data_02_mir/recover-20220922/UBNA_001/20220921_090000.WAV,Telephone Field,recover-20220922,001,1795
82.3615,82.3699,44375,50350,Pipistrellus pipistrellus,0.031,0.037,-1,Echolocation,/mnt/ubna_data_02_mir/recover-20220922/UBNA_001/20220921_090000.WAV,Telephone Field,recover-20220922,001,1795
82.3735,82.41290000000001,68437,82541,Rhinolophus ferrumequinum,0.021,0.021,-1,Echolocation,/mnt/ubna_data_02_mir/recover-20220922/UBNA_001/20220921_090000.WAV,Telephone Field,recover-20220922,001,1795
82.3955,82.4333,68437,82065,Rhinolophus ferrumequinum,0.022,0.022,-1,Echolocation,/mnt/ubna_data_02_mir/recover-20220922/UBNA_001/20220921_090000.WAV,Telephone Field,recover-20220922,001,1795
82.40350000000001,82.4138,22890,28413,Nyctalus leisleri,0.009,0.022,-1,Echolocation,/mnt/ubna_data_02_mir/recover-20220922/UBNA_001/20220921_090000.WAV,Telephone Field,recover-20220922,001,1795
82.4135,82.4529,68437,82926,Rhinolophus ferrumequinum,0.023,0.023,-1,Echolocation,/mnt/ubna_data_02_mir/recover-20220922/UBNA_001/20220921_090000.WAV,Telephone Field,recover-20220922,001,1795
82.4145,82.4229,28906,38959,Eptesicus serotinus,0.007,0.021,-1,Echolocation,/mnt/ubna_data_02_mir/recover-20220922/UBNA_001/20220921_090000.WAV,Telephone Field,recover-20220922,001,1795
82.4295,82.4404,27187,34441,Eptesicus serotinus,0.012,0.023,-1,Echolocation,/mnt/ubna_data_02_mir/recover-20220922/UBNA_001/20220921_090000.WAV,Telephone Field,recover-20220922,001,1795
82.4465,82.4542,26328,36847,Eptesicus serotinus,0.007,0.022,-1,Echolocation,/mnt/ubna_data_02_mir/recover-20220922/UBNA_001/20220921_090000.WAV,Telephone Field,recover-20220922,001,1795
82.48949999999999,82.5303,68437,82909,Rhinolophus ferrumequinum,0.024,0.024,-1,Echolocation,/mnt/ubna_data_02_mir/recover-20220922/UBNA_001/20220921_090000.WAV,Telephone Field,recover-20220922,001,1795
82.5445,82.5509,28046,42504,Eptesicus serotinus,0.014,0.043,-1,Echolocation,/mnt/ubna_data_02_mir/recover-20220922/UBNA_001/20220921_090000.WAV,Telephone Field,recover-20220922,001,1795
82.5525,82.5924,68437,82314,Rhinolophus ferrumequinum,0.022,0.022,-1,Echolocation,/mnt/ubna_data_02_mir/recover-20220922/UBNA_001/20220921_090000.WAV,Telephone Field,recover-20220922,001,1795
82.5875,82.59819999999999,28046,36494,Eptesicus serotinus,0.011,0.024,-1,Echolocation,/mnt/ubna_data_02_mir/recover-20220922/UBNA_001/20220921_090000.WAV,Telephone Field,recover-20220922,001,1795
82.5895,82.6325,68437,83201,Rhinolophus ferrumequinum,0.038,0.038,-1,Echolocation,/mnt/ubna_data_02_mir/recover-20220922/UBNA_001/20220921_090000.WAV,Telephone Field,recover-20220922,001,1795
82.6125,82.6506,68437,81949,Rhinolophus ferrumequinum,0.021,0.021,-1,Echolocation,/mnt/ubna_data_02_mir/recover-20220922/UBNA_001/20220921_090000.WAV,Telephone Field,recover-20220922,001,1795
82.6225,82.6322,26328,34242,Eptesicus serotinus,0.015,0.035,-1,Echolocation,/mnt/ubna_data_02_mir/recover-20220922/UBNA_001/20220921_090000.WAV,Telephone Field,recover-20220922,001,1795
82.64750000000001,82.6561,25468,33441,Eptesicus serotinus,0.008,0.022,-1,Echolocation,/mnt/ubna_data_02_mir/recover-20220922/UBNA_001/20220921_090000.WAV,Telephone Field,recover-20220922,001,1795
82.65950000000001,82.66669999999999,27187,40508,Eptesicus serotinus,0.006,0.022,-1,Echolocation,/mnt/ubna_data_02_mir/recover-20220922/UBNA_001/20220921_090000.WAV,Telephone Field,recover-20220922,001,1795
82.6935,82.7333,68437,82233,Rhinolophus ferrumequinum,0.025,0.025,-1,Echolocation,/mnt/ubna_data_02_mir/recover-20220922/UBNA_001/20220921_090000.WAV,Telephone Field,recover-20220922,001,1795
82.7165,82.7264,36640,42869,Pipistrellus nathusii,0.01,0.024,-1,Echolocation,/mnt/ubna_data_02_mir/recover-20220922/UBNA_001/20220921_090000.WAV,Telephone Field,recover-20220922,001,1795
82.7835,82.8212,68437,81898,Rhinolophus ferrumequinum,0.022,0.022,-1,Echolocation,/mnt/ubna_data_02_mir/recover-20220922/UBNA_001/20220921_090000.WAV,Telephone Field,recover-20220922,001,1795
82.78450000000001,82.794,27187,35830,Eptesicus serotinus,0.008,0.021,-1,Echolocation,/mnt/ubna_data_02_mir/recover-20220922/UBNA_001/20220921_090000.WAV,Telephone Field,recover-20220922,001,1795
82.8445,82.8844,68437,82434,Rhinolophus ferrumequinum,0.034,0.034,-1,Echolocation,/mnt/ubna_data_02_mir/recover-20220922/UBNA_001/20220921_090000.WAV,Telephone Field,recover-20220922,001,1795
82.8515,82.8596,28906,37960,Eptesicus serotinus,0.008,0.027,-1,Echolocation,/mnt/ubna_data_02_mir/recover-20220922/UBNA_001/20220921_090000.WAV,Telephone Field,recover-20220922,001,1795
82.8725,82.9128,68437,83138,Rhinolophus ferrumequinum,0.028,0.028,-1,Echolocation,/mnt/ubna_data_02_mir/recover-20220922/UBNA_001/20220921_090000.WAV,Telephone Field,recover-20220922,001,1795
82.90350000000001,82.939,68437,81239,Rhinolophus ferrumequinum,0.024,0.024,-1,Echolocation,/mnt/ubna_data_02_mir/recover-20220922/UBNA_001/20220921_090000.WAV,Telephone Field,recover-20220922,001,1795
82.9415,82.9485,28046,40012,Eptesicus serotinus,0.009,0.028,-1,Echolocation,/mnt/ubna_data_02_mir/recover-20220922/UBNA_001/20220921_090000.WAV,Telephone Field,recover-20220922,001,1795
82.9745,82.9842,28046,37151,Eptesicus serotinus,0.011,0.027,-1,Echolocation,/mnt/ubna_data_02_mir/recover-20220922/UBNA_001/20220921_090000.WAV,Telephone Field,recover-20220922,001,1795
82.98349999999999,83.0227,68437,82372,Rhinolophus ferrumequinum,0.022,0.022,-1,Echolocation,/mnt/ubna_data_02_mir/recover-20220922/UBNA_001/20220921_090000.WAV,Telephone Field,recover-20220922,001,1795
83.01650000000001,83.0567,68437,82554,Rhinolophus ferrumequinum,0.022,0.022,-1,Echolocation,/mnt/ubna_data_02_mir/recover-20220922/UBNA_001/20220921_090000.WAV,Telephone Field,recover-20220922,001,1795
83.0295,83.0641,68437,80501,Rhinolophus ferrumequinum,0.024,0.024,-1,Echolocation,/mnt/ubna_data_02_mir/recover-20220922/UBNA_001/20220921_090000.WAV,Telephone Field,recover-20220922,001,1795
83.04050000000001,83.07939999999999,68437,81903,Rhinolophus ferrumequinum,0.033,0.034,-1,Echolocation,/mnt/ubna_data_02_mir/recover-20220922/UBNA_001/20220921_090000.WAV,Telephone Field,recover-20220922,001,1795
83.0655,83.106,68437,82724,Rhinolophus ferrumequinum,0.026,0.026,-1,Echolocation,/mnt/ubna_data_02_mir/recover-20220922/UBNA_001/20220921_090000.WAV,Telephone Field,recover-20220922,001,1795
83.0745,83.084,28046,38095,Eptesicus serotinus,0.008,0.022,-1,Echolocation,/mnt/ubna_data_02_mir/recover-20220922/UBNA_001/20220921_090000.WAV,Telephone Field,recover-20220922,001,1795
83.10249999999999,83.1389,68437,81628,Rhinolophus ferrumequinum,0.021,0.021,-1,Echolocation,/mnt/ubna_data_02_mir/recover-20220922/UBNA_001/20220921_090000.WAV,Telephone Field,recover-20220922,001,1795
83.11449999999999,83.1262,24609,31227,Nyctalus leisleri,0.009,0.025,-1,Echolocation,/mnt/ubna_data_02_mir/recover-20220922/UBNA_001/20220921_090000.WAV,Telephone Field,recover-20220922,001,1795
83.1215,83.1317,24609,31671,Eptesicus serotinus,0.008,0.023,-1,Echolocation,/mnt/ubna_data_02_mir/recover-20220922/UBNA_001/20220921_090000.WAV,Telephone Field,recover-20220922,001,1795
83.1345,83.1742,68437,82421,Rhinolophus ferrumequinum,0.022,0.022,-1,Echolocation,/mnt/ubna_data_02_mir/recover-20220922/UBNA_001/20220921_090000.WAV,Telephone Field,recover-20220922,001,1795
83.17150000000001,83.2109,68437,82001,Rhinolophus ferrumequinum,0.022,0.022,-1,Echolocation,/mnt/ubna_data_02_mir/recover-20220922/UBNA_001/20220921_090000.WAV,Telephone Field,recover-20220922,001,1795
83.1805,83.221,68437,82788,Rhinolophus ferrumequinum,0.022,0.022,-1,Echolocation,/mnt/ubna_data_02_mir/recover-20220922/UBNA_001/20220921_090000.WAV,Telephone Field,recover-20220922,001,1795
83.1875,83.2283,68437,82667,Rhinolophus ferrumequinum,0.022,0.022,-1,Echolocation,/mnt/ubna_data_02_mir/recover-20220922/UBNA_001/20220921_090000.WAV,Telephone Field,recover-20220922,001,1795
83.20349999999999,83.24510000000001,68437,82863,Rhinolophus ferrumequinum,0.026,0.026,-1,Echolocation,/mnt/ubna_data_02_mir/recover-20220922/UBNA_001/20220921_090000.WAV,Telephone Field,recover-20220922,001,1795
83.2265,83.2613,68437,81824,Rhinolophus ferrumequinum,0.021,0.021,-1,Echolocation,/mnt/ubna_data_02_mir/recover-20220922/UBNA_001/20220921_090000.WAV,Telephone Field,recover-20220922,001,1795
83.2435,83.2814,68437,81934,Rhinolophus ferrumequinum,0.025,0.025,-1,Echolocation,/mnt/ubna_data_02_mir/recover-20220922/UBNA_001/20220921_090000.WAV,Telephone Field,recover-20220922,001,1795
83.2525,83.2903,68437,81218,Rhinolophus ferrumequinum,0.022,0.022,-1,Echolocation,/mnt/ubna_data_02_mir/recover-20220922/UBNA_001/20220921_090000.WAV,Telephone Field,recover-20220922,001,1795
83.2765,83.31530000000001,68437,82244,Rhinolophus ferrumequinum,0.022,0.022,-1,Echolocation,/mnt/ubna_data_02_mir/recover-20220922/UBNA_001/20220921_090000.WAV,Telephone Field,recover-20220922,001,1795
83.2885,83.3284,68437,82586,Rhinolophus ferrumequinum,0.022,0.022,-1,Echolocation,/mnt/ubna_data_02_mir/recover-20220922/UBNA_001/20220921_090000.WAV,Telephone Field,recover-20220922,001,1795
83.2955,83.3332,68437,81696,Rhinolophus ferrumequinum,0.021,0.021,-1,Echolocation,/mnt/ubna_data_02_mir/recover-20220922/UBNA_001/20220921_090000.WAV,Telephone Field,recover-20220922,001,1795
83.3265,83.3708,68437,83528,Rhinolophus ferrumequinum,0.04,0.04,-1,Echolocation,/mnt/ubna_data_02_mir/recover-20220922/UBNA_001/20220921_090000.WAV,Telephone Field,recover-20220922,001,1795
83.3695,83.3759,28046,39837,Eptesicus serotinus,0.008,0.03,-1,Echolocation,/mnt/ubna_data_02_mir/recover-20220922/UBNA_001/20220921_090000.WAV,Telephone Field,recover-20220922,001,1795
83.42150000000001,83.4599,68437,81825,Rhinolophus ferrumequinum,0.03,0.03,-1,Echolocation,/mnt/ubna_data_02_mir/recover-20220922/UBNA_001/20220921_090000.WAV,Telephone Field,recover-20220922,001,1795
83.4275,83.4405,23750,29473,Nyctalus leisleri,0.015,0.033,-1,Echolocation,/mnt/ubna_data_02_mir/recover-20220922/UBNA_001/20220921_090000.WAV,Telephone Field,recover-20220922,001,1795
83.4565,83.49510000000001,68437,82631,Rhinolophus ferrumequinum,0.022,0.022,-1,Echolocation,/mnt/ubna_data_02_mir/recover-20220922/UBNA_001/20220921_090000.WAV,Telephone Field,recover-20220922,001,1795
83.4645,83.5041,68437,82199,Rhinolophus ferrumequinum,0.022,0.022,-1,Echolocation,/mnt/ubna_data_02_mir/recover-20220922/UBNA_001/20220921_090000.WAV,Telephone Field,recover-20220922,001,1795
83.5055,83.5471,68437,82965,Rhinolophus ferrumequinum,0.025,0.025,-1,Echolocation,/mnt/ubna_data_02_mir/recover-20220922/UBNA_001/20220921_090000.WAV,Telephone Field,recover-20220922,001,1795
83.5145,83.5215,28046,39157,Eptesicus serotinus,0.006,0.022,-1,Echolocation,/mnt/ubna_data_02_mir/recover-20220922/UBNA_001/20220921_090000.WAV,Telephone Field,recover-20220922,001,1795
83.5325,83.5711,68437,82187,Rhinolophus ferrumequinum,0.021,0.022,-1,Echolocation,/mnt/ubna_data_02_mir/recover-20220922/UBNA_001/20220921_090000.WAV,Telephone Field,recover-20220922,001,1795
83.5615,83.6,68437,82430,Rhinolophus ferrumequinum,0.021,0.021,-1,Echolocation,/mnt/ubna_data_02_mir/recover-20220922/UBNA_001/20220921_090000.WAV,Telephone Field,recover-20220922,001,1795
83.5935,83.6009,28046,39918,Eptesicus serotinus,0.008,0.025,-1,Echolocation,/mnt/ubna_data_02_mir/recover-20220922/UBNA_001/20220921_090000.WAV,Telephone Field,recover-20220922,001,1795
83.60849999999999,83.6185,27187,34781,Eptesicus serotinus,0.01,0.021,-1,Echolocation,/mnt/ubna_data_02_mir/recover-20220922/UBNA_001/20220921_090000.WAV,Telephone Field,recover-20220922,001,1795
83.6225,83.6349,22890,27349,Nyctalus leisleri,0.013,0.024,-1,Echolocation,/mnt/ubna_data_02_mir/recover-20220922/UBNA_001/20220921_090000.WAV,Telephone Field,recover-20220922,001,1795
83.6275,83.6681,68437,82564,Rhinolophus ferrumequinum,0.025,0.025,-1,Echolocation,/mnt/ubna_data_02_mir/recover-20220922/UBNA_001/20220921_090000.WAV,Telephone Field,recover-20220922,001,1795
83.6485,83.6588,22890,28590,Nyctalus leisleri,0.011,0.024,-1,Echolocation,/mnt/ubna_data_02_mir/recover-20220922/UBNA_001/20220921_090000.WAV,Telephone Field,recover-20220922,001,1795
83.67150000000001,83.68039999999999,28046,40191,Eptesicus serotinus,0.008,0.021,-1,Echolocation,/mnt/ubna_data_02_mir/recover-20220922/UBNA_001/20220921_090000.WAV,Telephone Field,recover-20220922,001,1795
83.6855,83.72540000000001,68437,82296,Rhinolophus ferrumequinum,0.027,0.027,-1,Echolocation,/mnt/ubna_data_02_mir/recover-20220922/UBNA_001/20220921_090000.WAV,Telephone Field,recover-20220922,001,1795
83.7265,83.7692,68437,83217,Rhinolophus ferrumequinum,0.045,0.045,-1,Echolocation,/mnt/ubna_data_02_mir/recover-20220922/UBNA_001/20220921_090000.WAV,Telephone Field,recover-20220922,001,1795
83.7435,83.7587,22031,26386,Nyctalus leisleri,0.021,0.04,-1,Echolocation,/mnt/ubna_data_02_mir/recover-20220922/UBNA_001/20220921_090000.WAV,Telephone Field,recover-20220922,001,1795
83.7515,83.79390000000001,68437,83602,Rhinolophus ferrumequinum,0.033,0.033,-1,Echolocation,/mnt/ubna_data_02_mir/recover-20220922/UBNA_001/20220921_090000.WAV,Telephone Field,recover-20220922,001,1795
83.7715,83.80969999999999,68437,82266,Rhinolophus ferrumequinum,0.021,0.021,-1,Echolocation,/mnt/ubna_data_02_mir/recover-20220922/UBNA_001/20220921_090000.WAV,Telephone Field,recover-20220922,001,1795
83.7955,83.8061,26328,33818,Eptesicus serotinus,0.022,0.045,-1,Echolocation,/mnt/ubna_data_02_mir/recover-20220922/UBNA_001/20220921_090000.WAV,Telephone Field,recover-20220922,001,1795
83.8145,83.8215,51250,56711,Pipistrellus pipistrellus,0.019,0.027,-1,Echolocation,/mnt/ubna_data_02_mir/recover-20220922/UBNA_001/20220921_090000.WAV,Telephone Field,recover-20220922,001,1795
83.8685,83.8763,46093,50210,Pipistrellus pipistrellus,0.038,0.041,-1,Echolocation,/mnt/ubna_data_02_mir/recover-20220922/UBNA_001/20220921_090000.WAV,Telephone Field,recover-20220922,001,1795
83.87049999999999,83.88210000000001,28906,36378,Eptesicus serotinus,0.013,0.028,-1,Echolocation,/mnt/ubna_data_02_mir/recover-20220922/UBNA_001/20220921_090000.WAV,Telephone Field,recover-20220922,001,1795
83.8805,83.8948,53828,57924,Pipistrellus pygmaeus,0.022,0.025,-1,Echolocation,/mnt/ubna_data_02_mir/recover-20220922/UBNA_001/20220921_090000.WAV,Telephone Field,recover-20220922,001,1795
83.8815,83.8874,25468,36955,Plecotus austriacus,0.021,0.051,-1,Echolocation,/mnt/ubna_data_02_mir/recover-20220922/UBNA_001/20220921_090000.WAV,Telephone Field,recover-20220922,001,1795
83.8875,83.9257,68437,82544,Rhinolophus ferrumequinum,0.021,0.021,-1,Echolocation,/mnt/ubna_data_02_mir/recover-20220922/UBNA_001/20220921_090000.WAV,Telephone Field,recover-20220922,001,1795
83.9015,83.9399,68437,82476,Rhinolophus ferrumequinum,0.024,0.024,-1,Echolocation,/mnt/ubna_data_02_mir/recover-20220922/UBNA_001/20220921_090000.WAV,Telephone Field,recover-20220922,001,1795
83.9395,83.9784,68437,82338,Rhinolophus ferrumequinum,0.022,0.022,-1,Echolocation,/mnt/ubna_data_02_mir/recover-20220922/UBNA_001/20220921_090000.WAV,Telephone Field,recover-20220922,001,1795
83.9855,83.9957,22890,29030,Nyctalus leisleri,0.009,0.022,-1,Echolocation,/mnt/ubna_data_02_mir/recover-20220922/UBNA_001/20220921_090000.WAV,Telephone Field,recover-20220922,001,1795
84.0015,84.0104,30625,39553,Eptesicus serotinus,0.009,0.029,-1,Echolocation,/mnt/ubna_data_02_mir/recover-20220922/UBNA_001/20220921_090000.WAV,Telephone Field,recover-20220922,001,1795
84.0015,84.0355,69296,80870,Rhinolophus ferrumequinum,0.041,0.041,-1,Echolocation,/mnt/ubna_data_02_mir/recover-20220922/UBNA_001/20220921_090000.WAV,Telephone Field,recover-20220922,001,1795
84.0015,84.0119,22031,29115,Nyctalus leisleri,0.016,0.04,-1,Echolocation,/mnt/ubna_data_02_mir/recover-20220922/UBNA_001/20220921_090000.WAV,Telephone Field,recover-20220922,001,1795
84.0315,84.0412,23750,30361,Nyctalus leisleri,0.008,0.023,-1,Echolocation,/mnt/ubna_data_02_mir/recover-20220922/UBNA_001/20220921_090000.WAV,Telephone Field,recover-20220922,001,1795
84.03450000000001,84.0704,68437,81585,Rhinolophus ferrumequinum,0.023,0.023,-1,Echolocation,/mnt/ubna_data_02_mir/recover-20220922/UBNA_001/20220921_090000.WAV,Telephone Field,recover-20220922,001,1795
84.0505,84.0594,27187,37910,Eptesicus serotinus,0.01,0.025,-1,Echolocation,/mnt/ubna_data_02_mir/recover-20220922/UBNA_001/20220921_090000.WAV,Telephone Field,recover-20220922,001,1795
84.1015,84.1391,68437,81789,Rhinolophus ferrumequinum,0.029,0.029,-1,Echolocation,/mnt/ubna_data_02_mir/recover-20220922/UBNA_001/20220921_090000.WAV,Telephone Field,recover-20220922,001,1795
84.1525,84.1885,68437,81569,Rhinolophus ferrumequinum,0.024,0.024,-1,Echolocation,/mnt/ubna_data_02_mir/recover-20220922/UBNA_001/20220921_090000.WAV,Telephone Field,recover-20220922,001,1795
84.1685,84.207,68437,81694,Rhinolophus ferrumequinum,0.022,0.022,-1,Echolocation,/mnt/ubna_data_02_mir/recover-20220922/UBNA_001/20220921_090000.WAV,Telephone Field,recover-20220922,001,1795
84.2045,84.2453,68437,83021,Rhinolophus ferrumequinum,0.029,0.029,-1,Echolocation,/mnt/ubna_data_02_mir/recover-20220922/UBNA_001/20220921_090000.WAV,Telephone Field,recover-20220922,001,1795
84.2235,84.2642,68437,82618,Rhinolophus ferrumequinum,0.022,0.022,-1,Echolocation,/mnt/ubna_data_02_mir/recover-20220922/UBNA_001/20220921_090000.WAV,Telephone Field,recover-20220922,001,1795
84.2235,84.2347,22890,27566,Nyctalus leisleri,0.011,0.023,-1,Echolocation,/mnt/ubna_data_02_mir/recover-20220922/UBNA_001/20220921_090000.WAV,Telephone Field,recover-20220922,001,1795
84.2555,84.2948,68437,81921,Rhinolophus ferrumequinum,0.024,0.024,-1,Echolocation,/mnt/ubna_data_02_mir/recover-20220922/UBNA_001/20220921_090000.WAV,Telephone Field,recover-20220922,001,1795
84.2825,84.3221,68437,82188,Rhinolophus ferrumequinum,0.034,0.034,-1,Echolocation,/mnt/ubna_data_02_mir/recover-20220922/UBNA_001/20220921_090000.WAV,Telephone Field,recover-20220922,001,1795
84.2865,84.2935,27187,39130,Eptesicus serotinus,0.006,0.022,-1,Echolocation,/mnt/ubna_data_02_mir/recover-20220922/UBNA_001/20220921_090000.WAV,Telephone Field,recover-20220922,001,1795
84.2995,84.3389,68437,82901,Rhinolophus ferrumequinum,0.026,0.026,-1,Echolocation,/mnt/ubna_data_02_mir/recover-20220922/UBNA_001/20220921_090000.WAV,Telephone Field,recover-20220922,001,1795
84.3185,84.3261,31484,39135,Barbastellus barbastellus,0.008,0.028,-1,Echolocation,/mnt/ubna_data_02_mir/recover-20220922/UBNA_001/20220921_090000.WAV,Telephone Field,recover-20220922,001,1795
84.3265,84.3648,68437,82126,Rhinolophus ferrumequinum,0.026,0.027,-1,Echolocation,/mnt/ubna_data_02_mir/recover-20220922/UBNA_001/20220921_090000.WAV,Telephone Field,recover-20220922,001,1795
84.3545,84.3663,25468,31659,Eptesicus serotinus,0.017,0.041,-1,Echolocation,/mnt/ubna_data_02_mir/recover-20220922/UBNA_001/20220921_090000.WAV,Telephone Field,recover-20220922,001,1795
84.37950000000001,84.4182,68437,81944,Rhinolophus ferrumequinum,0.022,0.022,-1,Echolocation,/mnt/ubna_data_02_mir/recover-20220922/UBNA_001/20220921_090000.WAV,Telephone Field,recover-20220922,001,1795
84.3865,84.3949,27187,37678,Eptesicus serotinus,0.007,0.023,-1,Echolocation,/mnt/ubna_data_02_mir/recover-20220922/UBNA_001/20220921_090000.WAV,Telephone Field,recover-20220922,001,1795
84.4125,84.4503,68437,81311,Rhinolophus ferrumequinum,0.045,0.045,-1,Echolocation,/mnt/ubna_data_02_mir/recover-20220922/UBNA_001/20220921_090000.WAV,Telephone Field,recover-20220922,001,1795
84.4175,84.4246,26328,36732,Eptesicus serotinus,0.008,0.026,-1,Echolocation,/mnt/ubna_data_02_mir/recover-20220922/UBNA_001/20220921_090000.WAV,Telephone Field,recover-20220922,001,1795
84.4345,84.4454,43515,48617,Pipistrellus pipistrellus,0.024,0.035,-1,Echolocation,/mnt/ubna_data_02_mir/recover-20220922/UBNA_001/20220921_090000.WAV,Telephone Field,recover-20220922,001,1795
84.4435,84.4796,68437,81793,Rhinolophus ferrumequinum,0.022,0.022,-1,Echolocation,/mnt/ubna_data_02_mir/recover-20220922/UBNA_001/20220921_090000.WAV,Telephone Field,recover-20220922,001,1795
84.5005,84.5085,28046,39234,Eptesicus serotinus,0.007,0.022,-1,Echolocation,/mnt/ubna_data_02_mir/recover-20220922/UBNA_001/20220921_090000.WAV,Telephone Field,recover-20220922,001,1795
84.51650000000001,84.5585,68437,82347,Rhinolophus ferrumequinum,0.023,0.023,-1,Echolocation,/mnt/ubna_data_02_mir/recover-20220922/UBNA_001/20220921_090000.WAV,Telephone Field,recover-20220922,001,1795
84.5305,84.5699,68437,82200,Rhinolophus ferrumequinum,0.022,0.022,-1,Echolocation,/mnt/ubna_data_02_mir/recover-20220922/UBNA_001/20220921_090000.WAV,Telephone Field,recover-20220922,001,1795
84.5455,84.5566,56406,61239,Pipistrellus pygmaeus,0.033,0.034,-1,Echolocation,/mnt/ubna_data_02_mir/recover-20220922/UBNA_001/20220921_090000.WAV,Telephone Field,recover-20220922,001,1795
84.5635,84.5726,42656,46483,Pipistrellus pipistrellus,0.018,0.022,-1,Echolocation,/mnt/ubna_data_02_mir/recover-20220922/UBNA_001/20220921_090000.WAV,Telephone Field,recover-20220922,001,1795
84.6435,84.6812,68437,81588,Rhinolophus ferrumequinum,0.022,0.023,-1,Echolocation,/mnt/ubna_data_02_mir/recover-20220922/UBNA_001/20220921_090000.WAV,Telephone Field,recover-20220922,001,1795
84.6455,84.6533,26328,35847,Eptesicus serotinus,0.009,0.026,-1,Echolocation,/mnt/ubna_data_02_mir/recover-20220922/UBNA_001/20220921_090000.WAV,Telephone Field,recover-20220922,001,1795
84.6625,84.7049,68437,83048,Rhinolophus ferrumequinum,0.026,0.026,-1,Echolocation,/mnt/ubna_data_02_mir/recover-20220922/UBNA_001/20220921_090000.WAV,Telephone Field,recover-20220922,001,1795
84.6745,84.7183,68437,83654,Rhinolophus ferrumequinum,0.05,0.05,-1,Echolocation,/mnt/ubna_data_02_mir/recover-20220922/UBNA_001/20220921_090000.WAV,Telephone Field,recover-20220922,001,1795
84.6925,84.70609999999999,22890,27621,Nyctalus leisleri,0.015,0.03,-1,Echolocation,/mnt/ubna_data_02_mir/recover-20220922/UBNA_001/20220921_090000.WAV,Telephone Field,recover-20220922,001,1795
84.7305,84.7398,28046,36822,Eptesicus serotinus,0.011,0.026,-1,Echolocation,/mnt/ubna_data_02_mir/recover-20220922/UBNA_001/20220921_090000.WAV,Telephone Field,recover-20220922,001,1795
84.7475,84.7832,68437,81070,Rhinolophus ferrumequinum,0.022,0.022,-1,Echolocation,/mnt/ubna_data_02_mir/recover-20220922/UBNA_001/20220921_090000.WAV,Telephone Field,recover-20220922,001,1795
84.7625,84.8029,68437,82529,Rhinolophus ferrumequinum,0.022,0.022,-1,Echolocation,/mnt/ubna_data_02_mir/recover-20220922/UBNA_001/20220921_090000.WAV,Telephone Field,recover-20220922,001,1795
84.7825,84.8238,68437,82296,Rhinolophus ferrumequinum,0.021,0.021,-1,Echolocation,/mnt/ubna_data_02_mir/recover-20220922/UBNA_001/20220921_090000.WAV,Telephone Field,recover-20220922,001,1795
84.7875,84.7942,48671,52989,Pipistrellus pipistrellus,0.023,0.025,-1,Echolocation,/mnt/ubna_data_02_mir/recover-20220922/UBNA_001/20220921_090000.WAV,Telephone Field,recover-20220922,001,1795
84.7985,84.8373,68437,81719,Rhinolophus ferrumequinum,0.022,0.022,-1,Echolocation,/mnt/ubna_data_02_mir/recover-20220922/UBNA_001/20220921_090000.WAV,Telephone Field,recover-20220922,001,1795
84.8395,84.8499,28906,37852,Eptesicus serotinus,0.012,0.024,-1,Echolocation,/mnt/ubna_data_02_mir/recover-20220922/UBNA_001/20220921_090000.WAV,Telephone Field,recover-20220922,001,1795
84.8455,84.8832,68437,81774,Rhinolophus ferrumequinum,0.022,0.022,-1,Echolocation,/mnt/ubna_data_02_mir/recover-20220922/UBNA_001/20220921_090000.WAV,Telephone Field,recover-20220922,001,1795
84.8505,84.8576,55546,60372,Pipistrellus pygmaeus,0.023,0.025,-1,Echolocation,/mnt/ubna_data_02_mir/recover-20220922/UBNA_001/20220921_090000.WAV,Telephone Field,recover-20220922,001,1795
84.8875,84.8947,27187,43803,Eptesicus serotinus,0.008,0.024,-1,Echolocation,/mnt/ubna_data_02_mir/recover-20220922/UBNA_001/20220921_090000.WAV,Telephone Field,recover-20220922,001,1795
84.89750000000001,84.9349,68437,82136,Rhinolophus ferrumequinum,0.021,0.021,-1,Echolocation,/mnt/ubna_data_02_mir/recover-20220922/UBNA_001/20220921_090000.WAV,Telephone Field,recover-20220922,001,1795
84.9205,84.9624,68437,82374,Rhinolophus ferrumequinum,0.028,0.028,-1,Echolocation,/mnt/ubna_data_02_mir/recover-20220922/UBNA_001/20220921_090000.WAV,Telephone Field,recover-20220922,001,1795
84.9605,85.0037,68437,82980,Rhinolophus ferrumequinum,0.026,0.026,-1,Echolocation,/mnt/ubna_data_02_mir/recover-20220922/UBNA_001/20220921_090000.WAV,Telephone Field,recover-20220922,001,1795
84.9905,85.0327,68437,83534,Rhinolophus ferrumequinum,0.036,0.036,-1,Echolocation,/mnt/ubna_data_02_mir/recover-20220922/UBNA_001/20220921_090000.WAV,Telephone Field,recover-20220922,001,1795
85.0035,85.04599999999999,68437,82774,Rhinolophus ferrumequinum,0.025,0.025,-1,Echolocation,/mnt/ubna_data_02_mir/recover-20220922/UBNA_001/20220921_090000.WAV,Telephone Field,recover-20220922,001,1795
85.0125,85.0544,68437,82778,Rhinolophus ferrumequinum,0.022,0.022,-1,Echolocation,/mnt/ubna_data_02_mir/recover-20220922/UBNA_001/20220921_090000.WAV,Telephone Field,recover-20220922,001,1795
85.0195,85.0278,28046,39564,Eptesicus serotinus,0.008,0.023,-1,Echolocation,/mnt/ubna_data_02_mir/recover-20220922/UBNA_001/20220921_090000.WAV,Telephone Field,recover-20220922,001,1795
85.0215,85.06190000000001,68437,82578,Rhinolophus ferrumequinum,0.022,0.022,-1,Echolocation,/mnt/ubna_data_02_mir/recover-20220922/UBNA_001/20220921_090000.WAV,Telephone Field,recover-20220922,001,1795
85.0735,85.1137,68437,81803,Rhinolophus ferrumequinum,0.034,0.034,-1,Echolocation,/mnt/ubna_data_02_mir/recover-20220922/UBNA_001/20220921_090000.WAV,Telephone Field,recover-20220922,001,1795
85.0915,85.1288,68437,81605,Rhinolophus ferrumequinum,0.022,0.022,-1,Echolocation,/mnt/ubna_data_02_mir/recover-20220922/UBNA_001/20220921_090000.WAV,Telephone Field,recover-20220922,001,1795
85.1555,85.1642,47812,54702,Pipistrellus pipistrellus,0.024,0.027,-1,Echolocation,/mnt/ubna_data_02_mir/recover-20220922/UBNA_001/20220921_090000.WAV,Telephone Field,recover-20220922,001,1795
85.17150000000001,85.2076,68437,81662,Rhinolophus ferrumequinum,0.021,0.021,-1,Echolocation,/mnt/ubna_data_02_mir/recover-20220922/UBNA_001/20220921_090000.WAV,Telephone Field,recover-20220922,001,1795
85.1805,85.21979999999999,68437,82316,Rhinolophus ferrumequinum,0.024,0.024,-1,Echolocation,/mnt/ubna_data_02_mir/recover-20220922/UBNA_001/20220921_090000.WAV,Telephone Field,recover-20220922,001,1795
85.1885,85.1969,28046,38108,Eptesicus serotinus,0.008,0.021,-1,Echolocation,/mnt/ubna_data_02_mir/recover-20220922/UBNA_001/20220921_090000.WAV,Telephone Field,recover-20220922,001,1795
85.2045,85.245,68437,82937,Rhinolophus ferrumequinum,0.029,0.029,-1,Echolocation,/mnt/ubna_data_02_mir/recover-20220922/UBNA_001/20220921_090000.WAV,Telephone Field,recover-20220922,001,1795
85.2175,85.22749999999999,22031,28656,Plecotus austriacus,0.01,0.032,-1,Echolocation,/mnt/ubna_data_02_mir/recover-20220922/UBNA_001/20220921_090000.WAV,Telephone Field,recover-20220922,001,1795
85.2205,85.2577,68437,81304,Rhinolophus ferrumequinum,0.029,0.029,-1,Echolocation,/mnt/ubna_data_02_mir/recover-20220922/UBNA_001/20220921_090000.WAV,Telephone Field,recover-20220922,001,1795
85.23949999999999,85.2482,27187,38577,Eptesicus serotinus,0.008,0.023,-1,Echolocation,/mnt/ubna_data_02_mir/recover-20220922/UBNA_001/20220921_090000.WAV,Telephone Field,recover-20220922,001,1795
85.2435,85.257,41796,45925,Pipistrellus nathusii,0.054,0.072,-1,Echolocation,/mnt/ubna_data_02_mir/recover-20220922/UBNA_001/20220921_090000.WAV,Telephone Field,recover-20220922,001,1795
85.26050000000001,85.2972,68437,81742,Rhinolophus ferrumequinum,0.023,0.023,-1,Echolocation,/mnt/ubna_data_02_mir/recover-20220922/UBNA_001/20220921_090000.WAV,Telephone Field,recover-20220922,001,1795
85.3305,85.3381,25468,34870,Eptesicus serotinus,0.008,0.024,-1,Echolocation,/mnt/ubna_data_02_mir/recover-20220922/UBNA_001/20220921_090000.WAV,Telephone Field,recover-20220922,001,1795
85.3425,85.3512,28046,38684,Eptesicus serotinus,0.008,0.022,-1,Echolocation,/mnt/ubna_data_02_mir/recover-20220922/UBNA_001/20220921_090000.WAV,Telephone Field,recover-20220922,001,1795
85.3575,85.4007,68437,82737,Rhinolophus ferrumequinum,0.025,0.025,-1,Echolocation,/mnt/ubna_data_02_mir/recover-20220922/UBNA_001/20220921_090000.WAV,Telephone Field,recover-20220922,001,1795
85.3755,85.3857,28906,37117,Eptesicus serotinus,0.01,0.025,-1,Echolocation,/mnt/ubna_data_02_mir/recover-20220922/UBNA_001/20220921_090000.WAV,Telephone Field,recover-20220922,001,1795
85.3845,85.4204,68437,80353,Rhinolophus ferrumequinum,0.027,0.027,-1,Echolocation,/mnt/ubna_data_02_mir/recover-20220922/UBNA_001/20220921_090000.WAV,Telephone Field,recover-20220922,001,1795
85.4055,85.44630000000001,68437,81981,Rhinolophus ferrumequinum,0.023,0.023,-1,Echolocation,/mnt/ubna_data_02_mir/recover-20220922/UBNA_001/20220921_090000.WAV,Telephone Field,recover-20220922,001,1795
85.4135,85.4516,68437,82002,Rhinolophus ferrumequinum,0.024,0.024,-1,Echolocation,/mnt/ubna_data_02_mir/recover-20220922/UBNA_001/20220921_090000.WAV,Telephone Field,recover-20220922,001,1795
85.4255,85.4632,68437,82683,Rhinolophus ferrumequinum,0.025,0.025,-1,Echolocation,/mnt/ubna_data_02_mir/recover-20220922/UBNA_001/20220921_090000.WAV,Telephone Field,recover-20220922,001,1795
85.4315,85.4676,68437,82624,Rhinolophus ferrumequinum,0.023,0.023,-1,Echolocation,/mnt/ubna_data_02_mir/recover-20220922/UBNA_001/20220921_090000.WAV,Telephone Field,recover-20220922,001,1795
85.4445,85.4854,68437,82366,Rhinolophus ferrumequinum,0.023,0.023,-1,Echolocation,/mnt/ubna_data_02_mir/recover-20220922/UBNA_001/20220921_090000.WAV,Telephone Field,recover-20220922,001,1795
85.4475,85.4545,40937,51890,Myotis daubentonii,0.005,0.024,-1,Echolocation,/mnt/ubna_data_02_mir/recover-20220922/UBNA_001/20220921_090000.WAV,Telephone Field,recover-20220922,001,1795
85.45949999999999,85.5001,68437,82803,Rhinolophus ferrumequinum,0.029,0.029,-1,Echolocation,/mnt/ubna_data_02_mir/recover-20220922/UBNA_001/20220921_090000.WAV,Telephone Field,recover-20220922,001,1795
85.4645,85.4784,46953,49460,Pipistrellus pipistrellus,0.089,0.099,-1,Echolocation,/mnt/ubna_data_02_mir/recover-20220922/UBNA_001/20220921_090000.WAV,Telephone Field,recover-20220922,001,1795
85.5025,85.5096,28046,37861,Eptesicus serotinus,0.008,0.025,-1,Echolocation,/mnt/ubna_data_02_mir/recover-20220922/UBNA_001/20220921_090000.WAV,Telephone Field,recover-20220922,001,1795
85.5035,85.5444,68437,82660,Rhinolophus ferrumequinum,0.029,0.029,-1,Echolocation,/mnt/ubna_data_02_mir/recover-20220922/UBNA_001/20220921_090000.WAV,Telephone Field,recover-20220922,001,1795
85.5125,85.5237,23750,28843,Nyctalus leisleri,0.011,0.023,-1,Echolocation,/mnt/ubna_data_02_mir/recover-20220922/UBNA_001/20220921_090000.WAV,Telephone Field,recover-20220922,001,1795
85.5275,85.5645,68437,81202,Rhinolophus ferrumequinum,0.021,0.021,-1,Echolocation,/mnt/ubna_data_02_mir/recover-20220922/UBNA_001/20220921_090000.WAV,Telephone Field,recover-20220922,001,1795
85.5385,85.5776,68437,81967,Rhinolophus ferrumequinum,0.024,0.024,-1,Echolocation,/mnt/ubna_data_02_mir/recover-20220922/UBNA_001/20220921_090000.WAV,Telephone Field,recover-20220922,001,1795
85.5495,85.5606,23750,29340,Nyctalus leisleri,0.01,0.024,-1,Echolocation,/mnt/ubna_data_02_mir/recover-20220922/UBNA_001/20220921_090000.WAV,Telephone Field,recover-20220922,001,1795
85.6275,85.6625,68437,81030,Rhinolophus ferrumequinum,0.023,0.023,-1,Echolocation,/mnt/ubna_data_02_mir/recover-20220922/UBNA_001/20220921_090000.WAV,Telephone Field,recover-20220922,001,1795
85.6385,85.6752,68437,81540,Rhinolophus ferrumequinum,0.022,0.022,-1,Echolocation,/mnt/ubna_data_02_mir/recover-20220922/UBNA_001/20220921_090000.WAV,Telephone Field,recover-20220922,001,1795
85.6615,85.6692,28046,38059,Eptesicus serotinus,0.006,0.023,-1,Echolocation,/mnt/ubna_data_02_mir/recover-20220922/UBNA_001/20220921_090000.WAV,Telephone Field,recover-20220922,001,1795
85.67150000000001,85.6793,27187,38111,Eptesicus serotinus,0.007,0.023,-1,Echolocation,/mnt/ubna_data_02_mir/recover-20220922/UBNA_001/20220921_090000.WAV,Telephone Field,recover-20220922,001,1795
85.7245,85.7307,24609,35140,Plecotus austriacus,0.016,0.034,-1,Echolocation,/mnt/ubna_data_02_mir/recover-20220922/UBNA_001/20220921_090000.WAV,Telephone Field,recover-20220922,001,1795
85.7475,85.7568,28046,36980,Eptesicus serotinus,0.009,0.024,-1,Echolocation,/mnt/ubna_data_02_mir/recover-20220922/UBNA_001/20220921_090000.WAV,Telephone Field,recover-20220922,001,1795
85.7575,85.7678,26328,34463,Eptesicus serotinus,0.013,0.026,-1,Echolocation,/mnt/ubna_data_02_mir/recover-20220922/UBNA_001/20220921_090000.WAV,Telephone Field,recover-20220922,001,1795
85.7735,85.815,68437,82850,Rhinolophus ferrumequinum,0.024,0.024,-1,Echolocation,/mnt/ubna_data_02_mir/recover-20220922/UBNA_001/20220921_090000.WAV,Telephone Field,recover-20220922,001,1795
85.7975,85.837,68437,81773,Rhinolophus ferrumequinum,0.023,0.023,-1,Echolocation,/mnt/ubna_data_02_mir/recover-20220922/UBNA_001/20220921_090000.WAV,Telephone Field,recover-20220922,001,1795
85.8025,85.813,23750,29851,Nyctalus leisleri,0.01,0.025,-1,Echolocation,/mnt/ubna_data_02_mir/recover-20220922/UBNA_001/20220921_090000.WAV,Telephone Field,recover-20220922,001,1795
85.82849999999999,85.8657,68437,81824,Rhinolophus ferrumequinum,0.024,0.024,-1,Echolocation,/mnt/ubna_data_02_mir/recover-20220922/UBNA_001/20220921_090000.WAV,Telephone Field,recover-20220922,001,1795
85.84649999999999,85.8845,68437,81889,Rhinolophus ferrumequinum,0.022,0.022,-1,Echolocation,/mnt/ubna_data_02_mir/recover-20220922/UBNA_001/20220921_090000.WAV,Telephone Field,recover-20220922,001,1795
85.8535,85.8916,68437,81794,Rhinolophus ferrumequinum,0.023,0.023,-1,Echolocation,/mnt/ubna_data_02_mir/recover-20220922/UBNA_001/20220921_090000.WAV,Telephone Field,recover-20220922,001,1795
85.8605,85.8712,32343,38463,Eptesicus serotinus,0.009,0.028,-1,Echolocation,/mnt/ubna_data_02_mir/recover-20220922/UBNA_001/20220921_090000.WAV,Telephone Field,recover-20220922,001,1795
85.90350000000001,85.94669999999999,68437,83197,Rhinolophus ferrumequinum,0.029,0.029,-1,Echolocation,/mnt/ubna_data_02_mir/recover-20220922/UBNA_001/20220921_090000.WAV,Telephone Field,recover-20220922,001,1795
85.91550000000001,85.958,68437,82957,Rhinolophus ferrumequinum,0.027,0.027,-1,Echolocation,/mnt/ubna_data_02_mir/recover-20220922/UBNA_001/20220921_090000.WAV,Telephone Field,recover-20220922,001,1795
85.9285,85.9365,28046,38723,Eptesicus serotinus,0.008,0.022,-1,Echolocation,/mnt/ubna_data_02_mir/recover-20220922/UBNA_001/20220921_090000.WAV,Telephone Field,recover-20220922,001,1795
85.95349999999999,85.9921,68437,81684,Rhinolophus ferrumequinum,0.025,0.025,-1,Echolocation,/mnt/ubna_data_02_mir/recover-20220922/UBNA_001/20220921_090000.WAV,Telephone Field,recover-20220922,001,1795
86.0015,86.0102,22031,27996,Nyctalus leisleri,0.009,0.024,-1,Echolocation,/mnt/ubna_data_02_mir/recover-20220922/UBNA_001/20220921_090000.WAV,Telephone Field,recover-20220922,001,1795
86.0015,86.0325,68437,80042,Rhinolophus ferrumequinum,0.033,0.033,-1,Echolocation,/mnt/ubna_data_02_mir/recover-20220922/UBNA_001/20220921_090000.WAV,Telephone Field,recover-20220922,001,1795
86.0955,86.1061,22890,27693,Nyctalus leisleri,0.013,0.025,-1,Echolocation,/mnt/ubna_data_02_mir/recover-20220922/UBNA_001/20220921_090000.WAV,Telephone Field,recover-20220922,001,1795
86.1135,86.1539,68437,82559,Rhinolophus ferrumequinum,0.029,0.029,-1,Echolocation,/mnt/ubna_data_02_mir/recover-20220922/UBNA_001/20220921_090000.WAV,Telephone Field,recover-20220922,001,1795
86.1265,86.1643,68437,82489,Rhinolophus ferrumequinum,0.022,0.022,-1,Echolocation,/mnt/ubna_data_02_mir/recover-20220922/UBNA_001/20220921_090000.WAV,Telephone Field,recover-20220922,001,1795
86.1265,86.135,14296,23419,Plecotus auritus,0.016,0.032,-1,Echolocation,/mnt/ubna_data_02_mir/recover-20220922/UBNA_001/20220921_090000.WAV,Telephone Field,recover-20220922,001,1795
86.1665,86.2063,68437,82027,Rhinolophus ferrumequinum,0.024,0.024,-1,Echolocation,/mnt/ubna_data_02_mir/recover-20220922/UBNA_001/20220921_090000.WAV,Telephone Field,recover-20220922,001,1795
86.1885,86.2249,68437,81609,Rhinolophus ferrumequinum,0.021,0.021,-1,Echolocation,/mnt/ubna_data_02_mir/recover-20220922/UBNA_001/20220921_090000.WAV,Telephone Field,recover-20220922,001,1795
86.2235,86.26050000000001,68437,81926,Rhinolophus ferrumequinum,0.022,0.022,-1,Echolocation,/mnt/ubna_data_02_mir/recover-20220922/UBNA_001/20220921_090000.WAV,Telephone Field,recover-20220922,001,1795
86.22749999999999,86.2361,23750,31836,Plecotus austriacus,0.008,0.026,-1,Echolocation,/mnt/ubna_data_02_mir/recover-20220922/UBNA_001/20220921_090000.WAV,Telephone Field,recover-20220922,001,1795
86.2425,86.2834,68437,82659,Rhinolophus ferrumequinum,0.025,0.025,-1,Echolocation,/mnt/ubna_data_02_mir/recover-20220922/UBNA_001/20220921_090000.WAV,Telephone Field,recover-20220922,001,1795
86.2685,86.2777,28046,36510,Eptesicus serotinus,0.01,0.023,-1,Echolocation,/mnt/ubna_data_02_mir/recover-20220922/UBNA_001/20220921_090000.WAV,Telephone Field,recover-20220922,001,1795
86.2835,86.3212,68437,81752,Rhinolophus ferrumequinum,0.022,0.022,-1,Echolocation,/mnt/ubna_data_02_mir/recover-20220922/UBNA_001/20220921_090000.WAV,Telephone Field,recover-20220922,001,1795
86.3125,86.3489,68437,81957,Rhinolophus ferrumequinum,0.023,0.023,-1,Echolocation,/mnt/ubna_data_02_mir/recover-20220922/UBNA_001/20220921_090000.WAV,Telephone Field,recover-20220922,001,1795
86.4395,86.4744,68437,82057,Rhinolophus ferrumequinum,0.025,0.025,-1,Echolocation,/mnt/ubna_data_02_mir/recover-20220922/UBNA_001/20220921_090000.WAV,Telephone Field,recover-20220922,001,1795
86.4685,86.4799,23750,29362,Nyctalus leisleri,0.012,0.03,-1,Echolocation,/mnt/ubna_data_02_mir/recover-20220922/UBNA_001/20220921_090000.WAV,Telephone Field,recover-20220922,001,1795
86.4705,86.5074,68437,81728,Rhinolophus ferrumequinum,0.023,0.023,-1,Echolocation,/mnt/ubna_data_02_mir/recover-20220922/UBNA_001/20220921_090000.WAV,Telephone Field,recover-20220922,001,1795
86.4785,86.4906,15156,22173,Nyctalus noctula,0.013,0.021,-1,Echolocation,/mnt/ubna_data_02_mir/recover-20220922/UBNA_001/20220921_090000.WAV,Telephone Field,recover-20220922,001,1795
86.4965,86.5062,28906,37316,Eptesicus serotinus,0.01,0.022,-1,Echolocation,/mnt/ubna_data_02_mir/recover-20220922/UBNA_001/20220921_090000.WAV,Telephone Field,recover-20220922,001,1795
86.4985,86.51050000000001,34062,39883,Eptesicus serotinus,0.006,0.024,-1,Echolocation,/mnt/ubna_data_02_mir/recover-20220922/UBNA_001/20220921_090000.WAV,Telephone Field,recover-20220922,001,1795
86.5005,86.5387,68437,81807,Rhinolophus ferrumequinum,0.028,0.028,-1,Echolocation,/mnt/ubna_data_02_mir/recover-20220922/UBNA_001/20220921_090000.WAV,Telephone Field,recover-20220922,001,1795
86.5155,86.5582,68437,82818,Rhinolophus ferrumequinum,0.036,0.036,-1,Echolocation,/mnt/ubna_data_02_mir/recover-20220922/UBNA_001/20220921_090000.WAV,Telephone Field,recover-20220922,001,1795
86.5365,86.5429,57265,64670,Pipistrellus pygmaeus,0.022,0.024,-1,Echolocation,/mnt/ubna_data_02_mir/recover-20220922/UBNA_001/20220921_090000.WAV,Telephone Field,recover-20220922,001,1795
86.5535,86.5933,68437,82334,Rhinolophus ferrumequinum,0.021,0.021,-1,Echolocation,/mnt/ubna_data_02_mir/recover-20220922/UBNA_001/20220921_090000.WAV,Telephone Field,recover-20220922,001,1795
86.5575,86.5681,23750,30103,Nyctalus leisleri,0.008,0.022,-1,Echolocation,/mnt/ubna_data_02_mir/recover-20220922/UBNA_001/20220921_090000.WAV,Telephone Field,recover-20220922,001,1795
86.5595,86.5966,68437,82137,Rhinolophus ferrumequinum,0.023,0.023,-1,Echolocation,/mnt/ubna_data_02_mir/recover-20220922/UBNA_001/20220921_090000.WAV,Telephone Field,recover-20220922,001,1795
86.5855,86.5972,23750,28352,Nyctalus leisleri,0.018,0.034,-1,Echolocation,/mnt/ubna_data_02_mir/recover-20220922/UBNA_001/20220921_090000.WAV,Telephone Field,recover-20220922,001,1795
86.60849999999999,86.6188,28906,36188,Eptesicus serotinus,0.01,0.024,-1,Echolocation,/mnt/ubna_data_02_mir/recover-20220922/UBNA_001/20220921_090000.WAV,Telephone Field,recover-20220922,001,1795
86.6335,86.6722,68437,82087,Rhinolophus ferrumequinum,0.022,0.022,-1,Echolocation,/mnt/ubna_data_02_mir/recover-20220922/UBNA_001/20220921_090000.WAV,Telephone Field,recover-20220922,001,1795
86.6725,86.6823,24609,31404,Eptesicus serotinus,0.008,0.022,-1,Echolocation,/mnt/ubna_data_02_mir/recover-20220922/UBNA_001/20220921_090000.WAV,Telephone Field,recover-20220922,001,1795
86.6725,86.712,68437,81362,Rhinolophus ferrumequinum,0.022,0.022,-1,Echolocation,/mnt/ubna_data_02_mir/recover-20220922/UBNA_001/20220921_090000.WAV,Telephone Field,recover-20220922,001,1795
86.7245,86.7635,68437,81976,Rhinolophus ferrumequinum,0.021,0.022,-1,Echolocation,/mnt/ubna_data_02_mir/recover-20220922/UBNA_001/20220921_090000.WAV,Telephone Field,recover-20220922,001,1795
86.74549999999999,86.7561,23750,29868,Nyctalus leisleri,0.01,0.026,-1,Echolocation,/mnt/ubna_data_02_mir/recover-20220922/UBNA_001/20220921_090000.WAV,Telephone Field,recover-20220922,001,1795
86.7475,86.7875,68437,82552,Rhinolophus ferrumequinum,0.03,0.03,-1,Echolocation,/mnt/ubna_data_02_mir/recover-20220922/UBNA_001/20220921_090000.WAV,Telephone Field,recover-20220922,001,1795
86.7775,86.788,23750,31098,Nyctalus leisleri,0.01,0.027,-1,Echolocation,/mnt/ubna_data_02_mir/recover-20220922/UBNA_001/20220921_090000.WAV,Telephone Field,recover-20220922,001,1795
86.7855,86.8197,68437,81377,Rhinolophus ferrumequinum,0.021,0.021,-1,Echolocation,/mnt/ubna_data_02_mir/recover-20220922/UBNA_001/20220921_090000.WAV,Telephone Field,recover-20220922,001,1795
86.8175,86.851,68437,80728,Rhinolophus ferrumequinum,0.03,0.03,-1,Echolocation,/mnt/ubna_data_02_mir/recover-20220922/UBNA_001/20220921_090000.WAV,Telephone Field,recover-20220922,001,1795
86.8495,86.8889,68437,81758,Rhinolophus ferrumequinum,0.027,0.027,-1,Echolocation,/mnt/ubna_data_02_mir/recover-20220922/UBNA_001/20220921_090000.WAV,Telephone Field,recover-20220922,001,1795
86.8675,86.8741,23750,32648,Plecotus austriacus,0.01,0.025,-1,Echolocation,/mnt/ubna_data_02_mir/recover-20220922/UBNA_001/20220921_090000.WAV,Telephone Field,recover-20220922,001,1795
86.8755,86.91159999999999,68437,81592,Rhinolophus ferrumequinum,0.025,0.025,-1,Echolocation,/mnt/ubna_data_02_mir/recover-20220922/UBNA_001/20220921_090000.WAV,Telephone Field,recover-20220922,001,1795
86.8895,86.9313,68437,83296,Rhinolophus ferrumequinum,0.03,0.03,-1,Echolocation,/mnt/ubna_data_02_mir/recover-20220922/UBNA_001/20220921_090000.WAV,Telephone Field,recover-20220922,001,1795
86.9165,86.9271,28046,36316,Eptesicus serotinus,0.011,0.022,-1,Echolocation,/mnt/ubna_data_02_mir/recover-20220922/UBNA_001/20220921_090000.WAV,Telephone Field,recover-20220922,001,1795
86.9285,86.937,28046,39490,Eptesicus serotinus,0.007,0.021,-1,Echolocation,/mnt/ubna_data_02_mir/recover-20220922/UBNA_001/20220921_090000.WAV,Telephone Field,recover-20220922,001,1795
86.9545,86.9959,68437,82940,Rhinolophus ferrumequinum,0.032,0.032,-1,Echolocation,/mnt/ubna_data_02_mir/recover-20220922/UBNA_001/20220921_090000.WAV,Telephone Field,recover-20220922,001,1795
86.9875,87.0303,68437,82697,Rhinolophus ferrumequinum,0.033,0.033,-1,Echolocation,/mnt/ubna_data_02_mir/recover-20220922/UBNA_001/20220921_090000.WAV,Telephone Field,recover-20220922,001,1795
87.0015,87.0113,45234,50598,Pipistrellus pipistrellus,0.033,0.038,-1,Echolocation,/mnt/ubna_data_02_mir/recover-20220922/UBNA_001/20220921_090000.WAV,Telephone Field,recover-20220922,001,1795
87.0145,87.0528,68437,81905,Rhinolophus ferrumequinum,0.021,0.021,-1,Echolocation,/mnt/ubna_data_02_mir/recover-20220922/UBNA_001/20220921_090000.WAV,Telephone Field,recover-20220922,001,1795
87.0395,87.0781,68437,82689,Rhinolophus ferrumequinum,0.022,0.022,-1,Echolocation,/mnt/ubna_data_02_mir/recover-20220922/UBNA_001/20220921_090000.WAV,Telephone Field,recover-20220922,001,1795
87.0685,87.1001,68437,79519,Rhinolophus ferrumequinum,0.024,0.024,-1,Echolocation,/mnt/ubna_data_02_mir/recover-20220922/UBNA_001/20220921_090000.WAV,Telephone Field,recover-20220922,001,1795
87.1005,87.1383,68437,81915,Rhinolophus ferrumequinum,0.023,0.023,-1,Echolocation,/mnt/ubna_data_02_mir/recover-20220922/UBNA_001/20220921_090000.WAV,Telephone Field,recover-20220922,001,1795
87.1155,87.15559999999999,68437,82349,Rhinolophus ferrumequinum,0.022,0.022,-1,Echolocation,/mnt/ubna_data_02_mir/recover-20220922/UBNA_001/20220921_090000.WAV,Telephone Field,recover-20220922,001,1795
87.13550000000001,87.1463,22890,28377,Nyctalus leisleri,0.009,0.022,-1,Echolocation,/mnt/ubna_data_02_mir/recover-20220922/UBNA_001/20220921_090000.WAV,Telephone Field,recover-20220922,001,1795
87.1755,87.2122,68437,82233,Rhinolophus ferrumequinum,0.022,0.022,-1,Echolocation,/mnt/ubna_data_02_mir/recover-20220922/UBNA_001/20220921_090000.WAV,Telephone Field,recover-20220922,001,1795
87.2205,87.2598,68437,82638,Rhinolophus ferrumequinum,0.027,0.027,-1,Echolocation,/mnt/ubna_data_02_mir/recover-20220922/UBNA_001/20220921_090000.WAV,Telephone Field,recover-20220922,001,1795
87.2575,87.2958,68437,81697,Rhinolophus ferrumequinum,0.027,0.027,-1,Echolocation,/mnt/ubna_data_02_mir/recover-20220922/UBNA_001/20220921_090000.WAV,Telephone Field,recover-20220922,001,1795
87.3075,87.3452,68437,82274,Rhinolophus ferrumequinum,0.023,0.023,-1,Echolocation,/mnt/ubna_data_02_mir/recover-20220922/UBNA_001/20220921_090000.WAV,Telephone Field,recover-20220922,001,1795
87.3125,87.3192,28046,42854,Eptesicus serotinus,0.007,0.023,-1,Echolocation,/mnt/ubna_data_02_mir/recover-20220922/UBNA_001/20220921_090000.WAV,Telephone Field,recover-20220922,001,1795
87.3295,87.3464,21171,23949,Nyctalus leisleri,0.017,0.025,-1,Echolocation,/mnt/ubna_data_02_mir/recover-20220922/UBNA_001/20220921_090000.WAV,Telephone Field,recover-20220922,001,1795
87.3845,87.3947,22031,29356,Plecotus austriacus,0.011,0.039,-1,Echolocation,/mnt/ubna_data_02_mir/recover-20220922/UBNA_001/20220921_090000.WAV,Telephone Field,recover-20220922,001,1795
87.3995,87.4376,68437,81851,Rhinolophus ferrumequinum,0.023,0.023,-1,Echolocation,/mnt/ubna_data_02_mir/recover-20220922/UBNA_001/20220921_090000.WAV,Telephone Field,recover-20220922,001,1795
87.4305,87.4691,68437,81416,Rhinolophus ferrumequinum,0.022,0.022,-1,Echolocation,/mnt/ubna_data_02_mir/recover-20220922/UBNA_001/20220921_090000.WAV,Telephone Field,recover-20220922,001,1795
87.4405,87.4773,68437,81382,Rhinolophus ferrumequinum,0.023,0.023,-1,Echolocation,/mnt/ubna_data_02_mir/recover-20220922/UBNA_001/20220921_090000.WAV,Telephone Field,recover-20220922,001,1795
87.4525,87.4618,25468,32317,Eptesicus serotinus,0.008,0.022,-1,Echolocation,/mnt/ubna_data_02_mir/recover-20220922/UBNA_001/20220921_090000.WAV,Telephone Field,recover-20220922,001,1795
87.45949999999999,87.49940000000001,68437,82444,Rhinolophus ferrumequinum,0.024,0.024,-1,Echolocation,/mnt/ubna_data_02_mir/recover-20220922/UBNA_001/20220921_090000.WAV,Telephone Field,recover-20220922,001,1795
87.5005,87.5117,23750,29525,Nyctalus leisleri,0.01,0.023,-1,Echolocation,/mnt/ubna_data_02_mir/recover-20220922/UBNA_001/20220921_090000.WAV,Telephone Field,recover-20220922,001,1795
87.5115,87.5498,68437,82271,Rhinolophus ferrumequinum,0.022,0.022,-1,Echolocation,/mnt/ubna_data_02_mir/recover-20220922/UBNA_001/20220921_090000.WAV,Telephone Field,recover-20220922,001,1795
87.5485,87.5621,23750,28756,Nyctalus leisleri,0.016,0.034,-1,Echolocation,/mnt/ubna_data_02_mir/recover-20220922/UBNA_001/20220921_090000.WAV,Telephone Field,recover-20220922,001,1795
87.5685,87.6082,68437,82453,Rhinolophus ferrumequinum,0.024,0.024,-1,Echolocation,/mnt/ubna_data_02_mir/recover-20220922/UBNA_001/20220921_090000.WAV,Telephone Field,recover-20220922,001,1795
87.5695,87.57939999999999,28046,36151,Eptesicus serotinus,0.009,0.021,-1,Echolocation,/mnt/ubna_data_02_mir/recover-20220922/UBNA_001/20220921_090000.WAV,Telephone Field,recover-20220922,001,1795
87.6065,87.6452,68437,82299,Rhinolophus ferrumequinum,0.023,0.023,-1,Echolocation,/mnt/ubna_data_02_mir/recover-20220922/UBNA_001/20220921_090000.WAV,Telephone Field,recover-20220922,001,1795
87.6315,87.64,46953,53789,Pipistrellus pipistrellus,0.02,0.023,-1,Echolocation,/mnt/ubna_data_02_mir/recover-20220922/UBNA_001/20220921_090000.WAV,Telephone Field,recover-20220922,001,1795
87.6525,87.6908,68437,82303,Rhinolophus ferrumequinum,0.027,0.027,-1,Echolocation,/mnt/ubna_data_02_mir/recover-20220922/UBNA_001/20220921_090000.WAV,Telephone Field,recover-20220922,001,1795
87.6765,87.6905,22031,26151,Nyctalus leisleri,0.012,0.022,-1,Echolocation,/mnt/ubna_data_02_mir/recover-20220922/UBNA_001/20220921_090000.WAV,Telephone Field,recover-20220922,001,1795
87.7205,87.7319,23750,29002,Nyctalus leisleri,0.011,0.027,-1,Echolocation,/mnt/ubna_data_02_mir/recover-20220922/UBNA_001/20220921_090000.WAV,Telephone Field,recover-20220922,001,1795
87.7475,87.78829999999999,68437,82546,Rhinolophus ferrumequinum,0.031,0.031,-1,Echolocation,/mnt/ubna_data_02_mir/recover-20220922/UBNA_001/20220921_090000.WAV,Telephone Field,recover-20220922,001,1795
87.7855,87.8241,68437,82254,Rhinolophus ferrumequinum,0.03,0.03,-1,Echolocation,/mnt/ubna_data_02_mir/recover-20220922/UBNA_001/20220921_090000.WAV,Telephone Field,recover-20220922,001,1795
87.8225,87.8632,68437,82735,Rhinolophus ferrumequinum,0.024,0.024,-1,Echolocation,/mnt/ubna_data_02_mir/recover-20220922/UBNA_001/20220921_090000.WAV,Telephone Field,recover-20220922,001,1795
87.8575,87.8947,68437,82195,Rhinolophus ferrumequinum,0.025,0.025,-1,Echolocation,/mnt/ubna_data_02_mir/recover-20220922/UBNA_001/20220921_090000.WAV,Telephone Field,recover-20220922,001,1795
87.8765,87.91890000000001,68437,83280,Rhinolophus ferrumequinum,0.03,0.03,-1,Echolocation,/mnt/ubna_data_02_mir/recover-20220922/UBNA_001/20220921_090000.WAV,Telephone Field,recover-20220922,001,1795
87.8985,87.9066,28046,40432,Eptesicus serotinus,0.008,0.022,-1,Echolocation,/mnt/ubna_data_02_mir/recover-20220922/UBNA_001/20220921_090000.WAV,Telephone Field,recover-20220922,001,1795
87.9175,87.9573,68437,82044,Rhinolophus ferrumequinum,0.024,0.024,-1,Echolocation,/mnt/ubna_data_02_mir/recover-20220922/UBNA_001/20220921_090000.WAV,Telephone Field,recover-20220922,001,1795
87.9635,87.9988,68437,81167,Rhinolophus ferrumequinum,0.022,0.022,-1,Echolocation,/mnt/ubna_data_02_mir/recover-20220922/UBNA_001/20220921_090000.WAV,Telephone Field,recover-20220922,001,1795
87.9695,87.98089999999999,23750,28844,Nyctalus leisleri,0.011,0.023,-1,Echolocation,/mnt/ubna_data_02_mir/recover-20220922/UBNA_001/20220921_090000.WAV,Telephone Field,recover-20220922,001,1795
88.0015,88.0371,68437,80882,Rhinolophus ferrumequinum,0.054,0.055,-1,Echolocation,/mnt/ubna_data_02_mir/recover-20220922/UBNA_001/20220921_090000.WAV,Telephone Field,recover-20220922,001,1795
88.0015,88.01050000000001,23750,31498,Nyctalus leisleri,0.011,0.032,-1,Echolocation,/mnt/ubna_data_02_mir/recover-20220922/UBNA_001/20220921_090000.WAV,Telephone Field,recover-20220922,001,1795
88.01050000000001,88.0551,68437,82592,Rhinolophus ferrumequinum,0.026,0.026,-1,Echolocation,/mnt/ubna_data_02_mir/recover-20220922/UBNA_001/20220921_090000.WAV,Telephone Field,recover-20220922,001,1795
88.0335,88.0442,22031,27338,Nyctalus leisleri,0.011,0.024,-1,Echolocation,/mnt/ubna_data_02_mir/recover-20220922/UBNA_001/20220921_090000.WAV,Telephone Field,recover-20220922,001,1795
88.04050000000001,88.054,55546,60353,Pipistrellus pygmaeus,0.024,0.025,-1,Echolocation,/mnt/ubna_data_02_mir/recover-20220922/UBNA_001/20220921_090000.WAV,Telephone Field,recover-20220922,001,1795
88.04650000000001,88.0872,68437,82794,Rhinolophus ferrumequinum,0.025,0.025,-1,Echolocation,/mnt/ubna_data_02_mir/recover-20220922/UBNA_001/20220921_090000.WAV,Telephone Field,recover-20220922,001,1795
88.0525,88.0638,28906,36099,Eptesicus serotinus,0.015,0.028,-1,Echolocation,/mnt/ubna_data_02_mir/recover-20220922/UBNA_001/20220921_090000.WAV,Telephone Field,recover-20220922,001,1795
88.0705,88.1079,68437,82029,Rhinolophus ferrumequinum,0.023,0.023,-1,Echolocation,/mnt/ubna_data_02_mir/recover-20220922/UBNA_001/20220921_090000.WAV,Telephone Field,recover-20220922,001,1795
88.09049999999999,88.099,28046,36069,Eptesicus serotinus,0.009,0.022,-1,Echolocation,/mnt/ubna_data_02_mir/recover-20220922/UBNA_001/20220921_090000.WAV,Telephone Field,recover-20220922,001,1795
88.0925,88.1276,68437,81696,Rhinolophus ferrumequinum,0.023,0.023,-1,Echolocation,/mnt/ubna_data_02_mir/recover-20220922/UBNA_001/20220921_090000.WAV,Telephone Field,recover-20220922,001,1795
88.1035,88.1425,68437,82031,Rhinolophus ferrumequinum,0.023,0.023,-1,Echolocation,/mnt/ubna_data_02_mir/recover-20220922/UBNA_001/20220921_090000.WAV,Telephone Field,recover-20220922,001,1795
88.12049999999999,88.15899999999999,68437,81981,Rhinolophus ferrumequinum,0.023,0.023,-1,Echolocation,/mnt/ubna_data_02_mir/recover-20220922/UBNA_001/20220921_090000.WAV,Telephone Field,recover-20220922,001,1795
88.1765,88.2154,68437,82098,Rhinolophus ferrumequinum,0.025,0.025,-1,Echolocation,/mnt/ubna_data_02_mir/recover-20220922/UBNA_001/20220921_090000.WAV,Telephone Field,recover-20220922,001,1795
88.20949999999999,88.2474,68437,82395,Rhinolophus ferrumequinum,0.025,0.025,-1,Echolocation,/mnt/ubna_data_02_mir/recover-20220922/UBNA_001/20220921_090000.WAV,Telephone Field,recover-20220922,001,1795
88.2195,88.2307,28046,34331,Eptesicus serotinus,0.014,0.028,-1,Echolocation,/mnt/ubna_data_02_mir/recover-20220922/UBNA_001/20220921_090000.WAV,Telephone Field,recover-20220922,001,1795
88.23349999999999,88.271,68437,81998,Rhinolophus ferrumequinum,0.026,0.026,-1,Echolocation,/mnt/ubna_data_02_mir/recover-20220922/UBNA_001/20220921_090000.WAV,Telephone Field,recover-20220922,001,1795
88.2385,88.2769,68437,81851,Rhinolophus ferrumequinum,0.025,0.025,-1,Echolocation,/mnt/ubna_data_02_mir/recover-20220922/UBNA_001/20220921_090000.WAV,Telephone Field,recover-20220922,001,1795
88.27250000000001,88.3147,68437,82795,Rhinolophus ferrumequinum,0.023,0.023,-1,Echolocation,/mnt/ubna_data_02_mir/recover-20220922/UBNA_001/20220921_090000.WAV,Telephone Field,recover-20220922,001,1795
88.2925,88.333,68437,82985,Rhinolophus ferrumequinum,0.026,0.026,-1,Echolocation,/mnt/ubna_data_02_mir/recover-20220922/UBNA_001/20220921_090000.WAV,Telephone Field,recover-20220922,001,1795
88.3045,88.34479999999999,68437,82878,Rhinolophus ferrumequinum,0.035,0.035,-1,Echolocation,/mnt/ubna_data_02_mir/recover-20220922/UBNA_001/20220921_090000.WAV,Telephone Field,recover-20220922,001,1795
88.3185,88.3279,15156,23774,Nyctalus noctula,0.011,0.023,-1,Echolocation,/mnt/ubna_data_02_mir/recover-20220922/UBNA_001/20220921_090000.WAV,Telephone Field,recover-20220922,001,1795
88.3365,88.3781,68437,81987,Rhinolophus ferrumequinum,0.023,0.023,-1,Echolocation,/mnt/ubna_data_02_mir/recover-20220922/UBNA_001/20220921_090000.WAV,Telephone Field,recover-20220922,001,1795
88.3655,88.4055,68437,82401,Rhinolophus ferrumequinum,0.029,0.029,-1,Echolocation,/mnt/ubna_data_02_mir/recover-20220922/UBNA_001/20220921_090000.WAV,Telephone Field,recover-20220922,001,1795
88.3755,88.4134,68437,81842,Rhinolophus ferrumequinum,0.023,0.023,-1,Echolocation,/mnt/ubna_data_02_mir/recover-20220922/UBNA_001/20220921_090000.WAV,Telephone Field,recover-20220922,001,1795
88.3995,88.4106,43515,47979,Pipistrellus pipistrellus,0.02,0.026,-1,Echolocation,/mnt/ubna_data_02_mir/recover-20220922/UBNA_001/20220921_090000.WAV,Telephone Field,recover-20220922,001,1795
88.4005,88.4122,22890,28559,Nyctalus leisleri,0.016,0.032,-1,Echolocation,/mnt/ubna_data_02_mir/recover-20220922/UBNA_001/20220921_090000.WAV,Telephone Field,recover-20220922,001,1795
88.4245,88.4639,68437,81834,Rhinolophus ferrumequinum,0.022,0.022,-1,Echolocation,/mnt/ubna_data_02_mir/recover-20220922/UBNA_001/20220921_090000.WAV,Telephone Field,recover-20220922,001,1795
88.4365,88.4745,68437,82459,Rhinolophus ferrumequinum,0.029,0.029,-1,Echolocation,/mnt/ubna_data_02_mir/recover-20220922/UBNA_001/20220921_090000.WAV,Telephone Field,recover-20220922,001,1795
88.4395,88.4513,29765,35623,Eptesicus serotinus,0.011,0.024,-1,Echolocation,/mnt/ubna_data_02_mir/recover-20220922/UBNA_001/20220921_090000.WAV,Telephone Field,recover-20220922,001,1795
88.4455,88.4567,28906,36304,Eptesicus serotinus,0.01,0.023,-1,Echolocation,/mnt/ubna_data_02_mir/recover-20220922/UBNA_001/20220921_090000.WAV,Telephone Field,recover-20220922,001,1795
88.4545,88.4622,27187,36394,Eptesicus serotinus,0.008,0.023,-1,Echolocation,/mnt/ubna_data_02_mir/recover-20220922/UBNA_001/20220921_090000.WAV,Telephone Field,recover-20220922,001,1795
88.5275,88.5661,68437,82403,Rhinolophus ferrumequinum,0.026,0.026,-1,Echolocation,/mnt/ubna_data_02_mir/recover-20220922/UBNA_001/20220921_090000.WAV,Telephone Field,recover-20220922,001,1795
88.54050000000001,88.5493,28046,36947,Eptesicus serotinus,0.009,0.022,-1,Echolocation,/mnt/ubna_data_02_mir/recover-20220922/UBNA_001/20220921_090000.WAV,Telephone Field,recover-20220922,001,1795
88.5445,88.5549,23750,29977,Nyctalus leisleri,0.009,0.024,-1,Echolocation,/mnt/ubna_data_02_mir/recover-20220922/UBNA_001/20220921_090000.WAV,Telephone Field,recover-20220922,001,1795
88.5695,88.5792,28046,36001,Eptesicus serotinus,0.012,0.024,-1,Echolocation,/mnt/ubna_data_02_mir/recover-20220922/UBNA_001/20220921_090000.WAV,Telephone Field,recover-20220922,001,1795
88.5775,88.6142,68437,82159,Rhinolophus ferrumequinum,0.023,0.023,-1,Echolocation,/mnt/ubna_data_02_mir/recover-20220922/UBNA_001/20220921_090000.WAV,Telephone Field,recover-20220922,001,1795
88.5895,88.5996,22890,29189,Nyctalus leisleri,0.008,0.022,-1,Echolocation,/mnt/ubna_data_02_mir/recover-20220922/UBNA_001/20220921_090000.WAV,Telephone Field,recover-20220922,001,1795
88.60249999999999,88.6385,68437,82007,Rhinolophus ferrumequinum,0.022,0.022,-1,Echolocation,/mnt/ubna_data_02_mir/recover-20220922/UBNA_001/20220921_090000.WAV,Telephone Field,recover-20220922,001,1795
88.6235,88.6643,68437,82389,Rhinolophus ferrumequinum,0.042,0.042,-1,Echolocation,/mnt/ubna_data_02_mir/recover-20220922/UBNA_001/20220921_090000.WAV,Telephone Field,recover-20220922,001,1795
88.6435,88.6849,68437,82890,Rhinolophus ferrumequinum,0.03,0.03,-1,Echolocation,/mnt/ubna_data_02_mir/recover-20220922/UBNA_001/20220921_090000.WAV,Telephone Field,recover-20220922,001,1795
88.6545,88.6971,68437,83479,Rhinolophus ferrumequinum,0.032,0.032,-1,Echolocation,/mnt/ubna_data_02_mir/recover-20220922/UBNA_001/20220921_090000.WAV,Telephone Field,recover-20220922,001,1795
88.6575,88.67,39218,41947,Pipistrellus nathusii,0.104,0.129,-1,Echolocation,/mnt/ubna_data_02_mir/recover-20220922/UBNA_001/20220921_090000.WAV,Telephone Field,recover-20220922,001,1795
88.7015,88.7402,68437,82656,Rhinolophus ferrumequinum,0.024,0.024,-1,Echolocation,/mnt/ubna_data_02_mir/recover-20220922/UBNA_001/20220921_090000.WAV,Telephone Field,recover-20220922,001,1795
88.72749999999999,88.741,22890,26681,Nyctalus leisleri,0.064,0.114,-1,Echolocation,/mnt/ubna_data_02_mir/recover-20220922/UBNA_001/20220921_090000.WAV,Telephone Field,recover-20220922,001,1795
88.7505,88.7889,68437,82145,Rhinolophus ferrumequinum,0.029,0.029,-1,Echolocation,/mnt/ubna_data_02_mir/recover-20220922/UBNA_001/20220921_090000.WAV,Telephone Field,recover-20220922,001,1795
88.7525,88.762,27187,35977,Eptesicus serotinus,0.01,0.023,-1,Echolocation,/mnt/ubna_data_02_mir/recover-20220922/UBNA_001/20220921_090000.WAV,Telephone Field,recover-20220922,001,1795
88.7835,88.8241,68437,82678,Rhinolophus ferrumequinum,0.041,0.041,-1,Echolocation,/mnt/ubna_data_02_mir/recover-20220922/UBNA_001/20220921_090000.WAV,Telephone Field,recover-20220922,001,1795
88.7835,88.7986,50390,54928,Pipistrellus pipistrellus,0.029,0.038,-1,Echolocation,/mnt/ubna_data_02_mir/recover-20220922/UBNA_001/20220921_090000.WAV,Telephone Field,recover-20220922,001,1795
88.8095,88.8484,68437,81703,Rhinolophus ferrumequinum,0.027,0.027,-1,Echolocation,/mnt/ubna_data_02_mir/recover-20220922/UBNA_001/20220921_090000.WAV,Telephone Field,recover-20220922,001,1795
88.8215,88.8326,26328,33292,Eptesicus serotinus,0.015,0.031,-1,Echolocation,/mnt/ubna_data_02_mir/recover-20220922/UBNA_001/20220921_090000.WAV,Telephone Field,recover-20220922,001,1795
88.8365,88.8765,68437,82719,Rhinolophus ferrumequinum,0.025,0.025,-1,Echolocation,/mnt/ubna_data_02_mir/recover-20220922/UBNA_001/20220921_090000.WAV,Telephone Field,recover-20220922,001,1795
88.8825,88.92,68437,81999,Rhinolophus ferrumequinum,0.022,0.022,-1,Echolocation,/mnt/ubna_data_02_mir/recover-20220922/UBNA_001/20220921_090000.WAV,Telephone Field,recover-20220922,001,1795
88.8865,88.8939,28046,38294,Eptesicus serotinus,0.007,0.022,-1,Echolocation,/mnt/ubna_data_02_mir/recover-20220922/UBNA_001/20220921_090000.WAV,Telephone Field,recover-20220922,001,1795
88.8995,88.9389,68437,82753,Rhinolophus ferrumequinum,0.027,0.027,-1,Echolocation,/mnt/ubna_data_02_mir/recover-20220922/UBNA_001/20220921_090000.WAV,Telephone Field,recover-20220922,001,1795
88.9375,88.9783,68437,83108,Rhinolophus ferrumequinum,0.026,0.026,-1,Echolocation,/mnt/ubna_data_02_mir/recover-20220922/UBNA_001/20220921_090000.WAV,Telephone Field,recover-20220922,001,1795
88.9765,89.0162,68437,82765,Rhinolophus ferrumequinum,0.026,0.026,-1,Echolocation,/mnt/ubna_data_02_mir/recover-20220922/UBNA_001/20220921_090000.WAV,Telephone Field,recover-20220922,001,1795
88.98949999999999,89.0322,68437,83232,Rhinolophus ferrumequinum,0.024,0.024,-1,Echolocation,/mnt/ubna_data_02_mir/recover-20220922/UBNA_001/20220921_090000.WAV,Telephone Field,recover-20220922,001,1795
89.0025,89.0475,68437,83980,Rhinolophus ferrumequinum,0.053,0.053,-1,Echolocation,/mnt/ubna_data_02_mir/recover-20220922/UBNA_001/20220921_090000.WAV,Telephone Field,recover-20220922,001,1795
89.0245,89.06139999999999,68437,81776,Rhinolophus ferrumequinum,0.022,0.022,-1,Echolocation,/mnt/ubna_data_02_mir/recover-20220922/UBNA_001/20220921_090000.WAV,Telephone Field,recover-20220922,001,1795
89.04650000000001,89.0822,68437,81648,Rhinolophus ferrumequinum,0.023,0.023,-1,Echolocation,/mnt/ubna_data_02_mir/recover-20220922/UBNA_001/20220921_090000.WAV,Telephone Field,recover-20220922,001,1795
89.0525,89.0869,68437,80700,Rhinolophus ferrumequinum,0.023,0.023,-1,Echolocation,/mnt/ubna_data_02_mir/recover-20220922/UBNA_001/20220921_090000.WAV,Telephone Field,recover-20220922,001,1795
89.1035,89.1404,68437,81345,Rhinolophus ferrumequinum,0.023,0.023,-1,Echolocation,/mnt/ubna_data_02_mir/recover-20220922/UBNA_001/20220921_090000.WAV,Telephone Field,recover-20220922,001,1795
89.2115,89.22149999999999,23750,29693,Nyctalus leisleri,0.009,0.023,-1,Echolocation,/mnt/ubna_data_02_mir/recover-20220922/UBNA_001/20220921_090000.WAV,Telephone Field,recover-20220922,001,1795
89.24549999999999,89.2916,68437,83403,Rhinolophus ferrumequinum,0.044,0.044,-1,Echolocation,/mnt/ubna_data_02_mir/recover-20220922/UBNA_001/20220921_090000.WAV,Telephone Field,recover-20220922,001,1795
89.2675,89.3094,68437,83126,Rhinolophus ferrumequinum,0.022,0.022,-1,Echolocation,/mnt/ubna_data_02_mir/recover-20220922/UBNA_001/20220921_090000.WAV,Telephone Field,recover-20220922,001,1795
89.2865,89.32079999999999,68437,81186,Rhinolophus ferrumequinum,0.025,0.025,-1,Echolocation,/mnt/ubna_data_02_mir/recover-20220922/UBNA_001/20220921_090000.WAV,Telephone Field,recover-20220922,001,1795
89.3015,89.3391,68437,81192,Rhinolophus ferrumequinum,0.022,0.022,-1,Echolocation,/mnt/ubna_data_02_mir/recover-20220922/UBNA_001/20220921_090000.WAV,Telephone Field,recover-20220922,001,1795
89.3035,89.314,22890,27587,Nyctalus leisleri,0.014,0.027,-1,Echolocation,/mnt/ubna_data_02_mir/recover-20220922/UBNA_001/20220921_090000.WAV,Telephone Field,recover-20220922,001,1795
89.3125,89.3526,68437,82511,Rhinolophus ferrumequinum,0.027,0.027,-1,Echolocation,/mnt/ubna_data_02_mir/recover-20220922/UBNA_001/20220921_090000.WAV,Telephone Field,recover-20220922,001,1795
89.3595,89.3974,68437,82155,Rhinolophus ferrumequinum,0.025,0.025,-1,Echolocation,/mnt/ubna_data_02_mir/recover-20220922/UBNA_001/20220921_090000.WAV,Telephone Field,recover-20220922,001,1795
89.36449999999999,89.3734,27187,36054,Eptesicus serotinus,0.012,0.027,-1,Echolocation,/mnt/ubna_data_02_mir/recover-20220922/UBNA_001/20220921_090000.WAV,Telephone Field,recover-20220922,001,1795
89.4055,89.4162,22890,28376,Nyctalus leisleri,0.01,0.022,-1,Echolocation,/mnt/ubna_data_02_mir/recover-20220922/UBNA_001/20220921_090000.WAV,Telephone Field,recover-20220922,001,1795
89.4305,89.4675,68437,81954,Rhinolophus ferrumequinum,0.025,0.025,-1,Echolocation,/mnt/ubna_data_02_mir/recover-20220922/UBNA_001/20220921_090000.WAV,Telephone Field,recover-20220922,001,1795
89.4555,89.46809999999999,44375,48516,Pipistrellus pipistrellus,0.03,0.035,-1,Echolocation,/mnt/ubna_data_02_mir/recover-20220922/UBNA_001/20220921_090000.WAV,Telephone Field,recover-20220922,001,1795
89.4585,89.4659,28046,38540,Eptesicus serotinus,0.01,0.026,-1,Echolocation,/mnt/ubna_data_02_mir/recover-20220922/UBNA_001/20220921_090000.WAV,Telephone Field,recover-20220922,001,1795
89.4605,89.5025,68437,82906,Rhinolophus ferrumequinum,0.034,0.034,-1,Echolocation,/mnt/ubna_data_02_mir/recover-20220922/UBNA_001/20220921_090000.WAV,Telephone Field,recover-20220922,001,1795
89.4705,89.5102,68437,82135,Rhinolophus ferrumequinum,0.024,0.024,-1,Echolocation,/mnt/ubna_data_02_mir/recover-20220922/UBNA_001/20220921_090000.WAV,Telephone Field,recover-20220922,001,1795
89.4935,89.5012,28046,37097,Eptesicus serotinus,0.008,0.024,-1,Echolocation,/mnt/ubna_data_02_mir/recover-20220922/UBNA_001/20220921_090000.WAV,Telephone Field,recover-20220922,001,1795
89.5415,89.5501,28046,40715,Eptesicus serotinus,0.011,0.028,-1,Echolocation,/mnt/ubna_data_02_mir/recover-20220922/UBNA_001/20220921_090000.WAV,Telephone Field,recover-20220922,001,1795
89.5415,89.58279999999999,68437,82924,Rhinolophus ferrumequinum,0.026,0.026,-1,Echolocation,/mnt/ubna_data_02_mir/recover-20220922/UBNA_001/20220921_090000.WAV,Telephone Field,recover-20220922,001,1795
89.5735,89.5815,50390,55775,Pipistrellus pipistrellus,0.025,0.029,-1,Echolocation,/mnt/ubna_data_02_mir/recover-20220922/UBNA_001/20220921_090000.WAV,Telephone Field,recover-20220922,001,1795
89.5945,89.63210000000001,68437,81628,Rhinolophus ferrumequinum,0.028,0.028,-1,Echolocation,/mnt/ubna_data_02_mir/recover-20220922/UBNA_001/20220921_090000.WAV,Telephone Field,recover-20220922,001,1795
89.6685,89.7054,68437,81463,Rhinolophus ferrumequinum,0.025,0.025,-1,Echolocation,/mnt/ubna_data_02_mir/recover-20220922/UBNA_001/20220921_090000.WAV,Telephone Field,recover-20220922,001,1795
89.6755,89.7151,68437,82394,Rhinolophus ferrumequinum,0.024,0.024,-1,Echolocation,/mnt/ubna_data_02_mir/recover-20220922/UBNA_001/20220921_090000.WAV,Telephone Field,recover-20220922,001,1795
89.6815,89.6921,28906,34409,Eptesicus serotinus,0.015,0.03,-1,Echolocation,/mnt/ubna_data_02_mir/recover-20220922/UBNA_001/20220921_090000.WAV,Telephone Field,recover-20220922,001,1795
89.7355,89.7723,68437,82484,Rhinolophus ferrumequinum,0.03,0.03,-1,Echolocation,/mnt/ubna_data_02_mir/recover-20220922/UBNA_001/20220921_090000.WAV,Telephone Field,recover-20220922,001,1795
89.7535,89.7655,24609,30745,Eptesicus serotinus,0.012,0.027,-1,Echolocation,/mnt/ubna_data_02_mir/recover-20220922/UBNA_001/20220921_090000.WAV,Telephone Field,recover-20220922,001,1795
89.7685,89.8084,68437,82633,Rhinolophus ferrumequinum,0.028,0.028,-1,Echolocation,/mnt/ubna_data_02_mir/recover-20220922/UBNA_001/20220921_090000.WAV,Telephone Field,recover-20220922,001,1795
89.7705,89.7786,27187,36742,Eptesicus serotinus,0.01,0.026,-1,Echolocation,/mnt/ubna_data_02_mir/recover-20220922/UBNA_001/20220921_090000.WAV,Telephone Field,recover-20220922,001,1795
89.7955,89.8164,18593,22256,Nyctalus noctula,0.014,0.022,-1,Echolocation,/mnt/ubna_data_02_mir/recover-20220922/UBNA_001/20220921_090000.WAV,Telephone Field,recover-20220922,001,1795
89.8295,89.8499,19453,22657,Nyctalus noctula,0.01,0.023,-1,Echolocation,/mnt/ubna_data_02_mir/recover-20220922/UBNA_001/20220921_090000.WAV,Telephone Field,recover-20220922,001,1795
89.8305,89.86840000000001,68437,81646,Rhinolophus ferrumequinum,0.024,0.024,-1,Echolocation,/mnt/ubna_data_02_mir/recover-20220922/UBNA_001/20220921_090000.WAV,Telephone Field,recover-20220922,001,1795
89.8595,89.89699999999999,68437,81803,Rhinolophus ferrumequinum,0.023,0.023,-1,Echolocation,/mnt/ubna_data_02_mir/recover-20220922/UBNA_001/20220921_090000.WAV,Telephone Field,recover-20220922,001,1795
89.87049999999999,89.8787,28046,37844,Eptesicus serotinus,0.007,0.022,-1,Echolocation,/mnt/ubna_data_02_mir/recover-20220922/UBNA_001/20220921_090000.WAV,Telephone Field,recover-20220922,001,1795
89.8875,89.9263,68437,81825,Rhinolophus ferrumequinum,0.022,0.022,-1,Echolocation,/mnt/ubna_data_02_mir/recover-20220922/UBNA_001/20220921_090000.WAV,Telephone Field,recover-20220922,001,1795
89.9065,89.9422,68437,81253,Rhinolophus ferrumequinum,0.026,0.026,-1,Echolocation,/mnt/ubna_data_02_mir/recover-20220922/UBNA_001/20220921_090000.WAV,Telephone Field,recover-20220922,001,1795
89.9305,89.9701,68437,81523,Rhinolophus ferrumequinum,0.027,0.027,-1,Echolocation,/mnt/ubna_data_02_mir/recover-20220922/UBNA_001/20220921_090000.WAV,Telephone Field,recover-20220922,001,1795
89.95949999999999,89.9729,23750,29022,Nyctalus leisleri,0.027,0.061,-1,Echolocation,/mnt/ubna_data_02_mir/recover-20220922/UBNA_001/20220921_090000.WAV,Telephone Field,recover-20220922,001,1795
89.9615,89.9987,68437,80948,Rhinolophus ferrumequinum,0.022,0.022,-1,Echolocation,/mnt/ubna_data_02_mir/recover-20220922/UBNA_001/20220921_090000.WAV,Telephone Field,recover-20220922,001,1795
90.0015,90.0107,46953,55474,Pipistrellus pipistrellus,0.017,0.027,-1,Echolocation,/mnt/ubna_data_02_mir/recover-20220922/UBNA_001/20220921_090000.WAV,Telephone Field,recover-20220922,001,1795
90.0015,90.0102,26328,35962,Nyctalus leisleri,0.008,0.029,-1,Echolocation,/mnt/ubna_data_02_mir/recover-20220922/UBNA_001/20220921_090000.WAV,Telephone Field,recover-20220922,001,1795
90.0015,90.0323,69296,81776,Rhinolophus ferrumequinum,0.023,0.023,-1,Echolocation,/mnt/ubna_data_02_mir/recover-20220922/UBNA_001/20220921_090000.WAV,Telephone Field,recover-20220922,001,1795
90.0015,90.0128,20312,25088,Nyctalus leisleri,0.01,0.023,-1,Echolocation,/mnt/ubna_data_02_mir/recover-20220922/UBNA_001/20220921_090000.WAV,Telephone Field,recover-20220922,001,1795
90.0105,90.0528,68437,82244,Rhinolophus ferrumequinum,0.024,0.024,-1,Echolocation,/mnt/ubna_data_02_mir/recover-20220922/UBNA_001/20220921_090000.WAV,Telephone Field,recover-20220922,001,1795
90.0435,90.0504,24609,35528,Plecotus austriacus,0.012,0.03,-1,Echolocation,/mnt/ubna_data_02_mir/recover-20220922/UBNA_001/20220921_090000.WAV,Telephone Field,recover-20220922,001,1795
90.0705,90.0806,22890,29039,Nyctalus leisleri,0.009,0.024,-1,Echolocation,/mnt/ubna_data_02_mir/recover-20220922/UBNA_001/20220921_090000.WAV,Telephone Field,recover-20220922,001,1795
90.0715,90.1115,68437,83085,Rhinolophus ferrumequinum,0.032,0.032,-1,Echolocation,/mnt/ubna_data_02_mir/recover-20220922/UBNA_001/20220921_090000.WAV,Telephone Field,recover-20220922,001,1795
90.0795,90.1204,68437,82733,Rhinolophus ferrumequinum,0.026,0.026,-1,Echolocation,/mnt/ubna_data_02_mir/recover-20220922/UBNA_001/20220921_090000.WAV,Telephone Field,recover-20220922,001,1795
90.1285,90.1387,23750,30338,Nyctalus leisleri,0.009,0.024,-1,Echolocation,/mnt/ubna_data_02_mir/recover-20220922/UBNA_001/20220921_090000.WAV,Telephone Field,recover-20220922,001,1795
90.1655,90.1776,23750,29957,Nyctalus leisleri,0.016,0.037,-1,Echolocation,/mnt/ubna_data_02_mir/recover-20220922/UBNA_001/20220921_090000.WAV,Telephone Field,recover-20220922,001,1795
90.1665,90.2078,68437,82743,Rhinolophus ferrumequinum,0.028,0.028,-1,Echolocation,/mnt/ubna_data_02_mir/recover-20220922/UBNA_001/20220921_090000.WAV,Telephone Field,recover-20220922,001,1795
90.2075,90.2467,68437,82231,Rhinolophus ferrumequinum,0.028,0.028,-1,Echolocation,/mnt/ubna_data_02_mir/recover-20220922/UBNA_001/20220921_090000.WAV,Telephone Field,recover-20220922,001,1795
90.2135,90.2354,19453,22208,Nyctalus leisleri,0.017,0.031,-1,Echolocation,/mnt/ubna_data_02_mir/recover-20220922/UBNA_001/20220921_090000.WAV,Telephone Field,recover-20220922,001,1795
90.2265,90.2621,68437,81324,Rhinolophus ferrumequinum,0.023,0.023,-1,Echolocation,/mnt/ubna_data_02_mir/recover-20220922/UBNA_001/20220921_090000.WAV,Telephone Field,recover-20220922,001,1795
90.2675,90.2776,22890,28577,Nyctalus leisleri,0.01,0.024,-1,Echolocation,/mnt/ubna_data_02_mir/recover-20220922/UBNA_001/20220921_090000.WAV,Telephone Field,recover-20220922,001,1795
90.2795,90.287,26328,34956,Eptesicus serotinus,0.007,0.023,-1,Echolocation,/mnt/ubna_data_02_mir/recover-20220922/UBNA_001/20220921_090000.WAV,Telephone Field,recover-20220922,001,1795
90.2805,90.3217,68437,82257,Rhinolophus ferrumequinum,0.025,0.025,-1,Echolocation,/mnt/ubna_data_02_mir/recover-20220922/UBNA_001/20220921_090000.WAV,Telephone Field,recover-20220922,001,1795
90.2885,90.3297,68437,82701,Rhinolophus ferrumequinum,0.031,0.031,-1,Echolocation,/mnt/ubna_data_02_mir/recover-20220922/UBNA_001/20220921_090000.WAV,Telephone Field,recover-20220922,001,1795
90.3555,90.3653,23750,30616,Nyctalus leisleri,0.008,0.023,-1,Echolocation,/mnt/ubna_data_02_mir/recover-20220922/UBNA_001/20220921_090000.WAV,Telephone Field,recover-20220922,001,1795
90.3765,90.4191,68437,82887,Rhinolophus ferrumequinum,0.025,0.025,-1,Echolocation,/mnt/ubna_data_02_mir/recover-20220922/UBNA_001/20220921_090000.WAV,Telephone Field,recover-20220922,001,1795
90.3895,90.4275,68437,81472,Rhinolophus ferrumequinum,0.022,0.023,-1,Echolocation,/mnt/ubna_data_02_mir/recover-20220922/UBNA_001/20220921_090000.WAV,Telephone Field,recover-20220922,001,1795
90.3945,90.4302,68437,81022,Rhinolophus ferrumequinum,0.023,0.023,-1,Echolocation,/mnt/ubna_data_02_mir/recover-20220922/UBNA_001/20220921_090000.WAV,Telephone Field,recover-20220922,001,1795
90.4045,90.4154,24609,30799,Nyctalus leisleri,0.01,0.025,-1,Echolocation,/mnt/ubna_data_02_mir/recover-20220922/UBNA_001/20220921_090000.WAV,Telephone Field,recover-20220922,001,1795
90.4185,90.4551,68437,81804,Rhinolophus ferrumequinum,0.023,0.023,-1,Echolocation,/mnt/ubna_data_02_mir/recover-20220922/UBNA_001/20220921_090000.WAV,Telephone Field,recover-20220922,001,1795
90.4335,90.4466,23750,27826,Nyctalus leisleri,0.015,0.026,-1,Echolocation,/mnt/ubna_data_02_mir/recover-20220922/UBNA_001/20220921_090000.WAV,Telephone Field,recover-20220922,001,1795
90.4355,90.4763,68437,82393,Rhinolophus ferrumequinum,0.032,0.032,-1,Echolocation,/mnt/ubna_data_02_mir/recover-20220922/UBNA_001/20220921_090000.WAV,Telephone Field,recover-20220922,001,1795
90.4525,90.4876,68437,81830,Rhinolophus ferrumequinum,0.023,0.023,-1,Echolocation,/mnt/ubna_data_02_mir/recover-20220922/UBNA_001/20220921_090000.WAV,Telephone Field,recover-20220922,001,1795
90.4855,90.5264,68437,82397,Rhinolophus ferrumequinum,0.029,0.029,-1,Echolocation,/mnt/ubna_data_02_mir/recover-20220922/UBNA_001/20220921_090000.WAV,Telephone Field,recover-20220922,001,1795
90.4905,90.5003,48671,55408,Pipistrellus pipistrellus,0.018,0.022,-1,Echolocation,/mnt/ubna_data_02_mir/recover-20220922/UBNA_001/20220921_090000.WAV,Telephone Field,recover-20220922,001,1795
90.5215,90.5632,68437,82533,Rhinolophus ferrumequinum,0.026,0.026,-1,Echolocation,/mnt/ubna_data_02_mir/recover-20220922/UBNA_001/20220921_090000.WAV,Telephone Field,recover-20220922,001,1795
90.5545,90.5938,68437,82079,Rhinolophus ferrumequinum,0.023,0.023,-1,Echolocation,/mnt/ubna_data_02_mir/recover-20220922/UBNA_001/20220921_090000.WAV,Telephone Field,recover-20220922,001,1795
90.6015,90.6391,68437,81695,Rhinolophus ferrumequinum,0.031,0.031,-1,Echolocation,/mnt/ubna_data_02_mir/recover-20220922/UBNA_001/20220921_090000.WAV,Telephone Field,recover-20220922,001,1795
90.6155,90.631,23750,28184,Nyctalus leisleri,0.084,0.144,-1,Echolocation,/mnt/ubna_data_02_mir/recover-20220922/UBNA_001/20220921_090000.WAV,Telephone Field,recover-20220922,001,1795
90.6165,90.6595,68437,82663,Rhinolophus ferrumequinum,0.039,0.039,-1,Echolocation,/mnt/ubna_data_02_mir/recover-20220922/UBNA_001/20220921_090000.WAV,Telephone Field,recover-20220922,001,1795
90.6295,90.6723,68437,83125,Rhinolophus ferrumequinum,0.023,0.023,-1,Echolocation,/mnt/ubna_data_02_mir/recover-20220922/UBNA_001/20220921_090000.WAV,Telephone Field,recover-20220922,001,1795
90.6685,90.7138,68437,83167,Rhinolophus ferrumequinum,0.054,0.054,-1,Echolocation,/mnt/ubna_data_02_mir/recover-20220922/UBNA_001/20220921_090000.WAV,Telephone Field,recover-20220922,001,1795
90.6825,90.7224,68437,82326,Rhinolophus ferrumequinum,0.025,0.025,-1,Echolocation,/mnt/ubna_data_02_mir/recover-20220922/UBNA_001/20220921_090000.WAV,Telephone Field,recover-20220922,001,1795
90.7075,90.715,27187,36688,Eptesicus serotinus,0.008,0.027,-1,Echolocation,/mnt/ubna_data_02_mir/recover-20220922/UBNA_001/20220921_090000.WAV,Telephone Field,recover-20220922,001,1795
90.7235,90.759,68437,81887,Rhinolophus ferrumequinum,0.025,0.025,-1,Echolocation,/mnt/ubna_data_02_mir/recover-20220922/UBNA_001/20220921_090000.WAV,Telephone Field,recover-20220922,001,1795
90.7395,90.7816,68437,83091,Rhinolophus ferrumequinum,0.036,0.036,-1,Echolocation,/mnt/ubna_data_02_mir/recover-20220922/UBNA_001/20220921_090000.WAV,Telephone Field,recover-20220922,001,1795
90.7495,90.7618,24609,29833,Nyctalus leisleri,0.014,0.029,-1,Echolocation,/mnt/ubna_data_02_mir/recover-20220922/UBNA_001/20220921_090000.WAV,Telephone Field,recover-20220922,001,1795
90.7675,90.805,68437,81620,Rhinolophus ferrumequinum,0.029,0.029,-1,Echolocation,/mnt/ubna_data_02_mir/recover-20220922/UBNA_001/20220921_090000.WAV,Telephone Field,recover-20220922,001,1795
90.8155,90.831,23750,28917,Nyctalus leisleri,0.029,0.06,-1,Echolocation,/mnt/ubna_data_02_mir/recover-20220922/UBNA_001/20220921_090000.WAV,Telephone Field,recover-20220922,001,1795
90.8505,90.8907,68437,82151,Rhinolophus ferrumequinum,0.025,0.025,-1,Echolocation,/mnt/ubna_data_02_mir/recover-20220922/UBNA_001/20220921_090000.WAV,Telephone Field,recover-20220922,001,1795
90.8645,90.899,68437,80430,Rhinolophus ferrumequinum,0.023,0.023,-1,Echolocation,/mnt/ubna_data_02_mir/recover-20220922/UBNA_001/20220921_090000.WAV,Telephone Field,recover-20220922,001,1795
90.8815,90.9193,68437,81875,Rhinolophus ferrumequinum,0.034,0.034,-1,Echolocation,/mnt/ubna_data_02_mir/recover-20220922/UBNA_001/20220921_090000.WAV,Telephone Field,recover-20220922,001,1795
90.9105,90.9489,68437,82276,Rhinolophus ferrumequinum,0.026,0.026,-1,Echolocation,/mnt/ubna_data_02_mir/recover-20220922/UBNA_001/20220921_090000.WAV,Telephone Field,recover-20220922,001,1795
90.9375,90.9782,68437,82662,Rhinolophus ferrumequinum,0.027,0.027,-1,Echolocation,/mnt/ubna_data_02_mir/recover-20220922/UBNA_001/20220921_090000.WAV,Telephone Field,recover-20220922,001,1795
90.9475,90.9874,68437,82829,Rhinolophus ferrumequinum,0.03,0.03,-1,Echolocation,/mnt/ubna_data_02_mir/recover-20220922/UBNA_001/20220921_090000.WAV,Telephone Field,recover-20220922,001,1795
90.9505,90.9615,26328,33576,Eptesicus serotinus,0.019,0.039,-1,Echolocation,/mnt/ubna_data_02_mir/recover-20220922/UBNA_001/20220921_090000.WAV,Telephone Field,recover-20220922,001,1795
90.9655,90.9735,23750,31804,Plecotus austriacus,0.009,0.023,-1,Echolocation,/mnt/ubna_data_02_mir/recover-20220922/UBNA_001/20220921_090000.WAV,Telephone Field,recover-20220922,001,1795
90.9725,91.0116,68437,82054,Rhinolophus ferrumequinum,0.024,0.024,-1,Echolocation,/mnt/ubna_data_02_mir/recover-20220922/UBNA_001/20220921_090000.WAV,Telephone Field,recover-20220922,001,1795
90.9815,91.0204,68437,81984,Rhinolophus ferrumequinum,0.027,0.027,-1,Echolocation,/mnt/ubna_data_02_mir/recover-20220922/UBNA_001/20220921_090000.WAV,Telephone Field,recover-20220922,001,1795
91.0275,91.0673,68437,82669,Rhinolophus ferrumequinum,0.025,0.025,-1,Echolocation,/mnt/ubna_data_02_mir/recover-20220922/UBNA_001/20220921_090000.WAV,Telephone Field,recover-20220922,001,1795
91.0445,91.0839,68437,82834,Rhinolophus ferrumequinum,0.03,0.03,-1,Echolocation,/mnt/ubna_data_02_mir/recover-20220922/UBNA_001/20220921_090000.WAV,Telephone Field,recover-20220922,001,1795
91.0535,91.0925,68437,82330,Rhinolophus ferrumequinum,0.032,0.032,-1,Echolocation,/mnt/ubna_data_02_mir/recover-20220922/UBNA_001/20220921_090000.WAV,Telephone Field,recover-20220922,001,1795
91.0655,91.1087,68437,83453,Rhinolophus ferrumequinum,0.037,0.037,-1,Echolocation,/mnt/ubna_data_02_mir/recover-20220922/UBNA_001/20220921_090000.WAV,Telephone Field,recover-20220922,001,1795
91.0675,91.0798,54687,58894,Pipistrellus pygmaeus,0.042,0.044,-1,Echolocation,/mnt/ubna_data_02_mir/recover-20220922/UBNA_001/20220921_090000.WAV,Telephone Field,recover-20220922,001,1795
91.0775,91.0863,28046,38045,Eptesicus serotinus,0.012,0.028,-1,Echolocation,/mnt/ubna_data_02_mir/recover-20220922/UBNA_001/20220921_090000.WAV,Telephone Field,recover-20220922,001,1795
91.0855,91.1262,68437,82132,Rhinolophus ferrumequinum,0.022,0.022,-1,Echolocation,/mnt/ubna_data_02_mir/recover-20220922/UBNA_001/20220921_090000.WAV,Telephone Field,recover-20220922,001,1795
91.1145,91.1546,68437,82088,Rhinolophus ferrumequinum,0.025,0.025,-1,Echolocation,/mnt/ubna_data_02_mir/recover-20220922/UBNA_001/20220921_090000.WAV,Telephone Field,recover-20220922,001,1795
91.1285,91.1638,68437,81944,Rhinolophus ferrumequinum,0.025,0.025,-1,Echolocation,/mnt/ubna_data_02_mir/recover-20220922/UBNA_001/20220921_090000.WAV,Telephone Field,recover-20220922,001,1795
91.1525,91.1734,20312,23509,Nyctalus leisleri,0.022,0.046,-1,Echolocation,/mnt/ubna_data_02_mir/recover-20220922/UBNA_001/20220921_090000.WAV,Telephone Field,recover-20220922,001,1795
91.1595,91.2017,68437,82068,Rhinolophus ferrumequinum,0.038,0.038,-1,Echolocation,/mnt/ubna_data_02_mir/recover-20220922/UBNA_001/20220921_090000.WAV,Telephone Field,recover-20220922,001,1795
91.1845,91.1951,28046,36404,Eptesicus serotinus,0.013,0.027,-1,Echolocation,/mnt/ubna_data_02_mir/recover-20220922/UBNA_001/20220921_090000.WAV,Telephone Field,recover-20220922,001,1795
91.1965,91.2365,68437,81974,Rhinolophus ferrumequinum,0.027,0.027,-1,Echolocation,/mnt/ubna_data_02_mir/recover-20220922/UBNA_001/20220921_090000.WAV,Telephone Field,recover-20220922,001,1795
91.2205,91.2275,23750,33109,Plecotus austriacus,0.013,0.027,-1,Echolocation,/mnt/ubna_data_02_mir/recover-20220922/UBNA_001/20220921_090000.WAV,Telephone Field,recover-20220922,001,1795
91.2365,91.2772,68437,82702,Rhinolophus ferrumequinum,0.028,0.028,-1,Echolocation,/mnt/ubna_data_02_mir/recover-20220922/UBNA_001/20220921_090000.WAV,Telephone Field,recover-20220922,001,1795
91.2475,91.2907,68437,83189,Rhinolophus ferrumequinum,0.041,0.041,-1,Echolocation,/mnt/ubna_data_02_mir/recover-20220922/UBNA_001/20220921_090000.WAV,Telephone Field,recover-20220922,001,1795
91.2765,91.285,28046,39856,Eptesicus serotinus,0.008,0.025,-1,Echolocation,/mnt/ubna_data_02_mir/recover-20220922/UBNA_001/20220921_090000.WAV,Telephone Field,recover-20220922,001,1795
91.3045,91.3129,47812,54683,Pipistrellus pipistrellus,0.021,0.023,-1,Echolocation,/mnt/ubna_data_02_mir/recover-20220922/UBNA_001/20220921_090000.WAV,Telephone Field,recover-20220922,001,1795
91.3185,91.354,68437,81132,Rhinolophus ferrumequinum,0.026,0.026,-1,Echolocation,/mnt/ubna_data_02_mir/recover-20220922/UBNA_001/20220921_090000.WAV,Telephone Field,recover-20220922,001,1795
91.3565,91.3961,68437,82489,Rhinolophus ferrumequinum,0.025,0.025,-1,Echolocation,/mnt/ubna_data_02_mir/recover-20220922/UBNA_001/20220921_090000.WAV,Telephone Field,recover-20220922,001,1795
91.3635,91.3746,23750,29684,Nyctalus leisleri,0.013,0.028,-1,Echolocation,/mnt/ubna_data_02_mir/recover-20220922/UBNA_001/20220921_090000.WAV,Telephone Field,recover-20220922,001,1795
91.3885,91.4243,68437,81718,Rhinolophus ferrumequinum,0.04,0.04,-1,Echolocation,/mnt/ubna_data_02_mir/recover-20220922/UBNA_001/20220921_090000.WAV,Telephone Field,recover-20220922,001,1795
91.3885,91.3982,28046,37223,Eptesicus serotinus,0.012,0.025,-1,Echolocation,/mnt/ubna_data_02_mir/recover-20220922/UBNA_001/20220921_090000.WAV,Telephone Field,recover-20220922,001,1795
91.3955,91.4051,22890,28692,Nyctalus leisleri,0.01,0.025,-1,Echolocation,/mnt/ubna_data_02_mir/recover-20220922/UBNA_001/20220921_090000.WAV,Telephone Field,recover-20220922,001,1795
91.4015,91.4398,68437,82172,Rhinolophus ferrumequinum,0.026,0.026,-1,Echolocation,/mnt/ubna_data_02_mir/recover-20220922/UBNA_001/20220921_090000.WAV,Telephone Field,recover-20220922,001,1795
91.4375,91.4483,28906,35468,Eptesicus serotinus,0.012,0.027,-1,Echolocation,/mnt/ubna_data_02_mir/recover-20220922/UBNA_001/20220921_090000.WAV,Telephone Field,recover-20220922,001,1795
91.5115,91.5488,68437,81456,Rhinolophus ferrumequinum,0.023,0.024,-1,Echolocation,/mnt/ubna_data_02_mir/recover-20220922/UBNA_001/20220921_090000.WAV,Telephone Field,recover-20220922,001,1795
91.5215,91.5288,27187,40486,Eptesicus serotinus,0.008,0.026,-1,Echolocation,/mnt/ubna_data_02_mir/recover-20220922/UBNA_001/20220921_090000.WAV,Telephone Field,recover-20220922,001,1795
91.5235,91.5655,68437,82300,Rhinolophus ferrumequinum,0.028,0.028,-1,Echolocation,/mnt/ubna_data_02_mir/recover-20220922/UBNA_001/20220921_090000.WAV,Telephone Field,recover-20220922,001,1795
91.5515,91.5617,28906,36972,Eptesicus serotinus,0.01,0.023,-1,Echolocation,/mnt/ubna_data_02_mir/recover-20220922/UBNA_001/20220921_090000.WAV,Telephone Field,recover-20220922,001,1795
91.5575,91.5683,22890,28294,Nyctalus leisleri,0.011,0.024,-1,Echolocation,/mnt/ubna_data_02_mir/recover-20220922/UBNA_001/20220921_090000.WAV,Telephone Field,recover-20220922,001,1795
91.5585,91.598,68437,81944,Rhinolophus ferrumequinum,0.024,0.024,-1,Echolocation,/mnt/ubna_data_02_mir/recover-20220922/UBNA_001/20220921_090000.WAV,Telephone Field,recover-20220922,001,1795
91.5865,91.6265,68437,82558,Rhinolophus ferrumequinum,0.025,0.025,-1,Echolocation,/mnt/ubna_data_02_mir/recover-20220922/UBNA_001/20220921_090000.WAV,Telephone Field,recover-20220922,001,1795
91.6265,91.667,68437,82601,Rhinolophus ferrumequinum,0.024,0.024,-1,Echolocation,/mnt/ubna_data_02_mir/recover-20220922/UBNA_001/20220921_090000.WAV,Telephone Field,recover-20220922,001,1795
91.6405,91.6505,23750,30384,Nyctalus leisleri,0.01,0.027,-1,Echolocation,/mnt/ubna_data_02_mir/recover-20220922/UBNA_001/20220921_090000.WAV,Telephone Field,recover-20220922,001,1795
91.6665,91.7146,68437,83994,Rhinolophus ferrumequinum,0.106,0.106,-1,Echolocation,/mnt/ubna_data_02_mir/recover-20220922/UBNA_001/20220921_090000.WAV,Telephone Field,recover-20220922,001,1795
91.6725,91.6825,28906,37047,Eptesicus serotinus,0.009,0.023,-1,Echolocation,/mnt/ubna_data_02_mir/recover-20220922/UBNA_001/20220921_090000.WAV,Telephone Field,recover-20220922,001,1795
91.6945,91.7047,22031,27392,Nyctalus leisleri,0.01,0.025,-1,Echolocation,/mnt/ubna_data_02_mir/recover-20220922/UBNA_001/20220921_090000.WAV,Telephone Field,recover-20220922,001,1795
91.6995,91.7088,22890,29988,Plecotus austriacus,0.01,0.025,-1,Echolocation,/mnt/ubna_data_02_mir/recover-20220922/UBNA_001/20220921_090000.WAV,Telephone Field,recover-20220922,001,1795
91.7005,91.7075,28046,40099,Eptesicus serotinus,0.006,0.025,-1,Echolocation,/mnt/ubna_data_02_mir/recover-20220922/UBNA_001/20220921_090000.WAV,Telephone Field,recover-20220922,001,1795
91.7305,91.7396,24609,31954,Nyctalus leisleri,0.008,0.023,-1,Echolocation,/mnt/ubna_data_02_mir/recover-20220922/UBNA_001/20220921_090000.WAV,Telephone Field,recover-20220922,001,1795
91.7495,91.7855,68437,81154,Rhinolophus ferrumequinum,0.024,0.024,-1,Echolocation,/mnt/ubna_data_02_mir/recover-20220922/UBNA_001/20220921_090000.WAV,Telephone Field,recover-20220922,001,1795
91.7805,91.8207,68437,82560,Rhinolophus ferrumequinum,0.023,0.023,-1,Echolocation,/mnt/ubna_data_02_mir/recover-20220922/UBNA_001/20220921_090000.WAV,Telephone Field,recover-20220922,001,1795
91.7885,91.8297,68437,82672,Rhinolophus ferrumequinum,0.023,0.023,-1,Echolocation,/mnt/ubna_data_02_mir/recover-20220922/UBNA_001/20220921_090000.WAV,Telephone Field,recover-20220922,001,1795
91.7975,91.8184,18593,21347,Nyctalus noctula,0.015,0.029,-1,Echolocation,/mnt/ubna_data_02_mir/recover-20220922/UBNA_001/20220921_090000.WAV,Telephone Field,recover-20220922,001,1795
91.8145,91.8519,68437,82297,Rhinolophus ferrumequinum,0.03,0.03,-1,Echolocation,/mnt/ubna_data_02_mir/recover-20220922/UBNA_001/20220921_090000.WAV,Telephone Field,recover-20220922,001,1795
91.8455,91.8597,22890,26504,Nyctalus leisleri,0.024,0.038,-1,Echolocation,/mnt/ubna_data_02_mir/recover-20220922/UBNA_001/20220921_090000.WAV,Telephone Field,recover-20220922,001,1795
91.8565,91.8946,68437,81968,Rhinolophus ferrumequinum,0.024,0.024,-1,Echolocation,/mnt/ubna_data_02_mir/recover-20220922/UBNA_001/20220921_090000.WAV,Telephone Field,recover-20220922,001,1795
91.8795,91.9191,68437,82045,Rhinolophus ferrumequinum,0.024,0.024,-1,Echolocation,/mnt/ubna_data_02_mir/recover-20220922/UBNA_001/20220921_090000.WAV,Telephone Field,recover-20220922,001,1795
91.8945,91.932,68437,82307,Rhinolophus ferrumequinum,0.023,0.023,-1,Echolocation,/mnt/ubna_data_02_mir/recover-20220922/UBNA_001/20220921_090000.WAV,Telephone Field,recover-20220922,001,1795
91.9165,91.9526,68437,81809,Rhinolophus ferrumequinum,0.027,0.027,-1,Echolocation,/mnt/ubna_data_02_mir/recover-20220922/UBNA_001/20220921_090000.WAV,Telephone Field,recover-20220922,001,1795
91.9325,91.9465,27187,31769,Nyctalus leisleri,0.015,0.034,-1,Echolocation,/mnt/ubna_data_02_mir/recover-20220922/UBNA_001/20220921_090000.WAV,Telephone Field,recover-20220922,001,1795
91.9335,91.9707,68437,82008,Rhinolophus ferrumequinum,0.028,0.028,-1,Echolocation,/mnt/ubna_data_02_mir/recover-20220922/UBNA_001/20220921_090000.WAV,Telephone Field,recover-20220922,001,1795
91.9445,91.9546,28046,35548,Eptesicus serotinus,0.01,0.027,-1,Echolocation,/mnt/ubna_data_02_mir/recover-20220922/UBNA_001/20220921_090000.WAV,Telephone Field,recover-20220922,001,1795
91.9845,91.9952,28906,37551,Eptesicus serotinus,0.011,0.026,-1,Echolocation,/mnt/ubna_data_02_mir/recover-20220922/UBNA_001/20220921_090000.WAV,Telephone Field,recover-20220922,001,1795
92.0015,92.0103,23750,30405,Nyctalus leisleri,0.008,0.023,-1,Echolocation,/mnt/ubna_data_02_mir/recover-20220922/UBNA_001/20220921_090000.WAV,Telephone Field,recover-20220922,001,1795
92.0015,92.0346,69296,81060,Rhinolophus ferrumequinum,0.028,0.028,-1,Echolocation,/mnt/ubna_data_02_mir/recover-20220922/UBNA_001/20220921_090000.WAV,Telephone Field,recover-20220922,001,1795
92.0085,92.0531,68437,82113,Rhinolophus ferrumequinum,0.023,0.023,-1,Echolocation,/mnt/ubna_data_02_mir/recover-20220922/UBNA_001/20220921_090000.WAV,Telephone Field,recover-20220922,001,1795
92.0565,92.0901,68437,80118,Rhinolophus ferrumequinum,0.026,0.027,-1,Echolocation,/mnt/ubna_data_02_mir/recover-20220922/UBNA_001/20220921_090000.WAV,Telephone Field,recover-20220922,001,1795
92.0695,92.1052,68437,81571,Rhinolophus ferrumequinum,0.021,0.021,-1,Echolocation,/mnt/ubna_data_02_mir/recover-20220922/UBNA_001/20220921_090000.WAV,Telephone Field,recover-20220922,001,1795
92.0695,92.0796,26328,33098,Eptesicus serotinus,0.013,0.028,-1,Echolocation,/mnt/ubna_data_02_mir/recover-20220922/UBNA_001/20220921_090000.WAV,Telephone Field,recover-20220922,001,1795
92.0895,92.10210000000001,37500,41663,Pipistrellus nathusii,0.024,0.031,-1,Echolocation,/mnt/ubna_data_02_mir/recover-20220922/UBNA_001/20220921_090000.WAV,Telephone Field,recover-20220922,001,1795
92.0975,92.1366,68437,82025,Rhinolophus ferrumequinum,0.023,0.023,-1,Echolocation,/mnt/ubna_data_02_mir/recover-20220922/UBNA_001/20220921_090000.WAV,Telephone Field,recover-20220922,001,1795
92.1075,92.1453,68437,81747,Rhinolophus ferrumequinum,0.022,0.022,-1,Echolocation,/mnt/ubna_data_02_mir/recover-20220922/UBNA_001/20220921_090000.WAV,Telephone Field,recover-20220922,001,1795
92.1095,92.1197,28906,39011,Eptesicus serotinus,0.01,0.022,-1,Echolocation,/mnt/ubna_data_02_mir/recover-20220922/UBNA_001/20220921_090000.WAV,Telephone Field,recover-20220922,001,1795
92.1225,92.1329,28906,35923,Eptesicus serotinus,0.009,0.021,-1,Echolocation,/mnt/ubna_data_02_mir/recover-20220922/UBNA_001/20220921_090000.WAV,Telephone Field,recover-20220922,001,1795
92.1605,92.1993,68437,81437,Rhinolophus ferrumequinum,0.022,0.022,-1,Echolocation,/mnt/ubna_data_02_mir/recover-20220922/UBNA_001/20220921_090000.WAV,Telephone Field,recover-20220922,001,1795
92.1605,92.1716,22031,26813,Nyctalus leisleri,0.01,0.022,-1,Echolocation,/mnt/ubna_data_02_mir/recover-20220922/UBNA_001/20220921_090000.WAV,Telephone Field,recover-20220922,001,1795
92.1755,92.2123,68437,81637,Rhinolophus ferrumequinum,0.021,0.021,-1,Echolocation,/mnt/ubna_data_02_mir/recover-20220922/UBNA_001/20220921_090000.WAV,Telephone Field,recover-20220922,001,1795
92.1835,92.2222,68437,82075,Rhinolophus ferrumequinum,0.021,0.021,-1,Echolocation,/mnt/ubna_data_02_mir/recover-20220922/UBNA_001/20220921_090000.WAV,Telephone Field,recover-20220922,001,1795
92.1895,92.228,68437,82150,Rhinolophus ferrumequinum,0.021,0.021,-1,Echolocation,/mnt/ubna_data_02_mir/recover-20220922/UBNA_001/20220921_090000.WAV,Telephone Field,recover-20220922,001,1795
92.1965,92.2352,68437,81475,Rhinolophus ferrumequinum,0.022,0.022,-1,Echolocation,/mnt/ubna_data_02_mir/recover-20220922/UBNA_001/20220921_090000.WAV,Telephone Field,recover-20220922,001,1795
92.2375,92.2776,68437,82433,Rhinolophus ferrumequinum,0.023,0.023,-1,Echolocation,/mnt/ubna_data_02_mir/recover-20220922/UBNA_001/20220921_090000.WAV,Telephone Field,recover-20220922,001,1795
92.2485,92.2889,68437,82009,Rhinolophus ferrumequinum,0.025,0.025,-1,Echolocation,/mnt/ubna_data_02_mir/recover-20220922/UBNA_001/20220921_090000.WAV,Telephone Field,recover-20220922,001,1795
92.2555,92.2931,68437,82139,Rhinolophus ferrumequinum,0.022,0.022,-1,Echolocation,/mnt/ubna_data_02_mir/recover-20220922/UBNA_001/20220921_090000.WAV,Telephone Field,recover-20220922,001,1795
92.3295,92.3369,22890,32036,Plecotus austriacus,0.02,0.047,-1,Echolocation,/mnt/ubna_data_02_mir/recover-20220922/UBNA_001/20220921_090000.WAV,Telephone Field,recover-20220922,001,1795
92.3325,92.3702,68437,82544,Rhinolophus ferrumequinum,0.021,0.021,-1,Echolocation,/mnt/ubna_data_02_mir/recover-20220922/UBNA_001/20220921_090000.WAV,Telephone Field,recover-20220922,001,1795
92.3525,92.3957,68437,82443,Rhinolophus ferrumequinum,0.028,0.028,-1,Echolocation,/mnt/ubna_data_02_mir/recover-20220922/UBNA_001/20220921_090000.WAV,Telephone Field,recover-20220922,001,1795
92.3905,92.4291,68437,81962,Rhinolophus ferrumequinum,0.023,0.023,-1,Echolocation,/mnt/ubna_data_02_mir/recover-20220922/UBNA_001/20220921_090000.WAV,Telephone Field,recover-20220922,001,1795
92.3975,92.4326,68437,80998,Rhinolophus ferrumequinum,0.021,0.021,-1,Echolocation,/mnt/ubna_data_02_mir/recover-20220922/UBNA_001/20220921_090000.WAV,Telephone Field,recover-20220922,001,1795
92.4165,92.4266,22890,28686,Nyctalus leisleri,0.01,0.025,-1,Echolocation,/mnt/ubna_data_02_mir/recover-20220922/UBNA_001/20220921_090000.WAV,Telephone Field,recover-20220922,001,1795
92.4275,92.4657,68437,81352,Rhinolophus ferrumequinum,0.026,0.026,-1,Echolocation,/mnt/ubna_data_02_mir/recover-20220922/UBNA_001/20220921_090000.WAV,Telephone Field,recover-20220922,001,1795
92.4295,92.4403,25468,31927,Eptesicus serotinus,0.009,0.021,-1,Echolocation,/mnt/ubna_data_02_mir/recover-20220922/UBNA_001/20220921_090000.WAV,Telephone Field,recover-20220922,001,1795
92.4885,92.4996,48671,53465,Pipistrellus pipistrellus,0.017,0.021,-1,Echolocation,/mnt/ubna_data_02_mir/recover-20220922/UBNA_001/20220921_090000.WAV,Telephone Field,recover-20220922,001,1795
92.5015,92.5148,54687,58586,Pipistrellus pygmaeus,0.019,0.02,-1,Echolocation,/mnt/ubna_data_02_mir/recover-20220922/UBNA_001/20220921_090000.WAV,Telephone Field,recover-20220922,001,1795
92.5135,92.5565,68437,83248,Rhinolophus ferrumequinum,0.034,0.034,-1,Echolocation,/mnt/ubna_data_02_mir/recover-20220922/UBNA_001/20220921_090000.WAV,Telephone Field,recover-20220922,001,1795
92.5415,92.5842,68437,83039,Rhinolophus ferrumequinum,0.049,0.049,-1,Echolocation,/mnt/ubna_data_02_mir/recover-20220922/UBNA_001/20220921_090000.WAV,Telephone Field,recover-20220922,001,1795
92.5725,92.6036,68437,79804,Rhinolophus ferrumequinum,0.04,0.04,-1,Echolocation,/mnt/ubna_data_02_mir/recover-20220922/UBNA_001/20220921_090000.WAV,Telephone Field,recover-20220922,001,1795
92.5815,92.601,16015,20923,Nyctalus noctula,0.04,0.051,-1,Echolocation,/mnt/ubna_data_02_mir/recover-20220922/UBNA_001/20220921_090000.WAV,Telephone Field,recover-20220922,001,1795
92.5835,92.5913,28046,38465,Eptesicus serotinus,0.007,0.021,-1,Echolocation,/mnt/ubna_data_02_mir/recover-20220922/UBNA_001/20220921_090000.WAV,Telephone Field,recover-20220922,001,1795
92.5855,92.593,22890,31113,Plecotus austriacus,0.009,0.021,-1,Echolocation,/mnt/ubna_data_02_mir/recover-20220922/UBNA_001/20220921_090000.WAV,Telephone Field,recover-20220922,001,1795
92.5975,92.6361,68437,82307,Rhinolophus ferrumequinum,0.021,0.021,-1,Echolocation,/mnt/ubna_data_02_mir/recover-20220922/UBNA_001/20220921_090000.WAV,Telephone Field,recover-20220922,001,1795
92.6145,92.6251,22890,28110,Nyctalus leisleri,0.009,0.021,-1,Echolocation,/mnt/ubna_data_02_mir/recover-20220922/UBNA_001/20220921_090000.WAV,Telephone Field,recover-20220922,001,1795
92.6195,92.6603,68437,82043,Rhinolophus ferrumequinum,0.021,0.021,-1,Echolocation,/mnt/ubna_data_02_mir/recover-20220922/UBNA_001/20220921_090000.WAV,Telephone Field,recover-20220922,001,1795
92.6275,92.6686,68437,82412,Rhinolophus ferrumequinum,0.022,0.022,-1,Echolocation,/mnt/ubna_data_02_mir/recover-20220922/UBNA_001/20220921_090000.WAV,Telephone Field,recover-20220922,001,1795
92.6345,92.6426,34062,42278,Myotis daubentonii,0.006,0.021,-1,Echolocation,/mnt/ubna_data_02_mir/recover-20220922/UBNA_001/20220921_090000.WAV,Telephone Field,recover-20220922,001,1795
92.6395,92.6784,68437,82345,Rhinolophus ferrumequinum,0.021,0.021,-1,Echolocation,/mnt/ubna_data_02_mir/recover-20220922/UBNA_001/20220921_090000.WAV,Telephone Field,recover-20220922,001,1795
92.6415,92.6503,28906,38286,Eptesicus serotinus,0.007,0.021,-1,Echolocation,/mnt/ubna_data_02_mir/recover-20220922/UBNA_001/20220921_090000.WAV,Telephone Field,recover-20220922,001,1795
92.6465,92.6845,68437,81974,Rhinolophus ferrumequinum,0.023,0.023,-1,Echolocation,/mnt/ubna_data_02_mir/recover-20220922/UBNA_001/20220921_090000.WAV,Telephone Field,recover-20220922,001,1795
92.6615,92.6706,28046,36367,Eptesicus serotinus,0.008,0.021,-1,Echolocation,/mnt/ubna_data_02_mir/recover-20220922/UBNA_001/20220921_090000.WAV,Telephone Field,recover-20220922,001,1795
92.6685,92.7088,68437,82596,Rhinolophus ferrumequinum,0.033,0.033,-1,Echolocation,/mnt/ubna_data_02_mir/recover-20220922/UBNA_001/20220921_090000.WAV,Telephone Field,recover-20220922,001,1795
92.6695,92.6767,14296,29459,Plecotus auritus,0.034,0.04,-1,Echolocation,/mnt/ubna_data_02_mir/recover-20220922/UBNA_001/20220921_090000.WAV,Telephone Field,recover-20220922,001,1795
92.6855,92.7234,68437,82194,Rhinolophus ferrumequinum,0.021,0.021,-1,Echolocation,/mnt/ubna_data_02_mir/recover-20220922/UBNA_001/20220921_090000.WAV,Telephone Field,recover-20220922,001,1795
92.7055,92.7472,68437,82473,Rhinolophus ferrumequinum,0.023,0.023,-1,Echolocation,/mnt/ubna_data_02_mir/recover-20220922/UBNA_001/20220921_090000.WAV,Telephone Field,recover-20220922,001,1795
92.7165,92.7552,68437,82202,Rhinolophus ferrumequinum,0.022,0.022,-1,Echolocation,/mnt/ubna_data_02_mir/recover-20220922/UBNA_001/20220921_090000.WAV,Telephone Field,recover-20220922,001,1795
92.7445,92.7536,24609,32937,Eptesicus serotinus,0.006,0.021,-1,Echolocation,/mnt/ubna_data_02_mir/recover-20220922/UBNA_001/20220921_090000.WAV,Telephone Field,recover-20220922,001,1795
92.8075,92.8468,68437,82006,Rhinolophus ferrumequinum,0.02,0.02,-1,Echolocation,/mnt/ubna_data_02_mir/recover-20220922/UBNA_001/20220921_090000.WAV,Telephone Field,recover-20220922,001,1795
92.8145,92.8259,24609,30678,Nyctalus leisleri,0.013,0.034,-1,Echolocation,/mnt/ubna_data_02_mir/recover-20220922/UBNA_001/20220921_090000.WAV,Telephone Field,recover-20220922,001,1795
92.8435,92.8803,68437,81078,Rhinolophus ferrumequinum,0.021,0.021,-1,Echolocation,/mnt/ubna_data_02_mir/recover-20220922/UBNA_001/20220921_090000.WAV,Telephone Field,recover-20220922,001,1795
92.8525,92.8883,68437,81050,Rhinolophus ferrumequinum,0.021,0.021,-1,Echolocation,/mnt/ubna_data_02_mir/recover-20220922/UBNA_001/20220921_090000.WAV,Telephone Field,recover-20220922,001,1795
92.8615,92.8693,28906,39550,Eptesicus serotinus,0.007,0.023,-1,Echolocation,/mnt/ubna_data_02_mir/recover-20220922/UBNA_001/20220921_090000.WAV,Telephone Field,recover-20220922,001,1795
92.8875,92.928,68437,82758,Rhinolophus ferrumequinum,0.024,0.024,-1,Echolocation,/mnt/ubna_data_02_mir/recover-20220922/UBNA_001/20220921_090000.WAV,Telephone Field,recover-20220922,001,1795
92.8995,92.9091,28906,38732,Eptesicus serotinus,0.01,0.024,-1,Echolocation,/mnt/ubna_data_02_mir/recover-20220922/UBNA_001/20220921_090000.WAV,Telephone Field,recover-20220922,001,1795
92.9265,92.9628,68437,81289,Rhinolophus ferrumequinum,0.021,0.021,-1,Echolocation,/mnt/ubna_data_02_mir/recover-20220922/UBNA_001/20220921_090000.WAV,Telephone Field,recover-20220922,001,1795
92.9275,92.9374,22890,28441,Nyctalus leisleri,0.01,0.023,-1,Echolocation,/mnt/ubna_data_02_mir/recover-20220922/UBNA_001/20220921_090000.WAV,Telephone Field,recover-20220922,001,1795
92.9705,93.0105,68437,83002,Rhinolophus ferrumequinum,0.025,0.025,-1,Echolocation,/mnt/ubna_data_02_mir/recover-20220922/UBNA_001/20220921_090000.WAV,Telephone Field,recover-20220922,001,1795
92.9755,92.998,17734,20175,Nyctalus noctula,0.016,0.03,-1,Echolocation,/mnt/ubna_data_02_mir/recover-20220922/UBNA_001/20220921_090000.WAV,Telephone Field,recover-20220922,001,1795
93.0185,93.0618,68437,82966,Rhinolophus ferrumequinum,0.035,0.035,-1,Echolocation,/mnt/ubna_data_02_mir/recover-20220922/UBNA_001/20220921_090000.WAV,Telephone Field,recover-20220922,001,1795
93.0485,93.089,68437,82774,Rhinolophus ferrumequinum,0.03,0.03,-1,Echolocation,/mnt/ubna_data_02_mir/recover-20220922/UBNA_001/20220921_090000.WAV,Telephone Field,recover-20220922,001,1795
93.0815,93.1206,68437,82176,Rhinolophus ferrumequinum,0.024,0.024,-1,Echolocation,/mnt/ubna_data_02_mir/recover-20220922/UBNA_001/20220921_090000.WAV,Telephone Field,recover-20220922,001,1795
93.1005,93.1398,68437,82431,Rhinolophus ferrumequinum,0.039,0.039,-1,Echolocation,/mnt/ubna_data_02_mir/recover-20220922/UBNA_001/20220921_090000.WAV,Telephone Field,recover-20220922,001,1795
93.1355,93.1768,68437,82611,Rhinolophus ferrumequinum,0.026,0.026,-1,Echolocation,/mnt/ubna_data_02_mir/recover-20220922/UBNA_001/20220921_090000.WAV,Telephone Field,recover-20220922,001,1795
93.1565,93.1934,68437,81720,Rhinolophus ferrumequinum,0.02,0.02,-1,Echolocation,/mnt/ubna_data_02_mir/recover-20220922/UBNA_001/20220921_090000.WAV,Telephone Field,recover-20220922,001,1795
93.1755,93.2138,68437,82005,Rhinolophus ferrumequinum,0.023,0.023,-1,Echolocation,/mnt/ubna_data_02_mir/recover-20220922/UBNA_001/20220921_090000.WAV,Telephone Field,recover-20220922,001,1795
93.1805,93.1918,28906,36996,Eptesicus serotinus,0.012,0.025,-1,Echolocation,/mnt/ubna_data_02_mir/recover-20220922/UBNA_001/20220921_090000.WAV,Telephone Field,recover-20220922,001,1795
93.1985,93.2102,23750,29439,Nyctalus leisleri,0.016,0.034,-1,Echolocation,/mnt/ubna_data_02_mir/recover-20220922/UBNA_001/20220921_090000.WAV,Telephone Field,recover-20220922,001,1795
93.2015,93.2385,68437,81835,Rhinolophus ferrumequinum,0.021,0.021,-1,Echolocation,/mnt/ubna_data_02_mir/recover-20220922/UBNA_001/20220921_090000.WAV,Telephone Field,recover-20220922,001,1795
93.2655,93.2747,29765,38564,Eptesicus serotinus,0.01,0.026,-1,Echolocation,/mnt/ubna_data_02_mir/recover-20220922/UBNA_001/20220921_090000.WAV,Telephone Field,recover-20220922,001,1795
93.2685,93.3075,68437,81889,Rhinolophus ferrumequinum,0.022,0.022,-1,Echolocation,/mnt/ubna_data_02_mir/recover-20220922/UBNA_001/20220921_090000.WAV,Telephone Field,recover-20220922,001,1795
93.3005,93.3426,68437,83280,Rhinolophus ferrumequinum,0.036,0.036,-1,Echolocation,/mnt/ubna_data_02_mir/recover-20220922/UBNA_001/20220921_090000.WAV,Telephone Field,recover-20220922,001,1795
93.3665,93.4074,68437,82117,Rhinolophus ferrumequinum,0.021,0.021,-1,Echolocation,/mnt/ubna_data_02_mir/recover-20220922/UBNA_001/20220921_090000.WAV,Telephone Field,recover-20220922,001,1795
93.4215,93.4599,68437,82354,Rhinolophus ferrumequinum,0.025,0.025,-1,Echolocation,/mnt/ubna_data_02_mir/recover-20220922/UBNA_001/20220921_090000.WAV,Telephone Field,recover-20220922,001,1795
93.4395,93.48179999999999,68437,82459,Rhinolophus ferrumequinum,0.031,0.031,-1,Echolocation,/mnt/ubna_data_02_mir/recover-20220922/UBNA_001/20220921_090000.WAV,Telephone Field,recover-20220922,001,1795
93.4405,93.4521,22890,28119,Nyctalus leisleri,0.012,0.025,-1,Echolocation,/mnt/ubna_data_02_mir/recover-20220922/UBNA_001/20220921_090000.WAV,Telephone Field,recover-20220922,001,1795
93.4565,93.4942,68437,82188,Rhinolophus ferrumequinum,0.021,0.021,-1,Echolocation,/mnt/ubna_data_02_mir/recover-20220922/UBNA_001/20220921_090000.WAV,Telephone Field,recover-20220922,001,1795
93.4735,93.5104,68437,82175,Rhinolophus ferrumequinum,0.02,0.02,-1,Echolocation,/mnt/ubna_data_02_mir/recover-20220922/UBNA_001/20220921_090000.WAV,Telephone Field,recover-20220922,001,1795
93.4845,93.5232,68437,82337,Rhinolophus ferrumequinum,0.022,0.022,-1,Echolocation,/mnt/ubna_data_02_mir/recover-20220922/UBNA_001/20220921_090000.WAV,Telephone Field,recover-20220922,001,1795
93.5475,93.5565,24609,32319,Nyctalus leisleri,0.006,0.021,-1,Echolocation,/mnt/ubna_data_02_mir/recover-20220922/UBNA_001/20220921_090000.WAV,Telephone Field,recover-20220922,001,1795
93.5525,93.5928,68437,82444,Rhinolophus ferrumequinum,0.032,0.032,-1,Echolocation,/mnt/ubna_data_02_mir/recover-20220922/UBNA_001/20220921_090000.WAV,Telephone Field,recover-20220922,001,1795
93.5755,93.6138,68437,82298,Rhinolophus ferrumequinum,0.022,0.022,-1,Echolocation,/mnt/ubna_data_02_mir/recover-20220922/UBNA_001/20220921_090000.WAV,Telephone Field,recover-20220922,001,1795
93.5935,93.6329,68437,82538,Rhinolophus ferrumequinum,0.023,0.023,-1,Echolocation,/mnt/ubna_data_02_mir/recover-20220922/UBNA_001/20220921_090000.WAV,Telephone Field,recover-20220922,001,1795
93.6055,93.6467,68437,82484,Rhinolophus ferrumequinum,0.021,0.021,-1,Echolocation,/mnt/ubna_data_02_mir/recover-20220922/UBNA_001/20220921_090000.WAV,Telephone Field,recover-20220922,001,1795
93.6265,93.6664,68437,81688,Rhinolophus ferrumequinum,0.023,0.023,-1,Echolocation,/mnt/ubna_data_02_mir/recover-20220922/UBNA_001/20220921_090000.WAV,Telephone Field,recover-20220922,001,1795
93.6495,93.6899,68437,82403,Rhinolophus ferrumequinum,0.021,0.021,-1,Echolocation,/mnt/ubna_data_02_mir/recover-20220922/UBNA_001/20220921_090000.WAV,Telephone Field,recover-20220922,001,1795
93.6555,93.6962,68437,82485,Rhinolophus ferrumequinum,0.021,0.021,-1,Echolocation,/mnt/ubna_data_02_mir/recover-20220922/UBNA_001/20220921_090000.WAV,Telephone Field,recover-20220922,001,1795
93.6575,93.66460000000001,51250,59348,Pipistrellus pipistrellus,0.018,0.022,-1,Echolocation,/mnt/ubna_data_02_mir/recover-20220922/UBNA_001/20220921_090000.WAV,Telephone Field,recover-20220922,001,1795
93.6705,93.71039999999999,68437,82069,Rhinolophus ferrumequinum,0.02,0.02,-1,Echolocation,/mnt/ubna_data_02_mir/recover-20220922/UBNA_001/20220921_090000.WAV,Telephone Field,recover-20220922,001,1795
93.7165,93.7542,68437,81010,Rhinolophus ferrumequinum,0.021,0.021,-1,Echolocation,/mnt/ubna_data_02_mir/recover-20220922/UBNA_001/20220921_090000.WAV,Telephone Field,recover-20220922,001,1795
93.7275,93.7657,68437,81287,Rhinolophus ferrumequinum,0.021,0.021,-1,Echolocation,/mnt/ubna_data_02_mir/recover-20220922/UBNA_001/20220921_090000.WAV,Telephone Field,recover-20220922,001,1795
93.75450000000001,93.7883,68437,81287,Rhinolophus ferrumequinum,0.023,0.023,-1,Echolocation,/mnt/ubna_data_02_mir/recover-20220922/UBNA_001/20220921_090000.WAV,Telephone Field,recover-20220922,001,1795
93.7645,93.7991,68437,80970,Rhinolophus ferrumequinum,0.028,0.028,-1,Echolocation,/mnt/ubna_data_02_mir/recover-20220922/UBNA_001/20220921_090000.WAV,Telephone Field,recover-20220922,001,1795
93.7815,93.7891,27187,37277,Eptesicus serotinus,0.009,0.022,-1,Echolocation,/mnt/ubna_data_02_mir/recover-20220922/UBNA_001/20220921_090000.WAV,Telephone Field,recover-20220922,001,1795
93.7825,93.8216,68437,82109,Rhinolophus ferrumequinum,0.021,0.021,-1,Echolocation,/mnt/ubna_data_02_mir/recover-20220922/UBNA_001/20220921_090000.WAV,Telephone Field,recover-20220922,001,1795
93.8165,93.8559,68437,82435,Rhinolophus ferrumequinum,0.022,0.022,-1,Echolocation,/mnt/ubna_data_02_mir/recover-20220922/UBNA_001/20220921_090000.WAV,Telephone Field,recover-20220922,001,1795
93.8365,93.8459,23750,29761,Nyctalus leisleri,0.009,0.021,-1,Echolocation,/mnt/ubna_data_02_mir/recover-20220922/UBNA_001/20220921_090000.WAV,Telephone Field,recover-20220922,001,1795
93.8535,93.8925,68437,82236,Rhinolophus ferrumequinum,0.027,0.027,-1,Echolocation,/mnt/ubna_data_02_mir/recover-20220922/UBNA_001/20220921_090000.WAV,Telephone Field,recover-20220922,001,1795
93.8615,93.9016,68437,81781,Rhinolophus ferrumequinum,0.025,0.025,-1,Echolocation,/mnt/ubna_data_02_mir/recover-20220922/UBNA_001/20220921_090000.WAV,Telephone Field,recover-20220922,001,1795
93.8685,93.9022,68437,80826,Rhinolophus ferrumequinum,0.021,0.021,-1,Echolocation,/mnt/ubna_data_02_mir/recover-20220922/UBNA_001/20220921_090000.WAV,Telephone Field,recover-20220922,001,1795
93.8775,93.9109,68437,80494,Rhinolophus ferrumequinum,0.021,0.021,-1,Echolocation,/mnt/ubna_data_02_mir/recover-20220922/UBNA_001/20220921_090000.WAV,Telephone Field,recover-20220922,001,1795
93.9575,93.9978,68437,82694,Rhinolophus ferrumequinum,0.037,0.037,-1,Echolocation,/mnt/ubna_data_02_mir/recover-20220922/UBNA_001/20220921_090000.WAV,Telephone Field,recover-20220922,001,1795
93.9625,93.9755,23750,29242,Nyctalus leisleri,0.012,0.026,-1,Echolocation,/mnt/ubna_data_02_mir/recover-20220922/UBNA_001/20220921_090000.WAV,Telephone Field,recover-20220922,001,1795
94.0015,94.0361,68437,80374,Rhinolophus ferrumequinum,0.028,0.028,-1,Echolocation,/mnt/ubna_data_02_mir/recover-20220922/UBNA_001/20220921_090000.WAV,Telephone Field,recover-20220922,001,1795
94.0015,94.0103,23750,35433,Nyctalus leisleri,0.006,0.027,-1,Echolocation,/mnt/ubna_data_02_mir/recover-20220922/UBNA_001/20220921_090000.WAV,Telephone Field,recover-20220922,001,1795
94.0015,94.0114,12578,21141,Nyctalus leisleri,0.019,0.027,-1,Echolocation,/mnt/ubna_data_02_mir/recover-20220922/UBNA_001/20220921_090000.WAV,Telephone Field,recover-20220922,001,1795
94.0085,94.0515,68437,82440,Rhinolophus ferrumequinum,0.024,0.024,-1,Echolocation,/mnt/ubna_data_02_mir/recover-20220922/UBNA_001/20220921_090000.WAV,Telephone Field,recover-20220922,001,1795
94.0295,94.0702,68437,82371,Rhinolophus ferrumequinum,0.025,0.025,-1,Echolocation,/mnt/ubna_data_02_mir/recover-20220922/UBNA_001/20220921_090000.WAV,Telephone Field,recover-20220922,001,1795
94.0685,94.0797,48671,53741,Pipistrellus pipistrellus,0.018,0.024,-1,Echolocation,/mnt/ubna_data_02_mir/recover-20220922/UBNA_001/20220921_090000.WAV,Telephone Field,recover-20220922,001,1795
94.0725,94.1095,68437,81911,Rhinolophus ferrumequinum,0.021,0.021,-1,Echolocation,/mnt/ubna_data_02_mir/recover-20220922/UBNA_001/20220921_090000.WAV,Telephone Field,recover-20220922,001,1795
94.0835,94.1276,68437,83163,Rhinolophus ferrumequinum,0.031,0.031,-1,Echolocation,/mnt/ubna_data_02_mir/recover-20220922/UBNA_001/20220921_090000.WAV,Telephone Field,recover-20220922,001,1795
94.1035,94.1405,68437,81141,Rhinolophus ferrumequinum,0.023,0.023,-1,Echolocation,/mnt/ubna_data_02_mir/recover-20220922/UBNA_001/20220921_090000.WAV,Telephone Field,recover-20220922,001,1795
94.1095,94.14920000000001,68437,82285,Rhinolophus ferrumequinum,0.024,0.024,-1,Echolocation,/mnt/ubna_data_02_mir/recover-20220922/UBNA_001/20220921_090000.WAV,Telephone Field,recover-20220922,001,1795
94.1315,94.1682,68437,81582,Rhinolophus ferrumequinum,0.021,0.021,-1,Echolocation,/mnt/ubna_data_02_mir/recover-20220922/UBNA_001/20220921_090000.WAV,Telephone Field,recover-20220922,001,1795
94.1445,94.1848,68437,82409,Rhinolophus ferrumequinum,0.022,0.022,-1,Echolocation,/mnt/ubna_data_02_mir/recover-20220922/UBNA_001/20220921_090000.WAV,Telephone Field,recover-20220922,001,1795
94.1815,94.1921,28906,36227,Eptesicus serotinus,0.01,0.022,-1,Echolocation,/mnt/ubna_data_02_mir/recover-20220922/UBNA_001/20220921_090000.WAV,Telephone Field,recover-20220922,001,1795
94.2085,94.2233,24609,29491,Nyctalus leisleri,0.013,0.028,-1,Echolocation,/mnt/ubna_data_02_mir/recover-20220922/UBNA_001/20220921_090000.WAV,Telephone Field,recover-20220922,001,1795
94.2095,94.2475,68437,81688,Rhinolophus ferrumequinum,0.031,0.031,-1,Echolocation,/mnt/ubna_data_02_mir/recover-20220922/UBNA_001/20220921_090000.WAV,Telephone Field,recover-20220922,001,1795
94.2625,94.2968,68437,80194,Rhinolophus ferrumequinum,0.023,0.023,-1,Echolocation,/mnt/ubna_data_02_mir/recover-20220922/UBNA_001/20220921_090000.WAV,Telephone Field,recover-20220922,001,1795
94.2955,94.3381,68437,83210,Rhinolophus ferrumequinum,0.033,0.033,-1,Echolocation,/mnt/ubna_data_02_mir/recover-20220922/UBNA_001/20220921_090000.WAV,Telephone Field,recover-20220922,001,1795
94.3295,94.3655,68437,81125,Rhinolophus ferrumequinum,0.021,0.021,-1,Echolocation,/mnt/ubna_data_02_mir/recover-20220922/UBNA_001/20220921_090000.WAV,Telephone Field,recover-20220922,001,1795
94.3415,94.3526,22890,27652,Nyctalus leisleri,0.014,0.027,-1,Echolocation,/mnt/ubna_data_02_mir/recover-20220922/UBNA_001/20220921_090000.WAV,Telephone Field,recover-20220922,001,1795
94.3655,94.4014,68437,80485,Rhinolophus ferrumequinum,0.021,0.021,-1,Echolocation,/mnt/ubna_data_02_mir/recover-20220922/UBNA_001/20220921_090000.WAV,Telephone Field,recover-20220922,001,1795
94.3755,94.3838,28906,37666,Eptesicus serotinus,0.011,0.029,-1,Echolocation,/mnt/ubna_data_02_mir/recover-20220922/UBNA_001/20220921_090000.WAV,Telephone Field,recover-20220922,001,1795
94.3925,94.4328,68437,82463,Rhinolophus ferrumequinum,0.023,0.023,-1,Echolocation,/mnt/ubna_data_02_mir/recover-20220922/UBNA_001/20220921_090000.WAV,Telephone Field,recover-20220922,001,1795
94.4025,94.4109,28046,38401,Eptesicus serotinus,0.007,0.022,-1,Echolocation,/mnt/ubna_data_02_mir/recover-20220922/UBNA_001/20220921_090000.WAV,Telephone Field,recover-20220922,001,1795
94.4275,94.4641,68437,81894,Rhinolophus ferrumequinum,0.021,0.021,-1,Echolocation,/mnt/ubna_data_02_mir/recover-20220922/UBNA_001/20220921_090000.WAV,Telephone Field,recover-20220922,001,1795
94.4525,94.4911,68437,81821,Rhinolophus ferrumequinum,0.024,0.024,-1,Echolocation,/mnt/ubna_data_02_mir/recover-20220922/UBNA_001/20220921_090000.WAV,Telephone Field,recover-20220922,001,1795
94.4585,94.4683,27187,35649,Eptesicus serotinus,0.011,0.026,-1,Echolocation,/mnt/ubna_data_02_mir/recover-20220922/UBNA_001/20220921_090000.WAV,Telephone Field,recover-20220922,001,1795
94.4695,94.5099,68437,82509,Rhinolophus ferrumequinum,0.025,0.025,-1,Echolocation,/mnt/ubna_data_02_mir/recover-20220922/UBNA_001/20220921_090000.WAV,Telephone Field,recover-20220922,001,1795
94.4705,94.4815,22890,27369,Nyctalus leisleri,0.012,0.022,-1,Echolocation,/mnt/ubna_data_02_mir/recover-20220922/UBNA_001/20220921_090000.WAV,Telephone Field,recover-20220922,001,1795
94.4925,94.5033,28906,36164,Eptesicus serotinus,0.011,0.026,-1,Echolocation,/mnt/ubna_data_02_mir/recover-20220922/UBNA_001/20220921_090000.WAV,Telephone Field,recover-20220922,001,1795
94.5215,94.5552,68437,80686,Rhinolophus ferrumequinum,0.022,0.023,-1,Echolocation,/mnt/ubna_data_02_mir/recover-20220922/UBNA_001/20220921_090000.WAV,Telephone Field,recover-20220922,001,1795
94.5265,94.536,28046,38626,Eptesicus serotinus,0.01,0.022,-1,Echolocation,/mnt/ubna_data_02_mir/recover-20220922/UBNA_001/20220921_090000.WAV,Telephone Field,recover-20220922,001,1795
94.5285,94.5677,68437,81646,Rhinolophus ferrumequinum,0.023,0.023,-1,Echolocation,/mnt/ubna_data_02_mir/recover-20220922/UBNA_001/20220921_090000.WAV,Telephone Field,recover-20220922,001,1795
94.5355,94.5757,68437,81470,Rhinolophus ferrumequinum,0.023,0.023,-1,Echolocation,/mnt/ubna_data_02_mir/recover-20220922/UBNA_001/20220921_090000.WAV,Telephone Field,recover-20220922,001,1795
94.5385,94.5485,24609,31917,Nyctalus leisleri,0.021,0.056,-1,Echolocation,/mnt/ubna_data_02_mir/recover-20220922/UBNA_001/20220921_090000.WAV,Telephone Field,recover-20220922,001,1795
94.5745,94.6115,68437,81841,Rhinolophus ferrumequinum,0.021,0.022,-1,Echolocation,/mnt/ubna_data_02_mir/recover-20220922/UBNA_001/20220921_090000.WAV,Telephone Field,recover-20220922,001,1795
94.5865,94.5947,28046,43406,Eptesicus serotinus,0.007,0.02,-1,Echolocation,/mnt/ubna_data_02_mir/recover-20220922/UBNA_001/20220921_090000.WAV,Telephone Field,recover-20220922,001,1795
94.5915,94.63419999999999,68437,82865,Rhinolophus ferrumequinum,0.039,0.039,-1,Echolocation,/mnt/ubna_data_02_mir/recover-20220922/UBNA_001/20220921_090000.WAV,Telephone Field,recover-20220922,001,1795
94.61449999999999,94.6533,68437,82109,Rhinolophus ferrumequinum,0.021,0.021,-1,Echolocation,/mnt/ubna_data_02_mir/recover-20220922/UBNA_001/20220921_090000.WAV,Telephone Field,recover-20220922,001,1795
94.6525,94.6692,23750,27758,Nyctalus leisleri,0.027,0.05,-1,Echolocation,/mnt/ubna_data_02_mir/recover-20220922/UBNA_001/20220921_090000.WAV,Telephone Field,recover-20220922,001,1795
94.6825,94.7225,68437,82695,Rhinolophus ferrumequinum,0.024,0.024,-1,Echolocation,/mnt/ubna_data_02_mir/recover-20220922/UBNA_001/20220921_090000.WAV,Telephone Field,recover-20220922,001,1795
94.7535,94.796,68437,82574,Rhinolophus ferrumequinum,0.028,0.028,-1,Echolocation,/mnt/ubna_data_02_mir/recover-20220922/UBNA_001/20220921_090000.WAV,Telephone Field,recover-20220922,001,1795
94.7715,94.809,68437,81495,Rhinolophus ferrumequinum,0.022,0.022,-1,Echolocation,/mnt/ubna_data_02_mir/recover-20220922/UBNA_001/20220921_090000.WAV,Telephone Field,recover-20220922,001,1795
94.8345,94.8773,68437,83186,Rhinolophus ferrumequinum,0.035,0.035,-1,Echolocation,/mnt/ubna_data_02_mir/recover-20220922/UBNA_001/20220921_090000.WAV,Telephone Field,recover-20220922,001,1795
94.8575,94.8965,68437,81379,Rhinolophus ferrumequinum,0.028,0.028,-1,Echolocation,/mnt/ubna_data_02_mir/recover-20220922/UBNA_001/20220921_090000.WAV,Telephone Field,recover-20220922,001,1795
94.8945,94.9362,68437,82914,Rhinolophus ferrumequinum,0.036,0.036,-1,Echolocation,/mnt/ubna_data_02_mir/recover-20220922/UBNA_001/20220921_090000.WAV,Telephone Field,recover-20220922,001,1795
94.9205,94.9594,68437,81638,Rhinolophus ferrumequinum,0.022,0.022,-1,Echolocation,/mnt/ubna_data_02_mir/recover-20220922/UBNA_001/20220921_090000.WAV,Telephone Field,recover-20220922,001,1795
94.9395,94.9506,25468,32508,Eptesicus serotinus,0.01,0.023,-1,Echolocation,/mnt/ubna_data_02_mir/recover-20220922/UBNA_001/20220921_090000.WAV,Telephone Field,recover-20220922,001,1795
94.9445,94.9827,68437,82170,Rhinolophus ferrumequinum,0.021,0.021,-1,Echolocation,/mnt/ubna_data_02_mir/recover-20220922/UBNA_001/20220921_090000.WAV,Telephone Field,recover-20220922,001,1795
94.9515,94.9883,68437,81835,Rhinolophus ferrumequinum,0.021,0.021,-1,Echolocation,/mnt/ubna_data_02_mir/recover-20220922/UBNA_001/20220921_090000.WAV,Telephone Field,recover-20220922,001,1795
94.9755,95.0214,68437,83296,Rhinolophus ferrumequinum,0.035,0.035,-1,Echolocation,/mnt/ubna_data_02_mir/recover-20220922/UBNA_001/20220921_090000.WAV,Telephone Field,recover-20220922,001,1795
95.0135,95.0216,28046,37902,Eptesicus serotinus,0.007,0.022,-1,Echolocation,/mnt/ubna_data_02_mir/recover-20220922/UBNA_001/20220921_090000.WAV,Telephone Field,recover-20220922,001,1795
95.0335,95.0706,68437,81245,Rhinolophus ferrumequinum,0.033,0.033,-1,Echolocation,/mnt/ubna_data_02_mir/recover-20220922/UBNA_001/20220921_090000.WAV,Telephone Field,recover-20220922,001,1795
95.0365,95.048,22890,27465,Nyctalus leisleri,0.015,0.026,-1,Echolocation,/mnt/ubna_data_02_mir/recover-20220922/UBNA_001/20220921_090000.WAV,Telephone Field,recover-20220922,001,1795
95.0425,95.0507,32343,42126,Myotis daubentonii,0.006,0.02,-1,Echolocation,/mnt/ubna_data_02_mir/recover-20220922/UBNA_001/20220921_090000.WAV,Telephone Field,recover-20220922,001,1795
95.0515,95.0587,28046,37837,Eptesicus serotinus,0.008,0.023,-1,Echolocation,/mnt/ubna_data_02_mir/recover-20220922/UBNA_001/20220921_090000.WAV,Telephone Field,recover-20220922,001,1795
95.0535,95.0927,68437,81920,Rhinolophus ferrumequinum,0.021,0.021,-1,Echolocation,/mnt/ubna_data_02_mir/recover-20220922/UBNA_001/20220921_090000.WAV,Telephone Field,recover-20220922,001,1795
95.0595,95.0994,68437,82385,Rhinolophus ferrumequinum,0.021,0.021,-1,Echolocation,/mnt/ubna_data_02_mir/recover-20220922/UBNA_001/20220921_090000.WAV,Telephone Field,recover-20220922,001,1795
95.0675,95.0815,35781,40430,Pipistrellus nathusii,0.01,0.021,-1,Echolocation,/mnt/ubna_data_02_mir/recover-20220922/UBNA_001/20220921_090000.WAV,Telephone Field,recover-20220922,001,1795
95.0915,95.1049,24609,30522,Nyctalus leisleri,0.015,0.032,-1,Echolocation,/mnt/ubna_data_02_mir/recover-20220922/UBNA_001/20220921_090000.WAV,Telephone Field,recover-20220922,001,1795
95.1405,95.1766,68437,81803,Rhinolophus ferrumequinum,0.029,0.029,-1,Echolocation,/mnt/ubna_data_02_mir/recover-20220922/UBNA_001/20220921_090000.WAV,Telephone Field,recover-20220922,001,1795
95.1565,95.1666,22890,27644,Nyctalus leisleri,0.011,0.024,-1,Echolocation,/mnt/ubna_data_02_mir/recover-20220922/UBNA_001/20220921_090000.WAV,Telephone Field,recover-20220922,001,1795
95.1645,95.1839,19453,21976,Nyctalus leisleri,0.016,0.033,-1,Echolocation,/mnt/ubna_data_02_mir/recover-20220922/UBNA_001/20220921_090000.WAV,Telephone Field,recover-20220922,001,1795
95.1765,95.2168,68437,81909,Rhinolophus ferrumequinum,0.023,0.023,-1,Echolocation,/mnt/ubna_data_02_mir/recover-20220922/UBNA_001/20220921_090000.WAV,Telephone Field,recover-20220922,001,1795
95.1875,95.2263,68437,82227,Rhinolophus ferrumequinum,0.021,0.021,-1,Echolocation,/mnt/ubna_data_02_mir/recover-20220922/UBNA_001/20220921_090000.WAV,Telephone Field,recover-20220922,001,1795
95.1945,95.2363,68437,82677,Rhinolophus ferrumequinum,0.022,0.022,-1,Echolocation,/mnt/ubna_data_02_mir/recover-20220922/UBNA_001/20220921_090000.WAV,Telephone Field,recover-20220922,001,1795
95.2035,95.2144,22890,28273,Nyctalus leisleri,0.013,0.025,-1,Echolocation,/mnt/ubna_data_02_mir/recover-20220922/UBNA_001/20220921_090000.WAV,Telephone Field,recover-20220922,001,1795
95.2255,95.2624,68437,80889,Rhinolophus ferrumequinum,0.024,0.024,-1,Echolocation,/mnt/ubna_data_02_mir/recover-20220922/UBNA_001/20220921_090000.WAV,Telephone Field,recover-20220922,001,1795
95.2275,95.2375,24609,30799,Nyctalus leisleri,0.009,0.024,-1,Echolocation,/mnt/ubna_data_02_mir/recover-20220922/UBNA_001/20220921_090000.WAV,Telephone Field,recover-20220922,001,1795
95.2335,95.2394,50390,54857,Pipistrellus pipistrellus,0.02,0.022,-1,Echolocation,/mnt/ubna_data_02_mir/recover-20220922/UBNA_001/20220921_090000.WAV,Telephone Field,recover-20220922,001,1795
95.2685,95.3077,68437,82892,Rhinolophus ferrumequinum,0.03,0.031,-1,Echolocation,/mnt/ubna_data_02_mir/recover-20220922/UBNA_001/20220921_090000.WAV,Telephone Field,recover-20220922,001,1795
95.2895,95.3296,68437,82458,Rhinolophus ferrumequinum,0.024,0.025,-1,Echolocation,/mnt/ubna_data_02_mir/recover-20220922/UBNA_001/20220921_090000.WAV,Telephone Field,recover-20220922,001,1795
95.3175,95.354,68437,81360,Rhinolophus ferrumequinum,0.023,0.023,-1,Echolocation,/mnt/ubna_data_02_mir/recover-20220922/UBNA_001/20220921_090000.WAV,Telephone Field,recover-20220922,001,1795
95.3365,95.3472,23750,29610,Nyctalus leisleri,0.01,0.024,-1,Echolocation,/mnt/ubna_data_02_mir/recover-20220922/UBNA_001/20220921_090000.WAV,Telephone Field,recover-20220922,001,1795
95.3395,95.3802,68437,83025,Rhinolophus ferrumequinum,0.032,0.032,-1,Echolocation,/mnt/ubna_data_02_mir/recover-20220922/UBNA_001/20220921_090000.WAV,Telephone Field,recover-20220922,001,1795
95.3635,95.4021,68437,81781,Rhinolophus ferrumequinum,0.021,0.021,-1,Echolocation,/mnt/ubna_data_02_mir/recover-20220922/UBNA_001/20220921_090000.WAV,Telephone Field,recover-20220922,001,1795
95.3715,95.4079,68437,81438,Rhinolophus ferrumequinum,0.022,0.022,-1,Echolocation,/mnt/ubna_data_02_mir/recover-20220922/UBNA_001/20220921_090000.WAV,Telephone Field,recover-20220922,001,1795
95.3895,95.3998,23750,29493,Nyctalus leisleri,0.01,0.023,-1,Echolocation,/mnt/ubna_data_02_mir/recover-20220922/UBNA_001/20220921_090000.WAV,Telephone Field,recover-20220922,001,1795
95.4025,95.4408,68437,82036,Rhinolophus ferrumequinum,0.021,0.021,-1,Echolocation,/mnt/ubna_data_02_mir/recover-20220922/UBNA_001/20220921_090000.WAV,Telephone Field,recover-20220922,001,1795
95.4315,95.4746,68437,82857,Rhinolophus ferrumequinum,0.022,0.022,-1,Echolocation,/mnt/ubna_data_02_mir/recover-20220922/UBNA_001/20220921_090000.WAV,Telephone Field,recover-20220922,001,1795
95.4405,95.479,68437,81973,Rhinolophus ferrumequinum,0.024,0.024,-1,Echolocation,/mnt/ubna_data_02_mir/recover-20220922/UBNA_001/20220921_090000.WAV,Telephone Field,recover-20220922,001,1795
95.4415,95.4532,37500,42346,Pipistrellus nathusii,0.015,0.028,-1,Echolocation,/mnt/ubna_data_02_mir/recover-20220922/UBNA_001/20220921_090000.WAV,Telephone Field,recover-20220922,001,1795
95.4745,95.5131,68437,81317,Rhinolophus ferrumequinum,0.027,0.027,-1,Echolocation,/mnt/ubna_data_02_mir/recover-20220922/UBNA_001/20220921_090000.WAV,Telephone Field,recover-20220922,001,1795
95.4815,95.5153,68437,80305,Rhinolophus ferrumequinum,0.024,0.024,-1,Echolocation,/mnt/ubna_data_02_mir/recover-20220922/UBNA_001/20220921_090000.WAV,Telephone Field,recover-20220922,001,1795
95.5025,95.5174,22890,26615,Nyctalus leisleri,0.02,0.033,-1,Echolocation,/mnt/ubna_data_02_mir/recover-20220922/UBNA_001/20220921_090000.WAV,Telephone Field,recover-20220922,001,1795
95.5345,95.5696,68437,80867,Rhinolophus ferrumequinum,0.022,0.022,-1,Echolocation,/mnt/ubna_data_02_mir/recover-20220922/UBNA_001/20220921_090000.WAV,Telephone Field,recover-20220922,001,1795
95.5385,95.5489,21171,25971,Nyctalus leisleri,0.01,0.021,-1,Echolocation,/mnt/ubna_data_02_mir/recover-20220922/UBNA_001/20220921_090000.WAV,Telephone Field,recover-20220922,001,1795
95.5395,95.5459,26328,39177,Plecotus austriacus,0.004,0.021,-1,Echolocation,/mnt/ubna_data_02_mir/recover-20220922/UBNA_001/20220921_090000.WAV,Telephone Field,recover-20220922,001,1795
95.5565,95.5943,68437,82380,Rhinolophus ferrumequinum,0.022,0.022,-1,Echolocation,/mnt/ubna_data_02_mir/recover-20220922/UBNA_001/20220921_090000.WAV,Telephone Field,recover-20220922,001,1795
95.5675,95.6098,68437,83045,Rhinolophus ferrumequinum,0.022,0.022,-1,Echolocation,/mnt/ubna_data_02_mir/recover-20220922/UBNA_001/20220921_090000.WAV,Telephone Field,recover-20220922,001,1795
95.61449999999999,95.6577,68437,82834,Rhinolophus ferrumequinum,0.025,0.026,-1,Echolocation,/mnt/ubna_data_02_mir/recover-20220922/UBNA_001/20220921_090000.WAV,Telephone Field,recover-20220922,001,1795
95.6685,95.7055,68437,81731,Rhinolophus ferrumequinum,0.023,0.023,-1,Echolocation,/mnt/ubna_data_02_mir/recover-20220922/UBNA_001/20220921_090000.WAV,Telephone Field,recover-20220922,001,1795
95.6885,95.6994,23750,29965,Nyctalus leisleri,0.013,0.03,-1,Echolocation,/mnt/ubna_data_02_mir/recover-20220922/UBNA_001/20220921_090000.WAV,Telephone Field,recover-20220922,001,1795
95.7155,95.7492,68437,80631,Rhinolophus ferrumequinum,0.02,0.021,-1,Echolocation,/mnt/ubna_data_02_mir/recover-20220922/UBNA_001/20220921_090000.WAV,Telephone Field,recover-20220922,001,1795
95.7275,95.7654,68437,81416,Rhinolophus ferrumequinum,0.023,0.023,-1,Echolocation,/mnt/ubna_data_02_mir/recover-20220922/UBNA_001/20220921_090000.WAV,Telephone Field,recover-20220922,001,1795
95.7365,95.7731,68437,81490,Rhinolophus ferrumequinum,0.022,0.022,-1,Echolocation,/mnt/ubna_data_02_mir/recover-20220922/UBNA_001/20220921_090000.WAV,Telephone Field,recover-20220922,001,1795
95.7465,95.7835,68437,82016,Rhinolophus ferrumequinum,0.021,0.021,-1,Echolocation,/mnt/ubna_data_02_mir/recover-20220922/UBNA_001/20220921_090000.WAV,Telephone Field,recover-20220922,001,1795
95.7705,95.8121,68437,82429,Rhinolophus ferrumequinum,0.021,0.021,-1,Echolocation,/mnt/ubna_data_02_mir/recover-20220922/UBNA_001/20220921_090000.WAV,Telephone Field,recover-20220922,001,1795
95.7775,95.7849,51250,58207,Pipistrellus pipistrellus,0.017,0.021,-1,Echolocation,/mnt/ubna_data_02_mir/recover-20220922/UBNA_001/20220921_090000.WAV,Telephone Field,recover-20220922,001,1795
95.8215,95.8629,68437,82256,Rhinolophus ferrumequinum,0.035,0.035,-1,Echolocation,/mnt/ubna_data_02_mir/recover-20220922/UBNA_001/20220921_090000.WAV,Telephone Field,recover-20220922,001,1795
95.8335,95.8729,68437,82343,Rhinolophus ferrumequinum,0.021,0.021,-1,Echolocation,/mnt/ubna_data_02_mir/recover-20220922/UBNA_001/20220921_090000.WAV,Telephone Field,recover-20220922,001,1795
95.8515,95.8596,27187,37821,Eptesicus serotinus,0.007,0.02,-1,Echolocation,/mnt/ubna_data_02_mir/recover-20220922/UBNA_001/20220921_090000.WAV,Telephone Field,recover-20220922,001,1795
95.8545,95.8965,68437,82597,Rhinolophus ferrumequinum,0.028,0.028,-1,Echolocation,/mnt/ubna_data_02_mir/recover-20220922/UBNA_001/20220921_090000.WAV,Telephone Field,recover-20220922,001,1795
95.8765,95.9123,68437,81248,Rhinolophus ferrumequinum,0.023,0.023,-1,Echolocation,/mnt/ubna_data_02_mir/recover-20220922/UBNA_001/20220921_090000.WAV,Telephone Field,recover-20220922,001,1795
95.8865,95.9227,68437,81418,Rhinolophus ferrumequinum,0.022,0.022,-1,Echolocation,/mnt/ubna_data_02_mir/recover-20220922/UBNA_001/20220921_090000.WAV,Telephone Field,recover-20220922,001,1795
95.9035,95.9142,24609,30737,Nyctalus leisleri,0.01,0.026,-1,Echolocation,/mnt/ubna_data_02_mir/recover-20220922/UBNA_001/20220921_090000.WAV,Telephone Field,recover-20220922,001,1795
95.9395,95.9826,68437,83061,Rhinolophus ferrumequinum,0.029,0.029,-1,Echolocation,/mnt/ubna_data_02_mir/recover-20220922/UBNA_001/20220921_090000.WAV,Telephone Field,recover-20220922,001,1795
95.9765,95.9874,22890,27244,Nyctalus leisleri,0.011,0.021,-1,Echolocation,/mnt/ubna_data_02_mir/recover-20220922/UBNA_001/20220921_090000.WAV,Telephone Field,recover-20220922,001,1795
96.0015,96.0324,69296,80187,Rhinolophus ferrumequinum,0.032,0.032,-1,Echolocation,/mnt/ubna_data_02_mir/recover-20220922/UBNA_001/20220921_090000.WAV,Telephone Field,recover-20220922,001,1795
96.0015,96.011,48671,55553,Pipistrellus pipistrellus,0.019,0.025,-1,Echolocation,/mnt/ubna_data_02_mir/recover-20220922/UBNA_001/20220921_090000.WAV,Telephone Field,recover-20220922,001,1795
96.0015,96.0107,26328,36062,Eptesicus serotinus,0.008,0.027,-1,Echolocation,/mnt/ubna_data_02_mir/recover-20220922/UBNA_001/20220921_090000.WAV,Telephone Field,recover-20220922,001,1795
96.0115,96.022,23750,31177,Nyctalus leisleri,0.007,0.022,-1,Echolocation,/mnt/ubna_data_02_mir/recover-20220922/UBNA_001/20220921_090000.WAV,Telephone Field,recover-20220922,001,1795
96.0155,96.054,68437,82611,Rhinolophus ferrumequinum,0.023,0.023,-1,Echolocation,/mnt/ubna_data_02_mir/recover-20220922/UBNA_001/20220921_090000.WAV,Telephone Field,recover-20220922,001,1795
96.0695,96.1121,68437,83496,Rhinolophus ferrumequinum,0.033,0.033,-1,Echolocation,/mnt/ubna_data_02_mir/recover-20220922/UBNA_001/20220921_090000.WAV,Telephone Field,recover-20220922,001,1795
96.0785,96.0869,28046,36587,Eptesicus serotinus,0.009,0.025,-1,Echolocation,/mnt/ubna_data_02_mir/recover-20220922/UBNA_001/20220921_090000.WAV,Telephone Field,recover-20220922,001,1795
96.0915,96.1294,68437,82128,Rhinolophus ferrumequinum,0.022,0.022,-1,Echolocation,/mnt/ubna_data_02_mir/recover-20220922/UBNA_001/20220921_090000.WAV,Telephone Field,recover-20220922,001,1795
96.1095,96.1202,28906,35865,Eptesicus serotinus,0.013,0.029,-1,Echolocation,/mnt/ubna_data_02_mir/recover-20220922/UBNA_001/20220921_090000.WAV,Telephone Field,recover-20220922,001,1795
96.1155,96.1534,68437,82159,Rhinolophus ferrumequinum,0.024,0.024,-1,Echolocation,/mnt/ubna_data_02_mir/recover-20220922/UBNA_001/20220921_090000.WAV,Telephone Field,recover-20220922,001,1795
96.1725,96.2138,68437,82744,Rhinolophus ferrumequinum,0.024,0.024,-1,Echolocation,/mnt/ubna_data_02_mir/recover-20220922/UBNA_001/20220921_090000.WAV,Telephone Field,recover-20220922,001,1795
96.1825,96.2224,68437,82029,Rhinolophus ferrumequinum,0.022,0.022,-1,Echolocation,/mnt/ubna_data_02_mir/recover-20220922/UBNA_001/20220921_090000.WAV,Telephone Field,recover-20220922,001,1795
96.1965,96.2333,68437,81655,Rhinolophus ferrumequinum,0.021,0.021,-1,Echolocation,/mnt/ubna_data_02_mir/recover-20220922/UBNA_001/20220921_090000.WAV,Telephone Field,recover-20220922,001,1795
96.2105,96.2462,68437,81487,Rhinolophus ferrumequinum,0.022,0.022,-1,Echolocation,/mnt/ubna_data_02_mir/recover-20220922/UBNA_001/20220921_090000.WAV,Telephone Field,recover-20220922,001,1795
96.2165,96.2562,68437,82329,Rhinolophus ferrumequinum,0.026,0.026,-1,Echolocation,/mnt/ubna_data_02_mir/recover-20220922/UBNA_001/20220921_090000.WAV,Telephone Field,recover-20220922,001,1795
96.2665,96.2748,28046,38716,Eptesicus serotinus,0.008,0.023,-1,Echolocation,/mnt/ubna_data_02_mir/recover-20220922/UBNA_001/20220921_090000.WAV,Telephone Field,recover-20220922,001,1795
96.2675,96.307,68437,82195,Rhinolophus ferrumequinum,0.024,0.024,-1,Echolocation,/mnt/ubna_data_02_mir/recover-20220922/UBNA_001/20220921_090000.WAV,Telephone Field,recover-20220922,001,1795
96.3005,96.3072,46953,51618,Pipistrellus pipistrellus,0.019,0.021,-1,Echolocation,/mnt/ubna_data_02_mir/recover-20220922/UBNA_001/20220921_090000.WAV,Telephone Field,recover-20220922,001,1795
96.3105,96.3175,27187,39299,Eptesicus serotinus,0.008,0.028,-1,Echolocation,/mnt/ubna_data_02_mir/recover-20220922/UBNA_001/20220921_090000.WAV,Telephone Field,recover-20220922,001,1795
96.3115,96.3507,68437,82143,Rhinolophus ferrumequinum,0.027,0.027,-1,Echolocation,/mnt/ubna_data_02_mir/recover-20220922/UBNA_001/20220921_090000.WAV,Telephone Field,recover-20220922,001,1795
96.3445,96.3852,68437,82943,Rhinolophus ferrumequinum,0.026,0.026,-1,Echolocation,/mnt/ubna_data_02_mir/recover-20220922/UBNA_001/20220921_090000.WAV,Telephone Field,recover-20220922,001,1795
96.3525,96.3899,68437,81579,Rhinolophus ferrumequinum,0.024,0.024,-1,Echolocation,/mnt/ubna_data_02_mir/recover-20220922/UBNA_001/20220921_090000.WAV,Telephone Field,recover-20220922,001,1795
96.4125,96.4518,68437,82724,Rhinolophus ferrumequinum,0.026,0.026,-1,Echolocation,/mnt/ubna_data_02_mir/recover-20220922/UBNA_001/20220921_090000.WAV,Telephone Field,recover-20220922,001,1795
96.4245,96.4341,23750,31239,Nyctalus leisleri,0.008,0.025,-1,Echolocation,/mnt/ubna_data_02_mir/recover-20220922/UBNA_001/20220921_090000.WAV,Telephone Field,recover-20220922,001,1795
96.4325,96.4441,22890,27454,Nyctalus leisleri,0.014,0.027,-1,Echolocation,/mnt/ubna_data_02_mir/recover-20220922/UBNA_001/20220921_090000.WAV,Telephone Field,recover-20220922,001,1795
96.4585,96.469,22890,27971,Nyctalus leisleri,0.011,0.022,-1,Echolocation,/mnt/ubna_data_02_mir/recover-20220922/UBNA_001/20220921_090000.WAV,Telephone Field,recover-20220922,001,1795
96.4725,96.4804,28046,41466,Eptesicus serotinus,0.008,0.023,-1,Echolocation,/mnt/ubna_data_02_mir/recover-20220922/UBNA_001/20220921_090000.WAV,Telephone Field,recover-20220922,001,1795
96.4835,96.52,68437,81752,Rhinolophus ferrumequinum,0.024,0.024,-1,Echolocation,/mnt/ubna_data_02_mir/recover-20220922/UBNA_001/20220921_090000.WAV,Telephone Field,recover-20220922,001,1795
96.5035,96.5104,50390,55142,Pipistrellus pipistrellus,0.025,0.029,-1,Echolocation,/mnt/ubna_data_02_mir/recover-20220922/UBNA_001/20220921_090000.WAV,Telephone Field,recover-20220922,001,1795
96.5245,96.5618,68437,81652,Rhinolophus ferrumequinum,0.021,0.021,-1,Echolocation,/mnt/ubna_data_02_mir/recover-20220922/UBNA_001/20220921_090000.WAV,Telephone Field,recover-20220922,001,1795
96.5335,96.5726,68437,81950,Rhinolophus ferrumequinum,0.021,0.021,-1,Echolocation,/mnt/ubna_data_02_mir/recover-20220922/UBNA_001/20220921_090000.WAV,Telephone Field,recover-20220922,001,1795
96.5505,96.5576,28046,40844,Eptesicus serotinus,0.007,0.025,-1,Echolocation,/mnt/ubna_data_02_mir/recover-20220922/UBNA_001/20220921_090000.WAV,Telephone Field,recover-20220922,001,1795
96.5945,96.6047,27187,36402,Eptesicus serotinus,0.011,0.024,-1,Echolocation,/mnt/ubna_data_02_mir/recover-20220922/UBNA_001/20220921_090000.WAV,Telephone Field,recover-20220922,001,1795
96.6085,96.6532,68437,83447,Rhinolophus ferrumequinum,0.059,0.059,-1,Echolocation,/mnt/ubna_data_02_mir/recover-20220922/UBNA_001/20220921_090000.WAV,Telephone Field,recover-20220922,001,1795
96.6225,96.6281,33203,46533,Myotis daubentonii,0.033,0.085,-1,Echolocation,/mnt/ubna_data_02_mir/recover-20220922/UBNA_001/20220921_090000.WAV,Telephone Field,recover-20220922,001,1795
96.6235,96.6284,26328,49631,Myotis nattereri,0.016,0.055,-1,Echolocation,/mnt/ubna_data_02_mir/recover-20220922/UBNA_001/20220921_090000.WAV,Telephone Field,recover-20220922,001,1795
96.6645,96.7024,68437,82465,Rhinolophus ferrumequinum,0.032,0.032,-1,Echolocation,/mnt/ubna_data_02_mir/recover-20220922/UBNA_001/20220921_090000.WAV,Telephone Field,recover-20220922,001,1795
96.6685,96.6774,28046,39658,Eptesicus serotinus,0.009,0.025,-1,Echolocation,/mnt/ubna_data_02_mir/recover-20220922/UBNA_001/20220921_090000.WAV,Telephone Field,recover-20220922,001,1795
96.6985,96.7398,68437,82380,Rhinolophus ferrumequinum,0.024,0.024,-1,Echolocation,/mnt/ubna_data_02_mir/recover-20220922/UBNA_001/20220921_090000.WAV,Telephone Field,recover-20220922,001,1795
96.7215,96.7312,23750,30704,Nyctalus leisleri,0.008,0.023,-1,Echolocation,/mnt/ubna_data_02_mir/recover-20220922/UBNA_001/20220921_090000.WAV,Telephone Field,recover-20220922,001,1795
96.7375,96.7512,22031,25848,Nyctalus leisleri,0.021,0.037,-1,Echolocation,/mnt/ubna_data_02_mir/recover-20220922/UBNA_001/20220921_090000.WAV,Telephone Field,recover-20220922,001,1795
96.7425,96.7809,68437,83030,Rhinolophus ferrumequinum,0.031,0.031,-1,Echolocation,/mnt/ubna_data_02_mir/recover-20220922/UBNA_001/20220921_090000.WAV,Telephone Field,recover-20220922,001,1795
96.7555,96.7971,68437,82167,Rhinolophus ferrumequinum,0.022,0.022,-1,Echolocation,/mnt/ubna_data_02_mir/recover-20220922/UBNA_001/20220921_090000.WAV,Telephone Field,recover-20220922,001,1795
96.7615,96.7719,28906,37098,Eptesicus serotinus,0.012,0.025,-1,Echolocation,/mnt/ubna_data_02_mir/recover-20220922/UBNA_001/20220921_090000.WAV,Telephone Field,recover-20220922,001,1795
96.7915,96.8306,68437,82311,Rhinolophus ferrumequinum,0.028,0.028,-1,Echolocation,/mnt/ubna_data_02_mir/recover-20220922/UBNA_001/20220921_090000.WAV,Telephone Field,recover-20220922,001,1795
96.7925,96.7997,27187,43668,Eptesicus serotinus,0.007,0.021,-1,Echolocation,/mnt/ubna_data_02_mir/recover-20220922/UBNA_001/20220921_090000.WAV,Telephone Field,recover-20220922,001,1795
96.8065,96.8178,28906,35353,Eptesicus serotinus,0.014,0.028,-1,Echolocation,/mnt/ubna_data_02_mir/recover-20220922/UBNA_001/20220921_090000.WAV,Telephone Field,recover-20220922,001,1795
96.8085,96.8447,68437,81305,Rhinolophus ferrumequinum,0.026,0.026,-1,Echolocation,/mnt/ubna_data_02_mir/recover-20220922/UBNA_001/20220921_090000.WAV,Telephone Field,recover-20220922,001,1795
96.8295,96.868,68437,82009,Rhinolophus ferrumequinum,0.022,0.022,-1,Echolocation,/mnt/ubna_data_02_mir/recover-20220922/UBNA_001/20220921_090000.WAV,Telephone Field,recover-20220922,001,1795
96.8355,96.8457,22890,29041,Nyctalus leisleri,0.01,0.025,-1,Echolocation,/mnt/ubna_data_02_mir/recover-20220922/UBNA_001/20220921_090000.WAV,Telephone Field,recover-20220922,001,1795
96.86449999999999,96.9017,68437,81659,Rhinolophus ferrumequinum,0.023,0.023,-1,Echolocation,/mnt/ubna_data_02_mir/recover-20220922/UBNA_001/20220921_090000.WAV,Telephone Field,recover-20220922,001,1795
96.9095,96.9188,28046,36244,Eptesicus serotinus,0.009,0.023,-1,Echolocation,/mnt/ubna_data_02_mir/recover-20220922/UBNA_001/20220921_090000.WAV,Telephone Field,recover-20220922,001,1795
96.9185,96.9564,68437,82411,Rhinolophus ferrumequinum,0.022,0.022,-1,Echolocation,/mnt/ubna_data_02_mir/recover-20220922/UBNA_001/20220921_090000.WAV,Telephone Field,recover-20220922,001,1795
96.9315,96.9369,28046,44778,Plecotus auritus,0.008,0.034,-1,Echolocation,/mnt/ubna_data_02_mir/recover-20220922/UBNA_001/20220921_090000.WAV,Telephone Field,recover-20220922,001,1795
96.9715,97.0085,68437,82408,Rhinolophus ferrumequinum,0.025,0.025,-1,Echolocation,/mnt/ubna_data_02_mir/recover-20220922/UBNA_001/20220921_090000.WAV,Telephone Field,recover-20220922,001,1795
96.9775,97.0153,68437,83028,Rhinolophus ferrumequinum,0.023,0.023,-1,Echolocation,/mnt/ubna_data_02_mir/recover-20220922/UBNA_001/20220921_090000.WAV,Telephone Field,recover-20220922,001,1795
97.0025,97.0386,68437,81434,Rhinolophus ferrumequinum,0.022,0.022,-1,Echolocation,/mnt/ubna_data_02_mir/recover-20220922/UBNA_001/20220921_090000.WAV,Telephone Field,recover-20220922,001,1795
97.0145,97.0524,68437,82207,Rhinolophus ferrumequinum,0.022,0.022,-1,Echolocation,/mnt/ubna_data_02_mir/recover-20220922/UBNA_001/20220921_090000.WAV,Telephone Field,recover-20220922,001,1795
97.0395,97.0469,25468,35210,Eptesicus serotinus,0.007,0.023,-1,Echolocation,/mnt/ubna_data_02_mir/recover-20220922/UBNA_001/20220921_090000.WAV,Telephone Field,recover-20220922,001,1795
97.0525,97.0675,22031,24919,Nyctalus leisleri,0.021,0.03,-1,Echolocation,/mnt/ubna_data_02_mir/recover-20220922/UBNA_001/20220921_090000.WAV,Telephone Field,recover-20220922,001,1795
97.0555,97.0911,68437,81943,Rhinolophus ferrumequinum,0.027,0.027,-1,Echolocation,/mnt/ubna_data_02_mir/recover-20220922/UBNA_001/20220921_090000.WAV,Telephone Field,recover-20220922,001,1795
97.0855,97.1222,68437,81495,Rhinolophus ferrumequinum,0.024,0.024,-1,Echolocation,/mnt/ubna_data_02_mir/recover-20220922/UBNA_001/20220921_090000.WAV,Telephone Field,recover-20220922,001,1795
97.1265,97.1365,44375,50159,Pipistrellus pipistrellus,0.025,0.027,-1,Echolocation,/mnt/ubna_data_02_mir/recover-20220922/UBNA_001/20220921_090000.WAV,Telephone Field,recover-20220922,001,1795
97.1345,97.1431,39218,45669,Myotis daubentonii,0.005,0.022,-1,Echolocation,/mnt/ubna_data_02_mir/recover-20220922/UBNA_001/20220921_090000.WAV,Telephone Field,recover-20220922,001,1795
97.1375,97.1739,68437,81592,Rhinolophus ferrumequinum,0.022,0.022,-1,Echolocation,/mnt/ubna_data_02_mir/recover-20220922/UBNA_001/20220921_090000.WAV,Telephone Field,recover-20220922,001,1795
97.1385,97.1452,27187,43523,Eptesicus serotinus,0.01,0.034,-1,Echolocation,/mnt/ubna_data_02_mir/recover-20220922/UBNA_001/20220921_090000.WAV,Telephone Field,recover-20220922,001,1795
97.1935,97.201,28046,41276,Eptesicus serotinus,0.008,0.023,-1,Echolocation,/mnt/ubna_data_02_mir/recover-20220922/UBNA_001/20220921_090000.WAV,Telephone Field,recover-20220922,001,1795
97.2125,97.2516,68437,81960,Rhinolophus ferrumequinum,0.022,0.022,-1,Echolocation,/mnt/ubna_data_02_mir/recover-20220922/UBNA_001/20220921_090000.WAV,Telephone Field,recover-20220922,001,1795
97.2515,97.289,68437,81743,Rhinolophus ferrumequinum,0.026,0.026,-1,Echolocation,/mnt/ubna_data_02_mir/recover-20220922/UBNA_001/20220921_090000.WAV,Telephone Field,recover-20220922,001,1795
97.2815,97.3216,68437,82586,Rhinolophus ferrumequinum,0.022,0.022,-1,Echolocation,/mnt/ubna_data_02_mir/recover-20220922/UBNA_001/20220921_090000.WAV,Telephone Field,recover-20220922,001,1795
97.2865,97.325,68437,82168,Rhinolophus ferrumequinum,0.022,0.022,-1,Echolocation,/mnt/ubna_data_02_mir/recover-20220922/UBNA_001/20220921_090000.WAV,Telephone Field,recover-20220922,001,1795
97.3025,97.3406,68437,82042,Rhinolophus ferrumequinum,0.022,0.022,-1,Echolocation,/mnt/ubna_data_02_mir/recover-20220922/UBNA_001/20220921_090000.WAV,Telephone Field,recover-20220922,001,1795
97.3065,97.3155,28046,38539,Eptesicus serotinus,0.009,0.023,-1,Echolocation,/mnt/ubna_data_02_mir/recover-20220922/UBNA_001/20220921_090000.WAV,Telephone Field,recover-20220922,001,1795
97.3205,97.3595,68437,82272,Rhinolophus ferrumequinum,0.024,0.024,-1,Echolocation,/mnt/ubna_data_02_mir/recover-20220922/UBNA_001/20220921_090000.WAV,Telephone Field,recover-20220922,001,1795
97.3345,97.3743,68437,82690,Rhinolophus ferrumequinum,0.024,0.024,-1,Echolocation,/mnt/ubna_data_02_mir/recover-20220922/UBNA_001/20220921_090000.WAV,Telephone Field,recover-20220922,001,1795
97.3485,97.3562,27187,41430,Eptesicus serotinus,0.007,0.022,-1,Echolocation,/mnt/ubna_data_02_mir/recover-20220922/UBNA_001/20220921_090000.WAV,Telephone Field,recover-20220922,001,1795
97.3635,97.3723,28046,36713,Eptesicus serotinus,0.008,0.023,-1,Echolocation,/mnt/ubna_data_02_mir/recover-20220922/UBNA_001/20220921_090000.WAV,Telephone Field,recover-20220922,001,1795
97.3635,97.3729,34921,41265,Barbastellus barbastellus,0.007,0.023,-1,Echolocation,/mnt/ubna_data_02_mir/recover-20220922/UBNA_001/20220921_090000.WAV,Telephone Field,recover-20220922,001,1795
97.3635,97.4023,68437,82239,Rhinolophus ferrumequinum,0.021,0.021,-1,Echolocation,/mnt/ubna_data_02_mir/recover-20220922/UBNA_001/20220921_090000.WAV,Telephone Field,recover-20220922,001,1795
97.4035,97.4425,68437,82336,Rhinolophus ferrumequinum,0.035,0.035,-1,Echolocation,/mnt/ubna_data_02_mir/recover-20220922/UBNA_001/20220921_090000.WAV,Telephone Field,recover-20220922,001,1795
97.4055,97.413,34062,41640,Barbastellus barbastellus,0.008,0.022,-1,Echolocation,/mnt/ubna_data_02_mir/recover-20220922/UBNA_001/20220921_090000.WAV,Telephone Field,recover-20220922,001,1795
97.4285,97.4364,28046,38158,Eptesicus serotinus,0.007,0.021,-1,Echolocation,/mnt/ubna_data_02_mir/recover-20220922/UBNA_001/20220921_090000.WAV,Telephone Field,recover-20220922,001,1795
97.4395,97.4786,68437,82183,Rhinolophus ferrumequinum,0.022,0.022,-1,Echolocation,/mnt/ubna_data_02_mir/recover-20220922/UBNA_001/20220921_090000.WAV,Telephone Field,recover-20220922,001,1795
97.4735,97.4822,28046,37092,Eptesicus serotinus,0.01,0.025,-1,Echolocation,/mnt/ubna_data_02_mir/recover-20220922/UBNA_001/20220921_090000.WAV,Telephone Field,recover-20220922,001,1795
97.51050000000001,97.5167,25468,38402,Plecotus austriacus,0.012,0.035,-1,Echolocation,/mnt/ubna_data_02_mir/recover-20220922/UBNA_001/20220921_090000.WAV,Telephone Field,recover-20220922,001,1795
97.5135,97.5521,68437,81932,Rhinolophus ferrumequinum,0.024,0.024,-1,Echolocation,/mnt/ubna_data_02_mir/recover-20220922/UBNA_001/20220921_090000.WAV,Telephone Field,recover-20220922,001,1795
97.5465,97.584,68437,81846,Rhinolophus ferrumequinum,0.023,0.023,-1,Echolocation,/mnt/ubna_data_02_mir/recover-20220922/UBNA_001/20220921_090000.WAV,Telephone Field,recover-20220922,001,1795
97.5585,97.5688,23750,29643,Nyctalus leisleri,0.009,0.022,-1,Echolocation,/mnt/ubna_data_02_mir/recover-20220922/UBNA_001/20220921_090000.WAV,Telephone Field,recover-20220922,001,1795
97.5665,97.60679999999999,68437,82504,Rhinolophus ferrumequinum,0.022,0.022,-1,Echolocation,/mnt/ubna_data_02_mir/recover-20220922/UBNA_001/20220921_090000.WAV,Telephone Field,recover-20220922,001,1795
97.5835,97.5934,27187,35291,Eptesicus serotinus,0.009,0.024,-1,Echolocation,/mnt/ubna_data_02_mir/recover-20220922/UBNA_001/20220921_090000.WAV,Telephone Field,recover-20220922,001,1795
97.5865,97.6058,18593,22542,Nyctalus noctula,0.015,0.025,-1,Echolocation,/mnt/ubna_data_02_mir/recover-20220922/UBNA_001/20220921_090000.WAV,Telephone Field,recover-20220922,001,1795
97.6075,97.6446,68437,81930,Rhinolophus ferrumequinum,0.021,0.022,-1,Echolocation,/mnt/ubna_data_02_mir/recover-20220922/UBNA_001/20220921_090000.WAV,Telephone Field,recover-20220922,001,1795
97.6335,97.6711,68437,82178,Rhinolophus ferrumequinum,0.022,0.022,-1,Echolocation,/mnt/ubna_data_02_mir/recover-20220922/UBNA_001/20220921_090000.WAV,Telephone Field,recover-20220922,001,1795
97.6655,97.703,68437,82498,Rhinolophus ferrumequinum,0.027,0.027,-1,Echolocation,/mnt/ubna_data_02_mir/recover-20220922/UBNA_001/20220921_090000.WAV,Telephone Field,recover-20220922,001,1795
97.6995,97.7389,68437,81867,Rhinolophus ferrumequinum,0.022,0.022,-1,Echolocation,/mnt/ubna_data_02_mir/recover-20220922/UBNA_001/20220921_090000.WAV,Telephone Field,recover-20220922,001,1795
97.7135,97.7221,26328,35501,Eptesicus serotinus,0.007,0.022,-1,Echolocation,/mnt/ubna_data_02_mir/recover-20220922/UBNA_001/20220921_090000.WAV,Telephone Field,recover-20220922,001,1795
97.7175,97.756,68437,82101,Rhinolophus ferrumequinum,0.022,0.022,-1,Echolocation,/mnt/ubna_data_02_mir/recover-20220922/UBNA_001/20220921_090000.WAV,Telephone Field,recover-20220922,001,1795
97.7185,97.7299,34062,38631,Pipistrellus nathusii,0.01,0.028,-1,Echolocation,/mnt/ubna_data_02_mir/recover-20220922/UBNA_001/20220921_090000.WAV,Telephone Field,recover-20220922,001,1795
97.7435,97.7814,68437,82084,Rhinolophus ferrumequinum,0.022,0.022,-1,Echolocation,/mnt/ubna_data_02_mir/recover-20220922/UBNA_001/20220921_090000.WAV,Telephone Field,recover-20220922,001,1795
97.7635,97.8027,68437,82487,Rhinolophus ferrumequinum,0.024,0.024,-1,Echolocation,/mnt/ubna_data_02_mir/recover-20220922/UBNA_001/20220921_090000.WAV,Telephone Field,recover-20220922,001,1795
97.7705,97.7774,28046,38313,Eptesicus serotinus,0.006,0.026,-1,Echolocation,/mnt/ubna_data_02_mir/recover-20220922/UBNA_001/20220921_090000.WAV,Telephone Field,recover-20220922,001,1795
97.8435,97.879,68437,81465,Rhinolophus ferrumequinum,0.029,0.029,-1,Echolocation,/mnt/ubna_data_02_mir/recover-20220922/UBNA_001/20220921_090000.WAV,Telephone Field,recover-20220922,001,1795
97.8675,97.8766,24609,32691,Nyctalus leisleri,0.009,0.032,-1,Echolocation,/mnt/ubna_data_02_mir/recover-20220922/UBNA_001/20220921_090000.WAV,Telephone Field,recover-20220922,001,1795
97.8735,97.8845,28906,34934,Eptesicus serotinus,0.014,0.028,-1,Echolocation,/mnt/ubna_data_02_mir/recover-20220922/UBNA_001/20220921_090000.WAV,Telephone Field,recover-20220922,001,1795
97.9025,97.943,68437,82630,Rhinolophus ferrumequinum,0.027,0.027,-1,Echolocation,/mnt/ubna_data_02_mir/recover-20220922/UBNA_001/20220921_090000.WAV,Telephone Field,recover-20220922,001,1795
97.9215,97.9403,20312,23856,Nyctalus leisleri,0.015,0.031,-1,Echolocation,/mnt/ubna_data_02_mir/recover-20220922/UBNA_001/20220921_090000.WAV,Telephone Field,recover-20220922,001,1795
97.9455,97.9859,68437,81888,Rhinolophus ferrumequinum,0.036,0.036,-1,Echolocation,/mnt/ubna_data_02_mir/recover-20220922/UBNA_001/20220921_090000.WAV,Telephone Field,recover-20220922,001,1795
97.9595,97.9713,24609,31116,Eptesicus serotinus,0.011,0.028,-1,Echolocation,/mnt/ubna_data_02_mir/recover-20220922/UBNA_001/20220921_090000.WAV,Telephone Field,recover-20220922,001,1795
97.9815,97.9917,22031,27516,Nyctalus leisleri,0.008,0.021,-1,Echolocation,/mnt/ubna_data_02_mir/recover-20220922/UBNA_001/20220921_090000.WAV,Telephone Field,recover-20220922,001,1795
98.0015,98.011,22890,29199,Nyctalus leisleri,0.012,0.03,-1,Echolocation,/mnt/ubna_data_02_mir/recover-20220922/UBNA_001/20220921_090000.WAV,Telephone Field,recover-20220922,001,1795
98.0015,98.0344,68437,80727,Rhinolophus ferrumequinum,0.028,0.028,-1,Echolocation,/mnt/ubna_data_02_mir/recover-20220922/UBNA_001/20220921_090000.WAV,Telephone Field,recover-20220922,001,1795
98.01050000000001,98.0553,68437,83170,Rhinolophus ferrumequinum,0.033,0.033,-1,Echolocation,/mnt/ubna_data_02_mir/recover-20220922/UBNA_001/20220921_090000.WAV,Telephone Field,recover-20220922,001,1795
98.0125,98.0228,24609,31881,Eptesicus serotinus,0.009,0.023,-1,Echolocation,/mnt/ubna_data_02_mir/recover-20220922/UBNA_001/20220921_090000.WAV,Telephone Field,recover-20220922,001,1795
98.0285,98.0378,27187,37169,Eptesicus serotinus,0.01,0.022,-1,Echolocation,/mnt/ubna_data_02_mir/recover-20220922/UBNA_001/20220921_090000.WAV,Telephone Field,recover-20220922,001,1795
98.0335,98.0414,50390,57917,Pipistrellus pipistrellus,0.022,0.027,-1,Echolocation,/mnt/ubna_data_02_mir/recover-20220922/UBNA_001/20220921_090000.WAV,Telephone Field,recover-20220922,001,1795
98.0395,98.0479,23750,31704,Plecotus austriacus,0.008,0.024,-1,Echolocation,/mnt/ubna_data_02_mir/recover-20220922/UBNA_001/20220921_090000.WAV,Telephone Field,recover-20220922,001,1795
98.0545,98.0655,30625,37949,Eptesicus serotinus,0.011,0.032,-1,Echolocation,/mnt/ubna_data_02_mir/recover-20220922/UBNA_001/20220921_090000.WAV,Telephone Field,recover-20220922,001,1795
98.1265,98.1678,68437,82637,Rhinolophus ferrumequinum,0.024,0.024,-1,Echolocation,/mnt/ubna_data_02_mir/recover-20220922/UBNA_001/20220921_090000.WAV,Telephone Field,recover-20220922,001,1795
98.1585,98.1671,28906,37660,Eptesicus serotinus,0.008,0.024,-1,Echolocation,/mnt/ubna_data_02_mir/recover-20220922/UBNA_001/20220921_090000.WAV,Telephone Field,recover-20220922,001,1795
98.1695,98.1772,28046,42998,Eptesicus serotinus,0.007,0.023,-1,Echolocation,/mnt/ubna_data_02_mir/recover-20220922/UBNA_001/20220921_090000.WAV,Telephone Field,recover-20220922,001,1795
98.1795,98.2197,68437,82604,Rhinolophus ferrumequinum,0.027,0.027,-1,Echolocation,/mnt/ubna_data_02_mir/recover-20220922/UBNA_001/20220921_090000.WAV,Telephone Field,recover-20220922,001,1795
98.2135,98.2209,28906,39891,Eptesicus serotinus,0.006,0.024,-1,Echolocation,/mnt/ubna_data_02_mir/recover-20220922/UBNA_001/20220921_090000.WAV,Telephone Field,recover-20220922,001,1795
98.2175,98.26050000000001,68437,82786,Rhinolophus ferrumequinum,0.025,0.025,-1,Echolocation,/mnt/ubna_data_02_mir/recover-20220922/UBNA_001/20220921_090000.WAV,Telephone Field,recover-20220922,001,1795
98.2435,98.2827,68437,82625,Rhinolophus ferrumequinum,0.027,0.027,-1,Echolocation,/mnt/ubna_data_02_mir/recover-20220922/UBNA_001/20220921_090000.WAV,Telephone Field,recover-20220922,001,1795
98.2445,98.2544,50390,56212,Pipistrellus pipistrellus,0.024,0.028,-1,Echolocation,/mnt/ubna_data_02_mir/recover-20220922/UBNA_001/20220921_090000.WAV,Telephone Field,recover-20220922,001,1795
98.2825,98.3202,68437,81813,Rhinolophus ferrumequinum,0.021,0.021,-1,Echolocation,/mnt/ubna_data_02_mir/recover-20220922/UBNA_001/20220921_090000.WAV,Telephone Field,recover-20220922,001,1795
98.2835,98.2957,28906,36804,Eptesicus serotinus,0.016,0.029,-1,Echolocation,/mnt/ubna_data_02_mir/recover-20220922/UBNA_001/20220921_090000.WAV,Telephone Field,recover-20220922,001,1795
98.3195,98.3559,68437,81702,Rhinolophus ferrumequinum,0.021,0.021,-1,Echolocation,/mnt/ubna_data_02_mir/recover-20220922/UBNA_001/20220921_090000.WAV,Telephone Field,recover-20220922,001,1795
98.3485,98.3571,28906,44045,Eptesicus serotinus,0.008,0.022,-1,Echolocation,/mnt/ubna_data_02_mir/recover-20220922/UBNA_001/20220921_090000.WAV,Telephone Field,recover-20220922,001,1795
98.3485,98.3877,68437,82111,Rhinolophus ferrumequinum,0.023,0.023,-1,Echolocation,/mnt/ubna_data_02_mir/recover-20220922/UBNA_001/20220921_090000.WAV,Telephone Field,recover-20220922,001,1795
98.3595,98.3985,68437,81881,Rhinolophus ferrumequinum,0.024,0.024,-1,Echolocation,/mnt/ubna_data_02_mir/recover-20220922/UBNA_001/20220921_090000.WAV,Telephone Field,recover-20220922,001,1795
98.38550000000001,98.395,28906,36428,Eptesicus serotinus,0.011,0.027,-1,Echolocation,/mnt/ubna_data_02_mir/recover-20220922/UBNA_001/20220921_090000.WAV,Telephone Field,recover-20220922,001,1795
98.3875,98.425,68437,81727,Rhinolophus ferrumequinum,0.028,0.028,-1,Echolocation,/mnt/ubna_data_02_mir/recover-20220922/UBNA_001/20220921_090000.WAV,Telephone Field,recover-20220922,001,1795
98.4445,98.4808,68437,81547,Rhinolophus ferrumequinum,0.023,0.023,-1,Echolocation,/mnt/ubna_data_02_mir/recover-20220922/UBNA_001/20220921_090000.WAV,Telephone Field,recover-20220922,001,1795
98.4575,98.4981,68437,82387,Rhinolophus ferrumequinum,0.033,0.033,-1,Echolocation,/mnt/ubna_data_02_mir/recover-20220922/UBNA_001/20220921_090000.WAV,Telephone Field,recover-20220922,001,1795
98.4735,98.48310000000001,28906,37189,Eptesicus serotinus,0.01,0.023,-1,Echolocation,/mnt/ubna_data_02_mir/recover-20220922/UBNA_001/20220921_090000.WAV,Telephone Field,recover-20220922,001,1795
98.4915,98.5248,68437,80130,Rhinolophus ferrumequinum,0.023,0.024,-1,Echolocation,/mnt/ubna_data_02_mir/recover-20220922/UBNA_001/20220921_090000.WAV,Telephone Field,recover-20220922,001,1795
98.5385,98.5465,28046,51879,Eptesicus serotinus,0.009,0.024,-1,Echolocation,/mnt/ubna_data_02_mir/recover-20220922/UBNA_001/20220921_090000.WAV,Telephone Field,recover-20220922,001,1795
98.5395,98.5447,40937,52720,Myotis daubentonii,0.006,0.021,-1,Echolocation,/mnt/ubna_data_02_mir/recover-20220922/UBNA_001/20220921_090000.WAV,Telephone Field,recover-20220922,001,1795
98.5465,98.58500000000001,68437,82397,Rhinolophus ferrumequinum,0.029,0.029,-1,Echolocation,/mnt/ubna_data_02_mir/recover-20220922/UBNA_001/20220921_090000.WAV,Telephone Field,recover-20220922,001,1795
98.5845,98.5957,28906,36526,Eptesicus serotinus,0.017,0.03,-1,Echolocation,/mnt/ubna_data_02_mir/recover-20220922/UBNA_001/20220921_090000.WAV,Telephone Field,recover-20220922,001,1795
98.6135,98.6502,68437,81596,Rhinolophus ferrumequinum,0.025,0.025,-1,Echolocation,/mnt/ubna_data_02_mir/recover-20220922/UBNA_001/20220921_090000.WAV,Telephone Field,recover-20220922,001,1795
98.6465,98.6841,68437,81977,Rhinolophus ferrumequinum,0.023,0.023,-1,Echolocation,/mnt/ubna_data_02_mir/recover-20220922/UBNA_001/20220921_090000.WAV,Telephone Field,recover-20220922,001,1795
98.6535,98.69200000000001,68437,82230,Rhinolophus ferrumequinum,0.023,0.023,-1,Echolocation,/mnt/ubna_data_02_mir/recover-20220922/UBNA_001/20220921_090000.WAV,Telephone Field,recover-20220922,001,1795
98.6605,98.6692,28906,38279,Eptesicus serotinus,0.008,0.021,-1,Echolocation,/mnt/ubna_data_02_mir/recover-20220922/UBNA_001/20220921_090000.WAV,Telephone Field,recover-20220922,001,1795
98.6715,98.7145,68437,82786,Rhinolophus ferrumequinum,0.037,0.037,-1,Echolocation,/mnt/ubna_data_02_mir/recover-20220922/UBNA_001/20220921_090000.WAV,Telephone Field,recover-20220922,001,1795
98.6735,98.6799,32343,42321,Myotis daubentonii,0.008,0.022,-1,Echolocation,/mnt/ubna_data_02_mir/recover-20220922/UBNA_001/20220921_090000.WAV,Telephone Field,recover-20220922,001,1795
98.6795,98.6899,22890,27071,Nyctalus leisleri,0.012,0.022,-1,Echolocation,/mnt/ubna_data_02_mir/recover-20220922/UBNA_001/20220921_090000.WAV,Telephone Field,recover-20220922,001,1795
98.7575,98.7667,29765,41117,Eptesicus serotinus,0.008,0.022,-1,Echolocation,/mnt/ubna_data_02_mir/recover-20220922/UBNA_001/20220921_090000.WAV,Telephone Field,recover-20220922,001,1795
98.7625,98.8021,68437,82448,Rhinolophus ferrumequinum,0.021,0.021,-1,Echolocation,/mnt/ubna_data_02_mir/recover-20220922/UBNA_001/20220921_090000.WAV,Telephone Field,recover-20220922,001,1795
98.7755,98.7821,26328,41449,Myotis nattereri,0.006,0.026,-1,Echolocation,/mnt/ubna_data_02_mir/recover-20220922/UBNA_001/20220921_090000.WAV,Telephone Field,recover-20220922,001,1795
98.8045,98.8159,29765,35784,Eptesicus serotinus,0.013,0.03,-1,Echolocation,/mnt/ubna_data_02_mir/recover-20220922/UBNA_001/20220921_090000.WAV,Telephone Field,recover-20220922,001,1795
98.8065,98.8505,68437,83356,Rhinolophus ferrumequinum,0.031,0.031,-1,Echolocation,/mnt/ubna_data_02_mir/recover-20220922/UBNA_001/20220921_090000.WAV,Telephone Field,recover-20220922,001,1795
98.9025,98.9413,68437,82821,Rhinolophus ferrumequinum,0.021,0.021,-1,Echolocation,/mnt/ubna_data_02_mir/recover-20220922/UBNA_001/20220921_090000.WAV,Telephone Field,recover-20220922,001,1795
98.9235,98.9653,68437,82204,Rhinolophus ferrumequinum,0.027,0.027,-1,Echolocation,/mnt/ubna_data_02_mir/recover-20220922/UBNA_001/20220921_090000.WAV,Telephone Field,recover-20220922,001,1795
98.9845,99.02459999999999,68437,82342,Rhinolophus ferrumequinum,0.021,0.021,-1,Echolocation,/mnt/ubna_data_02_mir/recover-20220922/UBNA_001/20220921_090000.WAV,Telephone Field,recover-20220922,001,1795
99.0255,99.0349,16015,22603,Nyctalus noctula,0.015,0.039,-1,Echolocation,/mnt/ubna_data_02_mir/recover-20220922/UBNA_001/20220921_090000.WAV,Telephone Field,recover-20220922,001,1795
99.0255,99.0695,68437,83380,Rhinolophus ferrumequinum,0.032,0.032,-1,Echolocation,/mnt/ubna_data_02_mir/recover-20220922/UBNA_001/20220921_090000.WAV,Telephone Field,recover-20220922,001,1795
99.0385,99.0777,68437,81608,Rhinolophus ferrumequinum,0.022,0.022,-1,Echolocation,/mnt/ubna_data_02_mir/recover-20220922/UBNA_001/20220921_090000.WAV,Telephone Field,recover-20220922,001,1795
99.0755,99.1104,68437,80621,Rhinolophus ferrumequinum,0.021,0.021,-1,Echolocation,/mnt/ubna_data_02_mir/recover-20220922/UBNA_001/20220921_090000.WAV,Telephone Field,recover-20220922,001,1795
99.12049999999999,99.1615,68437,83074,Rhinolophus ferrumequinum,0.025,0.025,-1,Echolocation,/mnt/ubna_data_02_mir/recover-20220922/UBNA_001/20220921_090000.WAV,Telephone Field,recover-20220922,001,1795
99.1425,99.1821,68437,82189,Rhinolophus ferrumequinum,0.025,0.025,-1,Echolocation,/mnt/ubna_data_02_mir/recover-20220922/UBNA_001/20220921_090000.WAV,Telephone Field,recover-20220922,001,1795
99.1555,99.19800000000001,68437,82925,Rhinolophus ferrumequinum,0.027,0.027,-1,Echolocation,/mnt/ubna_data_02_mir/recover-20220922/UBNA_001/20220921_090000.WAV,Telephone Field,recover-20220922,001,1795
99.1865,99.2255,68437,81756,Rhinolophus ferrumequinum,0.021,0.021,-1,Echolocation,/mnt/ubna_data_02_mir/recover-20220922/UBNA_001/20220921_090000.WAV,Telephone Field,recover-20220922,001,1795
99.2175,99.256,68437,82054,Rhinolophus ferrumequinum,0.023,0.023,-1,Echolocation,/mnt/ubna_data_02_mir/recover-20220922/UBNA_001/20220921_090000.WAV,Telephone Field,recover-20220922,001,1795
99.2415,99.2497,28046,38199,Eptesicus serotinus,0.008,0.023,-1,Echolocation,/mnt/ubna_data_02_mir/recover-20220922/UBNA_001/20220921_090000.WAV,Telephone Field,recover-20220922,001,1795
99.2675,99.2787,23750,28868,Nyctalus leisleri,0.014,0.029,-1,Echolocation,/mnt/ubna_data_02_mir/recover-20220922/UBNA_001/20220921_090000.WAV,Telephone Field,recover-20220922,001,1795
99.2755,99.3166,68437,82882,Rhinolophus ferrumequinum,0.039,0.039,-1,Echolocation,/mnt/ubna_data_02_mir/recover-20220922/UBNA_001/20220921_090000.WAV,Telephone Field,recover-20220922,001,1795
99.3185,99.3381,21171,24330,Nyctalus leisleri,0.02,0.034,-1,Echolocation,/mnt/ubna_data_02_mir/recover-20220922/UBNA_001/20220921_090000.WAV,Telephone Field,recover-20220922,001,1795
99.3185,99.3619,68437,83351,Rhinolophus ferrumequinum,0.035,0.035,-1,Echolocation,/mnt/ubna_data_02_mir/recover-20220922/UBNA_001/20220921_090000.WAV,Telephone Field,recover-20220922,001,1795
99.3465,99.3584,23750,28484,Nyctalus leisleri,0.018,0.033,-1,Echolocation,/mnt/ubna_data_02_mir/recover-20220922/UBNA_001/20220921_090000.WAV,Telephone Field,recover-20220922,001,1795
99.3535,99.3907,68437,82053,Rhinolophus ferrumequinum,0.023,0.023,-1,Echolocation,/mnt/ubna_data_02_mir/recover-20220922/UBNA_001/20220921_090000.WAV,Telephone Field,recover-20220922,001,1795
99.37950000000001,99.3867,27187,39035,Eptesicus serotinus,0.006,0.022,-1,Echolocation,/mnt/ubna_data_02_mir/recover-20220922/UBNA_001/20220921_090000.WAV,Telephone Field,recover-20220922,001,1795
99.4555,99.4962,68437,82414,Rhinolophus ferrumequinum,0.022,0.022,-1,Echolocation,/mnt/ubna_data_02_mir/recover-20220922/UBNA_001/20220921_090000.WAV,Telephone Field,recover-20220922,001,1795
99.49549999999999,99.5055,28906,36047,Eptesicus serotinus,0.009,0.022,-1,Echolocation,/mnt/ubna_data_02_mir/recover-20220922/UBNA_001/20220921_090000.WAV,Telephone Field,recover-20220922,001,1795
99.4995,99.54599999999999,68437,84091,Rhinolophus ferrumequinum,0.059,0.059,-1,Echolocation,/mnt/ubna_data_02_mir/recover-20220922/UBNA_001/20220921_090000.WAV,Telephone Field,recover-20220922,001,1795
99.52250000000001,99.5629,68437,82423,Rhinolophus ferrumequinum,0.024,0.024,-1,Echolocation,/mnt/ubna_data_02_mir/recover-20220922/UBNA_001/20220921_090000.WAV,Telephone Field,recover-20220922,001,1795
99.5345,99.5441,28046,36565,Eptesicus serotinus,0.01,0.026,-1,Echolocation,/mnt/ubna_data_02_mir/recover-20220922/UBNA_001/20220921_090000.WAV,Telephone Field,recover-20220922,001,1795
99.5405,99.5508,24609,31050,Nyctalus leisleri,0.01,0.026,-1,Echolocation,/mnt/ubna_data_02_mir/recover-20220922/UBNA_001/20220921_090000.WAV,Telephone Field,recover-20220922,001,1795
99.5425,99.5783,68437,82206,Rhinolophus ferrumequinum,0.024,0.024,-1,Echolocation,/mnt/ubna_data_02_mir/recover-20220922/UBNA_001/20220921_090000.WAV,Telephone Field,recover-20220922,001,1795
99.5595,99.5702,22890,27900,Nyctalus leisleri,0.011,0.022,-1,Echolocation,/mnt/ubna_data_02_mir/recover-20220922/UBNA_001/20220921_090000.WAV,Telephone Field,recover-20220922,001,1795
99.5665,99.606,68437,82571,Rhinolophus ferrumequinum,0.022,0.022,-1,Echolocation,/mnt/ubna_data_02_mir/recover-20220922/UBNA_001/20220921_090000.WAV,Telephone Field,recover-20220922,001,1795
99.5995,99.6368,68437,81519,Rhinolophus ferrumequinum,0.03,0.03,-1,Echolocation,/mnt/ubna_data_02_mir/recover-20220922/UBNA_001/20220921_090000.WAV,Telephone Field,recover-20220922,001,1795
99.61449999999999,99.6221,28906,38645,Eptesicus serotinus,0.006,0.021,-1,Echolocation,/mnt/ubna_data_02_mir/recover-20220922/UBNA_001/20220921_090000.WAV,Telephone Field,recover-20220922,001,1795
99.6315,99.6673,68437,81772,Rhinolophus ferrumequinum,0.022,0.022,-1,Echolocation,/mnt/ubna_data_02_mir/recover-20220922/UBNA_001/20220921_090000.WAV,Telephone Field,recover-20220922,001,1795
99.6525,99.6627,22890,28473,Nyctalus leisleri,0.009,0.022,-1,Echolocation,/mnt/ubna_data_02_mir/recover-20220922/UBNA_001/20220921_090000.WAV,Telephone Field,recover-20220922,001,1795
99.7415,99.7505,24609,31935,Nyctalus leisleri,0.006,0.023,-1,Echolocation,/mnt/ubna_data_02_mir/recover-20220922/UBNA_001/20220921_090000.WAV,Telephone Field,recover-20220922,001,1795
99.76650000000001,99.8068,68437,82209,Rhinolophus ferrumequinum,0.022,0.022,-1,Echolocation,/mnt/ubna_data_02_mir/recover-20220922/UBNA_001/20220921_090000.WAV,Telephone Field,recover-20220922,001,1795
99.7865,99.82169999999999,68437,81339,Rhinolophus ferrumequinum,0.021,0.021,-1,Echolocation,/mnt/ubna_data_02_mir/recover-20220922/UBNA_001/20220921_090000.WAV,Telephone Field,recover-20220922,001,1795
99.8055,99.8472,68437,83000,Rhinolophus ferrumequinum,0.023,0.023,-1,Echolocation,/mnt/ubna_data_02_mir/recover-20220922/UBNA_001/20220921_090000.WAV,Telephone Field,recover-20220922,001,1795
99.8295,99.8385,42656,45181,Pipistrellus pipistrellus,0.039,0.056,-1,Echolocation,/mnt/ubna_data_02_mir/recover-20220922/UBNA_001/20220921_090000.WAV,Telephone Field,recover-20220922,001,1795
99.8325,99.8707,68437,82216,Rhinolophus ferrumequinum,0.021,0.021,-1,Echolocation,/mnt/ubna_data_02_mir/recover-20220922/UBNA_001/20220921_090000.WAV,Telephone Field,recover-20220922,001,1795
99.8445,99.8831,68437,81714,Rhinolophus ferrumequinum,0.022,0.022,-1,Echolocation,/mnt/ubna_data_02_mir/recover-20220922/UBNA_001/20220921_090000.WAV,Telephone Field,recover-20220922,001,1795
99.8685,99.9076,68437,82289,Rhinolophus ferrumequinum,0.022,0.022,-1,Echolocation,/mnt/ubna_data_02_mir/recover-20220922/UBNA_001/20220921_090000.WAV,Telephone Field,recover-20220922,001,1795
99.8905,99.8982,28906,40622,Eptesicus serotinus,0.007,0.022,-1,Echolocation,/mnt/ubna_data_02_mir/recover-20220922/UBNA_001/20220921_090000.WAV,Telephone Field,recover-20220922,001,1795
99.8995,99.9351,68437,81493,Rhinolophus ferrumequinum,0.022,0.022,-1,Echolocation,/mnt/ubna_data_02_mir/recover-20220922/UBNA_001/20220921_090000.WAV,Telephone Field,recover-20220922,001,1795
99.9085,99.9445,68437,81815,Rhinolophus ferrumequinum,0.023,0.023,-1,Echolocation,/mnt/ubna_data_02_mir/recover-20220922/UBNA_001/20220921_090000.WAV,Telephone Field,recover-20220922,001,1795
99.9155,99.9522,68437,81925,Rhinolophus ferrumequinum,0.021,0.021,-1,Echolocation,/mnt/ubna_data_02_mir/recover-20220922/UBNA_001/20220921_090000.WAV,Telephone Field,recover-20220922,001,1795
99.9435,99.9832,68437,82195,Rhinolophus ferrumequinum,0.028,0.028,-1,Echolocation,/mnt/ubna_data_02_mir/recover-20220922/UBNA_001/20220921_090000.WAV,Telephone Field,recover-20220922,001,1795
99.9525,99.9924,68437,82732,Rhinolophus ferrumequinum,0.029,0.029,-1,Echolocation,/mnt/ubna_data_02_mir/recover-20220922/UBNA_001/20220921_090000.WAV,Telephone Field,recover-20220922,001,1795
99.9545,99.9625,27187,39862,Eptesicus serotinus,0.007,0.022,-1,Echolocation,/mnt/ubna_data_02_mir/recover-20220922/UBNA_001/20220921_090000.WAV,Telephone Field,recover-20220922,001,1795
99.9705,99.9794,28906,37782,Eptesicus serotinus,0.009,0.023,-1,Echolocation,/mnt/ubna_data_02_mir/recover-20220922/UBNA_001/20220921_090000.WAV,Telephone Field,recover-20220922,001,1795
99.9865,99.9969,45234,52918,Pipistrellus pipistrellus,0.016,0.021,-1,Echolocation,/mnt/ubna_data_02_mir/recover-20220922/UBNA_001/20220921_090000.WAV,Telephone Field,recover-20220922,001,1795
100.0015,100.0122,27187,36510,Eptesicus serotinus,0.014,0.033,-1,Echolocation,/mnt/ubna_data_02_mir/recover-20220922/UBNA_001/20220921_090000.WAV,Telephone Field,recover-20220922,001,1795
100.0015,100.0334,68437,80504,Rhinolophus ferrumequinum,0.038,0.038,-1,Echolocation,/mnt/ubna_data_02_mir/recover-20220922/UBNA_001/20220921_090000.WAV,Telephone Field,recover-20220922,001,1795
100.01050000000001,100.0542,68437,83138,Rhinolophus ferrumequinum,0.024,0.024,-1,Echolocation,/mnt/ubna_data_02_mir/recover-20220922/UBNA_001/20220921_090000.WAV,Telephone Field,recover-20220922,001,1795
100.01050000000001,100.0212,26328,34477,Eptesicus serotinus,0.013,0.027,-1,Echolocation,/mnt/ubna_data_02_mir/recover-20220922/UBNA_001/20220921_090000.WAV,Telephone Field,recover-20220922,001,1795
100.0555,100.09270000000001,68437,81919,Rhinolophus ferrumequinum,0.022,0.022,-1,Echolocation,/mnt/ubna_data_02_mir/recover-20220922/UBNA_001/20220921_090000.WAV,Telephone Field,recover-20220922,001,1795
100.1175,100.1277,28906,36051,Eptesicus serotinus,0.01,0.024,-1,Echolocation,/mnt/ubna_data_02_mir/recover-20220922/UBNA_001/20220921_090000.WAV,Telephone Field,recover-20220922,001,1795
100.1595,100.1978,68437,82100,Rhinolophus ferrumequinum,0.024,0.024,-1,Echolocation,/mnt/ubna_data_02_mir/recover-20220922/UBNA_001/20220921_090000.WAV,Telephone Field,recover-20220922,001,1795
100.1695,100.2074,68437,82396,Rhinolophus ferrumequinum,0.023,0.023,-1,Echolocation,/mnt/ubna_data_02_mir/recover-20220922/UBNA_001/20220921_090000.WAV,Telephone Field,recover-20220922,001,1795
100.1935,100.2293,68437,81769,Rhinolophus ferrumequinum,0.022,0.022,-1,Echolocation,/mnt/ubna_data_02_mir/recover-20220922/UBNA_001/20220921_090000.WAV,Telephone Field,recover-20220922,001,1795
100.2065,100.2143,27187,38241,Eptesicus serotinus,0.007,0.024,-1,Echolocation,/mnt/ubna_data_02_mir/recover-20220922/UBNA_001/20220921_090000.WAV,Telephone Field,recover-20220922,001,1795
100.2215,100.2603,68437,81984,Rhinolophus ferrumequinum,0.022,0.022,-1,Echolocation,/mnt/ubna_data_02_mir/recover-20220922/UBNA_001/20220921_090000.WAV,Telephone Field,recover-20220922,001,1795
100.2485,100.2894,68437,82645,Rhinolophus ferrumequinum,0.032,0.032,-1,Echolocation,/mnt/ubna_data_02_mir/recover-20220922/UBNA_001/20220921_090000.WAV,Telephone Field,recover-20220922,001,1795
100.2765,100.3181,68437,82140,Rhinolophus ferrumequinum,0.026,0.026,-1,Echolocation,/mnt/ubna_data_02_mir/recover-20220922/UBNA_001/20220921_090000.WAV,Telephone Field,recover-20220922,001,1795
100.3065,100.3132,46093,52018,Pipistrellus pipistrellus,0.031,0.032,-1,Echolocation,/mnt/ubna_data_02_mir/recover-20220922/UBNA_001/20220921_090000.WAV,Telephone Field,recover-20220922,001,1795
100.3185,100.3264,28046,41242,Eptesicus serotinus,0.009,0.026,-1,Echolocation,/mnt/ubna_data_02_mir/recover-20220922/UBNA_001/20220921_090000.WAV,Telephone Field,recover-20220922,001,1795
100.3275,100.3656,68437,82128,Rhinolophus ferrumequinum,0.022,0.022,-1,Echolocation,/mnt/ubna_data_02_mir/recover-20220922/UBNA_001/20220921_090000.WAV,Telephone Field,recover-20220922,001,1795
100.3425,100.3774,68437,81112,Rhinolophus ferrumequinum,0.023,0.023,-1,Echolocation,/mnt/ubna_data_02_mir/recover-20220922/UBNA_001/20220921_090000.WAV,Telephone Field,recover-20220922,001,1795
100.3615,100.3706,25468,34196,Eptesicus serotinus,0.01,0.027,-1,Echolocation,/mnt/ubna_data_02_mir/recover-20220922/UBNA_001/20220921_090000.WAV,Telephone Field,recover-20220922,001,1795
100.5035,100.54560000000001,68437,82361,Rhinolophus ferrumequinum,0.026,0.026,-1,Echolocation,/mnt/ubna_data_02_mir/recover-20220922/UBNA_001/20220921_090000.WAV,Telephone Field,recover-20220922,001,1795
100.5325,100.57130000000001,68437,82424,Rhinolophus ferrumequinum,0.023,0.023,-1,Echolocation,/mnt/ubna_data_02_mir/recover-20220922/UBNA_001/20220921_090000.WAV,Telephone Field,recover-20220922,001,1795
100.5325,100.5421,45234,49036,Pipistrellus pipistrellus,0.032,0.034,-1,Echolocation,/mnt/ubna_data_02_mir/recover-20220922/UBNA_001/20220921_090000.WAV,Telephone Field,recover-20220922,001,1795
100.5335,100.54390000000001,24609,30846,Nyctalus leisleri,0.011,0.03,-1,Echolocation,/mnt/ubna_data_02_mir/recover-20220922/UBNA_001/20220921_090000.WAV,Telephone Field,recover-20220922,001,1795
100.5505,100.5609,28906,36670,Eptesicus serotinus,0.011,0.025,-1,Echolocation,/mnt/ubna_data_02_mir/recover-20220922/UBNA_001/20220921_090000.WAV,Telephone Field,recover-20220922,001,1795
100.5575,100.5918,68437,81599,Rhinolophus ferrumequinum,0.022,0.022,-1,Echolocation,/mnt/ubna_data_02_mir/recover-20220922/UBNA_001/20220921_090000.WAV,Telephone Field,recover-20220922,001,1795
100.5755,100.6115,68437,81664,Rhinolophus ferrumequinum,0.023,0.023,-1,Echolocation,/mnt/ubna_data_02_mir/recover-20220922/UBNA_001/20220921_090000.WAV,Telephone Field,recover-20220922,001,1795
100.5825,100.5937,28906,35213,Eptesicus serotinus,0.013,0.027,-1,Echolocation,/mnt/ubna_data_02_mir/recover-20220922/UBNA_001/20220921_090000.WAV,Telephone Field,recover-20220922,001,1795
100.5865,100.6246,68437,81485,Rhinolophus ferrumequinum,0.022,0.022,-1,Echolocation,/mnt/ubna_data_02_mir/recover-20220922/UBNA_001/20220921_090000.WAV,Telephone Field,recover-20220922,001,1795
100.6245,100.6655,68437,82082,Rhinolophus ferrumequinum,0.024,0.024,-1,Echolocation,/mnt/ubna_data_02_mir/recover-20220922/UBNA_001/20220921_090000.WAV,Telephone Field,recover-20220922,001,1795
100.6675,100.70570000000001,68437,82489,Rhinolophus ferrumequinum,0.023,0.023,-1,Echolocation,/mnt/ubna_data_02_mir/recover-20220922/UBNA_001/20220921_090000.WAV,Telephone Field,recover-20220922,001,1795
100.6865,100.6962,28906,36260,Eptesicus serotinus,0.01,0.024,-1,Echolocation,/mnt/ubna_data_02_mir/recover-20220922/UBNA_001/20220921_090000.WAV,Telephone Field,recover-20220922,001,1795
100.7035,100.7397,68437,81765,Rhinolophus ferrumequinum,0.023,0.023,-1,Echolocation,/mnt/ubna_data_02_mir/recover-20220922/UBNA_001/20220921_090000.WAV,Telephone Field,recover-20220922,001,1795
100.72749999999999,100.7674,68437,82648,Rhinolophus ferrumequinum,0.023,0.023,-1,Echolocation,/mnt/ubna_data_02_mir/recover-20220922/UBNA_001/20220921_090000.WAV,Telephone Field,recover-20220922,001,1795
100.7525,100.7915,68437,82344,Rhinolophus ferrumequinum,0.025,0.025,-1,Echolocation,/mnt/ubna_data_02_mir/recover-20220922/UBNA_001/20220921_090000.WAV,Telephone Field,recover-20220922,001,1795
100.7735,100.8082,68437,80893,Rhinolophus ferrumequinum,0.023,0.023,-1,Echolocation,/mnt/ubna_data_02_mir/recover-20220922/UBNA_001/20220921_090000.WAV,Telephone Field,recover-20220922,001,1795
100.8085,100.8457,68437,80646,Rhinolophus ferrumequinum,0.05,0.05,-1,Echolocation,/mnt/ubna_data_02_mir/recover-20220922/UBNA_001/20220921_090000.WAV,Telephone Field,recover-20220922,001,1795
100.8105,100.8198,28046,36084,Eptesicus serotinus,0.01,0.023,-1,Echolocation,/mnt/ubna_data_02_mir/recover-20220922/UBNA_001/20220921_090000.WAV,Telephone Field,recover-20220922,001,1795
100.8215,100.8609,68437,82900,Rhinolophus ferrumequinum,0.035,0.035,-1,Echolocation,/mnt/ubna_data_02_mir/recover-20220922/UBNA_001/20220921_090000.WAV,Telephone Field,recover-20220922,001,1795
100.8545,100.8879,68437,80686,Rhinolophus ferrumequinum,0.023,0.023,-1,Echolocation,/mnt/ubna_data_02_mir/recover-20220922/UBNA_001/20220921_090000.WAV,Telephone Field,recover-20220922,001,1795
100.8565,100.8687,22031,27477,Nyctalus leisleri,0.018,0.04,-1,Echolocation,/mnt/ubna_data_02_mir/recover-20220922/UBNA_001/20220921_090000.WAV,Telephone Field,recover-20220922,001,1795
100.8595,100.8704,28906,34962,Eptesicus serotinus,0.02,0.037,-1,Echolocation,/mnt/ubna_data_02_mir/recover-20220922/UBNA_001/20220921_090000.WAV,Telephone Field,recover-20220922,001,1795
100.8755,100.9142,68437,82551,Rhinolophus ferrumequinum,0.025,0.025,-1,Echolocation,/mnt/ubna_data_02_mir/recover-20220922/UBNA_001/20220921_090000.WAV,Telephone Field,recover-20220922,001,1795
100.8905,100.8985,43515,50373,Pipistrellus pipistrellus,0.047,0.053,-1,Echolocation,/mnt/ubna_data_02_mir/recover-20220922/UBNA_001/20220921_090000.WAV,Telephone Field,recover-20220922,001,1795
100.9165,100.962,68437,83443,Rhinolophus ferrumequinum,0.047,0.047,-1,Echolocation,/mnt/ubna_data_02_mir/recover-20220922/UBNA_001/20220921_090000.WAV,Telephone Field,recover-20220922,001,1795
100.9725,101.0099,68437,81555,Rhinolophus ferrumequinum,0.023,0.024,-1,Echolocation,/mnt/ubna_data_02_mir/recover-20220922/UBNA_001/20220921_090000.WAV,Telephone Field,recover-20220922,001,1795
100.97749999999999,100.9888,22031,26280,Nyctalus leisleri,0.012,0.022,-1,Echolocation,/mnt/ubna_data_02_mir/recover-20220922/UBNA_001/20220921_090000.WAV,Telephone Field,recover-20220922,001,1795
101.0265,101.0683,68437,82907,Rhinolophus ferrumequinum,0.03,0.03,-1,Echolocation,/mnt/ubna_data_02_mir/recover-20220922/UBNA_001/20220921_090000.WAV,Telephone Field,recover-20220922,001,1795
101.0515,101.061,26328,33719,Eptesicus serotinus,0.015,0.036,-1,Echolocation,/mnt/ubna_data_02_mir/recover-20220922/UBNA_001/20220921_090000.WAV,Telephone Field,recover-20220922,001,1795
101.0595,101.0979,68437,82301,Rhinolophus ferrumequinum,0.028,0.028,-1,Echolocation,/mnt/ubna_data_02_mir/recover-20220922/UBNA_001/20220921_090000.WAV,Telephone Field,recover-20220922,001,1795
101.0895,101.1285,68437,82399,Rhinolophus ferrumequinum,0.024,0.024,-1,Echolocation,/mnt/ubna_data_02_mir/recover-20220922/UBNA_001/20220921_090000.WAV,Telephone Field,recover-20220922,001,1795
101.1075,101.1209,37500,40885,Pipistrellus nathusii,0.014,0.032,-1,Echolocation,/mnt/ubna_data_02_mir/recover-20220922/UBNA_001/20220921_090000.WAV,Telephone Field,recover-20220922,001,1795
101.1865,101.2301,68437,83028,Rhinolophus ferrumequinum,0.025,0.025,-1,Echolocation,/mnt/ubna_data_02_mir/recover-20220922/UBNA_001/20220921_090000.WAV,Telephone Field,recover-20220922,001,1795
101.2365,101.2743,68437,81903,Rhinolophus ferrumequinum,0.022,0.022,-1,Echolocation,/mnt/ubna_data_02_mir/recover-20220922/UBNA_001/20220921_090000.WAV,Telephone Field,recover-20220922,001,1795
101.25450000000001,101.2931,68437,81883,Rhinolophus ferrumequinum,0.027,0.027,-1,Echolocation,/mnt/ubna_data_02_mir/recover-20220922/UBNA_001/20220921_090000.WAV,Telephone Field,recover-20220922,001,1795
101.2905,101.3263,68437,81362,Rhinolophus ferrumequinum,0.022,0.022,-1,Echolocation,/mnt/ubna_data_02_mir/recover-20220922/UBNA_001/20220921_090000.WAV,Telephone Field,recover-20220922,001,1795
101.3005,101.3412,68437,83137,Rhinolophus ferrumequinum,0.032,0.032,-1,Echolocation,/mnt/ubna_data_02_mir/recover-20220922/UBNA_001/20220921_090000.WAV,Telephone Field,recover-20220922,001,1795
101.3065,101.3151,28906,38289,Eptesicus serotinus,0.01,0.028,-1,Echolocation,/mnt/ubna_data_02_mir/recover-20220922/UBNA_001/20220921_090000.WAV,Telephone Field,recover-20220922,001,1795
101.3125,101.3506,68437,81515,Rhinolophus ferrumequinum,0.028,0.028,-1,Echolocation,/mnt/ubna_data_02_mir/recover-20220922/UBNA_001/20220921_090000.WAV,Telephone Field,recover-20220922,001,1795
101.3455,101.354,28906,38448,Eptesicus serotinus,0.01,0.023,-1,Echolocation,/mnt/ubna_data_02_mir/recover-20220922/UBNA_001/20220921_090000.WAV,Telephone Field,recover-20220922,001,1795
101.3545,101.3916,68437,81275,Rhinolophus ferrumequinum,0.023,0.023,-1,Echolocation,/mnt/ubna_data_02_mir/recover-20220922/UBNA_001/20220921_090000.WAV,Telephone Field,recover-20220922,001,1795
101.3655,101.3984,68437,79969,Rhinolophus ferrumequinum,0.028,0.028,-1,Echolocation,/mnt/ubna_data_02_mir/recover-20220922/UBNA_001/20220921_090000.WAV,Telephone Field,recover-20220922,001,1795
101.3815,101.4215,68437,81680,Rhinolophus ferrumequinum,0.027,0.027,-1,Echolocation,/mnt/ubna_data_02_mir/recover-20220922/UBNA_001/20220921_090000.WAV,Telephone Field,recover-20220922,001,1795
101.3835,101.3939,33203,39038,Eptesicus serotinus,0.006,0.023,-1,Echolocation,/mnt/ubna_data_02_mir/recover-20220922/UBNA_001/20220921_090000.WAV,Telephone Field,recover-20220922,001,1795
101.4065,101.4168,21171,27311,Plecotus austriacus,0.01,0.03,-1,Echolocation,/mnt/ubna_data_02_mir/recover-20220922/UBNA_001/20220921_090000.WAV,Telephone Field,recover-20220922,001,1795
101.4235,101.46000000000001,68437,81585,Rhinolophus ferrumequinum,0.022,0.023,-1,Echolocation,/mnt/ubna_data_02_mir/recover-20220922/UBNA_001/20220921_090000.WAV,Telephone Field,recover-20220922,001,1795
101.4485,101.4828,68437,81027,Rhinolophus ferrumequinum,0.023,0.023,-1,Echolocation,/mnt/ubna_data_02_mir/recover-20220922/UBNA_001/20220921_090000.WAV,Telephone Field,recover-20220922,001,1795
101.4665,101.5067,68437,82470,Rhinolophus ferrumequinum,0.031,0.031,-1,Echolocation,/mnt/ubna_data_02_mir/recover-20220922/UBNA_001/20220921_090000.WAV,Telephone Field,recover-20220922,001,1795
101.4755,101.4973,20312,23476,Nyctalus leisleri,0.025,0.047,-1,Echolocation,/mnt/ubna_data_02_mir/recover-20220922/UBNA_001/20220921_090000.WAV,Telephone Field,recover-20220922,001,1795
101.5375,101.5754,68437,82183,Rhinolophus ferrumequinum,0.024,0.024,-1,Echolocation,/mnt/ubna_data_02_mir/recover-20220922/UBNA_001/20220921_090000.WAV,Telephone Field,recover-20220922,001,1795
101.5455,101.5823,68437,81840,Rhinolophus ferrumequinum,0.022,0.022,-1,Echolocation,/mnt/ubna_data_02_mir/recover-20220922/UBNA_001/20220921_090000.WAV,Telephone Field,recover-20220922,001,1795
101.5915,101.5986,28046,39602,Eptesicus serotinus,0.007,0.022,-1,Echolocation,/mnt/ubna_data_02_mir/recover-20220922/UBNA_001/20220921_090000.WAV,Telephone Field,recover-20220922,001,1795
101.6005,101.6371,68437,81395,Rhinolophus ferrumequinum,0.03,0.03,-1,Echolocation,/mnt/ubna_data_02_mir/recover-20220922/UBNA_001/20220921_090000.WAV,Telephone Field,recover-20220922,001,1795
101.6305,101.6383,28906,39969,Eptesicus serotinus,0.008,0.024,-1,Echolocation,/mnt/ubna_data_02_mir/recover-20220922/UBNA_001/20220921_090000.WAV,Telephone Field,recover-20220922,001,1795
101.6385,101.6776,68437,82045,Rhinolophus ferrumequinum,0.023,0.023,-1,Echolocation,/mnt/ubna_data_02_mir/recover-20220922/UBNA_001/20220921_090000.WAV,Telephone Field,recover-20220922,001,1795
101.6575,101.66890000000001,24609,31514,Eptesicus serotinus,0.01,0.026,-1,Echolocation,/mnt/ubna_data_02_mir/recover-20220922/UBNA_001/20220921_090000.WAV,Telephone Field,recover-20220922,001,1795
101.6925,101.7309,68437,81820,Rhinolophus ferrumequinum,0.023,0.023,-1,Echolocation,/mnt/ubna_data_02_mir/recover-20220922/UBNA_001/20220921_090000.WAV,Telephone Field,recover-20220922,001,1795
101.7705,101.8092,68437,82068,Rhinolophus ferrumequinum,0.024,0.024,-1,Echolocation,/mnt/ubna_data_02_mir/recover-20220922/UBNA_001/20220921_090000.WAV,Telephone Field,recover-20220922,001,1795
101.7785,101.7863,28906,40032,Eptesicus serotinus,0.007,0.023,-1,Echolocation,/mnt/ubna_data_02_mir/recover-20220922/UBNA_001/20220921_090000.WAV,Telephone Field,recover-20220922,001,1795
101.8075,101.8484,68437,82838,Rhinolophus ferrumequinum,0.054,0.054,-1,Echolocation,/mnt/ubna_data_02_mir/recover-20220922/UBNA_001/20220921_090000.WAV,Telephone Field,recover-20220922,001,1795
101.8325,101.874,68437,82508,Rhinolophus ferrumequinum,0.024,0.024,-1,Echolocation,/mnt/ubna_data_02_mir/recover-20220922/UBNA_001/20220921_090000.WAV,Telephone Field,recover-20220922,001,1795
101.8505,101.8589,28906,39007,Eptesicus serotinus,0.009,0.022,-1,Echolocation,/mnt/ubna_data_02_mir/recover-20220922/UBNA_001/20220921_090000.WAV,Telephone Field,recover-20220922,001,1795
101.8635,101.9015,68437,82156,Rhinolophus ferrumequinum,0.022,0.022,-1,Echolocation,/mnt/ubna_data_02_mir/recover-20220922/UBNA_001/20220921_090000.WAV,Telephone Field,recover-20220922,001,1795
101.8725,101.9109,68437,81695,Rhinolophus ferrumequinum,0.022,0.022,-1,Echolocation,/mnt/ubna_data_02_mir/recover-20220922/UBNA_001/20220921_090000.WAV,Telephone Field,recover-20220922,001,1795
101.9225,101.9589,68437,81531,Rhinolophus ferrumequinum,0.024,0.024,-1,Echolocation,/mnt/ubna_data_02_mir/recover-20220922/UBNA_001/20220921_090000.WAV,Telephone Field,recover-20220922,001,1795
101.9445,101.9858,68437,82208,Rhinolophus ferrumequinum,0.031,0.031,-1,Echolocation,/mnt/ubna_data_02_mir/recover-20220922/UBNA_001/20220921_090000.WAV,Telephone Field,recover-20220922,001,1795
101.9575,101.9969,68437,82459,Rhinolophus ferrumequinum,0.025,0.025,-1,Echolocation,/mnt/ubna_data_02_mir/recover-20220922/UBNA_001/20220921_090000.WAV,Telephone Field,recover-20220922,001,1795
101.9665,101.9836,23750,28372,Nyctalus leisleri,0.039,0.098,-1,Echolocation,/mnt/ubna_data_02_mir/recover-20220922/UBNA_001/20220921_090000.WAV,Telephone Field,recover-20220922,001,1795
102.0015,102.0353,69296,81861,Rhinolophus ferrumequinum,0.029,0.029,-1,Echolocation,/mnt/ubna_data_02_mir/recover-20220922/UBNA_001/20220921_090000.WAV,Telephone Field,recover-20220922,001,1795
102.0015,102.0116,27187,34979,Eptesicus serotinus,0.01,0.028,-1,Echolocation,/mnt/ubna_data_02_mir/recover-20220922/UBNA_001/20220921_090000.WAV,Telephone Field,recover-20220922,001,1795
102.0015,102.011,46953,51647,Pipistrellus pipistrellus,0.018,0.022,-1,Echolocation,/mnt/ubna_data_02_mir/recover-20220922/UBNA_001/20220921_090000.WAV,Telephone Field,recover-20220922,001,1795
102.0095,102.0528,68437,82733,Rhinolophus ferrumequinum,0.026,0.026,-1,Echolocation,/mnt/ubna_data_02_mir/recover-20220922/UBNA_001/20220921_090000.WAV,Telephone Field,recover-20220922,001,1795
102.0275,102.0377,43515,49717,Pipistrellus pipistrellus,0.02,0.041,-1,Echolocation,/mnt/ubna_data_02_mir/recover-20220922/UBNA_001/20220921_090000.WAV,Telephone Field,recover-20220922,001,1795
102.0435,102.0505,48671,56239,Pipistrellus pipistrellus,0.024,0.026,-1,Echolocation,/mnt/ubna_data_02_mir/recover-20220922/UBNA_001/20220921_090000.WAV,Telephone Field,recover-20220922,001,1795
102.0445,102.091,68437,83178,Rhinolophus ferrumequinum,0.064,0.064,-1,Echolocation,/mnt/ubna_data_02_mir/recover-20220922/UBNA_001/20220921_090000.WAV,Telephone Field,recover-20220922,001,1795
102.0545,102.0639,28906,36068,Eptesicus serotinus,0.01,0.023,-1,Echolocation,/mnt/ubna_data_02_mir/recover-20220922/UBNA_001/20220921_090000.WAV,Telephone Field,recover-20220922,001,1795
102.0915,102.1297,68437,82331,Rhinolophus ferrumequinum,0.027,0.027,-1,Echolocation,/mnt/ubna_data_02_mir/recover-20220922/UBNA_001/20220921_090000.WAV,Telephone Field,recover-20220922,001,1795
102.1435,102.1527,23750,31793,Plecotus austriacus,0.007,0.024,-1,Echolocation,/mnt/ubna_data_02_mir/recover-20220922/UBNA_001/20220921_090000.WAV,Telephone Field,recover-20220922,001,1795
102.1495,102.1888,68437,82550,Rhinolophus ferrumequinum,0.022,0.022,-1,Echolocation,/mnt/ubna_data_02_mir/recover-20220922/UBNA_001/20220921_090000.WAV,Telephone Field,recover-20220922,001,1795
102.1795,102.1899,28906,35467,Eptesicus serotinus,0.009,0.022,-1,Echolocation,/mnt/ubna_data_02_mir/recover-20220922/UBNA_001/20220921_090000.WAV,Telephone Field,recover-20220922,001,1795
102.1845,102.1951,28906,35607,Eptesicus serotinus,0.009,0.023,-1,Echolocation,/mnt/ubna_data_02_mir/recover-20220922/UBNA_001/20220921_090000.WAV,Telephone Field,recover-20220922,001,1795
102.1885,102.2262,68437,81712,Rhinolophus ferrumequinum,0.022,0.022,-1,Echolocation,/mnt/ubna_data_02_mir/recover-20220922/UBNA_001/20220921_090000.WAV,Telephone Field,recover-20220922,001,1795
102.1975,102.2356,68437,81550,Rhinolophus ferrumequinum,0.022,0.022,-1,Echolocation,/mnt/ubna_data_02_mir/recover-20220922/UBNA_001/20220921_090000.WAV,Telephone Field,recover-20220922,001,1795
102.2065,102.2473,68437,82714,Rhinolophus ferrumequinum,0.024,0.024,-1,Echolocation,/mnt/ubna_data_02_mir/recover-20220922/UBNA_001/20220921_090000.WAV,Telephone Field,recover-20220922,001,1795
102.2145,102.2544,68437,82463,Rhinolophus ferrumequinum,0.022,0.022,-1,Echolocation,/mnt/ubna_data_02_mir/recover-20220922/UBNA_001/20220921_090000.WAV,Telephone Field,recover-20220922,001,1795
102.2375,102.2488,44375,49850,Pipistrellus pipistrellus,0.018,0.022,-1,Echolocation,/mnt/ubna_data_02_mir/recover-20220922/UBNA_001/20220921_090000.WAV,Telephone Field,recover-20220922,001,1795
102.2405,102.2482,28046,39977,Eptesicus serotinus,0.008,0.023,-1,Echolocation,/mnt/ubna_data_02_mir/recover-20220922/UBNA_001/20220921_090000.WAV,Telephone Field,recover-20220922,001,1795
102.2425,102.2804,68437,81493,Rhinolophus ferrumequinum,0.022,0.022,-1,Echolocation,/mnt/ubna_data_02_mir/recover-20220922/UBNA_001/20220921_090000.WAV,Telephone Field,recover-20220922,001,1795
102.2925,102.3318,68437,82643,Rhinolophus ferrumequinum,0.023,0.023,-1,Echolocation,/mnt/ubna_data_02_mir/recover-20220922/UBNA_001/20220921_090000.WAV,Telephone Field,recover-20220922,001,1795
102.3095,102.3185,28046,36316,Eptesicus serotinus,0.01,0.023,-1,Echolocation,/mnt/ubna_data_02_mir/recover-20220922/UBNA_001/20220921_090000.WAV,Telephone Field,recover-20220922,001,1795
102.3175,102.3589,68437,83391,Rhinolophus ferrumequinum,0.028,0.028,-1,Echolocation,/mnt/ubna_data_02_mir/recover-20220922/UBNA_001/20220921_090000.WAV,Telephone Field,recover-20220922,001,1795
102.3435,102.3792,68437,80917,Rhinolophus ferrumequinum,0.038,0.038,-1,Echolocation,/mnt/ubna_data_02_mir/recover-20220922/UBNA_001/20220921_090000.WAV,Telephone Field,recover-20220922,001,1795
102.3555,102.3894,68437,80778,Rhinolophus ferrumequinum,0.024,0.024,-1,Echolocation,/mnt/ubna_data_02_mir/recover-20220922/UBNA_001/20220921_090000.WAV,Telephone Field,recover-20220922,001,1795
102.3735,102.3792,31484,41502,Myotis daubentonii,0.009,0.027,-1,Echolocation,/mnt/ubna_data_02_mir/recover-20220922/UBNA_001/20220921_090000.WAV,Telephone Field,recover-20220922,001,1795
102.3835,102.4267,68437,82687,Rhinolophus ferrumequinum,0.044,0.044,-1,Echolocation,/mnt/ubna_data_02_mir/recover-20220922/UBNA_001/20220921_090000.WAV,Telephone Field,recover-20220922,001,1795
102.3955,102.4336,68437,81650,Rhinolophus ferrumequinum,0.021,0.021,-1,Echolocation,/mnt/ubna_data_02_mir/recover-20220922/UBNA_001/20220921_090000.WAV,Telephone Field,recover-20220922,001,1795
102.4175,102.4594,68437,82786,Rhinolophus ferrumequinum,0.034,0.034,-1,Echolocation,/mnt/ubna_data_02_mir/recover-20220922/UBNA_001/20220921_090000.WAV,Telephone Field,recover-20220922,001,1795
102.4365,102.477,68437,82608,Rhinolophus ferrumequinum,0.024,0.024,-1,Echolocation,/mnt/ubna_data_02_mir/recover-20220922/UBNA_001/20220921_090000.WAV,Telephone Field,recover-20220922,001,1795
102.4425,102.4838,68437,82508,Rhinolophus ferrumequinum,0.025,0.025,-1,Echolocation,/mnt/ubna_data_02_mir/recover-20220922/UBNA_001/20220921_090000.WAV,Telephone Field,recover-20220922,001,1795
102.4665,102.5041,68437,81763,Rhinolophus ferrumequinum,0.022,0.022,-1,Echolocation,/mnt/ubna_data_02_mir/recover-20220922/UBNA_001/20220921_090000.WAV,Telephone Field,recover-20220922,001,1795
102.4815,102.5199,68437,81690,Rhinolophus ferrumequinum,0.024,0.024,-1,Echolocation,/mnt/ubna_data_02_mir/recover-20220922/UBNA_001/20220921_090000.WAV,Telephone Field,recover-20220922,001,1795
102.4855,102.4944,50390,55419,Pipistrellus pipistrellus,0.035,0.04,-1,Echolocation,/mnt/ubna_data_02_mir/recover-20220922/UBNA_001/20220921_090000.WAV,Telephone Field,recover-20220922,001,1795
102.4885,102.527,68437,81387,Rhinolophus ferrumequinum,0.024,0.025,-1,Echolocation,/mnt/ubna_data_02_mir/recover-20220922/UBNA_001/20220921_090000.WAV,Telephone Field,recover-20220922,001,1795
102.5235,102.5623,68437,82268,Rhinolophus ferrumequinum,0.023,0.023,-1,Echolocation,/mnt/ubna_data_02_mir/recover-20220922/UBNA_001/20220921_090000.WAV,Telephone Field,recover-20220922,001,1795
102.5595,102.6007,68437,82701,Rhinolophus ferrumequinum,0.023,0.023,-1,Echolocation,/mnt/ubna_data_02_mir/recover-20220922/UBNA_001/20220921_090000.WAV,Telephone Field,recover-20220922,001,1795
102.5705,102.6084,68437,81729,Rhinolophus ferrumequinum,0.022,0.023,-1,Echolocation,/mnt/ubna_data_02_mir/recover-20220922/UBNA_001/20220921_090000.WAV,Telephone Field,recover-20220922,001,1795
102.5965,102.63550000000001,68437,82219,Rhinolophus ferrumequinum,0.024,0.024,-1,Echolocation,/mnt/ubna_data_02_mir/recover-20220922/UBNA_001/20220921_090000.WAV,Telephone Field,recover-20220922,001,1795
102.6175,102.6594,68437,82505,Rhinolophus ferrumequinum,0.033,0.033,-1,Echolocation,/mnt/ubna_data_02_mir/recover-20220922/UBNA_001/20220921_090000.WAV,Telephone Field,recover-20220922,001,1795
102.6345,102.6448,43515,51152,Pipistrellus pipistrellus,0.013,0.023,-1,Echolocation,/mnt/ubna_data_02_mir/recover-20220922/UBNA_001/20220921_090000.WAV,Telephone Field,recover-20220922,001,1795
102.63550000000001,102.676,68437,82515,Rhinolophus ferrumequinum,0.027,0.027,-1,Echolocation,/mnt/ubna_data_02_mir/recover-20220922/UBNA_001/20220921_090000.WAV,Telephone Field,recover-20220922,001,1795
102.7155,102.7546,68437,81377,Rhinolophus ferrumequinum,0.024,0.024,-1,Echolocation,/mnt/ubna_data_02_mir/recover-20220922/UBNA_001/20220921_090000.WAV,Telephone Field,recover-20220922,001,1795
102.75450000000001,102.7657,45234,48549,Pipistrellus pipistrellus,0.047,0.051,-1,Echolocation,/mnt/ubna_data_02_mir/recover-20220922/UBNA_001/20220921_090000.WAV,Telephone Field,recover-20220922,001,1795
102.75450000000001,102.7629,28046,39739,Eptesicus serotinus,0.008,0.022,-1,Echolocation,/mnt/ubna_data_02_mir/recover-20220922/UBNA_001/20220921_090000.WAV,Telephone Field,recover-20220922,001,1795
102.7555,102.7642,33203,41053,Barbastellus barbastellus,0.006,0.021,-1,Echolocation,/mnt/ubna_data_02_mir/recover-20220922/UBNA_001/20220921_090000.WAV,Telephone Field,recover-20220922,001,1795
102.7675,102.8062,68437,82292,Rhinolophus ferrumequinum,0.032,0.032,-1,Echolocation,/mnt/ubna_data_02_mir/recover-20220922/UBNA_001/20220921_090000.WAV,Telephone Field,recover-20220922,001,1795
102.8035,102.8119,27187,38435,Eptesicus serotinus,0.008,0.022,-1,Echolocation,/mnt/ubna_data_02_mir/recover-20220922/UBNA_001/20220921_090000.WAV,Telephone Field,recover-20220922,001,1795
102.8235,102.8605,68437,81227,Rhinolophus ferrumequinum,0.024,0.024,-1,Echolocation,/mnt/ubna_data_02_mir/recover-20220922/UBNA_001/20220921_090000.WAV,Telephone Field,recover-20220922,001,1795
102.8315,102.83709999999999,50390,58019,Pipistrellus pipistrellus,0.021,0.026,-1,Echolocation,/mnt/ubna_data_02_mir/recover-20220922/UBNA_001/20220921_090000.WAV,Telephone Field,recover-20220922,001,1795
102.8765,102.9155,68437,82283,Rhinolophus ferrumequinum,0.022,0.022,-1,Echolocation,/mnt/ubna_data_02_mir/recover-20220922/UBNA_001/20220921_090000.WAV,Telephone Field,recover-20220922,001,1795
102.9005,102.9387,68437,81975,Rhinolophus ferrumequinum,0.024,0.024,-1,Echolocation,/mnt/ubna_data_02_mir/recover-20220922/UBNA_001/20220921_090000.WAV,Telephone Field,recover-20220922,001,1795
102.9395,102.9474,23750,31922,Plecotus austriacus,0.011,0.027,-1,Echolocation,/mnt/ubna_data_02_mir/recover-20220922/UBNA_001/20220921_090000.WAV,Telephone Field,recover-20220922,001,1795
102.9475,102.9873,68437,82262,Rhinolophus ferrumequinum,0.023,0.023,-1,Echolocation,/mnt/ubna_data_02_mir/recover-20220922/UBNA_001/20220921_090000.WAV,Telephone Field,recover-20220922,001,1795
102.9575,102.99680000000001,68437,81756,Rhinolophus ferrumequinum,0.023,0.023,-1,Echolocation,/mnt/ubna_data_02_mir/recover-20220922/UBNA_001/20220921_090000.WAV,Telephone Field,recover-20220922,001,1795
102.9845,103.0257,68437,82575,Rhinolophus ferrumequinum,0.022,0.022,-1,Echolocation,/mnt/ubna_data_02_mir/recover-20220922/UBNA_001/20220921_090000.WAV,Telephone Field,recover-20220922,001,1795
102.9875,102.9977,22031,27061,Nyctalus leisleri,0.01,0.023,-1,Echolocation,/mnt/ubna_data_02_mir/recover-20220922/UBNA_001/20220921_090000.WAV,Telephone Field,recover-20220922,001,1795
102.9945,103.0343,68437,82491,Rhinolophus ferrumequinum,0.028,0.028,-1,Echolocation,/mnt/ubna_data_02_mir/recover-20220922/UBNA_001/20220921_090000.WAV,Telephone Field,recover-20220922,001,1795
103.0605,103.1,68437,81937,Rhinolophus ferrumequinum,0.023,0.023,-1,Echolocation,/mnt/ubna_data_02_mir/recover-20220922/UBNA_001/20220921_090000.WAV,Telephone Field,recover-20220922,001,1795
103.0665,103.0784,28906,35734,Eptesicus serotinus,0.014,0.029,-1,Echolocation,/mnt/ubna_data_02_mir/recover-20220922/UBNA_001/20220921_090000.WAV,Telephone Field,recover-20220922,001,1795
103.0685,103.1083,68437,82637,Rhinolophus ferrumequinum,0.029,0.029,-1,Echolocation,/mnt/ubna_data_02_mir/recover-20220922/UBNA_001/20220921_090000.WAV,Telephone Field,recover-20220922,001,1795
103.1015,103.1421,68437,82176,Rhinolophus ferrumequinum,0.022,0.022,-1,Echolocation,/mnt/ubna_data_02_mir/recover-20220922/UBNA_001/20220921_090000.WAV,Telephone Field,recover-20220922,001,1795
103.1185,103.1303,26328,32166,Eptesicus serotinus,0.014,0.033,-1,Echolocation,/mnt/ubna_data_02_mir/recover-20220922/UBNA_001/20220921_090000.WAV,Telephone Field,recover-20220922,001,1795
103.1215,103.1631,68437,82788,Rhinolophus ferrumequinum,0.03,0.03,-1,Echolocation,/mnt/ubna_data_02_mir/recover-20220922/UBNA_001/20220921_090000.WAV,Telephone Field,recover-20220922,001,1795
103.1365,103.1734,68437,81636,Rhinolophus ferrumequinum,0.023,0.023,-1,Echolocation,/mnt/ubna_data_02_mir/recover-20220922/UBNA_001/20220921_090000.WAV,Telephone Field,recover-20220922,001,1795
103.1375,103.1537,16015,21747,Nyctalus noctula,0.02,0.027,-1,Echolocation,/mnt/ubna_data_02_mir/recover-20220922/UBNA_001/20220921_090000.WAV,Telephone Field,recover-20220922,001,1795
103.1565,103.1999,68437,83419,Rhinolophus ferrumequinum,0.043,0.043,-1,Echolocation,/mnt/ubna_data_02_mir/recover-20220922/UBNA_001/20220921_090000.WAV,Telephone Field,recover-20220922,001,1795
103.1665,103.1803,36640,41341,Pipistrellus nathusii,0.049,0.072,-1,Echolocation,/mnt/ubna_data_02_mir/recover-20220922/UBNA_001/20220921_090000.WAV,Telephone Field,recover-20220922,001,1795
103.1665,103.1743,28046,38710,Eptesicus serotinus,0.007,0.022,-1,Echolocation,/mnt/ubna_data_02_mir/recover-20220922/UBNA_001/20220921_090000.WAV,Telephone Field,recover-20220922,001,1795
103.2005,103.2425,68437,82586,Rhinolophus ferrumequinum,0.023,0.023,-1,Echolocation,/mnt/ubna_data_02_mir/recover-20220922/UBNA_001/20220921_090000.WAV,Telephone Field,recover-20220922,001,1795
103.2525,103.2604,22890,31003,Plecotus austriacus,0.011,0.024,-1,Echolocation,/mnt/ubna_data_02_mir/recover-20220922/UBNA_001/20220921_090000.WAV,Telephone Field,recover-20220922,001,1795
103.2535,103.2619,28906,37060,Eptesicus serotinus,0.011,0.026,-1,Echolocation,/mnt/ubna_data_02_mir/recover-20220922/UBNA_001/20220921_090000.WAV,Telephone Field,recover-20220922,001,1795
103.2655,103.3051,68437,82303,Rhinolophus ferrumequinum,0.022,0.022,-1,Echolocation,/mnt/ubna_data_02_mir/recover-20220922/UBNA_001/20220921_090000.WAV,Telephone Field,recover-20220922,001,1795
103.3005,103.3109,59843,66308,Pipistrellus pygmaeus,0.022,0.023,-1,Echolocation,/mnt/ubna_data_02_mir/recover-20220922/UBNA_001/20220921_090000.WAV,Telephone Field,recover-20220922,001,1795
103.3035,103.3388,68437,80068,Rhinolophus ferrumequinum,0.022,0.023,-1,Echolocation,/mnt/ubna_data_02_mir/recover-20220922/UBNA_001/20220921_090000.WAV,Telephone Field,recover-20220922,001,1795
103.3285,103.33840000000001,22031,27401,Nyctalus leisleri,0.009,0.022,-1,Echolocation,/mnt/ubna_data_02_mir/recover-20220922/UBNA_001/20220921_090000.WAV,Telephone Field,recover-20220922,001,1795
103.3575,103.395,68437,81750,Rhinolophus ferrumequinum,0.023,0.023,-1,Echolocation,/mnt/ubna_data_02_mir/recover-20220922/UBNA_001/20220921_090000.WAV,Telephone Field,recover-20220922,001,1795
103.3635,103.4015,68437,81715,Rhinolophus ferrumequinum,0.022,0.022,-1,Echolocation,/mnt/ubna_data_02_mir/recover-20220922/UBNA_001/20220921_090000.WAV,Telephone Field,recover-20220922,001,1795
103.3715,103.4114,68437,82283,Rhinolophus ferrumequinum,0.024,0.024,-1,Echolocation,/mnt/ubna_data_02_mir/recover-20220922/UBNA_001/20220921_090000.WAV,Telephone Field,recover-20220922,001,1795
103.4025,103.4422,68437,82371,Rhinolophus ferrumequinum,0.022,0.023,-1,Echolocation,/mnt/ubna_data_02_mir/recover-20220922/UBNA_001/20220921_090000.WAV,Telephone Field,recover-20220922,001,1795
103.4315,103.4733,68437,82261,Rhinolophus ferrumequinum,0.037,0.037,-1,Echolocation,/mnt/ubna_data_02_mir/recover-20220922/UBNA_001/20220921_090000.WAV,Telephone Field,recover-20220922,001,1795
103.4555,103.4648,28046,36210,Eptesicus serotinus,0.027,0.047,-1,Echolocation,/mnt/ubna_data_02_mir/recover-20220922/UBNA_001/20220921_090000.WAV,Telephone Field,recover-20220922,001,1795
103.4705,103.5103,68437,82788,Rhinolophus ferrumequinum,0.025,0.025,-1,Echolocation,/mnt/ubna_data_02_mir/recover-20220922/UBNA_001/20220921_090000.WAV,Telephone Field,recover-20220922,001,1795
103.4915,103.5292,68437,81869,Rhinolophus ferrumequinum,0.025,0.025,-1,Echolocation,/mnt/ubna_data_02_mir/recover-20220922/UBNA_001/20220921_090000.WAV,Telephone Field,recover-20220922,001,1795
103.5005,103.5118,42656,48868,Pipistrellus pipistrellus,0.014,0.024,-1,Echolocation,/mnt/ubna_data_02_mir/recover-20220922/UBNA_001/20220921_090000.WAV,Telephone Field,recover-20220922,001,1795
103.5025,103.5406,68437,81344,Rhinolophus ferrumequinum,0.021,0.022,-1,Echolocation,/mnt/ubna_data_02_mir/recover-20220922/UBNA_001/20220921_090000.WAV,Telephone Field,recover-20220922,001,1795
103.6075,103.6188,22890,27639,Nyctalus leisleri,0.011,0.021,-1,Echolocation,/mnt/ubna_data_02_mir/recover-20220922/UBNA_001/20220921_090000.WAV,Telephone Field,recover-20220922,001,1795
103.6165,103.6549,68437,82044,Rhinolophus ferrumequinum,0.022,0.022,-1,Echolocation,/mnt/ubna_data_02_mir/recover-20220922/UBNA_001/20220921_090000.WAV,Telephone Field,recover-20220922,001,1795
103.6225,103.6607,68437,81875,Rhinolophus ferrumequinum,0.023,0.024,-1,Echolocation,/mnt/ubna_data_02_mir/recover-20220922/UBNA_001/20220921_090000.WAV,Telephone Field,recover-20220922,001,1795
103.6235,103.6343,40937,44429,Nyctalus leisleri,0.007,0.024,-1,Echolocation,/mnt/ubna_data_02_mir/recover-20220922/UBNA_001/20220921_090000.WAV,Telephone Field,recover-20220922,001,1795
103.6425,103.6827,68437,82732,Rhinolophus ferrumequinum,0.025,0.025,-1,Echolocation,/mnt/ubna_data_02_mir/recover-20220922/UBNA_001/20220921_090000.WAV,Telephone Field,recover-20220922,001,1795
103.6695,103.7041,68437,81138,Rhinolophus ferrumequinum,0.025,0.025,-1,Echolocation,/mnt/ubna_data_02_mir/recover-20220922/UBNA_001/20220921_090000.WAV,Telephone Field,recover-20220922,001,1795
103.7405,103.779,68437,82189,Rhinolophus ferrumequinum,0.022,0.022,-1,Echolocation,/mnt/ubna_data_02_mir/recover-20220922/UBNA_001/20220921_090000.WAV,Telephone Field,recover-20220922,001,1795
103.7635,103.7967,68437,80637,Rhinolophus ferrumequinum,0.026,0.026,-1,Echolocation,/mnt/ubna_data_02_mir/recover-20220922/UBNA_001/20220921_090000.WAV,Telephone Field,recover-20220922,001,1795
103.8045,103.8459,68437,82098,Rhinolophus ferrumequinum,0.022,0.022,-1,Echolocation,/mnt/ubna_data_02_mir/recover-20220922/UBNA_001/20220921_090000.WAV,Telephone Field,recover-20220922,001,1795
103.8045,103.8129,23750,31494,Plecotus austriacus,0.008,0.022,-1,Echolocation,/mnt/ubna_data_02_mir/recover-20220922/UBNA_001/20220921_090000.WAV,Telephone Field,recover-20220922,001,1795
103.8315,103.8681,68437,82270,Rhinolophus ferrumequinum,0.025,0.026,-1,Echolocation,/mnt/ubna_data_02_mir/recover-20220922/UBNA_001/20220921_090000.WAV,Telephone Field,recover-20220922,001,1795
103.8405,103.8817,68437,82854,Rhinolophus ferrumequinum,0.026,0.026,-1,Echolocation,/mnt/ubna_data_02_mir/recover-20220922/UBNA_001/20220921_090000.WAV,Telephone Field,recover-20220922,001,1795
103.8465,103.8548,25468,38233,Eptesicus serotinus,0.007,0.021,-1,Echolocation,/mnt/ubna_data_02_mir/recover-20220922/UBNA_001/20220921_090000.WAV,Telephone Field,recover-20220922,001,1795
103.8545,103.8642,48671,53002,Pipistrellus pipistrellus,0.018,0.022,-1,Echolocation,/mnt/ubna_data_02_mir/recover-20220922/UBNA_001/20220921_090000.WAV,Telephone Field,recover-20220922,001,1795
103.8675,103.906,68437,81340,Rhinolophus ferrumequinum,0.025,0.025,-1,Echolocation,/mnt/ubna_data_02_mir/recover-20220922/UBNA_001/20220921_090000.WAV,Telephone Field,recover-20220922,001,1795
103.8685,103.8794,22031,26780,Nyctalus leisleri,0.01,0.021,-1,Echolocation,/mnt/ubna_data_02_mir/recover-20220922/UBNA_001/20220921_090000.WAV,Telephone Field,recover-20220922,001,1795
103.8815,103.8909,28906,36513,Eptesicus serotinus,0.01,0.023,-1,Echolocation,/mnt/ubna_data_02_mir/recover-20220922/UBNA_001/20220921_090000.WAV,Telephone Field,recover-20220922,001,1795
103.8885,103.9237,68437,81329,Rhinolophus ferrumequinum,0.023,0.023,-1,Echolocation,/mnt/ubna_data_02_mir/recover-20220922/UBNA_001/20220921_090000.WAV,Telephone Field,recover-20220922,001,1795
103.89750000000001,103.9365,68437,82543,Rhinolophus ferrumequinum,0.027,0.027,-1,Echolocation,/mnt/ubna_data_02_mir/recover-20220922/UBNA_001/20220921_090000.WAV,Telephone Field,recover-20220922,001,1795
103.9145,103.9563,68437,82446,Rhinolophus ferrumequinum,0.024,0.024,-1,Echolocation,/mnt/ubna_data_02_mir/recover-20220922/UBNA_001/20220921_090000.WAV,Telephone Field,recover-20220922,001,1795
103.9515,103.9914,68437,82192,Rhinolophus ferrumequinum,0.022,0.022,-1,Echolocation,/mnt/ubna_data_02_mir/recover-20220922/UBNA_001/20220921_090000.WAV,Telephone Field,recover-20220922,001,1795
103.9575,103.9648,46953,51635,Pipistrellus pipistrellus,0.031,0.033,-1,Echolocation,/mnt/ubna_data_02_mir/recover-20220922/UBNA_001/20220921_090000.WAV,Telephone Field,recover-20220922,001,1795
104.0015,104.0099,26328,36606,Eptesicus serotinus,0.006,0.023,-1,Echolocation,/mnt/ubna_data_02_mir/recover-20220922/UBNA_001/20220921_090000.WAV,Telephone Field,recover-20220922,001,1795
104.0015,104.0336,68437,80187,Rhinolophus ferrumequinum,0.033,0.033,-1,Echolocation,/mnt/ubna_data_02_mir/recover-20220922/UBNA_001/20220921_090000.WAV,Telephone Field,recover-20220922,001,1795
104.0095,104.0534,68437,82821,Rhinolophus ferrumequinum,0.023,0.023,-1,Echolocation,/mnt/ubna_data_02_mir/recover-20220922/UBNA_001/20220921_090000.WAV,Telephone Field,recover-20220922,001,1795
104.0205,104.0273,23750,33059,Plecotus austriacus,0.022,0.043,-1,Echolocation,/mnt/ubna_data_02_mir/recover-20220922/UBNA_001/20220921_090000.WAV,Telephone Field,recover-20220922,001,1795
104.0245,104.0635,68437,81631,Rhinolophus ferrumequinum,0.021,0.021,-1,Echolocation,/mnt/ubna_data_02_mir/recover-20220922/UBNA_001/20220921_090000.WAV,Telephone Field,recover-20220922,001,1795
104.0665,104.1011,68437,80816,Rhinolophus ferrumequinum,0.021,0.021,-1,Echolocation,/mnt/ubna_data_02_mir/recover-20220922/UBNA_001/20220921_090000.WAV,Telephone Field,recover-20220922,001,1795
104.0745,104.08500000000001,24609,30315,Nyctalus leisleri,0.011,0.026,-1,Echolocation,/mnt/ubna_data_02_mir/recover-20220922/UBNA_001/20220921_090000.WAV,Telephone Field,recover-20220922,001,1795
104.0875,104.1016,35781,40312,Pipistrellus nathusii,0.023,0.042,-1,Echolocation,/mnt/ubna_data_02_mir/recover-20220922/UBNA_001/20220921_090000.WAV,Telephone Field,recover-20220922,001,1795
104.0875,104.1234,68437,81405,Rhinolophus ferrumequinum,0.021,0.021,-1,Echolocation,/mnt/ubna_data_02_mir/recover-20220922/UBNA_001/20220921_090000.WAV,Telephone Field,recover-20220922,001,1795
104.1065,104.116,43515,52307,Pipistrellus pipistrellus,0.015,0.025,-1,Echolocation,/mnt/ubna_data_02_mir/recover-20220922/UBNA_001/20220921_090000.WAV,Telephone Field,recover-20220922,001,1795
104.1365,104.1431,28906,42459,Myotis daubentonii,0.009,0.032,-1,Echolocation,/mnt/ubna_data_02_mir/recover-20220922/UBNA_001/20220921_090000.WAV,Telephone Field,recover-20220922,001,1795
104.1515,104.19239999999999,68437,82797,Rhinolophus ferrumequinum,0.024,0.024,-1,Echolocation,/mnt/ubna_data_02_mir/recover-20220922/UBNA_001/20220921_090000.WAV,Telephone Field,recover-20220922,001,1795
104.1585,104.1699,23750,30123,Nyctalus leisleri,0.013,0.03,-1,Echolocation,/mnt/ubna_data_02_mir/recover-20220922/UBNA_001/20220921_090000.WAV,Telephone Field,recover-20220922,001,1795
104.1635,104.2025,68437,82389,Rhinolophus ferrumequinum,0.021,0.021,-1,Echolocation,/mnt/ubna_data_02_mir/recover-20220922/UBNA_001/20220921_090000.WAV,Telephone Field,recover-20220922,001,1795
104.1725,104.1802,24609,32617,Plecotus austriacus,0.006,0.022,-1,Echolocation,/mnt/ubna_data_02_mir/recover-20220922/UBNA_001/20220921_090000.WAV,Telephone Field,recover-20220922,001,1795
104.1895,104.229,68437,82425,Rhinolophus ferrumequinum,0.028,0.028,-1,Echolocation,/mnt/ubna_data_02_mir/recover-20220922/UBNA_001/20220921_090000.WAV,Telephone Field,recover-20220922,001,1795
104.1905,104.1998,26328,34223,Eptesicus serotinus,0.01,0.024,-1,Echolocation,/mnt/ubna_data_02_mir/recover-20220922/UBNA_001/20220921_090000.WAV,Telephone Field,recover-20220922,001,1795
104.2125,104.2203,23750,31739,Plecotus austriacus,0.009,0.021,-1,Echolocation,/mnt/ubna_data_02_mir/recover-20220922/UBNA_001/20220921_090000.WAV,Telephone Field,recover-20220922,001,1795
104.2355,104.2791,68437,83433,Rhinolophus ferrumequinum,0.038,0.038,-1,Echolocation,/mnt/ubna_data_02_mir/recover-20220922/UBNA_001/20220921_090000.WAV,Telephone Field,recover-20220922,001,1795
104.2525,104.2626,23750,30694,Eptesicus serotinus,0.007,0.022,-1,Echolocation,/mnt/ubna_data_02_mir/recover-20220922/UBNA_001/20220921_090000.WAV,Telephone Field,recover-20220922,001,1795
104.2635,104.2713,28046,39956,Eptesicus serotinus,0.006,0.021,-1,Echolocation,/mnt/ubna_data_02_mir/recover-20220922/UBNA_001/20220921_090000.WAV,Telephone Field,recover-20220922,001,1795
104.2705,104.3089,68437,81169,Rhinolophus ferrumequinum,0.023,0.023,-1,Echolocation,/mnt/ubna_data_02_mir/recover-20220922/UBNA_001/20220921_090000.WAV,Telephone Field,recover-20220922,001,1795
104.2775,104.3148,68437,81348,Rhinolophus ferrumequinum,0.022,0.022,-1,Echolocation,/mnt/ubna_data_02_mir/recover-20220922/UBNA_001/20220921_090000.WAV,Telephone Field,recover-20220922,001,1795
104.3015,104.3414,68437,82007,Rhinolophus ferrumequinum,0.025,0.025,-1,Echolocation,/mnt/ubna_data_02_mir/recover-20220922/UBNA_001/20220921_090000.WAV,Telephone Field,recover-20220922,001,1795
104.35849999999999,104.39359999999999,68437,81387,Rhinolophus ferrumequinum,0.021,0.021,-1,Echolocation,/mnt/ubna_data_02_mir/recover-20220922/UBNA_001/20220921_090000.WAV,Telephone Field,recover-20220922,001,1795
104.4005,104.4431,68437,82710,Rhinolophus ferrumequinum,0.025,0.025,-1,Echolocation,/mnt/ubna_data_02_mir/recover-20220922/UBNA_001/20220921_090000.WAV,Telephone Field,recover-20220922,001,1795
104.4735,104.5151,68437,82396,Rhinolophus ferrumequinum,0.021,0.021,-1,Echolocation,/mnt/ubna_data_02_mir/recover-20220922/UBNA_001/20220921_090000.WAV,Telephone Field,recover-20220922,001,1795
104.4755,104.4829,28046,38529,Eptesicus serotinus,0.007,0.023,-1,Echolocation,/mnt/ubna_data_02_mir/recover-20220922/UBNA_001/20220921_090000.WAV,Telephone Field,recover-20220922,001,1795
104.5315,104.538,28046,39887,Eptesicus serotinus,0.008,0.027,-1,Echolocation,/mnt/ubna_data_02_mir/recover-20220922/UBNA_001/20220921_090000.WAV,Telephone Field,recover-20220922,001,1795
104.5375,104.5757,68437,81913,Rhinolophus ferrumequinum,0.02,0.021,-1,Echolocation,/mnt/ubna_data_02_mir/recover-20220922/UBNA_001/20220921_090000.WAV,Telephone Field,recover-20220922,001,1795
104.5505,104.5596,28046,37243,Eptesicus serotinus,0.009,0.024,-1,Echolocation,/mnt/ubna_data_02_mir/recover-20220922/UBNA_001/20220921_090000.WAV,Telephone Field,recover-20220922,001,1795
104.5575,104.5946,68437,81408,Rhinolophus ferrumequinum,0.021,0.021,-1,Echolocation,/mnt/ubna_data_02_mir/recover-20220922/UBNA_001/20220921_090000.WAV,Telephone Field,recover-20220922,001,1795
104.5845,104.6215,68437,81891,Rhinolophus ferrumequinum,0.021,0.021,-1,Echolocation,/mnt/ubna_data_02_mir/recover-20220922/UBNA_001/20220921_090000.WAV,Telephone Field,recover-20220922,001,1795
104.5995,104.6394,68437,82019,Rhinolophus ferrumequinum,0.022,0.022,-1,Echolocation,/mnt/ubna_data_02_mir/recover-20220922/UBNA_001/20220921_090000.WAV,Telephone Field,recover-20220922,001,1795
104.6065,104.6142,23750,33234,Plecotus austriacus,0.013,0.03,-1,Echolocation,/mnt/ubna_data_02_mir/recover-20220922/UBNA_001/20220921_090000.WAV,Telephone Field,recover-20220922,001,1795
104.6365,104.6782,68437,82556,Rhinolophus ferrumequinum,0.026,0.026,-1,Echolocation,/mnt/ubna_data_02_mir/recover-20220922/UBNA_001/20220921_090000.WAV,Telephone Field,recover-20220922,001,1795
104.6545,104.6662,23750,29365,Nyctalus leisleri,0.014,0.028,-1,Echolocation,/mnt/ubna_data_02_mir/recover-20220922/UBNA_001/20220921_090000.WAV,Telephone Field,recover-20220922,001,1795
104.6785,104.7163,68437,82078,Rhinolophus ferrumequinum,0.023,0.023,-1,Echolocation,/mnt/ubna_data_02_mir/recover-20220922/UBNA_001/20220921_090000.WAV,Telephone Field,recover-20220922,001,1795
104.6985,104.7093,28906,35790,Eptesicus serotinus,0.017,0.032,-1,Echolocation,/mnt/ubna_data_02_mir/recover-20220922/UBNA_001/20220921_090000.WAV,Telephone Field,recover-20220922,001,1795
104.7585,104.7981,68437,81895,Rhinolophus ferrumequinum,0.023,0.023,-1,Echolocation,/mnt/ubna_data_02_mir/recover-20220922/UBNA_001/20220921_090000.WAV,Telephone Field,recover-20220922,001,1795
104.7875,104.7955,28046,38422,Eptesicus serotinus,0.008,0.022,-1,Echolocation,/mnt/ubna_data_02_mir/recover-20220922/UBNA_001/20220921_090000.WAV,Telephone Field,recover-20220922,001,1795
104.8175,104.8557,68437,82376,Rhinolophus ferrumequinum,0.025,0.025,-1,Echolocation,/mnt/ubna_data_02_mir/recover-20220922/UBNA_001/20220921_090000.WAV,Telephone Field,recover-20220922,001,1795
104.8375,104.8488,22031,26147,Nyctalus leisleri,0.012,0.023,-1,Echolocation,/mnt/ubna_data_02_mir/recover-20220922/UBNA_001/20220921_090000.WAV,Telephone Field,recover-20220922,001,1795
104.85849999999999,104.894,68437,80779,Rhinolophus ferrumequinum,0.021,0.021,-1,Echolocation,/mnt/ubna_data_02_mir/recover-20220922/UBNA_001/20220921_090000.WAV,Telephone Field,recover-20220922,001,1795
104.8765,104.9138,68437,81496,Rhinolophus ferrumequinum,0.023,0.023,-1,Echolocation,/mnt/ubna_data_02_mir/recover-20220922/UBNA_001/20220921_090000.WAV,Telephone Field,recover-20220922,001,1795
104.8895,104.9,28046,35629,Eptesicus serotinus,0.01,0.022,-1,Echolocation,/mnt/ubna_data_02_mir/recover-20220922/UBNA_001/20220921_090000.WAV,Telephone Field,recover-20220922,001,1795
104.8985,104.9087,23750,29569,Nyctalus leisleri,0.009,0.021,-1,Echolocation,/mnt/ubna_data_02_mir/recover-20220922/UBNA_001/20220921_090000.WAV,Telephone Field,recover-20220922,001,1795
104.9445,104.9817,68437,82283,Rhinolophus ferrumequinum,0.022,0.022,-1,Echolocation,/mnt/ubna_data_02_mir/recover-20220922/UBNA_001/20220921_090000.WAV,Telephone Field,recover-20220922,001,1795
104.9685,105.0073,68437,81870,Rhinolophus ferrumequinum,0.024,0.024,-1,Echolocation,/mnt/ubna_data_02_mir/recover-20220922/UBNA_001/20220921_090000.WAV,Telephone Field,recover-20220922,001,1795
104.9845,104.9928,28906,37848,Eptesicus serotinus,0.007,0.021,-1,Echolocation,/mnt/ubna_data_02_mir/recover-20220922/UBNA_001/20220921_090000.WAV,Telephone Field,recover-20220922,001,1795
104.9945,105.0307,68437,81237,Rhinolophus ferrumequinum,0.021,0.021,-1,Echolocation,/mnt/ubna_data_02_mir/recover-20220922/UBNA_001/20220921_090000.WAV,Telephone Field,recover-20220922,001,1795
105.01050000000001,105.0204,22890,29041,Nyctalus leisleri,0.008,0.021,-1,Echolocation,/mnt/ubna_data_02_mir/recover-20220922/UBNA_001/20220921_090000.WAV,Telephone Field,recover-20220922,001,1795
105.0115,105.0494,68437,81623,Rhinolophus ferrumequinum,0.024,0.024,-1,Echolocation,/mnt/ubna_data_02_mir/recover-20220922/UBNA_001/20220921_090000.WAV,Telephone Field,recover-20220922,001,1795
105.0235,105.0615,68437,82094,Rhinolophus ferrumequinum,0.021,0.021,-1,Echolocation,/mnt/ubna_data_02_mir/recover-20220922/UBNA_001/20220921_090000.WAV,Telephone Field,recover-20220922,001,1795
105.0355,105.0763,68437,82821,Rhinolophus ferrumequinum,0.022,0.022,-1,Echolocation,/mnt/ubna_data_02_mir/recover-20220922/UBNA_001/20220921_090000.WAV,Telephone Field,recover-20220922,001,1795
105.0505,105.0589,46093,51320,Pipistrellus pipistrellus,0.019,0.021,-1,Echolocation,/mnt/ubna_data_02_mir/recover-20220922/UBNA_001/20220921_090000.WAV,Telephone Field,recover-20220922,001,1795
105.0685,105.1078,68437,82517,Rhinolophus ferrumequinum,0.021,0.021,-1,Echolocation,/mnt/ubna_data_02_mir/recover-20220922/UBNA_001/20220921_090000.WAV,Telephone Field,recover-20220922,001,1795
105.0935,105.1062,22031,25801,Nyctalus leisleri,0.017,0.03,-1,Echolocation,/mnt/ubna_data_02_mir/recover-20220922/UBNA_001/20220921_090000.WAV,Telephone Field,recover-20220922,001,1795
105.1175,105.1595,68437,82991,Rhinolophus ferrumequinum,0.024,0.024,-1,Echolocation,/mnt/ubna_data_02_mir/recover-20220922/UBNA_001/20220921_090000.WAV,Telephone Field,recover-20220922,001,1795
105.1705,105.1851,22890,26315,Nyctalus leisleri,0.029,0.047,-1,Echolocation,/mnt/ubna_data_02_mir/recover-20220922/UBNA_001/20220921_090000.WAV,Telephone Field,recover-20220922,001,1795
105.1915,105.233,68437,83033,Rhinolophus ferrumequinum,0.023,0.023,-1,Echolocation,/mnt/ubna_data_02_mir/recover-20220922/UBNA_001/20220921_090000.WAV,Telephone Field,recover-20220922,001,1795
105.2125,105.21979999999999,28906,37945,Eptesicus serotinus,0.007,0.024,-1,Echolocation,/mnt/ubna_data_02_mir/recover-20220922/UBNA_001/20220921_090000.WAV,Telephone Field,recover-20220922,001,1795
105.23949999999999,105.2484,28046,38853,Eptesicus serotinus,0.007,0.021,-1,Echolocation,/mnt/ubna_data_02_mir/recover-20220922/UBNA_001/20220921_090000.WAV,Telephone Field,recover-20220922,001,1795
105.3295,105.37,68437,82234,Rhinolophus ferrumequinum,0.023,0.023,-1,Echolocation,/mnt/ubna_data_02_mir/recover-20220922/UBNA_001/20220921_090000.WAV,Telephone Field,recover-20220922,001,1795
105.3345,105.3447,44375,48037,Pipistrellus pipistrellus,0.022,0.027,-1,Echolocation,/mnt/ubna_data_02_mir/recover-20220922/UBNA_001/20220921_090000.WAV,Telephone Field,recover-20220922,001,1795
105.3565,105.3926,68437,81034,Rhinolophus ferrumequinum,0.024,0.024,-1,Echolocation,/mnt/ubna_data_02_mir/recover-20220922/UBNA_001/20220921_090000.WAV,Telephone Field,recover-20220922,001,1795
105.3845,105.39320000000001,24609,34782,Plecotus austriacus,0.011,0.038,-1,Echolocation,/mnt/ubna_data_02_mir/recover-20220922/UBNA_001/20220921_090000.WAV,Telephone Field,recover-20220922,001,1795
105.3945,105.4051,23750,29590,Nyctalus leisleri,0.009,0.023,-1,Echolocation,/mnt/ubna_data_02_mir/recover-20220922/UBNA_001/20220921_090000.WAV,Telephone Field,recover-20220922,001,1795
105.4075,105.4476,68437,82485,Rhinolophus ferrumequinum,0.029,0.03,-1,Echolocation,/mnt/ubna_data_02_mir/recover-20220922/UBNA_001/20220921_090000.WAV,Telephone Field,recover-20220922,001,1795
105.4585,105.4679,28046,36758,Eptesicus serotinus,0.009,0.022,-1,Echolocation,/mnt/ubna_data_02_mir/recover-20220922/UBNA_001/20220921_090000.WAV,Telephone Field,recover-20220922,001,1795
105.4625,105.4985,68437,81649,Rhinolophus ferrumequinum,0.021,0.021,-1,Echolocation,/mnt/ubna_data_02_mir/recover-20220922/UBNA_001/20220921_090000.WAV,Telephone Field,recover-20220922,001,1795
105.48349999999999,105.4937,25468,33103,Eptesicus serotinus,0.01,0.022,-1,Echolocation,/mnt/ubna_data_02_mir/recover-20220922/UBNA_001/20220921_090000.WAV,Telephone Field,recover-20220922,001,1795
105.51050000000001,105.5216,44375,46821,Pipistrellus pipistrellus,0.029,0.032,-1,Echolocation,/mnt/ubna_data_02_mir/recover-20220922/UBNA_001/20220921_090000.WAV,Telephone Field,recover-20220922,001,1795
105.51650000000001,105.5269,23750,29879,Nyctalus leisleri,0.009,0.023,-1,Echolocation,/mnt/ubna_data_02_mir/recover-20220922/UBNA_001/20220921_090000.WAV,Telephone Field,recover-20220922,001,1795
105.5385,105.5776,68437,82084,Rhinolophus ferrumequinum,0.021,0.021,-1,Echolocation,/mnt/ubna_data_02_mir/recover-20220922/UBNA_001/20220921_090000.WAV,Telephone Field,recover-20220922,001,1795
105.6045,105.6122,26328,35147,Eptesicus serotinus,0.007,0.023,-1,Echolocation,/mnt/ubna_data_02_mir/recover-20220922/UBNA_001/20220921_090000.WAV,Telephone Field,recover-20220922,001,1795
105.6105,105.6482,68437,81685,Rhinolophus ferrumequinum,0.021,0.021,-1,Echolocation,/mnt/ubna_data_02_mir/recover-20220922/UBNA_001/20220921_090000.WAV,Telephone Field,recover-20220922,001,1795
105.6335,105.672,68437,82224,Rhinolophus ferrumequinum,0.024,0.024,-1,Echolocation,/mnt/ubna_data_02_mir/recover-20220922/UBNA_001/20220921_090000.WAV,Telephone Field,recover-20220922,001,1795
105.6385,105.6757,68437,82441,Rhinolophus ferrumequinum,0.024,0.024,-1,Echolocation,/mnt/ubna_data_02_mir/recover-20220922/UBNA_001/20220921_090000.WAV,Telephone Field,recover-20220922,001,1795
105.6385,105.6461,28046,39728,Eptesicus serotinus,0.007,0.021,-1,Echolocation,/mnt/ubna_data_02_mir/recover-20220922/UBNA_001/20220921_090000.WAV,Telephone Field,recover-20220922,001,1795
105.6955,105.7068,45234,51415,Pipistrellus pipistrellus,0.019,0.024,-1,Echolocation,/mnt/ubna_data_02_mir/recover-20220922/UBNA_001/20220921_090000.WAV,Telephone Field,recover-20220922,001,1795
105.6965,105.7045,23750,34032,Plecotus austriacus,0.011,0.027,-1,Echolocation,/mnt/ubna_data_02_mir/recover-20220922/UBNA_001/20220921_090000.WAV,Telephone Field,recover-20220922,001,1795
105.7175,105.76,68437,82896,Rhinolophus ferrumequinum,0.023,0.023,-1,Echolocation,/mnt/ubna_data_02_mir/recover-20220922/UBNA_001/20220921_090000.WAV,Telephone Field,recover-20220922,001,1795
105.7415,105.778,68437,81160,Rhinolophus ferrumequinum,0.021,0.021,-1,Echolocation,/mnt/ubna_data_02_mir/recover-20220922/UBNA_001/20220921_090000.WAV,Telephone Field,recover-20220922,001,1795
105.7505,105.7644,27187,32882,Eptesicus serotinus,0.04,0.068,-1,Echolocation,/mnt/ubna_data_02_mir/recover-20220922/UBNA_001/20220921_090000.WAV,Telephone Field,recover-20220922,001,1795
105.8025,105.8409,68437,81855,Rhinolophus ferrumequinum,0.021,0.021,-1,Echolocation,/mnt/ubna_data_02_mir/recover-20220922/UBNA_001/20220921_090000.WAV,Telephone Field,recover-20220922,001,1795
105.8095,105.8176,27187,39942,Eptesicus serotinus,0.008,0.022,-1,Echolocation,/mnt/ubna_data_02_mir/recover-20220922/UBNA_001/20220921_090000.WAV,Telephone Field,recover-20220922,001,1795
105.8435,105.8523,25468,34134,Eptesicus serotinus,0.01,0.023,-1,Echolocation,/mnt/ubna_data_02_mir/recover-20220922/UBNA_001/20220921_090000.WAV,Telephone Field,recover-20220922,001,1795
105.8515,105.8594,23750,31502,Plecotus austriacus,0.006,0.022,-1,Echolocation,/mnt/ubna_data_02_mir/recover-20220922/UBNA_001/20220921_090000.WAV,Telephone Field,recover-20220922,001,1795
105.8935,105.9319,68437,81562,Rhinolophus ferrumequinum,0.022,0.022,-1,Echolocation,/mnt/ubna_data_02_mir/recover-20220922/UBNA_001/20220921_090000.WAV,Telephone Field,recover-20220922,001,1795
105.9515,105.9592,28046,39602,Eptesicus serotinus,0.007,0.022,-1,Echolocation,/mnt/ubna_data_02_mir/recover-20220922/UBNA_001/20220921_090000.WAV,Telephone Field,recover-20220922,001,1795
105.9825,105.9906,28046,38789,Eptesicus serotinus,0.006,0.021,-1,Echolocation,/mnt/ubna_data_02_mir/recover-20220922/UBNA_001/20220921_090000.WAV,Telephone Field,recover-20220922,001,1795
106.0015,106.0107,22031,27712,Nyctalus leisleri,0.011,0.025,-1,Echolocation,/mnt/ubna_data_02_mir/recover-20220922/UBNA_001/20220921_090000.WAV,Telephone Field,recover-20220922,001,1795
106.0015,106.036,68437,80398,Rhinolophus ferrumequinum,0.035,0.035,-1,Echolocation,/mnt/ubna_data_02_mir/recover-20220922/UBNA_001/20220921_090000.WAV,Telephone Field,recover-20220922,001,1795
106.0085,106.054,68437,83181,Rhinolophus ferrumequinum,0.04,0.04,-1,Echolocation,/mnt/ubna_data_02_mir/recover-20220922/UBNA_001/20220921_090000.WAV,Telephone Field,recover-20220922,001,1795
106.0175,106.0282,22031,27438,Nyctalus leisleri,0.011,0.023,-1,Echolocation,/mnt/ubna_data_02_mir/recover-20220922/UBNA_001/20220921_090000.WAV,Telephone Field,recover-20220922,001,1795
106.0395,106.05160000000001,28906,34357,Eptesicus serotinus,0.016,0.029,-1,Echolocation,/mnt/ubna_data_02_mir/recover-20220922/UBNA_001/20220921_090000.WAV,Telephone Field,recover-20220922,001,1795
106.0515,106.0917,68437,82658,Rhinolophus ferrumequinum,0.024,0.024,-1,Echolocation,/mnt/ubna_data_02_mir/recover-20220922/UBNA_001/20220921_090000.WAV,Telephone Field,recover-20220922,001,1795
106.1035,106.1434,68437,82122,Rhinolophus ferrumequinum,0.04,0.04,-1,Echolocation,/mnt/ubna_data_02_mir/recover-20220922/UBNA_001/20220921_090000.WAV,Telephone Field,recover-20220922,001,1795
106.1285,106.1657,68437,81808,Rhinolophus ferrumequinum,0.023,0.024,-1,Echolocation,/mnt/ubna_data_02_mir/recover-20220922/UBNA_001/20220921_090000.WAV,Telephone Field,recover-20220922,001,1795
106.1435,106.1803,68437,82018,Rhinolophus ferrumequinum,0.023,0.023,-1,Echolocation,/mnt/ubna_data_02_mir/recover-20220922/UBNA_001/20220921_090000.WAV,Telephone Field,recover-20220922,001,1795
106.1675,106.20439999999999,68437,81595,Rhinolophus ferrumequinum,0.022,0.022,-1,Echolocation,/mnt/ubna_data_02_mir/recover-20220922/UBNA_001/20220921_090000.WAV,Telephone Field,recover-20220922,001,1795
106.1825,106.1902,28906,39412,Eptesicus serotinus,0.007,0.023,-1,Echolocation,/mnt/ubna_data_02_mir/recover-20220922/UBNA_001/20220921_090000.WAV,Telephone Field,recover-20220922,001,1795
106.22149999999999,106.2617,68437,82338,Rhinolophus ferrumequinum,0.034,0.034,-1,Echolocation,/mnt/ubna_data_02_mir/recover-20220922/UBNA_001/20220921_090000.WAV,Telephone Field,recover-20220922,001,1795
106.2305,106.2699,68437,82238,Rhinolophus ferrumequinum,0.022,0.022,-1,Echolocation,/mnt/ubna_data_02_mir/recover-20220922/UBNA_001/20220921_090000.WAV,Telephone Field,recover-20220922,001,1795
106.25450000000001,106.2887,68437,81051,Rhinolophus ferrumequinum,0.023,0.023,-1,Echolocation,/mnt/ubna_data_02_mir/recover-20220922/UBNA_001/20220921_090000.WAV,Telephone Field,recover-20220922,001,1795
106.2565,106.2664,25468,32683,Eptesicus serotinus,0.038,0.086,-1,Echolocation,/mnt/ubna_data_02_mir/recover-20220922/UBNA_001/20220921_090000.WAV,Telephone Field,recover-20220922,001,1795
106.2655,106.3017,68437,81561,Rhinolophus ferrumequinum,0.022,0.022,-1,Echolocation,/mnt/ubna_data_02_mir/recover-20220922/UBNA_001/20220921_090000.WAV,Telephone Field,recover-20220922,001,1795
106.2855,106.2938,28046,38289,Eptesicus serotinus,0.008,0.023,-1,Echolocation,/mnt/ubna_data_02_mir/recover-20220922/UBNA_001/20220921_090000.WAV,Telephone Field,recover-20220922,001,1795
106.2865,106.3231,68437,81838,Rhinolophus ferrumequinum,0.025,0.026,-1,Echolocation,/mnt/ubna_data_02_mir/recover-20220922/UBNA_001/20220921_090000.WAV,Telephone Field,recover-20220922,001,1795
106.2925,106.3017,22890,30046,Plecotus austriacus,0.01,0.027,-1,Echolocation,/mnt/ubna_data_02_mir/recover-20220922/UBNA_001/20220921_090000.WAV,Telephone Field,recover-20220922,001,1795
106.3135,106.3511,68437,82240,Rhinolophus ferrumequinum,0.022,0.022,-1,Echolocation,/mnt/ubna_data_02_mir/recover-20220922/UBNA_001/20220921_090000.WAV,Telephone Field,recover-20220922,001,1795
106.3245,106.33070000000001,24609,34904,Plecotus austriacus,0.012,0.029,-1,Echolocation,/mnt/ubna_data_02_mir/recover-20220922/UBNA_001/20220921_090000.WAV,Telephone Field,recover-20220922,001,1795
106.3455,106.358,23750,29178,Nyctalus leisleri,0.011,0.025,-1,Echolocation,/mnt/ubna_data_02_mir/recover-20220922/UBNA_001/20220921_090000.WAV,Telephone Field,recover-20220922,001,1795
106.3475,106.3837,68437,81166,Rhinolophus ferrumequinum,0.028,0.028,-1,Echolocation,/mnt/ubna_data_02_mir/recover-20220922/UBNA_001/20220921_090000.WAV,Telephone Field,recover-20220922,001,1795
106.37049999999999,106.4037,68437,81098,Rhinolophus ferrumequinum,0.022,0.022,-1,Echolocation,/mnt/ubna_data_02_mir/recover-20220922/UBNA_001/20220921_090000.WAV,Telephone Field,recover-20220922,001,1795
106.4135,106.4493,68437,81292,Rhinolophus ferrumequinum,0.022,0.022,-1,Echolocation,/mnt/ubna_data_02_mir/recover-20220922/UBNA_001/20220921_090000.WAV,Telephone Field,recover-20220922,001,1795
106.4345,106.4793,68437,83659,Rhinolophus ferrumequinum,0.026,0.027,-1,Echolocation,/mnt/ubna_data_02_mir/recover-20220922/UBNA_001/20220921_090000.WAV,Telephone Field,recover-20220922,001,1795
106.4525,106.4902,68437,82039,Rhinolophus ferrumequinum,0.022,0.022,-1,Echolocation,/mnt/ubna_data_02_mir/recover-20220922/UBNA_001/20220921_090000.WAV,Telephone Field,recover-20220922,001,1795
106.4675,106.5034,68437,80984,Rhinolophus ferrumequinum,0.022,0.022,-1,Echolocation,/mnt/ubna_data_02_mir/recover-20220922/UBNA_001/20220921_090000.WAV,Telephone Field,recover-20220922,001,1795
106.5035,106.54390000000001,68437,83019,Rhinolophus ferrumequinum,0.031,0.031,-1,Echolocation,/mnt/ubna_data_02_mir/recover-20220922/UBNA_001/20220921_090000.WAV,Telephone Field,recover-20220922,001,1795
106.52250000000001,106.5331,23750,29931,Nyctalus leisleri,0.009,0.023,-1,Echolocation,/mnt/ubna_data_02_mir/recover-20220922/UBNA_001/20220921_090000.WAV,Telephone Field,recover-20220922,001,1795
106.52250000000001,106.5678,68437,83346,Rhinolophus ferrumequinum,0.035,0.035,-1,Echolocation,/mnt/ubna_data_02_mir/recover-20220922/UBNA_001/20220921_090000.WAV,Telephone Field,recover-20220922,001,1795
106.5655,106.6053,68437,82051,Rhinolophus ferrumequinum,0.022,0.022,-1,Echolocation,/mnt/ubna_data_02_mir/recover-20220922/UBNA_001/20220921_090000.WAV,Telephone Field,recover-20220922,001,1795
106.6345,106.6692,68437,81809,Rhinolophus ferrumequinum,0.022,0.022,-1,Echolocation,/mnt/ubna_data_02_mir/recover-20220922/UBNA_001/20220921_090000.WAV,Telephone Field,recover-20220922,001,1795
106.6495,106.6902,68437,82361,Rhinolophus ferrumequinum,0.026,0.026,-1,Echolocation,/mnt/ubna_data_02_mir/recover-20220922/UBNA_001/20220921_090000.WAV,Telephone Field,recover-20220922,001,1795
106.65350000000001,106.6628,27187,35487,Eptesicus serotinus,0.012,0.026,-1,Echolocation,/mnt/ubna_data_02_mir/recover-20220922/UBNA_001/20220921_090000.WAV,Telephone Field,recover-20220922,001,1795
106.6945,106.7027,28906,39517,Eptesicus serotinus,0.008,0.023,-1,Echolocation,/mnt/ubna_data_02_mir/recover-20220922/UBNA_001/20220921_090000.WAV,Telephone Field,recover-20220922,001,1795
106.72149999999999,106.7635,68437,83294,Rhinolophus ferrumequinum,0.028,0.028,-1,Echolocation,/mnt/ubna_data_02_mir/recover-20220922/UBNA_001/20220921_090000.WAV,Telephone Field,recover-20220922,001,1795
106.7345,106.7413,54687,60642,Pipistrellus pygmaeus,0.021,0.022,-1,Echolocation,/mnt/ubna_data_02_mir/recover-20220922/UBNA_001/20220921_090000.WAV,Telephone Field,recover-20220922,001,1795
106.7775,106.78790000000001,28906,35715,Eptesicus serotinus,0.014,0.029,-1,Echolocation,/mnt/ubna_data_02_mir/recover-20220922/UBNA_001/20220921_090000.WAV,Telephone Field,recover-20220922,001,1795
106.82849999999999,106.8418,29765,35178,Eptesicus serotinus,0.017,0.03,-1,Echolocation,/mnt/ubna_data_02_mir/recover-20220922/UBNA_001/20220921_090000.WAV,Telephone Field,recover-20220922,001,1795
106.8495,106.8934,68437,82989,Rhinolophus ferrumequinum,0.051,0.051,-1,Echolocation,/mnt/ubna_data_02_mir/recover-20220922/UBNA_001/20220921_090000.WAV,Telephone Field,recover-20220922,001,1795
106.9105,106.9477,68437,81364,Rhinolophus ferrumequinum,0.025,0.025,-1,Echolocation,/mnt/ubna_data_02_mir/recover-20220922/UBNA_001/20220921_090000.WAV,Telephone Field,recover-20220922,001,1795
106.9195,106.9289,27187,36092,Eptesicus serotinus,0.011,0.025,-1,Echolocation,/mnt/ubna_data_02_mir/recover-20220922/UBNA_001/20220921_090000.WAV,Telephone Field,recover-20220922,001,1795
106.9345,106.94630000000001,22890,27560,Nyctalus leisleri,0.012,0.023,-1,Echolocation,/mnt/ubna_data_02_mir/recover-20220922/UBNA_001/20220921_090000.WAV,Telephone Field,recover-20220922,001,1795
106.9355,106.975,68437,82313,Rhinolophus ferrumequinum,0.022,0.022,-1,Echolocation,/mnt/ubna_data_02_mir/recover-20220922/UBNA_001/20220921_090000.WAV,Telephone Field,recover-20220922,001,1795
106.9735,107.0119,68437,82229,Rhinolophus ferrumequinum,0.029,0.029,-1,Echolocation,/mnt/ubna_data_02_mir/recover-20220922/UBNA_001/20220921_090000.WAV,Telephone Field,recover-20220922,001,1795
107.0215,107.0572,68437,81660,Rhinolophus ferrumequinum,0.022,0.022,-1,Echolocation,/mnt/ubna_data_02_mir/recover-20220922/UBNA_001/20220921_090000.WAV,Telephone Field,recover-20220922,001,1795
107.0275,107.0641,68437,81600,Rhinolophus ferrumequinum,0.022,0.022,-1,Echolocation,/mnt/ubna_data_02_mir/recover-20220922/UBNA_001/20220921_090000.WAV,Telephone Field,recover-20220922,001,1795
107.0365,107.044,28046,40900,Eptesicus serotinus,0.007,0.023,-1,Echolocation,/mnt/ubna_data_02_mir/recover-20220922/UBNA_001/20220921_090000.WAV,Telephone Field,recover-20220922,001,1795
107.0365,107.0771,68437,82124,Rhinolophus ferrumequinum,0.023,0.023,-1,Echolocation,/mnt/ubna_data_02_mir/recover-20220922/UBNA_001/20220921_090000.WAV,Telephone Field,recover-20220922,001,1795
107.1445,107.1878,68437,82988,Rhinolophus ferrumequinum,0.049,0.05,-1,Echolocation,/mnt/ubna_data_02_mir/recover-20220922/UBNA_001/20220921_090000.WAV,Telephone Field,recover-20220922,001,1795
107.1815,107.221,68437,82318,Rhinolophus ferrumequinum,0.024,0.024,-1,Echolocation,/mnt/ubna_data_02_mir/recover-20220922/UBNA_001/20220921_090000.WAV,Telephone Field,recover-20220922,001,1795
107.1985,107.23400000000001,68437,81623,Rhinolophus ferrumequinum,0.022,0.022,-1,Echolocation,/mnt/ubna_data_02_mir/recover-20220922/UBNA_001/20220921_090000.WAV,Telephone Field,recover-20220922,001,1795
107.2235,107.2647,68437,82047,Rhinolophus ferrumequinum,0.023,0.023,-1,Echolocation,/mnt/ubna_data_02_mir/recover-20220922/UBNA_001/20220921_090000.WAV,Telephone Field,recover-20220922,001,1795
107.2625,107.2694,48671,52689,Pipistrellus pipistrellus,0.044,0.045,-1,Echolocation,/mnt/ubna_data_02_mir/recover-20220922/UBNA_001/20220921_090000.WAV,Telephone Field,recover-20220922,001,1795
107.2625,107.2706,28906,42920,Eptesicus serotinus,0.007,0.023,-1,Echolocation,/mnt/ubna_data_02_mir/recover-20220922/UBNA_001/20220921_090000.WAV,Telephone Field,recover-20220922,001,1795
107.2805,107.3178,68437,81558,Rhinolophus ferrumequinum,0.022,0.022,-1,Echolocation,/mnt/ubna_data_02_mir/recover-20220922/UBNA_001/20220921_090000.WAV,Telephone Field,recover-20220922,001,1795
107.3115,107.3499,68437,82324,Rhinolophus ferrumequinum,0.025,0.025,-1,Echolocation,/mnt/ubna_data_02_mir/recover-20220922/UBNA_001/20220921_090000.WAV,Telephone Field,recover-20220922,001,1795
107.3245,107.3338,23750,30568,Nyctalus leisleri,0.007,0.022,-1,Echolocation,/mnt/ubna_data_02_mir/recover-20220922/UBNA_001/20220921_090000.WAV,Telephone Field,recover-20220922,001,1795
107.3365,107.3757,68437,81836,Rhinolophus ferrumequinum,0.024,0.024,-1,Echolocation,/mnt/ubna_data_02_mir/recover-20220922/UBNA_001/20220921_090000.WAV,Telephone Field,recover-20220922,001,1795
107.3805,107.3884,28906,39376,Eptesicus serotinus,0.015,0.035,-1,Echolocation,/mnt/ubna_data_02_mir/recover-20220922/UBNA_001/20220921_090000.WAV,Telephone Field,recover-20220922,001,1795
107.3895,107.4306,68437,82610,Rhinolophus ferrumequinum,0.028,0.028,-1,Echolocation,/mnt/ubna_data_02_mir/recover-20220922/UBNA_001/20220921_090000.WAV,Telephone Field,recover-20220922,001,1795
107.4315,107.4691,68437,81667,Rhinolophus ferrumequinum,0.028,0.028,-1,Echolocation,/mnt/ubna_data_02_mir/recover-20220922/UBNA_001/20220921_090000.WAV,Telephone Field,recover-20220922,001,1795
107.4345,107.4456,46093,50352,Pipistrellus pipistrellus,0.021,0.024,-1,Echolocation,/mnt/ubna_data_02_mir/recover-20220922/UBNA_001/20220921_090000.WAV,Telephone Field,recover-20220922,001,1795
107.4385,107.4743,68437,81364,Rhinolophus ferrumequinum,0.025,0.025,-1,Echolocation,/mnt/ubna_data_02_mir/recover-20220922/UBNA_001/20220921_090000.WAV,Telephone Field,recover-20220922,001,1795
107.45349999999999,107.4889,68437,81852,Rhinolophus ferrumequinum,0.025,0.025,-1,Echolocation,/mnt/ubna_data_02_mir/recover-20220922/UBNA_001/20220921_090000.WAV,Telephone Field,recover-20220922,001,1795
107.4555,107.463,28046,39195,Eptesicus serotinus,0.007,0.022,-1,Echolocation,/mnt/ubna_data_02_mir/recover-20220922/UBNA_001/20220921_090000.WAV,Telephone Field,recover-20220922,001,1795
107.4645,107.5044,68437,81925,Rhinolophus ferrumequinum,0.024,0.024,-1,Echolocation,/mnt/ubna_data_02_mir/recover-20220922/UBNA_001/20220921_090000.WAV,Telephone Field,recover-20220922,001,1795
107.5215,107.5312,28906,37617,Eptesicus serotinus,0.011,0.027,-1,Echolocation,/mnt/ubna_data_02_mir/recover-20220922/UBNA_001/20220921_090000.WAV,Telephone Field,recover-20220922,001,1795
107.5365,107.5508,23750,29164,Nyctalus leisleri,0.029,0.062,-1,Echolocation,/mnt/ubna_data_02_mir/recover-20220922/UBNA_001/20220921_090000.WAV,Telephone Field,recover-20220922,001,1795
107.54050000000001,107.57849999999999,68437,82274,Rhinolophus ferrumequinum,0.037,0.037,-1,Echolocation,/mnt/ubna_data_02_mir/recover-20220922/UBNA_001/20220921_090000.WAV,Telephone Field,recover-20220922,001,1795
107.5495,107.5873,68437,81195,Rhinolophus ferrumequinum,0.022,0.022,-1,Echolocation,/mnt/ubna_data_02_mir/recover-20220922/UBNA_001/20220921_090000.WAV,Telephone Field,recover-20220922,001,1795
107.5635,107.5767,32343,36839,Eptesicus serotinus,0.009,0.031,-1,Echolocation,/mnt/ubna_data_02_mir/recover-20220922/UBNA_001/20220921_090000.WAV,Telephone Field,recover-20220922,001,1795
107.5735,107.6091,68437,81398,Rhinolophus ferrumequinum,0.025,0.025,-1,Echolocation,/mnt/ubna_data_02_mir/recover-20220922/UBNA_001/20220921_090000.WAV,Telephone Field,recover-20220922,001,1795
107.5755,107.5848,26328,34388,Eptesicus serotinus,0.011,0.032,-1,Echolocation,/mnt/ubna_data_02_mir/recover-20220922/UBNA_001/20220921_090000.WAV,Telephone Field,recover-20220922,001,1795
107.5945,107.6073,24609,29209,Nyctalus leisleri,0.014,0.024,-1,Echolocation,/mnt/ubna_data_02_mir/recover-20220922/UBNA_001/20220921_090000.WAV,Telephone Field,recover-20220922,001,1795
107.6035,107.6112,47812,52025,Pipistrellus pipistrellus,0.024,0.025,-1,Echolocation,/mnt/ubna_data_02_mir/recover-20220922/UBNA_001/20220921_090000.WAV,Telephone Field,recover-20220922,001,1795
107.6045,107.6132,28046,38007,Eptesicus serotinus,0.008,0.023,-1,Echolocation,/mnt/ubna_data_02_mir/recover-20220922/UBNA_001/20220921_090000.WAV,Telephone Field,recover-20220922,001,1795
107.6115,107.6474,68437,81600,Rhinolophus ferrumequinum,0.022,0.022,-1,Echolocation,/mnt/ubna_data_02_mir/recover-20220922/UBNA_001/20220921_090000.WAV,Telephone Field,recover-20220922,001,1795
107.6285,107.67,68437,82804,Rhinolophus ferrumequinum,0.024,0.024,-1,Echolocation,/mnt/ubna_data_02_mir/recover-20220922/UBNA_001/20220921_090000.WAV,Telephone Field,recover-20220922,001,1795
107.6395,107.6793,68437,82671,Rhinolophus ferrumequinum,0.025,0.025,-1,Echolocation,/mnt/ubna_data_02_mir/recover-20220922/UBNA_001/20220921_090000.WAV,Telephone Field,recover-20220922,001,1795
107.6485,107.6876,68437,81419,Rhinolophus ferrumequinum,0.024,0.024,-1,Echolocation,/mnt/ubna_data_02_mir/recover-20220922/UBNA_001/20220921_090000.WAV,Telephone Field,recover-20220922,001,1795
107.6735,107.6934,19453,22460,Nyctalus leisleri,0.017,0.035,-1,Echolocation,/mnt/ubna_data_02_mir/recover-20220922/UBNA_001/20220921_090000.WAV,Telephone Field,recover-20220922,001,1795
107.6765,107.712,68437,82110,Rhinolophus ferrumequinum,0.022,0.022,-1,Echolocation,/mnt/ubna_data_02_mir/recover-20220922/UBNA_001/20220921_090000.WAV,Telephone Field,recover-20220922,001,1795
107.6875,107.69409999999999,23750,34140,Plecotus austriacus,0.016,0.033,-1,Echolocation,/mnt/ubna_data_02_mir/recover-20220922/UBNA_001/20220921_090000.WAV,Telephone Field,recover-20220922,001,1795
107.6885,107.699,46953,50812,Pipistrellus pipistrellus,0.02,0.022,-1,Echolocation,/mnt/ubna_data_02_mir/recover-20220922/UBNA_001/20220921_090000.WAV,Telephone Field,recover-20220922,001,1795
107.7205,107.7306,22890,29060,Nyctalus leisleri,0.009,0.024,-1,Echolocation,/mnt/ubna_data_02_mir/recover-20220922/UBNA_001/20220921_090000.WAV,Telephone Field,recover-20220922,001,1795
107.7305,107.7403,28906,36595,Eptesicus serotinus,0.012,0.027,-1,Echolocation,/mnt/ubna_data_02_mir/recover-20220922/UBNA_001/20220921_090000.WAV,Telephone Field,recover-20220922,001,1795
107.7585,107.7948,68437,81751,Rhinolophus ferrumequinum,0.023,0.023,-1,Echolocation,/mnt/ubna_data_02_mir/recover-20220922/UBNA_001/20220921_090000.WAV,Telephone Field,recover-20220922,001,1795
107.7705,107.781,28906,35342,Eptesicus serotinus,0.012,0.024,-1,Echolocation,/mnt/ubna_data_02_mir/recover-20220922/UBNA_001/20220921_090000.WAV,Telephone Field,recover-20220922,001,1795
107.7755,107.7856,22890,28376,Nyctalus leisleri,0.01,0.022,-1,Echolocation,/mnt/ubna_data_02_mir/recover-20220922/UBNA_001/20220921_090000.WAV,Telephone Field,recover-20220922,001,1795
107.7835,107.8212,68437,81515,Rhinolophus ferrumequinum,0.035,0.035,-1,Echolocation,/mnt/ubna_data_02_mir/recover-20220922/UBNA_001/20220921_090000.WAV,Telephone Field,recover-20220922,001,1795
107.7995,107.8363,68437,82002,Rhinolophus ferrumequinum,0.021,0.022,-1,Echolocation,/mnt/ubna_data_02_mir/recover-20220922/UBNA_001/20220921_090000.WAV,Telephone Field,recover-20220922,001,1795
107.8085,107.84479999999999,68437,81343,Rhinolophus ferrumequinum,0.022,0.022,-1,Echolocation,/mnt/ubna_data_02_mir/recover-20220922/UBNA_001/20220921_090000.WAV,Telephone Field,recover-20220922,001,1795
107.8445,107.88210000000001,68437,81960,Rhinolophus ferrumequinum,0.021,0.021,-1,Echolocation,/mnt/ubna_data_02_mir/recover-20220922/UBNA_001/20220921_090000.WAV,Telephone Field,recover-20220922,001,1795
107.8635,107.8989,68437,81343,Rhinolophus ferrumequinum,0.022,0.022,-1,Echolocation,/mnt/ubna_data_02_mir/recover-20220922/UBNA_001/20220921_090000.WAV,Telephone Field,recover-20220922,001,1795
107.87049999999999,107.908,68437,81707,Rhinolophus ferrumequinum,0.022,0.022,-1,Echolocation,/mnt/ubna_data_02_mir/recover-20220922/UBNA_001/20220921_090000.WAV,Telephone Field,recover-20220922,001,1795
107.9145,107.94630000000001,68437,80728,Rhinolophus ferrumequinum,0.022,0.022,-1,Echolocation,/mnt/ubna_data_02_mir/recover-20220922/UBNA_001/20220921_090000.WAV,Telephone Field,recover-20220922,001,1795
107.9235,107.9314,28906,38725,Eptesicus serotinus,0.009,0.027,-1,Echolocation,/mnt/ubna_data_02_mir/recover-20220922/UBNA_001/20220921_090000.WAV,Telephone Field,recover-20220922,001,1795
107.9245,107.9605,68437,81221,Rhinolophus ferrumequinum,0.03,0.03,-1,Echolocation,/mnt/ubna_data_02_mir/recover-20220922/UBNA_001/20220921_090000.WAV,Telephone Field,recover-20220922,001,1795
107.9255,107.9336,45234,51443,Pipistrellus pipistrellus,0.025,0.026,-1,Echolocation,/mnt/ubna_data_02_mir/recover-20220922/UBNA_001/20220921_090000.WAV,Telephone Field,recover-20220922,001,1795
107.9495,107.9626,23750,28468,Nyctalus leisleri,0.011,0.022,-1,Echolocation,/mnt/ubna_data_02_mir/recover-20220922/UBNA_001/20220921_090000.WAV,Telephone Field,recover-20220922,001,1795
107.9605,107.9788,19453,22326,Nyctalus leisleri,0.014,0.025,-1,Echolocation,/mnt/ubna_data_02_mir/recover-20220922/UBNA_001/20220921_090000.WAV,Telephone Field,recover-20220922,001,1795
107.9675,107.9858,19453,22297,Nyctalus leisleri,0.011,0.022,-1,Echolocation,/mnt/ubna_data_02_mir/recover-20220922/UBNA_001/20220921_090000.WAV,Telephone Field,recover-20220922,001,1795
108.0015,108.0095,26328,34940,Nyctalus leisleri,0.009,0.031,-1,Echolocation,/mnt/ubna_data_02_mir/recover-20220922/UBNA_001/20220921_090000.WAV,Telephone Field,recover-20220922,001,1795
108.0015,108.0338,68437,79362,Rhinolophus ferrumequinum,0.042,0.043,-1,Echolocation,/mnt/ubna_data_02_mir/recover-20220922/UBNA_001/20220921_090000.WAV,Telephone Field,recover-20220922,001,1795
108.0015,108.01089999999999,47812,53495,Pipistrellus pipistrellus,0.029,0.038,-1,Echolocation,/mnt/ubna_data_02_mir/recover-20220922/UBNA_001/20220921_090000.WAV,Telephone Field,recover-20220922,001,1795
108.0625,108.1036,68437,82520,Rhinolophus ferrumequinum,0.022,0.022,-1,Echolocation,/mnt/ubna_data_02_mir/recover-20220922/UBNA_001/20220921_090000.WAV,Telephone Field,recover-20220922,001,1795
108.0685,108.0813,22890,27407,Nyctalus leisleri,0.015,0.027,-1,Echolocation,/mnt/ubna_data_02_mir/recover-20220922/UBNA_001/20220921_090000.WAV,Telephone Field,recover-20220922,001,1795
108.0765,108.0844,28906,40129,Eptesicus serotinus,0.007,0.024,-1,Echolocation,/mnt/ubna_data_02_mir/recover-20220922/UBNA_001/20220921_090000.WAV,Telephone Field,recover-20220922,001,1795
108.0985,108.1362,68437,81386,Rhinolophus ferrumequinum,0.026,0.026,-1,Echolocation,/mnt/ubna_data_02_mir/recover-20220922/UBNA_001/20220921_090000.WAV,Telephone Field,recover-20220922,001,1795
108.1045,108.11019999999999,26328,38176,Plecotus austriacus,0.012,0.035,-1,Echolocation,/mnt/ubna_data_02_mir/recover-20220922/UBNA_001/20220921_090000.WAV,Telephone Field,recover-20220922,001,1795
108.1275,108.1383,23750,29010,Nyctalus leisleri,0.01,0.021,-1,Echolocation,/mnt/ubna_data_02_mir/recover-20220922/UBNA_001/20220921_090000.WAV,Telephone Field,recover-20220922,001,1795
108.1735,108.2098,68437,81533,Rhinolophus ferrumequinum,0.025,0.025,-1,Echolocation,/mnt/ubna_data_02_mir/recover-20220922/UBNA_001/20220921_090000.WAV,Telephone Field,recover-20220922,001,1795
108.1755,108.1835,27187,39292,Eptesicus serotinus,0.007,0.023,-1,Echolocation,/mnt/ubna_data_02_mir/recover-20220922/UBNA_001/20220921_090000.WAV,Telephone Field,recover-20220922,001,1795
108.2055,108.2136,28906,40355,Eptesicus serotinus,0.009,0.027,-1,Echolocation,/mnt/ubna_data_02_mir/recover-20220922/UBNA_001/20220921_090000.WAV,Telephone Field,recover-20220922,001,1795
108.2375,108.2457,28906,38297,Eptesicus serotinus,0.007,0.025,-1,Echolocation,/mnt/ubna_data_02_mir/recover-20220922/UBNA_001/20220921_090000.WAV,Telephone Field,recover-20220922,001,1795
108.2565,108.3017,68437,83241,Rhinolophus ferrumequinum,0.052,0.053,-1,Echolocation,/mnt/ubna_data_02_mir/recover-20220922/UBNA_001/20220921_090000.WAV,Telephone Field,recover-20220922,001,1795
108.33449999999999,108.3689,68437,80837,Rhinolophus ferrumequinum,0.021,0.021,-1,Echolocation,/mnt/ubna_data_02_mir/recover-20220922/UBNA_001/20220921_090000.WAV,Telephone Field,recover-20220922,001,1795
108.3495,108.3886,68437,81671,Rhinolophus ferrumequinum,0.021,0.021,-1,Echolocation,/mnt/ubna_data_02_mir/recover-20220922/UBNA_001/20220921_090000.WAV,Telephone Field,recover-20220922,001,1795
108.3695,108.4123,68437,82253,Rhinolophus ferrumequinum,0.025,0.025,-1,Echolocation,/mnt/ubna_data_02_mir/recover-20220922/UBNA_001/20220921_090000.WAV,Telephone Field,recover-20220922,001,1795
108.3715,108.3798,28906,36794,Eptesicus serotinus,0.009,0.022,-1,Echolocation,/mnt/ubna_data_02_mir/recover-20220922/UBNA_001/20220921_090000.WAV,Telephone Field,recover-20220922,001,1795
108.3805,108.3894,46953,57465,Pipistrellus pipistrellus,0.016,0.024,-1,Echolocation,/mnt/ubna_data_02_mir/recover-20220922/UBNA_001/20220921_090000.WAV,Telephone Field,recover-20220922,001,1795
108.39750000000001,108.4388,68437,81994,Rhinolophus ferrumequinum,0.032,0.032,-1,Echolocation,/mnt/ubna_data_02_mir/recover-20220922/UBNA_001/20220921_090000.WAV,Telephone Field,recover-20220922,001,1795
108.45349999999999,108.4914,68437,81220,Rhinolophus ferrumequinum,0.027,0.027,-1,Echolocation,/mnt/ubna_data_02_mir/recover-20220922/UBNA_001/20220921_090000.WAV,Telephone Field,recover-20220922,001,1795
108.4565,108.464,28046,37768,Eptesicus serotinus,0.007,0.022,-1,Echolocation,/mnt/ubna_data_02_mir/recover-20220922/UBNA_001/20220921_090000.WAV,Telephone Field,recover-20220922,001,1795
108.4675,108.5075,68437,82768,Rhinolophus ferrumequinum,0.026,0.026,-1,Echolocation,/mnt/ubna_data_02_mir/recover-20220922/UBNA_001/20220921_090000.WAV,Telephone Field,recover-20220922,001,1795
108.4745,108.515,68437,82295,Rhinolophus ferrumequinum,0.022,0.022,-1,Echolocation,/mnt/ubna_data_02_mir/recover-20220922/UBNA_001/20220921_090000.WAV,Telephone Field,recover-20220922,001,1795
108.4765,108.4902,23750,28092,Nyctalus leisleri,0.017,0.03,-1,Echolocation,/mnt/ubna_data_02_mir/recover-20220922/UBNA_001/20220921_090000.WAV,Telephone Field,recover-20220922,001,1795
108.5895,108.6273,68437,81904,Rhinolophus ferrumequinum,0.021,0.022,-1,Echolocation,/mnt/ubna_data_02_mir/recover-20220922/UBNA_001/20220921_090000.WAV,Telephone Field,recover-20220922,001,1795
108.6015,108.6133,22031,27134,Nyctalus leisleri,0.015,0.031,-1,Echolocation,/mnt/ubna_data_02_mir/recover-20220922/UBNA_001/20220921_090000.WAV,Telephone Field,recover-20220922,001,1795
108.6215,108.6581,68437,81232,Rhinolophus ferrumequinum,0.023,0.023,-1,Echolocation,/mnt/ubna_data_02_mir/recover-20220922/UBNA_001/20220921_090000.WAV,Telephone Field,recover-20220922,001,1795
108.65350000000001,108.6658,22890,27726,Nyctalus leisleri,0.015,0.028,-1,Echolocation,/mnt/ubna_data_02_mir/recover-20220922/UBNA_001/20220921_090000.WAV,Telephone Field,recover-20220922,001,1795
108.6585,108.70060000000001,68437,82452,Rhinolophus ferrumequinum,0.026,0.026,-1,Echolocation,/mnt/ubna_data_02_mir/recover-20220922/UBNA_001/20220921_090000.WAV,Telephone Field,recover-20220922,001,1795
108.6745,108.7144,68437,82714,Rhinolophus ferrumequinum,0.029,0.029,-1,Echolocation,/mnt/ubna_data_02_mir/recover-20220922/UBNA_001/20220921_090000.WAV,Telephone Field,recover-20220922,001,1795
108.7115,108.7521,68437,82127,Rhinolophus ferrumequinum,0.022,0.022,-1,Echolocation,/mnt/ubna_data_02_mir/recover-20220922/UBNA_001/20220921_090000.WAV,Telephone Field,recover-20220922,001,1795
108.7345,108.7743,68437,82465,Rhinolophus ferrumequinum,0.026,0.026,-1,Echolocation,/mnt/ubna_data_02_mir/recover-20220922/UBNA_001/20220921_090000.WAV,Telephone Field,recover-20220922,001,1795
108.7505,108.7911,68437,82786,Rhinolophus ferrumequinum,0.027,0.027,-1,Echolocation,/mnt/ubna_data_02_mir/recover-20220922/UBNA_001/20220921_090000.WAV,Telephone Field,recover-20220922,001,1795
108.79650000000001,108.8356,68437,82083,Rhinolophus ferrumequinum,0.023,0.023,-1,Echolocation,/mnt/ubna_data_02_mir/recover-20220922/UBNA_001/20220921_090000.WAV,Telephone Field,recover-20220922,001,1795
108.8245,108.8654,68437,82684,Rhinolophus ferrumequinum,0.025,0.025,-1,Echolocation,/mnt/ubna_data_02_mir/recover-20220922/UBNA_001/20220921_090000.WAV,Telephone Field,recover-20220922,001,1795
108.8925,108.9323,68437,82297,Rhinolophus ferrumequinum,0.021,0.021,-1,Echolocation,/mnt/ubna_data_02_mir/recover-20220922/UBNA_001/20220921_090000.WAV,Telephone Field,recover-20220922,001,1795
108.9675,109.0051,68437,81528,Rhinolophus ferrumequinum,0.024,0.024,-1,Echolocation,/mnt/ubna_data_02_mir/recover-20220922/UBNA_001/20220921_090000.WAV,Telephone Field,recover-20220922,001,1795
108.98949999999999,109.0248,68437,81247,Rhinolophus ferrumequinum,0.023,0.023,-1,Echolocation,/mnt/ubna_data_02_mir/recover-20220922/UBNA_001/20220921_090000.WAV,Telephone Field,recover-20220922,001,1795
108.9965,109.0367,68437,82729,Rhinolophus ferrumequinum,0.026,0.026,-1,Echolocation,/mnt/ubna_data_02_mir/recover-20220922/UBNA_001/20220921_090000.WAV,Telephone Field,recover-20220922,001,1795
109.0035,109.0433,68437,81976,Rhinolophus ferrumequinum,0.022,0.022,-1,Echolocation,/mnt/ubna_data_02_mir/recover-20220922/UBNA_001/20220921_090000.WAV,Telephone Field,recover-20220922,001,1795
109.0315,109.0677,68437,81653,Rhinolophus ferrumequinum,0.021,0.021,-1,Echolocation,/mnt/ubna_data_02_mir/recover-20220922/UBNA_001/20220921_090000.WAV,Telephone Field,recover-20220922,001,1795
109.03450000000001,109.0453,23750,29182,Nyctalus leisleri,0.012,0.025,-1,Echolocation,/mnt/ubna_data_02_mir/recover-20220922/UBNA_001/20220921_090000.WAV,Telephone Field,recover-20220922,001,1795
109.0515,109.05969999999999,26328,35272,Eptesicus serotinus,0.008,0.022,-1,Echolocation,/mnt/ubna_data_02_mir/recover-20220922/UBNA_001/20220921_090000.WAV,Telephone Field,recover-20220922,001,1795
109.0635,109.1031,68437,82633,Rhinolophus ferrumequinum,0.023,0.023,-1,Echolocation,/mnt/ubna_data_02_mir/recover-20220922/UBNA_001/20220921_090000.WAV,Telephone Field,recover-20220922,001,1795
109.0715,109.1092,68437,82152,Rhinolophus ferrumequinum,0.021,0.021,-1,Echolocation,/mnt/ubna_data_02_mir/recover-20220922/UBNA_001/20220921_090000.WAV,Telephone Field,recover-20220922,001,1795
109.0775,109.08670000000001,24609,31282,Nyctalus leisleri,0.007,0.021,-1,Echolocation,/mnt/ubna_data_02_mir/recover-20220922/UBNA_001/20220921_090000.WAV,Telephone Field,recover-20220922,001,1795
109.0935,109.13380000000001,68437,82708,Rhinolophus ferrumequinum,0.028,0.028,-1,Echolocation,/mnt/ubna_data_02_mir/recover-20220922/UBNA_001/20220921_090000.WAV,Telephone Field,recover-20220922,001,1795
109.1345,109.1431,28046,40590,Eptesicus serotinus,0.008,0.022,-1,Echolocation,/mnt/ubna_data_02_mir/recover-20220922/UBNA_001/20220921_090000.WAV,Telephone Field,recover-20220922,001,1795
109.1395,109.1827,68437,82912,Rhinolophus ferrumequinum,0.028,0.028,-1,Echolocation,/mnt/ubna_data_02_mir/recover-20220922/UBNA_001/20220921_090000.WAV,Telephone Field,recover-20220922,001,1795
109.1545,109.1938,68437,81730,Rhinolophus ferrumequinum,0.029,0.029,-1,Echolocation,/mnt/ubna_data_02_mir/recover-20220922/UBNA_001/20220921_090000.WAV,Telephone Field,recover-20220922,001,1795
109.17150000000001,109.1795,31484,41638,Myotis daubentonii,0.007,0.025,-1,Echolocation,/mnt/ubna_data_02_mir/recover-20220922/UBNA_001/20220921_090000.WAV,Telephone Field,recover-20220922,001,1795
109.1875,109.2276,68437,82473,Rhinolophus ferrumequinum,0.024,0.024,-1,Echolocation,/mnt/ubna_data_02_mir/recover-20220922/UBNA_001/20220921_090000.WAV,Telephone Field,recover-20220922,001,1795
109.1915,109.2031,24609,30360,Nyctalus leisleri,0.015,0.034,-1,Echolocation,/mnt/ubna_data_02_mir/recover-20220922/UBNA_001/20220921_090000.WAV,Telephone Field,recover-20220922,001,1795
109.1955,109.2325,68437,81432,Rhinolophus ferrumequinum,0.022,0.022,-1,Echolocation,/mnt/ubna_data_02_mir/recover-20220922/UBNA_001/20220921_090000.WAV,Telephone Field,recover-20220922,001,1795
109.2175,109.2259,23750,31185,Plecotus austriacus,0.007,0.021,-1,Echolocation,/mnt/ubna_data_02_mir/recover-20220922/UBNA_001/20220921_090000.WAV,Telephone Field,recover-20220922,001,1795
109.2315,109.2689,68437,81722,Rhinolophus ferrumequinum,0.022,0.022,-1,Echolocation,/mnt/ubna_data_02_mir/recover-20220922/UBNA_001/20220921_090000.WAV,Telephone Field,recover-20220922,001,1795
109.2325,109.2406,23750,31309,Plecotus austriacus,0.008,0.023,-1,Echolocation,/mnt/ubna_data_02_mir/recover-20220922/UBNA_001/20220921_090000.WAV,Telephone Field,recover-20220922,001,1795
109.2705,109.3094,68437,81801,Rhinolophus ferrumequinum,0.023,0.023,-1,Echolocation,/mnt/ubna_data_02_mir/recover-20220922/UBNA_001/20220921_090000.WAV,Telephone Field,recover-20220922,001,1795
109.28450000000001,109.2949,23750,30768,Nyctalus leisleri,0.008,0.023,-1,Echolocation,/mnt/ubna_data_02_mir/recover-20220922/UBNA_001/20220921_090000.WAV,Telephone Field,recover-20220922,001,1795
109.3045,109.31309999999999,28906,40064,Eptesicus serotinus,0.009,0.024,-1,Echolocation,/mnt/ubna_data_02_mir/recover-20220922/UBNA_001/20220921_090000.WAV,Telephone Field,recover-20220922,001,1795
109.3075,109.343,68437,80721,Rhinolophus ferrumequinum,0.021,0.021,-1,Echolocation,/mnt/ubna_data_02_mir/recover-20220922/UBNA_001/20220921_090000.WAV,Telephone Field,recover-20220922,001,1795
109.3445,109.387,68437,82938,Rhinolophus ferrumequinum,0.028,0.028,-1,Echolocation,/mnt/ubna_data_02_mir/recover-20220922/UBNA_001/20220921_090000.WAV,Telephone Field,recover-20220922,001,1795
109.36449999999999,109.4036,68437,82549,Rhinolophus ferrumequinum,0.022,0.022,-1,Echolocation,/mnt/ubna_data_02_mir/recover-20220922/UBNA_001/20220921_090000.WAV,Telephone Field,recover-20220922,001,1795
109.3765,109.3861,26328,33975,Eptesicus serotinus,0.009,0.022,-1,Echolocation,/mnt/ubna_data_02_mir/recover-20220922/UBNA_001/20220921_090000.WAV,Telephone Field,recover-20220922,001,1795
109.4345,109.4724,68437,81775,Rhinolophus ferrumequinum,0.021,0.021,-1,Echolocation,/mnt/ubna_data_02_mir/recover-20220922/UBNA_001/20220921_090000.WAV,Telephone Field,recover-20220922,001,1795
109.4545,109.463,50390,56884,Pipistrellus pipistrellus,0.036,0.04,-1,Echolocation,/mnt/ubna_data_02_mir/recover-20220922/UBNA_001/20220921_090000.WAV,Telephone Field,recover-20220922,001,1795
109.5195,109.5578,68437,82051,Rhinolophus ferrumequinum,0.024,0.024,-1,Echolocation,/mnt/ubna_data_02_mir/recover-20220922/UBNA_001/20220921_090000.WAV,Telephone Field,recover-20220922,001,1795
109.5385,109.5484,23750,30159,Nyctalus leisleri,0.008,0.021,-1,Echolocation,/mnt/ubna_data_02_mir/recover-20220922/UBNA_001/20220921_090000.WAV,Telephone Field,recover-20220922,001,1795
109.5585,109.5958,68437,82046,Rhinolophus ferrumequinum,0.023,0.023,-1,Echolocation,/mnt/ubna_data_02_mir/recover-20220922/UBNA_001/20220921_090000.WAV,Telephone Field,recover-20220922,001,1795
109.5865,109.6262,68437,81895,Rhinolophus ferrumequinum,0.025,0.025,-1,Echolocation,/mnt/ubna_data_02_mir/recover-20220922/UBNA_001/20220921_090000.WAV,Telephone Field,recover-20220922,001,1795
109.5895,109.6,28906,35825,Eptesicus serotinus,0.009,0.023,-1,Echolocation,/mnt/ubna_data_02_mir/recover-20220922/UBNA_001/20220921_090000.WAV,Telephone Field,recover-20220922,001,1795
109.6125,109.6514,68437,82175,Rhinolophus ferrumequinum,0.023,0.023,-1,Echolocation,/mnt/ubna_data_02_mir/recover-20220922/UBNA_001/20220921_090000.WAV,Telephone Field,recover-20220922,001,1795
109.6325,109.6714,68437,81991,Rhinolophus ferrumequinum,0.023,0.023,-1,Echolocation,/mnt/ubna_data_02_mir/recover-20220922/UBNA_001/20220921_090000.WAV,Telephone Field,recover-20220922,001,1795
109.64750000000001,109.6585,23750,30105,Nyctalus leisleri,0.01,0.025,-1,Echolocation,/mnt/ubna_data_02_mir/recover-20220922/UBNA_001/20220921_090000.WAV,Telephone Field,recover-20220922,001,1795
109.6565,109.6938,68437,82252,Rhinolophus ferrumequinum,0.022,0.022,-1,Echolocation,/mnt/ubna_data_02_mir/recover-20220922/UBNA_001/20220921_090000.WAV,Telephone Field,recover-20220922,001,1795
109.6735,109.6823,45234,48197,Pipistrellus pipistrellus,0.025,0.027,-1,Echolocation,/mnt/ubna_data_02_mir/recover-20220922/UBNA_001/20220921_090000.WAV,Telephone Field,recover-20220922,001,1795
109.6875,109.7284,68437,82942,Rhinolophus ferrumequinum,0.025,0.025,-1,Echolocation,/mnt/ubna_data_02_mir/recover-20220922/UBNA_001/20220921_090000.WAV,Telephone Field,recover-20220922,001,1795
109.7025,109.7419,68437,81933,Rhinolophus ferrumequinum,0.023,0.023,-1,Echolocation,/mnt/ubna_data_02_mir/recover-20220922/UBNA_001/20220921_090000.WAV,Telephone Field,recover-20220922,001,1795
109.7375,109.7476,25468,34155,Eptesicus serotinus,0.01,0.025,-1,Echolocation,/mnt/ubna_data_02_mir/recover-20220922/UBNA_001/20220921_090000.WAV,Telephone Field,recover-20220922,001,1795
109.7385,109.77680000000001,68437,81422,Rhinolophus ferrumequinum,0.023,0.023,-1,Echolocation,/mnt/ubna_data_02_mir/recover-20220922/UBNA_001/20220921_090000.WAV,Telephone Field,recover-20220922,001,1795
109.7555,109.8001,68437,82353,Rhinolophus ferrumequinum,0.026,0.026,-1,Echolocation,/mnt/ubna_data_02_mir/recover-20220922/UBNA_001/20220921_090000.WAV,Telephone Field,recover-20220922,001,1795
109.76650000000001,109.77590000000001,28906,36929,Eptesicus serotinus,0.01,0.025,-1,Echolocation,/mnt/ubna_data_02_mir/recover-20220922/UBNA_001/20220921_090000.WAV,Telephone Field,recover-20220922,001,1795
109.7835,109.8226,68437,82430,Rhinolophus ferrumequinum,0.024,0.024,-1,Echolocation,/mnt/ubna_data_02_mir/recover-20220922/UBNA_001/20220921_090000.WAV,Telephone Field,recover-20220922,001,1795
109.8025,109.8378,68437,81573,Rhinolophus ferrumequinum,0.023,0.023,-1,Echolocation,/mnt/ubna_data_02_mir/recover-20220922/UBNA_001/20220921_090000.WAV,Telephone Field,recover-20220922,001,1795
109.8505,109.89320000000001,68437,82719,Rhinolophus ferrumequinum,0.028,0.028,-1,Echolocation,/mnt/ubna_data_02_mir/recover-20220922/UBNA_001/20220921_090000.WAV,Telephone Field,recover-20220922,001,1795
109.8715,109.8827,27187,33599,Eptesicus serotinus,0.011,0.027,-1,Echolocation,/mnt/ubna_data_02_mir/recover-20220922/UBNA_001/20220921_090000.WAV,Telephone Field,recover-20220922,001,1795
109.9045,109.91550000000001,29765,35629,Eptesicus serotinus,0.01,0.026,-1,Echolocation,/mnt/ubna_data_02_mir/recover-20220922/UBNA_001/20220921_090000.WAV,Telephone Field,recover-20220922,001,1795
109.9055,109.94069999999999,68437,81297,Rhinolophus ferrumequinum,0.024,0.024,-1,Echolocation,/mnt/ubna_data_02_mir/recover-20220922/UBNA_001/20220921_090000.WAV,Telephone Field,recover-20220922,001,1795
109.9165,109.952,68437,80940,Rhinolophus ferrumequinum,0.024,0.024,-1,Echolocation,/mnt/ubna_data_02_mir/recover-20220922/UBNA_001/20220921_090000.WAV,Telephone Field,recover-20220922,001,1795
109.9225,109.958,68437,81065,Rhinolophus ferrumequinum,0.024,0.024,-1,Echolocation,/mnt/ubna_data_02_mir/recover-20220922/UBNA_001/20220921_090000.WAV,Telephone Field,recover-20220922,001,1795
109.9485,109.987,68437,82426,Rhinolophus ferrumequinum,0.022,0.022,-1,Echolocation,/mnt/ubna_data_02_mir/recover-20220922/UBNA_001/20220921_090000.WAV,Telephone Field,recover-20220922,001,1795
109.98349999999999,109.9925,28906,38115,Eptesicus serotinus,0.01,0.025,-1,Echolocation,/mnt/ubna_data_02_mir/recover-20220922/UBNA_001/20220921_090000.WAV,Telephone Field,recover-20220922,001,1795
110.0015,110.0321,68437,79844,Rhinolophus ferrumequinum,0.022,0.022,-1,Echolocation,/mnt/ubna_data_02_mir/recover-20220922/UBNA_001/20220921_090000.WAV,Telephone Field,recover-20220922,001,1795
110.0035,110.01310000000001,45234,49572,Pipistrellus pipistrellus,0.015,0.023,-1,Echolocation,/mnt/ubna_data_02_mir/recover-20220922/UBNA_001/20220921_090000.WAV,Telephone Field,recover-20220922,001,1795
110.0175,110.0269,27187,35398,Eptesicus serotinus,0.007,0.021,-1,Echolocation,/mnt/ubna_data_02_mir/recover-20220922/UBNA_001/20220921_090000.WAV,Telephone Field,recover-20220922,001,1795
110.0885,110.0955,26328,38499,Eptesicus serotinus,0.006,0.021,-1,Echolocation,/mnt/ubna_data_02_mir/recover-20220922/UBNA_001/20220921_090000.WAV,Telephone Field,recover-20220922,001,1795
110.0945,110.1347,68437,82475,Rhinolophus ferrumequinum,0.027,0.027,-1,Echolocation,/mnt/ubna_data_02_mir/recover-20220922/UBNA_001/20220921_090000.WAV,Telephone Field,recover-20220922,001,1795
110.12049999999999,110.157,68437,80480,Rhinolophus ferrumequinum,0.023,0.024,-1,Echolocation,/mnt/ubna_data_02_mir/recover-20220922/UBNA_001/20220921_090000.WAV,Telephone Field,recover-20220922,001,1795
110.1325,110.1411,28046,36871,Eptesicus serotinus,0.008,0.023,-1,Echolocation,/mnt/ubna_data_02_mir/recover-20220922/UBNA_001/20220921_090000.WAV,Telephone Field,recover-20220922,001,1795
110.1685,110.2064,68437,81835,Rhinolophus ferrumequinum,0.021,0.021,-1,Echolocation,/mnt/ubna_data_02_mir/recover-20220922/UBNA_001/20220921_090000.WAV,Telephone Field,recover-20220922,001,1795
110.1765,110.2148,68437,82092,Rhinolophus ferrumequinum,0.022,0.022,-1,Echolocation,/mnt/ubna_data_02_mir/recover-20220922/UBNA_001/20220921_090000.WAV,Telephone Field,recover-20220922,001,1795
110.1905,110.1986,26328,35308,Eptesicus serotinus,0.008,0.022,-1,Echolocation,/mnt/ubna_data_02_mir/recover-20220922/UBNA_001/20220921_090000.WAV,Telephone Field,recover-20220922,001,1795
110.2055,110.2435,68437,81974,Rhinolophus ferrumequinum,0.021,0.021,-1,Echolocation,/mnt/ubna_data_02_mir/recover-20220922/UBNA_001/20220921_090000.WAV,Telephone Field,recover-20220922,001,1795
110.2575,110.2951,68437,81784,Rhinolophus ferrumequinum,0.037,0.037,-1,Echolocation,/mnt/ubna_data_02_mir/recover-20220922/UBNA_001/20220921_090000.WAV,Telephone Field,recover-20220922,001,1795
110.2695,110.30590000000001,68437,81264,Rhinolophus ferrumequinum,0.026,0.026,-1,Echolocation,/mnt/ubna_data_02_mir/recover-20220922/UBNA_001/20220921_090000.WAV,Telephone Field,recover-20220922,001,1795
110.28450000000001,110.3049,19453,22222,Nyctalus leisleri,0.013,0.025,-1,Echolocation,/mnt/ubna_data_02_mir/recover-20220922/UBNA_001/20220921_090000.WAV,Telephone Field,recover-20220922,001,1795
110.3105,110.3211,28046,34955,Eptesicus serotinus,0.011,0.025,-1,Echolocation,/mnt/ubna_data_02_mir/recover-20220922/UBNA_001/20220921_090000.WAV,Telephone Field,recover-20220922,001,1795
110.3385,110.3785,68437,82259,Rhinolophus ferrumequinum,0.023,0.023,-1,Echolocation,/mnt/ubna_data_02_mir/recover-20220922/UBNA_001/20220921_090000.WAV,Telephone Field,recover-20220922,001,1795
110.3625,110.3706,28046,37906,Eptesicus serotinus,0.009,0.024,-1,Echolocation,/mnt/ubna_data_02_mir/recover-20220922/UBNA_001/20220921_090000.WAV,Telephone Field,recover-20220922,001,1795
110.3895,110.4281,68437,81694,Rhinolophus ferrumequinum,0.022,0.022,-1,Echolocation,/mnt/ubna_data_02_mir/recover-20220922/UBNA_001/20220921_090000.WAV,Telephone Field,recover-20220922,001,1795
110.3905,110.4001,28046,38598,Eptesicus serotinus,0.008,0.021,-1,Echolocation,/mnt/ubna_data_02_mir/recover-20220922/UBNA_001/20220921_090000.WAV,Telephone Field,recover-20220922,001,1795
110.4075,110.4154,26328,34570,Eptesicus serotinus,0.007,0.026,-1,Echolocation,/mnt/ubna_data_02_mir/recover-20220922/UBNA_001/20220921_090000.WAV,Telephone Field,recover-20220922,001,1795
110.4115,110.4495,68437,81902,Rhinolophus ferrumequinum,0.023,0.023,-1,Echolocation,/mnt/ubna_data_02_mir/recover-20220922/UBNA_001/20220921_090000.WAV,Telephone Field,recover-20220922,001,1795
110.4195,110.4296,28046,35861,Eptesicus serotinus,0.01,0.023,-1,Echolocation,/mnt/ubna_data_02_mir/recover-20220922/UBNA_001/20220921_090000.WAV,Telephone Field,recover-20220922,001,1795
110.4325,110.4739,68437,83392,Rhinolophus ferrumequinum,0.027,0.027,-1,Echolocation,/mnt/ubna_data_02_mir/recover-20220922/UBNA_001/20220921_090000.WAV,Telephone Field,recover-20220922,001,1795
110.50450000000001,110.5133,25468,34577,Eptesicus serotinus,0.007,0.021,-1,Echolocation,/mnt/ubna_data_02_mir/recover-20220922/UBNA_001/20220921_090000.WAV,Telephone Field,recover-20220922,001,1795
110.5115,110.5472,68437,81124,Rhinolophus ferrumequinum,0.021,0.021,-1,Echolocation,/mnt/ubna_data_02_mir/recover-20220922/UBNA_001/20220921_090000.WAV,Telephone Field,recover-20220922,001,1795
110.5205,110.5314,26328,32993,Eptesicus serotinus,0.01,0.024,-1,Echolocation,/mnt/ubna_data_02_mir/recover-20220922/UBNA_001/20220921_090000.WAV,Telephone Field,recover-20220922,001,1795
110.5375,110.5738,68437,82146,Rhinolophus ferrumequinum,0.021,0.021,-1,Echolocation,/mnt/ubna_data_02_mir/recover-20220922/UBNA_001/20220921_090000.WAV,Telephone Field,recover-20220922,001,1795
110.6215,110.6585,68437,82208,Rhinolophus ferrumequinum,0.021,0.021,-1,Echolocation,/mnt/ubna_data_02_mir/recover-20220922/UBNA_001/20220921_090000.WAV,Telephone Field,recover-20220922,001,1795
110.6615,110.6724,26328,34242,Eptesicus serotinus,0.012,0.029,-1,Echolocation,/mnt/ubna_data_02_mir/recover-20220922/UBNA_001/20220921_090000.WAV,Telephone Field,recover-20220922,001,1795
110.7865,110.8248,68437,81630,Rhinolophus ferrumequinum,0.023,0.023,-1,Echolocation,/mnt/ubna_data_02_mir/recover-20220922/UBNA_001/20220921_090000.WAV,Telephone Field,recover-20220922,001,1795
110.82849999999999,110.8638,68437,80871,Rhinolophus ferrumequinum,0.022,0.023,-1,Echolocation,/mnt/ubna_data_02_mir/recover-20220922/UBNA_001/20220921_090000.WAV,Telephone Field,recover-20220922,001,1795
110.84649999999999,110.8556,22890,29310,Plecotus austriacus,0.01,0.027,-1,Echolocation,/mnt/ubna_data_02_mir/recover-20220922/UBNA_001/20220921_090000.WAV,Telephone Field,recover-20220922,001,1795
110.87049999999999,110.9097,68437,82242,Rhinolophus ferrumequinum,0.021,0.021,-1,Echolocation,/mnt/ubna_data_02_mir/recover-20220922/UBNA_001/20220921_090000.WAV,Telephone Field,recover-20220922,001,1795
110.8715,110.8813,26328,35335,Eptesicus serotinus,0.009,0.022,-1,Echolocation,/mnt/ubna_data_02_mir/recover-20220922/UBNA_001/20220921_090000.WAV,Telephone Field,recover-20220922,001,1795
110.8955,110.9307,68437,81418,Rhinolophus ferrumequinum,0.021,0.021,-1,Echolocation,/mnt/ubna_data_02_mir/recover-20220922/UBNA_001/20220921_090000.WAV,Telephone Field,recover-20220922,001,1795
110.9275,110.9646,68437,82579,Rhinolophus ferrumequinum,0.024,0.024,-1,Echolocation,/mnt/ubna_data_02_mir/recover-20220922/UBNA_001/20220921_090000.WAV,Telephone Field,recover-20220922,001,1795
110.9325,110.9699,68437,82373,Rhinolophus ferrumequinum,0.023,0.023,-1,Echolocation,/mnt/ubna_data_02_mir/recover-20220922/UBNA_001/20220921_090000.WAV,Telephone Field,recover-20220922,001,1795
110.9685,111.0047,68437,81673,Rhinolophus ferrumequinum,0.023,0.023,-1,Echolocation,/mnt/ubna_data_02_mir/recover-20220922/UBNA_001/20220921_090000.WAV,Telephone Field,recover-20220922,001,1795
110.9725,110.9828,22890,28271,Nyctalus leisleri,0.01,0.022,-1,Echolocation,/mnt/ubna_data_02_mir/recover-20220922/UBNA_001/20220921_090000.WAV,Telephone Field,recover-20220922,001,1795
111.0155,111.0237,27187,35635,Eptesicus serotinus,0.017,0.042,-1,Echolocation,/mnt/ubna_data_02_mir/recover-20220922/UBNA_001/20220921_090000.WAV,Telephone Field,recover-20220922,001,1795
111.0475,111.0839,68437,81679,Rhinolophus ferrumequinum,0.025,0.025,-1,Echolocation,/mnt/ubna_data_02_mir/recover-20220922/UBNA_001/20220921_090000.WAV,Telephone Field,recover-20220922,001,1795
111.0825,111.089,28046,47275,Myotis daubentonii,0.006,0.023,-1,Echolocation,/mnt/ubna_data_02_mir/recover-20220922/UBNA_001/20220921_090000.WAV,Telephone Field,recover-20220922,001,1795
111.1045,111.1449,68437,82570,Rhinolophus ferrumequinum,0.023,0.023,-1,Echolocation,/mnt/ubna_data_02_mir/recover-20220922/UBNA_001/20220921_090000.WAV,Telephone Field,recover-20220922,001,1795
111.1325,111.1708,68437,81849,Rhinolophus ferrumequinum,0.022,0.022,-1,Echolocation,/mnt/ubna_data_02_mir/recover-20220922/UBNA_001/20220921_090000.WAV,Telephone Field,recover-20220922,001,1795
111.1575,111.19579999999999,68437,82330,Rhinolophus ferrumequinum,0.024,0.024,-1,Echolocation,/mnt/ubna_data_02_mir/recover-20220922/UBNA_001/20220921_090000.WAV,Telephone Field,recover-20220922,001,1795
111.1785,111.2202,68437,82976,Rhinolophus ferrumequinum,0.025,0.025,-1,Echolocation,/mnt/ubna_data_02_mir/recover-20220922/UBNA_001/20220921_090000.WAV,Telephone Field,recover-20220922,001,1795
111.2245,111.23089999999999,26328,39854,Eptesicus serotinus,0.004,0.022,-1,Echolocation,/mnt/ubna_data_02_mir/recover-20220922/UBNA_001/20220921_090000.WAV,Telephone Field,recover-20220922,001,1795
111.2255,111.2623,68437,81958,Rhinolophus ferrumequinum,0.023,0.023,-1,Echolocation,/mnt/ubna_data_02_mir/recover-20220922/UBNA_001/20220921_090000.WAV,Telephone Field,recover-20220922,001,1795
111.2495,111.28659999999999,68437,80995,Rhinolophus ferrumequinum,0.022,0.022,-1,Echolocation,/mnt/ubna_data_02_mir/recover-20220922/UBNA_001/20220921_090000.WAV,Telephone Field,recover-20220922,001,1795
111.2625,111.2976,68437,81093,Rhinolophus ferrumequinum,0.021,0.021,-1,Echolocation,/mnt/ubna_data_02_mir/recover-20220922/UBNA_001/20220921_090000.WAV,Telephone Field,recover-20220922,001,1795
111.2695,111.2901,65000,71869,Pipistrellus pygmaeus,0.022,0.025,-1,Echolocation,/mnt/ubna_data_02_mir/recover-20220922/UBNA_001/20220921_090000.WAV,Telephone Field,recover-20220922,001,1795
111.27250000000001,111.2852,15156,21772,Nyctalus noctula,0.017,0.026,-1,Echolocation,/mnt/ubna_data_02_mir/recover-20220922/UBNA_001/20220921_090000.WAV,Telephone Field,recover-20220922,001,1795
111.2885,111.3304,68437,82672,Rhinolophus ferrumequinum,0.026,0.026,-1,Echolocation,/mnt/ubna_data_02_mir/recover-20220922/UBNA_001/20220921_090000.WAV,Telephone Field,recover-20220922,001,1795
111.3205,111.3554,68437,80674,Rhinolophus ferrumequinum,0.022,0.023,-1,Echolocation,/mnt/ubna_data_02_mir/recover-20220922/UBNA_001/20220921_090000.WAV,Telephone Field,recover-20220922,001,1795
111.3905,111.4311,68437,82084,Rhinolophus ferrumequinum,0.023,0.023,-1,Echolocation,/mnt/ubna_data_02_mir/recover-20220922/UBNA_001/20220921_090000.WAV,Telephone Field,recover-20220922,001,1795
111.4165,111.45609999999999,68437,82034,Rhinolophus ferrumequinum,0.023,0.023,-1,Echolocation,/mnt/ubna_data_02_mir/recover-20220922/UBNA_001/20220921_090000.WAV,Telephone Field,recover-20220922,001,1795
111.4165,111.4255,22890,29879,Plecotus austriacus,0.008,0.023,-1,Echolocation,/mnt/ubna_data_02_mir/recover-20220922/UBNA_001/20220921_090000.WAV,Telephone Field,recover-20220922,001,1795
111.4545,111.492,68437,81749,Rhinolophus ferrumequinum,0.027,0.027,-1,Echolocation,/mnt/ubna_data_02_mir/recover-20220922/UBNA_001/20220921_090000.WAV,Telephone Field,recover-20220922,001,1795
111.5015,111.5406,68437,82086,Rhinolophus ferrumequinum,0.022,0.022,-1,Echolocation,/mnt/ubna_data_02_mir/recover-20220922/UBNA_001/20220921_090000.WAV,Telephone Field,recover-20220922,001,1795
111.5065,111.54560000000001,68437,82218,Rhinolophus ferrumequinum,0.022,0.022,-1,Echolocation,/mnt/ubna_data_02_mir/recover-20220922/UBNA_001/20220921_090000.WAV,Telephone Field,recover-20220922,001,1795
111.5155,111.5551,68437,82667,Rhinolophus ferrumequinum,0.022,0.022,-1,Echolocation,/mnt/ubna_data_02_mir/recover-20220922/UBNA_001/20220921_090000.WAV,Telephone Field,recover-20220922,001,1795
111.5665,111.6052,68437,82293,Rhinolophus ferrumequinum,0.021,0.021,-1,Echolocation,/mnt/ubna_data_02_mir/recover-20220922/UBNA_001/20220921_090000.WAV,Telephone Field,recover-20220922,001,1795
111.5885,111.6262,68437,82328,Rhinolophus ferrumequinum,0.023,0.023,-1,Echolocation,/mnt/ubna_data_02_mir/recover-20220922/UBNA_001/20220921_090000.WAV,Telephone Field,recover-20220922,001,1795
111.6105,111.621,24609,31124,Nyctalus leisleri,0.009,0.024,-1,Echolocation,/mnt/ubna_data_02_mir/recover-20220922/UBNA_001/20220921_090000.WAV,Telephone Field,recover-20220922,001,1795
111.6345,111.6724,68437,82320,Rhinolophus ferrumequinum,0.021,0.021,-1,Echolocation,/mnt/ubna_data_02_mir/recover-20220922/UBNA_001/20220921_090000.WAV,Telephone Field,recover-20220922,001,1795
111.6555,111.6674,14296,19911,Nyctalus noctula,0.013,0.021,-1,Echolocation,/mnt/ubna_data_02_mir/recover-20220922/UBNA_001/20220921_090000.WAV,Telephone Field,recover-20220922,001,1795
111.6575,111.6971,68437,82868,Rhinolophus ferrumequinum,0.023,0.023,-1,Echolocation,/mnt/ubna_data_02_mir/recover-20220922/UBNA_001/20220921_090000.WAV,Telephone Field,recover-20220922,001,1795
111.6675,111.70660000000001,68437,82236,Rhinolophus ferrumequinum,0.023,0.023,-1,Echolocation,/mnt/ubna_data_02_mir/recover-20220922/UBNA_001/20220921_090000.WAV,Telephone Field,recover-20220922,001,1795
111.6935,111.7278,68437,81473,Rhinolophus ferrumequinum,0.023,0.023,-1,Echolocation,/mnt/ubna_data_02_mir/recover-20220922/UBNA_001/20220921_090000.WAV,Telephone Field,recover-20220922,001,1795
111.7175,111.7543,68437,81954,Rhinolophus ferrumequinum,0.022,0.022,-1,Echolocation,/mnt/ubna_data_02_mir/recover-20220922/UBNA_001/20220921_090000.WAV,Telephone Field,recover-20220922,001,1795
111.7415,111.7788,68437,81948,Rhinolophus ferrumequinum,0.024,0.024,-1,Echolocation,/mnt/ubna_data_02_mir/recover-20220922/UBNA_001/20220921_090000.WAV,Telephone Field,recover-20220922,001,1795
111.7805,111.8194,68437,82037,Rhinolophus ferrumequinum,0.028,0.028,-1,Echolocation,/mnt/ubna_data_02_mir/recover-20220922/UBNA_001/20220921_090000.WAV,Telephone Field,recover-20220922,001,1795
111.7895,111.8293,68437,81955,Rhinolophus ferrumequinum,0.025,0.025,-1,Echolocation,/mnt/ubna_data_02_mir/recover-20220922/UBNA_001/20220921_090000.WAV,Telephone Field,recover-20220922,001,1795
111.8135,111.82169999999999,28046,38024,Eptesicus serotinus,0.008,0.022,-1,Echolocation,/mnt/ubna_data_02_mir/recover-20220922/UBNA_001/20220921_090000.WAV,Telephone Field,recover-20220922,001,1795
111.8315,111.8713,68437,82647,Rhinolophus ferrumequinum,0.032,0.032,-1,Echolocation,/mnt/ubna_data_02_mir/recover-20220922/UBNA_001/20220921_090000.WAV,Telephone Field,recover-20220922,001,1795
111.85249999999999,111.8889,68437,81954,Rhinolophus ferrumequinum,0.023,0.023,-1,Echolocation,/mnt/ubna_data_02_mir/recover-20220922/UBNA_001/20220921_090000.WAV,Telephone Field,recover-20220922,001,1795
111.8625,111.9019,68437,82114,Rhinolophus ferrumequinum,0.021,0.021,-1,Echolocation,/mnt/ubna_data_02_mir/recover-20220922/UBNA_001/20220921_090000.WAV,Telephone Field,recover-20220922,001,1795
111.8715,111.9099,68437,82388,Rhinolophus ferrumequinum,0.021,0.021,-1,Echolocation,/mnt/ubna_data_02_mir/recover-20220922/UBNA_001/20220921_090000.WAV,Telephone Field,recover-20220922,001,1795
111.9005,111.9391,68437,82273,Rhinolophus ferrumequinum,0.023,0.023,-1,Echolocation,/mnt/ubna_data_02_mir/recover-20220922/UBNA_001/20220921_090000.WAV,Telephone Field,recover-20220922,001,1795
111.9065,111.9145,27187,37776,Eptesicus serotinus,0.007,0.022,-1,Echolocation,/mnt/ubna_data_02_mir/recover-20220922/UBNA_001/20220921_090000.WAV,Telephone Field,recover-20220922,001,1795
111.9275,111.9683,68437,82372,Rhinolophus ferrumequinum,0.021,0.021,-1,Echolocation,/mnt/ubna_data_02_mir/recover-20220922/UBNA_001/20220921_090000.WAV,Telephone Field,recover-20220922,001,1795
111.9525,111.9603,25468,35081,Plecotus austriacus,0.009,0.028,-1,Echolocation,/mnt/ubna_data_02_mir/recover-20220922/UBNA_001/20220921_090000.WAV,Telephone Field,recover-20220922,001,1795
111.9855,111.9944,25468,34467,Eptesicus serotinus,0.007,0.023,-1,Echolocation,/mnt/ubna_data_02_mir/recover-20220922/UBNA_001/20220921_090000.WAV,Telephone Field,recover-20220922,001,1795
112.0015,112.0133,19453,24352,Nyctalus leisleri,0.01,0.025,-1,Echolocation,/mnt/ubna_data_02_mir/recover-20220922/UBNA_001/20220921_090000.WAV,Telephone Field,recover-20220922,001,1795
112.0015,112.0096,25468,34068,Nyctalus leisleri,0.006,0.023,-1,Echolocation,/mnt/ubna_data_02_mir/recover-20220922/UBNA_001/20220921_090000.WAV,Telephone Field,recover-20220922,001,1795
112.0015,112.0358,68437,80089,Rhinolophus ferrumequinum,0.034,0.034,-1,Echolocation,/mnt/ubna_data_02_mir/recover-20220922/UBNA_001/20220921_090000.WAV,Telephone Field,recover-20220922,001,1795
112.0015,112.01,46953,53183,Pipistrellus pipistrellus,0.018,0.025,-1,Echolocation,/mnt/ubna_data_02_mir/recover-20220922/UBNA_001/20220921_090000.WAV,Telephone Field,recover-20220922,001,1795
112.01650000000001,112.0253,23750,31217,Plecotus austriacus,0.007,0.022,-1,Echolocation,/mnt/ubna_data_02_mir/recover-20220922/UBNA_001/20220921_090000.WAV,Telephone Field,recover-20220922,001,1795
112.0195,112.0277,50390,56581,Pipistrellus pipistrellus,0.018,0.023,-1,Echolocation,/mnt/ubna_data_02_mir/recover-20220922/UBNA_001/20220921_090000.WAV,Telephone Field,recover-20220922,001,1795
112.0355,112.0476,15156,21727,Nyctalus noctula,0.014,0.023,-1,Echolocation,/mnt/ubna_data_02_mir/recover-20220922/UBNA_001/20220921_090000.WAV,Telephone Field,recover-20220922,001,1795
112.0445,112.0557,22890,27581,Nyctalus leisleri,0.012,0.023,-1,Echolocation,/mnt/ubna_data_02_mir/recover-20220922/UBNA_001/20220921_090000.WAV,Telephone Field,recover-20220922,001,1795
112.0585,112.0975,68437,82473,Rhinolophus ferrumequinum,0.024,0.024,-1,Echolocation,/mnt/ubna_data_02_mir/recover-20220922/UBNA_001/20220921_090000.WAV,Telephone Field,recover-20220922,001,1795
112.0655,112.1031,68437,81848,Rhinolophus ferrumequinum,0.024,0.024,-1,Echolocation,/mnt/ubna_data_02_mir/recover-20220922/UBNA_001/20220921_090000.WAV,Telephone Field,recover-20220922,001,1795
112.0705,112.0763,40937,54714,Myotis brandtii,0.005,0.023,-1,Echolocation,/mnt/ubna_data_02_mir/recover-20220922/UBNA_001/20220921_090000.WAV,Telephone Field,recover-20220922,001,1795
112.0765,112.0838,28046,41296,Eptesicus serotinus,0.007,0.023,-1,Echolocation,/mnt/ubna_data_02_mir/recover-20220922/UBNA_001/20220921_090000.WAV,Telephone Field,recover-20220922,001,1795
112.1045,112.1147,22031,25980,Nyctalus leisleri,0.013,0.024,-1,Echolocation,/mnt/ubna_data_02_mir/recover-20220922/UBNA_001/20220921_090000.WAV,Telephone Field,recover-20220922,001,1795
112.1155,112.1564,68437,82135,Rhinolophus ferrumequinum,0.023,0.023,-1,Echolocation,/mnt/ubna_data_02_mir/recover-20220922/UBNA_001/20220921_090000.WAV,Telephone Field,recover-20220922,001,1795
112.1245,112.1592,68437,81551,Rhinolophus ferrumequinum,0.024,0.024,-1,Echolocation,/mnt/ubna_data_02_mir/recover-20220922/UBNA_001/20220921_090000.WAV,Telephone Field,recover-20220922,001,1795
112.1575,112.19630000000001,68437,81854,Rhinolophus ferrumequinum,0.023,0.023,-1,Echolocation,/mnt/ubna_data_02_mir/recover-20220922/UBNA_001/20220921_090000.WAV,Telephone Field,recover-20220922,001,1795
112.1855,112.226,68437,82496,Rhinolophus ferrumequinum,0.023,0.023,-1,Echolocation,/mnt/ubna_data_02_mir/recover-20220922/UBNA_001/20220921_090000.WAV,Telephone Field,recover-20220922,001,1795
112.2315,112.2428,25468,30449,Nyctalus leisleri,0.015,0.032,-1,Echolocation,/mnt/ubna_data_02_mir/recover-20220922/UBNA_001/20220921_090000.WAV,Telephone Field,recover-20220922,001,1795
112.2345,112.277,68437,82830,Rhinolophus ferrumequinum,0.028,0.028,-1,Echolocation,/mnt/ubna_data_02_mir/recover-20220922/UBNA_001/20220921_090000.WAV,Telephone Field,recover-20220922,001,1795
112.2795,112.2886,51250,56111,Pipistrellus pipistrellus,0.02,0.024,-1,Echolocation,/mnt/ubna_data_02_mir/recover-20220922/UBNA_001/20220921_090000.WAV,Telephone Field,recover-20220922,001,1795
112.29050000000001,112.29769999999999,23750,33257,Plecotus austriacus,0.014,0.031,-1,Echolocation,/mnt/ubna_data_02_mir/recover-20220922/UBNA_001/20220921_090000.WAV,Telephone Field,recover-20220922,001,1795
112.3025,112.3428,68437,82324,Rhinolophus ferrumequinum,0.024,0.024,-1,Echolocation,/mnt/ubna_data_02_mir/recover-20220922/UBNA_001/20220921_090000.WAV,Telephone Field,recover-20220922,001,1795
112.3125,112.3539,68437,82897,Rhinolophus ferrumequinum,0.027,0.027,-1,Echolocation,/mnt/ubna_data_02_mir/recover-20220922/UBNA_001/20220921_090000.WAV,Telephone Field,recover-20220922,001,1795
112.3565,112.3957,68437,81816,Rhinolophus ferrumequinum,0.022,0.022,-1,Echolocation,/mnt/ubna_data_02_mir/recover-20220922/UBNA_001/20220921_090000.WAV,Telephone Field,recover-20220922,001,1795
112.3675,112.3765,25468,33880,Eptesicus serotinus,0.008,0.022,-1,Echolocation,/mnt/ubna_data_02_mir/recover-20220922/UBNA_001/20220921_090000.WAV,Telephone Field,recover-20220922,001,1795
112.3805,112.3906,28906,35889,Eptesicus serotinus,0.012,0.024,-1,Echolocation,/mnt/ubna_data_02_mir/recover-20220922/UBNA_001/20220921_090000.WAV,Telephone Field,recover-20220922,001,1795
112.3925,112.4344,68437,82252,Rhinolophus ferrumequinum,0.023,0.023,-1,Echolocation,/mnt/ubna_data_02_mir/recover-20220922/UBNA_001/20220921_090000.WAV,Telephone Field,recover-20220922,001,1795
112.4345,112.4453,22890,27645,Nyctalus leisleri,0.012,0.024,-1,Echolocation,/mnt/ubna_data_02_mir/recover-20220922/UBNA_001/20220921_090000.WAV,Telephone Field,recover-20220922,001,1795
112.5065,112.5455,68437,82375,Rhinolophus ferrumequinum,0.026,0.026,-1,Echolocation,/mnt/ubna_data_02_mir/recover-20220922/UBNA_001/20220921_090000.WAV,Telephone Field,recover-20220922,001,1795
112.5335,112.5733,68437,82668,Rhinolophus ferrumequinum,0.023,0.023,-1,Echolocation,/mnt/ubna_data_02_mir/recover-20220922/UBNA_001/20220921_090000.WAV,Telephone Field,recover-20220922,001,1795
112.5615,112.6036,68437,82673,Rhinolophus ferrumequinum,0.031,0.031,-1,Echolocation,/mnt/ubna_data_02_mir/recover-20220922/UBNA_001/20220921_090000.WAV,Telephone Field,recover-20220922,001,1795
112.5645,112.5753,22890,28207,Nyctalus leisleri,0.013,0.026,-1,Echolocation,/mnt/ubna_data_02_mir/recover-20220922/UBNA_001/20220921_090000.WAV,Telephone Field,recover-20220922,001,1795
112.5775,112.6173,68437,82556,Rhinolophus ferrumequinum,0.023,0.023,-1,Echolocation,/mnt/ubna_data_02_mir/recover-20220922/UBNA_001/20220921_090000.WAV,Telephone Field,recover-20220922,001,1795
112.6195,112.63040000000001,24609,30033,Nyctalus leisleri,0.011,0.024,-1,Echolocation,/mnt/ubna_data_02_mir/recover-20220922/UBNA_001/20220921_090000.WAV,Telephone Field,recover-20220922,001,1795
112.6565,112.6968,68437,82301,Rhinolophus ferrumequinum,0.022,0.022,-1,Echolocation,/mnt/ubna_data_02_mir/recover-20220922/UBNA_001/20220921_090000.WAV,Telephone Field,recover-20220922,001,1795
112.6625,112.6734,27187,34633,Eptesicus serotinus,0.011,0.024,-1,Echolocation,/mnt/ubna_data_02_mir/recover-20220922/UBNA_001/20220921_090000.WAV,Telephone Field,recover-20220922,001,1795
112.6745,112.6819,27187,39524,Eptesicus serotinus,0.006,0.023,-1,Echolocation,/mnt/ubna_data_02_mir/recover-20220922/UBNA_001/20220921_090000.WAV,Telephone Field,recover-20220922,001,1795
112.7005,112.737,68437,81838,Rhinolophus ferrumequinum,0.025,0.025,-1,Echolocation,/mnt/ubna_data_02_mir/recover-20220922/UBNA_001/20220921_090000.WAV,Telephone Field,recover-20220922,001,1795
112.7325,112.74170000000001,25468,33634,Eptesicus serotinus,0.01,0.025,-1,Echolocation,/mnt/ubna_data_02_mir/recover-20220922/UBNA_001/20220921_090000.WAV,Telephone Field,recover-20220922,001,1795
112.7765,112.8201,68437,82787,Rhinolophus ferrumequinum,0.06,0.06,-1,Echolocation,/mnt/ubna_data_02_mir/recover-20220922/UBNA_001/20220921_090000.WAV,Telephone Field,recover-20220922,001,1795
112.8165,112.8548,68437,82076,Rhinolophus ferrumequinum,0.023,0.023,-1,Echolocation,/mnt/ubna_data_02_mir/recover-20220922/UBNA_001/20220921_090000.WAV,Telephone Field,recover-20220922,001,1795
112.85249999999999,112.8926,68437,82992,Rhinolophus ferrumequinum,0.027,0.027,-1,Echolocation,/mnt/ubna_data_02_mir/recover-20220922/UBNA_001/20220921_090000.WAV,Telephone Field,recover-20220922,001,1795
112.8665,112.9063,68437,82561,Rhinolophus ferrumequinum,0.022,0.022,-1,Echolocation,/mnt/ubna_data_02_mir/recover-20220922/UBNA_001/20220921_090000.WAV,Telephone Field,recover-20220922,001,1795
112.8725,112.8835,22890,27943,Nyctalus leisleri,0.011,0.023,-1,Echolocation,/mnt/ubna_data_02_mir/recover-20220922/UBNA_001/20220921_090000.WAV,Telephone Field,recover-20220922,001,1795
112.9085,112.9435,68437,81627,Rhinolophus ferrumequinum,0.026,0.026,-1,Echolocation,/mnt/ubna_data_02_mir/recover-20220922/UBNA_001/20220921_090000.WAV,Telephone Field,recover-20220922,001,1795
112.9295,112.9371,27187,40351,Eptesicus serotinus,0.008,0.023,-1,Echolocation,/mnt/ubna_data_02_mir/recover-20220922/UBNA_001/20220921_090000.WAV,Telephone Field,recover-20220922,001,1795
112.9555,112.9947,68437,82795,Rhinolophus ferrumequinum,0.031,0.031,-1,Echolocation,/mnt/ubna_data_02_mir/recover-20220922/UBNA_001/20220921_090000.WAV,Telephone Field,recover-20220922,001,1795
112.9665,113.0076,68437,82013,Rhinolophus ferrumequinum,0.025,0.025,-1,Echolocation,/mnt/ubna_data_02_mir/recover-20220922/UBNA_001/20220921_090000.WAV,Telephone Field,recover-20220922,001,1795
112.9845,113.0239,68437,82248,Rhinolophus ferrumequinum,0.026,0.026,-1,Echolocation,/mnt/ubna_data_02_mir/recover-20220922/UBNA_001/20220921_090000.WAV,Telephone Field,recover-20220922,001,1795
113.0015,113.0408,68437,82834,Rhinolophus ferrumequinum,0.023,0.023,-1,Echolocation,/mnt/ubna_data_02_mir/recover-20220922/UBNA_001/20220921_090000.WAV,Telephone Field,recover-20220922,001,1795
113.02850000000001,113.0389,27187,35747,Eptesicus serotinus,0.01,0.029,-1,Echolocation,/mnt/ubna_data_02_mir/recover-20220922/UBNA_001/20220921_090000.WAV,Telephone Field,recover-20220922,001,1795
113.0565,113.09649999999999,68437,82588,Rhinolophus ferrumequinum,0.048,0.048,-1,Echolocation,/mnt/ubna_data_02_mir/recover-20220922/UBNA_001/20220921_090000.WAV,Telephone Field,recover-20220922,001,1795
113.0585,113.066,28046,40674,Eptesicus serotinus,0.006,0.022,-1,Echolocation,/mnt/ubna_data_02_mir/recover-20220922/UBNA_001/20220921_090000.WAV,Telephone Field,recover-20220922,001,1795
113.1435,113.1837,68437,81931,Rhinolophus ferrumequinum,0.027,0.027,-1,Echolocation,/mnt/ubna_data_02_mir/recover-20220922/UBNA_001/20220921_090000.WAV,Telephone Field,recover-20220922,001,1795
113.1745,113.2148,68437,83380,Rhinolophus ferrumequinum,0.031,0.031,-1,Echolocation,/mnt/ubna_data_02_mir/recover-20220922/UBNA_001/20220921_090000.WAV,Telephone Field,recover-20220922,001,1795
113.1755,113.18299999999999,22890,31554,Plecotus austriacus,0.014,0.027,-1,Echolocation,/mnt/ubna_data_02_mir/recover-20220922/UBNA_001/20220921_090000.WAV,Telephone Field,recover-20220922,001,1795
113.1985,113.23310000000001,68437,80186,Rhinolophus ferrumequinum,0.023,0.023,-1,Echolocation,/mnt/ubna_data_02_mir/recover-20220922/UBNA_001/20220921_090000.WAV,Telephone Field,recover-20220922,001,1795
113.21549999999999,113.2507,68437,80874,Rhinolophus ferrumequinum,0.023,0.023,-1,Echolocation,/mnt/ubna_data_02_mir/recover-20220922/UBNA_001/20220921_090000.WAV,Telephone Field,recover-20220922,001,1795
113.2225,113.2343,22031,25999,Nyctalus leisleri,0.015,0.026,-1,Echolocation,/mnt/ubna_data_02_mir/recover-20220922/UBNA_001/20220921_090000.WAV,Telephone Field,recover-20220922,001,1795
113.2475,113.2536,34062,43197,Myotis daubentonii,0.011,0.024,-1,Echolocation,/mnt/ubna_data_02_mir/recover-20220922/UBNA_001/20220921_090000.WAV,Telephone Field,recover-20220922,001,1795
113.2745,113.31309999999999,68437,82553,Rhinolophus ferrumequinum,0.023,0.023,-1,Echolocation,/mnt/ubna_data_02_mir/recover-20220922/UBNA_001/20220921_090000.WAV,Telephone Field,recover-20220922,001,1795
113.2825,113.2895,25468,36652,Plecotus austriacus,0.01,0.032,-1,Echolocation,/mnt/ubna_data_02_mir/recover-20220922/UBNA_001/20220921_090000.WAV,Telephone Field,recover-20220922,001,1795
113.3135,113.3218,51250,56027,Pipistrellus pipistrellus,0.023,0.027,-1,Echolocation,/mnt/ubna_data_02_mir/recover-20220922/UBNA_001/20220921_090000.WAV,Telephone Field,recover-20220922,001,1795
113.3195,113.3265,28906,38033,Eptesicus serotinus,0.008,0.026,-1,Echolocation,/mnt/ubna_data_02_mir/recover-20220922/UBNA_001/20220921_090000.WAV,Telephone Field,recover-20220922,001,1795
113.3205,113.33,22031,28490,Plecotus austriacus,0.011,0.03,-1,Echolocation,/mnt/ubna_data_02_mir/recover-20220922/UBNA_001/20220921_090000.WAV,Telephone Field,recover-20220922,001,1795
113.3305,113.369,68437,82540,Rhinolophus ferrumequinum,0.023,0.023,-1,Echolocation,/mnt/ubna_data_02_mir/recover-20220922/UBNA_001/20220921_090000.WAV,Telephone Field,recover-20220922,001,1795
113.35849999999999,113.3977,68437,81835,Rhinolophus ferrumequinum,0.023,0.023,-1,Echolocation,/mnt/ubna_data_02_mir/recover-20220922/UBNA_001/20220921_090000.WAV,Telephone Field,recover-20220922,001,1795
113.3745,113.3828,26328,38485,Eptesicus serotinus,0.008,0.024,-1,Echolocation,/mnt/ubna_data_02_mir/recover-20220922/UBNA_001/20220921_090000.WAV,Telephone Field,recover-20220922,001,1795
113.3825,113.3904,22890,29845,Plecotus austriacus,0.01,0.022,-1,Echolocation,/mnt/ubna_data_02_mir/recover-20220922/UBNA_001/20220921_090000.WAV,Telephone Field,recover-20220922,001,1795
113.3985,113.4077,28046,39829,Eptesicus serotinus,0.01,0.025,-1,Echolocation,/mnt/ubna_data_02_mir/recover-20220922/UBNA_001/20220921_090000.WAV,Telephone Field,recover-20220922,001,1795
113.4295,113.4693,68437,82872,Rhinolophus ferrumequinum,0.024,0.024,-1,Echolocation,/mnt/ubna_data_02_mir/recover-20220922/UBNA_001/20220921_090000.WAV,Telephone Field,recover-20220922,001,1795
113.4395,113.45009999999999,23750,29536,Nyctalus leisleri,0.009,0.022,-1,Echolocation,/mnt/ubna_data_02_mir/recover-20220922/UBNA_001/20220921_090000.WAV,Telephone Field,recover-20220922,001,1795
113.4555,113.4969,68437,82433,Rhinolophus ferrumequinum,0.022,0.022,-1,Echolocation,/mnt/ubna_data_02_mir/recover-20220922/UBNA_001/20220921_090000.WAV,Telephone Field,recover-20220922,001,1795
113.4675,113.5064,68437,81148,Rhinolophus ferrumequinum,0.025,0.025,-1,Echolocation,/mnt/ubna_data_02_mir/recover-20220922/UBNA_001/20220921_090000.WAV,Telephone Field,recover-20220922,001,1795
113.48949999999999,113.4993,27187,35390,Eptesicus serotinus,0.013,0.026,-1,Echolocation,/mnt/ubna_data_02_mir/recover-20220922/UBNA_001/20220921_090000.WAV,Telephone Field,recover-20220922,001,1795
113.5005,113.5367,68437,81213,Rhinolophus ferrumequinum,0.025,0.025,-1,Echolocation,/mnt/ubna_data_02_mir/recover-20220922/UBNA_001/20220921_090000.WAV,Telephone Field,recover-20220922,001,1795
113.5095,113.5168,27187,43771,Eptesicus serotinus,0.007,0.023,-1,Echolocation,/mnt/ubna_data_02_mir/recover-20220922/UBNA_001/20220921_090000.WAV,Telephone Field,recover-20220922,001,1795
113.5695,113.6122,68437,82978,Rhinolophus ferrumequinum,0.029,0.029,-1,Echolocation,/mnt/ubna_data_02_mir/recover-20220922/UBNA_001/20220921_090000.WAV,Telephone Field,recover-20220922,001,1795
113.5755,113.61619999999999,68437,83221,Rhinolophus ferrumequinum,0.028,0.028,-1,Echolocation,/mnt/ubna_data_02_mir/recover-20220922/UBNA_001/20220921_090000.WAV,Telephone Field,recover-20220922,001,1795
113.6035,113.6142,55546,59725,Pipistrellus pygmaeus,0.057,0.06,-1,Echolocation,/mnt/ubna_data_02_mir/recover-20220922/UBNA_001/20220921_090000.WAV,Telephone Field,recover-20220922,001,1795
113.62049999999999,113.6285,28046,39736,Eptesicus serotinus,0.007,0.023,-1,Echolocation,/mnt/ubna_data_02_mir/recover-20220922/UBNA_001/20220921_090000.WAV,Telephone Field,recover-20220922,001,1795
113.64750000000001,113.6565,47812,55513,Pipistrellus pipistrellus,0.026,0.029,-1,Echolocation,/mnt/ubna_data_02_mir/recover-20220922/UBNA_001/20220921_090000.WAV,Telephone Field,recover-20220922,001,1795
113.6625,113.6708,27187,35534,Eptesicus serotinus,0.01,0.027,-1,Echolocation,/mnt/ubna_data_02_mir/recover-20220922/UBNA_001/20220921_090000.WAV,Telephone Field,recover-20220922,001,1795
113.7305,113.7384,28046,39117,Eptesicus serotinus,0.008,0.026,-1,Echolocation,/mnt/ubna_data_02_mir/recover-20220922/UBNA_001/20220921_090000.WAV,Telephone Field,recover-20220922,001,1795
113.7305,113.7376,33203,42761,Myotis daubentonii,0.009,0.024,-1,Echolocation,/mnt/ubna_data_02_mir/recover-20220922/UBNA_001/20220921_090000.WAV,Telephone Field,recover-20220922,001,1795
113.7305,113.7693,68437,82079,Rhinolophus ferrumequinum,0.035,0.035,-1,Echolocation,/mnt/ubna_data_02_mir/recover-20220922/UBNA_001/20220921_090000.WAV,Telephone Field,recover-20220922,001,1795
113.76650000000001,113.8051,68437,82167,Rhinolophus ferrumequinum,0.024,0.024,-1,Echolocation,/mnt/ubna_data_02_mir/recover-20220922/UBNA_001/20220921_090000.WAV,Telephone Field,recover-20220922,001,1795
113.7915,113.8004,26328,35614,Eptesicus serotinus,0.011,0.03,-1,Echolocation,/mnt/ubna_data_02_mir/recover-20220922/UBNA_001/20220921_090000.WAV,Telephone Field,recover-20220922,001,1795
113.7995,113.8347,68437,81115,Rhinolophus ferrumequinum,0.022,0.022,-1,Echolocation,/mnt/ubna_data_02_mir/recover-20220922/UBNA_001/20220921_090000.WAV,Telephone Field,recover-20220922,001,1795
113.8025,113.812,28046,37234,Eptesicus serotinus,0.009,0.022,-1,Echolocation,/mnt/ubna_data_02_mir/recover-20220922/UBNA_001/20220921_090000.WAV,Telephone Field,recover-20220922,001,1795
113.8085,113.8445,68437,81484,Rhinolophus ferrumequinum,0.024,0.024,-1,Echolocation,/mnt/ubna_data_02_mir/recover-20220922/UBNA_001/20220921_090000.WAV,Telephone Field,recover-20220922,001,1795
113.8155,113.8549,68437,81902,Rhinolophus ferrumequinum,0.026,0.026,-1,Echolocation,/mnt/ubna_data_02_mir/recover-20220922/UBNA_001/20220921_090000.WAV,Telephone Field,recover-20220922,001,1795
113.8275,113.8682,68437,82688,Rhinolophus ferrumequinum,0.03,0.03,-1,Echolocation,/mnt/ubna_data_02_mir/recover-20220922/UBNA_001/20220921_090000.WAV,Telephone Field,recover-20220922,001,1795
113.84649999999999,113.8563,28906,37805,Eptesicus serotinus,0.016,0.032,-1,Echolocation,/mnt/ubna_data_02_mir/recover-20220922/UBNA_001/20220921_090000.WAV,Telephone Field,recover-20220922,001,1795
113.8635,113.8746,28046,34228,Eptesicus serotinus,0.013,0.029,-1,Echolocation,/mnt/ubna_data_02_mir/recover-20220922/UBNA_001/20220921_090000.WAV,Telephone Field,recover-20220922,001,1795
113.8735,113.8829,28906,37727,Eptesicus serotinus,0.008,0.023,-1,Echolocation,/mnt/ubna_data_02_mir/recover-20220922/UBNA_001/20220921_090000.WAV,Telephone Field,recover-20220922,001,1795
113.88550000000001,113.9253,68437,82097,Rhinolophus ferrumequinum,0.023,0.023,-1,Echolocation,/mnt/ubna_data_02_mir/recover-20220922/UBNA_001/20220921_090000.WAV,Telephone Field,recover-20220922,001,1795
113.9065,113.9158,28046,37440,Eptesicus serotinus,0.01,0.022,-1,Echolocation,/mnt/ubna_data_02_mir/recover-20220922/UBNA_001/20220921_090000.WAV,Telephone Field,recover-20220922,001,1795
113.9545,113.9976,68437,82179,Rhinolophus ferrumequinum,0.035,0.035,-1,Echolocation,/mnt/ubna_data_02_mir/recover-20220922/UBNA_001/20220921_090000.WAV,Telephone Field,recover-20220922,001,1795
113.9845,113.99340000000001,28046,41179,Eptesicus serotinus,0.009,0.023,-1,Echolocation,/mnt/ubna_data_02_mir/recover-20220922/UBNA_001/20220921_090000.WAV,Telephone Field,recover-20220922,001,1795
114.0015,114.0112,27187,35319,Nyctalus leisleri,0.009,0.029,-1,Echolocation,/mnt/ubna_data_02_mir/recover-20220922/UBNA_001/20220921_090000.WAV,Telephone Field,recover-20220922,001,1795
114.0015,114.011,22031,28265,Nyctalus leisleri,0.011,0.029,-1,Echolocation,/mnt/ubna_data_02_mir/recover-20220922/UBNA_001/20220921_090000.WAV,Telephone Field,recover-20220922,001,1795
114.0015,114.03280000000001,69296,81705,Rhinolophus ferrumequinum,0.026,0.026,-1,Echolocation,/mnt/ubna_data_02_mir/recover-20220922/UBNA_001/20220921_090000.WAV,Telephone Field,recover-20220922,001,1795
114.01650000000001,114.0238,27187,41014,Eptesicus serotinus,0.007,0.022,-1,Echolocation,/mnt/ubna_data_02_mir/recover-20220922/UBNA_001/20220921_090000.WAV,Telephone Field,recover-20220922,001,1795
114.0545,114.0933,68437,82872,Rhinolophus ferrumequinum,0.025,0.025,-1,Echolocation,/mnt/ubna_data_02_mir/recover-20220922/UBNA_001/20220921_090000.WAV,Telephone Field,recover-20220922,001,1795
114.0555,114.0642,28046,36448,Eptesicus serotinus,0.011,0.022,-1,Echolocation,/mnt/ubna_data_02_mir/recover-20220922/UBNA_001/20220921_090000.WAV,Telephone Field,recover-20220922,001,1795
114.0585,114.0705,14296,19434,Nyctalus noctula,0.025,0.038,-1,Echolocation,/mnt/ubna_data_02_mir/recover-20220922/UBNA_001/20220921_090000.WAV,Telephone Field,recover-20220922,001,1795
114.0805,114.1161,68437,81553,Rhinolophus ferrumequinum,0.024,0.024,-1,Echolocation,/mnt/ubna_data_02_mir/recover-20220922/UBNA_001/20220921_090000.WAV,Telephone Field,recover-20220922,001,1795
114.0835,114.096,22031,25548,Nyctalus leisleri,0.014,0.024,-1,Echolocation,/mnt/ubna_data_02_mir/recover-20220922/UBNA_001/20220921_090000.WAV,Telephone Field,recover-20220922,001,1795
114.0885,114.1226,68437,81454,Rhinolophus ferrumequinum,0.021,0.021,-1,Echolocation,/mnt/ubna_data_02_mir/recover-20220922/UBNA_001/20220921_090000.WAV,Telephone Field,recover-20220922,001,1795
114.10849999999999,114.1477,68437,82051,Rhinolophus ferrumequinum,0.022,0.022,-1,Echolocation,/mnt/ubna_data_02_mir/recover-20220922/UBNA_001/20220921_090000.WAV,Telephone Field,recover-20220922,001,1795
114.1335,114.17060000000001,68437,81804,Rhinolophus ferrumequinum,0.023,0.023,-1,Echolocation,/mnt/ubna_data_02_mir/recover-20220922/UBNA_001/20220921_090000.WAV,Telephone Field,recover-20220922,001,1795
114.1425,114.1498,27187,41788,Eptesicus serotinus,0.007,0.022,-1,Echolocation,/mnt/ubna_data_02_mir/recover-20220922/UBNA_001/20220921_090000.WAV,Telephone Field,recover-20220922,001,1795
114.1455,114.15559999999999,22031,27705,Nyctalus leisleri,0.01,0.025,-1,Echolocation,/mnt/ubna_data_02_mir/recover-20220922/UBNA_001/20220921_090000.WAV,Telephone Field,recover-20220922,001,1795
114.14750000000001,114.1839,68437,81137,Rhinolophus ferrumequinum,0.035,0.035,-1,Echolocation,/mnt/ubna_data_02_mir/recover-20220922/UBNA_001/20220921_090000.WAV,Telephone Field,recover-20220922,001,1795
114.17150000000001,114.2102,68437,82181,Rhinolophus ferrumequinum,0.022,0.022,-1,Echolocation,/mnt/ubna_data_02_mir/recover-20220922/UBNA_001/20220921_090000.WAV,Telephone Field,recover-20220922,001,1795
114.1845,114.22149999999999,68437,82019,Rhinolophus ferrumequinum,0.021,0.021,-1,Echolocation,/mnt/ubna_data_02_mir/recover-20220922/UBNA_001/20220921_090000.WAV,Telephone Field,recover-20220922,001,1795
114.2135,114.2534,68437,83047,Rhinolophus ferrumequinum,0.029,0.029,-1,Echolocation,/mnt/ubna_data_02_mir/recover-20220922/UBNA_001/20220921_090000.WAV,Telephone Field,recover-20220922,001,1795
114.2635,114.30330000000001,68437,82982,Rhinolophus ferrumequinum,0.035,0.035,-1,Echolocation,/mnt/ubna_data_02_mir/recover-20220922/UBNA_001/20220921_090000.WAV,Telephone Field,recover-20220922,001,1795
114.3125,114.3516,68437,82175,Rhinolophus ferrumequinum,0.022,0.022,-1,Echolocation,/mnt/ubna_data_02_mir/recover-20220922/UBNA_001/20220921_090000.WAV,Telephone Field,recover-20220922,001,1795
114.3195,114.3302,22890,29237,Nyctalus leisleri,0.009,0.025,-1,Echolocation,/mnt/ubna_data_02_mir/recover-20220922/UBNA_001/20220921_090000.WAV,Telephone Field,recover-20220922,001,1795
114.3505,114.3918,68437,82998,Rhinolophus ferrumequinum,0.024,0.024,-1,Echolocation,/mnt/ubna_data_02_mir/recover-20220922/UBNA_001/20220921_090000.WAV,Telephone Field,recover-20220922,001,1795
114.4115,114.4549,68437,83374,Rhinolophus ferrumequinum,0.038,0.038,-1,Echolocation,/mnt/ubna_data_02_mir/recover-20220922/UBNA_001/20220921_090000.WAV,Telephone Field,recover-20220922,001,1795
114.4335,114.4716,68437,82459,Rhinolophus ferrumequinum,0.037,0.037,-1,Echolocation,/mnt/ubna_data_02_mir/recover-20220922/UBNA_001/20220921_090000.WAV,Telephone Field,recover-20220922,001,1795
114.4375,114.44669999999999,22031,28656,Plecotus austriacus,0.008,0.021,-1,Echolocation,/mnt/ubna_data_02_mir/recover-20220922/UBNA_001/20220921_090000.WAV,Telephone Field,recover-20220922,001,1795
114.4385,114.4485,29765,37963,Eptesicus serotinus,0.01,0.024,-1,Echolocation,/mnt/ubna_data_02_mir/recover-20220922/UBNA_001/20220921_090000.WAV,Telephone Field,recover-20220922,001,1795
114.4865,114.5271,68437,82728,Rhinolophus ferrumequinum,0.023,0.023,-1,Echolocation,/mnt/ubna_data_02_mir/recover-20220922/UBNA_001/20220921_090000.WAV,Telephone Field,recover-20220922,001,1795
114.48949999999999,114.4962,28046,41811,Eptesicus serotinus,0.007,0.026,-1,Echolocation,/mnt/ubna_data_02_mir/recover-20220922/UBNA_001/20220921_090000.WAV,Telephone Field,recover-20220922,001,1795
114.5005,114.5408,68437,82768,Rhinolophus ferrumequinum,0.022,0.022,-1,Echolocation,/mnt/ubna_data_02_mir/recover-20220922/UBNA_001/20220921_090000.WAV,Telephone Field,recover-20220922,001,1795
114.5055,114.5135,13437,26383,Plecotus auritus,0.017,0.022,-1,Echolocation,/mnt/ubna_data_02_mir/recover-20220922/UBNA_001/20220921_090000.WAV,Telephone Field,recover-20220922,001,1795
114.5155,114.5264,22031,26308,Nyctalus leisleri,0.012,0.023,-1,Echolocation,/mnt/ubna_data_02_mir/recover-20220922/UBNA_001/20220921_090000.WAV,Telephone Field,recover-20220922,001,1795
114.5575,114.5999,68437,82982,Rhinolophus ferrumequinum,0.044,0.044,-1,Echolocation,/mnt/ubna_data_02_mir/recover-20220922/UBNA_001/20220921_090000.WAV,Telephone Field,recover-20220922,001,1795
114.6245,114.6349,23750,31080,Nyctalus leisleri,0.015,0.039,-1,Echolocation,/mnt/ubna_data_02_mir/recover-20220922/UBNA_001/20220921_090000.WAV,Telephone Field,recover-20220922,001,1795
114.64150000000001,114.6502,26328,34503,Eptesicus serotinus,0.007,0.023,-1,Echolocation,/mnt/ubna_data_02_mir/recover-20220922/UBNA_001/20220921_090000.WAV,Telephone Field,recover-20220922,001,1795
114.6785,114.72,68437,82903,Rhinolophus ferrumequinum,0.028,0.028,-1,Echolocation,/mnt/ubna_data_02_mir/recover-20220922/UBNA_001/20220921_090000.WAV,Telephone Field,recover-20220922,001,1795
114.6985,114.7385,68437,82312,Rhinolophus ferrumequinum,0.022,0.022,-1,Echolocation,/mnt/ubna_data_02_mir/recover-20220922/UBNA_001/20220921_090000.WAV,Telephone Field,recover-20220922,001,1795
114.7255,114.7389,15156,21667,Nyctalus noctula,0.016,0.023,-1,Echolocation,/mnt/ubna_data_02_mir/recover-20220922/UBNA_001/20220921_090000.WAV,Telephone Field,recover-20220922,001,1795
114.7975,114.8078,22031,27062,Nyctalus leisleri,0.01,0.021,-1,Echolocation,/mnt/ubna_data_02_mir/recover-20220922/UBNA_001/20220921_090000.WAV,Telephone Field,recover-20220922,001,1795
114.8135,114.8516,68437,82236,Rhinolophus ferrumequinum,0.025,0.025,-1,Echolocation,/mnt/ubna_data_02_mir/recover-20220922/UBNA_001/20220921_090000.WAV,Telephone Field,recover-20220922,001,1795
114.8535,114.8933,68437,82430,Rhinolophus ferrumequinum,0.024,0.024,-1,Echolocation,/mnt/ubna_data_02_mir/recover-20220922/UBNA_001/20220921_090000.WAV,Telephone Field,recover-20220922,001,1795
114.9045,114.9139,28046,35417,Eptesicus serotinus,0.018,0.035,-1,Echolocation,/mnt/ubna_data_02_mir/recover-20220922/UBNA_001/20220921_090000.WAV,Telephone Field,recover-20220922,001,1795
114.9385,114.9777,68437,81907,Rhinolophus ferrumequinum,0.023,0.023,-1,Echolocation,/mnt/ubna_data_02_mir/recover-20220922/UBNA_001/20220921_090000.WAV,Telephone Field,recover-20220922,001,1795
114.9685,114.9773,28046,39746,Eptesicus serotinus,0.008,0.022,-1,Echolocation,/mnt/ubna_data_02_mir/recover-20220922/UBNA_001/20220921_090000.WAV,Telephone Field,recover-20220922,001,1795
114.9795,115.0166,68437,82054,Rhinolophus ferrumequinum,0.025,0.025,-1,Echolocation,/mnt/ubna_data_02_mir/recover-20220922/UBNA_001/20220921_090000.WAV,Telephone Field,recover-20220922,001,1795
114.9875,115.0239,68437,82054,Rhinolophus ferrumequinum,0.024,0.024,-1,Echolocation,/mnt/ubna_data_02_mir/recover-20220922/UBNA_001/20220921_090000.WAV,Telephone Field,recover-20220922,001,1795
115.0095,115.0303,18593,22045,Nyctalus noctula,0.033,0.049,-1,Echolocation,/mnt/ubna_data_02_mir/recover-20220922/UBNA_001/20220921_090000.WAV,Telephone Field,recover-20220922,001,1795
115.0415,115.0813,68437,82427,Rhinolophus ferrumequinum,0.025,0.025,-1,Echolocation,/mnt/ubna_data_02_mir/recover-20220922/UBNA_001/20220921_090000.WAV,Telephone Field,recover-20220922,001,1795
115.0585,115.0961,68437,81925,Rhinolophus ferrumequinum,0.022,0.022,-1,Echolocation,/mnt/ubna_data_02_mir/recover-20220922/UBNA_001/20220921_090000.WAV,Telephone Field,recover-20220922,001,1795
115.0925,115.1014,28046,40691,Eptesicus serotinus,0.008,0.022,-1,Echolocation,/mnt/ubna_data_02_mir/recover-20220922/UBNA_001/20220921_090000.WAV,Telephone Field,recover-20220922,001,1795
115.0955,115.13329999999999,68437,82065,Rhinolophus ferrumequinum,0.023,0.023,-1,Echolocation,/mnt/ubna_data_02_mir/recover-20220922/UBNA_001/20220921_090000.WAV,Telephone Field,recover-20220922,001,1795
115.1235,115.1613,68437,81418,Rhinolophus ferrumequinum,0.022,0.022,-1,Echolocation,/mnt/ubna_data_02_mir/recover-20220922/UBNA_001/20220921_090000.WAV,Telephone Field,recover-20220922,001,1795
115.1625,115.1997,68437,82630,Rhinolophus ferrumequinum,0.022,0.022,-1,Echolocation,/mnt/ubna_data_02_mir/recover-20220922/UBNA_001/20220921_090000.WAV,Telephone Field,recover-20220922,001,1795
115.1685,115.1788,28906,36413,Eptesicus serotinus,0.01,0.022,-1,Echolocation,/mnt/ubna_data_02_mir/recover-20220922/UBNA_001/20220921_090000.WAV,Telephone Field,recover-20220922,001,1795
115.1845,115.2249,68437,82686,Rhinolophus ferrumequinum,0.027,0.027,-1,Echolocation,/mnt/ubna_data_02_mir/recover-20220922/UBNA_001/20220921_090000.WAV,Telephone Field,recover-20220922,001,1795
115.2525,115.2908,68437,82055,Rhinolophus ferrumequinum,0.022,0.022,-1,Echolocation,/mnt/ubna_data_02_mir/recover-20220922/UBNA_001/20220921_090000.WAV,Telephone Field,recover-20220922,001,1795
115.3395,115.381,68437,82509,Rhinolophus ferrumequinum,0.022,0.022,-1,Echolocation,/mnt/ubna_data_02_mir/recover-20220922/UBNA_001/20220921_090000.WAV,Telephone Field,recover-20220922,001,1795
115.3515,115.3911,68437,81676,Rhinolophus ferrumequinum,0.023,0.023,-1,Echolocation,/mnt/ubna_data_02_mir/recover-20220922/UBNA_001/20220921_090000.WAV,Telephone Field,recover-20220922,001,1795
115.3985,115.4366,68437,81940,Rhinolophus ferrumequinum,0.023,0.023,-1,Echolocation,/mnt/ubna_data_02_mir/recover-20220922/UBNA_001/20220921_090000.WAV,Telephone Field,recover-20220922,001,1795
115.4525,115.4954,68437,82964,Rhinolophus ferrumequinum,0.027,0.027,-1,Echolocation,/mnt/ubna_data_02_mir/recover-20220922/UBNA_001/20220921_090000.WAV,Telephone Field,recover-20220922,001,1795
115.4555,115.4625,26328,36401,Eptesicus serotinus,0.007,0.024,-1,Echolocation,/mnt/ubna_data_02_mir/recover-20220922/UBNA_001/20220921_090000.WAV,Telephone Field,recover-20220922,001,1795
115.4695,115.48179999999999,15156,21913,Nyctalus noctula,0.018,0.03,-1,Echolocation,/mnt/ubna_data_02_mir/recover-20220922/UBNA_001/20220921_090000.WAV,Telephone Field,recover-20220922,001,1795
115.5075,115.51480000000001,28906,40411,Eptesicus serotinus,0.007,0.021,-1,Echolocation,/mnt/ubna_data_02_mir/recover-20220922/UBNA_001/20220921_090000.WAV,Telephone Field,recover-20220922,001,1795
115.5155,115.5528,68437,81924,Rhinolophus ferrumequinum,0.023,0.023,-1,Echolocation,/mnt/ubna_data_02_mir/recover-20220922/UBNA_001/20220921_090000.WAV,Telephone Field,recover-20220922,001,1795
115.53450000000001,115.54769999999999,22031,25720,Nyctalus leisleri,0.018,0.028,-1,Echolocation,/mnt/ubna_data_02_mir/recover-20220922/UBNA_001/20220921_090000.WAV,Telephone Field,recover-20220922,001,1795
115.5605,115.5725,37500,42152,Pipistrellus nathusii,0.007,0.022,-1,Echolocation,/mnt/ubna_data_02_mir/recover-20220922/UBNA_001/20220921_090000.WAV,Telephone Field,recover-20220922,001,1795
115.5625,115.5722,22890,28957,Nyctalus leisleri,0.008,0.022,-1,Echolocation,/mnt/ubna_data_02_mir/recover-20220922/UBNA_001/20220921_090000.WAV,Telephone Field,recover-20220922,001,1795
115.5805,115.6182,68437,81839,Rhinolophus ferrumequinum,0.023,0.023,-1,Echolocation,/mnt/ubna_data_02_mir/recover-20220922/UBNA_001/20220921_090000.WAV,Telephone Field,recover-20220922,001,1795
115.5985,115.6199,19453,22422,Nyctalus leisleri,0.018,0.037,-1,Echolocation,/mnt/ubna_data_02_mir/recover-20220922/UBNA_001/20220921_090000.WAV,Telephone Field,recover-20220922,001,1795
115.6695,115.6803,23750,29242,Nyctalus leisleri,0.011,0.023,-1,Echolocation,/mnt/ubna_data_02_mir/recover-20220922/UBNA_001/20220921_090000.WAV,Telephone Field,recover-20220922,001,1795
115.7495,115.7881,68437,82514,Rhinolophus ferrumequinum,0.026,0.026,-1,Echolocation,/mnt/ubna_data_02_mir/recover-20220922/UBNA_001/20220921_090000.WAV,Telephone Field,recover-20220922,001,1795
115.7715,115.80799999999999,68437,80505,Rhinolophus ferrumequinum,0.024,0.024,-1,Echolocation,/mnt/ubna_data_02_mir/recover-20220922/UBNA_001/20220921_090000.WAV,Telephone Field,recover-20220922,001,1795
115.7875,115.8281,68437,83066,Rhinolophus ferrumequinum,0.024,0.024,-1,Echolocation,/mnt/ubna_data_02_mir/recover-20220922/UBNA_001/20220921_090000.WAV,Telephone Field,recover-20220922,001,1795
115.7895,115.8001,26328,33642,Eptesicus serotinus,0.01,0.023,-1,Echolocation,/mnt/ubna_data_02_mir/recover-20220922/UBNA_001/20220921_090000.WAV,Telephone Field,recover-20220922,001,1795
115.7995,115.8124,14296,19133,Nyctalus noctula,0.017,0.029,-1,Echolocation,/mnt/ubna_data_02_mir/recover-20220922/UBNA_001/20220921_090000.WAV,Telephone Field,recover-20220922,001,1795
115.8065,115.8151,28046,38368,Eptesicus serotinus,0.009,0.022,-1,Echolocation,/mnt/ubna_data_02_mir/recover-20220922/UBNA_001/20220921_090000.WAV,Telephone Field,recover-20220922,001,1795
115.9455,115.9555,28046,36626,Eptesicus serotinus,0.009,0.022,-1,Echolocation,/mnt/ubna_data_02_mir/recover-20220922/UBNA_001/20220921_090000.WAV,Telephone Field,recover-20220922,001,1795
115.9825,115.9896,28046,40448,Eptesicus serotinus,0.006,0.022,-1,Echolocation,/mnt/ubna_data_02_mir/recover-20220922/UBNA_001/20220921_090000.WAV,Telephone Field,recover-20220922,001,1795
116.0015,116.033,68437,79824,Rhinolophus ferrumequinum,0.026,0.026,-1,Echolocation,/mnt/ubna_data_02_mir/recover-20220922/UBNA_001/20220921_090000.WAV,Telephone Field,recover-20220922,001,1795
116.0015,116.0106,26328,34686,Nyctalus leisleri,0.008,0.029,-1,Echolocation,/mnt/ubna_data_02_mir/recover-20220922/UBNA_001/20220921_090000.WAV,Telephone Field,recover-20220922,001,1795
116.0015,116.0139,19453,24495,Nyctalus noctula,0.01,0.027,-1,Echolocation,/mnt/ubna_data_02_mir/recover-20220922/UBNA_001/20220921_090000.WAV,Telephone Field,recover-20220922,001,1795
116.01650000000001,116.055,68437,82229,Rhinolophus ferrumequinum,0.021,0.021,-1,Echolocation,/mnt/ubna_data_02_mir/recover-20220922/UBNA_001/20220921_090000.WAV,Telephone Field,recover-20220922,001,1795
116.02250000000001,116.0625,68437,82008,Rhinolophus ferrumequinum,0.022,0.022,-1,Echolocation,/mnt/ubna_data_02_mir/recover-20220922/UBNA_001/20220921_090000.WAV,Telephone Field,recover-20220922,001,1795
116.0275,116.0358,32343,42233,Myotis daubentonii,0.007,0.023,-1,Echolocation,/mnt/ubna_data_02_mir/recover-20220922/UBNA_001/20220921_090000.WAV,Telephone Field,recover-20220922,001,1795
116.0275,116.0661,68437,82080,Rhinolophus ferrumequinum,0.023,0.023,-1,Echolocation,/mnt/ubna_data_02_mir/recover-20220922/UBNA_001/20220921_090000.WAV,Telephone Field,recover-20220922,001,1795
116.0775,116.11789999999999,68437,82212,Rhinolophus ferrumequinum,0.026,0.026,-1,Echolocation,/mnt/ubna_data_02_mir/recover-20220922/UBNA_001/20220921_090000.WAV,Telephone Field,recover-20220922,001,1795
116.0865,116.12780000000001,68437,82834,Rhinolophus ferrumequinum,0.029,0.029,-1,Echolocation,/mnt/ubna_data_02_mir/recover-20220922/UBNA_001/20220921_090000.WAV,Telephone Field,recover-20220922,001,1795
116.1325,116.1716,68437,82316,Rhinolophus ferrumequinum,0.022,0.022,-1,Echolocation,/mnt/ubna_data_02_mir/recover-20220922/UBNA_001/20220921_090000.WAV,Telephone Field,recover-20220922,001,1795
116.13550000000001,116.1443,28046,36670,Eptesicus serotinus,0.008,0.024,-1,Echolocation,/mnt/ubna_data_02_mir/recover-20220922/UBNA_001/20220921_090000.WAV,Telephone Field,recover-20220922,001,1795
116.1775,116.184,27187,36724,Eptesicus serotinus,0.006,0.023,-1,Echolocation,/mnt/ubna_data_02_mir/recover-20220922/UBNA_001/20220921_090000.WAV,Telephone Field,recover-20220922,001,1795
116.1805,116.219,68437,82205,Rhinolophus ferrumequinum,0.022,0.022,-1,Echolocation,/mnt/ubna_data_02_mir/recover-20220922/UBNA_001/20220921_090000.WAV,Telephone Field,recover-20220922,001,1795
116.2065,116.24510000000001,68437,82058,Rhinolophus ferrumequinum,0.028,0.028,-1,Echolocation,/mnt/ubna_data_02_mir/recover-20220922/UBNA_001/20220921_090000.WAV,Telephone Field,recover-20220922,001,1795
116.21549999999999,116.2487,68437,81378,Rhinolophus ferrumequinum,0.021,0.022,-1,Echolocation,/mnt/ubna_data_02_mir/recover-20220922/UBNA_001/20220921_090000.WAV,Telephone Field,recover-20220922,001,1795
116.2565,116.2976,68437,82644,Rhinolophus ferrumequinum,0.029,0.029,-1,Echolocation,/mnt/ubna_data_02_mir/recover-20220922/UBNA_001/20220921_090000.WAV,Telephone Field,recover-20220922,001,1795
116.29050000000001,116.3015,24609,30838,Eptesicus serotinus,0.008,0.023,-1,Echolocation,/mnt/ubna_data_02_mir/recover-20220922/UBNA_001/20220921_090000.WAV,Telephone Field,recover-20220922,001,1795
116.3355,116.3703,68437,81958,Rhinolophus ferrumequinum,0.022,0.022,-1,Echolocation,/mnt/ubna_data_02_mir/recover-20220922/UBNA_001/20220921_090000.WAV,Telephone Field,recover-20220922,001,1795
116.3515,116.389,68437,81575,Rhinolophus ferrumequinum,0.023,0.023,-1,Echolocation,/mnt/ubna_data_02_mir/recover-20220922/UBNA_001/20220921_090000.WAV,Telephone Field,recover-20220922,001,1795
116.3755,116.4137,68437,82331,Rhinolophus ferrumequinum,0.026,0.026,-1,Echolocation,/mnt/ubna_data_02_mir/recover-20220922/UBNA_001/20220921_090000.WAV,Telephone Field,recover-20220922,001,1795
116.41550000000001,116.4536,68437,82241,Rhinolophus ferrumequinum,0.024,0.024,-1,Echolocation,/mnt/ubna_data_02_mir/recover-20220922/UBNA_001/20220921_090000.WAV,Telephone Field,recover-20220922,001,1795
116.4255,116.4345,28046,38272,Eptesicus serotinus,0.009,0.023,-1,Echolocation,/mnt/ubna_data_02_mir/recover-20220922/UBNA_001/20220921_090000.WAV,Telephone Field,recover-20220922,001,1795
116.4335,116.4725,68437,82285,Rhinolophus ferrumequinum,0.023,0.023,-1,Echolocation,/mnt/ubna_data_02_mir/recover-20220922/UBNA_001/20220921_090000.WAV,Telephone Field,recover-20220922,001,1795
116.4725,116.4865,21171,25383,Nyctalus leisleri,0.013,0.025,-1,Echolocation,/mnt/ubna_data_02_mir/recover-20220922/UBNA_001/20220921_090000.WAV,Telephone Field,recover-20220922,001,1795
116.4725,116.5093,68437,81648,Rhinolophus ferrumequinum,0.023,0.023,-1,Echolocation,/mnt/ubna_data_02_mir/recover-20220922/UBNA_001/20220921_090000.WAV,Telephone Field,recover-20220922,001,1795
116.4995,116.53960000000001,68437,83099,Rhinolophus ferrumequinum,0.034,0.034,-1,Echolocation,/mnt/ubna_data_02_mir/recover-20220922/UBNA_001/20220921_090000.WAV,Telephone Field,recover-20220922,001,1795
116.5085,116.5514,68437,83414,Rhinolophus ferrumequinum,0.028,0.028,-1,Echolocation,/mnt/ubna_data_02_mir/recover-20220922/UBNA_001/20220921_090000.WAV,Telephone Field,recover-20220922,001,1795
116.52250000000001,116.5622,68437,82884,Rhinolophus ferrumequinum,0.025,0.025,-1,Echolocation,/mnt/ubna_data_02_mir/recover-20220922/UBNA_001/20220921_090000.WAV,Telephone Field,recover-20220922,001,1795
116.5455,116.58500000000001,68437,82109,Rhinolophus ferrumequinum,0.043,0.043,-1,Echolocation,/mnt/ubna_data_02_mir/recover-20220922/UBNA_001/20220921_090000.WAV,Telephone Field,recover-20220922,001,1795
116.5775,116.617,68437,82586,Rhinolophus ferrumequinum,0.024,0.024,-1,Echolocation,/mnt/ubna_data_02_mir/recover-20220922/UBNA_001/20220921_090000.WAV,Telephone Field,recover-20220922,001,1795
116.5945,116.6358,68437,82629,Rhinolophus ferrumequinum,0.027,0.027,-1,Echolocation,/mnt/ubna_data_02_mir/recover-20220922/UBNA_001/20220921_090000.WAV,Telephone Field,recover-20220922,001,1795
116.6195,116.6584,68437,81959,Rhinolophus ferrumequinum,0.036,0.036,-1,Echolocation,/mnt/ubna_data_02_mir/recover-20220922/UBNA_001/20220921_090000.WAV,Telephone Field,recover-20220922,001,1795
116.6495,116.658,27187,36595,Eptesicus serotinus,0.008,0.024,-1,Echolocation,/mnt/ubna_data_02_mir/recover-20220922/UBNA_001/20220921_090000.WAV,Telephone Field,recover-20220922,001,1795
116.6515,116.6945,68437,83070,Rhinolophus ferrumequinum,0.024,0.024,-1,Echolocation,/mnt/ubna_data_02_mir/recover-20220922/UBNA_001/20220921_090000.WAV,Telephone Field,recover-20220922,001,1795
116.6625,116.7029,68437,82587,Rhinolophus ferrumequinum,0.022,0.023,-1,Echolocation,/mnt/ubna_data_02_mir/recover-20220922/UBNA_001/20220921_090000.WAV,Telephone Field,recover-20220922,001,1795
116.6745,116.7147,68437,82692,Rhinolophus ferrumequinum,0.03,0.03,-1,Echolocation,/mnt/ubna_data_02_mir/recover-20220922/UBNA_001/20220921_090000.WAV,Telephone Field,recover-20220922,001,1795
116.7055,116.7425,68437,81567,Rhinolophus ferrumequinum,0.022,0.022,-1,Echolocation,/mnt/ubna_data_02_mir/recover-20220922/UBNA_001/20220921_090000.WAV,Telephone Field,recover-20220922,001,1795
116.73349999999999,116.77289999999999,68437,82605,Rhinolophus ferrumequinum,0.025,0.025,-1,Echolocation,/mnt/ubna_data_02_mir/recover-20220922/UBNA_001/20220921_090000.WAV,Telephone Field,recover-20220922,001,1795
116.7495,116.7595,23750,30461,Nyctalus leisleri,0.009,0.025,-1,Echolocation,/mnt/ubna_data_02_mir/recover-20220922/UBNA_001/20220921_090000.WAV,Telephone Field,recover-20220922,001,1795
116.7565,116.7957,68437,82147,Rhinolophus ferrumequinum,0.023,0.023,-1,Echolocation,/mnt/ubna_data_02_mir/recover-20220922/UBNA_001/20220921_090000.WAV,Telephone Field,recover-20220922,001,1795
116.8065,116.8493,68437,82949,Rhinolophus ferrumequinum,0.039,0.039,-1,Echolocation,/mnt/ubna_data_02_mir/recover-20220922/UBNA_001/20220921_090000.WAV,Telephone Field,recover-20220922,001,1795
116.8195,116.8604,68437,82364,Rhinolophus ferrumequinum,0.028,0.028,-1,Echolocation,/mnt/ubna_data_02_mir/recover-20220922/UBNA_001/20220921_090000.WAV,Telephone Field,recover-20220922,001,1795
116.8455,116.8827,68437,82051,Rhinolophus ferrumequinum,0.023,0.023,-1,Echolocation,/mnt/ubna_data_02_mir/recover-20220922/UBNA_001/20220921_090000.WAV,Telephone Field,recover-20220922,001,1795
116.8625,116.9048,68437,82971,Rhinolophus ferrumequinum,0.027,0.027,-1,Echolocation,/mnt/ubna_data_02_mir/recover-20220922/UBNA_001/20220921_090000.WAV,Telephone Field,recover-20220922,001,1795
116.89750000000001,116.90559999999999,28046,37758,Eptesicus serotinus,0.007,0.022,-1,Echolocation,/mnt/ubna_data_02_mir/recover-20220922/UBNA_001/20220921_090000.WAV,Telephone Field,recover-20220922,001,1795
116.90950000000001,116.9494,68437,82910,Rhinolophus ferrumequinum,0.024,0.024,-1,Echolocation,/mnt/ubna_data_02_mir/recover-20220922/UBNA_001/20220921_090000.WAV,Telephone Field,recover-20220922,001,1795
116.9225,116.9646,68437,82601,Rhinolophus ferrumequinum,0.034,0.034,-1,Echolocation,/mnt/ubna_data_02_mir/recover-20220922/UBNA_001/20220921_090000.WAV,Telephone Field,recover-20220922,001,1795
116.9625,117.0003,68437,82195,Rhinolophus ferrumequinum,0.025,0.025,-1,Echolocation,/mnt/ubna_data_02_mir/recover-20220922/UBNA_001/20220921_090000.WAV,Telephone Field,recover-20220922,001,1795
116.9845,117.02420000000001,68437,82440,Rhinolophus ferrumequinum,0.048,0.048,-1,Echolocation,/mnt/ubna_data_02_mir/recover-20220922/UBNA_001/20220921_090000.WAV,Telephone Field,recover-20220922,001,1795
116.9915,116.9983,23750,33590,Plecotus austriacus,0.02,0.039,-1,Echolocation,/mnt/ubna_data_02_mir/recover-20220922/UBNA_001/20220921_090000.WAV,Telephone Field,recover-20220922,001,1795
116.9915,116.9998,43515,52121,Pipistrellus pipistrellus,0.018,0.027,-1,Echolocation,/mnt/ubna_data_02_mir/recover-20220922/UBNA_001/20220921_090000.WAV,Telephone Field,recover-20220922,001,1795
116.9925,117.0349,68437,83381,Rhinolophus ferrumequinum,0.04,0.04,-1,Echolocation,/mnt/ubna_data_02_mir/recover-20220922/UBNA_001/20220921_090000.WAV,Telephone Field,recover-20220922,001,1795
117.01650000000001,117.0265,14296,20921,Nyctalus noctula,0.011,0.021,-1,Echolocation,/mnt/ubna_data_02_mir/recover-20220922/UBNA_001/20220921_090000.WAV,Telephone Field,recover-20220922,001,1795
117.0325,117.0435,24609,30745,Nyctalus leisleri,0.009,0.024,-1,Echolocation,/mnt/ubna_data_02_mir/recover-20220922/UBNA_001/20220921_090000.WAV,Telephone Field,recover-20220922,001,1795
117.03450000000001,117.0746,68437,82013,Rhinolophus ferrumequinum,0.031,0.031,-1,Echolocation,/mnt/ubna_data_02_mir/recover-20220922/UBNA_001/20220921_090000.WAV,Telephone Field,recover-20220922,001,1795
117.0565,117.07079999999999,23750,29092,Nyctalus leisleri,0.02,0.04,-1,Echolocation,/mnt/ubna_data_02_mir/recover-20220922/UBNA_001/20220921_090000.WAV,Telephone Field,recover-20220922,001,1795
117.0595,117.0994,68437,82102,Rhinolophus ferrumequinum,0.027,0.027,-1,Echolocation,/mnt/ubna_data_02_mir/recover-20220922/UBNA_001/20220921_090000.WAV,Telephone Field,recover-20220922,001,1795
117.0745,117.1105,68437,81947,Rhinolophus ferrumequinum,0.023,0.023,-1,Echolocation,/mnt/ubna_data_02_mir/recover-20220922/UBNA_001/20220921_090000.WAV,Telephone Field,recover-20220922,001,1795
117.0835,117.0906,27187,39265,Eptesicus serotinus,0.006,0.024,-1,Echolocation,/mnt/ubna_data_02_mir/recover-20220922/UBNA_001/20220921_090000.WAV,Telephone Field,recover-20220922,001,1795
117.1395,117.1489,25468,33637,Eptesicus serotinus,0.009,0.03,-1,Echolocation,/mnt/ubna_data_02_mir/recover-20220922/UBNA_001/20220921_090000.WAV,Telephone Field,recover-20220922,001,1795
117.1525,117.16720000000001,22890,27452,Nyctalus leisleri,0.013,0.024,-1,Echolocation,/mnt/ubna_data_02_mir/recover-20220922/UBNA_001/20220921_090000.WAV,Telephone Field,recover-20220922,001,1795
117.1585,117.1666,26328,34439,Eptesicus serotinus,0.008,0.023,-1,Echolocation,/mnt/ubna_data_02_mir/recover-20220922/UBNA_001/20220921_090000.WAV,Telephone Field,recover-20220922,001,1795
117.1675,117.2067,68437,82243,Rhinolophus ferrumequinum,0.032,0.032,-1,Echolocation,/mnt/ubna_data_02_mir/recover-20220922/UBNA_001/20220921_090000.WAV,Telephone Field,recover-20220922,001,1795
117.1795,117.2164,68437,81727,Rhinolophus ferrumequinum,0.021,0.022,-1,Echolocation,/mnt/ubna_data_02_mir/recover-20220922/UBNA_001/20220921_090000.WAV,Telephone Field,recover-20220922,001,1795
117.1995,117.2378,68437,82072,Rhinolophus ferrumequinum,0.042,0.042,-1,Echolocation,/mnt/ubna_data_02_mir/recover-20220922/UBNA_001/20220921_090000.WAV,Telephone Field,recover-20220922,001,1795
117.2195,117.2286,26328,36251,Eptesicus serotinus,0.008,0.023,-1,Echolocation,/mnt/ubna_data_02_mir/recover-20220922/UBNA_001/20220921_090000.WAV,Telephone Field,recover-20220922,001,1795
117.2415,117.2523,57265,62939,Pipistrellus pygmaeus,0.021,0.023,-1,Echolocation,/mnt/ubna_data_02_mir/recover-20220922/UBNA_001/20220921_090000.WAV,Telephone Field,recover-20220922,001,1795
117.2635,117.274,22031,26764,Nyctalus leisleri,0.011,0.021,-1,Echolocation,/mnt/ubna_data_02_mir/recover-20220922/UBNA_001/20220921_090000.WAV,Telephone Field,recover-20220922,001,1795
117.2765,117.3158,68437,81676,Rhinolophus ferrumequinum,0.04,0.04,-1,Echolocation,/mnt/ubna_data_02_mir/recover-20220922/UBNA_001/20220921_090000.WAV,Telephone Field,recover-20220922,001,1795
117.2925,117.32939999999999,68437,81626,Rhinolophus ferrumequinum,0.021,0.021,-1,Echolocation,/mnt/ubna_data_02_mir/recover-20220922/UBNA_001/20220921_090000.WAV,Telephone Field,recover-20220922,001,1795
117.3425,117.3846,68437,82522,Rhinolophus ferrumequinum,0.023,0.023,-1,Echolocation,/mnt/ubna_data_02_mir/recover-20220922/UBNA_001/20220921_090000.WAV,Telephone Field,recover-20220922,001,1795
117.3505,117.3866,68437,81474,Rhinolophus ferrumequinum,0.023,0.023,-1,Echolocation,/mnt/ubna_data_02_mir/recover-20220922/UBNA_001/20220921_090000.WAV,Telephone Field,recover-20220922,001,1795
117.3625,117.37010000000001,28046,37967,Eptesicus serotinus,0.008,0.025,-1,Echolocation,/mnt/ubna_data_02_mir/recover-20220922/UBNA_001/20220921_090000.WAV,Telephone Field,recover-20220922,001,1795
117.3895,117.4299,68437,82086,Rhinolophus ferrumequinum,0.024,0.024,-1,Echolocation,/mnt/ubna_data_02_mir/recover-20220922/UBNA_001/20220921_090000.WAV,Telephone Field,recover-20220922,001,1795
117.3965,117.437,68437,82514,Rhinolophus ferrumequinum,0.025,0.025,-1,Echolocation,/mnt/ubna_data_02_mir/recover-20220922/UBNA_001/20220921_090000.WAV,Telephone Field,recover-20220922,001,1795
117.4135,117.4241,28906,35350,Eptesicus serotinus,0.009,0.022,-1,Echolocation,/mnt/ubna_data_02_mir/recover-20220922/UBNA_001/20220921_090000.WAV,Telephone Field,recover-20220922,001,1795
117.4255,117.464,68437,82239,Rhinolophus ferrumequinum,0.022,0.022,-1,Echolocation,/mnt/ubna_data_02_mir/recover-20220922/UBNA_001/20220921_090000.WAV,Telephone Field,recover-20220922,001,1795
117.4395,117.4471,26328,36100,Eptesicus serotinus,0.01,0.028,-1,Echolocation,/mnt/ubna_data_02_mir/recover-20220922/UBNA_001/20220921_090000.WAV,Telephone Field,recover-20220922,001,1795
117.4585,117.467,25468,34578,Eptesicus serotinus,0.008,0.022,-1,Echolocation,/mnt/ubna_data_02_mir/recover-20220922/UBNA_001/20220921_090000.WAV,Telephone Field,recover-20220922,001,1795
117.48349999999999,117.523,68437,82363,Rhinolophus ferrumequinum,0.023,0.023,-1,Echolocation,/mnt/ubna_data_02_mir/recover-20220922/UBNA_001/20220921_090000.WAV,Telephone Field,recover-20220922,001,1795
117.5035,117.5355,68437,80497,Rhinolophus ferrumequinum,0.022,0.022,-1,Echolocation,/mnt/ubna_data_02_mir/recover-20220922/UBNA_001/20220921_090000.WAV,Telephone Field,recover-20220922,001,1795
117.5235,117.5643,68437,82423,Rhinolophus ferrumequinum,0.022,0.022,-1,Echolocation,/mnt/ubna_data_02_mir/recover-20220922/UBNA_001/20220921_090000.WAV,Telephone Field,recover-20220922,001,1795
117.5435,117.5822,68437,81529,Rhinolophus ferrumequinum,0.032,0.032,-1,Echolocation,/mnt/ubna_data_02_mir/recover-20220922/UBNA_001/20220921_090000.WAV,Telephone Field,recover-20220922,001,1795
117.5805,117.62180000000001,68437,83020,Rhinolophus ferrumequinum,0.022,0.022,-1,Echolocation,/mnt/ubna_data_02_mir/recover-20220922/UBNA_001/20220921_090000.WAV,Telephone Field,recover-20220922,001,1795
117.5815,117.5909,28046,36507,Eptesicus serotinus,0.009,0.022,-1,Echolocation,/mnt/ubna_data_02_mir/recover-20220922/UBNA_001/20220921_090000.WAV,Telephone Field,recover-20220922,001,1795
117.5875,117.5964,22890,30062,Plecotus austriacus,0.011,0.027,-1,Echolocation,/mnt/ubna_data_02_mir/recover-20220922/UBNA_001/20220921_090000.WAV,Telephone Field,recover-20220922,001,1795
117.6175,117.6536,68437,81871,Rhinolophus ferrumequinum,0.021,0.021,-1,Echolocation,/mnt/ubna_data_02_mir/recover-20220922/UBNA_001/20220921_090000.WAV,Telephone Field,recover-20220922,001,1795
117.62049999999999,117.6284,23750,32002,Plecotus austriacus,0.011,0.025,-1,Echolocation,/mnt/ubna_data_02_mir/recover-20220922/UBNA_001/20220921_090000.WAV,Telephone Field,recover-20220922,001,1795
117.6335,117.6683,68437,81011,Rhinolophus ferrumequinum,0.022,0.022,-1,Echolocation,/mnt/ubna_data_02_mir/recover-20220922/UBNA_001/20220921_090000.WAV,Telephone Field,recover-20220922,001,1795
117.6375,117.6459,44375,51679,Pipistrellus pipistrellus,0.019,0.023,-1,Echolocation,/mnt/ubna_data_02_mir/recover-20220922/UBNA_001/20220921_090000.WAV,Telephone Field,recover-20220922,001,1795
117.6605,117.6988,68437,82645,Rhinolophus ferrumequinum,0.023,0.023,-1,Echolocation,/mnt/ubna_data_02_mir/recover-20220922/UBNA_001/20220921_090000.WAV,Telephone Field,recover-20220922,001,1795
117.6675,117.7076,68437,82297,Rhinolophus ferrumequinum,0.024,0.024,-1,Echolocation,/mnt/ubna_data_02_mir/recover-20220922/UBNA_001/20220921_090000.WAV,Telephone Field,recover-20220922,001,1795
117.6915,117.7311,68437,82398,Rhinolophus ferrumequinum,0.023,0.023,-1,Echolocation,/mnt/ubna_data_02_mir/recover-20220922/UBNA_001/20220921_090000.WAV,Telephone Field,recover-20220922,001,1795
117.7075,117.7466,68437,82215,Rhinolophus ferrumequinum,0.023,0.023,-1,Echolocation,/mnt/ubna_data_02_mir/recover-20220922/UBNA_001/20220921_090000.WAV,Telephone Field,recover-20220922,001,1795
117.7285,117.7491,20312,22912,Nyctalus leisleri,0.016,0.028,-1,Echolocation,/mnt/ubna_data_02_mir/recover-20220922/UBNA_001/20220921_090000.WAV,Telephone Field,recover-20220922,001,1795
117.7485,117.7557,50390,55126,Pipistrellus pipistrellus,0.042,0.044,-1,Echolocation,/mnt/ubna_data_02_mir/recover-20220922/UBNA_001/20220921_090000.WAV,Telephone Field,recover-20220922,001,1795
117.75450000000001,117.795,68437,82732,Rhinolophus ferrumequinum,0.023,0.023,-1,Echolocation,/mnt/ubna_data_02_mir/recover-20220922/UBNA_001/20220921_090000.WAV,Telephone Field,recover-20220922,001,1795
117.7585,117.76910000000001,29765,38550,Eptesicus serotinus,0.01,0.027,-1,Echolocation,/mnt/ubna_data_02_mir/recover-20220922/UBNA_001/20220921_090000.WAV,Telephone Field,recover-20220922,001,1795
117.7655,117.7772,33203,37895,Pipistrellus nathusii,0.011,0.028,-1,Echolocation,/mnt/ubna_data_02_mir/recover-20220922/UBNA_001/20220921_090000.WAV,Telephone Field,recover-20220922,001,1795
117.7825,117.81909999999999,68437,81447,Rhinolophus ferrumequinum,0.022,0.022,-1,Echolocation,/mnt/ubna_data_02_mir/recover-20220922/UBNA_001/20220921_090000.WAV,Telephone Field,recover-20220922,001,1795
117.8085,117.84819999999999,68437,82386,Rhinolophus ferrumequinum,0.023,0.023,-1,Echolocation,/mnt/ubna_data_02_mir/recover-20220922/UBNA_001/20220921_090000.WAV,Telephone Field,recover-20220922,001,1795
117.8155,117.85419999999999,68437,82437,Rhinolophus ferrumequinum,0.024,0.024,-1,Echolocation,/mnt/ubna_data_02_mir/recover-20220922/UBNA_001/20220921_090000.WAV,Telephone Field,recover-20220922,001,1795
117.82849999999999,117.86580000000001,68437,82586,Rhinolophus ferrumequinum,0.027,0.027,-1,Echolocation,/mnt/ubna_data_02_mir/recover-20220922/UBNA_001/20220921_090000.WAV,Telephone Field,recover-20220922,001,1795
117.8785,117.9148,68437,81228,Rhinolophus ferrumequinum,0.023,0.023,-1,Echolocation,/mnt/ubna_data_02_mir/recover-20220922/UBNA_001/20220921_090000.WAV,Telephone Field,recover-20220922,001,1795
117.8885,117.9293,68437,82297,Rhinolophus ferrumequinum,0.026,0.026,-1,Echolocation,/mnt/ubna_data_02_mir/recover-20220922/UBNA_001/20220921_090000.WAV,Telephone Field,recover-20220922,001,1795
117.9355,117.97200000000001,68437,80639,Rhinolophus ferrumequinum,0.021,0.022,-1,Echolocation,/mnt/ubna_data_02_mir/recover-20220922/UBNA_001/20220921_090000.WAV,Telephone Field,recover-20220922,001,1795
117.9415,117.9779,68437,80766,Rhinolophus ferrumequinum,0.024,0.024,-1,Echolocation,/mnt/ubna_data_02_mir/recover-20220922/UBNA_001/20220921_090000.WAV,Telephone Field,recover-20220922,001,1795
117.9485,117.9599,22031,27235,Nyctalus leisleri,0.01,0.022,-1,Echolocation,/mnt/ubna_data_02_mir/recover-20220922/UBNA_001/20220921_090000.WAV,Telephone Field,recover-20220922,001,1795
117.98349999999999,117.994,22031,26999,Nyctalus leisleri,0.009,0.022,-1,Echolocation,/mnt/ubna_data_02_mir/recover-20220922/UBNA_001/20220921_090000.WAV,Telephone Field,recover-20220922,001,1795
118.0015,118.0135,51250,55717,Pipistrellus pygmaeus,0.015,0.028,-1,Echolocation,/mnt/ubna_data_02_mir/recover-20220922/UBNA_001/20220921_090000.WAV,Telephone Field,recover-20220922,001,1795
118.0015,118.0353,69296,81742,Rhinolophus ferrumequinum,0.027,0.027,-1,Echolocation,/mnt/ubna_data_02_mir/recover-20220922/UBNA_001/20220921_090000.WAV,Telephone Field,recover-20220922,001,1795
118.0015,118.0102,26328,33789,Nyctalus leisleri,0.009,0.028,-1,Echolocation,/mnt/ubna_data_02_mir/recover-20220922/UBNA_001/20220921_090000.WAV,Telephone Field,recover-20220922,001,1795
118.0095,118.0507,68437,82226,Rhinolophus ferrumequinum,0.023,0.023,-1,Echolocation,/mnt/ubna_data_02_mir/recover-20220922/UBNA_001/20220921_090000.WAV,Telephone Field,recover-20220922,001,1795
118.0125,118.0224,28046,36382,Eptesicus serotinus,0.01,0.026,-1,Echolocation,/mnt/ubna_data_02_mir/recover-20220922/UBNA_001/20220921_090000.WAV,Telephone Field,recover-20220922,001,1795
118.0515,118.0875,68437,81170,Rhinolophus ferrumequinum,0.025,0.025,-1,Echolocation,/mnt/ubna_data_02_mir/recover-20220922/UBNA_001/20220921_090000.WAV,Telephone Field,recover-20220922,001,1795
118.1115,118.1194,28046,37765,Eptesicus serotinus,0.007,0.022,-1,Echolocation,/mnt/ubna_data_02_mir/recover-20220922/UBNA_001/20220921_090000.WAV,Telephone Field,recover-20220922,001,1795
118.12049999999999,118.1613,68437,82311,Rhinolophus ferrumequinum,0.022,0.022,-1,Echolocation,/mnt/ubna_data_02_mir/recover-20220922/UBNA_001/20220921_090000.WAV,Telephone Field,recover-20220922,001,1795
118.1315,118.1711,68437,82950,Rhinolophus ferrumequinum,0.024,0.024,-1,Echolocation,/mnt/ubna_data_02_mir/recover-20220922/UBNA_001/20220921_090000.WAV,Telephone Field,recover-20220922,001,1795
118.1555,118.1988,68437,83235,Rhinolophus ferrumequinum,0.041,0.041,-1,Echolocation,/mnt/ubna_data_02_mir/recover-20220922/UBNA_001/20220921_090000.WAV,Telephone Field,recover-20220922,001,1795
118.1585,118.16720000000001,27187,40620,Eptesicus serotinus,0.012,0.025,-1,Echolocation,/mnt/ubna_data_02_mir/recover-20220922/UBNA_001/20220921_090000.WAV,Telephone Field,recover-20220922,001,1795
118.2045,118.2476,68437,83480,Rhinolophus ferrumequinum,0.044,0.044,-1,Echolocation,/mnt/ubna_data_02_mir/recover-20220922/UBNA_001/20220921_090000.WAV,Telephone Field,recover-20220922,001,1795
118.2565,118.2664,24609,32082,Eptesicus serotinus,0.008,0.025,-1,Echolocation,/mnt/ubna_data_02_mir/recover-20220922/UBNA_001/20220921_090000.WAV,Telephone Field,recover-20220922,001,1795
118.2585,118.29429999999999,68437,81287,Rhinolophus ferrumequinum,0.028,0.028,-1,Echolocation,/mnt/ubna_data_02_mir/recover-20220922/UBNA_001/20220921_090000.WAV,Telephone Field,recover-20220922,001,1795
118.2765,118.3124,68437,81618,Rhinolophus ferrumequinum,0.021,0.021,-1,Echolocation,/mnt/ubna_data_02_mir/recover-20220922/UBNA_001/20220921_090000.WAV,Telephone Field,recover-20220922,001,1795
118.2795,118.287,28046,37806,Eptesicus serotinus,0.007,0.022,-1,Echolocation,/mnt/ubna_data_02_mir/recover-20220922/UBNA_001/20220921_090000.WAV,Telephone Field,recover-20220922,001,1795
118.3575,118.365,27187,40151,Eptesicus serotinus,0.007,0.022,-1,Echolocation,/mnt/ubna_data_02_mir/recover-20220922/UBNA_001/20220921_090000.WAV,Telephone Field,recover-20220922,001,1795
118.37950000000001,118.3868,26328,35089,Eptesicus serotinus,0.007,0.021,-1,Echolocation,/mnt/ubna_data_02_mir/recover-20220922/UBNA_001/20220921_090000.WAV,Telephone Field,recover-20220922,001,1795
118.3835,118.4202,68437,82028,Rhinolophus ferrumequinum,0.023,0.023,-1,Echolocation,/mnt/ubna_data_02_mir/recover-20220922/UBNA_001/20220921_090000.WAV,Telephone Field,recover-20220922,001,1795
118.3935,118.4017,45234,52862,Pipistrellus pipistrellus,0.023,0.028,-1,Echolocation,/mnt/ubna_data_02_mir/recover-20220922/UBNA_001/20220921_090000.WAV,Telephone Field,recover-20220922,001,1795
118.3935,118.4313,68437,82024,Rhinolophus ferrumequinum,0.021,0.022,-1,Echolocation,/mnt/ubna_data_02_mir/recover-20220922/UBNA_001/20220921_090000.WAV,Telephone Field,recover-20220922,001,1795
118.4075,118.4477,68437,81958,Rhinolophus ferrumequinum,0.051,0.051,-1,Echolocation,/mnt/ubna_data_02_mir/recover-20220922/UBNA_001/20220921_090000.WAV,Telephone Field,recover-20220922,001,1795
118.45949999999999,118.4961,68437,81169,Rhinolophus ferrumequinum,0.021,0.021,-1,Echolocation,/mnt/ubna_data_02_mir/recover-20220922/UBNA_001/20220921_090000.WAV,Telephone Field,recover-20220922,001,1795
118.5055,118.5433,68437,81858,Rhinolophus ferrumequinum,0.021,0.021,-1,Echolocation,/mnt/ubna_data_02_mir/recover-20220922/UBNA_001/20220921_090000.WAV,Telephone Field,recover-20220922,001,1795
118.5115,118.5481,68437,81794,Rhinolophus ferrumequinum,0.021,0.022,-1,Echolocation,/mnt/ubna_data_02_mir/recover-20220922/UBNA_001/20220921_090000.WAV,Telephone Field,recover-20220922,001,1795
118.5255,118.5358,28046,35932,Eptesicus serotinus,0.011,0.024,-1,Echolocation,/mnt/ubna_data_02_mir/recover-20220922/UBNA_001/20220921_090000.WAV,Telephone Field,recover-20220922,001,1795
118.5485,118.5553,35781,44327,Myotis daubentonii,0.008,0.023,-1,Echolocation,/mnt/ubna_data_02_mir/recover-20220922/UBNA_001/20220921_090000.WAV,Telephone Field,recover-20220922,001,1795
118.5515,118.5594,28046,38848,Eptesicus serotinus,0.009,0.025,-1,Echolocation,/mnt/ubna_data_02_mir/recover-20220922/UBNA_001/20220921_090000.WAV,Telephone Field,recover-20220922,001,1795
118.5815,118.6208,68437,82136,Rhinolophus ferrumequinum,0.021,0.021,-1,Echolocation,/mnt/ubna_data_02_mir/recover-20220922/UBNA_001/20220921_090000.WAV,Telephone Field,recover-20220922,001,1795
118.6135,118.6219,27187,37653,Eptesicus serotinus,0.008,0.021,-1,Echolocation,/mnt/ubna_data_02_mir/recover-20220922/UBNA_001/20220921_090000.WAV,Telephone Field,recover-20220922,001,1795
118.6225,118.6641,68437,82179,Rhinolophus ferrumequinum,0.026,0.026,-1,Echolocation,/mnt/ubna_data_02_mir/recover-20220922/UBNA_001/20220921_090000.WAV,Telephone Field,recover-20220922,001,1795
118.6575,118.6651,27187,39253,Eptesicus serotinus,0.006,0.021,-1,Echolocation,/mnt/ubna_data_02_mir/recover-20220922/UBNA_001/20220921_090000.WAV,Telephone Field,recover-20220922,001,1795
118.65950000000001,118.70009999999999,68437,81987,Rhinolophus ferrumequinum,0.023,0.023,-1,Echolocation,/mnt/ubna_data_02_mir/recover-20220922/UBNA_001/20220921_090000.WAV,Telephone Field,recover-20220922,001,1795
118.6995,118.7379,68437,81997,Rhinolophus ferrumequinum,0.025,0.025,-1,Echolocation,/mnt/ubna_data_02_mir/recover-20220922/UBNA_001/20220921_090000.WAV,Telephone Field,recover-20220922,001,1795
118.7125,118.7219,27187,36163,Eptesicus serotinus,0.009,0.022,-1,Echolocation,/mnt/ubna_data_02_mir/recover-20220922/UBNA_001/20220921_090000.WAV,Telephone Field,recover-20220922,001,1795
118.7255,118.7353,22890,28092,Nyctalus leisleri,0.01,0.023,-1,Echolocation,/mnt/ubna_data_02_mir/recover-20220922/UBNA_001/20220921_090000.WAV,Telephone Field,recover-20220922,001,1795
118.7265,118.7632,68437,80776,Rhinolophus ferrumequinum,0.021,0.021,-1,Echolocation,/mnt/ubna_data_02_mir/recover-20220922/UBNA_001/20220921_090000.WAV,Telephone Field,recover-20220922,001,1795
118.7325,118.769,68437,81088,Rhinolophus ferrumequinum,0.021,0.021,-1,Echolocation,/mnt/ubna_data_02_mir/recover-20220922/UBNA_001/20220921_090000.WAV,Telephone Field,recover-20220922,001,1795
118.7555,118.7634,28046,40668,Eptesicus serotinus,0.007,0.023,-1,Echolocation,/mnt/ubna_data_02_mir/recover-20220922/UBNA_001/20220921_090000.WAV,Telephone Field,recover-20220922,001,1795
118.8085,118.8455,68437,82347,Rhinolophus ferrumequinum,0.021,0.021,-1,Echolocation,/mnt/ubna_data_02_mir/recover-20220922/UBNA_001/20220921_090000.WAV,Telephone Field,recover-20220922,001,1795
118.8365,118.8753,68437,82194,Rhinolophus ferrumequinum,0.021,0.021,-1,Echolocation,/mnt/ubna_data_02_mir/recover-20220922/UBNA_001/20220921_090000.WAV,Telephone Field,recover-20220922,001,1795
118.8415,118.8811,68437,82243,Rhinolophus ferrumequinum,0.021,0.021,-1,Echolocation,/mnt/ubna_data_02_mir/recover-20220922/UBNA_001/20220921_090000.WAV,Telephone Field,recover-20220922,001,1795
118.8555,118.8967,68437,82994,Rhinolophus ferrumequinum,0.026,0.026,-1,Echolocation,/mnt/ubna_data_02_mir/recover-20220922/UBNA_001/20220921_090000.WAV,Telephone Field,recover-20220922,001,1795
118.9325,118.9728,68437,82527,Rhinolophus ferrumequinum,0.022,0.022,-1,Echolocation,/mnt/ubna_data_02_mir/recover-20220922/UBNA_001/20220921_090000.WAV,Telephone Field,recover-20220922,001,1795
118.9505,118.9581,23750,31606,Plecotus austriacus,0.009,0.022,-1,Echolocation,/mnt/ubna_data_02_mir/recover-20220922/UBNA_001/20220921_090000.WAV,Telephone Field,recover-20220922,001,1795
118.9505,118.987,68437,82264,Rhinolophus ferrumequinum,0.022,0.022,-1,Echolocation,/mnt/ubna_data_02_mir/recover-20220922/UBNA_001/20220921_090000.WAV,Telephone Field,recover-20220922,001,1795
118.9805,119.0211,68437,82448,Rhinolophus ferrumequinum,0.022,0.022,-1,Echolocation,/mnt/ubna_data_02_mir/recover-20220922/UBNA_001/20220921_090000.WAV,Telephone Field,recover-20220922,001,1795
118.9965,119.0043,27187,41169,Eptesicus serotinus,0.007,0.021,-1,Echolocation,/mnt/ubna_data_02_mir/recover-20220922/UBNA_001/20220921_090000.WAV,Telephone Field,recover-20220922,001,1795
119.0125,119.024,22031,26303,Nyctalus leisleri,0.012,0.023,-1,Echolocation,/mnt/ubna_data_02_mir/recover-20220922/UBNA_001/20220921_090000.WAV,Telephone Field,recover-20220922,001,1795
119.1075,119.1176,28906,37773,Eptesicus serotinus,0.012,0.027,-1,Echolocation,/mnt/ubna_data_02_mir/recover-20220922/UBNA_001/20220921_090000.WAV,Telephone Field,recover-20220922,001,1795
119.1165,119.1269,26328,33013,Eptesicus serotinus,0.013,0.03,-1,Echolocation,/mnt/ubna_data_02_mir/recover-20220922/UBNA_001/20220921_090000.WAV,Telephone Field,recover-20220922,001,1795
119.1175,119.15520000000001,68437,81828,Rhinolophus ferrumequinum,0.022,0.022,-1,Echolocation,/mnt/ubna_data_02_mir/recover-20220922/UBNA_001/20220921_090000.WAV,Telephone Field,recover-20220922,001,1795
119.1405,119.1761,68437,81581,Rhinolophus ferrumequinum,0.021,0.021,-1,Echolocation,/mnt/ubna_data_02_mir/recover-20220922/UBNA_001/20220921_090000.WAV,Telephone Field,recover-20220922,001,1795
119.1695,119.2082,68437,82366,Rhinolophus ferrumequinum,0.022,0.022,-1,Echolocation,/mnt/ubna_data_02_mir/recover-20220922/UBNA_001/20220921_090000.WAV,Telephone Field,recover-20220922,001,1795
119.1865,119.2234,68437,81985,Rhinolophus ferrumequinum,0.021,0.021,-1,Echolocation,/mnt/ubna_data_02_mir/recover-20220922/UBNA_001/20220921_090000.WAV,Telephone Field,recover-20220922,001,1795
119.20949999999999,119.2493,68437,82296,Rhinolophus ferrumequinum,0.023,0.023,-1,Echolocation,/mnt/ubna_data_02_mir/recover-20220922/UBNA_001/20220921_090000.WAV,Telephone Field,recover-20220922,001,1795
119.2375,119.27590000000001,68437,82755,Rhinolophus ferrumequinum,0.024,0.024,-1,Echolocation,/mnt/ubna_data_02_mir/recover-20220922/UBNA_001/20220921_090000.WAV,Telephone Field,recover-20220922,001,1795
119.2675,119.3063,68437,82403,Rhinolophus ferrumequinum,0.024,0.024,-1,Echolocation,/mnt/ubna_data_02_mir/recover-20220922/UBNA_001/20220921_090000.WAV,Telephone Field,recover-20220922,001,1795
119.2795,119.3189,68437,82120,Rhinolophus ferrumequinum,0.025,0.025,-1,Echolocation,/mnt/ubna_data_02_mir/recover-20220922/UBNA_001/20220921_090000.WAV,Telephone Field,recover-20220922,001,1795
119.2915,119.3003,24609,32573,Nyctalus leisleri,0.007,0.024,-1,Echolocation,/mnt/ubna_data_02_mir/recover-20220922/UBNA_001/20220921_090000.WAV,Telephone Field,recover-20220922,001,1795
119.2995,119.3374,68437,81812,Rhinolophus ferrumequinum,0.023,0.023,-1,Echolocation,/mnt/ubna_data_02_mir/recover-20220922/UBNA_001/20220921_090000.WAV,Telephone Field,recover-20220922,001,1795
119.3035,119.3159,22890,27479,Nyctalus leisleri,0.013,0.025,-1,Echolocation,/mnt/ubna_data_02_mir/recover-20220922/UBNA_001/20220921_090000.WAV,Telephone Field,recover-20220922,001,1795
119.33449999999999,119.3429,28906,39219,Eptesicus serotinus,0.007,0.021,-1,Echolocation,/mnt/ubna_data_02_mir/recover-20220922/UBNA_001/20220921_090000.WAV,Telephone Field,recover-20220922,001,1795
119.3475,119.3851,68437,81566,Rhinolophus ferrumequinum,0.022,0.022,-1,Echolocation,/mnt/ubna_data_02_mir/recover-20220922/UBNA_001/20220921_090000.WAV,Telephone Field,recover-20220922,001,1795
119.3665,119.4039,68437,81507,Rhinolophus ferrumequinum,0.026,0.026,-1,Echolocation,/mnt/ubna_data_02_mir/recover-20220922/UBNA_001/20220921_090000.WAV,Telephone Field,recover-20220922,001,1795
119.4205,119.4286,27187,36895,Eptesicus serotinus,0.007,0.021,-1,Echolocation,/mnt/ubna_data_02_mir/recover-20220922/UBNA_001/20220921_090000.WAV,Telephone Field,recover-20220922,001,1795
119.4355,119.4751,68437,82570,Rhinolophus ferrumequinum,0.026,0.026,-1,Echolocation,/mnt/ubna_data_02_mir/recover-20220922/UBNA_001/20220921_090000.WAV,Telephone Field,recover-20220922,001,1795
119.4495,119.4875,68437,81996,Rhinolophus ferrumequinum,0.026,0.026,-1,Echolocation,/mnt/ubna_data_02_mir/recover-20220922/UBNA_001/20220921_090000.WAV,Telephone Field,recover-20220922,001,1795
119.4675,119.4742,26328,40397,Eptesicus serotinus,0.006,0.028,-1,Echolocation,/mnt/ubna_data_02_mir/recover-20220922/UBNA_001/20220921_090000.WAV,Telephone Field,recover-20220922,001,1795
119.48349999999999,119.4918,25468,33857,Eptesicus serotinus,0.007,0.021,-1,Echolocation,/mnt/ubna_data_02_mir/recover-20220922/UBNA_001/20220921_090000.WAV,Telephone Field,recover-20220922,001,1795
119.4845,119.52289999999999,68437,82093,Rhinolophus ferrumequinum,0.021,0.021,-1,Echolocation,/mnt/ubna_data_02_mir/recover-20220922/UBNA_001/20220921_090000.WAV,Telephone Field,recover-20220922,001,1795
119.5055,119.5487,68437,83385,Rhinolophus ferrumequinum,0.035,0.035,-1,Echolocation,/mnt/ubna_data_02_mir/recover-20220922/UBNA_001/20220921_090000.WAV,Telephone Field,recover-20220922,001,1795
119.5075,119.5153,28046,39990,Eptesicus serotinus,0.01,0.025,-1,Echolocation,/mnt/ubna_data_02_mir/recover-20220922/UBNA_001/20220921_090000.WAV,Telephone Field,recover-20220922,001,1795
119.53450000000001,119.5755,68437,81552,Rhinolophus ferrumequinum,0.057,0.057,-1,Echolocation,/mnt/ubna_data_02_mir/recover-20220922/UBNA_001/20220921_090000.WAV,Telephone Field,recover-20220922,001,1795
119.5725,119.5795,26328,39310,Eptesicus serotinus,0.005,0.021,-1,Echolocation,/mnt/ubna_data_02_mir/recover-20220922/UBNA_001/20220921_090000.WAV,Telephone Field,recover-20220922,001,1795
119.6785,119.71770000000001,68437,82455,Rhinolophus ferrumequinum,0.021,0.021,-1,Echolocation,/mnt/ubna_data_02_mir/recover-20220922/UBNA_001/20220921_090000.WAV,Telephone Field,recover-20220922,001,1795
119.7195,119.729,24609,32194,Eptesicus serotinus,0.009,0.026,-1,Echolocation,/mnt/ubna_data_02_mir/recover-20220922/UBNA_001/20220921_090000.WAV,Telephone Field,recover-20220922,001,1795
119.7695,119.7787,28046,38375,Eptesicus serotinus,0.009,0.025,-1,Echolocation,/mnt/ubna_data_02_mir/recover-20220922/UBNA_001/20220921_090000.WAV,Telephone Field,recover-20220922,001,1795
119.7705,119.8092,68437,82004,Rhinolophus ferrumequinum,0.022,0.022,-1,Echolocation,/mnt/ubna_data_02_mir/recover-20220922/UBNA_001/20220921_090000.WAV,Telephone Field,recover-20220922,001,1795
119.8045,119.844,68437,82331,Rhinolophus ferrumequinum,0.035,0.035,-1,Echolocation,/mnt/ubna_data_02_mir/recover-20220922/UBNA_001/20220921_090000.WAV,Telephone Field,recover-20220922,001,1795
119.8335,119.8736,68437,81794,Rhinolophus ferrumequinum,0.026,0.026,-1,Echolocation,/mnt/ubna_data_02_mir/recover-20220922/UBNA_001/20220921_090000.WAV,Telephone Field,recover-20220922,001,1795
119.8535,119.865,22890,28454,Nyctalus leisleri,0.012,0.026,-1,Echolocation,/mnt/ubna_data_02_mir/recover-20220922/UBNA_001/20220921_090000.WAV,Telephone Field,recover-20220922,001,1795
119.8655,119.8797,23750,28827,Nyctalus leisleri,0.041,0.091,-1,Echolocation,/mnt/ubna_data_02_mir/recover-20220922/UBNA_001/20220921_090000.WAV,Telephone Field,recover-20220922,001,1795
119.8685,119.9055,68437,81736,Rhinolophus ferrumequinum,0.021,0.021,-1,Echolocation,/mnt/ubna_data_02_mir/recover-20220922/UBNA_001/20220921_090000.WAV,Telephone Field,recover-20220922,001,1795
119.9175,119.924,27187,39663,Eptesicus serotinus,0.006,0.024,-1,Echolocation,/mnt/ubna_data_02_mir/recover-20220922/UBNA_001/20220921_090000.WAV,Telephone Field,recover-20220922,001,1795
119.9185,119.9568,68437,81955,Rhinolophus ferrumequinum,0.021,0.021,-1,Echolocation,/mnt/ubna_data_02_mir/recover-20220922/UBNA_001/20220921_090000.WAV,Telephone Field,recover-20220922,001,1795
119.9505,119.9586,28046,38700,Eptesicus serotinus,0.007,0.021,-1,Echolocation,/mnt/ubna_data_02_mir/recover-20220922/UBNA_001/20220921_090000.WAV,Telephone Field,recover-20220922,001,1795
119.9515,119.9904,68437,82449,Rhinolophus ferrumequinum,0.023,0.023,-1,Echolocation,/mnt/ubna_data_02_mir/recover-20220922/UBNA_001/20220921_090000.WAV,Telephone Field,recover-20220922,001,1795
119.9735,119.9843,22890,27950,Nyctalus leisleri,0.011,0.022,-1,Echolocation,/mnt/ubna_data_02_mir/recover-20220922/UBNA_001/20220921_090000.WAV,Telephone Field,recover-20220922,001,1795
119.9805,119.99119999999999,22031,26718,Nyctalus leisleri,0.011,0.022,-1,Echolocation,/mnt/ubna_data_02_mir/recover-20220922/UBNA_001/20220921_090000.WAV,Telephone Field,recover-20220922,001,1795
120.0015,120.0332,68437,79585,Rhinolophus ferrumequinum,0.056,0.057,-1,Echolocation,/mnt/ubna_data_02_mir/recover-20220922/UBNA_001/20220921_090000.WAV,Telephone Field,recover-20220922,001,1795
120.0015,120.0104,22031,28358,Nyctalus leisleri,0.008,0.025,-1,Echolocation,/mnt/ubna_data_02_mir/recover-20220922/UBNA_001/20220921_090000.WAV,Telephone Field,recover-20220922,001,1795
120.0015,120.0095,31484,41959,Myotis daubentonii,0.008,0.023,-1,Echolocation,/mnt/ubna_data_02_mir/recover-20220922/UBNA_001/20220921_090000.WAV,Telephone Field,recover-20220922,001,1795
120.0115,120.0511,68437,82188,Rhinolophus ferrumequinum,0.022,0.022,-1,Echolocation,/mnt/ubna_data_02_mir/recover-20220922/UBNA_001/20220921_090000.WAV,Telephone Field,recover-20220922,001,1795
120.0365,120.0797,68437,82761,Rhinolophus ferrumequinum,0.035,0.035,-1,Echolocation,/mnt/ubna_data_02_mir/recover-20220922/UBNA_001/20220921_090000.WAV,Telephone Field,recover-20220922,001,1795
120.0605,120.0681,26328,35488,Eptesicus serotinus,0.007,0.022,-1,Echolocation,/mnt/ubna_data_02_mir/recover-20220922/UBNA_001/20220921_090000.WAV,Telephone Field,recover-20220922,001,1795
120.0715,120.1125,68437,82804,Rhinolophus ferrumequinum,0.026,0.026,-1,Echolocation,/mnt/ubna_data_02_mir/recover-20220922/UBNA_001/20220921_090000.WAV,Telephone Field,recover-20220922,001,1795
120.0775,120.1165,68437,82714,Rhinolophus ferrumequinum,0.028,0.028,-1,Echolocation,/mnt/ubna_data_02_mir/recover-20220922/UBNA_001/20220921_090000.WAV,Telephone Field,recover-20220922,001,1795
120.0915,120.1021,22031,26395,Nyctalus leisleri,0.01,0.021,-1,Echolocation,/mnt/ubna_data_02_mir/recover-20220922/UBNA_001/20220921_090000.WAV,Telephone Field,recover-20220922,001,1795
120.1035,120.1101,34921,44611,Myotis daubentonii,0.012,0.032,-1,Echolocation,/mnt/ubna_data_02_mir/recover-20220922/UBNA_001/20220921_090000.WAV,Telephone Field,recover-20220922,001,1795
120.1045,120.1114,27187,44585,Eptesicus serotinus,0.006,0.021,-1,Echolocation,/mnt/ubna_data_02_mir/recover-20220922/UBNA_001/20220921_090000.WAV,Telephone Field,recover-20220922,001,1795
120.1225,120.1614,68437,82485,Rhinolophus ferrumequinum,0.024,0.024,-1,Echolocation,/mnt/ubna_data_02_mir/recover-20220922/UBNA_001/20220921_090000.WAV,Telephone Field,recover-20220922,001,1795
120.1385,120.1573,21171,24267,Nyctalus leisleri,0.014,0.025,-1,Echolocation,/mnt/ubna_data_02_mir/recover-20220922/UBNA_001/20220921_090000.WAV,Telephone Field,recover-20220922,001,1795
120.1695,120.2069,68437,81684,Rhinolophus ferrumequinum,0.021,0.021,-1,Echolocation,/mnt/ubna_data_02_mir/recover-20220922/UBNA_001/20220921_090000.WAV,Telephone Field,recover-20220922,001,1795
120.2075,120.2157,27187,39238,Eptesicus serotinus,0.007,0.022,-1,Echolocation,/mnt/ubna_data_02_mir/recover-20220922/UBNA_001/20220921_090000.WAV,Telephone Field,recover-20220922,001,1795
120.2545,120.2925,68437,81765,Rhinolophus ferrumequinum,0.021,0.021,-1,Echolocation,/mnt/ubna_data_02_mir/recover-20220922/UBNA_001/20220921_090000.WAV,Telephone Field,recover-20220922,001,1795
120.2795,120.2874,32343,49976,Myotis daubentonii,0.01,0.023,-1,Echolocation,/mnt/ubna_data_02_mir/recover-20220922/UBNA_001/20220921_090000.WAV,Telephone Field,recover-20220922,001,1795
120.2885,120.3264,68437,81832,Rhinolophus ferrumequinum,0.022,0.023,-1,Echolocation,/mnt/ubna_data_02_mir/recover-20220922/UBNA_001/20220921_090000.WAV,Telephone Field,recover-20220922,001,1795
120.2965,120.3354,68437,81646,Rhinolophus ferrumequinum,0.022,0.022,-1,Echolocation,/mnt/ubna_data_02_mir/recover-20220922/UBNA_001/20220921_090000.WAV,Telephone Field,recover-20220922,001,1795
120.3165,120.3266,28046,35686,Eptesicus serotinus,0.009,0.023,-1,Echolocation,/mnt/ubna_data_02_mir/recover-20220922/UBNA_001/20220921_090000.WAV,Telephone Field,recover-20220922,001,1795
120.3255,120.362,68437,81811,Rhinolophus ferrumequinum,0.026,0.026,-1,Echolocation,/mnt/ubna_data_02_mir/recover-20220922/UBNA_001/20220921_090000.WAV,Telephone Field,recover-20220922,001,1795
120.3455,120.3531,26328,36980,Eptesicus serotinus,0.006,0.021,-1,Echolocation,/mnt/ubna_data_02_mir/recover-20220922/UBNA_001/20220921_090000.WAV,Telephone Field,recover-20220922,001,1795
120.3665,120.3799,24609,29721,Nyctalus leisleri,0.02,0.043,-1,Echolocation,/mnt/ubna_data_02_mir/recover-20220922/UBNA_001/20220921_090000.WAV,Telephone Field,recover-20220922,001,1795
120.3765,120.4165,68437,81794,Rhinolophus ferrumequinum,0.021,0.021,-1,Echolocation,/mnt/ubna_data_02_mir/recover-20220922/UBNA_001/20220921_090000.WAV,Telephone Field,recover-20220922,001,1795
120.3915,120.4304,68437,82293,Rhinolophus ferrumequinum,0.024,0.024,-1,Echolocation,/mnt/ubna_data_02_mir/recover-20220922/UBNA_001/20220921_090000.WAV,Telephone Field,recover-20220922,001,1795
120.3925,120.4001,26328,35987,Eptesicus serotinus,0.014,0.038,-1,Echolocation,/mnt/ubna_data_02_mir/recover-20220922/UBNA_001/20220921_090000.WAV,Telephone Field,recover-20220922,001,1795
120.3955,120.4037,15156,25216,Plecotus auritus,0.02,0.038,-1,Echolocation,/mnt/ubna_data_02_mir/recover-20220922/UBNA_001/20220921_090000.WAV,Telephone Field,recover-20220922,001,1795
120.4055,120.4417,68437,81321,Rhinolophus ferrumequinum,0.021,0.021,-1,Echolocation,/mnt/ubna_data_02_mir/recover-20220922/UBNA_001/20220921_090000.WAV,Telephone Field,recover-20220922,001,1795
120.4335,120.4431,24609,31349,Nyctalus leisleri,0.011,0.031,-1,Echolocation,/mnt/ubna_data_02_mir/recover-20220922/UBNA_001/20220921_090000.WAV,Telephone Field,recover-20220922,001,1795
120.4835,120.4945,23750,29767,Nyctalus leisleri,0.011,0.03,-1,Echolocation,/mnt/ubna_data_02_mir/recover-20220922/UBNA_001/20220921_090000.WAV,Telephone Field,recover-20220922,001,1795
120.5325,120.5676,68437,81348,Rhinolophus ferrumequinum,0.022,0.022,-1,Echolocation,/mnt/ubna_data_02_mir/recover-20220922/UBNA_001/20220921_090000.WAV,Telephone Field,recover-20220922,001,1795
120.5405,120.5759,68437,80699,Rhinolophus ferrumequinum,0.024,0.024,-1,Echolocation,/mnt/ubna_data_02_mir/recover-20220922/UBNA_001/20220921_090000.WAV,Telephone Field,recover-20220922,001,1795
120.5685,120.5784,28046,36673,Eptesicus serotinus,0.009,0.023,-1,Echolocation,/mnt/ubna_data_02_mir/recover-20220922/UBNA_001/20220921_090000.WAV,Telephone Field,recover-20220922,001,1795
120.5955,120.6025,28046,39627,Eptesicus serotinus,0.007,0.025,-1,Echolocation,/mnt/ubna_data_02_mir/recover-20220922/UBNA_001/20220921_090000.WAV,Telephone Field,recover-20220922,001,1795
120.6035,120.6405,68437,82311,Rhinolophus ferrumequinum,0.02,0.021,-1,Echolocation,/mnt/ubna_data_02_mir/recover-20220922/UBNA_001/20220921_090000.WAV,Telephone Field,recover-20220922,001,1795
120.6095,120.6454,68437,81422,Rhinolophus ferrumequinum,0.02,0.021,-1,Echolocation,/mnt/ubna_data_02_mir/recover-20220922/UBNA_001/20220921_090000.WAV,Telephone Field,recover-20220922,001,1795
120.6245,120.6626,68437,81825,Rhinolophus ferrumequinum,0.021,0.021,-1,Echolocation,/mnt/ubna_data_02_mir/recover-20220922/UBNA_001/20220921_090000.WAV,Telephone Field,recover-20220922,001,1795
120.6325,120.6674,68437,81904,Rhinolophus ferrumequinum,0.024,0.024,-1,Echolocation,/mnt/ubna_data_02_mir/recover-20220922/UBNA_001/20220921_090000.WAV,Telephone Field,recover-20220922,001,1795
120.6855,120.7237,68437,81843,Rhinolophus ferrumequinum,0.022,0.022,-1,Echolocation,/mnt/ubna_data_02_mir/recover-20220922/UBNA_001/20220921_090000.WAV,Telephone Field,recover-20220922,001,1795
120.6955,120.7334,68437,82314,Rhinolophus ferrumequinum,0.022,0.022,-1,Echolocation,/mnt/ubna_data_02_mir/recover-20220922/UBNA_001/20220921_090000.WAV,Telephone Field,recover-20220922,001,1795
120.7035,120.7426,68437,82436,Rhinolophus ferrumequinum,0.023,0.023,-1,Echolocation,/mnt/ubna_data_02_mir/recover-20220922/UBNA_001/20220921_090000.WAV,Telephone Field,recover-20220922,001,1795
120.7045,120.7129,28046,37218,Eptesicus serotinus,0.008,0.024,-1,Echolocation,/mnt/ubna_data_02_mir/recover-20220922/UBNA_001/20220921_090000.WAV,Telephone Field,recover-20220922,001,1795
120.7275,120.7647,68437,81647,Rhinolophus ferrumequinum,0.025,0.025,-1,Echolocation,/mnt/ubna_data_02_mir/recover-20220922/UBNA_001/20220921_090000.WAV,Telephone Field,recover-20220922,001,1795
120.7475,120.7849,68437,82246,Rhinolophus ferrumequinum,0.022,0.022,-1,Echolocation,/mnt/ubna_data_02_mir/recover-20220922/UBNA_001/20220921_090000.WAV,Telephone Field,recover-20220922,001,1795
120.7675,120.8088,68437,82519,Rhinolophus ferrumequinum,0.027,0.027,-1,Echolocation,/mnt/ubna_data_02_mir/recover-20220922/UBNA_001/20220921_090000.WAV,Telephone Field,recover-20220922,001,1795
120.8085,120.8394,68437,80824,Rhinolophus ferrumequinum,0.031,0.031,-1,Echolocation,/mnt/ubna_data_02_mir/recover-20220922/UBNA_001/20220921_090000.WAV,Telephone Field,recover-20220922,001,1795
120.8215,120.858,68437,81974,Rhinolophus ferrumequinum,0.022,0.022,-1,Echolocation,/mnt/ubna_data_02_mir/recover-20220922/UBNA_001/20220921_090000.WAV,Telephone Field,recover-20220922,001,1795
120.8255,120.8377,23750,30675,Nyctalus leisleri,0.012,0.031,-1,Echolocation,/mnt/ubna_data_02_mir/recover-20220922/UBNA_001/20220921_090000.WAV,Telephone Field,recover-20220922,001,1795
120.8665,120.9074,68437,82400,Rhinolophus ferrumequinum,0.025,0.025,-1,Echolocation,/mnt/ubna_data_02_mir/recover-20220922/UBNA_001/20220921_090000.WAV,Telephone Field,recover-20220922,001,1795
120.8685,120.8775,27187,39544,Eptesicus serotinus,0.008,0.021,-1,Echolocation,/mnt/ubna_data_02_mir/recover-20220922/UBNA_001/20220921_090000.WAV,Telephone Field,recover-20220922,001,1795
120.8825,120.9005,19453,22921,Nyctalus noctula,0.012,0.025,-1,Echolocation,/mnt/ubna_data_02_mir/recover-20220922/UBNA_001/20220921_090000.WAV,Telephone Field,recover-20220922,001,1795
120.8945,120.9032,28906,37681,Eptesicus serotinus,0.008,0.021,-1,Echolocation,/mnt/ubna_data_02_mir/recover-20220922/UBNA_001/20220921_090000.WAV,Telephone Field,recover-20220922,001,1795
120.9195,120.9555,68437,81311,Rhinolophus ferrumequinum,0.024,0.025,-1,Echolocation,/mnt/ubna_data_02_mir/recover-20220922/UBNA_001/20220921_090000.WAV,Telephone Field,recover-20220922,001,1795
120.9205,120.9313,22890,28409,Nyctalus leisleri,0.011,0.023,-1,Echolocation,/mnt/ubna_data_02_mir/recover-20220922/UBNA_001/20220921_090000.WAV,Telephone Field,recover-20220922,001,1795
120.9515,120.9615,28046,35392,Eptesicus serotinus,0.014,0.028,-1,Echolocation,/mnt/ubna_data_02_mir/recover-20220922/UBNA_001/20220921_090000.WAV,Telephone Field,recover-20220922,001,1795
120.9665,121.007,68437,81796,Rhinolophus ferrumequinum,0.021,0.021,-1,Echolocation,/mnt/ubna_data_02_mir/recover-20220922/UBNA_001/20220921_090000.WAV,Telephone Field,recover-20220922,001,1795
120.9995,121.0077,28046,38854,Eptesicus serotinus,0.008,0.024,-1,Echolocation,/mnt/ubna_data_02_mir/recover-20220922/UBNA_001/20220921_090000.WAV,Telephone Field,recover-20220922,001,1795
121.0035,121.0419,68437,81639,Rhinolophus ferrumequinum,0.022,0.022,-1,Echolocation,/mnt/ubna_data_02_mir/recover-20220922/UBNA_001/20220921_090000.WAV,Telephone Field,recover-20220922,001,1795
121.0175,121.056,68437,82197,Rhinolophus ferrumequinum,0.024,0.024,-1,Echolocation,/mnt/ubna_data_02_mir/recover-20220922/UBNA_001/20220921_090000.WAV,Telephone Field,recover-20220922,001,1795
121.0365,121.0419,28046,41385,Myotis daubentonii,0.007,0.031,-1,Echolocation,/mnt/ubna_data_02_mir/recover-20220922/UBNA_001/20220921_090000.WAV,Telephone Field,recover-20220922,001,1795
121.0495,121.0626,22890,26939,Nyctalus leisleri,0.015,0.026,-1,Echolocation,/mnt/ubna_data_02_mir/recover-20220922/UBNA_001/20220921_090000.WAV,Telephone Field,recover-20220922,001,1795
121.0755,121.1137,68437,81587,Rhinolophus ferrumequinum,0.023,0.023,-1,Echolocation,/mnt/ubna_data_02_mir/recover-20220922/UBNA_001/20220921_090000.WAV,Telephone Field,recover-20220922,001,1795
121.0925,121.0982,30625,42571,Myotis daubentonii,0.013,0.032,-1,Echolocation,/mnt/ubna_data_02_mir/recover-20220922/UBNA_001/20220921_090000.WAV,Telephone Field,recover-20220922,001,1795
121.1365,121.1744,68437,82021,Rhinolophus ferrumequinum,0.021,0.021,-1,Echolocation,/mnt/ubna_data_02_mir/recover-20220922/UBNA_001/20220921_090000.WAV,Telephone Field,recover-20220922,001,1795
121.1535,121.1882,68437,81124,Rhinolophus ferrumequinum,0.022,0.022,-1,Echolocation,/mnt/ubna_data_02_mir/recover-20220922/UBNA_001/20220921_090000.WAV,Telephone Field,recover-20220922,001,1795
121.1705,121.1785,27187,36837,Eptesicus serotinus,0.012,0.03,-1,Echolocation,/mnt/ubna_data_02_mir/recover-20220922/UBNA_001/20220921_090000.WAV,Telephone Field,recover-20220922,001,1795
121.1765,121.2133,68437,81843,Rhinolophus ferrumequinum,0.021,0.021,-1,Echolocation,/mnt/ubna_data_02_mir/recover-20220922/UBNA_001/20220921_090000.WAV,Telephone Field,recover-20220922,001,1795
121.2395,121.2801,68437,82573,Rhinolophus ferrumequinum,0.029,0.029,-1,Echolocation,/mnt/ubna_data_02_mir/recover-20220922/UBNA_001/20220921_090000.WAV,Telephone Field,recover-20220922,001,1795
121.2905,121.2982,26328,38409,Eptesicus serotinus,0.006,0.021,-1,Echolocation,/mnt/ubna_data_02_mir/recover-20220922/UBNA_001/20220921_090000.WAV,Telephone Field,recover-20220922,001,1795
121.3045,121.3444,68437,82201,Rhinolophus ferrumequinum,0.021,0.021,-1,Echolocation,/mnt/ubna_data_02_mir/recover-20220922/UBNA_001/20220921_090000.WAV,Telephone Field,recover-20220922,001,1795
121.3455,121.3556,23750,29401,Nyctalus leisleri,0.008,0.022,-1,Echolocation,/mnt/ubna_data_02_mir/recover-20220922/UBNA_001/20220921_090000.WAV,Telephone Field,recover-20220922,001,1795
121.3775,121.4132,68437,81869,Rhinolophus ferrumequinum,0.028,0.028,-1,Echolocation,/mnt/ubna_data_02_mir/recover-20220922/UBNA_001/20220921_090000.WAV,Telephone Field,recover-20220922,001,1795
121.3905,121.3989,28046,39161,Eptesicus serotinus,0.008,0.023,-1,Echolocation,/mnt/ubna_data_02_mir/recover-20220922/UBNA_001/20220921_090000.WAV,Telephone Field,recover-20220922,001,1795
121.4275,121.4347,28046,37700,Eptesicus serotinus,0.007,0.024,-1,Echolocation,/mnt/ubna_data_02_mir/recover-20220922/UBNA_001/20220921_090000.WAV,Telephone Field,recover-20220922,001,1795
121.4455,121.4565,23750,29303,Nyctalus leisleri,0.011,0.026,-1,Echolocation,/mnt/ubna_data_02_mir/recover-20220922/UBNA_001/20220921_090000.WAV,Telephone Field,recover-20220922,001,1795
121.4595,121.5001,68437,83015,Rhinolophus ferrumequinum,0.03,0.03,-1,Echolocation,/mnt/ubna_data_02_mir/recover-20220922/UBNA_001/20220921_090000.WAV,Telephone Field,recover-20220922,001,1795
121.4775,121.4933,16875,21461,Nyctalus noctula,0.015,0.024,-1,Echolocation,/mnt/ubna_data_02_mir/recover-20220922/UBNA_001/20220921_090000.WAV,Telephone Field,recover-20220922,001,1795
121.4805,121.4911,22031,26652,Nyctalus leisleri,0.01,0.021,-1,Echolocation,/mnt/ubna_data_02_mir/recover-20220922/UBNA_001/20220921_090000.WAV,Telephone Field,recover-20220922,001,1795
121.4985,121.5343,68437,81474,Rhinolophus ferrumequinum,0.022,0.022,-1,Echolocation,/mnt/ubna_data_02_mir/recover-20220922/UBNA_001/20220921_090000.WAV,Telephone Field,recover-20220922,001,1795
121.5135,121.5203,25468,35361,Plecotus austriacus,0.007,0.027,-1,Echolocation,/mnt/ubna_data_02_mir/recover-20220922/UBNA_001/20220921_090000.WAV,Telephone Field,recover-20220922,001,1795
121.5245,121.5621,68437,82458,Rhinolophus ferrumequinum,0.021,0.021,-1,Echolocation,/mnt/ubna_data_02_mir/recover-20220922/UBNA_001/20220921_090000.WAV,Telephone Field,recover-20220922,001,1795
121.5605,121.5728,22031,25716,Nyctalus leisleri,0.014,0.024,-1,Echolocation,/mnt/ubna_data_02_mir/recover-20220922/UBNA_001/20220921_090000.WAV,Telephone Field,recover-20220922,001,1795
121.5755,121.6148,68437,82839,Rhinolophus ferrumequinum,0.024,0.024,-1,Echolocation,/mnt/ubna_data_02_mir/recover-20220922/UBNA_001/20220921_090000.WAV,Telephone Field,recover-20220922,001,1795
121.5835,121.5898,26328,42751,Myotis nattereri,0.006,0.027,-1,Echolocation,/mnt/ubna_data_02_mir/recover-20220922/UBNA_001/20220921_090000.WAV,Telephone Field,recover-20220922,001,1795
121.5835,121.5889,32343,45813,Myotis daubentonii,0.013,0.027,-1,Echolocation,/mnt/ubna_data_02_mir/recover-20220922/UBNA_001/20220921_090000.WAV,Telephone Field,recover-20220922,001,1795
121.5965,121.6073,25468,30872,Nyctalus leisleri,0.008,0.021,-1,Echolocation,/mnt/ubna_data_02_mir/recover-20220922/UBNA_001/20220921_090000.WAV,Telephone Field,recover-20220922,001,1795
121.6055,121.6438,68437,82246,Rhinolophus ferrumequinum,0.022,0.022,-1,Echolocation,/mnt/ubna_data_02_mir/recover-20220922/UBNA_001/20220921_090000.WAV,Telephone Field,recover-20220922,001,1795
121.6195,121.6279,28906,39065,Eptesicus serotinus,0.007,0.021,-1,Echolocation,/mnt/ubna_data_02_mir/recover-20220922/UBNA_001/20220921_090000.WAV,Telephone Field,recover-20220922,001,1795
121.6295,121.6661,68437,81855,Rhinolophus ferrumequinum,0.021,0.021,-1,Echolocation,/mnt/ubna_data_02_mir/recover-20220922/UBNA_001/20220921_090000.WAV,Telephone Field,recover-20220922,001,1795
121.6525,121.6586,27187,43595,Myotis daubentonii,0.008,0.03,-1,Echolocation,/mnt/ubna_data_02_mir/recover-20220922/UBNA_001/20220921_090000.WAV,Telephone Field,recover-20220922,001,1795
121.6605,121.698,68437,81487,Rhinolophus ferrumequinum,0.02,0.021,-1,Echolocation,/mnt/ubna_data_02_mir/recover-20220922/UBNA_001/20220921_090000.WAV,Telephone Field,recover-20220922,001,1795
121.6745,121.7111,68437,81785,Rhinolophus ferrumequinum,0.021,0.021,-1,Echolocation,/mnt/ubna_data_02_mir/recover-20220922/UBNA_001/20220921_090000.WAV,Telephone Field,recover-20220922,001,1795
121.6775,121.6936,21171,24321,Nyctalus leisleri,0.017,0.027,-1,Echolocation,/mnt/ubna_data_02_mir/recover-20220922/UBNA_001/20220921_090000.WAV,Telephone Field,recover-20220922,001,1795
121.7065,121.7441,68437,82212,Rhinolophus ferrumequinum,0.027,0.027,-1,Echolocation,/mnt/ubna_data_02_mir/recover-20220922/UBNA_001/20220921_090000.WAV,Telephone Field,recover-20220922,001,1795
121.7065,121.7176,22890,27329,Nyctalus leisleri,0.011,0.022,-1,Echolocation,/mnt/ubna_data_02_mir/recover-20220922/UBNA_001/20220921_090000.WAV,Telephone Field,recover-20220922,001,1795
121.7355,121.7726,68437,82251,Rhinolophus ferrumequinum,0.021,0.021,-1,Echolocation,/mnt/ubna_data_02_mir/recover-20220922/UBNA_001/20220921_090000.WAV,Telephone Field,recover-20220922,001,1795
121.7565,121.7968,68437,82646,Rhinolophus ferrumequinum,0.025,0.025,-1,Echolocation,/mnt/ubna_data_02_mir/recover-20220922/UBNA_001/20220921_090000.WAV,Telephone Field,recover-20220922,001,1795
121.7805,121.8202,68437,82345,Rhinolophus ferrumequinum,0.025,0.025,-1,Echolocation,/mnt/ubna_data_02_mir/recover-20220922/UBNA_001/20220921_090000.WAV,Telephone Field,recover-20220922,001,1795
121.7805,121.7899,27187,34614,Eptesicus serotinus,0.012,0.026,-1,Echolocation,/mnt/ubna_data_02_mir/recover-20220922/UBNA_001/20220921_090000.WAV,Telephone Field,recover-20220922,001,1795
121.8015,121.8355,68437,80642,Rhinolophus ferrumequinum,0.02,0.021,-1,Echolocation,/mnt/ubna_data_02_mir/recover-20220922/UBNA_001/20220921_090000.WAV,Telephone Field,recover-20220922,001,1795
121.8325,121.8716,68437,82218,Rhinolophus ferrumequinum,0.022,0.022,-1,Echolocation,/mnt/ubna_data_02_mir/recover-20220922/UBNA_001/20220921_090000.WAV,Telephone Field,recover-20220922,001,1795
121.9365,121.9747,68437,81736,Rhinolophus ferrumequinum,0.024,0.024,-1,Echolocation,/mnt/ubna_data_02_mir/recover-20220922/UBNA_001/20220921_090000.WAV,Telephone Field,recover-20220922,001,1795
121.9405,121.948,28046,38248,Eptesicus serotinus,0.007,0.021,-1,Echolocation,/mnt/ubna_data_02_mir/recover-20220922/UBNA_001/20220921_090000.WAV,Telephone Field,recover-20220922,001,1795
121.9885,121.9983,25468,34871,Eptesicus serotinus,0.011,0.025,-1,Echolocation,/mnt/ubna_data_02_mir/recover-20220922/UBNA_001/20220921_090000.WAV,Telephone Field,recover-20220922,001,1795
122.0015,122.0389,68437,81389,Rhinolophus ferrumequinum,0.046,0.047,-1,Echolocation,/mnt/ubna_data_02_mir/recover-20220922/UBNA_001/20220921_090000.WAV,Telephone Field,recover-20220922,001,1795
122.0015,122.0105,22031,27889,Nyctalus leisleri,0.012,0.03,-1,Echolocation,/mnt/ubna_data_02_mir/recover-20220922/UBNA_001/20220921_090000.WAV,Telephone Field,recover-20220922,001,1795
122.0085,122.0558,68437,83300,Rhinolophus ferrumequinum,0.028,0.028,-1,Echolocation,/mnt/ubna_data_02_mir/recover-20220922/UBNA_001/20220921_090000.WAV,Telephone Field,recover-20220922,001,1795
122.0375,122.0785,68437,82479,Rhinolophus ferrumequinum,0.034,0.034,-1,Echolocation,/mnt/ubna_data_02_mir/recover-20220922/UBNA_001/20220921_090000.WAV,Telephone Field,recover-20220922,001,1795
122.0585,122.0967,68437,81993,Rhinolophus ferrumequinum,0.021,0.021,-1,Echolocation,/mnt/ubna_data_02_mir/recover-20220922/UBNA_001/20220921_090000.WAV,Telephone Field,recover-20220922,001,1795
122.0915,122.1323,68437,82373,Rhinolophus ferrumequinum,0.026,0.026,-1,Echolocation,/mnt/ubna_data_02_mir/recover-20220922/UBNA_001/20220921_090000.WAV,Telephone Field,recover-20220922,001,1795
122.0945,122.1005,25468,39504,Plecotus austriacus,0.006,0.023,-1,Echolocation,/mnt/ubna_data_02_mir/recover-20220922/UBNA_001/20220921_090000.WAV,Telephone Field,recover-20220922,001,1795
122.1275,122.1655,68437,82203,Rhinolophus ferrumequinum,0.025,0.025,-1,Echolocation,/mnt/ubna_data_02_mir/recover-20220922/UBNA_001/20220921_090000.WAV,Telephone Field,recover-20220922,001,1795
122.1345,122.1743,68437,81798,Rhinolophus ferrumequinum,0.023,0.023,-1,Echolocation,/mnt/ubna_data_02_mir/recover-20220922/UBNA_001/20220921_090000.WAV,Telephone Field,recover-20220922,001,1795
122.1775,122.2165,68437,82324,Rhinolophus ferrumequinum,0.024,0.024,-1,Echolocation,/mnt/ubna_data_02_mir/recover-20220922/UBNA_001/20220921_090000.WAV,Telephone Field,recover-20220922,001,1795
122.2025,122.2447,68437,82956,Rhinolophus ferrumequinum,0.023,0.023,-1,Echolocation,/mnt/ubna_data_02_mir/recover-20220922/UBNA_001/20220921_090000.WAV,Telephone Field,recover-20220922,001,1795
122.2285,122.236,26328,34666,Eptesicus serotinus,0.008,0.023,-1,Echolocation,/mnt/ubna_data_02_mir/recover-20220922/UBNA_001/20220921_090000.WAV,Telephone Field,recover-20220922,001,1795
122.2645,122.3053,68437,82357,Rhinolophus ferrumequinum,0.021,0.021,-1,Echolocation,/mnt/ubna_data_02_mir/recover-20220922/UBNA_001/20220921_090000.WAV,Telephone Field,recover-20220922,001,1795
122.2835,122.3171,68437,81220,Rhinolophus ferrumequinum,0.021,0.021,-1,Echolocation,/mnt/ubna_data_02_mir/recover-20220922/UBNA_001/20220921_090000.WAV,Telephone Field,recover-20220922,001,1795
122.2925,122.3034,28046,35025,Eptesicus serotinus,0.015,0.029,-1,Echolocation,/mnt/ubna_data_02_mir/recover-20220922/UBNA_001/20220921_090000.WAV,Telephone Field,recover-20220922,001,1795
122.3305,122.36580000000001,68437,81628,Rhinolophus ferrumequinum,0.021,0.021,-1,Echolocation,/mnt/ubna_data_02_mir/recover-20220922/UBNA_001/20220921_090000.WAV,Telephone Field,recover-20220922,001,1795
122.3425,122.3782,68437,81564,Rhinolophus ferrumequinum,0.022,0.022,-1,Echolocation,/mnt/ubna_data_02_mir/recover-20220922/UBNA_001/20220921_090000.WAV,Telephone Field,recover-20220922,001,1795
122.3525,122.3924,68437,82309,Rhinolophus ferrumequinum,0.024,0.024,-1,Echolocation,/mnt/ubna_data_02_mir/recover-20220922/UBNA_001/20220921_090000.WAV,Telephone Field,recover-20220922,001,1795
122.4045,122.4182,22890,26985,Nyctalus leisleri,0.016,0.027,-1,Echolocation,/mnt/ubna_data_02_mir/recover-20220922/UBNA_001/20220921_090000.WAV,Telephone Field,recover-20220922,001,1795
122.4175,122.4558,68437,82277,Rhinolophus ferrumequinum,0.04,0.04,-1,Echolocation,/mnt/ubna_data_02_mir/recover-20220922/UBNA_001/20220921_090000.WAV,Telephone Field,recover-20220922,001,1795
122.4565,122.4958,68437,82250,Rhinolophus ferrumequinum,0.021,0.021,-1,Echolocation,/mnt/ubna_data_02_mir/recover-20220922/UBNA_001/20220921_090000.WAV,Telephone Field,recover-20220922,001,1795
122.4645,122.4711,27187,42858,Eptesicus serotinus,0.006,0.022,-1,Echolocation,/mnt/ubna_data_02_mir/recover-20220922/UBNA_001/20220921_090000.WAV,Telephone Field,recover-20220922,001,1795
122.4965,122.5371,68437,82193,Rhinolophus ferrumequinum,0.022,0.022,-1,Echolocation,/mnt/ubna_data_02_mir/recover-20220922/UBNA_001/20220921_090000.WAV,Telephone Field,recover-20220922,001,1795
122.5025,122.5142,14296,19272,Nyctalus noctula,0.021,0.037,-1,Echolocation,/mnt/ubna_data_02_mir/recover-20220922/UBNA_001/20220921_090000.WAV,Telephone Field,recover-20220922,001,1795
122.5175,122.5537,68437,81181,Rhinolophus ferrumequinum,0.021,0.022,-1,Echolocation,/mnt/ubna_data_02_mir/recover-20220922/UBNA_001/20220921_090000.WAV,Telephone Field,recover-20220922,001,1795
122.5375,122.5448,27187,35602,Eptesicus serotinus,0.008,0.023,-1,Echolocation,/mnt/ubna_data_02_mir/recover-20220922/UBNA_001/20220921_090000.WAV,Telephone Field,recover-20220922,001,1795
122.5675,122.6032,68437,80805,Rhinolophus ferrumequinum,0.021,0.022,-1,Echolocation,/mnt/ubna_data_02_mir/recover-20220922/UBNA_001/20220921_090000.WAV,Telephone Field,recover-20220922,001,1795
122.6045,122.6123,27187,45958,Eptesicus serotinus,0.007,0.022,-1,Echolocation,/mnt/ubna_data_02_mir/recover-20220922/UBNA_001/20220921_090000.WAV,Telephone Field,recover-20220922,001,1795
122.62049999999999,122.6281,28046,37926,Eptesicus serotinus,0.008,0.023,-1,Echolocation,/mnt/ubna_data_02_mir/recover-20220922/UBNA_001/20220921_090000.WAV,Telephone Field,recover-20220922,001,1795
122.6305,122.6677,68437,82098,Rhinolophus ferrumequinum,0.021,0.021,-1,Echolocation,/mnt/ubna_data_02_mir/recover-20220922/UBNA_001/20220921_090000.WAV,Telephone Field,recover-20220922,001,1795
122.6605,122.6965,68437,80945,Rhinolophus ferrumequinum,0.022,0.022,-1,Echolocation,/mnt/ubna_data_02_mir/recover-20220922/UBNA_001/20220921_090000.WAV,Telephone Field,recover-20220922,001,1795
122.6905,122.7277,68437,81137,Rhinolophus ferrumequinum,0.022,0.022,-1,Echolocation,/mnt/ubna_data_02_mir/recover-20220922/UBNA_001/20220921_090000.WAV,Telephone Field,recover-20220922,001,1795
122.7065,122.7473,68437,81914,Rhinolophus ferrumequinum,0.025,0.025,-1,Echolocation,/mnt/ubna_data_02_mir/recover-20220922/UBNA_001/20220921_090000.WAV,Telephone Field,recover-20220922,001,1795
122.7665,122.7757,29765,36877,Eptesicus serotinus,0.01,0.023,-1,Echolocation,/mnt/ubna_data_02_mir/recover-20220922/UBNA_001/20220921_090000.WAV,Telephone Field,recover-20220922,001,1795
122.7815,122.8189,68437,81643,Rhinolophus ferrumequinum,0.024,0.024,-1,Echolocation,/mnt/ubna_data_02_mir/recover-20220922/UBNA_001/20220921_090000.WAV,Telephone Field,recover-20220922,001,1795
122.8005,122.8135,46953,50070,Pipistrellus pipistrellus,0.052,0.058,-1,Echolocation,/mnt/ubna_data_02_mir/recover-20220922/UBNA_001/20220921_090000.WAV,Telephone Field,recover-20220922,001,1795
122.8095,122.8172,27187,40034,Eptesicus serotinus,0.007,0.022,-1,Echolocation,/mnt/ubna_data_02_mir/recover-20220922/UBNA_001/20220921_090000.WAV,Telephone Field,recover-20220922,001,1795
122.8345,122.8429,22890,30556,Plecotus austriacus,0.008,0.022,-1,Echolocation,/mnt/ubna_data_02_mir/recover-20220922/UBNA_001/20220921_090000.WAV,Telephone Field,recover-20220922,001,1795
122.8535,122.8891,68437,81236,Rhinolophus ferrumequinum,0.03,0.03,-1,Echolocation,/mnt/ubna_data_02_mir/recover-20220922/UBNA_001/20220921_090000.WAV,Telephone Field,recover-20220922,001,1795
122.8685,122.8749,34921,44964,Myotis daubentonii,0.008,0.025,-1,Echolocation,/mnt/ubna_data_02_mir/recover-20220922/UBNA_001/20220921_090000.WAV,Telephone Field,recover-20220922,001,1795
122.87049999999999,122.8789,28906,41177,Eptesicus serotinus,0.009,0.024,-1,Echolocation,/mnt/ubna_data_02_mir/recover-20220922/UBNA_001/20220921_090000.WAV,Telephone Field,recover-20220922,001,1795
122.8855,122.893,26328,35150,Eptesicus serotinus,0.007,0.022,-1,Echolocation,/mnt/ubna_data_02_mir/recover-20220922/UBNA_001/20220921_090000.WAV,Telephone Field,recover-20220922,001,1795
122.8855,122.925,68437,82207,Rhinolophus ferrumequinum,0.022,0.022,-1,Echolocation,/mnt/ubna_data_02_mir/recover-20220922/UBNA_001/20220921_090000.WAV,Telephone Field,recover-20220922,001,1795
122.9015,122.94,68437,82257,Rhinolophus ferrumequinum,0.024,0.024,-1,Echolocation,/mnt/ubna_data_02_mir/recover-20220922/UBNA_001/20220921_090000.WAV,Telephone Field,recover-20220922,001,1795
122.9655,123.0042,68437,81655,Rhinolophus ferrumequinum,0.022,0.022,-1,Echolocation,/mnt/ubna_data_02_mir/recover-20220922/UBNA_001/20220921_090000.WAV,Telephone Field,recover-20220922,001,1795
122.9875,122.9941,28046,38459,Eptesicus serotinus,0.006,0.025,-1,Echolocation,/mnt/ubna_data_02_mir/recover-20220922/UBNA_001/20220921_090000.WAV,Telephone Field,recover-20220922,001,1795
122.9945,123.0029,28046,39284,Eptesicus serotinus,0.007,0.021,-1,Echolocation,/mnt/ubna_data_02_mir/recover-20220922/UBNA_001/20220921_090000.WAV,Telephone Field,recover-20220922,001,1795
123.0155,123.0279,35781,41988,Pipistrellus nathusii,0.009,0.035,-1,Echolocation,/mnt/ubna_data_02_mir/recover-20220922/UBNA_001/20220921_090000.WAV,Telephone Field,recover-20220922,001,1795
123.0205,123.05799999999999,68437,81576,Rhinolophus ferrumequinum,0.023,0.023,-1,Echolocation,/mnt/ubna_data_02_mir/recover-20220922/UBNA_001/20220921_090000.WAV,Telephone Field,recover-20220922,001,1795
123.0585,123.0964,68437,81947,Rhinolophus ferrumequinum,0.023,0.023,-1,Echolocation,/mnt/ubna_data_02_mir/recover-20220922/UBNA_001/20220921_090000.WAV,Telephone Field,recover-20220922,001,1795
123.0785,123.1215,68437,82837,Rhinolophus ferrumequinum,0.03,0.03,-1,Echolocation,/mnt/ubna_data_02_mir/recover-20220922/UBNA_001/20220921_090000.WAV,Telephone Field,recover-20220922,001,1795
123.0805,123.08840000000001,28046,38711,Eptesicus serotinus,0.007,0.021,-1,Echolocation,/mnt/ubna_data_02_mir/recover-20220922/UBNA_001/20220921_090000.WAV,Telephone Field,recover-20220922,001,1795
123.0805,123.0911,22031,26841,Nyctalus leisleri,0.011,0.022,-1,Echolocation,/mnt/ubna_data_02_mir/recover-20220922/UBNA_001/20220921_090000.WAV,Telephone Field,recover-20220922,001,1795
123.0845,123.0959,37500,42398,Pipistrellus nathusii,0.006,0.021,-1,Echolocation,/mnt/ubna_data_02_mir/recover-20220922/UBNA_001/20220921_090000.WAV,Telephone Field,recover-20220922,001,1795
123.1175,123.1258,28046,39337,Eptesicus serotinus,0.007,0.021,-1,Echolocation,/mnt/ubna_data_02_mir/recover-20220922/UBNA_001/20220921_090000.WAV,Telephone Field,recover-20220922,001,1795
123.12950000000001,123.149,20312,22917,Nyctalus leisleri,0.012,0.022,-1,Echolocation,/mnt/ubna_data_02_mir/recover-20220922/UBNA_001/20220921_090000.WAV,Telephone Field,recover-20220922,001,1795
123.1355,123.1458,22890,27920,Nyctalus leisleri,0.011,0.024,-1,Echolocation,/mnt/ubna_data_02_mir/recover-20220922/UBNA_001/20220921_090000.WAV,Telephone Field,recover-20220922,001,1795
123.1465,123.1818,68437,81664,Rhinolophus ferrumequinum,0.021,0.021,-1,Echolocation,/mnt/ubna_data_02_mir/recover-20220922/UBNA_001/20220921_090000.WAV,Telephone Field,recover-20220922,001,1795
123.1835,123.2234,68437,82016,Rhinolophus ferrumequinum,0.023,0.023,-1,Echolocation,/mnt/ubna_data_02_mir/recover-20220922/UBNA_001/20220921_090000.WAV,Telephone Field,recover-20220922,001,1795
123.1855,123.1943,28046,41742,Eptesicus serotinus,0.008,0.022,-1,Echolocation,/mnt/ubna_data_02_mir/recover-20220922/UBNA_001/20220921_090000.WAV,Telephone Field,recover-20220922,001,1795
123.1915,123.1981,34921,44355,Myotis daubentonii,0.006,0.022,-1,Echolocation,/mnt/ubna_data_02_mir/recover-20220922/UBNA_001/20220921_090000.WAV,Telephone Field,recover-20220922,001,1795
123.2195,123.2555,68437,80904,Rhinolophus ferrumequinum,0.022,0.022,-1,Echolocation,/mnt/ubna_data_02_mir/recover-20220922/UBNA_001/20220921_090000.WAV,Telephone Field,recover-20220922,001,1795
123.2345,123.2726,68437,82355,Rhinolophus ferrumequinum,0.021,0.021,-1,Echolocation,/mnt/ubna_data_02_mir/recover-20220922/UBNA_001/20220921_090000.WAV,Telephone Field,recover-20220922,001,1795
123.24549999999999,123.2615,22890,26727,Nyctalus leisleri,0.022,0.037,-1,Echolocation,/mnt/ubna_data_02_mir/recover-20220922/UBNA_001/20220921_090000.WAV,Telephone Field,recover-20220922,001,1795
123.2675,123.274,28046,39186,Eptesicus serotinus,0.006,0.023,-1,Echolocation,/mnt/ubna_data_02_mir/recover-20220922/UBNA_001/20220921_090000.WAV,Telephone Field,recover-20220922,001,1795
123.2835,123.3215,68437,82436,Rhinolophus ferrumequinum,0.021,0.021,-1,Echolocation,/mnt/ubna_data_02_mir/recover-20220922/UBNA_001/20220921_090000.WAV,Telephone Field,recover-20220922,001,1795
123.2915,123.332,68437,82581,Rhinolophus ferrumequinum,0.024,0.024,-1,Echolocation,/mnt/ubna_data_02_mir/recover-20220922/UBNA_001/20220921_090000.WAV,Telephone Field,recover-20220922,001,1795
123.3275,123.3344,28046,40534,Eptesicus serotinus,0.005,0.022,-1,Echolocation,/mnt/ubna_data_02_mir/recover-20220922/UBNA_001/20220921_090000.WAV,Telephone Field,recover-20220922,001,1795
123.3525,123.3638,40078,44056,Pipistrellus nathusii,0.011,0.022,-1,Echolocation,/mnt/ubna_data_02_mir/recover-20220922/UBNA_001/20220921_090000.WAV,Telephone Field,recover-20220922,001,1795
123.3545,123.3901,68437,81132,Rhinolophus ferrumequinum,0.024,0.024,-1,Echolocation,/mnt/ubna_data_02_mir/recover-20220922/UBNA_001/20220921_090000.WAV,Telephone Field,recover-20220922,001,1795
123.3665,123.3745,28046,39303,Eptesicus serotinus,0.008,0.022,-1,Echolocation,/mnt/ubna_data_02_mir/recover-20220922/UBNA_001/20220921_090000.WAV,Telephone Field,recover-20220922,001,1795
123.3685,123.4089,68437,82321,Rhinolophus ferrumequinum,0.024,0.024,-1,Echolocation,/mnt/ubna_data_02_mir/recover-20220922/UBNA_001/20220921_090000.WAV,Telephone Field,recover-20220922,001,1795
123.4025,123.4126,23750,29811,Nyctalus leisleri,0.009,0.022,-1,Echolocation,/mnt/ubna_data_02_mir/recover-20220922/UBNA_001/20220921_090000.WAV,Telephone Field,recover-20220922,001,1795
123.4265,123.4379,32343,38421,Eptesicus serotinus,0.009,0.026,-1,Echolocation,/mnt/ubna_data_02_mir/recover-20220922/UBNA_001/20220921_090000.WAV,Telephone Field,recover-20220922,001,1795
123.4325,123.4479,34062,38319,Eptesicus serotinus,0.007,0.024,-1,Echolocation,/mnt/ubna_data_02_mir/recover-20220922/UBNA_001/20220921_090000.WAV,Telephone Field,recover-20220922,001,1795
123.4635,123.5028,68437,82350,Rhinolophus ferrumequinum,0.022,0.023,-1,Echolocation,/mnt/ubna_data_02_mir/recover-20220922/UBNA_001/20220921_090000.WAV,Telephone Field,recover-20220922,001,1795
123.4645,123.4752,23750,29214,Nyctalus leisleri,0.009,0.021,-1,Echolocation,/mnt/ubna_data_02_mir/recover-20220922/UBNA_001/20220921_090000.WAV,Telephone Field,recover-20220922,001,1795
123.5155,123.5506,68437,80874,Rhinolophus ferrumequinum,0.021,0.021,-1,Echolocation,/mnt/ubna_data_02_mir/recover-20220922/UBNA_001/20220921_090000.WAV,Telephone Field,recover-20220922,001,1795
123.5195,123.5279,28046,38535,Eptesicus serotinus,0.007,0.021,-1,Echolocation,/mnt/ubna_data_02_mir/recover-20220922/UBNA_001/20220921_090000.WAV,Telephone Field,recover-20220922,001,1795
123.5465,123.5569,24609,30543,Nyctalus leisleri,0.008,0.021,-1,Echolocation,/mnt/ubna_data_02_mir/recover-20220922/UBNA_001/20220921_090000.WAV,Telephone Field,recover-20220922,001,1795
123.5765,123.6147,68437,81598,Rhinolophus ferrumequinum,0.021,0.021,-1,Echolocation,/mnt/ubna_data_02_mir/recover-20220922/UBNA_001/20220921_090000.WAV,Telephone Field,recover-20220922,001,1795
123.5855,123.6261,68437,81914,Rhinolophus ferrumequinum,0.023,0.023,-1,Echolocation,/mnt/ubna_data_02_mir/recover-20220922/UBNA_001/20220921_090000.WAV,Telephone Field,recover-20220922,001,1795
123.5965,123.6071,28906,36628,Eptesicus serotinus,0.012,0.026,-1,Echolocation,/mnt/ubna_data_02_mir/recover-20220922/UBNA_001/20220921_090000.WAV,Telephone Field,recover-20220922,001,1795
123.6595,123.6675,28046,40123,Eptesicus serotinus,0.007,0.022,-1,Echolocation,/mnt/ubna_data_02_mir/recover-20220922/UBNA_001/20220921_090000.WAV,Telephone Field,recover-20220922,001,1795
123.6605,123.6968,68437,80963,Rhinolophus ferrumequinum,0.022,0.022,-1,Echolocation,/mnt/ubna_data_02_mir/recover-20220922/UBNA_001/20220921_090000.WAV,Telephone Field,recover-20220922,001,1795
123.6715,123.6829,28046,34200,Eptesicus serotinus,0.016,0.03,-1,Echolocation,/mnt/ubna_data_02_mir/recover-20220922/UBNA_001/20220921_090000.WAV,Telephone Field,recover-20220922,001,1795
123.6925,123.7303,68437,81706,Rhinolophus ferrumequinum,0.021,0.021,-1,Echolocation,/mnt/ubna_data_02_mir/recover-20220922/UBNA_001/20220921_090000.WAV,Telephone Field,recover-20220922,001,1795
123.7355,123.7761,68437,82686,Rhinolophus ferrumequinum,0.026,0.026,-1,Echolocation,/mnt/ubna_data_02_mir/recover-20220922/UBNA_001/20220921_090000.WAV,Telephone Field,recover-20220922,001,1795
123.7785,123.8153,68437,80872,Rhinolophus ferrumequinum,0.021,0.021,-1,Echolocation,/mnt/ubna_data_02_mir/recover-20220922/UBNA_001/20220921_090000.WAV,Telephone Field,recover-20220922,001,1795
123.7845,123.8198,68437,81024,Rhinolophus ferrumequinum,0.021,0.021,-1,Echolocation,/mnt/ubna_data_02_mir/recover-20220922/UBNA_001/20220921_090000.WAV,Telephone Field,recover-20220922,001,1795
123.7945,123.8323,68437,81652,Rhinolophus ferrumequinum,0.023,0.023,-1,Echolocation,/mnt/ubna_data_02_mir/recover-20220922/UBNA_001/20220921_090000.WAV,Telephone Field,recover-20220922,001,1795
123.8085,123.849,68437,82346,Rhinolophus ferrumequinum,0.024,0.024,-1,Echolocation,/mnt/ubna_data_02_mir/recover-20220922/UBNA_001/20220921_090000.WAV,Telephone Field,recover-20220922,001,1795
123.8205,123.8586,68437,81942,Rhinolophus ferrumequinum,0.022,0.022,-1,Echolocation,/mnt/ubna_data_02_mir/recover-20220922/UBNA_001/20220921_090000.WAV,Telephone Field,recover-20220922,001,1795
123.8515,123.8894,68437,82309,Rhinolophus ferrumequinum,0.028,0.028,-1,Echolocation,/mnt/ubna_data_02_mir/recover-20220922/UBNA_001/20220921_090000.WAV,Telephone Field,recover-20220922,001,1795
123.8625,123.9003,68437,81643,Rhinolophus ferrumequinum,0.021,0.021,-1,Echolocation,/mnt/ubna_data_02_mir/recover-20220922/UBNA_001/20220921_090000.WAV,Telephone Field,recover-20220922,001,1795
123.8875,123.9226,68437,80935,Rhinolophus ferrumequinum,0.021,0.021,-1,Echolocation,/mnt/ubna_data_02_mir/recover-20220922/UBNA_001/20220921_090000.WAV,Telephone Field,recover-20220922,001,1795
123.8935,123.9306,68437,81863,Rhinolophus ferrumequinum,0.021,0.021,-1,Echolocation,/mnt/ubna_data_02_mir/recover-20220922/UBNA_001/20220921_090000.WAV,Telephone Field,recover-20220922,001,1795
123.8975,123.9083,28046,36888,Eptesicus serotinus,0.014,0.027,-1,Echolocation,/mnt/ubna_data_02_mir/recover-20220922/UBNA_001/20220921_090000.WAV,Telephone Field,recover-20220922,001,1795
123.9175,123.9548,68437,82134,Rhinolophus ferrumequinum,0.021,0.022,-1,Echolocation,/mnt/ubna_data_02_mir/recover-20220922/UBNA_001/20220921_090000.WAV,Telephone Field,recover-20220922,001,1795
123.9425,123.9798,68437,81598,Rhinolophus ferrumequinum,0.021,0.021,-1,Echolocation,/mnt/ubna_data_02_mir/recover-20220922/UBNA_001/20220921_090000.WAV,Telephone Field,recover-20220922,001,1795
123.9885,123.9991,27187,36913,Eptesicus serotinus,0.012,0.025,-1,Echolocation,/mnt/ubna_data_02_mir/recover-20220922/UBNA_001/20220921_090000.WAV,Telephone Field,recover-20220922,001,1795
124.0015,124.0141,24609,30654,Nyctalus leisleri,0.019,0.042,-1,Echolocation,/mnt/ubna_data_02_mir/recover-20220922/UBNA_001/20220921_090000.WAV,Telephone Field,recover-20220922,001,1795
124.0015,124.0325,71015,83344,Rhinolophus ferrumequinum,0.035,0.035,-1,Echolocation,/mnt/ubna_data_02_mir/recover-20220922/UBNA_001/20220921_090000.WAV,Telephone Field,recover-20220922,001,1795
124.0085,124.0454,68437,80481,Rhinolophus ferrumequinum,0.028,0.028,-1,Echolocation,/mnt/ubna_data_02_mir/recover-20220922/UBNA_001/20220921_090000.WAV,Telephone Field,recover-20220922,001,1795
124.0365,124.048,27187,34111,Eptesicus serotinus,0.019,0.033,-1,Echolocation,/mnt/ubna_data_02_mir/recover-20220922/UBNA_001/20220921_090000.WAV,Telephone Field,recover-20220922,001,1795
124.0515,124.0895,68437,82278,Rhinolophus ferrumequinum,0.024,0.024,-1,Echolocation,/mnt/ubna_data_02_mir/recover-20220922/UBNA_001/20220921_090000.WAV,Telephone Field,recover-20220922,001,1795
124.0765,124.1105,68437,81435,Rhinolophus ferrumequinum,0.023,0.023,-1,Echolocation,/mnt/ubna_data_02_mir/recover-20220922/UBNA_001/20220921_090000.WAV,Telephone Field,recover-20220922,001,1795
124.0935,124.1001,28906,41200,Eptesicus serotinus,0.007,0.024,-1,Echolocation,/mnt/ubna_data_02_mir/recover-20220922/UBNA_001/20220921_090000.WAV,Telephone Field,recover-20220922,001,1795
124.1195,124.1294,28046,38384,Eptesicus serotinus,0.014,0.028,-1,Echolocation,/mnt/ubna_data_02_mir/recover-20220922/UBNA_001/20220921_090000.WAV,Telephone Field,recover-20220922,001,1795
124.1305,124.1682,68437,81635,Rhinolophus ferrumequinum,0.025,0.025,-1,Echolocation,/mnt/ubna_data_02_mir/recover-20220922/UBNA_001/20220921_090000.WAV,Telephone Field,recover-20220922,001,1795
124.1435,124.1838,68437,82480,Rhinolophus ferrumequinum,0.027,0.027,-1,Echolocation,/mnt/ubna_data_02_mir/recover-20220922/UBNA_001/20220921_090000.WAV,Telephone Field,recover-20220922,001,1795
124.1635,124.1738,28906,35619,Eptesicus serotinus,0.012,0.024,-1,Echolocation,/mnt/ubna_data_02_mir/recover-20220922/UBNA_001/20220921_090000.WAV,Telephone Field,recover-20220922,001,1795
124.1975,124.2396,68437,83101,Rhinolophus ferrumequinum,0.028,0.028,-1,Echolocation,/mnt/ubna_data_02_mir/recover-20220922/UBNA_001/20220921_090000.WAV,Telephone Field,recover-20220922,001,1795
124.2725,124.3118,68437,82446,Rhinolophus ferrumequinum,0.023,0.023,-1,Echolocation,/mnt/ubna_data_02_mir/recover-20220922/UBNA_001/20220921_090000.WAV,Telephone Field,recover-20220922,001,1795
124.3365,124.3458,28046,37374,Eptesicus serotinus,0.01,0.023,-1,Echolocation,/mnt/ubna_data_02_mir/recover-20220922/UBNA_001/20220921_090000.WAV,Telephone Field,recover-20220922,001,1795
124.3395,124.3501,34062,40427,Eptesicus serotinus,0.006,0.025,-1,Echolocation,/mnt/ubna_data_02_mir/recover-20220922/UBNA_001/20220921_090000.WAV,Telephone Field,recover-20220922,001,1795
124.3455,124.3846,68437,82236,Rhinolophus ferrumequinum,0.023,0.023,-1,Echolocation,/mnt/ubna_data_02_mir/recover-20220922/UBNA_001/20220921_090000.WAV,Telephone Field,recover-20220922,001,1795
124.3895,124.43,68437,81885,Rhinolophus ferrumequinum,0.024,0.024,-1,Echolocation,/mnt/ubna_data_02_mir/recover-20220922/UBNA_001/20220921_090000.WAV,Telephone Field,recover-20220922,001,1795
124.3945,124.4044,24609,31366,Nyctalus leisleri,0.009,0.026,-1,Echolocation,/mnt/ubna_data_02_mir/recover-20220922/UBNA_001/20220921_090000.WAV,Telephone Field,recover-20220922,001,1795
124.4275,124.4705,68437,82909,Rhinolophus ferrumequinum,0.032,0.032,-1,Echolocation,/mnt/ubna_data_02_mir/recover-20220922/UBNA_001/20220921_090000.WAV,Telephone Field,recover-20220922,001,1795
124.4615,124.4688,28046,40348,Eptesicus serotinus,0.007,0.024,-1,Echolocation,/mnt/ubna_data_02_mir/recover-20220922/UBNA_001/20220921_090000.WAV,Telephone Field,recover-20220922,001,1795
124.4675,124.509,68437,83012,Rhinolophus ferrumequinum,0.032,0.032,-1,Echolocation,/mnt/ubna_data_02_mir/recover-20220922/UBNA_001/20220921_090000.WAV,Telephone Field,recover-20220922,001,1795
124.4775,124.5149,68437,80716,Rhinolophus ferrumequinum,0.023,0.023,-1,Echolocation,/mnt/ubna_data_02_mir/recover-20220922/UBNA_001/20220921_090000.WAV,Telephone Field,recover-20220922,001,1795
124.5325,124.5406,24609,33407,Plecotus austriacus,0.009,0.032,-1,Echolocation,/mnt/ubna_data_02_mir/recover-20220922/UBNA_001/20220921_090000.WAV,Telephone Field,recover-20220922,001,1795
124.5515,124.5915,68437,82812,Rhinolophus ferrumequinum,0.029,0.029,-1,Echolocation,/mnt/ubna_data_02_mir/recover-20220922/UBNA_001/20220921_090000.WAV,Telephone Field,recover-20220922,001,1795
124.5565,124.56569999999999,39218,45842,Pipistrellus nathusii,0.011,0.029,-1,Echolocation,/mnt/ubna_data_02_mir/recover-20220922/UBNA_001/20220921_090000.WAV,Telephone Field,recover-20220922,001,1795
124.6265,124.664,68437,81581,Rhinolophus ferrumequinum,0.023,0.023,-1,Echolocation,/mnt/ubna_data_02_mir/recover-20220922/UBNA_001/20220921_090000.WAV,Telephone Field,recover-20220922,001,1795
124.6415,124.648,26328,41987,Eptesicus serotinus,0.007,0.031,-1,Echolocation,/mnt/ubna_data_02_mir/recover-20220922/UBNA_001/20220921_090000.WAV,Telephone Field,recover-20220922,001,1795
124.6415,124.6464,34062,49666,Myotis daubentonii,0.009,0.026,-1,Echolocation,/mnt/ubna_data_02_mir/recover-20220922/UBNA_001/20220921_090000.WAV,Telephone Field,recover-20220922,001,1795
124.6535,124.6903,68437,82053,Rhinolophus ferrumequinum,0.024,0.024,-1,Echolocation,/mnt/ubna_data_02_mir/recover-20220922/UBNA_001/20220921_090000.WAV,Telephone Field,recover-20220922,001,1795
124.6595,124.6669,28046,40199,Eptesicus serotinus,0.008,0.024,-1,Echolocation,/mnt/ubna_data_02_mir/recover-20220922/UBNA_001/20220921_090000.WAV,Telephone Field,recover-20220922,001,1795
124.6935,124.735,68437,82821,Rhinolophus ferrumequinum,0.024,0.024,-1,Echolocation,/mnt/ubna_data_02_mir/recover-20220922/UBNA_001/20220921_090000.WAV,Telephone Field,recover-20220922,001,1795
124.7095,124.7203,22890,27739,Nyctalus leisleri,0.013,0.025,-1,Echolocation,/mnt/ubna_data_02_mir/recover-20220922/UBNA_001/20220921_090000.WAV,Telephone Field,recover-20220922,001,1795
124.7535,124.7646,24609,31101,Eptesicus serotinus,0.009,0.024,-1,Echolocation,/mnt/ubna_data_02_mir/recover-20220922/UBNA_001/20220921_090000.WAV,Telephone Field,recover-20220922,001,1795
124.7715,124.7795,27187,37883,Eptesicus serotinus,0.01,0.024,-1,Echolocation,/mnt/ubna_data_02_mir/recover-20220922/UBNA_001/20220921_090000.WAV,Telephone Field,recover-20220922,001,1795
124.7865,124.7978,21171,25941,Nyctalus leisleri,0.011,0.025,-1,Echolocation,/mnt/ubna_data_02_mir/recover-20220922/UBNA_001/20220921_090000.WAV,Telephone Field,recover-20220922,001,1795
124.7995,124.8382,68437,82343,Rhinolophus ferrumequinum,0.023,0.023,-1,Echolocation,/mnt/ubna_data_02_mir/recover-20220922/UBNA_001/20220921_090000.WAV,Telephone Field,recover-20220922,001,1795
124.8015,124.8098,28046,39181,Eptesicus serotinus,0.013,0.027,-1,Echolocation,/mnt/ubna_data_02_mir/recover-20220922/UBNA_001/20220921_090000.WAV,Telephone Field,recover-20220922,001,1795
124.9405,124.9811,68437,82917,Rhinolophus ferrumequinum,0.024,0.024,-1,Echolocation,/mnt/ubna_data_02_mir/recover-20220922/UBNA_001/20220921_090000.WAV,Telephone Field,recover-20220922,001,1795
124.9515,124.9582,28046,40431,Eptesicus serotinus,0.009,0.03,-1,Echolocation,/mnt/ubna_data_02_mir/recover-20220922/UBNA_001/20220921_090000.WAV,Telephone Field,recover-20220922,001,1795
124.9845,125.027,68437,83529,Rhinolophus ferrumequinum,0.037,0.037,-1,Echolocation,/mnt/ubna_data_02_mir/recover-20220922/UBNA_001/20220921_090000.WAV,Telephone Field,recover-20220922,001,1795
125.0145,125.0552,68437,82595,Rhinolophus ferrumequinum,0.029,0.029,-1,Echolocation,/mnt/ubna_data_02_mir/recover-20220922/UBNA_001/20220921_090000.WAV,Telephone Field,recover-20220922,001,1795
125.0505,125.0927,68437,83270,Rhinolophus ferrumequinum,0.035,0.035,-1,Echolocation,/mnt/ubna_data_02_mir/recover-20220922/UBNA_001/20220921_090000.WAV,Telephone Field,recover-20220922,001,1795
125.0525,125.062,24609,32134,Eptesicus serotinus,0.011,0.034,-1,Echolocation,/mnt/ubna_data_02_mir/recover-20220922/UBNA_001/20220921_090000.WAV,Telephone Field,recover-20220922,001,1795
125.0795,125.0874,33203,45659,Myotis daubentonii,0.008,0.023,-1,Echolocation,/mnt/ubna_data_02_mir/recover-20220922/UBNA_001/20220921_090000.WAV,Telephone Field,recover-20220922,001,1795
125.0915,125.1316,68437,81625,Rhinolophus ferrumequinum,0.025,0.025,-1,Echolocation,/mnt/ubna_data_02_mir/recover-20220922/UBNA_001/20220921_090000.WAV,Telephone Field,recover-20220922,001,1795
125.0945,125.1043,28046,37059,Eptesicus serotinus,0.014,0.027,-1,Echolocation,/mnt/ubna_data_02_mir/recover-20220922/UBNA_001/20220921_090000.WAV,Telephone Field,recover-20220922,001,1795
125.0975,125.1378,68437,82608,Rhinolophus ferrumequinum,0.026,0.027,-1,Echolocation,/mnt/ubna_data_02_mir/recover-20220922/UBNA_001/20220921_090000.WAV,Telephone Field,recover-20220922,001,1795
125.1065,125.116,28046,37276,Eptesicus serotinus,0.01,0.024,-1,Echolocation,/mnt/ubna_data_02_mir/recover-20220922/UBNA_001/20220921_090000.WAV,Telephone Field,recover-20220922,001,1795
125.1335,125.1749,68437,82582,Rhinolophus ferrumequinum,0.028,0.028,-1,Echolocation,/mnt/ubna_data_02_mir/recover-20220922/UBNA_001/20220921_090000.WAV,Telephone Field,recover-20220922,001,1795
125.1535,125.1618,30625,42106,Myotis daubentonii,0.008,0.023,-1,Echolocation,/mnt/ubna_data_02_mir/recover-20220922/UBNA_001/20220921_090000.WAV,Telephone Field,recover-20220922,001,1795
125.1855,125.1993,22031,26544,Nyctalus leisleri,0.02,0.039,-1,Echolocation,/mnt/ubna_data_02_mir/recover-20220922/UBNA_001/20220921_090000.WAV,Telephone Field,recover-20220922,001,1795
125.1995,125.2394,68437,82331,Rhinolophus ferrumequinum,0.025,0.025,-1,Echolocation,/mnt/ubna_data_02_mir/recover-20220922/UBNA_001/20220921_090000.WAV,Telephone Field,recover-20220922,001,1795
125.2015,125.2145,55546,60090,Pipistrellus pygmaeus,0.027,0.028,-1,Echolocation,/mnt/ubna_data_02_mir/recover-20220922/UBNA_001/20220921_090000.WAV,Telephone Field,recover-20220922,001,1795
125.2365,125.2472,23750,30402,Nyctalus leisleri,0.01,0.027,-1,Echolocation,/mnt/ubna_data_02_mir/recover-20220922/UBNA_001/20220921_090000.WAV,Telephone Field,recover-20220922,001,1795
125.2675,125.2778,22031,26625,Nyctalus leisleri,0.011,0.024,-1,Echolocation,/mnt/ubna_data_02_mir/recover-20220922/UBNA_001/20220921_090000.WAV,Telephone Field,recover-20220922,001,1795
125.3475,125.3875,68437,82326,Rhinolophus ferrumequinum,0.028,0.028,-1,Echolocation,/mnt/ubna_data_02_mir/recover-20220922/UBNA_001/20220921_090000.WAV,Telephone Field,recover-20220922,001,1795
125.3985,125.4385,68437,82485,Rhinolophus ferrumequinum,0.024,0.024,-1,Echolocation,/mnt/ubna_data_02_mir/recover-20220922/UBNA_001/20220921_090000.WAV,Telephone Field,recover-20220922,001,1795
125.4205,125.4593,68437,82464,Rhinolophus ferrumequinum,0.025,0.025,-1,Echolocation,/mnt/ubna_data_02_mir/recover-20220922/UBNA_001/20220921_090000.WAV,Telephone Field,recover-20220922,001,1795
125.4365,125.4479,28906,35887,Eptesicus serotinus,0.038,0.057,-1,Echolocation,/mnt/ubna_data_02_mir/recover-20220922/UBNA_001/20220921_090000.WAV,Telephone Field,recover-20220922,001,1795
125.4635,125.4747,42656,46773,Pipistrellus pipistrellus,0.021,0.026,-1,Echolocation,/mnt/ubna_data_02_mir/recover-20220922/UBNA_001/20220921_090000.WAV,Telephone Field,recover-20220922,001,1795
125.4645,125.5023,68437,81165,Rhinolophus ferrumequinum,0.023,0.023,-1,Echolocation,/mnt/ubna_data_02_mir/recover-20220922/UBNA_001/20220921_090000.WAV,Telephone Field,recover-20220922,001,1795
125.4875,125.5246,68437,82193,Rhinolophus ferrumequinum,0.023,0.023,-1,Echolocation,/mnt/ubna_data_02_mir/recover-20220922/UBNA_001/20220921_090000.WAV,Telephone Field,recover-20220922,001,1795
125.5245,125.5672,68437,82608,Rhinolophus ferrumequinum,0.034,0.034,-1,Echolocation,/mnt/ubna_data_02_mir/recover-20220922/UBNA_001/20220921_090000.WAV,Telephone Field,recover-20220922,001,1795
125.5515,125.5907,68437,82717,Rhinolophus ferrumequinum,0.024,0.024,-1,Echolocation,/mnt/ubna_data_02_mir/recover-20220922/UBNA_001/20220921_090000.WAV,Telephone Field,recover-20220922,001,1795
125.5675,125.6086,68437,82939,Rhinolophus ferrumequinum,0.024,0.024,-1,Echolocation,/mnt/ubna_data_02_mir/recover-20220922/UBNA_001/20220921_090000.WAV,Telephone Field,recover-20220922,001,1795
125.6085,125.6167,28046,38255,Eptesicus serotinus,0.009,0.023,-1,Echolocation,/mnt/ubna_data_02_mir/recover-20220922/UBNA_001/20220921_090000.WAV,Telephone Field,recover-20220922,001,1795
125.6535,125.6612,28046,39372,Eptesicus serotinus,0.008,0.024,-1,Echolocation,/mnt/ubna_data_02_mir/recover-20220922/UBNA_001/20220921_090000.WAV,Telephone Field,recover-20220922,001,1795
125.6685,125.7119,68437,83330,Rhinolophus ferrumequinum,0.041,0.041,-1,Echolocation,/mnt/ubna_data_02_mir/recover-20220922/UBNA_001/20220921_090000.WAV,Telephone Field,recover-20220922,001,1795
125.6855,125.6958,28046,37057,Eptesicus serotinus,0.011,0.024,-1,Echolocation,/mnt/ubna_data_02_mir/recover-20220922/UBNA_001/20220921_090000.WAV,Telephone Field,recover-20220922,001,1795
125.6925,125.702,23750,31086,Nyctalus leisleri,0.007,0.023,-1,Echolocation,/mnt/ubna_data_02_mir/recover-20220922/UBNA_001/20220921_090000.WAV,Telephone Field,recover-20220922,001,1795
125.7245,125.765,68437,82561,Rhinolophus ferrumequinum,0.023,0.023,-1,Echolocation,/mnt/ubna_data_02_mir/recover-20220922/UBNA_001/20220921_090000.WAV,Telephone Field,recover-20220922,001,1795
125.74549999999999,125.7836,68437,81580,Rhinolophus ferrumequinum,0.025,0.025,-1,Echolocation,/mnt/ubna_data_02_mir/recover-20220922/UBNA_001/20220921_090000.WAV,Telephone Field,recover-20220922,001,1795
125.7595,125.7665,28906,42736,Eptesicus serotinus,0.008,0.029,-1,Echolocation,/mnt/ubna_data_02_mir/recover-20220922/UBNA_001/20220921_090000.WAV,Telephone Field,recover-20220922,001,1795
125.8375,125.8794,68437,83221,Rhinolophus ferrumequinum,0.031,0.031,-1,Echolocation,/mnt/ubna_data_02_mir/recover-20220922/UBNA_001/20220921_090000.WAV,Telephone Field,recover-20220922,001,1795
125.8475,125.8653,19453,22649,Nyctalus leisleri,0.011,0.023,-1,Echolocation,/mnt/ubna_data_02_mir/recover-20220922/UBNA_001/20220921_090000.WAV,Telephone Field,recover-20220922,001,1795
125.8695,125.9098,68437,83208,Rhinolophus ferrumequinum,0.027,0.027,-1,Echolocation,/mnt/ubna_data_02_mir/recover-20220922/UBNA_001/20220921_090000.WAV,Telephone Field,recover-20220922,001,1795
125.9165,125.9519,68437,81125,Rhinolophus ferrumequinum,0.023,0.023,-1,Echolocation,/mnt/ubna_data_02_mir/recover-20220922/UBNA_001/20220921_090000.WAV,Telephone Field,recover-20220922,001,1795
125.9255,125.93299999999999,29765,39650,Eptesicus serotinus,0.009,0.023,-1,Echolocation,/mnt/ubna_data_02_mir/recover-20220922/UBNA_001/20220921_090000.WAV,Telephone Field,recover-20220922,001,1795
126.0015,126.0101,23750,31366,Nyctalus leisleri,0.01,0.026,-1,Echolocation,/mnt/ubna_data_02_mir/recover-20220922/UBNA_001/20220921_090000.WAV,Telephone Field,recover-20220922,001,1795
126.0015,126.0331,69296,81137,Rhinolophus ferrumequinum,0.031,0.031,-1,Echolocation,/mnt/ubna_data_02_mir/recover-20220922/UBNA_001/20220921_090000.WAV,Telephone Field,recover-20220922,001,1795
126.0015,126.0146,53828,58365,Pipistrellus pygmaeus,0.018,0.024,-1,Echolocation,/mnt/ubna_data_02_mir/recover-20220922/UBNA_001/20220921_090000.WAV,Telephone Field,recover-20220922,001,1795
126.0095,126.0527,68437,82545,Rhinolophus ferrumequinum,0.022,0.022,-1,Echolocation,/mnt/ubna_data_02_mir/recover-20220922/UBNA_001/20220921_090000.WAV,Telephone Field,recover-20220922,001,1795
126.0375,126.0775,68437,82062,Rhinolophus ferrumequinum,0.024,0.024,-1,Echolocation,/mnt/ubna_data_02_mir/recover-20220922/UBNA_001/20220921_090000.WAV,Telephone Field,recover-20220922,001,1795
126.0935,126.1344,68437,83100,Rhinolophus ferrumequinum,0.024,0.024,-1,Echolocation,/mnt/ubna_data_02_mir/recover-20220922/UBNA_001/20220921_090000.WAV,Telephone Field,recover-20220922,001,1795
126.1175,126.1269,28906,39572,Eptesicus serotinus,0.009,0.021,-1,Echolocation,/mnt/ubna_data_02_mir/recover-20220922/UBNA_001/20220921_090000.WAV,Telephone Field,recover-20220922,001,1795
126.13550000000001,126.1768,68437,82838,Rhinolophus ferrumequinum,0.024,0.024,-1,Echolocation,/mnt/ubna_data_02_mir/recover-20220922/UBNA_001/20220921_090000.WAV,Telephone Field,recover-20220922,001,1795
126.1485,126.1554,28046,39704,Eptesicus serotinus,0.008,0.025,-1,Echolocation,/mnt/ubna_data_02_mir/recover-20220922/UBNA_001/20220921_090000.WAV,Telephone Field,recover-20220922,001,1795
126.1665,126.2047,68437,81968,Rhinolophus ferrumequinum,0.02,0.02,-1,Echolocation,/mnt/ubna_data_02_mir/recover-20220922/UBNA_001/20220921_090000.WAV,Telephone Field,recover-20220922,001,1795
126.2125,126.2489,68437,81484,Rhinolophus ferrumequinum,0.02,0.021,-1,Echolocation,/mnt/ubna_data_02_mir/recover-20220922/UBNA_001/20220921_090000.WAV,Telephone Field,recover-20220922,001,1795
126.2335,126.27289999999999,68437,82616,Rhinolophus ferrumequinum,0.023,0.023,-1,Echolocation,/mnt/ubna_data_02_mir/recover-20220922/UBNA_001/20220921_090000.WAV,Telephone Field,recover-20220922,001,1795
126.2765,126.2849,25468,33190,Eptesicus serotinus,0.008,0.023,-1,Echolocation,/mnt/ubna_data_02_mir/recover-20220922/UBNA_001/20220921_090000.WAV,Telephone Field,recover-20220922,001,1795
126.2765,126.3175,68437,82372,Rhinolophus ferrumequinum,0.035,0.035,-1,Echolocation,/mnt/ubna_data_02_mir/recover-20220922/UBNA_001/20220921_090000.WAV,Telephone Field,recover-20220922,001,1795
126.3165,126.3304,22031,25847,Nyctalus leisleri,0.012,0.02,-1,Echolocation,/mnt/ubna_data_02_mir/recover-20220922/UBNA_001/20220921_090000.WAV,Telephone Field,recover-20220922,001,1795
126.3185,126.3595,68437,82653,Rhinolophus ferrumequinum,0.028,0.028,-1,Echolocation,/mnt/ubna_data_02_mir/recover-20220922/UBNA_001/20220921_090000.WAV,Telephone Field,recover-20220922,001,1795
126.3515,126.389,68437,81817,Rhinolophus ferrumequinum,0.025,0.025,-1,Echolocation,/mnt/ubna_data_02_mir/recover-20220922/UBNA_001/20220921_090000.WAV,Telephone Field,recover-20220922,001,1795
126.37049999999999,126.4126,68437,83136,Rhinolophus ferrumequinum,0.026,0.026,-1,Echolocation,/mnt/ubna_data_02_mir/recover-20220922/UBNA_001/20220921_090000.WAV,Telephone Field,recover-20220922,001,1795
126.3765,126.3848,24609,31980,Nyctalus leisleri,0.006,0.021,-1,Echolocation,/mnt/ubna_data_02_mir/recover-20220922/UBNA_001/20220921_090000.WAV,Telephone Field,recover-20220922,001,1795
126.3945,126.4327,68437,82102,Rhinolophus ferrumequinum,0.023,0.023,-1,Echolocation,/mnt/ubna_data_02_mir/recover-20220922/UBNA_001/20220921_090000.WAV,Telephone Field,recover-20220922,001,1795
126.4195,126.4578,68437,82046,Rhinolophus ferrumequinum,0.024,0.024,-1,Echolocation,/mnt/ubna_data_02_mir/recover-20220922/UBNA_001/20220921_090000.WAV,Telephone Field,recover-20220922,001,1795
126.4555,126.4945,68437,81587,Rhinolophus ferrumequinum,0.021,0.021,-1,Echolocation,/mnt/ubna_data_02_mir/recover-20220922/UBNA_001/20220921_090000.WAV,Telephone Field,recover-20220922,001,1795
126.4665,126.5046,68437,82057,Rhinolophus ferrumequinum,0.023,0.023,-1,Echolocation,/mnt/ubna_data_02_mir/recover-20220922/UBNA_001/20220921_090000.WAV,Telephone Field,recover-20220922,001,1795
126.4795,126.4879,25468,33852,Eptesicus serotinus,0.008,0.021,-1,Echolocation,/mnt/ubna_data_02_mir/recover-20220922/UBNA_001/20220921_090000.WAV,Telephone Field,recover-20220922,001,1795
126.5035,126.5426,68437,82123,Rhinolophus ferrumequinum,0.024,0.024,-1,Echolocation,/mnt/ubna_data_02_mir/recover-20220922/UBNA_001/20220921_090000.WAV,Telephone Field,recover-20220922,001,1795
126.5275,126.5343,28046,40454,Eptesicus serotinus,0.007,0.023,-1,Echolocation,/mnt/ubna_data_02_mir/recover-20220922/UBNA_001/20220921_090000.WAV,Telephone Field,recover-20220922,001,1795
126.5345,126.5789,68437,83425,Rhinolophus ferrumequinum,0.042,0.042,-1,Echolocation,/mnt/ubna_data_02_mir/recover-20220922/UBNA_001/20220921_090000.WAV,Telephone Field,recover-20220922,001,1795
126.5395,126.5468,28046,37929,Eptesicus serotinus,0.007,0.026,-1,Echolocation,/mnt/ubna_data_02_mir/recover-20220922/UBNA_001/20220921_090000.WAV,Telephone Field,recover-20220922,001,1795
126.5665,126.6119,68437,83082,Rhinolophus ferrumequinum,0.029,0.029,-1,Echolocation,/mnt/ubna_data_02_mir/recover-20220922/UBNA_001/20220921_090000.WAV,Telephone Field,recover-20220922,001,1795
126.5825,126.6257,68437,82947,Rhinolophus ferrumequinum,0.023,0.023,-1,Echolocation,/mnt/ubna_data_02_mir/recover-20220922/UBNA_001/20220921_090000.WAV,Telephone Field,recover-20220922,001,1795
126.5905,126.598,28906,40091,Eptesicus serotinus,0.006,0.02,-1,Echolocation,/mnt/ubna_data_02_mir/recover-20220922/UBNA_001/20220921_090000.WAV,Telephone Field,recover-20220922,001,1795
126.6055,126.6444,68437,82024,Rhinolophus ferrumequinum,0.024,0.025,-1,Echolocation,/mnt/ubna_data_02_mir/recover-20220922/UBNA_001/20220921_090000.WAV,Telephone Field,recover-20220922,001,1795
126.6565,126.6669,23750,30017,Nyctalus leisleri,0.008,0.02,-1,Echolocation,/mnt/ubna_data_02_mir/recover-20220922/UBNA_001/20220921_090000.WAV,Telephone Field,recover-20220922,001,1795
126.6625,126.6991,68437,81436,Rhinolophus ferrumequinum,0.023,0.023,-1,Echolocation,/mnt/ubna_data_02_mir/recover-20220922/UBNA_001/20220921_090000.WAV,Telephone Field,recover-20220922,001,1795
126.6795,126.6875,28046,41309,Eptesicus serotinus,0.008,0.025,-1,Echolocation,/mnt/ubna_data_02_mir/recover-20220922/UBNA_001/20220921_090000.WAV,Telephone Field,recover-20220922,001,1795
126.6925,126.7313,68437,82510,Rhinolophus ferrumequinum,0.024,0.024,-1,Echolocation,/mnt/ubna_data_02_mir/recover-20220922/UBNA_001/20220921_090000.WAV,Telephone Field,recover-20220922,001,1795
126.7355,126.7745,68437,82183,Rhinolophus ferrumequinum,0.027,0.027,-1,Echolocation,/mnt/ubna_data_02_mir/recover-20220922/UBNA_001/20220921_090000.WAV,Telephone Field,recover-20220922,001,1795
126.7475,126.7569,26328,34891,Eptesicus serotinus,0.009,0.021,-1,Echolocation,/mnt/ubna_data_02_mir/recover-20220922/UBNA_001/20220921_090000.WAV,Telephone Field,recover-20220922,001,1795
126.7915,126.827,68437,81215,Rhinolophus ferrumequinum,0.021,0.021,-1,Echolocation,/mnt/ubna_data_02_mir/recover-20220922/UBNA_001/20220921_090000.WAV,Telephone Field,recover-20220922,001,1795
126.7985,126.8352,68437,81869,Rhinolophus ferrumequinum,0.022,0.022,-1,Echolocation,/mnt/ubna_data_02_mir/recover-20220922/UBNA_001/20220921_090000.WAV,Telephone Field,recover-20220922,001,1795
126.8325,126.8442,14296,18773,Nyctalus noctula,0.011,0.021,-1,Echolocation,/mnt/ubna_data_02_mir/recover-20220922/UBNA_001/20220921_090000.WAV,Telephone Field,recover-20220922,001,1795
126.8405,126.851,28906,36478,Eptesicus serotinus,0.01,0.023,-1,Echolocation,/mnt/ubna_data_02_mir/recover-20220922/UBNA_001/20220921_090000.WAV,Telephone Field,recover-20220922,001,1795
126.8515,126.8881,68437,82089,Rhinolophus ferrumequinum,0.021,0.021,-1,Echolocation,/mnt/ubna_data_02_mir/recover-20220922/UBNA_001/20220921_090000.WAV,Telephone Field,recover-20220922,001,1795
126.8955,126.9355,68437,82383,Rhinolophus ferrumequinum,0.021,0.021,-1,Echolocation,/mnt/ubna_data_02_mir/recover-20220922/UBNA_001/20220921_090000.WAV,Telephone Field,recover-20220922,001,1795
126.9255,126.9346,28906,40349,Eptesicus serotinus,0.009,0.024,-1,Echolocation,/mnt/ubna_data_02_mir/recover-20220922/UBNA_001/20220921_090000.WAV,Telephone Field,recover-20220922,001,1795
126.9505,126.9894,68437,82399,Rhinolophus ferrumequinum,0.021,0.021,-1,Echolocation,/mnt/ubna_data_02_mir/recover-20220922/UBNA_001/20220921_090000.WAV,Telephone Field,recover-20220922,001,1795
126.9535,126.9606,28046,39116,Eptesicus serotinus,0.006,0.021,-1,Echolocation,/mnt/ubna_data_02_mir/recover-20220922/UBNA_001/20220921_090000.WAV,Telephone Field,recover-20220922,001,1795
126.9615,126.999,68437,81848,Rhinolophus ferrumequinum,0.024,0.024,-1,Echolocation,/mnt/ubna_data_02_mir/recover-20220922/UBNA_001/20220921_090000.WAV,Telephone Field,recover-20220922,001,1795
126.9845,126.9959,36640,41511,Pipistrellus nathusii,0.007,0.023,-1,Echolocation,/mnt/ubna_data_02_mir/recover-20220922/UBNA_001/20220921_090000.WAV,Telephone Field,recover-20220922,001,1795
127.0015,127.0415,68437,82230,Rhinolophus ferrumequinum,0.022,0.022,-1,Echolocation,/mnt/ubna_data_02_mir/recover-20220922/UBNA_001/20220921_090000.WAV,Telephone Field,recover-20220922,001,1795
127.0265,127.0373,23750,30153,Nyctalus leisleri,0.009,0.023,-1,Echolocation,/mnt/ubna_data_02_mir/recover-20220922/UBNA_001/20220921_090000.WAV,Telephone Field,recover-20220922,001,1795
127.0345,127.0736,68437,82606,Rhinolophus ferrumequinum,0.027,0.027,-1,Echolocation,/mnt/ubna_data_02_mir/recover-20220922/UBNA_001/20220921_090000.WAV,Telephone Field,recover-20220922,001,1795
127.0635,127.1034,68437,82031,Rhinolophus ferrumequinum,0.021,0.021,-1,Echolocation,/mnt/ubna_data_02_mir/recover-20220922/UBNA_001/20220921_090000.WAV,Telephone Field,recover-20220922,001,1795
127.0705,127.1089,68437,82395,Rhinolophus ferrumequinum,0.025,0.025,-1,Echolocation,/mnt/ubna_data_02_mir/recover-20220922/UBNA_001/20220921_090000.WAV,Telephone Field,recover-20220922,001,1795
127.1525,127.1933,68437,82413,Rhinolophus ferrumequinum,0.055,0.055,-1,Echolocation,/mnt/ubna_data_02_mir/recover-20220922/UBNA_001/20220921_090000.WAV,Telephone Field,recover-20220922,001,1795
127.1725,127.1799,28046,39936,Eptesicus serotinus,0.007,0.024,-1,Echolocation,/mnt/ubna_data_02_mir/recover-20220922/UBNA_001/20220921_090000.WAV,Telephone Field,recover-20220922,001,1795
127.1785,127.2178,68437,82330,Rhinolophus ferrumequinum,0.022,0.022,-1,Echolocation,/mnt/ubna_data_02_mir/recover-20220922/UBNA_001/20220921_090000.WAV,Telephone Field,recover-20220922,001,1795
127.2525,127.2903,68437,81590,Rhinolophus ferrumequinum,0.023,0.023,-1,Echolocation,/mnt/ubna_data_02_mir/recover-20220922/UBNA_001/20220921_090000.WAV,Telephone Field,recover-20220922,001,1795
127.2565,127.2771,16015,20262,Nyctalus noctula,0.044,0.055,-1,Echolocation,/mnt/ubna_data_02_mir/recover-20220922/UBNA_001/20220921_090000.WAV,Telephone Field,recover-20220922,001,1795
127.2715,127.2805,22890,29490,Plecotus austriacus,0.008,0.022,-1,Echolocation,/mnt/ubna_data_02_mir/recover-20220922/UBNA_001/20220921_090000.WAV,Telephone Field,recover-20220922,001,1795
127.3025,127.3374,68437,80891,Rhinolophus ferrumequinum,0.023,0.023,-1,Echolocation,/mnt/ubna_data_02_mir/recover-20220922/UBNA_001/20220921_090000.WAV,Telephone Field,recover-20220922,001,1795
127.3455,127.3569,22890,27800,Nyctalus leisleri,0.015,0.029,-1,Echolocation,/mnt/ubna_data_02_mir/recover-20220922/UBNA_001/20220921_090000.WAV,Telephone Field,recover-20220922,001,1795
127.3615,127.3694,27187,39035,Eptesicus serotinus,0.007,0.021,-1,Echolocation,/mnt/ubna_data_02_mir/recover-20220922/UBNA_001/20220921_090000.WAV,Telephone Field,recover-20220922,001,1795
127.3675,127.4082,68437,83041,Rhinolophus ferrumequinum,0.029,0.029,-1,Echolocation,/mnt/ubna_data_02_mir/recover-20220922/UBNA_001/20220921_090000.WAV,Telephone Field,recover-20220922,001,1795
127.4015,127.437,68437,80925,Rhinolophus ferrumequinum,0.022,0.022,-1,Echolocation,/mnt/ubna_data_02_mir/recover-20220922/UBNA_001/20220921_090000.WAV,Telephone Field,recover-20220922,001,1795
127.4085,127.4465,68437,81677,Rhinolophus ferrumequinum,0.021,0.021,-1,Echolocation,/mnt/ubna_data_02_mir/recover-20220922/UBNA_001/20220921_090000.WAV,Telephone Field,recover-20220922,001,1795
127.4095,127.41929999999999,28906,37033,Eptesicus serotinus,0.009,0.021,-1,Echolocation,/mnt/ubna_data_02_mir/recover-20220922/UBNA_001/20220921_090000.WAV,Telephone Field,recover-20220922,001,1795
127.4145,127.4526,68437,82265,Rhinolophus ferrumequinum,0.021,0.021,-1,Echolocation,/mnt/ubna_data_02_mir/recover-20220922/UBNA_001/20220921_090000.WAV,Telephone Field,recover-20220922,001,1795
127.4505,127.4897,68437,82998,Rhinolophus ferrumequinum,0.022,0.022,-1,Echolocation,/mnt/ubna_data_02_mir/recover-20220922/UBNA_001/20220921_090000.WAV,Telephone Field,recover-20220922,001,1795
127.4675,127.5047,68437,81929,Rhinolophus ferrumequinum,0.022,0.022,-1,Echolocation,/mnt/ubna_data_02_mir/recover-20220922/UBNA_001/20220921_090000.WAV,Telephone Field,recover-20220922,001,1795
127.5165,127.5555,68437,82289,Rhinolophus ferrumequinum,0.02,0.02,-1,Echolocation,/mnt/ubna_data_02_mir/recover-20220922/UBNA_001/20220921_090000.WAV,Telephone Field,recover-20220922,001,1795
127.5395,127.5816,68437,82663,Rhinolophus ferrumequinum,0.03,0.03,-1,Echolocation,/mnt/ubna_data_02_mir/recover-20220922/UBNA_001/20220921_090000.WAV,Telephone Field,recover-20220922,001,1795
127.5465,127.5556,47812,52683,Pipistrellus pipistrellus,0.021,0.023,-1,Echolocation,/mnt/ubna_data_02_mir/recover-20220922/UBNA_001/20220921_090000.WAV,Telephone Field,recover-20220922,001,1795
127.5485,127.55799999999999,28906,36673,Eptesicus serotinus,0.008,0.021,-1,Echolocation,/mnt/ubna_data_02_mir/recover-20220922/UBNA_001/20220921_090000.WAV,Telephone Field,recover-20220922,001,1795
127.5945,127.6045,22031,26962,Nyctalus leisleri,0.01,0.023,-1,Echolocation,/mnt/ubna_data_02_mir/recover-20220922/UBNA_001/20220921_090000.WAV,Telephone Field,recover-20220922,001,1795
127.6005,127.6414,68437,82523,Rhinolophus ferrumequinum,0.041,0.041,-1,Echolocation,/mnt/ubna_data_02_mir/recover-20220922/UBNA_001/20220921_090000.WAV,Telephone Field,recover-20220922,001,1795
127.6365,127.6483,22890,28159,Nyctalus leisleri,0.01,0.021,-1,Echolocation,/mnt/ubna_data_02_mir/recover-20220922/UBNA_001/20220921_090000.WAV,Telephone Field,recover-20220922,001,1795
127.6375,127.6725,68437,81490,Rhinolophus ferrumequinum,0.02,0.02,-1,Echolocation,/mnt/ubna_data_02_mir/recover-20220922/UBNA_001/20220921_090000.WAV,Telephone Field,recover-20220922,001,1795
127.6545,127.6976,68437,83202,Rhinolophus ferrumequinum,0.036,0.036,-1,Echolocation,/mnt/ubna_data_02_mir/recover-20220922/UBNA_001/20220921_090000.WAV,Telephone Field,recover-20220922,001,1795
127.7175,127.725,28046,40492,Eptesicus serotinus,0.008,0.025,-1,Echolocation,/mnt/ubna_data_02_mir/recover-20220922/UBNA_001/20220921_090000.WAV,Telephone Field,recover-20220922,001,1795
127.7365,127.7781,68437,82904,Rhinolophus ferrumequinum,0.03,0.03,-1,Echolocation,/mnt/ubna_data_02_mir/recover-20220922/UBNA_001/20220921_090000.WAV,Telephone Field,recover-20220922,001,1795
127.7725,127.8117,68437,82274,Rhinolophus ferrumequinum,0.025,0.025,-1,Echolocation,/mnt/ubna_data_02_mir/recover-20220922/UBNA_001/20220921_090000.WAV,Telephone Field,recover-20220922,001,1795
127.8145,127.8534,68437,82532,Rhinolophus ferrumequinum,0.024,0.024,-1,Echolocation,/mnt/ubna_data_02_mir/recover-20220922/UBNA_001/20220921_090000.WAV,Telephone Field,recover-20220922,001,1795
127.8195,127.826,28046,45501,Eptesicus serotinus,0.006,0.024,-1,Echolocation,/mnt/ubna_data_02_mir/recover-20220922/UBNA_001/20220921_090000.WAV,Telephone Field,recover-20220922,001,1795
127.8295,127.84,22890,28471,Nyctalus leisleri,0.01,0.024,-1,Echolocation,/mnt/ubna_data_02_mir/recover-20220922/UBNA_001/20220921_090000.WAV,Telephone Field,recover-20220922,001,1795
127.8305,127.8717,68437,82457,Rhinolophus ferrumequinum,0.02,0.02,-1,Echolocation,/mnt/ubna_data_02_mir/recover-20220922/UBNA_001/20220921_090000.WAV,Telephone Field,recover-20220922,001,1795
127.8355,127.846,22890,29376,Nyctalus leisleri,0.008,0.022,-1,Echolocation,/mnt/ubna_data_02_mir/recover-20220922/UBNA_001/20220921_090000.WAV,Telephone Field,recover-20220922,001,1795
127.8385,127.879,68437,82864,Rhinolophus ferrumequinum,0.023,0.023,-1,Echolocation,/mnt/ubna_data_02_mir/recover-20220922/UBNA_001/20220921_090000.WAV,Telephone Field,recover-20220922,001,1795
127.8665,127.9052,68437,82495,Rhinolophus ferrumequinum,0.028,0.028,-1,Echolocation,/mnt/ubna_data_02_mir/recover-20220922/UBNA_001/20220921_090000.WAV,Telephone Field,recover-20220922,001,1795
127.8945,127.9338,68437,82179,Rhinolophus ferrumequinum,0.021,0.021,-1,Echolocation,/mnt/ubna_data_02_mir/recover-20220922/UBNA_001/20220921_090000.WAV,Telephone Field,recover-20220922,001,1795
127.9215,127.9621,68437,82956,Rhinolophus ferrumequinum,0.024,0.024,-1,Echolocation,/mnt/ubna_data_02_mir/recover-20220922/UBNA_001/20220921_090000.WAV,Telephone Field,recover-20220922,001,1795
127.9885,127.9993,23750,31061,Nyctalus leisleri,0.008,0.024,-1,Echolocation,/mnt/ubna_data_02_mir/recover-20220922/UBNA_001/20220921_090000.WAV,Telephone Field,recover-20220922,001,1795
128.0015,128.0109,26328,34134,Eptesicus serotinus,0.011,0.032,-1,Echolocation,/mnt/ubna_data_02_mir/recover-20220922/UBNA_001/20220921_090000.WAV,Telephone Field,recover-20220922,001,1795
128.0015,128.0379,68437,80433,Rhinolophus ferrumequinum,0.032,0.032,-1,Echolocation,/mnt/ubna_data_02_mir/recover-20220922/UBNA_001/20220921_090000.WAV,Telephone Field,recover-20220922,001,1795
128.0015,128.015,20312,25005,Nyctalus leisleri,0.013,0.031,-1,Echolocation,/mnt/ubna_data_02_mir/recover-20220922/UBNA_001/20220921_090000.WAV,Telephone Field,recover-20220922,001,1795
128.0015,128.0109,47812,52042,Pipistrellus pipistrellus,0.022,0.028,-1,Echolocation,/mnt/ubna_data_02_mir/recover-20220922/UBNA_001/20220921_090000.WAV,Telephone Field,recover-20220922,001,1795
128.0085,128.0514,68437,81933,Rhinolophus ferrumequinum,0.028,0.028,-1,Echolocation,/mnt/ubna_data_02_mir/recover-20220922/UBNA_001/20220921_090000.WAV,Telephone Field,recover-20220922,001,1795
128.0305,128.0389,27187,40152,Eptesicus serotinus,0.009,0.024,-1,Echolocation,/mnt/ubna_data_02_mir/recover-20220922/UBNA_001/20220921_090000.WAV,Telephone Field,recover-20220922,001,1795
128.0445,128.0547,23750,30412,Nyctalus leisleri,0.01,0.026,-1,Echolocation,/mnt/ubna_data_02_mir/recover-20220922/UBNA_001/20220921_090000.WAV,Telephone Field,recover-20220922,001,1795
128.0645,128.1022,68437,81813,Rhinolophus ferrumequinum,0.024,0.024,-1,Echolocation,/mnt/ubna_data_02_mir/recover-20220922/UBNA_001/20220921_090000.WAV,Telephone Field,recover-20220922,001,1795
128.1275,128.13569999999999,25468,33328,Nyctalus leisleri,0.007,0.026,-1,Echolocation,/mnt/ubna_data_02_mir/recover-20220922/UBNA_001/20220921_090000.WAV,Telephone Field,recover-20220922,001,1795
128.1525,128.1913,68437,81820,Rhinolophus ferrumequinum,0.022,0.022,-1,Echolocation,/mnt/ubna_data_02_mir/recover-20220922/UBNA_001/20220921_090000.WAV,Telephone Field,recover-20220922,001,1795
128.1695,128.205,68437,81167,Rhinolophus ferrumequinum,0.023,0.023,-1,Echolocation,/mnt/ubna_data_02_mir/recover-20220922/UBNA_001/20220921_090000.WAV,Telephone Field,recover-20220922,001,1795
128.2165,128.2266,28046,37828,Eptesicus serotinus,0.009,0.023,-1,Echolocation,/mnt/ubna_data_02_mir/recover-20220922/UBNA_001/20220921_090000.WAV,Telephone Field,recover-20220922,001,1795
128.2215,128.2296,28046,37438,Eptesicus serotinus,0.007,0.022,-1,Echolocation,/mnt/ubna_data_02_mir/recover-20220922/UBNA_001/20220921_090000.WAV,Telephone Field,recover-20220922,001,1795
128.2315,128.2673,68437,80943,Rhinolophus ferrumequinum,0.022,0.022,-1,Echolocation,/mnt/ubna_data_02_mir/recover-20220922/UBNA_001/20220921_090000.WAV,Telephone Field,recover-20220922,001,1795
128.2395,128.24869999999999,45234,51747,Pipistrellus pipistrellus,0.024,0.029,-1,Echolocation,/mnt/ubna_data_02_mir/recover-20220922/UBNA_001/20220921_090000.WAV,Telephone Field,recover-20220922,001,1795
128.2395,128.2475,28046,42063,Eptesicus serotinus,0.008,0.023,-1,Echolocation,/mnt/ubna_data_02_mir/recover-20220922/UBNA_001/20220921_090000.WAV,Telephone Field,recover-20220922,001,1795
128.2615,128.2962,68437,80278,Rhinolophus ferrumequinum,0.032,0.033,-1,Echolocation,/mnt/ubna_data_02_mir/recover-20220922/UBNA_001/20220921_090000.WAV,Telephone Field,recover-20220922,001,1795
128.2995,128.3403,68437,83041,Rhinolophus ferrumequinum,0.032,0.032,-1,Echolocation,/mnt/ubna_data_02_mir/recover-20220922/UBNA_001/20220921_090000.WAV,Telephone Field,recover-20220922,001,1795
128.3445,128.3837,68437,82267,Rhinolophus ferrumequinum,0.028,0.028,-1,Echolocation,/mnt/ubna_data_02_mir/recover-20220922/UBNA_001/20220921_090000.WAV,Telephone Field,recover-20220922,001,1795
128.3505,128.361,44375,49151,Pipistrellus pipistrellus,0.02,0.023,-1,Echolocation,/mnt/ubna_data_02_mir/recover-20220922/UBNA_001/20220921_090000.WAV,Telephone Field,recover-20220922,001,1795
128.3695,128.4086,68437,82175,Rhinolophus ferrumequinum,0.026,0.027,-1,Echolocation,/mnt/ubna_data_02_mir/recover-20220922/UBNA_001/20220921_090000.WAV,Telephone Field,recover-20220922,001,1795
128.3775,128.3848,27187,36602,Eptesicus serotinus,0.006,0.023,-1,Echolocation,/mnt/ubna_data_02_mir/recover-20220922/UBNA_001/20220921_090000.WAV,Telephone Field,recover-20220922,001,1795
128.4035,128.4143,22890,28244,Nyctalus leisleri,0.011,0.024,-1,Echolocation,/mnt/ubna_data_02_mir/recover-20220922/UBNA_001/20220921_090000.WAV,Telephone Field,recover-20220922,001,1795
128.4215,128.4592,68437,81875,Rhinolophus ferrumequinum,0.032,0.032,-1,Echolocation,/mnt/ubna_data_02_mir/recover-20220922/UBNA_001/20220921_090000.WAV,Telephone Field,recover-20220922,001,1795
128.42849999999999,128.4686,68437,82416,Rhinolophus ferrumequinum,0.025,0.025,-1,Echolocation,/mnt/ubna_data_02_mir/recover-20220922/UBNA_001/20220921_090000.WAV,Telephone Field,recover-20220922,001,1795
128.4405,128.4792,68437,81271,Rhinolophus ferrumequinum,0.022,0.022,-1,Echolocation,/mnt/ubna_data_02_mir/recover-20220922/UBNA_001/20220921_090000.WAV,Telephone Field,recover-20220922,001,1795
128.4745,128.5129,68437,81779,Rhinolophus ferrumequinum,0.022,0.022,-1,Echolocation,/mnt/ubna_data_02_mir/recover-20220922/UBNA_001/20220921_090000.WAV,Telephone Field,recover-20220922,001,1795
128.4825,128.5194,68437,81800,Rhinolophus ferrumequinum,0.022,0.022,-1,Echolocation,/mnt/ubna_data_02_mir/recover-20220922/UBNA_001/20220921_090000.WAV,Telephone Field,recover-20220922,001,1795
128.4915,128.5025,23750,29799,Nyctalus leisleri,0.01,0.023,-1,Echolocation,/mnt/ubna_data_02_mir/recover-20220922/UBNA_001/20220921_090000.WAV,Telephone Field,recover-20220922,001,1795
128.5205,128.5602,68437,82528,Rhinolophus ferrumequinum,0.024,0.024,-1,Echolocation,/mnt/ubna_data_02_mir/recover-20220922/UBNA_001/20220921_090000.WAV,Telephone Field,recover-20220922,001,1795
128.5225,128.533,23750,29131,Nyctalus leisleri,0.012,0.029,-1,Echolocation,/mnt/ubna_data_02_mir/recover-20220922/UBNA_001/20220921_090000.WAV,Telephone Field,recover-20220922,001,1795
128.5625,128.602,68437,82491,Rhinolophus ferrumequinum,0.022,0.022,-1,Echolocation,/mnt/ubna_data_02_mir/recover-20220922/UBNA_001/20220921_090000.WAV,Telephone Field,recover-20220922,001,1795
128.5705,128.6078,68437,82186,Rhinolophus ferrumequinum,0.022,0.022,-1,Echolocation,/mnt/ubna_data_02_mir/recover-20220922/UBNA_001/20220921_090000.WAV,Telephone Field,recover-20220922,001,1795
128.5885,128.6276,68437,81708,Rhinolophus ferrumequinum,0.022,0.022,-1,Echolocation,/mnt/ubna_data_02_mir/recover-20220922/UBNA_001/20220921_090000.WAV,Telephone Field,recover-20220922,001,1795
128.5945,128.603,27187,35690,Eptesicus serotinus,0.022,0.047,-1,Echolocation,/mnt/ubna_data_02_mir/recover-20220922/UBNA_001/20220921_090000.WAV,Telephone Field,recover-20220922,001,1795
128.6095,128.6443,68437,81627,Rhinolophus ferrumequinum,0.022,0.022,-1,Echolocation,/mnt/ubna_data_02_mir/recover-20220922/UBNA_001/20220921_090000.WAV,Telephone Field,recover-20220922,001,1795
128.6205,128.6605,68437,82344,Rhinolophus ferrumequinum,0.026,0.026,-1,Echolocation,/mnt/ubna_data_02_mir/recover-20220922/UBNA_001/20220921_090000.WAV,Telephone Field,recover-20220922,001,1795
128.6605,128.7017,68437,82930,Rhinolophus ferrumequinum,0.023,0.023,-1,Echolocation,/mnt/ubna_data_02_mir/recover-20220922/UBNA_001/20220921_090000.WAV,Telephone Field,recover-20220922,001,1795
128.6925,128.6987,46953,50705,Pipistrellus pipistrellus,0.022,0.023,-1,Echolocation,/mnt/ubna_data_02_mir/recover-20220922/UBNA_001/20220921_090000.WAV,Telephone Field,recover-20220922,001,1795
128.7125,128.7555,68437,82484,Rhinolophus ferrumequinum,0.039,0.039,-1,Echolocation,/mnt/ubna_data_02_mir/recover-20220922/UBNA_001/20220921_090000.WAV,Telephone Field,recover-20220922,001,1795
128.7485,128.7853,68437,82128,Rhinolophus ferrumequinum,0.025,0.025,-1,Echolocation,/mnt/ubna_data_02_mir/recover-20220922/UBNA_001/20220921_090000.WAV,Telephone Field,recover-20220922,001,1795
128.7555,128.7945,68437,82082,Rhinolophus ferrumequinum,0.022,0.022,-1,Echolocation,/mnt/ubna_data_02_mir/recover-20220922/UBNA_001/20220921_090000.WAV,Telephone Field,recover-20220922,001,1795
128.7615,128.7999,68437,82403,Rhinolophus ferrumequinum,0.022,0.022,-1,Echolocation,/mnt/ubna_data_02_mir/recover-20220922/UBNA_001/20220921_090000.WAV,Telephone Field,recover-20220922,001,1795
128.7665,128.7734,27187,41355,Eptesicus serotinus,0.008,0.028,-1,Echolocation,/mnt/ubna_data_02_mir/recover-20220922/UBNA_001/20220921_090000.WAV,Telephone Field,recover-20220922,001,1795
128.7935,128.8333,68437,82209,Rhinolophus ferrumequinum,0.028,0.028,-1,Echolocation,/mnt/ubna_data_02_mir/recover-20220922/UBNA_001/20220921_090000.WAV,Telephone Field,recover-20220922,001,1795
128.8125,128.8237,28046,33209,Eptesicus serotinus,0.016,0.034,-1,Echolocation,/mnt/ubna_data_02_mir/recover-20220922/UBNA_001/20220921_090000.WAV,Telephone Field,recover-20220922,001,1795
128.8555,128.8961,68437,82884,Rhinolophus ferrumequinum,0.036,0.036,-1,Echolocation,/mnt/ubna_data_02_mir/recover-20220922/UBNA_001/20220921_090000.WAV,Telephone Field,recover-20220922,001,1795
128.9035,128.9487,68437,83752,Rhinolophus ferrumequinum,0.076,0.076,-1,Echolocation,/mnt/ubna_data_02_mir/recover-20220922/UBNA_001/20220921_090000.WAV,Telephone Field,recover-20220922,001,1795
128.9045,128.9136,26328,33493,Eptesicus serotinus,0.012,0.032,-1,Echolocation,/mnt/ubna_data_02_mir/recover-20220922/UBNA_001/20220921_090000.WAV,Telephone Field,recover-20220922,001,1795
128.9395,128.977,68437,82113,Rhinolophus ferrumequinum,0.024,0.024,-1,Echolocation,/mnt/ubna_data_02_mir/recover-20220922/UBNA_001/20220921_090000.WAV,Telephone Field,recover-20220922,001,1795
128.9495,128.9899,68437,82642,Rhinolophus ferrumequinum,0.026,0.027,-1,Echolocation,/mnt/ubna_data_02_mir/recover-20220922/UBNA_001/20220921_090000.WAV,Telephone Field,recover-20220922,001,1795
128.9565,128.9676,22031,26840,Nyctalus leisleri,0.011,0.023,-1,Echolocation,/mnt/ubna_data_02_mir/recover-20220922/UBNA_001/20220921_090000.WAV,Telephone Field,recover-20220922,001,1795
128.9725,129.0138,68437,82255,Rhinolophus ferrumequinum,0.029,0.029,-1,Echolocation,/mnt/ubna_data_02_mir/recover-20220922/UBNA_001/20220921_090000.WAV,Telephone Field,recover-20220922,001,1795
129.0015,129.0139,37500,42215,Pipistrellus nathusii,0.04,0.062,-1,Echolocation,/mnt/ubna_data_02_mir/recover-20220922/UBNA_001/20220921_090000.WAV,Telephone Field,recover-20220922,001,1795
129.0105,129.0532,68437,83175,Rhinolophus ferrumequinum,0.043,0.043,-1,Echolocation,/mnt/ubna_data_02_mir/recover-20220922/UBNA_001/20220921_090000.WAV,Telephone Field,recover-20220922,001,1795
129.0115,129.0194,32343,40618,Myotis daubentonii,0.01,0.022,-1,Echolocation,/mnt/ubna_data_02_mir/recover-20220922/UBNA_001/20220921_090000.WAV,Telephone Field,recover-20220922,001,1795
129.0375,129.0783,68437,82351,Rhinolophus ferrumequinum,0.033,0.033,-1,Echolocation,/mnt/ubna_data_02_mir/recover-20220922/UBNA_001/20220921_090000.WAV,Telephone Field,recover-20220922,001,1795
129.0615,129.1016,68437,82681,Rhinolophus ferrumequinum,0.023,0.023,-1,Echolocation,/mnt/ubna_data_02_mir/recover-20220922/UBNA_001/20220921_090000.WAV,Telephone Field,recover-20220922,001,1795
129.08350000000002,129.1204,68437,81874,Rhinolophus ferrumequinum,0.022,0.022,-1,Echolocation,/mnt/ubna_data_02_mir/recover-20220922/UBNA_001/20220921_090000.WAV,Telephone Field,recover-20220922,001,1795
129.0965,129.1374,68437,82423,Rhinolophus ferrumequinum,0.027,0.027,-1,Echolocation,/mnt/ubna_data_02_mir/recover-20220922/UBNA_001/20220921_090000.WAV,Telephone Field,recover-20220922,001,1795
129.1035,129.1137,22890,28433,Nyctalus leisleri,0.011,0.023,-1,Echolocation,/mnt/ubna_data_02_mir/recover-20220922/UBNA_001/20220921_090000.WAV,Telephone Field,recover-20220922,001,1795
129.1035,129.139,68437,82009,Rhinolophus ferrumequinum,0.024,0.024,-1,Echolocation,/mnt/ubna_data_02_mir/recover-20220922/UBNA_001/20220921_090000.WAV,Telephone Field,recover-20220922,001,1795
129.1175,129.1567,68437,82402,Rhinolophus ferrumequinum,0.022,0.022,-1,Echolocation,/mnt/ubna_data_02_mir/recover-20220922/UBNA_001/20220921_090000.WAV,Telephone Field,recover-20220922,001,1795
129.1415,129.1524,22031,26949,Nyctalus leisleri,0.011,0.023,-1,Echolocation,/mnt/ubna_data_02_mir/recover-20220922/UBNA_001/20220921_090000.WAV,Telephone Field,recover-20220922,001,1795
129.1425,129.1752,68437,79912,Rhinolophus ferrumequinum,0.032,0.032,-1,Echolocation,/mnt/ubna_data_02_mir/recover-20220922/UBNA_001/20220921_090000.WAV,Telephone Field,recover-20220922,001,1795
129.1605,129.1719,26328,33120,Eptesicus serotinus,0.011,0.022,-1,Echolocation,/mnt/ubna_data_02_mir/recover-20220922/UBNA_001/20220921_090000.WAV,Telephone Field,recover-20220922,001,1795
129.16649999999998,129.2062,68437,82100,Rhinolophus ferrumequinum,0.024,0.024,-1,Echolocation,/mnt/ubna_data_02_mir/recover-20220922/UBNA_001/20220921_090000.WAV,Telephone Field,recover-20220922,001,1795
129.1955,129.2338,68437,81863,Rhinolophus ferrumequinum,0.024,0.024,-1,Echolocation,/mnt/ubna_data_02_mir/recover-20220922/UBNA_001/20220921_090000.WAV,Telephone Field,recover-20220922,001,1795
129.2795,129.3192,68437,82310,Rhinolophus ferrumequinum,0.026,0.026,-1,Echolocation,/mnt/ubna_data_02_mir/recover-20220922/UBNA_001/20220921_090000.WAV,Telephone Field,recover-20220922,001,1795
129.3025,129.3407,68437,81858,Rhinolophus ferrumequinum,0.022,0.022,-1,Echolocation,/mnt/ubna_data_02_mir/recover-20220922/UBNA_001/20220921_090000.WAV,Telephone Field,recover-20220922,001,1795
129.3565,129.3933,68437,81881,Rhinolophus ferrumequinum,0.022,0.022,-1,Echolocation,/mnt/ubna_data_02_mir/recover-20220922/UBNA_001/20220921_090000.WAV,Telephone Field,recover-20220922,001,1795
129.3695,129.4083,68437,81864,Rhinolophus ferrumequinum,0.026,0.026,-1,Echolocation,/mnt/ubna_data_02_mir/recover-20220922/UBNA_001/20220921_090000.WAV,Telephone Field,recover-20220922,001,1795
129.3765,129.4171,68437,83023,Rhinolophus ferrumequinum,0.024,0.024,-1,Echolocation,/mnt/ubna_data_02_mir/recover-20220922/UBNA_001/20220921_090000.WAV,Telephone Field,recover-20220922,001,1795
129.3925,129.4357,68437,83253,Rhinolophus ferrumequinum,0.042,0.042,-1,Echolocation,/mnt/ubna_data_02_mir/recover-20220922/UBNA_001/20220921_090000.WAV,Telephone Field,recover-20220922,001,1795
129.3965,129.4068,28906,36709,Eptesicus serotinus,0.009,0.022,-1,Echolocation,/mnt/ubna_data_02_mir/recover-20220922/UBNA_001/20220921_090000.WAV,Telephone Field,recover-20220922,001,1795
129.4195,129.4601,68437,83035,Rhinolophus ferrumequinum,0.027,0.027,-1,Echolocation,/mnt/ubna_data_02_mir/recover-20220922/UBNA_001/20220921_090000.WAV,Telephone Field,recover-20220922,001,1795
129.4425,129.4764,68437,81250,Rhinolophus ferrumequinum,0.022,0.022,-1,Echolocation,/mnt/ubna_data_02_mir/recover-20220922/UBNA_001/20220921_090000.WAV,Telephone Field,recover-20220922,001,1795
129.4565,129.4744,18593,22256,Nyctalus noctula,0.011,0.022,-1,Echolocation,/mnt/ubna_data_02_mir/recover-20220922/UBNA_001/20220921_090000.WAV,Telephone Field,recover-20220922,001,1795
129.4705,129.5101,68437,82224,Rhinolophus ferrumequinum,0.023,0.023,-1,Echolocation,/mnt/ubna_data_02_mir/recover-20220922/UBNA_001/20220921_090000.WAV,Telephone Field,recover-20220922,001,1795
129.4785,129.4889,27187,37441,Eptesicus serotinus,0.012,0.024,-1,Echolocation,/mnt/ubna_data_02_mir/recover-20220922/UBNA_001/20220921_090000.WAV,Telephone Field,recover-20220922,001,1795
129.4855,129.4952,28906,37451,Eptesicus serotinus,0.012,0.026,-1,Echolocation,/mnt/ubna_data_02_mir/recover-20220922/UBNA_001/20220921_090000.WAV,Telephone Field,recover-20220922,001,1795
129.4955,129.5382,68437,83129,Rhinolophus ferrumequinum,0.035,0.035,-1,Echolocation,/mnt/ubna_data_02_mir/recover-20220922/UBNA_001/20220921_090000.WAV,Telephone Field,recover-20220922,001,1795
129.5355,129.5755,68437,82075,Rhinolophus ferrumequinum,0.026,0.026,-1,Echolocation,/mnt/ubna_data_02_mir/recover-20220922/UBNA_001/20220921_090000.WAV,Telephone Field,recover-20220922,001,1795
129.5555,129.5721,20312,23974,Nyctalus leisleri,0.018,0.033,-1,Echolocation,/mnt/ubna_data_02_mir/recover-20220922/UBNA_001/20220921_090000.WAV,Telephone Field,recover-20220922,001,1795
129.5605,129.5998,68437,81992,Rhinolophus ferrumequinum,0.023,0.023,-1,Echolocation,/mnt/ubna_data_02_mir/recover-20220922/UBNA_001/20220921_090000.WAV,Telephone Field,recover-20220922,001,1795
129.5745,129.6159,68437,82418,Rhinolophus ferrumequinum,0.029,0.029,-1,Echolocation,/mnt/ubna_data_02_mir/recover-20220922/UBNA_001/20220921_090000.WAV,Telephone Field,recover-20220922,001,1795
129.5825,129.5958,22890,28180,Nyctalus leisleri,0.016,0.033,-1,Echolocation,/mnt/ubna_data_02_mir/recover-20220922/UBNA_001/20220921_090000.WAV,Telephone Field,recover-20220922,001,1795
129.6045,129.6429,68437,81797,Rhinolophus ferrumequinum,0.024,0.024,-1,Echolocation,/mnt/ubna_data_02_mir/recover-20220922/UBNA_001/20220921_090000.WAV,Telephone Field,recover-20220922,001,1795
129.6515,129.688,68437,81343,Rhinolophus ferrumequinum,0.022,0.022,-1,Echolocation,/mnt/ubna_data_02_mir/recover-20220922/UBNA_001/20220921_090000.WAV,Telephone Field,recover-20220922,001,1795
129.6865,129.7308,68437,83130,Rhinolophus ferrumequinum,0.03,0.03,-1,Echolocation,/mnt/ubna_data_02_mir/recover-20220922/UBNA_001/20220921_090000.WAV,Telephone Field,recover-20220922,001,1795
129.7095,129.748,68437,82092,Rhinolophus ferrumequinum,0.023,0.023,-1,Echolocation,/mnt/ubna_data_02_mir/recover-20220922/UBNA_001/20220921_090000.WAV,Telephone Field,recover-20220922,001,1795
129.7695,129.8077,68437,81837,Rhinolophus ferrumequinum,0.022,0.022,-1,Echolocation,/mnt/ubna_data_02_mir/recover-20220922/UBNA_001/20220921_090000.WAV,Telephone Field,recover-20220922,001,1795
129.79149999999998,129.8016,25468,33162,Eptesicus serotinus,0.01,0.022,-1,Echolocation,/mnt/ubna_data_02_mir/recover-20220922/UBNA_001/20220921_090000.WAV,Telephone Field,recover-20220922,001,1795
129.8005,129.8078,27187,37446,Eptesicus serotinus,0.008,0.025,-1,Echolocation,/mnt/ubna_data_02_mir/recover-20220922/UBNA_001/20220921_090000.WAV,Telephone Field,recover-20220922,001,1795
129.8485,129.8851,68437,80913,Rhinolophus ferrumequinum,0.027,0.027,-1,Echolocation,/mnt/ubna_data_02_mir/recover-20220922/UBNA_001/20220921_090000.WAV,Telephone Field,recover-20220922,001,1795
129.8605,129.8693,24609,32186,Eptesicus serotinus,0.007,0.023,-1,Echolocation,/mnt/ubna_data_02_mir/recover-20220922/UBNA_001/20220921_090000.WAV,Telephone Field,recover-20220922,001,1795
129.9075,129.9491,68437,82678,Rhinolophus ferrumequinum,0.03,0.03,-1,Echolocation,/mnt/ubna_data_02_mir/recover-20220922/UBNA_001/20220921_090000.WAV,Telephone Field,recover-20220922,001,1795
129.9385,129.9747,68437,81416,Rhinolophus ferrumequinum,0.024,0.024,-1,Echolocation,/mnt/ubna_data_02_mir/recover-20220922/UBNA_001/20220921_090000.WAV,Telephone Field,recover-20220922,001,1795
129.9435,129.9541,22031,26809,Nyctalus leisleri,0.011,0.022,-1,Echolocation,/mnt/ubna_data_02_mir/recover-20220922/UBNA_001/20220921_090000.WAV,Telephone Field,recover-20220922,001,1795
129.9475,129.9815,68437,81081,Rhinolophus ferrumequinum,0.022,0.022,-1,Echolocation,/mnt/ubna_data_02_mir/recover-20220922/UBNA_001/20220921_090000.WAV,Telephone Field,recover-20220922,001,1795
130.0015,130.0166,57265,63770,Pipistrellus pygmaeus,0.022,0.025,-1,Echolocation,/mnt/ubna_data_02_mir/recover-20220922/UBNA_001/20220921_090000.WAV,Telephone Field,recover-20220922,001,1795
130.0015,130.0101,47812,53268,Pipistrellus pipistrellus,0.015,0.021,-1,Echolocation,/mnt/ubna_data_02_mir/recover-20220922/UBNA_001/20220921_090000.WAV,Telephone Field,recover-20220922,001,1795
130.0015,130.0087,28046,38730,Eptesicus serotinus,0.005,0.024,-1,Echolocation,/mnt/ubna_data_02_mir/recover-20220922/UBNA_001/20220921_090000.WAV,Telephone Field,recover-20220922,001,1795
130.0015,130.0335,69296,81520,Rhinolophus ferrumequinum,0.032,0.032,-1,Echolocation,/mnt/ubna_data_02_mir/recover-20220922/UBNA_001/20220921_090000.WAV,Telephone Field,recover-20220922,001,1795
130.04149999999998,130.0491,46953,50683,Pipistrellus pipistrellus,0.023,0.024,-1,Echolocation,/mnt/ubna_data_02_mir/recover-20220922/UBNA_001/20220921_090000.WAV,Telephone Field,recover-20220922,001,1795
130.1015,130.1107,28046,37146,Eptesicus serotinus,0.009,0.024,-1,Echolocation,/mnt/ubna_data_02_mir/recover-20220922/UBNA_001/20220921_090000.WAV,Telephone Field,recover-20220922,001,1795
130.1165,130.1574,68437,82968,Rhinolophus ferrumequinum,0.023,0.023,-1,Echolocation,/mnt/ubna_data_02_mir/recover-20220922/UBNA_001/20220921_090000.WAV,Telephone Field,recover-20220922,001,1795
130.1385,130.1754,68437,81452,Rhinolophus ferrumequinum,0.022,0.022,-1,Echolocation,/mnt/ubna_data_02_mir/recover-20220922/UBNA_001/20220921_090000.WAV,Telephone Field,recover-20220922,001,1795
130.1425,130.1496,26328,39303,Eptesicus serotinus,0.006,0.025,-1,Echolocation,/mnt/ubna_data_02_mir/recover-20220922/UBNA_001/20220921_090000.WAV,Telephone Field,recover-20220922,001,1795
130.1595,130.1978,68437,82682,Rhinolophus ferrumequinum,0.023,0.023,-1,Echolocation,/mnt/ubna_data_02_mir/recover-20220922/UBNA_001/20220921_090000.WAV,Telephone Field,recover-20220922,001,1795
130.1945,130.2358,68437,82581,Rhinolophus ferrumequinum,0.037,0.037,-1,Echolocation,/mnt/ubna_data_02_mir/recover-20220922/UBNA_001/20220921_090000.WAV,Telephone Field,recover-20220922,001,1795
130.2395,130.2517,23750,28680,Nyctalus leisleri,0.017,0.032,-1,Echolocation,/mnt/ubna_data_02_mir/recover-20220922/UBNA_001/20220921_090000.WAV,Telephone Field,recover-20220922,001,1795
130.2445,130.2827,68437,82197,Rhinolophus ferrumequinum,0.022,0.022,-1,Echolocation,/mnt/ubna_data_02_mir/recover-20220922/UBNA_001/20220921_090000.WAV,Telephone Field,recover-20220922,001,1795
130.2595,130.2948,68437,81693,Rhinolophus ferrumequinum,0.023,0.023,-1,Echolocation,/mnt/ubna_data_02_mir/recover-20220922/UBNA_001/20220921_090000.WAV,Telephone Field,recover-20220922,001,1795
130.2905,130.2985,27187,37713,Eptesicus serotinus,0.007,0.023,-1,Echolocation,/mnt/ubna_data_02_mir/recover-20220922/UBNA_001/20220921_090000.WAV,Telephone Field,recover-20220922,001,1795
130.2905,130.3302,68437,81877,Rhinolophus ferrumequinum,0.022,0.022,-1,Echolocation,/mnt/ubna_data_02_mir/recover-20220922/UBNA_001/20220921_090000.WAV,Telephone Field,recover-20220922,001,1795
130.3235,130.3646,68437,82994,Rhinolophus ferrumequinum,0.022,0.022,-1,Echolocation,/mnt/ubna_data_02_mir/recover-20220922/UBNA_001/20220921_090000.WAV,Telephone Field,recover-20220922,001,1795
130.3325,130.3726,68437,82928,Rhinolophus ferrumequinum,0.031,0.031,-1,Echolocation,/mnt/ubna_data_02_mir/recover-20220922/UBNA_001/20220921_090000.WAV,Telephone Field,recover-20220922,001,1795
130.3395,130.348,28046,37565,Eptesicus serotinus,0.008,0.025,-1,Echolocation,/mnt/ubna_data_02_mir/recover-20220922/UBNA_001/20220921_090000.WAV,Telephone Field,recover-20220922,001,1795
130.3655,130.4013,68437,80962,Rhinolophus ferrumequinum,0.023,0.023,-1,Echolocation,/mnt/ubna_data_02_mir/recover-20220922/UBNA_001/20220921_090000.WAV,Telephone Field,recover-20220922,001,1795
130.3675,130.3746,28046,37841,Eptesicus serotinus,0.006,0.024,-1,Echolocation,/mnt/ubna_data_02_mir/recover-20220922/UBNA_001/20220921_090000.WAV,Telephone Field,recover-20220922,001,1795
130.3855,130.4242,68437,82193,Rhinolophus ferrumequinum,0.025,0.025,-1,Echolocation,/mnt/ubna_data_02_mir/recover-20220922/UBNA_001/20220921_090000.WAV,Telephone Field,recover-20220922,001,1795
130.3945,130.4025,28046,40326,Eptesicus serotinus,0.007,0.022,-1,Echolocation,/mnt/ubna_data_02_mir/recover-20220922/UBNA_001/20220921_090000.WAV,Telephone Field,recover-20220922,001,1795
130.4315,130.4704,68437,82434,Rhinolophus ferrumequinum,0.026,0.026,-1,Echolocation,/mnt/ubna_data_02_mir/recover-20220922/UBNA_001/20220921_090000.WAV,Telephone Field,recover-20220922,001,1795
130.4375,130.4441,28046,40995,Eptesicus serotinus,0.006,0.024,-1,Echolocation,/mnt/ubna_data_02_mir/recover-20220922/UBNA_001/20220921_090000.WAV,Telephone Field,recover-20220922,001,1795
130.4935,130.5265,68437,80733,Rhinolophus ferrumequinum,0.021,0.021,-1,Echolocation,/mnt/ubna_data_02_mir/recover-20220922/UBNA_001/20220921_090000.WAV,Telephone Field,recover-20220922,001,1795
130.4985,130.5084,24609,32012,Nyctalus leisleri,0.008,0.021,-1,Echolocation,/mnt/ubna_data_02_mir/recover-20220922/UBNA_001/20220921_090000.WAV,Telephone Field,recover-20220922,001,1795
130.6015,130.6144,30625,38571,Eptesicus serotinus,0.013,0.028,-1,Echolocation,/mnt/ubna_data_02_mir/recover-20220922/UBNA_001/20220921_090000.WAV,Telephone Field,recover-20220922,001,1795
130.6155,130.6525,68437,81865,Rhinolophus ferrumequinum,0.025,0.025,-1,Echolocation,/mnt/ubna_data_02_mir/recover-20220922/UBNA_001/20220921_090000.WAV,Telephone Field,recover-20220922,001,1795
130.6445,130.6527,23750,31688,Plecotus austriacus,0.007,0.023,-1,Echolocation,/mnt/ubna_data_02_mir/recover-20220922/UBNA_001/20220921_090000.WAV,Telephone Field,recover-20220922,001,1795
130.6815,130.6891,49531,53773,Pipistrellus pipistrellus,0.024,0.027,-1,Echolocation,/mnt/ubna_data_02_mir/recover-20220922/UBNA_001/20220921_090000.WAV,Telephone Field,recover-20220922,001,1795
130.6835,130.6975,22890,26992,Nyctalus leisleri,0.013,0.022,-1,Echolocation,/mnt/ubna_data_02_mir/recover-20220922/UBNA_001/20220921_090000.WAV,Telephone Field,recover-20220922,001,1795
130.69650000000001,130.7335,68437,82142,Rhinolophus ferrumequinum,0.031,0.032,-1,Echolocation,/mnt/ubna_data_02_mir/recover-20220922/UBNA_001/20220921_090000.WAV,Telephone Field,recover-20220922,001,1795
130.7045,130.745,68437,82288,Rhinolophus ferrumequinum,0.023,0.023,-1,Echolocation,/mnt/ubna_data_02_mir/recover-20220922/UBNA_001/20220921_090000.WAV,Telephone Field,recover-20220922,001,1795
130.7245,130.7624,68437,82041,Rhinolophus ferrumequinum,0.022,0.022,-1,Echolocation,/mnt/ubna_data_02_mir/recover-20220922/UBNA_001/20220921_090000.WAV,Telephone Field,recover-20220922,001,1795
130.7425,130.7534,22890,28009,Nyctalus leisleri,0.01,0.021,-1,Echolocation,/mnt/ubna_data_02_mir/recover-20220922/UBNA_001/20220921_090000.WAV,Telephone Field,recover-20220922,001,1795
130.7525,130.7912,68437,82094,Rhinolophus ferrumequinum,0.022,0.022,-1,Echolocation,/mnt/ubna_data_02_mir/recover-20220922/UBNA_001/20220921_090000.WAV,Telephone Field,recover-20220922,001,1795
130.7905,130.7964,32343,44573,Myotis daubentonii,0.017,0.032,-1,Echolocation,/mnt/ubna_data_02_mir/recover-20220922/UBNA_001/20220921_090000.WAV,Telephone Field,recover-20220922,001,1795
130.7955,130.83350000000002,68437,82131,Rhinolophus ferrumequinum,0.022,0.022,-1,Echolocation,/mnt/ubna_data_02_mir/recover-20220922/UBNA_001/20220921_090000.WAV,Telephone Field,recover-20220922,001,1795
130.8265,130.8648,68437,82298,Rhinolophus ferrumequinum,0.023,0.023,-1,Echolocation,/mnt/ubna_data_02_mir/recover-20220922/UBNA_001/20220921_090000.WAV,Telephone Field,recover-20220922,001,1795
130.8345,130.8773,68437,83407,Rhinolophus ferrumequinum,0.026,0.026,-1,Echolocation,/mnt/ubna_data_02_mir/recover-20220922/UBNA_001/20220921_090000.WAV,Telephone Field,recover-20220922,001,1795
130.8685,130.9124,68437,83109,Rhinolophus ferrumequinum,0.026,0.026,-1,Echolocation,/mnt/ubna_data_02_mir/recover-20220922/UBNA_001/20220921_090000.WAV,Telephone Field,recover-20220922,001,1795
130.8715,130.8789,27187,37000,Eptesicus serotinus,0.006,0.021,-1,Echolocation,/mnt/ubna_data_02_mir/recover-20220922/UBNA_001/20220921_090000.WAV,Telephone Field,recover-20220922,001,1795
130.9125,130.9505,68437,82059,Rhinolophus ferrumequinum,0.024,0.024,-1,Echolocation,/mnt/ubna_data_02_mir/recover-20220922/UBNA_001/20220921_090000.WAV,Telephone Field,recover-20220922,001,1795
130.9405,130.9798,68437,82258,Rhinolophus ferrumequinum,0.021,0.021,-1,Echolocation,/mnt/ubna_data_02_mir/recover-20220922/UBNA_001/20220921_090000.WAV,Telephone Field,recover-20220922,001,1795
130.9535,130.9946,68437,82530,Rhinolophus ferrumequinum,0.029,0.029,-1,Echolocation,/mnt/ubna_data_02_mir/recover-20220922/UBNA_001/20220921_090000.WAV,Telephone Field,recover-20220922,001,1795
130.9705,131.0088,68437,82133,Rhinolophus ferrumequinum,0.022,0.022,-1,Echolocation,/mnt/ubna_data_02_mir/recover-20220922/UBNA_001/20220921_090000.WAV,Telephone Field,recover-20220922,001,1795
130.9785,131.0139,68437,81224,Rhinolophus ferrumequinum,0.022,0.023,-1,Echolocation,/mnt/ubna_data_02_mir/recover-20220922/UBNA_001/20220921_090000.WAV,Telephone Field,recover-20220922,001,1795
131.0275,131.0666,68437,81894,Rhinolophus ferrumequinum,0.023,0.023,-1,Echolocation,/mnt/ubna_data_02_mir/recover-20220922/UBNA_001/20220921_090000.WAV,Telephone Field,recover-20220922,001,1795
131.0635,131.0741,28906,37096,Eptesicus serotinus,0.01,0.024,-1,Echolocation,/mnt/ubna_data_02_mir/recover-20220922/UBNA_001/20220921_090000.WAV,Telephone Field,recover-20220922,001,1795
131.07150000000001,131.1129,68437,82157,Rhinolophus ferrumequinum,0.023,0.023,-1,Echolocation,/mnt/ubna_data_02_mir/recover-20220922/UBNA_001/20220921_090000.WAV,Telephone Field,recover-20220922,001,1795
131.1545,131.1622,27187,36735,Eptesicus serotinus,0.01,0.026,-1,Echolocation,/mnt/ubna_data_02_mir/recover-20220922/UBNA_001/20220921_090000.WAV,Telephone Field,recover-20220922,001,1795
131.1565,131.1973,68437,82764,Rhinolophus ferrumequinum,0.025,0.025,-1,Echolocation,/mnt/ubna_data_02_mir/recover-20220922/UBNA_001/20220921_090000.WAV,Telephone Field,recover-20220922,001,1795
131.1645,131.2075,68437,82528,Rhinolophus ferrumequinum,0.024,0.024,-1,Echolocation,/mnt/ubna_data_02_mir/recover-20220922/UBNA_001/20220921_090000.WAV,Telephone Field,recover-20220922,001,1795
131.1725,131.21359999999999,68437,82589,Rhinolophus ferrumequinum,0.031,0.031,-1,Echolocation,/mnt/ubna_data_02_mir/recover-20220922/UBNA_001/20220921_090000.WAV,Telephone Field,recover-20220922,001,1795
131.19650000000001,131.2387,68437,82596,Rhinolophus ferrumequinum,0.022,0.022,-1,Echolocation,/mnt/ubna_data_02_mir/recover-20220922/UBNA_001/20220921_090000.WAV,Telephone Field,recover-20220922,001,1795
131.2135,131.2512,68437,82523,Rhinolophus ferrumequinum,0.021,0.021,-1,Echolocation,/mnt/ubna_data_02_mir/recover-20220922/UBNA_001/20220921_090000.WAV,Telephone Field,recover-20220922,001,1795
131.2205,131.2319,22890,27800,Nyctalus leisleri,0.013,0.024,-1,Echolocation,/mnt/ubna_data_02_mir/recover-20220922/UBNA_001/20220921_090000.WAV,Telephone Field,recover-20220922,001,1795
131.2355,131.2727,68437,81903,Rhinolophus ferrumequinum,0.023,0.023,-1,Echolocation,/mnt/ubna_data_02_mir/recover-20220922/UBNA_001/20220921_090000.WAV,Telephone Field,recover-20220922,001,1795
131.2525,131.2895,68437,81032,Rhinolophus ferrumequinum,0.022,0.022,-1,Echolocation,/mnt/ubna_data_02_mir/recover-20220922/UBNA_001/20220921_090000.WAV,Telephone Field,recover-20220922,001,1795
131.2715,131.3117,68437,82795,Rhinolophus ferrumequinum,0.023,0.023,-1,Echolocation,/mnt/ubna_data_02_mir/recover-20220922/UBNA_001/20220921_090000.WAV,Telephone Field,recover-20220922,001,1795
131.2905,131.2987,31484,39888,Myotis daubentonii,0.008,0.021,-1,Echolocation,/mnt/ubna_data_02_mir/recover-20220922/UBNA_001/20220921_090000.WAV,Telephone Field,recover-20220922,001,1795
131.3175,131.3574,68437,82271,Rhinolophus ferrumequinum,0.022,0.022,-1,Echolocation,/mnt/ubna_data_02_mir/recover-20220922/UBNA_001/20220921_090000.WAV,Telephone Field,recover-20220922,001,1795
131.3235,131.336,24609,30313,Nyctalus leisleri,0.016,0.036,-1,Echolocation,/mnt/ubna_data_02_mir/recover-20220922/UBNA_001/20220921_090000.WAV,Telephone Field,recover-20220922,001,1795
131.3395,131.3816,68437,82663,Rhinolophus ferrumequinum,0.026,0.026,-1,Echolocation,/mnt/ubna_data_02_mir/recover-20220922/UBNA_001/20220921_090000.WAV,Telephone Field,recover-20220922,001,1795
131.3635,131.3728,28906,35680,Eptesicus serotinus,0.008,0.023,-1,Echolocation,/mnt/ubna_data_02_mir/recover-20220922/UBNA_001/20220921_090000.WAV,Telephone Field,recover-20220922,001,1795
131.3895,131.4002,23750,29961,Nyctalus leisleri,0.009,0.022,-1,Echolocation,/mnt/ubna_data_02_mir/recover-20220922/UBNA_001/20220921_090000.WAV,Telephone Field,recover-20220922,001,1795
131.4295,131.4359,51250,57724,Pipistrellus pipistrellus,0.019,0.025,-1,Echolocation,/mnt/ubna_data_02_mir/recover-20220922/UBNA_001/20220921_090000.WAV,Telephone Field,recover-20220922,001,1795
131.45850000000002,131.4676,28046,37771,Eptesicus serotinus,0.007,0.022,-1,Echolocation,/mnt/ubna_data_02_mir/recover-20220922/UBNA_001/20220921_090000.WAV,Telephone Field,recover-20220922,001,1795
131.4955,131.5354,68437,82297,Rhinolophus ferrumequinum,0.035,0.035,-1,Echolocation,/mnt/ubna_data_02_mir/recover-20220922/UBNA_001/20220921_090000.WAV,Telephone Field,recover-20220922,001,1795
131.4965,131.5048,28046,37225,Eptesicus serotinus,0.007,0.021,-1,Echolocation,/mnt/ubna_data_02_mir/recover-20220922/UBNA_001/20220921_090000.WAV,Telephone Field,recover-20220922,001,1795
131.5495,131.5579,28046,37121,Eptesicus serotinus,0.007,0.022,-1,Echolocation,/mnt/ubna_data_02_mir/recover-20220922/UBNA_001/20220921_090000.WAV,Telephone Field,recover-20220922,001,1795
131.5675,131.60660000000001,68437,82210,Rhinolophus ferrumequinum,0.022,0.022,-1,Echolocation,/mnt/ubna_data_02_mir/recover-20220922/UBNA_001/20220921_090000.WAV,Telephone Field,recover-20220922,001,1795
131.6145,131.65370000000001,68437,82157,Rhinolophus ferrumequinum,0.022,0.022,-1,Echolocation,/mnt/ubna_data_02_mir/recover-20220922/UBNA_001/20220921_090000.WAV,Telephone Field,recover-20220922,001,1795
131.6375,131.67849999999999,68437,83268,Rhinolophus ferrumequinum,0.03,0.03,-1,Echolocation,/mnt/ubna_data_02_mir/recover-20220922/UBNA_001/20220921_090000.WAV,Telephone Field,recover-20220922,001,1795
131.6435,131.6519,23750,31711,Plecotus austriacus,0.007,0.022,-1,Echolocation,/mnt/ubna_data_02_mir/recover-20220922/UBNA_001/20220921_090000.WAV,Telephone Field,recover-20220922,001,1795
131.6715,131.7076,68437,81420,Rhinolophus ferrumequinum,0.024,0.024,-1,Echolocation,/mnt/ubna_data_02_mir/recover-20220922/UBNA_001/20220921_090000.WAV,Telephone Field,recover-20220922,001,1795
131.6865,131.7222,68437,81132,Rhinolophus ferrumequinum,0.023,0.023,-1,Echolocation,/mnt/ubna_data_02_mir/recover-20220922/UBNA_001/20220921_090000.WAV,Telephone Field,recover-20220922,001,1795
131.7355,131.7725,68437,81866,Rhinolophus ferrumequinum,0.024,0.025,-1,Echolocation,/mnt/ubna_data_02_mir/recover-20220922/UBNA_001/20220921_090000.WAV,Telephone Field,recover-20220922,001,1795
131.7495,131.7587,28046,37112,Eptesicus serotinus,0.01,0.026,-1,Echolocation,/mnt/ubna_data_02_mir/recover-20220922/UBNA_001/20220921_090000.WAV,Telephone Field,recover-20220922,001,1795
131.7565,131.7932,68437,81691,Rhinolophus ferrumequinum,0.022,0.022,-1,Echolocation,/mnt/ubna_data_02_mir/recover-20220922/UBNA_001/20220921_090000.WAV,Telephone Field,recover-20220922,001,1795
131.8195,131.8299,22890,28403,Nyctalus leisleri,0.01,0.022,-1,Echolocation,/mnt/ubna_data_02_mir/recover-20220922/UBNA_001/20220921_090000.WAV,Telephone Field,recover-20220922,001,1795
131.8255,131.8618,68437,81878,Rhinolophus ferrumequinum,0.024,0.024,-1,Echolocation,/mnt/ubna_data_02_mir/recover-20220922/UBNA_001/20220921_090000.WAV,Telephone Field,recover-20220922,001,1795
131.8685,131.9099,68437,83015,Rhinolophus ferrumequinum,0.032,0.032,-1,Echolocation,/mnt/ubna_data_02_mir/recover-20220922/UBNA_001/20220921_090000.WAV,Telephone Field,recover-20220922,001,1795
131.8865,131.897,22890,28880,Nyctalus leisleri,0.009,0.022,-1,Echolocation,/mnt/ubna_data_02_mir/recover-20220922/UBNA_001/20220921_090000.WAV,Telephone Field,recover-20220922,001,1795
131.9085,131.9463,68437,82146,Rhinolophus ferrumequinum,0.022,0.022,-1,Echolocation,/mnt/ubna_data_02_mir/recover-20220922/UBNA_001/20220921_090000.WAV,Telephone Field,recover-20220922,001,1795
131.9235,131.9306,28046,37899,Eptesicus serotinus,0.007,0.023,-1,Echolocation,/mnt/ubna_data_02_mir/recover-20220922/UBNA_001/20220921_090000.WAV,Telephone Field,recover-20220922,001,1795
131.9345,131.9722,68437,81831,Rhinolophus ferrumequinum,0.021,0.022,-1,Echolocation,/mnt/ubna_data_02_mir/recover-20220922/UBNA_001/20220921_090000.WAV,Telephone Field,recover-20220922,001,1795
131.9785,131.9862,27187,37839,Eptesicus serotinus,0.007,0.022,-1,Echolocation,/mnt/ubna_data_02_mir/recover-20220922/UBNA_001/20220921_090000.WAV,Telephone Field,recover-20220922,001,1795
132.0015,132.0092,48671,56248,Pipistrellus pipistrellus,0.015,0.021,-1,Echolocation,/mnt/ubna_data_02_mir/recover-20220922/UBNA_001/20220921_090000.WAV,Telephone Field,recover-20220922,001,1795
132.0015,132.0098,34921,43874,Myotis daubentonii,0.006,0.022,-1,Echolocation,/mnt/ubna_data_02_mir/recover-20220922/UBNA_001/20220921_090000.WAV,Telephone Field,recover-20220922,001,1795
132.0015,132.0135,20312,25387,Nyctalus leisleri,0.015,0.034,-1,Echolocation,/mnt/ubna_data_02_mir/recover-20220922/UBNA_001/20220921_090000.WAV,Telephone Field,recover-20220922,001,1795
132.0025,132.041,68437,81230,Rhinolophus ferrumequinum,0.02,0.021,-1,Echolocation,/mnt/ubna_data_02_mir/recover-20220922/UBNA_001/20220921_090000.WAV,Telephone Field,recover-20220922,001,1795
132.0095,132.0523,68437,82184,Rhinolophus ferrumequinum,0.026,0.026,-1,Echolocation,/mnt/ubna_data_02_mir/recover-20220922/UBNA_001/20220921_090000.WAV,Telephone Field,recover-20220922,001,1795
132.0545,132.0636,28046,36483,Eptesicus serotinus,0.007,0.021,-1,Echolocation,/mnt/ubna_data_02_mir/recover-20220922/UBNA_001/20220921_090000.WAV,Telephone Field,recover-20220922,001,1795
132.08350000000002,132.092,27187,36210,Eptesicus serotinus,0.007,0.021,-1,Echolocation,/mnt/ubna_data_02_mir/recover-20220922/UBNA_001/20220921_090000.WAV,Telephone Field,recover-20220922,001,1795
132.1185,132.1616,68437,83139,Rhinolophus ferrumequinum,0.041,0.041,-1,Echolocation,/mnt/ubna_data_02_mir/recover-20220922/UBNA_001/20220921_090000.WAV,Telephone Field,recover-20220922,001,1795
132.1935,132.2336,68437,82017,Rhinolophus ferrumequinum,0.024,0.024,-1,Echolocation,/mnt/ubna_data_02_mir/recover-20220922/UBNA_001/20220921_090000.WAV,Telephone Field,recover-20220922,001,1795
132.2225,132.26,68437,81771,Rhinolophus ferrumequinum,0.021,0.021,-1,Echolocation,/mnt/ubna_data_02_mir/recover-20220922/UBNA_001/20220921_090000.WAV,Telephone Field,recover-20220922,001,1795
132.2275,132.2613,68437,81896,Rhinolophus ferrumequinum,0.022,0.022,-1,Echolocation,/mnt/ubna_data_02_mir/recover-20220922/UBNA_001/20220921_090000.WAV,Telephone Field,recover-20220922,001,1795
132.2655,132.2756,30625,37747,Eptesicus serotinus,0.008,0.023,-1,Echolocation,/mnt/ubna_data_02_mir/recover-20220922/UBNA_001/20220921_090000.WAV,Telephone Field,recover-20220922,001,1795
132.2715,132.3127,68437,82677,Rhinolophus ferrumequinum,0.028,0.028,-1,Echolocation,/mnt/ubna_data_02_mir/recover-20220922/UBNA_001/20220921_090000.WAV,Telephone Field,recover-20220922,001,1795
132.2885,132.3013,22031,25656,Nyctalus leisleri,0.013,0.023,-1,Echolocation,/mnt/ubna_data_02_mir/recover-20220922/UBNA_001/20220921_090000.WAV,Telephone Field,recover-20220922,001,1795
132.3115,132.3491,68437,81348,Rhinolophus ferrumequinum,0.021,0.021,-1,Echolocation,/mnt/ubna_data_02_mir/recover-20220922/UBNA_001/20220921_090000.WAV,Telephone Field,recover-20220922,001,1795
132.3245,132.3342,23750,30052,Nyctalus leisleri,0.008,0.021,-1,Echolocation,/mnt/ubna_data_02_mir/recover-20220922/UBNA_001/20220921_090000.WAV,Telephone Field,recover-20220922,001,1795
132.3365,132.3726,68437,81875,Rhinolophus ferrumequinum,0.022,0.022,-1,Echolocation,/mnt/ubna_data_02_mir/recover-20220922/UBNA_001/20220921_090000.WAV,Telephone Field,recover-20220922,001,1795
132.3675,132.378,24609,30951,Nyctalus leisleri,0.011,0.029,-1,Echolocation,/mnt/ubna_data_02_mir/recover-20220922/UBNA_001/20220921_090000.WAV,Telephone Field,recover-20220922,001,1795
132.3705,132.4119,68437,82950,Rhinolophus ferrumequinum,0.025,0.025,-1,Echolocation,/mnt/ubna_data_02_mir/recover-20220922/UBNA_001/20220921_090000.WAV,Telephone Field,recover-20220922,001,1795
132.3955,132.4045,22890,29470,Nyctalus leisleri,0.007,0.021,-1,Echolocation,/mnt/ubna_data_02_mir/recover-20220922/UBNA_001/20220921_090000.WAV,Telephone Field,recover-20220922,001,1795
132.4065,132.4455,68437,82225,Rhinolophus ferrumequinum,0.023,0.023,-1,Echolocation,/mnt/ubna_data_02_mir/recover-20220922/UBNA_001/20220921_090000.WAV,Telephone Field,recover-20220922,001,1795
132.4335,132.4729,68437,82243,Rhinolophus ferrumequinum,0.021,0.021,-1,Echolocation,/mnt/ubna_data_02_mir/recover-20220922/UBNA_001/20220921_090000.WAV,Telephone Field,recover-20220922,001,1795
132.44650000000001,132.4853,68437,81387,Rhinolophus ferrumequinum,0.022,0.022,-1,Echolocation,/mnt/ubna_data_02_mir/recover-20220922/UBNA_001/20220921_090000.WAV,Telephone Field,recover-20220922,001,1795
132.5125,132.5515,68437,82221,Rhinolophus ferrumequinum,0.025,0.025,-1,Echolocation,/mnt/ubna_data_02_mir/recover-20220922/UBNA_001/20220921_090000.WAV,Telephone Field,recover-20220922,001,1795
132.5355,132.5729,68437,82441,Rhinolophus ferrumequinum,0.021,0.021,-1,Echolocation,/mnt/ubna_data_02_mir/recover-20220922/UBNA_001/20220921_090000.WAV,Telephone Field,recover-20220922,001,1795
132.5375,132.5473,24609,32468,Nyctalus leisleri,0.012,0.04,-1,Echolocation,/mnt/ubna_data_02_mir/recover-20220922/UBNA_001/20220921_090000.WAV,Telephone Field,recover-20220922,001,1795
132.5575,132.5975,68437,82268,Rhinolophus ferrumequinum,0.022,0.022,-1,Echolocation,/mnt/ubna_data_02_mir/recover-20220922/UBNA_001/20220921_090000.WAV,Telephone Field,recover-20220922,001,1795
132.5685,132.6067,68437,82120,Rhinolophus ferrumequinum,0.024,0.024,-1,Echolocation,/mnt/ubna_data_02_mir/recover-20220922/UBNA_001/20220921_090000.WAV,Telephone Field,recover-20220922,001,1795
132.6185,132.6562,68437,81605,Rhinolophus ferrumequinum,0.022,0.023,-1,Echolocation,/mnt/ubna_data_02_mir/recover-20220922/UBNA_001/20220921_090000.WAV,Telephone Field,recover-20220922,001,1795
132.6555,132.693,68437,82323,Rhinolophus ferrumequinum,0.022,0.022,-1,Echolocation,/mnt/ubna_data_02_mir/recover-20220922/UBNA_001/20220921_090000.WAV,Telephone Field,recover-20220922,001,1795
132.6585,132.6651,31484,41871,Myotis daubentonii,0.009,0.029,-1,Echolocation,/mnt/ubna_data_02_mir/recover-20220922/UBNA_001/20220921_090000.WAV,Telephone Field,recover-20220922,001,1795
132.6895,132.7001,22890,28723,Nyctalus leisleri,0.01,0.024,-1,Echolocation,/mnt/ubna_data_02_mir/recover-20220922/UBNA_001/20220921_090000.WAV,Telephone Field,recover-20220922,001,1795
132.7645,132.7987,68437,80729,Rhinolophus ferrumequinum,0.021,0.021,-1,Echolocation,/mnt/ubna_data_02_mir/recover-20220922/UBNA_001/20220921_090000.WAV,Telephone Field,recover-20220922,001,1795
132.7855,132.8274,68437,82310,Rhinolophus ferrumequinum,0.022,0.022,-1,Echolocation,/mnt/ubna_data_02_mir/recover-20220922/UBNA_001/20220921_090000.WAV,Telephone Field,recover-20220922,001,1795
132.7965,132.8347,68437,82446,Rhinolophus ferrumequinum,0.021,0.021,-1,Echolocation,/mnt/ubna_data_02_mir/recover-20220922/UBNA_001/20220921_090000.WAV,Telephone Field,recover-20220922,001,1795
132.8085,132.8146,24609,37976,Plecotus austriacus,0.01,0.032,-1,Echolocation,/mnt/ubna_data_02_mir/recover-20220922/UBNA_001/20220921_090000.WAV,Telephone Field,recover-20220922,001,1795
132.8235,132.8601,68437,81703,Rhinolophus ferrumequinum,0.022,0.022,-1,Echolocation,/mnt/ubna_data_02_mir/recover-20220922/UBNA_001/20220921_090000.WAV,Telephone Field,recover-20220922,001,1795
132.8465,132.8537,27187,38935,Eptesicus serotinus,0.007,0.023,-1,Echolocation,/mnt/ubna_data_02_mir/recover-20220922/UBNA_001/20220921_090000.WAV,Telephone Field,recover-20220922,001,1795
132.8675,132.9075,68437,82750,Rhinolophus ferrumequinum,0.022,0.022,-1,Echolocation,/mnt/ubna_data_02_mir/recover-20220922/UBNA_001/20220921_090000.WAV,Telephone Field,recover-20220922,001,1795
132.9255,132.9638,68437,81778,Rhinolophus ferrumequinum,0.022,0.023,-1,Echolocation,/mnt/ubna_data_02_mir/recover-20220922/UBNA_001/20220921_090000.WAV,Telephone Field,recover-20220922,001,1795
132.9645,132.9765,22031,26319,Nyctalus leisleri,0.012,0.022,-1,Echolocation,/mnt/ubna_data_02_mir/recover-20220922/UBNA_001/20220921_090000.WAV,Telephone Field,recover-20220922,001,1795
133.0145,133.0543,68437,82527,Rhinolophus ferrumequinum,0.026,0.027,-1,Echolocation,/mnt/ubna_data_02_mir/recover-20220922/UBNA_001/20220921_090000.WAV,Telephone Field,recover-20220922,001,1795
133.0515,133.0872,68437,81186,Rhinolophus ferrumequinum,0.021,0.021,-1,Echolocation,/mnt/ubna_data_02_mir/recover-20220922/UBNA_001/20220921_090000.WAV,Telephone Field,recover-20220922,001,1795
133.07150000000001,133.1111,68437,82399,Rhinolophus ferrumequinum,0.022,0.022,-1,Echolocation,/mnt/ubna_data_02_mir/recover-20220922/UBNA_001/20220921_090000.WAV,Telephone Field,recover-20220922,001,1795
133.0785,133.1188,68437,81972,Rhinolophus ferrumequinum,0.022,0.022,-1,Echolocation,/mnt/ubna_data_02_mir/recover-20220922/UBNA_001/20220921_090000.WAV,Telephone Field,recover-20220922,001,1795
133.0875,133.1245,68437,81863,Rhinolophus ferrumequinum,0.027,0.027,-1,Echolocation,/mnt/ubna_data_02_mir/recover-20220922/UBNA_001/20220921_090000.WAV,Telephone Field,recover-20220922,001,1795
133.1525,133.1876,68437,81572,Rhinolophus ferrumequinum,0.022,0.022,-1,Echolocation,/mnt/ubna_data_02_mir/recover-20220922/UBNA_001/20220921_090000.WAV,Telephone Field,recover-20220922,001,1795
133.16649999999998,133.1739,51250,57687,Pipistrellus pipistrellus,0.018,0.021,-1,Echolocation,/mnt/ubna_data_02_mir/recover-20220922/UBNA_001/20220921_090000.WAV,Telephone Field,recover-20220922,001,1795
133.2125,133.2246,23750,28806,Nyctalus leisleri,0.012,0.023,-1,Echolocation,/mnt/ubna_data_02_mir/recover-20220922/UBNA_001/20220921_090000.WAV,Telephone Field,recover-20220922,001,1795
133.2455,133.2558,28046,35517,Eptesicus serotinus,0.009,0.021,-1,Echolocation,/mnt/ubna_data_02_mir/recover-20220922/UBNA_001/20220921_090000.WAV,Telephone Field,recover-20220922,001,1795
133.2615,133.2983,68437,81512,Rhinolophus ferrumequinum,0.021,0.021,-1,Echolocation,/mnt/ubna_data_02_mir/recover-20220922/UBNA_001/20220921_090000.WAV,Telephone Field,recover-20220922,001,1795
133.2835,133.293,28906,37082,Eptesicus serotinus,0.009,0.022,-1,Echolocation,/mnt/ubna_data_02_mir/recover-20220922/UBNA_001/20220921_090000.WAV,Telephone Field,recover-20220922,001,1795
133.2985,133.3351,68437,81608,Rhinolophus ferrumequinum,0.021,0.021,-1,Echolocation,/mnt/ubna_data_02_mir/recover-20220922/UBNA_001/20220921_090000.WAV,Telephone Field,recover-20220922,001,1795
133.3115,133.3201,28046,40091,Eptesicus serotinus,0.009,0.024,-1,Echolocation,/mnt/ubna_data_02_mir/recover-20220922/UBNA_001/20220921_090000.WAV,Telephone Field,recover-20220922,001,1795
133.3135,133.3288,57265,62542,Pipistrellus pygmaeus,0.024,0.024,-1,Echolocation,/mnt/ubna_data_02_mir/recover-20220922/UBNA_001/20220921_090000.WAV,Telephone Field,recover-20220922,001,1795
133.3195,133.3293,28906,36199,Eptesicus serotinus,0.009,0.022,-1,Echolocation,/mnt/ubna_data_02_mir/recover-20220922/UBNA_001/20220921_090000.WAV,Telephone Field,recover-20220922,001,1795
133.3485,133.3879,68437,81906,Rhinolophus ferrumequinum,0.034,0.034,-1,Echolocation,/mnt/ubna_data_02_mir/recover-20220922/UBNA_001/20220921_090000.WAV,Telephone Field,recover-20220922,001,1795
133.3965,133.4339,68437,82289,Rhinolophus ferrumequinum,0.025,0.025,-1,Echolocation,/mnt/ubna_data_02_mir/recover-20220922/UBNA_001/20220921_090000.WAV,Telephone Field,recover-20220922,001,1795
133.4065,133.4178,22031,26579,Nyctalus leisleri,0.013,0.026,-1,Echolocation,/mnt/ubna_data_02_mir/recover-20220922/UBNA_001/20220921_090000.WAV,Telephone Field,recover-20220922,001,1795
133.4175,133.45589999999999,68437,81923,Rhinolophus ferrumequinum,0.022,0.022,-1,Echolocation,/mnt/ubna_data_02_mir/recover-20220922/UBNA_001/20220921_090000.WAV,Telephone Field,recover-20220922,001,1795
133.4235,133.4621,68437,81864,Rhinolophus ferrumequinum,0.021,0.021,-1,Echolocation,/mnt/ubna_data_02_mir/recover-20220922/UBNA_001/20220921_090000.WAV,Telephone Field,recover-20220922,001,1795
133.4375,133.4461,26328,34674,Eptesicus serotinus,0.011,0.027,-1,Echolocation,/mnt/ubna_data_02_mir/recover-20220922/UBNA_001/20220921_090000.WAV,Telephone Field,recover-20220922,001,1795
133.4605,133.4692,28046,36214,Eptesicus serotinus,0.007,0.022,-1,Echolocation,/mnt/ubna_data_02_mir/recover-20220922/UBNA_001/20220921_090000.WAV,Telephone Field,recover-20220922,001,1795
133.4635,133.4991,68437,81740,Rhinolophus ferrumequinum,0.021,0.021,-1,Echolocation,/mnt/ubna_data_02_mir/recover-20220922/UBNA_001/20220921_090000.WAV,Telephone Field,recover-20220922,001,1795
133.4695,133.5065,68437,82143,Rhinolophus ferrumequinum,0.021,0.021,-1,Echolocation,/mnt/ubna_data_02_mir/recover-20220922/UBNA_001/20220921_090000.WAV,Telephone Field,recover-20220922,001,1795
133.4985,133.5385,68437,82643,Rhinolophus ferrumequinum,0.028,0.028,-1,Echolocation,/mnt/ubna_data_02_mir/recover-20220922/UBNA_001/20220921_090000.WAV,Telephone Field,recover-20220922,001,1795
133.5055,133.5142,28046,39299,Eptesicus serotinus,0.007,0.021,-1,Echolocation,/mnt/ubna_data_02_mir/recover-20220922/UBNA_001/20220921_090000.WAV,Telephone Field,recover-20220922,001,1795
133.5145,133.5563,68437,82125,Rhinolophus ferrumequinum,0.023,0.023,-1,Echolocation,/mnt/ubna_data_02_mir/recover-20220922/UBNA_001/20220921_090000.WAV,Telephone Field,recover-20220922,001,1795
133.5215,133.531,27187,35980,Eptesicus serotinus,0.009,0.023,-1,Echolocation,/mnt/ubna_data_02_mir/recover-20220922/UBNA_001/20220921_090000.WAV,Telephone Field,recover-20220922,001,1795
133.55349999999999,133.5899,68437,82211,Rhinolophus ferrumequinum,0.022,0.022,-1,Echolocation,/mnt/ubna_data_02_mir/recover-20220922/UBNA_001/20220921_090000.WAV,Telephone Field,recover-20220922,001,1795
133.5795,133.5867,26328,35743,Eptesicus serotinus,0.006,0.024,-1,Echolocation,/mnt/ubna_data_02_mir/recover-20220922/UBNA_001/20220921_090000.WAV,Telephone Field,recover-20220922,001,1795
133.6035,133.641,68437,81844,Rhinolophus ferrumequinum,0.022,0.022,-1,Echolocation,/mnt/ubna_data_02_mir/recover-20220922/UBNA_001/20220921_090000.WAV,Telephone Field,recover-20220922,001,1795
133.6235,133.6642,68437,82644,Rhinolophus ferrumequinum,0.024,0.024,-1,Echolocation,/mnt/ubna_data_02_mir/recover-20220922/UBNA_001/20220921_090000.WAV,Telephone Field,recover-20220922,001,1795
133.6535,133.6876,68437,80641,Rhinolophus ferrumequinum,0.026,0.026,-1,Echolocation,/mnt/ubna_data_02_mir/recover-20220922/UBNA_001/20220921_090000.WAV,Telephone Field,recover-20220922,001,1795
133.6845,133.7232,68437,82383,Rhinolophus ferrumequinum,0.022,0.022,-1,Echolocation,/mnt/ubna_data_02_mir/recover-20220922/UBNA_001/20220921_090000.WAV,Telephone Field,recover-20220922,001,1795
133.6935,133.7022,27187,36953,Eptesicus serotinus,0.009,0.025,-1,Echolocation,/mnt/ubna_data_02_mir/recover-20220922/UBNA_001/20220921_090000.WAV,Telephone Field,recover-20220922,001,1795
133.7045,133.7433,68437,82289,Rhinolophus ferrumequinum,0.022,0.022,-1,Echolocation,/mnt/ubna_data_02_mir/recover-20220922/UBNA_001/20220921_090000.WAV,Telephone Field,recover-20220922,001,1795
133.7165,133.7586,68437,82613,Rhinolophus ferrumequinum,0.023,0.023,-1,Echolocation,/mnt/ubna_data_02_mir/recover-20220922/UBNA_001/20220921_090000.WAV,Telephone Field,recover-20220922,001,1795
133.7225,133.7294,28046,39301,Eptesicus serotinus,0.006,0.022,-1,Echolocation,/mnt/ubna_data_02_mir/recover-20220922/UBNA_001/20220921_090000.WAV,Telephone Field,recover-20220922,001,1795
133.7745,133.8102,68437,82396,Rhinolophus ferrumequinum,0.022,0.023,-1,Echolocation,/mnt/ubna_data_02_mir/recover-20220922/UBNA_001/20220921_090000.WAV,Telephone Field,recover-20220922,001,1795
133.7905,133.8016,28906,37773,Eptesicus serotinus,0.011,0.024,-1,Echolocation,/mnt/ubna_data_02_mir/recover-20220922/UBNA_001/20220921_090000.WAV,Telephone Field,recover-20220922,001,1795
133.7975,133.8312,68437,80786,Rhinolophus ferrumequinum,0.022,0.022,-1,Echolocation,/mnt/ubna_data_02_mir/recover-20220922/UBNA_001/20220921_090000.WAV,Telephone Field,recover-20220922,001,1795
133.7985,133.8083,27187,38401,Eptesicus serotinus,0.012,0.029,-1,Echolocation,/mnt/ubna_data_02_mir/recover-20220922/UBNA_001/20220921_090000.WAV,Telephone Field,recover-20220922,001,1795
133.8265,133.8352,27187,37899,Eptesicus serotinus,0.008,0.021,-1,Echolocation,/mnt/ubna_data_02_mir/recover-20220922/UBNA_001/20220921_090000.WAV,Telephone Field,recover-20220922,001,1795
133.8475,133.8848,68437,81870,Rhinolophus ferrumequinum,0.025,0.025,-1,Echolocation,/mnt/ubna_data_02_mir/recover-20220922/UBNA_001/20220921_090000.WAV,Telephone Field,recover-20220922,001,1795
133.8635,133.8832,20312,23018,Nyctalus leisleri,0.023,0.038,-1,Echolocation,/mnt/ubna_data_02_mir/recover-20220922/UBNA_001/20220921_090000.WAV,Telephone Field,recover-20220922,001,1795
133.8835,133.8951,23750,27835,Nyctalus leisleri,0.017,0.031,-1,Echolocation,/mnt/ubna_data_02_mir/recover-20220922/UBNA_001/20220921_090000.WAV,Telephone Field,recover-20220922,001,1795
133.8895,133.9346,68437,83569,Rhinolophus ferrumequinum,0.038,0.038,-1,Echolocation,/mnt/ubna_data_02_mir/recover-20220922/UBNA_001/20220921_090000.WAV,Telephone Field,recover-20220922,001,1795
133.9135,133.9505,68437,81520,Rhinolophus ferrumequinum,0.021,0.021,-1,Echolocation,/mnt/ubna_data_02_mir/recover-20220922/UBNA_001/20220921_090000.WAV,Telephone Field,recover-20220922,001,1795
133.9225,133.9594,68437,81403,Rhinolophus ferrumequinum,0.023,0.023,-1,Echolocation,/mnt/ubna_data_02_mir/recover-20220922/UBNA_001/20220921_090000.WAV,Telephone Field,recover-20220922,001,1795
133.9385,133.9489,28906,36940,Eptesicus serotinus,0.01,0.026,-1,Echolocation,/mnt/ubna_data_02_mir/recover-20220922/UBNA_001/20220921_090000.WAV,Telephone Field,recover-20220922,001,1795
133.9565,133.9667,23750,30437,Nyctalus leisleri,0.01,0.027,-1,Echolocation,/mnt/ubna_data_02_mir/recover-20220922/UBNA_001/20220921_090000.WAV,Telephone Field,recover-20220922,001,1795
134.0015,134.0352,68437,80125,Rhinolophus ferrumequinum,0.029,0.029,-1,Echolocation,/mnt/ubna_data_02_mir/recover-20220922/UBNA_001/20220921_090000.WAV,Telephone Field,recover-20220922,001,1795
134.0015,134.0098,22890,29248,Nyctalus leisleri,0.011,0.03,-1,Echolocation,/mnt/ubna_data_02_mir/recover-20220922/UBNA_001/20220921_090000.WAV,Telephone Field,recover-20220922,001,1795
134.0565,134.0672,23750,28889,Nyctalus leisleri,0.012,0.026,-1,Echolocation,/mnt/ubna_data_02_mir/recover-20220922/UBNA_001/20220921_090000.WAV,Telephone Field,recover-20220922,001,1795
134.0695,134.1137,68437,83152,Rhinolophus ferrumequinum,0.076,0.076,-1,Echolocation,/mnt/ubna_data_02_mir/recover-20220922/UBNA_001/20220921_090000.WAV,Telephone Field,recover-20220922,001,1795
134.0905,134.1012,24609,30710,Nyctalus leisleri,0.01,0.024,-1,Echolocation,/mnt/ubna_data_02_mir/recover-20220922/UBNA_001/20220921_090000.WAV,Telephone Field,recover-20220922,001,1795
134.1015,134.1344,68437,80471,Rhinolophus ferrumequinum,0.022,0.022,-1,Echolocation,/mnt/ubna_data_02_mir/recover-20220922/UBNA_001/20220921_090000.WAV,Telephone Field,recover-20220922,001,1795
134.1065,134.1162,46953,50879,Pipistrellus pipistrellus,0.026,0.028,-1,Echolocation,/mnt/ubna_data_02_mir/recover-20220922/UBNA_001/20220921_090000.WAV,Telephone Field,recover-20220922,001,1795
134.1315,134.1695,68437,81954,Rhinolophus ferrumequinum,0.029,0.029,-1,Echolocation,/mnt/ubna_data_02_mir/recover-20220922/UBNA_001/20220921_090000.WAV,Telephone Field,recover-20220922,001,1795
134.1765,134.2159,68437,82588,Rhinolophus ferrumequinum,0.028,0.028,-1,Echolocation,/mnt/ubna_data_02_mir/recover-20220922/UBNA_001/20220921_090000.WAV,Telephone Field,recover-20220922,001,1795
134.1905,134.1999,50390,55412,Pipistrellus pipistrellus,0.049,0.053,-1,Echolocation,/mnt/ubna_data_02_mir/recover-20220922/UBNA_001/20220921_090000.WAV,Telephone Field,recover-20220922,001,1795
134.2215,134.2608,68437,81888,Rhinolophus ferrumequinum,0.029,0.029,-1,Echolocation,/mnt/ubna_data_02_mir/recover-20220922/UBNA_001/20220921_090000.WAV,Telephone Field,recover-20220922,001,1795
134.2265,134.2349,23750,32590,Plecotus austriacus,0.01,0.024,-1,Echolocation,/mnt/ubna_data_02_mir/recover-20220922/UBNA_001/20220921_090000.WAV,Telephone Field,recover-20220922,001,1795
134.2575,134.29410000000001,68437,81069,Rhinolophus ferrumequinum,0.021,0.021,-1,Echolocation,/mnt/ubna_data_02_mir/recover-20220922/UBNA_001/20220921_090000.WAV,Telephone Field,recover-20220922,001,1795
134.2855,134.3205,68437,80682,Rhinolophus ferrumequinum,0.022,0.022,-1,Echolocation,/mnt/ubna_data_02_mir/recover-20220922/UBNA_001/20220921_090000.WAV,Telephone Field,recover-20220922,001,1795
134.29149999999998,134.3258,67578,79351,Rhinolophus ferrumequinum,0.028,0.028,-1,Echolocation,/mnt/ubna_data_02_mir/recover-20220922/UBNA_001/20220921_090000.WAV,Telephone Field,recover-20220922,001,1795
134.3115,134.3206,28906,36788,Eptesicus serotinus,0.009,0.025,-1,Echolocation,/mnt/ubna_data_02_mir/recover-20220922/UBNA_001/20220921_090000.WAV,Telephone Field,recover-20220922,001,1795
134.3295,134.374,68437,83156,Rhinolophus ferrumequinum,0.034,0.034,-1,Echolocation,/mnt/ubna_data_02_mir/recover-20220922/UBNA_001/20220921_090000.WAV,Telephone Field,recover-20220922,001,1795
134.3965,134.406,28046,36143,Eptesicus serotinus,0.031,0.055,-1,Echolocation,/mnt/ubna_data_02_mir/recover-20220922/UBNA_001/20220921_090000.WAV,Telephone Field,recover-20220922,001,1795
134.3975,134.4383,68437,82394,Rhinolophus ferrumequinum,0.031,0.031,-1,Echolocation,/mnt/ubna_data_02_mir/recover-20220922/UBNA_001/20220921_090000.WAV,Telephone Field,recover-20220922,001,1795
134.3975,134.4109,16015,22604,Nyctalus noctula,0.015,0.022,-1,Echolocation,/mnt/ubna_data_02_mir/recover-20220922/UBNA_001/20220921_090000.WAV,Telephone Field,recover-20220922,001,1795
134.4075,134.44650000000001,68437,81844,Rhinolophus ferrumequinum,0.027,0.027,-1,Echolocation,/mnt/ubna_data_02_mir/recover-20220922/UBNA_001/20220921_090000.WAV,Telephone Field,recover-20220922,001,1795
134.4235,134.47,68437,83980,Rhinolophus ferrumequinum,0.049,0.049,-1,Echolocation,/mnt/ubna_data_02_mir/recover-20220922/UBNA_001/20220921_090000.WAV,Telephone Field,recover-20220922,001,1795
134.4745,134.4858,22890,28599,Nyctalus leisleri,0.014,0.03,-1,Echolocation,/mnt/ubna_data_02_mir/recover-20220922/UBNA_001/20220921_090000.WAV,Telephone Field,recover-20220922,001,1795
134.4765,134.51670000000001,68437,82223,Rhinolophus ferrumequinum,0.028,0.028,-1,Echolocation,/mnt/ubna_data_02_mir/recover-20220922/UBNA_001/20220921_090000.WAV,Telephone Field,recover-20220922,001,1795
134.4885,134.5271,68437,82605,Rhinolophus ferrumequinum,0.026,0.026,-1,Echolocation,/mnt/ubna_data_02_mir/recover-20220922/UBNA_001/20220921_090000.WAV,Telephone Field,recover-20220922,001,1795
134.5055,134.5175,23750,28246,Nyctalus leisleri,0.015,0.026,-1,Echolocation,/mnt/ubna_data_02_mir/recover-20220922/UBNA_001/20220921_090000.WAV,Telephone Field,recover-20220922,001,1795
134.5075,134.5482,68437,82345,Rhinolophus ferrumequinum,0.023,0.023,-1,Echolocation,/mnt/ubna_data_02_mir/recover-20220922/UBNA_001/20220921_090000.WAV,Telephone Field,recover-20220922,001,1795
134.5155,134.5572,68437,82669,Rhinolophus ferrumequinum,0.023,0.023,-1,Echolocation,/mnt/ubna_data_02_mir/recover-20220922/UBNA_001/20220921_090000.WAV,Telephone Field,recover-20220922,001,1795
134.5215,134.564,68437,82680,Rhinolophus ferrumequinum,0.023,0.023,-1,Echolocation,/mnt/ubna_data_02_mir/recover-20220922/UBNA_001/20220921_090000.WAV,Telephone Field,recover-20220922,001,1795
134.5385,134.5749,68437,80924,Rhinolophus ferrumequinum,0.022,0.022,-1,Echolocation,/mnt/ubna_data_02_mir/recover-20220922/UBNA_001/20220921_090000.WAV,Telephone Field,recover-20220922,001,1795
134.5445,134.5543,28906,36301,Eptesicus serotinus,0.008,0.021,-1,Echolocation,/mnt/ubna_data_02_mir/recover-20220922/UBNA_001/20220921_090000.WAV,Telephone Field,recover-20220922,001,1795
134.5505,134.5887,68437,81800,Rhinolophus ferrumequinum,0.026,0.026,-1,Echolocation,/mnt/ubna_data_02_mir/recover-20220922/UBNA_001/20220921_090000.WAV,Telephone Field,recover-20220922,001,1795
134.5575,134.5671,28906,36795,Eptesicus serotinus,0.008,0.022,-1,Echolocation,/mnt/ubna_data_02_mir/recover-20220922/UBNA_001/20220921_090000.WAV,Telephone Field,recover-20220922,001,1795
134.5635,134.6055,68437,83060,Rhinolophus ferrumequinum,0.027,0.027,-1,Echolocation,/mnt/ubna_data_02_mir/recover-20220922/UBNA_001/20220921_090000.WAV,Telephone Field,recover-20220922,001,1795
134.5665,134.5775,22890,27423,Nyctalus leisleri,0.011,0.022,-1,Echolocation,/mnt/ubna_data_02_mir/recover-20220922/UBNA_001/20220921_090000.WAV,Telephone Field,recover-20220922,001,1795
134.57150000000001,134.61430000000001,68437,83087,Rhinolophus ferrumequinum,0.024,0.024,-1,Echolocation,/mnt/ubna_data_02_mir/recover-20220922/UBNA_001/20220921_090000.WAV,Telephone Field,recover-20220922,001,1795
134.6045,134.6424,68437,81483,Rhinolophus ferrumequinum,0.022,0.022,-1,Echolocation,/mnt/ubna_data_02_mir/recover-20220922/UBNA_001/20220921_090000.WAV,Telephone Field,recover-20220922,001,1795
134.6105,134.6461,68437,81700,Rhinolophus ferrumequinum,0.022,0.022,-1,Echolocation,/mnt/ubna_data_02_mir/recover-20220922/UBNA_001/20220921_090000.WAV,Telephone Field,recover-20220922,001,1795
134.6375,134.6732,68437,81864,Rhinolophus ferrumequinum,0.028,0.028,-1,Echolocation,/mnt/ubna_data_02_mir/recover-20220922/UBNA_001/20220921_090000.WAV,Telephone Field,recover-20220922,001,1795
134.6385,134.65,22890,27547,Nyctalus leisleri,0.013,0.025,-1,Echolocation,/mnt/ubna_data_02_mir/recover-20220922/UBNA_001/20220921_090000.WAV,Telephone Field,recover-20220922,001,1795
134.6605,134.6996,68437,82131,Rhinolophus ferrumequinum,0.022,0.022,-1,Echolocation,/mnt/ubna_data_02_mir/recover-20220922/UBNA_001/20220921_090000.WAV,Telephone Field,recover-20220922,001,1795
134.6645,134.6712,27187,41049,Eptesicus serotinus,0.007,0.026,-1,Echolocation,/mnt/ubna_data_02_mir/recover-20220922/UBNA_001/20220921_090000.WAV,Telephone Field,recover-20220922,001,1795
134.6855,134.7251,68437,81804,Rhinolophus ferrumequinum,0.023,0.023,-1,Echolocation,/mnt/ubna_data_02_mir/recover-20220922/UBNA_001/20220921_090000.WAV,Telephone Field,recover-20220922,001,1795
134.6865,134.6973,43515,47965,Pipistrellus pipistrellus,0.024,0.028,-1,Echolocation,/mnt/ubna_data_02_mir/recover-20220922/UBNA_001/20220921_090000.WAV,Telephone Field,recover-20220922,001,1795
134.7225,134.7668,68437,83370,Rhinolophus ferrumequinum,0.04,0.04,-1,Echolocation,/mnt/ubna_data_02_mir/recover-20220922/UBNA_001/20220921_090000.WAV,Telephone Field,recover-20220922,001,1795
134.7405,134.7826,68437,83097,Rhinolophus ferrumequinum,0.027,0.027,-1,Echolocation,/mnt/ubna_data_02_mir/recover-20220922/UBNA_001/20220921_090000.WAV,Telephone Field,recover-20220922,001,1795
134.7555,134.7933,68437,82623,Rhinolophus ferrumequinum,0.028,0.028,-1,Echolocation,/mnt/ubna_data_02_mir/recover-20220922/UBNA_001/20220921_090000.WAV,Telephone Field,recover-20220922,001,1795
134.7615,134.772,22031,27811,Nyctalus leisleri,0.011,0.027,-1,Echolocation,/mnt/ubna_data_02_mir/recover-20220922/UBNA_001/20220921_090000.WAV,Telephone Field,recover-20220922,001,1795
134.7715,134.8144,68437,83366,Rhinolophus ferrumequinum,0.037,0.037,-1,Echolocation,/mnt/ubna_data_02_mir/recover-20220922/UBNA_001/20220921_090000.WAV,Telephone Field,recover-20220922,001,1795
134.7855,134.794,29765,40509,Eptesicus serotinus,0.008,0.024,-1,Echolocation,/mnt/ubna_data_02_mir/recover-20220922/UBNA_001/20220921_090000.WAV,Telephone Field,recover-20220922,001,1795
134.8005,134.8372,68437,81508,Rhinolophus ferrumequinum,0.025,0.025,-1,Echolocation,/mnt/ubna_data_02_mir/recover-20220922/UBNA_001/20220921_090000.WAV,Telephone Field,recover-20220922,001,1795
134.82150000000001,134.8315,28906,36918,Eptesicus serotinus,0.013,0.027,-1,Echolocation,/mnt/ubna_data_02_mir/recover-20220922/UBNA_001/20220921_090000.WAV,Telephone Field,recover-20220922,001,1795
134.8225,134.8623,68437,82478,Rhinolophus ferrumequinum,0.023,0.023,-1,Echolocation,/mnt/ubna_data_02_mir/recover-20220922/UBNA_001/20220921_090000.WAV,Telephone Field,recover-20220922,001,1795
134.8405,134.882,68437,82557,Rhinolophus ferrumequinum,0.029,0.029,-1,Echolocation,/mnt/ubna_data_02_mir/recover-20220922/UBNA_001/20220921_090000.WAV,Telephone Field,recover-20220922,001,1795
134.8725,134.9153,68437,83252,Rhinolophus ferrumequinum,0.027,0.027,-1,Echolocation,/mnt/ubna_data_02_mir/recover-20220922/UBNA_001/20220921_090000.WAV,Telephone Field,recover-20220922,001,1795
134.8795,134.8884,28046,38907,Eptesicus serotinus,0.009,0.022,-1,Echolocation,/mnt/ubna_data_02_mir/recover-20220922/UBNA_001/20220921_090000.WAV,Telephone Field,recover-20220922,001,1795
134.9015,134.9149,29765,34894,Eptesicus serotinus,0.011,0.024,-1,Echolocation,/mnt/ubna_data_02_mir/recover-20220922/UBNA_001/20220921_090000.WAV,Telephone Field,recover-20220922,001,1795
134.9125,134.9223,44375,50704,Pipistrellus pipistrellus,0.016,0.026,-1,Echolocation,/mnt/ubna_data_02_mir/recover-20220922/UBNA_001/20220921_090000.WAV,Telephone Field,recover-20220922,001,1795
134.9155,134.9228,24609,35989,Plecotus austriacus,0.008,0.024,-1,Echolocation,/mnt/ubna_data_02_mir/recover-20220922/UBNA_001/20220921_090000.WAV,Telephone Field,recover-20220922,001,1795
134.9205,134.9579,68437,82144,Rhinolophus ferrumequinum,0.025,0.025,-1,Echolocation,/mnt/ubna_data_02_mir/recover-20220922/UBNA_001/20220921_090000.WAV,Telephone Field,recover-20220922,001,1795
134.9325,134.9436,24609,30494,Nyctalus leisleri,0.011,0.024,-1,Echolocation,/mnt/ubna_data_02_mir/recover-20220922/UBNA_001/20220921_090000.WAV,Telephone Field,recover-20220922,001,1795
134.9635,135.0033,68437,82253,Rhinolophus ferrumequinum,0.023,0.023,-1,Echolocation,/mnt/ubna_data_02_mir/recover-20220922/UBNA_001/20220921_090000.WAV,Telephone Field,recover-20220922,001,1795
134.9725,135.0168,68437,82969,Rhinolophus ferrumequinum,0.028,0.028,-1,Echolocation,/mnt/ubna_data_02_mir/recover-20220922/UBNA_001/20220921_090000.WAV,Telephone Field,recover-20220922,001,1795
134.9865,135.02609999999999,68437,82294,Rhinolophus ferrumequinum,0.022,0.022,-1,Echolocation,/mnt/ubna_data_02_mir/recover-20220922/UBNA_001/20220921_090000.WAV,Telephone Field,recover-20220922,001,1795
135.0125,135.0223,26328,33459,Eptesicus serotinus,0.01,0.022,-1,Echolocation,/mnt/ubna_data_02_mir/recover-20220922/UBNA_001/20220921_090000.WAV,Telephone Field,recover-20220922,001,1795
135.0205,135.0556,68437,81449,Rhinolophus ferrumequinum,0.024,0.024,-1,Echolocation,/mnt/ubna_data_02_mir/recover-20220922/UBNA_001/20220921_090000.WAV,Telephone Field,recover-20220922,001,1795
135.0485,135.0869,68437,82501,Rhinolophus ferrumequinum,0.026,0.026,-1,Echolocation,/mnt/ubna_data_02_mir/recover-20220922/UBNA_001/20220921_090000.WAV,Telephone Field,recover-20220922,001,1795
135.0605,135.1022,68437,82514,Rhinolophus ferrumequinum,0.024,0.024,-1,Echolocation,/mnt/ubna_data_02_mir/recover-20220922/UBNA_001/20220921_090000.WAV,Telephone Field,recover-20220922,001,1795
135.0795,135.1189,68437,81899,Rhinolophus ferrumequinum,0.022,0.022,-1,Echolocation,/mnt/ubna_data_02_mir/recover-20220922/UBNA_001/20220921_090000.WAV,Telephone Field,recover-20220922,001,1795
135.0865,135.1248,68437,81924,Rhinolophus ferrumequinum,0.022,0.022,-1,Echolocation,/mnt/ubna_data_02_mir/recover-20220922/UBNA_001/20220921_090000.WAV,Telephone Field,recover-20220922,001,1795
135.1625,135.202,68437,82340,Rhinolophus ferrumequinum,0.03,0.03,-1,Echolocation,/mnt/ubna_data_02_mir/recover-20220922/UBNA_001/20220921_090000.WAV,Telephone Field,recover-20220922,001,1795
135.1685,135.1834,21171,25560,Nyctalus leisleri,0.019,0.04,-1,Echolocation,/mnt/ubna_data_02_mir/recover-20220922/UBNA_001/20220921_090000.WAV,Telephone Field,recover-20220922,001,1795
135.1715,135.215,68437,82741,Rhinolophus ferrumequinum,0.033,0.033,-1,Echolocation,/mnt/ubna_data_02_mir/recover-20220922/UBNA_001/20220921_090000.WAV,Telephone Field,recover-20220922,001,1795
135.2075,135.2252,19453,22907,Nyctalus leisleri,0.014,0.03,-1,Echolocation,/mnt/ubna_data_02_mir/recover-20220922/UBNA_001/20220921_090000.WAV,Telephone Field,recover-20220922,001,1795
135.2525,135.2951,68437,83171,Rhinolophus ferrumequinum,0.038,0.038,-1,Echolocation,/mnt/ubna_data_02_mir/recover-20220922/UBNA_001/20220921_090000.WAV,Telephone Field,recover-20220922,001,1795
135.3025,135.3435,68437,82454,Rhinolophus ferrumequinum,0.023,0.023,-1,Echolocation,/mnt/ubna_data_02_mir/recover-20220922/UBNA_001/20220921_090000.WAV,Telephone Field,recover-20220922,001,1795
135.3185,135.35660000000001,68437,82123,Rhinolophus ferrumequinum,0.024,0.024,-1,Echolocation,/mnt/ubna_data_02_mir/recover-20220922/UBNA_001/20220921_090000.WAV,Telephone Field,recover-20220922,001,1795
135.33350000000002,135.373,68437,82043,Rhinolophus ferrumequinum,0.022,0.022,-1,Echolocation,/mnt/ubna_data_02_mir/recover-20220922/UBNA_001/20220921_090000.WAV,Telephone Field,recover-20220922,001,1795
135.3595,135.367,28906,38672,Eptesicus serotinus,0.006,0.023,-1,Echolocation,/mnt/ubna_data_02_mir/recover-20220922/UBNA_001/20220921_090000.WAV,Telephone Field,recover-20220922,001,1795
135.3905,135.4267,68437,81507,Rhinolophus ferrumequinum,0.026,0.026,-1,Echolocation,/mnt/ubna_data_02_mir/recover-20220922/UBNA_001/20220921_090000.WAV,Telephone Field,recover-20220922,001,1795
135.4375,135.4854,68437,83589,Rhinolophus ferrumequinum,0.055,0.055,-1,Echolocation,/mnt/ubna_data_02_mir/recover-20220922/UBNA_001/20220921_090000.WAV,Telephone Field,recover-20220922,001,1795
135.4705,135.5098,68437,82242,Rhinolophus ferrumequinum,0.027,0.027,-1,Echolocation,/mnt/ubna_data_02_mir/recover-20220922/UBNA_001/20220921_090000.WAV,Telephone Field,recover-20220922,001,1795
135.5195,135.556,68437,81638,Rhinolophus ferrumequinum,0.029,0.029,-1,Echolocation,/mnt/ubna_data_02_mir/recover-20220922/UBNA_001/20220921_090000.WAV,Telephone Field,recover-20220922,001,1795
135.5395,135.5772,68437,81987,Rhinolophus ferrumequinum,0.025,0.025,-1,Echolocation,/mnt/ubna_data_02_mir/recover-20220922/UBNA_001/20220921_090000.WAV,Telephone Field,recover-20220922,001,1795
135.5725,135.6106,68437,82321,Rhinolophus ferrumequinum,0.024,0.024,-1,Echolocation,/mnt/ubna_data_02_mir/recover-20220922/UBNA_001/20220921_090000.WAV,Telephone Field,recover-20220922,001,1795
135.5795,135.61860000000001,68437,82213,Rhinolophus ferrumequinum,0.023,0.023,-1,Echolocation,/mnt/ubna_data_02_mir/recover-20220922/UBNA_001/20220921_090000.WAV,Telephone Field,recover-20220922,001,1795
135.5935,135.6005,27187,36773,Eptesicus serotinus,0.007,0.029,-1,Echolocation,/mnt/ubna_data_02_mir/recover-20220922/UBNA_001/20220921_090000.WAV,Telephone Field,recover-20220922,001,1795
135.6045,135.6446,68437,82293,Rhinolophus ferrumequinum,0.03,0.03,-1,Echolocation,/mnt/ubna_data_02_mir/recover-20220922/UBNA_001/20220921_090000.WAV,Telephone Field,recover-20220922,001,1795
135.6185,135.6267,28046,38214,Eptesicus serotinus,0.007,0.023,-1,Echolocation,/mnt/ubna_data_02_mir/recover-20220922/UBNA_001/20220921_090000.WAV,Telephone Field,recover-20220922,001,1795
135.6495,135.6901,68437,82592,Rhinolophus ferrumequinum,0.024,0.024,-1,Echolocation,/mnt/ubna_data_02_mir/recover-20220922/UBNA_001/20220921_090000.WAV,Telephone Field,recover-20220922,001,1795
135.67849999999999,135.6893,22890,27869,Nyctalus leisleri,0.015,0.028,-1,Echolocation,/mnt/ubna_data_02_mir/recover-20220922/UBNA_001/20220921_090000.WAV,Telephone Field,recover-20220922,001,1795
135.6805,135.7206,68437,82613,Rhinolophus ferrumequinum,0.023,0.023,-1,Echolocation,/mnt/ubna_data_02_mir/recover-20220922/UBNA_001/20220921_090000.WAV,Telephone Field,recover-20220922,001,1795
135.6875,135.7299,68437,82664,Rhinolophus ferrumequinum,0.022,0.022,-1,Echolocation,/mnt/ubna_data_02_mir/recover-20220922/UBNA_001/20220921_090000.WAV,Telephone Field,recover-20220922,001,1795
135.6905,135.6999,27187,35886,Eptesicus serotinus,0.012,0.026,-1,Echolocation,/mnt/ubna_data_02_mir/recover-20220922/UBNA_001/20220921_090000.WAV,Telephone Field,recover-20220922,001,1795
135.6915,135.701,47812,55763,Pipistrellus pipistrellus,0.031,0.034,-1,Echolocation,/mnt/ubna_data_02_mir/recover-20220922/UBNA_001/20220921_090000.WAV,Telephone Field,recover-20220922,001,1795
135.7465,135.7851,68437,81904,Rhinolophus ferrumequinum,0.022,0.022,-1,Echolocation,/mnt/ubna_data_02_mir/recover-20220922/UBNA_001/20220921_090000.WAV,Telephone Field,recover-20220922,001,1795
135.7555,135.7959,68437,82675,Rhinolophus ferrumequinum,0.026,0.026,-1,Echolocation,/mnt/ubna_data_02_mir/recover-20220922/UBNA_001/20220921_090000.WAV,Telephone Field,recover-20220922,001,1795
135.7585,135.7749,22031,25460,Nyctalus leisleri,0.036,0.058,-1,Echolocation,/mnt/ubna_data_02_mir/recover-20220922/UBNA_001/20220921_090000.WAV,Telephone Field,recover-20220922,001,1795
135.7635,135.8064,68437,83101,Rhinolophus ferrumequinum,0.029,0.029,-1,Echolocation,/mnt/ubna_data_02_mir/recover-20220922/UBNA_001/20220921_090000.WAV,Telephone Field,recover-20220922,001,1795
135.7725,135.8123,68437,82695,Rhinolophus ferrumequinum,0.025,0.025,-1,Echolocation,/mnt/ubna_data_02_mir/recover-20220922/UBNA_001/20220921_090000.WAV,Telephone Field,recover-20220922,001,1795
135.7825,135.7905,23750,32639,Plecotus austriacus,0.008,0.023,-1,Echolocation,/mnt/ubna_data_02_mir/recover-20220922/UBNA_001/20220921_090000.WAV,Telephone Field,recover-20220922,001,1795
135.8085,135.8507,68437,82906,Rhinolophus ferrumequinum,0.032,0.032,-1,Echolocation,/mnt/ubna_data_02_mir/recover-20220922/UBNA_001/20220921_090000.WAV,Telephone Field,recover-20220922,001,1795
135.8285,135.8684,68437,83035,Rhinolophus ferrumequinum,0.029,0.029,-1,Echolocation,/mnt/ubna_data_02_mir/recover-20220922/UBNA_001/20220921_090000.WAV,Telephone Field,recover-20220922,001,1795
135.8485,135.8593,23750,30494,Nyctalus leisleri,0.009,0.025,-1,Echolocation,/mnt/ubna_data_02_mir/recover-20220922/UBNA_001/20220921_090000.WAV,Telephone Field,recover-20220922,001,1795
135.8545,135.8931,68437,82123,Rhinolophus ferrumequinum,0.022,0.022,-1,Echolocation,/mnt/ubna_data_02_mir/recover-20220922/UBNA_001/20220921_090000.WAV,Telephone Field,recover-20220922,001,1795
135.8725,135.9144,68437,83200,Rhinolophus ferrumequinum,0.034,0.034,-1,Echolocation,/mnt/ubna_data_02_mir/recover-20220922/UBNA_001/20220921_090000.WAV,Telephone Field,recover-20220922,001,1795
135.8735,135.8806,28046,40394,Eptesicus serotinus,0.006,0.026,-1,Echolocation,/mnt/ubna_data_02_mir/recover-20220922/UBNA_001/20220921_090000.WAV,Telephone Field,recover-20220922,001,1795
135.8905,135.9263,68437,80922,Rhinolophus ferrumequinum,0.022,0.022,-1,Echolocation,/mnt/ubna_data_02_mir/recover-20220922/UBNA_001/20220921_090000.WAV,Telephone Field,recover-20220922,001,1795
135.9075,135.9497,68437,82961,Rhinolophus ferrumequinum,0.033,0.033,-1,Echolocation,/mnt/ubna_data_02_mir/recover-20220922/UBNA_001/20220921_090000.WAV,Telephone Field,recover-20220922,001,1795
135.9255,135.969,68437,83186,Rhinolophus ferrumequinum,0.025,0.025,-1,Echolocation,/mnt/ubna_data_02_mir/recover-20220922/UBNA_001/20220921_090000.WAV,Telephone Field,recover-20220922,001,1795
135.9545,135.9629,44375,53511,Pipistrellus pipistrellus,0.015,0.022,-1,Echolocation,/mnt/ubna_data_02_mir/recover-20220922/UBNA_001/20220921_090000.WAV,Telephone Field,recover-20220922,001,1795
135.9545,135.9925,68437,81500,Rhinolophus ferrumequinum,0.021,0.021,-1,Echolocation,/mnt/ubna_data_02_mir/recover-20220922/UBNA_001/20220921_090000.WAV,Telephone Field,recover-20220922,001,1795
135.9555,135.9665,22031,26999,Nyctalus leisleri,0.011,0.025,-1,Echolocation,/mnt/ubna_data_02_mir/recover-20220922/UBNA_001/20220921_090000.WAV,Telephone Field,recover-20220922,001,1795
136.0015,136.0376,68437,80203,Rhinolophus ferrumequinum,0.048,0.048,-1,Echolocation,/mnt/ubna_data_02_mir/recover-20220922/UBNA_001/20220921_090000.WAV,Telephone Field,recover-20220922,001,1795
136.0015,136.0105,25468,33676,Nyctalus leisleri,0.007,0.026,-1,Echolocation,/mnt/ubna_data_02_mir/recover-20220922/UBNA_001/20220921_090000.WAV,Telephone Field,recover-20220922,001,1795
136.0555,136.0653,44375,49990,Pipistrellus pipistrellus,0.02,0.026,-1,Echolocation,/mnt/ubna_data_02_mir/recover-20220922/UBNA_001/20220921_090000.WAV,Telephone Field,recover-20220922,001,1795
136.0555,136.0949,68437,82430,Rhinolophus ferrumequinum,0.022,0.022,-1,Echolocation,/mnt/ubna_data_02_mir/recover-20220922/UBNA_001/20220921_090000.WAV,Telephone Field,recover-20220922,001,1795
136.0695,136.0796,22890,28088,Nyctalus leisleri,0.011,0.023,-1,Echolocation,/mnt/ubna_data_02_mir/recover-20220922/UBNA_001/20220921_090000.WAV,Telephone Field,recover-20220922,001,1795
136.0815,136.1232,68437,82731,Rhinolophus ferrumequinum,0.024,0.024,-1,Echolocation,/mnt/ubna_data_02_mir/recover-20220922/UBNA_001/20220921_090000.WAV,Telephone Field,recover-20220922,001,1795
136.0995,136.1103,27187,34985,Eptesicus serotinus,0.009,0.022,-1,Echolocation,/mnt/ubna_data_02_mir/recover-20220922/UBNA_001/20220921_090000.WAV,Telephone Field,recover-20220922,001,1795
136.1395,136.1805,68437,82623,Rhinolophus ferrumequinum,0.023,0.023,-1,Echolocation,/mnt/ubna_data_02_mir/recover-20220922/UBNA_001/20220921_090000.WAV,Telephone Field,recover-20220922,001,1795
136.1645,136.2025,68437,81571,Rhinolophus ferrumequinum,0.023,0.023,-1,Echolocation,/mnt/ubna_data_02_mir/recover-20220922/UBNA_001/20220921_090000.WAV,Telephone Field,recover-20220922,001,1795
136.1715,136.1804,23750,31216,Nyctalus leisleri,0.009,0.025,-1,Echolocation,/mnt/ubna_data_02_mir/recover-20220922/UBNA_001/20220921_090000.WAV,Telephone Field,recover-20220922,001,1795
136.1815,136.2197,68437,82136,Rhinolophus ferrumequinum,0.024,0.024,-1,Echolocation,/mnt/ubna_data_02_mir/recover-20220922/UBNA_001/20220921_090000.WAV,Telephone Field,recover-20220922,001,1795
136.1945,136.203,47812,53120,Pipistrellus pipistrellus,0.028,0.029,-1,Echolocation,/mnt/ubna_data_02_mir/recover-20220922/UBNA_001/20220921_090000.WAV,Telephone Field,recover-20220922,001,1795
136.2235,136.2632,68437,81821,Rhinolophus ferrumequinum,0.021,0.021,-1,Echolocation,/mnt/ubna_data_02_mir/recover-20220922/UBNA_001/20220921_090000.WAV,Telephone Field,recover-20220922,001,1795
136.2485,136.2566,26328,38483,Eptesicus serotinus,0.006,0.021,-1,Echolocation,/mnt/ubna_data_02_mir/recover-20220922/UBNA_001/20220921_090000.WAV,Telephone Field,recover-20220922,001,1795
136.3055,136.3445,68437,82351,Rhinolophus ferrumequinum,0.024,0.024,-1,Echolocation,/mnt/ubna_data_02_mir/recover-20220922/UBNA_001/20220921_090000.WAV,Telephone Field,recover-20220922,001,1795
136.3155,136.3226,28906,38102,Eptesicus serotinus,0.008,0.026,-1,Echolocation,/mnt/ubna_data_02_mir/recover-20220922/UBNA_001/20220921_090000.WAV,Telephone Field,recover-20220922,001,1795
136.3165,136.3239,23750,32291,Plecotus austriacus,0.011,0.025,-1,Echolocation,/mnt/ubna_data_02_mir/recover-20220922/UBNA_001/20220921_090000.WAV,Telephone Field,recover-20220922,001,1795
136.3275,136.3663,68437,82521,Rhinolophus ferrumequinum,0.026,0.026,-1,Echolocation,/mnt/ubna_data_02_mir/recover-20220922/UBNA_001/20220921_090000.WAV,Telephone Field,recover-20220922,001,1795
136.3665,136.4043,68437,81422,Rhinolophus ferrumequinum,0.023,0.023,-1,Echolocation,/mnt/ubna_data_02_mir/recover-20220922/UBNA_001/20220921_090000.WAV,Telephone Field,recover-20220922,001,1795
136.3805,136.39339999999999,23750,29142,Nyctalus leisleri,0.013,0.027,-1,Echolocation,/mnt/ubna_data_02_mir/recover-20220922/UBNA_001/20220921_090000.WAV,Telephone Field,recover-20220922,001,1795
136.3865,136.4269,68437,82764,Rhinolophus ferrumequinum,0.023,0.023,-1,Echolocation,/mnt/ubna_data_02_mir/recover-20220922/UBNA_001/20220921_090000.WAV,Telephone Field,recover-20220922,001,1795
136.4355,136.4748,68437,81928,Rhinolophus ferrumequinum,0.026,0.026,-1,Echolocation,/mnt/ubna_data_02_mir/recover-20220922/UBNA_001/20220921_090000.WAV,Telephone Field,recover-20220922,001,1795
136.4945,136.5353,68437,82248,Rhinolophus ferrumequinum,0.022,0.022,-1,Echolocation,/mnt/ubna_data_02_mir/recover-20220922/UBNA_001/20220921_090000.WAV,Telephone Field,recover-20220922,001,1795
136.5045,136.5129,25468,34509,Eptesicus serotinus,0.008,0.022,-1,Echolocation,/mnt/ubna_data_02_mir/recover-20220922/UBNA_001/20220921_090000.WAV,Telephone Field,recover-20220922,001,1795
136.5315,136.5735,68437,83020,Rhinolophus ferrumequinum,0.025,0.025,-1,Echolocation,/mnt/ubna_data_02_mir/recover-20220922/UBNA_001/20220921_090000.WAV,Telephone Field,recover-20220922,001,1795
136.5365,136.5467,23750,31035,Eptesicus serotinus,0.008,0.024,-1,Echolocation,/mnt/ubna_data_02_mir/recover-20220922/UBNA_001/20220921_090000.WAV,Telephone Field,recover-20220922,001,1795
136.5795,136.6203,68437,82732,Rhinolophus ferrumequinum,0.024,0.024,-1,Echolocation,/mnt/ubna_data_02_mir/recover-20220922/UBNA_001/20220921_090000.WAV,Telephone Field,recover-20220922,001,1795
136.5795,136.5941,22890,27007,Nyctalus leisleri,0.018,0.033,-1,Echolocation,/mnt/ubna_data_02_mir/recover-20220922/UBNA_001/20220921_090000.WAV,Telephone Field,recover-20220922,001,1795
136.5935,136.599,25468,40481,Plecotus austriacus,0.016,0.047,-1,Echolocation,/mnt/ubna_data_02_mir/recover-20220922/UBNA_001/20220921_090000.WAV,Telephone Field,recover-20220922,001,1795
136.5965,136.6353,68437,82700,Rhinolophus ferrumequinum,0.025,0.025,-1,Echolocation,/mnt/ubna_data_02_mir/recover-20220922/UBNA_001/20220921_090000.WAV,Telephone Field,recover-20220922,001,1795
136.6225,136.6667,68437,83184,Rhinolophus ferrumequinum,0.035,0.035,-1,Echolocation,/mnt/ubna_data_02_mir/recover-20220922/UBNA_001/20220921_090000.WAV,Telephone Field,recover-20220922,001,1795
136.6515,136.691,68437,82257,Rhinolophus ferrumequinum,0.021,0.021,-1,Echolocation,/mnt/ubna_data_02_mir/recover-20220922/UBNA_001/20220921_090000.WAV,Telephone Field,recover-20220922,001,1795
136.6595,136.7,68437,82276,Rhinolophus ferrumequinum,0.021,0.021,-1,Echolocation,/mnt/ubna_data_02_mir/recover-20220922/UBNA_001/20220921_090000.WAV,Telephone Field,recover-20220922,001,1795
136.6645,136.7043,68437,82113,Rhinolophus ferrumequinum,0.022,0.022,-1,Echolocation,/mnt/ubna_data_02_mir/recover-20220922/UBNA_001/20220921_090000.WAV,Telephone Field,recover-20220922,001,1795
136.7625,136.80270000000002,68437,82167,Rhinolophus ferrumequinum,0.024,0.024,-1,Echolocation,/mnt/ubna_data_02_mir/recover-20220922/UBNA_001/20220921_090000.WAV,Telephone Field,recover-20220922,001,1795
136.7905,136.8303,68437,82141,Rhinolophus ferrumequinum,0.022,0.022,-1,Echolocation,/mnt/ubna_data_02_mir/recover-20220922/UBNA_001/20220921_090000.WAV,Telephone Field,recover-20220922,001,1795
136.7965,136.8353,68437,82277,Rhinolophus ferrumequinum,0.022,0.022,-1,Echolocation,/mnt/ubna_data_02_mir/recover-20220922/UBNA_001/20220921_090000.WAV,Telephone Field,recover-20220922,001,1795
136.8835,136.8945,22890,28384,Nyctalus leisleri,0.011,0.025,-1,Echolocation,/mnt/ubna_data_02_mir/recover-20220922/UBNA_001/20220921_090000.WAV,Telephone Field,recover-20220922,001,1795
136.8835,136.9188,68437,81583,Rhinolophus ferrumequinum,0.027,0.027,-1,Echolocation,/mnt/ubna_data_02_mir/recover-20220922/UBNA_001/20220921_090000.WAV,Telephone Field,recover-20220922,001,1795
136.9085,136.9489,68437,83241,Rhinolophus ferrumequinum,0.034,0.034,-1,Echolocation,/mnt/ubna_data_02_mir/recover-20220922/UBNA_001/20220921_090000.WAV,Telephone Field,recover-20220922,001,1795
136.9375,136.9455,45234,49004,Pipistrellus pipistrellus,0.026,0.028,-1,Echolocation,/mnt/ubna_data_02_mir/recover-20220922/UBNA_001/20220921_090000.WAV,Telephone Field,recover-20220922,001,1795
136.95850000000002,136.9962,68437,81255,Rhinolophus ferrumequinum,0.022,0.022,-1,Echolocation,/mnt/ubna_data_02_mir/recover-20220922/UBNA_001/20220921_090000.WAV,Telephone Field,recover-20220922,001,1795
136.9815,137.023,68437,82758,Rhinolophus ferrumequinum,0.028,0.028,-1,Echolocation,/mnt/ubna_data_02_mir/recover-20220922/UBNA_001/20220921_090000.WAV,Telephone Field,recover-20220922,001,1795
137.05349999999999,137.0615,24609,33423,Plecotus austriacus,0.009,0.026,-1,Echolocation,/mnt/ubna_data_02_mir/recover-20220922/UBNA_001/20220921_090000.WAV,Telephone Field,recover-20220922,001,1795
137.0665,137.1055,68437,82466,Rhinolophus ferrumequinum,0.022,0.022,-1,Echolocation,/mnt/ubna_data_02_mir/recover-20220922/UBNA_001/20220921_090000.WAV,Telephone Field,recover-20220922,001,1795
137.0985,137.1068,28046,37840,Eptesicus serotinus,0.012,0.029,-1,Echolocation,/mnt/ubna_data_02_mir/recover-20220922/UBNA_001/20220921_090000.WAV,Telephone Field,recover-20220922,001,1795
137.1305,137.1656,68437,80947,Rhinolophus ferrumequinum,0.022,0.022,-1,Echolocation,/mnt/ubna_data_02_mir/recover-20220922/UBNA_001/20220921_090000.WAV,Telephone Field,recover-20220922,001,1795
137.1645,137.171,50390,54217,Pipistrellus pipistrellus,0.024,0.026,-1,Echolocation,/mnt/ubna_data_02_mir/recover-20220922/UBNA_001/20220921_090000.WAV,Telephone Field,recover-20220922,001,1795
137.1795,137.21699999999998,68437,82222,Rhinolophus ferrumequinum,0.023,0.023,-1,Echolocation,/mnt/ubna_data_02_mir/recover-20220922/UBNA_001/20220921_090000.WAV,Telephone Field,recover-20220922,001,1795
137.1865,137.22390000000001,68437,81564,Rhinolophus ferrumequinum,0.021,0.021,-1,Echolocation,/mnt/ubna_data_02_mir/recover-20220922/UBNA_001/20220921_090000.WAV,Telephone Field,recover-20220922,001,1795
137.2265,137.26760000000002,68437,82567,Rhinolophus ferrumequinum,0.022,0.022,-1,Echolocation,/mnt/ubna_data_02_mir/recover-20220922/UBNA_001/20220921_090000.WAV,Telephone Field,recover-20220922,001,1795
137.2735,137.31119999999999,68437,81221,Rhinolophus ferrumequinum,0.023,0.023,-1,Echolocation,/mnt/ubna_data_02_mir/recover-20220922/UBNA_001/20220921_090000.WAV,Telephone Field,recover-20220922,001,1795
137.2925,137.3325,68437,82886,Rhinolophus ferrumequinum,0.027,0.027,-1,Echolocation,/mnt/ubna_data_02_mir/recover-20220922/UBNA_001/20220921_090000.WAV,Telephone Field,recover-20220922,001,1795
137.3135,137.3506,68437,81367,Rhinolophus ferrumequinum,0.024,0.024,-1,Echolocation,/mnt/ubna_data_02_mir/recover-20220922/UBNA_001/20220921_090000.WAV,Telephone Field,recover-20220922,001,1795
137.3185,137.3293,24609,31549,Eptesicus serotinus,0.009,0.024,-1,Echolocation,/mnt/ubna_data_02_mir/recover-20220922/UBNA_001/20220921_090000.WAV,Telephone Field,recover-20220922,001,1795
137.3345,137.3511,20312,23530,Nyctalus leisleri,0.015,0.025,-1,Echolocation,/mnt/ubna_data_02_mir/recover-20220922/UBNA_001/20220921_090000.WAV,Telephone Field,recover-20220922,001,1795
137.3585,137.3655,27187,39932,Eptesicus serotinus,0.007,0.027,-1,Echolocation,/mnt/ubna_data_02_mir/recover-20220922/UBNA_001/20220921_090000.WAV,Telephone Field,recover-20220922,001,1795
137.3765,137.3954,20312,23592,Nyctalus leisleri,0.013,0.023,-1,Echolocation,/mnt/ubna_data_02_mir/recover-20220922/UBNA_001/20220921_090000.WAV,Telephone Field,recover-20220922,001,1795
137.4225,137.4638,68437,82219,Rhinolophus ferrumequinum,0.021,0.021,-1,Echolocation,/mnt/ubna_data_02_mir/recover-20220922/UBNA_001/20220921_090000.WAV,Telephone Field,recover-20220922,001,1795
137.42849999999999,137.438,28046,36038,Eptesicus serotinus,0.008,0.023,-1,Echolocation,/mnt/ubna_data_02_mir/recover-20220922/UBNA_001/20220921_090000.WAV,Telephone Field,recover-20220922,001,1795
137.4575,137.4977,68437,82825,Rhinolophus ferrumequinum,0.023,0.023,-1,Echolocation,/mnt/ubna_data_02_mir/recover-20220922/UBNA_001/20220921_090000.WAV,Telephone Field,recover-20220922,001,1795
137.4635,137.4742,22890,27822,Nyctalus leisleri,0.013,0.026,-1,Echolocation,/mnt/ubna_data_02_mir/recover-20220922/UBNA_001/20220921_090000.WAV,Telephone Field,recover-20220922,001,1795
137.5345,137.577,68437,83415,Rhinolophus ferrumequinum,0.036,0.036,-1,Echolocation,/mnt/ubna_data_02_mir/recover-20220922/UBNA_001/20220921_090000.WAV,Telephone Field,recover-20220922,001,1795
137.5495,137.588,68437,82441,Rhinolophus ferrumequinum,0.021,0.021,-1,Echolocation,/mnt/ubna_data_02_mir/recover-20220922/UBNA_001/20220921_090000.WAV,Telephone Field,recover-20220922,001,1795
137.5665,137.5748,28046,37430,Eptesicus serotinus,0.007,0.022,-1,Echolocation,/mnt/ubna_data_02_mir/recover-20220922/UBNA_001/20220921_090000.WAV,Telephone Field,recover-20220922,001,1795
137.5975,137.6372,68437,82577,Rhinolophus ferrumequinum,0.022,0.022,-1,Echolocation,/mnt/ubna_data_02_mir/recover-20220922/UBNA_001/20220921_090000.WAV,Telephone Field,recover-20220922,001,1795
137.6335,137.6418,27187,38934,Eptesicus serotinus,0.008,0.023,-1,Echolocation,/mnt/ubna_data_02_mir/recover-20220922/UBNA_001/20220921_090000.WAV,Telephone Field,recover-20220922,001,1795
137.6505,137.6597,27187,37611,Eptesicus serotinus,0.01,0.023,-1,Echolocation,/mnt/ubna_data_02_mir/recover-20220922/UBNA_001/20220921_090000.WAV,Telephone Field,recover-20220922,001,1795
137.6835,137.7203,68437,81834,Rhinolophus ferrumequinum,0.037,0.037,-1,Echolocation,/mnt/ubna_data_02_mir/recover-20220922/UBNA_001/20220921_090000.WAV,Telephone Field,recover-20220922,001,1795
137.6985,137.7077,28906,36772,Eptesicus serotinus,0.01,0.024,-1,Echolocation,/mnt/ubna_data_02_mir/recover-20220922/UBNA_001/20220921_090000.WAV,Telephone Field,recover-20220922,001,1795
137.7255,137.735,24609,32654,Nyctalus leisleri,0.01,0.033,-1,Echolocation,/mnt/ubna_data_02_mir/recover-20220922/UBNA_001/20220921_090000.WAV,Telephone Field,recover-20220922,001,1795
137.8115,137.82150000000001,28046,36635,Eptesicus serotinus,0.009,0.021,-1,Echolocation,/mnt/ubna_data_02_mir/recover-20220922/UBNA_001/20220921_090000.WAV,Telephone Field,recover-20220922,001,1795
137.8285,137.8666,68437,82452,Rhinolophus ferrumequinum,0.024,0.024,-1,Echolocation,/mnt/ubna_data_02_mir/recover-20220922/UBNA_001/20220921_090000.WAV,Telephone Field,recover-20220922,001,1795
137.8305,137.8429,22890,27645,Nyctalus leisleri,0.011,0.022,-1,Echolocation,/mnt/ubna_data_02_mir/recover-20220922/UBNA_001/20220921_090000.WAV,Telephone Field,recover-20220922,001,1795
137.84550000000002,137.8562,35781,41256,Barbastellus barbastellus,0.005,0.023,-1,Echolocation,/mnt/ubna_data_02_mir/recover-20220922/UBNA_001/20220921_090000.WAV,Telephone Field,recover-20220922,001,1795
137.8965,137.9312,68437,81407,Rhinolophus ferrumequinum,0.021,0.021,-1,Echolocation,/mnt/ubna_data_02_mir/recover-20220922/UBNA_001/20220921_090000.WAV,Telephone Field,recover-20220922,001,1795
137.8975,137.9085,22890,28542,Nyctalus leisleri,0.01,0.022,-1,Echolocation,/mnt/ubna_data_02_mir/recover-20220922/UBNA_001/20220921_090000.WAV,Telephone Field,recover-20220922,001,1795
137.9055,137.9128,28046,39718,Eptesicus serotinus,0.006,0.024,-1,Echolocation,/mnt/ubna_data_02_mir/recover-20220922/UBNA_001/20220921_090000.WAV,Telephone Field,recover-20220922,001,1795
137.9085,137.9213,22890,27250,Nyctalus leisleri,0.014,0.024,-1,Echolocation,/mnt/ubna_data_02_mir/recover-20220922/UBNA_001/20220921_090000.WAV,Telephone Field,recover-20220922,001,1795
137.9355,137.9762,68437,82652,Rhinolophus ferrumequinum,0.024,0.024,-1,Echolocation,/mnt/ubna_data_02_mir/recover-20220922/UBNA_001/20220921_090000.WAV,Telephone Field,recover-20220922,001,1795
137.9635,137.9706,47812,55312,Pipistrellus pipistrellus,0.026,0.028,-1,Echolocation,/mnt/ubna_data_02_mir/recover-20220922/UBNA_001/20220921_090000.WAV,Telephone Field,recover-20220922,001,1795
137.9735,137.9837,28046,34569,Eptesicus serotinus,0.009,0.022,-1,Echolocation,/mnt/ubna_data_02_mir/recover-20220922/UBNA_001/20220921_090000.WAV,Telephone Field,recover-20220922,001,1795
138.0015,138.0105,30625,42040,Myotis daubentonii,0.008,0.022,-1,Echolocation,/mnt/ubna_data_02_mir/recover-20220922/UBNA_001/20220921_090000.WAV,Telephone Field,recover-20220922,001,1795
138.0015,138.0087,24609,36843,Plecotus austriacus,0.004,0.022,-1,Echolocation,/mnt/ubna_data_02_mir/recover-20220922/UBNA_001/20220921_090000.WAV,Telephone Field,recover-20220922,001,1795
138.0015,138.0344,68437,80137,Rhinolophus ferrumequinum,0.045,0.045,-1,Echolocation,/mnt/ubna_data_02_mir/recover-20220922/UBNA_001/20220921_090000.WAV,Telephone Field,recover-20220922,001,1795
138.0405,138.0806,68437,81961,Rhinolophus ferrumequinum,0.024,0.024,-1,Echolocation,/mnt/ubna_data_02_mir/recover-20220922/UBNA_001/20220921_090000.WAV,Telephone Field,recover-20220922,001,1795
138.0475,138.085,68437,81501,Rhinolophus ferrumequinum,0.022,0.022,-1,Echolocation,/mnt/ubna_data_02_mir/recover-20220922/UBNA_001/20220921_090000.WAV,Telephone Field,recover-20220922,001,1795
138.0615,138.0986,68437,82035,Rhinolophus ferrumequinum,0.021,0.021,-1,Echolocation,/mnt/ubna_data_02_mir/recover-20220922/UBNA_001/20220921_090000.WAV,Telephone Field,recover-20220922,001,1795
138.0655,138.0736,28046,39835,Eptesicus serotinus,0.009,0.028,-1,Echolocation,/mnt/ubna_data_02_mir/recover-20220922/UBNA_001/20220921_090000.WAV,Telephone Field,recover-20220922,001,1795
138.08350000000002,138.0936,44375,48746,Pipistrellus pipistrellus,0.017,0.025,-1,Echolocation,/mnt/ubna_data_02_mir/recover-20220922/UBNA_001/20220921_090000.WAV,Telephone Field,recover-20220922,001,1795
138.1115,138.1199,28046,40238,Eptesicus serotinus,0.008,0.022,-1,Echolocation,/mnt/ubna_data_02_mir/recover-20220922/UBNA_001/20220921_090000.WAV,Telephone Field,recover-20220922,001,1795
138.1225,138.1617,68437,82352,Rhinolophus ferrumequinum,0.023,0.023,-1,Echolocation,/mnt/ubna_data_02_mir/recover-20220922/UBNA_001/20220921_090000.WAV,Telephone Field,recover-20220922,001,1795
138.19650000000001,138.2343,68437,81897,Rhinolophus ferrumequinum,0.024,0.024,-1,Echolocation,/mnt/ubna_data_02_mir/recover-20220922/UBNA_001/20220921_090000.WAV,Telephone Field,recover-20220922,001,1795
138.2065,138.239,68437,80701,Rhinolophus ferrumequinum,0.022,0.022,-1,Echolocation,/mnt/ubna_data_02_mir/recover-20220922/UBNA_001/20220921_090000.WAV,Telephone Field,recover-20220922,001,1795
138.2295,138.2704,68437,82776,Rhinolophus ferrumequinum,0.024,0.024,-1,Echolocation,/mnt/ubna_data_02_mir/recover-20220922/UBNA_001/20220921_090000.WAV,Telephone Field,recover-20220922,001,1795
138.2345,138.2435,28046,37629,Eptesicus serotinus,0.01,0.025,-1,Echolocation,/mnt/ubna_data_02_mir/recover-20220922/UBNA_001/20220921_090000.WAV,Telephone Field,recover-20220922,001,1795
138.3045,138.3124,30625,39833,Myotis daubentonii,0.009,0.029,-1,Echolocation,/mnt/ubna_data_02_mir/recover-20220922/UBNA_001/20220921_090000.WAV,Telephone Field,recover-20220922,001,1795
138.3295,138.3662,68437,81776,Rhinolophus ferrumequinum,0.024,0.024,-1,Echolocation,/mnt/ubna_data_02_mir/recover-20220922/UBNA_001/20220921_090000.WAV,Telephone Field,recover-20220922,001,1795
138.3555,138.398,68437,83069,Rhinolophus ferrumequinum,0.028,0.028,-1,Echolocation,/mnt/ubna_data_02_mir/recover-20220922/UBNA_001/20220921_090000.WAV,Telephone Field,recover-20220922,001,1795
138.3705,138.3809,28046,35401,Eptesicus serotinus,0.01,0.022,-1,Echolocation,/mnt/ubna_data_02_mir/recover-20220922/UBNA_001/20220921_090000.WAV,Telephone Field,recover-20220922,001,1795
138.3775,138.41649999999998,68437,82311,Rhinolophus ferrumequinum,0.025,0.025,-1,Echolocation,/mnt/ubna_data_02_mir/recover-20220922/UBNA_001/20220921_090000.WAV,Telephone Field,recover-20220922,001,1795
138.4085,138.4177,26328,33989,Eptesicus serotinus,0.021,0.045,-1,Echolocation,/mnt/ubna_data_02_mir/recover-20220922/UBNA_001/20220921_090000.WAV,Telephone Field,recover-20220922,001,1795
138.4145,138.4538,68437,82297,Rhinolophus ferrumequinum,0.023,0.023,-1,Echolocation,/mnt/ubna_data_02_mir/recover-20220922/UBNA_001/20220921_090000.WAV,Telephone Field,recover-20220922,001,1795
138.4265,138.4334,27187,38291,Eptesicus serotinus,0.007,0.025,-1,Echolocation,/mnt/ubna_data_02_mir/recover-20220922/UBNA_001/20220921_090000.WAV,Telephone Field,recover-20220922,001,1795
138.4635,138.4733,45234,48634,Pipistrellus pipistrellus,0.021,0.023,-1,Echolocation,/mnt/ubna_data_02_mir/recover-20220922/UBNA_001/20220921_090000.WAV,Telephone Field,recover-20220922,001,1795
138.4815,138.5192,68437,82168,Rhinolophus ferrumequinum,0.026,0.026,-1,Echolocation,/mnt/ubna_data_02_mir/recover-20220922/UBNA_001/20220921_090000.WAV,Telephone Field,recover-20220922,001,1795
138.4975,138.5375,68437,82229,Rhinolophus ferrumequinum,0.022,0.022,-1,Echolocation,/mnt/ubna_data_02_mir/recover-20220922/UBNA_001/20220921_090000.WAV,Telephone Field,recover-20220922,001,1795
138.5165,138.5547,68437,82273,Rhinolophus ferrumequinum,0.022,0.022,-1,Echolocation,/mnt/ubna_data_02_mir/recover-20220922/UBNA_001/20220921_090000.WAV,Telephone Field,recover-20220922,001,1795
138.5385,138.5711,68437,80538,Rhinolophus ferrumequinum,0.022,0.022,-1,Echolocation,/mnt/ubna_data_02_mir/recover-20220922/UBNA_001/20220921_090000.WAV,Telephone Field,recover-20220922,001,1795
138.5625,138.6024,68437,83061,Rhinolophus ferrumequinum,0.028,0.028,-1,Echolocation,/mnt/ubna_data_02_mir/recover-20220922/UBNA_001/20220921_090000.WAV,Telephone Field,recover-20220922,001,1795
138.5905,138.6019,24609,31388,Eptesicus serotinus,0.008,0.021,-1,Echolocation,/mnt/ubna_data_02_mir/recover-20220922/UBNA_001/20220921_090000.WAV,Telephone Field,recover-20220922,001,1795
138.6035,138.613,24609,31268,Nyctalus leisleri,0.008,0.022,-1,Echolocation,/mnt/ubna_data_02_mir/recover-20220922/UBNA_001/20220921_090000.WAV,Telephone Field,recover-20220922,001,1795
138.6475,138.654,23750,33721,Plecotus austriacus,0.02,0.044,-1,Echolocation,/mnt/ubna_data_02_mir/recover-20220922/UBNA_001/20220921_090000.WAV,Telephone Field,recover-20220922,001,1795
138.6555,138.6951,68437,82825,Rhinolophus ferrumequinum,0.022,0.022,-1,Echolocation,/mnt/ubna_data_02_mir/recover-20220922/UBNA_001/20220921_090000.WAV,Telephone Field,recover-20220922,001,1795
138.6635,138.7034,68437,82354,Rhinolophus ferrumequinum,0.022,0.022,-1,Echolocation,/mnt/ubna_data_02_mir/recover-20220922/UBNA_001/20220921_090000.WAV,Telephone Field,recover-20220922,001,1795
138.6975,138.7074,28906,36088,Eptesicus serotinus,0.012,0.027,-1,Echolocation,/mnt/ubna_data_02_mir/recover-20220922/UBNA_001/20220921_090000.WAV,Telephone Field,recover-20220922,001,1795
138.70850000000002,138.74869999999999,68437,82685,Rhinolophus ferrumequinum,0.022,0.022,-1,Echolocation,/mnt/ubna_data_02_mir/recover-20220922/UBNA_001/20220921_090000.WAV,Telephone Field,recover-20220922,001,1795
138.7345,138.77,68437,81376,Rhinolophus ferrumequinum,0.027,0.027,-1,Echolocation,/mnt/ubna_data_02_mir/recover-20220922/UBNA_001/20220921_090000.WAV,Telephone Field,recover-20220922,001,1795
138.7385,138.7493,28046,36158,Eptesicus serotinus,0.011,0.023,-1,Echolocation,/mnt/ubna_data_02_mir/recover-20220922/UBNA_001/20220921_090000.WAV,Telephone Field,recover-20220922,001,1795
138.7485,138.7582,28906,37752,Eptesicus serotinus,0.011,0.026,-1,Echolocation,/mnt/ubna_data_02_mir/recover-20220922/UBNA_001/20220921_090000.WAV,Telephone Field,recover-20220922,001,1795
138.8225,138.83010000000002,27187,39840,Eptesicus serotinus,0.008,0.024,-1,Echolocation,/mnt/ubna_data_02_mir/recover-20220922/UBNA_001/20220921_090000.WAV,Telephone Field,recover-20220922,001,1795
138.8235,138.8607,68437,82125,Rhinolophus ferrumequinum,0.023,0.023,-1,Echolocation,/mnt/ubna_data_02_mir/recover-20220922/UBNA_001/20220921_090000.WAV,Telephone Field,recover-20220922,001,1795
138.83350000000002,138.8748,68437,82584,Rhinolophus ferrumequinum,0.023,0.023,-1,Echolocation,/mnt/ubna_data_02_mir/recover-20220922/UBNA_001/20220921_090000.WAV,Telephone Field,recover-20220922,001,1795
138.8715,138.9095,68437,82256,Rhinolophus ferrumequinum,0.022,0.022,-1,Echolocation,/mnt/ubna_data_02_mir/recover-20220922/UBNA_001/20220921_090000.WAV,Telephone Field,recover-20220922,001,1795
138.9075,138.9266,19453,22958,Nyctalus noctula,0.018,0.037,-1,Echolocation,/mnt/ubna_data_02_mir/recover-20220922/UBNA_001/20220921_090000.WAV,Telephone Field,recover-20220922,001,1795
138.9195,138.9583,68437,82321,Rhinolophus ferrumequinum,0.024,0.024,-1,Echolocation,/mnt/ubna_data_02_mir/recover-20220922/UBNA_001/20220921_090000.WAV,Telephone Field,recover-20220922,001,1795
138.9205,138.9288,28906,39302,Eptesicus serotinus,0.008,0.026,-1,Echolocation,/mnt/ubna_data_02_mir/recover-20220922/UBNA_001/20220921_090000.WAV,Telephone Field,recover-20220922,001,1795
138.9215,138.9305,22031,28835,Plecotus austriacus,0.011,0.024,-1,Echolocation,/mnt/ubna_data_02_mir/recover-20220922/UBNA_001/20220921_090000.WAV,Telephone Field,recover-20220922,001,1795
138.9305,138.9392,23750,30507,Nyctalus leisleri,0.006,0.021,-1,Echolocation,/mnt/ubna_data_02_mir/recover-20220922/UBNA_001/20220921_090000.WAV,Telephone Field,recover-20220922,001,1795
138.9555,138.9625,27187,37088,Eptesicus serotinus,0.008,0.023,-1,Echolocation,/mnt/ubna_data_02_mir/recover-20220922/UBNA_001/20220921_090000.WAV,Telephone Field,recover-20220922,001,1795
138.9735,139.0135,68437,82854,Rhinolophus ferrumequinum,0.023,0.023,-1,Echolocation,/mnt/ubna_data_02_mir/recover-20220922/UBNA_001/20220921_090000.WAV,Telephone Field,recover-20220922,001,1795
138.9755,138.9845,28046,38194,Eptesicus serotinus,0.009,0.024,-1,Echolocation,/mnt/ubna_data_02_mir/recover-20220922/UBNA_001/20220921_090000.WAV,Telephone Field,recover-20220922,001,1795
139.0055,139.0149,28906,37133,Eptesicus serotinus,0.013,0.027,-1,Echolocation,/mnt/ubna_data_02_mir/recover-20220922/UBNA_001/20220921_090000.WAV,Telephone Field,recover-20220922,001,1795
139.0335,139.07580000000002,68437,83275,Rhinolophus ferrumequinum,0.032,0.032,-1,Echolocation,/mnt/ubna_data_02_mir/recover-20220922/UBNA_001/20220921_090000.WAV,Telephone Field,recover-20220922,001,1795
139.0395,139.0501,33203,39288,Barbastellus barbastellus,0.011,0.037,-1,Echolocation,/mnt/ubna_data_02_mir/recover-20220922/UBNA_001/20220921_090000.WAV,Telephone Field,recover-20220922,001,1795
139.0685,139.1063,68437,81873,Rhinolophus ferrumequinum,0.024,0.024,-1,Echolocation,/mnt/ubna_data_02_mir/recover-20220922/UBNA_001/20220921_090000.WAV,Telephone Field,recover-20220922,001,1795
139.0725,139.0876,22031,26106,Nyctalus leisleri,0.014,0.024,-1,Echolocation,/mnt/ubna_data_02_mir/recover-20220922/UBNA_001/20220921_090000.WAV,Telephone Field,recover-20220922,001,1795
139.1145,139.1213,28046,44781,Eptesicus serotinus,0.006,0.023,-1,Echolocation,/mnt/ubna_data_02_mir/recover-20220922/UBNA_001/20220921_090000.WAV,Telephone Field,recover-20220922,001,1795
139.1525,139.1609,26328,35411,Eptesicus serotinus,0.009,0.026,-1,Echolocation,/mnt/ubna_data_02_mir/recover-20220922/UBNA_001/20220921_090000.WAV,Telephone Field,recover-20220922,001,1795
139.1605,139.1732,15156,20144,Nyctalus noctula,0.02,0.032,-1,Echolocation,/mnt/ubna_data_02_mir/recover-20220922/UBNA_001/20220921_090000.WAV,Telephone Field,recover-20220922,001,1795
139.1845,139.2225,68437,81879,Rhinolophus ferrumequinum,0.022,0.022,-1,Echolocation,/mnt/ubna_data_02_mir/recover-20220922/UBNA_001/20220921_090000.WAV,Telephone Field,recover-20220922,001,1795
139.2005,139.2115,27187,34043,Eptesicus serotinus,0.012,0.024,-1,Echolocation,/mnt/ubna_data_02_mir/recover-20220922/UBNA_001/20220921_090000.WAV,Telephone Field,recover-20220922,001,1795
139.2145,139.2511,68437,81875,Rhinolophus ferrumequinum,0.022,0.022,-1,Echolocation,/mnt/ubna_data_02_mir/recover-20220922/UBNA_001/20220921_090000.WAV,Telephone Field,recover-20220922,001,1795
139.2155,139.22390000000001,27187,38441,Eptesicus serotinus,0.008,0.022,-1,Echolocation,/mnt/ubna_data_02_mir/recover-20220922/UBNA_001/20220921_090000.WAV,Telephone Field,recover-20220922,001,1795
139.2565,139.2651,28906,39566,Eptesicus serotinus,0.007,0.021,-1,Echolocation,/mnt/ubna_data_02_mir/recover-20220922/UBNA_001/20220921_090000.WAV,Telephone Field,recover-20220922,001,1795
139.2615,139.3009,68437,82117,Rhinolophus ferrumequinum,0.024,0.024,-1,Echolocation,/mnt/ubna_data_02_mir/recover-20220922/UBNA_001/20220921_090000.WAV,Telephone Field,recover-20220922,001,1795
139.2865,139.2956,28046,37874,Eptesicus serotinus,0.009,0.024,-1,Echolocation,/mnt/ubna_data_02_mir/recover-20220922/UBNA_001/20220921_090000.WAV,Telephone Field,recover-20220922,001,1795
139.3475,139.3856,68437,82116,Rhinolophus ferrumequinum,0.022,0.022,-1,Echolocation,/mnt/ubna_data_02_mir/recover-20220922/UBNA_001/20220921_090000.WAV,Telephone Field,recover-20220922,001,1795
139.3895,139.4278,68437,82804,Rhinolophus ferrumequinum,0.026,0.026,-1,Echolocation,/mnt/ubna_data_02_mir/recover-20220922/UBNA_001/20220921_090000.WAV,Telephone Field,recover-20220922,001,1795
139.4005,139.4086,28906,39016,Eptesicus serotinus,0.009,0.024,-1,Echolocation,/mnt/ubna_data_02_mir/recover-20220922/UBNA_001/20220921_090000.WAV,Telephone Field,recover-20220922,001,1795
139.4315,139.4413,28046,38192,Eptesicus serotinus,0.012,0.027,-1,Echolocation,/mnt/ubna_data_02_mir/recover-20220922/UBNA_001/20220921_090000.WAV,Telephone Field,recover-20220922,001,1795
139.4635,139.4715,26328,39862,Eptesicus serotinus,0.008,0.023,-1,Echolocation,/mnt/ubna_data_02_mir/recover-20220922/UBNA_001/20220921_090000.WAV,Telephone Field,recover-20220922,001,1795
139.4835,139.5247,68437,83092,Rhinolophus ferrumequinum,0.038,0.038,-1,Echolocation,/mnt/ubna_data_02_mir/recover-20220922/UBNA_001/20220921_090000.WAV,Telephone Field,recover-20220922,001,1795
139.4885,139.4969,28046,44421,Eptesicus serotinus,0.008,0.022,-1,Echolocation,/mnt/ubna_data_02_mir/recover-20220922/UBNA_001/20220921_090000.WAV,Telephone Field,recover-20220922,001,1795
139.4995,139.5095,22890,27992,Nyctalus leisleri,0.011,0.022,-1,Echolocation,/mnt/ubna_data_02_mir/recover-20220922/UBNA_001/20220921_090000.WAV,Telephone Field,recover-20220922,001,1795
139.5105,139.5197,28046,35930,Eptesicus serotinus,0.012,0.029,-1,Echolocation,/mnt/ubna_data_02_mir/recover-20220922/UBNA_001/20220921_090000.WAV,Telephone Field,recover-20220922,001,1795
139.6045,139.6148,26328,34093,Eptesicus serotinus,0.012,0.024,-1,Echolocation,/mnt/ubna_data_02_mir/recover-20220922/UBNA_001/20220921_090000.WAV,Telephone Field,recover-20220922,001,1795
139.6205,139.6582,68437,81922,Rhinolophus ferrumequinum,0.024,0.024,-1,Echolocation,/mnt/ubna_data_02_mir/recover-20220922/UBNA_001/20220921_090000.WAV,Telephone Field,recover-20220922,001,1795
139.6345,139.6429,28046,37077,Eptesicus serotinus,0.008,0.022,-1,Echolocation,/mnt/ubna_data_02_mir/recover-20220922/UBNA_001/20220921_090000.WAV,Telephone Field,recover-20220922,001,1795
139.6405,139.67680000000001,68437,81840,Rhinolophus ferrumequinum,0.024,0.024,-1,Echolocation,/mnt/ubna_data_02_mir/recover-20220922/UBNA_001/20220921_090000.WAV,Telephone Field,recover-20220922,001,1795
139.7165,139.7254,28906,37241,Eptesicus serotinus,0.007,0.022,-1,Echolocation,/mnt/ubna_data_02_mir/recover-20220922/UBNA_001/20220921_090000.WAV,Telephone Field,recover-20220922,001,1795
139.7165,139.735,19453,22258,Nyctalus leisleri,0.021,0.037,-1,Echolocation,/mnt/ubna_data_02_mir/recover-20220922/UBNA_001/20220921_090000.WAV,Telephone Field,recover-20220922,001,1795
139.7435,139.7502,28046,39536,Eptesicus serotinus,0.008,0.025,-1,Echolocation,/mnt/ubna_data_02_mir/recover-20220922/UBNA_001/20220921_090000.WAV,Telephone Field,recover-20220922,001,1795
139.7635,139.7713,23750,34196,Plecotus austriacus,0.01,0.028,-1,Echolocation,/mnt/ubna_data_02_mir/recover-20220922/UBNA_001/20220921_090000.WAV,Telephone Field,recover-20220922,001,1795
139.7645,139.7708,28906,41960,Eptesicus serotinus,0.006,0.027,-1,Echolocation,/mnt/ubna_data_02_mir/recover-20220922/UBNA_001/20220921_090000.WAV,Telephone Field,recover-20220922,001,1795
139.7745,139.8129,68437,82093,Rhinolophus ferrumequinum,0.023,0.023,-1,Echolocation,/mnt/ubna_data_02_mir/recover-20220922/UBNA_001/20220921_090000.WAV,Telephone Field,recover-20220922,001,1795
139.7845,139.7927,28046,37486,Eptesicus serotinus,0.007,0.022,-1,Echolocation,/mnt/ubna_data_02_mir/recover-20220922/UBNA_001/20220921_090000.WAV,Telephone Field,recover-20220922,001,1795
139.7945,139.8314,68437,81149,Rhinolophus ferrumequinum,0.022,0.022,-1,Echolocation,/mnt/ubna_data_02_mir/recover-20220922/UBNA_001/20220921_090000.WAV,Telephone Field,recover-20220922,001,1795
139.8135,139.8549,68437,82857,Rhinolophus ferrumequinum,0.024,0.024,-1,Echolocation,/mnt/ubna_data_02_mir/recover-20220922/UBNA_001/20220921_090000.WAV,Telephone Field,recover-20220922,001,1795
139.82150000000001,139.8641,68437,82977,Rhinolophus ferrumequinum,0.024,0.024,-1,Echolocation,/mnt/ubna_data_02_mir/recover-20220922/UBNA_001/20220921_090000.WAV,Telephone Field,recover-20220922,001,1795
139.8485,139.8845,68437,82327,Rhinolophus ferrumequinum,0.022,0.022,-1,Echolocation,/mnt/ubna_data_02_mir/recover-20220922/UBNA_001/20220921_090000.WAV,Telephone Field,recover-20220922,001,1795
139.8725,139.9125,68437,82640,Rhinolophus ferrumequinum,0.03,0.03,-1,Echolocation,/mnt/ubna_data_02_mir/recover-20220922/UBNA_001/20220921_090000.WAV,Telephone Field,recover-20220922,001,1795
139.9025,139.9391,68437,82528,Rhinolophus ferrumequinum,0.024,0.024,-1,Echolocation,/mnt/ubna_data_02_mir/recover-20220922/UBNA_001/20220921_090000.WAV,Telephone Field,recover-20220922,001,1795
139.9185,139.96,68437,83346,Rhinolophus ferrumequinum,0.029,0.029,-1,Echolocation,/mnt/ubna_data_02_mir/recover-20220922/UBNA_001/20220921_090000.WAV,Telephone Field,recover-20220922,001,1795
139.9435,139.9807,68437,81471,Rhinolophus ferrumequinum,0.026,0.026,-1,Echolocation,/mnt/ubna_data_02_mir/recover-20220922/UBNA_001/20220921_090000.WAV,Telephone Field,recover-20220922,001,1795
139.9595,139.994,68437,81763,Rhinolophus ferrumequinum,0.022,0.022,-1,Echolocation,/mnt/ubna_data_02_mir/recover-20220922/UBNA_001/20220921_090000.WAV,Telephone Field,recover-20220922,001,1795
140.0015,140.0332,68437,80063,Rhinolophus ferrumequinum,0.029,0.029,-1,Echolocation,/mnt/ubna_data_02_mir/recover-20220922/UBNA_001/20220921_090000.WAV,Telephone Field,recover-20220922,001,1795
140.0015,140.0126,47812,54497,Pipistrellus pipistrellus,0.021,0.028,-1,Echolocation,/mnt/ubna_data_02_mir/recover-20220922/UBNA_001/20220921_090000.WAV,Telephone Field,recover-20220922,001,1795
140.0015,140.0147,21171,25946,Nyctalus leisleri,0.018,0.036,-1,Echolocation,/mnt/ubna_data_02_mir/recover-20220922/UBNA_001/20220921_090000.WAV,Telephone Field,recover-20220922,001,1795
140.0335,140.0389,26328,42076,Plecotus auritus,0.012,0.042,-1,Echolocation,/mnt/ubna_data_02_mir/recover-20220922/UBNA_001/20220921_090000.WAV,Telephone Field,recover-20220922,001,1795
140.0625,140.0992,68437,81037,Rhinolophus ferrumequinum,0.022,0.022,-1,Echolocation,/mnt/ubna_data_02_mir/recover-20220922/UBNA_001/20220921_090000.WAV,Telephone Field,recover-20220922,001,1795
140.0785,140.1161,68437,80706,Rhinolophus ferrumequinum,0.024,0.024,-1,Echolocation,/mnt/ubna_data_02_mir/recover-20220922/UBNA_001/20220921_090000.WAV,Telephone Field,recover-20220922,001,1795
140.1065,140.1446,68437,82111,Rhinolophus ferrumequinum,0.021,0.021,-1,Echolocation,/mnt/ubna_data_02_mir/recover-20220922/UBNA_001/20220921_090000.WAV,Telephone Field,recover-20220922,001,1795
140.1395,140.147,24609,33207,Plecotus austriacus,0.006,0.021,-1,Echolocation,/mnt/ubna_data_02_mir/recover-20220922/UBNA_001/20220921_090000.WAV,Telephone Field,recover-20220922,001,1795
140.1495,140.1874,68437,81254,Rhinolophus ferrumequinum,0.025,0.025,-1,Echolocation,/mnt/ubna_data_02_mir/recover-20220922/UBNA_001/20220921_090000.WAV,Telephone Field,recover-20220922,001,1795
140.2015,140.2102,22890,29545,Plecotus austriacus,0.008,0.021,-1,Echolocation,/mnt/ubna_data_02_mir/recover-20220922/UBNA_001/20220921_090000.WAV,Telephone Field,recover-20220922,001,1795
140.2095,140.2495,68437,82244,Rhinolophus ferrumequinum,0.025,0.025,-1,Echolocation,/mnt/ubna_data_02_mir/recover-20220922/UBNA_001/20220921_090000.WAV,Telephone Field,recover-20220922,001,1795
140.2585,140.2967,68437,82256,Rhinolophus ferrumequinum,0.024,0.024,-1,Echolocation,/mnt/ubna_data_02_mir/recover-20220922/UBNA_001/20220921_090000.WAV,Telephone Field,recover-20220922,001,1795
140.26749999999998,140.2769,28906,38362,Eptesicus serotinus,0.008,0.021,-1,Echolocation,/mnt/ubna_data_02_mir/recover-20220922/UBNA_001/20220921_090000.WAV,Telephone Field,recover-20220922,001,1795
140.2715,140.3131,68437,82596,Rhinolophus ferrumequinum,0.022,0.022,-1,Echolocation,/mnt/ubna_data_02_mir/recover-20220922/UBNA_001/20220921_090000.WAV,Telephone Field,recover-20220922,001,1795
140.2815,140.2887,56406,60548,Pipistrellus pygmaeus,0.028,0.028,-1,Echolocation,/mnt/ubna_data_02_mir/recover-20220922/UBNA_001/20220921_090000.WAV,Telephone Field,recover-20220922,001,1795
140.3165,140.3271,40078,44596,Pipistrellus nathusii,0.015,0.029,-1,Echolocation,/mnt/ubna_data_02_mir/recover-20220922/UBNA_001/20220921_090000.WAV,Telephone Field,recover-20220922,001,1795
140.3745,140.4117,68437,81947,Rhinolophus ferrumequinum,0.02,0.02,-1,Echolocation,/mnt/ubna_data_02_mir/recover-20220922/UBNA_001/20220921_090000.WAV,Telephone Field,recover-20220922,001,1795
140.39249999999998,140.4336,68437,82383,Rhinolophus ferrumequinum,0.025,0.025,-1,Echolocation,/mnt/ubna_data_02_mir/recover-20220922/UBNA_001/20220921_090000.WAV,Telephone Field,recover-20220922,001,1795
140.42849999999999,140.4383,22890,29184,Nyctalus leisleri,0.008,0.022,-1,Echolocation,/mnt/ubna_data_02_mir/recover-20220922/UBNA_001/20220921_090000.WAV,Telephone Field,recover-20220922,001,1795
140.4365,140.4764,68437,82468,Rhinolophus ferrumequinum,0.022,0.022,-1,Echolocation,/mnt/ubna_data_02_mir/recover-20220922/UBNA_001/20220921_090000.WAV,Telephone Field,recover-20220922,001,1795
140.4565,140.46359999999999,24609,34732,Plecotus austriacus,0.01,0.028,-1,Echolocation,/mnt/ubna_data_02_mir/recover-20220922/UBNA_001/20220921_090000.WAV,Telephone Field,recover-20220922,001,1795
140.4595,140.4715,44375,48310,Pipistrellus pipistrellus,0.032,0.038,-1,Echolocation,/mnt/ubna_data_02_mir/recover-20220922/UBNA_001/20220921_090000.WAV,Telephone Field,recover-20220922,001,1795
140.4885,140.5283,68437,81938,Rhinolophus ferrumequinum,0.024,0.024,-1,Echolocation,/mnt/ubna_data_02_mir/recover-20220922/UBNA_001/20220921_090000.WAV,Telephone Field,recover-20220922,001,1795
140.4895,140.4984,28906,37248,Eptesicus serotinus,0.007,0.021,-1,Echolocation,/mnt/ubna_data_02_mir/recover-20220922/UBNA_001/20220921_090000.WAV,Telephone Field,recover-20220922,001,1795
140.5165,140.5554,68437,82242,Rhinolophus ferrumequinum,0.023,0.023,-1,Echolocation,/mnt/ubna_data_02_mir/recover-20220922/UBNA_001/20220921_090000.WAV,Telephone Field,recover-20220922,001,1795
140.5345,140.5442,28906,36725,Eptesicus serotinus,0.008,0.021,-1,Echolocation,/mnt/ubna_data_02_mir/recover-20220922/UBNA_001/20220921_090000.WAV,Telephone Field,recover-20220922,001,1795
140.55349999999999,140.593,68437,82018,Rhinolophus ferrumequinum,0.022,0.022,-1,Echolocation,/mnt/ubna_data_02_mir/recover-20220922/UBNA_001/20220921_090000.WAV,Telephone Field,recover-20220922,001,1795
140.5725,140.5823,25468,33154,Eptesicus serotinus,0.009,0.021,-1,Echolocation,/mnt/ubna_data_02_mir/recover-20220922/UBNA_001/20220921_090000.WAV,Telephone Field,recover-20220922,001,1795
140.5855,140.6236,68437,81760,Rhinolophus ferrumequinum,0.021,0.022,-1,Echolocation,/mnt/ubna_data_02_mir/recover-20220922/UBNA_001/20220921_090000.WAV,Telephone Field,recover-20220922,001,1795
140.6055,140.6396,68437,81243,Rhinolophus ferrumequinum,0.02,0.02,-1,Echolocation,/mnt/ubna_data_02_mir/recover-20220922/UBNA_001/20220921_090000.WAV,Telephone Field,recover-20220922,001,1795
140.6505,140.6625,31484,36396,Eptesicus serotinus,0.01,0.028,-1,Echolocation,/mnt/ubna_data_02_mir/recover-20220922/UBNA_001/20220921_090000.WAV,Telephone Field,recover-20220922,001,1795
140.6565,140.69310000000002,68437,82202,Rhinolophus ferrumequinum,0.02,0.02,-1,Echolocation,/mnt/ubna_data_02_mir/recover-20220922/UBNA_001/20220921_090000.WAV,Telephone Field,recover-20220922,001,1795
140.6815,140.7198,68437,82456,Rhinolophus ferrumequinum,0.022,0.022,-1,Echolocation,/mnt/ubna_data_02_mir/recover-20220922/UBNA_001/20220921_090000.WAV,Telephone Field,recover-20220922,001,1795
140.7135,140.7204,27187,39457,Eptesicus serotinus,0.007,0.025,-1,Echolocation,/mnt/ubna_data_02_mir/recover-20220922/UBNA_001/20220921_090000.WAV,Telephone Field,recover-20220922,001,1795
140.7175,140.7558,68437,81959,Rhinolophus ferrumequinum,0.024,0.024,-1,Echolocation,/mnt/ubna_data_02_mir/recover-20220922/UBNA_001/20220921_090000.WAV,Telephone Field,recover-20220922,001,1795
140.7745,140.8129,68437,82053,Rhinolophus ferrumequinum,0.022,0.022,-1,Echolocation,/mnt/ubna_data_02_mir/recover-20220922/UBNA_001/20220921_090000.WAV,Telephone Field,recover-20220922,001,1795
140.77949999999998,140.81810000000002,68437,82163,Rhinolophus ferrumequinum,0.022,0.022,-1,Echolocation,/mnt/ubna_data_02_mir/recover-20220922/UBNA_001/20220921_090000.WAV,Telephone Field,recover-20220922,001,1795
140.7855,140.82659999999998,68437,82235,Rhinolophus ferrumequinum,0.023,0.024,-1,Echolocation,/mnt/ubna_data_02_mir/recover-20220922/UBNA_001/20220921_090000.WAV,Telephone Field,recover-20220922,001,1795
140.8085,140.848,68437,82472,Rhinolophus ferrumequinum,0.024,0.024,-1,Echolocation,/mnt/ubna_data_02_mir/recover-20220922/UBNA_001/20220921_090000.WAV,Telephone Field,recover-20220922,001,1795
140.8535,140.8901,68437,81713,Rhinolophus ferrumequinum,0.022,0.022,-1,Echolocation,/mnt/ubna_data_02_mir/recover-20220922/UBNA_001/20220921_090000.WAV,Telephone Field,recover-20220922,001,1795
140.8595,140.8695,22031,27186,Nyctalus leisleri,0.008,0.021,-1,Echolocation,/mnt/ubna_data_02_mir/recover-20220922/UBNA_001/20220921_090000.WAV,Telephone Field,recover-20220922,001,1795
140.8725,140.8813,28906,38888,Eptesicus serotinus,0.007,0.021,-1,Echolocation,/mnt/ubna_data_02_mir/recover-20220922/UBNA_001/20220921_090000.WAV,Telephone Field,recover-20220922,001,1795
140.8765,140.9143,68437,82202,Rhinolophus ferrumequinum,0.023,0.023,-1,Echolocation,/mnt/ubna_data_02_mir/recover-20220922/UBNA_001/20220921_090000.WAV,Telephone Field,recover-20220922,001,1795
140.8785,140.8873,28906,36723,Eptesicus serotinus,0.007,0.02,-1,Echolocation,/mnt/ubna_data_02_mir/recover-20220922/UBNA_001/20220921_090000.WAV,Telephone Field,recover-20220922,001,1795
140.9085,140.9167,23750,31786,Plecotus austriacus,0.011,0.028,-1,Echolocation,/mnt/ubna_data_02_mir/recover-20220922/UBNA_001/20220921_090000.WAV,Telephone Field,recover-20220922,001,1795
140.91649999999998,140.9229,48671,60046,Pipistrellus pipistrellus,0.013,0.02,-1,Echolocation,/mnt/ubna_data_02_mir/recover-20220922/UBNA_001/20220921_090000.WAV,Telephone Field,recover-20220922,001,1795
140.9425,140.953,24609,31961,Nyctalus leisleri,0.009,0.029,-1,Echolocation,/mnt/ubna_data_02_mir/recover-20220922/UBNA_001/20220921_090000.WAV,Telephone Field,recover-20220922,001,1795
140.9695,140.978,23750,31613,Plecotus austriacus,0.008,0.023,-1,Echolocation,/mnt/ubna_data_02_mir/recover-20220922/UBNA_001/20220921_090000.WAV,Telephone Field,recover-20220922,001,1795
141.0015,141.044,68437,82791,Rhinolophus ferrumequinum,0.027,0.027,-1,Echolocation,/mnt/ubna_data_02_mir/recover-20220922/UBNA_001/20220921_090000.WAV,Telephone Field,recover-20220922,001,1795
141.0125,141.0497,68437,81729,Rhinolophus ferrumequinum,0.021,0.021,-1,Echolocation,/mnt/ubna_data_02_mir/recover-20220922/UBNA_001/20220921_090000.WAV,Telephone Field,recover-20220922,001,1795
141.0325,141.0717,68437,82858,Rhinolophus ferrumequinum,0.023,0.023,-1,Echolocation,/mnt/ubna_data_02_mir/recover-20220922/UBNA_001/20220921_090000.WAV,Telephone Field,recover-20220922,001,1795
141.0475,141.0557,28906,39978,Eptesicus serotinus,0.007,0.021,-1,Echolocation,/mnt/ubna_data_02_mir/recover-20220922/UBNA_001/20220921_090000.WAV,Telephone Field,recover-20220922,001,1795
141.0485,141.0887,68437,82708,Rhinolophus ferrumequinum,0.024,0.024,-1,Echolocation,/mnt/ubna_data_02_mir/recover-20220922/UBNA_001/20220921_090000.WAV,Telephone Field,recover-20220922,001,1795
141.0655,141.10399999999998,68437,81587,Rhinolophus ferrumequinum,0.023,0.023,-1,Echolocation,/mnt/ubna_data_02_mir/recover-20220922/UBNA_001/20220921_090000.WAV,Telephone Field,recover-20220922,001,1795
141.1025,141.1412,68437,82448,Rhinolophus ferrumequinum,0.024,0.024,-1,Echolocation,/mnt/ubna_data_02_mir/recover-20220922/UBNA_001/20220921_090000.WAV,Telephone Field,recover-20220922,001,1795
141.1125,141.1213,28906,37718,Eptesicus serotinus,0.008,0.021,-1,Echolocation,/mnt/ubna_data_02_mir/recover-20220922/UBNA_001/20220921_090000.WAV,Telephone Field,recover-20220922,001,1795
141.1305,141.1406,26328,33909,Eptesicus serotinus,0.01,0.023,-1,Echolocation,/mnt/ubna_data_02_mir/recover-20220922/UBNA_001/20220921_090000.WAV,Telephone Field,recover-20220922,001,1795
141.1325,141.168,68437,81494,Rhinolophus ferrumequinum,0.021,0.021,-1,Echolocation,/mnt/ubna_data_02_mir/recover-20220922/UBNA_001/20220921_090000.WAV,Telephone Field,recover-20220922,001,1795
141.1495,141.1911,68437,82483,Rhinolophus ferrumequinum,0.023,0.023,-1,Echolocation,/mnt/ubna_data_02_mir/recover-20220922/UBNA_001/20220921_090000.WAV,Telephone Field,recover-20220922,001,1795
141.1885,141.2278,68437,82848,Rhinolophus ferrumequinum,0.03,0.03,-1,Echolocation,/mnt/ubna_data_02_mir/recover-20220922/UBNA_001/20220921_090000.WAV,Telephone Field,recover-20220922,001,1795
141.2095,141.2478,68437,82090,Rhinolophus ferrumequinum,0.021,0.021,-1,Echolocation,/mnt/ubna_data_02_mir/recover-20220922/UBNA_001/20220921_090000.WAV,Telephone Field,recover-20220922,001,1795
141.2155,141.2231,29765,39572,Eptesicus serotinus,0.007,0.023,-1,Echolocation,/mnt/ubna_data_02_mir/recover-20220922/UBNA_001/20220921_090000.WAV,Telephone Field,recover-20220922,001,1795
141.2155,141.2238,24609,33138,Plecotus austriacus,0.006,0.021,-1,Echolocation,/mnt/ubna_data_02_mir/recover-20220922/UBNA_001/20220921_090000.WAV,Telephone Field,recover-20220922,001,1795
141.2245,141.2318,15156,25247,Plecotus auritus,0.012,0.021,-1,Echolocation,/mnt/ubna_data_02_mir/recover-20220922/UBNA_001/20220921_090000.WAV,Telephone Field,recover-20220922,001,1795
141.2655,141.303,68437,81924,Rhinolophus ferrumequinum,0.022,0.022,-1,Echolocation,/mnt/ubna_data_02_mir/recover-20220922/UBNA_001/20220921_090000.WAV,Telephone Field,recover-20220922,001,1795
141.2695,141.2774,23750,32144,Plecotus austriacus,0.011,0.034,-1,Echolocation,/mnt/ubna_data_02_mir/recover-20220922/UBNA_001/20220921_090000.WAV,Telephone Field,recover-20220922,001,1795
141.2765,141.2847,49531,53258,Pipistrellus pipistrellus,0.025,0.028,-1,Echolocation,/mnt/ubna_data_02_mir/recover-20220922/UBNA_001/20220921_090000.WAV,Telephone Field,recover-20220922,001,1795
141.3155,141.3552,68437,82520,Rhinolophus ferrumequinum,0.027,0.027,-1,Echolocation,/mnt/ubna_data_02_mir/recover-20220922/UBNA_001/20220921_090000.WAV,Telephone Field,recover-20220922,001,1795
141.3185,141.3286,28906,36728,Eptesicus serotinus,0.011,0.024,-1,Echolocation,/mnt/ubna_data_02_mir/recover-20220922/UBNA_001/20220921_090000.WAV,Telephone Field,recover-20220922,001,1795
141.3345,141.3711,68437,81450,Rhinolophus ferrumequinum,0.021,0.021,-1,Echolocation,/mnt/ubna_data_02_mir/recover-20220922/UBNA_001/20220921_090000.WAV,Telephone Field,recover-20220922,001,1795
141.3515,141.3595,24609,32975,Plecotus austriacus,0.006,0.022,-1,Echolocation,/mnt/ubna_data_02_mir/recover-20220922/UBNA_001/20220921_090000.WAV,Telephone Field,recover-20220922,001,1795
141.3745,141.4139,68437,81984,Rhinolophus ferrumequinum,0.02,0.02,-1,Echolocation,/mnt/ubna_data_02_mir/recover-20220922/UBNA_001/20220921_090000.WAV,Telephone Field,recover-20220922,001,1795
141.3755,141.3872,24609,30062,Nyctalus leisleri,0.011,0.025,-1,Echolocation,/mnt/ubna_data_02_mir/recover-20220922/UBNA_001/20220921_090000.WAV,Telephone Field,recover-20220922,001,1795
141.3985,141.4379,68437,82815,Rhinolophus ferrumequinum,0.042,0.042,-1,Echolocation,/mnt/ubna_data_02_mir/recover-20220922/UBNA_001/20220921_090000.WAV,Telephone Field,recover-20220922,001,1795
141.5355,141.575,68437,82286,Rhinolophus ferrumequinum,0.024,0.024,-1,Echolocation,/mnt/ubna_data_02_mir/recover-20220922/UBNA_001/20220921_090000.WAV,Telephone Field,recover-20220922,001,1795
141.5515,141.5611,23750,29559,Nyctalus leisleri,0.009,0.022,-1,Echolocation,/mnt/ubna_data_02_mir/recover-20220922/UBNA_001/20220921_090000.WAV,Telephone Field,recover-20220922,001,1795
141.5565,141.5935,68437,81684,Rhinolophus ferrumequinum,0.024,0.024,-1,Echolocation,/mnt/ubna_data_02_mir/recover-20220922/UBNA_001/20220921_090000.WAV,Telephone Field,recover-20220922,001,1795
141.5645,141.5721,27187,36930,Eptesicus serotinus,0.008,0.022,-1,Echolocation,/mnt/ubna_data_02_mir/recover-20220922/UBNA_001/20220921_090000.WAV,Telephone Field,recover-20220922,001,1795
141.6015,141.6128,22890,28749,Nyctalus leisleri,0.013,0.027,-1,Echolocation,/mnt/ubna_data_02_mir/recover-20220922/UBNA_001/20220921_090000.WAV,Telephone Field,recover-20220922,001,1795
141.6265,141.6673,68437,82856,Rhinolophus ferrumequinum,0.038,0.038,-1,Echolocation,/mnt/ubna_data_02_mir/recover-20220922/UBNA_001/20220921_090000.WAV,Telephone Field,recover-20220922,001,1795
141.6355,141.6444,22890,29650,Plecotus austriacus,0.007,0.021,-1,Echolocation,/mnt/ubna_data_02_mir/recover-20220922/UBNA_001/20220921_090000.WAV,Telephone Field,recover-20220922,001,1795
141.6485,141.6584,28046,37946,Eptesicus serotinus,0.013,0.027,-1,Echolocation,/mnt/ubna_data_02_mir/recover-20220922/UBNA_001/20220921_090000.WAV,Telephone Field,recover-20220922,001,1795
141.6985,141.70850000000002,24609,30926,Nyctalus leisleri,0.009,0.025,-1,Echolocation,/mnt/ubna_data_02_mir/recover-20220922/UBNA_001/20220921_090000.WAV,Telephone Field,recover-20220922,001,1795
141.6985,141.7352,68437,81342,Rhinolophus ferrumequinum,0.022,0.022,-1,Echolocation,/mnt/ubna_data_02_mir/recover-20220922/UBNA_001/20220921_090000.WAV,Telephone Field,recover-20220922,001,1795
141.7065,141.7452,68437,81985,Rhinolophus ferrumequinum,0.021,0.021,-1,Echolocation,/mnt/ubna_data_02_mir/recover-20220922/UBNA_001/20220921_090000.WAV,Telephone Field,recover-20220922,001,1795
141.7235,141.7621,68437,81727,Rhinolophus ferrumequinum,0.022,0.022,-1,Echolocation,/mnt/ubna_data_02_mir/recover-20220922/UBNA_001/20220921_090000.WAV,Telephone Field,recover-20220922,001,1795
141.7815,141.822,68437,82794,Rhinolophus ferrumequinum,0.025,0.025,-1,Echolocation,/mnt/ubna_data_02_mir/recover-20220922/UBNA_001/20220921_090000.WAV,Telephone Field,recover-20220922,001,1795
141.7885,141.7972,27187,35652,Eptesicus serotinus,0.01,0.023,-1,Echolocation,/mnt/ubna_data_02_mir/recover-20220922/UBNA_001/20220921_090000.WAV,Telephone Field,recover-20220922,001,1795
141.7905,141.8307,68437,82799,Rhinolophus ferrumequinum,0.026,0.026,-1,Echolocation,/mnt/ubna_data_02_mir/recover-20220922/UBNA_001/20220921_090000.WAV,Telephone Field,recover-20220922,001,1795
141.8475,141.8847,68437,82294,Rhinolophus ferrumequinum,0.025,0.025,-1,Echolocation,/mnt/ubna_data_02_mir/recover-20220922/UBNA_001/20220921_090000.WAV,Telephone Field,recover-20220922,001,1795
141.8695,141.8793,14296,21208,Nyctalus noctula,0.011,0.023,-1,Echolocation,/mnt/ubna_data_02_mir/recover-20220922/UBNA_001/20220921_090000.WAV,Telephone Field,recover-20220922,001,1795
141.8805,141.9233,68437,82897,Rhinolophus ferrumequinum,0.033,0.033,-1,Echolocation,/mnt/ubna_data_02_mir/recover-20220922/UBNA_001/20220921_090000.WAV,Telephone Field,recover-20220922,001,1795
141.9025,141.9426,68437,82637,Rhinolophus ferrumequinum,0.026,0.026,-1,Echolocation,/mnt/ubna_data_02_mir/recover-20220922/UBNA_001/20220921_090000.WAV,Telephone Field,recover-20220922,001,1795
141.9085,141.9149,26328,36176,Plecotus austriacus,0.008,0.03,-1,Echolocation,/mnt/ubna_data_02_mir/recover-20220922/UBNA_001/20220921_090000.WAV,Telephone Field,recover-20220922,001,1795
141.9415,141.9811,68437,82062,Rhinolophus ferrumequinum,0.024,0.024,-1,Echolocation,/mnt/ubna_data_02_mir/recover-20220922/UBNA_001/20220921_090000.WAV,Telephone Field,recover-20220922,001,1795
141.9515,141.9574,47812,54313,Pipistrellus pipistrellus,0.018,0.021,-1,Echolocation,/mnt/ubna_data_02_mir/recover-20220922/UBNA_001/20220921_090000.WAV,Telephone Field,recover-20220922,001,1795
141.9515,141.9857,68437,81444,Rhinolophus ferrumequinum,0.021,0.021,-1,Echolocation,/mnt/ubna_data_02_mir/recover-20220922/UBNA_001/20220921_090000.WAV,Telephone Field,recover-20220922,001,1795
142.0015,142.0343,69296,81818,Rhinolophus ferrumequinum,0.05,0.05,-1,Echolocation,/mnt/ubna_data_02_mir/recover-20220922/UBNA_001/20220921_090000.WAV,Telephone Field,recover-20220922,001,1795
142.0015,142.0081,46953,52290,Pipistrellus pipistrellus,0.018,0.023,-1,Echolocation,/mnt/ubna_data_02_mir/recover-20220922/UBNA_001/20220921_090000.WAV,Telephone Field,recover-20220922,001,1795
142.0015,142.0108,26328,36055,Nyctalus leisleri,0.009,0.03,-1,Echolocation,/mnt/ubna_data_02_mir/recover-20220922/UBNA_001/20220921_090000.WAV,Telephone Field,recover-20220922,001,1795
142.0405,142.0751,68437,81253,Rhinolophus ferrumequinum,0.025,0.025,-1,Echolocation,/mnt/ubna_data_02_mir/recover-20220922/UBNA_001/20220921_090000.WAV,Telephone Field,recover-20220922,001,1795
142.0605,142.0986,68437,82371,Rhinolophus ferrumequinum,0.022,0.022,-1,Echolocation,/mnt/ubna_data_02_mir/recover-20220922/UBNA_001/20220921_090000.WAV,Telephone Field,recover-20220922,001,1795
142.07150000000001,142.11169999999998,68437,82252,Rhinolophus ferrumequinum,0.022,0.022,-1,Echolocation,/mnt/ubna_data_02_mir/recover-20220922/UBNA_001/20220921_090000.WAV,Telephone Field,recover-20220922,001,1795
142.0735,142.0832,28046,36682,Eptesicus serotinus,0.01,0.025,-1,Echolocation,/mnt/ubna_data_02_mir/recover-20220922/UBNA_001/20220921_090000.WAV,Telephone Field,recover-20220922,001,1795
142.10750000000002,142.1443,68437,82156,Rhinolophus ferrumequinum,0.024,0.024,-1,Echolocation,/mnt/ubna_data_02_mir/recover-20220922/UBNA_001/20220921_090000.WAV,Telephone Field,recover-20220922,001,1795
142.1215,142.161,68437,82437,Rhinolophus ferrumequinum,0.025,0.025,-1,Echolocation,/mnt/ubna_data_02_mir/recover-20220922/UBNA_001/20220921_090000.WAV,Telephone Field,recover-20220922,001,1795
142.1395,142.177,68437,81720,Rhinolophus ferrumequinum,0.022,0.022,-1,Echolocation,/mnt/ubna_data_02_mir/recover-20220922/UBNA_001/20220921_090000.WAV,Telephone Field,recover-20220922,001,1795
142.1505,142.1929,68437,82349,Rhinolophus ferrumequinum,0.058,0.058,-1,Echolocation,/mnt/ubna_data_02_mir/recover-20220922/UBNA_001/20220921_090000.WAV,Telephone Field,recover-20220922,001,1795
142.1605,142.1983,68437,81540,Rhinolophus ferrumequinum,0.044,0.044,-1,Echolocation,/mnt/ubna_data_02_mir/recover-20220922/UBNA_001/20220921_090000.WAV,Telephone Field,recover-20220922,001,1795
142.1955,142.233,68437,82252,Rhinolophus ferrumequinum,0.022,0.022,-1,Echolocation,/mnt/ubna_data_02_mir/recover-20220922/UBNA_001/20220921_090000.WAV,Telephone Field,recover-20220922,001,1795
142.2135,142.2258,23750,29000,Nyctalus leisleri,0.021,0.04,-1,Echolocation,/mnt/ubna_data_02_mir/recover-20220922/UBNA_001/20220921_090000.WAV,Telephone Field,recover-20220922,001,1795
142.2235,142.2659,68437,82796,Rhinolophus ferrumequinum,0.038,0.038,-1,Echolocation,/mnt/ubna_data_02_mir/recover-20220922/UBNA_001/20220921_090000.WAV,Telephone Field,recover-20220922,001,1795
142.2495,142.2877,68437,82068,Rhinolophus ferrumequinum,0.024,0.025,-1,Echolocation,/mnt/ubna_data_02_mir/recover-20220922/UBNA_001/20220921_090000.WAV,Telephone Field,recover-20220922,001,1795
142.2705,142.2806,28046,39265,Eptesicus serotinus,0.012,0.028,-1,Echolocation,/mnt/ubna_data_02_mir/recover-20220922/UBNA_001/20220921_090000.WAV,Telephone Field,recover-20220922,001,1795
142.2735,142.2843,34062,44113,Eptesicus serotinus,0.006,0.026,-1,Echolocation,/mnt/ubna_data_02_mir/recover-20220922/UBNA_001/20220921_090000.WAV,Telephone Field,recover-20220922,001,1795
142.3005,142.34,68437,82632,Rhinolophus ferrumequinum,0.032,0.032,-1,Echolocation,/mnt/ubna_data_02_mir/recover-20220922/UBNA_001/20220921_090000.WAV,Telephone Field,recover-20220922,001,1795
142.3005,142.3111,24609,31638,Nyctalus leisleri,0.009,0.022,-1,Echolocation,/mnt/ubna_data_02_mir/recover-20220922/UBNA_001/20220921_090000.WAV,Telephone Field,recover-20220922,001,1795
142.3115,142.327,22890,26260,Nyctalus leisleri,0.015,0.024,-1,Echolocation,/mnt/ubna_data_02_mir/recover-20220922/UBNA_001/20220921_090000.WAV,Telephone Field,recover-20220922,001,1795
142.3235,142.3618,68437,82136,Rhinolophus ferrumequinum,0.027,0.027,-1,Echolocation,/mnt/ubna_data_02_mir/recover-20220922/UBNA_001/20220921_090000.WAV,Telephone Field,recover-20220922,001,1795
142.3315,142.3708,68437,82750,Rhinolophus ferrumequinum,0.026,0.026,-1,Echolocation,/mnt/ubna_data_02_mir/recover-20220922/UBNA_001/20220921_090000.WAV,Telephone Field,recover-20220922,001,1795
142.3845,142.4217,68437,82987,Rhinolophus ferrumequinum,0.025,0.025,-1,Echolocation,/mnt/ubna_data_02_mir/recover-20220922/UBNA_001/20220921_090000.WAV,Telephone Field,recover-20220922,001,1795
142.3975,142.4325,68437,81755,Rhinolophus ferrumequinum,0.022,0.022,-1,Echolocation,/mnt/ubna_data_02_mir/recover-20220922/UBNA_001/20220921_090000.WAV,Telephone Field,recover-20220922,001,1795
142.4195,142.4272,27187,36139,Eptesicus serotinus,0.006,0.022,-1,Echolocation,/mnt/ubna_data_02_mir/recover-20220922/UBNA_001/20220921_090000.WAV,Telephone Field,recover-20220922,001,1795
142.4235,142.4622,68437,81682,Rhinolophus ferrumequinum,0.023,0.023,-1,Echolocation,/mnt/ubna_data_02_mir/recover-20220922/UBNA_001/20220921_090000.WAV,Telephone Field,recover-20220922,001,1795
142.4315,142.4701,68437,82357,Rhinolophus ferrumequinum,0.022,0.022,-1,Echolocation,/mnt/ubna_data_02_mir/recover-20220922/UBNA_001/20220921_090000.WAV,Telephone Field,recover-20220922,001,1795
142.4445,142.4844,68437,83042,Rhinolophus ferrumequinum,0.028,0.028,-1,Echolocation,/mnt/ubna_data_02_mir/recover-20220922/UBNA_001/20220921_090000.WAV,Telephone Field,recover-20220922,001,1795
142.45850000000002,142.4965,68437,82159,Rhinolophus ferrumequinum,0.025,0.025,-1,Echolocation,/mnt/ubna_data_02_mir/recover-20220922/UBNA_001/20220921_090000.WAV,Telephone Field,recover-20220922,001,1795
142.4685,142.4744,28046,40468,Myotis daubentonii,0.008,0.038,-1,Echolocation,/mnt/ubna_data_02_mir/recover-20220922/UBNA_001/20220921_090000.WAV,Telephone Field,recover-20220922,001,1795
142.5005,142.5424,68437,83231,Rhinolophus ferrumequinum,0.041,0.041,-1,Echolocation,/mnt/ubna_data_02_mir/recover-20220922/UBNA_001/20220921_090000.WAV,Telephone Field,recover-20220922,001,1795
142.51749999999998,142.5254,28046,38473,Eptesicus serotinus,0.007,0.024,-1,Echolocation,/mnt/ubna_data_02_mir/recover-20220922/UBNA_001/20220921_090000.WAV,Telephone Field,recover-20220922,001,1795
142.5335,142.5735,68437,81897,Rhinolophus ferrumequinum,0.023,0.023,-1,Echolocation,/mnt/ubna_data_02_mir/recover-20220922/UBNA_001/20220921_090000.WAV,Telephone Field,recover-20220922,001,1795
142.5405,142.5803,68437,82210,Rhinolophus ferrumequinum,0.023,0.023,-1,Echolocation,/mnt/ubna_data_02_mir/recover-20220922/UBNA_001/20220921_090000.WAV,Telephone Field,recover-20220922,001,1795
142.5475,142.5556,28046,37366,Eptesicus serotinus,0.009,0.026,-1,Echolocation,/mnt/ubna_data_02_mir/recover-20220922/UBNA_001/20220921_090000.WAV,Telephone Field,recover-20220922,001,1795
142.5495,142.5892,68437,82405,Rhinolophus ferrumequinum,0.025,0.026,-1,Echolocation,/mnt/ubna_data_02_mir/recover-20220922/UBNA_001/20220921_090000.WAV,Telephone Field,recover-20220922,001,1795
142.5875,142.6234,68437,81148,Rhinolophus ferrumequinum,0.022,0.022,-1,Echolocation,/mnt/ubna_data_02_mir/recover-20220922/UBNA_001/20220921_090000.WAV,Telephone Field,recover-20220922,001,1795
142.5885,142.597,25468,34281,Eptesicus serotinus,0.01,0.026,-1,Echolocation,/mnt/ubna_data_02_mir/recover-20220922/UBNA_001/20220921_090000.WAV,Telephone Field,recover-20220922,001,1795
142.6135,142.6513,68437,82098,Rhinolophus ferrumequinum,0.022,0.022,-1,Echolocation,/mnt/ubna_data_02_mir/recover-20220922/UBNA_001/20220921_090000.WAV,Telephone Field,recover-20220922,001,1795
142.6275,142.6656,68437,81862,Rhinolophus ferrumequinum,0.021,0.022,-1,Echolocation,/mnt/ubna_data_02_mir/recover-20220922/UBNA_001/20220921_090000.WAV,Telephone Field,recover-20220922,001,1795
142.6575,142.6971,68437,82203,Rhinolophus ferrumequinum,0.023,0.023,-1,Echolocation,/mnt/ubna_data_02_mir/recover-20220922/UBNA_001/20220921_090000.WAV,Telephone Field,recover-20220922,001,1795
142.6685,142.7099,68437,82208,Rhinolophus ferrumequinum,0.026,0.027,-1,Echolocation,/mnt/ubna_data_02_mir/recover-20220922/UBNA_001/20220921_090000.WAV,Telephone Field,recover-20220922,001,1795
142.7335,142.7759,68437,83230,Rhinolophus ferrumequinum,0.025,0.025,-1,Echolocation,/mnt/ubna_data_02_mir/recover-20220922/UBNA_001/20220921_090000.WAV,Telephone Field,recover-20220922,001,1795
142.7355,142.7466,25468,32148,Eptesicus serotinus,0.033,0.073,-1,Echolocation,/mnt/ubna_data_02_mir/recover-20220922/UBNA_001/20220921_090000.WAV,Telephone Field,recover-20220922,001,1795
142.7575,142.799,68437,83106,Rhinolophus ferrumequinum,0.027,0.027,-1,Echolocation,/mnt/ubna_data_02_mir/recover-20220922/UBNA_001/20220921_090000.WAV,Telephone Field,recover-20220922,001,1795
142.7595,142.7698,40078,46249,Pipistrellus nathusii,0.011,0.028,-1,Echolocation,/mnt/ubna_data_02_mir/recover-20220922/UBNA_001/20220921_090000.WAV,Telephone Field,recover-20220922,001,1795
142.7625,142.7704,26328,38482,Eptesicus serotinus,0.008,0.023,-1,Echolocation,/mnt/ubna_data_02_mir/recover-20220922/UBNA_001/20220921_090000.WAV,Telephone Field,recover-20220922,001,1795
142.7775,142.7972,18593,22122,Nyctalus noctula,0.014,0.025,-1,Echolocation,/mnt/ubna_data_02_mir/recover-20220922/UBNA_001/20220921_090000.WAV,Telephone Field,recover-20220922,001,1795
142.7785,142.817,68437,82076,Rhinolophus ferrumequinum,0.024,0.024,-1,Echolocation,/mnt/ubna_data_02_mir/recover-20220922/UBNA_001/20220921_090000.WAV,Telephone Field,recover-20220922,001,1795
142.7875,142.8239,68437,82126,Rhinolophus ferrumequinum,0.022,0.022,-1,Echolocation,/mnt/ubna_data_02_mir/recover-20220922/UBNA_001/20220921_090000.WAV,Telephone Field,recover-20220922,001,1795
142.80349999999999,142.8479,68437,83066,Rhinolophus ferrumequinum,0.039,0.039,-1,Echolocation,/mnt/ubna_data_02_mir/recover-20220922/UBNA_001/20220921_090000.WAV,Telephone Field,recover-20220922,001,1795
142.8115,142.8204,24609,31838,Nyctalus leisleri,0.008,0.025,-1,Echolocation,/mnt/ubna_data_02_mir/recover-20220922/UBNA_001/20220921_090000.WAV,Telephone Field,recover-20220922,001,1795
142.8405,142.8781,68437,81930,Rhinolophus ferrumequinum,0.025,0.025,-1,Echolocation,/mnt/ubna_data_02_mir/recover-20220922/UBNA_001/20220921_090000.WAV,Telephone Field,recover-20220922,001,1795
142.8415,142.8535,28906,34553,Eptesicus serotinus,0.025,0.046,-1,Echolocation,/mnt/ubna_data_02_mir/recover-20220922/UBNA_001/20220921_090000.WAV,Telephone Field,recover-20220922,001,1795
142.8495,142.8874,68437,82420,Rhinolophus ferrumequinum,0.023,0.023,-1,Echolocation,/mnt/ubna_data_02_mir/recover-20220922/UBNA_001/20220921_090000.WAV,Telephone Field,recover-20220922,001,1795
142.8715,142.9097,68437,82320,Rhinolophus ferrumequinum,0.023,0.023,-1,Echolocation,/mnt/ubna_data_02_mir/recover-20220922/UBNA_001/20220921_090000.WAV,Telephone Field,recover-20220922,001,1795
142.8845,142.9245,68437,82279,Rhinolophus ferrumequinum,0.025,0.025,-1,Echolocation,/mnt/ubna_data_02_mir/recover-20220922/UBNA_001/20220921_090000.WAV,Telephone Field,recover-20220922,001,1795
142.90449999999998,142.9513,68437,83774,Rhinolophus ferrumequinum,0.059,0.059,-1,Echolocation,/mnt/ubna_data_02_mir/recover-20220922/UBNA_001/20220921_090000.WAV,Telephone Field,recover-20220922,001,1795
142.9845,143.0257,68437,82579,Rhinolophus ferrumequinum,0.023,0.023,-1,Echolocation,/mnt/ubna_data_02_mir/recover-20220922/UBNA_001/20220921_090000.WAV,Telephone Field,recover-20220922,001,1795
143.0155,143.0239,26328,35905,Eptesicus serotinus,0.01,0.026,-1,Echolocation,/mnt/ubna_data_02_mir/recover-20220922/UBNA_001/20220921_090000.WAV,Telephone Field,recover-20220922,001,1795
143.0165,143.0553,68437,81171,Rhinolophus ferrumequinum,0.034,0.034,-1,Echolocation,/mnt/ubna_data_02_mir/recover-20220922/UBNA_001/20220921_090000.WAV,Telephone Field,recover-20220922,001,1795
143.0305,143.066,68437,81057,Rhinolophus ferrumequinum,0.024,0.024,-1,Echolocation,/mnt/ubna_data_02_mir/recover-20220922/UBNA_001/20220921_090000.WAV,Telephone Field,recover-20220922,001,1795
143.0455,143.0872,68437,83173,Rhinolophus ferrumequinum,0.028,0.028,-1,Echolocation,/mnt/ubna_data_02_mir/recover-20220922/UBNA_001/20220921_090000.WAV,Telephone Field,recover-20220922,001,1795
143.0695,143.10750000000002,68437,82162,Rhinolophus ferrumequinum,0.024,0.024,-1,Echolocation,/mnt/ubna_data_02_mir/recover-20220922/UBNA_001/20220921_090000.WAV,Telephone Field,recover-20220922,001,1795
143.0785,143.1176,68437,82160,Rhinolophus ferrumequinum,0.023,0.023,-1,Echolocation,/mnt/ubna_data_02_mir/recover-20220922/UBNA_001/20220921_090000.WAV,Telephone Field,recover-20220922,001,1795
143.10750000000002,143.147,68437,82657,Rhinolophus ferrumequinum,0.032,0.032,-1,Echolocation,/mnt/ubna_data_02_mir/recover-20220922/UBNA_001/20220921_090000.WAV,Telephone Field,recover-20220922,001,1795
143.1315,143.1423,22031,27967,Nyctalus leisleri,0.013,0.033,-1,Echolocation,/mnt/ubna_data_02_mir/recover-20220922/UBNA_001/20220921_090000.WAV,Telephone Field,recover-20220922,001,1795
143.2105,143.2505,68437,82532,Rhinolophus ferrumequinum,0.046,0.046,-1,Echolocation,/mnt/ubna_data_02_mir/recover-20220922/UBNA_001/20220921_090000.WAV,Telephone Field,recover-20220922,001,1795
143.2195,143.2277,45234,53661,Pipistrellus pipistrellus,0.022,0.03,-1,Echolocation,/mnt/ubna_data_02_mir/recover-20220922/UBNA_001/20220921_090000.WAV,Telephone Field,recover-20220922,001,1795
143.2465,143.2571,24609,30608,Nyctalus leisleri,0.009,0.024,-1,Echolocation,/mnt/ubna_data_02_mir/recover-20220922/UBNA_001/20220921_090000.WAV,Telephone Field,recover-20220922,001,1795
143.2735,143.3174,68437,83303,Rhinolophus ferrumequinum,0.04,0.04,-1,Echolocation,/mnt/ubna_data_02_mir/recover-20220922/UBNA_001/20220921_090000.WAV,Telephone Field,recover-20220922,001,1795
143.2925,143.3307,68437,81962,Rhinolophus ferrumequinum,0.023,0.023,-1,Echolocation,/mnt/ubna_data_02_mir/recover-20220922/UBNA_001/20220921_090000.WAV,Telephone Field,recover-20220922,001,1795
143.3225,143.36169999999998,68437,82551,Rhinolophus ferrumequinum,0.024,0.024,-1,Echolocation,/mnt/ubna_data_02_mir/recover-20220922/UBNA_001/20220921_090000.WAV,Telephone Field,recover-20220922,001,1795
143.3385,143.3815,68437,82888,Rhinolophus ferrumequinum,0.024,0.024,-1,Echolocation,/mnt/ubna_data_02_mir/recover-20220922/UBNA_001/20220921_090000.WAV,Telephone Field,recover-20220922,001,1795
143.3595,143.4023,68437,83390,Rhinolophus ferrumequinum,0.03,0.03,-1,Echolocation,/mnt/ubna_data_02_mir/recover-20220922/UBNA_001/20220921_090000.WAV,Telephone Field,recover-20220922,001,1795
143.3795,143.415,68437,80875,Rhinolophus ferrumequinum,0.028,0.028,-1,Echolocation,/mnt/ubna_data_02_mir/recover-20220922/UBNA_001/20220921_090000.WAV,Telephone Field,recover-20220922,001,1795
143.3815,143.3888,27187,38980,Eptesicus serotinus,0.006,0.025,-1,Echolocation,/mnt/ubna_data_02_mir/recover-20220922/UBNA_001/20220921_090000.WAV,Telephone Field,recover-20220922,001,1795
143.3865,143.4196,68437,81015,Rhinolophus ferrumequinum,0.025,0.025,-1,Echolocation,/mnt/ubna_data_02_mir/recover-20220922/UBNA_001/20220921_090000.WAV,Telephone Field,recover-20220922,001,1795
143.3935,143.432,68437,81800,Rhinolophus ferrumequinum,0.022,0.022,-1,Echolocation,/mnt/ubna_data_02_mir/recover-20220922/UBNA_001/20220921_090000.WAV,Telephone Field,recover-20220922,001,1795
143.3995,143.4108,28046,36056,Eptesicus serotinus,0.013,0.025,-1,Echolocation,/mnt/ubna_data_02_mir/recover-20220922/UBNA_001/20220921_090000.WAV,Telephone Field,recover-20220922,001,1795
143.4075,143.4423,68437,81639,Rhinolophus ferrumequinum,0.021,0.021,-1,Echolocation,/mnt/ubna_data_02_mir/recover-20220922/UBNA_001/20220921_090000.WAV,Telephone Field,recover-20220922,001,1795
143.4275,143.436,28046,40110,Eptesicus serotinus,0.008,0.024,-1,Echolocation,/mnt/ubna_data_02_mir/recover-20220922/UBNA_001/20220921_090000.WAV,Telephone Field,recover-20220922,001,1795
143.4785,143.4858,46093,53052,Pipistrellus pipistrellus,0.02,0.022,-1,Echolocation,/mnt/ubna_data_02_mir/recover-20220922/UBNA_001/20220921_090000.WAV,Telephone Field,recover-20220922,001,1795
143.5115,143.52,28046,39722,Eptesicus serotinus,0.008,0.023,-1,Echolocation,/mnt/ubna_data_02_mir/recover-20220922/UBNA_001/20220921_090000.WAV,Telephone Field,recover-20220922,001,1795
143.5625,143.5992,68437,81262,Rhinolophus ferrumequinum,0.024,0.024,-1,Echolocation,/mnt/ubna_data_02_mir/recover-20220922/UBNA_001/20220921_090000.WAV,Telephone Field,recover-20220922,001,1795
143.5655,143.5761,22890,28951,Nyctalus leisleri,0.012,0.028,-1,Echolocation,/mnt/ubna_data_02_mir/recover-20220922/UBNA_001/20220921_090000.WAV,Telephone Field,recover-20220922,001,1795
143.6055,143.6182,34062,38480,Pipistrellus nathusii,0.014,0.03,-1,Echolocation,/mnt/ubna_data_02_mir/recover-20220922/UBNA_001/20220921_090000.WAV,Telephone Field,recover-20220922,001,1795
143.6065,143.6454,68437,82211,Rhinolophus ferrumequinum,0.029,0.029,-1,Echolocation,/mnt/ubna_data_02_mir/recover-20220922/UBNA_001/20220921_090000.WAV,Telephone Field,recover-20220922,001,1795
143.6295,143.6658,68437,81338,Rhinolophus ferrumequinum,0.03,0.03,-1,Echolocation,/mnt/ubna_data_02_mir/recover-20220922/UBNA_001/20220921_090000.WAV,Telephone Field,recover-20220922,001,1795
143.6715,143.7116,68437,82650,Rhinolophus ferrumequinum,0.024,0.024,-1,Echolocation,/mnt/ubna_data_02_mir/recover-20220922/UBNA_001/20220921_090000.WAV,Telephone Field,recover-20220922,001,1795
143.7175,143.7579,68437,82497,Rhinolophus ferrumequinum,0.026,0.026,-1,Echolocation,/mnt/ubna_data_02_mir/recover-20220922/UBNA_001/20220921_090000.WAV,Telephone Field,recover-20220922,001,1795
143.7245,143.7299,51250,60182,Pipistrellus pipistrellus,0.031,0.036,-1,Echolocation,/mnt/ubna_data_02_mir/recover-20220922/UBNA_001/20220921_090000.WAV,Telephone Field,recover-20220922,001,1795
143.7265,143.768,68437,83405,Rhinolophus ferrumequinum,0.027,0.027,-1,Echolocation,/mnt/ubna_data_02_mir/recover-20220922/UBNA_001/20220921_090000.WAV,Telephone Field,recover-20220922,001,1795
143.7345,143.7448,22031,27160,Nyctalus leisleri,0.01,0.023,-1,Echolocation,/mnt/ubna_data_02_mir/recover-20220922/UBNA_001/20220921_090000.WAV,Telephone Field,recover-20220922,001,1795
143.7375,143.74869999999999,37500,41671,Pipistrellus nathusii,0.023,0.037,-1,Echolocation,/mnt/ubna_data_02_mir/recover-20220922/UBNA_001/20220921_090000.WAV,Telephone Field,recover-20220922,001,1795
143.7395,143.7458,27187,36285,Eptesicus serotinus,0.005,0.024,-1,Echolocation,/mnt/ubna_data_02_mir/recover-20220922/UBNA_001/20220921_090000.WAV,Telephone Field,recover-20220922,001,1795
143.7695,143.8066,68437,81730,Rhinolophus ferrumequinum,0.023,0.023,-1,Echolocation,/mnt/ubna_data_02_mir/recover-20220922/UBNA_001/20220921_090000.WAV,Telephone Field,recover-20220922,001,1795
143.7995,143.8418,68437,83013,Rhinolophus ferrumequinum,0.04,0.04,-1,Echolocation,/mnt/ubna_data_02_mir/recover-20220922/UBNA_001/20220921_090000.WAV,Telephone Field,recover-20220922,001,1795
143.8405,143.8811,68437,82979,Rhinolophus ferrumequinum,0.024,0.024,-1,Echolocation,/mnt/ubna_data_02_mir/recover-20220922/UBNA_001/20220921_090000.WAV,Telephone Field,recover-20220922,001,1795
143.8555,143.8936,68437,82513,Rhinolophus ferrumequinum,0.026,0.027,-1,Echolocation,/mnt/ubna_data_02_mir/recover-20220922/UBNA_001/20220921_090000.WAV,Telephone Field,recover-20220922,001,1795
143.8605,143.8816,18593,21064,Nyctalus noctula,0.011,0.023,-1,Echolocation,/mnt/ubna_data_02_mir/recover-20220922/UBNA_001/20220921_090000.WAV,Telephone Field,recover-20220922,001,1795
143.8775,143.891,22890,27559,Nyctalus leisleri,0.023,0.04,-1,Echolocation,/mnt/ubna_data_02_mir/recover-20220922/UBNA_001/20220921_090000.WAV,Telephone Field,recover-20220922,001,1795
143.8835,143.9194,68437,80894,Rhinolophus ferrumequinum,0.022,0.022,-1,Echolocation,/mnt/ubna_data_02_mir/recover-20220922/UBNA_001/20220921_090000.WAV,Telephone Field,recover-20220922,001,1795
143.8935,143.9294,68437,81402,Rhinolophus ferrumequinum,0.022,0.022,-1,Echolocation,/mnt/ubna_data_02_mir/recover-20220922/UBNA_001/20220921_090000.WAV,Telephone Field,recover-20220922,001,1795
143.9205,143.928,25468,37592,Eptesicus serotinus,0.005,0.024,-1,Echolocation,/mnt/ubna_data_02_mir/recover-20220922/UBNA_001/20220921_090000.WAV,Telephone Field,recover-20220922,001,1795
143.9795,143.9913,28906,37161,Eptesicus serotinus,0.015,0.029,-1,Echolocation,/mnt/ubna_data_02_mir/recover-20220922/UBNA_001/20220921_090000.WAV,Telephone Field,recover-20220922,001,1795
144.0015,144.0089,25468,36997,Nyctalus leisleri,0.005,0.023,-1,Echolocation,/mnt/ubna_data_02_mir/recover-20220922/UBNA_001/20220921_090000.WAV,Telephone Field,recover-20220922,001,1795
144.0015,144.0316,68437,79777,Rhinolophus ferrumequinum,0.037,0.037,-1,Echolocation,/mnt/ubna_data_02_mir/recover-20220922/UBNA_001/20220921_090000.WAV,Telephone Field,recover-20220922,001,1795
144.0015,144.00979999999998,47812,55956,Pipistrellus pipistrellus,0.014,0.021,-1,Echolocation,/mnt/ubna_data_02_mir/recover-20220922/UBNA_001/20220921_090000.WAV,Telephone Field,recover-20220922,001,1795
144.04149999999998,144.0494,23750,31925,Plecotus austriacus,0.008,0.021,-1,Echolocation,/mnt/ubna_data_02_mir/recover-20220922/UBNA_001/20220921_090000.WAV,Telephone Field,recover-20220922,001,1795
144.0665,144.1034,68437,81935,Rhinolophus ferrumequinum,0.022,0.022,-1,Echolocation,/mnt/ubna_data_02_mir/recover-20220922/UBNA_001/20220921_090000.WAV,Telephone Field,recover-20220922,001,1795
144.0755,144.1168,68437,82353,Rhinolophus ferrumequinum,0.024,0.024,-1,Echolocation,/mnt/ubna_data_02_mir/recover-20220922/UBNA_001/20220921_090000.WAV,Telephone Field,recover-20220922,001,1795
144.0775,144.0855,28046,37478,Eptesicus serotinus,0.007,0.021,-1,Echolocation,/mnt/ubna_data_02_mir/recover-20220922/UBNA_001/20220921_090000.WAV,Telephone Field,recover-20220922,001,1795
144.1195,144.162,68437,82893,Rhinolophus ferrumequinum,0.033,0.033,-1,Echolocation,/mnt/ubna_data_02_mir/recover-20220922/UBNA_001/20220921_090000.WAV,Telephone Field,recover-20220922,001,1795
144.1255,144.1346,26328,33786,Eptesicus serotinus,0.008,0.021,-1,Echolocation,/mnt/ubna_data_02_mir/recover-20220922/UBNA_001/20220921_090000.WAV,Telephone Field,recover-20220922,001,1795
144.1675,144.20510000000002,68437,81879,Rhinolophus ferrumequinum,0.024,0.024,-1,Echolocation,/mnt/ubna_data_02_mir/recover-20220922/UBNA_001/20220921_090000.WAV,Telephone Field,recover-20220922,001,1795
144.2155,144.2258,23750,30027,Nyctalus leisleri,0.009,0.021,-1,Echolocation,/mnt/ubna_data_02_mir/recover-20220922/UBNA_001/20220921_090000.WAV,Telephone Field,recover-20220922,001,1795
144.2405,144.2503,22031,26899,Nyctalus leisleri,0.01,0.021,-1,Echolocation,/mnt/ubna_data_02_mir/recover-20220922/UBNA_001/20220921_090000.WAV,Telephone Field,recover-20220922,001,1795
144.3165,144.35739999999998,68437,82226,Rhinolophus ferrumequinum,0.024,0.024,-1,Echolocation,/mnt/ubna_data_02_mir/recover-20220922/UBNA_001/20220921_090000.WAV,Telephone Field,recover-20220922,001,1795
144.3225,144.3638,68437,82550,Rhinolophus ferrumequinum,0.022,0.022,-1,Echolocation,/mnt/ubna_data_02_mir/recover-20220922/UBNA_001/20220921_090000.WAV,Telephone Field,recover-20220922,001,1795
144.3235,144.3334,23750,30021,Nyctalus leisleri,0.007,0.02,-1,Echolocation,/mnt/ubna_data_02_mir/recover-20220922/UBNA_001/20220921_090000.WAV,Telephone Field,recover-20220922,001,1795
144.3385,144.3775,68437,82617,Rhinolophus ferrumequinum,0.024,0.024,-1,Echolocation,/mnt/ubna_data_02_mir/recover-20220922/UBNA_001/20220921_090000.WAV,Telephone Field,recover-20220922,001,1795
144.3515,144.3624,28906,35405,Eptesicus serotinus,0.012,0.025,-1,Echolocation,/mnt/ubna_data_02_mir/recover-20220922/UBNA_001/20220921_090000.WAV,Telephone Field,recover-20220922,001,1795
144.3725,144.3817,44375,53239,Pipistrellus pipistrellus,0.016,0.021,-1,Echolocation,/mnt/ubna_data_02_mir/recover-20220922/UBNA_001/20220921_090000.WAV,Telephone Field,recover-20220922,001,1795
144.3755,144.4144,68437,82021,Rhinolophus ferrumequinum,0.021,0.021,-1,Echolocation,/mnt/ubna_data_02_mir/recover-20220922/UBNA_001/20220921_090000.WAV,Telephone Field,recover-20220922,001,1795
144.3815,144.3907,26328,34975,Eptesicus serotinus,0.009,0.021,-1,Echolocation,/mnt/ubna_data_02_mir/recover-20220922/UBNA_001/20220921_090000.WAV,Telephone Field,recover-20220922,001,1795
144.3975,144.4061,28046,37415,Eptesicus serotinus,0.008,0.021,-1,Echolocation,/mnt/ubna_data_02_mir/recover-20220922/UBNA_001/20220921_090000.WAV,Telephone Field,recover-20220922,001,1795
144.4005,144.4409,68437,82224,Rhinolophus ferrumequinum,0.023,0.023,-1,Echolocation,/mnt/ubna_data_02_mir/recover-20220922/UBNA_001/20220921_090000.WAV,Telephone Field,recover-20220922,001,1795
144.4255,144.4648,68437,82359,Rhinolophus ferrumequinum,0.021,0.021,-1,Echolocation,/mnt/ubna_data_02_mir/recover-20220922/UBNA_001/20220921_090000.WAV,Telephone Field,recover-20220922,001,1795
144.4665,144.5058,68437,82058,Rhinolophus ferrumequinum,0.022,0.022,-1,Echolocation,/mnt/ubna_data_02_mir/recover-20220922/UBNA_001/20220921_090000.WAV,Telephone Field,recover-20220922,001,1795
144.5155,144.55180000000001,68437,81825,Rhinolophus ferrumequinum,0.023,0.023,-1,Echolocation,/mnt/ubna_data_02_mir/recover-20220922/UBNA_001/20220921_090000.WAV,Telephone Field,recover-20220922,001,1795
144.5505,144.5921,68437,82622,Rhinolophus ferrumequinum,0.024,0.024,-1,Echolocation,/mnt/ubna_data_02_mir/recover-20220922/UBNA_001/20220921_090000.WAV,Telephone Field,recover-20220922,001,1795
144.5585,144.5678,26328,33971,Eptesicus serotinus,0.01,0.024,-1,Echolocation,/mnt/ubna_data_02_mir/recover-20220922/UBNA_001/20220921_090000.WAV,Telephone Field,recover-20220922,001,1795
144.5595,144.595,68437,81551,Rhinolophus ferrumequinum,0.022,0.022,-1,Echolocation,/mnt/ubna_data_02_mir/recover-20220922/UBNA_001/20220921_090000.WAV,Telephone Field,recover-20220922,001,1795
144.5945,144.6335,68437,82398,Rhinolophus ferrumequinum,0.025,0.025,-1,Echolocation,/mnt/ubna_data_02_mir/recover-20220922/UBNA_001/20220921_090000.WAV,Telephone Field,recover-20220922,001,1795
144.6165,144.6546,68437,81898,Rhinolophus ferrumequinum,0.022,0.022,-1,Echolocation,/mnt/ubna_data_02_mir/recover-20220922/UBNA_001/20220921_090000.WAV,Telephone Field,recover-20220922,001,1795
144.6375,144.6764,68437,81854,Rhinolophus ferrumequinum,0.023,0.023,-1,Echolocation,/mnt/ubna_data_02_mir/recover-20220922/UBNA_001/20220921_090000.WAV,Telephone Field,recover-20220922,001,1795
144.6695,144.7078,68437,82250,Rhinolophus ferrumequinum,0.023,0.023,-1,Echolocation,/mnt/ubna_data_02_mir/recover-20220922/UBNA_001/20220921_090000.WAV,Telephone Field,recover-20220922,001,1795
144.6805,144.7229,68437,82453,Rhinolophus ferrumequinum,0.025,0.025,-1,Echolocation,/mnt/ubna_data_02_mir/recover-20220922/UBNA_001/20220921_090000.WAV,Telephone Field,recover-20220922,001,1795
144.6885,144.7294,68437,83188,Rhinolophus ferrumequinum,0.032,0.032,-1,Echolocation,/mnt/ubna_data_02_mir/recover-20220922/UBNA_001/20220921_090000.WAV,Telephone Field,recover-20220922,001,1795
144.6995,144.7084,37500,44884,Pipistrellus nathusii,0.01,0.024,-1,Echolocation,/mnt/ubna_data_02_mir/recover-20220922/UBNA_001/20220921_090000.WAV,Telephone Field,recover-20220922,001,1795
144.8045,144.8151,28046,36886,Eptesicus serotinus,0.014,0.026,-1,Echolocation,/mnt/ubna_data_02_mir/recover-20220922/UBNA_001/20220921_090000.WAV,Telephone Field,recover-20220922,001,1795
144.8175,144.8578,68437,82631,Rhinolophus ferrumequinum,0.024,0.024,-1,Echolocation,/mnt/ubna_data_02_mir/recover-20220922/UBNA_001/20220921_090000.WAV,Telephone Field,recover-20220922,001,1795
144.8975,144.9367,68437,82379,Rhinolophus ferrumequinum,0.023,0.023,-1,Echolocation,/mnt/ubna_data_02_mir/recover-20220922/UBNA_001/20220921_090000.WAV,Telephone Field,recover-20220922,001,1795
144.9225,144.9612,68437,82471,Rhinolophus ferrumequinum,0.022,0.022,-1,Echolocation,/mnt/ubna_data_02_mir/recover-20220922/UBNA_001/20220921_090000.WAV,Telephone Field,recover-20220922,001,1795
144.9355,144.9498,22890,28160,Nyctalus leisleri,0.015,0.028,-1,Echolocation,/mnt/ubna_data_02_mir/recover-20220922/UBNA_001/20220921_090000.WAV,Telephone Field,recover-20220922,001,1795
144.9495,144.9882,68437,82223,Rhinolophus ferrumequinum,0.024,0.024,-1,Echolocation,/mnt/ubna_data_02_mir/recover-20220922/UBNA_001/20220921_090000.WAV,Telephone Field,recover-20220922,001,1795
144.9525,144.9611,28046,40619,Eptesicus serotinus,0.007,0.021,-1,Echolocation,/mnt/ubna_data_02_mir/recover-20220922/UBNA_001/20220921_090000.WAV,Telephone Field,recover-20220922,001,1795
144.9615,144.9971,68437,81816,Rhinolophus ferrumequinum,0.02,0.02,-1,Echolocation,/mnt/ubna_data_02_mir/recover-20220922/UBNA_001/20220921_090000.WAV,Telephone Field,recover-20220922,001,1795
145.0135,145.0229,27187,35449,Eptesicus serotinus,0.01,0.023,-1,Echolocation,/mnt/ubna_data_02_mir/recover-20220922/UBNA_001/20220921_090000.WAV,Telephone Field,recover-20220922,001,1795
145.0435,145.0794,68437,81222,Rhinolophus ferrumequinum,0.021,0.021,-1,Echolocation,/mnt/ubna_data_02_mir/recover-20220922/UBNA_001/20220921_090000.WAV,Telephone Field,recover-20220922,001,1795
145.0545,145.0664,22890,26838,Nyctalus leisleri,0.013,0.022,-1,Echolocation,/mnt/ubna_data_02_mir/recover-20220922/UBNA_001/20220921_090000.WAV,Telephone Field,recover-20220922,001,1795
145.1165,145.124,24609,32415,Plecotus austriacus,0.007,0.021,-1,Echolocation,/mnt/ubna_data_02_mir/recover-20220922/UBNA_001/20220921_090000.WAV,Telephone Field,recover-20220922,001,1795
145.1505,145.16,24609,32094,Eptesicus serotinus,0.008,0.024,-1,Echolocation,/mnt/ubna_data_02_mir/recover-20220922/UBNA_001/20220921_090000.WAV,Telephone Field,recover-20220922,001,1795
145.1715,145.17849999999999,30625,40784,Myotis daubentonii,0.008,0.023,-1,Echolocation,/mnt/ubna_data_02_mir/recover-20220922/UBNA_001/20220921_090000.WAV,Telephone Field,recover-20220922,001,1795
145.1955,145.2046,44375,52278,Pipistrellus pipistrellus,0.016,0.021,-1,Echolocation,/mnt/ubna_data_02_mir/recover-20220922/UBNA_001/20220921_090000.WAV,Telephone Field,recover-20220922,001,1795
145.2135,145.2241,23750,29266,Nyctalus leisleri,0.009,0.021,-1,Echolocation,/mnt/ubna_data_02_mir/recover-20220922/UBNA_001/20220921_090000.WAV,Telephone Field,recover-20220922,001,1795
145.2185,145.2289,23750,29498,Nyctalus leisleri,0.009,0.021,-1,Echolocation,/mnt/ubna_data_02_mir/recover-20220922/UBNA_001/20220921_090000.WAV,Telephone Field,recover-20220922,001,1795
145.2315,145.27179999999998,68437,82639,Rhinolophus ferrumequinum,0.025,0.025,-1,Echolocation,/mnt/ubna_data_02_mir/recover-20220922/UBNA_001/20220921_090000.WAV,Telephone Field,recover-20220922,001,1795
145.2815,145.3249,68437,83269,Rhinolophus ferrumequinum,0.034,0.034,-1,Echolocation,/mnt/ubna_data_02_mir/recover-20220922/UBNA_001/20220921_090000.WAV,Telephone Field,recover-20220922,001,1795
145.3155,145.3553,68437,81688,Rhinolophus ferrumequinum,0.024,0.025,-1,Echolocation,/mnt/ubna_data_02_mir/recover-20220922/UBNA_001/20220921_090000.WAV,Telephone Field,recover-20220922,001,1795
145.3245,145.3645,68437,81856,Rhinolophus ferrumequinum,0.02,0.02,-1,Echolocation,/mnt/ubna_data_02_mir/recover-20220922/UBNA_001/20220921_090000.WAV,Telephone Field,recover-20220922,001,1795
145.3425,145.3835,68437,82695,Rhinolophus ferrumequinum,0.024,0.024,-1,Echolocation,/mnt/ubna_data_02_mir/recover-20220922/UBNA_001/20220921_090000.WAV,Telephone Field,recover-20220922,001,1795
145.3445,145.3567,23750,28862,Nyctalus leisleri,0.013,0.029,-1,Echolocation,/mnt/ubna_data_02_mir/recover-20220922/UBNA_001/20220921_090000.WAV,Telephone Field,recover-20220922,001,1795
145.3645,145.37630000000001,22890,27517,Nyctalus leisleri,0.013,0.024,-1,Echolocation,/mnt/ubna_data_02_mir/recover-20220922/UBNA_001/20220921_090000.WAV,Telephone Field,recover-20220922,001,1795
145.4545,145.4938,68437,82251,Rhinolophus ferrumequinum,0.023,0.023,-1,Echolocation,/mnt/ubna_data_02_mir/recover-20220922/UBNA_001/20220921_090000.WAV,Telephone Field,recover-20220922,001,1795
145.4625,145.5023,68437,81840,Rhinolophus ferrumequinum,0.022,0.022,-1,Echolocation,/mnt/ubna_data_02_mir/recover-20220922/UBNA_001/20220921_090000.WAV,Telephone Field,recover-20220922,001,1795
145.4665,145.4742,27187,37884,Eptesicus serotinus,0.01,0.026,-1,Echolocation,/mnt/ubna_data_02_mir/recover-20220922/UBNA_001/20220921_090000.WAV,Telephone Field,recover-20220922,001,1795
145.4835,145.5001,22031,25410,Nyctalus leisleri,0.014,0.024,-1,Echolocation,/mnt/ubna_data_02_mir/recover-20220922/UBNA_001/20220921_090000.WAV,Telephone Field,recover-20220922,001,1795
145.4845,145.5276,68437,83312,Rhinolophus ferrumequinum,0.026,0.026,-1,Echolocation,/mnt/ubna_data_02_mir/recover-20220922/UBNA_001/20220921_090000.WAV,Telephone Field,recover-20220922,001,1795
145.5205,145.56040000000002,68437,81785,Rhinolophus ferrumequinum,0.024,0.024,-1,Echolocation,/mnt/ubna_data_02_mir/recover-20220922/UBNA_001/20220921_090000.WAV,Telephone Field,recover-20220922,001,1795
145.5425,145.5856,68437,82563,Rhinolophus ferrumequinum,0.022,0.022,-1,Echolocation,/mnt/ubna_data_02_mir/recover-20220922/UBNA_001/20220921_090000.WAV,Telephone Field,recover-20220922,001,1795
145.57150000000001,145.6115,68437,82405,Rhinolophus ferrumequinum,0.025,0.025,-1,Echolocation,/mnt/ubna_data_02_mir/recover-20220922/UBNA_001/20220921_090000.WAV,Telephone Field,recover-20220922,001,1795
145.5775,145.6169,68437,82079,Rhinolophus ferrumequinum,0.024,0.024,-1,Echolocation,/mnt/ubna_data_02_mir/recover-20220922/UBNA_001/20220921_090000.WAV,Telephone Field,recover-20220922,001,1795
145.5875,145.6272,68437,82055,Rhinolophus ferrumequinum,0.02,0.02,-1,Echolocation,/mnt/ubna_data_02_mir/recover-20220922/UBNA_001/20220921_090000.WAV,Telephone Field,recover-20220922,001,1795
145.6065,145.6456,68437,82144,Rhinolophus ferrumequinum,0.021,0.021,-1,Echolocation,/mnt/ubna_data_02_mir/recover-20220922/UBNA_001/20220921_090000.WAV,Telephone Field,recover-20220922,001,1795
145.6295,145.6376,26328,35813,Eptesicus serotinus,0.008,0.021,-1,Echolocation,/mnt/ubna_data_02_mir/recover-20220922/UBNA_001/20220921_090000.WAV,Telephone Field,recover-20220922,001,1795
145.6585,145.6695,28906,36490,Eptesicus serotinus,0.013,0.027,-1,Echolocation,/mnt/ubna_data_02_mir/recover-20220922/UBNA_001/20220921_090000.WAV,Telephone Field,recover-20220922,001,1795
145.6605,145.7018,68437,82810,Rhinolophus ferrumequinum,0.023,0.023,-1,Echolocation,/mnt/ubna_data_02_mir/recover-20220922/UBNA_001/20220921_090000.WAV,Telephone Field,recover-20220922,001,1795
145.6945,145.7308,68437,81350,Rhinolophus ferrumequinum,0.021,0.021,-1,Echolocation,/mnt/ubna_data_02_mir/recover-20220922/UBNA_001/20220921_090000.WAV,Telephone Field,recover-20220922,001,1795
145.7065,145.7451,68437,82348,Rhinolophus ferrumequinum,0.021,0.021,-1,Echolocation,/mnt/ubna_data_02_mir/recover-20220922/UBNA_001/20220921_090000.WAV,Telephone Field,recover-20220922,001,1795
145.7265,145.7662,68437,82933,Rhinolophus ferrumequinum,0.026,0.026,-1,Echolocation,/mnt/ubna_data_02_mir/recover-20220922/UBNA_001/20220921_090000.WAV,Telephone Field,recover-20220922,001,1795
145.7415,145.7796,68437,81832,Rhinolophus ferrumequinum,0.021,0.021,-1,Echolocation,/mnt/ubna_data_02_mir/recover-20220922/UBNA_001/20220921_090000.WAV,Telephone Field,recover-20220922,001,1795
145.7525,145.7885,68437,81551,Rhinolophus ferrumequinum,0.023,0.023,-1,Echolocation,/mnt/ubna_data_02_mir/recover-20220922/UBNA_001/20220921_090000.WAV,Telephone Field,recover-20220922,001,1795
145.76749999999998,145.8113,68437,83710,Rhinolophus ferrumequinum,0.044,0.044,-1,Echolocation,/mnt/ubna_data_02_mir/recover-20220922/UBNA_001/20220921_090000.WAV,Telephone Field,recover-20220922,001,1795
145.7925,145.8272,68437,81554,Rhinolophus ferrumequinum,0.022,0.022,-1,Echolocation,/mnt/ubna_data_02_mir/recover-20220922/UBNA_001/20220921_090000.WAV,Telephone Field,recover-20220922,001,1795
145.7985,145.813,26328,30791,Nyctalus leisleri,0.016,0.036,-1,Echolocation,/mnt/ubna_data_02_mir/recover-20220922/UBNA_001/20220921_090000.WAV,Telephone Field,recover-20220922,001,1795
145.8005,145.839,68437,82184,Rhinolophus ferrumequinum,0.021,0.021,-1,Echolocation,/mnt/ubna_data_02_mir/recover-20220922/UBNA_001/20220921_090000.WAV,Telephone Field,recover-20220922,001,1795
145.8085,145.8471,68437,82635,Rhinolophus ferrumequinum,0.021,0.021,-1,Echolocation,/mnt/ubna_data_02_mir/recover-20220922/UBNA_001/20220921_090000.WAV,Telephone Field,recover-20220922,001,1795
145.8095,145.8202,25468,32123,Eptesicus serotinus,0.009,0.021,-1,Echolocation,/mnt/ubna_data_02_mir/recover-20220922/UBNA_001/20220921_090000.WAV,Telephone Field,recover-20220922,001,1795
145.8225,145.8611,68437,81364,Rhinolophus ferrumequinum,0.025,0.025,-1,Echolocation,/mnt/ubna_data_02_mir/recover-20220922/UBNA_001/20220921_090000.WAV,Telephone Field,recover-20220922,001,1795
145.8685,145.9106,68437,82865,Rhinolophus ferrumequinum,0.03,0.03,-1,Echolocation,/mnt/ubna_data_02_mir/recover-20220922/UBNA_001/20220921_090000.WAV,Telephone Field,recover-20220922,001,1795
145.8745,145.8822,50390,56497,Pipistrellus pipistrellus,0.017,0.021,-1,Echolocation,/mnt/ubna_data_02_mir/recover-20220922/UBNA_001/20220921_090000.WAV,Telephone Field,recover-20220922,001,1795
145.8975,145.9077,28046,35346,Eptesicus serotinus,0.011,0.024,-1,Echolocation,/mnt/ubna_data_02_mir/recover-20220922/UBNA_001/20220921_090000.WAV,Telephone Field,recover-20220922,001,1795
145.9115,145.9494,68437,82043,Rhinolophus ferrumequinum,0.023,0.023,-1,Echolocation,/mnt/ubna_data_02_mir/recover-20220922/UBNA_001/20220921_090000.WAV,Telephone Field,recover-20220922,001,1795
145.9385,145.9493,23750,28665,Nyctalus leisleri,0.011,0.024,-1,Echolocation,/mnt/ubna_data_02_mir/recover-20220922/UBNA_001/20220921_090000.WAV,Telephone Field,recover-20220922,001,1795
145.9565,145.9642,48671,53044,Pipistrellus pipistrellus,0.021,0.023,-1,Echolocation,/mnt/ubna_data_02_mir/recover-20220922/UBNA_001/20220921_090000.WAV,Telephone Field,recover-20220922,001,1795
146.0015,146.0136,46953,51109,Pipistrellus pipistrellus,0.033,0.041,-1,Echolocation,/mnt/ubna_data_02_mir/recover-20220922/UBNA_001/20220921_090000.WAV,Telephone Field,recover-20220922,001,1795
146.0015,146.0319,69296,81604,Rhinolophus ferrumequinum,0.039,0.04,-1,Echolocation,/mnt/ubna_data_02_mir/recover-20220922/UBNA_001/20220921_090000.WAV,Telephone Field,recover-20220922,001,1795
146.0015,146.0103,26328,36041,Nyctalus leisleri,0.006,0.023,-1,Echolocation,/mnt/ubna_data_02_mir/recover-20220922/UBNA_001/20220921_090000.WAV,Telephone Field,recover-20220922,001,1795
146.0015,146.0131,20312,25474,Nyctalus leisleri,0.01,0.023,-1,Echolocation,/mnt/ubna_data_02_mir/recover-20220922/UBNA_001/20220921_090000.WAV,Telephone Field,recover-20220922,001,1795
146.0125,146.0461,68437,81115,Rhinolophus ferrumequinum,0.025,0.025,-1,Echolocation,/mnt/ubna_data_02_mir/recover-20220922/UBNA_001/20220921_090000.WAV,Telephone Field,recover-20220922,001,1795
146.0145,146.0235,24609,32850,Eptesicus serotinus,0.007,0.022,-1,Echolocation,/mnt/ubna_data_02_mir/recover-20220922/UBNA_001/20220921_090000.WAV,Telephone Field,recover-20220922,001,1795
146.0285,146.0383,27187,34214,Eptesicus serotinus,0.009,0.021,-1,Echolocation,/mnt/ubna_data_02_mir/recover-20220922/UBNA_001/20220921_090000.WAV,Telephone Field,recover-20220922,001,1795
146.0585,146.0936,68437,81568,Rhinolophus ferrumequinum,0.021,0.021,-1,Echolocation,/mnt/ubna_data_02_mir/recover-20220922/UBNA_001/20220921_090000.WAV,Telephone Field,recover-20220922,001,1795
146.0725,146.0808,28046,39219,Eptesicus serotinus,0.009,0.024,-1,Echolocation,/mnt/ubna_data_02_mir/recover-20220922/UBNA_001/20220921_090000.WAV,Telephone Field,recover-20220922,001,1795
146.0895,146.126,68437,81253,Rhinolophus ferrumequinum,0.022,0.022,-1,Echolocation,/mnt/ubna_data_02_mir/recover-20220922/UBNA_001/20220921_090000.WAV,Telephone Field,recover-20220922,001,1795
146.0995,146.1385,68437,81666,Rhinolophus ferrumequinum,0.024,0.024,-1,Echolocation,/mnt/ubna_data_02_mir/recover-20220922/UBNA_001/20220921_090000.WAV,Telephone Field,recover-20220922,001,1795
146.1115,146.1486,68437,81385,Rhinolophus ferrumequinum,0.038,0.038,-1,Echolocation,/mnt/ubna_data_02_mir/recover-20220922/UBNA_001/20220921_090000.WAV,Telephone Field,recover-20220922,001,1795
146.1195,146.1577,68437,82321,Rhinolophus ferrumequinum,0.023,0.023,-1,Echolocation,/mnt/ubna_data_02_mir/recover-20220922/UBNA_001/20220921_090000.WAV,Telephone Field,recover-20220922,001,1795
146.1315,146.14249999999998,23750,29622,Nyctalus leisleri,0.012,0.027,-1,Echolocation,/mnt/ubna_data_02_mir/recover-20220922/UBNA_001/20220921_090000.WAV,Telephone Field,recover-20220922,001,1795
146.1755,146.184,22031,28668,Plecotus austriacus,0.009,0.021,-1,Echolocation,/mnt/ubna_data_02_mir/recover-20220922/UBNA_001/20220921_090000.WAV,Telephone Field,recover-20220922,001,1795
146.1755,146.2169,68437,82421,Rhinolophus ferrumequinum,0.027,0.027,-1,Echolocation,/mnt/ubna_data_02_mir/recover-20220922/UBNA_001/20220921_090000.WAV,Telephone Field,recover-20220922,001,1795
146.1755,146.1831,28906,40719,Eptesicus serotinus,0.008,0.024,-1,Echolocation,/mnt/ubna_data_02_mir/recover-20220922/UBNA_001/20220921_090000.WAV,Telephone Field,recover-20220922,001,1795
146.1845,146.2222,68437,81581,Rhinolophus ferrumequinum,0.021,0.021,-1,Echolocation,/mnt/ubna_data_02_mir/recover-20220922/UBNA_001/20220921_090000.WAV,Telephone Field,recover-20220922,001,1795
146.23250000000002,146.2726,68437,82197,Rhinolophus ferrumequinum,0.023,0.023,-1,Echolocation,/mnt/ubna_data_02_mir/recover-20220922/UBNA_001/20220921_090000.WAV,Telephone Field,recover-20220922,001,1795
146.2515,146.2629,23750,28837,Nyctalus leisleri,0.015,0.03,-1,Echolocation,/mnt/ubna_data_02_mir/recover-20220922/UBNA_001/20220921_090000.WAV,Telephone Field,recover-20220922,001,1795
146.2615,146.2973,68437,81260,Rhinolophus ferrumequinum,0.023,0.023,-1,Echolocation,/mnt/ubna_data_02_mir/recover-20220922/UBNA_001/20220921_090000.WAV,Telephone Field,recover-20220922,001,1795
146.2805,146.3184,68437,81538,Rhinolophus ferrumequinum,0.021,0.021,-1,Echolocation,/mnt/ubna_data_02_mir/recover-20220922/UBNA_001/20220921_090000.WAV,Telephone Field,recover-20220922,001,1795
146.3005,146.3402,68437,82464,Rhinolophus ferrumequinum,0.022,0.022,-1,Echolocation,/mnt/ubna_data_02_mir/recover-20220922/UBNA_001/20220921_090000.WAV,Telephone Field,recover-20220922,001,1795
146.30349999999999,146.31119999999999,28906,39066,Eptesicus serotinus,0.007,0.023,-1,Echolocation,/mnt/ubna_data_02_mir/recover-20220922/UBNA_001/20220921_090000.WAV,Telephone Field,recover-20220922,001,1795
146.3165,146.35399999999998,68437,81598,Rhinolophus ferrumequinum,0.023,0.023,-1,Echolocation,/mnt/ubna_data_02_mir/recover-20220922/UBNA_001/20220921_090000.WAV,Telephone Field,recover-20220922,001,1795
146.3255,146.3656,68437,81746,Rhinolophus ferrumequinum,0.022,0.022,-1,Echolocation,/mnt/ubna_data_02_mir/recover-20220922/UBNA_001/20220921_090000.WAV,Telephone Field,recover-20220922,001,1795
146.3345,146.3433,27187,35144,Eptesicus serotinus,0.01,0.023,-1,Echolocation,/mnt/ubna_data_02_mir/recover-20220922/UBNA_001/20220921_090000.WAV,Telephone Field,recover-20220922,001,1795
146.3425,146.3769,68437,81622,Rhinolophus ferrumequinum,0.022,0.022,-1,Echolocation,/mnt/ubna_data_02_mir/recover-20220922/UBNA_001/20220921_090000.WAV,Telephone Field,recover-20220922,001,1795
146.3875,146.4267,68437,81985,Rhinolophus ferrumequinum,0.028,0.028,-1,Echolocation,/mnt/ubna_data_02_mir/recover-20220922/UBNA_001/20220921_090000.WAV,Telephone Field,recover-20220922,001,1795
146.4215,146.4291,28046,39537,Eptesicus serotinus,0.007,0.023,-1,Echolocation,/mnt/ubna_data_02_mir/recover-20220922/UBNA_001/20220921_090000.WAV,Telephone Field,recover-20220922,001,1795
146.4265,146.4613,68437,80761,Rhinolophus ferrumequinum,0.024,0.024,-1,Echolocation,/mnt/ubna_data_02_mir/recover-20220922/UBNA_001/20220921_090000.WAV,Telephone Field,recover-20220922,001,1795
146.4295,146.4366,26328,35624,Eptesicus serotinus,0.006,0.025,-1,Echolocation,/mnt/ubna_data_02_mir/recover-20220922/UBNA_001/20220921_090000.WAV,Telephone Field,recover-20220922,001,1795
146.4985,146.5328,68437,80427,Rhinolophus ferrumequinum,0.021,0.021,-1,Echolocation,/mnt/ubna_data_02_mir/recover-20220922/UBNA_001/20220921_090000.WAV,Telephone Field,recover-20220922,001,1795
146.5125,146.5236,22890,27272,Nyctalus leisleri,0.011,0.021,-1,Echolocation,/mnt/ubna_data_02_mir/recover-20220922/UBNA_001/20220921_090000.WAV,Telephone Field,recover-20220922,001,1795
146.5165,146.5549,68437,81447,Rhinolophus ferrumequinum,0.022,0.022,-1,Echolocation,/mnt/ubna_data_02_mir/recover-20220922/UBNA_001/20220921_090000.WAV,Telephone Field,recover-20220922,001,1795
146.5435,146.5778,68437,80717,Rhinolophus ferrumequinum,0.022,0.022,-1,Echolocation,/mnt/ubna_data_02_mir/recover-20220922/UBNA_001/20220921_090000.WAV,Telephone Field,recover-20220922,001,1795
146.5485,146.5583,28906,37247,Eptesicus serotinus,0.01,0.024,-1,Echolocation,/mnt/ubna_data_02_mir/recover-20220922/UBNA_001/20220921_090000.WAV,Telephone Field,recover-20220922,001,1795
146.5555,146.593,68437,81975,Rhinolophus ferrumequinum,0.022,0.022,-1,Echolocation,/mnt/ubna_data_02_mir/recover-20220922/UBNA_001/20220921_090000.WAV,Telephone Field,recover-20220922,001,1795
146.5685,146.6071,68437,81883,Rhinolophus ferrumequinum,0.025,0.025,-1,Echolocation,/mnt/ubna_data_02_mir/recover-20220922/UBNA_001/20220921_090000.WAV,Telephone Field,recover-20220922,001,1795
146.5935,146.6294,68437,81868,Rhinolophus ferrumequinum,0.02,0.02,-1,Echolocation,/mnt/ubna_data_02_mir/recover-20220922/UBNA_001/20220921_090000.WAV,Telephone Field,recover-20220922,001,1795
146.6015,146.6115,23750,30049,Nyctalus leisleri,0.008,0.022,-1,Echolocation,/mnt/ubna_data_02_mir/recover-20220922/UBNA_001/20220921_090000.WAV,Telephone Field,recover-20220922,001,1795
146.6105,146.653,68437,82716,Rhinolophus ferrumequinum,0.024,0.024,-1,Echolocation,/mnt/ubna_data_02_mir/recover-20220922/UBNA_001/20220921_090000.WAV,Telephone Field,recover-20220922,001,1795
146.6275,146.6656,68437,82402,Rhinolophus ferrumequinum,0.021,0.021,-1,Echolocation,/mnt/ubna_data_02_mir/recover-20220922/UBNA_001/20220921_090000.WAV,Telephone Field,recover-20220922,001,1795
146.6535,146.698,68437,83572,Rhinolophus ferrumequinum,0.044,0.044,-1,Echolocation,/mnt/ubna_data_02_mir/recover-20220922/UBNA_001/20220921_090000.WAV,Telephone Field,recover-20220922,001,1795
146.6885,146.7299,68437,82253,Rhinolophus ferrumequinum,0.021,0.021,-1,Echolocation,/mnt/ubna_data_02_mir/recover-20220922/UBNA_001/20220921_090000.WAV,Telephone Field,recover-20220922,001,1795
146.7075,146.7467,68437,82525,Rhinolophus ferrumequinum,0.026,0.026,-1,Echolocation,/mnt/ubna_data_02_mir/recover-20220922/UBNA_001/20220921_090000.WAV,Telephone Field,recover-20220922,001,1795
146.7255,146.7343,23750,32095,Plecotus austriacus,0.011,0.029,-1,Echolocation,/mnt/ubna_data_02_mir/recover-20220922/UBNA_001/20220921_090000.WAV,Telephone Field,recover-20220922,001,1795
146.7275,146.7342,36640,43089,Myotis daubentonii,0.007,0.021,-1,Echolocation,/mnt/ubna_data_02_mir/recover-20220922/UBNA_001/20220921_090000.WAV,Telephone Field,recover-20220922,001,1795
146.7525,146.7632,22890,27648,Nyctalus leisleri,0.013,0.025,-1,Echolocation,/mnt/ubna_data_02_mir/recover-20220922/UBNA_001/20220921_090000.WAV,Telephone Field,recover-20220922,001,1795
146.7655,146.7741,51250,57382,Pipistrellus pipistrellus,0.018,0.021,-1,Echolocation,/mnt/ubna_data_02_mir/recover-20220922/UBNA_001/20220921_090000.WAV,Telephone Field,recover-20220922,001,1795
146.7935,146.8032,28046,35282,Eptesicus serotinus,0.01,0.022,-1,Echolocation,/mnt/ubna_data_02_mir/recover-20220922/UBNA_001/20220921_090000.WAV,Telephone Field,recover-20220922,001,1795
146.8085,146.8479,68437,82108,Rhinolophus ferrumequinum,0.023,0.023,-1,Echolocation,/mnt/ubna_data_02_mir/recover-20220922/UBNA_001/20220921_090000.WAV,Telephone Field,recover-20220922,001,1795
146.8765,146.88400000000001,24609,33637,Plecotus austriacus,0.008,0.024,-1,Echolocation,/mnt/ubna_data_02_mir/recover-20220922/UBNA_001/20220921_090000.WAV,Telephone Field,recover-20220922,001,1795
146.8785,146.9216,68437,83444,Rhinolophus ferrumequinum,0.035,0.035,-1,Echolocation,/mnt/ubna_data_02_mir/recover-20220922/UBNA_001/20220921_090000.WAV,Telephone Field,recover-20220922,001,1795
146.9135,146.9506,68437,81934,Rhinolophus ferrumequinum,0.021,0.021,-1,Echolocation,/mnt/ubna_data_02_mir/recover-20220922/UBNA_001/20220921_090000.WAV,Telephone Field,recover-20220922,001,1795
146.9235,146.93619999999999,30625,36978,Eptesicus serotinus,0.01,0.022,-1,Echolocation,/mnt/ubna_data_02_mir/recover-20220922/UBNA_001/20220921_090000.WAV,Telephone Field,recover-20220922,001,1795
146.9515,146.9905,68437,82154,Rhinolophus ferrumequinum,0.021,0.021,-1,Echolocation,/mnt/ubna_data_02_mir/recover-20220922/UBNA_001/20220921_090000.WAV,Telephone Field,recover-20220922,001,1795
146.9775,146.98590000000002,28046,41712,Eptesicus serotinus,0.007,0.022,-1,Echolocation,/mnt/ubna_data_02_mir/recover-20220922/UBNA_001/20220921_090000.WAV,Telephone Field,recover-20220922,001,1795
146.9875,147.0276,68437,82545,Rhinolophus ferrumequinum,0.021,0.021,-1,Echolocation,/mnt/ubna_data_02_mir/recover-20220922/UBNA_001/20220921_090000.WAV,Telephone Field,recover-20220922,001,1795
147.0115,147.0525,68437,82459,Rhinolophus ferrumequinum,0.023,0.023,-1,Echolocation,/mnt/ubna_data_02_mir/recover-20220922/UBNA_001/20220921_090000.WAV,Telephone Field,recover-20220922,001,1795
147.0285,147.0371,29765,37223,Eptesicus serotinus,0.007,0.021,-1,Echolocation,/mnt/ubna_data_02_mir/recover-20220922/UBNA_001/20220921_090000.WAV,Telephone Field,recover-20220922,001,1795
147.0675,147.102,68437,81190,Rhinolophus ferrumequinum,0.023,0.023,-1,Echolocation,/mnt/ubna_data_02_mir/recover-20220922/UBNA_001/20220921_090000.WAV,Telephone Field,recover-20220922,001,1795
147.0915,147.1313,68437,82483,Rhinolophus ferrumequinum,0.031,0.031,-1,Echolocation,/mnt/ubna_data_02_mir/recover-20220922/UBNA_001/20220921_090000.WAV,Telephone Field,recover-20220922,001,1795
147.1025,147.1342,68437,81093,Rhinolophus ferrumequinum,0.02,0.021,-1,Echolocation,/mnt/ubna_data_02_mir/recover-20220922/UBNA_001/20220921_090000.WAV,Telephone Field,recover-20220922,001,1795
147.1605,147.198,68437,82040,Rhinolophus ferrumequinum,0.025,0.025,-1,Echolocation,/mnt/ubna_data_02_mir/recover-20220922/UBNA_001/20220921_090000.WAV,Telephone Field,recover-20220922,001,1795
147.2045,147.2413,68437,81451,Rhinolophus ferrumequinum,0.021,0.021,-1,Echolocation,/mnt/ubna_data_02_mir/recover-20220922/UBNA_001/20220921_090000.WAV,Telephone Field,recover-20220922,001,1795
147.2345,147.2723,68437,82454,Rhinolophus ferrumequinum,0.021,0.021,-1,Echolocation,/mnt/ubna_data_02_mir/recover-20220922/UBNA_001/20220921_090000.WAV,Telephone Field,recover-20220922,001,1795
147.2385,147.2464,28906,39223,Eptesicus serotinus,0.007,0.022,-1,Echolocation,/mnt/ubna_data_02_mir/recover-20220922/UBNA_001/20220921_090000.WAV,Telephone Field,recover-20220922,001,1795
147.2755,147.3164,68437,82512,Rhinolophus ferrumequinum,0.03,0.03,-1,Echolocation,/mnt/ubna_data_02_mir/recover-20220922/UBNA_001/20220921_090000.WAV,Telephone Field,recover-20220922,001,1795
147.3155,147.3528,68437,82109,Rhinolophus ferrumequinum,0.022,0.022,-1,Echolocation,/mnt/ubna_data_02_mir/recover-20220922/UBNA_001/20220921_090000.WAV,Telephone Field,recover-20220922,001,1795
147.3445,147.3584,15156,21252,Nyctalus noctula,0.014,0.021,-1,Echolocation,/mnt/ubna_data_02_mir/recover-20220922/UBNA_001/20220921_090000.WAV,Telephone Field,recover-20220922,001,1795
147.3785,147.4201,68437,82514,Rhinolophus ferrumequinum,0.03,0.03,-1,Echolocation,/mnt/ubna_data_02_mir/recover-20220922/UBNA_001/20220921_090000.WAV,Telephone Field,recover-20220922,001,1795
147.3835,147.3953,22890,27811,Nyctalus leisleri,0.017,0.033,-1,Echolocation,/mnt/ubna_data_02_mir/recover-20220922/UBNA_001/20220921_090000.WAV,Telephone Field,recover-20220922,001,1795
147.4095,147.4218,23750,29846,Nyctalus leisleri,0.014,0.032,-1,Echolocation,/mnt/ubna_data_02_mir/recover-20220922/UBNA_001/20220921_090000.WAV,Telephone Field,recover-20220922,001,1795
147.4305,147.4681,68437,81799,Rhinolophus ferrumequinum,0.023,0.023,-1,Echolocation,/mnt/ubna_data_02_mir/recover-20220922/UBNA_001/20220921_090000.WAV,Telephone Field,recover-20220922,001,1795
147.4355,147.4429,25468,37483,Plecotus austriacus,0.006,0.025,-1,Echolocation,/mnt/ubna_data_02_mir/recover-20220922/UBNA_001/20220921_090000.WAV,Telephone Field,recover-20220922,001,1795
147.4555,147.4943,68437,82396,Rhinolophus ferrumequinum,0.021,0.021,-1,Echolocation,/mnt/ubna_data_02_mir/recover-20220922/UBNA_001/20220921_090000.WAV,Telephone Field,recover-20220922,001,1795
147.4635,147.5044,68437,82497,Rhinolophus ferrumequinum,0.022,0.022,-1,Echolocation,/mnt/ubna_data_02_mir/recover-20220922/UBNA_001/20220921_090000.WAV,Telephone Field,recover-20220922,001,1795
147.4845,147.5237,68437,82690,Rhinolophus ferrumequinum,0.022,0.022,-1,Echolocation,/mnt/ubna_data_02_mir/recover-20220922/UBNA_001/20220921_090000.WAV,Telephone Field,recover-20220922,001,1795
147.4905,147.5312,68437,82331,Rhinolophus ferrumequinum,0.021,0.021,-1,Echolocation,/mnt/ubna_data_02_mir/recover-20220922/UBNA_001/20220921_090000.WAV,Telephone Field,recover-20220922,001,1795
147.5435,147.5819,68437,82107,Rhinolophus ferrumequinum,0.021,0.021,-1,Echolocation,/mnt/ubna_data_02_mir/recover-20220922/UBNA_001/20220921_090000.WAV,Telephone Field,recover-20220922,001,1795
147.5595,147.5984,68437,81567,Rhinolophus ferrumequinum,0.021,0.021,-1,Echolocation,/mnt/ubna_data_02_mir/recover-20220922/UBNA_001/20220921_090000.WAV,Telephone Field,recover-20220922,001,1795
147.5675,147.577,52109,56374,Pipistrellus pygmaeus,0.017,0.024,-1,Echolocation,/mnt/ubna_data_02_mir/recover-20220922/UBNA_001/20220921_090000.WAV,Telephone Field,recover-20220922,001,1795
147.5845,147.5946,22890,27855,Nyctalus leisleri,0.01,0.021,-1,Echolocation,/mnt/ubna_data_02_mir/recover-20220922/UBNA_001/20220921_090000.WAV,Telephone Field,recover-20220922,001,1795
147.5925,147.636,68437,83077,Rhinolophus ferrumequinum,0.04,0.04,-1,Echolocation,/mnt/ubna_data_02_mir/recover-20220922/UBNA_001/20220921_090000.WAV,Telephone Field,recover-20220922,001,1795
147.5985,147.6411,68437,83216,Rhinolophus ferrumequinum,0.041,0.041,-1,Echolocation,/mnt/ubna_data_02_mir/recover-20220922/UBNA_001/20220921_090000.WAV,Telephone Field,recover-20220922,001,1795
147.6405,147.67770000000002,68437,81729,Rhinolophus ferrumequinum,0.022,0.022,-1,Echolocation,/mnt/ubna_data_02_mir/recover-20220922/UBNA_001/20220921_090000.WAV,Telephone Field,recover-20220922,001,1795
147.6585,147.6967,68437,81735,Rhinolophus ferrumequinum,0.023,0.023,-1,Echolocation,/mnt/ubna_data_02_mir/recover-20220922/UBNA_001/20220921_090000.WAV,Telephone Field,recover-20220922,001,1795
147.6735,147.6826,22031,28210,Plecotus austriacus,0.009,0.023,-1,Echolocation,/mnt/ubna_data_02_mir/recover-20220922/UBNA_001/20220921_090000.WAV,Telephone Field,recover-20220922,001,1795
147.7115,147.7188,28046,40447,Eptesicus serotinus,0.006,0.021,-1,Echolocation,/mnt/ubna_data_02_mir/recover-20220922/UBNA_001/20220921_090000.WAV,Telephone Field,recover-20220922,001,1795
147.7335,147.7731,68437,81953,Rhinolophus ferrumequinum,0.021,0.021,-1,Echolocation,/mnt/ubna_data_02_mir/recover-20220922/UBNA_001/20220921_090000.WAV,Telephone Field,recover-20220922,001,1795
147.7495,147.7586,22031,27767,Plecotus austriacus,0.008,0.021,-1,Echolocation,/mnt/ubna_data_02_mir/recover-20220922/UBNA_001/20220921_090000.WAV,Telephone Field,recover-20220922,001,1795
147.77949999999998,147.7938,57265,63627,Pipistrellus pygmaeus,0.022,0.023,-1,Echolocation,/mnt/ubna_data_02_mir/recover-20220922/UBNA_001/20220921_090000.WAV,Telephone Field,recover-20220922,001,1795
147.8185,147.8289,21171,25812,Nyctalus leisleri,0.01,0.021,-1,Echolocation,/mnt/ubna_data_02_mir/recover-20220922/UBNA_001/20220921_090000.WAV,Telephone Field,recover-20220922,001,1795
147.8305,147.8403,23750,30420,Nyctalus leisleri,0.008,0.024,-1,Echolocation,/mnt/ubna_data_02_mir/recover-20220922/UBNA_001/20220921_090000.WAV,Telephone Field,recover-20220922,001,1795
147.8765,147.9116,68437,81155,Rhinolophus ferrumequinum,0.021,0.021,-1,Echolocation,/mnt/ubna_data_02_mir/recover-20220922/UBNA_001/20220921_090000.WAV,Telephone Field,recover-20220922,001,1795
147.9065,147.9429,68437,81790,Rhinolophus ferrumequinum,0.021,0.021,-1,Echolocation,/mnt/ubna_data_02_mir/recover-20220922/UBNA_001/20220921_090000.WAV,Telephone Field,recover-20220922,001,1795
147.9405,147.9819,68437,82554,Rhinolophus ferrumequinum,0.027,0.027,-1,Echolocation,/mnt/ubna_data_02_mir/recover-20220922/UBNA_001/20220921_090000.WAV,Telephone Field,recover-20220922,001,1795
147.9665,147.9751,28906,40068,Eptesicus serotinus,0.008,0.021,-1,Echolocation,/mnt/ubna_data_02_mir/recover-20220922/UBNA_001/20220921_090000.WAV,Telephone Field,recover-20220922,001,1795
147.98250000000002,147.9894,27187,39838,Eptesicus serotinus,0.007,0.023,-1,Echolocation,/mnt/ubna_data_02_mir/recover-20220922/UBNA_001/20220921_090000.WAV,Telephone Field,recover-20220922,001,1795
148.0015,148.0371,68437,80675,Rhinolophus ferrumequinum,0.047,0.047,-1,Echolocation,/mnt/ubna_data_02_mir/recover-20220922/UBNA_001/20220921_090000.WAV,Telephone Field,recover-20220922,001,1795
148.0015,148.0111,25468,34505,Nyctalus leisleri,0.01,0.031,-1,Echolocation,/mnt/ubna_data_02_mir/recover-20220922/UBNA_001/20220921_090000.WAV,Telephone Field,recover-20220922,001,1795
148.0115,148.05180000000001,68437,82652,Rhinolophus ferrumequinum,0.024,0.024,-1,Echolocation,/mnt/ubna_data_02_mir/recover-20220922/UBNA_001/20220921_090000.WAV,Telephone Field,recover-20220922,001,1795
148.0445,148.0618,22031,25483,Nyctalus leisleri,0.016,0.025,-1,Echolocation,/mnt/ubna_data_02_mir/recover-20220922/UBNA_001/20220921_090000.WAV,Telephone Field,recover-20220922,001,1795
148.0585,148.0662,28046,38868,Eptesicus serotinus,0.006,0.02,-1,Echolocation,/mnt/ubna_data_02_mir/recover-20220922/UBNA_001/20220921_090000.WAV,Telephone Field,recover-20220922,001,1795
148.0785,148.0901,14296,18726,Nyctalus noctula,0.011,0.021,-1,Echolocation,/mnt/ubna_data_02_mir/recover-20220922/UBNA_001/20220921_090000.WAV,Telephone Field,recover-20220922,001,1795
148.1015,148.1113,27187,35907,Eptesicus serotinus,0.011,0.023,-1,Echolocation,/mnt/ubna_data_02_mir/recover-20220922/UBNA_001/20220921_090000.WAV,Telephone Field,recover-20220922,001,1795
148.1415,148.1797,68437,82415,Rhinolophus ferrumequinum,0.022,0.022,-1,Echolocation,/mnt/ubna_data_02_mir/recover-20220922/UBNA_001/20220921_090000.WAV,Telephone Field,recover-20220922,001,1795
148.1685,148.1793,22890,28475,Nyctalus leisleri,0.009,0.021,-1,Echolocation,/mnt/ubna_data_02_mir/recover-20220922/UBNA_001/20220921_090000.WAV,Telephone Field,recover-20220922,001,1795
148.1995,148.2087,28906,38252,Eptesicus serotinus,0.007,0.021,-1,Echolocation,/mnt/ubna_data_02_mir/recover-20220922/UBNA_001/20220921_090000.WAV,Telephone Field,recover-20220922,001,1795
148.2235,148.2623,68437,82009,Rhinolophus ferrumequinum,0.023,0.023,-1,Echolocation,/mnt/ubna_data_02_mir/recover-20220922/UBNA_001/20220921_090000.WAV,Telephone Field,recover-20220922,001,1795
148.2455,148.2819,68437,81571,Rhinolophus ferrumequinum,0.02,0.02,-1,Echolocation,/mnt/ubna_data_02_mir/recover-20220922/UBNA_001/20220921_090000.WAV,Telephone Field,recover-20220922,001,1795
148.2485,148.2594,24609,30907,Nyctalus leisleri,0.008,0.022,-1,Echolocation,/mnt/ubna_data_02_mir/recover-20220922/UBNA_001/20220921_090000.WAV,Telephone Field,recover-20220922,001,1795
148.2625,148.2726,28906,36181,Eptesicus serotinus,0.009,0.022,-1,Echolocation,/mnt/ubna_data_02_mir/recover-20220922/UBNA_001/20220921_090000.WAV,Telephone Field,recover-20220922,001,1795
148.2945,148.3317,68437,82352,Rhinolophus ferrumequinum,0.024,0.024,-1,Echolocation,/mnt/ubna_data_02_mir/recover-20220922/UBNA_001/20220921_090000.WAV,Telephone Field,recover-20220922,001,1795
148.30349999999999,148.3406,68437,81356,Rhinolophus ferrumequinum,0.028,0.028,-1,Echolocation,/mnt/ubna_data_02_mir/recover-20220922/UBNA_001/20220921_090000.WAV,Telephone Field,recover-20220922,001,1795
148.3325,148.3415,27187,37231,Eptesicus serotinus,0.008,0.021,-1,Echolocation,/mnt/ubna_data_02_mir/recover-20220922/UBNA_001/20220921_090000.WAV,Telephone Field,recover-20220922,001,1795
148.3605,148.3973,68437,81851,Rhinolophus ferrumequinum,0.021,0.021,-1,Echolocation,/mnt/ubna_data_02_mir/recover-20220922/UBNA_001/20220921_090000.WAV,Telephone Field,recover-20220922,001,1795
148.3905,148.3981,28046,38446,Eptesicus serotinus,0.008,0.022,-1,Echolocation,/mnt/ubna_data_02_mir/recover-20220922/UBNA_001/20220921_090000.WAV,Telephone Field,recover-20220922,001,1795
148.4115,148.4461,68437,81048,Rhinolophus ferrumequinum,0.022,0.022,-1,Echolocation,/mnt/ubna_data_02_mir/recover-20220922/UBNA_001/20220921_090000.WAV,Telephone Field,recover-20220922,001,1795
148.4195,148.4557,68437,81268,Rhinolophus ferrumequinum,0.02,0.02,-1,Echolocation,/mnt/ubna_data_02_mir/recover-20220922/UBNA_001/20220921_090000.WAV,Telephone Field,recover-20220922,001,1795
148.4225,148.4307,28046,39049,Eptesicus serotinus,0.008,0.023,-1,Echolocation,/mnt/ubna_data_02_mir/recover-20220922/UBNA_001/20220921_090000.WAV,Telephone Field,recover-20220922,001,1795
148.4255,148.4381,52109,56082,Pipistrellus pygmaeus,0.018,0.024,-1,Echolocation,/mnt/ubna_data_02_mir/recover-20220922/UBNA_001/20220921_090000.WAV,Telephone Field,recover-20220922,001,1795
148.4315,148.471,68437,82243,Rhinolophus ferrumequinum,0.028,0.028,-1,Echolocation,/mnt/ubna_data_02_mir/recover-20220922/UBNA_001/20220921_090000.WAV,Telephone Field,recover-20220922,001,1795
148.4995,148.511,22890,27521,Nyctalus leisleri,0.011,0.022,-1,Echolocation,/mnt/ubna_data_02_mir/recover-20220922/UBNA_001/20220921_090000.WAV,Telephone Field,recover-20220922,001,1795
148.5205,148.56380000000001,68437,83168,Rhinolophus ferrumequinum,0.026,0.026,-1,Echolocation,/mnt/ubna_data_02_mir/recover-20220922/UBNA_001/20220921_090000.WAV,Telephone Field,recover-20220922,001,1795
148.5525,148.593,68437,82197,Rhinolophus ferrumequinum,0.02,0.02,-1,Echolocation,/mnt/ubna_data_02_mir/recover-20220922/UBNA_001/20220921_090000.WAV,Telephone Field,recover-20220922,001,1795
148.5745,148.6155,68437,83116,Rhinolophus ferrumequinum,0.022,0.022,-1,Echolocation,/mnt/ubna_data_02_mir/recover-20220922/UBNA_001/20220921_090000.WAV,Telephone Field,recover-20220922,001,1795
148.5965,148.6053,28046,36502,Eptesicus serotinus,0.007,0.021,-1,Echolocation,/mnt/ubna_data_02_mir/recover-20220922/UBNA_001/20220921_090000.WAV,Telephone Field,recover-20220922,001,1795
148.6205,148.6288,27187,37602,Eptesicus serotinus,0.012,0.027,-1,Echolocation,/mnt/ubna_data_02_mir/recover-20220922/UBNA_001/20220921_090000.WAV,Telephone Field,recover-20220922,001,1795
148.6405,148.6488,25468,34873,Eptesicus serotinus,0.008,0.021,-1,Echolocation,/mnt/ubna_data_02_mir/recover-20220922/UBNA_001/20220921_090000.WAV,Telephone Field,recover-20220922,001,1795
148.6475,148.6571,27187,35882,Eptesicus serotinus,0.009,0.022,-1,Echolocation,/mnt/ubna_data_02_mir/recover-20220922/UBNA_001/20220921_090000.WAV,Telephone Field,recover-20220922,001,1795
148.7025,148.7121,28046,36768,Eptesicus serotinus,0.009,0.021,-1,Echolocation,/mnt/ubna_data_02_mir/recover-20220922/UBNA_001/20220921_090000.WAV,Telephone Field,recover-20220922,001,1795
148.7045,148.7424,68437,81791,Rhinolophus ferrumequinum,0.024,0.024,-1,Echolocation,/mnt/ubna_data_02_mir/recover-20220922/UBNA_001/20220921_090000.WAV,Telephone Field,recover-20220922,001,1795
148.7135,148.7495,68437,80732,Rhinolophus ferrumequinum,0.02,0.02,-1,Echolocation,/mnt/ubna_data_02_mir/recover-20220922/UBNA_001/20220921_090000.WAV,Telephone Field,recover-20220922,001,1795
148.7135,148.72390000000001,23750,29783,Nyctalus leisleri,0.013,0.03,-1,Echolocation,/mnt/ubna_data_02_mir/recover-20220922/UBNA_001/20220921_090000.WAV,Telephone Field,recover-20220922,001,1795
148.7335,148.7428,28906,37591,Eptesicus serotinus,0.012,0.025,-1,Echolocation,/mnt/ubna_data_02_mir/recover-20220922/UBNA_001/20220921_090000.WAV,Telephone Field,recover-20220922,001,1795
148.7765,148.7889,22890,27782,Nyctalus leisleri,0.011,0.023,-1,Echolocation,/mnt/ubna_data_02_mir/recover-20220922/UBNA_001/20220921_090000.WAV,Telephone Field,recover-20220922,001,1795
148.7855,148.8243,68437,81784,Rhinolophus ferrumequinum,0.021,0.021,-1,Echolocation,/mnt/ubna_data_02_mir/recover-20220922/UBNA_001/20220921_090000.WAV,Telephone Field,recover-20220922,001,1795
148.8005,148.8415,68437,82274,Rhinolophus ferrumequinum,0.024,0.024,-1,Echolocation,/mnt/ubna_data_02_mir/recover-20220922/UBNA_001/20220921_090000.WAV,Telephone Field,recover-20220922,001,1795
148.8135,148.8491,68437,81546,Rhinolophus ferrumequinum,0.021,0.021,-1,Echolocation,/mnt/ubna_data_02_mir/recover-20220922/UBNA_001/20220921_090000.WAV,Telephone Field,recover-20220922,001,1795
148.8205,148.8288,25468,34823,Eptesicus serotinus,0.007,0.023,-1,Echolocation,/mnt/ubna_data_02_mir/recover-20220922/UBNA_001/20220921_090000.WAV,Telephone Field,recover-20220922,001,1795
148.8485,148.887,68437,82100,Rhinolophus ferrumequinum,0.02,0.02,-1,Echolocation,/mnt/ubna_data_02_mir/recover-20220922/UBNA_001/20220921_090000.WAV,Telephone Field,recover-20220922,001,1795
148.91649999999998,148.9576,68437,82372,Rhinolophus ferrumequinum,0.024,0.024,-1,Echolocation,/mnt/ubna_data_02_mir/recover-20220922/UBNA_001/20220921_090000.WAV,Telephone Field,recover-20220922,001,1795
148.9335,148.9736,68437,82733,Rhinolophus ferrumequinum,0.024,0.024,-1,Echolocation,/mnt/ubna_data_02_mir/recover-20220922/UBNA_001/20220921_090000.WAV,Telephone Field,recover-20220922,001,1795
148.9345,148.9455,22890,27414,Nyctalus leisleri,0.011,0.021,-1,Echolocation,/mnt/ubna_data_02_mir/recover-20220922/UBNA_001/20220921_090000.WAV,Telephone Field,recover-20220922,001,1795
148.9915,149.0011,28046,36344,Eptesicus serotinus,0.009,0.024,-1,Echolocation,/mnt/ubna_data_02_mir/recover-20220922/UBNA_001/20220921_090000.WAV,Telephone Field,recover-20220922,001,1795
148.9995,149.0086,28046,37835,Eptesicus serotinus,0.007,0.02,-1,Echolocation,/mnt/ubna_data_02_mir/recover-20220922/UBNA_001/20220921_090000.WAV,Telephone Field,recover-20220922,001,1795
149.0555,149.0658,29765,37725,Eptesicus serotinus,0.008,0.022,-1,Echolocation,/mnt/ubna_data_02_mir/recover-20220922/UBNA_001/20220921_090000.WAV,Telephone Field,recover-20220922,001,1795
149.1045,149.1145,28046,35896,Eptesicus serotinus,0.009,0.021,-1,Echolocation,/mnt/ubna_data_02_mir/recover-20220922/UBNA_001/20220921_090000.WAV,Telephone Field,recover-20220922,001,1795
149.1185,149.1312,14296,22183,Nyctalus noctula,0.017,0.026,-1,Echolocation,/mnt/ubna_data_02_mir/recover-20220922/UBNA_001/20220921_090000.WAV,Telephone Field,recover-20220922,001,1795
149.1235,149.162,68437,82278,Rhinolophus ferrumequinum,0.024,0.024,-1,Echolocation,/mnt/ubna_data_02_mir/recover-20220922/UBNA_001/20220921_090000.WAV,Telephone Field,recover-20220922,001,1795
149.1555,149.1959,68437,82602,Rhinolophus ferrumequinum,0.02,0.02,-1,Echolocation,/mnt/ubna_data_02_mir/recover-20220922/UBNA_001/20220921_090000.WAV,Telephone Field,recover-20220922,001,1795
149.1905,149.2284,68437,81906,Rhinolophus ferrumequinum,0.022,0.022,-1,Echolocation,/mnt/ubna_data_02_mir/recover-20220922/UBNA_001/20220921_090000.WAV,Telephone Field,recover-20220922,001,1795
149.1945,149.2049,28906,34481,Eptesicus serotinus,0.015,0.03,-1,Echolocation,/mnt/ubna_data_02_mir/recover-20220922/UBNA_001/20220921_090000.WAV,Telephone Field,recover-20220922,001,1795
149.2245,149.2634,68437,82108,Rhinolophus ferrumequinum,0.021,0.021,-1,Echolocation,/mnt/ubna_data_02_mir/recover-20220922/UBNA_001/20220921_090000.WAV,Telephone Field,recover-20220922,001,1795
149.2485,149.2897,68437,82097,Rhinolophus ferrumequinum,0.024,0.024,-1,Echolocation,/mnt/ubna_data_02_mir/recover-20220922/UBNA_001/20220921_090000.WAV,Telephone Field,recover-20220922,001,1795
149.2645,149.3026,68437,81899,Rhinolophus ferrumequinum,0.021,0.021,-1,Echolocation,/mnt/ubna_data_02_mir/recover-20220922/UBNA_001/20220921_090000.WAV,Telephone Field,recover-20220922,001,1795
149.2695,149.3053,68437,81584,Rhinolophus ferrumequinum,0.021,0.021,-1,Echolocation,/mnt/ubna_data_02_mir/recover-20220922/UBNA_001/20220921_090000.WAV,Telephone Field,recover-20220922,001,1795
149.3385,149.3765,68437,82186,Rhinolophus ferrumequinum,0.021,0.021,-1,Echolocation,/mnt/ubna_data_02_mir/recover-20220922/UBNA_001/20220921_090000.WAV,Telephone Field,recover-20220922,001,1795
149.3515,149.3897,68437,81907,Rhinolophus ferrumequinum,0.023,0.023,-1,Echolocation,/mnt/ubna_data_02_mir/recover-20220922/UBNA_001/20220921_090000.WAV,Telephone Field,recover-20220922,001,1795
149.39249999999998,149.4313,68437,82363,Rhinolophus ferrumequinum,0.032,0.032,-1,Echolocation,/mnt/ubna_data_02_mir/recover-20220922/UBNA_001/20220921_090000.WAV,Telephone Field,recover-20220922,001,1795
149.4255,149.4629,68437,81285,Rhinolophus ferrumequinum,0.025,0.025,-1,Echolocation,/mnt/ubna_data_02_mir/recover-20220922/UBNA_001/20220921_090000.WAV,Telephone Field,recover-20220922,001,1795
149.4525,149.4921,68437,82347,Rhinolophus ferrumequinum,0.022,0.022,-1,Echolocation,/mnt/ubna_data_02_mir/recover-20220922/UBNA_001/20220921_090000.WAV,Telephone Field,recover-20220922,001,1795
149.4545,149.4633,25468,34025,Eptesicus serotinus,0.008,0.025,-1,Echolocation,/mnt/ubna_data_02_mir/recover-20220922/UBNA_001/20220921_090000.WAV,Telephone Field,recover-20220922,001,1795
149.5035,149.5113,28046,39257,Eptesicus serotinus,0.007,0.022,-1,Echolocation,/mnt/ubna_data_02_mir/recover-20220922/UBNA_001/20220921_090000.WAV,Telephone Field,recover-20220922,001,1795
149.5255,149.5631,68437,82516,Rhinolophus ferrumequinum,0.021,0.021,-1,Echolocation,/mnt/ubna_data_02_mir/recover-20220922/UBNA_001/20220921_090000.WAV,Telephone Field,recover-20220922,001,1795
149.5505,149.5899,68437,82289,Rhinolophus ferrumequinum,0.025,0.025,-1,Echolocation,/mnt/ubna_data_02_mir/recover-20220922/UBNA_001/20220921_090000.WAV,Telephone Field,recover-20220922,001,1795
149.5825,149.6199,68437,81730,Rhinolophus ferrumequinum,0.021,0.021,-1,Echolocation,/mnt/ubna_data_02_mir/recover-20220922/UBNA_001/20220921_090000.WAV,Telephone Field,recover-20220922,001,1795
149.5855,149.5948,27187,35439,Eptesicus serotinus,0.011,0.023,-1,Echolocation,/mnt/ubna_data_02_mir/recover-20220922/UBNA_001/20220921_090000.WAV,Telephone Field,recover-20220922,001,1795
149.5875,149.6014,43515,47069,Pipistrellus pipistrellus,0.039,0.053,-1,Echolocation,/mnt/ubna_data_02_mir/recover-20220922/UBNA_001/20220921_090000.WAV,Telephone Field,recover-20220922,001,1795
149.5925,149.6317,68437,82452,Rhinolophus ferrumequinum,0.021,0.021,-1,Echolocation,/mnt/ubna_data_02_mir/recover-20220922/UBNA_001/20220921_090000.WAV,Telephone Field,recover-20220922,001,1795
149.6205,149.6596,68437,81793,Rhinolophus ferrumequinum,0.021,0.021,-1,Echolocation,/mnt/ubna_data_02_mir/recover-20220922/UBNA_001/20220921_090000.WAV,Telephone Field,recover-20220922,001,1795
149.6495,149.6915,68437,82305,Rhinolophus ferrumequinum,0.021,0.021,-1,Echolocation,/mnt/ubna_data_02_mir/recover-20220922/UBNA_001/20220921_090000.WAV,Telephone Field,recover-20220922,001,1795
149.7095,149.7489,68437,82585,Rhinolophus ferrumequinum,0.027,0.027,-1,Echolocation,/mnt/ubna_data_02_mir/recover-20220922/UBNA_001/20220921_090000.WAV,Telephone Field,recover-20220922,001,1795
149.7105,149.7201,28906,36628,Eptesicus serotinus,0.009,0.022,-1,Echolocation,/mnt/ubna_data_02_mir/recover-20220922/UBNA_001/20220921_090000.WAV,Telephone Field,recover-20220922,001,1795
149.7445,149.7825,68437,81843,Rhinolophus ferrumequinum,0.021,0.021,-1,Echolocation,/mnt/ubna_data_02_mir/recover-20220922/UBNA_001/20220921_090000.WAV,Telephone Field,recover-20220922,001,1795
149.7645,149.80689999999998,68437,83071,Rhinolophus ferrumequinum,0.03,0.03,-1,Echolocation,/mnt/ubna_data_02_mir/recover-20220922/UBNA_001/20220921_090000.WAV,Telephone Field,recover-20220922,001,1795
149.7785,149.8125,68437,81701,Rhinolophus ferrumequinum,0.021,0.021,-1,Echolocation,/mnt/ubna_data_02_mir/recover-20220922/UBNA_001/20220921_090000.WAV,Telephone Field,recover-20220922,001,1795
149.8315,149.849,21171,24427,Nyctalus leisleri,0.018,0.029,-1,Echolocation,/mnt/ubna_data_02_mir/recover-20220922/UBNA_001/20220921_090000.WAV,Telephone Field,recover-20220922,001,1795
149.8435,149.8534,24609,31842,Nyctalus leisleri,0.007,0.021,-1,Echolocation,/mnt/ubna_data_02_mir/recover-20220922/UBNA_001/20220921_090000.WAV,Telephone Field,recover-20220922,001,1795
149.8505,149.8896,68437,82261,Rhinolophus ferrumequinum,0.022,0.022,-1,Echolocation,/mnt/ubna_data_02_mir/recover-20220922/UBNA_001/20220921_090000.WAV,Telephone Field,recover-20220922,001,1795
149.8655,149.87630000000001,55546,59833,Pipistrellus pygmaeus,0.024,0.026,-1,Echolocation,/mnt/ubna_data_02_mir/recover-20220922/UBNA_001/20220921_090000.WAV,Telephone Field,recover-20220922,001,1795
149.8915,149.9301,68437,81080,Rhinolophus ferrumequinum,0.022,0.022,-1,Echolocation,/mnt/ubna_data_02_mir/recover-20220922/UBNA_001/20220921_090000.WAV,Telephone Field,recover-20220922,001,1795
149.9265,149.93540000000002,22890,30199,Plecotus austriacus,0.01,0.027,-1,Echolocation,/mnt/ubna_data_02_mir/recover-20220922/UBNA_001/20220921_090000.WAV,Telephone Field,recover-20220922,001,1795
149.9505,149.9897,68437,82687,Rhinolophus ferrumequinum,0.028,0.028,-1,Echolocation,/mnt/ubna_data_02_mir/recover-20220922/UBNA_001/20220921_090000.WAV,Telephone Field,recover-20220922,001,1795
149.9845,149.9937,28046,41827,Eptesicus serotinus,0.011,0.026,-1,Echolocation,/mnt/ubna_data_02_mir/recover-20220922/UBNA_001/20220921_090000.WAV,Telephone Field,recover-20220922,001,1795
150.0015,150.0112,47812,53470,Pipistrellus pipistrellus,0.021,0.026,-1,Echolocation,/mnt/ubna_data_02_mir/recover-20220922/UBNA_001/20220921_090000.WAV,Telephone Field,recover-20220922,001,1795
150.0015,150.011,28046,36400,Eptesicus serotinus,0.01,0.027,-1,Echolocation,/mnt/ubna_data_02_mir/recover-20220922/UBNA_001/20220921_090000.WAV,Telephone Field,recover-20220922,001,1795
150.0015,150.0318,69296,80776,Rhinolophus ferrumequinum,0.029,0.029,-1,Echolocation,/mnt/ubna_data_02_mir/recover-20220922/UBNA_001/20220921_090000.WAV,Telephone Field,recover-20220922,001,1795
150.0065,150.0157,27187,37983,Eptesicus serotinus,0.009,0.023,-1,Echolocation,/mnt/ubna_data_02_mir/recover-20220922/UBNA_001/20220921_090000.WAV,Telephone Field,recover-20220922,001,1795
150.0145,150.0231,27187,36587,Eptesicus serotinus,0.01,0.023,-1,Echolocation,/mnt/ubna_data_02_mir/recover-20220922/UBNA_001/20220921_090000.WAV,Telephone Field,recover-20220922,001,1795
150.0165,150.0242,54687,59482,Pipistrellus pygmaeus,0.02,0.021,-1,Echolocation,/mnt/ubna_data_02_mir/recover-20220922/UBNA_001/20220921_090000.WAV,Telephone Field,recover-20220922,001,1795
150.0325,150.0665,68437,81305,Rhinolophus ferrumequinum,0.022,0.022,-1,Echolocation,/mnt/ubna_data_02_mir/recover-20220922/UBNA_001/20220921_090000.WAV,Telephone Field,recover-20220922,001,1795
150.0405,150.0771,68437,81700,Rhinolophus ferrumequinum,0.021,0.021,-1,Echolocation,/mnt/ubna_data_02_mir/recover-20220922/UBNA_001/20220921_090000.WAV,Telephone Field,recover-20220922,001,1795
150.0515,150.0596,25468,33360,Eptesicus serotinus,0.007,0.021,-1,Echolocation,/mnt/ubna_data_02_mir/recover-20220922/UBNA_001/20220921_090000.WAV,Telephone Field,recover-20220922,001,1795
150.0745,150.1103,68437,81988,Rhinolophus ferrumequinum,0.021,0.021,-1,Echolocation,/mnt/ubna_data_02_mir/recover-20220922/UBNA_001/20220921_090000.WAV,Telephone Field,recover-20220922,001,1795
150.0905,150.1304,68437,82163,Rhinolophus ferrumequinum,0.026,0.026,-1,Echolocation,/mnt/ubna_data_02_mir/recover-20220922/UBNA_001/20220921_090000.WAV,Telephone Field,recover-20220922,001,1795
150.1015,150.1158,23750,28600,Nyctalus leisleri,0.016,0.031,-1,Echolocation,/mnt/ubna_data_02_mir/recover-20220922/UBNA_001/20220921_090000.WAV,Telephone Field,recover-20220922,001,1795
150.1455,150.1803,68437,81204,Rhinolophus ferrumequinum,0.023,0.023,-1,Echolocation,/mnt/ubna_data_02_mir/recover-20220922/UBNA_001/20220921_090000.WAV,Telephone Field,recover-20220922,001,1795
150.1695,150.2082,68437,82282,Rhinolophus ferrumequinum,0.024,0.024,-1,Echolocation,/mnt/ubna_data_02_mir/recover-20220922/UBNA_001/20220921_090000.WAV,Telephone Field,recover-20220922,001,1795
150.1755,150.1873,28906,34864,Eptesicus serotinus,0.012,0.024,-1,Echolocation,/mnt/ubna_data_02_mir/recover-20220922/UBNA_001/20220921_090000.WAV,Telephone Field,recover-20220922,001,1795
150.2045,150.244,68437,82413,Rhinolophus ferrumequinum,0.026,0.026,-1,Echolocation,/mnt/ubna_data_02_mir/recover-20220922/UBNA_001/20220921_090000.WAV,Telephone Field,recover-20220922,001,1795
150.2105,150.2501,68437,81813,Rhinolophus ferrumequinum,0.025,0.025,-1,Echolocation,/mnt/ubna_data_02_mir/recover-20220922/UBNA_001/20220921_090000.WAV,Telephone Field,recover-20220922,001,1795
150.2205,150.2549,68437,81082,Rhinolophus ferrumequinum,0.02,0.021,-1,Echolocation,/mnt/ubna_data_02_mir/recover-20220922/UBNA_001/20220921_090000.WAV,Telephone Field,recover-20220922,001,1795
150.2335,150.2704,68437,81466,Rhinolophus ferrumequinum,0.021,0.021,-1,Echolocation,/mnt/ubna_data_02_mir/recover-20220922/UBNA_001/20220921_090000.WAV,Telephone Field,recover-20220922,001,1795
150.2505,150.2851,68437,81356,Rhinolophus ferrumequinum,0.021,0.021,-1,Echolocation,/mnt/ubna_data_02_mir/recover-20220922/UBNA_001/20220921_090000.WAV,Telephone Field,recover-20220922,001,1795
150.2855,150.3207,68437,80935,Rhinolophus ferrumequinum,0.021,0.022,-1,Echolocation,/mnt/ubna_data_02_mir/recover-20220922/UBNA_001/20220921_090000.WAV,Telephone Field,recover-20220922,001,1795
150.3445,150.3528,26328,35869,Eptesicus serotinus,0.011,0.031,-1,Echolocation,/mnt/ubna_data_02_mir/recover-20220922/UBNA_001/20220921_090000.WAV,Telephone Field,recover-20220922,001,1795
150.3775,150.3889,48671,52732,Pipistrellus pipistrellus,0.026,0.03,-1,Echolocation,/mnt/ubna_data_02_mir/recover-20220922/UBNA_001/20220921_090000.WAV,Telephone Field,recover-20220922,001,1795
150.4295,150.4678,68437,81745,Rhinolophus ferrumequinum,0.022,0.022,-1,Echolocation,/mnt/ubna_data_02_mir/recover-20220922/UBNA_001/20220921_090000.WAV,Telephone Field,recover-20220922,001,1795
150.4365,150.4756,68437,82383,Rhinolophus ferrumequinum,0.021,0.021,-1,Echolocation,/mnt/ubna_data_02_mir/recover-20220922/UBNA_001/20220921_090000.WAV,Telephone Field,recover-20220922,001,1795
150.4385,150.446,26328,36651,Eptesicus serotinus,0.008,0.023,-1,Echolocation,/mnt/ubna_data_02_mir/recover-20220922/UBNA_001/20220921_090000.WAV,Telephone Field,recover-20220922,001,1795
150.4745,150.5137,68437,82263,Rhinolophus ferrumequinum,0.021,0.021,-1,Echolocation,/mnt/ubna_data_02_mir/recover-20220922/UBNA_001/20220921_090000.WAV,Telephone Field,recover-20220922,001,1795
150.4775,150.4878,22890,28644,Nyctalus leisleri,0.01,0.024,-1,Echolocation,/mnt/ubna_data_02_mir/recover-20220922/UBNA_001/20220921_090000.WAV,Telephone Field,recover-20220922,001,1795
150.5155,150.5319,18593,22631,Nyctalus noctula,0.011,0.02,-1,Echolocation,/mnt/ubna_data_02_mir/recover-20220922/UBNA_001/20220921_090000.WAV,Telephone Field,recover-20220922,001,1795
150.5485,150.5581,24609,31747,Eptesicus serotinus,0.009,0.027,-1,Echolocation,/mnt/ubna_data_02_mir/recover-20220922/UBNA_001/20220921_090000.WAV,Telephone Field,recover-20220922,001,1795
150.5675,150.576,28906,39036,Eptesicus serotinus,0.008,0.02,-1,Echolocation,/mnt/ubna_data_02_mir/recover-20220922/UBNA_001/20220921_090000.WAV,Telephone Field,recover-20220922,001,1795
150.5825,150.6242,68437,83037,Rhinolophus ferrumequinum,0.024,0.024,-1,Echolocation,/mnt/ubna_data_02_mir/recover-20220922/UBNA_001/20220921_090000.WAV,Telephone Field,recover-20220922,001,1795
150.6135,150.6204,23750,32421,Plecotus austriacus,0.009,0.022,-1,Echolocation,/mnt/ubna_data_02_mir/recover-20220922/UBNA_001/20220921_090000.WAV,Telephone Field,recover-20220922,001,1795
150.6225,150.6618,68437,82121,Rhinolophus ferrumequinum,0.023,0.023,-1,Echolocation,/mnt/ubna_data_02_mir/recover-20220922/UBNA_001/20220921_090000.WAV,Telephone Field,recover-20220922,001,1795
150.6545,150.6933,68437,82357,Rhinolophus ferrumequinum,0.022,0.022,-1,Echolocation,/mnt/ubna_data_02_mir/recover-20220922/UBNA_001/20220921_090000.WAV,Telephone Field,recover-20220922,001,1795
150.6565,150.6667,28906,35518,Eptesicus serotinus,0.008,0.021,-1,Echolocation,/mnt/ubna_data_02_mir/recover-20220922/UBNA_001/20220921_090000.WAV,Telephone Field,recover-20220922,001,1795
150.7045,150.745,68437,82510,Rhinolophus ferrumequinum,0.023,0.023,-1,Echolocation,/mnt/ubna_data_02_mir/recover-20220922/UBNA_001/20220921_090000.WAV,Telephone Field,recover-20220922,001,1795
150.7145,150.7235,27187,36007,Eptesicus serotinus,0.01,0.022,-1,Echolocation,/mnt/ubna_data_02_mir/recover-20220922/UBNA_001/20220921_090000.WAV,Telephone Field,recover-20220922,001,1795
150.7265,150.7637,68437,82092,Rhinolophus ferrumequinum,0.023,0.023,-1,Echolocation,/mnt/ubna_data_02_mir/recover-20220922/UBNA_001/20220921_090000.WAV,Telephone Field,recover-20220922,001,1795
150.7565,150.766,23750,30883,Nyctalus leisleri,0.006,0.02,-1,Echolocation,/mnt/ubna_data_02_mir/recover-20220922/UBNA_001/20220921_090000.WAV,Telephone Field,recover-20220922,001,1795
150.7705,150.8101,68437,82179,Rhinolophus ferrumequinum,0.025,0.025,-1,Echolocation,/mnt/ubna_data_02_mir/recover-20220922/UBNA_001/20220921_090000.WAV,Telephone Field,recover-20220922,001,1795
150.7925,150.8329,68437,82132,Rhinolophus ferrumequinum,0.021,0.021,-1,Echolocation,/mnt/ubna_data_02_mir/recover-20220922/UBNA_001/20220921_090000.WAV,Telephone Field,recover-20220922,001,1795
150.8345,150.8731,68437,82559,Rhinolophus ferrumequinum,0.021,0.021,-1,Echolocation,/mnt/ubna_data_02_mir/recover-20220922/UBNA_001/20220921_090000.WAV,Telephone Field,recover-20220922,001,1795
150.8425,150.8553,22031,26412,Nyctalus leisleri,0.013,0.025,-1,Echolocation,/mnt/ubna_data_02_mir/recover-20220922/UBNA_001/20220921_090000.WAV,Telephone Field,recover-20220922,001,1795
150.8755,150.9094,68437,81347,Rhinolophus ferrumequinum,0.02,0.02,-1,Echolocation,/mnt/ubna_data_02_mir/recover-20220922/UBNA_001/20220921_090000.WAV,Telephone Field,recover-20220922,001,1795
150.8825,150.8929,22890,27995,Nyctalus leisleri,0.012,0.026,-1,Echolocation,/mnt/ubna_data_02_mir/recover-20220922/UBNA_001/20220921_090000.WAV,Telephone Field,recover-20220922,001,1795
150.8975,150.9376,68437,83028,Rhinolophus ferrumequinum,0.023,0.023,-1,Echolocation,/mnt/ubna_data_02_mir/recover-20220922/UBNA_001/20220921_090000.WAV,Telephone Field,recover-20220922,001,1795
150.9185,150.9554,68437,82281,Rhinolophus ferrumequinum,0.024,0.025,-1,Echolocation,/mnt/ubna_data_02_mir/recover-20220922/UBNA_001/20220921_090000.WAV,Telephone Field,recover-20220922,001,1795
150.9275,150.964,68437,82507,Rhinolophus ferrumequinum,0.022,0.022,-1,Echolocation,/mnt/ubna_data_02_mir/recover-20220922/UBNA_001/20220921_090000.WAV,Telephone Field,recover-20220922,001,1795
150.9275,150.9395,23750,29252,Nyctalus leisleri,0.012,0.025,-1,Echolocation,/mnt/ubna_data_02_mir/recover-20220922/UBNA_001/20220921_090000.WAV,Telephone Field,recover-20220922,001,1795
150.9725,151.0068,68437,80552,Rhinolophus ferrumequinum,0.023,0.023,-1,Echolocation,/mnt/ubna_data_02_mir/recover-20220922/UBNA_001/20220921_090000.WAV,Telephone Field,recover-20220922,001,1795
151.0295,151.0678,68437,82232,Rhinolophus ferrumequinum,0.02,0.02,-1,Echolocation,/mnt/ubna_data_02_mir/recover-20220922/UBNA_001/20220921_090000.WAV,Telephone Field,recover-20220922,001,1795
151.0685,151.0758,25468,35036,Plecotus austriacus,0.008,0.029,-1,Echolocation,/mnt/ubna_data_02_mir/recover-20220922/UBNA_001/20220921_090000.WAV,Telephone Field,recover-20220922,001,1795
151.1015,151.1126,22890,28622,Nyctalus leisleri,0.011,0.024,-1,Echolocation,/mnt/ubna_data_02_mir/recover-20220922/UBNA_001/20220921_090000.WAV,Telephone Field,recover-20220922,001,1795
151.1185,151.1554,68437,82129,Rhinolophus ferrumequinum,0.021,0.021,-1,Echolocation,/mnt/ubna_data_02_mir/recover-20220922/UBNA_001/20220921_090000.WAV,Telephone Field,recover-20220922,001,1795
151.1215,151.1312,28046,38276,Eptesicus serotinus,0.01,0.023,-1,Echolocation,/mnt/ubna_data_02_mir/recover-20220922/UBNA_001/20220921_090000.WAV,Telephone Field,recover-20220922,001,1795
151.1375,151.1729,68437,81351,Rhinolophus ferrumequinum,0.023,0.023,-1,Echolocation,/mnt/ubna_data_02_mir/recover-20220922/UBNA_001/20220921_090000.WAV,Telephone Field,recover-20220922,001,1795
151.1505,151.1863,68437,80811,Rhinolophus ferrumequinum,0.022,0.022,-1,Echolocation,/mnt/ubna_data_02_mir/recover-20220922/UBNA_001/20220921_090000.WAV,Telephone Field,recover-20220922,001,1795
151.1715,151.1828,22031,26332,Nyctalus leisleri,0.011,0.021,-1,Echolocation,/mnt/ubna_data_02_mir/recover-20220922/UBNA_001/20220921_090000.WAV,Telephone Field,recover-20220922,001,1795
151.1905,151.2291,68437,82328,Rhinolophus ferrumequinum,0.022,0.022,-1,Echolocation,/mnt/ubna_data_02_mir/recover-20220922/UBNA_001/20220921_090000.WAV,Telephone Field,recover-20220922,001,1795
151.2295,151.272,68437,83430,Rhinolophus ferrumequinum,0.034,0.034,-1,Echolocation,/mnt/ubna_data_02_mir/recover-20220922/UBNA_001/20220921_090000.WAV,Telephone Field,recover-20220922,001,1795
151.2485,151.2679,19453,23128,Nyctalus leisleri,0.014,0.029,-1,Echolocation,/mnt/ubna_data_02_mir/recover-20220922/UBNA_001/20220921_090000.WAV,Telephone Field,recover-20220922,001,1795
151.2515,151.2582,27187,41320,Eptesicus serotinus,0.006,0.022,-1,Echolocation,/mnt/ubna_data_02_mir/recover-20220922/UBNA_001/20220921_090000.WAV,Telephone Field,recover-20220922,001,1795
151.2615,151.3005,68437,82687,Rhinolophus ferrumequinum,0.036,0.036,-1,Echolocation,/mnt/ubna_data_02_mir/recover-20220922/UBNA_001/20220921_090000.WAV,Telephone Field,recover-20220922,001,1795
151.2675,151.2742,28906,38221,Eptesicus serotinus,0.006,0.023,-1,Echolocation,/mnt/ubna_data_02_mir/recover-20220922/UBNA_001/20220921_090000.WAV,Telephone Field,recover-20220922,001,1795
151.3025,151.3391,68437,81401,Rhinolophus ferrumequinum,0.022,0.023,-1,Echolocation,/mnt/ubna_data_02_mir/recover-20220922/UBNA_001/20220921_090000.WAV,Telephone Field,recover-20220922,001,1795
151.3255,151.3614,68437,82067,Rhinolophus ferrumequinum,0.021,0.021,-1,Echolocation,/mnt/ubna_data_02_mir/recover-20220922/UBNA_001/20220921_090000.WAV,Telephone Field,recover-20220922,001,1795
151.3395,151.3806,68437,82334,Rhinolophus ferrumequinum,0.022,0.022,-1,Echolocation,/mnt/ubna_data_02_mir/recover-20220922/UBNA_001/20220921_090000.WAV,Telephone Field,recover-20220922,001,1795
151.3655,151.4056,68437,82457,Rhinolophus ferrumequinum,0.022,0.022,-1,Echolocation,/mnt/ubna_data_02_mir/recover-20220922/UBNA_001/20220921_090000.WAV,Telephone Field,recover-20220922,001,1795
151.3725,151.4115,68437,81862,Rhinolophus ferrumequinum,0.022,0.022,-1,Echolocation,/mnt/ubna_data_02_mir/recover-20220922/UBNA_001/20220921_090000.WAV,Telephone Field,recover-20220922,001,1795
151.4085,151.4456,68437,82208,Rhinolophus ferrumequinum,0.024,0.024,-1,Echolocation,/mnt/ubna_data_02_mir/recover-20220922/UBNA_001/20220921_090000.WAV,Telephone Field,recover-20220922,001,1795
151.4205,151.4568,68437,81653,Rhinolophus ferrumequinum,0.02,0.021,-1,Echolocation,/mnt/ubna_data_02_mir/recover-20220922/UBNA_001/20220921_090000.WAV,Telephone Field,recover-20220922,001,1795
151.4425,151.4891,68437,84033,Rhinolophus ferrumequinum,0.05,0.05,-1,Echolocation,/mnt/ubna_data_02_mir/recover-20220922/UBNA_001/20220921_090000.WAV,Telephone Field,recover-20220922,001,1795
151.4435,151.4501,28046,46908,Eptesicus serotinus,0.006,0.021,-1,Echolocation,/mnt/ubna_data_02_mir/recover-20220922/UBNA_001/20220921_090000.WAV,Telephone Field,recover-20220922,001,1795
151.4445,151.4496,34921,47964,Myotis daubentonii,0.009,0.021,-1,Echolocation,/mnt/ubna_data_02_mir/recover-20220922/UBNA_001/20220921_090000.WAV,Telephone Field,recover-20220922,001,1795
151.4805,151.4873,26328,39432,Eptesicus serotinus,0.005,0.02,-1,Echolocation,/mnt/ubna_data_02_mir/recover-20220922/UBNA_001/20220921_090000.WAV,Telephone Field,recover-20220922,001,1795
151.5215,151.5604,68437,82258,Rhinolophus ferrumequinum,0.026,0.026,-1,Echolocation,/mnt/ubna_data_02_mir/recover-20220922/UBNA_001/20220921_090000.WAV,Telephone Field,recover-20220922,001,1795
151.5245,151.5378,40937,45102,Pipistrellus nathusii,0.027,0.04,-1,Echolocation,/mnt/ubna_data_02_mir/recover-20220922/UBNA_001/20220921_090000.WAV,Telephone Field,recover-20220922,001,1795
151.5505,151.5879,68437,82316,Rhinolophus ferrumequinum,0.021,0.021,-1,Echolocation,/mnt/ubna_data_02_mir/recover-20220922/UBNA_001/20220921_090000.WAV,Telephone Field,recover-20220922,001,1795
151.5745,151.5844,22890,29507,Nyctalus leisleri,0.008,0.024,-1,Echolocation,/mnt/ubna_data_02_mir/recover-20220922/UBNA_001/20220921_090000.WAV,Telephone Field,recover-20220922,001,1795
151.5935,151.6303,68437,81487,Rhinolophus ferrumequinum,0.02,0.02,-1,Echolocation,/mnt/ubna_data_02_mir/recover-20220922/UBNA_001/20220921_090000.WAV,Telephone Field,recover-20220922,001,1795
151.6155,151.6245,28906,40097,Eptesicus serotinus,0.008,0.021,-1,Echolocation,/mnt/ubna_data_02_mir/recover-20220922/UBNA_001/20220921_090000.WAV,Telephone Field,recover-20220922,001,1795
151.6345,151.6738,68437,82247,Rhinolophus ferrumequinum,0.023,0.023,-1,Echolocation,/mnt/ubna_data_02_mir/recover-20220922/UBNA_001/20220921_090000.WAV,Telephone Field,recover-20220922,001,1795
151.6395,151.6789,68437,82307,Rhinolophus ferrumequinum,0.023,0.023,-1,Echolocation,/mnt/ubna_data_02_mir/recover-20220922/UBNA_001/20220921_090000.WAV,Telephone Field,recover-20220922,001,1795
151.6625,151.6695,27187,39804,Eptesicus serotinus,0.006,0.023,-1,Echolocation,/mnt/ubna_data_02_mir/recover-20220922/UBNA_001/20220921_090000.WAV,Telephone Field,recover-20220922,001,1795
151.6795,151.7155,68437,81448,Rhinolophus ferrumequinum,0.025,0.025,-1,Echolocation,/mnt/ubna_data_02_mir/recover-20220922/UBNA_001/20220921_090000.WAV,Telephone Field,recover-20220922,001,1795
151.6825,151.6909,28906,39886,Eptesicus serotinus,0.009,0.027,-1,Echolocation,/mnt/ubna_data_02_mir/recover-20220922/UBNA_001/20220921_090000.WAV,Telephone Field,recover-20220922,001,1795
151.6825,151.6909,22890,30540,Plecotus austriacus,0.012,0.026,-1,Echolocation,/mnt/ubna_data_02_mir/recover-20220922/UBNA_001/20220921_090000.WAV,Telephone Field,recover-20220922,001,1795
151.7125,151.7525,68437,82606,Rhinolophus ferrumequinum,0.025,0.025,-1,Echolocation,/mnt/ubna_data_02_mir/recover-20220922/UBNA_001/20220921_090000.WAV,Telephone Field,recover-20220922,001,1795
151.7185,151.7287,28046,35012,Eptesicus serotinus,0.032,0.057,-1,Echolocation,/mnt/ubna_data_02_mir/recover-20220922/UBNA_001/20220921_090000.WAV,Telephone Field,recover-20220922,001,1795
151.7385,151.7784,68437,82618,Rhinolophus ferrumequinum,0.022,0.022,-1,Echolocation,/mnt/ubna_data_02_mir/recover-20220922/UBNA_001/20220921_090000.WAV,Telephone Field,recover-20220922,001,1795
151.7685,151.7771,28046,41242,Eptesicus serotinus,0.011,0.028,-1,Echolocation,/mnt/ubna_data_02_mir/recover-20220922/UBNA_001/20220921_090000.WAV,Telephone Field,recover-20220922,001,1795
151.7695,151.8095,68437,82576,Rhinolophus ferrumequinum,0.024,0.024,-1,Echolocation,/mnt/ubna_data_02_mir/recover-20220922/UBNA_001/20220921_090000.WAV,Telephone Field,recover-20220922,001,1795
151.7795,151.816,68437,81493,Rhinolophus ferrumequinum,0.021,0.021,-1,Echolocation,/mnt/ubna_data_02_mir/recover-20220922/UBNA_001/20220921_090000.WAV,Telephone Field,recover-20220922,001,1795
151.8025,151.8415,68437,82334,Rhinolophus ferrumequinum,0.022,0.022,-1,Echolocation,/mnt/ubna_data_02_mir/recover-20220922/UBNA_001/20220921_090000.WAV,Telephone Field,recover-20220922,001,1795
151.8065,151.8143,23750,32485,Plecotus austriacus,0.009,0.023,-1,Echolocation,/mnt/ubna_data_02_mir/recover-20220922/UBNA_001/20220921_090000.WAV,Telephone Field,recover-20220922,001,1795
151.8155,151.8557,68437,82446,Rhinolophus ferrumequinum,0.024,0.024,-1,Echolocation,/mnt/ubna_data_02_mir/recover-20220922/UBNA_001/20220921_090000.WAV,Telephone Field,recover-20220922,001,1795
151.8165,151.826,28046,36996,Eptesicus serotinus,0.01,0.022,-1,Echolocation,/mnt/ubna_data_02_mir/recover-20220922/UBNA_001/20220921_090000.WAV,Telephone Field,recover-20220922,001,1795
151.8225,151.8308,28046,38754,Eptesicus serotinus,0.008,0.023,-1,Echolocation,/mnt/ubna_data_02_mir/recover-20220922/UBNA_001/20220921_090000.WAV,Telephone Field,recover-20220922,001,1795
151.8355,151.8763,68437,82635,Rhinolophus ferrumequinum,0.028,0.028,-1,Echolocation,/mnt/ubna_data_02_mir/recover-20220922/UBNA_001/20220921_090000.WAV,Telephone Field,recover-20220922,001,1795
151.8595,151.8694,22031,27301,Nyctalus leisleri,0.008,0.022,-1,Echolocation,/mnt/ubna_data_02_mir/recover-20220922/UBNA_001/20220921_090000.WAV,Telephone Field,recover-20220922,001,1795
151.8775,151.9185,68437,83022,Rhinolophus ferrumequinum,0.025,0.025,-1,Echolocation,/mnt/ubna_data_02_mir/recover-20220922/UBNA_001/20220921_090000.WAV,Telephone Field,recover-20220922,001,1795
151.8785,151.88569999999999,28046,39936,Eptesicus serotinus,0.009,0.028,-1,Echolocation,/mnt/ubna_data_02_mir/recover-20220922/UBNA_001/20220921_090000.WAV,Telephone Field,recover-20220922,001,1795
151.8885,151.9297,68437,82736,Rhinolophus ferrumequinum,0.022,0.022,-1,Echolocation,/mnt/ubna_data_02_mir/recover-20220922/UBNA_001/20220921_090000.WAV,Telephone Field,recover-20220922,001,1795
151.9045,151.9437,68437,82518,Rhinolophus ferrumequinum,0.028,0.028,-1,Echolocation,/mnt/ubna_data_02_mir/recover-20220922/UBNA_001/20220921_090000.WAV,Telephone Field,recover-20220922,001,1795
151.9205,151.9567,68437,81823,Rhinolophus ferrumequinum,0.022,0.022,-1,Echolocation,/mnt/ubna_data_02_mir/recover-20220922/UBNA_001/20220921_090000.WAV,Telephone Field,recover-20220922,001,1795
151.9555,151.966,22031,27143,Nyctalus leisleri,0.01,0.021,-1,Echolocation,/mnt/ubna_data_02_mir/recover-20220922/UBNA_001/20220921_090000.WAV,Telephone Field,recover-20220922,001,1795
151.9835,151.9936,28046,38373,Eptesicus serotinus,0.013,0.028,-1,Echolocation,/mnt/ubna_data_02_mir/recover-20220922/UBNA_001/20220921_090000.WAV,Telephone Field,recover-20220922,001,1795
152.0015,152.0105,21171,26479,Nyctalus leisleri,0.011,0.024,-1,Echolocation,/mnt/ubna_data_02_mir/recover-20220922/UBNA_001/20220921_090000.WAV,Telephone Field,recover-20220922,001,1795
152.0125,152.0534,68437,82804,Rhinolophus ferrumequinum,0.035,0.035,-1,Echolocation,/mnt/ubna_data_02_mir/recover-20220922/UBNA_001/20220921_090000.WAV,Telephone Field,recover-20220922,001,1795
152.0475,152.0917,68437,83263,Rhinolophus ferrumequinum,0.022,0.022,-1,Echolocation,/mnt/ubna_data_02_mir/recover-20220922/UBNA_001/20220921_090000.WAV,Telephone Field,recover-20220922,001,1795
152.0585,152.1018,68437,83085,Rhinolophus ferrumequinum,0.025,0.025,-1,Echolocation,/mnt/ubna_data_02_mir/recover-20220922/UBNA_001/20220921_090000.WAV,Telephone Field,recover-20220922,001,1795
152.1165,152.1624,68437,83629,Rhinolophus ferrumequinum,0.039,0.039,-1,Echolocation,/mnt/ubna_data_02_mir/recover-20220922/UBNA_001/20220921_090000.WAV,Telephone Field,recover-20220922,001,1795
152.1205,152.1321,22890,27827,Nyctalus leisleri,0.013,0.025,-1,Echolocation,/mnt/ubna_data_02_mir/recover-20220922/UBNA_001/20220921_090000.WAV,Telephone Field,recover-20220922,001,1795
152.1695,152.2118,68437,82834,Rhinolophus ferrumequinum,0.035,0.035,-1,Echolocation,/mnt/ubna_data_02_mir/recover-20220922/UBNA_001/20220921_090000.WAV,Telephone Field,recover-20220922,001,1795
152.2305,152.2397,28046,38361,Eptesicus serotinus,0.009,0.023,-1,Echolocation,/mnt/ubna_data_02_mir/recover-20220922/UBNA_001/20220921_090000.WAV,Telephone Field,recover-20220922,001,1795
152.2305,152.2683,68437,82362,Rhinolophus ferrumequinum,0.024,0.024,-1,Echolocation,/mnt/ubna_data_02_mir/recover-20220922/UBNA_001/20220921_090000.WAV,Telephone Field,recover-20220922,001,1795
152.2355,152.2751,68437,82739,Rhinolophus ferrumequinum,0.025,0.025,-1,Echolocation,/mnt/ubna_data_02_mir/recover-20220922/UBNA_001/20220921_090000.WAV,Telephone Field,recover-20220922,001,1795
152.2445,152.2854,68437,82520,Rhinolophus ferrumequinum,0.025,0.025,-1,Echolocation,/mnt/ubna_data_02_mir/recover-20220922/UBNA_001/20220921_090000.WAV,Telephone Field,recover-20220922,001,1795
152.2785,152.3188,68437,82887,Rhinolophus ferrumequinum,0.027,0.027,-1,Echolocation,/mnt/ubna_data_02_mir/recover-20220922/UBNA_001/20220921_090000.WAV,Telephone Field,recover-20220922,001,1795
152.2975,152.3066,47812,52352,Pipistrellus pipistrellus,0.02,0.021,-1,Echolocation,/mnt/ubna_data_02_mir/recover-20220922/UBNA_001/20220921_090000.WAV,Telephone Field,recover-20220922,001,1795
152.3095,152.349,68437,82274,Rhinolophus ferrumequinum,0.027,0.027,-1,Echolocation,/mnt/ubna_data_02_mir/recover-20220922/UBNA_001/20220921_090000.WAV,Telephone Field,recover-20220922,001,1795
152.3155,152.3582,68437,82768,Rhinolophus ferrumequinum,0.028,0.028,-1,Echolocation,/mnt/ubna_data_02_mir/recover-20220922/UBNA_001/20220921_090000.WAV,Telephone Field,recover-20220922,001,1795
152.3175,152.3287,23750,30295,Nyctalus leisleri,0.032,0.077,-1,Echolocation,/mnt/ubna_data_02_mir/recover-20220922/UBNA_001/20220921_090000.WAV,Telephone Field,recover-20220922,001,1795
152.3455,152.3834,68437,82200,Rhinolophus ferrumequinum,0.024,0.024,-1,Echolocation,/mnt/ubna_data_02_mir/recover-20220922/UBNA_001/20220921_090000.WAV,Telephone Field,recover-20220922,001,1795
152.3515,152.3609,28906,37350,Eptesicus serotinus,0.009,0.021,-1,Echolocation,/mnt/ubna_data_02_mir/recover-20220922/UBNA_001/20220921_090000.WAV,Telephone Field,recover-20220922,001,1795
152.3605,152.37,28906,37551,Eptesicus serotinus,0.011,0.027,-1,Echolocation,/mnt/ubna_data_02_mir/recover-20220922/UBNA_001/20220921_090000.WAV,Telephone Field,recover-20220922,001,1795
152.3805,152.4189,68437,81833,Rhinolophus ferrumequinum,0.021,0.021,-1,Echolocation,/mnt/ubna_data_02_mir/recover-20220922/UBNA_001/20220921_090000.WAV,Telephone Field,recover-20220922,001,1795
152.3895,152.4285,68437,81963,Rhinolophus ferrumequinum,0.023,0.023,-1,Echolocation,/mnt/ubna_data_02_mir/recover-20220922/UBNA_001/20220921_090000.WAV,Telephone Field,recover-20220922,001,1795
152.4125,152.4506,68437,80939,Rhinolophus ferrumequinum,0.025,0.025,-1,Echolocation,/mnt/ubna_data_02_mir/recover-20220922/UBNA_001/20220921_090000.WAV,Telephone Field,recover-20220922,001,1795
152.4595,152.4987,68437,82659,Rhinolophus ferrumequinum,0.023,0.023,-1,Echolocation,/mnt/ubna_data_02_mir/recover-20220922/UBNA_001/20220921_090000.WAV,Telephone Field,recover-20220922,001,1795
152.5075,152.5156,28906,38652,Eptesicus serotinus,0.02,0.04,-1,Echolocation,/mnt/ubna_data_02_mir/recover-20220922/UBNA_001/20220921_090000.WAV,Telephone Field,recover-20220922,001,1795
152.5085,152.5481,68437,82623,Rhinolophus ferrumequinum,0.025,0.025,-1,Echolocation,/mnt/ubna_data_02_mir/recover-20220922/UBNA_001/20220921_090000.WAV,Telephone Field,recover-20220922,001,1795
152.5465,152.5813,68437,81006,Rhinolophus ferrumequinum,0.022,0.022,-1,Echolocation,/mnt/ubna_data_02_mir/recover-20220922/UBNA_001/20220921_090000.WAV,Telephone Field,recover-20220922,001,1795
152.5615,152.6004,68437,82255,Rhinolophus ferrumequinum,0.022,0.022,-1,Echolocation,/mnt/ubna_data_02_mir/recover-20220922/UBNA_001/20220921_090000.WAV,Telephone Field,recover-20220922,001,1795
152.5865,152.6303,68437,83207,Rhinolophus ferrumequinum,0.043,0.043,-1,Echolocation,/mnt/ubna_data_02_mir/recover-20220922/UBNA_001/20220921_090000.WAV,Telephone Field,recover-20220922,001,1795
152.6115,152.6541,68437,83692,Rhinolophus ferrumequinum,0.038,0.038,-1,Echolocation,/mnt/ubna_data_02_mir/recover-20220922/UBNA_001/20220921_090000.WAV,Telephone Field,recover-20220922,001,1795
152.6275,152.6361,29765,40616,Eptesicus serotinus,0.007,0.022,-1,Echolocation,/mnt/ubna_data_02_mir/recover-20220922/UBNA_001/20220921_090000.WAV,Telephone Field,recover-20220922,001,1795
152.6375,152.6713,68437,81059,Rhinolophus ferrumequinum,0.023,0.024,-1,Echolocation,/mnt/ubna_data_02_mir/recover-20220922/UBNA_001/20220921_090000.WAV,Telephone Field,recover-20220922,001,1795
152.6695,152.7073,68437,81877,Rhinolophus ferrumequinum,0.022,0.022,-1,Echolocation,/mnt/ubna_data_02_mir/recover-20220922/UBNA_001/20220921_090000.WAV,Telephone Field,recover-20220922,001,1795
152.6895,152.7263,68437,81403,Rhinolophus ferrumequinum,0.022,0.022,-1,Echolocation,/mnt/ubna_data_02_mir/recover-20220922/UBNA_001/20220921_090000.WAV,Telephone Field,recover-20220922,001,1795
152.7105,152.7498,68437,82252,Rhinolophus ferrumequinum,0.022,0.022,-1,Echolocation,/mnt/ubna_data_02_mir/recover-20220922/UBNA_001/20220921_090000.WAV,Telephone Field,recover-20220922,001,1795
152.7415,152.75,51250,57160,Pipistrellus pipistrellus,0.02,0.023,-1,Echolocation,/mnt/ubna_data_02_mir/recover-20220922/UBNA_001/20220921_090000.WAV,Telephone Field,recover-20220922,001,1795
152.7515,152.7894,68437,81517,Rhinolophus ferrumequinum,0.024,0.024,-1,Echolocation,/mnt/ubna_data_02_mir/recover-20220922/UBNA_001/20220921_090000.WAV,Telephone Field,recover-20220922,001,1795
152.8335,152.8724,68437,81789,Rhinolophus ferrumequinum,0.027,0.027,-1,Echolocation,/mnt/ubna_data_02_mir/recover-20220922/UBNA_001/20220921_090000.WAV,Telephone Field,recover-20220922,001,1795
152.8475,152.8536,28906,37350,Eptesicus serotinus,0.006,0.023,-1,Echolocation,/mnt/ubna_data_02_mir/recover-20220922/UBNA_001/20220921_090000.WAV,Telephone Field,recover-20220922,001,1795
152.9005,152.9392,68437,81899,Rhinolophus ferrumequinum,0.023,0.023,-1,Echolocation,/mnt/ubna_data_02_mir/recover-20220922/UBNA_001/20220921_090000.WAV,Telephone Field,recover-20220922,001,1795
152.9035,152.9115,28046,39719,Eptesicus serotinus,0.008,0.023,-1,Echolocation,/mnt/ubna_data_02_mir/recover-20220922/UBNA_001/20220921_090000.WAV,Telephone Field,recover-20220922,001,1795
152.9155,152.9241,26328,34344,Eptesicus serotinus,0.029,0.059,-1,Echolocation,/mnt/ubna_data_02_mir/recover-20220922/UBNA_001/20220921_090000.WAV,Telephone Field,recover-20220922,001,1795
152.9305,152.9686,68437,82229,Rhinolophus ferrumequinum,0.022,0.022,-1,Echolocation,/mnt/ubna_data_02_mir/recover-20220922/UBNA_001/20220921_090000.WAV,Telephone Field,recover-20220922,001,1795
152.9435,152.9831,68437,82605,Rhinolophus ferrumequinum,0.028,0.028,-1,Echolocation,/mnt/ubna_data_02_mir/recover-20220922/UBNA_001/20220921_090000.WAV,Telephone Field,recover-20220922,001,1795
152.9485,152.9553,28906,44432,Eptesicus serotinus,0.007,0.024,-1,Echolocation,/mnt/ubna_data_02_mir/recover-20220922/UBNA_001/20220921_090000.WAV,Telephone Field,recover-20220922,001,1795
152.9655,153.0082,68437,82721,Rhinolophus ferrumequinum,0.032,0.032,-1,Echolocation,/mnt/ubna_data_02_mir/recover-20220922/UBNA_001/20220921_090000.WAV,Telephone Field,recover-20220922,001,1795
152.9665,152.9757,25468,33158,Eptesicus serotinus,0.008,0.023,-1,Echolocation,/mnt/ubna_data_02_mir/recover-20220922/UBNA_001/20220921_090000.WAV,Telephone Field,recover-20220922,001,1795
153.0075,153.0505,68437,83099,Rhinolophus ferrumequinum,0.032,0.032,-1,Echolocation,/mnt/ubna_data_02_mir/recover-20220922/UBNA_001/20220921_090000.WAV,Telephone Field,recover-20220922,001,1795
153.0465,153.0822,68437,80985,Rhinolophus ferrumequinum,0.023,0.023,-1,Echolocation,/mnt/ubna_data_02_mir/recover-20220922/UBNA_001/20220921_090000.WAV,Telephone Field,recover-20220922,001,1795
153.0505,153.063,22031,26992,Nyctalus leisleri,0.016,0.036,-1,Echolocation,/mnt/ubna_data_02_mir/recover-20220922/UBNA_001/20220921_090000.WAV,Telephone Field,recover-20220922,001,1795
153.0605,153.0994,68437,81883,Rhinolophus ferrumequinum,0.023,0.023,-1,Echolocation,/mnt/ubna_data_02_mir/recover-20220922/UBNA_001/20220921_090000.WAV,Telephone Field,recover-20220922,001,1795
153.0705,153.1076,68437,82243,Rhinolophus ferrumequinum,0.024,0.024,-1,Echolocation,/mnt/ubna_data_02_mir/recover-20220922/UBNA_001/20220921_090000.WAV,Telephone Field,recover-20220922,001,1795
153.0885,153.1277,68437,81640,Rhinolophus ferrumequinum,0.022,0.022,-1,Echolocation,/mnt/ubna_data_02_mir/recover-20220922/UBNA_001/20220921_090000.WAV,Telephone Field,recover-20220922,001,1795
153.1205,153.1605,68437,82426,Rhinolophus ferrumequinum,0.026,0.026,-1,Echolocation,/mnt/ubna_data_02_mir/recover-20220922/UBNA_001/20220921_090000.WAV,Telephone Field,recover-20220922,001,1795
153.1735,153.2142,68437,82291,Rhinolophus ferrumequinum,0.023,0.023,-1,Echolocation,/mnt/ubna_data_02_mir/recover-20220922/UBNA_001/20220921_090000.WAV,Telephone Field,recover-20220922,001,1795
153.2095,153.2467,68437,81654,Rhinolophus ferrumequinum,0.025,0.025,-1,Echolocation,/mnt/ubna_data_02_mir/recover-20220922/UBNA_001/20220921_090000.WAV,Telephone Field,recover-20220922,001,1795
153.2695,153.3094,68437,82633,Rhinolophus ferrumequinum,0.025,0.025,-1,Echolocation,/mnt/ubna_data_02_mir/recover-20220922/UBNA_001/20220921_090000.WAV,Telephone Field,recover-20220922,001,1795
153.2855,153.2941,28906,39398,Eptesicus serotinus,0.008,0.021,-1,Echolocation,/mnt/ubna_data_02_mir/recover-20220922/UBNA_001/20220921_090000.WAV,Telephone Field,recover-20220922,001,1795
153.2895,153.3288,68437,82408,Rhinolophus ferrumequinum,0.022,0.022,-1,Echolocation,/mnt/ubna_data_02_mir/recover-20220922/UBNA_001/20220921_090000.WAV,Telephone Field,recover-20220922,001,1795
153.3125,153.3215,28906,39285,Eptesicus serotinus,0.009,0.022,-1,Echolocation,/mnt/ubna_data_02_mir/recover-20220922/UBNA_001/20220921_090000.WAV,Telephone Field,recover-20220922,001,1795
153.3155,153.326,34062,40499,Eptesicus serotinus,0.007,0.022,-1,Echolocation,/mnt/ubna_data_02_mir/recover-20220922/UBNA_001/20220921_090000.WAV,Telephone Field,recover-20220922,001,1795
153.3175,153.3276,28906,37546,Eptesicus serotinus,0.01,0.021,-1,Echolocation,/mnt/ubna_data_02_mir/recover-20220922/UBNA_001/20220921_090000.WAV,Telephone Field,recover-20220922,001,1795
153.3185,153.356,68437,81910,Rhinolophus ferrumequinum,0.021,0.021,-1,Echolocation,/mnt/ubna_data_02_mir/recover-20220922/UBNA_001/20220921_090000.WAV,Telephone Field,recover-20220922,001,1795
153.3515,153.3867,68437,81196,Rhinolophus ferrumequinum,0.022,0.022,-1,Echolocation,/mnt/ubna_data_02_mir/recover-20220922/UBNA_001/20220921_090000.WAV,Telephone Field,recover-20220922,001,1795
153.3825,153.3911,25468,35685,Eptesicus serotinus,0.008,0.023,-1,Echolocation,/mnt/ubna_data_02_mir/recover-20220922/UBNA_001/20220921_090000.WAV,Telephone Field,recover-20220922,001,1795
153.4135,153.4219,28906,38071,Eptesicus serotinus,0.034,0.057,-1,Echolocation,/mnt/ubna_data_02_mir/recover-20220922/UBNA_001/20220921_090000.WAV,Telephone Field,recover-20220922,001,1795
153.4165,153.4578,68437,82298,Rhinolophus ferrumequinum,0.024,0.024,-1,Echolocation,/mnt/ubna_data_02_mir/recover-20220922/UBNA_001/20220921_090000.WAV,Telephone Field,recover-20220922,001,1795
153.4555,153.495,68437,82472,Rhinolophus ferrumequinum,0.023,0.023,-1,Echolocation,/mnt/ubna_data_02_mir/recover-20220922/UBNA_001/20220921_090000.WAV,Telephone Field,recover-20220922,001,1795
153.4945,153.5325,68437,82069,Rhinolophus ferrumequinum,0.023,0.023,-1,Echolocation,/mnt/ubna_data_02_mir/recover-20220922/UBNA_001/20220921_090000.WAV,Telephone Field,recover-20220922,001,1795
153.5255,153.5625,68437,81433,Rhinolophus ferrumequinum,0.024,0.024,-1,Echolocation,/mnt/ubna_data_02_mir/recover-20220922/UBNA_001/20220921_090000.WAV,Telephone Field,recover-20220922,001,1795
153.5405,153.5788,68437,82252,Rhinolophus ferrumequinum,0.023,0.023,-1,Echolocation,/mnt/ubna_data_02_mir/recover-20220922/UBNA_001/20220921_090000.WAV,Telephone Field,recover-20220922,001,1795
153.5935,153.6385,68437,82847,Rhinolophus ferrumequinum,0.025,0.025,-1,Echolocation,/mnt/ubna_data_02_mir/recover-20220922/UBNA_001/20220921_090000.WAV,Telephone Field,recover-20220922,001,1795
153.5955,153.6066,22031,26717,Nyctalus leisleri,0.011,0.022,-1,Echolocation,/mnt/ubna_data_02_mir/recover-20220922/UBNA_001/20220921_090000.WAV,Telephone Field,recover-20220922,001,1795
153.6525,153.6919,68437,81992,Rhinolophus ferrumequinum,0.028,0.028,-1,Echolocation,/mnt/ubna_data_02_mir/recover-20220922/UBNA_001/20220921_090000.WAV,Telephone Field,recover-20220922,001,1795
153.6705,153.7105,68437,82501,Rhinolophus ferrumequinum,0.021,0.021,-1,Echolocation,/mnt/ubna_data_02_mir/recover-20220922/UBNA_001/20220921_090000.WAV,Telephone Field,recover-20220922,001,1795
153.6755,153.6846,28046,40003,Eptesicus serotinus,0.009,0.023,-1,Echolocation,/mnt/ubna_data_02_mir/recover-20220922/UBNA_001/20220921_090000.WAV,Telephone Field,recover-20220922,001,1795
153.7435,153.7813,68437,82127,Rhinolophus ferrumequinum,0.025,0.025,-1,Echolocation,/mnt/ubna_data_02_mir/recover-20220922/UBNA_001/20220921_090000.WAV,Telephone Field,recover-20220922,001,1795
153.7605,153.8007,68437,82243,Rhinolophus ferrumequinum,0.021,0.022,-1,Echolocation,/mnt/ubna_data_02_mir/recover-20220922/UBNA_001/20220921_090000.WAV,Telephone Field,recover-20220922,001,1795
153.7695,153.7766,23750,32765,Plecotus austriacus,0.014,0.029,-1,Echolocation,/mnt/ubna_data_02_mir/recover-20220922/UBNA_001/20220921_090000.WAV,Telephone Field,recover-20220922,001,1795
153.7795,153.8199,68437,82057,Rhinolophus ferrumequinum,0.023,0.023,-1,Echolocation,/mnt/ubna_data_02_mir/recover-20220922/UBNA_001/20220921_090000.WAV,Telephone Field,recover-20220922,001,1795
153.7855,153.8222,68437,81910,Rhinolophus ferrumequinum,0.023,0.023,-1,Echolocation,/mnt/ubna_data_02_mir/recover-20220922/UBNA_001/20220921_090000.WAV,Telephone Field,recover-20220922,001,1795
153.7915,153.8021,28906,36879,Eptesicus serotinus,0.013,0.025,-1,Echolocation,/mnt/ubna_data_02_mir/recover-20220922/UBNA_001/20220921_090000.WAV,Telephone Field,recover-20220922,001,1795
153.8015,153.8374,68437,81154,Rhinolophus ferrumequinum,0.023,0.023,-1,Echolocation,/mnt/ubna_data_02_mir/recover-20220922/UBNA_001/20220921_090000.WAV,Telephone Field,recover-20220922,001,1795
153.8095,153.82,23750,29058,Nyctalus leisleri,0.01,0.021,-1,Echolocation,/mnt/ubna_data_02_mir/recover-20220922/UBNA_001/20220921_090000.WAV,Telephone Field,recover-20220922,001,1795
153.8345,153.8707,68437,81616,Rhinolophus ferrumequinum,0.022,0.022,-1,Echolocation,/mnt/ubna_data_02_mir/recover-20220922/UBNA_001/20220921_090000.WAV,Telephone Field,recover-20220922,001,1795
153.8355,153.8431,24609,33885,Plecotus austriacus,0.007,0.023,-1,Echolocation,/mnt/ubna_data_02_mir/recover-20220922/UBNA_001/20220921_090000.WAV,Telephone Field,recover-20220922,001,1795
153.8605,153.8986,68437,82679,Rhinolophus ferrumequinum,0.023,0.023,-1,Echolocation,/mnt/ubna_data_02_mir/recover-20220922/UBNA_001/20220921_090000.WAV,Telephone Field,recover-20220922,001,1795
153.8865,153.9257,68437,82624,Rhinolophus ferrumequinum,0.028,0.028,-1,Echolocation,/mnt/ubna_data_02_mir/recover-20220922/UBNA_001/20220921_090000.WAV,Telephone Field,recover-20220922,001,1795
154.0015,154.0093,25468,37193,Eptesicus serotinus,0.006,0.025,-1,Echolocation,/mnt/ubna_data_02_mir/recover-20220922/UBNA_001/20220921_090000.WAV,Telephone Field,recover-20220922,001,1795
154.0015,154.0284,69296,81082,Rhinolophus ferrumequinum,0.032,0.032,-1,Echolocation,/mnt/ubna_data_02_mir/recover-20220922/UBNA_001/20220921_090000.WAV,Telephone Field,recover-20220922,001,1795
154.0225,154.0317,24609,32515,Nyctalus leisleri,0.006,0.023,-1,Echolocation,/mnt/ubna_data_02_mir/recover-20220922/UBNA_001/20220921_090000.WAV,Telephone Field,recover-20220922,001,1795
154.0455,154.0538,28046,39253,Eptesicus serotinus,0.007,0.021,-1,Echolocation,/mnt/ubna_data_02_mir/recover-20220922/UBNA_001/20220921_090000.WAV,Telephone Field,recover-20220922,001,1795
154.0635,154.1029,68437,81693,Rhinolophus ferrumequinum,0.025,0.025,-1,Echolocation,/mnt/ubna_data_02_mir/recover-20220922/UBNA_001/20220921_090000.WAV,Telephone Field,recover-20220922,001,1795
154.0855,154.0958,28906,35655,Eptesicus serotinus,0.009,0.022,-1,Echolocation,/mnt/ubna_data_02_mir/recover-20220922/UBNA_001/20220921_090000.WAV,Telephone Field,recover-20220922,001,1795
154.0865,154.1226,68437,81264,Rhinolophus ferrumequinum,0.023,0.023,-1,Echolocation,/mnt/ubna_data_02_mir/recover-20220922/UBNA_001/20220921_090000.WAV,Telephone Field,recover-20220922,001,1795
154.1015,154.141,68437,82207,Rhinolophus ferrumequinum,0.024,0.024,-1,Echolocation,/mnt/ubna_data_02_mir/recover-20220922/UBNA_001/20220921_090000.WAV,Telephone Field,recover-20220922,001,1795
154.1085,154.1174,28046,38131,Eptesicus serotinus,0.008,0.021,-1,Echolocation,/mnt/ubna_data_02_mir/recover-20220922/UBNA_001/20220921_090000.WAV,Telephone Field,recover-20220922,001,1795
154.1085,154.1158,52109,58122,Pipistrellus pipistrellus,0.017,0.022,-1,Echolocation,/mnt/ubna_data_02_mir/recover-20220922/UBNA_001/20220921_090000.WAV,Telephone Field,recover-20220922,001,1795
154.1295,154.1692,68437,81994,Rhinolophus ferrumequinum,0.021,0.021,-1,Echolocation,/mnt/ubna_data_02_mir/recover-20220922/UBNA_001/20220921_090000.WAV,Telephone Field,recover-20220922,001,1795
154.1675,154.2097,68437,82889,Rhinolophus ferrumequinum,0.033,0.033,-1,Echolocation,/mnt/ubna_data_02_mir/recover-20220922/UBNA_001/20220921_090000.WAV,Telephone Field,recover-20220922,001,1795
154.1745,154.2174,68437,83205,Rhinolophus ferrumequinum,0.027,0.027,-1,Echolocation,/mnt/ubna_data_02_mir/recover-20220922/UBNA_001/20220921_090000.WAV,Telephone Field,recover-20220922,001,1795
154.1835,154.1915,22890,31041,Plecotus austriacus,0.012,0.025,-1,Echolocation,/mnt/ubna_data_02_mir/recover-20220922/UBNA_001/20220921_090000.WAV,Telephone Field,recover-20220922,001,1795
154.2035,154.2425,68437,82266,Rhinolophus ferrumequinum,0.024,0.024,-1,Echolocation,/mnt/ubna_data_02_mir/recover-20220922/UBNA_001/20220921_090000.WAV,Telephone Field,recover-20220922,001,1795
154.2075,154.2236,20312,23463,Nyctalus leisleri,0.015,0.025,-1,Echolocation,/mnt/ubna_data_02_mir/recover-20220922/UBNA_001/20220921_090000.WAV,Telephone Field,recover-20220922,001,1795
154.2365,154.2719,68437,81295,Rhinolophus ferrumequinum,0.021,0.021,-1,Echolocation,/mnt/ubna_data_02_mir/recover-20220922/UBNA_001/20220921_090000.WAV,Telephone Field,recover-20220922,001,1795
154.2475,154.2559,23750,32527,Plecotus austriacus,0.009,0.029,-1,Echolocation,/mnt/ubna_data_02_mir/recover-20220922/UBNA_001/20220921_090000.WAV,Telephone Field,recover-20220922,001,1795
154.2545,154.2627,25468,33319,Eptesicus serotinus,0.009,0.025,-1,Echolocation,/mnt/ubna_data_02_mir/recover-20220922/UBNA_001/20220921_090000.WAV,Telephone Field,recover-20220922,001,1795
154.2765,154.3173,68437,83184,Rhinolophus ferrumequinum,0.024,0.024,-1,Echolocation,/mnt/ubna_data_02_mir/recover-20220922/UBNA_001/20220921_090000.WAV,Telephone Field,recover-20220922,001,1795
154.2815,154.2894,28046,39089,Eptesicus serotinus,0.006,0.021,-1,Echolocation,/mnt/ubna_data_02_mir/recover-20220922/UBNA_001/20220921_090000.WAV,Telephone Field,recover-20220922,001,1795
154.2955,154.3365,68437,83265,Rhinolophus ferrumequinum,0.031,0.031,-1,Echolocation,/mnt/ubna_data_02_mir/recover-20220922/UBNA_001/20220921_090000.WAV,Telephone Field,recover-20220922,001,1795
154.3165,154.3275,25468,31377,Eptesicus serotinus,0.009,0.023,-1,Echolocation,/mnt/ubna_data_02_mir/recover-20220922/UBNA_001/20220921_090000.WAV,Telephone Field,recover-20220922,001,1795
154.3335,154.3713,68437,81597,Rhinolophus ferrumequinum,0.021,0.021,-1,Echolocation,/mnt/ubna_data_02_mir/recover-20220922/UBNA_001/20220921_090000.WAV,Telephone Field,recover-20220922,001,1795
154.4125,154.4227,27187,36159,Eptesicus serotinus,0.01,0.024,-1,Echolocation,/mnt/ubna_data_02_mir/recover-20220922/UBNA_001/20220921_090000.WAV,Telephone Field,recover-20220922,001,1795
154.4345,154.4419,34921,43789,Myotis daubentonii,0.01,0.028,-1,Echolocation,/mnt/ubna_data_02_mir/recover-20220922/UBNA_001/20220921_090000.WAV,Telephone Field,recover-20220922,001,1795
154.4355,154.4428,28046,40960,Eptesicus serotinus,0.007,0.023,-1,Echolocation,/mnt/ubna_data_02_mir/recover-20220922/UBNA_001/20220921_090000.WAV,Telephone Field,recover-20220922,001,1795
154.4425,154.4851,68437,82799,Rhinolophus ferrumequinum,0.031,0.031,-1,Echolocation,/mnt/ubna_data_02_mir/recover-20220922/UBNA_001/20220921_090000.WAV,Telephone Field,recover-20220922,001,1795
154.4515,154.4607,26328,34351,Eptesicus serotinus,0.02,0.049,-1,Echolocation,/mnt/ubna_data_02_mir/recover-20220922/UBNA_001/20220921_090000.WAV,Telephone Field,recover-20220922,001,1795
154.5075,154.5455,68437,81979,Rhinolophus ferrumequinum,0.023,0.023,-1,Echolocation,/mnt/ubna_data_02_mir/recover-20220922/UBNA_001/20220921_090000.WAV,Telephone Field,recover-20220922,001,1795
154.5085,154.517,22890,30442,Plecotus austriacus,0.008,0.022,-1,Echolocation,/mnt/ubna_data_02_mir/recover-20220922/UBNA_001/20220921_090000.WAV,Telephone Field,recover-20220922,001,1795
154.5325,154.5719,68437,82503,Rhinolophus ferrumequinum,0.021,0.021,-1,Echolocation,/mnt/ubna_data_02_mir/recover-20220922/UBNA_001/20220921_090000.WAV,Telephone Field,recover-20220922,001,1795
154.5855,154.6248,68437,82034,Rhinolophus ferrumequinum,0.025,0.025,-1,Echolocation,/mnt/ubna_data_02_mir/recover-20220922/UBNA_001/20220921_090000.WAV,Telephone Field,recover-20220922,001,1795
154.5935,154.6004,23750,32798,Plecotus austriacus,0.011,0.026,-1,Echolocation,/mnt/ubna_data_02_mir/recover-20220922/UBNA_001/20220921_090000.WAV,Telephone Field,recover-20220922,001,1795
154.6255,154.6666,68437,83130,Rhinolophus ferrumequinum,0.022,0.022,-1,Echolocation,/mnt/ubna_data_02_mir/recover-20220922/UBNA_001/20220921_090000.WAV,Telephone Field,recover-20220922,001,1795
154.6525,154.6613,28046,38169,Eptesicus serotinus,0.007,0.021,-1,Echolocation,/mnt/ubna_data_02_mir/recover-20220922/UBNA_001/20220921_090000.WAV,Telephone Field,recover-20220922,001,1795
154.67849999999999,154.7161,68437,82184,Rhinolophus ferrumequinum,0.022,0.022,-1,Echolocation,/mnt/ubna_data_02_mir/recover-20220922/UBNA_001/20220921_090000.WAV,Telephone Field,recover-20220922,001,1795
154.7355,154.7434,28046,42332,Eptesicus serotinus,0.008,0.022,-1,Echolocation,/mnt/ubna_data_02_mir/recover-20220922/UBNA_001/20220921_090000.WAV,Telephone Field,recover-20220922,001,1795
154.7445,154.7797,68437,80909,Rhinolophus ferrumequinum,0.023,0.023,-1,Echolocation,/mnt/ubna_data_02_mir/recover-20220922/UBNA_001/20220921_090000.WAV,Telephone Field,recover-20220922,001,1795
154.7495,154.7848,68437,81026,Rhinolophus ferrumequinum,0.022,0.022,-1,Echolocation,/mnt/ubna_data_02_mir/recover-20220922/UBNA_001/20220921_090000.WAV,Telephone Field,recover-20220922,001,1795
154.7525,154.7622,23750,30995,Nyctalus leisleri,0.006,0.021,-1,Echolocation,/mnt/ubna_data_02_mir/recover-20220922/UBNA_001/20220921_090000.WAV,Telephone Field,recover-20220922,001,1795
154.7765,154.814,68437,81816,Rhinolophus ferrumequinum,0.023,0.023,-1,Echolocation,/mnt/ubna_data_02_mir/recover-20220922/UBNA_001/20220921_090000.WAV,Telephone Field,recover-20220922,001,1795
154.7795,154.7868,23750,32645,Plecotus austriacus,0.008,0.023,-1,Echolocation,/mnt/ubna_data_02_mir/recover-20220922/UBNA_001/20220921_090000.WAV,Telephone Field,recover-20220922,001,1795
154.7915,154.8012,27187,36199,Eptesicus serotinus,0.01,0.022,-1,Echolocation,/mnt/ubna_data_02_mir/recover-20220922/UBNA_001/20220921_090000.WAV,Telephone Field,recover-20220922,001,1795
154.7965,154.8392,68437,82696,Rhinolophus ferrumequinum,0.038,0.038,-1,Echolocation,/mnt/ubna_data_02_mir/recover-20220922/UBNA_001/20220921_090000.WAV,Telephone Field,recover-20220922,001,1795
154.8405,154.8809,68437,81812,Rhinolophus ferrumequinum,0.023,0.023,-1,Echolocation,/mnt/ubna_data_02_mir/recover-20220922/UBNA_001/20220921_090000.WAV,Telephone Field,recover-20220922,001,1795
154.8475,154.8849,68437,81608,Rhinolophus ferrumequinum,0.023,0.023,-1,Echolocation,/mnt/ubna_data_02_mir/recover-20220922/UBNA_001/20220921_090000.WAV,Telephone Field,recover-20220922,001,1795
154.9195,154.9265,28046,38413,Eptesicus serotinus,0.007,0.024,-1,Echolocation,/mnt/ubna_data_02_mir/recover-20220922/UBNA_001/20220921_090000.WAV,Telephone Field,recover-20220922,001,1795
154.9555,154.9648,23750,29989,Nyctalus leisleri,0.009,0.024,-1,Echolocation,/mnt/ubna_data_02_mir/recover-20220922/UBNA_001/20220921_090000.WAV,Telephone Field,recover-20220922,001,1795
154.9625,155.0039,68437,82196,Rhinolophus ferrumequinum,0.021,0.021,-1,Echolocation,/mnt/ubna_data_02_mir/recover-20220922/UBNA_001/20220921_090000.WAV,Telephone Field,recover-20220922,001,1795
154.9705,154.9825,22031,25933,Nyctalus leisleri,0.013,0.022,-1,Echolocation,/mnt/ubna_data_02_mir/recover-20220922/UBNA_001/20220921_090000.WAV,Telephone Field,recover-20220922,001,1795
154.9845,154.9932,28046,39566,Eptesicus serotinus,0.008,0.021,-1,Echolocation,/mnt/ubna_data_02_mir/recover-20220922/UBNA_001/20220921_090000.WAV,Telephone Field,recover-20220922,001,1795
154.9985,155.0362,68437,81660,Rhinolophus ferrumequinum,0.021,0.021,-1,Echolocation,/mnt/ubna_data_02_mir/recover-20220922/UBNA_001/20220921_090000.WAV,Telephone Field,recover-20220922,001,1795
155.0095,155.0228,21171,27046,Nyctalus noctula,0.032,0.069,-1,Echolocation,/mnt/ubna_data_02_mir/recover-20220922/UBNA_001/20220921_090000.WAV,Telephone Field,recover-20220922,001,1795
155.0415,155.0817,68437,82172,Rhinolophus ferrumequinum,0.025,0.025,-1,Echolocation,/mnt/ubna_data_02_mir/recover-20220922/UBNA_001/20220921_090000.WAV,Telephone Field,recover-20220922,001,1795
155.0475,155.0545,28046,39936,Eptesicus serotinus,0.011,0.032,-1,Echolocation,/mnt/ubna_data_02_mir/recover-20220922/UBNA_001/20220921_090000.WAV,Telephone Field,recover-20220922,001,1795
155.0605,155.1007,68437,82920,Rhinolophus ferrumequinum,0.033,0.033,-1,Echolocation,/mnt/ubna_data_02_mir/recover-20220922/UBNA_001/20220921_090000.WAV,Telephone Field,recover-20220922,001,1795
155.0735,155.0837,24609,32074,Eptesicus serotinus,0.009,0.026,-1,Echolocation,/mnt/ubna_data_02_mir/recover-20220922/UBNA_001/20220921_090000.WAV,Telephone Field,recover-20220922,001,1795
155.0975,155.1074,43515,47009,Pipistrellus pipistrellus,0.028,0.032,-1,Echolocation,/mnt/ubna_data_02_mir/recover-20220922/UBNA_001/20220921_090000.WAV,Telephone Field,recover-20220922,001,1795
155.1195,155.1596,68437,82831,Rhinolophus ferrumequinum,0.027,0.027,-1,Echolocation,/mnt/ubna_data_02_mir/recover-20220922/UBNA_001/20220921_090000.WAV,Telephone Field,recover-20220922,001,1795
155.1365,155.1758,68437,81845,Rhinolophus ferrumequinum,0.022,0.022,-1,Echolocation,/mnt/ubna_data_02_mir/recover-20220922/UBNA_001/20220921_090000.WAV,Telephone Field,recover-20220922,001,1795
155.1595,155.1671,27187,40271,Eptesicus serotinus,0.007,0.022,-1,Echolocation,/mnt/ubna_data_02_mir/recover-20220922/UBNA_001/20220921_090000.WAV,Telephone Field,recover-20220922,001,1795
155.1615,155.19650000000001,68437,81298,Rhinolophus ferrumequinum,0.024,0.024,-1,Echolocation,/mnt/ubna_data_02_mir/recover-20220922/UBNA_001/20220921_090000.WAV,Telephone Field,recover-20220922,001,1795
155.1775,155.1884,22031,27316,Nyctalus leisleri,0.011,0.025,-1,Echolocation,/mnt/ubna_data_02_mir/recover-20220922/UBNA_001/20220921_090000.WAV,Telephone Field,recover-20220922,001,1795
155.1945,155.2046,28906,36976,Eptesicus serotinus,0.01,0.024,-1,Echolocation,/mnt/ubna_data_02_mir/recover-20220922/UBNA_001/20220921_090000.WAV,Telephone Field,recover-20220922,001,1795
155.2195,155.2288,28046,38529,Eptesicus serotinus,0.011,0.028,-1,Echolocation,/mnt/ubna_data_02_mir/recover-20220922/UBNA_001/20220921_090000.WAV,Telephone Field,recover-20220922,001,1795
155.2865,155.2936,24609,34232,Plecotus austriacus,0.006,0.021,-1,Echolocation,/mnt/ubna_data_02_mir/recover-20220922/UBNA_001/20220921_090000.WAV,Telephone Field,recover-20220922,001,1795
155.3045,155.3127,25468,34425,Eptesicus serotinus,0.007,0.021,-1,Echolocation,/mnt/ubna_data_02_mir/recover-20220922/UBNA_001/20220921_090000.WAV,Telephone Field,recover-20220922,001,1795
155.3045,155.3422,68437,81276,Rhinolophus ferrumequinum,0.021,0.021,-1,Echolocation,/mnt/ubna_data_02_mir/recover-20220922/UBNA_001/20220921_090000.WAV,Telephone Field,recover-20220922,001,1795
155.3255,155.3327,28906,38626,Eptesicus serotinus,0.007,0.025,-1,Echolocation,/mnt/ubna_data_02_mir/recover-20220922/UBNA_001/20220921_090000.WAV,Telephone Field,recover-20220922,001,1795
155.3365,155.3772,68437,82317,Rhinolophus ferrumequinum,0.022,0.022,-1,Echolocation,/mnt/ubna_data_02_mir/recover-20220922/UBNA_001/20220921_090000.WAV,Telephone Field,recover-20220922,001,1795
155.3445,155.355,23750,28865,Nyctalus leisleri,0.011,0.023,-1,Echolocation,/mnt/ubna_data_02_mir/recover-20220922/UBNA_001/20220921_090000.WAV,Telephone Field,recover-20220922,001,1795
155.3875,155.3974,28906,37432,Eptesicus serotinus,0.01,0.023,-1,Echolocation,/mnt/ubna_data_02_mir/recover-20220922/UBNA_001/20220921_090000.WAV,Telephone Field,recover-20220922,001,1795
155.4125,155.4513,68437,82014,Rhinolophus ferrumequinum,0.021,0.021,-1,Echolocation,/mnt/ubna_data_02_mir/recover-20220922/UBNA_001/20220921_090000.WAV,Telephone Field,recover-20220922,001,1795
155.4205,155.4277,14296,27305,Plecotus auritus,0.026,0.031,-1,Echolocation,/mnt/ubna_data_02_mir/recover-20220922/UBNA_001/20220921_090000.WAV,Telephone Field,recover-20220922,001,1795
155.4385,155.4502,22890,27605,Nyctalus leisleri,0.011,0.021,-1,Echolocation,/mnt/ubna_data_02_mir/recover-20220922/UBNA_001/20220921_090000.WAV,Telephone Field,recover-20220922,001,1795
155.4605,155.5005,68437,82481,Rhinolophus ferrumequinum,0.021,0.021,-1,Echolocation,/mnt/ubna_data_02_mir/recover-20220922/UBNA_001/20220921_090000.WAV,Telephone Field,recover-20220922,001,1795
155.4905,155.5323,68437,83274,Rhinolophus ferrumequinum,0.023,0.023,-1,Echolocation,/mnt/ubna_data_02_mir/recover-20220922/UBNA_001/20220921_090000.WAV,Telephone Field,recover-20220922,001,1795
155.5425,155.5517,24609,32497,Eptesicus serotinus,0.008,0.021,-1,Echolocation,/mnt/ubna_data_02_mir/recover-20220922/UBNA_001/20220921_090000.WAV,Telephone Field,recover-20220922,001,1795
155.5445,155.5831,68437,81297,Rhinolophus ferrumequinum,0.028,0.028,-1,Echolocation,/mnt/ubna_data_02_mir/recover-20220922/UBNA_001/20220921_090000.WAV,Telephone Field,recover-20220922,001,1795
155.5625,155.5699,25468,33912,Plecotus austriacus,0.006,0.024,-1,Echolocation,/mnt/ubna_data_02_mir/recover-20220922/UBNA_001/20220921_090000.WAV,Telephone Field,recover-20220922,001,1795
155.5795,155.6171,68437,81519,Rhinolophus ferrumequinum,0.021,0.021,-1,Echolocation,/mnt/ubna_data_02_mir/recover-20220922/UBNA_001/20220921_090000.WAV,Telephone Field,recover-20220922,001,1795
155.5835,155.5909,28046,38722,Eptesicus serotinus,0.008,0.023,-1,Echolocation,/mnt/ubna_data_02_mir/recover-20220922/UBNA_001/20220921_090000.WAV,Telephone Field,recover-20220922,001,1795
155.5865,155.624,68437,81799,Rhinolophus ferrumequinum,0.021,0.021,-1,Echolocation,/mnt/ubna_data_02_mir/recover-20220922/UBNA_001/20220921_090000.WAV,Telephone Field,recover-20220922,001,1795
155.6105,155.621,28906,36547,Eptesicus serotinus,0.011,0.025,-1,Echolocation,/mnt/ubna_data_02_mir/recover-20220922/UBNA_001/20220921_090000.WAV,Telephone Field,recover-20220922,001,1795
155.6115,155.6521,68437,82560,Rhinolophus ferrumequinum,0.029,0.029,-1,Echolocation,/mnt/ubna_data_02_mir/recover-20220922/UBNA_001/20220921_090000.WAV,Telephone Field,recover-20220922,001,1795
155.6175,155.6581,68437,82436,Rhinolophus ferrumequinum,0.024,0.024,-1,Echolocation,/mnt/ubna_data_02_mir/recover-20220922/UBNA_001/20220921_090000.WAV,Telephone Field,recover-20220922,001,1795
155.6435,155.6525,28046,36492,Eptesicus serotinus,0.013,0.028,-1,Echolocation,/mnt/ubna_data_02_mir/recover-20220922/UBNA_001/20220921_090000.WAV,Telephone Field,recover-20220922,001,1795
155.6455,155.685,68437,81944,Rhinolophus ferrumequinum,0.022,0.022,-1,Echolocation,/mnt/ubna_data_02_mir/recover-20220922/UBNA_001/20220921_090000.WAV,Telephone Field,recover-20220922,001,1795
155.6935,155.7029,28046,39025,Eptesicus serotinus,0.009,0.021,-1,Echolocation,/mnt/ubna_data_02_mir/recover-20220922/UBNA_001/20220921_090000.WAV,Telephone Field,recover-20220922,001,1795
155.7305,155.7611,68437,80046,Rhinolophus ferrumequinum,0.021,0.021,-1,Echolocation,/mnt/ubna_data_02_mir/recover-20220922/UBNA_001/20220921_090000.WAV,Telephone Field,recover-20220922,001,1795
155.7325,155.73930000000001,24609,34593,Plecotus austriacus,0.009,0.024,-1,Echolocation,/mnt/ubna_data_02_mir/recover-20220922/UBNA_001/20220921_090000.WAV,Telephone Field,recover-20220922,001,1795
155.7825,155.8177,68437,81315,Rhinolophus ferrumequinum,0.021,0.021,-1,Echolocation,/mnt/ubna_data_02_mir/recover-20220922/UBNA_001/20220921_090000.WAV,Telephone Field,recover-20220922,001,1795
155.7945,155.8345,68437,82278,Rhinolophus ferrumequinum,0.024,0.024,-1,Echolocation,/mnt/ubna_data_02_mir/recover-20220922/UBNA_001/20220921_090000.WAV,Telephone Field,recover-20220922,001,1795
155.8485,155.8612,25468,31376,Eptesicus serotinus,0.065,0.152,-1,Echolocation,/mnt/ubna_data_02_mir/recover-20220922/UBNA_001/20220921_090000.WAV,Telephone Field,recover-20220922,001,1795
155.8595,155.8701,23750,29951,Nyctalus leisleri,0.011,0.025,-1,Echolocation,/mnt/ubna_data_02_mir/recover-20220922/UBNA_001/20220921_090000.WAV,Telephone Field,recover-20220922,001,1795
155.8875,155.9281,68437,82626,Rhinolophus ferrumequinum,0.027,0.027,-1,Echolocation,/mnt/ubna_data_02_mir/recover-20220922/UBNA_001/20220921_090000.WAV,Telephone Field,recover-20220922,001,1795
155.8875,155.8949,28046,39260,Eptesicus serotinus,0.008,0.024,-1,Echolocation,/mnt/ubna_data_02_mir/recover-20220922/UBNA_001/20220921_090000.WAV,Telephone Field,recover-20220922,001,1795
155.8935,155.9315,68437,82088,Rhinolophus ferrumequinum,0.023,0.023,-1,Echolocation,/mnt/ubna_data_02_mir/recover-20220922/UBNA_001/20220921_090000.WAV,Telephone Field,recover-20220922,001,1795
155.9155,155.9257,22890,29178,Nyctalus leisleri,0.01,0.024,-1,Echolocation,/mnt/ubna_data_02_mir/recover-20220922/UBNA_001/20220921_090000.WAV,Telephone Field,recover-20220922,001,1795
155.9185,155.9266,28046,37710,Eptesicus serotinus,0.007,0.022,-1,Echolocation,/mnt/ubna_data_02_mir/recover-20220922/UBNA_001/20220921_090000.WAV,Telephone Field,recover-20220922,001,1795
155.9385,155.9459,28046,41314,Eptesicus serotinus,0.009,0.028,-1,Echolocation,/mnt/ubna_data_02_mir/recover-20220922/UBNA_001/20220921_090000.WAV,Telephone Field,recover-20220922,001,1795
155.9615,155.9702,28906,39425,Eptesicus serotinus,0.011,0.026,-1,Echolocation,/mnt/ubna_data_02_mir/recover-20220922/UBNA_001/20220921_090000.WAV,Telephone Field,recover-20220922,001,1795
156.0015,156.0333,68437,79217,Rhinolophus ferrumequinum,0.027,0.027,-1,Echolocation,/mnt/ubna_data_02_mir/recover-20220922/UBNA_001/20220921_090000.WAV,Telephone Field,recover-20220922,001,1795
156.0015,156.0166,21171,27141,Nyctalus leisleri,0.014,0.035,-1,Echolocation,/mnt/ubna_data_02_mir/recover-20220922/UBNA_001/20220921_090000.WAV,Telephone Field,recover-20220922,001,1795
156.0015,156.0105,31484,38675,Myotis daubentonii,0.006,0.023,-1,Echolocation,/mnt/ubna_data_02_mir/recover-20220922/UBNA_001/20220921_090000.WAV,Telephone Field,recover-20220922,001,1795
156.0075,156.0501,68437,81849,Rhinolophus ferrumequinum,0.023,0.023,-1,Echolocation,/mnt/ubna_data_02_mir/recover-20220922/UBNA_001/20220921_090000.WAV,Telephone Field,recover-20220922,001,1795
156.0135,156.0553,68437,82323,Rhinolophus ferrumequinum,0.023,0.023,-1,Echolocation,/mnt/ubna_data_02_mir/recover-20220922/UBNA_001/20220921_090000.WAV,Telephone Field,recover-20220922,001,1795
156.0165,156.0298,22890,27019,Nyctalus leisleri,0.02,0.034,-1,Echolocation,/mnt/ubna_data_02_mir/recover-20220922/UBNA_001/20220921_090000.WAV,Telephone Field,recover-20220922,001,1795
156.0725,156.0818,28906,35835,Eptesicus serotinus,0.008,0.023,-1,Echolocation,/mnt/ubna_data_02_mir/recover-20220922/UBNA_001/20220921_090000.WAV,Telephone Field,recover-20220922,001,1795
156.0795,156.118,68437,81796,Rhinolophus ferrumequinum,0.021,0.021,-1,Echolocation,/mnt/ubna_data_02_mir/recover-20220922/UBNA_001/20220921_090000.WAV,Telephone Field,recover-20220922,001,1795
156.1235,156.163,68437,82441,Rhinolophus ferrumequinum,0.026,0.026,-1,Echolocation,/mnt/ubna_data_02_mir/recover-20220922/UBNA_001/20220921_090000.WAV,Telephone Field,recover-20220922,001,1795
156.1755,156.2177,68437,82864,Rhinolophus ferrumequinum,0.028,0.028,-1,Echolocation,/mnt/ubna_data_02_mir/recover-20220922/UBNA_001/20220921_090000.WAV,Telephone Field,recover-20220922,001,1795
156.1875,156.1951,27187,39090,Eptesicus serotinus,0.007,0.022,-1,Echolocation,/mnt/ubna_data_02_mir/recover-20220922/UBNA_001/20220921_090000.WAV,Telephone Field,recover-20220922,001,1795
156.1895,156.227,68437,82471,Rhinolophus ferrumequinum,0.022,0.022,-1,Echolocation,/mnt/ubna_data_02_mir/recover-20220922/UBNA_001/20220921_090000.WAV,Telephone Field,recover-20220922,001,1795
156.2155,156.2234,27187,35637,Eptesicus serotinus,0.01,0.026,-1,Echolocation,/mnt/ubna_data_02_mir/recover-20220922/UBNA_001/20220921_090000.WAV,Telephone Field,recover-20220922,001,1795
156.2265,156.233,26328,40612,Myotis nattereri,0.005,0.021,-1,Echolocation,/mnt/ubna_data_02_mir/recover-20220922/UBNA_001/20220921_090000.WAV,Telephone Field,recover-20220922,001,1795
156.2335,156.2714,68437,82271,Rhinolophus ferrumequinum,0.025,0.025,-1,Echolocation,/mnt/ubna_data_02_mir/recover-20220922/UBNA_001/20220921_090000.WAV,Telephone Field,recover-20220922,001,1795
156.2435,156.2519,25468,34915,Eptesicus serotinus,0.01,0.03,-1,Echolocation,/mnt/ubna_data_02_mir/recover-20220922/UBNA_001/20220921_090000.WAV,Telephone Field,recover-20220922,001,1795
156.2565,156.3015,68437,83313,Rhinolophus ferrumequinum,0.063,0.063,-1,Echolocation,/mnt/ubna_data_02_mir/recover-20220922/UBNA_001/20220921_090000.WAV,Telephone Field,recover-20220922,001,1795
156.2785,156.3162,68437,82797,Rhinolophus ferrumequinum,0.023,0.023,-1,Echolocation,/mnt/ubna_data_02_mir/recover-20220922/UBNA_001/20220921_090000.WAV,Telephone Field,recover-20220922,001,1795
156.3565,156.364,24609,33169,Plecotus austriacus,0.008,0.022,-1,Echolocation,/mnt/ubna_data_02_mir/recover-20220922/UBNA_001/20220921_090000.WAV,Telephone Field,recover-20220922,001,1795
156.3875,156.4252,68437,81579,Rhinolophus ferrumequinum,0.022,0.022,-1,Echolocation,/mnt/ubna_data_02_mir/recover-20220922/UBNA_001/20220921_090000.WAV,Telephone Field,recover-20220922,001,1795
156.4135,156.4217,28046,36217,Eptesicus serotinus,0.027,0.055,-1,Echolocation,/mnt/ubna_data_02_mir/recover-20220922/UBNA_001/20220921_090000.WAV,Telephone Field,recover-20220922,001,1795
156.4275,156.4682,68437,82397,Rhinolophus ferrumequinum,0.022,0.022,-1,Echolocation,/mnt/ubna_data_02_mir/recover-20220922/UBNA_001/20220921_090000.WAV,Telephone Field,recover-20220922,001,1795
156.4885,156.529,68437,82368,Rhinolophus ferrumequinum,0.024,0.024,-1,Echolocation,/mnt/ubna_data_02_mir/recover-20220922/UBNA_001/20220921_090000.WAV,Telephone Field,recover-20220922,001,1795
156.5355,156.573,68437,80995,Rhinolophus ferrumequinum,0.022,0.022,-1,Echolocation,/mnt/ubna_data_02_mir/recover-20220922/UBNA_001/20220921_090000.WAV,Telephone Field,recover-20220922,001,1795
156.5735,156.6119,68437,82081,Rhinolophus ferrumequinum,0.022,0.022,-1,Echolocation,/mnt/ubna_data_02_mir/recover-20220922/UBNA_001/20220921_090000.WAV,Telephone Field,recover-20220922,001,1795
156.6365,156.6738,68437,80987,Rhinolophus ferrumequinum,0.027,0.027,-1,Echolocation,/mnt/ubna_data_02_mir/recover-20220922/UBNA_001/20220921_090000.WAV,Telephone Field,recover-20220922,001,1795
156.6765,156.7144,68437,82478,Rhinolophus ferrumequinum,0.024,0.024,-1,Echolocation,/mnt/ubna_data_02_mir/recover-20220922/UBNA_001/20220921_090000.WAV,Telephone Field,recover-20220922,001,1795
156.6955,156.7018,28906,44961,Myotis daubentonii,0.009,0.031,-1,Echolocation,/mnt/ubna_data_02_mir/recover-20220922/UBNA_001/20220921_090000.WAV,Telephone Field,recover-20220922,001,1795
156.69650000000001,156.734,68437,82076,Rhinolophus ferrumequinum,0.022,0.022,-1,Echolocation,/mnt/ubna_data_02_mir/recover-20220922/UBNA_001/20220921_090000.WAV,Telephone Field,recover-20220922,001,1795
156.7475,156.78640000000001,68437,81319,Rhinolophus ferrumequinum,0.022,0.022,-1,Echolocation,/mnt/ubna_data_02_mir/recover-20220922/UBNA_001/20220921_090000.WAV,Telephone Field,recover-20220922,001,1795
156.7685,156.8095,68437,83316,Rhinolophus ferrumequinum,0.026,0.026,-1,Echolocation,/mnt/ubna_data_02_mir/recover-20220922/UBNA_001/20220921_090000.WAV,Telephone Field,recover-20220922,001,1795
156.7765,156.8163,68437,82347,Rhinolophus ferrumequinum,0.025,0.025,-1,Echolocation,/mnt/ubna_data_02_mir/recover-20220922/UBNA_001/20220921_090000.WAV,Telephone Field,recover-20220922,001,1795
156.8025,156.8466,68437,83017,Rhinolophus ferrumequinum,0.039,0.039,-1,Echolocation,/mnt/ubna_data_02_mir/recover-20220922/UBNA_001/20220921_090000.WAV,Telephone Field,recover-20220922,001,1795
156.8185,156.8285,23750,30427,Nyctalus leisleri,0.009,0.024,-1,Echolocation,/mnt/ubna_data_02_mir/recover-20220922/UBNA_001/20220921_090000.WAV,Telephone Field,recover-20220922,001,1795
156.8435,156.8841,68437,82705,Rhinolophus ferrumequinum,0.021,0.021,-1,Echolocation,/mnt/ubna_data_02_mir/recover-20220922/UBNA_001/20220921_090000.WAV,Telephone Field,recover-20220922,001,1795
156.9045,156.9177,22890,27533,Nyctalus leisleri,0.013,0.025,-1,Echolocation,/mnt/ubna_data_02_mir/recover-20220922/UBNA_001/20220921_090000.WAV,Telephone Field,recover-20220922,001,1795
156.9045,156.9439,68437,82426,Rhinolophus ferrumequinum,0.023,0.023,-1,Echolocation,/mnt/ubna_data_02_mir/recover-20220922/UBNA_001/20220921_090000.WAV,Telephone Field,recover-20220922,001,1795
156.9125,156.9495,68437,82564,Rhinolophus ferrumequinum,0.025,0.025,-1,Echolocation,/mnt/ubna_data_02_mir/recover-20220922/UBNA_001/20220921_090000.WAV,Telephone Field,recover-20220922,001,1795
156.9275,156.9345,26328,39005,Eptesicus serotinus,0.006,0.023,-1,Echolocation,/mnt/ubna_data_02_mir/recover-20220922/UBNA_001/20220921_090000.WAV,Telephone Field,recover-20220922,001,1795
156.9595,156.9663,27187,45549,Eptesicus serotinus,0.007,0.023,-1,Echolocation,/mnt/ubna_data_02_mir/recover-20220922/UBNA_001/20220921_090000.WAV,Telephone Field,recover-20220922,001,1795
157.0125,157.0198,23750,32511,Plecotus austriacus,0.013,0.029,-1,Echolocation,/mnt/ubna_data_02_mir/recover-20220922/UBNA_001/20220921_090000.WAV,Telephone Field,recover-20220922,001,1795
157.0185,157.057,68437,82632,Rhinolophus ferrumequinum,0.024,0.024,-1,Echolocation,/mnt/ubna_data_02_mir/recover-20220922/UBNA_001/20220921_090000.WAV,Telephone Field,recover-20220922,001,1795
157.0785,157.1169,68437,82215,Rhinolophus ferrumequinum,0.024,0.024,-1,Echolocation,/mnt/ubna_data_02_mir/recover-20220922/UBNA_001/20220921_090000.WAV,Telephone Field,recover-20220922,001,1795
157.1145,157.1261,22890,27002,Nyctalus leisleri,0.013,0.022,-1,Echolocation,/mnt/ubna_data_02_mir/recover-20220922/UBNA_001/20220921_090000.WAV,Telephone Field,recover-20220922,001,1795
157.1525,157.16140000000001,26328,34417,Eptesicus serotinus,0.015,0.031,-1,Echolocation,/mnt/ubna_data_02_mir/recover-20220922/UBNA_001/20220921_090000.WAV,Telephone Field,recover-20220922,001,1795
157.1625,157.2033,68437,82067,Rhinolophus ferrumequinum,0.021,0.021,-1,Echolocation,/mnt/ubna_data_02_mir/recover-20220922/UBNA_001/20220921_090000.WAV,Telephone Field,recover-20220922,001,1795
157.2345,157.2715,68437,81471,Rhinolophus ferrumequinum,0.023,0.023,-1,Echolocation,/mnt/ubna_data_02_mir/recover-20220922/UBNA_001/20220921_090000.WAV,Telephone Field,recover-20220922,001,1795
157.2385,157.2481,22031,27621,Nyctalus leisleri,0.009,0.021,-1,Echolocation,/mnt/ubna_data_02_mir/recover-20220922/UBNA_001/20220921_090000.WAV,Telephone Field,recover-20220922,001,1795
157.2815,157.3225,68437,82210,Rhinolophus ferrumequinum,0.023,0.023,-1,Echolocation,/mnt/ubna_data_02_mir/recover-20220922/UBNA_001/20220921_090000.WAV,Telephone Field,recover-20220922,001,1795
157.2885,157.328,68437,82344,Rhinolophus ferrumequinum,0.023,0.023,-1,Echolocation,/mnt/ubna_data_02_mir/recover-20220922/UBNA_001/20220921_090000.WAV,Telephone Field,recover-20220922,001,1795
157.3065,157.3463,68437,81996,Rhinolophus ferrumequinum,0.022,0.022,-1,Echolocation,/mnt/ubna_data_02_mir/recover-20220922/UBNA_001/20220921_090000.WAV,Telephone Field,recover-20220922,001,1795
157.3255,157.3622,68437,82003,Rhinolophus ferrumequinum,0.023,0.023,-1,Echolocation,/mnt/ubna_data_02_mir/recover-20220922/UBNA_001/20220921_090000.WAV,Telephone Field,recover-20220922,001,1795
157.3525,157.3607,27187,39461,Eptesicus serotinus,0.008,0.024,-1,Echolocation,/mnt/ubna_data_02_mir/recover-20220922/UBNA_001/20220921_090000.WAV,Telephone Field,recover-20220922,001,1795
157.3795,157.3897,23750,29438,Nyctalus leisleri,0.009,0.021,-1,Echolocation,/mnt/ubna_data_02_mir/recover-20220922/UBNA_001/20220921_090000.WAV,Telephone Field,recover-20220922,001,1795
157.4155,157.4251,28046,36031,Eptesicus serotinus,0.009,0.023,-1,Echolocation,/mnt/ubna_data_02_mir/recover-20220922/UBNA_001/20220921_090000.WAV,Telephone Field,recover-20220922,001,1795
157.4365,157.44650000000001,28906,36836,Eptesicus serotinus,0.015,0.028,-1,Echolocation,/mnt/ubna_data_02_mir/recover-20220922/UBNA_001/20220921_090000.WAV,Telephone Field,recover-20220922,001,1795
157.4375,157.4735,68437,81505,Rhinolophus ferrumequinum,0.022,0.022,-1,Echolocation,/mnt/ubna_data_02_mir/recover-20220922/UBNA_001/20220921_090000.WAV,Telephone Field,recover-20220922,001,1795
157.4735,157.5118,68437,81825,Rhinolophus ferrumequinum,0.022,0.022,-1,Echolocation,/mnt/ubna_data_02_mir/recover-20220922/UBNA_001/20220921_090000.WAV,Telephone Field,recover-20220922,001,1795
157.5205,157.5305,27187,34821,Eptesicus serotinus,0.012,0.03,-1,Echolocation,/mnt/ubna_data_02_mir/recover-20220922/UBNA_001/20220921_090000.WAV,Telephone Field,recover-20220922,001,1795
157.5285,157.5669,68437,81593,Rhinolophus ferrumequinum,0.024,0.024,-1,Echolocation,/mnt/ubna_data_02_mir/recover-20220922/UBNA_001/20220921_090000.WAV,Telephone Field,recover-20220922,001,1795
157.5385,157.5786,68437,82788,Rhinolophus ferrumequinum,0.021,0.021,-1,Echolocation,/mnt/ubna_data_02_mir/recover-20220922/UBNA_001/20220921_090000.WAV,Telephone Field,recover-20220922,001,1795
157.5665,157.5756,28046,38299,Eptesicus serotinus,0.008,0.021,-1,Echolocation,/mnt/ubna_data_02_mir/recover-20220922/UBNA_001/20220921_090000.WAV,Telephone Field,recover-20220922,001,1795
157.6055,157.6424,68437,81597,Rhinolophus ferrumequinum,0.025,0.025,-1,Echolocation,/mnt/ubna_data_02_mir/recover-20220922/UBNA_001/20220921_090000.WAV,Telephone Field,recover-20220922,001,1795
157.6095,157.6176,25468,34486,Eptesicus serotinus,0.006,0.022,-1,Echolocation,/mnt/ubna_data_02_mir/recover-20220922/UBNA_001/20220921_090000.WAV,Telephone Field,recover-20220922,001,1795
157.6185,157.6543,68437,81215,Rhinolophus ferrumequinum,0.022,0.022,-1,Echolocation,/mnt/ubna_data_02_mir/recover-20220922/UBNA_001/20220921_090000.WAV,Telephone Field,recover-20220922,001,1795
157.6255,157.6619,68437,81619,Rhinolophus ferrumequinum,0.023,0.023,-1,Echolocation,/mnt/ubna_data_02_mir/recover-20220922/UBNA_001/20220921_090000.WAV,Telephone Field,recover-20220922,001,1795
157.6775,157.688,22031,26620,Nyctalus leisleri,0.011,0.023,-1,Echolocation,/mnt/ubna_data_02_mir/recover-20220922/UBNA_001/20220921_090000.WAV,Telephone Field,recover-20220922,001,1795
157.7135,157.7205,28046,37682,Eptesicus serotinus,0.006,0.024,-1,Echolocation,/mnt/ubna_data_02_mir/recover-20220922/UBNA_001/20220921_090000.WAV,Telephone Field,recover-20220922,001,1795
157.7275,157.7638,68437,81911,Rhinolophus ferrumequinum,0.025,0.025,-1,Echolocation,/mnt/ubna_data_02_mir/recover-20220922/UBNA_001/20220921_090000.WAV,Telephone Field,recover-20220922,001,1795
157.7585,157.7694,23750,29551,Nyctalus leisleri,0.013,0.03,-1,Echolocation,/mnt/ubna_data_02_mir/recover-20220922/UBNA_001/20220921_090000.WAV,Telephone Field,recover-20220922,001,1795
157.7625,157.7716,46093,52437,Pipistrellus pipistrellus,0.031,0.033,-1,Echolocation,/mnt/ubna_data_02_mir/recover-20220922/UBNA_001/20220921_090000.WAV,Telephone Field,recover-20220922,001,1795
157.7755,157.7859,28906,36029,Eptesicus serotinus,0.01,0.023,-1,Echolocation,/mnt/ubna_data_02_mir/recover-20220922/UBNA_001/20220921_090000.WAV,Telephone Field,recover-20220922,001,1795
157.8235,157.865,68437,83570,Rhinolophus ferrumequinum,0.027,0.027,-1,Echolocation,/mnt/ubna_data_02_mir/recover-20220922/UBNA_001/20220921_090000.WAV,Telephone Field,recover-20220922,001,1795
157.8405,157.8469,24609,36593,Plecotus austriacus,0.017,0.04,-1,Echolocation,/mnt/ubna_data_02_mir/recover-20220922/UBNA_001/20220921_090000.WAV,Telephone Field,recover-20220922,001,1795
157.9245,157.9349,28906,37174,Eptesicus serotinus,0.015,0.03,-1,Echolocation,/mnt/ubna_data_02_mir/recover-20220922/UBNA_001/20220921_090000.WAV,Telephone Field,recover-20220922,001,1795
157.9555,157.9661,28906,35633,Eptesicus serotinus,0.01,0.023,-1,Echolocation,/mnt/ubna_data_02_mir/recover-20220922/UBNA_001/20220921_090000.WAV,Telephone Field,recover-20220922,001,1795
157.9565,157.9944,68437,81878,Rhinolophus ferrumequinum,0.022,0.022,-1,Echolocation,/mnt/ubna_data_02_mir/recover-20220922/UBNA_001/20220921_090000.WAV,Telephone Field,recover-20220922,001,1795
157.9805,157.9904,24609,31422,Nyctalus leisleri,0.01,0.025,-1,Echolocation,/mnt/ubna_data_02_mir/recover-20220922/UBNA_001/20220921_090000.WAV,Telephone Field,recover-20220922,001,1795
157.9865,157.9978,23750,29651,Nyctalus leisleri,0.011,0.025,-1,Echolocation,/mnt/ubna_data_02_mir/recover-20220922/UBNA_001/20220921_090000.WAV,Telephone Field,recover-20220922,001,1795
158.0015,158.0091,48671,55166,Pipistrellus pipistrellus,0.019,0.025,-1,Echolocation,/mnt/ubna_data_02_mir/recover-20220922/UBNA_001/20220921_090000.WAV,Telephone Field,recover-20220922,001,1795
158.0015,158.0339,69296,81768,Rhinolophus ferrumequinum,0.043,0.043,-1,Echolocation,/mnt/ubna_data_02_mir/recover-20220922/UBNA_001/20220921_090000.WAV,Telephone Field,recover-20220922,001,1795
158.0015,158.0108,22031,27608,Nyctalus leisleri,0.016,0.037,-1,Echolocation,/mnt/ubna_data_02_mir/recover-20220922/UBNA_001/20220921_090000.WAV,Telephone Field,recover-20220922,001,1795
158.0075,158.04840000000002,68437,82241,Rhinolophus ferrumequinum,0.025,0.025,-1,Echolocation,/mnt/ubna_data_02_mir/recover-20220922/UBNA_001/20220921_090000.WAV,Telephone Field,recover-20220922,001,1795
158.0355,158.0453,24609,32517,Nyctalus leisleri,0.008,0.024,-1,Echolocation,/mnt/ubna_data_02_mir/recover-20220922/UBNA_001/20220921_090000.WAV,Telephone Field,recover-20220922,001,1795
158.0525,158.0635,28906,34969,Eptesicus serotinus,0.009,0.025,-1,Echolocation,/mnt/ubna_data_02_mir/recover-20220922/UBNA_001/20220921_090000.WAV,Telephone Field,recover-20220922,001,1795
158.0555,158.0939,68437,82251,Rhinolophus ferrumequinum,0.022,0.022,-1,Echolocation,/mnt/ubna_data_02_mir/recover-20220922/UBNA_001/20220921_090000.WAV,Telephone Field,recover-20220922,001,1795
158.1045,158.1121,27187,38230,Eptesicus serotinus,0.011,0.036,-1,Echolocation,/mnt/ubna_data_02_mir/recover-20220922/UBNA_001/20220921_090000.WAV,Telephone Field,recover-20220922,001,1795
158.1525,158.1904,68437,82265,Rhinolophus ferrumequinum,0.039,0.039,-1,Echolocation,/mnt/ubna_data_02_mir/recover-20220922/UBNA_001/20220921_090000.WAV,Telephone Field,recover-20220922,001,1795
158.1765,158.1848,27187,36206,Eptesicus serotinus,0.007,0.023,-1,Echolocation,/mnt/ubna_data_02_mir/recover-20220922/UBNA_001/20220921_090000.WAV,Telephone Field,recover-20220922,001,1795
158.1875,158.2261,68437,82398,Rhinolophus ferrumequinum,0.023,0.023,-1,Echolocation,/mnt/ubna_data_02_mir/recover-20220922/UBNA_001/20220921_090000.WAV,Telephone Field,recover-20220922,001,1795
158.2035,158.2402,68437,82103,Rhinolophus ferrumequinum,0.024,0.024,-1,Echolocation,/mnt/ubna_data_02_mir/recover-20220922/UBNA_001/20220921_090000.WAV,Telephone Field,recover-20220922,001,1795
158.2205,158.2557,68437,81383,Rhinolophus ferrumequinum,0.026,0.026,-1,Echolocation,/mnt/ubna_data_02_mir/recover-20220922/UBNA_001/20220921_090000.WAV,Telephone Field,recover-20220922,001,1795
158.2355,158.2431,23750,32614,Plecotus austriacus,0.01,0.023,-1,Echolocation,/mnt/ubna_data_02_mir/recover-20220922/UBNA_001/20220921_090000.WAV,Telephone Field,recover-20220922,001,1795
158.2465,158.2854,68437,81977,Rhinolophus ferrumequinum,0.023,0.023,-1,Echolocation,/mnt/ubna_data_02_mir/recover-20220922/UBNA_001/20220921_090000.WAV,Telephone Field,recover-20220922,001,1795
158.2535,158.2914,68437,81990,Rhinolophus ferrumequinum,0.022,0.022,-1,Echolocation,/mnt/ubna_data_02_mir/recover-20220922/UBNA_001/20220921_090000.WAV,Telephone Field,recover-20220922,001,1795
158.2585,158.2969,68437,82194,Rhinolophus ferrumequinum,0.022,0.022,-1,Echolocation,/mnt/ubna_data_02_mir/recover-20220922/UBNA_001/20220921_090000.WAV,Telephone Field,recover-20220922,001,1795
158.2715,158.2807,26328,35171,Eptesicus serotinus,0.011,0.026,-1,Echolocation,/mnt/ubna_data_02_mir/recover-20220922/UBNA_001/20220921_090000.WAV,Telephone Field,recover-20220922,001,1795
158.2925,158.3017,28046,36977,Eptesicus serotinus,0.009,0.024,-1,Echolocation,/mnt/ubna_data_02_mir/recover-20220922/UBNA_001/20220921_090000.WAV,Telephone Field,recover-20220922,001,1795
158.3355,158.3435,27187,40414,Eptesicus serotinus,0.01,0.029,-1,Echolocation,/mnt/ubna_data_02_mir/recover-20220922/UBNA_001/20220921_090000.WAV,Telephone Field,recover-20220922,001,1795
158.3355,158.3426,35781,42219,Barbastellus barbastellus,0.009,0.024,-1,Echolocation,/mnt/ubna_data_02_mir/recover-20220922/UBNA_001/20220921_090000.WAV,Telephone Field,recover-20220922,001,1795
158.3405,158.378,68437,81284,Rhinolophus ferrumequinum,0.023,0.023,-1,Echolocation,/mnt/ubna_data_02_mir/recover-20220922/UBNA_001/20220921_090000.WAV,Telephone Field,recover-20220922,001,1795
158.3775,158.3858,48671,53466,Pipistrellus pipistrellus,0.027,0.03,-1,Echolocation,/mnt/ubna_data_02_mir/recover-20220922/UBNA_001/20220921_090000.WAV,Telephone Field,recover-20220922,001,1795
158.3805,158.4202,68437,82286,Rhinolophus ferrumequinum,0.023,0.023,-1,Echolocation,/mnt/ubna_data_02_mir/recover-20220922/UBNA_001/20220921_090000.WAV,Telephone Field,recover-20220922,001,1795
158.3865,158.4263,68437,82153,Rhinolophus ferrumequinum,0.023,0.023,-1,Echolocation,/mnt/ubna_data_02_mir/recover-20220922/UBNA_001/20220921_090000.WAV,Telephone Field,recover-20220922,001,1795
158.3875,158.4049,54687,60132,Pipistrellus pygmaeus,0.023,0.025,-1,Echolocation,/mnt/ubna_data_02_mir/recover-20220922/UBNA_001/20220921_090000.WAV,Telephone Field,recover-20220922,001,1795
158.4075,158.4457,68437,81571,Rhinolophus ferrumequinum,0.022,0.022,-1,Echolocation,/mnt/ubna_data_02_mir/recover-20220922/UBNA_001/20220921_090000.WAV,Telephone Field,recover-20220922,001,1795
158.4445,158.4531,44375,52840,Pipistrellus pipistrellus,0.011,0.022,-1,Echolocation,/mnt/ubna_data_02_mir/recover-20220922/UBNA_001/20220921_090000.WAV,Telephone Field,recover-20220922,001,1795
158.4445,158.4843,68437,81891,Rhinolophus ferrumequinum,0.022,0.022,-1,Echolocation,/mnt/ubna_data_02_mir/recover-20220922/UBNA_001/20220921_090000.WAV,Telephone Field,recover-20220922,001,1795
158.4495,158.455,41796,56145,Myotis mystacinus,0.009,0.022,-1,Echolocation,/mnt/ubna_data_02_mir/recover-20220922/UBNA_001/20220921_090000.WAV,Telephone Field,recover-20220922,001,1795
158.4615,158.5004,68437,82232,Rhinolophus ferrumequinum,0.022,0.022,-1,Echolocation,/mnt/ubna_data_02_mir/recover-20220922/UBNA_001/20220921_090000.WAV,Telephone Field,recover-20220922,001,1795
158.4615,158.4693,28046,38304,Eptesicus serotinus,0.009,0.026,-1,Echolocation,/mnt/ubna_data_02_mir/recover-20220922/UBNA_001/20220921_090000.WAV,Telephone Field,recover-20220922,001,1795
158.4845,158.4954,27187,35991,Eptesicus serotinus,0.01,0.023,-1,Echolocation,/mnt/ubna_data_02_mir/recover-20220922/UBNA_001/20220921_090000.WAV,Telephone Field,recover-20220922,001,1795
158.5265,158.56380000000001,68437,82309,Rhinolophus ferrumequinum,0.024,0.024,-1,Echolocation,/mnt/ubna_data_02_mir/recover-20220922/UBNA_001/20220921_090000.WAV,Telephone Field,recover-20220922,001,1795
158.5515,158.5587,51250,58128,Pipistrellus pipistrellus,0.029,0.034,-1,Echolocation,/mnt/ubna_data_02_mir/recover-20220922/UBNA_001/20220921_090000.WAV,Telephone Field,recover-20220922,001,1795
158.5525,158.559,40078,56029,Myotis brandtii,0.007,0.023,-1,Echolocation,/mnt/ubna_data_02_mir/recover-20220922/UBNA_001/20220921_090000.WAV,Telephone Field,recover-20220922,001,1795
158.5895,158.6316,68437,82917,Rhinolophus ferrumequinum,0.034,0.034,-1,Echolocation,/mnt/ubna_data_02_mir/recover-20220922/UBNA_001/20220921_090000.WAV,Telephone Field,recover-20220922,001,1795
158.6065,158.6167,26328,33518,Eptesicus serotinus,0.013,0.03,-1,Echolocation,/mnt/ubna_data_02_mir/recover-20220922/UBNA_001/20220921_090000.WAV,Telephone Field,recover-20220922,001,1795
158.6075,158.6179,40937,46309,Pipistrellus nathusii,0.021,0.046,-1,Echolocation,/mnt/ubna_data_02_mir/recover-20220922/UBNA_001/20220921_090000.WAV,Telephone Field,recover-20220922,001,1795
158.6135,158.6516,68437,81653,Rhinolophus ferrumequinum,0.022,0.022,-1,Echolocation,/mnt/ubna_data_02_mir/recover-20220922/UBNA_001/20220921_090000.WAV,Telephone Field,recover-20220922,001,1795
158.6605,158.7008,68437,83032,Rhinolophus ferrumequinum,0.025,0.025,-1,Echolocation,/mnt/ubna_data_02_mir/recover-20220922/UBNA_001/20220921_090000.WAV,Telephone Field,recover-20220922,001,1795
158.6675,158.6733,28046,38954,Myotis daubentonii,0.007,0.03,-1,Echolocation,/mnt/ubna_data_02_mir/recover-20220922/UBNA_001/20220921_090000.WAV,Telephone Field,recover-20220922,001,1795
158.6795,158.7169,68437,81617,Rhinolophus ferrumequinum,0.032,0.032,-1,Echolocation,/mnt/ubna_data_02_mir/recover-20220922/UBNA_001/20220921_090000.WAV,Telephone Field,recover-20220922,001,1795
158.6805,158.6856,38359,58541,Myotis brandtii,0.007,0.022,-1,Echolocation,/mnt/ubna_data_02_mir/recover-20220922/UBNA_001/20220921_090000.WAV,Telephone Field,recover-20220922,001,1795
158.6895,158.7273,68437,82342,Rhinolophus ferrumequinum,0.026,0.026,-1,Echolocation,/mnt/ubna_data_02_mir/recover-20220922/UBNA_001/20220921_090000.WAV,Telephone Field,recover-20220922,001,1795
158.8245,158.8664,68437,82522,Rhinolophus ferrumequinum,0.03,0.03,-1,Echolocation,/mnt/ubna_data_02_mir/recover-20220922/UBNA_001/20220921_090000.WAV,Telephone Field,recover-20220922,001,1795
158.8505,158.8594,27187,37402,Eptesicus serotinus,0.01,0.027,-1,Echolocation,/mnt/ubna_data_02_mir/recover-20220922/UBNA_001/20220921_090000.WAV,Telephone Field,recover-20220922,001,1795
158.8535,158.8951,68437,82720,Rhinolophus ferrumequinum,0.041,0.041,-1,Echolocation,/mnt/ubna_data_02_mir/recover-20220922/UBNA_001/20220921_090000.WAV,Telephone Field,recover-20220922,001,1795
158.8775,158.916,68437,82238,Rhinolophus ferrumequinum,0.022,0.022,-1,Echolocation,/mnt/ubna_data_02_mir/recover-20220922/UBNA_001/20220921_090000.WAV,Telephone Field,recover-20220922,001,1795
158.8885,158.8954,24609,35005,Plecotus austriacus,0.015,0.036,-1,Echolocation,/mnt/ubna_data_02_mir/recover-20220922/UBNA_001/20220921_090000.WAV,Telephone Field,recover-20220922,001,1795
158.8975,158.9063,55546,61637,Pipistrellus pygmaeus,0.021,0.022,-1,Echolocation,/mnt/ubna_data_02_mir/recover-20220922/UBNA_001/20220921_090000.WAV,Telephone Field,recover-20220922,001,1795
158.9095,158.9441,68437,81554,Rhinolophus ferrumequinum,0.024,0.024,-1,Echolocation,/mnt/ubna_data_02_mir/recover-20220922/UBNA_001/20220921_090000.WAV,Telephone Field,recover-20220922,001,1795
158.9425,158.98,68437,82534,Rhinolophus ferrumequinum,0.024,0.024,-1,Echolocation,/mnt/ubna_data_02_mir/recover-20220922/UBNA_001/20220921_090000.WAV,Telephone Field,recover-20220922,001,1795
158.9445,158.9595,25468,30290,Nyctalus leisleri,0.028,0.063,-1,Echolocation,/mnt/ubna_data_02_mir/recover-20220922/UBNA_001/20220921_090000.WAV,Telephone Field,recover-20220922,001,1795
158.9575,158.9961,68437,82137,Rhinolophus ferrumequinum,0.023,0.023,-1,Echolocation,/mnt/ubna_data_02_mir/recover-20220922/UBNA_001/20220921_090000.WAV,Telephone Field,recover-20220922,001,1795
158.9845,159.0203,68437,81172,Rhinolophus ferrumequinum,0.023,0.023,-1,Echolocation,/mnt/ubna_data_02_mir/recover-20220922/UBNA_001/20220921_090000.WAV,Telephone Field,recover-20220922,001,1795
159.0075,159.0157,26328,35522,Eptesicus serotinus,0.009,0.023,-1,Echolocation,/mnt/ubna_data_02_mir/recover-20220922/UBNA_001/20220921_090000.WAV,Telephone Field,recover-20220922,001,1795
159.0185,159.0594,68437,82346,Rhinolophus ferrumequinum,0.03,0.03,-1,Echolocation,/mnt/ubna_data_02_mir/recover-20220922/UBNA_001/20220921_090000.WAV,Telephone Field,recover-20220922,001,1795
159.0225,159.0299,27187,38502,Eptesicus serotinus,0.006,0.022,-1,Echolocation,/mnt/ubna_data_02_mir/recover-20220922/UBNA_001/20220921_090000.WAV,Telephone Field,recover-20220922,001,1795
159.0425,159.0491,30625,43234,Myotis daubentonii,0.016,0.045,-1,Echolocation,/mnt/ubna_data_02_mir/recover-20220922/UBNA_001/20220921_090000.WAV,Telephone Field,recover-20220922,001,1795
159.0685,159.0791,24609,31504,Nyctalus leisleri,0.008,0.022,-1,Echolocation,/mnt/ubna_data_02_mir/recover-20220922/UBNA_001/20220921_090000.WAV,Telephone Field,recover-20220922,001,1795
159.0735,159.1134,68437,82914,Rhinolophus ferrumequinum,0.028,0.028,-1,Echolocation,/mnt/ubna_data_02_mir/recover-20220922/UBNA_001/20220921_090000.WAV,Telephone Field,recover-20220922,001,1795
159.1025,159.1414,68437,81587,Rhinolophus ferrumequinum,0.023,0.023,-1,Echolocation,/mnt/ubna_data_02_mir/recover-20220922/UBNA_001/20220921_090000.WAV,Telephone Field,recover-20220922,001,1795
159.1205,159.1601,68437,81961,Rhinolophus ferrumequinum,0.022,0.022,-1,Echolocation,/mnt/ubna_data_02_mir/recover-20220922/UBNA_001/20220921_090000.WAV,Telephone Field,recover-20220922,001,1795
159.1485,159.1564,27187,41817,Eptesicus serotinus,0.008,0.023,-1,Echolocation,/mnt/ubna_data_02_mir/recover-20220922/UBNA_001/20220921_090000.WAV,Telephone Field,recover-20220922,001,1795
159.1805,159.1876,27187,37059,Eptesicus serotinus,0.008,0.029,-1,Echolocation,/mnt/ubna_data_02_mir/recover-20220922/UBNA_001/20220921_090000.WAV,Telephone Field,recover-20220922,001,1795
159.1935,159.2305,68437,82163,Rhinolophus ferrumequinum,0.023,0.023,-1,Echolocation,/mnt/ubna_data_02_mir/recover-20220922/UBNA_001/20220921_090000.WAV,Telephone Field,recover-20220922,001,1795
159.2365,159.2783,68437,82968,Rhinolophus ferrumequinum,0.026,0.026,-1,Echolocation,/mnt/ubna_data_02_mir/recover-20220922/UBNA_001/20220921_090000.WAV,Telephone Field,recover-20220922,001,1795
159.2465,159.2568,28046,36088,Eptesicus serotinus,0.01,0.024,-1,Echolocation,/mnt/ubna_data_02_mir/recover-20220922/UBNA_001/20220921_090000.WAV,Telephone Field,recover-20220922,001,1795
159.2555,159.2656,28906,35360,Eptesicus serotinus,0.008,0.022,-1,Echolocation,/mnt/ubna_data_02_mir/recover-20220922/UBNA_001/20220921_090000.WAV,Telephone Field,recover-20220922,001,1795
159.2775,159.3149,68437,81855,Rhinolophus ferrumequinum,0.024,0.024,-1,Echolocation,/mnt/ubna_data_02_mir/recover-20220922/UBNA_001/20220921_090000.WAV,Telephone Field,recover-20220922,001,1795
159.3225,159.3363,22031,26186,Nyctalus leisleri,0.022,0.035,-1,Echolocation,/mnt/ubna_data_02_mir/recover-20220922/UBNA_001/20220921_090000.WAV,Telephone Field,recover-20220922,001,1795
159.3375,159.3464,26328,36356,Eptesicus serotinus,0.008,0.024,-1,Echolocation,/mnt/ubna_data_02_mir/recover-20220922/UBNA_001/20220921_090000.WAV,Telephone Field,recover-20220922,001,1795
159.3465,159.3557,28046,36764,Eptesicus serotinus,0.008,0.023,-1,Echolocation,/mnt/ubna_data_02_mir/recover-20220922/UBNA_001/20220921_090000.WAV,Telephone Field,recover-20220922,001,1795
159.3615,159.3742,22031,25847,Nyctalus leisleri,0.014,0.023,-1,Echolocation,/mnt/ubna_data_02_mir/recover-20220922/UBNA_001/20220921_090000.WAV,Telephone Field,recover-20220922,001,1795
159.3955,159.4323,68437,82030,Rhinolophus ferrumequinum,0.022,0.022,-1,Echolocation,/mnt/ubna_data_02_mir/recover-20220922/UBNA_001/20220921_090000.WAV,Telephone Field,recover-20220922,001,1795
159.42849999999999,159.43619999999999,23750,32342,Plecotus austriacus,0.009,0.022,-1,Echolocation,/mnt/ubna_data_02_mir/recover-20220922/UBNA_001/20220921_090000.WAV,Telephone Field,recover-20220922,001,1795
159.4795,159.5249,68437,83681,Rhinolophus ferrumequinum,0.037,0.037,-1,Echolocation,/mnt/ubna_data_02_mir/recover-20220922/UBNA_001/20220921_090000.WAV,Telephone Field,recover-20220922,001,1795
159.5085,159.5478,68437,82356,Rhinolophus ferrumequinum,0.022,0.022,-1,Echolocation,/mnt/ubna_data_02_mir/recover-20220922/UBNA_001/20220921_090000.WAV,Telephone Field,recover-20220922,001,1795
159.5315,159.5384,28046,39447,Eptesicus serotinus,0.006,0.023,-1,Echolocation,/mnt/ubna_data_02_mir/recover-20220922/UBNA_001/20220921_090000.WAV,Telephone Field,recover-20220922,001,1795
159.5515,159.5883,68437,82399,Rhinolophus ferrumequinum,0.022,0.022,-1,Echolocation,/mnt/ubna_data_02_mir/recover-20220922/UBNA_001/20220921_090000.WAV,Telephone Field,recover-20220922,001,1795
159.5725,159.57920000000001,28046,38600,Eptesicus serotinus,0.007,0.027,-1,Echolocation,/mnt/ubna_data_02_mir/recover-20220922/UBNA_001/20220921_090000.WAV,Telephone Field,recover-20220922,001,1795
159.5995,159.64,68437,82295,Rhinolophus ferrumequinum,0.03,0.03,-1,Echolocation,/mnt/ubna_data_02_mir/recover-20220922/UBNA_001/20220921_090000.WAV,Telephone Field,recover-20220922,001,1795
159.6195,159.6288,24609,31846,Eptesicus serotinus,0.007,0.022,-1,Echolocation,/mnt/ubna_data_02_mir/recover-20220922/UBNA_001/20220921_090000.WAV,Telephone Field,recover-20220922,001,1795
159.6655,159.6729,27187,38511,Eptesicus serotinus,0.006,0.022,-1,Echolocation,/mnt/ubna_data_02_mir/recover-20220922/UBNA_001/20220921_090000.WAV,Telephone Field,recover-20220922,001,1795
159.6655,159.7046,68437,82294,Rhinolophus ferrumequinum,0.022,0.022,-1,Echolocation,/mnt/ubna_data_02_mir/recover-20220922/UBNA_001/20220921_090000.WAV,Telephone Field,recover-20220922,001,1795
159.6705,159.7082,68437,82073,Rhinolophus ferrumequinum,0.022,0.022,-1,Echolocation,/mnt/ubna_data_02_mir/recover-20220922/UBNA_001/20220921_090000.WAV,Telephone Field,recover-20220922,001,1795
159.6895,159.7291,68437,83198,Rhinolophus ferrumequinum,0.026,0.026,-1,Echolocation,/mnt/ubna_data_02_mir/recover-20220922/UBNA_001/20220921_090000.WAV,Telephone Field,recover-20220922,001,1795
159.7215,159.7585,68437,81092,Rhinolophus ferrumequinum,0.022,0.022,-1,Echolocation,/mnt/ubna_data_02_mir/recover-20220922/UBNA_001/20220921_090000.WAV,Telephone Field,recover-20220922,001,1795
159.7365,159.7765,68437,82699,Rhinolophus ferrumequinum,0.022,0.022,-1,Echolocation,/mnt/ubna_data_02_mir/recover-20220922/UBNA_001/20220921_090000.WAV,Telephone Field,recover-20220922,001,1795
159.7385,159.7474,28046,37363,Eptesicus serotinus,0.009,0.023,-1,Echolocation,/mnt/ubna_data_02_mir/recover-20220922/UBNA_001/20220921_090000.WAV,Telephone Field,recover-20220922,001,1795
159.7505,159.7584,46093,49331,Pipistrellus pipistrellus,0.029,0.031,-1,Echolocation,/mnt/ubna_data_02_mir/recover-20220922/UBNA_001/20220921_090000.WAV,Telephone Field,recover-20220922,001,1795
159.7595,159.7975,68437,81770,Rhinolophus ferrumequinum,0.024,0.024,-1,Echolocation,/mnt/ubna_data_02_mir/recover-20220922/UBNA_001/20220921_090000.WAV,Telephone Field,recover-20220922,001,1795
159.7605,159.7698,25468,34365,Eptesicus serotinus,0.009,0.024,-1,Echolocation,/mnt/ubna_data_02_mir/recover-20220922/UBNA_001/20220921_090000.WAV,Telephone Field,recover-20220922,001,1795
159.7815,159.7878,30625,40065,Myotis daubentonii,0.02,0.047,-1,Echolocation,/mnt/ubna_data_02_mir/recover-20220922/UBNA_001/20220921_090000.WAV,Telephone Field,recover-20220922,001,1795
159.7935,159.8021,58125,63181,Pipistrellus pygmaeus,0.038,0.039,-1,Echolocation,/mnt/ubna_data_02_mir/recover-20220922/UBNA_001/20220921_090000.WAV,Telephone Field,recover-20220922,001,1795
159.8125,159.82319999999999,22890,29023,Nyctalus leisleri,0.011,0.026,-1,Echolocation,/mnt/ubna_data_02_mir/recover-20220922/UBNA_001/20220921_090000.WAV,Telephone Field,recover-20220922,001,1795
159.8285,159.8354,28046,38924,Eptesicus serotinus,0.007,0.023,-1,Echolocation,/mnt/ubna_data_02_mir/recover-20220922/UBNA_001/20220921_090000.WAV,Telephone Field,recover-20220922,001,1795
159.8365,159.8783,68437,82638,Rhinolophus ferrumequinum,0.034,0.034,-1,Echolocation,/mnt/ubna_data_02_mir/recover-20220922/UBNA_001/20220921_090000.WAV,Telephone Field,recover-20220922,001,1795
159.8645,159.9038,68437,81810,Rhinolophus ferrumequinum,0.026,0.026,-1,Echolocation,/mnt/ubna_data_02_mir/recover-20220922/UBNA_001/20220921_090000.WAV,Telephone Field,recover-20220922,001,1795
159.8715,159.8824,28046,35593,Eptesicus serotinus,0.013,0.027,-1,Echolocation,/mnt/ubna_data_02_mir/recover-20220922/UBNA_001/20220921_090000.WAV,Telephone Field,recover-20220922,001,1795
159.9515,159.9877,68437,81208,Rhinolophus ferrumequinum,0.025,0.025,-1,Echolocation,/mnt/ubna_data_02_mir/recover-20220922/UBNA_001/20220921_090000.WAV,Telephone Field,recover-20220922,001,1795
159.9795,159.989,28046,36510,Eptesicus serotinus,0.008,0.022,-1,Echolocation,/mnt/ubna_data_02_mir/recover-20220922/UBNA_001/20220921_090000.WAV,Telephone Field,recover-20220922,001,1795
160.0015,160.0131,26328,33679,Nyctalus leisleri,0.014,0.037,-1,Echolocation,/mnt/ubna_data_02_mir/recover-20220922/UBNA_001/20220921_090000.WAV,Telephone Field,recover-20220922,001,1795
160.0015,160.033,68437,79680,Rhinolophus ferrumequinum,0.028,0.028,-1,Echolocation,/mnt/ubna_data_02_mir/recover-20220922/UBNA_001/20220921_090000.WAV,Telephone Field,recover-20220922,001,1795
160.0465,160.0862,68437,82640,Rhinolophus ferrumequinum,0.032,0.032,-1,Echolocation,/mnt/ubna_data_02_mir/recover-20220922/UBNA_001/20220921_090000.WAV,Telephone Field,recover-20220922,001,1795
160.0805,160.0914,27187,35491,Eptesicus serotinus,0.011,0.025,-1,Echolocation,/mnt/ubna_data_02_mir/recover-20220922/UBNA_001/20220921_090000.WAV,Telephone Field,recover-20220922,001,1795
160.0955,160.1369,68437,82086,Rhinolophus ferrumequinum,0.038,0.038,-1,Echolocation,/mnt/ubna_data_02_mir/recover-20220922/UBNA_001/20220921_090000.WAV,Telephone Field,recover-20220922,001,1795
160.1105,160.1174,42656,52178,Myotis mystacinus,0.007,0.025,-1,Echolocation,/mnt/ubna_data_02_mir/recover-20220922/UBNA_001/20220921_090000.WAV,Telephone Field,recover-20220922,001,1795
160.1235,160.158,68437,81133,Rhinolophus ferrumequinum,0.032,0.032,-1,Echolocation,/mnt/ubna_data_02_mir/recover-20220922/UBNA_001/20220921_090000.WAV,Telephone Field,recover-20220922,001,1795
160.1235,160.1451,18593,21819,Nyctalus noctula,0.022,0.037,-1,Echolocation,/mnt/ubna_data_02_mir/recover-20220922/UBNA_001/20220921_090000.WAV,Telephone Field,recover-20220922,001,1795
160.1435,160.1831,68437,82964,Rhinolophus ferrumequinum,0.026,0.026,-1,Echolocation,/mnt/ubna_data_02_mir/recover-20220922/UBNA_001/20220921_090000.WAV,Telephone Field,recover-20220922,001,1795
160.1705,160.1782,23750,32410,Plecotus austriacus,0.013,0.027,-1,Echolocation,/mnt/ubna_data_02_mir/recover-20220922/UBNA_001/20220921_090000.WAV,Telephone Field,recover-20220922,001,1795
160.1945,160.2361,68437,82385,Rhinolophus ferrumequinum,0.041,0.041,-1,Echolocation,/mnt/ubna_data_02_mir/recover-20220922/UBNA_001/20220921_090000.WAV,Telephone Field,recover-20220922,001,1795
160.2145,160.2245,26328,32926,Eptesicus serotinus,0.033,0.081,-1,Echolocation,/mnt/ubna_data_02_mir/recover-20220922/UBNA_001/20220921_090000.WAV,Telephone Field,recover-20220922,001,1795
160.2615,160.3008,68437,82672,Rhinolophus ferrumequinum,0.024,0.024,-1,Echolocation,/mnt/ubna_data_02_mir/recover-20220922/UBNA_001/20220921_090000.WAV,Telephone Field,recover-20220922,001,1795
160.2685,160.3052,68437,81622,Rhinolophus ferrumequinum,0.023,0.023,-1,Echolocation,/mnt/ubna_data_02_mir/recover-20220922/UBNA_001/20220921_090000.WAV,Telephone Field,recover-20220922,001,1795
160.2995,160.3101,28906,36701,Eptesicus serotinus,0.011,0.026,-1,Echolocation,/mnt/ubna_data_02_mir/recover-20220922/UBNA_001/20220921_090000.WAV,Telephone Field,recover-20220922,001,1795
160.3145,160.3532,68437,82223,Rhinolophus ferrumequinum,0.027,0.027,-1,Echolocation,/mnt/ubna_data_02_mir/recover-20220922/UBNA_001/20220921_090000.WAV,Telephone Field,recover-20220922,001,1795
160.3275,160.3706,68437,82750,Rhinolophus ferrumequinum,0.028,0.028,-1,Echolocation,/mnt/ubna_data_02_mir/recover-20220922/UBNA_001/20220921_090000.WAV,Telephone Field,recover-20220922,001,1795
160.3535,160.3953,68437,82064,Rhinolophus ferrumequinum,0.024,0.024,-1,Echolocation,/mnt/ubna_data_02_mir/recover-20220922/UBNA_001/20220921_090000.WAV,Telephone Field,recover-20220922,001,1795
160.3595,160.3981,68437,82141,Rhinolophus ferrumequinum,0.024,0.024,-1,Echolocation,/mnt/ubna_data_02_mir/recover-20220922/UBNA_001/20220921_090000.WAV,Telephone Field,recover-20220922,001,1795
160.3735,160.4141,68437,82789,Rhinolophus ferrumequinum,0.028,0.028,-1,Echolocation,/mnt/ubna_data_02_mir/recover-20220922/UBNA_001/20220921_090000.WAV,Telephone Field,recover-20220922,001,1795
160.4095,160.4491,68437,81997,Rhinolophus ferrumequinum,0.022,0.022,-1,Echolocation,/mnt/ubna_data_02_mir/recover-20220922/UBNA_001/20220921_090000.WAV,Telephone Field,recover-20220922,001,1795
160.4225,160.4617,68437,82886,Rhinolophus ferrumequinum,0.029,0.029,-1,Echolocation,/mnt/ubna_data_02_mir/recover-20220922/UBNA_001/20220921_090000.WAV,Telephone Field,recover-20220922,001,1795
160.4545,160.4741,20312,23709,Nyctalus leisleri,0.022,0.042,-1,Echolocation,/mnt/ubna_data_02_mir/recover-20220922/UBNA_001/20220921_090000.WAV,Telephone Field,recover-20220922,001,1795
160.4575,160.464,28046,41048,Eptesicus serotinus,0.005,0.024,-1,Echolocation,/mnt/ubna_data_02_mir/recover-20220922/UBNA_001/20220921_090000.WAV,Telephone Field,recover-20220922,001,1795
160.4785,160.4879,22890,29338,Nyctalus leisleri,0.008,0.022,-1,Echolocation,/mnt/ubna_data_02_mir/recover-20220922/UBNA_001/20220921_090000.WAV,Telephone Field,recover-20220922,001,1795
160.4805,160.518,68437,82020,Rhinolophus ferrumequinum,0.022,0.022,-1,Echolocation,/mnt/ubna_data_02_mir/recover-20220922/UBNA_001/20220921_090000.WAV,Telephone Field,recover-20220922,001,1795
160.5185,160.5621,68437,83208,Rhinolophus ferrumequinum,0.027,0.027,-1,Echolocation,/mnt/ubna_data_02_mir/recover-20220922/UBNA_001/20220921_090000.WAV,Telephone Field,recover-20220922,001,1795
160.5195,160.5267,45234,50703,Pipistrellus pipistrellus,0.023,0.025,-1,Echolocation,/mnt/ubna_data_02_mir/recover-20220922/UBNA_001/20220921_090000.WAV,Telephone Field,recover-20220922,001,1795
160.5235,160.5654,68437,83024,Rhinolophus ferrumequinum,0.028,0.028,-1,Echolocation,/mnt/ubna_data_02_mir/recover-20220922/UBNA_001/20220921_090000.WAV,Telephone Field,recover-20220922,001,1795
160.5365,160.5697,68437,81435,Rhinolophus ferrumequinum,0.022,0.022,-1,Echolocation,/mnt/ubna_data_02_mir/recover-20220922/UBNA_001/20220921_090000.WAV,Telephone Field,recover-20220922,001,1795
160.5485,160.5597,24609,30904,Nyctalus leisleri,0.013,0.03,-1,Echolocation,/mnt/ubna_data_02_mir/recover-20220922/UBNA_001/20220921_090000.WAV,Telephone Field,recover-20220922,001,1795
160.5605,160.5716,23750,28996,Nyctalus leisleri,0.015,0.027,-1,Echolocation,/mnt/ubna_data_02_mir/recover-20220922/UBNA_001/20220921_090000.WAV,Telephone Field,recover-20220922,001,1795
160.5625,160.6019,68437,81729,Rhinolophus ferrumequinum,0.024,0.024,-1,Echolocation,/mnt/ubna_data_02_mir/recover-20220922/UBNA_001/20220921_090000.WAV,Telephone Field,recover-20220922,001,1795
160.5885,160.6276,68437,82608,Rhinolophus ferrumequinum,0.023,0.023,-1,Echolocation,/mnt/ubna_data_02_mir/recover-20220922/UBNA_001/20220921_090000.WAV,Telephone Field,recover-20220922,001,1795
160.5955,160.6029,27187,38202,Eptesicus serotinus,0.007,0.022,-1,Echolocation,/mnt/ubna_data_02_mir/recover-20220922/UBNA_001/20220921_090000.WAV,Telephone Field,recover-20220922,001,1795
160.6045,160.6449,68437,82661,Rhinolophus ferrumequinum,0.026,0.026,-1,Echolocation,/mnt/ubna_data_02_mir/recover-20220922/UBNA_001/20220921_090000.WAV,Telephone Field,recover-20220922,001,1795
160.6215,160.6639,68437,83561,Rhinolophus ferrumequinum,0.035,0.035,-1,Echolocation,/mnt/ubna_data_02_mir/recover-20220922/UBNA_001/20220921_090000.WAV,Telephone Field,recover-20220922,001,1795
160.6565,160.6923,68437,81505,Rhinolophus ferrumequinum,0.025,0.025,-1,Echolocation,/mnt/ubna_data_02_mir/recover-20220922/UBNA_001/20220921_090000.WAV,Telephone Field,recover-20220922,001,1795
160.67849999999999,160.7192,68437,82247,Rhinolophus ferrumequinum,0.029,0.029,-1,Echolocation,/mnt/ubna_data_02_mir/recover-20220922/UBNA_001/20220921_090000.WAV,Telephone Field,recover-20220922,001,1795
160.6795,160.6913,28906,36180,Eptesicus serotinus,0.013,0.029,-1,Echolocation,/mnt/ubna_data_02_mir/recover-20220922/UBNA_001/20220921_090000.WAV,Telephone Field,recover-20220922,001,1795
160.6905,160.7274,68437,82220,Rhinolophus ferrumequinum,0.022,0.022,-1,Echolocation,/mnt/ubna_data_02_mir/recover-20220922/UBNA_001/20220921_090000.WAV,Telephone Field,recover-20220922,001,1795
160.7155,160.7542,68437,82595,Rhinolophus ferrumequinum,0.03,0.03,-1,Echolocation,/mnt/ubna_data_02_mir/recover-20220922/UBNA_001/20220921_090000.WAV,Telephone Field,recover-20220922,001,1795
160.7675,160.7747,23750,33264,Plecotus austriacus,0.015,0.031,-1,Echolocation,/mnt/ubna_data_02_mir/recover-20220922/UBNA_001/20220921_090000.WAV,Telephone Field,recover-20220922,001,1795
160.7685,160.8076,68437,82586,Rhinolophus ferrumequinum,0.033,0.033,-1,Echolocation,/mnt/ubna_data_02_mir/recover-20220922/UBNA_001/20220921_090000.WAV,Telephone Field,recover-20220922,001,1795
160.8045,160.8418,68437,80787,Rhinolophus ferrumequinum,0.024,0.024,-1,Echolocation,/mnt/ubna_data_02_mir/recover-20220922/UBNA_001/20220921_090000.WAV,Telephone Field,recover-20220922,001,1795
160.8385,160.8766,68437,81860,Rhinolophus ferrumequinum,0.022,0.022,-1,Echolocation,/mnt/ubna_data_02_mir/recover-20220922/UBNA_001/20220921_090000.WAV,Telephone Field,recover-20220922,001,1795
160.8655,160.9038,68437,81601,Rhinolophus ferrumequinum,0.025,0.025,-1,Echolocation,/mnt/ubna_data_02_mir/recover-20220922/UBNA_001/20220921_090000.WAV,Telephone Field,recover-20220922,001,1795
160.8885,160.9293,68437,82738,Rhinolophus ferrumequinum,0.027,0.027,-1,Echolocation,/mnt/ubna_data_02_mir/recover-20220922/UBNA_001/20220921_090000.WAV,Telephone Field,recover-20220922,001,1795
160.9075,160.9428,68437,80626,Rhinolophus ferrumequinum,0.022,0.022,-1,Echolocation,/mnt/ubna_data_02_mir/recover-20220922/UBNA_001/20220921_090000.WAV,Telephone Field,recover-20220922,001,1795
160.9125,160.9255,23750,28860,Nyctalus leisleri,0.013,0.026,-1,Echolocation,/mnt/ubna_data_02_mir/recover-20220922/UBNA_001/20220921_090000.WAV,Telephone Field,recover-20220922,001,1795
160.9345,160.9552,21171,24023,Nyctalus leisleri,0.014,0.023,-1,Echolocation,/mnt/ubna_data_02_mir/recover-20220922/UBNA_001/20220921_090000.WAV,Telephone Field,recover-20220922,001,1795
160.9525,160.98930000000001,68437,81535,Rhinolophus ferrumequinum,0.022,0.022,-1,Echolocation,/mnt/ubna_data_02_mir/recover-20220922/UBNA_001/20220921_090000.WAV,Telephone Field,recover-20220922,001,1795
160.9775,161.0213,68437,83251,Rhinolophus ferrumequinum,0.033,0.034,-1,Echolocation,/mnt/ubna_data_02_mir/recover-20220922/UBNA_001/20220921_090000.WAV,Telephone Field,recover-20220922,001,1795
160.9835,160.9928,25468,32743,Eptesicus serotinus,0.009,0.023,-1,Echolocation,/mnt/ubna_data_02_mir/recover-20220922/UBNA_001/20220921_090000.WAV,Telephone Field,recover-20220922,001,1795
161.0035,161.0128,28046,36571,Eptesicus serotinus,0.008,0.022,-1,Echolocation,/mnt/ubna_data_02_mir/recover-20220922/UBNA_001/20220921_090000.WAV,Telephone Field,recover-20220922,001,1795
161.0625,161.1007,68437,81613,Rhinolophus ferrumequinum,0.024,0.024,-1,Echolocation,/mnt/ubna_data_02_mir/recover-20220922/UBNA_001/20220921_090000.WAV,Telephone Field,recover-20220922,001,1795
161.0765,161.0904,22890,27471,Nyctalus leisleri,0.019,0.034,-1,Echolocation,/mnt/ubna_data_02_mir/recover-20220922/UBNA_001/20220921_090000.WAV,Telephone Field,recover-20220922,001,1795
161.1045,161.144,68437,82913,Rhinolophus ferrumequinum,0.035,0.035,-1,Echolocation,/mnt/ubna_data_02_mir/recover-20220922/UBNA_001/20220921_090000.WAV,Telephone Field,recover-20220922,001,1795
161.1855,161.1955,28046,36322,Eptesicus serotinus,0.011,0.025,-1,Echolocation,/mnt/ubna_data_02_mir/recover-20220922/UBNA_001/20220921_090000.WAV,Telephone Field,recover-20220922,001,1795
161.2435,161.2548,23750,29506,Nyctalus leisleri,0.018,0.037,-1,Echolocation,/mnt/ubna_data_02_mir/recover-20220922/UBNA_001/20220921_090000.WAV,Telephone Field,recover-20220922,001,1795
161.2525,161.2922,68437,82098,Rhinolophus ferrumequinum,0.023,0.023,-1,Echolocation,/mnt/ubna_data_02_mir/recover-20220922/UBNA_001/20220921_090000.WAV,Telephone Field,recover-20220922,001,1795
161.2775,161.3122,68437,81728,Rhinolophus ferrumequinum,0.023,0.023,-1,Echolocation,/mnt/ubna_data_02_mir/recover-20220922/UBNA_001/20220921_090000.WAV,Telephone Field,recover-20220922,001,1795
161.2945,161.338,68437,83392,Rhinolophus ferrumequinum,0.033,0.033,-1,Echolocation,/mnt/ubna_data_02_mir/recover-20220922/UBNA_001/20220921_090000.WAV,Telephone Field,recover-20220922,001,1795
161.3235,161.3337,23750,30027,Nyctalus leisleri,0.009,0.022,-1,Echolocation,/mnt/ubna_data_02_mir/recover-20220922/UBNA_001/20220921_090000.WAV,Telephone Field,recover-20220922,001,1795
161.3685,161.4075,68437,81392,Rhinolophus ferrumequinum,0.024,0.024,-1,Echolocation,/mnt/ubna_data_02_mir/recover-20220922/UBNA_001/20220921_090000.WAV,Telephone Field,recover-20220922,001,1795
161.3835,161.3913,28046,38538,Eptesicus serotinus,0.009,0.024,-1,Echolocation,/mnt/ubna_data_02_mir/recover-20220922/UBNA_001/20220921_090000.WAV,Telephone Field,recover-20220922,001,1795
161.3855,161.4248,68437,81666,Rhinolophus ferrumequinum,0.023,0.023,-1,Echolocation,/mnt/ubna_data_02_mir/recover-20220922/UBNA_001/20220921_090000.WAV,Telephone Field,recover-20220922,001,1795
161.3915,161.4281,68437,82088,Rhinolophus ferrumequinum,0.024,0.024,-1,Echolocation,/mnt/ubna_data_02_mir/recover-20220922/UBNA_001/20220921_090000.WAV,Telephone Field,recover-20220922,001,1795
161.4175,161.4277,28046,37947,Eptesicus serotinus,0.012,0.026,-1,Echolocation,/mnt/ubna_data_02_mir/recover-20220922/UBNA_001/20220921_090000.WAV,Telephone Field,recover-20220922,001,1795
161.4225,161.4316,28046,38727,Eptesicus serotinus,0.01,0.027,-1,Echolocation,/mnt/ubna_data_02_mir/recover-20220922/UBNA_001/20220921_090000.WAV,Telephone Field,recover-20220922,001,1795
161.4305,161.4683,68437,82042,Rhinolophus ferrumequinum,0.028,0.028,-1,Echolocation,/mnt/ubna_data_02_mir/recover-20220922/UBNA_001/20220921_090000.WAV,Telephone Field,recover-20220922,001,1795
161.4485,161.4597,23750,28631,Nyctalus leisleri,0.019,0.035,-1,Echolocation,/mnt/ubna_data_02_mir/recover-20220922/UBNA_001/20220921_090000.WAV,Telephone Field,recover-20220922,001,1795
161.4635,161.503,68437,81070,Rhinolophus ferrumequinum,0.022,0.022,-1,Echolocation,/mnt/ubna_data_02_mir/recover-20220922/UBNA_001/20220921_090000.WAV,Telephone Field,recover-20220922,001,1795
161.4785,161.5178,68437,82304,Rhinolophus ferrumequinum,0.031,0.031,-1,Echolocation,/mnt/ubna_data_02_mir/recover-20220922/UBNA_001/20220921_090000.WAV,Telephone Field,recover-20220922,001,1795
161.5625,161.6033,68437,82702,Rhinolophus ferrumequinum,0.025,0.025,-1,Echolocation,/mnt/ubna_data_02_mir/recover-20220922/UBNA_001/20220921_090000.WAV,Telephone Field,recover-20220922,001,1795
161.6195,161.6272,27187,38979,Eptesicus serotinus,0.007,0.023,-1,Echolocation,/mnt/ubna_data_02_mir/recover-20220922/UBNA_001/20220921_090000.WAV,Telephone Field,recover-20220922,001,1795
161.6585,161.6672,27187,36240,Eptesicus serotinus,0.008,0.025,-1,Echolocation,/mnt/ubna_data_02_mir/recover-20220922/UBNA_001/20220921_090000.WAV,Telephone Field,recover-20220922,001,1795
161.6795,161.6873,27187,41288,Eptesicus serotinus,0.009,0.026,-1,Echolocation,/mnt/ubna_data_02_mir/recover-20220922/UBNA_001/20220921_090000.WAV,Telephone Field,recover-20220922,001,1795
161.6885,161.7256,68437,82197,Rhinolophus ferrumequinum,0.024,0.024,-1,Echolocation,/mnt/ubna_data_02_mir/recover-20220922/UBNA_001/20220921_090000.WAV,Telephone Field,recover-20220922,001,1795
161.6995,161.7352,68437,81651,Rhinolophus ferrumequinum,0.022,0.022,-1,Echolocation,/mnt/ubna_data_02_mir/recover-20220922/UBNA_001/20220921_090000.WAV,Telephone Field,recover-20220922,001,1795
161.7035,161.7114,25468,35246,Eptesicus serotinus,0.007,0.026,-1,Echolocation,/mnt/ubna_data_02_mir/recover-20220922/UBNA_001/20220921_090000.WAV,Telephone Field,recover-20220922,001,1795
161.7185,161.7575,68437,81925,Rhinolophus ferrumequinum,0.022,0.022,-1,Echolocation,/mnt/ubna_data_02_mir/recover-20220922/UBNA_001/20220921_090000.WAV,Telephone Field,recover-20220922,001,1795
161.7205,161.7279,51250,56430,Pipistrellus pipistrellus,0.02,0.022,-1,Echolocation,/mnt/ubna_data_02_mir/recover-20220922/UBNA_001/20220921_090000.WAV,Telephone Field,recover-20220922,001,1795
161.7225,161.7309,14296,24099,Plecotus auritus,0.017,0.031,-1,Echolocation,/mnt/ubna_data_02_mir/recover-20220922/UBNA_001/20220921_090000.WAV,Telephone Field,recover-20220922,001,1795
161.7425,161.7809,68437,81483,Rhinolophus ferrumequinum,0.022,0.022,-1,Echolocation,/mnt/ubna_data_02_mir/recover-20220922/UBNA_001/20220921_090000.WAV,Telephone Field,recover-20220922,001,1795
161.7735,161.7883,20312,24097,Nyctalus leisleri,0.011,0.022,-1,Echolocation,/mnt/ubna_data_02_mir/recover-20220922/UBNA_001/20220921_090000.WAV,Telephone Field,recover-20220922,001,1795
161.7775,161.8166,68437,82362,Rhinolophus ferrumequinum,0.025,0.026,-1,Echolocation,/mnt/ubna_data_02_mir/recover-20220922/UBNA_001/20220921_090000.WAV,Telephone Field,recover-20220922,001,1795
161.8205,161.8285,27187,37613,Eptesicus serotinus,0.008,0.022,-1,Echolocation,/mnt/ubna_data_02_mir/recover-20220922/UBNA_001/20220921_090000.WAV,Telephone Field,recover-20220922,001,1795
161.8665,161.9021,68437,81530,Rhinolophus ferrumequinum,0.022,0.022,-1,Echolocation,/mnt/ubna_data_02_mir/recover-20220922/UBNA_001/20220921_090000.WAV,Telephone Field,recover-20220922,001,1795
161.8855,161.8935,25468,34530,Eptesicus serotinus,0.008,0.023,-1,Echolocation,/mnt/ubna_data_02_mir/recover-20220922/UBNA_001/20220921_090000.WAV,Telephone Field,recover-20220922,001,1795
161.8985,161.9399,68437,82261,Rhinolophus ferrumequinum,0.033,0.033,-1,Echolocation,/mnt/ubna_data_02_mir/recover-20220922/UBNA_001/20220921_090000.WAV,Telephone Field,recover-20220922,001,1795
161.9485,161.9835,68437,80980,Rhinolophus ferrumequinum,0.023,0.023,-1,Echolocation,/mnt/ubna_data_02_mir/recover-20220922/UBNA_001/20220921_090000.WAV,Telephone Field,recover-20220922,001,1795
162.0015,162.0102,24609,34047,Nyctalus leisleri,0.007,0.024,-1,Echolocation,/mnt/ubna_data_02_mir/recover-20220922/UBNA_001/20220921_090000.WAV,Telephone Field,recover-20220922,001,1795
162.0015,162.0359,68437,80672,Rhinolophus ferrumequinum,0.04,0.041,-1,Echolocation,/mnt/ubna_data_02_mir/recover-20220922/UBNA_001/20220921_090000.WAV,Telephone Field,recover-20220922,001,1795
162.0185,162.0324,22031,25171,Nyctalus leisleri,0.014,0.022,-1,Echolocation,/mnt/ubna_data_02_mir/recover-20220922/UBNA_001/20220921_090000.WAV,Telephone Field,recover-20220922,001,1795
162.0405,162.0516,22890,27022,Nyctalus leisleri,0.012,0.022,-1,Echolocation,/mnt/ubna_data_02_mir/recover-20220922/UBNA_001/20220921_090000.WAV,Telephone Field,recover-20220922,001,1795
162.0485,162.088,68437,82652,Rhinolophus ferrumequinum,0.025,0.025,-1,Echolocation,/mnt/ubna_data_02_mir/recover-20220922/UBNA_001/20220921_090000.WAV,Telephone Field,recover-20220922,001,1795
162.1145,162.1536,68437,82227,Rhinolophus ferrumequinum,0.023,0.023,-1,Echolocation,/mnt/ubna_data_02_mir/recover-20220922/UBNA_001/20220921_090000.WAV,Telephone Field,recover-20220922,001,1795
162.1145,162.126,55546,60428,Pipistrellus pygmaeus,0.021,0.024,-1,Echolocation,/mnt/ubna_data_02_mir/recover-20220922/UBNA_001/20220921_090000.WAV,Telephone Field,recover-20220922,001,1795
162.1395,162.1495,28906,35925,Eptesicus serotinus,0.01,0.022,-1,Echolocation,/mnt/ubna_data_02_mir/recover-20220922/UBNA_001/20220921_090000.WAV,Telephone Field,recover-20220922,001,1795
162.1655,162.2036,68437,82051,Rhinolophus ferrumequinum,0.023,0.023,-1,Echolocation,/mnt/ubna_data_02_mir/recover-20220922/UBNA_001/20220921_090000.WAV,Telephone Field,recover-20220922,001,1795
162.1685,162.1838,22031,26260,Nyctalus leisleri,0.012,0.021,-1,Echolocation,/mnt/ubna_data_02_mir/recover-20220922/UBNA_001/20220921_090000.WAV,Telephone Field,recover-20220922,001,1795
162.1715,162.21,68437,82421,Rhinolophus ferrumequinum,0.023,0.023,-1,Echolocation,/mnt/ubna_data_02_mir/recover-20220922/UBNA_001/20220921_090000.WAV,Telephone Field,recover-20220922,001,1795
162.1805,162.2223,68437,82846,Rhinolophus ferrumequinum,0.023,0.023,-1,Echolocation,/mnt/ubna_data_02_mir/recover-20220922/UBNA_001/20220921_090000.WAV,Telephone Field,recover-20220922,001,1795
162.1865,162.2258,68437,82972,Rhinolophus ferrumequinum,0.022,0.022,-1,Echolocation,/mnt/ubna_data_02_mir/recover-20220922/UBNA_001/20220921_090000.WAV,Telephone Field,recover-20220922,001,1795
162.2065,162.2441,68437,82024,Rhinolophus ferrumequinum,0.024,0.024,-1,Echolocation,/mnt/ubna_data_02_mir/recover-20220922/UBNA_001/20220921_090000.WAV,Telephone Field,recover-20220922,001,1795
162.2815,162.2906,47812,51123,Pipistrellus pipistrellus,0.022,0.023,-1,Echolocation,/mnt/ubna_data_02_mir/recover-20220922/UBNA_001/20220921_090000.WAV,Telephone Field,recover-20220922,001,1795
162.2975,162.3372,68437,82428,Rhinolophus ferrumequinum,0.023,0.023,-1,Echolocation,/mnt/ubna_data_02_mir/recover-20220922/UBNA_001/20220921_090000.WAV,Telephone Field,recover-20220922,001,1795
162.3445,162.38400000000001,68437,82218,Rhinolophus ferrumequinum,0.021,0.021,-1,Echolocation,/mnt/ubna_data_02_mir/recover-20220922/UBNA_001/20220921_090000.WAV,Telephone Field,recover-20220922,001,1795
162.3505,162.3893,68437,81918,Rhinolophus ferrumequinum,0.023,0.023,-1,Echolocation,/mnt/ubna_data_02_mir/recover-20220922/UBNA_001/20220921_090000.WAV,Telephone Field,recover-20220922,001,1795
162.3755,162.385,27187,38968,Eptesicus serotinus,0.011,0.025,-1,Echolocation,/mnt/ubna_data_02_mir/recover-20220922/UBNA_001/20220921_090000.WAV,Telephone Field,recover-20220922,001,1795
162.3905,162.402,22890,27568,Nyctalus leisleri,0.012,0.023,-1,Echolocation,/mnt/ubna_data_02_mir/recover-20220922/UBNA_001/20220921_090000.WAV,Telephone Field,recover-20220922,001,1795
162.4175,162.4588,68437,82245,Rhinolophus ferrumequinum,0.031,0.031,-1,Echolocation,/mnt/ubna_data_02_mir/recover-20220922/UBNA_001/20220921_090000.WAV,Telephone Field,recover-20220922,001,1795
162.4325,162.4712,68437,82561,Rhinolophus ferrumequinum,0.031,0.031,-1,Echolocation,/mnt/ubna_data_02_mir/recover-20220922/UBNA_001/20220921_090000.WAV,Telephone Field,recover-20220922,001,1795
162.4395,162.4783,68437,82559,Rhinolophus ferrumequinum,0.026,0.026,-1,Echolocation,/mnt/ubna_data_02_mir/recover-20220922/UBNA_001/20220921_090000.WAV,Telephone Field,recover-20220922,001,1795
162.4575,162.493,68437,81533,Rhinolophus ferrumequinum,0.022,0.022,-1,Echolocation,/mnt/ubna_data_02_mir/recover-20220922/UBNA_001/20220921_090000.WAV,Telephone Field,recover-20220922,001,1795
162.4675,162.476,28046,39486,Eptesicus serotinus,0.007,0.022,-1,Echolocation,/mnt/ubna_data_02_mir/recover-20220922/UBNA_001/20220921_090000.WAV,Telephone Field,recover-20220922,001,1795
162.5315,162.5386,28046,39100,Eptesicus serotinus,0.006,0.023,-1,Echolocation,/mnt/ubna_data_02_mir/recover-20220922/UBNA_001/20220921_090000.WAV,Telephone Field,recover-20220922,001,1795
162.5405,162.58089999999999,68437,82336,Rhinolophus ferrumequinum,0.021,0.021,-1,Echolocation,/mnt/ubna_data_02_mir/recover-20220922/UBNA_001/20220921_090000.WAV,Telephone Field,recover-20220922,001,1795
162.6165,162.6554,68437,82166,Rhinolophus ferrumequinum,0.024,0.024,-1,Echolocation,/mnt/ubna_data_02_mir/recover-20220922/UBNA_001/20220921_090000.WAV,Telephone Field,recover-20220922,001,1795
162.6645,162.7021,68437,82330,Rhinolophus ferrumequinum,0.021,0.021,-1,Echolocation,/mnt/ubna_data_02_mir/recover-20220922/UBNA_001/20220921_090000.WAV,Telephone Field,recover-20220922,001,1795
162.7285,162.7369,15156,24257,Plecotus auritus,0.015,0.037,-1,Echolocation,/mnt/ubna_data_02_mir/recover-20220922/UBNA_001/20220921_090000.WAV,Telephone Field,recover-20220922,001,1795
162.7735,162.8124,68437,81451,Rhinolophus ferrumequinum,0.021,0.022,-1,Echolocation,/mnt/ubna_data_02_mir/recover-20220922/UBNA_001/20220921_090000.WAV,Telephone Field,recover-20220922,001,1795
162.8085,162.8187,28046,37586,Eptesicus serotinus,0.017,0.033,-1,Echolocation,/mnt/ubna_data_02_mir/recover-20220922/UBNA_001/20220921_090000.WAV,Telephone Field,recover-20220922,001,1795
162.8385,162.8809,68437,83058,Rhinolophus ferrumequinum,0.026,0.026,-1,Echolocation,/mnt/ubna_data_02_mir/recover-20220922/UBNA_001/20220921_090000.WAV,Telephone Field,recover-20220922,001,1795
162.8975,162.9343,68437,81499,Rhinolophus ferrumequinum,0.03,0.03,-1,Echolocation,/mnt/ubna_data_02_mir/recover-20220922/UBNA_001/20220921_090000.WAV,Telephone Field,recover-20220922,001,1795
162.9265,162.9706,68437,83313,Rhinolophus ferrumequinum,0.026,0.026,-1,Echolocation,/mnt/ubna_data_02_mir/recover-20220922/UBNA_001/20220921_090000.WAV,Telephone Field,recover-20220922,001,1795
162.9395,162.9803,68437,82271,Rhinolophus ferrumequinum,0.021,0.021,-1,Echolocation,/mnt/ubna_data_02_mir/recover-20220922/UBNA_001/20220921_090000.WAV,Telephone Field,recover-20220922,001,1795
162.9495,162.9886,68437,82245,Rhinolophus ferrumequinum,0.021,0.021,-1,Echolocation,/mnt/ubna_data_02_mir/recover-20220922/UBNA_001/20220921_090000.WAV,Telephone Field,recover-20220922,001,1795
162.9565,162.9946,68437,81688,Rhinolophus ferrumequinum,0.022,0.022,-1,Echolocation,/mnt/ubna_data_02_mir/recover-20220922/UBNA_001/20220921_090000.WAV,Telephone Field,recover-20220922,001,1795
162.9815,163.0194,68437,81651,Rhinolophus ferrumequinum,0.022,0.022,-1,Echolocation,/mnt/ubna_data_02_mir/recover-20220922/UBNA_001/20220921_090000.WAV,Telephone Field,recover-20220922,001,1795
162.9885,163.0271,68437,81799,Rhinolophus ferrumequinum,0.022,0.022,-1,Echolocation,/mnt/ubna_data_02_mir/recover-20220922/UBNA_001/20220921_090000.WAV,Telephone Field,recover-20220922,001,1795
162.9935,163.0093,20312,23859,Nyctalus leisleri,0.015,0.026,-1,Echolocation,/mnt/ubna_data_02_mir/recover-20220922/UBNA_001/20220921_090000.WAV,Telephone Field,recover-20220922,001,1795
163.0115,163.0226,22890,28108,Nyctalus leisleri,0.012,0.026,-1,Echolocation,/mnt/ubna_data_02_mir/recover-20220922/UBNA_001/20220921_090000.WAV,Telephone Field,recover-20220922,001,1795
163.0455,163.0879,68437,82751,Rhinolophus ferrumequinum,0.022,0.022,-1,Echolocation,/mnt/ubna_data_02_mir/recover-20220922/UBNA_001/20220921_090000.WAV,Telephone Field,recover-20220922,001,1795
163.0515,163.0593,28906,40036,Eptesicus serotinus,0.006,0.021,-1,Echolocation,/mnt/ubna_data_02_mir/recover-20220922/UBNA_001/20220921_090000.WAV,Telephone Field,recover-20220922,001,1795
163.0585,163.1009,68437,83259,Rhinolophus ferrumequinum,0.026,0.026,-1,Echolocation,/mnt/ubna_data_02_mir/recover-20220922/UBNA_001/20220921_090000.WAV,Telephone Field,recover-20220922,001,1795
163.0605,163.0691,28906,37117,Eptesicus serotinus,0.008,0.024,-1,Echolocation,/mnt/ubna_data_02_mir/recover-20220922/UBNA_001/20220921_090000.WAV,Telephone Field,recover-20220922,001,1795
163.1245,163.1668,68437,83496,Rhinolophus ferrumequinum,0.029,0.029,-1,Echolocation,/mnt/ubna_data_02_mir/recover-20220922/UBNA_001/20220921_090000.WAV,Telephone Field,recover-20220922,001,1795
163.1355,163.1778,68437,82729,Rhinolophus ferrumequinum,0.052,0.052,-1,Echolocation,/mnt/ubna_data_02_mir/recover-20220922/UBNA_001/20220921_090000.WAV,Telephone Field,recover-20220922,001,1795
163.1645,163.1706,27187,41200,Eptesicus serotinus,0.007,0.028,-1,Echolocation,/mnt/ubna_data_02_mir/recover-20220922/UBNA_001/20220921_090000.WAV,Telephone Field,recover-20220922,001,1795
163.2325,163.2484,21171,24547,Nyctalus leisleri,0.014,0.023,-1,Echolocation,/mnt/ubna_data_02_mir/recover-20220922/UBNA_001/20220921_090000.WAV,Telephone Field,recover-20220922,001,1795
163.2375,163.2471,28906,36221,Eptesicus serotinus,0.008,0.022,-1,Echolocation,/mnt/ubna_data_02_mir/recover-20220922/UBNA_001/20220921_090000.WAV,Telephone Field,recover-20220922,001,1795
163.2425,163.2814,68437,82718,Rhinolophus ferrumequinum,0.025,0.025,-1,Echolocation,/mnt/ubna_data_02_mir/recover-20220922/UBNA_001/20220921_090000.WAV,Telephone Field,recover-20220922,001,1795
163.2755,163.3126,68437,81890,Rhinolophus ferrumequinum,0.022,0.022,-1,Echolocation,/mnt/ubna_data_02_mir/recover-20220922/UBNA_001/20220921_090000.WAV,Telephone Field,recover-20220922,001,1795
163.2825,163.3205,68437,81962,Rhinolophus ferrumequinum,0.021,0.021,-1,Echolocation,/mnt/ubna_data_02_mir/recover-20220922/UBNA_001/20220921_090000.WAV,Telephone Field,recover-20220922,001,1795
163.2975,163.3051,23750,32098,Plecotus austriacus,0.009,0.027,-1,Echolocation,/mnt/ubna_data_02_mir/recover-20220922/UBNA_001/20220921_090000.WAV,Telephone Field,recover-20220922,001,1795
163.3245,163.3328,28906,37600,Eptesicus serotinus,0.008,0.022,-1,Echolocation,/mnt/ubna_data_02_mir/recover-20220922/UBNA_001/20220921_090000.WAV,Telephone Field,recover-20220922,001,1795
163.3255,163.3619,68437,81259,Rhinolophus ferrumequinum,0.022,0.022,-1,Echolocation,/mnt/ubna_data_02_mir/recover-20220922/UBNA_001/20220921_090000.WAV,Telephone Field,recover-20220922,001,1795
163.3425,163.3784,68437,81361,Rhinolophus ferrumequinum,0.022,0.022,-1,Echolocation,/mnt/ubna_data_02_mir/recover-20220922/UBNA_001/20220921_090000.WAV,Telephone Field,recover-20220922,001,1795
163.3545,163.3894,68437,81094,Rhinolophus ferrumequinum,0.022,0.022,-1,Echolocation,/mnt/ubna_data_02_mir/recover-20220922/UBNA_001/20220921_090000.WAV,Telephone Field,recover-20220922,001,1795
163.3685,163.4094,68437,82256,Rhinolophus ferrumequinum,0.023,0.023,-1,Echolocation,/mnt/ubna_data_02_mir/recover-20220922/UBNA_001/20220921_090000.WAV,Telephone Field,recover-20220922,001,1795
163.3875,163.3951,28046,41339,Eptesicus serotinus,0.007,0.022,-1,Echolocation,/mnt/ubna_data_02_mir/recover-20220922/UBNA_001/20220921_090000.WAV,Telephone Field,recover-20220922,001,1795
163.3955,163.4049,28906,37026,Eptesicus serotinus,0.01,0.021,-1,Echolocation,/mnt/ubna_data_02_mir/recover-20220922/UBNA_001/20220921_090000.WAV,Telephone Field,recover-20220922,001,1795
163.3975,163.4351,68437,82043,Rhinolophus ferrumequinum,0.026,0.026,-1,Echolocation,/mnt/ubna_data_02_mir/recover-20220922/UBNA_001/20220921_090000.WAV,Telephone Field,recover-20220922,001,1795
163.4325,163.4721,68437,82413,Rhinolophus ferrumequinum,0.024,0.024,-1,Echolocation,/mnt/ubna_data_02_mir/recover-20220922/UBNA_001/20220921_090000.WAV,Telephone Field,recover-20220922,001,1795
163.4405,163.4488,28046,40728,Eptesicus serotinus,0.007,0.021,-1,Echolocation,/mnt/ubna_data_02_mir/recover-20220922/UBNA_001/20220921_090000.WAV,Telephone Field,recover-20220922,001,1795
163.4545,163.466,28906,34407,Eptesicus serotinus,0.012,0.024,-1,Echolocation,/mnt/ubna_data_02_mir/recover-20220922/UBNA_001/20220921_090000.WAV,Telephone Field,recover-20220922,001,1795
163.45850000000002,163.4668,54687,59623,Pipistrellus pygmaeus,0.024,0.027,-1,Echolocation,/mnt/ubna_data_02_mir/recover-20220922/UBNA_001/20220921_090000.WAV,Telephone Field,recover-20220922,001,1795
163.4965,163.504,28046,36581,Eptesicus serotinus,0.021,0.044,-1,Echolocation,/mnt/ubna_data_02_mir/recover-20220922/UBNA_001/20220921_090000.WAV,Telephone Field,recover-20220922,001,1795
163.5035,163.5417,68437,81951,Rhinolophus ferrumequinum,0.023,0.023,-1,Echolocation,/mnt/ubna_data_02_mir/recover-20220922/UBNA_001/20220921_090000.WAV,Telephone Field,recover-20220922,001,1795
163.5135,163.5485,68437,81965,Rhinolophus ferrumequinum,0.022,0.022,-1,Echolocation,/mnt/ubna_data_02_mir/recover-20220922/UBNA_001/20220921_090000.WAV,Telephone Field,recover-20220922,001,1795
163.5475,163.5575,24609,30691,Nyctalus leisleri,0.011,0.027,-1,Echolocation,/mnt/ubna_data_02_mir/recover-20220922/UBNA_001/20220921_090000.WAV,Telephone Field,recover-20220922,001,1795
163.5745,163.6133,68437,82045,Rhinolophus ferrumequinum,0.022,0.022,-1,Echolocation,/mnt/ubna_data_02_mir/recover-20220922/UBNA_001/20220921_090000.WAV,Telephone Field,recover-20220922,001,1795
163.58350000000002,163.5904,24609,33940,Plecotus austriacus,0.012,0.028,-1,Echolocation,/mnt/ubna_data_02_mir/recover-20220922/UBNA_001/20220921_090000.WAV,Telephone Field,recover-20220922,001,1795
163.5995,163.6113,22890,27801,Nyctalus leisleri,0.011,0.022,-1,Echolocation,/mnt/ubna_data_02_mir/recover-20220922/UBNA_001/20220921_090000.WAV,Telephone Field,recover-20220922,001,1795
163.6035,163.6123,28046,36676,Eptesicus serotinus,0.008,0.022,-1,Echolocation,/mnt/ubna_data_02_mir/recover-20220922/UBNA_001/20220921_090000.WAV,Telephone Field,recover-20220922,001,1795
163.6235,163.6599,68437,81948,Rhinolophus ferrumequinum,0.03,0.03,-1,Echolocation,/mnt/ubna_data_02_mir/recover-20220922/UBNA_001/20220921_090000.WAV,Telephone Field,recover-20220922,001,1795
163.6315,163.6388,28046,40370,Eptesicus serotinus,0.006,0.022,-1,Echolocation,/mnt/ubna_data_02_mir/recover-20220922/UBNA_001/20220921_090000.WAV,Telephone Field,recover-20220922,001,1795
163.6655,163.70159999999998,68437,81630,Rhinolophus ferrumequinum,0.021,0.021,-1,Echolocation,/mnt/ubna_data_02_mir/recover-20220922/UBNA_001/20220921_090000.WAV,Telephone Field,recover-20220922,001,1795
163.7415,163.78,68437,82444,Rhinolophus ferrumequinum,0.023,0.023,-1,Echolocation,/mnt/ubna_data_02_mir/recover-20220922/UBNA_001/20220921_090000.WAV,Telephone Field,recover-20220922,001,1795
163.7595,163.8022,68437,83089,Rhinolophus ferrumequinum,0.031,0.031,-1,Echolocation,/mnt/ubna_data_02_mir/recover-20220922/UBNA_001/20220921_090000.WAV,Telephone Field,recover-20220922,001,1795
163.7655,163.811,68437,83389,Rhinolophus ferrumequinum,0.032,0.032,-1,Echolocation,/mnt/ubna_data_02_mir/recover-20220922/UBNA_001/20220921_090000.WAV,Telephone Field,recover-20220922,001,1795
163.7715,163.816,68437,83319,Rhinolophus ferrumequinum,0.033,0.033,-1,Echolocation,/mnt/ubna_data_02_mir/recover-20220922/UBNA_001/20220921_090000.WAV,Telephone Field,recover-20220922,001,1795
163.7945,163.8339,68437,82105,Rhinolophus ferrumequinum,0.024,0.024,-1,Echolocation,/mnt/ubna_data_02_mir/recover-20220922/UBNA_001/20220921_090000.WAV,Telephone Field,recover-20220922,001,1795
163.8115,163.8206,24609,31611,Nyctalus leisleri,0.007,0.024,-1,Echolocation,/mnt/ubna_data_02_mir/recover-20220922/UBNA_001/20220921_090000.WAV,Telephone Field,recover-20220922,001,1795
163.8195,163.8575,68437,81901,Rhinolophus ferrumequinum,0.023,0.023,-1,Echolocation,/mnt/ubna_data_02_mir/recover-20220922/UBNA_001/20220921_090000.WAV,Telephone Field,recover-20220922,001,1795
163.8265,163.8656,68437,82158,Rhinolophus ferrumequinum,0.022,0.022,-1,Echolocation,/mnt/ubna_data_02_mir/recover-20220922/UBNA_001/20220921_090000.WAV,Telephone Field,recover-20220922,001,1795
163.8385,163.8461,28046,38535,Eptesicus serotinus,0.009,0.023,-1,Echolocation,/mnt/ubna_data_02_mir/recover-20220922/UBNA_001/20220921_090000.WAV,Telephone Field,recover-20220922,001,1795
163.8495,163.8919,68437,82419,Rhinolophus ferrumequinum,0.022,0.022,-1,Echolocation,/mnt/ubna_data_02_mir/recover-20220922/UBNA_001/20220921_090000.WAV,Telephone Field,recover-20220922,001,1795
163.9115,163.9229,22890,27642,Nyctalus leisleri,0.012,0.025,-1,Echolocation,/mnt/ubna_data_02_mir/recover-20220922/UBNA_001/20220921_090000.WAV,Telephone Field,recover-20220922,001,1795
163.9155,163.9256,32343,39140,Eptesicus serotinus,0.006,0.021,-1,Echolocation,/mnt/ubna_data_02_mir/recover-20220922/UBNA_001/20220921_090000.WAV,Telephone Field,recover-20220922,001,1795
163.91649999999998,163.9572,68437,82574,Rhinolophus ferrumequinum,0.023,0.023,-1,Echolocation,/mnt/ubna_data_02_mir/recover-20220922/UBNA_001/20220921_090000.WAV,Telephone Field,recover-20220922,001,1795
163.9235,163.965,68437,82766,Rhinolophus ferrumequinum,0.025,0.025,-1,Echolocation,/mnt/ubna_data_02_mir/recover-20220922/UBNA_001/20220921_090000.WAV,Telephone Field,recover-20220922,001,1795
163.9245,163.9318,25468,34442,Plecotus austriacus,0.007,0.024,-1,Echolocation,/mnt/ubna_data_02_mir/recover-20220922/UBNA_001/20220921_090000.WAV,Telephone Field,recover-20220922,001,1795
163.9835,163.9975,22890,28691,Nyctalus leisleri,0.028,0.065,-1,Echolocation,/mnt/ubna_data_02_mir/recover-20220922/UBNA_001/20220921_090000.WAV,Telephone Field,recover-20220922,001,1795
164.0015,164.0347,68437,80051,Rhinolophus ferrumequinum,0.057,0.057,-1,Echolocation,/mnt/ubna_data_02_mir/recover-20220922/UBNA_001/20220921_090000.WAV,Telephone Field,recover-20220922,001,1795
164.0015,164.01069999999999,23750,30169,Nyctalus leisleri,0.014,0.035,-1,Echolocation,/mnt/ubna_data_02_mir/recover-20220922/UBNA_001/20220921_090000.WAV,Telephone Field,recover-20220922,001,1795
164.0015,164.0085,46093,50570,Pipistrellus pipistrellus,0.02,0.024,-1,Echolocation,/mnt/ubna_data_02_mir/recover-20220922/UBNA_001/20220921_090000.WAV,Telephone Field,recover-20220922,001,1795
164.0075,164.0462,68437,81667,Rhinolophus ferrumequinum,0.029,0.029,-1,Echolocation,/mnt/ubna_data_02_mir/recover-20220922/UBNA_001/20220921_090000.WAV,Telephone Field,recover-20220922,001,1795
164.1095,164.1517,68437,82977,Rhinolophus ferrumequinum,0.031,0.031,-1,Echolocation,/mnt/ubna_data_02_mir/recover-20220922/UBNA_001/20220921_090000.WAV,Telephone Field,recover-20220922,001,1795
164.1795,164.1869,27187,39016,Eptesicus serotinus,0.007,0.022,-1,Echolocation,/mnt/ubna_data_02_mir/recover-20220922/UBNA_001/20220921_090000.WAV,Telephone Field,recover-20220922,001,1795
164.2075,164.2511,68437,83417,Rhinolophus ferrumequinum,0.027,0.027,-1,Echolocation,/mnt/ubna_data_02_mir/recover-20220922/UBNA_001/20220921_090000.WAV,Telephone Field,recover-20220922,001,1795
164.2355,164.2703,68437,80878,Rhinolophus ferrumequinum,0.023,0.023,-1,Echolocation,/mnt/ubna_data_02_mir/recover-20220922/UBNA_001/20220921_090000.WAV,Telephone Field,recover-20220922,001,1795
164.2395,164.2591,20312,23591,Nyctalus leisleri,0.023,0.043,-1,Echolocation,/mnt/ubna_data_02_mir/recover-20220922/UBNA_001/20220921_090000.WAV,Telephone Field,recover-20220922,001,1795
164.3865,164.4186,68437,80625,Rhinolophus ferrumequinum,0.034,0.034,-1,Echolocation,/mnt/ubna_data_02_mir/recover-20220922/UBNA_001/20220921_090000.WAV,Telephone Field,recover-20220922,001,1795
164.4345,164.4735,68437,82571,Rhinolophus ferrumequinum,0.024,0.024,-1,Echolocation,/mnt/ubna_data_02_mir/recover-20220922/UBNA_001/20220921_090000.WAV,Telephone Field,recover-20220922,001,1795
164.4355,164.4437,28906,36673,Eptesicus serotinus,0.009,0.025,-1,Echolocation,/mnt/ubna_data_02_mir/recover-20220922/UBNA_001/20220921_090000.WAV,Telephone Field,recover-20220922,001,1795
164.4365,164.4442,23750,32082,Plecotus austriacus,0.011,0.024,-1,Echolocation,/mnt/ubna_data_02_mir/recover-20220922/UBNA_001/20220921_090000.WAV,Telephone Field,recover-20220922,001,1795
164.4525,164.4945,68437,82979,Rhinolophus ferrumequinum,0.033,0.033,-1,Echolocation,/mnt/ubna_data_02_mir/recover-20220922/UBNA_001/20220921_090000.WAV,Telephone Field,recover-20220922,001,1795
164.4535,164.4648,23750,28094,Nyctalus leisleri,0.013,0.024,-1,Echolocation,/mnt/ubna_data_02_mir/recover-20220922/UBNA_001/20220921_090000.WAV,Telephone Field,recover-20220922,001,1795
164.4715,164.5108,68437,83039,Rhinolophus ferrumequinum,0.028,0.028,-1,Echolocation,/mnt/ubna_data_02_mir/recover-20220922/UBNA_001/20220921_090000.WAV,Telephone Field,recover-20220922,001,1795
164.4925,164.5022,27187,36295,Eptesicus serotinus,0.01,0.024,-1,Echolocation,/mnt/ubna_data_02_mir/recover-20220922/UBNA_001/20220921_090000.WAV,Telephone Field,recover-20220922,001,1795
164.5025,164.5108,28046,38564,Eptesicus serotinus,0.008,0.023,-1,Echolocation,/mnt/ubna_data_02_mir/recover-20220922/UBNA_001/20220921_090000.WAV,Telephone Field,recover-20220922,001,1795
164.5145,164.5568,68437,83179,Rhinolophus ferrumequinum,0.03,0.03,-1,Echolocation,/mnt/ubna_data_02_mir/recover-20220922/UBNA_001/20220921_090000.WAV,Telephone Field,recover-20220922,001,1795
164.5225,164.5633,68437,83113,Rhinolophus ferrumequinum,0.025,0.026,-1,Echolocation,/mnt/ubna_data_02_mir/recover-20220922/UBNA_001/20220921_090000.WAV,Telephone Field,recover-20220922,001,1795
164.5325,164.5709,68437,81898,Rhinolophus ferrumequinum,0.022,0.022,-1,Echolocation,/mnt/ubna_data_02_mir/recover-20220922/UBNA_001/20220921_090000.WAV,Telephone Field,recover-20220922,001,1795
164.5335,164.5437,23750,31010,Nyctalus leisleri,0.009,0.026,-1,Echolocation,/mnt/ubna_data_02_mir/recover-20220922/UBNA_001/20220921_090000.WAV,Telephone Field,recover-20220922,001,1795
164.6135,164.654,68437,82681,Rhinolophus ferrumequinum,0.022,0.022,-1,Echolocation,/mnt/ubna_data_02_mir/recover-20220922/UBNA_001/20220921_090000.WAV,Telephone Field,recover-20220922,001,1795
164.6625,164.7057,68437,83272,Rhinolophus ferrumequinum,0.032,0.032,-1,Echolocation,/mnt/ubna_data_02_mir/recover-20220922/UBNA_001/20220921_090000.WAV,Telephone Field,recover-20220922,001,1795
164.6815,164.6924,27187,36028,Eptesicus serotinus,0.012,0.025,-1,Echolocation,/mnt/ubna_data_02_mir/recover-20220922/UBNA_001/20220921_090000.WAV,Telephone Field,recover-20220922,001,1795
164.7265,164.7673,68437,82198,Rhinolophus ferrumequinum,0.024,0.024,-1,Echolocation,/mnt/ubna_data_02_mir/recover-20220922/UBNA_001/20220921_090000.WAV,Telephone Field,recover-20220922,001,1795
164.7415,164.7518,22031,27614,Nyctalus leisleri,0.009,0.023,-1,Echolocation,/mnt/ubna_data_02_mir/recover-20220922/UBNA_001/20220921_090000.WAV,Telephone Field,recover-20220922,001,1795
164.7725,164.7814,27187,36286,Eptesicus serotinus,0.008,0.023,-1,Echolocation,/mnt/ubna_data_02_mir/recover-20220922/UBNA_001/20220921_090000.WAV,Telephone Field,recover-20220922,001,1795
164.8325,164.8728,68437,82508,Rhinolophus ferrumequinum,0.026,0.026,-1,Echolocation,/mnt/ubna_data_02_mir/recover-20220922/UBNA_001/20220921_090000.WAV,Telephone Field,recover-20220922,001,1795
164.8535,164.8928,68437,82273,Rhinolophus ferrumequinum,0.025,0.025,-1,Echolocation,/mnt/ubna_data_02_mir/recover-20220922/UBNA_001/20220921_090000.WAV,Telephone Field,recover-20220922,001,1795
164.8595,164.8988,68437,82394,Rhinolophus ferrumequinum,0.024,0.024,-1,Echolocation,/mnt/ubna_data_02_mir/recover-20220922/UBNA_001/20220921_090000.WAV,Telephone Field,recover-20220922,001,1795
164.8625,164.8693,23750,34164,Plecotus austriacus,0.037,0.063,-1,Echolocation,/mnt/ubna_data_02_mir/recover-20220922/UBNA_001/20220921_090000.WAV,Telephone Field,recover-20220922,001,1795
164.8955,164.932,68437,81415,Rhinolophus ferrumequinum,0.023,0.023,-1,Echolocation,/mnt/ubna_data_02_mir/recover-20220922/UBNA_001/20220921_090000.WAV,Telephone Field,recover-20220922,001,1795
164.9135,164.9523,68437,82441,Rhinolophus ferrumequinum,0.026,0.026,-1,Echolocation,/mnt/ubna_data_02_mir/recover-20220922/UBNA_001/20220921_090000.WAV,Telephone Field,recover-20220922,001,1795
164.9895,165.0276,68437,82468,Rhinolophus ferrumequinum,0.023,0.023,-1,Echolocation,/mnt/ubna_data_02_mir/recover-20220922/UBNA_001/20220921_090000.WAV,Telephone Field,recover-20220922,001,1795
165.0125,165.0524,68437,82256,Rhinolophus ferrumequinum,0.04,0.04,-1,Echolocation,/mnt/ubna_data_02_mir/recover-20220922/UBNA_001/20220921_090000.WAV,Telephone Field,recover-20220922,001,1795
165.0195,165.0301,22031,26509,Nyctalus leisleri,0.014,0.026,-1,Echolocation,/mnt/ubna_data_02_mir/recover-20220922/UBNA_001/20220921_090000.WAV,Telephone Field,recover-20220922,001,1795
165.07150000000001,165.08089999999999,24609,32760,Eptesicus serotinus,0.007,0.024,-1,Echolocation,/mnt/ubna_data_02_mir/recover-20220922/UBNA_001/20220921_090000.WAV,Telephone Field,recover-20220922,001,1795
165.0755,165.1195,68437,83487,Rhinolophus ferrumequinum,0.044,0.044,-1,Echolocation,/mnt/ubna_data_02_mir/recover-20220922/UBNA_001/20220921_090000.WAV,Telephone Field,recover-20220922,001,1795
165.1215,165.1612,68437,82258,Rhinolophus ferrumequinum,0.022,0.022,-1,Echolocation,/mnt/ubna_data_02_mir/recover-20220922/UBNA_001/20220921_090000.WAV,Telephone Field,recover-20220922,001,1795
165.1655,165.2083,68437,82202,Rhinolophus ferrumequinum,0.037,0.037,-1,Echolocation,/mnt/ubna_data_02_mir/recover-20220922/UBNA_001/20220921_090000.WAV,Telephone Field,recover-20220922,001,1795
165.16649999999998,165.1755,46093,49439,Pipistrellus pipistrellus,0.021,0.023,-1,Echolocation,/mnt/ubna_data_02_mir/recover-20220922/UBNA_001/20220921_090000.WAV,Telephone Field,recover-20220922,001,1795
165.2035,165.2415,68437,81464,Rhinolophus ferrumequinum,0.022,0.023,-1,Echolocation,/mnt/ubna_data_02_mir/recover-20220922/UBNA_001/20220921_090000.WAV,Telephone Field,recover-20220922,001,1795
165.2295,165.2724,68437,83291,Rhinolophus ferrumequinum,0.026,0.026,-1,Echolocation,/mnt/ubna_data_02_mir/recover-20220922/UBNA_001/20220921_090000.WAV,Telephone Field,recover-20220922,001,1795
165.2355,165.2796,68437,83134,Rhinolophus ferrumequinum,0.029,0.029,-1,Echolocation,/mnt/ubna_data_02_mir/recover-20220922/UBNA_001/20220921_090000.WAV,Telephone Field,recover-20220922,001,1795
165.2425,165.2835,68437,82336,Rhinolophus ferrumequinum,0.025,0.025,-1,Echolocation,/mnt/ubna_data_02_mir/recover-20220922/UBNA_001/20220921_090000.WAV,Telephone Field,recover-20220922,001,1795
165.2505,165.2929,68437,83161,Rhinolophus ferrumequinum,0.027,0.027,-1,Echolocation,/mnt/ubna_data_02_mir/recover-20220922/UBNA_001/20220921_090000.WAV,Telephone Field,recover-20220922,001,1795
165.2865,165.2949,28046,39283,Eptesicus serotinus,0.01,0.025,-1,Echolocation,/mnt/ubna_data_02_mir/recover-20220922/UBNA_001/20220921_090000.WAV,Telephone Field,recover-20220922,001,1795
165.2875,165.3256,68437,81379,Rhinolophus ferrumequinum,0.024,0.025,-1,Echolocation,/mnt/ubna_data_02_mir/recover-20220922/UBNA_001/20220921_090000.WAV,Telephone Field,recover-20220922,001,1795
165.2925,165.3304,68437,81967,Rhinolophus ferrumequinum,0.023,0.023,-1,Echolocation,/mnt/ubna_data_02_mir/recover-20220922/UBNA_001/20220921_090000.WAV,Telephone Field,recover-20220922,001,1795
165.3315,165.3711,68437,82039,Rhinolophus ferrumequinum,0.023,0.023,-1,Echolocation,/mnt/ubna_data_02_mir/recover-20220922/UBNA_001/20220921_090000.WAV,Telephone Field,recover-20220922,001,1795
165.3375,165.3749,68437,82585,Rhinolophus ferrumequinum,0.023,0.023,-1,Echolocation,/mnt/ubna_data_02_mir/recover-20220922/UBNA_001/20220921_090000.WAV,Telephone Field,recover-20220922,001,1795
165.3455,165.3864,68437,82940,Rhinolophus ferrumequinum,0.027,0.027,-1,Echolocation,/mnt/ubna_data_02_mir/recover-20220922/UBNA_001/20220921_090000.WAV,Telephone Field,recover-20220922,001,1795
165.3885,165.4266,68437,81687,Rhinolophus ferrumequinum,0.023,0.023,-1,Echolocation,/mnt/ubna_data_02_mir/recover-20220922/UBNA_001/20220921_090000.WAV,Telephone Field,recover-20220922,001,1795
165.5075,165.5471,68437,82377,Rhinolophus ferrumequinum,0.023,0.023,-1,Echolocation,/mnt/ubna_data_02_mir/recover-20220922/UBNA_001/20220921_090000.WAV,Telephone Field,recover-20220922,001,1795
165.5605,165.5709,22890,29134,Nyctalus leisleri,0.01,0.024,-1,Echolocation,/mnt/ubna_data_02_mir/recover-20220922/UBNA_001/20220921_090000.WAV,Telephone Field,recover-20220922,001,1795
165.5625,165.6023,68437,81406,Rhinolophus ferrumequinum,0.026,0.026,-1,Echolocation,/mnt/ubna_data_02_mir/recover-20220922/UBNA_001/20220921_090000.WAV,Telephone Field,recover-20220922,001,1795
165.6075,165.6162,28906,39250,Eptesicus serotinus,0.008,0.025,-1,Echolocation,/mnt/ubna_data_02_mir/recover-20220922/UBNA_001/20220921_090000.WAV,Telephone Field,recover-20220922,001,1795
165.6275,165.6695,68437,82885,Rhinolophus ferrumequinum,0.034,0.034,-1,Echolocation,/mnt/ubna_data_02_mir/recover-20220922/UBNA_001/20220921_090000.WAV,Telephone Field,recover-20220922,001,1795
165.6435,165.6516,25468,34170,Eptesicus serotinus,0.006,0.022,-1,Echolocation,/mnt/ubna_data_02_mir/recover-20220922/UBNA_001/20220921_090000.WAV,Telephone Field,recover-20220922,001,1795
165.6575,165.697,68437,82471,Rhinolophus ferrumequinum,0.026,0.026,-1,Echolocation,/mnt/ubna_data_02_mir/recover-20220922/UBNA_001/20220921_090000.WAV,Telephone Field,recover-20220922,001,1795
165.6865,165.7237,68437,81725,Rhinolophus ferrumequinum,0.025,0.025,-1,Echolocation,/mnt/ubna_data_02_mir/recover-20220922/UBNA_001/20220921_090000.WAV,Telephone Field,recover-20220922,001,1795
165.7015,165.7355,68437,81022,Rhinolophus ferrumequinum,0.022,0.022,-1,Echolocation,/mnt/ubna_data_02_mir/recover-20220922/UBNA_001/20220921_090000.WAV,Telephone Field,recover-20220922,001,1795
165.7175,165.7598,68437,83240,Rhinolophus ferrumequinum,0.04,0.04,-1,Echolocation,/mnt/ubna_data_02_mir/recover-20220922/UBNA_001/20220921_090000.WAV,Telephone Field,recover-20220922,001,1795
165.7475,165.7884,68437,83009,Rhinolophus ferrumequinum,0.026,0.026,-1,Echolocation,/mnt/ubna_data_02_mir/recover-20220922/UBNA_001/20220921_090000.WAV,Telephone Field,recover-20220922,001,1795
165.7595,165.7689,27187,36657,Eptesicus serotinus,0.009,0.023,-1,Echolocation,/mnt/ubna_data_02_mir/recover-20220922/UBNA_001/20220921_090000.WAV,Telephone Field,recover-20220922,001,1795
165.7975,165.839,68437,82978,Rhinolophus ferrumequinum,0.027,0.027,-1,Echolocation,/mnt/ubna_data_02_mir/recover-20220922/UBNA_001/20220921_090000.WAV,Telephone Field,recover-20220922,001,1795
165.8015,165.8079,27187,37730,Eptesicus serotinus,0.008,0.032,-1,Echolocation,/mnt/ubna_data_02_mir/recover-20220922/UBNA_001/20220921_090000.WAV,Telephone Field,recover-20220922,001,1795
165.8045,165.8468,68437,82366,Rhinolophus ferrumequinum,0.025,0.025,-1,Echolocation,/mnt/ubna_data_02_mir/recover-20220922/UBNA_001/20220921_090000.WAV,Telephone Field,recover-20220922,001,1795
165.8105,165.8506,68437,82607,Rhinolophus ferrumequinum,0.028,0.028,-1,Echolocation,/mnt/ubna_data_02_mir/recover-20220922/UBNA_001/20220921_090000.WAV,Telephone Field,recover-20220922,001,1795
165.8295,165.873,68437,83121,Rhinolophus ferrumequinum,0.032,0.032,-1,Echolocation,/mnt/ubna_data_02_mir/recover-20220922/UBNA_001/20220921_090000.WAV,Telephone Field,recover-20220922,001,1795
165.8415,165.85,25468,33294,Nyctalus leisleri,0.006,0.024,-1,Echolocation,/mnt/ubna_data_02_mir/recover-20220922/UBNA_001/20220921_090000.WAV,Telephone Field,recover-20220922,001,1795
165.8595,165.8996,68437,82460,Rhinolophus ferrumequinum,0.024,0.024,-1,Echolocation,/mnt/ubna_data_02_mir/recover-20220922/UBNA_001/20220921_090000.WAV,Telephone Field,recover-20220922,001,1795
165.8975,165.9373,68437,82243,Rhinolophus ferrumequinum,0.024,0.024,-1,Echolocation,/mnt/ubna_data_02_mir/recover-20220922/UBNA_001/20220921_090000.WAV,Telephone Field,recover-20220922,001,1795
165.9045,165.912,26328,35723,Eptesicus serotinus,0.013,0.04,-1,Echolocation,/mnt/ubna_data_02_mir/recover-20220922/UBNA_001/20220921_090000.WAV,Telephone Field,recover-20220922,001,1795
165.9155,165.9568,68437,83065,Rhinolophus ferrumequinum,0.045,0.045,-1,Echolocation,/mnt/ubna_data_02_mir/recover-20220922/UBNA_001/20220921_090000.WAV,Telephone Field,recover-20220922,001,1795
165.9305,165.9401,26328,34152,Eptesicus serotinus,0.01,0.026,-1,Echolocation,/mnt/ubna_data_02_mir/recover-20220922/UBNA_001/20220921_090000.WAV,Telephone Field,recover-20220922,001,1795
165.9475,165.9904,68437,83523,Rhinolophus ferrumequinum,0.038,0.038,-1,Echolocation,/mnt/ubna_data_02_mir/recover-20220922/UBNA_001/20220921_090000.WAV,Telephone Field,recover-20220922,001,1795
166.0015,166.011,26328,34680,Nyctalus leisleri,0.01,0.031,-1,Echolocation,/mnt/ubna_data_02_mir/recover-20220922/UBNA_001/20220921_090000.WAV,Telephone Field,recover-20220922,001,1795
166.0015,166.032,69296,81389,Rhinolophus ferrumequinum,0.024,0.025,-1,Echolocation,/mnt/ubna_data_02_mir/recover-20220922/UBNA_001/20220921_090000.WAV,Telephone Field,recover-20220922,001,1795
166.0015,166.011,45234,49055,Pipistrellus pipistrellus,0.028,0.033,-1,Echolocation,/mnt/ubna_data_02_mir/recover-20220922/UBNA_001/20220921_090000.WAV,Telephone Field,recover-20220922,001,1795
166.0125,166.0547,68437,82377,Rhinolophus ferrumequinum,0.03,0.03,-1,Echolocation,/mnt/ubna_data_02_mir/recover-20220922/UBNA_001/20220921_090000.WAV,Telephone Field,recover-20220922,001,1795
166.04149999999998,166.05180000000001,28906,36048,Eptesicus serotinus,0.011,0.024,-1,Echolocation,/mnt/ubna_data_02_mir/recover-20220922/UBNA_001/20220921_090000.WAV,Telephone Field,recover-20220922,001,1795
166.0455,166.0838,68437,82055,Rhinolophus ferrumequinum,0.024,0.024,-1,Echolocation,/mnt/ubna_data_02_mir/recover-20220922/UBNA_001/20220921_090000.WAV,Telephone Field,recover-20220922,001,1795
166.0545,166.0629,28046,37701,Eptesicus serotinus,0.009,0.024,-1,Echolocation,/mnt/ubna_data_02_mir/recover-20220922/UBNA_001/20220921_090000.WAV,Telephone Field,recover-20220922,001,1795
166.1605,166.1986,68437,82201,Rhinolophus ferrumequinum,0.024,0.025,-1,Echolocation,/mnt/ubna_data_02_mir/recover-20220922/UBNA_001/20220921_090000.WAV,Telephone Field,recover-20220922,001,1795
166.1615,166.1732,28906,36340,Eptesicus serotinus,0.013,0.026,-1,Echolocation,/mnt/ubna_data_02_mir/recover-20220922/UBNA_001/20220921_090000.WAV,Telephone Field,recover-20220922,001,1795
166.2395,166.2763,68437,81986,Rhinolophus ferrumequinum,0.023,0.023,-1,Echolocation,/mnt/ubna_data_02_mir/recover-20220922/UBNA_001/20220921_090000.WAV,Telephone Field,recover-20220922,001,1795
166.2735,166.3176,68437,83137,Rhinolophus ferrumequinum,0.037,0.037,-1,Echolocation,/mnt/ubna_data_02_mir/recover-20220922/UBNA_001/20220921_090000.WAV,Telephone Field,recover-20220922,001,1795
166.2745,166.2831,22890,30008,Plecotus austriacus,0.008,0.022,-1,Echolocation,/mnt/ubna_data_02_mir/recover-20220922/UBNA_001/20220921_090000.WAV,Telephone Field,recover-20220922,001,1795
166.3115,166.35,68437,82042,Rhinolophus ferrumequinum,0.027,0.027,-1,Echolocation,/mnt/ubna_data_02_mir/recover-20220922/UBNA_001/20220921_090000.WAV,Telephone Field,recover-20220922,001,1795
166.3535,166.3915,68437,81819,Rhinolophus ferrumequinum,0.022,0.022,-1,Echolocation,/mnt/ubna_data_02_mir/recover-20220922/UBNA_001/20220921_090000.WAV,Telephone Field,recover-20220922,001,1795
166.3695,166.3813,28906,34082,Eptesicus serotinus,0.045,0.074,-1,Echolocation,/mnt/ubna_data_02_mir/recover-20220922/UBNA_001/20220921_090000.WAV,Telephone Field,recover-20220922,001,1795
166.3795,166.4182,68437,82260,Rhinolophus ferrumequinum,0.023,0.023,-1,Echolocation,/mnt/ubna_data_02_mir/recover-20220922/UBNA_001/20220921_090000.WAV,Telephone Field,recover-20220922,001,1795
166.3985,166.4359,68437,81977,Rhinolophus ferrumequinum,0.023,0.023,-1,Echolocation,/mnt/ubna_data_02_mir/recover-20220922/UBNA_001/20220921_090000.WAV,Telephone Field,recover-20220922,001,1795
166.4105,166.44819999999999,68437,81640,Rhinolophus ferrumequinum,0.024,0.024,-1,Echolocation,/mnt/ubna_data_02_mir/recover-20220922/UBNA_001/20220921_090000.WAV,Telephone Field,recover-20220922,001,1795
166.4195,166.462,68437,83040,Rhinolophus ferrumequinum,0.027,0.027,-1,Echolocation,/mnt/ubna_data_02_mir/recover-20220922/UBNA_001/20220921_090000.WAV,Telephone Field,recover-20220922,001,1795
166.4265,166.4659,68437,82767,Rhinolophus ferrumequinum,0.024,0.024,-1,Echolocation,/mnt/ubna_data_02_mir/recover-20220922/UBNA_001/20220921_090000.WAV,Telephone Field,recover-20220922,001,1795
166.4485,166.4569,27187,39468,Eptesicus serotinus,0.008,0.022,-1,Echolocation,/mnt/ubna_data_02_mir/recover-20220922/UBNA_001/20220921_090000.WAV,Telephone Field,recover-20220922,001,1795
166.4515,166.48930000000001,68437,81972,Rhinolophus ferrumequinum,0.024,0.024,-1,Echolocation,/mnt/ubna_data_02_mir/recover-20220922/UBNA_001/20220921_090000.WAV,Telephone Field,recover-20220922,001,1795
166.4575,166.4969,68437,81935,Rhinolophus ferrumequinum,0.023,0.023,-1,Echolocation,/mnt/ubna_data_02_mir/recover-20220922/UBNA_001/20220921_090000.WAV,Telephone Field,recover-20220922,001,1795
166.4835,166.52179999999998,68437,81881,Rhinolophus ferrumequinum,0.024,0.024,-1,Echolocation,/mnt/ubna_data_02_mir/recover-20220922/UBNA_001/20220921_090000.WAV,Telephone Field,recover-20220922,001,1795
166.4925,166.532,68437,82119,Rhinolophus ferrumequinum,0.023,0.023,-1,Echolocation,/mnt/ubna_data_02_mir/recover-20220922/UBNA_001/20220921_090000.WAV,Telephone Field,recover-20220922,001,1795
166.5285,166.5389,22890,28764,Nyctalus leisleri,0.013,0.032,-1,Echolocation,/mnt/ubna_data_02_mir/recover-20220922/UBNA_001/20220921_090000.WAV,Telephone Field,recover-20220922,001,1795
166.54149999999998,166.5815,68437,82626,Rhinolophus ferrumequinum,0.022,0.022,-1,Echolocation,/mnt/ubna_data_02_mir/recover-20220922/UBNA_001/20220921_090000.WAV,Telephone Field,recover-20220922,001,1795
166.5655,166.6069,68437,82394,Rhinolophus ferrumequinum,0.025,0.025,-1,Echolocation,/mnt/ubna_data_02_mir/recover-20220922/UBNA_001/20220921_090000.WAV,Telephone Field,recover-20220922,001,1795
166.5945,166.6068,28046,34663,Eptesicus serotinus,0.019,0.033,-1,Echolocation,/mnt/ubna_data_02_mir/recover-20220922/UBNA_001/20220921_090000.WAV,Telephone Field,recover-20220922,001,1795
166.6225,166.6586,68437,81871,Rhinolophus ferrumequinum,0.025,0.025,-1,Echolocation,/mnt/ubna_data_02_mir/recover-20220922/UBNA_001/20220921_090000.WAV,Telephone Field,recover-20220922,001,1795
166.6525,166.6897,68437,80962,Rhinolophus ferrumequinum,0.022,0.022,-1,Echolocation,/mnt/ubna_data_02_mir/recover-20220922/UBNA_001/20220921_090000.WAV,Telephone Field,recover-20220922,001,1795
166.6605,166.6995,68437,82356,Rhinolophus ferrumequinum,0.022,0.022,-1,Echolocation,/mnt/ubna_data_02_mir/recover-20220922/UBNA_001/20220921_090000.WAV,Telephone Field,recover-20220922,001,1795
166.6945,166.7071,22890,27703,Nyctalus leisleri,0.015,0.03,-1,Echolocation,/mnt/ubna_data_02_mir/recover-20220922/UBNA_001/20220921_090000.WAV,Telephone Field,recover-20220922,001,1795
166.7105,166.7216,28046,34232,Eptesicus serotinus,0.009,0.024,-1,Echolocation,/mnt/ubna_data_02_mir/recover-20220922/UBNA_001/20220921_090000.WAV,Telephone Field,recover-20220922,001,1795
166.7115,166.7491,68437,82599,Rhinolophus ferrumequinum,0.024,0.024,-1,Echolocation,/mnt/ubna_data_02_mir/recover-20220922/UBNA_001/20220921_090000.WAV,Telephone Field,recover-20220922,001,1795
166.7295,166.7696,68437,82325,Rhinolophus ferrumequinum,0.023,0.023,-1,Echolocation,/mnt/ubna_data_02_mir/recover-20220922/UBNA_001/20220921_090000.WAV,Telephone Field,recover-20220922,001,1795
166.7755,166.8168,68437,83075,Rhinolophus ferrumequinum,0.029,0.029,-1,Echolocation,/mnt/ubna_data_02_mir/recover-20220922/UBNA_001/20220921_090000.WAV,Telephone Field,recover-20220922,001,1795
166.8365,166.8753,68437,82108,Rhinolophus ferrumequinum,0.032,0.032,-1,Echolocation,/mnt/ubna_data_02_mir/recover-20220922/UBNA_001/20220921_090000.WAV,Telephone Field,recover-20220922,001,1795
166.8595,166.8972,68437,82152,Rhinolophus ferrumequinum,0.022,0.022,-1,Echolocation,/mnt/ubna_data_02_mir/recover-20220922/UBNA_001/20220921_090000.WAV,Telephone Field,recover-20220922,001,1795
166.8795,166.8906,29765,35468,Eptesicus serotinus,0.066,0.118,-1,Echolocation,/mnt/ubna_data_02_mir/recover-20220922/UBNA_001/20220921_090000.WAV,Telephone Field,recover-20220922,001,1795
166.9025,166.9412,68437,81939,Rhinolophus ferrumequinum,0.027,0.027,-1,Echolocation,/mnt/ubna_data_02_mir/recover-20220922/UBNA_001/20220921_090000.WAV,Telephone Field,recover-20220922,001,1795
166.9275,166.965,68437,82235,Rhinolophus ferrumequinum,0.023,0.023,-1,Echolocation,/mnt/ubna_data_02_mir/recover-20220922/UBNA_001/20220921_090000.WAV,Telephone Field,recover-20220922,001,1795
166.9365,166.9458,27187,35876,Eptesicus serotinus,0.008,0.023,-1,Echolocation,/mnt/ubna_data_02_mir/recover-20220922/UBNA_001/20220921_090000.WAV,Telephone Field,recover-20220922,001,1795
166.9525,166.9637,28046,35154,Eptesicus serotinus,0.013,0.026,-1,Echolocation,/mnt/ubna_data_02_mir/recover-20220922/UBNA_001/20220921_090000.WAV,Telephone Field,recover-20220922,001,1795
166.9675,166.976,28906,39151,Eptesicus serotinus,0.009,0.026,-1,Echolocation,/mnt/ubna_data_02_mir/recover-20220922/UBNA_001/20220921_090000.WAV,Telephone Field,recover-20220922,001,1795
166.9725,167.0084,68437,81712,Rhinolophus ferrumequinum,0.022,0.022,-1,Echolocation,/mnt/ubna_data_02_mir/recover-20220922/UBNA_001/20220921_090000.WAV,Telephone Field,recover-20220922,001,1795
166.9885,167.0245,68437,81123,Rhinolophus ferrumequinum,0.023,0.023,-1,Echolocation,/mnt/ubna_data_02_mir/recover-20220922/UBNA_001/20220921_090000.WAV,Telephone Field,recover-20220922,001,1795
166.9965,167.0052,25468,33825,Eptesicus serotinus,0.009,0.022,-1,Echolocation,/mnt/ubna_data_02_mir/recover-20220922/UBNA_001/20220921_090000.WAV,Telephone Field,recover-20220922,001,1795
167.0255,167.0324,28046,38200,Eptesicus serotinus,0.006,0.024,-1,Echolocation,/mnt/ubna_data_02_mir/recover-20220922/UBNA_001/20220921_090000.WAV,Telephone Field,recover-20220922,001,1795
167.0425,167.07999999999998,68437,82071,Rhinolophus ferrumequinum,0.026,0.026,-1,Echolocation,/mnt/ubna_data_02_mir/recover-20220922/UBNA_001/20220921_090000.WAV,Telephone Field,recover-20220922,001,1795
167.0755,167.0868,34062,41361,Eptesicus serotinus,0.007,0.027,-1,Echolocation,/mnt/ubna_data_02_mir/recover-20220922/UBNA_001/20220921_090000.WAV,Telephone Field,recover-20220922,001,1795
167.0775,167.0866,28046,39725,Eptesicus serotinus,0.009,0.024,-1,Echolocation,/mnt/ubna_data_02_mir/recover-20220922/UBNA_001/20220921_090000.WAV,Telephone Field,recover-20220922,001,1795
167.09550000000002,167.1384,68437,83344,Rhinolophus ferrumequinum,0.036,0.036,-1,Echolocation,/mnt/ubna_data_02_mir/recover-20220922/UBNA_001/20220921_090000.WAV,Telephone Field,recover-20220922,001,1795
167.1155,167.12630000000001,28046,35944,Eptesicus serotinus,0.012,0.027,-1,Echolocation,/mnt/ubna_data_02_mir/recover-20220922/UBNA_001/20220921_090000.WAV,Telephone Field,recover-20220922,001,1795
167.1415,167.17680000000001,68437,82092,Rhinolophus ferrumequinum,0.022,0.022,-1,Echolocation,/mnt/ubna_data_02_mir/recover-20220922/UBNA_001/20220921_090000.WAV,Telephone Field,recover-20220922,001,1795
167.1505,167.1885,68437,82253,Rhinolophus ferrumequinum,0.026,0.026,-1,Echolocation,/mnt/ubna_data_02_mir/recover-20220922/UBNA_001/20220921_090000.WAV,Telephone Field,recover-20220922,001,1795
167.1645,167.1739,28046,35167,Eptesicus serotinus,0.031,0.056,-1,Echolocation,/mnt/ubna_data_02_mir/recover-20220922/UBNA_001/20220921_090000.WAV,Telephone Field,recover-20220922,001,1795
167.1815,167.2225,68437,82796,Rhinolophus ferrumequinum,0.03,0.03,-1,Echolocation,/mnt/ubna_data_02_mir/recover-20220922/UBNA_001/20220921_090000.WAV,Telephone Field,recover-20220922,001,1795
167.1955,167.2036,28906,38960,Eptesicus serotinus,0.009,0.027,-1,Echolocation,/mnt/ubna_data_02_mir/recover-20220922/UBNA_001/20220921_090000.WAV,Telephone Field,recover-20220922,001,1795
167.2135,167.2525,68437,82930,Rhinolophus ferrumequinum,0.026,0.026,-1,Echolocation,/mnt/ubna_data_02_mir/recover-20220922/UBNA_001/20220921_090000.WAV,Telephone Field,recover-20220922,001,1795
167.2175,167.2267,51250,58657,Pipistrellus pipistrellus,0.023,0.028,-1,Echolocation,/mnt/ubna_data_02_mir/recover-20220922/UBNA_001/20220921_090000.WAV,Telephone Field,recover-20220922,001,1795
167.2355,167.2727,68437,81633,Rhinolophus ferrumequinum,0.023,0.023,-1,Echolocation,/mnt/ubna_data_02_mir/recover-20220922/UBNA_001/20220921_090000.WAV,Telephone Field,recover-20220922,001,1795
167.2395,167.2488,28906,37914,Eptesicus serotinus,0.013,0.03,-1,Echolocation,/mnt/ubna_data_02_mir/recover-20220922/UBNA_001/20220921_090000.WAV,Telephone Field,recover-20220922,001,1795
167.2495,167.2583,28906,37467,Eptesicus serotinus,0.009,0.025,-1,Echolocation,/mnt/ubna_data_02_mir/recover-20220922/UBNA_001/20220921_090000.WAV,Telephone Field,recover-20220922,001,1795
167.2685,167.3108,68437,83049,Rhinolophus ferrumequinum,0.037,0.037,-1,Echolocation,/mnt/ubna_data_02_mir/recover-20220922/UBNA_001/20220921_090000.WAV,Telephone Field,recover-20220922,001,1795
167.2785,167.2871,27187,38234,Eptesicus serotinus,0.008,0.023,-1,Echolocation,/mnt/ubna_data_02_mir/recover-20220922/UBNA_001/20220921_090000.WAV,Telephone Field,recover-20220922,001,1795
167.29149999999998,167.33010000000002,68437,82580,Rhinolophus ferrumequinum,0.038,0.038,-1,Echolocation,/mnt/ubna_data_02_mir/recover-20220922/UBNA_001/20220921_090000.WAV,Telephone Field,recover-20220922,001,1795
167.3205,167.3579,68437,82044,Rhinolophus ferrumequinum,0.023,0.023,-1,Echolocation,/mnt/ubna_data_02_mir/recover-20220922/UBNA_001/20220921_090000.WAV,Telephone Field,recover-20220922,001,1795
167.3365,167.3705,68437,80619,Rhinolophus ferrumequinum,0.027,0.027,-1,Echolocation,/mnt/ubna_data_02_mir/recover-20220922/UBNA_001/20220921_090000.WAV,Telephone Field,recover-20220922,001,1795
167.3595,167.371,26328,33877,Eptesicus serotinus,0.012,0.026,-1,Echolocation,/mnt/ubna_data_02_mir/recover-20220922/UBNA_001/20220921_090000.WAV,Telephone Field,recover-20220922,001,1795
167.4265,167.4365,28906,37249,Eptesicus serotinus,0.01,0.025,-1,Echolocation,/mnt/ubna_data_02_mir/recover-20220922/UBNA_001/20220921_090000.WAV,Telephone Field,recover-20220922,001,1795
167.4505,167.4889,68437,82476,Rhinolophus ferrumequinum,0.028,0.028,-1,Echolocation,/mnt/ubna_data_02_mir/recover-20220922/UBNA_001/20220921_090000.WAV,Telephone Field,recover-20220922,001,1795
167.4685,167.4795,28046,35613,Eptesicus serotinus,0.016,0.031,-1,Echolocation,/mnt/ubna_data_02_mir/recover-20220922/UBNA_001/20220921_090000.WAV,Telephone Field,recover-20220922,001,1795
167.4805,167.52100000000002,68437,83024,Rhinolophus ferrumequinum,0.033,0.033,-1,Echolocation,/mnt/ubna_data_02_mir/recover-20220922/UBNA_001/20220921_090000.WAV,Telephone Field,recover-20220922,001,1795
167.5095,167.5476,68437,81706,Rhinolophus ferrumequinum,0.023,0.023,-1,Echolocation,/mnt/ubna_data_02_mir/recover-20220922/UBNA_001/20220921_090000.WAV,Telephone Field,recover-20220922,001,1795
167.5195,167.5299,28906,36837,Eptesicus serotinus,0.011,0.029,-1,Echolocation,/mnt/ubna_data_02_mir/recover-20220922/UBNA_001/20220921_090000.WAV,Telephone Field,recover-20220922,001,1795
167.5445,167.5523,28046,39160,Eptesicus serotinus,0.006,0.022,-1,Echolocation,/mnt/ubna_data_02_mir/recover-20220922/UBNA_001/20220921_090000.WAV,Telephone Field,recover-20220922,001,1795
167.5615,167.5679,45234,49483,Pipistrellus pipistrellus,0.025,0.026,-1,Echolocation,/mnt/ubna_data_02_mir/recover-20220922/UBNA_001/20220921_090000.WAV,Telephone Field,recover-20220922,001,1795
167.5725,167.6119,68437,81733,Rhinolophus ferrumequinum,0.023,0.023,-1,Echolocation,/mnt/ubna_data_02_mir/recover-20220922/UBNA_001/20220921_090000.WAV,Telephone Field,recover-20220922,001,1795
167.5985,167.6344,68437,80833,Rhinolophus ferrumequinum,0.026,0.026,-1,Echolocation,/mnt/ubna_data_02_mir/recover-20220922/UBNA_001/20220921_090000.WAV,Telephone Field,recover-20220922,001,1795
167.6105,167.6456,68437,81569,Rhinolophus ferrumequinum,0.025,0.025,-1,Echolocation,/mnt/ubna_data_02_mir/recover-20220922/UBNA_001/20220921_090000.WAV,Telephone Field,recover-20220922,001,1795
167.6585,167.7009,68437,82778,Rhinolophus ferrumequinum,0.028,0.028,-1,Echolocation,/mnt/ubna_data_02_mir/recover-20220922/UBNA_001/20220921_090000.WAV,Telephone Field,recover-20220922,001,1795
167.6595,167.6702,22890,28818,Nyctalus leisleri,0.042,0.114,-1,Echolocation,/mnt/ubna_data_02_mir/recover-20220922/UBNA_001/20220921_090000.WAV,Telephone Field,recover-20220922,001,1795
167.7365,167.7756,68437,82609,Rhinolophus ferrumequinum,0.027,0.027,-1,Echolocation,/mnt/ubna_data_02_mir/recover-20220922/UBNA_001/20220921_090000.WAV,Telephone Field,recover-20220922,001,1795
167.7775,167.7848,28046,37063,Eptesicus serotinus,0.006,0.023,-1,Echolocation,/mnt/ubna_data_02_mir/recover-20220922/UBNA_001/20220921_090000.WAV,Telephone Field,recover-20220922,001,1795
167.7825,167.8201,68437,81268,Rhinolophus ferrumequinum,0.029,0.029,-1,Echolocation,/mnt/ubna_data_02_mir/recover-20220922/UBNA_001/20220921_090000.WAV,Telephone Field,recover-20220922,001,1795
167.8295,167.8666,68437,81064,Rhinolophus ferrumequinum,0.027,0.027,-1,Echolocation,/mnt/ubna_data_02_mir/recover-20220922/UBNA_001/20220921_090000.WAV,Telephone Field,recover-20220922,001,1795
167.8635,167.8996,68437,81028,Rhinolophus ferrumequinum,0.022,0.023,-1,Echolocation,/mnt/ubna_data_02_mir/recover-20220922/UBNA_001/20220921_090000.WAV,Telephone Field,recover-20220922,001,1795
167.8945,167.9061,28046,34158,Eptesicus serotinus,0.01,0.023,-1,Echolocation,/mnt/ubna_data_02_mir/recover-20220922/UBNA_001/20220921_090000.WAV,Telephone Field,recover-20220922,001,1795
167.9245,167.9653,68437,82835,Rhinolophus ferrumequinum,0.024,0.024,-1,Echolocation,/mnt/ubna_data_02_mir/recover-20220922/UBNA_001/20220921_090000.WAV,Telephone Field,recover-20220922,001,1795
167.9425,167.9536,28906,35979,Eptesicus serotinus,0.01,0.023,-1,Echolocation,/mnt/ubna_data_02_mir/recover-20220922/UBNA_001/20220921_090000.WAV,Telephone Field,recover-20220922,001,1795
167.9745,167.9855,23750,30463,Nyctalus leisleri,0.015,0.035,-1,Echolocation,/mnt/ubna_data_02_mir/recover-20220922/UBNA_001/20220921_090000.WAV,Telephone Field,recover-20220922,001,1795
168.0015,168.0342,68437,80027,Rhinolophus ferrumequinum,0.028,0.028,-1,Echolocation,/mnt/ubna_data_02_mir/recover-20220922/UBNA_001/20220921_090000.WAV,Telephone Field,recover-20220922,001,1795
168.0015,168.0126,20312,25815,Nyctalus leisleri,0.012,0.033,-1,Echolocation,/mnt/ubna_data_02_mir/recover-20220922/UBNA_001/20220921_090000.WAV,Telephone Field,recover-20220922,001,1795
168.0195,168.0278,28906,37697,Eptesicus serotinus,0.008,0.023,-1,Echolocation,/mnt/ubna_data_02_mir/recover-20220922/UBNA_001/20220921_090000.WAV,Telephone Field,recover-20220922,001,1795
168.0335,168.0733,68437,82267,Rhinolophus ferrumequinum,0.022,0.022,-1,Echolocation,/mnt/ubna_data_02_mir/recover-20220922/UBNA_001/20220921_090000.WAV,Telephone Field,recover-20220922,001,1795
168.0405,168.079,68437,82032,Rhinolophus ferrumequinum,0.022,0.022,-1,Echolocation,/mnt/ubna_data_02_mir/recover-20220922/UBNA_001/20220921_090000.WAV,Telephone Field,recover-20220922,001,1795
168.0565,168.09629999999999,68437,82312,Rhinolophus ferrumequinum,0.022,0.022,-1,Echolocation,/mnt/ubna_data_02_mir/recover-20220922/UBNA_001/20220921_090000.WAV,Telephone Field,recover-20220922,001,1795
168.0825,168.1211,68437,82231,Rhinolophus ferrumequinum,0.028,0.028,-1,Echolocation,/mnt/ubna_data_02_mir/recover-20220922/UBNA_001/20220921_090000.WAV,Telephone Field,recover-20220922,001,1795
168.1035,168.1124,28046,38264,Eptesicus serotinus,0.01,0.026,-1,Echolocation,/mnt/ubna_data_02_mir/recover-20220922/UBNA_001/20220921_090000.WAV,Telephone Field,recover-20220922,001,1795
168.1275,168.1653,68437,82202,Rhinolophus ferrumequinum,0.023,0.023,-1,Echolocation,/mnt/ubna_data_02_mir/recover-20220922/UBNA_001/20220921_090000.WAV,Telephone Field,recover-20220922,001,1795
168.1325,168.1429,22031,27324,Nyctalus leisleri,0.01,0.022,-1,Echolocation,/mnt/ubna_data_02_mir/recover-20220922/UBNA_001/20220921_090000.WAV,Telephone Field,recover-20220922,001,1795
168.1475,168.1937,68437,83865,Rhinolophus ferrumequinum,0.043,0.043,-1,Echolocation,/mnt/ubna_data_02_mir/recover-20220922/UBNA_001/20220921_090000.WAV,Telephone Field,recover-20220922,001,1795
168.1845,168.2237,68437,82436,Rhinolophus ferrumequinum,0.022,0.022,-1,Echolocation,/mnt/ubna_data_02_mir/recover-20220922/UBNA_001/20220921_090000.WAV,Telephone Field,recover-20220922,001,1795
168.1985,168.2377,68437,82853,Rhinolophus ferrumequinum,0.022,0.022,-1,Echolocation,/mnt/ubna_data_02_mir/recover-20220922/UBNA_001/20220921_090000.WAV,Telephone Field,recover-20220922,001,1795
168.2065,168.2178,24609,30688,Nyctalus leisleri,0.01,0.027,-1,Echolocation,/mnt/ubna_data_02_mir/recover-20220922/UBNA_001/20220921_090000.WAV,Telephone Field,recover-20220922,001,1795
168.2195,168.2577,68437,81812,Rhinolophus ferrumequinum,0.023,0.023,-1,Echolocation,/mnt/ubna_data_02_mir/recover-20220922/UBNA_001/20220921_090000.WAV,Telephone Field,recover-20220922,001,1795
168.2545,168.2936,68437,82101,Rhinolophus ferrumequinum,0.03,0.03,-1,Echolocation,/mnt/ubna_data_02_mir/recover-20220922/UBNA_001/20220921_090000.WAV,Telephone Field,recover-20220922,001,1795
168.2635,168.2713,28906,37863,Eptesicus serotinus,0.007,0.021,-1,Echolocation,/mnt/ubna_data_02_mir/recover-20220922/UBNA_001/20220921_090000.WAV,Telephone Field,recover-20220922,001,1795
168.2945,168.3342,68437,82265,Rhinolophus ferrumequinum,0.025,0.025,-1,Echolocation,/mnt/ubna_data_02_mir/recover-20220922/UBNA_001/20220921_090000.WAV,Telephone Field,recover-20220922,001,1795
168.3075,168.3479,68437,82975,Rhinolophus ferrumequinum,0.027,0.027,-1,Echolocation,/mnt/ubna_data_02_mir/recover-20220922/UBNA_001/20220921_090000.WAV,Telephone Field,recover-20220922,001,1795
168.3485,168.3579,28046,36642,Eptesicus serotinus,0.01,0.024,-1,Echolocation,/mnt/ubna_data_02_mir/recover-20220922/UBNA_001/20220921_090000.WAV,Telephone Field,recover-20220922,001,1795
168.3855,168.3938,25468,33708,Eptesicus serotinus,0.007,0.021,-1,Echolocation,/mnt/ubna_data_02_mir/recover-20220922/UBNA_001/20220921_090000.WAV,Telephone Field,recover-20220922,001,1795
168.3865,168.4239,68437,82378,Rhinolophus ferrumequinum,0.022,0.022,-1,Echolocation,/mnt/ubna_data_02_mir/recover-20220922/UBNA_001/20220921_090000.WAV,Telephone Field,recover-20220922,001,1795
168.4035,168.4406,68437,81152,Rhinolophus ferrumequinum,0.024,0.024,-1,Echolocation,/mnt/ubna_data_02_mir/recover-20220922/UBNA_001/20220921_090000.WAV,Telephone Field,recover-20220922,001,1795
168.4135,168.4489,68437,82046,Rhinolophus ferrumequinum,0.023,0.023,-1,Echolocation,/mnt/ubna_data_02_mir/recover-20220922/UBNA_001/20220921_090000.WAV,Telephone Field,recover-20220922,001,1795
168.4335,168.4717,68437,82396,Rhinolophus ferrumequinum,0.022,0.022,-1,Echolocation,/mnt/ubna_data_02_mir/recover-20220922/UBNA_001/20220921_090000.WAV,Telephone Field,recover-20220922,001,1795
168.4595,168.499,68437,82537,Rhinolophus ferrumequinum,0.022,0.022,-1,Echolocation,/mnt/ubna_data_02_mir/recover-20220922/UBNA_001/20220921_090000.WAV,Telephone Field,recover-20220922,001,1795
168.4765,168.5148,68437,83017,Rhinolophus ferrumequinum,0.021,0.021,-1,Echolocation,/mnt/ubna_data_02_mir/recover-20220922/UBNA_001/20220921_090000.WAV,Telephone Field,recover-20220922,001,1795
168.4915,168.5284,68437,81627,Rhinolophus ferrumequinum,0.023,0.023,-1,Echolocation,/mnt/ubna_data_02_mir/recover-20220922/UBNA_001/20220921_090000.WAV,Telephone Field,recover-20220922,001,1795
168.5355,168.5761,68437,82899,Rhinolophus ferrumequinum,0.034,0.034,-1,Echolocation,/mnt/ubna_data_02_mir/recover-20220922/UBNA_001/20220921_090000.WAV,Telephone Field,recover-20220922,001,1795
168.5935,168.6316,68437,82319,Rhinolophus ferrumequinum,0.024,0.024,-1,Echolocation,/mnt/ubna_data_02_mir/recover-20220922/UBNA_001/20220921_090000.WAV,Telephone Field,recover-20220922,001,1795
168.6005,168.6103,37500,45398,Pipistrellus nathusii,0.007,0.023,-1,Echolocation,/mnt/ubna_data_02_mir/recover-20220922/UBNA_001/20220921_090000.WAV,Telephone Field,recover-20220922,001,1795
168.6195,168.6589,68437,82267,Rhinolophus ferrumequinum,0.024,0.024,-1,Echolocation,/mnt/ubna_data_02_mir/recover-20220922/UBNA_001/20220921_090000.WAV,Telephone Field,recover-20220922,001,1795
168.6265,168.6675,68437,82649,Rhinolophus ferrumequinum,0.027,0.027,-1,Echolocation,/mnt/ubna_data_02_mir/recover-20220922/UBNA_001/20220921_090000.WAV,Telephone Field,recover-20220922,001,1795
168.6275,168.6418,15156,21251,Nyctalus noctula,0.019,0.026,-1,Echolocation,/mnt/ubna_data_02_mir/recover-20220922/UBNA_001/20220921_090000.WAV,Telephone Field,recover-20220922,001,1795
168.6595,168.67419999999998,32343,37363,Pipistrellus nathusii,0.018,0.049,-1,Echolocation,/mnt/ubna_data_02_mir/recover-20220922/UBNA_001/20220921_090000.WAV,Telephone Field,recover-20220922,001,1795
168.6835,168.7236,68437,82687,Rhinolophus ferrumequinum,0.022,0.022,-1,Echolocation,/mnt/ubna_data_02_mir/recover-20220922/UBNA_001/20220921_090000.WAV,Telephone Field,recover-20220922,001,1795
168.7175,168.7541,68437,81426,Rhinolophus ferrumequinum,0.022,0.022,-1,Echolocation,/mnt/ubna_data_02_mir/recover-20220922/UBNA_001/20220921_090000.WAV,Telephone Field,recover-20220922,001,1795
168.7405,168.7506,32343,42349,Eptesicus serotinus,0.005,0.022,-1,Echolocation,/mnt/ubna_data_02_mir/recover-20220922/UBNA_001/20220921_090000.WAV,Telephone Field,recover-20220922,001,1795
168.7435,168.78379999999999,68437,83213,Rhinolophus ferrumequinum,0.034,0.034,-1,Echolocation,/mnt/ubna_data_02_mir/recover-20220922/UBNA_001/20220921_090000.WAV,Telephone Field,recover-20220922,001,1795
168.7525,168.7914,68437,82183,Rhinolophus ferrumequinum,0.025,0.025,-1,Echolocation,/mnt/ubna_data_02_mir/recover-20220922/UBNA_001/20220921_090000.WAV,Telephone Field,recover-20220922,001,1795
168.7605,168.8036,68437,82910,Rhinolophus ferrumequinum,0.027,0.027,-1,Echolocation,/mnt/ubna_data_02_mir/recover-20220922/UBNA_001/20220921_090000.WAV,Telephone Field,recover-20220922,001,1795
168.7865,168.824,68437,81325,Rhinolophus ferrumequinum,0.022,0.022,-1,Echolocation,/mnt/ubna_data_02_mir/recover-20220922/UBNA_001/20220921_090000.WAV,Telephone Field,recover-20220922,001,1795
168.7875,168.7959,28046,38828,Eptesicus serotinus,0.01,0.024,-1,Echolocation,/mnt/ubna_data_02_mir/recover-20220922/UBNA_001/20220921_090000.WAV,Telephone Field,recover-20220922,001,1795
168.8065,168.8466,68437,82831,Rhinolophus ferrumequinum,0.021,0.021,-1,Echolocation,/mnt/ubna_data_02_mir/recover-20220922/UBNA_001/20220921_090000.WAV,Telephone Field,recover-20220922,001,1795
168.8155,168.8237,23750,31373,Plecotus austriacus,0.008,0.023,-1,Echolocation,/mnt/ubna_data_02_mir/recover-20220922/UBNA_001/20220921_090000.WAV,Telephone Field,recover-20220922,001,1795
168.8185,168.8572,68437,82534,Rhinolophus ferrumequinum,0.022,0.022,-1,Echolocation,/mnt/ubna_data_02_mir/recover-20220922/UBNA_001/20220921_090000.WAV,Telephone Field,recover-20220922,001,1795
168.8425,168.8537,25468,31756,Eptesicus serotinus,0.012,0.032,-1,Echolocation,/mnt/ubna_data_02_mir/recover-20220922/UBNA_001/20220921_090000.WAV,Telephone Field,recover-20220922,001,1795
168.8425,168.8797,68437,82273,Rhinolophus ferrumequinum,0.021,0.021,-1,Echolocation,/mnt/ubna_data_02_mir/recover-20220922/UBNA_001/20220921_090000.WAV,Telephone Field,recover-20220922,001,1795
168.8615,168.9033,68437,82586,Rhinolophus ferrumequinum,0.025,0.025,-1,Echolocation,/mnt/ubna_data_02_mir/recover-20220922/UBNA_001/20220921_090000.WAV,Telephone Field,recover-20220922,001,1795
168.8715,168.8791,24609,35036,Plecotus austriacus,0.012,0.034,-1,Echolocation,/mnt/ubna_data_02_mir/recover-20220922/UBNA_001/20220921_090000.WAV,Telephone Field,recover-20220922,001,1795
168.8955,168.9326,68437,81174,Rhinolophus ferrumequinum,0.022,0.022,-1,Echolocation,/mnt/ubna_data_02_mir/recover-20220922/UBNA_001/20220921_090000.WAV,Telephone Field,recover-20220922,001,1795
168.9025,168.9359,68437,81415,Rhinolophus ferrumequinum,0.024,0.024,-1,Echolocation,/mnt/ubna_data_02_mir/recover-20220922/UBNA_001/20220921_090000.WAV,Telephone Field,recover-20220922,001,1795
168.9185,168.9572,68437,82170,Rhinolophus ferrumequinum,0.023,0.023,-1,Echolocation,/mnt/ubna_data_02_mir/recover-20220922/UBNA_001/20220921_090000.WAV,Telephone Field,recover-20220922,001,1795
168.9185,168.929,22890,27061,Nyctalus leisleri,0.015,0.025,-1,Echolocation,/mnt/ubna_data_02_mir/recover-20220922/UBNA_001/20220921_090000.WAV,Telephone Field,recover-20220922,001,1795
168.9235,168.9635,68437,82588,Rhinolophus ferrumequinum,0.023,0.024,-1,Echolocation,/mnt/ubna_data_02_mir/recover-20220922/UBNA_001/20220921_090000.WAV,Telephone Field,recover-20220922,001,1795
168.9575,168.9646,28046,40760,Eptesicus serotinus,0.006,0.021,-1,Echolocation,/mnt/ubna_data_02_mir/recover-20220922/UBNA_001/20220921_090000.WAV,Telephone Field,recover-20220922,001,1795
168.9645,169.0008,68437,81999,Rhinolophus ferrumequinum,0.021,0.021,-1,Echolocation,/mnt/ubna_data_02_mir/recover-20220922/UBNA_001/20220921_090000.WAV,Telephone Field,recover-20220922,001,1795
168.9935,169.0328,68437,82021,Rhinolophus ferrumequinum,0.021,0.021,-1,Echolocation,/mnt/ubna_data_02_mir/recover-20220922/UBNA_001/20220921_090000.WAV,Telephone Field,recover-20220922,001,1795
169.01749999999998,169.029,22890,29132,Nyctalus leisleri,0.016,0.04,-1,Echolocation,/mnt/ubna_data_02_mir/recover-20220922/UBNA_001/20220921_090000.WAV,Telephone Field,recover-20220922,001,1795
169.0475,169.0842,68437,81938,Rhinolophus ferrumequinum,0.021,0.021,-1,Echolocation,/mnt/ubna_data_02_mir/recover-20220922/UBNA_001/20220921_090000.WAV,Telephone Field,recover-20220922,001,1795
169.0685,169.1087,68437,82516,Rhinolophus ferrumequinum,0.022,0.022,-1,Echolocation,/mnt/ubna_data_02_mir/recover-20220922/UBNA_001/20220921_090000.WAV,Telephone Field,recover-20220922,001,1795
169.1185,169.1609,68437,82702,Rhinolophus ferrumequinum,0.058,0.058,-1,Echolocation,/mnt/ubna_data_02_mir/recover-20220922/UBNA_001/20220921_090000.WAV,Telephone Field,recover-20220922,001,1795
169.1245,169.1367,28906,35767,Eptesicus serotinus,0.015,0.028,-1,Echolocation,/mnt/ubna_data_02_mir/recover-20220922/UBNA_001/20220921_090000.WAV,Telephone Field,recover-20220922,001,1795
169.16649999999998,169.2037,68437,82113,Rhinolophus ferrumequinum,0.021,0.021,-1,Echolocation,/mnt/ubna_data_02_mir/recover-20220922/UBNA_001/20220921_090000.WAV,Telephone Field,recover-20220922,001,1795
169.1825,169.2233,68437,82680,Rhinolophus ferrumequinum,0.025,0.025,-1,Echolocation,/mnt/ubna_data_02_mir/recover-20220922/UBNA_001/20220921_090000.WAV,Telephone Field,recover-20220922,001,1795
169.2895,169.3304,68437,82170,Rhinolophus ferrumequinum,0.023,0.023,-1,Echolocation,/mnt/ubna_data_02_mir/recover-20220922/UBNA_001/20220921_090000.WAV,Telephone Field,recover-20220922,001,1795
169.2975,169.3103,22890,27867,Nyctalus leisleri,0.014,0.027,-1,Echolocation,/mnt/ubna_data_02_mir/recover-20220922/UBNA_001/20220921_090000.WAV,Telephone Field,recover-20220922,001,1795
169.2975,169.3354,68437,81906,Rhinolophus ferrumequinum,0.022,0.022,-1,Echolocation,/mnt/ubna_data_02_mir/recover-20220922/UBNA_001/20220921_090000.WAV,Telephone Field,recover-20220922,001,1795
169.3145,169.3249,27187,33710,Eptesicus serotinus,0.01,0.021,-1,Echolocation,/mnt/ubna_data_02_mir/recover-20220922/UBNA_001/20220921_090000.WAV,Telephone Field,recover-20220922,001,1795
169.3305,169.3384,31484,41484,Myotis daubentonii,0.007,0.026,-1,Echolocation,/mnt/ubna_data_02_mir/recover-20220922/UBNA_001/20220921_090000.WAV,Telephone Field,recover-20220922,001,1795
169.3325,169.3684,68437,82425,Rhinolophus ferrumequinum,0.021,0.021,-1,Echolocation,/mnt/ubna_data_02_mir/recover-20220922/UBNA_001/20220921_090000.WAV,Telephone Field,recover-20220922,001,1795
169.3515,169.38909999999998,68437,82357,Rhinolophus ferrumequinum,0.025,0.025,-1,Echolocation,/mnt/ubna_data_02_mir/recover-20220922/UBNA_001/20220921_090000.WAV,Telephone Field,recover-20220922,001,1795
169.3635,169.4019,68437,81355,Rhinolophus ferrumequinum,0.024,0.024,-1,Echolocation,/mnt/ubna_data_02_mir/recover-20220922/UBNA_001/20220921_090000.WAV,Telephone Field,recover-20220922,001,1795
169.3875,169.4239,68437,81566,Rhinolophus ferrumequinum,0.025,0.025,-1,Echolocation,/mnt/ubna_data_02_mir/recover-20220922/UBNA_001/20220921_090000.WAV,Telephone Field,recover-20220922,001,1795
169.4565,169.4965,68437,82819,Rhinolophus ferrumequinum,0.03,0.03,-1,Echolocation,/mnt/ubna_data_02_mir/recover-20220922/UBNA_001/20220921_090000.WAV,Telephone Field,recover-20220922,001,1795
169.4685,169.4783,28046,36539,Eptesicus serotinus,0.011,0.024,-1,Echolocation,/mnt/ubna_data_02_mir/recover-20220922/UBNA_001/20220921_090000.WAV,Telephone Field,recover-20220922,001,1795
169.4745,169.5101,68437,80989,Rhinolophus ferrumequinum,0.024,0.024,-1,Echolocation,/mnt/ubna_data_02_mir/recover-20220922/UBNA_001/20220921_090000.WAV,Telephone Field,recover-20220922,001,1795
169.4955,169.5067,28046,35278,Eptesicus serotinus,0.009,0.021,-1,Echolocation,/mnt/ubna_data_02_mir/recover-20220922/UBNA_001/20220921_090000.WAV,Telephone Field,recover-20220922,001,1795
169.4995,169.5155,22890,26640,Nyctalus leisleri,0.012,0.023,-1,Echolocation,/mnt/ubna_data_02_mir/recover-20220922/UBNA_001/20220921_090000.WAV,Telephone Field,recover-20220922,001,1795
169.5665,169.602,68437,81130,Rhinolophus ferrumequinum,0.021,0.021,-1,Echolocation,/mnt/ubna_data_02_mir/recover-20220922/UBNA_001/20220921_090000.WAV,Telephone Field,recover-20220922,001,1795
169.59550000000002,169.6342,68437,82310,Rhinolophus ferrumequinum,0.026,0.026,-1,Echolocation,/mnt/ubna_data_02_mir/recover-20220922/UBNA_001/20220921_090000.WAV,Telephone Field,recover-20220922,001,1795
169.6385,169.648,27187,34452,Eptesicus serotinus,0.015,0.033,-1,Echolocation,/mnt/ubna_data_02_mir/recover-20220922/UBNA_001/20220921_090000.WAV,Telephone Field,recover-20220922,001,1795
169.6815,169.7181,68437,82422,Rhinolophus ferrumequinum,0.021,0.021,-1,Echolocation,/mnt/ubna_data_02_mir/recover-20220922/UBNA_001/20220921_090000.WAV,Telephone Field,recover-20220922,001,1795
169.7025,169.7417,68437,82059,Rhinolophus ferrumequinum,0.021,0.021,-1,Echolocation,/mnt/ubna_data_02_mir/recover-20220922/UBNA_001/20220921_090000.WAV,Telephone Field,recover-20220922,001,1795
169.7225,169.73329999999999,22890,27885,Nyctalus leisleri,0.01,0.021,-1,Echolocation,/mnt/ubna_data_02_mir/recover-20220922/UBNA_001/20220921_090000.WAV,Telephone Field,recover-20220922,001,1795
169.7415,169.7785,68437,82223,Rhinolophus ferrumequinum,0.026,0.026,-1,Echolocation,/mnt/ubna_data_02_mir/recover-20220922/UBNA_001/20220921_090000.WAV,Telephone Field,recover-20220922,001,1795
169.7495,169.7905,68437,82677,Rhinolophus ferrumequinum,0.024,0.024,-1,Echolocation,/mnt/ubna_data_02_mir/recover-20220922/UBNA_001/20220921_090000.WAV,Telephone Field,recover-20220922,001,1795
169.7595,169.7991,68437,82610,Rhinolophus ferrumequinum,0.026,0.026,-1,Echolocation,/mnt/ubna_data_02_mir/recover-20220922/UBNA_001/20220921_090000.WAV,Telephone Field,recover-20220922,001,1795
169.7855,169.8245,68437,82238,Rhinolophus ferrumequinum,0.024,0.024,-1,Echolocation,/mnt/ubna_data_02_mir/recover-20220922/UBNA_001/20220921_090000.WAV,Telephone Field,recover-20220922,001,1795
169.7865,169.8011,38359,41984,Pipistrellus nathusii,0.018,0.026,-1,Echolocation,/mnt/ubna_data_02_mir/recover-20220922/UBNA_001/20220921_090000.WAV,Telephone Field,recover-20220922,001,1795
169.82150000000001,169.8565,68437,81841,Rhinolophus ferrumequinum,0.028,0.028,-1,Echolocation,/mnt/ubna_data_02_mir/recover-20220922/UBNA_001/20220921_090000.WAV,Telephone Field,recover-20220922,001,1795
169.8605,169.9012,68437,82576,Rhinolophus ferrumequinum,0.033,0.033,-1,Echolocation,/mnt/ubna_data_02_mir/recover-20220922/UBNA_001/20220921_090000.WAV,Telephone Field,recover-20220922,001,1795
169.8815,169.919,68437,82236,Rhinolophus ferrumequinum,0.022,0.022,-1,Echolocation,/mnt/ubna_data_02_mir/recover-20220922/UBNA_001/20220921_090000.WAV,Telephone Field,recover-20220922,001,1795
169.9085,169.9436,68437,80963,Rhinolophus ferrumequinum,0.026,0.026,-1,Echolocation,/mnt/ubna_data_02_mir/recover-20220922/UBNA_001/20220921_090000.WAV,Telephone Field,recover-20220922,001,1795
169.9365,169.9457,25468,32578,Eptesicus serotinus,0.008,0.021,-1,Echolocation,/mnt/ubna_data_02_mir/recover-20220922/UBNA_001/20220921_090000.WAV,Telephone Field,recover-20220922,001,1795
169.9375,169.9775,68437,82302,Rhinolophus ferrumequinum,0.025,0.025,-1,Echolocation,/mnt/ubna_data_02_mir/recover-20220922/UBNA_001/20220921_090000.WAV,Telephone Field,recover-20220922,001,1795
169.9425,169.9519,28906,36369,Eptesicus serotinus,0.008,0.022,-1,Echolocation,/mnt/ubna_data_02_mir/recover-20220922/UBNA_001/20220921_090000.WAV,Telephone Field,recover-20220922,001,1795
169.9815,169.9925,22890,28852,Nyctalus leisleri,0.011,0.025,-1,Echolocation,/mnt/ubna_data_02_mir/recover-20220922/UBNA_001/20220921_090000.WAV,Telephone Field,recover-20220922,001,1795
170.0015,170.0111,22031,28406,Nyctalus leisleri,0.013,0.031,-1,Echolocation,/mnt/ubna_data_02_mir/recover-20220922/UBNA_001/20220921_090000.WAV,Telephone Field,recover-20220922,001,1795
170.0015,170.0333,68437,80014,Rhinolophus ferrumequinum,0.032,0.032,-1,Echolocation,/mnt/ubna_data_02_mir/recover-20220922/UBNA_001/20220921_090000.WAV,Telephone Field,recover-20220922,001,1795
170.0085,170.0498,68437,81873,Rhinolophus ferrumequinum,0.024,0.024,-1,Echolocation,/mnt/ubna_data_02_mir/recover-20220922/UBNA_001/20220921_090000.WAV,Telephone Field,recover-20220922,001,1795
170.0315,170.0403,23750,31232,Plecotus austriacus,0.009,0.024,-1,Echolocation,/mnt/ubna_data_02_mir/recover-20220922/UBNA_001/20220921_090000.WAV,Telephone Field,recover-20220922,001,1795
170.0515,170.091,68437,82109,Rhinolophus ferrumequinum,0.023,0.023,-1,Echolocation,/mnt/ubna_data_02_mir/recover-20220922/UBNA_001/20220921_090000.WAV,Telephone Field,recover-20220922,001,1795
170.1325,170.1746,68437,82784,Rhinolophus ferrumequinum,0.024,0.024,-1,Echolocation,/mnt/ubna_data_02_mir/recover-20220922/UBNA_001/20220921_090000.WAV,Telephone Field,recover-20220922,001,1795
170.15449999999998,170.1648,22031,27493,Nyctalus leisleri,0.009,0.022,-1,Echolocation,/mnt/ubna_data_02_mir/recover-20220922/UBNA_001/20220921_090000.WAV,Telephone Field,recover-20220922,001,1795
170.1845,170.2237,68437,81805,Rhinolophus ferrumequinum,0.023,0.023,-1,Echolocation,/mnt/ubna_data_02_mir/recover-20220922/UBNA_001/20220921_090000.WAV,Telephone Field,recover-20220922,001,1795
170.1955,170.20589999999999,22890,27667,Nyctalus leisleri,0.011,0.021,-1,Echolocation,/mnt/ubna_data_02_mir/recover-20220922/UBNA_001/20220921_090000.WAV,Telephone Field,recover-20220922,001,1795
170.2285,170.2381,28906,37191,Eptesicus serotinus,0.009,0.023,-1,Echolocation,/mnt/ubna_data_02_mir/recover-20220922/UBNA_001/20220921_090000.WAV,Telephone Field,recover-20220922,001,1795
170.2345,170.2441,28906,36798,Eptesicus serotinus,0.008,0.021,-1,Echolocation,/mnt/ubna_data_02_mir/recover-20220922/UBNA_001/20220921_090000.WAV,Telephone Field,recover-20220922,001,1795
170.2595,170.29919999999998,68437,82821,Rhinolophus ferrumequinum,0.025,0.025,-1,Echolocation,/mnt/ubna_data_02_mir/recover-20220922/UBNA_001/20220921_090000.WAV,Telephone Field,recover-20220922,001,1795
170.2945,170.3007,33203,43241,Myotis daubentonii,0.015,0.028,-1,Echolocation,/mnt/ubna_data_02_mir/recover-20220922/UBNA_001/20220921_090000.WAV,Telephone Field,recover-20220922,001,1795
170.2965,170.3043,25468,35160,Eptesicus serotinus,0.006,0.024,-1,Echolocation,/mnt/ubna_data_02_mir/recover-20220922/UBNA_001/20220921_090000.WAV,Telephone Field,recover-20220922,001,1795
170.3425,170.3829,68437,82299,Rhinolophus ferrumequinum,0.022,0.022,-1,Echolocation,/mnt/ubna_data_02_mir/recover-20220922/UBNA_001/20220921_090000.WAV,Telephone Field,recover-20220922,001,1795
170.3545,170.3621,28046,36884,Eptesicus serotinus,0.006,0.021,-1,Echolocation,/mnt/ubna_data_02_mir/recover-20220922/UBNA_001/20220921_090000.WAV,Telephone Field,recover-20220922,001,1795
170.3835,170.4221,68437,82124,Rhinolophus ferrumequinum,0.022,0.023,-1,Echolocation,/mnt/ubna_data_02_mir/recover-20220922/UBNA_001/20220921_090000.WAV,Telephone Field,recover-20220922,001,1795
170.4275,170.4349,28046,37729,Eptesicus serotinus,0.009,0.028,-1,Echolocation,/mnt/ubna_data_02_mir/recover-20220922/UBNA_001/20220921_090000.WAV,Telephone Field,recover-20220922,001,1795
170.4305,170.4721,68437,82701,Rhinolophus ferrumequinum,0.027,0.027,-1,Echolocation,/mnt/ubna_data_02_mir/recover-20220922/UBNA_001/20220921_090000.WAV,Telephone Field,recover-20220922,001,1795
170.4805,170.5156,68437,81085,Rhinolophus ferrumequinum,0.024,0.024,-1,Echolocation,/mnt/ubna_data_02_mir/recover-20220922/UBNA_001/20220921_090000.WAV,Telephone Field,recover-20220922,001,1795
170.4865,170.4965,22031,27206,Nyctalus leisleri,0.012,0.025,-1,Echolocation,/mnt/ubna_data_02_mir/recover-20220922/UBNA_001/20220921_090000.WAV,Telephone Field,recover-20220922,001,1795
170.4865,170.4973,28906,34887,Eptesicus serotinus,0.014,0.029,-1,Echolocation,/mnt/ubna_data_02_mir/recover-20220922/UBNA_001/20220921_090000.WAV,Telephone Field,recover-20220922,001,1795
170.4985,170.5392,68437,82776,Rhinolophus ferrumequinum,0.024,0.024,-1,Echolocation,/mnt/ubna_data_02_mir/recover-20220922/UBNA_001/20220921_090000.WAV,Telephone Field,recover-20220922,001,1795
170.5125,170.5543,68437,82850,Rhinolophus ferrumequinum,0.024,0.024,-1,Echolocation,/mnt/ubna_data_02_mir/recover-20220922/UBNA_001/20220921_090000.WAV,Telephone Field,recover-20220922,001,1795
170.54149999999998,170.5512,28046,36512,Eptesicus serotinus,0.01,0.025,-1,Echolocation,/mnt/ubna_data_02_mir/recover-20220922/UBNA_001/20220921_090000.WAV,Telephone Field,recover-20220922,001,1795
170.5505,170.5606,22890,28498,Nyctalus leisleri,0.011,0.024,-1,Echolocation,/mnt/ubna_data_02_mir/recover-20220922/UBNA_001/20220921_090000.WAV,Telephone Field,recover-20220922,001,1795
170.5655,170.5725,28046,38641,Eptesicus serotinus,0.005,0.021,-1,Echolocation,/mnt/ubna_data_02_mir/recover-20220922/UBNA_001/20220921_090000.WAV,Telephone Field,recover-20220922,001,1795
170.5885,170.6269,68437,82159,Rhinolophus ferrumequinum,0.028,0.028,-1,Echolocation,/mnt/ubna_data_02_mir/recover-20220922/UBNA_001/20220921_090000.WAV,Telephone Field,recover-20220922,001,1795
170.5885,170.5957,28046,38174,Eptesicus serotinus,0.006,0.021,-1,Echolocation,/mnt/ubna_data_02_mir/recover-20220922/UBNA_001/20220921_090000.WAV,Telephone Field,recover-20220922,001,1795
170.5975,170.6342,68437,82367,Rhinolophus ferrumequinum,0.025,0.025,-1,Echolocation,/mnt/ubna_data_02_mir/recover-20220922/UBNA_001/20220921_090000.WAV,Telephone Field,recover-20220922,001,1795
170.6035,170.619,23750,28106,Nyctalus leisleri,0.022,0.042,-1,Echolocation,/mnt/ubna_data_02_mir/recover-20220922/UBNA_001/20220921_090000.WAV,Telephone Field,recover-20220922,001,1795
170.6195,170.6564,68437,82014,Rhinolophus ferrumequinum,0.025,0.025,-1,Echolocation,/mnt/ubna_data_02_mir/recover-20220922/UBNA_001/20220921_090000.WAV,Telephone Field,recover-20220922,001,1795
170.6585,170.6964,68437,81936,Rhinolophus ferrumequinum,0.021,0.021,-1,Echolocation,/mnt/ubna_data_02_mir/recover-20220922/UBNA_001/20220921_090000.WAV,Telephone Field,recover-20220922,001,1795
170.7105,170.7468,68437,81291,Rhinolophus ferrumequinum,0.021,0.021,-1,Echolocation,/mnt/ubna_data_02_mir/recover-20220922/UBNA_001/20220921_090000.WAV,Telephone Field,recover-20220922,001,1795
170.7745,170.8156,68437,82980,Rhinolophus ferrumequinum,0.023,0.023,-1,Echolocation,/mnt/ubna_data_02_mir/recover-20220922/UBNA_001/20220921_090000.WAV,Telephone Field,recover-20220922,001,1795
170.7855,170.7993,23750,28415,Nyctalus leisleri,0.021,0.04,-1,Echolocation,/mnt/ubna_data_02_mir/recover-20220922/UBNA_001/20220921_090000.WAV,Telephone Field,recover-20220922,001,1795
170.8295,170.8679,68437,81208,Rhinolophus ferrumequinum,0.026,0.026,-1,Echolocation,/mnt/ubna_data_02_mir/recover-20220922/UBNA_001/20220921_090000.WAV,Telephone Field,recover-20220922,001,1795
170.8865,170.9262,68437,82399,Rhinolophus ferrumequinum,0.021,0.021,-1,Echolocation,/mnt/ubna_data_02_mir/recover-20220922/UBNA_001/20220921_090000.WAV,Telephone Field,recover-20220922,001,1795
170.9105,170.9507,68437,82044,Rhinolophus ferrumequinum,0.027,0.027,-1,Echolocation,/mnt/ubna_data_02_mir/recover-20220922/UBNA_001/20220921_090000.WAV,Telephone Field,recover-20220922,001,1795
170.9655,171.00560000000002,68437,82240,Rhinolophus ferrumequinum,0.024,0.024,-1,Echolocation,/mnt/ubna_data_02_mir/recover-20220922/UBNA_001/20220921_090000.WAV,Telephone Field,recover-20220922,001,1795
170.9775,170.9866,24609,31668,Eptesicus serotinus,0.007,0.021,-1,Echolocation,/mnt/ubna_data_02_mir/recover-20220922/UBNA_001/20220921_090000.WAV,Telephone Field,recover-20220922,001,1795
171.0165,171.0582,68437,83076,Rhinolophus ferrumequinum,0.024,0.024,-1,Echolocation,/mnt/ubna_data_02_mir/recover-20220922/UBNA_001/20220921_090000.WAV,Telephone Field,recover-20220922,001,1795
171.0315,171.0428,28906,34169,Eptesicus serotinus,0.029,0.05,-1,Echolocation,/mnt/ubna_data_02_mir/recover-20220922/UBNA_001/20220921_090000.WAV,Telephone Field,recover-20220922,001,1795
171.0575,171.0985,68437,82414,Rhinolophus ferrumequinum,0.022,0.023,-1,Echolocation,/mnt/ubna_data_02_mir/recover-20220922/UBNA_001/20220921_090000.WAV,Telephone Field,recover-20220922,001,1795
171.1335,171.143,25468,33232,Eptesicus serotinus,0.009,0.023,-1,Echolocation,/mnt/ubna_data_02_mir/recover-20220922/UBNA_001/20220921_090000.WAV,Telephone Field,recover-20220922,001,1795
171.1485,171.1852,68437,81932,Rhinolophus ferrumequinum,0.026,0.026,-1,Echolocation,/mnt/ubna_data_02_mir/recover-20220922/UBNA_001/20220921_090000.WAV,Telephone Field,recover-20220922,001,1795
171.1495,171.159,29765,38116,Eptesicus serotinus,0.008,0.023,-1,Echolocation,/mnt/ubna_data_02_mir/recover-20220922/UBNA_001/20220921_090000.WAV,Telephone Field,recover-20220922,001,1795
171.1705,171.2081,68437,82203,Rhinolophus ferrumequinum,0.023,0.023,-1,Echolocation,/mnt/ubna_data_02_mir/recover-20220922/UBNA_001/20220921_090000.WAV,Telephone Field,recover-20220922,001,1795
171.2595,171.2975,68437,82016,Rhinolophus ferrumequinum,0.02,0.02,-1,Echolocation,/mnt/ubna_data_02_mir/recover-20220922/UBNA_001/20220921_090000.WAV,Telephone Field,recover-20220922,001,1795
171.2625,171.2722,28046,36169,Eptesicus serotinus,0.009,0.021,-1,Echolocation,/mnt/ubna_data_02_mir/recover-20220922/UBNA_001/20220921_090000.WAV,Telephone Field,recover-20220922,001,1795
171.3315,171.341,28046,36415,Eptesicus serotinus,0.01,0.024,-1,Echolocation,/mnt/ubna_data_02_mir/recover-20220922/UBNA_001/20220921_090000.WAV,Telephone Field,recover-20220922,001,1795
171.4145,171.4552,68437,82335,Rhinolophus ferrumequinum,0.021,0.021,-1,Echolocation,/mnt/ubna_data_02_mir/recover-20220922/UBNA_001/20220921_090000.WAV,Telephone Field,recover-20220922,001,1795
171.4295,171.4404,28906,33748,Eptesicus serotinus,0.01,0.026,-1,Echolocation,/mnt/ubna_data_02_mir/recover-20220922/UBNA_001/20220921_090000.WAV,Telephone Field,recover-20220922,001,1795
171.4395,171.4775,68437,82073,Rhinolophus ferrumequinum,0.022,0.022,-1,Echolocation,/mnt/ubna_data_02_mir/recover-20220922/UBNA_001/20220921_090000.WAV,Telephone Field,recover-20220922,001,1795
171.4535,171.4595,28906,40025,Eptesicus serotinus,0.009,0.034,-1,Echolocation,/mnt/ubna_data_02_mir/recover-20220922/UBNA_001/20220921_090000.WAV,Telephone Field,recover-20220922,001,1795
171.4715,171.5099,68437,82129,Rhinolophus ferrumequinum,0.028,0.029,-1,Echolocation,/mnt/ubna_data_02_mir/recover-20220922/UBNA_001/20220921_090000.WAV,Telephone Field,recover-20220922,001,1795
171.4895,171.524,68437,80439,Rhinolophus ferrumequinum,0.026,0.026,-1,Echolocation,/mnt/ubna_data_02_mir/recover-20220922/UBNA_001/20220921_090000.WAV,Telephone Field,recover-20220922,001,1795
171.5185,171.5599,68437,82599,Rhinolophus ferrumequinum,0.025,0.025,-1,Echolocation,/mnt/ubna_data_02_mir/recover-20220922/UBNA_001/20220921_090000.WAV,Telephone Field,recover-20220922,001,1795
171.5595,171.5975,68437,81909,Rhinolophus ferrumequinum,0.021,0.021,-1,Echolocation,/mnt/ubna_data_02_mir/recover-20220922/UBNA_001/20220921_090000.WAV,Telephone Field,recover-20220922,001,1795
171.5805,171.6196,68437,82623,Rhinolophus ferrumequinum,0.027,0.027,-1,Echolocation,/mnt/ubna_data_02_mir/recover-20220922/UBNA_001/20220921_090000.WAV,Telephone Field,recover-20220922,001,1795
171.5945,171.6356,68437,82899,Rhinolophus ferrumequinum,0.027,0.027,-1,Echolocation,/mnt/ubna_data_02_mir/recover-20220922/UBNA_001/20220921_090000.WAV,Telephone Field,recover-20220922,001,1795
171.6235,171.6616,68437,81807,Rhinolophus ferrumequinum,0.022,0.022,-1,Echolocation,/mnt/ubna_data_02_mir/recover-20220922/UBNA_001/20220921_090000.WAV,Telephone Field,recover-20220922,001,1795
171.6325,171.6414,23750,31039,Nyctalus leisleri,0.007,0.021,-1,Echolocation,/mnt/ubna_data_02_mir/recover-20220922/UBNA_001/20220921_090000.WAV,Telephone Field,recover-20220922,001,1795
171.6435,171.6787,68437,81470,Rhinolophus ferrumequinum,0.021,0.021,-1,Echolocation,/mnt/ubna_data_02_mir/recover-20220922/UBNA_001/20220921_090000.WAV,Telephone Field,recover-20220922,001,1795
171.6535,171.692,68437,82405,Rhinolophus ferrumequinum,0.023,0.023,-1,Echolocation,/mnt/ubna_data_02_mir/recover-20220922/UBNA_001/20220921_090000.WAV,Telephone Field,recover-20220922,001,1795
171.6625,171.6843,16015,18787,Nyctalus noctula,0.014,0.024,-1,Echolocation,/mnt/ubna_data_02_mir/recover-20220922/UBNA_001/20220921_090000.WAV,Telephone Field,recover-20220922,001,1795
171.6915,171.7001,27187,36992,Eptesicus serotinus,0.008,0.02,-1,Echolocation,/mnt/ubna_data_02_mir/recover-20220922/UBNA_001/20220921_090000.WAV,Telephone Field,recover-20220922,001,1795
171.6945,171.7326,68437,82216,Rhinolophus ferrumequinum,0.021,0.022,-1,Echolocation,/mnt/ubna_data_02_mir/recover-20220922/UBNA_001/20220921_090000.WAV,Telephone Field,recover-20220922,001,1795
171.7065,171.7185,14296,19739,Nyctalus noctula,0.011,0.02,-1,Echolocation,/mnt/ubna_data_02_mir/recover-20220922/UBNA_001/20220921_090000.WAV,Telephone Field,recover-20220922,001,1795
171.7185,171.762,68437,83198,Rhinolophus ferrumequinum,0.035,0.035,-1,Echolocation,/mnt/ubna_data_02_mir/recover-20220922/UBNA_001/20220921_090000.WAV,Telephone Field,recover-20220922,001,1795
171.7835,171.8242,68437,82886,Rhinolophus ferrumequinum,0.03,0.03,-1,Echolocation,/mnt/ubna_data_02_mir/recover-20220922/UBNA_001/20220921_090000.WAV,Telephone Field,recover-20220922,001,1795
171.79149999999998,171.8324,68437,82611,Rhinolophus ferrumequinum,0.023,0.023,-1,Echolocation,/mnt/ubna_data_02_mir/recover-20220922/UBNA_001/20220921_090000.WAV,Telephone Field,recover-20220922,001,1795
171.8155,171.8245,28046,37830,Eptesicus serotinus,0.009,0.022,-1,Echolocation,/mnt/ubna_data_02_mir/recover-20220922/UBNA_001/20220921_090000.WAV,Telephone Field,recover-20220922,001,1795
171.8365,171.8724,68437,82086,Rhinolophus ferrumequinum,0.021,0.021,-1,Echolocation,/mnt/ubna_data_02_mir/recover-20220922/UBNA_001/20220921_090000.WAV,Telephone Field,recover-20220922,001,1795
171.8595,171.8677,27187,35031,Eptesicus serotinus,0.014,0.033,-1,Echolocation,/mnt/ubna_data_02_mir/recover-20220922/UBNA_001/20220921_090000.WAV,Telephone Field,recover-20220922,001,1795
171.9175,171.9553,68437,81652,Rhinolophus ferrumequinum,0.024,0.024,-1,Echolocation,/mnt/ubna_data_02_mir/recover-20220922/UBNA_001/20220921_090000.WAV,Telephone Field,recover-20220922,001,1795
171.92849999999999,171.9395,22031,26650,Nyctalus leisleri,0.011,0.021,-1,Echolocation,/mnt/ubna_data_02_mir/recover-20220922/UBNA_001/20220921_090000.WAV,Telephone Field,recover-20220922,001,1795
171.92849999999999,171.9641,68437,81433,Rhinolophus ferrumequinum,0.028,0.028,-1,Echolocation,/mnt/ubna_data_02_mir/recover-20220922/UBNA_001/20220921_090000.WAV,Telephone Field,recover-20220922,001,1795
171.9535,171.9933,68437,82259,Rhinolophus ferrumequinum,0.027,0.027,-1,Echolocation,/mnt/ubna_data_02_mir/recover-20220922/UBNA_001/20220921_090000.WAV,Telephone Field,recover-20220922,001,1795
172.0015,172.0327,68437,80099,Rhinolophus ferrumequinum,0.056,0.056,-1,Echolocation,/mnt/ubna_data_02_mir/recover-20220922/UBNA_001/20220921_090000.WAV,Telephone Field,recover-20220922,001,1795
172.0015,172.01760000000002,56406,63384,Pipistrellus pygmaeus,0.021,0.023,-1,Echolocation,/mnt/ubna_data_02_mir/recover-20220922/UBNA_001/20220921_090000.WAV,Telephone Field,recover-20220922,001,1795
172.0015,172.0119,47812,54729,Pipistrellus pipistrellus,0.014,0.021,-1,Echolocation,/mnt/ubna_data_02_mir/recover-20220922/UBNA_001/20220921_090000.WAV,Telephone Field,recover-20220922,001,1795
172.0015,172.0105,27187,34431,Eptesicus serotinus,0.013,0.037,-1,Echolocation,/mnt/ubna_data_02_mir/recover-20220922/UBNA_001/20220921_090000.WAV,Telephone Field,recover-20220922,001,1795
172.0095,172.05270000000002,68437,82629,Rhinolophus ferrumequinum,0.024,0.024,-1,Echolocation,/mnt/ubna_data_02_mir/recover-20220922/UBNA_001/20220921_090000.WAV,Telephone Field,recover-20220922,001,1795
172.0505,172.0918,68437,82151,Rhinolophus ferrumequinum,0.023,0.023,-1,Echolocation,/mnt/ubna_data_02_mir/recover-20220922/UBNA_001/20220921_090000.WAV,Telephone Field,recover-20220922,001,1795
172.0545,172.0627,45234,50264,Pipistrellus pipistrellus,0.024,0.026,-1,Echolocation,/mnt/ubna_data_02_mir/recover-20220922/UBNA_001/20220921_090000.WAV,Telephone Field,recover-20220922,001,1795
172.0795,172.1182,68437,81868,Rhinolophus ferrumequinum,0.021,0.021,-1,Echolocation,/mnt/ubna_data_02_mir/recover-20220922/UBNA_001/20220921_090000.WAV,Telephone Field,recover-20220922,001,1795
172.1155,172.1532,68437,81979,Rhinolophus ferrumequinum,0.021,0.021,-1,Echolocation,/mnt/ubna_data_02_mir/recover-20220922/UBNA_001/20220921_090000.WAV,Telephone Field,recover-20220922,001,1795
172.1195,172.1285,28046,40979,Eptesicus serotinus,0.009,0.022,-1,Echolocation,/mnt/ubna_data_02_mir/recover-20220922/UBNA_001/20220921_090000.WAV,Telephone Field,recover-20220922,001,1795
172.1265,172.1429,15156,19861,Nyctalus noctula,0.043,0.057,-1,Echolocation,/mnt/ubna_data_02_mir/recover-20220922/UBNA_001/20220921_090000.WAV,Telephone Field,recover-20220922,001,1795
172.1365,172.1766,68437,82706,Rhinolophus ferrumequinum,0.025,0.025,-1,Echolocation,/mnt/ubna_data_02_mir/recover-20220922/UBNA_001/20220921_090000.WAV,Telephone Field,recover-20220922,001,1795
172.1595,172.1683,28046,39390,Eptesicus serotinus,0.008,0.022,-1,Echolocation,/mnt/ubna_data_02_mir/recover-20220922/UBNA_001/20220921_090000.WAV,Telephone Field,recover-20220922,001,1795
172.2095,172.2463,68437,81578,Rhinolophus ferrumequinum,0.025,0.025,-1,Echolocation,/mnt/ubna_data_02_mir/recover-20220922/UBNA_001/20220921_090000.WAV,Telephone Field,recover-20220922,001,1795
172.2175,172.2531,68437,81452,Rhinolophus ferrumequinum,0.021,0.021,-1,Echolocation,/mnt/ubna_data_02_mir/recover-20220922/UBNA_001/20220921_090000.WAV,Telephone Field,recover-20220922,001,1795
172.2705,172.3117,68437,82547,Rhinolophus ferrumequinum,0.024,0.024,-1,Echolocation,/mnt/ubna_data_02_mir/recover-20220922/UBNA_001/20220921_090000.WAV,Telephone Field,recover-20220922,001,1795
172.3025,172.3415,68437,82400,Rhinolophus ferrumequinum,0.022,0.022,-1,Echolocation,/mnt/ubna_data_02_mir/recover-20220922/UBNA_001/20220921_090000.WAV,Telephone Field,recover-20220922,001,1795
172.3375,172.3768,68437,81913,Rhinolophus ferrumequinum,0.024,0.024,-1,Echolocation,/mnt/ubna_data_02_mir/recover-20220922/UBNA_001/20220921_090000.WAV,Telephone Field,recover-20220922,001,1795
172.3445,172.3826,68437,81890,Rhinolophus ferrumequinum,0.023,0.023,-1,Echolocation,/mnt/ubna_data_02_mir/recover-20220922/UBNA_001/20220921_090000.WAV,Telephone Field,recover-20220922,001,1795
172.3515,172.38830000000002,68437,81933,Rhinolophus ferrumequinum,0.022,0.022,-1,Echolocation,/mnt/ubna_data_02_mir/recover-20220922/UBNA_001/20220921_090000.WAV,Telephone Field,recover-20220922,001,1795
172.3705,172.4097,68437,81822,Rhinolophus ferrumequinum,0.023,0.023,-1,Echolocation,/mnt/ubna_data_02_mir/recover-20220922/UBNA_001/20220921_090000.WAV,Telephone Field,recover-20220922,001,1795
172.4105,172.4499,68437,81992,Rhinolophus ferrumequinum,0.022,0.022,-1,Echolocation,/mnt/ubna_data_02_mir/recover-20220922/UBNA_001/20220921_090000.WAV,Telephone Field,recover-20220922,001,1795
172.41649999999998,172.4366,19453,22748,Nyctalus leisleri,0.021,0.041,-1,Echolocation,/mnt/ubna_data_02_mir/recover-20220922/UBNA_001/20220921_090000.WAV,Telephone Field,recover-20220922,001,1795
172.45850000000002,172.5007,68437,82933,Rhinolophus ferrumequinum,0.024,0.024,-1,Echolocation,/mnt/ubna_data_02_mir/recover-20220922/UBNA_001/20220921_090000.WAV,Telephone Field,recover-20220922,001,1795
172.4715,172.4806,23750,30764,Nyctalus leisleri,0.008,0.026,-1,Echolocation,/mnt/ubna_data_02_mir/recover-20220922/UBNA_001/20220921_090000.WAV,Telephone Field,recover-20220922,001,1795
172.4775,172.5151,68437,81896,Rhinolophus ferrumequinum,0.021,0.021,-1,Echolocation,/mnt/ubna_data_02_mir/recover-20220922/UBNA_001/20220921_090000.WAV,Telephone Field,recover-20220922,001,1795
172.4975,172.5386,68437,82519,Rhinolophus ferrumequinum,0.022,0.022,-1,Echolocation,/mnt/ubna_data_02_mir/recover-20220922/UBNA_001/20220921_090000.WAV,Telephone Field,recover-20220922,001,1795
172.5065,172.5446,68437,81958,Rhinolophus ferrumequinum,0.021,0.021,-1,Echolocation,/mnt/ubna_data_02_mir/recover-20220922/UBNA_001/20220921_090000.WAV,Telephone Field,recover-20220922,001,1795
172.5155,172.5548,68437,82320,Rhinolophus ferrumequinum,0.023,0.023,-1,Echolocation,/mnt/ubna_data_02_mir/recover-20220922/UBNA_001/20220921_090000.WAV,Telephone Field,recover-20220922,001,1795
172.5305,172.5686,68437,81518,Rhinolophus ferrumequinum,0.021,0.021,-1,Echolocation,/mnt/ubna_data_02_mir/recover-20220922/UBNA_001/20220921_090000.WAV,Telephone Field,recover-20220922,001,1795
172.5735,172.6111,68437,81776,Rhinolophus ferrumequinum,0.021,0.021,-1,Echolocation,/mnt/ubna_data_02_mir/recover-20220922/UBNA_001/20220921_090000.WAV,Telephone Field,recover-20220922,001,1795
172.6025,172.6446,68437,82378,Rhinolophus ferrumequinum,0.023,0.023,-1,Echolocation,/mnt/ubna_data_02_mir/recover-20220922/UBNA_001/20220921_090000.WAV,Telephone Field,recover-20220922,001,1795
172.6035,172.6264,17734,21160,Nyctalus noctula,0.015,0.024,-1,Echolocation,/mnt/ubna_data_02_mir/recover-20220922/UBNA_001/20220921_090000.WAV,Telephone Field,recover-20220922,001,1795
172.6055,172.6158,57265,61892,Pipistrellus pygmaeus,0.035,0.036,-1,Echolocation,/mnt/ubna_data_02_mir/recover-20220922/UBNA_001/20220921_090000.WAV,Telephone Field,recover-20220922,001,1795
172.6275,172.67000000000002,68437,82081,Rhinolophus ferrumequinum,0.026,0.026,-1,Echolocation,/mnt/ubna_data_02_mir/recover-20220922/UBNA_001/20220921_090000.WAV,Telephone Field,recover-20220922,001,1795
172.6525,172.662,28906,37137,Eptesicus serotinus,0.008,0.021,-1,Echolocation,/mnt/ubna_data_02_mir/recover-20220922/UBNA_001/20220921_090000.WAV,Telephone Field,recover-20220922,001,1795
172.6935,172.73,68437,81493,Rhinolophus ferrumequinum,0.023,0.023,-1,Echolocation,/mnt/ubna_data_02_mir/recover-20220922/UBNA_001/20220921_090000.WAV,Telephone Field,recover-20220922,001,1795
172.7015,172.70929999999998,28046,39587,Eptesicus serotinus,0.007,0.023,-1,Echolocation,/mnt/ubna_data_02_mir/recover-20220922/UBNA_001/20220921_090000.WAV,Telephone Field,recover-20220922,001,1795
172.7095,172.7459,68437,81010,Rhinolophus ferrumequinum,0.022,0.022,-1,Echolocation,/mnt/ubna_data_02_mir/recover-20220922/UBNA_001/20220921_090000.WAV,Telephone Field,recover-20220922,001,1795
172.7625,172.8007,68437,81646,Rhinolophus ferrumequinum,0.022,0.022,-1,Echolocation,/mnt/ubna_data_02_mir/recover-20220922/UBNA_001/20220921_090000.WAV,Telephone Field,recover-20220922,001,1795
172.7775,172.8176,68437,81913,Rhinolophus ferrumequinum,0.044,0.044,-1,Echolocation,/mnt/ubna_data_02_mir/recover-20220922/UBNA_001/20220921_090000.WAV,Telephone Field,recover-20220922,001,1795
172.7785,172.7866,28046,37707,Eptesicus serotinus,0.009,0.023,-1,Echolocation,/mnt/ubna_data_02_mir/recover-20220922/UBNA_001/20220921_090000.WAV,Telephone Field,recover-20220922,001,1795
172.8175,172.8543,68437,80849,Rhinolophus ferrumequinum,0.022,0.022,-1,Echolocation,/mnt/ubna_data_02_mir/recover-20220922/UBNA_001/20220921_090000.WAV,Telephone Field,recover-20220922,001,1795
172.85750000000002,172.90030000000002,68437,82582,Rhinolophus ferrumequinum,0.043,0.043,-1,Echolocation,/mnt/ubna_data_02_mir/recover-20220922/UBNA_001/20220921_090000.WAV,Telephone Field,recover-20220922,001,1795
172.8835,172.9257,68437,83411,Rhinolophus ferrumequinum,0.032,0.032,-1,Echolocation,/mnt/ubna_data_02_mir/recover-20220922/UBNA_001/20220921_090000.WAV,Telephone Field,recover-20220922,001,1795
172.90449999999998,172.9142,28046,35770,Eptesicus serotinus,0.009,0.025,-1,Echolocation,/mnt/ubna_data_02_mir/recover-20220922/UBNA_001/20220921_090000.WAV,Telephone Field,recover-20220922,001,1795
172.9355,172.9728,68437,81285,Rhinolophus ferrumequinum,0.022,0.023,-1,Echolocation,/mnt/ubna_data_02_mir/recover-20220922/UBNA_001/20220921_090000.WAV,Telephone Field,recover-20220922,001,1795
172.9425,172.9802,68437,81611,Rhinolophus ferrumequinum,0.021,0.021,-1,Echolocation,/mnt/ubna_data_02_mir/recover-20220922/UBNA_001/20220921_090000.WAV,Telephone Field,recover-20220922,001,1795
172.9615,173.0034,68437,82903,Rhinolophus ferrumequinum,0.024,0.024,-1,Echolocation,/mnt/ubna_data_02_mir/recover-20220922/UBNA_001/20220921_090000.WAV,Telephone Field,recover-20220922,001,1795
172.9665,172.9765,28906,37331,Eptesicus serotinus,0.011,0.026,-1,Echolocation,/mnt/ubna_data_02_mir/recover-20220922/UBNA_001/20220921_090000.WAV,Telephone Field,recover-20220922,001,1795
172.9715,173.0117,68437,82344,Rhinolophus ferrumequinum,0.021,0.021,-1,Echolocation,/mnt/ubna_data_02_mir/recover-20220922/UBNA_001/20220921_090000.WAV,Telephone Field,recover-20220922,001,1795
172.9765,172.9889,22031,25855,Nyctalus leisleri,0.014,0.025,-1,Echolocation,/mnt/ubna_data_02_mir/recover-20220922/UBNA_001/20220921_090000.WAV,Telephone Field,recover-20220922,001,1795
173.0285,173.03719999999998,26328,37789,Eptesicus serotinus,0.008,0.023,-1,Echolocation,/mnt/ubna_data_02_mir/recover-20220922/UBNA_001/20220921_090000.WAV,Telephone Field,recover-20220922,001,1795
173.0635,173.1009,68437,81927,Rhinolophus ferrumequinum,0.021,0.021,-1,Echolocation,/mnt/ubna_data_02_mir/recover-20220922/UBNA_001/20220921_090000.WAV,Telephone Field,recover-20220922,001,1795
173.1275,173.1688,68437,82752,Rhinolophus ferrumequinum,0.021,0.021,-1,Echolocation,/mnt/ubna_data_02_mir/recover-20220922/UBNA_001/20220921_090000.WAV,Telephone Field,recover-20220922,001,1795
173.1605,173.1726,14296,19869,Nyctalus noctula,0.022,0.038,-1,Echolocation,/mnt/ubna_data_02_mir/recover-20220922/UBNA_001/20220921_090000.WAV,Telephone Field,recover-20220922,001,1795
173.1915,173.233,68437,82675,Rhinolophus ferrumequinum,0.031,0.031,-1,Echolocation,/mnt/ubna_data_02_mir/recover-20220922/UBNA_001/20220921_090000.WAV,Telephone Field,recover-20220922,001,1795
173.2685,173.3082,68437,82545,Rhinolophus ferrumequinum,0.025,0.025,-1,Echolocation,/mnt/ubna_data_02_mir/recover-20220922/UBNA_001/20220921_090000.WAV,Telephone Field,recover-20220922,001,1795
173.2825,173.2921,26328,33662,Eptesicus serotinus,0.011,0.027,-1,Echolocation,/mnt/ubna_data_02_mir/recover-20220922/UBNA_001/20220921_090000.WAV,Telephone Field,recover-20220922,001,1795
173.2835,173.3247,68437,82615,Rhinolophus ferrumequinum,0.028,0.028,-1,Echolocation,/mnt/ubna_data_02_mir/recover-20220922/UBNA_001/20220921_090000.WAV,Telephone Field,recover-20220922,001,1795
173.3205,173.3303,44375,49113,Pipistrellus pipistrellus,0.02,0.023,-1,Echolocation,/mnt/ubna_data_02_mir/recover-20220922/UBNA_001/20220921_090000.WAV,Telephone Field,recover-20220922,001,1795
173.3605,173.3999,68437,82459,Rhinolophus ferrumequinum,0.022,0.022,-1,Echolocation,/mnt/ubna_data_02_mir/recover-20220922/UBNA_001/20220921_090000.WAV,Telephone Field,recover-20220922,001,1795
173.3735,173.4135,68437,82140,Rhinolophus ferrumequinum,0.021,0.021,-1,Echolocation,/mnt/ubna_data_02_mir/recover-20220922/UBNA_001/20220921_090000.WAV,Telephone Field,recover-20220922,001,1795
173.4025,173.443,68437,82421,Rhinolophus ferrumequinum,0.022,0.022,-1,Echolocation,/mnt/ubna_data_02_mir/recover-20220922/UBNA_001/20220921_090000.WAV,Telephone Field,recover-20220922,001,1795
173.4385,173.4501,22890,27942,Nyctalus leisleri,0.012,0.023,-1,Echolocation,/mnt/ubna_data_02_mir/recover-20220922/UBNA_001/20220921_090000.WAV,Telephone Field,recover-20220922,001,1795
173.4445,173.4853,68437,82522,Rhinolophus ferrumequinum,0.021,0.021,-1,Echolocation,/mnt/ubna_data_02_mir/recover-20220922/UBNA_001/20220921_090000.WAV,Telephone Field,recover-20220922,001,1795
173.4495,173.4913,68437,82393,Rhinolophus ferrumequinum,0.021,0.021,-1,Echolocation,/mnt/ubna_data_02_mir/recover-20220922/UBNA_001/20220921_090000.WAV,Telephone Field,recover-20220922,001,1795
173.4735,173.511,68437,81098,Rhinolophus ferrumequinum,0.022,0.022,-1,Echolocation,/mnt/ubna_data_02_mir/recover-20220922/UBNA_001/20220921_090000.WAV,Telephone Field,recover-20220922,001,1795
173.5195,173.5588,68437,82412,Rhinolophus ferrumequinum,0.021,0.021,-1,Echolocation,/mnt/ubna_data_02_mir/recover-20220922/UBNA_001/20220921_090000.WAV,Telephone Field,recover-20220922,001,1795
173.5255,173.5648,68437,82210,Rhinolophus ferrumequinum,0.021,0.021,-1,Echolocation,/mnt/ubna_data_02_mir/recover-20220922/UBNA_001/20220921_090000.WAV,Telephone Field,recover-20220922,001,1795
173.5385,173.5463,46093,49514,Pipistrellus pipistrellus,0.042,0.043,-1,Echolocation,/mnt/ubna_data_02_mir/recover-20220922/UBNA_001/20220921_090000.WAV,Telephone Field,recover-20220922,001,1795
173.5485,173.5853,68437,81273,Rhinolophus ferrumequinum,0.023,0.023,-1,Echolocation,/mnt/ubna_data_02_mir/recover-20220922/UBNA_001/20220921_090000.WAV,Telephone Field,recover-20220922,001,1795
173.5775,173.6153,68437,81468,Rhinolophus ferrumequinum,0.025,0.025,-1,Echolocation,/mnt/ubna_data_02_mir/recover-20220922/UBNA_001/20220921_090000.WAV,Telephone Field,recover-20220922,001,1795
173.5925,173.6296,68437,81474,Rhinolophus ferrumequinum,0.023,0.023,-1,Echolocation,/mnt/ubna_data_02_mir/recover-20220922/UBNA_001/20220921_090000.WAV,Telephone Field,recover-20220922,001,1795
173.6335,173.67340000000002,68437,82756,Rhinolophus ferrumequinum,0.03,0.03,-1,Echolocation,/mnt/ubna_data_02_mir/recover-20220922/UBNA_001/20220921_090000.WAV,Telephone Field,recover-20220922,001,1795
173.6515,173.691,68437,81819,Rhinolophus ferrumequinum,0.023,0.023,-1,Echolocation,/mnt/ubna_data_02_mir/recover-20220922/UBNA_001/20220921_090000.WAV,Telephone Field,recover-20220922,001,1795
173.7355,173.746,28046,35810,Eptesicus serotinus,0.01,0.021,-1,Echolocation,/mnt/ubna_data_02_mir/recover-20220922/UBNA_001/20220921_090000.WAV,Telephone Field,recover-20220922,001,1795
173.7495,173.7898,68437,81682,Rhinolophus ferrumequinum,0.022,0.022,-1,Echolocation,/mnt/ubna_data_02_mir/recover-20220922/UBNA_001/20220921_090000.WAV,Telephone Field,recover-20220922,001,1795
173.7575,173.7951,68437,81266,Rhinolophus ferrumequinum,0.022,0.022,-1,Echolocation,/mnt/ubna_data_02_mir/recover-20220922/UBNA_001/20220921_090000.WAV,Telephone Field,recover-20220922,001,1795
173.79149999999998,173.8054,53828,57348,Pipistrellus pygmaeus,0.019,0.022,-1,Echolocation,/mnt/ubna_data_02_mir/recover-20220922/UBNA_001/20220921_090000.WAV,Telephone Field,recover-20220922,001,1795
173.8075,173.8451,68437,81055,Rhinolophus ferrumequinum,0.024,0.024,-1,Echolocation,/mnt/ubna_data_02_mir/recover-20220922/UBNA_001/20220921_090000.WAV,Telephone Field,recover-20220922,001,1795
173.8265,173.86860000000001,68437,82803,Rhinolophus ferrumequinum,0.029,0.029,-1,Echolocation,/mnt/ubna_data_02_mir/recover-20220922/UBNA_001/20220921_090000.WAV,Telephone Field,recover-20220922,001,1795
173.8535,173.8913,68437,81584,Rhinolophus ferrumequinum,0.021,0.021,-1,Echolocation,/mnt/ubna_data_02_mir/recover-20220922/UBNA_001/20220921_090000.WAV,Telephone Field,recover-20220922,001,1795
173.8795,173.921,68437,82676,Rhinolophus ferrumequinum,0.034,0.034,-1,Echolocation,/mnt/ubna_data_02_mir/recover-20220922/UBNA_001/20220921_090000.WAV,Telephone Field,recover-20220922,001,1795
173.8995,173.9389,68437,81767,Rhinolophus ferrumequinum,0.022,0.022,-1,Echolocation,/mnt/ubna_data_02_mir/recover-20220922/UBNA_001/20220921_090000.WAV,Telephone Field,recover-20220922,001,1795
173.9195,173.9576,68437,81765,Rhinolophus ferrumequinum,0.021,0.021,-1,Echolocation,/mnt/ubna_data_02_mir/recover-20220922/UBNA_001/20220921_090000.WAV,Telephone Field,recover-20220922,001,1795
173.9595,173.99790000000002,68437,81911,Rhinolophus ferrumequinum,0.021,0.021,-1,Echolocation,/mnt/ubna_data_02_mir/recover-20220922/UBNA_001/20220921_090000.WAV,Telephone Field,recover-20220922,001,1795
174.0015,174.0087,47812,55207,Pipistrellus pipistrellus,0.021,0.026,-1,Echolocation,/mnt/ubna_data_02_mir/recover-20220922/UBNA_001/20220921_090000.WAV,Telephone Field,recover-20220922,001,1795
174.0015,174.0095,25468,36413,Eptesicus serotinus,0.006,0.026,-1,Echolocation,/mnt/ubna_data_02_mir/recover-20220922/UBNA_001/20220921_090000.WAV,Telephone Field,recover-20220922,001,1795
174.0015,174.0347,68437,79560,Rhinolophus ferrumequinum,0.028,0.028,-1,Echolocation,/mnt/ubna_data_02_mir/recover-20220922/UBNA_001/20220921_090000.WAV,Telephone Field,recover-20220922,001,1795
174.0085,174.0497,68437,81947,Rhinolophus ferrumequinum,0.024,0.024,-1,Echolocation,/mnt/ubna_data_02_mir/recover-20220922/UBNA_001/20220921_090000.WAV,Telephone Field,recover-20220922,001,1795
174.0515,174.0575,28046,44570,Myotis daubentonii,0.01,0.036,-1,Echolocation,/mnt/ubna_data_02_mir/recover-20220922/UBNA_001/20220921_090000.WAV,Telephone Field,recover-20220922,001,1795
174.0655,174.0724,50390,54874,Pipistrellus pipistrellus,0.028,0.031,-1,Echolocation,/mnt/ubna_data_02_mir/recover-20220922/UBNA_001/20220921_090000.WAV,Telephone Field,recover-20220922,001,1795
174.0735,174.1116,68437,81040,Rhinolophus ferrumequinum,0.023,0.023,-1,Echolocation,/mnt/ubna_data_02_mir/recover-20220922/UBNA_001/20220921_090000.WAV,Telephone Field,recover-20220922,001,1795
174.1005,174.1399,68437,80985,Rhinolophus ferrumequinum,0.027,0.027,-1,Echolocation,/mnt/ubna_data_02_mir/recover-20220922/UBNA_001/20220921_090000.WAV,Telephone Field,recover-20220922,001,1795
174.1025,174.1091,33203,44162,Myotis daubentonii,0.015,0.045,-1,Echolocation,/mnt/ubna_data_02_mir/recover-20220922/UBNA_001/20220921_090000.WAV,Telephone Field,recover-20220922,001,1795
174.1325,174.1412,45234,49149,Pipistrellus pipistrellus,0.02,0.022,-1,Echolocation,/mnt/ubna_data_02_mir/recover-20220922/UBNA_001/20220921_090000.WAV,Telephone Field,recover-20220922,001,1795
174.1615,174.1696,25468,34642,Eptesicus serotinus,0.018,0.057,-1,Echolocation,/mnt/ubna_data_02_mir/recover-20220922/UBNA_001/20220921_090000.WAV,Telephone Field,recover-20220922,001,1795
174.1645,174.1981,68437,81398,Rhinolophus ferrumequinum,0.022,0.022,-1,Echolocation,/mnt/ubna_data_02_mir/recover-20220922/UBNA_001/20220921_090000.WAV,Telephone Field,recover-20220922,001,1795
174.17849999999999,174.1889,23750,30051,Nyctalus leisleri,0.01,0.025,-1,Echolocation,/mnt/ubna_data_02_mir/recover-20220922/UBNA_001/20220921_090000.WAV,Telephone Field,recover-20220922,001,1795
174.2005,174.2081,28046,38982,Eptesicus serotinus,0.007,0.024,-1,Echolocation,/mnt/ubna_data_02_mir/recover-20220922/UBNA_001/20220921_090000.WAV,Telephone Field,recover-20220922,001,1795
174.2155,174.2279,24609,31399,Eptesicus serotinus,0.019,0.047,-1,Echolocation,/mnt/ubna_data_02_mir/recover-20220922/UBNA_001/20220921_090000.WAV,Telephone Field,recover-20220922,001,1795
174.2195,174.2619,68437,82733,Rhinolophus ferrumequinum,0.027,0.027,-1,Echolocation,/mnt/ubna_data_02_mir/recover-20220922/UBNA_001/20220921_090000.WAV,Telephone Field,recover-20220922,001,1795
174.2355,174.2741,68437,82137,Rhinolophus ferrumequinum,0.022,0.022,-1,Echolocation,/mnt/ubna_data_02_mir/recover-20220922/UBNA_001/20220921_090000.WAV,Telephone Field,recover-20220922,001,1795
174.2495,174.2562,23750,33265,Plecotus austriacus,0.013,0.027,-1,Echolocation,/mnt/ubna_data_02_mir/recover-20220922/UBNA_001/20220921_090000.WAV,Telephone Field,recover-20220922,001,1795
174.2615,174.3037,68437,82872,Rhinolophus ferrumequinum,0.028,0.028,-1,Echolocation,/mnt/ubna_data_02_mir/recover-20220922/UBNA_001/20220921_090000.WAV,Telephone Field,recover-20220922,001,1795
174.2755,174.2826,28046,36812,Eptesicus serotinus,0.008,0.024,-1,Echolocation,/mnt/ubna_data_02_mir/recover-20220922/UBNA_001/20220921_090000.WAV,Telephone Field,recover-20220922,001,1795
174.27949999999998,174.31810000000002,68437,81737,Rhinolophus ferrumequinum,0.022,0.022,-1,Echolocation,/mnt/ubna_data_02_mir/recover-20220922/UBNA_001/20220921_090000.WAV,Telephone Field,recover-20220922,001,1795
174.2875,174.2936,50390,56608,Pipistrellus pipistrellus,0.021,0.022,-1,Echolocation,/mnt/ubna_data_02_mir/recover-20220922/UBNA_001/20220921_090000.WAV,Telephone Field,recover-20220922,001,1795
174.2895,174.32920000000001,68437,82720,Rhinolophus ferrumequinum,0.026,0.026,-1,Echolocation,/mnt/ubna_data_02_mir/recover-20220922/UBNA_001/20220921_090000.WAV,Telephone Field,recover-20220922,001,1795
174.2935,174.3034,23750,30416,Nyctalus leisleri,0.008,0.023,-1,Echolocation,/mnt/ubna_data_02_mir/recover-20220922/UBNA_001/20220921_090000.WAV,Telephone Field,recover-20220922,001,1795
174.2995,174.3096,28046,35108,Eptesicus serotinus,0.009,0.024,-1,Echolocation,/mnt/ubna_data_02_mir/recover-20220922/UBNA_001/20220921_090000.WAV,Telephone Field,recover-20220922,001,1795
174.30349999999999,174.3425,68437,81515,Rhinolophus ferrumequinum,0.022,0.022,-1,Echolocation,/mnt/ubna_data_02_mir/recover-20220922/UBNA_001/20220921_090000.WAV,Telephone Field,recover-20220922,001,1795
174.3105,174.3188,28046,38967,Eptesicus serotinus,0.007,0.022,-1,Echolocation,/mnt/ubna_data_02_mir/recover-20220922/UBNA_001/20220921_090000.WAV,Telephone Field,recover-20220922,001,1795
174.3235,174.3646,68437,82554,Rhinolophus ferrumequinum,0.024,0.024,-1,Echolocation,/mnt/ubna_data_02_mir/recover-20220922/UBNA_001/20220921_090000.WAV,Telephone Field,recover-20220922,001,1795
174.34550000000002,174.3851,68437,82024,Rhinolophus ferrumequinum,0.022,0.022,-1,Echolocation,/mnt/ubna_data_02_mir/recover-20220922/UBNA_001/20220921_090000.WAV,Telephone Field,recover-20220922,001,1795
174.3855,174.425,68437,82470,Rhinolophus ferrumequinum,0.023,0.023,-1,Echolocation,/mnt/ubna_data_02_mir/recover-20220922/UBNA_001/20220921_090000.WAV,Telephone Field,recover-20220922,001,1795
174.4015,174.4371,68437,81374,Rhinolophus ferrumequinum,0.021,0.021,-1,Echolocation,/mnt/ubna_data_02_mir/recover-20220922/UBNA_001/20220921_090000.WAV,Telephone Field,recover-20220922,001,1795
174.4115,174.4198,28046,37935,Eptesicus serotinus,0.01,0.024,-1,Echolocation,/mnt/ubna_data_02_mir/recover-20220922/UBNA_001/20220921_090000.WAV,Telephone Field,recover-20220922,001,1795
174.4275,174.466,68437,81686,Rhinolophus ferrumequinum,0.023,0.023,-1,Echolocation,/mnt/ubna_data_02_mir/recover-20220922/UBNA_001/20220921_090000.WAV,Telephone Field,recover-20220922,001,1795
174.4315,174.4407,23750,31985,Plecotus austriacus,0.008,0.026,-1,Echolocation,/mnt/ubna_data_02_mir/recover-20220922/UBNA_001/20220921_090000.WAV,Telephone Field,recover-20220922,001,1795
174.5045,174.5122,28906,37738,Eptesicus serotinus,0.007,0.022,-1,Echolocation,/mnt/ubna_data_02_mir/recover-20220922/UBNA_001/20220921_090000.WAV,Telephone Field,recover-20220922,001,1795
174.5125,174.5486,68437,81819,Rhinolophus ferrumequinum,0.021,0.021,-1,Echolocation,/mnt/ubna_data_02_mir/recover-20220922/UBNA_001/20220921_090000.WAV,Telephone Field,recover-20220922,001,1795
174.5575,174.5676,22890,28424,Nyctalus leisleri,0.008,0.021,-1,Echolocation,/mnt/ubna_data_02_mir/recover-20220922/UBNA_001/20220921_090000.WAV,Telephone Field,recover-20220922,001,1795
174.5575,174.5968,68437,81961,Rhinolophus ferrumequinum,0.022,0.022,-1,Echolocation,/mnt/ubna_data_02_mir/recover-20220922/UBNA_001/20220921_090000.WAV,Telephone Field,recover-20220922,001,1795
174.5795,174.6165,68437,81783,Rhinolophus ferrumequinum,0.024,0.024,-1,Echolocation,/mnt/ubna_data_02_mir/recover-20220922/UBNA_001/20220921_090000.WAV,Telephone Field,recover-20220922,001,1795
174.6055,174.6452,68437,82364,Rhinolophus ferrumequinum,0.025,0.025,-1,Echolocation,/mnt/ubna_data_02_mir/recover-20220922/UBNA_001/20220921_090000.WAV,Telephone Field,recover-20220922,001,1795
174.6495,174.6866,68437,81034,Rhinolophus ferrumequinum,0.022,0.022,-1,Echolocation,/mnt/ubna_data_02_mir/recover-20220922/UBNA_001/20220921_090000.WAV,Telephone Field,recover-20220922,001,1795
174.6795,174.7185,68437,82070,Rhinolophus ferrumequinum,0.022,0.022,-1,Echolocation,/mnt/ubna_data_02_mir/recover-20220922/UBNA_001/20220921_090000.WAV,Telephone Field,recover-20220922,001,1795
174.6905,174.7039,22890,26450,Nyctalus leisleri,0.024,0.038,-1,Echolocation,/mnt/ubna_data_02_mir/recover-20220922/UBNA_001/20220921_090000.WAV,Telephone Field,recover-20220922,001,1795
174.7455,174.7843,68437,82139,Rhinolophus ferrumequinum,0.023,0.023,-1,Echolocation,/mnt/ubna_data_02_mir/recover-20220922/UBNA_001/20220921_090000.WAV,Telephone Field,recover-20220922,001,1795
174.76749999999998,174.7767,51250,56928,Pipistrellus pipistrellus,0.016,0.022,-1,Echolocation,/mnt/ubna_data_02_mir/recover-20220922/UBNA_001/20220921_090000.WAV,Telephone Field,recover-20220922,001,1795
174.8105,174.8493,68437,82024,Rhinolophus ferrumequinum,0.026,0.026,-1,Echolocation,/mnt/ubna_data_02_mir/recover-20220922/UBNA_001/20220921_090000.WAV,Telephone Field,recover-20220922,001,1795
174.8315,174.8376,28046,42644,Eptesicus serotinus,0.007,0.028,-1,Echolocation,/mnt/ubna_data_02_mir/recover-20220922/UBNA_001/20220921_090000.WAV,Telephone Field,recover-20220922,001,1795
174.8435,174.8833,68437,82271,Rhinolophus ferrumequinum,0.026,0.026,-1,Echolocation,/mnt/ubna_data_02_mir/recover-20220922/UBNA_001/20220921_090000.WAV,Telephone Field,recover-20220922,001,1795
174.8725,174.9097,68437,81721,Rhinolophus ferrumequinum,0.025,0.025,-1,Echolocation,/mnt/ubna_data_02_mir/recover-20220922/UBNA_001/20220921_090000.WAV,Telephone Field,recover-20220922,001,1795
174.8775,174.8852,28046,41282,Eptesicus serotinus,0.008,0.023,-1,Echolocation,/mnt/ubna_data_02_mir/recover-20220922/UBNA_001/20220921_090000.WAV,Telephone Field,recover-20220922,001,1795
174.8865,174.8963,28046,35867,Eptesicus serotinus,0.012,0.026,-1,Echolocation,/mnt/ubna_data_02_mir/recover-20220922/UBNA_001/20220921_090000.WAV,Telephone Field,recover-20220922,001,1795
174.8905,174.9046,22031,26511,Nyctalus leisleri,0.016,0.03,-1,Echolocation,/mnt/ubna_data_02_mir/recover-20220922/UBNA_001/20220921_090000.WAV,Telephone Field,recover-20220922,001,1795
174.9245,174.9323,28046,42531,Eptesicus serotinus,0.008,0.024,-1,Echolocation,/mnt/ubna_data_02_mir/recover-20220922/UBNA_001/20220921_090000.WAV,Telephone Field,recover-20220922,001,1795
174.9425,174.98239999999998,68437,82329,Rhinolophus ferrumequinum,0.024,0.024,-1,Echolocation,/mnt/ubna_data_02_mir/recover-20220922/UBNA_001/20220921_090000.WAV,Telephone Field,recover-20220922,001,1795
174.9505,174.9629,14296,20610,Nyctalus noctula,0.013,0.022,-1,Echolocation,/mnt/ubna_data_02_mir/recover-20220922/UBNA_001/20220921_090000.WAV,Telephone Field,recover-20220922,001,1795
174.9555,174.9966,68437,82410,Rhinolophus ferrumequinum,0.022,0.022,-1,Echolocation,/mnt/ubna_data_02_mir/recover-20220922/UBNA_001/20220921_090000.WAV,Telephone Field,recover-20220922,001,1795
174.9775,175.017,68437,82715,Rhinolophus ferrumequinum,0.026,0.026,-1,Echolocation,/mnt/ubna_data_02_mir/recover-20220922/UBNA_001/20220921_090000.WAV,Telephone Field,recover-20220922,001,1795
174.9795,174.9894,43515,49817,Pipistrellus pipistrellus,0.015,0.023,-1,Echolocation,/mnt/ubna_data_02_mir/recover-20220922/UBNA_001/20220921_090000.WAV,Telephone Field,recover-20220922,001,1795
175.0335,175.0428,28046,36800,Eptesicus serotinus,0.01,0.025,-1,Echolocation,/mnt/ubna_data_02_mir/recover-20220922/UBNA_001/20220921_090000.WAV,Telephone Field,recover-20220922,001,1795
175.0455,175.0847,68437,82696,Rhinolophus ferrumequinum,0.022,0.022,-1,Echolocation,/mnt/ubna_data_02_mir/recover-20220922/UBNA_001/20220921_090000.WAV,Telephone Field,recover-20220922,001,1795
175.0635,175.10320000000002,68437,82251,Rhinolophus ferrumequinum,0.023,0.023,-1,Echolocation,/mnt/ubna_data_02_mir/recover-20220922/UBNA_001/20220921_090000.WAV,Telephone Field,recover-20220922,001,1795
175.0995,175.11,14296,21904,Nyctalus noctula,0.015,0.03,-1,Echolocation,/mnt/ubna_data_02_mir/recover-20220922/UBNA_001/20220921_090000.WAV,Telephone Field,recover-20220922,001,1795
175.1025,175.11,27187,36421,Eptesicus serotinus,0.01,0.027,-1,Echolocation,/mnt/ubna_data_02_mir/recover-20220922/UBNA_001/20220921_090000.WAV,Telephone Field,recover-20220922,001,1795
175.1205,175.163,68437,82661,Rhinolophus ferrumequinum,0.031,0.031,-1,Echolocation,/mnt/ubna_data_02_mir/recover-20220922/UBNA_001/20220921_090000.WAV,Telephone Field,recover-20220922,001,1795
175.1445,175.1532,22031,29156,Plecotus austriacus,0.015,0.031,-1,Echolocation,/mnt/ubna_data_02_mir/recover-20220922/UBNA_001/20220921_090000.WAV,Telephone Field,recover-20220922,001,1795
175.1455,175.1883,68437,82690,Rhinolophus ferrumequinum,0.027,0.027,-1,Echolocation,/mnt/ubna_data_02_mir/recover-20220922/UBNA_001/20220921_090000.WAV,Telephone Field,recover-20220922,001,1795
175.1895,175.2262,68437,81785,Rhinolophus ferrumequinum,0.021,0.021,-1,Echolocation,/mnt/ubna_data_02_mir/recover-20220922/UBNA_001/20220921_090000.WAV,Telephone Field,recover-20220922,001,1795
175.20850000000002,175.2443,68437,82176,Rhinolophus ferrumequinum,0.022,0.022,-1,Echolocation,/mnt/ubna_data_02_mir/recover-20220922/UBNA_001/20220921_090000.WAV,Telephone Field,recover-20220922,001,1795
175.2515,175.2635,28046,35262,Eptesicus serotinus,0.014,0.028,-1,Echolocation,/mnt/ubna_data_02_mir/recover-20220922/UBNA_001/20220921_090000.WAV,Telephone Field,recover-20220922,001,1795
175.3275,175.3714,68437,83154,Rhinolophus ferrumequinum,0.028,0.028,-1,Echolocation,/mnt/ubna_data_02_mir/recover-20220922/UBNA_001/20220921_090000.WAV,Telephone Field,recover-20220922,001,1795
175.3585,175.3664,24609,32751,Plecotus austriacus,0.007,0.027,-1,Echolocation,/mnt/ubna_data_02_mir/recover-20220922/UBNA_001/20220921_090000.WAV,Telephone Field,recover-20220922,001,1795
175.3635,175.4019,68437,81670,Rhinolophus ferrumequinum,0.025,0.025,-1,Echolocation,/mnt/ubna_data_02_mir/recover-20220922/UBNA_001/20220921_090000.WAV,Telephone Field,recover-20220922,001,1795
175.3975,175.4349,68437,81654,Rhinolophus ferrumequinum,0.021,0.021,-1,Echolocation,/mnt/ubna_data_02_mir/recover-20220922/UBNA_001/20220921_090000.WAV,Telephone Field,recover-20220922,001,1795
175.40449999999998,175.414,27187,36174,Eptesicus serotinus,0.008,0.021,-1,Echolocation,/mnt/ubna_data_02_mir/recover-20220922/UBNA_001/20220921_090000.WAV,Telephone Field,recover-20220922,001,1795
175.4055,175.4434,68437,81906,Rhinolophus ferrumequinum,0.022,0.022,-1,Echolocation,/mnt/ubna_data_02_mir/recover-20220922/UBNA_001/20220921_090000.WAV,Telephone Field,recover-20220922,001,1795
175.4135,175.4553,68437,82626,Rhinolophus ferrumequinum,0.022,0.022,-1,Echolocation,/mnt/ubna_data_02_mir/recover-20220922/UBNA_001/20220921_090000.WAV,Telephone Field,recover-20220922,001,1795
175.4695,175.5068,68437,82228,Rhinolophus ferrumequinum,0.033,0.033,-1,Echolocation,/mnt/ubna_data_02_mir/recover-20220922/UBNA_001/20220921_090000.WAV,Telephone Field,recover-20220922,001,1795
175.4765,175.5126,68437,82167,Rhinolophus ferrumequinum,0.022,0.023,-1,Echolocation,/mnt/ubna_data_02_mir/recover-20220922/UBNA_001/20220921_090000.WAV,Telephone Field,recover-20220922,001,1795
175.4945,175.5009,25468,34799,Plecotus austriacus,0.007,0.022,-1,Echolocation,/mnt/ubna_data_02_mir/recover-20220922/UBNA_001/20220921_090000.WAV,Telephone Field,recover-20220922,001,1795
175.52949999999998,175.5423,22890,26859,Nyctalus leisleri,0.016,0.028,-1,Echolocation,/mnt/ubna_data_02_mir/recover-20220922/UBNA_001/20220921_090000.WAV,Telephone Field,recover-20220922,001,1795
175.5465,175.587,68437,83021,Rhinolophus ferrumequinum,0.031,0.031,-1,Echolocation,/mnt/ubna_data_02_mir/recover-20220922/UBNA_001/20220921_090000.WAV,Telephone Field,recover-20220922,001,1795
175.5495,175.57,18593,21526,Nyctalus noctula,0.013,0.024,-1,Echolocation,/mnt/ubna_data_02_mir/recover-20220922/UBNA_001/20220921_090000.WAV,Telephone Field,recover-20220922,001,1795
175.58350000000002,175.5911,26328,37942,Eptesicus serotinus,0.009,0.026,-1,Echolocation,/mnt/ubna_data_02_mir/recover-20220922/UBNA_001/20220921_090000.WAV,Telephone Field,recover-20220922,001,1795
175.58350000000002,175.5992,15156,19845,Nyctalus noctula,0.02,0.03,-1,Echolocation,/mnt/ubna_data_02_mir/recover-20220922/UBNA_001/20220921_090000.WAV,Telephone Field,recover-20220922,001,1795
175.5975,175.6379,68437,82311,Rhinolophus ferrumequinum,0.027,0.027,-1,Echolocation,/mnt/ubna_data_02_mir/recover-20220922/UBNA_001/20220921_090000.WAV,Telephone Field,recover-20220922,001,1795
175.6375,175.6759,68437,82087,Rhinolophus ferrumequinum,0.022,0.022,-1,Echolocation,/mnt/ubna_data_02_mir/recover-20220922/UBNA_001/20220921_090000.WAV,Telephone Field,recover-20220922,001,1795
175.6595,175.6954,68437,81549,Rhinolophus ferrumequinum,0.022,0.022,-1,Echolocation,/mnt/ubna_data_02_mir/recover-20220922/UBNA_001/20220921_090000.WAV,Telephone Field,recover-20220922,001,1795
175.6755,175.6844,28046,37726,Eptesicus serotinus,0.009,0.022,-1,Echolocation,/mnt/ubna_data_02_mir/recover-20220922/UBNA_001/20220921_090000.WAV,Telephone Field,recover-20220922,001,1795
175.6845,175.6927,28046,40657,Eptesicus serotinus,0.008,0.024,-1,Echolocation,/mnt/ubna_data_02_mir/recover-20220922/UBNA_001/20220921_090000.WAV,Telephone Field,recover-20220922,001,1795
175.6925,175.7313,68437,82387,Rhinolophus ferrumequinum,0.023,0.024,-1,Echolocation,/mnt/ubna_data_02_mir/recover-20220922/UBNA_001/20220921_090000.WAV,Telephone Field,recover-20220922,001,1795
175.6985,175.7074,25468,33865,Eptesicus serotinus,0.01,0.025,-1,Echolocation,/mnt/ubna_data_02_mir/recover-20220922/UBNA_001/20220921_090000.WAV,Telephone Field,recover-20220922,001,1795
175.7275,175.7656,68437,81152,Rhinolophus ferrumequinum,0.026,0.026,-1,Echolocation,/mnt/ubna_data_02_mir/recover-20220922/UBNA_001/20220921_090000.WAV,Telephone Field,recover-20220922,001,1795
175.7475,175.7687,16875,20111,Nyctalus noctula,0.031,0.045,-1,Echolocation,/mnt/ubna_data_02_mir/recover-20220922/UBNA_001/20220921_090000.WAV,Telephone Field,recover-20220922,001,1795
175.7975,175.8397,68437,82252,Rhinolophus ferrumequinum,0.024,0.024,-1,Echolocation,/mnt/ubna_data_02_mir/recover-20220922/UBNA_001/20220921_090000.WAV,Telephone Field,recover-20220922,001,1795
175.8155,175.8283,22031,26495,Nyctalus leisleri,0.013,0.028,-1,Echolocation,/mnt/ubna_data_02_mir/recover-20220922/UBNA_001/20220921_090000.WAV,Telephone Field,recover-20220922,001,1795
175.9255,175.96699999999998,68437,83121,Rhinolophus ferrumequinum,0.059,0.059,-1,Echolocation,/mnt/ubna_data_02_mir/recover-20220922/UBNA_001/20220921_090000.WAV,Telephone Field,recover-20220922,001,1795
175.9455,175.9577,22031,26518,Nyctalus leisleri,0.012,0.024,-1,Echolocation,/mnt/ubna_data_02_mir/recover-20220922/UBNA_001/20220921_090000.WAV,Telephone Field,recover-20220922,001,1795
175.98250000000002,175.9883,46953,59041,Pipistrellus pipistrellus,0.007,0.022,-1,Echolocation,/mnt/ubna_data_02_mir/recover-20220922/UBNA_001/20220921_090000.WAV,Telephone Field,recover-20220922,001,1795
175.9875,175.9963,28046,40308,Eptesicus serotinus,0.01,0.024,-1,Echolocation,/mnt/ubna_data_02_mir/recover-20220922/UBNA_001/20220921_090000.WAV,Telephone Field,recover-20220922,001,1795
176.0015,176.0102,26328,34968,Nyctalus leisleri,0.007,0.027,-1,Echolocation,/mnt/ubna_data_02_mir/recover-20220922/UBNA_001/20220921_090000.WAV,Telephone Field,recover-20220922,001,1795
176.0015,176.0316,69296,81426,Rhinolophus ferrumequinum,0.025,0.025,-1,Echolocation,/mnt/ubna_data_02_mir/recover-20220922/UBNA_001/20220921_090000.WAV,Telephone Field,recover-20220922,001,1795
176.0365,176.07319999999999,68437,81026,Rhinolophus ferrumequinum,0.022,0.022,-1,Echolocation,/mnt/ubna_data_02_mir/recover-20220922/UBNA_001/20220921_090000.WAV,Telephone Field,recover-20220922,001,1795
176.0925,176.1334,68437,82552,Rhinolophus ferrumequinum,0.03,0.03,-1,Echolocation,/mnt/ubna_data_02_mir/recover-20220922/UBNA_001/20220921_090000.WAV,Telephone Field,recover-20220922,001,1795
176.1095,176.1492,68437,82067,Rhinolophus ferrumequinum,0.025,0.025,-1,Echolocation,/mnt/ubna_data_02_mir/recover-20220922/UBNA_001/20220921_090000.WAV,Telephone Field,recover-20220922,001,1795
176.1335,176.1723,68437,81497,Rhinolophus ferrumequinum,0.023,0.023,-1,Echolocation,/mnt/ubna_data_02_mir/recover-20220922/UBNA_001/20220921_090000.WAV,Telephone Field,recover-20220922,001,1795
176.1385,176.1758,68437,81732,Rhinolophus ferrumequinum,0.023,0.023,-1,Echolocation,/mnt/ubna_data_02_mir/recover-20220922/UBNA_001/20220921_090000.WAV,Telephone Field,recover-20220922,001,1795
176.1415,176.1479,27187,40365,Eptesicus serotinus,0.006,0.026,-1,Echolocation,/mnt/ubna_data_02_mir/recover-20220922/UBNA_001/20220921_090000.WAV,Telephone Field,recover-20220922,001,1795
176.1575,176.1681,27187,35168,Eptesicus serotinus,0.01,0.024,-1,Echolocation,/mnt/ubna_data_02_mir/recover-20220922/UBNA_001/20220921_090000.WAV,Telephone Field,recover-20220922,001,1795
176.1805,176.1991,20312,23056,Nyctalus leisleri,0.021,0.035,-1,Echolocation,/mnt/ubna_data_02_mir/recover-20220922/UBNA_001/20220921_090000.WAV,Telephone Field,recover-20220922,001,1795
176.2175,176.2588,68437,82882,Rhinolophus ferrumequinum,0.023,0.023,-1,Echolocation,/mnt/ubna_data_02_mir/recover-20220922/UBNA_001/20220921_090000.WAV,Telephone Field,recover-20220922,001,1795
176.2705,176.3095,68437,81981,Rhinolophus ferrumequinum,0.022,0.022,-1,Echolocation,/mnt/ubna_data_02_mir/recover-20220922/UBNA_001/20220921_090000.WAV,Telephone Field,recover-20220922,001,1795
176.3015,176.345,68437,83016,Rhinolophus ferrumequinum,0.058,0.058,-1,Echolocation,/mnt/ubna_data_02_mir/recover-20220922/UBNA_001/20220921_090000.WAV,Telephone Field,recover-20220922,001,1795
176.3085,176.3164,28046,39331,Eptesicus serotinus,0.009,0.026,-1,Echolocation,/mnt/ubna_data_02_mir/recover-20220922/UBNA_001/20220921_090000.WAV,Telephone Field,recover-20220922,001,1795
176.3735,176.4135,68437,82241,Rhinolophus ferrumequinum,0.022,0.022,-1,Echolocation,/mnt/ubna_data_02_mir/recover-20220922/UBNA_001/20220921_090000.WAV,Telephone Field,recover-20220922,001,1795
176.3845,176.4255,68437,81383,Rhinolophus ferrumequinum,0.022,0.022,-1,Echolocation,/mnt/ubna_data_02_mir/recover-20220922/UBNA_001/20220921_090000.WAV,Telephone Field,recover-20220922,001,1795
176.3975,176.4381,68437,82517,Rhinolophus ferrumequinum,0.03,0.031,-1,Echolocation,/mnt/ubna_data_02_mir/recover-20220922/UBNA_001/20220921_090000.WAV,Telephone Field,recover-20220922,001,1795
176.4235,176.4622,68437,81932,Rhinolophus ferrumequinum,0.022,0.022,-1,Echolocation,/mnt/ubna_data_02_mir/recover-20220922/UBNA_001/20220921_090000.WAV,Telephone Field,recover-20220922,001,1795
176.4555,176.4668,26328,33517,Eptesicus serotinus,0.013,0.027,-1,Echolocation,/mnt/ubna_data_02_mir/recover-20220922/UBNA_001/20220921_090000.WAV,Telephone Field,recover-20220922,001,1795
176.4945,176.5351,68437,82478,Rhinolophus ferrumequinum,0.029,0.029,-1,Echolocation,/mnt/ubna_data_02_mir/recover-20220922/UBNA_001/20220921_090000.WAV,Telephone Field,recover-20220922,001,1795
176.5165,176.5266,28906,35471,Eptesicus serotinus,0.01,0.025,-1,Echolocation,/mnt/ubna_data_02_mir/recover-20220922/UBNA_001/20220921_090000.WAV,Telephone Field,recover-20220922,001,1795
176.5485,176.5858,68437,82240,Rhinolophus ferrumequinum,0.027,0.027,-1,Echolocation,/mnt/ubna_data_02_mir/recover-20220922/UBNA_001/20220921_090000.WAV,Telephone Field,recover-20220922,001,1795
176.5595,176.5993,68437,82122,Rhinolophus ferrumequinum,0.022,0.023,-1,Echolocation,/mnt/ubna_data_02_mir/recover-20220922/UBNA_001/20220921_090000.WAV,Telephone Field,recover-20220922,001,1795
176.5655,176.5765,22890,27301,Nyctalus leisleri,0.012,0.022,-1,Echolocation,/mnt/ubna_data_02_mir/recover-20220922/UBNA_001/20220921_090000.WAV,Telephone Field,recover-20220922,001,1795
176.5825,176.6212,68437,82025,Rhinolophus ferrumequinum,0.023,0.023,-1,Echolocation,/mnt/ubna_data_02_mir/recover-20220922/UBNA_001/20220921_090000.WAV,Telephone Field,recover-20220922,001,1795
176.5935,176.6332,68437,82297,Rhinolophus ferrumequinum,0.025,0.025,-1,Echolocation,/mnt/ubna_data_02_mir/recover-20220922/UBNA_001/20220921_090000.WAV,Telephone Field,recover-20220922,001,1795
176.6105,176.6462,68437,81138,Rhinolophus ferrumequinum,0.022,0.022,-1,Echolocation,/mnt/ubna_data_02_mir/recover-20220922/UBNA_001/20220921_090000.WAV,Telephone Field,recover-20220922,001,1795
176.6385,176.6472,55546,60224,Pipistrellus pygmaeus,0.022,0.023,-1,Echolocation,/mnt/ubna_data_02_mir/recover-20220922/UBNA_001/20220921_090000.WAV,Telephone Field,recover-20220922,001,1795
176.6585,176.70080000000002,68437,82902,Rhinolophus ferrumequinum,0.034,0.034,-1,Echolocation,/mnt/ubna_data_02_mir/recover-20220922/UBNA_001/20220921_090000.WAV,Telephone Field,recover-20220922,001,1795
176.6845,176.7242,68437,82198,Rhinolophus ferrumequinum,0.029,0.029,-1,Echolocation,/mnt/ubna_data_02_mir/recover-20220922/UBNA_001/20220921_090000.WAV,Telephone Field,recover-20220922,001,1795
176.6885,176.6966,23750,31835,Plecotus austriacus,0.009,0.023,-1,Echolocation,/mnt/ubna_data_02_mir/recover-20220922/UBNA_001/20220921_090000.WAV,Telephone Field,recover-20220922,001,1795
176.7015,176.7107,25468,33373,Eptesicus serotinus,0.008,0.023,-1,Echolocation,/mnt/ubna_data_02_mir/recover-20220922/UBNA_001/20220921_090000.WAV,Telephone Field,recover-20220922,001,1795
176.7345,176.7452,23750,29698,Nyctalus leisleri,0.01,0.023,-1,Echolocation,/mnt/ubna_data_02_mir/recover-20220922/UBNA_001/20220921_090000.WAV,Telephone Field,recover-20220922,001,1795
176.7955,176.8397,68437,83214,Rhinolophus ferrumequinum,0.037,0.037,-1,Echolocation,/mnt/ubna_data_02_mir/recover-20220922/UBNA_001/20220921_090000.WAV,Telephone Field,recover-20220922,001,1795
176.8025,176.8201,22031,27035,Nyctalus noctula,0.051,0.115,-1,Echolocation,/mnt/ubna_data_02_mir/recover-20220922/UBNA_001/20220921_090000.WAV,Telephone Field,recover-20220922,001,1795
176.8225,176.8305,28046,39103,Eptesicus serotinus,0.007,0.022,-1,Echolocation,/mnt/ubna_data_02_mir/recover-20220922/UBNA_001/20220921_090000.WAV,Telephone Field,recover-20220922,001,1795
176.8385,176.8435,40937,52839,Myotis daubentonii,0.006,0.023,-1,Echolocation,/mnt/ubna_data_02_mir/recover-20220922/UBNA_001/20220921_090000.WAV,Telephone Field,recover-20220922,001,1795
176.8695,176.905,68437,80843,Rhinolophus ferrumequinum,0.024,0.024,-1,Echolocation,/mnt/ubna_data_02_mir/recover-20220922/UBNA_001/20220921_090000.WAV,Telephone Field,recover-20220922,001,1795
176.8965,176.9314,68437,80066,Rhinolophus ferrumequinum,0.026,0.026,-1,Echolocation,/mnt/ubna_data_02_mir/recover-20220922/UBNA_001/20220921_090000.WAV,Telephone Field,recover-20220922,001,1795
176.9215,176.9296,47812,52195,Pipistrellus pipistrellus,0.026,0.029,-1,Echolocation,/mnt/ubna_data_02_mir/recover-20220922/UBNA_001/20220921_090000.WAV,Telephone Field,recover-20220922,001,1795
176.9245,176.96280000000002,68437,81523,Rhinolophus ferrumequinum,0.026,0.026,-1,Echolocation,/mnt/ubna_data_02_mir/recover-20220922/UBNA_001/20220921_090000.WAV,Telephone Field,recover-20220922,001,1795
176.9515,176.9916,68437,82627,Rhinolophus ferrumequinum,0.022,0.022,-1,Echolocation,/mnt/ubna_data_02_mir/recover-20220922/UBNA_001/20220921_090000.WAV,Telephone Field,recover-20220922,001,1795
176.95850000000002,176.9993,68437,82680,Rhinolophus ferrumequinum,0.023,0.023,-1,Echolocation,/mnt/ubna_data_02_mir/recover-20220922/UBNA_001/20220921_090000.WAV,Telephone Field,recover-20220922,001,1795
176.9595,176.9718,22890,28214,Nyctalus leisleri,0.015,0.03,-1,Echolocation,/mnt/ubna_data_02_mir/recover-20220922/UBNA_001/20220921_090000.WAV,Telephone Field,recover-20220922,001,1795
176.9995,177.043,68437,82784,Rhinolophus ferrumequinum,0.026,0.026,-1,Echolocation,/mnt/ubna_data_02_mir/recover-20220922/UBNA_001/20220921_090000.WAV,Telephone Field,recover-20220922,001,1795
177.0315,177.0388,30625,48034,Myotis daubentonii,0.009,0.022,-1,Echolocation,/mnt/ubna_data_02_mir/recover-20220922/UBNA_001/20220921_090000.WAV,Telephone Field,recover-20220922,001,1795
177.0485,177.0841,68437,80876,Rhinolophus ferrumequinum,0.025,0.025,-1,Echolocation,/mnt/ubna_data_02_mir/recover-20220922/UBNA_001/20220921_090000.WAV,Telephone Field,recover-20220922,001,1795
177.0505,177.0601,44375,48395,Pipistrellus pipistrellus,0.023,0.025,-1,Echolocation,/mnt/ubna_data_02_mir/recover-20220922/UBNA_001/20220921_090000.WAV,Telephone Field,recover-20220922,001,1795
177.0725,177.0866,22031,25378,Nyctalus leisleri,0.016,0.025,-1,Echolocation,/mnt/ubna_data_02_mir/recover-20220922/UBNA_001/20220921_090000.WAV,Telephone Field,recover-20220922,001,1795
177.0795,177.1184,68437,81165,Rhinolophus ferrumequinum,0.024,0.024,-1,Echolocation,/mnt/ubna_data_02_mir/recover-20220922/UBNA_001/20220921_090000.WAV,Telephone Field,recover-20220922,001,1795
177.0905,177.1316,68437,82351,Rhinolophus ferrumequinum,0.029,0.029,-1,Echolocation,/mnt/ubna_data_02_mir/recover-20220922/UBNA_001/20220921_090000.WAV,Telephone Field,recover-20220922,001,1795
177.1215,177.166,68437,83211,Rhinolophus ferrumequinum,0.03,0.03,-1,Echolocation,/mnt/ubna_data_02_mir/recover-20220922/UBNA_001/20220921_090000.WAV,Telephone Field,recover-20220922,001,1795
177.1485,177.1857,68437,82084,Rhinolophus ferrumequinum,0.027,0.027,-1,Echolocation,/mnt/ubna_data_02_mir/recover-20220922/UBNA_001/20220921_090000.WAV,Telephone Field,recover-20220922,001,1795
177.1515,177.1696,19453,22763,Nyctalus leisleri,0.016,0.03,-1,Echolocation,/mnt/ubna_data_02_mir/recover-20220922/UBNA_001/20220921_090000.WAV,Telephone Field,recover-20220922,001,1795
177.1735,177.1836,26328,34392,Eptesicus serotinus,0.017,0.034,-1,Echolocation,/mnt/ubna_data_02_mir/recover-20220922/UBNA_001/20220921_090000.WAV,Telephone Field,recover-20220922,001,1795
177.2075,177.24439999999998,68437,81766,Rhinolophus ferrumequinum,0.023,0.023,-1,Echolocation,/mnt/ubna_data_02_mir/recover-20220922/UBNA_001/20220921_090000.WAV,Telephone Field,recover-20220922,001,1795
177.2095,177.2188,22031,27940,Plecotus austriacus,0.008,0.022,-1,Echolocation,/mnt/ubna_data_02_mir/recover-20220922/UBNA_001/20220921_090000.WAV,Telephone Field,recover-20220922,001,1795
177.2805,177.2869,47812,52684,Pipistrellus pipistrellus,0.03,0.031,-1,Echolocation,/mnt/ubna_data_02_mir/recover-20220922/UBNA_001/20220921_090000.WAV,Telephone Field,recover-20220922,001,1795
177.2985,177.3337,68437,80860,Rhinolophus ferrumequinum,0.023,0.024,-1,Echolocation,/mnt/ubna_data_02_mir/recover-20220922/UBNA_001/20220921_090000.WAV,Telephone Field,recover-20220922,001,1795
177.3265,177.3324,46953,54048,Pipistrellus pipistrellus,0.025,0.026,-1,Echolocation,/mnt/ubna_data_02_mir/recover-20220922/UBNA_001/20220921_090000.WAV,Telephone Field,recover-20220922,001,1795
177.3375,177.3451,28046,37823,Eptesicus serotinus,0.007,0.024,-1,Echolocation,/mnt/ubna_data_02_mir/recover-20220922/UBNA_001/20220921_090000.WAV,Telephone Field,recover-20220922,001,1795
177.3705,177.4129,68437,82761,Rhinolophus ferrumequinum,0.023,0.023,-1,Echolocation,/mnt/ubna_data_02_mir/recover-20220922/UBNA_001/20220921_090000.WAV,Telephone Field,recover-20220922,001,1795
177.4315,177.4717,68437,82315,Rhinolophus ferrumequinum,0.025,0.025,-1,Echolocation,/mnt/ubna_data_02_mir/recover-20220922/UBNA_001/20220921_090000.WAV,Telephone Field,recover-20220922,001,1795
177.4345,177.4415,28046,39861,Eptesicus serotinus,0.007,0.026,-1,Echolocation,/mnt/ubna_data_02_mir/recover-20220922/UBNA_001/20220921_090000.WAV,Telephone Field,recover-20220922,001,1795
177.5555,177.5931,68437,82315,Rhinolophus ferrumequinum,0.022,0.022,-1,Echolocation,/mnt/ubna_data_02_mir/recover-20220922/UBNA_001/20220921_090000.WAV,Telephone Field,recover-20220922,001,1795
177.5735,177.5813,28046,37895,Eptesicus serotinus,0.007,0.024,-1,Echolocation,/mnt/ubna_data_02_mir/recover-20220922/UBNA_001/20220921_090000.WAV,Telephone Field,recover-20220922,001,1795
177.6115,177.6508,68437,82178,Rhinolophus ferrumequinum,0.029,0.029,-1,Echolocation,/mnt/ubna_data_02_mir/recover-20220922/UBNA_001/20220921_090000.WAV,Telephone Field,recover-20220922,001,1795
177.6235,177.6419,20312,23512,Nyctalus leisleri,0.012,0.022,-1,Echolocation,/mnt/ubna_data_02_mir/recover-20220922/UBNA_001/20220921_090000.WAV,Telephone Field,recover-20220922,001,1795
177.6305,177.6378,28046,43911,Eptesicus serotinus,0.007,0.024,-1,Echolocation,/mnt/ubna_data_02_mir/recover-20220922/UBNA_001/20220921_090000.WAV,Telephone Field,recover-20220922,001,1795
177.6365,177.6731,68437,82053,Rhinolophus ferrumequinum,0.022,0.022,-1,Echolocation,/mnt/ubna_data_02_mir/recover-20220922/UBNA_001/20220921_090000.WAV,Telephone Field,recover-20220922,001,1795
177.6515,177.6932,68437,82808,Rhinolophus ferrumequinum,0.03,0.03,-1,Echolocation,/mnt/ubna_data_02_mir/recover-20220922/UBNA_001/20220921_090000.WAV,Telephone Field,recover-20220922,001,1795
177.6605,177.7034,68437,83347,Rhinolophus ferrumequinum,0.031,0.031,-1,Echolocation,/mnt/ubna_data_02_mir/recover-20220922/UBNA_001/20220921_090000.WAV,Telephone Field,recover-20220922,001,1795
177.6625,177.668,34921,43906,Myotis daubentonii,0.012,0.026,-1,Echolocation,/mnt/ubna_data_02_mir/recover-20220922/UBNA_001/20220921_090000.WAV,Telephone Field,recover-20220922,001,1795
177.6625,177.6719,22890,30273,Plecotus austriacus,0.012,0.032,-1,Echolocation,/mnt/ubna_data_02_mir/recover-20220922/UBNA_001/20220921_090000.WAV,Telephone Field,recover-20220922,001,1795
177.6625,177.6693,28906,39219,Eptesicus serotinus,0.008,0.032,-1,Echolocation,/mnt/ubna_data_02_mir/recover-20220922/UBNA_001/20220921_090000.WAV,Telephone Field,recover-20220922,001,1795
177.6835,177.6951,45234,48552,Pipistrellus pipistrellus,0.032,0.035,-1,Echolocation,/mnt/ubna_data_02_mir/recover-20220922/UBNA_001/20220921_090000.WAV,Telephone Field,recover-20220922,001,1795
177.70850000000002,177.7477,68437,82179,Rhinolophus ferrumequinum,0.023,0.023,-1,Echolocation,/mnt/ubna_data_02_mir/recover-20220922/UBNA_001/20220921_090000.WAV,Telephone Field,recover-20220922,001,1795
177.7355,177.743,27187,36737,Eptesicus serotinus,0.009,0.029,-1,Echolocation,/mnt/ubna_data_02_mir/recover-20220922/UBNA_001/20220921_090000.WAV,Telephone Field,recover-20220922,001,1795
177.7475,177.789,68437,82426,Rhinolophus ferrumequinum,0.026,0.026,-1,Echolocation,/mnt/ubna_data_02_mir/recover-20220922/UBNA_001/20220921_090000.WAV,Telephone Field,recover-20220922,001,1795
177.82150000000001,177.8294,27187,39683,Eptesicus serotinus,0.008,0.023,-1,Echolocation,/mnt/ubna_data_02_mir/recover-20220922/UBNA_001/20220921_090000.WAV,Telephone Field,recover-20220922,001,1795
177.8235,177.8286,39218,54108,Myotis brandtii,0.009,0.039,-1,Echolocation,/mnt/ubna_data_02_mir/recover-20220922/UBNA_001/20220921_090000.WAV,Telephone Field,recover-20220922,001,1795
177.8445,177.8839,68437,82570,Rhinolophus ferrumequinum,0.024,0.024,-1,Echolocation,/mnt/ubna_data_02_mir/recover-20220922/UBNA_001/20220921_090000.WAV,Telephone Field,recover-20220922,001,1795
177.8465,177.853,46953,57905,Pipistrellus pipistrellus,0.018,0.022,-1,Echolocation,/mnt/ubna_data_02_mir/recover-20220922/UBNA_001/20220921_090000.WAV,Telephone Field,recover-20220922,001,1795
177.8475,177.8582,22031,27063,Nyctalus leisleri,0.01,0.023,-1,Echolocation,/mnt/ubna_data_02_mir/recover-20220922/UBNA_001/20220921_090000.WAV,Telephone Field,recover-20220922,001,1795
177.8775,177.9176,68437,82516,Rhinolophus ferrumequinum,0.024,0.024,-1,Echolocation,/mnt/ubna_data_02_mir/recover-20220922/UBNA_001/20220921_090000.WAV,Telephone Field,recover-20220922,001,1795
177.8785,177.8907,15156,21221,Nyctalus noctula,0.014,0.024,-1,Echolocation,/mnt/ubna_data_02_mir/recover-20220922/UBNA_001/20220921_090000.WAV,Telephone Field,recover-20220922,001,1795
177.90449999999998,177.9434,68437,82978,Rhinolophus ferrumequinum,0.022,0.022,-1,Echolocation,/mnt/ubna_data_02_mir/recover-20220922/UBNA_001/20220921_090000.WAV,Telephone Field,recover-20220922,001,1795
177.9175,177.9282,22890,28969,Nyctalus leisleri,0.013,0.03,-1,Echolocation,/mnt/ubna_data_02_mir/recover-20220922/UBNA_001/20220921_090000.WAV,Telephone Field,recover-20220922,001,1795
177.9325,177.9399,28046,38630,Eptesicus serotinus,0.007,0.024,-1,Echolocation,/mnt/ubna_data_02_mir/recover-20220922/UBNA_001/20220921_090000.WAV,Telephone Field,recover-20220922,001,1795
177.9575,177.9949,68437,81597,Rhinolophus ferrumequinum,0.022,0.022,-1,Echolocation,/mnt/ubna_data_02_mir/recover-20220922/UBNA_001/20220921_090000.WAV,Telephone Field,recover-20220922,001,1795
178.0015,178.0131,48671,55844,Pipistrellus pipistrellus,0.038,0.046,-1,Echolocation,/mnt/ubna_data_02_mir/recover-20220922/UBNA_001/20220921_090000.WAV,Telephone Field,recover-20220922,001,1795
178.0015,178.0353,68437,79538,Rhinolophus ferrumequinum,0.024,0.025,-1,Echolocation,/mnt/ubna_data_02_mir/recover-20220922/UBNA_001/20220921_090000.WAV,Telephone Field,recover-20220922,001,1795
178.0015,178.0112,25468,31753,Nyctalus leisleri,0.015,0.036,-1,Echolocation,/mnt/ubna_data_02_mir/recover-20220922/UBNA_001/20220921_090000.WAV,Telephone Field,recover-20220922,001,1795
178.0075,178.0506,68437,81310,Rhinolophus ferrumequinum,0.03,0.03,-1,Echolocation,/mnt/ubna_data_02_mir/recover-20220922/UBNA_001/20220921_090000.WAV,Telephone Field,recover-20220922,001,1795
178.0105,178.0215,23750,28494,Nyctalus leisleri,0.012,0.025,-1,Echolocation,/mnt/ubna_data_02_mir/recover-20220922/UBNA_001/20220921_090000.WAV,Telephone Field,recover-20220922,001,1795
178.0195,178.0294,27187,35199,Eptesicus serotinus,0.008,0.023,-1,Echolocation,/mnt/ubna_data_02_mir/recover-20220922/UBNA_001/20220921_090000.WAV,Telephone Field,recover-20220922,001,1795
178.0245,178.0348,24609,30392,Nyctalus leisleri,0.009,0.022,-1,Echolocation,/mnt/ubna_data_02_mir/recover-20220922/UBNA_001/20220921_090000.WAV,Telephone Field,recover-20220922,001,1795
178.0425,178.0795,68437,81391,Rhinolophus ferrumequinum,0.022,0.022,-1,Echolocation,/mnt/ubna_data_02_mir/recover-20220922/UBNA_001/20220921_090000.WAV,Telephone Field,recover-20220922,001,1795
178.0565,178.095,68437,81798,Rhinolophus ferrumequinum,0.022,0.022,-1,Echolocation,/mnt/ubna_data_02_mir/recover-20220922/UBNA_001/20220921_090000.WAV,Telephone Field,recover-20220922,001,1795
178.08350000000002,178.1246,68437,82487,Rhinolophus ferrumequinum,0.027,0.027,-1,Echolocation,/mnt/ubna_data_02_mir/recover-20220922/UBNA_001/20220921_090000.WAV,Telephone Field,recover-20220922,001,1795
178.0865,178.0951,26328,35899,Eptesicus serotinus,0.01,0.025,-1,Echolocation,/mnt/ubna_data_02_mir/recover-20220922/UBNA_001/20220921_090000.WAV,Telephone Field,recover-20220922,001,1795
178.1025,178.1103,28046,38913,Eptesicus serotinus,0.007,0.024,-1,Echolocation,/mnt/ubna_data_02_mir/recover-20220922/UBNA_001/20220921_090000.WAV,Telephone Field,recover-20220922,001,1795
178.1105,178.1519,68437,82298,Rhinolophus ferrumequinum,0.031,0.031,-1,Echolocation,/mnt/ubna_data_02_mir/recover-20220922/UBNA_001/20220921_090000.WAV,Telephone Field,recover-20220922,001,1795
178.1315,178.1406,22890,29901,Plecotus austriacus,0.008,0.023,-1,Echolocation,/mnt/ubna_data_02_mir/recover-20220922/UBNA_001/20220921_090000.WAV,Telephone Field,recover-20220922,001,1795
178.1465,178.1836,68437,81597,Rhinolophus ferrumequinum,0.024,0.024,-1,Echolocation,/mnt/ubna_data_02_mir/recover-20220922/UBNA_001/20220921_090000.WAV,Telephone Field,recover-20220922,001,1795
178.1695,178.1801,45234,53382,Pipistrellus pipistrellus,0.014,0.022,-1,Echolocation,/mnt/ubna_data_02_mir/recover-20220922/UBNA_001/20220921_090000.WAV,Telephone Field,recover-20220922,001,1795
178.1715,178.1808,25468,33060,Nyctalus leisleri,0.009,0.03,-1,Echolocation,/mnt/ubna_data_02_mir/recover-20220922/UBNA_001/20220921_090000.WAV,Telephone Field,recover-20220922,001,1795
178.1925,178.2032,22890,27630,Nyctalus leisleri,0.011,0.022,-1,Echolocation,/mnt/ubna_data_02_mir/recover-20220922/UBNA_001/20220921_090000.WAV,Telephone Field,recover-20220922,001,1795
178.1955,178.2353,68437,82293,Rhinolophus ferrumequinum,0.024,0.024,-1,Echolocation,/mnt/ubna_data_02_mir/recover-20220922/UBNA_001/20220921_090000.WAV,Telephone Field,recover-20220922,001,1795
178.2645,178.308,68437,83039,Rhinolophus ferrumequinum,0.028,0.028,-1,Echolocation,/mnt/ubna_data_02_mir/recover-20220922/UBNA_001/20220921_090000.WAV,Telephone Field,recover-20220922,001,1795
178.27949999999998,178.3179,68437,82111,Rhinolophus ferrumequinum,0.023,0.023,-1,Echolocation,/mnt/ubna_data_02_mir/recover-20220922/UBNA_001/20220921_090000.WAV,Telephone Field,recover-20220922,001,1795
178.3095,178.35,68437,82664,Rhinolophus ferrumequinum,0.027,0.027,-1,Echolocation,/mnt/ubna_data_02_mir/recover-20220922/UBNA_001/20220921_090000.WAV,Telephone Field,recover-20220922,001,1795
178.3235,178.3595,68437,81365,Rhinolophus ferrumequinum,0.022,0.023,-1,Echolocation,/mnt/ubna_data_02_mir/recover-20220922/UBNA_001/20220921_090000.WAV,Telephone Field,recover-20220922,001,1795
178.3235,178.3329,28906,36527,Eptesicus serotinus,0.008,0.022,-1,Echolocation,/mnt/ubna_data_02_mir/recover-20220922/UBNA_001/20220921_090000.WAV,Telephone Field,recover-20220922,001,1795
178.3405,178.3786,68437,82019,Rhinolophus ferrumequinum,0.03,0.03,-1,Echolocation,/mnt/ubna_data_02_mir/recover-20220922/UBNA_001/20220921_090000.WAV,Telephone Field,recover-20220922,001,1795
178.3525,178.3591,34062,43254,Myotis daubentonii,0.011,0.025,-1,Echolocation,/mnt/ubna_data_02_mir/recover-20220922/UBNA_001/20220921_090000.WAV,Telephone Field,recover-20220922,001,1795
178.3545,178.3634,28046,38899,Eptesicus serotinus,0.01,0.027,-1,Echolocation,/mnt/ubna_data_02_mir/recover-20220922/UBNA_001/20220921_090000.WAV,Telephone Field,recover-20220922,001,1795
178.3565,178.3983,68437,82693,Rhinolophus ferrumequinum,0.026,0.026,-1,Echolocation,/mnt/ubna_data_02_mir/recover-20220922/UBNA_001/20220921_090000.WAV,Telephone Field,recover-20220922,001,1795
178.3665,178.3788,25468,31630,Nyctalus leisleri,0.01,0.025,-1,Echolocation,/mnt/ubna_data_02_mir/recover-20220922/UBNA_001/20220921_090000.WAV,Telephone Field,recover-20220922,001,1795
178.4085,178.417,47812,53079,Pipistrellus pipistrellus,0.032,0.034,-1,Echolocation,/mnt/ubna_data_02_mir/recover-20220922/UBNA_001/20220921_090000.WAV,Telephone Field,recover-20220922,001,1795
178.4115,178.4539,68437,83103,Rhinolophus ferrumequinum,0.037,0.037,-1,Echolocation,/mnt/ubna_data_02_mir/recover-20220922/UBNA_001/20220921_090000.WAV,Telephone Field,recover-20220922,001,1795
178.45850000000002,178.4995,68437,82866,Rhinolophus ferrumequinum,0.027,0.027,-1,Echolocation,/mnt/ubna_data_02_mir/recover-20220922/UBNA_001/20220921_090000.WAV,Telephone Field,recover-20220922,001,1795
178.4655,178.5047,68437,81460,Rhinolophus ferrumequinum,0.024,0.024,-1,Echolocation,/mnt/ubna_data_02_mir/recover-20220922/UBNA_001/20220921_090000.WAV,Telephone Field,recover-20220922,001,1795
178.5005,178.5405,68437,82836,Rhinolophus ferrumequinum,0.036,0.036,-1,Echolocation,/mnt/ubna_data_02_mir/recover-20220922/UBNA_001/20220921_090000.WAV,Telephone Field,recover-20220922,001,1795
178.5135,178.5463,67578,78589,Rhinolophus ferrumequinum,0.031,0.031,-1,Echolocation,/mnt/ubna_data_02_mir/recover-20220922/UBNA_001/20220921_090000.WAV,Telephone Field,recover-20220922,001,1795
178.5195,178.5512,68437,80436,Rhinolophus ferrumequinum,0.024,0.024,-1,Echolocation,/mnt/ubna_data_02_mir/recover-20220922/UBNA_001/20220921_090000.WAV,Telephone Field,recover-20220922,001,1795
178.5675,178.6102,68437,82660,Rhinolophus ferrumequinum,0.06,0.06,-1,Echolocation,/mnt/ubna_data_02_mir/recover-20220922/UBNA_001/20220921_090000.WAV,Telephone Field,recover-20220922,001,1795
178.5815,178.6205,68437,82252,Rhinolophus ferrumequinum,0.022,0.022,-1,Echolocation,/mnt/ubna_data_02_mir/recover-20220922/UBNA_001/20220921_090000.WAV,Telephone Field,recover-20220922,001,1795
178.6135,178.6233,27187,36725,Eptesicus serotinus,0.011,0.025,-1,Echolocation,/mnt/ubna_data_02_mir/recover-20220922/UBNA_001/20220921_090000.WAV,Telephone Field,recover-20220922,001,1795
178.6305,178.6688,68437,81622,Rhinolophus ferrumequinum,0.023,0.023,-1,Echolocation,/mnt/ubna_data_02_mir/recover-20220922/UBNA_001/20220921_090000.WAV,Telephone Field,recover-20220922,001,1795
178.6585,178.6668,28046,39202,Eptesicus serotinus,0.008,0.022,-1,Echolocation,/mnt/ubna_data_02_mir/recover-20220922/UBNA_001/20220921_090000.WAV,Telephone Field,recover-20220922,001,1795
178.6585,178.6985,68437,81987,Rhinolophus ferrumequinum,0.026,0.026,-1,Echolocation,/mnt/ubna_data_02_mir/recover-20220922/UBNA_001/20220921_090000.WAV,Telephone Field,recover-20220922,001,1795
178.67849999999999,178.7191,68437,82647,Rhinolophus ferrumequinum,0.024,0.024,-1,Echolocation,/mnt/ubna_data_02_mir/recover-20220922/UBNA_001/20220921_090000.WAV,Telephone Field,recover-20220922,001,1795
178.6905,178.7002,22890,28649,Nyctalus leisleri,0.009,0.022,-1,Echolocation,/mnt/ubna_data_02_mir/recover-20220922/UBNA_001/20220921_090000.WAV,Telephone Field,recover-20220922,001,1795
178.6925,178.7344,68437,82981,Rhinolophus ferrumequinum,0.029,0.029,-1,Echolocation,/mnt/ubna_data_02_mir/recover-20220922/UBNA_001/20220921_090000.WAV,Telephone Field,recover-20220922,001,1795
178.7145,178.7238,45234,49437,Pipistrellus pipistrellus,0.025,0.029,-1,Echolocation,/mnt/ubna_data_02_mir/recover-20220922/UBNA_001/20220921_090000.WAV,Telephone Field,recover-20220922,001,1795
178.7725,178.7811,27187,39306,Eptesicus serotinus,0.008,0.022,-1,Echolocation,/mnt/ubna_data_02_mir/recover-20220922/UBNA_001/20220921_090000.WAV,Telephone Field,recover-20220922,001,1795
178.7745,178.815,68437,82715,Rhinolophus ferrumequinum,0.022,0.022,-1,Echolocation,/mnt/ubna_data_02_mir/recover-20220922/UBNA_001/20220921_090000.WAV,Telephone Field,recover-20220922,001,1795
178.7825,178.8217,68437,82350,Rhinolophus ferrumequinum,0.022,0.022,-1,Echolocation,/mnt/ubna_data_02_mir/recover-20220922/UBNA_001/20220921_090000.WAV,Telephone Field,recover-20220922,001,1795
178.8005,178.81119999999999,28046,35274,Eptesicus serotinus,0.011,0.025,-1,Echolocation,/mnt/ubna_data_02_mir/recover-20220922/UBNA_001/20220921_090000.WAV,Telephone Field,recover-20220922,001,1795
178.8015,178.8387,68437,81277,Rhinolophus ferrumequinum,0.024,0.024,-1,Echolocation,/mnt/ubna_data_02_mir/recover-20220922/UBNA_001/20220921_090000.WAV,Telephone Field,recover-20220922,001,1795
178.8235,178.8661,68437,82877,Rhinolophus ferrumequinum,0.024,0.024,-1,Echolocation,/mnt/ubna_data_02_mir/recover-20220922/UBNA_001/20220921_090000.WAV,Telephone Field,recover-20220922,001,1795
178.8375,178.8764,68437,82156,Rhinolophus ferrumequinum,0.022,0.022,-1,Echolocation,/mnt/ubna_data_02_mir/recover-20220922/UBNA_001/20220921_090000.WAV,Telephone Field,recover-20220922,001,1795
178.8535,178.8629,26328,35481,Eptesicus serotinus,0.011,0.027,-1,Echolocation,/mnt/ubna_data_02_mir/recover-20220922/UBNA_001/20220921_090000.WAV,Telephone Field,recover-20220922,001,1795
178.8685,178.9093,68437,81723,Rhinolophus ferrumequinum,0.028,0.028,-1,Echolocation,/mnt/ubna_data_02_mir/recover-20220922/UBNA_001/20220921_090000.WAV,Telephone Field,recover-20220922,001,1795
178.8685,178.8794,23750,28697,Nyctalus leisleri,0.014,0.03,-1,Echolocation,/mnt/ubna_data_02_mir/recover-20220922/UBNA_001/20220921_090000.WAV,Telephone Field,recover-20220922,001,1795
178.8795,178.9202,68437,82023,Rhinolophus ferrumequinum,0.027,0.027,-1,Echolocation,/mnt/ubna_data_02_mir/recover-20220922/UBNA_001/20220921_090000.WAV,Telephone Field,recover-20220922,001,1795
178.8885,178.9233,68437,81066,Rhinolophus ferrumequinum,0.022,0.022,-1,Echolocation,/mnt/ubna_data_02_mir/recover-20220922/UBNA_001/20220921_090000.WAV,Telephone Field,recover-20220922,001,1795
178.9115,178.9534,68437,82807,Rhinolophus ferrumequinum,0.023,0.023,-1,Echolocation,/mnt/ubna_data_02_mir/recover-20220922/UBNA_001/20220921_090000.WAV,Telephone Field,recover-20220922,001,1795
178.9275,178.941,45234,48880,Pipistrellus pipistrellus,0.104,0.118,-1,Echolocation,/mnt/ubna_data_02_mir/recover-20220922/UBNA_001/20220921_090000.WAV,Telephone Field,recover-20220922,001,1795
178.9525,178.9931,68437,82555,Rhinolophus ferrumequinum,0.047,0.047,-1,Echolocation,/mnt/ubna_data_02_mir/recover-20220922/UBNA_001/20220921_090000.WAV,Telephone Field,recover-20220922,001,1795
178.9565,178.9665,22890,29005,Nyctalus leisleri,0.01,0.026,-1,Echolocation,/mnt/ubna_data_02_mir/recover-20220922/UBNA_001/20220921_090000.WAV,Telephone Field,recover-20220922,001,1795
178.9685,179.0083,68437,82400,Rhinolophus ferrumequinum,0.024,0.024,-1,Echolocation,/mnt/ubna_data_02_mir/recover-20220922/UBNA_001/20220921_090000.WAV,Telephone Field,recover-20220922,001,1795
178.9755,179.015,68437,82362,Rhinolophus ferrumequinum,0.026,0.027,-1,Echolocation,/mnt/ubna_data_02_mir/recover-20220922/UBNA_001/20220921_090000.WAV,Telephone Field,recover-20220922,001,1795
178.9935,179.0347,68437,82376,Rhinolophus ferrumequinum,0.048,0.048,-1,Echolocation,/mnt/ubna_data_02_mir/recover-20220922/UBNA_001/20220921_090000.WAV,Telephone Field,recover-20220922,001,1795
179.0225,179.032,22890,29146,Nyctalus leisleri,0.008,0.022,-1,Echolocation,/mnt/ubna_data_02_mir/recover-20220922/UBNA_001/20220921_090000.WAV,Telephone Field,recover-20220922,001,1795
179.0275,179.0667,68437,82083,Rhinolophus ferrumequinum,0.022,0.022,-1,Echolocation,/mnt/ubna_data_02_mir/recover-20220922/UBNA_001/20220921_090000.WAV,Telephone Field,recover-20220922,001,1795
179.0355,179.04840000000002,23750,29053,Nyctalus leisleri,0.018,0.034,-1,Echolocation,/mnt/ubna_data_02_mir/recover-20220922/UBNA_001/20220921_090000.WAV,Telephone Field,recover-20220922,001,1795
179.0405,179.0531,23750,27927,Nyctalus leisleri,0.019,0.034,-1,Echolocation,/mnt/ubna_data_02_mir/recover-20220922/UBNA_001/20220921_090000.WAV,Telephone Field,recover-20220922,001,1795
179.0425,179.0862,68437,82449,Rhinolophus ferrumequinum,0.034,0.034,-1,Echolocation,/mnt/ubna_data_02_mir/recover-20220922/UBNA_001/20220921_090000.WAV,Telephone Field,recover-20220922,001,1795
179.0635,179.0711,27187,38487,Eptesicus serotinus,0.007,0.022,-1,Echolocation,/mnt/ubna_data_02_mir/recover-20220922/UBNA_001/20220921_090000.WAV,Telephone Field,recover-20220922,001,1795
179.0775,179.1183,68437,82298,Rhinolophus ferrumequinum,0.023,0.023,-1,Echolocation,/mnt/ubna_data_02_mir/recover-20220922/UBNA_001/20220921_090000.WAV,Telephone Field,recover-20220922,001,1795
179.0855,179.12369999999999,68437,82333,Rhinolophus ferrumequinum,0.023,0.023,-1,Echolocation,/mnt/ubna_data_02_mir/recover-20220922/UBNA_001/20220921_090000.WAV,Telephone Field,recover-20220922,001,1795
179.0985,179.1089,29765,37403,Eptesicus serotinus,0.01,0.024,-1,Echolocation,/mnt/ubna_data_02_mir/recover-20220922/UBNA_001/20220921_090000.WAV,Telephone Field,recover-20220922,001,1795
179.1115,179.1231,36640,42198,Pipistrellus nathusii,0.013,0.028,-1,Echolocation,/mnt/ubna_data_02_mir/recover-20220922/UBNA_001/20220921_090000.WAV,Telephone Field,recover-20220922,001,1795
179.1125,179.1214,30625,39103,Myotis daubentonii,0.007,0.023,-1,Echolocation,/mnt/ubna_data_02_mir/recover-20220922/UBNA_001/20220921_090000.WAV,Telephone Field,recover-20220922,001,1795
179.1145,179.1496,68437,81223,Rhinolophus ferrumequinum,0.022,0.022,-1,Echolocation,/mnt/ubna_data_02_mir/recover-20220922/UBNA_001/20220921_090000.WAV,Telephone Field,recover-20220922,001,1795
179.1585,179.1981,68437,82059,Rhinolophus ferrumequinum,0.022,0.022,-1,Echolocation,/mnt/ubna_data_02_mir/recover-20220922/UBNA_001/20220921_090000.WAV,Telephone Field,recover-20220922,001,1795
179.1615,179.1701,25468,34616,Eptesicus serotinus,0.008,0.025,-1,Echolocation,/mnt/ubna_data_02_mir/recover-20220922/UBNA_001/20220921_090000.WAV,Telephone Field,recover-20220922,001,1795
179.1825,179.224,68437,82551,Rhinolophus ferrumequinum,0.023,0.023,-1,Echolocation,/mnt/ubna_data_02_mir/recover-20220922/UBNA_001/20220921_090000.WAV,Telephone Field,recover-20220922,001,1795
179.1895,179.2296,68437,82603,Rhinolophus ferrumequinum,0.023,0.023,-1,Echolocation,/mnt/ubna_data_02_mir/recover-20220922/UBNA_001/20220921_090000.WAV,Telephone Field,recover-20220922,001,1795
179.1915,179.2002,28906,37718,Eptesicus serotinus,0.008,0.022,-1,Echolocation,/mnt/ubna_data_02_mir/recover-20220922/UBNA_001/20220921_090000.WAV,Telephone Field,recover-20220922,001,1795
179.2045,179.2419,68437,81566,Rhinolophus ferrumequinum,0.022,0.022,-1,Echolocation,/mnt/ubna_data_02_mir/recover-20220922/UBNA_001/20220921_090000.WAV,Telephone Field,recover-20220922,001,1795
179.2165,179.2568,68437,82330,Rhinolophus ferrumequinum,0.027,0.027,-1,Echolocation,/mnt/ubna_data_02_mir/recover-20220922/UBNA_001/20220921_090000.WAV,Telephone Field,recover-20220922,001,1795
179.2355,179.2779,68437,82928,Rhinolophus ferrumequinum,0.024,0.024,-1,Echolocation,/mnt/ubna_data_02_mir/recover-20220922/UBNA_001/20220921_090000.WAV,Telephone Field,recover-20220922,001,1795
179.2605,179.2686,28046,36717,Eptesicus serotinus,0.007,0.022,-1,Echolocation,/mnt/ubna_data_02_mir/recover-20220922/UBNA_001/20220921_090000.WAV,Telephone Field,recover-20220922,001,1795
179.2745,179.3133,68437,81834,Rhinolophus ferrumequinum,0.024,0.024,-1,Echolocation,/mnt/ubna_data_02_mir/recover-20220922/UBNA_001/20220921_090000.WAV,Telephone Field,recover-20220922,001,1795
179.2835,179.2924,43515,47841,Pipistrellus pipistrellus,0.023,0.026,-1,Echolocation,/mnt/ubna_data_02_mir/recover-20220922/UBNA_001/20220921_090000.WAV,Telephone Field,recover-20220922,001,1795
179.2895,179.3314,68437,83182,Rhinolophus ferrumequinum,0.033,0.033,-1,Echolocation,/mnt/ubna_data_02_mir/recover-20220922/UBNA_001/20220921_090000.WAV,Telephone Field,recover-20220922,001,1795
179.3345,179.372,68437,81662,Rhinolophus ferrumequinum,0.021,0.022,-1,Echolocation,/mnt/ubna_data_02_mir/recover-20220922/UBNA_001/20220921_090000.WAV,Telephone Field,recover-20220922,001,1795
179.3435,179.3794,68437,81187,Rhinolophus ferrumequinum,0.022,0.022,-1,Echolocation,/mnt/ubna_data_02_mir/recover-20220922/UBNA_001/20220921_090000.WAV,Telephone Field,recover-20220922,001,1795
179.3555,179.3641,25468,34853,Eptesicus serotinus,0.008,0.025,-1,Echolocation,/mnt/ubna_data_02_mir/recover-20220922/UBNA_001/20220921_090000.WAV,Telephone Field,recover-20220922,001,1795
179.3685,179.376,27187,36643,Eptesicus serotinus,0.012,0.033,-1,Echolocation,/mnt/ubna_data_02_mir/recover-20220922/UBNA_001/20220921_090000.WAV,Telephone Field,recover-20220922,001,1795
179.39249999999998,179.4032,22031,27009,Nyctalus leisleri,0.014,0.029,-1,Echolocation,/mnt/ubna_data_02_mir/recover-20220922/UBNA_001/20220921_090000.WAV,Telephone Field,recover-20220922,001,1795
179.4065,179.4469,68437,82676,Rhinolophus ferrumequinum,0.029,0.029,-1,Echolocation,/mnt/ubna_data_02_mir/recover-20220922/UBNA_001/20220921_090000.WAV,Telephone Field,recover-20220922,001,1795
179.4225,179.4653,68437,83232,Rhinolophus ferrumequinum,0.036,0.036,-1,Echolocation,/mnt/ubna_data_02_mir/recover-20220922/UBNA_001/20220921_090000.WAV,Telephone Field,recover-20220922,001,1795
179.42849999999999,179.4496,17734,21641,Nyctalus noctula,0.015,0.022,-1,Echolocation,/mnt/ubna_data_02_mir/recover-20220922/UBNA_001/20220921_090000.WAV,Telephone Field,recover-20220922,001,1795
179.4555,179.4965,68437,82475,Rhinolophus ferrumequinum,0.036,0.036,-1,Echolocation,/mnt/ubna_data_02_mir/recover-20220922/UBNA_001/20220921_090000.WAV,Telephone Field,recover-20220922,001,1795
179.4855,179.5263,68437,82724,Rhinolophus ferrumequinum,0.025,0.025,-1,Echolocation,/mnt/ubna_data_02_mir/recover-20220922/UBNA_001/20220921_090000.WAV,Telephone Field,recover-20220922,001,1795
179.4885,179.4963,44375,53434,Pipistrellus pipistrellus,0.023,0.028,-1,Echolocation,/mnt/ubna_data_02_mir/recover-20220922/UBNA_001/20220921_090000.WAV,Telephone Field,recover-20220922,001,1795
179.5105,179.5488,68437,81881,Rhinolophus ferrumequinum,0.023,0.023,-1,Echolocation,/mnt/ubna_data_02_mir/recover-20220922/UBNA_001/20220921_090000.WAV,Telephone Field,recover-20220922,001,1795
179.5385,179.5469,28046,38401,Eptesicus serotinus,0.01,0.027,-1,Echolocation,/mnt/ubna_data_02_mir/recover-20220922/UBNA_001/20220921_090000.WAV,Telephone Field,recover-20220922,001,1795
179.5485,179.58429999999998,68437,80942,Rhinolophus ferrumequinum,0.022,0.022,-1,Echolocation,/mnt/ubna_data_02_mir/recover-20220922/UBNA_001/20220921_090000.WAV,Telephone Field,recover-20220922,001,1795
179.5725,179.6086,68437,81698,Rhinolophus ferrumequinum,0.021,0.021,-1,Echolocation,/mnt/ubna_data_02_mir/recover-20220922/UBNA_001/20220921_090000.WAV,Telephone Field,recover-20220922,001,1795
179.5785,179.589,22031,26626,Nyctalus leisleri,0.011,0.023,-1,Echolocation,/mnt/ubna_data_02_mir/recover-20220922/UBNA_001/20220921_090000.WAV,Telephone Field,recover-20220922,001,1795
179.5805,179.589,28906,37598,Eptesicus serotinus,0.008,0.024,-1,Echolocation,/mnt/ubna_data_02_mir/recover-20220922/UBNA_001/20220921_090000.WAV,Telephone Field,recover-20220922,001,1795
179.6135,179.6566,68437,82966,Rhinolophus ferrumequinum,0.03,0.03,-1,Echolocation,/mnt/ubna_data_02_mir/recover-20220922/UBNA_001/20220921_090000.WAV,Telephone Field,recover-20220922,001,1795
179.6225,179.63139999999999,26328,37008,Eptesicus serotinus,0.009,0.025,-1,Echolocation,/mnt/ubna_data_02_mir/recover-20220922/UBNA_001/20220921_090000.WAV,Telephone Field,recover-20220922,001,1795
179.6415,179.6764,68437,80970,Rhinolophus ferrumequinum,0.022,0.022,-1,Echolocation,/mnt/ubna_data_02_mir/recover-20220922/UBNA_001/20220921_090000.WAV,Telephone Field,recover-20220922,001,1795
179.6875,179.7248,68437,82050,Rhinolophus ferrumequinum,0.023,0.023,-1,Echolocation,/mnt/ubna_data_02_mir/recover-20220922/UBNA_001/20220921_090000.WAV,Telephone Field,recover-20220922,001,1795
179.7125,179.7491,68437,81564,Rhinolophus ferrumequinum,0.022,0.022,-1,Echolocation,/mnt/ubna_data_02_mir/recover-20220922/UBNA_001/20220921_090000.WAV,Telephone Field,recover-20220922,001,1795
179.7365,179.7463,23750,30688,Nyctalus leisleri,0.008,0.022,-1,Echolocation,/mnt/ubna_data_02_mir/recover-20220922/UBNA_001/20220921_090000.WAV,Telephone Field,recover-20220922,001,1795
179.7445,179.7788,68437,80392,Rhinolophus ferrumequinum,0.023,0.023,-1,Echolocation,/mnt/ubna_data_02_mir/recover-20220922/UBNA_001/20220921_090000.WAV,Telephone Field,recover-20220922,001,1795
179.7855,179.7968,22031,26372,Nyctalus leisleri,0.012,0.021,-1,Echolocation,/mnt/ubna_data_02_mir/recover-20220922/UBNA_001/20220921_090000.WAV,Telephone Field,recover-20220922,001,1795
179.7905,179.801,28906,35335,Eptesicus serotinus,0.009,0.027,-1,Echolocation,/mnt/ubna_data_02_mir/recover-20220922/UBNA_001/20220921_090000.WAV,Telephone Field,recover-20220922,001,1795
179.7945,179.8312,68437,81232,Rhinolophus ferrumequinum,0.03,0.03,-1,Echolocation,/mnt/ubna_data_02_mir/recover-20220922/UBNA_001/20220921_090000.WAV,Telephone Field,recover-20220922,001,1795
179.8485,179.8585,25468,32601,Nyctalus leisleri,0.01,0.03,-1,Echolocation,/mnt/ubna_data_02_mir/recover-20220922/UBNA_001/20220921_090000.WAV,Telephone Field,recover-20220922,001,1795
179.8585,179.8675,28906,38051,Eptesicus serotinus,0.009,0.024,-1,Echolocation,/mnt/ubna_data_02_mir/recover-20220922/UBNA_001/20220921_090000.WAV,Telephone Field,recover-20220922,001,1795
179.8725,179.9102,68437,81847,Rhinolophus ferrumequinum,0.024,0.025,-1,Echolocation,/mnt/ubna_data_02_mir/recover-20220922/UBNA_001/20220921_090000.WAV,Telephone Field,recover-20220922,001,1795
179.8805,179.9189,68437,81655,Rhinolophus ferrumequinum,0.025,0.025,-1,Echolocation,/mnt/ubna_data_02_mir/recover-20220922/UBNA_001/20220921_090000.WAV,Telephone Field,recover-20220922,001,1795
179.9035,179.9426,68437,82149,Rhinolophus ferrumequinum,0.022,0.022,-1,Echolocation,/mnt/ubna_data_02_mir/recover-20220922/UBNA_001/20220921_090000.WAV,Telephone Field,recover-20220922,001,1795
179.9315,179.9692,68437,82064,Rhinolophus ferrumequinum,0.043,0.043,-1,Echolocation,/mnt/ubna_data_02_mir/recover-20220922/UBNA_001/20220921_090000.WAV,Telephone Field,recover-20220922,001,1795
179.9315,179.9434,37500,41752,Pipistrellus nathusii,0.007,0.023,-1,Echolocation,/mnt/ubna_data_02_mir/recover-20220922/UBNA_001/20220921_090000.WAV,Telephone Field,recover-20220922,001,1795
179.9505,179.9899,68437,82048,Rhinolophus ferrumequinum,0.022,0.022,-1,Echolocation,/mnt/ubna_data_02_mir/recover-20220922/UBNA_001/20220921_090000.WAV,Telephone Field,recover-20220922,001,1795
180.0015,180.0147,25468,31771,Nyctalus leisleri,0.015,0.036,-1,Echolocation,/mnt/ubna_data_02_mir/recover-20220922/UBNA_001/20220921_090000.WAV,Telephone Field,recover-20220922,001,1795
180.0015,180.0339,68437,80241,Rhinolophus ferrumequinum,0.041,0.041,-1,Echolocation,/mnt/ubna_data_02_mir/recover-20220922/UBNA_001/20220921_090000.WAV,Telephone Field,recover-20220922,001,1795
180.0015,180.0094,48671,54397,Pipistrellus pipistrellus,0.016,0.023,-1,Echolocation,/mnt/ubna_data_02_mir/recover-20220922/UBNA_001/20220921_090000.WAV,Telephone Field,recover-20220922,001,1795
180.0145,180.0563,68437,82405,Rhinolophus ferrumequinum,0.023,0.023,-1,Echolocation,/mnt/ubna_data_02_mir/recover-20220922/UBNA_001/20220921_090000.WAV,Telephone Field,recover-20220922,001,1795
180.0165,180.0246,28046,39428,Eptesicus serotinus,0.007,0.022,-1,Echolocation,/mnt/ubna_data_02_mir/recover-20220922/UBNA_001/20220921_090000.WAV,Telephone Field,recover-20220922,001,1795
180.0335,180.0711,68437,81486,Rhinolophus ferrumequinum,0.022,0.022,-1,Echolocation,/mnt/ubna_data_02_mir/recover-20220922/UBNA_001/20220921_090000.WAV,Telephone Field,recover-20220922,001,1795
180.0615,180.0972,68437,80292,Rhinolophus ferrumequinum,0.025,0.025,-1,Echolocation,/mnt/ubna_data_02_mir/recover-20220922/UBNA_001/20220921_090000.WAV,Telephone Field,recover-20220922,001,1795
180.0805,180.1186,68437,81946,Rhinolophus ferrumequinum,0.023,0.023,-1,Echolocation,/mnt/ubna_data_02_mir/recover-20220922/UBNA_001/20220921_090000.WAV,Telephone Field,recover-20220922,001,1795
180.0965,180.138,68437,82831,Rhinolophus ferrumequinum,0.023,0.023,-1,Echolocation,/mnt/ubna_data_02_mir/recover-20220922/UBNA_001/20220921_090000.WAV,Telephone Field,recover-20220922,001,1795
180.1465,180.1849,68437,82110,Rhinolophus ferrumequinum,0.023,0.023,-1,Echolocation,/mnt/ubna_data_02_mir/recover-20220922/UBNA_001/20220921_090000.WAV,Telephone Field,recover-20220922,001,1795
180.1785,180.1983,17734,22301,Nyctalus noctula,0.018,0.026,-1,Echolocation,/mnt/ubna_data_02_mir/recover-20220922/UBNA_001/20220921_090000.WAV,Telephone Field,recover-20220922,001,1795
180.1995,180.2406,68437,82215,Rhinolophus ferrumequinum,0.022,0.022,-1,Echolocation,/mnt/ubna_data_02_mir/recover-20220922/UBNA_001/20220921_090000.WAV,Telephone Field,recover-20220922,001,1795
180.2345,180.2424,27187,38531,Eptesicus serotinus,0.007,0.022,-1,Echolocation,/mnt/ubna_data_02_mir/recover-20220922/UBNA_001/20220921_090000.WAV,Telephone Field,recover-20220922,001,1795
180.2575,180.2975,68437,82460,Rhinolophus ferrumequinum,0.022,0.022,-1,Echolocation,/mnt/ubna_data_02_mir/recover-20220922/UBNA_001/20220921_090000.WAV,Telephone Field,recover-20220922,001,1795
180.2955,180.3378,68437,82528,Rhinolophus ferrumequinum,0.023,0.023,-1,Echolocation,/mnt/ubna_data_02_mir/recover-20220922/UBNA_001/20220921_090000.WAV,Telephone Field,recover-20220922,001,1795
180.3045,180.3456,68437,83039,Rhinolophus ferrumequinum,0.025,0.025,-1,Echolocation,/mnt/ubna_data_02_mir/recover-20220922/UBNA_001/20220921_090000.WAV,Telephone Field,recover-20220922,001,1795
180.3075,180.3151,28046,38061,Eptesicus serotinus,0.008,0.027,-1,Echolocation,/mnt/ubna_data_02_mir/recover-20220922/UBNA_001/20220921_090000.WAV,Telephone Field,recover-20220922,001,1795
180.3275,180.3655,68437,82081,Rhinolophus ferrumequinum,0.028,0.028,-1,Echolocation,/mnt/ubna_data_02_mir/recover-20220922/UBNA_001/20220921_090000.WAV,Telephone Field,recover-20220922,001,1795
180.4285,180.4617,68437,80554,Rhinolophus ferrumequinum,0.025,0.025,-1,Echolocation,/mnt/ubna_data_02_mir/recover-20220922/UBNA_001/20220921_090000.WAV,Telephone Field,recover-20220922,001,1795
180.4405,180.4774,68437,81825,Rhinolophus ferrumequinum,0.022,0.022,-1,Echolocation,/mnt/ubna_data_02_mir/recover-20220922/UBNA_001/20220921_090000.WAV,Telephone Field,recover-20220922,001,1795
180.4595,180.4996,68437,82248,Rhinolophus ferrumequinum,0.025,0.025,-1,Echolocation,/mnt/ubna_data_02_mir/recover-20220922/UBNA_001/20220921_090000.WAV,Telephone Field,recover-20220922,001,1795
180.5035,180.5412,68437,81942,Rhinolophus ferrumequinum,0.022,0.022,-1,Echolocation,/mnt/ubna_data_02_mir/recover-20220922/UBNA_001/20220921_090000.WAV,Telephone Field,recover-20220922,001,1795
180.5115,180.5446,68437,82105,Rhinolophus ferrumequinum,0.025,0.025,-1,Echolocation,/mnt/ubna_data_02_mir/recover-20220922/UBNA_001/20220921_090000.WAV,Telephone Field,recover-20220922,001,1795
180.5285,180.5677,68437,82776,Rhinolophus ferrumequinum,0.024,0.024,-1,Echolocation,/mnt/ubna_data_02_mir/recover-20220922/UBNA_001/20220921_090000.WAV,Telephone Field,recover-20220922,001,1795
180.5645,180.6038,68437,82045,Rhinolophus ferrumequinum,0.026,0.026,-1,Echolocation,/mnt/ubna_data_02_mir/recover-20220922/UBNA_001/20220921_090000.WAV,Telephone Field,recover-20220922,001,1795
180.5915,180.6302,68437,81686,Rhinolophus ferrumequinum,0.025,0.025,-1,Echolocation,/mnt/ubna_data_02_mir/recover-20220922/UBNA_001/20220921_090000.WAV,Telephone Field,recover-20220922,001,1795
180.6295,180.6674,68437,82079,Rhinolophus ferrumequinum,0.028,0.028,-1,Echolocation,/mnt/ubna_data_02_mir/recover-20220922/UBNA_001/20220921_090000.WAV,Telephone Field,recover-20220922,001,1795
180.6735,180.6836,24609,31851,Eptesicus serotinus,0.007,0.022,-1,Echolocation,/mnt/ubna_data_02_mir/recover-20220922/UBNA_001/20220921_090000.WAV,Telephone Field,recover-20220922,001,1795
180.6735,180.7132,68437,82264,Rhinolophus ferrumequinum,0.022,0.022,-1,Echolocation,/mnt/ubna_data_02_mir/recover-20220922/UBNA_001/20220921_090000.WAV,Telephone Field,recover-20220922,001,1795
180.7025,180.7107,28046,41642,Eptesicus serotinus,0.009,0.027,-1,Echolocation,/mnt/ubna_data_02_mir/recover-20220922/UBNA_001/20220921_090000.WAV,Telephone Field,recover-20220922,001,1795
180.7405,180.7828,68437,82615,Rhinolophus ferrumequinum,0.034,0.034,-1,Echolocation,/mnt/ubna_data_02_mir/recover-20220922/UBNA_001/20220921_090000.WAV,Telephone Field,recover-20220922,001,1795
180.7655,180.7736,28046,38726,Eptesicus serotinus,0.008,0.023,-1,Echolocation,/mnt/ubna_data_02_mir/recover-20220922/UBNA_001/20220921_090000.WAV,Telephone Field,recover-20220922,001,1795
180.7795,180.817,68437,81148,Rhinolophus ferrumequinum,0.025,0.025,-1,Echolocation,/mnt/ubna_data_02_mir/recover-20220922/UBNA_001/20220921_090000.WAV,Telephone Field,recover-20220922,001,1795
180.8185,180.8287,22031,27353,Nyctalus leisleri,0.009,0.022,-1,Echolocation,/mnt/ubna_data_02_mir/recover-20220922/UBNA_001/20220921_090000.WAV,Telephone Field,recover-20220922,001,1795
180.8835,180.925,68437,82761,Rhinolophus ferrumequinum,0.028,0.028,-1,Echolocation,/mnt/ubna_data_02_mir/recover-20220922/UBNA_001/20220921_090000.WAV,Telephone Field,recover-20220922,001,1795
180.9065,180.9133,24609,34284,Plecotus austriacus,0.011,0.027,-1,Echolocation,/mnt/ubna_data_02_mir/recover-20220922/UBNA_001/20220921_090000.WAV,Telephone Field,recover-20220922,001,1795
180.9325,180.9712,68437,82165,Rhinolophus ferrumequinum,0.027,0.027,-1,Echolocation,/mnt/ubna_data_02_mir/recover-20220922/UBNA_001/20220921_090000.WAV,Telephone Field,recover-20220922,001,1795
180.9405,180.9821,68437,83289,Rhinolophus ferrumequinum,0.033,0.033,-1,Echolocation,/mnt/ubna_data_02_mir/recover-20220922/UBNA_001/20220921_090000.WAV,Telephone Field,recover-20220922,001,1795
181.0155,181.0548,68437,82347,Rhinolophus ferrumequinum,0.022,0.022,-1,Echolocation,/mnt/ubna_data_02_mir/recover-20220922/UBNA_001/20220921_090000.WAV,Telephone Field,recover-20220922,001,1795
181.0275,181.0663,68437,82229,Rhinolophus ferrumequinum,0.022,0.022,-1,Echolocation,/mnt/ubna_data_02_mir/recover-20220922/UBNA_001/20220921_090000.WAV,Telephone Field,recover-20220922,001,1795
181.0445,181.0825,68437,81626,Rhinolophus ferrumequinum,0.022,0.022,-1,Echolocation,/mnt/ubna_data_02_mir/recover-20220922/UBNA_001/20220921_090000.WAV,Telephone Field,recover-20220922,001,1795
181.0915,181.1349,68437,82541,Rhinolophus ferrumequinum,0.028,0.028,-1,Echolocation,/mnt/ubna_data_02_mir/recover-20220922/UBNA_001/20220921_090000.WAV,Telephone Field,recover-20220922,001,1795
181.1055,181.1153,23750,29720,Nyctalus leisleri,0.012,0.027,-1,Echolocation,/mnt/ubna_data_02_mir/recover-20220922/UBNA_001/20220921_090000.WAV,Telephone Field,recover-20220922,001,1795
181.1285,181.1696,68437,82647,Rhinolophus ferrumequinum,0.025,0.025,-1,Echolocation,/mnt/ubna_data_02_mir/recover-20220922/UBNA_001/20220921_090000.WAV,Telephone Field,recover-20220922,001,1795
181.1505,181.1598,28046,37795,Eptesicus serotinus,0.008,0.022,-1,Echolocation,/mnt/ubna_data_02_mir/recover-20220922/UBNA_001/20220921_090000.WAV,Telephone Field,recover-20220922,001,1795
181.1605,181.1987,68437,81982,Rhinolophus ferrumequinum,0.025,0.025,-1,Echolocation,/mnt/ubna_data_02_mir/recover-20220922/UBNA_001/20220921_090000.WAV,Telephone Field,recover-20220922,001,1795
181.1895,181.2315,68437,82692,Rhinolophus ferrumequinum,0.026,0.026,-1,Echolocation,/mnt/ubna_data_02_mir/recover-20220922/UBNA_001/20220921_090000.WAV,Telephone Field,recover-20220922,001,1795
181.2055,181.2384,68437,79829,Rhinolophus ferrumequinum,0.024,0.024,-1,Echolocation,/mnt/ubna_data_02_mir/recover-20220922/UBNA_001/20220921_090000.WAV,Telephone Field,recover-20220922,001,1795
181.2135,181.2486,68437,81467,Rhinolophus ferrumequinum,0.023,0.023,-1,Echolocation,/mnt/ubna_data_02_mir/recover-20220922/UBNA_001/20220921_090000.WAV,Telephone Field,recover-20220922,001,1795
181.2345,181.2708,68437,81252,Rhinolophus ferrumequinum,0.022,0.022,-1,Echolocation,/mnt/ubna_data_02_mir/recover-20220922/UBNA_001/20220921_090000.WAV,Telephone Field,recover-20220922,001,1795
181.2475,181.2866,68437,81698,Rhinolophus ferrumequinum,0.022,0.022,-1,Echolocation,/mnt/ubna_data_02_mir/recover-20220922/UBNA_001/20220921_090000.WAV,Telephone Field,recover-20220922,001,1795
181.2495,181.2586,23750,31175,Nyctalus leisleri,0.007,0.025,-1,Echolocation,/mnt/ubna_data_02_mir/recover-20220922/UBNA_001/20220921_090000.WAV,Telephone Field,recover-20220922,001,1795
181.2965,181.3393,68437,83231,Rhinolophus ferrumequinum,0.036,0.036,-1,Echolocation,/mnt/ubna_data_02_mir/recover-20220922/UBNA_001/20220921_090000.WAV,Telephone Field,recover-20220922,001,1795
181.3095,181.3529,68437,82593,Rhinolophus ferrumequinum,0.023,0.023,-1,Echolocation,/mnt/ubna_data_02_mir/recover-20220922/UBNA_001/20220921_090000.WAV,Telephone Field,recover-20220922,001,1795
181.3155,181.3256,22031,27790,Nyctalus leisleri,0.009,0.025,-1,Echolocation,/mnt/ubna_data_02_mir/recover-20220922/UBNA_001/20220921_090000.WAV,Telephone Field,recover-20220922,001,1795
181.3335,181.3727,68437,82250,Rhinolophus ferrumequinum,0.022,0.022,-1,Echolocation,/mnt/ubna_data_02_mir/recover-20220922/UBNA_001/20220921_090000.WAV,Telephone Field,recover-20220922,001,1795
181.3595,181.3957,68437,80701,Rhinolophus ferrumequinum,0.03,0.03,-1,Echolocation,/mnt/ubna_data_02_mir/recover-20220922/UBNA_001/20220921_090000.WAV,Telephone Field,recover-20220922,001,1795
181.3715,181.4085,68437,80988,Rhinolophus ferrumequinum,0.023,0.023,-1,Echolocation,/mnt/ubna_data_02_mir/recover-20220922/UBNA_001/20220921_090000.WAV,Telephone Field,recover-20220922,001,1795
181.3745,181.382,28046,39523,Eptesicus serotinus,0.007,0.023,-1,Echolocation,/mnt/ubna_data_02_mir/recover-20220922/UBNA_001/20220921_090000.WAV,Telephone Field,recover-20220922,001,1795
181.3925,181.4285,68437,81473,Rhinolophus ferrumequinum,0.022,0.022,-1,Echolocation,/mnt/ubna_data_02_mir/recover-20220922/UBNA_001/20220921_090000.WAV,Telephone Field,recover-20220922,001,1795
181.4005,181.4401,68437,82283,Rhinolophus ferrumequinum,0.026,0.026,-1,Echolocation,/mnt/ubna_data_02_mir/recover-20220922/UBNA_001/20220921_090000.WAV,Telephone Field,recover-20220922,001,1795
181.4035,181.4154,22890,28114,Nyctalus leisleri,0.014,0.026,-1,Echolocation,/mnt/ubna_data_02_mir/recover-20220922/UBNA_001/20220921_090000.WAV,Telephone Field,recover-20220922,001,1795
181.4145,181.4237,24609,33012,Eptesicus serotinus,0.009,0.022,-1,Echolocation,/mnt/ubna_data_02_mir/recover-20220922/UBNA_001/20220921_090000.WAV,Telephone Field,recover-20220922,001,1795
181.4245,181.4633,68437,82119,Rhinolophus ferrumequinum,0.023,0.023,-1,Echolocation,/mnt/ubna_data_02_mir/recover-20220922/UBNA_001/20220921_090000.WAV,Telephone Field,recover-20220922,001,1795
181.4765,181.5136,68437,81827,Rhinolophus ferrumequinum,0.022,0.022,-1,Echolocation,/mnt/ubna_data_02_mir/recover-20220922/UBNA_001/20220921_090000.WAV,Telephone Field,recover-20220922,001,1795
181.4915,181.4991,25468,34757,Eptesicus serotinus,0.007,0.023,-1,Echolocation,/mnt/ubna_data_02_mir/recover-20220922/UBNA_001/20220921_090000.WAV,Telephone Field,recover-20220922,001,1795
181.5145,181.5514,68437,81200,Rhinolophus ferrumequinum,0.022,0.022,-1,Echolocation,/mnt/ubna_data_02_mir/recover-20220922/UBNA_001/20220921_090000.WAV,Telephone Field,recover-20220922,001,1795
181.5365,181.5437,27187,41058,Eptesicus serotinus,0.007,0.022,-1,Echolocation,/mnt/ubna_data_02_mir/recover-20220922/UBNA_001/20220921_090000.WAV,Telephone Field,recover-20220922,001,1795
181.5455,181.5847,68437,82538,Rhinolophus ferrumequinum,0.027,0.027,-1,Echolocation,/mnt/ubna_data_02_mir/recover-20220922/UBNA_001/20220921_090000.WAV,Telephone Field,recover-20220922,001,1795
181.5825,181.6038,19453,22408,Nyctalus noctula,0.02,0.039,-1,Echolocation,/mnt/ubna_data_02_mir/recover-20220922/UBNA_001/20220921_090000.WAV,Telephone Field,recover-20220922,001,1795
181.6565,181.6931,68437,81245,Rhinolophus ferrumequinum,0.025,0.025,-1,Echolocation,/mnt/ubna_data_02_mir/recover-20220922/UBNA_001/20220921_090000.WAV,Telephone Field,recover-20220922,001,1795
181.7625,181.8025,68437,82499,Rhinolophus ferrumequinum,0.026,0.026,-1,Echolocation,/mnt/ubna_data_02_mir/recover-20220922/UBNA_001/20220921_090000.WAV,Telephone Field,recover-20220922,001,1795
181.7835,181.8201,68437,81924,Rhinolophus ferrumequinum,0.023,0.023,-1,Echolocation,/mnt/ubna_data_02_mir/recover-20220922/UBNA_001/20220921_090000.WAV,Telephone Field,recover-20220922,001,1795
181.8345,181.8773,68437,82859,Rhinolophus ferrumequinum,0.025,0.025,-1,Echolocation,/mnt/ubna_data_02_mir/recover-20220922/UBNA_001/20220921_090000.WAV,Telephone Field,recover-20220922,001,1795
181.8565,181.8674,22890,27717,Nyctalus leisleri,0.011,0.022,-1,Echolocation,/mnt/ubna_data_02_mir/recover-20220922/UBNA_001/20220921_090000.WAV,Telephone Field,recover-20220922,001,1795
181.8775,181.9209,68437,83413,Rhinolophus ferrumequinum,0.036,0.036,-1,Echolocation,/mnt/ubna_data_02_mir/recover-20220922/UBNA_001/20220921_090000.WAV,Telephone Field,recover-20220922,001,1795
181.9275,181.9361,25468,33780,Eptesicus serotinus,0.008,0.026,-1,Echolocation,/mnt/ubna_data_02_mir/recover-20220922/UBNA_001/20220921_090000.WAV,Telephone Field,recover-20220922,001,1795
181.9325,181.9751,68437,83181,Rhinolophus ferrumequinum,0.028,0.028,-1,Echolocation,/mnt/ubna_data_02_mir/recover-20220922/UBNA_001/20220921_090000.WAV,Telephone Field,recover-20220922,001,1795
181.9515,181.9665,22890,27126,Nyctalus leisleri,0.019,0.033,-1,Echolocation,/mnt/ubna_data_02_mir/recover-20220922/UBNA_001/20220921_090000.WAV,Telephone Field,recover-20220922,001,1795
181.9535,181.9606,47812,51977,Pipistrellus pipistrellus,0.035,0.038,-1,Echolocation,/mnt/ubna_data_02_mir/recover-20220922/UBNA_001/20220921_090000.WAV,Telephone Field,recover-20220922,001,1795
182.0015,182.0154,28046,33905,Nyctalus leisleri,0.023,0.053,-1,Echolocation,/mnt/ubna_data_02_mir/recover-20220922/UBNA_001/20220921_090000.WAV,Telephone Field,recover-20220922,001,1795
182.0015,182.0333,68437,80071,Rhinolophus ferrumequinum,0.032,0.032,-1,Echolocation,/mnt/ubna_data_02_mir/recover-20220922/UBNA_001/20220921_090000.WAV,Telephone Field,recover-20220922,001,1795
182.0335,182.0449,22890,26703,Nyctalus leisleri,0.018,0.03,-1,Echolocation,/mnt/ubna_data_02_mir/recover-20220922/UBNA_001/20220921_090000.WAV,Telephone Field,recover-20220922,001,1795
182.0775,182.0994,18593,21045,Nyctalus noctula,0.016,0.029,-1,Echolocation,/mnt/ubna_data_02_mir/recover-20220922/UBNA_001/20220921_090000.WAV,Telephone Field,recover-20220922,001,1795
182.1185,182.1283,28906,36376,Eptesicus serotinus,0.01,0.023,-1,Echolocation,/mnt/ubna_data_02_mir/recover-20220922/UBNA_001/20220921_090000.WAV,Telephone Field,recover-20220922,001,1795
182.1525,182.1908,68437,82014,Rhinolophus ferrumequinum,0.022,0.022,-1,Echolocation,/mnt/ubna_data_02_mir/recover-20220922/UBNA_001/20220921_090000.WAV,Telephone Field,recover-20220922,001,1795
182.1575,182.1651,27187,40933,Eptesicus serotinus,0.008,0.023,-1,Echolocation,/mnt/ubna_data_02_mir/recover-20220922/UBNA_001/20220921_090000.WAV,Telephone Field,recover-20220922,001,1795
182.1725,182.2139,68437,82744,Rhinolophus ferrumequinum,0.026,0.026,-1,Echolocation,/mnt/ubna_data_02_mir/recover-20220922/UBNA_001/20220921_090000.WAV,Telephone Field,recover-20220922,001,1795
182.2165,182.2569,68437,82488,Rhinolophus ferrumequinum,0.024,0.024,-1,Echolocation,/mnt/ubna_data_02_mir/recover-20220922/UBNA_001/20220921_090000.WAV,Telephone Field,recover-20220922,001,1795
182.2545,182.2645,23750,30248,Nyctalus leisleri,0.008,0.024,-1,Echolocation,/mnt/ubna_data_02_mir/recover-20220922/UBNA_001/20220921_090000.WAV,Telephone Field,recover-20220922,001,1795
182.2605,182.298,68437,81750,Rhinolophus ferrumequinum,0.022,0.022,-1,Echolocation,/mnt/ubna_data_02_mir/recover-20220922/UBNA_001/20220921_090000.WAV,Telephone Field,recover-20220922,001,1795
182.2675,182.2795,23750,30023,Nyctalus leisleri,0.013,0.032,-1,Echolocation,/mnt/ubna_data_02_mir/recover-20220922/UBNA_001/20220921_090000.WAV,Telephone Field,recover-20220922,001,1795
182.3035,182.3465,68437,83398,Rhinolophus ferrumequinum,0.044,0.044,-1,Echolocation,/mnt/ubna_data_02_mir/recover-20220922/UBNA_001/20220921_090000.WAV,Telephone Field,recover-20220922,001,1795
182.3445,182.3881,68437,83231,Rhinolophus ferrumequinum,0.033,0.033,-1,Echolocation,/mnt/ubna_data_02_mir/recover-20220922/UBNA_001/20220921_090000.WAV,Telephone Field,recover-20220922,001,1795
182.3545,182.3622,24609,34024,Plecotus austriacus,0.007,0.024,-1,Echolocation,/mnt/ubna_data_02_mir/recover-20220922/UBNA_001/20220921_090000.WAV,Telephone Field,recover-20220922,001,1795
182.3565,182.3964,68437,82145,Rhinolophus ferrumequinum,0.023,0.023,-1,Echolocation,/mnt/ubna_data_02_mir/recover-20220922/UBNA_001/20220921_090000.WAV,Telephone Field,recover-20220922,001,1795
182.3955,182.4333,68437,82347,Rhinolophus ferrumequinum,0.024,0.024,-1,Echolocation,/mnt/ubna_data_02_mir/recover-20220922/UBNA_001/20220921_090000.WAV,Telephone Field,recover-20220922,001,1795
182.4475,182.4877,68437,82877,Rhinolophus ferrumequinum,0.026,0.027,-1,Echolocation,/mnt/ubna_data_02_mir/recover-20220922/UBNA_001/20220921_090000.WAV,Telephone Field,recover-20220922,001,1795
182.4915,182.5019,28046,35522,Eptesicus serotinus,0.011,0.024,-1,Echolocation,/mnt/ubna_data_02_mir/recover-20220922/UBNA_001/20220921_090000.WAV,Telephone Field,recover-20220922,001,1795
182.5485,182.5648,37500,40559,Pipistrellus nathusii,0.034,0.054,-1,Echolocation,/mnt/ubna_data_02_mir/recover-20220922/UBNA_001/20220921_090000.WAV,Telephone Field,recover-20220922,001,1795
182.5955,182.6054,25468,33008,Eptesicus serotinus,0.009,0.025,-1,Echolocation,/mnt/ubna_data_02_mir/recover-20220922/UBNA_001/20220921_090000.WAV,Telephone Field,recover-20220922,001,1795
182.5975,182.6372,68437,81720,Rhinolophus ferrumequinum,0.023,0.023,-1,Echolocation,/mnt/ubna_data_02_mir/recover-20220922/UBNA_001/20220921_090000.WAV,Telephone Field,recover-20220922,001,1795
182.6205,182.6288,27187,38192,Eptesicus serotinus,0.011,0.027,-1,Echolocation,/mnt/ubna_data_02_mir/recover-20220922/UBNA_001/20220921_090000.WAV,Telephone Field,recover-20220922,001,1795
182.6445,182.6837,68437,82475,Rhinolophus ferrumequinum,0.024,0.024,-1,Echolocation,/mnt/ubna_data_02_mir/recover-20220922/UBNA_001/20220921_090000.WAV,Telephone Field,recover-20220922,001,1795
182.6585,182.669,23750,30044,Nyctalus leisleri,0.009,0.024,-1,Echolocation,/mnt/ubna_data_02_mir/recover-20220922/UBNA_001/20220921_090000.WAV,Telephone Field,recover-20220922,001,1795
182.6665,182.7065,68437,82877,Rhinolophus ferrumequinum,0.027,0.027,-1,Echolocation,/mnt/ubna_data_02_mir/recover-20220922/UBNA_001/20220921_090000.WAV,Telephone Field,recover-20220922,001,1795
182.7155,182.7536,68437,82180,Rhinolophus ferrumequinum,0.025,0.025,-1,Echolocation,/mnt/ubna_data_02_mir/recover-20220922/UBNA_001/20220921_090000.WAV,Telephone Field,recover-20220922,001,1795
182.7465,182.7858,68437,82130,Rhinolophus ferrumequinum,0.025,0.025,-1,Echolocation,/mnt/ubna_data_02_mir/recover-20220922/UBNA_001/20220921_090000.WAV,Telephone Field,recover-20220922,001,1795
182.7515,182.7905,68437,82078,Rhinolophus ferrumequinum,0.025,0.025,-1,Echolocation,/mnt/ubna_data_02_mir/recover-20220922/UBNA_001/20220921_090000.WAV,Telephone Field,recover-20220922,001,1795
182.7605,182.7988,68437,82300,Rhinolophus ferrumequinum,0.028,0.028,-1,Echolocation,/mnt/ubna_data_02_mir/recover-20220922/UBNA_001/20220921_090000.WAV,Telephone Field,recover-20220922,001,1795
182.7675,182.8046,68437,81884,Rhinolophus ferrumequinum,0.029,0.029,-1,Echolocation,/mnt/ubna_data_02_mir/recover-20220922/UBNA_001/20220921_090000.WAV,Telephone Field,recover-20220922,001,1795
182.7775,182.7896,23750,29082,Nyctalus leisleri,0.019,0.039,-1,Echolocation,/mnt/ubna_data_02_mir/recover-20220922/UBNA_001/20220921_090000.WAV,Telephone Field,recover-20220922,001,1795
182.7875,182.8285,68437,82779,Rhinolophus ferrumequinum,0.029,0.029,-1,Echolocation,/mnt/ubna_data_02_mir/recover-20220922/UBNA_001/20220921_090000.WAV,Telephone Field,recover-20220922,001,1795
182.7955,182.8356,68437,82381,Rhinolophus ferrumequinum,0.03,0.03,-1,Echolocation,/mnt/ubna_data_02_mir/recover-20220922/UBNA_001/20220921_090000.WAV,Telephone Field,recover-20220922,001,1795
182.7995,182.8063,26328,39252,Eptesicus serotinus,0.005,0.023,-1,Echolocation,/mnt/ubna_data_02_mir/recover-20220922/UBNA_001/20220921_090000.WAV,Telephone Field,recover-20220922,001,1795
182.8115,182.8251,22031,26179,Nyctalus leisleri,0.012,0.023,-1,Echolocation,/mnt/ubna_data_02_mir/recover-20220922/UBNA_001/20220921_090000.WAV,Telephone Field,recover-20220922,001,1795
182.8355,182.874,68437,81693,Rhinolophus ferrumequinum,0.024,0.024,-1,Echolocation,/mnt/ubna_data_02_mir/recover-20220922/UBNA_001/20220921_090000.WAV,Telephone Field,recover-20220922,001,1795
182.8445,182.8547,22031,27264,Nyctalus leisleri,0.011,0.023,-1,Echolocation,/mnt/ubna_data_02_mir/recover-20220922/UBNA_001/20220921_090000.WAV,Telephone Field,recover-20220922,001,1795
182.8715,182.9143,68437,83207,Rhinolophus ferrumequinum,0.032,0.032,-1,Echolocation,/mnt/ubna_data_02_mir/recover-20220922/UBNA_001/20220921_090000.WAV,Telephone Field,recover-20220922,001,1795
182.9185,182.9578,68437,82880,Rhinolophus ferrumequinum,0.03,0.03,-1,Echolocation,/mnt/ubna_data_02_mir/recover-20220922/UBNA_001/20220921_090000.WAV,Telephone Field,recover-20220922,001,1795
182.9425,182.9506,27187,40011,Eptesicus serotinus,0.009,0.027,-1,Echolocation,/mnt/ubna_data_02_mir/recover-20220922/UBNA_001/20220921_090000.WAV,Telephone Field,recover-20220922,001,1795
182.9685,183.0113,68437,83300,Rhinolophus ferrumequinum,0.047,0.047,-1,Echolocation,/mnt/ubna_data_02_mir/recover-20220922/UBNA_001/20220921_090000.WAV,Telephone Field,recover-20220922,001,1795
182.9705,182.9804,25468,33194,Eptesicus serotinus,0.01,0.024,-1,Echolocation,/mnt/ubna_data_02_mir/recover-20220922/UBNA_001/20220921_090000.WAV,Telephone Field,recover-20220922,001,1795
183.0065,183.0128,28046,42795,Eptesicus serotinus,0.008,0.035,-1,Echolocation,/mnt/ubna_data_02_mir/recover-20220922/UBNA_001/20220921_090000.WAV,Telephone Field,recover-20220922,001,1795
183.0405,183.0784,68437,82089,Rhinolophus ferrumequinum,0.033,0.033,-1,Echolocation,/mnt/ubna_data_02_mir/recover-20220922/UBNA_001/20220921_090000.WAV,Telephone Field,recover-20220922,001,1795
183.0915,183.1342,68437,83491,Rhinolophus ferrumequinum,0.036,0.036,-1,Echolocation,/mnt/ubna_data_02_mir/recover-20220922/UBNA_001/20220921_090000.WAV,Telephone Field,recover-20220922,001,1795
183.1305,183.167,68437,81764,Rhinolophus ferrumequinum,0.023,0.023,-1,Echolocation,/mnt/ubna_data_02_mir/recover-20220922/UBNA_001/20220921_090000.WAV,Telephone Field,recover-20220922,001,1795
183.1485,183.1842,68437,81775,Rhinolophus ferrumequinum,0.023,0.023,-1,Echolocation,/mnt/ubna_data_02_mir/recover-20220922/UBNA_001/20220921_090000.WAV,Telephone Field,recover-20220922,001,1795
183.1585,183.1952,68437,82111,Rhinolophus ferrumequinum,0.024,0.024,-1,Echolocation,/mnt/ubna_data_02_mir/recover-20220922/UBNA_001/20220921_090000.WAV,Telephone Field,recover-20220922,001,1795
183.1685,183.2045,68437,81008,Rhinolophus ferrumequinum,0.022,0.022,-1,Echolocation,/mnt/ubna_data_02_mir/recover-20220922/UBNA_001/20220921_090000.WAV,Telephone Field,recover-20220922,001,1795
183.1985,183.2349,68437,82166,Rhinolophus ferrumequinum,0.028,0.028,-1,Echolocation,/mnt/ubna_data_02_mir/recover-20220922/UBNA_001/20220921_090000.WAV,Telephone Field,recover-20220922,001,1795
183.2125,183.2544,68437,82945,Rhinolophus ferrumequinum,0.026,0.026,-1,Echolocation,/mnt/ubna_data_02_mir/recover-20220922/UBNA_001/20220921_090000.WAV,Telephone Field,recover-20220922,001,1795
183.2455,183.2817,68437,81764,Rhinolophus ferrumequinum,0.024,0.024,-1,Echolocation,/mnt/ubna_data_02_mir/recover-20220922/UBNA_001/20220921_090000.WAV,Telephone Field,recover-20220922,001,1795
183.2665,183.3009,68437,80555,Rhinolophus ferrumequinum,0.024,0.024,-1,Echolocation,/mnt/ubna_data_02_mir/recover-20220922/UBNA_001/20220921_090000.WAV,Telephone Field,recover-20220922,001,1795
183.2675,183.2767,28046,39745,Eptesicus serotinus,0.009,0.024,-1,Echolocation,/mnt/ubna_data_02_mir/recover-20220922/UBNA_001/20220921_090000.WAV,Telephone Field,recover-20220922,001,1795
183.3095,183.3211,54687,59018,Pipistrellus pygmaeus,0.024,0.026,-1,Echolocation,/mnt/ubna_data_02_mir/recover-20220922/UBNA_001/20220921_090000.WAV,Telephone Field,recover-20220922,001,1795
183.3445,183.3531,49531,53891,Pipistrellus pipistrellus,0.028,0.031,-1,Echolocation,/mnt/ubna_data_02_mir/recover-20220922/UBNA_001/20220921_090000.WAV,Telephone Field,recover-20220922,001,1795
183.3665,183.4062,68437,82618,Rhinolophus ferrumequinum,0.025,0.025,-1,Echolocation,/mnt/ubna_data_02_mir/recover-20220922/UBNA_001/20220921_090000.WAV,Telephone Field,recover-20220922,001,1795
183.3835,183.4234,68437,82646,Rhinolophus ferrumequinum,0.028,0.028,-1,Echolocation,/mnt/ubna_data_02_mir/recover-20220922/UBNA_001/20220921_090000.WAV,Telephone Field,recover-20220922,001,1795
183.4175,183.4563,68437,82371,Rhinolophus ferrumequinum,0.026,0.026,-1,Echolocation,/mnt/ubna_data_02_mir/recover-20220922/UBNA_001/20220921_090000.WAV,Telephone Field,recover-20220922,001,1795
183.4265,183.4344,27187,40069,Eptesicus serotinus,0.007,0.023,-1,Echolocation,/mnt/ubna_data_02_mir/recover-20220922/UBNA_001/20220921_090000.WAV,Telephone Field,recover-20220922,001,1795
183.4715,183.514,68437,83593,Rhinolophus ferrumequinum,0.029,0.029,-1,Echolocation,/mnt/ubna_data_02_mir/recover-20220922/UBNA_001/20220921_090000.WAV,Telephone Field,recover-20220922,001,1795
183.4865,183.5248,68437,82862,Rhinolophus ferrumequinum,0.023,0.023,-1,Echolocation,/mnt/ubna_data_02_mir/recover-20220922/UBNA_001/20220921_090000.WAV,Telephone Field,recover-20220922,001,1795
183.5675,183.5766,45234,49198,Pipistrellus pipistrellus,0.025,0.027,-1,Echolocation,/mnt/ubna_data_02_mir/recover-20220922/UBNA_001/20220921_090000.WAV,Telephone Field,recover-20220922,001,1795
183.5675,183.6064,68437,82302,Rhinolophus ferrumequinum,0.023,0.023,-1,Echolocation,/mnt/ubna_data_02_mir/recover-20220922/UBNA_001/20220921_090000.WAV,Telephone Field,recover-20220922,001,1795
183.5695,183.5784,26328,36149,Eptesicus serotinus,0.008,0.024,-1,Echolocation,/mnt/ubna_data_02_mir/recover-20220922/UBNA_001/20220921_090000.WAV,Telephone Field,recover-20220922,001,1795
183.6095,183.6185,28046,37530,Eptesicus serotinus,0.009,0.023,-1,Echolocation,/mnt/ubna_data_02_mir/recover-20220922/UBNA_001/20220921_090000.WAV,Telephone Field,recover-20220922,001,1795
183.6425,183.6777,68437,80889,Rhinolophus ferrumequinum,0.027,0.027,-1,Echolocation,/mnt/ubna_data_02_mir/recover-20220922/UBNA_001/20220921_090000.WAV,Telephone Field,recover-20220922,001,1795
183.6515,183.6901,68437,81491,Rhinolophus ferrumequinum,0.023,0.023,-1,Echolocation,/mnt/ubna_data_02_mir/recover-20220922/UBNA_001/20220921_090000.WAV,Telephone Field,recover-20220922,001,1795
183.6595,183.6985,68437,82585,Rhinolophus ferrumequinum,0.024,0.024,-1,Echolocation,/mnt/ubna_data_02_mir/recover-20220922/UBNA_001/20220921_090000.WAV,Telephone Field,recover-20220922,001,1795
183.6945,183.7314,68437,81394,Rhinolophus ferrumequinum,0.023,0.023,-1,Echolocation,/mnt/ubna_data_02_mir/recover-20220922/UBNA_001/20220921_090000.WAV,Telephone Field,recover-20220922,001,1795
183.7285,183.7397,23750,29420,Nyctalus leisleri,0.012,0.028,-1,Echolocation,/mnt/ubna_data_02_mir/recover-20220922/UBNA_001/20220921_090000.WAV,Telephone Field,recover-20220922,001,1795
183.7485,183.7877,68437,82306,Rhinolophus ferrumequinum,0.023,0.023,-1,Echolocation,/mnt/ubna_data_02_mir/recover-20220922/UBNA_001/20220921_090000.WAV,Telephone Field,recover-20220922,001,1795
183.7595,183.7966,68437,82130,Rhinolophus ferrumequinum,0.023,0.023,-1,Echolocation,/mnt/ubna_data_02_mir/recover-20220922/UBNA_001/20220921_090000.WAV,Telephone Field,recover-20220922,001,1795
183.7865,183.8268,68437,82591,Rhinolophus ferrumequinum,0.026,0.026,-1,Echolocation,/mnt/ubna_data_02_mir/recover-20220922/UBNA_001/20220921_090000.WAV,Telephone Field,recover-20220922,001,1795
183.8475,183.8889,68437,82868,Rhinolophus ferrumequinum,0.024,0.024,-1,Echolocation,/mnt/ubna_data_02_mir/recover-20220922/UBNA_001/20220921_090000.WAV,Telephone Field,recover-20220922,001,1795
183.8915,183.8985,27187,37055,Eptesicus serotinus,0.015,0.04,-1,Echolocation,/mnt/ubna_data_02_mir/recover-20220922/UBNA_001/20220921_090000.WAV,Telephone Field,recover-20220922,001,1795
183.9275,183.9354,27187,41133,Eptesicus serotinus,0.008,0.024,-1,Echolocation,/mnt/ubna_data_02_mir/recover-20220922/UBNA_001/20220921_090000.WAV,Telephone Field,recover-20220922,001,1795
183.9495,183.9586,28046,37464,Eptesicus serotinus,0.01,0.025,-1,Echolocation,/mnt/ubna_data_02_mir/recover-20220922/UBNA_001/20220921_090000.WAV,Telephone Field,recover-20220922,001,1795
183.9525,183.9932,68437,82188,Rhinolophus ferrumequinum,0.023,0.023,-1,Echolocation,/mnt/ubna_data_02_mir/recover-20220922/UBNA_001/20220921_090000.WAV,Telephone Field,recover-20220922,001,1795
183.9645,183.9739,25468,33244,Eptesicus serotinus,0.011,0.028,-1,Echolocation,/mnt/ubna_data_02_mir/recover-20220922/UBNA_001/20220921_090000.WAV,Telephone Field,recover-20220922,001,1795
184.0015,184.0357,68437,79710,Rhinolophus ferrumequinum,0.057,0.057,-1,Echolocation,/mnt/ubna_data_02_mir/recover-20220922/UBNA_001/20220921_090000.WAV,Telephone Field,recover-20220922,001,1795
184.0015,184.016,20312,24140,Nyctalus leisleri,0.019,0.032,-1,Echolocation,/mnt/ubna_data_02_mir/recover-20220922/UBNA_001/20220921_090000.WAV,Telephone Field,recover-20220922,001,1795
184.0455,184.0851,68437,82573,Rhinolophus ferrumequinum,0.023,0.023,-1,Echolocation,/mnt/ubna_data_02_mir/recover-20220922/UBNA_001/20220921_090000.WAV,Telephone Field,recover-20220922,001,1795
184.0785,184.1165,68437,81851,Rhinolophus ferrumequinum,0.022,0.022,-1,Echolocation,/mnt/ubna_data_02_mir/recover-20220922/UBNA_001/20220921_090000.WAV,Telephone Field,recover-20220922,001,1795
184.0925,184.0996,47812,51892,Pipistrellus pipistrellus,0.055,0.056,-1,Echolocation,/mnt/ubna_data_02_mir/recover-20220922/UBNA_001/20220921_090000.WAV,Telephone Field,recover-20220922,001,1795
184.0945,184.1013,24609,37195,Plecotus austriacus,0.009,0.024,-1,Echolocation,/mnt/ubna_data_02_mir/recover-20220922/UBNA_001/20220921_090000.WAV,Telephone Field,recover-20220922,001,1795
184.1035,184.1404,68437,81943,Rhinolophus ferrumequinum,0.022,0.023,-1,Echolocation,/mnt/ubna_data_02_mir/recover-20220922/UBNA_001/20220921_090000.WAV,Telephone Field,recover-20220922,001,1795
184.1205,184.162,68437,82643,Rhinolophus ferrumequinum,0.025,0.025,-1,Echolocation,/mnt/ubna_data_02_mir/recover-20220922/UBNA_001/20220921_090000.WAV,Telephone Field,recover-20220922,001,1795
184.1475,184.1545,23750,33156,Plecotus austriacus,0.014,0.029,-1,Echolocation,/mnt/ubna_data_02_mir/recover-20220922/UBNA_001/20220921_090000.WAV,Telephone Field,recover-20220922,001,1795
184.1665,184.20589999999999,68437,82561,Rhinolophus ferrumequinum,0.022,0.022,-1,Echolocation,/mnt/ubna_data_02_mir/recover-20220922/UBNA_001/20220921_090000.WAV,Telephone Field,recover-20220922,001,1795
184.2275,184.26670000000001,68437,81990,Rhinolophus ferrumequinum,0.022,0.022,-1,Echolocation,/mnt/ubna_data_02_mir/recover-20220922/UBNA_001/20220921_090000.WAV,Telephone Field,recover-20220922,001,1795
184.2545,184.2987,68437,82666,Rhinolophus ferrumequinum,0.039,0.039,-1,Echolocation,/mnt/ubna_data_02_mir/recover-20220922/UBNA_001/20220921_090000.WAV,Telephone Field,recover-20220922,001,1795
184.2685,184.3021,68437,81185,Rhinolophus ferrumequinum,0.024,0.024,-1,Echolocation,/mnt/ubna_data_02_mir/recover-20220922/UBNA_001/20220921_090000.WAV,Telephone Field,recover-20220922,001,1795
184.3135,184.3521,68437,82649,Rhinolophus ferrumequinum,0.025,0.025,-1,Echolocation,/mnt/ubna_data_02_mir/recover-20220922/UBNA_001/20220921_090000.WAV,Telephone Field,recover-20220922,001,1795
184.3565,184.364,27187,38391,Eptesicus serotinus,0.007,0.023,-1,Echolocation,/mnt/ubna_data_02_mir/recover-20220922/UBNA_001/20220921_090000.WAV,Telephone Field,recover-20220922,001,1795
184.3765,184.4158,68437,82531,Rhinolophus ferrumequinum,0.026,0.026,-1,Echolocation,/mnt/ubna_data_02_mir/recover-20220922/UBNA_001/20220921_090000.WAV,Telephone Field,recover-20220922,001,1795
184.4045,184.413,22890,29978,Plecotus austriacus,0.009,0.023,-1,Echolocation,/mnt/ubna_data_02_mir/recover-20220922/UBNA_001/20220921_090000.WAV,Telephone Field,recover-20220922,001,1795
184.4805,184.5181,68437,81192,Rhinolophus ferrumequinum,0.024,0.025,-1,Echolocation,/mnt/ubna_data_02_mir/recover-20220922/UBNA_001/20220921_090000.WAV,Telephone Field,recover-20220922,001,1795
184.5105,184.5503,68437,82548,Rhinolophus ferrumequinum,0.024,0.024,-1,Echolocation,/mnt/ubna_data_02_mir/recover-20220922/UBNA_001/20220921_090000.WAV,Telephone Field,recover-20220922,001,1795
184.5485,184.5565,26328,35294,Eptesicus serotinus,0.01,0.025,-1,Echolocation,/mnt/ubna_data_02_mir/recover-20220922/UBNA_001/20220921_090000.WAV,Telephone Field,recover-20220922,001,1795
184.5835,184.6246,68437,82764,Rhinolophus ferrumequinum,0.025,0.025,-1,Echolocation,/mnt/ubna_data_02_mir/recover-20220922/UBNA_001/20220921_090000.WAV,Telephone Field,recover-20220922,001,1795
184.5915,184.6342,68437,82980,Rhinolophus ferrumequinum,0.026,0.026,-1,Echolocation,/mnt/ubna_data_02_mir/recover-20220922/UBNA_001/20220921_090000.WAV,Telephone Field,recover-20220922,001,1795
184.6175,184.6258,28046,40602,Eptesicus serotinus,0.007,0.022,-1,Echolocation,/mnt/ubna_data_02_mir/recover-20220922/UBNA_001/20220921_090000.WAV,Telephone Field,recover-20220922,001,1795
184.6185,184.6572,68437,82805,Rhinolophus ferrumequinum,0.026,0.026,-1,Echolocation,/mnt/ubna_data_02_mir/recover-20220922/UBNA_001/20220921_090000.WAV,Telephone Field,recover-20220922,001,1795
184.6545,184.6943,68437,82191,Rhinolophus ferrumequinum,0.025,0.025,-1,Echolocation,/mnt/ubna_data_02_mir/recover-20220922/UBNA_001/20220921_090000.WAV,Telephone Field,recover-20220922,001,1795
184.6765,184.7168,68437,82548,Rhinolophus ferrumequinum,0.022,0.022,-1,Echolocation,/mnt/ubna_data_02_mir/recover-20220922/UBNA_001/20220921_090000.WAV,Telephone Field,recover-20220922,001,1795
184.6985,184.7373,68437,81889,Rhinolophus ferrumequinum,0.023,0.023,-1,Echolocation,/mnt/ubna_data_02_mir/recover-20220922/UBNA_001/20220921_090000.WAV,Telephone Field,recover-20220922,001,1795
184.7455,184.7678,20312,23373,Nyctalus leisleri,0.034,0.07,-1,Echolocation,/mnt/ubna_data_02_mir/recover-20220922/UBNA_001/20220921_090000.WAV,Telephone Field,recover-20220922,001,1795
184.7645,184.8038,68437,82880,Rhinolophus ferrumequinum,0.03,0.03,-1,Echolocation,/mnt/ubna_data_02_mir/recover-20220922/UBNA_001/20220921_090000.WAV,Telephone Field,recover-20220922,001,1795
184.7805,184.7906,24609,30623,Nyctalus leisleri,0.009,0.022,-1,Echolocation,/mnt/ubna_data_02_mir/recover-20220922/UBNA_001/20220921_090000.WAV,Telephone Field,recover-20220922,001,1795
184.8065,184.844,68437,82444,Rhinolophus ferrumequinum,0.026,0.026,-1,Echolocation,/mnt/ubna_data_02_mir/recover-20220922/UBNA_001/20220921_090000.WAV,Telephone Field,recover-20220922,001,1795
184.8325,184.843,22031,26333,Nyctalus leisleri,0.012,0.022,-1,Echolocation,/mnt/ubna_data_02_mir/recover-20220922/UBNA_001/20220921_090000.WAV,Telephone Field,recover-20220922,001,1795
184.8445,184.8815,68437,81941,Rhinolophus ferrumequinum,0.022,0.022,-1,Echolocation,/mnt/ubna_data_02_mir/recover-20220922/UBNA_001/20220921_090000.WAV,Telephone Field,recover-20220922,001,1795
184.8715,184.8789,25468,34947,Eptesicus serotinus,0.007,0.026,-1,Echolocation,/mnt/ubna_data_02_mir/recover-20220922/UBNA_001/20220921_090000.WAV,Telephone Field,recover-20220922,001,1795
184.9075,184.9454,68437,82514,Rhinolophus ferrumequinum,0.024,0.024,-1,Echolocation,/mnt/ubna_data_02_mir/recover-20220922/UBNA_001/20220921_090000.WAV,Telephone Field,recover-20220922,001,1795
184.9195,184.9293,24609,31808,Nyctalus leisleri,0.009,0.026,-1,Echolocation,/mnt/ubna_data_02_mir/recover-20220922/UBNA_001/20220921_090000.WAV,Telephone Field,recover-20220922,001,1795
184.9385,184.9459,28046,41378,Eptesicus serotinus,0.007,0.025,-1,Echolocation,/mnt/ubna_data_02_mir/recover-20220922/UBNA_001/20220921_090000.WAV,Telephone Field,recover-20220922,001,1795
184.9885,185.0306,68437,82720,Rhinolophus ferrumequinum,0.032,0.032,-1,Echolocation,/mnt/ubna_data_02_mir/recover-20220922/UBNA_001/20220921_090000.WAV,Telephone Field,recover-20220922,001,1795
185.0015,185.0117,23750,29150,Nyctalus leisleri,0.012,0.027,-1,Echolocation,/mnt/ubna_data_02_mir/recover-20220922/UBNA_001/20220921_090000.WAV,Telephone Field,recover-20220922,001,1795
185.0125,185.0539,68437,82998,Rhinolophus ferrumequinum,0.023,0.023,-1,Echolocation,/mnt/ubna_data_02_mir/recover-20220922/UBNA_001/20220921_090000.WAV,Telephone Field,recover-20220922,001,1795
185.0345,185.0725,68437,81844,Rhinolophus ferrumequinum,0.024,0.024,-1,Echolocation,/mnt/ubna_data_02_mir/recover-20220922/UBNA_001/20220921_090000.WAV,Telephone Field,recover-20220922,001,1795
185.0415,185.0773,68437,81229,Rhinolophus ferrumequinum,0.022,0.022,-1,Echolocation,/mnt/ubna_data_02_mir/recover-20220922/UBNA_001/20220921_090000.WAV,Telephone Field,recover-20220922,001,1795
185.0495,185.0829,68437,80750,Rhinolophus ferrumequinum,0.024,0.024,-1,Echolocation,/mnt/ubna_data_02_mir/recover-20220922/UBNA_001/20220921_090000.WAV,Telephone Field,recover-20220922,001,1795
185.0555,185.0933,68437,81685,Rhinolophus ferrumequinum,0.022,0.022,-1,Echolocation,/mnt/ubna_data_02_mir/recover-20220922/UBNA_001/20220921_090000.WAV,Telephone Field,recover-20220922,001,1795
185.0645,185.0742,23750,30167,Nyctalus leisleri,0.009,0.025,-1,Echolocation,/mnt/ubna_data_02_mir/recover-20220922/UBNA_001/20220921_090000.WAV,Telephone Field,recover-20220922,001,1795
185.0725,185.0827,50390,54624,Pipistrellus pipistrellus,0.025,0.029,-1,Echolocation,/mnt/ubna_data_02_mir/recover-20220922/UBNA_001/20220921_090000.WAV,Telephone Field,recover-20220922,001,1795
185.0965,185.112,22031,25603,Nyctalus leisleri,0.016,0.025,-1,Echolocation,/mnt/ubna_data_02_mir/recover-20220922/UBNA_001/20220921_090000.WAV,Telephone Field,recover-20220922,001,1795
185.1225,185.1621,68437,82388,Rhinolophus ferrumequinum,0.026,0.026,-1,Echolocation,/mnt/ubna_data_02_mir/recover-20220922/UBNA_001/20220921_090000.WAV,Telephone Field,recover-20220922,001,1795
185.1405,185.1834,68437,82892,Rhinolophus ferrumequinum,0.024,0.024,-1,Echolocation,/mnt/ubna_data_02_mir/recover-20220922/UBNA_001/20220921_090000.WAV,Telephone Field,recover-20220922,001,1795
185.1625,185.1997,68437,81973,Rhinolophus ferrumequinum,0.022,0.023,-1,Echolocation,/mnt/ubna_data_02_mir/recover-20220922/UBNA_001/20220921_090000.WAV,Telephone Field,recover-20220922,001,1795
185.1695,185.1793,26328,33893,Eptesicus serotinus,0.01,0.024,-1,Echolocation,/mnt/ubna_data_02_mir/recover-20220922/UBNA_001/20220921_090000.WAV,Telephone Field,recover-20220922,001,1795
185.1715,185.2093,68437,82131,Rhinolophus ferrumequinum,0.025,0.025,-1,Echolocation,/mnt/ubna_data_02_mir/recover-20220922/UBNA_001/20220921_090000.WAV,Telephone Field,recover-20220922,001,1795
185.1865,185.2257,68437,82536,Rhinolophus ferrumequinum,0.032,0.032,-1,Echolocation,/mnt/ubna_data_02_mir/recover-20220922/UBNA_001/20220921_090000.WAV,Telephone Field,recover-20220922,001,1795
185.2555,185.2629,36640,43090,Myotis daubentonii,0.007,0.022,-1,Echolocation,/mnt/ubna_data_02_mir/recover-20220922/UBNA_001/20220921_090000.WAV,Telephone Field,recover-20220922,001,1795
185.2565,185.2629,27187,39936,Eptesicus serotinus,0.011,0.046,-1,Echolocation,/mnt/ubna_data_02_mir/recover-20220922/UBNA_001/20220921_090000.WAV,Telephone Field,recover-20220922,001,1795
185.3055,185.3143,28046,38881,Eptesicus serotinus,0.008,0.023,-1,Echolocation,/mnt/ubna_data_02_mir/recover-20220922/UBNA_001/20220921_090000.WAV,Telephone Field,recover-20220922,001,1795
185.3355,185.3442,24609,33146,Plecotus austriacus,0.009,0.032,-1,Echolocation,/mnt/ubna_data_02_mir/recover-20220922/UBNA_001/20220921_090000.WAV,Telephone Field,recover-20220922,001,1795
185.3585,185.3676,40937,43694,Pipistrellus pipistrellus,0.029,0.036,-1,Echolocation,/mnt/ubna_data_02_mir/recover-20220922/UBNA_001/20220921_090000.WAV,Telephone Field,recover-20220922,001,1795
185.3595,185.402,68437,83558,Rhinolophus ferrumequinum,0.042,0.042,-1,Echolocation,/mnt/ubna_data_02_mir/recover-20220922/UBNA_001/20220921_090000.WAV,Telephone Field,recover-20220922,001,1795
185.3625,185.3733,22031,26955,Nyctalus leisleri,0.01,0.022,-1,Echolocation,/mnt/ubna_data_02_mir/recover-20220922/UBNA_001/20220921_090000.WAV,Telephone Field,recover-20220922,001,1795
185.42849999999999,185.4357,50390,54859,Pipistrellus pipistrellus,0.026,0.027,-1,Echolocation,/mnt/ubna_data_02_mir/recover-20220922/UBNA_001/20220921_090000.WAV,Telephone Field,recover-20220922,001,1795
185.4295,185.4698,68437,82508,Rhinolophus ferrumequinum,0.027,0.027,-1,Echolocation,/mnt/ubna_data_02_mir/recover-20220922/UBNA_001/20220921_090000.WAV,Telephone Field,recover-20220922,001,1795
185.4475,185.4835,68437,81681,Rhinolophus ferrumequinum,0.032,0.032,-1,Echolocation,/mnt/ubna_data_02_mir/recover-20220922/UBNA_001/20220921_090000.WAV,Telephone Field,recover-20220922,001,1795
185.4735,185.5121,68437,81603,Rhinolophus ferrumequinum,0.024,0.024,-1,Echolocation,/mnt/ubna_data_02_mir/recover-20220922/UBNA_001/20220921_090000.WAV,Telephone Field,recover-20220922,001,1795
185.4795,185.488,26328,35150,Eptesicus serotinus,0.007,0.022,-1,Echolocation,/mnt/ubna_data_02_mir/recover-20220922/UBNA_001/20220921_090000.WAV,Telephone Field,recover-20220922,001,1795
185.5285,185.5682,68437,82812,Rhinolophus ferrumequinum,0.037,0.037,-1,Echolocation,/mnt/ubna_data_02_mir/recover-20220922/UBNA_001/20220921_090000.WAV,Telephone Field,recover-20220922,001,1795
185.5395,185.5461,34062,41830,Myotis daubentonii,0.01,0.024,-1,Echolocation,/mnt/ubna_data_02_mir/recover-20220922/UBNA_001/20220921_090000.WAV,Telephone Field,recover-20220922,001,1795
185.5395,185.5473,28906,40659,Eptesicus serotinus,0.008,0.024,-1,Echolocation,/mnt/ubna_data_02_mir/recover-20220922/UBNA_001/20220921_090000.WAV,Telephone Field,recover-20220922,001,1795
185.5475,185.5869,68437,82637,Rhinolophus ferrumequinum,0.025,0.025,-1,Echolocation,/mnt/ubna_data_02_mir/recover-20220922/UBNA_001/20220921_090000.WAV,Telephone Field,recover-20220922,001,1795
185.5945,185.6338,68437,82393,Rhinolophus ferrumequinum,0.022,0.022,-1,Echolocation,/mnt/ubna_data_02_mir/recover-20220922/UBNA_001/20220921_090000.WAV,Telephone Field,recover-20220922,001,1795
185.6275,185.6363,28906,40642,Eptesicus serotinus,0.011,0.026,-1,Echolocation,/mnt/ubna_data_02_mir/recover-20220922/UBNA_001/20220921_090000.WAV,Telephone Field,recover-20220922,001,1795
185.6725,185.7066,68437,79911,Rhinolophus ferrumequinum,0.026,0.026,-1,Echolocation,/mnt/ubna_data_02_mir/recover-20220922/UBNA_001/20220921_090000.WAV,Telephone Field,recover-20220922,001,1795
185.6945,185.7121,19453,22677,Nyctalus leisleri,0.014,0.027,-1,Echolocation,/mnt/ubna_data_02_mir/recover-20220922/UBNA_001/20220921_090000.WAV,Telephone Field,recover-20220922,001,1795
185.6975,185.7364,68437,82525,Rhinolophus ferrumequinum,0.024,0.024,-1,Echolocation,/mnt/ubna_data_02_mir/recover-20220922/UBNA_001/20220921_090000.WAV,Telephone Field,recover-20220922,001,1795
185.7065,185.7175,24609,31806,Nyctalus leisleri,0.012,0.035,-1,Echolocation,/mnt/ubna_data_02_mir/recover-20220922/UBNA_001/20220921_090000.WAV,Telephone Field,recover-20220922,001,1795
185.7295,185.7665,68437,82165,Rhinolophus ferrumequinum,0.023,0.023,-1,Echolocation,/mnt/ubna_data_02_mir/recover-20220922/UBNA_001/20220921_090000.WAV,Telephone Field,recover-20220922,001,1795
185.7385,185.7478,26328,34554,Nyctalus leisleri,0.012,0.04,-1,Echolocation,/mnt/ubna_data_02_mir/recover-20220922/UBNA_001/20220921_090000.WAV,Telephone Field,recover-20220922,001,1795
185.7535,185.7624,28046,39969,Eptesicus serotinus,0.01,0.026,-1,Echolocation,/mnt/ubna_data_02_mir/recover-20220922/UBNA_001/20220921_090000.WAV,Telephone Field,recover-20220922,001,1795
185.7555,185.794,68437,82014,Rhinolophus ferrumequinum,0.022,0.022,-1,Echolocation,/mnt/ubna_data_02_mir/recover-20220922/UBNA_001/20220921_090000.WAV,Telephone Field,recover-20220922,001,1795
185.7905,185.802,56406,61647,Pipistrellus pygmaeus,0.022,0.022,-1,Echolocation,/mnt/ubna_data_02_mir/recover-20220922/UBNA_001/20220921_090000.WAV,Telephone Field,recover-20220922,001,1795
185.7965,185.8036,23750,32533,Plecotus austriacus,0.013,0.027,-1,Echolocation,/mnt/ubna_data_02_mir/recover-20220922/UBNA_001/20220921_090000.WAV,Telephone Field,recover-20220922,001,1795
185.8135,185.8552,68437,82697,Rhinolophus ferrumequinum,0.027,0.027,-1,Echolocation,/mnt/ubna_data_02_mir/recover-20220922/UBNA_001/20220921_090000.WAV,Telephone Field,recover-20220922,001,1795
185.8245,185.8661,68437,82655,Rhinolophus ferrumequinum,0.022,0.022,-1,Echolocation,/mnt/ubna_data_02_mir/recover-20220922/UBNA_001/20220921_090000.WAV,Telephone Field,recover-20220922,001,1795
185.8655,185.9023,68437,81751,Rhinolophus ferrumequinum,0.024,0.024,-1,Echolocation,/mnt/ubna_data_02_mir/recover-20220922/UBNA_001/20220921_090000.WAV,Telephone Field,recover-20220922,001,1795
185.8925,185.90109999999999,28046,38244,Eptesicus serotinus,0.007,0.022,-1,Echolocation,/mnt/ubna_data_02_mir/recover-20220922/UBNA_001/20220921_090000.WAV,Telephone Field,recover-20220922,001,1795
185.8985,185.9357,68437,81574,Rhinolophus ferrumequinum,0.022,0.022,-1,Echolocation,/mnt/ubna_data_02_mir/recover-20220922/UBNA_001/20220921_090000.WAV,Telephone Field,recover-20220922,001,1795
185.9115,185.9187,28046,40413,Eptesicus serotinus,0.007,0.024,-1,Echolocation,/mnt/ubna_data_02_mir/recover-20220922/UBNA_001/20220921_090000.WAV,Telephone Field,recover-20220922,001,1795
185.9455,185.9862,68437,82653,Rhinolophus ferrumequinum,0.022,0.022,-1,Echolocation,/mnt/ubna_data_02_mir/recover-20220922/UBNA_001/20220921_090000.WAV,Telephone Field,recover-20220922,001,1795
185.9575,185.9644,51250,55919,Pipistrellus pipistrellus,0.025,0.027,-1,Echolocation,/mnt/ubna_data_02_mir/recover-20220922/UBNA_001/20220921_090000.WAV,Telephone Field,recover-20220922,001,1795
185.9725,185.9884,21171,24675,Nyctalus leisleri,0.024,0.042,-1,Echolocation,/mnt/ubna_data_02_mir/recover-20220922/UBNA_001/20220921_090000.WAV,Telephone Field,recover-20220922,001,1795
186.0015,186.034,69296,81958,Rhinolophus ferrumequinum,0.025,0.025,-1,Echolocation,/mnt/ubna_data_02_mir/recover-20220922/UBNA_001/20220921_090000.WAV,Telephone Field,recover-20220922,001,1795
186.0015,186.0109,22890,29864,Nyctalus leisleri,0.012,0.033,-1,Echolocation,/mnt/ubna_data_02_mir/recover-20220922/UBNA_001/20220921_090000.WAV,Telephone Field,recover-20220922,001,1795
186.0185,186.0627,68437,82580,Rhinolophus ferrumequinum,0.024,0.024,-1,Echolocation,/mnt/ubna_data_02_mir/recover-20220922/UBNA_001/20220921_090000.WAV,Telephone Field,recover-20220922,001,1795
186.0225,186.0328,28046,35135,Eptesicus serotinus,0.025,0.046,-1,Echolocation,/mnt/ubna_data_02_mir/recover-20220922/UBNA_001/20220921_090000.WAV,Telephone Field,recover-20220922,001,1795
186.0265,186.0671,68437,82629,Rhinolophus ferrumequinum,0.022,0.022,-1,Echolocation,/mnt/ubna_data_02_mir/recover-20220922/UBNA_001/20220921_090000.WAV,Telephone Field,recover-20220922,001,1795
186.0505,186.0908,68437,82646,Rhinolophus ferrumequinum,0.025,0.025,-1,Echolocation,/mnt/ubna_data_02_mir/recover-20220922/UBNA_001/20220921_090000.WAV,Telephone Field,recover-20220922,001,1795
186.0995,186.1369,68437,82010,Rhinolophus ferrumequinum,0.021,0.021,-1,Echolocation,/mnt/ubna_data_02_mir/recover-20220922/UBNA_001/20220921_090000.WAV,Telephone Field,recover-20220922,001,1795
186.1805,186.2209,68437,82285,Rhinolophus ferrumequinum,0.025,0.025,-1,Echolocation,/mnt/ubna_data_02_mir/recover-20220922/UBNA_001/20220921_090000.WAV,Telephone Field,recover-20220922,001,1795
186.1865,186.1951,28046,39861,Eptesicus serotinus,0.007,0.021,-1,Echolocation,/mnt/ubna_data_02_mir/recover-20220922/UBNA_001/20220921_090000.WAV,Telephone Field,recover-20220922,001,1795
186.2015,186.2396,68437,81499,Rhinolophus ferrumequinum,0.023,0.023,-1,Echolocation,/mnt/ubna_data_02_mir/recover-20220922/UBNA_001/20220921_090000.WAV,Telephone Field,recover-20220922,001,1795
186.2295,186.2749,68437,83429,Rhinolophus ferrumequinum,0.043,0.043,-1,Echolocation,/mnt/ubna_data_02_mir/recover-20220922/UBNA_001/20220921_090000.WAV,Telephone Field,recover-20220922,001,1795
186.2435,186.2551,27187,33769,Eptesicus serotinus,0.016,0.034,-1,Echolocation,/mnt/ubna_data_02_mir/recover-20220922/UBNA_001/20220921_090000.WAV,Telephone Field,recover-20220922,001,1795
186.2465,186.2566,14296,21602,Nyctalus noctula,0.01,0.021,-1,Echolocation,/mnt/ubna_data_02_mir/recover-20220922/UBNA_001/20220921_090000.WAV,Telephone Field,recover-20220922,001,1795
186.2785,186.3181,68437,82595,Rhinolophus ferrumequinum,0.024,0.024,-1,Echolocation,/mnt/ubna_data_02_mir/recover-20220922/UBNA_001/20220921_090000.WAV,Telephone Field,recover-20220922,001,1795
186.3115,186.3499,68437,82330,Rhinolophus ferrumequinum,0.024,0.024,-1,Echolocation,/mnt/ubna_data_02_mir/recover-20220922/UBNA_001/20220921_090000.WAV,Telephone Field,recover-20220922,001,1795
186.3175,186.3557,68437,81866,Rhinolophus ferrumequinum,0.022,0.022,-1,Echolocation,/mnt/ubna_data_02_mir/recover-20220922/UBNA_001/20220921_090000.WAV,Telephone Field,recover-20220922,001,1795
186.3265,186.3621,68437,81016,Rhinolophus ferrumequinum,0.021,0.021,-1,Echolocation,/mnt/ubna_data_02_mir/recover-20220922/UBNA_001/20220921_090000.WAV,Telephone Field,recover-20220922,001,1795
186.3595,186.3705,23750,29449,Nyctalus leisleri,0.015,0.032,-1,Echolocation,/mnt/ubna_data_02_mir/recover-20220922/UBNA_001/20220921_090000.WAV,Telephone Field,recover-20220922,001,1795
186.3805,186.4207,68437,82678,Rhinolophus ferrumequinum,0.023,0.023,-1,Echolocation,/mnt/ubna_data_02_mir/recover-20220922/UBNA_001/20220921_090000.WAV,Telephone Field,recover-20220922,001,1795
186.3855,186.3967,28906,36071,Eptesicus serotinus,0.011,0.026,-1,Echolocation,/mnt/ubna_data_02_mir/recover-20220922/UBNA_001/20220921_090000.WAV,Telephone Field,recover-20220922,001,1795
186.4035,186.4421,68437,81678,Rhinolophus ferrumequinum,0.021,0.021,-1,Echolocation,/mnt/ubna_data_02_mir/recover-20220922/UBNA_001/20220921_090000.WAV,Telephone Field,recover-20220922,001,1795
186.4425,186.4549,22890,26352,Nyctalus leisleri,0.025,0.041,-1,Echolocation,/mnt/ubna_data_02_mir/recover-20220922/UBNA_001/20220921_090000.WAV,Telephone Field,recover-20220922,001,1795
186.4435,186.4849,68437,82525,Rhinolophus ferrumequinum,0.023,0.023,-1,Echolocation,/mnt/ubna_data_02_mir/recover-20220922/UBNA_001/20220921_090000.WAV,Telephone Field,recover-20220922,001,1795
186.4625,186.47390000000001,25468,31907,Eptesicus serotinus,0.009,0.023,-1,Echolocation,/mnt/ubna_data_02_mir/recover-20220922/UBNA_001/20220921_090000.WAV,Telephone Field,recover-20220922,001,1795
186.4685,186.4801,24609,30285,Nyctalus leisleri,0.009,0.022,-1,Echolocation,/mnt/ubna_data_02_mir/recover-20220922/UBNA_001/20220921_090000.WAV,Telephone Field,recover-20220922,001,1795
186.5325,186.54410000000001,22890,28063,Nyctalus leisleri,0.014,0.031,-1,Echolocation,/mnt/ubna_data_02_mir/recover-20220922/UBNA_001/20220921_090000.WAV,Telephone Field,recover-20220922,001,1795
186.5645,186.5721,23750,32573,Plecotus austriacus,0.011,0.024,-1,Echolocation,/mnt/ubna_data_02_mir/recover-20220922/UBNA_001/20220921_090000.WAV,Telephone Field,recover-20220922,001,1795
186.5725,186.61430000000001,68437,82504,Rhinolophus ferrumequinum,0.028,0.028,-1,Echolocation,/mnt/ubna_data_02_mir/recover-20220922/UBNA_001/20220921_090000.WAV,Telephone Field,recover-20220922,001,1795
186.5945,186.63400000000001,68437,82403,Rhinolophus ferrumequinum,0.026,0.026,-1,Echolocation,/mnt/ubna_data_02_mir/recover-20220922/UBNA_001/20220921_090000.WAV,Telephone Field,recover-20220922,001,1795
186.6405,186.6504,26328,33719,Eptesicus serotinus,0.009,0.024,-1,Echolocation,/mnt/ubna_data_02_mir/recover-20220922/UBNA_001/20220921_090000.WAV,Telephone Field,recover-20220922,001,1795
186.6505,186.6608,46953,50039,Pipistrellus pipistrellus,0.069,0.073,-1,Echolocation,/mnt/ubna_data_02_mir/recover-20220922/UBNA_001/20220921_090000.WAV,Telephone Field,recover-20220922,001,1795
186.67849999999999,186.7204,68437,82969,Rhinolophus ferrumequinum,0.031,0.031,-1,Echolocation,/mnt/ubna_data_02_mir/recover-20220922/UBNA_001/20220921_090000.WAV,Telephone Field,recover-20220922,001,1795
186.6895,186.7068,15156,18662,Nyctalus noctula,0.025,0.038,-1,Echolocation,/mnt/ubna_data_02_mir/recover-20220922/UBNA_001/20220921_090000.WAV,Telephone Field,recover-20220922,001,1795
186.7355,186.7739,68437,81841,Rhinolophus ferrumequinum,0.024,0.024,-1,Echolocation,/mnt/ubna_data_02_mir/recover-20220922/UBNA_001/20220921_090000.WAV,Telephone Field,recover-20220922,001,1795
186.7395,186.7499,22031,26690,Nyctalus leisleri,0.01,0.021,-1,Echolocation,/mnt/ubna_data_02_mir/recover-20220922/UBNA_001/20220921_090000.WAV,Telephone Field,recover-20220922,001,1795
186.7575,186.7929,68437,80951,Rhinolophus ferrumequinum,0.021,0.021,-1,Echolocation,/mnt/ubna_data_02_mir/recover-20220922/UBNA_001/20220921_090000.WAV,Telephone Field,recover-20220922,001,1795
186.7665,186.8063,68437,81862,Rhinolophus ferrumequinum,0.025,0.025,-1,Echolocation,/mnt/ubna_data_02_mir/recover-20220922/UBNA_001/20220921_090000.WAV,Telephone Field,recover-20220922,001,1795
186.7715,186.7788,28046,39762,Eptesicus serotinus,0.007,0.022,-1,Echolocation,/mnt/ubna_data_02_mir/recover-20220922/UBNA_001/20220921_090000.WAV,Telephone Field,recover-20220922,001,1795
186.7725,186.8126,68437,82363,Rhinolophus ferrumequinum,0.025,0.025,-1,Echolocation,/mnt/ubna_data_02_mir/recover-20220922/UBNA_001/20220921_090000.WAV,Telephone Field,recover-20220922,001,1795
186.8025,186.841,68437,82197,Rhinolophus ferrumequinum,0.024,0.024,-1,Echolocation,/mnt/ubna_data_02_mir/recover-20220922/UBNA_001/20220921_090000.WAV,Telephone Field,recover-20220922,001,1795
186.8055,186.813,26328,37445,Eptesicus serotinus,0.005,0.021,-1,Echolocation,/mnt/ubna_data_02_mir/recover-20220922/UBNA_001/20220921_090000.WAV,Telephone Field,recover-20220922,001,1795
186.8625,186.9013,68437,81414,Rhinolophus ferrumequinum,0.025,0.025,-1,Echolocation,/mnt/ubna_data_02_mir/recover-20220922/UBNA_001/20220921_090000.WAV,Telephone Field,recover-20220922,001,1795
186.8655,186.8792,44375,47717,Pipistrellus pipistrellus,0.039,0.045,-1,Echolocation,/mnt/ubna_data_02_mir/recover-20220922/UBNA_001/20220921_090000.WAV,Telephone Field,recover-20220922,001,1795
186.8785,186.917,68437,81622,Rhinolophus ferrumequinum,0.025,0.025,-1,Echolocation,/mnt/ubna_data_02_mir/recover-20220922/UBNA_001/20220921_090000.WAV,Telephone Field,recover-20220922,001,1795
186.9105,186.9184,26328,35155,Eptesicus serotinus,0.007,0.022,-1,Echolocation,/mnt/ubna_data_02_mir/recover-20220922/UBNA_001/20220921_090000.WAV,Telephone Field,recover-20220922,001,1795
186.9155,186.9529,68437,82036,Rhinolophus ferrumequinum,0.022,0.022,-1,Echolocation,/mnt/ubna_data_02_mir/recover-20220922/UBNA_001/20220921_090000.WAV,Telephone Field,recover-20220922,001,1795
186.9595,186.9971,68437,81383,Rhinolophus ferrumequinum,0.023,0.023,-1,Echolocation,/mnt/ubna_data_02_mir/recover-20220922/UBNA_001/20220921_090000.WAV,Telephone Field,recover-20220922,001,1795
186.9725,187.0099,68437,81841,Rhinolophus ferrumequinum,0.022,0.022,-1,Echolocation,/mnt/ubna_data_02_mir/recover-20220922/UBNA_001/20220921_090000.WAV,Telephone Field,recover-20220922,001,1795
186.9945,187.0094,22031,26205,Nyctalus leisleri,0.019,0.033,-1,Echolocation,/mnt/ubna_data_02_mir/recover-20220922/UBNA_001/20220921_090000.WAV,Telephone Field,recover-20220922,001,1795
187.0125,187.055,68437,82705,Rhinolophus ferrumequinum,0.032,0.032,-1,Echolocation,/mnt/ubna_data_02_mir/recover-20220922/UBNA_001/20220921_090000.WAV,Telephone Field,recover-20220922,001,1795
187.0225,187.0638,68437,82239,Rhinolophus ferrumequinum,0.021,0.021,-1,Echolocation,/mnt/ubna_data_02_mir/recover-20220922/UBNA_001/20220921_090000.WAV,Telephone Field,recover-20220922,001,1795
187.0465,187.0871,68437,82468,Rhinolophus ferrumequinum,0.027,0.027,-1,Echolocation,/mnt/ubna_data_02_mir/recover-20220922/UBNA_001/20220921_090000.WAV,Telephone Field,recover-20220922,001,1795
187.0495,187.0598,23750,29513,Nyctalus leisleri,0.011,0.024,-1,Echolocation,/mnt/ubna_data_02_mir/recover-20220922/UBNA_001/20220921_090000.WAV,Telephone Field,recover-20220922,001,1795
187.0755,187.1126,68437,81381,Rhinolophus ferrumequinum,0.021,0.021,-1,Echolocation,/mnt/ubna_data_02_mir/recover-20220922/UBNA_001/20220921_090000.WAV,Telephone Field,recover-20220922,001,1795
187.1025,187.1419,68437,82162,Rhinolophus ferrumequinum,0.023,0.023,-1,Echolocation,/mnt/ubna_data_02_mir/recover-20220922/UBNA_001/20220921_090000.WAV,Telephone Field,recover-20220922,001,1795
187.1095,187.152,68437,82960,Rhinolophus ferrumequinum,0.022,0.022,-1,Echolocation,/mnt/ubna_data_02_mir/recover-20220922/UBNA_001/20220921_090000.WAV,Telephone Field,recover-20220922,001,1795
187.1475,187.1867,68437,81856,Rhinolophus ferrumequinum,0.021,0.021,-1,Echolocation,/mnt/ubna_data_02_mir/recover-20220922/UBNA_001/20220921_090000.WAV,Telephone Field,recover-20220922,001,1795
187.1895,187.2294,68437,82440,Rhinolophus ferrumequinum,0.022,0.022,-1,Echolocation,/mnt/ubna_data_02_mir/recover-20220922/UBNA_001/20220921_090000.WAV,Telephone Field,recover-20220922,001,1795
187.1925,187.2002,28046,37282,Eptesicus serotinus,0.006,0.026,-1,Echolocation,/mnt/ubna_data_02_mir/recover-20220922/UBNA_001/20220921_090000.WAV,Telephone Field,recover-20220922,001,1795
187.2255,187.2349,22031,28380,Plecotus austriacus,0.008,0.022,-1,Echolocation,/mnt/ubna_data_02_mir/recover-20220922/UBNA_001/20220921_090000.WAV,Telephone Field,recover-20220922,001,1795
187.2495,187.2875,68437,81814,Rhinolophus ferrumequinum,0.022,0.022,-1,Echolocation,/mnt/ubna_data_02_mir/recover-20220922/UBNA_001/20220921_090000.WAV,Telephone Field,recover-20220922,001,1795
187.2735,187.3056,68437,80250,Rhinolophus ferrumequinum,0.021,0.022,-1,Echolocation,/mnt/ubna_data_02_mir/recover-20220922/UBNA_001/20220921_090000.WAV,Telephone Field,recover-20220922,001,1795
187.2775,187.2883,22890,29581,Nyctalus leisleri,0.011,0.03,-1,Echolocation,/mnt/ubna_data_02_mir/recover-20220922/UBNA_001/20220921_090000.WAV,Telephone Field,recover-20220922,001,1795
187.3025,187.3412,68437,82158,Rhinolophus ferrumequinum,0.023,0.023,-1,Echolocation,/mnt/ubna_data_02_mir/recover-20220922/UBNA_001/20220921_090000.WAV,Telephone Field,recover-20220922,001,1795
187.3045,187.3127,28046,36246,Eptesicus serotinus,0.009,0.026,-1,Echolocation,/mnt/ubna_data_02_mir/recover-20220922/UBNA_001/20220921_090000.WAV,Telephone Field,recover-20220922,001,1795
187.3385,187.3755,68437,81937,Rhinolophus ferrumequinum,0.023,0.023,-1,Echolocation,/mnt/ubna_data_02_mir/recover-20220922/UBNA_001/20220921_090000.WAV,Telephone Field,recover-20220922,001,1795
187.3425,187.3494,28046,38022,Eptesicus serotinus,0.008,0.024,-1,Echolocation,/mnt/ubna_data_02_mir/recover-20220922/UBNA_001/20220921_090000.WAV,Telephone Field,recover-20220922,001,1795
187.3625,187.4052,68437,82595,Rhinolophus ferrumequinum,0.029,0.029,-1,Echolocation,/mnt/ubna_data_02_mir/recover-20220922/UBNA_001/20220921_090000.WAV,Telephone Field,recover-20220922,001,1795
187.3935,187.4312,68437,81534,Rhinolophus ferrumequinum,0.021,0.021,-1,Echolocation,/mnt/ubna_data_02_mir/recover-20220922/UBNA_001/20220921_090000.WAV,Telephone Field,recover-20220922,001,1795
187.4155,187.4561,68437,82158,Rhinolophus ferrumequinum,0.027,0.027,-1,Echolocation,/mnt/ubna_data_02_mir/recover-20220922/UBNA_001/20220921_090000.WAV,Telephone Field,recover-20220922,001,1795
187.4425,187.45420000000001,23750,28928,Nyctalus leisleri,0.011,0.022,-1,Echolocation,/mnt/ubna_data_02_mir/recover-20220922/UBNA_001/20220921_090000.WAV,Telephone Field,recover-20220922,001,1795
187.4455,187.4848,68437,82289,Rhinolophus ferrumequinum,0.021,0.021,-1,Echolocation,/mnt/ubna_data_02_mir/recover-20220922/UBNA_001/20220921_090000.WAV,Telephone Field,recover-20220922,001,1795
187.4515,187.4901,68437,81952,Rhinolophus ferrumequinum,0.024,0.024,-1,Echolocation,/mnt/ubna_data_02_mir/recover-20220922/UBNA_001/20220921_090000.WAV,Telephone Field,recover-20220922,001,1795
187.4665,187.5034,68437,81138,Rhinolophus ferrumequinum,0.021,0.021,-1,Echolocation,/mnt/ubna_data_02_mir/recover-20220922/UBNA_001/20220921_090000.WAV,Telephone Field,recover-20220922,001,1795
187.4755,187.482,28906,38637,Eptesicus serotinus,0.01,0.04,-1,Echolocation,/mnt/ubna_data_02_mir/recover-20220922/UBNA_001/20220921_090000.WAV,Telephone Field,recover-20220922,001,1795
187.5025,187.543,68437,82046,Rhinolophus ferrumequinum,0.023,0.023,-1,Echolocation,/mnt/ubna_data_02_mir/recover-20220922/UBNA_001/20220921_090000.WAV,Telephone Field,recover-20220922,001,1795
187.5125,187.555,68437,82935,Rhinolophus ferrumequinum,0.036,0.036,-1,Echolocation,/mnt/ubna_data_02_mir/recover-20220922/UBNA_001/20220921_090000.WAV,Telephone Field,recover-20220922,001,1795
187.5465,187.55349999999999,44375,49883,Pipistrellus pipistrellus,0.028,0.03,-1,Echolocation,/mnt/ubna_data_02_mir/recover-20220922/UBNA_001/20220921_090000.WAV,Telephone Field,recover-20220922,001,1795
187.5915,187.6026,22031,26980,Nyctalus leisleri,0.011,0.023,-1,Echolocation,/mnt/ubna_data_02_mir/recover-20220922/UBNA_001/20220921_090000.WAV,Telephone Field,recover-20220922,001,1795
187.6085,187.6453,68437,82769,Rhinolophus ferrumequinum,0.026,0.026,-1,Echolocation,/mnt/ubna_data_02_mir/recover-20220922/UBNA_001/20220921_090000.WAV,Telephone Field,recover-20220922,001,1795
187.6555,187.696,68437,81889,Rhinolophus ferrumequinum,0.025,0.025,-1,Echolocation,/mnt/ubna_data_02_mir/recover-20220922/UBNA_001/20220921_090000.WAV,Telephone Field,recover-20220922,001,1795
187.6585,187.6665,28906,38203,Eptesicus serotinus,0.006,0.021,-1,Echolocation,/mnt/ubna_data_02_mir/recover-20220922/UBNA_001/20220921_090000.WAV,Telephone Field,recover-20220922,001,1795
187.6705,187.711,68437,82072,Rhinolophus ferrumequinum,0.025,0.025,-1,Echolocation,/mnt/ubna_data_02_mir/recover-20220922/UBNA_001/20220921_090000.WAV,Telephone Field,recover-20220922,001,1795
187.6795,187.7198,68437,82190,Rhinolophus ferrumequinum,0.021,0.021,-1,Echolocation,/mnt/ubna_data_02_mir/recover-20220922/UBNA_001/20220921_090000.WAV,Telephone Field,recover-20220922,001,1795
187.6915,187.7031,23750,29577,Nyctalus leisleri,0.012,0.027,-1,Echolocation,/mnt/ubna_data_02_mir/recover-20220922/UBNA_001/20220921_090000.WAV,Telephone Field,recover-20220922,001,1795
187.6975,187.7043,47812,52424,Pipistrellus pipistrellus,0.036,0.038,-1,Echolocation,/mnt/ubna_data_02_mir/recover-20220922/UBNA_001/20220921_090000.WAV,Telephone Field,recover-20220922,001,1795
187.7075,187.7469,68437,82749,Rhinolophus ferrumequinum,0.021,0.021,-1,Echolocation,/mnt/ubna_data_02_mir/recover-20220922/UBNA_001/20220921_090000.WAV,Telephone Field,recover-20220922,001,1795
187.7265,187.7623,68437,80954,Rhinolophus ferrumequinum,0.023,0.023,-1,Echolocation,/mnt/ubna_data_02_mir/recover-20220922/UBNA_001/20220921_090000.WAV,Telephone Field,recover-20220922,001,1795
187.7465,187.7837,68437,81958,Rhinolophus ferrumequinum,0.028,0.028,-1,Echolocation,/mnt/ubna_data_02_mir/recover-20220922/UBNA_001/20220921_090000.WAV,Telephone Field,recover-20220922,001,1795
187.7575,187.7664,23750,30700,Nyctalus leisleri,0.007,0.021,-1,Echolocation,/mnt/ubna_data_02_mir/recover-20220922/UBNA_001/20220921_090000.WAV,Telephone Field,recover-20220922,001,1795
187.7815,187.8219,68437,82483,Rhinolophus ferrumequinum,0.024,0.024,-1,Echolocation,/mnt/ubna_data_02_mir/recover-20220922/UBNA_001/20220921_090000.WAV,Telephone Field,recover-20220922,001,1795
187.7915,187.7996,28046,41051,Eptesicus serotinus,0.007,0.021,-1,Echolocation,/mnt/ubna_data_02_mir/recover-20220922/UBNA_001/20220921_090000.WAV,Telephone Field,recover-20220922,001,1795
187.8085,187.8171,27187,35772,Eptesicus serotinus,0.018,0.037,-1,Echolocation,/mnt/ubna_data_02_mir/recover-20220922/UBNA_001/20220921_090000.WAV,Telephone Field,recover-20220922,001,1795
187.8205,187.858,68437,81415,Rhinolophus ferrumequinum,0.022,0.022,-1,Echolocation,/mnt/ubna_data_02_mir/recover-20220922/UBNA_001/20220921_090000.WAV,Telephone Field,recover-20220922,001,1795
187.8405,187.8497,28906,36268,Eptesicus serotinus,0.01,0.025,-1,Echolocation,/mnt/ubna_data_02_mir/recover-20220922/UBNA_001/20220921_090000.WAV,Telephone Field,recover-20220922,001,1795
187.8715,187.911,68437,82332,Rhinolophus ferrumequinum,0.026,0.026,-1,Echolocation,/mnt/ubna_data_02_mir/recover-20220922/UBNA_001/20220921_090000.WAV,Telephone Field,recover-20220922,001,1795
187.9015,187.9388,68437,82198,Rhinolophus ferrumequinum,0.021,0.021,-1,Echolocation,/mnt/ubna_data_02_mir/recover-20220922/UBNA_001/20220921_090000.WAV,Telephone Field,recover-20220922,001,1795
187.9415,187.9827,68437,82548,Rhinolophus ferrumequinum,0.023,0.023,-1,Echolocation,/mnt/ubna_data_02_mir/recover-20220922/UBNA_001/20220921_090000.WAV,Telephone Field,recover-20220922,001,1795
187.9865,187.9953,28906,40524,Eptesicus serotinus,0.007,0.021,-1,Echolocation,/mnt/ubna_data_02_mir/recover-20220922/UBNA_001/20220921_090000.WAV,Telephone Field,recover-20220922,001,1795
188.0015,188.0337,68437,80391,Rhinolophus ferrumequinum,0.045,0.045,-1,Echolocation,/mnt/ubna_data_02_mir/recover-20220922/UBNA_001/20220921_090000.WAV,Telephone Field,recover-20220922,001,1795
188.0015,188.0091,22031,30118,Plecotus austriacus,0.008,0.027,-1,Echolocation,/mnt/ubna_data_02_mir/recover-20220922/UBNA_001/20220921_090000.WAV,Telephone Field,recover-20220922,001,1795
188.0385,188.0815,68437,83343,Rhinolophus ferrumequinum,0.034,0.034,-1,Echolocation,/mnt/ubna_data_02_mir/recover-20220922/UBNA_001/20220921_090000.WAV,Telephone Field,recover-20220922,001,1795
188.0725,188.11,68437,81634,Rhinolophus ferrumequinum,0.022,0.023,-1,Echolocation,/mnt/ubna_data_02_mir/recover-20220922/UBNA_001/20220921_090000.WAV,Telephone Field,recover-20220922,001,1795
188.0815,188.0921,22031,26716,Nyctalus leisleri,0.011,0.021,-1,Echolocation,/mnt/ubna_data_02_mir/recover-20220922/UBNA_001/20220921_090000.WAV,Telephone Field,recover-20220922,001,1795
188.08350000000002,188.0885,36640,48096,Myotis daubentonii,0.009,0.024,-1,Echolocation,/mnt/ubna_data_02_mir/recover-20220922/UBNA_001/20220921_090000.WAV,Telephone Field,recover-20220922,001,1795
188.08350000000002,188.0902,27187,41763,Eptesicus serotinus,0.006,0.023,-1,Echolocation,/mnt/ubna_data_02_mir/recover-20220922/UBNA_001/20220921_090000.WAV,Telephone Field,recover-20220922,001,1795
188.0905,188.1295,68437,81898,Rhinolophus ferrumequinum,0.027,0.027,-1,Echolocation,/mnt/ubna_data_02_mir/recover-20220922/UBNA_001/20220921_090000.WAV,Telephone Field,recover-20220922,001,1795
188.0975,188.1052,27187,38805,Eptesicus serotinus,0.007,0.021,-1,Echolocation,/mnt/ubna_data_02_mir/recover-20220922/UBNA_001/20220921_090000.WAV,Telephone Field,recover-20220922,001,1795
188.1025,188.1412,68437,82697,Rhinolophus ferrumequinum,0.023,0.023,-1,Echolocation,/mnt/ubna_data_02_mir/recover-20220922/UBNA_001/20220921_090000.WAV,Telephone Field,recover-20220922,001,1795
188.1135,188.1574,68437,82837,Rhinolophus ferrumequinum,0.023,0.023,-1,Echolocation,/mnt/ubna_data_02_mir/recover-20220922/UBNA_001/20220921_090000.WAV,Telephone Field,recover-20220922,001,1795
188.1365,188.1543,20312,23559,Nyctalus leisleri,0.02,0.037,-1,Echolocation,/mnt/ubna_data_02_mir/recover-20220922/UBNA_001/20220921_090000.WAV,Telephone Field,recover-20220922,001,1795
188.1405,188.1765,68437,81722,Rhinolophus ferrumequinum,0.022,0.022,-1,Echolocation,/mnt/ubna_data_02_mir/recover-20220922/UBNA_001/20220921_090000.WAV,Telephone Field,recover-20220922,001,1795
188.1635,188.2039,68437,83054,Rhinolophus ferrumequinum,0.026,0.026,-1,Echolocation,/mnt/ubna_data_02_mir/recover-20220922/UBNA_001/20220921_090000.WAV,Telephone Field,recover-20220922,001,1795
188.1935,188.20850000000002,23750,28547,Nyctalus leisleri,0.014,0.027,-1,Echolocation,/mnt/ubna_data_02_mir/recover-20220922/UBNA_001/20220921_090000.WAV,Telephone Field,recover-20220922,001,1795
188.2295,188.2692,68437,82649,Rhinolophus ferrumequinum,0.024,0.024,-1,Echolocation,/mnt/ubna_data_02_mir/recover-20220922/UBNA_001/20220921_090000.WAV,Telephone Field,recover-20220922,001,1795
188.2525,188.2898,68437,81752,Rhinolophus ferrumequinum,0.021,0.021,-1,Echolocation,/mnt/ubna_data_02_mir/recover-20220922/UBNA_001/20220921_090000.WAV,Telephone Field,recover-20220922,001,1795
188.2605,188.2693,29765,38148,Eptesicus serotinus,0.007,0.021,-1,Echolocation,/mnt/ubna_data_02_mir/recover-20220922/UBNA_001/20220921_090000.WAV,Telephone Field,recover-20220922,001,1795
188.2625,188.3036,68437,82783,Rhinolophus ferrumequinum,0.04,0.04,-1,Echolocation,/mnt/ubna_data_02_mir/recover-20220922/UBNA_001/20220921_090000.WAV,Telephone Field,recover-20220922,001,1795
188.3205,188.3561,68437,81460,Rhinolophus ferrumequinum,0.023,0.023,-1,Echolocation,/mnt/ubna_data_02_mir/recover-20220922/UBNA_001/20220921_090000.WAV,Telephone Field,recover-20220922,001,1795
188.3395,188.3809,68437,83288,Rhinolophus ferrumequinum,0.028,0.028,-1,Echolocation,/mnt/ubna_data_02_mir/recover-20220922/UBNA_001/20220921_090000.WAV,Telephone Field,recover-20220922,001,1795
188.3635,188.3726,27187,35653,Eptesicus serotinus,0.015,0.03,-1,Echolocation,/mnt/ubna_data_02_mir/recover-20220922/UBNA_001/20220921_090000.WAV,Telephone Field,recover-20220922,001,1795
188.4995,188.5134,28046,34005,Eptesicus serotinus,0.018,0.031,-1,Echolocation,/mnt/ubna_data_02_mir/recover-20220922/UBNA_001/20220921_090000.WAV,Telephone Field,recover-20220922,001,1795
188.5255,188.5372,14296,18394,Nyctalus noctula,0.018,0.032,-1,Echolocation,/mnt/ubna_data_02_mir/recover-20220922/UBNA_001/20220921_090000.WAV,Telephone Field,recover-20220922,001,1795
188.5425,188.5818,68437,81998,Rhinolophus ferrumequinum,0.025,0.025,-1,Echolocation,/mnt/ubna_data_02_mir/recover-20220922/UBNA_001/20220921_090000.WAV,Telephone Field,recover-20220922,001,1795
188.5655,188.6028,68437,81043,Rhinolophus ferrumequinum,0.037,0.037,-1,Echolocation,/mnt/ubna_data_02_mir/recover-20220922/UBNA_001/20220921_090000.WAV,Telephone Field,recover-20220922,001,1795
188.5665,188.5743,27187,36280,Eptesicus serotinus,0.01,0.027,-1,Echolocation,/mnt/ubna_data_02_mir/recover-20220922/UBNA_001/20220921_090000.WAV,Telephone Field,recover-20220922,001,1795
188.5995,188.6382,68437,81912,Rhinolophus ferrumequinum,0.022,0.022,-1,Echolocation,/mnt/ubna_data_02_mir/recover-20220922/UBNA_001/20220921_090000.WAV,Telephone Field,recover-20220922,001,1795
188.6495,188.6608,24609,30622,Nyctalus leisleri,0.01,0.024,-1,Echolocation,/mnt/ubna_data_02_mir/recover-20220922/UBNA_001/20220921_090000.WAV,Telephone Field,recover-20220922,001,1795
188.6815,188.7205,68437,81725,Rhinolophus ferrumequinum,0.022,0.022,-1,Echolocation,/mnt/ubna_data_02_mir/recover-20220922/UBNA_001/20220921_090000.WAV,Telephone Field,recover-20220922,001,1795
188.6865,188.7232,68437,81211,Rhinolophus ferrumequinum,0.021,0.021,-1,Echolocation,/mnt/ubna_data_02_mir/recover-20220922/UBNA_001/20220921_090000.WAV,Telephone Field,recover-20220922,001,1795
188.6935,188.7038,28046,36362,Eptesicus serotinus,0.011,0.025,-1,Echolocation,/mnt/ubna_data_02_mir/recover-20220922/UBNA_001/20220921_090000.WAV,Telephone Field,recover-20220922,001,1795
188.6955,188.7345,68437,81999,Rhinolophus ferrumequinum,0.023,0.023,-1,Echolocation,/mnt/ubna_data_02_mir/recover-20220922/UBNA_001/20220921_090000.WAV,Telephone Field,recover-20220922,001,1795
188.7045,188.7166,25468,30187,Nyctalus leisleri,0.011,0.024,-1,Echolocation,/mnt/ubna_data_02_mir/recover-20220922/UBNA_001/20220921_090000.WAV,Telephone Field,recover-20220922,001,1795
188.7855,188.825,68437,82599,Rhinolophus ferrumequinum,0.023,0.023,-1,Echolocation,/mnt/ubna_data_02_mir/recover-20220922/UBNA_001/20220921_090000.WAV,Telephone Field,recover-20220922,001,1795
188.8355,188.8743,68437,82395,Rhinolophus ferrumequinum,0.022,0.022,-1,Echolocation,/mnt/ubna_data_02_mir/recover-20220922/UBNA_001/20220921_090000.WAV,Telephone Field,recover-20220922,001,1795
188.8405,188.8482,25468,33860,Eptesicus serotinus,0.006,0.022,-1,Echolocation,/mnt/ubna_data_02_mir/recover-20220922/UBNA_001/20220921_090000.WAV,Telephone Field,recover-20220922,001,1795
188.8725,188.9096,68437,81758,Rhinolophus ferrumequinum,0.022,0.022,-1,Echolocation,/mnt/ubna_data_02_mir/recover-20220922/UBNA_001/20220921_090000.WAV,Telephone Field,recover-20220922,001,1795
188.8825,188.8906,28906,38735,Eptesicus serotinus,0.007,0.022,-1,Echolocation,/mnt/ubna_data_02_mir/recover-20220922/UBNA_001/20220921_090000.WAV,Telephone Field,recover-20220922,001,1795
188.9365,188.977,68437,81970,Rhinolophus ferrumequinum,0.023,0.023,-1,Echolocation,/mnt/ubna_data_02_mir/recover-20220922/UBNA_001/20220921_090000.WAV,Telephone Field,recover-20220922,001,1795
188.9365,188.9462,28046,40156,Eptesicus serotinus,0.01,0.023,-1,Echolocation,/mnt/ubna_data_02_mir/recover-20220922/UBNA_001/20220921_090000.WAV,Telephone Field,recover-20220922,001,1795
188.9535,188.993,68437,81192,Rhinolophus ferrumequinum,0.024,0.024,-1,Echolocation,/mnt/ubna_data_02_mir/recover-20220922/UBNA_001/20220921_090000.WAV,Telephone Field,recover-20220922,001,1795
188.9655,189.0053,68437,82532,Rhinolophus ferrumequinum,0.021,0.021,-1,Echolocation,/mnt/ubna_data_02_mir/recover-20220922/UBNA_001/20220921_090000.WAV,Telephone Field,recover-20220922,001,1795
188.9875,189.0259,68437,81979,Rhinolophus ferrumequinum,0.023,0.023,-1,Echolocation,/mnt/ubna_data_02_mir/recover-20220922/UBNA_001/20220921_090000.WAV,Telephone Field,recover-20220922,001,1795
189.0255,189.0642,68437,82088,Rhinolophus ferrumequinum,0.021,0.021,-1,Echolocation,/mnt/ubna_data_02_mir/recover-20220922/UBNA_001/20220921_090000.WAV,Telephone Field,recover-20220922,001,1795
189.0565,189.0982,68437,82417,Rhinolophus ferrumequinum,0.029,0.029,-1,Echolocation,/mnt/ubna_data_02_mir/recover-20220922/UBNA_001/20220921_090000.WAV,Telephone Field,recover-20220922,001,1795
189.0645,189.0733,28906,39687,Eptesicus serotinus,0.007,0.021,-1,Echolocation,/mnt/ubna_data_02_mir/recover-20220922/UBNA_001/20220921_090000.WAV,Telephone Field,recover-20220922,001,1795
189.08350000000002,189.1214,68437,81629,Rhinolophus ferrumequinum,0.024,0.024,-1,Echolocation,/mnt/ubna_data_02_mir/recover-20220922/UBNA_001/20220921_090000.WAV,Telephone Field,recover-20220922,001,1795
189.1135,189.154,68437,81821,Rhinolophus ferrumequinum,0.026,0.026,-1,Echolocation,/mnt/ubna_data_02_mir/recover-20220922/UBNA_001/20220921_090000.WAV,Telephone Field,recover-20220922,001,1795
189.1355,189.14600000000002,23750,29255,Nyctalus leisleri,0.01,0.021,-1,Echolocation,/mnt/ubna_data_02_mir/recover-20220922/UBNA_001/20220921_090000.WAV,Telephone Field,recover-20220922,001,1795
189.1835,189.1907,28046,38946,Eptesicus serotinus,0.006,0.021,-1,Echolocation,/mnt/ubna_data_02_mir/recover-20220922/UBNA_001/20220921_090000.WAV,Telephone Field,recover-20220922,001,1795
189.2225,189.2317,28046,37574,Eptesicus serotinus,0.008,0.022,-1,Echolocation,/mnt/ubna_data_02_mir/recover-20220922/UBNA_001/20220921_090000.WAV,Telephone Field,recover-20220922,001,1795
189.2235,189.2612,68437,81649,Rhinolophus ferrumequinum,0.021,0.021,-1,Echolocation,/mnt/ubna_data_02_mir/recover-20220922/UBNA_001/20220921_090000.WAV,Telephone Field,recover-20220922,001,1795
189.2365,189.2747,68437,82203,Rhinolophus ferrumequinum,0.021,0.021,-1,Echolocation,/mnt/ubna_data_02_mir/recover-20220922/UBNA_001/20220921_090000.WAV,Telephone Field,recover-20220922,001,1795
189.2645,189.3027,68437,81640,Rhinolophus ferrumequinum,0.022,0.022,-1,Echolocation,/mnt/ubna_data_02_mir/recover-20220922/UBNA_001/20220921_090000.WAV,Telephone Field,recover-20220922,001,1795
189.2755,189.3161,68437,81983,Rhinolophus ferrumequinum,0.022,0.022,-1,Echolocation,/mnt/ubna_data_02_mir/recover-20220922/UBNA_001/20220921_090000.WAV,Telephone Field,recover-20220922,001,1795
189.3115,189.3231,45234,48234,Pipistrellus pipistrellus,0.039,0.043,-1,Echolocation,/mnt/ubna_data_02_mir/recover-20220922/UBNA_001/20220921_090000.WAV,Telephone Field,recover-20220922,001,1795
189.3365,189.3771,68437,82389,Rhinolophus ferrumequinum,0.041,0.041,-1,Echolocation,/mnt/ubna_data_02_mir/recover-20220922/UBNA_001/20220921_090000.WAV,Telephone Field,recover-20220922,001,1795
189.3755,189.3851,28046,39876,Eptesicus serotinus,0.011,0.024,-1,Echolocation,/mnt/ubna_data_02_mir/recover-20220922/UBNA_001/20220921_090000.WAV,Telephone Field,recover-20220922,001,1795
189.3875,189.4257,68437,81771,Rhinolophus ferrumequinum,0.032,0.032,-1,Echolocation,/mnt/ubna_data_02_mir/recover-20220922/UBNA_001/20220921_090000.WAV,Telephone Field,recover-20220922,001,1795
189.4265,189.465,68437,81759,Rhinolophus ferrumequinum,0.024,0.024,-1,Echolocation,/mnt/ubna_data_02_mir/recover-20220922/UBNA_001/20220921_090000.WAV,Telephone Field,recover-20220922,001,1795
189.4335,189.4728,68437,81772,Rhinolophus ferrumequinum,0.022,0.022,-1,Echolocation,/mnt/ubna_data_02_mir/recover-20220922/UBNA_001/20220921_090000.WAV,Telephone Field,recover-20220922,001,1795
189.4565,189.4959,68437,82162,Rhinolophus ferrumequinum,0.021,0.021,-1,Echolocation,/mnt/ubna_data_02_mir/recover-20220922/UBNA_001/20220921_090000.WAV,Telephone Field,recover-20220922,001,1795
189.4565,189.4683,23750,29494,Nyctalus leisleri,0.01,0.023,-1,Echolocation,/mnt/ubna_data_02_mir/recover-20220922/UBNA_001/20220921_090000.WAV,Telephone Field,recover-20220922,001,1795
189.4675,189.4783,22890,28445,Nyctalus leisleri,0.014,0.029,-1,Echolocation,/mnt/ubna_data_02_mir/recover-20220922/UBNA_001/20220921_090000.WAV,Telephone Field,recover-20220922,001,1795
189.5145,189.5552,68437,82388,Rhinolophus ferrumequinum,0.023,0.023,-1,Echolocation,/mnt/ubna_data_02_mir/recover-20220922/UBNA_001/20220921_090000.WAV,Telephone Field,recover-20220922,001,1795
189.5395,189.5794,68437,82863,Rhinolophus ferrumequinum,0.025,0.025,-1,Echolocation,/mnt/ubna_data_02_mir/recover-20220922/UBNA_001/20220921_090000.WAV,Telephone Field,recover-20220922,001,1795
189.5445,189.5529,28906,39194,Eptesicus serotinus,0.008,0.023,-1,Echolocation,/mnt/ubna_data_02_mir/recover-20220922/UBNA_001/20220921_090000.WAV,Telephone Field,recover-20220922,001,1795
189.5555,189.5944,68437,81876,Rhinolophus ferrumequinum,0.021,0.021,-1,Echolocation,/mnt/ubna_data_02_mir/recover-20220922/UBNA_001/20220921_090000.WAV,Telephone Field,recover-20220922,001,1795
189.5805,189.6195,68437,82354,Rhinolophus ferrumequinum,0.021,0.021,-1,Echolocation,/mnt/ubna_data_02_mir/recover-20220922/UBNA_001/20220921_090000.WAV,Telephone Field,recover-20220922,001,1795
189.5935,189.6007,23750,32969,Plecotus austriacus,0.011,0.026,-1,Echolocation,/mnt/ubna_data_02_mir/recover-20220922/UBNA_001/20220921_090000.WAV,Telephone Field,recover-20220922,001,1795
189.6095,189.6185,28046,36979,Eptesicus serotinus,0.011,0.028,-1,Echolocation,/mnt/ubna_data_02_mir/recover-20220922/UBNA_001/20220921_090000.WAV,Telephone Field,recover-20220922,001,1795
189.6595,189.7012,68437,82716,Rhinolophus ferrumequinum,0.023,0.023,-1,Echolocation,/mnt/ubna_data_02_mir/recover-20220922/UBNA_001/20220921_090000.WAV,Telephone Field,recover-20220922,001,1795
189.6835,189.6906,28046,38263,Eptesicus serotinus,0.006,0.022,-1,Echolocation,/mnt/ubna_data_02_mir/recover-20220922/UBNA_001/20220921_090000.WAV,Telephone Field,recover-20220922,001,1795
189.6975,189.736,68437,82176,Rhinolophus ferrumequinum,0.022,0.022,-1,Echolocation,/mnt/ubna_data_02_mir/recover-20220922/UBNA_001/20220921_090000.WAV,Telephone Field,recover-20220922,001,1795
189.7235,189.73329999999999,24609,31461,Eptesicus serotinus,0.008,0.022,-1,Echolocation,/mnt/ubna_data_02_mir/recover-20220922/UBNA_001/20220921_090000.WAV,Telephone Field,recover-20220922,001,1795
189.7345,189.7754,68437,82491,Rhinolophus ferrumequinum,0.028,0.028,-1,Echolocation,/mnt/ubna_data_02_mir/recover-20220922/UBNA_001/20220921_090000.WAV,Telephone Field,recover-20220922,001,1795
189.7485,189.7863,68437,82124,Rhinolophus ferrumequinum,0.024,0.024,-1,Echolocation,/mnt/ubna_data_02_mir/recover-20220922/UBNA_001/20220921_090000.WAV,Telephone Field,recover-20220922,001,1795
189.7755,189.783,26328,34987,Eptesicus serotinus,0.007,0.022,-1,Echolocation,/mnt/ubna_data_02_mir/recover-20220922/UBNA_001/20220921_090000.WAV,Telephone Field,recover-20220922,001,1795
189.7965,189.8379,68437,82839,Rhinolophus ferrumequinum,0.022,0.022,-1,Echolocation,/mnt/ubna_data_02_mir/recover-20220922/UBNA_001/20220921_090000.WAV,Telephone Field,recover-20220922,001,1795
189.8025,189.843,68437,82196,Rhinolophus ferrumequinum,0.022,0.022,-1,Echolocation,/mnt/ubna_data_02_mir/recover-20220922/UBNA_001/20220921_090000.WAV,Telephone Field,recover-20220922,001,1795
189.8285,189.8681,68437,81377,Rhinolophus ferrumequinum,0.027,0.027,-1,Echolocation,/mnt/ubna_data_02_mir/recover-20220922/UBNA_001/20220921_090000.WAV,Telephone Field,recover-20220922,001,1795
189.8385,189.8518,26328,31050,Eptesicus serotinus,0.014,0.031,-1,Echolocation,/mnt/ubna_data_02_mir/recover-20220922/UBNA_001/20220921_090000.WAV,Telephone Field,recover-20220922,001,1795
189.8455,189.8871,68437,82555,Rhinolophus ferrumequinum,0.022,0.022,-1,Echolocation,/mnt/ubna_data_02_mir/recover-20220922/UBNA_001/20220921_090000.WAV,Telephone Field,recover-20220922,001,1795
189.8515,189.8914,68437,82519,Rhinolophus ferrumequinum,0.024,0.024,-1,Echolocation,/mnt/ubna_data_02_mir/recover-20220922/UBNA_001/20220921_090000.WAV,Telephone Field,recover-20220922,001,1795
189.8575,189.8648,26328,39022,Eptesicus serotinus,0.006,0.021,-1,Echolocation,/mnt/ubna_data_02_mir/recover-20220922/UBNA_001/20220921_090000.WAV,Telephone Field,recover-20220922,001,1795
189.8785,189.9179,68437,82054,Rhinolophus ferrumequinum,0.023,0.023,-1,Echolocation,/mnt/ubna_data_02_mir/recover-20220922/UBNA_001/20220921_090000.WAV,Telephone Field,recover-20220922,001,1795
189.8975,189.933,68437,81300,Rhinolophus ferrumequinum,0.022,0.022,-1,Echolocation,/mnt/ubna_data_02_mir/recover-20220922/UBNA_001/20220921_090000.WAV,Telephone Field,recover-20220922,001,1795
189.9365,189.9768,68437,81996,Rhinolophus ferrumequinum,0.022,0.022,-1,Echolocation,/mnt/ubna_data_02_mir/recover-20220922/UBNA_001/20220921_090000.WAV,Telephone Field,recover-20220922,001,1795
189.9455,189.9814,68437,81057,Rhinolophus ferrumequinum,0.023,0.023,-1,Echolocation,/mnt/ubna_data_02_mir/recover-20220922/UBNA_001/20220921_090000.WAV,Telephone Field,recover-20220922,001,1795
190.0015,190.0072,47812,51867,Pipistrellus pipistrellus,0.015,0.022,-1,Echolocation,/mnt/ubna_data_02_mir/recover-20220922/UBNA_001/20220921_090000.WAV,Telephone Field,recover-20220922,001,1795
190.0015,190.0343,69296,81143,Rhinolophus ferrumequinum,0.025,0.026,-1,Echolocation,/mnt/ubna_data_02_mir/recover-20220922/UBNA_001/20220921_090000.WAV,Telephone Field,recover-20220922,001,1795
190.0015,190.0098,24609,32741,Nyctalus leisleri,0.008,0.028,-1,Echolocation,/mnt/ubna_data_02_mir/recover-20220922/UBNA_001/20220921_090000.WAV,Telephone Field,recover-20220922,001,1795
190.0235,190.0308,45234,49925,Pipistrellus pipistrellus,0.022,0.024,-1,Echolocation,/mnt/ubna_data_02_mir/recover-20220922/UBNA_001/20220921_090000.WAV,Telephone Field,recover-20220922,001,1795
190.0355,190.0447,23750,31914,Plecotus austriacus,0.007,0.024,-1,Echolocation,/mnt/ubna_data_02_mir/recover-20220922/UBNA_001/20220921_090000.WAV,Telephone Field,recover-20220922,001,1795
190.08350000000002,190.1223,68437,81585,Rhinolophus ferrumequinum,0.021,0.022,-1,Echolocation,/mnt/ubna_data_02_mir/recover-20220922/UBNA_001/20220921_090000.WAV,Telephone Field,recover-20220922,001,1795
190.1375,190.1759,68437,82221,Rhinolophus ferrumequinum,0.024,0.024,-1,Echolocation,/mnt/ubna_data_02_mir/recover-20220922/UBNA_001/20220921_090000.WAV,Telephone Field,recover-20220922,001,1795
190.1475,190.1561,28046,40130,Eptesicus serotinus,0.008,0.022,-1,Echolocation,/mnt/ubna_data_02_mir/recover-20220922/UBNA_001/20220921_090000.WAV,Telephone Field,recover-20220922,001,1795
190.1695,190.2101,68437,82046,Rhinolophus ferrumequinum,0.022,0.022,-1,Echolocation,/mnt/ubna_data_02_mir/recover-20220922/UBNA_001/20220921_090000.WAV,Telephone Field,recover-20220922,001,1795
190.17849999999999,190.2182,68437,81964,Rhinolophus ferrumequinum,0.022,0.022,-1,Echolocation,/mnt/ubna_data_02_mir/recover-20220922/UBNA_001/20220921_090000.WAV,Telephone Field,recover-20220922,001,1795
190.2195,190.2293,28906,37521,Eptesicus serotinus,0.011,0.027,-1,Echolocation,/mnt/ubna_data_02_mir/recover-20220922/UBNA_001/20220921_090000.WAV,Telephone Field,recover-20220922,001,1795
190.2225,190.258,68437,81016,Rhinolophus ferrumequinum,0.022,0.022,-1,Echolocation,/mnt/ubna_data_02_mir/recover-20220922/UBNA_001/20220921_090000.WAV,Telephone Field,recover-20220922,001,1795
190.2565,190.2679,25468,32377,Eptesicus serotinus,0.012,0.027,-1,Echolocation,/mnt/ubna_data_02_mir/recover-20220922/UBNA_001/20220921_090000.WAV,Telephone Field,recover-20220922,001,1795
190.2865,190.3288,68437,82626,Rhinolophus ferrumequinum,0.027,0.027,-1,Echolocation,/mnt/ubna_data_02_mir/recover-20220922/UBNA_001/20220921_090000.WAV,Telephone Field,recover-20220922,001,1795
190.29149999999998,190.299,28046,37674,Eptesicus serotinus,0.007,0.024,-1,Echolocation,/mnt/ubna_data_02_mir/recover-20220922/UBNA_001/20220921_090000.WAV,Telephone Field,recover-20220922,001,1795
190.3245,190.3618,68437,81453,Rhinolophus ferrumequinum,0.023,0.023,-1,Echolocation,/mnt/ubna_data_02_mir/recover-20220922/UBNA_001/20220921_090000.WAV,Telephone Field,recover-20220922,001,1795
190.33350000000002,190.3424,27187,36933,Eptesicus serotinus,0.009,0.021,-1,Echolocation,/mnt/ubna_data_02_mir/recover-20220922/UBNA_001/20220921_090000.WAV,Telephone Field,recover-20220922,001,1795
190.3455,190.3866,68437,82567,Rhinolophus ferrumequinum,0.027,0.027,-1,Echolocation,/mnt/ubna_data_02_mir/recover-20220922/UBNA_001/20220921_090000.WAV,Telephone Field,recover-20220922,001,1795
190.3555,190.3629,30625,42104,Myotis daubentonii,0.011,0.029,-1,Echolocation,/mnt/ubna_data_02_mir/recover-20220922/UBNA_001/20220921_090000.WAV,Telephone Field,recover-20220922,001,1795
190.3715,190.3837,26328,32461,Eptesicus serotinus,0.013,0.029,-1,Echolocation,/mnt/ubna_data_02_mir/recover-20220922/UBNA_001/20220921_090000.WAV,Telephone Field,recover-20220922,001,1795
190.3725,190.4089,68437,81614,Rhinolophus ferrumequinum,0.03,0.031,-1,Echolocation,/mnt/ubna_data_02_mir/recover-20220922/UBNA_001/20220921_090000.WAV,Telephone Field,recover-20220922,001,1795
190.3945,190.4033,28046,37262,Eptesicus serotinus,0.008,0.021,-1,Echolocation,/mnt/ubna_data_02_mir/recover-20220922/UBNA_001/20220921_090000.WAV,Telephone Field,recover-20220922,001,1795
190.4055,190.414,28046,37014,Eptesicus serotinus,0.007,0.021,-1,Echolocation,/mnt/ubna_data_02_mir/recover-20220922/UBNA_001/20220921_090000.WAV,Telephone Field,recover-20220922,001,1795
190.4085,190.4507,68437,82818,Rhinolophus ferrumequinum,0.031,0.031,-1,Echolocation,/mnt/ubna_data_02_mir/recover-20220922/UBNA_001/20220921_090000.WAV,Telephone Field,recover-20220922,001,1795
190.4145,190.4538,68437,82658,Rhinolophus ferrumequinum,0.03,0.03,-1,Echolocation,/mnt/ubna_data_02_mir/recover-20220922/UBNA_001/20220921_090000.WAV,Telephone Field,recover-20220922,001,1795
190.45850000000002,190.4697,29765,37184,Eptesicus serotinus,0.016,0.032,-1,Echolocation,/mnt/ubna_data_02_mir/recover-20220922/UBNA_001/20220921_090000.WAV,Telephone Field,recover-20220922,001,1795
190.5075,190.5454,68437,81459,Rhinolophus ferrumequinum,0.026,0.026,-1,Echolocation,/mnt/ubna_data_02_mir/recover-20220922/UBNA_001/20220921_090000.WAV,Telephone Field,recover-20220922,001,1795
190.5335,190.5428,28046,37427,Eptesicus serotinus,0.021,0.041,-1,Echolocation,/mnt/ubna_data_02_mir/recover-20220922/UBNA_001/20220921_090000.WAV,Telephone Field,recover-20220922,001,1795
190.5475,190.5583,23750,28791,Nyctalus leisleri,0.014,0.03,-1,Echolocation,/mnt/ubna_data_02_mir/recover-20220922/UBNA_001/20220921_090000.WAV,Telephone Field,recover-20220922,001,1795
190.5475,190.5853,68437,81434,Rhinolophus ferrumequinum,0.025,0.025,-1,Echolocation,/mnt/ubna_data_02_mir/recover-20220922/UBNA_001/20220921_090000.WAV,Telephone Field,recover-20220922,001,1795
190.5595,190.5678,31484,41687,Myotis daubentonii,0.008,0.022,-1,Echolocation,/mnt/ubna_data_02_mir/recover-20220922/UBNA_001/20220921_090000.WAV,Telephone Field,recover-20220922,001,1795
190.5795,190.6198,68437,82426,Rhinolophus ferrumequinum,0.024,0.025,-1,Echolocation,/mnt/ubna_data_02_mir/recover-20220922/UBNA_001/20220921_090000.WAV,Telephone Field,recover-20220922,001,1795
190.5865,190.6259,68437,82441,Rhinolophus ferrumequinum,0.023,0.023,-1,Echolocation,/mnt/ubna_data_02_mir/recover-20220922/UBNA_001/20220921_090000.WAV,Telephone Field,recover-20220922,001,1795
190.6315,190.6705,68437,81726,Rhinolophus ferrumequinum,0.022,0.022,-1,Echolocation,/mnt/ubna_data_02_mir/recover-20220922/UBNA_001/20220921_090000.WAV,Telephone Field,recover-20220922,001,1795
190.6575,190.6963,68437,82101,Rhinolophus ferrumequinum,0.022,0.022,-1,Echolocation,/mnt/ubna_data_02_mir/recover-20220922/UBNA_001/20220921_090000.WAV,Telephone Field,recover-20220922,001,1795
190.7895,190.8254,68437,81508,Rhinolophus ferrumequinum,0.022,0.022,-1,Echolocation,/mnt/ubna_data_02_mir/recover-20220922/UBNA_001/20220921_090000.WAV,Telephone Field,recover-20220922,001,1795
190.8175,190.8277,24609,31278,Eptesicus serotinus,0.015,0.045,-1,Echolocation,/mnt/ubna_data_02_mir/recover-20220922/UBNA_001/20220921_090000.WAV,Telephone Field,recover-20220922,001,1795
190.8815,190.919,68437,81426,Rhinolophus ferrumequinum,0.022,0.022,-1,Echolocation,/mnt/ubna_data_02_mir/recover-20220922/UBNA_001/20220921_090000.WAV,Telephone Field,recover-20220922,001,1795
190.9055,190.94389999999999,68437,81927,Rhinolophus ferrumequinum,0.023,0.023,-1,Echolocation,/mnt/ubna_data_02_mir/recover-20220922/UBNA_001/20220921_090000.WAV,Telephone Field,recover-20220922,001,1795
190.9105,190.9167,27187,41125,Myotis daubentonii,0.01,0.048,-1,Echolocation,/mnt/ubna_data_02_mir/recover-20220922/UBNA_001/20220921_090000.WAV,Telephone Field,recover-20220922,001,1795
190.9205,190.9315,22890,28471,Nyctalus leisleri,0.011,0.024,-1,Echolocation,/mnt/ubna_data_02_mir/recover-20220922/UBNA_001/20220921_090000.WAV,Telephone Field,recover-20220922,001,1795
190.9525,190.9929,68437,81871,Rhinolophus ferrumequinum,0.023,0.023,-1,Echolocation,/mnt/ubna_data_02_mir/recover-20220922/UBNA_001/20220921_090000.WAV,Telephone Field,recover-20220922,001,1795
191.0035,191.0405,68437,82360,Rhinolophus ferrumequinum,0.024,0.024,-1,Echolocation,/mnt/ubna_data_02_mir/recover-20220922/UBNA_001/20220921_090000.WAV,Telephone Field,recover-20220922,001,1795
191.1085,191.1479,68437,82113,Rhinolophus ferrumequinum,0.023,0.023,-1,Echolocation,/mnt/ubna_data_02_mir/recover-20220922/UBNA_001/20220921_090000.WAV,Telephone Field,recover-20220922,001,1795
191.1095,191.1181,27187,37790,Eptesicus serotinus,0.008,0.022,-1,Echolocation,/mnt/ubna_data_02_mir/recover-20220922/UBNA_001/20220921_090000.WAV,Telephone Field,recover-20220922,001,1795
191.1235,191.1621,68437,82081,Rhinolophus ferrumequinum,0.022,0.022,-1,Echolocation,/mnt/ubna_data_02_mir/recover-20220922/UBNA_001/20220921_090000.WAV,Telephone Field,recover-20220922,001,1795
191.1535,191.1612,45234,49049,Pipistrellus pipistrellus,0.026,0.027,-1,Echolocation,/mnt/ubna_data_02_mir/recover-20220922/UBNA_001/20220921_090000.WAV,Telephone Field,recover-20220922,001,1795
191.1635,191.1984,68437,81264,Rhinolophus ferrumequinum,0.024,0.024,-1,Echolocation,/mnt/ubna_data_02_mir/recover-20220922/UBNA_001/20220921_090000.WAV,Telephone Field,recover-20220922,001,1795
191.1755,191.1863,28046,36006,Eptesicus serotinus,0.018,0.034,-1,Echolocation,/mnt/ubna_data_02_mir/recover-20220922/UBNA_001/20220921_090000.WAV,Telephone Field,recover-20220922,001,1795
191.2045,191.2169,14296,20002,Nyctalus noctula,0.022,0.035,-1,Echolocation,/mnt/ubna_data_02_mir/recover-20220922/UBNA_001/20220921_090000.WAV,Telephone Field,recover-20220922,001,1795
191.2055,191.2481,68437,83169,Rhinolophus ferrumequinum,0.026,0.026,-1,Echolocation,/mnt/ubna_data_02_mir/recover-20220922/UBNA_001/20220921_090000.WAV,Telephone Field,recover-20220922,001,1795
191.2195,191.26069999999999,68437,82937,Rhinolophus ferrumequinum,0.022,0.022,-1,Echolocation,/mnt/ubna_data_02_mir/recover-20220922/UBNA_001/20220921_090000.WAV,Telephone Field,recover-20220922,001,1795
191.2495,191.2589,28046,37820,Eptesicus serotinus,0.01,0.025,-1,Echolocation,/mnt/ubna_data_02_mir/recover-20220922/UBNA_001/20220921_090000.WAV,Telephone Field,recover-20220922,001,1795
191.2685,191.307,68437,81635,Rhinolophus ferrumequinum,0.024,0.024,-1,Echolocation,/mnt/ubna_data_02_mir/recover-20220922/UBNA_001/20220921_090000.WAV,Telephone Field,recover-20220922,001,1795
191.2825,191.2899,28046,38577,Eptesicus serotinus,0.007,0.023,-1,Echolocation,/mnt/ubna_data_02_mir/recover-20220922/UBNA_001/20220921_090000.WAV,Telephone Field,recover-20220922,001,1795
191.2995,191.3375,68437,81928,Rhinolophus ferrumequinum,0.023,0.023,-1,Echolocation,/mnt/ubna_data_02_mir/recover-20220922/UBNA_001/20220921_090000.WAV,Telephone Field,recover-20220922,001,1795
191.3005,191.3109,22031,27598,Nyctalus leisleri,0.009,0.023,-1,Echolocation,/mnt/ubna_data_02_mir/recover-20220922/UBNA_001/20220921_090000.WAV,Telephone Field,recover-20220922,001,1795
191.3225,191.3631,68437,82723,Rhinolophus ferrumequinum,0.023,0.023,-1,Echolocation,/mnt/ubna_data_02_mir/recover-20220922/UBNA_001/20220921_090000.WAV,Telephone Field,recover-20220922,001,1795
191.3595,191.3992,68437,82568,Rhinolophus ferrumequinum,0.022,0.022,-1,Echolocation,/mnt/ubna_data_02_mir/recover-20220922/UBNA_001/20220921_090000.WAV,Telephone Field,recover-20220922,001,1795
191.3855,191.4255,68437,82504,Rhinolophus ferrumequinum,0.031,0.031,-1,Echolocation,/mnt/ubna_data_02_mir/recover-20220922/UBNA_001/20220921_090000.WAV,Telephone Field,recover-20220922,001,1795
191.3985,191.4069,28046,37590,Eptesicus serotinus,0.011,0.025,-1,Echolocation,/mnt/ubna_data_02_mir/recover-20220922/UBNA_001/20220921_090000.WAV,Telephone Field,recover-20220922,001,1795
191.4215,191.4614,68437,82055,Rhinolophus ferrumequinum,0.021,0.021,-1,Echolocation,/mnt/ubna_data_02_mir/recover-20220922/UBNA_001/20220921_090000.WAV,Telephone Field,recover-20220922,001,1795
191.4605,191.4679,28046,39287,Eptesicus serotinus,0.006,0.022,-1,Echolocation,/mnt/ubna_data_02_mir/recover-20220922/UBNA_001/20220921_090000.WAV,Telephone Field,recover-20220922,001,1795
191.4605,191.4978,68437,81246,Rhinolophus ferrumequinum,0.022,0.022,-1,Echolocation,/mnt/ubna_data_02_mir/recover-20220922/UBNA_001/20220921_090000.WAV,Telephone Field,recover-20220922,001,1795
191.4695,191.5088,68437,81945,Rhinolophus ferrumequinum,0.023,0.023,-1,Echolocation,/mnt/ubna_data_02_mir/recover-20220922/UBNA_001/20220921_090000.WAV,Telephone Field,recover-20220922,001,1795
191.4875,191.4992,25468,31345,Nyctalus leisleri,0.01,0.027,-1,Echolocation,/mnt/ubna_data_02_mir/recover-20220922/UBNA_001/20220921_090000.WAV,Telephone Field,recover-20220922,001,1795
191.4985,191.53640000000001,68437,81560,Rhinolophus ferrumequinum,0.021,0.021,-1,Echolocation,/mnt/ubna_data_02_mir/recover-20220922/UBNA_001/20220921_090000.WAV,Telephone Field,recover-20220922,001,1795
191.5155,191.5238,28046,39165,Eptesicus serotinus,0.009,0.024,-1,Echolocation,/mnt/ubna_data_02_mir/recover-20220922/UBNA_001/20220921_090000.WAV,Telephone Field,recover-20220922,001,1795
191.5275,191.5647,68437,82055,Rhinolophus ferrumequinum,0.022,0.022,-1,Echolocation,/mnt/ubna_data_02_mir/recover-20220922/UBNA_001/20220921_090000.WAV,Telephone Field,recover-20220922,001,1795
191.5895,191.6286,68437,82161,Rhinolophus ferrumequinum,0.022,0.022,-1,Echolocation,/mnt/ubna_data_02_mir/recover-20220922/UBNA_001/20220921_090000.WAV,Telephone Field,recover-20220922,001,1795
191.6545,191.6627,27187,39735,Eptesicus serotinus,0.009,0.025,-1,Echolocation,/mnt/ubna_data_02_mir/recover-20220922/UBNA_001/20220921_090000.WAV,Telephone Field,recover-20220922,001,1795
191.6595,191.6975,68437,81769,Rhinolophus ferrumequinum,0.023,0.023,-1,Echolocation,/mnt/ubna_data_02_mir/recover-20220922/UBNA_001/20220921_090000.WAV,Telephone Field,recover-20220922,001,1795
191.6815,191.7219,68437,82005,Rhinolophus ferrumequinum,0.021,0.021,-1,Echolocation,/mnt/ubna_data_02_mir/recover-20220922/UBNA_001/20220921_090000.WAV,Telephone Field,recover-20220922,001,1795
191.6955,191.7349,68437,81888,Rhinolophus ferrumequinum,0.021,0.021,-1,Echolocation,/mnt/ubna_data_02_mir/recover-20220922/UBNA_001/20220921_090000.WAV,Telephone Field,recover-20220922,001,1795
191.7045,191.7403,68437,82189,Rhinolophus ferrumequinum,0.023,0.023,-1,Echolocation,/mnt/ubna_data_02_mir/recover-20220922/UBNA_001/20220921_090000.WAV,Telephone Field,recover-20220922,001,1795
191.7905,191.8303,68437,81999,Rhinolophus ferrumequinum,0.023,0.023,-1,Echolocation,/mnt/ubna_data_02_mir/recover-20220922/UBNA_001/20220921_090000.WAV,Telephone Field,recover-20220922,001,1795
191.7935,191.8025,28046,37766,Eptesicus serotinus,0.008,0.023,-1,Echolocation,/mnt/ubna_data_02_mir/recover-20220922/UBNA_001/20220921_090000.WAV,Telephone Field,recover-20220922,001,1795
191.8265,191.8344,25468,37453,Eptesicus serotinus,0.012,0.034,-1,Echolocation,/mnt/ubna_data_02_mir/recover-20220922/UBNA_001/20220921_090000.WAV,Telephone Field,recover-20220922,001,1795
191.8385,191.8762,68437,81695,Rhinolophus ferrumequinum,0.024,0.024,-1,Echolocation,/mnt/ubna_data_02_mir/recover-20220922/UBNA_001/20220921_090000.WAV,Telephone Field,recover-20220922,001,1795
191.8455,191.8532,46953,50351,Pipistrellus pipistrellus,0.03,0.031,-1,Echolocation,/mnt/ubna_data_02_mir/recover-20220922/UBNA_001/20220921_090000.WAV,Telephone Field,recover-20220922,001,1795
191.8615,191.8708,28046,37919,Eptesicus serotinus,0.011,0.025,-1,Echolocation,/mnt/ubna_data_02_mir/recover-20220922/UBNA_001/20220921_090000.WAV,Telephone Field,recover-20220922,001,1795
191.8955,191.9053,28046,37686,Eptesicus serotinus,0.013,0.026,-1,Echolocation,/mnt/ubna_data_02_mir/recover-20220922/UBNA_001/20220921_090000.WAV,Telephone Field,recover-20220922,001,1795
191.8975,191.9156,19453,23095,Nyctalus noctula,0.011,0.023,-1,Echolocation,/mnt/ubna_data_02_mir/recover-20220922/UBNA_001/20220921_090000.WAV,Telephone Field,recover-20220922,001,1795
191.9135,191.9196,27187,38595,Eptesicus serotinus,0.005,0.023,-1,Echolocation,/mnt/ubna_data_02_mir/recover-20220922/UBNA_001/20220921_090000.WAV,Telephone Field,recover-20220922,001,1795
191.9415,191.9821,68437,82730,Rhinolophus ferrumequinum,0.022,0.022,-1,Echolocation,/mnt/ubna_data_02_mir/recover-20220922/UBNA_001/20220921_090000.WAV,Telephone Field,recover-20220922,001,1795
191.9885,191.9989,23750,31385,Eptesicus serotinus,0.007,0.022,-1,Echolocation,/mnt/ubna_data_02_mir/recover-20220922/UBNA_001/20220921_090000.WAV,Telephone Field,recover-20220922,001,1795
192.0015,192.0105,23750,31063,Nyctalus leisleri,0.01,0.029,-1,Echolocation,/mnt/ubna_data_02_mir/recover-20220922/UBNA_001/20220921_090000.WAV,Telephone Field,recover-20220922,001,1795
192.0015,192.0328,68437,80567,Rhinolophus ferrumequinum,0.041,0.041,-1,Echolocation,/mnt/ubna_data_02_mir/recover-20220922/UBNA_001/20220921_090000.WAV,Telephone Field,recover-20220922,001,1795
192.0545,192.0649,26328,33876,Eptesicus serotinus,0.012,0.028,-1,Echolocation,/mnt/ubna_data_02_mir/recover-20220922/UBNA_001/20220921_090000.WAV,Telephone Field,recover-20220922,001,1795
192.0705,192.1072,68437,81410,Rhinolophus ferrumequinum,0.033,0.033,-1,Echolocation,/mnt/ubna_data_02_mir/recover-20220922/UBNA_001/20220921_090000.WAV,Telephone Field,recover-20220922,001,1795
192.08350000000002,192.0905,28906,38049,Eptesicus serotinus,0.009,0.028,-1,Echolocation,/mnt/ubna_data_02_mir/recover-20220922/UBNA_001/20220921_090000.WAV,Telephone Field,recover-20220922,001,1795
192.0865,192.1239,68437,81726,Rhinolophus ferrumequinum,0.022,0.022,-1,Echolocation,/mnt/ubna_data_02_mir/recover-20220922/UBNA_001/20220921_090000.WAV,Telephone Field,recover-20220922,001,1795
192.1105,192.1531,68437,82812,Rhinolophus ferrumequinum,0.05,0.05,-1,Echolocation,/mnt/ubna_data_02_mir/recover-20220922/UBNA_001/20220921_090000.WAV,Telephone Field,recover-20220922,001,1795
192.1325,192.1718,68437,82881,Rhinolophus ferrumequinum,0.046,0.046,-1,Echolocation,/mnt/ubna_data_02_mir/recover-20220922/UBNA_001/20220921_090000.WAV,Telephone Field,recover-20220922,001,1795
192.1335,192.1436,23750,29354,Nyctalus leisleri,0.009,0.022,-1,Echolocation,/mnt/ubna_data_02_mir/recover-20220922/UBNA_001/20220921_090000.WAV,Telephone Field,recover-20220922,001,1795
192.2065,192.2465,68437,82506,Rhinolophus ferrumequinum,0.023,0.023,-1,Echolocation,/mnt/ubna_data_02_mir/recover-20220922/UBNA_001/20220921_090000.WAV,Telephone Field,recover-20220922,001,1795
192.2235,192.26069999999999,68437,81607,Rhinolophus ferrumequinum,0.027,0.027,-1,Echolocation,/mnt/ubna_data_02_mir/recover-20220922/UBNA_001/20220921_090000.WAV,Telephone Field,recover-20220922,001,1795
192.2235,192.23329999999999,23750,30208,Nyctalus leisleri,0.01,0.025,-1,Echolocation,/mnt/ubna_data_02_mir/recover-20220922/UBNA_001/20220921_090000.WAV,Telephone Field,recover-20220922,001,1795
192.2475,192.25639999999999,25468,34289,Eptesicus serotinus,0.008,0.023,-1,Echolocation,/mnt/ubna_data_02_mir/recover-20220922/UBNA_001/20220921_090000.WAV,Telephone Field,recover-20220922,001,1795
192.2655,192.3048,68437,82674,Rhinolophus ferrumequinum,0.024,0.024,-1,Echolocation,/mnt/ubna_data_02_mir/recover-20220922/UBNA_001/20220921_090000.WAV,Telephone Field,recover-20220922,001,1795
192.3375,192.3768,68437,82046,Rhinolophus ferrumequinum,0.024,0.024,-1,Echolocation,/mnt/ubna_data_02_mir/recover-20220922/UBNA_001/20220921_090000.WAV,Telephone Field,recover-20220922,001,1795
192.3395,192.3485,28046,37149,Eptesicus serotinus,0.01,0.024,-1,Echolocation,/mnt/ubna_data_02_mir/recover-20220922/UBNA_001/20220921_090000.WAV,Telephone Field,recover-20220922,001,1795
192.3525,192.3652,23750,28586,Nyctalus leisleri,0.015,0.029,-1,Echolocation,/mnt/ubna_data_02_mir/recover-20220922/UBNA_001/20220921_090000.WAV,Telephone Field,recover-20220922,001,1795
192.4155,192.4556,68437,82408,Rhinolophus ferrumequinum,0.024,0.024,-1,Echolocation,/mnt/ubna_data_02_mir/recover-20220922/UBNA_001/20220921_090000.WAV,Telephone Field,recover-20220922,001,1795
192.4245,192.4431,15156,19473,Nyctalus noctula,0.027,0.036,-1,Echolocation,/mnt/ubna_data_02_mir/recover-20220922/UBNA_001/20220921_090000.WAV,Telephone Field,recover-20220922,001,1795
192.4335,192.4711,68437,82292,Rhinolophus ferrumequinum,0.022,0.022,-1,Echolocation,/mnt/ubna_data_02_mir/recover-20220922/UBNA_001/20220921_090000.WAV,Telephone Field,recover-20220922,001,1795
192.4665,192.5045,68437,82238,Rhinolophus ferrumequinum,0.021,0.021,-1,Echolocation,/mnt/ubna_data_02_mir/recover-20220922/UBNA_001/20220921_090000.WAV,Telephone Field,recover-20220922,001,1795
192.4825,192.5218,68437,82750,Rhinolophus ferrumequinum,0.025,0.025,-1,Echolocation,/mnt/ubna_data_02_mir/recover-20220922/UBNA_001/20220921_090000.WAV,Telephone Field,recover-20220922,001,1795
192.4915,192.5298,68437,82164,Rhinolophus ferrumequinum,0.022,0.022,-1,Echolocation,/mnt/ubna_data_02_mir/recover-20220922/UBNA_001/20220921_090000.WAV,Telephone Field,recover-20220922,001,1795
192.5195,192.5583,68437,82143,Rhinolophus ferrumequinum,0.022,0.022,-1,Echolocation,/mnt/ubna_data_02_mir/recover-20220922/UBNA_001/20220921_090000.WAV,Telephone Field,recover-20220922,001,1795
192.5345,192.5413,28046,38424,Eptesicus serotinus,0.011,0.035,-1,Echolocation,/mnt/ubna_data_02_mir/recover-20220922/UBNA_001/20220921_090000.WAV,Telephone Field,recover-20220922,001,1795
192.5405,192.5745,68437,81083,Rhinolophus ferrumequinum,0.025,0.025,-1,Echolocation,/mnt/ubna_data_02_mir/recover-20220922/UBNA_001/20220921_090000.WAV,Telephone Field,recover-20220922,001,1795
192.5605,192.6024,68437,82845,Rhinolophus ferrumequinum,0.03,0.03,-1,Echolocation,/mnt/ubna_data_02_mir/recover-20220922/UBNA_001/20220921_090000.WAV,Telephone Field,recover-20220922,001,1795
192.5705,192.6089,68437,82009,Rhinolophus ferrumequinum,0.024,0.024,-1,Echolocation,/mnt/ubna_data_02_mir/recover-20220922/UBNA_001/20220921_090000.WAV,Telephone Field,recover-20220922,001,1795
192.5815,192.623,68437,82854,Rhinolophus ferrumequinum,0.024,0.024,-1,Echolocation,/mnt/ubna_data_02_mir/recover-20220922/UBNA_001/20220921_090000.WAV,Telephone Field,recover-20220922,001,1795
192.6125,192.62369999999999,22890,27554,Nyctalus leisleri,0.012,0.023,-1,Echolocation,/mnt/ubna_data_02_mir/recover-20220922/UBNA_001/20220921_090000.WAV,Telephone Field,recover-20220922,001,1795
192.6455,192.6532,23750,32600,Plecotus austriacus,0.013,0.028,-1,Echolocation,/mnt/ubna_data_02_mir/recover-20220922/UBNA_001/20220921_090000.WAV,Telephone Field,recover-20220922,001,1795
192.6625,192.7017,68437,82302,Rhinolophus ferrumequinum,0.023,0.023,-1,Echolocation,/mnt/ubna_data_02_mir/recover-20220922/UBNA_001/20220921_090000.WAV,Telephone Field,recover-20220922,001,1795
192.6835,192.7205,68437,81892,Rhinolophus ferrumequinum,0.022,0.022,-1,Echolocation,/mnt/ubna_data_02_mir/recover-20220922/UBNA_001/20220921_090000.WAV,Telephone Field,recover-20220922,001,1795
192.69650000000001,192.7077,22031,27048,Nyctalus leisleri,0.011,0.022,-1,Echolocation,/mnt/ubna_data_02_mir/recover-20220922/UBNA_001/20220921_090000.WAV,Telephone Field,recover-20220922,001,1795
192.7005,192.7079,27187,38635,Eptesicus serotinus,0.006,0.022,-1,Echolocation,/mnt/ubna_data_02_mir/recover-20220922/UBNA_001/20220921_090000.WAV,Telephone Field,recover-20220922,001,1795
192.7405,192.7779,68437,81523,Rhinolophus ferrumequinum,0.027,0.027,-1,Echolocation,/mnt/ubna_data_02_mir/recover-20220922/UBNA_001/20220921_090000.WAV,Telephone Field,recover-20220922,001,1795
192.7495,192.787,68437,81682,Rhinolophus ferrumequinum,0.024,0.024,-1,Echolocation,/mnt/ubna_data_02_mir/recover-20220922/UBNA_001/20220921_090000.WAV,Telephone Field,recover-20220922,001,1795
192.7645,192.7746,28906,36107,Eptesicus serotinus,0.009,0.022,-1,Echolocation,/mnt/ubna_data_02_mir/recover-20220922/UBNA_001/20220921_090000.WAV,Telephone Field,recover-20220922,001,1795
192.8455,192.8555,37500,41908,Pipistrellus nathusii,0.02,0.044,-1,Echolocation,/mnt/ubna_data_02_mir/recover-20220922/UBNA_001/20220921_090000.WAV,Telephone Field,recover-20220922,001,1795
192.8485,192.8576,28046,37483,Eptesicus serotinus,0.013,0.027,-1,Echolocation,/mnt/ubna_data_02_mir/recover-20220922/UBNA_001/20220921_090000.WAV,Telephone Field,recover-20220922,001,1795
192.8735,192.9174,68437,83153,Rhinolophus ferrumequinum,0.036,0.036,-1,Echolocation,/mnt/ubna_data_02_mir/recover-20220922/UBNA_001/20220921_090000.WAV,Telephone Field,recover-20220922,001,1795
192.8785,192.8864,44375,54621,Pipistrellus pipistrellus,0.016,0.027,-1,Echolocation,/mnt/ubna_data_02_mir/recover-20220922/UBNA_001/20220921_090000.WAV,Telephone Field,recover-20220922,001,1795
192.9405,192.981,68437,82748,Rhinolophus ferrumequinum,0.025,0.025,-1,Echolocation,/mnt/ubna_data_02_mir/recover-20220922/UBNA_001/20220921_090000.WAV,Telephone Field,recover-20220922,001,1795
192.9515,192.9595,26328,35213,Eptesicus serotinus,0.007,0.022,-1,Echolocation,/mnt/ubna_data_02_mir/recover-20220922/UBNA_001/20220921_090000.WAV,Telephone Field,recover-20220922,001,1795
192.9705,192.9783,27187,39340,Eptesicus serotinus,0.008,0.023,-1,Echolocation,/mnt/ubna_data_02_mir/recover-20220922/UBNA_001/20220921_090000.WAV,Telephone Field,recover-20220922,001,1795
192.9965,193.0359,68437,82113,Rhinolophus ferrumequinum,0.023,0.023,-1,Echolocation,/mnt/ubna_data_02_mir/recover-20220922/UBNA_001/20220921_090000.WAV,Telephone Field,recover-20220922,001,1795
193.0265,193.036,28046,36195,Eptesicus serotinus,0.008,0.022,-1,Echolocation,/mnt/ubna_data_02_mir/recover-20220922/UBNA_001/20220921_090000.WAV,Telephone Field,recover-20220922,001,1795
193.0385,193.0779,68437,82555,Rhinolophus ferrumequinum,0.025,0.025,-1,Echolocation,/mnt/ubna_data_02_mir/recover-20220922/UBNA_001/20220921_090000.WAV,Telephone Field,recover-20220922,001,1795
193.0475,193.0585,50390,55574,Pipistrellus pipistrellus,0.043,0.049,-1,Echolocation,/mnt/ubna_data_02_mir/recover-20220922/UBNA_001/20220921_090000.WAV,Telephone Field,recover-20220922,001,1795
193.0475,193.0902,68437,83088,Rhinolophus ferrumequinum,0.022,0.022,-1,Echolocation,/mnt/ubna_data_02_mir/recover-20220922/UBNA_001/20220921_090000.WAV,Telephone Field,recover-20220922,001,1795
193.0635,193.0999,68437,81020,Rhinolophus ferrumequinum,0.021,0.021,-1,Echolocation,/mnt/ubna_data_02_mir/recover-20220922/UBNA_001/20220921_090000.WAV,Telephone Field,recover-20220922,001,1795
193.0725,193.1098,68437,81190,Rhinolophus ferrumequinum,0.024,0.024,-1,Echolocation,/mnt/ubna_data_02_mir/recover-20220922/UBNA_001/20220921_090000.WAV,Telephone Field,recover-20220922,001,1795
193.1105,193.1533,68437,83772,Rhinolophus ferrumequinum,0.043,0.043,-1,Echolocation,/mnt/ubna_data_02_mir/recover-20220922/UBNA_001/20220921_090000.WAV,Telephone Field,recover-20220922,001,1795
193.1315,193.1422,22031,27305,Nyctalus leisleri,0.009,0.022,-1,Echolocation,/mnt/ubna_data_02_mir/recover-20220922/UBNA_001/20220921_090000.WAV,Telephone Field,recover-20220922,001,1795
193.1315,193.1387,28046,38366,Eptesicus serotinus,0.006,0.022,-1,Echolocation,/mnt/ubna_data_02_mir/recover-20220922/UBNA_001/20220921_090000.WAV,Telephone Field,recover-20220922,001,1795
193.1595,193.2029,68437,83262,Rhinolophus ferrumequinum,0.03,0.03,-1,Echolocation,/mnt/ubna_data_02_mir/recover-20220922/UBNA_001/20220921_090000.WAV,Telephone Field,recover-20220922,001,1795
193.1725,193.2134,68437,82388,Rhinolophus ferrumequinum,0.029,0.029,-1,Echolocation,/mnt/ubna_data_02_mir/recover-20220922/UBNA_001/20220921_090000.WAV,Telephone Field,recover-20220922,001,1795
193.2015,193.2129,22031,25766,Nyctalus leisleri,0.013,0.023,-1,Echolocation,/mnt/ubna_data_02_mir/recover-20220922/UBNA_001/20220921_090000.WAV,Telephone Field,recover-20220922,001,1795
193.2145,193.2523,68437,82404,Rhinolophus ferrumequinum,0.022,0.022,-1,Echolocation,/mnt/ubna_data_02_mir/recover-20220922/UBNA_001/20220921_090000.WAV,Telephone Field,recover-20220922,001,1795
193.2545,193.2654,23750,29338,Nyctalus leisleri,0.009,0.022,-1,Echolocation,/mnt/ubna_data_02_mir/recover-20220922/UBNA_001/20220921_090000.WAV,Telephone Field,recover-20220922,001,1795
193.2725,193.2802,28046,40693,Eptesicus serotinus,0.007,0.023,-1,Echolocation,/mnt/ubna_data_02_mir/recover-20220922/UBNA_001/20220921_090000.WAV,Telephone Field,recover-20220922,001,1795
193.3105,193.35,68437,82257,Rhinolophus ferrumequinum,0.024,0.024,-1,Echolocation,/mnt/ubna_data_02_mir/recover-20220922/UBNA_001/20220921_090000.WAV,Telephone Field,recover-20220922,001,1795
193.3115,193.3183,28046,40151,Eptesicus serotinus,0.009,0.037,-1,Echolocation,/mnt/ubna_data_02_mir/recover-20220922/UBNA_001/20220921_090000.WAV,Telephone Field,recover-20220922,001,1795
193.3295,193.3378,28046,38023,Eptesicus serotinus,0.009,0.024,-1,Echolocation,/mnt/ubna_data_02_mir/recover-20220922/UBNA_001/20220921_090000.WAV,Telephone Field,recover-20220922,001,1795
193.3305,193.3673,68437,81666,Rhinolophus ferrumequinum,0.024,0.024,-1,Echolocation,/mnt/ubna_data_02_mir/recover-20220922/UBNA_001/20220921_090000.WAV,Telephone Field,recover-20220922,001,1795
193.3475,193.3884,68437,82811,Rhinolophus ferrumequinum,0.022,0.023,-1,Echolocation,/mnt/ubna_data_02_mir/recover-20220922/UBNA_001/20220921_090000.WAV,Telephone Field,recover-20220922,001,1795
193.3615,193.3988,68437,82071,Rhinolophus ferrumequinum,0.021,0.022,-1,Echolocation,/mnt/ubna_data_02_mir/recover-20220922/UBNA_001/20220921_090000.WAV,Telephone Field,recover-20220922,001,1795
193.3635,193.3721,22890,29916,Plecotus austriacus,0.008,0.022,-1,Echolocation,/mnt/ubna_data_02_mir/recover-20220922/UBNA_001/20220921_090000.WAV,Telephone Field,recover-20220922,001,1795
193.4035,193.4426,68437,82935,Rhinolophus ferrumequinum,0.03,0.03,-1,Echolocation,/mnt/ubna_data_02_mir/recover-20220922/UBNA_001/20220921_090000.WAV,Telephone Field,recover-20220922,001,1795
193.4305,193.441,23750,30014,Nyctalus leisleri,0.009,0.024,-1,Echolocation,/mnt/ubna_data_02_mir/recover-20220922/UBNA_001/20220921_090000.WAV,Telephone Field,recover-20220922,001,1795
193.4505,193.4904,68437,82372,Rhinolophus ferrumequinum,0.03,0.03,-1,Echolocation,/mnt/ubna_data_02_mir/recover-20220922/UBNA_001/20220921_090000.WAV,Telephone Field,recover-20220922,001,1795
193.5015,193.5421,68437,82819,Rhinolophus ferrumequinum,0.038,0.038,-1,Echolocation,/mnt/ubna_data_02_mir/recover-20220922/UBNA_001/20220921_090000.WAV,Telephone Field,recover-20220922,001,1795
193.5115,193.5529,68437,82480,Rhinolophus ferrumequinum,0.024,0.024,-1,Echolocation,/mnt/ubna_data_02_mir/recover-20220922/UBNA_001/20220921_090000.WAV,Telephone Field,recover-20220922,001,1795
193.5225,193.5623,68437,82739,Rhinolophus ferrumequinum,0.022,0.022,-1,Echolocation,/mnt/ubna_data_02_mir/recover-20220922/UBNA_001/20220921_090000.WAV,Telephone Field,recover-20220922,001,1795
193.5615,193.5712,23750,30807,Nyctalus leisleri,0.007,0.021,-1,Echolocation,/mnt/ubna_data_02_mir/recover-20220922/UBNA_001/20220921_090000.WAV,Telephone Field,recover-20220922,001,1795
193.5665,193.607,68437,82253,Rhinolophus ferrumequinum,0.022,0.022,-1,Echolocation,/mnt/ubna_data_02_mir/recover-20220922/UBNA_001/20220921_090000.WAV,Telephone Field,recover-20220922,001,1795
193.5815,193.6185,68437,82084,Rhinolophus ferrumequinum,0.023,0.023,-1,Echolocation,/mnt/ubna_data_02_mir/recover-20220922/UBNA_001/20220921_090000.WAV,Telephone Field,recover-20220922,001,1795
193.5915,193.6302,68437,81812,Rhinolophus ferrumequinum,0.024,0.024,-1,Echolocation,/mnt/ubna_data_02_mir/recover-20220922/UBNA_001/20220921_090000.WAV,Telephone Field,recover-20220922,001,1795
193.6015,193.6374,68437,81285,Rhinolophus ferrumequinum,0.022,0.023,-1,Echolocation,/mnt/ubna_data_02_mir/recover-20220922/UBNA_001/20220921_090000.WAV,Telephone Field,recover-20220922,001,1795
193.6365,193.6773,68437,83089,Rhinolophus ferrumequinum,0.03,0.03,-1,Echolocation,/mnt/ubna_data_02_mir/recover-20220922/UBNA_001/20220921_090000.WAV,Telephone Field,recover-20220922,001,1795
193.6495,193.6877,68437,82410,Rhinolophus ferrumequinum,0.024,0.024,-1,Echolocation,/mnt/ubna_data_02_mir/recover-20220922/UBNA_001/20220921_090000.WAV,Telephone Field,recover-20220922,001,1795
193.6515,193.6602,27187,36442,Eptesicus serotinus,0.008,0.022,-1,Echolocation,/mnt/ubna_data_02_mir/recover-20220922/UBNA_001/20220921_090000.WAV,Telephone Field,recover-20220922,001,1795
193.70850000000002,193.7485,68437,82482,Rhinolophus ferrumequinum,0.024,0.024,-1,Echolocation,/mnt/ubna_data_02_mir/recover-20220922/UBNA_001/20220921_090000.WAV,Telephone Field,recover-20220922,001,1795
193.7815,193.8199,68437,81856,Rhinolophus ferrumequinum,0.025,0.025,-1,Echolocation,/mnt/ubna_data_02_mir/recover-20220922/UBNA_001/20220921_090000.WAV,Telephone Field,recover-20220922,001,1795
193.8105,193.8473,68437,81503,Rhinolophus ferrumequinum,0.022,0.022,-1,Echolocation,/mnt/ubna_data_02_mir/recover-20220922/UBNA_001/20220921_090000.WAV,Telephone Field,recover-20220922,001,1795
193.8125,193.8193,28046,36890,Eptesicus serotinus,0.006,0.024,-1,Echolocation,/mnt/ubna_data_02_mir/recover-20220922/UBNA_001/20220921_090000.WAV,Telephone Field,recover-20220922,001,1795
193.8255,193.8651,68437,81930,Rhinolophus ferrumequinum,0.024,0.024,-1,Echolocation,/mnt/ubna_data_02_mir/recover-20220922/UBNA_001/20220921_090000.WAV,Telephone Field,recover-20220922,001,1795
193.8595,193.9039,68437,83894,Rhinolophus ferrumequinum,0.051,0.051,-1,Echolocation,/mnt/ubna_data_02_mir/recover-20220922/UBNA_001/20220921_090000.WAV,Telephone Field,recover-20220922,001,1795
193.8675,193.8788,28906,35435,Eptesicus serotinus,0.011,0.025,-1,Echolocation,/mnt/ubna_data_02_mir/recover-20220922/UBNA_001/20220921_090000.WAV,Telephone Field,recover-20220922,001,1795
193.8735,193.8842,27187,34359,Eptesicus serotinus,0.014,0.027,-1,Echolocation,/mnt/ubna_data_02_mir/recover-20220922/UBNA_001/20220921_090000.WAV,Telephone Field,recover-20220922,001,1795
193.9025,193.9136,34921,40717,Eptesicus serotinus,0.006,0.027,-1,Echolocation,/mnt/ubna_data_02_mir/recover-20220922/UBNA_001/20220921_090000.WAV,Telephone Field,recover-20220922,001,1795
193.9075,193.9445,68437,81810,Rhinolophus ferrumequinum,0.021,0.021,-1,Echolocation,/mnt/ubna_data_02_mir/recover-20220922/UBNA_001/20220921_090000.WAV,Telephone Field,recover-20220922,001,1795
193.9155,193.9547,68437,81804,Rhinolophus ferrumequinum,0.021,0.021,-1,Echolocation,/mnt/ubna_data_02_mir/recover-20220922/UBNA_001/20220921_090000.WAV,Telephone Field,recover-20220922,001,1795
193.92849999999999,193.9349,27187,38801,Eptesicus serotinus,0.005,0.023,-1,Echolocation,/mnt/ubna_data_02_mir/recover-20220922/UBNA_001/20220921_090000.WAV,Telephone Field,recover-20220922,001,1795
193.9545,193.9663,27187,33299,Eptesicus serotinus,0.018,0.032,-1,Echolocation,/mnt/ubna_data_02_mir/recover-20220922/UBNA_001/20220921_090000.WAV,Telephone Field,recover-20220922,001,1795
193.9855,193.9959,46953,53919,Pipistrellus pipistrellus,0.019,0.023,-1,Echolocation,/mnt/ubna_data_02_mir/recover-20220922/UBNA_001/20220921_090000.WAV,Telephone Field,recover-20220922,001,1795
194.0015,194.0101,23750,30920,Nyctalus leisleri,0.011,0.031,-1,Echolocation,/mnt/ubna_data_02_mir/recover-20220922/UBNA_001/20220921_090000.WAV,Telephone Field,recover-20220922,001,1795
194.0015,194.0119,46953,51512,Pipistrellus pipistrellus,0.026,0.033,-1,Echolocation,/mnt/ubna_data_02_mir/recover-20220922/UBNA_001/20220921_090000.WAV,Telephone Field,recover-20220922,001,1795
194.0015,194.0343,68437,79483,Rhinolophus ferrumequinum,0.034,0.034,-1,Echolocation,/mnt/ubna_data_02_mir/recover-20220922/UBNA_001/20220921_090000.WAV,Telephone Field,recover-20220922,001,1795
194.0125,194.0202,28046,37990,Eptesicus serotinus,0.006,0.021,-1,Echolocation,/mnt/ubna_data_02_mir/recover-20220922/UBNA_001/20220921_090000.WAV,Telephone Field,recover-20220922,001,1795
194.0145,194.0594,68437,83710,Rhinolophus ferrumequinum,0.03,0.03,-1,Echolocation,/mnt/ubna_data_02_mir/recover-20220922/UBNA_001/20220921_090000.WAV,Telephone Field,recover-20220922,001,1795
194.0465,194.0817,68437,81880,Rhinolophus ferrumequinum,0.022,0.022,-1,Echolocation,/mnt/ubna_data_02_mir/recover-20220922/UBNA_001/20220921_090000.WAV,Telephone Field,recover-20220922,001,1795
194.1615,194.1995,68437,82234,Rhinolophus ferrumequinum,0.032,0.032,-1,Echolocation,/mnt/ubna_data_02_mir/recover-20220922/UBNA_001/20220921_090000.WAV,Telephone Field,recover-20220922,001,1795
194.1775,194.1984,19453,22048,Nyctalus leisleri,0.012,0.024,-1,Echolocation,/mnt/ubna_data_02_mir/recover-20220922/UBNA_001/20220921_090000.WAV,Telephone Field,recover-20220922,001,1795
194.19650000000001,194.2337,68437,81838,Rhinolophus ferrumequinum,0.023,0.023,-1,Echolocation,/mnt/ubna_data_02_mir/recover-20220922/UBNA_001/20220921_090000.WAV,Telephone Field,recover-20220922,001,1795
194.2145,194.2224,27187,39553,Eptesicus serotinus,0.008,0.023,-1,Echolocation,/mnt/ubna_data_02_mir/recover-20220922/UBNA_001/20220921_090000.WAV,Telephone Field,recover-20220922,001,1795
194.2205,194.2587,68437,82166,Rhinolophus ferrumequinum,0.023,0.023,-1,Echolocation,/mnt/ubna_data_02_mir/recover-20220922/UBNA_001/20220921_090000.WAV,Telephone Field,recover-20220922,001,1795
194.2285,194.2675,68437,82764,Rhinolophus ferrumequinum,0.025,0.025,-1,Echolocation,/mnt/ubna_data_02_mir/recover-20220922/UBNA_001/20220921_090000.WAV,Telephone Field,recover-20220922,001,1795
194.2485,194.2604,30625,36311,Eptesicus serotinus,0.012,0.026,-1,Echolocation,/mnt/ubna_data_02_mir/recover-20220922/UBNA_001/20220921_090000.WAV,Telephone Field,recover-20220922,001,1795
194.2755,194.3163,68437,82963,Rhinolophus ferrumequinum,0.035,0.035,-1,Echolocation,/mnt/ubna_data_02_mir/recover-20220922/UBNA_001/20220921_090000.WAV,Telephone Field,recover-20220922,001,1795
194.2875,194.2993,32343,38676,Eptesicus serotinus,0.006,0.022,-1,Echolocation,/mnt/ubna_data_02_mir/recover-20220922/UBNA_001/20220921_090000.WAV,Telephone Field,recover-20220922,001,1795
194.29149999999998,194.2993,27187,37195,Eptesicus serotinus,0.007,0.022,-1,Echolocation,/mnt/ubna_data_02_mir/recover-20220922/UBNA_001/20220921_090000.WAV,Telephone Field,recover-20220922,001,1795
194.3275,194.3373,22890,28419,Nyctalus leisleri,0.009,0.022,-1,Echolocation,/mnt/ubna_data_02_mir/recover-20220922/UBNA_001/20220921_090000.WAV,Telephone Field,recover-20220922,001,1795
194.3415,194.3815,68437,82248,Rhinolophus ferrumequinum,0.026,0.026,-1,Echolocation,/mnt/ubna_data_02_mir/recover-20220922/UBNA_001/20220921_090000.WAV,Telephone Field,recover-20220922,001,1795
194.3475,194.3563,29765,41004,Eptesicus serotinus,0.006,0.022,-1,Echolocation,/mnt/ubna_data_02_mir/recover-20220922/UBNA_001/20220921_090000.WAV,Telephone Field,recover-20220922,001,1795
194.3685,194.3759,44375,48873,Pipistrellus pipistrellus,0.023,0.024,-1,Echolocation,/mnt/ubna_data_02_mir/recover-20220922/UBNA_001/20220921_090000.WAV,Telephone Field,recover-20220922,001,1795
194.3825,194.4265,68437,83413,Rhinolophus ferrumequinum,0.044,0.044,-1,Echolocation,/mnt/ubna_data_02_mir/recover-20220922/UBNA_001/20220921_090000.WAV,Telephone Field,recover-20220922,001,1795
194.3875,194.3962,28046,35854,Eptesicus serotinus,0.018,0.038,-1,Echolocation,/mnt/ubna_data_02_mir/recover-20220922/UBNA_001/20220921_090000.WAV,Telephone Field,recover-20220922,001,1795
194.4245,194.4652,68437,82766,Rhinolophus ferrumequinum,0.027,0.027,-1,Echolocation,/mnt/ubna_data_02_mir/recover-20220922/UBNA_001/20220921_090000.WAV,Telephone Field,recover-20220922,001,1795
194.4475,194.4592,22890,27658,Nyctalus leisleri,0.016,0.03,-1,Echolocation,/mnt/ubna_data_02_mir/recover-20220922/UBNA_001/20220921_090000.WAV,Telephone Field,recover-20220922,001,1795
194.4545,194.4877,68437,80789,Rhinolophus ferrumequinum,0.022,0.022,-1,Echolocation,/mnt/ubna_data_02_mir/recover-20220922/UBNA_001/20220921_090000.WAV,Telephone Field,recover-20220922,001,1795
194.4725,194.5142,68437,83327,Rhinolophus ferrumequinum,0.027,0.027,-1,Echolocation,/mnt/ubna_data_02_mir/recover-20220922/UBNA_001/20220921_090000.WAV,Telephone Field,recover-20220922,001,1795
194.4815,194.5198,68437,82271,Rhinolophus ferrumequinum,0.022,0.022,-1,Echolocation,/mnt/ubna_data_02_mir/recover-20220922/UBNA_001/20220921_090000.WAV,Telephone Field,recover-20220922,001,1795
194.4975,194.5379,68437,82406,Rhinolophus ferrumequinum,0.023,0.023,-1,Echolocation,/mnt/ubna_data_02_mir/recover-20220922/UBNA_001/20220921_090000.WAV,Telephone Field,recover-20220922,001,1795
194.5195,194.5282,30625,41131,Eptesicus serotinus,0.008,0.027,-1,Echolocation,/mnt/ubna_data_02_mir/recover-20220922/UBNA_001/20220921_090000.WAV,Telephone Field,recover-20220922,001,1795
194.5285,194.5675,68437,82700,Rhinolophus ferrumequinum,0.025,0.025,-1,Echolocation,/mnt/ubna_data_02_mir/recover-20220922/UBNA_001/20220921_090000.WAV,Telephone Field,recover-20220922,001,1795
194.5655,194.60399999999998,68437,82333,Rhinolophus ferrumequinum,0.022,0.022,-1,Echolocation,/mnt/ubna_data_02_mir/recover-20220922/UBNA_001/20220921_090000.WAV,Telephone Field,recover-20220922,001,1795
194.5895,194.6294,68437,82116,Rhinolophus ferrumequinum,0.022,0.022,-1,Echolocation,/mnt/ubna_data_02_mir/recover-20220922/UBNA_001/20220921_090000.WAV,Telephone Field,recover-20220922,001,1795
194.6525,194.6625,22890,29296,Nyctalus leisleri,0.009,0.022,-1,Echolocation,/mnt/ubna_data_02_mir/recover-20220922/UBNA_001/20220921_090000.WAV,Telephone Field,recover-20220922,001,1795
194.6805,194.6906,24609,32156,Eptesicus serotinus,0.009,0.025,-1,Echolocation,/mnt/ubna_data_02_mir/recover-20220922/UBNA_001/20220921_090000.WAV,Telephone Field,recover-20220922,001,1795
194.7045,194.7458,68437,82719,Rhinolophus ferrumequinum,0.034,0.034,-1,Echolocation,/mnt/ubna_data_02_mir/recover-20220922/UBNA_001/20220921_090000.WAV,Telephone Field,recover-20220922,001,1795
194.7355,194.7453,27187,36291,Eptesicus serotinus,0.011,0.026,-1,Echolocation,/mnt/ubna_data_02_mir/recover-20220922/UBNA_001/20220921_090000.WAV,Telephone Field,recover-20220922,001,1795
194.7455,194.7586,23750,29568,Nyctalus leisleri,0.013,0.029,-1,Echolocation,/mnt/ubna_data_02_mir/recover-20220922/UBNA_001/20220921_090000.WAV,Telephone Field,recover-20220922,001,1795
194.7575,194.7966,68437,82101,Rhinolophus ferrumequinum,0.021,0.021,-1,Echolocation,/mnt/ubna_data_02_mir/recover-20220922/UBNA_001/20220921_090000.WAV,Telephone Field,recover-20220922,001,1795
194.7575,194.7665,24609,32116,Nyctalus leisleri,0.007,0.022,-1,Echolocation,/mnt/ubna_data_02_mir/recover-20220922/UBNA_001/20220921_090000.WAV,Telephone Field,recover-20220922,001,1795
194.7835,194.8244,68437,82462,Rhinolophus ferrumequinum,0.027,0.027,-1,Echolocation,/mnt/ubna_data_02_mir/recover-20220922/UBNA_001/20220921_090000.WAV,Telephone Field,recover-20220922,001,1795
194.8075,194.8468,68437,82212,Rhinolophus ferrumequinum,0.022,0.022,-1,Echolocation,/mnt/ubna_data_02_mir/recover-20220922/UBNA_001/20220921_090000.WAV,Telephone Field,recover-20220922,001,1795
194.8165,194.8568,68437,82615,Rhinolophus ferrumequinum,0.026,0.026,-1,Echolocation,/mnt/ubna_data_02_mir/recover-20220922/UBNA_001/20220921_090000.WAV,Telephone Field,recover-20220922,001,1795
194.9145,194.9544,68437,82556,Rhinolophus ferrumequinum,0.036,0.036,-1,Echolocation,/mnt/ubna_data_02_mir/recover-20220922/UBNA_001/20220921_090000.WAV,Telephone Field,recover-20220922,001,1795
194.9455,194.987,68437,83341,Rhinolophus ferrumequinum,0.047,0.047,-1,Echolocation,/mnt/ubna_data_02_mir/recover-20220922/UBNA_001/20220921_090000.WAV,Telephone Field,recover-20220922,001,1795
194.9615,195.0007,68437,81871,Rhinolophus ferrumequinum,0.022,0.022,-1,Echolocation,/mnt/ubna_data_02_mir/recover-20220922/UBNA_001/20220921_090000.WAV,Telephone Field,recover-20220922,001,1795
194.9855,195.0262,68437,83071,Rhinolophus ferrumequinum,0.036,0.036,-1,Echolocation,/mnt/ubna_data_02_mir/recover-20220922/UBNA_001/20220921_090000.WAV,Telephone Field,recover-20220922,001,1795
195.0615,195.06889999999999,27187,40780,Eptesicus serotinus,0.007,0.022,-1,Echolocation,/mnt/ubna_data_02_mir/recover-20220922/UBNA_001/20220921_090000.WAV,Telephone Field,recover-20220922,001,1795
195.0625,195.1013,68437,82621,Rhinolophus ferrumequinum,0.024,0.024,-1,Echolocation,/mnt/ubna_data_02_mir/recover-20220922/UBNA_001/20220921_090000.WAV,Telephone Field,recover-20220922,001,1795
195.0925,195.105,28046,35330,Eptesicus serotinus,0.019,0.032,-1,Echolocation,/mnt/ubna_data_02_mir/recover-20220922/UBNA_001/20220921_090000.WAV,Telephone Field,recover-20220922,001,1795
195.1275,195.1363,26328,34523,Eptesicus serotinus,0.008,0.022,-1,Echolocation,/mnt/ubna_data_02_mir/recover-20220922/UBNA_001/20220921_090000.WAV,Telephone Field,recover-20220922,001,1795
195.1315,195.1725,68437,82488,Rhinolophus ferrumequinum,0.025,0.025,-1,Echolocation,/mnt/ubna_data_02_mir/recover-20220922/UBNA_001/20220921_090000.WAV,Telephone Field,recover-20220922,001,1795
195.1635,195.2029,68437,82475,Rhinolophus ferrumequinum,0.024,0.024,-1,Echolocation,/mnt/ubna_data_02_mir/recover-20220922/UBNA_001/20220921_090000.WAV,Telephone Field,recover-20220922,001,1795
195.1855,195.2232,68437,81820,Rhinolophus ferrumequinum,0.022,0.022,-1,Echolocation,/mnt/ubna_data_02_mir/recover-20220922/UBNA_001/20220921_090000.WAV,Telephone Field,recover-20220922,001,1795
195.1915,195.2293,68437,82183,Rhinolophus ferrumequinum,0.022,0.022,-1,Echolocation,/mnt/ubna_data_02_mir/recover-20220922/UBNA_001/20220921_090000.WAV,Telephone Field,recover-20220922,001,1795
195.1985,195.2063,30625,41852,Myotis daubentonii,0.009,0.022,-1,Echolocation,/mnt/ubna_data_02_mir/recover-20220922/UBNA_001/20220921_090000.WAV,Telephone Field,recover-20220922,001,1795
195.2045,195.2476,68437,83423,Rhinolophus ferrumequinum,0.038,0.038,-1,Echolocation,/mnt/ubna_data_02_mir/recover-20220922/UBNA_001/20220921_090000.WAV,Telephone Field,recover-20220922,001,1795
195.2105,195.2182,28046,39696,Eptesicus serotinus,0.007,0.022,-1,Echolocation,/mnt/ubna_data_02_mir/recover-20220922/UBNA_001/20220921_090000.WAV,Telephone Field,recover-20220922,001,1795
195.2305,195.2691,68437,82120,Rhinolophus ferrumequinum,0.022,0.022,-1,Echolocation,/mnt/ubna_data_02_mir/recover-20220922/UBNA_001/20220921_090000.WAV,Telephone Field,recover-20220922,001,1795
195.2535,195.2669,54687,59409,Pipistrellus pygmaeus,0.02,0.022,-1,Echolocation,/mnt/ubna_data_02_mir/recover-20220922/UBNA_001/20220921_090000.WAV,Telephone Field,recover-20220922,001,1795
195.2545,195.2921,68437,81929,Rhinolophus ferrumequinum,0.022,0.022,-1,Echolocation,/mnt/ubna_data_02_mir/recover-20220922/UBNA_001/20220921_090000.WAV,Telephone Field,recover-20220922,001,1795
195.2795,195.3193,68437,82530,Rhinolophus ferrumequinum,0.023,0.023,-1,Echolocation,/mnt/ubna_data_02_mir/recover-20220922/UBNA_001/20220921_090000.WAV,Telephone Field,recover-20220922,001,1795
195.3005,195.3387,68437,82250,Rhinolophus ferrumequinum,0.021,0.021,-1,Echolocation,/mnt/ubna_data_02_mir/recover-20220922/UBNA_001/20220921_090000.WAV,Telephone Field,recover-20220922,001,1795
195.3365,195.3751,68437,81155,Rhinolophus ferrumequinum,0.022,0.022,-1,Echolocation,/mnt/ubna_data_02_mir/recover-20220922/UBNA_001/20220921_090000.WAV,Telephone Field,recover-20220922,001,1795
195.3385,195.34890000000001,28046,33797,Eptesicus serotinus,0.013,0.028,-1,Echolocation,/mnt/ubna_data_02_mir/recover-20220922/UBNA_001/20220921_090000.WAV,Telephone Field,recover-20220922,001,1795
195.3465,195.3811,68437,80749,Rhinolophus ferrumequinum,0.023,0.023,-1,Echolocation,/mnt/ubna_data_02_mir/recover-20220922/UBNA_001/20220921_090000.WAV,Telephone Field,recover-20220922,001,1795
195.3775,195.4183,68437,82351,Rhinolophus ferrumequinum,0.024,0.024,-1,Echolocation,/mnt/ubna_data_02_mir/recover-20220922/UBNA_001/20220921_090000.WAV,Telephone Field,recover-20220922,001,1795
195.3925,195.40109999999999,27187,39797,Eptesicus serotinus,0.008,0.021,-1,Echolocation,/mnt/ubna_data_02_mir/recover-20220922/UBNA_001/20220921_090000.WAV,Telephone Field,recover-20220922,001,1795
195.4135,195.4336,18593,21415,Nyctalus noctula,0.013,0.025,-1,Echolocation,/mnt/ubna_data_02_mir/recover-20220922/UBNA_001/20220921_090000.WAV,Telephone Field,recover-20220922,001,1795
195.4175,195.4574,68437,82066,Rhinolophus ferrumequinum,0.025,0.025,-1,Echolocation,/mnt/ubna_data_02_mir/recover-20220922/UBNA_001/20220921_090000.WAV,Telephone Field,recover-20220922,001,1795
195.4485,195.4856,68437,81696,Rhinolophus ferrumequinum,0.021,0.021,-1,Echolocation,/mnt/ubna_data_02_mir/recover-20220922/UBNA_001/20220921_090000.WAV,Telephone Field,recover-20220922,001,1795
195.4715,195.51069999999999,68437,81884,Rhinolophus ferrumequinum,0.021,0.021,-1,Echolocation,/mnt/ubna_data_02_mir/recover-20220922/UBNA_001/20220921_090000.WAV,Telephone Field,recover-20220922,001,1795
195.5135,195.5567,68437,83473,Rhinolophus ferrumequinum,0.03,0.03,-1,Echolocation,/mnt/ubna_data_02_mir/recover-20220922/UBNA_001/20220921_090000.WAV,Telephone Field,recover-20220922,001,1795
195.5675,195.583,24609,28885,Nyctalus leisleri,0.049,0.09,-1,Echolocation,/mnt/ubna_data_02_mir/recover-20220922/UBNA_001/20220921_090000.WAV,Telephone Field,recover-20220922,001,1795
195.5775,195.6193,68437,83312,Rhinolophus ferrumequinum,0.05,0.05,-1,Echolocation,/mnt/ubna_data_02_mir/recover-20220922/UBNA_001/20220921_090000.WAV,Telephone Field,recover-20220922,001,1795
195.6065,195.6213,28906,33763,Eptesicus serotinus,0.095,0.192,-1,Echolocation,/mnt/ubna_data_02_mir/recover-20220922/UBNA_001/20220921_090000.WAV,Telephone Field,recover-20220922,001,1795
195.6125,195.6553,68437,82199,Rhinolophus ferrumequinum,0.034,0.034,-1,Echolocation,/mnt/ubna_data_02_mir/recover-20220922/UBNA_001/20220921_090000.WAV,Telephone Field,recover-20220922,001,1795
195.6435,195.6506,28046,39149,Eptesicus serotinus,0.005,0.021,-1,Echolocation,/mnt/ubna_data_02_mir/recover-20220922/UBNA_001/20220921_090000.WAV,Telephone Field,recover-20220922,001,1795
195.6755,195.7125,68437,82180,Rhinolophus ferrumequinum,0.022,0.022,-1,Echolocation,/mnt/ubna_data_02_mir/recover-20220922/UBNA_001/20220921_090000.WAV,Telephone Field,recover-20220922,001,1795
195.6835,195.7228,68437,81981,Rhinolophus ferrumequinum,0.021,0.021,-1,Echolocation,/mnt/ubna_data_02_mir/recover-20220922/UBNA_001/20220921_090000.WAV,Telephone Field,recover-20220922,001,1795
195.6935,195.703,27187,36040,Eptesicus serotinus,0.009,0.021,-1,Echolocation,/mnt/ubna_data_02_mir/recover-20220922/UBNA_001/20220921_090000.WAV,Telephone Field,recover-20220922,001,1795
195.7115,195.7492,68437,81861,Rhinolophus ferrumequinum,0.023,0.023,-1,Echolocation,/mnt/ubna_data_02_mir/recover-20220922/UBNA_001/20220921_090000.WAV,Telephone Field,recover-20220922,001,1795
195.7245,195.7663,68437,82853,Rhinolophus ferrumequinum,0.025,0.025,-1,Echolocation,/mnt/ubna_data_02_mir/recover-20220922/UBNA_001/20220921_090000.WAV,Telephone Field,recover-20220922,001,1795
195.7285,195.7435,22890,27695,Nyctalus leisleri,0.012,0.026,-1,Echolocation,/mnt/ubna_data_02_mir/recover-20220922/UBNA_001/20220921_090000.WAV,Telephone Field,recover-20220922,001,1795
195.7565,195.8001,68437,83518,Rhinolophus ferrumequinum,0.041,0.041,-1,Echolocation,/mnt/ubna_data_02_mir/recover-20220922/UBNA_001/20220921_090000.WAV,Telephone Field,recover-20220922,001,1795
195.8225,195.86090000000002,68437,82182,Rhinolophus ferrumequinum,0.021,0.021,-1,Echolocation,/mnt/ubna_data_02_mir/recover-20220922/UBNA_001/20220921_090000.WAV,Telephone Field,recover-20220922,001,1795
195.8295,195.8668,68437,81280,Rhinolophus ferrumequinum,0.022,0.022,-1,Echolocation,/mnt/ubna_data_02_mir/recover-20220922/UBNA_001/20220921_090000.WAV,Telephone Field,recover-20220922,001,1795
195.8755,195.9145,68437,81903,Rhinolophus ferrumequinum,0.022,0.022,-1,Echolocation,/mnt/ubna_data_02_mir/recover-20220922/UBNA_001/20220921_090000.WAV,Telephone Field,recover-20220922,001,1795
195.9105,195.92079999999999,22031,26707,Nyctalus leisleri,0.01,0.021,-1,Echolocation,/mnt/ubna_data_02_mir/recover-20220922/UBNA_001/20220921_090000.WAV,Telephone Field,recover-20220922,001,1795
195.9275,195.9678,68437,82277,Rhinolophus ferrumequinum,0.047,0.047,-1,Echolocation,/mnt/ubna_data_02_mir/recover-20220922/UBNA_001/20220921_090000.WAV,Telephone Field,recover-20220922,001,1795
195.9715,195.9823,35781,41087,Pipistrellus nathusii,0.012,0.028,-1,Echolocation,/mnt/ubna_data_02_mir/recover-20220922/UBNA_001/20220921_090000.WAV,Telephone Field,recover-20220922,001,1795
195.9845,195.9949,28046,36475,Eptesicus serotinus,0.011,0.025,-1,Echolocation,/mnt/ubna_data_02_mir/recover-20220922/UBNA_001/20220921_090000.WAV,Telephone Field,recover-20220922,001,1795
196.0015,196.0131,22890,28452,Nyctalus leisleri,0.015,0.032,-1,Echolocation,/mnt/ubna_data_02_mir/recover-20220922/UBNA_001/20220921_090000.WAV,Telephone Field,recover-20220922,001,1795
196.0015,196.0172,47812,52950,Pipistrellus pipistrellus,0.031,0.041,-1,Echolocation,/mnt/ubna_data_02_mir/recover-20220922/UBNA_001/20220921_090000.WAV,Telephone Field,recover-20220922,001,1795
196.0015,196.0377,68437,79916,Rhinolophus ferrumequinum,0.049,0.05,-1,Echolocation,/mnt/ubna_data_02_mir/recover-20220922/UBNA_001/20220921_090000.WAV,Telephone Field,recover-20220922,001,1795
196.0085,196.0543,68437,82764,Rhinolophus ferrumequinum,0.044,0.044,-1,Echolocation,/mnt/ubna_data_02_mir/recover-20220922/UBNA_001/20220921_090000.WAV,Telephone Field,recover-20220922,001,1795
196.0115,196.0211,46953,50411,Pipistrellus pipistrellus,0.049,0.052,-1,Echolocation,/mnt/ubna_data_02_mir/recover-20220922/UBNA_001/20220921_090000.WAV,Telephone Field,recover-20220922,001,1795
196.0375,196.0778,68437,82369,Rhinolophus ferrumequinum,0.026,0.026,-1,Echolocation,/mnt/ubna_data_02_mir/recover-20220922/UBNA_001/20220921_090000.WAV,Telephone Field,recover-20220922,001,1795
196.0545,196.0654,29765,36223,Eptesicus serotinus,0.011,0.027,-1,Echolocation,/mnt/ubna_data_02_mir/recover-20220922/UBNA_001/20220921_090000.WAV,Telephone Field,recover-20220922,001,1795
196.0575,196.0976,68437,82633,Rhinolophus ferrumequinum,0.027,0.027,-1,Echolocation,/mnt/ubna_data_02_mir/recover-20220922/UBNA_001/20220921_090000.WAV,Telephone Field,recover-20220922,001,1795
196.0755,196.1128,68437,81674,Rhinolophus ferrumequinum,0.022,0.022,-1,Echolocation,/mnt/ubna_data_02_mir/recover-20220922/UBNA_001/20220921_090000.WAV,Telephone Field,recover-20220922,001,1795
196.08350000000002,196.10320000000002,19453,21898,Nyctalus leisleri,0.014,0.024,-1,Echolocation,/mnt/ubna_data_02_mir/recover-20220922/UBNA_001/20220921_090000.WAV,Telephone Field,recover-20220922,001,1795
196.08350000000002,196.1222,68437,81852,Rhinolophus ferrumequinum,0.023,0.023,-1,Echolocation,/mnt/ubna_data_02_mir/recover-20220922/UBNA_001/20220921_090000.WAV,Telephone Field,recover-20220922,001,1795
196.10750000000002,196.1164,28906,37614,Eptesicus serotinus,0.008,0.022,-1,Echolocation,/mnt/ubna_data_02_mir/recover-20220922/UBNA_001/20220921_090000.WAV,Telephone Field,recover-20220922,001,1795
196.1275,196.1642,68437,81757,Rhinolophus ferrumequinum,0.028,0.028,-1,Echolocation,/mnt/ubna_data_02_mir/recover-20220922/UBNA_001/20220921_090000.WAV,Telephone Field,recover-20220922,001,1795
196.1415,196.1804,68437,82759,Rhinolophus ferrumequinum,0.026,0.026,-1,Echolocation,/mnt/ubna_data_02_mir/recover-20220922/UBNA_001/20220921_090000.WAV,Telephone Field,recover-20220922,001,1795
196.1645,196.1751,32343,38979,Eptesicus serotinus,0.007,0.026,-1,Echolocation,/mnt/ubna_data_02_mir/recover-20220922/UBNA_001/20220921_090000.WAV,Telephone Field,recover-20220922,001,1795
196.1655,196.204,68437,82047,Rhinolophus ferrumequinum,0.029,0.03,-1,Echolocation,/mnt/ubna_data_02_mir/recover-20220922/UBNA_001/20220921_090000.WAV,Telephone Field,recover-20220922,001,1795
196.1685,196.1773,25468,32938,Eptesicus serotinus,0.009,0.026,-1,Echolocation,/mnt/ubna_data_02_mir/recover-20220922/UBNA_001/20220921_090000.WAV,Telephone Field,recover-20220922,001,1795
196.1805,196.2168,68437,81771,Rhinolophus ferrumequinum,0.021,0.021,-1,Echolocation,/mnt/ubna_data_02_mir/recover-20220922/UBNA_001/20220921_090000.WAV,Telephone Field,recover-20220922,001,1795
196.1985,196.2366,68437,82254,Rhinolophus ferrumequinum,0.024,0.024,-1,Echolocation,/mnt/ubna_data_02_mir/recover-20220922/UBNA_001/20220921_090000.WAV,Telephone Field,recover-20220922,001,1795
196.2275,196.237,27187,34384,Eptesicus serotinus,0.01,0.024,-1,Echolocation,/mnt/ubna_data_02_mir/recover-20220922/UBNA_001/20220921_090000.WAV,Telephone Field,recover-20220922,001,1795
196.2565,196.2963,68437,82441,Rhinolophus ferrumequinum,0.028,0.028,-1,Echolocation,/mnt/ubna_data_02_mir/recover-20220922/UBNA_001/20220921_090000.WAV,Telephone Field,recover-20220922,001,1795
196.2965,196.3346,68437,81880,Rhinolophus ferrumequinum,0.029,0.029,-1,Echolocation,/mnt/ubna_data_02_mir/recover-20220922/UBNA_001/20220921_090000.WAV,Telephone Field,recover-20220922,001,1795
196.2995,196.3174,21171,24582,Nyctalus leisleri,0.019,0.031,-1,Echolocation,/mnt/ubna_data_02_mir/recover-20220922/UBNA_001/20220921_090000.WAV,Telephone Field,recover-20220922,001,1795
196.3085,196.3485,68437,83075,Rhinolophus ferrumequinum,0.021,0.021,-1,Echolocation,/mnt/ubna_data_02_mir/recover-20220922/UBNA_001/20220921_090000.WAV,Telephone Field,recover-20220922,001,1795
196.3605,196.3992,68437,81740,Rhinolophus ferrumequinum,0.024,0.024,-1,Echolocation,/mnt/ubna_data_02_mir/recover-20220922/UBNA_001/20220921_090000.WAV,Telephone Field,recover-20220922,001,1795
196.3655,196.4042,68437,81903,Rhinolophus ferrumequinum,0.024,0.024,-1,Echolocation,/mnt/ubna_data_02_mir/recover-20220922/UBNA_001/20220921_090000.WAV,Telephone Field,recover-20220922,001,1795
196.3835,196.423,68437,82782,Rhinolophus ferrumequinum,0.03,0.03,-1,Echolocation,/mnt/ubna_data_02_mir/recover-20220922/UBNA_001/20220921_090000.WAV,Telephone Field,recover-20220922,001,1795
196.4195,196.4278,23750,32024,Plecotus austriacus,0.009,0.024,-1,Echolocation,/mnt/ubna_data_02_mir/recover-20220922/UBNA_001/20220921_090000.WAV,Telephone Field,recover-20220922,001,1795
196.4335,196.4733,68437,83231,Rhinolophus ferrumequinum,0.022,0.022,-1,Echolocation,/mnt/ubna_data_02_mir/recover-20220922/UBNA_001/20220921_090000.WAV,Telephone Field,recover-20220922,001,1795
196.4545,196.49360000000001,68437,81285,Rhinolophus ferrumequinum,0.031,0.031,-1,Echolocation,/mnt/ubna_data_02_mir/recover-20220922/UBNA_001/20220921_090000.WAV,Telephone Field,recover-20220922,001,1795
196.5185,196.5588,68437,82589,Rhinolophus ferrumequinum,0.023,0.023,-1,Echolocation,/mnt/ubna_data_02_mir/recover-20220922/UBNA_001/20220921_090000.WAV,Telephone Field,recover-20220922,001,1795
196.5205,196.5286,26328,37013,Eptesicus serotinus,0.007,0.023,-1,Echolocation,/mnt/ubna_data_02_mir/recover-20220922/UBNA_001/20220921_090000.WAV,Telephone Field,recover-20220922,001,1795
196.5255,196.5636,68437,82240,Rhinolophus ferrumequinum,0.023,0.023,-1,Echolocation,/mnt/ubna_data_02_mir/recover-20220922/UBNA_001/20220921_090000.WAV,Telephone Field,recover-20220922,001,1795
196.5825,196.6188,68437,81825,Rhinolophus ferrumequinum,0.029,0.029,-1,Echolocation,/mnt/ubna_data_02_mir/recover-20220922/UBNA_001/20220921_090000.WAV,Telephone Field,recover-20220922,001,1795
196.6135,196.6517,68437,81777,Rhinolophus ferrumequinum,0.043,0.043,-1,Echolocation,/mnt/ubna_data_02_mir/recover-20220922/UBNA_001/20220921_090000.WAV,Telephone Field,recover-20220922,001,1795
196.6245,196.66570000000002,68437,82502,Rhinolophus ferrumequinum,0.034,0.034,-1,Echolocation,/mnt/ubna_data_02_mir/recover-20220922/UBNA_001/20220921_090000.WAV,Telephone Field,recover-20220922,001,1795
196.6305,196.6386,22890,29976,Plecotus austriacus,0.011,0.025,-1,Echolocation,/mnt/ubna_data_02_mir/recover-20220922/UBNA_001/20220921_090000.WAV,Telephone Field,recover-20220922,001,1795
196.6455,196.6526,48671,53724,Pipistrellus pipistrellus,0.028,0.029,-1,Echolocation,/mnt/ubna_data_02_mir/recover-20220922/UBNA_001/20220921_090000.WAV,Telephone Field,recover-20220922,001,1795
196.6475,196.6895,68437,82641,Rhinolophus ferrumequinum,0.029,0.029,-1,Echolocation,/mnt/ubna_data_02_mir/recover-20220922/UBNA_001/20220921_090000.WAV,Telephone Field,recover-20220922,001,1795
196.6695,196.6821,23750,29011,Nyctalus leisleri,0.01,0.022,-1,Echolocation,/mnt/ubna_data_02_mir/recover-20220922/UBNA_001/20220921_090000.WAV,Telephone Field,recover-20220922,001,1795
196.6725,196.7152,68437,82382,Rhinolophus ferrumequinum,0.027,0.027,-1,Echolocation,/mnt/ubna_data_02_mir/recover-20220922/UBNA_001/20220921_090000.WAV,Telephone Field,recover-20220922,001,1795
196.70850000000002,196.718,28046,39191,Eptesicus serotinus,0.008,0.022,-1,Echolocation,/mnt/ubna_data_02_mir/recover-20220922/UBNA_001/20220921_090000.WAV,Telephone Field,recover-20220922,001,1795
196.7145,196.7233,33203,42091,Myotis daubentonii,0.006,0.021,-1,Echolocation,/mnt/ubna_data_02_mir/recover-20220922/UBNA_001/20220921_090000.WAV,Telephone Field,recover-20220922,001,1795
196.7175,196.7267,23750,30262,Nyctalus leisleri,0.008,0.022,-1,Echolocation,/mnt/ubna_data_02_mir/recover-20220922/UBNA_001/20220921_090000.WAV,Telephone Field,recover-20220922,001,1795
196.7445,196.7813,68437,81202,Rhinolophus ferrumequinum,0.023,0.023,-1,Echolocation,/mnt/ubna_data_02_mir/recover-20220922/UBNA_001/20220921_090000.WAV,Telephone Field,recover-20220922,001,1795
196.7855,196.8265,68437,82770,Rhinolophus ferrumequinum,0.033,0.033,-1,Echolocation,/mnt/ubna_data_02_mir/recover-20220922/UBNA_001/20220921_090000.WAV,Telephone Field,recover-20220922,001,1795
196.7885,196.7987,25468,32246,Eptesicus serotinus,0.009,0.024,-1,Echolocation,/mnt/ubna_data_02_mir/recover-20220922/UBNA_001/20220921_090000.WAV,Telephone Field,recover-20220922,001,1795
196.8125,196.8244,22890,27305,Nyctalus leisleri,0.017,0.031,-1,Echolocation,/mnt/ubna_data_02_mir/recover-20220922/UBNA_001/20220921_090000.WAV,Telephone Field,recover-20220922,001,1795
196.8355,196.874,68437,82192,Rhinolophus ferrumequinum,0.031,0.031,-1,Echolocation,/mnt/ubna_data_02_mir/recover-20220922/UBNA_001/20220921_090000.WAV,Telephone Field,recover-20220922,001,1795
196.8445,196.8847,68437,82756,Rhinolophus ferrumequinum,0.027,0.027,-1,Echolocation,/mnt/ubna_data_02_mir/recover-20220922/UBNA_001/20220921_090000.WAV,Telephone Field,recover-20220922,001,1795
196.8665,196.9066,68437,83359,Rhinolophus ferrumequinum,0.031,0.031,-1,Echolocation,/mnt/ubna_data_02_mir/recover-20220922/UBNA_001/20220921_090000.WAV,Telephone Field,recover-20220922,001,1795
196.9305,196.9695,68437,82260,Rhinolophus ferrumequinum,0.022,0.022,-1,Echolocation,/mnt/ubna_data_02_mir/recover-20220922/UBNA_001/20220921_090000.WAV,Telephone Field,recover-20220922,001,1795
196.9435,196.9861,68437,82938,Rhinolophus ferrumequinum,0.023,0.023,-1,Echolocation,/mnt/ubna_data_02_mir/recover-20220922/UBNA_001/20220921_090000.WAV,Telephone Field,recover-20220922,001,1795
196.9645,197.0037,68437,82693,Rhinolophus ferrumequinum,0.025,0.025,-1,Echolocation,/mnt/ubna_data_02_mir/recover-20220922/UBNA_001/20220921_090000.WAV,Telephone Field,recover-20220922,001,1795
196.9695,197.0096,68437,82680,Rhinolophus ferrumequinum,0.025,0.025,-1,Echolocation,/mnt/ubna_data_02_mir/recover-20220922/UBNA_001/20220921_090000.WAV,Telephone Field,recover-20220922,001,1795
196.9775,196.9842,27187,45099,Myotis nattereri,0.005,0.022,-1,Echolocation,/mnt/ubna_data_02_mir/recover-20220922/UBNA_001/20220921_090000.WAV,Telephone Field,recover-20220922,001,1795
196.9845,197.0274,68437,82642,Rhinolophus ferrumequinum,0.029,0.029,-1,Echolocation,/mnt/ubna_data_02_mir/recover-20220922/UBNA_001/20220921_090000.WAV,Telephone Field,recover-20220922,001,1795
197.0065,197.0477,68437,83251,Rhinolophus ferrumequinum,0.031,0.031,-1,Echolocation,/mnt/ubna_data_02_mir/recover-20220922/UBNA_001/20220921_090000.WAV,Telephone Field,recover-20220922,001,1795
197.0305,197.0735,68437,83261,Rhinolophus ferrumequinum,0.046,0.046,-1,Echolocation,/mnt/ubna_data_02_mir/recover-20220922/UBNA_001/20220921_090000.WAV,Telephone Field,recover-20220922,001,1795
197.0325,197.0429,21171,26548,Plecotus austriacus,0.01,0.027,-1,Echolocation,/mnt/ubna_data_02_mir/recover-20220922/UBNA_001/20220921_090000.WAV,Telephone Field,recover-20220922,001,1795
197.0645,197.0874,18593,21110,Nyctalus noctula,0.022,0.039,-1,Echolocation,/mnt/ubna_data_02_mir/recover-20220922/UBNA_001/20220921_090000.WAV,Telephone Field,recover-20220922,001,1795
197.08350000000002,197.1249,68437,82949,Rhinolophus ferrumequinum,0.025,0.025,-1,Echolocation,/mnt/ubna_data_02_mir/recover-20220922/UBNA_001/20220921_090000.WAV,Telephone Field,recover-20220922,001,1795
197.0865,197.0971,27187,33275,Eptesicus serotinus,0.015,0.032,-1,Echolocation,/mnt/ubna_data_02_mir/recover-20220922/UBNA_001/20220921_090000.WAV,Telephone Field,recover-20220922,001,1795
197.1115,197.1517,68437,82777,Rhinolophus ferrumequinum,0.023,0.023,-1,Echolocation,/mnt/ubna_data_02_mir/recover-20220922/UBNA_001/20220921_090000.WAV,Telephone Field,recover-20220922,001,1795
197.1185,197.1269,25468,33262,Eptesicus serotinus,0.008,0.022,-1,Echolocation,/mnt/ubna_data_02_mir/recover-20220922/UBNA_001/20220921_090000.WAV,Telephone Field,recover-20220922,001,1795
197.1285,197.1694,68437,82177,Rhinolophus ferrumequinum,0.022,0.022,-1,Echolocation,/mnt/ubna_data_02_mir/recover-20220922/UBNA_001/20220921_090000.WAV,Telephone Field,recover-20220922,001,1795
197.1365,197.17419999999998,68437,81731,Rhinolophus ferrumequinum,0.021,0.021,-1,Echolocation,/mnt/ubna_data_02_mir/recover-20220922/UBNA_001/20220921_090000.WAV,Telephone Field,recover-20220922,001,1795
197.1705,197.1909,20312,23616,Nyctalus leisleri,0.026,0.052,-1,Echolocation,/mnt/ubna_data_02_mir/recover-20220922/UBNA_001/20220921_090000.WAV,Telephone Field,recover-20220922,001,1795
197.1705,197.2107,68437,82345,Rhinolophus ferrumequinum,0.022,0.022,-1,Echolocation,/mnt/ubna_data_02_mir/recover-20220922/UBNA_001/20220921_090000.WAV,Telephone Field,recover-20220922,001,1795
197.2005,197.24,68437,82438,Rhinolophus ferrumequinum,0.028,0.028,-1,Echolocation,/mnt/ubna_data_02_mir/recover-20220922/UBNA_001/20220921_090000.WAV,Telephone Field,recover-20220922,001,1795
197.2125,197.2477,68437,81420,Rhinolophus ferrumequinum,0.022,0.022,-1,Echolocation,/mnt/ubna_data_02_mir/recover-20220922/UBNA_001/20220921_090000.WAV,Telephone Field,recover-20220922,001,1795
197.2575,197.2955,68437,81978,Rhinolophus ferrumequinum,0.022,0.022,-1,Echolocation,/mnt/ubna_data_02_mir/recover-20220922/UBNA_001/20220921_090000.WAV,Telephone Field,recover-20220922,001,1795
197.2585,197.2689,22890,28275,Nyctalus leisleri,0.01,0.021,-1,Echolocation,/mnt/ubna_data_02_mir/recover-20220922/UBNA_001/20220921_090000.WAV,Telephone Field,recover-20220922,001,1795
197.2895,197.2983,29765,37012,Eptesicus serotinus,0.007,0.022,-1,Echolocation,/mnt/ubna_data_02_mir/recover-20220922/UBNA_001/20220921_090000.WAV,Telephone Field,recover-20220922,001,1795
197.3025,197.343,68437,82745,Rhinolophus ferrumequinum,0.024,0.024,-1,Echolocation,/mnt/ubna_data_02_mir/recover-20220922/UBNA_001/20220921_090000.WAV,Telephone Field,recover-20220922,001,1795
197.33350000000002,197.3736,68437,82429,Rhinolophus ferrumequinum,0.027,0.027,-1,Echolocation,/mnt/ubna_data_02_mir/recover-20220922/UBNA_001/20220921_090000.WAV,Telephone Field,recover-20220922,001,1795
197.3675,197.4069,68437,81960,Rhinolophus ferrumequinum,0.026,0.026,-1,Echolocation,/mnt/ubna_data_02_mir/recover-20220922/UBNA_001/20220921_090000.WAV,Telephone Field,recover-20220922,001,1795
197.3745,197.3812,22890,31360,Plecotus austriacus,0.015,0.027,-1,Echolocation,/mnt/ubna_data_02_mir/recover-20220922/UBNA_001/20220921_090000.WAV,Telephone Field,recover-20220922,001,1795
197.3855,197.4219,68437,81641,Rhinolophus ferrumequinum,0.024,0.024,-1,Echolocation,/mnt/ubna_data_02_mir/recover-20220922/UBNA_001/20220921_090000.WAV,Telephone Field,recover-20220922,001,1795
197.3905,197.4257,68437,81940,Rhinolophus ferrumequinum,0.024,0.024,-1,Echolocation,/mnt/ubna_data_02_mir/recover-20220922/UBNA_001/20220921_090000.WAV,Telephone Field,recover-20220922,001,1795
197.4125,197.4518,68437,82640,Rhinolophus ferrumequinum,0.031,0.031,-1,Echolocation,/mnt/ubna_data_02_mir/recover-20220922/UBNA_001/20220921_090000.WAV,Telephone Field,recover-20220922,001,1795
197.4385,197.4775,68437,82256,Rhinolophus ferrumequinum,0.024,0.024,-1,Echolocation,/mnt/ubna_data_02_mir/recover-20220922/UBNA_001/20220921_090000.WAV,Telephone Field,recover-20220922,001,1795
197.4645,197.504,68437,81760,Rhinolophus ferrumequinum,0.029,0.029,-1,Echolocation,/mnt/ubna_data_02_mir/recover-20220922/UBNA_001/20220921_090000.WAV,Telephone Field,recover-20220922,001,1795
197.4945,197.5329,68437,82416,Rhinolophus ferrumequinum,0.022,0.022,-1,Echolocation,/mnt/ubna_data_02_mir/recover-20220922/UBNA_001/20220921_090000.WAV,Telephone Field,recover-20220922,001,1795
197.5125,197.5217,29765,38214,Eptesicus serotinus,0.011,0.025,-1,Echolocation,/mnt/ubna_data_02_mir/recover-20220922/UBNA_001/20220921_090000.WAV,Telephone Field,recover-20220922,001,1795
197.5155,197.5581,68437,83415,Rhinolophus ferrumequinum,0.03,0.03,-1,Echolocation,/mnt/ubna_data_02_mir/recover-20220922/UBNA_001/20220921_090000.WAV,Telephone Field,recover-20220922,001,1795
197.54149999999998,197.5817,68437,82354,Rhinolophus ferrumequinum,0.048,0.048,-1,Echolocation,/mnt/ubna_data_02_mir/recover-20220922/UBNA_001/20220921_090000.WAV,Telephone Field,recover-20220922,001,1795
197.5845,197.6277,68437,82523,Rhinolophus ferrumequinum,0.064,0.064,-1,Echolocation,/mnt/ubna_data_02_mir/recover-20220922/UBNA_001/20220921_090000.WAV,Telephone Field,recover-20220922,001,1795
197.6045,197.6112,23750,32484,Plecotus austriacus,0.009,0.021,-1,Echolocation,/mnt/ubna_data_02_mir/recover-20220922/UBNA_001/20220921_090000.WAV,Telephone Field,recover-20220922,001,1795
197.6805,197.7188,68437,82362,Rhinolophus ferrumequinum,0.027,0.027,-1,Echolocation,/mnt/ubna_data_02_mir/recover-20220922/UBNA_001/20220921_090000.WAV,Telephone Field,recover-20220922,001,1795
197.7285,197.7694,68437,82389,Rhinolophus ferrumequinum,0.024,0.024,-1,Echolocation,/mnt/ubna_data_02_mir/recover-20220922/UBNA_001/20220921_090000.WAV,Telephone Field,recover-20220922,001,1795
197.7365,197.7741,68437,82174,Rhinolophus ferrumequinum,0.024,0.024,-1,Echolocation,/mnt/ubna_data_02_mir/recover-20220922/UBNA_001/20220921_090000.WAV,Telephone Field,recover-20220922,001,1795
197.7485,197.7856,68437,81167,Rhinolophus ferrumequinum,0.022,0.022,-1,Echolocation,/mnt/ubna_data_02_mir/recover-20220922/UBNA_001/20220921_090000.WAV,Telephone Field,recover-20220922,001,1795
197.7755,197.8136,68437,81669,Rhinolophus ferrumequinum,0.032,0.032,-1,Echolocation,/mnt/ubna_data_02_mir/recover-20220922/UBNA_001/20220921_090000.WAV,Telephone Field,recover-20220922,001,1795
197.7805,197.7917,28906,36153,Eptesicus serotinus,0.012,0.027,-1,Echolocation,/mnt/ubna_data_02_mir/recover-20220922/UBNA_001/20220921_090000.WAV,Telephone Field,recover-20220922,001,1795
197.7955,197.8351,68437,82368,Rhinolophus ferrumequinum,0.051,0.051,-1,Echolocation,/mnt/ubna_data_02_mir/recover-20220922/UBNA_001/20220921_090000.WAV,Telephone Field,recover-20220922,001,1795
197.8225,197.8323,28046,36385,Eptesicus serotinus,0.009,0.022,-1,Echolocation,/mnt/ubna_data_02_mir/recover-20220922/UBNA_001/20220921_090000.WAV,Telephone Field,recover-20220922,001,1795
197.8595,197.8974,68437,81951,Rhinolophus ferrumequinum,0.023,0.023,-1,Echolocation,/mnt/ubna_data_02_mir/recover-20220922/UBNA_001/20220921_090000.WAV,Telephone Field,recover-20220922,001,1795
197.8855,197.9237,68437,81804,Rhinolophus ferrumequinum,0.022,0.022,-1,Echolocation,/mnt/ubna_data_02_mir/recover-20220922/UBNA_001/20220921_090000.WAV,Telephone Field,recover-20220922,001,1795
197.8915,197.9289,68437,81237,Rhinolophus ferrumequinum,0.022,0.022,-1,Echolocation,/mnt/ubna_data_02_mir/recover-20220922/UBNA_001/20220921_090000.WAV,Telephone Field,recover-20220922,001,1795
197.9105,197.95420000000001,68437,83122,Rhinolophus ferrumequinum,0.031,0.031,-1,Echolocation,/mnt/ubna_data_02_mir/recover-20220922/UBNA_001/20220921_090000.WAV,Telephone Field,recover-20220922,001,1795
197.91649999999998,197.9264,22031,28095,Nyctalus leisleri,0.008,0.022,-1,Echolocation,/mnt/ubna_data_02_mir/recover-20220922/UBNA_001/20220921_090000.WAV,Telephone Field,recover-20220922,001,1795
197.9265,197.9694,68437,82644,Rhinolophus ferrumequinum,0.029,0.029,-1,Echolocation,/mnt/ubna_data_02_mir/recover-20220922/UBNA_001/20220921_090000.WAV,Telephone Field,recover-20220922,001,1795
197.9265,197.9374,23750,30043,Nyctalus leisleri,0.011,0.028,-1,Echolocation,/mnt/ubna_data_02_mir/recover-20220922/UBNA_001/20220921_090000.WAV,Telephone Field,recover-20220922,001,1795
197.9885,197.9995,23750,30310,Nyctalus leisleri,0.01,0.024,-1,Echolocation,/mnt/ubna_data_02_mir/recover-20220922/UBNA_001/20220921_090000.WAV,Telephone Field,recover-20220922,001,1795
198.0015,198.0078,47812,52442,Pipistrellus pipistrellus,0.022,0.029,-1,Echolocation,/mnt/ubna_data_02_mir/recover-20220922/UBNA_001/20220921_090000.WAV,Telephone Field,recover-20220922,001,1795
198.0015,198.0339,68437,79990,Rhinolophus ferrumequinum,0.022,0.023,-1,Echolocation,/mnt/ubna_data_02_mir/recover-20220922/UBNA_001/20220921_090000.WAV,Telephone Field,recover-20220922,001,1795
198.0015,198.0097,35781,47899,Myotis daubentonii,0.011,0.027,-1,Echolocation,/mnt/ubna_data_02_mir/recover-20220922/UBNA_001/20220921_090000.WAV,Telephone Field,recover-20220922,001,1795
198.0015,198.0086,22890,32187,Plecotus austriacus,0.007,0.025,-1,Echolocation,/mnt/ubna_data_02_mir/recover-20220922/UBNA_001/20220921_090000.WAV,Telephone Field,recover-20220922,001,1795
198.0095,198.0515,68437,81879,Rhinolophus ferrumequinum,0.025,0.025,-1,Echolocation,/mnt/ubna_data_02_mir/recover-20220922/UBNA_001/20220921_090000.WAV,Telephone Field,recover-20220922,001,1795
198.0095,198.0183,28906,37061,Eptesicus serotinus,0.008,0.022,-1,Echolocation,/mnt/ubna_data_02_mir/recover-20220922/UBNA_001/20220921_090000.WAV,Telephone Field,recover-20220922,001,1795
198.0275,198.069,68437,82600,Rhinolophus ferrumequinum,0.023,0.023,-1,Echolocation,/mnt/ubna_data_02_mir/recover-20220922/UBNA_001/20220921_090000.WAV,Telephone Field,recover-20220922,001,1795
198.05349999999999,198.0616,45234,53067,Pipistrellus pipistrellus,0.014,0.021,-1,Echolocation,/mnt/ubna_data_02_mir/recover-20220922/UBNA_001/20220921_090000.WAV,Telephone Field,recover-20220922,001,1795
198.0705,198.1129,68437,83049,Rhinolophus ferrumequinum,0.032,0.032,-1,Echolocation,/mnt/ubna_data_02_mir/recover-20220922/UBNA_001/20220921_090000.WAV,Telephone Field,recover-20220922,001,1795
198.0735,198.0821,28906,40431,Eptesicus serotinus,0.007,0.021,-1,Echolocation,/mnt/ubna_data_02_mir/recover-20220922/UBNA_001/20220921_090000.WAV,Telephone Field,recover-20220922,001,1795
198.0845,198.0948,22890,27535,Nyctalus leisleri,0.01,0.021,-1,Echolocation,/mnt/ubna_data_02_mir/recover-20220922/UBNA_001/20220921_090000.WAV,Telephone Field,recover-20220922,001,1795
198.1625,198.2039,68437,82578,Rhinolophus ferrumequinum,0.024,0.024,-1,Echolocation,/mnt/ubna_data_02_mir/recover-20220922/UBNA_001/20220921_090000.WAV,Telephone Field,recover-20220922,001,1795
198.1655,198.176,22890,28351,Nyctalus leisleri,0.01,0.023,-1,Echolocation,/mnt/ubna_data_02_mir/recover-20220922/UBNA_001/20220921_090000.WAV,Telephone Field,recover-20220922,001,1795
198.2525,198.2622,28906,36452,Eptesicus serotinus,0.009,0.023,-1,Echolocation,/mnt/ubna_data_02_mir/recover-20220922/UBNA_001/20220921_090000.WAV,Telephone Field,recover-20220922,001,1795
198.2755,198.3152,68437,82433,Rhinolophus ferrumequinum,0.027,0.027,-1,Echolocation,/mnt/ubna_data_02_mir/recover-20220922/UBNA_001/20220921_090000.WAV,Telephone Field,recover-20220922,001,1795
198.2875,198.298,22890,27718,Nyctalus leisleri,0.01,0.022,-1,Echolocation,/mnt/ubna_data_02_mir/recover-20220922/UBNA_001/20220921_090000.WAV,Telephone Field,recover-20220922,001,1795
198.3225,198.3331,24609,31174,Eptesicus serotinus,0.01,0.026,-1,Echolocation,/mnt/ubna_data_02_mir/recover-20220922/UBNA_001/20220921_090000.WAV,Telephone Field,recover-20220922,001,1795
198.3245,198.3665,68437,82697,Rhinolophus ferrumequinum,0.025,0.025,-1,Echolocation,/mnt/ubna_data_02_mir/recover-20220922/UBNA_001/20220921_090000.WAV,Telephone Field,recover-20220922,001,1795
198.3515,198.3595,23750,31865,Plecotus austriacus,0.008,0.022,-1,Echolocation,/mnt/ubna_data_02_mir/recover-20220922/UBNA_001/20220921_090000.WAV,Telephone Field,recover-20220922,001,1795
198.3525,198.391,68437,81940,Rhinolophus ferrumequinum,0.023,0.023,-1,Echolocation,/mnt/ubna_data_02_mir/recover-20220922/UBNA_001/20220921_090000.WAV,Telephone Field,recover-20220922,001,1795
198.3765,198.3872,46953,50783,Pipistrellus pipistrellus,0.038,0.04,-1,Echolocation,/mnt/ubna_data_02_mir/recover-20220922/UBNA_001/20220921_090000.WAV,Telephone Field,recover-20220922,001,1795
198.3775,198.4153,68437,82028,Rhinolophus ferrumequinum,0.023,0.023,-1,Echolocation,/mnt/ubna_data_02_mir/recover-20220922/UBNA_001/20220921_090000.WAV,Telephone Field,recover-20220922,001,1795
198.4135,198.4498,68437,81053,Rhinolophus ferrumequinum,0.021,0.021,-1,Echolocation,/mnt/ubna_data_02_mir/recover-20220922/UBNA_001/20220921_090000.WAV,Telephone Field,recover-20220922,001,1795
198.42849999999999,198.4361,47812,51474,Pipistrellus pipistrellus,0.033,0.034,-1,Echolocation,/mnt/ubna_data_02_mir/recover-20220922/UBNA_001/20220921_090000.WAV,Telephone Field,recover-20220922,001,1795
198.4545,198.4932,68437,81962,Rhinolophus ferrumequinum,0.023,0.023,-1,Echolocation,/mnt/ubna_data_02_mir/recover-20220922/UBNA_001/20220921_090000.WAV,Telephone Field,recover-20220922,001,1795
198.4945,198.5343,68437,82838,Rhinolophus ferrumequinum,0.025,0.025,-1,Echolocation,/mnt/ubna_data_02_mir/recover-20220922/UBNA_001/20220921_090000.WAV,Telephone Field,recover-20220922,001,1795
198.5085,198.5502,68437,82827,Rhinolophus ferrumequinum,0.023,0.023,-1,Echolocation,/mnt/ubna_data_02_mir/recover-20220922/UBNA_001/20220921_090000.WAV,Telephone Field,recover-20220922,001,1795
198.5235,198.5637,68437,82514,Rhinolophus ferrumequinum,0.026,0.026,-1,Echolocation,/mnt/ubna_data_02_mir/recover-20220922/UBNA_001/20220921_090000.WAV,Telephone Field,recover-20220922,001,1795
198.5635,198.6011,68437,82264,Rhinolophus ferrumequinum,0.025,0.025,-1,Echolocation,/mnt/ubna_data_02_mir/recover-20220922/UBNA_001/20220921_090000.WAV,Telephone Field,recover-20220922,001,1795
198.5695,198.5798,23750,30230,Nyctalus leisleri,0.007,0.021,-1,Echolocation,/mnt/ubna_data_02_mir/recover-20220922/UBNA_001/20220921_090000.WAV,Telephone Field,recover-20220922,001,1795
198.5745,198.5816,46953,51348,Pipistrellus pipistrellus,0.027,0.028,-1,Echolocation,/mnt/ubna_data_02_mir/recover-20220922/UBNA_001/20220921_090000.WAV,Telephone Field,recover-20220922,001,1795
198.5995,198.6367,68437,81600,Rhinolophus ferrumequinum,0.023,0.023,-1,Echolocation,/mnt/ubna_data_02_mir/recover-20220922/UBNA_001/20220921_090000.WAV,Telephone Field,recover-20220922,001,1795
198.6185,198.657,68437,82071,Rhinolophus ferrumequinum,0.022,0.022,-1,Echolocation,/mnt/ubna_data_02_mir/recover-20220922/UBNA_001/20220921_090000.WAV,Telephone Field,recover-20220922,001,1795
198.6475,198.6818,68437,80998,Rhinolophus ferrumequinum,0.022,0.022,-1,Echolocation,/mnt/ubna_data_02_mir/recover-20220922/UBNA_001/20220921_090000.WAV,Telephone Field,recover-20220922,001,1795
198.6835,198.7234,68437,82288,Rhinolophus ferrumequinum,0.03,0.03,-1,Echolocation,/mnt/ubna_data_02_mir/recover-20220922/UBNA_001/20220921_090000.WAV,Telephone Field,recover-20220922,001,1795
198.7005,198.7161,35781,40016,Pipistrellus nathusii,0.035,0.059,-1,Echolocation,/mnt/ubna_data_02_mir/recover-20220922/UBNA_001/20220921_090000.WAV,Telephone Field,recover-20220922,001,1795
198.7045,198.7435,68437,82422,Rhinolophus ferrumequinum,0.022,0.022,-1,Echolocation,/mnt/ubna_data_02_mir/recover-20220922/UBNA_001/20220921_090000.WAV,Telephone Field,recover-20220922,001,1795
198.7225,198.73160000000001,22890,30114,Plecotus austriacus,0.01,0.027,-1,Echolocation,/mnt/ubna_data_02_mir/recover-20220922/UBNA_001/20220921_090000.WAV,Telephone Field,recover-20220922,001,1795
198.7335,198.7727,68437,82287,Rhinolophus ferrumequinum,0.026,0.026,-1,Echolocation,/mnt/ubna_data_02_mir/recover-20220922/UBNA_001/20220921_090000.WAV,Telephone Field,recover-20220922,001,1795
198.7355,198.747,28046,33981,Eptesicus serotinus,0.012,0.026,-1,Echolocation,/mnt/ubna_data_02_mir/recover-20220922/UBNA_001/20220921_090000.WAV,Telephone Field,recover-20220922,001,1795
198.7565,198.7668,44375,50022,Pipistrellus pipistrellus,0.022,0.026,-1,Echolocation,/mnt/ubna_data_02_mir/recover-20220922/UBNA_001/20220921_090000.WAV,Telephone Field,recover-20220922,001,1795
198.7615,198.7721,25468,32361,Nyctalus leisleri,0.008,0.023,-1,Echolocation,/mnt/ubna_data_02_mir/recover-20220922/UBNA_001/20220921_090000.WAV,Telephone Field,recover-20220922,001,1795
198.7925,198.8013,28906,40210,Eptesicus serotinus,0.009,0.024,-1,Echolocation,/mnt/ubna_data_02_mir/recover-20220922/UBNA_001/20220921_090000.WAV,Telephone Field,recover-20220922,001,1795
198.8805,198.8893,34062,42302,Myotis daubentonii,0.007,0.023,-1,Echolocation,/mnt/ubna_data_02_mir/recover-20220922/UBNA_001/20220921_090000.WAV,Telephone Field,recover-20220922,001,1795
198.8895,198.9261,68437,80729,Rhinolophus ferrumequinum,0.022,0.022,-1,Echolocation,/mnt/ubna_data_02_mir/recover-20220922/UBNA_001/20220921_090000.WAV,Telephone Field,recover-20220922,001,1795
198.8935,198.9043,22890,28551,Nyctalus leisleri,0.013,0.029,-1,Echolocation,/mnt/ubna_data_02_mir/recover-20220922/UBNA_001/20220921_090000.WAV,Telephone Field,recover-20220922,001,1795
198.9305,198.9405,24609,32865,Eptesicus serotinus,0.011,0.03,-1,Echolocation,/mnt/ubna_data_02_mir/recover-20220922/UBNA_001/20220921_090000.WAV,Telephone Field,recover-20220922,001,1795
198.9835,198.9931,23750,30226,Nyctalus leisleri,0.008,0.021,-1,Echolocation,/mnt/ubna_data_02_mir/recover-20220922/UBNA_001/20220921_090000.WAV,Telephone Field,recover-20220922,001,1795
198.9905,199.0285,68437,82230,Rhinolophus ferrumequinum,0.022,0.022,-1,Echolocation,/mnt/ubna_data_02_mir/recover-20220922/UBNA_001/20220921_090000.WAV,Telephone Field,recover-20220922,001,1795
199.0135,199.0525,68437,82180,Rhinolophus ferrumequinum,0.026,0.026,-1,Echolocation,/mnt/ubna_data_02_mir/recover-20220922/UBNA_001/20220921_090000.WAV,Telephone Field,recover-20220922,001,1795
199.0465,199.0852,68437,82337,Rhinolophus ferrumequinum,0.023,0.023,-1,Echolocation,/mnt/ubna_data_02_mir/recover-20220922/UBNA_001/20220921_090000.WAV,Telephone Field,recover-20220922,001,1795
199.0565,199.0949,68437,81871,Rhinolophus ferrumequinum,0.024,0.024,-1,Echolocation,/mnt/ubna_data_02_mir/recover-20220922/UBNA_001/20220921_090000.WAV,Telephone Field,recover-20220922,001,1795
199.0685,199.1073,68437,82786,Rhinolophus ferrumequinum,0.021,0.021,-1,Echolocation,/mnt/ubna_data_02_mir/recover-20220922/UBNA_001/20220921_090000.WAV,Telephone Field,recover-20220922,001,1795
199.1145,199.1244,22890,28525,Nyctalus leisleri,0.008,0.02,-1,Echolocation,/mnt/ubna_data_02_mir/recover-20220922/UBNA_001/20220921_090000.WAV,Telephone Field,recover-20220922,001,1795
199.1175,199.1563,68437,82396,Rhinolophus ferrumequinum,0.022,0.022,-1,Echolocation,/mnt/ubna_data_02_mir/recover-20220922/UBNA_001/20220921_090000.WAV,Telephone Field,recover-20220922,001,1795
199.1345,199.1758,68437,82796,Rhinolophus ferrumequinum,0.023,0.023,-1,Echolocation,/mnt/ubna_data_02_mir/recover-20220922/UBNA_001/20220921_090000.WAV,Telephone Field,recover-20220922,001,1795
199.1495,199.1592,28906,37924,Eptesicus serotinus,0.011,0.026,-1,Echolocation,/mnt/ubna_data_02_mir/recover-20220922/UBNA_001/20220921_090000.WAV,Telephone Field,recover-20220922,001,1795
199.1495,199.1865,68437,81492,Rhinolophus ferrumequinum,0.021,0.021,-1,Echolocation,/mnt/ubna_data_02_mir/recover-20220922/UBNA_001/20220921_090000.WAV,Telephone Field,recover-20220922,001,1795
199.1595,199.2005,68437,82215,Rhinolophus ferrumequinum,0.022,0.022,-1,Echolocation,/mnt/ubna_data_02_mir/recover-20220922/UBNA_001/20220921_090000.WAV,Telephone Field,recover-20220922,001,1795
199.1755,199.2142,68437,82219,Rhinolophus ferrumequinum,0.021,0.021,-1,Echolocation,/mnt/ubna_data_02_mir/recover-20220922/UBNA_001/20220921_090000.WAV,Telephone Field,recover-20220922,001,1795
199.1995,199.2386,68437,82261,Rhinolophus ferrumequinum,0.026,0.026,-1,Echolocation,/mnt/ubna_data_02_mir/recover-20220922/UBNA_001/20220921_090000.WAV,Telephone Field,recover-20220922,001,1795
199.2555,199.29410000000001,68437,82171,Rhinolophus ferrumequinum,0.024,0.024,-1,Echolocation,/mnt/ubna_data_02_mir/recover-20220922/UBNA_001/20220921_090000.WAV,Telephone Field,recover-20220922,001,1795
199.3185,199.3584,68437,82840,Rhinolophus ferrumequinum,0.024,0.024,-1,Echolocation,/mnt/ubna_data_02_mir/recover-20220922/UBNA_001/20220921_090000.WAV,Telephone Field,recover-20220922,001,1795
199.3305,199.3699,68437,82174,Rhinolophus ferrumequinum,0.022,0.022,-1,Echolocation,/mnt/ubna_data_02_mir/recover-20220922/UBNA_001/20220921_090000.WAV,Telephone Field,recover-20220922,001,1795
199.3385,199.3778,68437,82565,Rhinolophus ferrumequinum,0.021,0.021,-1,Echolocation,/mnt/ubna_data_02_mir/recover-20220922/UBNA_001/20220921_090000.WAV,Telephone Field,recover-20220922,001,1795
199.3745,199.3874,56406,61139,Pipistrellus pygmaeus,0.026,0.027,-1,Echolocation,/mnt/ubna_data_02_mir/recover-20220922/UBNA_001/20220921_090000.WAV,Telephone Field,recover-20220922,001,1795
199.4005,199.4117,22890,27610,Nyctalus leisleri,0.011,0.022,-1,Echolocation,/mnt/ubna_data_02_mir/recover-20220922/UBNA_001/20220921_090000.WAV,Telephone Field,recover-20220922,001,1795
199.4295,199.4404,26328,32872,Eptesicus serotinus,0.009,0.021,-1,Echolocation,/mnt/ubna_data_02_mir/recover-20220922/UBNA_001/20220921_090000.WAV,Telephone Field,recover-20220922,001,1795
199.4385,199.4498,22890,27483,Nyctalus leisleri,0.011,0.021,-1,Echolocation,/mnt/ubna_data_02_mir/recover-20220922/UBNA_001/20220921_090000.WAV,Telephone Field,recover-20220922,001,1795
199.4385,199.4736,68437,81149,Rhinolophus ferrumequinum,0.027,0.027,-1,Echolocation,/mnt/ubna_data_02_mir/recover-20220922/UBNA_001/20220921_090000.WAV,Telephone Field,recover-20220922,001,1795
199.4555,199.4634,28046,40729,Eptesicus serotinus,0.01,0.03,-1,Echolocation,/mnt/ubna_data_02_mir/recover-20220922/UBNA_001/20220921_090000.WAV,Telephone Field,recover-20220922,001,1795
199.47050000000002,199.5097,68437,81352,Rhinolophus ferrumequinum,0.025,0.025,-1,Echolocation,/mnt/ubna_data_02_mir/recover-20220922/UBNA_001/20220921_090000.WAV,Telephone Field,recover-20220922,001,1795
199.4775,199.5154,68437,81780,Rhinolophus ferrumequinum,0.028,0.028,-1,Echolocation,/mnt/ubna_data_02_mir/recover-20220922/UBNA_001/20220921_090000.WAV,Telephone Field,recover-20220922,001,1795
199.5075,199.5149,27187,36407,Eptesicus serotinus,0.01,0.03,-1,Echolocation,/mnt/ubna_data_02_mir/recover-20220922/UBNA_001/20220921_090000.WAV,Telephone Field,recover-20220922,001,1795
199.5265,199.5373,24609,30933,Nyctalus leisleri,0.009,0.025,-1,Echolocation,/mnt/ubna_data_02_mir/recover-20220922/UBNA_001/20220921_090000.WAV,Telephone Field,recover-20220922,001,1795
199.5515,199.5909,68437,82228,Rhinolophus ferrumequinum,0.023,0.024,-1,Echolocation,/mnt/ubna_data_02_mir/recover-20220922/UBNA_001/20220921_090000.WAV,Telephone Field,recover-20220922,001,1795
199.5595,199.5696,28906,36652,Eptesicus serotinus,0.011,0.025,-1,Echolocation,/mnt/ubna_data_02_mir/recover-20220922/UBNA_001/20220921_090000.WAV,Telephone Field,recover-20220922,001,1795
199.5885,199.6296,68437,82952,Rhinolophus ferrumequinum,0.029,0.029,-1,Echolocation,/mnt/ubna_data_02_mir/recover-20220922/UBNA_001/20220921_090000.WAV,Telephone Field,recover-20220922,001,1795
199.6575,199.6957,68437,81865,Rhinolophus ferrumequinum,0.022,0.022,-1,Echolocation,/mnt/ubna_data_02_mir/recover-20220922/UBNA_001/20220921_090000.WAV,Telephone Field,recover-20220922,001,1795
199.6725,199.6919,19453,22260,Nyctalus leisleri,0.013,0.025,-1,Echolocation,/mnt/ubna_data_02_mir/recover-20220922/UBNA_001/20220921_090000.WAV,Telephone Field,recover-20220922,001,1795
199.6895,199.6988,28046,37420,Eptesicus serotinus,0.012,0.027,-1,Echolocation,/mnt/ubna_data_02_mir/recover-20220922/UBNA_001/20220921_090000.WAV,Telephone Field,recover-20220922,001,1795
199.6925,199.7339,68437,82883,Rhinolophus ferrumequinum,0.025,0.025,-1,Echolocation,/mnt/ubna_data_02_mir/recover-20220922/UBNA_001/20220921_090000.WAV,Telephone Field,recover-20220922,001,1795
199.7035,199.7458,68437,82303,Rhinolophus ferrumequinum,0.022,0.022,-1,Echolocation,/mnt/ubna_data_02_mir/recover-20220922/UBNA_001/20220921_090000.WAV,Telephone Field,recover-20220922,001,1795
199.7145,199.7555,68437,83129,Rhinolophus ferrumequinum,0.021,0.021,-1,Echolocation,/mnt/ubna_data_02_mir/recover-20220922/UBNA_001/20220921_090000.WAV,Telephone Field,recover-20220922,001,1795
199.7255,199.7635,68437,82376,Rhinolophus ferrumequinum,0.022,0.022,-1,Echolocation,/mnt/ubna_data_02_mir/recover-20220922/UBNA_001/20220921_090000.WAV,Telephone Field,recover-20220922,001,1795
199.7525,199.7623,29765,38135,Eptesicus serotinus,0.01,0.027,-1,Echolocation,/mnt/ubna_data_02_mir/recover-20220922/UBNA_001/20220921_090000.WAV,Telephone Field,recover-20220922,001,1795
199.7755,199.8102,68437,81203,Rhinolophus ferrumequinum,0.023,0.023,-1,Echolocation,/mnt/ubna_data_02_mir/recover-20220922/UBNA_001/20220921_090000.WAV,Telephone Field,recover-20220922,001,1795
199.7825,199.7946,24609,30588,Nyctalus leisleri,0.008,0.022,-1,Echolocation,/mnt/ubna_data_02_mir/recover-20220922/UBNA_001/20220921_090000.WAV,Telephone Field,recover-20220922,001,1795
199.7845,199.82229999999998,68437,81724,Rhinolophus ferrumequinum,0.021,0.021,-1,Echolocation,/mnt/ubna_data_02_mir/recover-20220922/UBNA_001/20220921_090000.WAV,Telephone Field,recover-20220922,001,1795
199.7905,199.8275,68437,82098,Rhinolophus ferrumequinum,0.021,0.021,-1,Echolocation,/mnt/ubna_data_02_mir/recover-20220922/UBNA_001/20220921_090000.WAV,Telephone Field,recover-20220922,001,1795
199.8355,199.87630000000001,68437,82312,Rhinolophus ferrumequinum,0.03,0.031,-1,Echolocation,/mnt/ubna_data_02_mir/recover-20220922/UBNA_001/20220921_090000.WAV,Telephone Field,recover-20220922,001,1795
199.8465,199.855,28906,37395,Eptesicus serotinus,0.011,0.029,-1,Echolocation,/mnt/ubna_data_02_mir/recover-20220922/UBNA_001/20220921_090000.WAV,Telephone Field,recover-20220922,001,1795
199.8545,199.8942,68437,82350,Rhinolophus ferrumequinum,0.022,0.022,-1,Echolocation,/mnt/ubna_data_02_mir/recover-20220922/UBNA_001/20220921_090000.WAV,Telephone Field,recover-20220922,001,1795
199.8795,199.9181,68437,82631,Rhinolophus ferrumequinum,0.024,0.024,-1,Echolocation,/mnt/ubna_data_02_mir/recover-20220922/UBNA_001/20220921_090000.WAV,Telephone Field,recover-20220922,001,1795
199.8825,199.8932,23750,29435,Nyctalus leisleri,0.008,0.021,-1,Echolocation,/mnt/ubna_data_02_mir/recover-20220922/UBNA_001/20220921_090000.WAV,Telephone Field,recover-20220922,001,1795
199.8895,199.9284,68437,81741,Rhinolophus ferrumequinum,0.024,0.025,-1,Echolocation,/mnt/ubna_data_02_mir/recover-20220922/UBNA_001/20220921_090000.WAV,Telephone Field,recover-20220922,001,1795
199.9445,199.9823,68437,81802,Rhinolophus ferrumequinum,0.023,0.023,-1,Echolocation,/mnt/ubna_data_02_mir/recover-20220922/UBNA_001/20220921_090000.WAV,Telephone Field,recover-20220922,001,1795
199.9625,199.9982,68437,81788,Rhinolophus ferrumequinum,0.025,0.025,-1,Echolocation,/mnt/ubna_data_02_mir/recover-20220922/UBNA_001/20220921_090000.WAV,Telephone Field,recover-20220922,001,1795
200.0015,200.0335,68437,79860,Rhinolophus ferrumequinum,0.043,0.043,-1,Echolocation,/mnt/ubna_data_02_mir/recover-20220922/UBNA_001/20220921_090000.WAV,Telephone Field,recover-20220922,001,1795
200.0015,200.0102,25468,34757,Nyctalus leisleri,0.007,0.025,-1,Echolocation,/mnt/ubna_data_02_mir/recover-20220922/UBNA_001/20220921_090000.WAV,Telephone Field,recover-20220922,001,1795
200.0015,200.0104,48671,56702,Pipistrellus pipistrellus,0.015,0.021,-1,Echolocation,/mnt/ubna_data_02_mir/recover-20220922/UBNA_001/20220921_090000.WAV,Telephone Field,recover-20220922,001,1795
200.0125,200.0227,23750,30380,Nyctalus leisleri,0.007,0.021,-1,Echolocation,/mnt/ubna_data_02_mir/recover-20220922/UBNA_001/20220921_090000.WAV,Telephone Field,recover-20220922,001,1795
200.0145,200.0228,28046,39350,Eptesicus serotinus,0.007,0.02,-1,Echolocation,/mnt/ubna_data_02_mir/recover-20220922/UBNA_001/20220921_090000.WAV,Telephone Field,recover-20220922,001,1795
200.0665,200.077,23750,30852,Nyctalus leisleri,0.01,0.025,-1,Echolocation,/mnt/ubna_data_02_mir/recover-20220922/UBNA_001/20220921_090000.WAV,Telephone Field,recover-20220922,001,1795
200.0675,200.1067,68437,81881,Rhinolophus ferrumequinum,0.027,0.027,-1,Echolocation,/mnt/ubna_data_02_mir/recover-20220922/UBNA_001/20220921_090000.WAV,Telephone Field,recover-20220922,001,1795
200.1025,200.1136,23750,29891,Nyctalus leisleri,0.008,0.02,-1,Echolocation,/mnt/ubna_data_02_mir/recover-20220922/UBNA_001/20220921_090000.WAV,Telephone Field,recover-20220922,001,1795
200.1205,200.1569,68437,81255,Rhinolophus ferrumequinum,0.025,0.025,-1,Echolocation,/mnt/ubna_data_02_mir/recover-20220922/UBNA_001/20220921_090000.WAV,Telephone Field,recover-20220922,001,1795
200.1455,200.1852,68437,81992,Rhinolophus ferrumequinum,0.024,0.024,-1,Echolocation,/mnt/ubna_data_02_mir/recover-20220922/UBNA_001/20220921_090000.WAV,Telephone Field,recover-20220922,001,1795
200.1555,200.1932,68437,82469,Rhinolophus ferrumequinum,0.024,0.024,-1,Echolocation,/mnt/ubna_data_02_mir/recover-20220922/UBNA_001/20220921_090000.WAV,Telephone Field,recover-20220922,001,1795
200.1825,200.2235,68437,82447,Rhinolophus ferrumequinum,0.022,0.022,-1,Echolocation,/mnt/ubna_data_02_mir/recover-20220922/UBNA_001/20220921_090000.WAV,Telephone Field,recover-20220922,001,1795
200.1905,200.2311,68437,81897,Rhinolophus ferrumequinum,0.021,0.022,-1,Echolocation,/mnt/ubna_data_02_mir/recover-20220922/UBNA_001/20220921_090000.WAV,Telephone Field,recover-20220922,001,1795
200.1995,200.2071,28046,38583,Eptesicus serotinus,0.007,0.022,-1,Echolocation,/mnt/ubna_data_02_mir/recover-20220922/UBNA_001/20220921_090000.WAV,Telephone Field,recover-20220922,001,1795
200.2255,200.262,68437,81678,Rhinolophus ferrumequinum,0.02,0.021,-1,Echolocation,/mnt/ubna_data_02_mir/recover-20220922/UBNA_001/20220921_090000.WAV,Telephone Field,recover-20220922,001,1795
200.2345,200.2425,26328,37248,Eptesicus serotinus,0.006,0.02,-1,Echolocation,/mnt/ubna_data_02_mir/recover-20220922/UBNA_001/20220921_090000.WAV,Telephone Field,recover-20220922,001,1795
200.2355,200.2754,68437,81904,Rhinolophus ferrumequinum,0.021,0.021,-1,Echolocation,/mnt/ubna_data_02_mir/recover-20220922/UBNA_001/20220921_090000.WAV,Telephone Field,recover-20220922,001,1795
200.2545,200.2943,68437,82793,Rhinolophus ferrumequinum,0.021,0.021,-1,Echolocation,/mnt/ubna_data_02_mir/recover-20220922/UBNA_001/20220921_090000.WAV,Telephone Field,recover-20220922,001,1795
200.2995,200.33859999999999,68437,82058,Rhinolophus ferrumequinum,0.022,0.022,-1,Echolocation,/mnt/ubna_data_02_mir/recover-20220922/UBNA_001/20220921_090000.WAV,Telephone Field,recover-20220922,001,1795
200.3065,200.3167,43515,47571,Pipistrellus pipistrellus,0.021,0.024,-1,Echolocation,/mnt/ubna_data_02_mir/recover-20220922/UBNA_001/20220921_090000.WAV,Telephone Field,recover-20220922,001,1795
200.3555,200.3956,68437,81963,Rhinolophus ferrumequinum,0.023,0.023,-1,Echolocation,/mnt/ubna_data_02_mir/recover-20220922/UBNA_001/20220921_090000.WAV,Telephone Field,recover-20220922,001,1795
200.3605,200.3687,26328,35673,Eptesicus serotinus,0.011,0.028,-1,Echolocation,/mnt/ubna_data_02_mir/recover-20220922/UBNA_001/20220921_090000.WAV,Telephone Field,recover-20220922,001,1795
200.3625,200.3698,55546,60943,Pipistrellus pygmaeus,0.02,0.021,-1,Echolocation,/mnt/ubna_data_02_mir/recover-20220922/UBNA_001/20220921_090000.WAV,Telephone Field,recover-20220922,001,1795
200.3895,200.4276,68437,81888,Rhinolophus ferrumequinum,0.024,0.024,-1,Echolocation,/mnt/ubna_data_02_mir/recover-20220922/UBNA_001/20220921_090000.WAV,Telephone Field,recover-20220922,001,1795
200.3985,200.43880000000001,68437,82169,Rhinolophus ferrumequinum,0.022,0.022,-1,Echolocation,/mnt/ubna_data_02_mir/recover-20220922/UBNA_001/20220921_090000.WAV,Telephone Field,recover-20220922,001,1795
200.4145,200.4526,68437,81797,Rhinolophus ferrumequinum,0.023,0.023,-1,Echolocation,/mnt/ubna_data_02_mir/recover-20220922/UBNA_001/20220921_090000.WAV,Telephone Field,recover-20220922,001,1795
200.4445,200.4549,28046,34325,Eptesicus serotinus,0.038,0.061,-1,Echolocation,/mnt/ubna_data_02_mir/recover-20220922/UBNA_001/20220921_090000.WAV,Telephone Field,recover-20220922,001,1795
200.4525,200.45929999999998,40078,55571,Myotis daubentonii,0.006,0.023,-1,Echolocation,/mnt/ubna_data_02_mir/recover-20220922/UBNA_001/20220921_090000.WAV,Telephone Field,recover-20220922,001,1795
200.4555,200.4951,68437,81847,Rhinolophus ferrumequinum,0.022,0.022,-1,Echolocation,/mnt/ubna_data_02_mir/recover-20220922/UBNA_001/20220921_090000.WAV,Telephone Field,recover-20220922,001,1795
200.4925,200.5327,68437,82202,Rhinolophus ferrumequinum,0.024,0.024,-1,Echolocation,/mnt/ubna_data_02_mir/recover-20220922/UBNA_001/20220921_090000.WAV,Telephone Field,recover-20220922,001,1795
200.6135,200.6222,25468,34464,Eptesicus serotinus,0.01,0.023,-1,Echolocation,/mnt/ubna_data_02_mir/recover-20220922/UBNA_001/20220921_090000.WAV,Telephone Field,recover-20220922,001,1795
200.6305,200.67079999999999,68437,81807,Rhinolophus ferrumequinum,0.027,0.027,-1,Echolocation,/mnt/ubna_data_02_mir/recover-20220922/UBNA_001/20220921_090000.WAV,Telephone Field,recover-20220922,001,1795
200.6375,200.6754,68437,82275,Rhinolophus ferrumequinum,0.022,0.023,-1,Echolocation,/mnt/ubna_data_02_mir/recover-20220922/UBNA_001/20220921_090000.WAV,Telephone Field,recover-20220922,001,1795
200.6495,200.6872,68437,82068,Rhinolophus ferrumequinum,0.023,0.023,-1,Echolocation,/mnt/ubna_data_02_mir/recover-20220922/UBNA_001/20220921_090000.WAV,Telephone Field,recover-20220922,001,1795
200.6605,200.6985,68437,81129,Rhinolophus ferrumequinum,0.021,0.022,-1,Echolocation,/mnt/ubna_data_02_mir/recover-20220922/UBNA_001/20220921_090000.WAV,Telephone Field,recover-20220922,001,1795
200.69650000000001,200.7043,27187,39253,Eptesicus serotinus,0.007,0.021,-1,Echolocation,/mnt/ubna_data_02_mir/recover-20220922/UBNA_001/20220921_090000.WAV,Telephone Field,recover-20220922,001,1795
200.7025,200.7129,22890,27945,Nyctalus leisleri,0.011,0.023,-1,Echolocation,/mnt/ubna_data_02_mir/recover-20220922/UBNA_001/20220921_090000.WAV,Telephone Field,recover-20220922,001,1795
200.7285,200.7682,68437,82187,Rhinolophus ferrumequinum,0.021,0.021,-1,Echolocation,/mnt/ubna_data_02_mir/recover-20220922/UBNA_001/20220921_090000.WAV,Telephone Field,recover-20220922,001,1795
200.7695,200.8098,68437,82248,Rhinolophus ferrumequinum,0.023,0.023,-1,Echolocation,/mnt/ubna_data_02_mir/recover-20220922/UBNA_001/20220921_090000.WAV,Telephone Field,recover-20220922,001,1795
200.7845,200.79410000000001,27187,36187,Eptesicus serotinus,0.01,0.022,-1,Echolocation,/mnt/ubna_data_02_mir/recover-20220922/UBNA_001/20220921_090000.WAV,Telephone Field,recover-20220922,001,1795
200.8145,200.8233,28046,39791,Eptesicus serotinus,0.008,0.023,-1,Echolocation,/mnt/ubna_data_02_mir/recover-20220922/UBNA_001/20220921_090000.WAV,Telephone Field,recover-20220922,001,1795
200.8495,200.88909999999998,68437,82589,Rhinolophus ferrumequinum,0.022,0.022,-1,Echolocation,/mnt/ubna_data_02_mir/recover-20220922/UBNA_001/20220921_090000.WAV,Telephone Field,recover-20220922,001,1795
200.8765,200.9172,68437,83038,Rhinolophus ferrumequinum,0.029,0.029,-1,Echolocation,/mnt/ubna_data_02_mir/recover-20220922/UBNA_001/20220921_090000.WAV,Telephone Field,recover-20220922,001,1795
200.8905,200.9306,68437,81891,Rhinolophus ferrumequinum,0.024,0.024,-1,Echolocation,/mnt/ubna_data_02_mir/recover-20220922/UBNA_001/20220921_090000.WAV,Telephone Field,recover-20220922,001,1795
200.9195,200.9556,68437,81299,Rhinolophus ferrumequinum,0.042,0.042,-1,Echolocation,/mnt/ubna_data_02_mir/recover-20220922/UBNA_001/20220921_090000.WAV,Telephone Field,recover-20220922,001,1795
200.9325,200.9694,68437,81555,Rhinolophus ferrumequinum,0.021,0.022,-1,Echolocation,/mnt/ubna_data_02_mir/recover-20220922/UBNA_001/20220921_090000.WAV,Telephone Field,recover-20220922,001,1795
200.9565,200.9664,28906,37306,Eptesicus serotinus,0.013,0.029,-1,Echolocation,/mnt/ubna_data_02_mir/recover-20220922/UBNA_001/20220921_090000.WAV,Telephone Field,recover-20220922,001,1795
200.9805,201.02,68437,82638,Rhinolophus ferrumequinum,0.028,0.028,-1,Echolocation,/mnt/ubna_data_02_mir/recover-20220922/UBNA_001/20220921_090000.WAV,Telephone Field,recover-20220922,001,1795
200.9915,201.0001,28046,38003,Eptesicus serotinus,0.007,0.021,-1,Echolocation,/mnt/ubna_data_02_mir/recover-20220922/UBNA_001/20220921_090000.WAV,Telephone Field,recover-20220922,001,1795
201.0065,201.0462,68437,82206,Rhinolophus ferrumequinum,0.02,0.02,-1,Echolocation,/mnt/ubna_data_02_mir/recover-20220922/UBNA_001/20220921_090000.WAV,Telephone Field,recover-20220922,001,1795
201.0395,201.04840000000002,27187,43042,Eptesicus serotinus,0.011,0.026,-1,Echolocation,/mnt/ubna_data_02_mir/recover-20220922/UBNA_001/20220921_090000.WAV,Telephone Field,recover-20220922,001,1795
201.0595,201.0985,68437,81777,Rhinolophus ferrumequinum,0.021,0.022,-1,Echolocation,/mnt/ubna_data_02_mir/recover-20220922/UBNA_001/20220921_090000.WAV,Telephone Field,recover-20220922,001,1795
201.0655,201.1034,68437,81800,Rhinolophus ferrumequinum,0.022,0.022,-1,Echolocation,/mnt/ubna_data_02_mir/recover-20220922/UBNA_001/20220921_090000.WAV,Telephone Field,recover-20220922,001,1795
201.0785,201.0859,27187,43128,Eptesicus serotinus,0.007,0.023,-1,Echolocation,/mnt/ubna_data_02_mir/recover-20220922/UBNA_001/20220921_090000.WAV,Telephone Field,recover-20220922,001,1795
201.0895,201.1284,68437,82396,Rhinolophus ferrumequinum,0.021,0.021,-1,Echolocation,/mnt/ubna_data_02_mir/recover-20220922/UBNA_001/20220921_090000.WAV,Telephone Field,recover-20220922,001,1795
201.1015,201.1114,24609,31861,Eptesicus serotinus,0.008,0.021,-1,Echolocation,/mnt/ubna_data_02_mir/recover-20220922/UBNA_001/20220921_090000.WAV,Telephone Field,recover-20220922,001,1795
201.1265,201.1633,68437,81327,Rhinolophus ferrumequinum,0.022,0.022,-1,Echolocation,/mnt/ubna_data_02_mir/recover-20220922/UBNA_001/20220921_090000.WAV,Telephone Field,recover-20220922,001,1795
201.1275,201.1344,13437,30458,Plecotus auritus,0.019,0.021,-1,Echolocation,/mnt/ubna_data_02_mir/recover-20220922/UBNA_001/20220921_090000.WAV,Telephone Field,recover-20220922,001,1795
201.1295,201.14,23750,31168,Eptesicus serotinus,0.007,0.021,-1,Echolocation,/mnt/ubna_data_02_mir/recover-20220922/UBNA_001/20220921_090000.WAV,Telephone Field,recover-20220922,001,1795
201.1445,201.1541,28046,37667,Eptesicus serotinus,0.011,0.023,-1,Echolocation,/mnt/ubna_data_02_mir/recover-20220922/UBNA_001/20220921_090000.WAV,Telephone Field,recover-20220922,001,1795
201.1725,201.2178,68437,83287,Rhinolophus ferrumequinum,0.036,0.036,-1,Echolocation,/mnt/ubna_data_02_mir/recover-20220922/UBNA_001/20220921_090000.WAV,Telephone Field,recover-20220922,001,1795
201.1845,201.1924,27187,38876,Eptesicus serotinus,0.008,0.023,-1,Echolocation,/mnt/ubna_data_02_mir/recover-20220922/UBNA_001/20220921_090000.WAV,Telephone Field,recover-20220922,001,1795
201.1875,201.227,68437,82607,Rhinolophus ferrumequinum,0.022,0.022,-1,Echolocation,/mnt/ubna_data_02_mir/recover-20220922/UBNA_001/20220921_090000.WAV,Telephone Field,recover-20220922,001,1795
201.2105,201.2482,68437,81760,Rhinolophus ferrumequinum,0.022,0.022,-1,Echolocation,/mnt/ubna_data_02_mir/recover-20220922/UBNA_001/20220921_090000.WAV,Telephone Field,recover-20220922,001,1795
201.2145,201.2249,23750,31205,Nyctalus leisleri,0.019,0.058,-1,Echolocation,/mnt/ubna_data_02_mir/recover-20220922/UBNA_001/20220921_090000.WAV,Telephone Field,recover-20220922,001,1795
201.2355,201.2481,23750,28530,Nyctalus leisleri,0.013,0.027,-1,Echolocation,/mnt/ubna_data_02_mir/recover-20220922/UBNA_001/20220921_090000.WAV,Telephone Field,recover-20220922,001,1795
201.2615,201.2972,68437,82072,Rhinolophus ferrumequinum,0.022,0.022,-1,Echolocation,/mnt/ubna_data_02_mir/recover-20220922/UBNA_001/20220921_090000.WAV,Telephone Field,recover-20220922,001,1795
201.2805,201.296,22031,25596,Nyctalus leisleri,0.013,0.021,-1,Echolocation,/mnt/ubna_data_02_mir/recover-20220922/UBNA_001/20220921_090000.WAV,Telephone Field,recover-20220922,001,1795
201.2985,201.3066,28906,37866,Eptesicus serotinus,0.009,0.027,-1,Echolocation,/mnt/ubna_data_02_mir/recover-20220922/UBNA_001/20220921_090000.WAV,Telephone Field,recover-20220922,001,1795
201.3155,201.356,68437,82608,Rhinolophus ferrumequinum,0.039,0.039,-1,Echolocation,/mnt/ubna_data_02_mir/recover-20220922/UBNA_001/20220921_090000.WAV,Telephone Field,recover-20220922,001,1795
201.3265,201.3385,32343,36594,Eptesicus serotinus,0.016,0.05,-1,Echolocation,/mnt/ubna_data_02_mir/recover-20220922/UBNA_001/20220921_090000.WAV,Telephone Field,recover-20220922,001,1795
201.3835,201.39339999999999,28046,37624,Eptesicus serotinus,0.012,0.025,-1,Echolocation,/mnt/ubna_data_02_mir/recover-20220922/UBNA_001/20220921_090000.WAV,Telephone Field,recover-20220922,001,1795
201.3855,201.4222,68437,81369,Rhinolophus ferrumequinum,0.02,0.02,-1,Echolocation,/mnt/ubna_data_02_mir/recover-20220922/UBNA_001/20220921_090000.WAV,Telephone Field,recover-20220922,001,1795
201.4095,201.4451,68437,80650,Rhinolophus ferrumequinum,0.021,0.021,-1,Echolocation,/mnt/ubna_data_02_mir/recover-20220922/UBNA_001/20220921_090000.WAV,Telephone Field,recover-20220922,001,1795
201.4295,201.4683,68437,81935,Rhinolophus ferrumequinum,0.022,0.022,-1,Echolocation,/mnt/ubna_data_02_mir/recover-20220922/UBNA_001/20220921_090000.WAV,Telephone Field,recover-20220922,001,1795
201.4485,201.487,68437,82343,Rhinolophus ferrumequinum,0.026,0.026,-1,Echolocation,/mnt/ubna_data_02_mir/recover-20220922/UBNA_001/20220921_090000.WAV,Telephone Field,recover-20220922,001,1795
201.4485,201.4619,15156,20902,Nyctalus noctula,0.015,0.022,-1,Echolocation,/mnt/ubna_data_02_mir/recover-20220922/UBNA_001/20220921_090000.WAV,Telephone Field,recover-20220922,001,1795
201.4655,201.47390000000001,28046,38996,Eptesicus serotinus,0.007,0.021,-1,Echolocation,/mnt/ubna_data_02_mir/recover-20220922/UBNA_001/20220921_090000.WAV,Telephone Field,recover-20220922,001,1795
201.4865,201.5237,68437,81458,Rhinolophus ferrumequinum,0.022,0.022,-1,Echolocation,/mnt/ubna_data_02_mir/recover-20220922/UBNA_001/20220921_090000.WAV,Telephone Field,recover-20220922,001,1795
201.5335,201.5705,68437,81636,Rhinolophus ferrumequinum,0.023,0.023,-1,Echolocation,/mnt/ubna_data_02_mir/recover-20220922/UBNA_001/20220921_090000.WAV,Telephone Field,recover-20220922,001,1795
201.5355,201.5456,22031,28192,Nyctalus leisleri,0.01,0.027,-1,Echolocation,/mnt/ubna_data_02_mir/recover-20220922/UBNA_001/20220921_090000.WAV,Telephone Field,recover-20220922,001,1795
201.5495,201.5893,68437,82245,Rhinolophus ferrumequinum,0.021,0.021,-1,Echolocation,/mnt/ubna_data_02_mir/recover-20220922/UBNA_001/20220921_090000.WAV,Telephone Field,recover-20220922,001,1795
201.5565,201.5969,68437,82560,Rhinolophus ferrumequinum,0.023,0.023,-1,Echolocation,/mnt/ubna_data_02_mir/recover-20220922/UBNA_001/20220921_090000.WAV,Telephone Field,recover-20220922,001,1795
201.5705,201.605,68437,81025,Rhinolophus ferrumequinum,0.021,0.021,-1,Echolocation,/mnt/ubna_data_02_mir/recover-20220922/UBNA_001/20220921_090000.WAV,Telephone Field,recover-20220922,001,1795
201.5885,201.6292,68437,82445,Rhinolophus ferrumequinum,0.027,0.027,-1,Echolocation,/mnt/ubna_data_02_mir/recover-20220922/UBNA_001/20220921_090000.WAV,Telephone Field,recover-20220922,001,1795
201.6145,201.6232,28046,37601,Eptesicus serotinus,0.008,0.024,-1,Echolocation,/mnt/ubna_data_02_mir/recover-20220922/UBNA_001/20220921_090000.WAV,Telephone Field,recover-20220922,001,1795
201.6245,201.6356,25468,30958,Nyctalus leisleri,0.009,0.023,-1,Echolocation,/mnt/ubna_data_02_mir/recover-20220922/UBNA_001/20220921_090000.WAV,Telephone Field,recover-20220922,001,1795
201.6575,201.6962,68437,81368,Rhinolophus ferrumequinum,0.022,0.022,-1,Echolocation,/mnt/ubna_data_02_mir/recover-20220922/UBNA_001/20220921_090000.WAV,Telephone Field,recover-20220922,001,1795
201.6775,201.7144,68437,81874,Rhinolophus ferrumequinum,0.022,0.022,-1,Echolocation,/mnt/ubna_data_02_mir/recover-20220922/UBNA_001/20220921_090000.WAV,Telephone Field,recover-20220922,001,1795
201.6955,201.7374,68437,82786,Rhinolophus ferrumequinum,0.031,0.031,-1,Echolocation,/mnt/ubna_data_02_mir/recover-20220922/UBNA_001/20220921_090000.WAV,Telephone Field,recover-20220922,001,1795
201.7095,201.7507,68437,82919,Rhinolophus ferrumequinum,0.029,0.029,-1,Echolocation,/mnt/ubna_data_02_mir/recover-20220922/UBNA_001/20220921_090000.WAV,Telephone Field,recover-20220922,001,1795
201.7425,201.7809,68437,81666,Rhinolophus ferrumequinum,0.022,0.023,-1,Echolocation,/mnt/ubna_data_02_mir/recover-20220922/UBNA_001/20220921_090000.WAV,Telephone Field,recover-20220922,001,1795
201.7655,201.8038,68437,81986,Rhinolophus ferrumequinum,0.022,0.022,-1,Echolocation,/mnt/ubna_data_02_mir/recover-20220922/UBNA_001/20220921_090000.WAV,Telephone Field,recover-20220922,001,1795
201.7865,201.7957,27187,35320,Eptesicus serotinus,0.007,0.02,-1,Echolocation,/mnt/ubna_data_02_mir/recover-20220922/UBNA_001/20220921_090000.WAV,Telephone Field,recover-20220922,001,1795
201.7985,201.8372,68437,82069,Rhinolophus ferrumequinum,0.021,0.021,-1,Echolocation,/mnt/ubna_data_02_mir/recover-20220922/UBNA_001/20220921_090000.WAV,Telephone Field,recover-20220922,001,1795
201.8355,201.8449,28046,39572,Eptesicus serotinus,0.008,0.021,-1,Echolocation,/mnt/ubna_data_02_mir/recover-20220922/UBNA_001/20220921_090000.WAV,Telephone Field,recover-20220922,001,1795
201.8475,201.8869,68437,82529,Rhinolophus ferrumequinum,0.029,0.029,-1,Echolocation,/mnt/ubna_data_02_mir/recover-20220922/UBNA_001/20220921_090000.WAV,Telephone Field,recover-20220922,001,1795
201.8665,201.9046,68437,81722,Rhinolophus ferrumequinum,0.029,0.029,-1,Echolocation,/mnt/ubna_data_02_mir/recover-20220922/UBNA_001/20220921_090000.WAV,Telephone Field,recover-20220922,001,1795
201.8945,201.9049,25468,33733,Eptesicus serotinus,0.012,0.025,-1,Echolocation,/mnt/ubna_data_02_mir/recover-20220922/UBNA_001/20220921_090000.WAV,Telephone Field,recover-20220922,001,1795
201.9075,201.9151,28046,39468,Eptesicus serotinus,0.006,0.02,-1,Echolocation,/mnt/ubna_data_02_mir/recover-20220922/UBNA_001/20220921_090000.WAV,Telephone Field,recover-20220922,001,1795
201.9095,201.9197,43515,46535,Pipistrellus pipistrellus,0.028,0.032,-1,Echolocation,/mnt/ubna_data_02_mir/recover-20220922/UBNA_001/20220921_090000.WAV,Telephone Field,recover-20220922,001,1795
201.9135,201.9532,68437,82694,Rhinolophus ferrumequinum,0.029,0.029,-1,Echolocation,/mnt/ubna_data_02_mir/recover-20220922/UBNA_001/20220921_090000.WAV,Telephone Field,recover-20220922,001,1795
201.9205,201.9309,40078,44603,Pipistrellus nathusii,0.01,0.02,-1,Echolocation,/mnt/ubna_data_02_mir/recover-20220922/UBNA_001/20220921_090000.WAV,Telephone Field,recover-20220922,001,1795
201.9375,201.9744,68437,81571,Rhinolophus ferrumequinum,0.02,0.02,-1,Echolocation,/mnt/ubna_data_02_mir/recover-20220922/UBNA_001/20220921_090000.WAV,Telephone Field,recover-20220922,001,1795
201.9625,201.97129999999999,27187,36427,Eptesicus serotinus,0.058,0.092,-1,Echolocation,/mnt/ubna_data_02_mir/recover-20220922/UBNA_001/20220921_090000.WAV,Telephone Field,recover-20220922,001,1795
202.0015,202.0112,34062,40742,Barbastellus barbastellus,0.009,0.027,-1,Echolocation,/mnt/ubna_data_02_mir/recover-20220922/UBNA_001/20220921_090000.WAV,Telephone Field,recover-20220922,001,1795
202.0015,202.0337,69296,81590,Rhinolophus ferrumequinum,0.034,0.034,-1,Echolocation,/mnt/ubna_data_02_mir/recover-20220922/UBNA_001/20220921_090000.WAV,Telephone Field,recover-20220922,001,1795
202.0015,202.0092,22031,29798,Plecotus austriacus,0.009,0.029,-1,Echolocation,/mnt/ubna_data_02_mir/recover-20220922/UBNA_001/20220921_090000.WAV,Telephone Field,recover-20220922,001,1795
202.0135,202.0547,68437,83127,Rhinolophus ferrumequinum,0.022,0.022,-1,Echolocation,/mnt/ubna_data_02_mir/recover-20220922/UBNA_001/20220921_090000.WAV,Telephone Field,recover-20220922,001,1795
202.0265,202.0363,28046,35835,Eptesicus serotinus,0.01,0.023,-1,Echolocation,/mnt/ubna_data_02_mir/recover-20220922/UBNA_001/20220921_090000.WAV,Telephone Field,recover-20220922,001,1795
202.0405,202.0488,23750,32388,Plecotus austriacus,0.011,0.032,-1,Echolocation,/mnt/ubna_data_02_mir/recover-20220922/UBNA_001/20220921_090000.WAV,Telephone Field,recover-20220922,001,1795
202.0675,202.0749,28046,37677,Eptesicus serotinus,0.009,0.029,-1,Echolocation,/mnt/ubna_data_02_mir/recover-20220922/UBNA_001/20220921_090000.WAV,Telephone Field,recover-20220922,001,1795
202.0875,202.127,68437,82437,Rhinolophus ferrumequinum,0.022,0.022,-1,Echolocation,/mnt/ubna_data_02_mir/recover-20220922/UBNA_001/20220921_090000.WAV,Telephone Field,recover-20220922,001,1795
202.1155,202.1232,23750,32969,Plecotus austriacus,0.009,0.024,-1,Echolocation,/mnt/ubna_data_02_mir/recover-20220922/UBNA_001/20220921_090000.WAV,Telephone Field,recover-20220922,001,1795
202.1575,202.1977,68437,82903,Rhinolophus ferrumequinum,0.024,0.024,-1,Echolocation,/mnt/ubna_data_02_mir/recover-20220922/UBNA_001/20220921_090000.WAV,Telephone Field,recover-20220922,001,1795
202.2485,202.2608,35781,42130,Pipistrellus nathusii,0.007,0.026,-1,Echolocation,/mnt/ubna_data_02_mir/recover-20220922/UBNA_001/20220921_090000.WAV,Telephone Field,recover-20220922,001,1795
202.2605,202.299,68437,82069,Rhinolophus ferrumequinum,0.023,0.023,-1,Echolocation,/mnt/ubna_data_02_mir/recover-20220922/UBNA_001/20220921_090000.WAV,Telephone Field,recover-20220922,001,1795
202.2705,202.2832,22031,25508,Nyctalus leisleri,0.017,0.027,-1,Echolocation,/mnt/ubna_data_02_mir/recover-20220922/UBNA_001/20220921_090000.WAV,Telephone Field,recover-20220922,001,1795
202.3155,202.3253,28906,36680,Eptesicus serotinus,0.01,0.023,-1,Echolocation,/mnt/ubna_data_02_mir/recover-20220922/UBNA_001/20220921_090000.WAV,Telephone Field,recover-20220922,001,1795
202.3385,202.3796,68437,82717,Rhinolophus ferrumequinum,0.028,0.028,-1,Echolocation,/mnt/ubna_data_02_mir/recover-20220922/UBNA_001/20220921_090000.WAV,Telephone Field,recover-20220922,001,1795
202.3955,202.4019,27187,37745,Eptesicus serotinus,0.013,0.045,-1,Echolocation,/mnt/ubna_data_02_mir/recover-20220922/UBNA_001/20220921_090000.WAV,Telephone Field,recover-20220922,001,1795
202.4025,202.4458,68437,83430,Rhinolophus ferrumequinum,0.04,0.04,-1,Echolocation,/mnt/ubna_data_02_mir/recover-20220922/UBNA_001/20220921_090000.WAV,Telephone Field,recover-20220922,001,1795
202.4305,202.4405,22031,27006,Nyctalus leisleri,0.01,0.022,-1,Echolocation,/mnt/ubna_data_02_mir/recover-20220922/UBNA_001/20220921_090000.WAV,Telephone Field,recover-20220922,001,1795
202.4395,202.4799,68437,82344,Rhinolophus ferrumequinum,0.023,0.023,-1,Echolocation,/mnt/ubna_data_02_mir/recover-20220922/UBNA_001/20220921_090000.WAV,Telephone Field,recover-20220922,001,1795
202.47050000000002,202.4776,28906,39137,Eptesicus serotinus,0.013,0.039,-1,Echolocation,/mnt/ubna_data_02_mir/recover-20220922/UBNA_001/20220921_090000.WAV,Telephone Field,recover-20220922,001,1795
202.4795,202.5182,68437,82426,Rhinolophus ferrumequinum,0.022,0.022,-1,Echolocation,/mnt/ubna_data_02_mir/recover-20220922/UBNA_001/20220921_090000.WAV,Telephone Field,recover-20220922,001,1795
202.4955,202.5025,24609,33811,Plecotus austriacus,0.009,0.026,-1,Echolocation,/mnt/ubna_data_02_mir/recover-20220922/UBNA_001/20220921_090000.WAV,Telephone Field,recover-20220922,001,1795
202.51749999999998,202.5278,22890,28469,Nyctalus leisleri,0.011,0.025,-1,Echolocation,/mnt/ubna_data_02_mir/recover-20220922/UBNA_001/20220921_090000.WAV,Telephone Field,recover-20220922,001,1795
202.5325,202.568,68437,81156,Rhinolophus ferrumequinum,0.023,0.023,-1,Echolocation,/mnt/ubna_data_02_mir/recover-20220922/UBNA_001/20220921_090000.WAV,Telephone Field,recover-20220922,001,1795
202.5645,202.6002,68437,80879,Rhinolophus ferrumequinum,0.023,0.023,-1,Echolocation,/mnt/ubna_data_02_mir/recover-20220922/UBNA_001/20220921_090000.WAV,Telephone Field,recover-20220922,001,1795
202.5795,202.6196,68437,81682,Rhinolophus ferrumequinum,0.024,0.024,-1,Echolocation,/mnt/ubna_data_02_mir/recover-20220922/UBNA_001/20220921_090000.WAV,Telephone Field,recover-20220922,001,1795
202.5855,202.62630000000001,68437,83082,Rhinolophus ferrumequinum,0.024,0.024,-1,Echolocation,/mnt/ubna_data_02_mir/recover-20220922/UBNA_001/20220921_090000.WAV,Telephone Field,recover-20220922,001,1795
202.6765,202.7125,68437,80736,Rhinolophus ferrumequinum,0.023,0.023,-1,Echolocation,/mnt/ubna_data_02_mir/recover-20220922/UBNA_001/20220921_090000.WAV,Telephone Field,recover-20220922,001,1795
202.6805,202.6913,28906,35639,Eptesicus serotinus,0.017,0.033,-1,Echolocation,/mnt/ubna_data_02_mir/recover-20220922/UBNA_001/20220921_090000.WAV,Telephone Field,recover-20220922,001,1795
202.8155,202.855,68437,82450,Rhinolophus ferrumequinum,0.023,0.023,-1,Echolocation,/mnt/ubna_data_02_mir/recover-20220922/UBNA_001/20220921_090000.WAV,Telephone Field,recover-20220922,001,1795
202.8345,202.8423,28906,40057,Eptesicus serotinus,0.007,0.022,-1,Echolocation,/mnt/ubna_data_02_mir/recover-20220922/UBNA_001/20220921_090000.WAV,Telephone Field,recover-20220922,001,1795
202.8465,202.8886,68437,82370,Rhinolophus ferrumequinum,0.023,0.023,-1,Echolocation,/mnt/ubna_data_02_mir/recover-20220922/UBNA_001/20220921_090000.WAV,Telephone Field,recover-20220922,001,1795
202.8725,202.8804,28046,41406,Eptesicus serotinus,0.008,0.022,-1,Echolocation,/mnt/ubna_data_02_mir/recover-20220922/UBNA_001/20220921_090000.WAV,Telephone Field,recover-20220922,001,1795
202.8815,202.92419999999998,68437,82976,Rhinolophus ferrumequinum,0.05,0.05,-1,Echolocation,/mnt/ubna_data_02_mir/recover-20220922/UBNA_001/20220921_090000.WAV,Telephone Field,recover-20220922,001,1795
202.9055,202.9458,68437,82768,Rhinolophus ferrumequinum,0.022,0.022,-1,Echolocation,/mnt/ubna_data_02_mir/recover-20220922/UBNA_001/20220921_090000.WAV,Telephone Field,recover-20220922,001,1795
202.9065,202.9166,28906,37053,Eptesicus serotinus,0.011,0.025,-1,Echolocation,/mnt/ubna_data_02_mir/recover-20220922/UBNA_001/20220921_090000.WAV,Telephone Field,recover-20220922,001,1795
202.9515,202.9627,28906,36300,Eptesicus serotinus,0.012,0.027,-1,Echolocation,/mnt/ubna_data_02_mir/recover-20220922/UBNA_001/20220921_090000.WAV,Telephone Field,recover-20220922,001,1795
202.9715,202.9792,28046,40370,Eptesicus serotinus,0.007,0.023,-1,Echolocation,/mnt/ubna_data_02_mir/recover-20220922/UBNA_001/20220921_090000.WAV,Telephone Field,recover-20220922,001,1795
202.9975,203.0345,68437,81555,Rhinolophus ferrumequinum,0.024,0.024,-1,Echolocation,/mnt/ubna_data_02_mir/recover-20220922/UBNA_001/20220921_090000.WAV,Telephone Field,recover-20220922,001,1795
203.0225,203.0601,68437,81833,Rhinolophus ferrumequinum,0.022,0.022,-1,Echolocation,/mnt/ubna_data_02_mir/recover-20220922/UBNA_001/20220921_090000.WAV,Telephone Field,recover-20220922,001,1795
203.0365,203.0455,27187,36795,Eptesicus serotinus,0.01,0.026,-1,Echolocation,/mnt/ubna_data_02_mir/recover-20220922/UBNA_001/20220921_090000.WAV,Telephone Field,recover-20220922,001,1795
203.1265,203.16649999999998,68437,82647,Rhinolophus ferrumequinum,0.027,0.027,-1,Echolocation,/mnt/ubna_data_02_mir/recover-20220922/UBNA_001/20220921_090000.WAV,Telephone Field,recover-20220922,001,1795
203.1305,203.1408,28046,38719,Eptesicus serotinus,0.011,0.025,-1,Echolocation,/mnt/ubna_data_02_mir/recover-20220922/UBNA_001/20220921_090000.WAV,Telephone Field,recover-20220922,001,1795
203.1415,203.151,27187,36121,Eptesicus serotinus,0.014,0.031,-1,Echolocation,/mnt/ubna_data_02_mir/recover-20220922/UBNA_001/20220921_090000.WAV,Telephone Field,recover-20220922,001,1795
203.1685,203.2137,68437,83778,Rhinolophus ferrumequinum,0.031,0.031,-1,Echolocation,/mnt/ubna_data_02_mir/recover-20220922/UBNA_001/20220921_090000.WAV,Telephone Field,recover-20220922,001,1795
203.1715,203.1812,28046,36453,Eptesicus serotinus,0.01,0.023,-1,Echolocation,/mnt/ubna_data_02_mir/recover-20220922/UBNA_001/20220921_090000.WAV,Telephone Field,recover-20220922,001,1795
203.2175,203.2261,28906,38282,Eptesicus serotinus,0.008,0.023,-1,Echolocation,/mnt/ubna_data_02_mir/recover-20220922/UBNA_001/20220921_090000.WAV,Telephone Field,recover-20220922,001,1795
203.2375,203.2756,68437,82499,Rhinolophus ferrumequinum,0.023,0.023,-1,Echolocation,/mnt/ubna_data_02_mir/recover-20220922/UBNA_001/20220921_090000.WAV,Telephone Field,recover-20220922,001,1795
203.2515,203.2927,68437,82599,Rhinolophus ferrumequinum,0.024,0.024,-1,Echolocation,/mnt/ubna_data_02_mir/recover-20220922/UBNA_001/20220921_090000.WAV,Telephone Field,recover-20220922,001,1795
203.2995,203.337,68437,82254,Rhinolophus ferrumequinum,0.022,0.022,-1,Echolocation,/mnt/ubna_data_02_mir/recover-20220922/UBNA_001/20220921_090000.WAV,Telephone Field,recover-20220922,001,1795
203.3495,203.3882,68437,82715,Rhinolophus ferrumequinum,0.026,0.026,-1,Echolocation,/mnt/ubna_data_02_mir/recover-20220922/UBNA_001/20220921_090000.WAV,Telephone Field,recover-20220922,001,1795
203.3825,203.3967,22031,25672,Nyctalus leisleri,0.018,0.03,-1,Echolocation,/mnt/ubna_data_02_mir/recover-20220922/UBNA_001/20220921_090000.WAV,Telephone Field,recover-20220922,001,1795
203.3865,203.4264,68437,82456,Rhinolophus ferrumequinum,0.024,0.024,-1,Echolocation,/mnt/ubna_data_02_mir/recover-20220922/UBNA_001/20220921_090000.WAV,Telephone Field,recover-20220922,001,1795
203.4475,203.4568,23750,30220,Nyctalus leisleri,0.009,0.024,-1,Echolocation,/mnt/ubna_data_02_mir/recover-20220922/UBNA_001/20220921_090000.WAV,Telephone Field,recover-20220922,001,1795
203.4565,203.4961,68437,82659,Rhinolophus ferrumequinum,0.024,0.024,-1,Echolocation,/mnt/ubna_data_02_mir/recover-20220922/UBNA_001/20220921_090000.WAV,Telephone Field,recover-20220922,001,1795
203.4995,203.5384,68437,82328,Rhinolophus ferrumequinum,0.022,0.022,-1,Echolocation,/mnt/ubna_data_02_mir/recover-20220922/UBNA_001/20220921_090000.WAV,Telephone Field,recover-20220922,001,1795
203.5575,203.5942,68437,80612,Rhinolophus ferrumequinum,0.025,0.025,-1,Echolocation,/mnt/ubna_data_02_mir/recover-20220922/UBNA_001/20220921_090000.WAV,Telephone Field,recover-20220922,001,1795
203.6335,203.671,68437,82347,Rhinolophus ferrumequinum,0.027,0.027,-1,Echolocation,/mnt/ubna_data_02_mir/recover-20220922/UBNA_001/20220921_090000.WAV,Telephone Field,recover-20220922,001,1795
203.6445,203.68540000000002,68437,82904,Rhinolophus ferrumequinum,0.025,0.025,-1,Echolocation,/mnt/ubna_data_02_mir/recover-20220922/UBNA_001/20220921_090000.WAV,Telephone Field,recover-20220922,001,1795
203.7025,203.74360000000001,68437,82614,Rhinolophus ferrumequinum,0.025,0.025,-1,Echolocation,/mnt/ubna_data_02_mir/recover-20220922/UBNA_001/20220921_090000.WAV,Telephone Field,recover-20220922,001,1795
203.7055,203.714,28046,39421,Eptesicus serotinus,0.01,0.027,-1,Echolocation,/mnt/ubna_data_02_mir/recover-20220922/UBNA_001/20220921_090000.WAV,Telephone Field,recover-20220922,001,1795
203.7175,203.7574,68437,82542,Rhinolophus ferrumequinum,0.026,0.026,-1,Echolocation,/mnt/ubna_data_02_mir/recover-20220922/UBNA_001/20220921_090000.WAV,Telephone Field,recover-20220922,001,1795
203.7405,203.7774,68437,81505,Rhinolophus ferrumequinum,0.024,0.024,-1,Echolocation,/mnt/ubna_data_02_mir/recover-20220922/UBNA_001/20220921_090000.WAV,Telephone Field,recover-20220922,001,1795
203.80349999999999,203.8218,21171,24314,Nyctalus leisleri,0.017,0.028,-1,Echolocation,/mnt/ubna_data_02_mir/recover-20220922/UBNA_001/20220921_090000.WAV,Telephone Field,recover-20220922,001,1795
203.8735,203.9109,68437,82236,Rhinolophus ferrumequinum,0.023,0.023,-1,Echolocation,/mnt/ubna_data_02_mir/recover-20220922/UBNA_001/20220921_090000.WAV,Telephone Field,recover-20220922,001,1795
203.8995,203.9384,68437,82235,Rhinolophus ferrumequinum,0.022,0.022,-1,Echolocation,/mnt/ubna_data_02_mir/recover-20220922/UBNA_001/20220921_090000.WAV,Telephone Field,recover-20220922,001,1795
203.9115,203.91989999999998,28906,40640,Eptesicus serotinus,0.008,0.022,-1,Echolocation,/mnt/ubna_data_02_mir/recover-20220922/UBNA_001/20220921_090000.WAV,Telephone Field,recover-20220922,001,1795
203.9345,203.9432,25468,36645,Eptesicus serotinus,0.009,0.022,-1,Echolocation,/mnt/ubna_data_02_mir/recover-20220922/UBNA_001/20220921_090000.WAV,Telephone Field,recover-20220922,001,1795
203.9445,203.9515,24609,35399,Plecotus austriacus,0.012,0.034,-1,Echolocation,/mnt/ubna_data_02_mir/recover-20220922/UBNA_001/20220921_090000.WAV,Telephone Field,recover-20220922,001,1795
203.9515,203.9905,68437,82346,Rhinolophus ferrumequinum,0.023,0.023,-1,Echolocation,/mnt/ubna_data_02_mir/recover-20220922/UBNA_001/20220921_090000.WAV,Telephone Field,recover-20220922,001,1795
204.0015,204.0084,24609,34449,Plecotus austriacus,0.006,0.028,-1,Echolocation,/mnt/ubna_data_02_mir/recover-20220922/UBNA_001/20220921_090000.WAV,Telephone Field,recover-20220922,001,1795
204.0015,204.0096,34921,42298,Myotis daubentonii,0.005,0.022,-1,Echolocation,/mnt/ubna_data_02_mir/recover-20220922/UBNA_001/20220921_090000.WAV,Telephone Field,recover-20220922,001,1795
204.0015,204.0102,29765,39267,Myotis daubentonii,0.007,0.025,-1,Echolocation,/mnt/ubna_data_02_mir/recover-20220922/UBNA_001/20220921_090000.WAV,Telephone Field,recover-20220922,001,1795
204.0015,204.0365,68437,80509,Rhinolophus ferrumequinum,0.036,0.036,-1,Echolocation,/mnt/ubna_data_02_mir/recover-20220922/UBNA_001/20220921_090000.WAV,Telephone Field,recover-20220922,001,1795
204.0165,204.025,56406,61589,Pipistrellus pygmaeus,0.026,0.026,-1,Echolocation,/mnt/ubna_data_02_mir/recover-20220922/UBNA_001/20220921_090000.WAV,Telephone Field,recover-20220922,001,1795
204.08350000000002,204.0903,24609,39552,Plecotus austriacus,0.006,0.025,-1,Echolocation,/mnt/ubna_data_02_mir/recover-20220922/UBNA_001/20220921_090000.WAV,Telephone Field,recover-20220922,001,1795
204.08350000000002,204.1247,68437,82085,Rhinolophus ferrumequinum,0.022,0.022,-1,Echolocation,/mnt/ubna_data_02_mir/recover-20220922/UBNA_001/20220921_090000.WAV,Telephone Field,recover-20220922,001,1795
204.08350000000002,204.0894,32343,45249,Myotis daubentonii,0.01,0.024,-1,Echolocation,/mnt/ubna_data_02_mir/recover-20220922/UBNA_001/20220921_090000.WAV,Telephone Field,recover-20220922,001,1795
204.0915,204.1335,68437,82975,Rhinolophus ferrumequinum,0.023,0.023,-1,Echolocation,/mnt/ubna_data_02_mir/recover-20220922/UBNA_001/20220921_090000.WAV,Telephone Field,recover-20220922,001,1795
204.10750000000002,204.1184,22031,26573,Nyctalus leisleri,0.012,0.022,-1,Echolocation,/mnt/ubna_data_02_mir/recover-20220922/UBNA_001/20220921_090000.WAV,Telephone Field,recover-20220922,001,1795
204.1515,204.1911,68437,81582,Rhinolophus ferrumequinum,0.024,0.024,-1,Echolocation,/mnt/ubna_data_02_mir/recover-20220922/UBNA_001/20220921_090000.WAV,Telephone Field,recover-20220922,001,1795
204.1805,204.2185,68437,82160,Rhinolophus ferrumequinum,0.022,0.022,-1,Echolocation,/mnt/ubna_data_02_mir/recover-20220922/UBNA_001/20220921_090000.WAV,Telephone Field,recover-20220922,001,1795
204.1925,204.234,68437,82083,Rhinolophus ferrumequinum,0.024,0.024,-1,Echolocation,/mnt/ubna_data_02_mir/recover-20220922/UBNA_001/20220921_090000.WAV,Telephone Field,recover-20220922,001,1795
204.1995,204.2076,28046,36133,Eptesicus serotinus,0.035,0.068,-1,Echolocation,/mnt/ubna_data_02_mir/recover-20220922/UBNA_001/20220921_090000.WAV,Telephone Field,recover-20220922,001,1795
204.2045,204.245,68437,82906,Rhinolophus ferrumequinum,0.022,0.022,-1,Echolocation,/mnt/ubna_data_02_mir/recover-20220922/UBNA_001/20220921_090000.WAV,Telephone Field,recover-20220922,001,1795
204.2145,204.2559,68437,82958,Rhinolophus ferrumequinum,0.024,0.024,-1,Echolocation,/mnt/ubna_data_02_mir/recover-20220922/UBNA_001/20220921_090000.WAV,Telephone Field,recover-20220922,001,1795
204.2515,204.2623,23750,29662,Nyctalus leisleri,0.011,0.025,-1,Echolocation,/mnt/ubna_data_02_mir/recover-20220922/UBNA_001/20220921_090000.WAV,Telephone Field,recover-20220922,001,1795
204.2605,204.2796,20312,23260,Nyctalus leisleri,0.014,0.022,-1,Echolocation,/mnt/ubna_data_02_mir/recover-20220922/UBNA_001/20220921_090000.WAV,Telephone Field,recover-20220922,001,1795
204.2655,204.3057,68437,82109,Rhinolophus ferrumequinum,0.022,0.023,-1,Echolocation,/mnt/ubna_data_02_mir/recover-20220922/UBNA_001/20220921_090000.WAV,Telephone Field,recover-20220922,001,1795
204.3715,204.3924,20312,23448,Nyctalus leisleri,0.018,0.032,-1,Echolocation,/mnt/ubna_data_02_mir/recover-20220922/UBNA_001/20220921_090000.WAV,Telephone Field,recover-20220922,001,1795
204.3715,204.3831,38359,42834,Pipistrellus nathusii,0.027,0.038,-1,Echolocation,/mnt/ubna_data_02_mir/recover-20220922/UBNA_001/20220921_090000.WAV,Telephone Field,recover-20220922,001,1795
204.4015,204.4421,68437,83289,Rhinolophus ferrumequinum,0.033,0.033,-1,Echolocation,/mnt/ubna_data_02_mir/recover-20220922/UBNA_001/20220921_090000.WAV,Telephone Field,recover-20220922,001,1795
204.4085,204.4171,28906,37295,Eptesicus serotinus,0.007,0.022,-1,Echolocation,/mnt/ubna_data_02_mir/recover-20220922/UBNA_001/20220921_090000.WAV,Telephone Field,recover-20220922,001,1795
204.4265,204.4661,68437,82389,Rhinolophus ferrumequinum,0.025,0.025,-1,Echolocation,/mnt/ubna_data_02_mir/recover-20220922/UBNA_001/20220921_090000.WAV,Telephone Field,recover-20220922,001,1795
204.4545,204.463,27187,37096,Eptesicus serotinus,0.009,0.022,-1,Echolocation,/mnt/ubna_data_02_mir/recover-20220922/UBNA_001/20220921_090000.WAV,Telephone Field,recover-20220922,001,1795
204.4645,204.5024,68437,81895,Rhinolophus ferrumequinum,0.023,0.023,-1,Echolocation,/mnt/ubna_data_02_mir/recover-20220922/UBNA_001/20220921_090000.WAV,Telephone Field,recover-20220922,001,1795
204.4785,204.5185,68437,82119,Rhinolophus ferrumequinum,0.024,0.024,-1,Echolocation,/mnt/ubna_data_02_mir/recover-20220922/UBNA_001/20220921_090000.WAV,Telephone Field,recover-20220922,001,1795
204.5185,204.5273,25468,33881,Eptesicus serotinus,0.009,0.023,-1,Echolocation,/mnt/ubna_data_02_mir/recover-20220922/UBNA_001/20220921_090000.WAV,Telephone Field,recover-20220922,001,1795
204.54149999999998,204.5516,28046,37089,Eptesicus serotinus,0.01,0.026,-1,Echolocation,/mnt/ubna_data_02_mir/recover-20220922/UBNA_001/20220921_090000.WAV,Telephone Field,recover-20220922,001,1795
204.5775,204.6182,68437,82845,Rhinolophus ferrumequinum,0.024,0.024,-1,Echolocation,/mnt/ubna_data_02_mir/recover-20220922/UBNA_001/20220921_090000.WAV,Telephone Field,recover-20220922,001,1795
204.5905,204.6305,68437,82066,Rhinolophus ferrumequinum,0.022,0.022,-1,Echolocation,/mnt/ubna_data_02_mir/recover-20220922/UBNA_001/20220921_090000.WAV,Telephone Field,recover-20220922,001,1795
204.5935,204.6028,41796,44655,Pipistrellus pipistrellus,0.023,0.027,-1,Echolocation,/mnt/ubna_data_02_mir/recover-20220922/UBNA_001/20220921_090000.WAV,Telephone Field,recover-20220922,001,1795
204.5965,204.6368,68437,82137,Rhinolophus ferrumequinum,0.022,0.022,-1,Echolocation,/mnt/ubna_data_02_mir/recover-20220922/UBNA_001/20220921_090000.WAV,Telephone Field,recover-20220922,001,1795
204.6285,204.668,68437,82298,Rhinolophus ferrumequinum,0.022,0.023,-1,Echolocation,/mnt/ubna_data_02_mir/recover-20220922/UBNA_001/20220921_090000.WAV,Telephone Field,recover-20220922,001,1795
204.6735,204.6901,14296,18940,Nyctalus noctula,0.017,0.026,-1,Echolocation,/mnt/ubna_data_02_mir/recover-20220922/UBNA_001/20220921_090000.WAV,Telephone Field,recover-20220922,001,1795
204.6795,204.6882,28046,37171,Eptesicus serotinus,0.008,0.023,-1,Echolocation,/mnt/ubna_data_02_mir/recover-20220922/UBNA_001/20220921_090000.WAV,Telephone Field,recover-20220922,001,1795
204.6895,204.7283,68437,81816,Rhinolophus ferrumequinum,0.024,0.024,-1,Echolocation,/mnt/ubna_data_02_mir/recover-20220922/UBNA_001/20220921_090000.WAV,Telephone Field,recover-20220922,001,1795
204.7435,204.7809,68437,81555,Rhinolophus ferrumequinum,0.027,0.027,-1,Echolocation,/mnt/ubna_data_02_mir/recover-20220922/UBNA_001/20220921_090000.WAV,Telephone Field,recover-20220922,001,1795
204.7745,204.8141,68437,82407,Rhinolophus ferrumequinum,0.028,0.028,-1,Echolocation,/mnt/ubna_data_02_mir/recover-20220922/UBNA_001/20220921_090000.WAV,Telephone Field,recover-20220922,001,1795
204.7975,204.8057,28046,39353,Eptesicus serotinus,0.008,0.021,-1,Echolocation,/mnt/ubna_data_02_mir/recover-20220922/UBNA_001/20220921_090000.WAV,Telephone Field,recover-20220922,001,1795
204.8175,204.8584,68437,82583,Rhinolophus ferrumequinum,0.029,0.029,-1,Echolocation,/mnt/ubna_data_02_mir/recover-20220922/UBNA_001/20220921_090000.WAV,Telephone Field,recover-20220922,001,1795
204.8735,204.8842,28906,36277,Eptesicus serotinus,0.012,0.026,-1,Echolocation,/mnt/ubna_data_02_mir/recover-20220922/UBNA_001/20220921_090000.WAV,Telephone Field,recover-20220922,001,1795
204.8815,204.8916,25468,32151,Eptesicus serotinus,0.011,0.028,-1,Echolocation,/mnt/ubna_data_02_mir/recover-20220922/UBNA_001/20220921_090000.WAV,Telephone Field,recover-20220922,001,1795
204.8825,204.9194,68437,81892,Rhinolophus ferrumequinum,0.022,0.022,-1,Echolocation,/mnt/ubna_data_02_mir/recover-20220922/UBNA_001/20220921_090000.WAV,Telephone Field,recover-20220922,001,1795
204.9295,204.9679,68437,81926,Rhinolophus ferrumequinum,0.022,0.022,-1,Echolocation,/mnt/ubna_data_02_mir/recover-20220922/UBNA_001/20220921_090000.WAV,Telephone Field,recover-20220922,001,1795
204.9415,204.983,68437,82678,Rhinolophus ferrumequinum,0.03,0.03,-1,Echolocation,/mnt/ubna_data_02_mir/recover-20220922/UBNA_001/20220921_090000.WAV,Telephone Field,recover-20220922,001,1795
204.9595,205.0017,68437,82921,Rhinolophus ferrumequinum,0.03,0.03,-1,Echolocation,/mnt/ubna_data_02_mir/recover-20220922/UBNA_001/20220921_090000.WAV,Telephone Field,recover-20220922,001,1795
204.9875,205.0073,17734,20600,Nyctalus noctula,0.011,0.022,-1,Echolocation,/mnt/ubna_data_02_mir/recover-20220922/UBNA_001/20220921_090000.WAV,Telephone Field,recover-20220922,001,1795
205.0315,205.0708,68437,82372,Rhinolophus ferrumequinum,0.027,0.027,-1,Echolocation,/mnt/ubna_data_02_mir/recover-20220922/UBNA_001/20220921_090000.WAV,Telephone Field,recover-20220922,001,1795
205.0695,205.0793,25468,32794,Eptesicus serotinus,0.009,0.022,-1,Echolocation,/mnt/ubna_data_02_mir/recover-20220922/UBNA_001/20220921_090000.WAV,Telephone Field,recover-20220922,001,1795
205.0755,205.1102,68437,81393,Rhinolophus ferrumequinum,0.024,0.024,-1,Echolocation,/mnt/ubna_data_02_mir/recover-20220922/UBNA_001/20220921_090000.WAV,Telephone Field,recover-20220922,001,1795
205.0935,205.1016,22890,29723,Plecotus austriacus,0.009,0.022,-1,Echolocation,/mnt/ubna_data_02_mir/recover-20220922/UBNA_001/20220921_090000.WAV,Telephone Field,recover-20220922,001,1795
205.1115,205.11939999999998,50390,55287,Pipistrellus pipistrellus,0.03,0.033,-1,Echolocation,/mnt/ubna_data_02_mir/recover-20220922/UBNA_001/20220921_090000.WAV,Telephone Field,recover-20220922,001,1795
205.1475,205.1868,68437,82548,Rhinolophus ferrumequinum,0.022,0.022,-1,Echolocation,/mnt/ubna_data_02_mir/recover-20220922/UBNA_001/20220921_090000.WAV,Telephone Field,recover-20220922,001,1795
205.1595,205.1987,68437,82466,Rhinolophus ferrumequinum,0.022,0.022,-1,Echolocation,/mnt/ubna_data_02_mir/recover-20220922/UBNA_001/20220921_090000.WAV,Telephone Field,recover-20220922,001,1795
205.1655,205.2027,68437,82418,Rhinolophus ferrumequinum,0.022,0.022,-1,Echolocation,/mnt/ubna_data_02_mir/recover-20220922/UBNA_001/20220921_090000.WAV,Telephone Field,recover-20220922,001,1795
205.1915,205.226,68437,81117,Rhinolophus ferrumequinum,0.021,0.022,-1,Echolocation,/mnt/ubna_data_02_mir/recover-20220922/UBNA_001/20220921_090000.WAV,Telephone Field,recover-20220922,001,1795
205.2105,205.2458,68437,81833,Rhinolophus ferrumequinum,0.022,0.022,-1,Echolocation,/mnt/ubna_data_02_mir/recover-20220922/UBNA_001/20220921_090000.WAV,Telephone Field,recover-20220922,001,1795
205.2655,205.2756,22890,27985,Nyctalus leisleri,0.011,0.024,-1,Echolocation,/mnt/ubna_data_02_mir/recover-20220922/UBNA_001/20220921_090000.WAV,Telephone Field,recover-20220922,001,1795
205.3045,205.3453,68437,82948,Rhinolophus ferrumequinum,0.024,0.024,-1,Echolocation,/mnt/ubna_data_02_mir/recover-20220922/UBNA_001/20220921_090000.WAV,Telephone Field,recover-20220922,001,1795
205.3375,205.38060000000002,68437,82794,Rhinolophus ferrumequinum,0.027,0.027,-1,Echolocation,/mnt/ubna_data_02_mir/recover-20220922/UBNA_001/20220921_090000.WAV,Telephone Field,recover-20220922,001,1795
205.3425,205.3545,28906,34656,Eptesicus serotinus,0.015,0.027,-1,Echolocation,/mnt/ubna_data_02_mir/recover-20220922/UBNA_001/20220921_090000.WAV,Telephone Field,recover-20220922,001,1795
205.3645,205.4004,68437,81426,Rhinolophus ferrumequinum,0.024,0.024,-1,Echolocation,/mnt/ubna_data_02_mir/recover-20220922/UBNA_001/20220921_090000.WAV,Telephone Field,recover-20220922,001,1795
205.3855,205.4247,68437,82152,Rhinolophus ferrumequinum,0.03,0.03,-1,Echolocation,/mnt/ubna_data_02_mir/recover-20220922/UBNA_001/20220921_090000.WAV,Telephone Field,recover-20220922,001,1795
205.3955,205.4039,25468,34072,Eptesicus serotinus,0.007,0.022,-1,Echolocation,/mnt/ubna_data_02_mir/recover-20220922/UBNA_001/20220921_090000.WAV,Telephone Field,recover-20220922,001,1795
205.4095,205.44819999999999,68437,82022,Rhinolophus ferrumequinum,0.023,0.023,-1,Echolocation,/mnt/ubna_data_02_mir/recover-20220922/UBNA_001/20220921_090000.WAV,Telephone Field,recover-20220922,001,1795
205.4415,205.45080000000002,24609,31825,Eptesicus serotinus,0.007,0.022,-1,Echolocation,/mnt/ubna_data_02_mir/recover-20220922/UBNA_001/20220921_090000.WAV,Telephone Field,recover-20220922,001,1795
205.5255,205.563,68437,81451,Rhinolophus ferrumequinum,0.022,0.022,-1,Echolocation,/mnt/ubna_data_02_mir/recover-20220922/UBNA_001/20220921_090000.WAV,Telephone Field,recover-20220922,001,1795
205.5435,205.5619,18593,22162,Nyctalus noctula,0.012,0.024,-1,Echolocation,/mnt/ubna_data_02_mir/recover-20220922/UBNA_001/20220921_090000.WAV,Telephone Field,recover-20220922,001,1795
205.5455,205.5805,68437,81433,Rhinolophus ferrumequinum,0.021,0.021,-1,Echolocation,/mnt/ubna_data_02_mir/recover-20220922/UBNA_001/20220921_090000.WAV,Telephone Field,recover-20220922,001,1795
205.5575,205.5958,68437,81966,Rhinolophus ferrumequinum,0.024,0.024,-1,Echolocation,/mnt/ubna_data_02_mir/recover-20220922/UBNA_001/20220921_090000.WAV,Telephone Field,recover-20220922,001,1795
205.6905,205.7313,68437,82120,Rhinolophus ferrumequinum,0.023,0.023,-1,Echolocation,/mnt/ubna_data_02_mir/recover-20220922/UBNA_001/20220921_090000.WAV,Telephone Field,recover-20220922,001,1795
205.7105,205.7488,68437,82651,Rhinolophus ferrumequinum,0.024,0.024,-1,Echolocation,/mnt/ubna_data_02_mir/recover-20220922/UBNA_001/20220921_090000.WAV,Telephone Field,recover-20220922,001,1795
205.7335,205.7456,44375,47747,Pipistrellus pipistrellus,0.049,0.057,-1,Echolocation,/mnt/ubna_data_02_mir/recover-20220922/UBNA_001/20220921_090000.WAV,Telephone Field,recover-20220922,001,1795
205.7395,205.77949999999998,68437,82038,Rhinolophus ferrumequinum,0.022,0.022,-1,Echolocation,/mnt/ubna_data_02_mir/recover-20220922/UBNA_001/20220921_090000.WAV,Telephone Field,recover-20220922,001,1795
205.7605,205.8001,68437,82796,Rhinolophus ferrumequinum,0.022,0.022,-1,Echolocation,/mnt/ubna_data_02_mir/recover-20220922/UBNA_001/20220921_090000.WAV,Telephone Field,recover-20220922,001,1795
205.7935,205.8318,68437,82714,Rhinolophus ferrumequinum,0.023,0.023,-1,Echolocation,/mnt/ubna_data_02_mir/recover-20220922/UBNA_001/20220921_090000.WAV,Telephone Field,recover-20220922,001,1795
205.8075,205.8171,25468,32695,Eptesicus serotinus,0.009,0.026,-1,Echolocation,/mnt/ubna_data_02_mir/recover-20220922/UBNA_001/20220921_090000.WAV,Telephone Field,recover-20220922,001,1795
205.8305,205.8712,68437,83335,Rhinolophus ferrumequinum,0.04,0.04,-1,Echolocation,/mnt/ubna_data_02_mir/recover-20220922/UBNA_001/20220921_090000.WAV,Telephone Field,recover-20220922,001,1795
205.8565,205.8939,68437,81667,Rhinolophus ferrumequinum,0.022,0.022,-1,Echolocation,/mnt/ubna_data_02_mir/recover-20220922/UBNA_001/20220921_090000.WAV,Telephone Field,recover-20220922,001,1795
205.8755,205.88569999999999,28906,36133,Eptesicus serotinus,0.01,0.025,-1,Echolocation,/mnt/ubna_data_02_mir/recover-20220922/UBNA_001/20220921_090000.WAV,Telephone Field,recover-20220922,001,1795
205.9065,205.9172,28046,36178,Eptesicus serotinus,0.01,0.023,-1,Echolocation,/mnt/ubna_data_02_mir/recover-20220922/UBNA_001/20220921_090000.WAV,Telephone Field,recover-20220922,001,1795
205.9315,205.9724,68437,83389,Rhinolophus ferrumequinum,0.036,0.036,-1,Echolocation,/mnt/ubna_data_02_mir/recover-20220922/UBNA_001/20220921_090000.WAV,Telephone Field,recover-20220922,001,1795
205.9485,205.9871,68437,82509,Rhinolophus ferrumequinum,0.022,0.022,-1,Echolocation,/mnt/ubna_data_02_mir/recover-20220922/UBNA_001/20220921_090000.WAV,Telephone Field,recover-20220922,001,1795
205.9595,205.9981,68437,82246,Rhinolophus ferrumequinum,0.023,0.023,-1,Echolocation,/mnt/ubna_data_02_mir/recover-20220922/UBNA_001/20220921_090000.WAV,Telephone Field,recover-20220922,001,1795
205.9765,205.9855,24609,31953,Eptesicus serotinus,0.007,0.022,-1,Echolocation,/mnt/ubna_data_02_mir/recover-20220922/UBNA_001/20220921_090000.WAV,Telephone Field,recover-20220922,001,1795
206.0015,206.0353,69296,81646,Rhinolophus ferrumequinum,0.033,0.034,-1,Echolocation,/mnt/ubna_data_02_mir/recover-20220922/UBNA_001/20220921_090000.WAV,Telephone Field,recover-20220922,001,1795
206.0015,206.0097,47812,53304,Pipistrellus pipistrellus,0.018,0.023,-1,Echolocation,/mnt/ubna_data_02_mir/recover-20220922/UBNA_001/20220921_090000.WAV,Telephone Field,recover-20220922,001,1795
206.0015,206.011,22031,27759,Nyctalus leisleri,0.016,0.034,-1,Echolocation,/mnt/ubna_data_02_mir/recover-20220922/UBNA_001/20220921_090000.WAV,Telephone Field,recover-20220922,001,1795
206.0085,206.0502,68437,82312,Rhinolophus ferrumequinum,0.022,0.022,-1,Echolocation,/mnt/ubna_data_02_mir/recover-20220922/UBNA_001/20220921_090000.WAV,Telephone Field,recover-20220922,001,1795
206.0195,206.028,23750,31120,Plecotus austriacus,0.007,0.022,-1,Echolocation,/mnt/ubna_data_02_mir/recover-20220922/UBNA_001/20220921_090000.WAV,Telephone Field,recover-20220922,001,1795
206.0375,206.0811,68437,83729,Rhinolophus ferrumequinum,0.032,0.032,-1,Echolocation,/mnt/ubna_data_02_mir/recover-20220922/UBNA_001/20220921_090000.WAV,Telephone Field,recover-20220922,001,1795
206.0665,206.1077,68437,82368,Rhinolophus ferrumequinum,0.025,0.025,-1,Echolocation,/mnt/ubna_data_02_mir/recover-20220922/UBNA_001/20220921_090000.WAV,Telephone Field,recover-20220922,001,1795
206.0875,206.1278,68437,82031,Rhinolophus ferrumequinum,0.024,0.024,-1,Echolocation,/mnt/ubna_data_02_mir/recover-20220922/UBNA_001/20220921_090000.WAV,Telephone Field,recover-20220922,001,1795
206.1245,206.1643,68437,82313,Rhinolophus ferrumequinum,0.024,0.024,-1,Echolocation,/mnt/ubna_data_02_mir/recover-20220922/UBNA_001/20220921_090000.WAV,Telephone Field,recover-20220922,001,1795
206.14249999999998,206.1576,22890,26301,Nyctalus leisleri,0.017,0.027,-1,Echolocation,/mnt/ubna_data_02_mir/recover-20220922/UBNA_001/20220921_090000.WAV,Telephone Field,recover-20220922,001,1795
206.1505,206.1852,68437,80767,Rhinolophus ferrumequinum,0.022,0.022,-1,Echolocation,/mnt/ubna_data_02_mir/recover-20220922/UBNA_001/20220921_090000.WAV,Telephone Field,recover-20220922,001,1795
206.1505,206.1586,26328,40260,Eptesicus serotinus,0.006,0.023,-1,Echolocation,/mnt/ubna_data_02_mir/recover-20220922/UBNA_001/20220921_090000.WAV,Telephone Field,recover-20220922,001,1795
206.1585,206.191,68437,80576,Rhinolophus ferrumequinum,0.021,0.021,-1,Echolocation,/mnt/ubna_data_02_mir/recover-20220922/UBNA_001/20220921_090000.WAV,Telephone Field,recover-20220922,001,1795
206.1635,206.1976,68437,80701,Rhinolophus ferrumequinum,0.021,0.021,-1,Echolocation,/mnt/ubna_data_02_mir/recover-20220922/UBNA_001/20220921_090000.WAV,Telephone Field,recover-20220922,001,1795
206.1685,206.2052,68437,81282,Rhinolophus ferrumequinum,0.022,0.022,-1,Echolocation,/mnt/ubna_data_02_mir/recover-20220922/UBNA_001/20220921_090000.WAV,Telephone Field,recover-20220922,001,1795
206.1735,206.2123,68437,82014,Rhinolophus ferrumequinum,0.021,0.022,-1,Echolocation,/mnt/ubna_data_02_mir/recover-20220922/UBNA_001/20220921_090000.WAV,Telephone Field,recover-20220922,001,1795
206.2235,206.263,68437,82546,Rhinolophus ferrumequinum,0.025,0.025,-1,Echolocation,/mnt/ubna_data_02_mir/recover-20220922/UBNA_001/20220921_090000.WAV,Telephone Field,recover-20220922,001,1795
206.2445,206.2549,27187,35184,Eptesicus serotinus,0.009,0.021,-1,Echolocation,/mnt/ubna_data_02_mir/recover-20220922/UBNA_001/20220921_090000.WAV,Telephone Field,recover-20220922,001,1795
206.2665,206.2775,23750,28616,Nyctalus leisleri,0.017,0.034,-1,Echolocation,/mnt/ubna_data_02_mir/recover-20220922/UBNA_001/20220921_090000.WAV,Telephone Field,recover-20220922,001,1795
206.2825,206.3208,68437,82082,Rhinolophus ferrumequinum,0.022,0.022,-1,Echolocation,/mnt/ubna_data_02_mir/recover-20220922/UBNA_001/20220921_090000.WAV,Telephone Field,recover-20220922,001,1795
206.32150000000001,206.3355,22031,25804,Nyctalus leisleri,0.012,0.021,-1,Echolocation,/mnt/ubna_data_02_mir/recover-20220922/UBNA_001/20220921_090000.WAV,Telephone Field,recover-20220922,001,1795
206.3375,206.376,68437,81532,Rhinolophus ferrumequinum,0.025,0.025,-1,Echolocation,/mnt/ubna_data_02_mir/recover-20220922/UBNA_001/20220921_090000.WAV,Telephone Field,recover-20220922,001,1795
206.3695,206.3786,28046,36579,Eptesicus serotinus,0.007,0.021,-1,Echolocation,/mnt/ubna_data_02_mir/recover-20220922/UBNA_001/20220921_090000.WAV,Telephone Field,recover-20220922,001,1795
206.3875,206.4293,68437,83215,Rhinolophus ferrumequinum,0.026,0.026,-1,Echolocation,/mnt/ubna_data_02_mir/recover-20220922/UBNA_001/20220921_090000.WAV,Telephone Field,recover-20220922,001,1795
206.4095,206.4185,27187,35831,Eptesicus serotinus,0.008,0.022,-1,Echolocation,/mnt/ubna_data_02_mir/recover-20220922/UBNA_001/20220921_090000.WAV,Telephone Field,recover-20220922,001,1795
206.4315,206.4706,68437,82962,Rhinolophus ferrumequinum,0.023,0.023,-1,Echolocation,/mnt/ubna_data_02_mir/recover-20220922/UBNA_001/20220921_090000.WAV,Telephone Field,recover-20220922,001,1795
206.4595,206.4715,22031,26966,Nyctalus leisleri,0.011,0.023,-1,Echolocation,/mnt/ubna_data_02_mir/recover-20220922/UBNA_001/20220921_090000.WAV,Telephone Field,recover-20220922,001,1795
206.4985,206.5362,68437,81920,Rhinolophus ferrumequinum,0.024,0.024,-1,Echolocation,/mnt/ubna_data_02_mir/recover-20220922/UBNA_001/20220921_090000.WAV,Telephone Field,recover-20220922,001,1795
206.5075,206.5466,68437,81791,Rhinolophus ferrumequinum,0.022,0.022,-1,Echolocation,/mnt/ubna_data_02_mir/recover-20220922/UBNA_001/20220921_090000.WAV,Telephone Field,recover-20220922,001,1795
206.5105,206.5196,46953,50799,Pipistrellus pipistrellus,0.036,0.037,-1,Echolocation,/mnt/ubna_data_02_mir/recover-20220922/UBNA_001/20220921_090000.WAV,Telephone Field,recover-20220922,001,1795
206.5215,206.5351,48671,52859,Pipistrellus pipistrellus,0.022,0.027,-1,Echolocation,/mnt/ubna_data_02_mir/recover-20220922/UBNA_001/20220921_090000.WAV,Telephone Field,recover-20220922,001,1795
206.5355,206.5729,68437,81393,Rhinolophus ferrumequinum,0.025,0.025,-1,Echolocation,/mnt/ubna_data_02_mir/recover-20220922/UBNA_001/20220921_090000.WAV,Telephone Field,recover-20220922,001,1795
206.5575,206.5661,26328,35212,Eptesicus serotinus,0.008,0.022,-1,Echolocation,/mnt/ubna_data_02_mir/recover-20220922/UBNA_001/20220921_090000.WAV,Telephone Field,recover-20220922,001,1795
206.5655,206.5744,28046,39847,Eptesicus serotinus,0.008,0.022,-1,Echolocation,/mnt/ubna_data_02_mir/recover-20220922/UBNA_001/20220921_090000.WAV,Telephone Field,recover-20220922,001,1795
206.57150000000001,206.6098,68437,82236,Rhinolophus ferrumequinum,0.023,0.023,-1,Echolocation,/mnt/ubna_data_02_mir/recover-20220922/UBNA_001/20220921_090000.WAV,Telephone Field,recover-20220922,001,1795
206.5735,206.5825,28906,37748,Eptesicus serotinus,0.008,0.021,-1,Echolocation,/mnt/ubna_data_02_mir/recover-20220922/UBNA_001/20220921_090000.WAV,Telephone Field,recover-20220922,001,1795
206.5995,206.6381,68437,82031,Rhinolophus ferrumequinum,0.023,0.023,-1,Echolocation,/mnt/ubna_data_02_mir/recover-20220922/UBNA_001/20220921_090000.WAV,Telephone Field,recover-20220922,001,1795
206.6105,206.6475,68437,81683,Rhinolophus ferrumequinum,0.021,0.022,-1,Echolocation,/mnt/ubna_data_02_mir/recover-20220922/UBNA_001/20220921_090000.WAV,Telephone Field,recover-20220922,001,1795
206.6515,206.6894,68437,81722,Rhinolophus ferrumequinum,0.021,0.021,-1,Echolocation,/mnt/ubna_data_02_mir/recover-20220922/UBNA_001/20220921_090000.WAV,Telephone Field,recover-20220922,001,1795
206.6935,206.7363,68437,83308,Rhinolophus ferrumequinum,0.03,0.03,-1,Echolocation,/mnt/ubna_data_02_mir/recover-20220922/UBNA_001/20220921_090000.WAV,Telephone Field,recover-20220922,001,1795
206.7155,206.7262,24609,30748,Nyctalus leisleri,0.009,0.023,-1,Echolocation,/mnt/ubna_data_02_mir/recover-20220922/UBNA_001/20220921_090000.WAV,Telephone Field,recover-20220922,001,1795
206.7155,206.7285,53828,57734,Pipistrellus pygmaeus,0.025,0.027,-1,Echolocation,/mnt/ubna_data_02_mir/recover-20220922/UBNA_001/20220921_090000.WAV,Telephone Field,recover-20220922,001,1795
206.7285,206.7725,68437,82745,Rhinolophus ferrumequinum,0.026,0.026,-1,Echolocation,/mnt/ubna_data_02_mir/recover-20220922/UBNA_001/20220921_090000.WAV,Telephone Field,recover-20220922,001,1795
206.7475,206.7856,68437,82305,Rhinolophus ferrumequinum,0.021,0.021,-1,Echolocation,/mnt/ubna_data_02_mir/recover-20220922/UBNA_001/20220921_090000.WAV,Telephone Field,recover-20220922,001,1795
206.7505,206.7585,28046,39528,Eptesicus serotinus,0.007,0.022,-1,Echolocation,/mnt/ubna_data_02_mir/recover-20220922/UBNA_001/20220921_090000.WAV,Telephone Field,recover-20220922,001,1795
206.7615,206.7713,22031,27131,Nyctalus leisleri,0.012,0.032,-1,Echolocation,/mnt/ubna_data_02_mir/recover-20220922/UBNA_001/20220921_090000.WAV,Telephone Field,recover-20220922,001,1795
206.7735,206.8125,68437,82294,Rhinolophus ferrumequinum,0.022,0.022,-1,Echolocation,/mnt/ubna_data_02_mir/recover-20220922/UBNA_001/20220921_090000.WAV,Telephone Field,recover-20220922,001,1795
206.7995,206.8437,68437,83071,Rhinolophus ferrumequinum,0.042,0.042,-1,Echolocation,/mnt/ubna_data_02_mir/recover-20220922/UBNA_001/20220921_090000.WAV,Telephone Field,recover-20220922,001,1795
206.8105,206.8222,23750,28923,Nyctalus leisleri,0.01,0.022,-1,Echolocation,/mnt/ubna_data_02_mir/recover-20220922/UBNA_001/20220921_090000.WAV,Telephone Field,recover-20220922,001,1795
206.8165,206.8286,23750,28739,Nyctalus leisleri,0.011,0.024,-1,Echolocation,/mnt/ubna_data_02_mir/recover-20220922/UBNA_001/20220921_090000.WAV,Telephone Field,recover-20220922,001,1795
206.8295,206.8683,68437,81912,Rhinolophus ferrumequinum,0.027,0.027,-1,Echolocation,/mnt/ubna_data_02_mir/recover-20220922/UBNA_001/20220921_090000.WAV,Telephone Field,recover-20220922,001,1795
206.8325,206.8433,22890,27727,Nyctalus leisleri,0.011,0.023,-1,Echolocation,/mnt/ubna_data_02_mir/recover-20220922/UBNA_001/20220921_090000.WAV,Telephone Field,recover-20220922,001,1795
206.8345,206.8421,28906,38308,Eptesicus serotinus,0.007,0.023,-1,Echolocation,/mnt/ubna_data_02_mir/recover-20220922/UBNA_001/20220921_090000.WAV,Telephone Field,recover-20220922,001,1795
206.8525,206.8918,68437,82602,Rhinolophus ferrumequinum,0.022,0.022,-1,Echolocation,/mnt/ubna_data_02_mir/recover-20220922/UBNA_001/20220921_090000.WAV,Telephone Field,recover-20220922,001,1795
206.8735,206.9086,68437,81478,Rhinolophus ferrumequinum,0.021,0.021,-1,Echolocation,/mnt/ubna_data_02_mir/recover-20220922/UBNA_001/20220921_090000.WAV,Telephone Field,recover-20220922,001,1795
206.8995,206.9087,28046,36934,Eptesicus serotinus,0.008,0.021,-1,Echolocation,/mnt/ubna_data_02_mir/recover-20220922/UBNA_001/20220921_090000.WAV,Telephone Field,recover-20220922,001,1795
206.9025,206.9109,48671,53359,Pipistrellus pipistrellus,0.031,0.032,-1,Echolocation,/mnt/ubna_data_02_mir/recover-20220922/UBNA_001/20220921_090000.WAV,Telephone Field,recover-20220922,001,1795
206.9325,206.9719,68437,81844,Rhinolophus ferrumequinum,0.025,0.025,-1,Echolocation,/mnt/ubna_data_02_mir/recover-20220922/UBNA_001/20220921_090000.WAV,Telephone Field,recover-20220922,001,1795
206.94650000000001,206.9866,68437,81889,Rhinolophus ferrumequinum,0.022,0.022,-1,Echolocation,/mnt/ubna_data_02_mir/recover-20220922/UBNA_001/20220921_090000.WAV,Telephone Field,recover-20220922,001,1795
206.9535,206.9933,68437,82270,Rhinolophus ferrumequinum,0.022,0.022,-1,Echolocation,/mnt/ubna_data_02_mir/recover-20220922/UBNA_001/20220921_090000.WAV,Telephone Field,recover-20220922,001,1795
206.9765,206.98329999999999,44375,50463,Pipistrellus pipistrellus,0.035,0.042,-1,Echolocation,/mnt/ubna_data_02_mir/recover-20220922/UBNA_001/20220921_090000.WAV,Telephone Field,recover-20220922,001,1795
206.9775,207.0183,68437,82771,Rhinolophus ferrumequinum,0.026,0.026,-1,Echolocation,/mnt/ubna_data_02_mir/recover-20220922/UBNA_001/20220921_090000.WAV,Telephone Field,recover-20220922,001,1795
206.9795,206.9874,28046,41633,Eptesicus serotinus,0.007,0.022,-1,Echolocation,/mnt/ubna_data_02_mir/recover-20220922/UBNA_001/20220921_090000.WAV,Telephone Field,recover-20220922,001,1795
207.0025,207.0137,28906,36301,Eptesicus serotinus,0.014,0.035,-1,Echolocation,/mnt/ubna_data_02_mir/recover-20220922/UBNA_001/20220921_090000.WAV,Telephone Field,recover-20220922,001,1795
207.0185,207.0593,68437,82703,Rhinolophus ferrumequinum,0.032,0.032,-1,Echolocation,/mnt/ubna_data_02_mir/recover-20220922/UBNA_001/20220921_090000.WAV,Telephone Field,recover-20220922,001,1795
207.0365,207.0443,28906,39758,Eptesicus serotinus,0.008,0.027,-1,Echolocation,/mnt/ubna_data_02_mir/recover-20220922/UBNA_001/20220921_090000.WAV,Telephone Field,recover-20220922,001,1795
207.0525,207.0913,68437,81827,Rhinolophus ferrumequinum,0.023,0.023,-1,Echolocation,/mnt/ubna_data_02_mir/recover-20220922/UBNA_001/20220921_090000.WAV,Telephone Field,recover-20220922,001,1795
207.0635,207.0727,23750,31555,Plecotus austriacus,0.007,0.022,-1,Echolocation,/mnt/ubna_data_02_mir/recover-20220922/UBNA_001/20220921_090000.WAV,Telephone Field,recover-20220922,001,1795
207.0805,207.1213,68437,82560,Rhinolophus ferrumequinum,0.024,0.024,-1,Echolocation,/mnt/ubna_data_02_mir/recover-20220922/UBNA_001/20220921_090000.WAV,Telephone Field,recover-20220922,001,1795
207.0985,207.1082,25468,32252,Eptesicus serotinus,0.011,0.028,-1,Echolocation,/mnt/ubna_data_02_mir/recover-20220922/UBNA_001/20220921_090000.WAV,Telephone Field,recover-20220922,001,1795
207.1055,207.1411,68437,81320,Rhinolophus ferrumequinum,0.021,0.021,-1,Echolocation,/mnt/ubna_data_02_mir/recover-20220922/UBNA_001/20220921_090000.WAV,Telephone Field,recover-20220922,001,1795
207.1405,207.1519,22031,26222,Nyctalus leisleri,0.012,0.022,-1,Echolocation,/mnt/ubna_data_02_mir/recover-20220922/UBNA_001/20220921_090000.WAV,Telephone Field,recover-20220922,001,1795
207.1555,207.1945,68437,81939,Rhinolophus ferrumequinum,0.022,0.022,-1,Echolocation,/mnt/ubna_data_02_mir/recover-20220922/UBNA_001/20220921_090000.WAV,Telephone Field,recover-20220922,001,1795
207.1635,207.2035,68437,81887,Rhinolophus ferrumequinum,0.022,0.022,-1,Echolocation,/mnt/ubna_data_02_mir/recover-20220922/UBNA_001/20220921_090000.WAV,Telephone Field,recover-20220922,001,1795
207.1705,207.2081,68437,81843,Rhinolophus ferrumequinum,0.022,0.022,-1,Echolocation,/mnt/ubna_data_02_mir/recover-20220922/UBNA_001/20220921_090000.WAV,Telephone Field,recover-20220922,001,1795
207.1905,207.224,68437,80835,Rhinolophus ferrumequinum,0.021,0.021,-1,Echolocation,/mnt/ubna_data_02_mir/recover-20220922/UBNA_001/20220921_090000.WAV,Telephone Field,recover-20220922,001,1795
207.2005,207.2384,68437,81815,Rhinolophus ferrumequinum,0.022,0.022,-1,Echolocation,/mnt/ubna_data_02_mir/recover-20220922/UBNA_001/20220921_090000.WAV,Telephone Field,recover-20220922,001,1795
207.2165,207.23160000000001,23750,28226,Nyctalus leisleri,0.095,0.188,-1,Echolocation,/mnt/ubna_data_02_mir/recover-20220922/UBNA_001/20220921_090000.WAV,Telephone Field,recover-20220922,001,1795
207.2275,207.2652,68437,82071,Rhinolophus ferrumequinum,0.028,0.028,-1,Echolocation,/mnt/ubna_data_02_mir/recover-20220922/UBNA_001/20220921_090000.WAV,Telephone Field,recover-20220922,001,1795
207.2595,207.299,68437,81879,Rhinolophus ferrumequinum,0.024,0.024,-1,Echolocation,/mnt/ubna_data_02_mir/recover-20220922/UBNA_001/20220921_090000.WAV,Telephone Field,recover-20220922,001,1795
207.2805,207.3162,68437,81568,Rhinolophus ferrumequinum,0.021,0.022,-1,Echolocation,/mnt/ubna_data_02_mir/recover-20220922/UBNA_001/20220921_090000.WAV,Telephone Field,recover-20220922,001,1795
207.2895,207.3278,68437,81576,Rhinolophus ferrumequinum,0.021,0.021,-1,Echolocation,/mnt/ubna_data_02_mir/recover-20220922/UBNA_001/20220921_090000.WAV,Telephone Field,recover-20220922,001,1795
207.3075,207.3187,25468,30581,Nyctalus leisleri,0.012,0.026,-1,Echolocation,/mnt/ubna_data_02_mir/recover-20220922/UBNA_001/20220921_090000.WAV,Telephone Field,recover-20220922,001,1795
207.3245,207.365,68437,82543,Rhinolophus ferrumequinum,0.026,0.026,-1,Echolocation,/mnt/ubna_data_02_mir/recover-20220922/UBNA_001/20220921_090000.WAV,Telephone Field,recover-20220922,001,1795
207.3495,207.3858,68437,80640,Rhinolophus ferrumequinum,0.022,0.022,-1,Echolocation,/mnt/ubna_data_02_mir/recover-20220922/UBNA_001/20220921_090000.WAV,Telephone Field,recover-20220922,001,1795
207.3655,207.4091,68437,82762,Rhinolophus ferrumequinum,0.027,0.027,-1,Echolocation,/mnt/ubna_data_02_mir/recover-20220922/UBNA_001/20220921_090000.WAV,Telephone Field,recover-20220922,001,1795
207.3725,207.3797,28906,40506,Eptesicus serotinus,0.007,0.027,-1,Echolocation,/mnt/ubna_data_02_mir/recover-20220922/UBNA_001/20220921_090000.WAV,Telephone Field,recover-20220922,001,1795
207.4095,207.4478,68437,82202,Rhinolophus ferrumequinum,0.022,0.022,-1,Echolocation,/mnt/ubna_data_02_mir/recover-20220922/UBNA_001/20220921_090000.WAV,Telephone Field,recover-20220922,001,1795
207.4295,207.4715,68437,82956,Rhinolophus ferrumequinum,0.038,0.038,-1,Echolocation,/mnt/ubna_data_02_mir/recover-20220922/UBNA_001/20220921_090000.WAV,Telephone Field,recover-20220922,001,1795
207.4395,207.4485,28906,38022,Eptesicus serotinus,0.01,0.026,-1,Echolocation,/mnt/ubna_data_02_mir/recover-20220922/UBNA_001/20220921_090000.WAV,Telephone Field,recover-20220922,001,1795
207.4655,207.5042,68437,82076,Rhinolophus ferrumequinum,0.024,0.024,-1,Echolocation,/mnt/ubna_data_02_mir/recover-20220922/UBNA_001/20220921_090000.WAV,Telephone Field,recover-20220922,001,1795
207.4665,207.4767,23750,30470,Nyctalus leisleri,0.01,0.027,-1,Echolocation,/mnt/ubna_data_02_mir/recover-20220922/UBNA_001/20220921_090000.WAV,Telephone Field,recover-20220922,001,1795
207.4795,207.51749999999998,68437,81859,Rhinolophus ferrumequinum,0.021,0.021,-1,Echolocation,/mnt/ubna_data_02_mir/recover-20220922/UBNA_001/20220921_090000.WAV,Telephone Field,recover-20220922,001,1795
207.4975,207.5385,68437,82612,Rhinolophus ferrumequinum,0.027,0.027,-1,Echolocation,/mnt/ubna_data_02_mir/recover-20220922/UBNA_001/20220921_090000.WAV,Telephone Field,recover-20220922,001,1795
207.5275,207.541,15156,20974,Nyctalus noctula,0.019,0.028,-1,Echolocation,/mnt/ubna_data_02_mir/recover-20220922/UBNA_001/20220921_090000.WAV,Telephone Field,recover-20220922,001,1795
207.5355,207.5776,68437,83049,Rhinolophus ferrumequinum,0.039,0.039,-1,Echolocation,/mnt/ubna_data_02_mir/recover-20220922/UBNA_001/20220921_090000.WAV,Telephone Field,recover-20220922,001,1795
207.5505,207.5594,42656,46652,Pipistrellus pipistrellus,0.023,0.026,-1,Echolocation,/mnt/ubna_data_02_mir/recover-20220922/UBNA_001/20220921_090000.WAV,Telephone Field,recover-20220922,001,1795
207.5625,207.57150000000001,26328,36101,Eptesicus serotinus,0.008,0.024,-1,Echolocation,/mnt/ubna_data_02_mir/recover-20220922/UBNA_001/20220921_090000.WAV,Telephone Field,recover-20220922,001,1795
207.6035,207.6138,28046,38376,Eptesicus serotinus,0.011,0.025,-1,Echolocation,/mnt/ubna_data_02_mir/recover-20220922/UBNA_001/20220921_090000.WAV,Telephone Field,recover-20220922,001,1795
207.6095,207.6477,68437,82348,Rhinolophus ferrumequinum,0.027,0.027,-1,Echolocation,/mnt/ubna_data_02_mir/recover-20220922/UBNA_001/20220921_090000.WAV,Telephone Field,recover-20220922,001,1795
207.6155,207.6233,28906,38093,Eptesicus serotinus,0.008,0.025,-1,Echolocation,/mnt/ubna_data_02_mir/recover-20220922/UBNA_001/20220921_090000.WAV,Telephone Field,recover-20220922,001,1795
207.6165,207.6241,24609,33743,Plecotus austriacus,0.01,0.025,-1,Echolocation,/mnt/ubna_data_02_mir/recover-20220922/UBNA_001/20220921_090000.WAV,Telephone Field,recover-20220922,001,1795
207.6165,207.65879999999999,68437,82808,Rhinolophus ferrumequinum,0.031,0.031,-1,Echolocation,/mnt/ubna_data_02_mir/recover-20220922/UBNA_001/20220921_090000.WAV,Telephone Field,recover-20220922,001,1795
207.6465,207.6842,68437,82323,Rhinolophus ferrumequinum,0.023,0.023,-1,Echolocation,/mnt/ubna_data_02_mir/recover-20220922/UBNA_001/20220921_090000.WAV,Telephone Field,recover-20220922,001,1795
207.6815,207.7202,68437,81617,Rhinolophus ferrumequinum,0.021,0.021,-1,Echolocation,/mnt/ubna_data_02_mir/recover-20220922/UBNA_001/20220921_090000.WAV,Telephone Field,recover-20220922,001,1795
207.6875,207.7243,68437,81915,Rhinolophus ferrumequinum,0.022,0.022,-1,Echolocation,/mnt/ubna_data_02_mir/recover-20220922/UBNA_001/20220921_090000.WAV,Telephone Field,recover-20220922,001,1795
207.6915,207.6999,26328,35552,Eptesicus serotinus,0.009,0.023,-1,Echolocation,/mnt/ubna_data_02_mir/recover-20220922/UBNA_001/20220921_090000.WAV,Telephone Field,recover-20220922,001,1795
207.7005,207.7079,24609,34134,Plecotus austriacus,0.011,0.027,-1,Echolocation,/mnt/ubna_data_02_mir/recover-20220922/UBNA_001/20220921_090000.WAV,Telephone Field,recover-20220922,001,1795
207.7165,207.7559,68437,81998,Rhinolophus ferrumequinum,0.022,0.022,-1,Echolocation,/mnt/ubna_data_02_mir/recover-20220922/UBNA_001/20220921_090000.WAV,Telephone Field,recover-20220922,001,1795
207.7285,207.737,28046,38220,Eptesicus serotinus,0.008,0.022,-1,Echolocation,/mnt/ubna_data_02_mir/recover-20220922/UBNA_001/20220921_090000.WAV,Telephone Field,recover-20220922,001,1795
207.7565,207.7966,68437,82700,Rhinolophus ferrumequinum,0.033,0.033,-1,Echolocation,/mnt/ubna_data_02_mir/recover-20220922/UBNA_001/20220921_090000.WAV,Telephone Field,recover-20220922,001,1795
207.7835,207.7908,25468,35639,Plecotus austriacus,0.013,0.042,-1,Echolocation,/mnt/ubna_data_02_mir/recover-20220922/UBNA_001/20220921_090000.WAV,Telephone Field,recover-20220922,001,1795
207.7965,207.8322,68437,81568,Rhinolophus ferrumequinum,0.021,0.021,-1,Echolocation,/mnt/ubna_data_02_mir/recover-20220922/UBNA_001/20220921_090000.WAV,Telephone Field,recover-20220922,001,1795
207.8095,207.8298,19453,22395,Nyctalus leisleri,0.017,0.03,-1,Echolocation,/mnt/ubna_data_02_mir/recover-20220922/UBNA_001/20220921_090000.WAV,Telephone Field,recover-20220922,001,1795
207.8175,207.8252,27187,38775,Eptesicus serotinus,0.007,0.022,-1,Echolocation,/mnt/ubna_data_02_mir/recover-20220922/UBNA_001/20220921_090000.WAV,Telephone Field,recover-20220922,001,1795
207.8345,207.8453,28906,35472,Eptesicus serotinus,0.01,0.025,-1,Echolocation,/mnt/ubna_data_02_mir/recover-20220922/UBNA_001/20220921_090000.WAV,Telephone Field,recover-20220922,001,1795
207.8395,207.8818,68437,82893,Rhinolophus ferrumequinum,0.037,0.037,-1,Echolocation,/mnt/ubna_data_02_mir/recover-20220922/UBNA_001/20220921_090000.WAV,Telephone Field,recover-20220922,001,1795
207.8595,207.8709,22031,27925,Nyctalus leisleri,0.019,0.055,-1,Echolocation,/mnt/ubna_data_02_mir/recover-20220922/UBNA_001/20220921_090000.WAV,Telephone Field,recover-20220922,001,1795
207.8945,207.9323,68437,82120,Rhinolophus ferrumequinum,0.024,0.024,-1,Echolocation,/mnt/ubna_data_02_mir/recover-20220922/UBNA_001/20220921_090000.WAV,Telephone Field,recover-20220922,001,1795
207.8955,207.9067,44375,47656,Pipistrellus pipistrellus,0.049,0.054,-1,Echolocation,/mnt/ubna_data_02_mir/recover-20220922/UBNA_001/20220921_090000.WAV,Telephone Field,recover-20220922,001,1795
207.9345,207.9709,68437,81289,Rhinolophus ferrumequinum,0.022,0.022,-1,Echolocation,/mnt/ubna_data_02_mir/recover-20220922/UBNA_001/20220921_090000.WAV,Telephone Field,recover-20220922,001,1795
207.9395,207.9547,22031,25772,Nyctalus leisleri,0.012,0.021,-1,Echolocation,/mnt/ubna_data_02_mir/recover-20220922/UBNA_001/20220921_090000.WAV,Telephone Field,recover-20220922,001,1795
207.95850000000002,207.9977,68437,81816,Rhinolophus ferrumequinum,0.021,0.021,-1,Echolocation,/mnt/ubna_data_02_mir/recover-20220922/UBNA_001/20220921_090000.WAV,Telephone Field,recover-20220922,001,1795
207.9835,207.9924,28906,40089,Eptesicus serotinus,0.008,0.022,-1,Echolocation,/mnt/ubna_data_02_mir/recover-20220922/UBNA_001/20220921_090000.WAV,Telephone Field,recover-20220922,001,1795
208.0015,208.0402,68437,80791,Rhinolophus ferrumequinum,0.061,0.061,-1,Echolocation,/mnt/ubna_data_02_mir/recover-20220922/UBNA_001/20220921_090000.WAV,Telephone Field,recover-20220922,001,1795
208.0015,208.0101,26328,36077,Nyctalus leisleri,0.009,0.032,-1,Echolocation,/mnt/ubna_data_02_mir/recover-20220922/UBNA_001/20220921_090000.WAV,Telephone Field,recover-20220922,001,1795
208.0075,208.0536,68437,82640,Rhinolophus ferrumequinum,0.034,0.034,-1,Echolocation,/mnt/ubna_data_02_mir/recover-20220922/UBNA_001/20220921_090000.WAV,Telephone Field,recover-20220922,001,1795
208.04149999999998,208.05,22890,30244,Plecotus austriacus,0.009,0.022,-1,Echolocation,/mnt/ubna_data_02_mir/recover-20220922/UBNA_001/20220921_090000.WAV,Telephone Field,recover-20220922,001,1795
208.0745,208.0848,22031,27064,Nyctalus leisleri,0.011,0.024,-1,Echolocation,/mnt/ubna_data_02_mir/recover-20220922/UBNA_001/20220921_090000.WAV,Telephone Field,recover-20220922,001,1795
208.09550000000002,208.1342,68437,81904,Rhinolophus ferrumequinum,0.023,0.023,-1,Echolocation,/mnt/ubna_data_02_mir/recover-20220922/UBNA_001/20220921_090000.WAV,Telephone Field,recover-20220922,001,1795
208.1015,208.11090000000002,28906,36864,Eptesicus serotinus,0.009,0.022,-1,Echolocation,/mnt/ubna_data_02_mir/recover-20220922/UBNA_001/20220921_090000.WAV,Telephone Field,recover-20220922,001,1795
208.1395,208.1771,68437,81768,Rhinolophus ferrumequinum,0.022,0.022,-1,Echolocation,/mnt/ubna_data_02_mir/recover-20220922/UBNA_001/20220921_090000.WAV,Telephone Field,recover-20220922,001,1795
208.1775,208.2152,68437,82604,Rhinolophus ferrumequinum,0.024,0.024,-1,Echolocation,/mnt/ubna_data_02_mir/recover-20220922/UBNA_001/20220921_090000.WAV,Telephone Field,recover-20220922,001,1795
208.1845,208.2241,68437,82046,Rhinolophus ferrumequinum,0.022,0.022,-1,Echolocation,/mnt/ubna_data_02_mir/recover-20220922/UBNA_001/20220921_090000.WAV,Telephone Field,recover-20220922,001,1795
208.2065,208.2432,68437,81436,Rhinolophus ferrumequinum,0.022,0.022,-1,Echolocation,/mnt/ubna_data_02_mir/recover-20220922/UBNA_001/20220921_090000.WAV,Telephone Field,recover-20220922,001,1795
208.2195,208.2576,68437,81825,Rhinolophus ferrumequinum,0.025,0.025,-1,Echolocation,/mnt/ubna_data_02_mir/recover-20220922/UBNA_001/20220921_090000.WAV,Telephone Field,recover-20220922,001,1795
208.2255,208.2628,68437,82066,Rhinolophus ferrumequinum,0.028,0.028,-1,Echolocation,/mnt/ubna_data_02_mir/recover-20220922/UBNA_001/20220921_090000.WAV,Telephone Field,recover-20220922,001,1795
208.2565,208.2952,68437,81257,Rhinolophus ferrumequinum,0.024,0.025,-1,Echolocation,/mnt/ubna_data_02_mir/recover-20220922/UBNA_001/20220921_090000.WAV,Telephone Field,recover-20220922,001,1795
208.2635,208.274,22890,28229,Nyctalus leisleri,0.01,0.022,-1,Echolocation,/mnt/ubna_data_02_mir/recover-20220922/UBNA_001/20220921_090000.WAV,Telephone Field,recover-20220922,001,1795
208.3415,208.3514,27187,35516,Eptesicus serotinus,0.013,0.026,-1,Echolocation,/mnt/ubna_data_02_mir/recover-20220922/UBNA_001/20220921_090000.WAV,Telephone Field,recover-20220922,001,1795
208.3855,208.4215,68437,81679,Rhinolophus ferrumequinum,0.022,0.022,-1,Echolocation,/mnt/ubna_data_02_mir/recover-20220922/UBNA_001/20220921_090000.WAV,Telephone Field,recover-20220922,001,1795
208.4035,208.4409,68437,81701,Rhinolophus ferrumequinum,0.023,0.023,-1,Echolocation,/mnt/ubna_data_02_mir/recover-20220922/UBNA_001/20220921_090000.WAV,Telephone Field,recover-20220922,001,1795
208.4205,208.4576,68437,81753,Rhinolophus ferrumequinum,0.022,0.022,-1,Echolocation,/mnt/ubna_data_02_mir/recover-20220922/UBNA_001/20220921_090000.WAV,Telephone Field,recover-20220922,001,1795
208.4715,208.484,22031,26309,Nyctalus leisleri,0.02,0.034,-1,Echolocation,/mnt/ubna_data_02_mir/recover-20220922/UBNA_001/20220921_090000.WAV,Telephone Field,recover-20220922,001,1795
208.4725,208.51,68437,81614,Rhinolophus ferrumequinum,0.022,0.022,-1,Echolocation,/mnt/ubna_data_02_mir/recover-20220922/UBNA_001/20220921_090000.WAV,Telephone Field,recover-20220922,001,1795
208.4765,208.4983,20312,23373,Nyctalus leisleri,0.022,0.034,-1,Echolocation,/mnt/ubna_data_02_mir/recover-20220922/UBNA_001/20220921_090000.WAV,Telephone Field,recover-20220922,001,1795
208.4925,208.5112,19453,21987,Nyctalus leisleri,0.014,0.023,-1,Echolocation,/mnt/ubna_data_02_mir/recover-20220922/UBNA_001/20220921_090000.WAV,Telephone Field,recover-20220922,001,1795
208.5035,208.5122,24609,31995,Plecotus austriacus,0.007,0.025,-1,Echolocation,/mnt/ubna_data_02_mir/recover-20220922/UBNA_001/20220921_090000.WAV,Telephone Field,recover-20220922,001,1795
208.5075,208.5171,28906,36033,Eptesicus serotinus,0.009,0.025,-1,Echolocation,/mnt/ubna_data_02_mir/recover-20220922/UBNA_001/20220921_090000.WAV,Telephone Field,recover-20220922,001,1795
208.5095,208.5498,68437,82212,Rhinolophus ferrumequinum,0.023,0.023,-1,Echolocation,/mnt/ubna_data_02_mir/recover-20220922/UBNA_001/20220921_090000.WAV,Telephone Field,recover-20220922,001,1795
208.5235,208.5642,68437,82959,Rhinolophus ferrumequinum,0.027,0.027,-1,Echolocation,/mnt/ubna_data_02_mir/recover-20220922/UBNA_001/20220921_090000.WAV,Telephone Field,recover-20220922,001,1795
208.5325,208.5429,28906,37453,Eptesicus serotinus,0.009,0.022,-1,Echolocation,/mnt/ubna_data_02_mir/recover-20220922/UBNA_001/20220921_090000.WAV,Telephone Field,recover-20220922,001,1795
208.5635,208.5983,68437,80930,Rhinolophus ferrumequinum,0.022,0.022,-1,Echolocation,/mnt/ubna_data_02_mir/recover-20220922/UBNA_001/20220921_090000.WAV,Telephone Field,recover-20220922,001,1795
208.5975,208.6364,68437,82131,Rhinolophus ferrumequinum,0.027,0.027,-1,Echolocation,/mnt/ubna_data_02_mir/recover-20220922/UBNA_001/20220921_090000.WAV,Telephone Field,recover-20220922,001,1795
208.6145,208.6211,47812,54734,Pipistrellus pipistrellus,0.024,0.026,-1,Echolocation,/mnt/ubna_data_02_mir/recover-20220922/UBNA_001/20220921_090000.WAV,Telephone Field,recover-20220922,001,1795
208.6275,208.6659,68437,81765,Rhinolophus ferrumequinum,0.022,0.022,-1,Echolocation,/mnt/ubna_data_02_mir/recover-20220922/UBNA_001/20220921_090000.WAV,Telephone Field,recover-20220922,001,1795
208.6305,208.65,19453,22844,Nyctalus noctula,0.019,0.036,-1,Echolocation,/mnt/ubna_data_02_mir/recover-20220922/UBNA_001/20220921_090000.WAV,Telephone Field,recover-20220922,001,1795
208.6375,208.6773,68437,81897,Rhinolophus ferrumequinum,0.023,0.023,-1,Echolocation,/mnt/ubna_data_02_mir/recover-20220922/UBNA_001/20220921_090000.WAV,Telephone Field,recover-20220922,001,1795
208.6605,208.6687,14296,21292,Plecotus auritus,0.018,0.03,-1,Echolocation,/mnt/ubna_data_02_mir/recover-20220922/UBNA_001/20220921_090000.WAV,Telephone Field,recover-20220922,001,1795
208.7155,208.7538,68437,82172,Rhinolophus ferrumequinum,0.032,0.032,-1,Echolocation,/mnt/ubna_data_02_mir/recover-20220922/UBNA_001/20220921_090000.WAV,Telephone Field,recover-20220922,001,1795
208.7385,208.748,24609,32386,Nyctalus leisleri,0.008,0.026,-1,Echolocation,/mnt/ubna_data_02_mir/recover-20220922/UBNA_001/20220921_090000.WAV,Telephone Field,recover-20220922,001,1795
208.7515,208.792,68437,82575,Rhinolophus ferrumequinum,0.026,0.026,-1,Echolocation,/mnt/ubna_data_02_mir/recover-20220922/UBNA_001/20220921_090000.WAV,Telephone Field,recover-20220922,001,1795
208.7665,208.7782,23750,29297,Nyctalus leisleri,0.01,0.022,-1,Echolocation,/mnt/ubna_data_02_mir/recover-20220922/UBNA_001/20220921_090000.WAV,Telephone Field,recover-20220922,001,1795
208.7705,208.8116,68437,82316,Rhinolophus ferrumequinum,0.023,0.023,-1,Echolocation,/mnt/ubna_data_02_mir/recover-20220922/UBNA_001/20220921_090000.WAV,Telephone Field,recover-20220922,001,1795
208.7905,208.8269,68437,80963,Rhinolophus ferrumequinum,0.022,0.022,-1,Echolocation,/mnt/ubna_data_02_mir/recover-20220922/UBNA_001/20220921_090000.WAV,Telephone Field,recover-20220922,001,1795
208.8235,208.8615,68437,81104,Rhinolophus ferrumequinum,0.025,0.025,-1,Echolocation,/mnt/ubna_data_02_mir/recover-20220922/UBNA_001/20220921_090000.WAV,Telephone Field,recover-20220922,001,1795
208.8315,208.8696,68437,81783,Rhinolophus ferrumequinum,0.028,0.028,-1,Echolocation,/mnt/ubna_data_02_mir/recover-20220922/UBNA_001/20220921_090000.WAV,Telephone Field,recover-20220922,001,1795
208.8975,208.9057,26328,36405,Eptesicus serotinus,0.007,0.022,-1,Echolocation,/mnt/ubna_data_02_mir/recover-20220922/UBNA_001/20220921_090000.WAV,Telephone Field,recover-20220922,001,1795
208.91649999999998,208.9578,68437,82401,Rhinolophus ferrumequinum,0.024,0.024,-1,Echolocation,/mnt/ubna_data_02_mir/recover-20220922/UBNA_001/20220921_090000.WAV,Telephone Field,recover-20220922,001,1795
208.9245,208.934,28046,36967,Eptesicus serotinus,0.009,0.025,-1,Echolocation,/mnt/ubna_data_02_mir/recover-20220922/UBNA_001/20220921_090000.WAV,Telephone Field,recover-20220922,001,1795
208.9655,209.0079,68437,83265,Rhinolophus ferrumequinum,0.053,0.053,-1,Echolocation,/mnt/ubna_data_02_mir/recover-20220922/UBNA_001/20220921_090000.WAV,Telephone Field,recover-20220922,001,1795
208.9835,209.0196,68437,81838,Rhinolophus ferrumequinum,0.026,0.027,-1,Echolocation,/mnt/ubna_data_02_mir/recover-20220922/UBNA_001/20220921_090000.WAV,Telephone Field,recover-20220922,001,1795
209.0315,209.0708,68437,81798,Rhinolophus ferrumequinum,0.022,0.022,-1,Echolocation,/mnt/ubna_data_02_mir/recover-20220922/UBNA_001/20220921_090000.WAV,Telephone Field,recover-20220922,001,1795
209.0365,209.0565,20312,23470,Nyctalus leisleri,0.021,0.037,-1,Echolocation,/mnt/ubna_data_02_mir/recover-20220922/UBNA_001/20220921_090000.WAV,Telephone Field,recover-20220922,001,1795
209.0725,209.1081,68437,80550,Rhinolophus ferrumequinum,0.023,0.023,-1,Echolocation,/mnt/ubna_data_02_mir/recover-20220922/UBNA_001/20220921_090000.WAV,Telephone Field,recover-20220922,001,1795
209.0735,209.0838,22031,27180,Nyctalus leisleri,0.01,0.022,-1,Echolocation,/mnt/ubna_data_02_mir/recover-20220922/UBNA_001/20220921_090000.WAV,Telephone Field,recover-20220922,001,1795
209.1325,209.1422,28906,37514,Eptesicus serotinus,0.009,0.022,-1,Echolocation,/mnt/ubna_data_02_mir/recover-20220922/UBNA_001/20220921_090000.WAV,Telephone Field,recover-20220922,001,1795
209.1505,209.1909,68437,82499,Rhinolophus ferrumequinum,0.034,0.034,-1,Echolocation,/mnt/ubna_data_02_mir/recover-20220922/UBNA_001/20220921_090000.WAV,Telephone Field,recover-20220922,001,1795
209.1685,209.2077,68437,82500,Rhinolophus ferrumequinum,0.023,0.023,-1,Echolocation,/mnt/ubna_data_02_mir/recover-20220922/UBNA_001/20220921_090000.WAV,Telephone Field,recover-20220922,001,1795
209.2635,209.2789,21171,25533,Nyctalus leisleri,0.014,0.027,-1,Echolocation,/mnt/ubna_data_02_mir/recover-20220922/UBNA_001/20220921_090000.WAV,Telephone Field,recover-20220922,001,1795
209.2745,209.3128,68437,81392,Rhinolophus ferrumequinum,0.023,0.023,-1,Echolocation,/mnt/ubna_data_02_mir/recover-20220922/UBNA_001/20220921_090000.WAV,Telephone Field,recover-20220922,001,1795
209.2905,209.3307,68437,82661,Rhinolophus ferrumequinum,0.029,0.029,-1,Echolocation,/mnt/ubna_data_02_mir/recover-20220922/UBNA_001/20220921_090000.WAV,Telephone Field,recover-20220922,001,1795
209.3065,209.3477,68437,82741,Rhinolophus ferrumequinum,0.026,0.026,-1,Echolocation,/mnt/ubna_data_02_mir/recover-20220922/UBNA_001/20220921_090000.WAV,Telephone Field,recover-20220922,001,1795
209.3085,209.318,27187,36034,Eptesicus serotinus,0.009,0.022,-1,Echolocation,/mnt/ubna_data_02_mir/recover-20220922/UBNA_001/20220921_090000.WAV,Telephone Field,recover-20220922,001,1795
209.33350000000002,209.3426,44375,50468,Pipistrellus pipistrellus,0.02,0.023,-1,Echolocation,/mnt/ubna_data_02_mir/recover-20220922/UBNA_001/20220921_090000.WAV,Telephone Field,recover-20220922,001,1795
209.3515,209.3908,68437,82302,Rhinolophus ferrumequinum,0.023,0.023,-1,Echolocation,/mnt/ubna_data_02_mir/recover-20220922/UBNA_001/20220921_090000.WAV,Telephone Field,recover-20220922,001,1795
209.3715,209.4104,68437,81522,Rhinolophus ferrumequinum,0.021,0.022,-1,Echolocation,/mnt/ubna_data_02_mir/recover-20220922/UBNA_001/20220921_090000.WAV,Telephone Field,recover-20220922,001,1795
209.3955,209.4318,68437,81401,Rhinolophus ferrumequinum,0.025,0.025,-1,Echolocation,/mnt/ubna_data_02_mir/recover-20220922/UBNA_001/20220921_090000.WAV,Telephone Field,recover-20220922,001,1795
209.3995,209.4119,23750,29664,Nyctalus leisleri,0.012,0.026,-1,Echolocation,/mnt/ubna_data_02_mir/recover-20220922/UBNA_001/20220921_090000.WAV,Telephone Field,recover-20220922,001,1795
209.4485,209.4888,68437,82530,Rhinolophus ferrumequinum,0.022,0.022,-1,Echolocation,/mnt/ubna_data_02_mir/recover-20220922/UBNA_001/20220921_090000.WAV,Telephone Field,recover-20220922,001,1795
209.5035,209.5272,17734,21018,Nyctalus noctula,0.036,0.052,-1,Echolocation,/mnt/ubna_data_02_mir/recover-20220922/UBNA_001/20220921_090000.WAV,Telephone Field,recover-20220922,001,1795
209.5135,209.5212,46953,51812,Pipistrellus pipistrellus,0.025,0.026,-1,Echolocation,/mnt/ubna_data_02_mir/recover-20220922/UBNA_001/20220921_090000.WAV,Telephone Field,recover-20220922,001,1795
209.6055,209.6159,47812,51282,Pipistrellus pipistrellus,0.041,0.043,-1,Echolocation,/mnt/ubna_data_02_mir/recover-20220922/UBNA_001/20220921_090000.WAV,Telephone Field,recover-20220922,001,1795
209.6155,209.6541,68437,82282,Rhinolophus ferrumequinum,0.022,0.022,-1,Echolocation,/mnt/ubna_data_02_mir/recover-20220922/UBNA_001/20220921_090000.WAV,Telephone Field,recover-20220922,001,1795
209.6185,209.6299,24609,30797,Nyctalus leisleri,0.012,0.028,-1,Echolocation,/mnt/ubna_data_02_mir/recover-20220922/UBNA_001/20220921_090000.WAV,Telephone Field,recover-20220922,001,1795
209.6245,209.6641,68437,82371,Rhinolophus ferrumequinum,0.023,0.023,-1,Echolocation,/mnt/ubna_data_02_mir/recover-20220922/UBNA_001/20220921_090000.WAV,Telephone Field,recover-20220922,001,1795
209.6625,209.6727,27187,34386,Eptesicus serotinus,0.015,0.032,-1,Echolocation,/mnt/ubna_data_02_mir/recover-20220922/UBNA_001/20220921_090000.WAV,Telephone Field,recover-20220922,001,1795
209.6765,209.6861,28906,37202,Eptesicus serotinus,0.009,0.024,-1,Echolocation,/mnt/ubna_data_02_mir/recover-20220922/UBNA_001/20220921_090000.WAV,Telephone Field,recover-20220922,001,1795
209.7035,209.7421,68437,82193,Rhinolophus ferrumequinum,0.027,0.027,-1,Echolocation,/mnt/ubna_data_02_mir/recover-20220922/UBNA_001/20220921_090000.WAV,Telephone Field,recover-20220922,001,1795
209.7175,209.7565,68437,81939,Rhinolophus ferrumequinum,0.033,0.033,-1,Echolocation,/mnt/ubna_data_02_mir/recover-20220922/UBNA_001/20220921_090000.WAV,Telephone Field,recover-20220922,001,1795
209.7235,209.7302,50390,56111,Pipistrellus pipistrellus,0.021,0.023,-1,Echolocation,/mnt/ubna_data_02_mir/recover-20220922/UBNA_001/20220921_090000.WAV,Telephone Field,recover-20220922,001,1795
209.7415,209.7812,68437,82670,Rhinolophus ferrumequinum,0.023,0.023,-1,Echolocation,/mnt/ubna_data_02_mir/recover-20220922/UBNA_001/20220921_090000.WAV,Telephone Field,recover-20220922,001,1795
209.7485,209.7551,24609,33957,Plecotus austriacus,0.008,0.023,-1,Echolocation,/mnt/ubna_data_02_mir/recover-20220922/UBNA_001/20220921_090000.WAV,Telephone Field,recover-20220922,001,1795
209.7565,209.7655,48671,53695,Pipistrellus pipistrellus,0.02,0.022,-1,Echolocation,/mnt/ubna_data_02_mir/recover-20220922/UBNA_001/20220921_090000.WAV,Telephone Field,recover-20220922,001,1795
209.8025,209.8406,68437,82241,Rhinolophus ferrumequinum,0.025,0.026,-1,Echolocation,/mnt/ubna_data_02_mir/recover-20220922/UBNA_001/20220921_090000.WAV,Telephone Field,recover-20220922,001,1795
209.8135,209.824,22890,28617,Nyctalus leisleri,0.012,0.025,-1,Echolocation,/mnt/ubna_data_02_mir/recover-20220922/UBNA_001/20220921_090000.WAV,Telephone Field,recover-20220922,001,1795
209.8305,209.84199999999998,22031,27023,Nyctalus leisleri,0.011,0.023,-1,Echolocation,/mnt/ubna_data_02_mir/recover-20220922/UBNA_001/20220921_090000.WAV,Telephone Field,recover-20220922,001,1795
209.8315,209.8409,28906,36571,Eptesicus serotinus,0.013,0.029,-1,Echolocation,/mnt/ubna_data_02_mir/recover-20220922/UBNA_001/20220921_090000.WAV,Telephone Field,recover-20220922,001,1795
209.8605,209.8963,68437,81545,Rhinolophus ferrumequinum,0.022,0.022,-1,Echolocation,/mnt/ubna_data_02_mir/recover-20220922/UBNA_001/20220921_090000.WAV,Telephone Field,recover-20220922,001,1795
209.8805,209.9207,68437,82816,Rhinolophus ferrumequinum,0.025,0.025,-1,Echolocation,/mnt/ubna_data_02_mir/recover-20220922/UBNA_001/20220921_090000.WAV,Telephone Field,recover-20220922,001,1795
209.9095,209.9202,28906,35767,Eptesicus serotinus,0.009,0.023,-1,Echolocation,/mnt/ubna_data_02_mir/recover-20220922/UBNA_001/20220921_090000.WAV,Telephone Field,recover-20220922,001,1795
209.9455,209.9856,68437,82065,Rhinolophus ferrumequinum,0.024,0.024,-1,Echolocation,/mnt/ubna_data_02_mir/recover-20220922/UBNA_001/20220921_090000.WAV,Telephone Field,recover-20220922,001,1795
209.9535,209.993,68437,82302,Rhinolophus ferrumequinum,0.023,0.023,-1,Echolocation,/mnt/ubna_data_02_mir/recover-20220922/UBNA_001/20220921_090000.WAV,Telephone Field,recover-20220922,001,1795
209.9785,209.9871,28906,37944,Eptesicus serotinus,0.007,0.022,-1,Echolocation,/mnt/ubna_data_02_mir/recover-20220922/UBNA_001/20220921_090000.WAV,Telephone Field,recover-20220922,001,1795
209.9875,209.9982,23750,29860,Nyctalus leisleri,0.009,0.022,-1,Echolocation,/mnt/ubna_data_02_mir/recover-20220922/UBNA_001/20220921_090000.WAV,Telephone Field,recover-20220922,001,1795
210.0015,210.0345,68437,80119,Rhinolophus ferrumequinum,0.069,0.069,-1,Echolocation,/mnt/ubna_data_02_mir/recover-20220922/UBNA_001/20220921_090000.WAV,Telephone Field,recover-20220922,001,1795
210.0015,210.0091,45234,50838,Pipistrellus pipistrellus,0.019,0.022,-1,Echolocation,/mnt/ubna_data_02_mir/recover-20220922/UBNA_001/20220921_090000.WAV,Telephone Field,recover-20220922,001,1795
210.0015,210.0127,21171,26044,Nyctalus leisleri,0.017,0.035,-1,Echolocation,/mnt/ubna_data_02_mir/recover-20220922/UBNA_001/20220921_090000.WAV,Telephone Field,recover-20220922,001,1795
210.0085,210.0521,68437,82370,Rhinolophus ferrumequinum,0.034,0.034,-1,Echolocation,/mnt/ubna_data_02_mir/recover-20220922/UBNA_001/20220921_090000.WAV,Telephone Field,recover-20220922,001,1795
210.0385,210.0442,51250,57323,Pipistrellus pipistrellus,0.018,0.025,-1,Echolocation,/mnt/ubna_data_02_mir/recover-20220922/UBNA_001/20220921_090000.WAV,Telephone Field,recover-20220922,001,1795
210.0405,210.0766,68437,80794,Rhinolophus ferrumequinum,0.042,0.042,-1,Echolocation,/mnt/ubna_data_02_mir/recover-20220922/UBNA_001/20220921_090000.WAV,Telephone Field,recover-20220922,001,1795
210.0655,210.1064,68437,82309,Rhinolophus ferrumequinum,0.023,0.023,-1,Echolocation,/mnt/ubna_data_02_mir/recover-20220922/UBNA_001/20220921_090000.WAV,Telephone Field,recover-20220922,001,1795
210.0725,210.0799,28046,40021,Eptesicus serotinus,0.008,0.025,-1,Echolocation,/mnt/ubna_data_02_mir/recover-20220922/UBNA_001/20220921_090000.WAV,Telephone Field,recover-20220922,001,1795
210.0955,210.1344,68437,82444,Rhinolophus ferrumequinum,0.023,0.023,-1,Echolocation,/mnt/ubna_data_02_mir/recover-20220922/UBNA_001/20220921_090000.WAV,Telephone Field,recover-20220922,001,1795
210.1205,210.1311,22890,28227,Nyctalus leisleri,0.011,0.024,-1,Echolocation,/mnt/ubna_data_02_mir/recover-20220922/UBNA_001/20220921_090000.WAV,Telephone Field,recover-20220922,001,1795
210.1235,210.1648,68437,82761,Rhinolophus ferrumequinum,0.036,0.036,-1,Echolocation,/mnt/ubna_data_02_mir/recover-20220922/UBNA_001/20220921_090000.WAV,Telephone Field,recover-20220922,001,1795
210.1405,210.1827,68437,83147,Rhinolophus ferrumequinum,0.029,0.029,-1,Echolocation,/mnt/ubna_data_02_mir/recover-20220922/UBNA_001/20220921_090000.WAV,Telephone Field,recover-20220922,001,1795
210.1815,210.1892,28906,40090,Eptesicus serotinus,0.007,0.022,-1,Echolocation,/mnt/ubna_data_02_mir/recover-20220922/UBNA_001/20220921_090000.WAV,Telephone Field,recover-20220922,001,1795
210.2175,210.2566,68437,82046,Rhinolophus ferrumequinum,0.022,0.022,-1,Echolocation,/mnt/ubna_data_02_mir/recover-20220922/UBNA_001/20220921_090000.WAV,Telephone Field,recover-20220922,001,1795
210.2265,210.2649,68437,82331,Rhinolophus ferrumequinum,0.021,0.021,-1,Echolocation,/mnt/ubna_data_02_mir/recover-20220922/UBNA_001/20220921_090000.WAV,Telephone Field,recover-20220922,001,1795
210.2555,210.2651,28906,36459,Eptesicus serotinus,0.009,0.022,-1,Echolocation,/mnt/ubna_data_02_mir/recover-20220922/UBNA_001/20220921_090000.WAV,Telephone Field,recover-20220922,001,1795
210.2645,210.3074,68437,83047,Rhinolophus ferrumequinum,0.027,0.027,-1,Echolocation,/mnt/ubna_data_02_mir/recover-20220922/UBNA_001/20220921_090000.WAV,Telephone Field,recover-20220922,001,1795
210.2685,210.2758,26328,38141,Eptesicus serotinus,0.006,0.021,-1,Echolocation,/mnt/ubna_data_02_mir/recover-20220922/UBNA_001/20220921_090000.WAV,Telephone Field,recover-20220922,001,1795
210.2875,210.3275,68437,81994,Rhinolophus ferrumequinum,0.021,0.021,-1,Echolocation,/mnt/ubna_data_02_mir/recover-20220922/UBNA_001/20220921_090000.WAV,Telephone Field,recover-20220922,001,1795
210.2925,210.3024,26328,33594,Eptesicus serotinus,0.01,0.025,-1,Echolocation,/mnt/ubna_data_02_mir/recover-20220922/UBNA_001/20220921_090000.WAV,Telephone Field,recover-20220922,001,1795
210.3225,210.3642,68437,82836,Rhinolophus ferrumequinum,0.036,0.036,-1,Echolocation,/mnt/ubna_data_02_mir/recover-20220922/UBNA_001/20220921_090000.WAV,Telephone Field,recover-20220922,001,1795
210.3405,210.3501,27187,36216,Eptesicus serotinus,0.01,0.025,-1,Echolocation,/mnt/ubna_data_02_mir/recover-20220922/UBNA_001/20220921_090000.WAV,Telephone Field,recover-20220922,001,1795
210.3805,210.4218,68437,82772,Rhinolophus ferrumequinum,0.025,0.025,-1,Echolocation,/mnt/ubna_data_02_mir/recover-20220922/UBNA_001/20220921_090000.WAV,Telephone Field,recover-20220922,001,1795
210.4085,210.443,68437,80941,Rhinolophus ferrumequinum,0.025,0.025,-1,Echolocation,/mnt/ubna_data_02_mir/recover-20220922/UBNA_001/20220921_090000.WAV,Telephone Field,recover-20220922,001,1795
210.4145,210.4472,68437,80213,Rhinolophus ferrumequinum,0.024,0.024,-1,Echolocation,/mnt/ubna_data_02_mir/recover-20220922/UBNA_001/20220921_090000.WAV,Telephone Field,recover-20220922,001,1795
210.4225,210.455,68437,80530,Rhinolophus ferrumequinum,0.021,0.022,-1,Echolocation,/mnt/ubna_data_02_mir/recover-20220922/UBNA_001/20220921_090000.WAV,Telephone Field,recover-20220922,001,1795
210.4275,210.437,28906,36167,Eptesicus serotinus,0.013,0.027,-1,Echolocation,/mnt/ubna_data_02_mir/recover-20220922/UBNA_001/20220921_090000.WAV,Telephone Field,recover-20220922,001,1795
210.4305,210.4378,13437,28304,Plecotus auritus,0.023,0.029,-1,Echolocation,/mnt/ubna_data_02_mir/recover-20220922/UBNA_001/20220921_090000.WAV,Telephone Field,recover-20220922,001,1795
210.4565,210.497,68437,82392,Rhinolophus ferrumequinum,0.022,0.022,-1,Echolocation,/mnt/ubna_data_02_mir/recover-20220922/UBNA_001/20220921_090000.WAV,Telephone Field,recover-20220922,001,1795
210.4615,210.4696,28046,40512,Eptesicus serotinus,0.009,0.025,-1,Echolocation,/mnt/ubna_data_02_mir/recover-20220922/UBNA_001/20220921_090000.WAV,Telephone Field,recover-20220922,001,1795
210.4955,210.5341,68437,81713,Rhinolophus ferrumequinum,0.026,0.026,-1,Echolocation,/mnt/ubna_data_02_mir/recover-20220922/UBNA_001/20220921_090000.WAV,Telephone Field,recover-20220922,001,1795
210.4985,210.5076,27187,36927,Eptesicus serotinus,0.008,0.021,-1,Echolocation,/mnt/ubna_data_02_mir/recover-20220922/UBNA_001/20220921_090000.WAV,Telephone Field,recover-20220922,001,1795
210.5105,210.5475,68437,81969,Rhinolophus ferrumequinum,0.022,0.022,-1,Echolocation,/mnt/ubna_data_02_mir/recover-20220922/UBNA_001/20220921_090000.WAV,Telephone Field,recover-20220922,001,1795
210.5145,210.5246,26328,33213,Eptesicus serotinus,0.011,0.024,-1,Echolocation,/mnt/ubna_data_02_mir/recover-20220922/UBNA_001/20220921_090000.WAV,Telephone Field,recover-20220922,001,1795
210.5255,210.5656,68437,82667,Rhinolophus ferrumequinum,0.024,0.024,-1,Echolocation,/mnt/ubna_data_02_mir/recover-20220922/UBNA_001/20220921_090000.WAV,Telephone Field,recover-20220922,001,1795
210.5425,210.5508,28906,39825,Eptesicus serotinus,0.007,0.022,-1,Echolocation,/mnt/ubna_data_02_mir/recover-20220922/UBNA_001/20220921_090000.WAV,Telephone Field,recover-20220922,001,1795
210.5755,210.6164,68437,82461,Rhinolophus ferrumequinum,0.025,0.025,-1,Echolocation,/mnt/ubna_data_02_mir/recover-20220922/UBNA_001/20220921_090000.WAV,Telephone Field,recover-20220922,001,1795
210.6515,210.666,15156,21281,Nyctalus noctula,0.019,0.025,-1,Echolocation,/mnt/ubna_data_02_mir/recover-20220922/UBNA_001/20220921_090000.WAV,Telephone Field,recover-20220922,001,1795
210.6625,210.7005,68437,81663,Rhinolophus ferrumequinum,0.024,0.024,-1,Echolocation,/mnt/ubna_data_02_mir/recover-20220922/UBNA_001/20220921_090000.WAV,Telephone Field,recover-20220922,001,1795
210.6775,210.7155,68437,81572,Rhinolophus ferrumequinum,0.021,0.021,-1,Echolocation,/mnt/ubna_data_02_mir/recover-20220922/UBNA_001/20220921_090000.WAV,Telephone Field,recover-20220922,001,1795
210.6825,210.7215,68437,81686,Rhinolophus ferrumequinum,0.022,0.022,-1,Echolocation,/mnt/ubna_data_02_mir/recover-20220922/UBNA_001/20220921_090000.WAV,Telephone Field,recover-20220922,001,1795
210.6855,210.6942,24609,32024,Eptesicus serotinus,0.008,0.023,-1,Echolocation,/mnt/ubna_data_02_mir/recover-20220922/UBNA_001/20220921_090000.WAV,Telephone Field,recover-20220922,001,1795
210.7635,210.8008,68437,81367,Rhinolophus ferrumequinum,0.023,0.023,-1,Echolocation,/mnt/ubna_data_02_mir/recover-20220922/UBNA_001/20220921_090000.WAV,Telephone Field,recover-20220922,001,1795
210.7705,210.779,28046,36695,Eptesicus serotinus,0.073,0.115,-1,Echolocation,/mnt/ubna_data_02_mir/recover-20220922/UBNA_001/20220921_090000.WAV,Telephone Field,recover-20220922,001,1795
210.7785,210.815,68437,81188,Rhinolophus ferrumequinum,0.021,0.021,-1,Echolocation,/mnt/ubna_data_02_mir/recover-20220922/UBNA_001/20220921_090000.WAV,Telephone Field,recover-20220922,001,1795
210.8125,210.8488,68437,81743,Rhinolophus ferrumequinum,0.021,0.021,-1,Echolocation,/mnt/ubna_data_02_mir/recover-20220922/UBNA_001/20220921_090000.WAV,Telephone Field,recover-20220922,001,1795
210.8275,210.8693,68437,82805,Rhinolophus ferrumequinum,0.026,0.026,-1,Echolocation,/mnt/ubna_data_02_mir/recover-20220922/UBNA_001/20220921_090000.WAV,Telephone Field,recover-20220922,001,1795
210.8655,210.904,68437,81994,Rhinolophus ferrumequinum,0.021,0.021,-1,Echolocation,/mnt/ubna_data_02_mir/recover-20220922/UBNA_001/20220921_090000.WAV,Telephone Field,recover-20220922,001,1795
210.8875,210.9267,68437,82549,Rhinolophus ferrumequinum,0.023,0.023,-1,Echolocation,/mnt/ubna_data_02_mir/recover-20220922/UBNA_001/20220921_090000.WAV,Telephone Field,recover-20220922,001,1795
210.9175,210.9581,68437,82620,Rhinolophus ferrumequinum,0.022,0.022,-1,Echolocation,/mnt/ubna_data_02_mir/recover-20220922/UBNA_001/20220921_090000.WAV,Telephone Field,recover-20220922,001,1795
210.9415,210.9802,68437,82224,Rhinolophus ferrumequinum,0.021,0.021,-1,Echolocation,/mnt/ubna_data_02_mir/recover-20220922/UBNA_001/20220921_090000.WAV,Telephone Field,recover-20220922,001,1795
210.9875,211.0247,68437,81800,Rhinolophus ferrumequinum,0.022,0.022,-1,Echolocation,/mnt/ubna_data_02_mir/recover-20220922/UBNA_001/20220921_090000.WAV,Telephone Field,recover-20220922,001,1795
211.0095,211.0535,68437,83470,Rhinolophus ferrumequinum,0.036,0.036,-1,Echolocation,/mnt/ubna_data_02_mir/recover-20220922/UBNA_001/20220921_090000.WAV,Telephone Field,recover-20220922,001,1795
211.0435,211.0815,68437,81371,Rhinolophus ferrumequinum,0.023,0.023,-1,Echolocation,/mnt/ubna_data_02_mir/recover-20220922/UBNA_001/20220921_090000.WAV,Telephone Field,recover-20220922,001,1795
211.0635,211.1054,68437,82614,Rhinolophus ferrumequinum,0.023,0.023,-1,Echolocation,/mnt/ubna_data_02_mir/recover-20220922/UBNA_001/20220921_090000.WAV,Telephone Field,recover-20220922,001,1795
211.0885,211.0996,28046,34719,Eptesicus serotinus,0.013,0.027,-1,Echolocation,/mnt/ubna_data_02_mir/recover-20220922/UBNA_001/20220921_090000.WAV,Telephone Field,recover-20220922,001,1795
211.0925,211.1312,68437,82087,Rhinolophus ferrumequinum,0.022,0.022,-1,Echolocation,/mnt/ubna_data_02_mir/recover-20220922/UBNA_001/20220921_090000.WAV,Telephone Field,recover-20220922,001,1795
211.1145,211.1517,68437,81598,Rhinolophus ferrumequinum,0.024,0.024,-1,Echolocation,/mnt/ubna_data_02_mir/recover-20220922/UBNA_001/20220921_090000.WAV,Telephone Field,recover-20220922,001,1795
211.1315,211.1645,68437,80784,Rhinolophus ferrumequinum,0.022,0.022,-1,Echolocation,/mnt/ubna_data_02_mir/recover-20220922/UBNA_001/20220921_090000.WAV,Telephone Field,recover-20220922,001,1795
211.1315,211.1389,28046,40498,Eptesicus serotinus,0.007,0.021,-1,Echolocation,/mnt/ubna_data_02_mir/recover-20220922/UBNA_001/20220921_090000.WAV,Telephone Field,recover-20220922,001,1795
211.1775,211.215,68437,81965,Rhinolophus ferrumequinum,0.024,0.024,-1,Echolocation,/mnt/ubna_data_02_mir/recover-20220922/UBNA_001/20220921_090000.WAV,Telephone Field,recover-20220922,001,1795
211.1975,211.2409,68437,83307,Rhinolophus ferrumequinum,0.035,0.035,-1,Echolocation,/mnt/ubna_data_02_mir/recover-20220922/UBNA_001/20220921_090000.WAV,Telephone Field,recover-20220922,001,1795
211.2235,211.2316,27187,37696,Eptesicus serotinus,0.007,0.021,-1,Echolocation,/mnt/ubna_data_02_mir/recover-20220922/UBNA_001/20220921_090000.WAV,Telephone Field,recover-20220922,001,1795
211.2245,211.2362,37500,41801,Pipistrellus nathusii,0.018,0.04,-1,Echolocation,/mnt/ubna_data_02_mir/recover-20220922/UBNA_001/20220921_090000.WAV,Telephone Field,recover-20220922,001,1795
211.2465,211.2855,68437,81862,Rhinolophus ferrumequinum,0.027,0.027,-1,Echolocation,/mnt/ubna_data_02_mir/recover-20220922/UBNA_001/20220921_090000.WAV,Telephone Field,recover-20220922,001,1795
211.2735,211.3092,68437,81604,Rhinolophus ferrumequinum,0.022,0.022,-1,Echolocation,/mnt/ubna_data_02_mir/recover-20220922/UBNA_001/20220921_090000.WAV,Telephone Field,recover-20220922,001,1795
211.2985,211.3067,27187,38298,Eptesicus serotinus,0.007,0.021,-1,Echolocation,/mnt/ubna_data_02_mir/recover-20220922/UBNA_001/20220921_090000.WAV,Telephone Field,recover-20220922,001,1795
211.3415,211.3824,68437,82534,Rhinolophus ferrumequinum,0.024,0.024,-1,Echolocation,/mnt/ubna_data_02_mir/recover-20220922/UBNA_001/20220921_090000.WAV,Telephone Field,recover-20220922,001,1795
211.3795,211.417,68437,81752,Rhinolophus ferrumequinum,0.021,0.021,-1,Echolocation,/mnt/ubna_data_02_mir/recover-20220922/UBNA_001/20220921_090000.WAV,Telephone Field,recover-20220922,001,1795
211.3845,211.393,25468,34957,Eptesicus serotinus,0.011,0.031,-1,Echolocation,/mnt/ubna_data_02_mir/recover-20220922/UBNA_001/20220921_090000.WAV,Telephone Field,recover-20220922,001,1795
211.4175,211.4565,68437,82041,Rhinolophus ferrumequinum,0.026,0.026,-1,Echolocation,/mnt/ubna_data_02_mir/recover-20220922/UBNA_001/20220921_090000.WAV,Telephone Field,recover-20220922,001,1795
211.4275,211.4386,28906,36073,Eptesicus serotinus,0.01,0.023,-1,Echolocation,/mnt/ubna_data_02_mir/recover-20220922/UBNA_001/20220921_090000.WAV,Telephone Field,recover-20220922,001,1795
211.4345,211.4435,28046,37268,Eptesicus serotinus,0.008,0.022,-1,Echolocation,/mnt/ubna_data_02_mir/recover-20220922/UBNA_001/20220921_090000.WAV,Telephone Field,recover-20220922,001,1795
211.4685,211.4777,23750,31302,Plecotus austriacus,0.006,0.022,-1,Echolocation,/mnt/ubna_data_02_mir/recover-20220922/UBNA_001/20220921_090000.WAV,Telephone Field,recover-20220922,001,1795
211.4775,211.4872,28046,36387,Eptesicus serotinus,0.01,0.022,-1,Echolocation,/mnt/ubna_data_02_mir/recover-20220922/UBNA_001/20220921_090000.WAV,Telephone Field,recover-20220922,001,1795
211.5555,211.594,68437,82059,Rhinolophus ferrumequinum,0.022,0.022,-1,Echolocation,/mnt/ubna_data_02_mir/recover-20220922/UBNA_001/20220921_090000.WAV,Telephone Field,recover-20220922,001,1795
211.5755,211.6155,68437,82350,Rhinolophus ferrumequinum,0.025,0.025,-1,Echolocation,/mnt/ubna_data_02_mir/recover-20220922/UBNA_001/20220921_090000.WAV,Telephone Field,recover-20220922,001,1795
211.5755,211.5859,28906,37464,Eptesicus serotinus,0.009,0.024,-1,Echolocation,/mnt/ubna_data_02_mir/recover-20220922/UBNA_001/20220921_090000.WAV,Telephone Field,recover-20220922,001,1795
211.5825,211.5948,25468,31171,Nyctalus leisleri,0.009,0.023,-1,Echolocation,/mnt/ubna_data_02_mir/recover-20220922/UBNA_001/20220921_090000.WAV,Telephone Field,recover-20220922,001,1795
211.6265,211.6661,68437,82482,Rhinolophus ferrumequinum,0.024,0.024,-1,Echolocation,/mnt/ubna_data_02_mir/recover-20220922/UBNA_001/20220921_090000.WAV,Telephone Field,recover-20220922,001,1795
211.6425,211.681,68437,82185,Rhinolophus ferrumequinum,0.021,0.021,-1,Echolocation,/mnt/ubna_data_02_mir/recover-20220922/UBNA_001/20220921_090000.WAV,Telephone Field,recover-20220922,001,1795
211.6445,211.6543,26328,34970,Eptesicus serotinus,0.013,0.025,-1,Echolocation,/mnt/ubna_data_02_mir/recover-20220922/UBNA_001/20220921_090000.WAV,Telephone Field,recover-20220922,001,1795
211.6715,211.6802,28906,39991,Eptesicus serotinus,0.008,0.022,-1,Echolocation,/mnt/ubna_data_02_mir/recover-20220922/UBNA_001/20220921_090000.WAV,Telephone Field,recover-20220922,001,1795
211.6905,211.7001,44375,48247,Pipistrellus pipistrellus,0.02,0.021,-1,Echolocation,/mnt/ubna_data_02_mir/recover-20220922/UBNA_001/20220921_090000.WAV,Telephone Field,recover-20220922,001,1795
211.7275,211.7672,68437,82198,Rhinolophus ferrumequinum,0.024,0.024,-1,Echolocation,/mnt/ubna_data_02_mir/recover-20220922/UBNA_001/20220921_090000.WAV,Telephone Field,recover-20220922,001,1795
211.7405,211.7844,68437,83573,Rhinolophus ferrumequinum,0.031,0.031,-1,Echolocation,/mnt/ubna_data_02_mir/recover-20220922/UBNA_001/20220921_090000.WAV,Telephone Field,recover-20220922,001,1795
211.7455,211.7563,23750,28851,Nyctalus leisleri,0.01,0.021,-1,Echolocation,/mnt/ubna_data_02_mir/recover-20220922/UBNA_001/20220921_090000.WAV,Telephone Field,recover-20220922,001,1795
211.7655,211.8034,68437,82280,Rhinolophus ferrumequinum,0.022,0.022,-1,Echolocation,/mnt/ubna_data_02_mir/recover-20220922/UBNA_001/20220921_090000.WAV,Telephone Field,recover-20220922,001,1795
211.7785,211.7904,23750,28081,Nyctalus leisleri,0.013,0.026,-1,Echolocation,/mnt/ubna_data_02_mir/recover-20220922/UBNA_001/20220921_090000.WAV,Telephone Field,recover-20220922,001,1795
211.7945,211.8034,28046,39431,Eptesicus serotinus,0.009,0.022,-1,Echolocation,/mnt/ubna_data_02_mir/recover-20220922/UBNA_001/20220921_090000.WAV,Telephone Field,recover-20220922,001,1795
211.8065,211.8438,68437,81646,Rhinolophus ferrumequinum,0.023,0.023,-1,Echolocation,/mnt/ubna_data_02_mir/recover-20220922/UBNA_001/20220921_090000.WAV,Telephone Field,recover-20220922,001,1795
211.8155,211.8555,68437,82364,Rhinolophus ferrumequinum,0.021,0.021,-1,Echolocation,/mnt/ubna_data_02_mir/recover-20220922/UBNA_001/20220921_090000.WAV,Telephone Field,recover-20220922,001,1795
211.8435,211.878,68437,81305,Rhinolophus ferrumequinum,0.023,0.023,-1,Echolocation,/mnt/ubna_data_02_mir/recover-20220922/UBNA_001/20220921_090000.WAV,Telephone Field,recover-20220922,001,1795
211.8705,211.9109,68437,83100,Rhinolophus ferrumequinum,0.023,0.023,-1,Echolocation,/mnt/ubna_data_02_mir/recover-20220922/UBNA_001/20220921_090000.WAV,Telephone Field,recover-20220922,001,1795
211.9035,211.9433,68437,82492,Rhinolophus ferrumequinum,0.027,0.027,-1,Echolocation,/mnt/ubna_data_02_mir/recover-20220922/UBNA_001/20220921_090000.WAV,Telephone Field,recover-20220922,001,1795
211.9125,211.9229,22890,28746,Nyctalus leisleri,0.012,0.029,-1,Echolocation,/mnt/ubna_data_02_mir/recover-20220922/UBNA_001/20220921_090000.WAV,Telephone Field,recover-20220922,001,1795
211.9165,211.9502,68437,80995,Rhinolophus ferrumequinum,0.022,0.022,-1,Echolocation,/mnt/ubna_data_02_mir/recover-20220922/UBNA_001/20220921_090000.WAV,Telephone Field,recover-20220922,001,1795
211.9375,211.9552,22031,25647,Nyctalus leisleri,0.014,0.022,-1,Echolocation,/mnt/ubna_data_02_mir/recover-20220922/UBNA_001/20220921_090000.WAV,Telephone Field,recover-20220922,001,1795
211.9605,211.9959,68437,81416,Rhinolophus ferrumequinum,0.03,0.03,-1,Echolocation,/mnt/ubna_data_02_mir/recover-20220922/UBNA_001/20220921_090000.WAV,Telephone Field,recover-20220922,001,1795
211.9865,211.997,23750,31213,Nyctalus leisleri,0.008,0.023,-1,Echolocation,/mnt/ubna_data_02_mir/recover-20220922/UBNA_001/20220921_090000.WAV,Telephone Field,recover-20220922,001,1795
212.0015,212.0143,18593,23254,Nyctalus leisleri,0.011,0.027,-1,Echolocation,/mnt/ubna_data_02_mir/recover-20220922/UBNA_001/20220921_090000.WAV,Telephone Field,recover-20220922,001,1795
212.0015,212.0117,47812,54435,Pipistrellus pipistrellus,0.015,0.022,-1,Echolocation,/mnt/ubna_data_02_mir/recover-20220922/UBNA_001/20220921_090000.WAV,Telephone Field,recover-20220922,001,1795
212.0015,212.0337,68437,79607,Rhinolophus ferrumequinum,0.024,0.024,-1,Echolocation,/mnt/ubna_data_02_mir/recover-20220922/UBNA_001/20220921_090000.WAV,Telephone Field,recover-20220922,001,1795
212.0015,212.0101,27187,36868,Eptesicus serotinus,0.006,0.024,-1,Echolocation,/mnt/ubna_data_02_mir/recover-20220922/UBNA_001/20220921_090000.WAV,Telephone Field,recover-20220922,001,1795
212.0085,212.0496,68437,81726,Rhinolophus ferrumequinum,0.024,0.024,-1,Echolocation,/mnt/ubna_data_02_mir/recover-20220922/UBNA_001/20220921_090000.WAV,Telephone Field,recover-20220922,001,1795
212.0235,212.034,27187,33466,Eptesicus serotinus,0.011,0.026,-1,Echolocation,/mnt/ubna_data_02_mir/recover-20220922/UBNA_001/20220921_090000.WAV,Telephone Field,recover-20220922,001,1795
212.0385,212.0465,29765,40377,Myotis daubentonii,0.007,0.022,-1,Echolocation,/mnt/ubna_data_02_mir/recover-20220922/UBNA_001/20220921_090000.WAV,Telephone Field,recover-20220922,001,1795
212.0695,212.1097,68437,82722,Rhinolophus ferrumequinum,0.024,0.024,-1,Echolocation,/mnt/ubna_data_02_mir/recover-20220922/UBNA_001/20220921_090000.WAV,Telephone Field,recover-20220922,001,1795
212.1305,212.17,68437,82378,Rhinolophus ferrumequinum,0.042,0.042,-1,Echolocation,/mnt/ubna_data_02_mir/recover-20220922/UBNA_001/20220921_090000.WAV,Telephone Field,recover-20220922,001,1795
212.1315,212.1408,25468,33706,Eptesicus serotinus,0.011,0.029,-1,Echolocation,/mnt/ubna_data_02_mir/recover-20220922/UBNA_001/20220921_090000.WAV,Telephone Field,recover-20220922,001,1795
212.1625,212.203,68437,82449,Rhinolophus ferrumequinum,0.024,0.024,-1,Echolocation,/mnt/ubna_data_02_mir/recover-20220922/UBNA_001/20220921_090000.WAV,Telephone Field,recover-20220922,001,1795
212.1855,212.2247,68437,82746,Rhinolophus ferrumequinum,0.023,0.023,-1,Echolocation,/mnt/ubna_data_02_mir/recover-20220922/UBNA_001/20220921_090000.WAV,Telephone Field,recover-20220922,001,1795
212.2005,212.2112,28906,36087,Eptesicus serotinus,0.013,0.026,-1,Echolocation,/mnt/ubna_data_02_mir/recover-20220922/UBNA_001/20220921_090000.WAV,Telephone Field,recover-20220922,001,1795
212.2305,212.2374,28046,38424,Eptesicus serotinus,0.006,0.025,-1,Echolocation,/mnt/ubna_data_02_mir/recover-20220922/UBNA_001/20220921_090000.WAV,Telephone Field,recover-20220922,001,1795
212.2505,212.2923,68437,82743,Rhinolophus ferrumequinum,0.024,0.024,-1,Echolocation,/mnt/ubna_data_02_mir/recover-20220922/UBNA_001/20220921_090000.WAV,Telephone Field,recover-20220922,001,1795
212.2525,212.2634,23750,30414,Nyctalus leisleri,0.009,0.024,-1,Echolocation,/mnt/ubna_data_02_mir/recover-20220922/UBNA_001/20220921_090000.WAV,Telephone Field,recover-20220922,001,1795
212.2605,212.3006,68437,82726,Rhinolophus ferrumequinum,0.026,0.026,-1,Echolocation,/mnt/ubna_data_02_mir/recover-20220922/UBNA_001/20220921_090000.WAV,Telephone Field,recover-20220922,001,1795
212.2735,212.2833,28046,36201,Eptesicus serotinus,0.01,0.023,-1,Echolocation,/mnt/ubna_data_02_mir/recover-20220922/UBNA_001/20220921_090000.WAV,Telephone Field,recover-20220922,001,1795
212.2935,212.3043,28046,34782,Eptesicus serotinus,0.012,0.026,-1,Echolocation,/mnt/ubna_data_02_mir/recover-20220922/UBNA_001/20220921_090000.WAV,Telephone Field,recover-20220922,001,1795
212.3005,212.3389,68437,82038,Rhinolophus ferrumequinum,0.024,0.024,-1,Echolocation,/mnt/ubna_data_02_mir/recover-20220922/UBNA_001/20220921_090000.WAV,Telephone Field,recover-20220922,001,1795
212.3055,212.3462,68437,82824,Rhinolophus ferrumequinum,0.024,0.024,-1,Echolocation,/mnt/ubna_data_02_mir/recover-20220922/UBNA_001/20220921_090000.WAV,Telephone Field,recover-20220922,001,1795
212.3085,212.3147,27187,37890,Eptesicus serotinus,0.009,0.036,-1,Echolocation,/mnt/ubna_data_02_mir/recover-20220922/UBNA_001/20220921_090000.WAV,Telephone Field,recover-20220922,001,1795
212.3255,212.3633,68437,81818,Rhinolophus ferrumequinum,0.024,0.024,-1,Echolocation,/mnt/ubna_data_02_mir/recover-20220922/UBNA_001/20220921_090000.WAV,Telephone Field,recover-20220922,001,1795
212.3315,212.3678,68437,81700,Rhinolophus ferrumequinum,0.025,0.025,-1,Echolocation,/mnt/ubna_data_02_mir/recover-20220922/UBNA_001/20220921_090000.WAV,Telephone Field,recover-20220922,001,1795
212.3495,212.3932,68437,83618,Rhinolophus ferrumequinum,0.047,0.047,-1,Echolocation,/mnt/ubna_data_02_mir/recover-20220922/UBNA_001/20220921_090000.WAV,Telephone Field,recover-20220922,001,1795
212.3915,212.4325,68437,83115,Rhinolophus ferrumequinum,0.027,0.027,-1,Echolocation,/mnt/ubna_data_02_mir/recover-20220922/UBNA_001/20220921_090000.WAV,Telephone Field,recover-20220922,001,1795
212.4025,212.4444,68437,83029,Rhinolophus ferrumequinum,0.026,0.026,-1,Echolocation,/mnt/ubna_data_02_mir/recover-20220922/UBNA_001/20220921_090000.WAV,Telephone Field,recover-20220922,001,1795
212.4375,212.476,68437,82643,Rhinolophus ferrumequinum,0.025,0.025,-1,Echolocation,/mnt/ubna_data_02_mir/recover-20220922/UBNA_001/20220921_090000.WAV,Telephone Field,recover-20220922,001,1795
212.4595,212.4997,68437,82504,Rhinolophus ferrumequinum,0.023,0.023,-1,Echolocation,/mnt/ubna_data_02_mir/recover-20220922/UBNA_001/20220921_090000.WAV,Telephone Field,recover-20220922,001,1795
212.4865,212.5275,68437,82749,Rhinolophus ferrumequinum,0.024,0.024,-1,Echolocation,/mnt/ubna_data_02_mir/recover-20220922/UBNA_001/20220921_090000.WAV,Telephone Field,recover-20220922,001,1795
212.4875,212.4958,28046,36708,Eptesicus serotinus,0.008,0.022,-1,Echolocation,/mnt/ubna_data_02_mir/recover-20220922/UBNA_001/20220921_090000.WAV,Telephone Field,recover-20220922,001,1795
212.5055,212.5444,68437,81725,Rhinolophus ferrumequinum,0.027,0.027,-1,Echolocation,/mnt/ubna_data_02_mir/recover-20220922/UBNA_001/20220921_090000.WAV,Telephone Field,recover-20220922,001,1795
212.5275,212.5646,68437,81551,Rhinolophus ferrumequinum,0.022,0.022,-1,Echolocation,/mnt/ubna_data_02_mir/recover-20220922/UBNA_001/20220921_090000.WAV,Telephone Field,recover-20220922,001,1795
212.5305,212.5383,23750,31895,Plecotus austriacus,0.008,0.022,-1,Echolocation,/mnt/ubna_data_02_mir/recover-20220922/UBNA_001/20220921_090000.WAV,Telephone Field,recover-20220922,001,1795
212.5615,212.5719,22890,28038,Nyctalus leisleri,0.01,0.022,-1,Echolocation,/mnt/ubna_data_02_mir/recover-20220922/UBNA_001/20220921_090000.WAV,Telephone Field,recover-20220922,001,1795
212.5825,212.6195,68437,81562,Rhinolophus ferrumequinum,0.022,0.022,-1,Echolocation,/mnt/ubna_data_02_mir/recover-20220922/UBNA_001/20220921_090000.WAV,Telephone Field,recover-20220922,001,1795
212.5875,212.5981,23750,29157,Nyctalus leisleri,0.012,0.025,-1,Echolocation,/mnt/ubna_data_02_mir/recover-20220922/UBNA_001/20220921_090000.WAV,Telephone Field,recover-20220922,001,1795
212.5975,212.6337,68437,81610,Rhinolophus ferrumequinum,0.022,0.022,-1,Echolocation,/mnt/ubna_data_02_mir/recover-20220922/UBNA_001/20220921_090000.WAV,Telephone Field,recover-20220922,001,1795
212.6015,212.6111,26328,34676,Eptesicus serotinus,0.01,0.023,-1,Echolocation,/mnt/ubna_data_02_mir/recover-20220922/UBNA_001/20220921_090000.WAV,Telephone Field,recover-20220922,001,1795
212.6485,212.656,27187,40521,Eptesicus serotinus,0.006,0.022,-1,Echolocation,/mnt/ubna_data_02_mir/recover-20220922/UBNA_001/20220921_090000.WAV,Telephone Field,recover-20220922,001,1795
212.6565,212.6645,26328,37462,Eptesicus serotinus,0.007,0.023,-1,Echolocation,/mnt/ubna_data_02_mir/recover-20220922/UBNA_001/20220921_090000.WAV,Telephone Field,recover-20220922,001,1795
212.6575,212.6973,68437,82321,Rhinolophus ferrumequinum,0.024,0.024,-1,Echolocation,/mnt/ubna_data_02_mir/recover-20220922/UBNA_001/20220921_090000.WAV,Telephone Field,recover-20220922,001,1795
212.6845,212.6953,22890,27940,Nyctalus leisleri,0.012,0.025,-1,Echolocation,/mnt/ubna_data_02_mir/recover-20220922/UBNA_001/20220921_090000.WAV,Telephone Field,recover-20220922,001,1795
212.6915,212.7332,68437,82255,Rhinolophus ferrumequinum,0.034,0.034,-1,Echolocation,/mnt/ubna_data_02_mir/recover-20220922/UBNA_001/20220921_090000.WAV,Telephone Field,recover-20220922,001,1795
212.6995,212.7108,23750,29222,Nyctalus leisleri,0.012,0.027,-1,Echolocation,/mnt/ubna_data_02_mir/recover-20220922/UBNA_001/20220921_090000.WAV,Telephone Field,recover-20220922,001,1795
212.7265,212.7339,47812,52542,Pipistrellus pipistrellus,0.034,0.035,-1,Echolocation,/mnt/ubna_data_02_mir/recover-20220922/UBNA_001/20220921_090000.WAV,Telephone Field,recover-20220922,001,1795
212.7345,212.7719,68437,82121,Rhinolophus ferrumequinum,0.022,0.022,-1,Echolocation,/mnt/ubna_data_02_mir/recover-20220922/UBNA_001/20220921_090000.WAV,Telephone Field,recover-20220922,001,1795
212.7435,212.7809,68437,81730,Rhinolophus ferrumequinum,0.022,0.022,-1,Echolocation,/mnt/ubna_data_02_mir/recover-20220922/UBNA_001/20220921_090000.WAV,Telephone Field,recover-20220922,001,1795
212.7645,212.8036,68437,82248,Rhinolophus ferrumequinum,0.023,0.023,-1,Echolocation,/mnt/ubna_data_02_mir/recover-20220922/UBNA_001/20220921_090000.WAV,Telephone Field,recover-20220922,001,1795
212.7655,212.7739,50390,55200,Pipistrellus pipistrellus,0.029,0.032,-1,Echolocation,/mnt/ubna_data_02_mir/recover-20220922/UBNA_001/20220921_090000.WAV,Telephone Field,recover-20220922,001,1795
212.8095,212.8243,44375,48256,Pipistrellus pipistrellus,0.067,0.082,-1,Echolocation,/mnt/ubna_data_02_mir/recover-20220922/UBNA_001/20220921_090000.WAV,Telephone Field,recover-20220922,001,1795
212.8135,212.8503,68437,81392,Rhinolophus ferrumequinum,0.022,0.022,-1,Echolocation,/mnt/ubna_data_02_mir/recover-20220922/UBNA_001/20220921_090000.WAV,Telephone Field,recover-20220922,001,1795
212.8445,212.8849,68437,82981,Rhinolophus ferrumequinum,0.034,0.034,-1,Echolocation,/mnt/ubna_data_02_mir/recover-20220922/UBNA_001/20220921_090000.WAV,Telephone Field,recover-20220922,001,1795
212.8545,212.8925,68437,82021,Rhinolophus ferrumequinum,0.022,0.022,-1,Echolocation,/mnt/ubna_data_02_mir/recover-20220922/UBNA_001/20220921_090000.WAV,Telephone Field,recover-20220922,001,1795
212.8845,212.8943,26328,35269,Eptesicus serotinus,0.012,0.029,-1,Echolocation,/mnt/ubna_data_02_mir/recover-20220922/UBNA_001/20220921_090000.WAV,Telephone Field,recover-20220922,001,1795
212.8875,212.9287,68437,83241,Rhinolophus ferrumequinum,0.032,0.032,-1,Echolocation,/mnt/ubna_data_02_mir/recover-20220922/UBNA_001/20220921_090000.WAV,Telephone Field,recover-20220922,001,1795
212.9075,212.9481,68437,82534,Rhinolophus ferrumequinum,0.023,0.023,-1,Echolocation,/mnt/ubna_data_02_mir/recover-20220922/UBNA_001/20220921_090000.WAV,Telephone Field,recover-20220922,001,1795
212.9135,212.951,68437,82332,Rhinolophus ferrumequinum,0.022,0.022,-1,Echolocation,/mnt/ubna_data_02_mir/recover-20220922/UBNA_001/20220921_090000.WAV,Telephone Field,recover-20220922,001,1795
212.9285,212.9687,68437,82462,Rhinolophus ferrumequinum,0.023,0.023,-1,Echolocation,/mnt/ubna_data_02_mir/recover-20220922/UBNA_001/20220921_090000.WAV,Telephone Field,recover-20220922,001,1795
212.9455,212.9826,68437,81866,Rhinolophus ferrumequinum,0.028,0.028,-1,Echolocation,/mnt/ubna_data_02_mir/recover-20220922/UBNA_001/20220921_090000.WAV,Telephone Field,recover-20220922,001,1795
212.9535,212.992,68437,82907,Rhinolophus ferrumequinum,0.022,0.022,-1,Echolocation,/mnt/ubna_data_02_mir/recover-20220922/UBNA_001/20220921_090000.WAV,Telephone Field,recover-20220922,001,1795
212.9805,212.9891,28046,40120,Eptesicus serotinus,0.008,0.022,-1,Echolocation,/mnt/ubna_data_02_mir/recover-20220922/UBNA_001/20220921_090000.WAV,Telephone Field,recover-20220922,001,1795
212.9915,212.9988,23750,33016,Plecotus austriacus,0.01,0.025,-1,Echolocation,/mnt/ubna_data_02_mir/recover-20220922/UBNA_001/20220921_090000.WAV,Telephone Field,recover-20220922,001,1795
212.9915,212.9994,28046,38304,Eptesicus serotinus,0.008,0.025,-1,Echolocation,/mnt/ubna_data_02_mir/recover-20220922/UBNA_001/20220921_090000.WAV,Telephone Field,recover-20220922,001,1795
213.0015,213.0393,68437,81566,Rhinolophus ferrumequinum,0.025,0.025,-1,Echolocation,/mnt/ubna_data_02_mir/recover-20220922/UBNA_001/20220921_090000.WAV,Telephone Field,recover-20220922,001,1795
213.0105,213.0182,28046,39306,Eptesicus serotinus,0.007,0.023,-1,Echolocation,/mnt/ubna_data_02_mir/recover-20220922/UBNA_001/20220921_090000.WAV,Telephone Field,recover-20220922,001,1795
213.0285,213.0661,68437,81765,Rhinolophus ferrumequinum,0.022,0.022,-1,Echolocation,/mnt/ubna_data_02_mir/recover-20220922/UBNA_001/20220921_090000.WAV,Telephone Field,recover-20220922,001,1795
213.0685,213.1043,68437,80926,Rhinolophus ferrumequinum,0.024,0.024,-1,Echolocation,/mnt/ubna_data_02_mir/recover-20220922/UBNA_001/20220921_090000.WAV,Telephone Field,recover-20220922,001,1795
213.1195,213.1588,68437,82528,Rhinolophus ferrumequinum,0.025,0.025,-1,Echolocation,/mnt/ubna_data_02_mir/recover-20220922/UBNA_001/20220921_090000.WAV,Telephone Field,recover-20220922,001,1795
213.1245,213.1343,28046,36153,Eptesicus serotinus,0.01,0.026,-1,Echolocation,/mnt/ubna_data_02_mir/recover-20220922/UBNA_001/20220921_090000.WAV,Telephone Field,recover-20220922,001,1795
213.1445,213.1848,68437,82188,Rhinolophus ferrumequinum,0.025,0.025,-1,Echolocation,/mnt/ubna_data_02_mir/recover-20220922/UBNA_001/20220921_090000.WAV,Telephone Field,recover-20220922,001,1795
213.1815,213.1892,47812,52748,Pipistrellus pipistrellus,0.02,0.022,-1,Echolocation,/mnt/ubna_data_02_mir/recover-20220922/UBNA_001/20220921_090000.WAV,Telephone Field,recover-20220922,001,1795
213.2075,213.2446,68437,82118,Rhinolophus ferrumequinum,0.023,0.023,-1,Echolocation,/mnt/ubna_data_02_mir/recover-20220922/UBNA_001/20220921_090000.WAV,Telephone Field,recover-20220922,001,1795
213.2405,213.2802,68437,82303,Rhinolophus ferrumequinum,0.025,0.025,-1,Echolocation,/mnt/ubna_data_02_mir/recover-20220922/UBNA_001/20220921_090000.WAV,Telephone Field,recover-20220922,001,1795
213.2425,213.2529,22031,27227,Nyctalus leisleri,0.009,0.022,-1,Echolocation,/mnt/ubna_data_02_mir/recover-20220922/UBNA_001/20220921_090000.WAV,Telephone Field,recover-20220922,001,1795
213.2865,213.3236,68437,81986,Rhinolophus ferrumequinum,0.026,0.026,-1,Echolocation,/mnt/ubna_data_02_mir/recover-20220922/UBNA_001/20220921_090000.WAV,Telephone Field,recover-20220922,001,1795
213.3075,213.3166,23750,30722,Nyctalus leisleri,0.007,0.026,-1,Echolocation,/mnt/ubna_data_02_mir/recover-20220922/UBNA_001/20220921_090000.WAV,Telephone Field,recover-20220922,001,1795
213.3165,213.3258,28046,38657,Eptesicus serotinus,0.009,0.023,-1,Echolocation,/mnt/ubna_data_02_mir/recover-20220922/UBNA_001/20220921_090000.WAV,Telephone Field,recover-20220922,001,1795
213.3285,213.3663,68437,82315,Rhinolophus ferrumequinum,0.024,0.024,-1,Echolocation,/mnt/ubna_data_02_mir/recover-20220922/UBNA_001/20220921_090000.WAV,Telephone Field,recover-20220922,001,1795
213.3325,213.3398,24609,33445,Plecotus austriacus,0.015,0.042,-1,Echolocation,/mnt/ubna_data_02_mir/recover-20220922/UBNA_001/20220921_090000.WAV,Telephone Field,recover-20220922,001,1795
213.3385,213.3717,68437,80126,Rhinolophus ferrumequinum,0.025,0.026,-1,Echolocation,/mnt/ubna_data_02_mir/recover-20220922/UBNA_001/20220921_090000.WAV,Telephone Field,recover-20220922,001,1795
213.3595,213.3988,68437,82186,Rhinolophus ferrumequinum,0.024,0.024,-1,Echolocation,/mnt/ubna_data_02_mir/recover-20220922/UBNA_001/20220921_090000.WAV,Telephone Field,recover-20220922,001,1795
213.4005,213.4357,68437,81533,Rhinolophus ferrumequinum,0.024,0.024,-1,Echolocation,/mnt/ubna_data_02_mir/recover-20220922/UBNA_001/20220921_090000.WAV,Telephone Field,recover-20220922,001,1795
213.4105,213.4288,19453,22871,Nyctalus noctula,0.01,0.023,-1,Echolocation,/mnt/ubna_data_02_mir/recover-20220922/UBNA_001/20220921_090000.WAV,Telephone Field,recover-20220922,001,1795
213.4275,213.4708,68437,83015,Rhinolophus ferrumequinum,0.026,0.026,-1,Echolocation,/mnt/ubna_data_02_mir/recover-20220922/UBNA_001/20220921_090000.WAV,Telephone Field,recover-20220922,001,1795
213.4385,213.4493,24609,31586,Eptesicus serotinus,0.007,0.021,-1,Echolocation,/mnt/ubna_data_02_mir/recover-20220922/UBNA_001/20220921_090000.WAV,Telephone Field,recover-20220922,001,1795
213.4575,213.4928,68437,81228,Rhinolophus ferrumequinum,0.03,0.03,-1,Echolocation,/mnt/ubna_data_02_mir/recover-20220922/UBNA_001/20220921_090000.WAV,Telephone Field,recover-20220922,001,1795
213.5155,213.5525,68437,82043,Rhinolophus ferrumequinum,0.023,0.023,-1,Echolocation,/mnt/ubna_data_02_mir/recover-20220922/UBNA_001/20220921_090000.WAV,Telephone Field,recover-20220922,001,1795
213.5685,213.6088,68437,82203,Rhinolophus ferrumequinum,0.029,0.029,-1,Echolocation,/mnt/ubna_data_02_mir/recover-20220922/UBNA_001/20220921_090000.WAV,Telephone Field,recover-20220922,001,1795
213.6165,213.6557,68437,82249,Rhinolophus ferrumequinum,0.024,0.024,-1,Echolocation,/mnt/ubna_data_02_mir/recover-20220922/UBNA_001/20220921_090000.WAV,Telephone Field,recover-20220922,001,1795
213.6285,213.6686,68437,82972,Rhinolophus ferrumequinum,0.029,0.029,-1,Echolocation,/mnt/ubna_data_02_mir/recover-20220922/UBNA_001/20220921_090000.WAV,Telephone Field,recover-20220922,001,1795
213.6435,213.687,68437,82798,Rhinolophus ferrumequinum,0.023,0.023,-1,Echolocation,/mnt/ubna_data_02_mir/recover-20220922/UBNA_001/20220921_090000.WAV,Telephone Field,recover-20220922,001,1795
213.6705,213.7163,68437,83634,Rhinolophus ferrumequinum,0.036,0.036,-1,Echolocation,/mnt/ubna_data_02_mir/recover-20220922/UBNA_001/20220921_090000.WAV,Telephone Field,recover-20220922,001,1795
213.7155,213.754,68437,81955,Rhinolophus ferrumequinum,0.022,0.022,-1,Echolocation,/mnt/ubna_data_02_mir/recover-20220922/UBNA_001/20220921_090000.WAV,Telephone Field,recover-20220922,001,1795
213.7325,213.7377,40078,51752,Myotis daubentonii,0.007,0.022,-1,Echolocation,/mnt/ubna_data_02_mir/recover-20220922/UBNA_001/20220921_090000.WAV,Telephone Field,recover-20220922,001,1795
213.7325,213.7757,68437,83120,Rhinolophus ferrumequinum,0.03,0.03,-1,Echolocation,/mnt/ubna_data_02_mir/recover-20220922/UBNA_001/20220921_090000.WAV,Telephone Field,recover-20220922,001,1795
213.7595,213.7702,44375,47265,Pipistrellus pipistrellus,0.036,0.039,-1,Echolocation,/mnt/ubna_data_02_mir/recover-20220922/UBNA_001/20220921_090000.WAV,Telephone Field,recover-20220922,001,1795
213.7715,213.7819,24609,30385,Nyctalus leisleri,0.014,0.03,-1,Echolocation,/mnt/ubna_data_02_mir/recover-20220922/UBNA_001/20220921_090000.WAV,Telephone Field,recover-20220922,001,1795
213.7905,213.8279,68437,81402,Rhinolophus ferrumequinum,0.023,0.023,-1,Echolocation,/mnt/ubna_data_02_mir/recover-20220922/UBNA_001/20220921_090000.WAV,Telephone Field,recover-20220922,001,1795
213.7985,213.8073,28046,36390,Eptesicus serotinus,0.008,0.022,-1,Echolocation,/mnt/ubna_data_02_mir/recover-20220922/UBNA_001/20220921_090000.WAV,Telephone Field,recover-20220922,001,1795
213.8245,213.8639,68437,81930,Rhinolophus ferrumequinum,0.024,0.025,-1,Echolocation,/mnt/ubna_data_02_mir/recover-20220922/UBNA_001/20220921_090000.WAV,Telephone Field,recover-20220922,001,1795
213.8405,213.8846,68437,83214,Rhinolophus ferrumequinum,0.034,0.034,-1,Echolocation,/mnt/ubna_data_02_mir/recover-20220922/UBNA_001/20220921_090000.WAV,Telephone Field,recover-20220922,001,1795
213.8925,213.9026,22031,27414,Nyctalus leisleri,0.009,0.022,-1,Echolocation,/mnt/ubna_data_02_mir/recover-20220922/UBNA_001/20220921_090000.WAV,Telephone Field,recover-20220922,001,1795
213.9315,213.9693,68437,81863,Rhinolophus ferrumequinum,0.023,0.023,-1,Echolocation,/mnt/ubna_data_02_mir/recover-20220922/UBNA_001/20220921_090000.WAV,Telephone Field,recover-20220922,001,1795
213.9385,213.9754,68437,81705,Rhinolophus ferrumequinum,0.024,0.024,-1,Echolocation,/mnt/ubna_data_02_mir/recover-20220922/UBNA_001/20220921_090000.WAV,Telephone Field,recover-20220922,001,1795
213.9485,213.9627,24609,30178,Nyctalus leisleri,0.025,0.051,-1,Echolocation,/mnt/ubna_data_02_mir/recover-20220922/UBNA_001/20220921_090000.WAV,Telephone Field,recover-20220922,001,1795
213.9855,213.9951,22031,28239,Plecotus austriacus,0.008,0.023,-1,Echolocation,/mnt/ubna_data_02_mir/recover-20220922/UBNA_001/20220921_090000.WAV,Telephone Field,recover-20220922,001,1795
214.0015,214.0109,25468,32952,Nyctalus leisleri,0.01,0.028,-1,Echolocation,/mnt/ubna_data_02_mir/recover-20220922/UBNA_001/20220921_090000.WAV,Telephone Field,recover-20220922,001,1795
214.0015,214.0344,69296,80622,Rhinolophus ferrumequinum,0.04,0.04,-1,Echolocation,/mnt/ubna_data_02_mir/recover-20220922/UBNA_001/20220921_090000.WAV,Telephone Field,recover-20220922,001,1795
214.0095,214.0525,68437,82685,Rhinolophus ferrumequinum,0.025,0.025,-1,Echolocation,/mnt/ubna_data_02_mir/recover-20220922/UBNA_001/20220921_090000.WAV,Telephone Field,recover-20220922,001,1795
214.0235,214.0635,68437,82135,Rhinolophus ferrumequinum,0.024,0.024,-1,Echolocation,/mnt/ubna_data_02_mir/recover-20220922/UBNA_001/20220921_090000.WAV,Telephone Field,recover-20220922,001,1795
214.0425,214.0531,25468,33862,Eptesicus serotinus,0.012,0.025,-1,Echolocation,/mnt/ubna_data_02_mir/recover-20220922/UBNA_001/20220921_090000.WAV,Telephone Field,recover-20220922,001,1795
214.0575,214.0996,68437,82564,Rhinolophus ferrumequinum,0.026,0.026,-1,Echolocation,/mnt/ubna_data_02_mir/recover-20220922/UBNA_001/20220921_090000.WAV,Telephone Field,recover-20220922,001,1795
214.0985,214.1089,28046,37435,Eptesicus serotinus,0.014,0.029,-1,Echolocation,/mnt/ubna_data_02_mir/recover-20220922/UBNA_001/20220921_090000.WAV,Telephone Field,recover-20220922,001,1795
214.1025,214.1427,68437,82154,Rhinolophus ferrumequinum,0.025,0.025,-1,Echolocation,/mnt/ubna_data_02_mir/recover-20220922/UBNA_001/20220921_090000.WAV,Telephone Field,recover-20220922,001,1795
214.1415,214.1822,68437,82309,Rhinolophus ferrumequinum,0.032,0.032,-1,Echolocation,/mnt/ubna_data_02_mir/recover-20220922/UBNA_001/20220921_090000.WAV,Telephone Field,recover-20220922,001,1795
214.1445,214.1541,28046,38144,Eptesicus serotinus,0.011,0.027,-1,Echolocation,/mnt/ubna_data_02_mir/recover-20220922/UBNA_001/20220921_090000.WAV,Telephone Field,recover-20220922,001,1795
214.1925,214.2323,68437,81687,Rhinolophus ferrumequinum,0.023,0.023,-1,Echolocation,/mnt/ubna_data_02_mir/recover-20220922/UBNA_001/20220921_090000.WAV,Telephone Field,recover-20220922,001,1795
214.2445,214.2839,68437,82076,Rhinolophus ferrumequinum,0.027,0.027,-1,Echolocation,/mnt/ubna_data_02_mir/recover-20220922/UBNA_001/20220921_090000.WAV,Telephone Field,recover-20220922,001,1795
214.2515,214.2604,28906,38112,Eptesicus serotinus,0.009,0.025,-1,Echolocation,/mnt/ubna_data_02_mir/recover-20220922/UBNA_001/20220921_090000.WAV,Telephone Field,recover-20220922,001,1795
214.2525,214.2924,68437,82469,Rhinolophus ferrumequinum,0.024,0.024,-1,Echolocation,/mnt/ubna_data_02_mir/recover-20220922/UBNA_001/20220921_090000.WAV,Telephone Field,recover-20220922,001,1795
214.3585,214.4004,68437,82977,Rhinolophus ferrumequinum,0.032,0.032,-1,Echolocation,/mnt/ubna_data_02_mir/recover-20220922/UBNA_001/20220921_090000.WAV,Telephone Field,recover-20220922,001,1795
214.3765,214.386,23750,30713,Nyctalus leisleri,0.007,0.022,-1,Echolocation,/mnt/ubna_data_02_mir/recover-20220922/UBNA_001/20220921_090000.WAV,Telephone Field,recover-20220922,001,1795
214.3905,214.4012,25468,32167,Eptesicus serotinus,0.009,0.023,-1,Echolocation,/mnt/ubna_data_02_mir/recover-20220922/UBNA_001/20220921_090000.WAV,Telephone Field,recover-20220922,001,1795
214.4045,214.4387,68437,80489,Rhinolophus ferrumequinum,0.027,0.027,-1,Echolocation,/mnt/ubna_data_02_mir/recover-20220922/UBNA_001/20220921_090000.WAV,Telephone Field,recover-20220922,001,1795
214.4555,214.4664,22890,28069,Nyctalus leisleri,0.01,0.023,-1,Echolocation,/mnt/ubna_data_02_mir/recover-20220922/UBNA_001/20220921_090000.WAV,Telephone Field,recover-20220922,001,1795
214.4745,214.5195,68437,83319,Rhinolophus ferrumequinum,0.029,0.029,-1,Echolocation,/mnt/ubna_data_02_mir/recover-20220922/UBNA_001/20220921_090000.WAV,Telephone Field,recover-20220922,001,1795
214.5035,214.5445,68437,82764,Rhinolophus ferrumequinum,0.03,0.03,-1,Echolocation,/mnt/ubna_data_02_mir/recover-20220922/UBNA_001/20220921_090000.WAV,Telephone Field,recover-20220922,001,1795
214.5735,214.5821,28046,40761,Eptesicus serotinus,0.01,0.026,-1,Echolocation,/mnt/ubna_data_02_mir/recover-20220922/UBNA_001/20220921_090000.WAV,Telephone Field,recover-20220922,001,1795
214.5745,214.6137,68437,82129,Rhinolophus ferrumequinum,0.026,0.026,-1,Echolocation,/mnt/ubna_data_02_mir/recover-20220922/UBNA_001/20220921_090000.WAV,Telephone Field,recover-20220922,001,1795
214.5955,214.6354,68437,81691,Rhinolophus ferrumequinum,0.04,0.04,-1,Echolocation,/mnt/ubna_data_02_mir/recover-20220922/UBNA_001/20220921_090000.WAV,Telephone Field,recover-20220922,001,1795
214.6085,214.6197,23750,30554,Nyctalus leisleri,0.01,0.026,-1,Echolocation,/mnt/ubna_data_02_mir/recover-20220922/UBNA_001/20220921_090000.WAV,Telephone Field,recover-20220922,001,1795
214.6125,214.6221,28046,37719,Eptesicus serotinus,0.011,0.025,-1,Echolocation,/mnt/ubna_data_02_mir/recover-20220922/UBNA_001/20220921_090000.WAV,Telephone Field,recover-20220922,001,1795
214.6665,214.7073,68437,82583,Rhinolophus ferrumequinum,0.022,0.022,-1,Echolocation,/mnt/ubna_data_02_mir/recover-20220922/UBNA_001/20220921_090000.WAV,Telephone Field,recover-20220922,001,1795
214.67849999999999,214.6887,23750,29946,Nyctalus leisleri,0.009,0.023,-1,Echolocation,/mnt/ubna_data_02_mir/recover-20220922/UBNA_001/20220921_090000.WAV,Telephone Field,recover-20220922,001,1795
214.7055,214.718,22890,27972,Nyctalus leisleri,0.014,0.027,-1,Echolocation,/mnt/ubna_data_02_mir/recover-20220922/UBNA_001/20220921_090000.WAV,Telephone Field,recover-20220922,001,1795
214.7085,214.7479,68437,82240,Rhinolophus ferrumequinum,0.029,0.029,-1,Echolocation,/mnt/ubna_data_02_mir/recover-20220922/UBNA_001/20220921_090000.WAV,Telephone Field,recover-20220922,001,1795
214.7245,214.7625,68437,81946,Rhinolophus ferrumequinum,0.023,0.023,-1,Echolocation,/mnt/ubna_data_02_mir/recover-20220922/UBNA_001/20220921_090000.WAV,Telephone Field,recover-20220922,001,1795
214.7365,214.7739,68437,82087,Rhinolophus ferrumequinum,0.022,0.022,-1,Echolocation,/mnt/ubna_data_02_mir/recover-20220922/UBNA_001/20220921_090000.WAV,Telephone Field,recover-20220922,001,1795
214.7465,214.7555,26328,35039,Eptesicus serotinus,0.009,0.025,-1,Echolocation,/mnt/ubna_data_02_mir/recover-20220922/UBNA_001/20220921_090000.WAV,Telephone Field,recover-20220922,001,1795
214.7575,214.7989,68437,83029,Rhinolophus ferrumequinum,0.039,0.039,-1,Echolocation,/mnt/ubna_data_02_mir/recover-20220922/UBNA_001/20220921_090000.WAV,Telephone Field,recover-20220922,001,1795
214.7875,214.8269,68437,82651,Rhinolophus ferrumequinum,0.031,0.031,-1,Echolocation,/mnt/ubna_data_02_mir/recover-20220922/UBNA_001/20220921_090000.WAV,Telephone Field,recover-20220922,001,1795
214.7975,214.805,30625,40671,Myotis daubentonii,0.009,0.023,-1,Echolocation,/mnt/ubna_data_02_mir/recover-20220922/UBNA_001/20220921_090000.WAV,Telephone Field,recover-20220922,001,1795
214.8115,214.85,68437,82079,Rhinolophus ferrumequinum,0.023,0.023,-1,Echolocation,/mnt/ubna_data_02_mir/recover-20220922/UBNA_001/20220921_090000.WAV,Telephone Field,recover-20220922,001,1795
214.8175,214.856,68437,82103,Rhinolophus ferrumequinum,0.023,0.023,-1,Echolocation,/mnt/ubna_data_02_mir/recover-20220922/UBNA_001/20220921_090000.WAV,Telephone Field,recover-20220922,001,1795
214.8245,214.8627,68437,81147,Rhinolophus ferrumequinum,0.024,0.024,-1,Echolocation,/mnt/ubna_data_02_mir/recover-20220922/UBNA_001/20220921_090000.WAV,Telephone Field,recover-20220922,001,1795
214.8295,214.8652,68437,81223,Rhinolophus ferrumequinum,0.025,0.025,-1,Echolocation,/mnt/ubna_data_02_mir/recover-20220922/UBNA_001/20220921_090000.WAV,Telephone Field,recover-20220922,001,1795
214.8395,214.8509,22031,27141,Nyctalus leisleri,0.011,0.023,-1,Echolocation,/mnt/ubna_data_02_mir/recover-20220922/UBNA_001/20220921_090000.WAV,Telephone Field,recover-20220922,001,1795
214.8625,214.901,68437,81583,Rhinolophus ferrumequinum,0.022,0.022,-1,Echolocation,/mnt/ubna_data_02_mir/recover-20220922/UBNA_001/20220921_090000.WAV,Telephone Field,recover-20220922,001,1795
214.8655,214.8745,28046,40869,Eptesicus serotinus,0.008,0.022,-1,Echolocation,/mnt/ubna_data_02_mir/recover-20220922/UBNA_001/20220921_090000.WAV,Telephone Field,recover-20220922,001,1795
214.8775,214.9164,68437,82554,Rhinolophus ferrumequinum,0.024,0.025,-1,Echolocation,/mnt/ubna_data_02_mir/recover-20220922/UBNA_001/20220921_090000.WAV,Telephone Field,recover-20220922,001,1795
214.8915,214.9129,18593,21540,Nyctalus leisleri,0.019,0.039,-1,Echolocation,/mnt/ubna_data_02_mir/recover-20220922/UBNA_001/20220921_090000.WAV,Telephone Field,recover-20220922,001,1795
214.9475,214.9581,28906,36940,Eptesicus serotinus,0.011,0.024,-1,Echolocation,/mnt/ubna_data_02_mir/recover-20220922/UBNA_001/20220921_090000.WAV,Telephone Field,recover-20220922,001,1795
214.9735,214.9829,24609,32738,Eptesicus serotinus,0.007,0.023,-1,Echolocation,/mnt/ubna_data_02_mir/recover-20220922/UBNA_001/20220921_090000.WAV,Telephone Field,recover-20220922,001,1795
214.9835,215.0238,68437,82818,Rhinolophus ferrumequinum,0.026,0.026,-1,Echolocation,/mnt/ubna_data_02_mir/recover-20220922/UBNA_001/20220921_090000.WAV,Telephone Field,recover-20220922,001,1795
214.9895,215.032,68437,82574,Rhinolophus ferrumequinum,0.025,0.025,-1,Echolocation,/mnt/ubna_data_02_mir/recover-20220922/UBNA_001/20220921_090000.WAV,Telephone Field,recover-20220922,001,1795
215.0315,215.0419,23750,29918,Nyctalus leisleri,0.01,0.024,-1,Echolocation,/mnt/ubna_data_02_mir/recover-20220922/UBNA_001/20220921_090000.WAV,Telephone Field,recover-20220922,001,1795
215.0365,215.0793,68437,82905,Rhinolophus ferrumequinum,0.024,0.024,-1,Echolocation,/mnt/ubna_data_02_mir/recover-20220922/UBNA_001/20220921_090000.WAV,Telephone Field,recover-20220922,001,1795
215.0685,215.1077,68437,82149,Rhinolophus ferrumequinum,0.022,0.022,-1,Echolocation,/mnt/ubna_data_02_mir/recover-20220922/UBNA_001/20220921_090000.WAV,Telephone Field,recover-20220922,001,1795
215.0915,215.1008,28046,36497,Eptesicus serotinus,0.011,0.024,-1,Echolocation,/mnt/ubna_data_02_mir/recover-20220922/UBNA_001/20220921_090000.WAV,Telephone Field,recover-20220922,001,1795
215.1135,215.1505,68437,81288,Rhinolophus ferrumequinum,0.022,0.022,-1,Echolocation,/mnt/ubna_data_02_mir/recover-20220922/UBNA_001/20220921_090000.WAV,Telephone Field,recover-20220922,001,1795
215.1205,215.1316,24609,31251,Nyctalus leisleri,0.01,0.029,-1,Echolocation,/mnt/ubna_data_02_mir/recover-20220922/UBNA_001/20220921_090000.WAV,Telephone Field,recover-20220922,001,1795
215.1405,215.1609,20312,22882,Nyctalus leisleri,0.019,0.032,-1,Echolocation,/mnt/ubna_data_02_mir/recover-20220922/UBNA_001/20220921_090000.WAV,Telephone Field,recover-20220922,001,1795
215.1455,215.1828,68437,81968,Rhinolophus ferrumequinum,0.023,0.023,-1,Echolocation,/mnt/ubna_data_02_mir/recover-20220922/UBNA_001/20220921_090000.WAV,Telephone Field,recover-20220922,001,1795
215.1465,215.1568,44375,47754,Pipistrellus pipistrellus,0.029,0.032,-1,Echolocation,/mnt/ubna_data_02_mir/recover-20220922/UBNA_001/20220921_090000.WAV,Telephone Field,recover-20220922,001,1795
215.1555,215.1898,68437,81458,Rhinolophus ferrumequinum,0.022,0.022,-1,Echolocation,/mnt/ubna_data_02_mir/recover-20220922/UBNA_001/20220921_090000.WAV,Telephone Field,recover-20220922,001,1795
215.1665,215.1762,44375,51371,Pipistrellus pipistrellus,0.016,0.024,-1,Echolocation,/mnt/ubna_data_02_mir/recover-20220922/UBNA_001/20220921_090000.WAV,Telephone Field,recover-20220922,001,1795
215.1745,215.2113,68437,81753,Rhinolophus ferrumequinum,0.024,0.024,-1,Echolocation,/mnt/ubna_data_02_mir/recover-20220922/UBNA_001/20220921_090000.WAV,Telephone Field,recover-20220922,001,1795
215.2205,215.2551,68437,81516,Rhinolophus ferrumequinum,0.027,0.027,-1,Echolocation,/mnt/ubna_data_02_mir/recover-20220922/UBNA_001/20220921_090000.WAV,Telephone Field,recover-20220922,001,1795
215.2305,215.2676,68437,82092,Rhinolophus ferrumequinum,0.025,0.026,-1,Echolocation,/mnt/ubna_data_02_mir/recover-20220922/UBNA_001/20220921_090000.WAV,Telephone Field,recover-20220922,001,1795
215.2575,215.2675,27187,35997,Eptesicus serotinus,0.011,0.025,-1,Echolocation,/mnt/ubna_data_02_mir/recover-20220922/UBNA_001/20220921_090000.WAV,Telephone Field,recover-20220922,001,1795
215.2755,215.3183,68437,82887,Rhinolophus ferrumequinum,0.022,0.022,-1,Echolocation,/mnt/ubna_data_02_mir/recover-20220922/UBNA_001/20220921_090000.WAV,Telephone Field,recover-20220922,001,1795
215.3045,215.3135,26328,34785,Eptesicus serotinus,0.008,0.023,-1,Echolocation,/mnt/ubna_data_02_mir/recover-20220922/UBNA_001/20220921_090000.WAV,Telephone Field,recover-20220922,001,1795
215.3205,215.3544,68437,80644,Rhinolophus ferrumequinum,0.021,0.022,-1,Echolocation,/mnt/ubna_data_02_mir/recover-20220922/UBNA_001/20220921_090000.WAV,Telephone Field,recover-20220922,001,1795
215.3485,215.3926,68437,83268,Rhinolophus ferrumequinum,0.033,0.033,-1,Echolocation,/mnt/ubna_data_02_mir/recover-20220922/UBNA_001/20220921_090000.WAV,Telephone Field,recover-20220922,001,1795
215.3485,215.3571,28046,37692,Eptesicus serotinus,0.009,0.023,-1,Echolocation,/mnt/ubna_data_02_mir/recover-20220922/UBNA_001/20220921_090000.WAV,Telephone Field,recover-20220922,001,1795
215.3565,215.3683,22890,27897,Nyctalus leisleri,0.013,0.025,-1,Echolocation,/mnt/ubna_data_02_mir/recover-20220922/UBNA_001/20220921_090000.WAV,Telephone Field,recover-20220922,001,1795
215.3645,215.3832,20312,23277,Nyctalus leisleri,0.016,0.027,-1,Echolocation,/mnt/ubna_data_02_mir/recover-20220922/UBNA_001/20220921_090000.WAV,Telephone Field,recover-20220922,001,1795
215.3875,215.3996,22890,27894,Nyctalus leisleri,0.011,0.023,-1,Echolocation,/mnt/ubna_data_02_mir/recover-20220922/UBNA_001/20220921_090000.WAV,Telephone Field,recover-20220922,001,1795
215.3895,215.4311,68437,82683,Rhinolophus ferrumequinum,0.031,0.031,-1,Echolocation,/mnt/ubna_data_02_mir/recover-20220922/UBNA_001/20220921_090000.WAV,Telephone Field,recover-20220922,001,1795
215.4215,215.4317,22890,28972,Nyctalus leisleri,0.01,0.025,-1,Echolocation,/mnt/ubna_data_02_mir/recover-20220922/UBNA_001/20220921_090000.WAV,Telephone Field,recover-20220922,001,1795
215.42849999999999,215.4738,68437,83264,Rhinolophus ferrumequinum,0.031,0.031,-1,Echolocation,/mnt/ubna_data_02_mir/recover-20220922/UBNA_001/20220921_090000.WAV,Telephone Field,recover-20220922,001,1795
215.4425,215.4821,68437,82753,Rhinolophus ferrumequinum,0.023,0.023,-1,Echolocation,/mnt/ubna_data_02_mir/recover-20220922/UBNA_001/20220921_090000.WAV,Telephone Field,recover-20220922,001,1795
215.44650000000001,215.4536,24609,35825,Plecotus austriacus,0.01,0.027,-1,Echolocation,/mnt/ubna_data_02_mir/recover-20220922/UBNA_001/20220921_090000.WAV,Telephone Field,recover-20220922,001,1795
215.4655,215.4786,22890,28119,Nyctalus leisleri,0.014,0.027,-1,Echolocation,/mnt/ubna_data_02_mir/recover-20220922/UBNA_001/20220921_090000.WAV,Telephone Field,recover-20220922,001,1795
215.4665,215.507,68437,81931,Rhinolophus ferrumequinum,0.03,0.03,-1,Echolocation,/mnt/ubna_data_02_mir/recover-20220922/UBNA_001/20220921_090000.WAV,Telephone Field,recover-20220922,001,1795
215.4875,215.4989,23750,29115,Nyctalus leisleri,0.012,0.026,-1,Echolocation,/mnt/ubna_data_02_mir/recover-20220922/UBNA_001/20220921_090000.WAV,Telephone Field,recover-20220922,001,1795
215.4915,215.535,68437,83027,Rhinolophus ferrumequinum,0.027,0.027,-1,Echolocation,/mnt/ubna_data_02_mir/recover-20220922/UBNA_001/20220921_090000.WAV,Telephone Field,recover-20220922,001,1795
215.5175,215.5569,68437,81833,Rhinolophus ferrumequinum,0.035,0.035,-1,Echolocation,/mnt/ubna_data_02_mir/recover-20220922/UBNA_001/20220921_090000.WAV,Telephone Field,recover-20220922,001,1795
215.5425,215.5517,24609,31848,Nyctalus leisleri,0.009,0.026,-1,Echolocation,/mnt/ubna_data_02_mir/recover-20220922/UBNA_001/20220921_090000.WAV,Telephone Field,recover-20220922,001,1795
215.5475,215.5881,68437,82499,Rhinolophus ferrumequinum,0.023,0.023,-1,Echolocation,/mnt/ubna_data_02_mir/recover-20220922/UBNA_001/20220921_090000.WAV,Telephone Field,recover-20220922,001,1795
215.5975,215.6411,68437,83385,Rhinolophus ferrumequinum,0.041,0.041,-1,Echolocation,/mnt/ubna_data_02_mir/recover-20220922/UBNA_001/20220921_090000.WAV,Telephone Field,recover-20220922,001,1795
215.6105,215.6518,68437,82178,Rhinolophus ferrumequinum,0.023,0.023,-1,Echolocation,/mnt/ubna_data_02_mir/recover-20220922/UBNA_001/20220921_090000.WAV,Telephone Field,recover-20220922,001,1795
215.6285,215.6698,68437,83148,Rhinolophus ferrumequinum,0.03,0.031,-1,Echolocation,/mnt/ubna_data_02_mir/recover-20220922/UBNA_001/20220921_090000.WAV,Telephone Field,recover-20220922,001,1795
215.6545,215.6954,68437,82376,Rhinolophus ferrumequinum,0.024,0.024,-1,Echolocation,/mnt/ubna_data_02_mir/recover-20220922/UBNA_001/20220921_090000.WAV,Telephone Field,recover-20220922,001,1795
215.6795,215.7217,68437,82631,Rhinolophus ferrumequinum,0.022,0.022,-1,Echolocation,/mnt/ubna_data_02_mir/recover-20220922/UBNA_001/20220921_090000.WAV,Telephone Field,recover-20220922,001,1795
215.6805,215.6912,55546,61045,Pipistrellus pygmaeus,0.022,0.023,-1,Echolocation,/mnt/ubna_data_02_mir/recover-20220922/UBNA_001/20220921_090000.WAV,Telephone Field,recover-20220922,001,1795
215.6915,215.7312,68437,82496,Rhinolophus ferrumequinum,0.022,0.022,-1,Echolocation,/mnt/ubna_data_02_mir/recover-20220922/UBNA_001/20220921_090000.WAV,Telephone Field,recover-20220922,001,1795
215.6985,215.7373,68437,82295,Rhinolophus ferrumequinum,0.023,0.023,-1,Echolocation,/mnt/ubna_data_02_mir/recover-20220922/UBNA_001/20220921_090000.WAV,Telephone Field,recover-20220922,001,1795
215.7085,215.7486,68437,81906,Rhinolophus ferrumequinum,0.024,0.024,-1,Echolocation,/mnt/ubna_data_02_mir/recover-20220922/UBNA_001/20220921_090000.WAV,Telephone Field,recover-20220922,001,1795
215.7835,215.8209,68437,81278,Rhinolophus ferrumequinum,0.023,0.023,-1,Echolocation,/mnt/ubna_data_02_mir/recover-20220922/UBNA_001/20220921_090000.WAV,Telephone Field,recover-20220922,001,1795
215.7925,215.8304,68437,82235,Rhinolophus ferrumequinum,0.023,0.023,-1,Echolocation,/mnt/ubna_data_02_mir/recover-20220922/UBNA_001/20220921_090000.WAV,Telephone Field,recover-20220922,001,1795
215.7955,215.8065,29765,37733,Eptesicus serotinus,0.009,0.023,-1,Echolocation,/mnt/ubna_data_02_mir/recover-20220922/UBNA_001/20220921_090000.WAV,Telephone Field,recover-20220922,001,1795
215.8235,215.83,28906,41135,Eptesicus serotinus,0.007,0.03,-1,Echolocation,/mnt/ubna_data_02_mir/recover-20220922/UBNA_001/20220921_090000.WAV,Telephone Field,recover-20220922,001,1795
215.8555,215.8633,26328,37288,Eptesicus serotinus,0.008,0.028,-1,Echolocation,/mnt/ubna_data_02_mir/recover-20220922/UBNA_001/20220921_090000.WAV,Telephone Field,recover-20220922,001,1795
215.8845,215.9267,68437,83320,Rhinolophus ferrumequinum,0.027,0.027,-1,Echolocation,/mnt/ubna_data_02_mir/recover-20220922/UBNA_001/20220921_090000.WAV,Telephone Field,recover-20220922,001,1795
215.8915,215.8993,28046,37319,Eptesicus serotinus,0.01,0.029,-1,Echolocation,/mnt/ubna_data_02_mir/recover-20220922/UBNA_001/20220921_090000.WAV,Telephone Field,recover-20220922,001,1795
215.9005,215.9401,68437,81904,Rhinolophus ferrumequinum,0.023,0.023,-1,Echolocation,/mnt/ubna_data_02_mir/recover-20220922/UBNA_001/20220921_090000.WAV,Telephone Field,recover-20220922,001,1795
215.9125,215.9211,54687,59818,Pipistrellus pygmaeus,0.022,0.024,-1,Echolocation,/mnt/ubna_data_02_mir/recover-20220922/UBNA_001/20220921_090000.WAV,Telephone Field,recover-20220922,001,1795
215.9395,215.9786,68437,82276,Rhinolophus ferrumequinum,0.026,0.026,-1,Echolocation,/mnt/ubna_data_02_mir/recover-20220922/UBNA_001/20220921_090000.WAV,Telephone Field,recover-20220922,001,1795
215.9775,215.9869,25468,34831,Eptesicus serotinus,0.008,0.024,-1,Echolocation,/mnt/ubna_data_02_mir/recover-20220922/UBNA_001/20220921_090000.WAV,Telephone Field,recover-20220922,001,1795
216.0015,216.0095,24609,32999,Nyctalus leisleri,0.006,0.023,-1,Echolocation,/mnt/ubna_data_02_mir/recover-20220922/UBNA_001/20220921_090000.WAV,Telephone Field,recover-20220922,001,1795
216.0015,216.0362,68437,80572,Rhinolophus ferrumequinum,0.052,0.052,-1,Echolocation,/mnt/ubna_data_02_mir/recover-20220922/UBNA_001/20220921_090000.WAV,Telephone Field,recover-20220922,001,1795
216.0015,216.0082,48671,54286,Pipistrellus pipistrellus,0.017,0.023,-1,Echolocation,/mnt/ubna_data_02_mir/recover-20220922/UBNA_001/20220921_090000.WAV,Telephone Field,recover-20220922,001,1795
216.0105,216.0556,68437,82669,Rhinolophus ferrumequinum,0.035,0.035,-1,Echolocation,/mnt/ubna_data_02_mir/recover-20220922/UBNA_001/20220921_090000.WAV,Telephone Field,recover-20220922,001,1795
216.0445,216.0577,22031,25808,Nyctalus leisleri,0.015,0.024,-1,Echolocation,/mnt/ubna_data_02_mir/recover-20220922/UBNA_001/20220921_090000.WAV,Telephone Field,recover-20220922,001,1795
216.0915,216.1274,68437,80588,Rhinolophus ferrumequinum,0.023,0.023,-1,Echolocation,/mnt/ubna_data_02_mir/recover-20220922/UBNA_001/20220921_090000.WAV,Telephone Field,recover-20220922,001,1795
216.1005,216.1117,28906,36325,Eptesicus serotinus,0.011,0.024,-1,Echolocation,/mnt/ubna_data_02_mir/recover-20220922/UBNA_001/20220921_090000.WAV,Telephone Field,recover-20220922,001,1795
216.1035,216.1407,68437,81902,Rhinolophus ferrumequinum,0.022,0.022,-1,Echolocation,/mnt/ubna_data_02_mir/recover-20220922/UBNA_001/20220921_090000.WAV,Telephone Field,recover-20220922,001,1795
216.1115,216.151,68437,81789,Rhinolophus ferrumequinum,0.023,0.023,-1,Echolocation,/mnt/ubna_data_02_mir/recover-20220922/UBNA_001/20220921_090000.WAV,Telephone Field,recover-20220922,001,1795
216.1185,216.1603,68437,82653,Rhinolophus ferrumequinum,0.025,0.025,-1,Echolocation,/mnt/ubna_data_02_mir/recover-20220922/UBNA_001/20220921_090000.WAV,Telephone Field,recover-20220922,001,1795
216.1395,216.176,68437,82081,Rhinolophus ferrumequinum,0.023,0.023,-1,Echolocation,/mnt/ubna_data_02_mir/recover-20220922/UBNA_001/20220921_090000.WAV,Telephone Field,recover-20220922,001,1795
216.1625,216.2019,68437,82433,Rhinolophus ferrumequinum,0.029,0.029,-1,Echolocation,/mnt/ubna_data_02_mir/recover-20220922/UBNA_001/20220921_090000.WAV,Telephone Field,recover-20220922,001,1795
216.1775,216.186,28046,38168,Eptesicus serotinus,0.008,0.022,-1,Echolocation,/mnt/ubna_data_02_mir/recover-20220922/UBNA_001/20220921_090000.WAV,Telephone Field,recover-20220922,001,1795
216.2005,216.2403,68437,83152,Rhinolophus ferrumequinum,0.027,0.027,-1,Echolocation,/mnt/ubna_data_02_mir/recover-20220922/UBNA_001/20220921_090000.WAV,Telephone Field,recover-20220922,001,1795
216.2215,216.2298,45234,49597,Pipistrellus pipistrellus,0.024,0.029,-1,Echolocation,/mnt/ubna_data_02_mir/recover-20220922/UBNA_001/20220921_090000.WAV,Telephone Field,recover-20220922,001,1795
216.2245,216.2662,68437,82760,Rhinolophus ferrumequinum,0.025,0.025,-1,Echolocation,/mnt/ubna_data_02_mir/recover-20220922/UBNA_001/20220921_090000.WAV,Telephone Field,recover-20220922,001,1795
216.2945,216.3314,68437,81586,Rhinolophus ferrumequinum,0.022,0.022,-1,Echolocation,/mnt/ubna_data_02_mir/recover-20220922/UBNA_001/20220921_090000.WAV,Telephone Field,recover-20220922,001,1795
216.3065,216.3224,37500,41974,Pipistrellus nathusii,0.018,0.028,-1,Echolocation,/mnt/ubna_data_02_mir/recover-20220922/UBNA_001/20220921_090000.WAV,Telephone Field,recover-20220922,001,1795
216.3425,216.3826,68437,82480,Rhinolophus ferrumequinum,0.028,0.028,-1,Echolocation,/mnt/ubna_data_02_mir/recover-20220922/UBNA_001/20220921_090000.WAV,Telephone Field,recover-20220922,001,1795
216.3525,216.3906,68437,82583,Rhinolophus ferrumequinum,0.023,0.023,-1,Echolocation,/mnt/ubna_data_02_mir/recover-20220922/UBNA_001/20220921_090000.WAV,Telephone Field,recover-20220922,001,1795
216.3685,216.4077,68437,82729,Rhinolophus ferrumequinum,0.022,0.022,-1,Echolocation,/mnt/ubna_data_02_mir/recover-20220922/UBNA_001/20220921_090000.WAV,Telephone Field,recover-20220922,001,1795
216.3755,216.4144,68437,81898,Rhinolophus ferrumequinum,0.023,0.023,-1,Echolocation,/mnt/ubna_data_02_mir/recover-20220922/UBNA_001/20220921_090000.WAV,Telephone Field,recover-20220922,001,1795
216.3935,216.43,68437,81790,Rhinolophus ferrumequinum,0.031,0.031,-1,Echolocation,/mnt/ubna_data_02_mir/recover-20220922/UBNA_001/20220921_090000.WAV,Telephone Field,recover-20220922,001,1795
216.4035,216.4102,27187,38066,Eptesicus serotinus,0.01,0.036,-1,Echolocation,/mnt/ubna_data_02_mir/recover-20220922/UBNA_001/20220921_090000.WAV,Telephone Field,recover-20220922,001,1795
216.4245,216.4331,27187,38348,Eptesicus serotinus,0.008,0.023,-1,Echolocation,/mnt/ubna_data_02_mir/recover-20220922/UBNA_001/20220921_090000.WAV,Telephone Field,recover-20220922,001,1795
216.4535,216.4949,68437,82627,Rhinolophus ferrumequinum,0.027,0.027,-1,Echolocation,/mnt/ubna_data_02_mir/recover-20220922/UBNA_001/20220921_090000.WAV,Telephone Field,recover-20220922,001,1795
216.4785,216.5163,68437,81566,Rhinolophus ferrumequinum,0.023,0.023,-1,Echolocation,/mnt/ubna_data_02_mir/recover-20220922/UBNA_001/20220921_090000.WAV,Telephone Field,recover-20220922,001,1795
216.4885,216.4977,27187,35336,Eptesicus serotinus,0.011,0.025,-1,Echolocation,/mnt/ubna_data_02_mir/recover-20220922/UBNA_001/20220921_090000.WAV,Telephone Field,recover-20220922,001,1795
216.5215,216.558,68437,81004,Rhinolophus ferrumequinum,0.027,0.027,-1,Echolocation,/mnt/ubna_data_02_mir/recover-20220922/UBNA_001/20220921_090000.WAV,Telephone Field,recover-20220922,001,1795
216.6005,216.642,68437,82772,Rhinolophus ferrumequinum,0.028,0.028,-1,Echolocation,/mnt/ubna_data_02_mir/recover-20220922/UBNA_001/20220921_090000.WAV,Telephone Field,recover-20220922,001,1795
216.6125,216.62,28046,40844,Eptesicus serotinus,0.007,0.023,-1,Echolocation,/mnt/ubna_data_02_mir/recover-20220922/UBNA_001/20220921_090000.WAV,Telephone Field,recover-20220922,001,1795
216.6275,216.6612,68437,80869,Rhinolophus ferrumequinum,0.021,0.021,-1,Echolocation,/mnt/ubna_data_02_mir/recover-20220922/UBNA_001/20220921_090000.WAV,Telephone Field,recover-20220922,001,1795
216.6805,216.6905,23750,30174,Nyctalus leisleri,0.008,0.022,-1,Echolocation,/mnt/ubna_data_02_mir/recover-20220922/UBNA_001/20220921_090000.WAV,Telephone Field,recover-20220922,001,1795
216.6955,216.7037,26328,35663,Eptesicus serotinus,0.01,0.027,-1,Echolocation,/mnt/ubna_data_02_mir/recover-20220922/UBNA_001/20220921_090000.WAV,Telephone Field,recover-20220922,001,1795
216.6995,216.7104,14296,20599,Nyctalus noctula,0.016,0.027,-1,Echolocation,/mnt/ubna_data_02_mir/recover-20220922/UBNA_001/20220921_090000.WAV,Telephone Field,recover-20220922,001,1795
216.7105,216.7506,68437,82217,Rhinolophus ferrumequinum,0.022,0.022,-1,Echolocation,/mnt/ubna_data_02_mir/recover-20220922/UBNA_001/20220921_090000.WAV,Telephone Field,recover-20220922,001,1795
216.7775,216.8186,68437,82677,Rhinolophus ferrumequinum,0.024,0.024,-1,Echolocation,/mnt/ubna_data_02_mir/recover-20220922/UBNA_001/20220921_090000.WAV,Telephone Field,recover-20220922,001,1795
216.8275,216.8676,68437,82603,Rhinolophus ferrumequinum,0.023,0.023,-1,Echolocation,/mnt/ubna_data_02_mir/recover-20220922/UBNA_001/20220921_090000.WAV,Telephone Field,recover-20220922,001,1795
216.8295,216.8379,28046,37210,Eptesicus serotinus,0.01,0.026,-1,Echolocation,/mnt/ubna_data_02_mir/recover-20220922/UBNA_001/20220921_090000.WAV,Telephone Field,recover-20220922,001,1795
216.8645,216.9037,68437,81898,Rhinolophus ferrumequinum,0.022,0.022,-1,Echolocation,/mnt/ubna_data_02_mir/recover-20220922/UBNA_001/20220921_090000.WAV,Telephone Field,recover-20220922,001,1795
216.8795,216.8897,27187,34286,Eptesicus serotinus,0.01,0.024,-1,Echolocation,/mnt/ubna_data_02_mir/recover-20220922/UBNA_001/20220921_090000.WAV,Telephone Field,recover-20220922,001,1795
216.9305,216.9732,68437,83062,Rhinolophus ferrumequinum,0.028,0.028,-1,Echolocation,/mnt/ubna_data_02_mir/recover-20220922/UBNA_001/20220921_090000.WAV,Telephone Field,recover-20220922,001,1795
216.9725,216.9803,22890,30873,Plecotus austriacus,0.011,0.025,-1,Echolocation,/mnt/ubna_data_02_mir/recover-20220922/UBNA_001/20220921_090000.WAV,Telephone Field,recover-20220922,001,1795
216.9885,217.0245,68437,81242,Rhinolophus ferrumequinum,0.024,0.024,-1,Echolocation,/mnt/ubna_data_02_mir/recover-20220922/UBNA_001/20220921_090000.WAV,Telephone Field,recover-20220922,001,1795
217.0605,217.0987,68437,81360,Rhinolophus ferrumequinum,0.023,0.023,-1,Echolocation,/mnt/ubna_data_02_mir/recover-20220922/UBNA_001/20220921_090000.WAV,Telephone Field,recover-20220922,001,1795
217.0695,217.1121,68437,83020,Rhinolophus ferrumequinum,0.03,0.03,-1,Echolocation,/mnt/ubna_data_02_mir/recover-20220922/UBNA_001/20220921_090000.WAV,Telephone Field,recover-20220922,001,1795
217.0845,217.0927,27187,35881,Eptesicus serotinus,0.019,0.037,-1,Echolocation,/mnt/ubna_data_02_mir/recover-20220922/UBNA_001/20220921_090000.WAV,Telephone Field,recover-20220922,001,1795
217.0875,217.1254,68437,81597,Rhinolophus ferrumequinum,0.023,0.023,-1,Echolocation,/mnt/ubna_data_02_mir/recover-20220922/UBNA_001/20220921_090000.WAV,Telephone Field,recover-20220922,001,1795
217.1175,217.1593,68437,82780,Rhinolophus ferrumequinum,0.024,0.024,-1,Echolocation,/mnt/ubna_data_02_mir/recover-20220922/UBNA_001/20220921_090000.WAV,Telephone Field,recover-20220922,001,1795
217.1175,217.1299,53828,57354,Pipistrellus pygmaeus,0.021,0.022,-1,Echolocation,/mnt/ubna_data_02_mir/recover-20220922/UBNA_001/20220921_090000.WAV,Telephone Field,recover-20220922,001,1795
217.1435,217.1545,22890,28115,Nyctalus leisleri,0.012,0.025,-1,Echolocation,/mnt/ubna_data_02_mir/recover-20220922/UBNA_001/20220921_090000.WAV,Telephone Field,recover-20220922,001,1795
217.1705,217.1814,44375,48547,Pipistrellus pipistrellus,0.026,0.028,-1,Echolocation,/mnt/ubna_data_02_mir/recover-20220922/UBNA_001/20220921_090000.WAV,Telephone Field,recover-20220922,001,1795
217.1975,217.2395,68437,82815,Rhinolophus ferrumequinum,0.026,0.026,-1,Echolocation,/mnt/ubna_data_02_mir/recover-20220922/UBNA_001/20220921_090000.WAV,Telephone Field,recover-20220922,001,1795
217.2205,217.2586,68437,81937,Rhinolophus ferrumequinum,0.031,0.031,-1,Echolocation,/mnt/ubna_data_02_mir/recover-20220922/UBNA_001/20220921_090000.WAV,Telephone Field,recover-20220922,001,1795
217.2475,217.2844,68437,81934,Rhinolophus ferrumequinum,0.022,0.022,-1,Echolocation,/mnt/ubna_data_02_mir/recover-20220922/UBNA_001/20220921_090000.WAV,Telephone Field,recover-20220922,001,1795
217.2635,217.3011,68437,81580,Rhinolophus ferrumequinum,0.022,0.022,-1,Echolocation,/mnt/ubna_data_02_mir/recover-20220922/UBNA_001/20220921_090000.WAV,Telephone Field,recover-20220922,001,1795
217.2865,217.3279,68437,82521,Rhinolophus ferrumequinum,0.027,0.027,-1,Echolocation,/mnt/ubna_data_02_mir/recover-20220922/UBNA_001/20220921_090000.WAV,Telephone Field,recover-20220922,001,1795
217.3425,217.35,27187,36563,Eptesicus serotinus,0.012,0.033,-1,Echolocation,/mnt/ubna_data_02_mir/recover-20220922/UBNA_001/20220921_090000.WAV,Telephone Field,recover-20220922,001,1795
217.3485,217.3867,68437,82433,Rhinolophus ferrumequinum,0.024,0.024,-1,Echolocation,/mnt/ubna_data_02_mir/recover-20220922/UBNA_001/20220921_090000.WAV,Telephone Field,recover-20220922,001,1795
217.3575,217.3969,68437,81999,Rhinolophus ferrumequinum,0.023,0.023,-1,Echolocation,/mnt/ubna_data_02_mir/recover-20220922/UBNA_001/20220921_090000.WAV,Telephone Field,recover-20220922,001,1795
217.3625,217.4032,68437,82262,Rhinolophus ferrumequinum,0.023,0.023,-1,Echolocation,/mnt/ubna_data_02_mir/recover-20220922/UBNA_001/20220921_090000.WAV,Telephone Field,recover-20220922,001,1795
217.3755,217.3867,44375,46845,Pipistrellus pipistrellus,0.033,0.035,-1,Echolocation,/mnt/ubna_data_02_mir/recover-20220922/UBNA_001/20220921_090000.WAV,Telephone Field,recover-20220922,001,1795
217.3875,217.3964,28046,37688,Eptesicus serotinus,0.009,0.023,-1,Echolocation,/mnt/ubna_data_02_mir/recover-20220922/UBNA_001/20220921_090000.WAV,Telephone Field,recover-20220922,001,1795
217.3965,217.4322,68437,81108,Rhinolophus ferrumequinum,0.022,0.022,-1,Echolocation,/mnt/ubna_data_02_mir/recover-20220922/UBNA_001/20220921_090000.WAV,Telephone Field,recover-20220922,001,1795
217.4175,217.455,68437,82254,Rhinolophus ferrumequinum,0.021,0.022,-1,Echolocation,/mnt/ubna_data_02_mir/recover-20220922/UBNA_001/20220921_090000.WAV,Telephone Field,recover-20220922,001,1795
217.4365,217.4738,68437,82168,Rhinolophus ferrumequinum,0.022,0.022,-1,Echolocation,/mnt/ubna_data_02_mir/recover-20220922/UBNA_001/20220921_090000.WAV,Telephone Field,recover-20220922,001,1795
217.4555,217.4935,68437,82348,Rhinolophus ferrumequinum,0.026,0.026,-1,Echolocation,/mnt/ubna_data_02_mir/recover-20220922/UBNA_001/20220921_090000.WAV,Telephone Field,recover-20220922,001,1795
217.4795,217.51839999999999,68437,82167,Rhinolophus ferrumequinum,0.023,0.023,-1,Echolocation,/mnt/ubna_data_02_mir/recover-20220922/UBNA_001/20220921_090000.WAV,Telephone Field,recover-20220922,001,1795
217.4965,217.5343,68437,81848,Rhinolophus ferrumequinum,0.025,0.025,-1,Echolocation,/mnt/ubna_data_02_mir/recover-20220922/UBNA_001/20220921_090000.WAV,Telephone Field,recover-20220922,001,1795
217.5065,217.5442,68437,82102,Rhinolophus ferrumequinum,0.031,0.031,-1,Echolocation,/mnt/ubna_data_02_mir/recover-20220922/UBNA_001/20220921_090000.WAV,Telephone Field,recover-20220922,001,1795
217.5145,217.5572,68437,83044,Rhinolophus ferrumequinum,0.035,0.035,-1,Echolocation,/mnt/ubna_data_02_mir/recover-20220922/UBNA_001/20220921_090000.WAV,Telephone Field,recover-20220922,001,1795
217.5305,217.5707,68437,82250,Rhinolophus ferrumequinum,0.024,0.024,-1,Echolocation,/mnt/ubna_data_02_mir/recover-20220922/UBNA_001/20220921_090000.WAV,Telephone Field,recover-20220922,001,1795
217.5435,217.554,22031,26903,Nyctalus leisleri,0.011,0.023,-1,Echolocation,/mnt/ubna_data_02_mir/recover-20220922/UBNA_001/20220921_090000.WAV,Telephone Field,recover-20220922,001,1795
217.5685,217.6108,68437,82713,Rhinolophus ferrumequinum,0.037,0.037,-1,Echolocation,/mnt/ubna_data_02_mir/recover-20220922/UBNA_001/20220921_090000.WAV,Telephone Field,recover-20220922,001,1795
217.6055,217.6161,27187,34292,Eptesicus serotinus,0.011,0.022,-1,Echolocation,/mnt/ubna_data_02_mir/recover-20220922/UBNA_001/20220921_090000.WAV,Telephone Field,recover-20220922,001,1795
217.6675,217.6777,28046,36999,Eptesicus serotinus,0.012,0.026,-1,Echolocation,/mnt/ubna_data_02_mir/recover-20220922/UBNA_001/20220921_090000.WAV,Telephone Field,recover-20220922,001,1795
217.6915,217.7315,68437,82487,Rhinolophus ferrumequinum,0.023,0.023,-1,Echolocation,/mnt/ubna_data_02_mir/recover-20220922/UBNA_001/20220921_090000.WAV,Telephone Field,recover-20220922,001,1795
217.6995,217.7191,14296,18304,Nyctalus noctula,0.06,0.081,-1,Echolocation,/mnt/ubna_data_02_mir/recover-20220922/UBNA_001/20220921_090000.WAV,Telephone Field,recover-20220922,001,1795
217.7135,217.7513,68437,82523,Rhinolophus ferrumequinum,0.024,0.024,-1,Echolocation,/mnt/ubna_data_02_mir/recover-20220922/UBNA_001/20220921_090000.WAV,Telephone Field,recover-20220922,001,1795
217.7665,217.7765,28906,37189,Eptesicus serotinus,0.01,0.024,-1,Echolocation,/mnt/ubna_data_02_mir/recover-20220922/UBNA_001/20220921_090000.WAV,Telephone Field,recover-20220922,001,1795
217.7795,217.8218,68437,82626,Rhinolophus ferrumequinum,0.068,0.068,-1,Echolocation,/mnt/ubna_data_02_mir/recover-20220922/UBNA_001/20220921_090000.WAV,Telephone Field,recover-20220922,001,1795
217.7845,217.794,27187,35486,Eptesicus serotinus,0.01,0.022,-1,Echolocation,/mnt/ubna_data_02_mir/recover-20220922/UBNA_001/20220921_090000.WAV,Telephone Field,recover-20220922,001,1795
217.8045,217.8461,68437,82666,Rhinolophus ferrumequinum,0.032,0.032,-1,Echolocation,/mnt/ubna_data_02_mir/recover-20220922/UBNA_001/20220921_090000.WAV,Telephone Field,recover-20220922,001,1795
217.8755,217.9193,68437,83413,Rhinolophus ferrumequinum,0.036,0.036,-1,Echolocation,/mnt/ubna_data_02_mir/recover-20220922/UBNA_001/20220921_090000.WAV,Telephone Field,recover-20220922,001,1795
217.9045,217.9425,68437,82331,Rhinolophus ferrumequinum,0.024,0.024,-1,Echolocation,/mnt/ubna_data_02_mir/recover-20220922/UBNA_001/20220921_090000.WAV,Telephone Field,recover-20220922,001,1795
217.9145,217.9232,27187,38063,Eptesicus serotinus,0.008,0.021,-1,Echolocation,/mnt/ubna_data_02_mir/recover-20220922/UBNA_001/20220921_090000.WAV,Telephone Field,recover-20220922,001,1795
217.9365,217.9749,68437,81751,Rhinolophus ferrumequinum,0.024,0.024,-1,Echolocation,/mnt/ubna_data_02_mir/recover-20220922/UBNA_001/20220921_090000.WAV,Telephone Field,recover-20220922,001,1795
217.9445,217.9859,68437,82565,Rhinolophus ferrumequinum,0.035,0.035,-1,Echolocation,/mnt/ubna_data_02_mir/recover-20220922/UBNA_001/20220921_090000.WAV,Telephone Field,recover-20220922,001,1795
217.9605,217.9697,22890,30094,Plecotus austriacus,0.008,0.022,-1,Echolocation,/mnt/ubna_data_02_mir/recover-20220922/UBNA_001/20220921_090000.WAV,Telephone Field,recover-20220922,001,1795
217.9835,217.9954,23750,29672,Nyctalus leisleri,0.013,0.029,-1,Echolocation,/mnt/ubna_data_02_mir/recover-20220922/UBNA_001/20220921_090000.WAV,Telephone Field,recover-20220922,001,1795
218.0015,218.0099,23750,32874,Nyctalus leisleri,0.01,0.033,-1,Echolocation,/mnt/ubna_data_02_mir/recover-20220922/UBNA_001/20220921_090000.WAV,Telephone Field,recover-20220922,001,1795
218.0015,218.034,68437,79129,Rhinolophus ferrumequinum,0.04,0.04,-1,Echolocation,/mnt/ubna_data_02_mir/recover-20220922/UBNA_001/20220921_090000.WAV,Telephone Field,recover-20220922,001,1795
218.0015,218.0098,48671,56363,Pipistrellus pipistrellus,0.02,0.024,-1,Echolocation,/mnt/ubna_data_02_mir/recover-20220922/UBNA_001/20220921_090000.WAV,Telephone Field,recover-20220922,001,1795
218.0615,218.0702,22890,30446,Plecotus austriacus,0.015,0.032,-1,Echolocation,/mnt/ubna_data_02_mir/recover-20220922/UBNA_001/20220921_090000.WAV,Telephone Field,recover-20220922,001,1795
218.0685,218.1073,68437,82161,Rhinolophus ferrumequinum,0.023,0.023,-1,Echolocation,/mnt/ubna_data_02_mir/recover-20220922/UBNA_001/20220921_090000.WAV,Telephone Field,recover-20220922,001,1795
218.1055,218.1473,68437,82875,Rhinolophus ferrumequinum,0.027,0.027,-1,Echolocation,/mnt/ubna_data_02_mir/recover-20220922/UBNA_001/20220921_090000.WAV,Telephone Field,recover-20220922,001,1795
218.1265,218.1639,68437,81992,Rhinolophus ferrumequinum,0.023,0.023,-1,Echolocation,/mnt/ubna_data_02_mir/recover-20220922/UBNA_001/20220921_090000.WAV,Telephone Field,recover-20220922,001,1795
218.1465,218.1909,68437,82393,Rhinolophus ferrumequinum,0.044,0.044,-1,Echolocation,/mnt/ubna_data_02_mir/recover-20220922/UBNA_001/20220921_090000.WAV,Telephone Field,recover-20220922,001,1795
218.1725,218.2143,68437,82608,Rhinolophus ferrumequinum,0.025,0.025,-1,Echolocation,/mnt/ubna_data_02_mir/recover-20220922/UBNA_001/20220921_090000.WAV,Telephone Field,recover-20220922,001,1795
218.1795,218.2182,68437,81703,Rhinolophus ferrumequinum,0.024,0.024,-1,Echolocation,/mnt/ubna_data_02_mir/recover-20220922/UBNA_001/20220921_090000.WAV,Telephone Field,recover-20220922,001,1795
218.1885,218.2253,68437,81791,Rhinolophus ferrumequinum,0.023,0.023,-1,Echolocation,/mnt/ubna_data_02_mir/recover-20220922/UBNA_001/20220921_090000.WAV,Telephone Field,recover-20220922,001,1795
218.1945,218.2044,28906,37494,Eptesicus serotinus,0.008,0.022,-1,Echolocation,/mnt/ubna_data_02_mir/recover-20220922/UBNA_001/20220921_090000.WAV,Telephone Field,recover-20220922,001,1795
218.2235,218.2671,68437,83705,Rhinolophus ferrumequinum,0.047,0.047,-1,Echolocation,/mnt/ubna_data_02_mir/recover-20220922/UBNA_001/20220921_090000.WAV,Telephone Field,recover-20220922,001,1795
218.2335,218.2449,22890,27404,Nyctalus leisleri,0.018,0.031,-1,Echolocation,/mnt/ubna_data_02_mir/recover-20220922/UBNA_001/20220921_090000.WAV,Telephone Field,recover-20220922,001,1795
218.2475,218.2845,68437,81626,Rhinolophus ferrumequinum,0.022,0.022,-1,Echolocation,/mnt/ubna_data_02_mir/recover-20220922/UBNA_001/20220921_090000.WAV,Telephone Field,recover-20220922,001,1795
218.2585,218.2674,27187,36442,Eptesicus serotinus,0.009,0.023,-1,Echolocation,/mnt/ubna_data_02_mir/recover-20220922/UBNA_001/20220921_090000.WAV,Telephone Field,recover-20220922,001,1795
218.2665,218.30610000000001,68437,81884,Rhinolophus ferrumequinum,0.024,0.024,-1,Echolocation,/mnt/ubna_data_02_mir/recover-20220922/UBNA_001/20220921_090000.WAV,Telephone Field,recover-20220922,001,1795
218.2685,218.2793,27187,34421,Eptesicus serotinus,0.013,0.026,-1,Echolocation,/mnt/ubna_data_02_mir/recover-20220922/UBNA_001/20220921_090000.WAV,Telephone Field,recover-20220922,001,1795
218.2935,218.3355,68437,83134,Rhinolophus ferrumequinum,0.029,0.029,-1,Echolocation,/mnt/ubna_data_02_mir/recover-20220922/UBNA_001/20220921_090000.WAV,Telephone Field,recover-20220922,001,1795
218.3125,218.3245,22031,26092,Nyctalus leisleri,0.014,0.025,-1,Echolocation,/mnt/ubna_data_02_mir/recover-20220922/UBNA_001/20220921_090000.WAV,Telephone Field,recover-20220922,001,1795
218.3365,218.3773,68437,82681,Rhinolophus ferrumequinum,0.023,0.023,-1,Echolocation,/mnt/ubna_data_02_mir/recover-20220922/UBNA_001/20220921_090000.WAV,Telephone Field,recover-20220922,001,1795
218.3585,218.3997,68437,82745,Rhinolophus ferrumequinum,0.027,0.028,-1,Echolocation,/mnt/ubna_data_02_mir/recover-20220922/UBNA_001/20220921_090000.WAV,Telephone Field,recover-20220922,001,1795
218.3985,218.4395,68437,82822,Rhinolophus ferrumequinum,0.022,0.022,-1,Echolocation,/mnt/ubna_data_02_mir/recover-20220922/UBNA_001/20220921_090000.WAV,Telephone Field,recover-20220922,001,1795
218.4065,218.4448,68437,82185,Rhinolophus ferrumequinum,0.023,0.023,-1,Echolocation,/mnt/ubna_data_02_mir/recover-20220922/UBNA_001/20220921_090000.WAV,Telephone Field,recover-20220922,001,1795
218.4145,218.4523,68437,81079,Rhinolophus ferrumequinum,0.022,0.023,-1,Echolocation,/mnt/ubna_data_02_mir/recover-20220922/UBNA_001/20220921_090000.WAV,Telephone Field,recover-20220922,001,1795
218.41649999999998,218.436,18593,22196,Nyctalus noctula,0.018,0.03,-1,Echolocation,/mnt/ubna_data_02_mir/recover-20220922/UBNA_001/20220921_090000.WAV,Telephone Field,recover-20220922,001,1795
218.4235,218.4602,68437,81583,Rhinolophus ferrumequinum,0.023,0.023,-1,Echolocation,/mnt/ubna_data_02_mir/recover-20220922/UBNA_001/20220921_090000.WAV,Telephone Field,recover-20220922,001,1795
218.4445,218.4845,68437,82678,Rhinolophus ferrumequinum,0.029,0.029,-1,Echolocation,/mnt/ubna_data_02_mir/recover-20220922/UBNA_001/20220921_090000.WAV,Telephone Field,recover-20220922,001,1795
218.44650000000001,218.4577,28046,35854,Eptesicus serotinus,0.01,0.023,-1,Echolocation,/mnt/ubna_data_02_mir/recover-20220922/UBNA_001/20220921_090000.WAV,Telephone Field,recover-20220922,001,1795
218.4555,218.494,68437,81594,Rhinolophus ferrumequinum,0.023,0.024,-1,Echolocation,/mnt/ubna_data_02_mir/recover-20220922/UBNA_001/20220921_090000.WAV,Telephone Field,recover-20220922,001,1795
218.4745,218.4896,44375,47718,Pipistrellus pipistrellus,0.044,0.049,-1,Echolocation,/mnt/ubna_data_02_mir/recover-20220922/UBNA_001/20220921_090000.WAV,Telephone Field,recover-20220922,001,1795
218.4795,218.4879,28906,39982,Eptesicus serotinus,0.008,0.023,-1,Echolocation,/mnt/ubna_data_02_mir/recover-20220922/UBNA_001/20220921_090000.WAV,Telephone Field,recover-20220922,001,1795
218.4915,218.5336,68437,83268,Rhinolophus ferrumequinum,0.036,0.036,-1,Echolocation,/mnt/ubna_data_02_mir/recover-20220922/UBNA_001/20220921_090000.WAV,Telephone Field,recover-20220922,001,1795
218.5095,218.5479,68437,82104,Rhinolophus ferrumequinum,0.029,0.029,-1,Echolocation,/mnt/ubna_data_02_mir/recover-20220922/UBNA_001/20220921_090000.WAV,Telephone Field,recover-20220922,001,1795
218.5345,218.5744,68437,82547,Rhinolophus ferrumequinum,0.023,0.023,-1,Echolocation,/mnt/ubna_data_02_mir/recover-20220922/UBNA_001/20220921_090000.WAV,Telephone Field,recover-20220922,001,1795
218.5445,218.5836,68437,82043,Rhinolophus ferrumequinum,0.023,0.023,-1,Echolocation,/mnt/ubna_data_02_mir/recover-20220922/UBNA_001/20220921_090000.WAV,Telephone Field,recover-20220922,001,1795
218.5545,218.5932,68437,81977,Rhinolophus ferrumequinum,0.022,0.022,-1,Echolocation,/mnt/ubna_data_02_mir/recover-20220922/UBNA_001/20220921_090000.WAV,Telephone Field,recover-20220922,001,1795
218.5605,218.572,44375,48890,Pipistrellus pipistrellus,0.023,0.03,-1,Echolocation,/mnt/ubna_data_02_mir/recover-20220922/UBNA_001/20220921_090000.WAV,Telephone Field,recover-20220922,001,1795
218.5805,218.6159,68437,81262,Rhinolophus ferrumequinum,0.028,0.028,-1,Echolocation,/mnt/ubna_data_02_mir/recover-20220922/UBNA_001/20220921_090000.WAV,Telephone Field,recover-20220922,001,1795
218.6135,218.6219,56406,61124,Pipistrellus pygmaeus,0.027,0.028,-1,Echolocation,/mnt/ubna_data_02_mir/recover-20220922/UBNA_001/20220921_090000.WAV,Telephone Field,recover-20220922,001,1795
218.6235,218.6652,68437,82465,Rhinolophus ferrumequinum,0.026,0.026,-1,Echolocation,/mnt/ubna_data_02_mir/recover-20220922/UBNA_001/20220921_090000.WAV,Telephone Field,recover-20220922,001,1795
218.6265,218.6368,24609,31323,Nyctalus leisleri,0.012,0.031,-1,Echolocation,/mnt/ubna_data_02_mir/recover-20220922/UBNA_001/20220921_090000.WAV,Telephone Field,recover-20220922,001,1795
218.6335,218.6706,68437,82173,Rhinolophus ferrumequinum,0.026,0.026,-1,Echolocation,/mnt/ubna_data_02_mir/recover-20220922/UBNA_001/20220921_090000.WAV,Telephone Field,recover-20220922,001,1795
218.6595,218.6896,68437,80462,Rhinolophus ferrumequinum,0.024,0.025,-1,Echolocation,/mnt/ubna_data_02_mir/recover-20220922/UBNA_001/20220921_090000.WAV,Telephone Field,recover-20220922,001,1795
218.6685,218.7019,68437,80539,Rhinolophus ferrumequinum,0.022,0.022,-1,Echolocation,/mnt/ubna_data_02_mir/recover-20220922/UBNA_001/20220921_090000.WAV,Telephone Field,recover-20220922,001,1795
218.6865,218.6947,27187,35667,Eptesicus serotinus,0.01,0.026,-1,Echolocation,/mnt/ubna_data_02_mir/recover-20220922/UBNA_001/20220921_090000.WAV,Telephone Field,recover-20220922,001,1795
218.6935,218.7331,68437,82188,Rhinolophus ferrumequinum,0.032,0.032,-1,Echolocation,/mnt/ubna_data_02_mir/recover-20220922/UBNA_001/20220921_090000.WAV,Telephone Field,recover-20220922,001,1795
218.7445,218.7829,68437,82562,Rhinolophus ferrumequinum,0.022,0.022,-1,Echolocation,/mnt/ubna_data_02_mir/recover-20220922/UBNA_001/20220921_090000.WAV,Telephone Field,recover-20220922,001,1795
218.7905,218.803,28046,34071,Eptesicus serotinus,0.03,0.049,-1,Echolocation,/mnt/ubna_data_02_mir/recover-20220922/UBNA_001/20220921_090000.WAV,Telephone Field,recover-20220922,001,1795
218.8045,218.8141,28906,39159,Eptesicus serotinus,0.011,0.025,-1,Echolocation,/mnt/ubna_data_02_mir/recover-20220922/UBNA_001/20220921_090000.WAV,Telephone Field,recover-20220922,001,1795
218.8065,218.8465,68437,82373,Rhinolophus ferrumequinum,0.034,0.034,-1,Echolocation,/mnt/ubna_data_02_mir/recover-20220922/UBNA_001/20220921_090000.WAV,Telephone Field,recover-20220922,001,1795
218.8225,218.8331,22031,26083,Nyctalus leisleri,0.014,0.024,-1,Echolocation,/mnt/ubna_data_02_mir/recover-20220922/UBNA_001/20220921_090000.WAV,Telephone Field,recover-20220922,001,1795
218.8235,218.8611,68437,82492,Rhinolophus ferrumequinum,0.022,0.022,-1,Echolocation,/mnt/ubna_data_02_mir/recover-20220922/UBNA_001/20220921_090000.WAV,Telephone Field,recover-20220922,001,1795
218.8465,218.8539,28906,39902,Eptesicus serotinus,0.007,0.022,-1,Echolocation,/mnt/ubna_data_02_mir/recover-20220922/UBNA_001/20220921_090000.WAV,Telephone Field,recover-20220922,001,1795
218.8495,218.8888,68437,82383,Rhinolophus ferrumequinum,0.025,0.025,-1,Echolocation,/mnt/ubna_data_02_mir/recover-20220922/UBNA_001/20220921_090000.WAV,Telephone Field,recover-20220922,001,1795
218.8695,218.8779,46953,51721,Pipistrellus pipistrellus,0.038,0.039,-1,Echolocation,/mnt/ubna_data_02_mir/recover-20220922/UBNA_001/20220921_090000.WAV,Telephone Field,recover-20220922,001,1795
218.8845,218.9219,68437,82127,Rhinolophus ferrumequinum,0.022,0.022,-1,Echolocation,/mnt/ubna_data_02_mir/recover-20220922/UBNA_001/20220921_090000.WAV,Telephone Field,recover-20220922,001,1795
218.9315,218.9418,23750,30005,Nyctalus leisleri,0.011,0.026,-1,Echolocation,/mnt/ubna_data_02_mir/recover-20220922/UBNA_001/20220921_090000.WAV,Telephone Field,recover-20220922,001,1795
218.9395,218.9822,68437,82724,Rhinolophus ferrumequinum,0.027,0.027,-1,Echolocation,/mnt/ubna_data_02_mir/recover-20220922/UBNA_001/20220921_090000.WAV,Telephone Field,recover-20220922,001,1795
218.9835,219.0269,68437,82502,Rhinolophus ferrumequinum,0.034,0.034,-1,Echolocation,/mnt/ubna_data_02_mir/recover-20220922/UBNA_001/20220921_090000.WAV,Telephone Field,recover-20220922,001,1795
219.0175,219.0547,68437,81479,Rhinolophus ferrumequinum,0.022,0.022,-1,Echolocation,/mnt/ubna_data_02_mir/recover-20220922/UBNA_001/20220921_090000.WAV,Telephone Field,recover-20220922,001,1795
219.0185,219.0414,18593,21725,Nyctalus noctula,0.015,0.03,-1,Echolocation,/mnt/ubna_data_02_mir/recover-20220922/UBNA_001/20220921_090000.WAV,Telephone Field,recover-20220922,001,1795
219.0465,219.0884,68437,83126,Rhinolophus ferrumequinum,0.033,0.033,-1,Echolocation,/mnt/ubna_data_02_mir/recover-20220922/UBNA_001/20220921_090000.WAV,Telephone Field,recover-20220922,001,1795
219.0795,219.1212,68437,82747,Rhinolophus ferrumequinum,0.027,0.027,-1,Echolocation,/mnt/ubna_data_02_mir/recover-20220922/UBNA_001/20220921_090000.WAV,Telephone Field,recover-20220922,001,1795
219.1215,219.1617,68437,82813,Rhinolophus ferrumequinum,0.025,0.025,-1,Echolocation,/mnt/ubna_data_02_mir/recover-20220922/UBNA_001/20220921_090000.WAV,Telephone Field,recover-20220922,001,1795
219.1295,219.1688,68437,82832,Rhinolophus ferrumequinum,0.024,0.024,-1,Echolocation,/mnt/ubna_data_02_mir/recover-20220922/UBNA_001/20220921_090000.WAV,Telephone Field,recover-20220922,001,1795
219.1525,219.1936,68437,82697,Rhinolophus ferrumequinum,0.022,0.022,-1,Echolocation,/mnt/ubna_data_02_mir/recover-20220922/UBNA_001/20220921_090000.WAV,Telephone Field,recover-20220922,001,1795
219.1715,219.2088,68437,81434,Rhinolophus ferrumequinum,0.03,0.03,-1,Echolocation,/mnt/ubna_data_02_mir/recover-20220922/UBNA_001/20220921_090000.WAV,Telephone Field,recover-20220922,001,1795
219.20850000000002,219.2528,68437,83140,Rhinolophus ferrumequinum,0.032,0.032,-1,Echolocation,/mnt/ubna_data_02_mir/recover-20220922/UBNA_001/20220921_090000.WAV,Telephone Field,recover-20220922,001,1795
219.2405,219.27870000000001,68437,81777,Rhinolophus ferrumequinum,0.022,0.022,-1,Echolocation,/mnt/ubna_data_02_mir/recover-20220922/UBNA_001/20220921_090000.WAV,Telephone Field,recover-20220922,001,1795
219.2615,219.27100000000002,14296,22999,Nyctalus noctula,0.013,0.026,-1,Echolocation,/mnt/ubna_data_02_mir/recover-20220922/UBNA_001/20220921_090000.WAV,Telephone Field,recover-20220922,001,1795
219.3025,219.3253,18593,21699,Nyctalus noctula,0.016,0.027,-1,Echolocation,/mnt/ubna_data_02_mir/recover-20220922/UBNA_001/20220921_090000.WAV,Telephone Field,recover-20220922,001,1795
219.3025,219.3432,68437,82837,Rhinolophus ferrumequinum,0.031,0.031,-1,Echolocation,/mnt/ubna_data_02_mir/recover-20220922/UBNA_001/20220921_090000.WAV,Telephone Field,recover-20220922,001,1795
219.3165,219.3522,68437,81540,Rhinolophus ferrumequinum,0.023,0.023,-1,Echolocation,/mnt/ubna_data_02_mir/recover-20220922/UBNA_001/20220921_090000.WAV,Telephone Field,recover-20220922,001,1795
219.3605,219.4007,68437,82882,Rhinolophus ferrumequinum,0.028,0.028,-1,Echolocation,/mnt/ubna_data_02_mir/recover-20220922/UBNA_001/20220921_090000.WAV,Telephone Field,recover-20220922,001,1795
219.3705,219.38139999999999,23750,29608,Nyctalus leisleri,0.009,0.022,-1,Echolocation,/mnt/ubna_data_02_mir/recover-20220922/UBNA_001/20220921_090000.WAV,Telephone Field,recover-20220922,001,1795
219.3795,219.4243,68437,83643,Rhinolophus ferrumequinum,0.04,0.04,-1,Echolocation,/mnt/ubna_data_02_mir/recover-20220922/UBNA_001/20220921_090000.WAV,Telephone Field,recover-20220922,001,1795
219.4005,219.4129,23750,28675,Nyctalus leisleri,0.012,0.024,-1,Echolocation,/mnt/ubna_data_02_mir/recover-20220922/UBNA_001/20220921_090000.WAV,Telephone Field,recover-20220922,001,1795
219.4205,219.4595,68437,81990,Rhinolophus ferrumequinum,0.027,0.027,-1,Echolocation,/mnt/ubna_data_02_mir/recover-20220922/UBNA_001/20220921_090000.WAV,Telephone Field,recover-20220922,001,1795
219.4355,219.44389999999999,28046,38515,Eptesicus serotinus,0.007,0.022,-1,Echolocation,/mnt/ubna_data_02_mir/recover-20220922/UBNA_001/20220921_090000.WAV,Telephone Field,recover-20220922,001,1795
219.4595,219.4947,68437,81312,Rhinolophus ferrumequinum,0.024,0.024,-1,Echolocation,/mnt/ubna_data_02_mir/recover-20220922/UBNA_001/20220921_090000.WAV,Telephone Field,recover-20220922,001,1795
219.4685,219.5065,68437,81802,Rhinolophus ferrumequinum,0.035,0.035,-1,Echolocation,/mnt/ubna_data_02_mir/recover-20220922/UBNA_001/20220921_090000.WAV,Telephone Field,recover-20220922,001,1795
219.4685,219.4776,46093,49737,Pipistrellus pipistrellus,0.021,0.022,-1,Echolocation,/mnt/ubna_data_02_mir/recover-20220922/UBNA_001/20220921_090000.WAV,Telephone Field,recover-20220922,001,1795
219.4685,219.4785,22031,26992,Nyctalus leisleri,0.011,0.023,-1,Echolocation,/mnt/ubna_data_02_mir/recover-20220922/UBNA_001/20220921_090000.WAV,Telephone Field,recover-20220922,001,1795
219.4795,219.5215,68437,82482,Rhinolophus ferrumequinum,0.042,0.042,-1,Echolocation,/mnt/ubna_data_02_mir/recover-20220922/UBNA_001/20220921_090000.WAV,Telephone Field,recover-20220922,001,1795
219.4975,219.5082,24609,31629,Nyctalus leisleri,0.01,0.027,-1,Echolocation,/mnt/ubna_data_02_mir/recover-20220922/UBNA_001/20220921_090000.WAV,Telephone Field,recover-20220922,001,1795
219.5045,219.5438,68437,81956,Rhinolophus ferrumequinum,0.022,0.022,-1,Echolocation,/mnt/ubna_data_02_mir/recover-20220922/UBNA_001/20220921_090000.WAV,Telephone Field,recover-20220922,001,1795
219.5325,219.5416,27187,36289,Eptesicus serotinus,0.008,0.022,-1,Echolocation,/mnt/ubna_data_02_mir/recover-20220922/UBNA_001/20220921_090000.WAV,Telephone Field,recover-20220922,001,1795
219.5485,219.594,68437,83318,Rhinolophus ferrumequinum,0.048,0.048,-1,Echolocation,/mnt/ubna_data_02_mir/recover-20220922/UBNA_001/20220921_090000.WAV,Telephone Field,recover-20220922,001,1795
219.5735,219.6116,68437,82248,Rhinolophus ferrumequinum,0.023,0.024,-1,Echolocation,/mnt/ubna_data_02_mir/recover-20220922/UBNA_001/20220921_090000.WAV,Telephone Field,recover-20220922,001,1795
219.5885,219.6311,68437,83017,Rhinolophus ferrumequinum,0.026,0.026,-1,Echolocation,/mnt/ubna_data_02_mir/recover-20220922/UBNA_001/20220921_090000.WAV,Telephone Field,recover-20220922,001,1795
219.6015,219.6446,68437,83076,Rhinolophus ferrumequinum,0.033,0.033,-1,Echolocation,/mnt/ubna_data_02_mir/recover-20220922/UBNA_001/20220921_090000.WAV,Telephone Field,recover-20220922,001,1795
219.6055,219.6159,22031,26850,Nyctalus leisleri,0.011,0.024,-1,Echolocation,/mnt/ubna_data_02_mir/recover-20220922/UBNA_001/20220921_090000.WAV,Telephone Field,recover-20220922,001,1795
219.6145,219.6518,68437,81830,Rhinolophus ferrumequinum,0.022,0.022,-1,Echolocation,/mnt/ubna_data_02_mir/recover-20220922/UBNA_001/20220921_090000.WAV,Telephone Field,recover-20220922,001,1795
219.6315,219.6739,68437,82382,Rhinolophus ferrumequinum,0.027,0.027,-1,Echolocation,/mnt/ubna_data_02_mir/recover-20220922/UBNA_001/20220921_090000.WAV,Telephone Field,recover-20220922,001,1795
219.6425,219.6828,68437,82053,Rhinolophus ferrumequinum,0.027,0.027,-1,Echolocation,/mnt/ubna_data_02_mir/recover-20220922/UBNA_001/20220921_090000.WAV,Telephone Field,recover-20220922,001,1795
219.6455,219.6524,28906,37493,Eptesicus serotinus,0.006,0.023,-1,Echolocation,/mnt/ubna_data_02_mir/recover-20220922/UBNA_001/20220921_090000.WAV,Telephone Field,recover-20220922,001,1795
219.6475,219.6573,22031,27643,Nyctalus leisleri,0.01,0.027,-1,Echolocation,/mnt/ubna_data_02_mir/recover-20220922/UBNA_001/20220921_090000.WAV,Telephone Field,recover-20220922,001,1795
219.6635,219.7025,68437,82005,Rhinolophus ferrumequinum,0.024,0.024,-1,Echolocation,/mnt/ubna_data_02_mir/recover-20220922/UBNA_001/20220921_090000.WAV,Telephone Field,recover-20220922,001,1795
219.6715,219.7103,68437,82059,Rhinolophus ferrumequinum,0.023,0.023,-1,Echolocation,/mnt/ubna_data_02_mir/recover-20220922/UBNA_001/20220921_090000.WAV,Telephone Field,recover-20220922,001,1795
219.6915,219.7304,68437,81849,Rhinolophus ferrumequinum,0.022,0.023,-1,Echolocation,/mnt/ubna_data_02_mir/recover-20220922/UBNA_001/20220921_090000.WAV,Telephone Field,recover-20220922,001,1795
219.7095,219.7226,22890,27782,Nyctalus leisleri,0.013,0.023,-1,Echolocation,/mnt/ubna_data_02_mir/recover-20220922/UBNA_001/20220921_090000.WAV,Telephone Field,recover-20220922,001,1795
219.7115,219.7483,68437,80855,Rhinolophus ferrumequinum,0.022,0.022,-1,Echolocation,/mnt/ubna_data_02_mir/recover-20220922/UBNA_001/20220921_090000.WAV,Telephone Field,recover-20220922,001,1795
219.7355,219.7416,24609,33858,Plecotus austriacus,0.012,0.028,-1,Echolocation,/mnt/ubna_data_02_mir/recover-20220922/UBNA_001/20220921_090000.WAV,Telephone Field,recover-20220922,001,1795
219.7555,219.7988,68437,83242,Rhinolophus ferrumequinum,0.041,0.041,-1,Echolocation,/mnt/ubna_data_02_mir/recover-20220922/UBNA_001/20220921_090000.WAV,Telephone Field,recover-20220922,001,1795
219.7835,219.8188,68437,80592,Rhinolophus ferrumequinum,0.027,0.027,-1,Echolocation,/mnt/ubna_data_02_mir/recover-20220922/UBNA_001/20220921_090000.WAV,Telephone Field,recover-20220922,001,1795
219.7845,219.7965,58125,65031,Pipistrellus pygmaeus,0.024,0.026,-1,Echolocation,/mnt/ubna_data_02_mir/recover-20220922/UBNA_001/20220921_090000.WAV,Telephone Field,recover-20220922,001,1795
219.8195,219.8541,68437,80901,Rhinolophus ferrumequinum,0.024,0.025,-1,Echolocation,/mnt/ubna_data_02_mir/recover-20220922/UBNA_001/20220921_090000.WAV,Telephone Field,recover-20220922,001,1795
219.8665,219.8773,28906,35266,Eptesicus serotinus,0.02,0.039,-1,Echolocation,/mnt/ubna_data_02_mir/recover-20220922/UBNA_001/20220921_090000.WAV,Telephone Field,recover-20220922,001,1795
219.9175,219.9281,28906,36764,Eptesicus serotinus,0.013,0.028,-1,Echolocation,/mnt/ubna_data_02_mir/recover-20220922/UBNA_001/20220921_090000.WAV,Telephone Field,recover-20220922,001,1795
219.9435,219.9512,28046,36842,Eptesicus serotinus,0.008,0.023,-1,Echolocation,/mnt/ubna_data_02_mir/recover-20220922/UBNA_001/20220921_090000.WAV,Telephone Field,recover-20220922,001,1795
219.9855,219.9974,22890,28681,Nyctalus leisleri,0.014,0.027,-1,Echolocation,/mnt/ubna_data_02_mir/recover-20220922/UBNA_001/20220921_090000.WAV,Telephone Field,recover-20220922,001,1795
220.0015,220.0099,25468,34137,Nyctalus leisleri,0.006,0.023,-1,Echolocation,/mnt/ubna_data_02_mir/recover-20220922/UBNA_001/20220921_090000.WAV,Telephone Field,recover-20220922,001,1795
220.0015,220.0085,29765,39829,Myotis daubentonii,0.006,0.023,-1,Echolocation,/mnt/ubna_data_02_mir/recover-20220922/UBNA_001/20220921_090000.WAV,Telephone Field,recover-20220922,001,1795
220.0015,220.0339,68437,79717,Rhinolophus ferrumequinum,0.038,0.039,-1,Echolocation,/mnt/ubna_data_02_mir/recover-20220922/UBNA_001/20220921_090000.WAV,Telephone Field,recover-20220922,001,1795
220.0255,220.0632,68437,81236,Rhinolophus ferrumequinum,0.023,0.023,-1,Echolocation,/mnt/ubna_data_02_mir/recover-20220922/UBNA_001/20220921_090000.WAV,Telephone Field,recover-20220922,001,1795
220.0445,220.0833,68437,81792,Rhinolophus ferrumequinum,0.024,0.024,-1,Echolocation,/mnt/ubna_data_02_mir/recover-20220922/UBNA_001/20220921_090000.WAV,Telephone Field,recover-20220922,001,1795
220.0595,220.09629999999999,68437,81844,Rhinolophus ferrumequinum,0.023,0.023,-1,Echolocation,/mnt/ubna_data_02_mir/recover-20220922/UBNA_001/20220921_090000.WAV,Telephone Field,recover-20220922,001,1795
220.0745,220.0828,22890,31218,Plecotus austriacus,0.025,0.052,-1,Echolocation,/mnt/ubna_data_02_mir/recover-20220922/UBNA_001/20220921_090000.WAV,Telephone Field,recover-20220922,001,1795
220.0855,220.0982,34921,39375,Nyctalus leisleri,0.006,0.021,-1,Echolocation,/mnt/ubna_data_02_mir/recover-20220922/UBNA_001/20220921_090000.WAV,Telephone Field,recover-20220922,001,1795
220.1215,220.1318,28046,36256,Eptesicus serotinus,0.011,0.024,-1,Echolocation,/mnt/ubna_data_02_mir/recover-20220922/UBNA_001/20220921_090000.WAV,Telephone Field,recover-20220922,001,1795
220.1735,220.212,68437,81990,Rhinolophus ferrumequinum,0.028,0.028,-1,Echolocation,/mnt/ubna_data_02_mir/recover-20220922/UBNA_001/20220921_090000.WAV,Telephone Field,recover-20220922,001,1795
220.17849999999999,220.1876,28046,36790,Eptesicus serotinus,0.008,0.022,-1,Echolocation,/mnt/ubna_data_02_mir/recover-20220922/UBNA_001/20220921_090000.WAV,Telephone Field,recover-20220922,001,1795
220.2075,220.2181,28046,35499,Eptesicus serotinus,0.013,0.025,-1,Echolocation,/mnt/ubna_data_02_mir/recover-20220922/UBNA_001/20220921_090000.WAV,Telephone Field,recover-20220922,001,1795
220.2175,220.2556,68437,82021,Rhinolophus ferrumequinum,0.026,0.026,-1,Echolocation,/mnt/ubna_data_02_mir/recover-20220922/UBNA_001/20220921_090000.WAV,Telephone Field,recover-20220922,001,1795
220.2335,220.27,68437,81871,Rhinolophus ferrumequinum,0.022,0.023,-1,Echolocation,/mnt/ubna_data_02_mir/recover-20220922/UBNA_001/20220921_090000.WAV,Telephone Field,recover-20220922,001,1795
220.2445,220.252,28906,38971,Eptesicus serotinus,0.007,0.022,-1,Echolocation,/mnt/ubna_data_02_mir/recover-20220922/UBNA_001/20220921_090000.WAV,Telephone Field,recover-20220922,001,1795
220.2505,220.2869,68437,81810,Rhinolophus ferrumequinum,0.023,0.023,-1,Echolocation,/mnt/ubna_data_02_mir/recover-20220922/UBNA_001/20220921_090000.WAV,Telephone Field,recover-20220922,001,1795
220.3045,220.3453,68437,82542,Rhinolophus ferrumequinum,0.022,0.022,-1,Echolocation,/mnt/ubna_data_02_mir/recover-20220922/UBNA_001/20220921_090000.WAV,Telephone Field,recover-20220922,001,1795
220.3265,220.3343,27187,37839,Eptesicus serotinus,0.011,0.027,-1,Echolocation,/mnt/ubna_data_02_mir/recover-20220922/UBNA_001/20220921_090000.WAV,Telephone Field,recover-20220922,001,1795
220.3395,220.3744,68437,81527,Rhinolophus ferrumequinum,0.024,0.024,-1,Echolocation,/mnt/ubna_data_02_mir/recover-20220922/UBNA_001/20220921_090000.WAV,Telephone Field,recover-20220922,001,1795
220.3985,220.4391,68437,82131,Rhinolophus ferrumequinum,0.024,0.024,-1,Echolocation,/mnt/ubna_data_02_mir/recover-20220922/UBNA_001/20220921_090000.WAV,Telephone Field,recover-20220922,001,1795
220.4105,220.4526,68437,82968,Rhinolophus ferrumequinum,0.026,0.026,-1,Echolocation,/mnt/ubna_data_02_mir/recover-20220922/UBNA_001/20220921_090000.WAV,Telephone Field,recover-20220922,001,1795
220.4115,220.4213,28906,36885,Eptesicus serotinus,0.011,0.024,-1,Echolocation,/mnt/ubna_data_02_mir/recover-20220922/UBNA_001/20220921_090000.WAV,Telephone Field,recover-20220922,001,1795
220.4435,220.4807,68437,81808,Rhinolophus ferrumequinum,0.026,0.026,-1,Echolocation,/mnt/ubna_data_02_mir/recover-20220922/UBNA_001/20220921_090000.WAV,Telephone Field,recover-20220922,001,1795
220.4575,220.4681,23750,30082,Nyctalus leisleri,0.008,0.022,-1,Echolocation,/mnt/ubna_data_02_mir/recover-20220922/UBNA_001/20220921_090000.WAV,Telephone Field,recover-20220922,001,1795
220.4695,220.51,68437,82843,Rhinolophus ferrumequinum,0.022,0.022,-1,Echolocation,/mnt/ubna_data_02_mir/recover-20220922/UBNA_001/20220921_090000.WAV,Telephone Field,recover-20220922,001,1795
220.5115,220.5488,68437,82105,Rhinolophus ferrumequinum,0.024,0.024,-1,Echolocation,/mnt/ubna_data_02_mir/recover-20220922/UBNA_001/20220921_090000.WAV,Telephone Field,recover-20220922,001,1795
220.5315,220.5681,68437,81333,Rhinolophus ferrumequinum,0.023,0.023,-1,Echolocation,/mnt/ubna_data_02_mir/recover-20220922/UBNA_001/20220921_090000.WAV,Telephone Field,recover-20220922,001,1795
220.5385,220.5507,22031,25906,Nyctalus leisleri,0.013,0.023,-1,Echolocation,/mnt/ubna_data_02_mir/recover-20220922/UBNA_001/20220921_090000.WAV,Telephone Field,recover-20220922,001,1795
220.5615,220.6017,68437,82395,Rhinolophus ferrumequinum,0.03,0.03,-1,Echolocation,/mnt/ubna_data_02_mir/recover-20220922/UBNA_001/20220921_090000.WAV,Telephone Field,recover-20220922,001,1795
220.5845,220.5981,28046,33355,Eptesicus serotinus,0.026,0.05,-1,Echolocation,/mnt/ubna_data_02_mir/recover-20220922/UBNA_001/20220921_090000.WAV,Telephone Field,recover-20220922,001,1795
220.5915,220.60399999999998,27187,31042,Nyctalus leisleri,0.025,0.049,-1,Echolocation,/mnt/ubna_data_02_mir/recover-20220922/UBNA_001/20220921_090000.WAV,Telephone Field,recover-20220922,001,1795
220.6145,220.6547,68437,82338,Rhinolophus ferrumequinum,0.025,0.025,-1,Echolocation,/mnt/ubna_data_02_mir/recover-20220922/UBNA_001/20220921_090000.WAV,Telephone Field,recover-20220922,001,1795
220.6325,220.6716,68437,82516,Rhinolophus ferrumequinum,0.026,0.026,-1,Echolocation,/mnt/ubna_data_02_mir/recover-20220922/UBNA_001/20220921_090000.WAV,Telephone Field,recover-20220922,001,1795
220.6445,220.6522,26328,34918,Eptesicus serotinus,0.006,0.022,-1,Echolocation,/mnt/ubna_data_02_mir/recover-20220922/UBNA_001/20220921_090000.WAV,Telephone Field,recover-20220922,001,1795
220.6605,220.70159999999998,68437,82865,Rhinolophus ferrumequinum,0.023,0.023,-1,Echolocation,/mnt/ubna_data_02_mir/recover-20220922/UBNA_001/20220921_090000.WAV,Telephone Field,recover-20220922,001,1795
220.6875,220.7235,68437,81542,Rhinolophus ferrumequinum,0.022,0.022,-1,Echolocation,/mnt/ubna_data_02_mir/recover-20220922/UBNA_001/20220921_090000.WAV,Telephone Field,recover-20220922,001,1795
220.7285,220.7397,28906,38192,Eptesicus serotinus,0.013,0.027,-1,Echolocation,/mnt/ubna_data_02_mir/recover-20220922/UBNA_001/20220921_090000.WAV,Telephone Field,recover-20220922,001,1795
220.7465,220.7842,68437,81802,Rhinolophus ferrumequinum,0.021,0.021,-1,Echolocation,/mnt/ubna_data_02_mir/recover-20220922/UBNA_001/20220921_090000.WAV,Telephone Field,recover-20220922,001,1795
220.7775,220.8151,68437,82045,Rhinolophus ferrumequinum,0.024,0.024,-1,Echolocation,/mnt/ubna_data_02_mir/recover-20220922/UBNA_001/20220921_090000.WAV,Telephone Field,recover-20220922,001,1795
220.7855,220.8222,68437,82213,Rhinolophus ferrumequinum,0.023,0.023,-1,Echolocation,/mnt/ubna_data_02_mir/recover-20220922/UBNA_001/20220921_090000.WAV,Telephone Field,recover-20220922,001,1795
220.8045,220.8238,22890,26251,Nyctalus leisleri,0.134,0.194,-1,Echolocation,/mnt/ubna_data_02_mir/recover-20220922/UBNA_001/20220921_090000.WAV,Telephone Field,recover-20220922,001,1795
220.8065,220.8416,68437,81334,Rhinolophus ferrumequinum,0.023,0.023,-1,Echolocation,/mnt/ubna_data_02_mir/recover-20220922/UBNA_001/20220921_090000.WAV,Telephone Field,recover-20220922,001,1795
220.8385,220.8468,25468,34399,Eptesicus serotinus,0.007,0.022,-1,Echolocation,/mnt/ubna_data_02_mir/recover-20220922/UBNA_001/20220921_090000.WAV,Telephone Field,recover-20220922,001,1795
220.8645,220.9029,68437,82419,Rhinolophus ferrumequinum,0.022,0.022,-1,Echolocation,/mnt/ubna_data_02_mir/recover-20220922/UBNA_001/20220921_090000.WAV,Telephone Field,recover-20220922,001,1795
220.8705,220.9097,68437,82544,Rhinolophus ferrumequinum,0.022,0.022,-1,Echolocation,/mnt/ubna_data_02_mir/recover-20220922/UBNA_001/20220921_090000.WAV,Telephone Field,recover-20220922,001,1795
220.8715,220.8792,27187,36494,Eptesicus serotinus,0.007,0.021,-1,Echolocation,/mnt/ubna_data_02_mir/recover-20220922/UBNA_001/20220921_090000.WAV,Telephone Field,recover-20220922,001,1795
220.8875,220.8978,28906,36486,Eptesicus serotinus,0.011,0.024,-1,Echolocation,/mnt/ubna_data_02_mir/recover-20220922/UBNA_001/20220921_090000.WAV,Telephone Field,recover-20220922,001,1795
220.9135,220.9566,68437,82818,Rhinolophus ferrumequinum,0.034,0.034,-1,Echolocation,/mnt/ubna_data_02_mir/recover-20220922/UBNA_001/20220921_090000.WAV,Telephone Field,recover-20220922,001,1795
220.92849999999999,220.9706,68437,82869,Rhinolophus ferrumequinum,0.033,0.033,-1,Echolocation,/mnt/ubna_data_02_mir/recover-20220922/UBNA_001/20220921_090000.WAV,Telephone Field,recover-20220922,001,1795
220.9345,220.9446,22890,29158,Nyctalus leisleri,0.009,0.022,-1,Echolocation,/mnt/ubna_data_02_mir/recover-20220922/UBNA_001/20220921_090000.WAV,Telephone Field,recover-20220922,001,1795
220.9485,220.9582,27187,35659,Eptesicus serotinus,0.009,0.022,-1,Echolocation,/mnt/ubna_data_02_mir/recover-20220922/UBNA_001/20220921_090000.WAV,Telephone Field,recover-20220922,001,1795
220.9745,221.0129,68437,82143,Rhinolophus ferrumequinum,0.023,0.023,-1,Echolocation,/mnt/ubna_data_02_mir/recover-20220922/UBNA_001/20220921_090000.WAV,Telephone Field,recover-20220922,001,1795
220.9765,220.9971,19453,22118,Nyctalus leisleri,0.017,0.033,-1,Echolocation,/mnt/ubna_data_02_mir/recover-20220922/UBNA_001/20220921_090000.WAV,Telephone Field,recover-20220922,001,1795
221.0165,221.0562,68437,82360,Rhinolophus ferrumequinum,0.026,0.026,-1,Echolocation,/mnt/ubna_data_02_mir/recover-20220922/UBNA_001/20220921_090000.WAV,Telephone Field,recover-20220922,001,1795
221.0505,221.0904,68437,82174,Rhinolophus ferrumequinum,0.026,0.026,-1,Echolocation,/mnt/ubna_data_02_mir/recover-20220922/UBNA_001/20220921_090000.WAV,Telephone Field,recover-20220922,001,1795
221.0975,221.1055,23750,31503,Plecotus austriacus,0.009,0.022,-1,Echolocation,/mnt/ubna_data_02_mir/recover-20220922/UBNA_001/20220921_090000.WAV,Telephone Field,recover-20220922,001,1795
221.1145,221.1264,28906,35439,Eptesicus serotinus,0.018,0.033,-1,Echolocation,/mnt/ubna_data_02_mir/recover-20220922/UBNA_001/20220921_090000.WAV,Telephone Field,recover-20220922,001,1795
221.1235,221.1611,68437,82210,Rhinolophus ferrumequinum,0.021,0.021,-1,Echolocation,/mnt/ubna_data_02_mir/recover-20220922/UBNA_001/20220921_090000.WAV,Telephone Field,recover-20220922,001,1795
221.1345,221.1762,68437,82707,Rhinolophus ferrumequinum,0.024,0.024,-1,Echolocation,/mnt/ubna_data_02_mir/recover-20220922/UBNA_001/20220921_090000.WAV,Telephone Field,recover-20220922,001,1795
221.1495,221.1587,28906,40380,Eptesicus serotinus,0.008,0.021,-1,Echolocation,/mnt/ubna_data_02_mir/recover-20220922/UBNA_001/20220921_090000.WAV,Telephone Field,recover-20220922,001,1795
221.1865,221.2235,68437,81419,Rhinolophus ferrumequinum,0.028,0.028,-1,Echolocation,/mnt/ubna_data_02_mir/recover-20220922/UBNA_001/20220921_090000.WAV,Telephone Field,recover-20220922,001,1795
221.2205,221.2604,68437,82526,Rhinolophus ferrumequinum,0.027,0.027,-1,Echolocation,/mnt/ubna_data_02_mir/recover-20220922/UBNA_001/20220921_090000.WAV,Telephone Field,recover-20220922,001,1795
221.2205,221.22899999999998,27187,35726,Eptesicus serotinus,0.01,0.025,-1,Echolocation,/mnt/ubna_data_02_mir/recover-20220922/UBNA_001/20220921_090000.WAV,Telephone Field,recover-20220922,001,1795
221.2245,221.2403,37500,41738,Pipistrellus nathusii,0.024,0.037,-1,Echolocation,/mnt/ubna_data_02_mir/recover-20220922/UBNA_001/20220921_090000.WAV,Telephone Field,recover-20220922,001,1795
221.2415,221.2792,68437,82194,Rhinolophus ferrumequinum,0.024,0.024,-1,Echolocation,/mnt/ubna_data_02_mir/recover-20220922/UBNA_001/20220921_090000.WAV,Telephone Field,recover-20220922,001,1795
221.2615,221.2722,45234,48332,Pipistrellus pipistrellus,0.032,0.034,-1,Echolocation,/mnt/ubna_data_02_mir/recover-20220922/UBNA_001/20220921_090000.WAV,Telephone Field,recover-20220922,001,1795
221.3145,221.3555,68437,82462,Rhinolophus ferrumequinum,0.027,0.027,-1,Echolocation,/mnt/ubna_data_02_mir/recover-20220922/UBNA_001/20220921_090000.WAV,Telephone Field,recover-20220922,001,1795
221.3625,221.3985,68437,81945,Rhinolophus ferrumequinum,0.022,0.022,-1,Echolocation,/mnt/ubna_data_02_mir/recover-20220922/UBNA_001/20220921_090000.WAV,Telephone Field,recover-20220922,001,1795
221.4435,221.4798,68437,81788,Rhinolophus ferrumequinum,0.023,0.023,-1,Echolocation,/mnt/ubna_data_02_mir/recover-20220922/UBNA_001/20220921_090000.WAV,Telephone Field,recover-20220922,001,1795
221.4495,221.4602,28046,34953,Eptesicus serotinus,0.013,0.024,-1,Echolocation,/mnt/ubna_data_02_mir/recover-20220922/UBNA_001/20220921_090000.WAV,Telephone Field,recover-20220922,001,1795
221.4975,221.508,24609,30884,Nyctalus leisleri,0.009,0.023,-1,Echolocation,/mnt/ubna_data_02_mir/recover-20220922/UBNA_001/20220921_090000.WAV,Telephone Field,recover-20220922,001,1795
221.5265,221.5648,68437,81753,Rhinolophus ferrumequinum,0.022,0.022,-1,Echolocation,/mnt/ubna_data_02_mir/recover-20220922/UBNA_001/20220921_090000.WAV,Telephone Field,recover-20220922,001,1795
221.5635,221.6057,68437,83043,Rhinolophus ferrumequinum,0.026,0.026,-1,Echolocation,/mnt/ubna_data_02_mir/recover-20220922/UBNA_001/20220921_090000.WAV,Telephone Field,recover-20220922,001,1795
221.5965,221.6359,68437,82421,Rhinolophus ferrumequinum,0.024,0.024,-1,Echolocation,/mnt/ubna_data_02_mir/recover-20220922/UBNA_001/20220921_090000.WAV,Telephone Field,recover-20220922,001,1795
221.6165,221.6574,68437,82415,Rhinolophus ferrumequinum,0.035,0.035,-1,Echolocation,/mnt/ubna_data_02_mir/recover-20220922/UBNA_001/20220921_090000.WAV,Telephone Field,recover-20220922,001,1795
221.6245,221.6364,22890,27489,Nyctalus leisleri,0.011,0.022,-1,Echolocation,/mnt/ubna_data_02_mir/recover-20220922/UBNA_001/20220921_090000.WAV,Telephone Field,recover-20220922,001,1795
221.6385,221.6772,68437,82452,Rhinolophus ferrumequinum,0.027,0.027,-1,Echolocation,/mnt/ubna_data_02_mir/recover-20220922/UBNA_001/20220921_090000.WAV,Telephone Field,recover-20220922,001,1795
221.6655,221.7065,68437,82875,Rhinolophus ferrumequinum,0.023,0.023,-1,Echolocation,/mnt/ubna_data_02_mir/recover-20220922/UBNA_001/20220921_090000.WAV,Telephone Field,recover-20220922,001,1795
221.6685,221.6769,28906,37254,Eptesicus serotinus,0.008,0.024,-1,Echolocation,/mnt/ubna_data_02_mir/recover-20220922/UBNA_001/20220921_090000.WAV,Telephone Field,recover-20220922,001,1795
221.6825,221.722,68437,82582,Rhinolophus ferrumequinum,0.023,0.023,-1,Echolocation,/mnt/ubna_data_02_mir/recover-20220922/UBNA_001/20220921_090000.WAV,Telephone Field,recover-20220922,001,1795
221.7155,221.7572,68437,82678,Rhinolophus ferrumequinum,0.027,0.027,-1,Echolocation,/mnt/ubna_data_02_mir/recover-20220922/UBNA_001/20220921_090000.WAV,Telephone Field,recover-20220922,001,1795
221.7575,221.7968,68437,82171,Rhinolophus ferrumequinum,0.022,0.022,-1,Echolocation,/mnt/ubna_data_02_mir/recover-20220922/UBNA_001/20220921_090000.WAV,Telephone Field,recover-20220922,001,1795
221.7625,221.773,23750,29161,Nyctalus leisleri,0.013,0.028,-1,Echolocation,/mnt/ubna_data_02_mir/recover-20220922/UBNA_001/20220921_090000.WAV,Telephone Field,recover-20220922,001,1795
221.7745,221.8126,68437,81593,Rhinolophus ferrumequinum,0.022,0.022,-1,Echolocation,/mnt/ubna_data_02_mir/recover-20220922/UBNA_001/20220921_090000.WAV,Telephone Field,recover-20220922,001,1795
221.7815,221.8193,68437,81820,Rhinolophus ferrumequinum,0.023,0.023,-1,Echolocation,/mnt/ubna_data_02_mir/recover-20220922/UBNA_001/20220921_090000.WAV,Telephone Field,recover-20220922,001,1795
221.8055,221.8202,14296,19252,Nyctalus noctula,0.016,0.025,-1,Echolocation,/mnt/ubna_data_02_mir/recover-20220922/UBNA_001/20220921_090000.WAV,Telephone Field,recover-20220922,001,1795
221.8155,221.8559,68437,82383,Rhinolophus ferrumequinum,0.023,0.023,-1,Echolocation,/mnt/ubna_data_02_mir/recover-20220922/UBNA_001/20220921_090000.WAV,Telephone Field,recover-20220922,001,1795
221.8455,221.8575,22890,28108,Nyctalus leisleri,0.011,0.023,-1,Echolocation,/mnt/ubna_data_02_mir/recover-20220922/UBNA_001/20220921_090000.WAV,Telephone Field,recover-20220922,001,1795
221.8675,221.9064,68437,82280,Rhinolophus ferrumequinum,0.024,0.024,-1,Echolocation,/mnt/ubna_data_02_mir/recover-20220922/UBNA_001/20220921_090000.WAV,Telephone Field,recover-20220922,001,1795
221.8805,221.9199,68437,82524,Rhinolophus ferrumequinum,0.024,0.024,-1,Echolocation,/mnt/ubna_data_02_mir/recover-20220922/UBNA_001/20220921_090000.WAV,Telephone Field,recover-20220922,001,1795
221.8885,221.9023,48671,52853,Pipistrellus pipistrellus,0.04,0.045,-1,Echolocation,/mnt/ubna_data_02_mir/recover-20220922/UBNA_001/20220921_090000.WAV,Telephone Field,recover-20220922,001,1795
221.9115,221.9193,27187,38925,Eptesicus serotinus,0.009,0.026,-1,Echolocation,/mnt/ubna_data_02_mir/recover-20220922/UBNA_001/20220921_090000.WAV,Telephone Field,recover-20220922,001,1795
221.9365,221.9768,68437,82714,Rhinolophus ferrumequinum,0.024,0.024,-1,Echolocation,/mnt/ubna_data_02_mir/recover-20220922/UBNA_001/20220921_090000.WAV,Telephone Field,recover-20220922,001,1795
221.9865,221.9979,23750,30668,Nyctalus leisleri,0.011,0.027,-1,Echolocation,/mnt/ubna_data_02_mir/recover-20220922/UBNA_001/20220921_090000.WAV,Telephone Field,recover-20220922,001,1795
222.0015,222.0315,68437,80294,Rhinolophus ferrumequinum,0.033,0.034,-1,Echolocation,/mnt/ubna_data_02_mir/recover-20220922/UBNA_001/20220921_090000.WAV,Telephone Field,recover-20220922,001,1795
222.0015,222.0137,28906,35477,Nyctalus leisleri,0.019,0.043,-1,Echolocation,/mnt/ubna_data_02_mir/recover-20220922/UBNA_001/20220921_090000.WAV,Telephone Field,recover-20220922,001,1795
222.0105,222.0211,28906,36748,Eptesicus serotinus,0.01,0.026,-1,Echolocation,/mnt/ubna_data_02_mir/recover-20220922/UBNA_001/20220921_090000.WAV,Telephone Field,recover-20220922,001,1795
222.0195,222.0294,28906,37137,Eptesicus serotinus,0.008,0.024,-1,Echolocation,/mnt/ubna_data_02_mir/recover-20220922/UBNA_001/20220921_090000.WAV,Telephone Field,recover-20220922,001,1795
222.0265,222.0687,68437,83023,Rhinolophus ferrumequinum,0.035,0.035,-1,Echolocation,/mnt/ubna_data_02_mir/recover-20220922/UBNA_001/20220921_090000.WAV,Telephone Field,recover-20220922,001,1795
222.0745,222.117,68437,83030,Rhinolophus ferrumequinum,0.035,0.035,-1,Echolocation,/mnt/ubna_data_02_mir/recover-20220922/UBNA_001/20220921_090000.WAV,Telephone Field,recover-20220922,001,1795
222.0745,222.0859,22890,28145,Nyctalus leisleri,0.013,0.027,-1,Echolocation,/mnt/ubna_data_02_mir/recover-20220922/UBNA_001/20220921_090000.WAV,Telephone Field,recover-20220922,001,1795
222.1335,222.1703,68437,80849,Rhinolophus ferrumequinum,0.023,0.023,-1,Echolocation,/mnt/ubna_data_02_mir/recover-20220922/UBNA_001/20220921_090000.WAV,Telephone Field,recover-20220922,001,1795
222.1385,222.1468,28046,40261,Eptesicus serotinus,0.008,0.027,-1,Echolocation,/mnt/ubna_data_02_mir/recover-20220922/UBNA_001/20220921_090000.WAV,Telephone Field,recover-20220922,001,1795
222.1565,222.1935,68437,81241,Rhinolophus ferrumequinum,0.023,0.023,-1,Echolocation,/mnt/ubna_data_02_mir/recover-20220922/UBNA_001/20220921_090000.WAV,Telephone Field,recover-20220922,001,1795
222.1935,222.2344,68437,82888,Rhinolophus ferrumequinum,0.026,0.026,-1,Echolocation,/mnt/ubna_data_02_mir/recover-20220922/UBNA_001/20220921_090000.WAV,Telephone Field,recover-20220922,001,1795
222.2135,222.2546,68437,82810,Rhinolophus ferrumequinum,0.024,0.024,-1,Echolocation,/mnt/ubna_data_02_mir/recover-20220922/UBNA_001/20220921_090000.WAV,Telephone Field,recover-20220922,001,1795
222.2215,222.2319,47812,52449,Pipistrellus pipistrellus,0.026,0.028,-1,Echolocation,/mnt/ubna_data_02_mir/recover-20220922/UBNA_001/20220921_090000.WAV,Telephone Field,recover-20220922,001,1795
222.2335,222.2483,50390,54756,Pipistrellus pipistrellus,0.055,0.062,-1,Echolocation,/mnt/ubna_data_02_mir/recover-20220922/UBNA_001/20220921_090000.WAV,Telephone Field,recover-20220922,001,1795
222.2455,222.2575,28046,34671,Eptesicus serotinus,0.017,0.031,-1,Echolocation,/mnt/ubna_data_02_mir/recover-20220922/UBNA_001/20220921_090000.WAV,Telephone Field,recover-20220922,001,1795
222.2825,222.3187,68437,81868,Rhinolophus ferrumequinum,0.022,0.022,-1,Echolocation,/mnt/ubna_data_02_mir/recover-20220922/UBNA_001/20220921_090000.WAV,Telephone Field,recover-20220922,001,1795
222.2835,222.2938,23750,29747,Nyctalus leisleri,0.011,0.025,-1,Echolocation,/mnt/ubna_data_02_mir/recover-20220922/UBNA_001/20220921_090000.WAV,Telephone Field,recover-20220922,001,1795
222.3115,222.3193,28046,38192,Eptesicus serotinus,0.007,0.023,-1,Echolocation,/mnt/ubna_data_02_mir/recover-20220922/UBNA_001/20220921_090000.WAV,Telephone Field,recover-20220922,001,1795
222.3145,222.3239,47812,51933,Pipistrellus pipistrellus,0.044,0.046,-1,Echolocation,/mnt/ubna_data_02_mir/recover-20220922/UBNA_001/20220921_090000.WAV,Telephone Field,recover-20220922,001,1795
222.3315,222.3741,68437,82945,Rhinolophus ferrumequinum,0.03,0.03,-1,Echolocation,/mnt/ubna_data_02_mir/recover-20220922/UBNA_001/20220921_090000.WAV,Telephone Field,recover-20220922,001,1795
222.3645,222.4035,68437,82553,Rhinolophus ferrumequinum,0.027,0.027,-1,Echolocation,/mnt/ubna_data_02_mir/recover-20220922/UBNA_001/20220921_090000.WAV,Telephone Field,recover-20220922,001,1795
222.4065,222.445,68437,81766,Rhinolophus ferrumequinum,0.026,0.026,-1,Echolocation,/mnt/ubna_data_02_mir/recover-20220922/UBNA_001/20220921_090000.WAV,Telephone Field,recover-20220922,001,1795
222.4095,222.4204,23750,29174,Nyctalus leisleri,0.017,0.034,-1,Echolocation,/mnt/ubna_data_02_mir/recover-20220922/UBNA_001/20220921_090000.WAV,Telephone Field,recover-20220922,001,1795
222.4355,222.4741,68437,82541,Rhinolophus ferrumequinum,0.022,0.022,-1,Echolocation,/mnt/ubna_data_02_mir/recover-20220922/UBNA_001/20220921_090000.WAV,Telephone Field,recover-20220922,001,1795
222.4575,222.4959,68437,82027,Rhinolophus ferrumequinum,0.023,0.023,-1,Echolocation,/mnt/ubna_data_02_mir/recover-20220922/UBNA_001/20220921_090000.WAV,Telephone Field,recover-20220922,001,1795
222.4855,222.5232,68437,80478,Rhinolophus ferrumequinum,0.025,0.025,-1,Echolocation,/mnt/ubna_data_02_mir/recover-20220922/UBNA_001/20220921_090000.WAV,Telephone Field,recover-20220922,001,1795
222.5525,222.5601,28046,39310,Eptesicus serotinus,0.007,0.022,-1,Echolocation,/mnt/ubna_data_02_mir/recover-20220922/UBNA_001/20220921_090000.WAV,Telephone Field,recover-20220922,001,1795
222.5575,222.5681,46093,49409,Pipistrellus pipistrellus,0.069,0.071,-1,Echolocation,/mnt/ubna_data_02_mir/recover-20220922/UBNA_001/20220921_090000.WAV,Telephone Field,recover-20220922,001,1795
222.6045,222.6147,24609,30812,Nyctalus leisleri,0.009,0.022,-1,Echolocation,/mnt/ubna_data_02_mir/recover-20220922/UBNA_001/20220921_090000.WAV,Telephone Field,recover-20220922,001,1795
222.6085,222.649,68437,82282,Rhinolophus ferrumequinum,0.023,0.023,-1,Echolocation,/mnt/ubna_data_02_mir/recover-20220922/UBNA_001/20220921_090000.WAV,Telephone Field,recover-20220922,001,1795
222.6165,222.6566,68437,82353,Rhinolophus ferrumequinum,0.023,0.023,-1,Echolocation,/mnt/ubna_data_02_mir/recover-20220922/UBNA_001/20220921_090000.WAV,Telephone Field,recover-20220922,001,1795
222.6205,222.6285,47812,52949,Pipistrellus pipistrellus,0.023,0.025,-1,Echolocation,/mnt/ubna_data_02_mir/recover-20220922/UBNA_001/20220921_090000.WAV,Telephone Field,recover-20220922,001,1795
222.6595,222.6961,68437,81790,Rhinolophus ferrumequinum,0.023,0.023,-1,Echolocation,/mnt/ubna_data_02_mir/recover-20220922/UBNA_001/20220921_090000.WAV,Telephone Field,recover-20220922,001,1795
222.7005,222.7084,28046,40391,Eptesicus serotinus,0.007,0.025,-1,Echolocation,/mnt/ubna_data_02_mir/recover-20220922/UBNA_001/20220921_090000.WAV,Telephone Field,recover-20220922,001,1795
222.7185,222.7253,27187,37821,Eptesicus serotinus,0.008,0.026,-1,Echolocation,/mnt/ubna_data_02_mir/recover-20220922/UBNA_001/20220921_090000.WAV,Telephone Field,recover-20220922,001,1795
222.7615,222.8005,68437,82087,Rhinolophus ferrumequinum,0.024,0.024,-1,Echolocation,/mnt/ubna_data_02_mir/recover-20220922/UBNA_001/20220921_090000.WAV,Telephone Field,recover-20220922,001,1795
222.7685,222.7754,28906,37909,Eptesicus serotinus,0.007,0.027,-1,Echolocation,/mnt/ubna_data_02_mir/recover-20220922/UBNA_001/20220921_090000.WAV,Telephone Field,recover-20220922,001,1795
222.7875,222.8262,68437,81690,Rhinolophus ferrumequinum,0.042,0.042,-1,Echolocation,/mnt/ubna_data_02_mir/recover-20220922/UBNA_001/20220921_090000.WAV,Telephone Field,recover-20220922,001,1795
222.8155,222.8239,23750,31104,Plecotus austriacus,0.007,0.022,-1,Echolocation,/mnt/ubna_data_02_mir/recover-20220922/UBNA_001/20220921_090000.WAV,Telephone Field,recover-20220922,001,1795
222.8465,222.8545,27187,38243,Eptesicus serotinus,0.007,0.022,-1,Echolocation,/mnt/ubna_data_02_mir/recover-20220922/UBNA_001/20220921_090000.WAV,Telephone Field,recover-20220922,001,1795
222.8605,222.8974,68437,81134,Rhinolophus ferrumequinum,0.023,0.023,-1,Echolocation,/mnt/ubna_data_02_mir/recover-20220922/UBNA_001/20220921_090000.WAV,Telephone Field,recover-20220922,001,1795
222.8795,222.8883,46093,51460,Pipistrellus pipistrellus,0.023,0.024,-1,Echolocation,/mnt/ubna_data_02_mir/recover-20220922/UBNA_001/20220921_090000.WAV,Telephone Field,recover-20220922,001,1795
222.8855,222.9237,68437,81333,Rhinolophus ferrumequinum,0.022,0.022,-1,Echolocation,/mnt/ubna_data_02_mir/recover-20220922/UBNA_001/20220921_090000.WAV,Telephone Field,recover-20220922,001,1795
222.9005,222.9413,68437,82844,Rhinolophus ferrumequinum,0.032,0.032,-1,Echolocation,/mnt/ubna_data_02_mir/recover-20220922/UBNA_001/20220921_090000.WAV,Telephone Field,recover-20220922,001,1795
222.9305,222.9674,68437,81515,Rhinolophus ferrumequinum,0.024,0.024,-1,Echolocation,/mnt/ubna_data_02_mir/recover-20220922/UBNA_001/20220921_090000.WAV,Telephone Field,recover-20220922,001,1795
222.9525,222.9998,68437,83617,Rhinolophus ferrumequinum,0.102,0.102,-1,Echolocation,/mnt/ubna_data_02_mir/recover-20220922/UBNA_001/20220921_090000.WAV,Telephone Field,recover-20220922,001,1795
223.0135,223.0241,26328,34508,Eptesicus serotinus,0.012,0.025,-1,Echolocation,/mnt/ubna_data_02_mir/recover-20220922/UBNA_001/20220921_090000.WAV,Telephone Field,recover-20220922,001,1795
223.0155,223.0589,68437,83365,Rhinolophus ferrumequinum,0.033,0.033,-1,Echolocation,/mnt/ubna_data_02_mir/recover-20220922/UBNA_001/20220921_090000.WAV,Telephone Field,recover-20220922,001,1795
223.0225,223.0624,68437,83287,Rhinolophus ferrumequinum,0.034,0.034,-1,Echolocation,/mnt/ubna_data_02_mir/recover-20220922/UBNA_001/20220921_090000.WAV,Telephone Field,recover-20220922,001,1795
223.0475,223.0846,68437,81562,Rhinolophus ferrumequinum,0.023,0.023,-1,Echolocation,/mnt/ubna_data_02_mir/recover-20220922/UBNA_001/20220921_090000.WAV,Telephone Field,recover-20220922,001,1795
223.0505,223.0592,60703,66424,Pipistrellus pygmaeus,0.023,0.023,-1,Echolocation,/mnt/ubna_data_02_mir/recover-20220922/UBNA_001/20220921_090000.WAV,Telephone Field,recover-20220922,001,1795
223.0505,223.0588,46093,51183,Pipistrellus pipistrellus,0.024,0.025,-1,Echolocation,/mnt/ubna_data_02_mir/recover-20220922/UBNA_001/20220921_090000.WAV,Telephone Field,recover-20220922,001,1795
223.0795,223.1159,68437,81847,Rhinolophus ferrumequinum,0.027,0.027,-1,Echolocation,/mnt/ubna_data_02_mir/recover-20220922/UBNA_001/20220921_090000.WAV,Telephone Field,recover-20220922,001,1795
223.0995,223.1354,68437,81169,Rhinolophus ferrumequinum,0.025,0.025,-1,Echolocation,/mnt/ubna_data_02_mir/recover-20220922/UBNA_001/20220921_090000.WAV,Telephone Field,recover-20220922,001,1795
223.1165,223.1568,68437,82082,Rhinolophus ferrumequinum,0.023,0.023,-1,Echolocation,/mnt/ubna_data_02_mir/recover-20220922/UBNA_001/20220921_090000.WAV,Telephone Field,recover-20220922,001,1795
223.1245,223.1341,26328,35450,Eptesicus serotinus,0.012,0.026,-1,Echolocation,/mnt/ubna_data_02_mir/recover-20220922/UBNA_001/20220921_090000.WAV,Telephone Field,recover-20220922,001,1795
223.1575,223.1672,24609,31314,Nyctalus leisleri,0.008,0.022,-1,Echolocation,/mnt/ubna_data_02_mir/recover-20220922/UBNA_001/20220921_090000.WAV,Telephone Field,recover-20220922,001,1795
223.1935,223.2311,68437,81898,Rhinolophus ferrumequinum,0.023,0.023,-1,Echolocation,/mnt/ubna_data_02_mir/recover-20220922/UBNA_001/20220921_090000.WAV,Telephone Field,recover-20220922,001,1795
223.2325,223.273,68437,82286,Rhinolophus ferrumequinum,0.023,0.023,-1,Echolocation,/mnt/ubna_data_02_mir/recover-20220922/UBNA_001/20220921_090000.WAV,Telephone Field,recover-20220922,001,1795
223.2555,223.295,68437,82010,Rhinolophus ferrumequinum,0.023,0.023,-1,Echolocation,/mnt/ubna_data_02_mir/recover-20220922/UBNA_001/20220921_090000.WAV,Telephone Field,recover-20220922,001,1795
223.2675,223.305,68437,81252,Rhinolophus ferrumequinum,0.022,0.022,-1,Echolocation,/mnt/ubna_data_02_mir/recover-20220922/UBNA_001/20220921_090000.WAV,Telephone Field,recover-20220922,001,1795
223.2765,223.3115,68437,80609,Rhinolophus ferrumequinum,0.025,0.026,-1,Echolocation,/mnt/ubna_data_02_mir/recover-20220922/UBNA_001/20220921_090000.WAV,Telephone Field,recover-20220922,001,1795
223.2825,223.292,27187,36494,Eptesicus serotinus,0.01,0.024,-1,Echolocation,/mnt/ubna_data_02_mir/recover-20220922/UBNA_001/20220921_090000.WAV,Telephone Field,recover-20220922,001,1795
223.2925,223.3328,68437,82266,Rhinolophus ferrumequinum,0.025,0.025,-1,Echolocation,/mnt/ubna_data_02_mir/recover-20220922/UBNA_001/20220921_090000.WAV,Telephone Field,recover-20220922,001,1795
223.3115,223.3224,28906,37094,Eptesicus serotinus,0.024,0.041,-1,Echolocation,/mnt/ubna_data_02_mir/recover-20220922/UBNA_001/20220921_090000.WAV,Telephone Field,recover-20220922,001,1795
223.3325,223.3426,23750,29585,Nyctalus leisleri,0.009,0.022,-1,Echolocation,/mnt/ubna_data_02_mir/recover-20220922/UBNA_001/20220921_090000.WAV,Telephone Field,recover-20220922,001,1795
223.3415,223.3806,68437,82001,Rhinolophus ferrumequinum,0.023,0.023,-1,Echolocation,/mnt/ubna_data_02_mir/recover-20220922/UBNA_001/20220921_090000.WAV,Telephone Field,recover-20220922,001,1795
223.3455,223.3512,44375,51720,Pipistrellus pipistrellus,0.023,0.029,-1,Echolocation,/mnt/ubna_data_02_mir/recover-20220922/UBNA_001/20220921_090000.WAV,Telephone Field,recover-20220922,001,1795
223.3555,223.397,68437,82697,Rhinolophus ferrumequinum,0.044,0.044,-1,Echolocation,/mnt/ubna_data_02_mir/recover-20220922/UBNA_001/20220921_090000.WAV,Telephone Field,recover-20220922,001,1795
223.3865,223.3966,28046,36192,Eptesicus serotinus,0.012,0.027,-1,Echolocation,/mnt/ubna_data_02_mir/recover-20220922/UBNA_001/20220921_090000.WAV,Telephone Field,recover-20220922,001,1795
223.3935,223.434,68437,82263,Rhinolophus ferrumequinum,0.027,0.027,-1,Echolocation,/mnt/ubna_data_02_mir/recover-20220922/UBNA_001/20220921_090000.WAV,Telephone Field,recover-20220922,001,1795
223.4965,223.5366,68437,82308,Rhinolophus ferrumequinum,0.023,0.023,-1,Echolocation,/mnt/ubna_data_02_mir/recover-20220922/UBNA_001/20220921_090000.WAV,Telephone Field,recover-20220922,001,1795
223.5035,223.5094,34921,43522,Myotis daubentonii,0.016,0.035,-1,Echolocation,/mnt/ubna_data_02_mir/recover-20220922/UBNA_001/20220921_090000.WAV,Telephone Field,recover-20220922,001,1795
223.5085,223.5468,68437,82303,Rhinolophus ferrumequinum,0.022,0.022,-1,Echolocation,/mnt/ubna_data_02_mir/recover-20220922/UBNA_001/20220921_090000.WAV,Telephone Field,recover-20220922,001,1795
223.5215,223.5651,68437,83175,Rhinolophus ferrumequinum,0.034,0.034,-1,Echolocation,/mnt/ubna_data_02_mir/recover-20220922/UBNA_001/20220921_090000.WAV,Telephone Field,recover-20220922,001,1795
223.5345,223.5472,48671,52629,Pipistrellus pipistrellus,0.03,0.036,-1,Echolocation,/mnt/ubna_data_02_mir/recover-20220922/UBNA_001/20220921_090000.WAV,Telephone Field,recover-20220922,001,1795
223.5515,223.5889,68437,81319,Rhinolophus ferrumequinum,0.023,0.023,-1,Echolocation,/mnt/ubna_data_02_mir/recover-20220922/UBNA_001/20220921_090000.WAV,Telephone Field,recover-20220922,001,1795
223.5965,223.6049,24609,32648,Plecotus austriacus,0.007,0.022,-1,Echolocation,/mnt/ubna_data_02_mir/recover-20220922/UBNA_001/20220921_090000.WAV,Telephone Field,recover-20220922,001,1795
223.6165,223.6351,19453,22771,Nyctalus noctula,0.014,0.027,-1,Echolocation,/mnt/ubna_data_02_mir/recover-20220922/UBNA_001/20220921_090000.WAV,Telephone Field,recover-20220922,001,1795
223.6355,223.6799,68437,83272,Rhinolophus ferrumequinum,0.05,0.05,-1,Echolocation,/mnt/ubna_data_02_mir/recover-20220922/UBNA_001/20220921_090000.WAV,Telephone Field,recover-20220922,001,1795
223.6815,223.6884,26328,39403,Eptesicus serotinus,0.006,0.025,-1,Echolocation,/mnt/ubna_data_02_mir/recover-20220922/UBNA_001/20220921_090000.WAV,Telephone Field,recover-20220922,001,1795
223.6915,223.735,68437,82877,Rhinolophus ferrumequinum,0.028,0.028,-1,Echolocation,/mnt/ubna_data_02_mir/recover-20220922/UBNA_001/20220921_090000.WAV,Telephone Field,recover-20220922,001,1795
223.7205,223.7604,68437,82470,Rhinolophus ferrumequinum,0.024,0.024,-1,Echolocation,/mnt/ubna_data_02_mir/recover-20220922/UBNA_001/20220921_090000.WAV,Telephone Field,recover-20220922,001,1795
223.7295,223.7398,26328,34348,Eptesicus serotinus,0.007,0.022,-1,Echolocation,/mnt/ubna_data_02_mir/recover-20220922/UBNA_001/20220921_090000.WAV,Telephone Field,recover-20220922,001,1795
223.7795,223.8191,68437,82155,Rhinolophus ferrumequinum,0.042,0.042,-1,Echolocation,/mnt/ubna_data_02_mir/recover-20220922/UBNA_001/20220921_090000.WAV,Telephone Field,recover-20220922,001,1795
223.8245,223.8314,47812,55918,Pipistrellus pipistrellus,0.021,0.024,-1,Echolocation,/mnt/ubna_data_02_mir/recover-20220922/UBNA_001/20220921_090000.WAV,Telephone Field,recover-20220922,001,1795
223.8285,223.8362,28046,38612,Eptesicus serotinus,0.008,0.025,-1,Echolocation,/mnt/ubna_data_02_mir/recover-20220922/UBNA_001/20220921_090000.WAV,Telephone Field,recover-20220922,001,1795
223.8525,223.8594,25468,35784,Plecotus austriacus,0.012,0.032,-1,Echolocation,/mnt/ubna_data_02_mir/recover-20220922/UBNA_001/20220921_090000.WAV,Telephone Field,recover-20220922,001,1795
223.8785,223.8874,27187,35502,Eptesicus serotinus,0.011,0.027,-1,Echolocation,/mnt/ubna_data_02_mir/recover-20220922/UBNA_001/20220921_090000.WAV,Telephone Field,recover-20220922,001,1795
223.9015,223.941,68437,82424,Rhinolophus ferrumequinum,0.022,0.022,-1,Echolocation,/mnt/ubna_data_02_mir/recover-20220922/UBNA_001/20220921_090000.WAV,Telephone Field,recover-20220922,001,1795
223.9135,223.9553,68437,82816,Rhinolophus ferrumequinum,0.024,0.024,-1,Echolocation,/mnt/ubna_data_02_mir/recover-20220922/UBNA_001/20220921_090000.WAV,Telephone Field,recover-20220922,001,1795
223.9325,223.9433,23750,29644,Nyctalus leisleri,0.01,0.022,-1,Echolocation,/mnt/ubna_data_02_mir/recover-20220922/UBNA_001/20220921_090000.WAV,Telephone Field,recover-20220922,001,1795
223.9355,223.9755,68437,82724,Rhinolophus ferrumequinum,0.026,0.026,-1,Echolocation,/mnt/ubna_data_02_mir/recover-20220922/UBNA_001/20220921_090000.WAV,Telephone Field,recover-20220922,001,1795
223.9385,223.9471,27187,36396,Eptesicus serotinus,0.007,0.022,-1,Echolocation,/mnt/ubna_data_02_mir/recover-20220922/UBNA_001/20220921_090000.WAV,Telephone Field,recover-20220922,001,1795
224.0015,224.0345,68437,80417,Rhinolophus ferrumequinum,0.068,0.068,-1,Echolocation,/mnt/ubna_data_02_mir/recover-20220922/UBNA_001/20220921_090000.WAV,Telephone Field,recover-20220922,001,1795
224.0015,224.0152,20312,26515,Nyctalus noctula,0.01,0.027,-1,Echolocation,/mnt/ubna_data_02_mir/recover-20220922/UBNA_001/20220921_090000.WAV,Telephone Field,recover-20220922,001,1795
224.0085,224.0546,68437,83067,Rhinolophus ferrumequinum,0.031,0.031,-1,Echolocation,/mnt/ubna_data_02_mir/recover-20220922/UBNA_001/20220921_090000.WAV,Telephone Field,recover-20220922,001,1795
224.0305,224.0708,68437,83188,Rhinolophus ferrumequinum,0.03,0.03,-1,Echolocation,/mnt/ubna_data_02_mir/recover-20220922/UBNA_001/20220921_090000.WAV,Telephone Field,recover-20220922,001,1795
224.0935,224.1305,68437,82334,Rhinolophus ferrumequinum,0.032,0.032,-1,Echolocation,/mnt/ubna_data_02_mir/recover-20220922/UBNA_001/20220921_090000.WAV,Telephone Field,recover-20220922,001,1795
224.1275,224.1679,68437,82201,Rhinolophus ferrumequinum,0.021,0.021,-1,Echolocation,/mnt/ubna_data_02_mir/recover-20220922/UBNA_001/20220921_090000.WAV,Telephone Field,recover-20220922,001,1795
224.1325,224.144,23750,29284,Nyctalus leisleri,0.014,0.028,-1,Echolocation,/mnt/ubna_data_02_mir/recover-20220922/UBNA_001/20220921_090000.WAV,Telephone Field,recover-20220922,001,1795
224.1585,224.1948,68437,81677,Rhinolophus ferrumequinum,0.035,0.035,-1,Echolocation,/mnt/ubna_data_02_mir/recover-20220922/UBNA_001/20220921_090000.WAV,Telephone Field,recover-20220922,001,1795
224.1735,224.2119,68437,82000,Rhinolophus ferrumequinum,0.022,0.022,-1,Echolocation,/mnt/ubna_data_02_mir/recover-20220922/UBNA_001/20220921_090000.WAV,Telephone Field,recover-20220922,001,1795
224.20850000000002,224.2493,68437,82693,Rhinolophus ferrumequinum,0.023,0.023,-1,Echolocation,/mnt/ubna_data_02_mir/recover-20220922/UBNA_001/20220921_090000.WAV,Telephone Field,recover-20220922,001,1795
224.2305,224.26839999999999,68437,82053,Rhinolophus ferrumequinum,0.027,0.027,-1,Echolocation,/mnt/ubna_data_02_mir/recover-20220922/UBNA_001/20220921_090000.WAV,Telephone Field,recover-20220922,001,1795
224.2485,224.2844,68437,81462,Rhinolophus ferrumequinum,0.022,0.022,-1,Echolocation,/mnt/ubna_data_02_mir/recover-20220922/UBNA_001/20220921_090000.WAV,Telephone Field,recover-20220922,001,1795
224.2625,224.3055,68437,83679,Rhinolophus ferrumequinum,0.041,0.041,-1,Echolocation,/mnt/ubna_data_02_mir/recover-20220922/UBNA_001/20220921_090000.WAV,Telephone Field,recover-20220922,001,1795
224.2995,224.3088,25468,33309,Nyctalus leisleri,0.008,0.028,-1,Echolocation,/mnt/ubna_data_02_mir/recover-20220922/UBNA_001/20220921_090000.WAV,Telephone Field,recover-20220922,001,1795
224.3325,224.3728,68437,82774,Rhinolophus ferrumequinum,0.023,0.023,-1,Echolocation,/mnt/ubna_data_02_mir/recover-20220922/UBNA_001/20220921_090000.WAV,Telephone Field,recover-20220922,001,1795
224.3645,224.4012,68437,81537,Rhinolophus ferrumequinum,0.022,0.022,-1,Echolocation,/mnt/ubna_data_02_mir/recover-20220922/UBNA_001/20220921_090000.WAV,Telephone Field,recover-20220922,001,1795
224.3805,224.3903,28906,37286,Eptesicus serotinus,0.009,0.022,-1,Echolocation,/mnt/ubna_data_02_mir/recover-20220922/UBNA_001/20220921_090000.WAV,Telephone Field,recover-20220922,001,1795
224.3995,224.4097,14296,22303,Nyctalus noctula,0.01,0.024,-1,Echolocation,/mnt/ubna_data_02_mir/recover-20220922/UBNA_001/20220921_090000.WAV,Telephone Field,recover-20220922,001,1795
224.4035,224.4486,68437,83475,Rhinolophus ferrumequinum,0.045,0.046,-1,Echolocation,/mnt/ubna_data_02_mir/recover-20220922/UBNA_001/20220921_090000.WAV,Telephone Field,recover-20220922,001,1795
224.4395,224.4775,68437,81302,Rhinolophus ferrumequinum,0.044,0.044,-1,Echolocation,/mnt/ubna_data_02_mir/recover-20220922/UBNA_001/20220921_090000.WAV,Telephone Field,recover-20220922,001,1795
224.4595,224.4743,22031,25739,Nyctalus leisleri,0.019,0.031,-1,Echolocation,/mnt/ubna_data_02_mir/recover-20220922/UBNA_001/20220921_090000.WAV,Telephone Field,recover-20220922,001,1795
224.4865,224.493,47812,52230,Pipistrellus pipistrellus,0.037,0.039,-1,Echolocation,/mnt/ubna_data_02_mir/recover-20220922/UBNA_001/20220921_090000.WAV,Telephone Field,recover-20220922,001,1795
224.4865,224.5251,68437,82143,Rhinolophus ferrumequinum,0.025,0.025,-1,Echolocation,/mnt/ubna_data_02_mir/recover-20220922/UBNA_001/20220921_090000.WAV,Telephone Field,recover-20220922,001,1795
224.5245,224.5614,68437,81080,Rhinolophus ferrumequinum,0.023,0.023,-1,Echolocation,/mnt/ubna_data_02_mir/recover-20220922/UBNA_001/20220921_090000.WAV,Telephone Field,recover-20220922,001,1795
224.5375,224.5464,28046,41111,Eptesicus serotinus,0.013,0.027,-1,Echolocation,/mnt/ubna_data_02_mir/recover-20220922/UBNA_001/20220921_090000.WAV,Telephone Field,recover-20220922,001,1795
224.54149999999998,224.5831,68437,82479,Rhinolophus ferrumequinum,0.038,0.038,-1,Echolocation,/mnt/ubna_data_02_mir/recover-20220922/UBNA_001/20220921_090000.WAV,Telephone Field,recover-20220922,001,1795
224.5665,224.58350000000002,22031,25631,Nyctalus leisleri,0.024,0.039,-1,Echolocation,/mnt/ubna_data_02_mir/recover-20220922/UBNA_001/20220921_090000.WAV,Telephone Field,recover-20220922,001,1795
224.5695,224.6086,68437,81098,Rhinolophus ferrumequinum,0.023,0.023,-1,Echolocation,/mnt/ubna_data_02_mir/recover-20220922/UBNA_001/20220921_090000.WAV,Telephone Field,recover-20220922,001,1795
224.6175,224.6574,68437,82607,Rhinolophus ferrumequinum,0.025,0.025,-1,Echolocation,/mnt/ubna_data_02_mir/recover-20220922/UBNA_001/20220921_090000.WAV,Telephone Field,recover-20220922,001,1795
224.6375,224.6769,68437,82277,Rhinolophus ferrumequinum,0.022,0.023,-1,Echolocation,/mnt/ubna_data_02_mir/recover-20220922/UBNA_001/20220921_090000.WAV,Telephone Field,recover-20220922,001,1795
224.6435,224.6823,68437,81835,Rhinolophus ferrumequinum,0.022,0.022,-1,Echolocation,/mnt/ubna_data_02_mir/recover-20220922/UBNA_001/20220921_090000.WAV,Telephone Field,recover-20220922,001,1795
224.6455,224.6543,28046,38042,Eptesicus serotinus,0.008,0.022,-1,Echolocation,/mnt/ubna_data_02_mir/recover-20220922/UBNA_001/20220921_090000.WAV,Telephone Field,recover-20220922,001,1795
224.6975,224.7065,28046,39029,Eptesicus serotinus,0.01,0.024,-1,Echolocation,/mnt/ubna_data_02_mir/recover-20220922/UBNA_001/20220921_090000.WAV,Telephone Field,recover-20220922,001,1795
224.6985,224.7361,68437,81718,Rhinolophus ferrumequinum,0.021,0.022,-1,Echolocation,/mnt/ubna_data_02_mir/recover-20220922/UBNA_001/20220921_090000.WAV,Telephone Field,recover-20220922,001,1795
224.7365,224.777,68437,82479,Rhinolophus ferrumequinum,0.024,0.024,-1,Echolocation,/mnt/ubna_data_02_mir/recover-20220922/UBNA_001/20220921_090000.WAV,Telephone Field,recover-20220922,001,1795
224.7435,224.7855,68437,82732,Rhinolophus ferrumequinum,0.023,0.023,-1,Echolocation,/mnt/ubna_data_02_mir/recover-20220922/UBNA_001/20220921_090000.WAV,Telephone Field,recover-20220922,001,1795
224.7625,224.8006,68437,81648,Rhinolophus ferrumequinum,0.022,0.022,-1,Echolocation,/mnt/ubna_data_02_mir/recover-20220922/UBNA_001/20220921_090000.WAV,Telephone Field,recover-20220922,001,1795
224.7645,224.7746,42656,49233,Pipistrellus pipistrellus,0.016,0.023,-1,Echolocation,/mnt/ubna_data_02_mir/recover-20220922/UBNA_001/20220921_090000.WAV,Telephone Field,recover-20220922,001,1795
224.7765,224.8172,68437,82541,Rhinolophus ferrumequinum,0.023,0.023,-1,Echolocation,/mnt/ubna_data_02_mir/recover-20220922/UBNA_001/20220921_090000.WAV,Telephone Field,recover-20220922,001,1795
224.7845,224.7963,27187,33707,Eptesicus serotinus,0.017,0.034,-1,Echolocation,/mnt/ubna_data_02_mir/recover-20220922/UBNA_001/20220921_090000.WAV,Telephone Field,recover-20220922,001,1795
224.7995,224.8426,68437,82929,Rhinolophus ferrumequinum,0.038,0.038,-1,Echolocation,/mnt/ubna_data_02_mir/recover-20220922/UBNA_001/20220921_090000.WAV,Telephone Field,recover-20220922,001,1795
224.8195,224.8599,68437,82635,Rhinolophus ferrumequinum,0.03,0.03,-1,Echolocation,/mnt/ubna_data_02_mir/recover-20220922/UBNA_001/20220921_090000.WAV,Telephone Field,recover-20220922,001,1795
224.8315,224.8403,27187,35875,Eptesicus serotinus,0.01,0.022,-1,Echolocation,/mnt/ubna_data_02_mir/recover-20220922/UBNA_001/20220921_090000.WAV,Telephone Field,recover-20220922,001,1795
224.8495,224.8597,47812,53856,Pipistrellus pipistrellus,0.025,0.028,-1,Echolocation,/mnt/ubna_data_02_mir/recover-20220922/UBNA_001/20220921_090000.WAV,Telephone Field,recover-20220922,001,1795
224.8525,224.8912,68437,82492,Rhinolophus ferrumequinum,0.021,0.021,-1,Echolocation,/mnt/ubna_data_02_mir/recover-20220922/UBNA_001/20220921_090000.WAV,Telephone Field,recover-20220922,001,1795
224.8605,224.8988,68437,82400,Rhinolophus ferrumequinum,0.022,0.022,-1,Echolocation,/mnt/ubna_data_02_mir/recover-20220922/UBNA_001/20220921_090000.WAV,Telephone Field,recover-20220922,001,1795
224.8795,224.9226,68437,83285,Rhinolophus ferrumequinum,0.048,0.048,-1,Echolocation,/mnt/ubna_data_02_mir/recover-20220922/UBNA_001/20220921_090000.WAV,Telephone Field,recover-20220922,001,1795
224.9075,224.91649999999998,28906,37474,Eptesicus serotinus,0.009,0.023,-1,Echolocation,/mnt/ubna_data_02_mir/recover-20220922/UBNA_001/20220921_090000.WAV,Telephone Field,recover-20220922,001,1795
224.9185,224.9591,68437,82035,Rhinolophus ferrumequinum,0.023,0.023,-1,Echolocation,/mnt/ubna_data_02_mir/recover-20220922/UBNA_001/20220921_090000.WAV,Telephone Field,recover-20220922,001,1795
224.9605,225.0027,68437,83651,Rhinolophus ferrumequinum,0.041,0.041,-1,Echolocation,/mnt/ubna_data_02_mir/recover-20220922/UBNA_001/20220921_090000.WAV,Telephone Field,recover-20220922,001,1795
225.0015,225.0418,68437,82164,Rhinolophus ferrumequinum,0.025,0.025,-1,Echolocation,/mnt/ubna_data_02_mir/recover-20220922/UBNA_001/20220921_090000.WAV,Telephone Field,recover-20220922,001,1795
225.0195,225.0564,68437,81873,Rhinolophus ferrumequinum,0.022,0.022,-1,Echolocation,/mnt/ubna_data_02_mir/recover-20220922/UBNA_001/20220921_090000.WAV,Telephone Field,recover-20220922,001,1795
225.0225,225.0319,24609,32541,Eptesicus serotinus,0.008,0.024,-1,Echolocation,/mnt/ubna_data_02_mir/recover-20220922/UBNA_001/20220921_090000.WAV,Telephone Field,recover-20220922,001,1795
225.0375,225.0754,68437,81614,Rhinolophus ferrumequinum,0.027,0.027,-1,Echolocation,/mnt/ubna_data_02_mir/recover-20220922/UBNA_001/20220921_090000.WAV,Telephone Field,recover-20220922,001,1795
225.0455,225.0873,68437,83038,Rhinolophus ferrumequinum,0.029,0.029,-1,Echolocation,/mnt/ubna_data_02_mir/recover-20220922/UBNA_001/20220921_090000.WAV,Telephone Field,recover-20220922,001,1795
225.0765,225.11599999999999,68437,82409,Rhinolophus ferrumequinum,0.026,0.026,-1,Echolocation,/mnt/ubna_data_02_mir/recover-20220922/UBNA_001/20220921_090000.WAV,Telephone Field,recover-20220922,001,1795
225.1045,225.1227,15156,20453,Nyctalus noctula,0.025,0.034,-1,Echolocation,/mnt/ubna_data_02_mir/recover-20220922/UBNA_001/20220921_090000.WAV,Telephone Field,recover-20220922,001,1795
225.1055,225.1501,68437,83791,Rhinolophus ferrumequinum,0.052,0.052,-1,Echolocation,/mnt/ubna_data_02_mir/recover-20220922/UBNA_001/20220921_090000.WAV,Telephone Field,recover-20220922,001,1795
225.1205,225.1577,68437,81946,Rhinolophus ferrumequinum,0.022,0.022,-1,Echolocation,/mnt/ubna_data_02_mir/recover-20220922/UBNA_001/20220921_090000.WAV,Telephone Field,recover-20220922,001,1795
225.17849999999999,225.217,68437,81772,Rhinolophus ferrumequinum,0.023,0.023,-1,Echolocation,/mnt/ubna_data_02_mir/recover-20220922/UBNA_001/20220921_090000.WAV,Telephone Field,recover-20220922,001,1795
225.1835,225.222,68437,82372,Rhinolophus ferrumequinum,0.023,0.023,-1,Echolocation,/mnt/ubna_data_02_mir/recover-20220922/UBNA_001/20220921_090000.WAV,Telephone Field,recover-20220922,001,1795
225.1905,225.201,28046,35393,Eptesicus serotinus,0.011,0.024,-1,Echolocation,/mnt/ubna_data_02_mir/recover-20220922/UBNA_001/20220921_090000.WAV,Telephone Field,recover-20220922,001,1795
225.1995,225.2396,68437,82351,Rhinolophus ferrumequinum,0.025,0.025,-1,Echolocation,/mnt/ubna_data_02_mir/recover-20220922/UBNA_001/20220921_090000.WAV,Telephone Field,recover-20220922,001,1795
225.20850000000002,225.2498,68437,83190,Rhinolophus ferrumequinum,0.026,0.026,-1,Echolocation,/mnt/ubna_data_02_mir/recover-20220922/UBNA_001/20220921_090000.WAV,Telephone Field,recover-20220922,001,1795
225.2305,225.2698,68437,82128,Rhinolophus ferrumequinum,0.026,0.026,-1,Echolocation,/mnt/ubna_data_02_mir/recover-20220922/UBNA_001/20220921_090000.WAV,Telephone Field,recover-20220922,001,1795
225.2385,225.2795,68437,82844,Rhinolophus ferrumequinum,0.025,0.025,-1,Echolocation,/mnt/ubna_data_02_mir/recover-20220922/UBNA_001/20220921_090000.WAV,Telephone Field,recover-20220922,001,1795
225.2485,225.2599,24609,30266,Nyctalus leisleri,0.009,0.024,-1,Echolocation,/mnt/ubna_data_02_mir/recover-20220922/UBNA_001/20220921_090000.WAV,Telephone Field,recover-20220922,001,1795
225.2505,225.2926,68437,82933,Rhinolophus ferrumequinum,0.028,0.028,-1,Echolocation,/mnt/ubna_data_02_mir/recover-20220922/UBNA_001/20220921_090000.WAV,Telephone Field,recover-20220922,001,1795
225.3415,225.3789,68437,82018,Rhinolophus ferrumequinum,0.027,0.027,-1,Echolocation,/mnt/ubna_data_02_mir/recover-20220922/UBNA_001/20220921_090000.WAV,Telephone Field,recover-20220922,001,1795
225.3505,225.3905,68437,82388,Rhinolophus ferrumequinum,0.026,0.026,-1,Echolocation,/mnt/ubna_data_02_mir/recover-20220922/UBNA_001/20220921_090000.WAV,Telephone Field,recover-20220922,001,1795
225.3545,225.3641,51250,59097,Pipistrellus pipistrellus,0.015,0.023,-1,Echolocation,/mnt/ubna_data_02_mir/recover-20220922/UBNA_001/20220921_090000.WAV,Telephone Field,recover-20220922,001,1795
225.4105,225.449,68437,81789,Rhinolophus ferrumequinum,0.022,0.022,-1,Echolocation,/mnt/ubna_data_02_mir/recover-20220922/UBNA_001/20220921_090000.WAV,Telephone Field,recover-20220922,001,1795
225.4445,225.4838,68437,82742,Rhinolophus ferrumequinum,0.024,0.024,-1,Echolocation,/mnt/ubna_data_02_mir/recover-20220922/UBNA_001/20220921_090000.WAV,Telephone Field,recover-20220922,001,1795
225.4535,225.4925,68437,82320,Rhinolophus ferrumequinum,0.027,0.027,-1,Echolocation,/mnt/ubna_data_02_mir/recover-20220922/UBNA_001/20220921_090000.WAV,Telephone Field,recover-20220922,001,1795
225.4655,225.4779,22890,26625,Nyctalus leisleri,0.016,0.028,-1,Echolocation,/mnt/ubna_data_02_mir/recover-20220922/UBNA_001/20220921_090000.WAV,Telephone Field,recover-20220922,001,1795
225.4865,225.5234,68437,82089,Rhinolophus ferrumequinum,0.023,0.023,-1,Echolocation,/mnt/ubna_data_02_mir/recover-20220922/UBNA_001/20220921_090000.WAV,Telephone Field,recover-20220922,001,1795
225.5155,225.5258,28906,35837,Eptesicus serotinus,0.01,0.023,-1,Echolocation,/mnt/ubna_data_02_mir/recover-20220922/UBNA_001/20220921_090000.WAV,Telephone Field,recover-20220922,001,1795
225.5165,225.5567,68437,82774,Rhinolophus ferrumequinum,0.023,0.023,-1,Echolocation,/mnt/ubna_data_02_mir/recover-20220922/UBNA_001/20220921_090000.WAV,Telephone Field,recover-20220922,001,1795
225.5485,225.5874,68437,81637,Rhinolophus ferrumequinum,0.024,0.024,-1,Echolocation,/mnt/ubna_data_02_mir/recover-20220922/UBNA_001/20220921_090000.WAV,Telephone Field,recover-20220922,001,1795
225.5605,225.5987,68437,82072,Rhinolophus ferrumequinum,0.025,0.025,-1,Echolocation,/mnt/ubna_data_02_mir/recover-20220922/UBNA_001/20220921_090000.WAV,Telephone Field,recover-20220922,001,1795
225.5645,225.5714,47812,51475,Pipistrellus pipistrellus,0.029,0.032,-1,Echolocation,/mnt/ubna_data_02_mir/recover-20220922/UBNA_001/20220921_090000.WAV,Telephone Field,recover-20220922,001,1795
225.5815,225.6183,68437,81600,Rhinolophus ferrumequinum,0.022,0.022,-1,Echolocation,/mnt/ubna_data_02_mir/recover-20220922/UBNA_001/20220921_090000.WAV,Telephone Field,recover-20220922,001,1795
225.5905,225.6016,23750,30037,Nyctalus leisleri,0.011,0.026,-1,Echolocation,/mnt/ubna_data_02_mir/recover-20220922/UBNA_001/20220921_090000.WAV,Telephone Field,recover-20220922,001,1795
225.6095,225.6478,68437,82190,Rhinolophus ferrumequinum,0.031,0.031,-1,Echolocation,/mnt/ubna_data_02_mir/recover-20220922/UBNA_001/20220921_090000.WAV,Telephone Field,recover-20220922,001,1795
225.6205,225.6571,68437,82110,Rhinolophus ferrumequinum,0.024,0.024,-1,Echolocation,/mnt/ubna_data_02_mir/recover-20220922/UBNA_001/20220921_090000.WAV,Telephone Field,recover-20220922,001,1795
225.6205,225.6275,27187,40191,Eptesicus serotinus,0.006,0.023,-1,Echolocation,/mnt/ubna_data_02_mir/recover-20220922/UBNA_001/20220921_090000.WAV,Telephone Field,recover-20220922,001,1795
225.6815,225.7247,68437,82928,Rhinolophus ferrumequinum,0.037,0.037,-1,Echolocation,/mnt/ubna_data_02_mir/recover-20220922/UBNA_001/20220921_090000.WAV,Telephone Field,recover-20220922,001,1795
225.7115,225.745,68437,80634,Rhinolophus ferrumequinum,0.027,0.028,-1,Echolocation,/mnt/ubna_data_02_mir/recover-20220922/UBNA_001/20220921_090000.WAV,Telephone Field,recover-20220922,001,1795
225.7305,225.7677,68437,81973,Rhinolophus ferrumequinum,0.022,0.022,-1,Echolocation,/mnt/ubna_data_02_mir/recover-20220922/UBNA_001/20220921_090000.WAV,Telephone Field,recover-20220922,001,1795
225.7515,225.7917,68437,82620,Rhinolophus ferrumequinum,0.035,0.035,-1,Echolocation,/mnt/ubna_data_02_mir/recover-20220922/UBNA_001/20220921_090000.WAV,Telephone Field,recover-20220922,001,1795
225.7775,225.819,68437,83347,Rhinolophus ferrumequinum,0.038,0.038,-1,Echolocation,/mnt/ubna_data_02_mir/recover-20220922/UBNA_001/20220921_090000.WAV,Telephone Field,recover-20220922,001,1795
225.7965,225.8068,40078,44338,Pipistrellus nathusii,0.018,0.028,-1,Echolocation,/mnt/ubna_data_02_mir/recover-20220922/UBNA_001/20220921_090000.WAV,Telephone Field,recover-20220922,001,1795
225.8135,225.8514,68437,82177,Rhinolophus ferrumequinum,0.035,0.035,-1,Echolocation,/mnt/ubna_data_02_mir/recover-20220922/UBNA_001/20220921_090000.WAV,Telephone Field,recover-20220922,001,1795
225.8285,225.8657,68437,82480,Rhinolophus ferrumequinum,0.022,0.022,-1,Echolocation,/mnt/ubna_data_02_mir/recover-20220922/UBNA_001/20220921_090000.WAV,Telephone Field,recover-20220922,001,1795
225.8315,225.8411,24609,31519,Eptesicus serotinus,0.008,0.023,-1,Echolocation,/mnt/ubna_data_02_mir/recover-20220922/UBNA_001/20220921_090000.WAV,Telephone Field,recover-20220922,001,1795
225.8395,225.8803,68437,82502,Rhinolophus ferrumequinum,0.029,0.029,-1,Echolocation,/mnt/ubna_data_02_mir/recover-20220922/UBNA_001/20220921_090000.WAV,Telephone Field,recover-20220922,001,1795
225.8685,225.9072,68437,81927,Rhinolophus ferrumequinum,0.024,0.024,-1,Echolocation,/mnt/ubna_data_02_mir/recover-20220922/UBNA_001/20220921_090000.WAV,Telephone Field,recover-20220922,001,1795
225.8925,225.9009,40078,49119,Pipistrellus nathusii,0.006,0.022,-1,Echolocation,/mnt/ubna_data_02_mir/recover-20220922/UBNA_001/20220921_090000.WAV,Telephone Field,recover-20220922,001,1795
225.8975,225.9348,68437,82049,Rhinolophus ferrumequinum,0.031,0.031,-1,Echolocation,/mnt/ubna_data_02_mir/recover-20220922/UBNA_001/20220921_090000.WAV,Telephone Field,recover-20220922,001,1795
226.0015,226.036,68437,80244,Rhinolophus ferrumequinum,0.051,0.051,-1,Echolocation,/mnt/ubna_data_02_mir/recover-20220922/UBNA_001/20220921_090000.WAV,Telephone Field,recover-20220922,001,1795
226.0015,226.0094,25468,36087,Nyctalus leisleri,0.006,0.022,-1,Echolocation,/mnt/ubna_data_02_mir/recover-20220922/UBNA_001/20220921_090000.WAV,Telephone Field,recover-20220922,001,1795
226.0015,226.0115,21171,27053,Nyctalus leisleri,0.009,0.022,-1,Echolocation,/mnt/ubna_data_02_mir/recover-20220922/UBNA_001/20220921_090000.WAV,Telephone Field,recover-20220922,001,1795
226.0015,226.0104,46093,52214,Pipistrellus pipistrellus,0.016,0.022,-1,Echolocation,/mnt/ubna_data_02_mir/recover-20220922/UBNA_001/20220921_090000.WAV,Telephone Field,recover-20220922,001,1795
226.0075,226.0495,68437,82378,Rhinolophus ferrumequinum,0.024,0.024,-1,Echolocation,/mnt/ubna_data_02_mir/recover-20220922/UBNA_001/20220921_090000.WAV,Telephone Field,recover-20220922,001,1795
226.0265,226.0606,68437,80246,Rhinolophus ferrumequinum,0.021,0.021,-1,Echolocation,/mnt/ubna_data_02_mir/recover-20220922/UBNA_001/20220921_090000.WAV,Telephone Field,recover-20220922,001,1795
226.0405,226.07659999999998,68437,81760,Rhinolophus ferrumequinum,0.021,0.021,-1,Echolocation,/mnt/ubna_data_02_mir/recover-20220922/UBNA_001/20220921_090000.WAV,Telephone Field,recover-20220922,001,1795
226.0765,226.0848,23750,31365,Plecotus austriacus,0.007,0.023,-1,Echolocation,/mnt/ubna_data_02_mir/recover-20220922/UBNA_001/20220921_090000.WAV,Telephone Field,recover-20220922,001,1795
226.0985,226.10750000000002,54687,58293,Pipistrellus pygmaeus,0.022,0.023,-1,Echolocation,/mnt/ubna_data_02_mir/recover-20220922/UBNA_001/20220921_090000.WAV,Telephone Field,recover-20220922,001,1795
226.1055,226.1444,68437,82156,Rhinolophus ferrumequinum,0.024,0.024,-1,Echolocation,/mnt/ubna_data_02_mir/recover-20220922/UBNA_001/20220921_090000.WAV,Telephone Field,recover-20220922,001,1795
226.1625,226.2039,68437,82849,Rhinolophus ferrumequinum,0.025,0.025,-1,Echolocation,/mnt/ubna_data_02_mir/recover-20220922/UBNA_001/20220921_090000.WAV,Telephone Field,recover-20220922,001,1795
226.1685,226.1786,28906,37691,Eptesicus serotinus,0.017,0.031,-1,Echolocation,/mnt/ubna_data_02_mir/recover-20220922/UBNA_001/20220921_090000.WAV,Telephone Field,recover-20220922,001,1795
226.2105,226.2471,68437,81317,Rhinolophus ferrumequinum,0.043,0.043,-1,Echolocation,/mnt/ubna_data_02_mir/recover-20220922/UBNA_001/20220921_090000.WAV,Telephone Field,recover-20220922,001,1795
226.2195,226.2326,21171,24565,Nyctalus leisleri,0.015,0.023,-1,Echolocation,/mnt/ubna_data_02_mir/recover-20220922/UBNA_001/20220921_090000.WAV,Telephone Field,recover-20220922,001,1795
226.2355,226.2429,26328,35511,Eptesicus serotinus,0.007,0.023,-1,Echolocation,/mnt/ubna_data_02_mir/recover-20220922/UBNA_001/20220921_090000.WAV,Telephone Field,recover-20220922,001,1795
226.2585,226.2725,22031,26320,Nyctalus leisleri,0.021,0.036,-1,Echolocation,/mnt/ubna_data_02_mir/recover-20220922/UBNA_001/20220921_090000.WAV,Telephone Field,recover-20220922,001,1795
226.2695,226.3123,68437,82906,Rhinolophus ferrumequinum,0.03,0.03,-1,Echolocation,/mnt/ubna_data_02_mir/recover-20220922/UBNA_001/20220921_090000.WAV,Telephone Field,recover-20220922,001,1795
226.30349999999999,226.3105,32343,42079,Myotis daubentonii,0.009,0.024,-1,Echolocation,/mnt/ubna_data_02_mir/recover-20220922/UBNA_001/20220921_090000.WAV,Telephone Field,recover-20220922,001,1795
226.3065,226.3171,23750,29940,Nyctalus leisleri,0.011,0.025,-1,Echolocation,/mnt/ubna_data_02_mir/recover-20220922/UBNA_001/20220921_090000.WAV,Telephone Field,recover-20220922,001,1795
226.3115,226.356,68437,83070,Rhinolophus ferrumequinum,0.027,0.027,-1,Echolocation,/mnt/ubna_data_02_mir/recover-20220922/UBNA_001/20220921_090000.WAV,Telephone Field,recover-20220922,001,1795
226.3185,226.329,23750,30108,Nyctalus leisleri,0.01,0.024,-1,Echolocation,/mnt/ubna_data_02_mir/recover-20220922/UBNA_001/20220921_090000.WAV,Telephone Field,recover-20220922,001,1795
226.3265,226.3373,27187,34999,Eptesicus serotinus,0.012,0.025,-1,Echolocation,/mnt/ubna_data_02_mir/recover-20220922/UBNA_001/20220921_090000.WAV,Telephone Field,recover-20220922,001,1795
226.3355,226.3755,68437,82459,Rhinolophus ferrumequinum,0.022,0.022,-1,Echolocation,/mnt/ubna_data_02_mir/recover-20220922/UBNA_001/20220921_090000.WAV,Telephone Field,recover-20220922,001,1795
226.3695,226.4118,68437,82913,Rhinolophus ferrumequinum,0.024,0.024,-1,Echolocation,/mnt/ubna_data_02_mir/recover-20220922/UBNA_001/20220921_090000.WAV,Telephone Field,recover-20220922,001,1795
226.4385,226.4804,68437,82843,Rhinolophus ferrumequinum,0.025,0.025,-1,Echolocation,/mnt/ubna_data_02_mir/recover-20220922/UBNA_001/20220921_090000.WAV,Telephone Field,recover-20220922,001,1795
226.4405,226.4486,23750,32051,Plecotus austriacus,0.007,0.024,-1,Echolocation,/mnt/ubna_data_02_mir/recover-20220922/UBNA_001/20220921_090000.WAV,Telephone Field,recover-20220922,001,1795
226.4835,226.5231,68437,82528,Rhinolophus ferrumequinum,0.024,0.024,-1,Echolocation,/mnt/ubna_data_02_mir/recover-20220922/UBNA_001/20220921_090000.WAV,Telephone Field,recover-20220922,001,1795
226.4895,226.5272,68437,81955,Rhinolophus ferrumequinum,0.021,0.022,-1,Echolocation,/mnt/ubna_data_02_mir/recover-20220922/UBNA_001/20220921_090000.WAV,Telephone Field,recover-20220922,001,1795
226.5485,226.5595,25468,32113,Eptesicus serotinus,0.01,0.023,-1,Echolocation,/mnt/ubna_data_02_mir/recover-20220922/UBNA_001/20220921_090000.WAV,Telephone Field,recover-20220922,001,1795
226.5495,226.5898,68437,82407,Rhinolophus ferrumequinum,0.03,0.03,-1,Echolocation,/mnt/ubna_data_02_mir/recover-20220922/UBNA_001/20220921_090000.WAV,Telephone Field,recover-20220922,001,1795
226.5905,226.631,68437,82451,Rhinolophus ferrumequinum,0.029,0.029,-1,Echolocation,/mnt/ubna_data_02_mir/recover-20220922/UBNA_001/20220921_090000.WAV,Telephone Field,recover-20220922,001,1795
226.5905,226.6011,23750,30795,Eptesicus serotinus,0.008,0.022,-1,Echolocation,/mnt/ubna_data_02_mir/recover-20220922/UBNA_001/20220921_090000.WAV,Telephone Field,recover-20220922,001,1795
226.6285,226.6375,24609,32706,Eptesicus serotinus,0.008,0.023,-1,Echolocation,/mnt/ubna_data_02_mir/recover-20220922/UBNA_001/20220921_090000.WAV,Telephone Field,recover-20220922,001,1795
226.6685,226.7089,68437,82192,Rhinolophus ferrumequinum,0.021,0.022,-1,Echolocation,/mnt/ubna_data_02_mir/recover-20220922/UBNA_001/20220921_090000.WAV,Telephone Field,recover-20220922,001,1795
226.6945,226.7354,68437,82601,Rhinolophus ferrumequinum,0.025,0.025,-1,Echolocation,/mnt/ubna_data_02_mir/recover-20220922/UBNA_001/20220921_090000.WAV,Telephone Field,recover-20220922,001,1795
226.7075,226.7478,68437,82671,Rhinolophus ferrumequinum,0.027,0.027,-1,Echolocation,/mnt/ubna_data_02_mir/recover-20220922/UBNA_001/20220921_090000.WAV,Telephone Field,recover-20220922,001,1795
226.72050000000002,226.7595,68437,82548,Rhinolophus ferrumequinum,0.024,0.025,-1,Echolocation,/mnt/ubna_data_02_mir/recover-20220922/UBNA_001/20220921_090000.WAV,Telephone Field,recover-20220922,001,1795
226.7265,226.73669999999998,22890,28563,Nyctalus leisleri,0.009,0.021,-1,Echolocation,/mnt/ubna_data_02_mir/recover-20220922/UBNA_001/20220921_090000.WAV,Telephone Field,recover-20220922,001,1795
226.7645,226.8058,68437,82406,Rhinolophus ferrumequinum,0.031,0.031,-1,Echolocation,/mnt/ubna_data_02_mir/recover-20220922/UBNA_001/20220921_090000.WAV,Telephone Field,recover-20220922,001,1795
226.8135,226.8196,24609,34920,Plecotus austriacus,0.015,0.033,-1,Echolocation,/mnt/ubna_data_02_mir/recover-20220922/UBNA_001/20220921_090000.WAV,Telephone Field,recover-20220922,001,1795
226.8395,226.8794,68437,82257,Rhinolophus ferrumequinum,0.023,0.023,-1,Echolocation,/mnt/ubna_data_02_mir/recover-20220922/UBNA_001/20220921_090000.WAV,Telephone Field,recover-20220922,001,1795
226.9135,226.9543,68437,81918,Rhinolophus ferrumequinum,0.021,0.021,-1,Echolocation,/mnt/ubna_data_02_mir/recover-20220922/UBNA_001/20220921_090000.WAV,Telephone Field,recover-20220922,001,1795
226.9475,226.98669999999998,68437,81741,Rhinolophus ferrumequinum,0.021,0.021,-1,Echolocation,/mnt/ubna_data_02_mir/recover-20220922/UBNA_001/20220921_090000.WAV,Telephone Field,recover-20220922,001,1795
226.9645,227.00209999999998,68437,81865,Rhinolophus ferrumequinum,0.023,0.023,-1,Echolocation,/mnt/ubna_data_02_mir/recover-20220922/UBNA_001/20220921_090000.WAV,Telephone Field,recover-20220922,001,1795
226.9835,226.9919,28046,37272,Eptesicus serotinus,0.025,0.046,-1,Echolocation,/mnt/ubna_data_02_mir/recover-20220922/UBNA_001/20220921_090000.WAV,Telephone Field,recover-20220922,001,1795
227.0075,227.0436,68437,80797,Rhinolophus ferrumequinum,0.024,0.025,-1,Echolocation,/mnt/ubna_data_02_mir/recover-20220922/UBNA_001/20220921_090000.WAV,Telephone Field,recover-20220922,001,1795
227.0115,227.0205,28046,37393,Eptesicus serotinus,0.012,0.025,-1,Echolocation,/mnt/ubna_data_02_mir/recover-20220922/UBNA_001/20220921_090000.WAV,Telephone Field,recover-20220922,001,1795
227.0265,227.0368,22890,28813,Nyctalus leisleri,0.01,0.028,-1,Echolocation,/mnt/ubna_data_02_mir/recover-20220922/UBNA_001/20220921_090000.WAV,Telephone Field,recover-20220922,001,1795
227.0515,227.0894,68437,81829,Rhinolophus ferrumequinum,0.022,0.022,-1,Echolocation,/mnt/ubna_data_02_mir/recover-20220922/UBNA_001/20220921_090000.WAV,Telephone Field,recover-20220922,001,1795
227.0665,227.1018,68437,81031,Rhinolophus ferrumequinum,0.021,0.021,-1,Echolocation,/mnt/ubna_data_02_mir/recover-20220922/UBNA_001/20220921_090000.WAV,Telephone Field,recover-20220922,001,1795
227.0675,227.0762,28046,37990,Eptesicus serotinus,0.009,0.023,-1,Echolocation,/mnt/ubna_data_02_mir/recover-20220922/UBNA_001/20220921_090000.WAV,Telephone Field,recover-20220922,001,1795
227.0935,227.133,68437,82467,Rhinolophus ferrumequinum,0.024,0.024,-1,Echolocation,/mnt/ubna_data_02_mir/recover-20220922/UBNA_001/20220921_090000.WAV,Telephone Field,recover-20220922,001,1795
227.1045,227.1124,28046,40739,Eptesicus serotinus,0.008,0.023,-1,Echolocation,/mnt/ubna_data_02_mir/recover-20220922/UBNA_001/20220921_090000.WAV,Telephone Field,recover-20220922,001,1795
227.1195,227.1578,68437,81340,Rhinolophus ferrumequinum,0.029,0.029,-1,Echolocation,/mnt/ubna_data_02_mir/recover-20220922/UBNA_001/20220921_090000.WAV,Telephone Field,recover-20220922,001,1795
227.1505,227.1598,22890,29663,Nyctalus leisleri,0.007,0.022,-1,Echolocation,/mnt/ubna_data_02_mir/recover-20220922/UBNA_001/20220921_090000.WAV,Telephone Field,recover-20220922,001,1795
227.17849999999999,227.2209,68437,82944,Rhinolophus ferrumequinum,0.028,0.028,-1,Echolocation,/mnt/ubna_data_02_mir/recover-20220922/UBNA_001/20220921_090000.WAV,Telephone Field,recover-20220922,001,1795
227.1885,227.2299,68437,82694,Rhinolophus ferrumequinum,0.023,0.023,-1,Echolocation,/mnt/ubna_data_02_mir/recover-20220922/UBNA_001/20220921_090000.WAV,Telephone Field,recover-20220922,001,1795
227.2215,227.2291,26328,35183,Eptesicus serotinus,0.007,0.021,-1,Echolocation,/mnt/ubna_data_02_mir/recover-20220922/UBNA_001/20220921_090000.WAV,Telephone Field,recover-20220922,001,1795
227.2275,227.26760000000002,68437,82183,Rhinolophus ferrumequinum,0.022,0.022,-1,Echolocation,/mnt/ubna_data_02_mir/recover-20220922/UBNA_001/20220921_090000.WAV,Telephone Field,recover-20220922,001,1795
227.2475,227.2558,28046,40938,Eptesicus serotinus,0.009,0.023,-1,Echolocation,/mnt/ubna_data_02_mir/recover-20220922/UBNA_001/20220921_090000.WAV,Telephone Field,recover-20220922,001,1795
227.2835,227.2919,28046,39011,Eptesicus serotinus,0.008,0.021,-1,Echolocation,/mnt/ubna_data_02_mir/recover-20220922/UBNA_001/20220921_090000.WAV,Telephone Field,recover-20220922,001,1795
227.3095,227.3469,68437,81896,Rhinolophus ferrumequinum,0.022,0.022,-1,Echolocation,/mnt/ubna_data_02_mir/recover-20220922/UBNA_001/20220921_090000.WAV,Telephone Field,recover-20220922,001,1795
227.3155,227.32580000000002,23750,30312,Nyctalus leisleri,0.01,0.028,-1,Echolocation,/mnt/ubna_data_02_mir/recover-20220922/UBNA_001/20220921_090000.WAV,Telephone Field,recover-20220922,001,1795
227.3155,227.3516,68437,81443,Rhinolophus ferrumequinum,0.023,0.023,-1,Echolocation,/mnt/ubna_data_02_mir/recover-20220922/UBNA_001/20220921_090000.WAV,Telephone Field,recover-20220922,001,1795
227.3745,227.38400000000001,22890,29313,Nyctalus leisleri,0.008,0.021,-1,Echolocation,/mnt/ubna_data_02_mir/recover-20220922/UBNA_001/20220921_090000.WAV,Telephone Field,recover-20220922,001,1795
227.4295,227.4679,68437,82597,Rhinolophus ferrumequinum,0.023,0.023,-1,Echolocation,/mnt/ubna_data_02_mir/recover-20220922/UBNA_001/20220921_090000.WAV,Telephone Field,recover-20220922,001,1795
227.4405,227.4832,68437,83036,Rhinolophus ferrumequinum,0.025,0.025,-1,Echolocation,/mnt/ubna_data_02_mir/recover-20220922/UBNA_001/20220921_090000.WAV,Telephone Field,recover-20220922,001,1795
227.4535,227.4639,23750,29792,Nyctalus leisleri,0.009,0.021,-1,Echolocation,/mnt/ubna_data_02_mir/recover-20220922/UBNA_001/20220921_090000.WAV,Telephone Field,recover-20220922,001,1795
227.4855,227.5233,68437,82153,Rhinolophus ferrumequinum,0.025,0.025,-1,Echolocation,/mnt/ubna_data_02_mir/recover-20220922/UBNA_001/20220921_090000.WAV,Telephone Field,recover-20220922,001,1795
227.4925,227.5331,68437,81803,Rhinolophus ferrumequinum,0.024,0.024,-1,Echolocation,/mnt/ubna_data_02_mir/recover-20220922/UBNA_001/20220921_090000.WAV,Telephone Field,recover-20220922,001,1795
227.5485,227.5922,68437,83499,Rhinolophus ferrumequinum,0.043,0.043,-1,Echolocation,/mnt/ubna_data_02_mir/recover-20220922/UBNA_001/20220921_090000.WAV,Telephone Field,recover-20220922,001,1795
227.5905,227.6295,68437,82527,Rhinolophus ferrumequinum,0.023,0.023,-1,Echolocation,/mnt/ubna_data_02_mir/recover-20220922/UBNA_001/20220921_090000.WAV,Telephone Field,recover-20220922,001,1795
227.5995,227.6411,68437,82646,Rhinolophus ferrumequinum,0.022,0.022,-1,Echolocation,/mnt/ubna_data_02_mir/recover-20220922/UBNA_001/20220921_090000.WAV,Telephone Field,recover-20220922,001,1795
227.6205,227.6297,25468,33787,Eptesicus serotinus,0.009,0.025,-1,Echolocation,/mnt/ubna_data_02_mir/recover-20220922/UBNA_001/20220921_090000.WAV,Telephone Field,recover-20220922,001,1795
227.6335,227.6733,68437,82673,Rhinolophus ferrumequinum,0.022,0.022,-1,Echolocation,/mnt/ubna_data_02_mir/recover-20220922/UBNA_001/20220921_090000.WAV,Telephone Field,recover-20220922,001,1795
227.6495,227.689,68437,82618,Rhinolophus ferrumequinum,0.039,0.039,-1,Echolocation,/mnt/ubna_data_02_mir/recover-20220922/UBNA_001/20220921_090000.WAV,Telephone Field,recover-20220922,001,1795
227.6615,227.7025,68437,82883,Rhinolophus ferrumequinum,0.029,0.029,-1,Echolocation,/mnt/ubna_data_02_mir/recover-20220922/UBNA_001/20220921_090000.WAV,Telephone Field,recover-20220922,001,1795
227.6675,227.6752,28046,39218,Eptesicus serotinus,0.008,0.022,-1,Echolocation,/mnt/ubna_data_02_mir/recover-20220922/UBNA_001/20220921_090000.WAV,Telephone Field,recover-20220922,001,1795
227.7355,227.74360000000001,44375,47645,Pipistrellus pipistrellus,0.021,0.023,-1,Echolocation,/mnt/ubna_data_02_mir/recover-20220922/UBNA_001/20220921_090000.WAV,Telephone Field,recover-20220922,001,1795
227.7395,227.7814,68437,82399,Rhinolophus ferrumequinum,0.024,0.024,-1,Echolocation,/mnt/ubna_data_02_mir/recover-20220922/UBNA_001/20220921_090000.WAV,Telephone Field,recover-20220922,001,1795
227.8205,227.86169999999998,68437,82665,Rhinolophus ferrumequinum,0.024,0.024,-1,Echolocation,/mnt/ubna_data_02_mir/recover-20220922/UBNA_001/20220921_090000.WAV,Telephone Field,recover-20220922,001,1795
227.8595,227.8961,68437,81664,Rhinolophus ferrumequinum,0.033,0.033,-1,Echolocation,/mnt/ubna_data_02_mir/recover-20220922/UBNA_001/20220921_090000.WAV,Telephone Field,recover-20220922,001,1795
227.8965,227.9064,24609,32106,Eptesicus serotinus,0.008,0.022,-1,Echolocation,/mnt/ubna_data_02_mir/recover-20220922/UBNA_001/20220921_090000.WAV,Telephone Field,recover-20220922,001,1795
227.9005,227.9141,15156,21521,Nyctalus noctula,0.03,0.04,-1,Echolocation,/mnt/ubna_data_02_mir/recover-20220922/UBNA_001/20220921_090000.WAV,Telephone Field,recover-20220922,001,1795
227.9205,227.9312,22031,27038,Nyctalus leisleri,0.01,0.022,-1,Echolocation,/mnt/ubna_data_02_mir/recover-20220922/UBNA_001/20220921_090000.WAV,Telephone Field,recover-20220922,001,1795
227.9275,227.9627,68437,80952,Rhinolophus ferrumequinum,0.023,0.023,-1,Echolocation,/mnt/ubna_data_02_mir/recover-20220922/UBNA_001/20220921_090000.WAV,Telephone Field,recover-20220922,001,1795
227.9385,227.9475,28046,39153,Eptesicus serotinus,0.008,0.021,-1,Echolocation,/mnt/ubna_data_02_mir/recover-20220922/UBNA_001/20220921_090000.WAV,Telephone Field,recover-20220922,001,1795
227.9675,227.978,27187,34583,Eptesicus serotinus,0.011,0.022,-1,Echolocation,/mnt/ubna_data_02_mir/recover-20220922/UBNA_001/20220921_090000.WAV,Telephone Field,recover-20220922,001,1795
228.0015,228.0104,26328,40449,Eptesicus serotinus,0.007,0.026,-1,Echolocation,/mnt/ubna_data_02_mir/recover-20220922/UBNA_001/20220921_090000.WAV,Telephone Field,recover-20220922,001,1795
228.0015,228.0091,46093,50953,Pipistrellus pipistrellus,0.022,0.028,-1,Echolocation,/mnt/ubna_data_02_mir/recover-20220922/UBNA_001/20220921_090000.WAV,Telephone Field,recover-20220922,001,1795
228.0015,228.0298,69296,81572,Rhinolophus ferrumequinum,0.036,0.036,-1,Echolocation,/mnt/ubna_data_02_mir/recover-20220922/UBNA_001/20220921_090000.WAV,Telephone Field,recover-20220922,001,1795
228.0015,228.0171,17734,23314,Nyctalus noctula,0.017,0.03,-1,Echolocation,/mnt/ubna_data_02_mir/recover-20220922/UBNA_001/20220921_090000.WAV,Telephone Field,recover-20220922,001,1795
228.0085,228.017,28046,44959,Eptesicus serotinus,0.008,0.022,-1,Echolocation,/mnt/ubna_data_02_mir/recover-20220922/UBNA_001/20220921_090000.WAV,Telephone Field,recover-20220922,001,1795
228.0125,228.0513,68437,81953,Rhinolophus ferrumequinum,0.025,0.025,-1,Echolocation,/mnt/ubna_data_02_mir/recover-20220922/UBNA_001/20220921_090000.WAV,Telephone Field,recover-20220922,001,1795
228.0395,228.0812,68437,82820,Rhinolophus ferrumequinum,0.026,0.026,-1,Echolocation,/mnt/ubna_data_02_mir/recover-20220922/UBNA_001/20220921_090000.WAV,Telephone Field,recover-20220922,001,1795
228.0525,228.0625,28046,36507,Eptesicus serotinus,0.015,0.033,-1,Echolocation,/mnt/ubna_data_02_mir/recover-20220922/UBNA_001/20220921_090000.WAV,Telephone Field,recover-20220922,001,1795
228.0945,228.1377,68437,83279,Rhinolophus ferrumequinum,0.027,0.027,-1,Echolocation,/mnt/ubna_data_02_mir/recover-20220922/UBNA_001/20220921_090000.WAV,Telephone Field,recover-20220922,001,1795
228.1135,228.1519,68437,81896,Rhinolophus ferrumequinum,0.023,0.023,-1,Echolocation,/mnt/ubna_data_02_mir/recover-20220922/UBNA_001/20220921_090000.WAV,Telephone Field,recover-20220922,001,1795
228.1465,228.1568,26328,34862,Eptesicus serotinus,0.009,0.022,-1,Echolocation,/mnt/ubna_data_02_mir/recover-20220922/UBNA_001/20220921_090000.WAV,Telephone Field,recover-20220922,001,1795
228.1535,228.165,26328,33193,Eptesicus serotinus,0.01,0.022,-1,Echolocation,/mnt/ubna_data_02_mir/recover-20220922/UBNA_001/20220921_090000.WAV,Telephone Field,recover-20220922,001,1795
228.1595,228.2,68437,82687,Rhinolophus ferrumequinum,0.027,0.027,-1,Echolocation,/mnt/ubna_data_02_mir/recover-20220922/UBNA_001/20220921_090000.WAV,Telephone Field,recover-20220922,001,1795
228.1625,228.1695,28906,40859,Eptesicus serotinus,0.007,0.025,-1,Echolocation,/mnt/ubna_data_02_mir/recover-20220922/UBNA_001/20220921_090000.WAV,Telephone Field,recover-20220922,001,1795
228.1695,228.2097,68437,83003,Rhinolophus ferrumequinum,0.026,0.026,-1,Echolocation,/mnt/ubna_data_02_mir/recover-20220922/UBNA_001/20220921_090000.WAV,Telephone Field,recover-20220922,001,1795
228.2045,228.2412,68437,81831,Rhinolophus ferrumequinum,0.021,0.021,-1,Echolocation,/mnt/ubna_data_02_mir/recover-20220922/UBNA_001/20220921_090000.WAV,Telephone Field,recover-20220922,001,1795
228.2345,228.2748,68437,82462,Rhinolophus ferrumequinum,0.032,0.032,-1,Echolocation,/mnt/ubna_data_02_mir/recover-20220922/UBNA_001/20220921_090000.WAV,Telephone Field,recover-20220922,001,1795
228.2375,228.247,22890,29521,Nyctalus leisleri,0.008,0.022,-1,Echolocation,/mnt/ubna_data_02_mir/recover-20220922/UBNA_001/20220921_090000.WAV,Telephone Field,recover-20220922,001,1795
228.2475,228.2853,68437,81831,Rhinolophus ferrumequinum,0.021,0.021,-1,Echolocation,/mnt/ubna_data_02_mir/recover-20220922/UBNA_001/20220921_090000.WAV,Telephone Field,recover-20220922,001,1795
228.2545,228.2928,68437,81656,Rhinolophus ferrumequinum,0.023,0.023,-1,Echolocation,/mnt/ubna_data_02_mir/recover-20220922/UBNA_001/20220921_090000.WAV,Telephone Field,recover-20220922,001,1795
228.2645,228.3044,68437,82601,Rhinolophus ferrumequinum,0.042,0.042,-1,Echolocation,/mnt/ubna_data_02_mir/recover-20220922/UBNA_001/20220921_090000.WAV,Telephone Field,recover-20220922,001,1795
228.30349999999999,228.3149,22031,26876,Nyctalus leisleri,0.011,0.022,-1,Echolocation,/mnt/ubna_data_02_mir/recover-20220922/UBNA_001/20220921_090000.WAV,Telephone Field,recover-20220922,001,1795
228.3045,228.3456,68437,82204,Rhinolophus ferrumequinum,0.023,0.023,-1,Echolocation,/mnt/ubna_data_02_mir/recover-20220922/UBNA_001/20220921_090000.WAV,Telephone Field,recover-20220922,001,1795
228.3375,228.3756,68437,82626,Rhinolophus ferrumequinum,0.029,0.029,-1,Echolocation,/mnt/ubna_data_02_mir/recover-20220922/UBNA_001/20220921_090000.WAV,Telephone Field,recover-20220922,001,1795
228.3985,228.407,28046,38187,Eptesicus serotinus,0.008,0.024,-1,Echolocation,/mnt/ubna_data_02_mir/recover-20220922/UBNA_001/20220921_090000.WAV,Telephone Field,recover-20220922,001,1795
228.4005,228.4366,68437,81942,Rhinolophus ferrumequinum,0.026,0.026,-1,Echolocation,/mnt/ubna_data_02_mir/recover-20220922/UBNA_001/20220921_090000.WAV,Telephone Field,recover-20220922,001,1795
228.4115,228.4514,68437,82130,Rhinolophus ferrumequinum,0.022,0.022,-1,Echolocation,/mnt/ubna_data_02_mir/recover-20220922/UBNA_001/20220921_090000.WAV,Telephone Field,recover-20220922,001,1795
228.4245,228.466,68437,82834,Rhinolophus ferrumequinum,0.03,0.03,-1,Echolocation,/mnt/ubna_data_02_mir/recover-20220922/UBNA_001/20220921_090000.WAV,Telephone Field,recover-20220922,001,1795
228.4355,228.4768,68437,83012,Rhinolophus ferrumequinum,0.027,0.027,-1,Echolocation,/mnt/ubna_data_02_mir/recover-20220922/UBNA_001/20220921_090000.WAV,Telephone Field,recover-20220922,001,1795
228.4365,228.4409,24609,38219,Plecotus austriacus,0.056,0.114,-1,Echolocation,/mnt/ubna_data_02_mir/recover-20220922/UBNA_001/20220921_090000.WAV,Telephone Field,recover-20220922,001,1795
228.4595,228.4912,68437,79214,Rhinolophus ferrumequinum,0.032,0.032,-1,Echolocation,/mnt/ubna_data_02_mir/recover-20220922/UBNA_001/20220921_090000.WAV,Telephone Field,recover-20220922,001,1795
228.4715,228.5094,68437,82314,Rhinolophus ferrumequinum,0.024,0.024,-1,Echolocation,/mnt/ubna_data_02_mir/recover-20220922/UBNA_001/20220921_090000.WAV,Telephone Field,recover-20220922,001,1795
228.5045,228.5442,68437,82355,Rhinolophus ferrumequinum,0.022,0.022,-1,Echolocation,/mnt/ubna_data_02_mir/recover-20220922/UBNA_001/20220921_090000.WAV,Telephone Field,recover-20220922,001,1795
228.5045,228.5138,28046,38817,Eptesicus serotinus,0.009,0.022,-1,Echolocation,/mnt/ubna_data_02_mir/recover-20220922/UBNA_001/20220921_090000.WAV,Telephone Field,recover-20220922,001,1795
228.5315,228.5708,68437,82936,Rhinolophus ferrumequinum,0.024,0.024,-1,Echolocation,/mnt/ubna_data_02_mir/recover-20220922/UBNA_001/20220921_090000.WAV,Telephone Field,recover-20220922,001,1795
228.5615,228.6064,68437,83437,Rhinolophus ferrumequinum,0.039,0.039,-1,Echolocation,/mnt/ubna_data_02_mir/recover-20220922/UBNA_001/20220921_090000.WAV,Telephone Field,recover-20220922,001,1795
228.6045,228.6141,27187,37135,Eptesicus serotinus,0.01,0.022,-1,Echolocation,/mnt/ubna_data_02_mir/recover-20220922/UBNA_001/20220921_090000.WAV,Telephone Field,recover-20220922,001,1795
228.6055,228.6466,68437,82797,Rhinolophus ferrumequinum,0.024,0.024,-1,Echolocation,/mnt/ubna_data_02_mir/recover-20220922/UBNA_001/20220921_090000.WAV,Telephone Field,recover-20220922,001,1795
228.6325,228.6504,19453,22571,Nyctalus leisleri,0.013,0.025,-1,Echolocation,/mnt/ubna_data_02_mir/recover-20220922/UBNA_001/20220921_090000.WAV,Telephone Field,recover-20220922,001,1795
228.6405,228.6771,68437,81806,Rhinolophus ferrumequinum,0.022,0.022,-1,Echolocation,/mnt/ubna_data_02_mir/recover-20220922/UBNA_001/20220921_090000.WAV,Telephone Field,recover-20220922,001,1795
228.6525,228.6952,68437,83348,Rhinolophus ferrumequinum,0.035,0.035,-1,Echolocation,/mnt/ubna_data_02_mir/recover-20220922/UBNA_001/20220921_090000.WAV,Telephone Field,recover-20220922,001,1795
228.6695,228.6804,28906,37358,Eptesicus serotinus,0.012,0.025,-1,Echolocation,/mnt/ubna_data_02_mir/recover-20220922/UBNA_001/20220921_090000.WAV,Telephone Field,recover-20220922,001,1795
228.6755,228.6847,28046,35952,Eptesicus serotinus,0.009,0.024,-1,Echolocation,/mnt/ubna_data_02_mir/recover-20220922/UBNA_001/20220921_090000.WAV,Telephone Field,recover-20220922,001,1795
228.6805,228.7167,68437,82140,Rhinolophus ferrumequinum,0.025,0.025,-1,Echolocation,/mnt/ubna_data_02_mir/recover-20220922/UBNA_001/20220921_090000.WAV,Telephone Field,recover-20220922,001,1795
228.69650000000001,228.7317,68437,81359,Rhinolophus ferrumequinum,0.024,0.024,-1,Echolocation,/mnt/ubna_data_02_mir/recover-20220922/UBNA_001/20220921_090000.WAV,Telephone Field,recover-20220922,001,1795
228.7105,228.7486,68437,82091,Rhinolophus ferrumequinum,0.024,0.024,-1,Echolocation,/mnt/ubna_data_02_mir/recover-20220922/UBNA_001/20220921_090000.WAV,Telephone Field,recover-20220922,001,1795
228.7495,228.7895,68437,82215,Rhinolophus ferrumequinum,0.032,0.032,-1,Echolocation,/mnt/ubna_data_02_mir/recover-20220922/UBNA_001/20220921_090000.WAV,Telephone Field,recover-20220922,001,1795
228.7635,228.7988,68437,81527,Rhinolophus ferrumequinum,0.022,0.022,-1,Echolocation,/mnt/ubna_data_02_mir/recover-20220922/UBNA_001/20220921_090000.WAV,Telephone Field,recover-20220922,001,1795
228.8105,228.8422,66718,77801,Rhinolophus ferrumequinum,0.029,0.03,-1,Echolocation,/mnt/ubna_data_02_mir/recover-20220922/UBNA_001/20220921_090000.WAV,Telephone Field,recover-20220922,001,1795
228.8305,228.8405,24609,31591,Eptesicus serotinus,0.014,0.032,-1,Echolocation,/mnt/ubna_data_02_mir/recover-20220922/UBNA_001/20220921_090000.WAV,Telephone Field,recover-20220922,001,1795
228.8315,228.87,68437,82705,Rhinolophus ferrumequinum,0.028,0.028,-1,Echolocation,/mnt/ubna_data_02_mir/recover-20220922/UBNA_001/20220921_090000.WAV,Telephone Field,recover-20220922,001,1795
228.8525,228.8625,28906,36420,Eptesicus serotinus,0.008,0.022,-1,Echolocation,/mnt/ubna_data_02_mir/recover-20220922/UBNA_001/20220921_090000.WAV,Telephone Field,recover-20220922,001,1795
228.8545,228.8967,68437,82801,Rhinolophus ferrumequinum,0.024,0.024,-1,Echolocation,/mnt/ubna_data_02_mir/recover-20220922/UBNA_001/20220921_090000.WAV,Telephone Field,recover-20220922,001,1795
228.8855,228.897,22031,26142,Nyctalus leisleri,0.012,0.021,-1,Echolocation,/mnt/ubna_data_02_mir/recover-20220922/UBNA_001/20220921_090000.WAV,Telephone Field,recover-20220922,001,1795
228.90449999999998,228.9435,68437,82443,Rhinolophus ferrumequinum,0.022,0.022,-1,Echolocation,/mnt/ubna_data_02_mir/recover-20220922/UBNA_001/20220921_090000.WAV,Telephone Field,recover-20220922,001,1795
228.9155,228.9249,28906,36909,Eptesicus serotinus,0.01,0.023,-1,Echolocation,/mnt/ubna_data_02_mir/recover-20220922/UBNA_001/20220921_090000.WAV,Telephone Field,recover-20220922,001,1795
228.9305,228.9687,68437,81905,Rhinolophus ferrumequinum,0.024,0.024,-1,Echolocation,/mnt/ubna_data_02_mir/recover-20220922/UBNA_001/20220921_090000.WAV,Telephone Field,recover-20220922,001,1795
228.9385,228.9771,68437,82148,Rhinolophus ferrumequinum,0.031,0.031,-1,Echolocation,/mnt/ubna_data_02_mir/recover-20220922/UBNA_001/20220921_090000.WAV,Telephone Field,recover-20220922,001,1795
228.9455,228.9555,27187,36495,Eptesicus serotinus,0.011,0.025,-1,Echolocation,/mnt/ubna_data_02_mir/recover-20220922/UBNA_001/20220921_090000.WAV,Telephone Field,recover-20220922,001,1795
228.9665,229.0052,68437,82146,Rhinolophus ferrumequinum,0.023,0.023,-1,Echolocation,/mnt/ubna_data_02_mir/recover-20220922/UBNA_001/20220921_090000.WAV,Telephone Field,recover-20220922,001,1795
228.9865,229.025,68437,81875,Rhinolophus ferrumequinum,0.021,0.021,-1,Echolocation,/mnt/ubna_data_02_mir/recover-20220922/UBNA_001/20220921_090000.WAV,Telephone Field,recover-20220922,001,1795
229.0005,229.0131,24609,30855,Nyctalus leisleri,0.01,0.025,-1,Echolocation,/mnt/ubna_data_02_mir/recover-20220922/UBNA_001/20220921_090000.WAV,Telephone Field,recover-20220922,001,1795
229.0025,229.0431,68437,82914,Rhinolophus ferrumequinum,0.027,0.027,-1,Echolocation,/mnt/ubna_data_02_mir/recover-20220922/UBNA_001/20220921_090000.WAV,Telephone Field,recover-20220922,001,1795
229.0285,229.0668,68437,81921,Rhinolophus ferrumequinum,0.024,0.024,-1,Echolocation,/mnt/ubna_data_02_mir/recover-20220922/UBNA_001/20220921_090000.WAV,Telephone Field,recover-20220922,001,1795
229.0385,229.0504,22890,27425,Nyctalus leisleri,0.012,0.022,-1,Echolocation,/mnt/ubna_data_02_mir/recover-20220922/UBNA_001/20220921_090000.WAV,Telephone Field,recover-20220922,001,1795
229.0395,229.0772,68437,81731,Rhinolophus ferrumequinum,0.028,0.028,-1,Echolocation,/mnt/ubna_data_02_mir/recover-20220922/UBNA_001/20220921_090000.WAV,Telephone Field,recover-20220922,001,1795
229.0675,229.0808,24609,29750,Nyctalus leisleri,0.032,0.083,-1,Echolocation,/mnt/ubna_data_02_mir/recover-20220922/UBNA_001/20220921_090000.WAV,Telephone Field,recover-20220922,001,1795
229.0745,229.1134,68437,82640,Rhinolophus ferrumequinum,0.023,0.023,-1,Echolocation,/mnt/ubna_data_02_mir/recover-20220922/UBNA_001/20220921_090000.WAV,Telephone Field,recover-20220922,001,1795
229.1005,229.1382,68437,81906,Rhinolophus ferrumequinum,0.022,0.022,-1,Echolocation,/mnt/ubna_data_02_mir/recover-20220922/UBNA_001/20220921_090000.WAV,Telephone Field,recover-20220922,001,1795
229.1095,229.1495,68437,82403,Rhinolophus ferrumequinum,0.025,0.025,-1,Echolocation,/mnt/ubna_data_02_mir/recover-20220922/UBNA_001/20220921_090000.WAV,Telephone Field,recover-20220922,001,1795
229.1175,229.1253,24609,33939,Plecotus austriacus,0.008,0.028,-1,Echolocation,/mnt/ubna_data_02_mir/recover-20220922/UBNA_001/20220921_090000.WAV,Telephone Field,recover-20220922,001,1795
229.1325,229.1694,68437,81911,Rhinolophus ferrumequinum,0.022,0.022,-1,Echolocation,/mnt/ubna_data_02_mir/recover-20220922/UBNA_001/20220921_090000.WAV,Telephone Field,recover-20220922,001,1795
229.1495,229.1869,68437,81384,Rhinolophus ferrumequinum,0.024,0.024,-1,Echolocation,/mnt/ubna_data_02_mir/recover-20220922/UBNA_001/20220921_090000.WAV,Telephone Field,recover-20220922,001,1795
229.1645,229.2055,68437,82351,Rhinolophus ferrumequinum,0.025,0.025,-1,Echolocation,/mnt/ubna_data_02_mir/recover-20220922/UBNA_001/20220921_090000.WAV,Telephone Field,recover-20220922,001,1795
229.1765,229.2163,68437,81989,Rhinolophus ferrumequinum,0.022,0.022,-1,Echolocation,/mnt/ubna_data_02_mir/recover-20220922/UBNA_001/20220921_090000.WAV,Telephone Field,recover-20220922,001,1795
229.2055,229.2422,68437,82446,Rhinolophus ferrumequinum,0.022,0.022,-1,Echolocation,/mnt/ubna_data_02_mir/recover-20220922/UBNA_001/20220921_090000.WAV,Telephone Field,recover-20220922,001,1795
229.2255,229.2654,68437,83189,Rhinolophus ferrumequinum,0.038,0.038,-1,Echolocation,/mnt/ubna_data_02_mir/recover-20220922/UBNA_001/20220921_090000.WAV,Telephone Field,recover-20220922,001,1795
229.2455,229.2841,68437,82762,Rhinolophus ferrumequinum,0.023,0.023,-1,Echolocation,/mnt/ubna_data_02_mir/recover-20220922/UBNA_001/20220921_090000.WAV,Telephone Field,recover-20220922,001,1795
229.2515,229.2628,27187,34544,Eptesicus serotinus,0.012,0.025,-1,Echolocation,/mnt/ubna_data_02_mir/recover-20220922/UBNA_001/20220921_090000.WAV,Telephone Field,recover-20220922,001,1795
229.2535,229.2951,68437,82379,Rhinolophus ferrumequinum,0.023,0.023,-1,Echolocation,/mnt/ubna_data_02_mir/recover-20220922/UBNA_001/20220921_090000.WAV,Telephone Field,recover-20220922,001,1795
229.2615,229.299,68437,81905,Rhinolophus ferrumequinum,0.022,0.022,-1,Echolocation,/mnt/ubna_data_02_mir/recover-20220922/UBNA_001/20220921_090000.WAV,Telephone Field,recover-20220922,001,1795
229.2885,229.3265,68437,81716,Rhinolophus ferrumequinum,0.024,0.024,-1,Echolocation,/mnt/ubna_data_02_mir/recover-20220922/UBNA_001/20220921_090000.WAV,Telephone Field,recover-20220922,001,1795
229.2955,229.3363,68437,82495,Rhinolophus ferrumequinum,0.025,0.025,-1,Echolocation,/mnt/ubna_data_02_mir/recover-20220922/UBNA_001/20220921_090000.WAV,Telephone Field,recover-20220922,001,1795
229.3275,229.3676,68437,82850,Rhinolophus ferrumequinum,0.042,0.042,-1,Echolocation,/mnt/ubna_data_02_mir/recover-20220922/UBNA_001/20220921_090000.WAV,Telephone Field,recover-20220922,001,1795
229.3515,229.3899,68437,81841,Rhinolophus ferrumequinum,0.021,0.021,-1,Echolocation,/mnt/ubna_data_02_mir/recover-20220922/UBNA_001/20220921_090000.WAV,Telephone Field,recover-20220922,001,1795
229.3685,229.4115,68437,82878,Rhinolophus ferrumequinum,0.034,0.034,-1,Echolocation,/mnt/ubna_data_02_mir/recover-20220922/UBNA_001/20220921_090000.WAV,Telephone Field,recover-20220922,001,1795
229.3915,229.4022,25468,32222,Eptesicus serotinus,0.01,0.029,-1,Echolocation,/mnt/ubna_data_02_mir/recover-20220922/UBNA_001/20220921_090000.WAV,Telephone Field,recover-20220922,001,1795
229.3955,229.4267,68437,80990,Rhinolophus ferrumequinum,0.025,0.025,-1,Echolocation,/mnt/ubna_data_02_mir/recover-20220922/UBNA_001/20220921_090000.WAV,Telephone Field,recover-20220922,001,1795
229.44650000000001,229.4528,47812,51716,Pipistrellus pipistrellus,0.024,0.025,-1,Echolocation,/mnt/ubna_data_02_mir/recover-20220922/UBNA_001/20220921_090000.WAV,Telephone Field,recover-20220922,001,1795
229.4775,229.5186,68437,83223,Rhinolophus ferrumequinum,0.032,0.032,-1,Echolocation,/mnt/ubna_data_02_mir/recover-20220922/UBNA_001/20220921_090000.WAV,Telephone Field,recover-20220922,001,1795
229.4925,229.5272,68437,81066,Rhinolophus ferrumequinum,0.025,0.025,-1,Echolocation,/mnt/ubna_data_02_mir/recover-20220922/UBNA_001/20220921_090000.WAV,Telephone Field,recover-20220922,001,1795
229.5425,229.586,68437,82753,Rhinolophus ferrumequinum,0.031,0.031,-1,Echolocation,/mnt/ubna_data_02_mir/recover-20220922/UBNA_001/20220921_090000.WAV,Telephone Field,recover-20220922,001,1795
229.5755,229.6088,68437,80587,Rhinolophus ferrumequinum,0.026,0.026,-1,Echolocation,/mnt/ubna_data_02_mir/recover-20220922/UBNA_001/20220921_090000.WAV,Telephone Field,recover-20220922,001,1795
229.59550000000002,229.6323,68437,81994,Rhinolophus ferrumequinum,0.021,0.021,-1,Echolocation,/mnt/ubna_data_02_mir/recover-20220922/UBNA_001/20220921_090000.WAV,Telephone Field,recover-20220922,001,1795
229.6055,229.6443,68437,81888,Rhinolophus ferrumequinum,0.025,0.025,-1,Echolocation,/mnt/ubna_data_02_mir/recover-20220922/UBNA_001/20220921_090000.WAV,Telephone Field,recover-20220922,001,1795
229.64249999999998,229.6815,68437,82052,Rhinolophus ferrumequinum,0.023,0.023,-1,Echolocation,/mnt/ubna_data_02_mir/recover-20220922/UBNA_001/20220921_090000.WAV,Telephone Field,recover-20220922,001,1795
229.6485,229.6634,17734,22936,Nyctalus noctula,0.035,0.051,-1,Echolocation,/mnt/ubna_data_02_mir/recover-20220922/UBNA_001/20220921_090000.WAV,Telephone Field,recover-20220922,001,1795
229.6485,229.6548,36640,49484,Myotis daubentonii,0.007,0.022,-1,Echolocation,/mnt/ubna_data_02_mir/recover-20220922/UBNA_001/20220921_090000.WAV,Telephone Field,recover-20220922,001,1795
229.6505,229.6571,26328,42057,Myotis nattereri,0.007,0.031,-1,Echolocation,/mnt/ubna_data_02_mir/recover-20220922/UBNA_001/20220921_090000.WAV,Telephone Field,recover-20220922,001,1795
229.65449999999998,229.6925,68437,81941,Rhinolophus ferrumequinum,0.022,0.022,-1,Echolocation,/mnt/ubna_data_02_mir/recover-20220922/UBNA_001/20220921_090000.WAV,Telephone Field,recover-20220922,001,1795
229.6815,229.68959999999998,26328,39090,Eptesicus serotinus,0.008,0.024,-1,Echolocation,/mnt/ubna_data_02_mir/recover-20220922/UBNA_001/20220921_090000.WAV,Telephone Field,recover-20220922,001,1795
229.7065,229.7504,68437,83110,Rhinolophus ferrumequinum,0.056,0.056,-1,Echolocation,/mnt/ubna_data_02_mir/recover-20220922/UBNA_001/20220921_090000.WAV,Telephone Field,recover-20220922,001,1795
229.7245,229.7636,68437,82494,Rhinolophus ferrumequinum,0.022,0.022,-1,Echolocation,/mnt/ubna_data_02_mir/recover-20220922/UBNA_001/20220921_090000.WAV,Telephone Field,recover-20220922,001,1795
229.7375,229.7769,68437,82644,Rhinolophus ferrumequinum,0.024,0.024,-1,Echolocation,/mnt/ubna_data_02_mir/recover-20220922/UBNA_001/20220921_090000.WAV,Telephone Field,recover-20220922,001,1795
229.7695,229.7805,42656,45804,Pipistrellus pipistrellus,0.024,0.029,-1,Echolocation,/mnt/ubna_data_02_mir/recover-20220922/UBNA_001/20220921_090000.WAV,Telephone Field,recover-20220922,001,1795
229.7875,229.8255,68437,82509,Rhinolophus ferrumequinum,0.024,0.024,-1,Echolocation,/mnt/ubna_data_02_mir/recover-20220922/UBNA_001/20220921_090000.WAV,Telephone Field,recover-20220922,001,1795
229.8115,229.85320000000002,68437,82396,Rhinolophus ferrumequinum,0.033,0.033,-1,Echolocation,/mnt/ubna_data_02_mir/recover-20220922/UBNA_001/20220921_090000.WAV,Telephone Field,recover-20220922,001,1795
229.8325,229.8698,68437,82174,Rhinolophus ferrumequinum,0.024,0.024,-1,Echolocation,/mnt/ubna_data_02_mir/recover-20220922/UBNA_001/20220921_090000.WAV,Telephone Field,recover-20220922,001,1795
229.8415,229.8813,68437,82586,Rhinolophus ferrumequinum,0.027,0.027,-1,Echolocation,/mnt/ubna_data_02_mir/recover-20220922/UBNA_001/20220921_090000.WAV,Telephone Field,recover-20220922,001,1795
229.8485,229.8911,68437,82592,Rhinolophus ferrumequinum,0.025,0.025,-1,Echolocation,/mnt/ubna_data_02_mir/recover-20220922/UBNA_001/20220921_090000.WAV,Telephone Field,recover-20220922,001,1795
229.8795,229.9181,68437,82167,Rhinolophus ferrumequinum,0.023,0.023,-1,Echolocation,/mnt/ubna_data_02_mir/recover-20220922/UBNA_001/20220921_090000.WAV,Telephone Field,recover-20220922,001,1795
229.8815,229.8912,46953,50375,Pipistrellus pipistrellus,0.027,0.03,-1,Echolocation,/mnt/ubna_data_02_mir/recover-20220922/UBNA_001/20220921_090000.WAV,Telephone Field,recover-20220922,001,1795
229.9145,229.9582,68437,83433,Rhinolophus ferrumequinum,0.037,0.037,-1,Echolocation,/mnt/ubna_data_02_mir/recover-20220922/UBNA_001/20220921_090000.WAV,Telephone Field,recover-20220922,001,1795
229.9595,229.9988,68437,82425,Rhinolophus ferrumequinum,0.023,0.023,-1,Echolocation,/mnt/ubna_data_02_mir/recover-20220922/UBNA_001/20220921_090000.WAV,Telephone Field,recover-20220922,001,1795
229.9725,229.9803,27187,39561,Eptesicus serotinus,0.008,0.023,-1,Echolocation,/mnt/ubna_data_02_mir/recover-20220922/UBNA_001/20220921_090000.WAV,Telephone Field,recover-20220922,001,1795
230.0015,230.0399,68437,80020,Rhinolophus ferrumequinum,0.064,0.064,-1,Echolocation,/mnt/ubna_data_02_mir/recover-20220922/UBNA_001/20220921_090000.WAV,Telephone Field,recover-20220922,001,1795
230.0015,230.0116,47812,56177,Pipistrellus pipistrellus,0.02,0.027,-1,Echolocation,/mnt/ubna_data_02_mir/recover-20220922/UBNA_001/20220921_090000.WAV,Telephone Field,recover-20220922,001,1795
230.0015,230.0117,27187,36007,Nyctalus leisleri,0.013,0.041,-1,Echolocation,/mnt/ubna_data_02_mir/recover-20220922/UBNA_001/20220921_090000.WAV,Telephone Field,recover-20220922,001,1795
230.0075,230.0505,68437,83123,Rhinolophus ferrumequinum,0.032,0.033,-1,Echolocation,/mnt/ubna_data_02_mir/recover-20220922/UBNA_001/20220921_090000.WAV,Telephone Field,recover-20220922,001,1795
230.0095,230.0236,23750,29315,Nyctalus leisleri,0.015,0.034,-1,Echolocation,/mnt/ubna_data_02_mir/recover-20220922/UBNA_001/20220921_090000.WAV,Telephone Field,recover-20220922,001,1795
230.0385,230.0481,26328,35125,Eptesicus serotinus,0.011,0.023,-1,Echolocation,/mnt/ubna_data_02_mir/recover-20220922/UBNA_001/20220921_090000.WAV,Telephone Field,recover-20220922,001,1795
230.0485,230.0867,68437,82120,Rhinolophus ferrumequinum,0.022,0.022,-1,Echolocation,/mnt/ubna_data_02_mir/recover-20220922/UBNA_001/20220921_090000.WAV,Telephone Field,recover-20220922,001,1795
230.0775,230.1203,68437,82554,Rhinolophus ferrumequinum,0.025,0.025,-1,Echolocation,/mnt/ubna_data_02_mir/recover-20220922/UBNA_001/20220921_090000.WAV,Telephone Field,recover-20220922,001,1795
230.0875,230.12630000000001,68437,81231,Rhinolophus ferrumequinum,0.022,0.022,-1,Echolocation,/mnt/ubna_data_02_mir/recover-20220922/UBNA_001/20220921_090000.WAV,Telephone Field,recover-20220922,001,1795
230.1245,230.1347,24609,31786,Eptesicus serotinus,0.007,0.021,-1,Echolocation,/mnt/ubna_data_02_mir/recover-20220922/UBNA_001/20220921_090000.WAV,Telephone Field,recover-20220922,001,1795
230.1635,230.2019,68437,82766,Rhinolophus ferrumequinum,0.025,0.025,-1,Echolocation,/mnt/ubna_data_02_mir/recover-20220922/UBNA_001/20220921_090000.WAV,Telephone Field,recover-20220922,001,1795
230.1725,230.2139,68437,83505,Rhinolophus ferrumequinum,0.04,0.04,-1,Echolocation,/mnt/ubna_data_02_mir/recover-20220922/UBNA_001/20220921_090000.WAV,Telephone Field,recover-20220922,001,1795
230.1835,230.1937,22890,29004,Nyctalus leisleri,0.012,0.03,-1,Echolocation,/mnt/ubna_data_02_mir/recover-20220922/UBNA_001/20220921_090000.WAV,Telephone Field,recover-20220922,001,1795
230.1845,230.1919,37500,47401,Myotis daubentonii,0.006,0.022,-1,Echolocation,/mnt/ubna_data_02_mir/recover-20220922/UBNA_001/20220921_090000.WAV,Telephone Field,recover-20220922,001,1795
230.1945,230.2292,68437,81429,Rhinolophus ferrumequinum,0.022,0.022,-1,Echolocation,/mnt/ubna_data_02_mir/recover-20220922/UBNA_001/20220921_090000.WAV,Telephone Field,recover-20220922,001,1795
230.2135,230.2532,68437,82183,Rhinolophus ferrumequinum,0.032,0.032,-1,Echolocation,/mnt/ubna_data_02_mir/recover-20220922/UBNA_001/20220921_090000.WAV,Telephone Field,recover-20220922,001,1795
230.2315,230.2405,26328,36910,Eptesicus serotinus,0.008,0.022,-1,Echolocation,/mnt/ubna_data_02_mir/recover-20220922/UBNA_001/20220921_090000.WAV,Telephone Field,recover-20220922,001,1795
230.2525,230.29410000000001,68437,83168,Rhinolophus ferrumequinum,0.039,0.039,-1,Echolocation,/mnt/ubna_data_02_mir/recover-20220922/UBNA_001/20220921_090000.WAV,Telephone Field,recover-20220922,001,1795
230.2765,230.2922,22031,26004,Nyctalus leisleri,0.061,0.129,-1,Echolocation,/mnt/ubna_data_02_mir/recover-20220922/UBNA_001/20220921_090000.WAV,Telephone Field,recover-20220922,001,1795
230.29149999999998,230.3332,68437,83175,Rhinolophus ferrumequinum,0.032,0.032,-1,Echolocation,/mnt/ubna_data_02_mir/recover-20220922/UBNA_001/20220921_090000.WAV,Telephone Field,recover-20220922,001,1795
230.3195,230.3563,68437,81930,Rhinolophus ferrumequinum,0.025,0.025,-1,Echolocation,/mnt/ubna_data_02_mir/recover-20220922/UBNA_001/20220921_090000.WAV,Telephone Field,recover-20220922,001,1795
230.3275,230.3368,23750,30595,Nyctalus leisleri,0.007,0.022,-1,Echolocation,/mnt/ubna_data_02_mir/recover-20220922/UBNA_001/20220921_090000.WAV,Telephone Field,recover-20220922,001,1795
230.3735,230.4086,68437,81782,Rhinolophus ferrumequinum,0.023,0.023,-1,Echolocation,/mnt/ubna_data_02_mir/recover-20220922/UBNA_001/20220921_090000.WAV,Telephone Field,recover-20220922,001,1795
230.40449999999998,230.4406,68437,81374,Rhinolophus ferrumequinum,0.023,0.023,-1,Echolocation,/mnt/ubna_data_02_mir/recover-20220922/UBNA_001/20220921_090000.WAV,Telephone Field,recover-20220922,001,1795
230.4295,230.4702,68437,82543,Rhinolophus ferrumequinum,0.023,0.023,-1,Echolocation,/mnt/ubna_data_02_mir/recover-20220922/UBNA_001/20220921_090000.WAV,Telephone Field,recover-20220922,001,1795
230.4385,230.4769,68437,82471,Rhinolophus ferrumequinum,0.024,0.024,-1,Echolocation,/mnt/ubna_data_02_mir/recover-20220922/UBNA_001/20220921_090000.WAV,Telephone Field,recover-20220922,001,1795
230.4655,230.4725,49531,53640,Pipistrellus pipistrellus,0.023,0.025,-1,Echolocation,/mnt/ubna_data_02_mir/recover-20220922/UBNA_001/20220921_090000.WAV,Telephone Field,recover-20220922,001,1795
230.4765,230.5164,68437,82398,Rhinolophus ferrumequinum,0.022,0.022,-1,Echolocation,/mnt/ubna_data_02_mir/recover-20220922/UBNA_001/20220921_090000.WAV,Telephone Field,recover-20220922,001,1795
230.4915,230.5078,34921,38674,Pipistrellus nathusii,0.019,0.04,-1,Echolocation,/mnt/ubna_data_02_mir/recover-20220922/UBNA_001/20220921_090000.WAV,Telephone Field,recover-20220922,001,1795
230.4925,230.5327,68437,82374,Rhinolophus ferrumequinum,0.026,0.026,-1,Echolocation,/mnt/ubna_data_02_mir/recover-20220922/UBNA_001/20220921_090000.WAV,Telephone Field,recover-20220922,001,1795
230.5065,230.5435,68437,82289,Rhinolophus ferrumequinum,0.022,0.022,-1,Echolocation,/mnt/ubna_data_02_mir/recover-20220922/UBNA_001/20220921_090000.WAV,Telephone Field,recover-20220922,001,1795
230.5165,230.555,68437,81814,Rhinolophus ferrumequinum,0.024,0.024,-1,Echolocation,/mnt/ubna_data_02_mir/recover-20220922/UBNA_001/20220921_090000.WAV,Telephone Field,recover-20220922,001,1795
230.5425,230.57999999999998,68437,81410,Rhinolophus ferrumequinum,0.023,0.023,-1,Echolocation,/mnt/ubna_data_02_mir/recover-20220922/UBNA_001/20220921_090000.WAV,Telephone Field,recover-20220922,001,1795
230.5485,230.5557,27187,37971,Eptesicus serotinus,0.006,0.023,-1,Echolocation,/mnt/ubna_data_02_mir/recover-20220922/UBNA_001/20220921_090000.WAV,Telephone Field,recover-20220922,001,1795
230.5505,230.562,22031,27491,Nyctalus leisleri,0.012,0.026,-1,Echolocation,/mnt/ubna_data_02_mir/recover-20220922/UBNA_001/20220921_090000.WAV,Telephone Field,recover-20220922,001,1795
230.6345,230.6692,68437,81185,Rhinolophus ferrumequinum,0.022,0.022,-1,Echolocation,/mnt/ubna_data_02_mir/recover-20220922/UBNA_001/20220921_090000.WAV,Telephone Field,recover-20220922,001,1795
230.7095,230.7475,68437,81918,Rhinolophus ferrumequinum,0.025,0.025,-1,Echolocation,/mnt/ubna_data_02_mir/recover-20220922/UBNA_001/20220921_090000.WAV,Telephone Field,recover-20220922,001,1795
230.72050000000002,230.7602,68437,82646,Rhinolophus ferrumequinum,0.028,0.028,-1,Echolocation,/mnt/ubna_data_02_mir/recover-20220922/UBNA_001/20220921_090000.WAV,Telephone Field,recover-20220922,001,1795
230.7565,230.7651,28046,38746,Eptesicus serotinus,0.007,0.024,-1,Echolocation,/mnt/ubna_data_02_mir/recover-20220922/UBNA_001/20220921_090000.WAV,Telephone Field,recover-20220922,001,1795
230.7605,230.76760000000002,13437,27631,Plecotus auritus,0.019,0.023,-1,Echolocation,/mnt/ubna_data_02_mir/recover-20220922/UBNA_001/20220921_090000.WAV,Telephone Field,recover-20220922,001,1795
230.7835,230.81889999999999,68437,81321,Rhinolophus ferrumequinum,0.022,0.022,-1,Echolocation,/mnt/ubna_data_02_mir/recover-20220922/UBNA_001/20220921_090000.WAV,Telephone Field,recover-20220922,001,1795
230.79149999999998,230.79840000000002,24609,34557,Plecotus austriacus,0.008,0.024,-1,Echolocation,/mnt/ubna_data_02_mir/recover-20220922/UBNA_001/20220921_090000.WAV,Telephone Field,recover-20220922,001,1795
230.8075,230.8442,68437,81631,Rhinolophus ferrumequinum,0.022,0.022,-1,Echolocation,/mnt/ubna_data_02_mir/recover-20220922/UBNA_001/20220921_090000.WAV,Telephone Field,recover-20220922,001,1795
230.8195,230.8598,68437,82777,Rhinolophus ferrumequinum,0.025,0.025,-1,Echolocation,/mnt/ubna_data_02_mir/recover-20220922/UBNA_001/20220921_090000.WAV,Telephone Field,recover-20220922,001,1795
230.8385,230.8475,27187,34735,Eptesicus serotinus,0.013,0.03,-1,Echolocation,/mnt/ubna_data_02_mir/recover-20220922/UBNA_001/20220921_090000.WAV,Telephone Field,recover-20220922,001,1795
230.8435,230.8789,68437,81453,Rhinolophus ferrumequinum,0.025,0.025,-1,Echolocation,/mnt/ubna_data_02_mir/recover-20220922/UBNA_001/20220921_090000.WAV,Telephone Field,recover-20220922,001,1795
230.8625,230.8713,27187,36840,Eptesicus serotinus,0.01,0.024,-1,Echolocation,/mnt/ubna_data_02_mir/recover-20220922/UBNA_001/20220921_090000.WAV,Telephone Field,recover-20220922,001,1795
230.8725,230.8821,27187,35152,Eptesicus serotinus,0.01,0.022,-1,Echolocation,/mnt/ubna_data_02_mir/recover-20220922/UBNA_001/20220921_090000.WAV,Telephone Field,recover-20220922,001,1795
230.8845,230.9217,68437,81484,Rhinolophus ferrumequinum,0.022,0.022,-1,Echolocation,/mnt/ubna_data_02_mir/recover-20220922/UBNA_001/20220921_090000.WAV,Telephone Field,recover-20220922,001,1795
230.8915,230.9016,28046,35810,Eptesicus serotinus,0.01,0.022,-1,Echolocation,/mnt/ubna_data_02_mir/recover-20220922/UBNA_001/20220921_090000.WAV,Telephone Field,recover-20220922,001,1795
230.9185,230.9591,68437,82341,Rhinolophus ferrumequinum,0.022,0.022,-1,Echolocation,/mnt/ubna_data_02_mir/recover-20220922/UBNA_001/20220921_090000.WAV,Telephone Field,recover-20220922,001,1795
230.9645,230.97050000000002,28046,44262,Eptesicus serotinus,0.005,0.025,-1,Echolocation,/mnt/ubna_data_02_mir/recover-20220922/UBNA_001/20220921_090000.WAV,Telephone Field,recover-20220922,001,1795
230.9745,231.0089,68437,81517,Rhinolophus ferrumequinum,0.022,0.022,-1,Echolocation,/mnt/ubna_data_02_mir/recover-20220922/UBNA_001/20220921_090000.WAV,Telephone Field,recover-20220922,001,1795
230.9875,231.0236,68437,81396,Rhinolophus ferrumequinum,0.022,0.022,-1,Echolocation,/mnt/ubna_data_02_mir/recover-20220922/UBNA_001/20220921_090000.WAV,Telephone Field,recover-20220922,001,1795
231.0035,231.0413,68437,82027,Rhinolophus ferrumequinum,0.023,0.023,-1,Echolocation,/mnt/ubna_data_02_mir/recover-20220922/UBNA_001/20220921_090000.WAV,Telephone Field,recover-20220922,001,1795
231.0145,231.0511,68437,81218,Rhinolophus ferrumequinum,0.022,0.022,-1,Echolocation,/mnt/ubna_data_02_mir/recover-20220922/UBNA_001/20220921_090000.WAV,Telephone Field,recover-20220922,001,1795
231.0325,231.0748,68437,83034,Rhinolophus ferrumequinum,0.032,0.032,-1,Echolocation,/mnt/ubna_data_02_mir/recover-20220922/UBNA_001/20220921_090000.WAV,Telephone Field,recover-20220922,001,1795
231.0455,231.0851,68437,82190,Rhinolophus ferrumequinum,0.021,0.021,-1,Echolocation,/mnt/ubna_data_02_mir/recover-20220922/UBNA_001/20220921_090000.WAV,Telephone Field,recover-20220922,001,1795
231.0725,231.0853,25468,30532,Nyctalus leisleri,0.012,0.027,-1,Echolocation,/mnt/ubna_data_02_mir/recover-20220922/UBNA_001/20220921_090000.WAV,Telephone Field,recover-20220922,001,1795
231.0795,231.089,28046,36154,Eptesicus serotinus,0.009,0.025,-1,Echolocation,/mnt/ubna_data_02_mir/recover-20220922/UBNA_001/20220921_090000.WAV,Telephone Field,recover-20220922,001,1795
231.0985,231.1067,28046,39641,Eptesicus serotinus,0.008,0.022,-1,Echolocation,/mnt/ubna_data_02_mir/recover-20220922/UBNA_001/20220921_090000.WAV,Telephone Field,recover-20220922,001,1795
231.1345,231.1435,28046,37840,Eptesicus serotinus,0.012,0.029,-1,Echolocation,/mnt/ubna_data_02_mir/recover-20220922/UBNA_001/20220921_090000.WAV,Telephone Field,recover-20220922,001,1795
231.1695,231.2075,68437,82544,Rhinolophus ferrumequinum,0.022,0.022,-1,Echolocation,/mnt/ubna_data_02_mir/recover-20220922/UBNA_001/20220921_090000.WAV,Telephone Field,recover-20220922,001,1795
231.1775,231.2192,68437,82913,Rhinolophus ferrumequinum,0.025,0.025,-1,Echolocation,/mnt/ubna_data_02_mir/recover-20220922/UBNA_001/20220921_090000.WAV,Telephone Field,recover-20220922,001,1795
231.1895,231.2021,33203,38690,Eptesicus serotinus,0.006,0.023,-1,Echolocation,/mnt/ubna_data_02_mir/recover-20220922/UBNA_001/20220921_090000.WAV,Telephone Field,recover-20220922,001,1795
231.3595,231.40030000000002,68437,82326,Rhinolophus ferrumequinum,0.022,0.022,-1,Echolocation,/mnt/ubna_data_02_mir/recover-20220922/UBNA_001/20220921_090000.WAV,Telephone Field,recover-20220922,001,1795
231.3655,231.3725,28906,38472,Eptesicus serotinus,0.009,0.028,-1,Echolocation,/mnt/ubna_data_02_mir/recover-20220922/UBNA_001/20220921_090000.WAV,Telephone Field,recover-20220922,001,1795
231.4155,231.4256,22031,27127,Nyctalus leisleri,0.009,0.021,-1,Echolocation,/mnt/ubna_data_02_mir/recover-20220922/UBNA_001/20220921_090000.WAV,Telephone Field,recover-20220922,001,1795
231.4205,231.4574,68437,81816,Rhinolophus ferrumequinum,0.024,0.024,-1,Echolocation,/mnt/ubna_data_02_mir/recover-20220922/UBNA_001/20220921_090000.WAV,Telephone Field,recover-20220922,001,1795
231.4265,231.464,68437,82108,Rhinolophus ferrumequinum,0.023,0.023,-1,Echolocation,/mnt/ubna_data_02_mir/recover-20220922/UBNA_001/20220921_090000.WAV,Telephone Field,recover-20220922,001,1795
231.44650000000001,231.4812,68437,81012,Rhinolophus ferrumequinum,0.028,0.028,-1,Echolocation,/mnt/ubna_data_02_mir/recover-20220922/UBNA_001/20220921_090000.WAV,Telephone Field,recover-20220922,001,1795
231.4605,231.5012,68437,82629,Rhinolophus ferrumequinum,0.023,0.023,-1,Echolocation,/mnt/ubna_data_02_mir/recover-20220922/UBNA_001/20220921_090000.WAV,Telephone Field,recover-20220922,001,1795
231.4785,231.488,28906,38505,Eptesicus serotinus,0.008,0.022,-1,Echolocation,/mnt/ubna_data_02_mir/recover-20220922/UBNA_001/20220921_090000.WAV,Telephone Field,recover-20220922,001,1795
231.48250000000002,231.5238,68437,82676,Rhinolophus ferrumequinum,0.023,0.023,-1,Echolocation,/mnt/ubna_data_02_mir/recover-20220922/UBNA_001/20220921_090000.WAV,Telephone Field,recover-20220922,001,1795
231.5025,231.5207,20312,24224,Nyctalus leisleri,0.014,0.032,-1,Echolocation,/mnt/ubna_data_02_mir/recover-20220922/UBNA_001/20220921_090000.WAV,Telephone Field,recover-20220922,001,1795
231.5045,231.5149,28906,36026,Eptesicus serotinus,0.009,0.022,-1,Echolocation,/mnt/ubna_data_02_mir/recover-20220922/UBNA_001/20220921_090000.WAV,Telephone Field,recover-20220922,001,1795
231.5135,231.5537,68437,82786,Rhinolophus ferrumequinum,0.024,0.024,-1,Echolocation,/mnt/ubna_data_02_mir/recover-20220922/UBNA_001/20220921_090000.WAV,Telephone Field,recover-20220922,001,1795
231.5365,231.5725,68437,81411,Rhinolophus ferrumequinum,0.022,0.022,-1,Echolocation,/mnt/ubna_data_02_mir/recover-20220922/UBNA_001/20220921_090000.WAV,Telephone Field,recover-20220922,001,1795
231.5425,231.5524,28906,37047,Eptesicus serotinus,0.009,0.023,-1,Echolocation,/mnt/ubna_data_02_mir/recover-20220922/UBNA_001/20220921_090000.WAV,Telephone Field,recover-20220922,001,1795
231.5575,231.5988,68437,82566,Rhinolophus ferrumequinum,0.033,0.033,-1,Echolocation,/mnt/ubna_data_02_mir/recover-20220922/UBNA_001/20220921_090000.WAV,Telephone Field,recover-20220922,001,1795
231.5745,231.5848,28906,36306,Eptesicus serotinus,0.009,0.022,-1,Echolocation,/mnt/ubna_data_02_mir/recover-20220922/UBNA_001/20220921_090000.WAV,Telephone Field,recover-20220922,001,1795
231.5925,231.6315,68437,81913,Rhinolophus ferrumequinum,0.024,0.024,-1,Echolocation,/mnt/ubna_data_02_mir/recover-20220922/UBNA_001/20220921_090000.WAV,Telephone Field,recover-20220922,001,1795
231.6135,231.6208,27187,40944,Eptesicus serotinus,0.007,0.023,-1,Echolocation,/mnt/ubna_data_02_mir/recover-20220922/UBNA_001/20220921_090000.WAV,Telephone Field,recover-20220922,001,1795
231.6275,231.6672,68437,82403,Rhinolophus ferrumequinum,0.022,0.022,-1,Echolocation,/mnt/ubna_data_02_mir/recover-20220922/UBNA_001/20220921_090000.WAV,Telephone Field,recover-20220922,001,1795
231.6365,231.6764,68437,82325,Rhinolophus ferrumequinum,0.022,0.022,-1,Echolocation,/mnt/ubna_data_02_mir/recover-20220922/UBNA_001/20220921_090000.WAV,Telephone Field,recover-20220922,001,1795
231.64249999999998,231.6805,68437,81968,Rhinolophus ferrumequinum,0.021,0.021,-1,Echolocation,/mnt/ubna_data_02_mir/recover-20220922/UBNA_001/20220921_090000.WAV,Telephone Field,recover-20220922,001,1795
231.6635,231.7048,68437,82576,Rhinolophus ferrumequinum,0.025,0.025,-1,Echolocation,/mnt/ubna_data_02_mir/recover-20220922/UBNA_001/20220921_090000.WAV,Telephone Field,recover-20220922,001,1795
231.6825,231.7236,68437,82681,Rhinolophus ferrumequinum,0.024,0.024,-1,Echolocation,/mnt/ubna_data_02_mir/recover-20220922/UBNA_001/20220921_090000.WAV,Telephone Field,recover-20220922,001,1795
231.7175,231.7542,68437,82210,Rhinolophus ferrumequinum,0.027,0.027,-1,Echolocation,/mnt/ubna_data_02_mir/recover-20220922/UBNA_001/20220921_090000.WAV,Telephone Field,recover-20220922,001,1795
231.7305,231.7702,68437,82251,Rhinolophus ferrumequinum,0.022,0.022,-1,Echolocation,/mnt/ubna_data_02_mir/recover-20220922/UBNA_001/20220921_090000.WAV,Telephone Field,recover-20220922,001,1795
231.7315,231.7439,23750,28951,Nyctalus leisleri,0.016,0.032,-1,Echolocation,/mnt/ubna_data_02_mir/recover-20220922/UBNA_001/20220921_090000.WAV,Telephone Field,recover-20220922,001,1795
231.7405,231.7765,68437,82240,Rhinolophus ferrumequinum,0.022,0.022,-1,Echolocation,/mnt/ubna_data_02_mir/recover-20220922/UBNA_001/20220921_090000.WAV,Telephone Field,recover-20220922,001,1795
231.7445,231.752,28046,37332,Eptesicus serotinus,0.01,0.028,-1,Echolocation,/mnt/ubna_data_02_mir/recover-20220922/UBNA_001/20220921_090000.WAV,Telephone Field,recover-20220922,001,1795
231.7935,231.8316,68437,82172,Rhinolophus ferrumequinum,0.025,0.025,-1,Echolocation,/mnt/ubna_data_02_mir/recover-20220922/UBNA_001/20220921_090000.WAV,Telephone Field,recover-20220922,001,1795
231.8195,231.858,68437,81987,Rhinolophus ferrumequinum,0.023,0.023,-1,Echolocation,/mnt/ubna_data_02_mir/recover-20220922/UBNA_001/20220921_090000.WAV,Telephone Field,recover-20220922,001,1795
231.8245,231.8338,14296,21904,Nyctalus noctula,0.015,0.029,-1,Echolocation,/mnt/ubna_data_02_mir/recover-20220922/UBNA_001/20220921_090000.WAV,Telephone Field,recover-20220922,001,1795
231.8495,231.8877,68437,81729,Rhinolophus ferrumequinum,0.022,0.022,-1,Echolocation,/mnt/ubna_data_02_mir/recover-20220922/UBNA_001/20220921_090000.WAV,Telephone Field,recover-20220922,001,1795
231.8815,231.89339999999999,22890,27280,Nyctalus leisleri,0.014,0.024,-1,Echolocation,/mnt/ubna_data_02_mir/recover-20220922/UBNA_001/20220921_090000.WAV,Telephone Field,recover-20220922,001,1795
231.9175,231.9557,68437,82477,Rhinolophus ferrumequinum,0.022,0.022,-1,Echolocation,/mnt/ubna_data_02_mir/recover-20220922/UBNA_001/20220921_090000.WAV,Telephone Field,recover-20220922,001,1795
231.95850000000002,231.96699999999998,28046,38799,Eptesicus serotinus,0.008,0.022,-1,Echolocation,/mnt/ubna_data_02_mir/recover-20220922/UBNA_001/20220921_090000.WAV,Telephone Field,recover-20220922,001,1795
231.9875,231.9989,22890,29018,Nyctalus leisleri,0.009,0.022,-1,Echolocation,/mnt/ubna_data_02_mir/recover-20220922/UBNA_001/20220921_090000.WAV,Telephone Field,recover-20220922,001,1795
232.0015,232.0104,23750,31524,Nyctalus leisleri,0.01,0.026,-1,Echolocation,/mnt/ubna_data_02_mir/recover-20220922/UBNA_001/20220921_090000.WAV,Telephone Field,recover-20220922,001,1795
232.02949999999998,232.0672,68437,81953,Rhinolophus ferrumequinum,0.022,0.022,-1,Echolocation,/mnt/ubna_data_02_mir/recover-20220922/UBNA_001/20220921_090000.WAV,Telephone Field,recover-20220922,001,1795
232.0495,232.0897,68437,82251,Rhinolophus ferrumequinum,0.024,0.024,-1,Echolocation,/mnt/ubna_data_02_mir/recover-20220922/UBNA_001/20220921_090000.WAV,Telephone Field,recover-20220922,001,1795
232.0725,232.1127,68437,82430,Rhinolophus ferrumequinum,0.023,0.023,-1,Echolocation,/mnt/ubna_data_02_mir/recover-20220922/UBNA_001/20220921_090000.WAV,Telephone Field,recover-20220922,001,1795
232.0765,232.086,23750,30868,Nyctalus leisleri,0.007,0.023,-1,Echolocation,/mnt/ubna_data_02_mir/recover-20220922/UBNA_001/20220921_090000.WAV,Telephone Field,recover-20220922,001,1795
232.0795,232.0884,28906,38400,Eptesicus serotinus,0.008,0.023,-1,Echolocation,/mnt/ubna_data_02_mir/recover-20220922/UBNA_001/20220921_090000.WAV,Telephone Field,recover-20220922,001,1795
232.0885,232.1238,68437,81370,Rhinolophus ferrumequinum,0.023,0.023,-1,Echolocation,/mnt/ubna_data_02_mir/recover-20220922/UBNA_001/20220921_090000.WAV,Telephone Field,recover-20220922,001,1795
232.10750000000002,232.154,68437,83684,Rhinolophus ferrumequinum,0.059,0.059,-1,Echolocation,/mnt/ubna_data_02_mir/recover-20220922/UBNA_001/20220921_090000.WAV,Telephone Field,recover-20220922,001,1795
232.1185,232.1355,20312,22795,Nyctalus leisleri,0.014,0.022,-1,Echolocation,/mnt/ubna_data_02_mir/recover-20220922/UBNA_001/20220921_090000.WAV,Telephone Field,recover-20220922,001,1795
232.1415,232.1784,68437,81866,Rhinolophus ferrumequinum,0.024,0.024,-1,Echolocation,/mnt/ubna_data_02_mir/recover-20220922/UBNA_001/20220921_090000.WAV,Telephone Field,recover-20220922,001,1795
232.1745,232.2151,68437,82950,Rhinolophus ferrumequinum,0.028,0.028,-1,Echolocation,/mnt/ubna_data_02_mir/recover-20220922/UBNA_001/20220921_090000.WAV,Telephone Field,recover-20220922,001,1795
232.2225,232.26069999999999,68437,82022,Rhinolophus ferrumequinum,0.023,0.023,-1,Echolocation,/mnt/ubna_data_02_mir/recover-20220922/UBNA_001/20220921_090000.WAV,Telephone Field,recover-20220922,001,1795
232.2715,232.2822,14296,22868,Nyctalus noctula,0.011,0.022,-1,Echolocation,/mnt/ubna_data_02_mir/recover-20220922/UBNA_001/20220921_090000.WAV,Telephone Field,recover-20220922,001,1795
232.2715,232.2858,37500,40892,Pipistrellus nathusii,0.011,0.022,-1,Echolocation,/mnt/ubna_data_02_mir/recover-20220922/UBNA_001/20220921_090000.WAV,Telephone Field,recover-20220922,001,1795
232.2755,232.2857,22890,28962,Nyctalus leisleri,0.009,0.022,-1,Echolocation,/mnt/ubna_data_02_mir/recover-20220922/UBNA_001/20220921_090000.WAV,Telephone Field,recover-20220922,001,1795
232.2985,232.3073,28046,39708,Eptesicus serotinus,0.008,0.023,-1,Echolocation,/mnt/ubna_data_02_mir/recover-20220922/UBNA_001/20220921_090000.WAV,Telephone Field,recover-20220922,001,1795
232.32150000000001,232.3612,68437,82480,Rhinolophus ferrumequinum,0.024,0.024,-1,Echolocation,/mnt/ubna_data_02_mir/recover-20220922/UBNA_001/20220921_090000.WAV,Telephone Field,recover-20220922,001,1795
232.3285,232.36939999999998,68437,82665,Rhinolophus ferrumequinum,0.025,0.025,-1,Echolocation,/mnt/ubna_data_02_mir/recover-20220922/UBNA_001/20220921_090000.WAV,Telephone Field,recover-20220922,001,1795
232.3295,232.3388,15156,24010,Nyctalus noctula,0.01,0.023,-1,Echolocation,/mnt/ubna_data_02_mir/recover-20220922/UBNA_001/20220921_090000.WAV,Telephone Field,recover-20220922,001,1795
232.3625,232.3727,27187,36254,Eptesicus serotinus,0.011,0.024,-1,Echolocation,/mnt/ubna_data_02_mir/recover-20220922/UBNA_001/20220921_090000.WAV,Telephone Field,recover-20220922,001,1795
232.3845,232.4001,58984,64685,Pipistrellus pygmaeus,0.025,0.025,-1,Echolocation,/mnt/ubna_data_02_mir/recover-20220922/UBNA_001/20220921_090000.WAV,Telephone Field,recover-20220922,001,1795
232.3945,232.4026,28906,40552,Eptesicus serotinus,0.009,0.024,-1,Echolocation,/mnt/ubna_data_02_mir/recover-20220922/UBNA_001/20220921_090000.WAV,Telephone Field,recover-20220922,001,1795
232.4015,232.4405,68437,82112,Rhinolophus ferrumequinum,0.023,0.023,-1,Echolocation,/mnt/ubna_data_02_mir/recover-20220922/UBNA_001/20220921_090000.WAV,Telephone Field,recover-20220922,001,1795
232.4395,232.452,24609,29722,Nyctalus leisleri,0.014,0.031,-1,Echolocation,/mnt/ubna_data_02_mir/recover-20220922/UBNA_001/20220921_090000.WAV,Telephone Field,recover-20220922,001,1795
232.4475,232.4858,68437,82316,Rhinolophus ferrumequinum,0.024,0.024,-1,Echolocation,/mnt/ubna_data_02_mir/recover-20220922/UBNA_001/20220921_090000.WAV,Telephone Field,recover-20220922,001,1795
232.4495,232.4605,24609,30698,Nyctalus leisleri,0.009,0.024,-1,Echolocation,/mnt/ubna_data_02_mir/recover-20220922/UBNA_001/20220921_090000.WAV,Telephone Field,recover-20220922,001,1795
232.4725,232.5134,68437,82426,Rhinolophus ferrumequinum,0.028,0.028,-1,Echolocation,/mnt/ubna_data_02_mir/recover-20220922/UBNA_001/20220921_090000.WAV,Telephone Field,recover-20220922,001,1795
232.5165,232.5292,24609,30437,Nyctalus leisleri,0.012,0.027,-1,Echolocation,/mnt/ubna_data_02_mir/recover-20220922/UBNA_001/20220921_090000.WAV,Telephone Field,recover-20220922,001,1795
232.5245,232.5635,68437,82409,Rhinolophus ferrumequinum,0.024,0.024,-1,Echolocation,/mnt/ubna_data_02_mir/recover-20220922/UBNA_001/20220921_090000.WAV,Telephone Field,recover-20220922,001,1795
232.5245,232.5351,48671,53311,Pipistrellus pipistrellus,0.02,0.024,-1,Echolocation,/mnt/ubna_data_02_mir/recover-20220922/UBNA_001/20220921_090000.WAV,Telephone Field,recover-20220922,001,1795
232.5345,232.5753,68437,82076,Rhinolophus ferrumequinum,0.022,0.022,-1,Echolocation,/mnt/ubna_data_02_mir/recover-20220922/UBNA_001/20220921_090000.WAV,Telephone Field,recover-20220922,001,1795
232.5505,232.5911,68437,82465,Rhinolophus ferrumequinum,0.023,0.023,-1,Echolocation,/mnt/ubna_data_02_mir/recover-20220922/UBNA_001/20220921_090000.WAV,Telephone Field,recover-20220922,001,1795
232.5745,232.6133,68437,81059,Rhinolophus ferrumequinum,0.022,0.022,-1,Echolocation,/mnt/ubna_data_02_mir/recover-20220922/UBNA_001/20220921_090000.WAV,Telephone Field,recover-20220922,001,1795
232.6055,232.6452,68437,82012,Rhinolophus ferrumequinum,0.022,0.022,-1,Echolocation,/mnt/ubna_data_02_mir/recover-20220922/UBNA_001/20220921_090000.WAV,Telephone Field,recover-20220922,001,1795
232.6225,232.6307,28046,39426,Eptesicus serotinus,0.008,0.022,-1,Echolocation,/mnt/ubna_data_02_mir/recover-20220922/UBNA_001/20220921_090000.WAV,Telephone Field,recover-20220922,001,1795
232.6375,232.6759,68437,82320,Rhinolophus ferrumequinum,0.022,0.022,-1,Echolocation,/mnt/ubna_data_02_mir/recover-20220922/UBNA_001/20220921_090000.WAV,Telephone Field,recover-20220922,001,1795
232.7175,232.7595,68437,83207,Rhinolophus ferrumequinum,0.027,0.027,-1,Echolocation,/mnt/ubna_data_02_mir/recover-20220922/UBNA_001/20220921_090000.WAV,Telephone Field,recover-20220922,001,1795
232.7485,232.785,68437,81466,Rhinolophus ferrumequinum,0.022,0.022,-1,Echolocation,/mnt/ubna_data_02_mir/recover-20220922/UBNA_001/20220921_090000.WAV,Telephone Field,recover-20220922,001,1795
232.7615,232.80689999999998,68437,83193,Rhinolophus ferrumequinum,0.054,0.054,-1,Echolocation,/mnt/ubna_data_02_mir/recover-20220922/UBNA_001/20220921_090000.WAV,Telephone Field,recover-20220922,001,1795
232.7665,232.7778,23750,29017,Nyctalus leisleri,0.017,0.034,-1,Echolocation,/mnt/ubna_data_02_mir/recover-20220922/UBNA_001/20220921_090000.WAV,Telephone Field,recover-20220922,001,1795
232.7785,232.8163,68437,82532,Rhinolophus ferrumequinum,0.024,0.024,-1,Echolocation,/mnt/ubna_data_02_mir/recover-20220922/UBNA_001/20220921_090000.WAV,Telephone Field,recover-20220922,001,1795
232.8315,232.8426,28906,35386,Eptesicus serotinus,0.01,0.022,-1,Echolocation,/mnt/ubna_data_02_mir/recover-20220922/UBNA_001/20220921_090000.WAV,Telephone Field,recover-20220922,001,1795
232.8405,232.8766,68437,81052,Rhinolophus ferrumequinum,0.026,0.026,-1,Echolocation,/mnt/ubna_data_02_mir/recover-20220922/UBNA_001/20220921_090000.WAV,Telephone Field,recover-20220922,001,1795
232.8535,232.8935,68437,82474,Rhinolophus ferrumequinum,0.026,0.026,-1,Echolocation,/mnt/ubna_data_02_mir/recover-20220922/UBNA_001/20220921_090000.WAV,Telephone Field,recover-20220922,001,1795
232.8775,232.9158,68437,82636,Rhinolophus ferrumequinum,0.023,0.023,-1,Echolocation,/mnt/ubna_data_02_mir/recover-20220922/UBNA_001/20220921_090000.WAV,Telephone Field,recover-20220922,001,1795
232.9315,232.9676,68437,81442,Rhinolophus ferrumequinum,0.022,0.022,-1,Echolocation,/mnt/ubna_data_02_mir/recover-20220922/UBNA_001/20220921_090000.WAV,Telephone Field,recover-20220922,001,1795
232.9315,232.9424,38359,43975,Pipistrellus nathusii,0.014,0.023,-1,Echolocation,/mnt/ubna_data_02_mir/recover-20220922/UBNA_001/20220921_090000.WAV,Telephone Field,recover-20220922,001,1795
232.9405,232.9775,68437,81962,Rhinolophus ferrumequinum,0.023,0.023,-1,Echolocation,/mnt/ubna_data_02_mir/recover-20220922/UBNA_001/20220921_090000.WAV,Telephone Field,recover-20220922,001,1795
233.0135,233.0505,68437,81490,Rhinolophus ferrumequinum,0.024,0.024,-1,Echolocation,/mnt/ubna_data_02_mir/recover-20220922/UBNA_001/20220921_090000.WAV,Telephone Field,recover-20220922,001,1795
233.0225,233.06040000000002,68437,81394,Rhinolophus ferrumequinum,0.025,0.025,-1,Echolocation,/mnt/ubna_data_02_mir/recover-20220922/UBNA_001/20220921_090000.WAV,Telephone Field,recover-20220922,001,1795
233.0315,233.0748,68437,82524,Rhinolophus ferrumequinum,0.028,0.028,-1,Echolocation,/mnt/ubna_data_02_mir/recover-20220922/UBNA_001/20220921_090000.WAV,Telephone Field,recover-20220922,001,1795
233.0445,233.0526,23750,32182,Plecotus austriacus,0.01,0.025,-1,Echolocation,/mnt/ubna_data_02_mir/recover-20220922/UBNA_001/20220921_090000.WAV,Telephone Field,recover-20220922,001,1795
233.0765,233.1176,68437,82730,Rhinolophus ferrumequinum,0.027,0.027,-1,Echolocation,/mnt/ubna_data_02_mir/recover-20220922/UBNA_001/20220921_090000.WAV,Telephone Field,recover-20220922,001,1795
233.1005,233.1409,68437,82423,Rhinolophus ferrumequinum,0.025,0.025,-1,Echolocation,/mnt/ubna_data_02_mir/recover-20220922/UBNA_001/20220921_090000.WAV,Telephone Field,recover-20220922,001,1795
233.1295,233.1365,24609,33738,Plecotus austriacus,0.012,0.03,-1,Echolocation,/mnt/ubna_data_02_mir/recover-20220922/UBNA_001/20220921_090000.WAV,Telephone Field,recover-20220922,001,1795
233.15449999999998,233.1937,68437,82609,Rhinolophus ferrumequinum,0.022,0.022,-1,Echolocation,/mnt/ubna_data_02_mir/recover-20220922/UBNA_001/20220921_090000.WAV,Telephone Field,recover-20220922,001,1795
233.1685,233.2073,68437,81982,Rhinolophus ferrumequinum,0.022,0.023,-1,Echolocation,/mnt/ubna_data_02_mir/recover-20220922/UBNA_001/20220921_090000.WAV,Telephone Field,recover-20220922,001,1795
233.1795,233.2186,68437,82755,Rhinolophus ferrumequinum,0.022,0.022,-1,Echolocation,/mnt/ubna_data_02_mir/recover-20220922/UBNA_001/20220921_090000.WAV,Telephone Field,recover-20220922,001,1795
233.1865,233.2277,68437,82652,Rhinolophus ferrumequinum,0.022,0.022,-1,Echolocation,/mnt/ubna_data_02_mir/recover-20220922/UBNA_001/20220921_090000.WAV,Telephone Field,recover-20220922,001,1795
233.1915,233.2031,28046,36178,Eptesicus serotinus,0.015,0.028,-1,Echolocation,/mnt/ubna_data_02_mir/recover-20220922/UBNA_001/20220921_090000.WAV,Telephone Field,recover-20220922,001,1795
233.1935,233.20499999999998,35781,40295,Pipistrellus nathusii,0.007,0.026,-1,Echolocation,/mnt/ubna_data_02_mir/recover-20220922/UBNA_001/20220921_090000.WAV,Telephone Field,recover-20220922,001,1795
233.2315,233.2683,68437,81390,Rhinolophus ferrumequinum,0.026,0.026,-1,Echolocation,/mnt/ubna_data_02_mir/recover-20220922/UBNA_001/20220921_090000.WAV,Telephone Field,recover-20220922,001,1795
233.2385,233.2744,68437,80942,Rhinolophus ferrumequinum,0.026,0.026,-1,Echolocation,/mnt/ubna_data_02_mir/recover-20220922/UBNA_001/20220921_090000.WAV,Telephone Field,recover-20220922,001,1795
233.2875,233.3267,68437,82289,Rhinolophus ferrumequinum,0.024,0.024,-1,Echolocation,/mnt/ubna_data_02_mir/recover-20220922/UBNA_001/20220921_090000.WAV,Telephone Field,recover-20220922,001,1795
233.2945,233.3347,68437,82774,Rhinolophus ferrumequinum,0.023,0.023,-1,Echolocation,/mnt/ubna_data_02_mir/recover-20220922/UBNA_001/20220921_090000.WAV,Telephone Field,recover-20220922,001,1795
233.3005,233.3107,23750,30591,Nyctalus leisleri,0.01,0.025,-1,Echolocation,/mnt/ubna_data_02_mir/recover-20220922/UBNA_001/20220921_090000.WAV,Telephone Field,recover-20220922,001,1795
233.3005,233.3401,68437,82219,Rhinolophus ferrumequinum,0.024,0.024,-1,Echolocation,/mnt/ubna_data_02_mir/recover-20220922/UBNA_001/20220921_090000.WAV,Telephone Field,recover-20220922,001,1795
233.3125,233.3304,24609,28697,Nyctalus leisleri,0.061,0.111,-1,Echolocation,/mnt/ubna_data_02_mir/recover-20220922/UBNA_001/20220921_090000.WAV,Telephone Field,recover-20220922,001,1795
233.3525,233.39170000000001,68437,82415,Rhinolophus ferrumequinum,0.023,0.023,-1,Echolocation,/mnt/ubna_data_02_mir/recover-20220922/UBNA_001/20220921_090000.WAV,Telephone Field,recover-20220922,001,1795
233.3755,233.385,28046,37595,Eptesicus serotinus,0.01,0.024,-1,Echolocation,/mnt/ubna_data_02_mir/recover-20220922/UBNA_001/20220921_090000.WAV,Telephone Field,recover-20220922,001,1795
233.4035,233.413,22890,29346,Nyctalus leisleri,0.009,0.027,-1,Echolocation,/mnt/ubna_data_02_mir/recover-20220922/UBNA_001/20220921_090000.WAV,Telephone Field,recover-20220922,001,1795
233.40449999999998,233.4484,68437,82888,Rhinolophus ferrumequinum,0.032,0.032,-1,Echolocation,/mnt/ubna_data_02_mir/recover-20220922/UBNA_001/20220921_090000.WAV,Telephone Field,recover-20220922,001,1795
233.4445,233.4569,25468,29935,Nyctalus leisleri,0.016,0.035,-1,Echolocation,/mnt/ubna_data_02_mir/recover-20220922/UBNA_001/20220921_090000.WAV,Telephone Field,recover-20220922,001,1795
233.4895,233.5301,68437,82564,Rhinolophus ferrumequinum,0.022,0.022,-1,Echolocation,/mnt/ubna_data_02_mir/recover-20220922/UBNA_001/20220921_090000.WAV,Telephone Field,recover-20220922,001,1795
233.5155,233.5224,24609,37053,Plecotus austriacus,0.007,0.022,-1,Echolocation,/mnt/ubna_data_02_mir/recover-20220922/UBNA_001/20220921_090000.WAV,Telephone Field,recover-20220922,001,1795
233.5455,233.5846,68437,80978,Rhinolophus ferrumequinum,0.024,0.024,-1,Echolocation,/mnt/ubna_data_02_mir/recover-20220922/UBNA_001/20220921_090000.WAV,Telephone Field,recover-20220922,001,1795
233.5725,233.5816,38359,43161,Barbastellus barbastellus,0.033,0.053,-1,Echolocation,/mnt/ubna_data_02_mir/recover-20220922/UBNA_001/20220921_090000.WAV,Telephone Field,recover-20220922,001,1795
233.5935,233.6283,68437,80830,Rhinolophus ferrumequinum,0.025,0.025,-1,Echolocation,/mnt/ubna_data_02_mir/recover-20220922/UBNA_001/20220921_090000.WAV,Telephone Field,recover-20220922,001,1795
233.6035,233.6408,68437,81265,Rhinolophus ferrumequinum,0.021,0.022,-1,Echolocation,/mnt/ubna_data_02_mir/recover-20220922/UBNA_001/20220921_090000.WAV,Telephone Field,recover-20220922,001,1795
233.6115,233.6502,68437,82280,Rhinolophus ferrumequinum,0.026,0.026,-1,Echolocation,/mnt/ubna_data_02_mir/recover-20220922/UBNA_001/20220921_090000.WAV,Telephone Field,recover-20220922,001,1795
233.6315,233.6689,68437,81917,Rhinolophus ferrumequinum,0.022,0.022,-1,Echolocation,/mnt/ubna_data_02_mir/recover-20220922/UBNA_001/20220921_090000.WAV,Telephone Field,recover-20220922,001,1795
233.6895,233.7277,68437,82158,Rhinolophus ferrumequinum,0.025,0.026,-1,Echolocation,/mnt/ubna_data_02_mir/recover-20220922/UBNA_001/20220921_090000.WAV,Telephone Field,recover-20220922,001,1795
233.6935,233.70420000000001,22890,27978,Nyctalus leisleri,0.011,0.022,-1,Echolocation,/mnt/ubna_data_02_mir/recover-20220922/UBNA_001/20220921_090000.WAV,Telephone Field,recover-20220922,001,1795
233.7255,233.7339,28906,37959,Eptesicus serotinus,0.01,0.027,-1,Echolocation,/mnt/ubna_data_02_mir/recover-20220922/UBNA_001/20220921_090000.WAV,Telephone Field,recover-20220922,001,1795
233.7475,233.7889,68437,82647,Rhinolophus ferrumequinum,0.025,0.025,-1,Echolocation,/mnt/ubna_data_02_mir/recover-20220922/UBNA_001/20220921_090000.WAV,Telephone Field,recover-20220922,001,1795
233.7635,233.8033,68437,82845,Rhinolophus ferrumequinum,0.023,0.023,-1,Echolocation,/mnt/ubna_data_02_mir/recover-20220922/UBNA_001/20220921_090000.WAV,Telephone Field,recover-20220922,001,1795
233.7785,233.8172,68437,82076,Rhinolophus ferrumequinum,0.022,0.022,-1,Echolocation,/mnt/ubna_data_02_mir/recover-20220922/UBNA_001/20220921_090000.WAV,Telephone Field,recover-20220922,001,1795
233.7855,233.8238,68437,82391,Rhinolophus ferrumequinum,0.023,0.023,-1,Echolocation,/mnt/ubna_data_02_mir/recover-20220922/UBNA_001/20220921_090000.WAV,Telephone Field,recover-20220922,001,1795
233.8195,233.8587,68437,82507,Rhinolophus ferrumequinum,0.024,0.024,-1,Echolocation,/mnt/ubna_data_02_mir/recover-20220922/UBNA_001/20220921_090000.WAV,Telephone Field,recover-20220922,001,1795
233.8515,233.8957,68437,83064,Rhinolophus ferrumequinum,0.037,0.037,-1,Echolocation,/mnt/ubna_data_02_mir/recover-20220922/UBNA_001/20220921_090000.WAV,Telephone Field,recover-20220922,001,1795
233.8755,233.9176,68437,83411,Rhinolophus ferrumequinum,0.03,0.03,-1,Echolocation,/mnt/ubna_data_02_mir/recover-20220922/UBNA_001/20220921_090000.WAV,Telephone Field,recover-20220922,001,1795
233.8865,233.92849999999999,68437,83312,Rhinolophus ferrumequinum,0.025,0.025,-1,Echolocation,/mnt/ubna_data_02_mir/recover-20220922/UBNA_001/20220921_090000.WAV,Telephone Field,recover-20220922,001,1795
233.9195,233.9598,68437,82850,Rhinolophus ferrumequinum,0.042,0.042,-1,Echolocation,/mnt/ubna_data_02_mir/recover-20220922/UBNA_001/20220921_090000.WAV,Telephone Field,recover-20220922,001,1795
233.9745,233.9914,30625,35069,Eptesicus serotinus,0.022,0.049,-1,Echolocation,/mnt/ubna_data_02_mir/recover-20220922/UBNA_001/20220921_090000.WAV,Telephone Field,recover-20220922,001,1795
234.0015,234.0101,27187,39660,Eptesicus serotinus,0.01,0.031,-1,Echolocation,/mnt/ubna_data_02_mir/recover-20220922/UBNA_001/20220921_090000.WAV,Telephone Field,recover-20220922,001,1795
234.0015,234.0352,69296,81362,Rhinolophus ferrumequinum,0.03,0.03,-1,Echolocation,/mnt/ubna_data_02_mir/recover-20220922/UBNA_001/20220921_090000.WAV,Telephone Field,recover-20220922,001,1795
234.0015,234.0164,51250,57390,Pipistrellus pipistrellus,0.018,0.032,-1,Echolocation,/mnt/ubna_data_02_mir/recover-20220922/UBNA_001/20220921_090000.WAV,Telephone Field,recover-20220922,001,1795
234.0015,234.0183,17734,22672,Nyctalus noctula,0.012,0.026,-1,Echolocation,/mnt/ubna_data_02_mir/recover-20220922/UBNA_001/20220921_090000.WAV,Telephone Field,recover-20220922,001,1795
234.0095,234.0519,68437,81875,Rhinolophus ferrumequinum,0.024,0.024,-1,Echolocation,/mnt/ubna_data_02_mir/recover-20220922/UBNA_001/20220921_090000.WAV,Telephone Field,recover-20220922,001,1795
234.0545,234.0928,68437,81878,Rhinolophus ferrumequinum,0.022,0.022,-1,Echolocation,/mnt/ubna_data_02_mir/recover-20220922/UBNA_001/20220921_090000.WAV,Telephone Field,recover-20220922,001,1795
234.07150000000001,234.11,68437,81992,Rhinolophus ferrumequinum,0.023,0.023,-1,Echolocation,/mnt/ubna_data_02_mir/recover-20220922/UBNA_001/20220921_090000.WAV,Telephone Field,recover-20220922,001,1795
234.0945,234.1365,68437,83039,Rhinolophus ferrumequinum,0.029,0.029,-1,Echolocation,/mnt/ubna_data_02_mir/recover-20220922/UBNA_001/20220921_090000.WAV,Telephone Field,recover-20220922,001,1795
234.1145,234.1265,36640,41043,Pipistrellus nathusii,0.012,0.027,-1,Echolocation,/mnt/ubna_data_02_mir/recover-20220922/UBNA_001/20220921_090000.WAV,Telephone Field,recover-20220922,001,1795
234.1285,234.1752,68437,83669,Rhinolophus ferrumequinum,0.037,0.037,-1,Echolocation,/mnt/ubna_data_02_mir/recover-20220922/UBNA_001/20220921_090000.WAV,Telephone Field,recover-20220922,001,1795
234.1805,234.1907,14296,20971,Nyctalus noctula,0.012,0.028,-1,Echolocation,/mnt/ubna_data_02_mir/recover-20220922/UBNA_001/20220921_090000.WAV,Telephone Field,recover-20220922,001,1795
234.2185,234.2578,68437,81769,Rhinolophus ferrumequinum,0.024,0.024,-1,Echolocation,/mnt/ubna_data_02_mir/recover-20220922/UBNA_001/20220921_090000.WAV,Telephone Field,recover-20220922,001,1795
234.2525,234.2944,68437,82516,Rhinolophus ferrumequinum,0.023,0.023,-1,Echolocation,/mnt/ubna_data_02_mir/recover-20220922/UBNA_001/20220921_090000.WAV,Telephone Field,recover-20220922,001,1795
234.2605,234.2989,68437,82196,Rhinolophus ferrumequinum,0.022,0.022,-1,Echolocation,/mnt/ubna_data_02_mir/recover-20220922/UBNA_001/20220921_090000.WAV,Telephone Field,recover-20220922,001,1795
234.2815,234.322,68437,82295,Rhinolophus ferrumequinum,0.025,0.025,-1,Echolocation,/mnt/ubna_data_02_mir/recover-20220922/UBNA_001/20220921_090000.WAV,Telephone Field,recover-20220922,001,1795
234.2865,234.3263,68437,82490,Rhinolophus ferrumequinum,0.024,0.024,-1,Echolocation,/mnt/ubna_data_02_mir/recover-20220922/UBNA_001/20220921_090000.WAV,Telephone Field,recover-20220922,001,1795
234.3355,234.3774,68437,82820,Rhinolophus ferrumequinum,0.026,0.026,-1,Echolocation,/mnt/ubna_data_02_mir/recover-20220922/UBNA_001/20220921_090000.WAV,Telephone Field,recover-20220922,001,1795
234.3445,234.3526,46953,51557,Pipistrellus pipistrellus,0.025,0.026,-1,Echolocation,/mnt/ubna_data_02_mir/recover-20220922/UBNA_001/20220921_090000.WAV,Telephone Field,recover-20220922,001,1795
234.3505,234.3675,22031,25697,Nyctalus leisleri,0.019,0.029,-1,Echolocation,/mnt/ubna_data_02_mir/recover-20220922/UBNA_001/20220921_090000.WAV,Telephone Field,recover-20220922,001,1795
234.3585,234.395,68437,81971,Rhinolophus ferrumequinum,0.022,0.022,-1,Echolocation,/mnt/ubna_data_02_mir/recover-20220922/UBNA_001/20220921_090000.WAV,Telephone Field,recover-20220922,001,1795
234.3635,234.3719,28046,38307,Eptesicus serotinus,0.008,0.022,-1,Echolocation,/mnt/ubna_data_02_mir/recover-20220922/UBNA_001/20220921_090000.WAV,Telephone Field,recover-20220922,001,1795
234.3875,234.4247,68437,81485,Rhinolophus ferrumequinum,0.021,0.021,-1,Echolocation,/mnt/ubna_data_02_mir/recover-20220922/UBNA_001/20220921_090000.WAV,Telephone Field,recover-20220922,001,1795
234.4035,234.4429,68437,81991,Rhinolophus ferrumequinum,0.022,0.023,-1,Echolocation,/mnt/ubna_data_02_mir/recover-20220922/UBNA_001/20220921_090000.WAV,Telephone Field,recover-20220922,001,1795
234.44650000000001,234.4572,22031,26610,Nyctalus leisleri,0.011,0.022,-1,Echolocation,/mnt/ubna_data_02_mir/recover-20220922/UBNA_001/20220921_090000.WAV,Telephone Field,recover-20220922,001,1795
234.4525,234.4627,41796,45128,Pipistrellus pipistrellus,0.019,0.022,-1,Echolocation,/mnt/ubna_data_02_mir/recover-20220922/UBNA_001/20220921_090000.WAV,Telephone Field,recover-20220922,001,1795
234.4655,234.5017,68437,80945,Rhinolophus ferrumequinum,0.023,0.023,-1,Echolocation,/mnt/ubna_data_02_mir/recover-20220922/UBNA_001/20220921_090000.WAV,Telephone Field,recover-20220922,001,1795
234.4715,234.5089,68437,81807,Rhinolophus ferrumequinum,0.023,0.023,-1,Echolocation,/mnt/ubna_data_02_mir/recover-20220922/UBNA_001/20220921_090000.WAV,Telephone Field,recover-20220922,001,1795
234.48250000000002,234.49099999999999,49531,54722,Pipistrellus pipistrellus,0.021,0.024,-1,Echolocation,/mnt/ubna_data_02_mir/recover-20220922/UBNA_001/20220921_090000.WAV,Telephone Field,recover-20220922,001,1795
234.4835,234.5267,68437,82767,Rhinolophus ferrumequinum,0.022,0.022,-1,Echolocation,/mnt/ubna_data_02_mir/recover-20220922/UBNA_001/20220921_090000.WAV,Telephone Field,recover-20220922,001,1795
234.4935,234.5043,26328,33581,Eptesicus serotinus,0.013,0.028,-1,Echolocation,/mnt/ubna_data_02_mir/recover-20220922/UBNA_001/20220921_090000.WAV,Telephone Field,recover-20220922,001,1795
234.5015,234.5428,68437,82952,Rhinolophus ferrumequinum,0.026,0.026,-1,Echolocation,/mnt/ubna_data_02_mir/recover-20220922/UBNA_001/20220921_090000.WAV,Telephone Field,recover-20220922,001,1795
234.5275,234.5688,68437,82329,Rhinolophus ferrumequinum,0.026,0.026,-1,Echolocation,/mnt/ubna_data_02_mir/recover-20220922/UBNA_001/20220921_090000.WAV,Telephone Field,recover-20220922,001,1795
234.55349999999999,234.5898,68437,81610,Rhinolophus ferrumequinum,0.022,0.022,-1,Echolocation,/mnt/ubna_data_02_mir/recover-20220922/UBNA_001/20220921_090000.WAV,Telephone Field,recover-20220922,001,1795
234.5595,234.5945,68437,81208,Rhinolophus ferrumequinum,0.022,0.022,-1,Echolocation,/mnt/ubna_data_02_mir/recover-20220922/UBNA_001/20220921_090000.WAV,Telephone Field,recover-20220922,001,1795
234.67849999999999,234.6866,28046,37407,Eptesicus serotinus,0.007,0.022,-1,Echolocation,/mnt/ubna_data_02_mir/recover-20220922/UBNA_001/20220921_090000.WAV,Telephone Field,recover-20220922,001,1795
234.7145,234.727,28906,33749,Eptesicus serotinus,0.017,0.033,-1,Echolocation,/mnt/ubna_data_02_mir/recover-20220922/UBNA_001/20220921_090000.WAV,Telephone Field,recover-20220922,001,1795
234.7175,234.7584,68437,82566,Rhinolophus ferrumequinum,0.023,0.023,-1,Echolocation,/mnt/ubna_data_02_mir/recover-20220922/UBNA_001/20220921_090000.WAV,Telephone Field,recover-20220922,001,1795
234.7265,234.7674,68437,82472,Rhinolophus ferrumequinum,0.023,0.023,-1,Echolocation,/mnt/ubna_data_02_mir/recover-20220922/UBNA_001/20220921_090000.WAV,Telephone Field,recover-20220922,001,1795
234.7545,234.7971,68437,82676,Rhinolophus ferrumequinum,0.03,0.03,-1,Echolocation,/mnt/ubna_data_02_mir/recover-20220922/UBNA_001/20220921_090000.WAV,Telephone Field,recover-20220922,001,1795
234.8165,234.86090000000002,68437,83380,Rhinolophus ferrumequinum,0.045,0.045,-1,Echolocation,/mnt/ubna_data_02_mir/recover-20220922/UBNA_001/20220921_090000.WAV,Telephone Field,recover-20220922,001,1795
234.8385,234.8491,22031,26977,Nyctalus leisleri,0.01,0.022,-1,Echolocation,/mnt/ubna_data_02_mir/recover-20220922/UBNA_001/20220921_090000.WAV,Telephone Field,recover-20220922,001,1795
234.8415,234.88139999999999,68437,82202,Rhinolophus ferrumequinum,0.021,0.021,-1,Echolocation,/mnt/ubna_data_02_mir/recover-20220922/UBNA_001/20220921_090000.WAV,Telephone Field,recover-20220922,001,1795
234.8755,234.9111,68437,81569,Rhinolophus ferrumequinum,0.021,0.021,-1,Echolocation,/mnt/ubna_data_02_mir/recover-20220922/UBNA_001/20220921_090000.WAV,Telephone Field,recover-20220922,001,1795
234.8945,234.9356,68437,82893,Rhinolophus ferrumequinum,0.025,0.025,-1,Echolocation,/mnt/ubna_data_02_mir/recover-20220922/UBNA_001/20220921_090000.WAV,Telephone Field,recover-20220922,001,1795
234.9245,234.9655,68437,82664,Rhinolophus ferrumequinum,0.022,0.022,-1,Echolocation,/mnt/ubna_data_02_mir/recover-20220922/UBNA_001/20220921_090000.WAV,Telephone Field,recover-20220922,001,1795
234.9675,235.0077,68437,81565,Rhinolophus ferrumequinum,0.022,0.023,-1,Echolocation,/mnt/ubna_data_02_mir/recover-20220922/UBNA_001/20220921_090000.WAV,Telephone Field,recover-20220922,001,1795
234.9735,234.9815,48671,56075,Pipistrellus pipistrellus,0.024,0.026,-1,Echolocation,/mnt/ubna_data_02_mir/recover-20220922/UBNA_001/20220921_090000.WAV,Telephone Field,recover-20220922,001,1795
234.9855,235.00560000000002,19453,22250,Nyctalus leisleri,0.013,0.024,-1,Echolocation,/mnt/ubna_data_02_mir/recover-20220922/UBNA_001/20220921_090000.WAV,Telephone Field,recover-20220922,001,1795
234.9955,235.0348,68437,82208,Rhinolophus ferrumequinum,0.024,0.024,-1,Echolocation,/mnt/ubna_data_02_mir/recover-20220922/UBNA_001/20220921_090000.WAV,Telephone Field,recover-20220922,001,1795
235.0685,235.1087,68437,82240,Rhinolophus ferrumequinum,0.027,0.027,-1,Echolocation,/mnt/ubna_data_02_mir/recover-20220922/UBNA_001/20220921_090000.WAV,Telephone Field,recover-20220922,001,1795
235.0755,235.1173,68437,82279,Rhinolophus ferrumequinum,0.027,0.027,-1,Echolocation,/mnt/ubna_data_02_mir/recover-20220922/UBNA_001/20220921_090000.WAV,Telephone Field,recover-20220922,001,1795
235.0995,235.1163,20312,24074,Nyctalus leisleri,0.016,0.031,-1,Echolocation,/mnt/ubna_data_02_mir/recover-20220922/UBNA_001/20220921_090000.WAV,Telephone Field,recover-20220922,001,1795
235.0995,235.1394,68437,82394,Rhinolophus ferrumequinum,0.024,0.024,-1,Echolocation,/mnt/ubna_data_02_mir/recover-20220922/UBNA_001/20220921_090000.WAV,Telephone Field,recover-20220922,001,1795
235.1215,235.163,68437,82281,Rhinolophus ferrumequinum,0.026,0.026,-1,Echolocation,/mnt/ubna_data_02_mir/recover-20220922/UBNA_001/20220921_090000.WAV,Telephone Field,recover-20220922,001,1795
235.14249999999998,235.1518,28046,37166,Eptesicus serotinus,0.011,0.024,-1,Echolocation,/mnt/ubna_data_02_mir/recover-20220922/UBNA_001/20220921_090000.WAV,Telephone Field,recover-20220922,001,1795
235.1435,235.1823,68437,82503,Rhinolophus ferrumequinum,0.022,0.022,-1,Echolocation,/mnt/ubna_data_02_mir/recover-20220922/UBNA_001/20220921_090000.WAV,Telephone Field,recover-20220922,001,1795
235.1705,235.1825,22031,25864,Nyctalus leisleri,0.014,0.024,-1,Echolocation,/mnt/ubna_data_02_mir/recover-20220922/UBNA_001/20220921_090000.WAV,Telephone Field,recover-20220922,001,1795
235.1715,235.2053,68437,81056,Rhinolophus ferrumequinum,0.022,0.022,-1,Echolocation,/mnt/ubna_data_02_mir/recover-20220922/UBNA_001/20220921_090000.WAV,Telephone Field,recover-20220922,001,1795
235.1935,235.2071,22890,27407,Nyctalus leisleri,0.028,0.048,-1,Echolocation,/mnt/ubna_data_02_mir/recover-20220922/UBNA_001/20220921_090000.WAV,Telephone Field,recover-20220922,001,1795
235.2165,235.2553,68437,82424,Rhinolophus ferrumequinum,0.023,0.023,-1,Echolocation,/mnt/ubna_data_02_mir/recover-20220922/UBNA_001/20220921_090000.WAV,Telephone Field,recover-20220922,001,1795
235.2315,235.2752,68437,82968,Rhinolophus ferrumequinum,0.026,0.026,-1,Echolocation,/mnt/ubna_data_02_mir/recover-20220922/UBNA_001/20220921_090000.WAV,Telephone Field,recover-20220922,001,1795
235.2615,235.2716,28906,36588,Eptesicus serotinus,0.011,0.025,-1,Echolocation,/mnt/ubna_data_02_mir/recover-20220922/UBNA_001/20220921_090000.WAV,Telephone Field,recover-20220922,001,1795
235.2905,235.334,68437,83301,Rhinolophus ferrumequinum,0.034,0.034,-1,Echolocation,/mnt/ubna_data_02_mir/recover-20220922/UBNA_001/20220921_090000.WAV,Telephone Field,recover-20220922,001,1795
235.3025,235.3415,68437,81769,Rhinolophus ferrumequinum,0.022,0.022,-1,Echolocation,/mnt/ubna_data_02_mir/recover-20220922/UBNA_001/20220921_090000.WAV,Telephone Field,recover-20220922,001,1795
235.3145,235.3492,68437,81060,Rhinolophus ferrumequinum,0.023,0.024,-1,Echolocation,/mnt/ubna_data_02_mir/recover-20220922/UBNA_001/20220921_090000.WAV,Telephone Field,recover-20220922,001,1795
235.4085,235.4484,68437,82575,Rhinolophus ferrumequinum,0.022,0.022,-1,Echolocation,/mnt/ubna_data_02_mir/recover-20220922/UBNA_001/20220921_090000.WAV,Telephone Field,recover-20220922,001,1795
235.4295,235.4735,68437,83444,Rhinolophus ferrumequinum,0.024,0.024,-1,Echolocation,/mnt/ubna_data_02_mir/recover-20220922/UBNA_001/20220921_090000.WAV,Telephone Field,recover-20220922,001,1795
235.4305,235.4405,41796,45583,Pipistrellus pipistrellus,0.026,0.032,-1,Echolocation,/mnt/ubna_data_02_mir/recover-20220922/UBNA_001/20220921_090000.WAV,Telephone Field,recover-20220922,001,1795
235.4785,235.5227,68437,83130,Rhinolophus ferrumequinum,0.035,0.035,-1,Echolocation,/mnt/ubna_data_02_mir/recover-20220922/UBNA_001/20220921_090000.WAV,Telephone Field,recover-20220922,001,1795
235.4885,235.4986,22031,26987,Nyctalus leisleri,0.01,0.022,-1,Echolocation,/mnt/ubna_data_02_mir/recover-20220922/UBNA_001/20220921_090000.WAV,Telephone Field,recover-20220922,001,1795
235.5055,235.5431,68437,81704,Rhinolophus ferrumequinum,0.021,0.022,-1,Echolocation,/mnt/ubna_data_02_mir/recover-20220922/UBNA_001/20220921_090000.WAV,Telephone Field,recover-20220922,001,1795
235.5155,235.5522,68437,81813,Rhinolophus ferrumequinum,0.022,0.022,-1,Echolocation,/mnt/ubna_data_02_mir/recover-20220922/UBNA_001/20220921_090000.WAV,Telephone Field,recover-20220922,001,1795
235.5285,235.57319999999999,68437,83200,Rhinolophus ferrumequinum,0.027,0.027,-1,Echolocation,/mnt/ubna_data_02_mir/recover-20220922/UBNA_001/20220921_090000.WAV,Telephone Field,recover-20220922,001,1795
235.5505,235.5879,68437,81702,Rhinolophus ferrumequinum,0.024,0.024,-1,Echolocation,/mnt/ubna_data_02_mir/recover-20220922/UBNA_001/20220921_090000.WAV,Telephone Field,recover-20220922,001,1795
235.5865,235.624,68437,81418,Rhinolophus ferrumequinum,0.024,0.024,-1,Echolocation,/mnt/ubna_data_02_mir/recover-20220922/UBNA_001/20220921_090000.WAV,Telephone Field,recover-20220922,001,1795
235.5925,235.6019,28906,37615,Eptesicus serotinus,0.011,0.026,-1,Echolocation,/mnt/ubna_data_02_mir/recover-20220922/UBNA_001/20220921_090000.WAV,Telephone Field,recover-20220922,001,1795
235.6625,235.7011,68437,81691,Rhinolophus ferrumequinum,0.023,0.023,-1,Echolocation,/mnt/ubna_data_02_mir/recover-20220922/UBNA_001/20220921_090000.WAV,Telephone Field,recover-20220922,001,1795
235.6795,235.6984,18593,22598,Nyctalus noctula,0.016,0.029,-1,Echolocation,/mnt/ubna_data_02_mir/recover-20220922/UBNA_001/20220921_090000.WAV,Telephone Field,recover-20220922,001,1795
235.6905,235.6977,23750,33579,Plecotus austriacus,0.015,0.032,-1,Echolocation,/mnt/ubna_data_02_mir/recover-20220922/UBNA_001/20220921_090000.WAV,Telephone Field,recover-20220922,001,1795
235.7315,235.7723,68437,82952,Rhinolophus ferrumequinum,0.025,0.025,-1,Echolocation,/mnt/ubna_data_02_mir/recover-20220922/UBNA_001/20220921_090000.WAV,Telephone Field,recover-20220922,001,1795
235.7515,235.7903,68437,82153,Rhinolophus ferrumequinum,0.022,0.023,-1,Echolocation,/mnt/ubna_data_02_mir/recover-20220922/UBNA_001/20220921_090000.WAV,Telephone Field,recover-20220922,001,1795
235.7655,235.806,68437,82392,Rhinolophus ferrumequinum,0.038,0.038,-1,Echolocation,/mnt/ubna_data_02_mir/recover-20220922/UBNA_001/20220921_090000.WAV,Telephone Field,recover-20220922,001,1795
235.7815,235.7896,26328,35885,Eptesicus serotinus,0.011,0.026,-1,Echolocation,/mnt/ubna_data_02_mir/recover-20220922/UBNA_001/20220921_090000.WAV,Telephone Field,recover-20220922,001,1795
235.8165,235.8565,68437,82166,Rhinolophus ferrumequinum,0.025,0.025,-1,Echolocation,/mnt/ubna_data_02_mir/recover-20220922/UBNA_001/20220921_090000.WAV,Telephone Field,recover-20220922,001,1795
235.8405,235.8499,25468,33617,Eptesicus serotinus,0.01,0.027,-1,Echolocation,/mnt/ubna_data_02_mir/recover-20220922/UBNA_001/20220921_090000.WAV,Telephone Field,recover-20220922,001,1795
235.8505,235.8871,68437,81692,Rhinolophus ferrumequinum,0.033,0.033,-1,Echolocation,/mnt/ubna_data_02_mir/recover-20220922/UBNA_001/20220921_090000.WAV,Telephone Field,recover-20220922,001,1795
235.8765,235.913,68437,81775,Rhinolophus ferrumequinum,0.022,0.022,-1,Echolocation,/mnt/ubna_data_02_mir/recover-20220922/UBNA_001/20220921_090000.WAV,Telephone Field,recover-20220922,001,1795
235.90449999999998,235.9478,68437,82511,Rhinolophus ferrumequinum,0.027,0.027,-1,Echolocation,/mnt/ubna_data_02_mir/recover-20220922/UBNA_001/20220921_090000.WAV,Telephone Field,recover-20220922,001,1795
235.91649999999998,235.9245,27187,39642,Eptesicus serotinus,0.008,0.023,-1,Echolocation,/mnt/ubna_data_02_mir/recover-20220922/UBNA_001/20220921_090000.WAV,Telephone Field,recover-20220922,001,1795
235.9185,235.9271,32343,40179,Myotis daubentonii,0.007,0.024,-1,Echolocation,/mnt/ubna_data_02_mir/recover-20220922/UBNA_001/20220921_090000.WAV,Telephone Field,recover-20220922,001,1795
235.9475,235.988,68437,82053,Rhinolophus ferrumequinum,0.022,0.022,-1,Echolocation,/mnt/ubna_data_02_mir/recover-20220922/UBNA_001/20220921_090000.WAV,Telephone Field,recover-20220922,001,1795
235.9575,235.9995,68437,82952,Rhinolophus ferrumequinum,0.023,0.023,-1,Echolocation,/mnt/ubna_data_02_mir/recover-20220922/UBNA_001/20220921_090000.WAV,Telephone Field,recover-20220922,001,1795
235.9695,235.9784,28906,38644,Eptesicus serotinus,0.01,0.027,-1,Echolocation,/mnt/ubna_data_02_mir/recover-20220922/UBNA_001/20220921_090000.WAV,Telephone Field,recover-20220922,001,1795
236.0015,236.0377,68437,80067,Rhinolophus ferrumequinum,0.045,0.045,-1,Echolocation,/mnt/ubna_data_02_mir/recover-20220922/UBNA_001/20220921_090000.WAV,Telephone Field,recover-20220922,001,1795
236.0015,236.01330000000002,19453,25215,Nyctalus leisleri,0.009,0.024,-1,Echolocation,/mnt/ubna_data_02_mir/recover-20220922/UBNA_001/20220921_090000.WAV,Telephone Field,recover-20220922,001,1795
236.0015,236.0191,51250,56809,Pipistrellus pygmaeus,0.015,0.03,-1,Echolocation,/mnt/ubna_data_02_mir/recover-20220922/UBNA_001/20220921_090000.WAV,Telephone Field,recover-20220922,001,1795
236.0015,236.0112,26328,32968,Nyctalus leisleri,0.013,0.033,-1,Echolocation,/mnt/ubna_data_02_mir/recover-20220922/UBNA_001/20220921_090000.WAV,Telephone Field,recover-20220922,001,1795
236.0075,236.0546,68437,83008,Rhinolophus ferrumequinum,0.031,0.031,-1,Echolocation,/mnt/ubna_data_02_mir/recover-20220922/UBNA_001/20220921_090000.WAV,Telephone Field,recover-20220922,001,1795
236.0375,236.0776,68437,82668,Rhinolophus ferrumequinum,0.022,0.022,-1,Echolocation,/mnt/ubna_data_02_mir/recover-20220922/UBNA_001/20220921_090000.WAV,Telephone Field,recover-20220922,001,1795
236.0485,236.0601,23750,30594,Nyctalus leisleri,0.012,0.027,-1,Echolocation,/mnt/ubna_data_02_mir/recover-20220922/UBNA_001/20220921_090000.WAV,Telephone Field,recover-20220922,001,1795
236.0495,236.0876,68437,81730,Rhinolophus ferrumequinum,0.022,0.022,-1,Echolocation,/mnt/ubna_data_02_mir/recover-20220922/UBNA_001/20220921_090000.WAV,Telephone Field,recover-20220922,001,1795
236.0735,236.1137,68437,82508,Rhinolophus ferrumequinum,0.022,0.022,-1,Echolocation,/mnt/ubna_data_02_mir/recover-20220922/UBNA_001/20220921_090000.WAV,Telephone Field,recover-20220922,001,1795
236.0745,236.0832,50390,56787,Pipistrellus pipistrellus,0.018,0.023,-1,Echolocation,/mnt/ubna_data_02_mir/recover-20220922/UBNA_001/20220921_090000.WAV,Telephone Field,recover-20220922,001,1795
236.0995,236.1101,27187,35870,Eptesicus serotinus,0.014,0.028,-1,Echolocation,/mnt/ubna_data_02_mir/recover-20220922/UBNA_001/20220921_090000.WAV,Telephone Field,recover-20220922,001,1795
236.1455,236.18540000000002,68437,82437,Rhinolophus ferrumequinum,0.028,0.028,-1,Echolocation,/mnt/ubna_data_02_mir/recover-20220922/UBNA_001/20220921_090000.WAV,Telephone Field,recover-20220922,001,1795
236.1595,236.1681,28046,38186,Eptesicus serotinus,0.007,0.022,-1,Echolocation,/mnt/ubna_data_02_mir/recover-20220922/UBNA_001/20220921_090000.WAV,Telephone Field,recover-20220922,001,1795
236.1835,236.2235,68437,82608,Rhinolophus ferrumequinum,0.029,0.029,-1,Echolocation,/mnt/ubna_data_02_mir/recover-20220922/UBNA_001/20220921_090000.WAV,Telephone Field,recover-20220922,001,1795
236.1925,236.2352,68437,82882,Rhinolophus ferrumequinum,0.034,0.034,-1,Echolocation,/mnt/ubna_data_02_mir/recover-20220922/UBNA_001/20220921_090000.WAV,Telephone Field,recover-20220922,001,1795
236.2255,236.2668,68437,82844,Rhinolophus ferrumequinum,0.03,0.03,-1,Echolocation,/mnt/ubna_data_02_mir/recover-20220922/UBNA_001/20220921_090000.WAV,Telephone Field,recover-20220922,001,1795
236.2305,236.2374,27187,38367,Eptesicus serotinus,0.007,0.025,-1,Echolocation,/mnt/ubna_data_02_mir/recover-20220922/UBNA_001/20220921_090000.WAV,Telephone Field,recover-20220922,001,1795
236.2475,236.2873,68437,82224,Rhinolophus ferrumequinum,0.029,0.029,-1,Echolocation,/mnt/ubna_data_02_mir/recover-20220922/UBNA_001/20220921_090000.WAV,Telephone Field,recover-20220922,001,1795
236.3015,236.3109,45234,53039,Pipistrellus pipistrellus,0.016,0.022,-1,Echolocation,/mnt/ubna_data_02_mir/recover-20220922/UBNA_001/20220921_090000.WAV,Telephone Field,recover-20220922,001,1795
236.3065,236.3468,68437,82399,Rhinolophus ferrumequinum,0.022,0.022,-1,Echolocation,/mnt/ubna_data_02_mir/recover-20220922/UBNA_001/20220921_090000.WAV,Telephone Field,recover-20220922,001,1795
236.3185,236.3632,68437,83325,Rhinolophus ferrumequinum,0.027,0.027,-1,Echolocation,/mnt/ubna_data_02_mir/recover-20220922/UBNA_001/20220921_090000.WAV,Telephone Field,recover-20220922,001,1795
236.3285,236.3397,28046,34382,Eptesicus serotinus,0.014,0.028,-1,Echolocation,/mnt/ubna_data_02_mir/recover-20220922/UBNA_001/20220921_090000.WAV,Telephone Field,recover-20220922,001,1795
236.3605,236.3734,23750,29458,Nyctalus leisleri,0.01,0.023,-1,Echolocation,/mnt/ubna_data_02_mir/recover-20220922/UBNA_001/20220921_090000.WAV,Telephone Field,recover-20220922,001,1795
236.3645,236.4082,68437,82937,Rhinolophus ferrumequinum,0.035,0.035,-1,Echolocation,/mnt/ubna_data_02_mir/recover-20220922/UBNA_001/20220921_090000.WAV,Telephone Field,recover-20220922,001,1795
236.4415,236.485,68437,83131,Rhinolophus ferrumequinum,0.032,0.032,-1,Echolocation,/mnt/ubna_data_02_mir/recover-20220922/UBNA_001/20220921_090000.WAV,Telephone Field,recover-20220922,001,1795
236.4525,236.4621,28046,36903,Eptesicus serotinus,0.01,0.024,-1,Echolocation,/mnt/ubna_data_02_mir/recover-20220922/UBNA_001/20220921_090000.WAV,Telephone Field,recover-20220922,001,1795
236.4765,236.5183,68437,82550,Rhinolophus ferrumequinum,0.037,0.037,-1,Echolocation,/mnt/ubna_data_02_mir/recover-20220922/UBNA_001/20220921_090000.WAV,Telephone Field,recover-20220922,001,1795
236.4795,236.4903,22890,27970,Nyctalus leisleri,0.011,0.023,-1,Echolocation,/mnt/ubna_data_02_mir/recover-20220922/UBNA_001/20220921_090000.WAV,Telephone Field,recover-20220922,001,1795
236.5305,236.5414,23750,30269,Nyctalus leisleri,0.015,0.035,-1,Echolocation,/mnt/ubna_data_02_mir/recover-20220922/UBNA_001/20220921_090000.WAV,Telephone Field,recover-20220922,001,1795
236.5355,236.5499,15156,21415,Nyctalus noctula,0.015,0.022,-1,Echolocation,/mnt/ubna_data_02_mir/recover-20220922/UBNA_001/20220921_090000.WAV,Telephone Field,recover-20220922,001,1795
236.54149999999998,236.5532,22031,26391,Nyctalus leisleri,0.013,0.023,-1,Echolocation,/mnt/ubna_data_02_mir/recover-20220922/UBNA_001/20220921_090000.WAV,Telephone Field,recover-20220922,001,1795
236.5625,236.6024,68437,82421,Rhinolophus ferrumequinum,0.022,0.022,-1,Echolocation,/mnt/ubna_data_02_mir/recover-20220922/UBNA_001/20220921_090000.WAV,Telephone Field,recover-20220922,001,1795
236.5775,236.6187,68437,82895,Rhinolophus ferrumequinum,0.025,0.025,-1,Echolocation,/mnt/ubna_data_02_mir/recover-20220922/UBNA_001/20220921_090000.WAV,Telephone Field,recover-20220922,001,1795
236.5925,236.6317,68437,82077,Rhinolophus ferrumequinum,0.022,0.022,-1,Echolocation,/mnt/ubna_data_02_mir/recover-20220922/UBNA_001/20220921_090000.WAV,Telephone Field,recover-20220922,001,1795
236.6175,236.6573,68437,82137,Rhinolophus ferrumequinum,0.025,0.025,-1,Echolocation,/mnt/ubna_data_02_mir/recover-20220922/UBNA_001/20220921_090000.WAV,Telephone Field,recover-20220922,001,1795
236.6255,236.6671,68437,82720,Rhinolophus ferrumequinum,0.022,0.022,-1,Echolocation,/mnt/ubna_data_02_mir/recover-20220922/UBNA_001/20220921_090000.WAV,Telephone Field,recover-20220922,001,1795
236.6365,236.6765,68437,82412,Rhinolophus ferrumequinum,0.022,0.022,-1,Echolocation,/mnt/ubna_data_02_mir/recover-20220922/UBNA_001/20220921_090000.WAV,Telephone Field,recover-20220922,001,1795
236.6465,236.6543,25468,34636,Eptesicus serotinus,0.007,0.024,-1,Echolocation,/mnt/ubna_data_02_mir/recover-20220922/UBNA_001/20220921_090000.WAV,Telephone Field,recover-20220922,001,1795
236.6695,236.7078,68437,81791,Rhinolophus ferrumequinum,0.023,0.023,-1,Echolocation,/mnt/ubna_data_02_mir/recover-20220922/UBNA_001/20220921_090000.WAV,Telephone Field,recover-20220922,001,1795
236.6815,236.7187,68437,81935,Rhinolophus ferrumequinum,0.022,0.022,-1,Echolocation,/mnt/ubna_data_02_mir/recover-20220922/UBNA_001/20220921_090000.WAV,Telephone Field,recover-20220922,001,1795
236.7065,236.7147,28046,39781,Eptesicus serotinus,0.007,0.022,-1,Echolocation,/mnt/ubna_data_02_mir/recover-20220922/UBNA_001/20220921_090000.WAV,Telephone Field,recover-20220922,001,1795
236.7745,236.8153,68437,82522,Rhinolophus ferrumequinum,0.026,0.026,-1,Echolocation,/mnt/ubna_data_02_mir/recover-20220922/UBNA_001/20220921_090000.WAV,Telephone Field,recover-20220922,001,1795
236.7755,236.7862,22890,27773,Nyctalus leisleri,0.011,0.022,-1,Echolocation,/mnt/ubna_data_02_mir/recover-20220922/UBNA_001/20220921_090000.WAV,Telephone Field,recover-20220922,001,1795
236.7835,236.7955,22031,25899,Nyctalus leisleri,0.013,0.022,-1,Echolocation,/mnt/ubna_data_02_mir/recover-20220922/UBNA_001/20220921_090000.WAV,Telephone Field,recover-20220922,001,1795
236.8125,236.8524,68437,82272,Rhinolophus ferrumequinum,0.027,0.027,-1,Echolocation,/mnt/ubna_data_02_mir/recover-20220922/UBNA_001/20220921_090000.WAV,Telephone Field,recover-20220922,001,1795
236.8495,236.8591,22890,29741,Nyctalus leisleri,0.008,0.024,-1,Echolocation,/mnt/ubna_data_02_mir/recover-20220922/UBNA_001/20220921_090000.WAV,Telephone Field,recover-20220922,001,1795
236.8595,236.90109999999999,68437,83371,Rhinolophus ferrumequinum,0.045,0.045,-1,Echolocation,/mnt/ubna_data_02_mir/recover-20220922/UBNA_001/20220921_090000.WAV,Telephone Field,recover-20220922,001,1795
236.8865,236.924,68437,81530,Rhinolophus ferrumequinum,0.024,0.024,-1,Echolocation,/mnt/ubna_data_02_mir/recover-20220922/UBNA_001/20220921_090000.WAV,Telephone Field,recover-20220922,001,1795
236.8955,236.9301,68437,81084,Rhinolophus ferrumequinum,0.025,0.025,-1,Echolocation,/mnt/ubna_data_02_mir/recover-20220922/UBNA_001/20220921_090000.WAV,Telephone Field,recover-20220922,001,1795
236.9205,236.9282,26328,35005,Eptesicus serotinus,0.007,0.022,-1,Echolocation,/mnt/ubna_data_02_mir/recover-20220922/UBNA_001/20220921_090000.WAV,Telephone Field,recover-20220922,001,1795
236.9475,236.9885,68437,82923,Rhinolophus ferrumequinum,0.033,0.033,-1,Echolocation,/mnt/ubna_data_02_mir/recover-20220922/UBNA_001/20220921_090000.WAV,Telephone Field,recover-20220922,001,1795
237.0045,237.0455,68437,82697,Rhinolophus ferrumequinum,0.024,0.024,-1,Echolocation,/mnt/ubna_data_02_mir/recover-20220922/UBNA_001/20220921_090000.WAV,Telephone Field,recover-20220922,001,1795
237.0145,237.0559,68437,83227,Rhinolophus ferrumequinum,0.027,0.027,-1,Echolocation,/mnt/ubna_data_02_mir/recover-20220922/UBNA_001/20220921_090000.WAV,Telephone Field,recover-20220922,001,1795
237.0515,237.0626,28046,34315,Eptesicus serotinus,0.041,0.065,-1,Echolocation,/mnt/ubna_data_02_mir/recover-20220922/UBNA_001/20220921_090000.WAV,Telephone Field,recover-20220922,001,1795
237.0635,237.1065,68437,83419,Rhinolophus ferrumequinum,0.025,0.025,-1,Echolocation,/mnt/ubna_data_02_mir/recover-20220922/UBNA_001/20220921_090000.WAV,Telephone Field,recover-20220922,001,1795
237.0805,237.0988,22031,25242,Nyctalus leisleri,0.025,0.043,-1,Echolocation,/mnt/ubna_data_02_mir/recover-20220922/UBNA_001/20220921_090000.WAV,Telephone Field,recover-20220922,001,1795
237.0925,237.1309,68437,81647,Rhinolophus ferrumequinum,0.023,0.023,-1,Echolocation,/mnt/ubna_data_02_mir/recover-20220922/UBNA_001/20220921_090000.WAV,Telephone Field,recover-20220922,001,1795
237.09550000000002,237.1065,23750,29172,Nyctalus leisleri,0.012,0.026,-1,Echolocation,/mnt/ubna_data_02_mir/recover-20220922/UBNA_001/20220921_090000.WAV,Telephone Field,recover-20220922,001,1795
237.1165,237.1546,68437,82147,Rhinolophus ferrumequinum,0.026,0.026,-1,Echolocation,/mnt/ubna_data_02_mir/recover-20220922/UBNA_001/20220921_090000.WAV,Telephone Field,recover-20220922,001,1795
237.1225,237.1319,34921,42789,Myotis daubentonii,0.006,0.023,-1,Echolocation,/mnt/ubna_data_02_mir/recover-20220922/UBNA_001/20220921_090000.WAV,Telephone Field,recover-20220922,001,1795
237.1265,237.1379,25468,32783,Nyctalus leisleri,0.012,0.033,-1,Echolocation,/mnt/ubna_data_02_mir/recover-20220922/UBNA_001/20220921_090000.WAV,Telephone Field,recover-20220922,001,1795
237.1405,237.1784,68437,82111,Rhinolophus ferrumequinum,0.023,0.023,-1,Echolocation,/mnt/ubna_data_02_mir/recover-20220922/UBNA_001/20220921_090000.WAV,Telephone Field,recover-20220922,001,1795
237.1615,237.2026,68437,83285,Rhinolophus ferrumequinum,0.025,0.025,-1,Echolocation,/mnt/ubna_data_02_mir/recover-20220922/UBNA_001/20220921_090000.WAV,Telephone Field,recover-20220922,001,1795
237.1975,237.2375,68437,82619,Rhinolophus ferrumequinum,0.025,0.025,-1,Echolocation,/mnt/ubna_data_02_mir/recover-20220922/UBNA_001/20220921_090000.WAV,Telephone Field,recover-20220922,001,1795
237.2095,237.22,28046,35663,Eptesicus serotinus,0.01,0.024,-1,Echolocation,/mnt/ubna_data_02_mir/recover-20220922/UBNA_001/20220921_090000.WAV,Telephone Field,recover-20220922,001,1795
237.2215,237.23329999999999,22890,28538,Nyctalus leisleri,0.012,0.025,-1,Echolocation,/mnt/ubna_data_02_mir/recover-20220922/UBNA_001/20220921_090000.WAV,Telephone Field,recover-20220922,001,1795
237.2445,237.2555,28906,37462,Eptesicus serotinus,0.016,0.031,-1,Echolocation,/mnt/ubna_data_02_mir/recover-20220922/UBNA_001/20220921_090000.WAV,Telephone Field,recover-20220922,001,1795
237.2575,237.26839999999999,23750,30395,Nyctalus leisleri,0.008,0.023,-1,Echolocation,/mnt/ubna_data_02_mir/recover-20220922/UBNA_001/20220921_090000.WAV,Telephone Field,recover-20220922,001,1795
237.2835,237.3264,68437,83355,Rhinolophus ferrumequinum,0.039,0.039,-1,Echolocation,/mnt/ubna_data_02_mir/recover-20220922/UBNA_001/20220921_090000.WAV,Telephone Field,recover-20220922,001,1795
237.2875,237.29410000000001,28046,38796,Eptesicus serotinus,0.007,0.028,-1,Echolocation,/mnt/ubna_data_02_mir/recover-20220922/UBNA_001/20220921_090000.WAV,Telephone Field,recover-20220922,001,1795
237.3075,237.3468,68437,82085,Rhinolophus ferrumequinum,0.022,0.022,-1,Echolocation,/mnt/ubna_data_02_mir/recover-20220922/UBNA_001/20220921_090000.WAV,Telephone Field,recover-20220922,001,1795
237.3285,237.3646,68437,80725,Rhinolophus ferrumequinum,0.025,0.025,-1,Echolocation,/mnt/ubna_data_02_mir/recover-20220922/UBNA_001/20220921_090000.WAV,Telephone Field,recover-20220922,001,1795
237.3825,237.4197,68437,81362,Rhinolophus ferrumequinum,0.023,0.023,-1,Echolocation,/mnt/ubna_data_02_mir/recover-20220922/UBNA_001/20220921_090000.WAV,Telephone Field,recover-20220922,001,1795
237.3915,237.4331,68437,82422,Rhinolophus ferrumequinum,0.025,0.025,-1,Echolocation,/mnt/ubna_data_02_mir/recover-20220922/UBNA_001/20220921_090000.WAV,Telephone Field,recover-20220922,001,1795
237.4175,237.4562,68437,81917,Rhinolophus ferrumequinum,0.022,0.022,-1,Echolocation,/mnt/ubna_data_02_mir/recover-20220922/UBNA_001/20220921_090000.WAV,Telephone Field,recover-20220922,001,1795
237.4475,237.4892,68437,82198,Rhinolophus ferrumequinum,0.029,0.029,-1,Echolocation,/mnt/ubna_data_02_mir/recover-20220922/UBNA_001/20220921_090000.WAV,Telephone Field,recover-20220922,001,1795
237.4525,237.4625,27187,36443,Eptesicus serotinus,0.011,0.024,-1,Echolocation,/mnt/ubna_data_02_mir/recover-20220922/UBNA_001/20220921_090000.WAV,Telephone Field,recover-20220922,001,1795
237.4665,237.476,25468,33295,Eptesicus serotinus,0.008,0.022,-1,Echolocation,/mnt/ubna_data_02_mir/recover-20220922/UBNA_001/20220921_090000.WAV,Telephone Field,recover-20220922,001,1795
237.4745,237.5127,68437,81871,Rhinolophus ferrumequinum,0.023,0.023,-1,Echolocation,/mnt/ubna_data_02_mir/recover-20220922/UBNA_001/20220921_090000.WAV,Telephone Field,recover-20220922,001,1795
237.4765,237.4856,28906,39588,Eptesicus serotinus,0.01,0.027,-1,Echolocation,/mnt/ubna_data_02_mir/recover-20220922/UBNA_001/20220921_090000.WAV,Telephone Field,recover-20220922,001,1795
237.4865,237.4978,28046,35491,Eptesicus serotinus,0.013,0.026,-1,Echolocation,/mnt/ubna_data_02_mir/recover-20220922/UBNA_001/20220921_090000.WAV,Telephone Field,recover-20220922,001,1795
237.4975,237.5052,43515,50868,Pipistrellus pipistrellus,0.018,0.025,-1,Echolocation,/mnt/ubna_data_02_mir/recover-20220922/UBNA_001/20220921_090000.WAV,Telephone Field,recover-20220922,001,1795
237.5155,237.525,28046,38469,Eptesicus serotinus,0.01,0.024,-1,Echolocation,/mnt/ubna_data_02_mir/recover-20220922/UBNA_001/20220921_090000.WAV,Telephone Field,recover-20220922,001,1795
237.51749999999998,237.5615,68437,83030,Rhinolophus ferrumequinum,0.033,0.033,-1,Echolocation,/mnt/ubna_data_02_mir/recover-20220922/UBNA_001/20220921_090000.WAV,Telephone Field,recover-20220922,001,1795
237.5845,237.6249,68437,82457,Rhinolophus ferrumequinum,0.024,0.024,-1,Echolocation,/mnt/ubna_data_02_mir/recover-20220922/UBNA_001/20220921_090000.WAV,Telephone Field,recover-20220922,001,1795
237.5915,237.6311,68437,82073,Rhinolophus ferrumequinum,0.023,0.023,-1,Echolocation,/mnt/ubna_data_02_mir/recover-20220922/UBNA_001/20220921_090000.WAV,Telephone Field,recover-20220922,001,1795
237.6055,237.6456,68437,82400,Rhinolophus ferrumequinum,0.024,0.024,-1,Echolocation,/mnt/ubna_data_02_mir/recover-20220922/UBNA_001/20220921_090000.WAV,Telephone Field,recover-20220922,001,1795
237.6405,237.6522,22890,27479,Nyctalus leisleri,0.018,0.031,-1,Echolocation,/mnt/ubna_data_02_mir/recover-20220922/UBNA_001/20220921_090000.WAV,Telephone Field,recover-20220922,001,1795
237.6485,237.6903,68437,82305,Rhinolophus ferrumequinum,0.022,0.022,-1,Echolocation,/mnt/ubna_data_02_mir/recover-20220922/UBNA_001/20220921_090000.WAV,Telephone Field,recover-20220922,001,1795
237.6535,237.6644,50390,54288,Pipistrellus pipistrellus,0.017,0.022,-1,Echolocation,/mnt/ubna_data_02_mir/recover-20220922/UBNA_001/20220921_090000.WAV,Telephone Field,recover-20220922,001,1795
237.6765,237.6886,27187,34261,Eptesicus serotinus,0.013,0.028,-1,Echolocation,/mnt/ubna_data_02_mir/recover-20220922/UBNA_001/20220921_090000.WAV,Telephone Field,recover-20220922,001,1795
237.7275,237.7392,23750,29218,Nyctalus leisleri,0.013,0.027,-1,Echolocation,/mnt/ubna_data_02_mir/recover-20220922/UBNA_001/20220921_090000.WAV,Telephone Field,recover-20220922,001,1795
237.7285,237.7642,68437,82298,Rhinolophus ferrumequinum,0.026,0.026,-1,Echolocation,/mnt/ubna_data_02_mir/recover-20220922/UBNA_001/20220921_090000.WAV,Telephone Field,recover-20220922,001,1795
237.7715,237.8062,68437,81566,Rhinolophus ferrumequinum,0.024,0.024,-1,Echolocation,/mnt/ubna_data_02_mir/recover-20220922/UBNA_001/20220921_090000.WAV,Telephone Field,recover-20220922,001,1795
237.7845,237.8188,68437,81432,Rhinolophus ferrumequinum,0.026,0.026,-1,Echolocation,/mnt/ubna_data_02_mir/recover-20220922/UBNA_001/20220921_090000.WAV,Telephone Field,recover-20220922,001,1795
237.7955,237.8347,68437,82209,Rhinolophus ferrumequinum,0.024,0.024,-1,Echolocation,/mnt/ubna_data_02_mir/recover-20220922/UBNA_001/20220921_090000.WAV,Telephone Field,recover-20220922,001,1795
237.80349999999999,237.8444,68437,82460,Rhinolophus ferrumequinum,0.023,0.023,-1,Echolocation,/mnt/ubna_data_02_mir/recover-20220922/UBNA_001/20220921_090000.WAV,Telephone Field,recover-20220922,001,1795
237.8125,237.8517,68437,82389,Rhinolophus ferrumequinum,0.023,0.023,-1,Echolocation,/mnt/ubna_data_02_mir/recover-20220922/UBNA_001/20220921_090000.WAV,Telephone Field,recover-20220922,001,1795
237.8205,237.8286,14296,25971,Plecotus auritus,0.036,0.052,-1,Echolocation,/mnt/ubna_data_02_mir/recover-20220922/UBNA_001/20220921_090000.WAV,Telephone Field,recover-20220922,001,1795
237.8405,237.8805,68437,82434,Rhinolophus ferrumequinum,0.022,0.022,-1,Echolocation,/mnt/ubna_data_02_mir/recover-20220922/UBNA_001/20220921_090000.WAV,Telephone Field,recover-20220922,001,1795
237.8495,237.88830000000002,68437,82673,Rhinolophus ferrumequinum,0.024,0.024,-1,Echolocation,/mnt/ubna_data_02_mir/recover-20220922/UBNA_001/20220921_090000.WAV,Telephone Field,recover-20220922,001,1795
237.8845,237.9259,68437,82720,Rhinolophus ferrumequinum,0.027,0.027,-1,Echolocation,/mnt/ubna_data_02_mir/recover-20220922/UBNA_001/20220921_090000.WAV,Telephone Field,recover-20220922,001,1795
237.8915,237.93189999999998,68437,82444,Rhinolophus ferrumequinum,0.026,0.026,-1,Echolocation,/mnt/ubna_data_02_mir/recover-20220922/UBNA_001/20220921_090000.WAV,Telephone Field,recover-20220922,001,1795
237.9275,237.9698,68437,82580,Rhinolophus ferrumequinum,0.026,0.026,-1,Echolocation,/mnt/ubna_data_02_mir/recover-20220922/UBNA_001/20220921_090000.WAV,Telephone Field,recover-20220922,001,1795
237.9365,237.9481,23750,29174,Nyctalus leisleri,0.014,0.032,-1,Echolocation,/mnt/ubna_data_02_mir/recover-20220922/UBNA_001/20220921_090000.WAV,Telephone Field,recover-20220922,001,1795
237.9575,237.9703,29765,36551,Eptesicus serotinus,0.018,0.032,-1,Echolocation,/mnt/ubna_data_02_mir/recover-20220922/UBNA_001/20220921_090000.WAV,Telephone Field,recover-20220922,001,1795
237.9595,237.9993,68437,81840,Rhinolophus ferrumequinum,0.023,0.023,-1,Echolocation,/mnt/ubna_data_02_mir/recover-20220922/UBNA_001/20220921_090000.WAV,Telephone Field,recover-20220922,001,1795
237.9855,237.9992,22890,27345,Nyctalus leisleri,0.022,0.04,-1,Echolocation,/mnt/ubna_data_02_mir/recover-20220922/UBNA_001/20220921_090000.WAV,Telephone Field,recover-20220922,001,1795
238.0015,238.0114,22890,28864,Nyctalus leisleri,0.015,0.034,-1,Echolocation,/mnt/ubna_data_02_mir/recover-20220922/UBNA_001/20220921_090000.WAV,Telephone Field,recover-20220922,001,1795
238.0015,238.0111,46953,52366,Pipistrellus pipistrellus,0.032,0.036,-1,Echolocation,/mnt/ubna_data_02_mir/recover-20220922/UBNA_001/20220921_090000.WAV,Telephone Field,recover-20220922,001,1795
238.0015,238.03379999999999,68437,79756,Rhinolophus ferrumequinum,0.042,0.042,-1,Echolocation,/mnt/ubna_data_02_mir/recover-20220922/UBNA_001/20220921_090000.WAV,Telephone Field,recover-20220922,001,1795
238.0145,238.0279,22031,26013,Nyctalus leisleri,0.014,0.024,-1,Echolocation,/mnt/ubna_data_02_mir/recover-20220922/UBNA_001/20220921_090000.WAV,Telephone Field,recover-20220922,001,1795
238.0395,238.0773,68437,81584,Rhinolophus ferrumequinum,0.023,0.023,-1,Echolocation,/mnt/ubna_data_02_mir/recover-20220922/UBNA_001/20220921_090000.WAV,Telephone Field,recover-20220922,001,1795
238.0665,238.0748,28046,37951,Eptesicus serotinus,0.007,0.022,-1,Echolocation,/mnt/ubna_data_02_mir/recover-20220922/UBNA_001/20220921_090000.WAV,Telephone Field,recover-20220922,001,1795
238.0885,238.1291,68437,82696,Rhinolophus ferrumequinum,0.031,0.031,-1,Echolocation,/mnt/ubna_data_02_mir/recover-20220922/UBNA_001/20220921_090000.WAV,Telephone Field,recover-20220922,001,1795
238.1245,238.1636,68437,82604,Rhinolophus ferrumequinum,0.024,0.024,-1,Echolocation,/mnt/ubna_data_02_mir/recover-20220922/UBNA_001/20220921_090000.WAV,Telephone Field,recover-20220922,001,1795
238.1485,238.187,68437,82311,Rhinolophus ferrumequinum,0.023,0.023,-1,Echolocation,/mnt/ubna_data_02_mir/recover-20220922/UBNA_001/20220921_090000.WAV,Telephone Field,recover-20220922,001,1795
238.1635,238.1735,25468,33493,Eptesicus serotinus,0.012,0.038,-1,Echolocation,/mnt/ubna_data_02_mir/recover-20220922/UBNA_001/20220921_090000.WAV,Telephone Field,recover-20220922,001,1795
238.1715,238.1843,27187,31529,Eptesicus serotinus,0.016,0.038,-1,Echolocation,/mnt/ubna_data_02_mir/recover-20220922/UBNA_001/20220921_090000.WAV,Telephone Field,recover-20220922,001,1795
238.1755,238.21280000000002,68437,81457,Rhinolophus ferrumequinum,0.024,0.024,-1,Echolocation,/mnt/ubna_data_02_mir/recover-20220922/UBNA_001/20220921_090000.WAV,Telephone Field,recover-20220922,001,1795
238.1945,238.2299,68437,81946,Rhinolophus ferrumequinum,0.022,0.022,-1,Echolocation,/mnt/ubna_data_02_mir/recover-20220922/UBNA_001/20220921_090000.WAV,Telephone Field,recover-20220922,001,1795
238.1985,238.2109,30625,37025,Eptesicus serotinus,0.016,0.032,-1,Echolocation,/mnt/ubna_data_02_mir/recover-20220922/UBNA_001/20220921_090000.WAV,Telephone Field,recover-20220922,001,1795
238.2025,238.2391,68437,81147,Rhinolophus ferrumequinum,0.025,0.025,-1,Echolocation,/mnt/ubna_data_02_mir/recover-20220922/UBNA_001/20220921_090000.WAV,Telephone Field,recover-20220922,001,1795
238.2605,238.2968,68437,80550,Rhinolophus ferrumequinum,0.021,0.021,-1,Echolocation,/mnt/ubna_data_02_mir/recover-20220922/UBNA_001/20220921_090000.WAV,Telephone Field,recover-20220922,001,1795
238.2665,238.278,24609,30982,Nyctalus leisleri,0.009,0.023,-1,Echolocation,/mnt/ubna_data_02_mir/recover-20220922/UBNA_001/20220921_090000.WAV,Telephone Field,recover-20220922,001,1795
238.2735,238.2841,23750,29542,Nyctalus leisleri,0.01,0.023,-1,Echolocation,/mnt/ubna_data_02_mir/recover-20220922/UBNA_001/20220921_090000.WAV,Telephone Field,recover-20220922,001,1795
238.2765,238.3156,68437,82150,Rhinolophus ferrumequinum,0.025,0.025,-1,Echolocation,/mnt/ubna_data_02_mir/recover-20220922/UBNA_001/20220921_090000.WAV,Telephone Field,recover-20220922,001,1795
238.3255,238.3673,68437,82866,Rhinolophus ferrumequinum,0.024,0.024,-1,Echolocation,/mnt/ubna_data_02_mir/recover-20220922/UBNA_001/20220921_090000.WAV,Telephone Field,recover-20220922,001,1795
238.3515,238.3885,68437,81979,Rhinolophus ferrumequinum,0.022,0.022,-1,Echolocation,/mnt/ubna_data_02_mir/recover-20220922/UBNA_001/20220921_090000.WAV,Telephone Field,recover-20220922,001,1795
238.3835,238.3954,22031,25953,Nyctalus leisleri,0.013,0.024,-1,Echolocation,/mnt/ubna_data_02_mir/recover-20220922/UBNA_001/20220921_090000.WAV,Telephone Field,recover-20220922,001,1795
238.3935,238.41219999999998,19453,22305,Nyctalus leisleri,0.014,0.025,-1,Echolocation,/mnt/ubna_data_02_mir/recover-20220922/UBNA_001/20220921_090000.WAV,Telephone Field,recover-20220922,001,1795
238.4595,238.4688,28906,38095,Eptesicus serotinus,0.01,0.027,-1,Echolocation,/mnt/ubna_data_02_mir/recover-20220922/UBNA_001/20220921_090000.WAV,Telephone Field,recover-20220922,001,1795
238.4735,238.5082,68437,80732,Rhinolophus ferrumequinum,0.042,0.042,-1,Echolocation,/mnt/ubna_data_02_mir/recover-20220922/UBNA_001/20220921_090000.WAV,Telephone Field,recover-20220922,001,1795
238.5095,238.5168,24609,33979,Plecotus austriacus,0.006,0.022,-1,Echolocation,/mnt/ubna_data_02_mir/recover-20220922/UBNA_001/20220921_090000.WAV,Telephone Field,recover-20220922,001,1795
238.5515,238.5916,68437,82001,Rhinolophus ferrumequinum,0.024,0.024,-1,Echolocation,/mnt/ubna_data_02_mir/recover-20220922/UBNA_001/20220921_090000.WAV,Telephone Field,recover-20220922,001,1795
238.5655,238.6062,68437,82372,Rhinolophus ferrumequinum,0.023,0.023,-1,Echolocation,/mnt/ubna_data_02_mir/recover-20220922/UBNA_001/20220921_090000.WAV,Telephone Field,recover-20220922,001,1795
238.6065,238.6464,68437,82006,Rhinolophus ferrumequinum,0.027,0.028,-1,Echolocation,/mnt/ubna_data_02_mir/recover-20220922/UBNA_001/20220921_090000.WAV,Telephone Field,recover-20220922,001,1795
238.6205,238.6292,28046,38786,Eptesicus serotinus,0.008,0.022,-1,Echolocation,/mnt/ubna_data_02_mir/recover-20220922/UBNA_001/20220921_090000.WAV,Telephone Field,recover-20220922,001,1795
238.6565,238.666,51250,55647,Pipistrellus pipistrellus,0.018,0.023,-1,Echolocation,/mnt/ubna_data_02_mir/recover-20220922/UBNA_001/20220921_090000.WAV,Telephone Field,recover-20220922,001,1795
238.6745,238.7137,68437,82280,Rhinolophus ferrumequinum,0.037,0.037,-1,Echolocation,/mnt/ubna_data_02_mir/recover-20220922/UBNA_001/20220921_090000.WAV,Telephone Field,recover-20220922,001,1795
238.6865,238.7272,68437,82639,Rhinolophus ferrumequinum,0.024,0.024,-1,Echolocation,/mnt/ubna_data_02_mir/recover-20220922/UBNA_001/20220921_090000.WAV,Telephone Field,recover-20220922,001,1795
238.7055,238.7147,28046,39460,Eptesicus serotinus,0.01,0.024,-1,Echolocation,/mnt/ubna_data_02_mir/recover-20220922/UBNA_001/20220921_090000.WAV,Telephone Field,recover-20220922,001,1795
238.7155,238.7499,68437,80777,Rhinolophus ferrumequinum,0.026,0.026,-1,Echolocation,/mnt/ubna_data_02_mir/recover-20220922/UBNA_001/20220921_090000.WAV,Telephone Field,recover-20220922,001,1795
238.7255,238.7657,68437,82476,Rhinolophus ferrumequinum,0.033,0.033,-1,Echolocation,/mnt/ubna_data_02_mir/recover-20220922/UBNA_001/20220921_090000.WAV,Telephone Field,recover-20220922,001,1795
238.7295,238.7391,23750,31643,Nyctalus leisleri,0.009,0.031,-1,Echolocation,/mnt/ubna_data_02_mir/recover-20220922/UBNA_001/20220921_090000.WAV,Telephone Field,recover-20220922,001,1795
238.7315,238.738,49531,54704,Pipistrellus pipistrellus,0.029,0.031,-1,Echolocation,/mnt/ubna_data_02_mir/recover-20220922/UBNA_001/20220921_090000.WAV,Telephone Field,recover-20220922,001,1795
238.7505,238.7902,68437,81757,Rhinolophus ferrumequinum,0.023,0.023,-1,Echolocation,/mnt/ubna_data_02_mir/recover-20220922/UBNA_001/20220921_090000.WAV,Telephone Field,recover-20220922,001,1795
238.8055,238.8167,22031,27002,Nyctalus leisleri,0.011,0.022,-1,Echolocation,/mnt/ubna_data_02_mir/recover-20220922/UBNA_001/20220921_090000.WAV,Telephone Field,recover-20220922,001,1795
238.8065,238.8452,68437,81811,Rhinolophus ferrumequinum,0.023,0.023,-1,Echolocation,/mnt/ubna_data_02_mir/recover-20220922/UBNA_001/20220921_090000.WAV,Telephone Field,recover-20220922,001,1795
238.84550000000002,238.8549,27187,35953,Eptesicus serotinus,0.014,0.029,-1,Echolocation,/mnt/ubna_data_02_mir/recover-20220922/UBNA_001/20220921_090000.WAV,Telephone Field,recover-20220922,001,1795
238.8885,238.9283,68437,82416,Rhinolophus ferrumequinum,0.025,0.025,-1,Echolocation,/mnt/ubna_data_02_mir/recover-20220922/UBNA_001/20220921_090000.WAV,Telephone Field,recover-20220922,001,1795
238.8955,238.93540000000002,68437,82623,Rhinolophus ferrumequinum,0.027,0.027,-1,Echolocation,/mnt/ubna_data_02_mir/recover-20220922/UBNA_001/20220921_090000.WAV,Telephone Field,recover-20220922,001,1795
238.9245,238.9619,68437,81720,Rhinolophus ferrumequinum,0.025,0.025,-1,Echolocation,/mnt/ubna_data_02_mir/recover-20220922/UBNA_001/20220921_090000.WAV,Telephone Field,recover-20220922,001,1795
238.9325,238.9395,24609,34406,Plecotus austriacus,0.015,0.035,-1,Echolocation,/mnt/ubna_data_02_mir/recover-20220922/UBNA_001/20220921_090000.WAV,Telephone Field,recover-20220922,001,1795
238.9345,238.9735,68437,82659,Rhinolophus ferrumequinum,0.024,0.024,-1,Echolocation,/mnt/ubna_data_02_mir/recover-20220922/UBNA_001/20220921_090000.WAV,Telephone Field,recover-20220922,001,1795
238.9475,238.9557,31484,40501,Eptesicus serotinus,0.011,0.034,-1,Echolocation,/mnt/ubna_data_02_mir/recover-20220922/UBNA_001/20220921_090000.WAV,Telephone Field,recover-20220922,001,1795
238.9765,239.0149,68437,81843,Rhinolophus ferrumequinum,0.022,0.022,-1,Echolocation,/mnt/ubna_data_02_mir/recover-20220922/UBNA_001/20220921_090000.WAV,Telephone Field,recover-20220922,001,1795
239.0015,239.0412,68437,82211,Rhinolophus ferrumequinum,0.022,0.022,-1,Echolocation,/mnt/ubna_data_02_mir/recover-20220922/UBNA_001/20220921_090000.WAV,Telephone Field,recover-20220922,001,1795
239.0075,239.0145,28906,40829,Myotis daubentonii,0.009,0.031,-1,Echolocation,/mnt/ubna_data_02_mir/recover-20220922/UBNA_001/20220921_090000.WAV,Telephone Field,recover-20220922,001,1795
239.0405,239.0775,68437,82050,Rhinolophus ferrumequinum,0.024,0.024,-1,Echolocation,/mnt/ubna_data_02_mir/recover-20220922/UBNA_001/20220921_090000.WAV,Telephone Field,recover-20220922,001,1795
239.0885,239.1261,68437,82297,Rhinolophus ferrumequinum,0.023,0.023,-1,Echolocation,/mnt/ubna_data_02_mir/recover-20220922/UBNA_001/20220921_090000.WAV,Telephone Field,recover-20220922,001,1795
239.1015,239.1088,28046,37875,Eptesicus serotinus,0.011,0.03,-1,Echolocation,/mnt/ubna_data_02_mir/recover-20220922/UBNA_001/20220921_090000.WAV,Telephone Field,recover-20220922,001,1795
239.1325,239.1748,68437,82624,Rhinolophus ferrumequinum,0.052,0.052,-1,Echolocation,/mnt/ubna_data_02_mir/recover-20220922/UBNA_001/20220921_090000.WAV,Telephone Field,recover-20220922,001,1795
239.1555,239.1656,23750,30156,Nyctalus leisleri,0.009,0.023,-1,Echolocation,/mnt/ubna_data_02_mir/recover-20220922/UBNA_001/20220921_090000.WAV,Telephone Field,recover-20220922,001,1795
239.1565,239.1981,68437,82786,Rhinolophus ferrumequinum,0.022,0.022,-1,Echolocation,/mnt/ubna_data_02_mir/recover-20220922/UBNA_001/20220921_090000.WAV,Telephone Field,recover-20220922,001,1795
239.1835,239.2211,68437,81800,Rhinolophus ferrumequinum,0.022,0.023,-1,Echolocation,/mnt/ubna_data_02_mir/recover-20220922/UBNA_001/20220921_090000.WAV,Telephone Field,recover-20220922,001,1795
239.23250000000002,239.2715,68437,82505,Rhinolophus ferrumequinum,0.023,0.023,-1,Echolocation,/mnt/ubna_data_02_mir/recover-20220922/UBNA_001/20220921_090000.WAV,Telephone Field,recover-20220922,001,1795
239.3185,239.3592,68437,83037,Rhinolophus ferrumequinum,0.031,0.031,-1,Echolocation,/mnt/ubna_data_02_mir/recover-20220922/UBNA_001/20220921_090000.WAV,Telephone Field,recover-20220922,001,1795
239.3195,239.3284,28046,37442,Eptesicus serotinus,0.007,0.025,-1,Echolocation,/mnt/ubna_data_02_mir/recover-20220922/UBNA_001/20220921_090000.WAV,Telephone Field,recover-20220922,001,1795
239.3725,239.4112,68437,81731,Rhinolophus ferrumequinum,0.024,0.024,-1,Echolocation,/mnt/ubna_data_02_mir/recover-20220922/UBNA_001/20220921_090000.WAV,Telephone Field,recover-20220922,001,1795
239.40449999999998,239.4401,68437,81129,Rhinolophus ferrumequinum,0.022,0.022,-1,Echolocation,/mnt/ubna_data_02_mir/recover-20220922/UBNA_001/20220921_090000.WAV,Telephone Field,recover-20220922,001,1795
239.4315,239.4683,68437,81771,Rhinolophus ferrumequinum,0.021,0.021,-1,Echolocation,/mnt/ubna_data_02_mir/recover-20220922/UBNA_001/20220921_090000.WAV,Telephone Field,recover-20220922,001,1795
239.4415,239.452,28906,36000,Eptesicus serotinus,0.013,0.029,-1,Echolocation,/mnt/ubna_data_02_mir/recover-20220922/UBNA_001/20220921_090000.WAV,Telephone Field,recover-20220922,001,1795
239.4595,239.5023,68437,82921,Rhinolophus ferrumequinum,0.04,0.04,-1,Echolocation,/mnt/ubna_data_02_mir/recover-20220922/UBNA_001/20220921_090000.WAV,Telephone Field,recover-20220922,001,1795
239.5145,239.5513,68437,81550,Rhinolophus ferrumequinum,0.021,0.022,-1,Echolocation,/mnt/ubna_data_02_mir/recover-20220922/UBNA_001/20220921_090000.WAV,Telephone Field,recover-20220922,001,1795
239.52949999999998,239.5678,68437,81904,Rhinolophus ferrumequinum,0.022,0.022,-1,Echolocation,/mnt/ubna_data_02_mir/recover-20220922/UBNA_001/20220921_090000.WAV,Telephone Field,recover-20220922,001,1795
239.5435,239.5567,27187,32132,Nyctalus leisleri,0.021,0.049,-1,Echolocation,/mnt/ubna_data_02_mir/recover-20220922/UBNA_001/20220921_090000.WAV,Telephone Field,recover-20220922,001,1795
239.5855,239.62,68437,80960,Rhinolophus ferrumequinum,0.021,0.022,-1,Echolocation,/mnt/ubna_data_02_mir/recover-20220922/UBNA_001/20220921_090000.WAV,Telephone Field,recover-20220922,001,1795
239.6035,239.6408,68437,81941,Rhinolophus ferrumequinum,0.022,0.022,-1,Echolocation,/mnt/ubna_data_02_mir/recover-20220922/UBNA_001/20220921_090000.WAV,Telephone Field,recover-20220922,001,1795
239.6125,239.6201,28046,38962,Eptesicus serotinus,0.007,0.022,-1,Echolocation,/mnt/ubna_data_02_mir/recover-20220922/UBNA_001/20220921_090000.WAV,Telephone Field,recover-20220922,001,1795
239.6355,239.674,68437,82355,Rhinolophus ferrumequinum,0.026,0.026,-1,Echolocation,/mnt/ubna_data_02_mir/recover-20220922/UBNA_001/20220921_090000.WAV,Telephone Field,recover-20220922,001,1795
239.6635,239.7049,68437,82940,Rhinolophus ferrumequinum,0.023,0.023,-1,Echolocation,/mnt/ubna_data_02_mir/recover-20220922/UBNA_001/20220921_090000.WAV,Telephone Field,recover-20220922,001,1795
239.67849999999999,239.6887,28046,35968,Eptesicus serotinus,0.009,0.022,-1,Echolocation,/mnt/ubna_data_02_mir/recover-20220922/UBNA_001/20220921_090000.WAV,Telephone Field,recover-20220922,001,1795
239.6895,239.7252,68437,81077,Rhinolophus ferrumequinum,0.023,0.023,-1,Echolocation,/mnt/ubna_data_02_mir/recover-20220922/UBNA_001/20220921_090000.WAV,Telephone Field,recover-20220922,001,1795
239.6985,239.7376,68437,81568,Rhinolophus ferrumequinum,0.024,0.024,-1,Echolocation,/mnt/ubna_data_02_mir/recover-20220922/UBNA_001/20220921_090000.WAV,Telephone Field,recover-20220922,001,1795
239.7005,239.7082,22890,31515,Plecotus austriacus,0.012,0.025,-1,Echolocation,/mnt/ubna_data_02_mir/recover-20220922/UBNA_001/20220921_090000.WAV,Telephone Field,recover-20220922,001,1795
239.7265,239.7656,68437,81972,Rhinolophus ferrumequinum,0.022,0.022,-1,Echolocation,/mnt/ubna_data_02_mir/recover-20220922/UBNA_001/20220921_090000.WAV,Telephone Field,recover-20220922,001,1795
239.7365,239.7747,68437,81663,Rhinolophus ferrumequinum,0.022,0.022,-1,Echolocation,/mnt/ubna_data_02_mir/recover-20220922/UBNA_001/20220921_090000.WAV,Telephone Field,recover-20220922,001,1795
239.7775,239.81380000000001,68437,80933,Rhinolophus ferrumequinum,0.021,0.021,-1,Echolocation,/mnt/ubna_data_02_mir/recover-20220922/UBNA_001/20220921_090000.WAV,Telephone Field,recover-20220922,001,1795
239.7945,239.835,68437,81914,Rhinolophus ferrumequinum,0.024,0.024,-1,Echolocation,/mnt/ubna_data_02_mir/recover-20220922/UBNA_001/20220921_090000.WAV,Telephone Field,recover-20220922,001,1795
239.8005,239.8083,23750,32961,Plecotus austriacus,0.011,0.027,-1,Echolocation,/mnt/ubna_data_02_mir/recover-20220922/UBNA_001/20220921_090000.WAV,Telephone Field,recover-20220922,001,1795
239.8235,239.8661,68437,83027,Rhinolophus ferrumequinum,0.037,0.037,-1,Echolocation,/mnt/ubna_data_02_mir/recover-20220922/UBNA_001/20220921_090000.WAV,Telephone Field,recover-20220922,001,1795
239.8635,239.9015,68437,82389,Rhinolophus ferrumequinum,0.024,0.024,-1,Echolocation,/mnt/ubna_data_02_mir/recover-20220922/UBNA_001/20220921_090000.WAV,Telephone Field,recover-20220922,001,1795
239.8635,239.8706,28046,39304,Eptesicus serotinus,0.007,0.025,-1,Echolocation,/mnt/ubna_data_02_mir/recover-20220922/UBNA_001/20220921_090000.WAV,Telephone Field,recover-20220922,001,1795
239.8705,239.9063,68437,81463,Rhinolophus ferrumequinum,0.021,0.022,-1,Echolocation,/mnt/ubna_data_02_mir/recover-20220922/UBNA_001/20220921_090000.WAV,Telephone Field,recover-20220922,001,1795
239.8875,239.9244,68437,81586,Rhinolophus ferrumequinum,0.021,0.022,-1,Echolocation,/mnt/ubna_data_02_mir/recover-20220922/UBNA_001/20220921_090000.WAV,Telephone Field,recover-20220922,001,1795
239.8945,239.9332,68437,81612,Rhinolophus ferrumequinum,0.021,0.021,-1,Echolocation,/mnt/ubna_data_02_mir/recover-20220922/UBNA_001/20220921_090000.WAV,Telephone Field,recover-20220922,001,1795
239.9055,239.9423,68437,81564,Rhinolophus ferrumequinum,0.025,0.025,-1,Echolocation,/mnt/ubna_data_02_mir/recover-20220922/UBNA_001/20220921_090000.WAV,Telephone Field,recover-20220922,001,1795
239.9095,239.91910000000001,28906,40111,Eptesicus serotinus,0.011,0.026,-1,Echolocation,/mnt/ubna_data_02_mir/recover-20220922/UBNA_001/20220921_090000.WAV,Telephone Field,recover-20220922,001,1795
239.9305,239.9716,68437,82903,Rhinolophus ferrumequinum,0.033,0.033,-1,Echolocation,/mnt/ubna_data_02_mir/recover-20220922/UBNA_001/20220921_090000.WAV,Telephone Field,recover-20220922,001,1795
239.9795,239.9873,25468,35981,Plecotus austriacus,0.01,0.035,-1,Echolocation,/mnt/ubna_data_02_mir/recover-20220922/UBNA_001/20220921_090000.WAV,Telephone Field,recover-20220922,001,1795
240.0015,240.0101,22890,29770,Nyctalus leisleri,0.009,0.026,-1,Echolocation,/mnt/ubna_data_02_mir/recover-20220922/UBNA_001/20220921_090000.WAV,Telephone Field,recover-20220922,001,1795
240.0015,240.0348,69296,81414,Rhinolophus ferrumequinum,0.026,0.026,-1,Echolocation,/mnt/ubna_data_02_mir/recover-20220922/UBNA_001/20220921_090000.WAV,Telephone Field,recover-20220922,001,1795
240.0115,240.0599,68437,83906,Rhinolophus ferrumequinum,0.04,0.04,-1,Echolocation,/mnt/ubna_data_02_mir/recover-20220922/UBNA_001/20220921_090000.WAV,Telephone Field,recover-20220922,001,1795
240.0405,240.0462,15156,32875,Plecotus auritus,0.021,0.031,-1,Echolocation,/mnt/ubna_data_02_mir/recover-20220922/UBNA_001/20220921_090000.WAV,Telephone Field,recover-20220922,001,1795
240.0415,240.0482,22890,31833,Plecotus austriacus,0.023,0.048,-1,Echolocation,/mnt/ubna_data_02_mir/recover-20220922/UBNA_001/20220921_090000.WAV,Telephone Field,recover-20220922,001,1795
240.0415,240.082,68437,82207,Rhinolophus ferrumequinum,0.023,0.023,-1,Echolocation,/mnt/ubna_data_02_mir/recover-20220922/UBNA_001/20220921_090000.WAV,Telephone Field,recover-20220922,001,1795
240.0835,240.1237,68437,82620,Rhinolophus ferrumequinum,0.024,0.024,-1,Echolocation,/mnt/ubna_data_02_mir/recover-20220922/UBNA_001/20220921_090000.WAV,Telephone Field,recover-20220922,001,1795
240.1185,240.1579,68437,82646,Rhinolophus ferrumequinum,0.022,0.022,-1,Echolocation,/mnt/ubna_data_02_mir/recover-20220922/UBNA_001/20220921_090000.WAV,Telephone Field,recover-20220922,001,1795
240.1335,240.1753,68437,82568,Rhinolophus ferrumequinum,0.022,0.022,-1,Echolocation,/mnt/ubna_data_02_mir/recover-20220922/UBNA_001/20220921_090000.WAV,Telephone Field,recover-20220922,001,1795
240.1355,240.1442,23750,31559,Nyctalus leisleri,0.008,0.027,-1,Echolocation,/mnt/ubna_data_02_mir/recover-20220922/UBNA_001/20220921_090000.WAV,Telephone Field,recover-20220922,001,1795
240.1465,240.1859,68437,82154,Rhinolophus ferrumequinum,0.024,0.025,-1,Echolocation,/mnt/ubna_data_02_mir/recover-20220922/UBNA_001/20220921_090000.WAV,Telephone Field,recover-20220922,001,1795
240.1735,240.2121,68437,81671,Rhinolophus ferrumequinum,0.026,0.026,-1,Echolocation,/mnt/ubna_data_02_mir/recover-20220922/UBNA_001/20220921_090000.WAV,Telephone Field,recover-20220922,001,1795
240.1775,240.1877,24609,31751,Nyctalus leisleri,0.01,0.025,-1,Echolocation,/mnt/ubna_data_02_mir/recover-20220922/UBNA_001/20220921_090000.WAV,Telephone Field,recover-20220922,001,1795
240.1995,240.239,68437,82220,Rhinolophus ferrumequinum,0.029,0.029,-1,Echolocation,/mnt/ubna_data_02_mir/recover-20220922/UBNA_001/20220921_090000.WAV,Telephone Field,recover-20220922,001,1795
240.2265,240.242,14296,19331,Nyctalus noctula,0.019,0.028,-1,Echolocation,/mnt/ubna_data_02_mir/recover-20220922/UBNA_001/20220921_090000.WAV,Telephone Field,recover-20220922,001,1795
240.2275,240.2678,68437,82346,Rhinolophus ferrumequinum,0.034,0.034,-1,Echolocation,/mnt/ubna_data_02_mir/recover-20220922/UBNA_001/20220921_090000.WAV,Telephone Field,recover-20220922,001,1795
240.2545,240.2966,68437,82958,Rhinolophus ferrumequinum,0.029,0.029,-1,Echolocation,/mnt/ubna_data_02_mir/recover-20220922/UBNA_001/20220921_090000.WAV,Telephone Field,recover-20220922,001,1795
240.2845,240.2945,51250,56445,Pipistrellus pipistrellus,0.017,0.022,-1,Echolocation,/mnt/ubna_data_02_mir/recover-20220922/UBNA_001/20220921_090000.WAV,Telephone Field,recover-20220922,001,1795
240.2915,240.33,68437,81669,Rhinolophus ferrumequinum,0.027,0.027,-1,Echolocation,/mnt/ubna_data_02_mir/recover-20220922/UBNA_001/20220921_090000.WAV,Telephone Field,recover-20220922,001,1795
240.3085,240.3442,68437,81362,Rhinolophus ferrumequinum,0.022,0.022,-1,Echolocation,/mnt/ubna_data_02_mir/recover-20220922/UBNA_001/20220921_090000.WAV,Telephone Field,recover-20220922,001,1795
240.3575,240.3989,68437,82924,Rhinolophus ferrumequinum,0.032,0.032,-1,Echolocation,/mnt/ubna_data_02_mir/recover-20220922/UBNA_001/20220921_090000.WAV,Telephone Field,recover-20220922,001,1795
240.3795,240.3974,15156,20783,Nyctalus noctula,0.024,0.032,-1,Echolocation,/mnt/ubna_data_02_mir/recover-20220922/UBNA_001/20220921_090000.WAV,Telephone Field,recover-20220922,001,1795
240.4055,240.4436,68437,82128,Rhinolophus ferrumequinum,0.023,0.023,-1,Echolocation,/mnt/ubna_data_02_mir/recover-20220922/UBNA_001/20220921_090000.WAV,Telephone Field,recover-20220922,001,1795
240.4095,240.419,28906,37100,Eptesicus serotinus,0.009,0.023,-1,Echolocation,/mnt/ubna_data_02_mir/recover-20220922/UBNA_001/20220921_090000.WAV,Telephone Field,recover-20220922,001,1795
240.4265,240.4668,68437,82571,Rhinolophus ferrumequinum,0.023,0.023,-1,Echolocation,/mnt/ubna_data_02_mir/recover-20220922/UBNA_001/20220921_090000.WAV,Telephone Field,recover-20220922,001,1795
240.4285,240.44,24609,31085,Nyctalus leisleri,0.018,0.045,-1,Echolocation,/mnt/ubna_data_02_mir/recover-20220922/UBNA_001/20220921_090000.WAV,Telephone Field,recover-20220922,001,1795
240.4385,240.4793,68437,82355,Rhinolophus ferrumequinum,0.023,0.023,-1,Echolocation,/mnt/ubna_data_02_mir/recover-20220922/UBNA_001/20220921_090000.WAV,Telephone Field,recover-20220922,001,1795
240.4945,240.5045,28906,37608,Eptesicus serotinus,0.011,0.026,-1,Echolocation,/mnt/ubna_data_02_mir/recover-20220922/UBNA_001/20220921_090000.WAV,Telephone Field,recover-20220922,001,1795
240.4955,240.5333,68437,81797,Rhinolophus ferrumequinum,0.023,0.023,-1,Echolocation,/mnt/ubna_data_02_mir/recover-20220922/UBNA_001/20220921_090000.WAV,Telephone Field,recover-20220922,001,1795
240.5005,240.5406,68437,82417,Rhinolophus ferrumequinum,0.023,0.023,-1,Echolocation,/mnt/ubna_data_02_mir/recover-20220922/UBNA_001/20220921_090000.WAV,Telephone Field,recover-20220922,001,1795
240.5025,240.5121,28046,36251,Eptesicus serotinus,0.009,0.023,-1,Echolocation,/mnt/ubna_data_02_mir/recover-20220922/UBNA_001/20220921_090000.WAV,Telephone Field,recover-20220922,001,1795
240.5205,240.5608,68437,82316,Rhinolophus ferrumequinum,0.024,0.024,-1,Echolocation,/mnt/ubna_data_02_mir/recover-20220922/UBNA_001/20220921_090000.WAV,Telephone Field,recover-20220922,001,1795
240.5255,240.5663,68437,82960,Rhinolophus ferrumequinum,0.024,0.024,-1,Echolocation,/mnt/ubna_data_02_mir/recover-20220922/UBNA_001/20220921_090000.WAV,Telephone Field,recover-20220922,001,1795
240.5485,240.5891,68437,83361,Rhinolophus ferrumequinum,0.035,0.035,-1,Echolocation,/mnt/ubna_data_02_mir/recover-20220922/UBNA_001/20220921_090000.WAV,Telephone Field,recover-20220922,001,1795
240.5675,240.5788,28046,34948,Eptesicus serotinus,0.014,0.026,-1,Echolocation,/mnt/ubna_data_02_mir/recover-20220922/UBNA_001/20220921_090000.WAV,Telephone Field,recover-20220922,001,1795
240.5775,240.5888,28046,34148,Eptesicus serotinus,0.012,0.026,-1,Echolocation,/mnt/ubna_data_02_mir/recover-20220922/UBNA_001/20220921_090000.WAV,Telephone Field,recover-20220922,001,1795
240.6345,240.676,68437,82481,Rhinolophus ferrumequinum,0.025,0.025,-1,Echolocation,/mnt/ubna_data_02_mir/recover-20220922/UBNA_001/20220921_090000.WAV,Telephone Field,recover-20220922,001,1795
240.6395,240.6463,28046,37479,Eptesicus serotinus,0.007,0.024,-1,Echolocation,/mnt/ubna_data_02_mir/recover-20220922/UBNA_001/20220921_090000.WAV,Telephone Field,recover-20220922,001,1795
240.6545,240.6604,46093,51097,Pipistrellus pipistrellus,0.026,0.027,-1,Echolocation,/mnt/ubna_data_02_mir/recover-20220922/UBNA_001/20220921_090000.WAV,Telephone Field,recover-20220922,001,1795
240.6545,240.694,68437,81504,Rhinolophus ferrumequinum,0.023,0.023,-1,Echolocation,/mnt/ubna_data_02_mir/recover-20220922/UBNA_001/20220921_090000.WAV,Telephone Field,recover-20220922,001,1795
240.6595,240.6663,27187,39824,Eptesicus serotinus,0.006,0.023,-1,Echolocation,/mnt/ubna_data_02_mir/recover-20220922/UBNA_001/20220921_090000.WAV,Telephone Field,recover-20220922,001,1795
240.7085,240.7476,68437,82397,Rhinolophus ferrumequinum,0.027,0.027,-1,Echolocation,/mnt/ubna_data_02_mir/recover-20220922/UBNA_001/20220921_090000.WAV,Telephone Field,recover-20220922,001,1795
240.7445,240.7842,68437,82601,Rhinolophus ferrumequinum,0.032,0.032,-1,Echolocation,/mnt/ubna_data_02_mir/recover-20220922/UBNA_001/20220921_090000.WAV,Telephone Field,recover-20220922,001,1795
240.7925,240.805,22031,27365,Nyctalus leisleri,0.012,0.029,-1,Echolocation,/mnt/ubna_data_02_mir/recover-20220922/UBNA_001/20220921_090000.WAV,Telephone Field,recover-20220922,001,1795
240.8135,240.8538,68437,82337,Rhinolophus ferrumequinum,0.039,0.039,-1,Echolocation,/mnt/ubna_data_02_mir/recover-20220922/UBNA_001/20220921_090000.WAV,Telephone Field,recover-20220922,001,1795
240.8485,240.8875,68437,81957,Rhinolophus ferrumequinum,0.029,0.029,-1,Echolocation,/mnt/ubna_data_02_mir/recover-20220922/UBNA_001/20220921_090000.WAV,Telephone Field,recover-20220922,001,1795
240.8545,240.8949,68437,82249,Rhinolophus ferrumequinum,0.027,0.027,-1,Echolocation,/mnt/ubna_data_02_mir/recover-20220922/UBNA_001/20220921_090000.WAV,Telephone Field,recover-20220922,001,1795
240.8685,240.9079,68437,82323,Rhinolophus ferrumequinum,0.029,0.029,-1,Echolocation,/mnt/ubna_data_02_mir/recover-20220922/UBNA_001/20220921_090000.WAV,Telephone Field,recover-20220922,001,1795
240.8975,240.9034,47812,51615,Pipistrellus pipistrellus,0.033,0.034,-1,Echolocation,/mnt/ubna_data_02_mir/recover-20220922/UBNA_001/20220921_090000.WAV,Telephone Field,recover-20220922,001,1795
240.9255,240.9677,68437,82908,Rhinolophus ferrumequinum,0.024,0.024,-1,Echolocation,/mnt/ubna_data_02_mir/recover-20220922/UBNA_001/20220921_090000.WAV,Telephone Field,recover-20220922,001,1795
240.9475,240.9853,68437,81578,Rhinolophus ferrumequinum,0.024,0.024,-1,Echolocation,/mnt/ubna_data_02_mir/recover-20220922/UBNA_001/20220921_090000.WAV,Telephone Field,recover-20220922,001,1795
240.9765,241.0148,68437,82093,Rhinolophus ferrumequinum,0.026,0.026,-1,Echolocation,/mnt/ubna_data_02_mir/recover-20220922/UBNA_001/20220921_090000.WAV,Telephone Field,recover-20220922,001,1795
241.0045,241.0478,68437,82790,Rhinolophus ferrumequinum,0.027,0.028,-1,Echolocation,/mnt/ubna_data_02_mir/recover-20220922/UBNA_001/20220921_090000.WAV,Telephone Field,recover-20220922,001,1795
241.0105,241.021,28906,37097,Eptesicus serotinus,0.011,0.024,-1,Echolocation,/mnt/ubna_data_02_mir/recover-20220922/UBNA_001/20220921_090000.WAV,Telephone Field,recover-20220922,001,1795
241.0805,241.0917,22890,28394,Nyctalus leisleri,0.01,0.023,-1,Echolocation,/mnt/ubna_data_02_mir/recover-20220922/UBNA_001/20220921_090000.WAV,Telephone Field,recover-20220922,001,1795
241.1225,241.1318,30625,38517,Eptesicus serotinus,0.007,0.023,-1,Echolocation,/mnt/ubna_data_02_mir/recover-20220922/UBNA_001/20220921_090000.WAV,Telephone Field,recover-20220922,001,1795
241.1335,241.1756,68437,82748,Rhinolophus ferrumequinum,0.023,0.023,-1,Echolocation,/mnt/ubna_data_02_mir/recover-20220922/UBNA_001/20220921_090000.WAV,Telephone Field,recover-20220922,001,1795
241.1475,241.1593,29765,36148,Eptesicus serotinus,0.021,0.038,-1,Echolocation,/mnt/ubna_data_02_mir/recover-20220922/UBNA_001/20220921_090000.WAV,Telephone Field,recover-20220922,001,1795
241.1755,241.2158,68437,82039,Rhinolophus ferrumequinum,0.032,0.032,-1,Echolocation,/mnt/ubna_data_02_mir/recover-20220922/UBNA_001/20220921_090000.WAV,Telephone Field,recover-20220922,001,1795
241.2215,241.2609,68437,81404,Rhinolophus ferrumequinum,0.036,0.036,-1,Echolocation,/mnt/ubna_data_02_mir/recover-20220922/UBNA_001/20220921_090000.WAV,Telephone Field,recover-20220922,001,1795
241.2765,241.3141,68437,82503,Rhinolophus ferrumequinum,0.022,0.023,-1,Echolocation,/mnt/ubna_data_02_mir/recover-20220922/UBNA_001/20220921_090000.WAV,Telephone Field,recover-20220922,001,1795
241.2925,241.3292,68437,81004,Rhinolophus ferrumequinum,0.027,0.027,-1,Echolocation,/mnt/ubna_data_02_mir/recover-20220922/UBNA_001/20220921_090000.WAV,Telephone Field,recover-20220922,001,1795
241.3175,241.3259,47812,51973,Pipistrellus pipistrellus,0.024,0.025,-1,Echolocation,/mnt/ubna_data_02_mir/recover-20220922/UBNA_001/20220921_090000.WAV,Telephone Field,recover-20220922,001,1795
241.3215,241.3286,22890,31501,Plecotus austriacus,0.016,0.03,-1,Echolocation,/mnt/ubna_data_02_mir/recover-20220922/UBNA_001/20220921_090000.WAV,Telephone Field,recover-20220922,001,1795
241.3295,241.3689,68437,81693,Rhinolophus ferrumequinum,0.023,0.023,-1,Echolocation,/mnt/ubna_data_02_mir/recover-20220922/UBNA_001/20220921_090000.WAV,Telephone Field,recover-20220922,001,1795
241.3485,241.3585,28906,37018,Eptesicus serotinus,0.01,0.023,-1,Echolocation,/mnt/ubna_data_02_mir/recover-20220922/UBNA_001/20220921_090000.WAV,Telephone Field,recover-20220922,001,1795
241.3605,241.4071,68437,83462,Rhinolophus ferrumequinum,0.083,0.083,-1,Echolocation,/mnt/ubna_data_02_mir/recover-20220922/UBNA_001/20220921_090000.WAV,Telephone Field,recover-20220922,001,1795
241.3735,241.3804,48671,55455,Pipistrellus pipistrellus,0.021,0.023,-1,Echolocation,/mnt/ubna_data_02_mir/recover-20220922/UBNA_001/20220921_090000.WAV,Telephone Field,recover-20220922,001,1795
241.3835,241.3943,23750,29167,Nyctalus leisleri,0.013,0.028,-1,Echolocation,/mnt/ubna_data_02_mir/recover-20220922/UBNA_001/20220921_090000.WAV,Telephone Field,recover-20220922,001,1795
241.4095,241.4517,68437,82559,Rhinolophus ferrumequinum,0.03,0.03,-1,Echolocation,/mnt/ubna_data_02_mir/recover-20220922/UBNA_001/20220921_090000.WAV,Telephone Field,recover-20220922,001,1795
241.4265,241.4651,68437,82208,Rhinolophus ferrumequinum,0.023,0.023,-1,Echolocation,/mnt/ubna_data_02_mir/recover-20220922/UBNA_001/20220921_090000.WAV,Telephone Field,recover-20220922,001,1795
241.4525,241.4984,68437,83291,Rhinolophus ferrumequinum,0.054,0.054,-1,Echolocation,/mnt/ubna_data_02_mir/recover-20220922/UBNA_001/20220921_090000.WAV,Telephone Field,recover-20220922,001,1795
241.4615,241.4694,50390,54785,Pipistrellus pipistrellus,0.021,0.023,-1,Echolocation,/mnt/ubna_data_02_mir/recover-20220922/UBNA_001/20220921_090000.WAV,Telephone Field,recover-20220922,001,1795
241.4635,241.4789,28046,33801,Eptesicus serotinus,0.026,0.044,-1,Echolocation,/mnt/ubna_data_02_mir/recover-20220922/UBNA_001/20220921_090000.WAV,Telephone Field,recover-20220922,001,1795
241.4805,241.524,68437,82812,Rhinolophus ferrumequinum,0.028,0.028,-1,Echolocation,/mnt/ubna_data_02_mir/recover-20220922/UBNA_001/20220921_090000.WAV,Telephone Field,recover-20220922,001,1795
241.5315,241.5694,68437,81530,Rhinolophus ferrumequinum,0.023,0.023,-1,Echolocation,/mnt/ubna_data_02_mir/recover-20220922/UBNA_001/20220921_090000.WAV,Telephone Field,recover-20220922,001,1795
241.5435,241.5832,68437,82498,Rhinolophus ferrumequinum,0.027,0.027,-1,Echolocation,/mnt/ubna_data_02_mir/recover-20220922/UBNA_001/20220921_090000.WAV,Telephone Field,recover-20220922,001,1795
241.5825,241.622,68437,82001,Rhinolophus ferrumequinum,0.025,0.026,-1,Echolocation,/mnt/ubna_data_02_mir/recover-20220922/UBNA_001/20220921_090000.WAV,Telephone Field,recover-20220922,001,1795
241.6165,241.6549,68437,81775,Rhinolophus ferrumequinum,0.024,0.024,-1,Echolocation,/mnt/ubna_data_02_mir/recover-20220922/UBNA_001/20220921_090000.WAV,Telephone Field,recover-20220922,001,1795
241.6215,241.6324,22890,27785,Nyctalus leisleri,0.012,0.023,-1,Echolocation,/mnt/ubna_data_02_mir/recover-20220922/UBNA_001/20220921_090000.WAV,Telephone Field,recover-20220922,001,1795
241.6735,241.7126,68437,82327,Rhinolophus ferrumequinum,0.023,0.023,-1,Echolocation,/mnt/ubna_data_02_mir/recover-20220922/UBNA_001/20220921_090000.WAV,Telephone Field,recover-20220922,001,1795
241.6935,241.7338,68437,82824,Rhinolophus ferrumequinum,0.023,0.023,-1,Echolocation,/mnt/ubna_data_02_mir/recover-20220922/UBNA_001/20220921_090000.WAV,Telephone Field,recover-20220922,001,1795
241.7205,241.7619,68437,82686,Rhinolophus ferrumequinum,0.025,0.025,-1,Echolocation,/mnt/ubna_data_02_mir/recover-20220922/UBNA_001/20220921_090000.WAV,Telephone Field,recover-20220922,001,1795
241.7405,241.7813,68437,82310,Rhinolophus ferrumequinum,0.025,0.025,-1,Echolocation,/mnt/ubna_data_02_mir/recover-20220922/UBNA_001/20220921_090000.WAV,Telephone Field,recover-20220922,001,1795
241.7495,241.7573,26328,36264,Eptesicus serotinus,0.012,0.032,-1,Echolocation,/mnt/ubna_data_02_mir/recover-20220922/UBNA_001/20220921_090000.WAV,Telephone Field,recover-20220922,001,1795
241.7875,241.8297,68437,82849,Rhinolophus ferrumequinum,0.026,0.026,-1,Echolocation,/mnt/ubna_data_02_mir/recover-20220922/UBNA_001/20220921_090000.WAV,Telephone Field,recover-20220922,001,1795
241.7975,241.8406,68437,83146,Rhinolophus ferrumequinum,0.027,0.027,-1,Echolocation,/mnt/ubna_data_02_mir/recover-20220922/UBNA_001/20220921_090000.WAV,Telephone Field,recover-20220922,001,1795
241.8325,241.8415,27187,34513,Eptesicus serotinus,0.043,0.076,-1,Echolocation,/mnt/ubna_data_02_mir/recover-20220922/UBNA_001/20220921_090000.WAV,Telephone Field,recover-20220922,001,1795
241.8515,241.8623,22890,28185,Nyctalus leisleri,0.01,0.023,-1,Echolocation,/mnt/ubna_data_02_mir/recover-20220922/UBNA_001/20220921_090000.WAV,Telephone Field,recover-20220922,001,1795
241.8745,241.8839,29765,37548,Eptesicus serotinus,0.014,0.03,-1,Echolocation,/mnt/ubna_data_02_mir/recover-20220922/UBNA_001/20220921_090000.WAV,Telephone Field,recover-20220922,001,1795
241.9295,241.9739,68437,83757,Rhinolophus ferrumequinum,0.038,0.038,-1,Echolocation,/mnt/ubna_data_02_mir/recover-20220922/UBNA_001/20220921_090000.WAV,Telephone Field,recover-20220922,001,1795
241.9445,241.9851,68437,82828,Rhinolophus ferrumequinum,0.023,0.023,-1,Echolocation,/mnt/ubna_data_02_mir/recover-20220922/UBNA_001/20220921_090000.WAV,Telephone Field,recover-20220922,001,1795
241.9795,241.9903,22890,27969,Nyctalus leisleri,0.011,0.023,-1,Echolocation,/mnt/ubna_data_02_mir/recover-20220922/UBNA_001/20220921_090000.WAV,Telephone Field,recover-20220922,001,1795
242.0015,242.0331,68437,79910,Rhinolophus ferrumequinum,0.04,0.041,-1,Echolocation,/mnt/ubna_data_02_mir/recover-20220922/UBNA_001/20220921_090000.WAV,Telephone Field,recover-20220922,001,1795
242.0015,242.0141,48671,52904,Pipistrellus pipistrellus,0.016,0.024,-1,Echolocation,/mnt/ubna_data_02_mir/recover-20220922/UBNA_001/20220921_090000.WAV,Telephone Field,recover-20220922,001,1795
242.0015,242.0127,27187,33899,Nyctalus leisleri,0.018,0.045,-1,Echolocation,/mnt/ubna_data_02_mir/recover-20220922/UBNA_001/20220921_090000.WAV,Telephone Field,recover-20220922,001,1795
242.0035,242.0188,53828,58478,Pipistrellus pygmaeus,0.032,0.033,-1,Echolocation,/mnt/ubna_data_02_mir/recover-20220922/UBNA_001/20220921_090000.WAV,Telephone Field,recover-20220922,001,1795
242.0075,242.0478,68437,81481,Rhinolophus ferrumequinum,0.023,0.023,-1,Echolocation,/mnt/ubna_data_02_mir/recover-20220922/UBNA_001/20220921_090000.WAV,Telephone Field,recover-20220922,001,1795
242.0495,242.06,26328,33339,Eptesicus serotinus,0.011,0.025,-1,Echolocation,/mnt/ubna_data_02_mir/recover-20220922/UBNA_001/20220921_090000.WAV,Telephone Field,recover-20220922,001,1795
242.1195,242.1269,27187,39154,Eptesicus serotinus,0.006,0.023,-1,Echolocation,/mnt/ubna_data_02_mir/recover-20220922/UBNA_001/20220921_090000.WAV,Telephone Field,recover-20220922,001,1795
242.1425,242.1521,49531,54047,Pipistrellus pipistrellus,0.048,0.052,-1,Echolocation,/mnt/ubna_data_02_mir/recover-20220922/UBNA_001/20220921_090000.WAV,Telephone Field,recover-20220922,001,1795
242.2045,242.2112,25468,34834,Plecotus austriacus,0.006,0.022,-1,Echolocation,/mnt/ubna_data_02_mir/recover-20220922/UBNA_001/20220921_090000.WAV,Telephone Field,recover-20220922,001,1795
242.2275,242.2352,28906,38245,Eptesicus serotinus,0.008,0.025,-1,Echolocation,/mnt/ubna_data_02_mir/recover-20220922/UBNA_001/20220921_090000.WAV,Telephone Field,recover-20220922,001,1795
242.2675,242.3073,68437,82415,Rhinolophus ferrumequinum,0.028,0.028,-1,Echolocation,/mnt/ubna_data_02_mir/recover-20220922/UBNA_001/20220921_090000.WAV,Telephone Field,recover-20220922,001,1795
242.2895,242.2967,28046,40071,Eptesicus serotinus,0.006,0.023,-1,Echolocation,/mnt/ubna_data_02_mir/recover-20220922/UBNA_001/20220921_090000.WAV,Telephone Field,recover-20220922,001,1795
242.3105,242.3203,22890,29148,Nyctalus leisleri,0.01,0.026,-1,Echolocation,/mnt/ubna_data_02_mir/recover-20220922/UBNA_001/20220921_090000.WAV,Telephone Field,recover-20220922,001,1795
242.3455,242.3532,28906,38843,Eptesicus serotinus,0.007,0.022,-1,Echolocation,/mnt/ubna_data_02_mir/recover-20220922/UBNA_001/20220921_090000.WAV,Telephone Field,recover-20220922,001,1795
242.3495,242.3575,22890,30110,Plecotus austriacus,0.011,0.024,-1,Echolocation,/mnt/ubna_data_02_mir/recover-20220922/UBNA_001/20220921_090000.WAV,Telephone Field,recover-20220922,001,1795
242.3565,242.3941,68437,81763,Rhinolophus ferrumequinum,0.024,0.024,-1,Echolocation,/mnt/ubna_data_02_mir/recover-20220922/UBNA_001/20220921_090000.WAV,Telephone Field,recover-20220922,001,1795
242.3695,242.4117,68437,82864,Rhinolophus ferrumequinum,0.024,0.024,-1,Echolocation,/mnt/ubna_data_02_mir/recover-20220922/UBNA_001/20220921_090000.WAV,Telephone Field,recover-20220922,001,1795
242.3935,242.4061,23750,28881,Nyctalus leisleri,0.017,0.032,-1,Echolocation,/mnt/ubna_data_02_mir/recover-20220922/UBNA_001/20220921_090000.WAV,Telephone Field,recover-20220922,001,1795
242.4105,242.4505,68437,81848,Rhinolophus ferrumequinum,0.025,0.025,-1,Echolocation,/mnt/ubna_data_02_mir/recover-20220922/UBNA_001/20220921_090000.WAV,Telephone Field,recover-20220922,001,1795
242.4265,242.435,27187,38822,Eptesicus serotinus,0.01,0.027,-1,Echolocation,/mnt/ubna_data_02_mir/recover-20220922/UBNA_001/20220921_090000.WAV,Telephone Field,recover-20220922,001,1795
242.4635,242.503,68437,82492,Rhinolophus ferrumequinum,0.022,0.022,-1,Echolocation,/mnt/ubna_data_02_mir/recover-20220922/UBNA_001/20220921_090000.WAV,Telephone Field,recover-20220922,001,1795
242.4705,242.4798,24609,31661,Eptesicus serotinus,0.007,0.022,-1,Echolocation,/mnt/ubna_data_02_mir/recover-20220922/UBNA_001/20220921_090000.WAV,Telephone Field,recover-20220922,001,1795
242.4915,242.4984,27187,40667,Eptesicus serotinus,0.011,0.035,-1,Echolocation,/mnt/ubna_data_02_mir/recover-20220922/UBNA_001/20220921_090000.WAV,Telephone Field,recover-20220922,001,1795
242.5425,242.5829,68437,82834,Rhinolophus ferrumequinum,0.024,0.024,-1,Echolocation,/mnt/ubna_data_02_mir/recover-20220922/UBNA_001/20220921_090000.WAV,Telephone Field,recover-20220922,001,1795
242.5685,242.6069,68437,81966,Rhinolophus ferrumequinum,0.023,0.023,-1,Echolocation,/mnt/ubna_data_02_mir/recover-20220922/UBNA_001/20220921_090000.WAV,Telephone Field,recover-20220922,001,1795
242.5715,242.5823,28046,34262,Eptesicus serotinus,0.017,0.033,-1,Echolocation,/mnt/ubna_data_02_mir/recover-20220922/UBNA_001/20220921_090000.WAV,Telephone Field,recover-20220922,001,1795
242.5765,242.6164,68437,82237,Rhinolophus ferrumequinum,0.023,0.023,-1,Echolocation,/mnt/ubna_data_02_mir/recover-20220922/UBNA_001/20220921_090000.WAV,Telephone Field,recover-20220922,001,1795
242.6005,242.6082,23750,32579,Plecotus austriacus,0.008,0.022,-1,Echolocation,/mnt/ubna_data_02_mir/recover-20220922/UBNA_001/20220921_090000.WAV,Telephone Field,recover-20220922,001,1795
242.6005,242.6079,28046,41078,Eptesicus serotinus,0.007,0.022,-1,Echolocation,/mnt/ubna_data_02_mir/recover-20220922/UBNA_001/20220921_090000.WAV,Telephone Field,recover-20220922,001,1795
242.6325,242.6411,25468,33768,Eptesicus serotinus,0.007,0.023,-1,Echolocation,/mnt/ubna_data_02_mir/recover-20220922/UBNA_001/20220921_090000.WAV,Telephone Field,recover-20220922,001,1795
242.6335,242.6739,68437,82498,Rhinolophus ferrumequinum,0.024,0.024,-1,Echolocation,/mnt/ubna_data_02_mir/recover-20220922/UBNA_001/20220921_090000.WAV,Telephone Field,recover-20220922,001,1795
242.6425,242.6816,68437,82053,Rhinolophus ferrumequinum,0.024,0.024,-1,Echolocation,/mnt/ubna_data_02_mir/recover-20220922/UBNA_001/20220921_090000.WAV,Telephone Field,recover-20220922,001,1795
242.7045,242.7427,68437,81643,Rhinolophus ferrumequinum,0.029,0.029,-1,Echolocation,/mnt/ubna_data_02_mir/recover-20220922/UBNA_001/20220921_090000.WAV,Telephone Field,recover-20220922,001,1795
242.7215,242.7372,35781,39793,Pipistrellus nathusii,0.06,0.085,-1,Echolocation,/mnt/ubna_data_02_mir/recover-20220922/UBNA_001/20220921_090000.WAV,Telephone Field,recover-20220922,001,1795
242.7455,242.7861,68437,82658,Rhinolophus ferrumequinum,0.027,0.027,-1,Echolocation,/mnt/ubna_data_02_mir/recover-20220922/UBNA_001/20220921_090000.WAV,Telephone Field,recover-20220922,001,1795
242.7605,242.8039,68437,83291,Rhinolophus ferrumequinum,0.039,0.039,-1,Echolocation,/mnt/ubna_data_02_mir/recover-20220922/UBNA_001/20220921_090000.WAV,Telephone Field,recover-20220922,001,1795
242.7715,242.7798,26328,34517,Eptesicus serotinus,0.008,0.024,-1,Echolocation,/mnt/ubna_data_02_mir/recover-20220922/UBNA_001/20220921_090000.WAV,Telephone Field,recover-20220922,001,1795
242.8065,242.8439,68437,81439,Rhinolophus ferrumequinum,0.023,0.023,-1,Echolocation,/mnt/ubna_data_02_mir/recover-20220922/UBNA_001/20220921_090000.WAV,Telephone Field,recover-20220922,001,1795
242.8095,242.8197,24609,32152,Nyctalus leisleri,0.008,0.022,-1,Echolocation,/mnt/ubna_data_02_mir/recover-20220922/UBNA_001/20220921_090000.WAV,Telephone Field,recover-20220922,001,1795
242.8335,242.8752,68437,82468,Rhinolophus ferrumequinum,0.025,0.025,-1,Echolocation,/mnt/ubna_data_02_mir/recover-20220922/UBNA_001/20220921_090000.WAV,Telephone Field,recover-20220922,001,1795
242.8415,242.8482,28046,43667,Eptesicus serotinus,0.006,0.024,-1,Echolocation,/mnt/ubna_data_02_mir/recover-20220922/UBNA_001/20220921_090000.WAV,Telephone Field,recover-20220922,001,1795
242.8715,242.8804,28906,38512,Eptesicus serotinus,0.008,0.023,-1,Echolocation,/mnt/ubna_data_02_mir/recover-20220922/UBNA_001/20220921_090000.WAV,Telephone Field,recover-20220922,001,1795
242.8955,242.9343,68437,82356,Rhinolophus ferrumequinum,0.022,0.022,-1,Echolocation,/mnt/ubna_data_02_mir/recover-20220922/UBNA_001/20220921_090000.WAV,Telephone Field,recover-20220922,001,1795
242.8965,242.9088,23750,29219,Nyctalus leisleri,0.016,0.034,-1,Echolocation,/mnt/ubna_data_02_mir/recover-20220922/UBNA_001/20220921_090000.WAV,Telephone Field,recover-20220922,001,1795
242.9085,242.9179,22890,29409,Nyctalus leisleri,0.008,0.024,-1,Echolocation,/mnt/ubna_data_02_mir/recover-20220922/UBNA_001/20220921_090000.WAV,Telephone Field,recover-20220922,001,1795
242.9105,242.9189,29765,39888,Eptesicus serotinus,0.008,0.022,-1,Echolocation,/mnt/ubna_data_02_mir/recover-20220922/UBNA_001/20220921_090000.WAV,Telephone Field,recover-20220922,001,1795
242.9365,242.9785,68437,83018,Rhinolophus ferrumequinum,0.042,0.042,-1,Echolocation,/mnt/ubna_data_02_mir/recover-20220922/UBNA_001/20220921_090000.WAV,Telephone Field,recover-20220922,001,1795
242.9755,242.9839,27187,37059,Eptesicus serotinus,0.008,0.024,-1,Echolocation,/mnt/ubna_data_02_mir/recover-20220922/UBNA_001/20220921_090000.WAV,Telephone Field,recover-20220922,001,1795
243.0465,243.0544,27187,39664,Eptesicus serotinus,0.007,0.022,-1,Echolocation,/mnt/ubna_data_02_mir/recover-20220922/UBNA_001/20220921_090000.WAV,Telephone Field,recover-20220922,001,1795
243.0705,243.1086,68437,81946,Rhinolophus ferrumequinum,0.022,0.023,-1,Echolocation,/mnt/ubna_data_02_mir/recover-20220922/UBNA_001/20220921_090000.WAV,Telephone Field,recover-20220922,001,1795
243.0945,243.1334,68437,81973,Rhinolophus ferrumequinum,0.024,0.024,-1,Echolocation,/mnt/ubna_data_02_mir/recover-20220922/UBNA_001/20220921_090000.WAV,Telephone Field,recover-20220922,001,1795
243.1125,243.1177,28046,38730,Plecotus auritus,0.046,0.102,-1,Echolocation,/mnt/ubna_data_02_mir/recover-20220922/UBNA_001/20220921_090000.WAV,Telephone Field,recover-20220922,001,1795
243.1255,243.1678,68437,82684,Rhinolophus ferrumequinum,0.041,0.041,-1,Echolocation,/mnt/ubna_data_02_mir/recover-20220922/UBNA_001/20220921_090000.WAV,Telephone Field,recover-20220922,001,1795
243.1655,243.1732,33203,46374,Myotis daubentonii,0.009,0.024,-1,Echolocation,/mnt/ubna_data_02_mir/recover-20220922/UBNA_001/20220921_090000.WAV,Telephone Field,recover-20220922,001,1795
243.1665,243.1737,27187,43370,Eptesicus serotinus,0.007,0.024,-1,Echolocation,/mnt/ubna_data_02_mir/recover-20220922/UBNA_001/20220921_090000.WAV,Telephone Field,recover-20220922,001,1795
243.1955,243.2313,68437,80914,Rhinolophus ferrumequinum,0.025,0.025,-1,Echolocation,/mnt/ubna_data_02_mir/recover-20220922/UBNA_001/20220921_090000.WAV,Telephone Field,recover-20220922,001,1795
243.2375,243.2797,68437,82615,Rhinolophus ferrumequinum,0.028,0.028,-1,Echolocation,/mnt/ubna_data_02_mir/recover-20220922/UBNA_001/20220921_090000.WAV,Telephone Field,recover-20220922,001,1795
243.2745,243.3143,68437,82486,Rhinolophus ferrumequinum,0.022,0.022,-1,Echolocation,/mnt/ubna_data_02_mir/recover-20220922/UBNA_001/20220921_090000.WAV,Telephone Field,recover-20220922,001,1795
243.2945,243.3289,68437,81063,Rhinolophus ferrumequinum,0.022,0.022,-1,Echolocation,/mnt/ubna_data_02_mir/recover-20220922/UBNA_001/20220921_090000.WAV,Telephone Field,recover-20220922,001,1795
243.3055,243.3447,68437,82405,Rhinolophus ferrumequinum,0.023,0.023,-1,Echolocation,/mnt/ubna_data_02_mir/recover-20220922/UBNA_001/20220921_090000.WAV,Telephone Field,recover-20220922,001,1795
243.3175,243.3241,28046,40297,Eptesicus serotinus,0.008,0.03,-1,Echolocation,/mnt/ubna_data_02_mir/recover-20220922/UBNA_001/20220921_090000.WAV,Telephone Field,recover-20220922,001,1795
243.3635,243.4037,68437,81926,Rhinolophus ferrumequinum,0.054,0.054,-1,Echolocation,/mnt/ubna_data_02_mir/recover-20220922/UBNA_001/20220921_090000.WAV,Telephone Field,recover-20220922,001,1795
243.3985,243.4068,28046,39017,Eptesicus serotinus,0.008,0.025,-1,Echolocation,/mnt/ubna_data_02_mir/recover-20220922/UBNA_001/20220921_090000.WAV,Telephone Field,recover-20220922,001,1795
243.4185,243.4567,68437,82344,Rhinolophus ferrumequinum,0.023,0.023,-1,Echolocation,/mnt/ubna_data_02_mir/recover-20220922/UBNA_001/20220921_090000.WAV,Telephone Field,recover-20220922,001,1795
243.4505,243.488,68437,81815,Rhinolophus ferrumequinum,0.022,0.022,-1,Echolocation,/mnt/ubna_data_02_mir/recover-20220922/UBNA_001/20220921_090000.WAV,Telephone Field,recover-20220922,001,1795
243.5095,243.5459,68437,81570,Rhinolophus ferrumequinum,0.023,0.023,-1,Echolocation,/mnt/ubna_data_02_mir/recover-20220922/UBNA_001/20220921_090000.WAV,Telephone Field,recover-20220922,001,1795
243.5225,243.5611,68437,82018,Rhinolophus ferrumequinum,0.022,0.022,-1,Echolocation,/mnt/ubna_data_02_mir/recover-20220922/UBNA_001/20220921_090000.WAV,Telephone Field,recover-20220922,001,1795
243.5445,243.5802,68437,81456,Rhinolophus ferrumequinum,0.026,0.026,-1,Echolocation,/mnt/ubna_data_02_mir/recover-20220922/UBNA_001/20220921_090000.WAV,Telephone Field,recover-20220922,001,1795
243.5515,243.5628,22890,28205,Nyctalus leisleri,0.01,0.022,-1,Echolocation,/mnt/ubna_data_02_mir/recover-20220922/UBNA_001/20220921_090000.WAV,Telephone Field,recover-20220922,001,1795
243.5705,243.581,23750,30357,Nyctalus leisleri,0.01,0.026,-1,Echolocation,/mnt/ubna_data_02_mir/recover-20220922/UBNA_001/20220921_090000.WAV,Telephone Field,recover-20220922,001,1795
243.5755,243.6163,68437,82860,Rhinolophus ferrumequinum,0.042,0.042,-1,Echolocation,/mnt/ubna_data_02_mir/recover-20220922/UBNA_001/20220921_090000.WAV,Telephone Field,recover-20220922,001,1795
243.6075,243.6454,68437,82467,Rhinolophus ferrumequinum,0.024,0.024,-1,Echolocation,/mnt/ubna_data_02_mir/recover-20220922/UBNA_001/20220921_090000.WAV,Telephone Field,recover-20220922,001,1795
243.6235,243.6326,28046,37990,Eptesicus serotinus,0.01,0.026,-1,Echolocation,/mnt/ubna_data_02_mir/recover-20220922/UBNA_001/20220921_090000.WAV,Telephone Field,recover-20220922,001,1795
243.6435,243.6523,23750,31103,Plecotus austriacus,0.008,0.025,-1,Echolocation,/mnt/ubna_data_02_mir/recover-20220922/UBNA_001/20220921_090000.WAV,Telephone Field,recover-20220922,001,1795
243.6455,243.6843,68437,82405,Rhinolophus ferrumequinum,0.03,0.03,-1,Echolocation,/mnt/ubna_data_02_mir/recover-20220922/UBNA_001/20220921_090000.WAV,Telephone Field,recover-20220922,001,1795
243.6585,243.6973,68437,81743,Rhinolophus ferrumequinum,0.022,0.022,-1,Echolocation,/mnt/ubna_data_02_mir/recover-20220922/UBNA_001/20220921_090000.WAV,Telephone Field,recover-20220922,001,1795
243.6625,243.671,28046,40854,Eptesicus serotinus,0.008,0.025,-1,Echolocation,/mnt/ubna_data_02_mir/recover-20220922/UBNA_001/20220921_090000.WAV,Telephone Field,recover-20220922,001,1795
243.6775,243.7193,68437,82816,Rhinolophus ferrumequinum,0.024,0.024,-1,Echolocation,/mnt/ubna_data_02_mir/recover-20220922/UBNA_001/20220921_090000.WAV,Telephone Field,recover-20220922,001,1795
243.6795,243.69,28046,34580,Eptesicus serotinus,0.01,0.022,-1,Echolocation,/mnt/ubna_data_02_mir/recover-20220922/UBNA_001/20220921_090000.WAV,Telephone Field,recover-20220922,001,1795
243.6835,243.7237,68437,82587,Rhinolophus ferrumequinum,0.024,0.024,-1,Echolocation,/mnt/ubna_data_02_mir/recover-20220922/UBNA_001/20220921_090000.WAV,Telephone Field,recover-20220922,001,1795
243.7395,243.7472,28046,37671,Eptesicus serotinus,0.008,0.025,-1,Echolocation,/mnt/ubna_data_02_mir/recover-20220922/UBNA_001/20220921_090000.WAV,Telephone Field,recover-20220922,001,1795
243.7705,243.8058,68437,81030,Rhinolophus ferrumequinum,0.023,0.023,-1,Echolocation,/mnt/ubna_data_02_mir/recover-20220922/UBNA_001/20220921_090000.WAV,Telephone Field,recover-20220922,001,1795
243.7815,243.7886,47812,51777,Pipistrellus pipistrellus,0.023,0.024,-1,Echolocation,/mnt/ubna_data_02_mir/recover-20220922/UBNA_001/20220921_090000.WAV,Telephone Field,recover-20220922,001,1795
243.7915,243.8309,68437,82142,Rhinolophus ferrumequinum,0.029,0.029,-1,Echolocation,/mnt/ubna_data_02_mir/recover-20220922/UBNA_001/20220921_090000.WAV,Telephone Field,recover-20220922,001,1795
243.8015,243.8127,22890,27831,Nyctalus leisleri,0.017,0.032,-1,Echolocation,/mnt/ubna_data_02_mir/recover-20220922/UBNA_001/20220921_090000.WAV,Telephone Field,recover-20220922,001,1795
243.8125,243.8529,68437,82658,Rhinolophus ferrumequinum,0.032,0.032,-1,Echolocation,/mnt/ubna_data_02_mir/recover-20220922/UBNA_001/20220921_090000.WAV,Telephone Field,recover-20220922,001,1795
243.8195,243.8289,37500,42466,Pipistrellus nathusii,0.009,0.024,-1,Echolocation,/mnt/ubna_data_02_mir/recover-20220922/UBNA_001/20220921_090000.WAV,Telephone Field,recover-20220922,001,1795
243.8205,243.8332,28906,37385,Eptesicus serotinus,0.023,0.042,-1,Echolocation,/mnt/ubna_data_02_mir/recover-20220922/UBNA_001/20220921_090000.WAV,Telephone Field,recover-20220922,001,1795
243.8665,243.9095,68437,82661,Rhinolophus ferrumequinum,0.033,0.033,-1,Echolocation,/mnt/ubna_data_02_mir/recover-20220922/UBNA_001/20220921_090000.WAV,Telephone Field,recover-20220922,001,1795
243.8785,243.8881,24609,31840,Eptesicus serotinus,0.007,0.022,-1,Echolocation,/mnt/ubna_data_02_mir/recover-20220922/UBNA_001/20220921_090000.WAV,Telephone Field,recover-20220922,001,1795
243.8875,243.9289,68437,82818,Rhinolophus ferrumequinum,0.026,0.026,-1,Echolocation,/mnt/ubna_data_02_mir/recover-20220922/UBNA_001/20220921_090000.WAV,Telephone Field,recover-20220922,001,1795
243.8985,243.9074,28046,39003,Eptesicus serotinus,0.009,0.023,-1,Echolocation,/mnt/ubna_data_02_mir/recover-20220922/UBNA_001/20220921_090000.WAV,Telephone Field,recover-20220922,001,1795
243.9305,243.967,68437,80719,Rhinolophus ferrumequinum,0.022,0.022,-1,Echolocation,/mnt/ubna_data_02_mir/recover-20220922/UBNA_001/20220921_090000.WAV,Telephone Field,recover-20220922,001,1795
243.9575,243.9639,28046,41324,Eptesicus serotinus,0.006,0.028,-1,Echolocation,/mnt/ubna_data_02_mir/recover-20220922/UBNA_001/20220921_090000.WAV,Telephone Field,recover-20220922,001,1795
243.9595,243.9695,22890,29357,Nyctalus leisleri,0.01,0.026,-1,Echolocation,/mnt/ubna_data_02_mir/recover-20220922/UBNA_001/20220921_090000.WAV,Telephone Field,recover-20220922,001,1795
243.9705,243.9825,23750,28514,Nyctalus leisleri,0.013,0.027,-1,Echolocation,/mnt/ubna_data_02_mir/recover-20220922/UBNA_001/20220921_090000.WAV,Telephone Field,recover-20220922,001,1795
244.0015,244.0102,22031,28396,Nyctalus leisleri,0.01,0.028,-1,Echolocation,/mnt/ubna_data_02_mir/recover-20220922/UBNA_001/20220921_090000.WAV,Telephone Field,recover-20220922,001,1795
244.0015,244.0343,68437,80126,Rhinolophus ferrumequinum,0.029,0.029,-1,Echolocation,/mnt/ubna_data_02_mir/recover-20220922/UBNA_001/20220921_090000.WAV,Telephone Field,recover-20220922,001,1795
244.0525,244.0609,24609,33043,Eptesicus serotinus,0.007,0.024,-1,Echolocation,/mnt/ubna_data_02_mir/recover-20220922/UBNA_001/20220921_090000.WAV,Telephone Field,recover-20220922,001,1795
244.0685,244.0754,28046,41286,Eptesicus serotinus,0.007,0.026,-1,Echolocation,/mnt/ubna_data_02_mir/recover-20220922/UBNA_001/20220921_090000.WAV,Telephone Field,recover-20220922,001,1795
244.0855,244.123,68437,82019,Rhinolophus ferrumequinum,0.024,0.024,-1,Echolocation,/mnt/ubna_data_02_mir/recover-20220922/UBNA_001/20220921_090000.WAV,Telephone Field,recover-20220922,001,1795
244.0925,244.1,28046,40604,Eptesicus serotinus,0.007,0.022,-1,Echolocation,/mnt/ubna_data_02_mir/recover-20220922/UBNA_001/20220921_090000.WAV,Telephone Field,recover-20220922,001,1795
244.1505,244.1588,26328,33839,Eptesicus serotinus,0.008,0.024,-1,Echolocation,/mnt/ubna_data_02_mir/recover-20220922/UBNA_001/20220921_090000.WAV,Telephone Field,recover-20220922,001,1795
244.1925,244.2048,28906,36005,Eptesicus serotinus,0.013,0.026,-1,Echolocation,/mnt/ubna_data_02_mir/recover-20220922/UBNA_001/20220921_090000.WAV,Telephone Field,recover-20220922,001,1795
244.1935,244.2304,68437,81999,Rhinolophus ferrumequinum,0.024,0.024,-1,Echolocation,/mnt/ubna_data_02_mir/recover-20220922/UBNA_001/20220921_090000.WAV,Telephone Field,recover-20220922,001,1795
244.2105,244.2521,68437,82660,Rhinolophus ferrumequinum,0.025,0.025,-1,Echolocation,/mnt/ubna_data_02_mir/recover-20220922/UBNA_001/20220921_090000.WAV,Telephone Field,recover-20220922,001,1795
244.2395,244.278,68437,82251,Rhinolophus ferrumequinum,0.03,0.03,-1,Echolocation,/mnt/ubna_data_02_mir/recover-20220922/UBNA_001/20220921_090000.WAV,Telephone Field,recover-20220922,001,1795
244.2515,244.2573,38359,47375,Myotis daubentonii,0.014,0.028,-1,Echolocation,/mnt/ubna_data_02_mir/recover-20220922/UBNA_001/20220921_090000.WAV,Telephone Field,recover-20220922,001,1795
244.2595,244.2703,27187,34896,Eptesicus serotinus,0.012,0.024,-1,Echolocation,/mnt/ubna_data_02_mir/recover-20220922/UBNA_001/20220921_090000.WAV,Telephone Field,recover-20220922,001,1795
244.3005,244.3107,24609,30803,Nyctalus leisleri,0.011,0.026,-1,Echolocation,/mnt/ubna_data_02_mir/recover-20220922/UBNA_001/20220921_090000.WAV,Telephone Field,recover-20220922,001,1795
244.3275,244.3678,68437,82153,Rhinolophus ferrumequinum,0.036,0.036,-1,Echolocation,/mnt/ubna_data_02_mir/recover-20220922/UBNA_001/20220921_090000.WAV,Telephone Field,recover-20220922,001,1795
244.3515,244.3602,48671,52178,Pipistrellus pipistrellus,0.022,0.025,-1,Echolocation,/mnt/ubna_data_02_mir/recover-20220922/UBNA_001/20220921_090000.WAV,Telephone Field,recover-20220922,001,1795
244.3685,244.4078,68437,82249,Rhinolophus ferrumequinum,0.028,0.028,-1,Echolocation,/mnt/ubna_data_02_mir/recover-20220922/UBNA_001/20220921_090000.WAV,Telephone Field,recover-20220922,001,1795
244.4055,244.4444,68437,82231,Rhinolophus ferrumequinum,0.022,0.022,-1,Echolocation,/mnt/ubna_data_02_mir/recover-20220922/UBNA_001/20220921_090000.WAV,Telephone Field,recover-20220922,001,1795
244.4535,244.4681,22031,25921,Nyctalus leisleri,0.02,0.034,-1,Echolocation,/mnt/ubna_data_02_mir/recover-20220922/UBNA_001/20220921_090000.WAV,Telephone Field,recover-20220922,001,1795
244.4655,244.5102,68437,83437,Rhinolophus ferrumequinum,0.074,0.074,-1,Echolocation,/mnt/ubna_data_02_mir/recover-20220922/UBNA_001/20220921_090000.WAV,Telephone Field,recover-20220922,001,1795
244.4855,244.523,68437,81738,Rhinolophus ferrumequinum,0.026,0.026,-1,Echolocation,/mnt/ubna_data_02_mir/recover-20220922/UBNA_001/20220921_090000.WAV,Telephone Field,recover-20220922,001,1795
244.4865,244.4967,28046,37542,Eptesicus serotinus,0.011,0.024,-1,Echolocation,/mnt/ubna_data_02_mir/recover-20220922/UBNA_001/20220921_090000.WAV,Telephone Field,recover-20220922,001,1795
244.5135,244.5532,68437,82249,Rhinolophus ferrumequinum,0.025,0.025,-1,Echolocation,/mnt/ubna_data_02_mir/recover-20220922/UBNA_001/20220921_090000.WAV,Telephone Field,recover-20220922,001,1795
244.5555,244.5958,68437,82540,Rhinolophus ferrumequinum,0.022,0.022,-1,Echolocation,/mnt/ubna_data_02_mir/recover-20220922/UBNA_001/20220921_090000.WAV,Telephone Field,recover-20220922,001,1795
244.5585,244.574,21171,23962,Nyctalus leisleri,0.014,0.022,-1,Echolocation,/mnt/ubna_data_02_mir/recover-20220922/UBNA_001/20220921_090000.WAV,Telephone Field,recover-20220922,001,1795
244.5635,244.6013,68437,82318,Rhinolophus ferrumequinum,0.023,0.023,-1,Echolocation,/mnt/ubna_data_02_mir/recover-20220922/UBNA_001/20220921_090000.WAV,Telephone Field,recover-20220922,001,1795
244.6015,244.6087,27187,39019,Eptesicus serotinus,0.015,0.035,-1,Echolocation,/mnt/ubna_data_02_mir/recover-20220922/UBNA_001/20220921_090000.WAV,Telephone Field,recover-20220922,001,1795
244.6065,244.6458,68437,82863,Rhinolophus ferrumequinum,0.022,0.022,-1,Echolocation,/mnt/ubna_data_02_mir/recover-20220922/UBNA_001/20220921_090000.WAV,Telephone Field,recover-20220922,001,1795
244.6345,244.6422,24609,33072,Plecotus austriacus,0.008,0.024,-1,Echolocation,/mnt/ubna_data_02_mir/recover-20220922/UBNA_001/20220921_090000.WAV,Telephone Field,recover-20220922,001,1795
244.6565,244.6928,68437,81158,Rhinolophus ferrumequinum,0.023,0.023,-1,Echolocation,/mnt/ubna_data_02_mir/recover-20220922/UBNA_001/20220921_090000.WAV,Telephone Field,recover-20220922,001,1795
244.6695,244.6818,22890,28261,Nyctalus leisleri,0.012,0.024,-1,Echolocation,/mnt/ubna_data_02_mir/recover-20220922/UBNA_001/20220921_090000.WAV,Telephone Field,recover-20220922,001,1795
244.6765,244.6868,22890,28393,Nyctalus leisleri,0.009,0.022,-1,Echolocation,/mnt/ubna_data_02_mir/recover-20220922/UBNA_001/20220921_090000.WAV,Telephone Field,recover-20220922,001,1795
244.6915,244.727,68437,81351,Rhinolophus ferrumequinum,0.023,0.023,-1,Echolocation,/mnt/ubna_data_02_mir/recover-20220922/UBNA_001/20220921_090000.WAV,Telephone Field,recover-20220922,001,1795
244.7035,244.74,68437,81399,Rhinolophus ferrumequinum,0.022,0.022,-1,Echolocation,/mnt/ubna_data_02_mir/recover-20220922/UBNA_001/20220921_090000.WAV,Telephone Field,recover-20220922,001,1795
244.7245,244.7646,68437,82437,Rhinolophus ferrumequinum,0.022,0.022,-1,Echolocation,/mnt/ubna_data_02_mir/recover-20220922/UBNA_001/20220921_090000.WAV,Telephone Field,recover-20220922,001,1795
244.7305,244.7707,68437,82203,Rhinolophus ferrumequinum,0.022,0.022,-1,Echolocation,/mnt/ubna_data_02_mir/recover-20220922/UBNA_001/20220921_090000.WAV,Telephone Field,recover-20220922,001,1795
244.7345,244.7447,22890,29094,Nyctalus leisleri,0.009,0.023,-1,Echolocation,/mnt/ubna_data_02_mir/recover-20220922/UBNA_001/20220921_090000.WAV,Telephone Field,recover-20220922,001,1795
244.7775,244.8175,68437,81846,Rhinolophus ferrumequinum,0.022,0.022,-1,Echolocation,/mnt/ubna_data_02_mir/recover-20220922/UBNA_001/20220921_090000.WAV,Telephone Field,recover-20220922,001,1795
244.8005,244.8099,24609,32497,Eptesicus serotinus,0.006,0.022,-1,Echolocation,/mnt/ubna_data_02_mir/recover-20220922/UBNA_001/20220921_090000.WAV,Telephone Field,recover-20220922,001,1795
244.8195,244.8272,28046,37420,Eptesicus serotinus,0.013,0.031,-1,Echolocation,/mnt/ubna_data_02_mir/recover-20220922/UBNA_001/20220921_090000.WAV,Telephone Field,recover-20220922,001,1795
244.8475,244.8578,25468,33478,Eptesicus serotinus,0.014,0.03,-1,Echolocation,/mnt/ubna_data_02_mir/recover-20220922/UBNA_001/20220921_090000.WAV,Telephone Field,recover-20220922,001,1795
244.8755,244.9139,68437,82592,Rhinolophus ferrumequinum,0.023,0.023,-1,Echolocation,/mnt/ubna_data_02_mir/recover-20220922/UBNA_001/20220921_090000.WAV,Telephone Field,recover-20220922,001,1795
244.9075,244.9445,68437,81296,Rhinolophus ferrumequinum,0.023,0.023,-1,Echolocation,/mnt/ubna_data_02_mir/recover-20220922/UBNA_001/20220921_090000.WAV,Telephone Field,recover-20220922,001,1795
244.9425,244.9835,68437,82983,Rhinolophus ferrumequinum,0.026,0.026,-1,Echolocation,/mnt/ubna_data_02_mir/recover-20220922/UBNA_001/20220921_090000.WAV,Telephone Field,recover-20220922,001,1795
244.9505,244.9595,28046,40104,Eptesicus serotinus,0.008,0.023,-1,Echolocation,/mnt/ubna_data_02_mir/recover-20220922/UBNA_001/20220921_090000.WAV,Telephone Field,recover-20220922,001,1795
244.9515,244.9619,22031,27969,Nyctalus leisleri,0.008,0.023,-1,Echolocation,/mnt/ubna_data_02_mir/recover-20220922/UBNA_001/20220921_090000.WAV,Telephone Field,recover-20220922,001,1795
244.9735,244.9848,14296,19333,Nyctalus noctula,0.013,0.025,-1,Echolocation,/mnt/ubna_data_02_mir/recover-20220922/UBNA_001/20220921_090000.WAV,Telephone Field,recover-20220922,001,1795
244.9785,245.017,68437,82037,Rhinolophus ferrumequinum,0.023,0.023,-1,Echolocation,/mnt/ubna_data_02_mir/recover-20220922/UBNA_001/20220921_090000.WAV,Telephone Field,recover-20220922,001,1795
245.0165,245.0567,68437,82471,Rhinolophus ferrumequinum,0.038,0.038,-1,Echolocation,/mnt/ubna_data_02_mir/recover-20220922/UBNA_001/20220921_090000.WAV,Telephone Field,recover-20220922,001,1795
245.0315,245.0711,68437,82265,Rhinolophus ferrumequinum,0.024,0.024,-1,Echolocation,/mnt/ubna_data_02_mir/recover-20220922/UBNA_001/20220921_090000.WAV,Telephone Field,recover-20220922,001,1795
245.0455,245.0547,22890,29488,Plecotus austriacus,0.009,0.025,-1,Echolocation,/mnt/ubna_data_02_mir/recover-20220922/UBNA_001/20220921_090000.WAV,Telephone Field,recover-20220922,001,1795
245.0505,245.0898,68437,81990,Rhinolophus ferrumequinum,0.024,0.024,-1,Echolocation,/mnt/ubna_data_02_mir/recover-20220922/UBNA_001/20220921_090000.WAV,Telephone Field,recover-20220922,001,1795
245.0915,245.1022,22890,28722,Nyctalus leisleri,0.01,0.022,-1,Echolocation,/mnt/ubna_data_02_mir/recover-20220922/UBNA_001/20220921_090000.WAV,Telephone Field,recover-20220922,001,1795
245.0935,245.1349,68437,82972,Rhinolophus ferrumequinum,0.028,0.028,-1,Echolocation,/mnt/ubna_data_02_mir/recover-20220922/UBNA_001/20220921_090000.WAV,Telephone Field,recover-20220922,001,1795
245.1285,245.1393,28046,35015,Eptesicus serotinus,0.021,0.038,-1,Echolocation,/mnt/ubna_data_02_mir/recover-20220922/UBNA_001/20220921_090000.WAV,Telephone Field,recover-20220922,001,1795
245.1465,245.1845,68437,82051,Rhinolophus ferrumequinum,0.022,0.022,-1,Echolocation,/mnt/ubna_data_02_mir/recover-20220922/UBNA_001/20220921_090000.WAV,Telephone Field,recover-20220922,001,1795
245.1585,245.1672,25468,33867,Eptesicus serotinus,0.008,0.022,-1,Echolocation,/mnt/ubna_data_02_mir/recover-20220922/UBNA_001/20220921_090000.WAV,Telephone Field,recover-20220922,001,1795
245.1735,245.2125,68437,82424,Rhinolophus ferrumequinum,0.022,0.022,-1,Echolocation,/mnt/ubna_data_02_mir/recover-20220922/UBNA_001/20220921_090000.WAV,Telephone Field,recover-20220922,001,1795
245.1995,245.2408,68437,82562,Rhinolophus ferrumequinum,0.028,0.028,-1,Echolocation,/mnt/ubna_data_02_mir/recover-20220922/UBNA_001/20220921_090000.WAV,Telephone Field,recover-20220922,001,1795
245.2005,245.218,20312,23241,Nyctalus leisleri,0.016,0.025,-1,Echolocation,/mnt/ubna_data_02_mir/recover-20220922/UBNA_001/20220921_090000.WAV,Telephone Field,recover-20220922,001,1795
245.2165,245.2226,28906,41078,Myotis daubentonii,0.008,0.031,-1,Echolocation,/mnt/ubna_data_02_mir/recover-20220922/UBNA_001/20220921_090000.WAV,Telephone Field,recover-20220922,001,1795
245.2275,245.2638,68437,81754,Rhinolophus ferrumequinum,0.023,0.023,-1,Echolocation,/mnt/ubna_data_02_mir/recover-20220922/UBNA_001/20220921_090000.WAV,Telephone Field,recover-20220922,001,1795
245.2535,245.2637,42656,46327,Pipistrellus pipistrellus,0.023,0.029,-1,Echolocation,/mnt/ubna_data_02_mir/recover-20220922/UBNA_001/20220921_090000.WAV,Telephone Field,recover-20220922,001,1795
245.2625,245.2719,28046,37288,Eptesicus serotinus,0.012,0.028,-1,Echolocation,/mnt/ubna_data_02_mir/recover-20220922/UBNA_001/20220921_090000.WAV,Telephone Field,recover-20220922,001,1795
245.2785,245.3126,68437,81629,Rhinolophus ferrumequinum,0.027,0.027,-1,Echolocation,/mnt/ubna_data_02_mir/recover-20220922/UBNA_001/20220921_090000.WAV,Telephone Field,recover-20220922,001,1795
245.3745,245.3848,28906,37688,Eptesicus serotinus,0.011,0.023,-1,Echolocation,/mnt/ubna_data_02_mir/recover-20220922/UBNA_001/20220921_090000.WAV,Telephone Field,recover-20220922,001,1795
245.3995,245.4067,28046,39325,Eptesicus serotinus,0.006,0.023,-1,Echolocation,/mnt/ubna_data_02_mir/recover-20220922/UBNA_001/20220921_090000.WAV,Telephone Field,recover-20220922,001,1795
245.4075,245.4495,68437,82624,Rhinolophus ferrumequinum,0.023,0.023,-1,Echolocation,/mnt/ubna_data_02_mir/recover-20220922/UBNA_001/20220921_090000.WAV,Telephone Field,recover-20220922,001,1795
245.4545,245.4659,22031,27445,Nyctalus leisleri,0.011,0.026,-1,Echolocation,/mnt/ubna_data_02_mir/recover-20220922/UBNA_001/20220921_090000.WAV,Telephone Field,recover-20220922,001,1795
245.4695,245.5083,68437,82304,Rhinolophus ferrumequinum,0.022,0.022,-1,Echolocation,/mnt/ubna_data_02_mir/recover-20220922/UBNA_001/20220921_090000.WAV,Telephone Field,recover-20220922,001,1795
245.4825,245.5171,68437,80688,Rhinolophus ferrumequinum,0.022,0.022,-1,Echolocation,/mnt/ubna_data_02_mir/recover-20220922/UBNA_001/20220921_090000.WAV,Telephone Field,recover-20220922,001,1795
245.4965,245.5384,68437,82496,Rhinolophus ferrumequinum,0.032,0.032,-1,Echolocation,/mnt/ubna_data_02_mir/recover-20220922/UBNA_001/20220921_090000.WAV,Telephone Field,recover-20220922,001,1795
245.5095,245.5206,28046,35184,Eptesicus serotinus,0.013,0.026,-1,Echolocation,/mnt/ubna_data_02_mir/recover-20220922/UBNA_001/20220921_090000.WAV,Telephone Field,recover-20220922,001,1795
245.5225,245.5598,68437,81828,Rhinolophus ferrumequinum,0.03,0.03,-1,Echolocation,/mnt/ubna_data_02_mir/recover-20220922/UBNA_001/20220921_090000.WAV,Telephone Field,recover-20220922,001,1795
245.5465,245.5839,68437,81541,Rhinolophus ferrumequinum,0.027,0.027,-1,Echolocation,/mnt/ubna_data_02_mir/recover-20220922/UBNA_001/20220921_090000.WAV,Telephone Field,recover-20220922,001,1795
245.5555,245.567,22890,29211,Nyctalus leisleri,0.02,0.05,-1,Echolocation,/mnt/ubna_data_02_mir/recover-20220922/UBNA_001/20220921_090000.WAV,Telephone Field,recover-20220922,001,1795
245.5655,245.6044,68437,82550,Rhinolophus ferrumequinum,0.042,0.042,-1,Echolocation,/mnt/ubna_data_02_mir/recover-20220922/UBNA_001/20220921_090000.WAV,Telephone Field,recover-20220922,001,1795
245.6105,245.6499,68437,81957,Rhinolophus ferrumequinum,0.029,0.029,-1,Echolocation,/mnt/ubna_data_02_mir/recover-20220922/UBNA_001/20220921_090000.WAV,Telephone Field,recover-20220922,001,1795
245.6555,245.6936,68437,82079,Rhinolophus ferrumequinum,0.023,0.023,-1,Echolocation,/mnt/ubna_data_02_mir/recover-20220922/UBNA_001/20220921_090000.WAV,Telephone Field,recover-20220922,001,1795
245.6735,245.7117,68437,82025,Rhinolophus ferrumequinum,0.025,0.025,-1,Echolocation,/mnt/ubna_data_02_mir/recover-20220922/UBNA_001/20220921_090000.WAV,Telephone Field,recover-20220922,001,1795
245.7055,245.7148,26328,36447,Eptesicus serotinus,0.009,0.022,-1,Echolocation,/mnt/ubna_data_02_mir/recover-20220922/UBNA_001/20220921_090000.WAV,Telephone Field,recover-20220922,001,1795
245.7575,245.7654,27187,37627,Eptesicus serotinus,0.007,0.022,-1,Echolocation,/mnt/ubna_data_02_mir/recover-20220922/UBNA_001/20220921_090000.WAV,Telephone Field,recover-20220922,001,1795
245.7655,245.781,21171,25805,Nyctalus leisleri,0.015,0.033,-1,Echolocation,/mnt/ubna_data_02_mir/recover-20220922/UBNA_001/20220921_090000.WAV,Telephone Field,recover-20220922,001,1795
245.8285,245.8355,28046,39572,Eptesicus serotinus,0.006,0.023,-1,Echolocation,/mnt/ubna_data_02_mir/recover-20220922/UBNA_001/20220921_090000.WAV,Telephone Field,recover-20220922,001,1795
245.8765,245.8882,28906,35149,Eptesicus serotinus,0.054,0.088,-1,Echolocation,/mnt/ubna_data_02_mir/recover-20220922/UBNA_001/20220921_090000.WAV,Telephone Field,recover-20220922,001,1795
245.9075,245.9479,68437,82468,Rhinolophus ferrumequinum,0.023,0.023,-1,Echolocation,/mnt/ubna_data_02_mir/recover-20220922/UBNA_001/20220921_090000.WAV,Telephone Field,recover-20220922,001,1795
245.9115,245.9214,27187,36135,Eptesicus serotinus,0.01,0.022,-1,Echolocation,/mnt/ubna_data_02_mir/recover-20220922/UBNA_001/20220921_090000.WAV,Telephone Field,recover-20220922,001,1795
246.0015,246.0094,26328,37440,Eptesicus serotinus,0.007,0.026,-1,Echolocation,/mnt/ubna_data_02_mir/recover-20220922/UBNA_001/20220921_090000.WAV,Telephone Field,recover-20220922,001,1795
246.0015,246.0349,68437,79909,Rhinolophus ferrumequinum,0.028,0.028,-1,Echolocation,/mnt/ubna_data_02_mir/recover-20220922/UBNA_001/20220921_090000.WAV,Telephone Field,recover-20220922,001,1795
246.0105,246.05180000000001,68437,82485,Rhinolophus ferrumequinum,0.023,0.023,-1,Echolocation,/mnt/ubna_data_02_mir/recover-20220922/UBNA_001/20220921_090000.WAV,Telephone Field,recover-20220922,001,1795
246.0125,246.0218,22890,29661,Nyctalus leisleri,0.008,0.023,-1,Echolocation,/mnt/ubna_data_02_mir/recover-20220922/UBNA_001/20220921_090000.WAV,Telephone Field,recover-20220922,001,1795
246.0155,246.0247,28906,37392,Eptesicus serotinus,0.008,0.022,-1,Echolocation,/mnt/ubna_data_02_mir/recover-20220922/UBNA_001/20220921_090000.WAV,Telephone Field,recover-20220922,001,1795
246.0765,246.1165,68437,82097,Rhinolophus ferrumequinum,0.023,0.023,-1,Echolocation,/mnt/ubna_data_02_mir/recover-20220922/UBNA_001/20220921_090000.WAV,Telephone Field,recover-20220922,001,1795
246.1315,246.1382,28046,40219,Eptesicus serotinus,0.007,0.026,-1,Echolocation,/mnt/ubna_data_02_mir/recover-20220922/UBNA_001/20220921_090000.WAV,Telephone Field,recover-20220922,001,1795
246.1365,246.1782,68437,82990,Rhinolophus ferrumequinum,0.025,0.025,-1,Echolocation,/mnt/ubna_data_02_mir/recover-20220922/UBNA_001/20220921_090000.WAV,Telephone Field,recover-20220922,001,1795
246.1565,246.1937,68437,82383,Rhinolophus ferrumequinum,0.023,0.023,-1,Echolocation,/mnt/ubna_data_02_mir/recover-20220922/UBNA_001/20220921_090000.WAV,Telephone Field,recover-20220922,001,1795
246.1705,246.2102,68437,82183,Rhinolophus ferrumequinum,0.023,0.023,-1,Echolocation,/mnt/ubna_data_02_mir/recover-20220922/UBNA_001/20220921_090000.WAV,Telephone Field,recover-20220922,001,1795
246.2195,246.2592,68437,82172,Rhinolophus ferrumequinum,0.022,0.022,-1,Echolocation,/mnt/ubna_data_02_mir/recover-20220922/UBNA_001/20220921_090000.WAV,Telephone Field,recover-20220922,001,1795
246.2245,246.2356,27187,34110,Eptesicus serotinus,0.022,0.038,-1,Echolocation,/mnt/ubna_data_02_mir/recover-20220922/UBNA_001/20220921_090000.WAV,Telephone Field,recover-20220922,001,1795
246.2455,246.2561,24609,31462,Nyctalus leisleri,0.009,0.026,-1,Echolocation,/mnt/ubna_data_02_mir/recover-20220922/UBNA_001/20220921_090000.WAV,Telephone Field,recover-20220922,001,1795
246.2645,246.2709,51250,59567,Pipistrellus pipistrellus,0.024,0.029,-1,Echolocation,/mnt/ubna_data_02_mir/recover-20220922/UBNA_001/20220921_090000.WAV,Telephone Field,recover-20220922,001,1795
246.2965,246.3381,68437,82926,Rhinolophus ferrumequinum,0.027,0.027,-1,Echolocation,/mnt/ubna_data_02_mir/recover-20220922/UBNA_001/20220921_090000.WAV,Telephone Field,recover-20220922,001,1795
246.2995,246.3073,28046,41133,Eptesicus serotinus,0.008,0.025,-1,Echolocation,/mnt/ubna_data_02_mir/recover-20220922/UBNA_001/20220921_090000.WAV,Telephone Field,recover-20220922,001,1795
246.3085,246.315,27187,42360,Eptesicus serotinus,0.006,0.022,-1,Echolocation,/mnt/ubna_data_02_mir/recover-20220922/UBNA_001/20220921_090000.WAV,Telephone Field,recover-20220922,001,1795
246.3745,246.3839,28906,38208,Eptesicus serotinus,0.009,0.023,-1,Echolocation,/mnt/ubna_data_02_mir/recover-20220922/UBNA_001/20220921_090000.WAV,Telephone Field,recover-20220922,001,1795
246.3825,246.4258,68437,83245,Rhinolophus ferrumequinum,0.031,0.031,-1,Echolocation,/mnt/ubna_data_02_mir/recover-20220922/UBNA_001/20220921_090000.WAV,Telephone Field,recover-20220922,001,1795
246.4125,246.4233,27187,34443,Eptesicus serotinus,0.011,0.023,-1,Echolocation,/mnt/ubna_data_02_mir/recover-20220922/UBNA_001/20220921_090000.WAV,Telephone Field,recover-20220922,001,1795
246.4245,246.4628,68437,82584,Rhinolophus ferrumequinum,0.023,0.023,-1,Echolocation,/mnt/ubna_data_02_mir/recover-20220922/UBNA_001/20220921_090000.WAV,Telephone Field,recover-20220922,001,1795
246.4455,246.4566,23750,29638,Nyctalus leisleri,0.014,0.033,-1,Echolocation,/mnt/ubna_data_02_mir/recover-20220922/UBNA_001/20220921_090000.WAV,Telephone Field,recover-20220922,001,1795
246.5395,246.5738,68437,80745,Rhinolophus ferrumequinum,0.022,0.022,-1,Echolocation,/mnt/ubna_data_02_mir/recover-20220922/UBNA_001/20220921_090000.WAV,Telephone Field,recover-20220922,001,1795
246.5555,246.5632,28046,41124,Eptesicus serotinus,0.009,0.026,-1,Echolocation,/mnt/ubna_data_02_mir/recover-20220922/UBNA_001/20220921_090000.WAV,Telephone Field,recover-20220922,001,1795
246.5605,246.5716,22031,26414,Nyctalus leisleri,0.014,0.026,-1,Echolocation,/mnt/ubna_data_02_mir/recover-20220922/UBNA_001/20220921_090000.WAV,Telephone Field,recover-20220922,001,1795
246.5775,246.6208,68437,83126,Rhinolophus ferrumequinum,0.032,0.032,-1,Echolocation,/mnt/ubna_data_02_mir/recover-20220922/UBNA_001/20220921_090000.WAV,Telephone Field,recover-20220922,001,1795
246.6035,246.6109,28906,44744,Eptesicus serotinus,0.017,0.038,-1,Echolocation,/mnt/ubna_data_02_mir/recover-20220922/UBNA_001/20220921_090000.WAV,Telephone Field,recover-20220922,001,1795
246.6305,246.6703,68437,82690,Rhinolophus ferrumequinum,0.022,0.022,-1,Echolocation,/mnt/ubna_data_02_mir/recover-20220922/UBNA_001/20220921_090000.WAV,Telephone Field,recover-20220922,001,1795
246.6495,246.6892,68437,82343,Rhinolophus ferrumequinum,0.022,0.022,-1,Echolocation,/mnt/ubna_data_02_mir/recover-20220922/UBNA_001/20220921_090000.WAV,Telephone Field,recover-20220922,001,1795
246.67849999999999,246.7162,68437,81930,Rhinolophus ferrumequinum,0.022,0.022,-1,Echolocation,/mnt/ubna_data_02_mir/recover-20220922/UBNA_001/20220921_090000.WAV,Telephone Field,recover-20220922,001,1795
246.6925,246.7346,68437,82380,Rhinolophus ferrumequinum,0.025,0.025,-1,Echolocation,/mnt/ubna_data_02_mir/recover-20220922/UBNA_001/20220921_090000.WAV,Telephone Field,recover-20220922,001,1795
246.7345,246.7434,28046,40343,Eptesicus serotinus,0.01,0.023,-1,Echolocation,/mnt/ubna_data_02_mir/recover-20220922/UBNA_001/20220921_090000.WAV,Telephone Field,recover-20220922,001,1795
246.7415,246.749,28046,40942,Eptesicus serotinus,0.007,0.022,-1,Echolocation,/mnt/ubna_data_02_mir/recover-20220922/UBNA_001/20220921_090000.WAV,Telephone Field,recover-20220922,001,1795
246.7615,246.8005,68437,82379,Rhinolophus ferrumequinum,0.022,0.022,-1,Echolocation,/mnt/ubna_data_02_mir/recover-20220922/UBNA_001/20220921_090000.WAV,Telephone Field,recover-20220922,001,1795
246.7905,246.8009,28906,36210,Eptesicus serotinus,0.009,0.022,-1,Echolocation,/mnt/ubna_data_02_mir/recover-20220922/UBNA_001/20220921_090000.WAV,Telephone Field,recover-20220922,001,1795
246.7975,246.8347,68437,81914,Rhinolophus ferrumequinum,0.024,0.024,-1,Echolocation,/mnt/ubna_data_02_mir/recover-20220922/UBNA_001/20220921_090000.WAV,Telephone Field,recover-20220922,001,1795
246.8315,246.8696,68437,82332,Rhinolophus ferrumequinum,0.022,0.022,-1,Echolocation,/mnt/ubna_data_02_mir/recover-20220922/UBNA_001/20220921_090000.WAV,Telephone Field,recover-20220922,001,1795
246.8475,246.8578,26328,33980,Eptesicus serotinus,0.011,0.024,-1,Echolocation,/mnt/ubna_data_02_mir/recover-20220922/UBNA_001/20220921_090000.WAV,Telephone Field,recover-20220922,001,1795
246.8625,246.8996,68437,81603,Rhinolophus ferrumequinum,0.023,0.023,-1,Echolocation,/mnt/ubna_data_02_mir/recover-20220922/UBNA_001/20220921_090000.WAV,Telephone Field,recover-20220922,001,1795
246.8755,246.9128,68437,81970,Rhinolophus ferrumequinum,0.022,0.022,-1,Echolocation,/mnt/ubna_data_02_mir/recover-20220922/UBNA_001/20220921_090000.WAV,Telephone Field,recover-20220922,001,1795
246.8985,246.938,68437,81746,Rhinolophus ferrumequinum,0.026,0.026,-1,Echolocation,/mnt/ubna_data_02_mir/recover-20220922/UBNA_001/20220921_090000.WAV,Telephone Field,recover-20220922,001,1795
246.9895,247.0236,68437,80427,Rhinolophus ferrumequinum,0.022,0.022,-1,Echolocation,/mnt/ubna_data_02_mir/recover-20220922/UBNA_001/20220921_090000.WAV,Telephone Field,recover-20220922,001,1795
247.1995,247.23930000000001,68437,82860,Rhinolophus ferrumequinum,0.027,0.027,-1,Echolocation,/mnt/ubna_data_02_mir/recover-20220922/UBNA_001/20220921_090000.WAV,Telephone Field,recover-20220922,001,1795
247.2045,247.2144,28046,36462,Eptesicus serotinus,0.011,0.024,-1,Echolocation,/mnt/ubna_data_02_mir/recover-20220922/UBNA_001/20220921_090000.WAV,Telephone Field,recover-20220922,001,1795
247.2365,247.2728,68437,82080,Rhinolophus ferrumequinum,0.022,0.022,-1,Echolocation,/mnt/ubna_data_02_mir/recover-20220922/UBNA_001/20220921_090000.WAV,Telephone Field,recover-20220922,001,1795
247.2585,247.2656,27187,43274,Eptesicus serotinus,0.008,0.025,-1,Echolocation,/mnt/ubna_data_02_mir/recover-20220922/UBNA_001/20220921_090000.WAV,Telephone Field,recover-20220922,001,1795
247.2735,247.2837,23750,29950,Nyctalus leisleri,0.01,0.027,-1,Echolocation,/mnt/ubna_data_02_mir/recover-20220922/UBNA_001/20220921_090000.WAV,Telephone Field,recover-20220922,001,1795
247.3255,247.3685,68437,82932,Rhinolophus ferrumequinum,0.024,0.024,-1,Echolocation,/mnt/ubna_data_02_mir/recover-20220922/UBNA_001/20220921_090000.WAV,Telephone Field,recover-20220922,001,1795
247.3805,247.3881,23750,32687,Plecotus austriacus,0.013,0.029,-1,Echolocation,/mnt/ubna_data_02_mir/recover-20220922/UBNA_001/20220921_090000.WAV,Telephone Field,recover-20220922,001,1795
247.4145,247.4206,29765,39381,Eptesicus serotinus,0.011,0.037,-1,Echolocation,/mnt/ubna_data_02_mir/recover-20220922/UBNA_001/20220921_090000.WAV,Telephone Field,recover-20220922,001,1795
247.4355,247.4459,22890,27997,Nyctalus leisleri,0.01,0.023,-1,Echolocation,/mnt/ubna_data_02_mir/recover-20220922/UBNA_001/20220921_090000.WAV,Telephone Field,recover-20220922,001,1795
247.4435,247.4524,23750,31931,Plecotus austriacus,0.006,0.023,-1,Echolocation,/mnt/ubna_data_02_mir/recover-20220922/UBNA_001/20220921_090000.WAV,Telephone Field,recover-20220922,001,1795
247.4625,247.4717,28046,38659,Eptesicus serotinus,0.01,0.024,-1,Echolocation,/mnt/ubna_data_02_mir/recover-20220922/UBNA_001/20220921_090000.WAV,Telephone Field,recover-20220922,001,1795
247.5035,247.511,28046,42129,Eptesicus serotinus,0.007,0.024,-1,Echolocation,/mnt/ubna_data_02_mir/recover-20220922/UBNA_001/20220921_090000.WAV,Telephone Field,recover-20220922,001,1795
247.5175,247.5295,25468,30534,Nyctalus leisleri,0.01,0.022,-1,Echolocation,/mnt/ubna_data_02_mir/recover-20220922/UBNA_001/20220921_090000.WAV,Telephone Field,recover-20220922,001,1795
247.5605,247.6007,68437,83137,Rhinolophus ferrumequinum,0.026,0.026,-1,Echolocation,/mnt/ubna_data_02_mir/recover-20220922/UBNA_001/20220921_090000.WAV,Telephone Field,recover-20220922,001,1795
247.6215,247.6323,24609,30751,Nyctalus leisleri,0.012,0.028,-1,Echolocation,/mnt/ubna_data_02_mir/recover-20220922/UBNA_001/20220921_090000.WAV,Telephone Field,recover-20220922,001,1795
247.6305,247.6655,68437,81168,Rhinolophus ferrumequinum,0.023,0.023,-1,Echolocation,/mnt/ubna_data_02_mir/recover-20220922/UBNA_001/20220921_090000.WAV,Telephone Field,recover-20220922,001,1795
247.6365,247.6445,46093,49558,Pipistrellus pipistrellus,0.027,0.028,-1,Echolocation,/mnt/ubna_data_02_mir/recover-20220922/UBNA_001/20220921_090000.WAV,Telephone Field,recover-20220922,001,1795
247.7055,247.7465,68437,82960,Rhinolophus ferrumequinum,0.034,0.034,-1,Echolocation,/mnt/ubna_data_02_mir/recover-20220922/UBNA_001/20220921_090000.WAV,Telephone Field,recover-20220922,001,1795
247.7205,247.7301,22890,30993,Plecotus austriacus,0.014,0.044,-1,Echolocation,/mnt/ubna_data_02_mir/recover-20220922/UBNA_001/20220921_090000.WAV,Telephone Field,recover-20220922,001,1795
247.7455,247.7848,68437,82089,Rhinolophus ferrumequinum,0.024,0.024,-1,Echolocation,/mnt/ubna_data_02_mir/recover-20220922/UBNA_001/20220921_090000.WAV,Telephone Field,recover-20220922,001,1795
247.8095,247.8493,68437,82324,Rhinolophus ferrumequinum,0.023,0.023,-1,Echolocation,/mnt/ubna_data_02_mir/recover-20220922/UBNA_001/20220921_090000.WAV,Telephone Field,recover-20220922,001,1795
247.8295,247.8473,20312,23051,Nyctalus leisleri,0.021,0.034,-1,Echolocation,/mnt/ubna_data_02_mir/recover-20220922/UBNA_001/20220921_090000.WAV,Telephone Field,recover-20220922,001,1795
247.8355,247.8732,68437,81179,Rhinolophus ferrumequinum,0.025,0.025,-1,Echolocation,/mnt/ubna_data_02_mir/recover-20220922/UBNA_001/20220921_090000.WAV,Telephone Field,recover-20220922,001,1795
247.8875,247.9272,68437,82255,Rhinolophus ferrumequinum,0.022,0.022,-1,Echolocation,/mnt/ubna_data_02_mir/recover-20220922/UBNA_001/20220921_090000.WAV,Telephone Field,recover-20220922,001,1795
247.9035,247.9435,68437,81799,Rhinolophus ferrumequinum,0.022,0.022,-1,Echolocation,/mnt/ubna_data_02_mir/recover-20220922/UBNA_001/20220921_090000.WAV,Telephone Field,recover-20220922,001,1795
247.9575,247.9943,68437,81816,Rhinolophus ferrumequinum,0.023,0.024,-1,Echolocation,/mnt/ubna_data_02_mir/recover-20220922/UBNA_001/20220921_090000.WAV,Telephone Field,recover-20220922,001,1795
247.9775,247.9844,23750,33234,Plecotus austriacus,0.018,0.034,-1,Echolocation,/mnt/ubna_data_02_mir/recover-20220922/UBNA_001/20220921_090000.WAV,Telephone Field,recover-20220922,001,1795
248.0015,248.0176,18593,23553,Nyctalus noctula,0.009,0.023,-1,Echolocation,/mnt/ubna_data_02_mir/recover-20220922/UBNA_001/20220921_090000.WAV,Telephone Field,recover-20220922,001,1795
248.0015,248.0102,23750,32336,Nyctalus leisleri,0.008,0.025,-1,Echolocation,/mnt/ubna_data_02_mir/recover-20220922/UBNA_001/20220921_090000.WAV,Telephone Field,recover-20220922,001,1795
248.0015,248.03379999999999,68437,79417,Rhinolophus ferrumequinum,0.02,0.021,-1,Echolocation,/mnt/ubna_data_02_mir/recover-20220922/UBNA_001/20220921_090000.WAV,Telephone Field,recover-20220922,001,1795
248.0115,248.0205,25468,34245,Eptesicus serotinus,0.009,0.023,-1,Echolocation,/mnt/ubna_data_02_mir/recover-20220922/UBNA_001/20220921_090000.WAV,Telephone Field,recover-20220922,001,1795
248.0175,248.0598,68437,82257,Rhinolophus ferrumequinum,0.021,0.021,-1,Echolocation,/mnt/ubna_data_02_mir/recover-20220922/UBNA_001/20220921_090000.WAV,Telephone Field,recover-20220922,001,1795
248.0375,248.0506,21171,24414,Nyctalus leisleri,0.014,0.022,-1,Echolocation,/mnt/ubna_data_02_mir/recover-20220922/UBNA_001/20220921_090000.WAV,Telephone Field,recover-20220922,001,1795
248.0615,248.1019,68437,83172,Rhinolophus ferrumequinum,0.028,0.028,-1,Echolocation,/mnt/ubna_data_02_mir/recover-20220922/UBNA_001/20220921_090000.WAV,Telephone Field,recover-20220922,001,1795
248.0625,248.0726,22890,28325,Nyctalus leisleri,0.01,0.023,-1,Echolocation,/mnt/ubna_data_02_mir/recover-20220922/UBNA_001/20220921_090000.WAV,Telephone Field,recover-20220922,001,1795
248.0875,248.1273,68437,82209,Rhinolophus ferrumequinum,0.021,0.021,-1,Echolocation,/mnt/ubna_data_02_mir/recover-20220922/UBNA_001/20220921_090000.WAV,Telephone Field,recover-20220922,001,1795
248.0975,248.138,68437,82704,Rhinolophus ferrumequinum,0.022,0.022,-1,Echolocation,/mnt/ubna_data_02_mir/recover-20220922/UBNA_001/20220921_090000.WAV,Telephone Field,recover-20220922,001,1795
248.1315,248.1713,68437,82245,Rhinolophus ferrumequinum,0.032,0.032,-1,Echolocation,/mnt/ubna_data_02_mir/recover-20220922/UBNA_001/20220921_090000.WAV,Telephone Field,recover-20220922,001,1795
248.1725,248.1822,28046,36575,Eptesicus serotinus,0.01,0.023,-1,Echolocation,/mnt/ubna_data_02_mir/recover-20220922/UBNA_001/20220921_090000.WAV,Telephone Field,recover-20220922,001,1795
248.1805,248.1915,23750,30006,Nyctalus leisleri,0.009,0.023,-1,Echolocation,/mnt/ubna_data_02_mir/recover-20220922/UBNA_001/20220921_090000.WAV,Telephone Field,recover-20220922,001,1795
248.1975,248.2399,68437,82898,Rhinolophus ferrumequinum,0.027,0.027,-1,Echolocation,/mnt/ubna_data_02_mir/recover-20220922/UBNA_001/20220921_090000.WAV,Telephone Field,recover-20220922,001,1795
248.2335,248.2743,68437,82282,Rhinolophus ferrumequinum,0.038,0.038,-1,Echolocation,/mnt/ubna_data_02_mir/recover-20220922/UBNA_001/20220921_090000.WAV,Telephone Field,recover-20220922,001,1795
248.2565,248.2968,68437,82357,Rhinolophus ferrumequinum,0.023,0.023,-1,Echolocation,/mnt/ubna_data_02_mir/recover-20220922/UBNA_001/20220921_090000.WAV,Telephone Field,recover-20220922,001,1795
248.2775,248.3158,68437,81801,Rhinolophus ferrumequinum,0.021,0.021,-1,Echolocation,/mnt/ubna_data_02_mir/recover-20220922/UBNA_001/20220921_090000.WAV,Telephone Field,recover-20220922,001,1795
248.2985,248.3059,27187,39026,Eptesicus serotinus,0.006,0.021,-1,Echolocation,/mnt/ubna_data_02_mir/recover-20220922/UBNA_001/20220921_090000.WAV,Telephone Field,recover-20220922,001,1795
248.3505,248.3892,68437,81533,Rhinolophus ferrumequinum,0.02,0.02,-1,Echolocation,/mnt/ubna_data_02_mir/recover-20220922/UBNA_001/20220921_090000.WAV,Telephone Field,recover-20220922,001,1795
248.3705,248.4078,68437,81868,Rhinolophus ferrumequinum,0.021,0.021,-1,Echolocation,/mnt/ubna_data_02_mir/recover-20220922/UBNA_001/20220921_090000.WAV,Telephone Field,recover-20220922,001,1795
248.3995,248.4415,68437,82014,Rhinolophus ferrumequinum,0.034,0.034,-1,Echolocation,/mnt/ubna_data_02_mir/recover-20220922/UBNA_001/20220921_090000.WAV,Telephone Field,recover-20220922,001,1795
248.4005,248.4109,28906,35398,Eptesicus serotinus,0.01,0.022,-1,Echolocation,/mnt/ubna_data_02_mir/recover-20220922/UBNA_001/20220921_090000.WAV,Telephone Field,recover-20220922,001,1795
248.4545,248.4932,68437,81772,Rhinolophus ferrumequinum,0.022,0.022,-1,Echolocation,/mnt/ubna_data_02_mir/recover-20220922/UBNA_001/20220921_090000.WAV,Telephone Field,recover-20220922,001,1795
248.4785,248.5192,68437,82364,Rhinolophus ferrumequinum,0.025,0.025,-1,Echolocation,/mnt/ubna_data_02_mir/recover-20220922/UBNA_001/20220921_090000.WAV,Telephone Field,recover-20220922,001,1795
248.4865,248.4969,28906,36527,Eptesicus serotinus,0.01,0.023,-1,Echolocation,/mnt/ubna_data_02_mir/recover-20220922/UBNA_001/20220921_090000.WAV,Telephone Field,recover-20220922,001,1795
248.5285,248.5683,68437,82238,Rhinolophus ferrumequinum,0.024,0.024,-1,Echolocation,/mnt/ubna_data_02_mir/recover-20220922/UBNA_001/20220921_090000.WAV,Telephone Field,recover-20220922,001,1795
248.5555,248.5685,23750,28779,Nyctalus leisleri,0.018,0.037,-1,Echolocation,/mnt/ubna_data_02_mir/recover-20220922/UBNA_001/20220921_090000.WAV,Telephone Field,recover-20220922,001,1795
248.5695,248.6105,68437,82411,Rhinolophus ferrumequinum,0.026,0.026,-1,Echolocation,/mnt/ubna_data_02_mir/recover-20220922/UBNA_001/20220921_090000.WAV,Telephone Field,recover-20220922,001,1795
248.5945,248.6067,39218,42309,Pipistrellus nathusii,0.02,0.032,-1,Echolocation,/mnt/ubna_data_02_mir/recover-20220922/UBNA_001/20220921_090000.WAV,Telephone Field,recover-20220922,001,1795
248.5975,248.6383,68437,82230,Rhinolophus ferrumequinum,0.024,0.024,-1,Echolocation,/mnt/ubna_data_02_mir/recover-20220922/UBNA_001/20220921_090000.WAV,Telephone Field,recover-20220922,001,1795
248.6435,248.684,68437,82614,Rhinolophus ferrumequinum,0.024,0.024,-1,Echolocation,/mnt/ubna_data_02_mir/recover-20220922/UBNA_001/20220921_090000.WAV,Telephone Field,recover-20220922,001,1795
248.6725,248.6809,27187,39964,Eptesicus serotinus,0.01,0.025,-1,Echolocation,/mnt/ubna_data_02_mir/recover-20220922/UBNA_001/20220921_090000.WAV,Telephone Field,recover-20220922,001,1795
248.67849999999999,248.7163,68437,82214,Rhinolophus ferrumequinum,0.02,0.021,-1,Echolocation,/mnt/ubna_data_02_mir/recover-20220922/UBNA_001/20220921_090000.WAV,Telephone Field,recover-20220922,001,1795
248.7365,248.7741,68437,81246,Rhinolophus ferrumequinum,0.021,0.021,-1,Echolocation,/mnt/ubna_data_02_mir/recover-20220922/UBNA_001/20220921_090000.WAV,Telephone Field,recover-20220922,001,1795
248.7585,248.7698,23750,29776,Nyctalus leisleri,0.009,0.021,-1,Echolocation,/mnt/ubna_data_02_mir/recover-20220922/UBNA_001/20220921_090000.WAV,Telephone Field,recover-20220922,001,1795
248.7735,248.7827,28046,37093,Eptesicus serotinus,0.008,0.02,-1,Echolocation,/mnt/ubna_data_02_mir/recover-20220922/UBNA_001/20220921_090000.WAV,Telephone Field,recover-20220922,001,1795
248.7825,248.8179,68437,80202,Rhinolophus ferrumequinum,0.021,0.021,-1,Echolocation,/mnt/ubna_data_02_mir/recover-20220922/UBNA_001/20220921_090000.WAV,Telephone Field,recover-20220922,001,1795
248.8245,248.8631,68437,81790,Rhinolophus ferrumequinum,0.022,0.022,-1,Echolocation,/mnt/ubna_data_02_mir/recover-20220922/UBNA_001/20220921_090000.WAV,Telephone Field,recover-20220922,001,1795
248.8805,248.92079999999999,68437,82654,Rhinolophus ferrumequinum,0.021,0.021,-1,Echolocation,/mnt/ubna_data_02_mir/recover-20220922/UBNA_001/20220921_090000.WAV,Telephone Field,recover-20220922,001,1795
248.8945,248.9038,28906,37302,Eptesicus serotinus,0.008,0.023,-1,Echolocation,/mnt/ubna_data_02_mir/recover-20220922/UBNA_001/20220921_090000.WAV,Telephone Field,recover-20220922,001,1795
248.9135,248.9222,29765,39294,Eptesicus serotinus,0.008,0.025,-1,Echolocation,/mnt/ubna_data_02_mir/recover-20220922/UBNA_001/20220921_090000.WAV,Telephone Field,recover-20220922,001,1795
248.9185,248.9308,37500,42011,Pipistrellus nathusii,0.012,0.022,-1,Echolocation,/mnt/ubna_data_02_mir/recover-20220922/UBNA_001/20220921_090000.WAV,Telephone Field,recover-20220922,001,1795
248.9595,248.9949,68437,79951,Rhinolophus ferrumequinum,0.021,0.021,-1,Echolocation,/mnt/ubna_data_02_mir/recover-20220922/UBNA_001/20220921_090000.WAV,Telephone Field,recover-20220922,001,1795
248.9695,249.0105,68437,82227,Rhinolophus ferrumequinum,0.021,0.021,-1,Echolocation,/mnt/ubna_data_02_mir/recover-20220922/UBNA_001/20220921_090000.WAV,Telephone Field,recover-20220922,001,1795
249.0155,249.0558,68437,82428,Rhinolophus ferrumequinum,0.023,0.023,-1,Echolocation,/mnt/ubna_data_02_mir/recover-20220922/UBNA_001/20220921_090000.WAV,Telephone Field,recover-20220922,001,1795
249.0705,249.1088,68437,82312,Rhinolophus ferrumequinum,0.022,0.022,-1,Echolocation,/mnt/ubna_data_02_mir/recover-20220922/UBNA_001/20220921_090000.WAV,Telephone Field,recover-20220922,001,1795
249.1035,249.1138,50390,55399,Pipistrellus pipistrellus,0.019,0.024,-1,Echolocation,/mnt/ubna_data_02_mir/recover-20220922/UBNA_001/20220921_090000.WAV,Telephone Field,recover-20220922,001,1795
249.1225,249.1609,68437,82004,Rhinolophus ferrumequinum,0.023,0.023,-1,Echolocation,/mnt/ubna_data_02_mir/recover-20220922/UBNA_001/20220921_090000.WAV,Telephone Field,recover-20220922,001,1795
249.1525,249.1968,68437,83380,Rhinolophus ferrumequinum,0.041,0.041,-1,Echolocation,/mnt/ubna_data_02_mir/recover-20220922/UBNA_001/20220921_090000.WAV,Telephone Field,recover-20220922,001,1795
249.1625,249.172,29765,38015,Eptesicus serotinus,0.009,0.022,-1,Echolocation,/mnt/ubna_data_02_mir/recover-20220922/UBNA_001/20220921_090000.WAV,Telephone Field,recover-20220922,001,1795
249.1875,249.2276,68437,82381,Rhinolophus ferrumequinum,0.022,0.022,-1,Echolocation,/mnt/ubna_data_02_mir/recover-20220922/UBNA_001/20220921_090000.WAV,Telephone Field,recover-20220922,001,1795
249.1945,249.20420000000001,28046,36310,Eptesicus serotinus,0.009,0.021,-1,Echolocation,/mnt/ubna_data_02_mir/recover-20220922/UBNA_001/20220921_090000.WAV,Telephone Field,recover-20220922,001,1795
249.2165,249.2548,68437,81386,Rhinolophus ferrumequinum,0.024,0.024,-1,Echolocation,/mnt/ubna_data_02_mir/recover-20220922/UBNA_001/20220921_090000.WAV,Telephone Field,recover-20220922,001,1795
249.2595,249.2973,68437,81960,Rhinolophus ferrumequinum,0.02,0.021,-1,Echolocation,/mnt/ubna_data_02_mir/recover-20220922/UBNA_001/20220921_090000.WAV,Telephone Field,recover-20220922,001,1795
249.2845,249.3245,68437,82001,Rhinolophus ferrumequinum,0.022,0.022,-1,Echolocation,/mnt/ubna_data_02_mir/recover-20220922/UBNA_001/20220921_090000.WAV,Telephone Field,recover-20220922,001,1795
249.3045,249.3421,68437,81965,Rhinolophus ferrumequinum,0.021,0.021,-1,Echolocation,/mnt/ubna_data_02_mir/recover-20220922/UBNA_001/20220921_090000.WAV,Telephone Field,recover-20220922,001,1795
249.3205,249.358,68437,81924,Rhinolophus ferrumequinum,0.021,0.021,-1,Echolocation,/mnt/ubna_data_02_mir/recover-20220922/UBNA_001/20220921_090000.WAV,Telephone Field,recover-20220922,001,1795
249.3295,249.3415,28906,36931,Eptesicus serotinus,0.017,0.029,-1,Echolocation,/mnt/ubna_data_02_mir/recover-20220922/UBNA_001/20220921_090000.WAV,Telephone Field,recover-20220922,001,1795
249.3585,249.3962,68437,81556,Rhinolophus ferrumequinum,0.022,0.022,-1,Echolocation,/mnt/ubna_data_02_mir/recover-20220922/UBNA_001/20220921_090000.WAV,Telephone Field,recover-20220922,001,1795
249.4175,249.4342,40937,44643,Pipistrellus nathusii,0.012,0.022,-1,Echolocation,/mnt/ubna_data_02_mir/recover-20220922/UBNA_001/20220921_090000.WAV,Telephone Field,recover-20220922,001,1795
249.4185,249.4259,28046,37818,Eptesicus serotinus,0.009,0.025,-1,Echolocation,/mnt/ubna_data_02_mir/recover-20220922/UBNA_001/20220921_090000.WAV,Telephone Field,recover-20220922,001,1795
249.4275,249.4694,68437,82479,Rhinolophus ferrumequinum,0.03,0.03,-1,Echolocation,/mnt/ubna_data_02_mir/recover-20220922/UBNA_001/20220921_090000.WAV,Telephone Field,recover-20220922,001,1795
249.4495,249.4888,68437,81802,Rhinolophus ferrumequinum,0.023,0.023,-1,Echolocation,/mnt/ubna_data_02_mir/recover-20220922/UBNA_001/20220921_090000.WAV,Telephone Field,recover-20220922,001,1795
249.4575,249.4959,68437,81950,Rhinolophus ferrumequinum,0.023,0.023,-1,Echolocation,/mnt/ubna_data_02_mir/recover-20220922/UBNA_001/20220921_090000.WAV,Telephone Field,recover-20220922,001,1795
249.4605,249.4695,25468,33581,Eptesicus serotinus,0.007,0.021,-1,Echolocation,/mnt/ubna_data_02_mir/recover-20220922/UBNA_001/20220921_090000.WAV,Telephone Field,recover-20220922,001,1795
249.4665,249.4817,15156,21068,Nyctalus noctula,0.015,0.021,-1,Echolocation,/mnt/ubna_data_02_mir/recover-20220922/UBNA_001/20220921_090000.WAV,Telephone Field,recover-20220922,001,1795
249.4965,249.5127,21171,24431,Nyctalus leisleri,0.018,0.028,-1,Echolocation,/mnt/ubna_data_02_mir/recover-20220922/UBNA_001/20220921_090000.WAV,Telephone Field,recover-20220922,001,1795
249.5135,249.5204,23750,33459,Plecotus austriacus,0.011,0.026,-1,Echolocation,/mnt/ubna_data_02_mir/recover-20220922/UBNA_001/20220921_090000.WAV,Telephone Field,recover-20220922,001,1795
249.5435,249.5812,68437,81453,Rhinolophus ferrumequinum,0.021,0.021,-1,Echolocation,/mnt/ubna_data_02_mir/recover-20220922/UBNA_001/20220921_090000.WAV,Telephone Field,recover-20220922,001,1795
249.5495,249.5869,68437,81560,Rhinolophus ferrumequinum,0.021,0.021,-1,Echolocation,/mnt/ubna_data_02_mir/recover-20220922/UBNA_001/20220921_090000.WAV,Telephone Field,recover-20220922,001,1795
249.5665,249.5753,28046,38856,Eptesicus serotinus,0.008,0.021,-1,Echolocation,/mnt/ubna_data_02_mir/recover-20220922/UBNA_001/20220921_090000.WAV,Telephone Field,recover-20220922,001,1795
249.5965,249.6141,21171,24040,Nyctalus leisleri,0.015,0.024,-1,Echolocation,/mnt/ubna_data_02_mir/recover-20220922/UBNA_001/20220921_090000.WAV,Telephone Field,recover-20220922,001,1795
249.6035,249.6419,68437,82066,Rhinolophus ferrumequinum,0.021,0.021,-1,Echolocation,/mnt/ubna_data_02_mir/recover-20220922/UBNA_001/20220921_090000.WAV,Telephone Field,recover-20220922,001,1795
249.6235,249.6643,68437,82023,Rhinolophus ferrumequinum,0.021,0.021,-1,Echolocation,/mnt/ubna_data_02_mir/recover-20220922/UBNA_001/20220921_090000.WAV,Telephone Field,recover-20220922,001,1795
249.6595,249.6975,68437,81755,Rhinolophus ferrumequinum,0.023,0.023,-1,Echolocation,/mnt/ubna_data_02_mir/recover-20220922/UBNA_001/20220921_090000.WAV,Telephone Field,recover-20220922,001,1795
249.6895,249.7255,68437,80815,Rhinolophus ferrumequinum,0.022,0.023,-1,Echolocation,/mnt/ubna_data_02_mir/recover-20220922/UBNA_001/20220921_090000.WAV,Telephone Field,recover-20220922,001,1795
249.70850000000002,249.7184,22890,28666,Nyctalus leisleri,0.009,0.022,-1,Echolocation,/mnt/ubna_data_02_mir/recover-20220922/UBNA_001/20220921_090000.WAV,Telephone Field,recover-20220922,001,1795
249.7265,249.7665,68437,82739,Rhinolophus ferrumequinum,0.021,0.021,-1,Echolocation,/mnt/ubna_data_02_mir/recover-20220922/UBNA_001/20220921_090000.WAV,Telephone Field,recover-20220922,001,1795
249.7415,249.7815,68437,82324,Rhinolophus ferrumequinum,0.02,0.02,-1,Echolocation,/mnt/ubna_data_02_mir/recover-20220922/UBNA_001/20220921_090000.WAV,Telephone Field,recover-20220922,001,1795
249.7925,249.8307,68437,80825,Rhinolophus ferrumequinum,0.021,0.021,-1,Echolocation,/mnt/ubna_data_02_mir/recover-20220922/UBNA_001/20220921_090000.WAV,Telephone Field,recover-20220922,001,1795
249.7995,249.8363,68437,81388,Rhinolophus ferrumequinum,0.022,0.022,-1,Echolocation,/mnt/ubna_data_02_mir/recover-20220922/UBNA_001/20220921_090000.WAV,Telephone Field,recover-20220922,001,1795
249.8345,249.8504,22031,26248,Nyctalus leisleri,0.015,0.026,-1,Echolocation,/mnt/ubna_data_02_mir/recover-20220922/UBNA_001/20220921_090000.WAV,Telephone Field,recover-20220922,001,1795
249.8535,249.8946,68437,82784,Rhinolophus ferrumequinum,0.026,0.026,-1,Echolocation,/mnt/ubna_data_02_mir/recover-20220922/UBNA_001/20220921_090000.WAV,Telephone Field,recover-20220922,001,1795
249.8625,249.9025,68437,82272,Rhinolophus ferrumequinum,0.021,0.021,-1,Echolocation,/mnt/ubna_data_02_mir/recover-20220922/UBNA_001/20220921_090000.WAV,Telephone Field,recover-20220922,001,1795
249.9235,249.9609,68437,81453,Rhinolophus ferrumequinum,0.021,0.021,-1,Echolocation,/mnt/ubna_data_02_mir/recover-20220922/UBNA_001/20220921_090000.WAV,Telephone Field,recover-20220922,001,1795
249.9395,249.9781,68437,82470,Rhinolophus ferrumequinum,0.021,0.021,-1,Echolocation,/mnt/ubna_data_02_mir/recover-20220922/UBNA_001/20220921_090000.WAV,Telephone Field,recover-20220922,001,1795
249.9415,249.9491,28046,37499,Eptesicus serotinus,0.009,0.025,-1,Echolocation,/mnt/ubna_data_02_mir/recover-20220922/UBNA_001/20220921_090000.WAV,Telephone Field,recover-20220922,001,1795
249.9475,249.9832,68437,81775,Rhinolophus ferrumequinum,0.021,0.021,-1,Echolocation,/mnt/ubna_data_02_mir/recover-20220922/UBNA_001/20220921_090000.WAV,Telephone Field,recover-20220922,001,1795
249.9815,249.9908,28046,38291,Eptesicus serotinus,0.008,0.021,-1,Echolocation,/mnt/ubna_data_02_mir/recover-20220922/UBNA_001/20220921_090000.WAV,Telephone Field,recover-20220922,001,1795
250.0015,250.0181,17734,22252,Nyctalus noctula,0.023,0.047,-1,Echolocation,/mnt/ubna_data_02_mir/recover-20220922/UBNA_001/20220921_090000.WAV,Telephone Field,recover-20220922,001,1795
250.0015,250.0305,68437,79948,Rhinolophus ferrumequinum,0.033,0.033,-1,Echolocation,/mnt/ubna_data_02_mir/recover-20220922/UBNA_001/20220921_090000.WAV,Telephone Field,recover-20220922,001,1795
250.0615,250.071,26328,33999,Eptesicus serotinus,0.009,0.022,-1,Echolocation,/mnt/ubna_data_02_mir/recover-20220922/UBNA_001/20220921_090000.WAV,Telephone Field,recover-20220922,001,1795
250.0695,250.1069,68437,81561,Rhinolophus ferrumequinum,0.026,0.026,-1,Echolocation,/mnt/ubna_data_02_mir/recover-20220922/UBNA_001/20220921_090000.WAV,Telephone Field,recover-20220922,001,1795
250.1055,250.1155,28046,36572,Eptesicus serotinus,0.011,0.024,-1,Echolocation,/mnt/ubna_data_02_mir/recover-20220922/UBNA_001/20220921_090000.WAV,Telephone Field,recover-20220922,001,1795
250.1255,250.1683,68437,82852,Rhinolophus ferrumequinum,0.024,0.024,-1,Echolocation,/mnt/ubna_data_02_mir/recover-20220922/UBNA_001/20220921_090000.WAV,Telephone Field,recover-20220922,001,1795
250.1595,250.2035,68437,83465,Rhinolophus ferrumequinum,0.035,0.035,-1,Echolocation,/mnt/ubna_data_02_mir/recover-20220922/UBNA_001/20220921_090000.WAV,Telephone Field,recover-20220922,001,1795
250.1675,250.1779,22890,29213,Nyctalus leisleri,0.012,0.028,-1,Echolocation,/mnt/ubna_data_02_mir/recover-20220922/UBNA_001/20220921_090000.WAV,Telephone Field,recover-20220922,001,1795
250.2145,250.2515,68437,81922,Rhinolophus ferrumequinum,0.037,0.037,-1,Echolocation,/mnt/ubna_data_02_mir/recover-20220922/UBNA_001/20220921_090000.WAV,Telephone Field,recover-20220922,001,1795
250.2445,250.2528,28046,37606,Eptesicus serotinus,0.007,0.021,-1,Echolocation,/mnt/ubna_data_02_mir/recover-20220922/UBNA_001/20220921_090000.WAV,Telephone Field,recover-20220922,001,1795
250.2485,250.2869,68437,82040,Rhinolophus ferrumequinum,0.021,0.021,-1,Echolocation,/mnt/ubna_data_02_mir/recover-20220922/UBNA_001/20220921_090000.WAV,Telephone Field,recover-20220922,001,1795
250.2755,250.3157,68437,82868,Rhinolophus ferrumequinum,0.026,0.026,-1,Echolocation,/mnt/ubna_data_02_mir/recover-20220922/UBNA_001/20220921_090000.WAV,Telephone Field,recover-20220922,001,1795
250.3445,250.3865,68437,82745,Rhinolophus ferrumequinum,0.025,0.025,-1,Echolocation,/mnt/ubna_data_02_mir/recover-20220922/UBNA_001/20220921_090000.WAV,Telephone Field,recover-20220922,001,1795
250.3665,250.3806,22031,26297,Nyctalus leisleri,0.013,0.022,-1,Echolocation,/mnt/ubna_data_02_mir/recover-20220922/UBNA_001/20220921_090000.WAV,Telephone Field,recover-20220922,001,1795
250.3995,250.4336,68437,80362,Rhinolophus ferrumequinum,0.03,0.03,-1,Echolocation,/mnt/ubna_data_02_mir/recover-20220922/UBNA_001/20220921_090000.WAV,Telephone Field,recover-20220922,001,1795
250.4235,250.4625,68437,82235,Rhinolophus ferrumequinum,0.022,0.022,-1,Echolocation,/mnt/ubna_data_02_mir/recover-20220922/UBNA_001/20220921_090000.WAV,Telephone Field,recover-20220922,001,1795
250.4305,250.4404,44375,48083,Pipistrellus pipistrellus,0.025,0.026,-1,Echolocation,/mnt/ubna_data_02_mir/recover-20220922/UBNA_001/20220921_090000.WAV,Telephone Field,recover-20220922,001,1795
250.4355,250.4432,27187,39142,Eptesicus serotinus,0.007,0.021,-1,Echolocation,/mnt/ubna_data_02_mir/recover-20220922/UBNA_001/20220921_090000.WAV,Telephone Field,recover-20220922,001,1795
250.4565,250.477,18593,22032,Nyctalus noctula,0.017,0.029,-1,Echolocation,/mnt/ubna_data_02_mir/recover-20220922/UBNA_001/20220921_090000.WAV,Telephone Field,recover-20220922,001,1795
250.4575,250.4653,27187,36993,Eptesicus serotinus,0.007,0.022,-1,Echolocation,/mnt/ubna_data_02_mir/recover-20220922/UBNA_001/20220921_090000.WAV,Telephone Field,recover-20220922,001,1795
250.4695,250.5053,68437,81455,Rhinolophus ferrumequinum,0.022,0.022,-1,Echolocation,/mnt/ubna_data_02_mir/recover-20220922/UBNA_001/20220921_090000.WAV,Telephone Field,recover-20220922,001,1795
250.4995,250.5395,68437,82692,Rhinolophus ferrumequinum,0.023,0.023,-1,Echolocation,/mnt/ubna_data_02_mir/recover-20220922/UBNA_001/20220921_090000.WAV,Telephone Field,recover-20220922,001,1795
250.5055,250.5146,22890,29895,Plecotus austriacus,0.009,0.024,-1,Echolocation,/mnt/ubna_data_02_mir/recover-20220922/UBNA_001/20220921_090000.WAV,Telephone Field,recover-20220922,001,1795
250.5065,250.5133,27187,38361,Eptesicus serotinus,0.006,0.024,-1,Echolocation,/mnt/ubna_data_02_mir/recover-20220922/UBNA_001/20220921_090000.WAV,Telephone Field,recover-20220922,001,1795
250.5355,250.5427,28046,39523,Eptesicus serotinus,0.006,0.023,-1,Echolocation,/mnt/ubna_data_02_mir/recover-20220922/UBNA_001/20220921_090000.WAV,Telephone Field,recover-20220922,001,1795
250.54149999999998,250.5785,68437,81779,Rhinolophus ferrumequinum,0.021,0.021,-1,Echolocation,/mnt/ubna_data_02_mir/recover-20220922/UBNA_001/20220921_090000.WAV,Telephone Field,recover-20220922,001,1795
250.6025,250.6407,68437,82193,Rhinolophus ferrumequinum,0.022,0.022,-1,Echolocation,/mnt/ubna_data_02_mir/recover-20220922/UBNA_001/20220921_090000.WAV,Telephone Field,recover-20220922,001,1795
250.6245,250.6638,68437,81951,Rhinolophus ferrumequinum,0.022,0.022,-1,Echolocation,/mnt/ubna_data_02_mir/recover-20220922/UBNA_001/20220921_090000.WAV,Telephone Field,recover-20220922,001,1795
250.6755,250.7127,68437,82236,Rhinolophus ferrumequinum,0.022,0.022,-1,Echolocation,/mnt/ubna_data_02_mir/recover-20220922/UBNA_001/20220921_090000.WAV,Telephone Field,recover-20220922,001,1795
250.7295,250.7663,68437,81670,Rhinolophus ferrumequinum,0.029,0.029,-1,Echolocation,/mnt/ubna_data_02_mir/recover-20220922/UBNA_001/20220921_090000.WAV,Telephone Field,recover-20220922,001,1795
250.7795,250.8199,68437,82749,Rhinolophus ferrumequinum,0.022,0.022,-1,Echolocation,/mnt/ubna_data_02_mir/recover-20220922/UBNA_001/20220921_090000.WAV,Telephone Field,recover-20220922,001,1795
250.7865,250.828,68437,82773,Rhinolophus ferrumequinum,0.024,0.024,-1,Echolocation,/mnt/ubna_data_02_mir/recover-20220922/UBNA_001/20220921_090000.WAV,Telephone Field,recover-20220922,001,1795
250.8175,250.8567,68437,82114,Rhinolophus ferrumequinum,0.021,0.021,-1,Echolocation,/mnt/ubna_data_02_mir/recover-20220922/UBNA_001/20220921_090000.WAV,Telephone Field,recover-20220922,001,1795
250.8315,250.84120000000001,40078,48126,Barbastellus barbastellus,0.007,0.028,-1,Echolocation,/mnt/ubna_data_02_mir/recover-20220922/UBNA_001/20220921_090000.WAV,Telephone Field,recover-20220922,001,1795
250.8575,250.8714,22890,28079,Nyctalus leisleri,0.014,0.03,-1,Echolocation,/mnt/ubna_data_02_mir/recover-20220922/UBNA_001/20220921_090000.WAV,Telephone Field,recover-20220922,001,1795
250.8625,250.90370000000001,68437,82459,Rhinolophus ferrumequinum,0.027,0.027,-1,Echolocation,/mnt/ubna_data_02_mir/recover-20220922/UBNA_001/20220921_090000.WAV,Telephone Field,recover-20220922,001,1795
250.8755,250.9155,68437,82174,Rhinolophus ferrumequinum,0.023,0.023,-1,Echolocation,/mnt/ubna_data_02_mir/recover-20220922/UBNA_001/20220921_090000.WAV,Telephone Field,recover-20220922,001,1795
250.8905,250.9305,68437,82398,Rhinolophus ferrumequinum,0.021,0.021,-1,Echolocation,/mnt/ubna_data_02_mir/recover-20220922/UBNA_001/20220921_090000.WAV,Telephone Field,recover-20220922,001,1795
250.9025,250.9113,24609,32511,Eptesicus serotinus,0.007,0.022,-1,Echolocation,/mnt/ubna_data_02_mir/recover-20220922/UBNA_001/20220921_090000.WAV,Telephone Field,recover-20220922,001,1795
250.9215,250.9327,22890,27666,Nyctalus leisleri,0.012,0.022,-1,Echolocation,/mnt/ubna_data_02_mir/recover-20220922/UBNA_001/20220921_090000.WAV,Telephone Field,recover-20220922,001,1795
250.9305,250.9698,68437,82815,Rhinolophus ferrumequinum,0.027,0.027,-1,Echolocation,/mnt/ubna_data_02_mir/recover-20220922/UBNA_001/20220921_090000.WAV,Telephone Field,recover-20220922,001,1795
250.9475,250.9552,27187,39357,Eptesicus serotinus,0.006,0.021,-1,Echolocation,/mnt/ubna_data_02_mir/recover-20220922/UBNA_001/20220921_090000.WAV,Telephone Field,recover-20220922,001,1795
250.9475,250.9871,68437,82598,Rhinolophus ferrumequinum,0.022,0.022,-1,Echolocation,/mnt/ubna_data_02_mir/recover-20220922/UBNA_001/20220921_090000.WAV,Telephone Field,recover-20220922,001,1795
250.9625,250.972,28906,37325,Eptesicus serotinus,0.011,0.025,-1,Echolocation,/mnt/ubna_data_02_mir/recover-20220922/UBNA_001/20220921_090000.WAV,Telephone Field,recover-20220922,001,1795
250.9845,251.0252,68437,82470,Rhinolophus ferrumequinum,0.022,0.022,-1,Echolocation,/mnt/ubna_data_02_mir/recover-20220922/UBNA_001/20220921_090000.WAV,Telephone Field,recover-20220922,001,1795
250.9925,251.0323,68437,82611,Rhinolophus ferrumequinum,0.024,0.024,-1,Echolocation,/mnt/ubna_data_02_mir/recover-20220922/UBNA_001/20220921_090000.WAV,Telephone Field,recover-20220922,001,1795
251.0015,251.0427,68437,82614,Rhinolophus ferrumequinum,0.025,0.025,-1,Echolocation,/mnt/ubna_data_02_mir/recover-20220922/UBNA_001/20220921_090000.WAV,Telephone Field,recover-20220922,001,1795
251.0265,251.0641,68437,81970,Rhinolophus ferrumequinum,0.024,0.024,-1,Echolocation,/mnt/ubna_data_02_mir/recover-20220922/UBNA_001/20220921_090000.WAV,Telephone Field,recover-20220922,001,1795
251.0265,251.0358,28046,36921,Eptesicus serotinus,0.01,0.024,-1,Echolocation,/mnt/ubna_data_02_mir/recover-20220922/UBNA_001/20220921_090000.WAV,Telephone Field,recover-20220922,001,1795
251.0345,251.0445,23750,29832,Nyctalus leisleri,0.008,0.021,-1,Echolocation,/mnt/ubna_data_02_mir/recover-20220922/UBNA_001/20220921_090000.WAV,Telephone Field,recover-20220922,001,1795
251.0705,251.1102,68437,82329,Rhinolophus ferrumequinum,0.023,0.023,-1,Echolocation,/mnt/ubna_data_02_mir/recover-20220922/UBNA_001/20220921_090000.WAV,Telephone Field,recover-20220922,001,1795
251.0845,251.118,68437,81060,Rhinolophus ferrumequinum,0.022,0.022,-1,Echolocation,/mnt/ubna_data_02_mir/recover-20220922/UBNA_001/20220921_090000.WAV,Telephone Field,recover-20220922,001,1795
251.1075,251.14600000000002,68437,82947,Rhinolophus ferrumequinum,0.024,0.024,-1,Echolocation,/mnt/ubna_data_02_mir/recover-20220922/UBNA_001/20220921_090000.WAV,Telephone Field,recover-20220922,001,1795
251.1245,251.1682,68437,83059,Rhinolophus ferrumequinum,0.026,0.026,-1,Echolocation,/mnt/ubna_data_02_mir/recover-20220922/UBNA_001/20220921_090000.WAV,Telephone Field,recover-20220922,001,1795
251.1345,251.1411,28046,39487,Eptesicus serotinus,0.006,0.024,-1,Echolocation,/mnt/ubna_data_02_mir/recover-20220922/UBNA_001/20220921_090000.WAV,Telephone Field,recover-20220922,001,1795
251.1675,251.2074,68437,82478,Rhinolophus ferrumequinum,0.028,0.028,-1,Echolocation,/mnt/ubna_data_02_mir/recover-20220922/UBNA_001/20220921_090000.WAV,Telephone Field,recover-20220922,001,1795
251.2535,251.2932,68437,82802,Rhinolophus ferrumequinum,0.022,0.022,-1,Echolocation,/mnt/ubna_data_02_mir/recover-20220922/UBNA_001/20220921_090000.WAV,Telephone Field,recover-20220922,001,1795
251.2635,251.3055,68437,82877,Rhinolophus ferrumequinum,0.025,0.025,-1,Echolocation,/mnt/ubna_data_02_mir/recover-20220922/UBNA_001/20220921_090000.WAV,Telephone Field,recover-20220922,001,1795
251.3265,251.3666,68437,81832,Rhinolophus ferrumequinum,0.021,0.021,-1,Echolocation,/mnt/ubna_data_02_mir/recover-20220922/UBNA_001/20220921_090000.WAV,Telephone Field,recover-20220922,001,1795
251.3315,251.3398,24609,32582,Nyctalus leisleri,0.006,0.022,-1,Echolocation,/mnt/ubna_data_02_mir/recover-20220922/UBNA_001/20220921_090000.WAV,Telephone Field,recover-20220922,001,1795
251.3345,251.3742,68437,82155,Rhinolophus ferrumequinum,0.025,0.025,-1,Echolocation,/mnt/ubna_data_02_mir/recover-20220922/UBNA_001/20220921_090000.WAV,Telephone Field,recover-20220922,001,1795
251.3675,251.4071,68437,82605,Rhinolophus ferrumequinum,0.022,0.022,-1,Echolocation,/mnt/ubna_data_02_mir/recover-20220922/UBNA_001/20220921_090000.WAV,Telephone Field,recover-20220922,001,1795
251.3825,251.4198,68437,81561,Rhinolophus ferrumequinum,0.021,0.021,-1,Echolocation,/mnt/ubna_data_02_mir/recover-20220922/UBNA_001/20220921_090000.WAV,Telephone Field,recover-20220922,001,1795
251.3905,251.3978,23750,31868,Plecotus austriacus,0.01,0.022,-1,Echolocation,/mnt/ubna_data_02_mir/recover-20220922/UBNA_001/20220921_090000.WAV,Telephone Field,recover-20220922,001,1795
251.3955,251.4349,68437,82490,Rhinolophus ferrumequinum,0.024,0.024,-1,Echolocation,/mnt/ubna_data_02_mir/recover-20220922/UBNA_001/20220921_090000.WAV,Telephone Field,recover-20220922,001,1795
251.4045,251.4414,68437,81800,Rhinolophus ferrumequinum,0.023,0.023,-1,Echolocation,/mnt/ubna_data_02_mir/recover-20220922/UBNA_001/20220921_090000.WAV,Telephone Field,recover-20220922,001,1795
251.4745,251.4835,23750,30627,Plecotus austriacus,0.011,0.029,-1,Echolocation,/mnt/ubna_data_02_mir/recover-20220922/UBNA_001/20220921_090000.WAV,Telephone Field,recover-20220922,001,1795
251.5015,251.5406,68437,81532,Rhinolophus ferrumequinum,0.024,0.024,-1,Echolocation,/mnt/ubna_data_02_mir/recover-20220922/UBNA_001/20220921_090000.WAV,Telephone Field,recover-20220922,001,1795
251.5245,251.563,68437,82175,Rhinolophus ferrumequinum,0.027,0.027,-1,Echolocation,/mnt/ubna_data_02_mir/recover-20220922/UBNA_001/20220921_090000.WAV,Telephone Field,recover-20220922,001,1795
251.5345,251.5451,23750,29439,Nyctalus leisleri,0.01,0.022,-1,Echolocation,/mnt/ubna_data_02_mir/recover-20220922/UBNA_001/20220921_090000.WAV,Telephone Field,recover-20220922,001,1795
251.5595,251.59629999999999,68437,82133,Rhinolophus ferrumequinum,0.023,0.023,-1,Echolocation,/mnt/ubna_data_02_mir/recover-20220922/UBNA_001/20220921_090000.WAV,Telephone Field,recover-20220922,001,1795
251.5665,251.6046,68437,81832,Rhinolophus ferrumequinum,0.021,0.021,-1,Echolocation,/mnt/ubna_data_02_mir/recover-20220922/UBNA_001/20220921_090000.WAV,Telephone Field,recover-20220922,001,1795
251.5915,251.6015,27187,34876,Eptesicus serotinus,0.01,0.023,-1,Echolocation,/mnt/ubna_data_02_mir/recover-20220922/UBNA_001/20220921_090000.WAV,Telephone Field,recover-20220922,001,1795
251.6055,251.6431,68437,82240,Rhinolophus ferrumequinum,0.022,0.022,-1,Echolocation,/mnt/ubna_data_02_mir/recover-20220922/UBNA_001/20220921_090000.WAV,Telephone Field,recover-20220922,001,1795
251.6315,251.6438,23750,29882,Nyctalus leisleri,0.014,0.031,-1,Echolocation,/mnt/ubna_data_02_mir/recover-20220922/UBNA_001/20220921_090000.WAV,Telephone Field,recover-20220922,001,1795
251.6415,251.681,68437,82752,Rhinolophus ferrumequinum,0.024,0.024,-1,Echolocation,/mnt/ubna_data_02_mir/recover-20220922/UBNA_001/20220921_090000.WAV,Telephone Field,recover-20220922,001,1795
251.7035,251.7113,27187,39578,Eptesicus serotinus,0.008,0.022,-1,Echolocation,/mnt/ubna_data_02_mir/recover-20220922/UBNA_001/20220921_090000.WAV,Telephone Field,recover-20220922,001,1795
251.7405,251.7742,68437,81122,Rhinolophus ferrumequinum,0.023,0.023,-1,Echolocation,/mnt/ubna_data_02_mir/recover-20220922/UBNA_001/20220921_090000.WAV,Telephone Field,recover-20220922,001,1795
251.7855,251.82920000000001,68437,82992,Rhinolophus ferrumequinum,0.03,0.03,-1,Echolocation,/mnt/ubna_data_02_mir/recover-20220922/UBNA_001/20220921_090000.WAV,Telephone Field,recover-20220922,001,1795
251.7865,251.79410000000001,25468,37094,Eptesicus serotinus,0.005,0.024,-1,Echolocation,/mnt/ubna_data_02_mir/recover-20220922/UBNA_001/20220921_090000.WAV,Telephone Field,recover-20220922,001,1795
251.7905,251.8321,68437,82893,Rhinolophus ferrumequinum,0.029,0.029,-1,Echolocation,/mnt/ubna_data_02_mir/recover-20220922/UBNA_001/20220921_090000.WAV,Telephone Field,recover-20220922,001,1795
251.8005,251.8399,68437,82263,Rhinolophus ferrumequinum,0.021,0.021,-1,Echolocation,/mnt/ubna_data_02_mir/recover-20220922/UBNA_001/20220921_090000.WAV,Telephone Field,recover-20220922,001,1795
251.8295,251.8675,68437,82332,Rhinolophus ferrumequinum,0.022,0.022,-1,Echolocation,/mnt/ubna_data_02_mir/recover-20220922/UBNA_001/20220921_090000.WAV,Telephone Field,recover-20220922,001,1795
251.8305,251.8404,35781,42632,Pipistrellus nathusii,0.006,0.022,-1,Echolocation,/mnt/ubna_data_02_mir/recover-20220922/UBNA_001/20220921_090000.WAV,Telephone Field,recover-20220922,001,1795
251.8395,251.8798,68437,82374,Rhinolophus ferrumequinum,0.022,0.022,-1,Echolocation,/mnt/ubna_data_02_mir/recover-20220922/UBNA_001/20220921_090000.WAV,Telephone Field,recover-20220922,001,1795
251.8465,251.8562,22031,27221,Nyctalus leisleri,0.009,0.022,-1,Echolocation,/mnt/ubna_data_02_mir/recover-20220922/UBNA_001/20220921_090000.WAV,Telephone Field,recover-20220922,001,1795
251.8475,251.8841,68437,81792,Rhinolophus ferrumequinum,0.021,0.021,-1,Echolocation,/mnt/ubna_data_02_mir/recover-20220922/UBNA_001/20220921_090000.WAV,Telephone Field,recover-20220922,001,1795
251.8955,251.9027,28046,37892,Eptesicus serotinus,0.007,0.025,-1,Echolocation,/mnt/ubna_data_02_mir/recover-20220922/UBNA_001/20220921_090000.WAV,Telephone Field,recover-20220922,001,1795
251.8965,251.9331,68437,82148,Rhinolophus ferrumequinum,0.021,0.022,-1,Echolocation,/mnt/ubna_data_02_mir/recover-20220922/UBNA_001/20220921_090000.WAV,Telephone Field,recover-20220922,001,1795
251.9495,251.9597,28046,35805,Eptesicus serotinus,0.011,0.023,-1,Echolocation,/mnt/ubna_data_02_mir/recover-20220922/UBNA_001/20220921_090000.WAV,Telephone Field,recover-20220922,001,1795
251.9745,251.9819,26328,39820,Eptesicus serotinus,0.007,0.026,-1,Echolocation,/mnt/ubna_data_02_mir/recover-20220922/UBNA_001/20220921_090000.WAV,Telephone Field,recover-20220922,001,1795
251.9745,251.9824,34062,42355,Myotis daubentonii,0.009,0.023,-1,Echolocation,/mnt/ubna_data_02_mir/recover-20220922/UBNA_001/20220921_090000.WAV,Telephone Field,recover-20220922,001,1795
251.9855,251.9942,28046,37013,Eptesicus serotinus,0.009,0.025,-1,Echolocation,/mnt/ubna_data_02_mir/recover-20220922/UBNA_001/20220921_090000.WAV,Telephone Field,recover-20220922,001,1795
252.0015,252.0369,68437,80478,Rhinolophus ferrumequinum,0.047,0.047,-1,Echolocation,/mnt/ubna_data_02_mir/recover-20220922/UBNA_001/20220921_090000.WAV,Telephone Field,recover-20220922,001,1795
252.0015,252.0102,27187,37621,Eptesicus serotinus,0.008,0.026,-1,Echolocation,/mnt/ubna_data_02_mir/recover-20220922/UBNA_001/20220921_090000.WAV,Telephone Field,recover-20220922,001,1795
252.0045,252.0124,34062,46219,Myotis daubentonii,0.01,0.021,-1,Echolocation,/mnt/ubna_data_02_mir/recover-20220922/UBNA_001/20220921_090000.WAV,Telephone Field,recover-20220922,001,1795
252.0105,252.055,68437,83911,Rhinolophus ferrumequinum,0.022,0.022,-1,Echolocation,/mnt/ubna_data_02_mir/recover-20220922/UBNA_001/20220921_090000.WAV,Telephone Field,recover-20220922,001,1795
252.0165,252.024,28046,41374,Eptesicus serotinus,0.007,0.022,-1,Echolocation,/mnt/ubna_data_02_mir/recover-20220922/UBNA_001/20220921_090000.WAV,Telephone Field,recover-20220922,001,1795
252.0905,252.0995,28906,39866,Eptesicus serotinus,0.009,0.022,-1,Echolocation,/mnt/ubna_data_02_mir/recover-20220922/UBNA_001/20220921_090000.WAV,Telephone Field,recover-20220922,001,1795
252.0975,252.1342,68437,81733,Rhinolophus ferrumequinum,0.024,0.024,-1,Echolocation,/mnt/ubna_data_02_mir/recover-20220922/UBNA_001/20220921_090000.WAV,Telephone Field,recover-20220922,001,1795
252.1305,252.1407,23750,29443,Nyctalus leisleri,0.009,0.021,-1,Echolocation,/mnt/ubna_data_02_mir/recover-20220922/UBNA_001/20220921_090000.WAV,Telephone Field,recover-20220922,001,1795
252.1365,252.177,68437,83185,Rhinolophus ferrumequinum,0.034,0.034,-1,Echolocation,/mnt/ubna_data_02_mir/recover-20220922/UBNA_001/20220921_090000.WAV,Telephone Field,recover-20220922,001,1795
252.1715,252.20850000000002,68437,81854,Rhinolophus ferrumequinum,0.027,0.027,-1,Echolocation,/mnt/ubna_data_02_mir/recover-20220922/UBNA_001/20220921_090000.WAV,Telephone Field,recover-20220922,001,1795
252.2035,252.2451,68437,82903,Rhinolophus ferrumequinum,0.043,0.043,-1,Echolocation,/mnt/ubna_data_02_mir/recover-20220922/UBNA_001/20220921_090000.WAV,Telephone Field,recover-20220922,001,1795
252.2295,252.2704,68437,82465,Rhinolophus ferrumequinum,0.026,0.026,-1,Echolocation,/mnt/ubna_data_02_mir/recover-20220922/UBNA_001/20220921_090000.WAV,Telephone Field,recover-20220922,001,1795
252.2385,252.2496,22890,27077,Nyctalus leisleri,0.012,0.022,-1,Echolocation,/mnt/ubna_data_02_mir/recover-20220922/UBNA_001/20220921_090000.WAV,Telephone Field,recover-20220922,001,1795
252.2505,252.2876,68437,82477,Rhinolophus ferrumequinum,0.039,0.039,-1,Echolocation,/mnt/ubna_data_02_mir/recover-20220922/UBNA_001/20220921_090000.WAV,Telephone Field,recover-20220922,001,1795
252.2675,252.2782,23750,29720,Nyctalus leisleri,0.011,0.027,-1,Echolocation,/mnt/ubna_data_02_mir/recover-20220922/UBNA_001/20220921_090000.WAV,Telephone Field,recover-20220922,001,1795
252.3205,252.3326,55546,60361,Pipistrellus pygmaeus,0.022,0.025,-1,Echolocation,/mnt/ubna_data_02_mir/recover-20220922/UBNA_001/20220921_090000.WAV,Telephone Field,recover-20220922,001,1795
252.32150000000001,252.3604,68437,81880,Rhinolophus ferrumequinum,0.022,0.022,-1,Echolocation,/mnt/ubna_data_02_mir/recover-20220922/UBNA_001/20220921_090000.WAV,Telephone Field,recover-20220922,001,1795
252.3275,252.3665,68437,81829,Rhinolophus ferrumequinum,0.021,0.021,-1,Echolocation,/mnt/ubna_data_02_mir/recover-20220922/UBNA_001/20220921_090000.WAV,Telephone Field,recover-20220922,001,1795
252.3285,252.3377,28906,39086,Eptesicus serotinus,0.009,0.022,-1,Echolocation,/mnt/ubna_data_02_mir/recover-20220922/UBNA_001/20220921_090000.WAV,Telephone Field,recover-20220922,001,1795
252.3445,252.3824,68437,81682,Rhinolophus ferrumequinum,0.021,0.021,-1,Echolocation,/mnt/ubna_data_02_mir/recover-20220922/UBNA_001/20220921_090000.WAV,Telephone Field,recover-20220922,001,1795
252.3605,252.3705,22031,27264,Nyctalus leisleri,0.01,0.025,-1,Echolocation,/mnt/ubna_data_02_mir/recover-20220922/UBNA_001/20220921_090000.WAV,Telephone Field,recover-20220922,001,1795
252.3665,252.3869,17734,20642,Nyctalus noctula,0.012,0.021,-1,Echolocation,/mnt/ubna_data_02_mir/recover-20220922/UBNA_001/20220921_090000.WAV,Telephone Field,recover-20220922,001,1795
252.3915,252.4275,68437,82011,Rhinolophus ferrumequinum,0.021,0.021,-1,Echolocation,/mnt/ubna_data_02_mir/recover-20220922/UBNA_001/20220921_090000.WAV,Telephone Field,recover-20220922,001,1795
252.4245,252.4635,68437,82318,Rhinolophus ferrumequinum,0.04,0.04,-1,Echolocation,/mnt/ubna_data_02_mir/recover-20220922/UBNA_001/20220921_090000.WAV,Telephone Field,recover-20220922,001,1795
252.4525,252.4932,68437,82232,Rhinolophus ferrumequinum,0.024,0.024,-1,Echolocation,/mnt/ubna_data_02_mir/recover-20220922/UBNA_001/20220921_090000.WAV,Telephone Field,recover-20220922,001,1795
252.4655,252.5045,68437,82687,Rhinolophus ferrumequinum,0.022,0.022,-1,Echolocation,/mnt/ubna_data_02_mir/recover-20220922/UBNA_001/20220921_090000.WAV,Telephone Field,recover-20220922,001,1795
252.4725,252.5102,68437,82522,Rhinolophus ferrumequinum,0.021,0.021,-1,Echolocation,/mnt/ubna_data_02_mir/recover-20220922/UBNA_001/20220921_090000.WAV,Telephone Field,recover-20220922,001,1795
252.4865,252.5285,68437,82764,Rhinolophus ferrumequinum,0.026,0.026,-1,Echolocation,/mnt/ubna_data_02_mir/recover-20220922/UBNA_001/20220921_090000.WAV,Telephone Field,recover-20220922,001,1795
252.4935,252.5347,68437,83204,Rhinolophus ferrumequinum,0.024,0.024,-1,Echolocation,/mnt/ubna_data_02_mir/recover-20220922/UBNA_001/20220921_090000.WAV,Telephone Field,recover-20220922,001,1795
252.5055,252.5468,68437,82090,Rhinolophus ferrumequinum,0.022,0.022,-1,Echolocation,/mnt/ubna_data_02_mir/recover-20220922/UBNA_001/20220921_090000.WAV,Telephone Field,recover-20220922,001,1795
252.5365,252.5775,68437,83112,Rhinolophus ferrumequinum,0.029,0.029,-1,Echolocation,/mnt/ubna_data_02_mir/recover-20220922/UBNA_001/20220921_090000.WAV,Telephone Field,recover-20220922,001,1795
252.5595,252.5993,68437,82615,Rhinolophus ferrumequinum,0.028,0.028,-1,Echolocation,/mnt/ubna_data_02_mir/recover-20220922/UBNA_001/20220921_090000.WAV,Telephone Field,recover-20220922,001,1795
252.5615,252.5709,25468,32900,Eptesicus serotinus,0.01,0.024,-1,Echolocation,/mnt/ubna_data_02_mir/recover-20220922/UBNA_001/20220921_090000.WAV,Telephone Field,recover-20220922,001,1795
252.5825,252.593,28906,36609,Eptesicus serotinus,0.009,0.021,-1,Echolocation,/mnt/ubna_data_02_mir/recover-20220922/UBNA_001/20220921_090000.WAV,Telephone Field,recover-20220922,001,1795
252.5945,252.6318,68437,82034,Rhinolophus ferrumequinum,0.023,0.023,-1,Echolocation,/mnt/ubna_data_02_mir/recover-20220922/UBNA_001/20220921_090000.WAV,Telephone Field,recover-20220922,001,1795
252.6375,252.678,68437,82651,Rhinolophus ferrumequinum,0.029,0.029,-1,Echolocation,/mnt/ubna_data_02_mir/recover-20220922/UBNA_001/20220921_090000.WAV,Telephone Field,recover-20220922,001,1795
252.6715,252.713,68437,82659,Rhinolophus ferrumequinum,0.027,0.027,-1,Echolocation,/mnt/ubna_data_02_mir/recover-20220922/UBNA_001/20220921_090000.WAV,Telephone Field,recover-20220922,001,1795
252.7025,252.7424,68437,82321,Rhinolophus ferrumequinum,0.022,0.022,-1,Echolocation,/mnt/ubna_data_02_mir/recover-20220922/UBNA_001/20220921_090000.WAV,Telephone Field,recover-20220922,001,1795
252.7025,252.7105,23750,31747,Plecotus austriacus,0.009,0.025,-1,Echolocation,/mnt/ubna_data_02_mir/recover-20220922/UBNA_001/20220921_090000.WAV,Telephone Field,recover-20220922,001,1795
252.7215,252.7573,68437,81753,Rhinolophus ferrumequinum,0.023,0.023,-1,Echolocation,/mnt/ubna_data_02_mir/recover-20220922/UBNA_001/20220921_090000.WAV,Telephone Field,recover-20220922,001,1795
252.7375,252.7767,68437,82510,Rhinolophus ferrumequinum,0.022,0.022,-1,Echolocation,/mnt/ubna_data_02_mir/recover-20220922/UBNA_001/20220921_090000.WAV,Telephone Field,recover-20220922,001,1795
252.7675,252.807,68437,82145,Rhinolophus ferrumequinum,0.046,0.046,-1,Echolocation,/mnt/ubna_data_02_mir/recover-20220922/UBNA_001/20220921_090000.WAV,Telephone Field,recover-20220922,001,1795
252.7715,252.78,28906,40109,Eptesicus serotinus,0.009,0.025,-1,Echolocation,/mnt/ubna_data_02_mir/recover-20220922/UBNA_001/20220921_090000.WAV,Telephone Field,recover-20220922,001,1795
252.7925,252.803,23750,29269,Nyctalus leisleri,0.01,0.022,-1,Echolocation,/mnt/ubna_data_02_mir/recover-20220922/UBNA_001/20220921_090000.WAV,Telephone Field,recover-20220922,001,1795
252.8235,252.8641,68437,81679,Rhinolophus ferrumequinum,0.028,0.028,-1,Echolocation,/mnt/ubna_data_02_mir/recover-20220922/UBNA_001/20220921_090000.WAV,Telephone Field,recover-20220922,001,1795
252.8635,252.8707,23750,33889,Plecotus austriacus,0.01,0.023,-1,Echolocation,/mnt/ubna_data_02_mir/recover-20220922/UBNA_001/20220921_090000.WAV,Telephone Field,recover-20220922,001,1795
252.8695,252.9074,68437,82240,Rhinolophus ferrumequinum,0.023,0.023,-1,Echolocation,/mnt/ubna_data_02_mir/recover-20220922/UBNA_001/20220921_090000.WAV,Telephone Field,recover-20220922,001,1795
252.8865,252.8975,22031,26797,Nyctalus leisleri,0.01,0.022,-1,Echolocation,/mnt/ubna_data_02_mir/recover-20220922/UBNA_001/20220921_090000.WAV,Telephone Field,recover-20220922,001,1795
252.9195,252.957,68437,82037,Rhinolophus ferrumequinum,0.022,0.022,-1,Echolocation,/mnt/ubna_data_02_mir/recover-20220922/UBNA_001/20220921_090000.WAV,Telephone Field,recover-20220922,001,1795
252.9455,252.9536,22890,30687,Plecotus austriacus,0.01,0.021,-1,Echolocation,/mnt/ubna_data_02_mir/recover-20220922/UBNA_001/20220921_090000.WAV,Telephone Field,recover-20220922,001,1795
252.9525,252.9885,68437,81494,Rhinolophus ferrumequinum,0.025,0.025,-1,Echolocation,/mnt/ubna_data_02_mir/recover-20220922/UBNA_001/20220921_090000.WAV,Telephone Field,recover-20220922,001,1795
252.9695,252.9799,23750,30189,Nyctalus leisleri,0.009,0.022,-1,Echolocation,/mnt/ubna_data_02_mir/recover-20220922/UBNA_001/20220921_090000.WAV,Telephone Field,recover-20220922,001,1795
252.9875,253.0222,68437,81755,Rhinolophus ferrumequinum,0.022,0.022,-1,Echolocation,/mnt/ubna_data_02_mir/recover-20220922/UBNA_001/20220921_090000.WAV,Telephone Field,recover-20220922,001,1795
253.0125,253.02100000000002,24609,33325,Plecotus austriacus,0.006,0.022,-1,Echolocation,/mnt/ubna_data_02_mir/recover-20220922/UBNA_001/20220921_090000.WAV,Telephone Field,recover-20220922,001,1795
253.0225,253.0314,27187,37055,Eptesicus serotinus,0.01,0.022,-1,Echolocation,/mnt/ubna_data_02_mir/recover-20220922/UBNA_001/20220921_090000.WAV,Telephone Field,recover-20220922,001,1795
253.0305,253.0683,68437,82364,Rhinolophus ferrumequinum,0.021,0.021,-1,Echolocation,/mnt/ubna_data_02_mir/recover-20220922/UBNA_001/20220921_090000.WAV,Telephone Field,recover-20220922,001,1795
253.0425,253.0812,68437,81796,Rhinolophus ferrumequinum,0.022,0.022,-1,Echolocation,/mnt/ubna_data_02_mir/recover-20220922/UBNA_001/20220921_090000.WAV,Telephone Field,recover-20220922,001,1795
253.0565,253.065,27187,37259,Eptesicus serotinus,0.008,0.023,-1,Echolocation,/mnt/ubna_data_02_mir/recover-20220922/UBNA_001/20220921_090000.WAV,Telephone Field,recover-20220922,001,1795
253.0725,253.0849,21171,24455,Nyctalus leisleri,0.014,0.022,-1,Echolocation,/mnt/ubna_data_02_mir/recover-20220922/UBNA_001/20220921_090000.WAV,Telephone Field,recover-20220922,001,1795
253.0785,253.1197,68437,83334,Rhinolophus ferrumequinum,0.032,0.032,-1,Echolocation,/mnt/ubna_data_02_mir/recover-20220922/UBNA_001/20220921_090000.WAV,Telephone Field,recover-20220922,001,1795
253.0885,253.0979,28906,37888,Eptesicus serotinus,0.01,0.024,-1,Echolocation,/mnt/ubna_data_02_mir/recover-20220922/UBNA_001/20220921_090000.WAV,Telephone Field,recover-20220922,001,1795
253.0955,253.1036,15156,25912,Plecotus auritus,0.016,0.026,-1,Echolocation,/mnt/ubna_data_02_mir/recover-20220922/UBNA_001/20220921_090000.WAV,Telephone Field,recover-20220922,001,1795
253.1165,253.1573,68437,82649,Rhinolophus ferrumequinum,0.027,0.027,-1,Echolocation,/mnt/ubna_data_02_mir/recover-20220922/UBNA_001/20220921_090000.WAV,Telephone Field,recover-20220922,001,1795
253.16649999999998,253.2087,68437,83097,Rhinolophus ferrumequinum,0.032,0.032,-1,Echolocation,/mnt/ubna_data_02_mir/recover-20220922/UBNA_001/20220921_090000.WAV,Telephone Field,recover-20220922,001,1795
253.1805,253.1887,28906,36796,Eptesicus serotinus,0.029,0.056,-1,Echolocation,/mnt/ubna_data_02_mir/recover-20220922/UBNA_001/20220921_090000.WAV,Telephone Field,recover-20220922,001,1795
253.2195,253.2571,68437,82088,Rhinolophus ferrumequinum,0.026,0.026,-1,Echolocation,/mnt/ubna_data_02_mir/recover-20220922/UBNA_001/20220921_090000.WAV,Telephone Field,recover-20220922,001,1795
253.2495,253.2917,68437,82638,Rhinolophus ferrumequinum,0.023,0.023,-1,Echolocation,/mnt/ubna_data_02_mir/recover-20220922/UBNA_001/20220921_090000.WAV,Telephone Field,recover-20220922,001,1795
253.2595,253.3022,68437,83205,Rhinolophus ferrumequinum,0.023,0.023,-1,Echolocation,/mnt/ubna_data_02_mir/recover-20220922/UBNA_001/20220921_090000.WAV,Telephone Field,recover-20220922,001,1795
253.2655,253.2755,23750,29993,Nyctalus leisleri,0.015,0.042,-1,Echolocation,/mnt/ubna_data_02_mir/recover-20220922/UBNA_001/20220921_090000.WAV,Telephone Field,recover-20220922,001,1795
253.2685,253.3084,68437,82773,Rhinolophus ferrumequinum,0.021,0.021,-1,Echolocation,/mnt/ubna_data_02_mir/recover-20220922/UBNA_001/20220921_090000.WAV,Telephone Field,recover-20220922,001,1795
253.2895,253.3299,68437,82489,Rhinolophus ferrumequinum,0.024,0.024,-1,Echolocation,/mnt/ubna_data_02_mir/recover-20220922/UBNA_001/20220921_090000.WAV,Telephone Field,recover-20220922,001,1795
253.3185,253.327,28906,38140,Eptesicus serotinus,0.008,0.021,-1,Echolocation,/mnt/ubna_data_02_mir/recover-20220922/UBNA_001/20220921_090000.WAV,Telephone Field,recover-20220922,001,1795
253.3285,253.3646,68437,81708,Rhinolophus ferrumequinum,0.025,0.025,-1,Echolocation,/mnt/ubna_data_02_mir/recover-20220922/UBNA_001/20220921_090000.WAV,Telephone Field,recover-20220922,001,1795
253.4745,253.5138,68437,82598,Rhinolophus ferrumequinum,0.026,0.026,-1,Echolocation,/mnt/ubna_data_02_mir/recover-20220922/UBNA_001/20220921_090000.WAV,Telephone Field,recover-20220922,001,1795
253.4905,253.5299,68437,82097,Rhinolophus ferrumequinum,0.021,0.021,-1,Echolocation,/mnt/ubna_data_02_mir/recover-20220922/UBNA_001/20220921_090000.WAV,Telephone Field,recover-20220922,001,1795
253.5035,253.5125,22890,29791,Plecotus austriacus,0.006,0.021,-1,Echolocation,/mnt/ubna_data_02_mir/recover-20220922/UBNA_001/20220921_090000.WAV,Telephone Field,recover-20220922,001,1795
253.5125,253.5528,68437,82645,Rhinolophus ferrumequinum,0.024,0.024,-1,Echolocation,/mnt/ubna_data_02_mir/recover-20220922/UBNA_001/20220921_090000.WAV,Telephone Field,recover-20220922,001,1795
253.5315,253.5709,68437,82024,Rhinolophus ferrumequinum,0.021,0.021,-1,Echolocation,/mnt/ubna_data_02_mir/recover-20220922/UBNA_001/20220921_090000.WAV,Telephone Field,recover-20220922,001,1795
253.5475,253.5869,68437,82759,Rhinolophus ferrumequinum,0.026,0.026,-1,Echolocation,/mnt/ubna_data_02_mir/recover-20220922/UBNA_001/20220921_090000.WAV,Telephone Field,recover-20220922,001,1795
253.5745,253.6147,68437,82498,Rhinolophus ferrumequinum,0.023,0.023,-1,Echolocation,/mnt/ubna_data_02_mir/recover-20220922/UBNA_001/20220921_090000.WAV,Telephone Field,recover-20220922,001,1795
253.5925,253.6034,23750,30428,Nyctalus leisleri,0.009,0.023,-1,Echolocation,/mnt/ubna_data_02_mir/recover-20220922/UBNA_001/20220921_090000.WAV,Telephone Field,recover-20220922,001,1795
253.6085,253.6491,68437,82341,Rhinolophus ferrumequinum,0.025,0.025,-1,Echolocation,/mnt/ubna_data_02_mir/recover-20220922/UBNA_001/20220921_090000.WAV,Telephone Field,recover-20220922,001,1795
253.6495,253.6865,68437,81711,Rhinolophus ferrumequinum,0.022,0.022,-1,Echolocation,/mnt/ubna_data_02_mir/recover-20220922/UBNA_001/20220921_090000.WAV,Telephone Field,recover-20220922,001,1795
253.6595,253.6949,68437,81332,Rhinolophus ferrumequinum,0.021,0.021,-1,Echolocation,/mnt/ubna_data_02_mir/recover-20220922/UBNA_001/20220921_090000.WAV,Telephone Field,recover-20220922,001,1795
253.6635,253.6736,23750,29126,Nyctalus leisleri,0.01,0.024,-1,Echolocation,/mnt/ubna_data_02_mir/recover-20220922/UBNA_001/20220921_090000.WAV,Telephone Field,recover-20220922,001,1795
253.6775,253.7145,68437,82017,Rhinolophus ferrumequinum,0.022,0.022,-1,Echolocation,/mnt/ubna_data_02_mir/recover-20220922/UBNA_001/20220921_090000.WAV,Telephone Field,recover-20220922,001,1795
253.7255,253.7633,68437,81943,Rhinolophus ferrumequinum,0.024,0.024,-1,Echolocation,/mnt/ubna_data_02_mir/recover-20220922/UBNA_001/20220921_090000.WAV,Telephone Field,recover-20220922,001,1795
253.7765,253.8127,68437,81698,Rhinolophus ferrumequinum,0.021,0.021,-1,Echolocation,/mnt/ubna_data_02_mir/recover-20220922/UBNA_001/20220921_090000.WAV,Telephone Field,recover-20220922,001,1795
253.7825,253.8193,68437,81893,Rhinolophus ferrumequinum,0.021,0.021,-1,Echolocation,/mnt/ubna_data_02_mir/recover-20220922/UBNA_001/20220921_090000.WAV,Telephone Field,recover-20220922,001,1795
253.7885,253.8246,68437,81652,Rhinolophus ferrumequinum,0.021,0.021,-1,Echolocation,/mnt/ubna_data_02_mir/recover-20220922/UBNA_001/20220921_090000.WAV,Telephone Field,recover-20220922,001,1795
253.7965,253.8049,48671,54872,Pipistrellus pipistrellus,0.023,0.025,-1,Echolocation,/mnt/ubna_data_02_mir/recover-20220922/UBNA_001/20220921_090000.WAV,Telephone Field,recover-20220922,001,1795
253.7985,253.807,28906,40211,Eptesicus serotinus,0.015,0.034,-1,Echolocation,/mnt/ubna_data_02_mir/recover-20220922/UBNA_001/20220921_090000.WAV,Telephone Field,recover-20220922,001,1795
253.8045,253.8389,68437,81244,Rhinolophus ferrumequinum,0.021,0.021,-1,Echolocation,/mnt/ubna_data_02_mir/recover-20220922/UBNA_001/20220921_090000.WAV,Telephone Field,recover-20220922,001,1795
253.8275,253.8387,43515,50143,Pipistrellus pipistrellus,0.024,0.032,-1,Echolocation,/mnt/ubna_data_02_mir/recover-20220922/UBNA_001/20220921_090000.WAV,Telephone Field,recover-20220922,001,1795
253.8445,253.8613,22031,25520,Nyctalus leisleri,0.017,0.027,-1,Echolocation,/mnt/ubna_data_02_mir/recover-20220922/UBNA_001/20220921_090000.WAV,Telephone Field,recover-20220922,001,1795
253.8895,253.9312,68437,83769,Rhinolophus ferrumequinum,0.072,0.072,-1,Echolocation,/mnt/ubna_data_02_mir/recover-20220922/UBNA_001/20220921_090000.WAV,Telephone Field,recover-20220922,001,1795
253.9155,253.9343,20312,23357,Nyctalus leisleri,0.019,0.038,-1,Echolocation,/mnt/ubna_data_02_mir/recover-20220922/UBNA_001/20220921_090000.WAV,Telephone Field,recover-20220922,001,1795
253.9175,253.9538,68437,81359,Rhinolophus ferrumequinum,0.021,0.021,-1,Echolocation,/mnt/ubna_data_02_mir/recover-20220922/UBNA_001/20220921_090000.WAV,Telephone Field,recover-20220922,001,1795
253.9275,253.9352,28906,40411,Eptesicus serotinus,0.007,0.021,-1,Echolocation,/mnt/ubna_data_02_mir/recover-20220922/UBNA_001/20220921_090000.WAV,Telephone Field,recover-20220922,001,1795
253.9595,253.9954,68437,81355,Rhinolophus ferrumequinum,0.025,0.025,-1,Echolocation,/mnt/ubna_data_02_mir/recover-20220922/UBNA_001/20220921_090000.WAV,Telephone Field,recover-20220922,001,1795
253.9785,253.9857,28906,42186,Eptesicus serotinus,0.007,0.023,-1,Echolocation,/mnt/ubna_data_02_mir/recover-20220922/UBNA_001/20220921_090000.WAV,Telephone Field,recover-20220922,001,1795
254.0015,254.0112,28046,36257,Nyctalus leisleri,0.009,0.029,-1,Echolocation,/mnt/ubna_data_02_mir/recover-20220922/UBNA_001/20220921_090000.WAV,Telephone Field,recover-20220922,001,1795
254.0015,254.0108,47812,52793,Pipistrellus pipistrellus,0.018,0.023,-1,Echolocation,/mnt/ubna_data_02_mir/recover-20220922/UBNA_001/20220921_090000.WAV,Telephone Field,recover-20220922,001,1795
254.0025,254.0447,68437,81626,Rhinolophus ferrumequinum,0.029,0.029,-1,Echolocation,/mnt/ubna_data_02_mir/recover-20220922/UBNA_001/20220921_090000.WAV,Telephone Field,recover-20220922,001,1795
254.0915,254.1298,68437,82078,Rhinolophus ferrumequinum,0.024,0.024,-1,Echolocation,/mnt/ubna_data_02_mir/recover-20220922/UBNA_001/20220921_090000.WAV,Telephone Field,recover-20220922,001,1795
254.1135,254.12369999999999,25468,33066,Eptesicus serotinus,0.012,0.029,-1,Echolocation,/mnt/ubna_data_02_mir/recover-20220922/UBNA_001/20220921_090000.WAV,Telephone Field,recover-20220922,001,1795
254.1175,254.1569,68437,82254,Rhinolophus ferrumequinum,0.021,0.021,-1,Echolocation,/mnt/ubna_data_02_mir/recover-20220922/UBNA_001/20220921_090000.WAV,Telephone Field,recover-20220922,001,1795
254.1835,254.2217,68437,82400,Rhinolophus ferrumequinum,0.024,0.024,-1,Echolocation,/mnt/ubna_data_02_mir/recover-20220922/UBNA_001/20220921_090000.WAV,Telephone Field,recover-20220922,001,1795
254.2055,254.2438,68437,82169,Rhinolophus ferrumequinum,0.023,0.023,-1,Echolocation,/mnt/ubna_data_02_mir/recover-20220922/UBNA_001/20220921_090000.WAV,Telephone Field,recover-20220922,001,1795
254.2285,254.23590000000002,25468,34283,Plecotus austriacus,0.005,0.022,-1,Echolocation,/mnt/ubna_data_02_mir/recover-20220922/UBNA_001/20220921_090000.WAV,Telephone Field,recover-20220922,001,1795
254.2435,254.2807,68437,82475,Rhinolophus ferrumequinum,0.023,0.023,-1,Echolocation,/mnt/ubna_data_02_mir/recover-20220922/UBNA_001/20220921_090000.WAV,Telephone Field,recover-20220922,001,1795
254.2675,254.277,29765,37574,Eptesicus serotinus,0.008,0.021,-1,Echolocation,/mnt/ubna_data_02_mir/recover-20220922/UBNA_001/20220921_090000.WAV,Telephone Field,recover-20220922,001,1795
254.2745,254.317,68437,82554,Rhinolophus ferrumequinum,0.028,0.028,-1,Echolocation,/mnt/ubna_data_02_mir/recover-20220922/UBNA_001/20220921_090000.WAV,Telephone Field,recover-20220922,001,1795
254.2835,254.3245,68437,82575,Rhinolophus ferrumequinum,0.027,0.027,-1,Echolocation,/mnt/ubna_data_02_mir/recover-20220922/UBNA_001/20220921_090000.WAV,Telephone Field,recover-20220922,001,1795
254.3155,254.3561,68437,82050,Rhinolophus ferrumequinum,0.022,0.022,-1,Echolocation,/mnt/ubna_data_02_mir/recover-20220922/UBNA_001/20220921_090000.WAV,Telephone Field,recover-20220922,001,1795
254.3595,254.37,28046,35545,Eptesicus serotinus,0.009,0.021,-1,Echolocation,/mnt/ubna_data_02_mir/recover-20220922/UBNA_001/20220921_090000.WAV,Telephone Field,recover-20220922,001,1795
254.3915,254.4059,23750,28125,Nyctalus leisleri,0.03,0.053,-1,Echolocation,/mnt/ubna_data_02_mir/recover-20220922/UBNA_001/20220921_090000.WAV,Telephone Field,recover-20220922,001,1795
254.3995,254.4385,68437,82014,Rhinolophus ferrumequinum,0.022,0.022,-1,Echolocation,/mnt/ubna_data_02_mir/recover-20220922/UBNA_001/20220921_090000.WAV,Telephone Field,recover-20220922,001,1795
254.4075,254.4228,38359,42082,Pipistrellus nathusii,0.028,0.039,-1,Echolocation,/mnt/ubna_data_02_mir/recover-20220922/UBNA_001/20220921_090000.WAV,Telephone Field,recover-20220922,001,1795
254.4095,254.4503,68437,83153,Rhinolophus ferrumequinum,0.025,0.026,-1,Echolocation,/mnt/ubna_data_02_mir/recover-20220922/UBNA_001/20220921_090000.WAV,Telephone Field,recover-20220922,001,1795
254.4395,254.4472,25468,34826,Plecotus austriacus,0.007,0.026,-1,Echolocation,/mnt/ubna_data_02_mir/recover-20220922/UBNA_001/20220921_090000.WAV,Telephone Field,recover-20220922,001,1795
254.4605,254.5022,68437,82721,Rhinolophus ferrumequinum,0.027,0.027,-1,Echolocation,/mnt/ubna_data_02_mir/recover-20220922/UBNA_001/20220921_090000.WAV,Telephone Field,recover-20220922,001,1795
254.4635,254.4717,28906,37329,Eptesicus serotinus,0.007,0.022,-1,Echolocation,/mnt/ubna_data_02_mir/recover-20220922/UBNA_001/20220921_090000.WAV,Telephone Field,recover-20220922,001,1795
254.4885,254.5259,68437,82175,Rhinolophus ferrumequinum,0.021,0.021,-1,Echolocation,/mnt/ubna_data_02_mir/recover-20220922/UBNA_001/20220921_090000.WAV,Telephone Field,recover-20220922,001,1795
254.5125,254.5542,68437,83336,Rhinolophus ferrumequinum,0.039,0.039,-1,Echolocation,/mnt/ubna_data_02_mir/recover-20220922/UBNA_001/20220921_090000.WAV,Telephone Field,recover-20220922,001,1795
254.5385,254.5797,68437,82651,Rhinolophus ferrumequinum,0.021,0.021,-1,Echolocation,/mnt/ubna_data_02_mir/recover-20220922/UBNA_001/20220921_090000.WAV,Telephone Field,recover-20220922,001,1795
254.5485,254.5602,26328,31790,Eptesicus serotinus,0.031,0.069,-1,Echolocation,/mnt/ubna_data_02_mir/recover-20220922/UBNA_001/20220921_090000.WAV,Telephone Field,recover-20220922,001,1795
254.5755,254.6126,68437,81629,Rhinolophus ferrumequinum,0.023,0.023,-1,Echolocation,/mnt/ubna_data_02_mir/recover-20220922/UBNA_001/20220921_090000.WAV,Telephone Field,recover-20220922,001,1795
254.5815,254.6173,68437,81537,Rhinolophus ferrumequinum,0.021,0.021,-1,Echolocation,/mnt/ubna_data_02_mir/recover-20220922/UBNA_001/20220921_090000.WAV,Telephone Field,recover-20220922,001,1795
254.6115,254.6205,22890,29687,Plecotus austriacus,0.008,0.023,-1,Echolocation,/mnt/ubna_data_02_mir/recover-20220922/UBNA_001/20220921_090000.WAV,Telephone Field,recover-20220922,001,1795
254.6415,254.6818,68437,82363,Rhinolophus ferrumequinum,0.026,0.026,-1,Echolocation,/mnt/ubna_data_02_mir/recover-20220922/UBNA_001/20220921_090000.WAV,Telephone Field,recover-20220922,001,1795
254.6635,254.6713,28046,38989,Eptesicus serotinus,0.008,0.023,-1,Echolocation,/mnt/ubna_data_02_mir/recover-20220922/UBNA_001/20220921_090000.WAV,Telephone Field,recover-20220922,001,1795
254.6695,254.7067,68437,81705,Rhinolophus ferrumequinum,0.022,0.022,-1,Echolocation,/mnt/ubna_data_02_mir/recover-20220922/UBNA_001/20220921_090000.WAV,Telephone Field,recover-20220922,001,1795
254.6795,254.6902,22031,27022,Nyctalus leisleri,0.011,0.023,-1,Echolocation,/mnt/ubna_data_02_mir/recover-20220922/UBNA_001/20220921_090000.WAV,Telephone Field,recover-20220922,001,1795
254.6955,254.7341,68437,81696,Rhinolophus ferrumequinum,0.022,0.022,-1,Echolocation,/mnt/ubna_data_02_mir/recover-20220922/UBNA_001/20220921_090000.WAV,Telephone Field,recover-20220922,001,1795
254.7095,254.7462,68437,81567,Rhinolophus ferrumequinum,0.024,0.024,-1,Echolocation,/mnt/ubna_data_02_mir/recover-20220922/UBNA_001/20220921_090000.WAV,Telephone Field,recover-20220922,001,1795
254.7335,254.7399,28906,40267,Eptesicus serotinus,0.006,0.026,-1,Echolocation,/mnt/ubna_data_02_mir/recover-20220922/UBNA_001/20220921_090000.WAV,Telephone Field,recover-20220922,001,1795
254.7415,254.7842,68437,82945,Rhinolophus ferrumequinum,0.035,0.035,-1,Echolocation,/mnt/ubna_data_02_mir/recover-20220922/UBNA_001/20220921_090000.WAV,Telephone Field,recover-20220922,001,1795
254.7525,254.7651,23750,28842,Nyctalus leisleri,0.017,0.033,-1,Echolocation,/mnt/ubna_data_02_mir/recover-20220922/UBNA_001/20220921_090000.WAV,Telephone Field,recover-20220922,001,1795
254.7655,254.806,68437,83408,Rhinolophus ferrumequinum,0.033,0.033,-1,Echolocation,/mnt/ubna_data_02_mir/recover-20220922/UBNA_001/20220921_090000.WAV,Telephone Field,recover-20220922,001,1795
254.8095,254.8509,68437,82997,Rhinolophus ferrumequinum,0.023,0.023,-1,Echolocation,/mnt/ubna_data_02_mir/recover-20220922/UBNA_001/20220921_090000.WAV,Telephone Field,recover-20220922,001,1795
254.8105,254.8188,25468,34227,Eptesicus serotinus,0.006,0.023,-1,Echolocation,/mnt/ubna_data_02_mir/recover-20220922/UBNA_001/20220921_090000.WAV,Telephone Field,recover-20220922,001,1795
254.8585,254.8688,23750,29259,Nyctalus leisleri,0.01,0.024,-1,Echolocation,/mnt/ubna_data_02_mir/recover-20220922/UBNA_001/20220921_090000.WAV,Telephone Field,recover-20220922,001,1795
254.8665,254.9086,68437,82540,Rhinolophus ferrumequinum,0.029,0.029,-1,Echolocation,/mnt/ubna_data_02_mir/recover-20220922/UBNA_001/20220921_090000.WAV,Telephone Field,recover-20220922,001,1795
254.9695,255.0106,68437,83098,Rhinolophus ferrumequinum,0.031,0.031,-1,Echolocation,/mnt/ubna_data_02_mir/recover-20220922/UBNA_001/20220921_090000.WAV,Telephone Field,recover-20220922,001,1795
255.0235,255.0626,68437,82322,Rhinolophus ferrumequinum,0.022,0.022,-1,Echolocation,/mnt/ubna_data_02_mir/recover-20220922/UBNA_001/20220921_090000.WAV,Telephone Field,recover-20220922,001,1795
255.0735,255.1101,68437,82065,Rhinolophus ferrumequinum,0.022,0.022,-1,Echolocation,/mnt/ubna_data_02_mir/recover-20220922/UBNA_001/20220921_090000.WAV,Telephone Field,recover-20220922,001,1795
255.0965,255.1331,68437,81498,Rhinolophus ferrumequinum,0.022,0.022,-1,Echolocation,/mnt/ubna_data_02_mir/recover-20220922/UBNA_001/20220921_090000.WAV,Telephone Field,recover-20220922,001,1795
255.1245,255.1647,68437,82639,Rhinolophus ferrumequinum,0.026,0.026,-1,Echolocation,/mnt/ubna_data_02_mir/recover-20220922/UBNA_001/20220921_090000.WAV,Telephone Field,recover-20220922,001,1795
255.1505,255.1877,68437,81720,Rhinolophus ferrumequinum,0.022,0.022,-1,Echolocation,/mnt/ubna_data_02_mir/recover-20220922/UBNA_001/20220921_090000.WAV,Telephone Field,recover-20220922,001,1795
255.1575,255.1947,68437,81584,Rhinolophus ferrumequinum,0.021,0.022,-1,Echolocation,/mnt/ubna_data_02_mir/recover-20220922/UBNA_001/20220921_090000.WAV,Telephone Field,recover-20220922,001,1795
255.1645,255.2038,68437,82560,Rhinolophus ferrumequinum,0.021,0.021,-1,Echolocation,/mnt/ubna_data_02_mir/recover-20220922/UBNA_001/20220921_090000.WAV,Telephone Field,recover-20220922,001,1795
255.1935,255.2295,68437,81776,Rhinolophus ferrumequinum,0.024,0.024,-1,Echolocation,/mnt/ubna_data_02_mir/recover-20220922/UBNA_001/20220921_090000.WAV,Telephone Field,recover-20220922,001,1795
255.2055,255.2165,25468,31710,Nyctalus leisleri,0.009,0.023,-1,Echolocation,/mnt/ubna_data_02_mir/recover-20220922/UBNA_001/20220921_090000.WAV,Telephone Field,recover-20220922,001,1795
255.2275,255.2679,68437,82595,Rhinolophus ferrumequinum,0.027,0.027,-1,Echolocation,/mnt/ubna_data_02_mir/recover-20220922/UBNA_001/20220921_090000.WAV,Telephone Field,recover-20220922,001,1795
255.2645,255.2721,50390,55539,Pipistrellus pipistrellus,0.026,0.029,-1,Echolocation,/mnt/ubna_data_02_mir/recover-20220922/UBNA_001/20220921_090000.WAV,Telephone Field,recover-20220922,001,1795
255.2905,255.3007,22890,27880,Nyctalus leisleri,0.011,0.024,-1,Echolocation,/mnt/ubna_data_02_mir/recover-20220922/UBNA_001/20220921_090000.WAV,Telephone Field,recover-20220922,001,1795
255.2905,255.3276,68437,81082,Rhinolophus ferrumequinum,0.024,0.024,-1,Echolocation,/mnt/ubna_data_02_mir/recover-20220922/UBNA_001/20220921_090000.WAV,Telephone Field,recover-20220922,001,1795
255.3225,255.3618,68437,82422,Rhinolophus ferrumequinum,0.044,0.044,-1,Echolocation,/mnt/ubna_data_02_mir/recover-20220922/UBNA_001/20220921_090000.WAV,Telephone Field,recover-20220922,001,1795
255.3585,255.3674,48671,54095,Pipistrellus pipistrellus,0.03,0.033,-1,Echolocation,/mnt/ubna_data_02_mir/recover-20220922/UBNA_001/20220921_090000.WAV,Telephone Field,recover-20220922,001,1795
255.3585,255.398,68437,81687,Rhinolophus ferrumequinum,0.024,0.024,-1,Echolocation,/mnt/ubna_data_02_mir/recover-20220922/UBNA_001/20220921_090000.WAV,Telephone Field,recover-20220922,001,1795
255.4015,255.4117,27187,34364,Eptesicus serotinus,0.014,0.032,-1,Echolocation,/mnt/ubna_data_02_mir/recover-20220922/UBNA_001/20220921_090000.WAV,Telephone Field,recover-20220922,001,1795
255.4025,255.4419,68437,81917,Rhinolophus ferrumequinum,0.023,0.023,-1,Echolocation,/mnt/ubna_data_02_mir/recover-20220922/UBNA_001/20220921_090000.WAV,Telephone Field,recover-20220922,001,1795
255.4195,255.4267,28046,39498,Eptesicus serotinus,0.007,0.025,-1,Echolocation,/mnt/ubna_data_02_mir/recover-20220922/UBNA_001/20220921_090000.WAV,Telephone Field,recover-20220922,001,1795
255.4905,255.5298,68437,81827,Rhinolophus ferrumequinum,0.025,0.025,-1,Echolocation,/mnt/ubna_data_02_mir/recover-20220922/UBNA_001/20220921_090000.WAV,Telephone Field,recover-20220922,001,1795
255.5305,255.569,68437,81791,Rhinolophus ferrumequinum,0.021,0.021,-1,Echolocation,/mnt/ubna_data_02_mir/recover-20220922/UBNA_001/20220921_090000.WAV,Telephone Field,recover-20220922,001,1795
255.5405,255.5571,23750,27552,Nyctalus leisleri,0.02,0.036,-1,Echolocation,/mnt/ubna_data_02_mir/recover-20220922/UBNA_001/20220921_090000.WAV,Telephone Field,recover-20220922,001,1795
255.5525,255.5655,30625,35449,Eptesicus serotinus,0.022,0.046,-1,Echolocation,/mnt/ubna_data_02_mir/recover-20220922/UBNA_001/20220921_090000.WAV,Telephone Field,recover-20220922,001,1795
255.5705,255.5799,27187,35681,Eptesicus serotinus,0.012,0.027,-1,Echolocation,/mnt/ubna_data_02_mir/recover-20220922/UBNA_001/20220921_090000.WAV,Telephone Field,recover-20220922,001,1795
255.5965,255.6071,22890,28405,Nyctalus leisleri,0.011,0.024,-1,Echolocation,/mnt/ubna_data_02_mir/recover-20220922/UBNA_001/20220921_090000.WAV,Telephone Field,recover-20220922,001,1795
255.6495,255.6613,23750,29352,Nyctalus leisleri,0.012,0.026,-1,Echolocation,/mnt/ubna_data_02_mir/recover-20220922/UBNA_001/20220921_090000.WAV,Telephone Field,recover-20220922,001,1795
255.6685,255.6791,23750,30376,Nyctalus leisleri,0.01,0.025,-1,Echolocation,/mnt/ubna_data_02_mir/recover-20220922/UBNA_001/20220921_090000.WAV,Telephone Field,recover-20220922,001,1795
255.6705,255.7114,68437,82278,Rhinolophus ferrumequinum,0.022,0.022,-1,Echolocation,/mnt/ubna_data_02_mir/recover-20220922/UBNA_001/20220921_090000.WAV,Telephone Field,recover-20220922,001,1795
255.6755,255.7141,68437,82319,Rhinolophus ferrumequinum,0.022,0.022,-1,Echolocation,/mnt/ubna_data_02_mir/recover-20220922/UBNA_001/20220921_090000.WAV,Telephone Field,recover-20220922,001,1795
255.6895,255.7,52109,58134,Pipistrellus pipistrellus,0.016,0.023,-1,Echolocation,/mnt/ubna_data_02_mir/recover-20220922/UBNA_001/20220921_090000.WAV,Telephone Field,recover-20220922,001,1795
255.7005,255.7418,68437,82719,Rhinolophus ferrumequinum,0.028,0.028,-1,Echolocation,/mnt/ubna_data_02_mir/recover-20220922/UBNA_001/20220921_090000.WAV,Telephone Field,recover-20220922,001,1795
255.7195,255.75900000000001,68437,82821,Rhinolophus ferrumequinum,0.025,0.025,-1,Echolocation,/mnt/ubna_data_02_mir/recover-20220922/UBNA_001/20220921_090000.WAV,Telephone Field,recover-20220922,001,1795
255.7565,255.7975,68437,82405,Rhinolophus ferrumequinum,0.022,0.022,-1,Echolocation,/mnt/ubna_data_02_mir/recover-20220922/UBNA_001/20220921_090000.WAV,Telephone Field,recover-20220922,001,1795
255.7695,255.8097,68437,82483,Rhinolophus ferrumequinum,0.027,0.027,-1,Echolocation,/mnt/ubna_data_02_mir/recover-20220922/UBNA_001/20220921_090000.WAV,Telephone Field,recover-20220922,001,1795
255.7795,255.8181,68437,82125,Rhinolophus ferrumequinum,0.027,0.027,-1,Echolocation,/mnt/ubna_data_02_mir/recover-20220922/UBNA_001/20220921_090000.WAV,Telephone Field,recover-20220922,001,1795
255.8255,255.8339,28046,41991,Eptesicus serotinus,0.01,0.026,-1,Echolocation,/mnt/ubna_data_02_mir/recover-20220922/UBNA_001/20220921_090000.WAV,Telephone Field,recover-20220922,001,1795
255.8275,255.8663,68437,82132,Rhinolophus ferrumequinum,0.022,0.022,-1,Echolocation,/mnt/ubna_data_02_mir/recover-20220922/UBNA_001/20220921_090000.WAV,Telephone Field,recover-20220922,001,1795
255.8345,255.8729,68437,82181,Rhinolophus ferrumequinum,0.022,0.022,-1,Echolocation,/mnt/ubna_data_02_mir/recover-20220922/UBNA_001/20220921_090000.WAV,Telephone Field,recover-20220922,001,1795
255.8425,255.8502,24609,33110,Plecotus austriacus,0.008,0.022,-1,Echolocation,/mnt/ubna_data_02_mir/recover-20220922/UBNA_001/20220921_090000.WAV,Telephone Field,recover-20220922,001,1795
255.8695,255.9053,68437,82012,Rhinolophus ferrumequinum,0.025,0.025,-1,Echolocation,/mnt/ubna_data_02_mir/recover-20220922/UBNA_001/20220921_090000.WAV,Telephone Field,recover-20220922,001,1795
255.9045,255.9496,68437,83558,Rhinolophus ferrumequinum,0.065,0.065,-1,Echolocation,/mnt/ubna_data_02_mir/recover-20220922/UBNA_001/20220921_090000.WAV,Telephone Field,recover-20220922,001,1795
255.9335,255.9684,68437,81491,Rhinolophus ferrumequinum,0.024,0.024,-1,Echolocation,/mnt/ubna_data_02_mir/recover-20220922/UBNA_001/20220921_090000.WAV,Telephone Field,recover-20220922,001,1795
255.9785,255.9869,46093,52372,Pipistrellus pipistrellus,0.02,0.021,-1,Echolocation,/mnt/ubna_data_02_mir/recover-20220922/UBNA_001/20220921_090000.WAV,Telephone Field,recover-20220922,001,1795
256.0015,256.0097,26328,34840,Nyctalus leisleri,0.007,0.027,-1,Echolocation,/mnt/ubna_data_02_mir/recover-20220922/UBNA_001/20220921_090000.WAV,Telephone Field,recover-20220922,001,1795
256.0015,256.0333,68437,80189,Rhinolophus ferrumequinum,0.023,0.023,-1,Echolocation,/mnt/ubna_data_02_mir/recover-20220922/UBNA_001/20220921_090000.WAV,Telephone Field,recover-20220922,001,1795
256.0125,256.0202,27187,39618,Eptesicus serotinus,0.006,0.022,-1,Echolocation,/mnt/ubna_data_02_mir/recover-20220922/UBNA_001/20220921_090000.WAV,Telephone Field,recover-20220922,001,1795
256.0715,256.1094,68437,81709,Rhinolophus ferrumequinum,0.027,0.028,-1,Echolocation,/mnt/ubna_data_02_mir/recover-20220922/UBNA_001/20220921_090000.WAV,Telephone Field,recover-20220922,001,1795
256.1145,256.155,68437,82572,Rhinolophus ferrumequinum,0.023,0.023,-1,Echolocation,/mnt/ubna_data_02_mir/recover-20220922/UBNA_001/20220921_090000.WAV,Telephone Field,recover-20220922,001,1795
256.1315,256.1681,68437,81636,Rhinolophus ferrumequinum,0.021,0.021,-1,Echolocation,/mnt/ubna_data_02_mir/recover-20220922/UBNA_001/20220921_090000.WAV,Telephone Field,recover-20220922,001,1795
256.1505,256.1906,68437,82436,Rhinolophus ferrumequinum,0.022,0.022,-1,Echolocation,/mnt/ubna_data_02_mir/recover-20220922/UBNA_001/20220921_090000.WAV,Telephone Field,recover-20220922,001,1795
256.1565,256.1949,68437,81873,Rhinolophus ferrumequinum,0.021,0.021,-1,Echolocation,/mnt/ubna_data_02_mir/recover-20220922/UBNA_001/20220921_090000.WAV,Telephone Field,recover-20220922,001,1795
256.1675,256.1764,28046,35406,Eptesicus serotinus,0.029,0.053,-1,Echolocation,/mnt/ubna_data_02_mir/recover-20220922/UBNA_001/20220921_090000.WAV,Telephone Field,recover-20220922,001,1795
256.1965,256.23720000000003,68437,82240,Rhinolophus ferrumequinum,0.022,0.022,-1,Echolocation,/mnt/ubna_data_02_mir/recover-20220922/UBNA_001/20220921_090000.WAV,Telephone Field,recover-20220922,001,1795
256.2045,256.2164,33203,37927,Eptesicus serotinus,0.009,0.033,-1,Echolocation,/mnt/ubna_data_02_mir/recover-20220922/UBNA_001/20220921_090000.WAV,Telephone Field,recover-20220922,001,1795
256.2525,256.2619,28046,36972,Eptesicus serotinus,0.016,0.03,-1,Echolocation,/mnt/ubna_data_02_mir/recover-20220922/UBNA_001/20220921_090000.WAV,Telephone Field,recover-20220922,001,1795
256.2595,256.2982,68437,82525,Rhinolophus ferrumequinum,0.028,0.028,-1,Echolocation,/mnt/ubna_data_02_mir/recover-20220922/UBNA_001/20220921_090000.WAV,Telephone Field,recover-20220922,001,1795
256.2725,256.2822,24609,31316,Nyctalus leisleri,0.008,0.022,-1,Echolocation,/mnt/ubna_data_02_mir/recover-20220922/UBNA_001/20220921_090000.WAV,Telephone Field,recover-20220922,001,1795
256.2795,256.3179,68437,80968,Rhinolophus ferrumequinum,0.029,0.029,-1,Echolocation,/mnt/ubna_data_02_mir/recover-20220922/UBNA_001/20220921_090000.WAV,Telephone Field,recover-20220922,001,1795
256.2805,256.3008,16875,21383,Nyctalus noctula,0.02,0.027,-1,Echolocation,/mnt/ubna_data_02_mir/recover-20220922/UBNA_001/20220921_090000.WAV,Telephone Field,recover-20220922,001,1795
256.29449999999997,256.3327,68437,82339,Rhinolophus ferrumequinum,0.022,0.022,-1,Echolocation,/mnt/ubna_data_02_mir/recover-20220922/UBNA_001/20220921_090000.WAV,Telephone Field,recover-20220922,001,1795
256.3665,256.405,68437,81964,Rhinolophus ferrumequinum,0.023,0.023,-1,Echolocation,/mnt/ubna_data_02_mir/recover-20220922/UBNA_001/20220921_090000.WAV,Telephone Field,recover-20220922,001,1795
256.3675,256.3771,47812,51383,Pipistrellus pipistrellus,0.063,0.066,-1,Echolocation,/mnt/ubna_data_02_mir/recover-20220922/UBNA_001/20220921_090000.WAV,Telephone Field,recover-20220922,001,1795
256.3825,256.4219,68437,82067,Rhinolophus ferrumequinum,0.022,0.022,-1,Echolocation,/mnt/ubna_data_02_mir/recover-20220922/UBNA_001/20220921_090000.WAV,Telephone Field,recover-20220922,001,1795
256.3875,256.4227,68437,81752,Rhinolophus ferrumequinum,0.022,0.022,-1,Echolocation,/mnt/ubna_data_02_mir/recover-20220922/UBNA_001/20220921_090000.WAV,Telephone Field,recover-20220922,001,1795
256.4065,256.4154,47812,55525,Pipistrellus pipistrellus,0.022,0.027,-1,Echolocation,/mnt/ubna_data_02_mir/recover-20220922/UBNA_001/20220921_090000.WAV,Telephone Field,recover-20220922,001,1795
256.4115,256.4201,28046,44801,Eptesicus serotinus,0.009,0.024,-1,Echolocation,/mnt/ubna_data_02_mir/recover-20220922/UBNA_001/20220921_090000.WAV,Telephone Field,recover-20220922,001,1795
256.4265,256.469,68437,83068,Rhinolophus ferrumequinum,0.049,0.049,-1,Echolocation,/mnt/ubna_data_02_mir/recover-20220922/UBNA_001/20220921_090000.WAV,Telephone Field,recover-20220922,001,1795
256.4715,256.5131,68437,82348,Rhinolophus ferrumequinum,0.027,0.027,-1,Echolocation,/mnt/ubna_data_02_mir/recover-20220922/UBNA_001/20220921_090000.WAV,Telephone Field,recover-20220922,001,1795
256.47950000000003,256.5191,68437,82138,Rhinolophus ferrumequinum,0.027,0.027,-1,Echolocation,/mnt/ubna_data_02_mir/recover-20220922/UBNA_001/20220921_090000.WAV,Telephone Field,recover-20220922,001,1795
256.4895,256.5003,22890,27765,Nyctalus leisleri,0.01,0.022,-1,Echolocation,/mnt/ubna_data_02_mir/recover-20220922/UBNA_001/20220921_090000.WAV,Telephone Field,recover-20220922,001,1795
256.5175,256.5584,68437,81886,Rhinolophus ferrumequinum,0.029,0.029,-1,Echolocation,/mnt/ubna_data_02_mir/recover-20220922/UBNA_001/20220921_090000.WAV,Telephone Field,recover-20220922,001,1795
256.5215,256.5316,28906,37340,Eptesicus serotinus,0.011,0.025,-1,Echolocation,/mnt/ubna_data_02_mir/recover-20220922/UBNA_001/20220921_090000.WAV,Telephone Field,recover-20220922,001,1795
256.5725,256.613,68437,82403,Rhinolophus ferrumequinum,0.025,0.025,-1,Echolocation,/mnt/ubna_data_02_mir/recover-20220922/UBNA_001/20220921_090000.WAV,Telephone Field,recover-20220922,001,1795
256.6075,256.65319999999997,68437,83984,Rhinolophus ferrumequinum,0.043,0.043,-1,Echolocation,/mnt/ubna_data_02_mir/recover-20220922/UBNA_001/20220921_090000.WAV,Telephone Field,recover-20220922,001,1795
256.6335,256.6405,23750,33188,Plecotus austriacus,0.012,0.026,-1,Echolocation,/mnt/ubna_data_02_mir/recover-20220922/UBNA_001/20220921_090000.WAV,Telephone Field,recover-20220922,001,1795
256.6555,256.6639,47812,54234,Pipistrellus pipistrellus,0.026,0.029,-1,Echolocation,/mnt/ubna_data_02_mir/recover-20220922/UBNA_001/20220921_090000.WAV,Telephone Field,recover-20220922,001,1795
256.6735,256.7135,68437,82372,Rhinolophus ferrumequinum,0.023,0.023,-1,Echolocation,/mnt/ubna_data_02_mir/recover-20220922/UBNA_001/20220921_090000.WAV,Telephone Field,recover-20220922,001,1795
256.6875,256.7288,68437,82572,Rhinolophus ferrumequinum,0.026,0.026,-1,Echolocation,/mnt/ubna_data_02_mir/recover-20220922/UBNA_001/20220921_090000.WAV,Telephone Field,recover-20220922,001,1795
256.6915,256.7011,25468,34140,Eptesicus serotinus,0.012,0.027,-1,Echolocation,/mnt/ubna_data_02_mir/recover-20220922/UBNA_001/20220921_090000.WAV,Telephone Field,recover-20220922,001,1795
256.72950000000003,256.7394,22890,29297,Nyctalus leisleri,0.008,0.021,-1,Echolocation,/mnt/ubna_data_02_mir/recover-20220922/UBNA_001/20220921_090000.WAV,Telephone Field,recover-20220922,001,1795
256.7355,256.7738,68437,82091,Rhinolophus ferrumequinum,0.022,0.022,-1,Echolocation,/mnt/ubna_data_02_mir/recover-20220922/UBNA_001/20220921_090000.WAV,Telephone Field,recover-20220922,001,1795
256.7425,256.7829,68437,82454,Rhinolophus ferrumequinum,0.023,0.023,-1,Echolocation,/mnt/ubna_data_02_mir/recover-20220922/UBNA_001/20220921_090000.WAV,Telephone Field,recover-20220922,001,1795
256.7625,256.7738,23750,30122,Nyctalus leisleri,0.01,0.024,-1,Echolocation,/mnt/ubna_data_02_mir/recover-20220922/UBNA_001/20220921_090000.WAV,Telephone Field,recover-20220922,001,1795
256.7675,256.7748,27187,38207,Eptesicus serotinus,0.007,0.024,-1,Echolocation,/mnt/ubna_data_02_mir/recover-20220922/UBNA_001/20220921_090000.WAV,Telephone Field,recover-20220922,001,1795
256.7765,256.8146,68437,82360,Rhinolophus ferrumequinum,0.022,0.023,-1,Echolocation,/mnt/ubna_data_02_mir/recover-20220922/UBNA_001/20220921_090000.WAV,Telephone Field,recover-20220922,001,1795
256.7925,256.8309,68437,82093,Rhinolophus ferrumequinum,0.023,0.023,-1,Echolocation,/mnt/ubna_data_02_mir/recover-20220922/UBNA_001/20220921_090000.WAV,Telephone Field,recover-20220922,001,1795
256.8155,256.852,68437,81676,Rhinolophus ferrumequinum,0.021,0.021,-1,Echolocation,/mnt/ubna_data_02_mir/recover-20220922/UBNA_001/20220921_090000.WAV,Telephone Field,recover-20220922,001,1795
256.8225,256.8301,28046,40992,Eptesicus serotinus,0.007,0.023,-1,Echolocation,/mnt/ubna_data_02_mir/recover-20220922/UBNA_001/20220921_090000.WAV,Telephone Field,recover-20220922,001,1795
256.85450000000003,256.8624,28906,39636,Eptesicus serotinus,0.007,0.022,-1,Echolocation,/mnt/ubna_data_02_mir/recover-20220922/UBNA_001/20220921_090000.WAV,Telephone Field,recover-20220922,001,1795
256.8975,256.9336,68437,81277,Rhinolophus ferrumequinum,0.022,0.022,-1,Echolocation,/mnt/ubna_data_02_mir/recover-20220922/UBNA_001/20220921_090000.WAV,Telephone Field,recover-20220922,001,1795
256.9045,256.9134,28906,38330,Eptesicus serotinus,0.008,0.021,-1,Echolocation,/mnt/ubna_data_02_mir/recover-20220922/UBNA_001/20220921_090000.WAV,Telephone Field,recover-20220922,001,1795
256.9085,256.9194,35781,40181,Pipistrellus nathusii,0.009,0.021,-1,Echolocation,/mnt/ubna_data_02_mir/recover-20220922/UBNA_001/20220921_090000.WAV,Telephone Field,recover-20220922,001,1795
256.9115,256.9508,68437,82167,Rhinolophus ferrumequinum,0.039,0.039,-1,Echolocation,/mnt/ubna_data_02_mir/recover-20220922/UBNA_001/20220921_090000.WAV,Telephone Field,recover-20220922,001,1795
257.0405,257.0513,23750,29411,Nyctalus leisleri,0.011,0.026,-1,Echolocation,/mnt/ubna_data_02_mir/recover-20220922/UBNA_001/20220921_090000.WAV,Telephone Field,recover-20220922,001,1795
257.0555,257.0962,68437,82967,Rhinolophus ferrumequinum,0.028,0.028,-1,Echolocation,/mnt/ubna_data_02_mir/recover-20220922/UBNA_001/20220921_090000.WAV,Telephone Field,recover-20220922,001,1795
257.0705,257.1115,68437,82500,Rhinolophus ferrumequinum,0.023,0.023,-1,Echolocation,/mnt/ubna_data_02_mir/recover-20220922/UBNA_001/20220921_090000.WAV,Telephone Field,recover-20220922,001,1795
257.1085,257.1169,28906,39115,Eptesicus serotinus,0.009,0.026,-1,Echolocation,/mnt/ubna_data_02_mir/recover-20220922/UBNA_001/20220921_090000.WAV,Telephone Field,recover-20220922,001,1795
257.1705,257.1808,50390,55414,Pipistrellus pipistrellus,0.022,0.031,-1,Echolocation,/mnt/ubna_data_02_mir/recover-20220922/UBNA_001/20220921_090000.WAV,Telephone Field,recover-20220922,001,1795
257.1785,257.1893,22890,28067,Nyctalus leisleri,0.011,0.023,-1,Echolocation,/mnt/ubna_data_02_mir/recover-20220922/UBNA_001/20220921_090000.WAV,Telephone Field,recover-20220922,001,1795
257.1925,257.2072,22031,26307,Nyctalus leisleri,0.02,0.034,-1,Echolocation,/mnt/ubna_data_02_mir/recover-20220922/UBNA_001/20220921_090000.WAV,Telephone Field,recover-20220922,001,1795
257.2075,257.2501,68437,82840,Rhinolophus ferrumequinum,0.039,0.039,-1,Echolocation,/mnt/ubna_data_02_mir/recover-20220922/UBNA_001/20220921_090000.WAV,Telephone Field,recover-20220922,001,1795
257.2245,257.2325,23750,31292,Plecotus austriacus,0.009,0.023,-1,Echolocation,/mnt/ubna_data_02_mir/recover-20220922/UBNA_001/20220921_090000.WAV,Telephone Field,recover-20220922,001,1795
257.2725,257.2819,28046,36492,Eptesicus serotinus,0.009,0.022,-1,Echolocation,/mnt/ubna_data_02_mir/recover-20220922/UBNA_001/20220921_090000.WAV,Telephone Field,recover-20220922,001,1795
257.2745,257.3174,68437,82911,Rhinolophus ferrumequinum,0.036,0.036,-1,Echolocation,/mnt/ubna_data_02_mir/recover-20220922/UBNA_001/20220921_090000.WAV,Telephone Field,recover-20220922,001,1795
257.29449999999997,257.33299999999997,68437,82145,Rhinolophus ferrumequinum,0.024,0.024,-1,Echolocation,/mnt/ubna_data_02_mir/recover-20220922/UBNA_001/20220921_090000.WAV,Telephone Field,recover-20220922,001,1795
257.3065,257.3152,48671,52871,Pipistrellus pipistrellus,0.051,0.057,-1,Echolocation,/mnt/ubna_data_02_mir/recover-20220922/UBNA_001/20220921_090000.WAV,Telephone Field,recover-20220922,001,1795
257.3225,257.3318,27187,35999,Eptesicus serotinus,0.01,0.022,-1,Echolocation,/mnt/ubna_data_02_mir/recover-20220922/UBNA_001/20220921_090000.WAV,Telephone Field,recover-20220922,001,1795
257.3235,257.3643,68437,82508,Rhinolophus ferrumequinum,0.021,0.021,-1,Echolocation,/mnt/ubna_data_02_mir/recover-20220922/UBNA_001/20220921_090000.WAV,Telephone Field,recover-20220922,001,1795
257.3295,257.3385,28906,38285,Eptesicus serotinus,0.009,0.023,-1,Echolocation,/mnt/ubna_data_02_mir/recover-20220922/UBNA_001/20220921_090000.WAV,Telephone Field,recover-20220922,001,1795
257.3595,257.3692,28046,36883,Eptesicus serotinus,0.009,0.025,-1,Echolocation,/mnt/ubna_data_02_mir/recover-20220922/UBNA_001/20220921_090000.WAV,Telephone Field,recover-20220922,001,1795
257.3965,257.4356,68437,82080,Rhinolophus ferrumequinum,0.022,0.022,-1,Echolocation,/mnt/ubna_data_02_mir/recover-20220922/UBNA_001/20220921_090000.WAV,Telephone Field,recover-20220922,001,1795
257.4035,257.4421,68437,82069,Rhinolophus ferrumequinum,0.021,0.021,-1,Echolocation,/mnt/ubna_data_02_mir/recover-20220922/UBNA_001/20220921_090000.WAV,Telephone Field,recover-20220922,001,1795
257.4275,257.466,68437,82257,Rhinolophus ferrumequinum,0.022,0.022,-1,Echolocation,/mnt/ubna_data_02_mir/recover-20220922/UBNA_001/20220921_090000.WAV,Telephone Field,recover-20220922,001,1795
257.4285,257.4367,24609,32617,Plecotus austriacus,0.006,0.024,-1,Echolocation,/mnt/ubna_data_02_mir/recover-20220922/UBNA_001/20220921_090000.WAV,Telephone Field,recover-20220922,001,1795
257.4475,257.4546,28046,36618,Eptesicus serotinus,0.017,0.043,-1,Echolocation,/mnt/ubna_data_02_mir/recover-20220922/UBNA_001/20220921_090000.WAV,Telephone Field,recover-20220922,001,1795
257.45550000000003,257.4936,68437,81979,Rhinolophus ferrumequinum,0.021,0.021,-1,Echolocation,/mnt/ubna_data_02_mir/recover-20220922/UBNA_001/20220921_090000.WAV,Telephone Field,recover-20220922,001,1795
257.4585,257.4687,35781,40961,Pipistrellus nathusii,0.007,0.021,-1,Echolocation,/mnt/ubna_data_02_mir/recover-20220922/UBNA_001/20220921_090000.WAV,Telephone Field,recover-20220922,001,1795
257.4805,257.5192,68437,82401,Rhinolophus ferrumequinum,0.029,0.029,-1,Echolocation,/mnt/ubna_data_02_mir/recover-20220922/UBNA_001/20220921_090000.WAV,Telephone Field,recover-20220922,001,1795
257.5035,257.5437,68437,81843,Rhinolophus ferrumequinum,0.023,0.023,-1,Echolocation,/mnt/ubna_data_02_mir/recover-20220922/UBNA_001/20220921_090000.WAV,Telephone Field,recover-20220922,001,1795
257.5145,257.5536,68437,82513,Rhinolophus ferrumequinum,0.023,0.023,-1,Echolocation,/mnt/ubna_data_02_mir/recover-20220922/UBNA_001/20220921_090000.WAV,Telephone Field,recover-20220922,001,1795
257.5595,257.6006,68437,82979,Rhinolophus ferrumequinum,0.022,0.022,-1,Echolocation,/mnt/ubna_data_02_mir/recover-20220922/UBNA_001/20220921_090000.WAV,Telephone Field,recover-20220922,001,1795
257.5605,257.5701,22890,29138,Nyctalus leisleri,0.008,0.022,-1,Echolocation,/mnt/ubna_data_02_mir/recover-20220922/UBNA_001/20220921_090000.WAV,Telephone Field,recover-20220922,001,1795
257.6115,257.6188,29765,39307,Eptesicus serotinus,0.007,0.026,-1,Echolocation,/mnt/ubna_data_02_mir/recover-20220922/UBNA_001/20220921_090000.WAV,Telephone Field,recover-20220922,001,1795
257.6195,257.6277,29765,36436,Eptesicus serotinus,0.007,0.023,-1,Echolocation,/mnt/ubna_data_02_mir/recover-20220922/UBNA_001/20220921_090000.WAV,Telephone Field,recover-20220922,001,1795
257.6195,257.6263,24609,33003,Plecotus austriacus,0.011,0.026,-1,Echolocation,/mnt/ubna_data_02_mir/recover-20220922/UBNA_001/20220921_090000.WAV,Telephone Field,recover-20220922,001,1795
257.6855,257.7206,68437,81145,Rhinolophus ferrumequinum,0.022,0.022,-1,Echolocation,/mnt/ubna_data_02_mir/recover-20220922/UBNA_001/20220921_090000.WAV,Telephone Field,recover-20220922,001,1795
257.7175,257.7557,68437,81728,Rhinolophus ferrumequinum,0.022,0.022,-1,Echolocation,/mnt/ubna_data_02_mir/recover-20220922/UBNA_001/20220921_090000.WAV,Telephone Field,recover-20220922,001,1795
257.7315,257.7403,31484,40177,Myotis daubentonii,0.008,0.022,-1,Echolocation,/mnt/ubna_data_02_mir/recover-20220922/UBNA_001/20220921_090000.WAV,Telephone Field,recover-20220922,001,1795
257.7455,257.7835,68437,82062,Rhinolophus ferrumequinum,0.029,0.029,-1,Echolocation,/mnt/ubna_data_02_mir/recover-20220922/UBNA_001/20220921_090000.WAV,Telephone Field,recover-20220922,001,1795
257.7525,257.7891,68437,81631,Rhinolophus ferrumequinum,0.024,0.024,-1,Echolocation,/mnt/ubna_data_02_mir/recover-20220922/UBNA_001/20220921_090000.WAV,Telephone Field,recover-20220922,001,1795
257.7905,257.8358,68437,83367,Rhinolophus ferrumequinum,0.037,0.037,-1,Echolocation,/mnt/ubna_data_02_mir/recover-20220922/UBNA_001/20220921_090000.WAV,Telephone Field,recover-20220922,001,1795
257.7995,257.8071,33203,41463,Myotis daubentonii,0.011,0.03,-1,Echolocation,/mnt/ubna_data_02_mir/recover-20220922/UBNA_001/20220921_090000.WAV,Telephone Field,recover-20220922,001,1795
257.8015,257.8085,27187,39691,Eptesicus serotinus,0.007,0.024,-1,Echolocation,/mnt/ubna_data_02_mir/recover-20220922/UBNA_001/20220921_090000.WAV,Telephone Field,recover-20220922,001,1795
257.8205,257.8623,68437,83196,Rhinolophus ferrumequinum,0.036,0.036,-1,Echolocation,/mnt/ubna_data_02_mir/recover-20220922/UBNA_001/20220921_090000.WAV,Telephone Field,recover-20220922,001,1795
257.8395,257.8837,68437,82954,Rhinolophus ferrumequinum,0.031,0.031,-1,Echolocation,/mnt/ubna_data_02_mir/recover-20220922/UBNA_001/20220921_090000.WAV,Telephone Field,recover-20220922,001,1795
257.9175,257.9601,68437,82710,Rhinolophus ferrumequinum,0.024,0.024,-1,Echolocation,/mnt/ubna_data_02_mir/recover-20220922/UBNA_001/20220921_090000.WAV,Telephone Field,recover-20220922,001,1795
257.9275,257.9689,68437,82807,Rhinolophus ferrumequinum,0.025,0.025,-1,Echolocation,/mnt/ubna_data_02_mir/recover-20220922/UBNA_001/20220921_090000.WAV,Telephone Field,recover-20220922,001,1795
257.9335,257.9751,68437,82695,Rhinolophus ferrumequinum,0.025,0.025,-1,Echolocation,/mnt/ubna_data_02_mir/recover-20220922/UBNA_001/20220921_090000.WAV,Telephone Field,recover-20220922,001,1795
257.9585,257.9962,68437,81817,Rhinolophus ferrumequinum,0.022,0.022,-1,Echolocation,/mnt/ubna_data_02_mir/recover-20220922/UBNA_001/20220921_090000.WAV,Telephone Field,recover-20220922,001,1795
257.9605,257.967,27187,38159,Eptesicus serotinus,0.019,0.052,-1,Echolocation,/mnt/ubna_data_02_mir/recover-20220922/UBNA_001/20220921_090000.WAV,Telephone Field,recover-20220922,001,1795
257.9875,257.9972,27187,36666,Eptesicus serotinus,0.01,0.023,-1,Echolocation,/mnt/ubna_data_02_mir/recover-20220922/UBNA_001/20220921_090000.WAV,Telephone Field,recover-20220922,001,1795
258.0015,258.0106,22890,29126,Nyctalus leisleri,0.011,0.029,-1,Echolocation,/mnt/ubna_data_02_mir/recover-20220922/UBNA_001/20220921_090000.WAV,Telephone Field,recover-20220922,001,1795
258.0015,258.0352,69296,81274,Rhinolophus ferrumequinum,0.025,0.025,-1,Echolocation,/mnt/ubna_data_02_mir/recover-20220922/UBNA_001/20220921_090000.WAV,Telephone Field,recover-20220922,001,1795
258.0015,258.0092,31484,40547,Myotis daubentonii,0.006,0.024,-1,Echolocation,/mnt/ubna_data_02_mir/recover-20220922/UBNA_001/20220921_090000.WAV,Telephone Field,recover-20220922,001,1795
258.0015,258.0117,46953,53326,Pipistrellus pipistrellus,0.016,0.023,-1,Echolocation,/mnt/ubna_data_02_mir/recover-20220922/UBNA_001/20220921_090000.WAV,Telephone Field,recover-20220922,001,1795
258.0155,258.0249,28906,37109,Eptesicus serotinus,0.008,0.022,-1,Echolocation,/mnt/ubna_data_02_mir/recover-20220922/UBNA_001/20220921_090000.WAV,Telephone Field,recover-20220922,001,1795
258.0275,258.0629,68437,81890,Rhinolophus ferrumequinum,0.021,0.021,-1,Echolocation,/mnt/ubna_data_02_mir/recover-20220922/UBNA_001/20220921_090000.WAV,Telephone Field,recover-20220922,001,1795
258.0385,258.0475,51250,56127,Pipistrellus pipistrellus,0.017,0.021,-1,Echolocation,/mnt/ubna_data_02_mir/recover-20220922/UBNA_001/20220921_090000.WAV,Telephone Field,recover-20220922,001,1795
258.04449999999997,258.0533,28906,38074,Eptesicus serotinus,0.01,0.025,-1,Echolocation,/mnt/ubna_data_02_mir/recover-20220922/UBNA_001/20220921_090000.WAV,Telephone Field,recover-20220922,001,1795
258.0525,258.0897,68437,81471,Rhinolophus ferrumequinum,0.022,0.022,-1,Echolocation,/mnt/ubna_data_02_mir/recover-20220922/UBNA_001/20220921_090000.WAV,Telephone Field,recover-20220922,001,1795
258.0665,258.1029,68437,81927,Rhinolophus ferrumequinum,0.021,0.021,-1,Echolocation,/mnt/ubna_data_02_mir/recover-20220922/UBNA_001/20220921_090000.WAV,Telephone Field,recover-20220922,001,1795
258.08050000000003,258.1203,68437,82609,Rhinolophus ferrumequinum,0.027,0.027,-1,Echolocation,/mnt/ubna_data_02_mir/recover-20220922/UBNA_001/20220921_090000.WAV,Telephone Field,recover-20220922,001,1795
258.1245,258.1663,68437,82893,Rhinolophus ferrumequinum,0.036,0.036,-1,Echolocation,/mnt/ubna_data_02_mir/recover-20220922/UBNA_001/20220921_090000.WAV,Telephone Field,recover-20220922,001,1795
258.1315,258.1391,28906,41135,Eptesicus serotinus,0.007,0.021,-1,Echolocation,/mnt/ubna_data_02_mir/recover-20220922/UBNA_001/20220921_090000.WAV,Telephone Field,recover-20220922,001,1795
258.1565,258.1965,68437,82764,Rhinolophus ferrumequinum,0.021,0.021,-1,Echolocation,/mnt/ubna_data_02_mir/recover-20220922/UBNA_001/20220921_090000.WAV,Telephone Field,recover-20220922,001,1795
258.1835,258.2249,68437,82545,Rhinolophus ferrumequinum,0.021,0.021,-1,Echolocation,/mnt/ubna_data_02_mir/recover-20220922/UBNA_001/20220921_090000.WAV,Telephone Field,recover-20220922,001,1795
258.2715,258.2813,28906,38651,Eptesicus serotinus,0.012,0.026,-1,Echolocation,/mnt/ubna_data_02_mir/recover-20220922/UBNA_001/20220921_090000.WAV,Telephone Field,recover-20220922,001,1795
258.2915,258.3302,68437,82185,Rhinolophus ferrumequinum,0.021,0.021,-1,Echolocation,/mnt/ubna_data_02_mir/recover-20220922/UBNA_001/20220921_090000.WAV,Telephone Field,recover-20220922,001,1795
258.2915,258.3026,49531,54801,Pipistrellus pipistrellus,0.018,0.023,-1,Echolocation,/mnt/ubna_data_02_mir/recover-20220922/UBNA_001/20220921_090000.WAV,Telephone Field,recover-20220922,001,1795
258.2985,258.3075,28906,40430,Eptesicus serotinus,0.009,0.023,-1,Echolocation,/mnt/ubna_data_02_mir/recover-20220922/UBNA_001/20220921_090000.WAV,Telephone Field,recover-20220922,001,1795
258.3215,258.3612,68437,82744,Rhinolophus ferrumequinum,0.023,0.023,-1,Echolocation,/mnt/ubna_data_02_mir/recover-20220922/UBNA_001/20220921_090000.WAV,Telephone Field,recover-20220922,001,1795
258.33050000000003,258.342,28046,34283,Eptesicus serotinus,0.02,0.037,-1,Echolocation,/mnt/ubna_data_02_mir/recover-20220922/UBNA_001/20220921_090000.WAV,Telephone Field,recover-20220922,001,1795
258.3575,258.3951,68437,82178,Rhinolophus ferrumequinum,0.022,0.022,-1,Echolocation,/mnt/ubna_data_02_mir/recover-20220922/UBNA_001/20220921_090000.WAV,Telephone Field,recover-20220922,001,1795
258.3665,258.3733,49531,53966,Pipistrellus pipistrellus,0.029,0.031,-1,Echolocation,/mnt/ubna_data_02_mir/recover-20220922/UBNA_001/20220921_090000.WAV,Telephone Field,recover-20220922,001,1795
258.3695,258.3777,27187,41258,Eptesicus serotinus,0.008,0.023,-1,Echolocation,/mnt/ubna_data_02_mir/recover-20220922/UBNA_001/20220921_090000.WAV,Telephone Field,recover-20220922,001,1795
258.4175,258.4255,28906,38500,Eptesicus serotinus,0.007,0.021,-1,Echolocation,/mnt/ubna_data_02_mir/recover-20220922/UBNA_001/20220921_090000.WAV,Telephone Field,recover-20220922,001,1795
258.4465,258.4543,44375,47828,Pipistrellus pipistrellus,0.022,0.023,-1,Echolocation,/mnt/ubna_data_02_mir/recover-20220922/UBNA_001/20220921_090000.WAV,Telephone Field,recover-20220922,001,1795
258.4515,258.4948,68437,83197,Rhinolophus ferrumequinum,0.034,0.034,-1,Echolocation,/mnt/ubna_data_02_mir/recover-20220922/UBNA_001/20220921_090000.WAV,Telephone Field,recover-20220922,001,1795
258.4635,258.4727,28046,36692,Eptesicus serotinus,0.008,0.021,-1,Echolocation,/mnt/ubna_data_02_mir/recover-20220922/UBNA_001/20220921_090000.WAV,Telephone Field,recover-20220922,001,1795
258.4705,258.4804,28906,36461,Eptesicus serotinus,0.01,0.024,-1,Echolocation,/mnt/ubna_data_02_mir/recover-20220922/UBNA_001/20220921_090000.WAV,Telephone Field,recover-20220922,001,1795
258.5095,258.5457,68437,82317,Rhinolophus ferrumequinum,0.021,0.021,-1,Echolocation,/mnt/ubna_data_02_mir/recover-20220922/UBNA_001/20220921_090000.WAV,Telephone Field,recover-20220922,001,1795
258.54449999999997,258.5539,28906,37866,Eptesicus serotinus,0.008,0.021,-1,Echolocation,/mnt/ubna_data_02_mir/recover-20220922/UBNA_001/20220921_090000.WAV,Telephone Field,recover-20220922,001,1795
258.5565,258.5963,68437,82307,Rhinolophus ferrumequinum,0.028,0.028,-1,Echolocation,/mnt/ubna_data_02_mir/recover-20220922/UBNA_001/20220921_090000.WAV,Telephone Field,recover-20220922,001,1795
258.5635,258.5716,24609,33161,Eptesicus serotinus,0.006,0.021,-1,Echolocation,/mnt/ubna_data_02_mir/recover-20220922/UBNA_001/20220921_090000.WAV,Telephone Field,recover-20220922,001,1795
258.5725,258.6093,68437,82510,Rhinolophus ferrumequinum,0.022,0.022,-1,Echolocation,/mnt/ubna_data_02_mir/recover-20220922/UBNA_001/20220921_090000.WAV,Telephone Field,recover-20220922,001,1795
258.5895,258.6241,68437,81192,Rhinolophus ferrumequinum,0.021,0.021,-1,Echolocation,/mnt/ubna_data_02_mir/recover-20220922/UBNA_001/20220921_090000.WAV,Telephone Field,recover-20220922,001,1795
258.5975,258.633,68437,81196,Rhinolophus ferrumequinum,0.021,0.021,-1,Echolocation,/mnt/ubna_data_02_mir/recover-20220922/UBNA_001/20220921_090000.WAV,Telephone Field,recover-20220922,001,1795
258.6235,258.6623,68437,82229,Rhinolophus ferrumequinum,0.022,0.023,-1,Echolocation,/mnt/ubna_data_02_mir/recover-20220922/UBNA_001/20220921_090000.WAV,Telephone Field,recover-20220922,001,1795
258.6375,258.68,68437,82897,Rhinolophus ferrumequinum,0.027,0.027,-1,Echolocation,/mnt/ubna_data_02_mir/recover-20220922/UBNA_001/20220921_090000.WAV,Telephone Field,recover-20220922,001,1795
258.6685,258.7058,68437,81969,Rhinolophus ferrumequinum,0.021,0.021,-1,Echolocation,/mnt/ubna_data_02_mir/recover-20220922/UBNA_001/20220921_090000.WAV,Telephone Field,recover-20220922,001,1795
258.6765,258.6861,25468,33588,Eptesicus serotinus,0.008,0.023,-1,Echolocation,/mnt/ubna_data_02_mir/recover-20220922/UBNA_001/20220921_090000.WAV,Telephone Field,recover-20220922,001,1795
258.6925,258.7327,68437,82802,Rhinolophus ferrumequinum,0.029,0.029,-1,Echolocation,/mnt/ubna_data_02_mir/recover-20220922/UBNA_001/20220921_090000.WAV,Telephone Field,recover-20220922,001,1795
258.7265,258.7374,28906,36988,Eptesicus serotinus,0.013,0.028,-1,Echolocation,/mnt/ubna_data_02_mir/recover-20220922/UBNA_001/20220921_090000.WAV,Telephone Field,recover-20220922,001,1795
258.7265,258.7685,68437,83510,Rhinolophus ferrumequinum,0.023,0.024,-1,Echolocation,/mnt/ubna_data_02_mir/recover-20220922/UBNA_001/20220921_090000.WAV,Telephone Field,recover-20220922,001,1795
258.7355,258.7739,68437,82314,Rhinolophus ferrumequinum,0.022,0.022,-1,Echolocation,/mnt/ubna_data_02_mir/recover-20220922/UBNA_001/20220921_090000.WAV,Telephone Field,recover-20220922,001,1795
258.7475,258.7855,68437,81711,Rhinolophus ferrumequinum,0.032,0.032,-1,Echolocation,/mnt/ubna_data_02_mir/recover-20220922/UBNA_001/20220921_090000.WAV,Telephone Field,recover-20220922,001,1795
258.77049999999997,258.8079,68437,81919,Rhinolophus ferrumequinum,0.022,0.022,-1,Echolocation,/mnt/ubna_data_02_mir/recover-20220922/UBNA_001/20220921_090000.WAV,Telephone Field,recover-20220922,001,1795
258.8425,258.8509,28046,38717,Eptesicus serotinus,0.009,0.022,-1,Echolocation,/mnt/ubna_data_02_mir/recover-20220922/UBNA_001/20220921_090000.WAV,Telephone Field,recover-20220922,001,1795
258.8515,258.8608,28046,39143,Eptesicus serotinus,0.008,0.021,-1,Echolocation,/mnt/ubna_data_02_mir/recover-20220922/UBNA_001/20220921_090000.WAV,Telephone Field,recover-20220922,001,1795
258.8525,258.8865,68437,81946,Rhinolophus ferrumequinum,0.022,0.022,-1,Echolocation,/mnt/ubna_data_02_mir/recover-20220922/UBNA_001/20220921_090000.WAV,Telephone Field,recover-20220922,001,1795
258.8865,258.9251,68437,81971,Rhinolophus ferrumequinum,0.022,0.022,-1,Echolocation,/mnt/ubna_data_02_mir/recover-20220922/UBNA_001/20220921_090000.WAV,Telephone Field,recover-20220922,001,1795
258.9145,258.921,28046,41773,Eptesicus serotinus,0.008,0.029,-1,Echolocation,/mnt/ubna_data_02_mir/recover-20220922/UBNA_001/20220921_090000.WAV,Telephone Field,recover-20220922,001,1795
258.9255,258.9661,68437,83536,Rhinolophus ferrumequinum,0.03,0.03,-1,Echolocation,/mnt/ubna_data_02_mir/recover-20220922/UBNA_001/20220921_090000.WAV,Telephone Field,recover-20220922,001,1795
258.9355,258.9744,68437,82932,Rhinolophus ferrumequinum,0.03,0.03,-1,Echolocation,/mnt/ubna_data_02_mir/recover-20220922/UBNA_001/20220921_090000.WAV,Telephone Field,recover-20220922,001,1795
258.9425,258.9515,24609,32555,Eptesicus serotinus,0.008,0.021,-1,Echolocation,/mnt/ubna_data_02_mir/recover-20220922/UBNA_001/20220921_090000.WAV,Telephone Field,recover-20220922,001,1795
258.9865,259.0241,68437,82181,Rhinolophus ferrumequinum,0.026,0.026,-1,Echolocation,/mnt/ubna_data_02_mir/recover-20220922/UBNA_001/20220921_090000.WAV,Telephone Field,recover-20220922,001,1795
258.9885,258.9991,22890,27759,Nyctalus leisleri,0.01,0.022,-1,Echolocation,/mnt/ubna_data_02_mir/recover-20220922/UBNA_001/20220921_090000.WAV,Telephone Field,recover-20220922,001,1795
258.9945,259.0048,22890,28242,Nyctalus leisleri,0.01,0.022,-1,Echolocation,/mnt/ubna_data_02_mir/recover-20220922/UBNA_001/20220921_090000.WAV,Telephone Field,recover-20220922,001,1795
259.0065,259.0155,43515,48358,Pipistrellus pipistrellus,0.022,0.024,-1,Echolocation,/mnt/ubna_data_02_mir/recover-20220922/UBNA_001/20220921_090000.WAV,Telephone Field,recover-20220922,001,1795
259.0365,259.0779,68437,82838,Rhinolophus ferrumequinum,0.028,0.028,-1,Echolocation,/mnt/ubna_data_02_mir/recover-20220922/UBNA_001/20220921_090000.WAV,Telephone Field,recover-20220922,001,1795
259.0365,259.0448,26328,36087,Eptesicus serotinus,0.009,0.026,-1,Echolocation,/mnt/ubna_data_02_mir/recover-20220922/UBNA_001/20220921_090000.WAV,Telephone Field,recover-20220922,001,1795
259.0605,259.0739,25468,30676,Eptesicus serotinus,0.009,0.022,-1,Echolocation,/mnt/ubna_data_02_mir/recover-20220922/UBNA_001/20220921_090000.WAV,Telephone Field,recover-20220922,001,1795
259.0735,259.1105,68437,82179,Rhinolophus ferrumequinum,0.022,0.022,-1,Echolocation,/mnt/ubna_data_02_mir/recover-20220922/UBNA_001/20220921_090000.WAV,Telephone Field,recover-20220922,001,1795
259.0745,259.0831,28046,38258,Eptesicus serotinus,0.012,0.032,-1,Echolocation,/mnt/ubna_data_02_mir/recover-20220922/UBNA_001/20220921_090000.WAV,Telephone Field,recover-20220922,001,1795
259.0955,259.1361,68437,82722,Rhinolophus ferrumequinum,0.022,0.022,-1,Echolocation,/mnt/ubna_data_02_mir/recover-20220922/UBNA_001/20220921_090000.WAV,Telephone Field,recover-20220922,001,1795
259.1025,259.1098,27187,39142,Eptesicus serotinus,0.007,0.022,-1,Echolocation,/mnt/ubna_data_02_mir/recover-20220922/UBNA_001/20220921_090000.WAV,Telephone Field,recover-20220922,001,1795
259.1355,259.1493,30625,37059,Eptesicus serotinus,0.028,0.044,-1,Echolocation,/mnt/ubna_data_02_mir/recover-20220922/UBNA_001/20220921_090000.WAV,Telephone Field,recover-20220922,001,1795
259.1445,259.1864,68437,82676,Rhinolophus ferrumequinum,0.034,0.034,-1,Echolocation,/mnt/ubna_data_02_mir/recover-20220922/UBNA_001/20220921_090000.WAV,Telephone Field,recover-20220922,001,1795
259.1535,259.1624,28906,39444,Eptesicus serotinus,0.009,0.023,-1,Echolocation,/mnt/ubna_data_02_mir/recover-20220922/UBNA_001/20220921_090000.WAV,Telephone Field,recover-20220922,001,1795
259.16949999999997,259.2111,68437,83244,Rhinolophus ferrumequinum,0.035,0.035,-1,Echolocation,/mnt/ubna_data_02_mir/recover-20220922/UBNA_001/20220921_090000.WAV,Telephone Field,recover-20220922,001,1795
259.1755,259.1838,28906,37642,Eptesicus serotinus,0.009,0.025,-1,Echolocation,/mnt/ubna_data_02_mir/recover-20220922/UBNA_001/20220921_090000.WAV,Telephone Field,recover-20220922,001,1795
259.1905,259.2291,68437,82649,Rhinolophus ferrumequinum,0.021,0.021,-1,Echolocation,/mnt/ubna_data_02_mir/recover-20220922/UBNA_001/20220921_090000.WAV,Telephone Field,recover-20220922,001,1795
259.2005,259.2407,68437,82682,Rhinolophus ferrumequinum,0.022,0.022,-1,Echolocation,/mnt/ubna_data_02_mir/recover-20220922/UBNA_001/20220921_090000.WAV,Telephone Field,recover-20220922,001,1795
259.2065,259.2133,24609,37923,Plecotus austriacus,0.009,0.026,-1,Echolocation,/mnt/ubna_data_02_mir/recover-20220922/UBNA_001/20220921_090000.WAV,Telephone Field,recover-20220922,001,1795
259.2225,259.2384,21171,24484,Nyctalus leisleri,0.014,0.024,-1,Echolocation,/mnt/ubna_data_02_mir/recover-20220922/UBNA_001/20220921_090000.WAV,Telephone Field,recover-20220922,001,1795
259.2285,259.2659,68437,82046,Rhinolophus ferrumequinum,0.022,0.022,-1,Echolocation,/mnt/ubna_data_02_mir/recover-20220922/UBNA_001/20220921_090000.WAV,Telephone Field,recover-20220922,001,1795
259.2305,259.2379,25468,35068,Eptesicus serotinus,0.005,0.021,-1,Echolocation,/mnt/ubna_data_02_mir/recover-20220922/UBNA_001/20220921_090000.WAV,Telephone Field,recover-20220922,001,1795
259.2405,259.2495,25468,33934,Eptesicus serotinus,0.009,0.022,-1,Echolocation,/mnt/ubna_data_02_mir/recover-20220922/UBNA_001/20220921_090000.WAV,Telephone Field,recover-20220922,001,1795
259.2605,259.3006,68437,82504,Rhinolophus ferrumequinum,0.027,0.027,-1,Echolocation,/mnt/ubna_data_02_mir/recover-20220922/UBNA_001/20220921_090000.WAV,Telephone Field,recover-20220922,001,1795
259.2815,259.3185,68437,81413,Rhinolophus ferrumequinum,0.023,0.023,-1,Echolocation,/mnt/ubna_data_02_mir/recover-20220922/UBNA_001/20220921_090000.WAV,Telephone Field,recover-20220922,001,1795
259.3035,259.3396,68437,81640,Rhinolophus ferrumequinum,0.023,0.023,-1,Echolocation,/mnt/ubna_data_02_mir/recover-20220922/UBNA_001/20220921_090000.WAV,Telephone Field,recover-20220922,001,1795
259.3395,259.3469,51250,56651,Pipistrellus pipistrellus,0.017,0.021,-1,Echolocation,/mnt/ubna_data_02_mir/recover-20220922/UBNA_001/20220921_090000.WAV,Telephone Field,recover-20220922,001,1795
259.3605,259.3946,68437,81310,Rhinolophus ferrumequinum,0.022,0.022,-1,Echolocation,/mnt/ubna_data_02_mir/recover-20220922/UBNA_001/20220921_090000.WAV,Telephone Field,recover-20220922,001,1795
259.3625,259.3721,23750,30694,Nyctalus leisleri,0.008,0.021,-1,Echolocation,/mnt/ubna_data_02_mir/recover-20220922/UBNA_001/20220921_090000.WAV,Telephone Field,recover-20220922,001,1795
259.3925,259.4011,27187,37583,Eptesicus serotinus,0.008,0.022,-1,Echolocation,/mnt/ubna_data_02_mir/recover-20220922/UBNA_001/20220921_090000.WAV,Telephone Field,recover-20220922,001,1795
259.4045,259.416,24609,30279,Nyctalus leisleri,0.01,0.023,-1,Echolocation,/mnt/ubna_data_02_mir/recover-20220922/UBNA_001/20220921_090000.WAV,Telephone Field,recover-20220922,001,1795
259.4055,259.4451,68437,82435,Rhinolophus ferrumequinum,0.029,0.029,-1,Echolocation,/mnt/ubna_data_02_mir/recover-20220922/UBNA_001/20220921_090000.WAV,Telephone Field,recover-20220922,001,1795
259.4315,259.4729,68437,83004,Rhinolophus ferrumequinum,0.025,0.025,-1,Echolocation,/mnt/ubna_data_02_mir/recover-20220922/UBNA_001/20220921_090000.WAV,Telephone Field,recover-20220922,001,1795
259.4335,259.4419,28046,38414,Eptesicus serotinus,0.008,0.021,-1,Echolocation,/mnt/ubna_data_02_mir/recover-20220922/UBNA_001/20220921_090000.WAV,Telephone Field,recover-20220922,001,1795
259.4605,259.499,68437,82398,Rhinolophus ferrumequinum,0.025,0.025,-1,Echolocation,/mnt/ubna_data_02_mir/recover-20220922/UBNA_001/20220921_090000.WAV,Telephone Field,recover-20220922,001,1795
259.4705,259.4814,28906,35155,Eptesicus serotinus,0.012,0.025,-1,Echolocation,/mnt/ubna_data_02_mir/recover-20220922/UBNA_001/20220921_090000.WAV,Telephone Field,recover-20220922,001,1795
259.4925,259.5311,68437,82206,Rhinolophus ferrumequinum,0.027,0.027,-1,Echolocation,/mnt/ubna_data_02_mir/recover-20220922/UBNA_001/20220921_090000.WAV,Telephone Field,recover-20220922,001,1795
259.5135,259.5204,47812,53115,Pipistrellus pipistrellus,0.026,0.027,-1,Echolocation,/mnt/ubna_data_02_mir/recover-20220922/UBNA_001/20220921_090000.WAV,Telephone Field,recover-20220922,001,1795
259.5275,259.5353,26328,37396,Eptesicus serotinus,0.006,0.021,-1,Echolocation,/mnt/ubna_data_02_mir/recover-20220922/UBNA_001/20220921_090000.WAV,Telephone Field,recover-20220922,001,1795
259.5515,259.59069999999997,68437,82337,Rhinolophus ferrumequinum,0.022,0.022,-1,Echolocation,/mnt/ubna_data_02_mir/recover-20220922/UBNA_001/20220921_090000.WAV,Telephone Field,recover-20220922,001,1795
259.5605,259.6011,68437,82619,Rhinolophus ferrumequinum,0.024,0.024,-1,Echolocation,/mnt/ubna_data_02_mir/recover-20220922/UBNA_001/20220921_090000.WAV,Telephone Field,recover-20220922,001,1795
259.5775,259.6151,68437,81896,Rhinolophus ferrumequinum,0.023,0.023,-1,Echolocation,/mnt/ubna_data_02_mir/recover-20220922/UBNA_001/20220921_090000.WAV,Telephone Field,recover-20220922,001,1795
259.5875,259.6226,68437,81456,Rhinolophus ferrumequinum,0.021,0.021,-1,Echolocation,/mnt/ubna_data_02_mir/recover-20220922/UBNA_001/20220921_090000.WAV,Telephone Field,recover-20220922,001,1795
259.6025,259.6108,25468,34189,Eptesicus serotinus,0.008,0.023,-1,Echolocation,/mnt/ubna_data_02_mir/recover-20220922/UBNA_001/20220921_090000.WAV,Telephone Field,recover-20220922,001,1795
259.6395,259.6776,68437,82056,Rhinolophus ferrumequinum,0.021,0.021,-1,Echolocation,/mnt/ubna_data_02_mir/recover-20220922/UBNA_001/20220921_090000.WAV,Telephone Field,recover-20220922,001,1795
259.6485,259.6652,20312,23993,Nyctalus leisleri,0.013,0.024,-1,Echolocation,/mnt/ubna_data_02_mir/recover-20220922/UBNA_001/20220921_090000.WAV,Telephone Field,recover-20220922,001,1795
259.6725,259.7113,68437,82271,Rhinolophus ferrumequinum,0.023,0.024,-1,Echolocation,/mnt/ubna_data_02_mir/recover-20220922/UBNA_001/20220921_090000.WAV,Telephone Field,recover-20220922,001,1795
259.7005,259.7371,68437,80999,Rhinolophus ferrumequinum,0.027,0.027,-1,Echolocation,/mnt/ubna_data_02_mir/recover-20220922/UBNA_001/20220921_090000.WAV,Telephone Field,recover-20220922,001,1795
259.7075,259.743,68437,81453,Rhinolophus ferrumequinum,0.022,0.022,-1,Echolocation,/mnt/ubna_data_02_mir/recover-20220922/UBNA_001/20220921_090000.WAV,Telephone Field,recover-20220922,001,1795
259.7085,259.715,24609,37682,Plecotus austriacus,0.005,0.022,-1,Echolocation,/mnt/ubna_data_02_mir/recover-20220922/UBNA_001/20220921_090000.WAV,Telephone Field,recover-20220922,001,1795
259.7185,259.7572,68437,82101,Rhinolophus ferrumequinum,0.024,0.024,-1,Echolocation,/mnt/ubna_data_02_mir/recover-20220922/UBNA_001/20220921_090000.WAV,Telephone Field,recover-20220922,001,1795
259.7265,259.735,26328,34572,Eptesicus serotinus,0.009,0.021,-1,Echolocation,/mnt/ubna_data_02_mir/recover-20220922/UBNA_001/20220921_090000.WAV,Telephone Field,recover-20220922,001,1795
259.7325,259.7415,26328,34518,Eptesicus serotinus,0.01,0.023,-1,Echolocation,/mnt/ubna_data_02_mir/recover-20220922/UBNA_001/20220921_090000.WAV,Telephone Field,recover-20220922,001,1795
259.7375,259.7718,68437,81342,Rhinolophus ferrumequinum,0.025,0.025,-1,Echolocation,/mnt/ubna_data_02_mir/recover-20220922/UBNA_001/20220921_090000.WAV,Telephone Field,recover-20220922,001,1795
259.7505,259.7869,68437,82191,Rhinolophus ferrumequinum,0.021,0.021,-1,Echolocation,/mnt/ubna_data_02_mir/recover-20220922/UBNA_001/20220921_090000.WAV,Telephone Field,recover-20220922,001,1795
259.7535,259.7639,23750,29706,Nyctalus leisleri,0.012,0.027,-1,Echolocation,/mnt/ubna_data_02_mir/recover-20220922/UBNA_001/20220921_090000.WAV,Telephone Field,recover-20220922,001,1795
259.7725,259.783,28906,35624,Eptesicus serotinus,0.01,0.021,-1,Echolocation,/mnt/ubna_data_02_mir/recover-20220922/UBNA_001/20220921_090000.WAV,Telephone Field,recover-20220922,001,1795
259.7995,259.8396,68437,82339,Rhinolophus ferrumequinum,0.023,0.023,-1,Echolocation,/mnt/ubna_data_02_mir/recover-20220922/UBNA_001/20220921_090000.WAV,Telephone Field,recover-20220922,001,1795
259.8095,259.8483,68437,82150,Rhinolophus ferrumequinum,0.023,0.023,-1,Echolocation,/mnt/ubna_data_02_mir/recover-20220922/UBNA_001/20220921_090000.WAV,Telephone Field,recover-20220922,001,1795
259.8315,259.842,22890,27180,Nyctalus leisleri,0.011,0.021,-1,Echolocation,/mnt/ubna_data_02_mir/recover-20220922/UBNA_001/20220921_090000.WAV,Telephone Field,recover-20220922,001,1795
259.8425,259.8781,68437,81247,Rhinolophus ferrumequinum,0.021,0.021,-1,Echolocation,/mnt/ubna_data_02_mir/recover-20220922/UBNA_001/20220921_090000.WAV,Telephone Field,recover-20220922,001,1795
259.8615,259.8982,68437,81918,Rhinolophus ferrumequinum,0.022,0.022,-1,Echolocation,/mnt/ubna_data_02_mir/recover-20220922/UBNA_001/20220921_090000.WAV,Telephone Field,recover-20220922,001,1795
259.8705,259.9108,68437,82025,Rhinolophus ferrumequinum,0.023,0.023,-1,Echolocation,/mnt/ubna_data_02_mir/recover-20220922/UBNA_001/20220921_090000.WAV,Telephone Field,recover-20220922,001,1795
259.8835,259.9269,68437,82631,Rhinolophus ferrumequinum,0.035,0.036,-1,Echolocation,/mnt/ubna_data_02_mir/recover-20220922/UBNA_001/20220921_090000.WAV,Telephone Field,recover-20220922,001,1795
259.8925,259.9053,22890,27829,Nyctalus leisleri,0.012,0.023,-1,Echolocation,/mnt/ubna_data_02_mir/recover-20220922/UBNA_001/20220921_090000.WAV,Telephone Field,recover-20220922,001,1795
259.9105,259.9237,28906,35971,Eptesicus serotinus,0.013,0.025,-1,Echolocation,/mnt/ubna_data_02_mir/recover-20220922/UBNA_001/20220921_090000.WAV,Telephone Field,recover-20220922,001,1795
259.9235,259.9318,27187,35391,Eptesicus serotinus,0.012,0.033,-1,Echolocation,/mnt/ubna_data_02_mir/recover-20220922/UBNA_001/20220921_090000.WAV,Telephone Field,recover-20220922,001,1795
259.9355,259.9778,68437,82420,Rhinolophus ferrumequinum,0.024,0.024,-1,Echolocation,/mnt/ubna_data_02_mir/recover-20220922/UBNA_001/20220921_090000.WAV,Telephone Field,recover-20220922,001,1795
259.9455,259.9532,28906,41031,Eptesicus serotinus,0.007,0.021,-1,Echolocation,/mnt/ubna_data_02_mir/recover-20220922/UBNA_001/20220921_090000.WAV,Telephone Field,recover-20220922,001,1795
260.0015,260.0121,21171,26478,Nyctalus leisleri,0.01,0.024,-1,Echolocation,/mnt/ubna_data_02_mir/recover-20220922/UBNA_001/20220921_090000.WAV,Telephone Field,recover-20220922,001,1795
260.0015,260.009,28906,42252,Myotis daubentonii,0.005,0.022,-1,Echolocation,/mnt/ubna_data_02_mir/recover-20220922/UBNA_001/20220921_090000.WAV,Telephone Field,recover-20220922,001,1795
260.0015,260.0317,68437,79901,Rhinolophus ferrumequinum,0.034,0.034,-1,Echolocation,/mnt/ubna_data_02_mir/recover-20220922/UBNA_001/20220921_090000.WAV,Telephone Field,recover-20220922,001,1795
260.0225,260.0316,46953,51134,Pipistrellus pipistrellus,0.029,0.031,-1,Echolocation,/mnt/ubna_data_02_mir/recover-20220922/UBNA_001/20220921_090000.WAV,Telephone Field,recover-20220922,001,1795
260.0235,260.0309,24609,33577,Plecotus austriacus,0.007,0.023,-1,Echolocation,/mnt/ubna_data_02_mir/recover-20220922/UBNA_001/20220921_090000.WAV,Telephone Field,recover-20220922,001,1795
260.0295,260.0734,68437,83173,Rhinolophus ferrumequinum,0.042,0.042,-1,Echolocation,/mnt/ubna_data_02_mir/recover-20220922/UBNA_001/20220921_090000.WAV,Telephone Field,recover-20220922,001,1795
260.0705,260.077,50390,57326,Pipistrellus pipistrellus,0.021,0.024,-1,Echolocation,/mnt/ubna_data_02_mir/recover-20220922/UBNA_001/20220921_090000.WAV,Telephone Field,recover-20220922,001,1795
260.0975,260.1115,44375,47116,Pipistrellus pipistrellus,0.051,0.056,-1,Echolocation,/mnt/ubna_data_02_mir/recover-20220922/UBNA_001/20220921_090000.WAV,Telephone Field,recover-20220922,001,1795
260.1195,260.1622,68437,82544,Rhinolophus ferrumequinum,0.034,0.034,-1,Echolocation,/mnt/ubna_data_02_mir/recover-20220922/UBNA_001/20220921_090000.WAV,Telephone Field,recover-20220922,001,1795
260.1425,260.1828,68437,82950,Rhinolophus ferrumequinum,0.022,0.022,-1,Echolocation,/mnt/ubna_data_02_mir/recover-20220922/UBNA_001/20220921_090000.WAV,Telephone Field,recover-20220922,001,1795
260.1655,260.2052,68437,82361,Rhinolophus ferrumequinum,0.028,0.028,-1,Echolocation,/mnt/ubna_data_02_mir/recover-20220922/UBNA_001/20220921_090000.WAV,Telephone Field,recover-20220922,001,1795
260.2885,260.3271,68437,82032,Rhinolophus ferrumequinum,0.024,0.024,-1,Echolocation,/mnt/ubna_data_02_mir/recover-20220922/UBNA_001/20220921_090000.WAV,Telephone Field,recover-20220922,001,1795
260.2975,260.3324,68437,81970,Rhinolophus ferrumequinum,0.025,0.025,-1,Echolocation,/mnt/ubna_data_02_mir/recover-20220922/UBNA_001/20220921_090000.WAV,Telephone Field,recover-20220922,001,1795
260.3115,260.3526,68437,82917,Rhinolophus ferrumequinum,0.028,0.029,-1,Echolocation,/mnt/ubna_data_02_mir/recover-20220922/UBNA_001/20220921_090000.WAV,Telephone Field,recover-20220922,001,1795
260.3295,260.3723,68437,82717,Rhinolophus ferrumequinum,0.036,0.036,-1,Echolocation,/mnt/ubna_data_02_mir/recover-20220922/UBNA_001/20220921_090000.WAV,Telephone Field,recover-20220922,001,1795
260.3825,260.4157,68437,80423,Rhinolophus ferrumequinum,0.022,0.022,-1,Echolocation,/mnt/ubna_data_02_mir/recover-20220922/UBNA_001/20220921_090000.WAV,Telephone Field,recover-20220922,001,1795
260.3965,260.4043,26328,35291,Eptesicus serotinus,0.006,0.021,-1,Echolocation,/mnt/ubna_data_02_mir/recover-20220922/UBNA_001/20220921_090000.WAV,Telephone Field,recover-20220922,001,1795
260.4745,260.5143,68437,82615,Rhinolophus ferrumequinum,0.024,0.024,-1,Echolocation,/mnt/ubna_data_02_mir/recover-20220922/UBNA_001/20220921_090000.WAV,Telephone Field,recover-20220922,001,1795
260.5045,260.547,68437,83521,Rhinolophus ferrumequinum,0.034,0.034,-1,Echolocation,/mnt/ubna_data_02_mir/recover-20220922/UBNA_001/20220921_090000.WAV,Telephone Field,recover-20220922,001,1795
260.5215,260.5625,68437,82683,Rhinolophus ferrumequinum,0.026,0.027,-1,Echolocation,/mnt/ubna_data_02_mir/recover-20220922/UBNA_001/20220921_090000.WAV,Telephone Field,recover-20220922,001,1795
260.5485,260.5568,23750,31341,Plecotus austriacus,0.007,0.021,-1,Echolocation,/mnt/ubna_data_02_mir/recover-20220922/UBNA_001/20220921_090000.WAV,Telephone Field,recover-20220922,001,1795
260.5515,260.5945,68437,83620,Rhinolophus ferrumequinum,0.047,0.047,-1,Echolocation,/mnt/ubna_data_02_mir/recover-20220922/UBNA_001/20220921_090000.WAV,Telephone Field,recover-20220922,001,1795
260.5685,260.6083,68437,82791,Rhinolophus ferrumequinum,0.023,0.023,-1,Echolocation,/mnt/ubna_data_02_mir/recover-20220922/UBNA_001/20220921_090000.WAV,Telephone Field,recover-20220922,001,1795
260.5785,260.6192,68437,82038,Rhinolophus ferrumequinum,0.026,0.026,-1,Echolocation,/mnt/ubna_data_02_mir/recover-20220922/UBNA_001/20220921_090000.WAV,Telephone Field,recover-20220922,001,1795
260.5865,260.6248,68437,82064,Rhinolophus ferrumequinum,0.025,0.025,-1,Echolocation,/mnt/ubna_data_02_mir/recover-20220922/UBNA_001/20220921_090000.WAV,Telephone Field,recover-20220922,001,1795
260.6025,260.6164,34921,39437,Pipistrellus nathusii,0.007,0.023,-1,Echolocation,/mnt/ubna_data_02_mir/recover-20220922/UBNA_001/20220921_090000.WAV,Telephone Field,recover-20220922,001,1795
260.6035,260.6133,28906,37508,Eptesicus serotinus,0.01,0.023,-1,Echolocation,/mnt/ubna_data_02_mir/recover-20220922/UBNA_001/20220921_090000.WAV,Telephone Field,recover-20220922,001,1795
260.6065,260.6435,68437,81776,Rhinolophus ferrumequinum,0.024,0.024,-1,Echolocation,/mnt/ubna_data_02_mir/recover-20220922/UBNA_001/20220921_090000.WAV,Telephone Field,recover-20220922,001,1795
260.6315,260.6422,22890,26940,Nyctalus leisleri,0.014,0.024,-1,Echolocation,/mnt/ubna_data_02_mir/recover-20220922/UBNA_001/20220921_090000.WAV,Telephone Field,recover-20220922,001,1795
260.6895,260.7004,24609,32806,Eptesicus serotinus,0.013,0.031,-1,Echolocation,/mnt/ubna_data_02_mir/recover-20220922/UBNA_001/20220921_090000.WAV,Telephone Field,recover-20220922,001,1795
260.6955,260.7329,68437,81930,Rhinolophus ferrumequinum,0.022,0.022,-1,Echolocation,/mnt/ubna_data_02_mir/recover-20220922/UBNA_001/20220921_090000.WAV,Telephone Field,recover-20220922,001,1795
260.7035,260.742,68437,81471,Rhinolophus ferrumequinum,0.026,0.026,-1,Echolocation,/mnt/ubna_data_02_mir/recover-20220922/UBNA_001/20220921_090000.WAV,Telephone Field,recover-20220922,001,1795
260.7285,260.7432,23750,28582,Nyctalus leisleri,0.017,0.031,-1,Echolocation,/mnt/ubna_data_02_mir/recover-20220922/UBNA_001/20220921_090000.WAV,Telephone Field,recover-20220922,001,1795
260.7515,260.7897,68437,82096,Rhinolophus ferrumequinum,0.022,0.022,-1,Echolocation,/mnt/ubna_data_02_mir/recover-20220922/UBNA_001/20220921_090000.WAV,Telephone Field,recover-20220922,001,1795
260.7715,260.7802,28046,38101,Eptesicus serotinus,0.01,0.022,-1,Echolocation,/mnt/ubna_data_02_mir/recover-20220922/UBNA_001/20220921_090000.WAV,Telephone Field,recover-20220922,001,1795
260.7735,260.7814,51250,57644,Pipistrellus pipistrellus,0.024,0.029,-1,Echolocation,/mnt/ubna_data_02_mir/recover-20220922/UBNA_001/20220921_090000.WAV,Telephone Field,recover-20220922,001,1795
260.7855,260.7941,28046,40934,Eptesicus serotinus,0.008,0.022,-1,Echolocation,/mnt/ubna_data_02_mir/recover-20220922/UBNA_001/20220921_090000.WAV,Telephone Field,recover-20220922,001,1795
260.8235,260.8644,68437,82895,Rhinolophus ferrumequinum,0.045,0.045,-1,Echolocation,/mnt/ubna_data_02_mir/recover-20220922/UBNA_001/20220921_090000.WAV,Telephone Field,recover-20220922,001,1795
260.8425,260.8795,68437,81804,Rhinolophus ferrumequinum,0.024,0.024,-1,Echolocation,/mnt/ubna_data_02_mir/recover-20220922/UBNA_001/20220921_090000.WAV,Telephone Field,recover-20220922,001,1795
260.8505,260.8875,68437,82007,Rhinolophus ferrumequinum,0.023,0.023,-1,Echolocation,/mnt/ubna_data_02_mir/recover-20220922/UBNA_001/20220921_090000.WAV,Telephone Field,recover-20220922,001,1795
260.8905,260.9022,23750,29331,Nyctalus leisleri,0.012,0.026,-1,Echolocation,/mnt/ubna_data_02_mir/recover-20220922/UBNA_001/20220921_090000.WAV,Telephone Field,recover-20220922,001,1795
260.8915,260.9307,68437,82526,Rhinolophus ferrumequinum,0.022,0.022,-1,Echolocation,/mnt/ubna_data_02_mir/recover-20220922/UBNA_001/20220921_090000.WAV,Telephone Field,recover-20220922,001,1795
260.9455,260.954,27187,38713,Eptesicus serotinus,0.009,0.024,-1,Echolocation,/mnt/ubna_data_02_mir/recover-20220922/UBNA_001/20220921_090000.WAV,Telephone Field,recover-20220922,001,1795
260.9515,260.9907,68437,82122,Rhinolophus ferrumequinum,0.022,0.022,-1,Echolocation,/mnt/ubna_data_02_mir/recover-20220922/UBNA_001/20220921_090000.WAV,Telephone Field,recover-20220922,001,1795
260.9605,261.0006,68437,82639,Rhinolophus ferrumequinum,0.027,0.027,-1,Echolocation,/mnt/ubna_data_02_mir/recover-20220922/UBNA_001/20220921_090000.WAV,Telephone Field,recover-20220922,001,1795
260.9855,261.0244,68437,82188,Rhinolophus ferrumequinum,0.023,0.023,-1,Echolocation,/mnt/ubna_data_02_mir/recover-20220922/UBNA_001/20220921_090000.WAV,Telephone Field,recover-20220922,001,1795
261.0015,261.0375,68437,81541,Rhinolophus ferrumequinum,0.024,0.024,-1,Echolocation,/mnt/ubna_data_02_mir/recover-20220922/UBNA_001/20220921_090000.WAV,Telephone Field,recover-20220922,001,1795
261.0375,261.0767,68437,82439,Rhinolophus ferrumequinum,0.028,0.028,-1,Echolocation,/mnt/ubna_data_02_mir/recover-20220922/UBNA_001/20220921_090000.WAV,Telephone Field,recover-20220922,001,1795
261.0505,261.0611,22890,27467,Nyctalus leisleri,0.013,0.024,-1,Echolocation,/mnt/ubna_data_02_mir/recover-20220922/UBNA_001/20220921_090000.WAV,Telephone Field,recover-20220922,001,1795
261.0525,261.0632,45234,48505,Pipistrellus pipistrellus,0.022,0.024,-1,Echolocation,/mnt/ubna_data_02_mir/recover-20220922/UBNA_001/20220921_090000.WAV,Telephone Field,recover-20220922,001,1795
261.0915,261.1022,14296,19614,Nyctalus noctula,0.013,0.025,-1,Echolocation,/mnt/ubna_data_02_mir/recover-20220922/UBNA_001/20220921_090000.WAV,Telephone Field,recover-20220922,001,1795
261.0935,261.1298,68437,81092,Rhinolophus ferrumequinum,0.024,0.024,-1,Echolocation,/mnt/ubna_data_02_mir/recover-20220922/UBNA_001/20220921_090000.WAV,Telephone Field,recover-20220922,001,1795
261.1035,261.1115,26328,39517,Eptesicus serotinus,0.008,0.025,-1,Echolocation,/mnt/ubna_data_02_mir/recover-20220922/UBNA_001/20220921_090000.WAV,Telephone Field,recover-20220922,001,1795
261.1055,261.1146,32343,40663,Myotis daubentonii,0.008,0.024,-1,Echolocation,/mnt/ubna_data_02_mir/recover-20220922/UBNA_001/20220921_090000.WAV,Telephone Field,recover-20220922,001,1795
261.1185,261.1585,68437,82882,Rhinolophus ferrumequinum,0.028,0.028,-1,Echolocation,/mnt/ubna_data_02_mir/recover-20220922/UBNA_001/20220921_090000.WAV,Telephone Field,recover-20220922,001,1795
261.1685,261.2065,68437,82220,Rhinolophus ferrumequinum,0.022,0.022,-1,Echolocation,/mnt/ubna_data_02_mir/recover-20220922/UBNA_001/20220921_090000.WAV,Telephone Field,recover-20220922,001,1795
261.1875,261.2021,23750,27338,Nyctalus leisleri,0.019,0.03,-1,Echolocation,/mnt/ubna_data_02_mir/recover-20220922/UBNA_001/20220921_090000.WAV,Telephone Field,recover-20220922,001,1795
261.1995,261.2394,68437,82114,Rhinolophus ferrumequinum,0.023,0.023,-1,Echolocation,/mnt/ubna_data_02_mir/recover-20220922/UBNA_001/20220921_090000.WAV,Telephone Field,recover-20220922,001,1795
261.2775,261.3153,68437,81901,Rhinolophus ferrumequinum,0.026,0.026,-1,Echolocation,/mnt/ubna_data_02_mir/recover-20220922/UBNA_001/20220921_090000.WAV,Telephone Field,recover-20220922,001,1795
261.3055,261.3444,68437,82060,Rhinolophus ferrumequinum,0.025,0.025,-1,Echolocation,/mnt/ubna_data_02_mir/recover-20220922/UBNA_001/20220921_090000.WAV,Telephone Field,recover-20220922,001,1795
261.3235,261.36220000000003,68437,82210,Rhinolophus ferrumequinum,0.023,0.023,-1,Echolocation,/mnt/ubna_data_02_mir/recover-20220922/UBNA_001/20220921_090000.WAV,Telephone Field,recover-20220922,001,1795
261.3295,261.3672,68437,81836,Rhinolophus ferrumequinum,0.022,0.022,-1,Echolocation,/mnt/ubna_data_02_mir/recover-20220922/UBNA_001/20220921_090000.WAV,Telephone Field,recover-20220922,001,1795
261.33050000000003,261.34069999999997,23750,30638,Nyctalus leisleri,0.009,0.024,-1,Echolocation,/mnt/ubna_data_02_mir/recover-20220922/UBNA_001/20220921_090000.WAV,Telephone Field,recover-20220922,001,1795
261.3595,261.3995,68437,82475,Rhinolophus ferrumequinum,0.024,0.024,-1,Echolocation,/mnt/ubna_data_02_mir/recover-20220922/UBNA_001/20220921_090000.WAV,Telephone Field,recover-20220922,001,1795
261.3845,261.4233,68437,82186,Rhinolophus ferrumequinum,0.023,0.023,-1,Echolocation,/mnt/ubna_data_02_mir/recover-20220922/UBNA_001/20220921_090000.WAV,Telephone Field,recover-20220922,001,1795
261.3965,261.4064,28906,37295,Eptesicus serotinus,0.011,0.022,-1,Echolocation,/mnt/ubna_data_02_mir/recover-20220922/UBNA_001/20220921_090000.WAV,Telephone Field,recover-20220922,001,1795
261.3975,261.4395,68437,83262,Rhinolophus ferrumequinum,0.027,0.027,-1,Echolocation,/mnt/ubna_data_02_mir/recover-20220922/UBNA_001/20220921_090000.WAV,Telephone Field,recover-20220922,001,1795
261.4425,261.4809,68437,82525,Rhinolophus ferrumequinum,0.024,0.024,-1,Echolocation,/mnt/ubna_data_02_mir/recover-20220922/UBNA_001/20220921_090000.WAV,Telephone Field,recover-20220922,001,1795
261.4565,261.4643,28046,37778,Eptesicus serotinus,0.007,0.022,-1,Echolocation,/mnt/ubna_data_02_mir/recover-20220922/UBNA_001/20220921_090000.WAV,Telephone Field,recover-20220922,001,1795
261.4715,261.5163,68437,83035,Rhinolophus ferrumequinum,0.05,0.05,-1,Echolocation,/mnt/ubna_data_02_mir/recover-20220922/UBNA_001/20220921_090000.WAV,Telephone Field,recover-20220922,001,1795
261.4945,261.5384,68437,83087,Rhinolophus ferrumequinum,0.044,0.044,-1,Echolocation,/mnt/ubna_data_02_mir/recover-20220922/UBNA_001/20220921_090000.WAV,Telephone Field,recover-20220922,001,1795
261.5215,261.5632,68437,82618,Rhinolophus ferrumequinum,0.029,0.029,-1,Echolocation,/mnt/ubna_data_02_mir/recover-20220922/UBNA_001/20220921_090000.WAV,Telephone Field,recover-20220922,001,1795
261.5405,261.5816,68437,82633,Rhinolophus ferrumequinum,0.023,0.023,-1,Echolocation,/mnt/ubna_data_02_mir/recover-20220922/UBNA_001/20220921_090000.WAV,Telephone Field,recover-20220922,001,1795
261.5965,261.6371,68437,82983,Rhinolophus ferrumequinum,0.027,0.027,-1,Echolocation,/mnt/ubna_data_02_mir/recover-20220922/UBNA_001/20220921_090000.WAV,Telephone Field,recover-20220922,001,1795
261.6085,261.6504,68437,83044,Rhinolophus ferrumequinum,0.025,0.025,-1,Echolocation,/mnt/ubna_data_02_mir/recover-20220922/UBNA_001/20220921_090000.WAV,Telephone Field,recover-20220922,001,1795
261.6365,261.6702,68437,80702,Rhinolophus ferrumequinum,0.022,0.022,-1,Echolocation,/mnt/ubna_data_02_mir/recover-20220922/UBNA_001/20220921_090000.WAV,Telephone Field,recover-20220922,001,1795
261.6725,261.7107,68437,81854,Rhinolophus ferrumequinum,0.023,0.023,-1,Echolocation,/mnt/ubna_data_02_mir/recover-20220922/UBNA_001/20220921_090000.WAV,Telephone Field,recover-20220922,001,1795
261.6865,261.694,27187,39643,Eptesicus serotinus,0.007,0.024,-1,Echolocation,/mnt/ubna_data_02_mir/recover-20220922/UBNA_001/20220921_090000.WAV,Telephone Field,recover-20220922,001,1795
261.6865,261.6952,35781,41189,Barbastellus barbastellus,0.017,0.039,-1,Echolocation,/mnt/ubna_data_02_mir/recover-20220922/UBNA_001/20220921_090000.WAV,Telephone Field,recover-20220922,001,1795
261.7045,261.7421,68437,81872,Rhinolophus ferrumequinum,0.022,0.022,-1,Echolocation,/mnt/ubna_data_02_mir/recover-20220922/UBNA_001/20220921_090000.WAV,Telephone Field,recover-20220922,001,1795
261.7045,261.7176,22890,26935,Nyctalus leisleri,0.014,0.024,-1,Echolocation,/mnt/ubna_data_02_mir/recover-20220922/UBNA_001/20220921_090000.WAV,Telephone Field,recover-20220922,001,1795
261.7175,261.7587,68437,82757,Rhinolophus ferrumequinum,0.027,0.027,-1,Echolocation,/mnt/ubna_data_02_mir/recover-20220922/UBNA_001/20220921_090000.WAV,Telephone Field,recover-20220922,001,1795
261.7375,261.7489,22890,28424,Nyctalus leisleri,0.011,0.024,-1,Echolocation,/mnt/ubna_data_02_mir/recover-20220922/UBNA_001/20220921_090000.WAV,Telephone Field,recover-20220922,001,1795
261.7455,261.7583,22890,26934,Nyctalus leisleri,0.016,0.027,-1,Echolocation,/mnt/ubna_data_02_mir/recover-20220922/UBNA_001/20220921_090000.WAV,Telephone Field,recover-20220922,001,1795
261.7575,261.7942,68437,81972,Rhinolophus ferrumequinum,0.024,0.024,-1,Echolocation,/mnt/ubna_data_02_mir/recover-20220922/UBNA_001/20220921_090000.WAV,Telephone Field,recover-20220922,001,1795
261.7645,261.80219999999997,68437,82257,Rhinolophus ferrumequinum,0.025,0.025,-1,Echolocation,/mnt/ubna_data_02_mir/recover-20220922/UBNA_001/20220921_090000.WAV,Telephone Field,recover-20220922,001,1795
261.7955,261.8059,23750,30917,Nyctalus leisleri,0.01,0.028,-1,Echolocation,/mnt/ubna_data_02_mir/recover-20220922/UBNA_001/20220921_090000.WAV,Telephone Field,recover-20220922,001,1795
261.7985,261.8058,28906,38101,Eptesicus serotinus,0.007,0.024,-1,Echolocation,/mnt/ubna_data_02_mir/recover-20220922/UBNA_001/20220921_090000.WAV,Telephone Field,recover-20220922,001,1795
261.8155,261.856,68437,81711,Rhinolophus ferrumequinum,0.023,0.023,-1,Echolocation,/mnt/ubna_data_02_mir/recover-20220922/UBNA_001/20220921_090000.WAV,Telephone Field,recover-20220922,001,1795
261.8215,261.8605,68437,81817,Rhinolophus ferrumequinum,0.022,0.023,-1,Echolocation,/mnt/ubna_data_02_mir/recover-20220922/UBNA_001/20220921_090000.WAV,Telephone Field,recover-20220922,001,1795
261.8865,261.9287,68437,82812,Rhinolophus ferrumequinum,0.026,0.026,-1,Echolocation,/mnt/ubna_data_02_mir/recover-20220922/UBNA_001/20220921_090000.WAV,Telephone Field,recover-20220922,001,1795
261.9175,261.9575,68437,82822,Rhinolophus ferrumequinum,0.023,0.023,-1,Echolocation,/mnt/ubna_data_02_mir/recover-20220922/UBNA_001/20220921_090000.WAV,Telephone Field,recover-20220922,001,1795
261.9365,261.9748,68437,82149,Rhinolophus ferrumequinum,0.022,0.023,-1,Echolocation,/mnt/ubna_data_02_mir/recover-20220922/UBNA_001/20220921_090000.WAV,Telephone Field,recover-20220922,001,1795
262.0015,262.0102,25468,36099,Nyctalus leisleri,0.007,0.03,-1,Echolocation,/mnt/ubna_data_02_mir/recover-20220922/UBNA_001/20220921_090000.WAV,Telephone Field,recover-20220922,001,1795
262.0015,262.0338,68437,80511,Rhinolophus ferrumequinum,0.043,0.043,-1,Echolocation,/mnt/ubna_data_02_mir/recover-20220922/UBNA_001/20220921_090000.WAV,Telephone Field,recover-20220922,001,1795
262.0075,262.0504,68437,82400,Rhinolophus ferrumequinum,0.029,0.029,-1,Echolocation,/mnt/ubna_data_02_mir/recover-20220922/UBNA_001/20220921_090000.WAV,Telephone Field,recover-20220922,001,1795
262.0395,262.0492,27187,37273,Eptesicus serotinus,0.011,0.025,-1,Echolocation,/mnt/ubna_data_02_mir/recover-20220922/UBNA_001/20220921_090000.WAV,Telephone Field,recover-20220922,001,1795
262.0705,262.1094,68437,81915,Rhinolophus ferrumequinum,0.026,0.026,-1,Echolocation,/mnt/ubna_data_02_mir/recover-20220922/UBNA_001/20220921_090000.WAV,Telephone Field,recover-20220922,001,1795
262.0825,262.1209,68437,81466,Rhinolophus ferrumequinum,0.023,0.023,-1,Echolocation,/mnt/ubna_data_02_mir/recover-20220922/UBNA_001/20220921_090000.WAV,Telephone Field,recover-20220922,001,1795
262.0875,262.0984,23750,30179,Nyctalus leisleri,0.01,0.025,-1,Echolocation,/mnt/ubna_data_02_mir/recover-20220922/UBNA_001/20220921_090000.WAV,Telephone Field,recover-20220922,001,1795
262.0995,262.1359,68437,81131,Rhinolophus ferrumequinum,0.023,0.023,-1,Echolocation,/mnt/ubna_data_02_mir/recover-20220922/UBNA_001/20220921_090000.WAV,Telephone Field,recover-20220922,001,1795
262.1065,262.1197,23750,29309,Nyctalus leisleri,0.024,0.046,-1,Echolocation,/mnt/ubna_data_02_mir/recover-20220922/UBNA_001/20220921_090000.WAV,Telephone Field,recover-20220922,001,1795
262.1225,262.1599,68437,81938,Rhinolophus ferrumequinum,0.024,0.024,-1,Echolocation,/mnt/ubna_data_02_mir/recover-20220922/UBNA_001/20220921_090000.WAV,Telephone Field,recover-20220922,001,1795
262.1735,262.2138,68437,82437,Rhinolophus ferrumequinum,0.028,0.028,-1,Echolocation,/mnt/ubna_data_02_mir/recover-20220922/UBNA_001/20220921_090000.WAV,Telephone Field,recover-20220922,001,1795
262.2005,262.2394,68437,82547,Rhinolophus ferrumequinum,0.023,0.023,-1,Echolocation,/mnt/ubna_data_02_mir/recover-20220922/UBNA_001/20220921_090000.WAV,Telephone Field,recover-20220922,001,1795
262.2185,262.2594,68437,82620,Rhinolophus ferrumequinum,0.022,0.022,-1,Echolocation,/mnt/ubna_data_02_mir/recover-20220922/UBNA_001/20220921_090000.WAV,Telephone Field,recover-20220922,001,1795
262.2515,262.2909,68437,82302,Rhinolophus ferrumequinum,0.03,0.03,-1,Echolocation,/mnt/ubna_data_02_mir/recover-20220922/UBNA_001/20220921_090000.WAV,Telephone Field,recover-20220922,001,1795
262.2605,262.3041,68437,83527,Rhinolophus ferrumequinum,0.035,0.035,-1,Echolocation,/mnt/ubna_data_02_mir/recover-20220922/UBNA_001/20220921_090000.WAV,Telephone Field,recover-20220922,001,1795
262.2625,262.2715,31484,43942,Myotis daubentonii,0.008,0.023,-1,Echolocation,/mnt/ubna_data_02_mir/recover-20220922/UBNA_001/20220921_090000.WAV,Telephone Field,recover-20220922,001,1795
262.2995,262.3375,68437,81627,Rhinolophus ferrumequinum,0.023,0.023,-1,Echolocation,/mnt/ubna_data_02_mir/recover-20220922/UBNA_001/20220921_090000.WAV,Telephone Field,recover-20220922,001,1795
262.3405,262.3498,28906,36826,Eptesicus serotinus,0.011,0.023,-1,Echolocation,/mnt/ubna_data_02_mir/recover-20220922/UBNA_001/20220921_090000.WAV,Telephone Field,recover-20220922,001,1795
262.3985,262.4402,68437,82720,Rhinolophus ferrumequinum,0.028,0.028,-1,Echolocation,/mnt/ubna_data_02_mir/recover-20220922/UBNA_001/20220921_090000.WAV,Telephone Field,recover-20220922,001,1795
262.4075,262.4471,68437,82810,Rhinolophus ferrumequinum,0.025,0.025,-1,Echolocation,/mnt/ubna_data_02_mir/recover-20220922/UBNA_001/20220921_090000.WAV,Telephone Field,recover-20220922,001,1795
262.4185,262.4573,68437,82083,Rhinolophus ferrumequinum,0.023,0.023,-1,Echolocation,/mnt/ubna_data_02_mir/recover-20220922/UBNA_001/20220921_090000.WAV,Telephone Field,recover-20220922,001,1795
262.5045,262.5114,28906,42348,Eptesicus serotinus,0.008,0.027,-1,Echolocation,/mnt/ubna_data_02_mir/recover-20220922/UBNA_001/20220921_090000.WAV,Telephone Field,recover-20220922,001,1795
262.5145,262.5536,68437,81899,Rhinolophus ferrumequinum,0.027,0.027,-1,Echolocation,/mnt/ubna_data_02_mir/recover-20220922/UBNA_001/20220921_090000.WAV,Telephone Field,recover-20220922,001,1795
262.5415,262.5857,68437,82700,Rhinolophus ferrumequinum,0.04,0.04,-1,Echolocation,/mnt/ubna_data_02_mir/recover-20220922/UBNA_001/20220921_090000.WAV,Telephone Field,recover-20220922,001,1795
262.5465,262.5879,68437,82087,Rhinolophus ferrumequinum,0.039,0.039,-1,Echolocation,/mnt/ubna_data_02_mir/recover-20220922/UBNA_001/20220921_090000.WAV,Telephone Field,recover-20220922,001,1795
262.6215,262.6307,28906,37866,Eptesicus serotinus,0.018,0.034,-1,Echolocation,/mnt/ubna_data_02_mir/recover-20220922/UBNA_001/20220921_090000.WAV,Telephone Field,recover-20220922,001,1795
262.6585,262.6983,68437,82252,Rhinolophus ferrumequinum,0.029,0.03,-1,Echolocation,/mnt/ubna_data_02_mir/recover-20220922/UBNA_001/20220921_090000.WAV,Telephone Field,recover-20220922,001,1795
262.6895,262.7267,68437,81672,Rhinolophus ferrumequinum,0.023,0.023,-1,Echolocation,/mnt/ubna_data_02_mir/recover-20220922/UBNA_001/20220921_090000.WAV,Telephone Field,recover-20220922,001,1795
262.6925,262.7005,45234,49407,Pipistrellus pipistrellus,0.032,0.033,-1,Echolocation,/mnt/ubna_data_02_mir/recover-20220922/UBNA_001/20220921_090000.WAV,Telephone Field,recover-20220922,001,1795
262.7575,262.7968,68437,82204,Rhinolophus ferrumequinum,0.029,0.029,-1,Echolocation,/mnt/ubna_data_02_mir/recover-20220922/UBNA_001/20220921_090000.WAV,Telephone Field,recover-20220922,001,1795
262.8295,262.871,68437,82039,Rhinolophus ferrumequinum,0.024,0.024,-1,Echolocation,/mnt/ubna_data_02_mir/recover-20220922/UBNA_001/20220921_090000.WAV,Telephone Field,recover-20220922,001,1795
262.8395,262.8516,22890,28048,Nyctalus leisleri,0.015,0.03,-1,Echolocation,/mnt/ubna_data_02_mir/recover-20220922/UBNA_001/20220921_090000.WAV,Telephone Field,recover-20220922,001,1795
262.8465,262.8608,23750,28343,Nyctalus leisleri,0.017,0.033,-1,Echolocation,/mnt/ubna_data_02_mir/recover-20220922/UBNA_001/20220921_090000.WAV,Telephone Field,recover-20220922,001,1795
262.8875,262.8934,51250,56839,Pipistrellus pipistrellus,0.02,0.022,-1,Echolocation,/mnt/ubna_data_02_mir/recover-20220922/UBNA_001/20220921_090000.WAV,Telephone Field,recover-20220922,001,1795
262.8945,262.9026,28906,39247,Eptesicus serotinus,0.009,0.023,-1,Echolocation,/mnt/ubna_data_02_mir/recover-20220922/UBNA_001/20220921_090000.WAV,Telephone Field,recover-20220922,001,1795
262.9275,262.9458,20312,23834,Nyctalus leisleri,0.016,0.03,-1,Echolocation,/mnt/ubna_data_02_mir/recover-20220922/UBNA_001/20220921_090000.WAV,Telephone Field,recover-20220922,001,1795
262.9475,262.9876,68437,81904,Rhinolophus ferrumequinum,0.024,0.024,-1,Echolocation,/mnt/ubna_data_02_mir/recover-20220922/UBNA_001/20220921_090000.WAV,Telephone Field,recover-20220922,001,1795
262.9605,263.0003,68437,82398,Rhinolophus ferrumequinum,0.023,0.023,-1,Echolocation,/mnt/ubna_data_02_mir/recover-20220922/UBNA_001/20220921_090000.WAV,Telephone Field,recover-20220922,001,1795
262.9955,263.037,68437,82663,Rhinolophus ferrumequinum,0.024,0.024,-1,Echolocation,/mnt/ubna_data_02_mir/recover-20220922/UBNA_001/20220921_090000.WAV,Telephone Field,recover-20220922,001,1795
263.0435,263.0833,68437,82983,Rhinolophus ferrumequinum,0.024,0.024,-1,Echolocation,/mnt/ubna_data_02_mir/recover-20220922/UBNA_001/20220921_090000.WAV,Telephone Field,recover-20220922,001,1795
263.1085,263.1184,27187,34929,Eptesicus serotinus,0.012,0.025,-1,Echolocation,/mnt/ubna_data_02_mir/recover-20220922/UBNA_001/20220921_090000.WAV,Telephone Field,recover-20220922,001,1795
263.1435,263.181,68437,82070,Rhinolophus ferrumequinum,0.024,0.024,-1,Echolocation,/mnt/ubna_data_02_mir/recover-20220922/UBNA_001/20220921_090000.WAV,Telephone Field,recover-20220922,001,1795
263.1545,263.1951,68437,81882,Rhinolophus ferrumequinum,0.023,0.023,-1,Echolocation,/mnt/ubna_data_02_mir/recover-20220922/UBNA_001/20220921_090000.WAV,Telephone Field,recover-20220922,001,1795
263.1705,263.2102,68437,82180,Rhinolophus ferrumequinum,0.026,0.026,-1,Echolocation,/mnt/ubna_data_02_mir/recover-20220922/UBNA_001/20220921_090000.WAV,Telephone Field,recover-20220922,001,1795
263.2145,263.2535,68437,82445,Rhinolophus ferrumequinum,0.041,0.042,-1,Echolocation,/mnt/ubna_data_02_mir/recover-20220922/UBNA_001/20220921_090000.WAV,Telephone Field,recover-20220922,001,1795
263.2415,263.2773,68437,81063,Rhinolophus ferrumequinum,0.022,0.022,-1,Echolocation,/mnt/ubna_data_02_mir/recover-20220922/UBNA_001/20220921_090000.WAV,Telephone Field,recover-20220922,001,1795
263.2565,263.2939,68437,81817,Rhinolophus ferrumequinum,0.023,0.023,-1,Echolocation,/mnt/ubna_data_02_mir/recover-20220922/UBNA_001/20220921_090000.WAV,Telephone Field,recover-20220922,001,1795
263.2825,263.3227,68437,82509,Rhinolophus ferrumequinum,0.025,0.025,-1,Echolocation,/mnt/ubna_data_02_mir/recover-20220922/UBNA_001/20220921_090000.WAV,Telephone Field,recover-20220922,001,1795
263.3025,263.3439,68437,82850,Rhinolophus ferrumequinum,0.023,0.023,-1,Echolocation,/mnt/ubna_data_02_mir/recover-20220922/UBNA_001/20220921_090000.WAV,Telephone Field,recover-20220922,001,1795
263.3255,263.3616,68437,81473,Rhinolophus ferrumequinum,0.022,0.022,-1,Echolocation,/mnt/ubna_data_02_mir/recover-20220922/UBNA_001/20220921_090000.WAV,Telephone Field,recover-20220922,001,1795
263.3625,263.3731,28906,36352,Eptesicus serotinus,0.013,0.027,-1,Echolocation,/mnt/ubna_data_02_mir/recover-20220922/UBNA_001/20220921_090000.WAV,Telephone Field,recover-20220922,001,1795
263.3685,263.3751,52109,58759,Pipistrellus pipistrellus,0.023,0.028,-1,Echolocation,/mnt/ubna_data_02_mir/recover-20220922/UBNA_001/20220921_090000.WAV,Telephone Field,recover-20220922,001,1795
263.3705,263.3817,57265,62381,Pipistrellus pygmaeus,0.028,0.029,-1,Echolocation,/mnt/ubna_data_02_mir/recover-20220922/UBNA_001/20220921_090000.WAV,Telephone Field,recover-20220922,001,1795
263.3845,263.4255,68437,82743,Rhinolophus ferrumequinum,0.026,0.026,-1,Echolocation,/mnt/ubna_data_02_mir/recover-20220922/UBNA_001/20220921_090000.WAV,Telephone Field,recover-20220922,001,1795
263.3845,263.3941,28046,37400,Eptesicus serotinus,0.009,0.023,-1,Echolocation,/mnt/ubna_data_02_mir/recover-20220922/UBNA_001/20220921_090000.WAV,Telephone Field,recover-20220922,001,1795
263.3925,263.4357,68437,82816,Rhinolophus ferrumequinum,0.024,0.024,-1,Echolocation,/mnt/ubna_data_02_mir/recover-20220922/UBNA_001/20220921_090000.WAV,Telephone Field,recover-20220922,001,1795
263.3995,263.442,68437,82772,Rhinolophus ferrumequinum,0.026,0.026,-1,Echolocation,/mnt/ubna_data_02_mir/recover-20220922/UBNA_001/20220921_090000.WAV,Telephone Field,recover-20220922,001,1795
263.4355,263.4453,24609,32041,Eptesicus serotinus,0.013,0.032,-1,Echolocation,/mnt/ubna_data_02_mir/recover-20220922/UBNA_001/20220921_090000.WAV,Telephone Field,recover-20220922,001,1795
263.4375,263.4779,68437,82790,Rhinolophus ferrumequinum,0.028,0.028,-1,Echolocation,/mnt/ubna_data_02_mir/recover-20220922/UBNA_001/20220921_090000.WAV,Telephone Field,recover-20220922,001,1795
263.4595,263.4989,68437,82268,Rhinolophus ferrumequinum,0.023,0.023,-1,Echolocation,/mnt/ubna_data_02_mir/recover-20220922/UBNA_001/20220921_090000.WAV,Telephone Field,recover-20220922,001,1795
263.4855,263.5268,68437,82864,Rhinolophus ferrumequinum,0.022,0.022,-1,Echolocation,/mnt/ubna_data_02_mir/recover-20220922/UBNA_001/20220921_090000.WAV,Telephone Field,recover-20220922,001,1795
263.5045,263.5487,68437,83245,Rhinolophus ferrumequinum,0.052,0.052,-1,Echolocation,/mnt/ubna_data_02_mir/recover-20220922/UBNA_001/20220921_090000.WAV,Telephone Field,recover-20220922,001,1795
263.5295,263.5434,52968,56991,Pipistrellus pygmaeus,0.018,0.031,-1,Echolocation,/mnt/ubna_data_02_mir/recover-20220922/UBNA_001/20220921_090000.WAV,Telephone Field,recover-20220922,001,1795
263.5485,263.5901,68437,82358,Rhinolophus ferrumequinum,0.026,0.026,-1,Echolocation,/mnt/ubna_data_02_mir/recover-20220922/UBNA_001/20220921_090000.WAV,Telephone Field,recover-20220922,001,1795
263.5555,263.5967,68437,82180,Rhinolophus ferrumequinum,0.027,0.027,-1,Echolocation,/mnt/ubna_data_02_mir/recover-20220922/UBNA_001/20220921_090000.WAV,Telephone Field,recover-20220922,001,1795
263.6165,263.6578,68437,82340,Rhinolophus ferrumequinum,0.029,0.029,-1,Echolocation,/mnt/ubna_data_02_mir/recover-20220922/UBNA_001/20220921_090000.WAV,Telephone Field,recover-20220922,001,1795
263.6505,263.6636,22031,25714,Nyctalus leisleri,0.018,0.028,-1,Echolocation,/mnt/ubna_data_02_mir/recover-20220922/UBNA_001/20220921_090000.WAV,Telephone Field,recover-20220922,001,1795
263.6635,263.7061,68437,82836,Rhinolophus ferrumequinum,0.028,0.028,-1,Echolocation,/mnt/ubna_data_02_mir/recover-20220922/UBNA_001/20220921_090000.WAV,Telephone Field,recover-20220922,001,1795
263.6845,263.7223,68437,81410,Rhinolophus ferrumequinum,0.024,0.024,-1,Echolocation,/mnt/ubna_data_02_mir/recover-20220922/UBNA_001/20220921_090000.WAV,Telephone Field,recover-20220922,001,1795
263.6905,263.7007,26328,34458,Eptesicus serotinus,0.009,0.022,-1,Echolocation,/mnt/ubna_data_02_mir/recover-20220922/UBNA_001/20220921_090000.WAV,Telephone Field,recover-20220922,001,1795
263.6945,263.7042,44375,48167,Pipistrellus pipistrellus,0.024,0.025,-1,Echolocation,/mnt/ubna_data_02_mir/recover-20220922/UBNA_001/20220921_090000.WAV,Telephone Field,recover-20220922,001,1795
263.7375,263.7765,68437,82068,Rhinolophus ferrumequinum,0.026,0.026,-1,Echolocation,/mnt/ubna_data_02_mir/recover-20220922/UBNA_001/20220921_090000.WAV,Telephone Field,recover-20220922,001,1795
263.7495,263.7878,68437,81532,Rhinolophus ferrumequinum,0.024,0.024,-1,Echolocation,/mnt/ubna_data_02_mir/recover-20220922/UBNA_001/20220921_090000.WAV,Telephone Field,recover-20220922,001,1795
263.8035,263.8227,20312,23493,Nyctalus leisleri,0.014,0.025,-1,Echolocation,/mnt/ubna_data_02_mir/recover-20220922/UBNA_001/20220921_090000.WAV,Telephone Field,recover-20220922,001,1795
263.8045,263.8477,68437,82766,Rhinolophus ferrumequinum,0.036,0.036,-1,Echolocation,/mnt/ubna_data_02_mir/recover-20220922/UBNA_001/20220921_090000.WAV,Telephone Field,recover-20220922,001,1795
263.8045,263.8141,28906,37208,Eptesicus serotinus,0.01,0.024,-1,Echolocation,/mnt/ubna_data_02_mir/recover-20220922/UBNA_001/20220921_090000.WAV,Telephone Field,recover-20220922,001,1795
263.8335,263.8681,68437,81027,Rhinolophus ferrumequinum,0.023,0.023,-1,Echolocation,/mnt/ubna_data_02_mir/recover-20220922/UBNA_001/20220921_090000.WAV,Telephone Field,recover-20220922,001,1795
263.8465,263.88779999999997,68437,82430,Rhinolophus ferrumequinum,0.023,0.023,-1,Echolocation,/mnt/ubna_data_02_mir/recover-20220922/UBNA_001/20220921_090000.WAV,Telephone Field,recover-20220922,001,1795
263.8535,263.89,68437,82054,Rhinolophus ferrumequinum,0.023,0.023,-1,Echolocation,/mnt/ubna_data_02_mir/recover-20220922/UBNA_001/20220921_090000.WAV,Telephone Field,recover-20220922,001,1795
263.8855,263.9285,68437,83102,Rhinolophus ferrumequinum,0.026,0.026,-1,Echolocation,/mnt/ubna_data_02_mir/recover-20220922/UBNA_001/20220921_090000.WAV,Telephone Field,recover-20220922,001,1795
263.9045,263.94259999999997,68437,81684,Rhinolophus ferrumequinum,0.024,0.024,-1,Echolocation,/mnt/ubna_data_02_mir/recover-20220922/UBNA_001/20220921_090000.WAV,Telephone Field,recover-20220922,001,1795
263.9145,263.9518,68437,81474,Rhinolophus ferrumequinum,0.023,0.023,-1,Echolocation,/mnt/ubna_data_02_mir/recover-20220922/UBNA_001/20220921_090000.WAV,Telephone Field,recover-20220922,001,1795
263.9315,263.94259999999997,28906,35896,Eptesicus serotinus,0.012,0.026,-1,Echolocation,/mnt/ubna_data_02_mir/recover-20220922/UBNA_001/20220921_090000.WAV,Telephone Field,recover-20220922,001,1795
263.9525,263.98969999999997,68437,81789,Rhinolophus ferrumequinum,0.024,0.024,-1,Echolocation,/mnt/ubna_data_02_mir/recover-20220922/UBNA_001/20220921_090000.WAV,Telephone Field,recover-20220922,001,1795
263.95550000000003,263.9664,22890,27539,Nyctalus leisleri,0.013,0.025,-1,Echolocation,/mnt/ubna_data_02_mir/recover-20220922/UBNA_001/20220921_090000.WAV,Telephone Field,recover-20220922,001,1795
264.0015,264.0094,25468,35039,Eptesicus serotinus,0.005,0.021,-1,Echolocation,/mnt/ubna_data_02_mir/recover-20220922/UBNA_001/20220921_090000.WAV,Telephone Field,recover-20220922,001,1795
264.0015,264.0348,68437,80117,Rhinolophus ferrumequinum,0.044,0.044,-1,Echolocation,/mnt/ubna_data_02_mir/recover-20220922/UBNA_001/20220921_090000.WAV,Telephone Field,recover-20220922,001,1795
264.0095,264.0513,68437,82399,Rhinolophus ferrumequinum,0.025,0.025,-1,Echolocation,/mnt/ubna_data_02_mir/recover-20220922/UBNA_001/20220921_090000.WAV,Telephone Field,recover-20220922,001,1795
264.0195,264.0278,28906,37700,Eptesicus serotinus,0.007,0.023,-1,Echolocation,/mnt/ubna_data_02_mir/recover-20220922/UBNA_001/20220921_090000.WAV,Telephone Field,recover-20220922,001,1795
264.0365,264.0767,68437,82279,Rhinolophus ferrumequinum,0.021,0.021,-1,Echolocation,/mnt/ubna_data_02_mir/recover-20220922/UBNA_001/20220921_090000.WAV,Telephone Field,recover-20220922,001,1795
264.0615,264.1033,68437,82201,Rhinolophus ferrumequinum,0.023,0.023,-1,Echolocation,/mnt/ubna_data_02_mir/recover-20220922/UBNA_001/20220921_090000.WAV,Telephone Field,recover-20220922,001,1795
264.0745,264.1128,68437,81969,Rhinolophus ferrumequinum,0.023,0.023,-1,Echolocation,/mnt/ubna_data_02_mir/recover-20220922/UBNA_001/20220921_090000.WAV,Telephone Field,recover-20220922,001,1795
264.0865,264.121,68437,81506,Rhinolophus ferrumequinum,0.038,0.038,-1,Echolocation,/mnt/ubna_data_02_mir/recover-20220922/UBNA_001/20220921_090000.WAV,Telephone Field,recover-20220922,001,1795
264.1185,264.163,68437,83702,Rhinolophus ferrumequinum,0.043,0.043,-1,Echolocation,/mnt/ubna_data_02_mir/recover-20220922/UBNA_001/20220921_090000.WAV,Telephone Field,recover-20220922,001,1795
264.1435,264.1861,68437,82627,Rhinolophus ferrumequinum,0.074,0.074,-1,Echolocation,/mnt/ubna_data_02_mir/recover-20220922/UBNA_001/20220921_090000.WAV,Telephone Field,recover-20220922,001,1795
264.1725,264.2104,68437,81246,Rhinolophus ferrumequinum,0.031,0.031,-1,Echolocation,/mnt/ubna_data_02_mir/recover-20220922/UBNA_001/20220921_090000.WAV,Telephone Field,recover-20220922,001,1795
264.1885,264.224,68437,81311,Rhinolophus ferrumequinum,0.022,0.022,-1,Echolocation,/mnt/ubna_data_02_mir/recover-20220922/UBNA_001/20220921_090000.WAV,Telephone Field,recover-20220922,001,1795
264.2115,264.2229,24609,29306,Nyctalus leisleri,0.014,0.03,-1,Echolocation,/mnt/ubna_data_02_mir/recover-20220922/UBNA_001/20220921_090000.WAV,Telephone Field,recover-20220922,001,1795
264.2155,264.2535,68437,81599,Rhinolophus ferrumequinum,0.022,0.022,-1,Echolocation,/mnt/ubna_data_02_mir/recover-20220922/UBNA_001/20220921_090000.WAV,Telephone Field,recover-20220922,001,1795
264.2635,264.3033,68437,82379,Rhinolophus ferrumequinum,0.027,0.027,-1,Echolocation,/mnt/ubna_data_02_mir/recover-20220922/UBNA_001/20220921_090000.WAV,Telephone Field,recover-20220922,001,1795
264.3085,264.3476,68437,82029,Rhinolophus ferrumequinum,0.025,0.025,-1,Echolocation,/mnt/ubna_data_02_mir/recover-20220922/UBNA_001/20220921_090000.WAV,Telephone Field,recover-20220922,001,1795
264.3505,264.3836,68437,79948,Rhinolophus ferrumequinum,0.021,0.021,-1,Echolocation,/mnt/ubna_data_02_mir/recover-20220922/UBNA_001/20220921_090000.WAV,Telephone Field,recover-20220922,001,1795
264.3665,264.4082,68437,82733,Rhinolophus ferrumequinum,0.025,0.025,-1,Echolocation,/mnt/ubna_data_02_mir/recover-20220922/UBNA_001/20220921_090000.WAV,Telephone Field,recover-20220922,001,1795
264.3745,264.3809,28046,42161,Eptesicus serotinus,0.007,0.028,-1,Echolocation,/mnt/ubna_data_02_mir/recover-20220922/UBNA_001/20220921_090000.WAV,Telephone Field,recover-20220922,001,1795
264.3895,264.4278,68437,82623,Rhinolophus ferrumequinum,0.027,0.027,-1,Echolocation,/mnt/ubna_data_02_mir/recover-20220922/UBNA_001/20220921_090000.WAV,Telephone Field,recover-20220922,001,1795
264.4075,264.4277,19453,22219,Nyctalus leisleri,0.013,0.024,-1,Echolocation,/mnt/ubna_data_02_mir/recover-20220922/UBNA_001/20220921_090000.WAV,Telephone Field,recover-20220922,001,1795
264.4205,264.4594,68437,81357,Rhinolophus ferrumequinum,0.021,0.021,-1,Echolocation,/mnt/ubna_data_02_mir/recover-20220922/UBNA_001/20220921_090000.WAV,Telephone Field,recover-20220922,001,1795
264.4375,264.4785,68437,82587,Rhinolophus ferrumequinum,0.022,0.023,-1,Echolocation,/mnt/ubna_data_02_mir/recover-20220922/UBNA_001/20220921_090000.WAV,Telephone Field,recover-20220922,001,1795
264.4735,264.4839,23750,28941,Nyctalus leisleri,0.01,0.021,-1,Echolocation,/mnt/ubna_data_02_mir/recover-20220922/UBNA_001/20220921_090000.WAV,Telephone Field,recover-20220922,001,1795
264.4895,264.5349,68437,83568,Rhinolophus ferrumequinum,0.047,0.047,-1,Echolocation,/mnt/ubna_data_02_mir/recover-20220922/UBNA_001/20220921_090000.WAV,Telephone Field,recover-20220922,001,1795
264.4915,264.5001,28906,37719,Eptesicus serotinus,0.008,0.022,-1,Echolocation,/mnt/ubna_data_02_mir/recover-20220922/UBNA_001/20220921_090000.WAV,Telephone Field,recover-20220922,001,1795
264.4975,264.5061,28906,37769,Eptesicus serotinus,0.009,0.022,-1,Echolocation,/mnt/ubna_data_02_mir/recover-20220922/UBNA_001/20220921_090000.WAV,Telephone Field,recover-20220922,001,1795
264.5115,264.5503,68437,82342,Rhinolophus ferrumequinum,0.024,0.024,-1,Echolocation,/mnt/ubna_data_02_mir/recover-20220922/UBNA_001/20220921_090000.WAV,Telephone Field,recover-20220922,001,1795
264.5315,264.541,25468,32727,Eptesicus serotinus,0.008,0.022,-1,Echolocation,/mnt/ubna_data_02_mir/recover-20220922/UBNA_001/20220921_090000.WAV,Telephone Field,recover-20220922,001,1795
264.5435,264.55219999999997,28046,39138,Eptesicus serotinus,0.008,0.021,-1,Echolocation,/mnt/ubna_data_02_mir/recover-20220922/UBNA_001/20220921_090000.WAV,Telephone Field,recover-20220922,001,1795
264.5575,264.5969,68437,82160,Rhinolophus ferrumequinum,0.022,0.022,-1,Echolocation,/mnt/ubna_data_02_mir/recover-20220922/UBNA_001/20220921_090000.WAV,Telephone Field,recover-20220922,001,1795
264.5585,264.5688,28906,36366,Eptesicus serotinus,0.01,0.024,-1,Echolocation,/mnt/ubna_data_02_mir/recover-20220922/UBNA_001/20220921_090000.WAV,Telephone Field,recover-20220922,001,1795
264.5655,264.6027,68437,81821,Rhinolophus ferrumequinum,0.021,0.021,-1,Echolocation,/mnt/ubna_data_02_mir/recover-20220922/UBNA_001/20220921_090000.WAV,Telephone Field,recover-20220922,001,1795
264.5945,264.6336,68437,81948,Rhinolophus ferrumequinum,0.022,0.022,-1,Echolocation,/mnt/ubna_data_02_mir/recover-20220922/UBNA_001/20220921_090000.WAV,Telephone Field,recover-20220922,001,1795
264.6035,264.644,68437,82365,Rhinolophus ferrumequinum,0.021,0.021,-1,Echolocation,/mnt/ubna_data_02_mir/recover-20220922/UBNA_001/20220921_090000.WAV,Telephone Field,recover-20220922,001,1795
264.6085,264.648,68437,82497,Rhinolophus ferrumequinum,0.021,0.021,-1,Echolocation,/mnt/ubna_data_02_mir/recover-20220922/UBNA_001/20220921_090000.WAV,Telephone Field,recover-20220922,001,1795
264.6085,264.6167,28906,37327,Eptesicus serotinus,0.006,0.021,-1,Echolocation,/mnt/ubna_data_02_mir/recover-20220922/UBNA_001/20220921_090000.WAV,Telephone Field,recover-20220922,001,1795
264.6265,264.6372,23750,30352,Nyctalus leisleri,0.009,0.023,-1,Echolocation,/mnt/ubna_data_02_mir/recover-20220922/UBNA_001/20220921_090000.WAV,Telephone Field,recover-20220922,001,1795
264.6295,264.6653,68437,82070,Rhinolophus ferrumequinum,0.023,0.023,-1,Echolocation,/mnt/ubna_data_02_mir/recover-20220922/UBNA_001/20220921_090000.WAV,Telephone Field,recover-20220922,001,1795
264.6705,264.6858,22031,26083,Nyctalus leisleri,0.018,0.031,-1,Echolocation,/mnt/ubna_data_02_mir/recover-20220922/UBNA_001/20220921_090000.WAV,Telephone Field,recover-20220922,001,1795
264.6875,264.6961,26328,35596,Eptesicus serotinus,0.006,0.022,-1,Echolocation,/mnt/ubna_data_02_mir/recover-20220922/UBNA_001/20220921_090000.WAV,Telephone Field,recover-20220922,001,1795
264.7225,264.7607,68437,82123,Rhinolophus ferrumequinum,0.024,0.024,-1,Echolocation,/mnt/ubna_data_02_mir/recover-20220922/UBNA_001/20220921_090000.WAV,Telephone Field,recover-20220922,001,1795
264.72950000000003,264.7684,68437,81794,Rhinolophus ferrumequinum,0.021,0.021,-1,Echolocation,/mnt/ubna_data_02_mir/recover-20220922/UBNA_001/20220921_090000.WAV,Telephone Field,recover-20220922,001,1795
264.7485,264.7885,68437,82133,Rhinolophus ferrumequinum,0.061,0.062,-1,Echolocation,/mnt/ubna_data_02_mir/recover-20220922/UBNA_001/20220921_090000.WAV,Telephone Field,recover-20220922,001,1795
264.7685,264.7862,20312,23425,Nyctalus leisleri,0.014,0.023,-1,Echolocation,/mnt/ubna_data_02_mir/recover-20220922/UBNA_001/20220921_090000.WAV,Telephone Field,recover-20220922,001,1795
264.7885,264.83050000000003,68437,82660,Rhinolophus ferrumequinum,0.025,0.025,-1,Echolocation,/mnt/ubna_data_02_mir/recover-20220922/UBNA_001/20220921_090000.WAV,Telephone Field,recover-20220922,001,1795
264.8125,264.8499,68437,82209,Rhinolophus ferrumequinum,0.021,0.021,-1,Echolocation,/mnt/ubna_data_02_mir/recover-20220922/UBNA_001/20220921_090000.WAV,Telephone Field,recover-20220922,001,1795
264.8295,264.8376,28046,38076,Eptesicus serotinus,0.007,0.021,-1,Echolocation,/mnt/ubna_data_02_mir/recover-20220922/UBNA_001/20220921_090000.WAV,Telephone Field,recover-20220922,001,1795
264.8505,264.863,23750,29273,Nyctalus leisleri,0.013,0.03,-1,Echolocation,/mnt/ubna_data_02_mir/recover-20220922/UBNA_001/20220921_090000.WAV,Telephone Field,recover-20220922,001,1795
264.8515,264.8943,68437,83426,Rhinolophus ferrumequinum,0.036,0.036,-1,Echolocation,/mnt/ubna_data_02_mir/recover-20220922/UBNA_001/20220921_090000.WAV,Telephone Field,recover-20220922,001,1795
264.8885,264.8963,28906,36982,Eptesicus serotinus,0.01,0.025,-1,Echolocation,/mnt/ubna_data_02_mir/recover-20220922/UBNA_001/20220921_090000.WAV,Telephone Field,recover-20220922,001,1795
264.9045,264.9418,68437,81758,Rhinolophus ferrumequinum,0.022,0.022,-1,Echolocation,/mnt/ubna_data_02_mir/recover-20220922/UBNA_001/20220921_090000.WAV,Telephone Field,recover-20220922,001,1795
264.9295,264.9403,14296,22839,Nyctalus noctula,0.013,0.023,-1,Echolocation,/mnt/ubna_data_02_mir/recover-20220922/UBNA_001/20220921_090000.WAV,Telephone Field,recover-20220922,001,1795
264.9295,264.9699,68437,82131,Rhinolophus ferrumequinum,0.021,0.021,-1,Echolocation,/mnt/ubna_data_02_mir/recover-20220922/UBNA_001/20220921_090000.WAV,Telephone Field,recover-20220922,001,1795
264.9535,264.9898,68437,81432,Rhinolophus ferrumequinum,0.024,0.024,-1,Echolocation,/mnt/ubna_data_02_mir/recover-20220922/UBNA_001/20220921_090000.WAV,Telephone Field,recover-20220922,001,1795
264.9665,265.0057,68437,82459,Rhinolophus ferrumequinum,0.029,0.029,-1,Echolocation,/mnt/ubna_data_02_mir/recover-20220922/UBNA_001/20220921_090000.WAV,Telephone Field,recover-20220922,001,1795
264.9735,265.0147,68437,82380,Rhinolophus ferrumequinum,0.028,0.028,-1,Echolocation,/mnt/ubna_data_02_mir/recover-20220922/UBNA_001/20220921_090000.WAV,Telephone Field,recover-20220922,001,1795
264.9745,264.9824,31484,39299,Barbastellus barbastellus,0.015,0.036,-1,Echolocation,/mnt/ubna_data_02_mir/recover-20220922/UBNA_001/20220921_090000.WAV,Telephone Field,recover-20220922,001,1795
264.9805,265.0223,68437,82117,Rhinolophus ferrumequinum,0.029,0.029,-1,Echolocation,/mnt/ubna_data_02_mir/recover-20220922/UBNA_001/20220921_090000.WAV,Telephone Field,recover-20220922,001,1795
265.0075,265.0166,28906,36486,Eptesicus serotinus,0.009,0.024,-1,Echolocation,/mnt/ubna_data_02_mir/recover-20220922/UBNA_001/20220921_090000.WAV,Telephone Field,recover-20220922,001,1795
265.0155,265.0374,18593,21385,Nyctalus noctula,0.019,0.037,-1,Echolocation,/mnt/ubna_data_02_mir/recover-20220922/UBNA_001/20220921_090000.WAV,Telephone Field,recover-20220922,001,1795
265.02049999999997,265.0301,28906,36373,Eptesicus serotinus,0.008,0.022,-1,Echolocation,/mnt/ubna_data_02_mir/recover-20220922/UBNA_001/20220921_090000.WAV,Telephone Field,recover-20220922,001,1795
265.0295,265.0656,68437,81423,Rhinolophus ferrumequinum,0.021,0.021,-1,Echolocation,/mnt/ubna_data_02_mir/recover-20220922/UBNA_001/20220921_090000.WAV,Telephone Field,recover-20220922,001,1795
265.0435,265.051,23750,32259,Plecotus austriacus,0.011,0.029,-1,Echolocation,/mnt/ubna_data_02_mir/recover-20220922/UBNA_001/20220921_090000.WAV,Telephone Field,recover-20220922,001,1795
265.0485,265.085,68437,81146,Rhinolophus ferrumequinum,0.032,0.033,-1,Echolocation,/mnt/ubna_data_02_mir/recover-20220922/UBNA_001/20220921_090000.WAV,Telephone Field,recover-20220922,001,1795
265.0675,265.0789,22890,26960,Nyctalus leisleri,0.012,0.021,-1,Echolocation,/mnt/ubna_data_02_mir/recover-20220922/UBNA_001/20220921_090000.WAV,Telephone Field,recover-20220922,001,1795
265.0765,265.1159,68437,81534,Rhinolophus ferrumequinum,0.021,0.021,-1,Echolocation,/mnt/ubna_data_02_mir/recover-20220922/UBNA_001/20220921_090000.WAV,Telephone Field,recover-20220922,001,1795
265.0795,265.0919,50390,54845,Pipistrellus pipistrellus,0.044,0.068,-1,Echolocation,/mnt/ubna_data_02_mir/recover-20220922/UBNA_001/20220921_090000.WAV,Telephone Field,recover-20220922,001,1795
265.0875,265.1258,68437,82163,Rhinolophus ferrumequinum,0.021,0.021,-1,Echolocation,/mnt/ubna_data_02_mir/recover-20220922/UBNA_001/20220921_090000.WAV,Telephone Field,recover-20220922,001,1795
265.1215,265.1557,68437,80964,Rhinolophus ferrumequinum,0.034,0.034,-1,Echolocation,/mnt/ubna_data_02_mir/recover-20220922/UBNA_001/20220921_090000.WAV,Telephone Field,recover-20220922,001,1795
265.1295,265.1665,68437,81898,Rhinolophus ferrumequinum,0.028,0.028,-1,Echolocation,/mnt/ubna_data_02_mir/recover-20220922/UBNA_001/20220921_090000.WAV,Telephone Field,recover-20220922,001,1795
265.1655,265.2025,68437,81579,Rhinolophus ferrumequinum,0.023,0.023,-1,Echolocation,/mnt/ubna_data_02_mir/recover-20220922/UBNA_001/20220921_090000.WAV,Telephone Field,recover-20220922,001,1795
265.1745,265.213,68437,82077,Rhinolophus ferrumequinum,0.022,0.022,-1,Echolocation,/mnt/ubna_data_02_mir/recover-20220922/UBNA_001/20220921_090000.WAV,Telephone Field,recover-20220922,001,1795
265.1875,265.228,68437,82363,Rhinolophus ferrumequinum,0.031,0.031,-1,Echolocation,/mnt/ubna_data_02_mir/recover-20220922/UBNA_001/20220921_090000.WAV,Telephone Field,recover-20220922,001,1795
265.2135,265.2222,27187,37521,Eptesicus serotinus,0.007,0.022,-1,Echolocation,/mnt/ubna_data_02_mir/recover-20220922/UBNA_001/20220921_090000.WAV,Telephone Field,recover-20220922,001,1795
265.2375,265.2459,49531,53732,Pipistrellus pipistrellus,0.02,0.022,-1,Echolocation,/mnt/ubna_data_02_mir/recover-20220922/UBNA_001/20220921_090000.WAV,Telephone Field,recover-20220922,001,1795
265.2395,265.2482,28906,37161,Eptesicus serotinus,0.007,0.022,-1,Echolocation,/mnt/ubna_data_02_mir/recover-20220922/UBNA_001/20220921_090000.WAV,Telephone Field,recover-20220922,001,1795
265.2395,265.2761,68437,81173,Rhinolophus ferrumequinum,0.021,0.021,-1,Echolocation,/mnt/ubna_data_02_mir/recover-20220922/UBNA_001/20220921_090000.WAV,Telephone Field,recover-20220922,001,1795
265.2655,265.3071,68437,82571,Rhinolophus ferrumequinum,0.032,0.032,-1,Echolocation,/mnt/ubna_data_02_mir/recover-20220922/UBNA_001/20220921_090000.WAV,Telephone Field,recover-20220922,001,1795
265.2865,265.3238,68437,81759,Rhinolophus ferrumequinum,0.021,0.021,-1,Echolocation,/mnt/ubna_data_02_mir/recover-20220922/UBNA_001/20220921_090000.WAV,Telephone Field,recover-20220922,001,1795
265.2995,265.307,27187,35525,Eptesicus serotinus,0.009,0.026,-1,Echolocation,/mnt/ubna_data_02_mir/recover-20220922/UBNA_001/20220921_090000.WAV,Telephone Field,recover-20220922,001,1795
265.3145,265.3538,68437,81852,Rhinolophus ferrumequinum,0.027,0.027,-1,Echolocation,/mnt/ubna_data_02_mir/recover-20220922/UBNA_001/20220921_090000.WAV,Telephone Field,recover-20220922,001,1795
265.3225,265.3368,22890,26636,Nyctalus leisleri,0.02,0.034,-1,Echolocation,/mnt/ubna_data_02_mir/recover-20220922/UBNA_001/20220921_090000.WAV,Telephone Field,recover-20220922,001,1795
265.3295,265.3684,68437,82248,Rhinolophus ferrumequinum,0.026,0.026,-1,Echolocation,/mnt/ubna_data_02_mir/recover-20220922/UBNA_001/20220921_090000.WAV,Telephone Field,recover-20220922,001,1795
265.3615,265.3987,68437,81501,Rhinolophus ferrumequinum,0.026,0.027,-1,Echolocation,/mnt/ubna_data_02_mir/recover-20220922/UBNA_001/20220921_090000.WAV,Telephone Field,recover-20220922,001,1795
265.3775,265.4097,68437,80656,Rhinolophus ferrumequinum,0.022,0.022,-1,Echolocation,/mnt/ubna_data_02_mir/recover-20220922/UBNA_001/20220921_090000.WAV,Telephone Field,recover-20220922,001,1795
265.3865,265.3937,23750,32570,Plecotus austriacus,0.01,0.022,-1,Echolocation,/mnt/ubna_data_02_mir/recover-20220922/UBNA_001/20220921_090000.WAV,Telephone Field,recover-20220922,001,1795
265.3865,265.3932,48671,57374,Pipistrellus pipistrellus,0.026,0.03,-1,Echolocation,/mnt/ubna_data_02_mir/recover-20220922/UBNA_001/20220921_090000.WAV,Telephone Field,recover-20220922,001,1795
265.4035,265.4386,68437,81235,Rhinolophus ferrumequinum,0.021,0.021,-1,Echolocation,/mnt/ubna_data_02_mir/recover-20220922/UBNA_001/20220921_090000.WAV,Telephone Field,recover-20220922,001,1795
265.4065,265.4138,28906,38221,Eptesicus serotinus,0.007,0.026,-1,Echolocation,/mnt/ubna_data_02_mir/recover-20220922/UBNA_001/20220921_090000.WAV,Telephone Field,recover-20220922,001,1795
265.4225,265.4596,68437,81526,Rhinolophus ferrumequinum,0.023,0.023,-1,Echolocation,/mnt/ubna_data_02_mir/recover-20220922/UBNA_001/20220921_090000.WAV,Telephone Field,recover-20220922,001,1795
265.4305,265.466,68437,81553,Rhinolophus ferrumequinum,0.021,0.021,-1,Echolocation,/mnt/ubna_data_02_mir/recover-20220922/UBNA_001/20220921_090000.WAV,Telephone Field,recover-20220922,001,1795
265.4625,265.5023,68437,82084,Rhinolophus ferrumequinum,0.035,0.035,-1,Echolocation,/mnt/ubna_data_02_mir/recover-20220922/UBNA_001/20220921_090000.WAV,Telephone Field,recover-20220922,001,1795
265.4895,265.4968,28906,38112,Eptesicus serotinus,0.006,0.021,-1,Echolocation,/mnt/ubna_data_02_mir/recover-20220922/UBNA_001/20220921_090000.WAV,Telephone Field,recover-20220922,001,1795
265.5095,265.5237,22031,25883,Nyctalus leisleri,0.021,0.033,-1,Echolocation,/mnt/ubna_data_02_mir/recover-20220922/UBNA_001/20220921_090000.WAV,Telephone Field,recover-20220922,001,1795
265.5105,265.5493,68437,82130,Rhinolophus ferrumequinum,0.021,0.021,-1,Echolocation,/mnt/ubna_data_02_mir/recover-20220922/UBNA_001/20220921_090000.WAV,Telephone Field,recover-20220922,001,1795
265.5185,265.5555,68437,81890,Rhinolophus ferrumequinum,0.021,0.021,-1,Echolocation,/mnt/ubna_data_02_mir/recover-20220922/UBNA_001/20220921_090000.WAV,Telephone Field,recover-20220922,001,1795
265.5255,265.5623,68437,82045,Rhinolophus ferrumequinum,0.021,0.021,-1,Echolocation,/mnt/ubna_data_02_mir/recover-20220922/UBNA_001/20220921_090000.WAV,Telephone Field,recover-20220922,001,1795
265.5435,265.5801,68437,82112,Rhinolophus ferrumequinum,0.021,0.021,-1,Echolocation,/mnt/ubna_data_02_mir/recover-20220922/UBNA_001/20220921_090000.WAV,Telephone Field,recover-20220922,001,1795
265.5535,265.5646,28906,36642,Eptesicus serotinus,0.012,0.026,-1,Echolocation,/mnt/ubna_data_02_mir/recover-20220922/UBNA_001/20220921_090000.WAV,Telephone Field,recover-20220922,001,1795
265.5585,265.59680000000003,68437,81900,Rhinolophus ferrumequinum,0.024,0.024,-1,Echolocation,/mnt/ubna_data_02_mir/recover-20220922/UBNA_001/20220921_090000.WAV,Telephone Field,recover-20220922,001,1795
265.6015,265.6415,68437,82844,Rhinolophus ferrumequinum,0.028,0.028,-1,Echolocation,/mnt/ubna_data_02_mir/recover-20220922/UBNA_001/20220921_090000.WAV,Telephone Field,recover-20220922,001,1795
265.6325,265.6428,22890,28777,Nyctalus leisleri,0.011,0.026,-1,Echolocation,/mnt/ubna_data_02_mir/recover-20220922/UBNA_001/20220921_090000.WAV,Telephone Field,recover-20220922,001,1795
265.6335,265.6729,68437,81995,Rhinolophus ferrumequinum,0.025,0.025,-1,Echolocation,/mnt/ubna_data_02_mir/recover-20220922/UBNA_001/20220921_090000.WAV,Telephone Field,recover-20220922,001,1795
265.6405,265.6785,68437,80901,Rhinolophus ferrumequinum,0.028,0.028,-1,Echolocation,/mnt/ubna_data_02_mir/recover-20220922/UBNA_001/20220921_090000.WAV,Telephone Field,recover-20220922,001,1795
265.6805,265.7221,68437,82803,Rhinolophus ferrumequinum,0.03,0.03,-1,Echolocation,/mnt/ubna_data_02_mir/recover-20220922/UBNA_001/20220921_090000.WAV,Telephone Field,recover-20220922,001,1795
265.7005,265.7401,68437,82356,Rhinolophus ferrumequinum,0.022,0.022,-1,Echolocation,/mnt/ubna_data_02_mir/recover-20220922/UBNA_001/20220921_090000.WAV,Telephone Field,recover-20220922,001,1795
265.7215,265.7601,68437,82094,Rhinolophus ferrumequinum,0.023,0.023,-1,Echolocation,/mnt/ubna_data_02_mir/recover-20220922/UBNA_001/20220921_090000.WAV,Telephone Field,recover-20220922,001,1795
265.7345,265.7741,68437,82156,Rhinolophus ferrumequinum,0.023,0.023,-1,Echolocation,/mnt/ubna_data_02_mir/recover-20220922/UBNA_001/20220921_090000.WAV,Telephone Field,recover-20220922,001,1795
265.7645,265.8062,68437,82690,Rhinolophus ferrumequinum,0.025,0.025,-1,Echolocation,/mnt/ubna_data_02_mir/recover-20220922/UBNA_001/20220921_090000.WAV,Telephone Field,recover-20220922,001,1795
265.7785,265.7936,27187,33069,Eptesicus serotinus,0.031,0.053,-1,Echolocation,/mnt/ubna_data_02_mir/recover-20220922/UBNA_001/20220921_090000.WAV,Telephone Field,recover-20220922,001,1795
265.7825,265.8212,68437,81828,Rhinolophus ferrumequinum,0.025,0.025,-1,Echolocation,/mnt/ubna_data_02_mir/recover-20220922/UBNA_001/20220921_090000.WAV,Telephone Field,recover-20220922,001,1795
265.8035,265.8439,68437,83190,Rhinolophus ferrumequinum,0.028,0.028,-1,Echolocation,/mnt/ubna_data_02_mir/recover-20220922/UBNA_001/20220921_090000.WAV,Telephone Field,recover-20220922,001,1795
265.8235,265.8609,68437,81593,Rhinolophus ferrumequinum,0.022,0.022,-1,Echolocation,/mnt/ubna_data_02_mir/recover-20220922/UBNA_001/20220921_090000.WAV,Telephone Field,recover-20220922,001,1795
265.8345,265.8768,68437,82950,Rhinolophus ferrumequinum,0.042,0.042,-1,Echolocation,/mnt/ubna_data_02_mir/recover-20220922/UBNA_001/20220921_090000.WAV,Telephone Field,recover-20220922,001,1795
265.8345,265.8422,46953,51069,Pipistrellus pipistrellus,0.028,0.029,-1,Echolocation,/mnt/ubna_data_02_mir/recover-20220922/UBNA_001/20220921_090000.WAV,Telephone Field,recover-20220922,001,1795
265.8585,265.8715,14296,19826,Nyctalus noctula,0.014,0.022,-1,Echolocation,/mnt/ubna_data_02_mir/recover-20220922/UBNA_001/20220921_090000.WAV,Telephone Field,recover-20220922,001,1795
265.8695,265.9068,68437,81395,Rhinolophus ferrumequinum,0.021,0.021,-1,Echolocation,/mnt/ubna_data_02_mir/recover-20220922/UBNA_001/20220921_090000.WAV,Telephone Field,recover-20220922,001,1795
265.8915,265.9289,68437,82066,Rhinolophus ferrumequinum,0.026,0.026,-1,Echolocation,/mnt/ubna_data_02_mir/recover-20220922/UBNA_001/20220921_090000.WAV,Telephone Field,recover-20220922,001,1795
265.8945,265.9049,28906,35855,Eptesicus serotinus,0.015,0.029,-1,Echolocation,/mnt/ubna_data_02_mir/recover-20220922/UBNA_001/20220921_090000.WAV,Telephone Field,recover-20220922,001,1795
265.9215,265.9597,68437,81529,Rhinolophus ferrumequinum,0.026,0.026,-1,Echolocation,/mnt/ubna_data_02_mir/recover-20220922/UBNA_001/20220921_090000.WAV,Telephone Field,recover-20220922,001,1795
265.9325,265.9733,68437,82257,Rhinolophus ferrumequinum,0.025,0.025,-1,Echolocation,/mnt/ubna_data_02_mir/recover-20220922/UBNA_001/20220921_090000.WAV,Telephone Field,recover-20220922,001,1795
265.9585,265.9991,68437,82475,Rhinolophus ferrumequinum,0.021,0.021,-1,Echolocation,/mnt/ubna_data_02_mir/recover-20220922/UBNA_001/20220921_090000.WAV,Telephone Field,recover-20220922,001,1795
266.0015,266.0347,68437,79632,Rhinolophus ferrumequinum,0.025,0.025,-1,Echolocation,/mnt/ubna_data_02_mir/recover-20220922/UBNA_001/20220921_090000.WAV,Telephone Field,recover-20220922,001,1795
266.0015,266.0153,21171,25693,Nyctalus leisleri,0.018,0.038,-1,Echolocation,/mnt/ubna_data_02_mir/recover-20220922/UBNA_001/20220921_090000.WAV,Telephone Field,recover-20220922,001,1795
266.0075,266.048,68437,81504,Rhinolophus ferrumequinum,0.022,0.022,-1,Echolocation,/mnt/ubna_data_02_mir/recover-20220922/UBNA_001/20220921_090000.WAV,Telephone Field,recover-20220922,001,1795
266.0155,266.0556,68437,83009,Rhinolophus ferrumequinum,0.021,0.021,-1,Echolocation,/mnt/ubna_data_02_mir/recover-20220922/UBNA_001/20220921_090000.WAV,Telephone Field,recover-20220922,001,1795
266.0385,266.0815,68437,83089,Rhinolophus ferrumequinum,0.027,0.027,-1,Echolocation,/mnt/ubna_data_02_mir/recover-20220922/UBNA_001/20220921_090000.WAV,Telephone Field,recover-20220922,001,1795
266.0665,266.0765,22031,27659,Nyctalus leisleri,0.01,0.024,-1,Echolocation,/mnt/ubna_data_02_mir/recover-20220922/UBNA_001/20220921_090000.WAV,Telephone Field,recover-20220922,001,1795
266.0795,266.1203,68437,82676,Rhinolophus ferrumequinum,0.025,0.025,-1,Echolocation,/mnt/ubna_data_02_mir/recover-20220922/UBNA_001/20220921_090000.WAV,Telephone Field,recover-20220922,001,1795
266.0885,266.1258,68437,81537,Rhinolophus ferrumequinum,0.022,0.022,-1,Echolocation,/mnt/ubna_data_02_mir/recover-20220922/UBNA_001/20220921_090000.WAV,Telephone Field,recover-20220922,001,1795
266.1055,266.1444,68437,82032,Rhinolophus ferrumequinum,0.023,0.023,-1,Echolocation,/mnt/ubna_data_02_mir/recover-20220922/UBNA_001/20220921_090000.WAV,Telephone Field,recover-20220922,001,1795
266.1185,266.1271,46953,50369,Pipistrellus pipistrellus,0.026,0.029,-1,Echolocation,/mnt/ubna_data_02_mir/recover-20220922/UBNA_001/20220921_090000.WAV,Telephone Field,recover-20220922,001,1795
266.1355,266.1765,68437,82398,Rhinolophus ferrumequinum,0.022,0.022,-1,Echolocation,/mnt/ubna_data_02_mir/recover-20220922/UBNA_001/20220921_090000.WAV,Telephone Field,recover-20220922,001,1795
266.1615,266.2023,68437,82348,Rhinolophus ferrumequinum,0.022,0.022,-1,Echolocation,/mnt/ubna_data_02_mir/recover-20220922/UBNA_001/20220921_090000.WAV,Telephone Field,recover-20220922,001,1795
266.2085,266.2463,68437,81983,Rhinolophus ferrumequinum,0.022,0.022,-1,Echolocation,/mnt/ubna_data_02_mir/recover-20220922/UBNA_001/20220921_090000.WAV,Telephone Field,recover-20220922,001,1795
266.2485,266.2555,28046,37683,Eptesicus serotinus,0.006,0.022,-1,Echolocation,/mnt/ubna_data_02_mir/recover-20220922/UBNA_001/20220921_090000.WAV,Telephone Field,recover-20220922,001,1795
266.2725,266.3165,68437,82992,Rhinolophus ferrumequinum,0.045,0.045,-1,Echolocation,/mnt/ubna_data_02_mir/recover-20220922/UBNA_001/20220921_090000.WAV,Telephone Field,recover-20220922,001,1795
266.2795,266.2972,16015,21084,Nyctalus noctula,0.019,0.026,-1,Echolocation,/mnt/ubna_data_02_mir/recover-20220922/UBNA_001/20220921_090000.WAV,Telephone Field,recover-20220922,001,1795
266.3045,266.3463,68437,82736,Rhinolophus ferrumequinum,0.029,0.029,-1,Echolocation,/mnt/ubna_data_02_mir/recover-20220922/UBNA_001/20220921_090000.WAV,Telephone Field,recover-20220922,001,1795
266.3105,266.3507,68437,82212,Rhinolophus ferrumequinum,0.025,0.025,-1,Echolocation,/mnt/ubna_data_02_mir/recover-20220922/UBNA_001/20220921_090000.WAV,Telephone Field,recover-20220922,001,1795
266.3225,266.3335,28906,34669,Eptesicus serotinus,0.058,0.098,-1,Echolocation,/mnt/ubna_data_02_mir/recover-20220922/UBNA_001/20220921_090000.WAV,Telephone Field,recover-20220922,001,1795
266.3925,266.4025,28906,35864,Eptesicus serotinus,0.009,0.023,-1,Echolocation,/mnt/ubna_data_02_mir/recover-20220922/UBNA_001/20220921_090000.WAV,Telephone Field,recover-20220922,001,1795
266.4055,266.4528,68437,83444,Rhinolophus ferrumequinum,0.043,0.043,-1,Echolocation,/mnt/ubna_data_02_mir/recover-20220922/UBNA_001/20220921_090000.WAV,Telephone Field,recover-20220922,001,1795
266.4265,266.4616,68437,81438,Rhinolophus ferrumequinum,0.021,0.021,-1,Echolocation,/mnt/ubna_data_02_mir/recover-20220922/UBNA_001/20220921_090000.WAV,Telephone Field,recover-20220922,001,1795
266.4575,266.4642,26328,35415,Eptesicus serotinus,0.006,0.023,-1,Echolocation,/mnt/ubna_data_02_mir/recover-20220922/UBNA_001/20220921_090000.WAV,Telephone Field,recover-20220922,001,1795
266.4875,266.5264,68437,82298,Rhinolophus ferrumequinum,0.021,0.021,-1,Echolocation,/mnt/ubna_data_02_mir/recover-20220922/UBNA_001/20220921_090000.WAV,Telephone Field,recover-20220922,001,1795
266.5255,266.5356,22031,27483,Nyctalus leisleri,0.01,0.025,-1,Echolocation,/mnt/ubna_data_02_mir/recover-20220922/UBNA_001/20220921_090000.WAV,Telephone Field,recover-20220922,001,1795
266.5305,266.5711,68437,82206,Rhinolophus ferrumequinum,0.022,0.022,-1,Echolocation,/mnt/ubna_data_02_mir/recover-20220922/UBNA_001/20220921_090000.WAV,Telephone Field,recover-20220922,001,1795
266.5405,266.5603,21171,24647,Nyctalus leisleri,0.024,0.046,-1,Echolocation,/mnt/ubna_data_02_mir/recover-20220922/UBNA_001/20220921_090000.WAV,Telephone Field,recover-20220922,001,1795
266.5795,266.5872,26328,35341,Eptesicus serotinus,0.008,0.026,-1,Echolocation,/mnt/ubna_data_02_mir/recover-20220922/UBNA_001/20220921_090000.WAV,Telephone Field,recover-20220922,001,1795
266.5865,266.6254,68437,81435,Rhinolophus ferrumequinum,0.021,0.021,-1,Echolocation,/mnt/ubna_data_02_mir/recover-20220922/UBNA_001/20220921_090000.WAV,Telephone Field,recover-20220922,001,1795
266.6025,266.6427,68437,82098,Rhinolophus ferrumequinum,0.021,0.021,-1,Echolocation,/mnt/ubna_data_02_mir/recover-20220922/UBNA_001/20220921_090000.WAV,Telephone Field,recover-20220922,001,1795
266.6255,266.6663,68437,82954,Rhinolophus ferrumequinum,0.024,0.024,-1,Echolocation,/mnt/ubna_data_02_mir/recover-20220922/UBNA_001/20220921_090000.WAV,Telephone Field,recover-20220922,001,1795
266.6645,266.7048,68437,82947,Rhinolophus ferrumequinum,0.022,0.022,-1,Echolocation,/mnt/ubna_data_02_mir/recover-20220922/UBNA_001/20220921_090000.WAV,Telephone Field,recover-20220922,001,1795
266.6765,266.72090000000003,68437,83356,Rhinolophus ferrumequinum,0.029,0.029,-1,Echolocation,/mnt/ubna_data_02_mir/recover-20220922/UBNA_001/20220921_090000.WAV,Telephone Field,recover-20220922,001,1795
266.6875,266.7269,68437,82666,Rhinolophus ferrumequinum,0.022,0.022,-1,Echolocation,/mnt/ubna_data_02_mir/recover-20220922/UBNA_001/20220921_090000.WAV,Telephone Field,recover-20220922,001,1795
266.6955,266.7378,68437,82867,Rhinolophus ferrumequinum,0.025,0.025,-1,Echolocation,/mnt/ubna_data_02_mir/recover-20220922/UBNA_001/20220921_090000.WAV,Telephone Field,recover-20220922,001,1795
266.7035,266.7453,68437,82955,Rhinolophus ferrumequinum,0.029,0.029,-1,Echolocation,/mnt/ubna_data_02_mir/recover-20220922/UBNA_001/20220921_090000.WAV,Telephone Field,recover-20220922,001,1795
266.7375,266.7769,68437,82608,Rhinolophus ferrumequinum,0.023,0.023,-1,Echolocation,/mnt/ubna_data_02_mir/recover-20220922/UBNA_001/20220921_090000.WAV,Telephone Field,recover-20220922,001,1795
266.7455,266.757,27187,33554,Eptesicus serotinus,0.011,0.024,-1,Echolocation,/mnt/ubna_data_02_mir/recover-20220922/UBNA_001/20220921_090000.WAV,Telephone Field,recover-20220922,001,1795
266.7765,266.8173,68437,82677,Rhinolophus ferrumequinum,0.027,0.028,-1,Echolocation,/mnt/ubna_data_02_mir/recover-20220922/UBNA_001/20220921_090000.WAV,Telephone Field,recover-20220922,001,1795
266.7865,266.7963,28046,36476,Eptesicus serotinus,0.01,0.024,-1,Echolocation,/mnt/ubna_data_02_mir/recover-20220922/UBNA_001/20220921_090000.WAV,Telephone Field,recover-20220922,001,1795
266.8295,266.841,28906,34839,Eptesicus serotinus,0.012,0.026,-1,Echolocation,/mnt/ubna_data_02_mir/recover-20220922/UBNA_001/20220921_090000.WAV,Telephone Field,recover-20220922,001,1795
266.8315,266.8694,68437,81592,Rhinolophus ferrumequinum,0.021,0.021,-1,Echolocation,/mnt/ubna_data_02_mir/recover-20220922/UBNA_001/20220921_090000.WAV,Telephone Field,recover-20220922,001,1795
266.8505,266.8612,22890,27479,Nyctalus leisleri,0.015,0.027,-1,Echolocation,/mnt/ubna_data_02_mir/recover-20220922/UBNA_001/20220921_090000.WAV,Telephone Field,recover-20220922,001,1795
266.8615,266.8989,68437,81894,Rhinolophus ferrumequinum,0.03,0.03,-1,Echolocation,/mnt/ubna_data_02_mir/recover-20220922/UBNA_001/20220921_090000.WAV,Telephone Field,recover-20220922,001,1795
266.8965,266.909,23750,29234,Nyctalus leisleri,0.01,0.022,-1,Echolocation,/mnt/ubna_data_02_mir/recover-20220922/UBNA_001/20220921_090000.WAV,Telephone Field,recover-20220922,001,1795
266.9515,266.9579,25468,38669,Plecotus austriacus,0.006,0.024,-1,Echolocation,/mnt/ubna_data_02_mir/recover-20220922/UBNA_001/20220921_090000.WAV,Telephone Field,recover-20220922,001,1795
266.9675,267.0084,68437,82808,Rhinolophus ferrumequinum,0.027,0.027,-1,Echolocation,/mnt/ubna_data_02_mir/recover-20220922/UBNA_001/20220921_090000.WAV,Telephone Field,recover-20220922,001,1795
266.9705,266.9824,23750,28919,Nyctalus leisleri,0.042,0.108,-1,Echolocation,/mnt/ubna_data_02_mir/recover-20220922/UBNA_001/20220921_090000.WAV,Telephone Field,recover-20220922,001,1795
266.9965,267.035,68437,82149,Rhinolophus ferrumequinum,0.021,0.021,-1,Echolocation,/mnt/ubna_data_02_mir/recover-20220922/UBNA_001/20220921_090000.WAV,Telephone Field,recover-20220922,001,1795
267.0365,267.0757,68437,82037,Rhinolophus ferrumequinum,0.022,0.022,-1,Echolocation,/mnt/ubna_data_02_mir/recover-20220922/UBNA_001/20220921_090000.WAV,Telephone Field,recover-20220922,001,1795
267.0435,267.0561,24609,30246,Nyctalus leisleri,0.01,0.024,-1,Echolocation,/mnt/ubna_data_02_mir/recover-20220922/UBNA_001/20220921_090000.WAV,Telephone Field,recover-20220922,001,1795
267.0785,267.0872,23750,30985,Plecotus austriacus,0.008,0.021,-1,Echolocation,/mnt/ubna_data_02_mir/recover-20220922/UBNA_001/20220921_090000.WAV,Telephone Field,recover-20220922,001,1795
267.0835,267.1216,68437,82209,Rhinolophus ferrumequinum,0.024,0.024,-1,Echolocation,/mnt/ubna_data_02_mir/recover-20220922/UBNA_001/20220921_090000.WAV,Telephone Field,recover-20220922,001,1795
267.0905,267.0982,28046,40698,Eptesicus serotinus,0.007,0.021,-1,Echolocation,/mnt/ubna_data_02_mir/recover-20220922/UBNA_001/20220921_090000.WAV,Telephone Field,recover-20220922,001,1795
267.0965,267.1333,68437,81937,Rhinolophus ferrumequinum,0.022,0.022,-1,Echolocation,/mnt/ubna_data_02_mir/recover-20220922/UBNA_001/20220921_090000.WAV,Telephone Field,recover-20220922,001,1795
267.1475,267.1555,27187,37088,Eptesicus serotinus,0.006,0.021,-1,Echolocation,/mnt/ubna_data_02_mir/recover-20220922/UBNA_001/20220921_090000.WAV,Telephone Field,recover-20220922,001,1795
267.1485,267.1842,68437,81774,Rhinolophus ferrumequinum,0.021,0.021,-1,Echolocation,/mnt/ubna_data_02_mir/recover-20220922/UBNA_001/20220921_090000.WAV,Telephone Field,recover-20220922,001,1795
267.1675,267.1784,22890,27717,Nyctalus leisleri,0.011,0.022,-1,Echolocation,/mnt/ubna_data_02_mir/recover-20220922/UBNA_001/20220921_090000.WAV,Telephone Field,recover-20220922,001,1795
267.1705,267.1817,43515,47538,Pipistrellus pipistrellus,0.016,0.023,-1,Echolocation,/mnt/ubna_data_02_mir/recover-20220922/UBNA_001/20220921_090000.WAV,Telephone Field,recover-20220922,001,1795
267.1775,267.1839,28906,39576,Eptesicus serotinus,0.008,0.032,-1,Echolocation,/mnt/ubna_data_02_mir/recover-20220922/UBNA_001/20220921_090000.WAV,Telephone Field,recover-20220922,001,1795
267.2015,267.239,68437,81692,Rhinolophus ferrumequinum,0.022,0.022,-1,Echolocation,/mnt/ubna_data_02_mir/recover-20220922/UBNA_001/20220921_090000.WAV,Telephone Field,recover-20220922,001,1795
267.2225,267.261,68437,82074,Rhinolophus ferrumequinum,0.022,0.022,-1,Echolocation,/mnt/ubna_data_02_mir/recover-20220922/UBNA_001/20220921_090000.WAV,Telephone Field,recover-20220922,001,1795
267.2695,267.3095,68437,82488,Rhinolophus ferrumequinum,0.028,0.028,-1,Echolocation,/mnt/ubna_data_02_mir/recover-20220922/UBNA_001/20220921_090000.WAV,Telephone Field,recover-20220922,001,1795
267.2835,267.3246,68437,83030,Rhinolophus ferrumequinum,0.027,0.027,-1,Echolocation,/mnt/ubna_data_02_mir/recover-20220922/UBNA_001/20220921_090000.WAV,Telephone Field,recover-20220922,001,1795
267.33050000000003,267.3721,68437,82645,Rhinolophus ferrumequinum,0.026,0.026,-1,Echolocation,/mnt/ubna_data_02_mir/recover-20220922/UBNA_001/20220921_090000.WAV,Telephone Field,recover-20220922,001,1795
267.3615,267.3698,27187,38910,Eptesicus serotinus,0.007,0.021,-1,Echolocation,/mnt/ubna_data_02_mir/recover-20220922/UBNA_001/20220921_090000.WAV,Telephone Field,recover-20220922,001,1795
267.3785,267.387,28906,37281,Eptesicus serotinus,0.007,0.022,-1,Echolocation,/mnt/ubna_data_02_mir/recover-20220922/UBNA_001/20220921_090000.WAV,Telephone Field,recover-20220922,001,1795
267.3855,267.4056,18593,21700,Nyctalus noctula,0.014,0.026,-1,Echolocation,/mnt/ubna_data_02_mir/recover-20220922/UBNA_001/20220921_090000.WAV,Telephone Field,recover-20220922,001,1795
267.4035,267.4381,68437,81435,Rhinolophus ferrumequinum,0.024,0.024,-1,Echolocation,/mnt/ubna_data_02_mir/recover-20220922/UBNA_001/20220921_090000.WAV,Telephone Field,recover-20220922,001,1795
267.4655,267.5016,68437,82132,Rhinolophus ferrumequinum,0.031,0.031,-1,Echolocation,/mnt/ubna_data_02_mir/recover-20220922/UBNA_001/20220921_090000.WAV,Telephone Field,recover-20220922,001,1795
267.5025,267.5409,68437,82320,Rhinolophus ferrumequinum,0.022,0.022,-1,Echolocation,/mnt/ubna_data_02_mir/recover-20220922/UBNA_001/20220921_090000.WAV,Telephone Field,recover-20220922,001,1795
267.5055,267.5134,28046,40018,Eptesicus serotinus,0.007,0.021,-1,Echolocation,/mnt/ubna_data_02_mir/recover-20220922/UBNA_001/20220921_090000.WAV,Telephone Field,recover-20220922,001,1795
267.5145,267.5503,68437,80722,Rhinolophus ferrumequinum,0.023,0.023,-1,Echolocation,/mnt/ubna_data_02_mir/recover-20220922/UBNA_001/20220921_090000.WAV,Telephone Field,recover-20220922,001,1795
267.5335,267.5714,68437,81916,Rhinolophus ferrumequinum,0.022,0.022,-1,Echolocation,/mnt/ubna_data_02_mir/recover-20220922/UBNA_001/20220921_090000.WAV,Telephone Field,recover-20220922,001,1795
267.5475,267.592,68437,83741,Rhinolophus ferrumequinum,0.038,0.038,-1,Echolocation,/mnt/ubna_data_02_mir/recover-20220922/UBNA_001/20220921_090000.WAV,Telephone Field,recover-20220922,001,1795
267.5835,267.5925,28046,36922,Eptesicus serotinus,0.008,0.022,-1,Echolocation,/mnt/ubna_data_02_mir/recover-20220922/UBNA_001/20220921_090000.WAV,Telephone Field,recover-20220922,001,1795
267.5985,267.64,68437,82987,Rhinolophus ferrumequinum,0.032,0.032,-1,Echolocation,/mnt/ubna_data_02_mir/recover-20220922/UBNA_001/20220921_090000.WAV,Telephone Field,recover-20220922,001,1795
267.6135,267.6231,28046,36754,Eptesicus serotinus,0.009,0.022,-1,Echolocation,/mnt/ubna_data_02_mir/recover-20220922/UBNA_001/20220921_090000.WAV,Telephone Field,recover-20220922,001,1795
267.6365,267.6492,22890,27171,Nyctalus leisleri,0.017,0.028,-1,Echolocation,/mnt/ubna_data_02_mir/recover-20220922/UBNA_001/20220921_090000.WAV,Telephone Field,recover-20220922,001,1795
267.6415,267.6755,68437,81143,Rhinolophus ferrumequinum,0.022,0.022,-1,Echolocation,/mnt/ubna_data_02_mir/recover-20220922/UBNA_001/20220921_090000.WAV,Telephone Field,recover-20220922,001,1795
267.6505,267.6883,68437,81925,Rhinolophus ferrumequinum,0.022,0.022,-1,Echolocation,/mnt/ubna_data_02_mir/recover-20220922/UBNA_001/20220921_090000.WAV,Telephone Field,recover-20220922,001,1795
267.6555,267.6648,28046,37700,Eptesicus serotinus,0.008,0.021,-1,Echolocation,/mnt/ubna_data_02_mir/recover-20220922/UBNA_001/20220921_090000.WAV,Telephone Field,recover-20220922,001,1795
267.6965,267.7329,68437,81383,Rhinolophus ferrumequinum,0.022,0.022,-1,Echolocation,/mnt/ubna_data_02_mir/recover-20220922/UBNA_001/20220921_090000.WAV,Telephone Field,recover-20220922,001,1795
267.7135,267.7495,68437,81829,Rhinolophus ferrumequinum,0.022,0.022,-1,Echolocation,/mnt/ubna_data_02_mir/recover-20220922/UBNA_001/20220921_090000.WAV,Telephone Field,recover-20220922,001,1795
267.7265,267.7359,27187,36294,Eptesicus serotinus,0.008,0.023,-1,Echolocation,/mnt/ubna_data_02_mir/recover-20220922/UBNA_001/20220921_090000.WAV,Telephone Field,recover-20220922,001,1795
267.7635,267.8035,68437,82492,Rhinolophus ferrumequinum,0.021,0.021,-1,Echolocation,/mnt/ubna_data_02_mir/recover-20220922/UBNA_001/20220921_090000.WAV,Telephone Field,recover-20220922,001,1795
267.8685,267.8783,22031,27774,Nyctalus leisleri,0.008,0.021,-1,Echolocation,/mnt/ubna_data_02_mir/recover-20220922/UBNA_001/20220921_090000.WAV,Telephone Field,recover-20220922,001,1795
267.8895,267.9323,68437,83225,Rhinolophus ferrumequinum,0.04,0.04,-1,Echolocation,/mnt/ubna_data_02_mir/recover-20220922/UBNA_001/20220921_090000.WAV,Telephone Field,recover-20220922,001,1795
267.9025,267.9147,33203,37851,Eptesicus serotinus,0.007,0.025,-1,Echolocation,/mnt/ubna_data_02_mir/recover-20220922/UBNA_001/20220921_090000.WAV,Telephone Field,recover-20220922,001,1795
267.9515,267.9917,68437,81950,Rhinolophus ferrumequinum,0.023,0.023,-1,Echolocation,/mnt/ubna_data_02_mir/recover-20220922/UBNA_001/20220921_090000.WAV,Telephone Field,recover-20220922,001,1795
268.0015,268.0352,68437,80202,Rhinolophus ferrumequinum,0.052,0.052,-1,Echolocation,/mnt/ubna_data_02_mir/recover-20220922/UBNA_001/20220921_090000.WAV,Telephone Field,recover-20220922,001,1795
268.0015,268.013,22031,27204,Nyctalus leisleri,0.011,0.027,-1,Echolocation,/mnt/ubna_data_02_mir/recover-20220922/UBNA_001/20220921_090000.WAV,Telephone Field,recover-20220922,001,1795
268.0015,268.0083,46093,51743,Pipistrellus pipistrellus,0.019,0.024,-1,Echolocation,/mnt/ubna_data_02_mir/recover-20220922/UBNA_001/20220921_090000.WAV,Telephone Field,recover-20220922,001,1795
268.0085,268.0513,68437,82626,Rhinolophus ferrumequinum,0.021,0.021,-1,Echolocation,/mnt/ubna_data_02_mir/recover-20220922/UBNA_001/20220921_090000.WAV,Telephone Field,recover-20220922,001,1795
268.0165,268.0267,22890,28662,Nyctalus leisleri,0.011,0.026,-1,Echolocation,/mnt/ubna_data_02_mir/recover-20220922/UBNA_001/20220921_090000.WAV,Telephone Field,recover-20220922,001,1795
268.0235,268.0335,23750,28986,Nyctalus leisleri,0.01,0.021,-1,Echolocation,/mnt/ubna_data_02_mir/recover-20220922/UBNA_001/20220921_090000.WAV,Telephone Field,recover-20220922,001,1795
268.0475,268.0887,68437,82818,Rhinolophus ferrumequinum,0.03,0.03,-1,Echolocation,/mnt/ubna_data_02_mir/recover-20220922/UBNA_001/20220921_090000.WAV,Telephone Field,recover-20220922,001,1795
268.0985,268.1377,68437,82905,Rhinolophus ferrumequinum,0.028,0.028,-1,Echolocation,/mnt/ubna_data_02_mir/recover-20220922/UBNA_001/20220921_090000.WAV,Telephone Field,recover-20220922,001,1795
268.1325,268.17,68437,81810,Rhinolophus ferrumequinum,0.022,0.022,-1,Echolocation,/mnt/ubna_data_02_mir/recover-20220922/UBNA_001/20220921_090000.WAV,Telephone Field,recover-20220922,001,1795
268.1715,268.2115,68437,82390,Rhinolophus ferrumequinum,0.022,0.022,-1,Echolocation,/mnt/ubna_data_02_mir/recover-20220922/UBNA_001/20220921_090000.WAV,Telephone Field,recover-20220922,001,1795
268.1985,268.2367,68437,81681,Rhinolophus ferrumequinum,0.022,0.022,-1,Echolocation,/mnt/ubna_data_02_mir/recover-20220922/UBNA_001/20220921_090000.WAV,Telephone Field,recover-20220922,001,1795
268.2635,268.3038,68437,82949,Rhinolophus ferrumequinum,0.027,0.027,-1,Echolocation,/mnt/ubna_data_02_mir/recover-20220922/UBNA_001/20220921_090000.WAV,Telephone Field,recover-20220922,001,1795
268.2855,268.2976,23750,28068,Nyctalus leisleri,0.012,0.021,-1,Echolocation,/mnt/ubna_data_02_mir/recover-20220922/UBNA_001/20220921_090000.WAV,Telephone Field,recover-20220922,001,1795
268.3415,268.383,68437,83129,Rhinolophus ferrumequinum,0.029,0.029,-1,Echolocation,/mnt/ubna_data_02_mir/recover-20220922/UBNA_001/20220921_090000.WAV,Telephone Field,recover-20220922,001,1795
268.3725,268.3804,23750,31687,Plecotus austriacus,0.008,0.021,-1,Echolocation,/mnt/ubna_data_02_mir/recover-20220922/UBNA_001/20220921_090000.WAV,Telephone Field,recover-20220922,001,1795
268.3995,268.4398,68437,82767,Rhinolophus ferrumequinum,0.026,0.026,-1,Echolocation,/mnt/ubna_data_02_mir/recover-20220922/UBNA_001/20220921_090000.WAV,Telephone Field,recover-20220922,001,1795
268.4275,268.4354,28046,38599,Eptesicus serotinus,0.007,0.021,-1,Echolocation,/mnt/ubna_data_02_mir/recover-20220922/UBNA_001/20220921_090000.WAV,Telephone Field,recover-20220922,001,1795
268.4535,268.4933,68437,82956,Rhinolophus ferrumequinum,0.024,0.024,-1,Echolocation,/mnt/ubna_data_02_mir/recover-20220922/UBNA_001/20220921_090000.WAV,Telephone Field,recover-20220922,001,1795
268.45550000000003,268.4641,26328,35358,Eptesicus serotinus,0.01,0.025,-1,Echolocation,/mnt/ubna_data_02_mir/recover-20220922/UBNA_001/20220921_090000.WAV,Telephone Field,recover-20220922,001,1795
268.4775,268.4849,25468,36323,Eptesicus serotinus,0.01,0.038,-1,Echolocation,/mnt/ubna_data_02_mir/recover-20220922/UBNA_001/20220921_090000.WAV,Telephone Field,recover-20220922,001,1795
268.4835,268.5208,68437,81567,Rhinolophus ferrumequinum,0.021,0.021,-1,Echolocation,/mnt/ubna_data_02_mir/recover-20220922/UBNA_001/20220921_090000.WAV,Telephone Field,recover-20220922,001,1795
268.4895,268.5086,23750,28218,Nyctalus leisleri,0.03,0.065,-1,Echolocation,/mnt/ubna_data_02_mir/recover-20220922/UBNA_001/20220921_090000.WAV,Telephone Field,recover-20220922,001,1795
268.5125,268.5524,68437,82624,Rhinolophus ferrumequinum,0.024,0.024,-1,Echolocation,/mnt/ubna_data_02_mir/recover-20220922/UBNA_001/20220921_090000.WAV,Telephone Field,recover-20220922,001,1795
268.5305,268.5407,24609,30697,Nyctalus leisleri,0.009,0.023,-1,Echolocation,/mnt/ubna_data_02_mir/recover-20220922/UBNA_001/20220921_090000.WAV,Telephone Field,recover-20220922,001,1795
268.5485,268.585,68437,81289,Rhinolophus ferrumequinum,0.021,0.021,-1,Echolocation,/mnt/ubna_data_02_mir/recover-20220922/UBNA_001/20220921_090000.WAV,Telephone Field,recover-20220922,001,1795
268.5725,268.612,68437,81780,Rhinolophus ferrumequinum,0.021,0.021,-1,Echolocation,/mnt/ubna_data_02_mir/recover-20220922/UBNA_001/20220921_090000.WAV,Telephone Field,recover-20220922,001,1795
268.6025,268.613,24609,31305,Nyctalus leisleri,0.012,0.03,-1,Echolocation,/mnt/ubna_data_02_mir/recover-20220922/UBNA_001/20220921_090000.WAV,Telephone Field,recover-20220922,001,1795
268.6585,268.6988,68437,81945,Rhinolophus ferrumequinum,0.022,0.022,-1,Echolocation,/mnt/ubna_data_02_mir/recover-20220922/UBNA_001/20220921_090000.WAV,Telephone Field,recover-20220922,001,1795
268.6675,268.678,42656,45859,Pipistrellus pipistrellus,0.016,0.023,-1,Echolocation,/mnt/ubna_data_02_mir/recover-20220922/UBNA_001/20220921_090000.WAV,Telephone Field,recover-20220922,001,1795
268.7125,268.722,29765,37163,Eptesicus serotinus,0.009,0.023,-1,Echolocation,/mnt/ubna_data_02_mir/recover-20220922/UBNA_001/20220921_090000.WAV,Telephone Field,recover-20220922,001,1795
268.7235,268.76279999999997,68437,81930,Rhinolophus ferrumequinum,0.021,0.021,-1,Echolocation,/mnt/ubna_data_02_mir/recover-20220922/UBNA_001/20220921_090000.WAV,Telephone Field,recover-20220922,001,1795
268.7415,268.7533,22890,27827,Nyctalus leisleri,0.01,0.021,-1,Echolocation,/mnt/ubna_data_02_mir/recover-20220922/UBNA_001/20220921_090000.WAV,Telephone Field,recover-20220922,001,1795
268.7905,268.828,68437,81652,Rhinolophus ferrumequinum,0.022,0.022,-1,Echolocation,/mnt/ubna_data_02_mir/recover-20220922/UBNA_001/20220921_090000.WAV,Telephone Field,recover-20220922,001,1795
268.7925,268.80219999999997,24609,31663,Eptesicus serotinus,0.008,0.022,-1,Echolocation,/mnt/ubna_data_02_mir/recover-20220922/UBNA_001/20220921_090000.WAV,Telephone Field,recover-20220922,001,1795
268.8225,268.836,22890,27172,Nyctalus leisleri,0.012,0.022,-1,Echolocation,/mnt/ubna_data_02_mir/recover-20220922/UBNA_001/20220921_090000.WAV,Telephone Field,recover-20220922,001,1795
268.8245,268.8558,68437,80093,Rhinolophus ferrumequinum,0.023,0.023,-1,Echolocation,/mnt/ubna_data_02_mir/recover-20220922/UBNA_001/20220921_090000.WAV,Telephone Field,recover-20220922,001,1795
268.8705,268.879,28046,37639,Eptesicus serotinus,0.008,0.022,-1,Echolocation,/mnt/ubna_data_02_mir/recover-20220922/UBNA_001/20220921_090000.WAV,Telephone Field,recover-20220922,001,1795
268.9575,268.9965,68437,82337,Rhinolophus ferrumequinum,0.021,0.021,-1,Echolocation,/mnt/ubna_data_02_mir/recover-20220922/UBNA_001/20220921_090000.WAV,Telephone Field,recover-20220922,001,1795
268.9805,269.0211,68437,82354,Rhinolophus ferrumequinum,0.023,0.023,-1,Echolocation,/mnt/ubna_data_02_mir/recover-20220922/UBNA_001/20220921_090000.WAV,Telephone Field,recover-20220922,001,1795
269.0385,269.0794,68437,82469,Rhinolophus ferrumequinum,0.023,0.023,-1,Echolocation,/mnt/ubna_data_02_mir/recover-20220922/UBNA_001/20220921_090000.WAV,Telephone Field,recover-20220922,001,1795
269.0655,269.1075,68437,83259,Rhinolophus ferrumequinum,0.031,0.031,-1,Echolocation,/mnt/ubna_data_02_mir/recover-20220922/UBNA_001/20220921_090000.WAV,Telephone Field,recover-20220922,001,1795
269.0685,269.0765,23750,31602,Plecotus austriacus,0.007,0.022,-1,Echolocation,/mnt/ubna_data_02_mir/recover-20220922/UBNA_001/20220921_090000.WAV,Telephone Field,recover-20220922,001,1795
269.1275,269.137,27187,34239,Eptesicus serotinus,0.021,0.041,-1,Echolocation,/mnt/ubna_data_02_mir/recover-20220922/UBNA_001/20220921_090000.WAV,Telephone Field,recover-20220922,001,1795
269.1665,269.2025,68437,81185,Rhinolophus ferrumequinum,0.024,0.024,-1,Echolocation,/mnt/ubna_data_02_mir/recover-20220922/UBNA_001/20220921_090000.WAV,Telephone Field,recover-20220922,001,1795
269.1765,269.2202,68437,82403,Rhinolophus ferrumequinum,0.024,0.024,-1,Echolocation,/mnt/ubna_data_02_mir/recover-20220922/UBNA_001/20220921_090000.WAV,Telephone Field,recover-20220922,001,1795
269.2285,269.2653,68437,81819,Rhinolophus ferrumequinum,0.022,0.022,-1,Echolocation,/mnt/ubna_data_02_mir/recover-20220922/UBNA_001/20220921_090000.WAV,Telephone Field,recover-20220922,001,1795
269.2445,269.282,68437,81962,Rhinolophus ferrumequinum,0.025,0.025,-1,Echolocation,/mnt/ubna_data_02_mir/recover-20220922/UBNA_001/20220921_090000.WAV,Telephone Field,recover-20220922,001,1795
269.2605,269.3025,68437,83338,Rhinolophus ferrumequinum,0.037,0.037,-1,Echolocation,/mnt/ubna_data_02_mir/recover-20220922/UBNA_001/20220921_090000.WAV,Telephone Field,recover-20220922,001,1795
269.3145,269.3234,25468,33674,Eptesicus serotinus,0.01,0.027,-1,Echolocation,/mnt/ubna_data_02_mir/recover-20220922/UBNA_001/20220921_090000.WAV,Telephone Field,recover-20220922,001,1795
269.3295,269.337,50390,55087,Pipistrellus pipistrellus,0.018,0.021,-1,Echolocation,/mnt/ubna_data_02_mir/recover-20220922/UBNA_001/20220921_090000.WAV,Telephone Field,recover-20220922,001,1795
269.3325,269.3718,68437,82172,Rhinolophus ferrumequinum,0.021,0.021,-1,Echolocation,/mnt/ubna_data_02_mir/recover-20220922/UBNA_001/20220921_090000.WAV,Telephone Field,recover-20220922,001,1795
269.3505,269.3905,68437,82565,Rhinolophus ferrumequinum,0.021,0.021,-1,Echolocation,/mnt/ubna_data_02_mir/recover-20220922/UBNA_001/20220921_090000.WAV,Telephone Field,recover-20220922,001,1795
269.4345,269.4407,29765,43873,Myotis daubentonii,0.01,0.023,-1,Echolocation,/mnt/ubna_data_02_mir/recover-20220922/UBNA_001/20220921_090000.WAV,Telephone Field,recover-20220922,001,1795
269.5235,269.5671,68437,82964,Rhinolophus ferrumequinum,0.032,0.032,-1,Echolocation,/mnt/ubna_data_02_mir/recover-20220922/UBNA_001/20220921_090000.WAV,Telephone Field,recover-20220922,001,1795
269.5315,269.5745,68437,83192,Rhinolophus ferrumequinum,0.031,0.031,-1,Echolocation,/mnt/ubna_data_02_mir/recover-20220922/UBNA_001/20220921_090000.WAV,Telephone Field,recover-20220922,001,1795
269.5895,269.6286,68437,82264,Rhinolophus ferrumequinum,0.022,0.022,-1,Echolocation,/mnt/ubna_data_02_mir/recover-20220922/UBNA_001/20220921_090000.WAV,Telephone Field,recover-20220922,001,1795
269.6135,269.6547,68437,82712,Rhinolophus ferrumequinum,0.021,0.021,-1,Echolocation,/mnt/ubna_data_02_mir/recover-20220922/UBNA_001/20220921_090000.WAV,Telephone Field,recover-20220922,001,1795
269.6175,269.6287,23750,28866,Nyctalus leisleri,0.01,0.022,-1,Echolocation,/mnt/ubna_data_02_mir/recover-20220922/UBNA_001/20220921_090000.WAV,Telephone Field,recover-20220922,001,1795
269.6585,269.6987,68437,82617,Rhinolophus ferrumequinum,0.022,0.022,-1,Echolocation,/mnt/ubna_data_02_mir/recover-20220922/UBNA_001/20220921_090000.WAV,Telephone Field,recover-20220922,001,1795
269.6675,269.6769,28046,36695,Eptesicus serotinus,0.009,0.023,-1,Echolocation,/mnt/ubna_data_02_mir/recover-20220922/UBNA_001/20220921_090000.WAV,Telephone Field,recover-20220922,001,1795
269.6675,269.6798,34062,39048,Eptesicus serotinus,0.006,0.023,-1,Echolocation,/mnt/ubna_data_02_mir/recover-20220922/UBNA_001/20220921_090000.WAV,Telephone Field,recover-20220922,001,1795
269.7685,269.8094,68437,83219,Rhinolophus ferrumequinum,0.027,0.027,-1,Echolocation,/mnt/ubna_data_02_mir/recover-20220922/UBNA_001/20220921_090000.WAV,Telephone Field,recover-20220922,001,1795
269.7875,269.8233,68437,81570,Rhinolophus ferrumequinum,0.023,0.023,-1,Echolocation,/mnt/ubna_data_02_mir/recover-20220922/UBNA_001/20220921_090000.WAV,Telephone Field,recover-20220922,001,1795
269.8285,269.8682,68437,82040,Rhinolophus ferrumequinum,0.022,0.022,-1,Echolocation,/mnt/ubna_data_02_mir/recover-20220922/UBNA_001/20220921_090000.WAV,Telephone Field,recover-20220922,001,1795
269.8445,269.8516,28906,38082,Eptesicus serotinus,0.006,0.023,-1,Echolocation,/mnt/ubna_data_02_mir/recover-20220922/UBNA_001/20220921_090000.WAV,Telephone Field,recover-20220922,001,1795
269.8645,269.8768,22890,28128,Nyctalus leisleri,0.011,0.023,-1,Echolocation,/mnt/ubna_data_02_mir/recover-20220922/UBNA_001/20220921_090000.WAV,Telephone Field,recover-20220922,001,1795
269.8895,269.9297,68437,82533,Rhinolophus ferrumequinum,0.023,0.023,-1,Echolocation,/mnt/ubna_data_02_mir/recover-20220922/UBNA_001/20220921_090000.WAV,Telephone Field,recover-20220922,001,1795
269.9285,269.967,68437,82024,Rhinolophus ferrumequinum,0.028,0.028,-1,Echolocation,/mnt/ubna_data_02_mir/recover-20220922/UBNA_001/20220921_090000.WAV,Telephone Field,recover-20220922,001,1795
269.9295,269.9393,23750,31221,Nyctalus leisleri,0.007,0.021,-1,Echolocation,/mnt/ubna_data_02_mir/recover-20220922/UBNA_001/20220921_090000.WAV,Telephone Field,recover-20220922,001,1795
269.9585,269.9691,25468,31758,Eptesicus serotinus,0.008,0.021,-1,Echolocation,/mnt/ubna_data_02_mir/recover-20220922/UBNA_001/20220921_090000.WAV,Telephone Field,recover-20220922,001,1795
269.9785,269.9865,28906,39173,Eptesicus serotinus,0.007,0.021,-1,Echolocation,/mnt/ubna_data_02_mir/recover-20220922/UBNA_001/20220921_090000.WAV,Telephone Field,recover-20220922,001,1795
270.0015,270.0188,17734,22935,Nyctalus noctula,0.01,0.022,-1,Echolocation,/mnt/ubna_data_02_mir/recover-20220922/UBNA_001/20220921_090000.WAV,Telephone Field,recover-20220922,001,1795
270.0015,270.0329,69296,81748,Rhinolophus ferrumequinum,0.042,0.042,-1,Echolocation,/mnt/ubna_data_02_mir/recover-20220922/UBNA_001/20220921_090000.WAV,Telephone Field,recover-20220922,001,1795
270.0015,270.0108,27187,36882,Nyctalus leisleri,0.009,0.029,-1,Echolocation,/mnt/ubna_data_02_mir/recover-20220922/UBNA_001/20220921_090000.WAV,Telephone Field,recover-20220922,001,1795
270.0105,270.0189,26328,36745,Eptesicus serotinus,0.007,0.023,-1,Echolocation,/mnt/ubna_data_02_mir/recover-20220922/UBNA_001/20220921_090000.WAV,Telephone Field,recover-20220922,001,1795
270.0245,270.036,15156,20854,Nyctalus noctula,0.021,0.036,-1,Echolocation,/mnt/ubna_data_02_mir/recover-20220922/UBNA_001/20220921_090000.WAV,Telephone Field,recover-20220922,001,1795
270.0445,270.0544,28906,36918,Eptesicus serotinus,0.009,0.024,-1,Echolocation,/mnt/ubna_data_02_mir/recover-20220922/UBNA_001/20220921_090000.WAV,Telephone Field,recover-20220922,001,1795
270.0455,270.0846,68437,82338,Rhinolophus ferrumequinum,0.022,0.022,-1,Echolocation,/mnt/ubna_data_02_mir/recover-20220922/UBNA_001/20220921_090000.WAV,Telephone Field,recover-20220922,001,1795
270.0835,270.1215,68437,81496,Rhinolophus ferrumequinum,0.031,0.031,-1,Echolocation,/mnt/ubna_data_02_mir/recover-20220922/UBNA_001/20220921_090000.WAV,Telephone Field,recover-20220922,001,1795
270.1645,270.2054,68437,82469,Rhinolophus ferrumequinum,0.024,0.024,-1,Echolocation,/mnt/ubna_data_02_mir/recover-20220922/UBNA_001/20220921_090000.WAV,Telephone Field,recover-20220922,001,1795
270.1825,270.1904,28906,39635,Eptesicus serotinus,0.008,0.024,-1,Echolocation,/mnt/ubna_data_02_mir/recover-20220922/UBNA_001/20220921_090000.WAV,Telephone Field,recover-20220922,001,1795
270.2255,270.265,68437,81996,Rhinolophus ferrumequinum,0.021,0.021,-1,Echolocation,/mnt/ubna_data_02_mir/recover-20220922/UBNA_001/20220921_090000.WAV,Telephone Field,recover-20220922,001,1795
270.2495,270.2607,23750,29502,Nyctalus leisleri,0.012,0.026,-1,Echolocation,/mnt/ubna_data_02_mir/recover-20220922/UBNA_001/20220921_090000.WAV,Telephone Field,recover-20220922,001,1795
270.2515,270.2903,68437,82317,Rhinolophus ferrumequinum,0.025,0.025,-1,Echolocation,/mnt/ubna_data_02_mir/recover-20220922/UBNA_001/20220921_090000.WAV,Telephone Field,recover-20220922,001,1795
270.2625,270.3033,68437,82565,Rhinolophus ferrumequinum,0.026,0.026,-1,Echolocation,/mnt/ubna_data_02_mir/recover-20220922/UBNA_001/20220921_090000.WAV,Telephone Field,recover-20220922,001,1795
270.2855,270.324,68437,82239,Rhinolophus ferrumequinum,0.021,0.021,-1,Echolocation,/mnt/ubna_data_02_mir/recover-20220922/UBNA_001/20220921_090000.WAV,Telephone Field,recover-20220922,001,1795
270.2935,270.3316,68437,82028,Rhinolophus ferrumequinum,0.023,0.023,-1,Echolocation,/mnt/ubna_data_02_mir/recover-20220922/UBNA_001/20220921_090000.WAV,Telephone Field,recover-20220922,001,1795
270.3085,270.3232,22890,27290,Nyctalus leisleri,0.023,0.04,-1,Echolocation,/mnt/ubna_data_02_mir/recover-20220922/UBNA_001/20220921_090000.WAV,Telephone Field,recover-20220922,001,1795
270.3115,270.3473,68437,81653,Rhinolophus ferrumequinum,0.021,0.021,-1,Echolocation,/mnt/ubna_data_02_mir/recover-20220922/UBNA_001/20220921_090000.WAV,Telephone Field,recover-20220922,001,1795
270.3245,270.3353,22890,27038,Nyctalus leisleri,0.012,0.021,-1,Echolocation,/mnt/ubna_data_02_mir/recover-20220922/UBNA_001/20220921_090000.WAV,Telephone Field,recover-20220922,001,1795
270.3425,270.3831,68437,82599,Rhinolophus ferrumequinum,0.033,0.033,-1,Echolocation,/mnt/ubna_data_02_mir/recover-20220922/UBNA_001/20220921_090000.WAV,Telephone Field,recover-20220922,001,1795
270.3715,270.3817,27187,33552,Eptesicus serotinus,0.012,0.027,-1,Echolocation,/mnt/ubna_data_02_mir/recover-20220922/UBNA_001/20220921_090000.WAV,Telephone Field,recover-20220922,001,1795
270.3745,270.4134,68437,82044,Rhinolophus ferrumequinum,0.022,0.022,-1,Echolocation,/mnt/ubna_data_02_mir/recover-20220922/UBNA_001/20220921_090000.WAV,Telephone Field,recover-20220922,001,1795
270.4045,270.4431,68437,82417,Rhinolophus ferrumequinum,0.023,0.023,-1,Echolocation,/mnt/ubna_data_02_mir/recover-20220922/UBNA_001/20220921_090000.WAV,Telephone Field,recover-20220922,001,1795
270.4135,270.4226,28046,38606,Eptesicus serotinus,0.01,0.024,-1,Echolocation,/mnt/ubna_data_02_mir/recover-20220922/UBNA_001/20220921_090000.WAV,Telephone Field,recover-20220922,001,1795
270.4215,270.4299,28046,37816,Eptesicus serotinus,0.008,0.021,-1,Echolocation,/mnt/ubna_data_02_mir/recover-20220922/UBNA_001/20220921_090000.WAV,Telephone Field,recover-20220922,001,1795
270.4455,270.4858,68437,82620,Rhinolophus ferrumequinum,0.027,0.027,-1,Echolocation,/mnt/ubna_data_02_mir/recover-20220922/UBNA_001/20220921_090000.WAV,Telephone Field,recover-20220922,001,1795
270.4645,270.475,22890,28167,Nyctalus leisleri,0.01,0.021,-1,Echolocation,/mnt/ubna_data_02_mir/recover-20220922/UBNA_001/20220921_090000.WAV,Telephone Field,recover-20220922,001,1795
270.4765,270.5085,68437,79872,Rhinolophus ferrumequinum,0.021,0.021,-1,Echolocation,/mnt/ubna_data_02_mir/recover-20220922/UBNA_001/20220921_090000.WAV,Telephone Field,recover-20220922,001,1795
270.4995,270.5097,22031,27640,Nyctalus leisleri,0.009,0.023,-1,Echolocation,/mnt/ubna_data_02_mir/recover-20220922/UBNA_001/20220921_090000.WAV,Telephone Field,recover-20220922,001,1795
270.4995,270.5385,68437,82252,Rhinolophus ferrumequinum,0.021,0.021,-1,Echolocation,/mnt/ubna_data_02_mir/recover-20220922/UBNA_001/20220921_090000.WAV,Telephone Field,recover-20220922,001,1795
270.5035,270.5118,28906,37826,Eptesicus serotinus,0.007,0.022,-1,Echolocation,/mnt/ubna_data_02_mir/recover-20220922/UBNA_001/20220921_090000.WAV,Telephone Field,recover-20220922,001,1795
270.5485,270.5894,68437,82659,Rhinolophus ferrumequinum,0.023,0.023,-1,Echolocation,/mnt/ubna_data_02_mir/recover-20220922/UBNA_001/20220921_090000.WAV,Telephone Field,recover-20220922,001,1795
270.5935,270.6321,68437,82233,Rhinolophus ferrumequinum,0.024,0.024,-1,Echolocation,/mnt/ubna_data_02_mir/recover-20220922/UBNA_001/20220921_090000.WAV,Telephone Field,recover-20220922,001,1795
270.6245,270.6629,68437,82226,Rhinolophus ferrumequinum,0.025,0.025,-1,Echolocation,/mnt/ubna_data_02_mir/recover-20220922/UBNA_001/20220921_090000.WAV,Telephone Field,recover-20220922,001,1795
270.6735,270.6839,28906,34901,Eptesicus serotinus,0.014,0.028,-1,Echolocation,/mnt/ubna_data_02_mir/recover-20220922/UBNA_001/20220921_090000.WAV,Telephone Field,recover-20220922,001,1795
270.6875,270.6959,46953,52367,Pipistrellus pipistrellus,0.031,0.032,-1,Echolocation,/mnt/ubna_data_02_mir/recover-20220922/UBNA_001/20220921_090000.WAV,Telephone Field,recover-20220922,001,1795
270.7115,270.7215,28906,37412,Eptesicus serotinus,0.011,0.023,-1,Echolocation,/mnt/ubna_data_02_mir/recover-20220922/UBNA_001/20220921_090000.WAV,Telephone Field,recover-20220922,001,1795
270.7255,270.7648,68437,82043,Rhinolophus ferrumequinum,0.023,0.023,-1,Echolocation,/mnt/ubna_data_02_mir/recover-20220922/UBNA_001/20220921_090000.WAV,Telephone Field,recover-20220922,001,1795
270.7635,270.8025,68437,82251,Rhinolophus ferrumequinum,0.028,0.028,-1,Echolocation,/mnt/ubna_data_02_mir/recover-20220922/UBNA_001/20220921_090000.WAV,Telephone Field,recover-20220922,001,1795
270.7925,270.8063,28906,34206,Eptesicus serotinus,0.015,0.03,-1,Echolocation,/mnt/ubna_data_02_mir/recover-20220922/UBNA_001/20220921_090000.WAV,Telephone Field,recover-20220922,001,1795
270.7995,270.8132,28906,33853,Eptesicus serotinus,0.016,0.03,-1,Echolocation,/mnt/ubna_data_02_mir/recover-20220922/UBNA_001/20220921_090000.WAV,Telephone Field,recover-20220922,001,1795
270.8175,270.8546,68437,81425,Rhinolophus ferrumequinum,0.022,0.022,-1,Echolocation,/mnt/ubna_data_02_mir/recover-20220922/UBNA_001/20220921_090000.WAV,Telephone Field,recover-20220922,001,1795
270.8475,270.8889,68437,82227,Rhinolophus ferrumequinum,0.021,0.021,-1,Echolocation,/mnt/ubna_data_02_mir/recover-20220922/UBNA_001/20220921_090000.WAV,Telephone Field,recover-20220922,001,1795
270.8565,270.8988,68437,82702,Rhinolophus ferrumequinum,0.026,0.026,-1,Echolocation,/mnt/ubna_data_02_mir/recover-20220922/UBNA_001/20220921_090000.WAV,Telephone Field,recover-20220922,001,1795
270.8795,270.9193,68437,82207,Rhinolophus ferrumequinum,0.035,0.035,-1,Echolocation,/mnt/ubna_data_02_mir/recover-20220922/UBNA_001/20220921_090000.WAV,Telephone Field,recover-20220922,001,1795
270.9135,270.9537,68437,82693,Rhinolophus ferrumequinum,0.035,0.036,-1,Echolocation,/mnt/ubna_data_02_mir/recover-20220922/UBNA_001/20220921_090000.WAV,Telephone Field,recover-20220922,001,1795
270.9305,270.9391,28906,39347,Eptesicus serotinus,0.01,0.026,-1,Echolocation,/mnt/ubna_data_02_mir/recover-20220922/UBNA_001/20220921_090000.WAV,Telephone Field,recover-20220922,001,1795
270.9515,270.9946,68437,83175,Rhinolophus ferrumequinum,0.03,0.03,-1,Echolocation,/mnt/ubna_data_02_mir/recover-20220922/UBNA_001/20220921_090000.WAV,Telephone Field,recover-20220922,001,1795
270.9595,270.9693,26328,35044,Eptesicus serotinus,0.011,0.023,-1,Echolocation,/mnt/ubna_data_02_mir/recover-20220922/UBNA_001/20220921_090000.WAV,Telephone Field,recover-20220922,001,1795
270.9795,270.9867,27187,36187,Eptesicus serotinus,0.008,0.023,-1,Echolocation,/mnt/ubna_data_02_mir/recover-20220922/UBNA_001/20220921_090000.WAV,Telephone Field,recover-20220922,001,1795
270.9875,271.0297,68437,82751,Rhinolophus ferrumequinum,0.024,0.024,-1,Echolocation,/mnt/ubna_data_02_mir/recover-20220922/UBNA_001/20220921_090000.WAV,Telephone Field,recover-20220922,001,1795
271.0155,271.0513,68437,81692,Rhinolophus ferrumequinum,0.021,0.021,-1,Echolocation,/mnt/ubna_data_02_mir/recover-20220922/UBNA_001/20220921_090000.WAV,Telephone Field,recover-20220922,001,1795
271.0475,271.0575,22890,29255,Nyctalus leisleri,0.008,0.023,-1,Echolocation,/mnt/ubna_data_02_mir/recover-20220922/UBNA_001/20220921_090000.WAV,Telephone Field,recover-20220922,001,1795
271.0655,271.0731,28906,38989,Eptesicus serotinus,0.008,0.024,-1,Echolocation,/mnt/ubna_data_02_mir/recover-20220922/UBNA_001/20220921_090000.WAV,Telephone Field,recover-20220922,001,1795
271.1595,271.1997,68437,83042,Rhinolophus ferrumequinum,0.024,0.024,-1,Echolocation,/mnt/ubna_data_02_mir/recover-20220922/UBNA_001/20220921_090000.WAV,Telephone Field,recover-20220922,001,1795
271.2115,271.2219,22890,28470,Nyctalus leisleri,0.01,0.022,-1,Echolocation,/mnt/ubna_data_02_mir/recover-20220922/UBNA_001/20220921_090000.WAV,Telephone Field,recover-20220922,001,1795
271.2235,271.2621,68437,82232,Rhinolophus ferrumequinum,0.025,0.025,-1,Echolocation,/mnt/ubna_data_02_mir/recover-20220922/UBNA_001/20220921_090000.WAV,Telephone Field,recover-20220922,001,1795
271.2675,271.3041,68437,82062,Rhinolophus ferrumequinum,0.024,0.024,-1,Echolocation,/mnt/ubna_data_02_mir/recover-20220922/UBNA_001/20220921_090000.WAV,Telephone Field,recover-20220922,001,1795
271.2915,271.3011,28046,36683,Eptesicus serotinus,0.01,0.021,-1,Echolocation,/mnt/ubna_data_02_mir/recover-20220922/UBNA_001/20220921_090000.WAV,Telephone Field,recover-20220922,001,1795
271.2925,271.3288,68437,82368,Rhinolophus ferrumequinum,0.021,0.022,-1,Echolocation,/mnt/ubna_data_02_mir/recover-20220922/UBNA_001/20220921_090000.WAV,Telephone Field,recover-20220922,001,1795
271.3185,271.3599,68437,83179,Rhinolophus ferrumequinum,0.029,0.029,-1,Echolocation,/mnt/ubna_data_02_mir/recover-20220922/UBNA_001/20220921_090000.WAV,Telephone Field,recover-20220922,001,1795
271.3245,271.3656,68437,83322,Rhinolophus ferrumequinum,0.03,0.03,-1,Echolocation,/mnt/ubna_data_02_mir/recover-20220922/UBNA_001/20220921_090000.WAV,Telephone Field,recover-20220922,001,1795
271.3685,271.4072,68437,82356,Rhinolophus ferrumequinum,0.028,0.028,-1,Echolocation,/mnt/ubna_data_02_mir/recover-20220922/UBNA_001/20220921_090000.WAV,Telephone Field,recover-20220922,001,1795
271.3885,271.4276,68437,82080,Rhinolophus ferrumequinum,0.026,0.026,-1,Echolocation,/mnt/ubna_data_02_mir/recover-20220922/UBNA_001/20220921_090000.WAV,Telephone Field,recover-20220922,001,1795
271.3955,271.4355,68437,83002,Rhinolophus ferrumequinum,0.026,0.026,-1,Echolocation,/mnt/ubna_data_02_mir/recover-20220922/UBNA_001/20220921_090000.WAV,Telephone Field,recover-20220922,001,1795
271.4325,271.473,68437,82250,Rhinolophus ferrumequinum,0.021,0.021,-1,Echolocation,/mnt/ubna_data_02_mir/recover-20220922/UBNA_001/20220921_090000.WAV,Telephone Field,recover-20220922,001,1795
271.4425,271.451,28046,36228,Eptesicus serotinus,0.009,0.022,-1,Echolocation,/mnt/ubna_data_02_mir/recover-20220922/UBNA_001/20220921_090000.WAV,Telephone Field,recover-20220922,001,1795
271.4445,271.4537,22031,27418,Nyctalus leisleri,0.008,0.021,-1,Echolocation,/mnt/ubna_data_02_mir/recover-20220922/UBNA_001/20220921_090000.WAV,Telephone Field,recover-20220922,001,1795
271.4705,271.5088,68437,82328,Rhinolophus ferrumequinum,0.022,0.022,-1,Echolocation,/mnt/ubna_data_02_mir/recover-20220922/UBNA_001/20220921_090000.WAV,Telephone Field,recover-20220922,001,1795
271.4775,271.5183,68437,82601,Rhinolophus ferrumequinum,0.022,0.022,-1,Echolocation,/mnt/ubna_data_02_mir/recover-20220922/UBNA_001/20220921_090000.WAV,Telephone Field,recover-20220922,001,1795
271.5055,271.5157,22031,27269,Nyctalus leisleri,0.009,0.022,-1,Echolocation,/mnt/ubna_data_02_mir/recover-20220922/UBNA_001/20220921_090000.WAV,Telephone Field,recover-20220922,001,1795
271.5055,271.5459,68437,82778,Rhinolophus ferrumequinum,0.032,0.032,-1,Echolocation,/mnt/ubna_data_02_mir/recover-20220922/UBNA_001/20220921_090000.WAV,Telephone Field,recover-20220922,001,1795
271.5525,271.5611,28906,37750,Eptesicus serotinus,0.008,0.024,-1,Echolocation,/mnt/ubna_data_02_mir/recover-20220922/UBNA_001/20220921_090000.WAV,Telephone Field,recover-20220922,001,1795
271.5565,271.5925,68437,81447,Rhinolophus ferrumequinum,0.021,0.021,-1,Echolocation,/mnt/ubna_data_02_mir/recover-20220922/UBNA_001/20220921_090000.WAV,Telephone Field,recover-20220922,001,1795
271.5875,271.6258,68437,81756,Rhinolophus ferrumequinum,0.021,0.021,-1,Echolocation,/mnt/ubna_data_02_mir/recover-20220922/UBNA_001/20220921_090000.WAV,Telephone Field,recover-20220922,001,1795
271.5945,271.6344,68437,81963,Rhinolophus ferrumequinum,0.021,0.021,-1,Echolocation,/mnt/ubna_data_02_mir/recover-20220922/UBNA_001/20220921_090000.WAV,Telephone Field,recover-20220922,001,1795
271.6135,271.655,68437,82568,Rhinolophus ferrumequinum,0.022,0.022,-1,Echolocation,/mnt/ubna_data_02_mir/recover-20220922/UBNA_001/20220921_090000.WAV,Telephone Field,recover-20220922,001,1795
271.6275,271.6642,68437,81695,Rhinolophus ferrumequinum,0.021,0.021,-1,Echolocation,/mnt/ubna_data_02_mir/recover-20220922/UBNA_001/20220921_090000.WAV,Telephone Field,recover-20220922,001,1795
271.6625,271.7013,68437,81883,Rhinolophus ferrumequinum,0.029,0.029,-1,Echolocation,/mnt/ubna_data_02_mir/recover-20220922/UBNA_001/20220921_090000.WAV,Telephone Field,recover-20220922,001,1795
271.6725,271.707,68437,81370,Rhinolophus ferrumequinum,0.023,0.024,-1,Echolocation,/mnt/ubna_data_02_mir/recover-20220922/UBNA_001/20220921_090000.WAV,Telephone Field,recover-20220922,001,1795
271.6965,271.7355,68437,81941,Rhinolophus ferrumequinum,0.022,0.022,-1,Echolocation,/mnt/ubna_data_02_mir/recover-20220922/UBNA_001/20220921_090000.WAV,Telephone Field,recover-20220922,001,1795
271.6985,271.7073,28906,36571,Eptesicus serotinus,0.04,0.066,-1,Echolocation,/mnt/ubna_data_02_mir/recover-20220922/UBNA_001/20220921_090000.WAV,Telephone Field,recover-20220922,001,1795
271.7665,271.8055,68437,82593,Rhinolophus ferrumequinum,0.021,0.021,-1,Echolocation,/mnt/ubna_data_02_mir/recover-20220922/UBNA_001/20220921_090000.WAV,Telephone Field,recover-20220922,001,1795
271.7965,271.8344,68437,82173,Rhinolophus ferrumequinum,0.027,0.027,-1,Echolocation,/mnt/ubna_data_02_mir/recover-20220922/UBNA_001/20220921_090000.WAV,Telephone Field,recover-20220922,001,1795
271.8095,271.8468,68437,82130,Rhinolophus ferrumequinum,0.027,0.027,-1,Echolocation,/mnt/ubna_data_02_mir/recover-20220922/UBNA_001/20220921_090000.WAV,Telephone Field,recover-20220922,001,1795
271.8135,271.8214,28046,40325,Eptesicus serotinus,0.008,0.022,-1,Echolocation,/mnt/ubna_data_02_mir/recover-20220922/UBNA_001/20220921_090000.WAV,Telephone Field,recover-20220922,001,1795
271.8155,271.8537,68437,82033,Rhinolophus ferrumequinum,0.028,0.028,-1,Echolocation,/mnt/ubna_data_02_mir/recover-20220922/UBNA_001/20220921_090000.WAV,Telephone Field,recover-20220922,001,1795
271.8235,271.857,68437,79796,Rhinolophus ferrumequinum,0.024,0.024,-1,Echolocation,/mnt/ubna_data_02_mir/recover-20220922/UBNA_001/20220921_090000.WAV,Telephone Field,recover-20220922,001,1795
271.8555,271.8939,68437,82302,Rhinolophus ferrumequinum,0.022,0.022,-1,Echolocation,/mnt/ubna_data_02_mir/recover-20220922/UBNA_001/20220921_090000.WAV,Telephone Field,recover-20220922,001,1795
271.8595,271.8698,23750,30389,Nyctalus leisleri,0.009,0.023,-1,Echolocation,/mnt/ubna_data_02_mir/recover-20220922/UBNA_001/20220921_090000.WAV,Telephone Field,recover-20220922,001,1795
271.8895,271.8993,22031,28348,Plecotus austriacus,0.009,0.025,-1,Echolocation,/mnt/ubna_data_02_mir/recover-20220922/UBNA_001/20220921_090000.WAV,Telephone Field,recover-20220922,001,1795
271.8995,271.939,68437,82303,Rhinolophus ferrumequinum,0.022,0.022,-1,Echolocation,/mnt/ubna_data_02_mir/recover-20220922/UBNA_001/20220921_090000.WAV,Telephone Field,recover-20220922,001,1795
271.9275,271.9698,68437,82686,Rhinolophus ferrumequinum,0.029,0.029,-1,Echolocation,/mnt/ubna_data_02_mir/recover-20220922/UBNA_001/20220921_090000.WAV,Telephone Field,recover-20220922,001,1795
271.9355,271.9775,68437,82887,Rhinolophus ferrumequinum,0.03,0.03,-1,Echolocation,/mnt/ubna_data_02_mir/recover-20220922/UBNA_001/20220921_090000.WAV,Telephone Field,recover-20220922,001,1795
272.0015,272.0105,24609,31531,Nyctalus leisleri,0.011,0.033,-1,Echolocation,/mnt/ubna_data_02_mir/recover-20220922/UBNA_001/20220921_090000.WAV,Telephone Field,recover-20220922,001,1795
272.0015,272.0085,46093,51166,Pipistrellus pipistrellus,0.022,0.028,-1,Echolocation,/mnt/ubna_data_02_mir/recover-20220922/UBNA_001/20220921_090000.WAV,Telephone Field,recover-20220922,001,1795
272.0015,272.0354,68437,79766,Rhinolophus ferrumequinum,0.031,0.031,-1,Echolocation,/mnt/ubna_data_02_mir/recover-20220922/UBNA_001/20220921_090000.WAV,Telephone Field,recover-20220922,001,1795
272.0095,272.0495,68437,81862,Rhinolophus ferrumequinum,0.022,0.022,-1,Echolocation,/mnt/ubna_data_02_mir/recover-20220922/UBNA_001/20220921_090000.WAV,Telephone Field,recover-20220922,001,1795
272.0585,272.1029,68437,83179,Rhinolophus ferrumequinum,0.037,0.037,-1,Echolocation,/mnt/ubna_data_02_mir/recover-20220922/UBNA_001/20220921_090000.WAV,Telephone Field,recover-20220922,001,1795
272.0755,272.0846,47812,51966,Pipistrellus pipistrellus,0.031,0.033,-1,Echolocation,/mnt/ubna_data_02_mir/recover-20220922/UBNA_001/20220921_090000.WAV,Telephone Field,recover-20220922,001,1795
272.0955,272.1352,68437,81726,Rhinolophus ferrumequinum,0.021,0.021,-1,Echolocation,/mnt/ubna_data_02_mir/recover-20220922/UBNA_001/20220921_090000.WAV,Telephone Field,recover-20220922,001,1795
272.1065,272.1213,57265,62734,Pipistrellus pygmaeus,0.02,0.021,-1,Echolocation,/mnt/ubna_data_02_mir/recover-20220922/UBNA_001/20220921_090000.WAV,Telephone Field,recover-20220922,001,1795
272.1405,272.1793,68437,82411,Rhinolophus ferrumequinum,0.024,0.024,-1,Echolocation,/mnt/ubna_data_02_mir/recover-20220922/UBNA_001/20220921_090000.WAV,Telephone Field,recover-20220922,001,1795
272.1755,272.2178,68437,82625,Rhinolophus ferrumequinum,0.026,0.026,-1,Echolocation,/mnt/ubna_data_02_mir/recover-20220922/UBNA_001/20220921_090000.WAV,Telephone Field,recover-20220922,001,1795
272.1835,272.1959,23750,28803,Nyctalus leisleri,0.014,0.03,-1,Echolocation,/mnt/ubna_data_02_mir/recover-20220922/UBNA_001/20220921_090000.WAV,Telephone Field,recover-20220922,001,1795
272.2125,272.2245,50390,54282,Pipistrellus pipistrellus,0.048,0.059,-1,Echolocation,/mnt/ubna_data_02_mir/recover-20220922/UBNA_001/20220921_090000.WAV,Telephone Field,recover-20220922,001,1795
272.2185,272.2597,68437,83107,Rhinolophus ferrumequinum,0.032,0.032,-1,Echolocation,/mnt/ubna_data_02_mir/recover-20220922/UBNA_001/20220921_090000.WAV,Telephone Field,recover-20220922,001,1795
272.2615,272.304,68437,83085,Rhinolophus ferrumequinum,0.024,0.024,-1,Echolocation,/mnt/ubna_data_02_mir/recover-20220922/UBNA_001/20220921_090000.WAV,Telephone Field,recover-20220922,001,1795
272.2835,272.3224,68437,81678,Rhinolophus ferrumequinum,0.021,0.021,-1,Echolocation,/mnt/ubna_data_02_mir/recover-20220922/UBNA_001/20220921_090000.WAV,Telephone Field,recover-20220922,001,1795
272.2935,272.3023,50390,55930,Pipistrellus pipistrellus,0.017,0.021,-1,Echolocation,/mnt/ubna_data_02_mir/recover-20220922/UBNA_001/20220921_090000.WAV,Telephone Field,recover-20220922,001,1795
272.2945,272.3038,28046,38908,Eptesicus serotinus,0.009,0.023,-1,Echolocation,/mnt/ubna_data_02_mir/recover-20220922/UBNA_001/20220921_090000.WAV,Telephone Field,recover-20220922,001,1795
272.3035,272.3405,68437,81700,Rhinolophus ferrumequinum,0.021,0.021,-1,Echolocation,/mnt/ubna_data_02_mir/recover-20220922/UBNA_001/20220921_090000.WAV,Telephone Field,recover-20220922,001,1795
272.3125,272.3297,22031,25550,Nyctalus leisleri,0.02,0.035,-1,Echolocation,/mnt/ubna_data_02_mir/recover-20220922/UBNA_001/20220921_090000.WAV,Telephone Field,recover-20220922,001,1795
272.3445,272.3797,68437,81254,Rhinolophus ferrumequinum,0.023,0.023,-1,Echolocation,/mnt/ubna_data_02_mir/recover-20220922/UBNA_001/20220921_090000.WAV,Telephone Field,recover-20220922,001,1795
272.3525,272.3721,22031,25765,Nyctalus leisleri,0.012,0.023,-1,Echolocation,/mnt/ubna_data_02_mir/recover-20220922/UBNA_001/20220921_090000.WAV,Telephone Field,recover-20220922,001,1795
272.3605,272.3692,26328,34730,Eptesicus serotinus,0.009,0.026,-1,Echolocation,/mnt/ubna_data_02_mir/recover-20220922/UBNA_001/20220921_090000.WAV,Telephone Field,recover-20220922,001,1795
272.3995,272.4428,68437,82723,Rhinolophus ferrumequinum,0.039,0.039,-1,Echolocation,/mnt/ubna_data_02_mir/recover-20220922/UBNA_001/20220921_090000.WAV,Telephone Field,recover-20220922,001,1795
272.4275,272.4664,68437,82009,Rhinolophus ferrumequinum,0.021,0.021,-1,Echolocation,/mnt/ubna_data_02_mir/recover-20220922/UBNA_001/20220921_090000.WAV,Telephone Field,recover-20220922,001,1795
272.4325,272.4416,24609,31280,Nyctalus leisleri,0.008,0.03,-1,Echolocation,/mnt/ubna_data_02_mir/recover-20220922/UBNA_001/20220921_090000.WAV,Telephone Field,recover-20220922,001,1795
272.5105,272.519,49531,54552,Pipistrellus pipistrellus,0.019,0.024,-1,Echolocation,/mnt/ubna_data_02_mir/recover-20220922/UBNA_001/20220921_090000.WAV,Telephone Field,recover-20220922,001,1795
272.5155,272.5562,68437,82369,Rhinolophus ferrumequinum,0.021,0.021,-1,Echolocation,/mnt/ubna_data_02_mir/recover-20220922/UBNA_001/20220921_090000.WAV,Telephone Field,recover-20220922,001,1795
272.5215,272.5617,68437,81783,Rhinolophus ferrumequinum,0.021,0.021,-1,Echolocation,/mnt/ubna_data_02_mir/recover-20220922/UBNA_001/20220921_090000.WAV,Telephone Field,recover-20220922,001,1795
272.5545,272.5929,68437,81764,Rhinolophus ferrumequinum,0.022,0.022,-1,Echolocation,/mnt/ubna_data_02_mir/recover-20220922/UBNA_001/20220921_090000.WAV,Telephone Field,recover-20220922,001,1795
272.5935,272.6324,68437,81700,Rhinolophus ferrumequinum,0.023,0.023,-1,Echolocation,/mnt/ubna_data_02_mir/recover-20220922/UBNA_001/20220921_090000.WAV,Telephone Field,recover-20220922,001,1795
272.5995,272.6074,28906,39156,Eptesicus serotinus,0.01,0.029,-1,Echolocation,/mnt/ubna_data_02_mir/recover-20220922/UBNA_001/20220921_090000.WAV,Telephone Field,recover-20220922,001,1795
272.6095,272.6524,68437,83382,Rhinolophus ferrumequinum,0.034,0.034,-1,Echolocation,/mnt/ubna_data_02_mir/recover-20220922/UBNA_001/20220921_090000.WAV,Telephone Field,recover-20220922,001,1795
272.6355,272.644,28906,40285,Eptesicus serotinus,0.01,0.03,-1,Echolocation,/mnt/ubna_data_02_mir/recover-20220922/UBNA_001/20220921_090000.WAV,Telephone Field,recover-20220922,001,1795
272.6505,272.6891,68437,81789,Rhinolophus ferrumequinum,0.023,0.023,-1,Echolocation,/mnt/ubna_data_02_mir/recover-20220922/UBNA_001/20220921_090000.WAV,Telephone Field,recover-20220922,001,1795
272.6765,272.7178,68437,82721,Rhinolophus ferrumequinum,0.023,0.023,-1,Echolocation,/mnt/ubna_data_02_mir/recover-20220922/UBNA_001/20220921_090000.WAV,Telephone Field,recover-20220922,001,1795
272.6915,272.7293,68437,81879,Rhinolophus ferrumequinum,0.021,0.021,-1,Echolocation,/mnt/ubna_data_02_mir/recover-20220922/UBNA_001/20220921_090000.WAV,Telephone Field,recover-20220922,001,1795
272.7045,272.7417,68437,81795,Rhinolophus ferrumequinum,0.021,0.021,-1,Echolocation,/mnt/ubna_data_02_mir/recover-20220922/UBNA_001/20220921_090000.WAV,Telephone Field,recover-20220922,001,1795
272.7145,272.7249,22031,26610,Nyctalus leisleri,0.011,0.023,-1,Echolocation,/mnt/ubna_data_02_mir/recover-20220922/UBNA_001/20220921_090000.WAV,Telephone Field,recover-20220922,001,1795
272.7445,272.7829,68437,82174,Rhinolophus ferrumequinum,0.022,0.022,-1,Echolocation,/mnt/ubna_data_02_mir/recover-20220922/UBNA_001/20220921_090000.WAV,Telephone Field,recover-20220922,001,1795
272.7535,272.7923,68437,82825,Rhinolophus ferrumequinum,0.026,0.026,-1,Echolocation,/mnt/ubna_data_02_mir/recover-20220922/UBNA_001/20220921_090000.WAV,Telephone Field,recover-20220922,001,1795
272.7725,272.781,25468,33926,Eptesicus serotinus,0.007,0.022,-1,Echolocation,/mnt/ubna_data_02_mir/recover-20220922/UBNA_001/20220921_090000.WAV,Telephone Field,recover-20220922,001,1795
272.7765,272.8115,68437,81693,Rhinolophus ferrumequinum,0.021,0.021,-1,Echolocation,/mnt/ubna_data_02_mir/recover-20220922/UBNA_001/20220921_090000.WAV,Telephone Field,recover-20220922,001,1795
272.7935,272.8349,68437,82216,Rhinolophus ferrumequinum,0.033,0.033,-1,Echolocation,/mnt/ubna_data_02_mir/recover-20220922/UBNA_001/20220921_090000.WAV,Telephone Field,recover-20220922,001,1795
272.8155,272.8556,68437,82610,Rhinolophus ferrumequinum,0.023,0.023,-1,Echolocation,/mnt/ubna_data_02_mir/recover-20220922/UBNA_001/20220921_090000.WAV,Telephone Field,recover-20220922,001,1795
272.8535,272.894,68437,81940,Rhinolophus ferrumequinum,0.022,0.022,-1,Echolocation,/mnt/ubna_data_02_mir/recover-20220922/UBNA_001/20220921_090000.WAV,Telephone Field,recover-20220922,001,1795
272.8615,272.9035,68437,82769,Rhinolophus ferrumequinum,0.024,0.024,-1,Echolocation,/mnt/ubna_data_02_mir/recover-20220922/UBNA_001/20220921_090000.WAV,Telephone Field,recover-20220922,001,1795
272.8865,272.9234,68437,81383,Rhinolophus ferrumequinum,0.021,0.021,-1,Echolocation,/mnt/ubna_data_02_mir/recover-20220922/UBNA_001/20220921_090000.WAV,Telephone Field,recover-20220922,001,1795
272.8975,272.9409,68437,82974,Rhinolophus ferrumequinum,0.026,0.026,-1,Echolocation,/mnt/ubna_data_02_mir/recover-20220922/UBNA_001/20220921_090000.WAV,Telephone Field,recover-20220922,001,1795
272.9265,272.9636,68437,81491,Rhinolophus ferrumequinum,0.022,0.022,-1,Echolocation,/mnt/ubna_data_02_mir/recover-20220922/UBNA_001/20220921_090000.WAV,Telephone Field,recover-20220922,001,1795
272.9385,272.9453,30625,46748,Myotis daubentonii,0.011,0.025,-1,Echolocation,/mnt/ubna_data_02_mir/recover-20220922/UBNA_001/20220921_090000.WAV,Telephone Field,recover-20220922,001,1795
272.9605,273.0011,68437,82484,Rhinolophus ferrumequinum,0.025,0.025,-1,Echolocation,/mnt/ubna_data_02_mir/recover-20220922/UBNA_001/20220921_090000.WAV,Telephone Field,recover-20220922,001,1795
272.9665,272.9739,27187,40969,Eptesicus serotinus,0.006,0.021,-1,Echolocation,/mnt/ubna_data_02_mir/recover-20220922/UBNA_001/20220921_090000.WAV,Telephone Field,recover-20220922,001,1795
273.0835,273.0939,22031,26896,Nyctalus leisleri,0.009,0.021,-1,Echolocation,/mnt/ubna_data_02_mir/recover-20220922/UBNA_001/20220921_090000.WAV,Telephone Field,recover-20220922,001,1795
273.0895,273.1009,22031,26016,Nyctalus leisleri,0.012,0.021,-1,Echolocation,/mnt/ubna_data_02_mir/recover-20220922/UBNA_001/20220921_090000.WAV,Telephone Field,recover-20220922,001,1795
273.1015,273.1347,68437,81074,Rhinolophus ferrumequinum,0.024,0.024,-1,Echolocation,/mnt/ubna_data_02_mir/recover-20220922/UBNA_001/20220921_090000.WAV,Telephone Field,recover-20220922,001,1795
273.1375,273.1768,68437,82371,Rhinolophus ferrumequinum,0.022,0.022,-1,Echolocation,/mnt/ubna_data_02_mir/recover-20220922/UBNA_001/20220921_090000.WAV,Telephone Field,recover-20220922,001,1795
273.1505,273.1904,68437,82283,Rhinolophus ferrumequinum,0.021,0.021,-1,Echolocation,/mnt/ubna_data_02_mir/recover-20220922/UBNA_001/20220921_090000.WAV,Telephone Field,recover-20220922,001,1795
273.1755,273.2142,68437,82041,Rhinolophus ferrumequinum,0.022,0.022,-1,Echolocation,/mnt/ubna_data_02_mir/recover-20220922/UBNA_001/20220921_090000.WAV,Telephone Field,recover-20220922,001,1795
273.1895,273.1969,27187,38500,Eptesicus serotinus,0.006,0.021,-1,Echolocation,/mnt/ubna_data_02_mir/recover-20220922/UBNA_001/20220921_090000.WAV,Telephone Field,recover-20220922,001,1795
273.2025,273.2374,68437,80996,Rhinolophus ferrumequinum,0.022,0.022,-1,Echolocation,/mnt/ubna_data_02_mir/recover-20220922/UBNA_001/20220921_090000.WAV,Telephone Field,recover-20220922,001,1795
273.2275,273.2663,68437,82420,Rhinolophus ferrumequinum,0.026,0.026,-1,Echolocation,/mnt/ubna_data_02_mir/recover-20220922/UBNA_001/20220921_090000.WAV,Telephone Field,recover-20220922,001,1795
273.2345,273.2425,25468,34718,Eptesicus serotinus,0.008,0.025,-1,Echolocation,/mnt/ubna_data_02_mir/recover-20220922/UBNA_001/20220921_090000.WAV,Telephone Field,recover-20220922,001,1795
273.2455,273.2557,28906,37196,Eptesicus serotinus,0.009,0.023,-1,Echolocation,/mnt/ubna_data_02_mir/recover-20220922/UBNA_001/20220921_090000.WAV,Telephone Field,recover-20220922,001,1795
273.2525,273.2928,68437,82466,Rhinolophus ferrumequinum,0.024,0.024,-1,Echolocation,/mnt/ubna_data_02_mir/recover-20220922/UBNA_001/20220921_090000.WAV,Telephone Field,recover-20220922,001,1795
273.2935,273.3315,68437,82083,Rhinolophus ferrumequinum,0.024,0.024,-1,Echolocation,/mnt/ubna_data_02_mir/recover-20220922/UBNA_001/20220921_090000.WAV,Telephone Field,recover-20220922,001,1795
273.3385,273.3467,47812,52737,Pipistrellus pipistrellus,0.035,0.037,-1,Echolocation,/mnt/ubna_data_02_mir/recover-20220922/UBNA_001/20220921_090000.WAV,Telephone Field,recover-20220922,001,1795
273.3705,273.4112,68437,82532,Rhinolophus ferrumequinum,0.024,0.024,-1,Echolocation,/mnt/ubna_data_02_mir/recover-20220922/UBNA_001/20220921_090000.WAV,Telephone Field,recover-20220922,001,1795
273.3785,273.4198,68437,82728,Rhinolophus ferrumequinum,0.023,0.023,-1,Echolocation,/mnt/ubna_data_02_mir/recover-20220922/UBNA_001/20220921_090000.WAV,Telephone Field,recover-20220922,001,1795
273.3815,273.3899,48671,55740,Pipistrellus pipistrellus,0.023,0.025,-1,Echolocation,/mnt/ubna_data_02_mir/recover-20220922/UBNA_001/20220921_090000.WAV,Telephone Field,recover-20220922,001,1795
273.4205,273.4331,25468,30393,Nyctalus leisleri,0.017,0.038,-1,Echolocation,/mnt/ubna_data_02_mir/recover-20220922/UBNA_001/20220921_090000.WAV,Telephone Field,recover-20220922,001,1795
273.4635,273.5017,68437,81394,Rhinolophus ferrumequinum,0.024,0.024,-1,Echolocation,/mnt/ubna_data_02_mir/recover-20220922/UBNA_001/20220921_090000.WAV,Telephone Field,recover-20220922,001,1795
273.5005,273.5401,68437,81876,Rhinolophus ferrumequinum,0.021,0.021,-1,Echolocation,/mnt/ubna_data_02_mir/recover-20220922/UBNA_001/20220921_090000.WAV,Telephone Field,recover-20220922,001,1795
273.5065,273.5462,68437,81721,Rhinolophus ferrumequinum,0.021,0.021,-1,Echolocation,/mnt/ubna_data_02_mir/recover-20220922/UBNA_001/20220921_090000.WAV,Telephone Field,recover-20220922,001,1795
273.5325,273.5739,68437,82808,Rhinolophus ferrumequinum,0.034,0.034,-1,Echolocation,/mnt/ubna_data_02_mir/recover-20220922/UBNA_001/20220921_090000.WAV,Telephone Field,recover-20220922,001,1795
273.6035,273.6398,68437,81492,Rhinolophus ferrumequinum,0.021,0.021,-1,Echolocation,/mnt/ubna_data_02_mir/recover-20220922/UBNA_001/20220921_090000.WAV,Telephone Field,recover-20220922,001,1795
273.6385,273.6774,68437,81809,Rhinolophus ferrumequinum,0.025,0.025,-1,Echolocation,/mnt/ubna_data_02_mir/recover-20220922/UBNA_001/20220921_090000.WAV,Telephone Field,recover-20220922,001,1795
273.7355,273.7543,20312,23314,Nyctalus leisleri,0.016,0.029,-1,Echolocation,/mnt/ubna_data_02_mir/recover-20220922/UBNA_001/20220921_090000.WAV,Telephone Field,recover-20220922,001,1795
273.7435,273.7803,68437,80935,Rhinolophus ferrumequinum,0.025,0.025,-1,Echolocation,/mnt/ubna_data_02_mir/recover-20220922/UBNA_001/20220921_090000.WAV,Telephone Field,recover-20220922,001,1795
273.7485,273.7553,24609,34362,Plecotus austriacus,0.012,0.028,-1,Echolocation,/mnt/ubna_data_02_mir/recover-20220922/UBNA_001/20220921_090000.WAV,Telephone Field,recover-20220922,001,1795
273.7685,273.8062,68437,81465,Rhinolophus ferrumequinum,0.028,0.029,-1,Echolocation,/mnt/ubna_data_02_mir/recover-20220922/UBNA_001/20220921_090000.WAV,Telephone Field,recover-20220922,001,1795
273.8015,273.8112,23750,30528,Nyctalus leisleri,0.008,0.024,-1,Echolocation,/mnt/ubna_data_02_mir/recover-20220922/UBNA_001/20220921_090000.WAV,Telephone Field,recover-20220922,001,1795
273.8315,273.8401,28906,37748,Eptesicus serotinus,0.008,0.021,-1,Echolocation,/mnt/ubna_data_02_mir/recover-20220922/UBNA_001/20220921_090000.WAV,Telephone Field,recover-20220922,001,1795
273.8665,273.8777,28906,35605,Eptesicus serotinus,0.014,0.027,-1,Echolocation,/mnt/ubna_data_02_mir/recover-20220922/UBNA_001/20220921_090000.WAV,Telephone Field,recover-20220922,001,1795
273.8835,273.9212,68437,81516,Rhinolophus ferrumequinum,0.023,0.023,-1,Echolocation,/mnt/ubna_data_02_mir/recover-20220922/UBNA_001/20220921_090000.WAV,Telephone Field,recover-20220922,001,1795
273.8985,273.9346,68437,81101,Rhinolophus ferrumequinum,0.021,0.021,-1,Echolocation,/mnt/ubna_data_02_mir/recover-20220922/UBNA_001/20220921_090000.WAV,Telephone Field,recover-20220922,001,1795
273.9145,273.9226,28046,37848,Eptesicus serotinus,0.007,0.021,-1,Echolocation,/mnt/ubna_data_02_mir/recover-20220922/UBNA_001/20220921_090000.WAV,Telephone Field,recover-20220922,001,1795
273.9875,273.9978,24609,32907,Nyctalus leisleri,0.007,0.023,-1,Echolocation,/mnt/ubna_data_02_mir/recover-20220922/UBNA_001/20220921_090000.WAV,Telephone Field,recover-20220922,001,1795
274.0015,274.0099,28906,36879,Eptesicus serotinus,0.006,0.023,-1,Echolocation,/mnt/ubna_data_02_mir/recover-20220922/UBNA_001/20220921_090000.WAV,Telephone Field,recover-20220922,001,1795
274.0015,274.0104,22031,28128,Nyctalus leisleri,0.007,0.023,-1,Echolocation,/mnt/ubna_data_02_mir/recover-20220922/UBNA_001/20220921_090000.WAV,Telephone Field,recover-20220922,001,1795
274.0015,274.0322,69296,81070,Rhinolophus ferrumequinum,0.036,0.036,-1,Echolocation,/mnt/ubna_data_02_mir/recover-20220922/UBNA_001/20220921_090000.WAV,Telephone Field,recover-20220922,001,1795
274.0015,274.0148,47812,51915,Pipistrellus pipistrellus,0.019,0.025,-1,Echolocation,/mnt/ubna_data_02_mir/recover-20220922/UBNA_001/20220921_090000.WAV,Telephone Field,recover-20220922,001,1795
274.0705,274.0801,47812,51849,Pipistrellus pipistrellus,0.022,0.024,-1,Echolocation,/mnt/ubna_data_02_mir/recover-20220922/UBNA_001/20220921_090000.WAV,Telephone Field,recover-20220922,001,1795
274.1125,274.1539,68437,82336,Rhinolophus ferrumequinum,0.024,0.024,-1,Echolocation,/mnt/ubna_data_02_mir/recover-20220922/UBNA_001/20220921_090000.WAV,Telephone Field,recover-20220922,001,1795
274.1205,274.1619,68437,82383,Rhinolophus ferrumequinum,0.023,0.023,-1,Echolocation,/mnt/ubna_data_02_mir/recover-20220922/UBNA_001/20220921_090000.WAV,Telephone Field,recover-20220922,001,1795
274.1525,274.1915,68437,81655,Rhinolophus ferrumequinum,0.022,0.022,-1,Echolocation,/mnt/ubna_data_02_mir/recover-20220922/UBNA_001/20220921_090000.WAV,Telephone Field,recover-20220922,001,1795
274.1715,274.1794,26328,36066,Eptesicus serotinus,0.008,0.023,-1,Echolocation,/mnt/ubna_data_02_mir/recover-20220922/UBNA_001/20220921_090000.WAV,Telephone Field,recover-20220922,001,1795
274.2295,274.2702,68437,82269,Rhinolophus ferrumequinum,0.023,0.023,-1,Echolocation,/mnt/ubna_data_02_mir/recover-20220922/UBNA_001/20220921_090000.WAV,Telephone Field,recover-20220922,001,1795
274.2435,274.2525,25468,33279,Eptesicus serotinus,0.009,0.024,-1,Echolocation,/mnt/ubna_data_02_mir/recover-20220922/UBNA_001/20220921_090000.WAV,Telephone Field,recover-20220922,001,1795
274.2485,274.2875,68437,81777,Rhinolophus ferrumequinum,0.026,0.026,-1,Echolocation,/mnt/ubna_data_02_mir/recover-20220922/UBNA_001/20220921_090000.WAV,Telephone Field,recover-20220922,001,1795
274.2545,274.2931,68437,82157,Rhinolophus ferrumequinum,0.024,0.024,-1,Echolocation,/mnt/ubna_data_02_mir/recover-20220922/UBNA_001/20220921_090000.WAV,Telephone Field,recover-20220922,001,1795
274.2685,274.3076,68437,82672,Rhinolophus ferrumequinum,0.023,0.023,-1,Echolocation,/mnt/ubna_data_02_mir/recover-20220922/UBNA_001/20220921_090000.WAV,Telephone Field,recover-20220922,001,1795
274.2995,274.336,68437,81337,Rhinolophus ferrumequinum,0.023,0.023,-1,Echolocation,/mnt/ubna_data_02_mir/recover-20220922/UBNA_001/20220921_090000.WAV,Telephone Field,recover-20220922,001,1795
274.3215,274.3625,68437,82838,Rhinolophus ferrumequinum,0.027,0.027,-1,Echolocation,/mnt/ubna_data_02_mir/recover-20220922/UBNA_001/20220921_090000.WAV,Telephone Field,recover-20220922,001,1795
274.3335,274.3439,28046,35279,Eptesicus serotinus,0.012,0.025,-1,Echolocation,/mnt/ubna_data_02_mir/recover-20220922/UBNA_001/20220921_090000.WAV,Telephone Field,recover-20220922,001,1795
274.3735,274.3916,20312,23114,Nyctalus leisleri,0.018,0.03,-1,Echolocation,/mnt/ubna_data_02_mir/recover-20220922/UBNA_001/20220921_090000.WAV,Telephone Field,recover-20220922,001,1795
274.3945,274.4357,68437,83146,Rhinolophus ferrumequinum,0.034,0.034,-1,Echolocation,/mnt/ubna_data_02_mir/recover-20220922/UBNA_001/20220921_090000.WAV,Telephone Field,recover-20220922,001,1795
274.3955,274.4046,28906,40623,Eptesicus serotinus,0.008,0.021,-1,Echolocation,/mnt/ubna_data_02_mir/recover-20220922/UBNA_001/20220921_090000.WAV,Telephone Field,recover-20220922,001,1795
274.4075,274.4162,28906,37225,Eptesicus serotinus,0.009,0.023,-1,Echolocation,/mnt/ubna_data_02_mir/recover-20220922/UBNA_001/20220921_090000.WAV,Telephone Field,recover-20220922,001,1795
274.4175,274.4578,68437,82107,Rhinolophus ferrumequinum,0.025,0.025,-1,Echolocation,/mnt/ubna_data_02_mir/recover-20220922/UBNA_001/20220921_090000.WAV,Telephone Field,recover-20220922,001,1795
274.4205,274.4289,43515,47641,Pipistrellus pipistrellus,0.03,0.033,-1,Echolocation,/mnt/ubna_data_02_mir/recover-20220922/UBNA_001/20220921_090000.WAV,Telephone Field,recover-20220922,001,1795
274.4235,274.4645,68437,82933,Rhinolophus ferrumequinum,0.025,0.025,-1,Echolocation,/mnt/ubna_data_02_mir/recover-20220922/UBNA_001/20220921_090000.WAV,Telephone Field,recover-20220922,001,1795
274.4605,274.4985,68437,82327,Rhinolophus ferrumequinum,0.023,0.023,-1,Echolocation,/mnt/ubna_data_02_mir/recover-20220922/UBNA_001/20220921_090000.WAV,Telephone Field,recover-20220922,001,1795
274.4825,274.5253,68437,82781,Rhinolophus ferrumequinum,0.054,0.054,-1,Echolocation,/mnt/ubna_data_02_mir/recover-20220922/UBNA_001/20220921_090000.WAV,Telephone Field,recover-20220922,001,1795
274.5215,274.5652,68437,82692,Rhinolophus ferrumequinum,0.046,0.046,-1,Echolocation,/mnt/ubna_data_02_mir/recover-20220922/UBNA_001/20220921_090000.WAV,Telephone Field,recover-20220922,001,1795
274.5505,274.5592,26328,36089,Eptesicus serotinus,0.014,0.034,-1,Echolocation,/mnt/ubna_data_02_mir/recover-20220922/UBNA_001/20220921_090000.WAV,Telephone Field,recover-20220922,001,1795
274.5785,274.5897,29765,36310,Eptesicus serotinus,0.009,0.022,-1,Echolocation,/mnt/ubna_data_02_mir/recover-20220922/UBNA_001/20220921_090000.WAV,Telephone Field,recover-20220922,001,1795
274.5795,274.6226,68437,82972,Rhinolophus ferrumequinum,0.025,0.025,-1,Echolocation,/mnt/ubna_data_02_mir/recover-20220922/UBNA_001/20220921_090000.WAV,Telephone Field,recover-20220922,001,1795
274.6065,274.6465,68437,82399,Rhinolophus ferrumequinum,0.022,0.022,-1,Echolocation,/mnt/ubna_data_02_mir/recover-20220922/UBNA_001/20220921_090000.WAV,Telephone Field,recover-20220922,001,1795
274.6415,274.6785,68437,82457,Rhinolophus ferrumequinum,0.024,0.025,-1,Echolocation,/mnt/ubna_data_02_mir/recover-20220922/UBNA_001/20220921_090000.WAV,Telephone Field,recover-20220922,001,1795
274.6575,274.698,68437,81933,Rhinolophus ferrumequinum,0.026,0.026,-1,Echolocation,/mnt/ubna_data_02_mir/recover-20220922/UBNA_001/20220921_090000.WAV,Telephone Field,recover-20220922,001,1795
274.6755,274.6882,24609,30833,Eptesicus serotinus,0.009,0.022,-1,Echolocation,/mnt/ubna_data_02_mir/recover-20220922/UBNA_001/20220921_090000.WAV,Telephone Field,recover-20220922,001,1795
274.6845,274.6947,23750,29926,Nyctalus leisleri,0.009,0.022,-1,Echolocation,/mnt/ubna_data_02_mir/recover-20220922/UBNA_001/20220921_090000.WAV,Telephone Field,recover-20220922,001,1795
274.6955,274.7345,68437,82102,Rhinolophus ferrumequinum,0.024,0.024,-1,Echolocation,/mnt/ubna_data_02_mir/recover-20220922/UBNA_001/20220921_090000.WAV,Telephone Field,recover-20220922,001,1795
274.7045,274.7439,68437,81936,Rhinolophus ferrumequinum,0.021,0.021,-1,Echolocation,/mnt/ubna_data_02_mir/recover-20220922/UBNA_001/20220921_090000.WAV,Telephone Field,recover-20220922,001,1795
274.7155,274.7249,26328,34604,Eptesicus serotinus,0.01,0.022,-1,Echolocation,/mnt/ubna_data_02_mir/recover-20220922/UBNA_001/20220921_090000.WAV,Telephone Field,recover-20220922,001,1795
274.7305,274.7716,68437,82314,Rhinolophus ferrumequinum,0.024,0.024,-1,Echolocation,/mnt/ubna_data_02_mir/recover-20220922/UBNA_001/20220921_090000.WAV,Telephone Field,recover-20220922,001,1795
274.7455,274.7565,45234,48516,Pipistrellus pipistrellus,0.022,0.024,-1,Echolocation,/mnt/ubna_data_02_mir/recover-20220922/UBNA_001/20220921_090000.WAV,Telephone Field,recover-20220922,001,1795
274.7465,274.7863,68437,82034,Rhinolophus ferrumequinum,0.022,0.022,-1,Echolocation,/mnt/ubna_data_02_mir/recover-20220922/UBNA_001/20220921_090000.WAV,Telephone Field,recover-20220922,001,1795
274.8075,274.8474,68437,82748,Rhinolophus ferrumequinum,0.023,0.023,-1,Echolocation,/mnt/ubna_data_02_mir/recover-20220922/UBNA_001/20220921_090000.WAV,Telephone Field,recover-20220922,001,1795
274.8305,274.8423,42656,46705,Pipistrellus pipistrellus,0.023,0.028,-1,Echolocation,/mnt/ubna_data_02_mir/recover-20220922/UBNA_001/20220921_090000.WAV,Telephone Field,recover-20220922,001,1795
274.8515,274.8894,68437,81999,Rhinolophus ferrumequinum,0.027,0.027,-1,Echolocation,/mnt/ubna_data_02_mir/recover-20220922/UBNA_001/20220921_090000.WAV,Telephone Field,recover-20220922,001,1795
274.8575,274.8991,68437,82551,Rhinolophus ferrumequinum,0.026,0.026,-1,Echolocation,/mnt/ubna_data_02_mir/recover-20220922/UBNA_001/20220921_090000.WAV,Telephone Field,recover-20220922,001,1795
274.8985,274.9398,68437,82256,Rhinolophus ferrumequinum,0.027,0.027,-1,Echolocation,/mnt/ubna_data_02_mir/recover-20220922/UBNA_001/20220921_090000.WAV,Telephone Field,recover-20220922,001,1795
274.9715,274.9826,22890,27155,Nyctalus leisleri,0.014,0.024,-1,Echolocation,/mnt/ubna_data_02_mir/recover-20220922/UBNA_001/20220921_090000.WAV,Telephone Field,recover-20220922,001,1795
275.0425,275.0499,26328,37638,Eptesicus serotinus,0.007,0.022,-1,Echolocation,/mnt/ubna_data_02_mir/recover-20220922/UBNA_001/20220921_090000.WAV,Telephone Field,recover-20220922,001,1795
275.0525,275.0627,28046,37360,Eptesicus serotinus,0.014,0.028,-1,Echolocation,/mnt/ubna_data_02_mir/recover-20220922/UBNA_001/20220921_090000.WAV,Telephone Field,recover-20220922,001,1795
275.0775,275.1181,68437,82664,Rhinolophus ferrumequinum,0.024,0.024,-1,Echolocation,/mnt/ubna_data_02_mir/recover-20220922/UBNA_001/20220921_090000.WAV,Telephone Field,recover-20220922,001,1795
275.0815,275.0952,44375,47233,Pipistrellus pipistrellus,0.041,0.043,-1,Echolocation,/mnt/ubna_data_02_mir/recover-20220922/UBNA_001/20220921_090000.WAV,Telephone Field,recover-20220922,001,1795
275.0995,275.1411,68437,82615,Rhinolophus ferrumequinum,0.023,0.023,-1,Echolocation,/mnt/ubna_data_02_mir/recover-20220922/UBNA_001/20220921_090000.WAV,Telephone Field,recover-20220922,001,1795
275.1135,275.1205,24609,33929,Plecotus austriacus,0.009,0.023,-1,Echolocation,/mnt/ubna_data_02_mir/recover-20220922/UBNA_001/20220921_090000.WAV,Telephone Field,recover-20220922,001,1795
275.1415,275.1499,28906,37096,Eptesicus serotinus,0.01,0.023,-1,Echolocation,/mnt/ubna_data_02_mir/recover-20220922/UBNA_001/20220921_090000.WAV,Telephone Field,recover-20220922,001,1795
275.1455,275.1846,68437,82142,Rhinolophus ferrumequinum,0.022,0.022,-1,Echolocation,/mnt/ubna_data_02_mir/recover-20220922/UBNA_001/20220921_090000.WAV,Telephone Field,recover-20220922,001,1795
275.1605,275.1994,68437,82797,Rhinolophus ferrumequinum,0.025,0.025,-1,Echolocation,/mnt/ubna_data_02_mir/recover-20220922/UBNA_001/20220921_090000.WAV,Telephone Field,recover-20220922,001,1795
275.2345,275.2782,68437,82598,Rhinolophus ferrumequinum,0.024,0.024,-1,Echolocation,/mnt/ubna_data_02_mir/recover-20220922/UBNA_001/20220921_090000.WAV,Telephone Field,recover-20220922,001,1795
275.2475,275.2915,68437,83361,Rhinolophus ferrumequinum,0.034,0.034,-1,Echolocation,/mnt/ubna_data_02_mir/recover-20220922/UBNA_001/20220921_090000.WAV,Telephone Field,recover-20220922,001,1795
275.2695,275.3076,68437,81502,Rhinolophus ferrumequinum,0.023,0.023,-1,Echolocation,/mnt/ubna_data_02_mir/recover-20220922/UBNA_001/20220921_090000.WAV,Telephone Field,recover-20220922,001,1795
275.2775,275.2891,28906,34815,Eptesicus serotinus,0.013,0.026,-1,Echolocation,/mnt/ubna_data_02_mir/recover-20220922/UBNA_001/20220921_090000.WAV,Telephone Field,recover-20220922,001,1795
275.2905,275.3307,68437,82433,Rhinolophus ferrumequinum,0.023,0.023,-1,Echolocation,/mnt/ubna_data_02_mir/recover-20220922/UBNA_001/20220921_090000.WAV,Telephone Field,recover-20220922,001,1795
275.3075,275.3176,28906,36227,Eptesicus serotinus,0.01,0.024,-1,Echolocation,/mnt/ubna_data_02_mir/recover-20220922/UBNA_001/20220921_090000.WAV,Telephone Field,recover-20220922,001,1795
275.3365,275.3731,68437,82021,Rhinolophus ferrumequinum,0.024,0.024,-1,Echolocation,/mnt/ubna_data_02_mir/recover-20220922/UBNA_001/20220921_090000.WAV,Telephone Field,recover-20220922,001,1795
275.3635,275.4057,68437,82448,Rhinolophus ferrumequinum,0.023,0.023,-1,Echolocation,/mnt/ubna_data_02_mir/recover-20220922/UBNA_001/20220921_090000.WAV,Telephone Field,recover-20220922,001,1795
275.3675,275.3763,28046,35262,Eptesicus serotinus,0.018,0.037,-1,Echolocation,/mnt/ubna_data_02_mir/recover-20220922/UBNA_001/20220921_090000.WAV,Telephone Field,recover-20220922,001,1795
275.3805,275.4162,68437,81808,Rhinolophus ferrumequinum,0.027,0.027,-1,Echolocation,/mnt/ubna_data_02_mir/recover-20220922/UBNA_001/20220921_090000.WAV,Telephone Field,recover-20220922,001,1795
275.4395,275.4802,68437,82221,Rhinolophus ferrumequinum,0.028,0.028,-1,Echolocation,/mnt/ubna_data_02_mir/recover-20220922/UBNA_001/20220921_090000.WAV,Telephone Field,recover-20220922,001,1795
275.4515,275.4899,68437,82300,Rhinolophus ferrumequinum,0.021,0.021,-1,Echolocation,/mnt/ubna_data_02_mir/recover-20220922/UBNA_001/20220921_090000.WAV,Telephone Field,recover-20220922,001,1795
275.4765,275.4861,23750,30530,Nyctalus leisleri,0.007,0.022,-1,Echolocation,/mnt/ubna_data_02_mir/recover-20220922/UBNA_001/20220921_090000.WAV,Telephone Field,recover-20220922,001,1795
275.4865,275.5222,68437,81825,Rhinolophus ferrumequinum,0.022,0.022,-1,Echolocation,/mnt/ubna_data_02_mir/recover-20220922/UBNA_001/20220921_090000.WAV,Telephone Field,recover-20220922,001,1795
275.5035,275.5417,68437,82085,Rhinolophus ferrumequinum,0.024,0.024,-1,Echolocation,/mnt/ubna_data_02_mir/recover-20220922/UBNA_001/20220921_090000.WAV,Telephone Field,recover-20220922,001,1795
275.5245,275.5682,68437,83310,Rhinolophus ferrumequinum,0.031,0.031,-1,Echolocation,/mnt/ubna_data_02_mir/recover-20220922/UBNA_001/20220921_090000.WAV,Telephone Field,recover-20220922,001,1795
275.5745,275.6148,68437,82302,Rhinolophus ferrumequinum,0.023,0.023,-1,Echolocation,/mnt/ubna_data_02_mir/recover-20220922/UBNA_001/20220921_090000.WAV,Telephone Field,recover-20220922,001,1795
275.5895,275.6281,68437,81745,Rhinolophus ferrumequinum,0.022,0.022,-1,Echolocation,/mnt/ubna_data_02_mir/recover-20220922/UBNA_001/20220921_090000.WAV,Telephone Field,recover-20220922,001,1795
275.6065,275.6472,68437,81674,Rhinolophus ferrumequinum,0.023,0.023,-1,Echolocation,/mnt/ubna_data_02_mir/recover-20220922/UBNA_001/20220921_090000.WAV,Telephone Field,recover-20220922,001,1795
275.6325,275.6792,68437,83341,Rhinolophus ferrumequinum,0.034,0.034,-1,Echolocation,/mnt/ubna_data_02_mir/recover-20220922/UBNA_001/20220921_090000.WAV,Telephone Field,recover-20220922,001,1795
275.6635,275.7024,68437,82640,Rhinolophus ferrumequinum,0.025,0.025,-1,Echolocation,/mnt/ubna_data_02_mir/recover-20220922/UBNA_001/20220921_090000.WAV,Telephone Field,recover-20220922,001,1795
275.6825,275.7189,68437,81476,Rhinolophus ferrumequinum,0.023,0.023,-1,Echolocation,/mnt/ubna_data_02_mir/recover-20220922/UBNA_001/20220921_090000.WAV,Telephone Field,recover-20220922,001,1795
275.7335,275.771,68437,81816,Rhinolophus ferrumequinum,0.021,0.022,-1,Echolocation,/mnt/ubna_data_02_mir/recover-20220922/UBNA_001/20220921_090000.WAV,Telephone Field,recover-20220922,001,1795
275.7365,275.7477,28906,35726,Eptesicus serotinus,0.011,0.025,-1,Echolocation,/mnt/ubna_data_02_mir/recover-20220922/UBNA_001/20220921_090000.WAV,Telephone Field,recover-20220922,001,1795
275.7625,275.8065,68437,83550,Rhinolophus ferrumequinum,0.045,0.045,-1,Echolocation,/mnt/ubna_data_02_mir/recover-20220922/UBNA_001/20220921_090000.WAV,Telephone Field,recover-20220922,001,1795
275.7745,275.8143,68437,82316,Rhinolophus ferrumequinum,0.021,0.021,-1,Echolocation,/mnt/ubna_data_02_mir/recover-20220922/UBNA_001/20220921_090000.WAV,Telephone Field,recover-20220922,001,1795
275.8185,275.8629,68437,83406,Rhinolophus ferrumequinum,0.027,0.027,-1,Echolocation,/mnt/ubna_data_02_mir/recover-20220922/UBNA_001/20220921_090000.WAV,Telephone Field,recover-20220922,001,1795
275.8215,275.8317,26328,33559,Eptesicus serotinus,0.01,0.024,-1,Echolocation,/mnt/ubna_data_02_mir/recover-20220922/UBNA_001/20220921_090000.WAV,Telephone Field,recover-20220922,001,1795
275.8505,275.8831,68437,80755,Rhinolophus ferrumequinum,0.035,0.035,-1,Echolocation,/mnt/ubna_data_02_mir/recover-20220922/UBNA_001/20220921_090000.WAV,Telephone Field,recover-20220922,001,1795
275.8505,275.8624,49531,54780,Pipistrellus pipistrellus,0.023,0.028,-1,Echolocation,/mnt/ubna_data_02_mir/recover-20220922/UBNA_001/20220921_090000.WAV,Telephone Field,recover-20220922,001,1795
275.8765,275.9171,68437,82124,Rhinolophus ferrumequinum,0.022,0.022,-1,Echolocation,/mnt/ubna_data_02_mir/recover-20220922/UBNA_001/20220921_090000.WAV,Telephone Field,recover-20220922,001,1795
275.9015,275.9118,27187,40235,Eptesicus serotinus,0.022,0.038,-1,Echolocation,/mnt/ubna_data_02_mir/recover-20220922/UBNA_001/20220921_090000.WAV,Telephone Field,recover-20220922,001,1795
275.9075,275.9519,68437,82985,Rhinolophus ferrumequinum,0.029,0.029,-1,Echolocation,/mnt/ubna_data_02_mir/recover-20220922/UBNA_001/20220921_090000.WAV,Telephone Field,recover-20220922,001,1795
275.9435,275.9844,68437,82971,Rhinolophus ferrumequinum,0.025,0.025,-1,Echolocation,/mnt/ubna_data_02_mir/recover-20220922/UBNA_001/20220921_090000.WAV,Telephone Field,recover-20220922,001,1795
275.9595,275.9973,68437,81977,Rhinolophus ferrumequinum,0.022,0.022,-1,Echolocation,/mnt/ubna_data_02_mir/recover-20220922/UBNA_001/20220921_090000.WAV,Telephone Field,recover-20220922,001,1795
276.0015,276.0098,25468,35404,Nyctalus leisleri,0.008,0.028,-1,Echolocation,/mnt/ubna_data_02_mir/recover-20220922/UBNA_001/20220921_090000.WAV,Telephone Field,recover-20220922,001,1795
276.0015,276.035,68437,80307,Rhinolophus ferrumequinum,0.022,0.023,-1,Echolocation,/mnt/ubna_data_02_mir/recover-20220922/UBNA_001/20220921_090000.WAV,Telephone Field,recover-20220922,001,1795
276.0015,276.0155,16875,22823,Nyctalus noctula,0.011,0.028,-1,Echolocation,/mnt/ubna_data_02_mir/recover-20220922/UBNA_001/20220921_090000.WAV,Telephone Field,recover-20220922,001,1795
276.0025,276.0126,39218,43432,Pipistrellus pipistrellus,0.014,0.026,-1,Echolocation,/mnt/ubna_data_02_mir/recover-20220922/UBNA_001/20220921_090000.WAV,Telephone Field,recover-20220922,001,1795
276.0095,276.0527,68437,82250,Rhinolophus ferrumequinum,0.02,0.02,-1,Echolocation,/mnt/ubna_data_02_mir/recover-20220922/UBNA_001/20220921_090000.WAV,Telephone Field,recover-20220922,001,1795
276.0385,276.075,68437,81228,Rhinolophus ferrumequinum,0.02,0.02,-1,Echolocation,/mnt/ubna_data_02_mir/recover-20220922/UBNA_001/20220921_090000.WAV,Telephone Field,recover-20220922,001,1795
276.0525,276.0598,28046,38896,Eptesicus serotinus,0.006,0.021,-1,Echolocation,/mnt/ubna_data_02_mir/recover-20220922/UBNA_001/20220921_090000.WAV,Telephone Field,recover-20220922,001,1795
276.0555,276.0927,68437,81870,Rhinolophus ferrumequinum,0.02,0.02,-1,Echolocation,/mnt/ubna_data_02_mir/recover-20220922/UBNA_001/20220921_090000.WAV,Telephone Field,recover-20220922,001,1795
276.0655,276.1025,68437,81973,Rhinolophus ferrumequinum,0.022,0.022,-1,Echolocation,/mnt/ubna_data_02_mir/recover-20220922/UBNA_001/20220921_090000.WAV,Telephone Field,recover-20220922,001,1795
276.0775,276.1175,68437,82466,Rhinolophus ferrumequinum,0.021,0.021,-1,Echolocation,/mnt/ubna_data_02_mir/recover-20220922/UBNA_001/20220921_090000.WAV,Telephone Field,recover-20220922,001,1795
276.0975,276.1079,22031,26884,Nyctalus leisleri,0.01,0.022,-1,Echolocation,/mnt/ubna_data_02_mir/recover-20220922/UBNA_001/20220921_090000.WAV,Telephone Field,recover-20220922,001,1795
276.1125,276.1235,22890,27505,Nyctalus leisleri,0.015,0.027,-1,Echolocation,/mnt/ubna_data_02_mir/recover-20220922/UBNA_001/20220921_090000.WAV,Telephone Field,recover-20220922,001,1795
276.1155,276.1592,68437,83078,Rhinolophus ferrumequinum,0.037,0.037,-1,Echolocation,/mnt/ubna_data_02_mir/recover-20220922/UBNA_001/20220921_090000.WAV,Telephone Field,recover-20220922,001,1795
276.1585,276.1964,68437,82242,Rhinolophus ferrumequinum,0.021,0.021,-1,Echolocation,/mnt/ubna_data_02_mir/recover-20220922/UBNA_001/20220921_090000.WAV,Telephone Field,recover-20220922,001,1795
276.2065,276.2479,68437,83142,Rhinolophus ferrumequinum,0.029,0.029,-1,Echolocation,/mnt/ubna_data_02_mir/recover-20220922/UBNA_001/20220921_090000.WAV,Telephone Field,recover-20220922,001,1795
276.2205,276.2287,28906,37445,Eptesicus serotinus,0.006,0.021,-1,Echolocation,/mnt/ubna_data_02_mir/recover-20220922/UBNA_001/20220921_090000.WAV,Telephone Field,recover-20220922,001,1795
276.2225,276.2299,24609,32778,Plecotus austriacus,0.007,0.021,-1,Echolocation,/mnt/ubna_data_02_mir/recover-20220922/UBNA_001/20220921_090000.WAV,Telephone Field,recover-20220922,001,1795
276.2385,276.2845,68437,83786,Rhinolophus ferrumequinum,0.04,0.04,-1,Echolocation,/mnt/ubna_data_02_mir/recover-20220922/UBNA_001/20220921_090000.WAV,Telephone Field,recover-20220922,001,1795
276.2615,276.3023,68437,82774,Rhinolophus ferrumequinum,0.025,0.025,-1,Echolocation,/mnt/ubna_data_02_mir/recover-20220922/UBNA_001/20220921_090000.WAV,Telephone Field,recover-20220922,001,1795
276.3025,276.3426,68437,82516,Rhinolophus ferrumequinum,0.021,0.021,-1,Echolocation,/mnt/ubna_data_02_mir/recover-20220922/UBNA_001/20220921_090000.WAV,Telephone Field,recover-20220922,001,1795
276.3075,276.3162,28046,36868,Eptesicus serotinus,0.007,0.02,-1,Echolocation,/mnt/ubna_data_02_mir/recover-20220922/UBNA_001/20220921_090000.WAV,Telephone Field,recover-20220922,001,1795
276.3185,276.3546,68437,82195,Rhinolophus ferrumequinum,0.021,0.021,-1,Echolocation,/mnt/ubna_data_02_mir/recover-20220922/UBNA_001/20220921_090000.WAV,Telephone Field,recover-20220922,001,1795
276.3275,276.3368,43515,54109,Pipistrellus pipistrellus,0.013,0.02,-1,Echolocation,/mnt/ubna_data_02_mir/recover-20220922/UBNA_001/20220921_090000.WAV,Telephone Field,recover-20220922,001,1795
276.3485,276.3868,68437,81050,Rhinolophus ferrumequinum,0.024,0.024,-1,Echolocation,/mnt/ubna_data_02_mir/recover-20220922/UBNA_001/20220921_090000.WAV,Telephone Field,recover-20220922,001,1795
276.3835,276.4217,68437,81658,Rhinolophus ferrumequinum,0.022,0.022,-1,Echolocation,/mnt/ubna_data_02_mir/recover-20220922/UBNA_001/20220921_090000.WAV,Telephone Field,recover-20220922,001,1795
276.3885,276.3988,49531,55466,Pipistrellus pipistrellus,0.016,0.021,-1,Echolocation,/mnt/ubna_data_02_mir/recover-20220922/UBNA_001/20220921_090000.WAV,Telephone Field,recover-20220922,001,1795
276.4895,276.5292,68437,82374,Rhinolophus ferrumequinum,0.026,0.026,-1,Echolocation,/mnt/ubna_data_02_mir/recover-20220922/UBNA_001/20220921_090000.WAV,Telephone Field,recover-20220922,001,1795
276.4975,276.5357,68437,81906,Rhinolophus ferrumequinum,0.022,0.022,-1,Echolocation,/mnt/ubna_data_02_mir/recover-20220922/UBNA_001/20220921_090000.WAV,Telephone Field,recover-20220922,001,1795
276.5245,276.5614,68437,80895,Rhinolophus ferrumequinum,0.023,0.023,-1,Echolocation,/mnt/ubna_data_02_mir/recover-20220922/UBNA_001/20220921_090000.WAV,Telephone Field,recover-20220922,001,1795
276.5315,276.5684,68437,82090,Rhinolophus ferrumequinum,0.022,0.022,-1,Echolocation,/mnt/ubna_data_02_mir/recover-20220922/UBNA_001/20220921_090000.WAV,Telephone Field,recover-20220922,001,1795
276.5475,276.5871,68437,81686,Rhinolophus ferrumequinum,0.023,0.023,-1,Echolocation,/mnt/ubna_data_02_mir/recover-20220922/UBNA_001/20220921_090000.WAV,Telephone Field,recover-20220922,001,1795
276.5485,276.5567,25468,33932,Eptesicus serotinus,0.006,0.02,-1,Echolocation,/mnt/ubna_data_02_mir/recover-20220922/UBNA_001/20220921_090000.WAV,Telephone Field,recover-20220922,001,1795
276.5745,276.5909,20312,23379,Nyctalus leisleri,0.013,0.021,-1,Echolocation,/mnt/ubna_data_02_mir/recover-20220922/UBNA_001/20220921_090000.WAV,Telephone Field,recover-20220922,001,1795
276.5915,276.5988,25468,37030,Eptesicus serotinus,0.005,0.02,-1,Echolocation,/mnt/ubna_data_02_mir/recover-20220922/UBNA_001/20220921_090000.WAV,Telephone Field,recover-20220922,001,1795
276.6165,276.6579,68437,82264,Rhinolophus ferrumequinum,0.021,0.021,-1,Echolocation,/mnt/ubna_data_02_mir/recover-20220922/UBNA_001/20220921_090000.WAV,Telephone Field,recover-20220922,001,1795
276.6335,276.6722,68437,82166,Rhinolophus ferrumequinum,0.02,0.02,-1,Echolocation,/mnt/ubna_data_02_mir/recover-20220922/UBNA_001/20220921_090000.WAV,Telephone Field,recover-20220922,001,1795
276.6515,276.6738,18593,21607,Nyctalus noctula,0.014,0.027,-1,Echolocation,/mnt/ubna_data_02_mir/recover-20220922/UBNA_001/20220921_090000.WAV,Telephone Field,recover-20220922,001,1795
276.6525,276.6902,68437,81604,Rhinolophus ferrumequinum,0.025,0.025,-1,Echolocation,/mnt/ubna_data_02_mir/recover-20220922/UBNA_001/20220921_090000.WAV,Telephone Field,recover-20220922,001,1795
276.6605,276.7001,68437,81757,Rhinolophus ferrumequinum,0.022,0.022,-1,Echolocation,/mnt/ubna_data_02_mir/recover-20220922/UBNA_001/20220921_090000.WAV,Telephone Field,recover-20220922,001,1795
276.6635,276.673,46093,50337,Pipistrellus pipistrellus,0.03,0.031,-1,Echolocation,/mnt/ubna_data_02_mir/recover-20220922/UBNA_001/20220921_090000.WAV,Telephone Field,recover-20220922,001,1795
276.6885,276.728,68437,81732,Rhinolophus ferrumequinum,0.021,0.021,-1,Echolocation,/mnt/ubna_data_02_mir/recover-20220922/UBNA_001/20220921_090000.WAV,Telephone Field,recover-20220922,001,1795
276.7015,276.7429,68437,82648,Rhinolophus ferrumequinum,0.026,0.026,-1,Echolocation,/mnt/ubna_data_02_mir/recover-20220922/UBNA_001/20220921_090000.WAV,Telephone Field,recover-20220922,001,1795
276.7095,276.7532,68437,82828,Rhinolophus ferrumequinum,0.027,0.027,-1,Echolocation,/mnt/ubna_data_02_mir/recover-20220922/UBNA_001/20220921_090000.WAV,Telephone Field,recover-20220922,001,1795
276.7225,276.7447,18593,21672,Nyctalus noctula,0.013,0.024,-1,Echolocation,/mnt/ubna_data_02_mir/recover-20220922/UBNA_001/20220921_090000.WAV,Telephone Field,recover-20220922,001,1795
276.7245,276.7634,68437,82085,Rhinolophus ferrumequinum,0.02,0.021,-1,Echolocation,/mnt/ubna_data_02_mir/recover-20220922/UBNA_001/20220921_090000.WAV,Telephone Field,recover-20220922,001,1795
276.7315,276.7722,68437,82565,Rhinolophus ferrumequinum,0.022,0.022,-1,Echolocation,/mnt/ubna_data_02_mir/recover-20220922/UBNA_001/20220921_090000.WAV,Telephone Field,recover-20220922,001,1795
276.7345,276.7414,23750,33311,Plecotus austriacus,0.013,0.028,-1,Echolocation,/mnt/ubna_data_02_mir/recover-20220922/UBNA_001/20220921_090000.WAV,Telephone Field,recover-20220922,001,1795
276.7435,276.7819,68437,82278,Rhinolophus ferrumequinum,0.025,0.025,-1,Echolocation,/mnt/ubna_data_02_mir/recover-20220922/UBNA_001/20220921_090000.WAV,Telephone Field,recover-20220922,001,1795
276.7495,276.7617,23750,29007,Eptesicus serotinus,0.033,0.091,-1,Echolocation,/mnt/ubna_data_02_mir/recover-20220922/UBNA_001/20220921_090000.WAV,Telephone Field,recover-20220922,001,1795
276.7525,276.7621,16875,23809,Nyctalus noctula,0.015,0.037,-1,Echolocation,/mnt/ubna_data_02_mir/recover-20220922/UBNA_001/20220921_090000.WAV,Telephone Field,recover-20220922,001,1795
276.7755,276.8134,68437,82252,Rhinolophus ferrumequinum,0.02,0.02,-1,Echolocation,/mnt/ubna_data_02_mir/recover-20220922/UBNA_001/20220921_090000.WAV,Telephone Field,recover-20220922,001,1795
276.7915,276.8288,68437,81992,Rhinolophus ferrumequinum,0.02,0.02,-1,Echolocation,/mnt/ubna_data_02_mir/recover-20220922/UBNA_001/20220921_090000.WAV,Telephone Field,recover-20220922,001,1795
276.8005,276.8083,28046,37019,Eptesicus serotinus,0.007,0.021,-1,Echolocation,/mnt/ubna_data_02_mir/recover-20220922/UBNA_001/20220921_090000.WAV,Telephone Field,recover-20220922,001,1795
276.8145,276.8521,68437,82007,Rhinolophus ferrumequinum,0.024,0.024,-1,Echolocation,/mnt/ubna_data_02_mir/recover-20220922/UBNA_001/20220921_090000.WAV,Telephone Field,recover-20220922,001,1795
276.8185,276.8281,26328,34799,Eptesicus serotinus,0.009,0.021,-1,Echolocation,/mnt/ubna_data_02_mir/recover-20220922/UBNA_001/20220921_090000.WAV,Telephone Field,recover-20220922,001,1795
276.8295,276.8689,68437,81647,Rhinolophus ferrumequinum,0.02,0.02,-1,Echolocation,/mnt/ubna_data_02_mir/recover-20220922/UBNA_001/20220921_090000.WAV,Telephone Field,recover-20220922,001,1795
276.8445,276.8832,68437,81902,Rhinolophus ferrumequinum,0.021,0.021,-1,Echolocation,/mnt/ubna_data_02_mir/recover-20220922/UBNA_001/20220921_090000.WAV,Telephone Field,recover-20220922,001,1795
276.8525,276.8595,43515,47925,Pipistrellus pipistrellus,0.02,0.022,-1,Echolocation,/mnt/ubna_data_02_mir/recover-20220922/UBNA_001/20220921_090000.WAV,Telephone Field,recover-20220922,001,1795
276.8735,276.9116,68437,82196,Rhinolophus ferrumequinum,0.022,0.022,-1,Echolocation,/mnt/ubna_data_02_mir/recover-20220922/UBNA_001/20220921_090000.WAV,Telephone Field,recover-20220922,001,1795
276.9485,276.9876,68437,82290,Rhinolophus ferrumequinum,0.029,0.029,-1,Echolocation,/mnt/ubna_data_02_mir/recover-20220922/UBNA_001/20220921_090000.WAV,Telephone Field,recover-20220922,001,1795
276.9755,277.0156,68437,82149,Rhinolophus ferrumequinum,0.028,0.028,-1,Echolocation,/mnt/ubna_data_02_mir/recover-20220922/UBNA_001/20220921_090000.WAV,Telephone Field,recover-20220922,001,1795
277.0065,277.0464,68437,81991,Rhinolophus ferrumequinum,0.033,0.033,-1,Echolocation,/mnt/ubna_data_02_mir/recover-20220922/UBNA_001/20220921_090000.WAV,Telephone Field,recover-20220922,001,1795
277.0505,277.0621,22031,25895,Nyctalus leisleri,0.012,0.021,-1,Echolocation,/mnt/ubna_data_02_mir/recover-20220922/UBNA_001/20220921_090000.WAV,Telephone Field,recover-20220922,001,1795
277.0505,277.0922,68437,82576,Rhinolophus ferrumequinum,0.032,0.032,-1,Echolocation,/mnt/ubna_data_02_mir/recover-20220922/UBNA_001/20220921_090000.WAV,Telephone Field,recover-20220922,001,1795
277.0595,277.1013,68437,83096,Rhinolophus ferrumequinum,0.027,0.027,-1,Echolocation,/mnt/ubna_data_02_mir/recover-20220922/UBNA_001/20220921_090000.WAV,Telephone Field,recover-20220922,001,1795
277.0715,277.0805,48671,52483,Pipistrellus pipistrellus,0.019,0.023,-1,Echolocation,/mnt/ubna_data_02_mir/recover-20220922/UBNA_001/20220921_090000.WAV,Telephone Field,recover-20220922,001,1795
277.0875,277.1237,68437,81100,Rhinolophus ferrumequinum,0.02,0.02,-1,Echolocation,/mnt/ubna_data_02_mir/recover-20220922/UBNA_001/20220921_090000.WAV,Telephone Field,recover-20220922,001,1795
277.0955,277.1034,50390,56794,Pipistrellus pipistrellus,0.017,0.02,-1,Echolocation,/mnt/ubna_data_02_mir/recover-20220922/UBNA_001/20220921_090000.WAV,Telephone Field,recover-20220922,001,1795
277.1115,277.1458,68437,81156,Rhinolophus ferrumequinum,0.027,0.027,-1,Echolocation,/mnt/ubna_data_02_mir/recover-20220922/UBNA_001/20220921_090000.WAV,Telephone Field,recover-20220922,001,1795
277.1235,277.1624,68437,82787,Rhinolophus ferrumequinum,0.024,0.024,-1,Echolocation,/mnt/ubna_data_02_mir/recover-20220922/UBNA_001/20220921_090000.WAV,Telephone Field,recover-20220922,001,1795
277.1315,277.1725,68437,83004,Rhinolophus ferrumequinum,0.024,0.024,-1,Echolocation,/mnt/ubna_data_02_mir/recover-20220922/UBNA_001/20220921_090000.WAV,Telephone Field,recover-20220922,001,1795
277.1595,277.1671,15156,26009,Plecotus auritus,0.014,0.021,-1,Echolocation,/mnt/ubna_data_02_mir/recover-20220922/UBNA_001/20220921_090000.WAV,Telephone Field,recover-20220922,001,1795
277.1605,277.1697,45234,54282,Pipistrellus pipistrellus,0.017,0.021,-1,Echolocation,/mnt/ubna_data_02_mir/recover-20220922/UBNA_001/20220921_090000.WAV,Telephone Field,recover-20220922,001,1795
277.1835,277.2241,68437,82063,Rhinolophus ferrumequinum,0.024,0.024,-1,Echolocation,/mnt/ubna_data_02_mir/recover-20220922/UBNA_001/20220921_090000.WAV,Telephone Field,recover-20220922,001,1795
277.2235,277.2657,68437,82149,Rhinolophus ferrumequinum,0.035,0.035,-1,Echolocation,/mnt/ubna_data_02_mir/recover-20220922/UBNA_001/20220921_090000.WAV,Telephone Field,recover-20220922,001,1795
277.2325,277.2698,68437,81581,Rhinolophus ferrumequinum,0.023,0.023,-1,Echolocation,/mnt/ubna_data_02_mir/recover-20220922/UBNA_001/20220921_090000.WAV,Telephone Field,recover-20220922,001,1795
277.2395,277.247,23750,31609,Plecotus austriacus,0.01,0.022,-1,Echolocation,/mnt/ubna_data_02_mir/recover-20220922/UBNA_001/20220921_090000.WAV,Telephone Field,recover-20220922,001,1795
277.2485,277.2583,28046,36670,Eptesicus serotinus,0.01,0.022,-1,Echolocation,/mnt/ubna_data_02_mir/recover-20220922/UBNA_001/20220921_090000.WAV,Telephone Field,recover-20220922,001,1795
277.2585,277.2694,23750,29282,Nyctalus leisleri,0.009,0.022,-1,Echolocation,/mnt/ubna_data_02_mir/recover-20220922/UBNA_001/20220921_090000.WAV,Telephone Field,recover-20220922,001,1795
277.2725,277.3118,68437,81678,Rhinolophus ferrumequinum,0.021,0.021,-1,Echolocation,/mnt/ubna_data_02_mir/recover-20220922/UBNA_001/20220921_090000.WAV,Telephone Field,recover-20220922,001,1795
277.2805,277.321,68437,82482,Rhinolophus ferrumequinum,0.021,0.021,-1,Echolocation,/mnt/ubna_data_02_mir/recover-20220922/UBNA_001/20220921_090000.WAV,Telephone Field,recover-20220922,001,1795
277.2945,277.3377,68437,83196,Rhinolophus ferrumequinum,0.031,0.031,-1,Echolocation,/mnt/ubna_data_02_mir/recover-20220922/UBNA_001/20220921_090000.WAV,Telephone Field,recover-20220922,001,1795
277.3245,277.3666,68437,83091,Rhinolophus ferrumequinum,0.026,0.026,-1,Echolocation,/mnt/ubna_data_02_mir/recover-20220922/UBNA_001/20220921_090000.WAV,Telephone Field,recover-20220922,001,1795
277.3955,277.4351,68437,82616,Rhinolophus ferrumequinum,0.023,0.023,-1,Echolocation,/mnt/ubna_data_02_mir/recover-20220922/UBNA_001/20220921_090000.WAV,Telephone Field,recover-20220922,001,1795
277.4245,277.4335,26328,34132,Eptesicus serotinus,0.008,0.021,-1,Echolocation,/mnt/ubna_data_02_mir/recover-20220922/UBNA_001/20220921_090000.WAV,Telephone Field,recover-20220922,001,1795
277.4305,277.4695,68437,82219,Rhinolophus ferrumequinum,0.023,0.023,-1,Echolocation,/mnt/ubna_data_02_mir/recover-20220922/UBNA_001/20220921_090000.WAV,Telephone Field,recover-20220922,001,1795
277.4625,277.5036,68437,82277,Rhinolophus ferrumequinum,0.022,0.022,-1,Echolocation,/mnt/ubna_data_02_mir/recover-20220922/UBNA_001/20220921_090000.WAV,Telephone Field,recover-20220922,001,1795
277.4695,277.5123,68437,82209,Rhinolophus ferrumequinum,0.023,0.024,-1,Echolocation,/mnt/ubna_data_02_mir/recover-20220922/UBNA_001/20220921_090000.WAV,Telephone Field,recover-20220922,001,1795
277.4815,277.5229,68437,82457,Rhinolophus ferrumequinum,0.034,0.034,-1,Echolocation,/mnt/ubna_data_02_mir/recover-20220922/UBNA_001/20220921_090000.WAV,Telephone Field,recover-20220922,001,1795
277.5215,277.5554,68437,81048,Rhinolophus ferrumequinum,0.023,0.023,-1,Echolocation,/mnt/ubna_data_02_mir/recover-20220922/UBNA_001/20220921_090000.WAV,Telephone Field,recover-20220922,001,1795
277.5365,277.5476,43515,48296,Pipistrellus pipistrellus,0.017,0.021,-1,Echolocation,/mnt/ubna_data_02_mir/recover-20220922/UBNA_001/20220921_090000.WAV,Telephone Field,recover-20220922,001,1795
277.5375,277.5767,68437,82771,Rhinolophus ferrumequinum,0.024,0.024,-1,Echolocation,/mnt/ubna_data_02_mir/recover-20220922/UBNA_001/20220921_090000.WAV,Telephone Field,recover-20220922,001,1795
277.5395,277.5482,28046,38123,Eptesicus serotinus,0.009,0.026,-1,Echolocation,/mnt/ubna_data_02_mir/recover-20220922/UBNA_001/20220921_090000.WAV,Telephone Field,recover-20220922,001,1795
277.5665,277.576,52109,56747,Pipistrellus pygmaeus,0.013,0.024,-1,Echolocation,/mnt/ubna_data_02_mir/recover-20220922/UBNA_001/20220921_090000.WAV,Telephone Field,recover-20220922,001,1795
277.5925,277.6278,68437,81338,Rhinolophus ferrumequinum,0.021,0.021,-1,Echolocation,/mnt/ubna_data_02_mir/recover-20220922/UBNA_001/20220921_090000.WAV,Telephone Field,recover-20220922,001,1795
277.6045,277.6414,68437,81518,Rhinolophus ferrumequinum,0.021,0.021,-1,Echolocation,/mnt/ubna_data_02_mir/recover-20220922/UBNA_001/20220921_090000.WAV,Telephone Field,recover-20220922,001,1795
277.6125,277.6501,68437,82249,Rhinolophus ferrumequinum,0.021,0.021,-1,Echolocation,/mnt/ubna_data_02_mir/recover-20220922/UBNA_001/20220921_090000.WAV,Telephone Field,recover-20220922,001,1795
277.6195,277.6283,28906,37513,Eptesicus serotinus,0.008,0.024,-1,Echolocation,/mnt/ubna_data_02_mir/recover-20220922/UBNA_001/20220921_090000.WAV,Telephone Field,recover-20220922,001,1795
277.6515,277.6917,68437,82102,Rhinolophus ferrumequinum,0.023,0.023,-1,Echolocation,/mnt/ubna_data_02_mir/recover-20220922/UBNA_001/20220921_090000.WAV,Telephone Field,recover-20220922,001,1795
277.6575,277.6974,68437,82590,Rhinolophus ferrumequinum,0.024,0.024,-1,Echolocation,/mnt/ubna_data_02_mir/recover-20220922/UBNA_001/20220921_090000.WAV,Telephone Field,recover-20220922,001,1795
277.6695,277.7074,68437,81516,Rhinolophus ferrumequinum,0.022,0.022,-1,Echolocation,/mnt/ubna_data_02_mir/recover-20220922/UBNA_001/20220921_090000.WAV,Telephone Field,recover-20220922,001,1795
277.6705,277.6796,26328,35367,Eptesicus serotinus,0.007,0.021,-1,Echolocation,/mnt/ubna_data_02_mir/recover-20220922/UBNA_001/20220921_090000.WAV,Telephone Field,recover-20220922,001,1795
277.6765,277.6861,28906,37018,Eptesicus serotinus,0.008,0.022,-1,Echolocation,/mnt/ubna_data_02_mir/recover-20220922/UBNA_001/20220921_090000.WAV,Telephone Field,recover-20220922,001,1795
277.7005,277.7386,68437,82237,Rhinolophus ferrumequinum,0.02,0.02,-1,Echolocation,/mnt/ubna_data_02_mir/recover-20220922/UBNA_001/20220921_090000.WAV,Telephone Field,recover-20220922,001,1795
277.7075,277.7467,68437,82106,Rhinolophus ferrumequinum,0.02,0.02,-1,Echolocation,/mnt/ubna_data_02_mir/recover-20220922/UBNA_001/20220921_090000.WAV,Telephone Field,recover-20220922,001,1795
277.7125,277.7207,28046,37387,Eptesicus serotinus,0.008,0.022,-1,Echolocation,/mnt/ubna_data_02_mir/recover-20220922/UBNA_001/20220921_090000.WAV,Telephone Field,recover-20220922,001,1795
277.7135,277.7514,68437,81902,Rhinolophus ferrumequinum,0.02,0.02,-1,Echolocation,/mnt/ubna_data_02_mir/recover-20220922/UBNA_001/20220921_090000.WAV,Telephone Field,recover-20220922,001,1795
277.7325,277.7696,68437,81910,Rhinolophus ferrumequinum,0.021,0.021,-1,Echolocation,/mnt/ubna_data_02_mir/recover-20220922/UBNA_001/20220921_090000.WAV,Telephone Field,recover-20220922,001,1795
277.7405,277.7524,22890,27114,Nyctalus leisleri,0.012,0.021,-1,Echolocation,/mnt/ubna_data_02_mir/recover-20220922/UBNA_001/20220921_090000.WAV,Telephone Field,recover-20220922,001,1795
277.7585,277.7992,68437,82143,Rhinolophus ferrumequinum,0.022,0.022,-1,Echolocation,/mnt/ubna_data_02_mir/recover-20220922/UBNA_001/20220921_090000.WAV,Telephone Field,recover-20220922,001,1795
277.7995,277.809,26328,36051,Eptesicus serotinus,0.009,0.024,-1,Echolocation,/mnt/ubna_data_02_mir/recover-20220922/UBNA_001/20220921_090000.WAV,Telephone Field,recover-20220922,001,1795
277.8015,277.8428,68437,82751,Rhinolophus ferrumequinum,0.027,0.027,-1,Echolocation,/mnt/ubna_data_02_mir/recover-20220922/UBNA_001/20220921_090000.WAV,Telephone Field,recover-20220922,001,1795
277.8055,277.8164,22890,28086,Nyctalus leisleri,0.012,0.023,-1,Echolocation,/mnt/ubna_data_02_mir/recover-20220922/UBNA_001/20220921_090000.WAV,Telephone Field,recover-20220922,001,1795
277.8425,277.8828,68437,82276,Rhinolophus ferrumequinum,0.027,0.027,-1,Echolocation,/mnt/ubna_data_02_mir/recover-20220922/UBNA_001/20220921_090000.WAV,Telephone Field,recover-20220922,001,1795
277.8745,277.917,68437,83282,Rhinolophus ferrumequinum,0.038,0.038,-1,Echolocation,/mnt/ubna_data_02_mir/recover-20220922/UBNA_001/20220921_090000.WAV,Telephone Field,recover-20220922,001,1795
277.9035,277.9403,68437,81462,Rhinolophus ferrumequinum,0.025,0.025,-1,Echolocation,/mnt/ubna_data_02_mir/recover-20220922/UBNA_001/20220921_090000.WAV,Telephone Field,recover-20220922,001,1795
277.9285,277.9357,28046,35992,Eptesicus serotinus,0.019,0.053,-1,Echolocation,/mnt/ubna_data_02_mir/recover-20220922/UBNA_001/20220921_090000.WAV,Telephone Field,recover-20220922,001,1795
277.9505,277.9879,68437,81335,Rhinolophus ferrumequinum,0.022,0.022,-1,Echolocation,/mnt/ubna_data_02_mir/recover-20220922/UBNA_001/20220921_090000.WAV,Telephone Field,recover-20220922,001,1795
277.9815,277.9901,26328,35844,Eptesicus serotinus,0.006,0.021,-1,Echolocation,/mnt/ubna_data_02_mir/recover-20220922/UBNA_001/20220921_090000.WAV,Telephone Field,recover-20220922,001,1795
278.0015,278.0293,68437,79431,Rhinolophus ferrumequinum,0.029,0.029,-1,Echolocation,/mnt/ubna_data_02_mir/recover-20220922/UBNA_001/20220921_090000.WAV,Telephone Field,recover-20220922,001,1795
278.0015,278.0102,29765,38595,Myotis daubentonii,0.007,0.026,-1,Echolocation,/mnt/ubna_data_02_mir/recover-20220922/UBNA_001/20220921_090000.WAV,Telephone Field,recover-20220922,001,1795
278.0015,278.0096,22890,31289,Nyctalus leisleri,0.008,0.027,-1,Echolocation,/mnt/ubna_data_02_mir/recover-20220922/UBNA_001/20220921_090000.WAV,Telephone Field,recover-20220922,001,1795
278.0015,278.0174,18593,22994,Nyctalus leisleri,0.011,0.027,-1,Echolocation,/mnt/ubna_data_02_mir/recover-20220922/UBNA_001/20220921_090000.WAV,Telephone Field,recover-20220922,001,1795
278.0475,278.0868,68437,81961,Rhinolophus ferrumequinum,0.022,0.022,-1,Echolocation,/mnt/ubna_data_02_mir/recover-20220922/UBNA_001/20220921_090000.WAV,Telephone Field,recover-20220922,001,1795
278.0665,278.1074,68437,82648,Rhinolophus ferrumequinum,0.029,0.029,-1,Echolocation,/mnt/ubna_data_02_mir/recover-20220922/UBNA_001/20220921_090000.WAV,Telephone Field,recover-20220922,001,1795
278.0885,278.1266,68437,81694,Rhinolophus ferrumequinum,0.022,0.022,-1,Echolocation,/mnt/ubna_data_02_mir/recover-20220922/UBNA_001/20220921_090000.WAV,Telephone Field,recover-20220922,001,1795
278.0995,278.1072,23750,32053,Plecotus austriacus,0.012,0.028,-1,Echolocation,/mnt/ubna_data_02_mir/recover-20220922/UBNA_001/20220921_090000.WAV,Telephone Field,recover-20220922,001,1795
278.1125,278.1518,68437,82403,Rhinolophus ferrumequinum,0.023,0.023,-1,Echolocation,/mnt/ubna_data_02_mir/recover-20220922/UBNA_001/20220921_090000.WAV,Telephone Field,recover-20220922,001,1795
278.1155,278.1276,22031,25848,Nyctalus leisleri,0.013,0.022,-1,Echolocation,/mnt/ubna_data_02_mir/recover-20220922/UBNA_001/20220921_090000.WAV,Telephone Field,recover-20220922,001,1795
278.1455,278.1866,68437,82749,Rhinolophus ferrumequinum,0.026,0.026,-1,Echolocation,/mnt/ubna_data_02_mir/recover-20220922/UBNA_001/20220921_090000.WAV,Telephone Field,recover-20220922,001,1795
278.1535,278.1965,68437,83404,Rhinolophus ferrumequinum,0.029,0.029,-1,Echolocation,/mnt/ubna_data_02_mir/recover-20220922/UBNA_001/20220921_090000.WAV,Telephone Field,recover-20220922,001,1795
278.1775,278.2212,68437,83484,Rhinolophus ferrumequinum,0.067,0.067,-1,Echolocation,/mnt/ubna_data_02_mir/recover-20220922/UBNA_001/20220921_090000.WAV,Telephone Field,recover-20220922,001,1795
278.2345,278.2431,25468,35290,Eptesicus serotinus,0.007,0.021,-1,Echolocation,/mnt/ubna_data_02_mir/recover-20220922/UBNA_001/20220921_090000.WAV,Telephone Field,recover-20220922,001,1795
278.2665,278.3049,68437,82571,Rhinolophus ferrumequinum,0.023,0.023,-1,Echolocation,/mnt/ubna_data_02_mir/recover-20220922/UBNA_001/20220921_090000.WAV,Telephone Field,recover-20220922,001,1795
278.3315,278.3396,23750,31875,Plecotus austriacus,0.008,0.022,-1,Echolocation,/mnt/ubna_data_02_mir/recover-20220922/UBNA_001/20220921_090000.WAV,Telephone Field,recover-20220922,001,1795
278.3355,278.3728,68437,81899,Rhinolophus ferrumequinum,0.022,0.022,-1,Echolocation,/mnt/ubna_data_02_mir/recover-20220922/UBNA_001/20220921_090000.WAV,Telephone Field,recover-20220922,001,1795
278.3895,278.4256,68437,81902,Rhinolophus ferrumequinum,0.023,0.023,-1,Echolocation,/mnt/ubna_data_02_mir/recover-20220922/UBNA_001/20220921_090000.WAV,Telephone Field,recover-20220922,001,1795
278.4045,278.4412,68437,81834,Rhinolophus ferrumequinum,0.022,0.022,-1,Echolocation,/mnt/ubna_data_02_mir/recover-20220922/UBNA_001/20220921_090000.WAV,Telephone Field,recover-20220922,001,1795
278.4185,278.4278,47812,52786,Pipistrellus pipistrellus,0.032,0.034,-1,Echolocation,/mnt/ubna_data_02_mir/recover-20220922/UBNA_001/20220921_090000.WAV,Telephone Field,recover-20220922,001,1795
278.4325,278.4699,68437,81645,Rhinolophus ferrumequinum,0.024,0.024,-1,Echolocation,/mnt/ubna_data_02_mir/recover-20220922/UBNA_001/20220921_090000.WAV,Telephone Field,recover-20220922,001,1795
278.4635,278.5012,68437,82134,Rhinolophus ferrumequinum,0.025,0.025,-1,Echolocation,/mnt/ubna_data_02_mir/recover-20220922/UBNA_001/20220921_090000.WAV,Telephone Field,recover-20220922,001,1795
278.4635,278.4821,19453,22768,Nyctalus leisleri,0.011,0.025,-1,Echolocation,/mnt/ubna_data_02_mir/recover-20220922/UBNA_001/20220921_090000.WAV,Telephone Field,recover-20220922,001,1795
278.4885,278.525,68437,81711,Rhinolophus ferrumequinum,0.029,0.029,-1,Echolocation,/mnt/ubna_data_02_mir/recover-20220922/UBNA_001/20220921_090000.WAV,Telephone Field,recover-20220922,001,1795
278.4995,278.5387,68437,82590,Rhinolophus ferrumequinum,0.022,0.022,-1,Echolocation,/mnt/ubna_data_02_mir/recover-20220922/UBNA_001/20220921_090000.WAV,Telephone Field,recover-20220922,001,1795
278.5205,278.5314,28046,35851,Eptesicus serotinus,0.012,0.026,-1,Echolocation,/mnt/ubna_data_02_mir/recover-20220922/UBNA_001/20220921_090000.WAV,Telephone Field,recover-20220922,001,1795
278.5235,278.5636,68437,82558,Rhinolophus ferrumequinum,0.025,0.025,-1,Echolocation,/mnt/ubna_data_02_mir/recover-20220922/UBNA_001/20220921_090000.WAV,Telephone Field,recover-20220922,001,1795
278.5275,278.5376,23750,29736,Nyctalus leisleri,0.008,0.021,-1,Echolocation,/mnt/ubna_data_02_mir/recover-20220922/UBNA_001/20220921_090000.WAV,Telephone Field,recover-20220922,001,1795
278.54449999999997,278.5811,68437,81338,Rhinolophus ferrumequinum,0.021,0.021,-1,Echolocation,/mnt/ubna_data_02_mir/recover-20220922/UBNA_001/20220921_090000.WAV,Telephone Field,recover-20220922,001,1795
278.5645,278.6019,68437,81668,Rhinolophus ferrumequinum,0.022,0.022,-1,Echolocation,/mnt/ubna_data_02_mir/recover-20220922/UBNA_001/20220921_090000.WAV,Telephone Field,recover-20220922,001,1795
278.5785,278.5853,24609,33882,Plecotus austriacus,0.009,0.023,-1,Echolocation,/mnt/ubna_data_02_mir/recover-20220922/UBNA_001/20220921_090000.WAV,Telephone Field,recover-20220922,001,1795
278.6085,278.6466,68437,81909,Rhinolophus ferrumequinum,0.022,0.022,-1,Echolocation,/mnt/ubna_data_02_mir/recover-20220922/UBNA_001/20220921_090000.WAV,Telephone Field,recover-20220922,001,1795
278.6145,278.6511,68437,81911,Rhinolophus ferrumequinum,0.022,0.022,-1,Echolocation,/mnt/ubna_data_02_mir/recover-20220922/UBNA_001/20220921_090000.WAV,Telephone Field,recover-20220922,001,1795
278.6365,278.6773,68437,82556,Rhinolophus ferrumequinum,0.028,0.028,-1,Echolocation,/mnt/ubna_data_02_mir/recover-20220922/UBNA_001/20220921_090000.WAV,Telephone Field,recover-20220922,001,1795
278.6725,278.6806,23750,31697,Plecotus austriacus,0.009,0.024,-1,Echolocation,/mnt/ubna_data_02_mir/recover-20220922/UBNA_001/20220921_090000.WAV,Telephone Field,recover-20220922,001,1795
278.7005,278.7404,68437,82310,Rhinolophus ferrumequinum,0.023,0.023,-1,Echolocation,/mnt/ubna_data_02_mir/recover-20220922/UBNA_001/20220921_090000.WAV,Telephone Field,recover-20220922,001,1795
278.7225,278.762,68437,82791,Rhinolophus ferrumequinum,0.025,0.025,-1,Echolocation,/mnt/ubna_data_02_mir/recover-20220922/UBNA_001/20220921_090000.WAV,Telephone Field,recover-20220922,001,1795
278.7495,278.789,68437,82614,Rhinolophus ferrumequinum,0.024,0.024,-1,Echolocation,/mnt/ubna_data_02_mir/recover-20220922/UBNA_001/20220921_090000.WAV,Telephone Field,recover-20220922,001,1795
278.7565,278.7647,24609,32891,Plecotus austriacus,0.006,0.023,-1,Echolocation,/mnt/ubna_data_02_mir/recover-20220922/UBNA_001/20220921_090000.WAV,Telephone Field,recover-20220922,001,1795
278.7745,278.8145,68437,82339,Rhinolophus ferrumequinum,0.026,0.026,-1,Echolocation,/mnt/ubna_data_02_mir/recover-20220922/UBNA_001/20220921_090000.WAV,Telephone Field,recover-20220922,001,1795
278.7985,278.8361,68437,82646,Rhinolophus ferrumequinum,0.029,0.029,-1,Echolocation,/mnt/ubna_data_02_mir/recover-20220922/UBNA_001/20220921_090000.WAV,Telephone Field,recover-20220922,001,1795
278.8325,278.8751,68437,83338,Rhinolophus ferrumequinum,0.029,0.029,-1,Echolocation,/mnt/ubna_data_02_mir/recover-20220922/UBNA_001/20220921_090000.WAV,Telephone Field,recover-20220922,001,1795
278.8425,278.8817,68437,83115,Rhinolophus ferrumequinum,0.025,0.025,-1,Echolocation,/mnt/ubna_data_02_mir/recover-20220922/UBNA_001/20220921_090000.WAV,Telephone Field,recover-20220922,001,1795
278.8505,278.8871,68437,82338,Rhinolophus ferrumequinum,0.025,0.025,-1,Echolocation,/mnt/ubna_data_02_mir/recover-20220922/UBNA_001/20220921_090000.WAV,Telephone Field,recover-20220922,001,1795
278.8615,278.8998,68437,81708,Rhinolophus ferrumequinum,0.022,0.022,-1,Echolocation,/mnt/ubna_data_02_mir/recover-20220922/UBNA_001/20220921_090000.WAV,Telephone Field,recover-20220922,001,1795
278.8715,278.9085,68437,81749,Rhinolophus ferrumequinum,0.025,0.025,-1,Echolocation,/mnt/ubna_data_02_mir/recover-20220922/UBNA_001/20220921_090000.WAV,Telephone Field,recover-20220922,001,1795
278.8795,278.8887,26328,34641,Eptesicus serotinus,0.009,0.022,-1,Echolocation,/mnt/ubna_data_02_mir/recover-20220922/UBNA_001/20220921_090000.WAV,Telephone Field,recover-20220922,001,1795
278.9035,278.9114,27187,41151,Eptesicus serotinus,0.008,0.023,-1,Echolocation,/mnt/ubna_data_02_mir/recover-20220922/UBNA_001/20220921_090000.WAV,Telephone Field,recover-20220922,001,1795
278.9455,278.9825,68437,82011,Rhinolophus ferrumequinum,0.025,0.025,-1,Echolocation,/mnt/ubna_data_02_mir/recover-20220922/UBNA_001/20220921_090000.WAV,Telephone Field,recover-20220922,001,1795
278.9485,278.9659,17734,22770,Nyctalus noctula,0.016,0.022,-1,Echolocation,/mnt/ubna_data_02_mir/recover-20220922/UBNA_001/20220921_090000.WAV,Telephone Field,recover-20220922,001,1795
278.9755,279.0148,68437,82486,Rhinolophus ferrumequinum,0.027,0.027,-1,Echolocation,/mnt/ubna_data_02_mir/recover-20220922/UBNA_001/20220921_090000.WAV,Telephone Field,recover-20220922,001,1795
278.9895,279.0016,22031,25901,Nyctalus leisleri,0.013,0.023,-1,Echolocation,/mnt/ubna_data_02_mir/recover-20220922/UBNA_001/20220921_090000.WAV,Telephone Field,recover-20220922,001,1795
278.9995,279.0416,68437,83146,Rhinolophus ferrumequinum,0.025,0.025,-1,Echolocation,/mnt/ubna_data_02_mir/recover-20220922/UBNA_001/20220921_090000.WAV,Telephone Field,recover-20220922,001,1795
279.0385,279.046,28906,39926,Eptesicus serotinus,0.007,0.023,-1,Echolocation,/mnt/ubna_data_02_mir/recover-20220922/UBNA_001/20220921_090000.WAV,Telephone Field,recover-20220922,001,1795
279.0545,279.0893,68437,80886,Rhinolophus ferrumequinum,0.022,0.022,-1,Echolocation,/mnt/ubna_data_02_mir/recover-20220922/UBNA_001/20220921_090000.WAV,Telephone Field,recover-20220922,001,1795
279.0815,279.1189,68437,82016,Rhinolophus ferrumequinum,0.025,0.025,-1,Echolocation,/mnt/ubna_data_02_mir/recover-20220922/UBNA_001/20220921_090000.WAV,Telephone Field,recover-20220922,001,1795
279.0815,279.0931,22031,27074,Nyctalus leisleri,0.011,0.024,-1,Echolocation,/mnt/ubna_data_02_mir/recover-20220922/UBNA_001/20220921_090000.WAV,Telephone Field,recover-20220922,001,1795
279.1125,279.1525,68437,82098,Rhinolophus ferrumequinum,0.022,0.022,-1,Echolocation,/mnt/ubna_data_02_mir/recover-20220922/UBNA_001/20220921_090000.WAV,Telephone Field,recover-20220922,001,1795
279.1215,279.1629,68437,82624,Rhinolophus ferrumequinum,0.024,0.024,-1,Echolocation,/mnt/ubna_data_02_mir/recover-20220922/UBNA_001/20220921_090000.WAV,Telephone Field,recover-20220922,001,1795
279.1755,279.2165,68437,83220,Rhinolophus ferrumequinum,0.028,0.028,-1,Echolocation,/mnt/ubna_data_02_mir/recover-20220922/UBNA_001/20220921_090000.WAV,Telephone Field,recover-20220922,001,1795
279.1755,279.1833,28046,37775,Eptesicus serotinus,0.012,0.028,-1,Echolocation,/mnt/ubna_data_02_mir/recover-20220922/UBNA_001/20220921_090000.WAV,Telephone Field,recover-20220922,001,1795
279.2245,279.2598,68437,81747,Rhinolophus ferrumequinum,0.021,0.021,-1,Echolocation,/mnt/ubna_data_02_mir/recover-20220922/UBNA_001/20220921_090000.WAV,Telephone Field,recover-20220922,001,1795
279.2455,279.2614,21171,24506,Nyctalus leisleri,0.017,0.026,-1,Echolocation,/mnt/ubna_data_02_mir/recover-20220922/UBNA_001/20220921_090000.WAV,Telephone Field,recover-20220922,001,1795
279.2585,279.2918,68437,81248,Rhinolophus ferrumequinum,0.026,0.026,-1,Echolocation,/mnt/ubna_data_02_mir/recover-20220922/UBNA_001/20220921_090000.WAV,Telephone Field,recover-20220922,001,1795
279.2715,279.3101,68437,82855,Rhinolophus ferrumequinum,0.023,0.023,-1,Echolocation,/mnt/ubna_data_02_mir/recover-20220922/UBNA_001/20220921_090000.WAV,Telephone Field,recover-20220922,001,1795
279.2785,279.3205,68437,82727,Rhinolophus ferrumequinum,0.022,0.022,-1,Echolocation,/mnt/ubna_data_02_mir/recover-20220922/UBNA_001/20220921_090000.WAV,Telephone Field,recover-20220922,001,1795
279.2865,279.3282,68437,82720,Rhinolophus ferrumequinum,0.025,0.025,-1,Echolocation,/mnt/ubna_data_02_mir/recover-20220922/UBNA_001/20220921_090000.WAV,Telephone Field,recover-20220922,001,1795
279.2905,279.303,30625,38067,Eptesicus serotinus,0.016,0.032,-1,Echolocation,/mnt/ubna_data_02_mir/recover-20220922/UBNA_001/20220921_090000.WAV,Telephone Field,recover-20220922,001,1795
279.3155,279.3525,68437,82218,Rhinolophus ferrumequinum,0.022,0.022,-1,Echolocation,/mnt/ubna_data_02_mir/recover-20220922/UBNA_001/20220921_090000.WAV,Telephone Field,recover-20220922,001,1795
279.3435,279.3817,68437,81721,Rhinolophus ferrumequinum,0.023,0.023,-1,Echolocation,/mnt/ubna_data_02_mir/recover-20220922/UBNA_001/20220921_090000.WAV,Telephone Field,recover-20220922,001,1795
279.3735,279.4097,68437,81453,Rhinolophus ferrumequinum,0.026,0.026,-1,Echolocation,/mnt/ubna_data_02_mir/recover-20220922/UBNA_001/20220921_090000.WAV,Telephone Field,recover-20220922,001,1795
279.3805,279.4197,68437,81977,Rhinolophus ferrumequinum,0.024,0.025,-1,Echolocation,/mnt/ubna_data_02_mir/recover-20220922/UBNA_001/20220921_090000.WAV,Telephone Field,recover-20220922,001,1795
279.3905,279.4006,22890,29197,Nyctalus leisleri,0.009,0.023,-1,Echolocation,/mnt/ubna_data_02_mir/recover-20220922/UBNA_001/20220921_090000.WAV,Telephone Field,recover-20220922,001,1795
279.3965,279.4069,22890,27719,Nyctalus leisleri,0.012,0.023,-1,Echolocation,/mnt/ubna_data_02_mir/recover-20220922/UBNA_001/20220921_090000.WAV,Telephone Field,recover-20220922,001,1795
279.4135,279.4533,68437,82499,Rhinolophus ferrumequinum,0.033,0.033,-1,Echolocation,/mnt/ubna_data_02_mir/recover-20220922/UBNA_001/20220921_090000.WAV,Telephone Field,recover-20220922,001,1795
279.4795,279.5179,68437,82088,Rhinolophus ferrumequinum,0.022,0.022,-1,Echolocation,/mnt/ubna_data_02_mir/recover-20220922/UBNA_001/20220921_090000.WAV,Telephone Field,recover-20220922,001,1795
279.5085,279.5245,58125,63286,Pipistrellus pygmaeus,0.022,0.023,-1,Echolocation,/mnt/ubna_data_02_mir/recover-20220922/UBNA_001/20220921_090000.WAV,Telephone Field,recover-20220922,001,1795
279.5215,279.5618,68437,82171,Rhinolophus ferrumequinum,0.026,0.026,-1,Echolocation,/mnt/ubna_data_02_mir/recover-20220922/UBNA_001/20220921_090000.WAV,Telephone Field,recover-20220922,001,1795
279.5585,279.6004,68437,82394,Rhinolophus ferrumequinum,0.041,0.041,-1,Echolocation,/mnt/ubna_data_02_mir/recover-20220922/UBNA_001/20220921_090000.WAV,Telephone Field,recover-20220922,001,1795
279.5735,279.6112,68437,82206,Rhinolophus ferrumequinum,0.021,0.021,-1,Echolocation,/mnt/ubna_data_02_mir/recover-20220922/UBNA_001/20220921_090000.WAV,Telephone Field,recover-20220922,001,1795
279.5975,279.6089,22031,26023,Nyctalus leisleri,0.014,0.024,-1,Echolocation,/mnt/ubna_data_02_mir/recover-20220922/UBNA_001/20220921_090000.WAV,Telephone Field,recover-20220922,001,1795
279.6095,279.6461,68437,81928,Rhinolophus ferrumequinum,0.022,0.022,-1,Echolocation,/mnt/ubna_data_02_mir/recover-20220922/UBNA_001/20220921_090000.WAV,Telephone Field,recover-20220922,001,1795
279.6225,279.6599,68437,80950,Rhinolophus ferrumequinum,0.024,0.024,-1,Echolocation,/mnt/ubna_data_02_mir/recover-20220922/UBNA_001/20220921_090000.WAV,Telephone Field,recover-20220922,001,1795
279.6675,279.6755,36640,44290,Myotis daubentonii,0.01,0.025,-1,Echolocation,/mnt/ubna_data_02_mir/recover-20220922/UBNA_001/20220921_090000.WAV,Telephone Field,recover-20220922,001,1795
279.6795,279.7214,68437,83493,Rhinolophus ferrumequinum,0.057,0.057,-1,Echolocation,/mnt/ubna_data_02_mir/recover-20220922/UBNA_001/20220921_090000.WAV,Telephone Field,recover-20220922,001,1795
279.6815,279.688,26328,42839,Eptesicus serotinus,0.005,0.023,-1,Echolocation,/mnt/ubna_data_02_mir/recover-20220922/UBNA_001/20220921_090000.WAV,Telephone Field,recover-20220922,001,1795
279.7335,279.7424,28046,38609,Eptesicus serotinus,0.009,0.023,-1,Echolocation,/mnt/ubna_data_02_mir/recover-20220922/UBNA_001/20220921_090000.WAV,Telephone Field,recover-20220922,001,1795
279.7475,279.7873,68437,82227,Rhinolophus ferrumequinum,0.024,0.024,-1,Echolocation,/mnt/ubna_data_02_mir/recover-20220922/UBNA_001/20220921_090000.WAV,Telephone Field,recover-20220922,001,1795
279.7485,279.7594,22031,27279,Nyctalus leisleri,0.01,0.024,-1,Echolocation,/mnt/ubna_data_02_mir/recover-20220922/UBNA_001/20220921_090000.WAV,Telephone Field,recover-20220922,001,1795
279.7585,279.7951,68437,81219,Rhinolophus ferrumequinum,0.024,0.024,-1,Echolocation,/mnt/ubna_data_02_mir/recover-20220922/UBNA_001/20220921_090000.WAV,Telephone Field,recover-20220922,001,1795
279.7715,279.7798,46093,49601,Pipistrellus pipistrellus,0.021,0.022,-1,Echolocation,/mnt/ubna_data_02_mir/recover-20220922/UBNA_001/20220921_090000.WAV,Telephone Field,recover-20220922,001,1795
279.7885,279.8346,68437,83560,Rhinolophus ferrumequinum,0.044,0.044,-1,Echolocation,/mnt/ubna_data_02_mir/recover-20220922/UBNA_001/20220921_090000.WAV,Telephone Field,recover-20220922,001,1795
279.8315,279.8704,68437,82286,Rhinolophus ferrumequinum,0.022,0.022,-1,Echolocation,/mnt/ubna_data_02_mir/recover-20220922/UBNA_001/20220921_090000.WAV,Telephone Field,recover-20220922,001,1795
279.8865,279.898,44375,46911,Pipistrellus pipistrellus,0.035,0.041,-1,Echolocation,/mnt/ubna_data_02_mir/recover-20220922/UBNA_001/20220921_090000.WAV,Telephone Field,recover-20220922,001,1795
279.8895,279.8994,26328,33972,Eptesicus serotinus,0.012,0.027,-1,Echolocation,/mnt/ubna_data_02_mir/recover-20220922/UBNA_001/20220921_090000.WAV,Telephone Field,recover-20220922,001,1795
279.9085,279.9477,68437,82030,Rhinolophus ferrumequinum,0.022,0.022,-1,Echolocation,/mnt/ubna_data_02_mir/recover-20220922/UBNA_001/20220921_090000.WAV,Telephone Field,recover-20220922,001,1795
279.9105,279.9216,22031,26813,Nyctalus leisleri,0.01,0.023,-1,Echolocation,/mnt/ubna_data_02_mir/recover-20220922/UBNA_001/20220921_090000.WAV,Telephone Field,recover-20220922,001,1795
279.9465,279.9841,68437,82108,Rhinolophus ferrumequinum,0.022,0.022,-1,Echolocation,/mnt/ubna_data_02_mir/recover-20220922/UBNA_001/20220921_090000.WAV,Telephone Field,recover-20220922,001,1795
279.9525,279.9598,26328,40658,Eptesicus serotinus,0.007,0.023,-1,Echolocation,/mnt/ubna_data_02_mir/recover-20220922/UBNA_001/20220921_090000.WAV,Telephone Field,recover-20220922,001,1795
280.0015,280.0107,22890,29310,Nyctalus leisleri,0.015,0.038,-1,Echolocation,/mnt/ubna_data_02_mir/recover-20220922/UBNA_001/20220921_090000.WAV,Telephone Field,recover-20220922,001,1795
280.0015,280.011,27187,33575,Nyctalus leisleri,0.014,0.038,-1,Echolocation,/mnt/ubna_data_02_mir/recover-20220922/UBNA_001/20220921_090000.WAV,Telephone Field,recover-20220922,001,1795
280.0025,280.0462,68437,82596,Rhinolophus ferrumequinum,0.029,0.029,-1,Echolocation,/mnt/ubna_data_02_mir/recover-20220922/UBNA_001/20220921_090000.WAV,Telephone Field,recover-20220922,001,1795
280.0095,280.0536,68437,82211,Rhinolophus ferrumequinum,0.021,0.021,-1,Echolocation,/mnt/ubna_data_02_mir/recover-20220922/UBNA_001/20220921_090000.WAV,Telephone Field,recover-20220922,001,1795
280.0145,280.0235,28906,40396,Eptesicus serotinus,0.009,0.024,-1,Echolocation,/mnt/ubna_data_02_mir/recover-20220922/UBNA_001/20220921_090000.WAV,Telephone Field,recover-20220922,001,1795
280.0495,280.0895,68437,82281,Rhinolophus ferrumequinum,0.023,0.023,-1,Echolocation,/mnt/ubna_data_02_mir/recover-20220922/UBNA_001/20220921_090000.WAV,Telephone Field,recover-20220922,001,1795
280.0585,280.0681,28046,36900,Eptesicus serotinus,0.01,0.024,-1,Echolocation,/mnt/ubna_data_02_mir/recover-20220922/UBNA_001/20220921_090000.WAV,Telephone Field,recover-20220922,001,1795
280.0755,280.0859,23750,29790,Nyctalus leisleri,0.009,0.022,-1,Echolocation,/mnt/ubna_data_02_mir/recover-20220922/UBNA_001/20220921_090000.WAV,Telephone Field,recover-20220922,001,1795
280.1125,280.1505,68437,81908,Rhinolophus ferrumequinum,0.025,0.025,-1,Echolocation,/mnt/ubna_data_02_mir/recover-20220922/UBNA_001/20220921_090000.WAV,Telephone Field,recover-20220922,001,1795
280.1165,280.125,46093,49364,Pipistrellus pipistrellus,0.02,0.022,-1,Echolocation,/mnt/ubna_data_02_mir/recover-20220922/UBNA_001/20220921_090000.WAV,Telephone Field,recover-20220922,001,1795
280.1475,280.1559,27187,37056,Eptesicus serotinus,0.023,0.048,-1,Echolocation,/mnt/ubna_data_02_mir/recover-20220922/UBNA_001/20220921_090000.WAV,Telephone Field,recover-20220922,001,1795
280.1595,280.19780000000003,68437,81979,Rhinolophus ferrumequinum,0.025,0.025,-1,Echolocation,/mnt/ubna_data_02_mir/recover-20220922/UBNA_001/20220921_090000.WAV,Telephone Field,recover-20220922,001,1795
280.1905,280.2323,68437,83139,Rhinolophus ferrumequinum,0.025,0.025,-1,Echolocation,/mnt/ubna_data_02_mir/recover-20220922/UBNA_001/20220921_090000.WAV,Telephone Field,recover-20220922,001,1795
280.2745,280.3128,68437,82552,Rhinolophus ferrumequinum,0.025,0.026,-1,Echolocation,/mnt/ubna_data_02_mir/recover-20220922/UBNA_001/20220921_090000.WAV,Telephone Field,recover-20220922,001,1795
280.2995,280.3355,68437,81442,Rhinolophus ferrumequinum,0.026,0.026,-1,Echolocation,/mnt/ubna_data_02_mir/recover-20220922/UBNA_001/20220921_090000.WAV,Telephone Field,recover-20220922,001,1795
280.3645,280.3763,24609,30990,Nyctalus leisleri,0.014,0.035,-1,Echolocation,/mnt/ubna_data_02_mir/recover-20220922/UBNA_001/20220921_090000.WAV,Telephone Field,recover-20220922,001,1795
280.3695,280.4106,68437,82949,Rhinolophus ferrumequinum,0.036,0.036,-1,Echolocation,/mnt/ubna_data_02_mir/recover-20220922/UBNA_001/20220921_090000.WAV,Telephone Field,recover-20220922,001,1795
280.3995,280.4199,16015,21625,Nyctalus noctula,0.02,0.025,-1,Echolocation,/mnt/ubna_data_02_mir/recover-20220922/UBNA_001/20220921_090000.WAV,Telephone Field,recover-20220922,001,1795
280.4035,280.4123,28046,37682,Eptesicus serotinus,0.009,0.023,-1,Echolocation,/mnt/ubna_data_02_mir/recover-20220922/UBNA_001/20220921_090000.WAV,Telephone Field,recover-20220922,001,1795
280.4125,280.4532,68437,82904,Rhinolophus ferrumequinum,0.025,0.025,-1,Echolocation,/mnt/ubna_data_02_mir/recover-20220922/UBNA_001/20220921_090000.WAV,Telephone Field,recover-20220922,001,1795
280.4215,280.4406,20312,23345,Nyctalus leisleri,0.02,0.036,-1,Echolocation,/mnt/ubna_data_02_mir/recover-20220922/UBNA_001/20220921_090000.WAV,Telephone Field,recover-20220922,001,1795
280.4435,280.4813,68437,81618,Rhinolophus ferrumequinum,0.024,0.024,-1,Echolocation,/mnt/ubna_data_02_mir/recover-20220922/UBNA_001/20220921_090000.WAV,Telephone Field,recover-20220922,001,1795
280.4585,280.4964,68437,81829,Rhinolophus ferrumequinum,0.031,0.031,-1,Echolocation,/mnt/ubna_data_02_mir/recover-20220922/UBNA_001/20220921_090000.WAV,Telephone Field,recover-20220922,001,1795
280.4815,280.4917,28906,38304,Eptesicus serotinus,0.013,0.029,-1,Echolocation,/mnt/ubna_data_02_mir/recover-20220922/UBNA_001/20220921_090000.WAV,Telephone Field,recover-20220922,001,1795
280.4825,280.5196,68437,81456,Rhinolophus ferrumequinum,0.022,0.022,-1,Echolocation,/mnt/ubna_data_02_mir/recover-20220922/UBNA_001/20220921_090000.WAV,Telephone Field,recover-20220922,001,1795
280.4845,280.5011,44375,47115,Pipistrellus pipistrellus,0.055,0.062,-1,Echolocation,/mnt/ubna_data_02_mir/recover-20220922/UBNA_001/20220921_090000.WAV,Telephone Field,recover-20220922,001,1795
280.5075,280.5451,68437,81990,Rhinolophus ferrumequinum,0.022,0.022,-1,Echolocation,/mnt/ubna_data_02_mir/recover-20220922/UBNA_001/20220921_090000.WAV,Telephone Field,recover-20220922,001,1795
280.5555,280.594,68437,82216,Rhinolophus ferrumequinum,0.023,0.023,-1,Echolocation,/mnt/ubna_data_02_mir/recover-20220922/UBNA_001/20220921_090000.WAV,Telephone Field,recover-20220922,001,1795
280.5755,280.5825,24609,34178,Plecotus austriacus,0.007,0.022,-1,Echolocation,/mnt/ubna_data_02_mir/recover-20220922/UBNA_001/20220921_090000.WAV,Telephone Field,recover-20220922,001,1795
280.6025,280.6131,24609,31818,Nyctalus leisleri,0.01,0.03,-1,Echolocation,/mnt/ubna_data_02_mir/recover-20220922/UBNA_001/20220921_090000.WAV,Telephone Field,recover-20220922,001,1795
280.6035,280.6449,68437,83151,Rhinolophus ferrumequinum,0.022,0.022,-1,Echolocation,/mnt/ubna_data_02_mir/recover-20220922/UBNA_001/20220921_090000.WAV,Telephone Field,recover-20220922,001,1795
280.6395,280.6465,28906,38931,Eptesicus serotinus,0.007,0.026,-1,Echolocation,/mnt/ubna_data_02_mir/recover-20220922/UBNA_001/20220921_090000.WAV,Telephone Field,recover-20220922,001,1795
280.6515,280.6894,68437,82755,Rhinolophus ferrumequinum,0.039,0.039,-1,Echolocation,/mnt/ubna_data_02_mir/recover-20220922/UBNA_001/20220921_090000.WAV,Telephone Field,recover-20220922,001,1795
280.6585,280.6663,28046,39759,Eptesicus serotinus,0.007,0.022,-1,Echolocation,/mnt/ubna_data_02_mir/recover-20220922/UBNA_001/20220921_090000.WAV,Telephone Field,recover-20220922,001,1795
280.6915,280.731,68437,82262,Rhinolophus ferrumequinum,0.046,0.046,-1,Echolocation,/mnt/ubna_data_02_mir/recover-20220922/UBNA_001/20220921_090000.WAV,Telephone Field,recover-20220922,001,1795
280.7095,280.7184,28046,38075,Eptesicus serotinus,0.008,0.022,-1,Echolocation,/mnt/ubna_data_02_mir/recover-20220922/UBNA_001/20220921_090000.WAV,Telephone Field,recover-20220922,001,1795
280.8125,280.823,26328,34340,Eptesicus serotinus,0.013,0.025,-1,Echolocation,/mnt/ubna_data_02_mir/recover-20220922/UBNA_001/20220921_090000.WAV,Telephone Field,recover-20220922,001,1795
280.8255,280.8613,68437,81581,Rhinolophus ferrumequinum,0.023,0.023,-1,Echolocation,/mnt/ubna_data_02_mir/recover-20220922/UBNA_001/20220921_090000.WAV,Telephone Field,recover-20220922,001,1795
280.8315,280.8391,26328,36092,Eptesicus serotinus,0.008,0.025,-1,Echolocation,/mnt/ubna_data_02_mir/recover-20220922/UBNA_001/20220921_090000.WAV,Telephone Field,recover-20220922,001,1795
280.8585,280.901,68437,82538,Rhinolophus ferrumequinum,0.026,0.026,-1,Echolocation,/mnt/ubna_data_02_mir/recover-20220922/UBNA_001/20220921_090000.WAV,Telephone Field,recover-20220922,001,1795
280.8745,280.8855,25468,32209,Eptesicus serotinus,0.033,0.069,-1,Echolocation,/mnt/ubna_data_02_mir/recover-20220922/UBNA_001/20220921_090000.WAV,Telephone Field,recover-20220922,001,1795
280.8805,280.9199,68437,82284,Rhinolophus ferrumequinum,0.024,0.024,-1,Echolocation,/mnt/ubna_data_02_mir/recover-20220922/UBNA_001/20220921_090000.WAV,Telephone Field,recover-20220922,001,1795
280.9095,280.9476,68437,82250,Rhinolophus ferrumequinum,0.025,0.025,-1,Echolocation,/mnt/ubna_data_02_mir/recover-20220922/UBNA_001/20220921_090000.WAV,Telephone Field,recover-20220922,001,1795
280.9465,280.9854,68437,82099,Rhinolophus ferrumequinum,0.021,0.022,-1,Echolocation,/mnt/ubna_data_02_mir/recover-20220922/UBNA_001/20220921_090000.WAV,Telephone Field,recover-20220922,001,1795
280.9535,280.9893,68437,81724,Rhinolophus ferrumequinum,0.023,0.023,-1,Echolocation,/mnt/ubna_data_02_mir/recover-20220922/UBNA_001/20220921_090000.WAV,Telephone Field,recover-20220922,001,1795
280.9595,280.9697,28046,36418,Eptesicus serotinus,0.011,0.025,-1,Echolocation,/mnt/ubna_data_02_mir/recover-20220922/UBNA_001/20220921_090000.WAV,Telephone Field,recover-20220922,001,1795
280.9695,281.01,68437,82822,Rhinolophus ferrumequinum,0.028,0.028,-1,Echolocation,/mnt/ubna_data_02_mir/recover-20220922/UBNA_001/20220921_090000.WAV,Telephone Field,recover-20220922,001,1795
280.9895,281.005,22031,26117,Nyctalus leisleri,0.02,0.036,-1,Echolocation,/mnt/ubna_data_02_mir/recover-20220922/UBNA_001/20220921_090000.WAV,Telephone Field,recover-20220922,001,1795
281.0675,281.1091,68437,83183,Rhinolophus ferrumequinum,0.024,0.024,-1,Echolocation,/mnt/ubna_data_02_mir/recover-20220922/UBNA_001/20220921_090000.WAV,Telephone Field,recover-20220922,001,1795
281.0865,281.0956,28046,38078,Eptesicus serotinus,0.008,0.022,-1,Echolocation,/mnt/ubna_data_02_mir/recover-20220922/UBNA_001/20220921_090000.WAV,Telephone Field,recover-20220922,001,1795
281.0905,281.127,68437,81555,Rhinolophus ferrumequinum,0.021,0.021,-1,Echolocation,/mnt/ubna_data_02_mir/recover-20220922/UBNA_001/20220921_090000.WAV,Telephone Field,recover-20220922,001,1795
281.0975,281.1318,68437,81161,Rhinolophus ferrumequinum,0.022,0.022,-1,Echolocation,/mnt/ubna_data_02_mir/recover-20220922/UBNA_001/20220921_090000.WAV,Telephone Field,recover-20220922,001,1795
281.1175,281.1597,68437,83148,Rhinolophus ferrumequinum,0.035,0.035,-1,Echolocation,/mnt/ubna_data_02_mir/recover-20220922/UBNA_001/20220921_090000.WAV,Telephone Field,recover-20220922,001,1795
281.1175,281.1245,49531,54339,Pipistrellus pipistrellus,0.023,0.025,-1,Echolocation,/mnt/ubna_data_02_mir/recover-20220922/UBNA_001/20220921_090000.WAV,Telephone Field,recover-20220922,001,1795
281.1215,281.1322,22890,28387,Nyctalus leisleri,0.01,0.022,-1,Echolocation,/mnt/ubna_data_02_mir/recover-20220922/UBNA_001/20220921_090000.WAV,Telephone Field,recover-20220922,001,1795
281.1315,281.1675,68437,81936,Rhinolophus ferrumequinum,0.023,0.023,-1,Echolocation,/mnt/ubna_data_02_mir/recover-20220922/UBNA_001/20220921_090000.WAV,Telephone Field,recover-20220922,001,1795
281.1525,281.189,68437,81823,Rhinolophus ferrumequinum,0.023,0.023,-1,Echolocation,/mnt/ubna_data_02_mir/recover-20220922/UBNA_001/20220921_090000.WAV,Telephone Field,recover-20220922,001,1795
281.1725,281.179,28906,38756,Myotis daubentonii,0.006,0.026,-1,Echolocation,/mnt/ubna_data_02_mir/recover-20220922/UBNA_001/20220921_090000.WAV,Telephone Field,recover-20220922,001,1795
281.1845,281.2217,68437,81916,Rhinolophus ferrumequinum,0.024,0.024,-1,Echolocation,/mnt/ubna_data_02_mir/recover-20220922/UBNA_001/20220921_090000.WAV,Telephone Field,recover-20220922,001,1795
281.2075,281.2154,28046,38852,Eptesicus serotinus,0.007,0.022,-1,Echolocation,/mnt/ubna_data_02_mir/recover-20220922/UBNA_001/20220921_090000.WAV,Telephone Field,recover-20220922,001,1795
281.2285,281.27,68437,82541,Rhinolophus ferrumequinum,0.023,0.023,-1,Echolocation,/mnt/ubna_data_02_mir/recover-20220922/UBNA_001/20220921_090000.WAV,Telephone Field,recover-20220922,001,1795
281.2295,281.2353,36640,47592,Myotis daubentonii,0.007,0.023,-1,Echolocation,/mnt/ubna_data_02_mir/recover-20220922/UBNA_001/20220921_090000.WAV,Telephone Field,recover-20220922,001,1795
281.2315,281.2384,26328,39078,Myotis nattereri,0.006,0.029,-1,Echolocation,/mnt/ubna_data_02_mir/recover-20220922/UBNA_001/20220921_090000.WAV,Telephone Field,recover-20220922,001,1795
281.2355,281.2736,68437,82268,Rhinolophus ferrumequinum,0.024,0.024,-1,Echolocation,/mnt/ubna_data_02_mir/recover-20220922/UBNA_001/20220921_090000.WAV,Telephone Field,recover-20220922,001,1795
281.2545,281.2645,23750,30859,Nyctalus leisleri,0.008,0.022,-1,Echolocation,/mnt/ubna_data_02_mir/recover-20220922/UBNA_001/20220921_090000.WAV,Telephone Field,recover-20220922,001,1795
281.3095,281.318,23750,31581,Plecotus austriacus,0.007,0.023,-1,Echolocation,/mnt/ubna_data_02_mir/recover-20220922/UBNA_001/20220921_090000.WAV,Telephone Field,recover-20220922,001,1795
281.3215,281.331,42656,46991,Pipistrellus pipistrellus,0.022,0.027,-1,Echolocation,/mnt/ubna_data_02_mir/recover-20220922/UBNA_001/20220921_090000.WAV,Telephone Field,recover-20220922,001,1795
281.3425,281.35,23750,32242,Plecotus austriacus,0.01,0.024,-1,Echolocation,/mnt/ubna_data_02_mir/recover-20220922/UBNA_001/20220921_090000.WAV,Telephone Field,recover-20220922,001,1795
281.4135,281.4548,68437,83449,Rhinolophus ferrumequinum,0.029,0.029,-1,Echolocation,/mnt/ubna_data_02_mir/recover-20220922/UBNA_001/20220921_090000.WAV,Telephone Field,recover-20220922,001,1795
281.4205,281.4312,23750,29813,Nyctalus leisleri,0.01,0.024,-1,Echolocation,/mnt/ubna_data_02_mir/recover-20220922/UBNA_001/20220921_090000.WAV,Telephone Field,recover-20220922,001,1795
281.4395,281.4475,27187,39069,Eptesicus serotinus,0.007,0.022,-1,Echolocation,/mnt/ubna_data_02_mir/recover-20220922/UBNA_001/20220921_090000.WAV,Telephone Field,recover-20220922,001,1795
281.4615,281.5067,68437,83612,Rhinolophus ferrumequinum,0.048,0.048,-1,Echolocation,/mnt/ubna_data_02_mir/recover-20220922/UBNA_001/20220921_090000.WAV,Telephone Field,recover-20220922,001,1795
281.4755,281.5167,68437,82852,Rhinolophus ferrumequinum,0.021,0.021,-1,Echolocation,/mnt/ubna_data_02_mir/recover-20220922/UBNA_001/20220921_090000.WAV,Telephone Field,recover-20220922,001,1795
281.5045,281.5159,28906,36069,Eptesicus serotinus,0.03,0.046,-1,Echolocation,/mnt/ubna_data_02_mir/recover-20220922/UBNA_001/20220921_090000.WAV,Telephone Field,recover-20220922,001,1795
281.5275,281.5629,68437,81181,Rhinolophus ferrumequinum,0.024,0.024,-1,Echolocation,/mnt/ubna_data_02_mir/recover-20220922/UBNA_001/20220921_090000.WAV,Telephone Field,recover-20220922,001,1795
281.5285,281.5404,26328,31083,Nyctalus leisleri,0.01,0.026,-1,Echolocation,/mnt/ubna_data_02_mir/recover-20220922/UBNA_001/20220921_090000.WAV,Telephone Field,recover-20220922,001,1795
281.5405,281.5799,68437,82083,Rhinolophus ferrumequinum,0.024,0.025,-1,Echolocation,/mnt/ubna_data_02_mir/recover-20220922/UBNA_001/20220921_090000.WAV,Telephone Field,recover-20220922,001,1795
281.5525,281.5933,68437,82947,Rhinolophus ferrumequinum,0.034,0.034,-1,Echolocation,/mnt/ubna_data_02_mir/recover-20220922/UBNA_001/20220921_090000.WAV,Telephone Field,recover-20220922,001,1795
281.5565,281.5657,27187,37744,Eptesicus serotinus,0.009,0.021,-1,Echolocation,/mnt/ubna_data_02_mir/recover-20220922/UBNA_001/20220921_090000.WAV,Telephone Field,recover-20220922,001,1795
281.5815,281.5903,60703,66429,Pipistrellus pygmaeus,0.03,0.031,-1,Echolocation,/mnt/ubna_data_02_mir/recover-20220922/UBNA_001/20220921_090000.WAV,Telephone Field,recover-20220922,001,1795
281.5955,281.6092,28906,33594,Eptesicus serotinus,0.082,0.173,-1,Echolocation,/mnt/ubna_data_02_mir/recover-20220922/UBNA_001/20220921_090000.WAV,Telephone Field,recover-20220922,001,1795
281.6155,281.6527,68437,81650,Rhinolophus ferrumequinum,0.022,0.022,-1,Echolocation,/mnt/ubna_data_02_mir/recover-20220922/UBNA_001/20220921_090000.WAV,Telephone Field,recover-20220922,001,1795
281.6285,281.6697,68437,82754,Rhinolophus ferrumequinum,0.028,0.028,-1,Echolocation,/mnt/ubna_data_02_mir/recover-20220922/UBNA_001/20220921_090000.WAV,Telephone Field,recover-20220922,001,1795
281.6525,281.6644,22031,26402,Nyctalus leisleri,0.016,0.027,-1,Echolocation,/mnt/ubna_data_02_mir/recover-20220922/UBNA_001/20220921_090000.WAV,Telephone Field,recover-20220922,001,1795
281.6825,281.6912,25468,34198,Eptesicus serotinus,0.009,0.025,-1,Echolocation,/mnt/ubna_data_02_mir/recover-20220922/UBNA_001/20220921_090000.WAV,Telephone Field,recover-20220922,001,1795
281.7325,281.773,68437,82973,Rhinolophus ferrumequinum,0.025,0.025,-1,Echolocation,/mnt/ubna_data_02_mir/recover-20220922/UBNA_001/20220921_090000.WAV,Telephone Field,recover-20220922,001,1795
281.7695,281.7775,23750,32692,Plecotus austriacus,0.008,0.022,-1,Echolocation,/mnt/ubna_data_02_mir/recover-20220922/UBNA_001/20220921_090000.WAV,Telephone Field,recover-20220922,001,1795
281.7875,281.8262,68437,82391,Rhinolophus ferrumequinum,0.024,0.024,-1,Echolocation,/mnt/ubna_data_02_mir/recover-20220922/UBNA_001/20220921_090000.WAV,Telephone Field,recover-20220922,001,1795
281.7985,281.8371,68437,82019,Rhinolophus ferrumequinum,0.023,0.023,-1,Echolocation,/mnt/ubna_data_02_mir/recover-20220922/UBNA_001/20220921_090000.WAV,Telephone Field,recover-20220922,001,1795
281.8125,281.8518,68437,82338,Rhinolophus ferrumequinum,0.024,0.024,-1,Echolocation,/mnt/ubna_data_02_mir/recover-20220922/UBNA_001/20220921_090000.WAV,Telephone Field,recover-20220922,001,1795
281.8195,281.8303,23750,30094,Nyctalus leisleri,0.01,0.025,-1,Echolocation,/mnt/ubna_data_02_mir/recover-20220922/UBNA_001/20220921_090000.WAV,Telephone Field,recover-20220922,001,1795
281.8595,281.8988,68437,82567,Rhinolophus ferrumequinum,0.027,0.027,-1,Echolocation,/mnt/ubna_data_02_mir/recover-20220922/UBNA_001/20220921_090000.WAV,Telephone Field,recover-20220922,001,1795
281.8665,281.8753,28046,37633,Eptesicus serotinus,0.009,0.025,-1,Echolocation,/mnt/ubna_data_02_mir/recover-20220922/UBNA_001/20220921_090000.WAV,Telephone Field,recover-20220922,001,1795
281.9395,281.9472,23750,32828,Plecotus austriacus,0.012,0.027,-1,Echolocation,/mnt/ubna_data_02_mir/recover-20220922/UBNA_001/20220921_090000.WAV,Telephone Field,recover-20220922,001,1795
282.0015,282.013,39218,43055,Pipistrellus nathusii,0.046,0.063,-1,Echolocation,/mnt/ubna_data_02_mir/recover-20220922/UBNA_001/20220921_090000.WAV,Telephone Field,recover-20220922,001,1795
282.0015,282.0098,25468,35074,Nyctalus leisleri,0.006,0.025,-1,Echolocation,/mnt/ubna_data_02_mir/recover-20220922/UBNA_001/20220921_090000.WAV,Telephone Field,recover-20220922,001,1795
282.0015,282.0338,69296,81387,Rhinolophus ferrumequinum,0.052,0.052,-1,Echolocation,/mnt/ubna_data_02_mir/recover-20220922/UBNA_001/20220921_090000.WAV,Telephone Field,recover-20220922,001,1795
282.0185,282.0273,24609,32246,Eptesicus serotinus,0.007,0.023,-1,Echolocation,/mnt/ubna_data_02_mir/recover-20220922/UBNA_001/20220921_090000.WAV,Telephone Field,recover-20220922,001,1795
282.0455,282.0837,68437,81736,Rhinolophus ferrumequinum,0.024,0.024,-1,Echolocation,/mnt/ubna_data_02_mir/recover-20220922/UBNA_001/20220921_090000.WAV,Telephone Field,recover-20220922,001,1795
282.0885,282.1267,68437,82208,Rhinolophus ferrumequinum,0.024,0.024,-1,Echolocation,/mnt/ubna_data_02_mir/recover-20220922/UBNA_001/20220921_090000.WAV,Telephone Field,recover-20220922,001,1795
282.1625,282.201,68437,81643,Rhinolophus ferrumequinum,0.023,0.023,-1,Echolocation,/mnt/ubna_data_02_mir/recover-20220922/UBNA_001/20220921_090000.WAV,Telephone Field,recover-20220922,001,1795
282.1725,282.1817,23750,31299,Nyctalus leisleri,0.007,0.024,-1,Echolocation,/mnt/ubna_data_02_mir/recover-20220922/UBNA_001/20220921_090000.WAV,Telephone Field,recover-20220922,001,1795
282.2205,282.2578,68437,81612,Rhinolophus ferrumequinum,0.023,0.023,-1,Echolocation,/mnt/ubna_data_02_mir/recover-20220922/UBNA_001/20220921_090000.WAV,Telephone Field,recover-20220922,001,1795
282.2315,282.24,28906,37163,Eptesicus serotinus,0.009,0.025,-1,Echolocation,/mnt/ubna_data_02_mir/recover-20220922/UBNA_001/20220921_090000.WAV,Telephone Field,recover-20220922,001,1795
282.2335,282.2412,47812,52032,Pipistrellus pipistrellus,0.021,0.022,-1,Echolocation,/mnt/ubna_data_02_mir/recover-20220922/UBNA_001/20220921_090000.WAV,Telephone Field,recover-20220922,001,1795
282.3125,282.3238,23750,30154,Nyctalus leisleri,0.012,0.032,-1,Echolocation,/mnt/ubna_data_02_mir/recover-20220922/UBNA_001/20220921_090000.WAV,Telephone Field,recover-20220922,001,1795
282.3275,282.3638,68437,81829,Rhinolophus ferrumequinum,0.024,0.024,-1,Echolocation,/mnt/ubna_data_02_mir/recover-20220922/UBNA_001/20220921_090000.WAV,Telephone Field,recover-20220922,001,1795
282.3345,282.3697,68437,81832,Rhinolophus ferrumequinum,0.023,0.023,-1,Echolocation,/mnt/ubna_data_02_mir/recover-20220922/UBNA_001/20220921_090000.WAV,Telephone Field,recover-20220922,001,1795
282.3675,282.3762,28906,37860,Eptesicus serotinus,0.009,0.025,-1,Echolocation,/mnt/ubna_data_02_mir/recover-20220922/UBNA_001/20220921_090000.WAV,Telephone Field,recover-20220922,001,1795
282.4175,282.4252,47812,53446,Pipistrellus pipistrellus,0.028,0.03,-1,Echolocation,/mnt/ubna_data_02_mir/recover-20220922/UBNA_001/20220921_090000.WAV,Telephone Field,recover-20220922,001,1795
282.4375,282.4753,68437,81801,Rhinolophus ferrumequinum,0.024,0.024,-1,Echolocation,/mnt/ubna_data_02_mir/recover-20220922/UBNA_001/20220921_090000.WAV,Telephone Field,recover-20220922,001,1795
282.5065,282.5173,22890,28109,Nyctalus leisleri,0.011,0.023,-1,Echolocation,/mnt/ubna_data_02_mir/recover-20220922/UBNA_001/20220921_090000.WAV,Telephone Field,recover-20220922,001,1795
282.5355,282.5532,16015,21605,Nyctalus noctula,0.018,0.024,-1,Echolocation,/mnt/ubna_data_02_mir/recover-20220922/UBNA_001/20220921_090000.WAV,Telephone Field,recover-20220922,001,1795
282.5485,282.5896,68437,82913,Rhinolophus ferrumequinum,0.024,0.024,-1,Echolocation,/mnt/ubna_data_02_mir/recover-20220922/UBNA_001/20220921_090000.WAV,Telephone Field,recover-20220922,001,1795
282.5955,282.6331,68437,82250,Rhinolophus ferrumequinum,0.022,0.022,-1,Echolocation,/mnt/ubna_data_02_mir/recover-20220922/UBNA_001/20220921_090000.WAV,Telephone Field,recover-20220922,001,1795
282.6445,282.6832,68437,82715,Rhinolophus ferrumequinum,0.025,0.025,-1,Echolocation,/mnt/ubna_data_02_mir/recover-20220922/UBNA_001/20220921_090000.WAV,Telephone Field,recover-20220922,001,1795
282.6765,282.6854,28046,37429,Eptesicus serotinus,0.008,0.023,-1,Echolocation,/mnt/ubna_data_02_mir/recover-20220922/UBNA_001/20220921_090000.WAV,Telephone Field,recover-20220922,001,1795
282.7005,282.7099,22890,29299,Nyctalus leisleri,0.008,0.024,-1,Echolocation,/mnt/ubna_data_02_mir/recover-20220922/UBNA_001/20220921_090000.WAV,Telephone Field,recover-20220922,001,1795
282.7295,282.7396,52109,57386,Pipistrellus pipistrellus,0.016,0.023,-1,Echolocation,/mnt/ubna_data_02_mir/recover-20220922/UBNA_001/20220921_090000.WAV,Telephone Field,recover-20220922,001,1795
282.7305,282.771,68437,82362,Rhinolophus ferrumequinum,0.022,0.022,-1,Echolocation,/mnt/ubna_data_02_mir/recover-20220922/UBNA_001/20220921_090000.WAV,Telephone Field,recover-20220922,001,1795
282.7815,282.822,68437,82762,Rhinolophus ferrumequinum,0.022,0.022,-1,Echolocation,/mnt/ubna_data_02_mir/recover-20220922/UBNA_001/20220921_090000.WAV,Telephone Field,recover-20220922,001,1795
282.7865,282.7972,28906,38324,Eptesicus serotinus,0.01,0.023,-1,Echolocation,/mnt/ubna_data_02_mir/recover-20220922/UBNA_001/20220921_090000.WAV,Telephone Field,recover-20220922,001,1795
282.8135,282.8246,23750,29820,Nyctalus leisleri,0.011,0.031,-1,Echolocation,/mnt/ubna_data_02_mir/recover-20220922/UBNA_001/20220921_090000.WAV,Telephone Field,recover-20220922,001,1795
282.8225,282.8313,28046,36640,Eptesicus serotinus,0.01,0.023,-1,Echolocation,/mnt/ubna_data_02_mir/recover-20220922/UBNA_001/20220921_090000.WAV,Telephone Field,recover-20220922,001,1795
282.8575,282.8975,68437,82761,Rhinolophus ferrumequinum,0.023,0.023,-1,Echolocation,/mnt/ubna_data_02_mir/recover-20220922/UBNA_001/20220921_090000.WAV,Telephone Field,recover-20220922,001,1795
282.8795,282.8873,25468,33955,Plecotus austriacus,0.008,0.03,-1,Echolocation,/mnt/ubna_data_02_mir/recover-20220922/UBNA_001/20220921_090000.WAV,Telephone Field,recover-20220922,001,1795
282.8895,282.9001,28046,35525,Eptesicus serotinus,0.014,0.027,-1,Echolocation,/mnt/ubna_data_02_mir/recover-20220922/UBNA_001/20220921_090000.WAV,Telephone Field,recover-20220922,001,1795
282.8925,282.9296,68437,82012,Rhinolophus ferrumequinum,0.022,0.022,-1,Echolocation,/mnt/ubna_data_02_mir/recover-20220922/UBNA_001/20220921_090000.WAV,Telephone Field,recover-20220922,001,1795
282.9435,282.9779,68437,80652,Rhinolophus ferrumequinum,0.022,0.022,-1,Echolocation,/mnt/ubna_data_02_mir/recover-20220922/UBNA_001/20220921_090000.WAV,Telephone Field,recover-20220922,001,1795
282.9865,282.996,28906,36759,Eptesicus serotinus,0.009,0.022,-1,Echolocation,/mnt/ubna_data_02_mir/recover-20220922/UBNA_001/20220921_090000.WAV,Telephone Field,recover-20220922,001,1795
283.0015,283.0128,23750,28308,Nyctalus leisleri,0.012,0.024,-1,Echolocation,/mnt/ubna_data_02_mir/recover-20220922/UBNA_001/20220921_090000.WAV,Telephone Field,recover-20220922,001,1795
283.0565,283.097,68437,82147,Rhinolophus ferrumequinum,0.023,0.023,-1,Echolocation,/mnt/ubna_data_02_mir/recover-20220922/UBNA_001/20220921_090000.WAV,Telephone Field,recover-20220922,001,1795
283.0615,283.1023,68437,82287,Rhinolophus ferrumequinum,0.023,0.023,-1,Echolocation,/mnt/ubna_data_02_mir/recover-20220922/UBNA_001/20220921_090000.WAV,Telephone Field,recover-20220922,001,1795
283.0665,283.1064,68437,81942,Rhinolophus ferrumequinum,0.023,0.023,-1,Echolocation,/mnt/ubna_data_02_mir/recover-20220922/UBNA_001/20220921_090000.WAV,Telephone Field,recover-20220922,001,1795
283.0695,283.0799,23750,30545,Nyctalus leisleri,0.01,0.028,-1,Echolocation,/mnt/ubna_data_02_mir/recover-20220922/UBNA_001/20220921_090000.WAV,Telephone Field,recover-20220922,001,1795
283.0795,283.0893,28906,36984,Eptesicus serotinus,0.009,0.022,-1,Echolocation,/mnt/ubna_data_02_mir/recover-20220922/UBNA_001/20220921_090000.WAV,Telephone Field,recover-20220922,001,1795
283.1065,283.1411,68437,81191,Rhinolophus ferrumequinum,0.022,0.022,-1,Echolocation,/mnt/ubna_data_02_mir/recover-20220922/UBNA_001/20220921_090000.WAV,Telephone Field,recover-20220922,001,1795
283.1565,283.1921,68437,81542,Rhinolophus ferrumequinum,0.022,0.022,-1,Echolocation,/mnt/ubna_data_02_mir/recover-20220922/UBNA_001/20220921_090000.WAV,Telephone Field,recover-20220922,001,1795
283.1715,283.2152,68437,83650,Rhinolophus ferrumequinum,0.044,0.044,-1,Echolocation,/mnt/ubna_data_02_mir/recover-20220922/UBNA_001/20220921_090000.WAV,Telephone Field,recover-20220922,001,1795
283.1985,283.2056,28046,40168,Eptesicus serotinus,0.007,0.024,-1,Echolocation,/mnt/ubna_data_02_mir/recover-20220922/UBNA_001/20220921_090000.WAV,Telephone Field,recover-20220922,001,1795
283.2105,283.2187,22890,30780,Plecotus austriacus,0.013,0.032,-1,Echolocation,/mnt/ubna_data_02_mir/recover-20220922/UBNA_001/20220921_090000.WAV,Telephone Field,recover-20220922,001,1795
283.2345,283.278,68437,82590,Rhinolophus ferrumequinum,0.041,0.041,-1,Echolocation,/mnt/ubna_data_02_mir/recover-20220922/UBNA_001/20220921_090000.WAV,Telephone Field,recover-20220922,001,1795
283.2975,283.3404,68437,83170,Rhinolophus ferrumequinum,0.026,0.026,-1,Echolocation,/mnt/ubna_data_02_mir/recover-20220922/UBNA_001/20220921_090000.WAV,Telephone Field,recover-20220922,001,1795
283.3465,283.3534,28906,40321,Eptesicus serotinus,0.008,0.029,-1,Echolocation,/mnt/ubna_data_02_mir/recover-20220922/UBNA_001/20220921_090000.WAV,Telephone Field,recover-20220922,001,1795
283.3685,283.379,22890,28547,Nyctalus leisleri,0.009,0.022,-1,Echolocation,/mnt/ubna_data_02_mir/recover-20220922/UBNA_001/20220921_090000.WAV,Telephone Field,recover-20220922,001,1795
283.4025,283.4399,68437,81685,Rhinolophus ferrumequinum,0.023,0.023,-1,Echolocation,/mnt/ubna_data_02_mir/recover-20220922/UBNA_001/20220921_090000.WAV,Telephone Field,recover-20220922,001,1795
283.4075,283.4173,28906,37202,Eptesicus serotinus,0.01,0.024,-1,Echolocation,/mnt/ubna_data_02_mir/recover-20220922/UBNA_001/20220921_090000.WAV,Telephone Field,recover-20220922,001,1795
283.4235,283.4333,56406,60537,Pipistrellus pygmaeus,0.029,0.03,-1,Echolocation,/mnt/ubna_data_02_mir/recover-20220922/UBNA_001/20220921_090000.WAV,Telephone Field,recover-20220922,001,1795
283.4545,283.4907,68437,81147,Rhinolophus ferrumequinum,0.024,0.024,-1,Echolocation,/mnt/ubna_data_02_mir/recover-20220922/UBNA_001/20220921_090000.WAV,Telephone Field,recover-20220922,001,1795
283.4715,283.4819,28046,37222,Eptesicus serotinus,0.012,0.026,-1,Echolocation,/mnt/ubna_data_02_mir/recover-20220922/UBNA_001/20220921_090000.WAV,Telephone Field,recover-20220922,001,1795
283.4865,283.5243,68437,81930,Rhinolophus ferrumequinum,0.025,0.025,-1,Echolocation,/mnt/ubna_data_02_mir/recover-20220922/UBNA_001/20220921_090000.WAV,Telephone Field,recover-20220922,001,1795
283.5505,283.5887,68437,82013,Rhinolophus ferrumequinum,0.023,0.023,-1,Echolocation,/mnt/ubna_data_02_mir/recover-20220922/UBNA_001/20220921_090000.WAV,Telephone Field,recover-20220922,001,1795
283.5745,283.6123,68437,81775,Rhinolophus ferrumequinum,0.022,0.022,-1,Echolocation,/mnt/ubna_data_02_mir/recover-20220922/UBNA_001/20220921_090000.WAV,Telephone Field,recover-20220922,001,1795
283.5755,283.5873,22890,28421,Nyctalus leisleri,0.014,0.028,-1,Echolocation,/mnt/ubna_data_02_mir/recover-20220922/UBNA_001/20220921_090000.WAV,Telephone Field,recover-20220922,001,1795
283.5945,283.6331,68437,82222,Rhinolophus ferrumequinum,0.023,0.023,-1,Echolocation,/mnt/ubna_data_02_mir/recover-20220922/UBNA_001/20220921_090000.WAV,Telephone Field,recover-20220922,001,1795
283.6055,283.6129,28046,39987,Eptesicus serotinus,0.007,0.022,-1,Echolocation,/mnt/ubna_data_02_mir/recover-20220922/UBNA_001/20220921_090000.WAV,Telephone Field,recover-20220922,001,1795
283.6155,283.6561,68437,82776,Rhinolophus ferrumequinum,0.025,0.025,-1,Echolocation,/mnt/ubna_data_02_mir/recover-20220922/UBNA_001/20220921_090000.WAV,Telephone Field,recover-20220922,001,1795
283.6475,283.6875,68437,82735,Rhinolophus ferrumequinum,0.023,0.023,-1,Echolocation,/mnt/ubna_data_02_mir/recover-20220922/UBNA_001/20220921_090000.WAV,Telephone Field,recover-20220922,001,1795
283.6605,283.6988,68437,82310,Rhinolophus ferrumequinum,0.023,0.023,-1,Echolocation,/mnt/ubna_data_02_mir/recover-20220922/UBNA_001/20220921_090000.WAV,Telephone Field,recover-20220922,001,1795
283.7305,283.7387,28906,34969,Eptesicus serotinus,0.023,0.053,-1,Echolocation,/mnt/ubna_data_02_mir/recover-20220922/UBNA_001/20220921_090000.WAV,Telephone Field,recover-20220922,001,1795
283.7415,283.779,68437,82388,Rhinolophus ferrumequinum,0.023,0.023,-1,Echolocation,/mnt/ubna_data_02_mir/recover-20220922/UBNA_001/20220921_090000.WAV,Telephone Field,recover-20220922,001,1795
283.7595,283.7725,14296,19441,Nyctalus noctula,0.014,0.023,-1,Echolocation,/mnt/ubna_data_02_mir/recover-20220922/UBNA_001/20220921_090000.WAV,Telephone Field,recover-20220922,001,1795
283.7625,283.7698,28046,39021,Eptesicus serotinus,0.007,0.022,-1,Echolocation,/mnt/ubna_data_02_mir/recover-20220922/UBNA_001/20220921_090000.WAV,Telephone Field,recover-20220922,001,1795
283.7905,283.7998,28906,36500,Eptesicus serotinus,0.009,0.023,-1,Echolocation,/mnt/ubna_data_02_mir/recover-20220922/UBNA_001/20220921_090000.WAV,Telephone Field,recover-20220922,001,1795
283.8165,283.8278,28046,34386,Eptesicus serotinus,0.016,0.031,-1,Echolocation,/mnt/ubna_data_02_mir/recover-20220922/UBNA_001/20220921_090000.WAV,Telephone Field,recover-20220922,001,1795
283.8165,283.8553,68437,82082,Rhinolophus ferrumequinum,0.023,0.023,-1,Echolocation,/mnt/ubna_data_02_mir/recover-20220922/UBNA_001/20220921_090000.WAV,Telephone Field,recover-20220922,001,1795
283.8765,283.8858,14296,22428,Nyctalus noctula,0.014,0.029,-1,Echolocation,/mnt/ubna_data_02_mir/recover-20220922/UBNA_001/20220921_090000.WAV,Telephone Field,recover-20220922,001,1795
283.8835,283.9209,68437,81737,Rhinolophus ferrumequinum,0.022,0.022,-1,Echolocation,/mnt/ubna_data_02_mir/recover-20220922/UBNA_001/20220921_090000.WAV,Telephone Field,recover-20220922,001,1795
283.9025,283.911,28046,43733,Eptesicus serotinus,0.008,0.022,-1,Echolocation,/mnt/ubna_data_02_mir/recover-20220922/UBNA_001/20220921_090000.WAV,Telephone Field,recover-20220922,001,1795
283.9385,283.9732,68437,82090,Rhinolophus ferrumequinum,0.037,0.038,-1,Echolocation,/mnt/ubna_data_02_mir/recover-20220922/UBNA_001/20220921_090000.WAV,Telephone Field,recover-20220922,001,1795
283.9475,283.9889,68437,82585,Rhinolophus ferrumequinum,0.028,0.028,-1,Echolocation,/mnt/ubna_data_02_mir/recover-20220922/UBNA_001/20220921_090000.WAV,Telephone Field,recover-20220922,001,1795
283.9735,283.9818,28046,38361,Eptesicus serotinus,0.01,0.025,-1,Echolocation,/mnt/ubna_data_02_mir/recover-20220922/UBNA_001/20220921_090000.WAV,Telephone Field,recover-20220922,001,1795
283.9785,283.986,23750,32313,Plecotus austriacus,0.009,0.024,-1,Echolocation,/mnt/ubna_data_02_mir/recover-20220922/UBNA_001/20220921_090000.WAV,Telephone Field,recover-20220922,001,1795
284.0015,284.0106,23750,31931,Nyctalus leisleri,0.009,0.027,-1,Echolocation,/mnt/ubna_data_02_mir/recover-20220922/UBNA_001/20220921_090000.WAV,Telephone Field,recover-20220922,001,1795
284.0015,284.0315,68437,79778,Rhinolophus ferrumequinum,0.024,0.024,-1,Echolocation,/mnt/ubna_data_02_mir/recover-20220922/UBNA_001/20220921_090000.WAV,Telephone Field,recover-20220922,001,1795
284.0505,284.0576,27187,38367,Eptesicus serotinus,0.006,0.022,-1,Echolocation,/mnt/ubna_data_02_mir/recover-20220922/UBNA_001/20220921_090000.WAV,Telephone Field,recover-20220922,001,1795
284.0635,284.1015,68437,82259,Rhinolophus ferrumequinum,0.024,0.024,-1,Echolocation,/mnt/ubna_data_02_mir/recover-20220922/UBNA_001/20220921_090000.WAV,Telephone Field,recover-20220922,001,1795
284.0645,284.0742,27187,35461,Eptesicus serotinus,0.01,0.022,-1,Echolocation,/mnt/ubna_data_02_mir/recover-20220922/UBNA_001/20220921_090000.WAV,Telephone Field,recover-20220922,001,1795
284.1145,284.1543,68437,82351,Rhinolophus ferrumequinum,0.024,0.024,-1,Echolocation,/mnt/ubna_data_02_mir/recover-20220922/UBNA_001/20220921_090000.WAV,Telephone Field,recover-20220922,001,1795
284.1205,284.1354,20312,24256,Nyctalus leisleri,0.01,0.022,-1,Echolocation,/mnt/ubna_data_02_mir/recover-20220922/UBNA_001/20220921_090000.WAV,Telephone Field,recover-20220922,001,1795
284.1415,284.1808,68437,82399,Rhinolophus ferrumequinum,0.022,0.022,-1,Echolocation,/mnt/ubna_data_02_mir/recover-20220922/UBNA_001/20220921_090000.WAV,Telephone Field,recover-20220922,001,1795
284.1595,284.198,68437,81678,Rhinolophus ferrumequinum,0.023,0.023,-1,Echolocation,/mnt/ubna_data_02_mir/recover-20220922/UBNA_001/20220921_090000.WAV,Telephone Field,recover-20220922,001,1795
284.2065,284.2469,68437,81864,Rhinolophus ferrumequinum,0.021,0.021,-1,Echolocation,/mnt/ubna_data_02_mir/recover-20220922/UBNA_001/20220921_090000.WAV,Telephone Field,recover-20220922,001,1795
284.2675,284.2798,24609,29114,Nyctalus leisleri,0.015,0.032,-1,Echolocation,/mnt/ubna_data_02_mir/recover-20220922/UBNA_001/20220921_090000.WAV,Telephone Field,recover-20220922,001,1795
284.2815,284.322,68437,82364,Rhinolophus ferrumequinum,0.028,0.028,-1,Echolocation,/mnt/ubna_data_02_mir/recover-20220922/UBNA_001/20220921_090000.WAV,Telephone Field,recover-20220922,001,1795
284.3105,284.3508,68437,82911,Rhinolophus ferrumequinum,0.026,0.026,-1,Echolocation,/mnt/ubna_data_02_mir/recover-20220922/UBNA_001/20220921_090000.WAV,Telephone Field,recover-20220922,001,1795
284.3165,284.3268,22031,26949,Nyctalus leisleri,0.01,0.021,-1,Echolocation,/mnt/ubna_data_02_mir/recover-20220922/UBNA_001/20220921_090000.WAV,Telephone Field,recover-20220922,001,1795
284.3245,284.3334,28046,38809,Eptesicus serotinus,0.008,0.021,-1,Echolocation,/mnt/ubna_data_02_mir/recover-20220922/UBNA_001/20220921_090000.WAV,Telephone Field,recover-20220922,001,1795
284.3715,284.4108,68437,82118,Rhinolophus ferrumequinum,0.025,0.025,-1,Echolocation,/mnt/ubna_data_02_mir/recover-20220922/UBNA_001/20220921_090000.WAV,Telephone Field,recover-20220922,001,1795
284.3965,284.4345,68437,82774,Rhinolophus ferrumequinum,0.021,0.021,-1,Echolocation,/mnt/ubna_data_02_mir/recover-20220922/UBNA_001/20220921_090000.WAV,Telephone Field,recover-20220922,001,1795
284.4305,284.4681,68437,81964,Rhinolophus ferrumequinum,0.021,0.021,-1,Echolocation,/mnt/ubna_data_02_mir/recover-20220922/UBNA_001/20220921_090000.WAV,Telephone Field,recover-20220922,001,1795
284.5155,284.5542,68437,81839,Rhinolophus ferrumequinum,0.021,0.021,-1,Echolocation,/mnt/ubna_data_02_mir/recover-20220922/UBNA_001/20220921_090000.WAV,Telephone Field,recover-20220922,001,1795
284.5695,284.5767,28906,39649,Eptesicus serotinus,0.007,0.024,-1,Echolocation,/mnt/ubna_data_02_mir/recover-20220922/UBNA_001/20220921_090000.WAV,Telephone Field,recover-20220922,001,1795
284.5695,284.5778,22890,30872,Plecotus austriacus,0.012,0.026,-1,Echolocation,/mnt/ubna_data_02_mir/recover-20220922/UBNA_001/20220921_090000.WAV,Telephone Field,recover-20220922,001,1795
284.6435,284.6509,27187,38472,Eptesicus serotinus,0.006,0.021,-1,Echolocation,/mnt/ubna_data_02_mir/recover-20220922/UBNA_001/20220921_090000.WAV,Telephone Field,recover-20220922,001,1795
284.6835,284.72090000000003,68437,81561,Rhinolophus ferrumequinum,0.021,0.021,-1,Echolocation,/mnt/ubna_data_02_mir/recover-20220922/UBNA_001/20220921_090000.WAV,Telephone Field,recover-20220922,001,1795
284.6845,284.6927,15156,24484,Plecotus auritus,0.012,0.021,-1,Echolocation,/mnt/ubna_data_02_mir/recover-20220922/UBNA_001/20220921_090000.WAV,Telephone Field,recover-20220922,001,1795
284.7035,284.7447,68437,82784,Rhinolophus ferrumequinum,0.023,0.023,-1,Echolocation,/mnt/ubna_data_02_mir/recover-20220922/UBNA_001/20220921_090000.WAV,Telephone Field,recover-20220922,001,1795
284.7605,284.7807,19453,22168,Nyctalus noctula,0.031,0.063,-1,Echolocation,/mnt/ubna_data_02_mir/recover-20220922/UBNA_001/20220921_090000.WAV,Telephone Field,recover-20220922,001,1795
284.7645,284.8033,68437,81843,Rhinolophus ferrumequinum,0.022,0.022,-1,Echolocation,/mnt/ubna_data_02_mir/recover-20220922/UBNA_001/20220921_090000.WAV,Telephone Field,recover-20220922,001,1795
284.7925,284.8316,68437,81668,Rhinolophus ferrumequinum,0.025,0.025,-1,Echolocation,/mnt/ubna_data_02_mir/recover-20220922/UBNA_001/20220921_090000.WAV,Telephone Field,recover-20220922,001,1795
284.8135,284.8556,68437,82514,Rhinolophus ferrumequinum,0.022,0.022,-1,Echolocation,/mnt/ubna_data_02_mir/recover-20220922/UBNA_001/20220921_090000.WAV,Telephone Field,recover-20220922,001,1795
284.8395,284.8788,68437,82008,Rhinolophus ferrumequinum,0.022,0.022,-1,Echolocation,/mnt/ubna_data_02_mir/recover-20220922/UBNA_001/20220921_090000.WAV,Telephone Field,recover-20220922,001,1795
284.8435,284.8523,22890,30392,Plecotus austriacus,0.008,0.022,-1,Echolocation,/mnt/ubna_data_02_mir/recover-20220922/UBNA_001/20220921_090000.WAV,Telephone Field,recover-20220922,001,1795
284.8455,284.8844,68437,82040,Rhinolophus ferrumequinum,0.022,0.022,-1,Echolocation,/mnt/ubna_data_02_mir/recover-20220922/UBNA_001/20220921_090000.WAV,Telephone Field,recover-20220922,001,1795
284.8605,284.9009,68437,82391,Rhinolophus ferrumequinum,0.023,0.023,-1,Echolocation,/mnt/ubna_data_02_mir/recover-20220922/UBNA_001/20220921_090000.WAV,Telephone Field,recover-20220922,001,1795
284.8645,284.8736,28046,36660,Eptesicus serotinus,0.012,0.027,-1,Echolocation,/mnt/ubna_data_02_mir/recover-20220922/UBNA_001/20220921_090000.WAV,Telephone Field,recover-20220922,001,1795
284.8955,284.9346,68437,82646,Rhinolophus ferrumequinum,0.022,0.022,-1,Echolocation,/mnt/ubna_data_02_mir/recover-20220922/UBNA_001/20220921_090000.WAV,Telephone Field,recover-20220922,001,1795
284.9955,285.03340000000003,68437,81845,Rhinolophus ferrumequinum,0.023,0.024,-1,Echolocation,/mnt/ubna_data_02_mir/recover-20220922/UBNA_001/20220921_090000.WAV,Telephone Field,recover-20220922,001,1795
285.0315,285.0703,68437,82114,Rhinolophus ferrumequinum,0.021,0.021,-1,Echolocation,/mnt/ubna_data_02_mir/recover-20220922/UBNA_001/20220921_090000.WAV,Telephone Field,recover-20220922,001,1795
285.04449999999997,285.0836,68437,82462,Rhinolophus ferrumequinum,0.021,0.021,-1,Echolocation,/mnt/ubna_data_02_mir/recover-20220922/UBNA_001/20220921_090000.WAV,Telephone Field,recover-20220922,001,1795
285.0555,285.0934,68437,82184,Rhinolophus ferrumequinum,0.022,0.022,-1,Echolocation,/mnt/ubna_data_02_mir/recover-20220922/UBNA_001/20220921_090000.WAV,Telephone Field,recover-20220922,001,1795
285.0605,285.0976,68437,82315,Rhinolophus ferrumequinum,0.022,0.022,-1,Echolocation,/mnt/ubna_data_02_mir/recover-20220922/UBNA_001/20220921_090000.WAV,Telephone Field,recover-20220922,001,1795
285.1005,285.1379,68437,81336,Rhinolophus ferrumequinum,0.028,0.028,-1,Echolocation,/mnt/ubna_data_02_mir/recover-20220922/UBNA_001/20220921_090000.WAV,Telephone Field,recover-20220922,001,1795
285.1215,285.1615,68437,82234,Rhinolophus ferrumequinum,0.028,0.028,-1,Echolocation,/mnt/ubna_data_02_mir/recover-20220922/UBNA_001/20220921_090000.WAV,Telephone Field,recover-20220922,001,1795
285.1765,285.2135,68437,81344,Rhinolophus ferrumequinum,0.022,0.022,-1,Echolocation,/mnt/ubna_data_02_mir/recover-20220922/UBNA_001/20220921_090000.WAV,Telephone Field,recover-20220922,001,1795
285.1795,285.1877,28046,38621,Eptesicus serotinus,0.008,0.021,-1,Echolocation,/mnt/ubna_data_02_mir/recover-20220922/UBNA_001/20220921_090000.WAV,Telephone Field,recover-20220922,001,1795
285.2035,285.2471,68437,83274,Rhinolophus ferrumequinum,0.071,0.071,-1,Echolocation,/mnt/ubna_data_02_mir/recover-20220922/UBNA_001/20220921_090000.WAV,Telephone Field,recover-20220922,001,1795
285.2295,285.24,23750,29488,Nyctalus leisleri,0.009,0.023,-1,Echolocation,/mnt/ubna_data_02_mir/recover-20220922/UBNA_001/20220921_090000.WAV,Telephone Field,recover-20220922,001,1795
285.2355,285.2753,68437,81828,Rhinolophus ferrumequinum,0.029,0.029,-1,Echolocation,/mnt/ubna_data_02_mir/recover-20220922/UBNA_001/20220921_090000.WAV,Telephone Field,recover-20220922,001,1795
285.2425,285.2762,68437,81565,Rhinolophus ferrumequinum,0.025,0.025,-1,Echolocation,/mnt/ubna_data_02_mir/recover-20220922/UBNA_001/20220921_090000.WAV,Telephone Field,recover-20220922,001,1795
285.2695,285.2793,25468,32634,Eptesicus serotinus,0.012,0.03,-1,Echolocation,/mnt/ubna_data_02_mir/recover-20220922/UBNA_001/20220921_090000.WAV,Telephone Field,recover-20220922,001,1795
285.2865,285.3275,68437,82361,Rhinolophus ferrumequinum,0.022,0.022,-1,Echolocation,/mnt/ubna_data_02_mir/recover-20220922/UBNA_001/20220921_090000.WAV,Telephone Field,recover-20220922,001,1795
285.3095,285.3205,22890,28253,Nyctalus leisleri,0.01,0.021,-1,Echolocation,/mnt/ubna_data_02_mir/recover-20220922/UBNA_001/20220921_090000.WAV,Telephone Field,recover-20220922,001,1795
285.3105,285.3518,68437,81798,Rhinolophus ferrumequinum,0.023,0.023,-1,Echolocation,/mnt/ubna_data_02_mir/recover-20220922/UBNA_001/20220921_090000.WAV,Telephone Field,recover-20220922,001,1795
285.3175,285.3284,22890,28191,Nyctalus leisleri,0.012,0.026,-1,Echolocation,/mnt/ubna_data_02_mir/recover-20220922/UBNA_001/20220921_090000.WAV,Telephone Field,recover-20220922,001,1795
285.3215,285.3624,68437,82303,Rhinolophus ferrumequinum,0.023,0.023,-1,Echolocation,/mnt/ubna_data_02_mir/recover-20220922/UBNA_001/20220921_090000.WAV,Telephone Field,recover-20220922,001,1795
285.33050000000003,285.3697,68437,82368,Rhinolophus ferrumequinum,0.022,0.022,-1,Echolocation,/mnt/ubna_data_02_mir/recover-20220922/UBNA_001/20220921_090000.WAV,Telephone Field,recover-20220922,001,1795
285.3975,285.4335,68437,80789,Rhinolophus ferrumequinum,0.021,0.021,-1,Echolocation,/mnt/ubna_data_02_mir/recover-20220922/UBNA_001/20220921_090000.WAV,Telephone Field,recover-20220922,001,1795
285.4265,285.4677,68437,82611,Rhinolophus ferrumequinum,0.024,0.024,-1,Echolocation,/mnt/ubna_data_02_mir/recover-20220922/UBNA_001/20220921_090000.WAV,Telephone Field,recover-20220922,001,1795
285.4495,285.4864,68437,80735,Rhinolophus ferrumequinum,0.021,0.021,-1,Echolocation,/mnt/ubna_data_02_mir/recover-20220922/UBNA_001/20220921_090000.WAV,Telephone Field,recover-20220922,001,1795
285.4565,285.4669,28906,35214,Eptesicus serotinus,0.009,0.022,-1,Echolocation,/mnt/ubna_data_02_mir/recover-20220922/UBNA_001/20220921_090000.WAV,Telephone Field,recover-20220922,001,1795
285.4575,285.4789,18593,21456,Nyctalus noctula,0.011,0.023,-1,Echolocation,/mnt/ubna_data_02_mir/recover-20220922/UBNA_001/20220921_090000.WAV,Telephone Field,recover-20220922,001,1795
285.4725,285.51,68437,81463,Rhinolophus ferrumequinum,0.023,0.023,-1,Echolocation,/mnt/ubna_data_02_mir/recover-20220922/UBNA_001/20220921_090000.WAV,Telephone Field,recover-20220922,001,1795
285.4805,285.5219,68437,82729,Rhinolophus ferrumequinum,0.034,0.034,-1,Echolocation,/mnt/ubna_data_02_mir/recover-20220922/UBNA_001/20220921_090000.WAV,Telephone Field,recover-20220922,001,1795
285.4955,285.5041,28046,38071,Eptesicus serotinus,0.008,0.023,-1,Echolocation,/mnt/ubna_data_02_mir/recover-20220922/UBNA_001/20220921_090000.WAV,Telephone Field,recover-20220922,001,1795
285.5025,285.5421,68437,81785,Rhinolophus ferrumequinum,0.024,0.024,-1,Echolocation,/mnt/ubna_data_02_mir/recover-20220922/UBNA_001/20220921_090000.WAV,Telephone Field,recover-20220922,001,1795
285.5055,285.513,28046,39385,Eptesicus serotinus,0.006,0.021,-1,Echolocation,/mnt/ubna_data_02_mir/recover-20220922/UBNA_001/20220921_090000.WAV,Telephone Field,recover-20220922,001,1795
285.5105,285.5488,68437,82447,Rhinolophus ferrumequinum,0.021,0.021,-1,Echolocation,/mnt/ubna_data_02_mir/recover-20220922/UBNA_001/20220921_090000.WAV,Telephone Field,recover-20220922,001,1795
285.5335,285.5406,26328,35705,Eptesicus serotinus,0.006,0.021,-1,Echolocation,/mnt/ubna_data_02_mir/recover-20220922/UBNA_001/20220921_090000.WAV,Telephone Field,recover-20220922,001,1795
285.5585,285.5979,68437,81671,Rhinolophus ferrumequinum,0.022,0.022,-1,Echolocation,/mnt/ubna_data_02_mir/recover-20220922/UBNA_001/20220921_090000.WAV,Telephone Field,recover-20220922,001,1795
285.5685,285.6054,68437,81413,Rhinolophus ferrumequinum,0.021,0.021,-1,Echolocation,/mnt/ubna_data_02_mir/recover-20220922/UBNA_001/20220921_090000.WAV,Telephone Field,recover-20220922,001,1795
285.5765,285.617,68437,82129,Rhinolophus ferrumequinum,0.023,0.023,-1,Echolocation,/mnt/ubna_data_02_mir/recover-20220922/UBNA_001/20220921_090000.WAV,Telephone Field,recover-20220922,001,1795
285.5895,285.5979,23750,31475,Plecotus austriacus,0.008,0.021,-1,Echolocation,/mnt/ubna_data_02_mir/recover-20220922/UBNA_001/20220921_090000.WAV,Telephone Field,recover-20220922,001,1795
285.6805,285.7155,68437,81340,Rhinolophus ferrumequinum,0.024,0.024,-1,Echolocation,/mnt/ubna_data_02_mir/recover-20220922/UBNA_001/20220921_090000.WAV,Telephone Field,recover-20220922,001,1795
285.7265,285.7366,21171,26424,Plecotus austriacus,0.01,0.028,-1,Echolocation,/mnt/ubna_data_02_mir/recover-20220922/UBNA_001/20220921_090000.WAV,Telephone Field,recover-20220922,001,1795
285.7555,285.7681,53828,58543,Pipistrellus pygmaeus,0.018,0.021,-1,Echolocation,/mnt/ubna_data_02_mir/recover-20220922/UBNA_001/20220921_090000.WAV,Telephone Field,recover-20220922,001,1795
285.7565,285.7926,68437,81145,Rhinolophus ferrumequinum,0.022,0.022,-1,Echolocation,/mnt/ubna_data_02_mir/recover-20220922/UBNA_001/20220921_090000.WAV,Telephone Field,recover-20220922,001,1795
285.7625,285.7991,68437,81225,Rhinolophus ferrumequinum,0.024,0.024,-1,Echolocation,/mnt/ubna_data_02_mir/recover-20220922/UBNA_001/20220921_090000.WAV,Telephone Field,recover-20220922,001,1795
285.7785,285.7861,28046,39924,Eptesicus serotinus,0.007,0.021,-1,Echolocation,/mnt/ubna_data_02_mir/recover-20220922/UBNA_001/20220921_090000.WAV,Telephone Field,recover-20220922,001,1795
285.7975,285.8077,23750,29835,Nyctalus leisleri,0.009,0.023,-1,Echolocation,/mnt/ubna_data_02_mir/recover-20220922/UBNA_001/20220921_090000.WAV,Telephone Field,recover-20220922,001,1795
285.8285,285.84159999999997,43515,46199,Pipistrellus pipistrellus,0.029,0.033,-1,Echolocation,/mnt/ubna_data_02_mir/recover-20220922/UBNA_001/20220921_090000.WAV,Telephone Field,recover-20220922,001,1795
285.8385,285.8777,68437,82090,Rhinolophus ferrumequinum,0.022,0.022,-1,Echolocation,/mnt/ubna_data_02_mir/recover-20220922/UBNA_001/20220921_090000.WAV,Telephone Field,recover-20220922,001,1795
285.8605,285.8705,28046,37743,Eptesicus serotinus,0.01,0.025,-1,Echolocation,/mnt/ubna_data_02_mir/recover-20220922/UBNA_001/20220921_090000.WAV,Telephone Field,recover-20220922,001,1795
285.8665,285.9065,68437,82095,Rhinolophus ferrumequinum,0.021,0.021,-1,Echolocation,/mnt/ubna_data_02_mir/recover-20220922/UBNA_001/20220921_090000.WAV,Telephone Field,recover-20220922,001,1795
285.8965,285.9385,68437,82352,Rhinolophus ferrumequinum,0.021,0.022,-1,Echolocation,/mnt/ubna_data_02_mir/recover-20220922/UBNA_001/20220921_090000.WAV,Telephone Field,recover-20220922,001,1795
285.9075,285.9163,28046,36653,Eptesicus serotinus,0.009,0.022,-1,Echolocation,/mnt/ubna_data_02_mir/recover-20220922/UBNA_001/20220921_090000.WAV,Telephone Field,recover-20220922,001,1795
285.9475,285.9863,68437,80962,Rhinolophus ferrumequinum,0.021,0.021,-1,Echolocation,/mnt/ubna_data_02_mir/recover-20220922/UBNA_001/20220921_090000.WAV,Telephone Field,recover-20220922,001,1795
285.9865,285.9965,27187,35248,Eptesicus serotinus,0.011,0.024,-1,Echolocation,/mnt/ubna_data_02_mir/recover-20220922/UBNA_001/20220921_090000.WAV,Telephone Field,recover-20220922,001,1795
286.0015,286.0104,44375,49170,Pipistrellus pipistrellus,0.036,0.042,-1,Echolocation,/mnt/ubna_data_02_mir/recover-20220922/UBNA_001/20220921_090000.WAV,Telephone Field,recover-20220922,001,1795
286.0015,286.011,25468,34568,Nyctalus leisleri,0.008,0.029,-1,Echolocation,/mnt/ubna_data_02_mir/recover-20220922/UBNA_001/20220921_090000.WAV,Telephone Field,recover-20220922,001,1795
286.0025,286.0388,68437,81382,Rhinolophus ferrumequinum,0.021,0.023,-1,Echolocation,/mnt/ubna_data_02_mir/recover-20220922/UBNA_001/20220921_090000.WAV,Telephone Field,recover-20220922,001,1795
286.0105,286.0191,26328,35003,Eptesicus serotinus,0.007,0.023,-1,Echolocation,/mnt/ubna_data_02_mir/recover-20220922/UBNA_001/20220921_090000.WAV,Telephone Field,recover-20220922,001,1795
286.0335,286.0741,68437,82535,Rhinolophus ferrumequinum,0.023,0.023,-1,Echolocation,/mnt/ubna_data_02_mir/recover-20220922/UBNA_001/20220921_090000.WAV,Telephone Field,recover-20220922,001,1795
286.08050000000003,286.1195,68437,82626,Rhinolophus ferrumequinum,0.027,0.027,-1,Echolocation,/mnt/ubna_data_02_mir/recover-20220922/UBNA_001/20220921_090000.WAV,Telephone Field,recover-20220922,001,1795
286.0875,286.1247,68437,81828,Rhinolophus ferrumequinum,0.021,0.021,-1,Echolocation,/mnt/ubna_data_02_mir/recover-20220922/UBNA_001/20220921_090000.WAV,Telephone Field,recover-20220922,001,1795
286.0925,286.1269,68437,81282,Rhinolophus ferrumequinum,0.022,0.022,-1,Echolocation,/mnt/ubna_data_02_mir/recover-20220922/UBNA_001/20220921_090000.WAV,Telephone Field,recover-20220922,001,1795
286.0995,286.1342,68437,81097,Rhinolophus ferrumequinum,0.021,0.021,-1,Echolocation,/mnt/ubna_data_02_mir/recover-20220922/UBNA_001/20220921_090000.WAV,Telephone Field,recover-20220922,001,1795
286.1415,286.1794,68437,81623,Rhinolophus ferrumequinum,0.023,0.023,-1,Echolocation,/mnt/ubna_data_02_mir/recover-20220922/UBNA_001/20220921_090000.WAV,Telephone Field,recover-20220922,001,1795
286.1475,286.1858,68437,81497,Rhinolophus ferrumequinum,0.023,0.023,-1,Echolocation,/mnt/ubna_data_02_mir/recover-20220922/UBNA_001/20220921_090000.WAV,Telephone Field,recover-20220922,001,1795
286.1755,286.2118,68437,81716,Rhinolophus ferrumequinum,0.024,0.024,-1,Echolocation,/mnt/ubna_data_02_mir/recover-20220922/UBNA_001/20220921_090000.WAV,Telephone Field,recover-20220922,001,1795
286.1825,286.1946,22890,27983,Nyctalus leisleri,0.021,0.04,-1,Echolocation,/mnt/ubna_data_02_mir/recover-20220922/UBNA_001/20220921_090000.WAV,Telephone Field,recover-20220922,001,1795
286.1905,286.22860000000003,68437,82550,Rhinolophus ferrumequinum,0.026,0.026,-1,Echolocation,/mnt/ubna_data_02_mir/recover-20220922/UBNA_001/20220921_090000.WAV,Telephone Field,recover-20220922,001,1795
286.1995,286.2379,68437,81929,Rhinolophus ferrumequinum,0.024,0.024,-1,Echolocation,/mnt/ubna_data_02_mir/recover-20220922/UBNA_001/20220921_090000.WAV,Telephone Field,recover-20220922,001,1795
286.2005,286.21,27187,36225,Eptesicus serotinus,0.009,0.022,-1,Echolocation,/mnt/ubna_data_02_mir/recover-20220922/UBNA_001/20220921_090000.WAV,Telephone Field,recover-20220922,001,1795
286.2255,286.2614,68437,81266,Rhinolophus ferrumequinum,0.022,0.022,-1,Echolocation,/mnt/ubna_data_02_mir/recover-20220922/UBNA_001/20220921_090000.WAV,Telephone Field,recover-20220922,001,1795
286.2345,286.2713,68437,81737,Rhinolophus ferrumequinum,0.022,0.022,-1,Echolocation,/mnt/ubna_data_02_mir/recover-20220922/UBNA_001/20220921_090000.WAV,Telephone Field,recover-20220922,001,1795
286.2405,286.2784,68437,81831,Rhinolophus ferrumequinum,0.022,0.022,-1,Echolocation,/mnt/ubna_data_02_mir/recover-20220922/UBNA_001/20220921_090000.WAV,Telephone Field,recover-20220922,001,1795
286.2585,286.2981,68437,82094,Rhinolophus ferrumequinum,0.022,0.022,-1,Echolocation,/mnt/ubna_data_02_mir/recover-20220922/UBNA_001/20220921_090000.WAV,Telephone Field,recover-20220922,001,1795
286.2795,286.2893,28046,36549,Eptesicus serotinus,0.009,0.023,-1,Echolocation,/mnt/ubna_data_02_mir/recover-20220922/UBNA_001/20220921_090000.WAV,Telephone Field,recover-20220922,001,1795
286.2895,286.3277,68437,82182,Rhinolophus ferrumequinum,0.022,0.022,-1,Echolocation,/mnt/ubna_data_02_mir/recover-20220922/UBNA_001/20220921_090000.WAV,Telephone Field,recover-20220922,001,1795
286.2905,286.2985,28046,37984,Eptesicus serotinus,0.007,0.025,-1,Echolocation,/mnt/ubna_data_02_mir/recover-20220922/UBNA_001/20220921_090000.WAV,Telephone Field,recover-20220922,001,1795
286.3095,286.3511,68437,83577,Rhinolophus ferrumequinum,0.037,0.037,-1,Echolocation,/mnt/ubna_data_02_mir/recover-20220922/UBNA_001/20220921_090000.WAV,Telephone Field,recover-20220922,001,1795
286.3105,286.3319,19453,21970,Nyctalus leisleri,0.016,0.03,-1,Echolocation,/mnt/ubna_data_02_mir/recover-20220922/UBNA_001/20220921_090000.WAV,Telephone Field,recover-20220922,001,1795
286.3495,286.3936,68437,83414,Rhinolophus ferrumequinum,0.042,0.042,-1,Echolocation,/mnt/ubna_data_02_mir/recover-20220922/UBNA_001/20220921_090000.WAV,Telephone Field,recover-20220922,001,1795
286.3615,286.4046,68437,83836,Rhinolophus ferrumequinum,0.052,0.052,-1,Echolocation,/mnt/ubna_data_02_mir/recover-20220922/UBNA_001/20220921_090000.WAV,Telephone Field,recover-20220922,001,1795
286.3685,286.3814,14296,19417,Nyctalus noctula,0.016,0.027,-1,Echolocation,/mnt/ubna_data_02_mir/recover-20220922/UBNA_001/20220921_090000.WAV,Telephone Field,recover-20220922,001,1795
286.3925,286.4323,68437,83131,Rhinolophus ferrumequinum,0.025,0.025,-1,Echolocation,/mnt/ubna_data_02_mir/recover-20220922/UBNA_001/20220921_090000.WAV,Telephone Field,recover-20220922,001,1795
286.4155,286.4232,27187,42837,Eptesicus serotinus,0.005,0.021,-1,Echolocation,/mnt/ubna_data_02_mir/recover-20220922/UBNA_001/20220921_090000.WAV,Telephone Field,recover-20220922,001,1795
286.4405,286.4773,68437,81628,Rhinolophus ferrumequinum,0.025,0.025,-1,Echolocation,/mnt/ubna_data_02_mir/recover-20220922/UBNA_001/20220921_090000.WAV,Telephone Field,recover-20220922,001,1795
286.5845,286.6249,68437,82430,Rhinolophus ferrumequinum,0.021,0.022,-1,Echolocation,/mnt/ubna_data_02_mir/recover-20220922/UBNA_001/20220921_090000.WAV,Telephone Field,recover-20220922,001,1795
286.5905,286.601,49531,54245,Pipistrellus pipistrellus,0.027,0.031,-1,Echolocation,/mnt/ubna_data_02_mir/recover-20220922/UBNA_001/20220921_090000.WAV,Telephone Field,recover-20220922,001,1795
286.6145,286.6569,68437,83224,Rhinolophus ferrumequinum,0.031,0.031,-1,Echolocation,/mnt/ubna_data_02_mir/recover-20220922/UBNA_001/20220921_090000.WAV,Telephone Field,recover-20220922,001,1795
286.6255,286.6656,68437,82182,Rhinolophus ferrumequinum,0.021,0.022,-1,Echolocation,/mnt/ubna_data_02_mir/recover-20220922/UBNA_001/20220921_090000.WAV,Telephone Field,recover-20220922,001,1795
286.6665,286.7052,68437,82793,Rhinolophus ferrumequinum,0.025,0.025,-1,Echolocation,/mnt/ubna_data_02_mir/recover-20220922/UBNA_001/20220921_090000.WAV,Telephone Field,recover-20220922,001,1795
286.6755,286.6874,22890,26901,Nyctalus leisleri,0.026,0.042,-1,Echolocation,/mnt/ubna_data_02_mir/recover-20220922/UBNA_001/20220921_090000.WAV,Telephone Field,recover-20220922,001,1795
286.6925,286.6998,28046,37565,Eptesicus serotinus,0.006,0.022,-1,Echolocation,/mnt/ubna_data_02_mir/recover-20220922/UBNA_001/20220921_090000.WAV,Telephone Field,recover-20220922,001,1795
286.7025,286.745,68437,83169,Rhinolophus ferrumequinum,0.026,0.026,-1,Echolocation,/mnt/ubna_data_02_mir/recover-20220922/UBNA_001/20220921_090000.WAV,Telephone Field,recover-20220922,001,1795
286.7085,286.7499,68437,82621,Rhinolophus ferrumequinum,0.025,0.025,-1,Echolocation,/mnt/ubna_data_02_mir/recover-20220922/UBNA_001/20220921_090000.WAV,Telephone Field,recover-20220922,001,1795
286.7315,286.7688,68437,81753,Rhinolophus ferrumequinum,0.023,0.023,-1,Echolocation,/mnt/ubna_data_02_mir/recover-20220922/UBNA_001/20220921_090000.WAV,Telephone Field,recover-20220922,001,1795
286.7385,286.745,28046,37626,Eptesicus serotinus,0.008,0.03,-1,Echolocation,/mnt/ubna_data_02_mir/recover-20220922/UBNA_001/20220921_090000.WAV,Telephone Field,recover-20220922,001,1795
286.7865,286.8283,68437,83091,Rhinolophus ferrumequinum,0.029,0.029,-1,Echolocation,/mnt/ubna_data_02_mir/recover-20220922/UBNA_001/20220921_090000.WAV,Telephone Field,recover-20220922,001,1795
286.8045,286.8455,68437,82524,Rhinolophus ferrumequinum,0.023,0.023,-1,Echolocation,/mnt/ubna_data_02_mir/recover-20220922/UBNA_001/20220921_090000.WAV,Telephone Field,recover-20220922,001,1795
286.8275,286.8389,24609,30153,Nyctalus leisleri,0.011,0.024,-1,Echolocation,/mnt/ubna_data_02_mir/recover-20220922/UBNA_001/20220921_090000.WAV,Telephone Field,recover-20220922,001,1795
286.8375,286.8714,68437,81080,Rhinolophus ferrumequinum,0.021,0.022,-1,Echolocation,/mnt/ubna_data_02_mir/recover-20220922/UBNA_001/20220921_090000.WAV,Telephone Field,recover-20220922,001,1795
286.8495,286.8885,68437,81607,Rhinolophus ferrumequinum,0.023,0.023,-1,Echolocation,/mnt/ubna_data_02_mir/recover-20220922/UBNA_001/20220921_090000.WAV,Telephone Field,recover-20220922,001,1795
286.8635,286.87,27187,43445,Eptesicus serotinus,0.006,0.024,-1,Echolocation,/mnt/ubna_data_02_mir/recover-20220922/UBNA_001/20220921_090000.WAV,Telephone Field,recover-20220922,001,1795
286.8655,286.9044,68437,82468,Rhinolophus ferrumequinum,0.022,0.022,-1,Echolocation,/mnt/ubna_data_02_mir/recover-20220922/UBNA_001/20220921_090000.WAV,Telephone Field,recover-20220922,001,1795
286.8875,286.895,28046,41056,Eptesicus serotinus,0.007,0.025,-1,Echolocation,/mnt/ubna_data_02_mir/recover-20220922/UBNA_001/20220921_090000.WAV,Telephone Field,recover-20220922,001,1795
286.9305,286.9715,68437,82735,Rhinolophus ferrumequinum,0.026,0.026,-1,Echolocation,/mnt/ubna_data_02_mir/recover-20220922/UBNA_001/20220921_090000.WAV,Telephone Field,recover-20220922,001,1795
286.9415,286.9496,51250,56465,Pipistrellus pipistrellus,0.028,0.034,-1,Echolocation,/mnt/ubna_data_02_mir/recover-20220922/UBNA_001/20220921_090000.WAV,Telephone Field,recover-20220922,001,1795
286.9445,286.9626,20312,23570,Nyctalus leisleri,0.012,0.022,-1,Echolocation,/mnt/ubna_data_02_mir/recover-20220922/UBNA_001/20220921_090000.WAV,Telephone Field,recover-20220922,001,1795
286.9585,286.9958,68437,82019,Rhinolophus ferrumequinum,0.021,0.021,-1,Echolocation,/mnt/ubna_data_02_mir/recover-20220922/UBNA_001/20220921_090000.WAV,Telephone Field,recover-20220922,001,1795
286.9725,287.013,68437,82652,Rhinolophus ferrumequinum,0.04,0.04,-1,Echolocation,/mnt/ubna_data_02_mir/recover-20220922/UBNA_001/20220921_090000.WAV,Telephone Field,recover-20220922,001,1795
286.9755,286.9834,27187,35969,Eptesicus serotinus,0.009,0.025,-1,Echolocation,/mnt/ubna_data_02_mir/recover-20220922/UBNA_001/20220921_090000.WAV,Telephone Field,recover-20220922,001,1795
286.9965,287.005,23750,32173,Plecotus austriacus,0.009,0.026,-1,Echolocation,/mnt/ubna_data_02_mir/recover-20220922/UBNA_001/20220921_090000.WAV,Telephone Field,recover-20220922,001,1795
287.0095,287.02049999999997,25468,31611,Eptesicus serotinus,0.011,0.024,-1,Echolocation,/mnt/ubna_data_02_mir/recover-20220922/UBNA_001/20220921_090000.WAV,Telephone Field,recover-20220922,001,1795
287.0275,287.0623,68437,80752,Rhinolophus ferrumequinum,0.022,0.022,-1,Echolocation,/mnt/ubna_data_02_mir/recover-20220922/UBNA_001/20220921_090000.WAV,Telephone Field,recover-20220922,001,1795
287.08050000000003,287.0875,44375,48253,Pipistrellus pipistrellus,0.044,0.046,-1,Echolocation,/mnt/ubna_data_02_mir/recover-20220922/UBNA_001/20220921_090000.WAV,Telephone Field,recover-20220922,001,1795
287.1105,287.1508,68437,82421,Rhinolophus ferrumequinum,0.024,0.024,-1,Echolocation,/mnt/ubna_data_02_mir/recover-20220922/UBNA_001/20220921_090000.WAV,Telephone Field,recover-20220922,001,1795
287.1175,287.1252,45234,53647,Pipistrellus pipistrellus,0.013,0.021,-1,Echolocation,/mnt/ubna_data_02_mir/recover-20220922/UBNA_001/20220921_090000.WAV,Telephone Field,recover-20220922,001,1795
287.14549999999997,287.152,28046,38540,Eptesicus serotinus,0.005,0.024,-1,Echolocation,/mnt/ubna_data_02_mir/recover-20220922/UBNA_001/20220921_090000.WAV,Telephone Field,recover-20220922,001,1795
287.1525,287.1897,68437,81629,Rhinolophus ferrumequinum,0.023,0.024,-1,Echolocation,/mnt/ubna_data_02_mir/recover-20220922/UBNA_001/20220921_090000.WAV,Telephone Field,recover-20220922,001,1795
287.1555,287.1697,22031,26230,Nyctalus leisleri,0.014,0.026,-1,Echolocation,/mnt/ubna_data_02_mir/recover-20220922/UBNA_001/20220921_090000.WAV,Telephone Field,recover-20220922,001,1795
287.1835,287.1947,14296,22056,Nyctalus noctula,0.011,0.021,-1,Echolocation,/mnt/ubna_data_02_mir/recover-20220922/UBNA_001/20220921_090000.WAV,Telephone Field,recover-20220922,001,1795
287.2065,287.2444,68437,82073,Rhinolophus ferrumequinum,0.026,0.026,-1,Echolocation,/mnt/ubna_data_02_mir/recover-20220922/UBNA_001/20220921_090000.WAV,Telephone Field,recover-20220922,001,1795
287.2075,287.2147,28046,37162,Eptesicus serotinus,0.007,0.022,-1,Echolocation,/mnt/ubna_data_02_mir/recover-20220922/UBNA_001/20220921_090000.WAV,Telephone Field,recover-20220922,001,1795
287.2185,287.2567,68437,81909,Rhinolophus ferrumequinum,0.022,0.022,-1,Echolocation,/mnt/ubna_data_02_mir/recover-20220922/UBNA_001/20220921_090000.WAV,Telephone Field,recover-20220922,001,1795
287.2195,287.2297,22890,27755,Nyctalus leisleri,0.01,0.021,-1,Echolocation,/mnt/ubna_data_02_mir/recover-20220922/UBNA_001/20220921_090000.WAV,Telephone Field,recover-20220922,001,1795
287.2465,287.2581,27187,34810,Eptesicus serotinus,0.014,0.025,-1,Echolocation,/mnt/ubna_data_02_mir/recover-20220922/UBNA_001/20220921_090000.WAV,Telephone Field,recover-20220922,001,1795
287.2755,287.2832,24609,32977,Plecotus austriacus,0.007,0.022,-1,Echolocation,/mnt/ubna_data_02_mir/recover-20220922/UBNA_001/20220921_090000.WAV,Telephone Field,recover-20220922,001,1795
287.2825,287.322,68437,81974,Rhinolophus ferrumequinum,0.022,0.022,-1,Echolocation,/mnt/ubna_data_02_mir/recover-20220922/UBNA_001/20220921_090000.WAV,Telephone Field,recover-20220922,001,1795
287.3275,287.3383,34062,39683,Pipistrellus nathusii,0.015,0.032,-1,Echolocation,/mnt/ubna_data_02_mir/recover-20220922/UBNA_001/20220921_090000.WAV,Telephone Field,recover-20220922,001,1795
287.3295,287.3666,68437,82067,Rhinolophus ferrumequinum,0.024,0.024,-1,Echolocation,/mnt/ubna_data_02_mir/recover-20220922/UBNA_001/20220921_090000.WAV,Telephone Field,recover-20220922,001,1795
287.3785,287.418,68437,82641,Rhinolophus ferrumequinum,0.025,0.025,-1,Echolocation,/mnt/ubna_data_02_mir/recover-20220922/UBNA_001/20220921_090000.WAV,Telephone Field,recover-20220922,001,1795
287.3865,287.4275,68437,81874,Rhinolophus ferrumequinum,0.026,0.026,-1,Echolocation,/mnt/ubna_data_02_mir/recover-20220922/UBNA_001/20220921_090000.WAV,Telephone Field,recover-20220922,001,1795
287.4125,287.4517,68437,82224,Rhinolophus ferrumequinum,0.023,0.023,-1,Echolocation,/mnt/ubna_data_02_mir/recover-20220922/UBNA_001/20220921_090000.WAV,Telephone Field,recover-20220922,001,1795
287.4315,287.4687,68437,81195,Rhinolophus ferrumequinum,0.021,0.022,-1,Echolocation,/mnt/ubna_data_02_mir/recover-20220922/UBNA_001/20220921_090000.WAV,Telephone Field,recover-20220922,001,1795
287.4405,287.448,28046,39589,Eptesicus serotinus,0.007,0.025,-1,Echolocation,/mnt/ubna_data_02_mir/recover-20220922/UBNA_001/20220921_090000.WAV,Telephone Field,recover-20220922,001,1795
287.4865,287.5256,68437,82151,Rhinolophus ferrumequinum,0.022,0.022,-1,Echolocation,/mnt/ubna_data_02_mir/recover-20220922/UBNA_001/20220921_090000.WAV,Telephone Field,recover-20220922,001,1795
287.54449999999997,287.58820000000003,68437,83255,Rhinolophus ferrumequinum,0.059,0.059,-1,Echolocation,/mnt/ubna_data_02_mir/recover-20220922/UBNA_001/20220921_090000.WAV,Telephone Field,recover-20220922,001,1795
287.5495,287.5607,23750,29178,Nyctalus leisleri,0.011,0.023,-1,Echolocation,/mnt/ubna_data_02_mir/recover-20220922/UBNA_001/20220921_090000.WAV,Telephone Field,recover-20220922,001,1795
287.5615,287.6,68437,82584,Rhinolophus ferrumequinum,0.022,0.022,-1,Echolocation,/mnt/ubna_data_02_mir/recover-20220922/UBNA_001/20220921_090000.WAV,Telephone Field,recover-20220922,001,1795
287.5775,287.6181,68437,82880,Rhinolophus ferrumequinum,0.021,0.021,-1,Echolocation,/mnt/ubna_data_02_mir/recover-20220922/UBNA_001/20220921_090000.WAV,Telephone Field,recover-20220922,001,1795
287.5855,287.5937,28046,37906,Eptesicus serotinus,0.007,0.021,-1,Echolocation,/mnt/ubna_data_02_mir/recover-20220922/UBNA_001/20220921_090000.WAV,Telephone Field,recover-20220922,001,1795
287.6195,287.6285,24609,31498,Nyctalus leisleri,0.007,0.022,-1,Echolocation,/mnt/ubna_data_02_mir/recover-20220922/UBNA_001/20220921_090000.WAV,Telephone Field,recover-20220922,001,1795
287.6395,287.6474,27187,37831,Eptesicus serotinus,0.007,0.022,-1,Echolocation,/mnt/ubna_data_02_mir/recover-20220922/UBNA_001/20220921_090000.WAV,Telephone Field,recover-20220922,001,1795
287.6435,287.687,68437,82908,Rhinolophus ferrumequinum,0.027,0.027,-1,Echolocation,/mnt/ubna_data_02_mir/recover-20220922/UBNA_001/20220921_090000.WAV,Telephone Field,recover-20220922,001,1795
287.6575,287.6658,23750,32283,Plecotus austriacus,0.02,0.049,-1,Echolocation,/mnt/ubna_data_02_mir/recover-20220922/UBNA_001/20220921_090000.WAV,Telephone Field,recover-20220922,001,1795
287.6625,287.7013,68437,82149,Rhinolophus ferrumequinum,0.021,0.021,-1,Echolocation,/mnt/ubna_data_02_mir/recover-20220922/UBNA_001/20220921_090000.WAV,Telephone Field,recover-20220922,001,1795
287.6765,287.7158,68437,81809,Rhinolophus ferrumequinum,0.024,0.024,-1,Echolocation,/mnt/ubna_data_02_mir/recover-20220922/UBNA_001/20220921_090000.WAV,Telephone Field,recover-20220922,001,1795
287.7115,287.7524,68437,82233,Rhinolophus ferrumequinum,0.029,0.029,-1,Echolocation,/mnt/ubna_data_02_mir/recover-20220922/UBNA_001/20220921_090000.WAV,Telephone Field,recover-20220922,001,1795
287.7425,287.7516,28906,36481,Eptesicus serotinus,0.007,0.021,-1,Echolocation,/mnt/ubna_data_02_mir/recover-20220922/UBNA_001/20220921_090000.WAV,Telephone Field,recover-20220922,001,1795
287.7455,287.7847,68437,82407,Rhinolophus ferrumequinum,0.022,0.022,-1,Echolocation,/mnt/ubna_data_02_mir/recover-20220922/UBNA_001/20220921_090000.WAV,Telephone Field,recover-20220922,001,1795
287.7695,287.8114,68437,82768,Rhinolophus ferrumequinum,0.024,0.024,-1,Echolocation,/mnt/ubna_data_02_mir/recover-20220922/UBNA_001/20220921_090000.WAV,Telephone Field,recover-20220922,001,1795
287.7695,287.7763,28046,38611,Eptesicus serotinus,0.005,0.022,-1,Echolocation,/mnt/ubna_data_02_mir/recover-20220922/UBNA_001/20220921_090000.WAV,Telephone Field,recover-20220922,001,1795
287.7775,287.8187,68437,82982,Rhinolophus ferrumequinum,0.027,0.027,-1,Echolocation,/mnt/ubna_data_02_mir/recover-20220922/UBNA_001/20220921_090000.WAV,Telephone Field,recover-20220922,001,1795
287.8125,287.8502,68437,82033,Rhinolophus ferrumequinum,0.022,0.022,-1,Echolocation,/mnt/ubna_data_02_mir/recover-20220922/UBNA_001/20220921_090000.WAV,Telephone Field,recover-20220922,001,1795
287.8285,287.8379,28906,36973,Eptesicus serotinus,0.007,0.022,-1,Echolocation,/mnt/ubna_data_02_mir/recover-20220922/UBNA_001/20220921_090000.WAV,Telephone Field,recover-20220922,001,1795
287.8385,287.8786,68437,82498,Rhinolophus ferrumequinum,0.023,0.024,-1,Echolocation,/mnt/ubna_data_02_mir/recover-20220922/UBNA_001/20220921_090000.WAV,Telephone Field,recover-20220922,001,1795
287.8395,287.8497,28906,36270,Eptesicus serotinus,0.008,0.021,-1,Echolocation,/mnt/ubna_data_02_mir/recover-20220922/UBNA_001/20220921_090000.WAV,Telephone Field,recover-20220922,001,1795
287.8505,287.8888,68437,82394,Rhinolophus ferrumequinum,0.028,0.028,-1,Echolocation,/mnt/ubna_data_02_mir/recover-20220922/UBNA_001/20220921_090000.WAV,Telephone Field,recover-20220922,001,1795
287.8585,287.8682,26328,34781,Eptesicus serotinus,0.01,0.024,-1,Echolocation,/mnt/ubna_data_02_mir/recover-20220922/UBNA_001/20220921_090000.WAV,Telephone Field,recover-20220922,001,1795
287.8885,287.928,68437,82501,Rhinolophus ferrumequinum,0.023,0.023,-1,Echolocation,/mnt/ubna_data_02_mir/recover-20220922/UBNA_001/20220921_090000.WAV,Telephone Field,recover-20220922,001,1795
287.8965,287.9038,48671,56643,Pipistrellus pipistrellus,0.021,0.024,-1,Echolocation,/mnt/ubna_data_02_mir/recover-20220922/UBNA_001/20220921_090000.WAV,Telephone Field,recover-20220922,001,1795
287.9105,287.9487,68437,81914,Rhinolophus ferrumequinum,0.021,0.021,-1,Echolocation,/mnt/ubna_data_02_mir/recover-20220922/UBNA_001/20220921_090000.WAV,Telephone Field,recover-20220922,001,1795
288.0015,288.0107,21171,27028,Nyctalus leisleri,0.009,0.027,-1,Echolocation,/mnt/ubna_data_02_mir/recover-20220922/UBNA_001/20220921_090000.WAV,Telephone Field,recover-20220922,001,1795
288.0015,288.0352,68437,79511,Rhinolophus ferrumequinum,0.034,0.034,-1,Echolocation,/mnt/ubna_data_02_mir/recover-20220922/UBNA_001/20220921_090000.WAV,Telephone Field,recover-20220922,001,1795
288.0255,288.0362,24609,31335,Eptesicus serotinus,0.009,0.025,-1,Echolocation,/mnt/ubna_data_02_mir/recover-20220922/UBNA_001/20220921_090000.WAV,Telephone Field,recover-20220922,001,1795
288.0325,288.0421,53828,57819,Pipistrellus pygmaeus,0.044,0.049,-1,Echolocation,/mnt/ubna_data_02_mir/recover-20220922/UBNA_001/20220921_090000.WAV,Telephone Field,recover-20220922,001,1795
288.0725,288.109,68437,81724,Rhinolophus ferrumequinum,0.022,0.022,-1,Echolocation,/mnt/ubna_data_02_mir/recover-20220922/UBNA_001/20220921_090000.WAV,Telephone Field,recover-20220922,001,1795
288.0835,288.0906,28046,38148,Eptesicus serotinus,0.008,0.025,-1,Echolocation,/mnt/ubna_data_02_mir/recover-20220922/UBNA_001/20220921_090000.WAV,Telephone Field,recover-20220922,001,1795
288.0835,288.1237,68437,82287,Rhinolophus ferrumequinum,0.026,0.026,-1,Echolocation,/mnt/ubna_data_02_mir/recover-20220922/UBNA_001/20220921_090000.WAV,Telephone Field,recover-20220922,001,1795
288.1165,288.15409999999997,68437,81924,Rhinolophus ferrumequinum,0.023,0.024,-1,Echolocation,/mnt/ubna_data_02_mir/recover-20220922/UBNA_001/20220921_090000.WAV,Telephone Field,recover-20220922,001,1795
288.1815,288.2172,68437,81651,Rhinolophus ferrumequinum,0.022,0.022,-1,Echolocation,/mnt/ubna_data_02_mir/recover-20220922/UBNA_001/20220921_090000.WAV,Telephone Field,recover-20220922,001,1795
288.20550000000003,288.2412,68437,80882,Rhinolophus ferrumequinum,0.024,0.024,-1,Echolocation,/mnt/ubna_data_02_mir/recover-20220922/UBNA_001/20220921_090000.WAV,Telephone Field,recover-20220922,001,1795
288.2285,288.2402,38359,42614,Pipistrellus nathusii,0.009,0.022,-1,Echolocation,/mnt/ubna_data_02_mir/recover-20220922/UBNA_001/20220921_090000.WAV,Telephone Field,recover-20220922,001,1795
288.2365,288.2446,28046,37941,Eptesicus serotinus,0.008,0.023,-1,Echolocation,/mnt/ubna_data_02_mir/recover-20220922/UBNA_001/20220921_090000.WAV,Telephone Field,recover-20220922,001,1795
288.2415,288.2799,68437,82608,Rhinolophus ferrumequinum,0.024,0.024,-1,Echolocation,/mnt/ubna_data_02_mir/recover-20220922/UBNA_001/20220921_090000.WAV,Telephone Field,recover-20220922,001,1795
288.2715,288.281,28906,36485,Eptesicus serotinus,0.009,0.023,-1,Echolocation,/mnt/ubna_data_02_mir/recover-20220922/UBNA_001/20220921_090000.WAV,Telephone Field,recover-20220922,001,1795
288.2745,288.314,68437,82254,Rhinolophus ferrumequinum,0.025,0.025,-1,Echolocation,/mnt/ubna_data_02_mir/recover-20220922/UBNA_001/20220921_090000.WAV,Telephone Field,recover-20220922,001,1795
288.3175,288.3579,68437,82477,Rhinolophus ferrumequinum,0.024,0.024,-1,Echolocation,/mnt/ubna_data_02_mir/recover-20220922/UBNA_001/20220921_090000.WAV,Telephone Field,recover-20220922,001,1795
288.3475,288.3569,25468,31968,Nyctalus leisleri,0.01,0.029,-1,Echolocation,/mnt/ubna_data_02_mir/recover-20220922/UBNA_001/20220921_090000.WAV,Telephone Field,recover-20220922,001,1795
288.3475,288.3844,68437,81927,Rhinolophus ferrumequinum,0.022,0.022,-1,Echolocation,/mnt/ubna_data_02_mir/recover-20220922/UBNA_001/20220921_090000.WAV,Telephone Field,recover-20220922,001,1795
288.3845,288.4238,68437,82370,Rhinolophus ferrumequinum,0.021,0.022,-1,Echolocation,/mnt/ubna_data_02_mir/recover-20220922/UBNA_001/20220921_090000.WAV,Telephone Field,recover-20220922,001,1795
288.4085,288.4442,68437,81986,Rhinolophus ferrumequinum,0.022,0.022,-1,Echolocation,/mnt/ubna_data_02_mir/recover-20220922/UBNA_001/20220921_090000.WAV,Telephone Field,recover-20220922,001,1795
288.4255,288.4307,15156,34095,Plecotus auritus,0.032,0.049,-1,Echolocation,/mnt/ubna_data_02_mir/recover-20220922/UBNA_001/20220921_090000.WAV,Telephone Field,recover-20220922,001,1795
288.4515,288.4875,68437,81636,Rhinolophus ferrumequinum,0.023,0.023,-1,Echolocation,/mnt/ubna_data_02_mir/recover-20220922/UBNA_001/20220921_090000.WAV,Telephone Field,recover-20220922,001,1795
288.4615,288.4993,68437,81843,Rhinolophus ferrumequinum,0.022,0.022,-1,Echolocation,/mnt/ubna_data_02_mir/recover-20220922/UBNA_001/20220921_090000.WAV,Telephone Field,recover-20220922,001,1795
288.4865,288.5259,68437,81796,Rhinolophus ferrumequinum,0.031,0.031,-1,Echolocation,/mnt/ubna_data_02_mir/recover-20220922/UBNA_001/20220921_090000.WAV,Telephone Field,recover-20220922,001,1795
288.5075,288.5164,28046,36614,Eptesicus serotinus,0.013,0.026,-1,Echolocation,/mnt/ubna_data_02_mir/recover-20220922/UBNA_001/20220921_090000.WAV,Telephone Field,recover-20220922,001,1795
288.5295,288.5413,22031,26595,Nyctalus leisleri,0.012,0.022,-1,Echolocation,/mnt/ubna_data_02_mir/recover-20220922/UBNA_001/20220921_090000.WAV,Telephone Field,recover-20220922,001,1795
288.5325,288.5732,68437,82997,Rhinolophus ferrumequinum,0.037,0.037,-1,Echolocation,/mnt/ubna_data_02_mir/recover-20220922/UBNA_001/20220921_090000.WAV,Telephone Field,recover-20220922,001,1795
288.5645,288.6042,68437,82569,Rhinolophus ferrumequinum,0.022,0.022,-1,Echolocation,/mnt/ubna_data_02_mir/recover-20220922/UBNA_001/20220921_090000.WAV,Telephone Field,recover-20220922,001,1795
288.5735,288.5803,56406,63567,Pipistrellus pygmaeus,0.021,0.022,-1,Echolocation,/mnt/ubna_data_02_mir/recover-20220922/UBNA_001/20220921_090000.WAV,Telephone Field,recover-20220922,001,1795
288.5995,288.6393,68437,81979,Rhinolophus ferrumequinum,0.029,0.029,-1,Echolocation,/mnt/ubna_data_02_mir/recover-20220922/UBNA_001/20220921_090000.WAV,Telephone Field,recover-20220922,001,1795
288.60450000000003,288.6149,22890,29511,Nyctalus leisleri,0.011,0.03,-1,Echolocation,/mnt/ubna_data_02_mir/recover-20220922/UBNA_001/20220921_090000.WAV,Telephone Field,recover-20220922,001,1795
288.6235,288.661,68437,82163,Rhinolophus ferrumequinum,0.023,0.023,-1,Echolocation,/mnt/ubna_data_02_mir/recover-20220922/UBNA_001/20220921_090000.WAV,Telephone Field,recover-20220922,001,1795
288.6505,288.69010000000003,68437,82540,Rhinolophus ferrumequinum,0.031,0.031,-1,Echolocation,/mnt/ubna_data_02_mir/recover-20220922/UBNA_001/20220921_090000.WAV,Telephone Field,recover-20220922,001,1795
288.6685,288.7073,68437,82532,Rhinolophus ferrumequinum,0.023,0.023,-1,Echolocation,/mnt/ubna_data_02_mir/recover-20220922/UBNA_001/20220921_090000.WAV,Telephone Field,recover-20220922,001,1795
288.7065,288.7432,68437,81739,Rhinolophus ferrumequinum,0.022,0.022,-1,Echolocation,/mnt/ubna_data_02_mir/recover-20220922/UBNA_001/20220921_090000.WAV,Telephone Field,recover-20220922,001,1795
288.7105,288.7185,28046,38767,Eptesicus serotinus,0.008,0.022,-1,Echolocation,/mnt/ubna_data_02_mir/recover-20220922/UBNA_001/20220921_090000.WAV,Telephone Field,recover-20220922,001,1795
288.7375,288.779,68437,82346,Rhinolophus ferrumequinum,0.023,0.023,-1,Echolocation,/mnt/ubna_data_02_mir/recover-20220922/UBNA_001/20220921_090000.WAV,Telephone Field,recover-20220922,001,1795
288.7825,288.8191,68437,81504,Rhinolophus ferrumequinum,0.023,0.023,-1,Echolocation,/mnt/ubna_data_02_mir/recover-20220922/UBNA_001/20220921_090000.WAV,Telephone Field,recover-20220922,001,1795
288.7985,288.84,68437,82469,Rhinolophus ferrumequinum,0.022,0.022,-1,Echolocation,/mnt/ubna_data_02_mir/recover-20220922/UBNA_001/20220921_090000.WAV,Telephone Field,recover-20220922,001,1795
288.8225,288.8606,68437,82023,Rhinolophus ferrumequinum,0.025,0.025,-1,Echolocation,/mnt/ubna_data_02_mir/recover-20220922/UBNA_001/20220921_090000.WAV,Telephone Field,recover-20220922,001,1795
288.8525,288.8606,22890,30188,Plecotus austriacus,0.01,0.024,-1,Echolocation,/mnt/ubna_data_02_mir/recover-20220922/UBNA_001/20220921_090000.WAV,Telephone Field,recover-20220922,001,1795
288.8745,288.8843,44375,47041,Pipistrellus pipistrellus,0.038,0.041,-1,Echolocation,/mnt/ubna_data_02_mir/recover-20220922/UBNA_001/20220921_090000.WAV,Telephone Field,recover-20220922,001,1795
288.8815,288.8882,34062,42410,Myotis daubentonii,0.009,0.023,-1,Echolocation,/mnt/ubna_data_02_mir/recover-20220922/UBNA_001/20220921_090000.WAV,Telephone Field,recover-20220922,001,1795
288.8825,288.8894,28046,41338,Eptesicus serotinus,0.007,0.026,-1,Echolocation,/mnt/ubna_data_02_mir/recover-20220922/UBNA_001/20220921_090000.WAV,Telephone Field,recover-20220922,001,1795
288.8945,288.9038,22890,29893,Plecotus austriacus,0.008,0.025,-1,Echolocation,/mnt/ubna_data_02_mir/recover-20220922/UBNA_001/20220921_090000.WAV,Telephone Field,recover-20220922,001,1795
288.8985,288.9371,68437,81339,Rhinolophus ferrumequinum,0.03,0.03,-1,Echolocation,/mnt/ubna_data_02_mir/recover-20220922/UBNA_001/20220921_090000.WAV,Telephone Field,recover-20220922,001,1795
288.9165,288.9558,68437,82813,Rhinolophus ferrumequinum,0.025,0.025,-1,Echolocation,/mnt/ubna_data_02_mir/recover-20220922/UBNA_001/20220921_090000.WAV,Telephone Field,recover-20220922,001,1795
288.9355,288.9762,68437,82756,Rhinolophus ferrumequinum,0.031,0.031,-1,Echolocation,/mnt/ubna_data_02_mir/recover-20220922/UBNA_001/20220921_090000.WAV,Telephone Field,recover-20220922,001,1795
288.9615,288.9712,27187,37066,Eptesicus serotinus,0.009,0.022,-1,Echolocation,/mnt/ubna_data_02_mir/recover-20220922/UBNA_001/20220921_090000.WAV,Telephone Field,recover-20220922,001,1795
288.9835,288.9927,36640,43682,Barbastellus barbastellus,0.009,0.028,-1,Echolocation,/mnt/ubna_data_02_mir/recover-20220922/UBNA_001/20220921_090000.WAV,Telephone Field,recover-20220922,001,1795
288.9875,289.0264,68437,81681,Rhinolophus ferrumequinum,0.024,0.024,-1,Echolocation,/mnt/ubna_data_02_mir/recover-20220922/UBNA_001/20220921_090000.WAV,Telephone Field,recover-20220922,001,1795
288.9875,288.9948,27187,38793,Eptesicus serotinus,0.007,0.023,-1,Echolocation,/mnt/ubna_data_02_mir/recover-20220922/UBNA_001/20220921_090000.WAV,Telephone Field,recover-20220922,001,1795
289.0165,289.0538,68437,81854,Rhinolophus ferrumequinum,0.023,0.023,-1,Echolocation,/mnt/ubna_data_02_mir/recover-20220922/UBNA_001/20220921_090000.WAV,Telephone Field,recover-20220922,001,1795
289.0475,289.0889,68437,82416,Rhinolophus ferrumequinum,0.029,0.029,-1,Echolocation,/mnt/ubna_data_02_mir/recover-20220922/UBNA_001/20220921_090000.WAV,Telephone Field,recover-20220922,001,1795
289.0945,289.1298,68437,80896,Rhinolophus ferrumequinum,0.024,0.024,-1,Echolocation,/mnt/ubna_data_02_mir/recover-20220922/UBNA_001/20220921_090000.WAV,Telephone Field,recover-20220922,001,1795
289.1195,289.127,25468,35836,Plecotus austriacus,0.007,0.027,-1,Echolocation,/mnt/ubna_data_02_mir/recover-20220922/UBNA_001/20220921_090000.WAV,Telephone Field,recover-20220922,001,1795
289.1315,289.139,27187,39583,Eptesicus serotinus,0.007,0.023,-1,Echolocation,/mnt/ubna_data_02_mir/recover-20220922/UBNA_001/20220921_090000.WAV,Telephone Field,recover-20220922,001,1795
289.1355,289.1751,68437,82437,Rhinolophus ferrumequinum,0.036,0.036,-1,Echolocation,/mnt/ubna_data_02_mir/recover-20220922/UBNA_001/20220921_090000.WAV,Telephone Field,recover-20220922,001,1795
289.1635,289.2007,68437,81203,Rhinolophus ferrumequinum,0.023,0.023,-1,Echolocation,/mnt/ubna_data_02_mir/recover-20220922/UBNA_001/20220921_090000.WAV,Telephone Field,recover-20220922,001,1795
289.1725,289.2094,68437,82330,Rhinolophus ferrumequinum,0.022,0.022,-1,Echolocation,/mnt/ubna_data_02_mir/recover-20220922/UBNA_001/20220921_090000.WAV,Telephone Field,recover-20220922,001,1795
289.1925,289.2349,68437,82892,Rhinolophus ferrumequinum,0.024,0.024,-1,Echolocation,/mnt/ubna_data_02_mir/recover-20220922/UBNA_001/20220921_090000.WAV,Telephone Field,recover-20220922,001,1795
289.1985,289.2069,28046,39545,Eptesicus serotinus,0.008,0.021,-1,Echolocation,/mnt/ubna_data_02_mir/recover-20220922/UBNA_001/20220921_090000.WAV,Telephone Field,recover-20220922,001,1795
289.2215,289.2584,68437,81782,Rhinolophus ferrumequinum,0.023,0.023,-1,Echolocation,/mnt/ubna_data_02_mir/recover-20220922/UBNA_001/20220921_090000.WAV,Telephone Field,recover-20220922,001,1795
289.2515,289.2922,68437,82711,Rhinolophus ferrumequinum,0.023,0.023,-1,Echolocation,/mnt/ubna_data_02_mir/recover-20220922/UBNA_001/20220921_090000.WAV,Telephone Field,recover-20220922,001,1795
289.2595,289.2999,68437,82499,Rhinolophus ferrumequinum,0.025,0.025,-1,Echolocation,/mnt/ubna_data_02_mir/recover-20220922/UBNA_001/20220921_090000.WAV,Telephone Field,recover-20220922,001,1795
289.2835,289.3226,68437,81791,Rhinolophus ferrumequinum,0.023,0.024,-1,Echolocation,/mnt/ubna_data_02_mir/recover-20220922/UBNA_001/20220921_090000.WAV,Telephone Field,recover-20220922,001,1795
289.29449999999997,289.3333,68437,82818,Rhinolophus ferrumequinum,0.024,0.024,-1,Echolocation,/mnt/ubna_data_02_mir/recover-20220922/UBNA_001/20220921_090000.WAV,Telephone Field,recover-20220922,001,1795
289.3025,289.3409,68437,82492,Rhinolophus ferrumequinum,0.026,0.027,-1,Echolocation,/mnt/ubna_data_02_mir/recover-20220922/UBNA_001/20220921_090000.WAV,Telephone Field,recover-20220922,001,1795
289.3205,289.3293,28046,37048,Eptesicus serotinus,0.009,0.024,-1,Echolocation,/mnt/ubna_data_02_mir/recover-20220922/UBNA_001/20220921_090000.WAV,Telephone Field,recover-20220922,001,1795
289.3335,289.373,68437,82469,Rhinolophus ferrumequinum,0.021,0.021,-1,Echolocation,/mnt/ubna_data_02_mir/recover-20220922/UBNA_001/20220921_090000.WAV,Telephone Field,recover-20220922,001,1795
289.3405,289.3785,68437,81917,Rhinolophus ferrumequinum,0.022,0.022,-1,Echolocation,/mnt/ubna_data_02_mir/recover-20220922/UBNA_001/20220921_090000.WAV,Telephone Field,recover-20220922,001,1795
289.3865,289.3941,28046,40866,Eptesicus serotinus,0.009,0.029,-1,Echolocation,/mnt/ubna_data_02_mir/recover-20220922/UBNA_001/20220921_090000.WAV,Telephone Field,recover-20220922,001,1795
289.4005,289.44,68437,82558,Rhinolophus ferrumequinum,0.025,0.025,-1,Echolocation,/mnt/ubna_data_02_mir/recover-20220922/UBNA_001/20220921_090000.WAV,Telephone Field,recover-20220922,001,1795
289.4255,289.4347,22890,30130,Plecotus austriacus,0.009,0.025,-1,Echolocation,/mnt/ubna_data_02_mir/recover-20220922/UBNA_001/20220921_090000.WAV,Telephone Field,recover-20220922,001,1795
289.4435,289.4793,68437,81251,Rhinolophus ferrumequinum,0.024,0.024,-1,Echolocation,/mnt/ubna_data_02_mir/recover-20220922/UBNA_001/20220921_090000.WAV,Telephone Field,recover-20220922,001,1795
289.4505,289.4904,68437,82215,Rhinolophus ferrumequinum,0.022,0.022,-1,Echolocation,/mnt/ubna_data_02_mir/recover-20220922/UBNA_001/20220921_090000.WAV,Telephone Field,recover-20220922,001,1795
289.4575,289.4962,68437,82248,Rhinolophus ferrumequinum,0.024,0.024,-1,Echolocation,/mnt/ubna_data_02_mir/recover-20220922/UBNA_001/20220921_090000.WAV,Telephone Field,recover-20220922,001,1795
289.4855,289.5244,68437,81769,Rhinolophus ferrumequinum,0.025,0.025,-1,Echolocation,/mnt/ubna_data_02_mir/recover-20220922/UBNA_001/20220921_090000.WAV,Telephone Field,recover-20220922,001,1795
289.4925,289.50260000000003,28906,36152,Eptesicus serotinus,0.023,0.041,-1,Echolocation,/mnt/ubna_data_02_mir/recover-20220922/UBNA_001/20220921_090000.WAV,Telephone Field,recover-20220922,001,1795
289.5035,289.5148,24609,31099,Nyctalus leisleri,0.01,0.027,-1,Echolocation,/mnt/ubna_data_02_mir/recover-20220922/UBNA_001/20220921_090000.WAV,Telephone Field,recover-20220922,001,1795
289.5175,289.5563,68437,81581,Rhinolophus ferrumequinum,0.032,0.032,-1,Echolocation,/mnt/ubna_data_02_mir/recover-20220922/UBNA_001/20220921_090000.WAV,Telephone Field,recover-20220922,001,1795
289.5275,289.5348,27187,39373,Eptesicus serotinus,0.006,0.022,-1,Echolocation,/mnt/ubna_data_02_mir/recover-20220922/UBNA_001/20220921_090000.WAV,Telephone Field,recover-20220922,001,1795
289.5395,289.5466,23750,32464,Plecotus austriacus,0.013,0.027,-1,Echolocation,/mnt/ubna_data_02_mir/recover-20220922/UBNA_001/20220921_090000.WAV,Telephone Field,recover-20220922,001,1795
289.5415,289.5594,18593,22816,Nyctalus noctula,0.016,0.027,-1,Echolocation,/mnt/ubna_data_02_mir/recover-20220922/UBNA_001/20220921_090000.WAV,Telephone Field,recover-20220922,001,1795
289.5425,289.5801,68437,81786,Rhinolophus ferrumequinum,0.024,0.024,-1,Echolocation,/mnt/ubna_data_02_mir/recover-20220922/UBNA_001/20220921_090000.WAV,Telephone Field,recover-20220922,001,1795
289.5945,289.635,68437,82704,Rhinolophus ferrumequinum,0.027,0.027,-1,Echolocation,/mnt/ubna_data_02_mir/recover-20220922/UBNA_001/20220921_090000.WAV,Telephone Field,recover-20220922,001,1795
289.6075,289.6157,27187,37229,Eptesicus serotinus,0.008,0.023,-1,Echolocation,/mnt/ubna_data_02_mir/recover-20220922/UBNA_001/20220921_090000.WAV,Telephone Field,recover-20220922,001,1795
289.6315,289.6679,68437,81452,Rhinolophus ferrumequinum,0.024,0.024,-1,Echolocation,/mnt/ubna_data_02_mir/recover-20220922/UBNA_001/20220921_090000.WAV,Telephone Field,recover-20220922,001,1795
289.6685,289.7096,68437,82519,Rhinolophus ferrumequinum,0.023,0.023,-1,Echolocation,/mnt/ubna_data_02_mir/recover-20220922/UBNA_001/20220921_090000.WAV,Telephone Field,recover-20220922,001,1795
289.6755,289.7167,68437,82830,Rhinolophus ferrumequinum,0.023,0.023,-1,Echolocation,/mnt/ubna_data_02_mir/recover-20220922/UBNA_001/20220921_090000.WAV,Telephone Field,recover-20220922,001,1795
289.7145,289.7247,24609,30168,Nyctalus leisleri,0.008,0.022,-1,Echolocation,/mnt/ubna_data_02_mir/recover-20220922/UBNA_001/20220921_090000.WAV,Telephone Field,recover-20220922,001,1795
289.7245,289.7638,68437,82562,Rhinolophus ferrumequinum,0.029,0.029,-1,Echolocation,/mnt/ubna_data_02_mir/recover-20220922/UBNA_001/20220921_090000.WAV,Telephone Field,recover-20220922,001,1795
289.7385,289.7563,16015,21748,Nyctalus noctula,0.019,0.025,-1,Echolocation,/mnt/ubna_data_02_mir/recover-20220922/UBNA_001/20220921_090000.WAV,Telephone Field,recover-20220922,001,1795
289.7735,289.8119,68437,82539,Rhinolophus ferrumequinum,0.022,0.022,-1,Echolocation,/mnt/ubna_data_02_mir/recover-20220922/UBNA_001/20220921_090000.WAV,Telephone Field,recover-20220922,001,1795
289.8255,289.8624,68437,81737,Rhinolophus ferrumequinum,0.022,0.022,-1,Echolocation,/mnt/ubna_data_02_mir/recover-20220922/UBNA_001/20220921_090000.WAV,Telephone Field,recover-20220922,001,1795
289.8425,289.8829,68437,81804,Rhinolophus ferrumequinum,0.026,0.026,-1,Echolocation,/mnt/ubna_data_02_mir/recover-20220922/UBNA_001/20220921_090000.WAV,Telephone Field,recover-20220922,001,1795
289.8625,289.8708,44375,51209,Pipistrellus pipistrellus,0.014,0.022,-1,Echolocation,/mnt/ubna_data_02_mir/recover-20220922/UBNA_001/20220921_090000.WAV,Telephone Field,recover-20220922,001,1795
289.8685,289.8912,17734,21315,Nyctalus noctula,0.036,0.05,-1,Echolocation,/mnt/ubna_data_02_mir/recover-20220922/UBNA_001/20220921_090000.WAV,Telephone Field,recover-20220922,001,1795
289.8695,289.9104,68437,83110,Rhinolophus ferrumequinum,0.023,0.023,-1,Echolocation,/mnt/ubna_data_02_mir/recover-20220922/UBNA_001/20220921_090000.WAV,Telephone Field,recover-20220922,001,1795
289.8775,289.9165,68437,82681,Rhinolophus ferrumequinum,0.023,0.023,-1,Echolocation,/mnt/ubna_data_02_mir/recover-20220922/UBNA_001/20220921_090000.WAV,Telephone Field,recover-20220922,001,1795
289.9055,289.9109,27187,40400,Plecotus austriacus,0.013,0.042,-1,Echolocation,/mnt/ubna_data_02_mir/recover-20220922/UBNA_001/20220921_090000.WAV,Telephone Field,recover-20220922,001,1795
289.9175,289.9571,68437,82388,Rhinolophus ferrumequinum,0.022,0.022,-1,Echolocation,/mnt/ubna_data_02_mir/recover-20220922/UBNA_001/20220921_090000.WAV,Telephone Field,recover-20220922,001,1795
289.9355,289.9735,68437,81839,Rhinolophus ferrumequinum,0.022,0.022,-1,Echolocation,/mnt/ubna_data_02_mir/recover-20220922/UBNA_001/20220921_090000.WAV,Telephone Field,recover-20220922,001,1795
289.9465,289.9857,68437,82281,Rhinolophus ferrumequinum,0.021,0.021,-1,Echolocation,/mnt/ubna_data_02_mir/recover-20220922/UBNA_001/20220921_090000.WAV,Telephone Field,recover-20220922,001,1795
289.9465,289.9568,28046,35952,Eptesicus serotinus,0.01,0.024,-1,Echolocation,/mnt/ubna_data_02_mir/recover-20220922/UBNA_001/20220921_090000.WAV,Telephone Field,recover-20220922,001,1795
289.9535,289.9644,43515,46499,Pipistrellus pipistrellus,0.021,0.025,-1,Echolocation,/mnt/ubna_data_02_mir/recover-20220922/UBNA_001/20220921_090000.WAV,Telephone Field,recover-20220922,001,1795
289.9675,289.9771,28906,38354,Eptesicus serotinus,0.008,0.022,-1,Echolocation,/mnt/ubna_data_02_mir/recover-20220922/UBNA_001/20220921_090000.WAV,Telephone Field,recover-20220922,001,1795
289.9815,289.9908,28906,37562,Eptesicus serotinus,0.011,0.024,-1,Echolocation,/mnt/ubna_data_02_mir/recover-20220922/UBNA_001/20220921_090000.WAV,Telephone Field,recover-20220922,001,1795
290.0015,290.0332,68437,79391,Rhinolophus ferrumequinum,0.047,0.048,-1,Echolocation,/mnt/ubna_data_02_mir/recover-20220922/UBNA_001/20220921_090000.WAV,Telephone Field,recover-20220922,001,1795
290.0015,290.0094,26328,35471,Nyctalus leisleri,0.006,0.027,-1,Echolocation,/mnt/ubna_data_02_mir/recover-20220922/UBNA_001/20220921_090000.WAV,Telephone Field,recover-20220922,001,1795
290.0015,290.0096,48671,54308,Pipistrellus pipistrellus,0.02,0.027,-1,Echolocation,/mnt/ubna_data_02_mir/recover-20220922/UBNA_001/20220921_090000.WAV,Telephone Field,recover-20220922,001,1795
290.0115,290.0532,68437,82589,Rhinolophus ferrumequinum,0.025,0.025,-1,Echolocation,/mnt/ubna_data_02_mir/recover-20220922/UBNA_001/20220921_090000.WAV,Telephone Field,recover-20220922,001,1795
290.0165,290.0252,28046,36759,Eptesicus serotinus,0.008,0.023,-1,Echolocation,/mnt/ubna_data_02_mir/recover-20220922/UBNA_001/20220921_090000.WAV,Telephone Field,recover-20220922,001,1795
290.0335,290.0739,68437,82930,Rhinolophus ferrumequinum,0.023,0.023,-1,Echolocation,/mnt/ubna_data_02_mir/recover-20220922/UBNA_001/20220921_090000.WAV,Telephone Field,recover-20220922,001,1795
290.04449999999997,290.0538,22031,27520,Plecotus austriacus,0.008,0.021,-1,Echolocation,/mnt/ubna_data_02_mir/recover-20220922/UBNA_001/20220921_090000.WAV,Telephone Field,recover-20220922,001,1795
290.0675,290.0752,28046,37785,Eptesicus serotinus,0.007,0.021,-1,Echolocation,/mnt/ubna_data_02_mir/recover-20220922/UBNA_001/20220921_090000.WAV,Telephone Field,recover-20220922,001,1795
290.0705,290.1094,68437,81982,Rhinolophus ferrumequinum,0.022,0.022,-1,Echolocation,/mnt/ubna_data_02_mir/recover-20220922/UBNA_001/20220921_090000.WAV,Telephone Field,recover-20220922,001,1795
290.1125,290.1211,28906,38547,Eptesicus serotinus,0.008,0.022,-1,Echolocation,/mnt/ubna_data_02_mir/recover-20220922/UBNA_001/20220921_090000.WAV,Telephone Field,recover-20220922,001,1795
290.1575,290.1951,68437,81532,Rhinolophus ferrumequinum,0.022,0.022,-1,Echolocation,/mnt/ubna_data_02_mir/recover-20220922/UBNA_001/20220921_090000.WAV,Telephone Field,recover-20220922,001,1795
290.1755,290.2145,68437,82078,Rhinolophus ferrumequinum,0.037,0.037,-1,Echolocation,/mnt/ubna_data_02_mir/recover-20220922/UBNA_001/20220921_090000.WAV,Telephone Field,recover-20220922,001,1795
290.1955,290.2347,68437,81626,Rhinolophus ferrumequinum,0.022,0.022,-1,Echolocation,/mnt/ubna_data_02_mir/recover-20220922/UBNA_001/20220921_090000.WAV,Telephone Field,recover-20220922,001,1795
290.2105,290.2496,68437,82048,Rhinolophus ferrumequinum,0.023,0.023,-1,Echolocation,/mnt/ubna_data_02_mir/recover-20220922/UBNA_001/20220921_090000.WAV,Telephone Field,recover-20220922,001,1795
290.2205,290.22860000000003,23750,31792,Plecotus austriacus,0.009,0.025,-1,Echolocation,/mnt/ubna_data_02_mir/recover-20220922/UBNA_001/20220921_090000.WAV,Telephone Field,recover-20220922,001,1795
290.2435,290.2814,68437,81823,Rhinolophus ferrumequinum,0.025,0.025,-1,Echolocation,/mnt/ubna_data_02_mir/recover-20220922/UBNA_001/20220921_090000.WAV,Telephone Field,recover-20220922,001,1795
290.2475,290.2578,28906,36387,Eptesicus serotinus,0.01,0.026,-1,Echolocation,/mnt/ubna_data_02_mir/recover-20220922/UBNA_001/20220921_090000.WAV,Telephone Field,recover-20220922,001,1795
290.2935,290.3014,22890,31035,Plecotus austriacus,0.011,0.024,-1,Echolocation,/mnt/ubna_data_02_mir/recover-20220922/UBNA_001/20220921_090000.WAV,Telephone Field,recover-20220922,001,1795
290.2965,290.3345,68437,81817,Rhinolophus ferrumequinum,0.023,0.023,-1,Echolocation,/mnt/ubna_data_02_mir/recover-20220922/UBNA_001/20220921_090000.WAV,Telephone Field,recover-20220922,001,1795
290.3075,290.3486,68437,82537,Rhinolophus ferrumequinum,0.034,0.034,-1,Echolocation,/mnt/ubna_data_02_mir/recover-20220922/UBNA_001/20220921_090000.WAV,Telephone Field,recover-20220922,001,1795
290.3675,290.3768,22890,28935,Nyctalus leisleri,0.009,0.023,-1,Echolocation,/mnt/ubna_data_02_mir/recover-20220922/UBNA_001/20220921_090000.WAV,Telephone Field,recover-20220922,001,1795
290.3685,290.40409999999997,68437,81658,Rhinolophus ferrumequinum,0.021,0.021,-1,Echolocation,/mnt/ubna_data_02_mir/recover-20220922/UBNA_001/20220921_090000.WAV,Telephone Field,recover-20220922,001,1795
290.3815,290.4179,68437,81947,Rhinolophus ferrumequinum,0.021,0.021,-1,Echolocation,/mnt/ubna_data_02_mir/recover-20220922/UBNA_001/20220921_090000.WAV,Telephone Field,recover-20220922,001,1795
290.4525,290.4899,68437,81507,Rhinolophus ferrumequinum,0.022,0.023,-1,Echolocation,/mnt/ubna_data_02_mir/recover-20220922/UBNA_001/20220921_090000.WAV,Telephone Field,recover-20220922,001,1795
290.4675,290.477,23750,29571,Nyctalus leisleri,0.008,0.022,-1,Echolocation,/mnt/ubna_data_02_mir/recover-20220922/UBNA_001/20220921_090000.WAV,Telephone Field,recover-20220922,001,1795
290.4715,290.5112,68437,82358,Rhinolophus ferrumequinum,0.021,0.021,-1,Echolocation,/mnt/ubna_data_02_mir/recover-20220922/UBNA_001/20220921_090000.WAV,Telephone Field,recover-20220922,001,1795
290.4885,290.4978,14296,20380,Nyctalus noctula,0.012,0.027,-1,Echolocation,/mnt/ubna_data_02_mir/recover-20220922/UBNA_001/20220921_090000.WAV,Telephone Field,recover-20220922,001,1795
290.4925,290.5302,68437,82147,Rhinolophus ferrumequinum,0.022,0.022,-1,Echolocation,/mnt/ubna_data_02_mir/recover-20220922/UBNA_001/20220921_090000.WAV,Telephone Field,recover-20220922,001,1795
290.5045,290.5131,22890,29622,Plecotus austriacus,0.009,0.022,-1,Echolocation,/mnt/ubna_data_02_mir/recover-20220922/UBNA_001/20220921_090000.WAV,Telephone Field,recover-20220922,001,1795
290.5075,290.5225,16875,22057,Nyctalus noctula,0.015,0.022,-1,Echolocation,/mnt/ubna_data_02_mir/recover-20220922/UBNA_001/20220921_090000.WAV,Telephone Field,recover-20220922,001,1795
290.5315,290.5709,68437,82042,Rhinolophus ferrumequinum,0.03,0.03,-1,Echolocation,/mnt/ubna_data_02_mir/recover-20220922/UBNA_001/20220921_090000.WAV,Telephone Field,recover-20220922,001,1795
290.5505,290.587,68437,80961,Rhinolophus ferrumequinum,0.021,0.021,-1,Echolocation,/mnt/ubna_data_02_mir/recover-20220922/UBNA_001/20220921_090000.WAV,Telephone Field,recover-20220922,001,1795
290.5595,290.59680000000003,68437,81920,Rhinolophus ferrumequinum,0.034,0.034,-1,Echolocation,/mnt/ubna_data_02_mir/recover-20220922/UBNA_001/20220921_090000.WAV,Telephone Field,recover-20220922,001,1795
290.5595,290.5663,28046,38662,Eptesicus serotinus,0.006,0.022,-1,Echolocation,/mnt/ubna_data_02_mir/recover-20220922/UBNA_001/20220921_090000.WAV,Telephone Field,recover-20220922,001,1795
290.5955,290.6364,68437,82240,Rhinolophus ferrumequinum,0.024,0.024,-1,Echolocation,/mnt/ubna_data_02_mir/recover-20220922/UBNA_001/20220921_090000.WAV,Telephone Field,recover-20220922,001,1795
290.6395,290.6808,68437,82235,Rhinolophus ferrumequinum,0.038,0.038,-1,Echolocation,/mnt/ubna_data_02_mir/recover-20220922/UBNA_001/20220921_090000.WAV,Telephone Field,recover-20220922,001,1795
290.6595,290.69780000000003,68437,82143,Rhinolophus ferrumequinum,0.025,0.025,-1,Echolocation,/mnt/ubna_data_02_mir/recover-20220922/UBNA_001/20220921_090000.WAV,Telephone Field,recover-20220922,001,1795
290.7095,290.74739999999997,68437,82584,Rhinolophus ferrumequinum,0.021,0.021,-1,Echolocation,/mnt/ubna_data_02_mir/recover-20220922/UBNA_001/20220921_090000.WAV,Telephone Field,recover-20220922,001,1795
290.7265,290.7342,23750,32555,Plecotus austriacus,0.012,0.028,-1,Echolocation,/mnt/ubna_data_02_mir/recover-20220922/UBNA_001/20220921_090000.WAV,Telephone Field,recover-20220922,001,1795
290.7355,290.7741,68437,82254,Rhinolophus ferrumequinum,0.026,0.026,-1,Echolocation,/mnt/ubna_data_02_mir/recover-20220922/UBNA_001/20220921_090000.WAV,Telephone Field,recover-20220922,001,1795
290.7575,290.7955,68437,82105,Rhinolophus ferrumequinum,0.023,0.023,-1,Echolocation,/mnt/ubna_data_02_mir/recover-20220922/UBNA_001/20220921_090000.WAV,Telephone Field,recover-20220922,001,1795
290.7735,290.7872,22031,25573,Nyctalus leisleri,0.018,0.03,-1,Echolocation,/mnt/ubna_data_02_mir/recover-20220922/UBNA_001/20220921_090000.WAV,Telephone Field,recover-20220922,001,1795
290.7865,290.7978,24609,30357,Nyctalus leisleri,0.01,0.024,-1,Echolocation,/mnt/ubna_data_02_mir/recover-20220922/UBNA_001/20220921_090000.WAV,Telephone Field,recover-20220922,001,1795
290.8195,290.8563,68437,81411,Rhinolophus ferrumequinum,0.023,0.023,-1,Echolocation,/mnt/ubna_data_02_mir/recover-20220922/UBNA_001/20220921_090000.WAV,Telephone Field,recover-20220922,001,1795
290.8255,290.8635,68437,82604,Rhinolophus ferrumequinum,0.022,0.022,-1,Echolocation,/mnt/ubna_data_02_mir/recover-20220922/UBNA_001/20220921_090000.WAV,Telephone Field,recover-20220922,001,1795
290.8395,290.8499,13437,17414,Plecotus auritus,0.006,0.021,-1,Echolocation,/mnt/ubna_data_02_mir/recover-20220922/UBNA_001/20220921_090000.WAV,Telephone Field,recover-20220922,001,1795
290.8435,290.8528,28046,39010,Eptesicus serotinus,0.011,0.026,-1,Echolocation,/mnt/ubna_data_02_mir/recover-20220922/UBNA_001/20220921_090000.WAV,Telephone Field,recover-20220922,001,1795
290.8615,290.9009,68437,82578,Rhinolophus ferrumequinum,0.032,0.032,-1,Echolocation,/mnt/ubna_data_02_mir/recover-20220922/UBNA_001/20220921_090000.WAV,Telephone Field,recover-20220922,001,1795
290.8885,290.9244,68437,80932,Rhinolophus ferrumequinum,0.022,0.022,-1,Echolocation,/mnt/ubna_data_02_mir/recover-20220922/UBNA_001/20220921_090000.WAV,Telephone Field,recover-20220922,001,1795
290.9155,290.9538,68437,81869,Rhinolophus ferrumequinum,0.027,0.027,-1,Echolocation,/mnt/ubna_data_02_mir/recover-20220922/UBNA_001/20220921_090000.WAV,Telephone Field,recover-20220922,001,1795
290.9265,290.9659,68437,82317,Rhinolophus ferrumequinum,0.024,0.024,-1,Echolocation,/mnt/ubna_data_02_mir/recover-20220922/UBNA_001/20220921_090000.WAV,Telephone Field,recover-20220922,001,1795
290.9485,290.9644,20312,23659,Nyctalus leisleri,0.012,0.021,-1,Echolocation,/mnt/ubna_data_02_mir/recover-20220922/UBNA_001/20220921_090000.WAV,Telephone Field,recover-20220922,001,1795
290.9615,291.0007,68437,81920,Rhinolophus ferrumequinum,0.021,0.021,-1,Echolocation,/mnt/ubna_data_02_mir/recover-20220922/UBNA_001/20220921_090000.WAV,Telephone Field,recover-20220922,001,1795
290.9775,291.0187,68437,83108,Rhinolophus ferrumequinum,0.036,0.036,-1,Echolocation,/mnt/ubna_data_02_mir/recover-20220922/UBNA_001/20220921_090000.WAV,Telephone Field,recover-20220922,001,1795
290.9975,291.0361,68437,82232,Rhinolophus ferrumequinum,0.027,0.027,-1,Echolocation,/mnt/ubna_data_02_mir/recover-20220922/UBNA_001/20220921_090000.WAV,Telephone Field,recover-20220922,001,1795
291.02049999999997,291.0579,68437,81377,Rhinolophus ferrumequinum,0.022,0.023,-1,Echolocation,/mnt/ubna_data_02_mir/recover-20220922/UBNA_001/20220921_090000.WAV,Telephone Field,recover-20220922,001,1795
291.0455,291.05740000000003,22890,27432,Nyctalus leisleri,0.012,0.023,-1,Echolocation,/mnt/ubna_data_02_mir/recover-20220922/UBNA_001/20220921_090000.WAV,Telephone Field,recover-20220922,001,1795
291.0675,291.0766,28906,37023,Eptesicus serotinus,0.011,0.025,-1,Echolocation,/mnt/ubna_data_02_mir/recover-20220922/UBNA_001/20220921_090000.WAV,Telephone Field,recover-20220922,001,1795
291.0835,291.1236,68437,82051,Rhinolophus ferrumequinum,0.021,0.021,-1,Echolocation,/mnt/ubna_data_02_mir/recover-20220922/UBNA_001/20220921_090000.WAV,Telephone Field,recover-20220922,001,1795
291.0975,291.1377,68437,82417,Rhinolophus ferrumequinum,0.023,0.023,-1,Echolocation,/mnt/ubna_data_02_mir/recover-20220922/UBNA_001/20220921_090000.WAV,Telephone Field,recover-20220922,001,1795
291.0995,291.1101,14296,20547,Nyctalus noctula,0.012,0.023,-1,Echolocation,/mnt/ubna_data_02_mir/recover-20220922/UBNA_001/20220921_090000.WAV,Telephone Field,recover-20220922,001,1795
291.1245,291.1641,68437,81895,Rhinolophus ferrumequinum,0.021,0.021,-1,Echolocation,/mnt/ubna_data_02_mir/recover-20220922/UBNA_001/20220921_090000.WAV,Telephone Field,recover-20220922,001,1795
291.1715,291.211,68437,82280,Rhinolophus ferrumequinum,0.027,0.027,-1,Echolocation,/mnt/ubna_data_02_mir/recover-20220922/UBNA_001/20220921_090000.WAV,Telephone Field,recover-20220922,001,1795
291.1925,291.2312,68437,81919,Rhinolophus ferrumequinum,0.022,0.022,-1,Echolocation,/mnt/ubna_data_02_mir/recover-20220922/UBNA_001/20220921_090000.WAV,Telephone Field,recover-20220922,001,1795
291.2145,291.2574,68437,83030,Rhinolophus ferrumequinum,0.029,0.029,-1,Echolocation,/mnt/ubna_data_02_mir/recover-20220922/UBNA_001/20220921_090000.WAV,Telephone Field,recover-20220922,001,1795
291.2265,291.2353,28046,38313,Eptesicus serotinus,0.008,0.023,-1,Echolocation,/mnt/ubna_data_02_mir/recover-20220922/UBNA_001/20220921_090000.WAV,Telephone Field,recover-20220922,001,1795
291.2385,291.2489,27187,33753,Eptesicus serotinus,0.009,0.021,-1,Echolocation,/mnt/ubna_data_02_mir/recover-20220922/UBNA_001/20220921_090000.WAV,Telephone Field,recover-20220922,001,1795
291.2555,291.2948,68437,82620,Rhinolophus ferrumequinum,0.022,0.022,-1,Echolocation,/mnt/ubna_data_02_mir/recover-20220922/UBNA_001/20220921_090000.WAV,Telephone Field,recover-20220922,001,1795
291.2635,291.2768,22031,25962,Nyctalus leisleri,0.012,0.021,-1,Echolocation,/mnt/ubna_data_02_mir/recover-20220922/UBNA_001/20220921_090000.WAV,Telephone Field,recover-20220922,001,1795
291.3005,291.3389,68437,82170,Rhinolophus ferrumequinum,0.021,0.021,-1,Echolocation,/mnt/ubna_data_02_mir/recover-20220922/UBNA_001/20220921_090000.WAV,Telephone Field,recover-20220922,001,1795
291.3075,291.3154,27187,38246,Eptesicus serotinus,0.007,0.022,-1,Echolocation,/mnt/ubna_data_02_mir/recover-20220922/UBNA_001/20220921_090000.WAV,Telephone Field,recover-20220922,001,1795
291.3275,291.3638,68437,81714,Rhinolophus ferrumequinum,0.022,0.022,-1,Echolocation,/mnt/ubna_data_02_mir/recover-20220922/UBNA_001/20220921_090000.WAV,Telephone Field,recover-20220922,001,1795
291.3515,291.3898,68437,81714,Rhinolophus ferrumequinum,0.023,0.023,-1,Echolocation,/mnt/ubna_data_02_mir/recover-20220922/UBNA_001/20220921_090000.WAV,Telephone Field,recover-20220922,001,1795
291.3555,291.3635,28046,38663,Eptesicus serotinus,0.007,0.022,-1,Echolocation,/mnt/ubna_data_02_mir/recover-20220922/UBNA_001/20220921_090000.WAV,Telephone Field,recover-20220922,001,1795
291.3695,291.4058,68437,81798,Rhinolophus ferrumequinum,0.021,0.021,-1,Echolocation,/mnt/ubna_data_02_mir/recover-20220922/UBNA_001/20220921_090000.WAV,Telephone Field,recover-20220922,001,1795
291.4065,291.4454,68437,82282,Rhinolophus ferrumequinum,0.022,0.022,-1,Echolocation,/mnt/ubna_data_02_mir/recover-20220922/UBNA_001/20220921_090000.WAV,Telephone Field,recover-20220922,001,1795
291.4125,291.4508,68437,81827,Rhinolophus ferrumequinum,0.022,0.022,-1,Echolocation,/mnt/ubna_data_02_mir/recover-20220922/UBNA_001/20220921_090000.WAV,Telephone Field,recover-20220922,001,1795
291.4175,291.4539,68437,81490,Rhinolophus ferrumequinum,0.022,0.022,-1,Echolocation,/mnt/ubna_data_02_mir/recover-20220922/UBNA_001/20220921_090000.WAV,Telephone Field,recover-20220922,001,1795
291.41949999999997,291.4282,27187,38362,Eptesicus serotinus,0.008,0.021,-1,Echolocation,/mnt/ubna_data_02_mir/recover-20220922/UBNA_001/20220921_090000.WAV,Telephone Field,recover-20220922,001,1795
291.4475,291.4889,68437,82573,Rhinolophus ferrumequinum,0.023,0.023,-1,Echolocation,/mnt/ubna_data_02_mir/recover-20220922/UBNA_001/20220921_090000.WAV,Telephone Field,recover-20220922,001,1795
291.4605,291.4705,28046,37699,Eptesicus serotinus,0.012,0.026,-1,Echolocation,/mnt/ubna_data_02_mir/recover-20220922/UBNA_001/20220921_090000.WAV,Telephone Field,recover-20220922,001,1795
291.4755,291.4857,28046,34427,Eptesicus serotinus,0.01,0.023,-1,Echolocation,/mnt/ubna_data_02_mir/recover-20220922/UBNA_001/20220921_090000.WAV,Telephone Field,recover-20220922,001,1795
291.5115,291.5538,68437,83081,Rhinolophus ferrumequinum,0.021,0.021,-1,Echolocation,/mnt/ubna_data_02_mir/recover-20220922/UBNA_001/20220921_090000.WAV,Telephone Field,recover-20220922,001,1795
291.5195,291.5614,68437,82754,Rhinolophus ferrumequinum,0.022,0.022,-1,Echolocation,/mnt/ubna_data_02_mir/recover-20220922/UBNA_001/20220921_090000.WAV,Telephone Field,recover-20220922,001,1795
291.5605,291.5983,68437,81607,Rhinolophus ferrumequinum,0.025,0.025,-1,Echolocation,/mnt/ubna_data_02_mir/recover-20220922/UBNA_001/20220921_090000.WAV,Telephone Field,recover-20220922,001,1795
291.6135,291.6539,68437,82518,Rhinolophus ferrumequinum,0.029,0.029,-1,Echolocation,/mnt/ubna_data_02_mir/recover-20220922/UBNA_001/20220921_090000.WAV,Telephone Field,recover-20220922,001,1795
291.6235,291.6318,23750,31711,Plecotus austriacus,0.009,0.025,-1,Echolocation,/mnt/ubna_data_02_mir/recover-20220922/UBNA_001/20220921_090000.WAV,Telephone Field,recover-20220922,001,1795
291.6375,291.6754,68437,81981,Rhinolophus ferrumequinum,0.023,0.023,-1,Echolocation,/mnt/ubna_data_02_mir/recover-20220922/UBNA_001/20220921_090000.WAV,Telephone Field,recover-20220922,001,1795
291.6625,291.6998,68437,82521,Rhinolophus ferrumequinum,0.023,0.023,-1,Echolocation,/mnt/ubna_data_02_mir/recover-20220922/UBNA_001/20220921_090000.WAV,Telephone Field,recover-20220922,001,1795
291.6745,291.7137,68437,82567,Rhinolophus ferrumequinum,0.023,0.023,-1,Echolocation,/mnt/ubna_data_02_mir/recover-20220922/UBNA_001/20220921_090000.WAV,Telephone Field,recover-20220922,001,1795
291.6955,291.7323,68437,80912,Rhinolophus ferrumequinum,0.022,0.022,-1,Echolocation,/mnt/ubna_data_02_mir/recover-20220922/UBNA_001/20220921_090000.WAV,Telephone Field,recover-20220922,001,1795
291.7095,291.7183,28906,37117,Eptesicus serotinus,0.008,0.023,-1,Echolocation,/mnt/ubna_data_02_mir/recover-20220922/UBNA_001/20220921_090000.WAV,Telephone Field,recover-20220922,001,1795
291.7235,291.7639,68437,82451,Rhinolophus ferrumequinum,0.028,0.028,-1,Echolocation,/mnt/ubna_data_02_mir/recover-20220922/UBNA_001/20220921_090000.WAV,Telephone Field,recover-20220922,001,1795
291.7435,291.781,68437,81734,Rhinolophus ferrumequinum,0.021,0.021,-1,Echolocation,/mnt/ubna_data_02_mir/recover-20220922/UBNA_001/20220921_090000.WAV,Telephone Field,recover-20220922,001,1795
291.7855,291.7939,28906,37272,Eptesicus serotinus,0.007,0.022,-1,Echolocation,/mnt/ubna_data_02_mir/recover-20220922/UBNA_001/20220921_090000.WAV,Telephone Field,recover-20220922,001,1795
291.7925,291.8273,68437,81098,Rhinolophus ferrumequinum,0.021,0.021,-1,Echolocation,/mnt/ubna_data_02_mir/recover-20220922/UBNA_001/20220921_090000.WAV,Telephone Field,recover-20220922,001,1795
291.8495,291.8866,68437,81843,Rhinolophus ferrumequinum,0.021,0.021,-1,Echolocation,/mnt/ubna_data_02_mir/recover-20220922/UBNA_001/20220921_090000.WAV,Telephone Field,recover-20220922,001,1795
291.8505,291.8616,22890,28049,Nyctalus leisleri,0.011,0.022,-1,Echolocation,/mnt/ubna_data_02_mir/recover-20220922/UBNA_001/20220921_090000.WAV,Telephone Field,recover-20220922,001,1795
291.8795,291.9193,68437,82261,Rhinolophus ferrumequinum,0.023,0.023,-1,Echolocation,/mnt/ubna_data_02_mir/recover-20220922/UBNA_001/20220921_090000.WAV,Telephone Field,recover-20220922,001,1795
291.8845,291.9254,68437,82720,Rhinolophus ferrumequinum,0.023,0.023,-1,Echolocation,/mnt/ubna_data_02_mir/recover-20220922/UBNA_001/20220921_090000.WAV,Telephone Field,recover-20220922,001,1795
291.9115,291.951,68437,82316,Rhinolophus ferrumequinum,0.027,0.027,-1,Echolocation,/mnt/ubna_data_02_mir/recover-20220922/UBNA_001/20220921_090000.WAV,Telephone Field,recover-20220922,001,1795
291.9185,291.9284,26328,34549,Eptesicus serotinus,0.009,0.026,-1,Echolocation,/mnt/ubna_data_02_mir/recover-20220922/UBNA_001/20220921_090000.WAV,Telephone Field,recover-20220922,001,1795
291.9675,291.9781,28906,37015,Eptesicus serotinus,0.013,0.025,-1,Echolocation,/mnt/ubna_data_02_mir/recover-20220922/UBNA_001/20220921_090000.WAV,Telephone Field,recover-20220922,001,1795
292.0015,292.0352,68437,80224,Rhinolophus ferrumequinum,0.027,0.027,-1,Echolocation,/mnt/ubna_data_02_mir/recover-20220922/UBNA_001/20220921_090000.WAV,Telephone Field,recover-20220922,001,1795
292.0015,292.0101,26328,35707,Eptesicus serotinus,0.01,0.031,-1,Echolocation,/mnt/ubna_data_02_mir/recover-20220922/UBNA_001/20220921_090000.WAV,Telephone Field,recover-20220922,001,1795
292.0015,292.0122,46093,50607,Pipistrellus pipistrellus,0.021,0.028,-1,Echolocation,/mnt/ubna_data_02_mir/recover-20220922/UBNA_001/20220921_090000.WAV,Telephone Field,recover-20220922,001,1795
292.0015,292.0169,58984,66086,Pipistrellus pygmaeus,0.024,0.026,-1,Echolocation,/mnt/ubna_data_02_mir/recover-20220922/UBNA_001/20220921_090000.WAV,Telephone Field,recover-20220922,001,1795
292.0155,292.0641,68437,84533,Rhinolophus ferrumequinum,0.049,0.049,-1,Echolocation,/mnt/ubna_data_02_mir/recover-20220922/UBNA_001/20220921_090000.WAV,Telephone Field,recover-20220922,001,1795
292.0535,292.0934,68437,82777,Rhinolophus ferrumequinum,0.035,0.035,-1,Echolocation,/mnt/ubna_data_02_mir/recover-20220922/UBNA_001/20220921_090000.WAV,Telephone Field,recover-20220922,001,1795
292.0845,292.1242,68437,82285,Rhinolophus ferrumequinum,0.023,0.023,-1,Echolocation,/mnt/ubna_data_02_mir/recover-20220922/UBNA_001/20220921_090000.WAV,Telephone Field,recover-20220922,001,1795
292.0865,292.0947,28046,39617,Eptesicus serotinus,0.008,0.023,-1,Echolocation,/mnt/ubna_data_02_mir/recover-20220922/UBNA_001/20220921_090000.WAV,Telephone Field,recover-20220922,001,1795
292.1015,292.1428,68437,82894,Rhinolophus ferrumequinum,0.025,0.025,-1,Echolocation,/mnt/ubna_data_02_mir/recover-20220922/UBNA_001/20220921_090000.WAV,Telephone Field,recover-20220922,001,1795
292.1255,292.1333,24609,32831,Plecotus austriacus,0.008,0.023,-1,Echolocation,/mnt/ubna_data_02_mir/recover-20220922/UBNA_001/20220921_090000.WAV,Telephone Field,recover-20220922,001,1795
292.1305,292.169,68437,82100,Rhinolophus ferrumequinum,0.022,0.022,-1,Echolocation,/mnt/ubna_data_02_mir/recover-20220922/UBNA_001/20220921_090000.WAV,Telephone Field,recover-20220922,001,1795
292.1355,292.174,68437,82021,Rhinolophus ferrumequinum,0.022,0.022,-1,Echolocation,/mnt/ubna_data_02_mir/recover-20220922/UBNA_001/20220921_090000.WAV,Telephone Field,recover-20220922,001,1795
292.1525,292.1914,68437,82667,Rhinolophus ferrumequinum,0.023,0.023,-1,Echolocation,/mnt/ubna_data_02_mir/recover-20220922/UBNA_001/20220921_090000.WAV,Telephone Field,recover-20220922,001,1795
292.1605,292.1995,68437,82358,Rhinolophus ferrumequinum,0.022,0.022,-1,Echolocation,/mnt/ubna_data_02_mir/recover-20220922/UBNA_001/20220921_090000.WAV,Telephone Field,recover-20220922,001,1795
292.1765,292.2175,68437,82288,Rhinolophus ferrumequinum,0.026,0.026,-1,Echolocation,/mnt/ubna_data_02_mir/recover-20220922/UBNA_001/20220921_090000.WAV,Telephone Field,recover-20220922,001,1795
292.1915,292.2291,68437,81793,Rhinolophus ferrumequinum,0.025,0.025,-1,Echolocation,/mnt/ubna_data_02_mir/recover-20220922/UBNA_001/20220921_090000.WAV,Telephone Field,recover-20220922,001,1795
292.2025,292.2386,68437,81385,Rhinolophus ferrumequinum,0.022,0.022,-1,Echolocation,/mnt/ubna_data_02_mir/recover-20220922/UBNA_001/20220921_090000.WAV,Telephone Field,recover-20220922,001,1795
292.2145,292.2507,68437,80976,Rhinolophus ferrumequinum,0.021,0.021,-1,Echolocation,/mnt/ubna_data_02_mir/recover-20220922/UBNA_001/20220921_090000.WAV,Telephone Field,recover-20220922,001,1795
292.2355,292.2506,22031,25944,Nyctalus leisleri,0.017,0.029,-1,Echolocation,/mnt/ubna_data_02_mir/recover-20220922/UBNA_001/20220921_090000.WAV,Telephone Field,recover-20220922,001,1795
292.2555,292.2924,68437,82079,Rhinolophus ferrumequinum,0.023,0.023,-1,Echolocation,/mnt/ubna_data_02_mir/recover-20220922/UBNA_001/20220921_090000.WAV,Telephone Field,recover-20220922,001,1795
292.2615,292.2978,68437,81464,Rhinolophus ferrumequinum,0.022,0.022,-1,Echolocation,/mnt/ubna_data_02_mir/recover-20220922/UBNA_001/20220921_090000.WAV,Telephone Field,recover-20220922,001,1795
292.2805,292.2934,20312,24484,Nyctalus leisleri,0.014,0.029,-1,Echolocation,/mnt/ubna_data_02_mir/recover-20220922/UBNA_001/20220921_090000.WAV,Telephone Field,recover-20220922,001,1795
292.2865,292.3198,68437,80404,Rhinolophus ferrumequinum,0.021,0.021,-1,Echolocation,/mnt/ubna_data_02_mir/recover-20220922/UBNA_001/20220921_090000.WAV,Telephone Field,recover-20220922,001,1795
292.2975,292.3376,68437,81758,Rhinolophus ferrumequinum,0.024,0.024,-1,Echolocation,/mnt/ubna_data_02_mir/recover-20220922/UBNA_001/20220921_090000.WAV,Telephone Field,recover-20220922,001,1795
292.2995,292.31,24609,30737,Nyctalus leisleri,0.008,0.021,-1,Echolocation,/mnt/ubna_data_02_mir/recover-20220922/UBNA_001/20220921_090000.WAV,Telephone Field,recover-20220922,001,1795
292.3175,292.3604,68437,83447,Rhinolophus ferrumequinum,0.039,0.039,-1,Echolocation,/mnt/ubna_data_02_mir/recover-20220922/UBNA_001/20220921_090000.WAV,Telephone Field,recover-20220922,001,1795
292.3185,292.3276,23750,30905,Nyctalus leisleri,0.008,0.026,-1,Echolocation,/mnt/ubna_data_02_mir/recover-20220922/UBNA_001/20220921_090000.WAV,Telephone Field,recover-20220922,001,1795
292.3685,292.4055,68437,81989,Rhinolophus ferrumequinum,0.023,0.023,-1,Echolocation,/mnt/ubna_data_02_mir/recover-20220922/UBNA_001/20220921_090000.WAV,Telephone Field,recover-20220922,001,1795
292.3745,292.4155,68437,82598,Rhinolophus ferrumequinum,0.022,0.022,-1,Echolocation,/mnt/ubna_data_02_mir/recover-20220922/UBNA_001/20220921_090000.WAV,Telephone Field,recover-20220922,001,1795
292.4005,292.4393,68437,81573,Rhinolophus ferrumequinum,0.027,0.027,-1,Echolocation,/mnt/ubna_data_02_mir/recover-20220922/UBNA_001/20220921_090000.WAV,Telephone Field,recover-20220922,001,1795
292.4105,292.4202,28906,36355,Eptesicus serotinus,0.008,0.022,-1,Echolocation,/mnt/ubna_data_02_mir/recover-20220922/UBNA_001/20220921_090000.WAV,Telephone Field,recover-20220922,001,1795
292.4185,292.45799999999997,68437,82764,Rhinolophus ferrumequinum,0.033,0.033,-1,Echolocation,/mnt/ubna_data_02_mir/recover-20220922/UBNA_001/20220921_090000.WAV,Telephone Field,recover-20220922,001,1795
292.4435,292.4831,68437,82536,Rhinolophus ferrumequinum,0.03,0.03,-1,Echolocation,/mnt/ubna_data_02_mir/recover-20220922/UBNA_001/20220921_090000.WAV,Telephone Field,recover-20220922,001,1795
292.4495,292.4582,28046,38228,Eptesicus serotinus,0.008,0.023,-1,Echolocation,/mnt/ubna_data_02_mir/recover-20220922/UBNA_001/20220921_090000.WAV,Telephone Field,recover-20220922,001,1795
292.4885,292.4983,24609,31637,Nyctalus leisleri,0.008,0.022,-1,Echolocation,/mnt/ubna_data_02_mir/recover-20220922/UBNA_001/20220921_090000.WAV,Telephone Field,recover-20220922,001,1795
292.4985,292.5348,68437,81877,Rhinolophus ferrumequinum,0.022,0.022,-1,Echolocation,/mnt/ubna_data_02_mir/recover-20220922/UBNA_001/20220921_090000.WAV,Telephone Field,recover-20220922,001,1795
292.5125,292.5546,68437,82756,Rhinolophus ferrumequinum,0.025,0.025,-1,Echolocation,/mnt/ubna_data_02_mir/recover-20220922/UBNA_001/20220921_090000.WAV,Telephone Field,recover-20220922,001,1795
292.5355,292.5795,68437,83431,Rhinolophus ferrumequinum,0.036,0.036,-1,Echolocation,/mnt/ubna_data_02_mir/recover-20220922/UBNA_001/20220921_090000.WAV,Telephone Field,recover-20220922,001,1795
292.5375,292.5505,23750,29058,Nyctalus leisleri,0.015,0.034,-1,Echolocation,/mnt/ubna_data_02_mir/recover-20220922/UBNA_001/20220921_090000.WAV,Telephone Field,recover-20220922,001,1795
292.5755,292.6145,68437,82396,Rhinolophus ferrumequinum,0.022,0.022,-1,Echolocation,/mnt/ubna_data_02_mir/recover-20220922/UBNA_001/20220921_090000.WAV,Telephone Field,recover-20220922,001,1795
292.58050000000003,292.5928,22031,26088,Nyctalus leisleri,0.015,0.025,-1,Echolocation,/mnt/ubna_data_02_mir/recover-20220922/UBNA_001/20220921_090000.WAV,Telephone Field,recover-20220922,001,1795
292.5985,292.6361,68437,82391,Rhinolophus ferrumequinum,0.024,0.024,-1,Echolocation,/mnt/ubna_data_02_mir/recover-20220922/UBNA_001/20220921_090000.WAV,Telephone Field,recover-20220922,001,1795
292.6115,292.648,68437,81723,Rhinolophus ferrumequinum,0.021,0.021,-1,Echolocation,/mnt/ubna_data_02_mir/recover-20220922/UBNA_001/20220921_090000.WAV,Telephone Field,recover-20220922,001,1795
292.6325,292.6724,68437,82201,Rhinolophus ferrumequinum,0.023,0.023,-1,Echolocation,/mnt/ubna_data_02_mir/recover-20220922/UBNA_001/20220921_090000.WAV,Telephone Field,recover-20220922,001,1795
292.6375,292.6452,28906,41727,Eptesicus serotinus,0.008,0.024,-1,Echolocation,/mnt/ubna_data_02_mir/recover-20220922/UBNA_001/20220921_090000.WAV,Telephone Field,recover-20220922,001,1795
292.6375,292.6764,68437,82117,Rhinolophus ferrumequinum,0.022,0.022,-1,Echolocation,/mnt/ubna_data_02_mir/recover-20220922/UBNA_001/20220921_090000.WAV,Telephone Field,recover-20220922,001,1795
292.6515,292.6608,22890,29171,Plecotus austriacus,0.008,0.023,-1,Echolocation,/mnt/ubna_data_02_mir/recover-20220922/UBNA_001/20220921_090000.WAV,Telephone Field,recover-20220922,001,1795
292.6615,292.6991,68437,81725,Rhinolophus ferrumequinum,0.023,0.023,-1,Echolocation,/mnt/ubna_data_02_mir/recover-20220922/UBNA_001/20220921_090000.WAV,Telephone Field,recover-20220922,001,1795
292.6985,292.7362,68437,81893,Rhinolophus ferrumequinum,0.023,0.023,-1,Echolocation,/mnt/ubna_data_02_mir/recover-20220922/UBNA_001/20220921_090000.WAV,Telephone Field,recover-20220922,001,1795
292.7375,292.7764,68437,81803,Rhinolophus ferrumequinum,0.024,0.024,-1,Echolocation,/mnt/ubna_data_02_mir/recover-20220922/UBNA_001/20220921_090000.WAV,Telephone Field,recover-20220922,001,1795
292.7655,292.8044,68437,81750,Rhinolophus ferrumequinum,0.024,0.024,-1,Echolocation,/mnt/ubna_data_02_mir/recover-20220922/UBNA_001/20220921_090000.WAV,Telephone Field,recover-20220922,001,1795
292.8005,292.8434,68437,83193,Rhinolophus ferrumequinum,0.043,0.043,-1,Echolocation,/mnt/ubna_data_02_mir/recover-20220922/UBNA_001/20220921_090000.WAV,Telephone Field,recover-20220922,001,1795
292.8005,292.8073,28046,41167,Eptesicus serotinus,0.006,0.022,-1,Echolocation,/mnt/ubna_data_02_mir/recover-20220922/UBNA_001/20220921_090000.WAV,Telephone Field,recover-20220922,001,1795
292.8235,292.8651,68437,82367,Rhinolophus ferrumequinum,0.038,0.038,-1,Echolocation,/mnt/ubna_data_02_mir/recover-20220922/UBNA_001/20220921_090000.WAV,Telephone Field,recover-20220922,001,1795
292.8455,292.8617,21171,24397,Nyctalus leisleri,0.014,0.023,-1,Echolocation,/mnt/ubna_data_02_mir/recover-20220922/UBNA_001/20220921_090000.WAV,Telephone Field,recover-20220922,001,1795
292.8685,292.9106,68437,82632,Rhinolophus ferrumequinum,0.022,0.022,-1,Echolocation,/mnt/ubna_data_02_mir/recover-20220922/UBNA_001/20220921_090000.WAV,Telephone Field,recover-20220922,001,1795
292.8835,292.9237,68437,82426,Rhinolophus ferrumequinum,0.022,0.022,-1,Echolocation,/mnt/ubna_data_02_mir/recover-20220922/UBNA_001/20220921_090000.WAV,Telephone Field,recover-20220922,001,1795
292.89549999999997,292.9064,23750,28732,Nyctalus leisleri,0.01,0.022,-1,Echolocation,/mnt/ubna_data_02_mir/recover-20220922/UBNA_001/20220921_090000.WAV,Telephone Field,recover-20220922,001,1795
292.9075,292.9441,68437,81779,Rhinolophus ferrumequinum,0.022,0.022,-1,Echolocation,/mnt/ubna_data_02_mir/recover-20220922/UBNA_001/20220921_090000.WAV,Telephone Field,recover-20220922,001,1795
292.9355,292.9739,68437,82292,Rhinolophus ferrumequinum,0.022,0.022,-1,Echolocation,/mnt/ubna_data_02_mir/recover-20220922/UBNA_001/20220921_090000.WAV,Telephone Field,recover-20220922,001,1795
292.9465,292.9562,22890,29288,Nyctalus leisleri,0.008,0.021,-1,Echolocation,/mnt/ubna_data_02_mir/recover-20220922/UBNA_001/20220921_090000.WAV,Telephone Field,recover-20220922,001,1795
292.9585,292.9968,68437,82473,Rhinolophus ferrumequinum,0.022,0.022,-1,Echolocation,/mnt/ubna_data_02_mir/recover-20220922/UBNA_001/20220921_090000.WAV,Telephone Field,recover-20220922,001,1795
292.9745,292.9814,28906,40118,Eptesicus serotinus,0.007,0.022,-1,Echolocation,/mnt/ubna_data_02_mir/recover-20220922/UBNA_001/20220921_090000.WAV,Telephone Field,recover-20220922,001,1795
292.97950000000003,293.0215,68437,83125,Rhinolophus ferrumequinum,0.039,0.039,-1,Echolocation,/mnt/ubna_data_02_mir/recover-20220922/UBNA_001/20220921_090000.WAV,Telephone Field,recover-20220922,001,1795
293.0035,293.0426,68437,82241,Rhinolophus ferrumequinum,0.021,0.021,-1,Echolocation,/mnt/ubna_data_02_mir/recover-20220922/UBNA_001/20220921_090000.WAV,Telephone Field,recover-20220922,001,1795
293.0145,293.0535,68437,81746,Rhinolophus ferrumequinum,0.021,0.021,-1,Echolocation,/mnt/ubna_data_02_mir/recover-20220922/UBNA_001/20220921_090000.WAV,Telephone Field,recover-20220922,001,1795
293.0375,293.0767,68437,82309,Rhinolophus ferrumequinum,0.024,0.024,-1,Echolocation,/mnt/ubna_data_02_mir/recover-20220922/UBNA_001/20220921_090000.WAV,Telephone Field,recover-20220922,001,1795
293.0515,293.0943,68437,83167,Rhinolophus ferrumequinum,0.029,0.029,-1,Echolocation,/mnt/ubna_data_02_mir/recover-20220922/UBNA_001/20220921_090000.WAV,Telephone Field,recover-20220922,001,1795
293.0555,293.0637,26328,37422,Eptesicus serotinus,0.009,0.026,-1,Echolocation,/mnt/ubna_data_02_mir/recover-20220922/UBNA_001/20220921_090000.WAV,Telephone Field,recover-20220922,001,1795
293.0675,293.1024,68437,81461,Rhinolophus ferrumequinum,0.021,0.021,-1,Echolocation,/mnt/ubna_data_02_mir/recover-20220922/UBNA_001/20220921_090000.WAV,Telephone Field,recover-20220922,001,1795
293.0755,293.084,28906,39373,Eptesicus serotinus,0.008,0.023,-1,Echolocation,/mnt/ubna_data_02_mir/recover-20220922/UBNA_001/20220921_090000.WAV,Telephone Field,recover-20220922,001,1795
293.0875,293.0971,24609,31053,Nyctalus leisleri,0.007,0.022,-1,Echolocation,/mnt/ubna_data_02_mir/recover-20220922/UBNA_001/20220921_090000.WAV,Telephone Field,recover-20220922,001,1795
293.0915,293.1316,68437,82272,Rhinolophus ferrumequinum,0.021,0.021,-1,Echolocation,/mnt/ubna_data_02_mir/recover-20220922/UBNA_001/20220921_090000.WAV,Telephone Field,recover-20220922,001,1795
293.1175,293.1269,15156,21802,Nyctalus noctula,0.012,0.028,-1,Echolocation,/mnt/ubna_data_02_mir/recover-20220922/UBNA_001/20220921_090000.WAV,Telephone Field,recover-20220922,001,1795
293.1195,293.1569,68437,82425,Rhinolophus ferrumequinum,0.021,0.021,-1,Echolocation,/mnt/ubna_data_02_mir/recover-20220922/UBNA_001/20220921_090000.WAV,Telephone Field,recover-20220922,001,1795
293.1675,293.2077,68437,82021,Rhinolophus ferrumequinum,0.032,0.032,-1,Echolocation,/mnt/ubna_data_02_mir/recover-20220922/UBNA_001/20220921_090000.WAV,Telephone Field,recover-20220922,001,1795
293.1805,293.1897,28046,37271,Eptesicus serotinus,0.009,0.022,-1,Echolocation,/mnt/ubna_data_02_mir/recover-20220922/UBNA_001/20220921_090000.WAV,Telephone Field,recover-20220922,001,1795
293.1855,293.1943,28046,35777,Eptesicus serotinus,0.009,0.022,-1,Echolocation,/mnt/ubna_data_02_mir/recover-20220922/UBNA_001/20220921_090000.WAV,Telephone Field,recover-20220922,001,1795
293.2075,293.2453,68437,81673,Rhinolophus ferrumequinum,0.022,0.023,-1,Echolocation,/mnt/ubna_data_02_mir/recover-20220922/UBNA_001/20220921_090000.WAV,Telephone Field,recover-20220922,001,1795
293.2175,293.2572,68437,82263,Rhinolophus ferrumequinum,0.025,0.025,-1,Echolocation,/mnt/ubna_data_02_mir/recover-20220922/UBNA_001/20220921_090000.WAV,Telephone Field,recover-20220922,001,1795
293.2275,293.2666,68437,82851,Rhinolophus ferrumequinum,0.023,0.023,-1,Echolocation,/mnt/ubna_data_02_mir/recover-20220922/UBNA_001/20220921_090000.WAV,Telephone Field,recover-20220922,001,1795
293.2335,293.27049999999997,68437,82212,Rhinolophus ferrumequinum,0.023,0.023,-1,Echolocation,/mnt/ubna_data_02_mir/recover-20220922/UBNA_001/20220921_090000.WAV,Telephone Field,recover-20220922,001,1795
293.2415,293.2846,68437,83246,Rhinolophus ferrumequinum,0.022,0.022,-1,Echolocation,/mnt/ubna_data_02_mir/recover-20220922/UBNA_001/20220921_090000.WAV,Telephone Field,recover-20220922,001,1795
293.2715,293.3138,68437,82875,Rhinolophus ferrumequinum,0.025,0.025,-1,Echolocation,/mnt/ubna_data_02_mir/recover-20220922/UBNA_001/20220921_090000.WAV,Telephone Field,recover-20220922,001,1795
293.2965,293.33820000000003,68437,82984,Rhinolophus ferrumequinum,0.028,0.028,-1,Echolocation,/mnt/ubna_data_02_mir/recover-20220922/UBNA_001/20220921_090000.WAV,Telephone Field,recover-20220922,001,1795
293.3045,293.3136,49531,55595,Pipistrellus pipistrellus,0.018,0.023,-1,Echolocation,/mnt/ubna_data_02_mir/recover-20220922/UBNA_001/20220921_090000.WAV,Telephone Field,recover-20220922,001,1795
293.3115,293.3211,22890,28453,Nyctalus leisleri,0.009,0.022,-1,Echolocation,/mnt/ubna_data_02_mir/recover-20220922/UBNA_001/20220921_090000.WAV,Telephone Field,recover-20220922,001,1795
293.3155,293.3532,68437,81517,Rhinolophus ferrumequinum,0.021,0.021,-1,Echolocation,/mnt/ubna_data_02_mir/recover-20220922/UBNA_001/20220921_090000.WAV,Telephone Field,recover-20220922,001,1795
293.3455,293.3553,28906,36235,Eptesicus serotinus,0.013,0.025,-1,Echolocation,/mnt/ubna_data_02_mir/recover-20220922/UBNA_001/20220921_090000.WAV,Telephone Field,recover-20220922,001,1795
293.3615,293.3688,28906,39124,Eptesicus serotinus,0.008,0.027,-1,Echolocation,/mnt/ubna_data_02_mir/recover-20220922/UBNA_001/20220921_090000.WAV,Telephone Field,recover-20220922,001,1795
293.3975,293.4103,25468,29976,Nyctalus leisleri,0.014,0.032,-1,Echolocation,/mnt/ubna_data_02_mir/recover-20220922/UBNA_001/20220921_090000.WAV,Telephone Field,recover-20220922,001,1795
293.4125,293.4524,68437,82337,Rhinolophus ferrumequinum,0.032,0.032,-1,Echolocation,/mnt/ubna_data_02_mir/recover-20220922/UBNA_001/20220921_090000.WAV,Telephone Field,recover-20220922,001,1795
293.4375,293.4804,68437,82677,Rhinolophus ferrumequinum,0.033,0.033,-1,Echolocation,/mnt/ubna_data_02_mir/recover-20220922/UBNA_001/20220921_090000.WAV,Telephone Field,recover-20220922,001,1795
293.4565,293.4692,22890,27495,Nyctalus leisleri,0.02,0.039,-1,Echolocation,/mnt/ubna_data_02_mir/recover-20220922/UBNA_001/20220921_090000.WAV,Telephone Field,recover-20220922,001,1795
293.4595,293.497,68437,81573,Rhinolophus ferrumequinum,0.021,0.021,-1,Echolocation,/mnt/ubna_data_02_mir/recover-20220922/UBNA_001/20220921_090000.WAV,Telephone Field,recover-20220922,001,1795
293.4715,293.4821,25468,31145,Nyctalus leisleri,0.011,0.028,-1,Echolocation,/mnt/ubna_data_02_mir/recover-20220922/UBNA_001/20220921_090000.WAV,Telephone Field,recover-20220922,001,1795
293.4835,293.523,68437,81810,Rhinolophus ferrumequinum,0.029,0.03,-1,Echolocation,/mnt/ubna_data_02_mir/recover-20220922/UBNA_001/20220921_090000.WAV,Telephone Field,recover-20220922,001,1795
293.5015,293.5083,24609,33377,Plecotus austriacus,0.011,0.026,-1,Echolocation,/mnt/ubna_data_02_mir/recover-20220922/UBNA_001/20220921_090000.WAV,Telephone Field,recover-20220922,001,1795
293.5185,293.56,68437,82647,Rhinolophus ferrumequinum,0.034,0.034,-1,Echolocation,/mnt/ubna_data_02_mir/recover-20220922/UBNA_001/20220921_090000.WAV,Telephone Field,recover-20220922,001,1795
293.5465,293.5571,24609,31462,Eptesicus serotinus,0.009,0.024,-1,Echolocation,/mnt/ubna_data_02_mir/recover-20220922/UBNA_001/20220921_090000.WAV,Telephone Field,recover-20220922,001,1795
293.5625,293.5696,28046,43301,Eptesicus serotinus,0.008,0.025,-1,Echolocation,/mnt/ubna_data_02_mir/recover-20220922/UBNA_001/20220921_090000.WAV,Telephone Field,recover-20220922,001,1795
293.5635,293.602,68437,82577,Rhinolophus ferrumequinum,0.026,0.026,-1,Echolocation,/mnt/ubna_data_02_mir/recover-20220922/UBNA_001/20220921_090000.WAV,Telephone Field,recover-20220922,001,1795
293.5955,293.6344,68437,82261,Rhinolophus ferrumequinum,0.023,0.023,-1,Echolocation,/mnt/ubna_data_02_mir/recover-20220922/UBNA_001/20220921_090000.WAV,Telephone Field,recover-20220922,001,1795
293.6325,293.6717,68437,82004,Rhinolophus ferrumequinum,0.033,0.033,-1,Echolocation,/mnt/ubna_data_02_mir/recover-20220922/UBNA_001/20220921_090000.WAV,Telephone Field,recover-20220922,001,1795
293.7015,293.741,68437,82373,Rhinolophus ferrumequinum,0.024,0.024,-1,Echolocation,/mnt/ubna_data_02_mir/recover-20220922/UBNA_001/20220921_090000.WAV,Telephone Field,recover-20220922,001,1795
293.7255,293.765,68437,81804,Rhinolophus ferrumequinum,0.021,0.021,-1,Echolocation,/mnt/ubna_data_02_mir/recover-20220922/UBNA_001/20220921_090000.WAV,Telephone Field,recover-20220922,001,1795
293.7355,293.7756,68437,82441,Rhinolophus ferrumequinum,0.03,0.03,-1,Echolocation,/mnt/ubna_data_02_mir/recover-20220922/UBNA_001/20220921_090000.WAV,Telephone Field,recover-20220922,001,1795
293.7755,293.8107,68437,81417,Rhinolophus ferrumequinum,0.021,0.021,-1,Echolocation,/mnt/ubna_data_02_mir/recover-20220922/UBNA_001/20220921_090000.WAV,Telephone Field,recover-20220922,001,1795
293.7865,293.8241,68437,80944,Rhinolophus ferrumequinum,0.022,0.022,-1,Echolocation,/mnt/ubna_data_02_mir/recover-20220922/UBNA_001/20220921_090000.WAV,Telephone Field,recover-20220922,001,1795
293.8005,293.8405,68437,82056,Rhinolophus ferrumequinum,0.022,0.022,-1,Echolocation,/mnt/ubna_data_02_mir/recover-20220922/UBNA_001/20220921_090000.WAV,Telephone Field,recover-20220922,001,1795
293.8175,293.8289,22890,28437,Nyctalus leisleri,0.009,0.022,-1,Echolocation,/mnt/ubna_data_02_mir/recover-20220922/UBNA_001/20220921_090000.WAV,Telephone Field,recover-20220922,001,1795
293.8205,293.8596,68437,82666,Rhinolophus ferrumequinum,0.024,0.024,-1,Echolocation,/mnt/ubna_data_02_mir/recover-20220922/UBNA_001/20220921_090000.WAV,Telephone Field,recover-20220922,001,1795
293.8625,293.8997,68437,81123,Rhinolophus ferrumequinum,0.023,0.023,-1,Echolocation,/mnt/ubna_data_02_mir/recover-20220922/UBNA_001/20220921_090000.WAV,Telephone Field,recover-20220922,001,1795
293.8845,293.9222,68437,82104,Rhinolophus ferrumequinum,0.022,0.022,-1,Echolocation,/mnt/ubna_data_02_mir/recover-20220922/UBNA_001/20220921_090000.WAV,Telephone Field,recover-20220922,001,1795
293.8915,293.8991,28046,37373,Eptesicus serotinus,0.011,0.03,-1,Echolocation,/mnt/ubna_data_02_mir/recover-20220922/UBNA_001/20220921_090000.WAV,Telephone Field,recover-20220922,001,1795
293.9065,293.9448,68437,82062,Rhinolophus ferrumequinum,0.024,0.024,-1,Echolocation,/mnt/ubna_data_02_mir/recover-20220922/UBNA_001/20220921_090000.WAV,Telephone Field,recover-20220922,001,1795
293.9185,293.9289,22890,28494,Nyctalus leisleri,0.011,0.025,-1,Echolocation,/mnt/ubna_data_02_mir/recover-20220922/UBNA_001/20220921_090000.WAV,Telephone Field,recover-20220922,001,1795
293.9375,293.978,68437,82351,Rhinolophus ferrumequinum,0.022,0.022,-1,Echolocation,/mnt/ubna_data_02_mir/recover-20220922/UBNA_001/20220921_090000.WAV,Telephone Field,recover-20220922,001,1795
293.9475,293.9839,68437,82311,Rhinolophus ferrumequinum,0.021,0.021,-1,Echolocation,/mnt/ubna_data_02_mir/recover-20220922/UBNA_001/20220921_090000.WAV,Telephone Field,recover-20220922,001,1795
293.9585,293.9714,23750,28347,Nyctalus leisleri,0.012,0.022,-1,Echolocation,/mnt/ubna_data_02_mir/recover-20220922/UBNA_001/20220921_090000.WAV,Telephone Field,recover-20220922,001,1795
293.9675,293.9772,28906,36363,Eptesicus serotinus,0.009,0.023,-1,Echolocation,/mnt/ubna_data_02_mir/recover-20220922/UBNA_001/20220921_090000.WAV,Telephone Field,recover-20220922,001,1795
294.0015,294.0092,47812,55459,Pipistrellus pipistrellus,0.018,0.024,-1,Echolocation,/mnt/ubna_data_02_mir/recover-20220922/UBNA_001/20220921_090000.WAV,Telephone Field,recover-20220922,001,1795
294.0015,294.033,68437,79570,Rhinolophus ferrumequinum,0.035,0.036,-1,Echolocation,/mnt/ubna_data_02_mir/recover-20220922/UBNA_001/20220921_090000.WAV,Telephone Field,recover-20220922,001,1795
294.0015,294.0106,22031,27700,Nyctalus leisleri,0.015,0.038,-1,Echolocation,/mnt/ubna_data_02_mir/recover-20220922/UBNA_001/20220921_090000.WAV,Telephone Field,recover-20220922,001,1795
294.0405,294.0472,26328,36625,Eptesicus serotinus,0.013,0.043,-1,Echolocation,/mnt/ubna_data_02_mir/recover-20220922/UBNA_001/20220921_090000.WAV,Telephone Field,recover-20220922,001,1795
294.0435,294.0833,68437,82568,Rhinolophus ferrumequinum,0.022,0.022,-1,Echolocation,/mnt/ubna_data_02_mir/recover-20220922/UBNA_001/20220921_090000.WAV,Telephone Field,recover-20220922,001,1795
294.0645,294.1012,68437,81954,Rhinolophus ferrumequinum,0.021,0.021,-1,Echolocation,/mnt/ubna_data_02_mir/recover-20220922/UBNA_001/20220921_090000.WAV,Telephone Field,recover-20220922,001,1795
294.0755,294.1148,68437,82012,Rhinolophus ferrumequinum,0.027,0.027,-1,Echolocation,/mnt/ubna_data_02_mir/recover-20220922/UBNA_001/20220921_090000.WAV,Telephone Field,recover-20220922,001,1795
294.1135,294.1195,37500,48890,Myotis daubentonii,0.008,0.022,-1,Echolocation,/mnt/ubna_data_02_mir/recover-20220922/UBNA_001/20220921_090000.WAV,Telephone Field,recover-20220922,001,1795
294.1345,294.1739,68437,82412,Rhinolophus ferrumequinum,0.022,0.022,-1,Echolocation,/mnt/ubna_data_02_mir/recover-20220922/UBNA_001/20220921_090000.WAV,Telephone Field,recover-20220922,001,1795
294.1625,294.1706,28046,36857,Eptesicus serotinus,0.009,0.024,-1,Echolocation,/mnt/ubna_data_02_mir/recover-20220922/UBNA_001/20220921_090000.WAV,Telephone Field,recover-20220922,001,1795
294.1835,294.2257,68437,82887,Rhinolophus ferrumequinum,0.031,0.031,-1,Echolocation,/mnt/ubna_data_02_mir/recover-20220922/UBNA_001/20220921_090000.WAV,Telephone Field,recover-20220922,001,1795
294.2165,294.2539,68437,82141,Rhinolophus ferrumequinum,0.022,0.022,-1,Echolocation,/mnt/ubna_data_02_mir/recover-20220922/UBNA_001/20220921_090000.WAV,Telephone Field,recover-20220922,001,1795
294.2245,294.2633,68437,82540,Rhinolophus ferrumequinum,0.023,0.023,-1,Echolocation,/mnt/ubna_data_02_mir/recover-20220922/UBNA_001/20220921_090000.WAV,Telephone Field,recover-20220922,001,1795
294.2775,294.3201,68437,83052,Rhinolophus ferrumequinum,0.037,0.037,-1,Echolocation,/mnt/ubna_data_02_mir/recover-20220922/UBNA_001/20220921_090000.WAV,Telephone Field,recover-20220922,001,1795
294.2805,294.2875,23750,33152,Plecotus austriacus,0.008,0.022,-1,Echolocation,/mnt/ubna_data_02_mir/recover-20220922/UBNA_001/20220921_090000.WAV,Telephone Field,recover-20220922,001,1795
294.3085,294.3438,68437,81438,Rhinolophus ferrumequinum,0.023,0.023,-1,Echolocation,/mnt/ubna_data_02_mir/recover-20220922/UBNA_001/20220921_090000.WAV,Telephone Field,recover-20220922,001,1795
294.3125,294.3224,26328,35230,Eptesicus serotinus,0.009,0.022,-1,Echolocation,/mnt/ubna_data_02_mir/recover-20220922/UBNA_001/20220921_090000.WAV,Telephone Field,recover-20220922,001,1795
294.3355,294.3667,68437,80471,Rhinolophus ferrumequinum,0.022,0.022,-1,Echolocation,/mnt/ubna_data_02_mir/recover-20220922/UBNA_001/20220921_090000.WAV,Telephone Field,recover-20220922,001,1795
294.3445,294.3806,68437,81089,Rhinolophus ferrumequinum,0.022,0.022,-1,Echolocation,/mnt/ubna_data_02_mir/recover-20220922/UBNA_001/20220921_090000.WAV,Telephone Field,recover-20220922,001,1795
294.3705,294.4088,68437,81904,Rhinolophus ferrumequinum,0.022,0.022,-1,Echolocation,/mnt/ubna_data_02_mir/recover-20220922/UBNA_001/20220921_090000.WAV,Telephone Field,recover-20220922,001,1795
294.4105,294.4494,68437,82207,Rhinolophus ferrumequinum,0.028,0.028,-1,Echolocation,/mnt/ubna_data_02_mir/recover-20220922/UBNA_001/20220921_090000.WAV,Telephone Field,recover-20220922,001,1795
294.4255,294.4644,68437,82324,Rhinolophus ferrumequinum,0.022,0.022,-1,Echolocation,/mnt/ubna_data_02_mir/recover-20220922/UBNA_001/20220921_090000.WAV,Telephone Field,recover-20220922,001,1795
294.4645,294.5024,68437,81690,Rhinolophus ferrumequinum,0.021,0.021,-1,Echolocation,/mnt/ubna_data_02_mir/recover-20220922/UBNA_001/20220921_090000.WAV,Telephone Field,recover-20220922,001,1795
294.4715,294.513,68437,83118,Rhinolophus ferrumequinum,0.026,0.026,-1,Echolocation,/mnt/ubna_data_02_mir/recover-20220922/UBNA_001/20220921_090000.WAV,Telephone Field,recover-20220922,001,1795
294.47950000000003,294.4874,28046,39492,Eptesicus serotinus,0.007,0.022,-1,Echolocation,/mnt/ubna_data_02_mir/recover-20220922/UBNA_001/20220921_090000.WAV,Telephone Field,recover-20220922,001,1795
294.5125,294.5206,28046,37871,Eptesicus serotinus,0.007,0.022,-1,Echolocation,/mnt/ubna_data_02_mir/recover-20220922/UBNA_001/20220921_090000.WAV,Telephone Field,recover-20220922,001,1795
294.5465,294.5564,57265,63027,Pipistrellus pygmaeus,0.021,0.021,-1,Echolocation,/mnt/ubna_data_02_mir/recover-20220922/UBNA_001/20220921_090000.WAV,Telephone Field,recover-20220922,001,1795
294.5525,294.5621,25468,32535,Eptesicus serotinus,0.009,0.024,-1,Echolocation,/mnt/ubna_data_02_mir/recover-20220922/UBNA_001/20220921_090000.WAV,Telephone Field,recover-20220922,001,1795
294.5555,294.5912,68437,81793,Rhinolophus ferrumequinum,0.026,0.026,-1,Echolocation,/mnt/ubna_data_02_mir/recover-20220922/UBNA_001/20220921_090000.WAV,Telephone Field,recover-20220922,001,1795
294.5665,294.6067,68437,82408,Rhinolophus ferrumequinum,0.026,0.026,-1,Echolocation,/mnt/ubna_data_02_mir/recover-20220922/UBNA_001/20220921_090000.WAV,Telephone Field,recover-20220922,001,1795
294.6005,294.6338,68437,80686,Rhinolophus ferrumequinum,0.022,0.022,-1,Echolocation,/mnt/ubna_data_02_mir/recover-20220922/UBNA_001/20220921_090000.WAV,Telephone Field,recover-20220922,001,1795
294.6055,294.639,68437,81477,Rhinolophus ferrumequinum,0.022,0.022,-1,Echolocation,/mnt/ubna_data_02_mir/recover-20220922/UBNA_001/20220921_090000.WAV,Telephone Field,recover-20220922,001,1795
294.6255,294.6339,27187,40555,Eptesicus serotinus,0.008,0.022,-1,Echolocation,/mnt/ubna_data_02_mir/recover-20220922/UBNA_001/20220921_090000.WAV,Telephone Field,recover-20220922,001,1795
294.6435,294.6803,68437,82130,Rhinolophus ferrumequinum,0.022,0.022,-1,Echolocation,/mnt/ubna_data_02_mir/recover-20220922/UBNA_001/20220921_090000.WAV,Telephone Field,recover-20220922,001,1795
294.6515,294.6622,28046,34491,Eptesicus serotinus,0.017,0.032,-1,Echolocation,/mnt/ubna_data_02_mir/recover-20220922/UBNA_001/20220921_090000.WAV,Telephone Field,recover-20220922,001,1795
294.6555,294.6939,68437,82325,Rhinolophus ferrumequinum,0.021,0.021,-1,Echolocation,/mnt/ubna_data_02_mir/recover-20220922/UBNA_001/20220921_090000.WAV,Telephone Field,recover-20220922,001,1795
294.6725,294.7112,68437,81870,Rhinolophus ferrumequinum,0.023,0.023,-1,Echolocation,/mnt/ubna_data_02_mir/recover-20220922/UBNA_001/20220921_090000.WAV,Telephone Field,recover-20220922,001,1795
294.6825,294.7223,68437,82436,Rhinolophus ferrumequinum,0.021,0.021,-1,Echolocation,/mnt/ubna_data_02_mir/recover-20220922/UBNA_001/20220921_090000.WAV,Telephone Field,recover-20220922,001,1795
294.7035,294.7472,68437,83473,Rhinolophus ferrumequinum,0.045,0.045,-1,Echolocation,/mnt/ubna_data_02_mir/recover-20220922/UBNA_001/20220921_090000.WAV,Telephone Field,recover-20220922,001,1795
294.7385,294.7482,28906,35865,Eptesicus serotinus,0.013,0.027,-1,Echolocation,/mnt/ubna_data_02_mir/recover-20220922/UBNA_001/20220921_090000.WAV,Telephone Field,recover-20220922,001,1795
294.7485,294.7891,68437,82659,Rhinolophus ferrumequinum,0.024,0.024,-1,Echolocation,/mnt/ubna_data_02_mir/recover-20220922/UBNA_001/20220921_090000.WAV,Telephone Field,recover-20220922,001,1795
294.7775,294.8145,68437,81269,Rhinolophus ferrumequinum,0.023,0.023,-1,Echolocation,/mnt/ubna_data_02_mir/recover-20220922/UBNA_001/20220921_090000.WAV,Telephone Field,recover-20220922,001,1795
294.8055,294.8455,68437,82682,Rhinolophus ferrumequinum,0.037,0.037,-1,Echolocation,/mnt/ubna_data_02_mir/recover-20220922/UBNA_001/20220921_090000.WAV,Telephone Field,recover-20220922,001,1795
294.8255,294.8332,26328,35510,Eptesicus serotinus,0.007,0.022,-1,Echolocation,/mnt/ubna_data_02_mir/recover-20220922/UBNA_001/20220921_090000.WAV,Telephone Field,recover-20220922,001,1795
294.8295,294.8685,68437,81477,Rhinolophus ferrumequinum,0.023,0.023,-1,Echolocation,/mnt/ubna_data_02_mir/recover-20220922/UBNA_001/20220921_090000.WAV,Telephone Field,recover-20220922,001,1795
294.85450000000003,294.8913,68437,81268,Rhinolophus ferrumequinum,0.022,0.022,-1,Echolocation,/mnt/ubna_data_02_mir/recover-20220922/UBNA_001/20220921_090000.WAV,Telephone Field,recover-20220922,001,1795
294.8675,294.909,68437,82287,Rhinolophus ferrumequinum,0.021,0.021,-1,Echolocation,/mnt/ubna_data_02_mir/recover-20220922/UBNA_001/20220921_090000.WAV,Telephone Field,recover-20220922,001,1795
294.8755,294.8858,52109,56323,Pipistrellus pygmaeus,0.013,0.025,-1,Echolocation,/mnt/ubna_data_02_mir/recover-20220922/UBNA_001/20220921_090000.WAV,Telephone Field,recover-20220922,001,1795
294.9185,294.9577,68437,82627,Rhinolophus ferrumequinum,0.024,0.024,-1,Echolocation,/mnt/ubna_data_02_mir/recover-20220922/UBNA_001/20220921_090000.WAV,Telephone Field,recover-20220922,001,1795
294.9255,294.9622,68437,81710,Rhinolophus ferrumequinum,0.021,0.021,-1,Echolocation,/mnt/ubna_data_02_mir/recover-20220922/UBNA_001/20220921_090000.WAV,Telephone Field,recover-20220922,001,1795
294.9335,294.9721,68437,81590,Rhinolophus ferrumequinum,0.022,0.022,-1,Echolocation,/mnt/ubna_data_02_mir/recover-20220922/UBNA_001/20220921_090000.WAV,Telephone Field,recover-20220922,001,1795
294.9705,295.008,68437,81951,Rhinolophus ferrumequinum,0.028,0.028,-1,Echolocation,/mnt/ubna_data_02_mir/recover-20220922/UBNA_001/20220921_090000.WAV,Telephone Field,recover-20220922,001,1795
294.9815,294.99,29765,38220,Eptesicus serotinus,0.008,0.026,-1,Echolocation,/mnt/ubna_data_02_mir/recover-20220922/UBNA_001/20220921_090000.WAV,Telephone Field,recover-20220922,001,1795
295.0375,295.0744,68437,81759,Rhinolophus ferrumequinum,0.022,0.022,-1,Echolocation,/mnt/ubna_data_02_mir/recover-20220922/UBNA_001/20220921_090000.WAV,Telephone Field,recover-20220922,001,1795
295.0525,295.0633,22890,27338,Nyctalus leisleri,0.014,0.026,-1,Echolocation,/mnt/ubna_data_02_mir/recover-20220922/UBNA_001/20220921_090000.WAV,Telephone Field,recover-20220922,001,1795
295.0945,295.1327,68437,82170,Rhinolophus ferrumequinum,0.021,0.021,-1,Echolocation,/mnt/ubna_data_02_mir/recover-20220922/UBNA_001/20220921_090000.WAV,Telephone Field,recover-20220922,001,1795
295.1035,295.14300000000003,68437,82158,Rhinolophus ferrumequinum,0.026,0.026,-1,Echolocation,/mnt/ubna_data_02_mir/recover-20220922/UBNA_001/20220921_090000.WAV,Telephone Field,recover-20220922,001,1795
295.1245,295.1635,68437,81984,Rhinolophus ferrumequinum,0.023,0.023,-1,Echolocation,/mnt/ubna_data_02_mir/recover-20220922/UBNA_001/20220921_090000.WAV,Telephone Field,recover-20220922,001,1795
295.1615,295.182,65000,72636,Pipistrellus pygmaeus,0.034,0.036,-1,Echolocation,/mnt/ubna_data_02_mir/recover-20220922/UBNA_001/20220921_090000.WAV,Telephone Field,recover-20220922,001,1795
295.1645,295.1756,22890,28016,Nyctalus leisleri,0.012,0.023,-1,Echolocation,/mnt/ubna_data_02_mir/recover-20220922/UBNA_001/20220921_090000.WAV,Telephone Field,recover-20220922,001,1795
295.1875,295.2285,68437,82765,Rhinolophus ferrumequinum,0.022,0.022,-1,Echolocation,/mnt/ubna_data_02_mir/recover-20220922/UBNA_001/20220921_090000.WAV,Telephone Field,recover-20220922,001,1795
295.2005,295.2085,27187,39205,Eptesicus serotinus,0.007,0.022,-1,Echolocation,/mnt/ubna_data_02_mir/recover-20220922/UBNA_001/20220921_090000.WAV,Telephone Field,recover-20220922,001,1795
295.2175,295.2545,68437,81249,Rhinolophus ferrumequinum,0.022,0.022,-1,Echolocation,/mnt/ubna_data_02_mir/recover-20220922/UBNA_001/20220921_090000.WAV,Telephone Field,recover-20220922,001,1795
295.2645,295.3048,68437,82158,Rhinolophus ferrumequinum,0.026,0.026,-1,Echolocation,/mnt/ubna_data_02_mir/recover-20220922/UBNA_001/20220921_090000.WAV,Telephone Field,recover-20220922,001,1795
295.2785,295.2897,28906,35923,Eptesicus serotinus,0.011,0.025,-1,Echolocation,/mnt/ubna_data_02_mir/recover-20220922/UBNA_001/20220921_090000.WAV,Telephone Field,recover-20220922,001,1795
295.2925,295.3299,68437,82150,Rhinolophus ferrumequinum,0.023,0.023,-1,Echolocation,/mnt/ubna_data_02_mir/recover-20220922/UBNA_001/20220921_090000.WAV,Telephone Field,recover-20220922,001,1795
295.2995,295.3358,68437,81162,Rhinolophus ferrumequinum,0.021,0.021,-1,Echolocation,/mnt/ubna_data_02_mir/recover-20220922/UBNA_001/20220921_090000.WAV,Telephone Field,recover-20220922,001,1795
295.3195,295.3581,68437,82686,Rhinolophus ferrumequinum,0.024,0.024,-1,Echolocation,/mnt/ubna_data_02_mir/recover-20220922/UBNA_001/20220921_090000.WAV,Telephone Field,recover-20220922,001,1795
295.3715,295.4096,68437,82326,Rhinolophus ferrumequinum,0.021,0.021,-1,Echolocation,/mnt/ubna_data_02_mir/recover-20220922/UBNA_001/20220921_090000.WAV,Telephone Field,recover-20220922,001,1795
295.3905,295.4048,22890,27563,Nyctalus leisleri,0.024,0.043,-1,Echolocation,/mnt/ubna_data_02_mir/recover-20220922/UBNA_001/20220921_090000.WAV,Telephone Field,recover-20220922,001,1795
295.3925,295.4309,68437,82902,Rhinolophus ferrumequinum,0.027,0.027,-1,Echolocation,/mnt/ubna_data_02_mir/recover-20220922/UBNA_001/20220921_090000.WAV,Telephone Field,recover-20220922,001,1795
295.4315,295.4736,68437,82813,Rhinolophus ferrumequinum,0.03,0.03,-1,Echolocation,/mnt/ubna_data_02_mir/recover-20220922/UBNA_001/20220921_090000.WAV,Telephone Field,recover-20220922,001,1795
295.4725,295.51,68437,82057,Rhinolophus ferrumequinum,0.022,0.022,-1,Echolocation,/mnt/ubna_data_02_mir/recover-20220922/UBNA_001/20220921_090000.WAV,Telephone Field,recover-20220922,001,1795
295.4805,295.5186,68437,82337,Rhinolophus ferrumequinum,0.023,0.023,-1,Echolocation,/mnt/ubna_data_02_mir/recover-20220922/UBNA_001/20220921_090000.WAV,Telephone Field,recover-20220922,001,1795
295.5125,295.551,68437,82065,Rhinolophus ferrumequinum,0.021,0.022,-1,Echolocation,/mnt/ubna_data_02_mir/recover-20220922/UBNA_001/20220921_090000.WAV,Telephone Field,recover-20220922,001,1795
295.5215,295.5609,68437,82470,Rhinolophus ferrumequinum,0.022,0.022,-1,Echolocation,/mnt/ubna_data_02_mir/recover-20220922/UBNA_001/20220921_090000.WAV,Telephone Field,recover-20220922,001,1795
295.5565,295.567,24609,30892,Eptesicus serotinus,0.008,0.023,-1,Echolocation,/mnt/ubna_data_02_mir/recover-20220922/UBNA_001/20220921_090000.WAV,Telephone Field,recover-20220922,001,1795
295.5925,295.5997,24609,33336,Plecotus austriacus,0.01,0.025,-1,Echolocation,/mnt/ubna_data_02_mir/recover-20220922/UBNA_001/20220921_090000.WAV,Telephone Field,recover-20220922,001,1795
295.5985,295.6384,68437,82668,Rhinolophus ferrumequinum,0.023,0.023,-1,Echolocation,/mnt/ubna_data_02_mir/recover-20220922/UBNA_001/20220921_090000.WAV,Telephone Field,recover-20220922,001,1795
295.6155,295.655,68437,82373,Rhinolophus ferrumequinum,0.022,0.022,-1,Echolocation,/mnt/ubna_data_02_mir/recover-20220922/UBNA_001/20220921_090000.WAV,Telephone Field,recover-20220922,001,1795
295.6245,295.6643,68437,82328,Rhinolophus ferrumequinum,0.023,0.023,-1,Echolocation,/mnt/ubna_data_02_mir/recover-20220922/UBNA_001/20220921_090000.WAV,Telephone Field,recover-20220922,001,1795
295.6285,295.6383,26328,34679,Eptesicus serotinus,0.01,0.023,-1,Echolocation,/mnt/ubna_data_02_mir/recover-20220922/UBNA_001/20220921_090000.WAV,Telephone Field,recover-20220922,001,1795
295.6585,295.7001,68437,82896,Rhinolophus ferrumequinum,0.022,0.022,-1,Echolocation,/mnt/ubna_data_02_mir/recover-20220922/UBNA_001/20220921_090000.WAV,Telephone Field,recover-20220922,001,1795
295.6675,295.6765,28046,37384,Eptesicus serotinus,0.008,0.022,-1,Echolocation,/mnt/ubna_data_02_mir/recover-20220922/UBNA_001/20220921_090000.WAV,Telephone Field,recover-20220922,001,1795
295.6865,295.7238,68437,81976,Rhinolophus ferrumequinum,0.021,0.021,-1,Echolocation,/mnt/ubna_data_02_mir/recover-20220922/UBNA_001/20220921_090000.WAV,Telephone Field,recover-20220922,001,1795
295.6925,295.703,22031,26673,Nyctalus leisleri,0.011,0.022,-1,Echolocation,/mnt/ubna_data_02_mir/recover-20220922/UBNA_001/20220921_090000.WAV,Telephone Field,recover-20220922,001,1795
295.7025,295.7412,68437,82190,Rhinolophus ferrumequinum,0.022,0.022,-1,Echolocation,/mnt/ubna_data_02_mir/recover-20220922/UBNA_001/20220921_090000.WAV,Telephone Field,recover-20220922,001,1795
295.7235,295.7599,68437,82235,Rhinolophus ferrumequinum,0.022,0.022,-1,Echolocation,/mnt/ubna_data_02_mir/recover-20220922/UBNA_001/20220921_090000.WAV,Telephone Field,recover-20220922,001,1795
295.7425,295.7542,28906,35421,Eptesicus serotinus,0.012,0.024,-1,Echolocation,/mnt/ubna_data_02_mir/recover-20220922/UBNA_001/20220921_090000.WAV,Telephone Field,recover-20220922,001,1795
295.7685,295.8091,68437,82571,Rhinolophus ferrumequinum,0.026,0.026,-1,Echolocation,/mnt/ubna_data_02_mir/recover-20220922/UBNA_001/20220921_090000.WAV,Telephone Field,recover-20220922,001,1795
295.7915,295.8306,68437,82298,Rhinolophus ferrumequinum,0.026,0.026,-1,Echolocation,/mnt/ubna_data_02_mir/recover-20220922/UBNA_001/20220921_090000.WAV,Telephone Field,recover-20220922,001,1795
295.8095,295.8502,68437,82877,Rhinolophus ferrumequinum,0.025,0.025,-1,Echolocation,/mnt/ubna_data_02_mir/recover-20220922/UBNA_001/20220921_090000.WAV,Telephone Field,recover-20220922,001,1795
295.8185,295.8584,68437,82321,Rhinolophus ferrumequinum,0.024,0.024,-1,Echolocation,/mnt/ubna_data_02_mir/recover-20220922/UBNA_001/20220921_090000.WAV,Telephone Field,recover-20220922,001,1795
295.91949999999997,295.9278,28046,39921,Eptesicus serotinus,0.008,0.023,-1,Echolocation,/mnt/ubna_data_02_mir/recover-20220922/UBNA_001/20220921_090000.WAV,Telephone Field,recover-20220922,001,1795
295.9445,295.9867,68437,82584,Rhinolophus ferrumequinum,0.022,0.022,-1,Echolocation,/mnt/ubna_data_02_mir/recover-20220922/UBNA_001/20220921_090000.WAV,Telephone Field,recover-20220922,001,1795
295.9855,295.9943,28046,40933,Eptesicus serotinus,0.009,0.023,-1,Echolocation,/mnt/ubna_data_02_mir/recover-20220922/UBNA_001/20220921_090000.WAV,Telephone Field,recover-20220922,001,1795
295.9855,295.9941,37500,43382,Pipistrellus nathusii,0.008,0.022,-1,Echolocation,/mnt/ubna_data_02_mir/recover-20220922/UBNA_001/20220921_090000.WAV,Telephone Field,recover-20220922,001,1795
296.0015,296.0107,26328,33327,Nyctalus leisleri,0.009,0.026,-1,Echolocation,/mnt/ubna_data_02_mir/recover-20220922/UBNA_001/20220921_090000.WAV,Telephone Field,recover-20220922,001,1795
296.0015,296.033,68437,79567,Rhinolophus ferrumequinum,0.022,0.022,-1,Echolocation,/mnt/ubna_data_02_mir/recover-20220922/UBNA_001/20220921_090000.WAV,Telephone Field,recover-20220922,001,1795
296.0125,296.0543,68437,83091,Rhinolophus ferrumequinum,0.023,0.023,-1,Echolocation,/mnt/ubna_data_02_mir/recover-20220922/UBNA_001/20220921_090000.WAV,Telephone Field,recover-20220922,001,1795
296.0165,296.024,28906,40097,Eptesicus serotinus,0.008,0.024,-1,Echolocation,/mnt/ubna_data_02_mir/recover-20220922/UBNA_001/20220921_090000.WAV,Telephone Field,recover-20220922,001,1795
296.0235,296.06,68437,81442,Rhinolophus ferrumequinum,0.021,0.021,-1,Echolocation,/mnt/ubna_data_02_mir/recover-20220922/UBNA_001/20220921_090000.WAV,Telephone Field,recover-20220922,001,1795
296.0515,296.0912,68437,82468,Rhinolophus ferrumequinum,0.021,0.021,-1,Echolocation,/mnt/ubna_data_02_mir/recover-20220922/UBNA_001/20220921_090000.WAV,Telephone Field,recover-20220922,001,1795
296.0745,296.0876,25468,30764,Nyctalus leisleri,0.012,0.029,-1,Echolocation,/mnt/ubna_data_02_mir/recover-20220922/UBNA_001/20220921_090000.WAV,Telephone Field,recover-20220922,001,1795
296.1035,296.1114,28906,38963,Eptesicus serotinus,0.009,0.024,-1,Echolocation,/mnt/ubna_data_02_mir/recover-20220922/UBNA_001/20220921_090000.WAV,Telephone Field,recover-20220922,001,1795
296.1055,296.1129,23750,32198,Plecotus austriacus,0.011,0.024,-1,Echolocation,/mnt/ubna_data_02_mir/recover-20220922/UBNA_001/20220921_090000.WAV,Telephone Field,recover-20220922,001,1795
296.1255,296.1629,68437,82638,Rhinolophus ferrumequinum,0.021,0.022,-1,Echolocation,/mnt/ubna_data_02_mir/recover-20220922/UBNA_001/20220921_090000.WAV,Telephone Field,recover-20220922,001,1795
296.1645,296.1722,29765,40240,Eptesicus serotinus,0.006,0.022,-1,Echolocation,/mnt/ubna_data_02_mir/recover-20220922/UBNA_001/20220921_090000.WAV,Telephone Field,recover-20220922,001,1795
296.1705,296.18240000000003,36640,40749,Pipistrellus nathusii,0.007,0.028,-1,Echolocation,/mnt/ubna_data_02_mir/recover-20220922/UBNA_001/20220921_090000.WAV,Telephone Field,recover-20220922,001,1795
296.1845,296.2213,68437,81961,Rhinolophus ferrumequinum,0.022,0.022,-1,Echolocation,/mnt/ubna_data_02_mir/recover-20220922/UBNA_001/20220921_090000.WAV,Telephone Field,recover-20220922,001,1795
296.1895,296.198,28906,41015,Eptesicus serotinus,0.008,0.024,-1,Echolocation,/mnt/ubna_data_02_mir/recover-20220922/UBNA_001/20220921_090000.WAV,Telephone Field,recover-20220922,001,1795
296.2865,296.2955,28906,37202,Eptesicus serotinus,0.007,0.021,-1,Echolocation,/mnt/ubna_data_02_mir/recover-20220922/UBNA_001/20220921_090000.WAV,Telephone Field,recover-20220922,001,1795
296.2935,296.3303,68437,81615,Rhinolophus ferrumequinum,0.021,0.022,-1,Echolocation,/mnt/ubna_data_02_mir/recover-20220922/UBNA_001/20220921_090000.WAV,Telephone Field,recover-20220922,001,1795
296.3345,296.374,68437,81796,Rhinolophus ferrumequinum,0.02,0.021,-1,Echolocation,/mnt/ubna_data_02_mir/recover-20220922/UBNA_001/20220921_090000.WAV,Telephone Field,recover-20220922,001,1795
296.3405,296.3782,68437,81564,Rhinolophus ferrumequinum,0.021,0.021,-1,Echolocation,/mnt/ubna_data_02_mir/recover-20220922/UBNA_001/20220921_090000.WAV,Telephone Field,recover-20220922,001,1795
296.3425,296.3664,17734,20304,Nyctalus noctula,0.028,0.045,-1,Echolocation,/mnt/ubna_data_02_mir/recover-20220922/UBNA_001/20220921_090000.WAV,Telephone Field,recover-20220922,001,1795
296.4255,296.4643,68437,82194,Rhinolophus ferrumequinum,0.022,0.022,-1,Echolocation,/mnt/ubna_data_02_mir/recover-20220922/UBNA_001/20220921_090000.WAV,Telephone Field,recover-20220922,001,1795
296.4345,296.4434,29765,36756,Eptesicus serotinus,0.008,0.021,-1,Echolocation,/mnt/ubna_data_02_mir/recover-20220922/UBNA_001/20220921_090000.WAV,Telephone Field,recover-20220922,001,1795
296.4625,296.5016,68437,81528,Rhinolophus ferrumequinum,0.021,0.021,-1,Echolocation,/mnt/ubna_data_02_mir/recover-20220922/UBNA_001/20220921_090000.WAV,Telephone Field,recover-20220922,001,1795
296.4675,296.4768,28906,37101,Eptesicus serotinus,0.01,0.023,-1,Echolocation,/mnt/ubna_data_02_mir/recover-20220922/UBNA_001/20220921_090000.WAV,Telephone Field,recover-20220922,001,1795
296.4855,296.5283,68437,83506,Rhinolophus ferrumequinum,0.036,0.036,-1,Echolocation,/mnt/ubna_data_02_mir/recover-20220922/UBNA_001/20220921_090000.WAV,Telephone Field,recover-20220922,001,1795
296.5195,296.5252,25468,40376,Plecotus austriacus,0.016,0.041,-1,Echolocation,/mnt/ubna_data_02_mir/recover-20220922/UBNA_001/20220921_090000.WAV,Telephone Field,recover-20220922,001,1795
296.5265,296.5637,68437,81783,Rhinolophus ferrumequinum,0.021,0.021,-1,Echolocation,/mnt/ubna_data_02_mir/recover-20220922/UBNA_001/20220921_090000.WAV,Telephone Field,recover-20220922,001,1795
296.5285,296.539,22890,27081,Nyctalus leisleri,0.013,0.023,-1,Echolocation,/mnt/ubna_data_02_mir/recover-20220922/UBNA_001/20220921_090000.WAV,Telephone Field,recover-20220922,001,1795
296.5355,296.5719,68437,81606,Rhinolophus ferrumequinum,0.021,0.021,-1,Echolocation,/mnt/ubna_data_02_mir/recover-20220922/UBNA_001/20220921_090000.WAV,Telephone Field,recover-20220922,001,1795
296.6095,296.646,68437,81329,Rhinolophus ferrumequinum,0.022,0.022,-1,Echolocation,/mnt/ubna_data_02_mir/recover-20220922/UBNA_001/20220921_090000.WAV,Telephone Field,recover-20220922,001,1795
296.6305,296.6693,68437,82248,Rhinolophus ferrumequinum,0.024,0.024,-1,Echolocation,/mnt/ubna_data_02_mir/recover-20220922/UBNA_001/20220921_090000.WAV,Telephone Field,recover-20220922,001,1795
296.6495,296.687,68437,81956,Rhinolophus ferrumequinum,0.021,0.022,-1,Echolocation,/mnt/ubna_data_02_mir/recover-20220922/UBNA_001/20220921_090000.WAV,Telephone Field,recover-20220922,001,1795
296.6585,296.6659,29765,38691,Eptesicus serotinus,0.007,0.022,-1,Echolocation,/mnt/ubna_data_02_mir/recover-20220922/UBNA_001/20220921_090000.WAV,Telephone Field,recover-20220922,001,1795
296.7185,296.7589,68437,82583,Rhinolophus ferrumequinum,0.023,0.023,-1,Echolocation,/mnt/ubna_data_02_mir/recover-20220922/UBNA_001/20220921_090000.WAV,Telephone Field,recover-20220922,001,1795
296.7815,296.8243,68437,82746,Rhinolophus ferrumequinum,0.029,0.029,-1,Echolocation,/mnt/ubna_data_02_mir/recover-20220922/UBNA_001/20220921_090000.WAV,Telephone Field,recover-20220922,001,1795
296.7815,296.7916,26328,35340,Eptesicus serotinus,0.011,0.024,-1,Echolocation,/mnt/ubna_data_02_mir/recover-20220922/UBNA_001/20220921_090000.WAV,Telephone Field,recover-20220922,001,1795
296.7995,296.8372,68437,81647,Rhinolophus ferrumequinum,0.022,0.022,-1,Echolocation,/mnt/ubna_data_02_mir/recover-20220922/UBNA_001/20220921_090000.WAV,Telephone Field,recover-20220922,001,1795
296.8055,296.8431,68437,82150,Rhinolophus ferrumequinum,0.025,0.025,-1,Echolocation,/mnt/ubna_data_02_mir/recover-20220922/UBNA_001/20220921_090000.WAV,Telephone Field,recover-20220922,001,1795
296.8255,296.8633,68437,82273,Rhinolophus ferrumequinum,0.021,0.021,-1,Echolocation,/mnt/ubna_data_02_mir/recover-20220922/UBNA_001/20220921_090000.WAV,Telephone Field,recover-20220922,001,1795
296.8685,296.9048,68437,81880,Rhinolophus ferrumequinum,0.024,0.024,-1,Echolocation,/mnt/ubna_data_02_mir/recover-20220922/UBNA_001/20220921_090000.WAV,Telephone Field,recover-20220922,001,1795
296.8725,296.8795,23750,32523,Plecotus austriacus,0.012,0.025,-1,Echolocation,/mnt/ubna_data_02_mir/recover-20220922/UBNA_001/20220921_090000.WAV,Telephone Field,recover-20220922,001,1795
296.9185,296.9275,28046,38045,Eptesicus serotinus,0.014,0.027,-1,Echolocation,/mnt/ubna_data_02_mir/recover-20220922/UBNA_001/20220921_090000.WAV,Telephone Field,recover-20220922,001,1795
296.9715,296.9821,28906,36452,Eptesicus serotinus,0.009,0.021,-1,Echolocation,/mnt/ubna_data_02_mir/recover-20220922/UBNA_001/20220921_090000.WAV,Telephone Field,recover-20220922,001,1795
296.9965,297.0316,68437,80986,Rhinolophus ferrumequinum,0.021,0.021,-1,Echolocation,/mnt/ubna_data_02_mir/recover-20220922/UBNA_001/20220921_090000.WAV,Telephone Field,recover-20220922,001,1795
297.0595,297.0699,29765,37142,Eptesicus serotinus,0.013,0.025,-1,Echolocation,/mnt/ubna_data_02_mir/recover-20220922/UBNA_001/20220921_090000.WAV,Telephone Field,recover-20220922,001,1795
297.0985,297.1355,68437,81782,Rhinolophus ferrumequinum,0.023,0.023,-1,Echolocation,/mnt/ubna_data_02_mir/recover-20220922/UBNA_001/20220921_090000.WAV,Telephone Field,recover-20220922,001,1795
297.1035,297.1134,29765,37438,Eptesicus serotinus,0.01,0.022,-1,Echolocation,/mnt/ubna_data_02_mir/recover-20220922/UBNA_001/20220921_090000.WAV,Telephone Field,recover-20220922,001,1795
297.1295,297.1373,23750,31599,Plecotus austriacus,0.015,0.032,-1,Echolocation,/mnt/ubna_data_02_mir/recover-20220922/UBNA_001/20220921_090000.WAV,Telephone Field,recover-20220922,001,1795
297.1355,297.1717,68437,81533,Rhinolophus ferrumequinum,0.023,0.023,-1,Echolocation,/mnt/ubna_data_02_mir/recover-20220922/UBNA_001/20220921_090000.WAV,Telephone Field,recover-20220922,001,1795
297.1765,297.2162,68437,82006,Rhinolophus ferrumequinum,0.027,0.027,-1,Echolocation,/mnt/ubna_data_02_mir/recover-20220922/UBNA_001/20220921_090000.WAV,Telephone Field,recover-20220922,001,1795
297.1835,297.1956,28906,36004,Eptesicus serotinus,0.02,0.034,-1,Echolocation,/mnt/ubna_data_02_mir/recover-20220922/UBNA_001/20220921_090000.WAV,Telephone Field,recover-20220922,001,1795
297.1985,297.2386,68437,83057,Rhinolophus ferrumequinum,0.023,0.023,-1,Echolocation,/mnt/ubna_data_02_mir/recover-20220922/UBNA_001/20220921_090000.WAV,Telephone Field,recover-20220922,001,1795
297.20550000000003,297.2447,68437,82218,Rhinolophus ferrumequinum,0.022,0.022,-1,Echolocation,/mnt/ubna_data_02_mir/recover-20220922/UBNA_001/20220921_090000.WAV,Telephone Field,recover-20220922,001,1795
297.2315,297.2691,68437,81758,Rhinolophus ferrumequinum,0.021,0.022,-1,Echolocation,/mnt/ubna_data_02_mir/recover-20220922/UBNA_001/20220921_090000.WAV,Telephone Field,recover-20220922,001,1795
297.2605,297.2693,28906,36816,Eptesicus serotinus,0.011,0.025,-1,Echolocation,/mnt/ubna_data_02_mir/recover-20220922/UBNA_001/20220921_090000.WAV,Telephone Field,recover-20220922,001,1795
297.2995,297.3095,13437,20383,Nyctalus noctula,0.03,0.066,-1,Echolocation,/mnt/ubna_data_02_mir/recover-20220922/UBNA_001/20220921_090000.WAV,Telephone Field,recover-20220922,001,1795
297.3235,297.361,68437,82417,Rhinolophus ferrumequinum,0.022,0.022,-1,Echolocation,/mnt/ubna_data_02_mir/recover-20220922/UBNA_001/20220921_090000.WAV,Telephone Field,recover-20220922,001,1795
297.3515,297.3899,68437,80777,Rhinolophus ferrumequinum,0.032,0.032,-1,Echolocation,/mnt/ubna_data_02_mir/recover-20220922/UBNA_001/20220921_090000.WAV,Telephone Field,recover-20220922,001,1795
297.3595,297.373,40937,45441,Pipistrellus nathusii,0.014,0.028,-1,Echolocation,/mnt/ubna_data_02_mir/recover-20220922/UBNA_001/20220921_090000.WAV,Telephone Field,recover-20220922,001,1795
297.3865,297.4279,68437,82797,Rhinolophus ferrumequinum,0.026,0.026,-1,Echolocation,/mnt/ubna_data_02_mir/recover-20220922/UBNA_001/20220921_090000.WAV,Telephone Field,recover-20220922,001,1795
297.3945,297.4347,68437,82620,Rhinolophus ferrumequinum,0.021,0.022,-1,Echolocation,/mnt/ubna_data_02_mir/recover-20220922/UBNA_001/20220921_090000.WAV,Telephone Field,recover-20220922,001,1795
297.4165,297.4266,28046,35168,Eptesicus serotinus,0.015,0.028,-1,Echolocation,/mnt/ubna_data_02_mir/recover-20220922/UBNA_001/20220921_090000.WAV,Telephone Field,recover-20220922,001,1795
297.4335,297.471,68437,81315,Rhinolophus ferrumequinum,0.021,0.021,-1,Echolocation,/mnt/ubna_data_02_mir/recover-20220922/UBNA_001/20220921_090000.WAV,Telephone Field,recover-20220922,001,1795
297.4345,297.4423,25468,34736,Eptesicus serotinus,0.006,0.022,-1,Echolocation,/mnt/ubna_data_02_mir/recover-20220922/UBNA_001/20220921_090000.WAV,Telephone Field,recover-20220922,001,1795
297.4355,297.4446,29765,38708,Eptesicus serotinus,0.009,0.023,-1,Echolocation,/mnt/ubna_data_02_mir/recover-20220922/UBNA_001/20220921_090000.WAV,Telephone Field,recover-20220922,001,1795
297.5005,297.5109,22031,26352,Nyctalus leisleri,0.011,0.022,-1,Echolocation,/mnt/ubna_data_02_mir/recover-20220922/UBNA_001/20220921_090000.WAV,Telephone Field,recover-20220922,001,1795
297.5405,297.5782,68437,81893,Rhinolophus ferrumequinum,0.022,0.022,-1,Echolocation,/mnt/ubna_data_02_mir/recover-20220922/UBNA_001/20220921_090000.WAV,Telephone Field,recover-20220922,001,1795
297.5855,297.5933,24609,33124,Plecotus austriacus,0.006,0.021,-1,Echolocation,/mnt/ubna_data_02_mir/recover-20220922/UBNA_001/20220921_090000.WAV,Telephone Field,recover-20220922,001,1795
297.6215,297.6615,68437,82349,Rhinolophus ferrumequinum,0.022,0.023,-1,Echolocation,/mnt/ubna_data_02_mir/recover-20220922/UBNA_001/20220921_090000.WAV,Telephone Field,recover-20220922,001,1795
297.6285,297.67,68437,82944,Rhinolophus ferrumequinum,0.023,0.023,-1,Echolocation,/mnt/ubna_data_02_mir/recover-20220922/UBNA_001/20220921_090000.WAV,Telephone Field,recover-20220922,001,1795
297.6305,297.6405,24609,30943,Nyctalus leisleri,0.009,0.028,-1,Echolocation,/mnt/ubna_data_02_mir/recover-20220922/UBNA_001/20220921_090000.WAV,Telephone Field,recover-20220922,001,1795
297.6345,297.6744,68437,82069,Rhinolophus ferrumequinum,0.023,0.023,-1,Echolocation,/mnt/ubna_data_02_mir/recover-20220922/UBNA_001/20220921_090000.WAV,Telephone Field,recover-20220922,001,1795
297.6465,297.6842,68437,80829,Rhinolophus ferrumequinum,0.029,0.029,-1,Echolocation,/mnt/ubna_data_02_mir/recover-20220922/UBNA_001/20220921_090000.WAV,Telephone Field,recover-20220922,001,1795
297.6805,297.7211,68437,82526,Rhinolophus ferrumequinum,0.025,0.025,-1,Echolocation,/mnt/ubna_data_02_mir/recover-20220922/UBNA_001/20220921_090000.WAV,Telephone Field,recover-20220922,001,1795
297.70550000000003,297.7446,68437,82405,Rhinolophus ferrumequinum,0.022,0.022,-1,Echolocation,/mnt/ubna_data_02_mir/recover-20220922/UBNA_001/20220921_090000.WAV,Telephone Field,recover-20220922,001,1795
297.7105,297.72180000000003,24609,30982,Nyctalus leisleri,0.011,0.026,-1,Echolocation,/mnt/ubna_data_02_mir/recover-20220922/UBNA_001/20220921_090000.WAV,Telephone Field,recover-20220922,001,1795
297.7165,297.72860000000003,22890,27315,Nyctalus leisleri,0.016,0.028,-1,Echolocation,/mnt/ubna_data_02_mir/recover-20220922/UBNA_001/20220921_090000.WAV,Telephone Field,recover-20220922,001,1795
297.7365,297.7737,68437,81318,Rhinolophus ferrumequinum,0.021,0.021,-1,Echolocation,/mnt/ubna_data_02_mir/recover-20220922/UBNA_001/20220921_090000.WAV,Telephone Field,recover-20220922,001,1795
297.7635,297.7729,27187,35343,Eptesicus serotinus,0.01,0.023,-1,Echolocation,/mnt/ubna_data_02_mir/recover-20220922/UBNA_001/20220921_090000.WAV,Telephone Field,recover-20220922,001,1795
297.7845,297.8243,68437,82261,Rhinolophus ferrumequinum,0.023,0.023,-1,Echolocation,/mnt/ubna_data_02_mir/recover-20220922/UBNA_001/20220921_090000.WAV,Telephone Field,recover-20220922,001,1795
297.8085,297.8191,28906,35287,Eptesicus serotinus,0.011,0.025,-1,Echolocation,/mnt/ubna_data_02_mir/recover-20220922/UBNA_001/20220921_090000.WAV,Telephone Field,recover-20220922,001,1795
297.8105,297.8502,68437,82093,Rhinolophus ferrumequinum,0.021,0.021,-1,Echolocation,/mnt/ubna_data_02_mir/recover-20220922/UBNA_001/20220921_090000.WAV,Telephone Field,recover-20220922,001,1795
297.8425,297.8483,25468,35563,Plecotus austriacus,0.013,0.035,-1,Echolocation,/mnt/ubna_data_02_mir/recover-20220922/UBNA_001/20220921_090000.WAV,Telephone Field,recover-20220922,001,1795
297.8935,297.9327,68437,82412,Rhinolophus ferrumequinum,0.027,0.027,-1,Echolocation,/mnt/ubna_data_02_mir/recover-20220922/UBNA_001/20220921_090000.WAV,Telephone Field,recover-20220922,001,1795
297.9295,297.9684,68437,81694,Rhinolophus ferrumequinum,0.022,0.022,-1,Echolocation,/mnt/ubna_data_02_mir/recover-20220922/UBNA_001/20220921_090000.WAV,Telephone Field,recover-20220922,001,1795
297.9685,297.9784,28906,37512,Eptesicus serotinus,0.011,0.025,-1,Echolocation,/mnt/ubna_data_02_mir/recover-20220922/UBNA_001/20220921_090000.WAV,Telephone Field,recover-20220922,001,1795
297.9765,297.983,24609,33866,Plecotus austriacus,0.008,0.025,-1,Echolocation,/mnt/ubna_data_02_mir/recover-20220922/UBNA_001/20220921_090000.WAV,Telephone Field,recover-20220922,001,1795
297.9825,297.9891,22890,31050,Plecotus austriacus,0.014,0.024,-1,Echolocation,/mnt/ubna_data_02_mir/recover-20220922/UBNA_001/20220921_090000.WAV,Telephone Field,recover-20220922,001,1795
298.0015,298.0098,45234,50814,Pipistrellus pipistrellus,0.017,0.021,-1,Echolocation,/mnt/ubna_data_02_mir/recover-20220922/UBNA_001/20220921_090000.WAV,Telephone Field,recover-20220922,001,1795
298.0015,298.01279999999997,20312,25676,Nyctalus leisleri,0.01,0.023,-1,Echolocation,/mnt/ubna_data_02_mir/recover-20220922/UBNA_001/20220921_090000.WAV,Telephone Field,recover-20220922,001,1795
298.0015,298.0091,26328,36996,Nyctalus leisleri,0.005,0.023,-1,Echolocation,/mnt/ubna_data_02_mir/recover-20220922/UBNA_001/20220921_090000.WAV,Telephone Field,recover-20220922,001,1795
298.0015,298.0333,68437,80734,Rhinolophus ferrumequinum,0.035,0.035,-1,Echolocation,/mnt/ubna_data_02_mir/recover-20220922/UBNA_001/20220921_090000.WAV,Telephone Field,recover-20220922,001,1795
298.0265,298.066,68437,81886,Rhinolophus ferrumequinum,0.025,0.025,-1,Echolocation,/mnt/ubna_data_02_mir/recover-20220922/UBNA_001/20220921_090000.WAV,Telephone Field,recover-20220922,001,1795
298.0555,298.0964,68437,81841,Rhinolophus ferrumequinum,0.023,0.023,-1,Echolocation,/mnt/ubna_data_02_mir/recover-20220922/UBNA_001/20220921_090000.WAV,Telephone Field,recover-20220922,001,1795
298.0725,298.1085,68437,81530,Rhinolophus ferrumequinum,0.022,0.022,-1,Echolocation,/mnt/ubna_data_02_mir/recover-20220922/UBNA_001/20220921_090000.WAV,Telephone Field,recover-20220922,001,1795
298.0775,298.11469999999997,68437,81488,Rhinolophus ferrumequinum,0.021,0.021,-1,Echolocation,/mnt/ubna_data_02_mir/recover-20220922/UBNA_001/20220921_090000.WAV,Telephone Field,recover-20220922,001,1795
298.1315,298.1732,68437,82943,Rhinolophus ferrumequinum,0.031,0.031,-1,Echolocation,/mnt/ubna_data_02_mir/recover-20220922/UBNA_001/20220921_090000.WAV,Telephone Field,recover-20220922,001,1795
298.1605,298.1699,26328,36955,Eptesicus serotinus,0.01,0.027,-1,Echolocation,/mnt/ubna_data_02_mir/recover-20220922/UBNA_001/20220921_090000.WAV,Telephone Field,recover-20220922,001,1795
298.1735,298.2152,68437,82881,Rhinolophus ferrumequinum,0.026,0.026,-1,Echolocation,/mnt/ubna_data_02_mir/recover-20220922/UBNA_001/20220921_090000.WAV,Telephone Field,recover-20220922,001,1795
298.1815,298.1903,46093,51132,Pipistrellus pipistrellus,0.028,0.03,-1,Echolocation,/mnt/ubna_data_02_mir/recover-20220922/UBNA_001/20220921_090000.WAV,Telephone Field,recover-20220922,001,1795
298.2245,298.2629,68437,82298,Rhinolophus ferrumequinum,0.022,0.022,-1,Echolocation,/mnt/ubna_data_02_mir/recover-20220922/UBNA_001/20220921_090000.WAV,Telephone Field,recover-20220922,001,1795
298.2395,298.2801,68437,82674,Rhinolophus ferrumequinum,0.024,0.024,-1,Echolocation,/mnt/ubna_data_02_mir/recover-20220922/UBNA_001/20220921_090000.WAV,Telephone Field,recover-20220922,001,1795
298.2505,298.2895,68437,82512,Rhinolophus ferrumequinum,0.023,0.023,-1,Echolocation,/mnt/ubna_data_02_mir/recover-20220922/UBNA_001/20220921_090000.WAV,Telephone Field,recover-20220922,001,1795
298.2625,298.2719,28906,38079,Eptesicus serotinus,0.011,0.031,-1,Echolocation,/mnt/ubna_data_02_mir/recover-20220922/UBNA_001/20220921_090000.WAV,Telephone Field,recover-20220922,001,1795
298.2825,298.3211,68437,82389,Rhinolophus ferrumequinum,0.024,0.024,-1,Echolocation,/mnt/ubna_data_02_mir/recover-20220922/UBNA_001/20220921_090000.WAV,Telephone Field,recover-20220922,001,1795
298.2915,298.33050000000003,68437,82742,Rhinolophus ferrumequinum,0.024,0.024,-1,Echolocation,/mnt/ubna_data_02_mir/recover-20220922/UBNA_001/20220921_090000.WAV,Telephone Field,recover-20220922,001,1795
298.2995,298.3371,68437,82149,Rhinolophus ferrumequinum,0.023,0.023,-1,Echolocation,/mnt/ubna_data_02_mir/recover-20220922/UBNA_001/20220921_090000.WAV,Telephone Field,recover-20220922,001,1795
298.3195,298.3578,68437,82346,Rhinolophus ferrumequinum,0.024,0.024,-1,Echolocation,/mnt/ubna_data_02_mir/recover-20220922/UBNA_001/20220921_090000.WAV,Telephone Field,recover-20220922,001,1795
298.3225,298.3322,28906,36576,Eptesicus serotinus,0.011,0.027,-1,Echolocation,/mnt/ubna_data_02_mir/recover-20220922/UBNA_001/20220921_090000.WAV,Telephone Field,recover-20220922,001,1795
298.3775,298.3899,22890,27369,Nyctalus leisleri,0.012,0.022,-1,Echolocation,/mnt/ubna_data_02_mir/recover-20220922/UBNA_001/20220921_090000.WAV,Telephone Field,recover-20220922,001,1795
298.3785,298.3902,50390,54656,Pipistrellus pipistrellus,0.017,0.024,-1,Echolocation,/mnt/ubna_data_02_mir/recover-20220922/UBNA_001/20220921_090000.WAV,Telephone Field,recover-20220922,001,1795
298.3915,298.4257,68437,81407,Rhinolophus ferrumequinum,0.03,0.03,-1,Echolocation,/mnt/ubna_data_02_mir/recover-20220922/UBNA_001/20220921_090000.WAV,Telephone Field,recover-20220922,001,1795
298.4045,298.4156,44375,47523,Pipistrellus pipistrellus,0.043,0.047,-1,Echolocation,/mnt/ubna_data_02_mir/recover-20220922/UBNA_001/20220921_090000.WAV,Telephone Field,recover-20220922,001,1795
298.4355,298.4442,28046,37582,Eptesicus serotinus,0.007,0.022,-1,Echolocation,/mnt/ubna_data_02_mir/recover-20220922/UBNA_001/20220921_090000.WAV,Telephone Field,recover-20220922,001,1795
298.4475,298.4684,19453,22564,Nyctalus leisleri,0.015,0.03,-1,Echolocation,/mnt/ubna_data_02_mir/recover-20220922/UBNA_001/20220921_090000.WAV,Telephone Field,recover-20220922,001,1795
298.4515,298.4885,68437,82245,Rhinolophus ferrumequinum,0.025,0.025,-1,Echolocation,/mnt/ubna_data_02_mir/recover-20220922/UBNA_001/20220921_090000.WAV,Telephone Field,recover-20220922,001,1795
298.5255,298.5664,68437,82814,Rhinolophus ferrumequinum,0.032,0.032,-1,Echolocation,/mnt/ubna_data_02_mir/recover-20220922/UBNA_001/20220921_090000.WAV,Telephone Field,recover-20220922,001,1795
298.5615,298.6011,68437,82252,Rhinolophus ferrumequinum,0.025,0.025,-1,Echolocation,/mnt/ubna_data_02_mir/recover-20220922/UBNA_001/20220921_090000.WAV,Telephone Field,recover-20220922,001,1795
298.60450000000003,298.6451,68437,82421,Rhinolophus ferrumequinum,0.031,0.031,-1,Echolocation,/mnt/ubna_data_02_mir/recover-20220922/UBNA_001/20220921_090000.WAV,Telephone Field,recover-20220922,001,1795
298.6435,298.6844,68437,82694,Rhinolophus ferrumequinum,0.032,0.032,-1,Echolocation,/mnt/ubna_data_02_mir/recover-20220922/UBNA_001/20220921_090000.WAV,Telephone Field,recover-20220922,001,1795
298.6655,298.704,68437,81716,Rhinolophus ferrumequinum,0.022,0.022,-1,Echolocation,/mnt/ubna_data_02_mir/recover-20220922/UBNA_001/20220921_090000.WAV,Telephone Field,recover-20220922,001,1795
298.66949999999997,298.6759,45234,52369,Pipistrellus pipistrellus,0.019,0.022,-1,Echolocation,/mnt/ubna_data_02_mir/recover-20220922/UBNA_001/20220921_090000.WAV,Telephone Field,recover-20220922,001,1795
298.6825,298.7239,68437,81670,Rhinolophus ferrumequinum,0.039,0.039,-1,Echolocation,/mnt/ubna_data_02_mir/recover-20220922/UBNA_001/20220921_090000.WAV,Telephone Field,recover-20220922,001,1795
298.7125,298.7543,68437,82796,Rhinolophus ferrumequinum,0.028,0.028,-1,Echolocation,/mnt/ubna_data_02_mir/recover-20220922/UBNA_001/20220921_090000.WAV,Telephone Field,recover-20220922,001,1795
298.7155,298.7232,26328,38256,Eptesicus serotinus,0.008,0.024,-1,Echolocation,/mnt/ubna_data_02_mir/recover-20220922/UBNA_001/20220921_090000.WAV,Telephone Field,recover-20220922,001,1795
298.7505,298.789,68437,81630,Rhinolophus ferrumequinum,0.024,0.024,-1,Echolocation,/mnt/ubna_data_02_mir/recover-20220922/UBNA_001/20220921_090000.WAV,Telephone Field,recover-20220922,001,1795
298.8025,298.8093,50390,57819,Pipistrellus pipistrellus,0.025,0.029,-1,Echolocation,/mnt/ubna_data_02_mir/recover-20220922/UBNA_001/20220921_090000.WAV,Telephone Field,recover-20220922,001,1795
298.8245,298.8624,68437,82061,Rhinolophus ferrumequinum,0.022,0.022,-1,Echolocation,/mnt/ubna_data_02_mir/recover-20220922/UBNA_001/20220921_090000.WAV,Telephone Field,recover-20220922,001,1795
298.8345,298.8432,28906,37294,Eptesicus serotinus,0.01,0.027,-1,Echolocation,/mnt/ubna_data_02_mir/recover-20220922/UBNA_001/20220921_090000.WAV,Telephone Field,recover-20220922,001,1795
298.8355,298.8772,68437,82187,Rhinolophus ferrumequinum,0.027,0.027,-1,Echolocation,/mnt/ubna_data_02_mir/recover-20220922/UBNA_001/20220921_090000.WAV,Telephone Field,recover-20220922,001,1795
298.8715,298.8833,22031,26115,Nyctalus leisleri,0.015,0.026,-1,Echolocation,/mnt/ubna_data_02_mir/recover-20220922/UBNA_001/20220921_090000.WAV,Telephone Field,recover-20220922,001,1795
298.9175,298.9541,68437,81427,Rhinolophus ferrumequinum,0.022,0.022,-1,Echolocation,/mnt/ubna_data_02_mir/recover-20220922/UBNA_001/20220921_090000.WAV,Telephone Field,recover-20220922,001,1795
298.9185,298.928,22890,29761,Plecotus austriacus,0.008,0.024,-1,Echolocation,/mnt/ubna_data_02_mir/recover-20220922/UBNA_001/20220921_090000.WAV,Telephone Field,recover-20220922,001,1795
298.9435,298.9522,51250,57412,Pipistrellus pipistrellus,0.021,0.027,-1,Echolocation,/mnt/ubna_data_02_mir/recover-20220922/UBNA_001/20220921_090000.WAV,Telephone Field,recover-20220922,001,1795
298.9475,298.9564,23750,31274,Plecotus austriacus,0.007,0.022,-1,Echolocation,/mnt/ubna_data_02_mir/recover-20220922/UBNA_001/20220921_090000.WAV,Telephone Field,recover-20220922,001,1795
298.9585,298.9702,23750,29057,Nyctalus leisleri,0.013,0.027,-1,Echolocation,/mnt/ubna_data_02_mir/recover-20220922/UBNA_001/20220921_090000.WAV,Telephone Field,recover-20220922,001,1795
298.9885,299.0008,14296,18446,Nyctalus noctula,0.018,0.031,-1,Echolocation,/mnt/ubna_data_02_mir/recover-20220922/UBNA_001/20220921_090000.WAV,Telephone Field,recover-20220922,001,1795
298.9975,299.0088,28906,36063,Eptesicus serotinus,0.013,0.029,-1,Echolocation,/mnt/ubna_data_02_mir/recover-20220922/UBNA_001/20220921_090000.WAV,Telephone Field,recover-20220922,001,1795
299.0045,299.0416,68437,81728,Rhinolophus ferrumequinum,0.026,0.026,-1,Echolocation,/mnt/ubna_data_02_mir/recover-20220922/UBNA_001/20220921_090000.WAV,Telephone Field,recover-20220922,001,1795
299.0795,299.1197,68437,82928,Rhinolophus ferrumequinum,0.027,0.027,-1,Echolocation,/mnt/ubna_data_02_mir/recover-20220922/UBNA_001/20220921_090000.WAV,Telephone Field,recover-20220922,001,1795
299.0875,299.1258,68437,82867,Rhinolophus ferrumequinum,0.022,0.023,-1,Echolocation,/mnt/ubna_data_02_mir/recover-20220922/UBNA_001/20220921_090000.WAV,Telephone Field,recover-20220922,001,1795
299.0885,299.0995,28046,34959,Eptesicus serotinus,0.042,0.067,-1,Echolocation,/mnt/ubna_data_02_mir/recover-20220922/UBNA_001/20220921_090000.WAV,Telephone Field,recover-20220922,001,1795
299.1115,299.1538,68437,82659,Rhinolophus ferrumequinum,0.025,0.025,-1,Echolocation,/mnt/ubna_data_02_mir/recover-20220922/UBNA_001/20220921_090000.WAV,Telephone Field,recover-20220922,001,1795
299.1595,299.168,27187,38520,Eptesicus serotinus,0.008,0.024,-1,Echolocation,/mnt/ubna_data_02_mir/recover-20220922/UBNA_001/20220921_090000.WAV,Telephone Field,recover-20220922,001,1795
299.1625,299.1977,68437,81328,Rhinolophus ferrumequinum,0.024,0.024,-1,Echolocation,/mnt/ubna_data_02_mir/recover-20220922/UBNA_001/20220921_090000.WAV,Telephone Field,recover-20220922,001,1795
299.1975,299.2393,68437,82559,Rhinolophus ferrumequinum,0.033,0.033,-1,Echolocation,/mnt/ubna_data_02_mir/recover-20220922/UBNA_001/20220921_090000.WAV,Telephone Field,recover-20220922,001,1795
299.22950000000003,299.2677,68437,82287,Rhinolophus ferrumequinum,0.026,0.026,-1,Echolocation,/mnt/ubna_data_02_mir/recover-20220922/UBNA_001/20220921_090000.WAV,Telephone Field,recover-20220922,001,1795
299.2445,299.2552,28906,36299,Eptesicus serotinus,0.01,0.025,-1,Echolocation,/mnt/ubna_data_02_mir/recover-20220922/UBNA_001/20220921_090000.WAV,Telephone Field,recover-20220922,001,1795
299.2785,299.3157,68437,81355,Rhinolophus ferrumequinum,0.023,0.023,-1,Echolocation,/mnt/ubna_data_02_mir/recover-20220922/UBNA_001/20220921_090000.WAV,Telephone Field,recover-20220922,001,1795
299.3285,299.3677,68437,82145,Rhinolophus ferrumequinum,0.023,0.023,-1,Echolocation,/mnt/ubna_data_02_mir/recover-20220922/UBNA_001/20220921_090000.WAV,Telephone Field,recover-20220922,001,1795
299.3425,299.3505,28046,39378,Eptesicus serotinus,0.008,0.022,-1,Echolocation,/mnt/ubna_data_02_mir/recover-20220922/UBNA_001/20220921_090000.WAV,Telephone Field,recover-20220922,001,1795
299.3635,299.3821,57265,63784,Pipistrellus pygmaeus,0.02,0.021,-1,Echolocation,/mnt/ubna_data_02_mir/recover-20220922/UBNA_001/20220921_090000.WAV,Telephone Field,recover-20220922,001,1795
299.3655,299.3795,22031,25893,Nyctalus leisleri,0.017,0.026,-1,Echolocation,/mnt/ubna_data_02_mir/recover-20220922/UBNA_001/20220921_090000.WAV,Telephone Field,recover-20220922,001,1795
299.3795,299.4209,68437,82482,Rhinolophus ferrumequinum,0.026,0.026,-1,Echolocation,/mnt/ubna_data_02_mir/recover-20220922/UBNA_001/20220921_090000.WAV,Telephone Field,recover-20220922,001,1795
299.4185,299.4314,36640,40712,Nyctalus leisleri,0.01,0.033,-1,Echolocation,/mnt/ubna_data_02_mir/recover-20220922/UBNA_001/20220921_090000.WAV,Telephone Field,recover-20220922,001,1795
299.4265,299.4352,27187,36163,Eptesicus serotinus,0.008,0.022,-1,Echolocation,/mnt/ubna_data_02_mir/recover-20220922/UBNA_001/20220921_090000.WAV,Telephone Field,recover-20220922,001,1795
299.4325,299.4429,28046,35189,Eptesicus serotinus,0.009,0.022,-1,Echolocation,/mnt/ubna_data_02_mir/recover-20220922/UBNA_001/20220921_090000.WAV,Telephone Field,recover-20220922,001,1795
299.4435,299.4791,68437,81631,Rhinolophus ferrumequinum,0.026,0.026,-1,Echolocation,/mnt/ubna_data_02_mir/recover-20220922/UBNA_001/20220921_090000.WAV,Telephone Field,recover-20220922,001,1795
299.4735,299.4849,26328,32811,Eptesicus serotinus,0.014,0.03,-1,Echolocation,/mnt/ubna_data_02_mir/recover-20220922/UBNA_001/20220921_090000.WAV,Telephone Field,recover-20220922,001,1795
299.4905,299.5004,28906,37983,Eptesicus serotinus,0.012,0.028,-1,Echolocation,/mnt/ubna_data_02_mir/recover-20220922/UBNA_001/20220921_090000.WAV,Telephone Field,recover-20220922,001,1795
299.5005,299.5396,68437,82638,Rhinolophus ferrumequinum,0.022,0.022,-1,Echolocation,/mnt/ubna_data_02_mir/recover-20220922/UBNA_001/20220921_090000.WAV,Telephone Field,recover-20220922,001,1795
299.5185,299.5263,28906,37265,Eptesicus serotinus,0.007,0.022,-1,Echolocation,/mnt/ubna_data_02_mir/recover-20220922/UBNA_001/20220921_090000.WAV,Telephone Field,recover-20220922,001,1795
299.5265,299.5659,68437,82124,Rhinolophus ferrumequinum,0.03,0.03,-1,Echolocation,/mnt/ubna_data_02_mir/recover-20220922/UBNA_001/20220921_090000.WAV,Telephone Field,recover-20220922,001,1795
299.5365,299.5692,68437,80906,Rhinolophus ferrumequinum,0.022,0.022,-1,Echolocation,/mnt/ubna_data_02_mir/recover-20220922/UBNA_001/20220921_090000.WAV,Telephone Field,recover-20220922,001,1795
299.5585,299.6,68437,82573,Rhinolophus ferrumequinum,0.024,0.024,-1,Echolocation,/mnt/ubna_data_02_mir/recover-20220922/UBNA_001/20220921_090000.WAV,Telephone Field,recover-20220922,001,1795
299.5945,299.6092,22031,26218,Nyctalus leisleri,0.016,0.027,-1,Echolocation,/mnt/ubna_data_02_mir/recover-20220922/UBNA_001/20220921_090000.WAV,Telephone Field,recover-20220922,001,1795
299.6035,299.6157,22031,25445,Nyctalus leisleri,0.013,0.021,-1,Echolocation,/mnt/ubna_data_02_mir/recover-20220922/UBNA_001/20220921_090000.WAV,Telephone Field,recover-20220922,001,1795
299.6115,299.6209,50390,55688,Pipistrellus pipistrellus,0.027,0.031,-1,Echolocation,/mnt/ubna_data_02_mir/recover-20220922/UBNA_001/20220921_090000.WAV,Telephone Field,recover-20220922,001,1795
299.6405,299.6767,68437,81573,Rhinolophus ferrumequinum,0.022,0.022,-1,Echolocation,/mnt/ubna_data_02_mir/recover-20220922/UBNA_001/20220921_090000.WAV,Telephone Field,recover-20220922,001,1795
299.6575,299.6967,68437,82254,Rhinolophus ferrumequinum,0.023,0.023,-1,Echolocation,/mnt/ubna_data_02_mir/recover-20220922/UBNA_001/20220921_090000.WAV,Telephone Field,recover-20220922,001,1795
299.6865,299.6969,22890,28281,Nyctalus leisleri,0.011,0.024,-1,Echolocation,/mnt/ubna_data_02_mir/recover-20220922/UBNA_001/20220921_090000.WAV,Telephone Field,recover-20220922,001,1795
299.6915,299.7323,68437,83049,Rhinolophus ferrumequinum,0.034,0.035,-1,Echolocation,/mnt/ubna_data_02_mir/recover-20220922/UBNA_001/20220921_090000.WAV,Telephone Field,recover-20220922,001,1795
299.7015,299.7427,68437,82893,Rhinolophus ferrumequinum,0.025,0.025,-1,Echolocation,/mnt/ubna_data_02_mir/recover-20220922/UBNA_001/20220921_090000.WAV,Telephone Field,recover-20220922,001,1795
299.7125,299.7211,48671,54191,Pipistrellus pipistrellus,0.028,0.031,-1,Echolocation,/mnt/ubna_data_02_mir/recover-20220922/UBNA_001/20220921_090000.WAV,Telephone Field,recover-20220922,001,1795
299.7165,299.726,28046,37009,Eptesicus serotinus,0.01,0.026,-1,Echolocation,/mnt/ubna_data_02_mir/recover-20220922/UBNA_001/20220921_090000.WAV,Telephone Field,recover-20220922,001,1795
299.7265,299.7656,68437,82730,Rhinolophus ferrumequinum,0.021,0.021,-1,Echolocation,/mnt/ubna_data_02_mir/recover-20220922/UBNA_001/20220921_090000.WAV,Telephone Field,recover-20220922,001,1795
299.7505,299.7847,68437,81397,Rhinolophus ferrumequinum,0.022,0.022,-1,Echolocation,/mnt/ubna_data_02_mir/recover-20220922/UBNA_001/20220921_090000.WAV,Telephone Field,recover-20220922,001,1795
299.7585,299.7952,68437,81772,Rhinolophus ferrumequinum,0.022,0.022,-1,Echolocation,/mnt/ubna_data_02_mir/recover-20220922/UBNA_001/20220921_090000.WAV,Telephone Field,recover-20220922,001,1795
299.77049999999997,299.7807,24609,31827,Nyctalus leisleri,0.01,0.027,-1,Echolocation,/mnt/ubna_data_02_mir/recover-20220922/UBNA_001/20220921_090000.WAV,Telephone Field,recover-20220922,001,1795
299.7935,299.8315,68437,81860,Rhinolophus ferrumequinum,0.022,0.022,-1,Echolocation,/mnt/ubna_data_02_mir/recover-20220922/UBNA_001/20220921_090000.WAV,Telephone Field,recover-20220922,001,1795
299.8085,299.8319,19453,22634,Nyctalus leisleri,0.026,0.054,-1,Echolocation,/mnt/ubna_data_02_mir/recover-20220922/UBNA_001/20220921_090000.WAV,Telephone Field,recover-20220922,001,1795
299.8585,299.8675,27187,37485,Eptesicus serotinus,0.009,0.023,-1,Echolocation,/mnt/ubna_data_02_mir/recover-20220922/UBNA_001/20220921_090000.WAV,Telephone Field,recover-20220922,001,1795
299.8785,299.9188,68437,82265,Rhinolophus ferrumequinum,0.021,0.021,-1,Echolocation,/mnt/ubna_data_02_mir/recover-20220922/UBNA_001/20220921_090000.WAV,Telephone Field,recover-20220922,001,1795
299.8885,299.9269,68437,82264,Rhinolophus ferrumequinum,0.022,0.022,-1,Echolocation,/mnt/ubna_data_02_mir/recover-20220922/UBNA_001/20220921_090000.WAV,Telephone Field,recover-20220922,001,1795
299.9045,299.9119,24609,34190,Plecotus austriacus,0.007,0.022,-1,Echolocation,/mnt/ubna_data_02_mir/recover-20220922/UBNA_001/20220921_090000.WAV,Telephone Field,recover-20220922,001,1795
299.9115,299.9497,68437,82292,Rhinolophus ferrumequinum,0.031,0.031,-1,Echolocation,/mnt/ubna_data_02_mir/recover-20220922/UBNA_001/20220921_090000.WAV,Telephone Field,recover-20220922,001,1795
299.9205,299.96,68437,82243,Rhinolophus ferrumequinum,0.026,0.026,-1,Echolocation,/mnt/ubna_data_02_mir/recover-20220922/UBNA_001/20220921_090000.WAV,Telephone Field,recover-20220922,001,1795
299.9445,299.9521,27187,36027,Eptesicus serotinus,0.008,0.025,-1,Echolocation,/mnt/ubna_data_02_mir/recover-20220922/UBNA_001/20220921_090000.WAV,Telephone Field,recover-20220922,001,1795
299.9475,299.9865,68437,82871,Rhinolophus ferrumequinum,0.028,0.028,-1,Echolocation,/mnt/ubna_data_02_mir/recover-20220922/UBNA_001/20220921_090000.WAV,Telephone Field,recover-20220922,001,1795
299.9715,299.981,27187,36243,Eptesicus serotinus,0.008,0.022,-1,Echolocation,/mnt/ubna_data_02_mir/recover-20220922/UBNA_001/20220921_090000.WAV,Telephone Field,recover-20220922,001,1795
300.0015,300.0345,68437,80329,Rhinolophus ferrumequinum,0.044,0.044,-1,Echolocation,/mnt/ubna_data_02_mir/recover-20220922/UBNA_001/20220921_090000.WAV,Telephone Field,recover-20220922,001,1795
300.0015,300.0109,29765,39119,Eptesicus serotinus,0.007,0.022,-1,Echolocation,/mnt/ubna_data_02_mir/recover-20220922/UBNA_001/20220921_090000.WAV,Telephone Field,recover-20220922,001,1795
300.0015,300.0103,22031,27945,Nyctalus leisleri,0.007,0.022,-1,Echolocation,/mnt/ubna_data_02_mir/recover-20220922/UBNA_001/20220921_090000.WAV,Telephone Field,recover-20220922,001,1795
300.0015,300.0102,45234,51998,Pipistrellus pipistrellus,0.023,0.028,-1,Echolocation,/mnt/ubna_data_02_mir/recover-20220922/UBNA_001/20220921_090000.WAV,Telephone Field,recover-20220922,001,1795
300.0085,300.0536,68437,82395,Rhinolophus ferrumequinum,0.025,0.025,-1,Echolocation,/mnt/ubna_data_02_mir/recover-20220922/UBNA_001/20220921_090000.WAV,Telephone Field,recover-20220922,001,1795
300.0375,300.0763,68437,82356,Rhinolophus ferrumequinum,0.023,0.023,-1,Echolocation,/mnt/ubna_data_02_mir/recover-20220922/UBNA_001/20220921_090000.WAV,Telephone Field,recover-20220922,001,1795
300.0545,300.094,68437,82777,Rhinolophus ferrumequinum,0.024,0.024,-1,Echolocation,/mnt/ubna_data_02_mir/recover-20220922/UBNA_001/20220921_090000.WAV,Telephone Field,recover-20220922,001,1795
300.0575,300.0687,23750,30137,Nyctalus leisleri,0.013,0.029,-1,Echolocation,/mnt/ubna_data_02_mir/recover-20220922/UBNA_001/20220921_090000.WAV,Telephone Field,recover-20220922,001,1795
300.0625,300.0725,44375,49864,Pipistrellus pipistrellus,0.017,0.021,-1,Echolocation,/mnt/ubna_data_02_mir/recover-20220922/UBNA_001/20220921_090000.WAV,Telephone Field,recover-20220922,001,1795
300.1035,300.1106,48671,53916,Pipistrellus pipistrellus,0.022,0.023,-1,Echolocation,/mnt/ubna_data_02_mir/recover-20220922/UBNA_001/20220921_090000.WAV,Telephone Field,recover-20220922,001,1795
300.1375,300.1762,68437,82082,Rhinolophus ferrumequinum,0.03,0.03,-1,Echolocation,/mnt/ubna_data_02_mir/recover-20220922/UBNA_001/20220921_090000.WAV,Telephone Field,recover-20220922,001,1795
300.1515,300.1618,22890,28395,Nyctalus leisleri,0.009,0.021,-1,Echolocation,/mnt/ubna_data_02_mir/recover-20220922/UBNA_001/20220921_090000.WAV,Telephone Field,recover-20220922,001,1795
300.1515,300.1879,68437,81725,Rhinolophus ferrumequinum,0.021,0.021,-1,Echolocation,/mnt/ubna_data_02_mir/recover-20220922/UBNA_001/20220921_090000.WAV,Telephone Field,recover-20220922,001,1795
300.1655,300.2055,68437,82339,Rhinolophus ferrumequinum,0.024,0.024,-1,Echolocation,/mnt/ubna_data_02_mir/recover-20220922/UBNA_001/20220921_090000.WAV,Telephone Field,recover-20220922,001,1795
300.1815,300.2194,68437,82586,Rhinolophus ferrumequinum,0.022,0.022,-1,Echolocation,/mnt/ubna_data_02_mir/recover-20220922/UBNA_001/20220921_090000.WAV,Telephone Field,recover-20220922,001,1795
300.2295,300.2403,28046,34872,Eptesicus serotinus,0.013,0.025,-1,Echolocation,/mnt/ubna_data_02_mir/recover-20220922/UBNA_001/20220921_090000.WAV,Telephone Field,recover-20220922,001,1795
300.2305,300.2692,68437,82078,Rhinolophus ferrumequinum,0.021,0.021,-1,Echolocation,/mnt/ubna_data_02_mir/recover-20220922/UBNA_001/20220921_090000.WAV,Telephone Field,recover-20220922,001,1795
300.2415,300.2791,68437,82459,Rhinolophus ferrumequinum,0.023,0.023,-1,Echolocation,/mnt/ubna_data_02_mir/recover-20220922/UBNA_001/20220921_090000.WAV,Telephone Field,recover-20220922,001,1795
300.2545,300.294,68437,82206,Rhinolophus ferrumequinum,0.024,0.024,-1,Echolocation,/mnt/ubna_data_02_mir/recover-20220922/UBNA_001/20220921_090000.WAV,Telephone Field,recover-20220922,001,1795
300.2645,300.2745,28906,37073,Eptesicus serotinus,0.01,0.025,-1,Echolocation,/mnt/ubna_data_02_mir/recover-20220922/UBNA_001/20220921_090000.WAV,Telephone Field,recover-20220922,001,1795
300.2715,300.281,28906,37332,Eptesicus serotinus,0.009,0.022,-1,Echolocation,/mnt/ubna_data_02_mir/recover-20220922/UBNA_001/20220921_090000.WAV,Telephone Field,recover-20220922,001,1795
300.2865,300.2965,22031,27265,Nyctalus leisleri,0.009,0.021,-1,Echolocation,/mnt/ubna_data_02_mir/recover-20220922/UBNA_001/20220921_090000.WAV,Telephone Field,recover-20220922,001,1795
300.3355,300.376,68437,82738,Rhinolophus ferrumequinum,0.032,0.032,-1,Echolocation,/mnt/ubna_data_02_mir/recover-20220922/UBNA_001/20220921_090000.WAV,Telephone Field,recover-20220922,001,1795
300.3715,300.379,28046,37614,Eptesicus serotinus,0.017,0.042,-1,Echolocation,/mnt/ubna_data_02_mir/recover-20220922/UBNA_001/20220921_090000.WAV,Telephone Field,recover-20220922,001,1795
300.3895,300.3987,24609,31427,Nyctalus leisleri,0.007,0.021,-1,Echolocation,/mnt/ubna_data_02_mir/recover-20220922/UBNA_001/20220921_090000.WAV,Telephone Field,recover-20220922,001,1795
300.4045,300.4446,68437,82453,Rhinolophus ferrumequinum,0.024,0.024,-1,Echolocation,/mnt/ubna_data_02_mir/recover-20220922/UBNA_001/20220921_090000.WAV,Telephone Field,recover-20220922,001,1795
300.4225,300.4657,68437,83351,Rhinolophus ferrumequinum,0.034,0.034,-1,Echolocation,/mnt/ubna_data_02_mir/recover-20220922/UBNA_001/20220921_090000.WAV,Telephone Field,recover-20220922,001,1795
300.4435,300.4843,68437,82408,Rhinolophus ferrumequinum,0.022,0.022,-1,Echolocation,/mnt/ubna_data_02_mir/recover-20220922/UBNA_001/20220921_090000.WAV,Telephone Field,recover-20220922,001,1795
300.4435,300.4503,28906,41882,Eptesicus serotinus,0.007,0.026,-1,Echolocation,/mnt/ubna_data_02_mir/recover-20220922/UBNA_001/20220921_090000.WAV,Telephone Field,recover-20220922,001,1795
300.4565,300.498,68437,82303,Rhinolophus ferrumequinum,0.023,0.023,-1,Echolocation,/mnt/ubna_data_02_mir/recover-20220922/UBNA_001/20220921_090000.WAV,Telephone Field,recover-20220922,001,1795
300.4705,300.5081,68437,81415,Rhinolophus ferrumequinum,0.021,0.021,-1,Echolocation,/mnt/ubna_data_02_mir/recover-20220922/UBNA_001/20220921_090000.WAV,Telephone Field,recover-20220922,001,1795
300.4935,300.502,45234,50005,Pipistrellus pipistrellus,0.022,0.023,-1,Echolocation,/mnt/ubna_data_02_mir/recover-20220922/UBNA_001/20220921_090000.WAV,Telephone Field,recover-20220922,001,1795
300.5095,300.5527,68437,82955,Rhinolophus ferrumequinum,0.028,0.028,-1,Echolocation,/mnt/ubna_data_02_mir/recover-20220922/UBNA_001/20220921_090000.WAV,Telephone Field,recover-20220922,001,1795
300.5205,300.532,28906,35371,Eptesicus serotinus,0.018,0.031,-1,Echolocation,/mnt/ubna_data_02_mir/recover-20220922/UBNA_001/20220921_090000.WAV,Telephone Field,recover-20220922,001,1795
300.5345,300.5454,44375,47358,Pipistrellus pipistrellus,0.021,0.023,-1,Echolocation,/mnt/ubna_data_02_mir/recover-20220922/UBNA_001/20220921_090000.WAV,Telephone Field,recover-20220922,001,1795
300.5365,300.5717,68437,81486,Rhinolophus ferrumequinum,0.023,0.023,-1,Echolocation,/mnt/ubna_data_02_mir/recover-20220922/UBNA_001/20220921_090000.WAV,Telephone Field,recover-20220922,001,1795
300.5555,300.5935,68437,82291,Rhinolophus ferrumequinum,0.031,0.031,-1,Echolocation,/mnt/ubna_data_02_mir/recover-20220922/UBNA_001/20220921_090000.WAV,Telephone Field,recover-20220922,001,1795
300.5825,300.6222,68437,82084,Rhinolophus ferrumequinum,0.026,0.026,-1,Echolocation,/mnt/ubna_data_02_mir/recover-20220922/UBNA_001/20220921_090000.WAV,Telephone Field,recover-20220922,001,1795
300.6085,300.6195,24609,30885,Nyctalus leisleri,0.008,0.023,-1,Echolocation,/mnt/ubna_data_02_mir/recover-20220922/UBNA_001/20220921_090000.WAV,Telephone Field,recover-20220922,001,1795
300.6265,300.6686,68437,82922,Rhinolophus ferrumequinum,0.032,0.032,-1,Echolocation,/mnt/ubna_data_02_mir/recover-20220922/UBNA_001/20220921_090000.WAV,Telephone Field,recover-20220922,001,1795
300.6725,300.6797,28906,42751,Eptesicus serotinus,0.008,0.028,-1,Echolocation,/mnt/ubna_data_02_mir/recover-20220922/UBNA_001/20220921_090000.WAV,Telephone Field,recover-20220922,001,1795
300.6815,300.6929,22890,27290,Nyctalus leisleri,0.012,0.022,-1,Echolocation,/mnt/ubna_data_02_mir/recover-20220922/UBNA_001/20220921_090000.WAV,Telephone Field,recover-20220922,001,1795
300.6935,300.7323,68437,82785,Rhinolophus ferrumequinum,0.025,0.025,-1,Echolocation,/mnt/ubna_data_02_mir/recover-20220922/UBNA_001/20220921_090000.WAV,Telephone Field,recover-20220922,001,1795
300.7125,300.7481,68437,81357,Rhinolophus ferrumequinum,0.023,0.023,-1,Echolocation,/mnt/ubna_data_02_mir/recover-20220922/UBNA_001/20220921_090000.WAV,Telephone Field,recover-20220922,001,1795
300.7265,300.7377,23750,29230,Nyctalus leisleri,0.011,0.023,-1,Echolocation,/mnt/ubna_data_02_mir/recover-20220922/UBNA_001/20220921_090000.WAV,Telephone Field,recover-20220922,001,1795
300.7265,300.7643,68437,81980,Rhinolophus ferrumequinum,0.023,0.023,-1,Echolocation,/mnt/ubna_data_02_mir/recover-20220922/UBNA_001/20220921_090000.WAV,Telephone Field,recover-20220922,001,1795
300.7435,300.7515,25468,34758,Eptesicus serotinus,0.008,0.024,-1,Echolocation,/mnt/ubna_data_02_mir/recover-20220922/UBNA_001/20220921_090000.WAV,Telephone Field,recover-20220922,001,1795
300.7495,300.7581,25468,33513,Eptesicus serotinus,0.009,0.024,-1,Echolocation,/mnt/ubna_data_02_mir/recover-20220922/UBNA_001/20220921_090000.WAV,Telephone Field,recover-20220922,001,1795
300.7615,300.7992,68437,81925,Rhinolophus ferrumequinum,0.021,0.021,-1,Echolocation,/mnt/ubna_data_02_mir/recover-20220922/UBNA_001/20220921_090000.WAV,Telephone Field,recover-20220922,001,1795
300.7695,300.7792,50390,56664,Pipistrellus pipistrellus,0.018,0.022,-1,Echolocation,/mnt/ubna_data_02_mir/recover-20220922/UBNA_001/20220921_090000.WAV,Telephone Field,recover-20220922,001,1795
300.7695,300.7801,24609,30983,Nyctalus leisleri,0.009,0.027,-1,Echolocation,/mnt/ubna_data_02_mir/recover-20220922/UBNA_001/20220921_090000.WAV,Telephone Field,recover-20220922,001,1795
300.7985,300.8353,68437,81478,Rhinolophus ferrumequinum,0.024,0.024,-1,Echolocation,/mnt/ubna_data_02_mir/recover-20220922/UBNA_001/20220921_090000.WAV,Telephone Field,recover-20220922,001,1795
300.8015,300.8099,28906,39809,Eptesicus serotinus,0.008,0.021,-1,Echolocation,/mnt/ubna_data_02_mir/recover-20220922/UBNA_001/20220921_090000.WAV,Telephone Field,recover-20220922,001,1795
300.8255,300.8368,22890,27890,Nyctalus leisleri,0.013,0.025,-1,Echolocation,/mnt/ubna_data_02_mir/recover-20220922/UBNA_001/20220921_090000.WAV,Telephone Field,recover-20220922,001,1795
300.8395,300.8756,68437,81588,Rhinolophus ferrumequinum,0.021,0.021,-1,Echolocation,/mnt/ubna_data_02_mir/recover-20220922/UBNA_001/20220921_090000.WAV,Telephone Field,recover-20220922,001,1795
300.8575,300.8952,68437,81388,Rhinolophus ferrumequinum,0.021,0.021,-1,Echolocation,/mnt/ubna_data_02_mir/recover-20220922/UBNA_001/20220921_090000.WAV,Telephone Field,recover-20220922,001,1795
300.8905,300.8984,44375,47379,Pipistrellus pipistrellus,0.025,0.026,-1,Echolocation,/mnt/ubna_data_02_mir/recover-20220922/UBNA_001/20220921_090000.WAV,Telephone Field,recover-20220922,001,1795
300.9035,300.9418,68437,81612,Rhinolophus ferrumequinum,0.024,0.024,-1,Echolocation,/mnt/ubna_data_02_mir/recover-20220922/UBNA_001/20220921_090000.WAV,Telephone Field,recover-20220922,001,1795
300.9255,300.9629,68437,82054,Rhinolophus ferrumequinum,0.021,0.021,-1,Echolocation,/mnt/ubna_data_02_mir/recover-20220922/UBNA_001/20220921_090000.WAV,Telephone Field,recover-20220922,001,1795
300.9425,300.9535,22890,27448,Nyctalus leisleri,0.013,0.024,-1,Echolocation,/mnt/ubna_data_02_mir/recover-20220922/UBNA_001/20220921_090000.WAV,Telephone Field,recover-20220922,001,1795
300.9615,301.003,68437,82173,Rhinolophus ferrumequinum,0.021,0.021,-1,Echolocation,/mnt/ubna_data_02_mir/recover-20220922/UBNA_001/20220921_090000.WAV,Telephone Field,recover-20220922,001,1795
300.9695,301.0099,68437,82217,Rhinolophus ferrumequinum,0.022,0.022,-1,Echolocation,/mnt/ubna_data_02_mir/recover-20220922/UBNA_001/20220921_090000.WAV,Telephone Field,recover-20220922,001,1795
300.9745,300.987,22031,25913,Nyctalus leisleri,0.012,0.021,-1,Echolocation,/mnt/ubna_data_02_mir/recover-20220922/UBNA_001/20220921_090000.WAV,Telephone Field,recover-20220922,001,1795
300.9925,301.0047,22890,27690,Nyctalus leisleri,0.012,0.023,-1,Echolocation,/mnt/ubna_data_02_mir/recover-20220922/UBNA_001/20220921_090000.WAV,Telephone Field,recover-20220922,001,1795
301.0315,301.0707,68437,82116,Rhinolophus ferrumequinum,0.021,0.021,-1,Echolocation,/mnt/ubna_data_02_mir/recover-20220922/UBNA_001/20220921_090000.WAV,Telephone Field,recover-20220922,001,1795
301.0525,301.0605,28046,37660,Eptesicus serotinus,0.032,0.059,-1,Echolocation,/mnt/ubna_data_02_mir/recover-20220922/UBNA_001/20220921_090000.WAV,Telephone Field,recover-20220922,001,1795
301.0655,301.1028,68437,82337,Rhinolophus ferrumequinum,0.025,0.025,-1,Echolocation,/mnt/ubna_data_02_mir/recover-20220922/UBNA_001/20220921_090000.WAV,Telephone Field,recover-20220922,001,1795
301.1055,301.1443,68437,81844,Rhinolophus ferrumequinum,0.022,0.022,-1,Echolocation,/mnt/ubna_data_02_mir/recover-20220922/UBNA_001/20220921_090000.WAV,Telephone Field,recover-20220922,001,1795
301.1285,301.1375,23750,31201,Nyctalus leisleri,0.007,0.025,-1,Echolocation,/mnt/ubna_data_02_mir/recover-20220922/UBNA_001/20220921_090000.WAV,Telephone Field,recover-20220922,001,1795
301.1355,301.1707,68437,81504,Rhinolophus ferrumequinum,0.023,0.023,-1,Echolocation,/mnt/ubna_data_02_mir/recover-20220922/UBNA_001/20220921_090000.WAV,Telephone Field,recover-20220922,001,1795
301.1445,301.1814,68437,81664,Rhinolophus ferrumequinum,0.024,0.024,-1,Echolocation,/mnt/ubna_data_02_mir/recover-20220922/UBNA_001/20220921_090000.WAV,Telephone Field,recover-20220922,001,1795
301.1785,301.2196,68437,82763,Rhinolophus ferrumequinum,0.025,0.025,-1,Echolocation,/mnt/ubna_data_02_mir/recover-20220922/UBNA_001/20220921_090000.WAV,Telephone Field,recover-20220922,001,1795
301.1985,301.2392,68437,82400,Rhinolophus ferrumequinum,0.023,0.023,-1,Echolocation,/mnt/ubna_data_02_mir/recover-20220922/UBNA_001/20220921_090000.WAV,Telephone Field,recover-20220922,001,1795
301.2085,301.2507,68437,83103,Rhinolophus ferrumequinum,0.028,0.028,-1,Echolocation,/mnt/ubna_data_02_mir/recover-20220922/UBNA_001/20220921_090000.WAV,Telephone Field,recover-20220922,001,1795
301.2225,301.2595,68437,81319,Rhinolophus ferrumequinum,0.021,0.021,-1,Echolocation,/mnt/ubna_data_02_mir/recover-20220922/UBNA_001/20220921_090000.WAV,Telephone Field,recover-20220922,001,1795
301.2525,301.2909,68437,82107,Rhinolophus ferrumequinum,0.021,0.021,-1,Echolocation,/mnt/ubna_data_02_mir/recover-20220922/UBNA_001/20220921_090000.WAV,Telephone Field,recover-20220922,001,1795
301.2685,301.3066,68437,81779,Rhinolophus ferrumequinum,0.025,0.025,-1,Echolocation,/mnt/ubna_data_02_mir/recover-20220922/UBNA_001/20220921_090000.WAV,Telephone Field,recover-20220922,001,1795
301.3015,301.3427,68437,82020,Rhinolophus ferrumequinum,0.025,0.025,-1,Echolocation,/mnt/ubna_data_02_mir/recover-20220922/UBNA_001/20220921_090000.WAV,Telephone Field,recover-20220922,001,1795
301.3355,301.3754,68437,82277,Rhinolophus ferrumequinum,0.026,0.026,-1,Echolocation,/mnt/ubna_data_02_mir/recover-20220922/UBNA_001/20220921_090000.WAV,Telephone Field,recover-20220922,001,1795
301.3435,301.3797,68437,82008,Rhinolophus ferrumequinum,0.024,0.024,-1,Echolocation,/mnt/ubna_data_02_mir/recover-20220922/UBNA_001/20220921_090000.WAV,Telephone Field,recover-20220922,001,1795
301.3485,301.3591,14296,20174,Nyctalus noctula,0.018,0.032,-1,Echolocation,/mnt/ubna_data_02_mir/recover-20220922/UBNA_001/20220921_090000.WAV,Telephone Field,recover-20220922,001,1795
301.3585,301.3686,22890,29713,Nyctalus leisleri,0.009,0.024,-1,Echolocation,/mnt/ubna_data_02_mir/recover-20220922/UBNA_001/20220921_090000.WAV,Telephone Field,recover-20220922,001,1795
301.3795,301.4189,68437,82127,Rhinolophus ferrumequinum,0.028,0.028,-1,Echolocation,/mnt/ubna_data_02_mir/recover-20220922/UBNA_001/20220921_090000.WAV,Telephone Field,recover-20220922,001,1795
301.3875,301.4252,68437,82222,Rhinolophus ferrumequinum,0.027,0.027,-1,Echolocation,/mnt/ubna_data_02_mir/recover-20220922/UBNA_001/20220921_090000.WAV,Telephone Field,recover-20220922,001,1795
301.4065,301.4455,68437,82532,Rhinolophus ferrumequinum,0.027,0.027,-1,Echolocation,/mnt/ubna_data_02_mir/recover-20220922/UBNA_001/20220921_090000.WAV,Telephone Field,recover-20220922,001,1795
301.4405,301.4526,29765,36026,Eptesicus serotinus,0.01,0.022,-1,Echolocation,/mnt/ubna_data_02_mir/recover-20220922/UBNA_001/20220921_090000.WAV,Telephone Field,recover-20220922,001,1795
301.4495,301.4864,68437,82080,Rhinolophus ferrumequinum,0.021,0.021,-1,Echolocation,/mnt/ubna_data_02_mir/recover-20220922/UBNA_001/20220921_090000.WAV,Telephone Field,recover-20220922,001,1795
301.4535,301.4624,28906,38643,Eptesicus serotinus,0.008,0.021,-1,Echolocation,/mnt/ubna_data_02_mir/recover-20220922/UBNA_001/20220921_090000.WAV,Telephone Field,recover-20220922,001,1795
301.4935,301.5345,68437,82637,Rhinolophus ferrumequinum,0.025,0.025,-1,Echolocation,/mnt/ubna_data_02_mir/recover-20220922/UBNA_001/20220921_090000.WAV,Telephone Field,recover-20220922,001,1795
301.5095,301.5173,14296,24544,Plecotus auritus,0.019,0.025,-1,Echolocation,/mnt/ubna_data_02_mir/recover-20220922/UBNA_001/20220921_090000.WAV,Telephone Field,recover-20220922,001,1795
301.5235,301.5332,28906,37030,Eptesicus serotinus,0.009,0.021,-1,Echolocation,/mnt/ubna_data_02_mir/recover-20220922/UBNA_001/20220921_090000.WAV,Telephone Field,recover-20220922,001,1795
301.5385,301.5757,68437,82111,Rhinolophus ferrumequinum,0.024,0.024,-1,Echolocation,/mnt/ubna_data_02_mir/recover-20220922/UBNA_001/20220921_090000.WAV,Telephone Field,recover-20220922,001,1795
301.5655,301.6058,68437,82484,Rhinolophus ferrumequinum,0.03,0.03,-1,Echolocation,/mnt/ubna_data_02_mir/recover-20220922/UBNA_001/20220921_090000.WAV,Telephone Field,recover-20220922,001,1795
301.5765,301.5871,22890,28012,Nyctalus leisleri,0.01,0.022,-1,Echolocation,/mnt/ubna_data_02_mir/recover-20220922/UBNA_001/20220921_090000.WAV,Telephone Field,recover-20220922,001,1795
301.5785,301.5843,46953,55090,Pipistrellus pipistrellus,0.022,0.025,-1,Echolocation,/mnt/ubna_data_02_mir/recover-20220922/UBNA_001/20220921_090000.WAV,Telephone Field,recover-20220922,001,1795
301.5835,301.5916,28046,40303,Eptesicus serotinus,0.008,0.023,-1,Echolocation,/mnt/ubna_data_02_mir/recover-20220922/UBNA_001/20220921_090000.WAV,Telephone Field,recover-20220922,001,1795
301.5845,301.5951,22031,27537,Nyctalus leisleri,0.01,0.024,-1,Echolocation,/mnt/ubna_data_02_mir/recover-20220922/UBNA_001/20220921_090000.WAV,Telephone Field,recover-20220922,001,1795
301.6105,301.6487,68437,82265,Rhinolophus ferrumequinum,0.025,0.025,-1,Echolocation,/mnt/ubna_data_02_mir/recover-20220922/UBNA_001/20220921_090000.WAV,Telephone Field,recover-20220922,001,1795
301.6235,301.6624,68437,81726,Rhinolophus ferrumequinum,0.031,0.031,-1,Echolocation,/mnt/ubna_data_02_mir/recover-20220922/UBNA_001/20220921_090000.WAV,Telephone Field,recover-20220922,001,1795
301.6595,301.707,68437,83413,Rhinolophus ferrumequinum,0.071,0.071,-1,Echolocation,/mnt/ubna_data_02_mir/recover-20220922/UBNA_001/20220921_090000.WAV,Telephone Field,recover-20220922,001,1795
301.6725,301.682,22890,29510,Plecotus austriacus,0.008,0.025,-1,Echolocation,/mnt/ubna_data_02_mir/recover-20220922/UBNA_001/20220921_090000.WAV,Telephone Field,recover-20220922,001,1795
301.6975,301.7364,68437,81694,Rhinolophus ferrumequinum,0.027,0.027,-1,Echolocation,/mnt/ubna_data_02_mir/recover-20220922/UBNA_001/20220921_090000.WAV,Telephone Field,recover-20220922,001,1795
301.7075,301.7464,68437,81817,Rhinolophus ferrumequinum,0.025,0.025,-1,Echolocation,/mnt/ubna_data_02_mir/recover-20220922/UBNA_001/20220921_090000.WAV,Telephone Field,recover-20220922,001,1795
301.7745,301.8175,68437,83596,Rhinolophus ferrumequinum,0.038,0.038,-1,Echolocation,/mnt/ubna_data_02_mir/recover-20220922/UBNA_001/20220921_090000.WAV,Telephone Field,recover-20220922,001,1795
301.7865,301.825,68437,81627,Rhinolophus ferrumequinum,0.031,0.031,-1,Echolocation,/mnt/ubna_data_02_mir/recover-20220922/UBNA_001/20220921_090000.WAV,Telephone Field,recover-20220922,001,1795
301.8095,301.8185,32343,40882,Eptesicus serotinus,0.008,0.025,-1,Echolocation,/mnt/ubna_data_02_mir/recover-20220922/UBNA_001/20220921_090000.WAV,Telephone Field,recover-20220922,001,1795
301.8205,301.8287,28906,36128,Eptesicus serotinus,0.013,0.031,-1,Echolocation,/mnt/ubna_data_02_mir/recover-20220922/UBNA_001/20220921_090000.WAV,Telephone Field,recover-20220922,001,1795
301.8265,301.8666,68437,82769,Rhinolophus ferrumequinum,0.024,0.024,-1,Echolocation,/mnt/ubna_data_02_mir/recover-20220922/UBNA_001/20220921_090000.WAV,Telephone Field,recover-20220922,001,1795
301.8565,301.8925,68437,81864,Rhinolophus ferrumequinum,0.024,0.024,-1,Echolocation,/mnt/ubna_data_02_mir/recover-20220922/UBNA_001/20220921_090000.WAV,Telephone Field,recover-20220922,001,1795
301.8635,301.904,68437,82432,Rhinolophus ferrumequinum,0.022,0.022,-1,Echolocation,/mnt/ubna_data_02_mir/recover-20220922/UBNA_001/20220921_090000.WAV,Telephone Field,recover-20220922,001,1795
301.8755,301.9129,68437,81862,Rhinolophus ferrumequinum,0.022,0.022,-1,Echolocation,/mnt/ubna_data_02_mir/recover-20220922/UBNA_001/20220921_090000.WAV,Telephone Field,recover-20220922,001,1795
301.8765,301.8898,24609,30833,Eptesicus serotinus,0.015,0.038,-1,Echolocation,/mnt/ubna_data_02_mir/recover-20220922/UBNA_001/20220921_090000.WAV,Telephone Field,recover-20220922,001,1795
301.9015,301.918,22031,26408,Nyctalus leisleri,0.022,0.041,-1,Echolocation,/mnt/ubna_data_02_mir/recover-20220922/UBNA_001/20220921_090000.WAV,Telephone Field,recover-20220922,001,1795
301.9045,301.9434,68437,81605,Rhinolophus ferrumequinum,0.024,0.024,-1,Echolocation,/mnt/ubna_data_02_mir/recover-20220922/UBNA_001/20220921_090000.WAV,Telephone Field,recover-20220922,001,1795
301.9285,301.9662,68437,81796,Rhinolophus ferrumequinum,0.022,0.022,-1,Echolocation,/mnt/ubna_data_02_mir/recover-20220922/UBNA_001/20220921_090000.WAV,Telephone Field,recover-20220922,001,1795
301.9345,301.9439,28906,37110,Eptesicus serotinus,0.008,0.021,-1,Echolocation,/mnt/ubna_data_02_mir/recover-20220922/UBNA_001/20220921_090000.WAV,Telephone Field,recover-20220922,001,1795
301.9395,301.977,68437,81897,Rhinolophus ferrumequinum,0.023,0.023,-1,Echolocation,/mnt/ubna_data_02_mir/recover-20220922/UBNA_001/20220921_090000.WAV,Telephone Field,recover-20220922,001,1795
301.9725,301.9803,28906,39793,Eptesicus serotinus,0.008,0.024,-1,Echolocation,/mnt/ubna_data_02_mir/recover-20220922/UBNA_001/20220921_090000.WAV,Telephone Field,recover-20220922,001,1795
301.9835,301.9918,31484,41030,Myotis daubentonii,0.01,0.03,-1,Echolocation,/mnt/ubna_data_02_mir/recover-20220922/UBNA_001/20220921_090000.WAV,Telephone Field,recover-20220922,001,1795
301.9865,301.9955,43515,52525,Pipistrellus pipistrellus,0.019,0.025,-1,Echolocation,/mnt/ubna_data_02_mir/recover-20220922/UBNA_001/20220921_090000.WAV,Telephone Field,recover-20220922,001,1795
302.0015,302.0324,68437,80030,Rhinolophus ferrumequinum,0.023,0.023,-1,Echolocation,/mnt/ubna_data_02_mir/recover-20220922/UBNA_001/20220921_090000.WAV,Telephone Field,recover-20220922,001,1795
302.0015,302.0101,25468,33415,Nyctalus leisleri,0.008,0.023,-1,Echolocation,/mnt/ubna_data_02_mir/recover-20220922/UBNA_001/20220921_090000.WAV,Telephone Field,recover-20220922,001,1795
302.0025,302.0124,52109,57708,Pipistrellus pygmaeus,0.032,0.033,-1,Echolocation,/mnt/ubna_data_02_mir/recover-20220922/UBNA_001/20220921_090000.WAV,Telephone Field,recover-20220922,001,1795
302.0095,302.0178,43515,55128,Pipistrellus pipistrellus,0.018,0.033,-1,Echolocation,/mnt/ubna_data_02_mir/recover-20220922/UBNA_001/20220921_090000.WAV,Telephone Field,recover-20220922,001,1795
302.0285,302.0391,23750,29624,Nyctalus leisleri,0.011,0.026,-1,Echolocation,/mnt/ubna_data_02_mir/recover-20220922/UBNA_001/20220921_090000.WAV,Telephone Field,recover-20220922,001,1795
302.0635,302.1057,68437,81962,Rhinolophus ferrumequinum,0.025,0.025,-1,Echolocation,/mnt/ubna_data_02_mir/recover-20220922/UBNA_001/20220921_090000.WAV,Telephone Field,recover-20220922,001,1795
302.0945,302.1032,28906,38434,Eptesicus serotinus,0.009,0.024,-1,Echolocation,/mnt/ubna_data_02_mir/recover-20220922/UBNA_001/20220921_090000.WAV,Telephone Field,recover-20220922,001,1795
302.1115,302.1529,68437,83179,Rhinolophus ferrumequinum,0.03,0.03,-1,Echolocation,/mnt/ubna_data_02_mir/recover-20220922/UBNA_001/20220921_090000.WAV,Telephone Field,recover-20220922,001,1795
302.1515,302.1915,68437,82279,Rhinolophus ferrumequinum,0.027,0.027,-1,Echolocation,/mnt/ubna_data_02_mir/recover-20220922/UBNA_001/20220921_090000.WAV,Telephone Field,recover-20220922,001,1795
302.1595,302.2005,68437,82774,Rhinolophus ferrumequinum,0.026,0.026,-1,Echolocation,/mnt/ubna_data_02_mir/recover-20220922/UBNA_001/20220921_090000.WAV,Telephone Field,recover-20220922,001,1795
302.1625,302.1716,25468,32725,Eptesicus serotinus,0.008,0.021,-1,Echolocation,/mnt/ubna_data_02_mir/recover-20220922/UBNA_001/20220921_090000.WAV,Telephone Field,recover-20220922,001,1795
302.2405,302.2511,23750,29686,Nyctalus leisleri,0.01,0.021,-1,Echolocation,/mnt/ubna_data_02_mir/recover-20220922/UBNA_001/20220921_090000.WAV,Telephone Field,recover-20220922,001,1795
302.3255,302.3337,26328,37164,Eptesicus serotinus,0.01,0.025,-1,Echolocation,/mnt/ubna_data_02_mir/recover-20220922/UBNA_001/20220921_090000.WAV,Telephone Field,recover-20220922,001,1795
302.3485,302.3884,68437,82333,Rhinolophus ferrumequinum,0.022,0.022,-1,Echolocation,/mnt/ubna_data_02_mir/recover-20220922/UBNA_001/20220921_090000.WAV,Telephone Field,recover-20220922,001,1795
302.3845,302.3949,22890,28283,Nyctalus leisleri,0.01,0.022,-1,Echolocation,/mnt/ubna_data_02_mir/recover-20220922/UBNA_001/20220921_090000.WAV,Telephone Field,recover-20220922,001,1795
302.4025,302.4446,68437,82955,Rhinolophus ferrumequinum,0.027,0.027,-1,Echolocation,/mnt/ubna_data_02_mir/recover-20220922/UBNA_001/20220921_090000.WAV,Telephone Field,recover-20220922,001,1795
302.4125,302.4504,68437,82875,Rhinolophus ferrumequinum,0.03,0.03,-1,Echolocation,/mnt/ubna_data_02_mir/recover-20220922/UBNA_001/20220921_090000.WAV,Telephone Field,recover-20220922,001,1795
302.4195,302.4284,28906,37601,Eptesicus serotinus,0.008,0.022,-1,Echolocation,/mnt/ubna_data_02_mir/recover-20220922/UBNA_001/20220921_090000.WAV,Telephone Field,recover-20220922,001,1795
302.5265,302.5587,68437,80761,Rhinolophus ferrumequinum,0.022,0.022,-1,Echolocation,/mnt/ubna_data_02_mir/recover-20220922/UBNA_001/20220921_090000.WAV,Telephone Field,recover-20220922,001,1795
302.5715,302.6092,68437,81911,Rhinolophus ferrumequinum,0.026,0.026,-1,Echolocation,/mnt/ubna_data_02_mir/recover-20220922/UBNA_001/20220921_090000.WAV,Telephone Field,recover-20220922,001,1795
302.6115,302.65,68437,81483,Rhinolophus ferrumequinum,0.025,0.025,-1,Echolocation,/mnt/ubna_data_02_mir/recover-20220922/UBNA_001/20220921_090000.WAV,Telephone Field,recover-20220922,001,1795
302.6135,302.6228,46093,50439,Pipistrellus pipistrellus,0.021,0.022,-1,Echolocation,/mnt/ubna_data_02_mir/recover-20220922/UBNA_001/20220921_090000.WAV,Telephone Field,recover-20220922,001,1795
302.6555,302.6656,24609,32649,Eptesicus serotinus,0.008,0.022,-1,Echolocation,/mnt/ubna_data_02_mir/recover-20220922/UBNA_001/20220921_090000.WAV,Telephone Field,recover-20220922,001,1795
302.6615,302.7008,68437,81909,Rhinolophus ferrumequinum,0.023,0.023,-1,Echolocation,/mnt/ubna_data_02_mir/recover-20220922/UBNA_001/20220921_090000.WAV,Telephone Field,recover-20220922,001,1795
302.6635,302.6741,23750,29615,Nyctalus leisleri,0.009,0.022,-1,Echolocation,/mnt/ubna_data_02_mir/recover-20220922/UBNA_001/20220921_090000.WAV,Telephone Field,recover-20220922,001,1795
302.6805,302.7179,68437,81934,Rhinolophus ferrumequinum,0.022,0.022,-1,Echolocation,/mnt/ubna_data_02_mir/recover-20220922/UBNA_001/20220921_090000.WAV,Telephone Field,recover-20220922,001,1795
302.6945,302.703,28046,38620,Eptesicus serotinus,0.008,0.023,-1,Echolocation,/mnt/ubna_data_02_mir/recover-20220922/UBNA_001/20220921_090000.WAV,Telephone Field,recover-20220922,001,1795
302.6965,302.7379,68437,82878,Rhinolophus ferrumequinum,0.024,0.024,-1,Echolocation,/mnt/ubna_data_02_mir/recover-20220922/UBNA_001/20220921_090000.WAV,Telephone Field,recover-20220922,001,1795
302.7205,302.7626,68437,82298,Rhinolophus ferrumequinum,0.022,0.022,-1,Echolocation,/mnt/ubna_data_02_mir/recover-20220922/UBNA_001/20220921_090000.WAV,Telephone Field,recover-20220922,001,1795
302.7425,302.7811,68437,82154,Rhinolophus ferrumequinum,0.022,0.022,-1,Echolocation,/mnt/ubna_data_02_mir/recover-20220922/UBNA_001/20220921_090000.WAV,Telephone Field,recover-20220922,001,1795
302.7615,302.8,68437,82276,Rhinolophus ferrumequinum,0.022,0.022,-1,Echolocation,/mnt/ubna_data_02_mir/recover-20220922/UBNA_001/20220921_090000.WAV,Telephone Field,recover-20220922,001,1795
302.7775,302.7889,28906,36663,Eptesicus serotinus,0.013,0.026,-1,Echolocation,/mnt/ubna_data_02_mir/recover-20220922/UBNA_001/20220921_090000.WAV,Telephone Field,recover-20220922,001,1795
302.7955,302.8347,68437,82695,Rhinolophus ferrumequinum,0.025,0.025,-1,Echolocation,/mnt/ubna_data_02_mir/recover-20220922/UBNA_001/20220921_090000.WAV,Telephone Field,recover-20220922,001,1795
302.8065,302.8459,68437,81963,Rhinolophus ferrumequinum,0.022,0.022,-1,Echolocation,/mnt/ubna_data_02_mir/recover-20220922/UBNA_001/20220921_090000.WAV,Telephone Field,recover-20220922,001,1795
302.8275,302.8393,44375,49244,Pipistrellus pipistrellus,0.026,0.031,-1,Echolocation,/mnt/ubna_data_02_mir/recover-20220922/UBNA_001/20220921_090000.WAV,Telephone Field,recover-20220922,001,1795
302.8415,302.8799,68437,82463,Rhinolophus ferrumequinum,0.022,0.022,-1,Echolocation,/mnt/ubna_data_02_mir/recover-20220922/UBNA_001/20220921_090000.WAV,Telephone Field,recover-20220922,001,1795
302.8465,302.8867,68437,82797,Rhinolophus ferrumequinum,0.021,0.021,-1,Echolocation,/mnt/ubna_data_02_mir/recover-20220922/UBNA_001/20220921_090000.WAV,Telephone Field,recover-20220922,001,1795
302.8535,302.8627,28046,37742,Eptesicus serotinus,0.009,0.023,-1,Echolocation,/mnt/ubna_data_02_mir/recover-20220922/UBNA_001/20220921_090000.WAV,Telephone Field,recover-20220922,001,1795
302.8745,302.9174,68437,82911,Rhinolophus ferrumequinum,0.032,0.032,-1,Echolocation,/mnt/ubna_data_02_mir/recover-20220922/UBNA_001/20220921_090000.WAV,Telephone Field,recover-20220922,001,1795
302.8875,302.8959,28906,37747,Eptesicus serotinus,0.008,0.022,-1,Echolocation,/mnt/ubna_data_02_mir/recover-20220922/UBNA_001/20220921_090000.WAV,Telephone Field,recover-20220922,001,1795
302.8985,302.9132,22031,26296,Nyctalus leisleri,0.015,0.027,-1,Echolocation,/mnt/ubna_data_02_mir/recover-20220922/UBNA_001/20220921_090000.WAV,Telephone Field,recover-20220922,001,1795
302.9235,302.9607,68437,81999,Rhinolophus ferrumequinum,0.021,0.021,-1,Echolocation,/mnt/ubna_data_02_mir/recover-20220922/UBNA_001/20220921_090000.WAV,Telephone Field,recover-20220922,001,1795
302.9325,302.9397,26328,37294,Eptesicus serotinus,0.007,0.023,-1,Echolocation,/mnt/ubna_data_02_mir/recover-20220922/UBNA_001/20220921_090000.WAV,Telephone Field,recover-20220922,001,1795
302.9455,302.9858,68437,81819,Rhinolophus ferrumequinum,0.021,0.021,-1,Echolocation,/mnt/ubna_data_02_mir/recover-20220922/UBNA_001/20220921_090000.WAV,Telephone Field,recover-20220922,001,1795
302.9735,303.0083,68437,80956,Rhinolophus ferrumequinum,0.021,0.021,-1,Echolocation,/mnt/ubna_data_02_mir/recover-20220922/UBNA_001/20220921_090000.WAV,Telephone Field,recover-20220922,001,1795
303.0125,303.0492,68437,81711,Rhinolophus ferrumequinum,0.022,0.022,-1,Echolocation,/mnt/ubna_data_02_mir/recover-20220922/UBNA_001/20220921_090000.WAV,Telephone Field,recover-20220922,001,1795
303.0535,303.09,68437,81867,Rhinolophus ferrumequinum,0.024,0.024,-1,Echolocation,/mnt/ubna_data_02_mir/recover-20220922/UBNA_001/20220921_090000.WAV,Telephone Field,recover-20220922,001,1795
303.0635,303.104,68437,82478,Rhinolophus ferrumequinum,0.021,0.021,-1,Echolocation,/mnt/ubna_data_02_mir/recover-20220922/UBNA_001/20220921_090000.WAV,Telephone Field,recover-20220922,001,1795
303.1155,303.1288,34921,40906,Pipistrellus nathusii,0.011,0.03,-1,Echolocation,/mnt/ubna_data_02_mir/recover-20220922/UBNA_001/20220921_090000.WAV,Telephone Field,recover-20220922,001,1795
303.1305,303.1421,34062,39181,Eptesicus serotinus,0.005,0.021,-1,Echolocation,/mnt/ubna_data_02_mir/recover-20220922/UBNA_001/20220921_090000.WAV,Telephone Field,recover-20220922,001,1795
303.1835,303.2229,68437,81913,Rhinolophus ferrumequinum,0.021,0.021,-1,Echolocation,/mnt/ubna_data_02_mir/recover-20220922/UBNA_001/20220921_090000.WAV,Telephone Field,recover-20220922,001,1795
303.2315,303.2748,68437,82967,Rhinolophus ferrumequinum,0.035,0.035,-1,Echolocation,/mnt/ubna_data_02_mir/recover-20220922/UBNA_001/20220921_090000.WAV,Telephone Field,recover-20220922,001,1795
303.2685,303.3097,68437,82514,Rhinolophus ferrumequinum,0.023,0.023,-1,Echolocation,/mnt/ubna_data_02_mir/recover-20220922/UBNA_001/20220921_090000.WAV,Telephone Field,recover-20220922,001,1795
303.2955,303.334,68437,82299,Rhinolophus ferrumequinum,0.021,0.021,-1,Echolocation,/mnt/ubna_data_02_mir/recover-20220922/UBNA_001/20220921_090000.WAV,Telephone Field,recover-20220922,001,1795
303.3525,303.387,68437,81120,Rhinolophus ferrumequinum,0.021,0.021,-1,Echolocation,/mnt/ubna_data_02_mir/recover-20220922/UBNA_001/20220921_090000.WAV,Telephone Field,recover-20220922,001,1795
303.3545,303.3658,22031,26445,Nyctalus leisleri,0.011,0.022,-1,Echolocation,/mnt/ubna_data_02_mir/recover-20220922/UBNA_001/20220921_090000.WAV,Telephone Field,recover-20220922,001,1795
303.3775,303.4183,68437,82146,Rhinolophus ferrumequinum,0.022,0.022,-1,Echolocation,/mnt/ubna_data_02_mir/recover-20220922/UBNA_001/20220921_090000.WAV,Telephone Field,recover-20220922,001,1795
303.4015,303.4392,68437,81873,Rhinolophus ferrumequinum,0.022,0.022,-1,Echolocation,/mnt/ubna_data_02_mir/recover-20220922/UBNA_001/20220921_090000.WAV,Telephone Field,recover-20220922,001,1795
303.4195,303.4587,68437,82478,Rhinolophus ferrumequinum,0.023,0.023,-1,Echolocation,/mnt/ubna_data_02_mir/recover-20220922/UBNA_001/20220921_090000.WAV,Telephone Field,recover-20220922,001,1795
303.4835,303.4955,23750,29182,Nyctalus leisleri,0.017,0.038,-1,Echolocation,/mnt/ubna_data_02_mir/recover-20220922/UBNA_001/20220921_090000.WAV,Telephone Field,recover-20220922,001,1795
303.5285,303.5364,24609,33368,Plecotus austriacus,0.01,0.028,-1,Echolocation,/mnt/ubna_data_02_mir/recover-20220922/UBNA_001/20220921_090000.WAV,Telephone Field,recover-20220922,001,1795
303.5525,303.5904,68437,82068,Rhinolophus ferrumequinum,0.022,0.022,-1,Echolocation,/mnt/ubna_data_02_mir/recover-20220922/UBNA_001/20220921_090000.WAV,Telephone Field,recover-20220922,001,1795
303.5805,303.6229,68437,83050,Rhinolophus ferrumequinum,0.028,0.028,-1,Echolocation,/mnt/ubna_data_02_mir/recover-20220922/UBNA_001/20220921_090000.WAV,Telephone Field,recover-20220922,001,1795
303.6155,303.6578,68437,82285,Rhinolophus ferrumequinum,0.038,0.038,-1,Echolocation,/mnt/ubna_data_02_mir/recover-20220922/UBNA_001/20220921_090000.WAV,Telephone Field,recover-20220922,001,1795
303.6435,303.653,46953,50678,Pipistrellus pipistrellus,0.027,0.028,-1,Echolocation,/mnt/ubna_data_02_mir/recover-20220922/UBNA_001/20220921_090000.WAV,Telephone Field,recover-20220922,001,1795
303.6545,303.6626,25468,34261,Eptesicus serotinus,0.007,0.023,-1,Echolocation,/mnt/ubna_data_02_mir/recover-20220922/UBNA_001/20220921_090000.WAV,Telephone Field,recover-20220922,001,1795
303.6805,303.7272,68437,83589,Rhinolophus ferrumequinum,0.047,0.047,-1,Echolocation,/mnt/ubna_data_02_mir/recover-20220922/UBNA_001/20220921_090000.WAV,Telephone Field,recover-20220922,001,1795
303.6995,303.7097,22890,28712,Nyctalus leisleri,0.009,0.022,-1,Echolocation,/mnt/ubna_data_02_mir/recover-20220922/UBNA_001/20220921_090000.WAV,Telephone Field,recover-20220922,001,1795
303.7115,303.7486,68437,81696,Rhinolophus ferrumequinum,0.023,0.023,-1,Echolocation,/mnt/ubna_data_02_mir/recover-20220922/UBNA_001/20220921_090000.WAV,Telephone Field,recover-20220922,001,1795
303.7215,303.7578,68437,81641,Rhinolophus ferrumequinum,0.023,0.023,-1,Echolocation,/mnt/ubna_data_02_mir/recover-20220922/UBNA_001/20220921_090000.WAV,Telephone Field,recover-20220922,001,1795
303.7615,303.804,68437,83449,Rhinolophus ferrumequinum,0.033,0.033,-1,Echolocation,/mnt/ubna_data_02_mir/recover-20220922/UBNA_001/20220921_090000.WAV,Telephone Field,recover-20220922,001,1795
303.7785,303.816,68437,81692,Rhinolophus ferrumequinum,0.023,0.023,-1,Echolocation,/mnt/ubna_data_02_mir/recover-20220922/UBNA_001/20220921_090000.WAV,Telephone Field,recover-20220922,001,1795
303.7855,303.7921,24609,35055,Plecotus austriacus,0.015,0.031,-1,Echolocation,/mnt/ubna_data_02_mir/recover-20220922/UBNA_001/20220921_090000.WAV,Telephone Field,recover-20220922,001,1795
303.8225,303.8614,68437,81779,Rhinolophus ferrumequinum,0.021,0.021,-1,Echolocation,/mnt/ubna_data_02_mir/recover-20220922/UBNA_001/20220921_090000.WAV,Telephone Field,recover-20220922,001,1795
303.8355,303.876,68437,82377,Rhinolophus ferrumequinum,0.026,0.026,-1,Echolocation,/mnt/ubna_data_02_mir/recover-20220922/UBNA_001/20220921_090000.WAV,Telephone Field,recover-20220922,001,1795
303.8555,303.8943,68437,81563,Rhinolophus ferrumequinum,0.023,0.023,-1,Echolocation,/mnt/ubna_data_02_mir/recover-20220922/UBNA_001/20220921_090000.WAV,Telephone Field,recover-20220922,001,1795
303.8865,303.9257,68437,82485,Rhinolophus ferrumequinum,0.022,0.022,-1,Echolocation,/mnt/ubna_data_02_mir/recover-20220922/UBNA_001/20220921_090000.WAV,Telephone Field,recover-20220922,001,1795
303.9055,303.9426,68437,81380,Rhinolophus ferrumequinum,0.022,0.022,-1,Echolocation,/mnt/ubna_data_02_mir/recover-20220922/UBNA_001/20220921_090000.WAV,Telephone Field,recover-20220922,001,1795
303.9255,303.9665,68437,82677,Rhinolophus ferrumequinum,0.021,0.021,-1,Echolocation,/mnt/ubna_data_02_mir/recover-20220922/UBNA_001/20220921_090000.WAV,Telephone Field,recover-20220922,001,1795
303.9265,303.9361,28906,36957,Eptesicus serotinus,0.008,0.021,-1,Echolocation,/mnt/ubna_data_02_mir/recover-20220922/UBNA_001/20220921_090000.WAV,Telephone Field,recover-20220922,001,1795
303.9505,303.9921,68437,82485,Rhinolophus ferrumequinum,0.024,0.024,-1,Echolocation,/mnt/ubna_data_02_mir/recover-20220922/UBNA_001/20220921_090000.WAV,Telephone Field,recover-20220922,001,1795
304.0015,304.0344,68437,80627,Rhinolophus ferrumequinum,0.026,0.026,-1,Echolocation,/mnt/ubna_data_02_mir/recover-20220922/UBNA_001/20220921_090000.WAV,Telephone Field,recover-20220922,001,1795
304.0015,304.0098,24609,35441,Myotis nattereri,0.005,0.022,-1,Echolocation,/mnt/ubna_data_02_mir/recover-20220922/UBNA_001/20220921_090000.WAV,Telephone Field,recover-20220922,001,1795
304.0205,304.0343,54687,59707,Pipistrellus pygmaeus,0.02,0.023,-1,Echolocation,/mnt/ubna_data_02_mir/recover-20220922/UBNA_001/20220921_090000.WAV,Telephone Field,recover-20220922,001,1795
304.0205,304.0628,68437,83620,Rhinolophus ferrumequinum,0.025,0.025,-1,Echolocation,/mnt/ubna_data_02_mir/recover-20220922/UBNA_001/20220921_090000.WAV,Telephone Field,recover-20220922,001,1795
304.0475,304.0563,46953,50472,Pipistrellus pipistrellus,0.045,0.048,-1,Echolocation,/mnt/ubna_data_02_mir/recover-20220922/UBNA_001/20220921_090000.WAV,Telephone Field,recover-20220922,001,1795
304.0605,304.1062,68437,83107,Rhinolophus ferrumequinum,0.049,0.049,-1,Echolocation,/mnt/ubna_data_02_mir/recover-20220922/UBNA_001/20220921_090000.WAV,Telephone Field,recover-20220922,001,1795
304.0835,304.1259,68437,82952,Rhinolophus ferrumequinum,0.028,0.028,-1,Echolocation,/mnt/ubna_data_02_mir/recover-20220922/UBNA_001/20220921_090000.WAV,Telephone Field,recover-20220922,001,1795
304.0925,304.1043,22031,26166,Nyctalus leisleri,0.012,0.021,-1,Echolocation,/mnt/ubna_data_02_mir/recover-20220922/UBNA_001/20220921_090000.WAV,Telephone Field,recover-20220922,001,1795
304.1115,304.1527,68437,82566,Rhinolophus ferrumequinum,0.021,0.021,-1,Echolocation,/mnt/ubna_data_02_mir/recover-20220922/UBNA_001/20220921_090000.WAV,Telephone Field,recover-20220922,001,1795
304.1495,304.187,68437,81802,Rhinolophus ferrumequinum,0.02,0.02,-1,Echolocation,/mnt/ubna_data_02_mir/recover-20220922/UBNA_001/20220921_090000.WAV,Telephone Field,recover-20220922,001,1795
304.1595,304.166,50390,57196,Pipistrellus pipistrellus,0.028,0.032,-1,Echolocation,/mnt/ubna_data_02_mir/recover-20220922/UBNA_001/20220921_090000.WAV,Telephone Field,recover-20220922,001,1795
304.1655,304.1752,27187,35455,Eptesicus serotinus,0.009,0.021,-1,Echolocation,/mnt/ubna_data_02_mir/recover-20220922/UBNA_001/20220921_090000.WAV,Telephone Field,recover-20220922,001,1795
304.2305,304.2687,68437,81731,Rhinolophus ferrumequinum,0.02,0.02,-1,Echolocation,/mnt/ubna_data_02_mir/recover-20220922/UBNA_001/20220921_090000.WAV,Telephone Field,recover-20220922,001,1795
304.2575,304.2669,28046,41894,Eptesicus serotinus,0.011,0.022,-1,Echolocation,/mnt/ubna_data_02_mir/recover-20220922/UBNA_001/20220921_090000.WAV,Telephone Field,recover-20220922,001,1795
304.2705,304.2805,25468,34068,Eptesicus serotinus,0.009,0.022,-1,Echolocation,/mnt/ubna_data_02_mir/recover-20220922/UBNA_001/20220921_090000.WAV,Telephone Field,recover-20220922,001,1795
304.2745,304.3114,68437,81714,Rhinolophus ferrumequinum,0.021,0.022,-1,Echolocation,/mnt/ubna_data_02_mir/recover-20220922/UBNA_001/20220921_090000.WAV,Telephone Field,recover-20220922,001,1795
304.2945,304.3046,28046,35850,Eptesicus serotinus,0.01,0.021,-1,Echolocation,/mnt/ubna_data_02_mir/recover-20220922/UBNA_001/20220921_090000.WAV,Telephone Field,recover-20220922,001,1795
304.3165,304.3574,68437,82565,Rhinolophus ferrumequinum,0.026,0.026,-1,Echolocation,/mnt/ubna_data_02_mir/recover-20220922/UBNA_001/20220921_090000.WAV,Telephone Field,recover-20220922,001,1795
304.3615,304.3996,68437,81737,Rhinolophus ferrumequinum,0.022,0.022,-1,Echolocation,/mnt/ubna_data_02_mir/recover-20220922/UBNA_001/20220921_090000.WAV,Telephone Field,recover-20220922,001,1795
304.3975,304.4368,68437,82357,Rhinolophus ferrumequinum,0.022,0.022,-1,Echolocation,/mnt/ubna_data_02_mir/recover-20220922/UBNA_001/20220921_090000.WAV,Telephone Field,recover-20220922,001,1795
304.4035,304.441,68437,81254,Rhinolophus ferrumequinum,0.02,0.02,-1,Echolocation,/mnt/ubna_data_02_mir/recover-20220922/UBNA_001/20220921_090000.WAV,Telephone Field,recover-20220922,001,1795
304.4245,304.4338,22890,29670,Nyctalus leisleri,0.007,0.023,-1,Echolocation,/mnt/ubna_data_02_mir/recover-20220922/UBNA_001/20220921_090000.WAV,Telephone Field,recover-20220922,001,1795
304.4555,304.4922,68437,81506,Rhinolophus ferrumequinum,0.022,0.022,-1,Echolocation,/mnt/ubna_data_02_mir/recover-20220922/UBNA_001/20220921_090000.WAV,Telephone Field,recover-20220922,001,1795
304.4565,304.4627,51250,58657,Pipistrellus pipistrellus,0.018,0.022,-1,Echolocation,/mnt/ubna_data_02_mir/recover-20220922/UBNA_001/20220921_090000.WAV,Telephone Field,recover-20220922,001,1795
304.4785,304.5172,68437,81798,Rhinolophus ferrumequinum,0.021,0.021,-1,Echolocation,/mnt/ubna_data_02_mir/recover-20220922/UBNA_001/20220921_090000.WAV,Telephone Field,recover-20220922,001,1795
304.4865,304.495,27187,39328,Eptesicus serotinus,0.009,0.022,-1,Echolocation,/mnt/ubna_data_02_mir/recover-20220922/UBNA_001/20220921_090000.WAV,Telephone Field,recover-20220922,001,1795
304.5005,304.5399,68437,82245,Rhinolophus ferrumequinum,0.023,0.023,-1,Echolocation,/mnt/ubna_data_02_mir/recover-20220922/UBNA_001/20220921_090000.WAV,Telephone Field,recover-20220922,001,1795
304.5205,304.5585,68437,82392,Rhinolophus ferrumequinum,0.021,0.021,-1,Echolocation,/mnt/ubna_data_02_mir/recover-20220922/UBNA_001/20220921_090000.WAV,Telephone Field,recover-20220922,001,1795
304.5895,304.6302,68437,82792,Rhinolophus ferrumequinum,0.028,0.028,-1,Echolocation,/mnt/ubna_data_02_mir/recover-20220922/UBNA_001/20220921_090000.WAV,Telephone Field,recover-20220922,001,1795
304.5975,304.639,68437,82664,Rhinolophus ferrumequinum,0.025,0.025,-1,Echolocation,/mnt/ubna_data_02_mir/recover-20220922/UBNA_001/20220921_090000.WAV,Telephone Field,recover-20220922,001,1795
304.6045,304.6118,44375,48035,Pipistrellus pipistrellus,0.022,0.024,-1,Echolocation,/mnt/ubna_data_02_mir/recover-20220922/UBNA_001/20220921_090000.WAV,Telephone Field,recover-20220922,001,1795
304.6045,304.617,23750,30256,Nyctalus leisleri,0.016,0.034,-1,Echolocation,/mnt/ubna_data_02_mir/recover-20220922/UBNA_001/20220921_090000.WAV,Telephone Field,recover-20220922,001,1795
304.6665,304.7031,68437,81668,Rhinolophus ferrumequinum,0.021,0.021,-1,Echolocation,/mnt/ubna_data_02_mir/recover-20220922/UBNA_001/20220921_090000.WAV,Telephone Field,recover-20220922,001,1795
304.6665,304.6734,27187,41578,Eptesicus serotinus,0.008,0.023,-1,Echolocation,/mnt/ubna_data_02_mir/recover-20220922/UBNA_001/20220921_090000.WAV,Telephone Field,recover-20220922,001,1795
304.6935,304.7343,68437,82305,Rhinolophus ferrumequinum,0.021,0.022,-1,Echolocation,/mnt/ubna_data_02_mir/recover-20220922/UBNA_001/20220921_090000.WAV,Telephone Field,recover-20220922,001,1795
304.7035,304.7115,28906,41093,Eptesicus serotinus,0.008,0.024,-1,Echolocation,/mnt/ubna_data_02_mir/recover-20220922/UBNA_001/20220921_090000.WAV,Telephone Field,recover-20220922,001,1795
304.7065,304.7458,68437,82721,Rhinolophus ferrumequinum,0.025,0.025,-1,Echolocation,/mnt/ubna_data_02_mir/recover-20220922/UBNA_001/20220921_090000.WAV,Telephone Field,recover-20220922,001,1795
304.7585,304.7932,68437,81324,Rhinolophus ferrumequinum,0.024,0.024,-1,Echolocation,/mnt/ubna_data_02_mir/recover-20220922/UBNA_001/20220921_090000.WAV,Telephone Field,recover-20220922,001,1795
304.7685,304.7768,28046,40466,Eptesicus serotinus,0.007,0.021,-1,Echolocation,/mnt/ubna_data_02_mir/recover-20220922/UBNA_001/20220921_090000.WAV,Telephone Field,recover-20220922,001,1795
304.7805,304.8164,68437,81998,Rhinolophus ferrumequinum,0.023,0.023,-1,Echolocation,/mnt/ubna_data_02_mir/recover-20220922/UBNA_001/20220921_090000.WAV,Telephone Field,recover-20220922,001,1795
304.8225,304.8609,68437,81911,Rhinolophus ferrumequinum,0.022,0.022,-1,Echolocation,/mnt/ubna_data_02_mir/recover-20220922/UBNA_001/20220921_090000.WAV,Telephone Field,recover-20220922,001,1795
304.8305,304.8414,23750,28852,Nyctalus leisleri,0.012,0.025,-1,Echolocation,/mnt/ubna_data_02_mir/recover-20220922/UBNA_001/20220921_090000.WAV,Telephone Field,recover-20220922,001,1795
304.8415,304.8781,68437,81563,Rhinolophus ferrumequinum,0.021,0.021,-1,Echolocation,/mnt/ubna_data_02_mir/recover-20220922/UBNA_001/20220921_090000.WAV,Telephone Field,recover-20220922,001,1795
304.8535,304.893,68437,82806,Rhinolophus ferrumequinum,0.027,0.027,-1,Echolocation,/mnt/ubna_data_02_mir/recover-20220922/UBNA_001/20220921_090000.WAV,Telephone Field,recover-20220922,001,1795
304.8875,304.928,68437,82334,Rhinolophus ferrumequinum,0.026,0.026,-1,Echolocation,/mnt/ubna_data_02_mir/recover-20220922/UBNA_001/20220921_090000.WAV,Telephone Field,recover-20220922,001,1795
304.9365,304.9781,68437,82935,Rhinolophus ferrumequinum,0.028,0.028,-1,Echolocation,/mnt/ubna_data_02_mir/recover-20220922/UBNA_001/20220921_090000.WAV,Telephone Field,recover-20220922,001,1795
304.9605,304.9676,24609,34014,Plecotus austriacus,0.007,0.022,-1,Echolocation,/mnt/ubna_data_02_mir/recover-20220922/UBNA_001/20220921_090000.WAV,Telephone Field,recover-20220922,001,1795
304.9625,304.9711,44375,49732,Pipistrellus pipistrellus,0.025,0.032,-1,Echolocation,/mnt/ubna_data_02_mir/recover-20220922/UBNA_001/20220921_090000.WAV,Telephone Field,recover-20220922,001,1795
304.9715,305.0119,68437,82015,Rhinolophus ferrumequinum,0.02,0.02,-1,Echolocation,/mnt/ubna_data_02_mir/recover-20220922/UBNA_001/20220921_090000.WAV,Telephone Field,recover-20220922,001,1795
304.9795,305.0194,68437,82416,Rhinolophus ferrumequinum,0.022,0.022,-1,Echolocation,/mnt/ubna_data_02_mir/recover-20220922/UBNA_001/20220921_090000.WAV,Telephone Field,recover-20220922,001,1795
304.9995,305.0392,68437,82087,Rhinolophus ferrumequinum,0.023,0.023,-1,Echolocation,/mnt/ubna_data_02_mir/recover-20220922/UBNA_001/20220921_090000.WAV,Telephone Field,recover-20220922,001,1795
305.0035,305.0136,22890,28337,Nyctalus leisleri,0.009,0.02,-1,Echolocation,/mnt/ubna_data_02_mir/recover-20220922/UBNA_001/20220921_090000.WAV,Telephone Field,recover-20220922,001,1795
305.0075,305.05,68437,82949,Rhinolophus ferrumequinum,0.028,0.028,-1,Echolocation,/mnt/ubna_data_02_mir/recover-20220922/UBNA_001/20220921_090000.WAV,Telephone Field,recover-20220922,001,1795
305.0615,305.097,68437,80926,Rhinolophus ferrumequinum,0.021,0.021,-1,Echolocation,/mnt/ubna_data_02_mir/recover-20220922/UBNA_001/20220921_090000.WAV,Telephone Field,recover-20220922,001,1795
305.0645,305.0725,28906,37241,Eptesicus serotinus,0.026,0.052,-1,Echolocation,/mnt/ubna_data_02_mir/recover-20220922/UBNA_001/20220921_090000.WAV,Telephone Field,recover-20220922,001,1795
305.1075,305.1446,68437,82084,Rhinolophus ferrumequinum,0.034,0.034,-1,Echolocation,/mnt/ubna_data_02_mir/recover-20220922/UBNA_001/20220921_090000.WAV,Telephone Field,recover-20220922,001,1795
305.1435,305.1838,68437,82440,Rhinolophus ferrumequinum,0.023,0.023,-1,Echolocation,/mnt/ubna_data_02_mir/recover-20220922/UBNA_001/20220921_090000.WAV,Telephone Field,recover-20220922,001,1795
305.1705,305.2037,68437,81352,Rhinolophus ferrumequinum,0.024,0.024,-1,Echolocation,/mnt/ubna_data_02_mir/recover-20220922/UBNA_001/20220921_090000.WAV,Telephone Field,recover-20220922,001,1795
305.2095,305.2192,28046,37409,Eptesicus serotinus,0.013,0.026,-1,Echolocation,/mnt/ubna_data_02_mir/recover-20220922/UBNA_001/20220921_090000.WAV,Telephone Field,recover-20220922,001,1795
305.2295,305.2749,68437,83476,Rhinolophus ferrumequinum,0.093,0.093,-1,Echolocation,/mnt/ubna_data_02_mir/recover-20220922/UBNA_001/20220921_090000.WAV,Telephone Field,recover-20220922,001,1795
305.2755,305.3129,68437,81711,Rhinolophus ferrumequinum,0.023,0.023,-1,Echolocation,/mnt/ubna_data_02_mir/recover-20220922/UBNA_001/20220921_090000.WAV,Telephone Field,recover-20220922,001,1795
305.3125,305.3517,68437,82564,Rhinolophus ferrumequinum,0.021,0.021,-1,Echolocation,/mnt/ubna_data_02_mir/recover-20220922/UBNA_001/20220921_090000.WAV,Telephone Field,recover-20220922,001,1795
305.3575,305.396,68437,82053,Rhinolophus ferrumequinum,0.025,0.025,-1,Echolocation,/mnt/ubna_data_02_mir/recover-20220922/UBNA_001/20220921_090000.WAV,Telephone Field,recover-20220922,001,1795
305.3695,305.4053,68437,81232,Rhinolophus ferrumequinum,0.021,0.021,-1,Echolocation,/mnt/ubna_data_02_mir/recover-20220922/UBNA_001/20220921_090000.WAV,Telephone Field,recover-20220922,001,1795
305.3695,305.3781,28046,39476,Eptesicus serotinus,0.008,0.021,-1,Echolocation,/mnt/ubna_data_02_mir/recover-20220922/UBNA_001/20220921_090000.WAV,Telephone Field,recover-20220922,001,1795
305.4065,305.4131,28906,38955,Eptesicus serotinus,0.007,0.026,-1,Echolocation,/mnt/ubna_data_02_mir/recover-20220922/UBNA_001/20220921_090000.WAV,Telephone Field,recover-20220922,001,1795
305.4075,305.4468,68437,82042,Rhinolophus ferrumequinum,0.02,0.02,-1,Echolocation,/mnt/ubna_data_02_mir/recover-20220922/UBNA_001/20220921_090000.WAV,Telephone Field,recover-20220922,001,1795
305.4245,305.44,22031,25840,Nyctalus leisleri,0.062,0.12,-1,Echolocation,/mnt/ubna_data_02_mir/recover-20220922/UBNA_001/20220921_090000.WAV,Telephone Field,recover-20220922,001,1795
305.4375,305.4798,68437,82610,Rhinolophus ferrumequinum,0.023,0.023,-1,Echolocation,/mnt/ubna_data_02_mir/recover-20220922/UBNA_001/20220921_090000.WAV,Telephone Field,recover-20220922,001,1795
305.4655,305.5037,68437,82088,Rhinolophus ferrumequinum,0.022,0.022,-1,Echolocation,/mnt/ubna_data_02_mir/recover-20220922/UBNA_001/20220921_090000.WAV,Telephone Field,recover-20220922,001,1795
305.4835,305.493,22890,29625,Nyctalus leisleri,0.006,0.02,-1,Echolocation,/mnt/ubna_data_02_mir/recover-20220922/UBNA_001/20220921_090000.WAV,Telephone Field,recover-20220922,001,1795
305.5045,305.5466,68437,82714,Rhinolophus ferrumequinum,0.034,0.034,-1,Echolocation,/mnt/ubna_data_02_mir/recover-20220922/UBNA_001/20220921_090000.WAV,Telephone Field,recover-20220922,001,1795
305.5305,305.5671,68437,81711,Rhinolophus ferrumequinum,0.021,0.021,-1,Echolocation,/mnt/ubna_data_02_mir/recover-20220922/UBNA_001/20220921_090000.WAV,Telephone Field,recover-20220922,001,1795
305.5645,305.5736,24609,32407,Nyctalus leisleri,0.007,0.023,-1,Echolocation,/mnt/ubna_data_02_mir/recover-20220922/UBNA_001/20220921_090000.WAV,Telephone Field,recover-20220922,001,1795
305.5655,305.6044,68437,82208,Rhinolophus ferrumequinum,0.022,0.022,-1,Echolocation,/mnt/ubna_data_02_mir/recover-20220922/UBNA_001/20220921_090000.WAV,Telephone Field,recover-20220922,001,1795
305.5845,305.6238,68437,82721,Rhinolophus ferrumequinum,0.022,0.022,-1,Echolocation,/mnt/ubna_data_02_mir/recover-20220922/UBNA_001/20220921_090000.WAV,Telephone Field,recover-20220922,001,1795
305.6145,305.6514,68437,82267,Rhinolophus ferrumequinum,0.027,0.027,-1,Echolocation,/mnt/ubna_data_02_mir/recover-20220922/UBNA_001/20220921_090000.WAV,Telephone Field,recover-20220922,001,1795
305.6415,305.6768,68437,81576,Rhinolophus ferrumequinum,0.024,0.024,-1,Echolocation,/mnt/ubna_data_02_mir/recover-20220922/UBNA_001/20220921_090000.WAV,Telephone Field,recover-20220922,001,1795
305.6785,305.7191,68437,82846,Rhinolophus ferrumequinum,0.023,0.023,-1,Echolocation,/mnt/ubna_data_02_mir/recover-20220922/UBNA_001/20220921_090000.WAV,Telephone Field,recover-20220922,001,1795
305.6855,305.7273,68437,82892,Rhinolophus ferrumequinum,0.024,0.024,-1,Echolocation,/mnt/ubna_data_02_mir/recover-20220922/UBNA_001/20220921_090000.WAV,Telephone Field,recover-20220922,001,1795
305.7275,305.7662,68437,82195,Rhinolophus ferrumequinum,0.021,0.021,-1,Echolocation,/mnt/ubna_data_02_mir/recover-20220922/UBNA_001/20220921_090000.WAV,Telephone Field,recover-20220922,001,1795
305.7495,305.7883,68437,82159,Rhinolophus ferrumequinum,0.022,0.022,-1,Echolocation,/mnt/ubna_data_02_mir/recover-20220922/UBNA_001/20220921_090000.WAV,Telephone Field,recover-20220922,001,1795
305.7595,305.7689,24609,31957,Eptesicus serotinus,0.006,0.02,-1,Echolocation,/mnt/ubna_data_02_mir/recover-20220922/UBNA_001/20220921_090000.WAV,Telephone Field,recover-20220922,001,1795
305.8005,305.81,28046,36909,Eptesicus serotinus,0.009,0.021,-1,Echolocation,/mnt/ubna_data_02_mir/recover-20220922/UBNA_001/20220921_090000.WAV,Telephone Field,recover-20220922,001,1795
305.8025,305.8428,68437,82866,Rhinolophus ferrumequinum,0.023,0.023,-1,Echolocation,/mnt/ubna_data_02_mir/recover-20220922/UBNA_001/20220921_090000.WAV,Telephone Field,recover-20220922,001,1795
305.8305,305.8705,68437,82027,Rhinolophus ferrumequinum,0.023,0.023,-1,Echolocation,/mnt/ubna_data_02_mir/recover-20220922/UBNA_001/20220921_090000.WAV,Telephone Field,recover-20220922,001,1795
305.8405,305.8814,68437,82546,Rhinolophus ferrumequinum,0.023,0.023,-1,Echolocation,/mnt/ubna_data_02_mir/recover-20220922/UBNA_001/20220921_090000.WAV,Telephone Field,recover-20220922,001,1795
305.8475,305.8874,68437,82217,Rhinolophus ferrumequinum,0.022,0.022,-1,Echolocation,/mnt/ubna_data_02_mir/recover-20220922/UBNA_001/20220921_090000.WAV,Telephone Field,recover-20220922,001,1795
305.8945,305.9027,28046,38334,Eptesicus serotinus,0.007,0.021,-1,Echolocation,/mnt/ubna_data_02_mir/recover-20220922/UBNA_001/20220921_090000.WAV,Telephone Field,recover-20220922,001,1795
305.9045,305.9446,68437,82612,Rhinolophus ferrumequinum,0.025,0.025,-1,Echolocation,/mnt/ubna_data_02_mir/recover-20220922/UBNA_001/20220921_090000.WAV,Telephone Field,recover-20220922,001,1795
305.9195,305.9281,28906,37895,Eptesicus serotinus,0.009,0.023,-1,Echolocation,/mnt/ubna_data_02_mir/recover-20220922/UBNA_001/20220921_090000.WAV,Telephone Field,recover-20220922,001,1795
305.9345,305.9453,22890,27109,Nyctalus leisleri,0.012,0.023,-1,Echolocation,/mnt/ubna_data_02_mir/recover-20220922/UBNA_001/20220921_090000.WAV,Telephone Field,recover-20220922,001,1795
305.9455,305.9861,68437,82828,Rhinolophus ferrumequinum,0.024,0.024,-1,Echolocation,/mnt/ubna_data_02_mir/recover-20220922/UBNA_001/20220921_090000.WAV,Telephone Field,recover-20220922,001,1795
305.9795,305.9894,30625,38520,Eptesicus serotinus,0.015,0.035,-1,Echolocation,/mnt/ubna_data_02_mir/recover-20220922/UBNA_001/20220921_090000.WAV,Telephone Field,recover-20220922,001,1795
306.0015,306.0106,27187,40081,Eptesicus serotinus,0.009,0.026,-1,Echolocation,/mnt/ubna_data_02_mir/recover-20220922/UBNA_001/20220921_090000.WAV,Telephone Field,recover-20220922,001,1795
306.0015,306.0345,68437,79948,Rhinolophus ferrumequinum,0.037,0.037,-1,Echolocation,/mnt/ubna_data_02_mir/recover-20220922/UBNA_001/20220921_090000.WAV,Telephone Field,recover-20220922,001,1795
306.0015,306.0104,22031,29317,Nyctalus leisleri,0.008,0.023,-1,Echolocation,/mnt/ubna_data_02_mir/recover-20220922/UBNA_001/20220921_090000.WAV,Telephone Field,recover-20220922,001,1795
306.0305,306.0695,68437,82899,Rhinolophus ferrumequinum,0.024,0.024,-1,Echolocation,/mnt/ubna_data_02_mir/recover-20220922/UBNA_001/20220921_090000.WAV,Telephone Field,recover-20220922,001,1795
306.0345,306.0451,22890,28655,Nyctalus leisleri,0.01,0.023,-1,Echolocation,/mnt/ubna_data_02_mir/recover-20220922/UBNA_001/20220921_090000.WAV,Telephone Field,recover-20220922,001,1795
306.0615,306.0976,68437,81441,Rhinolophus ferrumequinum,0.023,0.023,-1,Echolocation,/mnt/ubna_data_02_mir/recover-20220922/UBNA_001/20220921_090000.WAV,Telephone Field,recover-20220922,001,1795
306.0795,306.1184,68437,82002,Rhinolophus ferrumequinum,0.022,0.022,-1,Echolocation,/mnt/ubna_data_02_mir/recover-20220922/UBNA_001/20220921_090000.WAV,Telephone Field,recover-20220922,001,1795
306.0895,306.0973,24609,33300,Plecotus austriacus,0.009,0.028,-1,Echolocation,/mnt/ubna_data_02_mir/recover-20220922/UBNA_001/20220921_090000.WAV,Telephone Field,recover-20220922,001,1795
306.1635,306.1998,68437,81635,Rhinolophus ferrumequinum,0.023,0.023,-1,Echolocation,/mnt/ubna_data_02_mir/recover-20220922/UBNA_001/20220921_090000.WAV,Telephone Field,recover-20220922,001,1795
306.1795,306.2199,68437,81740,Rhinolophus ferrumequinum,0.023,0.023,-1,Echolocation,/mnt/ubna_data_02_mir/recover-20220922/UBNA_001/20220921_090000.WAV,Telephone Field,recover-20220922,001,1795
306.1985,306.235,68437,82107,Rhinolophus ferrumequinum,0.022,0.022,-1,Echolocation,/mnt/ubna_data_02_mir/recover-20220922/UBNA_001/20220921_090000.WAV,Telephone Field,recover-20220922,001,1795
306.2085,306.2189,27187,34840,Eptesicus serotinus,0.014,0.028,-1,Echolocation,/mnt/ubna_data_02_mir/recover-20220922/UBNA_001/20220921_090000.WAV,Telephone Field,recover-20220922,001,1795
306.2145,306.2262,28906,36070,Eptesicus serotinus,0.013,0.027,-1,Echolocation,/mnt/ubna_data_02_mir/recover-20220922/UBNA_001/20220921_090000.WAV,Telephone Field,recover-20220922,001,1795
306.2225,306.2626,68437,82438,Rhinolophus ferrumequinum,0.027,0.027,-1,Echolocation,/mnt/ubna_data_02_mir/recover-20220922/UBNA_001/20220921_090000.WAV,Telephone Field,recover-20220922,001,1795
306.2785,306.3179,68437,81977,Rhinolophus ferrumequinum,0.023,0.023,-1,Echolocation,/mnt/ubna_data_02_mir/recover-20220922/UBNA_001/20220921_090000.WAV,Telephone Field,recover-20220922,001,1795
306.2935,306.3018,28046,39058,Eptesicus serotinus,0.008,0.024,-1,Echolocation,/mnt/ubna_data_02_mir/recover-20220922/UBNA_001/20220921_090000.WAV,Telephone Field,recover-20220922,001,1795
306.2975,306.3351,68437,82136,Rhinolophus ferrumequinum,0.023,0.023,-1,Echolocation,/mnt/ubna_data_02_mir/recover-20220922/UBNA_001/20220921_090000.WAV,Telephone Field,recover-20220922,001,1795
306.3125,306.3268,22890,27107,Nyctalus leisleri,0.035,0.063,-1,Echolocation,/mnt/ubna_data_02_mir/recover-20220922/UBNA_001/20220921_090000.WAV,Telephone Field,recover-20220922,001,1795
306.3135,306.3514,68437,81757,Rhinolophus ferrumequinum,0.026,0.026,-1,Echolocation,/mnt/ubna_data_02_mir/recover-20220922/UBNA_001/20220921_090000.WAV,Telephone Field,recover-20220922,001,1795
306.3215,306.3575,68437,81666,Rhinolophus ferrumequinum,0.023,0.024,-1,Echolocation,/mnt/ubna_data_02_mir/recover-20220922/UBNA_001/20220921_090000.WAV,Telephone Field,recover-20220922,001,1795
306.3385,306.3784,68437,81852,Rhinolophus ferrumequinum,0.022,0.022,-1,Echolocation,/mnt/ubna_data_02_mir/recover-20220922/UBNA_001/20220921_090000.WAV,Telephone Field,recover-20220922,001,1795
306.3825,306.4287,68437,83477,Rhinolophus ferrumequinum,0.05,0.05,-1,Echolocation,/mnt/ubna_data_02_mir/recover-20220922/UBNA_001/20220921_090000.WAV,Telephone Field,recover-20220922,001,1795
306.4165,306.4514,68437,81796,Rhinolophus ferrumequinum,0.029,0.029,-1,Echolocation,/mnt/ubna_data_02_mir/recover-20220922/UBNA_001/20220921_090000.WAV,Telephone Field,recover-20220922,001,1795
306.4295,306.4493,20312,23883,Nyctalus leisleri,0.043,0.091,-1,Echolocation,/mnt/ubna_data_02_mir/recover-20220922/UBNA_001/20220921_090000.WAV,Telephone Field,recover-20220922,001,1795
306.4315,306.47,68437,82510,Rhinolophus ferrumequinum,0.033,0.033,-1,Echolocation,/mnt/ubna_data_02_mir/recover-20220922/UBNA_001/20220921_090000.WAV,Telephone Field,recover-20220922,001,1795
306.4655,306.4758,24609,30510,Nyctalus leisleri,0.011,0.027,-1,Echolocation,/mnt/ubna_data_02_mir/recover-20220922/UBNA_001/20220921_090000.WAV,Telephone Field,recover-20220922,001,1795
306.5005,306.5105,28906,36898,Eptesicus serotinus,0.009,0.022,-1,Echolocation,/mnt/ubna_data_02_mir/recover-20220922/UBNA_001/20220921_090000.WAV,Telephone Field,recover-20220922,001,1795
306.5125,306.5224,28046,36428,Eptesicus serotinus,0.011,0.025,-1,Echolocation,/mnt/ubna_data_02_mir/recover-20220922/UBNA_001/20220921_090000.WAV,Telephone Field,recover-20220922,001,1795
306.5375,306.5776,68437,82580,Rhinolophus ferrumequinum,0.026,0.026,-1,Echolocation,/mnt/ubna_data_02_mir/recover-20220922/UBNA_001/20220921_090000.WAV,Telephone Field,recover-20220922,001,1795
306.5495,306.5896,68437,82439,Rhinolophus ferrumequinum,0.026,0.026,-1,Echolocation,/mnt/ubna_data_02_mir/recover-20220922/UBNA_001/20220921_090000.WAV,Telephone Field,recover-20220922,001,1795
306.5535,306.5609,26328,35815,Eptesicus serotinus,0.006,0.022,-1,Echolocation,/mnt/ubna_data_02_mir/recover-20220922/UBNA_001/20220921_090000.WAV,Telephone Field,recover-20220922,001,1795
306.5585,306.5989,68437,82475,Rhinolophus ferrumequinum,0.024,0.024,-1,Echolocation,/mnt/ubna_data_02_mir/recover-20220922/UBNA_001/20220921_090000.WAV,Telephone Field,recover-20220922,001,1795
306.5815,306.6206,68437,82818,Rhinolophus ferrumequinum,0.046,0.046,-1,Echolocation,/mnt/ubna_data_02_mir/recover-20220922/UBNA_001/20220921_090000.WAV,Telephone Field,recover-20220922,001,1795
306.5875,306.596,27187,37213,Eptesicus serotinus,0.007,0.022,-1,Echolocation,/mnt/ubna_data_02_mir/recover-20220922/UBNA_001/20220921_090000.WAV,Telephone Field,recover-20220922,001,1795
306.5995,306.6426,68437,83532,Rhinolophus ferrumequinum,0.043,0.043,-1,Echolocation,/mnt/ubna_data_02_mir/recover-20220922/UBNA_001/20220921_090000.WAV,Telephone Field,recover-20220922,001,1795
306.6345,306.6717,68437,81941,Rhinolophus ferrumequinum,0.022,0.022,-1,Echolocation,/mnt/ubna_data_02_mir/recover-20220922/UBNA_001/20220921_090000.WAV,Telephone Field,recover-20220922,001,1795
306.6545,306.6659,39218,43684,Pipistrellus nathusii,0.017,0.027,-1,Echolocation,/mnt/ubna_data_02_mir/recover-20220922/UBNA_001/20220921_090000.WAV,Telephone Field,recover-20220922,001,1795
306.6585,306.6715,21171,25308,Nyctalus leisleri,0.013,0.028,-1,Echolocation,/mnt/ubna_data_02_mir/recover-20220922/UBNA_001/20220921_090000.WAV,Telephone Field,recover-20220922,001,1795
306.6705,306.7118,68437,82888,Rhinolophus ferrumequinum,0.03,0.03,-1,Echolocation,/mnt/ubna_data_02_mir/recover-20220922/UBNA_001/20220921_090000.WAV,Telephone Field,recover-20220922,001,1795
306.6795,306.6907,22890,27123,Nyctalus leisleri,0.016,0.029,-1,Echolocation,/mnt/ubna_data_02_mir/recover-20220922/UBNA_001/20220921_090000.WAV,Telephone Field,recover-20220922,001,1795
306.7145,306.756,68437,82839,Rhinolophus ferrumequinum,0.044,0.044,-1,Echolocation,/mnt/ubna_data_02_mir/recover-20220922/UBNA_001/20220921_090000.WAV,Telephone Field,recover-20220922,001,1795
306.7675,306.8081,68437,82989,Rhinolophus ferrumequinum,0.023,0.023,-1,Echolocation,/mnt/ubna_data_02_mir/recover-20220922/UBNA_001/20220921_090000.WAV,Telephone Field,recover-20220922,001,1795
306.7695,306.7776,26328,35676,Eptesicus serotinus,0.008,0.022,-1,Echolocation,/mnt/ubna_data_02_mir/recover-20220922/UBNA_001/20220921_090000.WAV,Telephone Field,recover-20220922,001,1795
306.8035,306.8142,22890,29091,Nyctalus leisleri,0.011,0.028,-1,Echolocation,/mnt/ubna_data_02_mir/recover-20220922/UBNA_001/20220921_090000.WAV,Telephone Field,recover-20220922,001,1795
306.8195,306.857,68437,82381,Rhinolophus ferrumequinum,0.023,0.024,-1,Echolocation,/mnt/ubna_data_02_mir/recover-20220922/UBNA_001/20220921_090000.WAV,Telephone Field,recover-20220922,001,1795
306.8285,306.8606,68437,81524,Rhinolophus ferrumequinum,0.024,0.024,-1,Echolocation,/mnt/ubna_data_02_mir/recover-20220922/UBNA_001/20220921_090000.WAV,Telephone Field,recover-20220922,001,1795
306.8305,306.8372,27187,39482,Eptesicus serotinus,0.006,0.022,-1,Echolocation,/mnt/ubna_data_02_mir/recover-20220922/UBNA_001/20220921_090000.WAV,Telephone Field,recover-20220922,001,1795
306.8435,306.8619,20312,23494,Nyctalus leisleri,0.014,0.024,-1,Echolocation,/mnt/ubna_data_02_mir/recover-20220922/UBNA_001/20220921_090000.WAV,Telephone Field,recover-20220922,001,1795
306.8475,306.8857,68437,81937,Rhinolophus ferrumequinum,0.026,0.026,-1,Echolocation,/mnt/ubna_data_02_mir/recover-20220922/UBNA_001/20220921_090000.WAV,Telephone Field,recover-20220922,001,1795
306.8585,306.8962,68437,82067,Rhinolophus ferrumequinum,0.023,0.023,-1,Echolocation,/mnt/ubna_data_02_mir/recover-20220922/UBNA_001/20220921_090000.WAV,Telephone Field,recover-20220922,001,1795
306.8845,306.9195,68437,80964,Rhinolophus ferrumequinum,0.025,0.025,-1,Echolocation,/mnt/ubna_data_02_mir/recover-20220922/UBNA_001/20220921_090000.WAV,Telephone Field,recover-20220922,001,1795
306.9045,306.9425,68437,82381,Rhinolophus ferrumequinum,0.022,0.022,-1,Echolocation,/mnt/ubna_data_02_mir/recover-20220922/UBNA_001/20220921_090000.WAV,Telephone Field,recover-20220922,001,1795
306.9265,306.9631,68437,82223,Rhinolophus ferrumequinum,0.031,0.031,-1,Echolocation,/mnt/ubna_data_02_mir/recover-20220922/UBNA_001/20220921_090000.WAV,Telephone Field,recover-20220922,001,1795
306.9515,306.9901,68437,82445,Rhinolophus ferrumequinum,0.024,0.024,-1,Echolocation,/mnt/ubna_data_02_mir/recover-20220922/UBNA_001/20220921_090000.WAV,Telephone Field,recover-20220922,001,1795
306.9705,306.9809,23750,31187,Nyctalus leisleri,0.01,0.027,-1,Echolocation,/mnt/ubna_data_02_mir/recover-20220922/UBNA_001/20220921_090000.WAV,Telephone Field,recover-20220922,001,1795
306.9735,307.0103,68437,81324,Rhinolophus ferrumequinum,0.022,0.022,-1,Echolocation,/mnt/ubna_data_02_mir/recover-20220922/UBNA_001/20220921_090000.WAV,Telephone Field,recover-20220922,001,1795
307.0095,307.0511,68437,82527,Rhinolophus ferrumequinum,0.025,0.025,-1,Echolocation,/mnt/ubna_data_02_mir/recover-20220922/UBNA_001/20220921_090000.WAV,Telephone Field,recover-20220922,001,1795
307.0495,307.09590000000003,68437,83268,Rhinolophus ferrumequinum,0.046,0.046,-1,Echolocation,/mnt/ubna_data_02_mir/recover-20220922/UBNA_001/20220921_090000.WAV,Telephone Field,recover-20220922,001,1795
307.1385,307.1755,68437,82264,Rhinolophus ferrumequinum,0.024,0.024,-1,Echolocation,/mnt/ubna_data_02_mir/recover-20220922/UBNA_001/20220921_090000.WAV,Telephone Field,recover-20220922,001,1795
307.1385,307.1497,21171,26041,Nyctalus leisleri,0.011,0.023,-1,Echolocation,/mnt/ubna_data_02_mir/recover-20220922/UBNA_001/20220921_090000.WAV,Telephone Field,recover-20220922,001,1795
307.1395,307.1459,28046,47128,Eptesicus serotinus,0.006,0.023,-1,Echolocation,/mnt/ubna_data_02_mir/recover-20220922/UBNA_001/20220921_090000.WAV,Telephone Field,recover-20220922,001,1795
307.1395,307.1448,37500,47457,Myotis daubentonii,0.01,0.023,-1,Echolocation,/mnt/ubna_data_02_mir/recover-20220922/UBNA_001/20220921_090000.WAV,Telephone Field,recover-20220922,001,1795
307.1675,307.2091,68437,82477,Rhinolophus ferrumequinum,0.023,0.023,-1,Echolocation,/mnt/ubna_data_02_mir/recover-20220922/UBNA_001/20220921_090000.WAV,Telephone Field,recover-20220922,001,1795
307.1805,307.2188,68437,82124,Rhinolophus ferrumequinum,0.026,0.026,-1,Echolocation,/mnt/ubna_data_02_mir/recover-20220922/UBNA_001/20220921_090000.WAV,Telephone Field,recover-20220922,001,1795
307.1895,307.1989,28906,39287,Eptesicus serotinus,0.008,0.022,-1,Echolocation,/mnt/ubna_data_02_mir/recover-20220922/UBNA_001/20220921_090000.WAV,Telephone Field,recover-20220922,001,1795
307.2105,307.2478,68437,82008,Rhinolophus ferrumequinum,0.027,0.027,-1,Echolocation,/mnt/ubna_data_02_mir/recover-20220922/UBNA_001/20220921_090000.WAV,Telephone Field,recover-20220922,001,1795
307.2355,307.2709,68437,81790,Rhinolophus ferrumequinum,0.023,0.023,-1,Echolocation,/mnt/ubna_data_02_mir/recover-20220922/UBNA_001/20220921_090000.WAV,Telephone Field,recover-20220922,001,1795
307.2785,307.315,68437,81372,Rhinolophus ferrumequinum,0.024,0.024,-1,Echolocation,/mnt/ubna_data_02_mir/recover-20220922/UBNA_001/20220921_090000.WAV,Telephone Field,recover-20220922,001,1795
307.3155,307.3562,68437,81824,Rhinolophus ferrumequinum,0.024,0.024,-1,Echolocation,/mnt/ubna_data_02_mir/recover-20220922/UBNA_001/20220921_090000.WAV,Telephone Field,recover-20220922,001,1795
307.3285,307.3649,68437,81864,Rhinolophus ferrumequinum,0.024,0.024,-1,Echolocation,/mnt/ubna_data_02_mir/recover-20220922/UBNA_001/20220921_090000.WAV,Telephone Field,recover-20220922,001,1795
307.3395,307.347,28046,36881,Eptesicus serotinus,0.008,0.022,-1,Echolocation,/mnt/ubna_data_02_mir/recover-20220922/UBNA_001/20220921_090000.WAV,Telephone Field,recover-20220922,001,1795
307.3595,307.3996,68437,82163,Rhinolophus ferrumequinum,0.022,0.022,-1,Echolocation,/mnt/ubna_data_02_mir/recover-20220922/UBNA_001/20220921_090000.WAV,Telephone Field,recover-20220922,001,1795
307.3805,307.3875,28046,43692,Eptesicus serotinus,0.008,0.026,-1,Echolocation,/mnt/ubna_data_02_mir/recover-20220922/UBNA_001/20220921_090000.WAV,Telephone Field,recover-20220922,001,1795
307.3835,307.4242,68437,82661,Rhinolophus ferrumequinum,0.043,0.043,-1,Echolocation,/mnt/ubna_data_02_mir/recover-20220922/UBNA_001/20220921_090000.WAV,Telephone Field,recover-20220922,001,1795
307.4395,307.4746,68437,81266,Rhinolophus ferrumequinum,0.023,0.023,-1,Echolocation,/mnt/ubna_data_02_mir/recover-20220922/UBNA_001/20220921_090000.WAV,Telephone Field,recover-20220922,001,1795
307.4745,307.4852,38359,43572,Pipistrellus nathusii,0.023,0.036,-1,Echolocation,/mnt/ubna_data_02_mir/recover-20220922/UBNA_001/20220921_090000.WAV,Telephone Field,recover-20220922,001,1795
307.4885,307.5282,68437,82065,Rhinolophus ferrumequinum,0.028,0.028,-1,Echolocation,/mnt/ubna_data_02_mir/recover-20220922/UBNA_001/20220921_090000.WAV,Telephone Field,recover-20220922,001,1795
307.5145,307.5227,28906,39781,Eptesicus serotinus,0.009,0.026,-1,Echolocation,/mnt/ubna_data_02_mir/recover-20220922/UBNA_001/20220921_090000.WAV,Telephone Field,recover-20220922,001,1795
307.5185,307.5576,68437,82243,Rhinolophus ferrumequinum,0.024,0.024,-1,Echolocation,/mnt/ubna_data_02_mir/recover-20220922/UBNA_001/20220921_090000.WAV,Telephone Field,recover-20220922,001,1795
307.5385,307.5474,28046,36825,Eptesicus serotinus,0.01,0.024,-1,Echolocation,/mnt/ubna_data_02_mir/recover-20220922/UBNA_001/20220921_090000.WAV,Telephone Field,recover-20220922,001,1795
307.5405,307.5823,68437,82456,Rhinolophus ferrumequinum,0.026,0.026,-1,Echolocation,/mnt/ubna_data_02_mir/recover-20220922/UBNA_001/20220921_090000.WAV,Telephone Field,recover-20220922,001,1795
307.5725,307.5834,23750,29293,Nyctalus leisleri,0.011,0.023,-1,Echolocation,/mnt/ubna_data_02_mir/recover-20220922/UBNA_001/20220921_090000.WAV,Telephone Field,recover-20220922,001,1795
307.5745,307.6103,68437,81017,Rhinolophus ferrumequinum,0.022,0.022,-1,Echolocation,/mnt/ubna_data_02_mir/recover-20220922/UBNA_001/20220921_090000.WAV,Telephone Field,recover-20220922,001,1795
307.6235,307.6616,68437,81339,Rhinolophus ferrumequinum,0.022,0.022,-1,Echolocation,/mnt/ubna_data_02_mir/recover-20220922/UBNA_001/20220921_090000.WAV,Telephone Field,recover-20220922,001,1795
307.6395,307.6498,28046,37238,Eptesicus serotinus,0.014,0.031,-1,Echolocation,/mnt/ubna_data_02_mir/recover-20220922/UBNA_001/20220921_090000.WAV,Telephone Field,recover-20220922,001,1795
307.6535,307.694,68437,82131,Rhinolophus ferrumequinum,0.031,0.031,-1,Echolocation,/mnt/ubna_data_02_mir/recover-20220922/UBNA_001/20220921_090000.WAV,Telephone Field,recover-20220922,001,1795
307.6585,307.6671,47812,52093,Pipistrellus pipistrellus,0.023,0.025,-1,Echolocation,/mnt/ubna_data_02_mir/recover-20220922/UBNA_001/20220921_090000.WAV,Telephone Field,recover-20220922,001,1795
307.7065,307.7467,68437,82599,Rhinolophus ferrumequinum,0.03,0.03,-1,Echolocation,/mnt/ubna_data_02_mir/recover-20220922/UBNA_001/20220921_090000.WAV,Telephone Field,recover-20220922,001,1795
307.7165,307.7552,68437,81953,Rhinolophus ferrumequinum,0.024,0.025,-1,Echolocation,/mnt/ubna_data_02_mir/recover-20220922/UBNA_001/20220921_090000.WAV,Telephone Field,recover-20220922,001,1795
307.7265,307.7667,68437,82048,Rhinolophus ferrumequinum,0.022,0.022,-1,Echolocation,/mnt/ubna_data_02_mir/recover-20220922/UBNA_001/20220921_090000.WAV,Telephone Field,recover-20220922,001,1795
307.7555,307.7936,68437,81939,Rhinolophus ferrumequinum,0.022,0.022,-1,Echolocation,/mnt/ubna_data_02_mir/recover-20220922/UBNA_001/20220921_090000.WAV,Telephone Field,recover-20220922,001,1795
307.7775,307.7887,57265,62233,Pipistrellus pygmaeus,0.026,0.026,-1,Echolocation,/mnt/ubna_data_02_mir/recover-20220922/UBNA_001/20220921_090000.WAV,Telephone Field,recover-20220922,001,1795
307.8305,307.8672,68437,81852,Rhinolophus ferrumequinum,0.023,0.023,-1,Echolocation,/mnt/ubna_data_02_mir/recover-20220922/UBNA_001/20220921_090000.WAV,Telephone Field,recover-20220922,001,1795
307.8665,307.9051,68437,82359,Rhinolophus ferrumequinum,0.023,0.023,-1,Echolocation,/mnt/ubna_data_02_mir/recover-20220922/UBNA_001/20220921_090000.WAV,Telephone Field,recover-20220922,001,1795
307.8805,307.8886,28046,37637,Eptesicus serotinus,0.008,0.024,-1,Echolocation,/mnt/ubna_data_02_mir/recover-20220922/UBNA_001/20220921_090000.WAV,Telephone Field,recover-20220922,001,1795
307.9355,307.9461,22031,26240,Nyctalus leisleri,0.012,0.022,-1,Echolocation,/mnt/ubna_data_02_mir/recover-20220922/UBNA_001/20220921_090000.WAV,Telephone Field,recover-20220922,001,1795
307.9835,307.9985,20312,23748,Nyctalus leisleri,0.015,0.026,-1,Echolocation,/mnt/ubna_data_02_mir/recover-20220922/UBNA_001/20220921_090000.WAV,Telephone Field,recover-20220922,001,1795
308.0015,308.0083,25468,37562,Myotis nattereri,0.006,0.025,-1,Echolocation,/mnt/ubna_data_02_mir/recover-20220922/UBNA_001/20220921_090000.WAV,Telephone Field,recover-20220922,001,1795
308.0015,308.0376,68437,80503,Rhinolophus ferrumequinum,0.031,0.031,-1,Echolocation,/mnt/ubna_data_02_mir/recover-20220922/UBNA_001/20220921_090000.WAV,Telephone Field,recover-20220922,001,1795
308.0085,308.0556,68437,83156,Rhinolophus ferrumequinum,0.028,0.028,-1,Echolocation,/mnt/ubna_data_02_mir/recover-20220922/UBNA_001/20220921_090000.WAV,Telephone Field,recover-20220922,001,1795
308.0485,308.0914,68437,83037,Rhinolophus ferrumequinum,0.027,0.027,-1,Echolocation,/mnt/ubna_data_02_mir/recover-20220922/UBNA_001/20220921_090000.WAV,Telephone Field,recover-20220922,001,1795
308.0555,308.0948,68437,82395,Rhinolophus ferrumequinum,0.022,0.022,-1,Echolocation,/mnt/ubna_data_02_mir/recover-20220922/UBNA_001/20220921_090000.WAV,Telephone Field,recover-20220922,001,1795
308.0875,308.1018,22031,25820,Nyctalus leisleri,0.015,0.025,-1,Echolocation,/mnt/ubna_data_02_mir/recover-20220922/UBNA_001/20220921_090000.WAV,Telephone Field,recover-20220922,001,1795
308.1005,308.1458,68437,83500,Rhinolophus ferrumequinum,0.04,0.04,-1,Echolocation,/mnt/ubna_data_02_mir/recover-20220922/UBNA_001/20220921_090000.WAV,Telephone Field,recover-20220922,001,1795
308.1055,308.1157,29765,38006,Eptesicus serotinus,0.009,0.023,-1,Echolocation,/mnt/ubna_data_02_mir/recover-20220922/UBNA_001/20220921_090000.WAV,Telephone Field,recover-20220922,001,1795
308.1245,308.1342,27187,34690,Eptesicus serotinus,0.012,0.024,-1,Echolocation,/mnt/ubna_data_02_mir/recover-20220922/UBNA_001/20220921_090000.WAV,Telephone Field,recover-20220922,001,1795
308.1535,308.1666,24609,30769,Nyctalus leisleri,0.011,0.027,-1,Echolocation,/mnt/ubna_data_02_mir/recover-20220922/UBNA_001/20220921_090000.WAV,Telephone Field,recover-20220922,001,1795
308.1655,308.209,68437,83514,Rhinolophus ferrumequinum,0.042,0.042,-1,Echolocation,/mnt/ubna_data_02_mir/recover-20220922/UBNA_001/20220921_090000.WAV,Telephone Field,recover-20220922,001,1795
308.1785,308.2191,68437,82668,Rhinolophus ferrumequinum,0.03,0.03,-1,Echolocation,/mnt/ubna_data_02_mir/recover-20220922/UBNA_001/20220921_090000.WAV,Telephone Field,recover-20220922,001,1795
308.2035,308.2387,68437,81072,Rhinolophus ferrumequinum,0.025,0.025,-1,Echolocation,/mnt/ubna_data_02_mir/recover-20220922/UBNA_001/20220921_090000.WAV,Telephone Field,recover-20220922,001,1795
308.2305,308.2707,68437,82198,Rhinolophus ferrumequinum,0.023,0.023,-1,Echolocation,/mnt/ubna_data_02_mir/recover-20220922/UBNA_001/20220921_090000.WAV,Telephone Field,recover-20220922,001,1795
308.2545,308.29,68437,81245,Rhinolophus ferrumequinum,0.029,0.029,-1,Echolocation,/mnt/ubna_data_02_mir/recover-20220922/UBNA_001/20220921_090000.WAV,Telephone Field,recover-20220922,001,1795
308.2545,308.2613,27187,40072,Eptesicus serotinus,0.007,0.024,-1,Echolocation,/mnt/ubna_data_02_mir/recover-20220922/UBNA_001/20220921_090000.WAV,Telephone Field,recover-20220922,001,1795
308.2955,308.3356,68437,83019,Rhinolophus ferrumequinum,0.029,0.029,-1,Echolocation,/mnt/ubna_data_02_mir/recover-20220922/UBNA_001/20220921_090000.WAV,Telephone Field,recover-20220922,001,1795
308.2965,308.305,27187,37582,Eptesicus serotinus,0.006,0.021,-1,Echolocation,/mnt/ubna_data_02_mir/recover-20220922/UBNA_001/20220921_090000.WAV,Telephone Field,recover-20220922,001,1795
308.3185,308.3256,49531,56556,Pipistrellus pipistrellus,0.02,0.023,-1,Echolocation,/mnt/ubna_data_02_mir/recover-20220922/UBNA_001/20220921_090000.WAV,Telephone Field,recover-20220922,001,1795
308.3495,308.3893,68437,82195,Rhinolophus ferrumequinum,0.022,0.022,-1,Echolocation,/mnt/ubna_data_02_mir/recover-20220922/UBNA_001/20220921_090000.WAV,Telephone Field,recover-20220922,001,1795
308.3555,308.3949,68437,82175,Rhinolophus ferrumequinum,0.022,0.023,-1,Echolocation,/mnt/ubna_data_02_mir/recover-20220922/UBNA_001/20220921_090000.WAV,Telephone Field,recover-20220922,001,1795
308.3735,308.3855,25468,31411,Nyctalus leisleri,0.019,0.045,-1,Echolocation,/mnt/ubna_data_02_mir/recover-20220922/UBNA_001/20220921_090000.WAV,Telephone Field,recover-20220922,001,1795
308.3895,308.4297,68437,82251,Rhinolophus ferrumequinum,0.03,0.03,-1,Echolocation,/mnt/ubna_data_02_mir/recover-20220922/UBNA_001/20220921_090000.WAV,Telephone Field,recover-20220922,001,1795
308.4075,308.4165,25468,34119,Eptesicus serotinus,0.007,0.022,-1,Echolocation,/mnt/ubna_data_02_mir/recover-20220922/UBNA_001/20220921_090000.WAV,Telephone Field,recover-20220922,001,1795
308.4335,308.4466,22890,27768,Nyctalus leisleri,0.022,0.037,-1,Echolocation,/mnt/ubna_data_02_mir/recover-20220922/UBNA_001/20220921_090000.WAV,Telephone Field,recover-20220922,001,1795
308.4335,308.4702,68437,81628,Rhinolophus ferrumequinum,0.021,0.021,-1,Echolocation,/mnt/ubna_data_02_mir/recover-20220922/UBNA_001/20220921_090000.WAV,Telephone Field,recover-20220922,001,1795
308.4465,308.4844,68437,81896,Rhinolophus ferrumequinum,0.022,0.023,-1,Echolocation,/mnt/ubna_data_02_mir/recover-20220922/UBNA_001/20220921_090000.WAV,Telephone Field,recover-20220922,001,1795
308.4535,308.463,50390,54646,Pipistrellus pipistrellus,0.015,0.021,-1,Echolocation,/mnt/ubna_data_02_mir/recover-20220922/UBNA_001/20220921_090000.WAV,Telephone Field,recover-20220922,001,1795
308.4585,308.4986,68437,82936,Rhinolophus ferrumequinum,0.023,0.023,-1,Echolocation,/mnt/ubna_data_02_mir/recover-20220922/UBNA_001/20220921_090000.WAV,Telephone Field,recover-20220922,001,1795
308.4795,308.4868,23750,32849,Plecotus austriacus,0.01,0.023,-1,Echolocation,/mnt/ubna_data_02_mir/recover-20220922/UBNA_001/20220921_090000.WAV,Telephone Field,recover-20220922,001,1795
308.5215,308.5599,68437,82042,Rhinolophus ferrumequinum,0.022,0.022,-1,Echolocation,/mnt/ubna_data_02_mir/recover-20220922/UBNA_001/20220921_090000.WAV,Telephone Field,recover-20220922,001,1795
308.5585,308.6016,68437,82689,Rhinolophus ferrumequinum,0.03,0.03,-1,Echolocation,/mnt/ubna_data_02_mir/recover-20220922/UBNA_001/20220921_090000.WAV,Telephone Field,recover-20220922,001,1795
308.58050000000003,308.6179,68437,82063,Rhinolophus ferrumequinum,0.023,0.023,-1,Echolocation,/mnt/ubna_data_02_mir/recover-20220922/UBNA_001/20220921_090000.WAV,Telephone Field,recover-20220922,001,1795
308.5895,308.6291,68437,82582,Rhinolophus ferrumequinum,0.023,0.023,-1,Echolocation,/mnt/ubna_data_02_mir/recover-20220922/UBNA_001/20220921_090000.WAV,Telephone Field,recover-20220922,001,1795
308.5895,308.5995,48671,52597,Pipistrellus pipistrellus,0.028,0.031,-1,Echolocation,/mnt/ubna_data_02_mir/recover-20220922/UBNA_001/20220921_090000.WAV,Telephone Field,recover-20220922,001,1795
308.5995,308.639,68437,82122,Rhinolophus ferrumequinum,0.021,0.021,-1,Echolocation,/mnt/ubna_data_02_mir/recover-20220922/UBNA_001/20220921_090000.WAV,Telephone Field,recover-20220922,001,1795
308.6175,308.659,68437,82951,Rhinolophus ferrumequinum,0.033,0.033,-1,Echolocation,/mnt/ubna_data_02_mir/recover-20220922/UBNA_001/20220921_090000.WAV,Telephone Field,recover-20220922,001,1795
308.6245,308.6679,68437,83144,Rhinolophus ferrumequinum,0.033,0.033,-1,Echolocation,/mnt/ubna_data_02_mir/recover-20220922/UBNA_001/20220921_090000.WAV,Telephone Field,recover-20220922,001,1795
308.6275,308.6378,23750,30194,Nyctalus leisleri,0.011,0.026,-1,Echolocation,/mnt/ubna_data_02_mir/recover-20220922/UBNA_001/20220921_090000.WAV,Telephone Field,recover-20220922,001,1795
308.6525,308.6895,68437,82007,Rhinolophus ferrumequinum,0.024,0.024,-1,Echolocation,/mnt/ubna_data_02_mir/recover-20220922/UBNA_001/20220921_090000.WAV,Telephone Field,recover-20220922,001,1795
308.66949999999997,308.6769,47812,52391,Pipistrellus pipistrellus,0.043,0.045,-1,Echolocation,/mnt/ubna_data_02_mir/recover-20220922/UBNA_001/20220921_090000.WAV,Telephone Field,recover-20220922,001,1795
308.6735,308.7114,68437,82311,Rhinolophus ferrumequinum,0.023,0.023,-1,Echolocation,/mnt/ubna_data_02_mir/recover-20220922/UBNA_001/20220921_090000.WAV,Telephone Field,recover-20220922,001,1795
308.6975,308.7061,28046,38502,Eptesicus serotinus,0.008,0.023,-1,Echolocation,/mnt/ubna_data_02_mir/recover-20220922/UBNA_001/20220921_090000.WAV,Telephone Field,recover-20220922,001,1795
308.7075,308.7522,68437,83289,Rhinolophus ferrumequinum,0.042,0.042,-1,Echolocation,/mnt/ubna_data_02_mir/recover-20220922/UBNA_001/20220921_090000.WAV,Telephone Field,recover-20220922,001,1795
308.7475,308.7886,68437,82301,Rhinolophus ferrumequinum,0.025,0.025,-1,Echolocation,/mnt/ubna_data_02_mir/recover-20220922/UBNA_001/20220921_090000.WAV,Telephone Field,recover-20220922,001,1795
308.7605,308.7993,68437,81862,Rhinolophus ferrumequinum,0.022,0.022,-1,Echolocation,/mnt/ubna_data_02_mir/recover-20220922/UBNA_001/20220921_090000.WAV,Telephone Field,recover-20220922,001,1795
308.7735,308.8103,68437,81904,Rhinolophus ferrumequinum,0.021,0.021,-1,Echolocation,/mnt/ubna_data_02_mir/recover-20220922/UBNA_001/20220921_090000.WAV,Telephone Field,recover-20220922,001,1795
308.7745,308.7837,24609,32209,Nyctalus leisleri,0.007,0.024,-1,Echolocation,/mnt/ubna_data_02_mir/recover-20220922/UBNA_001/20220921_090000.WAV,Telephone Field,recover-20220922,001,1795
308.8175,308.8585,68437,82487,Rhinolophus ferrumequinum,0.034,0.034,-1,Echolocation,/mnt/ubna_data_02_mir/recover-20220922/UBNA_001/20220921_090000.WAV,Telephone Field,recover-20220922,001,1795
308.8215,308.8284,23750,32634,Plecotus austriacus,0.016,0.031,-1,Echolocation,/mnt/ubna_data_02_mir/recover-20220922/UBNA_001/20220921_090000.WAV,Telephone Field,recover-20220922,001,1795
308.8335,308.8716,68437,81985,Rhinolophus ferrumequinum,0.021,0.021,-1,Echolocation,/mnt/ubna_data_02_mir/recover-20220922/UBNA_001/20220921_090000.WAV,Telephone Field,recover-20220922,001,1795
308.8555,308.8946,68437,81769,Rhinolophus ferrumequinum,0.022,0.022,-1,Echolocation,/mnt/ubna_data_02_mir/recover-20220922/UBNA_001/20220921_090000.WAV,Telephone Field,recover-20220922,001,1795
308.8715,308.9105,68437,82137,Rhinolophus ferrumequinum,0.023,0.023,-1,Echolocation,/mnt/ubna_data_02_mir/recover-20220922/UBNA_001/20220921_090000.WAV,Telephone Field,recover-20220922,001,1795
308.8865,308.9252,68437,81898,Rhinolophus ferrumequinum,0.023,0.023,-1,Echolocation,/mnt/ubna_data_02_mir/recover-20220922/UBNA_001/20220921_090000.WAV,Telephone Field,recover-20220922,001,1795
308.8955,308.9064,28046,35282,Eptesicus serotinus,0.015,0.029,-1,Echolocation,/mnt/ubna_data_02_mir/recover-20220922/UBNA_001/20220921_090000.WAV,Telephone Field,recover-20220922,001,1795
308.9055,308.9114,28046,40781,Eptesicus serotinus,0.006,0.028,-1,Echolocation,/mnt/ubna_data_02_mir/recover-20220922/UBNA_001/20220921_090000.WAV,Telephone Field,recover-20220922,001,1795
308.9145,308.9498,68437,80803,Rhinolophus ferrumequinum,0.021,0.021,-1,Echolocation,/mnt/ubna_data_02_mir/recover-20220922/UBNA_001/20220921_090000.WAV,Telephone Field,recover-20220922,001,1795
308.9275,308.964,68437,81720,Rhinolophus ferrumequinum,0.021,0.021,-1,Echolocation,/mnt/ubna_data_02_mir/recover-20220922/UBNA_001/20220921_090000.WAV,Telephone Field,recover-20220922,001,1795
308.9465,308.9854,68437,81702,Rhinolophus ferrumequinum,0.027,0.027,-1,Echolocation,/mnt/ubna_data_02_mir/recover-20220922/UBNA_001/20220921_090000.WAV,Telephone Field,recover-20220922,001,1795
308.9515,308.9582,27187,41267,Eptesicus serotinus,0.007,0.026,-1,Echolocation,/mnt/ubna_data_02_mir/recover-20220922/UBNA_001/20220921_090000.WAV,Telephone Field,recover-20220922,001,1795
308.9645,308.9756,46093,50909,Pipistrellus pipistrellus,0.038,0.041,-1,Echolocation,/mnt/ubna_data_02_mir/recover-20220922/UBNA_001/20220921_090000.WAV,Telephone Field,recover-20220922,001,1795
308.9695,309.0076,68437,82023,Rhinolophus ferrumequinum,0.021,0.021,-1,Echolocation,/mnt/ubna_data_02_mir/recover-20220922/UBNA_001/20220921_090000.WAV,Telephone Field,recover-20220922,001,1795
308.9815,309.0233,68437,82468,Rhinolophus ferrumequinum,0.023,0.023,-1,Echolocation,/mnt/ubna_data_02_mir/recover-20220922/UBNA_001/20220921_090000.WAV,Telephone Field,recover-20220922,001,1795
308.9965,309.0342,68437,82260,Rhinolophus ferrumequinum,0.022,0.022,-1,Echolocation,/mnt/ubna_data_02_mir/recover-20220922/UBNA_001/20220921_090000.WAV,Telephone Field,recover-20220922,001,1795
309.0525,309.0628,22031,26867,Nyctalus leisleri,0.009,0.022,-1,Echolocation,/mnt/ubna_data_02_mir/recover-20220922/UBNA_001/20220921_090000.WAV,Telephone Field,recover-20220922,001,1795
309.0525,309.09159999999997,68437,82637,Rhinolophus ferrumequinum,0.024,0.024,-1,Echolocation,/mnt/ubna_data_02_mir/recover-20220922/UBNA_001/20220921_090000.WAV,Telephone Field,recover-20220922,001,1795
309.0645,309.1012,68437,82060,Rhinolophus ferrumequinum,0.023,0.023,-1,Echolocation,/mnt/ubna_data_02_mir/recover-20220922/UBNA_001/20220921_090000.WAV,Telephone Field,recover-20220922,001,1795
309.0975,309.1359,68437,81811,Rhinolophus ferrumequinum,0.022,0.022,-1,Echolocation,/mnt/ubna_data_02_mir/recover-20220922/UBNA_001/20220921_090000.WAV,Telephone Field,recover-20220922,001,1795
309.1365,309.1753,68437,82036,Rhinolophus ferrumequinum,0.021,0.021,-1,Echolocation,/mnt/ubna_data_02_mir/recover-20220922/UBNA_001/20220921_090000.WAV,Telephone Field,recover-20220922,001,1795
309.1415,309.1491,27187,38344,Eptesicus serotinus,0.007,0.022,-1,Echolocation,/mnt/ubna_data_02_mir/recover-20220922/UBNA_001/20220921_090000.WAV,Telephone Field,recover-20220922,001,1795
309.1645,309.201,68437,81832,Rhinolophus ferrumequinum,0.021,0.021,-1,Echolocation,/mnt/ubna_data_02_mir/recover-20220922/UBNA_001/20220921_090000.WAV,Telephone Field,recover-20220922,001,1795
309.1805,309.2149,68437,80770,Rhinolophus ferrumequinum,0.022,0.023,-1,Echolocation,/mnt/ubna_data_02_mir/recover-20220922/UBNA_001/20220921_090000.WAV,Telephone Field,recover-20220922,001,1795
309.2075,309.2473,68437,82419,Rhinolophus ferrumequinum,0.027,0.027,-1,Echolocation,/mnt/ubna_data_02_mir/recover-20220922/UBNA_001/20220921_090000.WAV,Telephone Field,recover-20220922,001,1795
309.2225,309.2627,68437,82500,Rhinolophus ferrumequinum,0.028,0.028,-1,Echolocation,/mnt/ubna_data_02_mir/recover-20220922/UBNA_001/20220921_090000.WAV,Telephone Field,recover-20220922,001,1795
309.2435,309.2515,25468,34472,Eptesicus serotinus,0.007,0.024,-1,Echolocation,/mnt/ubna_data_02_mir/recover-20220922/UBNA_001/20220921_090000.WAV,Telephone Field,recover-20220922,001,1795
309.2755,309.2837,46093,50365,Pipistrellus pipistrellus,0.035,0.036,-1,Echolocation,/mnt/ubna_data_02_mir/recover-20220922/UBNA_001/20220921_090000.WAV,Telephone Field,recover-20220922,001,1795
309.2825,309.2913,27187,35864,Eptesicus serotinus,0.008,0.022,-1,Echolocation,/mnt/ubna_data_02_mir/recover-20220922/UBNA_001/20220921_090000.WAV,Telephone Field,recover-20220922,001,1795
309.2845,309.3221,68437,81743,Rhinolophus ferrumequinum,0.029,0.029,-1,Echolocation,/mnt/ubna_data_02_mir/recover-20220922/UBNA_001/20220921_090000.WAV,Telephone Field,recover-20220922,001,1795
309.3855,309.428,68437,83139,Rhinolophus ferrumequinum,0.03,0.03,-1,Echolocation,/mnt/ubna_data_02_mir/recover-20220922/UBNA_001/20220921_090000.WAV,Telephone Field,recover-20220922,001,1795
309.41949999999997,309.4605,68437,82746,Rhinolophus ferrumequinum,0.028,0.028,-1,Echolocation,/mnt/ubna_data_02_mir/recover-20220922/UBNA_001/20220921_090000.WAV,Telephone Field,recover-20220922,001,1795
309.4675,309.5098,68437,82833,Rhinolophus ferrumequinum,0.027,0.027,-1,Echolocation,/mnt/ubna_data_02_mir/recover-20220922/UBNA_001/20220921_090000.WAV,Telephone Field,recover-20220922,001,1795
309.4825,309.4932,23750,29697,Nyctalus leisleri,0.01,0.023,-1,Echolocation,/mnt/ubna_data_02_mir/recover-20220922/UBNA_001/20220921_090000.WAV,Telephone Field,recover-20220922,001,1795
309.4975,309.5339,68437,81636,Rhinolophus ferrumequinum,0.021,0.021,-1,Echolocation,/mnt/ubna_data_02_mir/recover-20220922/UBNA_001/20220921_090000.WAV,Telephone Field,recover-20220922,001,1795
309.5095,309.5482,68437,82442,Rhinolophus ferrumequinum,0.024,0.024,-1,Echolocation,/mnt/ubna_data_02_mir/recover-20220922/UBNA_001/20220921_090000.WAV,Telephone Field,recover-20220922,001,1795
309.5155,309.5525,68437,82181,Rhinolophus ferrumequinum,0.024,0.024,-1,Echolocation,/mnt/ubna_data_02_mir/recover-20220922/UBNA_001/20220921_090000.WAV,Telephone Field,recover-20220922,001,1795
309.5285,309.5652,68437,81880,Rhinolophus ferrumequinum,0.025,0.025,-1,Echolocation,/mnt/ubna_data_02_mir/recover-20220922/UBNA_001/20220921_090000.WAV,Telephone Field,recover-20220922,001,1795
309.5485,309.5867,68437,82101,Rhinolophus ferrumequinum,0.021,0.021,-1,Echolocation,/mnt/ubna_data_02_mir/recover-20220922/UBNA_001/20220921_090000.WAV,Telephone Field,recover-20220922,001,1795
309.5725,309.6122,68437,82847,Rhinolophus ferrumequinum,0.028,0.028,-1,Echolocation,/mnt/ubna_data_02_mir/recover-20220922/UBNA_001/20220921_090000.WAV,Telephone Field,recover-20220922,001,1795
309.5795,309.5889,28906,37497,Eptesicus serotinus,0.009,0.026,-1,Echolocation,/mnt/ubna_data_02_mir/recover-20220922/UBNA_001/20220921_090000.WAV,Telephone Field,recover-20220922,001,1795
309.6245,309.6635,68437,82319,Rhinolophus ferrumequinum,0.033,0.033,-1,Echolocation,/mnt/ubna_data_02_mir/recover-20220922/UBNA_001/20220921_090000.WAV,Telephone Field,recover-20220922,001,1795
309.6365,309.6509,22031,26226,Nyctalus leisleri,0.019,0.033,-1,Echolocation,/mnt/ubna_data_02_mir/recover-20220922/UBNA_001/20220921_090000.WAV,Telephone Field,recover-20220922,001,1795
309.6595,309.6961,68437,81712,Rhinolophus ferrumequinum,0.022,0.022,-1,Echolocation,/mnt/ubna_data_02_mir/recover-20220922/UBNA_001/20220921_090000.WAV,Telephone Field,recover-20220922,001,1795
309.7125,309.7446,68437,80161,Rhinolophus ferrumequinum,0.021,0.022,-1,Echolocation,/mnt/ubna_data_02_mir/recover-20220922/UBNA_001/20220921_090000.WAV,Telephone Field,recover-20220922,001,1795
309.7225,309.7291,46953,52025,Pipistrellus pipistrellus,0.021,0.022,-1,Echolocation,/mnt/ubna_data_02_mir/recover-20220922/UBNA_001/20220921_090000.WAV,Telephone Field,recover-20220922,001,1795
309.7245,309.7623,68437,81257,Rhinolophus ferrumequinum,0.036,0.036,-1,Echolocation,/mnt/ubna_data_02_mir/recover-20220922/UBNA_001/20220921_090000.WAV,Telephone Field,recover-20220922,001,1795
309.7565,309.7939,68437,81753,Rhinolophus ferrumequinum,0.023,0.023,-1,Echolocation,/mnt/ubna_data_02_mir/recover-20220922/UBNA_001/20220921_090000.WAV,Telephone Field,recover-20220922,001,1795
309.8095,309.8496,68437,81755,Rhinolophus ferrumequinum,0.022,0.022,-1,Echolocation,/mnt/ubna_data_02_mir/recover-20220922/UBNA_001/20220921_090000.WAV,Telephone Field,recover-20220922,001,1795
309.8125,309.8231,22890,28439,Nyctalus leisleri,0.014,0.03,-1,Echolocation,/mnt/ubna_data_02_mir/recover-20220922/UBNA_001/20220921_090000.WAV,Telephone Field,recover-20220922,001,1795
309.8515,309.8612,22890,29099,Nyctalus leisleri,0.008,0.022,-1,Echolocation,/mnt/ubna_data_02_mir/recover-20220922/UBNA_001/20220921_090000.WAV,Telephone Field,recover-20220922,001,1795
309.8655,309.9035,68437,81687,Rhinolophus ferrumequinum,0.026,0.026,-1,Echolocation,/mnt/ubna_data_02_mir/recover-20220922/UBNA_001/20220921_090000.WAV,Telephone Field,recover-20220922,001,1795
309.8805,309.9192,68437,82537,Rhinolophus ferrumequinum,0.023,0.023,-1,Echolocation,/mnt/ubna_data_02_mir/recover-20220922/UBNA_001/20220921_090000.WAV,Telephone Field,recover-20220922,001,1795
309.9015,309.9408,68437,82174,Rhinolophus ferrumequinum,0.021,0.021,-1,Echolocation,/mnt/ubna_data_02_mir/recover-20220922/UBNA_001/20220921_090000.WAV,Telephone Field,recover-20220922,001,1795
309.9225,309.9327,28046,37030,Eptesicus serotinus,0.01,0.024,-1,Echolocation,/mnt/ubna_data_02_mir/recover-20220922/UBNA_001/20220921_090000.WAV,Telephone Field,recover-20220922,001,1795
309.9425,309.9819,68437,82436,Rhinolophus ferrumequinum,0.037,0.037,-1,Echolocation,/mnt/ubna_data_02_mir/recover-20220922/UBNA_001/20220921_090000.WAV,Telephone Field,recover-20220922,001,1795
309.9575,309.9935,68437,82209,Rhinolophus ferrumequinum,0.022,0.022,-1,Echolocation,/mnt/ubna_data_02_mir/recover-20220922/UBNA_001/20220921_090000.WAV,Telephone Field,recover-20220922,001,1795
309.9865,309.9977,26328,33282,Eptesicus serotinus,0.009,0.022,-1,Echolocation,/mnt/ubna_data_02_mir/recover-20220922/UBNA_001/20220921_090000.WAV,Telephone Field,recover-20220922,001,1795
310.0015,310.0129,46953,51058,Pipistrellus pipistrellus,0.025,0.03,-1,Echolocation,/mnt/ubna_data_02_mir/recover-20220922/UBNA_001/20220921_090000.WAV,Telephone Field,recover-20220922,001,1795
310.0015,310.0112,26328,35986,Eptesicus serotinus,0.01,0.032,-1,Echolocation,/mnt/ubna_data_02_mir/recover-20220922/UBNA_001/20220921_090000.WAV,Telephone Field,recover-20220922,001,1795
310.0015,310.0341,68437,79683,Rhinolophus ferrumequinum,0.027,0.028,-1,Echolocation,/mnt/ubna_data_02_mir/recover-20220922/UBNA_001/20220921_090000.WAV,Telephone Field,recover-20220922,001,1795
310.0075,310.0475,68437,81369,Rhinolophus ferrumequinum,0.024,0.024,-1,Echolocation,/mnt/ubna_data_02_mir/recover-20220922/UBNA_001/20220921_090000.WAV,Telephone Field,recover-20220922,001,1795
310.0305,310.0673,68437,81542,Rhinolophus ferrumequinum,0.023,0.023,-1,Echolocation,/mnt/ubna_data_02_mir/recover-20220922/UBNA_001/20220921_090000.WAV,Telephone Field,recover-20220922,001,1795
310.0355,310.0452,46953,50695,Pipistrellus pipistrellus,0.02,0.022,-1,Echolocation,/mnt/ubna_data_02_mir/recover-20220922/UBNA_001/20220921_090000.WAV,Telephone Field,recover-20220922,001,1795
310.0375,310.0753,68437,80995,Rhinolophus ferrumequinum,0.022,0.022,-1,Echolocation,/mnt/ubna_data_02_mir/recover-20220922/UBNA_001/20220921_090000.WAV,Telephone Field,recover-20220922,001,1795
310.0575,310.0938,68437,81668,Rhinolophus ferrumequinum,0.021,0.021,-1,Echolocation,/mnt/ubna_data_02_mir/recover-20220922/UBNA_001/20220921_090000.WAV,Telephone Field,recover-20220922,001,1795
310.0715,310.08,30625,39522,Myotis daubentonii,0.008,0.023,-1,Echolocation,/mnt/ubna_data_02_mir/recover-20220922/UBNA_001/20220921_090000.WAV,Telephone Field,recover-20220922,001,1795
310.0785,310.1176,68437,81932,Rhinolophus ferrumequinum,0.028,0.028,-1,Echolocation,/mnt/ubna_data_02_mir/recover-20220922/UBNA_001/20220921_090000.WAV,Telephone Field,recover-20220922,001,1795
310.1165,310.1565,68437,82198,Rhinolophus ferrumequinum,0.021,0.021,-1,Echolocation,/mnt/ubna_data_02_mir/recover-20220922/UBNA_001/20220921_090000.WAV,Telephone Field,recover-20220922,001,1795
310.1205,310.1301,28046,36426,Eptesicus serotinus,0.009,0.021,-1,Echolocation,/mnt/ubna_data_02_mir/recover-20220922/UBNA_001/20220921_090000.WAV,Telephone Field,recover-20220922,001,1795
310.1645,310.2064,68437,83384,Rhinolophus ferrumequinum,0.046,0.046,-1,Echolocation,/mnt/ubna_data_02_mir/recover-20220922/UBNA_001/20220921_090000.WAV,Telephone Field,recover-20220922,001,1795
310.1785,310.1885,23750,31185,Nyctalus leisleri,0.006,0.02,-1,Echolocation,/mnt/ubna_data_02_mir/recover-20220922/UBNA_001/20220921_090000.WAV,Telephone Field,recover-20220922,001,1795
310.1945,310.2344,68437,82415,Rhinolophus ferrumequinum,0.024,0.025,-1,Echolocation,/mnt/ubna_data_02_mir/recover-20220922/UBNA_001/20220921_090000.WAV,Telephone Field,recover-20220922,001,1795
310.2265,310.2655,68437,81581,Rhinolophus ferrumequinum,0.024,0.024,-1,Echolocation,/mnt/ubna_data_02_mir/recover-20220922/UBNA_001/20220921_090000.WAV,Telephone Field,recover-20220922,001,1795
310.2415,310.2816,68437,82669,Rhinolophus ferrumequinum,0.023,0.023,-1,Echolocation,/mnt/ubna_data_02_mir/recover-20220922/UBNA_001/20220921_090000.WAV,Telephone Field,recover-20220922,001,1795
310.2675,310.2781,22890,27838,Nyctalus leisleri,0.011,0.021,-1,Echolocation,/mnt/ubna_data_02_mir/recover-20220922/UBNA_001/20220921_090000.WAV,Telephone Field,recover-20220922,001,1795
310.2805,310.2923,26328,32854,Eptesicus serotinus,0.011,0.024,-1,Echolocation,/mnt/ubna_data_02_mir/recover-20220922/UBNA_001/20220921_090000.WAV,Telephone Field,recover-20220922,001,1795
310.2885,310.3294,68437,82468,Rhinolophus ferrumequinum,0.022,0.022,-1,Echolocation,/mnt/ubna_data_02_mir/recover-20220922/UBNA_001/20220921_090000.WAV,Telephone Field,recover-20220922,001,1795
310.3065,310.3452,68437,82076,Rhinolophus ferrumequinum,0.021,0.021,-1,Echolocation,/mnt/ubna_data_02_mir/recover-20220922/UBNA_001/20220921_090000.WAV,Telephone Field,recover-20220922,001,1795
310.3215,310.3637,68437,83338,Rhinolophus ferrumequinum,0.027,0.027,-1,Echolocation,/mnt/ubna_data_02_mir/recover-20220922/UBNA_001/20220921_090000.WAV,Telephone Field,recover-20220922,001,1795
310.3395,310.3497,28906,39991,Eptesicus serotinus,0.011,0.025,-1,Echolocation,/mnt/ubna_data_02_mir/recover-20220922/UBNA_001/20220921_090000.WAV,Telephone Field,recover-20220922,001,1795
310.3465,310.3569,29765,37909,Eptesicus serotinus,0.011,0.027,-1,Echolocation,/mnt/ubna_data_02_mir/recover-20220922/UBNA_001/20220921_090000.WAV,Telephone Field,recover-20220922,001,1795
310.3545,310.3907,68437,81516,Rhinolophus ferrumequinum,0.02,0.02,-1,Echolocation,/mnt/ubna_data_02_mir/recover-20220922/UBNA_001/20220921_090000.WAV,Telephone Field,recover-20220922,001,1795
310.3785,310.4194,68437,82468,Rhinolophus ferrumequinum,0.024,0.024,-1,Echolocation,/mnt/ubna_data_02_mir/recover-20220922/UBNA_001/20220921_090000.WAV,Telephone Field,recover-20220922,001,1795
310.3925,310.401,28046,40661,Eptesicus serotinus,0.008,0.021,-1,Echolocation,/mnt/ubna_data_02_mir/recover-20220922/UBNA_001/20220921_090000.WAV,Telephone Field,recover-20220922,001,1795
310.3985,310.4072,46093,55977,Pipistrellus pipistrellus,0.015,0.02,-1,Echolocation,/mnt/ubna_data_02_mir/recover-20220922/UBNA_001/20220921_090000.WAV,Telephone Field,recover-20220922,001,1795
310.4245,310.4639,68437,82044,Rhinolophus ferrumequinum,0.023,0.023,-1,Echolocation,/mnt/ubna_data_02_mir/recover-20220922/UBNA_001/20220921_090000.WAV,Telephone Field,recover-20220922,001,1795
310.4415,310.4488,24609,33819,Plecotus austriacus,0.011,0.026,-1,Echolocation,/mnt/ubna_data_02_mir/recover-20220922/UBNA_001/20220921_090000.WAV,Telephone Field,recover-20220922,001,1795
310.4645,310.4736,29765,37672,Eptesicus serotinus,0.007,0.021,-1,Echolocation,/mnt/ubna_data_02_mir/recover-20220922/UBNA_001/20220921_090000.WAV,Telephone Field,recover-20220922,001,1795
310.4725,310.5089,68437,81805,Rhinolophus ferrumequinum,0.021,0.021,-1,Echolocation,/mnt/ubna_data_02_mir/recover-20220922/UBNA_001/20220921_090000.WAV,Telephone Field,recover-20220922,001,1795
310.4845,310.4978,22890,26826,Nyctalus leisleri,0.02,0.034,-1,Echolocation,/mnt/ubna_data_02_mir/recover-20220922/UBNA_001/20220921_090000.WAV,Telephone Field,recover-20220922,001,1795
310.4865,310.5243,68437,81650,Rhinolophus ferrumequinum,0.023,0.023,-1,Echolocation,/mnt/ubna_data_02_mir/recover-20220922/UBNA_001/20220921_090000.WAV,Telephone Field,recover-20220922,001,1795
310.4935,310.52909999999997,68437,81437,Rhinolophus ferrumequinum,0.022,0.022,-1,Echolocation,/mnt/ubna_data_02_mir/recover-20220922/UBNA_001/20220921_090000.WAV,Telephone Field,recover-20220922,001,1795
310.4995,310.5349,68437,80625,Rhinolophus ferrumequinum,0.022,0.022,-1,Echolocation,/mnt/ubna_data_02_mir/recover-20220922/UBNA_001/20220921_090000.WAV,Telephone Field,recover-20220922,001,1795
310.5075,310.5471,68437,81767,Rhinolophus ferrumequinum,0.023,0.023,-1,Echolocation,/mnt/ubna_data_02_mir/recover-20220922/UBNA_001/20220921_090000.WAV,Telephone Field,recover-20220922,001,1795
310.5125,310.554,68437,82058,Rhinolophus ferrumequinum,0.023,0.023,-1,Echolocation,/mnt/ubna_data_02_mir/recover-20220922/UBNA_001/20220921_090000.WAV,Telephone Field,recover-20220922,001,1795
310.5185,310.5609,68437,82596,Rhinolophus ferrumequinum,0.023,0.024,-1,Echolocation,/mnt/ubna_data_02_mir/recover-20220922/UBNA_001/20220921_090000.WAV,Telephone Field,recover-20220922,001,1795
310.5405,310.5476,50390,55020,Pipistrellus pipistrellus,0.028,0.03,-1,Echolocation,/mnt/ubna_data_02_mir/recover-20220922/UBNA_001/20220921_090000.WAV,Telephone Field,recover-20220922,001,1795
310.5475,310.5845,68437,81226,Rhinolophus ferrumequinum,0.021,0.021,-1,Echolocation,/mnt/ubna_data_02_mir/recover-20220922/UBNA_001/20220921_090000.WAV,Telephone Field,recover-20220922,001,1795
310.5795,310.6178,68437,81375,Rhinolophus ferrumequinum,0.028,0.028,-1,Echolocation,/mnt/ubna_data_02_mir/recover-20220922/UBNA_001/20220921_090000.WAV,Telephone Field,recover-20220922,001,1795
310.5985,310.6385,68437,81745,Rhinolophus ferrumequinum,0.021,0.021,-1,Echolocation,/mnt/ubna_data_02_mir/recover-20220922/UBNA_001/20220921_090000.WAV,Telephone Field,recover-20220922,001,1795
310.6495,310.6869,68437,81693,Rhinolophus ferrumequinum,0.021,0.021,-1,Echolocation,/mnt/ubna_data_02_mir/recover-20220922/UBNA_001/20220921_090000.WAV,Telephone Field,recover-20220922,001,1795
310.6565,310.6944,68437,81989,Rhinolophus ferrumequinum,0.021,0.021,-1,Echolocation,/mnt/ubna_data_02_mir/recover-20220922/UBNA_001/20220921_090000.WAV,Telephone Field,recover-20220922,001,1795
310.6765,310.7155,68437,82288,Rhinolophus ferrumequinum,0.02,0.02,-1,Echolocation,/mnt/ubna_data_02_mir/recover-20220922/UBNA_001/20220921_090000.WAV,Telephone Field,recover-20220922,001,1795
310.6955,310.7021,13437,29414,Plecotus auritus,0.026,0.028,-1,Echolocation,/mnt/ubna_data_02_mir/recover-20220922/UBNA_001/20220921_090000.WAV,Telephone Field,recover-20220922,001,1795
310.7085,310.7469,68437,81452,Rhinolophus ferrumequinum,0.021,0.021,-1,Echolocation,/mnt/ubna_data_02_mir/recover-20220922/UBNA_001/20220921_090000.WAV,Telephone Field,recover-20220922,001,1795
310.7135,310.7288,40078,44111,Pipistrellus nathusii,0.024,0.038,-1,Echolocation,/mnt/ubna_data_02_mir/recover-20220922/UBNA_001/20220921_090000.WAV,Telephone Field,recover-20220922,001,1795
310.7515,310.7922,68437,81899,Rhinolophus ferrumequinum,0.021,0.021,-1,Echolocation,/mnt/ubna_data_02_mir/recover-20220922/UBNA_001/20220921_090000.WAV,Telephone Field,recover-20220922,001,1795
310.7605,310.7974,68437,81543,Rhinolophus ferrumequinum,0.023,0.023,-1,Echolocation,/mnt/ubna_data_02_mir/recover-20220922/UBNA_001/20220921_090000.WAV,Telephone Field,recover-20220922,001,1795
310.7775,310.8178,68437,82270,Rhinolophus ferrumequinum,0.028,0.028,-1,Echolocation,/mnt/ubna_data_02_mir/recover-20220922/UBNA_001/20220921_090000.WAV,Telephone Field,recover-20220922,001,1795
310.7925,310.8047,22031,25791,Nyctalus leisleri,0.012,0.02,-1,Echolocation,/mnt/ubna_data_02_mir/recover-20220922/UBNA_001/20220921_090000.WAV,Telephone Field,recover-20220922,001,1795
310.7975,310.8344,68437,81941,Rhinolophus ferrumequinum,0.023,0.023,-1,Echolocation,/mnt/ubna_data_02_mir/recover-20220922/UBNA_001/20220921_090000.WAV,Telephone Field,recover-20220922,001,1795
310.8125,310.8503,68437,81913,Rhinolophus ferrumequinum,0.021,0.021,-1,Echolocation,/mnt/ubna_data_02_mir/recover-20220922/UBNA_001/20220921_090000.WAV,Telephone Field,recover-20220922,001,1795
310.8375,310.876,68437,82420,Rhinolophus ferrumequinum,0.021,0.021,-1,Echolocation,/mnt/ubna_data_02_mir/recover-20220922/UBNA_001/20220921_090000.WAV,Telephone Field,recover-20220922,001,1795
310.8445,310.8554,22890,28037,Nyctalus leisleri,0.011,0.023,-1,Echolocation,/mnt/ubna_data_02_mir/recover-20220922/UBNA_001/20220921_090000.WAV,Telephone Field,recover-20220922,001,1795
310.8675,310.8755,28046,37576,Eptesicus serotinus,0.007,0.021,-1,Echolocation,/mnt/ubna_data_02_mir/recover-20220922/UBNA_001/20220921_090000.WAV,Telephone Field,recover-20220922,001,1795
310.8885,310.9266,68437,82214,Rhinolophus ferrumequinum,0.027,0.027,-1,Echolocation,/mnt/ubna_data_02_mir/recover-20220922/UBNA_001/20220921_090000.WAV,Telephone Field,recover-20220922,001,1795
310.8905,310.8982,29765,40409,Eptesicus serotinus,0.009,0.027,-1,Echolocation,/mnt/ubna_data_02_mir/recover-20220922/UBNA_001/20220921_090000.WAV,Telephone Field,recover-20220922,001,1795
310.9105,310.9503,68437,81752,Rhinolophus ferrumequinum,0.026,0.026,-1,Echolocation,/mnt/ubna_data_02_mir/recover-20220922/UBNA_001/20220921_090000.WAV,Telephone Field,recover-20220922,001,1795
310.9415,310.9801,68437,82577,Rhinolophus ferrumequinum,0.024,0.024,-1,Echolocation,/mnt/ubna_data_02_mir/recover-20220922/UBNA_001/20220921_090000.WAV,Telephone Field,recover-20220922,001,1795
310.9595,310.9961,68437,81559,Rhinolophus ferrumequinum,0.02,0.02,-1,Echolocation,/mnt/ubna_data_02_mir/recover-20220922/UBNA_001/20220921_090000.WAV,Telephone Field,recover-20220922,001,1795
310.9595,310.97,22031,27006,Nyctalus leisleri,0.013,0.026,-1,Echolocation,/mnt/ubna_data_02_mir/recover-20220922/UBNA_001/20220921_090000.WAV,Telephone Field,recover-20220922,001,1795
310.9595,310.9663,28046,40070,Eptesicus serotinus,0.005,0.021,-1,Echolocation,/mnt/ubna_data_02_mir/recover-20220922/UBNA_001/20220921_090000.WAV,Telephone Field,recover-20220922,001,1795
310.9655,311.0002,68437,80862,Rhinolophus ferrumequinum,0.021,0.021,-1,Echolocation,/mnt/ubna_data_02_mir/recover-20220922/UBNA_001/20220921_090000.WAV,Telephone Field,recover-20220922,001,1795
310.9845,311.0274,68437,82860,Rhinolophus ferrumequinum,0.031,0.031,-1,Echolocation,/mnt/ubna_data_02_mir/recover-20220922/UBNA_001/20220921_090000.WAV,Telephone Field,recover-20220922,001,1795
310.9955,311.0033,28046,38274,Eptesicus serotinus,0.007,0.021,-1,Echolocation,/mnt/ubna_data_02_mir/recover-20220922/UBNA_001/20220921_090000.WAV,Telephone Field,recover-20220922,001,1795
311.0285,311.0692,68437,82291,Rhinolophus ferrumequinum,0.022,0.022,-1,Echolocation,/mnt/ubna_data_02_mir/recover-20220922/UBNA_001/20220921_090000.WAV,Telephone Field,recover-20220922,001,1795
311.0355,311.0439,28906,38927,Eptesicus serotinus,0.008,0.023,-1,Echolocation,/mnt/ubna_data_02_mir/recover-20220922/UBNA_001/20220921_090000.WAV,Telephone Field,recover-20220922,001,1795
311.0385,311.08050000000003,68437,82701,Rhinolophus ferrumequinum,0.027,0.027,-1,Echolocation,/mnt/ubna_data_02_mir/recover-20220922/UBNA_001/20220921_090000.WAV,Telephone Field,recover-20220922,001,1795
311.0785,311.1155,68437,81611,Rhinolophus ferrumequinum,0.022,0.022,-1,Echolocation,/mnt/ubna_data_02_mir/recover-20220922/UBNA_001/20220921_090000.WAV,Telephone Field,recover-20220922,001,1795
311.0965,311.1062,27187,35311,Eptesicus serotinus,0.067,0.101,-1,Echolocation,/mnt/ubna_data_02_mir/recover-20220922/UBNA_001/20220921_090000.WAV,Telephone Field,recover-20220922,001,1795
311.1225,311.1327,27187,35548,Eptesicus serotinus,0.013,0.028,-1,Echolocation,/mnt/ubna_data_02_mir/recover-20220922/UBNA_001/20220921_090000.WAV,Telephone Field,recover-20220922,001,1795
311.1345,311.1775,68437,83605,Rhinolophus ferrumequinum,0.031,0.031,-1,Echolocation,/mnt/ubna_data_02_mir/recover-20220922/UBNA_001/20220921_090000.WAV,Telephone Field,recover-20220922,001,1795
311.1605,311.1998,68437,82312,Rhinolophus ferrumequinum,0.024,0.024,-1,Echolocation,/mnt/ubna_data_02_mir/recover-20220922/UBNA_001/20220921_090000.WAV,Telephone Field,recover-20220922,001,1795
311.2065,311.2148,28046,38655,Eptesicus serotinus,0.009,0.025,-1,Echolocation,/mnt/ubna_data_02_mir/recover-20220922/UBNA_001/20220921_090000.WAV,Telephone Field,recover-20220922,001,1795
311.2285,311.236,28046,41713,Eptesicus serotinus,0.007,0.025,-1,Echolocation,/mnt/ubna_data_02_mir/recover-20220922/UBNA_001/20220921_090000.WAV,Telephone Field,recover-20220922,001,1795
311.2655,311.303,68437,81813,Rhinolophus ferrumequinum,0.024,0.025,-1,Echolocation,/mnt/ubna_data_02_mir/recover-20220922/UBNA_001/20220921_090000.WAV,Telephone Field,recover-20220922,001,1795
311.2825,311.3194,68437,81512,Rhinolophus ferrumequinum,0.021,0.021,-1,Echolocation,/mnt/ubna_data_02_mir/recover-20220922/UBNA_001/20220921_090000.WAV,Telephone Field,recover-20220922,001,1795
311.2935,311.3013,46953,52049,Pipistrellus pipistrellus,0.02,0.021,-1,Echolocation,/mnt/ubna_data_02_mir/recover-20220922/UBNA_001/20220921_090000.WAV,Telephone Field,recover-20220922,001,1795
311.3235,311.3612,68437,81441,Rhinolophus ferrumequinum,0.023,0.023,-1,Echolocation,/mnt/ubna_data_02_mir/recover-20220922/UBNA_001/20220921_090000.WAV,Telephone Field,recover-20220922,001,1795
311.3365,311.3757,68437,81915,Rhinolophus ferrumequinum,0.021,0.021,-1,Echolocation,/mnt/ubna_data_02_mir/recover-20220922/UBNA_001/20220921_090000.WAV,Telephone Field,recover-20220922,001,1795
311.3725,311.3817,26328,35031,Eptesicus serotinus,0.009,0.021,-1,Echolocation,/mnt/ubna_data_02_mir/recover-20220922/UBNA_001/20220921_090000.WAV,Telephone Field,recover-20220922,001,1795
311.3775,311.4136,68437,81397,Rhinolophus ferrumequinum,0.02,0.02,-1,Echolocation,/mnt/ubna_data_02_mir/recover-20220922/UBNA_001/20220921_090000.WAV,Telephone Field,recover-20220922,001,1795
311.4005,311.438,68437,81425,Rhinolophus ferrumequinum,0.02,0.021,-1,Echolocation,/mnt/ubna_data_02_mir/recover-20220922/UBNA_001/20220921_090000.WAV,Telephone Field,recover-20220922,001,1795
311.4255,311.4653,68437,81399,Rhinolophus ferrumequinum,0.022,0.022,-1,Echolocation,/mnt/ubna_data_02_mir/recover-20220922/UBNA_001/20220921_090000.WAV,Telephone Field,recover-20220922,001,1795
311.4335,311.471,68437,81576,Rhinolophus ferrumequinum,0.022,0.022,-1,Echolocation,/mnt/ubna_data_02_mir/recover-20220922/UBNA_001/20220921_090000.WAV,Telephone Field,recover-20220922,001,1795
311.4395,311.4489,22031,28244,Plecotus austriacus,0.008,0.021,-1,Echolocation,/mnt/ubna_data_02_mir/recover-20220922/UBNA_001/20220921_090000.WAV,Telephone Field,recover-20220922,001,1795
311.4675,311.5063,68437,82162,Rhinolophus ferrumequinum,0.036,0.036,-1,Echolocation,/mnt/ubna_data_02_mir/recover-20220922/UBNA_001/20220921_090000.WAV,Telephone Field,recover-20220922,001,1795
311.4875,311.5279,68437,82703,Rhinolophus ferrumequinum,0.02,0.02,-1,Echolocation,/mnt/ubna_data_02_mir/recover-20220922/UBNA_001/20220921_090000.WAV,Telephone Field,recover-20220922,001,1795
311.4925,311.5038,23750,28384,Nyctalus leisleri,0.012,0.023,-1,Echolocation,/mnt/ubna_data_02_mir/recover-20220922/UBNA_001/20220921_090000.WAV,Telephone Field,recover-20220922,001,1795
311.4975,311.5343,68437,82131,Rhinolophus ferrumequinum,0.023,0.023,-1,Echolocation,/mnt/ubna_data_02_mir/recover-20220922/UBNA_001/20220921_090000.WAV,Telephone Field,recover-20220922,001,1795
311.5125,311.5239,22890,27514,Nyctalus leisleri,0.011,0.021,-1,Echolocation,/mnt/ubna_data_02_mir/recover-20220922/UBNA_001/20220921_090000.WAV,Telephone Field,recover-20220922,001,1795
311.5515,311.5848,68437,80970,Rhinolophus ferrumequinum,0.022,0.022,-1,Echolocation,/mnt/ubna_data_02_mir/recover-20220922/UBNA_001/20220921_090000.WAV,Telephone Field,recover-20220922,001,1795
311.5605,311.5992,68437,81361,Rhinolophus ferrumequinum,0.023,0.023,-1,Echolocation,/mnt/ubna_data_02_mir/recover-20220922/UBNA_001/20220921_090000.WAV,Telephone Field,recover-20220922,001,1795
311.5665,311.5859,18593,21993,Nyctalus noctula,0.011,0.021,-1,Echolocation,/mnt/ubna_data_02_mir/recover-20220922/UBNA_001/20220921_090000.WAV,Telephone Field,recover-20220922,001,1795
311.6215,311.6302,22890,30112,Plecotus austriacus,0.011,0.025,-1,Echolocation,/mnt/ubna_data_02_mir/recover-20220922/UBNA_001/20220921_090000.WAV,Telephone Field,recover-20220922,001,1795
311.6355,311.6437,28046,37652,Eptesicus serotinus,0.01,0.025,-1,Echolocation,/mnt/ubna_data_02_mir/recover-20220922/UBNA_001/20220921_090000.WAV,Telephone Field,recover-20220922,001,1795
311.6725,311.6833,27187,34973,Eptesicus serotinus,0.01,0.022,-1,Echolocation,/mnt/ubna_data_02_mir/recover-20220922/UBNA_001/20220921_090000.WAV,Telephone Field,recover-20220922,001,1795
311.7375,311.7787,68437,82530,Rhinolophus ferrumequinum,0.026,0.026,-1,Echolocation,/mnt/ubna_data_02_mir/recover-20220922/UBNA_001/20220921_090000.WAV,Telephone Field,recover-20220922,001,1795
311.7505,311.759,28906,38924,Eptesicus serotinus,0.006,0.021,-1,Echolocation,/mnt/ubna_data_02_mir/recover-20220922/UBNA_001/20220921_090000.WAV,Telephone Field,recover-20220922,001,1795
311.7635,311.8008,68437,81328,Rhinolophus ferrumequinum,0.021,0.021,-1,Echolocation,/mnt/ubna_data_02_mir/recover-20220922/UBNA_001/20220921_090000.WAV,Telephone Field,recover-20220922,001,1795
311.7745,311.7836,28046,39618,Eptesicus serotinus,0.01,0.024,-1,Echolocation,/mnt/ubna_data_02_mir/recover-20220922/UBNA_001/20220921_090000.WAV,Telephone Field,recover-20220922,001,1795
311.79449999999997,311.8332,68437,82048,Rhinolophus ferrumequinum,0.026,0.026,-1,Echolocation,/mnt/ubna_data_02_mir/recover-20220922/UBNA_001/20220921_090000.WAV,Telephone Field,recover-20220922,001,1795
311.8195,311.8589,68437,82304,Rhinolophus ferrumequinum,0.027,0.027,-1,Echolocation,/mnt/ubna_data_02_mir/recover-20220922/UBNA_001/20220921_090000.WAV,Telephone Field,recover-20220922,001,1795
311.8235,311.8338,22031,26825,Nyctalus leisleri,0.009,0.021,-1,Echolocation,/mnt/ubna_data_02_mir/recover-20220922/UBNA_001/20220921_090000.WAV,Telephone Field,recover-20220922,001,1795
311.8565,311.8945,68437,81867,Rhinolophus ferrumequinum,0.024,0.024,-1,Echolocation,/mnt/ubna_data_02_mir/recover-20220922/UBNA_001/20220921_090000.WAV,Telephone Field,recover-20220922,001,1795
311.8665,311.9051,68437,81975,Rhinolophus ferrumequinum,0.023,0.023,-1,Echolocation,/mnt/ubna_data_02_mir/recover-20220922/UBNA_001/20220921_090000.WAV,Telephone Field,recover-20220922,001,1795
311.8725,311.8898,20312,23264,Nyctalus leisleri,0.013,0.023,-1,Echolocation,/mnt/ubna_data_02_mir/recover-20220922/UBNA_001/20220921_090000.WAV,Telephone Field,recover-20220922,001,1795
311.8805,311.8908,22031,26127,Nyctalus leisleri,0.011,0.02,-1,Echolocation,/mnt/ubna_data_02_mir/recover-20220922/UBNA_001/20220921_090000.WAV,Telephone Field,recover-20220922,001,1795
311.9165,311.959,68437,82578,Rhinolophus ferrumequinum,0.032,0.032,-1,Echolocation,/mnt/ubna_data_02_mir/recover-20220922/UBNA_001/20220921_090000.WAV,Telephone Field,recover-20220922,001,1795
311.9235,311.9656,68437,82975,Rhinolophus ferrumequinum,0.035,0.035,-1,Echolocation,/mnt/ubna_data_02_mir/recover-20220922/UBNA_001/20220921_090000.WAV,Telephone Field,recover-20220922,001,1795
311.9465,311.9848,68437,82000,Rhinolophus ferrumequinum,0.021,0.022,-1,Echolocation,/mnt/ubna_data_02_mir/recover-20220922/UBNA_001/20220921_090000.WAV,Telephone Field,recover-20220922,001,1795
311.9585,311.9967,68437,81914,Rhinolophus ferrumequinum,0.024,0.024,-1,Echolocation,/mnt/ubna_data_02_mir/recover-20220922/UBNA_001/20220921_090000.WAV,Telephone Field,recover-20220922,001,1795
311.9775,311.987,23750,30231,Nyctalus leisleri,0.009,0.022,-1,Echolocation,/mnt/ubna_data_02_mir/recover-20220922/UBNA_001/20220921_090000.WAV,Telephone Field,recover-20220922,001,1795
312.0015,312.0138,56406,62659,Pipistrellus pygmaeus,0.027,0.029,-1,Echolocation,/mnt/ubna_data_02_mir/recover-20220922/UBNA_001/20220921_090000.WAV,Telephone Field,recover-20220922,001,1795
312.0015,312.0358,68437,79845,Rhinolophus ferrumequinum,0.044,0.044,-1,Echolocation,/mnt/ubna_data_02_mir/recover-20220922/UBNA_001/20220921_090000.WAV,Telephone Field,recover-20220922,001,1795
312.0015,312.0137,38359,43045,Pipistrellus nathusii,0.014,0.023,-1,Echolocation,/mnt/ubna_data_02_mir/recover-20220922/UBNA_001/20220921_090000.WAV,Telephone Field,recover-20220922,001,1795
312.0015,312.0118,26328,34222,Nyctalus leisleri,0.012,0.033,-1,Echolocation,/mnt/ubna_data_02_mir/recover-20220922/UBNA_001/20220921_090000.WAV,Telephone Field,recover-20220922,001,1795
312.0155,312.0533,68437,81248,Rhinolophus ferrumequinum,0.022,0.022,-1,Echolocation,/mnt/ubna_data_02_mir/recover-20220922/UBNA_001/20220921_090000.WAV,Telephone Field,recover-20220922,001,1795
312.0265,312.0385,22890,26590,Nyctalus leisleri,0.021,0.033,-1,Echolocation,/mnt/ubna_data_02_mir/recover-20220922/UBNA_001/20220921_090000.WAV,Telephone Field,recover-20220922,001,1795
312.0825,312.1182,68437,81233,Rhinolophus ferrumequinum,0.031,0.031,-1,Echolocation,/mnt/ubna_data_02_mir/recover-20220922/UBNA_001/20220921_090000.WAV,Telephone Field,recover-20220922,001,1795
312.1005,312.1394,68437,82150,Rhinolophus ferrumequinum,0.024,0.024,-1,Echolocation,/mnt/ubna_data_02_mir/recover-20220922/UBNA_001/20220921_090000.WAV,Telephone Field,recover-20220922,001,1795
312.1175,312.1255,27187,38273,Eptesicus serotinus,0.007,0.023,-1,Echolocation,/mnt/ubna_data_02_mir/recover-20220922/UBNA_001/20220921_090000.WAV,Telephone Field,recover-20220922,001,1795
312.1185,312.1566,68437,82288,Rhinolophus ferrumequinum,0.022,0.022,-1,Echolocation,/mnt/ubna_data_02_mir/recover-20220922/UBNA_001/20220921_090000.WAV,Telephone Field,recover-20220922,001,1795
312.1235,312.1317,34062,42987,Myotis daubentonii,0.01,0.023,-1,Echolocation,/mnt/ubna_data_02_mir/recover-20220922/UBNA_001/20220921_090000.WAV,Telephone Field,recover-20220922,001,1795
312.1335,312.1697,68437,82009,Rhinolophus ferrumequinum,0.023,0.023,-1,Echolocation,/mnt/ubna_data_02_mir/recover-20220922/UBNA_001/20220921_090000.WAV,Telephone Field,recover-20220922,001,1795
312.1665,312.2063,68437,81481,Rhinolophus ferrumequinum,0.027,0.027,-1,Echolocation,/mnt/ubna_data_02_mir/recover-20220922/UBNA_001/20220921_090000.WAV,Telephone Field,recover-20220922,001,1795
312.1755,312.1862,22890,28638,Nyctalus leisleri,0.012,0.025,-1,Echolocation,/mnt/ubna_data_02_mir/recover-20220922/UBNA_001/20220921_090000.WAV,Telephone Field,recover-20220922,001,1795
312.2135,312.2488,68437,79994,Rhinolophus ferrumequinum,0.057,0.057,-1,Echolocation,/mnt/ubna_data_02_mir/recover-20220922/UBNA_001/20220921_090000.WAV,Telephone Field,recover-20220922,001,1795
312.2225,312.2329,28906,37006,Eptesicus serotinus,0.01,0.024,-1,Echolocation,/mnt/ubna_data_02_mir/recover-20220922/UBNA_001/20220921_090000.WAV,Telephone Field,recover-20220922,001,1795
312.2755,312.2826,28046,39633,Eptesicus serotinus,0.006,0.025,-1,Echolocation,/mnt/ubna_data_02_mir/recover-20220922/UBNA_001/20220921_090000.WAV,Telephone Field,recover-20220922,001,1795
312.2765,312.3188,68437,82932,Rhinolophus ferrumequinum,0.028,0.028,-1,Echolocation,/mnt/ubna_data_02_mir/recover-20220922/UBNA_001/20220921_090000.WAV,Telephone Field,recover-20220922,001,1795
312.3155,312.3234,28046,37215,Eptesicus serotinus,0.008,0.022,-1,Echolocation,/mnt/ubna_data_02_mir/recover-20220922/UBNA_001/20220921_090000.WAV,Telephone Field,recover-20220922,001,1795
312.3375,312.3781,68437,82210,Rhinolophus ferrumequinum,0.028,0.028,-1,Echolocation,/mnt/ubna_data_02_mir/recover-20220922/UBNA_001/20220921_090000.WAV,Telephone Field,recover-20220922,001,1795
312.3375,312.3482,22890,29036,Nyctalus leisleri,0.01,0.024,-1,Echolocation,/mnt/ubna_data_02_mir/recover-20220922/UBNA_001/20220921_090000.WAV,Telephone Field,recover-20220922,001,1795
312.3665,312.4092,68437,83156,Rhinolophus ferrumequinum,0.028,0.028,-1,Echolocation,/mnt/ubna_data_02_mir/recover-20220922/UBNA_001/20220921_090000.WAV,Telephone Field,recover-20220922,001,1795
312.3775,312.414,68437,81520,Rhinolophus ferrumequinum,0.025,0.025,-1,Echolocation,/mnt/ubna_data_02_mir/recover-20220922/UBNA_001/20220921_090000.WAV,Telephone Field,recover-20220922,001,1795
312.3925,312.4318,68437,81640,Rhinolophus ferrumequinum,0.024,0.024,-1,Echolocation,/mnt/ubna_data_02_mir/recover-20220922/UBNA_001/20220921_090000.WAV,Telephone Field,recover-20220922,001,1795
312.3995,312.4394,68437,82073,Rhinolophus ferrumequinum,0.028,0.028,-1,Echolocation,/mnt/ubna_data_02_mir/recover-20220922/UBNA_001/20220921_090000.WAV,Telephone Field,recover-20220922,001,1795
312.4415,312.4486,27187,41247,Eptesicus serotinus,0.007,0.025,-1,Echolocation,/mnt/ubna_data_02_mir/recover-20220922/UBNA_001/20220921_090000.WAV,Telephone Field,recover-20220922,001,1795
312.4455,312.4841,68437,81544,Rhinolophus ferrumequinum,0.029,0.029,-1,Echolocation,/mnt/ubna_data_02_mir/recover-20220922/UBNA_001/20220921_090000.WAV,Telephone Field,recover-20220922,001,1795
312.4675,312.5043,68437,82148,Rhinolophus ferrumequinum,0.026,0.026,-1,Echolocation,/mnt/ubna_data_02_mir/recover-20220922/UBNA_001/20220921_090000.WAV,Telephone Field,recover-20220922,001,1795
312.4835,312.5237,68437,82678,Rhinolophus ferrumequinum,0.023,0.023,-1,Echolocation,/mnt/ubna_data_02_mir/recover-20220922/UBNA_001/20220921_090000.WAV,Telephone Field,recover-20220922,001,1795
312.4955,312.5328,68437,82305,Rhinolophus ferrumequinum,0.027,0.027,-1,Echolocation,/mnt/ubna_data_02_mir/recover-20220922/UBNA_001/20220921_090000.WAV,Telephone Field,recover-20220922,001,1795
312.5255,312.565,68437,82010,Rhinolophus ferrumequinum,0.023,0.023,-1,Echolocation,/mnt/ubna_data_02_mir/recover-20220922/UBNA_001/20220921_090000.WAV,Telephone Field,recover-20220922,001,1795
312.5845,312.6239,68437,82218,Rhinolophus ferrumequinum,0.023,0.023,-1,Echolocation,/mnt/ubna_data_02_mir/recover-20220922/UBNA_001/20220921_090000.WAV,Telephone Field,recover-20220922,001,1795
312.5865,312.5967,27187,35555,Eptesicus serotinus,0.013,0.027,-1,Echolocation,/mnt/ubna_data_02_mir/recover-20220922/UBNA_001/20220921_090000.WAV,Telephone Field,recover-20220922,001,1795
312.5905,312.5988,49531,53856,Pipistrellus pipistrellus,0.022,0.024,-1,Echolocation,/mnt/ubna_data_02_mir/recover-20220922/UBNA_001/20220921_090000.WAV,Telephone Field,recover-20220922,001,1795
312.5955,312.6078,24609,30492,Nyctalus leisleri,0.013,0.03,-1,Echolocation,/mnt/ubna_data_02_mir/recover-20220922/UBNA_001/20220921_090000.WAV,Telephone Field,recover-20220922,001,1795
312.5955,312.6345,68437,82029,Rhinolophus ferrumequinum,0.023,0.023,-1,Echolocation,/mnt/ubna_data_02_mir/recover-20220922/UBNA_001/20220921_090000.WAV,Telephone Field,recover-20220922,001,1795
312.6125,312.652,68437,81870,Rhinolophus ferrumequinum,0.023,0.023,-1,Echolocation,/mnt/ubna_data_02_mir/recover-20220922/UBNA_001/20220921_090000.WAV,Telephone Field,recover-20220922,001,1795
312.6195,312.6567,68437,82084,Rhinolophus ferrumequinum,0.022,0.022,-1,Echolocation,/mnt/ubna_data_02_mir/recover-20220922/UBNA_001/20220921_090000.WAV,Telephone Field,recover-20220922,001,1795
312.6745,312.7125,68437,81171,Rhinolophus ferrumequinum,0.023,0.023,-1,Echolocation,/mnt/ubna_data_02_mir/recover-20220922/UBNA_001/20220921_090000.WAV,Telephone Field,recover-20220922,001,1795
312.6915,312.7039,23750,28335,Nyctalus leisleri,0.016,0.03,-1,Echolocation,/mnt/ubna_data_02_mir/recover-20220922/UBNA_001/20220921_090000.WAV,Telephone Field,recover-20220922,001,1795
312.6925,312.7279,68437,81128,Rhinolophus ferrumequinum,0.024,0.024,-1,Echolocation,/mnt/ubna_data_02_mir/recover-20220922/UBNA_001/20220921_090000.WAV,Telephone Field,recover-20220922,001,1795
312.7405,312.7775,68437,81023,Rhinolophus ferrumequinum,0.026,0.027,-1,Echolocation,/mnt/ubna_data_02_mir/recover-20220922/UBNA_001/20220921_090000.WAV,Telephone Field,recover-20220922,001,1795
312.7435,312.752,28046,40352,Eptesicus serotinus,0.01,0.026,-1,Echolocation,/mnt/ubna_data_02_mir/recover-20220922/UBNA_001/20220921_090000.WAV,Telephone Field,recover-20220922,001,1795
312.7585,312.7986,68437,83061,Rhinolophus ferrumequinum,0.03,0.03,-1,Echolocation,/mnt/ubna_data_02_mir/recover-20220922/UBNA_001/20220921_090000.WAV,Telephone Field,recover-20220922,001,1795
312.7815,312.7902,28906,39173,Eptesicus serotinus,0.009,0.024,-1,Echolocation,/mnt/ubna_data_02_mir/recover-20220922/UBNA_001/20220921_090000.WAV,Telephone Field,recover-20220922,001,1795
312.7975,312.809,27187,33055,Eptesicus serotinus,0.011,0.023,-1,Echolocation,/mnt/ubna_data_02_mir/recover-20220922/UBNA_001/20220921_090000.WAV,Telephone Field,recover-20220922,001,1795
312.8025,312.8426,68437,82342,Rhinolophus ferrumequinum,0.025,0.025,-1,Echolocation,/mnt/ubna_data_02_mir/recover-20220922/UBNA_001/20220921_090000.WAV,Telephone Field,recover-20220922,001,1795
312.8415,312.8487,45234,50971,Pipistrellus pipistrellus,0.025,0.027,-1,Echolocation,/mnt/ubna_data_02_mir/recover-20220922/UBNA_001/20220921_090000.WAV,Telephone Field,recover-20220922,001,1795
312.8515,312.8584,27187,40332,Eptesicus serotinus,0.007,0.027,-1,Echolocation,/mnt/ubna_data_02_mir/recover-20220922/UBNA_001/20220921_090000.WAV,Telephone Field,recover-20220922,001,1795
312.8605,312.8986,68437,82003,Rhinolophus ferrumequinum,0.022,0.022,-1,Echolocation,/mnt/ubna_data_02_mir/recover-20220922/UBNA_001/20220921_090000.WAV,Telephone Field,recover-20220922,001,1795
312.8675,312.8762,47812,51635,Pipistrellus pipistrellus,0.023,0.024,-1,Echolocation,/mnt/ubna_data_02_mir/recover-20220922/UBNA_001/20220921_090000.WAV,Telephone Field,recover-20220922,001,1795
312.8765,312.9103,68437,80617,Rhinolophus ferrumequinum,0.022,0.022,-1,Echolocation,/mnt/ubna_data_02_mir/recover-20220922/UBNA_001/20220921_090000.WAV,Telephone Field,recover-20220922,001,1795
312.9155,312.9541,68437,81382,Rhinolophus ferrumequinum,0.027,0.027,-1,Echolocation,/mnt/ubna_data_02_mir/recover-20220922/UBNA_001/20220921_090000.WAV,Telephone Field,recover-20220922,001,1795
312.9235,312.9601,68437,82011,Rhinolophus ferrumequinum,0.024,0.024,-1,Echolocation,/mnt/ubna_data_02_mir/recover-20220922/UBNA_001/20220921_090000.WAV,Telephone Field,recover-20220922,001,1795
312.9585,312.9999,68437,82641,Rhinolophus ferrumequinum,0.029,0.029,-1,Echolocation,/mnt/ubna_data_02_mir/recover-20220922/UBNA_001/20220921_090000.WAV,Telephone Field,recover-20220922,001,1795
312.9845,312.9957,22890,27180,Nyctalus leisleri,0.016,0.03,-1,Echolocation,/mnt/ubna_data_02_mir/recover-20220922/UBNA_001/20220921_090000.WAV,Telephone Field,recover-20220922,001,1795
312.9945,313.0043,28046,37069,Eptesicus serotinus,0.019,0.036,-1,Echolocation,/mnt/ubna_data_02_mir/recover-20220922/UBNA_001/20220921_090000.WAV,Telephone Field,recover-20220922,001,1795
313.0255,313.0333,26328,35371,Eptesicus serotinus,0.006,0.024,-1,Echolocation,/mnt/ubna_data_02_mir/recover-20220922/UBNA_001/20220921_090000.WAV,Telephone Field,recover-20220922,001,1795
313.0395,313.0791,68437,82549,Rhinolophus ferrumequinum,0.025,0.025,-1,Echolocation,/mnt/ubna_data_02_mir/recover-20220922/UBNA_001/20220921_090000.WAV,Telephone Field,recover-20220922,001,1795
313.0615,313.072,23750,29736,Nyctalus leisleri,0.01,0.024,-1,Echolocation,/mnt/ubna_data_02_mir/recover-20220922/UBNA_001/20220921_090000.WAV,Telephone Field,recover-20220922,001,1795
313.0625,313.0731,45234,49262,Pipistrellus pipistrellus,0.024,0.026,-1,Echolocation,/mnt/ubna_data_02_mir/recover-20220922/UBNA_001/20220921_090000.WAV,Telephone Field,recover-20220922,001,1795
313.0645,313.101,68437,81244,Rhinolophus ferrumequinum,0.024,0.024,-1,Echolocation,/mnt/ubna_data_02_mir/recover-20220922/UBNA_001/20220921_090000.WAV,Telephone Field,recover-20220922,001,1795
313.0745,313.1141,68437,82034,Rhinolophus ferrumequinum,0.025,0.025,-1,Echolocation,/mnt/ubna_data_02_mir/recover-20220922/UBNA_001/20220921_090000.WAV,Telephone Field,recover-20220922,001,1795
313.0855,313.1227,68437,81623,Rhinolophus ferrumequinum,0.022,0.022,-1,Echolocation,/mnt/ubna_data_02_mir/recover-20220922/UBNA_001/20220921_090000.WAV,Telephone Field,recover-20220922,001,1795
313.0935,313.1317,68437,82166,Rhinolophus ferrumequinum,0.023,0.023,-1,Echolocation,/mnt/ubna_data_02_mir/recover-20220922/UBNA_001/20220921_090000.WAV,Telephone Field,recover-20220922,001,1795
313.0945,313.1032,45234,50216,Pipistrellus pipistrellus,0.029,0.031,-1,Echolocation,/mnt/ubna_data_02_mir/recover-20220922/UBNA_001/20220921_090000.WAV,Telephone Field,recover-20220922,001,1795
313.1145,313.1565,68437,82786,Rhinolophus ferrumequinum,0.032,0.032,-1,Echolocation,/mnt/ubna_data_02_mir/recover-20220922/UBNA_001/20220921_090000.WAV,Telephone Field,recover-20220922,001,1795
313.1925,313.2316,68437,81921,Rhinolophus ferrumequinum,0.024,0.024,-1,Echolocation,/mnt/ubna_data_02_mir/recover-20220922/UBNA_001/20220921_090000.WAV,Telephone Field,recover-20220922,001,1795
313.2085,313.2167,27187,36420,Eptesicus serotinus,0.007,0.023,-1,Echolocation,/mnt/ubna_data_02_mir/recover-20220922/UBNA_001/20220921_090000.WAV,Telephone Field,recover-20220922,001,1795
313.2215,313.2626,68437,82553,Rhinolophus ferrumequinum,0.023,0.023,-1,Echolocation,/mnt/ubna_data_02_mir/recover-20220922/UBNA_001/20220921_090000.WAV,Telephone Field,recover-20220922,001,1795
313.2265,313.2363,28906,36805,Eptesicus serotinus,0.009,0.022,-1,Echolocation,/mnt/ubna_data_02_mir/recover-20220922/UBNA_001/20220921_090000.WAV,Telephone Field,recover-20220922,001,1795
313.2475,313.2877,68437,82839,Rhinolophus ferrumequinum,0.023,0.023,-1,Echolocation,/mnt/ubna_data_02_mir/recover-20220922/UBNA_001/20220921_090000.WAV,Telephone Field,recover-20220922,001,1795
313.2565,313.2975,68437,82857,Rhinolophus ferrumequinum,0.022,0.022,-1,Echolocation,/mnt/ubna_data_02_mir/recover-20220922/UBNA_001/20220921_090000.WAV,Telephone Field,recover-20220922,001,1795
313.2575,313.2673,28046,38473,Eptesicus serotinus,0.009,0.023,-1,Echolocation,/mnt/ubna_data_02_mir/recover-20220922/UBNA_001/20220921_090000.WAV,Telephone Field,recover-20220922,001,1795
313.29449999999997,313.3025,50390,54805,Pipistrellus pipistrellus,0.026,0.028,-1,Echolocation,/mnt/ubna_data_02_mir/recover-20220922/UBNA_001/20220921_090000.WAV,Telephone Field,recover-20220922,001,1795
313.3085,313.3435,68437,81133,Rhinolophus ferrumequinum,0.026,0.026,-1,Echolocation,/mnt/ubna_data_02_mir/recover-20220922/UBNA_001/20220921_090000.WAV,Telephone Field,recover-20220922,001,1795
313.3345,313.3733,68437,82068,Rhinolophus ferrumequinum,0.028,0.028,-1,Echolocation,/mnt/ubna_data_02_mir/recover-20220922/UBNA_001/20220921_090000.WAV,Telephone Field,recover-20220922,001,1795
313.3415,313.3518,22031,27913,Nyctalus leisleri,0.009,0.024,-1,Echolocation,/mnt/ubna_data_02_mir/recover-20220922/UBNA_001/20220921_090000.WAV,Telephone Field,recover-20220922,001,1795
313.3595,313.3962,68437,81121,Rhinolophus ferrumequinum,0.023,0.023,-1,Echolocation,/mnt/ubna_data_02_mir/recover-20220922/UBNA_001/20220921_090000.WAV,Telephone Field,recover-20220922,001,1795
313.3685,313.4078,68437,82053,Rhinolophus ferrumequinum,0.025,0.025,-1,Echolocation,/mnt/ubna_data_02_mir/recover-20220922/UBNA_001/20220921_090000.WAV,Telephone Field,recover-20220922,001,1795
313.4725,313.5135,68437,82808,Rhinolophus ferrumequinum,0.037,0.037,-1,Echolocation,/mnt/ubna_data_02_mir/recover-20220922/UBNA_001/20220921_090000.WAV,Telephone Field,recover-20220922,001,1795
313.4985,313.5367,68437,81705,Rhinolophus ferrumequinum,0.026,0.026,-1,Echolocation,/mnt/ubna_data_02_mir/recover-20220922/UBNA_001/20220921_090000.WAV,Telephone Field,recover-20220922,001,1795
313.5045,313.5153,23750,29902,Nyctalus leisleri,0.011,0.026,-1,Echolocation,/mnt/ubna_data_02_mir/recover-20220922/UBNA_001/20220921_090000.WAV,Telephone Field,recover-20220922,001,1795
313.5295,313.5476,21171,24248,Nyctalus leisleri,0.027,0.046,-1,Echolocation,/mnt/ubna_data_02_mir/recover-20220922/UBNA_001/20220921_090000.WAV,Telephone Field,recover-20220922,001,1795
313.5485,313.586,68437,82207,Rhinolophus ferrumequinum,0.023,0.023,-1,Echolocation,/mnt/ubna_data_02_mir/recover-20220922/UBNA_001/20220921_090000.WAV,Telephone Field,recover-20220922,001,1795
313.5905,313.6307,68437,82133,Rhinolophus ferrumequinum,0.023,0.023,-1,Echolocation,/mnt/ubna_data_02_mir/recover-20220922/UBNA_001/20220921_090000.WAV,Telephone Field,recover-20220922,001,1795
313.6005,313.6118,23750,29957,Nyctalus leisleri,0.01,0.023,-1,Echolocation,/mnt/ubna_data_02_mir/recover-20220922/UBNA_001/20220921_090000.WAV,Telephone Field,recover-20220922,001,1795
313.6355,313.6439,27187,36181,Eptesicus serotinus,0.008,0.023,-1,Echolocation,/mnt/ubna_data_02_mir/recover-20220922/UBNA_001/20220921_090000.WAV,Telephone Field,recover-20220922,001,1795
313.6425,313.6526,25468,31891,Eptesicus serotinus,0.009,0.027,-1,Echolocation,/mnt/ubna_data_02_mir/recover-20220922/UBNA_001/20220921_090000.WAV,Telephone Field,recover-20220922,001,1795
313.6585,313.6672,28046,39017,Eptesicus serotinus,0.009,0.024,-1,Echolocation,/mnt/ubna_data_02_mir/recover-20220922/UBNA_001/20220921_090000.WAV,Telephone Field,recover-20220922,001,1795
313.6675,313.677,28906,37566,Eptesicus serotinus,0.008,0.023,-1,Echolocation,/mnt/ubna_data_02_mir/recover-20220922/UBNA_001/20220921_090000.WAV,Telephone Field,recover-20220922,001,1795
313.7225,313.7339,22890,27403,Nyctalus leisleri,0.012,0.022,-1,Echolocation,/mnt/ubna_data_02_mir/recover-20220922/UBNA_001/20220921_090000.WAV,Telephone Field,recover-20220922,001,1795
313.7265,313.7357,28906,36455,Eptesicus serotinus,0.008,0.023,-1,Echolocation,/mnt/ubna_data_02_mir/recover-20220922/UBNA_001/20220921_090000.WAV,Telephone Field,recover-20220922,001,1795
313.7335,313.7426,28046,36934,Eptesicus serotinus,0.008,0.023,-1,Echolocation,/mnt/ubna_data_02_mir/recover-20220922/UBNA_001/20220921_090000.WAV,Telephone Field,recover-20220922,001,1795
313.7735,313.7822,48671,54284,Pipistrellus pipistrellus,0.023,0.025,-1,Echolocation,/mnt/ubna_data_02_mir/recover-20220922/UBNA_001/20220921_090000.WAV,Telephone Field,recover-20220922,001,1795
313.7765,313.8169,68437,82232,Rhinolophus ferrumequinum,0.022,0.022,-1,Echolocation,/mnt/ubna_data_02_mir/recover-20220922/UBNA_001/20220921_090000.WAV,Telephone Field,recover-20220922,001,1795
313.7885,313.8247,68437,81784,Rhinolophus ferrumequinum,0.023,0.023,-1,Echolocation,/mnt/ubna_data_02_mir/recover-20220922/UBNA_001/20220921_090000.WAV,Telephone Field,recover-20220922,001,1795
313.79449999999997,313.8285,68437,81642,Rhinolophus ferrumequinum,0.023,0.023,-1,Echolocation,/mnt/ubna_data_02_mir/recover-20220922/UBNA_001/20220921_090000.WAV,Telephone Field,recover-20220922,001,1795
313.7955,313.8027,28046,44032,Eptesicus serotinus,0.006,0.023,-1,Echolocation,/mnt/ubna_data_02_mir/recover-20220922/UBNA_001/20220921_090000.WAV,Telephone Field,recover-20220922,001,1795
313.8175,313.8398,18593,21460,Nyctalus noctula,0.011,0.023,-1,Echolocation,/mnt/ubna_data_02_mir/recover-20220922/UBNA_001/20220921_090000.WAV,Telephone Field,recover-20220922,001,1795
313.8175,313.8543,68437,81668,Rhinolophus ferrumequinum,0.023,0.023,-1,Echolocation,/mnt/ubna_data_02_mir/recover-20220922/UBNA_001/20220921_090000.WAV,Telephone Field,recover-20220922,001,1795
313.8375,313.8452,28906,38219,Myotis daubentonii,0.007,0.023,-1,Echolocation,/mnt/ubna_data_02_mir/recover-20220922/UBNA_001/20220921_090000.WAV,Telephone Field,recover-20220922,001,1795
313.8625,313.9043,68437,83051,Rhinolophus ferrumequinum,0.025,0.025,-1,Echolocation,/mnt/ubna_data_02_mir/recover-20220922/UBNA_001/20220921_090000.WAV,Telephone Field,recover-20220922,001,1795
313.9075,313.9413,68437,80979,Rhinolophus ferrumequinum,0.029,0.029,-1,Echolocation,/mnt/ubna_data_02_mir/recover-20220922/UBNA_001/20220921_090000.WAV,Telephone Field,recover-20220922,001,1795
313.9325,313.9407,57265,61963,Pipistrellus pygmaeus,0.024,0.024,-1,Echolocation,/mnt/ubna_data_02_mir/recover-20220922/UBNA_001/20220921_090000.WAV,Telephone Field,recover-20220922,001,1795
314.0015,314.0313,69296,81073,Rhinolophus ferrumequinum,0.022,0.022,-1,Echolocation,/mnt/ubna_data_02_mir/recover-20220922/UBNA_001/20220921_090000.WAV,Telephone Field,recover-20220922,001,1795
314.0015,314.0097,26328,33988,Nyctalus leisleri,0.009,0.027,-1,Echolocation,/mnt/ubna_data_02_mir/recover-20220922/UBNA_001/20220921_090000.WAV,Telephone Field,recover-20220922,001,1795
314.0015,314.0099,22031,27374,Nyctalus leisleri,0.012,0.028,-1,Echolocation,/mnt/ubna_data_02_mir/recover-20220922/UBNA_001/20220921_090000.WAV,Telephone Field,recover-20220922,001,1795
314.0235,314.0358,28046,35695,Eptesicus serotinus,0.019,0.033,-1,Echolocation,/mnt/ubna_data_02_mir/recover-20220922/UBNA_001/20220921_090000.WAV,Telephone Field,recover-20220922,001,1795
314.0305,314.0387,46093,51043,Pipistrellus pipistrellus,0.026,0.027,-1,Echolocation,/mnt/ubna_data_02_mir/recover-20220922/UBNA_001/20220921_090000.WAV,Telephone Field,recover-20220922,001,1795
314.1325,314.1734,68437,82525,Rhinolophus ferrumequinum,0.029,0.029,-1,Echolocation,/mnt/ubna_data_02_mir/recover-20220922/UBNA_001/20220921_090000.WAV,Telephone Field,recover-20220922,001,1795
314.1685,314.2048,68437,82228,Rhinolophus ferrumequinum,0.029,0.029,-1,Echolocation,/mnt/ubna_data_02_mir/recover-20220922/UBNA_001/20220921_090000.WAV,Telephone Field,recover-20220922,001,1795
314.1735,314.1847,22031,26972,Nyctalus leisleri,0.014,0.027,-1,Echolocation,/mnt/ubna_data_02_mir/recover-20220922/UBNA_001/20220921_090000.WAV,Telephone Field,recover-20220922,001,1795
314.1775,314.1848,27187,38933,Eptesicus serotinus,0.006,0.021,-1,Echolocation,/mnt/ubna_data_02_mir/recover-20220922/UBNA_001/20220921_090000.WAV,Telephone Field,recover-20220922,001,1795
314.1965,314.2028,28046,40166,Eptesicus serotinus,0.006,0.024,-1,Echolocation,/mnt/ubna_data_02_mir/recover-20220922/UBNA_001/20220921_090000.WAV,Telephone Field,recover-20220922,001,1795
314.2315,314.2695,68437,81314,Rhinolophus ferrumequinum,0.023,0.023,-1,Echolocation,/mnt/ubna_data_02_mir/recover-20220922/UBNA_001/20220921_090000.WAV,Telephone Field,recover-20220922,001,1795
314.2955,314.3349,68437,82313,Rhinolophus ferrumequinum,0.022,0.022,-1,Echolocation,/mnt/ubna_data_02_mir/recover-20220922/UBNA_001/20220921_090000.WAV,Telephone Field,recover-20220922,001,1795
314.3355,314.3432,28046,38698,Eptesicus serotinus,0.007,0.022,-1,Echolocation,/mnt/ubna_data_02_mir/recover-20220922/UBNA_001/20220921_090000.WAV,Telephone Field,recover-20220922,001,1795
314.3575,314.3893,69296,81020,Rhinolophus ferrumequinum,0.023,0.023,-1,Echolocation,/mnt/ubna_data_02_mir/recover-20220922/UBNA_001/20220921_090000.WAV,Telephone Field,recover-20220922,001,1795
314.3915,314.4323,68437,82689,Rhinolophus ferrumequinum,0.026,0.026,-1,Echolocation,/mnt/ubna_data_02_mir/recover-20220922/UBNA_001/20220921_090000.WAV,Telephone Field,recover-20220922,001,1795
314.4245,314.4615,68437,82173,Rhinolophus ferrumequinum,0.028,0.028,-1,Echolocation,/mnt/ubna_data_02_mir/recover-20220922/UBNA_001/20220921_090000.WAV,Telephone Field,recover-20220922,001,1795
314.4525,314.4588,24609,34633,Plecotus austriacus,0.022,0.043,-1,Echolocation,/mnt/ubna_data_02_mir/recover-20220922/UBNA_001/20220921_090000.WAV,Telephone Field,recover-20220922,001,1795
314.4675,314.5023,68437,80777,Rhinolophus ferrumequinum,0.025,0.025,-1,Echolocation,/mnt/ubna_data_02_mir/recover-20220922/UBNA_001/20220921_090000.WAV,Telephone Field,recover-20220922,001,1795
314.4835,314.4937,22890,28201,Nyctalus leisleri,0.01,0.022,-1,Echolocation,/mnt/ubna_data_02_mir/recover-20220922/UBNA_001/20220921_090000.WAV,Telephone Field,recover-20220922,001,1795
314.4985,314.537,68437,82594,Rhinolophus ferrumequinum,0.027,0.027,-1,Echolocation,/mnt/ubna_data_02_mir/recover-20220922/UBNA_001/20220921_090000.WAV,Telephone Field,recover-20220922,001,1795
314.6005,314.6396,68437,81917,Rhinolophus ferrumequinum,0.022,0.022,-1,Echolocation,/mnt/ubna_data_02_mir/recover-20220922/UBNA_001/20220921_090000.WAV,Telephone Field,recover-20220922,001,1795
314.6075,314.6471,68437,81756,Rhinolophus ferrumequinum,0.022,0.022,-1,Echolocation,/mnt/ubna_data_02_mir/recover-20220922/UBNA_001/20220921_090000.WAV,Telephone Field,recover-20220922,001,1795
314.6205,314.6303,28046,36403,Eptesicus serotinus,0.013,0.027,-1,Echolocation,/mnt/ubna_data_02_mir/recover-20220922/UBNA_001/20220921_090000.WAV,Telephone Field,recover-20220922,001,1795
314.6405,314.6806,68437,82645,Rhinolophus ferrumequinum,0.023,0.023,-1,Echolocation,/mnt/ubna_data_02_mir/recover-20220922/UBNA_001/20220921_090000.WAV,Telephone Field,recover-20220922,001,1795
314.6745,314.7136,68437,82109,Rhinolophus ferrumequinum,0.023,0.023,-1,Echolocation,/mnt/ubna_data_02_mir/recover-20220922/UBNA_001/20220921_090000.WAV,Telephone Field,recover-20220922,001,1795
314.6785,314.6864,23750,32072,Plecotus austriacus,0.009,0.025,-1,Echolocation,/mnt/ubna_data_02_mir/recover-20220922/UBNA_001/20220921_090000.WAV,Telephone Field,recover-20220922,001,1795
314.6975,314.7377,68437,81894,Rhinolophus ferrumequinum,0.05,0.051,-1,Echolocation,/mnt/ubna_data_02_mir/recover-20220922/UBNA_001/20220921_090000.WAV,Telephone Field,recover-20220922,001,1795
314.6975,314.7061,27187,38237,Eptesicus serotinus,0.009,0.022,-1,Echolocation,/mnt/ubna_data_02_mir/recover-20220922/UBNA_001/20220921_090000.WAV,Telephone Field,recover-20220922,001,1795
314.7275,314.7588,68437,80641,Rhinolophus ferrumequinum,0.022,0.022,-1,Echolocation,/mnt/ubna_data_02_mir/recover-20220922/UBNA_001/20220921_090000.WAV,Telephone Field,recover-20220922,001,1795
314.7435,314.7819,68437,82630,Rhinolophus ferrumequinum,0.029,0.029,-1,Echolocation,/mnt/ubna_data_02_mir/recover-20220922/UBNA_001/20220921_090000.WAV,Telephone Field,recover-20220922,001,1795
314.7455,314.7521,28046,39839,Eptesicus serotinus,0.006,0.023,-1,Echolocation,/mnt/ubna_data_02_mir/recover-20220922/UBNA_001/20220921_090000.WAV,Telephone Field,recover-20220922,001,1795
314.7615,314.7816,19453,22459,Nyctalus leisleri,0.012,0.025,-1,Echolocation,/mnt/ubna_data_02_mir/recover-20220922/UBNA_001/20220921_090000.WAV,Telephone Field,recover-20220922,001,1795
314.7875,314.7986,23750,29448,Nyctalus leisleri,0.01,0.025,-1,Echolocation,/mnt/ubna_data_02_mir/recover-20220922/UBNA_001/20220921_090000.WAV,Telephone Field,recover-20220922,001,1795
314.8165,314.8245,24609,32553,Plecotus austriacus,0.007,0.022,-1,Echolocation,/mnt/ubna_data_02_mir/recover-20220922/UBNA_001/20220921_090000.WAV,Telephone Field,recover-20220922,001,1795
314.8345,314.8732,68437,82557,Rhinolophus ferrumequinum,0.022,0.022,-1,Echolocation,/mnt/ubna_data_02_mir/recover-20220922/UBNA_001/20220921_090000.WAV,Telephone Field,recover-20220922,001,1795
314.8565,314.8958,68437,81830,Rhinolophus ferrumequinum,0.022,0.022,-1,Echolocation,/mnt/ubna_data_02_mir/recover-20220922/UBNA_001/20220921_090000.WAV,Telephone Field,recover-20220922,001,1795
314.8615,314.8719,28046,36496,Eptesicus serotinus,0.012,0.026,-1,Echolocation,/mnt/ubna_data_02_mir/recover-20220922/UBNA_001/20220921_090000.WAV,Telephone Field,recover-20220922,001,1795
314.8925,314.9278,68437,80953,Rhinolophus ferrumequinum,0.023,0.023,-1,Echolocation,/mnt/ubna_data_02_mir/recover-20220922/UBNA_001/20220921_090000.WAV,Telephone Field,recover-20220922,001,1795
314.9415,314.9522,23750,29829,Nyctalus leisleri,0.011,0.025,-1,Echolocation,/mnt/ubna_data_02_mir/recover-20220922/UBNA_001/20220921_090000.WAV,Telephone Field,recover-20220922,001,1795
315.0415,315.052,25468,33033,Eptesicus serotinus,0.01,0.022,-1,Echolocation,/mnt/ubna_data_02_mir/recover-20220922/UBNA_001/20220921_090000.WAV,Telephone Field,recover-20220922,001,1795
315.0495,315.0894,68437,82705,Rhinolophus ferrumequinum,0.029,0.029,-1,Echolocation,/mnt/ubna_data_02_mir/recover-20220922/UBNA_001/20220921_090000.WAV,Telephone Field,recover-20220922,001,1795
315.0785,315.1158,68437,81299,Rhinolophus ferrumequinum,0.021,0.021,-1,Echolocation,/mnt/ubna_data_02_mir/recover-20220922/UBNA_001/20220921_090000.WAV,Telephone Field,recover-20220922,001,1795
315.0835,315.1182,68437,80682,Rhinolophus ferrumequinum,0.022,0.022,-1,Echolocation,/mnt/ubna_data_02_mir/recover-20220922/UBNA_001/20220921_090000.WAV,Telephone Field,recover-20220922,001,1795
315.1105,315.1515,68437,82756,Rhinolophus ferrumequinum,0.021,0.021,-1,Echolocation,/mnt/ubna_data_02_mir/recover-20220922/UBNA_001/20220921_090000.WAV,Telephone Field,recover-20220922,001,1795
315.1345,315.1716,68437,81425,Rhinolophus ferrumequinum,0.027,0.027,-1,Echolocation,/mnt/ubna_data_02_mir/recover-20220922/UBNA_001/20220921_090000.WAV,Telephone Field,recover-20220922,001,1795
315.1355,315.1427,28046,39663,Eptesicus serotinus,0.008,0.025,-1,Echolocation,/mnt/ubna_data_02_mir/recover-20220922/UBNA_001/20220921_090000.WAV,Telephone Field,recover-20220922,001,1795
315.1645,315.1752,22031,27501,Nyctalus leisleri,0.009,0.022,-1,Echolocation,/mnt/ubna_data_02_mir/recover-20220922/UBNA_001/20220921_090000.WAV,Telephone Field,recover-20220922,001,1795
315.1775,315.1844,44375,49221,Pipistrellus pipistrellus,0.02,0.022,-1,Echolocation,/mnt/ubna_data_02_mir/recover-20220922/UBNA_001/20220921_090000.WAV,Telephone Field,recover-20220922,001,1795
315.1795,315.2219,68437,82862,Rhinolophus ferrumequinum,0.034,0.034,-1,Echolocation,/mnt/ubna_data_02_mir/recover-20220922/UBNA_001/20220921_090000.WAV,Telephone Field,recover-20220922,001,1795
315.2335,315.2416,47812,51727,Pipistrellus pipistrellus,0.021,0.022,-1,Echolocation,/mnt/ubna_data_02_mir/recover-20220922/UBNA_001/20220921_090000.WAV,Telephone Field,recover-20220922,001,1795
315.2475,315.287,68437,82067,Rhinolophus ferrumequinum,0.029,0.029,-1,Echolocation,/mnt/ubna_data_02_mir/recover-20220922/UBNA_001/20220921_090000.WAV,Telephone Field,recover-20220922,001,1795
315.2685,315.305,68437,81746,Rhinolophus ferrumequinum,0.021,0.021,-1,Echolocation,/mnt/ubna_data_02_mir/recover-20220922/UBNA_001/20220921_090000.WAV,Telephone Field,recover-20220922,001,1795
315.2895,315.3298,68437,81822,Rhinolophus ferrumequinum,0.022,0.022,-1,Echolocation,/mnt/ubna_data_02_mir/recover-20220922/UBNA_001/20220921_090000.WAV,Telephone Field,recover-20220922,001,1795
315.29449999999997,315.3352,68437,82088,Rhinolophus ferrumequinum,0.022,0.022,-1,Echolocation,/mnt/ubna_data_02_mir/recover-20220922/UBNA_001/20220921_090000.WAV,Telephone Field,recover-20220922,001,1795
315.3185,315.3593,68437,82577,Rhinolophus ferrumequinum,0.024,0.024,-1,Echolocation,/mnt/ubna_data_02_mir/recover-20220922/UBNA_001/20220921_090000.WAV,Telephone Field,recover-20220922,001,1795
315.3345,315.3401,36640,47449,Myotis daubentonii,0.007,0.024,-1,Echolocation,/mnt/ubna_data_02_mir/recover-20220922/UBNA_001/20220921_090000.WAV,Telephone Field,recover-20220922,001,1795
315.3355,315.34159999999997,23750,38483,Plecotus austriacus,0.013,0.031,-1,Echolocation,/mnt/ubna_data_02_mir/recover-20220922/UBNA_001/20220921_090000.WAV,Telephone Field,recover-20220922,001,1795
315.3355,315.3413,32343,49927,Myotis daubentonii,0.011,0.023,-1,Echolocation,/mnt/ubna_data_02_mir/recover-20220922/UBNA_001/20220921_090000.WAV,Telephone Field,recover-20220922,001,1795
315.3775,315.4182,68437,82270,Rhinolophus ferrumequinum,0.028,0.028,-1,Echolocation,/mnt/ubna_data_02_mir/recover-20220922/UBNA_001/20220921_090000.WAV,Telephone Field,recover-20220922,001,1795
315.3975,315.4042,46093,51360,Pipistrellus pipistrellus,0.021,0.024,-1,Echolocation,/mnt/ubna_data_02_mir/recover-20220922/UBNA_001/20220921_090000.WAV,Telephone Field,recover-20220922,001,1795
315.4305,315.4723,68437,82643,Rhinolophus ferrumequinum,0.022,0.022,-1,Echolocation,/mnt/ubna_data_02_mir/recover-20220922/UBNA_001/20220921_090000.WAV,Telephone Field,recover-20220922,001,1795
315.4615,315.5016,68437,82386,Rhinolophus ferrumequinum,0.021,0.021,-1,Echolocation,/mnt/ubna_data_02_mir/recover-20220922/UBNA_001/20220921_090000.WAV,Telephone Field,recover-20220922,001,1795
315.4675,315.507,68437,82237,Rhinolophus ferrumequinum,0.021,0.021,-1,Echolocation,/mnt/ubna_data_02_mir/recover-20220922/UBNA_001/20220921_090000.WAV,Telephone Field,recover-20220922,001,1795
315.4755,315.4829,27187,36935,Eptesicus serotinus,0.011,0.03,-1,Echolocation,/mnt/ubna_data_02_mir/recover-20220922/UBNA_001/20220921_090000.WAV,Telephone Field,recover-20220922,001,1795
315.4855,315.5248,68437,81834,Rhinolophus ferrumequinum,0.027,0.027,-1,Echolocation,/mnt/ubna_data_02_mir/recover-20220922/UBNA_001/20220921_090000.WAV,Telephone Field,recover-20220922,001,1795
315.5145,315.524,28906,36224,Eptesicus serotinus,0.011,0.025,-1,Echolocation,/mnt/ubna_data_02_mir/recover-20220922/UBNA_001/20220921_090000.WAV,Telephone Field,recover-20220922,001,1795
315.5585,315.568,24609,31752,Eptesicus serotinus,0.009,0.024,-1,Echolocation,/mnt/ubna_data_02_mir/recover-20220922/UBNA_001/20220921_090000.WAV,Telephone Field,recover-20220922,001,1795
315.6005,315.6093,28046,37102,Eptesicus serotinus,0.008,0.022,-1,Echolocation,/mnt/ubna_data_02_mir/recover-20220922/UBNA_001/20220921_090000.WAV,Telephone Field,recover-20220922,001,1795
315.6365,315.6735,68437,81916,Rhinolophus ferrumequinum,0.023,0.023,-1,Echolocation,/mnt/ubna_data_02_mir/recover-20220922/UBNA_001/20220921_090000.WAV,Telephone Field,recover-20220922,001,1795
315.6455,315.6858,68437,82263,Rhinolophus ferrumequinum,0.023,0.023,-1,Echolocation,/mnt/ubna_data_02_mir/recover-20220922/UBNA_001/20220921_090000.WAV,Telephone Field,recover-20220922,001,1795
315.6835,315.7197,68437,81021,Rhinolophus ferrumequinum,0.021,0.022,-1,Echolocation,/mnt/ubna_data_02_mir/recover-20220922/UBNA_001/20220921_090000.WAV,Telephone Field,recover-20220922,001,1795
315.6855,315.6931,51250,55546,Pipistrellus pipistrellus,0.025,0.029,-1,Echolocation,/mnt/ubna_data_02_mir/recover-20220922/UBNA_001/20220921_090000.WAV,Telephone Field,recover-20220922,001,1795
315.7095,315.7482,68437,82115,Rhinolophus ferrumequinum,0.025,0.025,-1,Echolocation,/mnt/ubna_data_02_mir/recover-20220922/UBNA_001/20220921_090000.WAV,Telephone Field,recover-20220922,001,1795
315.7145,315.7251,28906,36410,Eptesicus serotinus,0.013,0.027,-1,Echolocation,/mnt/ubna_data_02_mir/recover-20220922/UBNA_001/20220921_090000.WAV,Telephone Field,recover-20220922,001,1795
315.7305,315.7699,68437,82521,Rhinolophus ferrumequinum,0.023,0.023,-1,Echolocation,/mnt/ubna_data_02_mir/recover-20220922/UBNA_001/20220921_090000.WAV,Telephone Field,recover-20220922,001,1795
315.7355,315.7427,28046,37469,Eptesicus serotinus,0.007,0.023,-1,Echolocation,/mnt/ubna_data_02_mir/recover-20220922/UBNA_001/20220921_090000.WAV,Telephone Field,recover-20220922,001,1795
315.7625,315.7723,23750,30767,Nyctalus leisleri,0.009,0.024,-1,Echolocation,/mnt/ubna_data_02_mir/recover-20220922/UBNA_001/20220921_090000.WAV,Telephone Field,recover-20220922,001,1795
315.7925,315.8309,68437,82543,Rhinolophus ferrumequinum,0.023,0.023,-1,Echolocation,/mnt/ubna_data_02_mir/recover-20220922/UBNA_001/20220921_090000.WAV,Telephone Field,recover-20220922,001,1795
315.8405,315.8794,68437,82757,Rhinolophus ferrumequinum,0.032,0.032,-1,Echolocation,/mnt/ubna_data_02_mir/recover-20220922/UBNA_001/20220921_090000.WAV,Telephone Field,recover-20220922,001,1795
315.8645,315.8758,28906,35259,Eptesicus serotinus,0.015,0.03,-1,Echolocation,/mnt/ubna_data_02_mir/recover-20220922/UBNA_001/20220921_090000.WAV,Telephone Field,recover-20220922,001,1795
315.8815,315.9254,68437,83574,Rhinolophus ferrumequinum,0.03,0.03,-1,Echolocation,/mnt/ubna_data_02_mir/recover-20220922/UBNA_001/20220921_090000.WAV,Telephone Field,recover-20220922,001,1795
315.9025,315.9386,68437,81588,Rhinolophus ferrumequinum,0.023,0.023,-1,Echolocation,/mnt/ubna_data_02_mir/recover-20220922/UBNA_001/20220921_090000.WAV,Telephone Field,recover-20220922,001,1795
315.9305,315.9662,68437,81339,Rhinolophus ferrumequinum,0.021,0.021,-1,Echolocation,/mnt/ubna_data_02_mir/recover-20220922/UBNA_001/20220921_090000.WAV,Telephone Field,recover-20220922,001,1795
315.9455,315.9561,39218,43323,Pipistrellus nathusii,0.029,0.043,-1,Echolocation,/mnt/ubna_data_02_mir/recover-20220922/UBNA_001/20220921_090000.WAV,Telephone Field,recover-20220922,001,1795
315.9565,315.9923,68437,81617,Rhinolophus ferrumequinum,0.024,0.024,-1,Echolocation,/mnt/ubna_data_02_mir/recover-20220922/UBNA_001/20220921_090000.WAV,Telephone Field,recover-20220922,001,1795
316.0015,316.0314,69296,80601,Rhinolophus ferrumequinum,0.03,0.03,-1,Echolocation,/mnt/ubna_data_02_mir/recover-20220922/UBNA_001/20220921_090000.WAV,Telephone Field,recover-20220922,001,1795
316.0015,316.01030000000003,27187,36805,Eptesicus serotinus,0.009,0.03,-1,Echolocation,/mnt/ubna_data_02_mir/recover-20220922/UBNA_001/20220921_090000.WAV,Telephone Field,recover-20220922,001,1795
316.0105,316.0527,68437,82323,Rhinolophus ferrumequinum,0.022,0.022,-1,Echolocation,/mnt/ubna_data_02_mir/recover-20220922/UBNA_001/20220921_090000.WAV,Telephone Field,recover-20220922,001,1795
316.0155,316.0565,68437,82447,Rhinolophus ferrumequinum,0.021,0.022,-1,Echolocation,/mnt/ubna_data_02_mir/recover-20220922/UBNA_001/20220921_090000.WAV,Telephone Field,recover-20220922,001,1795
316.0295,316.0663,68437,81065,Rhinolophus ferrumequinum,0.024,0.024,-1,Echolocation,/mnt/ubna_data_02_mir/recover-20220922/UBNA_001/20220921_090000.WAV,Telephone Field,recover-20220922,001,1795
316.0435,316.0804,68437,81643,Rhinolophus ferrumequinum,0.022,0.022,-1,Echolocation,/mnt/ubna_data_02_mir/recover-20220922/UBNA_001/20220921_090000.WAV,Telephone Field,recover-20220922,001,1795
316.0515,316.091,68437,82285,Rhinolophus ferrumequinum,0.021,0.021,-1,Echolocation,/mnt/ubna_data_02_mir/recover-20220922/UBNA_001/20220921_090000.WAV,Telephone Field,recover-20220922,001,1795
316.0665,316.0771,23750,29388,Nyctalus leisleri,0.011,0.023,-1,Echolocation,/mnt/ubna_data_02_mir/recover-20220922/UBNA_001/20220921_090000.WAV,Telephone Field,recover-20220922,001,1795
316.1005,316.1095,28906,39173,Eptesicus serotinus,0.009,0.025,-1,Echolocation,/mnt/ubna_data_02_mir/recover-20220922/UBNA_001/20220921_090000.WAV,Telephone Field,recover-20220922,001,1795
316.1125,316.1492,68437,81224,Rhinolophus ferrumequinum,0.022,0.022,-1,Echolocation,/mnt/ubna_data_02_mir/recover-20220922/UBNA_001/20220921_090000.WAV,Telephone Field,recover-20220922,001,1795
316.1185,316.1292,28906,35112,Eptesicus serotinus,0.011,0.024,-1,Echolocation,/mnt/ubna_data_02_mir/recover-20220922/UBNA_001/20220921_090000.WAV,Telephone Field,recover-20220922,001,1795
316.1225,316.16179999999997,68437,81387,Rhinolophus ferrumequinum,0.021,0.021,-1,Echolocation,/mnt/ubna_data_02_mir/recover-20220922/UBNA_001/20220921_090000.WAV,Telephone Field,recover-20220922,001,1795
316.1965,316.2358,68437,81888,Rhinolophus ferrumequinum,0.024,0.024,-1,Echolocation,/mnt/ubna_data_02_mir/recover-20220922/UBNA_001/20220921_090000.WAV,Telephone Field,recover-20220922,001,1795
316.2185,316.2559,68437,81638,Rhinolophus ferrumequinum,0.022,0.022,-1,Echolocation,/mnt/ubna_data_02_mir/recover-20220922/UBNA_001/20220921_090000.WAV,Telephone Field,recover-20220922,001,1795
316.2435,316.2549,15156,22412,Nyctalus noctula,0.014,0.022,-1,Echolocation,/mnt/ubna_data_02_mir/recover-20220922/UBNA_001/20220921_090000.WAV,Telephone Field,recover-20220922,001,1795
316.2585,316.2954,68437,82222,Rhinolophus ferrumequinum,0.024,0.024,-1,Echolocation,/mnt/ubna_data_02_mir/recover-20220922/UBNA_001/20220921_090000.WAV,Telephone Field,recover-20220922,001,1795
316.2745,316.3161,68437,83476,Rhinolophus ferrumequinum,0.038,0.038,-1,Echolocation,/mnt/ubna_data_02_mir/recover-20220922/UBNA_001/20220921_090000.WAV,Telephone Field,recover-20220922,001,1795
316.3005,316.3133,22031,26003,Nyctalus leisleri,0.013,0.022,-1,Echolocation,/mnt/ubna_data_02_mir/recover-20220922/UBNA_001/20220921_090000.WAV,Telephone Field,recover-20220922,001,1795
316.3595,316.3685,27187,36718,Eptesicus serotinus,0.01,0.025,-1,Echolocation,/mnt/ubna_data_02_mir/recover-20220922/UBNA_001/20220921_090000.WAV,Telephone Field,recover-20220922,001,1795
316.3825,316.4212,68437,82007,Rhinolophus ferrumequinum,0.022,0.022,-1,Echolocation,/mnt/ubna_data_02_mir/recover-20220922/UBNA_001/20220921_090000.WAV,Telephone Field,recover-20220922,001,1795
316.3885,316.3956,28906,41374,Eptesicus serotinus,0.007,0.023,-1,Echolocation,/mnt/ubna_data_02_mir/recover-20220922/UBNA_001/20220921_090000.WAV,Telephone Field,recover-20220922,001,1795
316.4075,316.4174,23750,30556,Nyctalus leisleri,0.008,0.023,-1,Echolocation,/mnt/ubna_data_02_mir/recover-20220922/UBNA_001/20220921_090000.WAV,Telephone Field,recover-20220922,001,1795
316.4375,316.4759,68437,81553,Rhinolophus ferrumequinum,0.024,0.024,-1,Echolocation,/mnt/ubna_data_02_mir/recover-20220922/UBNA_001/20220921_090000.WAV,Telephone Field,recover-20220922,001,1795
316.47950000000003,316.49,31484,38909,Eptesicus serotinus,0.011,0.031,-1,Echolocation,/mnt/ubna_data_02_mir/recover-20220922/UBNA_001/20220921_090000.WAV,Telephone Field,recover-20220922,001,1795
316.4995,316.506,14296,30564,Plecotus auritus,0.03,0.04,-1,Echolocation,/mnt/ubna_data_02_mir/recover-20220922/UBNA_001/20220921_090000.WAV,Telephone Field,recover-20220922,001,1795
316.5345,316.5782,68437,83224,Rhinolophus ferrumequinum,0.031,0.031,-1,Echolocation,/mnt/ubna_data_02_mir/recover-20220922/UBNA_001/20220921_090000.WAV,Telephone Field,recover-20220922,001,1795
316.5635,316.5712,28046,42111,Eptesicus serotinus,0.008,0.023,-1,Echolocation,/mnt/ubna_data_02_mir/recover-20220922/UBNA_001/20220921_090000.WAV,Telephone Field,recover-20220922,001,1795
316.5695,316.6058,68437,81693,Rhinolophus ferrumequinum,0.025,0.026,-1,Echolocation,/mnt/ubna_data_02_mir/recover-20220922/UBNA_001/20220921_090000.WAV,Telephone Field,recover-20220922,001,1795
316.5755,316.6135,68437,82665,Rhinolophus ferrumequinum,0.025,0.025,-1,Echolocation,/mnt/ubna_data_02_mir/recover-20220922/UBNA_001/20220921_090000.WAV,Telephone Field,recover-20220922,001,1795
316.5925,316.63009999999997,68437,82258,Rhinolophus ferrumequinum,0.021,0.021,-1,Echolocation,/mnt/ubna_data_02_mir/recover-20220922/UBNA_001/20220921_090000.WAV,Telephone Field,recover-20220922,001,1795
316.6275,316.6337,33203,47266,Myotis daubentonii,0.007,0.022,-1,Echolocation,/mnt/ubna_data_02_mir/recover-20220922/UBNA_001/20220921_090000.WAV,Telephone Field,recover-20220922,001,1795
316.6275,316.66610000000003,68437,82433,Rhinolophus ferrumequinum,0.03,0.03,-1,Echolocation,/mnt/ubna_data_02_mir/recover-20220922/UBNA_001/20220921_090000.WAV,Telephone Field,recover-20220922,001,1795
316.6505,316.6927,68437,83041,Rhinolophus ferrumequinum,0.031,0.031,-1,Echolocation,/mnt/ubna_data_02_mir/recover-20220922/UBNA_001/20220921_090000.WAV,Telephone Field,recover-20220922,001,1795
316.6755,316.7129,68437,81772,Rhinolophus ferrumequinum,0.023,0.023,-1,Echolocation,/mnt/ubna_data_02_mir/recover-20220922/UBNA_001/20220921_090000.WAV,Telephone Field,recover-20220922,001,1795
316.6875,316.70799999999997,19453,22154,Nyctalus leisleri,0.014,0.03,-1,Echolocation,/mnt/ubna_data_02_mir/recover-20220922/UBNA_001/20220921_090000.WAV,Telephone Field,recover-20220922,001,1795
316.6935,316.7342,68437,83349,Rhinolophus ferrumequinum,0.032,0.032,-1,Echolocation,/mnt/ubna_data_02_mir/recover-20220922/UBNA_001/20220921_090000.WAV,Telephone Field,recover-20220922,001,1795
316.7225,316.7622,68437,82152,Rhinolophus ferrumequinum,0.022,0.022,-1,Echolocation,/mnt/ubna_data_02_mir/recover-20220922/UBNA_001/20220921_090000.WAV,Telephone Field,recover-20220922,001,1795
316.7245,316.7341,28906,38896,Eptesicus serotinus,0.01,0.023,-1,Echolocation,/mnt/ubna_data_02_mir/recover-20220922/UBNA_001/20220921_090000.WAV,Telephone Field,recover-20220922,001,1795
316.7515,316.7638,28906,35718,Eptesicus serotinus,0.012,0.024,-1,Echolocation,/mnt/ubna_data_02_mir/recover-20220922/UBNA_001/20220921_090000.WAV,Telephone Field,recover-20220922,001,1795
316.7595,316.7972,68437,81316,Rhinolophus ferrumequinum,0.023,0.023,-1,Echolocation,/mnt/ubna_data_02_mir/recover-20220922/UBNA_001/20220921_090000.WAV,Telephone Field,recover-20220922,001,1795
316.7935,316.8323,68437,81361,Rhinolophus ferrumequinum,0.022,0.023,-1,Echolocation,/mnt/ubna_data_02_mir/recover-20220922/UBNA_001/20220921_090000.WAV,Telephone Field,recover-20220922,001,1795
316.8245,316.8616,68437,81311,Rhinolophus ferrumequinum,0.022,0.022,-1,Echolocation,/mnt/ubna_data_02_mir/recover-20220922/UBNA_001/20220921_090000.WAV,Telephone Field,recover-20220922,001,1795
316.8575,316.8665,28906,38740,Eptesicus serotinus,0.009,0.023,-1,Echolocation,/mnt/ubna_data_02_mir/recover-20220922/UBNA_001/20220921_090000.WAV,Telephone Field,recover-20220922,001,1795
316.8845,316.9214,68437,81192,Rhinolophus ferrumequinum,0.023,0.024,-1,Echolocation,/mnt/ubna_data_02_mir/recover-20220922/UBNA_001/20220921_090000.WAV,Telephone Field,recover-20220922,001,1795
316.9225,316.9379,22031,26569,Nyctalus leisleri,0.024,0.045,-1,Echolocation,/mnt/ubna_data_02_mir/recover-20220922/UBNA_001/20220921_090000.WAV,Telephone Field,recover-20220922,001,1795
316.9405,316.9807,68437,82719,Rhinolophus ferrumequinum,0.026,0.026,-1,Echolocation,/mnt/ubna_data_02_mir/recover-20220922/UBNA_001/20220921_090000.WAV,Telephone Field,recover-20220922,001,1795
316.9475,316.9866,68437,82648,Rhinolophus ferrumequinum,0.022,0.022,-1,Echolocation,/mnt/ubna_data_02_mir/recover-20220922/UBNA_001/20220921_090000.WAV,Telephone Field,recover-20220922,001,1795
316.9615,316.9986,68437,81456,Rhinolophus ferrumequinum,0.022,0.022,-1,Echolocation,/mnt/ubna_data_02_mir/recover-20220922/UBNA_001/20220921_090000.WAV,Telephone Field,recover-20220922,001,1795
316.9905,317.0327,68437,82898,Rhinolophus ferrumequinum,0.027,0.027,-1,Echolocation,/mnt/ubna_data_02_mir/recover-20220922/UBNA_001/20220921_090000.WAV,Telephone Field,recover-20220922,001,1795
317.0055,317.0158,23750,29942,Nyctalus leisleri,0.008,0.022,-1,Echolocation,/mnt/ubna_data_02_mir/recover-20220922/UBNA_001/20220921_090000.WAV,Telephone Field,recover-20220922,001,1795
317.0175,317.0561,68437,81936,Rhinolophus ferrumequinum,0.022,0.022,-1,Echolocation,/mnt/ubna_data_02_mir/recover-20220922/UBNA_001/20220921_090000.WAV,Telephone Field,recover-20220922,001,1795
317.0475,317.0863,68437,82565,Rhinolophus ferrumequinum,0.021,0.021,-1,Echolocation,/mnt/ubna_data_02_mir/recover-20220922/UBNA_001/20220921_090000.WAV,Telephone Field,recover-20220922,001,1795
317.0665,317.1043,68437,82229,Rhinolophus ferrumequinum,0.024,0.024,-1,Echolocation,/mnt/ubna_data_02_mir/recover-20220922/UBNA_001/20220921_090000.WAV,Telephone Field,recover-20220922,001,1795
317.0725,317.0836,34062,39950,Eptesicus serotinus,0.008,0.026,-1,Echolocation,/mnt/ubna_data_02_mir/recover-20220922/UBNA_001/20220921_090000.WAV,Telephone Field,recover-20220922,001,1795
317.0745,317.1143,68437,82784,Rhinolophus ferrumequinum,0.026,0.026,-1,Echolocation,/mnt/ubna_data_02_mir/recover-20220922/UBNA_001/20220921_090000.WAV,Telephone Field,recover-20220922,001,1795
317.1275,317.1619,68437,81696,Rhinolophus ferrumequinum,0.023,0.023,-1,Echolocation,/mnt/ubna_data_02_mir/recover-20220922/UBNA_001/20220921_090000.WAV,Telephone Field,recover-20220922,001,1795
317.1405,317.1767,68437,82127,Rhinolophus ferrumequinum,0.022,0.023,-1,Echolocation,/mnt/ubna_data_02_mir/recover-20220922/UBNA_001/20220921_090000.WAV,Telephone Field,recover-20220922,001,1795
317.1735,317.1837,23750,29370,Nyctalus leisleri,0.01,0.022,-1,Echolocation,/mnt/ubna_data_02_mir/recover-20220922/UBNA_001/20220921_090000.WAV,Telephone Field,recover-20220922,001,1795
317.1755,317.2154,68437,81790,Rhinolophus ferrumequinum,0.023,0.023,-1,Echolocation,/mnt/ubna_data_02_mir/recover-20220922/UBNA_001/20220921_090000.WAV,Telephone Field,recover-20220922,001,1795
317.1985,317.2331,68437,82117,Rhinolophus ferrumequinum,0.036,0.036,-1,Echolocation,/mnt/ubna_data_02_mir/recover-20220922/UBNA_001/20220921_090000.WAV,Telephone Field,recover-20220922,001,1795
317.2235,317.2649,68437,82392,Rhinolophus ferrumequinum,0.034,0.034,-1,Echolocation,/mnt/ubna_data_02_mir/recover-20220922/UBNA_001/20220921_090000.WAV,Telephone Field,recover-20220922,001,1795
317.2325,317.2437,46093,49021,Pipistrellus pipistrellus,0.037,0.04,-1,Echolocation,/mnt/ubna_data_02_mir/recover-20220922/UBNA_001/20220921_090000.WAV,Telephone Field,recover-20220922,001,1795
317.2545,317.2935,68437,82581,Rhinolophus ferrumequinum,0.026,0.026,-1,Echolocation,/mnt/ubna_data_02_mir/recover-20220922/UBNA_001/20220921_090000.WAV,Telephone Field,recover-20220922,001,1795
317.2665,317.3071,68437,81895,Rhinolophus ferrumequinum,0.03,0.03,-1,Echolocation,/mnt/ubna_data_02_mir/recover-20220922/UBNA_001/20220921_090000.WAV,Telephone Field,recover-20220922,001,1795
317.2955,317.3403,68437,83403,Rhinolophus ferrumequinum,0.044,0.044,-1,Echolocation,/mnt/ubna_data_02_mir/recover-20220922/UBNA_001/20220921_090000.WAV,Telephone Field,recover-20220922,001,1795
317.3265,317.3671,68437,82545,Rhinolophus ferrumequinum,0.024,0.024,-1,Echolocation,/mnt/ubna_data_02_mir/recover-20220922/UBNA_001/20220921_090000.WAV,Telephone Field,recover-20220922,001,1795
317.3505,317.3592,28906,37095,Eptesicus serotinus,0.008,0.022,-1,Echolocation,/mnt/ubna_data_02_mir/recover-20220922/UBNA_001/20220921_090000.WAV,Telephone Field,recover-20220922,001,1795
317.3765,317.4141,68437,82321,Rhinolophus ferrumequinum,0.025,0.025,-1,Echolocation,/mnt/ubna_data_02_mir/recover-20220922/UBNA_001/20220921_090000.WAV,Telephone Field,recover-20220922,001,1795
317.39549999999997,317.4319,68437,81731,Rhinolophus ferrumequinum,0.024,0.024,-1,Echolocation,/mnt/ubna_data_02_mir/recover-20220922/UBNA_001/20220921_090000.WAV,Telephone Field,recover-20220922,001,1795
317.4025,317.4112,25468,33333,Eptesicus serotinus,0.008,0.023,-1,Echolocation,/mnt/ubna_data_02_mir/recover-20220922/UBNA_001/20220921_090000.WAV,Telephone Field,recover-20220922,001,1795
317.4125,317.4467,68437,81129,Rhinolophus ferrumequinum,0.021,0.022,-1,Echolocation,/mnt/ubna_data_02_mir/recover-20220922/UBNA_001/20220921_090000.WAV,Telephone Field,recover-20220922,001,1795
317.4275,317.4644,68437,82269,Rhinolophus ferrumequinum,0.023,0.024,-1,Echolocation,/mnt/ubna_data_02_mir/recover-20220922/UBNA_001/20220921_090000.WAV,Telephone Field,recover-20220922,001,1795
317.4435,317.4824,68437,82127,Rhinolophus ferrumequinum,0.024,0.024,-1,Echolocation,/mnt/ubna_data_02_mir/recover-20220922/UBNA_001/20220921_090000.WAV,Telephone Field,recover-20220922,001,1795
317.4645,317.5016,68437,82259,Rhinolophus ferrumequinum,0.022,0.022,-1,Echolocation,/mnt/ubna_data_02_mir/recover-20220922/UBNA_001/20220921_090000.WAV,Telephone Field,recover-20220922,001,1795
317.4825,317.4905,24609,33517,Plecotus austriacus,0.007,0.023,-1,Echolocation,/mnt/ubna_data_02_mir/recover-20220922/UBNA_001/20220921_090000.WAV,Telephone Field,recover-20220922,001,1795
317.4935,317.5341,68437,82759,Rhinolophus ferrumequinum,0.022,0.022,-1,Echolocation,/mnt/ubna_data_02_mir/recover-20220922/UBNA_001/20220921_090000.WAV,Telephone Field,recover-20220922,001,1795
317.5145,317.5533,68437,82037,Rhinolophus ferrumequinum,0.028,0.028,-1,Echolocation,/mnt/ubna_data_02_mir/recover-20220922/UBNA_001/20220921_090000.WAV,Telephone Field,recover-20220922,001,1795
317.5355,317.5766,68437,82693,Rhinolophus ferrumequinum,0.024,0.024,-1,Echolocation,/mnt/ubna_data_02_mir/recover-20220922/UBNA_001/20220921_090000.WAV,Telephone Field,recover-20220922,001,1795
317.5735,317.5832,25468,33630,Eptesicus serotinus,0.01,0.025,-1,Echolocation,/mnt/ubna_data_02_mir/recover-20220922/UBNA_001/20220921_090000.WAV,Telephone Field,recover-20220922,001,1795
317.5785,317.62,68437,83189,Rhinolophus ferrumequinum,0.032,0.032,-1,Echolocation,/mnt/ubna_data_02_mir/recover-20220922/UBNA_001/20220921_090000.WAV,Telephone Field,recover-20220922,001,1795
317.6125,317.6504,68437,82519,Rhinolophus ferrumequinum,0.022,0.022,-1,Echolocation,/mnt/ubna_data_02_mir/recover-20220922/UBNA_001/20220921_090000.WAV,Telephone Field,recover-20220922,001,1795
317.6325,317.6429,23750,29606,Nyctalus leisleri,0.009,0.022,-1,Echolocation,/mnt/ubna_data_02_mir/recover-20220922/UBNA_001/20220921_090000.WAV,Telephone Field,recover-20220922,001,1795
317.6875,317.7249,68437,82263,Rhinolophus ferrumequinum,0.021,0.021,-1,Echolocation,/mnt/ubna_data_02_mir/recover-20220922/UBNA_001/20220921_090000.WAV,Telephone Field,recover-20220922,001,1795
317.7115,317.748,68437,81889,Rhinolophus ferrumequinum,0.021,0.021,-1,Echolocation,/mnt/ubna_data_02_mir/recover-20220922/UBNA_001/20220921_090000.WAV,Telephone Field,recover-20220922,001,1795
317.7175,317.7273,25468,32826,Nyctalus leisleri,0.009,0.026,-1,Echolocation,/mnt/ubna_data_02_mir/recover-20220922/UBNA_001/20220921_090000.WAV,Telephone Field,recover-20220922,001,1795
317.7795,317.788,29765,37411,Eptesicus serotinus,0.01,0.024,-1,Echolocation,/mnt/ubna_data_02_mir/recover-20220922/UBNA_001/20220921_090000.WAV,Telephone Field,recover-20220922,001,1795
317.7965,317.8327,68437,81906,Rhinolophus ferrumequinum,0.022,0.022,-1,Echolocation,/mnt/ubna_data_02_mir/recover-20220922/UBNA_001/20220921_090000.WAV,Telephone Field,recover-20220922,001,1795
317.8615,317.8696,28046,38497,Eptesicus serotinus,0.008,0.021,-1,Echolocation,/mnt/ubna_data_02_mir/recover-20220922/UBNA_001/20220921_090000.WAV,Telephone Field,recover-20220922,001,1795
317.9105,317.9231,29765,36535,Eptesicus serotinus,0.012,0.023,-1,Echolocation,/mnt/ubna_data_02_mir/recover-20220922/UBNA_001/20220921_090000.WAV,Telephone Field,recover-20220922,001,1795
317.9165,317.9534,68437,81715,Rhinolophus ferrumequinum,0.023,0.023,-1,Echolocation,/mnt/ubna_data_02_mir/recover-20220922/UBNA_001/20220921_090000.WAV,Telephone Field,recover-20220922,001,1795
317.9295,317.9673,68437,81979,Rhinolophus ferrumequinum,0.026,0.026,-1,Echolocation,/mnt/ubna_data_02_mir/recover-20220922/UBNA_001/20220921_090000.WAV,Telephone Field,recover-20220922,001,1795
317.9375,317.9756,68437,81673,Rhinolophus ferrumequinum,0.024,0.024,-1,Echolocation,/mnt/ubna_data_02_mir/recover-20220922/UBNA_001/20220921_090000.WAV,Telephone Field,recover-20220922,001,1795
318.0015,318.0372,68437,80596,Rhinolophus ferrumequinum,0.048,0.048,-1,Echolocation,/mnt/ubna_data_02_mir/recover-20220922/UBNA_001/20220921_090000.WAV,Telephone Field,recover-20220922,001,1795
318.0015,318.0098,26328,35491,Eptesicus serotinus,0.007,0.026,-1,Echolocation,/mnt/ubna_data_02_mir/recover-20220922/UBNA_001/20220921_090000.WAV,Telephone Field,recover-20220922,001,1795
318.0015,318.0107,46953,52256,Pipistrellus pipistrellus,0.022,0.026,-1,Echolocation,/mnt/ubna_data_02_mir/recover-20220922/UBNA_001/20220921_090000.WAV,Telephone Field,recover-20220922,001,1795
318.0115,318.0573,68437,84017,Rhinolophus ferrumequinum,0.032,0.032,-1,Echolocation,/mnt/ubna_data_02_mir/recover-20220922/UBNA_001/20220921_090000.WAV,Telephone Field,recover-20220922,001,1795
318.0145,318.0227,28906,37765,Eptesicus serotinus,0.007,0.021,-1,Echolocation,/mnt/ubna_data_02_mir/recover-20220922/UBNA_001/20220921_090000.WAV,Telephone Field,recover-20220922,001,1795
318.0435,318.0545,22031,26655,Nyctalus leisleri,0.01,0.022,-1,Echolocation,/mnt/ubna_data_02_mir/recover-20220922/UBNA_001/20220921_090000.WAV,Telephone Field,recover-20220922,001,1795
318.0755,318.1144,68437,81253,Rhinolophus ferrumequinum,0.028,0.028,-1,Echolocation,/mnt/ubna_data_02_mir/recover-20220922/UBNA_001/20220921_090000.WAV,Telephone Field,recover-20220922,001,1795
318.0825,318.1222,68437,82516,Rhinolophus ferrumequinum,0.032,0.032,-1,Echolocation,/mnt/ubna_data_02_mir/recover-20220922/UBNA_001/20220921_090000.WAV,Telephone Field,recover-20220922,001,1795
318.0985,318.1098,24609,30270,Nyctalus leisleri,0.009,0.024,-1,Echolocation,/mnt/ubna_data_02_mir/recover-20220922/UBNA_001/20220921_090000.WAV,Telephone Field,recover-20220922,001,1795
318.1135,318.1549,68437,82760,Rhinolophus ferrumequinum,0.038,0.038,-1,Echolocation,/mnt/ubna_data_02_mir/recover-20220922/UBNA_001/20220921_090000.WAV,Telephone Field,recover-20220922,001,1795
318.1365,318.1438,31484,43626,Myotis daubentonii,0.008,0.023,-1,Echolocation,/mnt/ubna_data_02_mir/recover-20220922/UBNA_001/20220921_090000.WAV,Telephone Field,recover-20220922,001,1795
318.1365,318.1466,23750,31084,Nyctalus leisleri,0.008,0.024,-1,Echolocation,/mnt/ubna_data_02_mir/recover-20220922/UBNA_001/20220921_090000.WAV,Telephone Field,recover-20220922,001,1795
318.1885,318.2254,68437,81226,Rhinolophus ferrumequinum,0.026,0.026,-1,Echolocation,/mnt/ubna_data_02_mir/recover-20220922/UBNA_001/20220921_090000.WAV,Telephone Field,recover-20220922,001,1795
318.1955,318.2358,68437,82118,Rhinolophus ferrumequinum,0.024,0.024,-1,Echolocation,/mnt/ubna_data_02_mir/recover-20220922/UBNA_001/20220921_090000.WAV,Telephone Field,recover-20220922,001,1795
318.2015,318.2413,68437,82561,Rhinolophus ferrumequinum,0.024,0.024,-1,Echolocation,/mnt/ubna_data_02_mir/recover-20220922/UBNA_001/20220921_090000.WAV,Telephone Field,recover-20220922,001,1795
318.2565,318.2966,68437,81518,Rhinolophus ferrumequinum,0.023,0.023,-1,Echolocation,/mnt/ubna_data_02_mir/recover-20220922/UBNA_001/20220921_090000.WAV,Telephone Field,recover-20220922,001,1795
318.2655,318.3076,68437,82796,Rhinolophus ferrumequinum,0.025,0.025,-1,Echolocation,/mnt/ubna_data_02_mir/recover-20220922/UBNA_001/20220921_090000.WAV,Telephone Field,recover-20220922,001,1795
318.2745,318.3173,68437,82710,Rhinolophus ferrumequinum,0.026,0.026,-1,Echolocation,/mnt/ubna_data_02_mir/recover-20220922/UBNA_001/20220921_090000.WAV,Telephone Field,recover-20220922,001,1795
318.2835,318.2928,27187,35635,Eptesicus serotinus,0.01,0.023,-1,Echolocation,/mnt/ubna_data_02_mir/recover-20220922/UBNA_001/20220921_090000.WAV,Telephone Field,recover-20220922,001,1795
318.2925,318.2992,25468,35112,Plecotus austriacus,0.009,0.028,-1,Echolocation,/mnt/ubna_data_02_mir/recover-20220922/UBNA_001/20220921_090000.WAV,Telephone Field,recover-20220922,001,1795
318.3115,318.3486,68437,81497,Rhinolophus ferrumequinum,0.021,0.021,-1,Echolocation,/mnt/ubna_data_02_mir/recover-20220922/UBNA_001/20220921_090000.WAV,Telephone Field,recover-20220922,001,1795
318.3415,318.3515,23750,30067,Nyctalus leisleri,0.01,0.023,-1,Echolocation,/mnt/ubna_data_02_mir/recover-20220922/UBNA_001/20220921_090000.WAV,Telephone Field,recover-20220922,001,1795
318.3715,318.3844,23750,30350,Nyctalus leisleri,0.013,0.035,-1,Echolocation,/mnt/ubna_data_02_mir/recover-20220922/UBNA_001/20220921_090000.WAV,Telephone Field,recover-20220922,001,1795
318.3765,318.4201,68437,83122,Rhinolophus ferrumequinum,0.032,0.032,-1,Echolocation,/mnt/ubna_data_02_mir/recover-20220922/UBNA_001/20220921_090000.WAV,Telephone Field,recover-20220922,001,1795
318.4015,318.4387,68437,80933,Rhinolophus ferrumequinum,0.024,0.025,-1,Echolocation,/mnt/ubna_data_02_mir/recover-20220922/UBNA_001/20220921_090000.WAV,Telephone Field,recover-20220922,001,1795
318.4165,318.4547,68437,82104,Rhinolophus ferrumequinum,0.022,0.022,-1,Echolocation,/mnt/ubna_data_02_mir/recover-20220922/UBNA_001/20220921_090000.WAV,Telephone Field,recover-20220922,001,1795
318.4245,318.465,68437,82895,Rhinolophus ferrumequinum,0.024,0.024,-1,Echolocation,/mnt/ubna_data_02_mir/recover-20220922/UBNA_001/20220921_090000.WAV,Telephone Field,recover-20220922,001,1795
318.4425,318.4815,68437,82090,Rhinolophus ferrumequinum,0.022,0.022,-1,Echolocation,/mnt/ubna_data_02_mir/recover-20220922/UBNA_001/20220921_090000.WAV,Telephone Field,recover-20220922,001,1795
318.4625,318.4726,28046,36798,Eptesicus serotinus,0.011,0.025,-1,Echolocation,/mnt/ubna_data_02_mir/recover-20220922/UBNA_001/20220921_090000.WAV,Telephone Field,recover-20220922,001,1795
318.4695,318.4785,24609,32256,Nyctalus leisleri,0.007,0.022,-1,Echolocation,/mnt/ubna_data_02_mir/recover-20220922/UBNA_001/20220921_090000.WAV,Telephone Field,recover-20220922,001,1795
318.4725,318.5122,68437,81872,Rhinolophus ferrumequinum,0.048,0.048,-1,Echolocation,/mnt/ubna_data_02_mir/recover-20220922/UBNA_001/20220921_090000.WAV,Telephone Field,recover-20220922,001,1795
318.4995,318.5377,68437,81788,Rhinolophus ferrumequinum,0.022,0.022,-1,Echolocation,/mnt/ubna_data_02_mir/recover-20220922/UBNA_001/20220921_090000.WAV,Telephone Field,recover-20220922,001,1795
318.5115,318.5516,68437,82646,Rhinolophus ferrumequinum,0.021,0.021,-1,Echolocation,/mnt/ubna_data_02_mir/recover-20220922/UBNA_001/20220921_090000.WAV,Telephone Field,recover-20220922,001,1795
318.5485,318.5564,23750,32292,Plecotus austriacus,0.01,0.025,-1,Echolocation,/mnt/ubna_data_02_mir/recover-20220922/UBNA_001/20220921_090000.WAV,Telephone Field,recover-20220922,001,1795
318.5745,318.5855,27187,34731,Eptesicus serotinus,0.02,0.035,-1,Echolocation,/mnt/ubna_data_02_mir/recover-20220922/UBNA_001/20220921_090000.WAV,Telephone Field,recover-20220922,001,1795
318.58050000000003,318.6176,68437,81258,Rhinolophus ferrumequinum,0.021,0.021,-1,Echolocation,/mnt/ubna_data_02_mir/recover-20220922/UBNA_001/20220921_090000.WAV,Telephone Field,recover-20220922,001,1795
318.6075,318.6446,68437,81396,Rhinolophus ferrumequinum,0.021,0.021,-1,Echolocation,/mnt/ubna_data_02_mir/recover-20220922/UBNA_001/20220921_090000.WAV,Telephone Field,recover-20220922,001,1795
318.6195,318.631,28906,36088,Eptesicus serotinus,0.011,0.024,-1,Echolocation,/mnt/ubna_data_02_mir/recover-20220922/UBNA_001/20220921_090000.WAV,Telephone Field,recover-20220922,001,1795
318.6205,318.6596,68437,82648,Rhinolophus ferrumequinum,0.025,0.025,-1,Echolocation,/mnt/ubna_data_02_mir/recover-20220922/UBNA_001/20220921_090000.WAV,Telephone Field,recover-20220922,001,1795
318.6345,318.6437,48671,52287,Pipistrellus pipistrellus,0.026,0.028,-1,Echolocation,/mnt/ubna_data_02_mir/recover-20220922/UBNA_001/20220921_090000.WAV,Telephone Field,recover-20220922,001,1795
318.64549999999997,318.6841,68437,82317,Rhinolophus ferrumequinum,0.026,0.026,-1,Echolocation,/mnt/ubna_data_02_mir/recover-20220922/UBNA_001/20220921_090000.WAV,Telephone Field,recover-20220922,001,1795
318.6615,318.6687,25468,34726,Eptesicus serotinus,0.006,0.023,-1,Echolocation,/mnt/ubna_data_02_mir/recover-20220922/UBNA_001/20220921_090000.WAV,Telephone Field,recover-20220922,001,1795
318.6715,318.7117,68437,82373,Rhinolophus ferrumequinum,0.024,0.024,-1,Echolocation,/mnt/ubna_data_02_mir/recover-20220922/UBNA_001/20220921_090000.WAV,Telephone Field,recover-20220922,001,1795
318.7165,318.7266,24609,31905,Nyctalus leisleri,0.008,0.024,-1,Echolocation,/mnt/ubna_data_02_mir/recover-20220922/UBNA_001/20220921_090000.WAV,Telephone Field,recover-20220922,001,1795
318.7205,318.7618,68437,82582,Rhinolophus ferrumequinum,0.023,0.023,-1,Echolocation,/mnt/ubna_data_02_mir/recover-20220922/UBNA_001/20220921_090000.WAV,Telephone Field,recover-20220922,001,1795
318.7265,318.7693,68437,82838,Rhinolophus ferrumequinum,0.025,0.025,-1,Echolocation,/mnt/ubna_data_02_mir/recover-20220922/UBNA_001/20220921_090000.WAV,Telephone Field,recover-20220922,001,1795
318.7865,318.82529999999997,68437,82041,Rhinolophus ferrumequinum,0.026,0.026,-1,Echolocation,/mnt/ubna_data_02_mir/recover-20220922/UBNA_001/20220921_090000.WAV,Telephone Field,recover-20220922,001,1795
318.8005,318.8108,28906,36901,Eptesicus serotinus,0.013,0.027,-1,Echolocation,/mnt/ubna_data_02_mir/recover-20220922/UBNA_001/20220921_090000.WAV,Telephone Field,recover-20220922,001,1795
318.8105,318.8522,68437,82105,Rhinolophus ferrumequinum,0.03,0.03,-1,Echolocation,/mnt/ubna_data_02_mir/recover-20220922/UBNA_001/20220921_090000.WAV,Telephone Field,recover-20220922,001,1795
318.8475,318.8841,68437,81703,Rhinolophus ferrumequinum,0.026,0.026,-1,Echolocation,/mnt/ubna_data_02_mir/recover-20220922/UBNA_001/20220921_090000.WAV,Telephone Field,recover-20220922,001,1795
318.8485,318.8581,28046,40775,Eptesicus serotinus,0.009,0.023,-1,Echolocation,/mnt/ubna_data_02_mir/recover-20220922/UBNA_001/20220921_090000.WAV,Telephone Field,recover-20220922,001,1795
318.8695,318.907,68437,82097,Rhinolophus ferrumequinum,0.023,0.023,-1,Echolocation,/mnt/ubna_data_02_mir/recover-20220922/UBNA_001/20220921_090000.WAV,Telephone Field,recover-20220922,001,1795
318.8755,318.9181,68437,82538,Rhinolophus ferrumequinum,0.023,0.023,-1,Echolocation,/mnt/ubna_data_02_mir/recover-20220922/UBNA_001/20220921_090000.WAV,Telephone Field,recover-20220922,001,1795
318.8865,318.8949,26328,36676,Eptesicus serotinus,0.012,0.031,-1,Echolocation,/mnt/ubna_data_02_mir/recover-20220922/UBNA_001/20220921_090000.WAV,Telephone Field,recover-20220922,001,1795
318.8935,318.9307,68437,82135,Rhinolophus ferrumequinum,0.022,0.022,-1,Echolocation,/mnt/ubna_data_02_mir/recover-20220922/UBNA_001/20220921_090000.WAV,Telephone Field,recover-20220922,001,1795
318.9065,318.9188,22031,26027,Nyctalus leisleri,0.013,0.024,-1,Echolocation,/mnt/ubna_data_02_mir/recover-20220922/UBNA_001/20220921_090000.WAV,Telephone Field,recover-20220922,001,1795
318.9355,318.9772,68437,82833,Rhinolophus ferrumequinum,0.022,0.022,-1,Echolocation,/mnt/ubna_data_02_mir/recover-20220922/UBNA_001/20220921_090000.WAV,Telephone Field,recover-20220922,001,1795
318.9525,318.9918,68437,82087,Rhinolophus ferrumequinum,0.021,0.021,-1,Echolocation,/mnt/ubna_data_02_mir/recover-20220922/UBNA_001/20220921_090000.WAV,Telephone Field,recover-20220922,001,1795
318.97950000000003,319.01800000000003,68437,81892,Rhinolophus ferrumequinum,0.021,0.021,-1,Echolocation,/mnt/ubna_data_02_mir/recover-20220922/UBNA_001/20220921_090000.WAV,Telephone Field,recover-20220922,001,1795
318.9945,319.00260000000003,28046,39684,Eptesicus serotinus,0.007,0.023,-1,Echolocation,/mnt/ubna_data_02_mir/recover-20220922/UBNA_001/20220921_090000.WAV,Telephone Field,recover-20220922,001,1795
319.0485,319.0879,68437,82002,Rhinolophus ferrumequinum,0.024,0.024,-1,Echolocation,/mnt/ubna_data_02_mir/recover-20220922/UBNA_001/20220921_090000.WAV,Telephone Field,recover-20220922,001,1795
319.0525,319.0715,20312,23192,Nyctalus leisleri,0.019,0.038,-1,Echolocation,/mnt/ubna_data_02_mir/recover-20220922/UBNA_001/20220921_090000.WAV,Telephone Field,recover-20220922,001,1795
319.0895,319.1005,22890,28001,Nyctalus leisleri,0.011,0.022,-1,Echolocation,/mnt/ubna_data_02_mir/recover-20220922/UBNA_001/20220921_090000.WAV,Telephone Field,recover-20220922,001,1795
319.1295,319.1687,68437,81654,Rhinolophus ferrumequinum,0.024,0.024,-1,Echolocation,/mnt/ubna_data_02_mir/recover-20220922/UBNA_001/20220921_090000.WAV,Telephone Field,recover-20220922,001,1795
319.1335,319.1496,20312,23960,Nyctalus leisleri,0.014,0.025,-1,Echolocation,/mnt/ubna_data_02_mir/recover-20220922/UBNA_001/20220921_090000.WAV,Telephone Field,recover-20220922,001,1795
319.1685,319.1892,18593,21854,Nyctalus noctula,0.017,0.031,-1,Echolocation,/mnt/ubna_data_02_mir/recover-20220922/UBNA_001/20220921_090000.WAV,Telephone Field,recover-20220922,001,1795
319.1855,319.1942,28046,38757,Eptesicus serotinus,0.008,0.022,-1,Echolocation,/mnt/ubna_data_02_mir/recover-20220922/UBNA_001/20220921_090000.WAV,Telephone Field,recover-20220922,001,1795
319.2035,319.2423,68437,82315,Rhinolophus ferrumequinum,0.031,0.031,-1,Echolocation,/mnt/ubna_data_02_mir/recover-20220922/UBNA_001/20220921_090000.WAV,Telephone Field,recover-20220922,001,1795
319.2195,319.2565,68437,81770,Rhinolophus ferrumequinum,0.023,0.023,-1,Echolocation,/mnt/ubna_data_02_mir/recover-20220922/UBNA_001/20220921_090000.WAV,Telephone Field,recover-20220922,001,1795
319.2215,319.2309,28046,36422,Eptesicus serotinus,0.009,0.022,-1,Echolocation,/mnt/ubna_data_02_mir/recover-20220922/UBNA_001/20220921_090000.WAV,Telephone Field,recover-20220922,001,1795
319.2525,319.2596,28906,40430,Eptesicus serotinus,0.007,0.025,-1,Echolocation,/mnt/ubna_data_02_mir/recover-20220922/UBNA_001/20220921_090000.WAV,Telephone Field,recover-20220922,001,1795
319.2525,319.2933,68437,82919,Rhinolophus ferrumequinum,0.032,0.032,-1,Echolocation,/mnt/ubna_data_02_mir/recover-20220922/UBNA_001/20220921_090000.WAV,Telephone Field,recover-20220922,001,1795
319.3185,319.3566,68437,81358,Rhinolophus ferrumequinum,0.022,0.022,-1,Echolocation,/mnt/ubna_data_02_mir/recover-20220922/UBNA_001/20220921_090000.WAV,Telephone Field,recover-20220922,001,1795
319.3285,319.3646,68437,80885,Rhinolophus ferrumequinum,0.032,0.032,-1,Echolocation,/mnt/ubna_data_02_mir/recover-20220922/UBNA_001/20220921_090000.WAV,Telephone Field,recover-20220922,001,1795
319.3905,319.4265,68437,81290,Rhinolophus ferrumequinum,0.021,0.021,-1,Echolocation,/mnt/ubna_data_02_mir/recover-20220922/UBNA_001/20220921_090000.WAV,Telephone Field,recover-20220922,001,1795
319.4095,319.4472,68437,81655,Rhinolophus ferrumequinum,0.022,0.022,-1,Echolocation,/mnt/ubna_data_02_mir/recover-20220922/UBNA_001/20220921_090000.WAV,Telephone Field,recover-20220922,001,1795
319.4145,319.4522,68437,81854,Rhinolophus ferrumequinum,0.022,0.022,-1,Echolocation,/mnt/ubna_data_02_mir/recover-20220922/UBNA_001/20220921_090000.WAV,Telephone Field,recover-20220922,001,1795
319.4415,319.4524,22890,27193,Nyctalus leisleri,0.012,0.021,-1,Echolocation,/mnt/ubna_data_02_mir/recover-20220922/UBNA_001/20220921_090000.WAV,Telephone Field,recover-20220922,001,1795
319.4845,319.5221,68437,82293,Rhinolophus ferrumequinum,0.03,0.03,-1,Echolocation,/mnt/ubna_data_02_mir/recover-20220922/UBNA_001/20220921_090000.WAV,Telephone Field,recover-20220922,001,1795
319.4895,319.4983,28046,36536,Eptesicus serotinus,0.008,0.022,-1,Echolocation,/mnt/ubna_data_02_mir/recover-20220922/UBNA_001/20220921_090000.WAV,Telephone Field,recover-20220922,001,1795
319.4965,319.5322,68437,81026,Rhinolophus ferrumequinum,0.021,0.021,-1,Echolocation,/mnt/ubna_data_02_mir/recover-20220922/UBNA_001/20220921_090000.WAV,Telephone Field,recover-20220922,001,1795
319.5285,319.5631,68437,80673,Rhinolophus ferrumequinum,0.021,0.021,-1,Echolocation,/mnt/ubna_data_02_mir/recover-20220922/UBNA_001/20220921_090000.WAV,Telephone Field,recover-20220922,001,1795
319.5385,319.5767,68437,81450,Rhinolophus ferrumequinum,0.021,0.021,-1,Echolocation,/mnt/ubna_data_02_mir/recover-20220922/UBNA_001/20220921_090000.WAV,Telephone Field,recover-20220922,001,1795
319.5505,319.5568,28046,48656,Myotis daubentonii,0.008,0.03,-1,Echolocation,/mnt/ubna_data_02_mir/recover-20220922/UBNA_001/20220921_090000.WAV,Telephone Field,recover-20220922,001,1795
319.5545,319.5938,68437,82693,Rhinolophus ferrumequinum,0.027,0.027,-1,Echolocation,/mnt/ubna_data_02_mir/recover-20220922/UBNA_001/20220921_090000.WAV,Telephone Field,recover-20220922,001,1795
319.5555,319.5656,48671,53572,Pipistrellus pipistrellus,0.026,0.029,-1,Echolocation,/mnt/ubna_data_02_mir/recover-20220922/UBNA_001/20220921_090000.WAV,Telephone Field,recover-20220922,001,1795
319.5685,319.5792,28046,35398,Eptesicus serotinus,0.01,0.023,-1,Echolocation,/mnt/ubna_data_02_mir/recover-20220922/UBNA_001/20220921_090000.WAV,Telephone Field,recover-20220922,001,1795
319.6305,319.6689,68437,82572,Rhinolophus ferrumequinum,0.025,0.025,-1,Echolocation,/mnt/ubna_data_02_mir/recover-20220922/UBNA_001/20220921_090000.WAV,Telephone Field,recover-20220922,001,1795
319.6435,319.6823,68437,82111,Rhinolophus ferrumequinum,0.021,0.021,-1,Echolocation,/mnt/ubna_data_02_mir/recover-20220922/UBNA_001/20220921_090000.WAV,Telephone Field,recover-20220922,001,1795
319.6625,319.6998,68437,82622,Rhinolophus ferrumequinum,0.023,0.023,-1,Echolocation,/mnt/ubna_data_02_mir/recover-20220922/UBNA_001/20220921_090000.WAV,Telephone Field,recover-20220922,001,1795
319.6735,319.683,28046,36869,Eptesicus serotinus,0.008,0.022,-1,Echolocation,/mnt/ubna_data_02_mir/recover-20220922/UBNA_001/20220921_090000.WAV,Telephone Field,recover-20220922,001,1795
319.6785,319.7163,68437,81706,Rhinolophus ferrumequinum,0.023,0.023,-1,Echolocation,/mnt/ubna_data_02_mir/recover-20220922/UBNA_001/20220921_090000.WAV,Telephone Field,recover-20220922,001,1795
319.6875,319.7212,68437,80862,Rhinolophus ferrumequinum,0.021,0.021,-1,Echolocation,/mnt/ubna_data_02_mir/recover-20220922/UBNA_001/20220921_090000.WAV,Telephone Field,recover-20220922,001,1795
319.6995,319.7376,68437,81556,Rhinolophus ferrumequinum,0.024,0.024,-1,Echolocation,/mnt/ubna_data_02_mir/recover-20220922/UBNA_001/20220921_090000.WAV,Telephone Field,recover-20220922,001,1795
319.7235,319.7622,68437,82542,Rhinolophus ferrumequinum,0.022,0.022,-1,Echolocation,/mnt/ubna_data_02_mir/recover-20220922/UBNA_001/20220921_090000.WAV,Telephone Field,recover-20220922,001,1795
319.7265,319.737,24609,31525,Eptesicus serotinus,0.01,0.029,-1,Echolocation,/mnt/ubna_data_02_mir/recover-20220922/UBNA_001/20220921_090000.WAV,Telephone Field,recover-20220922,001,1795
319.7355,319.7758,68437,82261,Rhinolophus ferrumequinum,0.024,0.024,-1,Echolocation,/mnt/ubna_data_02_mir/recover-20220922/UBNA_001/20220921_090000.WAV,Telephone Field,recover-20220922,001,1795
319.7795,319.8155,68437,81535,Rhinolophus ferrumequinum,0.022,0.022,-1,Echolocation,/mnt/ubna_data_02_mir/recover-20220922/UBNA_001/20220921_090000.WAV,Telephone Field,recover-20220922,001,1795
319.7895,319.80219999999997,22031,25733,Nyctalus leisleri,0.015,0.026,-1,Echolocation,/mnt/ubna_data_02_mir/recover-20220922/UBNA_001/20220921_090000.WAV,Telephone Field,recover-20220922,001,1795
319.7955,319.8328,68437,81544,Rhinolophus ferrumequinum,0.021,0.021,-1,Echolocation,/mnt/ubna_data_02_mir/recover-20220922/UBNA_001/20220921_090000.WAV,Telephone Field,recover-20220922,001,1795
319.8125,319.8531,68437,82194,Rhinolophus ferrumequinum,0.042,0.042,-1,Echolocation,/mnt/ubna_data_02_mir/recover-20220922/UBNA_001/20220921_090000.WAV,Telephone Field,recover-20220922,001,1795
319.8265,319.8354,28046,35268,Eptesicus serotinus,0.016,0.033,-1,Echolocation,/mnt/ubna_data_02_mir/recover-20220922/UBNA_001/20220921_090000.WAV,Telephone Field,recover-20220922,001,1795
319.8745,319.9158,68437,82324,Rhinolophus ferrumequinum,0.032,0.033,-1,Echolocation,/mnt/ubna_data_02_mir/recover-20220922/UBNA_001/20220921_090000.WAV,Telephone Field,recover-20220922,001,1795
319.8965,319.9368,68437,82516,Rhinolophus ferrumequinum,0.021,0.021,-1,Echolocation,/mnt/ubna_data_02_mir/recover-20220922/UBNA_001/20220921_090000.WAV,Telephone Field,recover-20220922,001,1795
319.9105,319.9499,68437,82472,Rhinolophus ferrumequinum,0.024,0.024,-1,Echolocation,/mnt/ubna_data_02_mir/recover-20220922/UBNA_001/20220921_090000.WAV,Telephone Field,recover-20220922,001,1795
319.9115,319.9193,28906,37571,Eptesicus serotinus,0.032,0.064,-1,Echolocation,/mnt/ubna_data_02_mir/recover-20220922/UBNA_001/20220921_090000.WAV,Telephone Field,recover-20220922,001,1795
319.9235,319.9592,68437,81247,Rhinolophus ferrumequinum,0.021,0.021,-1,Echolocation,/mnt/ubna_data_02_mir/recover-20220922/UBNA_001/20220921_090000.WAV,Telephone Field,recover-20220922,001,1795
319.9885,319.9984,24609,33568,Eptesicus serotinus,0.008,0.024,-1,Echolocation,/mnt/ubna_data_02_mir/recover-20220922/UBNA_001/20220921_090000.WAV,Telephone Field,recover-20220922,001,1795
320.0015,320.03679999999997,68437,80913,Rhinolophus ferrumequinum,0.046,0.046,-1,Echolocation,/mnt/ubna_data_02_mir/recover-20220922/UBNA_001/20220921_090000.WAV,Telephone Field,recover-20220922,001,1795
320.0015,320.0107,23750,30426,Nyctalus leisleri,0.011,0.033,-1,Echolocation,/mnt/ubna_data_02_mir/recover-20220922/UBNA_001/20220921_090000.WAV,Telephone Field,recover-20220922,001,1795
320.0085,320.0548,68437,82778,Rhinolophus ferrumequinum,0.025,0.025,-1,Echolocation,/mnt/ubna_data_02_mir/recover-20220922/UBNA_001/20220921_090000.WAV,Telephone Field,recover-20220922,001,1795
320.0295,320.0469,20312,23871,Nyctalus leisleri,0.011,0.022,-1,Echolocation,/mnt/ubna_data_02_mir/recover-20220922/UBNA_001/20220921_090000.WAV,Telephone Field,recover-20220922,001,1795
320.04449999999997,320.0532,28906,37469,Eptesicus serotinus,0.007,0.022,-1,Echolocation,/mnt/ubna_data_02_mir/recover-20220922/UBNA_001/20220921_090000.WAV,Telephone Field,recover-20220922,001,1795
320.0575,320.0917,68437,81556,Rhinolophus ferrumequinum,0.022,0.022,-1,Echolocation,/mnt/ubna_data_02_mir/recover-20220922/UBNA_001/20220921_090000.WAV,Telephone Field,recover-20220922,001,1795
320.0875,320.108,18593,22317,Nyctalus noctula,0.034,0.054,-1,Echolocation,/mnt/ubna_data_02_mir/recover-20220922/UBNA_001/20220921_090000.WAV,Telephone Field,recover-20220922,001,1795
320.1195,320.1564,68437,81553,Rhinolophus ferrumequinum,0.021,0.021,-1,Echolocation,/mnt/ubna_data_02_mir/recover-20220922/UBNA_001/20220921_090000.WAV,Telephone Field,recover-20220922,001,1795
320.1625,320.1726,28046,37218,Eptesicus serotinus,0.01,0.024,-1,Echolocation,/mnt/ubna_data_02_mir/recover-20220922/UBNA_001/20220921_090000.WAV,Telephone Field,recover-20220922,001,1795
320.1795,320.2149,68437,81462,Rhinolophus ferrumequinum,0.022,0.022,-1,Echolocation,/mnt/ubna_data_02_mir/recover-20220922/UBNA_001/20220921_090000.WAV,Telephone Field,recover-20220922,001,1795
320.1855,320.1976,22031,26230,Nyctalus leisleri,0.012,0.022,-1,Echolocation,/mnt/ubna_data_02_mir/recover-20220922/UBNA_001/20220921_090000.WAV,Telephone Field,recover-20220922,001,1795
320.2285,320.2654,68437,81570,Rhinolophus ferrumequinum,0.023,0.023,-1,Echolocation,/mnt/ubna_data_02_mir/recover-20220922/UBNA_001/20220921_090000.WAV,Telephone Field,recover-20220922,001,1795
320.2425,320.2615,19453,22457,Nyctalus leisleri,0.014,0.025,-1,Echolocation,/mnt/ubna_data_02_mir/recover-20220922/UBNA_001/20220921_090000.WAV,Telephone Field,recover-20220922,001,1795
320.2535,320.2912,68437,81892,Rhinolophus ferrumequinum,0.027,0.027,-1,Echolocation,/mnt/ubna_data_02_mir/recover-20220922/UBNA_001/20220921_090000.WAV,Telephone Field,recover-20220922,001,1795
320.2535,320.2623,28046,38316,Eptesicus serotinus,0.007,0.021,-1,Echolocation,/mnt/ubna_data_02_mir/recover-20220922/UBNA_001/20220921_090000.WAV,Telephone Field,recover-20220922,001,1795
320.3415,320.382,68437,82297,Rhinolophus ferrumequinum,0.023,0.023,-1,Echolocation,/mnt/ubna_data_02_mir/recover-20220922/UBNA_001/20220921_090000.WAV,Telephone Field,recover-20220922,001,1795
320.3515,320.3594,23750,31859,Plecotus austriacus,0.016,0.036,-1,Echolocation,/mnt/ubna_data_02_mir/recover-20220922/UBNA_001/20220921_090000.WAV,Telephone Field,recover-20220922,001,1795
320.3615,320.3974,68437,82153,Rhinolophus ferrumequinum,0.025,0.025,-1,Echolocation,/mnt/ubna_data_02_mir/recover-20220922/UBNA_001/20220921_090000.WAV,Telephone Field,recover-20220922,001,1795
320.3975,320.4056,28046,39486,Eptesicus serotinus,0.008,0.021,-1,Echolocation,/mnt/ubna_data_02_mir/recover-20220922/UBNA_001/20220921_090000.WAV,Telephone Field,recover-20220922,001,1795
320.4085,320.4464,68437,82235,Rhinolophus ferrumequinum,0.022,0.022,-1,Echolocation,/mnt/ubna_data_02_mir/recover-20220922/UBNA_001/20220921_090000.WAV,Telephone Field,recover-20220922,001,1795
320.4385,320.4803,68437,82344,Rhinolophus ferrumequinum,0.023,0.023,-1,Echolocation,/mnt/ubna_data_02_mir/recover-20220922/UBNA_001/20220921_090000.WAV,Telephone Field,recover-20220922,001,1795
320.4725,320.5147,68437,82993,Rhinolophus ferrumequinum,0.027,0.027,-1,Echolocation,/mnt/ubna_data_02_mir/recover-20220922/UBNA_001/20220921_090000.WAV,Telephone Field,recover-20220922,001,1795
320.4895,320.5284,68437,82506,Rhinolophus ferrumequinum,0.025,0.025,-1,Echolocation,/mnt/ubna_data_02_mir/recover-20220922/UBNA_001/20220921_090000.WAV,Telephone Field,recover-20220922,001,1795
320.4995,320.5383,68437,81164,Rhinolophus ferrumequinum,0.024,0.024,-1,Echolocation,/mnt/ubna_data_02_mir/recover-20220922/UBNA_001/20220921_090000.WAV,Telephone Field,recover-20220922,001,1795
320.5325,320.5428,27187,35598,Eptesicus serotinus,0.014,0.026,-1,Echolocation,/mnt/ubna_data_02_mir/recover-20220922/UBNA_001/20220921_090000.WAV,Telephone Field,recover-20220922,001,1795
320.5335,320.5416,43515,48290,Pipistrellus pipistrellus,0.02,0.022,-1,Echolocation,/mnt/ubna_data_02_mir/recover-20220922/UBNA_001/20220921_090000.WAV,Telephone Field,recover-20220922,001,1795
320.5705,320.6134,68437,82940,Rhinolophus ferrumequinum,0.035,0.035,-1,Echolocation,/mnt/ubna_data_02_mir/recover-20220922/UBNA_001/20220921_090000.WAV,Telephone Field,recover-20220922,001,1795
320.5895,320.6007,42656,45785,Pipistrellus pipistrellus,0.024,0.03,-1,Echolocation,/mnt/ubna_data_02_mir/recover-20220922/UBNA_001/20220921_090000.WAV,Telephone Field,recover-20220922,001,1795
320.6505,320.65930000000003,22890,29445,Plecotus austriacus,0.008,0.023,-1,Echolocation,/mnt/ubna_data_02_mir/recover-20220922/UBNA_001/20220921_090000.WAV,Telephone Field,recover-20220922,001,1795
320.6745,320.7108,68437,81406,Rhinolophus ferrumequinum,0.023,0.023,-1,Echolocation,/mnt/ubna_data_02_mir/recover-20220922/UBNA_001/20220921_090000.WAV,Telephone Field,recover-20220922,001,1795
320.7095,320.7198,27187,34894,Eptesicus serotinus,0.012,0.024,-1,Echolocation,/mnt/ubna_data_02_mir/recover-20220922/UBNA_001/20220921_090000.WAV,Telephone Field,recover-20220922,001,1795
320.7285,320.73969999999997,30625,36987,Eptesicus serotinus,0.009,0.023,-1,Echolocation,/mnt/ubna_data_02_mir/recover-20220922/UBNA_001/20220921_090000.WAV,Telephone Field,recover-20220922,001,1795
320.7745,320.8149,68437,82094,Rhinolophus ferrumequinum,0.025,0.025,-1,Echolocation,/mnt/ubna_data_02_mir/recover-20220922/UBNA_001/20220921_090000.WAV,Telephone Field,recover-20220922,001,1795
320.7765,320.7838,28046,40171,Eptesicus serotinus,0.006,0.021,-1,Echolocation,/mnt/ubna_data_02_mir/recover-20220922/UBNA_001/20220921_090000.WAV,Telephone Field,recover-20220922,001,1795
320.7955,320.8032,28906,40598,Eptesicus serotinus,0.009,0.027,-1,Echolocation,/mnt/ubna_data_02_mir/recover-20220922/UBNA_001/20220921_090000.WAV,Telephone Field,recover-20220922,001,1795
320.8295,320.8717,68437,82826,Rhinolophus ferrumequinum,0.023,0.024,-1,Echolocation,/mnt/ubna_data_02_mir/recover-20220922/UBNA_001/20220921_090000.WAV,Telephone Field,recover-20220922,001,1795
320.8525,320.8642,23750,29290,Nyctalus leisleri,0.02,0.043,-1,Echolocation,/mnt/ubna_data_02_mir/recover-20220922/UBNA_001/20220921_090000.WAV,Telephone Field,recover-20220922,001,1795
320.8785,320.8884,23750,30247,Nyctalus leisleri,0.009,0.023,-1,Echolocation,/mnt/ubna_data_02_mir/recover-20220922/UBNA_001/20220921_090000.WAV,Telephone Field,recover-20220922,001,1795
320.9145,320.9236,28906,39631,Eptesicus serotinus,0.009,0.023,-1,Echolocation,/mnt/ubna_data_02_mir/recover-20220922/UBNA_001/20220921_090000.WAV,Telephone Field,recover-20220922,001,1795
320.9775,321.0194,68437,82758,Rhinolophus ferrumequinum,0.024,0.024,-1,Echolocation,/mnt/ubna_data_02_mir/recover-20220922/UBNA_001/20220921_090000.WAV,Telephone Field,recover-20220922,001,1795
320.9945,321.0039,24609,32545,Nyctalus leisleri,0.01,0.029,-1,Echolocation,/mnt/ubna_data_02_mir/recover-20220922/UBNA_001/20220921_090000.WAV,Telephone Field,recover-20220922,001,1795
321.0145,321.052,68437,81880,Rhinolophus ferrumequinum,0.025,0.025,-1,Echolocation,/mnt/ubna_data_02_mir/recover-20220922/UBNA_001/20220921_090000.WAV,Telephone Field,recover-20220922,001,1795
321.0185,321.0275,46953,50352,Pipistrellus pipistrellus,0.023,0.025,-1,Echolocation,/mnt/ubna_data_02_mir/recover-20220922/UBNA_001/20220921_090000.WAV,Telephone Field,recover-20220922,001,1795
321.0355,321.0705,68437,81463,Rhinolophus ferrumequinum,0.025,0.025,-1,Echolocation,/mnt/ubna_data_02_mir/recover-20220922/UBNA_001/20220921_090000.WAV,Telephone Field,recover-20220922,001,1795
321.0655,321.0747,28906,37495,Eptesicus serotinus,0.009,0.022,-1,Echolocation,/mnt/ubna_data_02_mir/recover-20220922/UBNA_001/20220921_090000.WAV,Telephone Field,recover-20220922,001,1795
321.0935,321.1333,68437,82118,Rhinolophus ferrumequinum,0.021,0.021,-1,Echolocation,/mnt/ubna_data_02_mir/recover-20220922/UBNA_001/20220921_090000.WAV,Telephone Field,recover-20220922,001,1795
321.1185,321.1313,42656,46215,Pipistrellus pipistrellus,0.023,0.027,-1,Echolocation,/mnt/ubna_data_02_mir/recover-20220922/UBNA_001/20220921_090000.WAV,Telephone Field,recover-20220922,001,1795
321.1335,321.1444,23750,29383,Nyctalus leisleri,0.01,0.026,-1,Echolocation,/mnt/ubna_data_02_mir/recover-20220922/UBNA_001/20220921_090000.WAV,Telephone Field,recover-20220922,001,1795
321.1335,321.1681,68437,81670,Rhinolophus ferrumequinum,0.022,0.022,-1,Echolocation,/mnt/ubna_data_02_mir/recover-20220922/UBNA_001/20220921_090000.WAV,Telephone Field,recover-20220922,001,1795
321.1605,321.2037,68437,83171,Rhinolophus ferrumequinum,0.034,0.034,-1,Echolocation,/mnt/ubna_data_02_mir/recover-20220922/UBNA_001/20220921_090000.WAV,Telephone Field,recover-20220922,001,1795
321.2005,321.2418,68437,83220,Rhinolophus ferrumequinum,0.029,0.029,-1,Echolocation,/mnt/ubna_data_02_mir/recover-20220922/UBNA_001/20220921_090000.WAV,Telephone Field,recover-20220922,001,1795
321.2255,321.2632,68437,81665,Rhinolophus ferrumequinum,0.022,0.022,-1,Echolocation,/mnt/ubna_data_02_mir/recover-20220922/UBNA_001/20220921_090000.WAV,Telephone Field,recover-20220922,001,1795
321.2555,321.2643,28046,37521,Eptesicus serotinus,0.008,0.022,-1,Echolocation,/mnt/ubna_data_02_mir/recover-20220922/UBNA_001/20220921_090000.WAV,Telephone Field,recover-20220922,001,1795
321.2625,321.302,68437,82434,Rhinolophus ferrumequinum,0.024,0.024,-1,Echolocation,/mnt/ubna_data_02_mir/recover-20220922/UBNA_001/20220921_090000.WAV,Telephone Field,recover-20220922,001,1795
321.2675,321.3069,68437,82596,Rhinolophus ferrumequinum,0.024,0.024,-1,Echolocation,/mnt/ubna_data_02_mir/recover-20220922/UBNA_001/20220921_090000.WAV,Telephone Field,recover-20220922,001,1795
321.2935,321.3327,68437,82706,Rhinolophus ferrumequinum,0.023,0.023,-1,Echolocation,/mnt/ubna_data_02_mir/recover-20220922/UBNA_001/20220921_090000.WAV,Telephone Field,recover-20220922,001,1795
321.3095,321.3249,25468,30312,Nyctalus leisleri,0.025,0.057,-1,Echolocation,/mnt/ubna_data_02_mir/recover-20220922/UBNA_001/20220921_090000.WAV,Telephone Field,recover-20220922,001,1795
321.3275,321.3679,68437,82778,Rhinolophus ferrumequinum,0.021,0.021,-1,Echolocation,/mnt/ubna_data_02_mir/recover-20220922/UBNA_001/20220921_090000.WAV,Telephone Field,recover-20220922,001,1795
321.33050000000003,321.3398,28906,38014,Eptesicus serotinus,0.009,0.024,-1,Echolocation,/mnt/ubna_data_02_mir/recover-20220922/UBNA_001/20220921_090000.WAV,Telephone Field,recover-20220922,001,1795
321.3505,321.3912,68437,82681,Rhinolophus ferrumequinum,0.028,0.028,-1,Echolocation,/mnt/ubna_data_02_mir/recover-20220922/UBNA_001/20220921_090000.WAV,Telephone Field,recover-20220922,001,1795
321.3625,321.3745,22890,28231,Nyctalus leisleri,0.013,0.028,-1,Echolocation,/mnt/ubna_data_02_mir/recover-20220922/UBNA_001/20220921_090000.WAV,Telephone Field,recover-20220922,001,1795
321.3935,321.4315,68437,82088,Rhinolophus ferrumequinum,0.021,0.021,-1,Echolocation,/mnt/ubna_data_02_mir/recover-20220922/UBNA_001/20220921_090000.WAV,Telephone Field,recover-20220922,001,1795
321.3965,321.4063,28906,36898,Eptesicus serotinus,0.011,0.023,-1,Echolocation,/mnt/ubna_data_02_mir/recover-20220922/UBNA_001/20220921_090000.WAV,Telephone Field,recover-20220922,001,1795
321.4035,321.411,28046,38256,Eptesicus serotinus,0.008,0.023,-1,Echolocation,/mnt/ubna_data_02_mir/recover-20220922/UBNA_001/20220921_090000.WAV,Telephone Field,recover-20220922,001,1795
321.4475,321.4553,28906,40550,Eptesicus serotinus,0.009,0.026,-1,Echolocation,/mnt/ubna_data_02_mir/recover-20220922/UBNA_001/20220921_090000.WAV,Telephone Field,recover-20220922,001,1795
321.4485,321.4578,45234,48209,Pipistrellus pipistrellus,0.021,0.023,-1,Echolocation,/mnt/ubna_data_02_mir/recover-20220922/UBNA_001/20220921_090000.WAV,Telephone Field,recover-20220922,001,1795
321.4755,321.5133,68437,81775,Rhinolophus ferrumequinum,0.023,0.023,-1,Echolocation,/mnt/ubna_data_02_mir/recover-20220922/UBNA_001/20220921_090000.WAV,Telephone Field,recover-20220922,001,1795
321.4935,321.5037,28046,35533,Eptesicus serotinus,0.009,0.021,-1,Echolocation,/mnt/ubna_data_02_mir/recover-20220922/UBNA_001/20220921_090000.WAV,Telephone Field,recover-20220922,001,1795
321.5135,321.5241,22031,26472,Nyctalus leisleri,0.011,0.021,-1,Echolocation,/mnt/ubna_data_02_mir/recover-20220922/UBNA_001/20220921_090000.WAV,Telephone Field,recover-20220922,001,1795
321.5215,321.5554,68437,81051,Rhinolophus ferrumequinum,0.021,0.021,-1,Echolocation,/mnt/ubna_data_02_mir/recover-20220922/UBNA_001/20220921_090000.WAV,Telephone Field,recover-20220922,001,1795
321.5315,321.5442,23750,29750,Nyctalus leisleri,0.014,0.03,-1,Echolocation,/mnt/ubna_data_02_mir/recover-20220922/UBNA_001/20220921_090000.WAV,Telephone Field,recover-20220922,001,1795
321.5325,321.5693,68437,80532,Rhinolophus ferrumequinum,0.023,0.024,-1,Echolocation,/mnt/ubna_data_02_mir/recover-20220922/UBNA_001/20220921_090000.WAV,Telephone Field,recover-20220922,001,1795
321.5435,321.5785,68437,81598,Rhinolophus ferrumequinum,0.023,0.023,-1,Echolocation,/mnt/ubna_data_02_mir/recover-20220922/UBNA_001/20220921_090000.WAV,Telephone Field,recover-20220922,001,1795
321.58050000000003,321.6227,68437,83021,Rhinolophus ferrumequinum,0.029,0.029,-1,Echolocation,/mnt/ubna_data_02_mir/recover-20220922/UBNA_001/20220921_090000.WAV,Telephone Field,recover-20220922,001,1795
321.5905,321.59929999999997,28046,38986,Eptesicus serotinus,0.008,0.022,-1,Echolocation,/mnt/ubna_data_02_mir/recover-20220922/UBNA_001/20220921_090000.WAV,Telephone Field,recover-20220922,001,1795
321.6085,321.6443,68437,81298,Rhinolophus ferrumequinum,0.021,0.021,-1,Echolocation,/mnt/ubna_data_02_mir/recover-20220922/UBNA_001/20220921_090000.WAV,Telephone Field,recover-20220922,001,1795
321.6145,321.6237,28046,38149,Eptesicus serotinus,0.008,0.021,-1,Echolocation,/mnt/ubna_data_02_mir/recover-20220922/UBNA_001/20220921_090000.WAV,Telephone Field,recover-20220922,001,1795
321.6565,321.6939,68437,81854,Rhinolophus ferrumequinum,0.022,0.022,-1,Echolocation,/mnt/ubna_data_02_mir/recover-20220922/UBNA_001/20220921_090000.WAV,Telephone Field,recover-20220922,001,1795
321.6945,321.7369,68437,81854,Rhinolophus ferrumequinum,0.028,0.028,-1,Echolocation,/mnt/ubna_data_02_mir/recover-20220922/UBNA_001/20220921_090000.WAV,Telephone Field,recover-20220922,001,1795
321.7585,321.7984,68437,82416,Rhinolophus ferrumequinum,0.029,0.029,-1,Echolocation,/mnt/ubna_data_02_mir/recover-20220922/UBNA_001/20220921_090000.WAV,Telephone Field,recover-20220922,001,1795
321.7925,321.8285,68437,81113,Rhinolophus ferrumequinum,0.022,0.022,-1,Echolocation,/mnt/ubna_data_02_mir/recover-20220922/UBNA_001/20220921_090000.WAV,Telephone Field,recover-20220922,001,1795
321.8025,321.8155,29765,34867,Eptesicus serotinus,0.016,0.032,-1,Echolocation,/mnt/ubna_data_02_mir/recover-20220922/UBNA_001/20220921_090000.WAV,Telephone Field,recover-20220922,001,1795
321.8255,321.8367,22890,27475,Nyctalus leisleri,0.013,0.023,-1,Echolocation,/mnt/ubna_data_02_mir/recover-20220922/UBNA_001/20220921_090000.WAV,Telephone Field,recover-20220922,001,1795
321.8265,321.86220000000003,68437,81020,Rhinolophus ferrumequinum,0.022,0.023,-1,Echolocation,/mnt/ubna_data_02_mir/recover-20220922/UBNA_001/20220921_090000.WAV,Telephone Field,recover-20220922,001,1795
321.8595,321.8977,68437,82403,Rhinolophus ferrumequinum,0.022,0.022,-1,Echolocation,/mnt/ubna_data_02_mir/recover-20220922/UBNA_001/20220921_090000.WAV,Telephone Field,recover-20220922,001,1795
321.8725,321.9089,68437,81528,Rhinolophus ferrumequinum,0.021,0.021,-1,Echolocation,/mnt/ubna_data_02_mir/recover-20220922/UBNA_001/20220921_090000.WAV,Telephone Field,recover-20220922,001,1795
321.8945,321.9329,68437,81996,Rhinolophus ferrumequinum,0.021,0.021,-1,Echolocation,/mnt/ubna_data_02_mir/recover-20220922/UBNA_001/20220921_090000.WAV,Telephone Field,recover-20220922,001,1795
321.9185,321.9275,28046,37451,Eptesicus serotinus,0.008,0.021,-1,Echolocation,/mnt/ubna_data_02_mir/recover-20220922/UBNA_001/20220921_090000.WAV,Telephone Field,recover-20220922,001,1795
321.9275,321.9641,68437,81876,Rhinolophus ferrumequinum,0.028,0.028,-1,Echolocation,/mnt/ubna_data_02_mir/recover-20220922/UBNA_001/20220921_090000.WAV,Telephone Field,recover-20220922,001,1795
321.9545,321.9933,68437,82576,Rhinolophus ferrumequinum,0.021,0.022,-1,Echolocation,/mnt/ubna_data_02_mir/recover-20220922/UBNA_001/20220921_090000.WAV,Telephone Field,recover-20220922,001,1795
322.0015,322.0326,68437,80849,Rhinolophus ferrumequinum,0.052,0.052,-1,Echolocation,/mnt/ubna_data_02_mir/recover-20220922/UBNA_001/20220921_090000.WAV,Telephone Field,recover-20220922,001,1795
322.0015,322.0091,48671,54961,Pipistrellus pipistrellus,0.017,0.023,-1,Echolocation,/mnt/ubna_data_02_mir/recover-20220922/UBNA_001/20220921_090000.WAV,Telephone Field,recover-20220922,001,1795
322.0015,322.0109,29765,37656,Eptesicus serotinus,0.007,0.023,-1,Echolocation,/mnt/ubna_data_02_mir/recover-20220922/UBNA_001/20220921_090000.WAV,Telephone Field,recover-20220922,001,1795
322.0015,322.0116,22890,28770,Nyctalus leisleri,0.009,0.022,-1,Echolocation,/mnt/ubna_data_02_mir/recover-20220922/UBNA_001/20220921_090000.WAV,Telephone Field,recover-20220922,001,1795
322.0435,322.0542,28046,36144,Eptesicus serotinus,0.01,0.023,-1,Echolocation,/mnt/ubna_data_02_mir/recover-20220922/UBNA_001/20220921_090000.WAV,Telephone Field,recover-20220922,001,1795
322.0525,322.0911,68437,82041,Rhinolophus ferrumequinum,0.022,0.022,-1,Echolocation,/mnt/ubna_data_02_mir/recover-20220922/UBNA_001/20220921_090000.WAV,Telephone Field,recover-20220922,001,1795
322.0735,322.1118,68437,82320,Rhinolophus ferrumequinum,0.023,0.023,-1,Echolocation,/mnt/ubna_data_02_mir/recover-20220922/UBNA_001/20220921_090000.WAV,Telephone Field,recover-20220922,001,1795
322.0965,322.1334,68437,81179,Rhinolophus ferrumequinum,0.021,0.022,-1,Echolocation,/mnt/ubna_data_02_mir/recover-20220922/UBNA_001/20220921_090000.WAV,Telephone Field,recover-20220922,001,1795
322.1245,322.1646,68437,82909,Rhinolophus ferrumequinum,0.024,0.024,-1,Echolocation,/mnt/ubna_data_02_mir/recover-20220922/UBNA_001/20220921_090000.WAV,Telephone Field,recover-20220922,001,1795
322.1465,322.1539,28046,38919,Eptesicus serotinus,0.007,0.022,-1,Echolocation,/mnt/ubna_data_02_mir/recover-20220922/UBNA_001/20220921_090000.WAV,Telephone Field,recover-20220922,001,1795
322.1525,322.192,68437,82020,Rhinolophus ferrumequinum,0.036,0.036,-1,Echolocation,/mnt/ubna_data_02_mir/recover-20220922/UBNA_001/20220921_090000.WAV,Telephone Field,recover-20220922,001,1795
322.1655,322.18,22890,27660,Nyctalus leisleri,0.023,0.042,-1,Echolocation,/mnt/ubna_data_02_mir/recover-20220922/UBNA_001/20220921_090000.WAV,Telephone Field,recover-20220922,001,1795
322.1735,322.2109,68437,81817,Rhinolophus ferrumequinum,0.05,0.05,-1,Echolocation,/mnt/ubna_data_02_mir/recover-20220922/UBNA_001/20220921_090000.WAV,Telephone Field,recover-20220922,001,1795
322.1865,322.1946,28046,37356,Eptesicus serotinus,0.006,0.022,-1,Echolocation,/mnt/ubna_data_02_mir/recover-20220922/UBNA_001/20220921_090000.WAV,Telephone Field,recover-20220922,001,1795
322.1895,322.22429999999997,68437,81542,Rhinolophus ferrumequinum,0.021,0.021,-1,Echolocation,/mnt/ubna_data_02_mir/recover-20220922/UBNA_001/20220921_090000.WAV,Telephone Field,recover-20220922,001,1795
322.2135,322.2215,27187,39828,Eptesicus serotinus,0.009,0.027,-1,Echolocation,/mnt/ubna_data_02_mir/recover-20220922/UBNA_001/20220921_090000.WAV,Telephone Field,recover-20220922,001,1795
322.2235,322.2323,28046,36999,Eptesicus serotinus,0.009,0.023,-1,Echolocation,/mnt/ubna_data_02_mir/recover-20220922/UBNA_001/20220921_090000.WAV,Telephone Field,recover-20220922,001,1795
322.2515,322.2913,68437,82638,Rhinolophus ferrumequinum,0.031,0.031,-1,Echolocation,/mnt/ubna_data_02_mir/recover-20220922/UBNA_001/20220921_090000.WAV,Telephone Field,recover-20220922,001,1795
322.2655,322.2759,23750,30175,Nyctalus leisleri,0.008,0.022,-1,Echolocation,/mnt/ubna_data_02_mir/recover-20220922/UBNA_001/20220921_090000.WAV,Telephone Field,recover-20220922,001,1795
322.2825,322.3221,68437,82454,Rhinolophus ferrumequinum,0.026,0.026,-1,Echolocation,/mnt/ubna_data_02_mir/recover-20220922/UBNA_001/20220921_090000.WAV,Telephone Field,recover-20220922,001,1795
322.2965,322.305,25468,35438,Eptesicus serotinus,0.01,0.026,-1,Echolocation,/mnt/ubna_data_02_mir/recover-20220922/UBNA_001/20220921_090000.WAV,Telephone Field,recover-20220922,001,1795
322.3035,322.3129,22890,29880,Nyctalus leisleri,0.008,0.026,-1,Echolocation,/mnt/ubna_data_02_mir/recover-20220922/UBNA_001/20220921_090000.WAV,Telephone Field,recover-20220922,001,1795
322.3245,322.3665,68437,82903,Rhinolophus ferrumequinum,0.032,0.032,-1,Echolocation,/mnt/ubna_data_02_mir/recover-20220922/UBNA_001/20220921_090000.WAV,Telephone Field,recover-20220922,001,1795
322.3525,322.3925,68437,82347,Rhinolophus ferrumequinum,0.032,0.032,-1,Echolocation,/mnt/ubna_data_02_mir/recover-20220922/UBNA_001/20220921_090000.WAV,Telephone Field,recover-20220922,001,1795
322.3875,322.3954,28906,39295,Eptesicus serotinus,0.007,0.021,-1,Echolocation,/mnt/ubna_data_02_mir/recover-20220922/UBNA_001/20220921_090000.WAV,Telephone Field,recover-20220922,001,1795
322.3885,322.4244,68437,81605,Rhinolophus ferrumequinum,0.026,0.026,-1,Echolocation,/mnt/ubna_data_02_mir/recover-20220922/UBNA_001/20220921_090000.WAV,Telephone Field,recover-20220922,001,1795
322.3995,322.4091,28046,36528,Eptesicus serotinus,0.009,0.023,-1,Echolocation,/mnt/ubna_data_02_mir/recover-20220922/UBNA_001/20220921_090000.WAV,Telephone Field,recover-20220922,001,1795
322.4095,322.4523,68437,82550,Rhinolophus ferrumequinum,0.027,0.027,-1,Echolocation,/mnt/ubna_data_02_mir/recover-20220922/UBNA_001/20220921_090000.WAV,Telephone Field,recover-20220922,001,1795
322.4495,322.4913,68437,82298,Rhinolophus ferrumequinum,0.028,0.028,-1,Echolocation,/mnt/ubna_data_02_mir/recover-20220922/UBNA_001/20220921_090000.WAV,Telephone Field,recover-20220922,001,1795
322.4565,322.4772,19453,22227,Nyctalus noctula,0.023,0.049,-1,Echolocation,/mnt/ubna_data_02_mir/recover-20220922/UBNA_001/20220921_090000.WAV,Telephone Field,recover-20220922,001,1795
322.4725,322.4791,27187,39385,Eptesicus serotinus,0.006,0.023,-1,Echolocation,/mnt/ubna_data_02_mir/recover-20220922/UBNA_001/20220921_090000.WAV,Telephone Field,recover-20220922,001,1795
322.4755,322.5129,68437,82266,Rhinolophus ferrumequinum,0.024,0.024,-1,Echolocation,/mnt/ubna_data_02_mir/recover-20220922/UBNA_001/20220921_090000.WAV,Telephone Field,recover-20220922,001,1795
322.4825,322.521,68437,81605,Rhinolophus ferrumequinum,0.024,0.024,-1,Echolocation,/mnt/ubna_data_02_mir/recover-20220922/UBNA_001/20220921_090000.WAV,Telephone Field,recover-20220922,001,1795
322.4985,322.5383,68437,82157,Rhinolophus ferrumequinum,0.023,0.023,-1,Echolocation,/mnt/ubna_data_02_mir/recover-20220922/UBNA_001/20220921_090000.WAV,Telephone Field,recover-20220922,001,1795
322.5235,322.5654,68437,82525,Rhinolophus ferrumequinum,0.025,0.025,-1,Echolocation,/mnt/ubna_data_02_mir/recover-20220922/UBNA_001/20220921_090000.WAV,Telephone Field,recover-20220922,001,1795
322.5335,322.5718,68437,82464,Rhinolophus ferrumequinum,0.021,0.021,-1,Echolocation,/mnt/ubna_data_02_mir/recover-20220922/UBNA_001/20220921_090000.WAV,Telephone Field,recover-20220922,001,1795
322.5755,322.5856,44375,48663,Pipistrellus pipistrellus,0.025,0.027,-1,Echolocation,/mnt/ubna_data_02_mir/recover-20220922/UBNA_001/20220921_090000.WAV,Telephone Field,recover-20220922,001,1795
322.5885,322.5965,27187,37631,Eptesicus serotinus,0.009,0.024,-1,Echolocation,/mnt/ubna_data_02_mir/recover-20220922/UBNA_001/20220921_090000.WAV,Telephone Field,recover-20220922,001,1795
322.6015,322.6144,28906,34883,Eptesicus serotinus,0.012,0.027,-1,Echolocation,/mnt/ubna_data_02_mir/recover-20220922/UBNA_001/20220921_090000.WAV,Telephone Field,recover-20220922,001,1795
322.6095,322.6469,68437,81385,Rhinolophus ferrumequinum,0.022,0.022,-1,Echolocation,/mnt/ubna_data_02_mir/recover-20220922/UBNA_001/20220921_090000.WAV,Telephone Field,recover-20220922,001,1795
322.6185,322.6585,68437,82594,Rhinolophus ferrumequinum,0.022,0.022,-1,Echolocation,/mnt/ubna_data_02_mir/recover-20220922/UBNA_001/20220921_090000.WAV,Telephone Field,recover-20220922,001,1795
322.6405,322.6751,68437,81591,Rhinolophus ferrumequinum,0.024,0.024,-1,Echolocation,/mnt/ubna_data_02_mir/recover-20220922/UBNA_001/20220921_090000.WAV,Telephone Field,recover-20220922,001,1795
322.6505,322.6841,68437,81485,Rhinolophus ferrumequinum,0.022,0.022,-1,Echolocation,/mnt/ubna_data_02_mir/recover-20220922/UBNA_001/20220921_090000.WAV,Telephone Field,recover-20220922,001,1795
322.6605,322.699,68437,82209,Rhinolophus ferrumequinum,0.022,0.022,-1,Echolocation,/mnt/ubna_data_02_mir/recover-20220922/UBNA_001/20220921_090000.WAV,Telephone Field,recover-20220922,001,1795
322.6655,322.6729,25468,40314,Eptesicus serotinus,0.006,0.023,-1,Echolocation,/mnt/ubna_data_02_mir/recover-20220922/UBNA_001/20220921_090000.WAV,Telephone Field,recover-20220922,001,1795
322.6895,322.7262,68437,81199,Rhinolophus ferrumequinum,0.024,0.024,-1,Echolocation,/mnt/ubna_data_02_mir/recover-20220922/UBNA_001/20220921_090000.WAV,Telephone Field,recover-20220922,001,1795
322.6925,322.7009,46953,54815,Pipistrellus pipistrellus,0.02,0.023,-1,Echolocation,/mnt/ubna_data_02_mir/recover-20220922/UBNA_001/20220921_090000.WAV,Telephone Field,recover-20220922,001,1795
322.7065,322.7165,28906,35856,Eptesicus serotinus,0.009,0.023,-1,Echolocation,/mnt/ubna_data_02_mir/recover-20220922/UBNA_001/20220921_090000.WAV,Telephone Field,recover-20220922,001,1795
322.7215,322.7602,68437,81658,Rhinolophus ferrumequinum,0.031,0.031,-1,Echolocation,/mnt/ubna_data_02_mir/recover-20220922/UBNA_001/20220921_090000.WAV,Telephone Field,recover-20220922,001,1795
322.7245,322.7356,23750,30352,Nyctalus leisleri,0.014,0.03,-1,Echolocation,/mnt/ubna_data_02_mir/recover-20220922/UBNA_001/20220921_090000.WAV,Telephone Field,recover-20220922,001,1795
322.7365,322.7761,68437,82047,Rhinolophus ferrumequinum,0.026,0.026,-1,Echolocation,/mnt/ubna_data_02_mir/recover-20220922/UBNA_001/20220921_090000.WAV,Telephone Field,recover-20220922,001,1795
322.7435,322.785,68437,82503,Rhinolophus ferrumequinum,0.025,0.025,-1,Echolocation,/mnt/ubna_data_02_mir/recover-20220922/UBNA_001/20220921_090000.WAV,Telephone Field,recover-20220922,001,1795
322.7525,322.7613,28046,37524,Eptesicus serotinus,0.007,0.022,-1,Echolocation,/mnt/ubna_data_02_mir/recover-20220922/UBNA_001/20220921_090000.WAV,Telephone Field,recover-20220922,001,1795
322.7775,322.8179,68437,82612,Rhinolophus ferrumequinum,0.026,0.026,-1,Echolocation,/mnt/ubna_data_02_mir/recover-20220922/UBNA_001/20220921_090000.WAV,Telephone Field,recover-20220922,001,1795
322.8215,322.8273,37500,55163,Myotis mystacinus,0.006,0.022,-1,Echolocation,/mnt/ubna_data_02_mir/recover-20220922/UBNA_001/20220921_090000.WAV,Telephone Field,recover-20220922,001,1795
322.8215,322.8292,28046,40155,Eptesicus serotinus,0.007,0.024,-1,Echolocation,/mnt/ubna_data_02_mir/recover-20220922/UBNA_001/20220921_090000.WAV,Telephone Field,recover-20220922,001,1795
322.8225,322.828,47812,54802,Pipistrellus pipistrellus,0.033,0.036,-1,Echolocation,/mnt/ubna_data_02_mir/recover-20220922/UBNA_001/20220921_090000.WAV,Telephone Field,recover-20220922,001,1795
322.8315,322.8697,68437,82025,Rhinolophus ferrumequinum,0.021,0.021,-1,Echolocation,/mnt/ubna_data_02_mir/recover-20220922/UBNA_001/20220921_090000.WAV,Telephone Field,recover-20220922,001,1795
322.8435,322.8843,68437,82751,Rhinolophus ferrumequinum,0.026,0.026,-1,Echolocation,/mnt/ubna_data_02_mir/recover-20220922/UBNA_001/20220921_090000.WAV,Telephone Field,recover-20220922,001,1795
322.8815,322.9211,68437,82093,Rhinolophus ferrumequinum,0.027,0.027,-1,Echolocation,/mnt/ubna_data_02_mir/recover-20220922/UBNA_001/20220921_090000.WAV,Telephone Field,recover-20220922,001,1795
322.8855,322.8965,23750,29673,Nyctalus leisleri,0.019,0.041,-1,Echolocation,/mnt/ubna_data_02_mir/recover-20220922/UBNA_001/20220921_090000.WAV,Telephone Field,recover-20220922,001,1795
322.8865,322.9279,68437,82317,Rhinolophus ferrumequinum,0.028,0.028,-1,Echolocation,/mnt/ubna_data_02_mir/recover-20220922/UBNA_001/20220921_090000.WAV,Telephone Field,recover-20220922,001,1795
322.9175,322.9373,18593,22286,Nyctalus noctula,0.023,0.04,-1,Echolocation,/mnt/ubna_data_02_mir/recover-20220922/UBNA_001/20220921_090000.WAV,Telephone Field,recover-20220922,001,1795
322.9235,322.9621,68437,82456,Rhinolophus ferrumequinum,0.024,0.024,-1,Echolocation,/mnt/ubna_data_02_mir/recover-20220922/UBNA_001/20220921_090000.WAV,Telephone Field,recover-20220922,001,1795
322.9545,322.9927,68437,81964,Rhinolophus ferrumequinum,0.024,0.024,-1,Echolocation,/mnt/ubna_data_02_mir/recover-20220922/UBNA_001/20220921_090000.WAV,Telephone Field,recover-20220922,001,1795
322.9785,323.0168,68437,82575,Rhinolophus ferrumequinum,0.03,0.03,-1,Echolocation,/mnt/ubna_data_02_mir/recover-20220922/UBNA_001/20220921_090000.WAV,Telephone Field,recover-20220922,001,1795
322.9825,322.9902,28046,40179,Eptesicus serotinus,0.008,0.026,-1,Echolocation,/mnt/ubna_data_02_mir/recover-20220922/UBNA_001/20220921_090000.WAV,Telephone Field,recover-20220922,001,1795
323.0005,323.0402,68437,82597,Rhinolophus ferrumequinum,0.027,0.027,-1,Echolocation,/mnt/ubna_data_02_mir/recover-20220922/UBNA_001/20220921_090000.WAV,Telephone Field,recover-20220922,001,1795
323.0215,323.0588,68437,81692,Rhinolophus ferrumequinum,0.023,0.023,-1,Echolocation,/mnt/ubna_data_02_mir/recover-20220922/UBNA_001/20220921_090000.WAV,Telephone Field,recover-20220922,001,1795
323.0365,323.0502,22890,27300,Nyctalus leisleri,0.012,0.022,-1,Echolocation,/mnt/ubna_data_02_mir/recover-20220922/UBNA_001/20220921_090000.WAV,Telephone Field,recover-20220922,001,1795
323.0695,323.1017,68437,80303,Rhinolophus ferrumequinum,0.021,0.022,-1,Echolocation,/mnt/ubna_data_02_mir/recover-20220922/UBNA_001/20220921_090000.WAV,Telephone Field,recover-20220922,001,1795
323.0695,323.0787,28906,41304,Eptesicus serotinus,0.01,0.027,-1,Echolocation,/mnt/ubna_data_02_mir/recover-20220922/UBNA_001/20220921_090000.WAV,Telephone Field,recover-20220922,001,1795
323.1085,323.1179,24609,31842,Nyctalus leisleri,0.007,0.022,-1,Echolocation,/mnt/ubna_data_02_mir/recover-20220922/UBNA_001/20220921_090000.WAV,Telephone Field,recover-20220922,001,1795
323.1165,323.1535,68437,82002,Rhinolophus ferrumequinum,0.022,0.022,-1,Echolocation,/mnt/ubna_data_02_mir/recover-20220922/UBNA_001/20220921_090000.WAV,Telephone Field,recover-20220922,001,1795
323.1285,323.135,27187,41780,Eptesicus serotinus,0.008,0.032,-1,Echolocation,/mnt/ubna_data_02_mir/recover-20220922/UBNA_001/20220921_090000.WAV,Telephone Field,recover-20220922,001,1795
323.1285,323.1348,32343,43058,Myotis daubentonii,0.015,0.034,-1,Echolocation,/mnt/ubna_data_02_mir/recover-20220922/UBNA_001/20220921_090000.WAV,Telephone Field,recover-20220922,001,1795
323.1345,323.1429,42656,47637,Pipistrellus pipistrellus,0.042,0.049,-1,Echolocation,/mnt/ubna_data_02_mir/recover-20220922/UBNA_001/20220921_090000.WAV,Telephone Field,recover-20220922,001,1795
323.1365,323.1734,68437,81838,Rhinolophus ferrumequinum,0.022,0.022,-1,Echolocation,/mnt/ubna_data_02_mir/recover-20220922/UBNA_001/20220921_090000.WAV,Telephone Field,recover-20220922,001,1795
323.1495,323.1853,68437,81582,Rhinolophus ferrumequinum,0.022,0.022,-1,Echolocation,/mnt/ubna_data_02_mir/recover-20220922/UBNA_001/20220921_090000.WAV,Telephone Field,recover-20220922,001,1795
323.1915,323.2349,68437,82853,Rhinolophus ferrumequinum,0.034,0.034,-1,Echolocation,/mnt/ubna_data_02_mir/recover-20220922/UBNA_001/20220921_090000.WAV,Telephone Field,recover-20220922,001,1795
323.1925,323.2006,26328,34749,Eptesicus serotinus,0.011,0.028,-1,Echolocation,/mnt/ubna_data_02_mir/recover-20220922/UBNA_001/20220921_090000.WAV,Telephone Field,recover-20220922,001,1795
323.2205,323.2557,68437,81379,Rhinolophus ferrumequinum,0.022,0.022,-1,Echolocation,/mnt/ubna_data_02_mir/recover-20220922/UBNA_001/20220921_090000.WAV,Telephone Field,recover-20220922,001,1795
323.2455,323.2836,68437,81537,Rhinolophus ferrumequinum,0.023,0.023,-1,Echolocation,/mnt/ubna_data_02_mir/recover-20220922/UBNA_001/20220921_090000.WAV,Telephone Field,recover-20220922,001,1795
323.2695,323.307,68437,81777,Rhinolophus ferrumequinum,0.033,0.033,-1,Echolocation,/mnt/ubna_data_02_mir/recover-20220922/UBNA_001/20220921_090000.WAV,Telephone Field,recover-20220922,001,1795
323.3025,323.3123,24609,32123,Nyctalus leisleri,0.018,0.051,-1,Echolocation,/mnt/ubna_data_02_mir/recover-20220922/UBNA_001/20220921_090000.WAV,Telephone Field,recover-20220922,001,1795
323.3285,323.3684,68437,82224,Rhinolophus ferrumequinum,0.021,0.021,-1,Echolocation,/mnt/ubna_data_02_mir/recover-20220922/UBNA_001/20220921_090000.WAV,Telephone Field,recover-20220922,001,1795
323.33050000000003,323.3429,24609,29887,Nyctalus leisleri,0.018,0.04,-1,Echolocation,/mnt/ubna_data_02_mir/recover-20220922/UBNA_001/20220921_090000.WAV,Telephone Field,recover-20220922,001,1795
323.3525,323.3593,49531,53331,Pipistrellus pipistrellus,0.025,0.026,-1,Echolocation,/mnt/ubna_data_02_mir/recover-20220922/UBNA_001/20220921_090000.WAV,Telephone Field,recover-20220922,001,1795
323.3785,323.3873,27187,38376,Eptesicus serotinus,0.008,0.022,-1,Echolocation,/mnt/ubna_data_02_mir/recover-20220922/UBNA_001/20220921_090000.WAV,Telephone Field,recover-20220922,001,1795
323.3825,323.4221,68437,82216,Rhinolophus ferrumequinum,0.022,0.022,-1,Echolocation,/mnt/ubna_data_02_mir/recover-20220922/UBNA_001/20220921_090000.WAV,Telephone Field,recover-20220922,001,1795
323.4115,323.4186,28046,37170,Eptesicus serotinus,0.008,0.024,-1,Echolocation,/mnt/ubna_data_02_mir/recover-20220922/UBNA_001/20220921_090000.WAV,Telephone Field,recover-20220922,001,1795
323.4595,323.4953,68437,80219,Rhinolophus ferrumequinum,0.025,0.026,-1,Echolocation,/mnt/ubna_data_02_mir/recover-20220922/UBNA_001/20220921_090000.WAV,Telephone Field,recover-20220922,001,1795
323.4785,323.487,27187,38280,Eptesicus serotinus,0.008,0.022,-1,Echolocation,/mnt/ubna_data_02_mir/recover-20220922/UBNA_001/20220921_090000.WAV,Telephone Field,recover-20220922,001,1795
323.4825,323.5209,68437,82305,Rhinolophus ferrumequinum,0.021,0.021,-1,Echolocation,/mnt/ubna_data_02_mir/recover-20220922/UBNA_001/20220921_090000.WAV,Telephone Field,recover-20220922,001,1795
323.4915,323.5314,68437,82469,Rhinolophus ferrumequinum,0.025,0.025,-1,Echolocation,/mnt/ubna_data_02_mir/recover-20220922/UBNA_001/20220921_090000.WAV,Telephone Field,recover-20220922,001,1795
323.4955,323.505,25468,32841,Eptesicus serotinus,0.008,0.022,-1,Echolocation,/mnt/ubna_data_02_mir/recover-20220922/UBNA_001/20220921_090000.WAV,Telephone Field,recover-20220922,001,1795
323.5405,323.5754,68437,80608,Rhinolophus ferrumequinum,0.021,0.021,-1,Echolocation,/mnt/ubna_data_02_mir/recover-20220922/UBNA_001/20220921_090000.WAV,Telephone Field,recover-20220922,001,1795
323.5565,323.5945,68437,81776,Rhinolophus ferrumequinum,0.023,0.023,-1,Echolocation,/mnt/ubna_data_02_mir/recover-20220922/UBNA_001/20220921_090000.WAV,Telephone Field,recover-20220922,001,1795
323.5565,323.5652,28046,38236,Eptesicus serotinus,0.008,0.025,-1,Echolocation,/mnt/ubna_data_02_mir/recover-20220922/UBNA_001/20220921_090000.WAV,Telephone Field,recover-20220922,001,1795
323.5635,323.5719,28046,39374,Eptesicus serotinus,0.008,0.024,-1,Echolocation,/mnt/ubna_data_02_mir/recover-20220922/UBNA_001/20220921_090000.WAV,Telephone Field,recover-20220922,001,1795
323.5895,323.6226,68437,80894,Rhinolophus ferrumequinum,0.037,0.037,-1,Echolocation,/mnt/ubna_data_02_mir/recover-20220922/UBNA_001/20220921_090000.WAV,Telephone Field,recover-20220922,001,1795
323.6005,323.6135,51250,55142,Pipistrellus pygmaeus,0.028,0.052,-1,Echolocation,/mnt/ubna_data_02_mir/recover-20220922/UBNA_001/20220921_090000.WAV,Telephone Field,recover-20220922,001,1795
323.6115,323.6198,28906,38461,Eptesicus serotinus,0.009,0.026,-1,Echolocation,/mnt/ubna_data_02_mir/recover-20220922/UBNA_001/20220921_090000.WAV,Telephone Field,recover-20220922,001,1795
323.6275,323.6674,68437,81874,Rhinolophus ferrumequinum,0.022,0.022,-1,Echolocation,/mnt/ubna_data_02_mir/recover-20220922/UBNA_001/20220921_090000.WAV,Telephone Field,recover-20220922,001,1795
323.6305,323.6421,22031,26159,Nyctalus leisleri,0.012,0.021,-1,Echolocation,/mnt/ubna_data_02_mir/recover-20220922/UBNA_001/20220921_090000.WAV,Telephone Field,recover-20220922,001,1795
323.6405,323.6775,68437,82007,Rhinolophus ferrumequinum,0.024,0.024,-1,Echolocation,/mnt/ubna_data_02_mir/recover-20220922/UBNA_001/20220921_090000.WAV,Telephone Field,recover-20220922,001,1795
323.6795,323.7187,68437,82305,Rhinolophus ferrumequinum,0.022,0.022,-1,Echolocation,/mnt/ubna_data_02_mir/recover-20220922/UBNA_001/20220921_090000.WAV,Telephone Field,recover-20220922,001,1795
323.6895,323.7274,68437,81626,Rhinolophus ferrumequinum,0.021,0.021,-1,Echolocation,/mnt/ubna_data_02_mir/recover-20220922/UBNA_001/20220921_090000.WAV,Telephone Field,recover-20220922,001,1795
323.6985,323.7066,26328,37962,Eptesicus serotinus,0.008,0.021,-1,Echolocation,/mnt/ubna_data_02_mir/recover-20220922/UBNA_001/20220921_090000.WAV,Telephone Field,recover-20220922,001,1795
323.7115,323.7506,68437,82280,Rhinolophus ferrumequinum,0.023,0.023,-1,Echolocation,/mnt/ubna_data_02_mir/recover-20220922/UBNA_001/20220921_090000.WAV,Telephone Field,recover-20220922,001,1795
323.7435,323.7512,28046,36895,Eptesicus serotinus,0.007,0.022,-1,Echolocation,/mnt/ubna_data_02_mir/recover-20220922/UBNA_001/20220921_090000.WAV,Telephone Field,recover-20220922,001,1795
323.7445,323.75509999999997,22031,27715,Nyctalus leisleri,0.01,0.025,-1,Echolocation,/mnt/ubna_data_02_mir/recover-20220922/UBNA_001/20220921_090000.WAV,Telephone Field,recover-20220922,001,1795
323.7505,323.7864,68437,81363,Rhinolophus ferrumequinum,0.022,0.022,-1,Echolocation,/mnt/ubna_data_02_mir/recover-20220922/UBNA_001/20220921_090000.WAV,Telephone Field,recover-20220922,001,1795
323.7665,323.8054,68437,82127,Rhinolophus ferrumequinum,0.024,0.024,-1,Echolocation,/mnt/ubna_data_02_mir/recover-20220922/UBNA_001/20220921_090000.WAV,Telephone Field,recover-20220922,001,1795
323.7965,323.831,68437,81095,Rhinolophus ferrumequinum,0.023,0.023,-1,Echolocation,/mnt/ubna_data_02_mir/recover-20220922/UBNA_001/20220921_090000.WAV,Telephone Field,recover-20220922,001,1795
323.8085,323.8443,68437,80690,Rhinolophus ferrumequinum,0.025,0.025,-1,Echolocation,/mnt/ubna_data_02_mir/recover-20220922/UBNA_001/20220921_090000.WAV,Telephone Field,recover-20220922,001,1795
323.8265,323.8675,68437,82297,Rhinolophus ferrumequinum,0.022,0.022,-1,Echolocation,/mnt/ubna_data_02_mir/recover-20220922/UBNA_001/20220921_090000.WAV,Telephone Field,recover-20220922,001,1795
323.8325,323.8401,28046,39113,Eptesicus serotinus,0.007,0.022,-1,Echolocation,/mnt/ubna_data_02_mir/recover-20220922/UBNA_001/20220921_090000.WAV,Telephone Field,recover-20220922,001,1795
323.8435,323.8814,68437,81631,Rhinolophus ferrumequinum,0.024,0.024,-1,Echolocation,/mnt/ubna_data_02_mir/recover-20220922/UBNA_001/20220921_090000.WAV,Telephone Field,recover-20220922,001,1795
323.8605,323.8691,27187,39295,Eptesicus serotinus,0.008,0.023,-1,Echolocation,/mnt/ubna_data_02_mir/recover-20220922/UBNA_001/20220921_090000.WAV,Telephone Field,recover-20220922,001,1795
323.8865,323.9241,68437,82200,Rhinolophus ferrumequinum,0.022,0.022,-1,Echolocation,/mnt/ubna_data_02_mir/recover-20220922/UBNA_001/20220921_090000.WAV,Telephone Field,recover-20220922,001,1795
323.9125,323.9509,68437,82305,Rhinolophus ferrumequinum,0.028,0.028,-1,Echolocation,/mnt/ubna_data_02_mir/recover-20220922/UBNA_001/20220921_090000.WAV,Telephone Field,recover-20220922,001,1795
323.9225,323.9308,28046,35715,Eptesicus serotinus,0.019,0.04,-1,Echolocation,/mnt/ubna_data_02_mir/recover-20220922/UBNA_001/20220921_090000.WAV,Telephone Field,recover-20220922,001,1795
323.9825,323.9888,31484,45150,Myotis daubentonii,0.012,0.025,-1,Echolocation,/mnt/ubna_data_02_mir/recover-20220922/UBNA_001/20220921_090000.WAV,Telephone Field,recover-20220922,001,1795
323.9855,323.9964,23750,31230,Nyctalus leisleri,0.009,0.024,-1,Echolocation,/mnt/ubna_data_02_mir/recover-20220922/UBNA_001/20220921_090000.WAV,Telephone Field,recover-20220922,001,1795
324.0015,324.0382,68437,79593,Rhinolophus ferrumequinum,0.047,0.047,-1,Echolocation,/mnt/ubna_data_02_mir/recover-20220922/UBNA_001/20220921_090000.WAV,Telephone Field,recover-20220922,001,1795
324.0015,324.0106,24609,33633,Nyctalus leisleri,0.008,0.027,-1,Echolocation,/mnt/ubna_data_02_mir/recover-20220922/UBNA_001/20220921_090000.WAV,Telephone Field,recover-20220922,001,1795
324.0015,324.0133,48671,55278,Pipistrellus pipistrellus,0.017,0.024,-1,Echolocation,/mnt/ubna_data_02_mir/recover-20220922/UBNA_001/20220921_090000.WAV,Telephone Field,recover-20220922,001,1795
324.0015,324.0107,35781,42570,Myotis daubentonii,0.007,0.025,-1,Echolocation,/mnt/ubna_data_02_mir/recover-20220922/UBNA_001/20220921_090000.WAV,Telephone Field,recover-20220922,001,1795
324.0015,324.0156,52968,58139,Pipistrellus pygmaeus,0.019,0.024,-1,Echolocation,/mnt/ubna_data_02_mir/recover-20220922/UBNA_001/20220921_090000.WAV,Telephone Field,recover-20220922,001,1795
324.0115,324.0576,68437,83260,Rhinolophus ferrumequinum,0.039,0.039,-1,Echolocation,/mnt/ubna_data_02_mir/recover-20220922/UBNA_001/20220921_090000.WAV,Telephone Field,recover-20220922,001,1795
324.0525,324.0905,68437,81473,Rhinolophus ferrumequinum,0.022,0.022,-1,Echolocation,/mnt/ubna_data_02_mir/recover-20220922/UBNA_001/20220921_090000.WAV,Telephone Field,recover-20220922,001,1795
324.0665,324.0747,28046,44602,Eptesicus serotinus,0.008,0.022,-1,Echolocation,/mnt/ubna_data_02_mir/recover-20220922/UBNA_001/20220921_090000.WAV,Telephone Field,recover-20220922,001,1795
324.0845,324.1262,68437,82477,Rhinolophus ferrumequinum,0.024,0.024,-1,Echolocation,/mnt/ubna_data_02_mir/recover-20220922/UBNA_001/20220921_090000.WAV,Telephone Field,recover-20220922,001,1795
324.1035,324.1415,68437,81990,Rhinolophus ferrumequinum,0.023,0.023,-1,Echolocation,/mnt/ubna_data_02_mir/recover-20220922/UBNA_001/20220921_090000.WAV,Telephone Field,recover-20220922,001,1795
324.1345,324.1558,18593,22216,Nyctalus noctula,0.017,0.03,-1,Echolocation,/mnt/ubna_data_02_mir/recover-20220922/UBNA_001/20220921_090000.WAV,Telephone Field,recover-20220922,001,1795
324.1505,324.1588,22890,30066,Plecotus austriacus,0.01,0.024,-1,Echolocation,/mnt/ubna_data_02_mir/recover-20220922/UBNA_001/20220921_090000.WAV,Telephone Field,recover-20220922,001,1795
324.1975,324.2074,28906,38810,Eptesicus serotinus,0.011,0.026,-1,Echolocation,/mnt/ubna_data_02_mir/recover-20220922/UBNA_001/20220921_090000.WAV,Telephone Field,recover-20220922,001,1795
324.2285,324.2658,68437,81928,Rhinolophus ferrumequinum,0.024,0.024,-1,Echolocation,/mnt/ubna_data_02_mir/recover-20220922/UBNA_001/20220921_090000.WAV,Telephone Field,recover-20220922,001,1795
324.2445,324.2533,27187,36060,Eptesicus serotinus,0.009,0.023,-1,Echolocation,/mnt/ubna_data_02_mir/recover-20220922/UBNA_001/20220921_090000.WAV,Telephone Field,recover-20220922,001,1795
324.2655,324.2735,26328,35894,Eptesicus serotinus,0.008,0.024,-1,Echolocation,/mnt/ubna_data_02_mir/recover-20220922/UBNA_001/20220921_090000.WAV,Telephone Field,recover-20220922,001,1795
324.2785,324.3153,68437,81533,Rhinolophus ferrumequinum,0.022,0.022,-1,Echolocation,/mnt/ubna_data_02_mir/recover-20220922/UBNA_001/20220921_090000.WAV,Telephone Field,recover-20220922,001,1795
324.2855,324.3259,68437,82461,Rhinolophus ferrumequinum,0.022,0.022,-1,Echolocation,/mnt/ubna_data_02_mir/recover-20220922/UBNA_001/20220921_090000.WAV,Telephone Field,recover-20220922,001,1795
324.3225,324.366,68437,83218,Rhinolophus ferrumequinum,0.039,0.039,-1,Echolocation,/mnt/ubna_data_02_mir/recover-20220922/UBNA_001/20220921_090000.WAV,Telephone Field,recover-20220922,001,1795
324.3885,324.4315,68437,83371,Rhinolophus ferrumequinum,0.029,0.029,-1,Echolocation,/mnt/ubna_data_02_mir/recover-20220922/UBNA_001/20220921_090000.WAV,Telephone Field,recover-20220922,001,1795
324.4135,324.4231,26328,34705,Eptesicus serotinus,0.011,0.025,-1,Echolocation,/mnt/ubna_data_02_mir/recover-20220922/UBNA_001/20220921_090000.WAV,Telephone Field,recover-20220922,001,1795
324.4155,324.4558,68437,82257,Rhinolophus ferrumequinum,0.022,0.022,-1,Echolocation,/mnt/ubna_data_02_mir/recover-20220922/UBNA_001/20220921_090000.WAV,Telephone Field,recover-20220922,001,1795
324.4385,324.4803,68437,82577,Rhinolophus ferrumequinum,0.045,0.045,-1,Echolocation,/mnt/ubna_data_02_mir/recover-20220922/UBNA_001/20220921_090000.WAV,Telephone Field,recover-20220922,001,1795
324.4405,324.4494,28046,37879,Eptesicus serotinus,0.008,0.022,-1,Echolocation,/mnt/ubna_data_02_mir/recover-20220922/UBNA_001/20220921_090000.WAV,Telephone Field,recover-20220922,001,1795
324.4515,324.4621,23750,30534,Nyctalus leisleri,0.01,0.027,-1,Echolocation,/mnt/ubna_data_02_mir/recover-20220922/UBNA_001/20220921_090000.WAV,Telephone Field,recover-20220922,001,1795
324.4955,324.537,68437,83104,Rhinolophus ferrumequinum,0.04,0.04,-1,Echolocation,/mnt/ubna_data_02_mir/recover-20220922/UBNA_001/20220921_090000.WAV,Telephone Field,recover-20220922,001,1795
324.5135,324.5596,68437,83805,Rhinolophus ferrumequinum,0.039,0.039,-1,Echolocation,/mnt/ubna_data_02_mir/recover-20220922/UBNA_001/20220921_090000.WAV,Telephone Field,recover-20220922,001,1795
324.5485,324.5577,28906,38051,Eptesicus serotinus,0.012,0.027,-1,Echolocation,/mnt/ubna_data_02_mir/recover-20220922/UBNA_001/20220921_090000.WAV,Telephone Field,recover-20220922,001,1795
324.5505,324.5895,68437,81757,Rhinolophus ferrumequinum,0.022,0.022,-1,Echolocation,/mnt/ubna_data_02_mir/recover-20220922/UBNA_001/20220921_090000.WAV,Telephone Field,recover-20220922,001,1795
324.5615,324.5998,68437,81873,Rhinolophus ferrumequinum,0.022,0.022,-1,Echolocation,/mnt/ubna_data_02_mir/recover-20220922/UBNA_001/20220921_090000.WAV,Telephone Field,recover-20220922,001,1795
324.6135,324.6526,68437,81419,Rhinolophus ferrumequinum,0.03,0.03,-1,Echolocation,/mnt/ubna_data_02_mir/recover-20220922/UBNA_001/20220921_090000.WAV,Telephone Field,recover-20220922,001,1795
324.6515,324.6907,68437,82305,Rhinolophus ferrumequinum,0.023,0.023,-1,Echolocation,/mnt/ubna_data_02_mir/recover-20220922/UBNA_001/20220921_090000.WAV,Telephone Field,recover-20220922,001,1795
324.66949999999997,324.7087,68437,82025,Rhinolophus ferrumequinum,0.023,0.023,-1,Echolocation,/mnt/ubna_data_02_mir/recover-20220922/UBNA_001/20220921_090000.WAV,Telephone Field,recover-20220922,001,1795
324.6905,324.70029999999997,27187,35945,Eptesicus serotinus,0.011,0.023,-1,Echolocation,/mnt/ubna_data_02_mir/recover-20220922/UBNA_001/20220921_090000.WAV,Telephone Field,recover-20220922,001,1795
324.6955,324.7369,68437,82853,Rhinolophus ferrumequinum,0.032,0.032,-1,Echolocation,/mnt/ubna_data_02_mir/recover-20220922/UBNA_001/20220921_090000.WAV,Telephone Field,recover-20220922,001,1795
324.7325,324.773,68437,82102,Rhinolophus ferrumequinum,0.031,0.031,-1,Echolocation,/mnt/ubna_data_02_mir/recover-20220922/UBNA_001/20220921_090000.WAV,Telephone Field,recover-20220922,001,1795
324.7335,324.7426,28046,37005,Eptesicus serotinus,0.015,0.03,-1,Echolocation,/mnt/ubna_data_02_mir/recover-20220922/UBNA_001/20220921_090000.WAV,Telephone Field,recover-20220922,001,1795
324.7535,324.7933,68437,82312,Rhinolophus ferrumequinum,0.024,0.024,-1,Echolocation,/mnt/ubna_data_02_mir/recover-20220922/UBNA_001/20220921_090000.WAV,Telephone Field,recover-20220922,001,1795
324.7595,324.8023,68437,83005,Rhinolophus ferrumequinum,0.025,0.025,-1,Echolocation,/mnt/ubna_data_02_mir/recover-20220922/UBNA_001/20220921_090000.WAV,Telephone Field,recover-20220922,001,1795
324.7845,324.8222,68437,82415,Rhinolophus ferrumequinum,0.024,0.024,-1,Echolocation,/mnt/ubna_data_02_mir/recover-20220922/UBNA_001/20220921_090000.WAV,Telephone Field,recover-20220922,001,1795
324.8025,324.8429,68437,82708,Rhinolophus ferrumequinum,0.023,0.023,-1,Echolocation,/mnt/ubna_data_02_mir/recover-20220922/UBNA_001/20220921_090000.WAV,Telephone Field,recover-20220922,001,1795
324.8605,324.9,68437,82237,Rhinolophus ferrumequinum,0.027,0.027,-1,Echolocation,/mnt/ubna_data_02_mir/recover-20220922/UBNA_001/20220921_090000.WAV,Telephone Field,recover-20220922,001,1795
324.8795,324.9193,68437,82131,Rhinolophus ferrumequinum,0.022,0.022,-1,Echolocation,/mnt/ubna_data_02_mir/recover-20220922/UBNA_001/20220921_090000.WAV,Telephone Field,recover-20220922,001,1795
324.9215,324.96,68437,82282,Rhinolophus ferrumequinum,0.024,0.024,-1,Echolocation,/mnt/ubna_data_02_mir/recover-20220922/UBNA_001/20220921_090000.WAV,Telephone Field,recover-20220922,001,1795
324.9295,324.9692,68437,83075,Rhinolophus ferrumequinum,0.023,0.023,-1,Echolocation,/mnt/ubna_data_02_mir/recover-20220922/UBNA_001/20220921_090000.WAV,Telephone Field,recover-20220922,001,1795
324.9435,324.9539,28046,36359,Eptesicus serotinus,0.012,0.024,-1,Echolocation,/mnt/ubna_data_02_mir/recover-20220922/UBNA_001/20220921_090000.WAV,Telephone Field,recover-20220922,001,1795
324.9435,324.9825,68437,82434,Rhinolophus ferrumequinum,0.024,0.024,-1,Echolocation,/mnt/ubna_data_02_mir/recover-20220922/UBNA_001/20220921_090000.WAV,Telephone Field,recover-20220922,001,1795
324.9705,325.0095,68437,82344,Rhinolophus ferrumequinum,0.024,0.024,-1,Echolocation,/mnt/ubna_data_02_mir/recover-20220922/UBNA_001/20220921_090000.WAV,Telephone Field,recover-20220922,001,1795
325.0025,325.0146,22031,25507,Nyctalus leisleri,0.014,0.022,-1,Echolocation,/mnt/ubna_data_02_mir/recover-20220922/UBNA_001/20220921_090000.WAV,Telephone Field,recover-20220922,001,1795
325.0045,325.0432,68437,81798,Rhinolophus ferrumequinum,0.024,0.024,-1,Echolocation,/mnt/ubna_data_02_mir/recover-20220922/UBNA_001/20220921_090000.WAV,Telephone Field,recover-20220922,001,1795
325.0115,325.0507,68437,82260,Rhinolophus ferrumequinum,0.022,0.022,-1,Echolocation,/mnt/ubna_data_02_mir/recover-20220922/UBNA_001/20220921_090000.WAV,Telephone Field,recover-20220922,001,1795
325.0475,325.0866,68437,81971,Rhinolophus ferrumequinum,0.022,0.022,-1,Echolocation,/mnt/ubna_data_02_mir/recover-20220922/UBNA_001/20220921_090000.WAV,Telephone Field,recover-20220922,001,1795
325.0865,325.1265,68437,81994,Rhinolophus ferrumequinum,0.025,0.025,-1,Echolocation,/mnt/ubna_data_02_mir/recover-20220922/UBNA_001/20220921_090000.WAV,Telephone Field,recover-20220922,001,1795
325.1115,325.1237,23750,28921,Nyctalus leisleri,0.01,0.022,-1,Echolocation,/mnt/ubna_data_02_mir/recover-20220922/UBNA_001/20220921_090000.WAV,Telephone Field,recover-20220922,001,1795
325.1795,325.1905,23750,29221,Nyctalus leisleri,0.011,0.025,-1,Echolocation,/mnt/ubna_data_02_mir/recover-20220922/UBNA_001/20220921_090000.WAV,Telephone Field,recover-20220922,001,1795
325.1805,325.218,68437,81943,Rhinolophus ferrumequinum,0.023,0.023,-1,Echolocation,/mnt/ubna_data_02_mir/recover-20220922/UBNA_001/20220921_090000.WAV,Telephone Field,recover-20220922,001,1795
325.2175,325.2262,28906,38418,Eptesicus serotinus,0.01,0.025,-1,Echolocation,/mnt/ubna_data_02_mir/recover-20220922/UBNA_001/20220921_090000.WAV,Telephone Field,recover-20220922,001,1795
325.2195,325.2598,68437,82342,Rhinolophus ferrumequinum,0.033,0.033,-1,Echolocation,/mnt/ubna_data_02_mir/recover-20220922/UBNA_001/20220921_090000.WAV,Telephone Field,recover-20220922,001,1795
325.2875,325.3232,68437,81551,Rhinolophus ferrumequinum,0.024,0.024,-1,Echolocation,/mnt/ubna_data_02_mir/recover-20220922/UBNA_001/20220921_090000.WAV,Telephone Field,recover-20220922,001,1795
325.3045,325.3457,68437,82928,Rhinolophus ferrumequinum,0.032,0.032,-1,Echolocation,/mnt/ubna_data_02_mir/recover-20220922/UBNA_001/20220921_090000.WAV,Telephone Field,recover-20220922,001,1795
325.3175,325.3278,23750,31047,Nyctalus leisleri,0.009,0.027,-1,Echolocation,/mnt/ubna_data_02_mir/recover-20220922/UBNA_001/20220921_090000.WAV,Telephone Field,recover-20220922,001,1795
325.3685,325.4097,68437,82816,Rhinolophus ferrumequinum,0.027,0.027,-1,Echolocation,/mnt/ubna_data_02_mir/recover-20220922/UBNA_001/20220921_090000.WAV,Telephone Field,recover-20220922,001,1795
325.3745,325.3846,23750,30167,Nyctalus leisleri,0.008,0.021,-1,Echolocation,/mnt/ubna_data_02_mir/recover-20220922/UBNA_001/20220921_090000.WAV,Telephone Field,recover-20220922,001,1795
325.3945,325.4316,68437,82398,Rhinolophus ferrumequinum,0.034,0.034,-1,Echolocation,/mnt/ubna_data_02_mir/recover-20220922/UBNA_001/20220921_090000.WAV,Telephone Field,recover-20220922,001,1795
325.4215,325.4595,68437,81780,Rhinolophus ferrumequinum,0.048,0.048,-1,Echolocation,/mnt/ubna_data_02_mir/recover-20220922/UBNA_001/20220921_090000.WAV,Telephone Field,recover-20220922,001,1795
325.4345,325.4431,28046,40063,Eptesicus serotinus,0.011,0.026,-1,Echolocation,/mnt/ubna_data_02_mir/recover-20220922/UBNA_001/20220921_090000.WAV,Telephone Field,recover-20220922,001,1795
325.4385,325.4803,68437,82667,Rhinolophus ferrumequinum,0.029,0.03,-1,Echolocation,/mnt/ubna_data_02_mir/recover-20220922/UBNA_001/20220921_090000.WAV,Telephone Field,recover-20220922,001,1795
325.4955,325.5301,68437,80771,Rhinolophus ferrumequinum,0.025,0.025,-1,Echolocation,/mnt/ubna_data_02_mir/recover-20220922/UBNA_001/20220921_090000.WAV,Telephone Field,recover-20220922,001,1795
325.5165,325.5554,68437,82036,Rhinolophus ferrumequinum,0.025,0.025,-1,Echolocation,/mnt/ubna_data_02_mir/recover-20220922/UBNA_001/20220921_090000.WAV,Telephone Field,recover-20220922,001,1795
325.5395,325.5506,22031,26738,Nyctalus leisleri,0.011,0.022,-1,Echolocation,/mnt/ubna_data_02_mir/recover-20220922/UBNA_001/20220921_090000.WAV,Telephone Field,recover-20220922,001,1795
325.5395,325.5797,68437,82115,Rhinolophus ferrumequinum,0.022,0.022,-1,Echolocation,/mnt/ubna_data_02_mir/recover-20220922/UBNA_001/20220921_090000.WAV,Telephone Field,recover-20220922,001,1795
325.5635,325.5773,24609,29969,Nyctalus leisleri,0.013,0.029,-1,Echolocation,/mnt/ubna_data_02_mir/recover-20220922/UBNA_001/20220921_090000.WAV,Telephone Field,recover-20220922,001,1795
325.5785,325.6214,68437,82709,Rhinolophus ferrumequinum,0.043,0.043,-1,Echolocation,/mnt/ubna_data_02_mir/recover-20220922/UBNA_001/20220921_090000.WAV,Telephone Field,recover-20220922,001,1795
325.5995,325.6098,28906,36832,Eptesicus serotinus,0.012,0.025,-1,Echolocation,/mnt/ubna_data_02_mir/recover-20220922/UBNA_001/20220921_090000.WAV,Telephone Field,recover-20220922,001,1795
325.6105,325.6226,22890,27177,Nyctalus leisleri,0.014,0.025,-1,Echolocation,/mnt/ubna_data_02_mir/recover-20220922/UBNA_001/20220921_090000.WAV,Telephone Field,recover-20220922,001,1795
325.6245,325.6366,22031,26324,Nyctalus leisleri,0.014,0.025,-1,Echolocation,/mnt/ubna_data_02_mir/recover-20220922/UBNA_001/20220921_090000.WAV,Telephone Field,recover-20220922,001,1795
325.6275,325.6673,68437,81894,Rhinolophus ferrumequinum,0.023,0.023,-1,Echolocation,/mnt/ubna_data_02_mir/recover-20220922/UBNA_001/20220921_090000.WAV,Telephone Field,recover-20220922,001,1795
325.6445,325.6548,23750,29565,Nyctalus leisleri,0.009,0.022,-1,Echolocation,/mnt/ubna_data_02_mir/recover-20220922/UBNA_001/20220921_090000.WAV,Telephone Field,recover-20220922,001,1795
325.6505,325.6596,28046,37642,Eptesicus serotinus,0.009,0.023,-1,Echolocation,/mnt/ubna_data_02_mir/recover-20220922/UBNA_001/20220921_090000.WAV,Telephone Field,recover-20220922,001,1795
325.66949999999997,325.7081,68437,82056,Rhinolophus ferrumequinum,0.022,0.022,-1,Echolocation,/mnt/ubna_data_02_mir/recover-20220922/UBNA_001/20220921_090000.WAV,Telephone Field,recover-20220922,001,1795
325.7265,325.7682,68437,82581,Rhinolophus ferrumequinum,0.035,0.035,-1,Echolocation,/mnt/ubna_data_02_mir/recover-20220922/UBNA_001/20220921_090000.WAV,Telephone Field,recover-20220922,001,1795
325.7485,325.7932,68437,83515,Rhinolophus ferrumequinum,0.023,0.023,-1,Echolocation,/mnt/ubna_data_02_mir/recover-20220922/UBNA_001/20220921_090000.WAV,Telephone Field,recover-20220922,001,1795
325.7775,325.8143,68437,81418,Rhinolophus ferrumequinum,0.022,0.022,-1,Echolocation,/mnt/ubna_data_02_mir/recover-20220922/UBNA_001/20220921_090000.WAV,Telephone Field,recover-20220922,001,1795
325.7875,325.8282,68437,82596,Rhinolophus ferrumequinum,0.023,0.023,-1,Echolocation,/mnt/ubna_data_02_mir/recover-20220922/UBNA_001/20220921_090000.WAV,Telephone Field,recover-20220922,001,1795
325.8295,325.8672,68437,82487,Rhinolophus ferrumequinum,0.033,0.033,-1,Echolocation,/mnt/ubna_data_02_mir/recover-20220922/UBNA_001/20220921_090000.WAV,Telephone Field,recover-20220922,001,1795
325.8495,325.8894,68437,82448,Rhinolophus ferrumequinum,0.026,0.026,-1,Echolocation,/mnt/ubna_data_02_mir/recover-20220922/UBNA_001/20220921_090000.WAV,Telephone Field,recover-20220922,001,1795
325.8695,325.91,68437,81952,Rhinolophus ferrumequinum,0.027,0.028,-1,Echolocation,/mnt/ubna_data_02_mir/recover-20220922/UBNA_001/20220921_090000.WAV,Telephone Field,recover-20220922,001,1795
325.8765,325.9098,68437,81149,Rhinolophus ferrumequinum,0.026,0.026,-1,Echolocation,/mnt/ubna_data_02_mir/recover-20220922/UBNA_001/20220921_090000.WAV,Telephone Field,recover-20220922,001,1795
325.8865,325.9229,68437,81372,Rhinolophus ferrumequinum,0.022,0.022,-1,Echolocation,/mnt/ubna_data_02_mir/recover-20220922/UBNA_001/20220921_090000.WAV,Telephone Field,recover-20220922,001,1795
325.9185,325.9267,28906,37973,Eptesicus serotinus,0.009,0.027,-1,Echolocation,/mnt/ubna_data_02_mir/recover-20220922/UBNA_001/20220921_090000.WAV,Telephone Field,recover-20220922,001,1795
325.9245,325.9318,24609,33581,Plecotus austriacus,0.012,0.033,-1,Echolocation,/mnt/ubna_data_02_mir/recover-20220922/UBNA_001/20220921_090000.WAV,Telephone Field,recover-20220922,001,1795
325.9305,325.9654,68437,81022,Rhinolophus ferrumequinum,0.023,0.023,-1,Echolocation,/mnt/ubna_data_02_mir/recover-20220922/UBNA_001/20220921_090000.WAV,Telephone Field,recover-20220922,001,1795
325.9395,325.9512,23750,29025,Nyctalus leisleri,0.01,0.022,-1,Echolocation,/mnt/ubna_data_02_mir/recover-20220922/UBNA_001/20220921_090000.WAV,Telephone Field,recover-20220922,001,1795
325.9475,325.986,68437,81671,Rhinolophus ferrumequinum,0.025,0.025,-1,Echolocation,/mnt/ubna_data_02_mir/recover-20220922/UBNA_001/20220921_090000.WAV,Telephone Field,recover-20220922,001,1795
325.9885,325.9986,22031,28062,Nyctalus leisleri,0.009,0.025,-1,Echolocation,/mnt/ubna_data_02_mir/recover-20220922/UBNA_001/20220921_090000.WAV,Telephone Field,recover-20220922,001,1795
326.0015,326.0344,68437,79700,Rhinolophus ferrumequinum,0.035,0.035,-1,Echolocation,/mnt/ubna_data_02_mir/recover-20220922/UBNA_001/20220921_090000.WAV,Telephone Field,recover-20220922,001,1795
326.0015,326.0102,25468,34237,Nyctalus leisleri,0.011,0.038,-1,Echolocation,/mnt/ubna_data_02_mir/recover-20220922/UBNA_001/20220921_090000.WAV,Telephone Field,recover-20220922,001,1795
326.0105,326.0536,68437,82972,Rhinolophus ferrumequinum,0.024,0.024,-1,Echolocation,/mnt/ubna_data_02_mir/recover-20220922/UBNA_001/20220921_090000.WAV,Telephone Field,recover-20220922,001,1795
326.0555,326.0904,68437,80925,Rhinolophus ferrumequinum,0.022,0.022,-1,Echolocation,/mnt/ubna_data_02_mir/recover-20220922/UBNA_001/20220921_090000.WAV,Telephone Field,recover-20220922,001,1795
326.0625,326.1014,68437,81863,Rhinolophus ferrumequinum,0.022,0.022,-1,Echolocation,/mnt/ubna_data_02_mir/recover-20220922/UBNA_001/20220921_090000.WAV,Telephone Field,recover-20220922,001,1795
326.0835,326.0925,28046,40217,Eptesicus serotinus,0.008,0.022,-1,Echolocation,/mnt/ubna_data_02_mir/recover-20220922/UBNA_001/20220921_090000.WAV,Telephone Field,recover-20220922,001,1795
326.0915,326.1278,68437,81372,Rhinolophus ferrumequinum,0.023,0.023,-1,Echolocation,/mnt/ubna_data_02_mir/recover-20220922/UBNA_001/20220921_090000.WAV,Telephone Field,recover-20220922,001,1795
326.1115,326.122,23750,30019,Nyctalus leisleri,0.009,0.023,-1,Echolocation,/mnt/ubna_data_02_mir/recover-20220922/UBNA_001/20220921_090000.WAV,Telephone Field,recover-20220922,001,1795
326.1125,326.1477,68437,81621,Rhinolophus ferrumequinum,0.024,0.024,-1,Echolocation,/mnt/ubna_data_02_mir/recover-20220922/UBNA_001/20220921_090000.WAV,Telephone Field,recover-20220922,001,1795
326.1205,326.1282,28046,37383,Eptesicus serotinus,0.009,0.023,-1,Echolocation,/mnt/ubna_data_02_mir/recover-20220922/UBNA_001/20220921_090000.WAV,Telephone Field,recover-20220922,001,1795
326.1275,326.1692,68437,83154,Rhinolophus ferrumequinum,0.026,0.026,-1,Echolocation,/mnt/ubna_data_02_mir/recover-20220922/UBNA_001/20220921_090000.WAV,Telephone Field,recover-20220922,001,1795
326.14549999999997,326.1836,68437,81667,Rhinolophus ferrumequinum,0.029,0.029,-1,Echolocation,/mnt/ubna_data_02_mir/recover-20220922/UBNA_001/20220921_090000.WAV,Telephone Field,recover-20220922,001,1795
326.1665,326.1793,28906,35155,Eptesicus serotinus,0.021,0.035,-1,Echolocation,/mnt/ubna_data_02_mir/recover-20220922/UBNA_001/20220921_090000.WAV,Telephone Field,recover-20220922,001,1795
326.1815,326.2221,68437,82566,Rhinolophus ferrumequinum,0.024,0.024,-1,Echolocation,/mnt/ubna_data_02_mir/recover-20220922/UBNA_001/20220921_090000.WAV,Telephone Field,recover-20220922,001,1795
326.1955,326.2057,23750,30870,Nyctalus leisleri,0.009,0.025,-1,Echolocation,/mnt/ubna_data_02_mir/recover-20220922/UBNA_001/20220921_090000.WAV,Telephone Field,recover-20220922,001,1795
326.2045,326.2116,24609,33780,Plecotus austriacus,0.008,0.023,-1,Echolocation,/mnt/ubna_data_02_mir/recover-20220922/UBNA_001/20220921_090000.WAV,Telephone Field,recover-20220922,001,1795
326.2195,326.2555,68437,81489,Rhinolophus ferrumequinum,0.025,0.025,-1,Echolocation,/mnt/ubna_data_02_mir/recover-20220922/UBNA_001/20220921_090000.WAV,Telephone Field,recover-20220922,001,1795
326.2615,326.2996,68437,81937,Rhinolophus ferrumequinum,0.023,0.023,-1,Echolocation,/mnt/ubna_data_02_mir/recover-20220922/UBNA_001/20220921_090000.WAV,Telephone Field,recover-20220922,001,1795
326.2915,326.3267,68437,81460,Rhinolophus ferrumequinum,0.024,0.024,-1,Echolocation,/mnt/ubna_data_02_mir/recover-20220922/UBNA_001/20220921_090000.WAV,Telephone Field,recover-20220922,001,1795
326.3185,326.3584,68437,82453,Rhinolophus ferrumequinum,0.029,0.029,-1,Echolocation,/mnt/ubna_data_02_mir/recover-20220922/UBNA_001/20220921_090000.WAV,Telephone Field,recover-20220922,001,1795
326.3265,326.3638,68437,81488,Rhinolophus ferrumequinum,0.024,0.024,-1,Echolocation,/mnt/ubna_data_02_mir/recover-20220922/UBNA_001/20220921_090000.WAV,Telephone Field,recover-20220922,001,1795
326.3385,326.3747,68437,82049,Rhinolophus ferrumequinum,0.023,0.023,-1,Echolocation,/mnt/ubna_data_02_mir/recover-20220922/UBNA_001/20220921_090000.WAV,Telephone Field,recover-20220922,001,1795
326.3625,326.399,68437,81906,Rhinolophus ferrumequinum,0.023,0.023,-1,Echolocation,/mnt/ubna_data_02_mir/recover-20220922/UBNA_001/20220921_090000.WAV,Telephone Field,recover-20220922,001,1795
326.3765,326.415,68437,82616,Rhinolophus ferrumequinum,0.029,0.029,-1,Echolocation,/mnt/ubna_data_02_mir/recover-20220922/UBNA_001/20220921_090000.WAV,Telephone Field,recover-20220922,001,1795
326.3795,326.3866,28906,40566,Eptesicus serotinus,0.007,0.023,-1,Echolocation,/mnt/ubna_data_02_mir/recover-20220922/UBNA_001/20220921_090000.WAV,Telephone Field,recover-20220922,001,1795
326.3945,326.4045,27187,35251,Eptesicus serotinus,0.012,0.024,-1,Echolocation,/mnt/ubna_data_02_mir/recover-20220922/UBNA_001/20220921_090000.WAV,Telephone Field,recover-20220922,001,1795
326.4125,326.4505,68437,81797,Rhinolophus ferrumequinum,0.023,0.023,-1,Echolocation,/mnt/ubna_data_02_mir/recover-20220922/UBNA_001/20220921_090000.WAV,Telephone Field,recover-20220922,001,1795
326.4385,326.4811,68437,83398,Rhinolophus ferrumequinum,0.035,0.035,-1,Echolocation,/mnt/ubna_data_02_mir/recover-20220922/UBNA_001/20220921_090000.WAV,Telephone Field,recover-20220922,001,1795
326.45550000000003,326.4954,68437,82504,Rhinolophus ferrumequinum,0.028,0.028,-1,Echolocation,/mnt/ubna_data_02_mir/recover-20220922/UBNA_001/20220921_090000.WAV,Telephone Field,recover-20220922,001,1795
326.4835,326.4917,24609,32576,Plecotus austriacus,0.01,0.032,-1,Echolocation,/mnt/ubna_data_02_mir/recover-20220922/UBNA_001/20220921_090000.WAV,Telephone Field,recover-20220922,001,1795
326.4995,326.5098,28906,35522,Eptesicus serotinus,0.01,0.022,-1,Echolocation,/mnt/ubna_data_02_mir/recover-20220922/UBNA_001/20220921_090000.WAV,Telephone Field,recover-20220922,001,1795
326.4995,326.5418,68437,82450,Rhinolophus ferrumequinum,0.036,0.036,-1,Echolocation,/mnt/ubna_data_02_mir/recover-20220922/UBNA_001/20220921_090000.WAV,Telephone Field,recover-20220922,001,1795
326.5105,326.5491,68437,81932,Rhinolophus ferrumequinum,0.024,0.025,-1,Echolocation,/mnt/ubna_data_02_mir/recover-20220922/UBNA_001/20220921_090000.WAV,Telephone Field,recover-20220922,001,1795
326.5285,326.5374,28046,39649,Eptesicus serotinus,0.009,0.024,-1,Echolocation,/mnt/ubna_data_02_mir/recover-20220922/UBNA_001/20220921_090000.WAV,Telephone Field,recover-20220922,001,1795
326.5585,326.5973,68437,82329,Rhinolophus ferrumequinum,0.022,0.022,-1,Echolocation,/mnt/ubna_data_02_mir/recover-20220922/UBNA_001/20220921_090000.WAV,Telephone Field,recover-20220922,001,1795
326.5665,326.5772,23750,30286,Nyctalus leisleri,0.012,0.029,-1,Echolocation,/mnt/ubna_data_02_mir/recover-20220922/UBNA_001/20220921_090000.WAV,Telephone Field,recover-20220922,001,1795
326.6105,326.6203,55546,60249,Pipistrellus pygmaeus,0.021,0.022,-1,Echolocation,/mnt/ubna_data_02_mir/recover-20220922/UBNA_001/20220921_090000.WAV,Telephone Field,recover-20220922,001,1795
326.6315,326.6686,68437,81728,Rhinolophus ferrumequinum,0.024,0.024,-1,Echolocation,/mnt/ubna_data_02_mir/recover-20220922/UBNA_001/20220921_090000.WAV,Telephone Field,recover-20220922,001,1795
326.64549999999997,326.6859,68437,82296,Rhinolophus ferrumequinum,0.028,0.028,-1,Echolocation,/mnt/ubna_data_02_mir/recover-20220922/UBNA_001/20220921_090000.WAV,Telephone Field,recover-20220922,001,1795
326.6505,326.6872,68437,81107,Rhinolophus ferrumequinum,0.028,0.028,-1,Echolocation,/mnt/ubna_data_02_mir/recover-20220922/UBNA_001/20220921_090000.WAV,Telephone Field,recover-20220922,001,1795
326.6785,326.6855,26328,39901,Eptesicus serotinus,0.006,0.023,-1,Echolocation,/mnt/ubna_data_02_mir/recover-20220922/UBNA_001/20220921_090000.WAV,Telephone Field,recover-20220922,001,1795
326.7075,326.7479,68437,82452,Rhinolophus ferrumequinum,0.029,0.03,-1,Echolocation,/mnt/ubna_data_02_mir/recover-20220922/UBNA_001/20220921_090000.WAV,Telephone Field,recover-20220922,001,1795
326.7485,326.7874,68437,82311,Rhinolophus ferrumequinum,0.022,0.022,-1,Echolocation,/mnt/ubna_data_02_mir/recover-20220922/UBNA_001/20220921_090000.WAV,Telephone Field,recover-20220922,001,1795
326.7565,326.7942,68437,82155,Rhinolophus ferrumequinum,0.022,0.022,-1,Echolocation,/mnt/ubna_data_02_mir/recover-20220922/UBNA_001/20220921_090000.WAV,Telephone Field,recover-20220922,001,1795
326.7895,326.7995,45234,48749,Pipistrellus pipistrellus,0.024,0.027,-1,Echolocation,/mnt/ubna_data_02_mir/recover-20220922/UBNA_001/20220921_090000.WAV,Telephone Field,recover-20220922,001,1795
326.8115,326.8195,27187,37865,Eptesicus serotinus,0.006,0.022,-1,Echolocation,/mnt/ubna_data_02_mir/recover-20220922/UBNA_001/20220921_090000.WAV,Telephone Field,recover-20220922,001,1795
326.8565,326.8953,68437,82035,Rhinolophus ferrumequinum,0.023,0.023,-1,Echolocation,/mnt/ubna_data_02_mir/recover-20220922/UBNA_001/20220921_090000.WAV,Telephone Field,recover-20220922,001,1795
326.8945,326.9362,68437,82424,Rhinolophus ferrumequinum,0.026,0.026,-1,Echolocation,/mnt/ubna_data_02_mir/recover-20220922/UBNA_001/20220921_090000.WAV,Telephone Field,recover-20220922,001,1795
326.9215,326.9286,28046,41993,Eptesicus serotinus,0.01,0.032,-1,Echolocation,/mnt/ubna_data_02_mir/recover-20220922/UBNA_001/20220921_090000.WAV,Telephone Field,recover-20220922,001,1795
326.9225,326.96,68437,81173,Rhinolophus ferrumequinum,0.031,0.031,-1,Echolocation,/mnt/ubna_data_02_mir/recover-20220922/UBNA_001/20220921_090000.WAV,Telephone Field,recover-20220922,001,1795
327.0475,327.0851,68437,82133,Rhinolophus ferrumequinum,0.026,0.026,-1,Echolocation,/mnt/ubna_data_02_mir/recover-20220922/UBNA_001/20220921_090000.WAV,Telephone Field,recover-20220922,001,1795
327.0675,327.10450000000003,68437,81982,Rhinolophus ferrumequinum,0.022,0.022,-1,Echolocation,/mnt/ubna_data_02_mir/recover-20220922/UBNA_001/20220921_090000.WAV,Telephone Field,recover-20220922,001,1795
327.0875,327.1278,68437,82480,Rhinolophus ferrumequinum,0.023,0.023,-1,Echolocation,/mnt/ubna_data_02_mir/recover-20220922/UBNA_001/20220921_090000.WAV,Telephone Field,recover-20220922,001,1795
327.1355,327.1783,68437,82940,Rhinolophus ferrumequinum,0.031,0.031,-1,Echolocation,/mnt/ubna_data_02_mir/recover-20220922/UBNA_001/20220921_090000.WAV,Telephone Field,recover-20220922,001,1795
327.1465,327.1567,22031,27390,Nyctalus leisleri,0.009,0.022,-1,Echolocation,/mnt/ubna_data_02_mir/recover-20220922/UBNA_001/20220921_090000.WAV,Telephone Field,recover-20220922,001,1795
327.1595,327.2008,68437,82067,Rhinolophus ferrumequinum,0.069,0.069,-1,Echolocation,/mnt/ubna_data_02_mir/recover-20220922/UBNA_001/20220921_090000.WAV,Telephone Field,recover-20220922,001,1795
327.1665,327.1739,26328,34920,Eptesicus serotinus,0.008,0.024,-1,Echolocation,/mnt/ubna_data_02_mir/recover-20220922/UBNA_001/20220921_090000.WAV,Telephone Field,recover-20220922,001,1795
327.2235,327.2631,68437,81747,Rhinolophus ferrumequinum,0.022,0.022,-1,Echolocation,/mnt/ubna_data_02_mir/recover-20220922/UBNA_001/20220921_090000.WAV,Telephone Field,recover-20220922,001,1795
327.2475,327.2839,68437,81446,Rhinolophus ferrumequinum,0.023,0.023,-1,Echolocation,/mnt/ubna_data_02_mir/recover-20220922/UBNA_001/20220921_090000.WAV,Telephone Field,recover-20220922,001,1795
327.2625,327.272,51250,56914,Pipistrellus pipistrellus,0.018,0.023,-1,Echolocation,/mnt/ubna_data_02_mir/recover-20220922/UBNA_001/20220921_090000.WAV,Telephone Field,recover-20220922,001,1795
327.2805,327.2886,28046,40340,Eptesicus serotinus,0.008,0.023,-1,Echolocation,/mnt/ubna_data_02_mir/recover-20220922/UBNA_001/20220921_090000.WAV,Telephone Field,recover-20220922,001,1795
327.3065,327.3166,43515,49008,Pipistrellus pipistrellus,0.025,0.036,-1,Echolocation,/mnt/ubna_data_02_mir/recover-20220922/UBNA_001/20220921_090000.WAV,Telephone Field,recover-20220922,001,1795
327.3155,327.3549,68437,82375,Rhinolophus ferrumequinum,0.024,0.024,-1,Echolocation,/mnt/ubna_data_02_mir/recover-20220922/UBNA_001/20220921_090000.WAV,Telephone Field,recover-20220922,001,1795
327.3275,327.3661,68437,81612,Rhinolophus ferrumequinum,0.028,0.028,-1,Echolocation,/mnt/ubna_data_02_mir/recover-20220922/UBNA_001/20220921_090000.WAV,Telephone Field,recover-20220922,001,1795
327.3375,327.3771,68437,82766,Rhinolophus ferrumequinum,0.024,0.024,-1,Echolocation,/mnt/ubna_data_02_mir/recover-20220922/UBNA_001/20220921_090000.WAV,Telephone Field,recover-20220922,001,1795
327.3515,327.361,24609,31061,Nyctalus leisleri,0.01,0.028,-1,Echolocation,/mnt/ubna_data_02_mir/recover-20220922/UBNA_001/20220921_090000.WAV,Telephone Field,recover-20220922,001,1795
327.3595,327.3999,68437,82239,Rhinolophus ferrumequinum,0.024,0.024,-1,Echolocation,/mnt/ubna_data_02_mir/recover-20220922/UBNA_001/20220921_090000.WAV,Telephone Field,recover-20220922,001,1795
327.3625,327.3712,44375,52566,Pipistrellus pipistrellus,0.015,0.022,-1,Echolocation,/mnt/ubna_data_02_mir/recover-20220922/UBNA_001/20220921_090000.WAV,Telephone Field,recover-20220922,001,1795
327.3805,327.4207,68437,82286,Rhinolophus ferrumequinum,0.027,0.027,-1,Echolocation,/mnt/ubna_data_02_mir/recover-20220922/UBNA_001/20220921_090000.WAV,Telephone Field,recover-20220922,001,1795
327.4045,327.4166,51250,55061,Pipistrellus pygmaeus,0.028,0.044,-1,Echolocation,/mnt/ubna_data_02_mir/recover-20220922/UBNA_001/20220921_090000.WAV,Telephone Field,recover-20220922,001,1795
327.4165,327.4565,68437,82410,Rhinolophus ferrumequinum,0.024,0.024,-1,Echolocation,/mnt/ubna_data_02_mir/recover-20220922/UBNA_001/20220921_090000.WAV,Telephone Field,recover-20220922,001,1795
327.4245,327.4639,68437,82677,Rhinolophus ferrumequinum,0.022,0.022,-1,Echolocation,/mnt/ubna_data_02_mir/recover-20220922/UBNA_001/20220921_090000.WAV,Telephone Field,recover-20220922,001,1795
327.4495,327.4607,29765,37249,Eptesicus serotinus,0.012,0.028,-1,Echolocation,/mnt/ubna_data_02_mir/recover-20220922/UBNA_001/20220921_090000.WAV,Telephone Field,recover-20220922,001,1795
327.4675,327.5069,68437,82738,Rhinolophus ferrumequinum,0.027,0.027,-1,Echolocation,/mnt/ubna_data_02_mir/recover-20220922/UBNA_001/20220921_090000.WAV,Telephone Field,recover-20220922,001,1795
327.4815,327.5154,68437,80594,Rhinolophus ferrumequinum,0.022,0.022,-1,Echolocation,/mnt/ubna_data_02_mir/recover-20220922/UBNA_001/20220921_090000.WAV,Telephone Field,recover-20220922,001,1795
327.4905,327.53,68437,82678,Rhinolophus ferrumequinum,0.023,0.023,-1,Echolocation,/mnt/ubna_data_02_mir/recover-20220922/UBNA_001/20220921_090000.WAV,Telephone Field,recover-20220922,001,1795
327.5045,327.5155,28906,35314,Eptesicus serotinus,0.011,0.025,-1,Echolocation,/mnt/ubna_data_02_mir/recover-20220922/UBNA_001/20220921_090000.WAV,Telephone Field,recover-20220922,001,1795
327.5265,327.5659,68437,82244,Rhinolophus ferrumequinum,0.023,0.023,-1,Echolocation,/mnt/ubna_data_02_mir/recover-20220922/UBNA_001/20220921_090000.WAV,Telephone Field,recover-20220922,001,1795
327.5565,327.5944,68437,81816,Rhinolophus ferrumequinum,0.022,0.022,-1,Echolocation,/mnt/ubna_data_02_mir/recover-20220922/UBNA_001/20220921_090000.WAV,Telephone Field,recover-20220922,001,1795
327.5705,327.6084,68437,82433,Rhinolophus ferrumequinum,0.022,0.022,-1,Echolocation,/mnt/ubna_data_02_mir/recover-20220922/UBNA_001/20220921_090000.WAV,Telephone Field,recover-20220922,001,1795
327.6235,327.6605,68437,81816,Rhinolophus ferrumequinum,0.022,0.022,-1,Echolocation,/mnt/ubna_data_02_mir/recover-20220922/UBNA_001/20220921_090000.WAV,Telephone Field,recover-20220922,001,1795
327.6615,327.7034,68437,82550,Rhinolophus ferrumequinum,0.024,0.024,-1,Echolocation,/mnt/ubna_data_02_mir/recover-20220922/UBNA_001/20220921_090000.WAV,Telephone Field,recover-20220922,001,1795
327.6725,327.6848,33203,39237,Eptesicus serotinus,0.007,0.026,-1,Echolocation,/mnt/ubna_data_02_mir/recover-20220922/UBNA_001/20220921_090000.WAV,Telephone Field,recover-20220922,001,1795
327.6885,327.73,68437,82875,Rhinolophus ferrumequinum,0.031,0.031,-1,Echolocation,/mnt/ubna_data_02_mir/recover-20220922/UBNA_001/20220921_090000.WAV,Telephone Field,recover-20220922,001,1795
327.6945,327.7063,22890,27695,Nyctalus leisleri,0.012,0.024,-1,Echolocation,/mnt/ubna_data_02_mir/recover-20220922/UBNA_001/20220921_090000.WAV,Telephone Field,recover-20220922,001,1795
327.7275,327.7686,68437,83740,Rhinolophus ferrumequinum,0.034,0.034,-1,Echolocation,/mnt/ubna_data_02_mir/recover-20220922/UBNA_001/20220921_090000.WAV,Telephone Field,recover-20220922,001,1795
327.7315,327.7524,19453,22047,Nyctalus leisleri,0.013,0.026,-1,Echolocation,/mnt/ubna_data_02_mir/recover-20220922/UBNA_001/20220921_090000.WAV,Telephone Field,recover-20220922,001,1795
327.7635,327.7702,26328,36638,Plecotus austriacus,0.006,0.025,-1,Echolocation,/mnt/ubna_data_02_mir/recover-20220922/UBNA_001/20220921_090000.WAV,Telephone Field,recover-20220922,001,1795
327.7835,327.7936,22890,28638,Nyctalus leisleri,0.011,0.025,-1,Echolocation,/mnt/ubna_data_02_mir/recover-20220922/UBNA_001/20220921_090000.WAV,Telephone Field,recover-20220922,001,1795
327.7905,327.8012,22031,26390,Nyctalus leisleri,0.012,0.022,-1,Echolocation,/mnt/ubna_data_02_mir/recover-20220922/UBNA_001/20220921_090000.WAV,Telephone Field,recover-20220922,001,1795
327.7955,327.8321,68437,81910,Rhinolophus ferrumequinum,0.022,0.022,-1,Echolocation,/mnt/ubna_data_02_mir/recover-20220922/UBNA_001/20220921_090000.WAV,Telephone Field,recover-20220922,001,1795
327.8155,327.8236,27187,38452,Eptesicus serotinus,0.009,0.024,-1,Echolocation,/mnt/ubna_data_02_mir/recover-20220922/UBNA_001/20220921_090000.WAV,Telephone Field,recover-20220922,001,1795
327.8285,327.8392,28906,36874,Eptesicus serotinus,0.015,0.031,-1,Echolocation,/mnt/ubna_data_02_mir/recover-20220922/UBNA_001/20220921_090000.WAV,Telephone Field,recover-20220922,001,1795
327.8365,327.8467,28906,36259,Eptesicus serotinus,0.011,0.027,-1,Echolocation,/mnt/ubna_data_02_mir/recover-20220922/UBNA_001/20220921_090000.WAV,Telephone Field,recover-20220922,001,1795
327.8375,327.8738,68437,81715,Rhinolophus ferrumequinum,0.031,0.031,-1,Echolocation,/mnt/ubna_data_02_mir/recover-20220922/UBNA_001/20220921_090000.WAV,Telephone Field,recover-20220922,001,1795
327.8845,327.9225,68437,81717,Rhinolophus ferrumequinum,0.024,0.024,-1,Echolocation,/mnt/ubna_data_02_mir/recover-20220922/UBNA_001/20220921_090000.WAV,Telephone Field,recover-20220922,001,1795
327.8885,327.8976,22890,29975,Plecotus austriacus,0.009,0.025,-1,Echolocation,/mnt/ubna_data_02_mir/recover-20220922/UBNA_001/20220921_090000.WAV,Telephone Field,recover-20220922,001,1795
327.8945,327.9323,68437,82031,Rhinolophus ferrumequinum,0.022,0.022,-1,Echolocation,/mnt/ubna_data_02_mir/recover-20220922/UBNA_001/20220921_090000.WAV,Telephone Field,recover-20220922,001,1795
327.9775,327.9873,23750,30346,Nyctalus leisleri,0.009,0.024,-1,Echolocation,/mnt/ubna_data_02_mir/recover-20220922/UBNA_001/20220921_090000.WAV,Telephone Field,recover-20220922,001,1795
327.9785,327.9882,44375,48398,Pipistrellus pipistrellus,0.048,0.05,-1,Echolocation,/mnt/ubna_data_02_mir/recover-20220922/UBNA_001/20220921_090000.WAV,Telephone Field,recover-20220922,001,1795
328.0015,328.0349,68437,80393,Rhinolophus ferrumequinum,0.036,0.037,-1,Echolocation,/mnt/ubna_data_02_mir/recover-20220922/UBNA_001/20220921_090000.WAV,Telephone Field,recover-20220922,001,1795
328.0015,328.0105,27187,35405,Nyctalus leisleri,0.014,0.035,-1,Echolocation,/mnt/ubna_data_02_mir/recover-20220922/UBNA_001/20220921_090000.WAV,Telephone Field,recover-20220922,001,1795
328.0565,328.0693,22031,25764,Nyctalus leisleri,0.014,0.024,-1,Echolocation,/mnt/ubna_data_02_mir/recover-20220922/UBNA_001/20220921_090000.WAV,Telephone Field,recover-20220922,001,1795
328.0695,328.1101,68437,82162,Rhinolophus ferrumequinum,0.024,0.024,-1,Echolocation,/mnt/ubna_data_02_mir/recover-20220922/UBNA_001/20220921_090000.WAV,Telephone Field,recover-20220922,001,1795
328.0975,328.104,28046,38397,Eptesicus serotinus,0.005,0.021,-1,Echolocation,/mnt/ubna_data_02_mir/recover-20220922/UBNA_001/20220921_090000.WAV,Telephone Field,recover-20220922,001,1795
328.1085,328.1443,68437,80807,Rhinolophus ferrumequinum,0.021,0.021,-1,Echolocation,/mnt/ubna_data_02_mir/recover-20220922/UBNA_001/20220921_090000.WAV,Telephone Field,recover-20220922,001,1795
328.1275,328.1687,68437,82878,Rhinolophus ferrumequinum,0.031,0.031,-1,Echolocation,/mnt/ubna_data_02_mir/recover-20220922/UBNA_001/20220921_090000.WAV,Telephone Field,recover-20220922,001,1795
328.1505,328.1656,22031,27027,Nyctalus leisleri,0.019,0.041,-1,Echolocation,/mnt/ubna_data_02_mir/recover-20220922/UBNA_001/20220921_090000.WAV,Telephone Field,recover-20220922,001,1795
328.1555,328.1943,68437,81697,Rhinolophus ferrumequinum,0.021,0.021,-1,Echolocation,/mnt/ubna_data_02_mir/recover-20220922/UBNA_001/20220921_090000.WAV,Telephone Field,recover-20220922,001,1795
328.1635,328.2042,68437,82541,Rhinolophus ferrumequinum,0.024,0.024,-1,Echolocation,/mnt/ubna_data_02_mir/recover-20220922/UBNA_001/20220921_090000.WAV,Telephone Field,recover-20220922,001,1795
328.1675,328.1842,20312,23375,Nyctalus leisleri,0.014,0.025,-1,Echolocation,/mnt/ubna_data_02_mir/recover-20220922/UBNA_001/20220921_090000.WAV,Telephone Field,recover-20220922,001,1795
328.1915,328.2281,68437,81805,Rhinolophus ferrumequinum,0.024,0.024,-1,Echolocation,/mnt/ubna_data_02_mir/recover-20220922/UBNA_001/20220921_090000.WAV,Telephone Field,recover-20220922,001,1795
328.2425,328.2821,68437,82288,Rhinolophus ferrumequinum,0.024,0.024,-1,Echolocation,/mnt/ubna_data_02_mir/recover-20220922/UBNA_001/20220921_090000.WAV,Telephone Field,recover-20220922,001,1795
328.2775,328.3166,68437,81988,Rhinolophus ferrumequinum,0.024,0.024,-1,Echolocation,/mnt/ubna_data_02_mir/recover-20220922/UBNA_001/20220921_090000.WAV,Telephone Field,recover-20220922,001,1795
328.2825,328.3217,68437,81988,Rhinolophus ferrumequinum,0.024,0.024,-1,Echolocation,/mnt/ubna_data_02_mir/recover-20220922/UBNA_001/20220921_090000.WAV,Telephone Field,recover-20220922,001,1795
328.3255,328.3686,68437,83529,Rhinolophus ferrumequinum,0.034,0.034,-1,Echolocation,/mnt/ubna_data_02_mir/recover-20220922/UBNA_001/20220921_090000.WAV,Telephone Field,recover-20220922,001,1795
328.3365,328.3434,24609,38072,Plecotus austriacus,0.007,0.023,-1,Echolocation,/mnt/ubna_data_02_mir/recover-20220922/UBNA_001/20220921_090000.WAV,Telephone Field,recover-20220922,001,1795
328.3365,328.3769,68437,82364,Rhinolophus ferrumequinum,0.021,0.021,-1,Echolocation,/mnt/ubna_data_02_mir/recover-20220922/UBNA_001/20220921_090000.WAV,Telephone Field,recover-20220922,001,1795
328.3535,328.3966,68437,82468,Rhinolophus ferrumequinum,0.023,0.023,-1,Echolocation,/mnt/ubna_data_02_mir/recover-20220922/UBNA_001/20220921_090000.WAV,Telephone Field,recover-20220922,001,1795
328.3585,328.3672,28046,37329,Eptesicus serotinus,0.011,0.028,-1,Echolocation,/mnt/ubna_data_02_mir/recover-20220922/UBNA_001/20220921_090000.WAV,Telephone Field,recover-20220922,001,1795
328.3845,328.4245,68437,82302,Rhinolophus ferrumequinum,0.021,0.021,-1,Echolocation,/mnt/ubna_data_02_mir/recover-20220922/UBNA_001/20220921_090000.WAV,Telephone Field,recover-20220922,001,1795
328.3915,328.4307,68437,82548,Rhinolophus ferrumequinum,0.022,0.022,-1,Echolocation,/mnt/ubna_data_02_mir/recover-20220922/UBNA_001/20220921_090000.WAV,Telephone Field,recover-20220922,001,1795
328.4325,328.4425,22890,29502,Nyctalus leisleri,0.01,0.027,-1,Echolocation,/mnt/ubna_data_02_mir/recover-20220922/UBNA_001/20220921_090000.WAV,Telephone Field,recover-20220922,001,1795
328.4445,328.4524,27187,35563,Eptesicus serotinus,0.009,0.022,-1,Echolocation,/mnt/ubna_data_02_mir/recover-20220922/UBNA_001/20220921_090000.WAV,Telephone Field,recover-20220922,001,1795
328.4595,328.4975,68437,81836,Rhinolophus ferrumequinum,0.021,0.021,-1,Echolocation,/mnt/ubna_data_02_mir/recover-20220922/UBNA_001/20220921_090000.WAV,Telephone Field,recover-20220922,001,1795
328.4715,328.5122,68437,82749,Rhinolophus ferrumequinum,0.027,0.027,-1,Echolocation,/mnt/ubna_data_02_mir/recover-20220922/UBNA_001/20220921_090000.WAV,Telephone Field,recover-20220922,001,1795
328.5125,328.521,27187,37376,Eptesicus serotinus,0.008,0.023,-1,Echolocation,/mnt/ubna_data_02_mir/recover-20220922/UBNA_001/20220921_090000.WAV,Telephone Field,recover-20220922,001,1795
328.5325,328.5405,23750,31677,Plecotus austriacus,0.01,0.023,-1,Echolocation,/mnt/ubna_data_02_mir/recover-20220922/UBNA_001/20220921_090000.WAV,Telephone Field,recover-20220922,001,1795
328.5345,328.574,68437,82431,Rhinolophus ferrumequinum,0.025,0.025,-1,Echolocation,/mnt/ubna_data_02_mir/recover-20220922/UBNA_001/20220921_090000.WAV,Telephone Field,recover-20220922,001,1795
328.5555,328.5939,68437,81811,Rhinolophus ferrumequinum,0.021,0.022,-1,Echolocation,/mnt/ubna_data_02_mir/recover-20220922/UBNA_001/20220921_090000.WAV,Telephone Field,recover-20220922,001,1795
328.5715,328.6098,68437,82446,Rhinolophus ferrumequinum,0.023,0.023,-1,Echolocation,/mnt/ubna_data_02_mir/recover-20220922/UBNA_001/20220921_090000.WAV,Telephone Field,recover-20220922,001,1795
328.5795,328.6178,68437,82338,Rhinolophus ferrumequinum,0.024,0.024,-1,Echolocation,/mnt/ubna_data_02_mir/recover-20220922/UBNA_001/20220921_090000.WAV,Telephone Field,recover-20220922,001,1795
328.6055,328.6468,68437,82459,Rhinolophus ferrumequinum,0.021,0.021,-1,Echolocation,/mnt/ubna_data_02_mir/recover-20220922/UBNA_001/20220921_090000.WAV,Telephone Field,recover-20220922,001,1795
328.6185,328.6603,68437,82825,Rhinolophus ferrumequinum,0.025,0.026,-1,Echolocation,/mnt/ubna_data_02_mir/recover-20220922/UBNA_001/20220921_090000.WAV,Telephone Field,recover-20220922,001,1795
328.6485,328.6564,57265,62565,Pipistrellus pygmaeus,0.036,0.037,-1,Echolocation,/mnt/ubna_data_02_mir/recover-20220922/UBNA_001/20220921_090000.WAV,Telephone Field,recover-20220922,001,1795
328.6495,328.6893,68437,82018,Rhinolophus ferrumequinum,0.021,0.021,-1,Echolocation,/mnt/ubna_data_02_mir/recover-20220922/UBNA_001/20220921_090000.WAV,Telephone Field,recover-20220922,001,1795
328.6825,328.69,28046,38745,Eptesicus serotinus,0.006,0.021,-1,Echolocation,/mnt/ubna_data_02_mir/recover-20220922/UBNA_001/20220921_090000.WAV,Telephone Field,recover-20220922,001,1795
328.7035,328.7134,24609,30709,Nyctalus leisleri,0.008,0.021,-1,Echolocation,/mnt/ubna_data_02_mir/recover-20220922/UBNA_001/20220921_090000.WAV,Telephone Field,recover-20220922,001,1795
328.7125,328.7489,68437,81574,Rhinolophus ferrumequinum,0.021,0.021,-1,Echolocation,/mnt/ubna_data_02_mir/recover-20220922/UBNA_001/20220921_090000.WAV,Telephone Field,recover-20220922,001,1795
328.7535,328.7928,68437,82093,Rhinolophus ferrumequinum,0.027,0.027,-1,Echolocation,/mnt/ubna_data_02_mir/recover-20220922/UBNA_001/20220921_090000.WAV,Telephone Field,recover-20220922,001,1795
328.7885,328.7972,28906,37032,Eptesicus serotinus,0.007,0.021,-1,Echolocation,/mnt/ubna_data_02_mir/recover-20220922/UBNA_001/20220921_090000.WAV,Telephone Field,recover-20220922,001,1795
328.7905,328.801,34921,39536,Barbastellus barbastellus,0.005,0.022,-1,Echolocation,/mnt/ubna_data_02_mir/recover-20220922/UBNA_001/20220921_090000.WAV,Telephone Field,recover-20220922,001,1795
328.8125,328.8535,68437,83008,Rhinolophus ferrumequinum,0.026,0.026,-1,Echolocation,/mnt/ubna_data_02_mir/recover-20220922/UBNA_001/20220921_090000.WAV,Telephone Field,recover-20220922,001,1795
328.8215,328.8603,68437,82405,Rhinolophus ferrumequinum,0.026,0.026,-1,Echolocation,/mnt/ubna_data_02_mir/recover-20220922/UBNA_001/20220921_090000.WAV,Telephone Field,recover-20220922,001,1795
328.8295,328.837,28046,40728,Eptesicus serotinus,0.006,0.021,-1,Echolocation,/mnt/ubna_data_02_mir/recover-20220922/UBNA_001/20220921_090000.WAV,Telephone Field,recover-20220922,001,1795
328.8525,328.8918,68437,82169,Rhinolophus ferrumequinum,0.022,0.022,-1,Echolocation,/mnt/ubna_data_02_mir/recover-20220922/UBNA_001/20220921_090000.WAV,Telephone Field,recover-20220922,001,1795
328.9085,328.91700000000003,28906,37771,Eptesicus serotinus,0.009,0.026,-1,Echolocation,/mnt/ubna_data_02_mir/recover-20220922/UBNA_001/20220921_090000.WAV,Telephone Field,recover-20220922,001,1795
328.9595,328.9968,68437,81530,Rhinolophus ferrumequinum,0.021,0.021,-1,Echolocation,/mnt/ubna_data_02_mir/recover-20220922/UBNA_001/20220921_090000.WAV,Telephone Field,recover-20220922,001,1795
328.9745,328.9842,25468,32591,Eptesicus serotinus,0.011,0.033,-1,Echolocation,/mnt/ubna_data_02_mir/recover-20220922/UBNA_001/20220921_090000.WAV,Telephone Field,recover-20220922,001,1795
329.0115,329.0526,68437,82619,Rhinolophus ferrumequinum,0.027,0.027,-1,Echolocation,/mnt/ubna_data_02_mir/recover-20220922/UBNA_001/20220921_090000.WAV,Telephone Field,recover-20220922,001,1795
329.04449999999997,329.052,23750,31528,Plecotus austriacus,0.008,0.021,-1,Echolocation,/mnt/ubna_data_02_mir/recover-20220922/UBNA_001/20220921_090000.WAV,Telephone Field,recover-20220922,001,1795
329.0525,329.0921,68437,82126,Rhinolophus ferrumequinum,0.027,0.027,-1,Echolocation,/mnt/ubna_data_02_mir/recover-20220922/UBNA_001/20220921_090000.WAV,Telephone Field,recover-20220922,001,1795
329.0625,329.1038,68437,81788,Rhinolophus ferrumequinum,0.025,0.025,-1,Echolocation,/mnt/ubna_data_02_mir/recover-20220922/UBNA_001/20220921_090000.WAV,Telephone Field,recover-20220922,001,1795
329.0815,329.0913,22890,28824,Nyctalus leisleri,0.011,0.026,-1,Echolocation,/mnt/ubna_data_02_mir/recover-20220922/UBNA_001/20220921_090000.WAV,Telephone Field,recover-20220922,001,1795
329.1015,329.1431,68437,82910,Rhinolophus ferrumequinum,0.026,0.026,-1,Echolocation,/mnt/ubna_data_02_mir/recover-20220922/UBNA_001/20220921_090000.WAV,Telephone Field,recover-20220922,001,1795
329.1155,329.1573,68437,81812,Rhinolophus ferrumequinum,0.023,0.023,-1,Echolocation,/mnt/ubna_data_02_mir/recover-20220922/UBNA_001/20220921_090000.WAV,Telephone Field,recover-20220922,001,1795
329.1215,329.1611,68437,82073,Rhinolophus ferrumequinum,0.023,0.023,-1,Echolocation,/mnt/ubna_data_02_mir/recover-20220922/UBNA_001/20220921_090000.WAV,Telephone Field,recover-20220922,001,1795
329.1845,329.1968,24609,30036,Nyctalus leisleri,0.014,0.033,-1,Echolocation,/mnt/ubna_data_02_mir/recover-20220922/UBNA_001/20220921_090000.WAV,Telephone Field,recover-20220922,001,1795
329.1965,329.2343,68437,82091,Rhinolophus ferrumequinum,0.021,0.021,-1,Echolocation,/mnt/ubna_data_02_mir/recover-20220922/UBNA_001/20220921_090000.WAV,Telephone Field,recover-20220922,001,1795
329.2125,329.2514,68437,82546,Rhinolophus ferrumequinum,0.021,0.021,-1,Echolocation,/mnt/ubna_data_02_mir/recover-20220922/UBNA_001/20220921_090000.WAV,Telephone Field,recover-20220922,001,1795
329.2555,329.2636,28046,38242,Eptesicus serotinus,0.008,0.024,-1,Echolocation,/mnt/ubna_data_02_mir/recover-20220922/UBNA_001/20220921_090000.WAV,Telephone Field,recover-20220922,001,1795
329.3265,329.3399,22031,25877,Nyctalus leisleri,0.013,0.022,-1,Echolocation,/mnt/ubna_data_02_mir/recover-20220922/UBNA_001/20220921_090000.WAV,Telephone Field,recover-20220922,001,1795
329.3325,329.3383,36640,58687,Myotis mystacinus,0.007,0.021,-1,Echolocation,/mnt/ubna_data_02_mir/recover-20220922/UBNA_001/20220921_090000.WAV,Telephone Field,recover-20220922,001,1795
329.3395,329.37760000000003,68437,82100,Rhinolophus ferrumequinum,0.022,0.022,-1,Echolocation,/mnt/ubna_data_02_mir/recover-20220922/UBNA_001/20220921_090000.WAV,Telephone Field,recover-20220922,001,1795
329.3485,329.3907,68437,82868,Rhinolophus ferrumequinum,0.022,0.022,-1,Echolocation,/mnt/ubna_data_02_mir/recover-20220922/UBNA_001/20220921_090000.WAV,Telephone Field,recover-20220922,001,1795
329.3565,329.3629,36640,44072,Barbastellus barbastellus,0.019,0.036,-1,Echolocation,/mnt/ubna_data_02_mir/recover-20220922/UBNA_001/20220921_090000.WAV,Telephone Field,recover-20220922,001,1795
329.3995,329.4414,68437,82420,Rhinolophus ferrumequinum,0.028,0.028,-1,Echolocation,/mnt/ubna_data_02_mir/recover-20220922/UBNA_001/20220921_090000.WAV,Telephone Field,recover-20220922,001,1795
329.4115,329.4187,28046,39717,Eptesicus serotinus,0.006,0.021,-1,Echolocation,/mnt/ubna_data_02_mir/recover-20220922/UBNA_001/20220921_090000.WAV,Telephone Field,recover-20220922,001,1795
329.4415,329.4825,68437,82092,Rhinolophus ferrumequinum,0.026,0.026,-1,Echolocation,/mnt/ubna_data_02_mir/recover-20220922/UBNA_001/20220921_090000.WAV,Telephone Field,recover-20220922,001,1795
329.4455,329.4616,15156,20504,Nyctalus noctula,0.017,0.023,-1,Echolocation,/mnt/ubna_data_02_mir/recover-20220922/UBNA_001/20220921_090000.WAV,Telephone Field,recover-20220922,001,1795
329.5135,329.5523,68437,81947,Rhinolophus ferrumequinum,0.024,0.024,-1,Echolocation,/mnt/ubna_data_02_mir/recover-20220922/UBNA_001/20220921_090000.WAV,Telephone Field,recover-20220922,001,1795
329.5175,329.5303,14296,19295,Nyctalus noctula,0.013,0.022,-1,Echolocation,/mnt/ubna_data_02_mir/recover-20220922/UBNA_001/20220921_090000.WAV,Telephone Field,recover-20220922,001,1795
329.5385,329.576,68437,81760,Rhinolophus ferrumequinum,0.021,0.021,-1,Echolocation,/mnt/ubna_data_02_mir/recover-20220922/UBNA_001/20220921_090000.WAV,Telephone Field,recover-20220922,001,1795
329.5545,329.5645,25468,33115,Eptesicus serotinus,0.009,0.021,-1,Echolocation,/mnt/ubna_data_02_mir/recover-20220922/UBNA_001/20220921_090000.WAV,Telephone Field,recover-20220922,001,1795
329.5845,329.6244,68437,82577,Rhinolophus ferrumequinum,0.023,0.023,-1,Echolocation,/mnt/ubna_data_02_mir/recover-20220922/UBNA_001/20220921_090000.WAV,Telephone Field,recover-20220922,001,1795
329.6085,329.6196,22890,27198,Nyctalus leisleri,0.012,0.022,-1,Echolocation,/mnt/ubna_data_02_mir/recover-20220922/UBNA_001/20220921_090000.WAV,Telephone Field,recover-20220922,001,1795
329.6175,329.6339,21171,24344,Nyctalus leisleri,0.014,0.022,-1,Echolocation,/mnt/ubna_data_02_mir/recover-20220922/UBNA_001/20220921_090000.WAV,Telephone Field,recover-20220922,001,1795
329.6305,329.6711,68437,82605,Rhinolophus ferrumequinum,0.022,0.022,-1,Echolocation,/mnt/ubna_data_02_mir/recover-20220922/UBNA_001/20220921_090000.WAV,Telephone Field,recover-20220922,001,1795
329.6395,329.6501,29765,37139,Eptesicus serotinus,0.012,0.026,-1,Echolocation,/mnt/ubna_data_02_mir/recover-20220922/UBNA_001/20220921_090000.WAV,Telephone Field,recover-20220922,001,1795
329.6535,329.6948,68437,82506,Rhinolophus ferrumequinum,0.024,0.024,-1,Echolocation,/mnt/ubna_data_02_mir/recover-20220922/UBNA_001/20220921_090000.WAV,Telephone Field,recover-20220922,001,1795
329.6775,329.7155,68437,81697,Rhinolophus ferrumequinum,0.022,0.022,-1,Echolocation,/mnt/ubna_data_02_mir/recover-20220922/UBNA_001/20220921_090000.WAV,Telephone Field,recover-20220922,001,1795
329.7045,329.7424,68437,81900,Rhinolophus ferrumequinum,0.022,0.022,-1,Echolocation,/mnt/ubna_data_02_mir/recover-20220922/UBNA_001/20220921_090000.WAV,Telephone Field,recover-20220922,001,1795
329.7135,329.7525,68437,82078,Rhinolophus ferrumequinum,0.022,0.022,-1,Echolocation,/mnt/ubna_data_02_mir/recover-20220922/UBNA_001/20220921_090000.WAV,Telephone Field,recover-20220922,001,1795
329.7265,329.7651,68437,82469,Rhinolophus ferrumequinum,0.025,0.025,-1,Echolocation,/mnt/ubna_data_02_mir/recover-20220922/UBNA_001/20220921_090000.WAV,Telephone Field,recover-20220922,001,1795
329.7775,329.8172,68437,81766,Rhinolophus ferrumequinum,0.021,0.021,-1,Echolocation,/mnt/ubna_data_02_mir/recover-20220922/UBNA_001/20220921_090000.WAV,Telephone Field,recover-20220922,001,1795
329.7975,329.83820000000003,68437,82488,Rhinolophus ferrumequinum,0.024,0.024,-1,Echolocation,/mnt/ubna_data_02_mir/recover-20220922/UBNA_001/20220921_090000.WAV,Telephone Field,recover-20220922,001,1795
329.8055,329.8454,68437,81563,Rhinolophus ferrumequinum,0.024,0.024,-1,Echolocation,/mnt/ubna_data_02_mir/recover-20220922/UBNA_001/20220921_090000.WAV,Telephone Field,recover-20220922,001,1795
329.8115,329.8188,28046,36958,Eptesicus serotinus,0.007,0.023,-1,Echolocation,/mnt/ubna_data_02_mir/recover-20220922/UBNA_001/20220921_090000.WAV,Telephone Field,recover-20220922,001,1795
329.8635,329.9039,68437,82696,Rhinolophus ferrumequinum,0.021,0.021,-1,Echolocation,/mnt/ubna_data_02_mir/recover-20220922/UBNA_001/20220921_090000.WAV,Telephone Field,recover-20220922,001,1795
329.8765,329.9187,68437,82998,Rhinolophus ferrumequinum,0.023,0.023,-1,Echolocation,/mnt/ubna_data_02_mir/recover-20220922/UBNA_001/20220921_090000.WAV,Telephone Field,recover-20220922,001,1795
329.89549999999997,329.903,28046,39687,Eptesicus serotinus,0.009,0.026,-1,Echolocation,/mnt/ubna_data_02_mir/recover-20220922/UBNA_001/20220921_090000.WAV,Telephone Field,recover-20220922,001,1795
329.9225,329.931,28046,39303,Eptesicus serotinus,0.008,0.022,-1,Echolocation,/mnt/ubna_data_02_mir/recover-20220922/UBNA_001/20220921_090000.WAV,Telephone Field,recover-20220922,001,1795
329.9425,329.9837,68437,82348,Rhinolophus ferrumequinum,0.028,0.028,-1,Echolocation,/mnt/ubna_data_02_mir/recover-20220922/UBNA_001/20220921_090000.WAV,Telephone Field,recover-20220922,001,1795
329.9485,329.9908,68437,82117,Rhinolophus ferrumequinum,0.028,0.028,-1,Echolocation,/mnt/ubna_data_02_mir/recover-20220922/UBNA_001/20220921_090000.WAV,Telephone Field,recover-20220922,001,1795
329.9765,329.9838,28046,40190,Eptesicus serotinus,0.006,0.021,-1,Echolocation,/mnt/ubna_data_02_mir/recover-20220922/UBNA_001/20220921_090000.WAV,Telephone Field,recover-20220922,001,1795
330.0015,330.0325,69296,80814,Rhinolophus ferrumequinum,0.045,0.045,-1,Echolocation,/mnt/ubna_data_02_mir/recover-20220922/UBNA_001/20220921_090000.WAV,Telephone Field,recover-20220922,001,1795
330.0015,330.0106,26328,33795,Nyctalus leisleri,0.009,0.029,-1,Echolocation,/mnt/ubna_data_02_mir/recover-20220922/UBNA_001/20220921_090000.WAV,Telephone Field,recover-20220922,001,1795
330.0015,330.0103,33203,40115,Myotis daubentonii,0.006,0.021,-1,Echolocation,/mnt/ubna_data_02_mir/recover-20220922/UBNA_001/20220921_090000.WAV,Telephone Field,recover-20220922,001,1795
330.0185,330.0282,28046,36221,Eptesicus serotinus,0.009,0.021,-1,Echolocation,/mnt/ubna_data_02_mir/recover-20220922/UBNA_001/20220921_090000.WAV,Telephone Field,recover-20220922,001,1795
330.0515,330.0616,28046,36184,Eptesicus serotinus,0.012,0.026,-1,Echolocation,/mnt/ubna_data_02_mir/recover-20220922/UBNA_001/20220921_090000.WAV,Telephone Field,recover-20220922,001,1795
330.0555,330.092,68437,81676,Rhinolophus ferrumequinum,0.021,0.021,-1,Echolocation,/mnt/ubna_data_02_mir/recover-20220922/UBNA_001/20220921_090000.WAV,Telephone Field,recover-20220922,001,1795
330.0605,330.0974,68437,82025,Rhinolophus ferrumequinum,0.021,0.021,-1,Echolocation,/mnt/ubna_data_02_mir/recover-20220922/UBNA_001/20220921_090000.WAV,Telephone Field,recover-20220922,001,1795
330.0775,330.1148,68437,82424,Rhinolophus ferrumequinum,0.025,0.025,-1,Echolocation,/mnt/ubna_data_02_mir/recover-20220922/UBNA_001/20220921_090000.WAV,Telephone Field,recover-20220922,001,1795
330.0995,330.112,22890,28421,Nyctalus leisleri,0.013,0.029,-1,Echolocation,/mnt/ubna_data_02_mir/recover-20220922/UBNA_001/20220921_090000.WAV,Telephone Field,recover-20220922,001,1795
330.1075,330.1457,68437,82130,Rhinolophus ferrumequinum,0.022,0.022,-1,Echolocation,/mnt/ubna_data_02_mir/recover-20220922/UBNA_001/20220921_090000.WAV,Telephone Field,recover-20220922,001,1795
330.1485,330.1845,68437,81309,Rhinolophus ferrumequinum,0.022,0.022,-1,Echolocation,/mnt/ubna_data_02_mir/recover-20220922/UBNA_001/20220921_090000.WAV,Telephone Field,recover-20220922,001,1795
330.1595,330.1958,68437,81770,Rhinolophus ferrumequinum,0.024,0.024,-1,Echolocation,/mnt/ubna_data_02_mir/recover-20220922/UBNA_001/20220921_090000.WAV,Telephone Field,recover-20220922,001,1795
330.1945,330.2024,27187,42116,Eptesicus serotinus,0.007,0.022,-1,Echolocation,/mnt/ubna_data_02_mir/recover-20220922/UBNA_001/20220921_090000.WAV,Telephone Field,recover-20220922,001,1795
330.2315,330.2681,68437,82169,Rhinolophus ferrumequinum,0.028,0.028,-1,Echolocation,/mnt/ubna_data_02_mir/recover-20220922/UBNA_001/20220921_090000.WAV,Telephone Field,recover-20220922,001,1795
330.2575,330.2986,68437,82463,Rhinolophus ferrumequinum,0.029,0.029,-1,Echolocation,/mnt/ubna_data_02_mir/recover-20220922/UBNA_001/20220921_090000.WAV,Telephone Field,recover-20220922,001,1795
330.2865,330.2962,28046,36024,Eptesicus serotinus,0.011,0.024,-1,Echolocation,/mnt/ubna_data_02_mir/recover-20220922/UBNA_001/20220921_090000.WAV,Telephone Field,recover-20220922,001,1795
330.3145,330.3519,68437,81991,Rhinolophus ferrumequinum,0.021,0.021,-1,Echolocation,/mnt/ubna_data_02_mir/recover-20220922/UBNA_001/20220921_090000.WAV,Telephone Field,recover-20220922,001,1795
330.3345,330.3417,46093,54991,Pipistrellus pipistrellus,0.016,0.028,-1,Echolocation,/mnt/ubna_data_02_mir/recover-20220922/UBNA_001/20220921_090000.WAV,Telephone Field,recover-20220922,001,1795
330.3395,330.3453,24609,35818,Plecotus auritus,0.012,0.034,-1,Echolocation,/mnt/ubna_data_02_mir/recover-20220922/UBNA_001/20220921_090000.WAV,Telephone Field,recover-20220922,001,1795
330.3405,330.3756,68437,81923,Rhinolophus ferrumequinum,0.023,0.023,-1,Echolocation,/mnt/ubna_data_02_mir/recover-20220922/UBNA_001/20220921_090000.WAV,Telephone Field,recover-20220922,001,1795
330.3935,330.4343,68437,82204,Rhinolophus ferrumequinum,0.022,0.022,-1,Echolocation,/mnt/ubna_data_02_mir/recover-20220922/UBNA_001/20220921_090000.WAV,Telephone Field,recover-20220922,001,1795
330.3945,330.4046,45234,48709,Pipistrellus pipistrellus,0.029,0.032,-1,Echolocation,/mnt/ubna_data_02_mir/recover-20220922/UBNA_001/20220921_090000.WAV,Telephone Field,recover-20220922,001,1795
330.4105,330.4491,68437,82915,Rhinolophus ferrumequinum,0.023,0.023,-1,Echolocation,/mnt/ubna_data_02_mir/recover-20220922/UBNA_001/20220921_090000.WAV,Telephone Field,recover-20220922,001,1795
330.4275,330.4363,24609,33063,Eptesicus serotinus,0.007,0.023,-1,Echolocation,/mnt/ubna_data_02_mir/recover-20220922/UBNA_001/20220921_090000.WAV,Telephone Field,recover-20220922,001,1795
330.4565,330.4655,23750,30278,Nyctalus leisleri,0.007,0.022,-1,Echolocation,/mnt/ubna_data_02_mir/recover-20220922/UBNA_001/20220921_090000.WAV,Telephone Field,recover-20220922,001,1795
330.4735,330.5167,68437,83305,Rhinolophus ferrumequinum,0.031,0.031,-1,Echolocation,/mnt/ubna_data_02_mir/recover-20220922/UBNA_001/20220921_090000.WAV,Telephone Field,recover-20220922,001,1795
330.4965,330.5353,68437,82037,Rhinolophus ferrumequinum,0.024,0.024,-1,Echolocation,/mnt/ubna_data_02_mir/recover-20220922/UBNA_001/20220921_090000.WAV,Telephone Field,recover-20220922,001,1795
330.5475,330.5888,68437,82361,Rhinolophus ferrumequinum,0.056,0.056,-1,Echolocation,/mnt/ubna_data_02_mir/recover-20220922/UBNA_001/20220921_090000.WAV,Telephone Field,recover-20220922,001,1795
330.5605,330.6012,68437,82786,Rhinolophus ferrumequinum,0.024,0.024,-1,Echolocation,/mnt/ubna_data_02_mir/recover-20220922/UBNA_001/20220921_090000.WAV,Telephone Field,recover-20220922,001,1795
330.5685,330.5757,28046,40099,Eptesicus serotinus,0.008,0.028,-1,Echolocation,/mnt/ubna_data_02_mir/recover-20220922/UBNA_001/20220921_090000.WAV,Telephone Field,recover-20220922,001,1795
330.5805,330.5878,28046,37621,Eptesicus serotinus,0.006,0.022,-1,Echolocation,/mnt/ubna_data_02_mir/recover-20220922/UBNA_001/20220921_090000.WAV,Telephone Field,recover-20220922,001,1795
330.5855,330.6262,68437,83082,Rhinolophus ferrumequinum,0.025,0.026,-1,Echolocation,/mnt/ubna_data_02_mir/recover-20220922/UBNA_001/20220921_090000.WAV,Telephone Field,recover-20220922,001,1795
330.6135,330.6505,68437,81869,Rhinolophus ferrumequinum,0.024,0.024,-1,Echolocation,/mnt/ubna_data_02_mir/recover-20220922/UBNA_001/20220921_090000.WAV,Telephone Field,recover-20220922,001,1795
330.6305,330.6415,23750,27655,Nyctalus leisleri,0.012,0.022,-1,Echolocation,/mnt/ubna_data_02_mir/recover-20220922/UBNA_001/20220921_090000.WAV,Telephone Field,recover-20220922,001,1795
330.6605,330.7007,68437,83028,Rhinolophus ferrumequinum,0.038,0.038,-1,Echolocation,/mnt/ubna_data_02_mir/recover-20220922/UBNA_001/20220921_090000.WAV,Telephone Field,recover-20220922,001,1795
330.6885,330.7294,68437,82729,Rhinolophus ferrumequinum,0.026,0.026,-1,Echolocation,/mnt/ubna_data_02_mir/recover-20220922/UBNA_001/20220921_090000.WAV,Telephone Field,recover-20220922,001,1795
330.7085,330.7164,28906,37624,Eptesicus serotinus,0.007,0.022,-1,Echolocation,/mnt/ubna_data_02_mir/recover-20220922/UBNA_001/20220921_090000.WAV,Telephone Field,recover-20220922,001,1795
330.7255,330.7655,68437,82330,Rhinolophus ferrumequinum,0.023,0.023,-1,Echolocation,/mnt/ubna_data_02_mir/recover-20220922/UBNA_001/20220921_090000.WAV,Telephone Field,recover-20220922,001,1795
330.7475,330.7868,68437,82272,Rhinolophus ferrumequinum,0.021,0.021,-1,Echolocation,/mnt/ubna_data_02_mir/recover-20220922/UBNA_001/20220921_090000.WAV,Telephone Field,recover-20220922,001,1795
330.8125,330.8549,68437,83140,Rhinolophus ferrumequinum,0.038,0.038,-1,Echolocation,/mnt/ubna_data_02_mir/recover-20220922/UBNA_001/20220921_090000.WAV,Telephone Field,recover-20220922,001,1795
330.8335,330.8706,68437,82265,Rhinolophus ferrumequinum,0.024,0.024,-1,Echolocation,/mnt/ubna_data_02_mir/recover-20220922/UBNA_001/20220921_090000.WAV,Telephone Field,recover-20220922,001,1795
330.8335,330.841,27187,37097,Eptesicus serotinus,0.01,0.029,-1,Echolocation,/mnt/ubna_data_02_mir/recover-20220922/UBNA_001/20220921_090000.WAV,Telephone Field,recover-20220922,001,1795
330.8465,330.8827,68437,81316,Rhinolophus ferrumequinum,0.029,0.029,-1,Echolocation,/mnt/ubna_data_02_mir/recover-20220922/UBNA_001/20220921_090000.WAV,Telephone Field,recover-20220922,001,1795
330.8515,330.8636,14296,19290,Nyctalus noctula,0.026,0.045,-1,Echolocation,/mnt/ubna_data_02_mir/recover-20220922/UBNA_001/20220921_090000.WAV,Telephone Field,recover-20220922,001,1795
330.8795,330.9211,68437,83442,Rhinolophus ferrumequinum,0.027,0.027,-1,Echolocation,/mnt/ubna_data_02_mir/recover-20220922/UBNA_001/20220921_090000.WAV,Telephone Field,recover-20220922,001,1795
330.8855,330.8956,27187,37325,Eptesicus serotinus,0.013,0.029,-1,Echolocation,/mnt/ubna_data_02_mir/recover-20220922/UBNA_001/20220921_090000.WAV,Telephone Field,recover-20220922,001,1795
330.9095,330.9182,47812,53692,Pipistrellus pipistrellus,0.021,0.023,-1,Echolocation,/mnt/ubna_data_02_mir/recover-20220922/UBNA_001/20220921_090000.WAV,Telephone Field,recover-20220922,001,1795
330.9205,330.9277,28906,39048,Eptesicus serotinus,0.006,0.021,-1,Echolocation,/mnt/ubna_data_02_mir/recover-20220922/UBNA_001/20220921_090000.WAV,Telephone Field,recover-20220922,001,1795
330.9315,330.9708,68437,81822,Rhinolophus ferrumequinum,0.022,0.022,-1,Echolocation,/mnt/ubna_data_02_mir/recover-20220922/UBNA_001/20220921_090000.WAV,Telephone Field,recover-20220922,001,1795
330.9495,330.9572,28046,38345,Eptesicus serotinus,0.007,0.022,-1,Echolocation,/mnt/ubna_data_02_mir/recover-20220922/UBNA_001/20220921_090000.WAV,Telephone Field,recover-20220922,001,1795
330.9565,330.9933,68437,81386,Rhinolophus ferrumequinum,0.022,0.022,-1,Echolocation,/mnt/ubna_data_02_mir/recover-20220922/UBNA_001/20220921_090000.WAV,Telephone Field,recover-20220922,001,1795
330.9945,331.033,68437,81906,Rhinolophus ferrumequinum,0.024,0.024,-1,Echolocation,/mnt/ubna_data_02_mir/recover-20220922/UBNA_001/20220921_090000.WAV,Telephone Field,recover-20220922,001,1795
331.0135,331.022,27187,37916,Eptesicus serotinus,0.007,0.021,-1,Echolocation,/mnt/ubna_data_02_mir/recover-20220922/UBNA_001/20220921_090000.WAV,Telephone Field,recover-20220922,001,1795
331.0235,331.0636,68437,82126,Rhinolophus ferrumequinum,0.024,0.024,-1,Echolocation,/mnt/ubna_data_02_mir/recover-20220922/UBNA_001/20220921_090000.WAV,Telephone Field,recover-20220922,001,1795
331.0475,331.0895,68437,82617,Rhinolophus ferrumequinum,0.026,0.026,-1,Echolocation,/mnt/ubna_data_02_mir/recover-20220922/UBNA_001/20220921_090000.WAV,Telephone Field,recover-20220922,001,1795
331.0605,331.0703,42656,45531,Pipistrellus pipistrellus,0.022,0.025,-1,Echolocation,/mnt/ubna_data_02_mir/recover-20220922/UBNA_001/20220921_090000.WAV,Telephone Field,recover-20220922,001,1795
331.0695,331.1085,68437,82204,Rhinolophus ferrumequinum,0.022,0.022,-1,Echolocation,/mnt/ubna_data_02_mir/recover-20220922/UBNA_001/20220921_090000.WAV,Telephone Field,recover-20220922,001,1795
331.0755,331.0895,22890,27803,Nyctalus leisleri,0.02,0.036,-1,Echolocation,/mnt/ubna_data_02_mir/recover-20220922/UBNA_001/20220921_090000.WAV,Telephone Field,recover-20220922,001,1795
331.1155,331.1542,68437,81713,Rhinolophus ferrumequinum,0.028,0.028,-1,Echolocation,/mnt/ubna_data_02_mir/recover-20220922/UBNA_001/20220921_090000.WAV,Telephone Field,recover-20220922,001,1795
331.1165,331.1268,24609,31473,Eptesicus serotinus,0.008,0.024,-1,Echolocation,/mnt/ubna_data_02_mir/recover-20220922/UBNA_001/20220921_090000.WAV,Telephone Field,recover-20220922,001,1795
331.1415,331.1812,68437,82264,Rhinolophus ferrumequinum,0.024,0.024,-1,Echolocation,/mnt/ubna_data_02_mir/recover-20220922/UBNA_001/20220921_090000.WAV,Telephone Field,recover-20220922,001,1795
331.1615,331.1989,68437,82060,Rhinolophus ferrumequinum,0.025,0.025,-1,Echolocation,/mnt/ubna_data_02_mir/recover-20220922/UBNA_001/20220921_090000.WAV,Telephone Field,recover-20220922,001,1795
331.1745,331.1849,28906,36921,Eptesicus serotinus,0.011,0.027,-1,Echolocation,/mnt/ubna_data_02_mir/recover-20220922/UBNA_001/20220921_090000.WAV,Telephone Field,recover-20220922,001,1795
331.1885,331.2266,68437,82201,Rhinolophus ferrumequinum,0.021,0.021,-1,Echolocation,/mnt/ubna_data_02_mir/recover-20220922/UBNA_001/20220921_090000.WAV,Telephone Field,recover-20220922,001,1795
331.1905,331.1994,47812,50994,Pipistrellus pipistrellus,0.03,0.032,-1,Echolocation,/mnt/ubna_data_02_mir/recover-20220922/UBNA_001/20220921_090000.WAV,Telephone Field,recover-20220922,001,1795
331.2595,331.3008,68437,82546,Rhinolophus ferrumequinum,0.023,0.023,-1,Echolocation,/mnt/ubna_data_02_mir/recover-20220922/UBNA_001/20220921_090000.WAV,Telephone Field,recover-20220922,001,1795
331.2955,331.3306,68437,80311,Rhinolophus ferrumequinum,0.023,0.023,-1,Echolocation,/mnt/ubna_data_02_mir/recover-20220922/UBNA_001/20220921_090000.WAV,Telephone Field,recover-20220922,001,1795
331.3235,331.3643,68437,82910,Rhinolophus ferrumequinum,0.029,0.029,-1,Echolocation,/mnt/ubna_data_02_mir/recover-20220922/UBNA_001/20220921_090000.WAV,Telephone Field,recover-20220922,001,1795
331.3735,331.3819,28046,38507,Eptesicus serotinus,0.007,0.021,-1,Echolocation,/mnt/ubna_data_02_mir/recover-20220922/UBNA_001/20220921_090000.WAV,Telephone Field,recover-20220922,001,1795
331.3985,331.4386,68437,82252,Rhinolophus ferrumequinum,0.023,0.023,-1,Echolocation,/mnt/ubna_data_02_mir/recover-20220922/UBNA_001/20220921_090000.WAV,Telephone Field,recover-20220922,001,1795
331.4145,331.4246,26328,34575,Eptesicus serotinus,0.011,0.025,-1,Echolocation,/mnt/ubna_data_02_mir/recover-20220922/UBNA_001/20220921_090000.WAV,Telephone Field,recover-20220922,001,1795
331.4265,331.4353,27187,36283,Eptesicus serotinus,0.012,0.028,-1,Echolocation,/mnt/ubna_data_02_mir/recover-20220922/UBNA_001/20220921_090000.WAV,Telephone Field,recover-20220922,001,1795
331.4625,331.5072,68437,83446,Rhinolophus ferrumequinum,0.032,0.032,-1,Echolocation,/mnt/ubna_data_02_mir/recover-20220922/UBNA_001/20220921_090000.WAV,Telephone Field,recover-20220922,001,1795
331.5155,331.5543,68437,81850,Rhinolophus ferrumequinum,0.022,0.022,-1,Echolocation,/mnt/ubna_data_02_mir/recover-20220922/UBNA_001/20220921_090000.WAV,Telephone Field,recover-20220922,001,1795
331.5405,331.5805,68437,82279,Rhinolophus ferrumequinum,0.022,0.022,-1,Echolocation,/mnt/ubna_data_02_mir/recover-20220922/UBNA_001/20220921_090000.WAV,Telephone Field,recover-20220922,001,1795
331.5495,331.5579,25468,34342,Eptesicus serotinus,0.006,0.021,-1,Echolocation,/mnt/ubna_data_02_mir/recover-20220922/UBNA_001/20220921_090000.WAV,Telephone Field,recover-20220922,001,1795
331.5505,331.591,68437,82187,Rhinolophus ferrumequinum,0.021,0.021,-1,Echolocation,/mnt/ubna_data_02_mir/recover-20220922/UBNA_001/20220921_090000.WAV,Telephone Field,recover-20220922,001,1795
331.5675,331.6088,68437,82769,Rhinolophus ferrumequinum,0.033,0.033,-1,Echolocation,/mnt/ubna_data_02_mir/recover-20220922/UBNA_001/20220921_090000.WAV,Telephone Field,recover-20220922,001,1795
331.5705,331.5796,27187,38403,Eptesicus serotinus,0.009,0.022,-1,Echolocation,/mnt/ubna_data_02_mir/recover-20220922/UBNA_001/20220921_090000.WAV,Telephone Field,recover-20220922,001,1795
331.5865,331.596,24609,32714,Eptesicus serotinus,0.01,0.024,-1,Echolocation,/mnt/ubna_data_02_mir/recover-20220922/UBNA_001/20220921_090000.WAV,Telephone Field,recover-20220922,001,1795
331.5905,331.6285,68437,82423,Rhinolophus ferrumequinum,0.021,0.021,-1,Echolocation,/mnt/ubna_data_02_mir/recover-20220922/UBNA_001/20220921_090000.WAV,Telephone Field,recover-20220922,001,1795
331.6075,331.6514,68437,83220,Rhinolophus ferrumequinum,0.046,0.046,-1,Echolocation,/mnt/ubna_data_02_mir/recover-20220922/UBNA_001/20220921_090000.WAV,Telephone Field,recover-20220922,001,1795
331.6795,331.7199,68437,82293,Rhinolophus ferrumequinum,0.022,0.022,-1,Echolocation,/mnt/ubna_data_02_mir/recover-20220922/UBNA_001/20220921_090000.WAV,Telephone Field,recover-20220922,001,1795
331.7465,331.7832,68437,81793,Rhinolophus ferrumequinum,0.021,0.021,-1,Echolocation,/mnt/ubna_data_02_mir/recover-20220922/UBNA_001/20220921_090000.WAV,Telephone Field,recover-20220922,001,1795
331.7585,331.7942,68437,81373,Rhinolophus ferrumequinum,0.023,0.023,-1,Echolocation,/mnt/ubna_data_02_mir/recover-20220922/UBNA_001/20220921_090000.WAV,Telephone Field,recover-20220922,001,1795
331.7935,331.8308,68437,80964,Rhinolophus ferrumequinum,0.022,0.022,-1,Echolocation,/mnt/ubna_data_02_mir/recover-20220922/UBNA_001/20220921_090000.WAV,Telephone Field,recover-20220922,001,1795
331.8165,331.8548,68437,82420,Rhinolophus ferrumequinum,0.021,0.022,-1,Echolocation,/mnt/ubna_data_02_mir/recover-20220922/UBNA_001/20220921_090000.WAV,Telephone Field,recover-20220922,001,1795
331.8295,331.8668,68437,81884,Rhinolophus ferrumequinum,0.021,0.021,-1,Echolocation,/mnt/ubna_data_02_mir/recover-20220922/UBNA_001/20220921_090000.WAV,Telephone Field,recover-20220922,001,1795
331.8585,331.8697,23750,28991,Nyctalus leisleri,0.013,0.027,-1,Echolocation,/mnt/ubna_data_02_mir/recover-20220922/UBNA_001/20220921_090000.WAV,Telephone Field,recover-20220922,001,1795
331.8635,331.9013,68437,81834,Rhinolophus ferrumequinum,0.026,0.026,-1,Echolocation,/mnt/ubna_data_02_mir/recover-20220922/UBNA_001/20220921_090000.WAV,Telephone Field,recover-20220922,001,1795
331.8745,331.9105,68437,81836,Rhinolophus ferrumequinum,0.033,0.033,-1,Echolocation,/mnt/ubna_data_02_mir/recover-20220922/UBNA_001/20220921_090000.WAV,Telephone Field,recover-20220922,001,1795
331.8985,331.9382,68437,81937,Rhinolophus ferrumequinum,0.021,0.021,-1,Echolocation,/mnt/ubna_data_02_mir/recover-20220922/UBNA_001/20220921_090000.WAV,Telephone Field,recover-20220922,001,1795
331.9045,331.9452,68437,82191,Rhinolophus ferrumequinum,0.021,0.022,-1,Echolocation,/mnt/ubna_data_02_mir/recover-20220922/UBNA_001/20220921_090000.WAV,Telephone Field,recover-20220922,001,1795
331.9415,331.9813,68437,82108,Rhinolophus ferrumequinum,0.022,0.022,-1,Echolocation,/mnt/ubna_data_02_mir/recover-20220922/UBNA_001/20220921_090000.WAV,Telephone Field,recover-20220922,001,1795
331.9625,331.9704,27187,37327,Eptesicus serotinus,0.008,0.023,-1,Echolocation,/mnt/ubna_data_02_mir/recover-20220922/UBNA_001/20220921_090000.WAV,Telephone Field,recover-20220922,001,1795
332.0015,332.0321,68437,79341,Rhinolophus ferrumequinum,0.057,0.058,-1,Echolocation,/mnt/ubna_data_02_mir/recover-20220922/UBNA_001/20220921_090000.WAV,Telephone Field,recover-20220922,001,1795
332.0015,332.0097,23750,31029,Nyctalus leisleri,0.011,0.032,-1,Echolocation,/mnt/ubna_data_02_mir/recover-20220922/UBNA_001/20220921_090000.WAV,Telephone Field,recover-20220922,001,1795
332.0015,332.0101,46093,52949,Pipistrellus pipistrellus,0.018,0.025,-1,Echolocation,/mnt/ubna_data_02_mir/recover-20220922/UBNA_001/20220921_090000.WAV,Telephone Field,recover-20220922,001,1795
332.0245,332.0366,24609,30465,Nyctalus leisleri,0.01,0.026,-1,Echolocation,/mnt/ubna_data_02_mir/recover-20220922/UBNA_001/20220921_090000.WAV,Telephone Field,recover-20220922,001,1795
332.0295,332.0667,68437,81621,Rhinolophus ferrumequinum,0.023,0.023,-1,Echolocation,/mnt/ubna_data_02_mir/recover-20220922/UBNA_001/20220921_090000.WAV,Telephone Field,recover-20220922,001,1795
332.0375,332.0578,18593,21347,Nyctalus noctula,0.013,0.026,-1,Echolocation,/mnt/ubna_data_02_mir/recover-20220922/UBNA_001/20220921_090000.WAV,Telephone Field,recover-20220922,001,1795
332.0485,332.0907,68437,82538,Rhinolophus ferrumequinum,0.027,0.027,-1,Echolocation,/mnt/ubna_data_02_mir/recover-20220922/UBNA_001/20220921_090000.WAV,Telephone Field,recover-20220922,001,1795
332.0915,332.1331,68437,83110,Rhinolophus ferrumequinum,0.026,0.026,-1,Echolocation,/mnt/ubna_data_02_mir/recover-20220922/UBNA_001/20220921_090000.WAV,Telephone Field,recover-20220922,001,1795
332.1465,332.1544,28906,40803,Eptesicus serotinus,0.008,0.023,-1,Echolocation,/mnt/ubna_data_02_mir/recover-20220922/UBNA_001/20220921_090000.WAV,Telephone Field,recover-20220922,001,1795
332.1645,332.2031,68437,81701,Rhinolophus ferrumequinum,0.031,0.031,-1,Echolocation,/mnt/ubna_data_02_mir/recover-20220922/UBNA_001/20220921_090000.WAV,Telephone Field,recover-20220922,001,1795
332.1905,332.1996,25468,32794,Eptesicus serotinus,0.008,0.022,-1,Echolocation,/mnt/ubna_data_02_mir/recover-20220922/UBNA_001/20220921_090000.WAV,Telephone Field,recover-20220922,001,1795
332.2235,332.2309,25468,34737,Plecotus austriacus,0.006,0.023,-1,Echolocation,/mnt/ubna_data_02_mir/recover-20220922/UBNA_001/20220921_090000.WAV,Telephone Field,recover-20220922,001,1795
332.2305,332.2697,68437,82624,Rhinolophus ferrumequinum,0.026,0.026,-1,Echolocation,/mnt/ubna_data_02_mir/recover-20220922/UBNA_001/20220921_090000.WAV,Telephone Field,recover-20220922,001,1795
332.2385,332.2766,68437,82444,Rhinolophus ferrumequinum,0.021,0.021,-1,Echolocation,/mnt/ubna_data_02_mir/recover-20220922/UBNA_001/20220921_090000.WAV,Telephone Field,recover-20220922,001,1795
332.2415,332.2507,26328,34359,Eptesicus serotinus,0.01,0.023,-1,Echolocation,/mnt/ubna_data_02_mir/recover-20220922/UBNA_001/20220921_090000.WAV,Telephone Field,recover-20220922,001,1795
332.2855,332.2927,25468,34929,Plecotus austriacus,0.009,0.028,-1,Echolocation,/mnt/ubna_data_02_mir/recover-20220922/UBNA_001/20220921_090000.WAV,Telephone Field,recover-20220922,001,1795
332.2945,332.3336,68437,82353,Rhinolophus ferrumequinum,0.024,0.024,-1,Echolocation,/mnt/ubna_data_02_mir/recover-20220922/UBNA_001/20220921_090000.WAV,Telephone Field,recover-20220922,001,1795
332.3065,332.3445,68437,82316,Rhinolophus ferrumequinum,0.022,0.022,-1,Echolocation,/mnt/ubna_data_02_mir/recover-20220922/UBNA_001/20220921_090000.WAV,Telephone Field,recover-20220922,001,1795
332.3365,332.3734,68437,81877,Rhinolophus ferrumequinum,0.024,0.025,-1,Echolocation,/mnt/ubna_data_02_mir/recover-20220922/UBNA_001/20220921_090000.WAV,Telephone Field,recover-20220922,001,1795
332.3435,332.3542,22890,27832,Nyctalus leisleri,0.01,0.022,-1,Echolocation,/mnt/ubna_data_02_mir/recover-20220922/UBNA_001/20220921_090000.WAV,Telephone Field,recover-20220922,001,1795
332.3435,332.3811,68437,82102,Rhinolophus ferrumequinum,0.028,0.028,-1,Echolocation,/mnt/ubna_data_02_mir/recover-20220922/UBNA_001/20220921_090000.WAV,Telephone Field,recover-20220922,001,1795
332.3685,332.4081,68437,81688,Rhinolophus ferrumequinum,0.024,0.024,-1,Echolocation,/mnt/ubna_data_02_mir/recover-20220922/UBNA_001/20220921_090000.WAV,Telephone Field,recover-20220922,001,1795
332.3865,332.427,68437,82766,Rhinolophus ferrumequinum,0.028,0.028,-1,Echolocation,/mnt/ubna_data_02_mir/recover-20220922/UBNA_001/20220921_090000.WAV,Telephone Field,recover-20220922,001,1795
332.4165,332.4229,24609,39456,Plecotus austriacus,0.014,0.038,-1,Echolocation,/mnt/ubna_data_02_mir/recover-20220922/UBNA_001/20220921_090000.WAV,Telephone Field,recover-20220922,001,1795
332.4285,332.4377,26328,33154,Eptesicus serotinus,0.012,0.032,-1,Echolocation,/mnt/ubna_data_02_mir/recover-20220922/UBNA_001/20220921_090000.WAV,Telephone Field,recover-20220922,001,1795
332.4585,332.4682,22031,28224,Plecotus austriacus,0.009,0.026,-1,Echolocation,/mnt/ubna_data_02_mir/recover-20220922/UBNA_001/20220921_090000.WAV,Telephone Field,recover-20220922,001,1795
332.4785,332.4956,22890,26439,Nyctalus leisleri,0.05,0.084,-1,Echolocation,/mnt/ubna_data_02_mir/recover-20220922/UBNA_001/20220921_090000.WAV,Telephone Field,recover-20220922,001,1795
332.4985,332.5339,68437,81524,Rhinolophus ferrumequinum,0.021,0.021,-1,Echolocation,/mnt/ubna_data_02_mir/recover-20220922/UBNA_001/20220921_090000.WAV,Telephone Field,recover-20220922,001,1795
332.5175,332.5562,68437,82775,Rhinolophus ferrumequinum,0.024,0.024,-1,Echolocation,/mnt/ubna_data_02_mir/recover-20220922/UBNA_001/20220921_090000.WAV,Telephone Field,recover-20220922,001,1795
332.5505,332.5879,68437,81660,Rhinolophus ferrumequinum,0.022,0.022,-1,Echolocation,/mnt/ubna_data_02_mir/recover-20220922/UBNA_001/20220921_090000.WAV,Telephone Field,recover-20220922,001,1795
332.5865,332.6248,68437,82636,Rhinolophus ferrumequinum,0.021,0.022,-1,Echolocation,/mnt/ubna_data_02_mir/recover-20220922/UBNA_001/20220921_090000.WAV,Telephone Field,recover-20220922,001,1795
332.6145,332.6536,68437,82191,Rhinolophus ferrumequinum,0.032,0.032,-1,Echolocation,/mnt/ubna_data_02_mir/recover-20220922/UBNA_001/20220921_090000.WAV,Telephone Field,recover-20220922,001,1795
332.6185,332.6333,37500,41534,Pipistrellus nathusii,0.098,0.118,-1,Echolocation,/mnt/ubna_data_02_mir/recover-20220922/UBNA_001/20220921_090000.WAV,Telephone Field,recover-20220922,001,1795
332.6275,332.6349,23750,32569,Plecotus austriacus,0.01,0.025,-1,Echolocation,/mnt/ubna_data_02_mir/recover-20220922/UBNA_001/20220921_090000.WAV,Telephone Field,recover-20220922,001,1795
332.6425,332.68,68437,81519,Rhinolophus ferrumequinum,0.022,0.022,-1,Echolocation,/mnt/ubna_data_02_mir/recover-20220922/UBNA_001/20220921_090000.WAV,Telephone Field,recover-20220922,001,1795
332.6745,332.7137,68437,82001,Rhinolophus ferrumequinum,0.023,0.023,-1,Echolocation,/mnt/ubna_data_02_mir/recover-20220922/UBNA_001/20220921_090000.WAV,Telephone Field,recover-20220922,001,1795
332.6905,332.7303,68437,82315,Rhinolophus ferrumequinum,0.024,0.024,-1,Echolocation,/mnt/ubna_data_02_mir/recover-20220922/UBNA_001/20220921_090000.WAV,Telephone Field,recover-20220922,001,1795
332.7105,332.7207,24609,32712,Eptesicus serotinus,0.011,0.032,-1,Echolocation,/mnt/ubna_data_02_mir/recover-20220922/UBNA_001/20220921_090000.WAV,Telephone Field,recover-20220922,001,1795
332.7295,332.7687,68437,81983,Rhinolophus ferrumequinum,0.022,0.022,-1,Echolocation,/mnt/ubna_data_02_mir/recover-20220922/UBNA_001/20220921_090000.WAV,Telephone Field,recover-20220922,001,1795
332.7465,332.7878,68437,82542,Rhinolophus ferrumequinum,0.025,0.025,-1,Echolocation,/mnt/ubna_data_02_mir/recover-20220922/UBNA_001/20220921_090000.WAV,Telephone Field,recover-20220922,001,1795
332.8065,332.8436,68437,81380,Rhinolophus ferrumequinum,0.025,0.025,-1,Echolocation,/mnt/ubna_data_02_mir/recover-20220922/UBNA_001/20220921_090000.WAV,Telephone Field,recover-20220922,001,1795
332.8155,332.8568,68437,82800,Rhinolophus ferrumequinum,0.028,0.028,-1,Echolocation,/mnt/ubna_data_02_mir/recover-20220922/UBNA_001/20220921_090000.WAV,Telephone Field,recover-20220922,001,1795
332.8465,332.8864,68437,83012,Rhinolophus ferrumequinum,0.025,0.025,-1,Echolocation,/mnt/ubna_data_02_mir/recover-20220922/UBNA_001/20220921_090000.WAV,Telephone Field,recover-20220922,001,1795
332.8495,332.8558,25468,39066,Myotis nattereri,0.006,0.023,-1,Echolocation,/mnt/ubna_data_02_mir/recover-20220922/UBNA_001/20220921_090000.WAV,Telephone Field,recover-20220922,001,1795
332.8875,332.9245,68437,81613,Rhinolophus ferrumequinum,0.025,0.025,-1,Echolocation,/mnt/ubna_data_02_mir/recover-20220922/UBNA_001/20220921_090000.WAV,Telephone Field,recover-20220922,001,1795
332.9505,332.9888,68437,81493,Rhinolophus ferrumequinum,0.021,0.021,-1,Echolocation,/mnt/ubna_data_02_mir/recover-20220922/UBNA_001/20220921_090000.WAV,Telephone Field,recover-20220922,001,1795
332.9935,333.0004,24609,34409,Plecotus austriacus,0.009,0.023,-1,Echolocation,/mnt/ubna_data_02_mir/recover-20220922/UBNA_001/20220921_090000.WAV,Telephone Field,recover-20220922,001,1795
333.0125,333.0497,68437,81264,Rhinolophus ferrumequinum,0.022,0.022,-1,Echolocation,/mnt/ubna_data_02_mir/recover-20220922/UBNA_001/20220921_090000.WAV,Telephone Field,recover-20220922,001,1795
333.0295,333.0396,28906,36230,Eptesicus serotinus,0.009,0.025,-1,Echolocation,/mnt/ubna_data_02_mir/recover-20220922/UBNA_001/20220921_090000.WAV,Telephone Field,recover-20220922,001,1795
333.0515,333.0868,68437,81289,Rhinolophus ferrumequinum,0.022,0.022,-1,Echolocation,/mnt/ubna_data_02_mir/recover-20220922/UBNA_001/20220921_090000.WAV,Telephone Field,recover-20220922,001,1795
333.1155,333.1569,68437,82627,Rhinolophus ferrumequinum,0.023,0.023,-1,Echolocation,/mnt/ubna_data_02_mir/recover-20220922/UBNA_001/20220921_090000.WAV,Telephone Field,recover-20220922,001,1795
333.1265,333.1643,68437,81708,Rhinolophus ferrumequinum,0.023,0.023,-1,Echolocation,/mnt/ubna_data_02_mir/recover-20220922/UBNA_001/20220921_090000.WAV,Telephone Field,recover-20220922,001,1795
333.1545,333.1937,68437,82180,Rhinolophus ferrumequinum,0.024,0.024,-1,Echolocation,/mnt/ubna_data_02_mir/recover-20220922/UBNA_001/20220921_090000.WAV,Telephone Field,recover-20220922,001,1795
333.1705,333.2107,68437,82146,Rhinolophus ferrumequinum,0.022,0.022,-1,Echolocation,/mnt/ubna_data_02_mir/recover-20220922/UBNA_001/20220921_090000.WAV,Telephone Field,recover-20220922,001,1795
333.1765,333.1876,22890,28175,Nyctalus leisleri,0.012,0.024,-1,Echolocation,/mnt/ubna_data_02_mir/recover-20220922/UBNA_001/20220921_090000.WAV,Telephone Field,recover-20220922,001,1795
333.2005,333.24,68437,81736,Rhinolophus ferrumequinum,0.027,0.027,-1,Echolocation,/mnt/ubna_data_02_mir/recover-20220922/UBNA_001/20220921_090000.WAV,Telephone Field,recover-20220922,001,1795
333.2145,333.2482,68437,81467,Rhinolophus ferrumequinum,0.021,0.022,-1,Echolocation,/mnt/ubna_data_02_mir/recover-20220922/UBNA_001/20220921_090000.WAV,Telephone Field,recover-20220922,001,1795
333.2375,333.2786,68437,82800,Rhinolophus ferrumequinum,0.033,0.033,-1,Echolocation,/mnt/ubna_data_02_mir/recover-20220922/UBNA_001/20220921_090000.WAV,Telephone Field,recover-20220922,001,1795
333.2725,333.2791,27187,40225,Eptesicus serotinus,0.006,0.025,-1,Echolocation,/mnt/ubna_data_02_mir/recover-20220922/UBNA_001/20220921_090000.WAV,Telephone Field,recover-20220922,001,1795
333.3025,333.3107,27187,37132,Eptesicus serotinus,0.008,0.023,-1,Echolocation,/mnt/ubna_data_02_mir/recover-20220922/UBNA_001/20220921_090000.WAV,Telephone Field,recover-20220922,001,1795
333.3235,333.3639,68437,82601,Rhinolophus ferrumequinum,0.023,0.023,-1,Echolocation,/mnt/ubna_data_02_mir/recover-20220922/UBNA_001/20220921_090000.WAV,Telephone Field,recover-20220922,001,1795
333.3535,333.3903,68437,81820,Rhinolophus ferrumequinum,0.025,0.025,-1,Echolocation,/mnt/ubna_data_02_mir/recover-20220922/UBNA_001/20220921_090000.WAV,Telephone Field,recover-20220922,001,1795
333.4075,333.448,68437,83012,Rhinolophus ferrumequinum,0.029,0.029,-1,Echolocation,/mnt/ubna_data_02_mir/recover-20220922/UBNA_001/20220921_090000.WAV,Telephone Field,recover-20220922,001,1795
333.4405,333.4819,68437,82833,Rhinolophus ferrumequinum,0.024,0.024,-1,Echolocation,/mnt/ubna_data_02_mir/recover-20220922/UBNA_001/20220921_090000.WAV,Telephone Field,recover-20220922,001,1795
333.4535,333.4902,68437,82069,Rhinolophus ferrumequinum,0.022,0.022,-1,Echolocation,/mnt/ubna_data_02_mir/recover-20220922/UBNA_001/20220921_090000.WAV,Telephone Field,recover-20220922,001,1795
333.5075,333.5471,68437,82662,Rhinolophus ferrumequinum,0.025,0.025,-1,Echolocation,/mnt/ubna_data_02_mir/recover-20220922/UBNA_001/20220921_090000.WAV,Telephone Field,recover-20220922,001,1795
333.5105,333.5195,45234,50099,Pipistrellus pipistrellus,0.024,0.026,-1,Echolocation,/mnt/ubna_data_02_mir/recover-20220922/UBNA_001/20220921_090000.WAV,Telephone Field,recover-20220922,001,1795
333.5395,333.58,68437,82474,Rhinolophus ferrumequinum,0.023,0.023,-1,Echolocation,/mnt/ubna_data_02_mir/recover-20220922/UBNA_001/20220921_090000.WAV,Telephone Field,recover-20220922,001,1795
333.5485,333.5895,68437,81846,Rhinolophus ferrumequinum,0.023,0.023,-1,Echolocation,/mnt/ubna_data_02_mir/recover-20220922/UBNA_001/20220921_090000.WAV,Telephone Field,recover-20220922,001,1795
333.5925,333.6043,22890,27330,Nyctalus leisleri,0.012,0.023,-1,Echolocation,/mnt/ubna_data_02_mir/recover-20220922/UBNA_001/20220921_090000.WAV,Telephone Field,recover-20220922,001,1795
333.6335,333.6682,68437,81074,Rhinolophus ferrumequinum,0.021,0.021,-1,Echolocation,/mnt/ubna_data_02_mir/recover-20220922/UBNA_001/20220921_090000.WAV,Telephone Field,recover-20220922,001,1795
333.6605,333.6988,68437,81681,Rhinolophus ferrumequinum,0.025,0.025,-1,Echolocation,/mnt/ubna_data_02_mir/recover-20220922/UBNA_001/20220921_090000.WAV,Telephone Field,recover-20220922,001,1795
333.6725,333.7113,68437,82476,Rhinolophus ferrumequinum,0.021,0.021,-1,Echolocation,/mnt/ubna_data_02_mir/recover-20220922/UBNA_001/20220921_090000.WAV,Telephone Field,recover-20220922,001,1795
333.7125,333.7543,68437,82579,Rhinolophus ferrumequinum,0.042,0.042,-1,Echolocation,/mnt/ubna_data_02_mir/recover-20220922/UBNA_001/20220921_090000.WAV,Telephone Field,recover-20220922,001,1795
333.7195,333.7603,68437,82109,Rhinolophus ferrumequinum,0.047,0.047,-1,Echolocation,/mnt/ubna_data_02_mir/recover-20220922/UBNA_001/20220921_090000.WAV,Telephone Field,recover-20220922,001,1795
333.7965,333.8146,19453,23048,Nyctalus leisleri,0.012,0.025,-1,Echolocation,/mnt/ubna_data_02_mir/recover-20220922/UBNA_001/20220921_090000.WAV,Telephone Field,recover-20220922,001,1795
333.8395,333.879,68437,82082,Rhinolophus ferrumequinum,0.024,0.024,-1,Echolocation,/mnt/ubna_data_02_mir/recover-20220922/UBNA_001/20220921_090000.WAV,Telephone Field,recover-20220922,001,1795
333.8725,333.8805,28046,37849,Eptesicus serotinus,0.007,0.022,-1,Echolocation,/mnt/ubna_data_02_mir/recover-20220922/UBNA_001/20220921_090000.WAV,Telephone Field,recover-20220922,001,1795
333.8795,333.9211,68437,82612,Rhinolophus ferrumequinum,0.023,0.023,-1,Echolocation,/mnt/ubna_data_02_mir/recover-20220922/UBNA_001/20220921_090000.WAV,Telephone Field,recover-20220922,001,1795
333.8905,333.9269,68437,81292,Rhinolophus ferrumequinum,0.022,0.022,-1,Echolocation,/mnt/ubna_data_02_mir/recover-20220922/UBNA_001/20220921_090000.WAV,Telephone Field,recover-20220922,001,1795
333.9045,333.9146,28906,37351,Eptesicus serotinus,0.012,0.029,-1,Echolocation,/mnt/ubna_data_02_mir/recover-20220922/UBNA_001/20220921_090000.WAV,Telephone Field,recover-20220922,001,1795
333.9075,333.9514,68437,83563,Rhinolophus ferrumequinum,0.024,0.024,-1,Echolocation,/mnt/ubna_data_02_mir/recover-20220922/UBNA_001/20220921_090000.WAV,Telephone Field,recover-20220922,001,1795
333.9265,333.9353,28906,37821,Eptesicus serotinus,0.009,0.024,-1,Echolocation,/mnt/ubna_data_02_mir/recover-20220922/UBNA_001/20220921_090000.WAV,Telephone Field,recover-20220922,001,1795
333.9345,333.9715,68437,81223,Rhinolophus ferrumequinum,0.023,0.023,-1,Echolocation,/mnt/ubna_data_02_mir/recover-20220922/UBNA_001/20220921_090000.WAV,Telephone Field,recover-20220922,001,1795
333.9465,333.9866,68437,82183,Rhinolophus ferrumequinum,0.021,0.021,-1,Echolocation,/mnt/ubna_data_02_mir/recover-20220922/UBNA_001/20220921_090000.WAV,Telephone Field,recover-20220922,001,1795
333.9565,333.9657,28906,37599,Eptesicus serotinus,0.007,0.022,-1,Echolocation,/mnt/ubna_data_02_mir/recover-20220922/UBNA_001/20220921_090000.WAV,Telephone Field,recover-20220922,001,1795
334.0015,334.0113,23750,30267,Nyctalus leisleri,0.011,0.031,-1,Echolocation,/mnt/ubna_data_02_mir/recover-20220922/UBNA_001/20220921_090000.WAV,Telephone Field,recover-20220922,001,1795
334.0015,334.0351,68437,79914,Rhinolophus ferrumequinum,0.078,0.079,-1,Echolocation,/mnt/ubna_data_02_mir/recover-20220922/UBNA_001/20220921_090000.WAV,Telephone Field,recover-20220922,001,1795
334.0095,334.0547,68437,83334,Rhinolophus ferrumequinum,0.024,0.024,-1,Echolocation,/mnt/ubna_data_02_mir/recover-20220922/UBNA_001/20220921_090000.WAV,Telephone Field,recover-20220922,001,1795
334.0335,334.0706,68437,81636,Rhinolophus ferrumequinum,0.023,0.023,-1,Echolocation,/mnt/ubna_data_02_mir/recover-20220922/UBNA_001/20220921_090000.WAV,Telephone Field,recover-20220922,001,1795
334.0395,334.0784,68437,82048,Rhinolophus ferrumequinum,0.024,0.024,-1,Echolocation,/mnt/ubna_data_02_mir/recover-20220922/UBNA_001/20220921_090000.WAV,Telephone Field,recover-20220922,001,1795
334.0595,334.0827,18593,21825,Nyctalus noctula,0.023,0.039,-1,Echolocation,/mnt/ubna_data_02_mir/recover-20220922/UBNA_001/20220921_090000.WAV,Telephone Field,recover-20220922,001,1795
334.0615,334.1025,68437,82694,Rhinolophus ferrumequinum,0.042,0.042,-1,Echolocation,/mnt/ubna_data_02_mir/recover-20220922/UBNA_001/20220921_090000.WAV,Telephone Field,recover-20220922,001,1795
334.0825,334.0936,22890,28058,Nyctalus leisleri,0.011,0.023,-1,Echolocation,/mnt/ubna_data_02_mir/recover-20220922/UBNA_001/20220921_090000.WAV,Telephone Field,recover-20220922,001,1795
334.1365,334.1745,68437,82670,Rhinolophus ferrumequinum,0.028,0.028,-1,Echolocation,/mnt/ubna_data_02_mir/recover-20220922/UBNA_001/20220921_090000.WAV,Telephone Field,recover-20220922,001,1795
334.1645,334.2029,68437,81399,Rhinolophus ferrumequinum,0.021,0.021,-1,Echolocation,/mnt/ubna_data_02_mir/recover-20220922/UBNA_001/20220921_090000.WAV,Telephone Field,recover-20220922,001,1795
334.1695,334.1797,41796,44806,Pipistrellus pipistrellus,0.019,0.022,-1,Echolocation,/mnt/ubna_data_02_mir/recover-20220922/UBNA_001/20220921_090000.WAV,Telephone Field,recover-20220922,001,1795
334.2005,334.2126,23750,29180,Nyctalus leisleri,0.012,0.026,-1,Echolocation,/mnt/ubna_data_02_mir/recover-20220922/UBNA_001/20220921_090000.WAV,Telephone Field,recover-20220922,001,1795
334.2155,334.2558,68437,82141,Rhinolophus ferrumequinum,0.022,0.022,-1,Echolocation,/mnt/ubna_data_02_mir/recover-20220922/UBNA_001/20220921_090000.WAV,Telephone Field,recover-20220922,001,1795
334.2605,334.2697,28046,38097,Eptesicus serotinus,0.011,0.024,-1,Echolocation,/mnt/ubna_data_02_mir/recover-20220922/UBNA_001/20220921_090000.WAV,Telephone Field,recover-20220922,001,1795
334.2805,334.3183,68437,81811,Rhinolophus ferrumequinum,0.021,0.021,-1,Echolocation,/mnt/ubna_data_02_mir/recover-20220922/UBNA_001/20220921_090000.WAV,Telephone Field,recover-20220922,001,1795
334.2985,334.3078,28906,36255,Eptesicus serotinus,0.007,0.021,-1,Echolocation,/mnt/ubna_data_02_mir/recover-20220922/UBNA_001/20220921_090000.WAV,Telephone Field,recover-20220922,001,1795
334.3145,334.3219,28906,38920,Eptesicus serotinus,0.009,0.025,-1,Echolocation,/mnt/ubna_data_02_mir/recover-20220922/UBNA_001/20220921_090000.WAV,Telephone Field,recover-20220922,001,1795
334.3435,334.3517,28046,41238,Eptesicus serotinus,0.008,0.022,-1,Echolocation,/mnt/ubna_data_02_mir/recover-20220922/UBNA_001/20220921_090000.WAV,Telephone Field,recover-20220922,001,1795
334.3475,334.3868,68437,81912,Rhinolophus ferrumequinum,0.022,0.022,-1,Echolocation,/mnt/ubna_data_02_mir/recover-20220922/UBNA_001/20220921_090000.WAV,Telephone Field,recover-20220922,001,1795
334.3555,334.3928,68437,81745,Rhinolophus ferrumequinum,0.027,0.027,-1,Echolocation,/mnt/ubna_data_02_mir/recover-20220922/UBNA_001/20220921_090000.WAV,Telephone Field,recover-20220922,001,1795
334.3895,334.429,68437,82136,Rhinolophus ferrumequinum,0.021,0.021,-1,Echolocation,/mnt/ubna_data_02_mir/recover-20220922/UBNA_001/20220921_090000.WAV,Telephone Field,recover-20220922,001,1795
334.4075,334.4461,68437,81975,Rhinolophus ferrumequinum,0.024,0.024,-1,Echolocation,/mnt/ubna_data_02_mir/recover-20220922/UBNA_001/20220921_090000.WAV,Telephone Field,recover-20220922,001,1795
334.4175,334.4551,68437,81515,Rhinolophus ferrumequinum,0.021,0.021,-1,Echolocation,/mnt/ubna_data_02_mir/recover-20220922/UBNA_001/20220921_090000.WAV,Telephone Field,recover-20220922,001,1795
334.4435,334.4793,68437,81423,Rhinolophus ferrumequinum,0.024,0.024,-1,Echolocation,/mnt/ubna_data_02_mir/recover-20220922/UBNA_001/20220921_090000.WAV,Telephone Field,recover-20220922,001,1795
334.4635,334.5014,68437,81851,Rhinolophus ferrumequinum,0.023,0.023,-1,Echolocation,/mnt/ubna_data_02_mir/recover-20220922/UBNA_001/20220921_090000.WAV,Telephone Field,recover-20220922,001,1795
334.4705,334.4814,28906,37213,Eptesicus serotinus,0.012,0.026,-1,Echolocation,/mnt/ubna_data_02_mir/recover-20220922/UBNA_001/20220921_090000.WAV,Telephone Field,recover-20220922,001,1795
334.4805,334.5235,68437,82522,Rhinolophus ferrumequinum,0.022,0.022,-1,Echolocation,/mnt/ubna_data_02_mir/recover-20220922/UBNA_001/20220921_090000.WAV,Telephone Field,recover-20220922,001,1795
334.5095,334.545,68437,81118,Rhinolophus ferrumequinum,0.022,0.022,-1,Echolocation,/mnt/ubna_data_02_mir/recover-20220922/UBNA_001/20220921_090000.WAV,Telephone Field,recover-20220922,001,1795
334.5315,334.5701,68437,82353,Rhinolophus ferrumequinum,0.021,0.021,-1,Echolocation,/mnt/ubna_data_02_mir/recover-20220922/UBNA_001/20220921_090000.WAV,Telephone Field,recover-20220922,001,1795
334.5455,334.583,68437,81477,Rhinolophus ferrumequinum,0.021,0.021,-1,Echolocation,/mnt/ubna_data_02_mir/recover-20220922/UBNA_001/20220921_090000.WAV,Telephone Field,recover-20220922,001,1795
334.5615,334.5695,26328,39650,Eptesicus serotinus,0.006,0.022,-1,Echolocation,/mnt/ubna_data_02_mir/recover-20220922/UBNA_001/20220921_090000.WAV,Telephone Field,recover-20220922,001,1795
334.5615,334.6003,68437,82412,Rhinolophus ferrumequinum,0.021,0.021,-1,Echolocation,/mnt/ubna_data_02_mir/recover-20220922/UBNA_001/20220921_090000.WAV,Telephone Field,recover-20220922,001,1795
334.5715,334.6091,68437,82065,Rhinolophus ferrumequinum,0.021,0.021,-1,Echolocation,/mnt/ubna_data_02_mir/recover-20220922/UBNA_001/20220921_090000.WAV,Telephone Field,recover-20220922,001,1795
334.6025,334.6099,28046,39169,Eptesicus serotinus,0.007,0.022,-1,Echolocation,/mnt/ubna_data_02_mir/recover-20220922/UBNA_001/20220921_090000.WAV,Telephone Field,recover-20220922,001,1795
334.6035,334.6427,68437,82523,Rhinolophus ferrumequinum,0.024,0.024,-1,Echolocation,/mnt/ubna_data_02_mir/recover-20220922/UBNA_001/20220921_090000.WAV,Telephone Field,recover-20220922,001,1795
334.6135,334.6558,68437,83046,Rhinolophus ferrumequinum,0.021,0.021,-1,Echolocation,/mnt/ubna_data_02_mir/recover-20220922/UBNA_001/20220921_090000.WAV,Telephone Field,recover-20220922,001,1795
334.6275,334.6372,27187,38260,Eptesicus serotinus,0.014,0.027,-1,Echolocation,/mnt/ubna_data_02_mir/recover-20220922/UBNA_001/20220921_090000.WAV,Telephone Field,recover-20220922,001,1795
334.6395,334.6772,68437,81773,Rhinolophus ferrumequinum,0.022,0.022,-1,Echolocation,/mnt/ubna_data_02_mir/recover-20220922/UBNA_001/20220921_090000.WAV,Telephone Field,recover-20220922,001,1795
334.6585,334.6958,68437,82238,Rhinolophus ferrumequinum,0.023,0.023,-1,Echolocation,/mnt/ubna_data_02_mir/recover-20220922/UBNA_001/20220921_090000.WAV,Telephone Field,recover-20220922,001,1795
334.7195,334.7592,68437,82200,Rhinolophus ferrumequinum,0.021,0.021,-1,Echolocation,/mnt/ubna_data_02_mir/recover-20220922/UBNA_001/20220921_090000.WAV,Telephone Field,recover-20220922,001,1795
334.7285,334.7378,22890,29731,Nyctalus leisleri,0.007,0.022,-1,Echolocation,/mnt/ubna_data_02_mir/recover-20220922/UBNA_001/20220921_090000.WAV,Telephone Field,recover-20220922,001,1795
334.7385,334.7764,68437,81971,Rhinolophus ferrumequinum,0.023,0.023,-1,Echolocation,/mnt/ubna_data_02_mir/recover-20220922/UBNA_001/20220921_090000.WAV,Telephone Field,recover-20220922,001,1795
334.7465,334.786,68437,82101,Rhinolophus ferrumequinum,0.022,0.022,-1,Echolocation,/mnt/ubna_data_02_mir/recover-20220922/UBNA_001/20220921_090000.WAV,Telephone Field,recover-20220922,001,1795
334.7555,334.7951,68437,82155,Rhinolophus ferrumequinum,0.022,0.022,-1,Echolocation,/mnt/ubna_data_02_mir/recover-20220922/UBNA_001/20220921_090000.WAV,Telephone Field,recover-20220922,001,1795
334.7595,334.7691,27187,35245,Eptesicus serotinus,0.013,0.026,-1,Echolocation,/mnt/ubna_data_02_mir/recover-20220922/UBNA_001/20220921_090000.WAV,Telephone Field,recover-20220922,001,1795
334.8035,334.8104,28906,42701,Eptesicus serotinus,0.006,0.023,-1,Echolocation,/mnt/ubna_data_02_mir/recover-20220922/UBNA_001/20220921_090000.WAV,Telephone Field,recover-20220922,001,1795
334.8115,334.8223,22031,26334,Nyctalus leisleri,0.011,0.023,-1,Echolocation,/mnt/ubna_data_02_mir/recover-20220922/UBNA_001/20220921_090000.WAV,Telephone Field,recover-20220922,001,1795
334.8195,334.8585,68437,82190,Rhinolophus ferrumequinum,0.021,0.021,-1,Echolocation,/mnt/ubna_data_02_mir/recover-20220922/UBNA_001/20220921_090000.WAV,Telephone Field,recover-20220922,001,1795
334.8505,334.8872,68437,81841,Rhinolophus ferrumequinum,0.022,0.023,-1,Echolocation,/mnt/ubna_data_02_mir/recover-20220922/UBNA_001/20220921_090000.WAV,Telephone Field,recover-20220922,001,1795
334.8875,334.93,68437,83373,Rhinolophus ferrumequinum,0.052,0.052,-1,Echolocation,/mnt/ubna_data_02_mir/recover-20220922/UBNA_001/20220921_090000.WAV,Telephone Field,recover-20220922,001,1795
334.9055,334.9143,28906,39750,Eptesicus serotinus,0.008,0.022,-1,Echolocation,/mnt/ubna_data_02_mir/recover-20220922/UBNA_001/20220921_090000.WAV,Telephone Field,recover-20220922,001,1795
334.9495,334.989,68437,82788,Rhinolophus ferrumequinum,0.024,0.024,-1,Echolocation,/mnt/ubna_data_02_mir/recover-20220922/UBNA_001/20220921_090000.WAV,Telephone Field,recover-20220922,001,1795
334.9605,334.9975,68437,81755,Rhinolophus ferrumequinum,0.021,0.021,-1,Echolocation,/mnt/ubna_data_02_mir/recover-20220922/UBNA_001/20220921_090000.WAV,Telephone Field,recover-20220922,001,1795
334.9705,335.0074,68437,81490,Rhinolophus ferrumequinum,0.024,0.025,-1,Echolocation,/mnt/ubna_data_02_mir/recover-20220922/UBNA_001/20220921_090000.WAV,Telephone Field,recover-20220922,001,1795
335.0215,335.0582,68437,81659,Rhinolophus ferrumequinum,0.021,0.021,-1,Echolocation,/mnt/ubna_data_02_mir/recover-20220922/UBNA_001/20220921_090000.WAV,Telephone Field,recover-20220922,001,1795
335.0285,335.0357,28906,39232,Eptesicus serotinus,0.008,0.024,-1,Echolocation,/mnt/ubna_data_02_mir/recover-20220922/UBNA_001/20220921_090000.WAV,Telephone Field,recover-20220922,001,1795
335.0395,335.0769,68437,81934,Rhinolophus ferrumequinum,0.021,0.021,-1,Echolocation,/mnt/ubna_data_02_mir/recover-20220922/UBNA_001/20220921_090000.WAV,Telephone Field,recover-20220922,001,1795
335.0795,335.1167,68437,81615,Rhinolophus ferrumequinum,0.021,0.021,-1,Echolocation,/mnt/ubna_data_02_mir/recover-20220922/UBNA_001/20220921_090000.WAV,Telephone Field,recover-20220922,001,1795
335.0935,335.1318,68437,81899,Rhinolophus ferrumequinum,0.021,0.021,-1,Echolocation,/mnt/ubna_data_02_mir/recover-20220922/UBNA_001/20220921_090000.WAV,Telephone Field,recover-20220922,001,1795
335.1235,335.1649,68437,82324,Rhinolophus ferrumequinum,0.024,0.024,-1,Echolocation,/mnt/ubna_data_02_mir/recover-20220922/UBNA_001/20220921_090000.WAV,Telephone Field,recover-20220922,001,1795
335.1855,335.2233,68437,81747,Rhinolophus ferrumequinum,0.022,0.022,-1,Echolocation,/mnt/ubna_data_02_mir/recover-20220922/UBNA_001/20220921_090000.WAV,Telephone Field,recover-20220922,001,1795
335.2035,335.2405,68437,81328,Rhinolophus ferrumequinum,0.021,0.021,-1,Echolocation,/mnt/ubna_data_02_mir/recover-20220922/UBNA_001/20220921_090000.WAV,Telephone Field,recover-20220922,001,1795
335.2095,335.221,42656,45824,Pipistrellus pipistrellus,0.043,0.051,-1,Echolocation,/mnt/ubna_data_02_mir/recover-20220922/UBNA_001/20220921_090000.WAV,Telephone Field,recover-20220922,001,1795
335.2465,335.2898,68437,83032,Rhinolophus ferrumequinum,0.026,0.026,-1,Echolocation,/mnt/ubna_data_02_mir/recover-20220922/UBNA_001/20220921_090000.WAV,Telephone Field,recover-20220922,001,1795
335.2685,335.3067,68437,81526,Rhinolophus ferrumequinum,0.022,0.022,-1,Echolocation,/mnt/ubna_data_02_mir/recover-20220922/UBNA_001/20220921_090000.WAV,Telephone Field,recover-20220922,001,1795
335.2815,335.2914,22031,27401,Nyctalus leisleri,0.008,0.021,-1,Echolocation,/mnt/ubna_data_02_mir/recover-20220922/UBNA_001/20220921_090000.WAV,Telephone Field,recover-20220922,001,1795
335.2995,335.3398,68437,82434,Rhinolophus ferrumequinum,0.022,0.022,-1,Echolocation,/mnt/ubna_data_02_mir/recover-20220922/UBNA_001/20220921_090000.WAV,Telephone Field,recover-20220922,001,1795
335.3115,335.3504,68437,82292,Rhinolophus ferrumequinum,0.022,0.022,-1,Echolocation,/mnt/ubna_data_02_mir/recover-20220922/UBNA_001/20220921_090000.WAV,Telephone Field,recover-20220922,001,1795
335.3485,335.381,68437,80494,Rhinolophus ferrumequinum,0.023,0.023,-1,Echolocation,/mnt/ubna_data_02_mir/recover-20220922/UBNA_001/20220921_090000.WAV,Telephone Field,recover-20220922,001,1795
335.3745,335.4146,68437,82231,Rhinolophus ferrumequinum,0.022,0.022,-1,Echolocation,/mnt/ubna_data_02_mir/recover-20220922/UBNA_001/20220921_090000.WAV,Telephone Field,recover-20220922,001,1795
335.3915,335.4321,68437,82321,Rhinolophus ferrumequinum,0.024,0.024,-1,Echolocation,/mnt/ubna_data_02_mir/recover-20220922/UBNA_001/20220921_090000.WAV,Telephone Field,recover-20220922,001,1795
335.4135,335.45889999999997,68437,83369,Rhinolophus ferrumequinum,0.037,0.037,-1,Echolocation,/mnt/ubna_data_02_mir/recover-20220922/UBNA_001/20220921_090000.WAV,Telephone Field,recover-20220922,001,1795
335.4425,335.4847,68437,82959,Rhinolophus ferrumequinum,0.029,0.029,-1,Echolocation,/mnt/ubna_data_02_mir/recover-20220922/UBNA_001/20220921_090000.WAV,Telephone Field,recover-20220922,001,1795
335.4785,335.5203,68437,83007,Rhinolophus ferrumequinum,0.045,0.045,-1,Echolocation,/mnt/ubna_data_02_mir/recover-20220922/UBNA_001/20220921_090000.WAV,Telephone Field,recover-20220922,001,1795
335.5065,335.5199,22890,26385,Nyctalus leisleri,0.014,0.023,-1,Echolocation,/mnt/ubna_data_02_mir/recover-20220922/UBNA_001/20220921_090000.WAV,Telephone Field,recover-20220922,001,1795
335.5295,335.5381,23750,31577,Plecotus austriacus,0.008,0.024,-1,Echolocation,/mnt/ubna_data_02_mir/recover-20220922/UBNA_001/20220921_090000.WAV,Telephone Field,recover-20220922,001,1795
335.5345,335.5707,68437,80920,Rhinolophus ferrumequinum,0.029,0.03,-1,Echolocation,/mnt/ubna_data_02_mir/recover-20220922/UBNA_001/20220921_090000.WAV,Telephone Field,recover-20220922,001,1795
335.5575,335.5871,68437,79676,Rhinolophus ferrumequinum,0.03,0.03,-1,Echolocation,/mnt/ubna_data_02_mir/recover-20220922/UBNA_001/20220921_090000.WAV,Telephone Field,recover-20220922,001,1795
335.5915,335.5995,28906,39720,Eptesicus serotinus,0.006,0.022,-1,Echolocation,/mnt/ubna_data_02_mir/recover-20220922/UBNA_001/20220921_090000.WAV,Telephone Field,recover-20220922,001,1795
335.5985,335.6384,68437,82607,Rhinolophus ferrumequinum,0.023,0.023,-1,Echolocation,/mnt/ubna_data_02_mir/recover-20220922/UBNA_001/20220921_090000.WAV,Telephone Field,recover-20220922,001,1795
335.6265,335.6341,28046,38036,Eptesicus serotinus,0.008,0.021,-1,Echolocation,/mnt/ubna_data_02_mir/recover-20220922/UBNA_001/20220921_090000.WAV,Telephone Field,recover-20220922,001,1795
335.6535,335.6903,68437,81339,Rhinolophus ferrumequinum,0.021,0.021,-1,Echolocation,/mnt/ubna_data_02_mir/recover-20220922/UBNA_001/20220921_090000.WAV,Telephone Field,recover-20220922,001,1795
335.6595,335.667,28046,36954,Eptesicus serotinus,0.007,0.022,-1,Echolocation,/mnt/ubna_data_02_mir/recover-20220922/UBNA_001/20220921_090000.WAV,Telephone Field,recover-20220922,001,1795
335.6605,335.67,42656,52114,Pipistrellus pipistrellus,0.009,0.027,-1,Echolocation,/mnt/ubna_data_02_mir/recover-20220922/UBNA_001/20220921_090000.WAV,Telephone Field,recover-20220922,001,1795
335.6695,335.6796,22890,28776,Nyctalus leisleri,0.011,0.027,-1,Echolocation,/mnt/ubna_data_02_mir/recover-20220922/UBNA_001/20220921_090000.WAV,Telephone Field,recover-20220922,001,1795
335.6695,335.702,68437,80675,Rhinolophus ferrumequinum,0.024,0.024,-1,Echolocation,/mnt/ubna_data_02_mir/recover-20220922/UBNA_001/20220921_090000.WAV,Telephone Field,recover-20220922,001,1795
335.6895,335.7293,68437,81652,Rhinolophus ferrumequinum,0.022,0.022,-1,Echolocation,/mnt/ubna_data_02_mir/recover-20220922/UBNA_001/20220921_090000.WAV,Telephone Field,recover-20220922,001,1795
335.7375,335.7764,68437,82613,Rhinolophus ferrumequinum,0.022,0.022,-1,Echolocation,/mnt/ubna_data_02_mir/recover-20220922/UBNA_001/20220921_090000.WAV,Telephone Field,recover-20220922,001,1795
335.7645,335.7753,28906,34689,Eptesicus serotinus,0.013,0.028,-1,Echolocation,/mnt/ubna_data_02_mir/recover-20220922/UBNA_001/20220921_090000.WAV,Telephone Field,recover-20220922,001,1795
335.7655,335.8057,68437,82146,Rhinolophus ferrumequinum,0.029,0.03,-1,Echolocation,/mnt/ubna_data_02_mir/recover-20220922/UBNA_001/20220921_090000.WAV,Telephone Field,recover-20220922,001,1795
335.7905,335.8301,68437,82170,Rhinolophus ferrumequinum,0.026,0.026,-1,Echolocation,/mnt/ubna_data_02_mir/recover-20220922/UBNA_001/20220921_090000.WAV,Telephone Field,recover-20220922,001,1795
335.8085,335.8181,27187,35403,Eptesicus serotinus,0.015,0.032,-1,Echolocation,/mnt/ubna_data_02_mir/recover-20220922/UBNA_001/20220921_090000.WAV,Telephone Field,recover-20220922,001,1795
335.8275,335.867,68437,83007,Rhinolophus ferrumequinum,0.029,0.029,-1,Echolocation,/mnt/ubna_data_02_mir/recover-20220922/UBNA_001/20220921_090000.WAV,Telephone Field,recover-20220922,001,1795
335.8645,335.873,26328,34766,Eptesicus serotinus,0.007,0.021,-1,Echolocation,/mnt/ubna_data_02_mir/recover-20220922/UBNA_001/20220921_090000.WAV,Telephone Field,recover-20220922,001,1795
335.8725,335.9104,68437,81632,Rhinolophus ferrumequinum,0.023,0.023,-1,Echolocation,/mnt/ubna_data_02_mir/recover-20220922/UBNA_001/20220921_090000.WAV,Telephone Field,recover-20220922,001,1795
335.8865,335.8972,22890,28238,Nyctalus leisleri,0.012,0.026,-1,Echolocation,/mnt/ubna_data_02_mir/recover-20220922/UBNA_001/20220921_090000.WAV,Telephone Field,recover-20220922,001,1795
335.8885,335.8963,28906,37676,Eptesicus serotinus,0.007,0.022,-1,Echolocation,/mnt/ubna_data_02_mir/recover-20220922/UBNA_001/20220921_090000.WAV,Telephone Field,recover-20220922,001,1795
335.9075,335.9422,68437,80010,Rhinolophus ferrumequinum,0.035,0.035,-1,Echolocation,/mnt/ubna_data_02_mir/recover-20220922/UBNA_001/20220921_090000.WAV,Telephone Field,recover-20220922,001,1795
335.9345,335.9753,68437,82978,Rhinolophus ferrumequinum,0.023,0.023,-1,Echolocation,/mnt/ubna_data_02_mir/recover-20220922/UBNA_001/20220921_090000.WAV,Telephone Field,recover-20220922,001,1795
335.9435,335.9527,25468,33705,Eptesicus serotinus,0.009,0.025,-1,Echolocation,/mnt/ubna_data_02_mir/recover-20220922/UBNA_001/20220921_090000.WAV,Telephone Field,recover-20220922,001,1795
335.9485,335.9887,68437,82548,Rhinolophus ferrumequinum,0.021,0.021,-1,Echolocation,/mnt/ubna_data_02_mir/recover-20220922/UBNA_001/20220921_090000.WAV,Telephone Field,recover-20220922,001,1795
335.9535,335.9619,27187,36355,Eptesicus serotinus,0.011,0.029,-1,Echolocation,/mnt/ubna_data_02_mir/recover-20220922/UBNA_001/20220921_090000.WAV,Telephone Field,recover-20220922,001,1795
335.9775,335.9844,27187,39788,Eptesicus serotinus,0.006,0.022,-1,Echolocation,/mnt/ubna_data_02_mir/recover-20220922/UBNA_001/20220921_090000.WAV,Telephone Field,recover-20220922,001,1795
335.9865,335.9974,22890,28353,Nyctalus leisleri,0.011,0.025,-1,Echolocation,/mnt/ubna_data_02_mir/recover-20220922/UBNA_001/20220921_090000.WAV,Telephone Field,recover-20220922,001,1795
336.0015,336.039,68437,80202,Rhinolophus ferrumequinum,0.073,0.073,-1,Echolocation,/mnt/ubna_data_02_mir/recover-20220922/UBNA_001/20220921_090000.WAV,Telephone Field,recover-20220922,001,1795
336.0015,336.013,46953,51667,Pipistrellus pipistrellus,0.018,0.023,-1,Echolocation,/mnt/ubna_data_02_mir/recover-20220922/UBNA_001/20220921_090000.WAV,Telephone Field,recover-20220922,001,1795
336.0015,336.015,19453,23901,Nyctalus leisleri,0.01,0.025,-1,Echolocation,/mnt/ubna_data_02_mir/recover-20220922/UBNA_001/20220921_090000.WAV,Telephone Field,recover-20220922,001,1795
336.0075,336.052,68437,82692,Rhinolophus ferrumequinum,0.032,0.032,-1,Echolocation,/mnt/ubna_data_02_mir/recover-20220922/UBNA_001/20220921_090000.WAV,Telephone Field,recover-20220922,001,1795
336.0385,336.0478,28046,38954,Eptesicus serotinus,0.008,0.022,-1,Echolocation,/mnt/ubna_data_02_mir/recover-20220922/UBNA_001/20220921_090000.WAV,Telephone Field,recover-20220922,001,1795
336.0395,336.0814,68437,82794,Rhinolophus ferrumequinum,0.028,0.028,-1,Echolocation,/mnt/ubna_data_02_mir/recover-20220922/UBNA_001/20220921_090000.WAV,Telephone Field,recover-20220922,001,1795
336.0905,336.133,68437,83208,Rhinolophus ferrumequinum,0.032,0.032,-1,Echolocation,/mnt/ubna_data_02_mir/recover-20220922/UBNA_001/20220921_090000.WAV,Telephone Field,recover-20220922,001,1795
336.1125,336.123,27187,34300,Eptesicus serotinus,0.01,0.023,-1,Echolocation,/mnt/ubna_data_02_mir/recover-20220922/UBNA_001/20220921_090000.WAV,Telephone Field,recover-20220922,001,1795
336.1295,336.1726,68437,83199,Rhinolophus ferrumequinum,0.031,0.031,-1,Echolocation,/mnt/ubna_data_02_mir/recover-20220922/UBNA_001/20220921_090000.WAV,Telephone Field,recover-20220922,001,1795
336.1595,336.1986,68437,81644,Rhinolophus ferrumequinum,0.026,0.026,-1,Echolocation,/mnt/ubna_data_02_mir/recover-20220922/UBNA_001/20220921_090000.WAV,Telephone Field,recover-20220922,001,1795
336.1645,336.2016,68437,81068,Rhinolophus ferrumequinum,0.026,0.026,-1,Echolocation,/mnt/ubna_data_02_mir/recover-20220922/UBNA_001/20220921_090000.WAV,Telephone Field,recover-20220922,001,1795
336.1915,336.2337,68437,82712,Rhinolophus ferrumequinum,0.05,0.05,-1,Echolocation,/mnt/ubna_data_02_mir/recover-20220922/UBNA_001/20220921_090000.WAV,Telephone Field,recover-20220922,001,1795
336.2355,336.2708,68437,81215,Rhinolophus ferrumequinum,0.023,0.023,-1,Echolocation,/mnt/ubna_data_02_mir/recover-20220922/UBNA_001/20220921_090000.WAV,Telephone Field,recover-20220922,001,1795
336.2425,336.2503,28046,39511,Eptesicus serotinus,0.008,0.029,-1,Echolocation,/mnt/ubna_data_02_mir/recover-20220922/UBNA_001/20220921_090000.WAV,Telephone Field,recover-20220922,001,1795
336.2555,336.2981,68437,83005,Rhinolophus ferrumequinum,0.033,0.033,-1,Echolocation,/mnt/ubna_data_02_mir/recover-20220922/UBNA_001/20220921_090000.WAV,Telephone Field,recover-20220922,001,1795
336.2685,336.3079,68437,82502,Rhinolophus ferrumequinum,0.023,0.023,-1,Echolocation,/mnt/ubna_data_02_mir/recover-20220922/UBNA_001/20220921_090000.WAV,Telephone Field,recover-20220922,001,1795
336.3085,336.346,68437,81952,Rhinolophus ferrumequinum,0.024,0.024,-1,Echolocation,/mnt/ubna_data_02_mir/recover-20220922/UBNA_001/20220921_090000.WAV,Telephone Field,recover-20220922,001,1795
336.3575,336.3976,68437,82372,Rhinolophus ferrumequinum,0.026,0.026,-1,Echolocation,/mnt/ubna_data_02_mir/recover-20220922/UBNA_001/20220921_090000.WAV,Telephone Field,recover-20220922,001,1795
336.3615,336.3749,23750,28658,Nyctalus leisleri,0.013,0.026,-1,Echolocation,/mnt/ubna_data_02_mir/recover-20220922/UBNA_001/20220921_090000.WAV,Telephone Field,recover-20220922,001,1795
336.3705,336.4131,68437,83378,Rhinolophus ferrumequinum,0.03,0.03,-1,Echolocation,/mnt/ubna_data_02_mir/recover-20220922/UBNA_001/20220921_090000.WAV,Telephone Field,recover-20220922,001,1795
336.4085,336.4483,68437,82125,Rhinolophus ferrumequinum,0.023,0.023,-1,Echolocation,/mnt/ubna_data_02_mir/recover-20220922/UBNA_001/20220921_090000.WAV,Telephone Field,recover-20220922,001,1795
336.4225,336.4332,22890,28526,Nyctalus leisleri,0.014,0.03,-1,Echolocation,/mnt/ubna_data_02_mir/recover-20220922/UBNA_001/20220921_090000.WAV,Telephone Field,recover-20220922,001,1795
336.4265,336.4669,68437,82910,Rhinolophus ferrumequinum,0.027,0.028,-1,Echolocation,/mnt/ubna_data_02_mir/recover-20220922/UBNA_001/20220921_090000.WAV,Telephone Field,recover-20220922,001,1795
336.4345,336.4468,22031,25780,Nyctalus leisleri,0.015,0.025,-1,Echolocation,/mnt/ubna_data_02_mir/recover-20220922/UBNA_001/20220921_090000.WAV,Telephone Field,recover-20220922,001,1795
336.4625,336.5078,68437,83814,Rhinolophus ferrumequinum,0.054,0.054,-1,Echolocation,/mnt/ubna_data_02_mir/recover-20220922/UBNA_001/20220921_090000.WAV,Telephone Field,recover-20220922,001,1795
336.4845,336.4919,26328,35271,Eptesicus serotinus,0.008,0.026,-1,Echolocation,/mnt/ubna_data_02_mir/recover-20220922/UBNA_001/20220921_090000.WAV,Telephone Field,recover-20220922,001,1795
336.4865,336.5269,68437,82613,Rhinolophus ferrumequinum,0.023,0.023,-1,Echolocation,/mnt/ubna_data_02_mir/recover-20220922/UBNA_001/20220921_090000.WAV,Telephone Field,recover-20220922,001,1795
336.4965,336.5349,68437,81878,Rhinolophus ferrumequinum,0.026,0.026,-1,Echolocation,/mnt/ubna_data_02_mir/recover-20220922/UBNA_001/20220921_090000.WAV,Telephone Field,recover-20220922,001,1795
336.5125,336.5476,68437,81677,Rhinolophus ferrumequinum,0.029,0.029,-1,Echolocation,/mnt/ubna_data_02_mir/recover-20220922/UBNA_001/20220921_090000.WAV,Telephone Field,recover-20220922,001,1795
336.5265,336.5694,68437,83134,Rhinolophus ferrumequinum,0.039,0.039,-1,Echolocation,/mnt/ubna_data_02_mir/recover-20220922/UBNA_001/20220921_090000.WAV,Telephone Field,recover-20220922,001,1795
336.5555,336.5951,68437,81898,Rhinolophus ferrumequinum,0.03,0.03,-1,Echolocation,/mnt/ubna_data_02_mir/recover-20220922/UBNA_001/20220921_090000.WAV,Telephone Field,recover-20220922,001,1795
336.5675,336.61,68437,82829,Rhinolophus ferrumequinum,0.031,0.031,-1,Echolocation,/mnt/ubna_data_02_mir/recover-20220922/UBNA_001/20220921_090000.WAV,Telephone Field,recover-20220922,001,1795
336.5735,336.6157,68437,82911,Rhinolophus ferrumequinum,0.029,0.029,-1,Echolocation,/mnt/ubna_data_02_mir/recover-20220922/UBNA_001/20220921_090000.WAV,Telephone Field,recover-20220922,001,1795
336.5885,336.595,26328,38338,Eptesicus serotinus,0.005,0.023,-1,Echolocation,/mnt/ubna_data_02_mir/recover-20220922/UBNA_001/20220921_090000.WAV,Telephone Field,recover-20220922,001,1795
336.5955,336.6366,68437,83049,Rhinolophus ferrumequinum,0.024,0.024,-1,Echolocation,/mnt/ubna_data_02_mir/recover-20220922/UBNA_001/20220921_090000.WAV,Telephone Field,recover-20220922,001,1795
336.6315,336.6732,68437,82693,Rhinolophus ferrumequinum,0.031,0.031,-1,Echolocation,/mnt/ubna_data_02_mir/recover-20220922/UBNA_001/20220921_090000.WAV,Telephone Field,recover-20220922,001,1795
336.6625,336.6709,46953,51654,Pipistrellus pipistrellus,0.021,0.023,-1,Echolocation,/mnt/ubna_data_02_mir/recover-20220922/UBNA_001/20220921_090000.WAV,Telephone Field,recover-20220922,001,1795
336.6795,336.7157,68437,81772,Rhinolophus ferrumequinum,0.021,0.021,-1,Echolocation,/mnt/ubna_data_02_mir/recover-20220922/UBNA_001/20220921_090000.WAV,Telephone Field,recover-20220922,001,1795
336.6955,336.7361,68437,83251,Rhinolophus ferrumequinum,0.04,0.04,-1,Echolocation,/mnt/ubna_data_02_mir/recover-20220922/UBNA_001/20220921_090000.WAV,Telephone Field,recover-20220922,001,1795
336.6975,336.7125,22031,25627,Nyctalus leisleri,0.022,0.035,-1,Echolocation,/mnt/ubna_data_02_mir/recover-20220922/UBNA_001/20220921_090000.WAV,Telephone Field,recover-20220922,001,1795
336.7215,336.7627,68437,83099,Rhinolophus ferrumequinum,0.035,0.035,-1,Echolocation,/mnt/ubna_data_02_mir/recover-20220922/UBNA_001/20220921_090000.WAV,Telephone Field,recover-20220922,001,1795
336.7215,336.7301,28906,38408,Eptesicus serotinus,0.009,0.022,-1,Echolocation,/mnt/ubna_data_02_mir/recover-20220922/UBNA_001/20220921_090000.WAV,Telephone Field,recover-20220922,001,1795
336.7335,336.7743,68437,82176,Rhinolophus ferrumequinum,0.024,0.025,-1,Echolocation,/mnt/ubna_data_02_mir/recover-20220922/UBNA_001/20220921_090000.WAV,Telephone Field,recover-20220922,001,1795
336.7395,336.7784,68437,81490,Rhinolophus ferrumequinum,0.022,0.022,-1,Echolocation,/mnt/ubna_data_02_mir/recover-20220922/UBNA_001/20220921_090000.WAV,Telephone Field,recover-20220922,001,1795
336.7615,336.8049,68437,83330,Rhinolophus ferrumequinum,0.04,0.04,-1,Echolocation,/mnt/ubna_data_02_mir/recover-20220922/UBNA_001/20220921_090000.WAV,Telephone Field,recover-20220922,001,1795
336.7715,336.781,28906,37731,Eptesicus serotinus,0.009,0.023,-1,Echolocation,/mnt/ubna_data_02_mir/recover-20220922/UBNA_001/20220921_090000.WAV,Telephone Field,recover-20220922,001,1795
336.7905,336.8287,68437,81833,Rhinolophus ferrumequinum,0.021,0.021,-1,Echolocation,/mnt/ubna_data_02_mir/recover-20220922/UBNA_001/20220921_090000.WAV,Telephone Field,recover-20220922,001,1795
336.8065,336.8446,68437,81745,Rhinolophus ferrumequinum,0.023,0.023,-1,Echolocation,/mnt/ubna_data_02_mir/recover-20220922/UBNA_001/20220921_090000.WAV,Telephone Field,recover-20220922,001,1795
336.8255,336.8638,68437,81815,Rhinolophus ferrumequinum,0.024,0.024,-1,Echolocation,/mnt/ubna_data_02_mir/recover-20220922/UBNA_001/20220921_090000.WAV,Telephone Field,recover-20220922,001,1795
336.8465,336.8844,68437,82297,Rhinolophus ferrumequinum,0.023,0.023,-1,Echolocation,/mnt/ubna_data_02_mir/recover-20220922/UBNA_001/20220921_090000.WAV,Telephone Field,recover-20220922,001,1795
336.8665,336.9057,68437,82213,Rhinolophus ferrumequinum,0.024,0.024,-1,Echolocation,/mnt/ubna_data_02_mir/recover-20220922/UBNA_001/20220921_090000.WAV,Telephone Field,recover-20220922,001,1795
336.8725,336.9113,68437,82354,Rhinolophus ferrumequinum,0.024,0.024,-1,Echolocation,/mnt/ubna_data_02_mir/recover-20220922/UBNA_001/20220921_090000.WAV,Telephone Field,recover-20220922,001,1795
336.8815,336.9183,68437,81558,Rhinolophus ferrumequinum,0.032,0.032,-1,Echolocation,/mnt/ubna_data_02_mir/recover-20220922/UBNA_001/20220921_090000.WAV,Telephone Field,recover-20220922,001,1795
336.8935,336.9007,52109,59055,Pipistrellus pipistrellus,0.018,0.022,-1,Echolocation,/mnt/ubna_data_02_mir/recover-20220922/UBNA_001/20220921_090000.WAV,Telephone Field,recover-20220922,001,1795
336.9155,336.9563,68437,82607,Rhinolophus ferrumequinum,0.024,0.025,-1,Echolocation,/mnt/ubna_data_02_mir/recover-20220922/UBNA_001/20220921_090000.WAV,Telephone Field,recover-20220922,001,1795
336.9245,336.9652,68437,82659,Rhinolophus ferrumequinum,0.024,0.024,-1,Echolocation,/mnt/ubna_data_02_mir/recover-20220922/UBNA_001/20220921_090000.WAV,Telephone Field,recover-20220922,001,1795
336.9455,336.9827,68437,81474,Rhinolophus ferrumequinum,0.022,0.022,-1,Echolocation,/mnt/ubna_data_02_mir/recover-20220922/UBNA_001/20220921_090000.WAV,Telephone Field,recover-20220922,001,1795
336.9555,336.9651,44375,48370,Pipistrellus pipistrellus,0.021,0.023,-1,Echolocation,/mnt/ubna_data_02_mir/recover-20220922/UBNA_001/20220921_090000.WAV,Telephone Field,recover-20220922,001,1795
336.9695,337.0045,68437,81429,Rhinolophus ferrumequinum,0.024,0.024,-1,Echolocation,/mnt/ubna_data_02_mir/recover-20220922/UBNA_001/20220921_090000.WAV,Telephone Field,recover-20220922,001,1795
336.9795,336.9871,27187,36890,Eptesicus serotinus,0.012,0.03,-1,Echolocation,/mnt/ubna_data_02_mir/recover-20220922/UBNA_001/20220921_090000.WAV,Telephone Field,recover-20220922,001,1795
336.9875,337.0289,68437,82501,Rhinolophus ferrumequinum,0.033,0.033,-1,Echolocation,/mnt/ubna_data_02_mir/recover-20220922/UBNA_001/20220921_090000.WAV,Telephone Field,recover-20220922,001,1795
337.0045,337.0409,68437,81813,Rhinolophus ferrumequinum,0.022,0.022,-1,Echolocation,/mnt/ubna_data_02_mir/recover-20220922/UBNA_001/20220921_090000.WAV,Telephone Field,recover-20220922,001,1795
337.0265,337.0617,68437,81389,Rhinolophus ferrumequinum,0.024,0.024,-1,Echolocation,/mnt/ubna_data_02_mir/recover-20220922/UBNA_001/20220921_090000.WAV,Telephone Field,recover-20220922,001,1795
337.0395,337.0808,68437,82210,Rhinolophus ferrumequinum,0.023,0.023,-1,Echolocation,/mnt/ubna_data_02_mir/recover-20220922/UBNA_001/20220921_090000.WAV,Telephone Field,recover-20220922,001,1795
337.0805,337.1163,68437,81718,Rhinolophus ferrumequinum,0.022,0.022,-1,Echolocation,/mnt/ubna_data_02_mir/recover-20220922/UBNA_001/20220921_090000.WAV,Telephone Field,recover-20220922,001,1795
337.0885,337.1237,68437,81538,Rhinolophus ferrumequinum,0.029,0.029,-1,Echolocation,/mnt/ubna_data_02_mir/recover-20220922/UBNA_001/20220921_090000.WAV,Telephone Field,recover-20220922,001,1795
337.1115,337.1178,27187,40067,Eptesicus serotinus,0.006,0.023,-1,Echolocation,/mnt/ubna_data_02_mir/recover-20220922/UBNA_001/20220921_090000.WAV,Telephone Field,recover-20220922,001,1795
337.1205,337.1603,68437,81928,Rhinolophus ferrumequinum,0.026,0.026,-1,Echolocation,/mnt/ubna_data_02_mir/recover-20220922/UBNA_001/20220921_090000.WAV,Telephone Field,recover-20220922,001,1795
337.1265,337.1658,68437,82055,Rhinolophus ferrumequinum,0.026,0.026,-1,Echolocation,/mnt/ubna_data_02_mir/recover-20220922/UBNA_001/20220921_090000.WAV,Telephone Field,recover-20220922,001,1795
337.1405,337.1492,22890,30539,Plecotus austriacus,0.009,0.023,-1,Echolocation,/mnt/ubna_data_02_mir/recover-20220922/UBNA_001/20220921_090000.WAV,Telephone Field,recover-20220922,001,1795
337.1675,337.2027,68437,81211,Rhinolophus ferrumequinum,0.023,0.023,-1,Echolocation,/mnt/ubna_data_02_mir/recover-20220922/UBNA_001/20220921_090000.WAV,Telephone Field,recover-20220922,001,1795
337.1755,337.1838,28906,37867,Eptesicus serotinus,0.01,0.025,-1,Echolocation,/mnt/ubna_data_02_mir/recover-20220922/UBNA_001/20220921_090000.WAV,Telephone Field,recover-20220922,001,1795
337.1775,337.2133,68437,81663,Rhinolophus ferrumequinum,0.026,0.026,-1,Echolocation,/mnt/ubna_data_02_mir/recover-20220922/UBNA_001/20220921_090000.WAV,Telephone Field,recover-20220922,001,1795
337.2075,337.2457,68437,82102,Rhinolophus ferrumequinum,0.023,0.023,-1,Echolocation,/mnt/ubna_data_02_mir/recover-20220922/UBNA_001/20220921_090000.WAV,Telephone Field,recover-20220922,001,1795
337.2385,337.2761,68437,81605,Rhinolophus ferrumequinum,0.023,0.023,-1,Echolocation,/mnt/ubna_data_02_mir/recover-20220922/UBNA_001/20220921_090000.WAV,Telephone Field,recover-20220922,001,1795
337.2475,337.2837,68437,81620,Rhinolophus ferrumequinum,0.026,0.027,-1,Echolocation,/mnt/ubna_data_02_mir/recover-20220922/UBNA_001/20220921_090000.WAV,Telephone Field,recover-20220922,001,1795
337.2525,337.263,28906,35929,Eptesicus serotinus,0.013,0.026,-1,Echolocation,/mnt/ubna_data_02_mir/recover-20220922/UBNA_001/20220921_090000.WAV,Telephone Field,recover-20220922,001,1795
337.2855,337.324,68437,82160,Rhinolophus ferrumequinum,0.029,0.029,-1,Echolocation,/mnt/ubna_data_02_mir/recover-20220922/UBNA_001/20220921_090000.WAV,Telephone Field,recover-20220922,001,1795
337.3045,337.3439,68437,82575,Rhinolophus ferrumequinum,0.055,0.055,-1,Echolocation,/mnt/ubna_data_02_mir/recover-20220922/UBNA_001/20220921_090000.WAV,Telephone Field,recover-20220922,001,1795
337.3195,337.3302,28046,35226,Eptesicus serotinus,0.021,0.039,-1,Echolocation,/mnt/ubna_data_02_mir/recover-20220922/UBNA_001/20220921_090000.WAV,Telephone Field,recover-20220922,001,1795
337.3295,337.3733,68437,82710,Rhinolophus ferrumequinum,0.041,0.041,-1,Echolocation,/mnt/ubna_data_02_mir/recover-20220922/UBNA_001/20220921_090000.WAV,Telephone Field,recover-20220922,001,1795
337.3725,337.4129,68437,83093,Rhinolophus ferrumequinum,0.031,0.031,-1,Echolocation,/mnt/ubna_data_02_mir/recover-20220922/UBNA_001/20220921_090000.WAV,Telephone Field,recover-20220922,001,1795
337.3915,337.4281,68437,82527,Rhinolophus ferrumequinum,0.024,0.024,-1,Echolocation,/mnt/ubna_data_02_mir/recover-20220922/UBNA_001/20220921_090000.WAV,Telephone Field,recover-20220922,001,1795
337.3995,337.4368,68437,82310,Rhinolophus ferrumequinum,0.023,0.023,-1,Echolocation,/mnt/ubna_data_02_mir/recover-20220922/UBNA_001/20220921_090000.WAV,Telephone Field,recover-20220922,001,1795
337.4045,337.4139,28906,37318,Eptesicus serotinus,0.01,0.025,-1,Echolocation,/mnt/ubna_data_02_mir/recover-20220922/UBNA_001/20220921_090000.WAV,Telephone Field,recover-20220922,001,1795
337.4295,337.4392,28046,39479,Eptesicus serotinus,0.01,0.022,-1,Echolocation,/mnt/ubna_data_02_mir/recover-20220922/UBNA_001/20220921_090000.WAV,Telephone Field,recover-20220922,001,1795
337.4405,337.4792,68437,81744,Rhinolophus ferrumequinum,0.024,0.024,-1,Echolocation,/mnt/ubna_data_02_mir/recover-20220922/UBNA_001/20220921_090000.WAV,Telephone Field,recover-20220922,001,1795
337.4635,337.5029,68437,82231,Rhinolophus ferrumequinum,0.025,0.025,-1,Echolocation,/mnt/ubna_data_02_mir/recover-20220922/UBNA_001/20220921_090000.WAV,Telephone Field,recover-20220922,001,1795
337.5055,337.5469,68437,82874,Rhinolophus ferrumequinum,0.033,0.033,-1,Echolocation,/mnt/ubna_data_02_mir/recover-20220922/UBNA_001/20220921_090000.WAV,Telephone Field,recover-20220922,001,1795
337.5265,337.5647,68437,82665,Rhinolophus ferrumequinum,0.026,0.026,-1,Echolocation,/mnt/ubna_data_02_mir/recover-20220922/UBNA_001/20220921_090000.WAV,Telephone Field,recover-20220922,001,1795
337.5375,337.574,68437,80843,Rhinolophus ferrumequinum,0.022,0.022,-1,Echolocation,/mnt/ubna_data_02_mir/recover-20220922/UBNA_001/20220921_090000.WAV,Telephone Field,recover-20220922,001,1795
337.5735,337.6126,68437,82353,Rhinolophus ferrumequinum,0.026,0.026,-1,Echolocation,/mnt/ubna_data_02_mir/recover-20220922/UBNA_001/20220921_090000.WAV,Telephone Field,recover-20220922,001,1795
337.5895,337.6007,28046,34936,Eptesicus serotinus,0.013,0.026,-1,Echolocation,/mnt/ubna_data_02_mir/recover-20220922/UBNA_001/20220921_090000.WAV,Telephone Field,recover-20220922,001,1795
337.5895,337.6305,68437,82825,Rhinolophus ferrumequinum,0.029,0.029,-1,Echolocation,/mnt/ubna_data_02_mir/recover-20220922/UBNA_001/20220921_090000.WAV,Telephone Field,recover-20220922,001,1795
337.6095,337.6174,28046,38840,Eptesicus serotinus,0.008,0.026,-1,Echolocation,/mnt/ubna_data_02_mir/recover-20220922/UBNA_001/20220921_090000.WAV,Telephone Field,recover-20220922,001,1795
337.6115,337.6525,68437,82035,Rhinolophus ferrumequinum,0.023,0.023,-1,Echolocation,/mnt/ubna_data_02_mir/recover-20220922/UBNA_001/20220921_090000.WAV,Telephone Field,recover-20220922,001,1795
337.6245,337.663,68437,82145,Rhinolophus ferrumequinum,0.022,0.022,-1,Echolocation,/mnt/ubna_data_02_mir/recover-20220922/UBNA_001/20220921_090000.WAV,Telephone Field,recover-20220922,001,1795
337.6645,337.6766,28906,34829,Eptesicus serotinus,0.018,0.033,-1,Echolocation,/mnt/ubna_data_02_mir/recover-20220922/UBNA_001/20220921_090000.WAV,Telephone Field,recover-20220922,001,1795
337.6975,337.707,27187,35999,Eptesicus serotinus,0.009,0.021,-1,Echolocation,/mnt/ubna_data_02_mir/recover-20220922/UBNA_001/20220921_090000.WAV,Telephone Field,recover-20220922,001,1795
337.7035,337.741,68437,81042,Rhinolophus ferrumequinum,0.022,0.022,-1,Echolocation,/mnt/ubna_data_02_mir/recover-20220922/UBNA_001/20220921_090000.WAV,Telephone Field,recover-20220922,001,1795
337.7265,337.7344,28046,36960,Eptesicus serotinus,0.011,0.028,-1,Echolocation,/mnt/ubna_data_02_mir/recover-20220922/UBNA_001/20220921_090000.WAV,Telephone Field,recover-20220922,001,1795
337.7535,337.788,68437,81197,Rhinolophus ferrumequinum,0.025,0.025,-1,Echolocation,/mnt/ubna_data_02_mir/recover-20220922/UBNA_001/20220921_090000.WAV,Telephone Field,recover-20220922,001,1795
337.7705,337.7854,21171,24792,Nyctalus leisleri,0.015,0.025,-1,Echolocation,/mnt/ubna_data_02_mir/recover-20220922/UBNA_001/20220921_090000.WAV,Telephone Field,recover-20220922,001,1795
337.7805,337.8163,68437,81328,Rhinolophus ferrumequinum,0.025,0.025,-1,Echolocation,/mnt/ubna_data_02_mir/recover-20220922/UBNA_001/20220921_090000.WAV,Telephone Field,recover-20220922,001,1795
337.7915,337.8315,68437,82876,Rhinolophus ferrumequinum,0.031,0.031,-1,Echolocation,/mnt/ubna_data_02_mir/recover-20220922/UBNA_001/20220921_090000.WAV,Telephone Field,recover-20220922,001,1795
337.7925,337.8028,34062,39439,Barbastellus barbastellus,0.007,0.022,-1,Echolocation,/mnt/ubna_data_02_mir/recover-20220922/UBNA_001/20220921_090000.WAV,Telephone Field,recover-20220922,001,1795
337.7925,337.801,28046,37781,Eptesicus serotinus,0.008,0.022,-1,Echolocation,/mnt/ubna_data_02_mir/recover-20220922/UBNA_001/20220921_090000.WAV,Telephone Field,recover-20220922,001,1795
337.7985,337.8048,28046,38871,Eptesicus serotinus,0.005,0.022,-1,Echolocation,/mnt/ubna_data_02_mir/recover-20220922/UBNA_001/20220921_090000.WAV,Telephone Field,recover-20220922,001,1795
337.8105,337.8487,68437,82333,Rhinolophus ferrumequinum,0.028,0.029,-1,Echolocation,/mnt/ubna_data_02_mir/recover-20220922/UBNA_001/20220921_090000.WAV,Telephone Field,recover-20220922,001,1795
337.8445,337.8843,68437,82569,Rhinolophus ferrumequinum,0.022,0.022,-1,Echolocation,/mnt/ubna_data_02_mir/recover-20220922/UBNA_001/20220921_090000.WAV,Telephone Field,recover-20220922,001,1795
337.8745,337.9153,68437,82308,Rhinolophus ferrumequinum,0.022,0.022,-1,Echolocation,/mnt/ubna_data_02_mir/recover-20220922/UBNA_001/20220921_090000.WAV,Telephone Field,recover-20220922,001,1795
337.8935,337.9356,68437,83130,Rhinolophus ferrumequinum,0.026,0.027,-1,Echolocation,/mnt/ubna_data_02_mir/recover-20220922/UBNA_001/20220921_090000.WAV,Telephone Field,recover-20220922,001,1795
337.9225,337.9626,68437,82868,Rhinolophus ferrumequinum,0.023,0.023,-1,Echolocation,/mnt/ubna_data_02_mir/recover-20220922/UBNA_001/20220921_090000.WAV,Telephone Field,recover-20220922,001,1795
337.9325,337.9691,68437,80950,Rhinolophus ferrumequinum,0.022,0.022,-1,Echolocation,/mnt/ubna_data_02_mir/recover-20220922/UBNA_001/20220921_090000.WAV,Telephone Field,recover-20220922,001,1795
337.9575,337.9952,68437,81477,Rhinolophus ferrumequinum,0.028,0.028,-1,Echolocation,/mnt/ubna_data_02_mir/recover-20220922/UBNA_001/20220921_090000.WAV,Telephone Field,recover-20220922,001,1795
337.9575,337.9685,22890,27062,Nyctalus leisleri,0.013,0.023,-1,Echolocation,/mnt/ubna_data_02_mir/recover-20220922/UBNA_001/20220921_090000.WAV,Telephone Field,recover-20220922,001,1795
337.9855,337.9942,24609,33790,Eptesicus serotinus,0.006,0.023,-1,Echolocation,/mnt/ubna_data_02_mir/recover-20220922/UBNA_001/20220921_090000.WAV,Telephone Field,recover-20220922,001,1795
338.0015,338.0108,27187,37634,Eptesicus serotinus,0.008,0.026,-1,Echolocation,/mnt/ubna_data_02_mir/recover-20220922/UBNA_001/20220921_090000.WAV,Telephone Field,recover-20220922,001,1795
338.0015,338.035,68437,79814,Rhinolophus ferrumequinum,0.033,0.033,-1,Echolocation,/mnt/ubna_data_02_mir/recover-20220922/UBNA_001/20220921_090000.WAV,Telephone Field,recover-20220922,001,1795
338.0185,338.064,68437,84070,Rhinolophus ferrumequinum,0.043,0.043,-1,Echolocation,/mnt/ubna_data_02_mir/recover-20220922/UBNA_001/20220921_090000.WAV,Telephone Field,recover-20220922,001,1795
338.08050000000003,338.1185,68437,81948,Rhinolophus ferrumequinum,0.027,0.027,-1,Echolocation,/mnt/ubna_data_02_mir/recover-20220922/UBNA_001/20220921_090000.WAV,Telephone Field,recover-20220922,001,1795
338.0875,338.0967,28046,36244,Eptesicus serotinus,0.009,0.025,-1,Echolocation,/mnt/ubna_data_02_mir/recover-20220922/UBNA_001/20220921_090000.WAV,Telephone Field,recover-20220922,001,1795
338.0995,338.1378,68437,82065,Rhinolophus ferrumequinum,0.024,0.024,-1,Echolocation,/mnt/ubna_data_02_mir/recover-20220922/UBNA_001/20220921_090000.WAV,Telephone Field,recover-20220922,001,1795
338.1525,338.1849,68437,80491,Rhinolophus ferrumequinum,0.022,0.023,-1,Echolocation,/mnt/ubna_data_02_mir/recover-20220922/UBNA_001/20220921_090000.WAV,Telephone Field,recover-20220922,001,1795
338.1735,338.2123,68437,82304,Rhinolophus ferrumequinum,0.023,0.023,-1,Echolocation,/mnt/ubna_data_02_mir/recover-20220922/UBNA_001/20220921_090000.WAV,Telephone Field,recover-20220922,001,1795
338.2195,338.2295,28046,37780,Eptesicus serotinus,0.011,0.026,-1,Echolocation,/mnt/ubna_data_02_mir/recover-20220922/UBNA_001/20220921_090000.WAV,Telephone Field,recover-20220922,001,1795
338.2325,338.2733,68437,82848,Rhinolophus ferrumequinum,0.025,0.025,-1,Echolocation,/mnt/ubna_data_02_mir/recover-20220922/UBNA_001/20220921_090000.WAV,Telephone Field,recover-20220922,001,1795
338.2595,338.2687,28046,37480,Eptesicus serotinus,0.012,0.031,-1,Echolocation,/mnt/ubna_data_02_mir/recover-20220922/UBNA_001/20220921_090000.WAV,Telephone Field,recover-20220922,001,1795
338.2795,338.3218,68437,82999,Rhinolophus ferrumequinum,0.031,0.031,-1,Echolocation,/mnt/ubna_data_02_mir/recover-20220922/UBNA_001/20220921_090000.WAV,Telephone Field,recover-20220922,001,1795
338.2845,338.2951,22031,27384,Nyctalus leisleri,0.013,0.03,-1,Echolocation,/mnt/ubna_data_02_mir/recover-20220922/UBNA_001/20220921_090000.WAV,Telephone Field,recover-20220922,001,1795
338.3215,338.3629,68437,82940,Rhinolophus ferrumequinum,0.029,0.029,-1,Echolocation,/mnt/ubna_data_02_mir/recover-20220922/UBNA_001/20220921_090000.WAV,Telephone Field,recover-20220922,001,1795
338.3405,338.3842,68437,83105,Rhinolophus ferrumequinum,0.028,0.028,-1,Echolocation,/mnt/ubna_data_02_mir/recover-20220922/UBNA_001/20220921_090000.WAV,Telephone Field,recover-20220922,001,1795
338.3435,338.3513,28046,39739,Eptesicus serotinus,0.01,0.028,-1,Echolocation,/mnt/ubna_data_02_mir/recover-20220922/UBNA_001/20220921_090000.WAV,Telephone Field,recover-20220922,001,1795
338.3675,338.4077,68437,82470,Rhinolophus ferrumequinum,0.027,0.027,-1,Echolocation,/mnt/ubna_data_02_mir/recover-20220922/UBNA_001/20220921_090000.WAV,Telephone Field,recover-20220922,001,1795
338.3905,338.4006,22031,27098,Nyctalus leisleri,0.01,0.023,-1,Echolocation,/mnt/ubna_data_02_mir/recover-20220922/UBNA_001/20220921_090000.WAV,Telephone Field,recover-20220922,001,1795
338.4265,338.4679,68437,82689,Rhinolophus ferrumequinum,0.023,0.023,-1,Echolocation,/mnt/ubna_data_02_mir/recover-20220922/UBNA_001/20220921_090000.WAV,Telephone Field,recover-20220922,001,1795
338.4575,338.497,68437,82883,Rhinolophus ferrumequinum,0.031,0.032,-1,Echolocation,/mnt/ubna_data_02_mir/recover-20220922/UBNA_001/20220921_090000.WAV,Telephone Field,recover-20220922,001,1795
338.5325,338.5492,53828,57740,Pipistrellus pygmaeus,0.029,0.033,-1,Echolocation,/mnt/ubna_data_02_mir/recover-20220922/UBNA_001/20220921_090000.WAV,Telephone Field,recover-20220922,001,1795
338.5465,338.5573,22890,27996,Nyctalus leisleri,0.012,0.023,-1,Echolocation,/mnt/ubna_data_02_mir/recover-20220922/UBNA_001/20220921_090000.WAV,Telephone Field,recover-20220922,001,1795
338.5545,338.596,68437,83030,Rhinolophus ferrumequinum,0.03,0.03,-1,Echolocation,/mnt/ubna_data_02_mir/recover-20220922/UBNA_001/20220921_090000.WAV,Telephone Field,recover-20220922,001,1795
338.5755,338.6171,68437,83201,Rhinolophus ferrumequinum,0.032,0.032,-1,Echolocation,/mnt/ubna_data_02_mir/recover-20220922/UBNA_001/20220921_090000.WAV,Telephone Field,recover-20220922,001,1795
338.5975,338.6383,68437,82367,Rhinolophus ferrumequinum,0.027,0.027,-1,Echolocation,/mnt/ubna_data_02_mir/recover-20220922/UBNA_001/20220921_090000.WAV,Telephone Field,recover-20220922,001,1795
338.6145,338.6287,22031,25458,Nyctalus leisleri,0.036,0.056,-1,Echolocation,/mnt/ubna_data_02_mir/recover-20220922/UBNA_001/20220921_090000.WAV,Telephone Field,recover-20220922,001,1795
338.6285,338.6686,68437,82680,Rhinolophus ferrumequinum,0.024,0.024,-1,Echolocation,/mnt/ubna_data_02_mir/recover-20220922/UBNA_001/20220921_090000.WAV,Telephone Field,recover-20220922,001,1795
338.6295,338.6386,27187,36874,Eptesicus serotinus,0.009,0.023,-1,Echolocation,/mnt/ubna_data_02_mir/recover-20220922/UBNA_001/20220921_090000.WAV,Telephone Field,recover-20220922,001,1795
338.6415,338.6808,68437,82430,Rhinolophus ferrumequinum,0.025,0.025,-1,Echolocation,/mnt/ubna_data_02_mir/recover-20220922/UBNA_001/20220921_090000.WAV,Telephone Field,recover-20220922,001,1795
338.6535,338.6696,16015,20493,Nyctalus noctula,0.045,0.066,-1,Echolocation,/mnt/ubna_data_02_mir/recover-20220922/UBNA_001/20220921_090000.WAV,Telephone Field,recover-20220922,001,1795
338.6755,338.7168,68437,82245,Rhinolophus ferrumequinum,0.038,0.038,-1,Echolocation,/mnt/ubna_data_02_mir/recover-20220922/UBNA_001/20220921_090000.WAV,Telephone Field,recover-20220922,001,1795
338.6805,338.6876,27187,43406,Eptesicus serotinus,0.007,0.026,-1,Echolocation,/mnt/ubna_data_02_mir/recover-20220922/UBNA_001/20220921_090000.WAV,Telephone Field,recover-20220922,001,1795
338.6885,338.7269,68437,82513,Rhinolophus ferrumequinum,0.022,0.022,-1,Echolocation,/mnt/ubna_data_02_mir/recover-20220922/UBNA_001/20220921_090000.WAV,Telephone Field,recover-20220922,001,1795
338.7255,338.7627,68437,82416,Rhinolophus ferrumequinum,0.028,0.028,-1,Echolocation,/mnt/ubna_data_02_mir/recover-20220922/UBNA_001/20220921_090000.WAV,Telephone Field,recover-20220922,001,1795
338.7725,338.7846,22890,27355,Nyctalus leisleri,0.013,0.022,-1,Echolocation,/mnt/ubna_data_02_mir/recover-20220922/UBNA_001/20220921_090000.WAV,Telephone Field,recover-20220922,001,1795
338.7775,338.8168,68437,81944,Rhinolophus ferrumequinum,0.023,0.023,-1,Echolocation,/mnt/ubna_data_02_mir/recover-20220922/UBNA_001/20220921_090000.WAV,Telephone Field,recover-20220922,001,1795
338.7975,338.8369,68437,82312,Rhinolophus ferrumequinum,0.022,0.022,-1,Echolocation,/mnt/ubna_data_02_mir/recover-20220922/UBNA_001/20220921_090000.WAV,Telephone Field,recover-20220922,001,1795
338.8065,338.8171,28046,35331,Eptesicus serotinus,0.023,0.039,-1,Echolocation,/mnt/ubna_data_02_mir/recover-20220922/UBNA_001/20220921_090000.WAV,Telephone Field,recover-20220922,001,1795
338.8265,338.8679,68437,83030,Rhinolophus ferrumequinum,0.03,0.03,-1,Echolocation,/mnt/ubna_data_02_mir/recover-20220922/UBNA_001/20220921_090000.WAV,Telephone Field,recover-20220922,001,1795
338.8335,338.8727,68437,82829,Rhinolophus ferrumequinum,0.025,0.025,-1,Echolocation,/mnt/ubna_data_02_mir/recover-20220922/UBNA_001/20220921_090000.WAV,Telephone Field,recover-20220922,001,1795
338.8445,338.885,68437,82486,Rhinolophus ferrumequinum,0.022,0.022,-1,Echolocation,/mnt/ubna_data_02_mir/recover-20220922/UBNA_001/20220921_090000.WAV,Telephone Field,recover-20220922,001,1795
338.8805,338.9258,68437,83496,Rhinolophus ferrumequinum,0.055,0.055,-1,Echolocation,/mnt/ubna_data_02_mir/recover-20220922/UBNA_001/20220921_090000.WAV,Telephone Field,recover-20220922,001,1795
338.9325,338.9691,68437,81323,Rhinolophus ferrumequinum,0.022,0.022,-1,Echolocation,/mnt/ubna_data_02_mir/recover-20220922/UBNA_001/20220921_090000.WAV,Telephone Field,recover-20220922,001,1795
338.9405,338.9475,28046,38821,Eptesicus serotinus,0.007,0.024,-1,Echolocation,/mnt/ubna_data_02_mir/recover-20220922/UBNA_001/20220921_090000.WAV,Telephone Field,recover-20220922,001,1795
338.9425,338.984,68437,82750,Rhinolophus ferrumequinum,0.031,0.031,-1,Echolocation,/mnt/ubna_data_02_mir/recover-20220922/UBNA_001/20220921_090000.WAV,Telephone Field,recover-20220922,001,1795
338.9685,338.9778,27187,36408,Eptesicus serotinus,0.008,0.022,-1,Echolocation,/mnt/ubna_data_02_mir/recover-20220922/UBNA_001/20220921_090000.WAV,Telephone Field,recover-20220922,001,1795
338.9765,338.9871,23750,29948,Nyctalus leisleri,0.009,0.022,-1,Echolocation,/mnt/ubna_data_02_mir/recover-20220922/UBNA_001/20220921_090000.WAV,Telephone Field,recover-20220922,001,1795
339.0115,339.0477,68437,81429,Rhinolophus ferrumequinum,0.022,0.022,-1,Echolocation,/mnt/ubna_data_02_mir/recover-20220922/UBNA_001/20220921_090000.WAV,Telephone Field,recover-20220922,001,1795
339.0385,339.0763,68437,81746,Rhinolophus ferrumequinum,0.024,0.024,-1,Echolocation,/mnt/ubna_data_02_mir/recover-20220922/UBNA_001/20220921_090000.WAV,Telephone Field,recover-20220922,001,1795
339.0475,339.056,28046,37029,Eptesicus serotinus,0.007,0.023,-1,Echolocation,/mnt/ubna_data_02_mir/recover-20220922/UBNA_001/20220921_090000.WAV,Telephone Field,recover-20220922,001,1795
339.0845,339.1237,68437,81920,Rhinolophus ferrumequinum,0.023,0.023,-1,Echolocation,/mnt/ubna_data_02_mir/recover-20220922/UBNA_001/20220921_090000.WAV,Telephone Field,recover-20220922,001,1795
339.1085,339.151,68437,83115,Rhinolophus ferrumequinum,0.032,0.032,-1,Echolocation,/mnt/ubna_data_02_mir/recover-20220922/UBNA_001/20220921_090000.WAV,Telephone Field,recover-20220922,001,1795
339.1275,339.1655,68437,81657,Rhinolophus ferrumequinum,0.023,0.023,-1,Echolocation,/mnt/ubna_data_02_mir/recover-20220922/UBNA_001/20220921_090000.WAV,Telephone Field,recover-20220922,001,1795
339.1425,339.1515,28906,40585,Eptesicus serotinus,0.009,0.028,-1,Echolocation,/mnt/ubna_data_02_mir/recover-20220922/UBNA_001/20220921_090000.WAV,Telephone Field,recover-20220922,001,1795
339.1735,339.2114,68437,81992,Rhinolophus ferrumequinum,0.022,0.022,-1,Echolocation,/mnt/ubna_data_02_mir/recover-20220922/UBNA_001/20220921_090000.WAV,Telephone Field,recover-20220922,001,1795
339.1925,339.2335,68437,83007,Rhinolophus ferrumequinum,0.026,0.026,-1,Echolocation,/mnt/ubna_data_02_mir/recover-20220922/UBNA_001/20220921_090000.WAV,Telephone Field,recover-20220922,001,1795
339.2195,339.2601,68437,83030,Rhinolophus ferrumequinum,0.026,0.026,-1,Echolocation,/mnt/ubna_data_02_mir/recover-20220922/UBNA_001/20220921_090000.WAV,Telephone Field,recover-20220922,001,1795
339.2485,339.2835,68437,81657,Rhinolophus ferrumequinum,0.024,0.024,-1,Echolocation,/mnt/ubna_data_02_mir/recover-20220922/UBNA_001/20220921_090000.WAV,Telephone Field,recover-20220922,001,1795
339.2965,339.337,68437,82144,Rhinolophus ferrumequinum,0.034,0.034,-1,Echolocation,/mnt/ubna_data_02_mir/recover-20220922/UBNA_001/20220921_090000.WAV,Telephone Field,recover-20220922,001,1795
339.3315,339.3392,28906,40350,Eptesicus serotinus,0.011,0.034,-1,Echolocation,/mnt/ubna_data_02_mir/recover-20220922/UBNA_001/20220921_090000.WAV,Telephone Field,recover-20220922,001,1795
339.3375,339.3765,68437,82202,Rhinolophus ferrumequinum,0.024,0.024,-1,Echolocation,/mnt/ubna_data_02_mir/recover-20220922/UBNA_001/20220921_090000.WAV,Telephone Field,recover-20220922,001,1795
339.3775,339.4145,68437,82088,Rhinolophus ferrumequinum,0.022,0.022,-1,Echolocation,/mnt/ubna_data_02_mir/recover-20220922/UBNA_001/20220921_090000.WAV,Telephone Field,recover-20220922,001,1795
339.3885,339.3993,22031,27249,Nyctalus leisleri,0.01,0.023,-1,Echolocation,/mnt/ubna_data_02_mir/recover-20220922/UBNA_001/20220921_090000.WAV,Telephone Field,recover-20220922,001,1795
339.4045,339.4413,68437,82921,Rhinolophus ferrumequinum,0.025,0.025,-1,Echolocation,/mnt/ubna_data_02_mir/recover-20220922/UBNA_001/20220921_090000.WAV,Telephone Field,recover-20220922,001,1795
339.4135,339.4511,68437,81531,Rhinolophus ferrumequinum,0.023,0.023,-1,Echolocation,/mnt/ubna_data_02_mir/recover-20220922/UBNA_001/20220921_090000.WAV,Telephone Field,recover-20220922,001,1795
339.45550000000003,339.4949,68437,82400,Rhinolophus ferrumequinum,0.024,0.024,-1,Echolocation,/mnt/ubna_data_02_mir/recover-20220922/UBNA_001/20220921_090000.WAV,Telephone Field,recover-20220922,001,1795
339.4655,339.5068,68437,83308,Rhinolophus ferrumequinum,0.025,0.025,-1,Echolocation,/mnt/ubna_data_02_mir/recover-20220922/UBNA_001/20220921_090000.WAV,Telephone Field,recover-20220922,001,1795
339.4985,339.5317,68437,81093,Rhinolophus ferrumequinum,0.025,0.025,-1,Echolocation,/mnt/ubna_data_02_mir/recover-20220922/UBNA_001/20220921_090000.WAV,Telephone Field,recover-20220922,001,1795
339.5145,339.525,49531,54441,Pipistrellus pipistrellus,0.022,0.025,-1,Echolocation,/mnt/ubna_data_02_mir/recover-20220922/UBNA_001/20220921_090000.WAV,Telephone Field,recover-20220922,001,1795
339.5255,339.5647,68437,82269,Rhinolophus ferrumequinum,0.023,0.023,-1,Echolocation,/mnt/ubna_data_02_mir/recover-20220922/UBNA_001/20220921_090000.WAV,Telephone Field,recover-20220922,001,1795
339.5405,339.5795,68437,82241,Rhinolophus ferrumequinum,0.023,0.023,-1,Echolocation,/mnt/ubna_data_02_mir/recover-20220922/UBNA_001/20220921_090000.WAV,Telephone Field,recover-20220922,001,1795
339.5495,339.5897,68437,82566,Rhinolophus ferrumequinum,0.025,0.025,-1,Echolocation,/mnt/ubna_data_02_mir/recover-20220922/UBNA_001/20220921_090000.WAV,Telephone Field,recover-20220922,001,1795
339.5565,339.5984,68437,83014,Rhinolophus ferrumequinum,0.025,0.026,-1,Echolocation,/mnt/ubna_data_02_mir/recover-20220922/UBNA_001/20220921_090000.WAV,Telephone Field,recover-20220922,001,1795
339.5625,339.6024,68437,82631,Rhinolophus ferrumequinum,0.027,0.027,-1,Echolocation,/mnt/ubna_data_02_mir/recover-20220922/UBNA_001/20220921_090000.WAV,Telephone Field,recover-20220922,001,1795
339.6205,339.644,17734,20506,Nyctalus noctula,0.014,0.025,-1,Echolocation,/mnt/ubna_data_02_mir/recover-20220922/UBNA_001/20220921_090000.WAV,Telephone Field,recover-20220922,001,1795
339.6355,339.6713,68437,81704,Rhinolophus ferrumequinum,0.023,0.023,-1,Echolocation,/mnt/ubna_data_02_mir/recover-20220922/UBNA_001/20220921_090000.WAV,Telephone Field,recover-20220922,001,1795
339.6625,339.701,68437,82308,Rhinolophus ferrumequinum,0.024,0.024,-1,Echolocation,/mnt/ubna_data_02_mir/recover-20220922/UBNA_001/20220921_090000.WAV,Telephone Field,recover-20220922,001,1795
339.6735,339.7112,68437,81262,Rhinolophus ferrumequinum,0.023,0.023,-1,Echolocation,/mnt/ubna_data_02_mir/recover-20220922/UBNA_001/20220921_090000.WAV,Telephone Field,recover-20220922,001,1795
339.6795,339.6876,26328,36415,Eptesicus serotinus,0.016,0.038,-1,Echolocation,/mnt/ubna_data_02_mir/recover-20220922/UBNA_001/20220921_090000.WAV,Telephone Field,recover-20220922,001,1795
339.7195,339.7629,68437,83541,Rhinolophus ferrumequinum,0.032,0.032,-1,Echolocation,/mnt/ubna_data_02_mir/recover-20220922/UBNA_001/20220921_090000.WAV,Telephone Field,recover-20220922,001,1795
339.7255,339.7681,68437,83504,Rhinolophus ferrumequinum,0.032,0.032,-1,Echolocation,/mnt/ubna_data_02_mir/recover-20220922/UBNA_001/20220921_090000.WAV,Telephone Field,recover-20220922,001,1795
339.7565,339.7969,68437,82637,Rhinolophus ferrumequinum,0.029,0.029,-1,Echolocation,/mnt/ubna_data_02_mir/recover-20220922/UBNA_001/20220921_090000.WAV,Telephone Field,recover-20220922,001,1795
339.7735,339.7879,14296,18675,Nyctalus noctula,0.025,0.038,-1,Echolocation,/mnt/ubna_data_02_mir/recover-20220922/UBNA_001/20220921_090000.WAV,Telephone Field,recover-20220922,001,1795
339.7935,339.8033,35781,41243,Barbastellus barbastellus,0.006,0.022,-1,Echolocation,/mnt/ubna_data_02_mir/recover-20220922/UBNA_001/20220921_090000.WAV,Telephone Field,recover-20220922,001,1795
339.7955,339.8042,28046,37517,Eptesicus serotinus,0.009,0.023,-1,Echolocation,/mnt/ubna_data_02_mir/recover-20220922/UBNA_001/20220921_090000.WAV,Telephone Field,recover-20220922,001,1795
339.8095,339.8472,68437,81937,Rhinolophus ferrumequinum,0.025,0.025,-1,Echolocation,/mnt/ubna_data_02_mir/recover-20220922/UBNA_001/20220921_090000.WAV,Telephone Field,recover-20220922,001,1795
339.8145,339.8526,68437,82359,Rhinolophus ferrumequinum,0.025,0.026,-1,Echolocation,/mnt/ubna_data_02_mir/recover-20220922/UBNA_001/20220921_090000.WAV,Telephone Field,recover-20220922,001,1795
339.8235,339.8627,68437,81926,Rhinolophus ferrumequinum,0.023,0.023,-1,Echolocation,/mnt/ubna_data_02_mir/recover-20220922/UBNA_001/20220921_090000.WAV,Telephone Field,recover-20220922,001,1795
339.8325,339.8737,68437,82096,Rhinolophus ferrumequinum,0.022,0.022,-1,Echolocation,/mnt/ubna_data_02_mir/recover-20220922/UBNA_001/20220921_090000.WAV,Telephone Field,recover-20220922,001,1795
339.8455,339.8563,22890,27219,Nyctalus leisleri,0.013,0.023,-1,Echolocation,/mnt/ubna_data_02_mir/recover-20220922/UBNA_001/20220921_090000.WAV,Telephone Field,recover-20220922,001,1795
339.8745,339.9136,68437,82347,Rhinolophus ferrumequinum,0.026,0.026,-1,Echolocation,/mnt/ubna_data_02_mir/recover-20220922/UBNA_001/20220921_090000.WAV,Telephone Field,recover-20220922,001,1795
339.9175,339.9582,68437,82716,Rhinolophus ferrumequinum,0.029,0.029,-1,Echolocation,/mnt/ubna_data_02_mir/recover-20220922/UBNA_001/20220921_090000.WAV,Telephone Field,recover-20220922,001,1795
339.9265,339.9344,28046,38023,Eptesicus serotinus,0.01,0.028,-1,Echolocation,/mnt/ubna_data_02_mir/recover-20220922/UBNA_001/20220921_090000.WAV,Telephone Field,recover-20220922,001,1795
339.9465,339.9873,68437,82687,Rhinolophus ferrumequinum,0.028,0.028,-1,Echolocation,/mnt/ubna_data_02_mir/recover-20220922/UBNA_001/20220921_090000.WAV,Telephone Field,recover-20220922,001,1795
340.0015,340.0096,26328,36979,Nyctalus leisleri,0.008,0.031,-1,Echolocation,/mnt/ubna_data_02_mir/recover-20220922/UBNA_001/20220921_090000.WAV,Telephone Field,recover-20220922,001,1795
340.0015,340.0307,68437,78870,Rhinolophus ferrumequinum,0.03,0.03,-1,Echolocation,/mnt/ubna_data_02_mir/recover-20220922/UBNA_001/20220921_090000.WAV,Telephone Field,recover-20220922,001,1795
340.0015,340.0129,55546,60396,Pipistrellus pygmaeus,0.022,0.025,-1,Echolocation,/mnt/ubna_data_02_mir/recover-20220922/UBNA_001/20220921_090000.WAV,Telephone Field,recover-20220922,001,1795
340.0195,340.0296,27187,36276,Eptesicus serotinus,0.011,0.026,-1,Echolocation,/mnt/ubna_data_02_mir/recover-20220922/UBNA_001/20220921_090000.WAV,Telephone Field,recover-20220922,001,1795
340.0265,340.0361,28906,37619,Eptesicus serotinus,0.009,0.025,-1,Echolocation,/mnt/ubna_data_02_mir/recover-20220922/UBNA_001/20220921_090000.WAV,Telephone Field,recover-20220922,001,1795
340.0325,340.0699,68437,82423,Rhinolophus ferrumequinum,0.026,0.026,-1,Echolocation,/mnt/ubna_data_02_mir/recover-20220922/UBNA_001/20220921_090000.WAV,Telephone Field,recover-20220922,001,1795
340.0525,340.0906,68437,82028,Rhinolophus ferrumequinum,0.022,0.022,-1,Echolocation,/mnt/ubna_data_02_mir/recover-20220922/UBNA_001/20220921_090000.WAV,Telephone Field,recover-20220922,001,1795
340.0625,340.0732,23750,29835,Nyctalus leisleri,0.011,0.025,-1,Echolocation,/mnt/ubna_data_02_mir/recover-20220922/UBNA_001/20220921_090000.WAV,Telephone Field,recover-20220922,001,1795
340.0645,340.0734,28046,36728,Eptesicus serotinus,0.008,0.023,-1,Echolocation,/mnt/ubna_data_02_mir/recover-20220922/UBNA_001/20220921_090000.WAV,Telephone Field,recover-20220922,001,1795
340.0815,340.1238,68437,82997,Rhinolophus ferrumequinum,0.031,0.031,-1,Echolocation,/mnt/ubna_data_02_mir/recover-20220922/UBNA_001/20220921_090000.WAV,Telephone Field,recover-20220922,001,1795
340.1565,340.1939,68437,81837,Rhinolophus ferrumequinum,0.023,0.023,-1,Echolocation,/mnt/ubna_data_02_mir/recover-20220922/UBNA_001/20220921_090000.WAV,Telephone Field,recover-20220922,001,1795
340.1755,340.1874,28046,35505,Eptesicus serotinus,0.016,0.032,-1,Echolocation,/mnt/ubna_data_02_mir/recover-20220922/UBNA_001/20220921_090000.WAV,Telephone Field,recover-20220922,001,1795
340.2075,340.2156,28046,38211,Eptesicus serotinus,0.007,0.022,-1,Echolocation,/mnt/ubna_data_02_mir/recover-20220922/UBNA_001/20220921_090000.WAV,Telephone Field,recover-20220922,001,1795
340.2525,340.2937,68437,82872,Rhinolophus ferrumequinum,0.026,0.026,-1,Echolocation,/mnt/ubna_data_02_mir/recover-20220922/UBNA_001/20220921_090000.WAV,Telephone Field,recover-20220922,001,1795
340.2585,340.2997,68437,82842,Rhinolophus ferrumequinum,0.026,0.026,-1,Echolocation,/mnt/ubna_data_02_mir/recover-20220922/UBNA_001/20220921_090000.WAV,Telephone Field,recover-20220922,001,1795
340.2855,340.32280000000003,68437,82152,Rhinolophus ferrumequinum,0.025,0.025,-1,Echolocation,/mnt/ubna_data_02_mir/recover-20220922/UBNA_001/20220921_090000.WAV,Telephone Field,recover-20220922,001,1795
340.2895,340.2984,25468,35419,Eptesicus serotinus,0.008,0.022,-1,Echolocation,/mnt/ubna_data_02_mir/recover-20220922/UBNA_001/20220921_090000.WAV,Telephone Field,recover-20220922,001,1795
340.2975,340.3074,28046,35829,Eptesicus serotinus,0.008,0.022,-1,Echolocation,/mnt/ubna_data_02_mir/recover-20220922/UBNA_001/20220921_090000.WAV,Telephone Field,recover-20220922,001,1795
340.3085,340.3173,28046,36750,Eptesicus serotinus,0.008,0.023,-1,Echolocation,/mnt/ubna_data_02_mir/recover-20220922/UBNA_001/20220921_090000.WAV,Telephone Field,recover-20220922,001,1795
340.3315,340.3422,28046,35089,Eptesicus serotinus,0.011,0.025,-1,Echolocation,/mnt/ubna_data_02_mir/recover-20220922/UBNA_001/20220921_090000.WAV,Telephone Field,recover-20220922,001,1795
340.3605,340.3704,43515,48425,Pipistrellus pipistrellus,0.022,0.027,-1,Echolocation,/mnt/ubna_data_02_mir/recover-20220922/UBNA_001/20220921_090000.WAV,Telephone Field,recover-20220922,001,1795
340.3605,340.4008,68437,82369,Rhinolophus ferrumequinum,0.024,0.024,-1,Echolocation,/mnt/ubna_data_02_mir/recover-20220922/UBNA_001/20220921_090000.WAV,Telephone Field,recover-20220922,001,1795
340.3665,340.4068,68437,82442,Rhinolophus ferrumequinum,0.023,0.023,-1,Echolocation,/mnt/ubna_data_02_mir/recover-20220922/UBNA_001/20220921_090000.WAV,Telephone Field,recover-20220922,001,1795
340.3985,340.406,28046,42191,Eptesicus serotinus,0.007,0.025,-1,Echolocation,/mnt/ubna_data_02_mir/recover-20220922/UBNA_001/20220921_090000.WAV,Telephone Field,recover-20220922,001,1795
340.4265,340.4676,68437,82709,Rhinolophus ferrumequinum,0.022,0.022,-1,Echolocation,/mnt/ubna_data_02_mir/recover-20220922/UBNA_001/20220921_090000.WAV,Telephone Field,recover-20220922,001,1795
340.4465,340.4851,68437,81758,Rhinolophus ferrumequinum,0.022,0.022,-1,Echolocation,/mnt/ubna_data_02_mir/recover-20220922/UBNA_001/20220921_090000.WAV,Telephone Field,recover-20220922,001,1795
340.4475,340.45889999999997,24609,30869,Nyctalus leisleri,0.01,0.024,-1,Echolocation,/mnt/ubna_data_02_mir/recover-20220922/UBNA_001/20220921_090000.WAV,Telephone Field,recover-20220922,001,1795
340.4605,340.4724,44375,46786,Pipistrellus pipistrellus,0.054,0.059,-1,Echolocation,/mnt/ubna_data_02_mir/recover-20220922/UBNA_001/20220921_090000.WAV,Telephone Field,recover-20220922,001,1795
340.4865,340.5238,68437,81907,Rhinolophus ferrumequinum,0.024,0.024,-1,Echolocation,/mnt/ubna_data_02_mir/recover-20220922/UBNA_001/20220921_090000.WAV,Telephone Field,recover-20220922,001,1795
340.4925,340.4991,25468,35867,Plecotus austriacus,0.013,0.037,-1,Echolocation,/mnt/ubna_data_02_mir/recover-20220922/UBNA_001/20220921_090000.WAV,Telephone Field,recover-20220922,001,1795
340.5045,340.5188,40937,43801,Pipistrellus nathusii,0.016,0.029,-1,Echolocation,/mnt/ubna_data_02_mir/recover-20220922/UBNA_001/20220921_090000.WAV,Telephone Field,recover-20220922,001,1795
340.5225,340.532,46093,50543,Pipistrellus pipistrellus,0.021,0.022,-1,Echolocation,/mnt/ubna_data_02_mir/recover-20220922/UBNA_001/20220921_090000.WAV,Telephone Field,recover-20220922,001,1795
340.5555,340.6008,68437,83373,Rhinolophus ferrumequinum,0.044,0.044,-1,Echolocation,/mnt/ubna_data_02_mir/recover-20220922/UBNA_001/20220921_090000.WAV,Telephone Field,recover-20220922,001,1795
340.5635,340.5711,28046,37557,Eptesicus serotinus,0.009,0.025,-1,Echolocation,/mnt/ubna_data_02_mir/recover-20220922/UBNA_001/20220921_090000.WAV,Telephone Field,recover-20220922,001,1795
340.6075,340.6443,68437,81509,Rhinolophus ferrumequinum,0.022,0.022,-1,Echolocation,/mnt/ubna_data_02_mir/recover-20220922/UBNA_001/20220921_090000.WAV,Telephone Field,recover-20220922,001,1795
340.6625,340.6723,27187,35421,Eptesicus serotinus,0.009,0.022,-1,Echolocation,/mnt/ubna_data_02_mir/recover-20220922/UBNA_001/20220921_090000.WAV,Telephone Field,recover-20220922,001,1795
340.6705,340.7096,68437,82431,Rhinolophus ferrumequinum,0.022,0.022,-1,Echolocation,/mnt/ubna_data_02_mir/recover-20220922/UBNA_001/20220921_090000.WAV,Telephone Field,recover-20220922,001,1795
340.7025,340.7427,68437,82912,Rhinolophus ferrumequinum,0.029,0.029,-1,Echolocation,/mnt/ubna_data_02_mir/recover-20220922/UBNA_001/20220921_090000.WAV,Telephone Field,recover-20220922,001,1795
340.7475,340.7838,68437,81002,Rhinolophus ferrumequinum,0.022,0.022,-1,Echolocation,/mnt/ubna_data_02_mir/recover-20220922/UBNA_001/20220921_090000.WAV,Telephone Field,recover-20220922,001,1795
340.7685,340.8073,68437,81697,Rhinolophus ferrumequinum,0.022,0.022,-1,Echolocation,/mnt/ubna_data_02_mir/recover-20220922/UBNA_001/20220921_090000.WAV,Telephone Field,recover-20220922,001,1795
340.7815,340.7869,37500,59154,Myotis mystacinus,0.008,0.024,-1,Echolocation,/mnt/ubna_data_02_mir/recover-20220922/UBNA_001/20220921_090000.WAV,Telephone Field,recover-20220922,001,1795
340.7815,340.7894,26328,37562,Eptesicus serotinus,0.007,0.023,-1,Echolocation,/mnt/ubna_data_02_mir/recover-20220922/UBNA_001/20220921_090000.WAV,Telephone Field,recover-20220922,001,1795
340.8005,340.8081,25468,35150,Plecotus austriacus,0.008,0.028,-1,Echolocation,/mnt/ubna_data_02_mir/recover-20220922/UBNA_001/20220921_090000.WAV,Telephone Field,recover-20220922,001,1795
340.8225,340.8626,68437,82654,Rhinolophus ferrumequinum,0.024,0.024,-1,Echolocation,/mnt/ubna_data_02_mir/recover-20220922/UBNA_001/20220921_090000.WAV,Telephone Field,recover-20220922,001,1795
340.8345,340.8744,68437,82334,Rhinolophus ferrumequinum,0.023,0.023,-1,Echolocation,/mnt/ubna_data_02_mir/recover-20220922/UBNA_001/20220921_090000.WAV,Telephone Field,recover-20220922,001,1795
340.8425,340.8813,68437,82120,Rhinolophus ferrumequinum,0.022,0.022,-1,Echolocation,/mnt/ubna_data_02_mir/recover-20220922/UBNA_001/20220921_090000.WAV,Telephone Field,recover-20220922,001,1795
340.8515,340.8892,68437,82178,Rhinolophus ferrumequinum,0.022,0.022,-1,Echolocation,/mnt/ubna_data_02_mir/recover-20220922/UBNA_001/20220921_090000.WAV,Telephone Field,recover-20220922,001,1795
340.8645,340.8734,37500,43406,Pipistrellus nathusii,0.012,0.025,-1,Echolocation,/mnt/ubna_data_02_mir/recover-20220922/UBNA_001/20220921_090000.WAV,Telephone Field,recover-20220922,001,1795
340.8755,340.8828,28046,37517,Eptesicus serotinus,0.008,0.026,-1,Echolocation,/mnt/ubna_data_02_mir/recover-20220922/UBNA_001/20220921_090000.WAV,Telephone Field,recover-20220922,001,1795
340.9015,340.9099,28046,37465,Eptesicus serotinus,0.008,0.024,-1,Echolocation,/mnt/ubna_data_02_mir/recover-20220922/UBNA_001/20220921_090000.WAV,Telephone Field,recover-20220922,001,1795
340.9095,340.9504,68437,82531,Rhinolophus ferrumequinum,0.027,0.027,-1,Echolocation,/mnt/ubna_data_02_mir/recover-20220922/UBNA_001/20220921_090000.WAV,Telephone Field,recover-20220922,001,1795
340.9185,340.9508,68437,80458,Rhinolophus ferrumequinum,0.034,0.034,-1,Echolocation,/mnt/ubna_data_02_mir/recover-20220922/UBNA_001/20220921_090000.WAV,Telephone Field,recover-20220922,001,1795
340.9275,340.937,25468,33472,Eptesicus serotinus,0.013,0.035,-1,Echolocation,/mnt/ubna_data_02_mir/recover-20220922/UBNA_001/20220921_090000.WAV,Telephone Field,recover-20220922,001,1795
340.9275,340.9613,68437,81018,Rhinolophus ferrumequinum,0.024,0.024,-1,Echolocation,/mnt/ubna_data_02_mir/recover-20220922/UBNA_001/20220921_090000.WAV,Telephone Field,recover-20220922,001,1795
340.9295,340.9402,54687,59021,Pipistrellus pygmaeus,0.022,0.024,-1,Echolocation,/mnt/ubna_data_02_mir/recover-20220922/UBNA_001/20220921_090000.WAV,Telephone Field,recover-20220922,001,1795
340.9565,340.9661,28046,35915,Eptesicus serotinus,0.008,0.024,-1,Echolocation,/mnt/ubna_data_02_mir/recover-20220922/UBNA_001/20220921_090000.WAV,Telephone Field,recover-20220922,001,1795
340.9695,341.0105,68437,82095,Rhinolophus ferrumequinum,0.022,0.022,-1,Echolocation,/mnt/ubna_data_02_mir/recover-20220922/UBNA_001/20220921_090000.WAV,Telephone Field,recover-20220922,001,1795
340.9935,341.0331,68437,82410,Rhinolophus ferrumequinum,0.027,0.027,-1,Echolocation,/mnt/ubna_data_02_mir/recover-20220922/UBNA_001/20220921_090000.WAV,Telephone Field,recover-20220922,001,1795
341.0135,341.0254,22031,26336,Nyctalus leisleri,0.012,0.023,-1,Echolocation,/mnt/ubna_data_02_mir/recover-20220922/UBNA_001/20220921_090000.WAV,Telephone Field,recover-20220922,001,1795
341.0395,341.0794,68437,82378,Rhinolophus ferrumequinum,0.028,0.029,-1,Echolocation,/mnt/ubna_data_02_mir/recover-20220922/UBNA_001/20220921_090000.WAV,Telephone Field,recover-20220922,001,1795
341.1095,341.1198,23750,29832,Nyctalus leisleri,0.01,0.023,-1,Echolocation,/mnt/ubna_data_02_mir/recover-20220922/UBNA_001/20220921_090000.WAV,Telephone Field,recover-20220922,001,1795
341.1745,341.1843,22031,27944,Plecotus austriacus,0.01,0.026,-1,Echolocation,/mnt/ubna_data_02_mir/recover-20220922/UBNA_001/20220921_090000.WAV,Telephone Field,recover-20220922,001,1795
341.1885,341.1984,28906,36912,Eptesicus serotinus,0.01,0.024,-1,Echolocation,/mnt/ubna_data_02_mir/recover-20220922/UBNA_001/20220921_090000.WAV,Telephone Field,recover-20220922,001,1795
341.2145,341.2212,28046,40458,Eptesicus serotinus,0.007,0.029,-1,Echolocation,/mnt/ubna_data_02_mir/recover-20220922/UBNA_001/20220921_090000.WAV,Telephone Field,recover-20220922,001,1795
341.2175,341.2604,68437,83077,Rhinolophus ferrumequinum,0.037,0.037,-1,Echolocation,/mnt/ubna_data_02_mir/recover-20220922/UBNA_001/20220921_090000.WAV,Telephone Field,recover-20220922,001,1795
341.2595,341.2962,68437,81593,Rhinolophus ferrumequinum,0.022,0.022,-1,Echolocation,/mnt/ubna_data_02_mir/recover-20220922/UBNA_001/20220921_090000.WAV,Telephone Field,recover-20220922,001,1795
341.3065,341.315,28906,38208,Eptesicus serotinus,0.008,0.025,-1,Echolocation,/mnt/ubna_data_02_mir/recover-20220922/UBNA_001/20220921_090000.WAV,Telephone Field,recover-20220922,001,1795
341.3245,341.335,24609,31914,Nyctalus leisleri,0.011,0.031,-1,Echolocation,/mnt/ubna_data_02_mir/recover-20220922/UBNA_001/20220921_090000.WAV,Telephone Field,recover-20220922,001,1795
341.3645,341.404,68437,82190,Rhinolophus ferrumequinum,0.026,0.026,-1,Echolocation,/mnt/ubna_data_02_mir/recover-20220922/UBNA_001/20220921_090000.WAV,Telephone Field,recover-20220922,001,1795
341.3725,341.3831,22890,28470,Nyctalus leisleri,0.009,0.022,-1,Echolocation,/mnt/ubna_data_02_mir/recover-20220922/UBNA_001/20220921_090000.WAV,Telephone Field,recover-20220922,001,1795
341.3965,341.4054,28046,39887,Eptesicus serotinus,0.008,0.024,-1,Echolocation,/mnt/ubna_data_02_mir/recover-20220922/UBNA_001/20220921_090000.WAV,Telephone Field,recover-20220922,001,1795
341.4045,341.4174,22890,27294,Nyctalus leisleri,0.016,0.028,-1,Echolocation,/mnt/ubna_data_02_mir/recover-20220922/UBNA_001/20220921_090000.WAV,Telephone Field,recover-20220922,001,1795
341.4145,341.4239,28046,38870,Eptesicus serotinus,0.009,0.024,-1,Echolocation,/mnt/ubna_data_02_mir/recover-20220922/UBNA_001/20220921_090000.WAV,Telephone Field,recover-20220922,001,1795
341.4505,341.4901,68437,82455,Rhinolophus ferrumequinum,0.024,0.025,-1,Echolocation,/mnt/ubna_data_02_mir/recover-20220922/UBNA_001/20220921_090000.WAV,Telephone Field,recover-20220922,001,1795
341.5005,341.5076,48671,55736,Pipistrellus pipistrellus,0.026,0.028,-1,Echolocation,/mnt/ubna_data_02_mir/recover-20220922/UBNA_001/20220921_090000.WAV,Telephone Field,recover-20220922,001,1795
341.5315,341.5428,14296,20223,Nyctalus noctula,0.023,0.044,-1,Echolocation,/mnt/ubna_data_02_mir/recover-20220922/UBNA_001/20220921_090000.WAV,Telephone Field,recover-20220922,001,1795
341.5435,341.5857,68437,82950,Rhinolophus ferrumequinum,0.035,0.035,-1,Echolocation,/mnt/ubna_data_02_mir/recover-20220922/UBNA_001/20220921_090000.WAV,Telephone Field,recover-20220922,001,1795
341.5855,341.59590000000003,24609,31391,Nyctalus leisleri,0.008,0.023,-1,Echolocation,/mnt/ubna_data_02_mir/recover-20220922/UBNA_001/20220921_090000.WAV,Telephone Field,recover-20220922,001,1795
341.5885,341.6291,68437,82155,Rhinolophus ferrumequinum,0.022,0.022,-1,Echolocation,/mnt/ubna_data_02_mir/recover-20220922/UBNA_001/20220921_090000.WAV,Telephone Field,recover-20220922,001,1795
341.6095,341.65,68437,82433,Rhinolophus ferrumequinum,0.027,0.027,-1,Echolocation,/mnt/ubna_data_02_mir/recover-20220922/UBNA_001/20220921_090000.WAV,Telephone Field,recover-20220922,001,1795
341.6365,341.6691,68437,79074,Rhinolophus ferrumequinum,0.031,0.031,-1,Echolocation,/mnt/ubna_data_02_mir/recover-20220922/UBNA_001/20220921_090000.WAV,Telephone Field,recover-20220922,001,1795
341.6535,341.6898,68437,81774,Rhinolophus ferrumequinum,0.022,0.022,-1,Echolocation,/mnt/ubna_data_02_mir/recover-20220922/UBNA_001/20220921_090000.WAV,Telephone Field,recover-20220922,001,1795
341.7145,341.7596,68437,83315,Rhinolophus ferrumequinum,0.047,0.047,-1,Echolocation,/mnt/ubna_data_02_mir/recover-20220922/UBNA_001/20220921_090000.WAV,Telephone Field,recover-20220922,001,1795
341.7585,341.7689,28906,35273,Eptesicus serotinus,0.014,0.031,-1,Echolocation,/mnt/ubna_data_02_mir/recover-20220922/UBNA_001/20220921_090000.WAV,Telephone Field,recover-20220922,001,1795
341.7805,341.7883,28906,38194,Eptesicus serotinus,0.007,0.026,-1,Echolocation,/mnt/ubna_data_02_mir/recover-20220922/UBNA_001/20220921_090000.WAV,Telephone Field,recover-20220922,001,1795
341.8975,341.9056,28046,38375,Eptesicus serotinus,0.008,0.025,-1,Echolocation,/mnt/ubna_data_02_mir/recover-20220922/UBNA_001/20220921_090000.WAV,Telephone Field,recover-20220922,001,1795
341.9205,341.9599,68437,82153,Rhinolophus ferrumequinum,0.023,0.023,-1,Echolocation,/mnt/ubna_data_02_mir/recover-20220922/UBNA_001/20220921_090000.WAV,Telephone Field,recover-20220922,001,1795
341.9305,341.9727,68437,82620,Rhinolophus ferrumequinum,0.027,0.027,-1,Echolocation,/mnt/ubna_data_02_mir/recover-20220922/UBNA_001/20220921_090000.WAV,Telephone Field,recover-20220922,001,1795
341.9855,341.9958,22031,27665,Nyctalus leisleri,0.009,0.022,-1,Echolocation,/mnt/ubna_data_02_mir/recover-20220922/UBNA_001/20220921_090000.WAV,Telephone Field,recover-20220922,001,1795
342.0015,342.0339,68437,80132,Rhinolophus ferrumequinum,0.059,0.059,-1,Echolocation,/mnt/ubna_data_02_mir/recover-20220922/UBNA_001/20220921_090000.WAV,Telephone Field,recover-20220922,001,1795
342.0015,342.01030000000003,26328,36222,Eptesicus serotinus,0.008,0.025,-1,Echolocation,/mnt/ubna_data_02_mir/recover-20220922/UBNA_001/20220921_090000.WAV,Telephone Field,recover-20220922,001,1795
342.0095,342.0514,68437,81802,Rhinolophus ferrumequinum,0.027,0.027,-1,Echolocation,/mnt/ubna_data_02_mir/recover-20220922/UBNA_001/20220921_090000.WAV,Telephone Field,recover-20220922,001,1795
342.0355,342.0443,28046,40960,Eptesicus serotinus,0.009,0.023,-1,Echolocation,/mnt/ubna_data_02_mir/recover-20220922/UBNA_001/20220921_090000.WAV,Telephone Field,recover-20220922,001,1795
342.0555,342.09590000000003,68437,82532,Rhinolophus ferrumequinum,0.027,0.027,-1,Echolocation,/mnt/ubna_data_02_mir/recover-20220922/UBNA_001/20220921_090000.WAV,Telephone Field,recover-20220922,001,1795
342.0595,342.0672,28046,38302,Eptesicus serotinus,0.007,0.024,-1,Echolocation,/mnt/ubna_data_02_mir/recover-20220922/UBNA_001/20220921_090000.WAV,Telephone Field,recover-20220922,001,1795
342.0675,342.1102,68437,82973,Rhinolophus ferrumequinum,0.026,0.026,-1,Echolocation,/mnt/ubna_data_02_mir/recover-20220922/UBNA_001/20220921_090000.WAV,Telephone Field,recover-20220922,001,1795
342.1095,342.1484,68437,82264,Rhinolophus ferrumequinum,0.022,0.022,-1,Echolocation,/mnt/ubna_data_02_mir/recover-20220922/UBNA_001/20220921_090000.WAV,Telephone Field,recover-20220922,001,1795
342.1325,342.1743,68437,82675,Rhinolophus ferrumequinum,0.027,0.027,-1,Echolocation,/mnt/ubna_data_02_mir/recover-20220922/UBNA_001/20220921_090000.WAV,Telephone Field,recover-20220922,001,1795
342.1415,342.1833,68437,83137,Rhinolophus ferrumequinum,0.029,0.029,-1,Echolocation,/mnt/ubna_data_02_mir/recover-20220922/UBNA_001/20220921_090000.WAV,Telephone Field,recover-20220922,001,1795
342.1535,342.163,28046,36503,Eptesicus serotinus,0.011,0.024,-1,Echolocation,/mnt/ubna_data_02_mir/recover-20220922/UBNA_001/20220921_090000.WAV,Telephone Field,recover-20220922,001,1795
342.1955,342.2337,68437,82313,Rhinolophus ferrumequinum,0.022,0.022,-1,Echolocation,/mnt/ubna_data_02_mir/recover-20220922/UBNA_001/20220921_090000.WAV,Telephone Field,recover-20220922,001,1795
342.2395,342.2816,68437,83126,Rhinolophus ferrumequinum,0.029,0.029,-1,Echolocation,/mnt/ubna_data_02_mir/recover-20220922/UBNA_001/20220921_090000.WAV,Telephone Field,recover-20220922,001,1795
342.2535,342.2925,68437,82162,Rhinolophus ferrumequinum,0.022,0.022,-1,Echolocation,/mnt/ubna_data_02_mir/recover-20220922/UBNA_001/20220921_090000.WAV,Telephone Field,recover-20220922,001,1795
342.2615,342.2729,28906,36136,Eptesicus serotinus,0.013,0.028,-1,Echolocation,/mnt/ubna_data_02_mir/recover-20220922/UBNA_001/20220921_090000.WAV,Telephone Field,recover-20220922,001,1795
342.2915,342.3323,68437,82320,Rhinolophus ferrumequinum,0.033,0.033,-1,Echolocation,/mnt/ubna_data_02_mir/recover-20220922/UBNA_001/20220921_090000.WAV,Telephone Field,recover-20220922,001,1795
342.3255,342.3606,68437,80828,Rhinolophus ferrumequinum,0.022,0.022,-1,Echolocation,/mnt/ubna_data_02_mir/recover-20220922/UBNA_001/20220921_090000.WAV,Telephone Field,recover-20220922,001,1795
342.3445,342.3849,68437,82295,Rhinolophus ferrumequinum,0.025,0.025,-1,Echolocation,/mnt/ubna_data_02_mir/recover-20220922/UBNA_001/20220921_090000.WAV,Telephone Field,recover-20220922,001,1795
342.3525,342.3631,23750,30192,Nyctalus leisleri,0.008,0.022,-1,Echolocation,/mnt/ubna_data_02_mir/recover-20220922/UBNA_001/20220921_090000.WAV,Telephone Field,recover-20220922,001,1795
342.3615,342.4002,68437,82490,Rhinolophus ferrumequinum,0.025,0.025,-1,Echolocation,/mnt/ubna_data_02_mir/recover-20220922/UBNA_001/20220921_090000.WAV,Telephone Field,recover-20220922,001,1795
342.3845,342.3957,28906,35543,Eptesicus serotinus,0.014,0.028,-1,Echolocation,/mnt/ubna_data_02_mir/recover-20220922/UBNA_001/20220921_090000.WAV,Telephone Field,recover-20220922,001,1795
342.4035,342.4137,23750,30050,Nyctalus leisleri,0.01,0.024,-1,Echolocation,/mnt/ubna_data_02_mir/recover-20220922/UBNA_001/20220921_090000.WAV,Telephone Field,recover-20220922,001,1795
342.4285,342.4671,68437,82507,Rhinolophus ferrumequinum,0.022,0.022,-1,Echolocation,/mnt/ubna_data_02_mir/recover-20220922/UBNA_001/20220921_090000.WAV,Telephone Field,recover-20220922,001,1795
342.4385,342.4796,68437,82331,Rhinolophus ferrumequinum,0.029,0.029,-1,Echolocation,/mnt/ubna_data_02_mir/recover-20220922/UBNA_001/20220921_090000.WAV,Telephone Field,recover-20220922,001,1795
342.4995,342.5089,31484,37934,Barbastellus barbastellus,0.02,0.048,-1,Echolocation,/mnt/ubna_data_02_mir/recover-20220922/UBNA_001/20220921_090000.WAV,Telephone Field,recover-20220922,001,1795
342.5275,342.5624,68437,81196,Rhinolophus ferrumequinum,0.025,0.025,-1,Echolocation,/mnt/ubna_data_02_mir/recover-20220922/UBNA_001/20220921_090000.WAV,Telephone Field,recover-20220922,001,1795
342.54449999999997,342.5549,28046,35553,Eptesicus serotinus,0.01,0.022,-1,Echolocation,/mnt/ubna_data_02_mir/recover-20220922/UBNA_001/20220921_090000.WAV,Telephone Field,recover-20220922,001,1795
342.5705,342.5795,28906,39365,Eptesicus serotinus,0.013,0.032,-1,Echolocation,/mnt/ubna_data_02_mir/recover-20220922/UBNA_001/20220921_090000.WAV,Telephone Field,recover-20220922,001,1795
342.6035,342.6166,28906,35424,Eptesicus serotinus,0.016,0.029,-1,Echolocation,/mnt/ubna_data_02_mir/recover-20220922/UBNA_001/20220921_090000.WAV,Telephone Field,recover-20220922,001,1795
342.6045,342.6416,68437,81070,Rhinolophus ferrumequinum,0.025,0.025,-1,Echolocation,/mnt/ubna_data_02_mir/recover-20220922/UBNA_001/20220921_090000.WAV,Telephone Field,recover-20220922,001,1795
342.6475,342.6885,68437,82243,Rhinolophus ferrumequinum,0.029,0.029,-1,Echolocation,/mnt/ubna_data_02_mir/recover-20220922/UBNA_001/20220921_090000.WAV,Telephone Field,recover-20220922,001,1795
342.6685,342.708,68437,82106,Rhinolophus ferrumequinum,0.023,0.023,-1,Echolocation,/mnt/ubna_data_02_mir/recover-20220922/UBNA_001/20220921_090000.WAV,Telephone Field,recover-20220922,001,1795
342.6705,342.6808,23750,30114,Nyctalus leisleri,0.01,0.024,-1,Echolocation,/mnt/ubna_data_02_mir/recover-20220922/UBNA_001/20220921_090000.WAV,Telephone Field,recover-20220922,001,1795
342.6885,342.7301,68437,82775,Rhinolophus ferrumequinum,0.023,0.023,-1,Echolocation,/mnt/ubna_data_02_mir/recover-20220922/UBNA_001/20220921_090000.WAV,Telephone Field,recover-20220922,001,1795
342.6915,342.7043,22031,26878,Nyctalus leisleri,0.017,0.033,-1,Echolocation,/mnt/ubna_data_02_mir/recover-20220922/UBNA_001/20220921_090000.WAV,Telephone Field,recover-20220922,001,1795
342.7395,342.7468,51250,56820,Pipistrellus pipistrellus,0.02,0.023,-1,Echolocation,/mnt/ubna_data_02_mir/recover-20220922/UBNA_001/20220921_090000.WAV,Telephone Field,recover-20220922,001,1795
342.7415,342.7526,28906,36379,Eptesicus serotinus,0.011,0.027,-1,Echolocation,/mnt/ubna_data_02_mir/recover-20220922/UBNA_001/20220921_090000.WAV,Telephone Field,recover-20220922,001,1795
342.7835,342.7953,33203,37866,Eptesicus serotinus,0.006,0.022,-1,Echolocation,/mnt/ubna_data_02_mir/recover-20220922/UBNA_001/20220921_090000.WAV,Telephone Field,recover-20220922,001,1795
342.7865,342.7957,28046,36224,Eptesicus serotinus,0.008,0.022,-1,Echolocation,/mnt/ubna_data_02_mir/recover-20220922/UBNA_001/20220921_090000.WAV,Telephone Field,recover-20220922,001,1795
342.79449999999997,342.8346,68437,82293,Rhinolophus ferrumequinum,0.023,0.023,-1,Echolocation,/mnt/ubna_data_02_mir/recover-20220922/UBNA_001/20220921_090000.WAV,Telephone Field,recover-20220922,001,1795
342.8025,342.8393,68437,82041,Rhinolophus ferrumequinum,0.025,0.025,-1,Echolocation,/mnt/ubna_data_02_mir/recover-20220922/UBNA_001/20220921_090000.WAV,Telephone Field,recover-20220922,001,1795
342.8425,342.8519,28906,38300,Eptesicus serotinus,0.009,0.023,-1,Echolocation,/mnt/ubna_data_02_mir/recover-20220922/UBNA_001/20220921_090000.WAV,Telephone Field,recover-20220922,001,1795
342.8495,342.8603,22890,28608,Nyctalus leisleri,0.011,0.023,-1,Echolocation,/mnt/ubna_data_02_mir/recover-20220922/UBNA_001/20220921_090000.WAV,Telephone Field,recover-20220922,001,1795
342.8545,342.8909,68437,81483,Rhinolophus ferrumequinum,0.022,0.022,-1,Echolocation,/mnt/ubna_data_02_mir/recover-20220922/UBNA_001/20220921_090000.WAV,Telephone Field,recover-20220922,001,1795
342.8555,342.866,22890,28261,Nyctalus leisleri,0.011,0.023,-1,Echolocation,/mnt/ubna_data_02_mir/recover-20220922/UBNA_001/20220921_090000.WAV,Telephone Field,recover-20220922,001,1795
342.8875,342.895,28046,38940,Eptesicus serotinus,0.007,0.023,-1,Echolocation,/mnt/ubna_data_02_mir/recover-20220922/UBNA_001/20220921_090000.WAV,Telephone Field,recover-20220922,001,1795
342.8925,342.9313,68437,82609,Rhinolophus ferrumequinum,0.024,0.024,-1,Echolocation,/mnt/ubna_data_02_mir/recover-20220922/UBNA_001/20220921_090000.WAV,Telephone Field,recover-20220922,001,1795
342.9005,342.9418,68437,82532,Rhinolophus ferrumequinum,0.025,0.025,-1,Echolocation,/mnt/ubna_data_02_mir/recover-20220922/UBNA_001/20220921_090000.WAV,Telephone Field,recover-20220922,001,1795
342.9185,342.9597,68437,82486,Rhinolophus ferrumequinum,0.022,0.022,-1,Echolocation,/mnt/ubna_data_02_mir/recover-20220922/UBNA_001/20220921_090000.WAV,Telephone Field,recover-20220922,001,1795
342.9275,342.938,22890,27683,Nyctalus leisleri,0.01,0.022,-1,Echolocation,/mnt/ubna_data_02_mir/recover-20220922/UBNA_001/20220921_090000.WAV,Telephone Field,recover-20220922,001,1795
342.9435,342.98,68437,81538,Rhinolophus ferrumequinum,0.022,0.022,-1,Echolocation,/mnt/ubna_data_02_mir/recover-20220922/UBNA_001/20220921_090000.WAV,Telephone Field,recover-20220922,001,1795
342.9525,342.9903,68437,82034,Rhinolophus ferrumequinum,0.023,0.023,-1,Echolocation,/mnt/ubna_data_02_mir/recover-20220922/UBNA_001/20220921_090000.WAV,Telephone Field,recover-20220922,001,1795
342.9915,343.0033,23750,28257,Nyctalus leisleri,0.012,0.023,-1,Echolocation,/mnt/ubna_data_02_mir/recover-20220922/UBNA_001/20220921_090000.WAV,Telephone Field,recover-20220922,001,1795
343.0075,343.0174,28046,39265,Eptesicus serotinus,0.009,0.022,-1,Echolocation,/mnt/ubna_data_02_mir/recover-20220922/UBNA_001/20220921_090000.WAV,Telephone Field,recover-20220922,001,1795
343.0435,343.0804,68437,81495,Rhinolophus ferrumequinum,0.022,0.022,-1,Echolocation,/mnt/ubna_data_02_mir/recover-20220922/UBNA_001/20220921_090000.WAV,Telephone Field,recover-20220922,001,1795
343.0855,343.1266,68437,82714,Rhinolophus ferrumequinum,0.024,0.024,-1,Echolocation,/mnt/ubna_data_02_mir/recover-20220922/UBNA_001/20220921_090000.WAV,Telephone Field,recover-20220922,001,1795
343.0905,343.0988,28046,40579,Eptesicus serotinus,0.008,0.022,-1,Echolocation,/mnt/ubna_data_02_mir/recover-20220922/UBNA_001/20220921_090000.WAV,Telephone Field,recover-20220922,001,1795
343.0915,343.1301,68437,82786,Rhinolophus ferrumequinum,0.025,0.025,-1,Echolocation,/mnt/ubna_data_02_mir/recover-20220922/UBNA_001/20220921_090000.WAV,Telephone Field,recover-20220922,001,1795
343.1105,343.1458,68437,81571,Rhinolophus ferrumequinum,0.022,0.022,-1,Echolocation,/mnt/ubna_data_02_mir/recover-20220922/UBNA_001/20220921_090000.WAV,Telephone Field,recover-20220922,001,1795
343.1245,343.1625,68437,82096,Rhinolophus ferrumequinum,0.022,0.022,-1,Echolocation,/mnt/ubna_data_02_mir/recover-20220922/UBNA_001/20220921_090000.WAV,Telephone Field,recover-20220922,001,1795
343.1415,343.1522,22890,28049,Nyctalus leisleri,0.011,0.022,-1,Echolocation,/mnt/ubna_data_02_mir/recover-20220922/UBNA_001/20220921_090000.WAV,Telephone Field,recover-20220922,001,1795
343.1435,343.1517,46093,50052,Pipistrellus pipistrellus,0.034,0.035,-1,Echolocation,/mnt/ubna_data_02_mir/recover-20220922/UBNA_001/20220921_090000.WAV,Telephone Field,recover-20220922,001,1795
343.1605,343.2007,68437,82480,Rhinolophus ferrumequinum,0.024,0.024,-1,Echolocation,/mnt/ubna_data_02_mir/recover-20220922/UBNA_001/20220921_090000.WAV,Telephone Field,recover-20220922,001,1795
343.1675,343.1782,23750,29755,Nyctalus leisleri,0.01,0.027,-1,Echolocation,/mnt/ubna_data_02_mir/recover-20220922/UBNA_001/20220921_090000.WAV,Telephone Field,recover-20220922,001,1795
343.2035,343.2451,68437,82704,Rhinolophus ferrumequinum,0.024,0.024,-1,Echolocation,/mnt/ubna_data_02_mir/recover-20220922/UBNA_001/20220921_090000.WAV,Telephone Field,recover-20220922,001,1795
343.2225,343.261,68437,82754,Rhinolophus ferrumequinum,0.023,0.023,-1,Echolocation,/mnt/ubna_data_02_mir/recover-20220922/UBNA_001/20220921_090000.WAV,Telephone Field,recover-20220922,001,1795
343.2265,343.2369,23750,30133,Nyctalus leisleri,0.018,0.048,-1,Echolocation,/mnt/ubna_data_02_mir/recover-20220922/UBNA_001/20220921_090000.WAV,Telephone Field,recover-20220922,001,1795
343.2385,343.2816,68437,82374,Rhinolophus ferrumequinum,0.024,0.024,-1,Echolocation,/mnt/ubna_data_02_mir/recover-20220922/UBNA_001/20220921_090000.WAV,Telephone Field,recover-20220922,001,1795
343.2525,343.265,32343,37490,Eptesicus serotinus,0.01,0.029,-1,Echolocation,/mnt/ubna_data_02_mir/recover-20220922/UBNA_001/20220921_090000.WAV,Telephone Field,recover-20220922,001,1795
343.2855,343.3253,68437,82665,Rhinolophus ferrumequinum,0.031,0.031,-1,Echolocation,/mnt/ubna_data_02_mir/recover-20220922/UBNA_001/20220921_090000.WAV,Telephone Field,recover-20220922,001,1795
343.3155,343.3575,68437,82879,Rhinolophus ferrumequinum,0.033,0.033,-1,Echolocation,/mnt/ubna_data_02_mir/recover-20220922/UBNA_001/20220921_090000.WAV,Telephone Field,recover-20220922,001,1795
343.3265,343.3314,38359,52473,Myotis daubentonii,0.006,0.023,-1,Echolocation,/mnt/ubna_data_02_mir/recover-20220922/UBNA_001/20220921_090000.WAV,Telephone Field,recover-20220922,001,1795
343.3315,343.3699,68437,81937,Rhinolophus ferrumequinum,0.024,0.024,-1,Echolocation,/mnt/ubna_data_02_mir/recover-20220922/UBNA_001/20220921_090000.WAV,Telephone Field,recover-20220922,001,1795
343.3935,343.4331,68437,82324,Rhinolophus ferrumequinum,0.023,0.023,-1,Echolocation,/mnt/ubna_data_02_mir/recover-20220922/UBNA_001/20220921_090000.WAV,Telephone Field,recover-20220922,001,1795
343.4135,343.4511,68437,82226,Rhinolophus ferrumequinum,0.024,0.024,-1,Echolocation,/mnt/ubna_data_02_mir/recover-20220922/UBNA_001/20220921_090000.WAV,Telephone Field,recover-20220922,001,1795
343.4295,343.4661,68437,81040,Rhinolophus ferrumequinum,0.026,0.027,-1,Echolocation,/mnt/ubna_data_02_mir/recover-20220922/UBNA_001/20220921_090000.WAV,Telephone Field,recover-20220922,001,1795
343.4425,343.4515,27187,35691,Eptesicus serotinus,0.01,0.025,-1,Echolocation,/mnt/ubna_data_02_mir/recover-20220922/UBNA_001/20220921_090000.WAV,Telephone Field,recover-20220922,001,1795
343.4845,343.493,27187,37969,Eptesicus serotinus,0.008,0.022,-1,Echolocation,/mnt/ubna_data_02_mir/recover-20220922/UBNA_001/20220921_090000.WAV,Telephone Field,recover-20220922,001,1795
343.5025,343.5456,68437,82927,Rhinolophus ferrumequinum,0.033,0.033,-1,Echolocation,/mnt/ubna_data_02_mir/recover-20220922/UBNA_001/20220921_090000.WAV,Telephone Field,recover-20220922,001,1795
343.5095,343.5219,22031,26463,Nyctalus leisleri,0.012,0.023,-1,Echolocation,/mnt/ubna_data_02_mir/recover-20220922/UBNA_001/20220921_090000.WAV,Telephone Field,recover-20220922,001,1795
343.5175,343.5578,68437,83225,Rhinolophus ferrumequinum,0.028,0.028,-1,Echolocation,/mnt/ubna_data_02_mir/recover-20220922/UBNA_001/20220921_090000.WAV,Telephone Field,recover-20220922,001,1795
343.5285,343.5712,68437,82964,Rhinolophus ferrumequinum,0.027,0.027,-1,Echolocation,/mnt/ubna_data_02_mir/recover-20220922/UBNA_001/20220921_090000.WAV,Telephone Field,recover-20220922,001,1795
343.5905,343.6017,22890,27579,Nyctalus leisleri,0.011,0.022,-1,Echolocation,/mnt/ubna_data_02_mir/recover-20220922/UBNA_001/20220921_090000.WAV,Telephone Field,recover-20220922,001,1795
343.6005,343.6071,28046,43103,Eptesicus serotinus,0.01,0.038,-1,Echolocation,/mnt/ubna_data_02_mir/recover-20220922/UBNA_001/20220921_090000.WAV,Telephone Field,recover-20220922,001,1795
343.6215,343.6321,22890,27669,Nyctalus leisleri,0.014,0.026,-1,Echolocation,/mnt/ubna_data_02_mir/recover-20220922/UBNA_001/20220921_090000.WAV,Telephone Field,recover-20220922,001,1795
343.6215,343.6609,68437,81338,Rhinolophus ferrumequinum,0.025,0.025,-1,Echolocation,/mnt/ubna_data_02_mir/recover-20220922/UBNA_001/20220921_090000.WAV,Telephone Field,recover-20220922,001,1795
343.6345,343.6441,28046,37921,Eptesicus serotinus,0.017,0.033,-1,Echolocation,/mnt/ubna_data_02_mir/recover-20220922/UBNA_001/20220921_090000.WAV,Telephone Field,recover-20220922,001,1795
343.6475,343.6834,68437,81433,Rhinolophus ferrumequinum,0.022,0.022,-1,Echolocation,/mnt/ubna_data_02_mir/recover-20220922/UBNA_001/20220921_090000.WAV,Telephone Field,recover-20220922,001,1795
343.7115,343.7337,18593,21480,Nyctalus noctula,0.011,0.022,-1,Echolocation,/mnt/ubna_data_02_mir/recover-20220922/UBNA_001/20220921_090000.WAV,Telephone Field,recover-20220922,001,1795
343.7205,343.729,28906,37815,Eptesicus serotinus,0.008,0.023,-1,Echolocation,/mnt/ubna_data_02_mir/recover-20220922/UBNA_001/20220921_090000.WAV,Telephone Field,recover-20220922,001,1795
343.7305,343.7755,68437,83547,Rhinolophus ferrumequinum,0.038,0.038,-1,Echolocation,/mnt/ubna_data_02_mir/recover-20220922/UBNA_001/20220921_090000.WAV,Telephone Field,recover-20220922,001,1795
343.7515,343.7858,68437,79862,Rhinolophus ferrumequinum,0.025,0.025,-1,Echolocation,/mnt/ubna_data_02_mir/recover-20220922/UBNA_001/20220921_090000.WAV,Telephone Field,recover-20220922,001,1795
343.7765,343.7928,17734,22267,Nyctalus noctula,0.014,0.023,-1,Echolocation,/mnt/ubna_data_02_mir/recover-20220922/UBNA_001/20220921_090000.WAV,Telephone Field,recover-20220922,001,1795
343.7875,343.796,28906,37776,Eptesicus serotinus,0.008,0.022,-1,Echolocation,/mnt/ubna_data_02_mir/recover-20220922/UBNA_001/20220921_090000.WAV,Telephone Field,recover-20220922,001,1795
343.7935,343.8308,68437,81721,Rhinolophus ferrumequinum,0.023,0.023,-1,Echolocation,/mnt/ubna_data_02_mir/recover-20220922/UBNA_001/20220921_090000.WAV,Telephone Field,recover-20220922,001,1795
343.8055,343.8166,28906,35907,Eptesicus serotinus,0.019,0.034,-1,Echolocation,/mnt/ubna_data_02_mir/recover-20220922/UBNA_001/20220921_090000.WAV,Telephone Field,recover-20220922,001,1795
343.8075,343.8433,68437,80982,Rhinolophus ferrumequinum,0.023,0.024,-1,Echolocation,/mnt/ubna_data_02_mir/recover-20220922/UBNA_001/20220921_090000.WAV,Telephone Field,recover-20220922,001,1795
343.8285,343.8694,68437,83179,Rhinolophus ferrumequinum,0.024,0.024,-1,Echolocation,/mnt/ubna_data_02_mir/recover-20220922/UBNA_001/20220921_090000.WAV,Telephone Field,recover-20220922,001,1795
343.8445,343.8622,20312,23661,Nyctalus leisleri,0.015,0.026,-1,Echolocation,/mnt/ubna_data_02_mir/recover-20220922/UBNA_001/20220921_090000.WAV,Telephone Field,recover-20220922,001,1795
343.8495,343.89,68437,82546,Rhinolophus ferrumequinum,0.022,0.022,-1,Echolocation,/mnt/ubna_data_02_mir/recover-20220922/UBNA_001/20220921_090000.WAV,Telephone Field,recover-20220922,001,1795
343.8695,343.8805,23750,29205,Nyctalus leisleri,0.011,0.025,-1,Echolocation,/mnt/ubna_data_02_mir/recover-20220922/UBNA_001/20220921_090000.WAV,Telephone Field,recover-20220922,001,1795
343.8965,343.9044,27187,40331,Eptesicus serotinus,0.008,0.023,-1,Echolocation,/mnt/ubna_data_02_mir/recover-20220922/UBNA_001/20220921_090000.WAV,Telephone Field,recover-20220922,001,1795
343.9145,343.9539,68437,81436,Rhinolophus ferrumequinum,0.022,0.022,-1,Echolocation,/mnt/ubna_data_02_mir/recover-20220922/UBNA_001/20220921_090000.WAV,Telephone Field,recover-20220922,001,1795
343.9565,343.9916,68437,81773,Rhinolophus ferrumequinum,0.022,0.023,-1,Echolocation,/mnt/ubna_data_02_mir/recover-20220922/UBNA_001/20220921_090000.WAV,Telephone Field,recover-20220922,001,1795
343.9725,343.9819,28906,39427,Eptesicus serotinus,0.008,0.022,-1,Echolocation,/mnt/ubna_data_02_mir/recover-20220922/UBNA_001/20220921_090000.WAV,Telephone Field,recover-20220922,001,1795
343.9735,343.9851,50390,55694,Pipistrellus pipistrellus,0.021,0.026,-1,Echolocation,/mnt/ubna_data_02_mir/recover-20220922/UBNA_001/20220921_090000.WAV,Telephone Field,recover-20220922,001,1795
343.9775,343.9851,23750,32301,Plecotus austriacus,0.01,0.023,-1,Echolocation,/mnt/ubna_data_02_mir/recover-20220922/UBNA_001/20220921_090000.WAV,Telephone Field,recover-20220922,001,1795
344.0015,344.0357,68437,80235,Rhinolophus ferrumequinum,0.038,0.038,-1,Echolocation,/mnt/ubna_data_02_mir/recover-20220922/UBNA_001/20220921_090000.WAV,Telephone Field,recover-20220922,001,1795
344.0015,344.012,23750,29774,Nyctalus leisleri,0.016,0.036,-1,Echolocation,/mnt/ubna_data_02_mir/recover-20220922/UBNA_001/20220921_090000.WAV,Telephone Field,recover-20220922,001,1795
344.0015,344.009,46093,53219,Pipistrellus pipistrellus,0.029,0.035,-1,Echolocation,/mnt/ubna_data_02_mir/recover-20220922/UBNA_001/20220921_090000.WAV,Telephone Field,recover-20220922,001,1795
344.0065,344.0182,12578,17120,Nyctalus leisleri,0.047,0.073,-1,Echolocation,/mnt/ubna_data_02_mir/recover-20220922/UBNA_001/20220921_090000.WAV,Telephone Field,recover-20220922,001,1795
344.0115,344.0232,25468,32690,Eptesicus serotinus,0.01,0.025,-1,Echolocation,/mnt/ubna_data_02_mir/recover-20220922/UBNA_001/20220921_090000.WAV,Telephone Field,recover-20220922,001,1795
344.0115,344.0531,68437,82353,Rhinolophus ferrumequinum,0.023,0.023,-1,Echolocation,/mnt/ubna_data_02_mir/recover-20220922/UBNA_001/20220921_090000.WAV,Telephone Field,recover-20220922,001,1795
344.0195,344.0284,27187,36436,Eptesicus serotinus,0.008,0.025,-1,Echolocation,/mnt/ubna_data_02_mir/recover-20220922/UBNA_001/20220921_090000.WAV,Telephone Field,recover-20220922,001,1795
344.0735,344.118,68437,83515,Rhinolophus ferrumequinum,0.039,0.039,-1,Echolocation,/mnt/ubna_data_02_mir/recover-20220922/UBNA_001/20220921_090000.WAV,Telephone Field,recover-20220922,001,1795
344.1005,344.139,68437,82187,Rhinolophus ferrumequinum,0.023,0.023,-1,Echolocation,/mnt/ubna_data_02_mir/recover-20220922/UBNA_001/20220921_090000.WAV,Telephone Field,recover-20220922,001,1795
344.1115,344.1513,68437,82186,Rhinolophus ferrumequinum,0.026,0.026,-1,Echolocation,/mnt/ubna_data_02_mir/recover-20220922/UBNA_001/20220921_090000.WAV,Telephone Field,recover-20220922,001,1795
344.1115,344.1217,42656,46994,Pipistrellus pipistrellus,0.021,0.028,-1,Echolocation,/mnt/ubna_data_02_mir/recover-20220922/UBNA_001/20220921_090000.WAV,Telephone Field,recover-20220922,001,1795
344.1535,344.1958,68437,82335,Rhinolophus ferrumequinum,0.03,0.03,-1,Echolocation,/mnt/ubna_data_02_mir/recover-20220922/UBNA_001/20220921_090000.WAV,Telephone Field,recover-20220922,001,1795
344.2075,344.246,68437,81745,Rhinolophus ferrumequinum,0.022,0.022,-1,Echolocation,/mnt/ubna_data_02_mir/recover-20220922/UBNA_001/20220921_090000.WAV,Telephone Field,recover-20220922,001,1795
344.2165,344.2553,68437,82206,Rhinolophus ferrumequinum,0.024,0.024,-1,Echolocation,/mnt/ubna_data_02_mir/recover-20220922/UBNA_001/20220921_090000.WAV,Telephone Field,recover-20220922,001,1795
344.2265,344.2629,68437,81754,Rhinolophus ferrumequinum,0.024,0.024,-1,Echolocation,/mnt/ubna_data_02_mir/recover-20220922/UBNA_001/20220921_090000.WAV,Telephone Field,recover-20220922,001,1795
344.2305,344.2396,28906,36349,Eptesicus serotinus,0.011,0.025,-1,Echolocation,/mnt/ubna_data_02_mir/recover-20220922/UBNA_001/20220921_090000.WAV,Telephone Field,recover-20220922,001,1795
344.2415,344.283,68437,83084,Rhinolophus ferrumequinum,0.036,0.036,-1,Echolocation,/mnt/ubna_data_02_mir/recover-20220922/UBNA_001/20220921_090000.WAV,Telephone Field,recover-20220922,001,1795
344.2685,344.3063,68437,81383,Rhinolophus ferrumequinum,0.023,0.023,-1,Echolocation,/mnt/ubna_data_02_mir/recover-20220922/UBNA_001/20220921_090000.WAV,Telephone Field,recover-20220922,001,1795
344.2755,344.3107,68437,81239,Rhinolophus ferrumequinum,0.023,0.023,-1,Echolocation,/mnt/ubna_data_02_mir/recover-20220922/UBNA_001/20220921_090000.WAV,Telephone Field,recover-20220922,001,1795
344.2895,344.2996,28906,36785,Eptesicus serotinus,0.013,0.026,-1,Echolocation,/mnt/ubna_data_02_mir/recover-20220922/UBNA_001/20220921_090000.WAV,Telephone Field,recover-20220922,001,1795
344.3025,344.3425,68437,82606,Rhinolophus ferrumequinum,0.025,0.025,-1,Echolocation,/mnt/ubna_data_02_mir/recover-20220922/UBNA_001/20220921_090000.WAV,Telephone Field,recover-20220922,001,1795
344.3355,344.3486,21171,24037,Nyctalus leisleri,0.014,0.022,-1,Echolocation,/mnt/ubna_data_02_mir/recover-20220922/UBNA_001/20220921_090000.WAV,Telephone Field,recover-20220922,001,1795
344.3505,344.3615,26328,33479,Eptesicus serotinus,0.009,0.023,-1,Echolocation,/mnt/ubna_data_02_mir/recover-20220922/UBNA_001/20220921_090000.WAV,Telephone Field,recover-20220922,001,1795
344.3745,344.4134,68437,81997,Rhinolophus ferrumequinum,0.022,0.022,-1,Echolocation,/mnt/ubna_data_02_mir/recover-20220922/UBNA_001/20220921_090000.WAV,Telephone Field,recover-20220922,001,1795
344.3905,344.4259,68437,80986,Rhinolophus ferrumequinum,0.021,0.022,-1,Echolocation,/mnt/ubna_data_02_mir/recover-20220922/UBNA_001/20220921_090000.WAV,Telephone Field,recover-20220922,001,1795
344.4255,344.4668,68437,82890,Rhinolophus ferrumequinum,0.026,0.026,-1,Echolocation,/mnt/ubna_data_02_mir/recover-20220922/UBNA_001/20220921_090000.WAV,Telephone Field,recover-20220922,001,1795
344.4335,344.4444,22031,26950,Nyctalus leisleri,0.012,0.024,-1,Echolocation,/mnt/ubna_data_02_mir/recover-20220922/UBNA_001/20220921_090000.WAV,Telephone Field,recover-20220922,001,1795
344.4515,344.4952,68437,83144,Rhinolophus ferrumequinum,0.037,0.037,-1,Echolocation,/mnt/ubna_data_02_mir/recover-20220922/UBNA_001/20220921_090000.WAV,Telephone Field,recover-20220922,001,1795
344.4565,344.468,24609,30149,Nyctalus leisleri,0.014,0.029,-1,Echolocation,/mnt/ubna_data_02_mir/recover-20220922/UBNA_001/20220921_090000.WAV,Telephone Field,recover-20220922,001,1795
344.5305,344.5699,68437,82110,Rhinolophus ferrumequinum,0.022,0.022,-1,Echolocation,/mnt/ubna_data_02_mir/recover-20220922/UBNA_001/20220921_090000.WAV,Telephone Field,recover-20220922,001,1795
344.5485,344.5857,68437,82211,Rhinolophus ferrumequinum,0.022,0.022,-1,Echolocation,/mnt/ubna_data_02_mir/recover-20220922/UBNA_001/20220921_090000.WAV,Telephone Field,recover-20220922,001,1795
344.5775,344.6156,68437,81915,Rhinolophus ferrumequinum,0.027,0.027,-1,Echolocation,/mnt/ubna_data_02_mir/recover-20220922/UBNA_001/20220921_090000.WAV,Telephone Field,recover-20220922,001,1795
344.5875,344.598,22031,26815,Nyctalus leisleri,0.011,0.022,-1,Echolocation,/mnt/ubna_data_02_mir/recover-20220922/UBNA_001/20220921_090000.WAV,Telephone Field,recover-20220922,001,1795
344.6305,344.6688,68437,82117,Rhinolophus ferrumequinum,0.023,0.023,-1,Echolocation,/mnt/ubna_data_02_mir/recover-20220922/UBNA_001/20220921_090000.WAV,Telephone Field,recover-20220922,001,1795
344.6425,344.6812,68437,81608,Rhinolophus ferrumequinum,0.023,0.023,-1,Echolocation,/mnt/ubna_data_02_mir/recover-20220922/UBNA_001/20220921_090000.WAV,Telephone Field,recover-20220922,001,1795
344.6575,344.6698,22031,26244,Nyctalus leisleri,0.015,0.027,-1,Echolocation,/mnt/ubna_data_02_mir/recover-20220922/UBNA_001/20220921_090000.WAV,Telephone Field,recover-20220922,001,1795
344.6605,344.702,68437,82804,Rhinolophus ferrumequinum,0.023,0.023,-1,Echolocation,/mnt/ubna_data_02_mir/recover-20220922/UBNA_001/20220921_090000.WAV,Telephone Field,recover-20220922,001,1795
344.7005,344.7108,23750,29672,Nyctalus leisleri,0.01,0.023,-1,Echolocation,/mnt/ubna_data_02_mir/recover-20220922/UBNA_001/20220921_090000.WAV,Telephone Field,recover-20220922,001,1795
344.7105,344.7516,68437,82964,Rhinolophus ferrumequinum,0.027,0.027,-1,Echolocation,/mnt/ubna_data_02_mir/recover-20220922/UBNA_001/20220921_090000.WAV,Telephone Field,recover-20220922,001,1795
344.7155,344.7549,68437,82876,Rhinolophus ferrumequinum,0.027,0.027,-1,Echolocation,/mnt/ubna_data_02_mir/recover-20220922/UBNA_001/20220921_090000.WAV,Telephone Field,recover-20220922,001,1795
344.7385,344.774,68437,80969,Rhinolophus ferrumequinum,0.027,0.027,-1,Echolocation,/mnt/ubna_data_02_mir/recover-20220922/UBNA_001/20220921_090000.WAV,Telephone Field,recover-20220922,001,1795
344.7525,344.7907,68437,81008,Rhinolophus ferrumequinum,0.024,0.024,-1,Echolocation,/mnt/ubna_data_02_mir/recover-20220922/UBNA_001/20220921_090000.WAV,Telephone Field,recover-20220922,001,1795
344.7885,344.8261,68437,81917,Rhinolophus ferrumequinum,0.025,0.025,-1,Echolocation,/mnt/ubna_data_02_mir/recover-20220922/UBNA_001/20220921_090000.WAV,Telephone Field,recover-20220922,001,1795
344.8055,344.8444,68437,82232,Rhinolophus ferrumequinum,0.023,0.023,-1,Echolocation,/mnt/ubna_data_02_mir/recover-20220922/UBNA_001/20220921_090000.WAV,Telephone Field,recover-20220922,001,1795
344.8155,344.8254,38359,45945,Pipistrellus nathusii,0.01,0.023,-1,Echolocation,/mnt/ubna_data_02_mir/recover-20220922/UBNA_001/20220921_090000.WAV,Telephone Field,recover-20220922,001,1795
344.8165,344.8569,68437,82306,Rhinolophus ferrumequinum,0.023,0.023,-1,Echolocation,/mnt/ubna_data_02_mir/recover-20220922/UBNA_001/20220921_090000.WAV,Telephone Field,recover-20220922,001,1795
344.8515,344.8899,68437,81701,Rhinolophus ferrumequinum,0.022,0.022,-1,Echolocation,/mnt/ubna_data_02_mir/recover-20220922/UBNA_001/20220921_090000.WAV,Telephone Field,recover-20220922,001,1795
344.8835,344.9255,68437,83177,Rhinolophus ferrumequinum,0.025,0.025,-1,Echolocation,/mnt/ubna_data_02_mir/recover-20220922/UBNA_001/20220921_090000.WAV,Telephone Field,recover-20220922,001,1795
344.9035,344.9441,68437,82152,Rhinolophus ferrumequinum,0.023,0.023,-1,Echolocation,/mnt/ubna_data_02_mir/recover-20220922/UBNA_001/20220921_090000.WAV,Telephone Field,recover-20220922,001,1795
344.9145,344.9549,68437,82440,Rhinolophus ferrumequinum,0.024,0.024,-1,Echolocation,/mnt/ubna_data_02_mir/recover-20220922/UBNA_001/20220921_090000.WAV,Telephone Field,recover-20220922,001,1795
344.9375,344.977,68437,81499,Rhinolophus ferrumequinum,0.042,0.042,-1,Echolocation,/mnt/ubna_data_02_mir/recover-20220922/UBNA_001/20220921_090000.WAV,Telephone Field,recover-20220922,001,1795
344.9615,345.0021,68437,82703,Rhinolophus ferrumequinum,0.027,0.027,-1,Echolocation,/mnt/ubna_data_02_mir/recover-20220922/UBNA_001/20220921_090000.WAV,Telephone Field,recover-20220922,001,1795
344.9725,344.9797,27187,38978,Eptesicus serotinus,0.007,0.024,-1,Echolocation,/mnt/ubna_data_02_mir/recover-20220922/UBNA_001/20220921_090000.WAV,Telephone Field,recover-20220922,001,1795
344.9825,344.994,13437,18409,Nyctalus noctula,0.012,0.027,-1,Echolocation,/mnt/ubna_data_02_mir/recover-20220922/UBNA_001/20220921_090000.WAV,Telephone Field,recover-20220922,001,1795
344.9825,345.0191,68437,81932,Rhinolophus ferrumequinum,0.024,0.024,-1,Echolocation,/mnt/ubna_data_02_mir/recover-20220922/UBNA_001/20220921_090000.WAV,Telephone Field,recover-20220922,001,1795
345.0025,345.0401,68437,81980,Rhinolophus ferrumequinum,0.024,0.024,-1,Echolocation,/mnt/ubna_data_02_mir/recover-20220922/UBNA_001/20220921_090000.WAV,Telephone Field,recover-20220922,001,1795
345.0405,345.0807,68437,82255,Rhinolophus ferrumequinum,0.027,0.027,-1,Echolocation,/mnt/ubna_data_02_mir/recover-20220922/UBNA_001/20220921_090000.WAV,Telephone Field,recover-20220922,001,1795
345.1035,345.1493,68437,83613,Rhinolophus ferrumequinum,0.071,0.071,-1,Echolocation,/mnt/ubna_data_02_mir/recover-20220922/UBNA_001/20220921_090000.WAV,Telephone Field,recover-20220922,001,1795
345.1385,345.1499,23750,29112,Nyctalus leisleri,0.011,0.024,-1,Echolocation,/mnt/ubna_data_02_mir/recover-20220922/UBNA_001/20220921_090000.WAV,Telephone Field,recover-20220922,001,1795
345.1585,345.1973,68437,82077,Rhinolophus ferrumequinum,0.024,0.024,-1,Echolocation,/mnt/ubna_data_02_mir/recover-20220922/UBNA_001/20220921_090000.WAV,Telephone Field,recover-20220922,001,1795
345.16949999999997,345.209,68437,82600,Rhinolophus ferrumequinum,0.024,0.024,-1,Echolocation,/mnt/ubna_data_02_mir/recover-20220922/UBNA_001/20220921_090000.WAV,Telephone Field,recover-20220922,001,1795
345.1925,345.2335,68437,82601,Rhinolophus ferrumequinum,0.032,0.032,-1,Echolocation,/mnt/ubna_data_02_mir/recover-20220922/UBNA_001/20220921_090000.WAV,Telephone Field,recover-20220922,001,1795
345.2045,345.2417,68437,82306,Rhinolophus ferrumequinum,0.022,0.022,-1,Echolocation,/mnt/ubna_data_02_mir/recover-20220922/UBNA_001/20220921_090000.WAV,Telephone Field,recover-20220922,001,1795
345.2145,345.2524,68437,82094,Rhinolophus ferrumequinum,0.023,0.023,-1,Echolocation,/mnt/ubna_data_02_mir/recover-20220922/UBNA_001/20220921_090000.WAV,Telephone Field,recover-20220922,001,1795
345.2485,345.2859,68437,81883,Rhinolophus ferrumequinum,0.022,0.022,-1,Echolocation,/mnt/ubna_data_02_mir/recover-20220922/UBNA_001/20220921_090000.WAV,Telephone Field,recover-20220922,001,1795
345.2565,345.2955,68437,82125,Rhinolophus ferrumequinum,0.023,0.023,-1,Echolocation,/mnt/ubna_data_02_mir/recover-20220922/UBNA_001/20220921_090000.WAV,Telephone Field,recover-20220922,001,1795
345.2625,345.3029,68437,82360,Rhinolophus ferrumequinum,0.022,0.022,-1,Echolocation,/mnt/ubna_data_02_mir/recover-20220922/UBNA_001/20220921_090000.WAV,Telephone Field,recover-20220922,001,1795
345.2905,345.3014,46093,49071,Pipistrellus pipistrellus,0.026,0.029,-1,Echolocation,/mnt/ubna_data_02_mir/recover-20220922/UBNA_001/20220921_090000.WAV,Telephone Field,recover-20220922,001,1795
345.2935,345.3299,68437,81528,Rhinolophus ferrumequinum,0.022,0.022,-1,Echolocation,/mnt/ubna_data_02_mir/recover-20220922/UBNA_001/20220921_090000.WAV,Telephone Field,recover-20220922,001,1795
345.3075,345.346,68437,81629,Rhinolophus ferrumequinum,0.023,0.023,-1,Echolocation,/mnt/ubna_data_02_mir/recover-20220922/UBNA_001/20220921_090000.WAV,Telephone Field,recover-20220922,001,1795
345.3265,345.3664,68437,82347,Rhinolophus ferrumequinum,0.023,0.023,-1,Echolocation,/mnt/ubna_data_02_mir/recover-20220922/UBNA_001/20220921_090000.WAV,Telephone Field,recover-20220922,001,1795
345.3565,345.3686,22890,27503,Nyctalus leisleri,0.015,0.028,-1,Echolocation,/mnt/ubna_data_02_mir/recover-20220922/UBNA_001/20220921_090000.WAV,Telephone Field,recover-20220922,001,1795
345.3675,345.4076,68437,82461,Rhinolophus ferrumequinum,0.023,0.023,-1,Echolocation,/mnt/ubna_data_02_mir/recover-20220922/UBNA_001/20220921_090000.WAV,Telephone Field,recover-20220922,001,1795
345.3975,345.4085,33203,38161,Eptesicus serotinus,0.007,0.027,-1,Echolocation,/mnt/ubna_data_02_mir/recover-20220922/UBNA_001/20220921_090000.WAV,Telephone Field,recover-20220922,001,1795
345.4295,345.4395,22890,28545,Nyctalus leisleri,0.009,0.022,-1,Echolocation,/mnt/ubna_data_02_mir/recover-20220922/UBNA_001/20220921_090000.WAV,Telephone Field,recover-20220922,001,1795
345.4605,345.4732,22890,27055,Nyctalus leisleri,0.014,0.023,-1,Echolocation,/mnt/ubna_data_02_mir/recover-20220922/UBNA_001/20220921_090000.WAV,Telephone Field,recover-20220922,001,1795
345.4835,345.5232,68437,82827,Rhinolophus ferrumequinum,0.022,0.022,-1,Echolocation,/mnt/ubna_data_02_mir/recover-20220922/UBNA_001/20220921_090000.WAV,Telephone Field,recover-20220922,001,1795
345.5025,345.5424,68437,82201,Rhinolophus ferrumequinum,0.022,0.022,-1,Echolocation,/mnt/ubna_data_02_mir/recover-20220922/UBNA_001/20220921_090000.WAV,Telephone Field,recover-20220922,001,1795
345.5095,345.52,28906,36399,Eptesicus serotinus,0.016,0.032,-1,Echolocation,/mnt/ubna_data_02_mir/recover-20220922/UBNA_001/20220921_090000.WAV,Telephone Field,recover-20220922,001,1795
345.5125,345.5219,14296,22657,Nyctalus noctula,0.01,0.025,-1,Echolocation,/mnt/ubna_data_02_mir/recover-20220922/UBNA_001/20220921_090000.WAV,Telephone Field,recover-20220922,001,1795
345.5375,345.5748,68437,81994,Rhinolophus ferrumequinum,0.022,0.022,-1,Echolocation,/mnt/ubna_data_02_mir/recover-20220922/UBNA_001/20220921_090000.WAV,Telephone Field,recover-20220922,001,1795
345.5745,345.6132,68437,81991,Rhinolophus ferrumequinum,0.022,0.022,-1,Echolocation,/mnt/ubna_data_02_mir/recover-20220922/UBNA_001/20220921_090000.WAV,Telephone Field,recover-20220922,001,1795
345.5955,345.63530000000003,68437,82052,Rhinolophus ferrumequinum,0.023,0.023,-1,Echolocation,/mnt/ubna_data_02_mir/recover-20220922/UBNA_001/20220921_090000.WAV,Telephone Field,recover-20220922,001,1795
345.6105,345.6515,68437,82627,Rhinolophus ferrumequinum,0.023,0.023,-1,Echolocation,/mnt/ubna_data_02_mir/recover-20220922/UBNA_001/20220921_090000.WAV,Telephone Field,recover-20220922,001,1795
345.6245,345.6628,68437,82096,Rhinolophus ferrumequinum,0.025,0.025,-1,Echolocation,/mnt/ubna_data_02_mir/recover-20220922/UBNA_001/20220921_090000.WAV,Telephone Field,recover-20220922,001,1795
345.6345,345.6722,68437,81861,Rhinolophus ferrumequinum,0.022,0.022,-1,Echolocation,/mnt/ubna_data_02_mir/recover-20220922/UBNA_001/20220921_090000.WAV,Telephone Field,recover-20220922,001,1795
345.6765,345.7126,68437,81508,Rhinolophus ferrumequinum,0.023,0.023,-1,Echolocation,/mnt/ubna_data_02_mir/recover-20220922/UBNA_001/20220921_090000.WAV,Telephone Field,recover-20220922,001,1795
345.6835,345.6914,28906,37020,Eptesicus serotinus,0.01,0.027,-1,Echolocation,/mnt/ubna_data_02_mir/recover-20220922/UBNA_001/20220921_090000.WAV,Telephone Field,recover-20220922,001,1795
345.6895,345.728,68437,82401,Rhinolophus ferrumequinum,0.025,0.025,-1,Echolocation,/mnt/ubna_data_02_mir/recover-20220922/UBNA_001/20220921_090000.WAV,Telephone Field,recover-20220922,001,1795
345.7105,345.721,27187,32723,Eptesicus serotinus,0.029,0.059,-1,Echolocation,/mnt/ubna_data_02_mir/recover-20220922/UBNA_001/20220921_090000.WAV,Telephone Field,recover-20220922,001,1795
345.7225,345.7631,68437,82491,Rhinolophus ferrumequinum,0.023,0.023,-1,Echolocation,/mnt/ubna_data_02_mir/recover-20220922/UBNA_001/20220921_090000.WAV,Telephone Field,recover-20220922,001,1795
345.7575,345.7983,68437,82380,Rhinolophus ferrumequinum,0.022,0.022,-1,Echolocation,/mnt/ubna_data_02_mir/recover-20220922/UBNA_001/20220921_090000.WAV,Telephone Field,recover-20220922,001,1795
345.7675,345.7752,26328,36771,Eptesicus serotinus,0.011,0.03,-1,Echolocation,/mnt/ubna_data_02_mir/recover-20220922/UBNA_001/20220921_090000.WAV,Telephone Field,recover-20220922,001,1795
345.7885,345.7978,24609,31811,Nyctalus leisleri,0.007,0.022,-1,Echolocation,/mnt/ubna_data_02_mir/recover-20220922/UBNA_001/20220921_090000.WAV,Telephone Field,recover-20220922,001,1795
345.7905,345.83389999999997,68437,82995,Rhinolophus ferrumequinum,0.036,0.036,-1,Echolocation,/mnt/ubna_data_02_mir/recover-20220922/UBNA_001/20220921_090000.WAV,Telephone Field,recover-20220922,001,1795
345.8045,345.8164,22031,26964,Nyctalus leisleri,0.012,0.023,-1,Echolocation,/mnt/ubna_data_02_mir/recover-20220922/UBNA_001/20220921_090000.WAV,Telephone Field,recover-20220922,001,1795
345.8405,345.86,19453,22899,Nyctalus noctula,0.019,0.036,-1,Echolocation,/mnt/ubna_data_02_mir/recover-20220922/UBNA_001/20220921_090000.WAV,Telephone Field,recover-20220922,001,1795
345.8645,345.9062,68437,82930,Rhinolophus ferrumequinum,0.029,0.029,-1,Echolocation,/mnt/ubna_data_02_mir/recover-20220922/UBNA_001/20220921_090000.WAV,Telephone Field,recover-20220922,001,1795
345.8825,345.9208,68437,82194,Rhinolophus ferrumequinum,0.022,0.022,-1,Echolocation,/mnt/ubna_data_02_mir/recover-20220922/UBNA_001/20220921_090000.WAV,Telephone Field,recover-20220922,001,1795
345.8905,345.8995,28046,36341,Eptesicus serotinus,0.011,0.026,-1,Echolocation,/mnt/ubna_data_02_mir/recover-20220922/UBNA_001/20220921_090000.WAV,Telephone Field,recover-20220922,001,1795
345.9055,345.9429,68437,82082,Rhinolophus ferrumequinum,0.022,0.022,-1,Echolocation,/mnt/ubna_data_02_mir/recover-20220922/UBNA_001/20220921_090000.WAV,Telephone Field,recover-20220922,001,1795
345.9285,345.9384,46953,51193,Pipistrellus pipistrellus,0.021,0.022,-1,Echolocation,/mnt/ubna_data_02_mir/recover-20220922/UBNA_001/20220921_090000.WAV,Telephone Field,recover-20220922,001,1795
345.9455,345.956,28906,36125,Eptesicus serotinus,0.013,0.028,-1,Echolocation,/mnt/ubna_data_02_mir/recover-20220922/UBNA_001/20220921_090000.WAV,Telephone Field,recover-20220922,001,1795
345.9515,345.9907,68437,82620,Rhinolophus ferrumequinum,0.025,0.025,-1,Echolocation,/mnt/ubna_data_02_mir/recover-20220922/UBNA_001/20220921_090000.WAV,Telephone Field,recover-20220922,001,1795
345.9545,345.9634,28046,36487,Eptesicus serotinus,0.008,0.022,-1,Echolocation,/mnt/ubna_data_02_mir/recover-20220922/UBNA_001/20220921_090000.WAV,Telephone Field,recover-20220922,001,1795
346.0015,346.0091,46953,49887,Pipistrellus pipistrellus,0.02,0.026,-1,Echolocation,/mnt/ubna_data_02_mir/recover-20220922/UBNA_001/20220921_090000.WAV,Telephone Field,recover-20220922,001,1795
346.0015,346.0117,26328,32750,Nyctalus leisleri,0.012,0.03,-1,Echolocation,/mnt/ubna_data_02_mir/recover-20220922/UBNA_001/20220921_090000.WAV,Telephone Field,recover-20220922,001,1795
346.0015,346.0352,68437,80184,Rhinolophus ferrumequinum,0.025,0.025,-1,Echolocation,/mnt/ubna_data_02_mir/recover-20220922/UBNA_001/20220921_090000.WAV,Telephone Field,recover-20220922,001,1795
346.0125,346.0602,68437,83750,Rhinolophus ferrumequinum,0.029,0.029,-1,Echolocation,/mnt/ubna_data_02_mir/recover-20220922/UBNA_001/20220921_090000.WAV,Telephone Field,recover-20220922,001,1795
346.02049999999997,346.0308,27187,36017,Eptesicus serotinus,0.016,0.03,-1,Echolocation,/mnt/ubna_data_02_mir/recover-20220922/UBNA_001/20220921_090000.WAV,Telephone Field,recover-20220922,001,1795
346.0225,346.0665,68437,83457,Rhinolophus ferrumequinum,0.027,0.027,-1,Echolocation,/mnt/ubna_data_02_mir/recover-20220922/UBNA_001/20220921_090000.WAV,Telephone Field,recover-20220922,001,1795
346.0345,346.0412,28046,38560,Eptesicus serotinus,0.006,0.025,-1,Echolocation,/mnt/ubna_data_02_mir/recover-20220922/UBNA_001/20220921_090000.WAV,Telephone Field,recover-20220922,001,1795
346.0575,346.069,37500,42186,Pipistrellus nathusii,0.007,0.024,-1,Echolocation,/mnt/ubna_data_02_mir/recover-20220922/UBNA_001/20220921_090000.WAV,Telephone Field,recover-20220922,001,1795
346.0635,346.0716,27187,38823,Eptesicus serotinus,0.007,0.022,-1,Echolocation,/mnt/ubna_data_02_mir/recover-20220922/UBNA_001/20220921_090000.WAV,Telephone Field,recover-20220922,001,1795
346.0815,346.1225,68437,82674,Rhinolophus ferrumequinum,0.035,0.035,-1,Echolocation,/mnt/ubna_data_02_mir/recover-20220922/UBNA_001/20220921_090000.WAV,Telephone Field,recover-20220922,001,1795
346.0885,346.1041,22890,27022,Nyctalus leisleri,0.022,0.037,-1,Echolocation,/mnt/ubna_data_02_mir/recover-20220922/UBNA_001/20220921_090000.WAV,Telephone Field,recover-20220922,001,1795
346.1085,346.1191,23750,28897,Nyctalus leisleri,0.01,0.023,-1,Echolocation,/mnt/ubna_data_02_mir/recover-20220922/UBNA_001/20220921_090000.WAV,Telephone Field,recover-20220922,001,1795
346.1405,346.1497,28906,37121,Eptesicus serotinus,0.008,0.022,-1,Echolocation,/mnt/ubna_data_02_mir/recover-20220922/UBNA_001/20220921_090000.WAV,Telephone Field,recover-20220922,001,1795
346.1615,346.1736,22031,26142,Nyctalus leisleri,0.012,0.022,-1,Echolocation,/mnt/ubna_data_02_mir/recover-20220922/UBNA_001/20220921_090000.WAV,Telephone Field,recover-20220922,001,1795
346.1745,346.1825,28046,37758,Eptesicus serotinus,0.008,0.023,-1,Echolocation,/mnt/ubna_data_02_mir/recover-20220922/UBNA_001/20220921_090000.WAV,Telephone Field,recover-20220922,001,1795
346.1845,346.2255,68437,83086,Rhinolophus ferrumequinum,0.031,0.031,-1,Echolocation,/mnt/ubna_data_02_mir/recover-20220922/UBNA_001/20220921_090000.WAV,Telephone Field,recover-20220922,001,1795
346.1915,346.2007,28046,36406,Eptesicus serotinus,0.01,0.026,-1,Echolocation,/mnt/ubna_data_02_mir/recover-20220922/UBNA_001/20220921_090000.WAV,Telephone Field,recover-20220922,001,1795
346.2035,346.2445,68437,82886,Rhinolophus ferrumequinum,0.024,0.025,-1,Echolocation,/mnt/ubna_data_02_mir/recover-20220922/UBNA_001/20220921_090000.WAV,Telephone Field,recover-20220922,001,1795
346.2125,346.2216,26328,33685,Eptesicus serotinus,0.011,0.026,-1,Echolocation,/mnt/ubna_data_02_mir/recover-20220922/UBNA_001/20220921_090000.WAV,Telephone Field,recover-20220922,001,1795
346.2165,346.2562,68437,82525,Rhinolophus ferrumequinum,0.023,0.023,-1,Echolocation,/mnt/ubna_data_02_mir/recover-20220922/UBNA_001/20220921_090000.WAV,Telephone Field,recover-20220922,001,1795
346.2285,346.2395,22890,28085,Nyctalus leisleri,0.013,0.026,-1,Echolocation,/mnt/ubna_data_02_mir/recover-20220922/UBNA_001/20220921_090000.WAV,Telephone Field,recover-20220922,001,1795
346.2475,346.286,68437,81872,Rhinolophus ferrumequinum,0.024,0.024,-1,Echolocation,/mnt/ubna_data_02_mir/recover-20220922/UBNA_001/20220921_090000.WAV,Telephone Field,recover-20220922,001,1795
346.3025,346.3141,22031,25895,Nyctalus leisleri,0.015,0.025,-1,Echolocation,/mnt/ubna_data_02_mir/recover-20220922/UBNA_001/20220921_090000.WAV,Telephone Field,recover-20220922,001,1795
346.3335,346.3446,45234,48907,Pipistrellus pipistrellus,0.052,0.056,-1,Echolocation,/mnt/ubna_data_02_mir/recover-20220922/UBNA_001/20220921_090000.WAV,Telephone Field,recover-20220922,001,1795
346.3335,346.3734,68437,82215,Rhinolophus ferrumequinum,0.023,0.023,-1,Echolocation,/mnt/ubna_data_02_mir/recover-20220922/UBNA_001/20220921_090000.WAV,Telephone Field,recover-20220922,001,1795
346.3495,346.3885,68437,82324,Rhinolophus ferrumequinum,0.024,0.024,-1,Echolocation,/mnt/ubna_data_02_mir/recover-20220922/UBNA_001/20220921_090000.WAV,Telephone Field,recover-20220922,001,1795
346.3575,346.3753,21171,24252,Nyctalus leisleri,0.016,0.027,-1,Echolocation,/mnt/ubna_data_02_mir/recover-20220922/UBNA_001/20220921_090000.WAV,Telephone Field,recover-20220922,001,1795
346.3805,346.4176,68437,82102,Rhinolophus ferrumequinum,0.022,0.022,-1,Echolocation,/mnt/ubna_data_02_mir/recover-20220922/UBNA_001/20220921_090000.WAV,Telephone Field,recover-20220922,001,1795
346.4125,346.4545,68437,82654,Rhinolophus ferrumequinum,0.035,0.035,-1,Echolocation,/mnt/ubna_data_02_mir/recover-20220922/UBNA_001/20220921_090000.WAV,Telephone Field,recover-20220922,001,1795
346.4925,346.532,68437,82493,Rhinolophus ferrumequinum,0.024,0.024,-1,Echolocation,/mnt/ubna_data_02_mir/recover-20220922/UBNA_001/20220921_090000.WAV,Telephone Field,recover-20220922,001,1795
346.5025,346.5115,28906,37342,Eptesicus serotinus,0.008,0.024,-1,Echolocation,/mnt/ubna_data_02_mir/recover-20220922/UBNA_001/20220921_090000.WAV,Telephone Field,recover-20220922,001,1795
346.5145,346.5516,68437,81207,Rhinolophus ferrumequinum,0.024,0.025,-1,Echolocation,/mnt/ubna_data_02_mir/recover-20220922/UBNA_001/20220921_090000.WAV,Telephone Field,recover-20220922,001,1795
346.5305,346.5711,68437,82558,Rhinolophus ferrumequinum,0.024,0.024,-1,Echolocation,/mnt/ubna_data_02_mir/recover-20220922/UBNA_001/20220921_090000.WAV,Telephone Field,recover-20220922,001,1795
346.5325,346.5436,22031,27065,Nyctalus leisleri,0.012,0.025,-1,Echolocation,/mnt/ubna_data_02_mir/recover-20220922/UBNA_001/20220921_090000.WAV,Telephone Field,recover-20220922,001,1795
346.5695,346.5798,22031,27319,Nyctalus leisleri,0.011,0.024,-1,Echolocation,/mnt/ubna_data_02_mir/recover-20220922/UBNA_001/20220921_090000.WAV,Telephone Field,recover-20220922,001,1795
346.5715,346.5815,29765,36926,Eptesicus serotinus,0.008,0.024,-1,Echolocation,/mnt/ubna_data_02_mir/recover-20220922/UBNA_001/20220921_090000.WAV,Telephone Field,recover-20220922,001,1795
346.5795,346.5893,28906,38337,Eptesicus serotinus,0.008,0.023,-1,Echolocation,/mnt/ubna_data_02_mir/recover-20220922/UBNA_001/20220921_090000.WAV,Telephone Field,recover-20220922,001,1795
346.5915,346.6325,68437,82984,Rhinolophus ferrumequinum,0.027,0.027,-1,Echolocation,/mnt/ubna_data_02_mir/recover-20220922/UBNA_001/20220921_090000.WAV,Telephone Field,recover-20220922,001,1795
346.5935,346.60450000000003,23750,29185,Nyctalus leisleri,0.012,0.027,-1,Echolocation,/mnt/ubna_data_02_mir/recover-20220922/UBNA_001/20220921_090000.WAV,Telephone Field,recover-20220922,001,1795
346.6165,346.6571,68437,82637,Rhinolophus ferrumequinum,0.023,0.023,-1,Echolocation,/mnt/ubna_data_02_mir/recover-20220922/UBNA_001/20220921_090000.WAV,Telephone Field,recover-20220922,001,1795
346.6275,346.6367,22890,29659,Plecotus austriacus,0.007,0.023,-1,Echolocation,/mnt/ubna_data_02_mir/recover-20220922/UBNA_001/20220921_090000.WAV,Telephone Field,recover-20220922,001,1795
346.6565,346.6954,68437,81509,Rhinolophus ferrumequinum,0.025,0.025,-1,Echolocation,/mnt/ubna_data_02_mir/recover-20220922/UBNA_001/20220921_090000.WAV,Telephone Field,recover-20220922,001,1795
346.6635,346.6731,51250,56358,Pipistrellus pipistrellus,0.02,0.026,-1,Echolocation,/mnt/ubna_data_02_mir/recover-20220922/UBNA_001/20220921_090000.WAV,Telephone Field,recover-20220922,001,1795
346.6645,346.7035,68437,81904,Rhinolophus ferrumequinum,0.024,0.024,-1,Echolocation,/mnt/ubna_data_02_mir/recover-20220922/UBNA_001/20220921_090000.WAV,Telephone Field,recover-20220922,001,1795
346.66949999999997,346.6778,28046,38853,Eptesicus serotinus,0.008,0.023,-1,Echolocation,/mnt/ubna_data_02_mir/recover-20220922/UBNA_001/20220921_090000.WAV,Telephone Field,recover-20220922,001,1795
346.7145,346.7486,68437,80136,Rhinolophus ferrumequinum,0.023,0.023,-1,Echolocation,/mnt/ubna_data_02_mir/recover-20220922/UBNA_001/20220921_090000.WAV,Telephone Field,recover-20220922,001,1795
346.7195,346.7528,68437,80331,Rhinolophus ferrumequinum,0.023,0.023,-1,Echolocation,/mnt/ubna_data_02_mir/recover-20220922/UBNA_001/20220921_090000.WAV,Telephone Field,recover-20220922,001,1795
346.7805,346.8207,68437,83100,Rhinolophus ferrumequinum,0.025,0.025,-1,Echolocation,/mnt/ubna_data_02_mir/recover-20220922/UBNA_001/20220921_090000.WAV,Telephone Field,recover-20220922,001,1795
346.7925,346.8031,28906,35834,Eptesicus serotinus,0.01,0.024,-1,Echolocation,/mnt/ubna_data_02_mir/recover-20220922/UBNA_001/20220921_090000.WAV,Telephone Field,recover-20220922,001,1795
346.85450000000003,346.8644,22031,28239,Plecotus austriacus,0.01,0.029,-1,Echolocation,/mnt/ubna_data_02_mir/recover-20220922/UBNA_001/20220921_090000.WAV,Telephone Field,recover-20220922,001,1795
346.8995,346.9383,68437,82411,Rhinolophus ferrumequinum,0.03,0.03,-1,Echolocation,/mnt/ubna_data_02_mir/recover-20220922/UBNA_001/20220921_090000.WAV,Telephone Field,recover-20220922,001,1795
346.9305,346.9669,68437,81446,Rhinolophus ferrumequinum,0.034,0.034,-1,Echolocation,/mnt/ubna_data_02_mir/recover-20220922/UBNA_001/20220921_090000.WAV,Telephone Field,recover-20220922,001,1795
346.9565,346.9932,68437,81519,Rhinolophus ferrumequinum,0.025,0.025,-1,Echolocation,/mnt/ubna_data_02_mir/recover-20220922/UBNA_001/20220921_090000.WAV,Telephone Field,recover-20220922,001,1795
346.9635,346.9717,28906,37617,Eptesicus serotinus,0.008,0.023,-1,Echolocation,/mnt/ubna_data_02_mir/recover-20220922/UBNA_001/20220921_090000.WAV,Telephone Field,recover-20220922,001,1795
347.0235,347.0355,44375,47037,Pipistrellus pipistrellus,0.027,0.03,-1,Echolocation,/mnt/ubna_data_02_mir/recover-20220922/UBNA_001/20220921_090000.WAV,Telephone Field,recover-20220922,001,1795
347.0365,347.0746,68437,82444,Rhinolophus ferrumequinum,0.028,0.028,-1,Echolocation,/mnt/ubna_data_02_mir/recover-20220922/UBNA_001/20220921_090000.WAV,Telephone Field,recover-20220922,001,1795
347.0455,347.0554,23750,30641,Nyctalus leisleri,0.008,0.024,-1,Echolocation,/mnt/ubna_data_02_mir/recover-20220922/UBNA_001/20220921_090000.WAV,Telephone Field,recover-20220922,001,1795
347.0465,347.055,28046,39140,Eptesicus serotinus,0.009,0.024,-1,Echolocation,/mnt/ubna_data_02_mir/recover-20220922/UBNA_001/20220921_090000.WAV,Telephone Field,recover-20220922,001,1795
347.1225,347.1606,68437,81980,Rhinolophus ferrumequinum,0.022,0.022,-1,Echolocation,/mnt/ubna_data_02_mir/recover-20220922/UBNA_001/20220921_090000.WAV,Telephone Field,recover-20220922,001,1795
347.1275,347.1364,27187,37567,Eptesicus serotinus,0.008,0.022,-1,Echolocation,/mnt/ubna_data_02_mir/recover-20220922/UBNA_001/20220921_090000.WAV,Telephone Field,recover-20220922,001,1795
347.1305,347.1677,68437,81102,Rhinolophus ferrumequinum,0.022,0.023,-1,Echolocation,/mnt/ubna_data_02_mir/recover-20220922/UBNA_001/20220921_090000.WAV,Telephone Field,recover-20220922,001,1795
347.1645,347.2048,68437,82095,Rhinolophus ferrumequinum,0.023,0.023,-1,Echolocation,/mnt/ubna_data_02_mir/recover-20220922/UBNA_001/20220921_090000.WAV,Telephone Field,recover-20220922,001,1795
347.1975,347.2073,46953,51020,Pipistrellus pipistrellus,0.034,0.037,-1,Echolocation,/mnt/ubna_data_02_mir/recover-20220922/UBNA_001/20220921_090000.WAV,Telephone Field,recover-20220922,001,1795
347.2925,347.3332,68437,82695,Rhinolophus ferrumequinum,0.031,0.031,-1,Echolocation,/mnt/ubna_data_02_mir/recover-20220922/UBNA_001/20220921_090000.WAV,Telephone Field,recover-20220922,001,1795
347.3185,347.3585,68437,82250,Rhinolophus ferrumequinum,0.023,0.023,-1,Echolocation,/mnt/ubna_data_02_mir/recover-20220922/UBNA_001/20220921_090000.WAV,Telephone Field,recover-20220922,001,1795
347.3445,347.3816,68437,81965,Rhinolophus ferrumequinum,0.025,0.025,-1,Echolocation,/mnt/ubna_data_02_mir/recover-20220922/UBNA_001/20220921_090000.WAV,Telephone Field,recover-20220922,001,1795
347.3595,347.4,68437,82548,Rhinolophus ferrumequinum,0.022,0.022,-1,Echolocation,/mnt/ubna_data_02_mir/recover-20220922/UBNA_001/20220921_090000.WAV,Telephone Field,recover-20220922,001,1795
347.3905,347.428,68437,81471,Rhinolophus ferrumequinum,0.025,0.025,-1,Echolocation,/mnt/ubna_data_02_mir/recover-20220922/UBNA_001/20220921_090000.WAV,Telephone Field,recover-20220922,001,1795
347.4035,347.4412,68437,82004,Rhinolophus ferrumequinum,0.027,0.027,-1,Echolocation,/mnt/ubna_data_02_mir/recover-20220922/UBNA_001/20220921_090000.WAV,Telephone Field,recover-20220922,001,1795
347.4345,347.4431,58984,64009,Pipistrellus pygmaeus,0.025,0.026,-1,Echolocation,/mnt/ubna_data_02_mir/recover-20220922/UBNA_001/20220921_090000.WAV,Telephone Field,recover-20220922,001,1795
347.4445,347.45550000000003,22890,27793,Nyctalus leisleri,0.011,0.023,-1,Echolocation,/mnt/ubna_data_02_mir/recover-20220922/UBNA_001/20220921_090000.WAV,Telephone Field,recover-20220922,001,1795
347.4595,347.5002,68437,82714,Rhinolophus ferrumequinum,0.04,0.04,-1,Echolocation,/mnt/ubna_data_02_mir/recover-20220922/UBNA_001/20220921_090000.WAV,Telephone Field,recover-20220922,001,1795
347.4855,347.5266,68437,82986,Rhinolophus ferrumequinum,0.032,0.032,-1,Echolocation,/mnt/ubna_data_02_mir/recover-20220922/UBNA_001/20220921_090000.WAV,Telephone Field,recover-20220922,001,1795
347.5455,347.5829,68437,81649,Rhinolophus ferrumequinum,0.022,0.022,-1,Echolocation,/mnt/ubna_data_02_mir/recover-20220922/UBNA_001/20220921_090000.WAV,Telephone Field,recover-20220922,001,1795
347.6385,347.6493,23750,29869,Nyctalus leisleri,0.011,0.026,-1,Echolocation,/mnt/ubna_data_02_mir/recover-20220922/UBNA_001/20220921_090000.WAV,Telephone Field,recover-20220922,001,1795
347.7045,347.7451,68437,82467,Rhinolophus ferrumequinum,0.023,0.023,-1,Echolocation,/mnt/ubna_data_02_mir/recover-20220922/UBNA_001/20220921_090000.WAV,Telephone Field,recover-20220922,001,1795
347.7265,347.7679,68437,82771,Rhinolophus ferrumequinum,0.029,0.029,-1,Echolocation,/mnt/ubna_data_02_mir/recover-20220922/UBNA_001/20220921_090000.WAV,Telephone Field,recover-20220922,001,1795
347.7335,347.7419,28046,41319,Eptesicus serotinus,0.009,0.026,-1,Echolocation,/mnt/ubna_data_02_mir/recover-20220922/UBNA_001/20220921_090000.WAV,Telephone Field,recover-20220922,001,1795
347.7405,347.7818,68437,82940,Rhinolophus ferrumequinum,0.024,0.024,-1,Echolocation,/mnt/ubna_data_02_mir/recover-20220922/UBNA_001/20220921_090000.WAV,Telephone Field,recover-20220922,001,1795
347.7735,347.7821,23750,32063,Plecotus austriacus,0.007,0.022,-1,Echolocation,/mnt/ubna_data_02_mir/recover-20220922/UBNA_001/20220921_090000.WAV,Telephone Field,recover-20220922,001,1795
347.7825,347.7932,22031,26312,Nyctalus leisleri,0.012,0.022,-1,Echolocation,/mnt/ubna_data_02_mir/recover-20220922/UBNA_001/20220921_090000.WAV,Telephone Field,recover-20220922,001,1795
347.8035,347.8409,68437,81190,Rhinolophus ferrumequinum,0.026,0.026,-1,Echolocation,/mnt/ubna_data_02_mir/recover-20220922/UBNA_001/20220921_090000.WAV,Telephone Field,recover-20220922,001,1795
347.8425,347.8501,27187,43061,Eptesicus serotinus,0.008,0.026,-1,Echolocation,/mnt/ubna_data_02_mir/recover-20220922/UBNA_001/20220921_090000.WAV,Telephone Field,recover-20220922,001,1795
347.8555,347.8939,68437,81946,Rhinolophus ferrumequinum,0.023,0.023,-1,Echolocation,/mnt/ubna_data_02_mir/recover-20220922/UBNA_001/20220921_090000.WAV,Telephone Field,recover-20220922,001,1795
347.8865,347.9019,22890,28251,Nyctalus leisleri,0.016,0.034,-1,Echolocation,/mnt/ubna_data_02_mir/recover-20220922/UBNA_001/20220921_090000.WAV,Telephone Field,recover-20220922,001,1795
347.9545,347.9622,26328,36634,Eptesicus serotinus,0.007,0.022,-1,Echolocation,/mnt/ubna_data_02_mir/recover-20220922/UBNA_001/20220921_090000.WAV,Telephone Field,recover-20220922,001,1795
347.9705,347.9782,27187,38837,Eptesicus serotinus,0.007,0.025,-1,Echolocation,/mnt/ubna_data_02_mir/recover-20220922/UBNA_001/20220921_090000.WAV,Telephone Field,recover-20220922,001,1795
348.0015,348.0114,29765,36819,Eptesicus serotinus,0.01,0.029,-1,Echolocation,/mnt/ubna_data_02_mir/recover-20220922/UBNA_001/20220921_090000.WAV,Telephone Field,recover-20220922,001,1795
348.0015,348.0092,22890,29609,Nyctalus leisleri,0.009,0.03,-1,Echolocation,/mnt/ubna_data_02_mir/recover-20220922/UBNA_001/20220921_090000.WAV,Telephone Field,recover-20220922,001,1795
348.0015,348.0367,68437,79952,Rhinolophus ferrumequinum,0.077,0.078,-1,Echolocation,/mnt/ubna_data_02_mir/recover-20220922/UBNA_001/20220921_090000.WAV,Telephone Field,recover-20220922,001,1795
348.0075,348.0494,68437,82612,Rhinolophus ferrumequinum,0.027,0.028,-1,Echolocation,/mnt/ubna_data_02_mir/recover-20220922/UBNA_001/20220921_090000.WAV,Telephone Field,recover-20220922,001,1795
348.0275,348.0391,22031,26270,Nyctalus leisleri,0.012,0.023,-1,Echolocation,/mnt/ubna_data_02_mir/recover-20220922/UBNA_001/20220921_090000.WAV,Telephone Field,recover-20220922,001,1795
348.0345,348.0552,19453,22122,Nyctalus leisleri,0.012,0.024,-1,Echolocation,/mnt/ubna_data_02_mir/recover-20220922/UBNA_001/20220921_090000.WAV,Telephone Field,recover-20220922,001,1795
348.04449999999997,348.0521,45234,50149,Pipistrellus pipistrellus,0.042,0.046,-1,Echolocation,/mnt/ubna_data_02_mir/recover-20220922/UBNA_001/20220921_090000.WAV,Telephone Field,recover-20220922,001,1795
348.0455,348.0506,39218,54110,Myotis mystacinus,0.006,0.024,-1,Echolocation,/mnt/ubna_data_02_mir/recover-20220922/UBNA_001/20220921_090000.WAV,Telephone Field,recover-20220922,001,1795
348.0625,348.0777,22031,25748,Nyctalus leisleri,0.024,0.04,-1,Echolocation,/mnt/ubna_data_02_mir/recover-20220922/UBNA_001/20220921_090000.WAV,Telephone Field,recover-20220922,001,1795
348.0825,348.12239999999997,68437,81917,Rhinolophus ferrumequinum,0.023,0.023,-1,Echolocation,/mnt/ubna_data_02_mir/recover-20220922/UBNA_001/20220921_090000.WAV,Telephone Field,recover-20220922,001,1795
348.0885,348.0996,29765,36536,Eptesicus serotinus,0.011,0.026,-1,Echolocation,/mnt/ubna_data_02_mir/recover-20220922/UBNA_001/20220921_090000.WAV,Telephone Field,recover-20220922,001,1795
348.0915,348.1309,68437,82343,Rhinolophus ferrumequinum,0.026,0.026,-1,Echolocation,/mnt/ubna_data_02_mir/recover-20220922/UBNA_001/20220921_090000.WAV,Telephone Field,recover-20220922,001,1795
348.1325,348.1736,68437,82381,Rhinolophus ferrumequinum,0.027,0.027,-1,Echolocation,/mnt/ubna_data_02_mir/recover-20220922/UBNA_001/20220921_090000.WAV,Telephone Field,recover-20220922,001,1795
348.1485,348.1856,68437,81352,Rhinolophus ferrumequinum,0.026,0.026,-1,Echolocation,/mnt/ubna_data_02_mir/recover-20220922/UBNA_001/20220921_090000.WAV,Telephone Field,recover-20220922,001,1795
348.1595,348.1669,49531,53376,Pipistrellus pipistrellus,0.028,0.03,-1,Echolocation,/mnt/ubna_data_02_mir/recover-20220922/UBNA_001/20220921_090000.WAV,Telephone Field,recover-20220922,001,1795
348.1595,348.1991,68437,82738,Rhinolophus ferrumequinum,0.025,0.025,-1,Echolocation,/mnt/ubna_data_02_mir/recover-20220922/UBNA_001/20220921_090000.WAV,Telephone Field,recover-20220922,001,1795
348.16949999999997,348.2067,68437,81710,Rhinolophus ferrumequinum,0.023,0.023,-1,Echolocation,/mnt/ubna_data_02_mir/recover-20220922/UBNA_001/20220921_090000.WAV,Telephone Field,recover-20220922,001,1795
348.1815,348.2238,68437,83201,Rhinolophus ferrumequinum,0.033,0.033,-1,Echolocation,/mnt/ubna_data_02_mir/recover-20220922/UBNA_001/20220921_090000.WAV,Telephone Field,recover-20220922,001,1795
348.2215,348.261,68437,82018,Rhinolophus ferrumequinum,0.047,0.047,-1,Echolocation,/mnt/ubna_data_02_mir/recover-20220922/UBNA_001/20220921_090000.WAV,Telephone Field,recover-20220922,001,1795
348.2325,348.2443,24609,30318,Nyctalus leisleri,0.009,0.022,-1,Echolocation,/mnt/ubna_data_02_mir/recover-20220922/UBNA_001/20220921_090000.WAV,Telephone Field,recover-20220922,001,1795
348.2435,348.2885,68437,83468,Rhinolophus ferrumequinum,0.04,0.04,-1,Echolocation,/mnt/ubna_data_02_mir/recover-20220922/UBNA_001/20220921_090000.WAV,Telephone Field,recover-20220922,001,1795
348.2445,348.25260000000003,25468,34032,Plecotus austriacus,0.008,0.029,-1,Echolocation,/mnt/ubna_data_02_mir/recover-20220922/UBNA_001/20220921_090000.WAV,Telephone Field,recover-20220922,001,1795
348.2495,348.2569,55546,61421,Pipistrellus pygmaeus,0.021,0.022,-1,Echolocation,/mnt/ubna_data_02_mir/recover-20220922/UBNA_001/20220921_090000.WAV,Telephone Field,recover-20220922,001,1795
348.3045,348.3154,22890,27360,Nyctalus leisleri,0.017,0.031,-1,Echolocation,/mnt/ubna_data_02_mir/recover-20220922/UBNA_001/20220921_090000.WAV,Telephone Field,recover-20220922,001,1795
348.3195,348.3578,68437,81962,Rhinolophus ferrumequinum,0.025,0.025,-1,Echolocation,/mnt/ubna_data_02_mir/recover-20220922/UBNA_001/20220921_090000.WAV,Telephone Field,recover-20220922,001,1795
348.3395,348.3813,68437,83133,Rhinolophus ferrumequinum,0.023,0.023,-1,Echolocation,/mnt/ubna_data_02_mir/recover-20220922/UBNA_001/20220921_090000.WAV,Telephone Field,recover-20220922,001,1795
348.3665,348.4037,68437,81584,Rhinolophus ferrumequinum,0.026,0.026,-1,Echolocation,/mnt/ubna_data_02_mir/recover-20220922/UBNA_001/20220921_090000.WAV,Telephone Field,recover-20220922,001,1795
348.3905,348.4325,68437,82402,Rhinolophus ferrumequinum,0.027,0.027,-1,Echolocation,/mnt/ubna_data_02_mir/recover-20220922/UBNA_001/20220921_090000.WAV,Telephone Field,recover-20220922,001,1795
348.4125,348.4509,68437,82016,Rhinolophus ferrumequinum,0.023,0.023,-1,Echolocation,/mnt/ubna_data_02_mir/recover-20220922/UBNA_001/20220921_090000.WAV,Telephone Field,recover-20220922,001,1795
348.4145,348.4249,28906,36753,Eptesicus serotinus,0.011,0.024,-1,Echolocation,/mnt/ubna_data_02_mir/recover-20220922/UBNA_001/20220921_090000.WAV,Telephone Field,recover-20220922,001,1795
348.4755,348.5151,68437,82076,Rhinolophus ferrumequinum,0.032,0.032,-1,Echolocation,/mnt/ubna_data_02_mir/recover-20220922/UBNA_001/20220921_090000.WAV,Telephone Field,recover-20220922,001,1795
348.4875,348.5262,68437,82398,Rhinolophus ferrumequinum,0.027,0.027,-1,Echolocation,/mnt/ubna_data_02_mir/recover-20220922/UBNA_001/20220921_090000.WAV,Telephone Field,recover-20220922,001,1795
348.5165,348.5562,68437,82120,Rhinolophus ferrumequinum,0.028,0.028,-1,Echolocation,/mnt/ubna_data_02_mir/recover-20220922/UBNA_001/20220921_090000.WAV,Telephone Field,recover-20220922,001,1795
348.5275,348.5636,68437,81471,Rhinolophus ferrumequinum,0.023,0.024,-1,Echolocation,/mnt/ubna_data_02_mir/recover-20220922/UBNA_001/20220921_090000.WAV,Telephone Field,recover-20220922,001,1795
348.5705,348.6062,68437,81316,Rhinolophus ferrumequinum,0.041,0.041,-1,Echolocation,/mnt/ubna_data_02_mir/recover-20220922/UBNA_001/20220921_090000.WAV,Telephone Field,recover-20220922,001,1795
348.5835,348.6203,68437,82077,Rhinolophus ferrumequinum,0.025,0.026,-1,Echolocation,/mnt/ubna_data_02_mir/recover-20220922/UBNA_001/20220921_090000.WAV,Telephone Field,recover-20220922,001,1795
348.6135,348.6509,68437,81414,Rhinolophus ferrumequinum,0.022,0.022,-1,Echolocation,/mnt/ubna_data_02_mir/recover-20220922/UBNA_001/20220921_090000.WAV,Telephone Field,recover-20220922,001,1795
348.6705,348.6809,22031,28084,Nyctalus leisleri,0.012,0.032,-1,Echolocation,/mnt/ubna_data_02_mir/recover-20220922/UBNA_001/20220921_090000.WAV,Telephone Field,recover-20220922,001,1795
348.7135,348.7564,68437,83087,Rhinolophus ferrumequinum,0.034,0.034,-1,Echolocation,/mnt/ubna_data_02_mir/recover-20220922/UBNA_001/20220921_090000.WAV,Telephone Field,recover-20220922,001,1795
348.7555,348.7658,27187,35045,Eptesicus serotinus,0.01,0.025,-1,Echolocation,/mnt/ubna_data_02_mir/recover-20220922/UBNA_001/20220921_090000.WAV,Telephone Field,recover-20220922,001,1795
348.7685,348.80989999999997,68437,82273,Rhinolophus ferrumequinum,0.028,0.028,-1,Echolocation,/mnt/ubna_data_02_mir/recover-20220922/UBNA_001/20220921_090000.WAV,Telephone Field,recover-20220922,001,1795
348.7775,348.8165,68437,82143,Rhinolophus ferrumequinum,0.024,0.025,-1,Echolocation,/mnt/ubna_data_02_mir/recover-20220922/UBNA_001/20220921_090000.WAV,Telephone Field,recover-20220922,001,1795
348.7815,348.7914,28046,38510,Eptesicus serotinus,0.008,0.022,-1,Echolocation,/mnt/ubna_data_02_mir/recover-20220922/UBNA_001/20220921_090000.WAV,Telephone Field,recover-20220922,001,1795
348.8155,348.85360000000003,68437,82266,Rhinolophus ferrumequinum,0.023,0.023,-1,Echolocation,/mnt/ubna_data_02_mir/recover-20220922/UBNA_001/20220921_090000.WAV,Telephone Field,recover-20220922,001,1795
348.8185,348.8259,45234,53045,Pipistrellus pipistrellus,0.02,0.026,-1,Echolocation,/mnt/ubna_data_02_mir/recover-20220922/UBNA_001/20220921_090000.WAV,Telephone Field,recover-20220922,001,1795
348.83050000000003,348.8719,68437,82742,Rhinolophus ferrumequinum,0.025,0.025,-1,Echolocation,/mnt/ubna_data_02_mir/recover-20220922/UBNA_001/20220921_090000.WAV,Telephone Field,recover-20220922,001,1795
348.8385,348.8474,28046,37257,Eptesicus serotinus,0.009,0.024,-1,Echolocation,/mnt/ubna_data_02_mir/recover-20220922/UBNA_001/20220921_090000.WAV,Telephone Field,recover-20220922,001,1795
348.8465,348.8841,68437,82117,Rhinolophus ferrumequinum,0.023,0.023,-1,Echolocation,/mnt/ubna_data_02_mir/recover-20220922/UBNA_001/20220921_090000.WAV,Telephone Field,recover-20220922,001,1795
348.8625,348.8729,27187,35063,Eptesicus serotinus,0.011,0.025,-1,Echolocation,/mnt/ubna_data_02_mir/recover-20220922/UBNA_001/20220921_090000.WAV,Telephone Field,recover-20220922,001,1795
348.8635,348.8997,68437,81869,Rhinolophus ferrumequinum,0.022,0.022,-1,Echolocation,/mnt/ubna_data_02_mir/recover-20220922/UBNA_001/20220921_090000.WAV,Telephone Field,recover-20220922,001,1795
348.8825,348.8882,48671,54961,Pipistrellus pipistrellus,0.038,0.04,-1,Echolocation,/mnt/ubna_data_02_mir/recover-20220922/UBNA_001/20220921_090000.WAV,Telephone Field,recover-20220922,001,1795
348.9375,348.9452,28046,40001,Eptesicus serotinus,0.007,0.023,-1,Echolocation,/mnt/ubna_data_02_mir/recover-20220922/UBNA_001/20220921_090000.WAV,Telephone Field,recover-20220922,001,1795
348.9535,348.9913,68437,82073,Rhinolophus ferrumequinum,0.023,0.023,-1,Echolocation,/mnt/ubna_data_02_mir/recover-20220922/UBNA_001/20220921_090000.WAV,Telephone Field,recover-20220922,001,1795
349.0885,349.1271,68437,81678,Rhinolophus ferrumequinum,0.025,0.025,-1,Echolocation,/mnt/ubna_data_02_mir/recover-20220922/UBNA_001/20220921_090000.WAV,Telephone Field,recover-20220922,001,1795
349.1035,349.1401,68437,81095,Rhinolophus ferrumequinum,0.026,0.026,-1,Echolocation,/mnt/ubna_data_02_mir/recover-20220922/UBNA_001/20220921_090000.WAV,Telephone Field,recover-20220922,001,1795
349.1095,349.1468,68437,82282,Rhinolophus ferrumequinum,0.025,0.025,-1,Echolocation,/mnt/ubna_data_02_mir/recover-20220922/UBNA_001/20220921_090000.WAV,Telephone Field,recover-20220922,001,1795
349.1195,349.128,28046,37130,Eptesicus serotinus,0.011,0.026,-1,Echolocation,/mnt/ubna_data_02_mir/recover-20220922/UBNA_001/20220921_090000.WAV,Telephone Field,recover-20220922,001,1795
349.1445,349.1875,68437,83376,Rhinolophus ferrumequinum,0.043,0.043,-1,Echolocation,/mnt/ubna_data_02_mir/recover-20220922/UBNA_001/20220921_090000.WAV,Telephone Field,recover-20220922,001,1795
349.1745,349.2182,68437,83453,Rhinolophus ferrumequinum,0.033,0.033,-1,Echolocation,/mnt/ubna_data_02_mir/recover-20220922/UBNA_001/20220921_090000.WAV,Telephone Field,recover-20220922,001,1795
349.2035,349.2147,23750,29093,Nyctalus leisleri,0.013,0.026,-1,Echolocation,/mnt/ubna_data_02_mir/recover-20220922/UBNA_001/20220921_090000.WAV,Telephone Field,recover-20220922,001,1795
349.2165,349.258,68437,82989,Rhinolophus ferrumequinum,0.026,0.026,-1,Echolocation,/mnt/ubna_data_02_mir/recover-20220922/UBNA_001/20220921_090000.WAV,Telephone Field,recover-20220922,001,1795
349.2235,349.2665,68437,83231,Rhinolophus ferrumequinum,0.029,0.029,-1,Echolocation,/mnt/ubna_data_02_mir/recover-20220922/UBNA_001/20220921_090000.WAV,Telephone Field,recover-20220922,001,1795
349.2425,349.2486,46093,56245,Pipistrellus pipistrellus,0.316,0.335,-1,Echolocation,/mnt/ubna_data_02_mir/recover-20220922/UBNA_001/20220921_090000.WAV,Telephone Field,recover-20220922,001,1795
349.2425,349.2479,34062,69708,Myotis mystacinus,0.019,0.041,-1,Echolocation,/mnt/ubna_data_02_mir/recover-20220922/UBNA_001/20220921_090000.WAV,Telephone Field,recover-20220922,001,1795
349.2545,349.2927,68437,81890,Rhinolophus ferrumequinum,0.023,0.023,-1,Echolocation,/mnt/ubna_data_02_mir/recover-20220922/UBNA_001/20220921_090000.WAV,Telephone Field,recover-20220922,001,1795
349.2625,349.3027,68437,82331,Rhinolophus ferrumequinum,0.028,0.028,-1,Echolocation,/mnt/ubna_data_02_mir/recover-20220922/UBNA_001/20220921_090000.WAV,Telephone Field,recover-20220922,001,1795
349.2805,349.3213,68437,82795,Rhinolophus ferrumequinum,0.028,0.028,-1,Echolocation,/mnt/ubna_data_02_mir/recover-20220922/UBNA_001/20220921_090000.WAV,Telephone Field,recover-20220922,001,1795
349.2955,349.3034,26328,36378,Eptesicus serotinus,0.008,0.026,-1,Echolocation,/mnt/ubna_data_02_mir/recover-20220922/UBNA_001/20220921_090000.WAV,Telephone Field,recover-20220922,001,1795
349.3065,349.346,68437,81723,Rhinolophus ferrumequinum,0.024,0.024,-1,Echolocation,/mnt/ubna_data_02_mir/recover-20220922/UBNA_001/20220921_090000.WAV,Telephone Field,recover-20220922,001,1795
349.3135,349.3207,28906,40244,Eptesicus serotinus,0.006,0.023,-1,Echolocation,/mnt/ubna_data_02_mir/recover-20220922/UBNA_001/20220921_090000.WAV,Telephone Field,recover-20220922,001,1795
349.3155,349.3222,23750,32632,Plecotus austriacus,0.01,0.024,-1,Echolocation,/mnt/ubna_data_02_mir/recover-20220922/UBNA_001/20220921_090000.WAV,Telephone Field,recover-20220922,001,1795
349.3265,349.37,68437,83231,Rhinolophus ferrumequinum,0.032,0.032,-1,Echolocation,/mnt/ubna_data_02_mir/recover-20220922/UBNA_001/20220921_090000.WAV,Telephone Field,recover-20220922,001,1795
349.3385,349.3489,22031,27394,Nyctalus leisleri,0.011,0.025,-1,Echolocation,/mnt/ubna_data_02_mir/recover-20220922/UBNA_001/20220921_090000.WAV,Telephone Field,recover-20220922,001,1795
349.3495,349.3668,21171,24007,Nyctalus leisleri,0.02,0.028,-1,Echolocation,/mnt/ubna_data_02_mir/recover-20220922/UBNA_001/20220921_090000.WAV,Telephone Field,recover-20220922,001,1795
349.3625,349.3971,68437,81150,Rhinolophus ferrumequinum,0.023,0.023,-1,Echolocation,/mnt/ubna_data_02_mir/recover-20220922/UBNA_001/20220921_090000.WAV,Telephone Field,recover-20220922,001,1795
349.3705,349.3813,28906,35845,Eptesicus serotinus,0.009,0.024,-1,Echolocation,/mnt/ubna_data_02_mir/recover-20220922/UBNA_001/20220921_090000.WAV,Telephone Field,recover-20220922,001,1795
349.3735,349.4104,68437,81692,Rhinolophus ferrumequinum,0.023,0.023,-1,Echolocation,/mnt/ubna_data_02_mir/recover-20220922/UBNA_001/20220921_090000.WAV,Telephone Field,recover-20220922,001,1795
349.3865,349.4217,68437,81571,Rhinolophus ferrumequinum,0.023,0.023,-1,Echolocation,/mnt/ubna_data_02_mir/recover-20220922/UBNA_001/20220921_090000.WAV,Telephone Field,recover-20220922,001,1795
349.3945,349.431,68437,81837,Rhinolophus ferrumequinum,0.025,0.026,-1,Echolocation,/mnt/ubna_data_02_mir/recover-20220922/UBNA_001/20220921_090000.WAV,Telephone Field,recover-20220922,001,1795
349.4385,349.4749,68437,82167,Rhinolophus ferrumequinum,0.025,0.025,-1,Echolocation,/mnt/ubna_data_02_mir/recover-20220922/UBNA_001/20220921_090000.WAV,Telephone Field,recover-20220922,001,1795
349.4685,349.4778,28906,37493,Eptesicus serotinus,0.008,0.023,-1,Echolocation,/mnt/ubna_data_02_mir/recover-20220922/UBNA_001/20220921_090000.WAV,Telephone Field,recover-20220922,001,1795
349.5075,349.5121,45234,57176,Pipistrellus pipistrellus,0.359,0.391,-1,Echolocation,/mnt/ubna_data_02_mir/recover-20220922/UBNA_001/20220921_090000.WAV,Telephone Field,recover-20220922,001,1795
349.5565,349.5964,68437,81420,Rhinolophus ferrumequinum,0.027,0.027,-1,Echolocation,/mnt/ubna_data_02_mir/recover-20220922/UBNA_001/20220921_090000.WAV,Telephone Field,recover-20220922,001,1795
349.6215,349.6339,35781,40782,Pipistrellus nathusii,0.007,0.03,-1,Echolocation,/mnt/ubna_data_02_mir/recover-20220922/UBNA_001/20220921_090000.WAV,Telephone Field,recover-20220922,001,1795
349.6255,349.6636,68437,81951,Rhinolophus ferrumequinum,0.023,0.023,-1,Echolocation,/mnt/ubna_data_02_mir/recover-20220922/UBNA_001/20220921_090000.WAV,Telephone Field,recover-20220922,001,1795
349.6535,349.6607,58984,64948,Pipistrellus pygmaeus,0.024,0.025,-1,Echolocation,/mnt/ubna_data_02_mir/recover-20220922/UBNA_001/20220921_090000.WAV,Telephone Field,recover-20220922,001,1795
349.6575,349.6632,24609,36595,Plecotus austriacus,0.021,0.046,-1,Echolocation,/mnt/ubna_data_02_mir/recover-20220922/UBNA_001/20220921_090000.WAV,Telephone Field,recover-20220922,001,1795
349.6625,349.6708,34062,41428,Myotis daubentonii,0.009,0.027,-1,Echolocation,/mnt/ubna_data_02_mir/recover-20220922/UBNA_001/20220921_090000.WAV,Telephone Field,recover-20220922,001,1795
349.6655,349.7068,68437,82390,Rhinolophus ferrumequinum,0.024,0.024,-1,Echolocation,/mnt/ubna_data_02_mir/recover-20220922/UBNA_001/20220921_090000.WAV,Telephone Field,recover-20220922,001,1795
349.7015,349.709,46093,53692,Pipistrellus pipistrellus,0.202,0.214,-1,Echolocation,/mnt/ubna_data_02_mir/recover-20220922/UBNA_001/20220921_090000.WAV,Telephone Field,recover-20220922,001,1795
349.7265,349.7675,68437,82665,Rhinolophus ferrumequinum,0.025,0.025,-1,Echolocation,/mnt/ubna_data_02_mir/recover-20220922/UBNA_001/20220921_090000.WAV,Telephone Field,recover-20220922,001,1795
349.7415,349.7818,68437,82855,Rhinolophus ferrumequinum,0.026,0.026,-1,Echolocation,/mnt/ubna_data_02_mir/recover-20220922/UBNA_001/20220921_090000.WAV,Telephone Field,recover-20220922,001,1795
349.7465,349.7577,22890,28348,Nyctalus leisleri,0.011,0.024,-1,Echolocation,/mnt/ubna_data_02_mir/recover-20220922/UBNA_001/20220921_090000.WAV,Telephone Field,recover-20220922,001,1795
349.7495,349.7927,68437,83510,Rhinolophus ferrumequinum,0.03,0.03,-1,Echolocation,/mnt/ubna_data_02_mir/recover-20220922/UBNA_001/20220921_090000.WAV,Telephone Field,recover-20220922,001,1795
349.7885,349.8258,68437,82123,Rhinolophus ferrumequinum,0.026,0.026,-1,Echolocation,/mnt/ubna_data_02_mir/recover-20220922/UBNA_001/20220921_090000.WAV,Telephone Field,recover-20220922,001,1795
349.7915,349.802,27187,35535,Eptesicus serotinus,0.011,0.024,-1,Echolocation,/mnt/ubna_data_02_mir/recover-20220922/UBNA_001/20220921_090000.WAV,Telephone Field,recover-20220922,001,1795
349.7995,349.808,48671,54069,Pipistrellus pipistrellus,0.022,0.023,-1,Echolocation,/mnt/ubna_data_02_mir/recover-20220922/UBNA_001/20220921_090000.WAV,Telephone Field,recover-20220922,001,1795
349.8445,349.8534,43515,49377,Pipistrellus pipistrellus,0.02,0.023,-1,Echolocation,/mnt/ubna_data_02_mir/recover-20220922/UBNA_001/20220921_090000.WAV,Telephone Field,recover-20220922,001,1795
349.8475,349.8876,68437,82372,Rhinolophus ferrumequinum,0.03,0.03,-1,Echolocation,/mnt/ubna_data_02_mir/recover-20220922/UBNA_001/20220921_090000.WAV,Telephone Field,recover-20220922,001,1795
349.8765,349.9154,68437,81978,Rhinolophus ferrumequinum,0.023,0.023,-1,Echolocation,/mnt/ubna_data_02_mir/recover-20220922/UBNA_001/20220921_090000.WAV,Telephone Field,recover-20220922,001,1795
349.8835,349.9239,68437,82503,Rhinolophus ferrumequinum,0.024,0.024,-1,Echolocation,/mnt/ubna_data_02_mir/recover-20220922/UBNA_001/20220921_090000.WAV,Telephone Field,recover-20220922,001,1795
349.8895,349.8956,46953,55915,Pipistrellus pipistrellus,0.506,0.543,-1,Echolocation,/mnt/ubna_data_02_mir/recover-20220922/UBNA_001/20220921_090000.WAV,Telephone Field,recover-20220922,001,1795
349.9005,349.9417,68437,82617,Rhinolophus ferrumequinum,0.022,0.022,-1,Echolocation,/mnt/ubna_data_02_mir/recover-20220922/UBNA_001/20220921_090000.WAV,Telephone Field,recover-20220922,001,1795
349.9095,349.9184,27187,39306,Eptesicus serotinus,0.01,0.029,-1,Echolocation,/mnt/ubna_data_02_mir/recover-20220922/UBNA_001/20220921_090000.WAV,Telephone Field,recover-20220922,001,1795
349.9225,349.9289,51250,56165,Pipistrellus pipistrellus,0.024,0.026,-1,Echolocation,/mnt/ubna_data_02_mir/recover-20220922/UBNA_001/20220921_090000.WAV,Telephone Field,recover-20220922,001,1795
349.9235,349.9659,68437,83011,Rhinolophus ferrumequinum,0.028,0.028,-1,Echolocation,/mnt/ubna_data_02_mir/recover-20220922/UBNA_001/20220921_090000.WAV,Telephone Field,recover-20220922,001,1795
349.9315,349.9712,68437,82706,Rhinolophus ferrumequinum,0.025,0.025,-1,Echolocation,/mnt/ubna_data_02_mir/recover-20220922/UBNA_001/20220921_090000.WAV,Telephone Field,recover-20220922,001,1795
349.9565,349.9633,46093,53906,Pipistrellus pipistrellus,0.024,0.027,-1,Echolocation,/mnt/ubna_data_02_mir/recover-20220922/UBNA_001/20220921_090000.WAV,Telephone Field,recover-20220922,001,1795
349.9785,349.9893,23750,29821,Nyctalus leisleri,0.011,0.024,-1,Echolocation,/mnt/ubna_data_02_mir/recover-20220922/UBNA_001/20220921_090000.WAV,Telephone Field,recover-20220922,001,1795
349.9865,349.9962,28046,38590,Eptesicus serotinus,0.009,0.023,-1,Echolocation,/mnt/ubna_data_02_mir/recover-20220922/UBNA_001/20220921_090000.WAV,Telephone Field,recover-20220922,001,1795
350.0015,350.0095,23750,30604,Nyctalus leisleri,0.009,0.026,-1,Echolocation,/mnt/ubna_data_02_mir/recover-20220922/UBNA_001/20220921_090000.WAV,Telephone Field,recover-20220922,001,1795
350.0015,350.0346,68437,79579,Rhinolophus ferrumequinum,0.05,0.051,-1,Echolocation,/mnt/ubna_data_02_mir/recover-20220922/UBNA_001/20220921_090000.WAV,Telephone Field,recover-20220922,001,1795
350.0015,350.0126,46093,50609,Pipistrellus pipistrellus,0.015,0.022,-1,Echolocation,/mnt/ubna_data_02_mir/recover-20220922/UBNA_001/20220921_090000.WAV,Telephone Field,recover-20220922,001,1795
350.0095,350.0534,68437,82201,Rhinolophus ferrumequinum,0.023,0.023,-1,Echolocation,/mnt/ubna_data_02_mir/recover-20220922/UBNA_001/20220921_090000.WAV,Telephone Field,recover-20220922,001,1795
350.0225,350.0329,54687,58842,Pipistrellus pygmaeus,0.024,0.025,-1,Echolocation,/mnt/ubna_data_02_mir/recover-20220922/UBNA_001/20220921_090000.WAV,Telephone Field,recover-20220922,001,1795
350.0235,350.0307,44375,52692,Pipistrellus pipistrellus,0.022,0.026,-1,Echolocation,/mnt/ubna_data_02_mir/recover-20220922/UBNA_001/20220921_090000.WAV,Telephone Field,recover-20220922,001,1795
350.0835,350.1177,68437,80328,Rhinolophus ferrumequinum,0.023,0.023,-1,Echolocation,/mnt/ubna_data_02_mir/recover-20220922/UBNA_001/20220921_090000.WAV,Telephone Field,recover-20220922,001,1795
350.0835,350.0893,35781,66044,Myotis mystacinus,0.012,0.034,-1,Echolocation,/mnt/ubna_data_02_mir/recover-20220922/UBNA_001/20220921_090000.WAV,Telephone Field,recover-20220922,001,1795
350.0855,350.0902,44375,56117,Pipistrellus pipistrellus,0.104,0.129,-1,Echolocation,/mnt/ubna_data_02_mir/recover-20220922/UBNA_001/20220921_090000.WAV,Telephone Field,recover-20220922,001,1795
350.1505,350.1993,68437,83850,Rhinolophus ferrumequinum,0.072,0.072,-1,Echolocation,/mnt/ubna_data_02_mir/recover-20220922/UBNA_001/20220921_090000.WAV,Telephone Field,recover-20220922,001,1795
350.1535,350.1599,28906,38991,Myotis daubentonii,0.008,0.029,-1,Echolocation,/mnt/ubna_data_02_mir/recover-20220922/UBNA_001/20220921_090000.WAV,Telephone Field,recover-20220922,001,1795
350.1685,350.2053,68437,82240,Rhinolophus ferrumequinum,0.022,0.022,-1,Echolocation,/mnt/ubna_data_02_mir/recover-20220922/UBNA_001/20220921_090000.WAV,Telephone Field,recover-20220922,001,1795
350.1975,350.2059,28046,38670,Eptesicus serotinus,0.008,0.024,-1,Echolocation,/mnt/ubna_data_02_mir/recover-20220922/UBNA_001/20220921_090000.WAV,Telephone Field,recover-20220922,001,1795
350.2155,350.2588,68437,82956,Rhinolophus ferrumequinum,0.024,0.024,-1,Echolocation,/mnt/ubna_data_02_mir/recover-20220922/UBNA_001/20220921_090000.WAV,Telephone Field,recover-20220922,001,1795
350.2335,350.2429,50390,55034,Pipistrellus pipistrellus,0.022,0.026,-1,Echolocation,/mnt/ubna_data_02_mir/recover-20220922/UBNA_001/20220921_090000.WAV,Telephone Field,recover-20220922,001,1795
350.2615,350.30219999999997,68437,81893,Rhinolophus ferrumequinum,0.023,0.023,-1,Echolocation,/mnt/ubna_data_02_mir/recover-20220922/UBNA_001/20220921_090000.WAV,Telephone Field,recover-20220922,001,1795
350.27049999999997,350.3114,68437,82111,Rhinolophus ferrumequinum,0.023,0.023,-1,Echolocation,/mnt/ubna_data_02_mir/recover-20220922/UBNA_001/20220921_090000.WAV,Telephone Field,recover-20220922,001,1795
350.2815,350.2934,42656,48194,Pipistrellus pipistrellus,0.034,0.046,-1,Echolocation,/mnt/ubna_data_02_mir/recover-20220922/UBNA_001/20220921_090000.WAV,Telephone Field,recover-20220922,001,1795
350.3165,350.3244,27187,38217,Eptesicus serotinus,0.006,0.022,-1,Echolocation,/mnt/ubna_data_02_mir/recover-20220922/UBNA_001/20220921_090000.WAV,Telephone Field,recover-20220922,001,1795
350.3465,350.3583,22890,29494,Nyctalus leisleri,0.015,0.038,-1,Echolocation,/mnt/ubna_data_02_mir/recover-20220922/UBNA_001/20220921_090000.WAV,Telephone Field,recover-20220922,001,1795
350.3715,350.4111,68437,82104,Rhinolophus ferrumequinum,0.021,0.021,-1,Echolocation,/mnt/ubna_data_02_mir/recover-20220922/UBNA_001/20220921_090000.WAV,Telephone Field,recover-20220922,001,1795
350.3755,350.383,28906,38535,Eptesicus serotinus,0.007,0.024,-1,Echolocation,/mnt/ubna_data_02_mir/recover-20220922/UBNA_001/20220921_090000.WAV,Telephone Field,recover-20220922,001,1795
350.3885,350.4285,68437,82765,Rhinolophus ferrumequinum,0.022,0.022,-1,Echolocation,/mnt/ubna_data_02_mir/recover-20220922/UBNA_001/20220921_090000.WAV,Telephone Field,recover-20220922,001,1795
350.4165,350.4251,44375,54184,Pipistrellus pipistrellus,0.016,0.024,-1,Echolocation,/mnt/ubna_data_02_mir/recover-20220922/UBNA_001/20220921_090000.WAV,Telephone Field,recover-20220922,001,1795
350.41949999999997,350.4252,30625,47573,Myotis daubentonii,0.02,0.036,-1,Echolocation,/mnt/ubna_data_02_mir/recover-20220922/UBNA_001/20220921_090000.WAV,Telephone Field,recover-20220922,001,1795
350.4495,350.4892,68437,82545,Rhinolophus ferrumequinum,0.027,0.027,-1,Echolocation,/mnt/ubna_data_02_mir/recover-20220922/UBNA_001/20220921_090000.WAV,Telephone Field,recover-20220922,001,1795
350.45550000000003,350.494,68437,82940,Rhinolophus ferrumequinum,0.027,0.027,-1,Echolocation,/mnt/ubna_data_02_mir/recover-20220922/UBNA_001/20220921_090000.WAV,Telephone Field,recover-20220922,001,1795
350.5105,350.5521,68437,82436,Rhinolophus ferrumequinum,0.027,0.027,-1,Echolocation,/mnt/ubna_data_02_mir/recover-20220922/UBNA_001/20220921_090000.WAV,Telephone Field,recover-20220922,001,1795
350.5185,350.5579,68437,81749,Rhinolophus ferrumequinum,0.022,0.022,-1,Echolocation,/mnt/ubna_data_02_mir/recover-20220922/UBNA_001/20220921_090000.WAV,Telephone Field,recover-20220922,001,1795
350.5195,350.5247,47812,56470,Pipistrellus pipistrellus,0.512,0.528,-1,Echolocation,/mnt/ubna_data_02_mir/recover-20220922/UBNA_001/20220921_090000.WAV,Telephone Field,recover-20220922,001,1795
350.5195,350.5249,32343,66946,Myotis daubentonii,0.016,0.045,-1,Echolocation,/mnt/ubna_data_02_mir/recover-20220922/UBNA_001/20220921_090000.WAV,Telephone Field,recover-20220922,001,1795
350.5245,350.5614,68437,80772,Rhinolophus ferrumequinum,0.022,0.022,-1,Echolocation,/mnt/ubna_data_02_mir/recover-20220922/UBNA_001/20220921_090000.WAV,Telephone Field,recover-20220922,001,1795
350.5475,350.5849,68437,81479,Rhinolophus ferrumequinum,0.023,0.023,-1,Echolocation,/mnt/ubna_data_02_mir/recover-20220922/UBNA_001/20220921_090000.WAV,Telephone Field,recover-20220922,001,1795
350.5885,350.6273,68437,81732,Rhinolophus ferrumequinum,0.021,0.021,-1,Echolocation,/mnt/ubna_data_02_mir/recover-20220922/UBNA_001/20220921_090000.WAV,Telephone Field,recover-20220922,001,1795
350.5905,350.5996,27187,35265,Eptesicus serotinus,0.012,0.035,-1,Echolocation,/mnt/ubna_data_02_mir/recover-20220922/UBNA_001/20220921_090000.WAV,Telephone Field,recover-20220922,001,1795
350.5975,350.6354,68437,82417,Rhinolophus ferrumequinum,0.027,0.027,-1,Echolocation,/mnt/ubna_data_02_mir/recover-20220922/UBNA_001/20220921_090000.WAV,Telephone Field,recover-20220922,001,1795
350.6175,350.626,28046,38458,Eptesicus serotinus,0.007,0.021,-1,Echolocation,/mnt/ubna_data_02_mir/recover-20220922/UBNA_001/20220921_090000.WAV,Telephone Field,recover-20220922,001,1795
350.6385,350.6564,23750,27743,Nyctalus leisleri,0.024,0.043,-1,Echolocation,/mnt/ubna_data_02_mir/recover-20220922/UBNA_001/20220921_090000.WAV,Telephone Field,recover-20220922,001,1795
350.6395,350.6812,68437,82557,Rhinolophus ferrumequinum,0.024,0.024,-1,Echolocation,/mnt/ubna_data_02_mir/recover-20220922/UBNA_001/20220921_090000.WAV,Telephone Field,recover-20220922,001,1795
350.66949999999997,350.711,68437,82542,Rhinolophus ferrumequinum,0.022,0.022,-1,Echolocation,/mnt/ubna_data_02_mir/recover-20220922/UBNA_001/20220921_090000.WAV,Telephone Field,recover-20220922,001,1795
350.6895,350.6979,22890,29561,Plecotus austriacus,0.012,0.027,-1,Echolocation,/mnt/ubna_data_02_mir/recover-20220922/UBNA_001/20220921_090000.WAV,Telephone Field,recover-20220922,001,1795
350.6975,350.7363,68437,82244,Rhinolophus ferrumequinum,0.029,0.029,-1,Echolocation,/mnt/ubna_data_02_mir/recover-20220922/UBNA_001/20220921_090000.WAV,Telephone Field,recover-20220922,001,1795
350.7345,350.7752,68437,82615,Rhinolophus ferrumequinum,0.022,0.022,-1,Echolocation,/mnt/ubna_data_02_mir/recover-20220922/UBNA_001/20220921_090000.WAV,Telephone Field,recover-20220922,001,1795
350.7415,350.7488,46093,50272,Pipistrellus pipistrellus,0.024,0.025,-1,Echolocation,/mnt/ubna_data_02_mir/recover-20220922/UBNA_001/20220921_090000.WAV,Telephone Field,recover-20220922,001,1795
350.7515,350.7617,22890,27864,Nyctalus leisleri,0.011,0.023,-1,Echolocation,/mnt/ubna_data_02_mir/recover-20220922/UBNA_001/20220921_090000.WAV,Telephone Field,recover-20220922,001,1795
350.7675,350.8045,68437,81951,Rhinolophus ferrumequinum,0.022,0.022,-1,Echolocation,/mnt/ubna_data_02_mir/recover-20220922/UBNA_001/20220921_090000.WAV,Telephone Field,recover-20220922,001,1795
350.7735,350.8109,68437,81851,Rhinolophus ferrumequinum,0.021,0.021,-1,Echolocation,/mnt/ubna_data_02_mir/recover-20220922/UBNA_001/20220921_090000.WAV,Telephone Field,recover-20220922,001,1795
350.7785,350.7866,23750,31360,Plecotus austriacus,0.01,0.024,-1,Echolocation,/mnt/ubna_data_02_mir/recover-20220922/UBNA_001/20220921_090000.WAV,Telephone Field,recover-20220922,001,1795
350.7875,350.8259,68437,81528,Rhinolophus ferrumequinum,0.021,0.021,-1,Echolocation,/mnt/ubna_data_02_mir/recover-20220922/UBNA_001/20220921_090000.WAV,Telephone Field,recover-20220922,001,1795
350.7885,350.7932,46093,56919,Pipistrellus pipistrellus,0.426,0.456,-1,Echolocation,/mnt/ubna_data_02_mir/recover-20220922/UBNA_001/20220921_090000.WAV,Telephone Field,recover-20220922,001,1795
350.7885,350.7937,34062,70892,Myotis mystacinus,0.022,0.048,-1,Echolocation,/mnt/ubna_data_02_mir/recover-20220922/UBNA_001/20220921_090000.WAV,Telephone Field,recover-20220922,001,1795
350.8385,350.8556,55546,60480,Pipistrellus pygmaeus,0.029,0.032,-1,Echolocation,/mnt/ubna_data_02_mir/recover-20220922/UBNA_001/20220921_090000.WAV,Telephone Field,recover-20220922,001,1795
350.8725,350.8803,27187,39704,Eptesicus serotinus,0.007,0.022,-1,Echolocation,/mnt/ubna_data_02_mir/recover-20220922/UBNA_001/20220921_090000.WAV,Telephone Field,recover-20220922,001,1795
350.8875,350.8956,27187,36825,Eptesicus serotinus,0.02,0.044,-1,Echolocation,/mnt/ubna_data_02_mir/recover-20220922/UBNA_001/20220921_090000.WAV,Telephone Field,recover-20220922,001,1795
350.89549999999997,350.9357,68437,82375,Rhinolophus ferrumequinum,0.022,0.022,-1,Echolocation,/mnt/ubna_data_02_mir/recover-20220922/UBNA_001/20220921_090000.WAV,Telephone Field,recover-20220922,001,1795
350.9005,350.9414,68437,82635,Rhinolophus ferrumequinum,0.022,0.022,-1,Echolocation,/mnt/ubna_data_02_mir/recover-20220922/UBNA_001/20220921_090000.WAV,Telephone Field,recover-20220922,001,1795
350.91949999999997,350.9249,25468,36367,Plecotus austriacus,0.023,0.044,-1,Echolocation,/mnt/ubna_data_02_mir/recover-20220922/UBNA_001/20220921_090000.WAV,Telephone Field,recover-20220922,001,1795
350.9205,350.9609,68437,82473,Rhinolophus ferrumequinum,0.023,0.023,-1,Echolocation,/mnt/ubna_data_02_mir/recover-20220922/UBNA_001/20220921_090000.WAV,Telephone Field,recover-20220922,001,1795
350.9255,350.96659999999997,68437,82510,Rhinolophus ferrumequinum,0.023,0.023,-1,Echolocation,/mnt/ubna_data_02_mir/recover-20220922/UBNA_001/20220921_090000.WAV,Telephone Field,recover-20220922,001,1795
350.97950000000003,350.9848,35781,68616,Myotis mystacinus,0.018,0.041,-1,Echolocation,/mnt/ubna_data_02_mir/recover-20220922/UBNA_001/20220921_090000.WAV,Telephone Field,recover-20220922,001,1795
350.9805,350.9854,47812,58381,Pipistrellus pipistrellus,0.394,0.418,-1,Echolocation,/mnt/ubna_data_02_mir/recover-20220922/UBNA_001/20220921_090000.WAV,Telephone Field,recover-20220922,001,1795
351.0085,351.0516,68437,83062,Rhinolophus ferrumequinum,0.025,0.025,-1,Echolocation,/mnt/ubna_data_02_mir/recover-20220922/UBNA_001/20220921_090000.WAV,Telephone Field,recover-20220922,001,1795
351.0145,351.0243,28046,36946,Eptesicus serotinus,0.01,0.024,-1,Echolocation,/mnt/ubna_data_02_mir/recover-20220922/UBNA_001/20220921_090000.WAV,Telephone Field,recover-20220922,001,1795
351.0655,351.0826,20312,23342,Nyctalus leisleri,0.015,0.025,-1,Echolocation,/mnt/ubna_data_02_mir/recover-20220922/UBNA_001/20220921_090000.WAV,Telephone Field,recover-20220922,001,1795
351.0775,351.1181,68437,82091,Rhinolophus ferrumequinum,0.024,0.024,-1,Echolocation,/mnt/ubna_data_02_mir/recover-20220922/UBNA_001/20220921_090000.WAV,Telephone Field,recover-20220922,001,1795
351.08050000000003,351.0894,28046,37074,Eptesicus serotinus,0.007,0.022,-1,Echolocation,/mnt/ubna_data_02_mir/recover-20220922/UBNA_001/20220921_090000.WAV,Telephone Field,recover-20220922,001,1795
351.1095,351.149,68437,82181,Rhinolophus ferrumequinum,0.022,0.022,-1,Echolocation,/mnt/ubna_data_02_mir/recover-20220922/UBNA_001/20220921_090000.WAV,Telephone Field,recover-20220922,001,1795
351.1095,351.1171,28906,39328,Eptesicus serotinus,0.007,0.024,-1,Echolocation,/mnt/ubna_data_02_mir/recover-20220922/UBNA_001/20220921_090000.WAV,Telephone Field,recover-20220922,001,1795
351.2135,351.2224,28906,36495,Eptesicus serotinus,0.008,0.025,-1,Echolocation,/mnt/ubna_data_02_mir/recover-20220922/UBNA_001/20220921_090000.WAV,Telephone Field,recover-20220922,001,1795
351.2535,351.2583,46093,56380,Pipistrellus pipistrellus,0.341,0.379,-1,Echolocation,/mnt/ubna_data_02_mir/recover-20220922/UBNA_001/20220921_090000.WAV,Telephone Field,recover-20220922,001,1795
351.2535,351.2916,68437,81806,Rhinolophus ferrumequinum,0.024,0.024,-1,Echolocation,/mnt/ubna_data_02_mir/recover-20220922/UBNA_001/20220921_090000.WAV,Telephone Field,recover-20220922,001,1795
351.2545,351.2596,31484,62466,Myotis daubentonii,0.02,0.042,-1,Echolocation,/mnt/ubna_data_02_mir/recover-20220922/UBNA_001/20220921_090000.WAV,Telephone Field,recover-20220922,001,1795
351.2895,351.3298,68437,82249,Rhinolophus ferrumequinum,0.022,0.022,-1,Echolocation,/mnt/ubna_data_02_mir/recover-20220922/UBNA_001/20220921_090000.WAV,Telephone Field,recover-20220922,001,1795
351.3715,351.3829,22031,26231,Nyctalus leisleri,0.019,0.032,-1,Echolocation,/mnt/ubna_data_02_mir/recover-20220922/UBNA_001/20220921_090000.WAV,Telephone Field,recover-20220922,001,1795
351.3725,351.3773,51250,60831,Pipistrellus pipistrellus,0.051,0.064,-1,Echolocation,/mnt/ubna_data_02_mir/recover-20220922/UBNA_001/20220921_090000.WAV,Telephone Field,recover-20220922,001,1795
351.3745,351.4159,68437,82861,Rhinolophus ferrumequinum,0.026,0.026,-1,Echolocation,/mnt/ubna_data_02_mir/recover-20220922/UBNA_001/20220921_090000.WAV,Telephone Field,recover-20220922,001,1795
351.4135,351.4498,68437,81412,Rhinolophus ferrumequinum,0.025,0.025,-1,Echolocation,/mnt/ubna_data_02_mir/recover-20220922/UBNA_001/20220921_090000.WAV,Telephone Field,recover-20220922,001,1795
351.4175,351.4252,28046,38851,Eptesicus serotinus,0.007,0.024,-1,Echolocation,/mnt/ubna_data_02_mir/recover-20220922/UBNA_001/20220921_090000.WAV,Telephone Field,recover-20220922,001,1795
351.4515,351.4591,55546,60324,Pipistrellus pygmaeus,0.025,0.028,-1,Echolocation,/mnt/ubna_data_02_mir/recover-20220922/UBNA_001/20220921_090000.WAV,Telephone Field,recover-20220922,001,1795
351.4675,351.507,68437,81608,Rhinolophus ferrumequinum,0.048,0.048,-1,Echolocation,/mnt/ubna_data_02_mir/recover-20220922/UBNA_001/20220921_090000.WAV,Telephone Field,recover-20220922,001,1795
351.4755,351.5113,68437,81563,Rhinolophus ferrumequinum,0.021,0.021,-1,Echolocation,/mnt/ubna_data_02_mir/recover-20220922/UBNA_001/20220921_090000.WAV,Telephone Field,recover-20220922,001,1795
351.4865,351.4956,28046,37433,Eptesicus serotinus,0.008,0.022,-1,Echolocation,/mnt/ubna_data_02_mir/recover-20220922/UBNA_001/20220921_090000.WAV,Telephone Field,recover-20220922,001,1795
351.4875,351.5268,68437,82064,Rhinolophus ferrumequinum,0.024,0.024,-1,Echolocation,/mnt/ubna_data_02_mir/recover-20220922/UBNA_001/20220921_090000.WAV,Telephone Field,recover-20220922,001,1795
351.4935,351.5311,68437,82148,Rhinolophus ferrumequinum,0.025,0.025,-1,Echolocation,/mnt/ubna_data_02_mir/recover-20220922/UBNA_001/20220921_090000.WAV,Telephone Field,recover-20220922,001,1795
351.5245,351.5641,68437,81948,Rhinolophus ferrumequinum,0.027,0.027,-1,Echolocation,/mnt/ubna_data_02_mir/recover-20220922/UBNA_001/20220921_090000.WAV,Telephone Field,recover-20220922,001,1795
351.5275,351.5354,27187,37209,Myotis daubentonii,0.005,0.023,-1,Echolocation,/mnt/ubna_data_02_mir/recover-20220922/UBNA_001/20220921_090000.WAV,Telephone Field,recover-20220922,001,1795
351.5285,351.5347,46953,54044,Pipistrellus pipistrellus,0.086,0.089,-1,Echolocation,/mnt/ubna_data_02_mir/recover-20220922/UBNA_001/20220921_090000.WAV,Telephone Field,recover-20220922,001,1795
351.5705,351.6109,68437,82025,Rhinolophus ferrumequinum,0.022,0.022,-1,Echolocation,/mnt/ubna_data_02_mir/recover-20220922/UBNA_001/20220921_090000.WAV,Telephone Field,recover-20220922,001,1795
351.5715,351.5781,27187,42126,Myotis nattereri,0.007,0.028,-1,Echolocation,/mnt/ubna_data_02_mir/recover-20220922/UBNA_001/20220921_090000.WAV,Telephone Field,recover-20220922,001,1795
351.5895,351.6317,68437,83300,Rhinolophus ferrumequinum,0.032,0.032,-1,Echolocation,/mnt/ubna_data_02_mir/recover-20220922/UBNA_001/20220921_090000.WAV,Telephone Field,recover-20220922,001,1795
351.6085,351.6501,68437,82686,Rhinolophus ferrumequinum,0.023,0.023,-1,Echolocation,/mnt/ubna_data_02_mir/recover-20220922/UBNA_001/20220921_090000.WAV,Telephone Field,recover-20220922,001,1795
351.6495,351.69,68437,82438,Rhinolophus ferrumequinum,0.025,0.025,-1,Echolocation,/mnt/ubna_data_02_mir/recover-20220922/UBNA_001/20220921_090000.WAV,Telephone Field,recover-20220922,001,1795
351.6555,351.6968,68437,82267,Rhinolophus ferrumequinum,0.025,0.025,-1,Echolocation,/mnt/ubna_data_02_mir/recover-20220922/UBNA_001/20220921_090000.WAV,Telephone Field,recover-20220922,001,1795
351.7005,351.7366,68437,81522,Rhinolophus ferrumequinum,0.022,0.022,-1,Echolocation,/mnt/ubna_data_02_mir/recover-20220922/UBNA_001/20220921_090000.WAV,Telephone Field,recover-20220922,001,1795
351.70550000000003,351.7167,40937,45529,Pipistrellus pipistrellus,0.01,0.026,-1,Echolocation,/mnt/ubna_data_02_mir/recover-20220922/UBNA_001/20220921_090000.WAV,Telephone Field,recover-20220922,001,1795
351.7385,351.779,68437,82473,Rhinolophus ferrumequinum,0.021,0.021,-1,Echolocation,/mnt/ubna_data_02_mir/recover-20220922/UBNA_001/20220921_090000.WAV,Telephone Field,recover-20220922,001,1795
351.7735,351.7848,23750,29153,Nyctalus leisleri,0.012,0.026,-1,Echolocation,/mnt/ubna_data_02_mir/recover-20220922/UBNA_001/20220921_090000.WAV,Telephone Field,recover-20220922,001,1795
351.7915,351.829,68437,82147,Rhinolophus ferrumequinum,0.024,0.024,-1,Echolocation,/mnt/ubna_data_02_mir/recover-20220922/UBNA_001/20220921_090000.WAV,Telephone Field,recover-20220922,001,1795
351.8045,351.813,27187,36362,Eptesicus serotinus,0.007,0.021,-1,Echolocation,/mnt/ubna_data_02_mir/recover-20220922/UBNA_001/20220921_090000.WAV,Telephone Field,recover-20220922,001,1795
351.8215,351.8584,68437,81465,Rhinolophus ferrumequinum,0.023,0.023,-1,Echolocation,/mnt/ubna_data_02_mir/recover-20220922/UBNA_001/20220921_090000.WAV,Telephone Field,recover-20220922,001,1795
351.8375,351.8783,68437,82219,Rhinolophus ferrumequinum,0.024,0.024,-1,Echolocation,/mnt/ubna_data_02_mir/recover-20220922/UBNA_001/20220921_090000.WAV,Telephone Field,recover-20220922,001,1795
351.8565,351.8664,22890,28276,Nyctalus leisleri,0.01,0.022,-1,Echolocation,/mnt/ubna_data_02_mir/recover-20220922/UBNA_001/20220921_090000.WAV,Telephone Field,recover-20220922,001,1795
351.8575,351.8649,46953,56570,Pipistrellus pipistrellus,0.015,0.023,-1,Echolocation,/mnt/ubna_data_02_mir/recover-20220922/UBNA_001/20220921_090000.WAV,Telephone Field,recover-20220922,001,1795
351.8765,351.9165,68437,82731,Rhinolophus ferrumequinum,0.022,0.022,-1,Echolocation,/mnt/ubna_data_02_mir/recover-20220922/UBNA_001/20220921_090000.WAV,Telephone Field,recover-20220922,001,1795
351.8915,351.8965,47812,56173,Pipistrellus pipistrellus,0.436,0.445,-1,Echolocation,/mnt/ubna_data_02_mir/recover-20220922/UBNA_001/20220921_090000.WAV,Telephone Field,recover-20220922,001,1795
351.8915,351.8967,35781,65942,Myotis mystacinus,0.02,0.044,-1,Echolocation,/mnt/ubna_data_02_mir/recover-20220922/UBNA_001/20220921_090000.WAV,Telephone Field,recover-20220922,001,1795
351.8925,351.928,68437,81007,Rhinolophus ferrumequinum,0.021,0.021,-1,Echolocation,/mnt/ubna_data_02_mir/recover-20220922/UBNA_001/20220921_090000.WAV,Telephone Field,recover-20220922,001,1795
351.8975,351.9358,68437,81408,Rhinolophus ferrumequinum,0.021,0.021,-1,Echolocation,/mnt/ubna_data_02_mir/recover-20220922/UBNA_001/20220921_090000.WAV,Telephone Field,recover-20220922,001,1795
351.9225,351.93,27187,36460,Eptesicus serotinus,0.008,0.024,-1,Echolocation,/mnt/ubna_data_02_mir/recover-20220922/UBNA_001/20220921_090000.WAV,Telephone Field,recover-20220922,001,1795
351.9415,351.9488,28046,38937,Eptesicus serotinus,0.007,0.025,-1,Echolocation,/mnt/ubna_data_02_mir/recover-20220922/UBNA_001/20220921_090000.WAV,Telephone Field,recover-20220922,001,1795
351.9445,351.986,68437,82450,Rhinolophus ferrumequinum,0.026,0.026,-1,Echolocation,/mnt/ubna_data_02_mir/recover-20220922/UBNA_001/20220921_090000.WAV,Telephone Field,recover-20220922,001,1795
352.0015,352.0376,68437,80389,Rhinolophus ferrumequinum,0.075,0.076,-1,Echolocation,/mnt/ubna_data_02_mir/recover-20220922/UBNA_001/20220921_090000.WAV,Telephone Field,recover-20220922,001,1795
352.0015,352.0133,24609,31674,Nyctalus leisleri,0.014,0.035,-1,Echolocation,/mnt/ubna_data_02_mir/recover-20220922/UBNA_001/20220921_090000.WAV,Telephone Field,recover-20220922,001,1795
352.0075,352.0527,68437,83140,Rhinolophus ferrumequinum,0.035,0.035,-1,Echolocation,/mnt/ubna_data_02_mir/recover-20220922/UBNA_001/20220921_090000.WAV,Telephone Field,recover-20220922,001,1795
352.0355,352.04449999999997,28046,36946,Eptesicus serotinus,0.009,0.023,-1,Echolocation,/mnt/ubna_data_02_mir/recover-20220922/UBNA_001/20220921_090000.WAV,Telephone Field,recover-20220922,001,1795
352.0545,352.0926,68437,82149,Rhinolophus ferrumequinum,0.021,0.021,-1,Echolocation,/mnt/ubna_data_02_mir/recover-20220922/UBNA_001/20220921_090000.WAV,Telephone Field,recover-20220922,001,1795
352.0825,352.1207,68437,81775,Rhinolophus ferrumequinum,0.022,0.022,-1,Echolocation,/mnt/ubna_data_02_mir/recover-20220922/UBNA_001/20220921_090000.WAV,Telephone Field,recover-20220922,001,1795
352.0885,352.098,55546,60779,Pipistrellus pygmaeus,0.021,0.022,-1,Echolocation,/mnt/ubna_data_02_mir/recover-20220922/UBNA_001/20220921_090000.WAV,Telephone Field,recover-20220922,001,1795
352.1125,352.1496,68437,82120,Rhinolophus ferrumequinum,0.025,0.025,-1,Echolocation,/mnt/ubna_data_02_mir/recover-20220922/UBNA_001/20220921_090000.WAV,Telephone Field,recover-20220922,001,1795
352.1125,352.1298,22031,25566,Nyctalus leisleri,0.019,0.034,-1,Echolocation,/mnt/ubna_data_02_mir/recover-20220922/UBNA_001/20220921_090000.WAV,Telephone Field,recover-20220922,001,1795
352.1315,352.1702,68437,81581,Rhinolophus ferrumequinum,0.024,0.024,-1,Echolocation,/mnt/ubna_data_02_mir/recover-20220922/UBNA_001/20220921_090000.WAV,Telephone Field,recover-20220922,001,1795
352.14549999999997,352.1544,25468,34549,Nyctalus leisleri,0.007,0.028,-1,Echolocation,/mnt/ubna_data_02_mir/recover-20220922/UBNA_001/20220921_090000.WAV,Telephone Field,recover-20220922,001,1795
352.1545,352.19010000000003,68437,81685,Rhinolophus ferrumequinum,0.021,0.021,-1,Echolocation,/mnt/ubna_data_02_mir/recover-20220922/UBNA_001/20220921_090000.WAV,Telephone Field,recover-20220922,001,1795
352.1545,352.1693,22890,27003,Nyctalus leisleri,0.019,0.031,-1,Echolocation,/mnt/ubna_data_02_mir/recover-20220922/UBNA_001/20220921_090000.WAV,Telephone Field,recover-20220922,001,1795
352.1675,352.207,68437,82596,Rhinolophus ferrumequinum,0.021,0.021,-1,Echolocation,/mnt/ubna_data_02_mir/recover-20220922/UBNA_001/20220921_090000.WAV,Telephone Field,recover-20220922,001,1795
352.1755,352.1811,46093,51832,Pipistrellus pipistrellus,0.06,0.063,-1,Echolocation,/mnt/ubna_data_02_mir/recover-20220922/UBNA_001/20220921_090000.WAV,Telephone Field,recover-20220922,001,1795
352.1875,352.2225,68437,81148,Rhinolophus ferrumequinum,0.021,0.021,-1,Echolocation,/mnt/ubna_data_02_mir/recover-20220922/UBNA_001/20220921_090000.WAV,Telephone Field,recover-20220922,001,1795
352.1965,352.2317,68437,80801,Rhinolophus ferrumequinum,0.021,0.021,-1,Echolocation,/mnt/ubna_data_02_mir/recover-20220922/UBNA_001/20220921_090000.WAV,Telephone Field,recover-20220922,001,1795
352.2045,352.2408,68437,81076,Rhinolophus ferrumequinum,0.022,0.022,-1,Echolocation,/mnt/ubna_data_02_mir/recover-20220922/UBNA_001/20220921_090000.WAV,Telephone Field,recover-20220922,001,1795
352.2185,352.253,68437,81061,Rhinolophus ferrumequinum,0.021,0.022,-1,Echolocation,/mnt/ubna_data_02_mir/recover-20220922/UBNA_001/20220921_090000.WAV,Telephone Field,recover-20220922,001,1795
352.2435,352.2826,68437,81855,Rhinolophus ferrumequinum,0.023,0.023,-1,Echolocation,/mnt/ubna_data_02_mir/recover-20220922/UBNA_001/20220921_090000.WAV,Telephone Field,recover-20220922,001,1795
352.2555,352.2964,68437,82079,Rhinolophus ferrumequinum,0.023,0.024,-1,Echolocation,/mnt/ubna_data_02_mir/recover-20220922/UBNA_001/20220921_090000.WAV,Telephone Field,recover-20220922,001,1795
352.2745,352.3116,68437,81627,Rhinolophus ferrumequinum,0.021,0.021,-1,Echolocation,/mnt/ubna_data_02_mir/recover-20220922/UBNA_001/20220921_090000.WAV,Telephone Field,recover-20220922,001,1795
352.2765,352.2857,22890,28947,Nyctalus leisleri,0.008,0.022,-1,Echolocation,/mnt/ubna_data_02_mir/recover-20220922/UBNA_001/20220921_090000.WAV,Telephone Field,recover-20220922,001,1795
352.3085,352.3464,68437,82279,Rhinolophus ferrumequinum,0.023,0.023,-1,Echolocation,/mnt/ubna_data_02_mir/recover-20220922/UBNA_001/20220921_090000.WAV,Telephone Field,recover-20220922,001,1795
352.3135,352.3241,14296,21903,Nyctalus noctula,0.01,0.023,-1,Echolocation,/mnt/ubna_data_02_mir/recover-20220922/UBNA_001/20220921_090000.WAV,Telephone Field,recover-20220922,001,1795
352.3215,352.3324,28906,37453,Eptesicus serotinus,0.012,0.025,-1,Echolocation,/mnt/ubna_data_02_mir/recover-20220922/UBNA_001/20220921_090000.WAV,Telephone Field,recover-20220922,001,1795
352.3385,352.3476,28046,40617,Eptesicus serotinus,0.009,0.022,-1,Echolocation,/mnt/ubna_data_02_mir/recover-20220922/UBNA_001/20220921_090000.WAV,Telephone Field,recover-20220922,001,1795
352.3455,352.3522,46093,50813,Pipistrellus pipistrellus,0.067,0.071,-1,Echolocation,/mnt/ubna_data_02_mir/recover-20220922/UBNA_001/20220921_090000.WAV,Telephone Field,recover-20220922,001,1795
352.3495,352.3897,68437,82448,Rhinolophus ferrumequinum,0.023,0.023,-1,Echolocation,/mnt/ubna_data_02_mir/recover-20220922/UBNA_001/20220921_090000.WAV,Telephone Field,recover-20220922,001,1795
352.3555,352.3959,68437,82264,Rhinolophus ferrumequinum,0.023,0.023,-1,Echolocation,/mnt/ubna_data_02_mir/recover-20220922/UBNA_001/20220921_090000.WAV,Telephone Field,recover-20220922,001,1795
352.3665,352.4039,68437,82047,Rhinolophus ferrumequinum,0.024,0.024,-1,Echolocation,/mnt/ubna_data_02_mir/recover-20220922/UBNA_001/20220921_090000.WAV,Telephone Field,recover-20220922,001,1795
352.4135,352.4506,68437,81480,Rhinolophus ferrumequinum,0.023,0.023,-1,Echolocation,/mnt/ubna_data_02_mir/recover-20220922/UBNA_001/20220921_090000.WAV,Telephone Field,recover-20220922,001,1795
352.4325,352.4702,68437,82244,Rhinolophus ferrumequinum,0.023,0.023,-1,Echolocation,/mnt/ubna_data_02_mir/recover-20220922/UBNA_001/20220921_090000.WAV,Telephone Field,recover-20220922,001,1795
352.4385,352.4769,68437,82422,Rhinolophus ferrumequinum,0.023,0.023,-1,Echolocation,/mnt/ubna_data_02_mir/recover-20220922/UBNA_001/20220921_090000.WAV,Telephone Field,recover-20220922,001,1795
352.5375,352.5775,68437,82624,Rhinolophus ferrumequinum,0.024,0.024,-1,Echolocation,/mnt/ubna_data_02_mir/recover-20220922/UBNA_001/20220921_090000.WAV,Telephone Field,recover-20220922,001,1795
352.5395,352.5473,27187,39385,Eptesicus serotinus,0.007,0.021,-1,Echolocation,/mnt/ubna_data_02_mir/recover-20220922/UBNA_001/20220921_090000.WAV,Telephone Field,recover-20220922,001,1795
352.54449999999997,352.5826,68437,81800,Rhinolophus ferrumequinum,0.022,0.022,-1,Echolocation,/mnt/ubna_data_02_mir/recover-20220922/UBNA_001/20220921_090000.WAV,Telephone Field,recover-20220922,001,1795
352.5575,352.5937,68437,82246,Rhinolophus ferrumequinum,0.021,0.022,-1,Echolocation,/mnt/ubna_data_02_mir/recover-20220922/UBNA_001/20220921_090000.WAV,Telephone Field,recover-20220922,001,1795
352.5655,352.5853,19453,22474,Nyctalus leisleri,0.016,0.032,-1,Echolocation,/mnt/ubna_data_02_mir/recover-20220922/UBNA_001/20220921_090000.WAV,Telephone Field,recover-20220922,001,1795
352.5655,352.6042,68437,82457,Rhinolophus ferrumequinum,0.023,0.023,-1,Echolocation,/mnt/ubna_data_02_mir/recover-20220922/UBNA_001/20220921_090000.WAV,Telephone Field,recover-20220922,001,1795
352.5775,352.5845,27187,39991,Eptesicus serotinus,0.006,0.026,-1,Echolocation,/mnt/ubna_data_02_mir/recover-20220922/UBNA_001/20220921_090000.WAV,Telephone Field,recover-20220922,001,1795
352.58050000000003,352.5879,45234,49777,Pipistrellus pipistrellus,0.025,0.026,-1,Echolocation,/mnt/ubna_data_02_mir/recover-20220922/UBNA_001/20220921_090000.WAV,Telephone Field,recover-20220922,001,1795
352.5965,352.6043,24609,33503,Plecotus austriacus,0.009,0.025,-1,Echolocation,/mnt/ubna_data_02_mir/recover-20220922/UBNA_001/20220921_090000.WAV,Telephone Field,recover-20220922,001,1795
352.6075,352.6502,68437,83264,Rhinolophus ferrumequinum,0.029,0.029,-1,Echolocation,/mnt/ubna_data_02_mir/recover-20220922/UBNA_001/20220921_090000.WAV,Telephone Field,recover-20220922,001,1795
352.6525,352.6918,68437,82714,Rhinolophus ferrumequinum,0.03,0.03,-1,Echolocation,/mnt/ubna_data_02_mir/recover-20220922/UBNA_001/20220921_090000.WAV,Telephone Field,recover-20220922,001,1795
352.6755,352.7115,68437,81660,Rhinolophus ferrumequinum,0.032,0.032,-1,Echolocation,/mnt/ubna_data_02_mir/recover-20220922/UBNA_001/20220921_090000.WAV,Telephone Field,recover-20220922,001,1795
352.6785,352.6877,28906,37643,Eptesicus serotinus,0.011,0.026,-1,Echolocation,/mnt/ubna_data_02_mir/recover-20220922/UBNA_001/20220921_090000.WAV,Telephone Field,recover-20220922,001,1795
352.7025,352.7435,68437,82154,Rhinolophus ferrumequinum,0.025,0.025,-1,Echolocation,/mnt/ubna_data_02_mir/recover-20220922/UBNA_001/20220921_090000.WAV,Telephone Field,recover-20220922,001,1795
352.7335,352.7742,68437,82977,Rhinolophus ferrumequinum,0.023,0.023,-1,Echolocation,/mnt/ubna_data_02_mir/recover-20220922/UBNA_001/20220921_090000.WAV,Telephone Field,recover-20220922,001,1795
352.7665,352.7765,22890,29257,Nyctalus leisleri,0.009,0.024,-1,Echolocation,/mnt/ubna_data_02_mir/recover-20220922/UBNA_001/20220921_090000.WAV,Telephone Field,recover-20220922,001,1795
352.7675,352.8069,68437,82362,Rhinolophus ferrumequinum,0.021,0.021,-1,Echolocation,/mnt/ubna_data_02_mir/recover-20220922/UBNA_001/20220921_090000.WAV,Telephone Field,recover-20220922,001,1795
352.7775,352.8174,68437,82510,Rhinolophus ferrumequinum,0.023,0.023,-1,Echolocation,/mnt/ubna_data_02_mir/recover-20220922/UBNA_001/20220921_090000.WAV,Telephone Field,recover-20220922,001,1795
352.7845,352.8245,68437,82457,Rhinolophus ferrumequinum,0.023,0.023,-1,Echolocation,/mnt/ubna_data_02_mir/recover-20220922/UBNA_001/20220921_090000.WAV,Telephone Field,recover-20220922,001,1795
352.8325,352.84069999999997,27187,39228,Eptesicus serotinus,0.008,0.021,-1,Echolocation,/mnt/ubna_data_02_mir/recover-20220922/UBNA_001/20220921_090000.WAV,Telephone Field,recover-20220922,001,1795
352.8335,352.8725,68437,82124,Rhinolophus ferrumequinum,0.029,0.029,-1,Echolocation,/mnt/ubna_data_02_mir/recover-20220922/UBNA_001/20220921_090000.WAV,Telephone Field,recover-20220922,001,1795
352.8515,352.8627,25468,32845,Eptesicus serotinus,0.016,0.033,-1,Echolocation,/mnt/ubna_data_02_mir/recover-20220922/UBNA_001/20220921_090000.WAV,Telephone Field,recover-20220922,001,1795
352.8685,352.902,68437,80881,Rhinolophus ferrumequinum,0.033,0.033,-1,Echolocation,/mnt/ubna_data_02_mir/recover-20220922/UBNA_001/20220921_090000.WAV,Telephone Field,recover-20220922,001,1795
352.8865,352.8941,28046,39259,Eptesicus serotinus,0.01,0.029,-1,Echolocation,/mnt/ubna_data_02_mir/recover-20220922/UBNA_001/20220921_090000.WAV,Telephone Field,recover-20220922,001,1795
352.8895,352.9008,56406,61281,Pipistrellus pygmaeus,0.022,0.022,-1,Echolocation,/mnt/ubna_data_02_mir/recover-20220922/UBNA_001/20220921_090000.WAV,Telephone Field,recover-20220922,001,1795
352.9055,352.9185,31484,38260,Eptesicus serotinus,0.012,0.026,-1,Echolocation,/mnt/ubna_data_02_mir/recover-20220922/UBNA_001/20220921_090000.WAV,Telephone Field,recover-20220922,001,1795
352.9595,352.9667,28046,39631,Eptesicus serotinus,0.009,0.027,-1,Echolocation,/mnt/ubna_data_02_mir/recover-20220922/UBNA_001/20220921_090000.WAV,Telephone Field,recover-20220922,001,1795
352.9715,353.0101,68437,82644,Rhinolophus ferrumequinum,0.023,0.023,-1,Echolocation,/mnt/ubna_data_02_mir/recover-20220922/UBNA_001/20220921_090000.WAV,Telephone Field,recover-20220922,001,1795
353.0025,353.04110000000003,68437,82024,Rhinolophus ferrumequinum,0.021,0.021,-1,Echolocation,/mnt/ubna_data_02_mir/recover-20220922/UBNA_001/20220921_090000.WAV,Telephone Field,recover-20220922,001,1795
353.0705,353.113,68437,82759,Rhinolophus ferrumequinum,0.042,0.042,-1,Echolocation,/mnt/ubna_data_02_mir/recover-20220922/UBNA_001/20220921_090000.WAV,Telephone Field,recover-20220922,001,1795
353.1015,353.1395,68437,81660,Rhinolophus ferrumequinum,0.021,0.021,-1,Echolocation,/mnt/ubna_data_02_mir/recover-20220922/UBNA_001/20220921_090000.WAV,Telephone Field,recover-20220922,001,1795
353.10450000000003,353.1231,20312,24400,Nyctalus noctula,0.018,0.034,-1,Echolocation,/mnt/ubna_data_02_mir/recover-20220922/UBNA_001/20220921_090000.WAV,Telephone Field,recover-20220922,001,1795
353.1265,353.1673,68437,82143,Rhinolophus ferrumequinum,0.024,0.024,-1,Echolocation,/mnt/ubna_data_02_mir/recover-20220922/UBNA_001/20220921_090000.WAV,Telephone Field,recover-20220922,001,1795
353.1405,353.1827,68437,82542,Rhinolophus ferrumequinum,0.024,0.024,-1,Echolocation,/mnt/ubna_data_02_mir/recover-20220922/UBNA_001/20220921_090000.WAV,Telephone Field,recover-20220922,001,1795
353.1735,353.2159,68437,83021,Rhinolophus ferrumequinum,0.028,0.028,-1,Echolocation,/mnt/ubna_data_02_mir/recover-20220922/UBNA_001/20220921_090000.WAV,Telephone Field,recover-20220922,001,1795
353.1865,353.2288,68437,82579,Rhinolophus ferrumequinum,0.023,0.023,-1,Echolocation,/mnt/ubna_data_02_mir/recover-20220922/UBNA_001/20220921_090000.WAV,Telephone Field,recover-20220922,001,1795
353.1965,353.2071,24609,30311,Nyctalus leisleri,0.009,0.022,-1,Echolocation,/mnt/ubna_data_02_mir/recover-20220922/UBNA_001/20220921_090000.WAV,Telephone Field,recover-20220922,001,1795
353.2065,353.2486,68437,82298,Rhinolophus ferrumequinum,0.023,0.023,-1,Echolocation,/mnt/ubna_data_02_mir/recover-20220922/UBNA_001/20220921_090000.WAV,Telephone Field,recover-20220922,001,1795
353.2315,353.243,28906,35269,Eptesicus serotinus,0.014,0.027,-1,Echolocation,/mnt/ubna_data_02_mir/recover-20220922/UBNA_001/20220921_090000.WAV,Telephone Field,recover-20220922,001,1795
353.2375,353.2784,68437,82402,Rhinolophus ferrumequinum,0.032,0.032,-1,Echolocation,/mnt/ubna_data_02_mir/recover-20220922/UBNA_001/20220921_090000.WAV,Telephone Field,recover-20220922,001,1795
353.2765,353.3145,68437,81529,Rhinolophus ferrumequinum,0.024,0.024,-1,Echolocation,/mnt/ubna_data_02_mir/recover-20220922/UBNA_001/20220921_090000.WAV,Telephone Field,recover-20220922,001,1795
353.2765,353.29,44375,48273,Pipistrellus pipistrellus,0.041,0.045,-1,Echolocation,/mnt/ubna_data_02_mir/recover-20220922/UBNA_001/20220921_090000.WAV,Telephone Field,recover-20220922,001,1795
353.3315,353.3403,28046,39681,Eptesicus serotinus,0.009,0.027,-1,Echolocation,/mnt/ubna_data_02_mir/recover-20220922/UBNA_001/20220921_090000.WAV,Telephone Field,recover-20220922,001,1795
353.3325,353.3775,68437,83216,Rhinolophus ferrumequinum,0.036,0.036,-1,Echolocation,/mnt/ubna_data_02_mir/recover-20220922/UBNA_001/20220921_090000.WAV,Telephone Field,recover-20220922,001,1795
353.3385,353.3471,28906,39036,Eptesicus serotinus,0.01,0.03,-1,Echolocation,/mnt/ubna_data_02_mir/recover-20220922/UBNA_001/20220921_090000.WAV,Telephone Field,recover-20220922,001,1795
353.3595,353.3688,25468,33312,Eptesicus serotinus,0.009,0.022,-1,Echolocation,/mnt/ubna_data_02_mir/recover-20220922/UBNA_001/20220921_090000.WAV,Telephone Field,recover-20220922,001,1795
353.3865,353.4243,68437,81644,Rhinolophus ferrumequinum,0.024,0.024,-1,Echolocation,/mnt/ubna_data_02_mir/recover-20220922/UBNA_001/20220921_090000.WAV,Telephone Field,recover-20220922,001,1795
353.39549999999997,353.4057,22890,29081,Nyctalus leisleri,0.008,0.021,-1,Echolocation,/mnt/ubna_data_02_mir/recover-20220922/UBNA_001/20220921_090000.WAV,Telephone Field,recover-20220922,001,1795
353.4095,353.4518,68437,83044,Rhinolophus ferrumequinum,0.027,0.027,-1,Echolocation,/mnt/ubna_data_02_mir/recover-20220922/UBNA_001/20220921_090000.WAV,Telephone Field,recover-20220922,001,1795
353.4465,353.4629,20312,23481,Nyctalus leisleri,0.014,0.023,-1,Echolocation,/mnt/ubna_data_02_mir/recover-20220922/UBNA_001/20220921_090000.WAV,Telephone Field,recover-20220922,001,1795
353.4725,353.4814,28046,38970,Eptesicus serotinus,0.008,0.021,-1,Echolocation,/mnt/ubna_data_02_mir/recover-20220922/UBNA_001/20220921_090000.WAV,Telephone Field,recover-20220922,001,1795
353.5455,353.5833,68437,81856,Rhinolophus ferrumequinum,0.024,0.024,-1,Echolocation,/mnt/ubna_data_02_mir/recover-20220922/UBNA_001/20220921_090000.WAV,Telephone Field,recover-20220922,001,1795
353.5655,353.60360000000003,68437,82019,Rhinolophus ferrumequinum,0.023,0.023,-1,Echolocation,/mnt/ubna_data_02_mir/recover-20220922/UBNA_001/20220921_090000.WAV,Telephone Field,recover-20220922,001,1795
353.5695,353.5811,26328,33319,Eptesicus serotinus,0.014,0.027,-1,Echolocation,/mnt/ubna_data_02_mir/recover-20220922/UBNA_001/20220921_090000.WAV,Telephone Field,recover-20220922,001,1795
353.5945,353.605,22890,28456,Nyctalus leisleri,0.01,0.023,-1,Echolocation,/mnt/ubna_data_02_mir/recover-20220922/UBNA_001/20220921_090000.WAV,Telephone Field,recover-20220922,001,1795
353.6165,353.6528,68437,81557,Rhinolophus ferrumequinum,0.021,0.021,-1,Echolocation,/mnt/ubna_data_02_mir/recover-20220922/UBNA_001/20220921_090000.WAV,Telephone Field,recover-20220922,001,1795
353.6305,353.6391,27187,38105,Eptesicus serotinus,0.008,0.022,-1,Echolocation,/mnt/ubna_data_02_mir/recover-20220922/UBNA_001/20220921_090000.WAV,Telephone Field,recover-20220922,001,1795
353.6375,353.6766,68437,81931,Rhinolophus ferrumequinum,0.026,0.026,-1,Echolocation,/mnt/ubna_data_02_mir/recover-20220922/UBNA_001/20220921_090000.WAV,Telephone Field,recover-20220922,001,1795
353.6825,353.723,68437,82609,Rhinolophus ferrumequinum,0.022,0.022,-1,Echolocation,/mnt/ubna_data_02_mir/recover-20220922/UBNA_001/20220921_090000.WAV,Telephone Field,recover-20220922,001,1795
353.6975,353.7336,68437,81472,Rhinolophus ferrumequinum,0.023,0.024,-1,Echolocation,/mnt/ubna_data_02_mir/recover-20220922/UBNA_001/20220921_090000.WAV,Telephone Field,recover-20220922,001,1795
353.7065,353.7163,28046,35077,Eptesicus serotinus,0.02,0.042,-1,Echolocation,/mnt/ubna_data_02_mir/recover-20220922/UBNA_001/20220921_090000.WAV,Telephone Field,recover-20220922,001,1795
353.7145,353.7538,68437,82306,Rhinolophus ferrumequinum,0.032,0.032,-1,Echolocation,/mnt/ubna_data_02_mir/recover-20220922/UBNA_001/20220921_090000.WAV,Telephone Field,recover-20220922,001,1795
353.7275,353.7719,68437,83619,Rhinolophus ferrumequinum,0.042,0.042,-1,Echolocation,/mnt/ubna_data_02_mir/recover-20220922/UBNA_001/20220921_090000.WAV,Telephone Field,recover-20220922,001,1795
353.7985,353.8349,68437,81532,Rhinolophus ferrumequinum,0.021,0.021,-1,Echolocation,/mnt/ubna_data_02_mir/recover-20220922/UBNA_001/20220921_090000.WAV,Telephone Field,recover-20220922,001,1795
353.8255,353.8663,68437,82525,Rhinolophus ferrumequinum,0.026,0.026,-1,Echolocation,/mnt/ubna_data_02_mir/recover-20220922/UBNA_001/20220921_090000.WAV,Telephone Field,recover-20220922,001,1795
353.8355,353.8794,68437,82819,Rhinolophus ferrumequinum,0.034,0.034,-1,Echolocation,/mnt/ubna_data_02_mir/recover-20220922/UBNA_001/20220921_090000.WAV,Telephone Field,recover-20220922,001,1795
353.8425,353.8525,28046,36114,Eptesicus serotinus,0.01,0.022,-1,Echolocation,/mnt/ubna_data_02_mir/recover-20220922/UBNA_001/20220921_090000.WAV,Telephone Field,recover-20220922,001,1795
353.8855,353.8961,23750,29098,Nyctalus leisleri,0.009,0.022,-1,Echolocation,/mnt/ubna_data_02_mir/recover-20220922/UBNA_001/20220921_090000.WAV,Telephone Field,recover-20220922,001,1795
353.8855,353.9276,68437,83145,Rhinolophus ferrumequinum,0.025,0.025,-1,Echolocation,/mnt/ubna_data_02_mir/recover-20220922/UBNA_001/20220921_090000.WAV,Telephone Field,recover-20220922,001,1795
353.9035,353.9111,28046,39068,Eptesicus serotinus,0.017,0.044,-1,Echolocation,/mnt/ubna_data_02_mir/recover-20220922/UBNA_001/20220921_090000.WAV,Telephone Field,recover-20220922,001,1795
353.9075,353.9493,68437,82661,Rhinolophus ferrumequinum,0.029,0.029,-1,Echolocation,/mnt/ubna_data_02_mir/recover-20220922/UBNA_001/20220921_090000.WAV,Telephone Field,recover-20220922,001,1795
353.9515,353.9729,20312,23317,Nyctalus leisleri,0.014,0.025,-1,Echolocation,/mnt/ubna_data_02_mir/recover-20220922/UBNA_001/20220921_090000.WAV,Telephone Field,recover-20220922,001,1795
353.9825,353.9877,43515,62689,Myotis mystacinus,0.008,0.021,-1,Echolocation,/mnt/ubna_data_02_mir/recover-20220922/UBNA_001/20220921_090000.WAV,Telephone Field,recover-20220922,001,1795
353.9835,353.9888,38359,61144,Myotis mystacinus,0.007,0.023,-1,Echolocation,/mnt/ubna_data_02_mir/recover-20220922/UBNA_001/20220921_090000.WAV,Telephone Field,recover-20220922,001,1795
354.0015,354.0106,26328,33855,Nyctalus leisleri,0.009,0.028,-1,Echolocation,/mnt/ubna_data_02_mir/recover-20220922/UBNA_001/20220921_090000.WAV,Telephone Field,recover-20220922,001,1795
354.0015,354.0157,20312,24844,Nyctalus leisleri,0.014,0.029,-1,Echolocation,/mnt/ubna_data_02_mir/recover-20220922/UBNA_001/20220921_090000.WAV,Telephone Field,recover-20220922,001,1795
354.0015,354.0333,68437,80334,Rhinolophus ferrumequinum,0.029,0.029,-1,Echolocation,/mnt/ubna_data_02_mir/recover-20220922/UBNA_001/20220921_090000.WAV,Telephone Field,recover-20220922,001,1795
354.0075,354.0488,68437,81591,Rhinolophus ferrumequinum,0.022,0.022,-1,Echolocation,/mnt/ubna_data_02_mir/recover-20220922/UBNA_001/20220921_090000.WAV,Telephone Field,recover-20220922,001,1795
354.0175,354.0272,27187,35598,Eptesicus serotinus,0.008,0.022,-1,Echolocation,/mnt/ubna_data_02_mir/recover-20220922/UBNA_001/20220921_090000.WAV,Telephone Field,recover-20220922,001,1795
354.0555,354.0629,27187,42571,Eptesicus serotinus,0.01,0.029,-1,Echolocation,/mnt/ubna_data_02_mir/recover-20220922/UBNA_001/20220921_090000.WAV,Telephone Field,recover-20220922,001,1795
354.0565,354.0984,68437,82902,Rhinolophus ferrumequinum,0.023,0.023,-1,Echolocation,/mnt/ubna_data_02_mir/recover-20220922/UBNA_001/20220921_090000.WAV,Telephone Field,recover-20220922,001,1795
354.0635,354.10360000000003,68437,83026,Rhinolophus ferrumequinum,0.023,0.023,-1,Echolocation,/mnt/ubna_data_02_mir/recover-20220922/UBNA_001/20220921_090000.WAV,Telephone Field,recover-20220922,001,1795
354.1285,354.145,30625,35372,Eptesicus serotinus,0.038,0.072,-1,Echolocation,/mnt/ubna_data_02_mir/recover-20220922/UBNA_001/20220921_090000.WAV,Telephone Field,recover-20220922,001,1795
354.1585,354.1977,68437,82477,Rhinolophus ferrumequinum,0.022,0.022,-1,Echolocation,/mnt/ubna_data_02_mir/recover-20220922/UBNA_001/20220921_090000.WAV,Telephone Field,recover-20220922,001,1795
354.1875,354.1945,27187,39715,Eptesicus serotinus,0.006,0.022,-1,Echolocation,/mnt/ubna_data_02_mir/recover-20220922/UBNA_001/20220921_090000.WAV,Telephone Field,recover-20220922,001,1795
354.20550000000003,354.2248,16015,21087,Nyctalus noctula,0.02,0.027,-1,Echolocation,/mnt/ubna_data_02_mir/recover-20220922/UBNA_001/20220921_090000.WAV,Telephone Field,recover-20220922,001,1795
354.2795,354.31759999999997,68437,82316,Rhinolophus ferrumequinum,0.023,0.023,-1,Echolocation,/mnt/ubna_data_02_mir/recover-20220922/UBNA_001/20220921_090000.WAV,Telephone Field,recover-20220922,001,1795
354.3435,354.382,68437,82535,Rhinolophus ferrumequinum,0.023,0.023,-1,Echolocation,/mnt/ubna_data_02_mir/recover-20220922/UBNA_001/20220921_090000.WAV,Telephone Field,recover-20220922,001,1795
354.3655,354.3738,39218,45024,Pipistrellus nathusii,0.006,0.023,-1,Echolocation,/mnt/ubna_data_02_mir/recover-20220922/UBNA_001/20220921_090000.WAV,Telephone Field,recover-20220922,001,1795
354.3725,354.4112,68437,81785,Rhinolophus ferrumequinum,0.026,0.026,-1,Echolocation,/mnt/ubna_data_02_mir/recover-20220922/UBNA_001/20220921_090000.WAV,Telephone Field,recover-20220922,001,1795
354.3995,354.4395,68437,81913,Rhinolophus ferrumequinum,0.022,0.022,-1,Echolocation,/mnt/ubna_data_02_mir/recover-20220922/UBNA_001/20220921_090000.WAV,Telephone Field,recover-20220922,001,1795
354.4515,354.4876,68437,81641,Rhinolophus ferrumequinum,0.022,0.022,-1,Echolocation,/mnt/ubna_data_02_mir/recover-20220922/UBNA_001/20220921_090000.WAV,Telephone Field,recover-20220922,001,1795
354.45550000000003,354.4637,35781,43898,Myotis daubentonii,0.009,0.024,-1,Echolocation,/mnt/ubna_data_02_mir/recover-20220922/UBNA_001/20220921_090000.WAV,Telephone Field,recover-20220922,001,1795
354.4745,354.5119,68437,81494,Rhinolophus ferrumequinum,0.024,0.024,-1,Echolocation,/mnt/ubna_data_02_mir/recover-20220922/UBNA_001/20220921_090000.WAV,Telephone Field,recover-20220922,001,1795
354.4925,354.5261,68437,80660,Rhinolophus ferrumequinum,0.021,0.022,-1,Echolocation,/mnt/ubna_data_02_mir/recover-20220922/UBNA_001/20220921_090000.WAV,Telephone Field,recover-20220922,001,1795
354.5325,354.5421,28046,36307,Eptesicus serotinus,0.008,0.022,-1,Echolocation,/mnt/ubna_data_02_mir/recover-20220922/UBNA_001/20220921_090000.WAV,Telephone Field,recover-20220922,001,1795
354.58050000000003,354.6202,68437,82497,Rhinolophus ferrumequinum,0.022,0.022,-1,Echolocation,/mnt/ubna_data_02_mir/recover-20220922/UBNA_001/20220921_090000.WAV,Telephone Field,recover-20220922,001,1795
354.6155,354.6557,68437,82277,Rhinolophus ferrumequinum,0.025,0.025,-1,Echolocation,/mnt/ubna_data_02_mir/recover-20220922/UBNA_001/20220921_090000.WAV,Telephone Field,recover-20220922,001,1795
354.6415,354.6831,68437,82917,Rhinolophus ferrumequinum,0.029,0.029,-1,Echolocation,/mnt/ubna_data_02_mir/recover-20220922/UBNA_001/20220921_090000.WAV,Telephone Field,recover-20220922,001,1795
354.6575,354.697,68437,82460,Rhinolophus ferrumequinum,0.024,0.024,-1,Echolocation,/mnt/ubna_data_02_mir/recover-20220922/UBNA_001/20220921_090000.WAV,Telephone Field,recover-20220922,001,1795
354.6995,354.7448,68437,83716,Rhinolophus ferrumequinum,0.063,0.063,-1,Echolocation,/mnt/ubna_data_02_mir/recover-20220922/UBNA_001/20220921_090000.WAV,Telephone Field,recover-20220922,001,1795
354.6995,354.7076,28046,37470,Eptesicus serotinus,0.01,0.026,-1,Echolocation,/mnt/ubna_data_02_mir/recover-20220922/UBNA_001/20220921_090000.WAV,Telephone Field,recover-20220922,001,1795
354.7415,354.7524,28046,34667,Eptesicus serotinus,0.011,0.024,-1,Echolocation,/mnt/ubna_data_02_mir/recover-20220922/UBNA_001/20220921_090000.WAV,Telephone Field,recover-20220922,001,1795
354.7915,354.7989,45234,51205,Pipistrellus pipistrellus,0.018,0.022,-1,Echolocation,/mnt/ubna_data_02_mir/recover-20220922/UBNA_001/20220921_090000.WAV,Telephone Field,recover-20220922,001,1795
354.7955,354.8306,68437,80541,Rhinolophus ferrumequinum,0.024,0.024,-1,Echolocation,/mnt/ubna_data_02_mir/recover-20220922/UBNA_001/20220921_090000.WAV,Telephone Field,recover-20220922,001,1795
354.8075,354.8172,28046,36676,Eptesicus serotinus,0.009,0.022,-1,Echolocation,/mnt/ubna_data_02_mir/recover-20220922/UBNA_001/20220921_090000.WAV,Telephone Field,recover-20220922,001,1795
354.8255,354.8667,68437,83108,Rhinolophus ferrumequinum,0.036,0.036,-1,Echolocation,/mnt/ubna_data_02_mir/recover-20220922/UBNA_001/20220921_090000.WAV,Telephone Field,recover-20220922,001,1795
354.9075,354.949,68437,83194,Rhinolophus ferrumequinum,0.035,0.035,-1,Echolocation,/mnt/ubna_data_02_mir/recover-20220922/UBNA_001/20220921_090000.WAV,Telephone Field,recover-20220922,001,1795
354.9715,355.0143,68437,82962,Rhinolophus ferrumequinum,0.031,0.031,-1,Echolocation,/mnt/ubna_data_02_mir/recover-20220922/UBNA_001/20220921_090000.WAV,Telephone Field,recover-20220922,001,1795
355.0185,355.0621,68437,83294,Rhinolophus ferrumequinum,0.026,0.026,-1,Echolocation,/mnt/ubna_data_02_mir/recover-20220922/UBNA_001/20220921_090000.WAV,Telephone Field,recover-20220922,001,1795
355.0605,355.0946,68437,80978,Rhinolophus ferrumequinum,0.022,0.022,-1,Echolocation,/mnt/ubna_data_02_mir/recover-20220922/UBNA_001/20220921_090000.WAV,Telephone Field,recover-20220922,001,1795
355.0695,355.0776,25468,34380,Eptesicus serotinus,0.008,0.025,-1,Echolocation,/mnt/ubna_data_02_mir/recover-20220922/UBNA_001/20220921_090000.WAV,Telephone Field,recover-20220922,001,1795
355.1275,355.1347,51250,58543,Pipistrellus pipistrellus,0.021,0.026,-1,Echolocation,/mnt/ubna_data_02_mir/recover-20220922/UBNA_001/20220921_090000.WAV,Telephone Field,recover-20220922,001,1795
355.1535,355.16179999999997,28046,38443,Eptesicus serotinus,0.008,0.022,-1,Echolocation,/mnt/ubna_data_02_mir/recover-20220922/UBNA_001/20220921_090000.WAV,Telephone Field,recover-20220922,001,1795
355.1765,355.2168,68437,82752,Rhinolophus ferrumequinum,0.032,0.032,-1,Echolocation,/mnt/ubna_data_02_mir/recover-20220922/UBNA_001/20220921_090000.WAV,Telephone Field,recover-20220922,001,1795
355.2065,355.2152,28046,39126,Eptesicus serotinus,0.011,0.026,-1,Echolocation,/mnt/ubna_data_02_mir/recover-20220922/UBNA_001/20220921_090000.WAV,Telephone Field,recover-20220922,001,1795
355.2225,355.2654,68437,83294,Rhinolophus ferrumequinum,0.035,0.035,-1,Echolocation,/mnt/ubna_data_02_mir/recover-20220922/UBNA_001/20220921_090000.WAV,Telephone Field,recover-20220922,001,1795
355.22950000000003,355.2519,22031,24779,Nyctalus leisleri,0.069,0.121,-1,Echolocation,/mnt/ubna_data_02_mir/recover-20220922/UBNA_001/20220921_090000.WAV,Telephone Field,recover-20220922,001,1795
355.2505,355.2581,48671,53694,Pipistrellus pipistrellus,0.023,0.026,-1,Echolocation,/mnt/ubna_data_02_mir/recover-20220922/UBNA_001/20220921_090000.WAV,Telephone Field,recover-20220922,001,1795
355.2525,355.2589,38359,56229,Myotis brandtii,0.007,0.022,-1,Echolocation,/mnt/ubna_data_02_mir/recover-20220922/UBNA_001/20220921_090000.WAV,Telephone Field,recover-20220922,001,1795
355.2735,355.2814,23750,31593,Plecotus austriacus,0.01,0.023,-1,Echolocation,/mnt/ubna_data_02_mir/recover-20220922/UBNA_001/20220921_090000.WAV,Telephone Field,recover-20220922,001,1795
355.2785,355.3154,68437,81274,Rhinolophus ferrumequinum,0.022,0.022,-1,Echolocation,/mnt/ubna_data_02_mir/recover-20220922/UBNA_001/20220921_090000.WAV,Telephone Field,recover-20220922,001,1795
355.3015,355.342,68437,82913,Rhinolophus ferrumequinum,0.029,0.029,-1,Echolocation,/mnt/ubna_data_02_mir/recover-20220922/UBNA_001/20220921_090000.WAV,Telephone Field,recover-20220922,001,1795
355.3195,355.3283,28906,37059,Eptesicus serotinus,0.007,0.022,-1,Echolocation,/mnt/ubna_data_02_mir/recover-20220922/UBNA_001/20220921_090000.WAV,Telephone Field,recover-20220922,001,1795
355.33050000000003,355.3689,68437,81670,Rhinolophus ferrumequinum,0.022,0.022,-1,Echolocation,/mnt/ubna_data_02_mir/recover-20220922/UBNA_001/20220921_090000.WAV,Telephone Field,recover-20220922,001,1795
355.3415,355.3519,22031,26911,Nyctalus leisleri,0.009,0.023,-1,Echolocation,/mnt/ubna_data_02_mir/recover-20220922/UBNA_001/20220921_090000.WAV,Telephone Field,recover-20220922,001,1795
355.3675,355.3784,23750,30028,Nyctalus leisleri,0.009,0.024,-1,Echolocation,/mnt/ubna_data_02_mir/recover-20220922/UBNA_001/20220921_090000.WAV,Telephone Field,recover-20220922,001,1795
355.3765,355.3856,28906,37021,Eptesicus serotinus,0.008,0.023,-1,Echolocation,/mnt/ubna_data_02_mir/recover-20220922/UBNA_001/20220921_090000.WAV,Telephone Field,recover-20220922,001,1795
355.3835,355.4237,68437,82878,Rhinolophus ferrumequinum,0.024,0.024,-1,Echolocation,/mnt/ubna_data_02_mir/recover-20220922/UBNA_001/20220921_090000.WAV,Telephone Field,recover-20220922,001,1795
355.39549999999997,355.4358,68437,82689,Rhinolophus ferrumequinum,0.023,0.023,-1,Echolocation,/mnt/ubna_data_02_mir/recover-20220922/UBNA_001/20220921_090000.WAV,Telephone Field,recover-20220922,001,1795
355.4285,355.4369,28046,39178,Eptesicus serotinus,0.008,0.023,-1,Echolocation,/mnt/ubna_data_02_mir/recover-20220922/UBNA_001/20220921_090000.WAV,Telephone Field,recover-20220922,001,1795
355.4505,355.4892,68437,82093,Rhinolophus ferrumequinum,0.023,0.023,-1,Echolocation,/mnt/ubna_data_02_mir/recover-20220922/UBNA_001/20220921_090000.WAV,Telephone Field,recover-20220922,001,1795
355.4845,355.5231,68437,82566,Rhinolophus ferrumequinum,0.027,0.027,-1,Echolocation,/mnt/ubna_data_02_mir/recover-20220922/UBNA_001/20220921_090000.WAV,Telephone Field,recover-20220922,001,1795
355.5105,355.5501,68437,82057,Rhinolophus ferrumequinum,0.024,0.024,-1,Echolocation,/mnt/ubna_data_02_mir/recover-20220922/UBNA_001/20220921_090000.WAV,Telephone Field,recover-20220922,001,1795
355.5335,355.5425,29765,37429,Eptesicus serotinus,0.017,0.04,-1,Echolocation,/mnt/ubna_data_02_mir/recover-20220922/UBNA_001/20220921_090000.WAV,Telephone Field,recover-20220922,001,1795
355.5475,355.5867,68437,81845,Rhinolophus ferrumequinum,0.023,0.023,-1,Echolocation,/mnt/ubna_data_02_mir/recover-20220922/UBNA_001/20220921_090000.WAV,Telephone Field,recover-20220922,001,1795
355.5565,355.5654,28906,37246,Eptesicus serotinus,0.009,0.026,-1,Echolocation,/mnt/ubna_data_02_mir/recover-20220922/UBNA_001/20220921_090000.WAV,Telephone Field,recover-20220922,001,1795
355.5825,355.6216,68437,82263,Rhinolophus ferrumequinum,0.024,0.024,-1,Echolocation,/mnt/ubna_data_02_mir/recover-20220922/UBNA_001/20220921_090000.WAV,Telephone Field,recover-20220922,001,1795
355.6895,355.6957,24609,38167,Plecotus austriacus,0.011,0.031,-1,Echolocation,/mnt/ubna_data_02_mir/recover-20220922/UBNA_001/20220921_090000.WAV,Telephone Field,recover-20220922,001,1795
355.7115,355.7472,68437,81478,Rhinolophus ferrumequinum,0.025,0.025,-1,Echolocation,/mnt/ubna_data_02_mir/recover-20220922/UBNA_001/20220921_090000.WAV,Telephone Field,recover-20220922,001,1795
355.7155,355.7249,22890,29598,Nyctalus leisleri,0.007,0.022,-1,Echolocation,/mnt/ubna_data_02_mir/recover-20220922/UBNA_001/20220921_090000.WAV,Telephone Field,recover-20220922,001,1795
355.7535,355.7614,28906,37357,Eptesicus serotinus,0.006,0.022,-1,Echolocation,/mnt/ubna_data_02_mir/recover-20220922/UBNA_001/20220921_090000.WAV,Telephone Field,recover-20220922,001,1795
355.7575,355.7992,68437,83005,Rhinolophus ferrumequinum,0.024,0.024,-1,Echolocation,/mnt/ubna_data_02_mir/recover-20220922/UBNA_001/20220921_090000.WAV,Telephone Field,recover-20220922,001,1795
355.7995,355.80989999999997,26328,33306,Eptesicus serotinus,0.015,0.033,-1,Echolocation,/mnt/ubna_data_02_mir/recover-20220922/UBNA_001/20220921_090000.WAV,Telephone Field,recover-20220922,001,1795
355.8555,355.8968,68437,82577,Rhinolophus ferrumequinum,0.031,0.031,-1,Echolocation,/mnt/ubna_data_02_mir/recover-20220922/UBNA_001/20220921_090000.WAV,Telephone Field,recover-20220922,001,1795
355.9025,355.9106,28046,38579,Eptesicus serotinus,0.007,0.022,-1,Echolocation,/mnt/ubna_data_02_mir/recover-20220922/UBNA_001/20220921_090000.WAV,Telephone Field,recover-20220922,001,1795
355.9235,355.9355,36640,40774,Pipistrellus nathusii,0.015,0.026,-1,Echolocation,/mnt/ubna_data_02_mir/recover-20220922/UBNA_001/20220921_090000.WAV,Telephone Field,recover-20220922,001,1795
355.9275,355.9687,68437,83215,Rhinolophus ferrumequinum,0.032,0.032,-1,Echolocation,/mnt/ubna_data_02_mir/recover-20220922/UBNA_001/20220921_090000.WAV,Telephone Field,recover-20220922,001,1795
355.9745,355.9845,22890,28900,Nyctalus leisleri,0.009,0.022,-1,Echolocation,/mnt/ubna_data_02_mir/recover-20220922/UBNA_001/20220921_090000.WAV,Telephone Field,recover-20220922,001,1795
356.0015,356.0376,68437,79969,Rhinolophus ferrumequinum,0.078,0.078,-1,Echolocation,/mnt/ubna_data_02_mir/recover-20220922/UBNA_001/20220921_090000.WAV,Telephone Field,recover-20220922,001,1795
356.0015,356.0098,23750,30700,Nyctalus leisleri,0.012,0.036,-1,Echolocation,/mnt/ubna_data_02_mir/recover-20220922/UBNA_001/20220921_090000.WAV,Telephone Field,recover-20220922,001,1795
356.0085,356.0504,68437,82451,Rhinolophus ferrumequinum,0.027,0.027,-1,Echolocation,/mnt/ubna_data_02_mir/recover-20220922/UBNA_001/20220921_090000.WAV,Telephone Field,recover-20220922,001,1795
356.0345,356.0777,68437,83393,Rhinolophus ferrumequinum,0.029,0.029,-1,Echolocation,/mnt/ubna_data_02_mir/recover-20220922/UBNA_001/20220921_090000.WAV,Telephone Field,recover-20220922,001,1795
356.0595,356.1016,68437,82872,Rhinolophus ferrumequinum,0.032,0.032,-1,Echolocation,/mnt/ubna_data_02_mir/recover-20220922/UBNA_001/20220921_090000.WAV,Telephone Field,recover-20220922,001,1795
356.0665,356.07529999999997,28906,36730,Eptesicus serotinus,0.011,0.027,-1,Echolocation,/mnt/ubna_data_02_mir/recover-20220922/UBNA_001/20220921_090000.WAV,Telephone Field,recover-20220922,001,1795
356.0885,356.1298,68437,82653,Rhinolophus ferrumequinum,0.029,0.029,-1,Echolocation,/mnt/ubna_data_02_mir/recover-20220922/UBNA_001/20220921_090000.WAV,Telephone Field,recover-20220922,001,1795
356.0955,356.1032,28046,39092,Eptesicus serotinus,0.007,0.023,-1,Echolocation,/mnt/ubna_data_02_mir/recover-20220922/UBNA_001/20220921_090000.WAV,Telephone Field,recover-20220922,001,1795
356.1515,356.1622,24609,30643,Nyctalus leisleri,0.017,0.039,-1,Echolocation,/mnt/ubna_data_02_mir/recover-20220922/UBNA_001/20220921_090000.WAV,Telephone Field,recover-20220922,001,1795
356.1795,356.2188,68437,82378,Rhinolophus ferrumequinum,0.022,0.022,-1,Echolocation,/mnt/ubna_data_02_mir/recover-20220922/UBNA_001/20220921_090000.WAV,Telephone Field,recover-20220922,001,1795
356.2015,356.2435,68437,82549,Rhinolophus ferrumequinum,0.026,0.026,-1,Echolocation,/mnt/ubna_data_02_mir/recover-20220922/UBNA_001/20220921_090000.WAV,Telephone Field,recover-20220922,001,1795
356.2115,356.2207,28906,36762,Eptesicus serotinus,0.008,0.022,-1,Echolocation,/mnt/ubna_data_02_mir/recover-20220922/UBNA_001/20220921_090000.WAV,Telephone Field,recover-20220922,001,1795
356.2115,356.2506,68437,81891,Rhinolophus ferrumequinum,0.022,0.022,-1,Echolocation,/mnt/ubna_data_02_mir/recover-20220922/UBNA_001/20220921_090000.WAV,Telephone Field,recover-20220922,001,1795
356.2345,356.273,68437,81324,Rhinolophus ferrumequinum,0.023,0.023,-1,Echolocation,/mnt/ubna_data_02_mir/recover-20220922/UBNA_001/20220921_090000.WAV,Telephone Field,recover-20220922,001,1795
356.2475,356.2865,68437,82546,Rhinolophus ferrumequinum,0.024,0.024,-1,Echolocation,/mnt/ubna_data_02_mir/recover-20220922/UBNA_001/20220921_090000.WAV,Telephone Field,recover-20220922,001,1795
356.2995,356.3361,68437,81466,Rhinolophus ferrumequinum,0.025,0.025,-1,Echolocation,/mnt/ubna_data_02_mir/recover-20220922/UBNA_001/20220921_090000.WAV,Telephone Field,recover-20220922,001,1795
356.3035,356.3139,23750,29616,Nyctalus leisleri,0.011,0.026,-1,Echolocation,/mnt/ubna_data_02_mir/recover-20220922/UBNA_001/20220921_090000.WAV,Telephone Field,recover-20220922,001,1795
356.3185,356.3588,68437,81722,Rhinolophus ferrumequinum,0.024,0.024,-1,Echolocation,/mnt/ubna_data_02_mir/recover-20220922/UBNA_001/20220921_090000.WAV,Telephone Field,recover-20220922,001,1795
356.3315,356.3753,68437,82191,Rhinolophus ferrumequinum,0.074,0.074,-1,Echolocation,/mnt/ubna_data_02_mir/recover-20220922/UBNA_001/20220921_090000.WAV,Telephone Field,recover-20220922,001,1795
356.3785,356.3879,27187,37050,Eptesicus serotinus,0.009,0.022,-1,Echolocation,/mnt/ubna_data_02_mir/recover-20220922/UBNA_001/20220921_090000.WAV,Telephone Field,recover-20220922,001,1795
356.4025,356.446,68437,82979,Rhinolophus ferrumequinum,0.038,0.038,-1,Echolocation,/mnt/ubna_data_02_mir/recover-20220922/UBNA_001/20220921_090000.WAV,Telephone Field,recover-20220922,001,1795
356.4365,356.4456,22031,28283,Plecotus austriacus,0.008,0.022,-1,Echolocation,/mnt/ubna_data_02_mir/recover-20220922/UBNA_001/20220921_090000.WAV,Telephone Field,recover-20220922,001,1795
356.4385,356.4749,68437,81019,Rhinolophus ferrumequinum,0.027,0.027,-1,Echolocation,/mnt/ubna_data_02_mir/recover-20220922/UBNA_001/20220921_090000.WAV,Telephone Field,recover-20220922,001,1795
356.4585,356.4947,68437,82022,Rhinolophus ferrumequinum,0.022,0.022,-1,Echolocation,/mnt/ubna_data_02_mir/recover-20220922/UBNA_001/20220921_090000.WAV,Telephone Field,recover-20220922,001,1795
356.4635,356.4727,27187,35520,Eptesicus serotinus,0.01,0.022,-1,Echolocation,/mnt/ubna_data_02_mir/recover-20220922/UBNA_001/20220921_090000.WAV,Telephone Field,recover-20220922,001,1795
356.4755,356.5154,68437,82733,Rhinolophus ferrumequinum,0.027,0.027,-1,Echolocation,/mnt/ubna_data_02_mir/recover-20220922/UBNA_001/20220921_090000.WAV,Telephone Field,recover-20220922,001,1795
356.5015,356.5456,68437,83306,Rhinolophus ferrumequinum,0.051,0.051,-1,Echolocation,/mnt/ubna_data_02_mir/recover-20220922/UBNA_001/20220921_090000.WAV,Telephone Field,recover-20220922,001,1795
356.5465,356.5854,68437,82244,Rhinolophus ferrumequinum,0.022,0.022,-1,Echolocation,/mnt/ubna_data_02_mir/recover-20220922/UBNA_001/20220921_090000.WAV,Telephone Field,recover-20220922,001,1795
356.5635,356.5727,24609,31683,Nyctalus leisleri,0.008,0.024,-1,Echolocation,/mnt/ubna_data_02_mir/recover-20220922/UBNA_001/20220921_090000.WAV,Telephone Field,recover-20220922,001,1795
356.5715,356.5797,44375,48220,Pipistrellus pipistrellus,0.02,0.022,-1,Echolocation,/mnt/ubna_data_02_mir/recover-20220922/UBNA_001/20220921_090000.WAV,Telephone Field,recover-20220922,001,1795
356.5725,356.6092,68437,81756,Rhinolophus ferrumequinum,0.022,0.022,-1,Echolocation,/mnt/ubna_data_02_mir/recover-20220922/UBNA_001/20220921_090000.WAV,Telephone Field,recover-20220922,001,1795
356.6075,356.6468,68437,82363,Rhinolophus ferrumequinum,0.024,0.024,-1,Echolocation,/mnt/ubna_data_02_mir/recover-20220922/UBNA_001/20220921_090000.WAV,Telephone Field,recover-20220922,001,1795
356.6125,356.6195,26328,40640,Eptesicus serotinus,0.006,0.022,-1,Echolocation,/mnt/ubna_data_02_mir/recover-20220922/UBNA_001/20220921_090000.WAV,Telephone Field,recover-20220922,001,1795
356.6515,356.6924,68437,82332,Rhinolophus ferrumequinum,0.027,0.027,-1,Echolocation,/mnt/ubna_data_02_mir/recover-20220922/UBNA_001/20220921_090000.WAV,Telephone Field,recover-20220922,001,1795
356.6865,356.698,28906,36264,Eptesicus serotinus,0.014,0.025,-1,Echolocation,/mnt/ubna_data_02_mir/recover-20220922/UBNA_001/20220921_090000.WAV,Telephone Field,recover-20220922,001,1795
356.7185,356.72860000000003,28046,35704,Eptesicus serotinus,0.011,0.024,-1,Echolocation,/mnt/ubna_data_02_mir/recover-20220922/UBNA_001/20220921_090000.WAV,Telephone Field,recover-20220922,001,1795
356.7275,356.7684,68437,83060,Rhinolophus ferrumequinum,0.046,0.046,-1,Echolocation,/mnt/ubna_data_02_mir/recover-20220922/UBNA_001/20220921_090000.WAV,Telephone Field,recover-20220922,001,1795
356.77049999999997,356.7808,28906,37234,Eptesicus serotinus,0.014,0.029,-1,Echolocation,/mnt/ubna_data_02_mir/recover-20220922/UBNA_001/20220921_090000.WAV,Telephone Field,recover-20220922,001,1795
356.7755,356.7842,51250,58900,Pipistrellus pipistrellus,0.03,0.035,-1,Echolocation,/mnt/ubna_data_02_mir/recover-20220922/UBNA_001/20220921_090000.WAV,Telephone Field,recover-20220922,001,1795
356.7815,356.8231,68437,83128,Rhinolophus ferrumequinum,0.04,0.04,-1,Echolocation,/mnt/ubna_data_02_mir/recover-20220922/UBNA_001/20220921_090000.WAV,Telephone Field,recover-20220922,001,1795
356.8055,356.8159,28046,34762,Eptesicus serotinus,0.014,0.028,-1,Echolocation,/mnt/ubna_data_02_mir/recover-20220922/UBNA_001/20220921_090000.WAV,Telephone Field,recover-20220922,001,1795
356.8155,356.858,68437,83123,Rhinolophus ferrumequinum,0.027,0.027,-1,Echolocation,/mnt/ubna_data_02_mir/recover-20220922/UBNA_001/20220921_090000.WAV,Telephone Field,recover-20220922,001,1795
356.8195,356.8257,47812,54214,Pipistrellus pipistrellus,0.025,0.026,-1,Echolocation,/mnt/ubna_data_02_mir/recover-20220922/UBNA_001/20220921_090000.WAV,Telephone Field,recover-20220922,001,1795
356.8425,356.8861,68437,83301,Rhinolophus ferrumequinum,0.032,0.032,-1,Echolocation,/mnt/ubna_data_02_mir/recover-20220922/UBNA_001/20220921_090000.WAV,Telephone Field,recover-20220922,001,1795
356.8595,356.8704,28046,34931,Eptesicus serotinus,0.011,0.025,-1,Echolocation,/mnt/ubna_data_02_mir/recover-20220922/UBNA_001/20220921_090000.WAV,Telephone Field,recover-20220922,001,1795
356.8805,356.9203,68437,82085,Rhinolophus ferrumequinum,0.025,0.025,-1,Echolocation,/mnt/ubna_data_02_mir/recover-20220922/UBNA_001/20220921_090000.WAV,Telephone Field,recover-20220922,001,1795
356.8905,356.9318,68437,83163,Rhinolophus ferrumequinum,0.027,0.027,-1,Echolocation,/mnt/ubna_data_02_mir/recover-20220922/UBNA_001/20220921_090000.WAV,Telephone Field,recover-20220922,001,1795
356.89549999999997,356.9112,21171,24519,Nyctalus leisleri,0.014,0.023,-1,Echolocation,/mnt/ubna_data_02_mir/recover-20220922/UBNA_001/20220921_090000.WAV,Telephone Field,recover-20220922,001,1795
356.9075,356.9162,26328,36112,Eptesicus serotinus,0.01,0.025,-1,Echolocation,/mnt/ubna_data_02_mir/recover-20220922/UBNA_001/20220921_090000.WAV,Telephone Field,recover-20220922,001,1795
356.9115,356.9528,68437,82698,Rhinolophus ferrumequinum,0.029,0.029,-1,Echolocation,/mnt/ubna_data_02_mir/recover-20220922/UBNA_001/20220921_090000.WAV,Telephone Field,recover-20220922,001,1795
356.9455,356.9848,68437,82521,Rhinolophus ferrumequinum,0.023,0.023,-1,Echolocation,/mnt/ubna_data_02_mir/recover-20220922/UBNA_001/20220921_090000.WAV,Telephone Field,recover-20220922,001,1795
356.9625,356.9741,22890,28263,Nyctalus leisleri,0.01,0.022,-1,Echolocation,/mnt/ubna_data_02_mir/recover-20220922/UBNA_001/20220921_090000.WAV,Telephone Field,recover-20220922,001,1795
356.9685,357.0067,68437,81900,Rhinolophus ferrumequinum,0.024,0.024,-1,Echolocation,/mnt/ubna_data_02_mir/recover-20220922/UBNA_001/20220921_090000.WAV,Telephone Field,recover-20220922,001,1795
356.9705,356.9805,28906,36169,Eptesicus serotinus,0.009,0.022,-1,Echolocation,/mnt/ubna_data_02_mir/recover-20220922/UBNA_001/20220921_090000.WAV,Telephone Field,recover-20220922,001,1795
357.0075,357.0466,68437,82411,Rhinolophus ferrumequinum,0.026,0.026,-1,Echolocation,/mnt/ubna_data_02_mir/recover-20220922/UBNA_001/20220921_090000.WAV,Telephone Field,recover-20220922,001,1795
357.0155,357.0541,68437,81999,Rhinolophus ferrumequinum,0.022,0.022,-1,Echolocation,/mnt/ubna_data_02_mir/recover-20220922/UBNA_001/20220921_090000.WAV,Telephone Field,recover-20220922,001,1795
357.0165,357.0278,22890,27961,Nyctalus leisleri,0.011,0.023,-1,Echolocation,/mnt/ubna_data_02_mir/recover-20220922/UBNA_001/20220921_090000.WAV,Telephone Field,recover-20220922,001,1795
357.0365,357.0688,68437,79447,Rhinolophus ferrumequinum,0.023,0.024,-1,Echolocation,/mnt/ubna_data_02_mir/recover-20220922/UBNA_001/20220921_090000.WAV,Telephone Field,recover-20220922,001,1795
357.0455,357.082,68437,80863,Rhinolophus ferrumequinum,0.027,0.027,-1,Echolocation,/mnt/ubna_data_02_mir/recover-20220922/UBNA_001/20220921_090000.WAV,Telephone Field,recover-20220922,001,1795
357.0595,357.1002,68437,82890,Rhinolophus ferrumequinum,0.023,0.023,-1,Echolocation,/mnt/ubna_data_02_mir/recover-20220922/UBNA_001/20220921_090000.WAV,Telephone Field,recover-20220922,001,1795
357.0765,357.1157,68437,82183,Rhinolophus ferrumequinum,0.023,0.023,-1,Echolocation,/mnt/ubna_data_02_mir/recover-20220922/UBNA_001/20220921_090000.WAV,Telephone Field,recover-20220922,001,1795
357.0895,357.13,68437,82452,Rhinolophus ferrumequinum,0.029,0.029,-1,Echolocation,/mnt/ubna_data_02_mir/recover-20220922/UBNA_001/20220921_090000.WAV,Telephone Field,recover-20220922,001,1795
357.1245,357.1664,68437,82557,Rhinolophus ferrumequinum,0.037,0.037,-1,Echolocation,/mnt/ubna_data_02_mir/recover-20220922/UBNA_001/20220921_090000.WAV,Telephone Field,recover-20220922,001,1795
357.1665,357.2078,68437,82581,Rhinolophus ferrumequinum,0.032,0.032,-1,Echolocation,/mnt/ubna_data_02_mir/recover-20220922/UBNA_001/20220921_090000.WAV,Telephone Field,recover-20220922,001,1795
357.1765,357.2189,68437,83166,Rhinolophus ferrumequinum,0.028,0.028,-1,Echolocation,/mnt/ubna_data_02_mir/recover-20220922/UBNA_001/20220921_090000.WAV,Telephone Field,recover-20220922,001,1795
357.1775,357.186,43515,46895,Pipistrellus pipistrellus,0.025,0.027,-1,Echolocation,/mnt/ubna_data_02_mir/recover-20220922/UBNA_001/20220921_090000.WAV,Telephone Field,recover-20220922,001,1795
357.1955,357.2325,68437,81956,Rhinolophus ferrumequinum,0.026,0.026,-1,Echolocation,/mnt/ubna_data_02_mir/recover-20220922/UBNA_001/20220921_090000.WAV,Telephone Field,recover-20220922,001,1795
357.2175,357.2332,21171,25053,Nyctalus leisleri,0.021,0.039,-1,Echolocation,/mnt/ubna_data_02_mir/recover-20220922/UBNA_001/20220921_090000.WAV,Telephone Field,recover-20220922,001,1795
357.2415,357.2789,68437,81328,Rhinolophus ferrumequinum,0.028,0.028,-1,Echolocation,/mnt/ubna_data_02_mir/recover-20220922/UBNA_001/20220921_090000.WAV,Telephone Field,recover-20220922,001,1795
357.2555,357.2948,68437,82378,Rhinolophus ferrumequinum,0.022,0.022,-1,Echolocation,/mnt/ubna_data_02_mir/recover-20220922/UBNA_001/20220921_090000.WAV,Telephone Field,recover-20220922,001,1795
357.2675,357.3058,68437,82412,Rhinolophus ferrumequinum,0.022,0.022,-1,Echolocation,/mnt/ubna_data_02_mir/recover-20220922/UBNA_001/20220921_090000.WAV,Telephone Field,recover-20220922,001,1795
357.2785,357.2877,28046,40233,Eptesicus serotinus,0.011,0.026,-1,Echolocation,/mnt/ubna_data_02_mir/recover-20220922/UBNA_001/20220921_090000.WAV,Telephone Field,recover-20220922,001,1795
357.2795,357.3199,68437,82539,Rhinolophus ferrumequinum,0.024,0.024,-1,Echolocation,/mnt/ubna_data_02_mir/recover-20220922/UBNA_001/20220921_090000.WAV,Telephone Field,recover-20220922,001,1795
357.3165,357.3538,68437,81372,Rhinolophus ferrumequinum,0.025,0.025,-1,Echolocation,/mnt/ubna_data_02_mir/recover-20220922/UBNA_001/20220921_090000.WAV,Telephone Field,recover-20220922,001,1795
357.3505,357.3902,68437,82392,Rhinolophus ferrumequinum,0.023,0.023,-1,Echolocation,/mnt/ubna_data_02_mir/recover-20220922/UBNA_001/20220921_090000.WAV,Telephone Field,recover-20220922,001,1795
357.3595,357.4023,68437,82143,Rhinolophus ferrumequinum,0.022,0.022,-1,Echolocation,/mnt/ubna_data_02_mir/recover-20220922/UBNA_001/20220921_090000.WAV,Telephone Field,recover-20220922,001,1795
357.3975,357.4073,22890,28850,Nyctalus leisleri,0.009,0.023,-1,Echolocation,/mnt/ubna_data_02_mir/recover-20220922/UBNA_001/20220921_090000.WAV,Telephone Field,recover-20220922,001,1795
357.4005,357.4394,68437,81925,Rhinolophus ferrumequinum,0.026,0.026,-1,Echolocation,/mnt/ubna_data_02_mir/recover-20220922/UBNA_001/20220921_090000.WAV,Telephone Field,recover-20220922,001,1795
357.4385,357.4763,68437,82524,Rhinolophus ferrumequinum,0.028,0.028,-1,Echolocation,/mnt/ubna_data_02_mir/recover-20220922/UBNA_001/20220921_090000.WAV,Telephone Field,recover-20220922,001,1795
357.4605,357.4683,23750,32086,Plecotus austriacus,0.01,0.023,-1,Echolocation,/mnt/ubna_data_02_mir/recover-20220922/UBNA_001/20220921_090000.WAV,Telephone Field,recover-20220922,001,1795
357.4615,357.5037,68437,82996,Rhinolophus ferrumequinum,0.037,0.037,-1,Echolocation,/mnt/ubna_data_02_mir/recover-20220922/UBNA_001/20220921_090000.WAV,Telephone Field,recover-20220922,001,1795
357.5075,357.5174,39218,45922,Pipistrellus nathusii,0.013,0.024,-1,Echolocation,/mnt/ubna_data_02_mir/recover-20220922/UBNA_001/20220921_090000.WAV,Telephone Field,recover-20220922,001,1795
357.5085,357.5184,22031,27668,Nyctalus leisleri,0.009,0.023,-1,Echolocation,/mnt/ubna_data_02_mir/recover-20220922/UBNA_001/20220921_090000.WAV,Telephone Field,recover-20220922,001,1795
357.5105,357.5197,28906,37929,Eptesicus serotinus,0.01,0.026,-1,Echolocation,/mnt/ubna_data_02_mir/recover-20220922/UBNA_001/20220921_090000.WAV,Telephone Field,recover-20220922,001,1795
357.5305,357.5668,68437,81941,Rhinolophus ferrumequinum,0.023,0.023,-1,Echolocation,/mnt/ubna_data_02_mir/recover-20220922/UBNA_001/20220921_090000.WAV,Telephone Field,recover-20220922,001,1795
357.5455,357.5531,23750,31679,Plecotus austriacus,0.01,0.025,-1,Echolocation,/mnt/ubna_data_02_mir/recover-20220922/UBNA_001/20220921_090000.WAV,Telephone Field,recover-20220922,001,1795
357.5465,357.5821,68437,81681,Rhinolophus ferrumequinum,0.025,0.025,-1,Echolocation,/mnt/ubna_data_02_mir/recover-20220922/UBNA_001/20220921_090000.WAV,Telephone Field,recover-20220922,001,1795
357.5795,357.6185,68437,81991,Rhinolophus ferrumequinum,0.023,0.023,-1,Echolocation,/mnt/ubna_data_02_mir/recover-20220922/UBNA_001/20220921_090000.WAV,Telephone Field,recover-20220922,001,1795
357.5875,357.62760000000003,68437,82614,Rhinolophus ferrumequinum,0.026,0.026,-1,Echolocation,/mnt/ubna_data_02_mir/recover-20220922/UBNA_001/20220921_090000.WAV,Telephone Field,recover-20220922,001,1795
357.6135,357.6518,68437,82013,Rhinolophus ferrumequinum,0.022,0.022,-1,Echolocation,/mnt/ubna_data_02_mir/recover-20220922/UBNA_001/20220921_090000.WAV,Telephone Field,recover-20220922,001,1795
357.6255,357.6362,28906,36594,Eptesicus serotinus,0.012,0.027,-1,Echolocation,/mnt/ubna_data_02_mir/recover-20220922/UBNA_001/20220921_090000.WAV,Telephone Field,recover-20220922,001,1795
357.6335,357.6757,68437,83244,Rhinolophus ferrumequinum,0.046,0.046,-1,Echolocation,/mnt/ubna_data_02_mir/recover-20220922/UBNA_001/20220921_090000.WAV,Telephone Field,recover-20220922,001,1795
357.6355,357.6471,34921,39862,Pipistrellus nathusii,0.006,0.023,-1,Echolocation,/mnt/ubna_data_02_mir/recover-20220922/UBNA_001/20220921_090000.WAV,Telephone Field,recover-20220922,001,1795
357.6555,357.6624,28046,39056,Eptesicus serotinus,0.006,0.022,-1,Echolocation,/mnt/ubna_data_02_mir/recover-20220922/UBNA_001/20220921_090000.WAV,Telephone Field,recover-20220922,001,1795
357.6585,357.6973,68437,82438,Rhinolophus ferrumequinum,0.022,0.022,-1,Echolocation,/mnt/ubna_data_02_mir/recover-20220922/UBNA_001/20220921_090000.WAV,Telephone Field,recover-20220922,001,1795
357.6815,357.72090000000003,68437,82750,Rhinolophus ferrumequinum,0.029,0.029,-1,Echolocation,/mnt/ubna_data_02_mir/recover-20220922/UBNA_001/20220921_090000.WAV,Telephone Field,recover-20220922,001,1795
357.6845,357.6948,24609,31341,Nyctalus leisleri,0.008,0.022,-1,Echolocation,/mnt/ubna_data_02_mir/recover-20220922/UBNA_001/20220921_090000.WAV,Telephone Field,recover-20220922,001,1795
357.6955,357.7029,38359,43180,Barbastellus barbastellus,0.022,0.031,-1,Echolocation,/mnt/ubna_data_02_mir/recover-20220922/UBNA_001/20220921_090000.WAV,Telephone Field,recover-20220922,001,1795
357.6975,357.7044,27187,42426,Eptesicus serotinus,0.007,0.025,-1,Echolocation,/mnt/ubna_data_02_mir/recover-20220922/UBNA_001/20220921_090000.WAV,Telephone Field,recover-20220922,001,1795
357.6985,357.7054,31484,42605,Myotis daubentonii,0.011,0.025,-1,Echolocation,/mnt/ubna_data_02_mir/recover-20220922/UBNA_001/20220921_090000.WAV,Telephone Field,recover-20220922,001,1795
357.7405,357.7756,68437,81690,Rhinolophus ferrumequinum,0.024,0.024,-1,Echolocation,/mnt/ubna_data_02_mir/recover-20220922/UBNA_001/20220921_090000.WAV,Telephone Field,recover-20220922,001,1795
357.7675,357.8065,68437,81832,Rhinolophus ferrumequinum,0.022,0.022,-1,Echolocation,/mnt/ubna_data_02_mir/recover-20220922/UBNA_001/20220921_090000.WAV,Telephone Field,recover-20220922,001,1795
357.7835,357.7916,26328,35391,Eptesicus serotinus,0.007,0.022,-1,Echolocation,/mnt/ubna_data_02_mir/recover-20220922/UBNA_001/20220921_090000.WAV,Telephone Field,recover-20220922,001,1795
357.8125,357.8236,27187,34803,Eptesicus serotinus,0.016,0.029,-1,Echolocation,/mnt/ubna_data_02_mir/recover-20220922/UBNA_001/20220921_090000.WAV,Telephone Field,recover-20220922,001,1795
357.8145,357.8283,44375,47044,Pipistrellus pipistrellus,0.062,0.069,-1,Echolocation,/mnt/ubna_data_02_mir/recover-20220922/UBNA_001/20220921_090000.WAV,Telephone Field,recover-20220922,001,1795
357.8195,357.8301,27187,34261,Eptesicus serotinus,0.012,0.027,-1,Echolocation,/mnt/ubna_data_02_mir/recover-20220922/UBNA_001/20220921_090000.WAV,Telephone Field,recover-20220922,001,1795
357.8465,357.8859,68437,82141,Rhinolophus ferrumequinum,0.026,0.026,-1,Echolocation,/mnt/ubna_data_02_mir/recover-20220922/UBNA_001/20220921_090000.WAV,Telephone Field,recover-20220922,001,1795
357.9025,357.9422,68437,81230,Rhinolophus ferrumequinum,0.027,0.027,-1,Echolocation,/mnt/ubna_data_02_mir/recover-20220922/UBNA_001/20220921_090000.WAV,Telephone Field,recover-20220922,001,1795
357.9525,357.9925,68437,82438,Rhinolophus ferrumequinum,0.029,0.029,-1,Echolocation,/mnt/ubna_data_02_mir/recover-20220922/UBNA_001/20220921_090000.WAV,Telephone Field,recover-20220922,001,1795
357.9865,357.9965,28046,36831,Eptesicus serotinus,0.013,0.028,-1,Echolocation,/mnt/ubna_data_02_mir/recover-20220922/UBNA_001/20220921_090000.WAV,Telephone Field,recover-20220922,001,1795
358.0015,358.0107,25468,34987,Nyctalus leisleri,0.008,0.03,-1,Echolocation,/mnt/ubna_data_02_mir/recover-20220922/UBNA_001/20220921_090000.WAV,Telephone Field,recover-20220922,001,1795
358.0015,358.0364,68437,79805,Rhinolophus ferrumequinum,0.059,0.059,-1,Echolocation,/mnt/ubna_data_02_mir/recover-20220922/UBNA_001/20220921_090000.WAV,Telephone Field,recover-20220922,001,1795
358.0075,358.049,68437,81899,Rhinolophus ferrumequinum,0.032,0.033,-1,Echolocation,/mnt/ubna_data_02_mir/recover-20220922/UBNA_001/20220921_090000.WAV,Telephone Field,recover-20220922,001,1795
358.0145,358.0564,68437,83063,Rhinolophus ferrumequinum,0.026,0.026,-1,Echolocation,/mnt/ubna_data_02_mir/recover-20220922/UBNA_001/20220921_090000.WAV,Telephone Field,recover-20220922,001,1795
358.0175,358.0277,28906,36836,Eptesicus serotinus,0.011,0.026,-1,Echolocation,/mnt/ubna_data_02_mir/recover-20220922/UBNA_001/20220921_090000.WAV,Telephone Field,recover-20220922,001,1795
358.0285,358.0713,68437,83137,Rhinolophus ferrumequinum,0.023,0.023,-1,Echolocation,/mnt/ubna_data_02_mir/recover-20220922/UBNA_001/20220921_090000.WAV,Telephone Field,recover-20220922,001,1795
358.0485,358.0832,68437,81225,Rhinolophus ferrumequinum,0.027,0.027,-1,Echolocation,/mnt/ubna_data_02_mir/recover-20220922/UBNA_001/20220921_090000.WAV,Telephone Field,recover-20220922,001,1795
358.0715,358.1102,68437,82606,Rhinolophus ferrumequinum,0.028,0.028,-1,Echolocation,/mnt/ubna_data_02_mir/recover-20220922/UBNA_001/20220921_090000.WAV,Telephone Field,recover-20220922,001,1795
358.0815,358.1185,68437,81725,Rhinolophus ferrumequinum,0.025,0.025,-1,Echolocation,/mnt/ubna_data_02_mir/recover-20220922/UBNA_001/20220921_090000.WAV,Telephone Field,recover-20220922,001,1795
358.1065,358.1459,68437,82308,Rhinolophus ferrumequinum,0.022,0.022,-1,Echolocation,/mnt/ubna_data_02_mir/recover-20220922/UBNA_001/20220921_090000.WAV,Telephone Field,recover-20220922,001,1795
358.1655,358.2058,68437,83118,Rhinolophus ferrumequinum,0.026,0.026,-1,Echolocation,/mnt/ubna_data_02_mir/recover-20220922/UBNA_001/20220921_090000.WAV,Telephone Field,recover-20220922,001,1795
358.1835,358.2225,68437,82358,Rhinolophus ferrumequinum,0.024,0.024,-1,Echolocation,/mnt/ubna_data_02_mir/recover-20220922/UBNA_001/20220921_090000.WAV,Telephone Field,recover-20220922,001,1795
358.2075,358.2465,68437,82125,Rhinolophus ferrumequinum,0.025,0.025,-1,Echolocation,/mnt/ubna_data_02_mir/recover-20220922/UBNA_001/20220921_090000.WAV,Telephone Field,recover-20220922,001,1795
358.2535,358.2607,28046,39457,Eptesicus serotinus,0.006,0.023,-1,Echolocation,/mnt/ubna_data_02_mir/recover-20220922/UBNA_001/20220921_090000.WAV,Telephone Field,recover-20220922,001,1795
358.2655,358.3066,68437,82814,Rhinolophus ferrumequinum,0.023,0.023,-1,Echolocation,/mnt/ubna_data_02_mir/recover-20220922/UBNA_001/20220921_090000.WAV,Telephone Field,recover-20220922,001,1795
358.2835,358.2925,28906,37940,Eptesicus serotinus,0.009,0.022,-1,Echolocation,/mnt/ubna_data_02_mir/recover-20220922/UBNA_001/20220921_090000.WAV,Telephone Field,recover-20220922,001,1795
358.3045,358.3409,68437,81279,Rhinolophus ferrumequinum,0.022,0.022,-1,Echolocation,/mnt/ubna_data_02_mir/recover-20220922/UBNA_001/20220921_090000.WAV,Telephone Field,recover-20220922,001,1795
358.3115,358.3481,68437,81049,Rhinolophus ferrumequinum,0.021,0.021,-1,Echolocation,/mnt/ubna_data_02_mir/recover-20220922/UBNA_001/20220921_090000.WAV,Telephone Field,recover-20220922,001,1795
358.3255,358.3656,68437,82652,Rhinolophus ferrumequinum,0.024,0.024,-1,Echolocation,/mnt/ubna_data_02_mir/recover-20220922/UBNA_001/20220921_090000.WAV,Telephone Field,recover-20220922,001,1795
358.3395,358.348,27187,38419,Eptesicus serotinus,0.008,0.022,-1,Echolocation,/mnt/ubna_data_02_mir/recover-20220922/UBNA_001/20220921_090000.WAV,Telephone Field,recover-20220922,001,1795
358.3925,358.4315,68437,82010,Rhinolophus ferrumequinum,0.023,0.023,-1,Echolocation,/mnt/ubna_data_02_mir/recover-20220922/UBNA_001/20220921_090000.WAV,Telephone Field,recover-20220922,001,1795
358.4095,358.4482,68437,82593,Rhinolophus ferrumequinum,0.024,0.024,-1,Echolocation,/mnt/ubna_data_02_mir/recover-20220922/UBNA_001/20220921_090000.WAV,Telephone Field,recover-20220922,001,1795
358.4185,358.4585,68437,82309,Rhinolophus ferrumequinum,0.021,0.021,-1,Echolocation,/mnt/ubna_data_02_mir/recover-20220922/UBNA_001/20220921_090000.WAV,Telephone Field,recover-20220922,001,1795
358.4475,358.4543,28906,38431,Eptesicus serotinus,0.006,0.022,-1,Echolocation,/mnt/ubna_data_02_mir/recover-20220922/UBNA_001/20220921_090000.WAV,Telephone Field,recover-20220922,001,1795
358.4595,358.49739999999997,68437,81972,Rhinolophus ferrumequinum,0.024,0.024,-1,Echolocation,/mnt/ubna_data_02_mir/recover-20220922/UBNA_001/20220921_090000.WAV,Telephone Field,recover-20220922,001,1795
358.4725,358.5114,68437,82578,Rhinolophus ferrumequinum,0.023,0.023,-1,Echolocation,/mnt/ubna_data_02_mir/recover-20220922/UBNA_001/20220921_090000.WAV,Telephone Field,recover-20220922,001,1795
358.4825,358.4928,28906,35333,Eptesicus serotinus,0.014,0.029,-1,Echolocation,/mnt/ubna_data_02_mir/recover-20220922/UBNA_001/20220921_090000.WAV,Telephone Field,recover-20220922,001,1795
358.5125,358.5524,68437,82734,Rhinolophus ferrumequinum,0.024,0.024,-1,Echolocation,/mnt/ubna_data_02_mir/recover-20220922/UBNA_001/20220921_090000.WAV,Telephone Field,recover-20220922,001,1795
358.52049999999997,358.5575,68437,82426,Rhinolophus ferrumequinum,0.025,0.025,-1,Echolocation,/mnt/ubna_data_02_mir/recover-20220922/UBNA_001/20220921_090000.WAV,Telephone Field,recover-20220922,001,1795
358.5215,358.5318,37500,42250,Barbastellus barbastellus,0.008,0.032,-1,Echolocation,/mnt/ubna_data_02_mir/recover-20220922/UBNA_001/20220921_090000.WAV,Telephone Field,recover-20220922,001,1795
358.5425,358.5795,68437,81493,Rhinolophus ferrumequinum,0.021,0.022,-1,Echolocation,/mnt/ubna_data_02_mir/recover-20220922/UBNA_001/20220921_090000.WAV,Telephone Field,recover-20220922,001,1795
358.5485,358.5566,27187,39041,Eptesicus serotinus,0.007,0.022,-1,Echolocation,/mnt/ubna_data_02_mir/recover-20220922/UBNA_001/20220921_090000.WAV,Telephone Field,recover-20220922,001,1795
358.5715,358.6126,68437,82955,Rhinolophus ferrumequinum,0.027,0.027,-1,Echolocation,/mnt/ubna_data_02_mir/recover-20220922/UBNA_001/20220921_090000.WAV,Telephone Field,recover-20220922,001,1795
358.5735,358.5869,22890,26369,Nyctalus leisleri,0.015,0.025,-1,Echolocation,/mnt/ubna_data_02_mir/recover-20220922/UBNA_001/20220921_090000.WAV,Telephone Field,recover-20220922,001,1795
358.5935,358.6297,68437,81442,Rhinolophus ferrumequinum,0.021,0.022,-1,Echolocation,/mnt/ubna_data_02_mir/recover-20220922/UBNA_001/20220921_090000.WAV,Telephone Field,recover-20220922,001,1795
358.6405,358.6489,26328,37174,Eptesicus serotinus,0.009,0.022,-1,Echolocation,/mnt/ubna_data_02_mir/recover-20220922/UBNA_001/20220921_090000.WAV,Telephone Field,recover-20220922,001,1795
358.6645,358.7034,68437,82355,Rhinolophus ferrumequinum,0.022,0.022,-1,Echolocation,/mnt/ubna_data_02_mir/recover-20220922/UBNA_001/20220921_090000.WAV,Telephone Field,recover-20220922,001,1795
358.6725,358.6871,22890,27425,Nyctalus leisleri,0.018,0.032,-1,Echolocation,/mnt/ubna_data_02_mir/recover-20220922/UBNA_001/20220921_090000.WAV,Telephone Field,recover-20220922,001,1795
358.6795,358.7156,68437,81877,Rhinolophus ferrumequinum,0.024,0.024,-1,Echolocation,/mnt/ubna_data_02_mir/recover-20220922/UBNA_001/20220921_090000.WAV,Telephone Field,recover-20220922,001,1795
358.7175,358.7592,68437,82648,Rhinolophus ferrumequinum,0.025,0.025,-1,Echolocation,/mnt/ubna_data_02_mir/recover-20220922/UBNA_001/20220921_090000.WAV,Telephone Field,recover-20220922,001,1795
358.7695,358.8127,68437,82880,Rhinolophus ferrumequinum,0.033,0.033,-1,Echolocation,/mnt/ubna_data_02_mir/recover-20220922/UBNA_001/20220921_090000.WAV,Telephone Field,recover-20220922,001,1795
358.7995,358.8069,28046,41145,Eptesicus serotinus,0.008,0.025,-1,Echolocation,/mnt/ubna_data_02_mir/recover-20220922/UBNA_001/20220921_090000.WAV,Telephone Field,recover-20220922,001,1795
358.8155,358.8527,68437,81692,Rhinolophus ferrumequinum,0.021,0.022,-1,Echolocation,/mnt/ubna_data_02_mir/recover-20220922/UBNA_001/20220921_090000.WAV,Telephone Field,recover-20220922,001,1795
358.8945,358.9025,28046,39061,Eptesicus serotinus,0.008,0.027,-1,Echolocation,/mnt/ubna_data_02_mir/recover-20220922/UBNA_001/20220921_090000.WAV,Telephone Field,recover-20220922,001,1795
358.9225,358.9326,28046,35633,Eptesicus serotinus,0.075,0.104,-1,Echolocation,/mnt/ubna_data_02_mir/recover-20220922/UBNA_001/20220921_090000.WAV,Telephone Field,recover-20220922,001,1795
358.9315,358.9703,68437,82258,Rhinolophus ferrumequinum,0.026,0.026,-1,Echolocation,/mnt/ubna_data_02_mir/recover-20220922/UBNA_001/20220921_090000.WAV,Telephone Field,recover-20220922,001,1795
358.9645,359.0092,68437,83040,Rhinolophus ferrumequinum,0.036,0.036,-1,Echolocation,/mnt/ubna_data_02_mir/recover-20220922/UBNA_001/20220921_090000.WAV,Telephone Field,recover-20220922,001,1795
358.9655,358.9836,20312,23146,Nyctalus leisleri,0.013,0.021,-1,Echolocation,/mnt/ubna_data_02_mir/recover-20220922/UBNA_001/20220921_090000.WAV,Telephone Field,recover-20220922,001,1795
358.9925,359.0307,68437,82111,Rhinolophus ferrumequinum,0.021,0.022,-1,Echolocation,/mnt/ubna_data_02_mir/recover-20220922/UBNA_001/20220921_090000.WAV,Telephone Field,recover-20220922,001,1795
359.0075,359.0182,28906,36231,Eptesicus serotinus,0.012,0.026,-1,Echolocation,/mnt/ubna_data_02_mir/recover-20220922/UBNA_001/20220921_090000.WAV,Telephone Field,recover-20220922,001,1795
359.0585,359.0988,68437,81630,Rhinolophus ferrumequinum,0.037,0.037,-1,Echolocation,/mnt/ubna_data_02_mir/recover-20220922/UBNA_001/20220921_090000.WAV,Telephone Field,recover-20220922,001,1795
359.0745,359.0856,28906,37045,Eptesicus serotinus,0.014,0.029,-1,Echolocation,/mnt/ubna_data_02_mir/recover-20220922/UBNA_001/20220921_090000.WAV,Telephone Field,recover-20220922,001,1795
359.0985,359.1369,68437,82195,Rhinolophus ferrumequinum,0.025,0.025,-1,Echolocation,/mnt/ubna_data_02_mir/recover-20220922/UBNA_001/20220921_090000.WAV,Telephone Field,recover-20220922,001,1795
359.1235,359.1351,25468,31628,Nyctalus leisleri,0.012,0.031,-1,Echolocation,/mnt/ubna_data_02_mir/recover-20220922/UBNA_001/20220921_090000.WAV,Telephone Field,recover-20220922,001,1795
359.1575,359.2006,68437,83515,Rhinolophus ferrumequinum,0.035,0.035,-1,Echolocation,/mnt/ubna_data_02_mir/recover-20220922/UBNA_001/20220921_090000.WAV,Telephone Field,recover-20220922,001,1795
359.16949999999997,359.1801,22890,28577,Nyctalus leisleri,0.011,0.024,-1,Echolocation,/mnt/ubna_data_02_mir/recover-20220922/UBNA_001/20220921_090000.WAV,Telephone Field,recover-20220922,001,1795
359.16949999999997,359.1777,51250,56081,Pipistrellus pipistrellus,0.02,0.023,-1,Echolocation,/mnt/ubna_data_02_mir/recover-20220922/UBNA_001/20220921_090000.WAV,Telephone Field,recover-20220922,001,1795
359.1735,359.2129,68437,82145,Rhinolophus ferrumequinum,0.023,0.023,-1,Echolocation,/mnt/ubna_data_02_mir/recover-20220922/UBNA_001/20220921_090000.WAV,Telephone Field,recover-20220922,001,1795
359.2035,359.2436,68437,82761,Rhinolophus ferrumequinum,0.021,0.021,-1,Echolocation,/mnt/ubna_data_02_mir/recover-20220922/UBNA_001/20220921_090000.WAV,Telephone Field,recover-20220922,001,1795
359.2275,359.2665,68437,82094,Rhinolophus ferrumequinum,0.024,0.024,-1,Echolocation,/mnt/ubna_data_02_mir/recover-20220922/UBNA_001/20220921_090000.WAV,Telephone Field,recover-20220922,001,1795
359.2465,359.284,68437,81794,Rhinolophus ferrumequinum,0.027,0.027,-1,Echolocation,/mnt/ubna_data_02_mir/recover-20220922/UBNA_001/20220921_090000.WAV,Telephone Field,recover-20220922,001,1795
359.2515,359.2612,23750,30248,Nyctalus leisleri,0.01,0.026,-1,Echolocation,/mnt/ubna_data_02_mir/recover-20220922/UBNA_001/20220921_090000.WAV,Telephone Field,recover-20220922,001,1795
359.2695,359.308,68437,81941,Rhinolophus ferrumequinum,0.023,0.023,-1,Echolocation,/mnt/ubna_data_02_mir/recover-20220922/UBNA_001/20220921_090000.WAV,Telephone Field,recover-20220922,001,1795
359.2745,359.3137,68437,81806,Rhinolophus ferrumequinum,0.022,0.022,-1,Echolocation,/mnt/ubna_data_02_mir/recover-20220922/UBNA_001/20220921_090000.WAV,Telephone Field,recover-20220922,001,1795
359.2805,359.2918,22031,26178,Nyctalus leisleri,0.012,0.022,-1,Echolocation,/mnt/ubna_data_02_mir/recover-20220922/UBNA_001/20220921_090000.WAV,Telephone Field,recover-20220922,001,1795
359.3075,359.3244,22890,25966,Nyctalus leisleri,0.019,0.029,-1,Echolocation,/mnt/ubna_data_02_mir/recover-20220922/UBNA_001/20220921_090000.WAV,Telephone Field,recover-20220922,001,1795
359.3315,359.369,68437,82074,Rhinolophus ferrumequinum,0.023,0.023,-1,Echolocation,/mnt/ubna_data_02_mir/recover-20220922/UBNA_001/20220921_090000.WAV,Telephone Field,recover-20220922,001,1795
359.3355,359.345,28046,36799,Eptesicus serotinus,0.047,0.075,-1,Echolocation,/mnt/ubna_data_02_mir/recover-20220922/UBNA_001/20220921_090000.WAV,Telephone Field,recover-20220922,001,1795
359.35450000000003,359.3957,68437,82755,Rhinolophus ferrumequinum,0.026,0.026,-1,Echolocation,/mnt/ubna_data_02_mir/recover-20220922/UBNA_001/20220921_090000.WAV,Telephone Field,recover-20220922,001,1795
359.3755,359.41179999999997,68437,81251,Rhinolophus ferrumequinum,0.022,0.022,-1,Echolocation,/mnt/ubna_data_02_mir/recover-20220922/UBNA_001/20220921_090000.WAV,Telephone Field,recover-20220922,001,1795
359.3945,359.4306,68437,81494,Rhinolophus ferrumequinum,0.021,0.021,-1,Echolocation,/mnt/ubna_data_02_mir/recover-20220922/UBNA_001/20220921_090000.WAV,Telephone Field,recover-20220922,001,1795
359.4165,359.4255,14296,21750,Plecotus auritus,0.009,0.023,-1,Echolocation,/mnt/ubna_data_02_mir/recover-20220922/UBNA_001/20220921_090000.WAV,Telephone Field,recover-20220922,001,1795
359.4215,359.432,26328,33445,Eptesicus serotinus,0.016,0.039,-1,Echolocation,/mnt/ubna_data_02_mir/recover-20220922/UBNA_001/20220921_090000.WAV,Telephone Field,recover-20220922,001,1795
359.4475,359.4866,68437,82381,Rhinolophus ferrumequinum,0.025,0.025,-1,Echolocation,/mnt/ubna_data_02_mir/recover-20220922/UBNA_001/20220921_090000.WAV,Telephone Field,recover-20220922,001,1795
359.4565,359.495,68437,81759,Rhinolophus ferrumequinum,0.022,0.022,-1,Echolocation,/mnt/ubna_data_02_mir/recover-20220922/UBNA_001/20220921_090000.WAV,Telephone Field,recover-20220922,001,1795
359.47950000000003,359.5204,68437,82812,Rhinolophus ferrumequinum,0.024,0.024,-1,Echolocation,/mnt/ubna_data_02_mir/recover-20220922/UBNA_001/20220921_090000.WAV,Telephone Field,recover-20220922,001,1795
359.4835,359.4911,25468,34427,Plecotus austriacus,0.007,0.024,-1,Echolocation,/mnt/ubna_data_02_mir/recover-20220922/UBNA_001/20220921_090000.WAV,Telephone Field,recover-20220922,001,1795
359.5025,359.5082,49531,54894,Pipistrellus pipistrellus,0.021,0.022,-1,Echolocation,/mnt/ubna_data_02_mir/recover-20220922/UBNA_001/20220921_090000.WAV,Telephone Field,recover-20220922,001,1795
359.5175,359.5565,68437,82369,Rhinolophus ferrumequinum,0.021,0.021,-1,Echolocation,/mnt/ubna_data_02_mir/recover-20220922/UBNA_001/20220921_090000.WAV,Telephone Field,recover-20220922,001,1795
359.5235,359.5621,68437,81899,Rhinolophus ferrumequinum,0.023,0.023,-1,Echolocation,/mnt/ubna_data_02_mir/recover-20220922/UBNA_001/20220921_090000.WAV,Telephone Field,recover-20220922,001,1795
359.5695,359.6092,68437,82104,Rhinolophus ferrumequinum,0.023,0.023,-1,Echolocation,/mnt/ubna_data_02_mir/recover-20220922/UBNA_001/20220921_090000.WAV,Telephone Field,recover-20220922,001,1795
359.5705,359.5796,44375,52802,Pipistrellus pipistrellus,0.014,0.022,-1,Echolocation,/mnt/ubna_data_02_mir/recover-20220922/UBNA_001/20220921_090000.WAV,Telephone Field,recover-20220922,001,1795
359.5935,359.6023,28906,37261,Eptesicus serotinus,0.008,0.021,-1,Echolocation,/mnt/ubna_data_02_mir/recover-20220922/UBNA_001/20220921_090000.WAV,Telephone Field,recover-20220922,001,1795
359.5945,359.6047,22031,27441,Nyctalus leisleri,0.009,0.022,-1,Echolocation,/mnt/ubna_data_02_mir/recover-20220922/UBNA_001/20220921_090000.WAV,Telephone Field,recover-20220922,001,1795
359.6025,359.6087,50390,56655,Pipistrellus pipistrellus,0.019,0.022,-1,Echolocation,/mnt/ubna_data_02_mir/recover-20220922/UBNA_001/20220921_090000.WAV,Telephone Field,recover-20220922,001,1795
359.6155,359.6558,68437,82678,Rhinolophus ferrumequinum,0.026,0.026,-1,Echolocation,/mnt/ubna_data_02_mir/recover-20220922/UBNA_001/20220921_090000.WAV,Telephone Field,recover-20220922,001,1795
359.6225,359.664,68437,82653,Rhinolophus ferrumequinum,0.023,0.023,-1,Echolocation,/mnt/ubna_data_02_mir/recover-20220922/UBNA_001/20220921_090000.WAV,Telephone Field,recover-20220922,001,1795
359.6525,359.6604,28046,41602,Eptesicus serotinus,0.008,0.024,-1,Echolocation,/mnt/ubna_data_02_mir/recover-20220922/UBNA_001/20220921_090000.WAV,Telephone Field,recover-20220922,001,1795
359.6535,359.6905,68437,81938,Rhinolophus ferrumequinum,0.022,0.022,-1,Echolocation,/mnt/ubna_data_02_mir/recover-20220922/UBNA_001/20220921_090000.WAV,Telephone Field,recover-20220922,001,1795
359.6645,359.7037,68437,82179,Rhinolophus ferrumequinum,0.021,0.021,-1,Echolocation,/mnt/ubna_data_02_mir/recover-20220922/UBNA_001/20220921_090000.WAV,Telephone Field,recover-20220922,001,1795
359.6845,359.7236,68437,81648,Rhinolophus ferrumequinum,0.024,0.024,-1,Echolocation,/mnt/ubna_data_02_mir/recover-20220922/UBNA_001/20220921_090000.WAV,Telephone Field,recover-20220922,001,1795
359.6935,359.7328,68437,82441,Rhinolophus ferrumequinum,0.023,0.023,-1,Echolocation,/mnt/ubna_data_02_mir/recover-20220922/UBNA_001/20220921_090000.WAV,Telephone Field,recover-20220922,001,1795
359.7175,359.7598,68437,82851,Rhinolophus ferrumequinum,0.039,0.039,-1,Echolocation,/mnt/ubna_data_02_mir/recover-20220922/UBNA_001/20220921_090000.WAV,Telephone Field,recover-20220922,001,1795
359.7255,359.7393,22890,28011,Nyctalus leisleri,0.016,0.029,-1,Echolocation,/mnt/ubna_data_02_mir/recover-20220922/UBNA_001/20220921_090000.WAV,Telephone Field,recover-20220922,001,1795
359.7445,359.78340000000003,68437,82140,Rhinolophus ferrumequinum,0.021,0.021,-1,Echolocation,/mnt/ubna_data_02_mir/recover-20220922/UBNA_001/20220921_090000.WAV,Telephone Field,recover-20220922,001,1795
359.7765,359.7837,28046,41491,Eptesicus serotinus,0.007,0.023,-1,Echolocation,/mnt/ubna_data_02_mir/recover-20220922/UBNA_001/20220921_090000.WAV,Telephone Field,recover-20220922,001,1795
359.7875,359.7995,37500,41536,Pipistrellus nathusii,0.018,0.03,-1,Echolocation,/mnt/ubna_data_02_mir/recover-20220922/UBNA_001/20220921_090000.WAV,Telephone Field,recover-20220922,001,1795
359.8065,359.8142,26328,38194,Eptesicus serotinus,0.007,0.022,-1,Echolocation,/mnt/ubna_data_02_mir/recover-20220922/UBNA_001/20220921_090000.WAV,Telephone Field,recover-20220922,001,1795
359.83050000000003,359.8703,68437,82095,Rhinolophus ferrumequinum,0.025,0.025,-1,Echolocation,/mnt/ubna_data_02_mir/recover-20220922/UBNA_001/20220921_090000.WAV,Telephone Field,recover-20220922,001,1795
359.8365,359.878,68437,82577,Rhinolophus ferrumequinum,0.025,0.025,-1,Echolocation,/mnt/ubna_data_02_mir/recover-20220922/UBNA_001/20220921_090000.WAV,Telephone Field,recover-20220922,001,1795
359.9255,359.9677,68437,82936,Rhinolophus ferrumequinum,0.028,0.028,-1,Echolocation,/mnt/ubna_data_02_mir/recover-20220922/UBNA_001/20220921_090000.WAV,Telephone Field,recover-20220922,001,1795
359.9325,359.9411,24609,32492,Eptesicus serotinus,0.006,0.022,-1,Echolocation,/mnt/ubna_data_02_mir/recover-20220922/UBNA_001/20220921_090000.WAV,Telephone Field,recover-20220922,001,1795
359.9465,359.9573,23750,29343,Nyctalus leisleri,0.009,0.022,-1,Echolocation,/mnt/ubna_data_02_mir/recover-20220922/UBNA_001/20220921_090000.WAV,Telephone Field,recover-20220922,001,1795
359.9665,359.9729,51250,57976,Pipistrellus pipistrellus,0.019,0.023,-1,Echolocation,/mnt/ubna_data_02_mir/recover-20220922/UBNA_001/20220921_090000.WAV,Telephone Field,recover-20220922,001,1795
359.9845,359.9953,28906,36228,Eptesicus serotinus,0.011,0.026,-1,Echolocation,/mnt/ubna_data_02_mir/recover-20220922/UBNA_001/20220921_090000.WAV,Telephone Field,recover-20220922,001,1795
360.0015,360.0158,20312,25463,Nyctalus noctula,0.009,0.024,-1,Echolocation,/mnt/ubna_data_02_mir/recover-20220922/UBNA_001/20220921_090000.WAV,Telephone Field,recover-20220922,001,1795
360.0015,360.0329,69296,80880,Rhinolophus ferrumequinum,0.023,0.023,-1,Echolocation,/mnt/ubna_data_02_mir/recover-20220922/UBNA_001/20220921_090000.WAV,Telephone Field,recover-20220922,001,1795
360.0015,360.0109,46953,54744,Pipistrellus pipistrellus,0.022,0.029,-1,Echolocation,/mnt/ubna_data_02_mir/recover-20220922/UBNA_001/20220921_090000.WAV,Telephone Field,recover-20220922,001,1795
360.0085,360.0428,68437,80146,Rhinolophus ferrumequinum,0.022,0.022,-1,Echolocation,/mnt/ubna_data_02_mir/recover-20220922/UBNA_001/20220921_090000.WAV,Telephone Field,recover-20220922,001,1795
360.0115,360.022,22031,28274,Nyctalus leisleri,0.01,0.029,-1,Echolocation,/mnt/ubna_data_02_mir/recover-20220922/UBNA_001/20220921_090000.WAV,Telephone Field,recover-20220922,001,1795
360.1115,360.1493,68437,81755,Rhinolophus ferrumequinum,0.031,0.031,-1,Echolocation,/mnt/ubna_data_02_mir/recover-20220922/UBNA_001/20220921_090000.WAV,Telephone Field,recover-20220922,001,1795
360.1585,360.1666,29765,40086,Eptesicus serotinus,0.008,0.024,-1,Echolocation,/mnt/ubna_data_02_mir/recover-20220922/UBNA_001/20220921_090000.WAV,Telephone Field,recover-20220922,001,1795
360.1825,360.1933,28906,35672,Eptesicus serotinus,0.012,0.027,-1,Echolocation,/mnt/ubna_data_02_mir/recover-20220922/UBNA_001/20220921_090000.WAV,Telephone Field,recover-20220922,001,1795
360.2045,360.2117,25468,35017,Plecotus austriacus,0.009,0.028,-1,Echolocation,/mnt/ubna_data_02_mir/recover-20220922/UBNA_001/20220921_090000.WAV,Telephone Field,recover-20220922,001,1795
360.2155,360.222,46093,50449,Pipistrellus pipistrellus,0.033,0.034,-1,Echolocation,/mnt/ubna_data_02_mir/recover-20220922/UBNA_001/20220921_090000.WAV,Telephone Field,recover-20220922,001,1795
360.2395,360.279,68437,82417,Rhinolophus ferrumequinum,0.028,0.028,-1,Echolocation,/mnt/ubna_data_02_mir/recover-20220922/UBNA_001/20220921_090000.WAV,Telephone Field,recover-20220922,001,1795
360.2775,360.3167,68437,82409,Rhinolophus ferrumequinum,0.023,0.023,-1,Echolocation,/mnt/ubna_data_02_mir/recover-20220922/UBNA_001/20220921_090000.WAV,Telephone Field,recover-20220922,001,1795
360.2855,360.3254,68437,83130,Rhinolophus ferrumequinum,0.027,0.027,-1,Echolocation,/mnt/ubna_data_02_mir/recover-20220922/UBNA_001/20220921_090000.WAV,Telephone Field,recover-20220922,001,1795
360.3065,360.35,68437,82852,Rhinolophus ferrumequinum,0.031,0.031,-1,Echolocation,/mnt/ubna_data_02_mir/recover-20220922/UBNA_001/20220921_090000.WAV,Telephone Field,recover-20220922,001,1795
360.3325,360.3423,28046,36318,Eptesicus serotinus,0.011,0.023,-1,Echolocation,/mnt/ubna_data_02_mir/recover-20220922/UBNA_001/20220921_090000.WAV,Telephone Field,recover-20220922,001,1795
360.3495,360.3898,68437,82461,Rhinolophus ferrumequinum,0.032,0.032,-1,Echolocation,/mnt/ubna_data_02_mir/recover-20220922/UBNA_001/20220921_090000.WAV,Telephone Field,recover-20220922,001,1795
360.3745,360.4131,68437,82613,Rhinolophus ferrumequinum,0.024,0.024,-1,Echolocation,/mnt/ubna_data_02_mir/recover-20220922/UBNA_001/20220921_090000.WAV,Telephone Field,recover-20220922,001,1795
360.4065,360.4472,68437,82387,Rhinolophus ferrumequinum,0.026,0.026,-1,Echolocation,/mnt/ubna_data_02_mir/recover-20220922/UBNA_001/20220921_090000.WAV,Telephone Field,recover-20220922,001,1795
360.4175,360.4294,29765,36344,Eptesicus serotinus,0.016,0.029,-1,Echolocation,/mnt/ubna_data_02_mir/recover-20220922/UBNA_001/20220921_090000.WAV,Telephone Field,recover-20220922,001,1795
360.4525,360.4611,48671,57837,Pipistrellus pipistrellus,0.019,0.022,-1,Echolocation,/mnt/ubna_data_02_mir/recover-20220922/UBNA_001/20220921_090000.WAV,Telephone Field,recover-20220922,001,1795
360.4555,360.4672,22031,26083,Nyctalus leisleri,0.016,0.031,-1,Echolocation,/mnt/ubna_data_02_mir/recover-20220922/UBNA_001/20220921_090000.WAV,Telephone Field,recover-20220922,001,1795
360.4805,360.5222,68437,82462,Rhinolophus ferrumequinum,0.026,0.026,-1,Echolocation,/mnt/ubna_data_02_mir/recover-20220922/UBNA_001/20220921_090000.WAV,Telephone Field,recover-20220922,001,1795
360.5125,360.5519,68437,81883,Rhinolophus ferrumequinum,0.03,0.03,-1,Echolocation,/mnt/ubna_data_02_mir/recover-20220922/UBNA_001/20220921_090000.WAV,Telephone Field,recover-20220922,001,1795
360.5255,360.5374,27187,33524,Eptesicus serotinus,0.016,0.03,-1,Echolocation,/mnt/ubna_data_02_mir/recover-20220922/UBNA_001/20220921_090000.WAV,Telephone Field,recover-20220922,001,1795
360.6035,360.6157,24609,30242,Nyctalus leisleri,0.011,0.026,-1,Echolocation,/mnt/ubna_data_02_mir/recover-20220922/UBNA_001/20220921_090000.WAV,Telephone Field,recover-20220922,001,1795
360.6225,360.6336,28906,36061,Eptesicus serotinus,0.014,0.028,-1,Echolocation,/mnt/ubna_data_02_mir/recover-20220922/UBNA_001/20220921_090000.WAV,Telephone Field,recover-20220922,001,1795
360.6535,360.6641,26328,34046,Eptesicus serotinus,0.025,0.045,-1,Echolocation,/mnt/ubna_data_02_mir/recover-20220922/UBNA_001/20220921_090000.WAV,Telephone Field,recover-20220922,001,1795
360.6585,360.6964,68437,82714,Rhinolophus ferrumequinum,0.023,0.023,-1,Echolocation,/mnt/ubna_data_02_mir/recover-20220922/UBNA_001/20220921_090000.WAV,Telephone Field,recover-20220922,001,1795
360.6935,360.7351,68437,83152,Rhinolophus ferrumequinum,0.042,0.042,-1,Echolocation,/mnt/ubna_data_02_mir/recover-20220922/UBNA_001/20220921_090000.WAV,Telephone Field,recover-20220922,001,1795
360.7005,360.7093,28046,38618,Eptesicus serotinus,0.01,0.024,-1,Echolocation,/mnt/ubna_data_02_mir/recover-20220922/UBNA_001/20220921_090000.WAV,Telephone Field,recover-20220922,001,1795
360.7395,360.7755,68437,80890,Rhinolophus ferrumequinum,0.023,0.023,-1,Echolocation,/mnt/ubna_data_02_mir/recover-20220922/UBNA_001/20220921_090000.WAV,Telephone Field,recover-20220922,001,1795
360.7425,360.7534,24609,30477,Nyctalus leisleri,0.012,0.028,-1,Echolocation,/mnt/ubna_data_02_mir/recover-20220922/UBNA_001/20220921_090000.WAV,Telephone Field,recover-20220922,001,1795
360.7595,360.8008,68437,82463,Rhinolophus ferrumequinum,0.031,0.031,-1,Echolocation,/mnt/ubna_data_02_mir/recover-20220922/UBNA_001/20220921_090000.WAV,Telephone Field,recover-20220922,001,1795
360.7885,360.8311,68437,83090,Rhinolophus ferrumequinum,0.024,0.024,-1,Echolocation,/mnt/ubna_data_02_mir/recover-20220922/UBNA_001/20220921_090000.WAV,Telephone Field,recover-20220922,001,1795
360.7945,360.8361,68437,83189,Rhinolophus ferrumequinum,0.024,0.024,-1,Echolocation,/mnt/ubna_data_02_mir/recover-20220922/UBNA_001/20220921_090000.WAV,Telephone Field,recover-20220922,001,1795
360.8195,360.8282,22890,29774,Plecotus austriacus,0.008,0.022,-1,Echolocation,/mnt/ubna_data_02_mir/recover-20220922/UBNA_001/20220921_090000.WAV,Telephone Field,recover-20220922,001,1795
360.8445,360.8827,68437,81683,Rhinolophus ferrumequinum,0.026,0.026,-1,Echolocation,/mnt/ubna_data_02_mir/recover-20220922/UBNA_001/20220921_090000.WAV,Telephone Field,recover-20220922,001,1795
360.8785,360.9218,68437,83149,Rhinolophus ferrumequinum,0.037,0.037,-1,Echolocation,/mnt/ubna_data_02_mir/recover-20220922/UBNA_001/20220921_090000.WAV,Telephone Field,recover-20220922,001,1795
360.9005,360.9097,28046,35697,Eptesicus serotinus,0.01,0.023,-1,Echolocation,/mnt/ubna_data_02_mir/recover-20220922/UBNA_001/20220921_090000.WAV,Telephone Field,recover-20220922,001,1795
360.9195,360.9585,68437,82296,Rhinolophus ferrumequinum,0.023,0.023,-1,Echolocation,/mnt/ubna_data_02_mir/recover-20220922/UBNA_001/20220921_090000.WAV,Telephone Field,recover-20220922,001,1795
360.9855,360.9952,22890,29797,Nyctalus leisleri,0.008,0.024,-1,Echolocation,/mnt/ubna_data_02_mir/recover-20220922/UBNA_001/20220921_090000.WAV,Telephone Field,recover-20220922,001,1795
361.0205,361.061,68437,82771,Rhinolophus ferrumequinum,0.023,0.023,-1,Echolocation,/mnt/ubna_data_02_mir/recover-20220922/UBNA_001/20220921_090000.WAV,Telephone Field,recover-20220922,001,1795
361.1235,361.1624,68437,81852,Rhinolophus ferrumequinum,0.022,0.022,-1,Echolocation,/mnt/ubna_data_02_mir/recover-20220922/UBNA_001/20220921_090000.WAV,Telephone Field,recover-20220922,001,1795
361.1265,361.1392,23750,29204,Nyctalus leisleri,0.014,0.03,-1,Echolocation,/mnt/ubna_data_02_mir/recover-20220922/UBNA_001/20220921_090000.WAV,Telephone Field,recover-20220922,001,1795
361.1465,361.1873,68437,83453,Rhinolophus ferrumequinum,0.029,0.029,-1,Echolocation,/mnt/ubna_data_02_mir/recover-20220922/UBNA_001/20220921_090000.WAV,Telephone Field,recover-20220922,001,1795
361.1465,361.1549,25468,34449,Eptesicus serotinus,0.009,0.022,-1,Echolocation,/mnt/ubna_data_02_mir/recover-20220922/UBNA_001/20220921_090000.WAV,Telephone Field,recover-20220922,001,1795
361.1655,361.2037,68437,82141,Rhinolophus ferrumequinum,0.022,0.022,-1,Echolocation,/mnt/ubna_data_02_mir/recover-20220922/UBNA_001/20220921_090000.WAV,Telephone Field,recover-20220922,001,1795
361.2065,361.2463,68437,82687,Rhinolophus ferrumequinum,0.022,0.022,-1,Echolocation,/mnt/ubna_data_02_mir/recover-20220922/UBNA_001/20220921_090000.WAV,Telephone Field,recover-20220922,001,1795
361.2495,361.2905,68437,82470,Rhinolophus ferrumequinum,0.026,0.026,-1,Echolocation,/mnt/ubna_data_02_mir/recover-20220922/UBNA_001/20220921_090000.WAV,Telephone Field,recover-20220922,001,1795
361.3025,361.3378,68437,81142,Rhinolophus ferrumequinum,0.025,0.025,-1,Echolocation,/mnt/ubna_data_02_mir/recover-20220922/UBNA_001/20220921_090000.WAV,Telephone Field,recover-20220922,001,1795
361.3515,361.3642,22031,26507,Nyctalus leisleri,0.013,0.023,-1,Echolocation,/mnt/ubna_data_02_mir/recover-20220922/UBNA_001/20220921_090000.WAV,Telephone Field,recover-20220922,001,1795
361.3785,361.3867,27187,37461,Eptesicus serotinus,0.008,0.024,-1,Echolocation,/mnt/ubna_data_02_mir/recover-20220922/UBNA_001/20220921_090000.WAV,Telephone Field,recover-20220922,001,1795
361.3855,361.4223,68437,81774,Rhinolophus ferrumequinum,0.022,0.022,-1,Echolocation,/mnt/ubna_data_02_mir/recover-20220922/UBNA_001/20220921_090000.WAV,Telephone Field,recover-20220922,001,1795
361.4235,361.4334,47812,51182,Pipistrellus pipistrellus,0.027,0.029,-1,Echolocation,/mnt/ubna_data_02_mir/recover-20220922/UBNA_001/20220921_090000.WAV,Telephone Field,recover-20220922,001,1795
361.4345,361.4767,68437,82409,Rhinolophus ferrumequinum,0.027,0.027,-1,Echolocation,/mnt/ubna_data_02_mir/recover-20220922/UBNA_001/20220921_090000.WAV,Telephone Field,recover-20220922,001,1795
361.4495,361.4592,28046,35886,Eptesicus serotinus,0.01,0.023,-1,Echolocation,/mnt/ubna_data_02_mir/recover-20220922/UBNA_001/20220921_090000.WAV,Telephone Field,recover-20220922,001,1795
361.4685,361.4792,23750,30512,Nyctalus leisleri,0.011,0.033,-1,Echolocation,/mnt/ubna_data_02_mir/recover-20220922/UBNA_001/20220921_090000.WAV,Telephone Field,recover-20220922,001,1795
361.4865,361.4964,27187,35447,Eptesicus serotinus,0.012,0.026,-1,Echolocation,/mnt/ubna_data_02_mir/recover-20220922/UBNA_001/20220921_090000.WAV,Telephone Field,recover-20220922,001,1795
361.5045,361.546,68437,82335,Rhinolophus ferrumequinum,0.025,0.025,-1,Echolocation,/mnt/ubna_data_02_mir/recover-20220922/UBNA_001/20220921_090000.WAV,Telephone Field,recover-20220922,001,1795
361.5275,361.5635,68437,81614,Rhinolophus ferrumequinum,0.022,0.022,-1,Echolocation,/mnt/ubna_data_02_mir/recover-20220922/UBNA_001/20220921_090000.WAV,Telephone Field,recover-20220922,001,1795
361.5505,361.5914,68437,82661,Rhinolophus ferrumequinum,0.024,0.024,-1,Echolocation,/mnt/ubna_data_02_mir/recover-20220922/UBNA_001/20220921_090000.WAV,Telephone Field,recover-20220922,001,1795
361.5555,361.562,28046,39785,Eptesicus serotinus,0.006,0.024,-1,Echolocation,/mnt/ubna_data_02_mir/recover-20220922/UBNA_001/20220921_090000.WAV,Telephone Field,recover-20220922,001,1795
361.5835,361.6199,68437,81563,Rhinolophus ferrumequinum,0.022,0.022,-1,Echolocation,/mnt/ubna_data_02_mir/recover-20220922/UBNA_001/20220921_090000.WAV,Telephone Field,recover-20220922,001,1795
361.6055,361.6419,68437,81896,Rhinolophus ferrumequinum,0.025,0.025,-1,Echolocation,/mnt/ubna_data_02_mir/recover-20220922/UBNA_001/20220921_090000.WAV,Telephone Field,recover-20220922,001,1795
361.6135,361.6233,29765,38315,Eptesicus serotinus,0.012,0.026,-1,Echolocation,/mnt/ubna_data_02_mir/recover-20220922/UBNA_001/20220921_090000.WAV,Telephone Field,recover-20220922,001,1795
361.6205,361.6594,68437,82442,Rhinolophus ferrumequinum,0.023,0.023,-1,Echolocation,/mnt/ubna_data_02_mir/recover-20220922/UBNA_001/20220921_090000.WAV,Telephone Field,recover-20220922,001,1795
361.6495,361.6566,26328,38669,Eptesicus serotinus,0.007,0.022,-1,Echolocation,/mnt/ubna_data_02_mir/recover-20220922/UBNA_001/20220921_090000.WAV,Telephone Field,recover-20220922,001,1795
361.6515,361.6878,68437,82067,Rhinolophus ferrumequinum,0.03,0.03,-1,Echolocation,/mnt/ubna_data_02_mir/recover-20220922/UBNA_001/20220921_090000.WAV,Telephone Field,recover-20220922,001,1795
361.6985,361.7101,23750,29454,Nyctalus leisleri,0.017,0.042,-1,Echolocation,/mnt/ubna_data_02_mir/recover-20220922/UBNA_001/20220921_090000.WAV,Telephone Field,recover-20220922,001,1795
361.7145,361.7252,29765,37627,Eptesicus serotinus,0.01,0.024,-1,Echolocation,/mnt/ubna_data_02_mir/recover-20220922/UBNA_001/20220921_090000.WAV,Telephone Field,recover-20220922,001,1795
361.7515,361.7634,22890,27736,Nyctalus leisleri,0.014,0.026,-1,Echolocation,/mnt/ubna_data_02_mir/recover-20220922/UBNA_001/20220921_090000.WAV,Telephone Field,recover-20220922,001,1795
361.7785,361.7875,28906,37827,Eptesicus serotinus,0.008,0.025,-1,Echolocation,/mnt/ubna_data_02_mir/recover-20220922/UBNA_001/20220921_090000.WAV,Telephone Field,recover-20220922,001,1795
361.7935,361.8332,68437,81800,Rhinolophus ferrumequinum,0.031,0.031,-1,Echolocation,/mnt/ubna_data_02_mir/recover-20220922/UBNA_001/20220921_090000.WAV,Telephone Field,recover-20220922,001,1795
361.8095,361.8193,28906,36958,Eptesicus serotinus,0.01,0.023,-1,Echolocation,/mnt/ubna_data_02_mir/recover-20220922/UBNA_001/20220921_090000.WAV,Telephone Field,recover-20220922,001,1795
361.8105,361.8508,68437,82684,Rhinolophus ferrumequinum,0.03,0.03,-1,Echolocation,/mnt/ubna_data_02_mir/recover-20220922/UBNA_001/20220921_090000.WAV,Telephone Field,recover-20220922,001,1795
361.8505,361.861,28046,36437,Eptesicus serotinus,0.011,0.025,-1,Echolocation,/mnt/ubna_data_02_mir/recover-20220922/UBNA_001/20220921_090000.WAV,Telephone Field,recover-20220922,001,1795
361.8745,361.9112,68437,81776,Rhinolophus ferrumequinum,0.024,0.024,-1,Echolocation,/mnt/ubna_data_02_mir/recover-20220922/UBNA_001/20220921_090000.WAV,Telephone Field,recover-20220922,001,1795
361.8755,361.8834,28046,38548,Eptesicus serotinus,0.008,0.024,-1,Echolocation,/mnt/ubna_data_02_mir/recover-20220922/UBNA_001/20220921_090000.WAV,Telephone Field,recover-20220922,001,1795
361.9095,361.9458,68437,81087,Rhinolophus ferrumequinum,0.022,0.022,-1,Echolocation,/mnt/ubna_data_02_mir/recover-20220922/UBNA_001/20220921_090000.WAV,Telephone Field,recover-20220922,001,1795
361.9655,361.9753,28046,39437,Eptesicus serotinus,0.01,0.024,-1,Echolocation,/mnt/ubna_data_02_mir/recover-20220922/UBNA_001/20220921_090000.WAV,Telephone Field,recover-20220922,001,1795
362.0015,362.0382,68437,80749,Rhinolophus ferrumequinum,0.05,0.05,-1,Echolocation,/mnt/ubna_data_02_mir/recover-20220922/UBNA_001/20220921_090000.WAV,Telephone Field,recover-20220922,001,1795
362.0015,362.0107,25468,33748,Nyctalus leisleri,0.011,0.032,-1,Echolocation,/mnt/ubna_data_02_mir/recover-20220922/UBNA_001/20220921_090000.WAV,Telephone Field,recover-20220922,001,1795
362.0105,362.0566,68437,83106,Rhinolophus ferrumequinum,0.026,0.026,-1,Echolocation,/mnt/ubna_data_02_mir/recover-20220922/UBNA_001/20220921_090000.WAV,Telephone Field,recover-20220922,001,1795
362.0495,362.0898,68437,82360,Rhinolophus ferrumequinum,0.023,0.023,-1,Echolocation,/mnt/ubna_data_02_mir/recover-20220922/UBNA_001/20220921_090000.WAV,Telephone Field,recover-20220922,001,1795
362.0635,362.097,68437,80882,Rhinolophus ferrumequinum,0.022,0.022,-1,Echolocation,/mnt/ubna_data_02_mir/recover-20220922/UBNA_001/20220921_090000.WAV,Telephone Field,recover-20220922,001,1795
362.0665,362.0746,26328,35767,Eptesicus serotinus,0.01,0.025,-1,Echolocation,/mnt/ubna_data_02_mir/recover-20220922/UBNA_001/20220921_090000.WAV,Telephone Field,recover-20220922,001,1795
362.0965,362.1084,25468,31640,Eptesicus serotinus,0.035,0.071,-1,Echolocation,/mnt/ubna_data_02_mir/recover-20220922/UBNA_001/20220921_090000.WAV,Telephone Field,recover-20220922,001,1795
362.1475,362.1857,68437,82098,Rhinolophus ferrumequinum,0.025,0.025,-1,Echolocation,/mnt/ubna_data_02_mir/recover-20220922/UBNA_001/20220921_090000.WAV,Telephone Field,recover-20220922,001,1795
362.1535,362.1604,24609,34399,Plecotus austriacus,0.011,0.027,-1,Echolocation,/mnt/ubna_data_02_mir/recover-20220922/UBNA_001/20220921_090000.WAV,Telephone Field,recover-20220922,001,1795
362.1835,362.2232,68437,82685,Rhinolophus ferrumequinum,0.027,0.027,-1,Echolocation,/mnt/ubna_data_02_mir/recover-20220922/UBNA_001/20220921_090000.WAV,Telephone Field,recover-20220922,001,1795
362.2115,362.2198,27187,38758,Eptesicus serotinus,0.008,0.022,-1,Echolocation,/mnt/ubna_data_02_mir/recover-20220922/UBNA_001/20220921_090000.WAV,Telephone Field,recover-20220922,001,1795
362.2315,362.2736,68437,82815,Rhinolophus ferrumequinum,0.038,0.038,-1,Echolocation,/mnt/ubna_data_02_mir/recover-20220922/UBNA_001/20220921_090000.WAV,Telephone Field,recover-20220922,001,1795
362.2415,362.2522,22031,26181,Nyctalus leisleri,0.014,0.024,-1,Echolocation,/mnt/ubna_data_02_mir/recover-20220922/UBNA_001/20220921_090000.WAV,Telephone Field,recover-20220922,001,1795
362.2495,362.2882,68437,82197,Rhinolophus ferrumequinum,0.023,0.023,-1,Echolocation,/mnt/ubna_data_02_mir/recover-20220922/UBNA_001/20220921_090000.WAV,Telephone Field,recover-20220922,001,1795
362.2715,362.2794,28046,38626,Eptesicus serotinus,0.008,0.023,-1,Echolocation,/mnt/ubna_data_02_mir/recover-20220922/UBNA_001/20220921_090000.WAV,Telephone Field,recover-20220922,001,1795
362.2785,362.3192,68437,82803,Rhinolophus ferrumequinum,0.025,0.025,-1,Echolocation,/mnt/ubna_data_02_mir/recover-20220922/UBNA_001/20220921_090000.WAV,Telephone Field,recover-20220922,001,1795
362.2855,362.2978,22031,26565,Nyctalus leisleri,0.013,0.024,-1,Echolocation,/mnt/ubna_data_02_mir/recover-20220922/UBNA_001/20220921_090000.WAV,Telephone Field,recover-20220922,001,1795
362.3025,362.3395,68437,81704,Rhinolophus ferrumequinum,0.023,0.023,-1,Echolocation,/mnt/ubna_data_02_mir/recover-20220922/UBNA_001/20220921_090000.WAV,Telephone Field,recover-20220922,001,1795
362.3105,362.3208,28906,36739,Eptesicus serotinus,0.01,0.025,-1,Echolocation,/mnt/ubna_data_02_mir/recover-20220922/UBNA_001/20220921_090000.WAV,Telephone Field,recover-20220922,001,1795
362.3195,362.3299,28046,36097,Eptesicus serotinus,0.011,0.025,-1,Echolocation,/mnt/ubna_data_02_mir/recover-20220922/UBNA_001/20220921_090000.WAV,Telephone Field,recover-20220922,001,1795
362.3375,362.3482,22031,27314,Nyctalus leisleri,0.012,0.026,-1,Echolocation,/mnt/ubna_data_02_mir/recover-20220922/UBNA_001/20220921_090000.WAV,Telephone Field,recover-20220922,001,1795
362.3635,362.4023,68437,82239,Rhinolophus ferrumequinum,0.025,0.025,-1,Echolocation,/mnt/ubna_data_02_mir/recover-20220922/UBNA_001/20220921_090000.WAV,Telephone Field,recover-20220922,001,1795
362.3665,362.377,22890,29219,Nyctalus leisleri,0.011,0.025,-1,Echolocation,/mnt/ubna_data_02_mir/recover-20220922/UBNA_001/20220921_090000.WAV,Telephone Field,recover-20220922,001,1795
362.3725,362.4098,68437,81229,Rhinolophus ferrumequinum,0.023,0.023,-1,Echolocation,/mnt/ubna_data_02_mir/recover-20220922/UBNA_001/20220921_090000.WAV,Telephone Field,recover-20220922,001,1795
362.3875,362.4266,68437,82124,Rhinolophus ferrumequinum,0.025,0.025,-1,Echolocation,/mnt/ubna_data_02_mir/recover-20220922/UBNA_001/20220921_090000.WAV,Telephone Field,recover-20220922,001,1795
362.3945,362.4046,28906,37482,Eptesicus serotinus,0.011,0.026,-1,Echolocation,/mnt/ubna_data_02_mir/recover-20220922/UBNA_001/20220921_090000.WAV,Telephone Field,recover-20220922,001,1795
362.4085,362.4164,28046,38398,Eptesicus serotinus,0.007,0.022,-1,Echolocation,/mnt/ubna_data_02_mir/recover-20220922/UBNA_001/20220921_090000.WAV,Telephone Field,recover-20220922,001,1795
362.4155,362.4538,68437,81898,Rhinolophus ferrumequinum,0.023,0.023,-1,Echolocation,/mnt/ubna_data_02_mir/recover-20220922/UBNA_001/20220921_090000.WAV,Telephone Field,recover-20220922,001,1795
362.4385,362.4789,68437,82256,Rhinolophus ferrumequinum,0.023,0.023,-1,Echolocation,/mnt/ubna_data_02_mir/recover-20220922/UBNA_001/20220921_090000.WAV,Telephone Field,recover-20220922,001,1795
362.4395,362.4477,28046,39089,Eptesicus serotinus,0.008,0.023,-1,Echolocation,/mnt/ubna_data_02_mir/recover-20220922/UBNA_001/20220921_090000.WAV,Telephone Field,recover-20220922,001,1795
362.4555,362.4654,24609,32229,Eptesicus serotinus,0.012,0.033,-1,Echolocation,/mnt/ubna_data_02_mir/recover-20220922/UBNA_001/20220921_090000.WAV,Telephone Field,recover-20220922,001,1795
362.4935,362.5044,28046,35903,Eptesicus serotinus,0.02,0.037,-1,Echolocation,/mnt/ubna_data_02_mir/recover-20220922/UBNA_001/20220921_090000.WAV,Telephone Field,recover-20220922,001,1795
362.4975,362.5393,68437,82670,Rhinolophus ferrumequinum,0.027,0.027,-1,Echolocation,/mnt/ubna_data_02_mir/recover-20220922/UBNA_001/20220921_090000.WAV,Telephone Field,recover-20220922,001,1795
362.5525,362.5916,68437,82188,Rhinolophus ferrumequinum,0.023,0.023,-1,Echolocation,/mnt/ubna_data_02_mir/recover-20220922/UBNA_001/20220921_090000.WAV,Telephone Field,recover-20220922,001,1795
362.5825,362.6212,68437,81816,Rhinolophus ferrumequinum,0.024,0.024,-1,Echolocation,/mnt/ubna_data_02_mir/recover-20220922/UBNA_001/20220921_090000.WAV,Telephone Field,recover-20220922,001,1795
362.5865,362.5954,28046,40079,Eptesicus serotinus,0.009,0.025,-1,Echolocation,/mnt/ubna_data_02_mir/recover-20220922/UBNA_001/20220921_090000.WAV,Telephone Field,recover-20220922,001,1795
362.5905,362.6268,68437,81720,Rhinolophus ferrumequinum,0.024,0.024,-1,Echolocation,/mnt/ubna_data_02_mir/recover-20220922/UBNA_001/20220921_090000.WAV,Telephone Field,recover-20220922,001,1795
362.6285,362.6407,23750,29784,Nyctalus leisleri,0.016,0.039,-1,Echolocation,/mnt/ubna_data_02_mir/recover-20220922/UBNA_001/20220921_090000.WAV,Telephone Field,recover-20220922,001,1795
362.6355,362.675,68437,82499,Rhinolophus ferrumequinum,0.031,0.031,-1,Echolocation,/mnt/ubna_data_02_mir/recover-20220922/UBNA_001/20220921_090000.WAV,Telephone Field,recover-20220922,001,1795
362.6645,362.6709,24609,34933,Plecotus austriacus,0.016,0.038,-1,Echolocation,/mnt/ubna_data_02_mir/recover-20220922/UBNA_001/20220921_090000.WAV,Telephone Field,recover-20220922,001,1795
362.7245,362.733,44375,48501,Pipistrellus pipistrellus,0.034,0.035,-1,Echolocation,/mnt/ubna_data_02_mir/recover-20220922/UBNA_001/20220921_090000.WAV,Telephone Field,recover-20220922,001,1795
362.7405,362.7789,68437,81930,Rhinolophus ferrumequinum,0.025,0.025,-1,Echolocation,/mnt/ubna_data_02_mir/recover-20220922/UBNA_001/20220921_090000.WAV,Telephone Field,recover-20220922,001,1795
362.7515,362.7604,28046,38743,Eptesicus serotinus,0.008,0.023,-1,Echolocation,/mnt/ubna_data_02_mir/recover-20220922/UBNA_001/20220921_090000.WAV,Telephone Field,recover-20220922,001,1795
362.7685,362.7811,25468,31884,Eptesicus serotinus,0.013,0.027,-1,Echolocation,/mnt/ubna_data_02_mir/recover-20220922/UBNA_001/20220921_090000.WAV,Telephone Field,recover-20220922,001,1795
362.7735,362.8106,68437,80715,Rhinolophus ferrumequinum,0.023,0.023,-1,Echolocation,/mnt/ubna_data_02_mir/recover-20220922/UBNA_001/20220921_090000.WAV,Telephone Field,recover-20220922,001,1795
362.7845,362.8247,68437,82224,Rhinolophus ferrumequinum,0.025,0.025,-1,Echolocation,/mnt/ubna_data_02_mir/recover-20220922/UBNA_001/20220921_090000.WAV,Telephone Field,recover-20220922,001,1795
362.8545,362.8629,27187,39756,Eptesicus serotinus,0.008,0.023,-1,Echolocation,/mnt/ubna_data_02_mir/recover-20220922/UBNA_001/20220921_090000.WAV,Telephone Field,recover-20220922,001,1795
362.8885,362.8979,28046,36846,Eptesicus serotinus,0.008,0.023,-1,Echolocation,/mnt/ubna_data_02_mir/recover-20220922/UBNA_001/20220921_090000.WAV,Telephone Field,recover-20220922,001,1795
362.8935,362.9335,68437,82953,Rhinolophus ferrumequinum,0.025,0.025,-1,Echolocation,/mnt/ubna_data_02_mir/recover-20220922/UBNA_001/20220921_090000.WAV,Telephone Field,recover-20220922,001,1795
362.9205,362.9277,28046,37190,Eptesicus serotinus,0.015,0.039,-1,Echolocation,/mnt/ubna_data_02_mir/recover-20220922/UBNA_001/20220921_090000.WAV,Telephone Field,recover-20220922,001,1795
362.9295,362.939,53828,58574,Pipistrellus pygmaeus,0.02,0.024,-1,Echolocation,/mnt/ubna_data_02_mir/recover-20220922/UBNA_001/20220921_090000.WAV,Telephone Field,recover-20220922,001,1795
362.9615,362.9997,68437,82053,Rhinolophus ferrumequinum,0.024,0.024,-1,Echolocation,/mnt/ubna_data_02_mir/recover-20220922/UBNA_001/20220921_090000.WAV,Telephone Field,recover-20220922,001,1795
363.0345,363.0453,28906,36967,Eptesicus serotinus,0.013,0.026,-1,Echolocation,/mnt/ubna_data_02_mir/recover-20220922/UBNA_001/20220921_090000.WAV,Telephone Field,recover-20220922,001,1795
363.0405,363.0813,68437,82603,Rhinolophus ferrumequinum,0.022,0.022,-1,Echolocation,/mnt/ubna_data_02_mir/recover-20220922/UBNA_001/20220921_090000.WAV,Telephone Field,recover-20220922,001,1795
363.0695,363.1079,68437,82394,Rhinolophus ferrumequinum,0.024,0.024,-1,Echolocation,/mnt/ubna_data_02_mir/recover-20220922/UBNA_001/20220921_090000.WAV,Telephone Field,recover-20220922,001,1795
363.1515,363.1895,68437,81881,Rhinolophus ferrumequinum,0.027,0.027,-1,Echolocation,/mnt/ubna_data_02_mir/recover-20220922/UBNA_001/20220921_090000.WAV,Telephone Field,recover-20220922,001,1795
363.2085,363.2181,28906,37492,Eptesicus serotinus,0.011,0.026,-1,Echolocation,/mnt/ubna_data_02_mir/recover-20220922/UBNA_001/20220921_090000.WAV,Telephone Field,recover-20220922,001,1795
363.2215,363.2641,68437,82991,Rhinolophus ferrumequinum,0.028,0.028,-1,Echolocation,/mnt/ubna_data_02_mir/recover-20220922/UBNA_001/20220921_090000.WAV,Telephone Field,recover-20220922,001,1795
363.2325,363.2394,46953,50651,Pipistrellus pipistrellus,0.025,0.025,-1,Echolocation,/mnt/ubna_data_02_mir/recover-20220922/UBNA_001/20220921_090000.WAV,Telephone Field,recover-20220922,001,1795
363.2655,363.3035,68437,81892,Rhinolophus ferrumequinum,0.024,0.024,-1,Echolocation,/mnt/ubna_data_02_mir/recover-20220922/UBNA_001/20220921_090000.WAV,Telephone Field,recover-20220922,001,1795
363.2775,363.2888,27187,34403,Eptesicus serotinus,0.02,0.035,-1,Echolocation,/mnt/ubna_data_02_mir/recover-20220922/UBNA_001/20220921_090000.WAV,Telephone Field,recover-20220922,001,1795
363.2935,363.33,68437,81208,Rhinolophus ferrumequinum,0.022,0.022,-1,Echolocation,/mnt/ubna_data_02_mir/recover-20220922/UBNA_001/20220921_090000.WAV,Telephone Field,recover-20220922,001,1795
363.3435,363.3843,68437,82091,Rhinolophus ferrumequinum,0.024,0.024,-1,Echolocation,/mnt/ubna_data_02_mir/recover-20220922/UBNA_001/20220921_090000.WAV,Telephone Field,recover-20220922,001,1795
363.3655,363.3735,28046,38256,Eptesicus serotinus,0.008,0.024,-1,Echolocation,/mnt/ubna_data_02_mir/recover-20220922/UBNA_001/20220921_090000.WAV,Telephone Field,recover-20220922,001,1795
363.4115,363.4185,47812,53002,Pipistrellus pipistrellus,0.024,0.025,-1,Echolocation,/mnt/ubna_data_02_mir/recover-20220922/UBNA_001/20220921_090000.WAV,Telephone Field,recover-20220922,001,1795
363.4225,363.4318,28046,36942,Eptesicus serotinus,0.009,0.022,-1,Echolocation,/mnt/ubna_data_02_mir/recover-20220922/UBNA_001/20220921_090000.WAV,Telephone Field,recover-20220922,001,1795
363.4315,363.4722,68437,82796,Rhinolophus ferrumequinum,0.035,0.035,-1,Echolocation,/mnt/ubna_data_02_mir/recover-20220922/UBNA_001/20220921_090000.WAV,Telephone Field,recover-20220922,001,1795
363.4445,363.4519,48671,52514,Pipistrellus pipistrellus,0.024,0.025,-1,Echolocation,/mnt/ubna_data_02_mir/recover-20220922/UBNA_001/20220921_090000.WAV,Telephone Field,recover-20220922,001,1795
363.5135,363.5556,68437,82758,Rhinolophus ferrumequinum,0.03,0.03,-1,Echolocation,/mnt/ubna_data_02_mir/recover-20220922/UBNA_001/20220921_090000.WAV,Telephone Field,recover-20220922,001,1795
363.5185,363.5291,28046,34411,Eptesicus serotinus,0.015,0.03,-1,Echolocation,/mnt/ubna_data_02_mir/recover-20220922/UBNA_001/20220921_090000.WAV,Telephone Field,recover-20220922,001,1795
363.5445,363.5538,28046,37030,Eptesicus serotinus,0.01,0.026,-1,Echolocation,/mnt/ubna_data_02_mir/recover-20220922/UBNA_001/20220921_090000.WAV,Telephone Field,recover-20220922,001,1795
363.5785,363.6179,68437,82135,Rhinolophus ferrumequinum,0.022,0.022,-1,Echolocation,/mnt/ubna_data_02_mir/recover-20220922/UBNA_001/20220921_090000.WAV,Telephone Field,recover-20220922,001,1795
363.5855,363.5939,26328,36996,Eptesicus serotinus,0.007,0.025,-1,Echolocation,/mnt/ubna_data_02_mir/recover-20220922/UBNA_001/20220921_090000.WAV,Telephone Field,recover-20220922,001,1795
363.6155,363.6264,23750,30298,Nyctalus leisleri,0.01,0.023,-1,Echolocation,/mnt/ubna_data_02_mir/recover-20220922/UBNA_001/20220921_090000.WAV,Telephone Field,recover-20220922,001,1795
363.6405,363.6818,68437,83066,Rhinolophus ferrumequinum,0.028,0.028,-1,Echolocation,/mnt/ubna_data_02_mir/recover-20220922/UBNA_001/20220921_090000.WAV,Telephone Field,recover-20220922,001,1795
363.6715,363.709,68437,81626,Rhinolophus ferrumequinum,0.032,0.032,-1,Echolocation,/mnt/ubna_data_02_mir/recover-20220922/UBNA_001/20220921_090000.WAV,Telephone Field,recover-20220922,001,1795
363.7035,363.7146,23750,29471,Nyctalus leisleri,0.011,0.026,-1,Echolocation,/mnt/ubna_data_02_mir/recover-20220922/UBNA_001/20220921_090000.WAV,Telephone Field,recover-20220922,001,1795
363.7105,363.7454,68437,81521,Rhinolophus ferrumequinum,0.024,0.024,-1,Echolocation,/mnt/ubna_data_02_mir/recover-20220922/UBNA_001/20220921_090000.WAV,Telephone Field,recover-20220922,001,1795
363.7465,363.7544,28906,38255,Eptesicus serotinus,0.01,0.029,-1,Echolocation,/mnt/ubna_data_02_mir/recover-20220922/UBNA_001/20220921_090000.WAV,Telephone Field,recover-20220922,001,1795
363.7745,363.8187,68437,83511,Rhinolophus ferrumequinum,0.037,0.037,-1,Echolocation,/mnt/ubna_data_02_mir/recover-20220922/UBNA_001/20220921_090000.WAV,Telephone Field,recover-20220922,001,1795
363.7865,363.7963,37500,42655,Barbastellus barbastellus,0.009,0.027,-1,Echolocation,/mnt/ubna_data_02_mir/recover-20220922/UBNA_001/20220921_090000.WAV,Telephone Field,recover-20220922,001,1795
363.7885,363.7977,28046,37960,Eptesicus serotinus,0.008,0.023,-1,Echolocation,/mnt/ubna_data_02_mir/recover-20220922/UBNA_001/20220921_090000.WAV,Telephone Field,recover-20220922,001,1795
363.7985,363.8087,46093,51932,Pipistrellus pipistrellus,0.027,0.029,-1,Echolocation,/mnt/ubna_data_02_mir/recover-20220922/UBNA_001/20220921_090000.WAV,Telephone Field,recover-20220922,001,1795
363.8005,363.8112,22031,26636,Nyctalus leisleri,0.012,0.024,-1,Echolocation,/mnt/ubna_data_02_mir/recover-20220922/UBNA_001/20220921_090000.WAV,Telephone Field,recover-20220922,001,1795
363.8485,363.8859,68437,81650,Rhinolophus ferrumequinum,0.023,0.023,-1,Echolocation,/mnt/ubna_data_02_mir/recover-20220922/UBNA_001/20220921_090000.WAV,Telephone Field,recover-20220922,001,1795
363.8555,363.8917,68437,81709,Rhinolophus ferrumequinum,0.022,0.022,-1,Echolocation,/mnt/ubna_data_02_mir/recover-20220922/UBNA_001/20220921_090000.WAV,Telephone Field,recover-20220922,001,1795
363.9275,363.9352,28906,41564,Eptesicus serotinus,0.007,0.023,-1,Echolocation,/mnt/ubna_data_02_mir/recover-20220922/UBNA_001/20220921_090000.WAV,Telephone Field,recover-20220922,001,1795
363.9365,363.9776,68437,82708,Rhinolophus ferrumequinum,0.032,0.032,-1,Echolocation,/mnt/ubna_data_02_mir/recover-20220922/UBNA_001/20220921_090000.WAV,Telephone Field,recover-20220922,001,1795
363.9805,363.9916,22890,27537,Nyctalus leisleri,0.015,0.027,-1,Echolocation,/mnt/ubna_data_02_mir/recover-20220922/UBNA_001/20220921_090000.WAV,Telephone Field,recover-20220922,001,1795
364.0015,364.0378,68437,80632,Rhinolophus ferrumequinum,0.067,0.068,-1,Echolocation,/mnt/ubna_data_02_mir/recover-20220922/UBNA_001/20220921_090000.WAV,Telephone Field,recover-20220922,001,1795
364.0015,364.0128,23750,30040,Nyctalus leisleri,0.016,0.042,-1,Echolocation,/mnt/ubna_data_02_mir/recover-20220922/UBNA_001/20220921_090000.WAV,Telephone Field,recover-20220922,001,1795
364.0015,364.0138,47812,52304,Pipistrellus pipistrellus,0.05,0.06,-1,Echolocation,/mnt/ubna_data_02_mir/recover-20220922/UBNA_001/20220921_090000.WAV,Telephone Field,recover-20220922,001,1795
364.0095,364.055,68437,82552,Rhinolophus ferrumequinum,0.051,0.051,-1,Echolocation,/mnt/ubna_data_02_mir/recover-20220922/UBNA_001/20220921_090000.WAV,Telephone Field,recover-20220922,001,1795
364.0565,364.0969,68437,82086,Rhinolophus ferrumequinum,0.025,0.025,-1,Echolocation,/mnt/ubna_data_02_mir/recover-20220922/UBNA_001/20220921_090000.WAV,Telephone Field,recover-20220922,001,1795
364.0905,364.102,28906,35699,Eptesicus serotinus,0.029,0.046,-1,Echolocation,/mnt/ubna_data_02_mir/recover-20220922/UBNA_001/20220921_090000.WAV,Telephone Field,recover-20220922,001,1795
364.1465,364.16,35781,39722,Pipistrellus nathusii,0.017,0.04,-1,Echolocation,/mnt/ubna_data_02_mir/recover-20220922/UBNA_001/20220921_090000.WAV,Telephone Field,recover-20220922,001,1795
364.1495,364.1664,14296,17488,Nyctalus noctula,0.042,0.062,-1,Echolocation,/mnt/ubna_data_02_mir/recover-20220922/UBNA_001/20220921_090000.WAV,Telephone Field,recover-20220922,001,1795
364.1595,364.2001,68437,82208,Rhinolophus ferrumequinum,0.024,0.024,-1,Echolocation,/mnt/ubna_data_02_mir/recover-20220922/UBNA_001/20220921_090000.WAV,Telephone Field,recover-20220922,001,1795
364.1895,364.2287,68437,82152,Rhinolophus ferrumequinum,0.023,0.023,-1,Echolocation,/mnt/ubna_data_02_mir/recover-20220922/UBNA_001/20220921_090000.WAV,Telephone Field,recover-20220922,001,1795
364.2115,364.2211,26328,35283,Eptesicus serotinus,0.01,0.023,-1,Echolocation,/mnt/ubna_data_02_mir/recover-20220922/UBNA_001/20220921_090000.WAV,Telephone Field,recover-20220922,001,1795
364.2245,364.263,68437,82206,Rhinolophus ferrumequinum,0.022,0.022,-1,Echolocation,/mnt/ubna_data_02_mir/recover-20220922/UBNA_001/20220921_090000.WAV,Telephone Field,recover-20220922,001,1795
364.2365,364.2476,28906,34686,Eptesicus serotinus,0.013,0.027,-1,Echolocation,/mnt/ubna_data_02_mir/recover-20220922/UBNA_001/20220921_090000.WAV,Telephone Field,recover-20220922,001,1795
364.2455,364.281,68437,81020,Rhinolophus ferrumequinum,0.021,0.021,-1,Echolocation,/mnt/ubna_data_02_mir/recover-20220922/UBNA_001/20220921_090000.WAV,Telephone Field,recover-20220922,001,1795
364.2575,364.2963,68437,81690,Rhinolophus ferrumequinum,0.025,0.026,-1,Echolocation,/mnt/ubna_data_02_mir/recover-20220922/UBNA_001/20220921_090000.WAV,Telephone Field,recover-20220922,001,1795
364.2695,364.279,28046,37131,Eptesicus serotinus,0.008,0.022,-1,Echolocation,/mnt/ubna_data_02_mir/recover-20220922/UBNA_001/20220921_090000.WAV,Telephone Field,recover-20220922,001,1795
364.3425,364.3796,68437,81445,Rhinolophus ferrumequinum,0.021,0.021,-1,Echolocation,/mnt/ubna_data_02_mir/recover-20220922/UBNA_001/20220921_090000.WAV,Telephone Field,recover-20220922,001,1795
364.3575,364.3935,68437,81032,Rhinolophus ferrumequinum,0.021,0.021,-1,Echolocation,/mnt/ubna_data_02_mir/recover-20220922/UBNA_001/20220921_090000.WAV,Telephone Field,recover-20220922,001,1795
364.3885,364.4268,68437,81437,Rhinolophus ferrumequinum,0.022,0.022,-1,Echolocation,/mnt/ubna_data_02_mir/recover-20220922/UBNA_001/20220921_090000.WAV,Telephone Field,recover-20220922,001,1795
364.4035,364.4132,28046,38665,Eptesicus serotinus,0.013,0.029,-1,Echolocation,/mnt/ubna_data_02_mir/recover-20220922/UBNA_001/20220921_090000.WAV,Telephone Field,recover-20220922,001,1795
364.4145,364.4544,68437,82335,Rhinolophus ferrumequinum,0.04,0.04,-1,Echolocation,/mnt/ubna_data_02_mir/recover-20220922/UBNA_001/20220921_090000.WAV,Telephone Field,recover-20220922,001,1795
364.4465,364.4867,68437,81787,Rhinolophus ferrumequinum,0.026,0.026,-1,Echolocation,/mnt/ubna_data_02_mir/recover-20220922/UBNA_001/20220921_090000.WAV,Telephone Field,recover-20220922,001,1795
364.4735,364.5133,68437,82652,Rhinolophus ferrumequinum,0.027,0.027,-1,Echolocation,/mnt/ubna_data_02_mir/recover-20220922/UBNA_001/20220921_090000.WAV,Telephone Field,recover-20220922,001,1795
364.5095,364.5493,68437,82180,Rhinolophus ferrumequinum,0.021,0.021,-1,Echolocation,/mnt/ubna_data_02_mir/recover-20220922/UBNA_001/20220921_090000.WAV,Telephone Field,recover-20220922,001,1795
364.5405,364.5813,68437,82141,Rhinolophus ferrumequinum,0.022,0.022,-1,Echolocation,/mnt/ubna_data_02_mir/recover-20220922/UBNA_001/20220921_090000.WAV,Telephone Field,recover-20220922,001,1795
364.5415,364.5517,23750,29595,Nyctalus leisleri,0.01,0.022,-1,Echolocation,/mnt/ubna_data_02_mir/recover-20220922/UBNA_001/20220921_090000.WAV,Telephone Field,recover-20220922,001,1795
364.5535,364.5911,68437,82136,Rhinolophus ferrumequinum,0.024,0.024,-1,Echolocation,/mnt/ubna_data_02_mir/recover-20220922/UBNA_001/20220921_090000.WAV,Telephone Field,recover-20220922,001,1795
364.5615,364.5717,22890,28137,Nyctalus leisleri,0.011,0.023,-1,Echolocation,/mnt/ubna_data_02_mir/recover-20220922/UBNA_001/20220921_090000.WAV,Telephone Field,recover-20220922,001,1795
364.5805,364.6178,68437,81470,Rhinolophus ferrumequinum,0.025,0.025,-1,Echolocation,/mnt/ubna_data_02_mir/recover-20220922/UBNA_001/20220921_090000.WAV,Telephone Field,recover-20220922,001,1795
364.5905,364.6306,68437,81880,Rhinolophus ferrumequinum,0.023,0.023,-1,Echolocation,/mnt/ubna_data_02_mir/recover-20220922/UBNA_001/20220921_090000.WAV,Telephone Field,recover-20220922,001,1795
364.5985,364.6392,68437,82135,Rhinolophus ferrumequinum,0.024,0.024,-1,Echolocation,/mnt/ubna_data_02_mir/recover-20220922/UBNA_001/20220921_090000.WAV,Telephone Field,recover-20220922,001,1795
364.6265,364.6368,22031,26753,Nyctalus leisleri,0.011,0.022,-1,Echolocation,/mnt/ubna_data_02_mir/recover-20220922/UBNA_001/20220921_090000.WAV,Telephone Field,recover-20220922,001,1795
364.6315,364.639,43515,47420,Pipistrellus pipistrellus,0.04,0.044,-1,Echolocation,/mnt/ubna_data_02_mir/recover-20220922/UBNA_001/20220921_090000.WAV,Telephone Field,recover-20220922,001,1795
364.6615,364.7006,68437,82069,Rhinolophus ferrumequinum,0.027,0.027,-1,Echolocation,/mnt/ubna_data_02_mir/recover-20220922/UBNA_001/20220921_090000.WAV,Telephone Field,recover-20220922,001,1795
364.6755,364.6825,28046,40650,Eptesicus serotinus,0.006,0.021,-1,Echolocation,/mnt/ubna_data_02_mir/recover-20220922/UBNA_001/20220921_090000.WAV,Telephone Field,recover-20220922,001,1795
364.6775,364.6873,43515,51382,Pipistrellus pipistrellus,0.016,0.023,-1,Echolocation,/mnt/ubna_data_02_mir/recover-20220922/UBNA_001/20220921_090000.WAV,Telephone Field,recover-20220922,001,1795
364.6975,364.737,68437,82182,Rhinolophus ferrumequinum,0.023,0.023,-1,Echolocation,/mnt/ubna_data_02_mir/recover-20220922/UBNA_001/20220921_090000.WAV,Telephone Field,recover-20220922,001,1795
364.7055,364.7422,68437,81833,Rhinolophus ferrumequinum,0.022,0.022,-1,Echolocation,/mnt/ubna_data_02_mir/recover-20220922/UBNA_001/20220921_090000.WAV,Telephone Field,recover-20220922,001,1795
364.7455,364.7847,68437,81987,Rhinolophus ferrumequinum,0.025,0.025,-1,Echolocation,/mnt/ubna_data_02_mir/recover-20220922/UBNA_001/20220921_090000.WAV,Telephone Field,recover-20220922,001,1795
364.7825,364.8208,68437,81716,Rhinolophus ferrumequinum,0.022,0.022,-1,Echolocation,/mnt/ubna_data_02_mir/recover-20220922/UBNA_001/20220921_090000.WAV,Telephone Field,recover-20220922,001,1795
364.7985,364.8062,27187,36345,Eptesicus serotinus,0.016,0.04,-1,Echolocation,/mnt/ubna_data_02_mir/recover-20220922/UBNA_001/20220921_090000.WAV,Telephone Field,recover-20220922,001,1795
364.8125,364.8492,68437,81614,Rhinolophus ferrumequinum,0.026,0.026,-1,Echolocation,/mnt/ubna_data_02_mir/recover-20220922/UBNA_001/20220921_090000.WAV,Telephone Field,recover-20220922,001,1795
364.8235,364.8346,46093,49048,Pipistrellus pipistrellus,0.026,0.028,-1,Echolocation,/mnt/ubna_data_02_mir/recover-20220922/UBNA_001/20220921_090000.WAV,Telephone Field,recover-20220922,001,1795
364.8435,364.8784,68437,81219,Rhinolophus ferrumequinum,0.021,0.021,-1,Echolocation,/mnt/ubna_data_02_mir/recover-20220922/UBNA_001/20220921_090000.WAV,Telephone Field,recover-20220922,001,1795
364.8695,364.9088,68437,82740,Rhinolophus ferrumequinum,0.021,0.021,-1,Echolocation,/mnt/ubna_data_02_mir/recover-20220922/UBNA_001/20220921_090000.WAV,Telephone Field,recover-20220922,001,1795
364.8915,364.9021,24609,30848,Nyctalus leisleri,0.032,0.071,-1,Echolocation,/mnt/ubna_data_02_mir/recover-20220922/UBNA_001/20220921_090000.WAV,Telephone Field,recover-20220922,001,1795
364.9405,364.9788,68437,82364,Rhinolophus ferrumequinum,0.035,0.035,-1,Echolocation,/mnt/ubna_data_02_mir/recover-20220922/UBNA_001/20220921_090000.WAV,Telephone Field,recover-20220922,001,1795
364.9485,364.9541,28046,41435,Plecotus auritus,0.009,0.04,-1,Echolocation,/mnt/ubna_data_02_mir/recover-20220922/UBNA_001/20220921_090000.WAV,Telephone Field,recover-20220922,001,1795
364.9485,364.9579,40078,48844,Pipistrellus nathusii,0.005,0.023,-1,Echolocation,/mnt/ubna_data_02_mir/recover-20220922/UBNA_001/20220921_090000.WAV,Telephone Field,recover-20220922,001,1795
364.9685,365.008,68437,82292,Rhinolophus ferrumequinum,0.022,0.022,-1,Echolocation,/mnt/ubna_data_02_mir/recover-20220922/UBNA_001/20220921_090000.WAV,Telephone Field,recover-20220922,001,1795
364.9845,365.0242,68437,82275,Rhinolophus ferrumequinum,0.022,0.022,-1,Echolocation,/mnt/ubna_data_02_mir/recover-20220922/UBNA_001/20220921_090000.WAV,Telephone Field,recover-20220922,001,1795
365.0785,365.1182,68437,82245,Rhinolophus ferrumequinum,0.025,0.025,-1,Echolocation,/mnt/ubna_data_02_mir/recover-20220922/UBNA_001/20220921_090000.WAV,Telephone Field,recover-20220922,001,1795
365.0805,365.0893,27187,41104,Eptesicus serotinus,0.007,0.022,-1,Echolocation,/mnt/ubna_data_02_mir/recover-20220922/UBNA_001/20220921_090000.WAV,Telephone Field,recover-20220922,001,1795
365.1185,365.156,68437,81542,Rhinolophus ferrumequinum,0.023,0.023,-1,Echolocation,/mnt/ubna_data_02_mir/recover-20220922/UBNA_001/20220921_090000.WAV,Telephone Field,recover-20220922,001,1795
365.1305,365.167,68437,80327,Rhinolophus ferrumequinum,0.022,0.022,-1,Echolocation,/mnt/ubna_data_02_mir/recover-20220922/UBNA_001/20220921_090000.WAV,Telephone Field,recover-20220922,001,1795
365.1905,365.2344,68437,83204,Rhinolophus ferrumequinum,0.034,0.034,-1,Echolocation,/mnt/ubna_data_02_mir/recover-20220922/UBNA_001/20220921_090000.WAV,Telephone Field,recover-20220922,001,1795
365.2365,365.273,68437,81651,Rhinolophus ferrumequinum,0.022,0.022,-1,Echolocation,/mnt/ubna_data_02_mir/recover-20220922/UBNA_001/20220921_090000.WAV,Telephone Field,recover-20220922,001,1795
365.2425,365.2513,28906,37822,Eptesicus serotinus,0.009,0.023,-1,Echolocation,/mnt/ubna_data_02_mir/recover-20220922/UBNA_001/20220921_090000.WAV,Telephone Field,recover-20220922,001,1795
365.2565,365.2635,28906,39093,Eptesicus serotinus,0.006,0.022,-1,Echolocation,/mnt/ubna_data_02_mir/recover-20220922/UBNA_001/20220921_090000.WAV,Telephone Field,recover-20220922,001,1795
365.2845,365.3255,68437,82720,Rhinolophus ferrumequinum,0.022,0.022,-1,Echolocation,/mnt/ubna_data_02_mir/recover-20220922/UBNA_001/20220921_090000.WAV,Telephone Field,recover-20220922,001,1795
365.3325,365.37,68437,81852,Rhinolophus ferrumequinum,0.022,0.023,-1,Echolocation,/mnt/ubna_data_02_mir/recover-20220922/UBNA_001/20220921_090000.WAV,Telephone Field,recover-20220922,001,1795
365.3535,365.3636,26328,35795,Eptesicus serotinus,0.013,0.028,-1,Echolocation,/mnt/ubna_data_02_mir/recover-20220922/UBNA_001/20220921_090000.WAV,Telephone Field,recover-20220922,001,1795
365.3705,365.4065,68437,80845,Rhinolophus ferrumequinum,0.038,0.038,-1,Echolocation,/mnt/ubna_data_02_mir/recover-20220922/UBNA_001/20220921_090000.WAV,Telephone Field,recover-20220922,001,1795
365.3725,365.3818,28046,40124,Eptesicus serotinus,0.009,0.023,-1,Echolocation,/mnt/ubna_data_02_mir/recover-20220922/UBNA_001/20220921_090000.WAV,Telephone Field,recover-20220922,001,1795
365.3815,365.3915,22890,27973,Nyctalus leisleri,0.01,0.022,-1,Echolocation,/mnt/ubna_data_02_mir/recover-20220922/UBNA_001/20220921_090000.WAV,Telephone Field,recover-20220922,001,1795
365.3945,365.4359,68437,82343,Rhinolophus ferrumequinum,0.03,0.03,-1,Echolocation,/mnt/ubna_data_02_mir/recover-20220922/UBNA_001/20220921_090000.WAV,Telephone Field,recover-20220922,001,1795
365.4035,365.4421,68437,82288,Rhinolophus ferrumequinum,0.023,0.023,-1,Echolocation,/mnt/ubna_data_02_mir/recover-20220922/UBNA_001/20220921_090000.WAV,Telephone Field,recover-20220922,001,1795
365.4335,365.4717,68437,82647,Rhinolophus ferrumequinum,0.025,0.025,-1,Echolocation,/mnt/ubna_data_02_mir/recover-20220922/UBNA_001/20220921_090000.WAV,Telephone Field,recover-20220922,001,1795
365.4575,365.4957,68437,81834,Rhinolophus ferrumequinum,0.021,0.021,-1,Echolocation,/mnt/ubna_data_02_mir/recover-20220922/UBNA_001/20220921_090000.WAV,Telephone Field,recover-20220922,001,1795
365.4905,365.5297,68437,82420,Rhinolophus ferrumequinum,0.021,0.021,-1,Echolocation,/mnt/ubna_data_02_mir/recover-20220922/UBNA_001/20220921_090000.WAV,Telephone Field,recover-20220922,001,1795
365.5405,365.5776,68437,82188,Rhinolophus ferrumequinum,0.028,0.028,-1,Echolocation,/mnt/ubna_data_02_mir/recover-20220922/UBNA_001/20220921_090000.WAV,Telephone Field,recover-20220922,001,1795
365.5475,365.5881,68437,82241,Rhinolophus ferrumequinum,0.024,0.024,-1,Echolocation,/mnt/ubna_data_02_mir/recover-20220922/UBNA_001/20220921_090000.WAV,Telephone Field,recover-20220922,001,1795
365.5555,365.592,68437,81951,Rhinolophus ferrumequinum,0.024,0.024,-1,Echolocation,/mnt/ubna_data_02_mir/recover-20220922/UBNA_001/20220921_090000.WAV,Telephone Field,recover-20220922,001,1795
365.5665,365.5723,26328,39838,Plecotus austriacus,0.008,0.036,-1,Echolocation,/mnt/ubna_data_02_mir/recover-20220922/UBNA_001/20220921_090000.WAV,Telephone Field,recover-20220922,001,1795
365.5775,365.588,23750,28863,Nyctalus leisleri,0.011,0.023,-1,Echolocation,/mnt/ubna_data_02_mir/recover-20220922/UBNA_001/20220921_090000.WAV,Telephone Field,recover-20220922,001,1795
365.5905,365.6004,28046,37471,Eptesicus serotinus,0.009,0.021,-1,Echolocation,/mnt/ubna_data_02_mir/recover-20220922/UBNA_001/20220921_090000.WAV,Telephone Field,recover-20220922,001,1795
365.6105,365.6192,28046,39646,Eptesicus serotinus,0.007,0.022,-1,Echolocation,/mnt/ubna_data_02_mir/recover-20220922/UBNA_001/20220921_090000.WAV,Telephone Field,recover-20220922,001,1795
365.6265,365.6379,22890,26876,Nyctalus leisleri,0.012,0.021,-1,Echolocation,/mnt/ubna_data_02_mir/recover-20220922/UBNA_001/20220921_090000.WAV,Telephone Field,recover-20220922,001,1795
365.6665,365.706,68437,82028,Rhinolophus ferrumequinum,0.022,0.022,-1,Echolocation,/mnt/ubna_data_02_mir/recover-20220922/UBNA_001/20220921_090000.WAV,Telephone Field,recover-20220922,001,1795
365.6945,365.704,28906,36902,Eptesicus serotinus,0.01,0.024,-1,Echolocation,/mnt/ubna_data_02_mir/recover-20220922/UBNA_001/20220921_090000.WAV,Telephone Field,recover-20220922,001,1795
365.7525,365.7903,68437,82160,Rhinolophus ferrumequinum,0.021,0.022,-1,Echolocation,/mnt/ubna_data_02_mir/recover-20220922/UBNA_001/20220921_090000.WAV,Telephone Field,recover-20220922,001,1795
365.7625,365.8034,68437,82391,Rhinolophus ferrumequinum,0.023,0.023,-1,Echolocation,/mnt/ubna_data_02_mir/recover-20220922/UBNA_001/20220921_090000.WAV,Telephone Field,recover-20220922,001,1795
365.7815,365.7954,25468,31985,Eptesicus serotinus,0.027,0.059,-1,Echolocation,/mnt/ubna_data_02_mir/recover-20220922/UBNA_001/20220921_090000.WAV,Telephone Field,recover-20220922,001,1795
365.8045,365.8451,68437,82999,Rhinolophus ferrumequinum,0.022,0.022,-1,Echolocation,/mnt/ubna_data_02_mir/recover-20220922/UBNA_001/20220921_090000.WAV,Telephone Field,recover-20220922,001,1795
365.8195,365.8582,68437,80683,Rhinolophus ferrumequinum,0.031,0.031,-1,Echolocation,/mnt/ubna_data_02_mir/recover-20220922/UBNA_001/20220921_090000.WAV,Telephone Field,recover-20220922,001,1795
365.8845,365.895,28046,36754,Eptesicus serotinus,0.012,0.026,-1,Echolocation,/mnt/ubna_data_02_mir/recover-20220922/UBNA_001/20220921_090000.WAV,Telephone Field,recover-20220922,001,1795
365.9715,365.9807,27187,35534,Eptesicus serotinus,0.007,0.021,-1,Echolocation,/mnt/ubna_data_02_mir/recover-20220922/UBNA_001/20220921_090000.WAV,Telephone Field,recover-20220922,001,1795
366.0015,366.0335,68437,80673,Rhinolophus ferrumequinum,0.058,0.058,-1,Echolocation,/mnt/ubna_data_02_mir/recover-20220922/UBNA_001/20220921_090000.WAV,Telephone Field,recover-20220922,001,1795
366.0015,366.0112,49531,57896,Pipistrellus pipistrellus,0.012,0.023,-1,Echolocation,/mnt/ubna_data_02_mir/recover-20220922/UBNA_001/20220921_090000.WAV,Telephone Field,recover-20220922,001,1795
366.0015,366.0223,63281,71463,Pipistrellus pygmaeus,0.017,0.024,-1,Echolocation,/mnt/ubna_data_02_mir/recover-20220922/UBNA_001/20220921_090000.WAV,Telephone Field,recover-20220922,001,1795
366.0015,366.0106,22890,29637,Nyctalus leisleri,0.01,0.033,-1,Echolocation,/mnt/ubna_data_02_mir/recover-20220922/UBNA_001/20220921_090000.WAV,Telephone Field,recover-20220922,001,1795
366.0425,366.0515,28046,37488,Eptesicus serotinus,0.009,0.023,-1,Echolocation,/mnt/ubna_data_02_mir/recover-20220922/UBNA_001/20220921_090000.WAV,Telephone Field,recover-20220922,001,1795
366.0475,366.0907,68437,82907,Rhinolophus ferrumequinum,0.026,0.026,-1,Echolocation,/mnt/ubna_data_02_mir/recover-20220922/UBNA_001/20220921_090000.WAV,Telephone Field,recover-20220922,001,1795
366.0785,366.1159,68437,82236,Rhinolophus ferrumequinum,0.021,0.021,-1,Echolocation,/mnt/ubna_data_02_mir/recover-20220922/UBNA_001/20220921_090000.WAV,Telephone Field,recover-20220922,001,1795
366.1165,366.1557,68437,82126,Rhinolophus ferrumequinum,0.02,0.02,-1,Echolocation,/mnt/ubna_data_02_mir/recover-20220922/UBNA_001/20220921_090000.WAV,Telephone Field,recover-20220922,001,1795
366.1195,366.1298,22031,26930,Nyctalus leisleri,0.009,0.02,-1,Echolocation,/mnt/ubna_data_02_mir/recover-20220922/UBNA_001/20220921_090000.WAV,Telephone Field,recover-20220922,001,1795
366.1265,366.1372,23750,29692,Nyctalus leisleri,0.01,0.023,-1,Echolocation,/mnt/ubna_data_02_mir/recover-20220922/UBNA_001/20220921_090000.WAV,Telephone Field,recover-20220922,001,1795
366.1565,366.193,68437,81534,Rhinolophus ferrumequinum,0.021,0.021,-1,Echolocation,/mnt/ubna_data_02_mir/recover-20220922/UBNA_001/20220921_090000.WAV,Telephone Field,recover-20220922,001,1795
366.1745,366.2076,68437,80819,Rhinolophus ferrumequinum,0.022,0.022,-1,Echolocation,/mnt/ubna_data_02_mir/recover-20220922/UBNA_001/20220921_090000.WAV,Telephone Field,recover-20220922,001,1795
366.2145,366.256,68437,82129,Rhinolophus ferrumequinum,0.024,0.024,-1,Echolocation,/mnt/ubna_data_02_mir/recover-20220922/UBNA_001/20220921_090000.WAV,Telephone Field,recover-20220922,001,1795
366.2175,366.2264,28046,35993,Eptesicus serotinus,0.007,0.021,-1,Echolocation,/mnt/ubna_data_02_mir/recover-20220922/UBNA_001/20220921_090000.WAV,Telephone Field,recover-20220922,001,1795
366.2285,366.261,68437,80951,Rhinolophus ferrumequinum,0.023,0.024,-1,Echolocation,/mnt/ubna_data_02_mir/recover-20220922/UBNA_001/20220921_090000.WAV,Telephone Field,recover-20220922,001,1795
366.2435,366.2511,22890,31361,Plecotus austriacus,0.015,0.028,-1,Echolocation,/mnt/ubna_data_02_mir/recover-20220922/UBNA_001/20220921_090000.WAV,Telephone Field,recover-20220922,001,1795
366.2645,366.2706,28046,38645,Eptesicus serotinus,0.006,0.028,-1,Echolocation,/mnt/ubna_data_02_mir/recover-20220922/UBNA_001/20220921_090000.WAV,Telephone Field,recover-20220922,001,1795
366.2975,366.3182,18593,21557,Nyctalus noctula,0.011,0.022,-1,Echolocation,/mnt/ubna_data_02_mir/recover-20220922/UBNA_001/20220921_090000.WAV,Telephone Field,recover-20220922,001,1795
366.3125,366.3512,68437,82186,Rhinolophus ferrumequinum,0.025,0.025,-1,Echolocation,/mnt/ubna_data_02_mir/recover-20220922/UBNA_001/20220921_090000.WAV,Telephone Field,recover-20220922,001,1795
366.3515,366.3574,28046,38195,Eptesicus serotinus,0.01,0.04,-1,Echolocation,/mnt/ubna_data_02_mir/recover-20220922/UBNA_001/20220921_090000.WAV,Telephone Field,recover-20220922,001,1795
366.3715,366.4102,68437,82086,Rhinolophus ferrumequinum,0.021,0.021,-1,Echolocation,/mnt/ubna_data_02_mir/recover-20220922/UBNA_001/20220921_090000.WAV,Telephone Field,recover-20220922,001,1795
366.3725,366.382,28046,37608,Eptesicus serotinus,0.012,0.026,-1,Echolocation,/mnt/ubna_data_02_mir/recover-20220922/UBNA_001/20220921_090000.WAV,Telephone Field,recover-20220922,001,1795
366.3885,366.4269,68437,82386,Rhinolophus ferrumequinum,0.028,0.028,-1,Echolocation,/mnt/ubna_data_02_mir/recover-20220922/UBNA_001/20220921_090000.WAV,Telephone Field,recover-20220922,001,1795
366.4185,366.4257,27187,41451,Eptesicus serotinus,0.007,0.024,-1,Echolocation,/mnt/ubna_data_02_mir/recover-20220922/UBNA_001/20220921_090000.WAV,Telephone Field,recover-20220922,001,1795
366.4445,366.4834,68437,81919,Rhinolophus ferrumequinum,0.021,0.021,-1,Echolocation,/mnt/ubna_data_02_mir/recover-20220922/UBNA_001/20220921_090000.WAV,Telephone Field,recover-20220922,001,1795
366.4585,366.4978,68437,82540,Rhinolophus ferrumequinum,0.026,0.026,-1,Echolocation,/mnt/ubna_data_02_mir/recover-20220922/UBNA_001/20220921_090000.WAV,Telephone Field,recover-20220922,001,1795
366.4845,366.5273,68437,82980,Rhinolophus ferrumequinum,0.023,0.023,-1,Echolocation,/mnt/ubna_data_02_mir/recover-20220922/UBNA_001/20220921_090000.WAV,Telephone Field,recover-20220922,001,1795
366.5175,366.5579,68437,82122,Rhinolophus ferrumequinum,0.024,0.025,-1,Echolocation,/mnt/ubna_data_02_mir/recover-20220922/UBNA_001/20220921_090000.WAV,Telephone Field,recover-20220922,001,1795
366.5485,366.556,28046,39151,Eptesicus serotinus,0.007,0.022,-1,Echolocation,/mnt/ubna_data_02_mir/recover-20220922/UBNA_001/20220921_090000.WAV,Telephone Field,recover-20220922,001,1795
366.5555,366.5643,28906,37932,Eptesicus serotinus,0.008,0.022,-1,Echolocation,/mnt/ubna_data_02_mir/recover-20220922/UBNA_001/20220921_090000.WAV,Telephone Field,recover-20220922,001,1795
366.5785,366.6144,68437,81683,Rhinolophus ferrumequinum,0.022,0.022,-1,Echolocation,/mnt/ubna_data_02_mir/recover-20220922/UBNA_001/20220921_090000.WAV,Telephone Field,recover-20220922,001,1795
366.5985,366.6356,68437,81726,Rhinolophus ferrumequinum,0.021,0.021,-1,Echolocation,/mnt/ubna_data_02_mir/recover-20220922/UBNA_001/20220921_090000.WAV,Telephone Field,recover-20220922,001,1795
366.6175,366.6537,68437,81112,Rhinolophus ferrumequinum,0.022,0.023,-1,Echolocation,/mnt/ubna_data_02_mir/recover-20220922/UBNA_001/20220921_090000.WAV,Telephone Field,recover-20220922,001,1795
366.6235,366.6619,68437,82085,Rhinolophus ferrumequinum,0.021,0.021,-1,Echolocation,/mnt/ubna_data_02_mir/recover-20220922/UBNA_001/20220921_090000.WAV,Telephone Field,recover-20220922,001,1795
366.6335,366.6686,68437,81217,Rhinolophus ferrumequinum,0.021,0.022,-1,Echolocation,/mnt/ubna_data_02_mir/recover-20220922/UBNA_001/20220921_090000.WAV,Telephone Field,recover-20220922,001,1795
366.6535,366.691,68437,81439,Rhinolophus ferrumequinum,0.023,0.023,-1,Echolocation,/mnt/ubna_data_02_mir/recover-20220922/UBNA_001/20220921_090000.WAV,Telephone Field,recover-20220922,001,1795
366.6955,366.7062,22890,27571,Nyctalus leisleri,0.01,0.021,-1,Echolocation,/mnt/ubna_data_02_mir/recover-20220922/UBNA_001/20220921_090000.WAV,Telephone Field,recover-20220922,001,1795
366.7045,366.7167,21171,25074,Nyctalus leisleri,0.012,0.023,-1,Echolocation,/mnt/ubna_data_02_mir/recover-20220922/UBNA_001/20220921_090000.WAV,Telephone Field,recover-20220922,001,1795
366.7215,366.763,68437,83038,Rhinolophus ferrumequinum,0.024,0.024,-1,Echolocation,/mnt/ubna_data_02_mir/recover-20220922/UBNA_001/20220921_090000.WAV,Telephone Field,recover-20220922,001,1795
366.7295,366.7706,68437,83018,Rhinolophus ferrumequinum,0.023,0.023,-1,Echolocation,/mnt/ubna_data_02_mir/recover-20220922/UBNA_001/20220921_090000.WAV,Telephone Field,recover-20220922,001,1795
366.7345,366.7439,25468,33542,Eptesicus serotinus,0.008,0.022,-1,Echolocation,/mnt/ubna_data_02_mir/recover-20220922/UBNA_001/20220921_090000.WAV,Telephone Field,recover-20220922,001,1795
366.7415,366.7517,28906,36460,Eptesicus serotinus,0.008,0.021,-1,Echolocation,/mnt/ubna_data_02_mir/recover-20220922/UBNA_001/20220921_090000.WAV,Telephone Field,recover-20220922,001,1795
366.7495,366.7584,50390,57499,Pipistrellus pipistrellus,0.018,0.022,-1,Echolocation,/mnt/ubna_data_02_mir/recover-20220922/UBNA_001/20220921_090000.WAV,Telephone Field,recover-20220922,001,1795
366.7575,366.7957,68437,82302,Rhinolophus ferrumequinum,0.033,0.033,-1,Echolocation,/mnt/ubna_data_02_mir/recover-20220922/UBNA_001/20220921_090000.WAV,Telephone Field,recover-20220922,001,1795
366.7675,366.7767,27187,36035,Eptesicus serotinus,0.008,0.021,-1,Echolocation,/mnt/ubna_data_02_mir/recover-20220922/UBNA_001/20220921_090000.WAV,Telephone Field,recover-20220922,001,1795
366.7715,366.7825,22031,26880,Nyctalus leisleri,0.009,0.02,-1,Echolocation,/mnt/ubna_data_02_mir/recover-20220922/UBNA_001/20220921_090000.WAV,Telephone Field,recover-20220922,001,1795
366.7875,366.8286,68437,82492,Rhinolophus ferrumequinum,0.021,0.021,-1,Echolocation,/mnt/ubna_data_02_mir/recover-20220922/UBNA_001/20220921_090000.WAV,Telephone Field,recover-20220922,001,1795
366.7975,366.8102,23750,28634,Nyctalus leisleri,0.011,0.022,-1,Echolocation,/mnt/ubna_data_02_mir/recover-20220922/UBNA_001/20220921_090000.WAV,Telephone Field,recover-20220922,001,1795
366.8285,366.8363,28046,39517,Eptesicus serotinus,0.008,0.024,-1,Echolocation,/mnt/ubna_data_02_mir/recover-20220922/UBNA_001/20220921_090000.WAV,Telephone Field,recover-20220922,001,1795
366.8335,366.8729,68437,82377,Rhinolophus ferrumequinum,0.033,0.033,-1,Echolocation,/mnt/ubna_data_02_mir/recover-20220922/UBNA_001/20220921_090000.WAV,Telephone Field,recover-20220922,001,1795
366.8475,366.8567,25468,33550,Eptesicus serotinus,0.01,0.026,-1,Echolocation,/mnt/ubna_data_02_mir/recover-20220922/UBNA_001/20220921_090000.WAV,Telephone Field,recover-20220922,001,1795
366.8565,366.8893,68437,81254,Rhinolophus ferrumequinum,0.024,0.024,-1,Echolocation,/mnt/ubna_data_02_mir/recover-20220922/UBNA_001/20220921_090000.WAV,Telephone Field,recover-20220922,001,1795
366.8835,366.8917,28046,39358,Eptesicus serotinus,0.009,0.027,-1,Echolocation,/mnt/ubna_data_02_mir/recover-20220922/UBNA_001/20220921_090000.WAV,Telephone Field,recover-20220922,001,1795
366.8955,366.9338,68437,82413,Rhinolophus ferrumequinum,0.021,0.021,-1,Echolocation,/mnt/ubna_data_02_mir/recover-20220922/UBNA_001/20220921_090000.WAV,Telephone Field,recover-20220922,001,1795
366.9185,366.9286,55546,60257,Pipistrellus pygmaeus,0.045,0.047,-1,Echolocation,/mnt/ubna_data_02_mir/recover-20220922/UBNA_001/20220921_090000.WAV,Telephone Field,recover-20220922,001,1795
366.9245,366.9325,26328,35587,Eptesicus serotinus,0.007,0.021,-1,Echolocation,/mnt/ubna_data_02_mir/recover-20220922/UBNA_001/20220921_090000.WAV,Telephone Field,recover-20220922,001,1795
366.9315,366.9408,26328,34951,Eptesicus serotinus,0.009,0.021,-1,Echolocation,/mnt/ubna_data_02_mir/recover-20220922/UBNA_001/20220921_090000.WAV,Telephone Field,recover-20220922,001,1795
366.9315,366.9385,14296,27944,Plecotus auritus,0.029,0.035,-1,Echolocation,/mnt/ubna_data_02_mir/recover-20220922/UBNA_001/20220921_090000.WAV,Telephone Field,recover-20220922,001,1795
366.9445,366.9549,23750,30134,Eptesicus serotinus,0.008,0.023,-1,Echolocation,/mnt/ubna_data_02_mir/recover-20220922/UBNA_001/20220921_090000.WAV,Telephone Field,recover-20220922,001,1795
366.9785,367.0173,68437,82182,Rhinolophus ferrumequinum,0.021,0.021,-1,Echolocation,/mnt/ubna_data_02_mir/recover-20220922/UBNA_001/20220921_090000.WAV,Telephone Field,recover-20220922,001,1795
366.9875,366.9946,23750,32837,Plecotus austriacus,0.008,0.022,-1,Echolocation,/mnt/ubna_data_02_mir/recover-20220922/UBNA_001/20220921_090000.WAV,Telephone Field,recover-20220922,001,1795
367.0135,367.0546,68437,82932,Rhinolophus ferrumequinum,0.031,0.031,-1,Echolocation,/mnt/ubna_data_02_mir/recover-20220922/UBNA_001/20220921_090000.WAV,Telephone Field,recover-20220922,001,1795
367.0375,367.0462,27187,36467,Eptesicus serotinus,0.007,0.021,-1,Echolocation,/mnt/ubna_data_02_mir/recover-20220922/UBNA_001/20220921_090000.WAV,Telephone Field,recover-20220922,001,1795
367.0465,367.0841,68437,81660,Rhinolophus ferrumequinum,0.021,0.021,-1,Echolocation,/mnt/ubna_data_02_mir/recover-20220922/UBNA_001/20220921_090000.WAV,Telephone Field,recover-20220922,001,1795
367.0515,367.0892,68437,81468,Rhinolophus ferrumequinum,0.021,0.021,-1,Echolocation,/mnt/ubna_data_02_mir/recover-20220922/UBNA_001/20220921_090000.WAV,Telephone Field,recover-20220922,001,1795
367.0525,367.0677,44375,47575,Pipistrellus pipistrellus,0.059,0.065,-1,Echolocation,/mnt/ubna_data_02_mir/recover-20220922/UBNA_001/20220921_090000.WAV,Telephone Field,recover-20220922,001,1795
367.0655,367.077,32343,38102,Eptesicus serotinus,0.006,0.022,-1,Echolocation,/mnt/ubna_data_02_mir/recover-20220922/UBNA_001/20220921_090000.WAV,Telephone Field,recover-20220922,001,1795
367.0695,367.0795,28046,36035,Eptesicus serotinus,0.009,0.024,-1,Echolocation,/mnt/ubna_data_02_mir/recover-20220922/UBNA_001/20220921_090000.WAV,Telephone Field,recover-20220922,001,1795
367.0785,367.087,28046,37299,Eptesicus serotinus,0.007,0.022,-1,Echolocation,/mnt/ubna_data_02_mir/recover-20220922/UBNA_001/20220921_090000.WAV,Telephone Field,recover-20220922,001,1795
367.0805,367.0876,51250,56604,Pipistrellus pipistrellus,0.022,0.027,-1,Echolocation,/mnt/ubna_data_02_mir/recover-20220922/UBNA_001/20220921_090000.WAV,Telephone Field,recover-20220922,001,1795
367.0995,367.1398,68437,82317,Rhinolophus ferrumequinum,0.022,0.022,-1,Echolocation,/mnt/ubna_data_02_mir/recover-20220922/UBNA_001/20220921_090000.WAV,Telephone Field,recover-20220922,001,1795
367.1665,367.2039,68437,82243,Rhinolophus ferrumequinum,0.032,0.032,-1,Echolocation,/mnt/ubna_data_02_mir/recover-20220922/UBNA_001/20220921_090000.WAV,Telephone Field,recover-20220922,001,1795
367.1915,367.231,68437,82246,Rhinolophus ferrumequinum,0.026,0.026,-1,Echolocation,/mnt/ubna_data_02_mir/recover-20220922/UBNA_001/20220921_090000.WAV,Telephone Field,recover-20220922,001,1795
367.2035,367.2128,25468,33490,Eptesicus serotinus,0.013,0.03,-1,Echolocation,/mnt/ubna_data_02_mir/recover-20220922/UBNA_001/20220921_090000.WAV,Telephone Field,recover-20220922,001,1795
367.2225,367.2322,22890,28408,Nyctalus leisleri,0.01,0.025,-1,Echolocation,/mnt/ubna_data_02_mir/recover-20220922/UBNA_001/20220921_090000.WAV,Telephone Field,recover-20220922,001,1795
367.2405,367.2801,68437,82403,Rhinolophus ferrumequinum,0.022,0.022,-1,Echolocation,/mnt/ubna_data_02_mir/recover-20220922/UBNA_001/20220921_090000.WAV,Telephone Field,recover-20220922,001,1795
367.2495,367.2865,68437,82020,Rhinolophus ferrumequinum,0.021,0.021,-1,Echolocation,/mnt/ubna_data_02_mir/recover-20220922/UBNA_001/20220921_090000.WAV,Telephone Field,recover-20220922,001,1795
367.2515,367.2614,22031,28401,Plecotus austriacus,0.013,0.037,-1,Echolocation,/mnt/ubna_data_02_mir/recover-20220922/UBNA_001/20220921_090000.WAV,Telephone Field,recover-20220922,001,1795
367.2695,367.3076,68437,81474,Rhinolophus ferrumequinum,0.024,0.024,-1,Echolocation,/mnt/ubna_data_02_mir/recover-20220922/UBNA_001/20220921_090000.WAV,Telephone Field,recover-20220922,001,1795
367.2765,367.2874,22031,26441,Nyctalus leisleri,0.011,0.022,-1,Echolocation,/mnt/ubna_data_02_mir/recover-20220922/UBNA_001/20220921_090000.WAV,Telephone Field,recover-20220922,001,1795
367.2995,367.3408,68437,82428,Rhinolophus ferrumequinum,0.023,0.023,-1,Echolocation,/mnt/ubna_data_02_mir/recover-20220922/UBNA_001/20220921_090000.WAV,Telephone Field,recover-20220922,001,1795
367.3055,367.3186,26328,31978,Nyctalus leisleri,0.017,0.039,-1,Echolocation,/mnt/ubna_data_02_mir/recover-20220922/UBNA_001/20220921_090000.WAV,Telephone Field,recover-20220922,001,1795
367.3435,367.3857,68437,83284,Rhinolophus ferrumequinum,0.026,0.026,-1,Echolocation,/mnt/ubna_data_02_mir/recover-20220922/UBNA_001/20220921_090000.WAV,Telephone Field,recover-20220922,001,1795
367.3455,367.3552,22890,28806,Nyctalus leisleri,0.007,0.021,-1,Echolocation,/mnt/ubna_data_02_mir/recover-20220922/UBNA_001/20220921_090000.WAV,Telephone Field,recover-20220922,001,1795
367.3755,367.4129,68437,82033,Rhinolophus ferrumequinum,0.021,0.021,-1,Echolocation,/mnt/ubna_data_02_mir/recover-20220922/UBNA_001/20220921_090000.WAV,Telephone Field,recover-20220922,001,1795
367.3785,367.3889,28046,34594,Eptesicus serotinus,0.023,0.043,-1,Echolocation,/mnt/ubna_data_02_mir/recover-20220922/UBNA_001/20220921_090000.WAV,Telephone Field,recover-20220922,001,1795
367.3975,367.4359,68437,82216,Rhinolophus ferrumequinum,0.026,0.026,-1,Echolocation,/mnt/ubna_data_02_mir/recover-20220922/UBNA_001/20220921_090000.WAV,Telephone Field,recover-20220922,001,1795
367.4175,367.4571,68437,82746,Rhinolophus ferrumequinum,0.023,0.023,-1,Echolocation,/mnt/ubna_data_02_mir/recover-20220922/UBNA_001/20220921_090000.WAV,Telephone Field,recover-20220922,001,1795
367.4425,367.479,68437,81218,Rhinolophus ferrumequinum,0.023,0.023,-1,Echolocation,/mnt/ubna_data_02_mir/recover-20220922/UBNA_001/20220921_090000.WAV,Telephone Field,recover-20220922,001,1795
367.4585,367.4691,23750,29873,Nyctalus leisleri,0.012,0.026,-1,Echolocation,/mnt/ubna_data_02_mir/recover-20220922/UBNA_001/20220921_090000.WAV,Telephone Field,recover-20220922,001,1795
367.4795,367.5197,68437,82719,Rhinolophus ferrumequinum,0.023,0.023,-1,Echolocation,/mnt/ubna_data_02_mir/recover-20220922/UBNA_001/20220921_090000.WAV,Telephone Field,recover-20220922,001,1795
367.4895,367.4973,28046,37383,Eptesicus serotinus,0.006,0.021,-1,Echolocation,/mnt/ubna_data_02_mir/recover-20220922/UBNA_001/20220921_090000.WAV,Telephone Field,recover-20220922,001,1795
367.4975,367.5412,68437,83138,Rhinolophus ferrumequinum,0.052,0.053,-1,Echolocation,/mnt/ubna_data_02_mir/recover-20220922/UBNA_001/20220921_090000.WAV,Telephone Field,recover-20220922,001,1795
367.5285,367.5371,24609,33462,Plecotus austriacus,0.008,0.029,-1,Echolocation,/mnt/ubna_data_02_mir/recover-20220922/UBNA_001/20220921_090000.WAV,Telephone Field,recover-20220922,001,1795
367.5445,367.5525,47812,53330,Pipistrellus pipistrellus,0.022,0.024,-1,Echolocation,/mnt/ubna_data_02_mir/recover-20220922/UBNA_001/20220921_090000.WAV,Telephone Field,recover-20220922,001,1795
367.5575,367.5978,68437,82706,Rhinolophus ferrumequinum,0.045,0.045,-1,Echolocation,/mnt/ubna_data_02_mir/recover-20220922/UBNA_001/20220921_090000.WAV,Telephone Field,recover-20220922,001,1795
367.5745,367.5821,23750,32921,Plecotus austriacus,0.009,0.022,-1,Echolocation,/mnt/ubna_data_02_mir/recover-20220922/UBNA_001/20220921_090000.WAV,Telephone Field,recover-20220922,001,1795
367.5785,367.6114,68437,80860,Rhinolophus ferrumequinum,0.021,0.021,-1,Echolocation,/mnt/ubna_data_02_mir/recover-20220922/UBNA_001/20220921_090000.WAV,Telephone Field,recover-20220922,001,1795
367.6215,367.6577,68437,81438,Rhinolophus ferrumequinum,0.025,0.025,-1,Echolocation,/mnt/ubna_data_02_mir/recover-20220922/UBNA_001/20220921_090000.WAV,Telephone Field,recover-20220922,001,1795
367.6325,367.6703,68437,81690,Rhinolophus ferrumequinum,0.022,0.022,-1,Echolocation,/mnt/ubna_data_02_mir/recover-20220922/UBNA_001/20220921_090000.WAV,Telephone Field,recover-20220922,001,1795
367.6495,367.6603,22031,27758,Nyctalus leisleri,0.011,0.026,-1,Echolocation,/mnt/ubna_data_02_mir/recover-20220922/UBNA_001/20220921_090000.WAV,Telephone Field,recover-20220922,001,1795
367.6735,367.7155,68437,83473,Rhinolophus ferrumequinum,0.027,0.027,-1,Echolocation,/mnt/ubna_data_02_mir/recover-20220922/UBNA_001/20220921_090000.WAV,Telephone Field,recover-20220922,001,1795
367.6775,367.6876,28046,37807,Eptesicus serotinus,0.009,0.022,-1,Echolocation,/mnt/ubna_data_02_mir/recover-20220922/UBNA_001/20220921_090000.WAV,Telephone Field,recover-20220922,001,1795
367.6845,367.7231,68437,81998,Rhinolophus ferrumequinum,0.024,0.024,-1,Echolocation,/mnt/ubna_data_02_mir/recover-20220922/UBNA_001/20220921_090000.WAV,Telephone Field,recover-20220922,001,1795
367.7275,367.767,68437,82525,Rhinolophus ferrumequinum,0.028,0.028,-1,Echolocation,/mnt/ubna_data_02_mir/recover-20220922/UBNA_001/20220921_090000.WAV,Telephone Field,recover-20220922,001,1795
367.7685,367.7754,47812,51175,Pipistrellus pipistrellus,0.027,0.028,-1,Echolocation,/mnt/ubna_data_02_mir/recover-20220922/UBNA_001/20220921_090000.WAV,Telephone Field,recover-20220922,001,1795
367.7845,367.7954,28906,36340,Eptesicus serotinus,0.012,0.025,-1,Echolocation,/mnt/ubna_data_02_mir/recover-20220922/UBNA_001/20220921_090000.WAV,Telephone Field,recover-20220922,001,1795
367.7895,367.8314,68437,82265,Rhinolophus ferrumequinum,0.022,0.022,-1,Echolocation,/mnt/ubna_data_02_mir/recover-20220922/UBNA_001/20220921_090000.WAV,Telephone Field,recover-20220922,001,1795
367.7895,367.7994,28046,35816,Eptesicus serotinus,0.011,0.025,-1,Echolocation,/mnt/ubna_data_02_mir/recover-20220922/UBNA_001/20220921_090000.WAV,Telephone Field,recover-20220922,001,1795
367.7955,367.834,68437,81889,Rhinolophus ferrumequinum,0.022,0.022,-1,Echolocation,/mnt/ubna_data_02_mir/recover-20220922/UBNA_001/20220921_090000.WAV,Telephone Field,recover-20220922,001,1795
367.8465,367.8879,68437,83088,Rhinolophus ferrumequinum,0.034,0.034,-1,Echolocation,/mnt/ubna_data_02_mir/recover-20220922/UBNA_001/20220921_090000.WAV,Telephone Field,recover-20220922,001,1795
367.8605,367.8975,68437,82003,Rhinolophus ferrumequinum,0.026,0.026,-1,Echolocation,/mnt/ubna_data_02_mir/recover-20220922/UBNA_001/20220921_090000.WAV,Telephone Field,recover-20220922,001,1795
367.8715,367.9126,68437,82821,Rhinolophus ferrumequinum,0.04,0.04,-1,Echolocation,/mnt/ubna_data_02_mir/recover-20220922/UBNA_001/20220921_090000.WAV,Telephone Field,recover-20220922,001,1795
367.9015,367.9402,68437,82086,Rhinolophus ferrumequinum,0.044,0.044,-1,Echolocation,/mnt/ubna_data_02_mir/recover-20220922/UBNA_001/20220921_090000.WAV,Telephone Field,recover-20220922,001,1795
367.9195,367.9546,68437,81713,Rhinolophus ferrumequinum,0.021,0.021,-1,Echolocation,/mnt/ubna_data_02_mir/recover-20220922/UBNA_001/20220921_090000.WAV,Telephone Field,recover-20220922,001,1795
367.9245,367.9352,23750,29364,Nyctalus leisleri,0.011,0.024,-1,Echolocation,/mnt/ubna_data_02_mir/recover-20220922/UBNA_001/20220921_090000.WAV,Telephone Field,recover-20220922,001,1795
367.9465,367.9844,68437,81852,Rhinolophus ferrumequinum,0.02,0.02,-1,Echolocation,/mnt/ubna_data_02_mir/recover-20220922/UBNA_001/20220921_090000.WAV,Telephone Field,recover-20220922,001,1795
367.9815,367.9916,22031,28631,Plecotus austriacus,0.017,0.051,-1,Echolocation,/mnt/ubna_data_02_mir/recover-20220922/UBNA_001/20220921_090000.WAV,Telephone Field,recover-20220922,001,1795
368.0015,368.0156,57265,63333,Pipistrellus pygmaeus,0.026,0.027,-1,Echolocation,/mnt/ubna_data_02_mir/recover-20220922/UBNA_001/20220921_090000.WAV,Telephone Field,recover-20220922,001,1795
368.0015,368.0101,38359,43765,Pipistrellus nathusii,0.011,0.022,-1,Echolocation,/mnt/ubna_data_02_mir/recover-20220922/UBNA_001/20220921_090000.WAV,Telephone Field,recover-20220922,001,1795
368.0025,368.0431,68437,81861,Rhinolophus ferrumequinum,0.031,0.032,-1,Echolocation,/mnt/ubna_data_02_mir/recover-20220922/UBNA_001/20220921_090000.WAV,Telephone Field,recover-20220922,001,1795
368.0135,368.0517,68437,81093,Rhinolophus ferrumequinum,0.022,0.022,-1,Echolocation,/mnt/ubna_data_02_mir/recover-20220922/UBNA_001/20220921_090000.WAV,Telephone Field,recover-20220922,001,1795
368.0385,368.0475,43515,54394,Pipistrellus pipistrellus,0.015,0.024,-1,Echolocation,/mnt/ubna_data_02_mir/recover-20220922/UBNA_001/20220921_090000.WAV,Telephone Field,recover-20220922,001,1795
368.0425,368.0827,68437,82232,Rhinolophus ferrumequinum,0.025,0.025,-1,Echolocation,/mnt/ubna_data_02_mir/recover-20220922/UBNA_001/20220921_090000.WAV,Telephone Field,recover-20220922,001,1795
368.0655,368.0731,55546,60033,Pipistrellus pygmaeus,0.045,0.046,-1,Echolocation,/mnt/ubna_data_02_mir/recover-20220922/UBNA_001/20220921_090000.WAV,Telephone Field,recover-20220922,001,1795
368.0865,368.124,68437,81345,Rhinolophus ferrumequinum,0.023,0.023,-1,Echolocation,/mnt/ubna_data_02_mir/recover-20220922/UBNA_001/20220921_090000.WAV,Telephone Field,recover-20220922,001,1795
368.0955,368.136,68437,82497,Rhinolophus ferrumequinum,0.027,0.027,-1,Echolocation,/mnt/ubna_data_02_mir/recover-20220922/UBNA_001/20220921_090000.WAV,Telephone Field,recover-20220922,001,1795
368.1235,368.1593,68437,81377,Rhinolophus ferrumequinum,0.029,0.029,-1,Echolocation,/mnt/ubna_data_02_mir/recover-20220922/UBNA_001/20220921_090000.WAV,Telephone Field,recover-20220922,001,1795
368.1335,368.1669,68437,80633,Rhinolophus ferrumequinum,0.022,0.022,-1,Echolocation,/mnt/ubna_data_02_mir/recover-20220922/UBNA_001/20220921_090000.WAV,Telephone Field,recover-20220922,001,1795
368.1545,368.1913,68437,81642,Rhinolophus ferrumequinum,0.023,0.023,-1,Echolocation,/mnt/ubna_data_02_mir/recover-20220922/UBNA_001/20220921_090000.WAV,Telephone Field,recover-20220922,001,1795
368.1835,368.2219,68437,81557,Rhinolophus ferrumequinum,0.029,0.029,-1,Echolocation,/mnt/ubna_data_02_mir/recover-20220922/UBNA_001/20220921_090000.WAV,Telephone Field,recover-20220922,001,1795
368.1925,368.2316,68437,82548,Rhinolophus ferrumequinum,0.024,0.024,-1,Echolocation,/mnt/ubna_data_02_mir/recover-20220922/UBNA_001/20220921_090000.WAV,Telephone Field,recover-20220922,001,1795
368.2065,368.2446,68437,81697,Rhinolophus ferrumequinum,0.024,0.024,-1,Echolocation,/mnt/ubna_data_02_mir/recover-20220922/UBNA_001/20220921_090000.WAV,Telephone Field,recover-20220922,001,1795
368.2355,368.2753,68437,82344,Rhinolophus ferrumequinum,0.028,0.028,-1,Echolocation,/mnt/ubna_data_02_mir/recover-20220922/UBNA_001/20220921_090000.WAV,Telephone Field,recover-20220922,001,1795
368.2505,368.2896,68437,82313,Rhinolophus ferrumequinum,0.026,0.026,-1,Echolocation,/mnt/ubna_data_02_mir/recover-20220922/UBNA_001/20220921_090000.WAV,Telephone Field,recover-20220922,001,1795
368.2805,368.3207,68437,82618,Rhinolophus ferrumequinum,0.024,0.024,-1,Echolocation,/mnt/ubna_data_02_mir/recover-20220922/UBNA_001/20220921_090000.WAV,Telephone Field,recover-20220922,001,1795
368.2865,368.3282,68437,83014,Rhinolophus ferrumequinum,0.024,0.024,-1,Echolocation,/mnt/ubna_data_02_mir/recover-20220922/UBNA_001/20220921_090000.WAV,Telephone Field,recover-20220922,001,1795
368.2925,368.333,68437,82777,Rhinolophus ferrumequinum,0.023,0.023,-1,Echolocation,/mnt/ubna_data_02_mir/recover-20220922/UBNA_001/20220921_090000.WAV,Telephone Field,recover-20220922,001,1795
368.2975,368.3038,13437,29468,Plecotus auritus,0.021,0.023,-1,Echolocation,/mnt/ubna_data_02_mir/recover-20220922/UBNA_001/20220921_090000.WAV,Telephone Field,recover-20220922,001,1795
368.3135,368.3532,68437,82651,Rhinolophus ferrumequinum,0.022,0.022,-1,Echolocation,/mnt/ubna_data_02_mir/recover-20220922/UBNA_001/20220921_090000.WAV,Telephone Field,recover-20220922,001,1795
368.3235,368.3608,68437,81587,Rhinolophus ferrumequinum,0.023,0.023,-1,Echolocation,/mnt/ubna_data_02_mir/recover-20220922/UBNA_001/20220921_090000.WAV,Telephone Field,recover-20220922,001,1795
368.3365,368.3752,68437,82009,Rhinolophus ferrumequinum,0.023,0.023,-1,Echolocation,/mnt/ubna_data_02_mir/recover-20220922/UBNA_001/20220921_090000.WAV,Telephone Field,recover-20220922,001,1795
368.3365,368.3568,20312,23117,Nyctalus leisleri,0.018,0.03,-1,Echolocation,/mnt/ubna_data_02_mir/recover-20220922/UBNA_001/20220921_090000.WAV,Telephone Field,recover-20220922,001,1795
368.3485,368.3848,68437,81510,Rhinolophus ferrumequinum,0.024,0.024,-1,Echolocation,/mnt/ubna_data_02_mir/recover-20220922/UBNA_001/20220921_090000.WAV,Telephone Field,recover-20220922,001,1795
368.3625,368.4031,68437,82002,Rhinolophus ferrumequinum,0.023,0.023,-1,Echolocation,/mnt/ubna_data_02_mir/recover-20220922/UBNA_001/20220921_090000.WAV,Telephone Field,recover-20220922,001,1795
368.3725,368.41179999999997,68437,82851,Rhinolophus ferrumequinum,0.023,0.023,-1,Echolocation,/mnt/ubna_data_02_mir/recover-20220922/UBNA_001/20220921_090000.WAV,Telephone Field,recover-20220922,001,1795
368.4115,368.4509,68437,82803,Rhinolophus ferrumequinum,0.026,0.026,-1,Echolocation,/mnt/ubna_data_02_mir/recover-20220922/UBNA_001/20220921_090000.WAV,Telephone Field,recover-20220922,001,1795
368.4295,368.462,68437,79961,Rhinolophus ferrumequinum,0.023,0.023,-1,Echolocation,/mnt/ubna_data_02_mir/recover-20220922/UBNA_001/20220921_090000.WAV,Telephone Field,recover-20220922,001,1795
368.4445,368.4817,68437,81480,Rhinolophus ferrumequinum,0.028,0.028,-1,Echolocation,/mnt/ubna_data_02_mir/recover-20220922/UBNA_001/20220921_090000.WAV,Telephone Field,recover-20220922,001,1795
368.4565,368.4964,68437,82110,Rhinolophus ferrumequinum,0.026,0.026,-1,Echolocation,/mnt/ubna_data_02_mir/recover-20220922/UBNA_001/20220921_090000.WAV,Telephone Field,recover-20220922,001,1795
368.4795,368.4978,22031,25616,Nyctalus leisleri,0.022,0.038,-1,Echolocation,/mnt/ubna_data_02_mir/recover-20220922/UBNA_001/20220921_090000.WAV,Telephone Field,recover-20220922,001,1795
368.5065,368.5478,68437,82968,Rhinolophus ferrumequinum,0.041,0.041,-1,Echolocation,/mnt/ubna_data_02_mir/recover-20220922/UBNA_001/20220921_090000.WAV,Telephone Field,recover-20220922,001,1795
368.5155,368.5242,28046,37600,Eptesicus serotinus,0.009,0.023,-1,Echolocation,/mnt/ubna_data_02_mir/recover-20220922/UBNA_001/20220921_090000.WAV,Telephone Field,recover-20220922,001,1795
368.5315,368.567,68437,81068,Rhinolophus ferrumequinum,0.022,0.022,-1,Echolocation,/mnt/ubna_data_02_mir/recover-20220922/UBNA_001/20220921_090000.WAV,Telephone Field,recover-20220922,001,1795
368.5725,368.6109,68437,82321,Rhinolophus ferrumequinum,0.023,0.023,-1,Echolocation,/mnt/ubna_data_02_mir/recover-20220922/UBNA_001/20220921_090000.WAV,Telephone Field,recover-20220922,001,1795
368.58050000000003,368.6191,68437,82216,Rhinolophus ferrumequinum,0.023,0.023,-1,Echolocation,/mnt/ubna_data_02_mir/recover-20220922/UBNA_001/20220921_090000.WAV,Telephone Field,recover-20220922,001,1795
368.5885,368.6263,68437,81694,Rhinolophus ferrumequinum,0.024,0.024,-1,Echolocation,/mnt/ubna_data_02_mir/recover-20220922/UBNA_001/20220921_090000.WAV,Telephone Field,recover-20220922,001,1795
368.6005,368.6417,68437,82663,Rhinolophus ferrumequinum,0.024,0.024,-1,Echolocation,/mnt/ubna_data_02_mir/recover-20220922/UBNA_001/20220921_090000.WAV,Telephone Field,recover-20220922,001,1795
368.6075,368.6484,68437,82579,Rhinolophus ferrumequinum,0.025,0.025,-1,Echolocation,/mnt/ubna_data_02_mir/recover-20220922/UBNA_001/20220921_090000.WAV,Telephone Field,recover-20220922,001,1795
368.6305,368.6676,68437,82051,Rhinolophus ferrumequinum,0.022,0.022,-1,Echolocation,/mnt/ubna_data_02_mir/recover-20220922/UBNA_001/20220921_090000.WAV,Telephone Field,recover-20220922,001,1795
368.6395,368.64639999999997,24609,33377,Plecotus austriacus,0.008,0.024,-1,Echolocation,/mnt/ubna_data_02_mir/recover-20220922/UBNA_001/20220921_090000.WAV,Telephone Field,recover-20220922,001,1795
368.6485,368.6888,68437,82383,Rhinolophus ferrumequinum,0.027,0.027,-1,Echolocation,/mnt/ubna_data_02_mir/recover-20220922/UBNA_001/20220921_090000.WAV,Telephone Field,recover-20220922,001,1795
368.6845,368.7222,68437,81608,Rhinolophus ferrumequinum,0.024,0.024,-1,Echolocation,/mnt/ubna_data_02_mir/recover-20220922/UBNA_001/20220921_090000.WAV,Telephone Field,recover-20220922,001,1795
368.6925,368.7314,68437,82349,Rhinolophus ferrumequinum,0.026,0.026,-1,Echolocation,/mnt/ubna_data_02_mir/recover-20220922/UBNA_001/20220921_090000.WAV,Telephone Field,recover-20220922,001,1795
368.7255,368.7673,68437,82877,Rhinolophus ferrumequinum,0.029,0.029,-1,Echolocation,/mnt/ubna_data_02_mir/recover-20220922/UBNA_001/20220921_090000.WAV,Telephone Field,recover-20220922,001,1795
368.7445,368.7867,68437,82487,Rhinolophus ferrumequinum,0.041,0.041,-1,Echolocation,/mnt/ubna_data_02_mir/recover-20220922/UBNA_001/20220921_090000.WAV,Telephone Field,recover-20220922,001,1795
368.7645,368.8026,68437,82077,Rhinolophus ferrumequinum,0.021,0.021,-1,Echolocation,/mnt/ubna_data_02_mir/recover-20220922/UBNA_001/20220921_090000.WAV,Telephone Field,recover-20220922,001,1795
368.7775,368.8171,68437,82063,Rhinolophus ferrumequinum,0.023,0.023,-1,Echolocation,/mnt/ubna_data_02_mir/recover-20220922/UBNA_001/20220921_090000.WAV,Telephone Field,recover-20220922,001,1795
368.7785,368.7858,28046,38734,Eptesicus serotinus,0.006,0.021,-1,Echolocation,/mnt/ubna_data_02_mir/recover-20220922/UBNA_001/20220921_090000.WAV,Telephone Field,recover-20220922,001,1795
368.8225,368.8608,68437,82390,Rhinolophus ferrumequinum,0.028,0.028,-1,Echolocation,/mnt/ubna_data_02_mir/recover-20220922/UBNA_001/20220921_090000.WAV,Telephone Field,recover-20220922,001,1795
368.8315,368.8691,68437,81859,Rhinolophus ferrumequinum,0.024,0.024,-1,Echolocation,/mnt/ubna_data_02_mir/recover-20220922/UBNA_001/20220921_090000.WAV,Telephone Field,recover-20220922,001,1795
368.8625,368.8704,28906,37706,Eptesicus serotinus,0.01,0.027,-1,Echolocation,/mnt/ubna_data_02_mir/recover-20220922/UBNA_001/20220921_090000.WAV,Telephone Field,recover-20220922,001,1795
368.8775,368.9157,68437,81794,Rhinolophus ferrumequinum,0.025,0.025,-1,Echolocation,/mnt/ubna_data_02_mir/recover-20220922/UBNA_001/20220921_090000.WAV,Telephone Field,recover-20220922,001,1795
368.8825,368.8961,32343,37647,Eptesicus serotinus,0.011,0.031,-1,Echolocation,/mnt/ubna_data_02_mir/recover-20220922/UBNA_001/20220921_090000.WAV,Telephone Field,recover-20220922,001,1795
368.9085,368.9173,28906,39727,Eptesicus serotinus,0.008,0.023,-1,Echolocation,/mnt/ubna_data_02_mir/recover-20220922/UBNA_001/20220921_090000.WAV,Telephone Field,recover-20220922,001,1795
368.9085,368.9498,68437,82357,Rhinolophus ferrumequinum,0.036,0.036,-1,Echolocation,/mnt/ubna_data_02_mir/recover-20220922/UBNA_001/20220921_090000.WAV,Telephone Field,recover-20220922,001,1795
368.9565,368.9663,26328,36446,Eptesicus serotinus,0.008,0.022,-1,Echolocation,/mnt/ubna_data_02_mir/recover-20220922/UBNA_001/20220921_090000.WAV,Telephone Field,recover-20220922,001,1795
368.9575,368.999,68437,82789,Rhinolophus ferrumequinum,0.03,0.03,-1,Echolocation,/mnt/ubna_data_02_mir/recover-20220922/UBNA_001/20220921_090000.WAV,Telephone Field,recover-20220922,001,1795
368.9715,368.9809,25468,31719,Eptesicus serotinus,0.013,0.034,-1,Echolocation,/mnt/ubna_data_02_mir/recover-20220922/UBNA_001/20220921_090000.WAV,Telephone Field,recover-20220922,001,1795
368.9855,369.029,68437,83138,Rhinolophus ferrumequinum,0.05,0.05,-1,Echolocation,/mnt/ubna_data_02_mir/recover-20220922/UBNA_001/20220921_090000.WAV,Telephone Field,recover-20220922,001,1795
369.0185,369.0259,28046,41302,Eptesicus serotinus,0.009,0.029,-1,Echolocation,/mnt/ubna_data_02_mir/recover-20220922/UBNA_001/20220921_090000.WAV,Telephone Field,recover-20220922,001,1795
369.0295,369.0689,68437,82045,Rhinolophus ferrumequinum,0.025,0.025,-1,Echolocation,/mnt/ubna_data_02_mir/recover-20220922/UBNA_001/20220921_090000.WAV,Telephone Field,recover-20220922,001,1795
369.0685,369.1024,68437,81199,Rhinolophus ferrumequinum,0.022,0.022,-1,Echolocation,/mnt/ubna_data_02_mir/recover-20220922/UBNA_001/20220921_090000.WAV,Telephone Field,recover-20220922,001,1795
369.08050000000003,369.1189,68437,82374,Rhinolophus ferrumequinum,0.023,0.023,-1,Echolocation,/mnt/ubna_data_02_mir/recover-20220922/UBNA_001/20220921_090000.WAV,Telephone Field,recover-20220922,001,1795
369.1105,369.1499,68437,82350,Rhinolophus ferrumequinum,0.025,0.025,-1,Echolocation,/mnt/ubna_data_02_mir/recover-20220922/UBNA_001/20220921_090000.WAV,Telephone Field,recover-20220922,001,1795
369.1185,369.1583,68437,82192,Rhinolophus ferrumequinum,0.022,0.022,-1,Echolocation,/mnt/ubna_data_02_mir/recover-20220922/UBNA_001/20220921_090000.WAV,Telephone Field,recover-20220922,001,1795
369.1405,369.1822,68437,82567,Rhinolophus ferrumequinum,0.025,0.025,-1,Echolocation,/mnt/ubna_data_02_mir/recover-20220922/UBNA_001/20220921_090000.WAV,Telephone Field,recover-20220922,001,1795
369.1505,369.1923,68437,82301,Rhinolophus ferrumequinum,0.023,0.023,-1,Echolocation,/mnt/ubna_data_02_mir/recover-20220922/UBNA_001/20220921_090000.WAV,Telephone Field,recover-20220922,001,1795
369.1555,369.1971,68437,82489,Rhinolophus ferrumequinum,0.023,0.023,-1,Echolocation,/mnt/ubna_data_02_mir/recover-20220922/UBNA_001/20220921_090000.WAV,Telephone Field,recover-20220922,001,1795
369.1865,369.2244,68437,81593,Rhinolophus ferrumequinum,0.021,0.021,-1,Echolocation,/mnt/ubna_data_02_mir/recover-20220922/UBNA_001/20220921_090000.WAV,Telephone Field,recover-20220922,001,1795
369.2035,369.2414,68437,82454,Rhinolophus ferrumequinum,0.021,0.021,-1,Echolocation,/mnt/ubna_data_02_mir/recover-20220922/UBNA_001/20220921_090000.WAV,Telephone Field,recover-20220922,001,1795
369.2195,369.2594,68437,81708,Rhinolophus ferrumequinum,0.023,0.023,-1,Echolocation,/mnt/ubna_data_02_mir/recover-20220922/UBNA_001/20220921_090000.WAV,Telephone Field,recover-20220922,001,1795
369.2295,369.273,68437,83135,Rhinolophus ferrumequinum,0.028,0.028,-1,Echolocation,/mnt/ubna_data_02_mir/recover-20220922/UBNA_001/20220921_090000.WAV,Telephone Field,recover-20220922,001,1795
369.2395,369.2797,68437,81972,Rhinolophus ferrumequinum,0.022,0.022,-1,Echolocation,/mnt/ubna_data_02_mir/recover-20220922/UBNA_001/20220921_090000.WAV,Telephone Field,recover-20220922,001,1795
369.2605,369.3018,68437,82575,Rhinolophus ferrumequinum,0.027,0.027,-1,Echolocation,/mnt/ubna_data_02_mir/recover-20220922/UBNA_001/20220921_090000.WAV,Telephone Field,recover-20220922,001,1795
369.2735,369.2842,42656,50387,Pipistrellus pipistrellus,0.014,0.022,-1,Echolocation,/mnt/ubna_data_02_mir/recover-20220922/UBNA_001/20220921_090000.WAV,Telephone Field,recover-20220922,001,1795
369.2795,369.3139,68437,81082,Rhinolophus ferrumequinum,0.022,0.022,-1,Echolocation,/mnt/ubna_data_02_mir/recover-20220922/UBNA_001/20220921_090000.WAV,Telephone Field,recover-20220922,001,1795
369.3105,369.3328,18593,21204,Nyctalus noctula,0.015,0.027,-1,Echolocation,/mnt/ubna_data_02_mir/recover-20220922/UBNA_001/20220921_090000.WAV,Telephone Field,recover-20220922,001,1795
369.3125,369.3547,68437,82836,Rhinolophus ferrumequinum,0.031,0.031,-1,Echolocation,/mnt/ubna_data_02_mir/recover-20220922/UBNA_001/20220921_090000.WAV,Telephone Field,recover-20220922,001,1795
369.3235,369.3314,28046,41464,Eptesicus serotinus,0.007,0.021,-1,Echolocation,/mnt/ubna_data_02_mir/recover-20220922/UBNA_001/20220921_090000.WAV,Telephone Field,recover-20220922,001,1795
369.3245,369.3621,68437,81832,Rhinolophus ferrumequinum,0.023,0.023,-1,Echolocation,/mnt/ubna_data_02_mir/recover-20220922/UBNA_001/20220921_090000.WAV,Telephone Field,recover-20220922,001,1795
369.3505,369.3881,68437,82048,Rhinolophus ferrumequinum,0.022,0.022,-1,Echolocation,/mnt/ubna_data_02_mir/recover-20220922/UBNA_001/20220921_090000.WAV,Telephone Field,recover-20220922,001,1795
369.3705,369.4077,68437,81761,Rhinolophus ferrumequinum,0.021,0.021,-1,Echolocation,/mnt/ubna_data_02_mir/recover-20220922/UBNA_001/20220921_090000.WAV,Telephone Field,recover-20220922,001,1795
369.3805,369.4179,68437,82284,Rhinolophus ferrumequinum,0.022,0.022,-1,Echolocation,/mnt/ubna_data_02_mir/recover-20220922/UBNA_001/20220921_090000.WAV,Telephone Field,recover-20220922,001,1795
369.4255,369.4671,68437,82726,Rhinolophus ferrumequinum,0.025,0.025,-1,Echolocation,/mnt/ubna_data_02_mir/recover-20220922/UBNA_001/20220921_090000.WAV,Telephone Field,recover-20220922,001,1795
369.4405,369.4799,68437,82080,Rhinolophus ferrumequinum,0.022,0.022,-1,Echolocation,/mnt/ubna_data_02_mir/recover-20220922/UBNA_001/20220921_090000.WAV,Telephone Field,recover-20220922,001,1795
369.4645,369.5046,68437,82415,Rhinolophus ferrumequinum,0.027,0.027,-1,Echolocation,/mnt/ubna_data_02_mir/recover-20220922/UBNA_001/20220921_090000.WAV,Telephone Field,recover-20220922,001,1795
369.4765,369.5171,68437,82291,Rhinolophus ferrumequinum,0.022,0.022,-1,Echolocation,/mnt/ubna_data_02_mir/recover-20220922/UBNA_001/20220921_090000.WAV,Telephone Field,recover-20220922,001,1795
369.4825,369.4931,23750,28262,Nyctalus leisleri,0.014,0.026,-1,Echolocation,/mnt/ubna_data_02_mir/recover-20220922/UBNA_001/20220921_090000.WAV,Telephone Field,recover-20220922,001,1795
369.4895,369.5013,22031,26134,Nyctalus leisleri,0.014,0.023,-1,Echolocation,/mnt/ubna_data_02_mir/recover-20220922/UBNA_001/20220921_090000.WAV,Telephone Field,recover-20220922,001,1795
369.4965,369.5363,68437,81926,Rhinolophus ferrumequinum,0.022,0.022,-1,Echolocation,/mnt/ubna_data_02_mir/recover-20220922/UBNA_001/20220921_090000.WAV,Telephone Field,recover-20220922,001,1795
369.5055,369.5448,68437,82198,Rhinolophus ferrumequinum,0.025,0.025,-1,Echolocation,/mnt/ubna_data_02_mir/recover-20220922/UBNA_001/20220921_090000.WAV,Telephone Field,recover-20220922,001,1795
369.5145,369.5533,68437,81759,Rhinolophus ferrumequinum,0.025,0.025,-1,Echolocation,/mnt/ubna_data_02_mir/recover-20220922/UBNA_001/20220921_090000.WAV,Telephone Field,recover-20220922,001,1795
369.5455,369.5622,21171,24315,Nyctalus leisleri,0.015,0.024,-1,Echolocation,/mnt/ubna_data_02_mir/recover-20220922/UBNA_001/20220921_090000.WAV,Telephone Field,recover-20220922,001,1795
369.5475,369.5857,68437,82018,Rhinolophus ferrumequinum,0.024,0.024,-1,Echolocation,/mnt/ubna_data_02_mir/recover-20220922/UBNA_001/20220921_090000.WAV,Telephone Field,recover-20220922,001,1795
369.5615,369.602,68437,82561,Rhinolophus ferrumequinum,0.032,0.032,-1,Echolocation,/mnt/ubna_data_02_mir/recover-20220922/UBNA_001/20220921_090000.WAV,Telephone Field,recover-20220922,001,1795
369.5645,369.5754,57265,62515,Pipistrellus pygmaeus,0.023,0.024,-1,Echolocation,/mnt/ubna_data_02_mir/recover-20220922/UBNA_001/20220921_090000.WAV,Telephone Field,recover-20220922,001,1795
369.5755,369.6182,68437,82913,Rhinolophus ferrumequinum,0.046,0.046,-1,Echolocation,/mnt/ubna_data_02_mir/recover-20220922/UBNA_001/20220921_090000.WAV,Telephone Field,recover-20220922,001,1795
369.5875,369.5954,28046,39931,Eptesicus serotinus,0.007,0.023,-1,Echolocation,/mnt/ubna_data_02_mir/recover-20220922/UBNA_001/20220921_090000.WAV,Telephone Field,recover-20220922,001,1795
369.6105,369.6191,28906,36558,Eptesicus serotinus,0.007,0.022,-1,Echolocation,/mnt/ubna_data_02_mir/recover-20220922/UBNA_001/20220921_090000.WAV,Telephone Field,recover-20220922,001,1795
369.6225,369.6329,37500,42204,Pipistrellus nathusii,0.008,0.021,-1,Echolocation,/mnt/ubna_data_02_mir/recover-20220922/UBNA_001/20220921_090000.WAV,Telephone Field,recover-20220922,001,1795
369.6325,369.6685,68437,82206,Rhinolophus ferrumequinum,0.021,0.021,-1,Echolocation,/mnt/ubna_data_02_mir/recover-20220922/UBNA_001/20220921_090000.WAV,Telephone Field,recover-20220922,001,1795
369.6515,369.6607,27187,37208,Eptesicus serotinus,0.01,0.026,-1,Echolocation,/mnt/ubna_data_02_mir/recover-20220922/UBNA_001/20220921_090000.WAV,Telephone Field,recover-20220922,001,1795
369.6725,369.7105,68437,81878,Rhinolophus ferrumequinum,0.022,0.022,-1,Echolocation,/mnt/ubna_data_02_mir/recover-20220922/UBNA_001/20220921_090000.WAV,Telephone Field,recover-20220922,001,1795
369.6775,369.6862,26328,34934,Eptesicus serotinus,0.009,0.024,-1,Echolocation,/mnt/ubna_data_02_mir/recover-20220922/UBNA_001/20220921_090000.WAV,Telephone Field,recover-20220922,001,1795
369.6995,369.7377,68437,81899,Rhinolophus ferrumequinum,0.022,0.022,-1,Echolocation,/mnt/ubna_data_02_mir/recover-20220922/UBNA_001/20220921_090000.WAV,Telephone Field,recover-20220922,001,1795
369.7315,369.7698,68437,81681,Rhinolophus ferrumequinum,0.023,0.023,-1,Echolocation,/mnt/ubna_data_02_mir/recover-20220922/UBNA_001/20220921_090000.WAV,Telephone Field,recover-20220922,001,1795
369.7415,369.7784,68437,81803,Rhinolophus ferrumequinum,0.022,0.022,-1,Echolocation,/mnt/ubna_data_02_mir/recover-20220922/UBNA_001/20220921_090000.WAV,Telephone Field,recover-20220922,001,1795
369.7475,369.7872,68437,81768,Rhinolophus ferrumequinum,0.021,0.021,-1,Echolocation,/mnt/ubna_data_02_mir/recover-20220922/UBNA_001/20220921_090000.WAV,Telephone Field,recover-20220922,001,1795
369.7545,369.7742,19453,22926,Nyctalus noctula,0.023,0.047,-1,Echolocation,/mnt/ubna_data_02_mir/recover-20220922/UBNA_001/20220921_090000.WAV,Telephone Field,recover-20220922,001,1795
369.7545,369.7962,68437,82627,Rhinolophus ferrumequinum,0.022,0.022,-1,Echolocation,/mnt/ubna_data_02_mir/recover-20220922/UBNA_001/20220921_090000.WAV,Telephone Field,recover-20220922,001,1795
369.7735,369.8156,68437,82467,Rhinolophus ferrumequinum,0.032,0.032,-1,Echolocation,/mnt/ubna_data_02_mir/recover-20220922/UBNA_001/20220921_090000.WAV,Telephone Field,recover-20220922,001,1795
369.7825,369.8198,68437,80621,Rhinolophus ferrumequinum,0.034,0.034,-1,Echolocation,/mnt/ubna_data_02_mir/recover-20220922/UBNA_001/20220921_090000.WAV,Telephone Field,recover-20220922,001,1795
369.8045,369.8135,27187,40897,Eptesicus serotinus,0.007,0.021,-1,Echolocation,/mnt/ubna_data_02_mir/recover-20220922/UBNA_001/20220921_090000.WAV,Telephone Field,recover-20220922,001,1795
369.8135,369.85360000000003,68437,82657,Rhinolophus ferrumequinum,0.024,0.024,-1,Echolocation,/mnt/ubna_data_02_mir/recover-20220922/UBNA_001/20220921_090000.WAV,Telephone Field,recover-20220922,001,1795
369.8185,369.8262,47812,56350,Pipistrellus pipistrellus,0.02,0.023,-1,Echolocation,/mnt/ubna_data_02_mir/recover-20220922/UBNA_001/20220921_090000.WAV,Telephone Field,recover-20220922,001,1795
369.8325,369.8713,68437,82683,Rhinolophus ferrumequinum,0.024,0.025,-1,Echolocation,/mnt/ubna_data_02_mir/recover-20220922/UBNA_001/20220921_090000.WAV,Telephone Field,recover-20220922,001,1795
369.8375,369.84590000000003,54687,59569,Pipistrellus pygmaeus,0.02,0.021,-1,Echolocation,/mnt/ubna_data_02_mir/recover-20220922/UBNA_001/20220921_090000.WAV,Telephone Field,recover-20220922,001,1795
369.8415,369.8792,68437,81935,Rhinolophus ferrumequinum,0.021,0.021,-1,Echolocation,/mnt/ubna_data_02_mir/recover-20220922/UBNA_001/20220921_090000.WAV,Telephone Field,recover-20220922,001,1795
369.8745,369.9103,68437,81391,Rhinolophus ferrumequinum,0.022,0.022,-1,Echolocation,/mnt/ubna_data_02_mir/recover-20220922/UBNA_001/20220921_090000.WAV,Telephone Field,recover-20220922,001,1795
369.8865,369.9266,68437,82801,Rhinolophus ferrumequinum,0.024,0.024,-1,Echolocation,/mnt/ubna_data_02_mir/recover-20220922/UBNA_001/20220921_090000.WAV,Telephone Field,recover-20220922,001,1795
369.9075,369.9482,68437,82196,Rhinolophus ferrumequinum,0.031,0.031,-1,Echolocation,/mnt/ubna_data_02_mir/recover-20220922/UBNA_001/20220921_090000.WAV,Telephone Field,recover-20220922,001,1795
369.9145,369.9533,68437,82134,Rhinolophus ferrumequinum,0.031,0.031,-1,Echolocation,/mnt/ubna_data_02_mir/recover-20220922/UBNA_001/20220921_090000.WAV,Telephone Field,recover-20220922,001,1795
369.9175,369.9285,28906,34636,Eptesicus serotinus,0.011,0.025,-1,Echolocation,/mnt/ubna_data_02_mir/recover-20220922/UBNA_001/20220921_090000.WAV,Telephone Field,recover-20220922,001,1795
369.9255,369.9633,68437,81246,Rhinolophus ferrumequinum,0.027,0.027,-1,Echolocation,/mnt/ubna_data_02_mir/recover-20220922/UBNA_001/20220921_090000.WAV,Telephone Field,recover-20220922,001,1795
370.0015,370.0348,68437,79972,Rhinolophus ferrumequinum,0.053,0.054,-1,Echolocation,/mnt/ubna_data_02_mir/recover-20220922/UBNA_001/20220921_090000.WAV,Telephone Field,recover-20220922,001,1795
370.0015,370.0129,46953,51148,Pipistrellus pipistrellus,0.025,0.031,-1,Echolocation,/mnt/ubna_data_02_mir/recover-20220922/UBNA_001/20220921_090000.WAV,Telephone Field,recover-20220922,001,1795
370.0015,370.0115,22890,28579,Nyctalus leisleri,0.021,0.042,-1,Echolocation,/mnt/ubna_data_02_mir/recover-20220922/UBNA_001/20220921_090000.WAV,Telephone Field,recover-20220922,001,1795
370.0095,370.0554,68437,83427,Rhinolophus ferrumequinum,0.039,0.039,-1,Echolocation,/mnt/ubna_data_02_mir/recover-20220922/UBNA_001/20220921_090000.WAV,Telephone Field,recover-20220922,001,1795
370.0665,370.1033,68437,81602,Rhinolophus ferrumequinum,0.024,0.024,-1,Echolocation,/mnt/ubna_data_02_mir/recover-20220922/UBNA_001/20220921_090000.WAV,Telephone Field,recover-20220922,001,1795
370.1075,370.1179,22890,28144,Nyctalus leisleri,0.013,0.026,-1,Echolocation,/mnt/ubna_data_02_mir/recover-20220922/UBNA_001/20220921_090000.WAV,Telephone Field,recover-20220922,001,1795
370.1185,370.16,68437,82390,Rhinolophus ferrumequinum,0.028,0.028,-1,Echolocation,/mnt/ubna_data_02_mir/recover-20220922/UBNA_001/20220921_090000.WAV,Telephone Field,recover-20220922,001,1795
370.1415,370.17719999999997,68437,81387,Rhinolophus ferrumequinum,0.021,0.022,-1,Echolocation,/mnt/ubna_data_02_mir/recover-20220922/UBNA_001/20220921_090000.WAV,Telephone Field,recover-20220922,001,1795
370.1495,370.1888,68437,82062,Rhinolophus ferrumequinum,0.022,0.022,-1,Echolocation,/mnt/ubna_data_02_mir/recover-20220922/UBNA_001/20220921_090000.WAV,Telephone Field,recover-20220922,001,1795
370.1685,370.1801,50390,55333,Pipistrellus pipistrellus,0.023,0.028,-1,Echolocation,/mnt/ubna_data_02_mir/recover-20220922/UBNA_001/20220921_090000.WAV,Telephone Field,recover-20220922,001,1795
370.2345,370.2695,68437,81523,Rhinolophus ferrumequinum,0.023,0.023,-1,Echolocation,/mnt/ubna_data_02_mir/recover-20220922/UBNA_001/20220921_090000.WAV,Telephone Field,recover-20220922,001,1795
370.3185,370.3575,68437,81762,Rhinolophus ferrumequinum,0.022,0.022,-1,Echolocation,/mnt/ubna_data_02_mir/recover-20220922/UBNA_001/20220921_090000.WAV,Telephone Field,recover-20220922,001,1795
370.3235,370.3615,68437,81644,Rhinolophus ferrumequinum,0.022,0.022,-1,Echolocation,/mnt/ubna_data_02_mir/recover-20220922/UBNA_001/20220921_090000.WAV,Telephone Field,recover-20220922,001,1795
370.4685,370.4782,25468,32089,Nyctalus leisleri,0.014,0.039,-1,Echolocation,/mnt/ubna_data_02_mir/recover-20220922/UBNA_001/20220921_090000.WAV,Telephone Field,recover-20220922,001,1795
370.4975,370.5073,28046,36231,Eptesicus serotinus,0.009,0.022,-1,Echolocation,/mnt/ubna_data_02_mir/recover-20220922/UBNA_001/20220921_090000.WAV,Telephone Field,recover-20220922,001,1795
370.5095,370.5489,68437,82326,Rhinolophus ferrumequinum,0.022,0.022,-1,Echolocation,/mnt/ubna_data_02_mir/recover-20220922/UBNA_001/20220921_090000.WAV,Telephone Field,recover-20220922,001,1795
370.5135,370.5226,28046,35222,Eptesicus serotinus,0.017,0.038,-1,Echolocation,/mnt/ubna_data_02_mir/recover-20220922/UBNA_001/20220921_090000.WAV,Telephone Field,recover-20220922,001,1795
370.5755,370.6173,68437,82393,Rhinolophus ferrumequinum,0.027,0.027,-1,Echolocation,/mnt/ubna_data_02_mir/recover-20220922/UBNA_001/20220921_090000.WAV,Telephone Field,recover-20220922,001,1795
370.6505,370.6868,68437,81629,Rhinolophus ferrumequinum,0.022,0.022,-1,Echolocation,/mnt/ubna_data_02_mir/recover-20220922/UBNA_001/20220921_090000.WAV,Telephone Field,recover-20220922,001,1795
370.6585,370.6962,68437,81886,Rhinolophus ferrumequinum,0.022,0.022,-1,Echolocation,/mnt/ubna_data_02_mir/recover-20220922/UBNA_001/20220921_090000.WAV,Telephone Field,recover-20220922,001,1795
370.6775,370.7167,68437,82364,Rhinolophus ferrumequinum,0.022,0.022,-1,Echolocation,/mnt/ubna_data_02_mir/recover-20220922/UBNA_001/20220921_090000.WAV,Telephone Field,recover-20220922,001,1795
370.6995,370.7404,68437,82120,Rhinolophus ferrumequinum,0.024,0.024,-1,Echolocation,/mnt/ubna_data_02_mir/recover-20220922/UBNA_001/20220921_090000.WAV,Telephone Field,recover-20220922,001,1795
370.7175,370.7257,28046,38258,Eptesicus serotinus,0.008,0.022,-1,Echolocation,/mnt/ubna_data_02_mir/recover-20220922/UBNA_001/20220921_090000.WAV,Telephone Field,recover-20220922,001,1795
370.7615,370.7995,68437,81967,Rhinolophus ferrumequinum,0.025,0.025,-1,Echolocation,/mnt/ubna_data_02_mir/recover-20220922/UBNA_001/20220921_090000.WAV,Telephone Field,recover-20220922,001,1795
370.7775,370.8194,68437,82772,Rhinolophus ferrumequinum,0.033,0.033,-1,Echolocation,/mnt/ubna_data_02_mir/recover-20220922/UBNA_001/20220921_090000.WAV,Telephone Field,recover-20220922,001,1795
370.8065,370.8478,68437,83211,Rhinolophus ferrumequinum,0.028,0.028,-1,Echolocation,/mnt/ubna_data_02_mir/recover-20220922/UBNA_001/20220921_090000.WAV,Telephone Field,recover-20220922,001,1795
370.8165,370.8595,68437,83022,Rhinolophus ferrumequinum,0.023,0.023,-1,Echolocation,/mnt/ubna_data_02_mir/recover-20220922/UBNA_001/20220921_090000.WAV,Telephone Field,recover-20220922,001,1795
370.8665,370.9054,68437,82239,Rhinolophus ferrumequinum,0.028,0.028,-1,Echolocation,/mnt/ubna_data_02_mir/recover-20220922/UBNA_001/20220921_090000.WAV,Telephone Field,recover-20220922,001,1795
370.8735,370.9132,68437,82612,Rhinolophus ferrumequinum,0.027,0.027,-1,Echolocation,/mnt/ubna_data_02_mir/recover-20220922/UBNA_001/20220921_090000.WAV,Telephone Field,recover-20220922,001,1795
370.8785,370.8886,28046,35979,Eptesicus serotinus,0.009,0.021,-1,Echolocation,/mnt/ubna_data_02_mir/recover-20220922/UBNA_001/20220921_090000.WAV,Telephone Field,recover-20220922,001,1795
370.9175,370.956,68437,81927,Rhinolophus ferrumequinum,0.022,0.022,-1,Echolocation,/mnt/ubna_data_02_mir/recover-20220922/UBNA_001/20220921_090000.WAV,Telephone Field,recover-20220922,001,1795
370.9465,370.9838,68437,82204,Rhinolophus ferrumequinum,0.024,0.024,-1,Echolocation,/mnt/ubna_data_02_mir/recover-20220922/UBNA_001/20220921_090000.WAV,Telephone Field,recover-20220922,001,1795
370.9545,370.9624,27187,35682,Eptesicus serotinus,0.01,0.026,-1,Echolocation,/mnt/ubna_data_02_mir/recover-20220922/UBNA_001/20220921_090000.WAV,Telephone Field,recover-20220922,001,1795
370.9825,371.0206,68437,81979,Rhinolophus ferrumequinum,0.022,0.022,-1,Echolocation,/mnt/ubna_data_02_mir/recover-20220922/UBNA_001/20220921_090000.WAV,Telephone Field,recover-20220922,001,1795
370.9965,371.0053,28046,37359,Eptesicus serotinus,0.008,0.022,-1,Echolocation,/mnt/ubna_data_02_mir/recover-20220922/UBNA_001/20220921_090000.WAV,Telephone Field,recover-20220922,001,1795
371.0075,371.0514,68437,83040,Rhinolophus ferrumequinum,0.031,0.031,-1,Echolocation,/mnt/ubna_data_02_mir/recover-20220922/UBNA_001/20220921_090000.WAV,Telephone Field,recover-20220922,001,1795
371.0365,371.0467,28906,36409,Eptesicus serotinus,0.009,0.022,-1,Echolocation,/mnt/ubna_data_02_mir/recover-20220922/UBNA_001/20220921_090000.WAV,Telephone Field,recover-20220922,001,1795
371.0375,371.078,68437,82877,Rhinolophus ferrumequinum,0.024,0.024,-1,Echolocation,/mnt/ubna_data_02_mir/recover-20220922/UBNA_001/20220921_090000.WAV,Telephone Field,recover-20220922,001,1795
371.0765,371.1161,68437,82289,Rhinolophus ferrumequinum,0.022,0.022,-1,Echolocation,/mnt/ubna_data_02_mir/recover-20220922/UBNA_001/20220921_090000.WAV,Telephone Field,recover-20220922,001,1795
371.0935,371.134,68437,82833,Rhinolophus ferrumequinum,0.023,0.023,-1,Echolocation,/mnt/ubna_data_02_mir/recover-20220922/UBNA_001/20220921_090000.WAV,Telephone Field,recover-20220922,001,1795
371.1305,371.1405,27187,35793,Eptesicus serotinus,0.01,0.023,-1,Echolocation,/mnt/ubna_data_02_mir/recover-20220922/UBNA_001/20220921_090000.WAV,Telephone Field,recover-20220922,001,1795
371.1385,371.1807,68437,83286,Rhinolophus ferrumequinum,0.035,0.035,-1,Echolocation,/mnt/ubna_data_02_mir/recover-20220922/UBNA_001/20220921_090000.WAV,Telephone Field,recover-20220922,001,1795
371.1385,371.1499,28906,35078,Eptesicus serotinus,0.009,0.022,-1,Echolocation,/mnt/ubna_data_02_mir/recover-20220922/UBNA_001/20220921_090000.WAV,Telephone Field,recover-20220922,001,1795
371.1595,371.1704,28906,35505,Eptesicus serotinus,0.01,0.023,-1,Echolocation,/mnt/ubna_data_02_mir/recover-20220922/UBNA_001/20220921_090000.WAV,Telephone Field,recover-20220922,001,1795
371.1675,371.2077,68437,82603,Rhinolophus ferrumequinum,0.026,0.026,-1,Echolocation,/mnt/ubna_data_02_mir/recover-20220922/UBNA_001/20220921_090000.WAV,Telephone Field,recover-20220922,001,1795
371.1945,371.2331,68437,81887,Rhinolophus ferrumequinum,0.03,0.03,-1,Echolocation,/mnt/ubna_data_02_mir/recover-20220922/UBNA_001/20220921_090000.WAV,Telephone Field,recover-20220922,001,1795
371.2315,371.2412,57265,61768,Pipistrellus pygmaeus,0.069,0.07,-1,Echolocation,/mnt/ubna_data_02_mir/recover-20220922/UBNA_001/20220921_090000.WAV,Telephone Field,recover-20220922,001,1795
371.2355,371.2763,68437,82514,Rhinolophus ferrumequinum,0.03,0.03,-1,Echolocation,/mnt/ubna_data_02_mir/recover-20220922/UBNA_001/20220921_090000.WAV,Telephone Field,recover-20220922,001,1795
371.2635,371.3054,68437,82606,Rhinolophus ferrumequinum,0.024,0.024,-1,Echolocation,/mnt/ubna_data_02_mir/recover-20220922/UBNA_001/20220921_090000.WAV,Telephone Field,recover-20220922,001,1795
371.2855,371.2923,23750,32947,Plecotus austriacus,0.012,0.026,-1,Echolocation,/mnt/ubna_data_02_mir/recover-20220922/UBNA_001/20220921_090000.WAV,Telephone Field,recover-20220922,001,1795
371.2985,371.3364,68437,82579,Rhinolophus ferrumequinum,0.021,0.021,-1,Echolocation,/mnt/ubna_data_02_mir/recover-20220922/UBNA_001/20220921_090000.WAV,Telephone Field,recover-20220922,001,1795
371.3205,371.3622,68437,82666,Rhinolophus ferrumequinum,0.028,0.028,-1,Echolocation,/mnt/ubna_data_02_mir/recover-20220922/UBNA_001/20220921_090000.WAV,Telephone Field,recover-20220922,001,1795
371.3735,371.4098,68437,81521,Rhinolophus ferrumequinum,0.021,0.021,-1,Echolocation,/mnt/ubna_data_02_mir/recover-20220922/UBNA_001/20220921_090000.WAV,Telephone Field,recover-20220922,001,1795
371.3945,371.4042,24609,31642,Nyctalus leisleri,0.007,0.023,-1,Echolocation,/mnt/ubna_data_02_mir/recover-20220922/UBNA_001/20220921_090000.WAV,Telephone Field,recover-20220922,001,1795
371.4105,371.4486,68437,82339,Rhinolophus ferrumequinum,0.025,0.025,-1,Echolocation,/mnt/ubna_data_02_mir/recover-20220922/UBNA_001/20220921_090000.WAV,Telephone Field,recover-20220922,001,1795
371.4125,371.4259,22031,25541,Nyctalus leisleri,0.016,0.024,-1,Echolocation,/mnt/ubna_data_02_mir/recover-20220922/UBNA_001/20220921_090000.WAV,Telephone Field,recover-20220922,001,1795
371.41949999999997,371.4575,68437,81772,Rhinolophus ferrumequinum,0.023,0.023,-1,Echolocation,/mnt/ubna_data_02_mir/recover-20220922/UBNA_001/20220921_090000.WAV,Telephone Field,recover-20220922,001,1795
371.4805,371.5202,68437,81715,Rhinolophus ferrumequinum,0.022,0.022,-1,Echolocation,/mnt/ubna_data_02_mir/recover-20220922/UBNA_001/20220921_090000.WAV,Telephone Field,recover-20220922,001,1795
371.4835,371.4931,51250,57330,Pipistrellus pipistrellus,0.015,0.022,-1,Echolocation,/mnt/ubna_data_02_mir/recover-20220922/UBNA_001/20220921_090000.WAV,Telephone Field,recover-20220922,001,1795
371.4995,371.5373,68437,82085,Rhinolophus ferrumequinum,0.021,0.021,-1,Echolocation,/mnt/ubna_data_02_mir/recover-20220922/UBNA_001/20220921_090000.WAV,Telephone Field,recover-20220922,001,1795
371.5085,371.5175,28906,37756,Eptesicus serotinus,0.009,0.024,-1,Echolocation,/mnt/ubna_data_02_mir/recover-20220922/UBNA_001/20220921_090000.WAV,Telephone Field,recover-20220922,001,1795
371.5345,371.5761,68437,82807,Rhinolophus ferrumequinum,0.031,0.031,-1,Echolocation,/mnt/ubna_data_02_mir/recover-20220922/UBNA_001/20220921_090000.WAV,Telephone Field,recover-20220922,001,1795
371.5465,371.5571,22890,28725,Nyctalus leisleri,0.01,0.023,-1,Echolocation,/mnt/ubna_data_02_mir/recover-20220922/UBNA_001/20220921_090000.WAV,Telephone Field,recover-20220922,001,1795
371.5545,371.566,26328,32495,Eptesicus serotinus,0.011,0.024,-1,Echolocation,/mnt/ubna_data_02_mir/recover-20220922/UBNA_001/20220921_090000.WAV,Telephone Field,recover-20220922,001,1795
371.5595,371.5936,68437,81283,Rhinolophus ferrumequinum,0.022,0.022,-1,Echolocation,/mnt/ubna_data_02_mir/recover-20220922/UBNA_001/20220921_090000.WAV,Telephone Field,recover-20220922,001,1795
371.5815,371.5893,25468,33660,Eptesicus serotinus,0.006,0.022,-1,Echolocation,/mnt/ubna_data_02_mir/recover-20220922/UBNA_001/20220921_090000.WAV,Telephone Field,recover-20220922,001,1795
371.5895,371.627,68437,81793,Rhinolophus ferrumequinum,0.023,0.023,-1,Echolocation,/mnt/ubna_data_02_mir/recover-20220922/UBNA_001/20220921_090000.WAV,Telephone Field,recover-20220922,001,1795
371.6845,371.7245,68437,82730,Rhinolophus ferrumequinum,0.03,0.03,-1,Echolocation,/mnt/ubna_data_02_mir/recover-20220922/UBNA_001/20220921_090000.WAV,Telephone Field,recover-20220922,001,1795
371.6995,371.7405,68437,82872,Rhinolophus ferrumequinum,0.023,0.023,-1,Echolocation,/mnt/ubna_data_02_mir/recover-20220922/UBNA_001/20220921_090000.WAV,Telephone Field,recover-20220922,001,1795
371.7235,371.7296,51250,55800,Pipistrellus pipistrellus,0.04,0.043,-1,Echolocation,/mnt/ubna_data_02_mir/recover-20220922/UBNA_001/20220921_090000.WAV,Telephone Field,recover-20220922,001,1795
371.7295,371.7718,68437,83217,Rhinolophus ferrumequinum,0.026,0.026,-1,Echolocation,/mnt/ubna_data_02_mir/recover-20220922/UBNA_001/20220921_090000.WAV,Telephone Field,recover-20220922,001,1795
371.7485,371.7892,68437,82834,Rhinolophus ferrumequinum,0.024,0.024,-1,Echolocation,/mnt/ubna_data_02_mir/recover-20220922/UBNA_001/20220921_090000.WAV,Telephone Field,recover-20220922,001,1795
371.7795,371.8197,68437,82832,Rhinolophus ferrumequinum,0.023,0.023,-1,Echolocation,/mnt/ubna_data_02_mir/recover-20220922/UBNA_001/20220921_090000.WAV,Telephone Field,recover-20220922,001,1795
371.79449999999997,371.8034,27187,35016,Eptesicus serotinus,0.018,0.04,-1,Echolocation,/mnt/ubna_data_02_mir/recover-20220922/UBNA_001/20220921_090000.WAV,Telephone Field,recover-20220922,001,1795
371.8005,371.8351,68437,81136,Rhinolophus ferrumequinum,0.021,0.021,-1,Echolocation,/mnt/ubna_data_02_mir/recover-20220922/UBNA_001/20220921_090000.WAV,Telephone Field,recover-20220922,001,1795
371.8095,371.8515,68437,82794,Rhinolophus ferrumequinum,0.027,0.027,-1,Echolocation,/mnt/ubna_data_02_mir/recover-20220922/UBNA_001/20220921_090000.WAV,Telephone Field,recover-20220922,001,1795
371.8415,371.8831,68437,82308,Rhinolophus ferrumequinum,0.022,0.022,-1,Echolocation,/mnt/ubna_data_02_mir/recover-20220922/UBNA_001/20220921_090000.WAV,Telephone Field,recover-20220922,001,1795
371.8615,371.8686,28046,38487,Eptesicus serotinus,0.006,0.022,-1,Echolocation,/mnt/ubna_data_02_mir/recover-20220922/UBNA_001/20220921_090000.WAV,Telephone Field,recover-20220922,001,1795
371.8895,371.9304,68437,82449,Rhinolophus ferrumequinum,0.029,0.029,-1,Echolocation,/mnt/ubna_data_02_mir/recover-20220922/UBNA_001/20220921_090000.WAV,Telephone Field,recover-20220922,001,1795
371.9055,371.9206,22890,28130,Nyctalus leisleri,0.022,0.041,-1,Echolocation,/mnt/ubna_data_02_mir/recover-20220922/UBNA_001/20220921_090000.WAV,Telephone Field,recover-20220922,001,1795
371.9425,371.9867,68437,83055,Rhinolophus ferrumequinum,0.034,0.034,-1,Echolocation,/mnt/ubna_data_02_mir/recover-20220922/UBNA_001/20220921_090000.WAV,Telephone Field,recover-20220922,001,1795
371.9865,371.9995,22031,26721,Nyctalus leisleri,0.012,0.024,-1,Echolocation,/mnt/ubna_data_02_mir/recover-20220922/UBNA_001/20220921_090000.WAV,Telephone Field,recover-20220922,001,1795
372.0015,372.0107,27187,34419,Nyctalus leisleri,0.01,0.032,-1,Echolocation,/mnt/ubna_data_02_mir/recover-20220922/UBNA_001/20220921_090000.WAV,Telephone Field,recover-20220922,001,1795
372.0525,372.0943,68437,83032,Rhinolophus ferrumequinum,0.027,0.027,-1,Echolocation,/mnt/ubna_data_02_mir/recover-20220922/UBNA_001/20220921_090000.WAV,Telephone Field,recover-20220922,001,1795
372.0795,372.0875,39218,53335,Pipistrellus nathusii,0.008,0.035,-1,Echolocation,/mnt/ubna_data_02_mir/recover-20220922/UBNA_001/20220921_090000.WAV,Telephone Field,recover-20220922,001,1795
372.0815,372.0877,47812,52188,Pipistrellus pipistrellus,0.023,0.024,-1,Echolocation,/mnt/ubna_data_02_mir/recover-20220922/UBNA_001/20220921_090000.WAV,Telephone Field,recover-20220922,001,1795
372.0825,372.1208,68437,82569,Rhinolophus ferrumequinum,0.024,0.024,-1,Echolocation,/mnt/ubna_data_02_mir/recover-20220922/UBNA_001/20220921_090000.WAV,Telephone Field,recover-20220922,001,1795
372.1245,372.1656,68437,82482,Rhinolophus ferrumequinum,0.027,0.027,-1,Echolocation,/mnt/ubna_data_02_mir/recover-20220922/UBNA_001/20220921_090000.WAV,Telephone Field,recover-20220922,001,1795
372.1425,372.1816,68437,82309,Rhinolophus ferrumequinum,0.024,0.024,-1,Echolocation,/mnt/ubna_data_02_mir/recover-20220922/UBNA_001/20220921_090000.WAV,Telephone Field,recover-20220922,001,1795
372.1895,372.2312,68437,82979,Rhinolophus ferrumequinum,0.038,0.038,-1,Echolocation,/mnt/ubna_data_02_mir/recover-20220922/UBNA_001/20220921_090000.WAV,Telephone Field,recover-20220922,001,1795
372.2125,372.2537,68437,82821,Rhinolophus ferrumequinum,0.024,0.024,-1,Echolocation,/mnt/ubna_data_02_mir/recover-20220922/UBNA_001/20220921_090000.WAV,Telephone Field,recover-20220922,001,1795
372.2195,372.2285,28906,37556,Eptesicus serotinus,0.01,0.027,-1,Echolocation,/mnt/ubna_data_02_mir/recover-20220922/UBNA_001/20220921_090000.WAV,Telephone Field,recover-20220922,001,1795
372.2465,372.2823,68437,81470,Rhinolophus ferrumequinum,0.023,0.023,-1,Echolocation,/mnt/ubna_data_02_mir/recover-20220922/UBNA_001/20220921_090000.WAV,Telephone Field,recover-20220922,001,1795
372.2715,372.2782,26328,38993,Eptesicus serotinus,0.009,0.035,-1,Echolocation,/mnt/ubna_data_02_mir/recover-20220922/UBNA_001/20220921_090000.WAV,Telephone Field,recover-20220922,001,1795
372.3065,372.344,68437,81733,Rhinolophus ferrumequinum,0.024,0.024,-1,Echolocation,/mnt/ubna_data_02_mir/recover-20220922/UBNA_001/20220921_090000.WAV,Telephone Field,recover-20220922,001,1795
372.3255,372.3651,68437,82110,Rhinolophus ferrumequinum,0.022,0.022,-1,Echolocation,/mnt/ubna_data_02_mir/recover-20220922/UBNA_001/20220921_090000.WAV,Telephone Field,recover-20220922,001,1795
372.3275,372.3358,23750,31954,Plecotus austriacus,0.008,0.023,-1,Echolocation,/mnt/ubna_data_02_mir/recover-20220922/UBNA_001/20220921_090000.WAV,Telephone Field,recover-20220922,001,1795
372.3555,372.3626,24609,33447,Plecotus austriacus,0.009,0.024,-1,Echolocation,/mnt/ubna_data_02_mir/recover-20220922/UBNA_001/20220921_090000.WAV,Telephone Field,recover-20220922,001,1795
372.3915,372.3992,28046,37022,Eptesicus serotinus,0.012,0.028,-1,Echolocation,/mnt/ubna_data_02_mir/recover-20220922/UBNA_001/20220921_090000.WAV,Telephone Field,recover-20220922,001,1795
372.3925,372.4251,68437,81079,Rhinolophus ferrumequinum,0.023,0.023,-1,Echolocation,/mnt/ubna_data_02_mir/recover-20220922/UBNA_001/20220921_090000.WAV,Telephone Field,recover-20220922,001,1795
372.4125,372.453,68437,83192,Rhinolophus ferrumequinum,0.024,0.024,-1,Echolocation,/mnt/ubna_data_02_mir/recover-20220922/UBNA_001/20220921_090000.WAV,Telephone Field,recover-20220922,001,1795
372.4425,372.4518,28906,38012,Eptesicus serotinus,0.01,0.025,-1,Echolocation,/mnt/ubna_data_02_mir/recover-20220922/UBNA_001/20220921_090000.WAV,Telephone Field,recover-20220922,001,1795
372.4795,372.5178,68437,82236,Rhinolophus ferrumequinum,0.023,0.023,-1,Echolocation,/mnt/ubna_data_02_mir/recover-20220922/UBNA_001/20220921_090000.WAV,Telephone Field,recover-20220922,001,1795
372.5465,372.5879,68437,82756,Rhinolophus ferrumequinum,0.026,0.026,-1,Echolocation,/mnt/ubna_data_02_mir/recover-20220922/UBNA_001/20220921_090000.WAV,Telephone Field,recover-20220922,001,1795
372.5755,372.5821,35781,45537,Myotis daubentonii,0.01,0.026,-1,Echolocation,/mnt/ubna_data_02_mir/recover-20220922/UBNA_001/20220921_090000.WAV,Telephone Field,recover-20220922,001,1795
372.58050000000003,372.5913,22890,28380,Nyctalus leisleri,0.01,0.022,-1,Echolocation,/mnt/ubna_data_02_mir/recover-20220922/UBNA_001/20220921_090000.WAV,Telephone Field,recover-20220922,001,1795
372.5945,372.6365,68437,83127,Rhinolophus ferrumequinum,0.022,0.022,-1,Echolocation,/mnt/ubna_data_02_mir/recover-20220922/UBNA_001/20220921_090000.WAV,Telephone Field,recover-20220922,001,1795
372.6045,372.644,68437,82633,Rhinolophus ferrumequinum,0.022,0.022,-1,Echolocation,/mnt/ubna_data_02_mir/recover-20220922/UBNA_001/20220921_090000.WAV,Telephone Field,recover-20220922,001,1795
372.6105,372.6511,68437,82254,Rhinolophus ferrumequinum,0.022,0.022,-1,Echolocation,/mnt/ubna_data_02_mir/recover-20220922/UBNA_001/20220921_090000.WAV,Telephone Field,recover-20220922,001,1795
372.6355,372.6444,25468,34211,Eptesicus serotinus,0.011,0.028,-1,Echolocation,/mnt/ubna_data_02_mir/recover-20220922/UBNA_001/20220921_090000.WAV,Telephone Field,recover-20220922,001,1795
372.6905,372.7303,68437,82280,Rhinolophus ferrumequinum,0.023,0.023,-1,Echolocation,/mnt/ubna_data_02_mir/recover-20220922/UBNA_001/20220921_090000.WAV,Telephone Field,recover-20220922,001,1795
372.7005,372.7097,22031,27788,Plecotus austriacus,0.009,0.024,-1,Echolocation,/mnt/ubna_data_02_mir/recover-20220922/UBNA_001/20220921_090000.WAV,Telephone Field,recover-20220922,001,1795
372.7315,372.77,68437,82359,Rhinolophus ferrumequinum,0.027,0.027,-1,Echolocation,/mnt/ubna_data_02_mir/recover-20220922/UBNA_001/20220921_090000.WAV,Telephone Field,recover-20220922,001,1795
372.7505,372.7609,27187,34914,Eptesicus serotinus,0.012,0.028,-1,Echolocation,/mnt/ubna_data_02_mir/recover-20220922/UBNA_001/20220921_090000.WAV,Telephone Field,recover-20220922,001,1795
372.8275,372.87,68437,82428,Rhinolophus ferrumequinum,0.023,0.023,-1,Echolocation,/mnt/ubna_data_02_mir/recover-20220922/UBNA_001/20220921_090000.WAV,Telephone Field,recover-20220922,001,1795
372.8335,372.8741,68437,82394,Rhinolophus ferrumequinum,0.023,0.023,-1,Echolocation,/mnt/ubna_data_02_mir/recover-20220922/UBNA_001/20220921_090000.WAV,Telephone Field,recover-20220922,001,1795
372.8745,372.912,68437,81509,Rhinolophus ferrumequinum,0.022,0.022,-1,Echolocation,/mnt/ubna_data_02_mir/recover-20220922/UBNA_001/20220921_090000.WAV,Telephone Field,recover-20220922,001,1795
372.8745,372.8832,28906,38645,Eptesicus serotinus,0.009,0.026,-1,Echolocation,/mnt/ubna_data_02_mir/recover-20220922/UBNA_001/20220921_090000.WAV,Telephone Field,recover-20220922,001,1795
372.9325,372.9725,68437,83123,Rhinolophus ferrumequinum,0.022,0.022,-1,Echolocation,/mnt/ubna_data_02_mir/recover-20220922/UBNA_001/20220921_090000.WAV,Telephone Field,recover-20220922,001,1795
372.9805,373.0206,68437,82210,Rhinolophus ferrumequinum,0.028,0.028,-1,Echolocation,/mnt/ubna_data_02_mir/recover-20220922/UBNA_001/20220921_090000.WAV,Telephone Field,recover-20220922,001,1795
372.9885,372.9979,28906,36957,Eptesicus serotinus,0.017,0.034,-1,Echolocation,/mnt/ubna_data_02_mir/recover-20220922/UBNA_001/20220921_090000.WAV,Telephone Field,recover-20220922,001,1795
373.0405,373.051,22031,26489,Nyctalus leisleri,0.012,0.023,-1,Echolocation,/mnt/ubna_data_02_mir/recover-20220922/UBNA_001/20220921_090000.WAV,Telephone Field,recover-20220922,001,1795
373.1245,373.1656,68437,83097,Rhinolophus ferrumequinum,0.022,0.022,-1,Echolocation,/mnt/ubna_data_02_mir/recover-20220922/UBNA_001/20220921_090000.WAV,Telephone Field,recover-20220922,001,1795
373.1295,373.1394,23750,30671,Nyctalus leisleri,0.009,0.023,-1,Echolocation,/mnt/ubna_data_02_mir/recover-20220922/UBNA_001/20220921_090000.WAV,Telephone Field,recover-20220922,001,1795
373.1595,373.1676,26328,35282,Eptesicus serotinus,0.01,0.026,-1,Echolocation,/mnt/ubna_data_02_mir/recover-20220922/UBNA_001/20220921_090000.WAV,Telephone Field,recover-20220922,001,1795
373.1715,373.1791,28046,37508,Eptesicus serotinus,0.008,0.023,-1,Echolocation,/mnt/ubna_data_02_mir/recover-20220922/UBNA_001/20220921_090000.WAV,Telephone Field,recover-20220922,001,1795
373.1725,373.1843,22031,26299,Nyctalus leisleri,0.012,0.022,-1,Echolocation,/mnt/ubna_data_02_mir/recover-20220922/UBNA_001/20220921_090000.WAV,Telephone Field,recover-20220922,001,1795
373.1995,373.2074,28046,38859,Eptesicus serotinus,0.008,0.023,-1,Echolocation,/mnt/ubna_data_02_mir/recover-20220922/UBNA_001/20220921_090000.WAV,Telephone Field,recover-20220922,001,1795
373.2015,373.2432,68437,82341,Rhinolophus ferrumequinum,0.022,0.022,-1,Echolocation,/mnt/ubna_data_02_mir/recover-20220922/UBNA_001/20220921_090000.WAV,Telephone Field,recover-20220922,001,1795
373.2085,373.2479,68437,82270,Rhinolophus ferrumequinum,0.022,0.022,-1,Echolocation,/mnt/ubna_data_02_mir/recover-20220922/UBNA_001/20220921_090000.WAV,Telephone Field,recover-20220922,001,1795
373.2965,373.334,68437,81574,Rhinolophus ferrumequinum,0.031,0.031,-1,Echolocation,/mnt/ubna_data_02_mir/recover-20220922/UBNA_001/20220921_090000.WAV,Telephone Field,recover-20220922,001,1795
373.3435,373.3521,28046,38907,Eptesicus serotinus,0.012,0.028,-1,Echolocation,/mnt/ubna_data_02_mir/recover-20220922/UBNA_001/20220921_090000.WAV,Telephone Field,recover-20220922,001,1795
373.3635,373.3746,25468,32370,Eptesicus serotinus,0.012,0.029,-1,Echolocation,/mnt/ubna_data_02_mir/recover-20220922/UBNA_001/20220921_090000.WAV,Telephone Field,recover-20220922,001,1795
373.3795,373.4196,68437,82327,Rhinolophus ferrumequinum,0.024,0.024,-1,Echolocation,/mnt/ubna_data_02_mir/recover-20220922/UBNA_001/20220921_090000.WAV,Telephone Field,recover-20220922,001,1795
373.4015,373.4417,68437,83106,Rhinolophus ferrumequinum,0.03,0.03,-1,Echolocation,/mnt/ubna_data_02_mir/recover-20220922/UBNA_001/20220921_090000.WAV,Telephone Field,recover-20220922,001,1795
373.4245,373.4307,24609,39929,Plecotus austriacus,0.013,0.039,-1,Echolocation,/mnt/ubna_data_02_mir/recover-20220922/UBNA_001/20220921_090000.WAV,Telephone Field,recover-20220922,001,1795
373.4975,373.5341,68437,81894,Rhinolophus ferrumequinum,0.022,0.022,-1,Echolocation,/mnt/ubna_data_02_mir/recover-20220922/UBNA_001/20220921_090000.WAV,Telephone Field,recover-20220922,001,1795
373.5075,373.5489,68437,82510,Rhinolophus ferrumequinum,0.041,0.041,-1,Echolocation,/mnt/ubna_data_02_mir/recover-20220922/UBNA_001/20220921_090000.WAV,Telephone Field,recover-20220922,001,1795
373.5885,373.597,24609,32220,Nyctalus leisleri,0.007,0.026,-1,Echolocation,/mnt/ubna_data_02_mir/recover-20220922/UBNA_001/20220921_090000.WAV,Telephone Field,recover-20220922,001,1795
373.6005,373.6343,68437,81107,Rhinolophus ferrumequinum,0.024,0.024,-1,Echolocation,/mnt/ubna_data_02_mir/recover-20220922/UBNA_001/20220921_090000.WAV,Telephone Field,recover-20220922,001,1795
373.6465,373.6571,25468,32585,Eptesicus serotinus,0.01,0.022,-1,Echolocation,/mnt/ubna_data_02_mir/recover-20220922/UBNA_001/20220921_090000.WAV,Telephone Field,recover-20220922,001,1795
373.6515,373.6898,68437,81772,Rhinolophus ferrumequinum,0.022,0.022,-1,Echolocation,/mnt/ubna_data_02_mir/recover-20220922/UBNA_001/20220921_090000.WAV,Telephone Field,recover-20220922,001,1795
373.6595,373.6994,68437,82270,Rhinolophus ferrumequinum,0.022,0.022,-1,Echolocation,/mnt/ubna_data_02_mir/recover-20220922/UBNA_001/20220921_090000.WAV,Telephone Field,recover-20220922,001,1795
373.6795,373.6883,29765,40653,Eptesicus serotinus,0.008,0.022,-1,Echolocation,/mnt/ubna_data_02_mir/recover-20220922/UBNA_001/20220921_090000.WAV,Telephone Field,recover-20220922,001,1795
373.6805,373.7195,68437,82100,Rhinolophus ferrumequinum,0.023,0.023,-1,Echolocation,/mnt/ubna_data_02_mir/recover-20220922/UBNA_001/20220921_090000.WAV,Telephone Field,recover-20220922,001,1795
373.7305,373.7693,68437,81768,Rhinolophus ferrumequinum,0.03,0.031,-1,Echolocation,/mnt/ubna_data_02_mir/recover-20220922/UBNA_001/20220921_090000.WAV,Telephone Field,recover-20220922,001,1795
373.7555,373.7631,26328,35884,Eptesicus serotinus,0.008,0.023,-1,Echolocation,/mnt/ubna_data_02_mir/recover-20220922/UBNA_001/20220921_090000.WAV,Telephone Field,recover-20220922,001,1795
373.7555,373.7659,22031,27837,Nyctalus leisleri,0.009,0.023,-1,Echolocation,/mnt/ubna_data_02_mir/recover-20220922/UBNA_001/20220921_090000.WAV,Telephone Field,recover-20220922,001,1795
373.7595,373.7954,68437,81173,Rhinolophus ferrumequinum,0.022,0.022,-1,Echolocation,/mnt/ubna_data_02_mir/recover-20220922/UBNA_001/20220921_090000.WAV,Telephone Field,recover-20220922,001,1795
373.8335,373.8498,20312,23658,Nyctalus leisleri,0.013,0.022,-1,Echolocation,/mnt/ubna_data_02_mir/recover-20220922/UBNA_001/20220921_090000.WAV,Telephone Field,recover-20220922,001,1795
373.8445,373.8834,68437,82486,Rhinolophus ferrumequinum,0.026,0.026,-1,Echolocation,/mnt/ubna_data_02_mir/recover-20220922/UBNA_001/20220921_090000.WAV,Telephone Field,recover-20220922,001,1795
373.8875,373.8973,28046,36752,Eptesicus serotinus,0.01,0.023,-1,Echolocation,/mnt/ubna_data_02_mir/recover-20220922/UBNA_001/20220921_090000.WAV,Telephone Field,recover-20220922,001,1795
373.9065,373.9231,23750,27930,Nyctalus leisleri,0.012,0.022,-1,Echolocation,/mnt/ubna_data_02_mir/recover-20220922/UBNA_001/20220921_090000.WAV,Telephone Field,recover-20220922,001,1795
373.9785,373.989,22890,28732,Nyctalus leisleri,0.01,0.025,-1,Echolocation,/mnt/ubna_data_02_mir/recover-20220922/UBNA_001/20220921_090000.WAV,Telephone Field,recover-20220922,001,1795
374.0015,374.0128,47812,53096,Pipistrellus pipistrellus,0.019,0.026,-1,Echolocation,/mnt/ubna_data_02_mir/recover-20220922/UBNA_001/20220921_090000.WAV,Telephone Field,recover-20220922,001,1795
374.0015,374.011,24609,31445,Nyctalus leisleri,0.012,0.031,-1,Echolocation,/mnt/ubna_data_02_mir/recover-20220922/UBNA_001/20220921_090000.WAV,Telephone Field,recover-20220922,001,1795
374.0015,374.0354,68437,80033,Rhinolophus ferrumequinum,0.037,0.037,-1,Echolocation,/mnt/ubna_data_02_mir/recover-20220922/UBNA_001/20220921_090000.WAV,Telephone Field,recover-20220922,001,1795
374.0085,374.0513,68437,82336,Rhinolophus ferrumequinum,0.023,0.023,-1,Echolocation,/mnt/ubna_data_02_mir/recover-20220922/UBNA_001/20220921_090000.WAV,Telephone Field,recover-20220922,001,1795
374.0585,374.0939,68437,80859,Rhinolophus ferrumequinum,0.022,0.022,-1,Echolocation,/mnt/ubna_data_02_mir/recover-20220922/UBNA_001/20220921_090000.WAV,Telephone Field,recover-20220922,001,1795
374.0635,374.0985,68437,81031,Rhinolophus ferrumequinum,0.021,0.021,-1,Echolocation,/mnt/ubna_data_02_mir/recover-20220922/UBNA_001/20220921_090000.WAV,Telephone Field,recover-20220922,001,1795
374.0845,374.124,68437,81864,Rhinolophus ferrumequinum,0.022,0.022,-1,Echolocation,/mnt/ubna_data_02_mir/recover-20220922/UBNA_001/20220921_090000.WAV,Telephone Field,recover-20220922,001,1795
374.1035,374.1404,68437,81497,Rhinolophus ferrumequinum,0.021,0.021,-1,Echolocation,/mnt/ubna_data_02_mir/recover-20220922/UBNA_001/20220921_090000.WAV,Telephone Field,recover-20220922,001,1795
374.1155,374.1542,68437,81661,Rhinolophus ferrumequinum,0.025,0.025,-1,Echolocation,/mnt/ubna_data_02_mir/recover-20220922/UBNA_001/20220921_090000.WAV,Telephone Field,recover-20220922,001,1795
374.1405,374.1814,68437,82544,Rhinolophus ferrumequinum,0.024,0.024,-1,Echolocation,/mnt/ubna_data_02_mir/recover-20220922/UBNA_001/20220921_090000.WAV,Telephone Field,recover-20220922,001,1795
374.1665,374.1753,50390,54716,Pipistrellus pipistrellus,0.034,0.038,-1,Echolocation,/mnt/ubna_data_02_mir/recover-20220922/UBNA_001/20220921_090000.WAV,Telephone Field,recover-20220922,001,1795
374.1885,374.2046,23750,28033,Nyctalus leisleri,0.019,0.032,-1,Echolocation,/mnt/ubna_data_02_mir/recover-20220922/UBNA_001/20220921_090000.WAV,Telephone Field,recover-20220922,001,1795
374.2315,374.2718,68437,82365,Rhinolophus ferrumequinum,0.023,0.023,-1,Echolocation,/mnt/ubna_data_02_mir/recover-20220922/UBNA_001/20220921_090000.WAV,Telephone Field,recover-20220922,001,1795
374.2375,374.2495,44375,49027,Pipistrellus pipistrellus,0.074,0.083,-1,Echolocation,/mnt/ubna_data_02_mir/recover-20220922/UBNA_001/20220921_090000.WAV,Telephone Field,recover-20220922,001,1795
374.2665,374.3053,68437,82275,Rhinolophus ferrumequinum,0.023,0.023,-1,Echolocation,/mnt/ubna_data_02_mir/recover-20220922/UBNA_001/20220921_090000.WAV,Telephone Field,recover-20220922,001,1795
374.2775,374.3186,68437,82979,Rhinolophus ferrumequinum,0.025,0.025,-1,Echolocation,/mnt/ubna_data_02_mir/recover-20220922/UBNA_001/20220921_090000.WAV,Telephone Field,recover-20220922,001,1795
374.2835,374.3226,68437,82213,Rhinolophus ferrumequinum,0.022,0.022,-1,Echolocation,/mnt/ubna_data_02_mir/recover-20220922/UBNA_001/20220921_090000.WAV,Telephone Field,recover-20220922,001,1795
374.3325,374.3417,28046,38198,Eptesicus serotinus,0.01,0.022,-1,Echolocation,/mnt/ubna_data_02_mir/recover-20220922/UBNA_001/20220921_090000.WAV,Telephone Field,recover-20220922,001,1795
374.3555,374.3623,28046,39279,Eptesicus serotinus,0.007,0.027,-1,Echolocation,/mnt/ubna_data_02_mir/recover-20220922/UBNA_001/20220921_090000.WAV,Telephone Field,recover-20220922,001,1795
374.3675,374.4053,68437,81138,Rhinolophus ferrumequinum,0.023,0.023,-1,Echolocation,/mnt/ubna_data_02_mir/recover-20220922/UBNA_001/20220921_090000.WAV,Telephone Field,recover-20220922,001,1795
374.3965,374.4037,27187,39739,Eptesicus serotinus,0.007,0.024,-1,Echolocation,/mnt/ubna_data_02_mir/recover-20220922/UBNA_001/20220921_090000.WAV,Telephone Field,recover-20220922,001,1795
374.4005,374.4435,68437,82741,Rhinolophus ferrumequinum,0.029,0.029,-1,Echolocation,/mnt/ubna_data_02_mir/recover-20220922/UBNA_001/20220921_090000.WAV,Telephone Field,recover-20220922,001,1795
374.4265,374.4651,68437,81879,Rhinolophus ferrumequinum,0.022,0.022,-1,Echolocation,/mnt/ubna_data_02_mir/recover-20220922/UBNA_001/20220921_090000.WAV,Telephone Field,recover-20220922,001,1795
374.4365,374.4767,68437,82459,Rhinolophus ferrumequinum,0.022,0.022,-1,Echolocation,/mnt/ubna_data_02_mir/recover-20220922/UBNA_001/20220921_090000.WAV,Telephone Field,recover-20220922,001,1795
374.4745,374.4858,22890,27056,Nyctalus leisleri,0.014,0.025,-1,Echolocation,/mnt/ubna_data_02_mir/recover-20220922/UBNA_001/20220921_090000.WAV,Telephone Field,recover-20220922,001,1795
374.4795,374.5167,68437,81272,Rhinolophus ferrumequinum,0.023,0.023,-1,Echolocation,/mnt/ubna_data_02_mir/recover-20220922/UBNA_001/20220921_090000.WAV,Telephone Field,recover-20220922,001,1795
374.4915,374.531,68437,81827,Rhinolophus ferrumequinum,0.022,0.022,-1,Echolocation,/mnt/ubna_data_02_mir/recover-20220922/UBNA_001/20220921_090000.WAV,Telephone Field,recover-20220922,001,1795
374.5035,374.5424,68437,82027,Rhinolophus ferrumequinum,0.024,0.024,-1,Echolocation,/mnt/ubna_data_02_mir/recover-20220922/UBNA_001/20220921_090000.WAV,Telephone Field,recover-20220922,001,1795
374.5105,374.52,15156,21362,Nyctalus noctula,0.009,0.022,-1,Echolocation,/mnt/ubna_data_02_mir/recover-20220922/UBNA_001/20220921_090000.WAV,Telephone Field,recover-20220922,001,1795
374.5235,374.5326,29765,39647,Myotis daubentonii,0.009,0.025,-1,Echolocation,/mnt/ubna_data_02_mir/recover-20220922/UBNA_001/20220921_090000.WAV,Telephone Field,recover-20220922,001,1795
374.5325,374.5698,68437,81540,Rhinolophus ferrumequinum,0.024,0.024,-1,Echolocation,/mnt/ubna_data_02_mir/recover-20220922/UBNA_001/20220921_090000.WAV,Telephone Field,recover-20220922,001,1795
374.5535,374.5933,68437,82024,Rhinolophus ferrumequinum,0.022,0.022,-1,Echolocation,/mnt/ubna_data_02_mir/recover-20220922/UBNA_001/20220921_090000.WAV,Telephone Field,recover-20220922,001,1795
374.5795,374.5895,22890,28470,Nyctalus leisleri,0.009,0.022,-1,Echolocation,/mnt/ubna_data_02_mir/recover-20220922/UBNA_001/20220921_090000.WAV,Telephone Field,recover-20220922,001,1795
374.5855,374.6226,68437,81726,Rhinolophus ferrumequinum,0.021,0.021,-1,Echolocation,/mnt/ubna_data_02_mir/recover-20220922/UBNA_001/20220921_090000.WAV,Telephone Field,recover-20220922,001,1795
374.6395,374.67719999999997,68437,81657,Rhinolophus ferrumequinum,0.024,0.024,-1,Echolocation,/mnt/ubna_data_02_mir/recover-20220922/UBNA_001/20220921_090000.WAV,Telephone Field,recover-20220922,001,1795
374.6605,374.6679,48671,52485,Pipistrellus pipistrellus,0.029,0.03,-1,Echolocation,/mnt/ubna_data_02_mir/recover-20220922/UBNA_001/20220921_090000.WAV,Telephone Field,recover-20220922,001,1795
374.6755,374.6853,22890,28468,Nyctalus leisleri,0.009,0.022,-1,Echolocation,/mnt/ubna_data_02_mir/recover-20220922/UBNA_001/20220921_090000.WAV,Telephone Field,recover-20220922,001,1795
374.7425,374.7805,68437,81773,Rhinolophus ferrumequinum,0.021,0.021,-1,Echolocation,/mnt/ubna_data_02_mir/recover-20220922/UBNA_001/20220921_090000.WAV,Telephone Field,recover-20220922,001,1795
374.7515,374.7878,68437,81434,Rhinolophus ferrumequinum,0.024,0.024,-1,Echolocation,/mnt/ubna_data_02_mir/recover-20220922/UBNA_001/20220921_090000.WAV,Telephone Field,recover-20220922,001,1795
374.8065,374.8452,68437,81461,Rhinolophus ferrumequinum,0.023,0.023,-1,Echolocation,/mnt/ubna_data_02_mir/recover-20220922/UBNA_001/20220921_090000.WAV,Telephone Field,recover-20220922,001,1795
374.8505,374.8886,68437,81814,Rhinolophus ferrumequinum,0.023,0.023,-1,Echolocation,/mnt/ubna_data_02_mir/recover-20220922/UBNA_001/20220921_090000.WAV,Telephone Field,recover-20220922,001,1795
374.8995,374.9396,68437,82319,Rhinolophus ferrumequinum,0.025,0.025,-1,Echolocation,/mnt/ubna_data_02_mir/recover-20220922/UBNA_001/20220921_090000.WAV,Telephone Field,recover-20220922,001,1795
374.9175,374.9282,22031,26821,Nyctalus leisleri,0.011,0.023,-1,Echolocation,/mnt/ubna_data_02_mir/recover-20220922/UBNA_001/20220921_090000.WAV,Telephone Field,recover-20220922,001,1795
374.9215,374.9585,68437,81550,Rhinolophus ferrumequinum,0.023,0.023,-1,Echolocation,/mnt/ubna_data_02_mir/recover-20220922/UBNA_001/20220921_090000.WAV,Telephone Field,recover-20220922,001,1795
374.9385,374.9482,43515,49382,Pipistrellus pipistrellus,0.018,0.024,-1,Echolocation,/mnt/ubna_data_02_mir/recover-20220922/UBNA_001/20220921_090000.WAV,Telephone Field,recover-20220922,001,1795
374.9695,375.0133,68437,83354,Rhinolophus ferrumequinum,0.032,0.032,-1,Echolocation,/mnt/ubna_data_02_mir/recover-20220922/UBNA_001/20220921_090000.WAV,Telephone Field,recover-20220922,001,1795
374.9925,375.0299,68437,81449,Rhinolophus ferrumequinum,0.023,0.023,-1,Echolocation,/mnt/ubna_data_02_mir/recover-20220922/UBNA_001/20220921_090000.WAV,Telephone Field,recover-20220922,001,1795
375.0045,375.012,28046,36935,Eptesicus serotinus,0.007,0.023,-1,Echolocation,/mnt/ubna_data_02_mir/recover-20220922/UBNA_001/20220921_090000.WAV,Telephone Field,recover-20220922,001,1795
375.0055,375.0475,68437,82974,Rhinolophus ferrumequinum,0.026,0.026,-1,Echolocation,/mnt/ubna_data_02_mir/recover-20220922/UBNA_001/20220921_090000.WAV,Telephone Field,recover-20220922,001,1795
375.0125,375.0217,26328,33861,Eptesicus serotinus,0.008,0.022,-1,Echolocation,/mnt/ubna_data_02_mir/recover-20220922/UBNA_001/20220921_090000.WAV,Telephone Field,recover-20220922,001,1795
375.0145,375.0543,68437,82175,Rhinolophus ferrumequinum,0.022,0.022,-1,Echolocation,/mnt/ubna_data_02_mir/recover-20220922/UBNA_001/20220921_090000.WAV,Telephone Field,recover-20220922,001,1795
375.0315,375.0447,23750,29219,Nyctalus leisleri,0.01,0.022,-1,Echolocation,/mnt/ubna_data_02_mir/recover-20220922/UBNA_001/20220921_090000.WAV,Telephone Field,recover-20220922,001,1795
375.0475,375.086,68437,82394,Rhinolophus ferrumequinum,0.023,0.023,-1,Echolocation,/mnt/ubna_data_02_mir/recover-20220922/UBNA_001/20220921_090000.WAV,Telephone Field,recover-20220922,001,1795
375.0695,375.1104,68437,81962,Rhinolophus ferrumequinum,0.022,0.022,-1,Echolocation,/mnt/ubna_data_02_mir/recover-20220922/UBNA_001/20220921_090000.WAV,Telephone Field,recover-20220922,001,1795
375.0785,375.1159,68437,81004,Rhinolophus ferrumequinum,0.022,0.022,-1,Echolocation,/mnt/ubna_data_02_mir/recover-20220922/UBNA_001/20220921_090000.WAV,Telephone Field,recover-20220922,001,1795
375.1205,375.1305,23750,30156,Nyctalus leisleri,0.008,0.023,-1,Echolocation,/mnt/ubna_data_02_mir/recover-20220922/UBNA_001/20220921_090000.WAV,Telephone Field,recover-20220922,001,1795
375.1425,375.184,68437,82568,Rhinolophus ferrumequinum,0.029,0.029,-1,Echolocation,/mnt/ubna_data_02_mir/recover-20220922/UBNA_001/20220921_090000.WAV,Telephone Field,recover-20220922,001,1795
375.1685,375.1803,22890,27318,Nyctalus leisleri,0.011,0.022,-1,Echolocation,/mnt/ubna_data_02_mir/recover-20220922/UBNA_001/20220921_090000.WAV,Telephone Field,recover-20220922,001,1795
375.1735,375.2111,68437,81919,Rhinolophus ferrumequinum,0.022,0.022,-1,Echolocation,/mnt/ubna_data_02_mir/recover-20220922/UBNA_001/20220921_090000.WAV,Telephone Field,recover-20220922,001,1795
375.2285,375.2695,68437,82078,Rhinolophus ferrumequinum,0.029,0.029,-1,Echolocation,/mnt/ubna_data_02_mir/recover-20220922/UBNA_001/20220921_090000.WAV,Telephone Field,recover-20220922,001,1795
375.2315,375.2481,16015,21154,Nyctalus noctula,0.017,0.023,-1,Echolocation,/mnt/ubna_data_02_mir/recover-20220922/UBNA_001/20220921_090000.WAV,Telephone Field,recover-20220922,001,1795
375.2565,375.2678,22890,28061,Nyctalus leisleri,0.011,0.023,-1,Echolocation,/mnt/ubna_data_02_mir/recover-20220922/UBNA_001/20220921_090000.WAV,Telephone Field,recover-20220922,001,1795
375.2585,375.2689,38359,44224,Pipistrellus nathusii,0.01,0.023,-1,Echolocation,/mnt/ubna_data_02_mir/recover-20220922/UBNA_001/20220921_090000.WAV,Telephone Field,recover-20220922,001,1795
375.3235,375.3625,68437,82004,Rhinolophus ferrumequinum,0.023,0.023,-1,Echolocation,/mnt/ubna_data_02_mir/recover-20220922/UBNA_001/20220921_090000.WAV,Telephone Field,recover-20220922,001,1795
375.3465,375.3864,68437,82789,Rhinolophus ferrumequinum,0.035,0.035,-1,Echolocation,/mnt/ubna_data_02_mir/recover-20220922/UBNA_001/20220921_090000.WAV,Telephone Field,recover-20220922,001,1795
375.3675,375.4052,68437,81405,Rhinolophus ferrumequinum,0.022,0.023,-1,Echolocation,/mnt/ubna_data_02_mir/recover-20220922/UBNA_001/20220921_090000.WAV,Telephone Field,recover-20220922,001,1795
375.3925,375.4045,23750,28532,Nyctalus leisleri,0.011,0.021,-1,Echolocation,/mnt/ubna_data_02_mir/recover-20220922/UBNA_001/20220921_090000.WAV,Telephone Field,recover-20220922,001,1795
375.4015,375.4113,47812,51000,Pipistrellus pipistrellus,0.025,0.027,-1,Echolocation,/mnt/ubna_data_02_mir/recover-20220922/UBNA_001/20220921_090000.WAV,Telephone Field,recover-20220922,001,1795
375.4415,375.48,68437,81675,Rhinolophus ferrumequinum,0.022,0.022,-1,Echolocation,/mnt/ubna_data_02_mir/recover-20220922/UBNA_001/20220921_090000.WAV,Telephone Field,recover-20220922,001,1795
375.4675,375.5093,68437,82533,Rhinolophus ferrumequinum,0.024,0.025,-1,Echolocation,/mnt/ubna_data_02_mir/recover-20220922/UBNA_001/20220921_090000.WAV,Telephone Field,recover-20220922,001,1795
375.4865,375.5261,68437,81894,Rhinolophus ferrumequinum,0.027,0.027,-1,Echolocation,/mnt/ubna_data_02_mir/recover-20220922/UBNA_001/20220921_090000.WAV,Telephone Field,recover-20220922,001,1795
375.5095,375.5489,68437,82194,Rhinolophus ferrumequinum,0.024,0.024,-1,Echolocation,/mnt/ubna_data_02_mir/recover-20220922/UBNA_001/20220921_090000.WAV,Telephone Field,recover-20220922,001,1795
375.5165,375.5269,25468,32288,Eptesicus serotinus,0.011,0.029,-1,Echolocation,/mnt/ubna_data_02_mir/recover-20220922/UBNA_001/20220921_090000.WAV,Telephone Field,recover-20220922,001,1795
375.5515,375.5589,26328,35599,Plecotus austriacus,0.007,0.027,-1,Echolocation,/mnt/ubna_data_02_mir/recover-20220922/UBNA_001/20220921_090000.WAV,Telephone Field,recover-20220922,001,1795
375.5685,375.576,47812,52563,Pipistrellus pipistrellus,0.025,0.026,-1,Echolocation,/mnt/ubna_data_02_mir/recover-20220922/UBNA_001/20220921_090000.WAV,Telephone Field,recover-20220922,001,1795
375.5725,375.5816,28906,37415,Eptesicus serotinus,0.009,0.025,-1,Echolocation,/mnt/ubna_data_02_mir/recover-20220922/UBNA_001/20220921_090000.WAV,Telephone Field,recover-20220922,001,1795
375.58050000000003,375.619,68437,82249,Rhinolophus ferrumequinum,0.023,0.023,-1,Echolocation,/mnt/ubna_data_02_mir/recover-20220922/UBNA_001/20220921_090000.WAV,Telephone Field,recover-20220922,001,1795
375.5835,375.5958,36640,41914,Pipistrellus nathusii,0.011,0.026,-1,Echolocation,/mnt/ubna_data_02_mir/recover-20220922/UBNA_001/20220921_090000.WAV,Telephone Field,recover-20220922,001,1795
375.6135,375.6272,23750,28970,Nyctalus leisleri,0.015,0.031,-1,Echolocation,/mnt/ubna_data_02_mir/recover-20220922/UBNA_001/20220921_090000.WAV,Telephone Field,recover-20220922,001,1795
375.6385,375.68,68437,82410,Rhinolophus ferrumequinum,0.021,0.021,-1,Echolocation,/mnt/ubna_data_02_mir/recover-20220922/UBNA_001/20220921_090000.WAV,Telephone Field,recover-20220922,001,1795
375.6405,375.6478,23750,32437,Plecotus austriacus,0.008,0.021,-1,Echolocation,/mnt/ubna_data_02_mir/recover-20220922/UBNA_001/20220921_090000.WAV,Telephone Field,recover-20220922,001,1795
375.6535,375.6982,68437,83579,Rhinolophus ferrumequinum,0.041,0.041,-1,Echolocation,/mnt/ubna_data_02_mir/recover-20220922/UBNA_001/20220921_090000.WAV,Telephone Field,recover-20220922,001,1795
375.6675,375.7061,68437,82447,Rhinolophus ferrumequinum,0.022,0.022,-1,Echolocation,/mnt/ubna_data_02_mir/recover-20220922/UBNA_001/20220921_090000.WAV,Telephone Field,recover-20220922,001,1795
375.6895,375.7264,68437,81591,Rhinolophus ferrumequinum,0.022,0.022,-1,Echolocation,/mnt/ubna_data_02_mir/recover-20220922/UBNA_001/20220921_090000.WAV,Telephone Field,recover-20220922,001,1795
375.6895,375.7005,22890,27126,Nyctalus leisleri,0.012,0.022,-1,Echolocation,/mnt/ubna_data_02_mir/recover-20220922/UBNA_001/20220921_090000.WAV,Telephone Field,recover-20220922,001,1795
375.7165,375.7542,68437,82422,Rhinolophus ferrumequinum,0.023,0.023,-1,Echolocation,/mnt/ubna_data_02_mir/recover-20220922/UBNA_001/20220921_090000.WAV,Telephone Field,recover-20220922,001,1795
375.7545,375.7941,68437,82972,Rhinolophus ferrumequinum,0.022,0.022,-1,Echolocation,/mnt/ubna_data_02_mir/recover-20220922/UBNA_001/20220921_090000.WAV,Telephone Field,recover-20220922,001,1795
375.8045,375.8142,28046,36116,Eptesicus serotinus,0.012,0.026,-1,Echolocation,/mnt/ubna_data_02_mir/recover-20220922/UBNA_001/20220921_090000.WAV,Telephone Field,recover-20220922,001,1795
375.8175,375.8564,68437,81353,Rhinolophus ferrumequinum,0.021,0.021,-1,Echolocation,/mnt/ubna_data_02_mir/recover-20220922/UBNA_001/20220921_090000.WAV,Telephone Field,recover-20220922,001,1795
375.8755,375.8823,27187,38696,Eptesicus serotinus,0.006,0.023,-1,Echolocation,/mnt/ubna_data_02_mir/recover-20220922/UBNA_001/20220921_090000.WAV,Telephone Field,recover-20220922,001,1795
375.8825,375.8905,28046,37548,Eptesicus serotinus,0.006,0.022,-1,Echolocation,/mnt/ubna_data_02_mir/recover-20220922/UBNA_001/20220921_090000.WAV,Telephone Field,recover-20220922,001,1795
375.8985,375.9371,68437,82146,Rhinolophus ferrumequinum,0.022,0.022,-1,Echolocation,/mnt/ubna_data_02_mir/recover-20220922/UBNA_001/20220921_090000.WAV,Telephone Field,recover-20220922,001,1795
375.9515,375.9917,68437,82494,Rhinolophus ferrumequinum,0.024,0.024,-1,Echolocation,/mnt/ubna_data_02_mir/recover-20220922/UBNA_001/20220921_090000.WAV,Telephone Field,recover-20220922,001,1795
375.9745,375.9837,28046,36549,Eptesicus serotinus,0.008,0.021,-1,Echolocation,/mnt/ubna_data_02_mir/recover-20220922/UBNA_001/20220921_090000.WAV,Telephone Field,recover-20220922,001,1795
376.0015,376.01030000000003,25468,35492,Nyctalus leisleri,0.007,0.026,-1,Echolocation,/mnt/ubna_data_02_mir/recover-20220922/UBNA_001/20220921_090000.WAV,Telephone Field,recover-20220922,001,1795
376.0015,376.0136,46953,51770,Pipistrellus pipistrellus,0.021,0.026,-1,Echolocation,/mnt/ubna_data_02_mir/recover-20220922/UBNA_001/20220921_090000.WAV,Telephone Field,recover-20220922,001,1795
376.0015,376.0354,68437,79645,Rhinolophus ferrumequinum,0.029,0.03,-1,Echolocation,/mnt/ubna_data_02_mir/recover-20220922/UBNA_001/20220921_090000.WAV,Telephone Field,recover-20220922,001,1795
376.0345,376.0437,26328,37323,Eptesicus serotinus,0.008,0.023,-1,Echolocation,/mnt/ubna_data_02_mir/recover-20220922/UBNA_001/20220921_090000.WAV,Telephone Field,recover-20220922,001,1795
376.0435,376.0535,28906,35782,Eptesicus serotinus,0.009,0.022,-1,Echolocation,/mnt/ubna_data_02_mir/recover-20220922/UBNA_001/20220921_090000.WAV,Telephone Field,recover-20220922,001,1795
376.0625,376.1013,68437,81525,Rhinolophus ferrumequinum,0.025,0.025,-1,Echolocation,/mnt/ubna_data_02_mir/recover-20220922/UBNA_001/20220921_090000.WAV,Telephone Field,recover-20220922,001,1795
376.0875,376.1272,68437,82580,Rhinolophus ferrumequinum,0.023,0.023,-1,Echolocation,/mnt/ubna_data_02_mir/recover-20220922/UBNA_001/20220921_090000.WAV,Telephone Field,recover-20220922,001,1795
376.1035,376.1139,22890,28048,Nyctalus leisleri,0.01,0.022,-1,Echolocation,/mnt/ubna_data_02_mir/recover-20220922/UBNA_001/20220921_090000.WAV,Telephone Field,recover-20220922,001,1795
376.1065,376.116,44375,47381,Pipistrellus pipistrellus,0.027,0.028,-1,Echolocation,/mnt/ubna_data_02_mir/recover-20220922/UBNA_001/20220921_090000.WAV,Telephone Field,recover-20220922,001,1795
376.1145,376.1226,28046,38321,Eptesicus serotinus,0.007,0.022,-1,Echolocation,/mnt/ubna_data_02_mir/recover-20220922/UBNA_001/20220921_090000.WAV,Telephone Field,recover-20220922,001,1795
376.1325,376.1728,68437,82713,Rhinolophus ferrumequinum,0.023,0.023,-1,Echolocation,/mnt/ubna_data_02_mir/recover-20220922/UBNA_001/20220921_090000.WAV,Telephone Field,recover-20220922,001,1795
376.1405,376.182,68437,82588,Rhinolophus ferrumequinum,0.021,0.021,-1,Echolocation,/mnt/ubna_data_02_mir/recover-20220922/UBNA_001/20220921_090000.WAV,Telephone Field,recover-20220922,001,1795
376.1715,376.2151,68437,83013,Rhinolophus ferrumequinum,0.032,0.032,-1,Echolocation,/mnt/ubna_data_02_mir/recover-20220922/UBNA_001/20220921_090000.WAV,Telephone Field,recover-20220922,001,1795
376.2005,376.2093,25468,33505,Eptesicus serotinus,0.007,0.022,-1,Echolocation,/mnt/ubna_data_02_mir/recover-20220922/UBNA_001/20220921_090000.WAV,Telephone Field,recover-20220922,001,1795
376.2085,376.2458,68437,82087,Rhinolophus ferrumequinum,0.022,0.022,-1,Echolocation,/mnt/ubna_data_02_mir/recover-20220922/UBNA_001/20220921_090000.WAV,Telephone Field,recover-20220922,001,1795
376.2155,376.2545,68437,82389,Rhinolophus ferrumequinum,0.022,0.022,-1,Echolocation,/mnt/ubna_data_02_mir/recover-20220922/UBNA_001/20220921_090000.WAV,Telephone Field,recover-20220922,001,1795
376.2405,376.2828,68437,83032,Rhinolophus ferrumequinum,0.045,0.046,-1,Echolocation,/mnt/ubna_data_02_mir/recover-20220922/UBNA_001/20220921_090000.WAV,Telephone Field,recover-20220922,001,1795
376.2475,376.26,23750,29014,Nyctalus leisleri,0.012,0.026,-1,Echolocation,/mnt/ubna_data_02_mir/recover-20220922/UBNA_001/20220921_090000.WAV,Telephone Field,recover-20220922,001,1795
376.2935,376.3025,28046,36318,Eptesicus serotinus,0.009,0.023,-1,Echolocation,/mnt/ubna_data_02_mir/recover-20220922/UBNA_001/20220921_090000.WAV,Telephone Field,recover-20220922,001,1795
376.3005,376.3107,42656,52152,Pipistrellus pipistrellus,0.007,0.022,-1,Echolocation,/mnt/ubna_data_02_mir/recover-20220922/UBNA_001/20220921_090000.WAV,Telephone Field,recover-20220922,001,1795
376.3155,376.3286,28906,35190,Eptesicus serotinus,0.022,0.035,-1,Echolocation,/mnt/ubna_data_02_mir/recover-20220922/UBNA_001/20220921_090000.WAV,Telephone Field,recover-20220922,001,1795
376.3245,376.3612,68437,81349,Rhinolophus ferrumequinum,0.022,0.022,-1,Echolocation,/mnt/ubna_data_02_mir/recover-20220922/UBNA_001/20220921_090000.WAV,Telephone Field,recover-20220922,001,1795
376.3325,376.3456,23750,29212,Nyctalus leisleri,0.018,0.036,-1,Echolocation,/mnt/ubna_data_02_mir/recover-20220922/UBNA_001/20220921_090000.WAV,Telephone Field,recover-20220922,001,1795
376.3345,376.3731,68437,81794,Rhinolophus ferrumequinum,0.023,0.023,-1,Echolocation,/mnt/ubna_data_02_mir/recover-20220922/UBNA_001/20220921_090000.WAV,Telephone Field,recover-20220922,001,1795
376.3485,376.38530000000003,68437,80973,Rhinolophus ferrumequinum,0.023,0.023,-1,Echolocation,/mnt/ubna_data_02_mir/recover-20220922/UBNA_001/20220921_090000.WAV,Telephone Field,recover-20220922,001,1795
376.3555,376.3641,28046,37785,Eptesicus serotinus,0.008,0.022,-1,Echolocation,/mnt/ubna_data_02_mir/recover-20220922/UBNA_001/20220921_090000.WAV,Telephone Field,recover-20220922,001,1795
376.3685,376.4108,68437,82979,Rhinolophus ferrumequinum,0.028,0.028,-1,Echolocation,/mnt/ubna_data_02_mir/recover-20220922/UBNA_001/20220921_090000.WAV,Telephone Field,recover-20220922,001,1795
376.3915,376.4268,68437,81074,Rhinolophus ferrumequinum,0.024,0.024,-1,Echolocation,/mnt/ubna_data_02_mir/recover-20220922/UBNA_001/20220921_090000.WAV,Telephone Field,recover-20220922,001,1795
376.4095,376.4494,68437,82422,Rhinolophus ferrumequinum,0.024,0.024,-1,Echolocation,/mnt/ubna_data_02_mir/recover-20220922/UBNA_001/20220921_090000.WAV,Telephone Field,recover-20220922,001,1795
376.4365,376.4744,68437,82187,Rhinolophus ferrumequinum,0.021,0.021,-1,Echolocation,/mnt/ubna_data_02_mir/recover-20220922/UBNA_001/20220921_090000.WAV,Telephone Field,recover-20220922,001,1795
376.4675,376.478,22890,28081,Nyctalus leisleri,0.012,0.024,-1,Echolocation,/mnt/ubna_data_02_mir/recover-20220922/UBNA_001/20220921_090000.WAV,Telephone Field,recover-20220922,001,1795
376.4705,376.5159,68437,83149,Rhinolophus ferrumequinum,0.041,0.041,-1,Echolocation,/mnt/ubna_data_02_mir/recover-20220922/UBNA_001/20220921_090000.WAV,Telephone Field,recover-20220922,001,1795
376.4865,376.4972,28046,36583,Eptesicus serotinus,0.017,0.03,-1,Echolocation,/mnt/ubna_data_02_mir/recover-20220922/UBNA_001/20220921_090000.WAV,Telephone Field,recover-20220922,001,1795
376.4935,376.5373,68437,83250,Rhinolophus ferrumequinum,0.048,0.048,-1,Echolocation,/mnt/ubna_data_02_mir/recover-20220922/UBNA_001/20220921_090000.WAV,Telephone Field,recover-20220922,001,1795
376.5125,376.5508,68437,81958,Rhinolophus ferrumequinum,0.021,0.021,-1,Echolocation,/mnt/ubna_data_02_mir/recover-20220922/UBNA_001/20220921_090000.WAV,Telephone Field,recover-20220922,001,1795
376.5195,376.5301,22890,27201,Nyctalus leisleri,0.012,0.022,-1,Echolocation,/mnt/ubna_data_02_mir/recover-20220922/UBNA_001/20220921_090000.WAV,Telephone Field,recover-20220922,001,1795
376.5245,376.5637,68437,82554,Rhinolophus ferrumequinum,0.027,0.027,-1,Echolocation,/mnt/ubna_data_02_mir/recover-20220922/UBNA_001/20220921_090000.WAV,Telephone Field,recover-20220922,001,1795
376.5515,376.5605,28906,38165,Eptesicus serotinus,0.007,0.022,-1,Echolocation,/mnt/ubna_data_02_mir/recover-20220922/UBNA_001/20220921_090000.WAV,Telephone Field,recover-20220922,001,1795
376.5605,376.6006,68437,82469,Rhinolophus ferrumequinum,0.026,0.026,-1,Echolocation,/mnt/ubna_data_02_mir/recover-20220922/UBNA_001/20220921_090000.WAV,Telephone Field,recover-20220922,001,1795
376.5835,376.6208,68437,81504,Rhinolophus ferrumequinum,0.022,0.022,-1,Echolocation,/mnt/ubna_data_02_mir/recover-20220922/UBNA_001/20220921_090000.WAV,Telephone Field,recover-20220922,001,1795
376.6085,376.6469,68437,81785,Rhinolophus ferrumequinum,0.023,0.023,-1,Echolocation,/mnt/ubna_data_02_mir/recover-20220922/UBNA_001/20220921_090000.WAV,Telephone Field,recover-20220922,001,1795
376.6315,376.6397,26328,35497,Eptesicus serotinus,0.007,0.021,-1,Echolocation,/mnt/ubna_data_02_mir/recover-20220922/UBNA_001/20220921_090000.WAV,Telephone Field,recover-20220922,001,1795
376.6605,376.6701,28906,37358,Eptesicus serotinus,0.008,0.022,-1,Echolocation,/mnt/ubna_data_02_mir/recover-20220922/UBNA_001/20220921_090000.WAV,Telephone Field,recover-20220922,001,1795
376.6655,376.70550000000003,68437,82412,Rhinolophus ferrumequinum,0.023,0.023,-1,Echolocation,/mnt/ubna_data_02_mir/recover-20220922/UBNA_001/20220921_090000.WAV,Telephone Field,recover-20220922,001,1795
376.6675,376.6784,28046,35035,Eptesicus serotinus,0.008,0.022,-1,Echolocation,/mnt/ubna_data_02_mir/recover-20220922/UBNA_001/20220921_090000.WAV,Telephone Field,recover-20220922,001,1795
376.6875,376.7267,68437,82173,Rhinolophus ferrumequinum,0.024,0.024,-1,Echolocation,/mnt/ubna_data_02_mir/recover-20220922/UBNA_001/20220921_090000.WAV,Telephone Field,recover-20220922,001,1795
376.7125,376.75,68437,81781,Rhinolophus ferrumequinum,0.023,0.023,-1,Echolocation,/mnt/ubna_data_02_mir/recover-20220922/UBNA_001/20220921_090000.WAV,Telephone Field,recover-20220922,001,1795
376.7185,376.7278,28906,36149,Eptesicus serotinus,0.013,0.03,-1,Echolocation,/mnt/ubna_data_02_mir/recover-20220922/UBNA_001/20220921_090000.WAV,Telephone Field,recover-20220922,001,1795
376.7415,376.7778,68437,81295,Rhinolophus ferrumequinum,0.022,0.023,-1,Echolocation,/mnt/ubna_data_02_mir/recover-20220922/UBNA_001/20220921_090000.WAV,Telephone Field,recover-20220922,001,1795
376.7675,376.8094,68437,82866,Rhinolophus ferrumequinum,0.024,0.024,-1,Echolocation,/mnt/ubna_data_02_mir/recover-20220922/UBNA_001/20220921_090000.WAV,Telephone Field,recover-20220922,001,1795
376.7735,376.782,28906,37793,Eptesicus serotinus,0.008,0.025,-1,Echolocation,/mnt/ubna_data_02_mir/recover-20220922/UBNA_001/20220921_090000.WAV,Telephone Field,recover-20220922,001,1795
376.7745,376.815,68437,82836,Rhinolophus ferrumequinum,0.027,0.027,-1,Echolocation,/mnt/ubna_data_02_mir/recover-20220922/UBNA_001/20220921_090000.WAV,Telephone Field,recover-20220922,001,1795
376.7915,376.8312,68437,82547,Rhinolophus ferrumequinum,0.021,0.021,-1,Echolocation,/mnt/ubna_data_02_mir/recover-20220922/UBNA_001/20220921_090000.WAV,Telephone Field,recover-20220922,001,1795
376.8095,376.8199,28906,36746,Eptesicus serotinus,0.011,0.025,-1,Echolocation,/mnt/ubna_data_02_mir/recover-20220922/UBNA_001/20220921_090000.WAV,Telephone Field,recover-20220922,001,1795
376.8095,376.8473,68437,81852,Rhinolophus ferrumequinum,0.023,0.023,-1,Echolocation,/mnt/ubna_data_02_mir/recover-20220922/UBNA_001/20220921_090000.WAV,Telephone Field,recover-20220922,001,1795
376.8255,376.8627,68437,81803,Rhinolophus ferrumequinum,0.022,0.022,-1,Echolocation,/mnt/ubna_data_02_mir/recover-20220922/UBNA_001/20220921_090000.WAV,Telephone Field,recover-20220922,001,1795
376.8315,376.871,68437,82121,Rhinolophus ferrumequinum,0.023,0.023,-1,Echolocation,/mnt/ubna_data_02_mir/recover-20220922/UBNA_001/20220921_090000.WAV,Telephone Field,recover-20220922,001,1795
376.8485,376.8568,28906,37765,Eptesicus serotinus,0.007,0.022,-1,Echolocation,/mnt/ubna_data_02_mir/recover-20220922/UBNA_001/20220921_090000.WAV,Telephone Field,recover-20220922,001,1795
376.8835,376.9245,68437,82500,Rhinolophus ferrumequinum,0.024,0.024,-1,Echolocation,/mnt/ubna_data_02_mir/recover-20220922/UBNA_001/20220921_090000.WAV,Telephone Field,recover-20220922,001,1795
376.8965,376.9368,68437,82203,Rhinolophus ferrumequinum,0.026,0.026,-1,Echolocation,/mnt/ubna_data_02_mir/recover-20220922/UBNA_001/20220921_090000.WAV,Telephone Field,recover-20220922,001,1795
376.9145,376.9255,28906,36116,Eptesicus serotinus,0.021,0.038,-1,Echolocation,/mnt/ubna_data_02_mir/recover-20220922/UBNA_001/20220921_090000.WAV,Telephone Field,recover-20220922,001,1795
376.9755,377.0172,68437,83025,Rhinolophus ferrumequinum,0.022,0.022,-1,Echolocation,/mnt/ubna_data_02_mir/recover-20220922/UBNA_001/20220921_090000.WAV,Telephone Field,recover-20220922,001,1795
376.9875,377.0249,68437,81140,Rhinolophus ferrumequinum,0.021,0.021,-1,Echolocation,/mnt/ubna_data_02_mir/recover-20220922/UBNA_001/20220921_090000.WAV,Telephone Field,recover-20220922,001,1795
376.9985,377.0077,27187,35527,Eptesicus serotinus,0.019,0.038,-1,Echolocation,/mnt/ubna_data_02_mir/recover-20220922/UBNA_001/20220921_090000.WAV,Telephone Field,recover-20220922,001,1795
377.0045,377.0434,68437,81746,Rhinolophus ferrumequinum,0.022,0.022,-1,Echolocation,/mnt/ubna_data_02_mir/recover-20220922/UBNA_001/20220921_090000.WAV,Telephone Field,recover-20220922,001,1795
377.0095,377.0512,68437,82485,Rhinolophus ferrumequinum,0.022,0.022,-1,Echolocation,/mnt/ubna_data_02_mir/recover-20220922/UBNA_001/20220921_090000.WAV,Telephone Field,recover-20220922,001,1795
377.0525,377.0953,68437,82778,Rhinolophus ferrumequinum,0.035,0.035,-1,Echolocation,/mnt/ubna_data_02_mir/recover-20220922/UBNA_001/20220921_090000.WAV,Telephone Field,recover-20220922,001,1795
377.0625,377.071,28046,40495,Eptesicus serotinus,0.007,0.022,-1,Echolocation,/mnt/ubna_data_02_mir/recover-20220922/UBNA_001/20220921_090000.WAV,Telephone Field,recover-20220922,001,1795
377.1085,377.1469,68437,81559,Rhinolophus ferrumequinum,0.022,0.022,-1,Echolocation,/mnt/ubna_data_02_mir/recover-20220922/UBNA_001/20220921_090000.WAV,Telephone Field,recover-20220922,001,1795
377.1245,377.1635,68437,82284,Rhinolophus ferrumequinum,0.026,0.026,-1,Echolocation,/mnt/ubna_data_02_mir/recover-20220922/UBNA_001/20220921_090000.WAV,Telephone Field,recover-20220922,001,1795
377.1355,377.1558,19453,22229,Nyctalus leisleri,0.013,0.022,-1,Echolocation,/mnt/ubna_data_02_mir/recover-20220922/UBNA_001/20220921_090000.WAV,Telephone Field,recover-20220922,001,1795
377.1665,377.2049,68437,82413,Rhinolophus ferrumequinum,0.027,0.027,-1,Echolocation,/mnt/ubna_data_02_mir/recover-20220922/UBNA_001/20220921_090000.WAV,Telephone Field,recover-20220922,001,1795
377.2085,377.2498,68437,82298,Rhinolophus ferrumequinum,0.021,0.022,-1,Echolocation,/mnt/ubna_data_02_mir/recover-20220922/UBNA_001/20220921_090000.WAV,Telephone Field,recover-20220922,001,1795
377.2245,377.266,68437,82719,Rhinolophus ferrumequinum,0.032,0.032,-1,Echolocation,/mnt/ubna_data_02_mir/recover-20220922/UBNA_001/20220921_090000.WAV,Telephone Field,recover-20220922,001,1795
377.2495,377.2872,68437,81336,Rhinolophus ferrumequinum,0.024,0.024,-1,Echolocation,/mnt/ubna_data_02_mir/recover-20220922/UBNA_001/20220921_090000.WAV,Telephone Field,recover-20220922,001,1795
377.2785,377.3157,68437,81250,Rhinolophus ferrumequinum,0.025,0.025,-1,Echolocation,/mnt/ubna_data_02_mir/recover-20220922/UBNA_001/20220921_090000.WAV,Telephone Field,recover-20220922,001,1795
377.2815,377.2907,27187,38543,Eptesicus serotinus,0.017,0.033,-1,Echolocation,/mnt/ubna_data_02_mir/recover-20220922/UBNA_001/20220921_090000.WAV,Telephone Field,recover-20220922,001,1795
377.2885,377.3265,68437,81649,Rhinolophus ferrumequinum,0.023,0.023,-1,Echolocation,/mnt/ubna_data_02_mir/recover-20220922/UBNA_001/20220921_090000.WAV,Telephone Field,recover-20220922,001,1795
377.3085,377.3446,68437,80987,Rhinolophus ferrumequinum,0.024,0.024,-1,Echolocation,/mnt/ubna_data_02_mir/recover-20220922/UBNA_001/20220921_090000.WAV,Telephone Field,recover-20220922,001,1795
377.3205,377.3612,68437,82645,Rhinolophus ferrumequinum,0.028,0.028,-1,Echolocation,/mnt/ubna_data_02_mir/recover-20220922/UBNA_001/20220921_090000.WAV,Telephone Field,recover-20220922,001,1795
377.3365,377.345,48671,52652,Pipistrellus pipistrellus,0.029,0.031,-1,Echolocation,/mnt/ubna_data_02_mir/recover-20220922/UBNA_001/20220921_090000.WAV,Telephone Field,recover-20220922,001,1795
377.3395,377.3489,28906,38082,Eptesicus serotinus,0.012,0.026,-1,Echolocation,/mnt/ubna_data_02_mir/recover-20220922/UBNA_001/20220921_090000.WAV,Telephone Field,recover-20220922,001,1795
377.3425,377.3496,23750,32493,Plecotus austriacus,0.012,0.026,-1,Echolocation,/mnt/ubna_data_02_mir/recover-20220922/UBNA_001/20220921_090000.WAV,Telephone Field,recover-20220922,001,1795
377.3435,377.3863,68437,82988,Rhinolophus ferrumequinum,0.03,0.03,-1,Echolocation,/mnt/ubna_data_02_mir/recover-20220922/UBNA_001/20220921_090000.WAV,Telephone Field,recover-20220922,001,1795
377.4025,377.4419,68437,82603,Rhinolophus ferrumequinum,0.021,0.021,-1,Echolocation,/mnt/ubna_data_02_mir/recover-20220922/UBNA_001/20220921_090000.WAV,Telephone Field,recover-20220922,001,1795
377.4095,377.421,24609,29960,Nyctalus leisleri,0.019,0.051,-1,Echolocation,/mnt/ubna_data_02_mir/recover-20220922/UBNA_001/20220921_090000.WAV,Telephone Field,recover-20220922,001,1795
377.4275,377.4677,68437,82574,Rhinolophus ferrumequinum,0.024,0.024,-1,Echolocation,/mnt/ubna_data_02_mir/recover-20220922/UBNA_001/20220921_090000.WAV,Telephone Field,recover-20220922,001,1795
377.4525,377.4906,68437,81485,Rhinolophus ferrumequinum,0.025,0.025,-1,Echolocation,/mnt/ubna_data_02_mir/recover-20220922/UBNA_001/20220921_090000.WAV,Telephone Field,recover-20220922,001,1795
377.4995,377.5406,68437,82221,Rhinolophus ferrumequinum,0.029,0.029,-1,Echolocation,/mnt/ubna_data_02_mir/recover-20220922/UBNA_001/20220921_090000.WAV,Telephone Field,recover-20220922,001,1795
377.5295,377.5363,28046,38643,Myotis daubentonii,0.006,0.022,-1,Echolocation,/mnt/ubna_data_02_mir/recover-20220922/UBNA_001/20220921_090000.WAV,Telephone Field,recover-20220922,001,1795
377.5375,377.579,68437,82711,Rhinolophus ferrumequinum,0.031,0.031,-1,Echolocation,/mnt/ubna_data_02_mir/recover-20220922/UBNA_001/20220921_090000.WAV,Telephone Field,recover-20220922,001,1795
377.5535,377.5954,68437,82854,Rhinolophus ferrumequinum,0.028,0.028,-1,Echolocation,/mnt/ubna_data_02_mir/recover-20220922/UBNA_001/20220921_090000.WAV,Telephone Field,recover-20220922,001,1795
377.5715,377.6112,68437,81962,Rhinolophus ferrumequinum,0.021,0.021,-1,Echolocation,/mnt/ubna_data_02_mir/recover-20220922/UBNA_001/20220921_090000.WAV,Telephone Field,recover-20220922,001,1795
377.5955,377.6066,26328,32686,Eptesicus serotinus,0.016,0.038,-1,Echolocation,/mnt/ubna_data_02_mir/recover-20220922/UBNA_001/20220921_090000.WAV,Telephone Field,recover-20220922,001,1795
377.6165,377.6544,68437,81120,Rhinolophus ferrumequinum,0.021,0.021,-1,Echolocation,/mnt/ubna_data_02_mir/recover-20220922/UBNA_001/20220921_090000.WAV,Telephone Field,recover-20220922,001,1795
377.6325,377.6424,25468,33183,Eptesicus serotinus,0.01,0.023,-1,Echolocation,/mnt/ubna_data_02_mir/recover-20220922/UBNA_001/20220921_090000.WAV,Telephone Field,recover-20220922,001,1795
377.6335,377.6738,68437,82674,Rhinolophus ferrumequinum,0.021,0.021,-1,Echolocation,/mnt/ubna_data_02_mir/recover-20220922/UBNA_001/20220921_090000.WAV,Telephone Field,recover-20220922,001,1795
377.6615,377.7007,68437,81856,Rhinolophus ferrumequinum,0.024,0.024,-1,Echolocation,/mnt/ubna_data_02_mir/recover-20220922/UBNA_001/20220921_090000.WAV,Telephone Field,recover-20220922,001,1795
377.6685,377.6787,46093,50232,Pipistrellus pipistrellus,0.02,0.023,-1,Echolocation,/mnt/ubna_data_02_mir/recover-20220922/UBNA_001/20220921_090000.WAV,Telephone Field,recover-20220922,001,1795
377.6875,377.6975,26328,34210,Eptesicus serotinus,0.017,0.035,-1,Echolocation,/mnt/ubna_data_02_mir/recover-20220922/UBNA_001/20220921_090000.WAV,Telephone Field,recover-20220922,001,1795
377.7045,377.7151,28046,35724,Eptesicus serotinus,0.017,0.031,-1,Echolocation,/mnt/ubna_data_02_mir/recover-20220922/UBNA_001/20220921_090000.WAV,Telephone Field,recover-20220922,001,1795
377.7115,377.7521,68437,82508,Rhinolophus ferrumequinum,0.031,0.031,-1,Echolocation,/mnt/ubna_data_02_mir/recover-20220922/UBNA_001/20220921_090000.WAV,Telephone Field,recover-20220922,001,1795
377.7475,377.7871,68437,82673,Rhinolophus ferrumequinum,0.021,0.022,-1,Echolocation,/mnt/ubna_data_02_mir/recover-20220922/UBNA_001/20220921_090000.WAV,Telephone Field,recover-20220922,001,1795
377.7655,377.7764,25468,33082,Eptesicus serotinus,0.017,0.038,-1,Echolocation,/mnt/ubna_data_02_mir/recover-20220922/UBNA_001/20220921_090000.WAV,Telephone Field,recover-20220922,001,1795
377.7665,377.807,68437,82450,Rhinolophus ferrumequinum,0.037,0.037,-1,Echolocation,/mnt/ubna_data_02_mir/recover-20220922/UBNA_001/20220921_090000.WAV,Telephone Field,recover-20220922,001,1795
377.7805,377.8246,68437,83590,Rhinolophus ferrumequinum,0.034,0.034,-1,Echolocation,/mnt/ubna_data_02_mir/recover-20220922/UBNA_001/20220921_090000.WAV,Telephone Field,recover-20220922,001,1795
377.7975,377.8368,68437,82284,Rhinolophus ferrumequinum,0.026,0.026,-1,Echolocation,/mnt/ubna_data_02_mir/recover-20220922/UBNA_001/20220921_090000.WAV,Telephone Field,recover-20220922,001,1795
377.8235,377.834,23750,29977,Nyctalus leisleri,0.022,0.05,-1,Echolocation,/mnt/ubna_data_02_mir/recover-20220922/UBNA_001/20220921_090000.WAV,Telephone Field,recover-20220922,001,1795
377.8785,377.9196,68437,81821,Rhinolophus ferrumequinum,0.026,0.026,-1,Echolocation,/mnt/ubna_data_02_mir/recover-20220922/UBNA_001/20220921_090000.WAV,Telephone Field,recover-20220922,001,1795
377.8995,377.9433,68437,83136,Rhinolophus ferrumequinum,0.045,0.045,-1,Echolocation,/mnt/ubna_data_02_mir/recover-20220922/UBNA_001/20220921_090000.WAV,Telephone Field,recover-20220922,001,1795
377.9355,377.9462,22890,27799,Nyctalus leisleri,0.013,0.024,-1,Echolocation,/mnt/ubna_data_02_mir/recover-20220922/UBNA_001/20220921_090000.WAV,Telephone Field,recover-20220922,001,1795
377.9365,377.9756,68437,81843,Rhinolophus ferrumequinum,0.024,0.024,-1,Echolocation,/mnt/ubna_data_02_mir/recover-20220922/UBNA_001/20220921_090000.WAV,Telephone Field,recover-20220922,001,1795
377.9855,377.9931,28046,39837,Eptesicus serotinus,0.007,0.024,-1,Echolocation,/mnt/ubna_data_02_mir/recover-20220922/UBNA_001/20220921_090000.WAV,Telephone Field,recover-20220922,001,1795
378.0015,378.0144,20312,25234,Nyctalus leisleri,0.01,0.026,-1,Echolocation,/mnt/ubna_data_02_mir/recover-20220922/UBNA_001/20220921_090000.WAV,Telephone Field,recover-20220922,001,1795
378.0015,378.032,68437,79861,Rhinolophus ferrumequinum,0.041,0.041,-1,Echolocation,/mnt/ubna_data_02_mir/recover-20220922/UBNA_001/20220921_090000.WAV,Telephone Field,recover-20220922,001,1795
378.0015,378.0093,46093,54789,Pipistrellus pipistrellus,0.022,0.027,-1,Echolocation,/mnt/ubna_data_02_mir/recover-20220922/UBNA_001/20220921_090000.WAV,Telephone Field,recover-20220922,001,1795
378.0015,378.0155,55546,61561,Pipistrellus pygmaeus,0.023,0.027,-1,Echolocation,/mnt/ubna_data_02_mir/recover-20220922/UBNA_001/20220921_090000.WAV,Telephone Field,recover-20220922,001,1795
378.02049999999997,378.03,26328,34574,Eptesicus serotinus,0.013,0.027,-1,Echolocation,/mnt/ubna_data_02_mir/recover-20220922/UBNA_001/20220921_090000.WAV,Telephone Field,recover-20220922,001,1795
378.0335,378.0719,68437,81976,Rhinolophus ferrumequinum,0.025,0.025,-1,Echolocation,/mnt/ubna_data_02_mir/recover-20220922/UBNA_001/20220921_090000.WAV,Telephone Field,recover-20220922,001,1795
378.0675,378.0769,27187,38624,Eptesicus serotinus,0.01,0.024,-1,Echolocation,/mnt/ubna_data_02_mir/recover-20220922/UBNA_001/20220921_090000.WAV,Telephone Field,recover-20220922,001,1795
378.0745,378.1129,68437,82004,Rhinolophus ferrumequinum,0.023,0.023,-1,Echolocation,/mnt/ubna_data_02_mir/recover-20220922/UBNA_001/20220921_090000.WAV,Telephone Field,recover-20220922,001,1795
378.0755,378.0881,23750,29649,Nyctalus leisleri,0.01,0.025,-1,Echolocation,/mnt/ubna_data_02_mir/recover-20220922/UBNA_001/20220921_090000.WAV,Telephone Field,recover-20220922,001,1795
378.0995,378.1418,68437,83044,Rhinolophus ferrumequinum,0.025,0.025,-1,Echolocation,/mnt/ubna_data_02_mir/recover-20220922/UBNA_001/20220921_090000.WAV,Telephone Field,recover-20220922,001,1795
378.1095,378.1208,52968,56651,Pipistrellus pygmaeus,0.023,0.025,-1,Echolocation,/mnt/ubna_data_02_mir/recover-20220922/UBNA_001/20220921_090000.WAV,Telephone Field,recover-20220922,001,1795
378.1165,378.1258,28046,36149,Eptesicus serotinus,0.008,0.021,-1,Echolocation,/mnt/ubna_data_02_mir/recover-20220922/UBNA_001/20220921_090000.WAV,Telephone Field,recover-20220922,001,1795
378.1525,378.1908,68437,81990,Rhinolophus ferrumequinum,0.022,0.022,-1,Echolocation,/mnt/ubna_data_02_mir/recover-20220922/UBNA_001/20220921_090000.WAV,Telephone Field,recover-20220922,001,1795
378.1635,378.1996,68437,81932,Rhinolophus ferrumequinum,0.029,0.029,-1,Echolocation,/mnt/ubna_data_02_mir/recover-20220922/UBNA_001/20220921_090000.WAV,Telephone Field,recover-20220922,001,1795
378.1935,378.2293,68437,81831,Rhinolophus ferrumequinum,0.026,0.026,-1,Echolocation,/mnt/ubna_data_02_mir/recover-20220922/UBNA_001/20220921_090000.WAV,Telephone Field,recover-20220922,001,1795
378.1995,378.2085,24609,32423,Eptesicus serotinus,0.007,0.023,-1,Echolocation,/mnt/ubna_data_02_mir/recover-20220922/UBNA_001/20220921_090000.WAV,Telephone Field,recover-20220922,001,1795
378.2005,378.2365,68437,82362,Rhinolophus ferrumequinum,0.023,0.023,-1,Echolocation,/mnt/ubna_data_02_mir/recover-20220922/UBNA_001/20220921_090000.WAV,Telephone Field,recover-20220922,001,1795
378.2065,378.2425,68437,82187,Rhinolophus ferrumequinum,0.023,0.023,-1,Echolocation,/mnt/ubna_data_02_mir/recover-20220922/UBNA_001/20220921_090000.WAV,Telephone Field,recover-20220922,001,1795
378.2275,378.2374,28906,36741,Eptesicus serotinus,0.009,0.023,-1,Echolocation,/mnt/ubna_data_02_mir/recover-20220922/UBNA_001/20220921_090000.WAV,Telephone Field,recover-20220922,001,1795
378.2275,378.2701,68437,82679,Rhinolophus ferrumequinum,0.025,0.025,-1,Echolocation,/mnt/ubna_data_02_mir/recover-20220922/UBNA_001/20220921_090000.WAV,Telephone Field,recover-20220922,001,1795
378.2715,378.3125,68437,82886,Rhinolophus ferrumequinum,0.029,0.029,-1,Echolocation,/mnt/ubna_data_02_mir/recover-20220922/UBNA_001/20220921_090000.WAV,Telephone Field,recover-20220922,001,1795
378.2835,378.3015,19453,22333,Nyctalus leisleri,0.012,0.022,-1,Echolocation,/mnt/ubna_data_02_mir/recover-20220922/UBNA_001/20220921_090000.WAV,Telephone Field,recover-20220922,001,1795
378.2995,378.3398,68437,82751,Rhinolophus ferrumequinum,0.026,0.026,-1,Echolocation,/mnt/ubna_data_02_mir/recover-20220922/UBNA_001/20220921_090000.WAV,Telephone Field,recover-20220922,001,1795
378.3165,378.355,68437,82556,Rhinolophus ferrumequinum,0.022,0.022,-1,Echolocation,/mnt/ubna_data_02_mir/recover-20220922/UBNA_001/20220921_090000.WAV,Telephone Field,recover-20220922,001,1795
378.3315,378.3672,68437,81673,Rhinolophus ferrumequinum,0.023,0.023,-1,Echolocation,/mnt/ubna_data_02_mir/recover-20220922/UBNA_001/20220921_090000.WAV,Telephone Field,recover-20220922,001,1795
378.3385,378.3475,28906,37255,Eptesicus serotinus,0.01,0.024,-1,Echolocation,/mnt/ubna_data_02_mir/recover-20220922/UBNA_001/20220921_090000.WAV,Telephone Field,recover-20220922,001,1795
378.3505,378.3867,68437,81699,Rhinolophus ferrumequinum,0.024,0.024,-1,Echolocation,/mnt/ubna_data_02_mir/recover-20220922/UBNA_001/20220921_090000.WAV,Telephone Field,recover-20220922,001,1795
378.3555,378.3701,53828,57461,Pipistrellus pygmaeus,0.026,0.028,-1,Echolocation,/mnt/ubna_data_02_mir/recover-20220922/UBNA_001/20220921_090000.WAV,Telephone Field,recover-20220922,001,1795
378.4115,378.4494,68437,82257,Rhinolophus ferrumequinum,0.026,0.026,-1,Echolocation,/mnt/ubna_data_02_mir/recover-20220922/UBNA_001/20220921_090000.WAV,Telephone Field,recover-20220922,001,1795
378.4595,378.4961,68437,81668,Rhinolophus ferrumequinum,0.022,0.022,-1,Echolocation,/mnt/ubna_data_02_mir/recover-20220922/UBNA_001/20220921_090000.WAV,Telephone Field,recover-20220922,001,1795
378.4865,378.4959,22890,30015,Plecotus austriacus,0.008,0.025,-1,Echolocation,/mnt/ubna_data_02_mir/recover-20220922/UBNA_001/20220921_090000.WAV,Telephone Field,recover-20220922,001,1795
378.4925,378.5297,68437,81945,Rhinolophus ferrumequinum,0.024,0.024,-1,Echolocation,/mnt/ubna_data_02_mir/recover-20220922/UBNA_001/20220921_090000.WAV,Telephone Field,recover-20220922,001,1795
378.5155,378.5552,68437,82473,Rhinolophus ferrumequinum,0.022,0.022,-1,Echolocation,/mnt/ubna_data_02_mir/recover-20220922/UBNA_001/20220921_090000.WAV,Telephone Field,recover-20220922,001,1795
378.5225,378.5616,68437,82127,Rhinolophus ferrumequinum,0.021,0.021,-1,Echolocation,/mnt/ubna_data_02_mir/recover-20220922/UBNA_001/20220921_090000.WAV,Telephone Field,recover-20220922,001,1795
378.5355,378.5478,22890,27870,Nyctalus leisleri,0.01,0.021,-1,Echolocation,/mnt/ubna_data_02_mir/recover-20220922/UBNA_001/20220921_090000.WAV,Telephone Field,recover-20220922,001,1795
378.54449999999997,378.5616,22031,25511,Nyctalus leisleri,0.018,0.031,-1,Echolocation,/mnt/ubna_data_02_mir/recover-20220922/UBNA_001/20220921_090000.WAV,Telephone Field,recover-20220922,001,1795
378.5565,378.5639,26328,35566,Eptesicus serotinus,0.007,0.023,-1,Echolocation,/mnt/ubna_data_02_mir/recover-20220922/UBNA_001/20220921_090000.WAV,Telephone Field,recover-20220922,001,1795
378.5715,378.6119,68437,82727,Rhinolophus ferrumequinum,0.028,0.028,-1,Echolocation,/mnt/ubna_data_02_mir/recover-20220922/UBNA_001/20220921_090000.WAV,Telephone Field,recover-20220922,001,1795
378.6025,378.6133,26328,32547,Eptesicus serotinus,0.013,0.034,-1,Echolocation,/mnt/ubna_data_02_mir/recover-20220922/UBNA_001/20220921_090000.WAV,Telephone Field,recover-20220922,001,1795
378.6495,378.6869,68437,81798,Rhinolophus ferrumequinum,0.025,0.025,-1,Echolocation,/mnt/ubna_data_02_mir/recover-20220922/UBNA_001/20220921_090000.WAV,Telephone Field,recover-20220922,001,1795
378.6665,378.6778,24609,30723,Nyctalus leisleri,0.012,0.027,-1,Echolocation,/mnt/ubna_data_02_mir/recover-20220922/UBNA_001/20220921_090000.WAV,Telephone Field,recover-20220922,001,1795
378.6665,378.707,68437,82623,Rhinolophus ferrumequinum,0.027,0.027,-1,Echolocation,/mnt/ubna_data_02_mir/recover-20220922/UBNA_001/20220921_090000.WAV,Telephone Field,recover-20220922,001,1795
378.6835,378.6975,22890,27143,Nyctalus leisleri,0.017,0.029,-1,Echolocation,/mnt/ubna_data_02_mir/recover-20220922/UBNA_001/20220921_090000.WAV,Telephone Field,recover-20220922,001,1795
378.7115,378.7197,32343,42545,Myotis daubentonii,0.009,0.027,-1,Echolocation,/mnt/ubna_data_02_mir/recover-20220922/UBNA_001/20220921_090000.WAV,Telephone Field,recover-20220922,001,1795
378.7115,378.7193,26328,38236,Eptesicus serotinus,0.007,0.024,-1,Echolocation,/mnt/ubna_data_02_mir/recover-20220922/UBNA_001/20220921_090000.WAV,Telephone Field,recover-20220922,001,1795
378.7135,378.7523,68437,82094,Rhinolophus ferrumequinum,0.022,0.022,-1,Echolocation,/mnt/ubna_data_02_mir/recover-20220922/UBNA_001/20220921_090000.WAV,Telephone Field,recover-20220922,001,1795
378.7325,378.7694,68437,82045,Rhinolophus ferrumequinum,0.022,0.022,-1,Echolocation,/mnt/ubna_data_02_mir/recover-20220922/UBNA_001/20220921_090000.WAV,Telephone Field,recover-20220922,001,1795
378.7605,378.798,68437,81712,Rhinolophus ferrumequinum,0.035,0.035,-1,Echolocation,/mnt/ubna_data_02_mir/recover-20220922/UBNA_001/20220921_090000.WAV,Telephone Field,recover-20220922,001,1795
378.7735,378.8112,68437,81307,Rhinolophus ferrumequinum,0.022,0.022,-1,Echolocation,/mnt/ubna_data_02_mir/recover-20220922/UBNA_001/20220921_090000.WAV,Telephone Field,recover-20220922,001,1795
378.7755,378.7846,58984,64410,Pipistrellus pygmaeus,0.032,0.034,-1,Echolocation,/mnt/ubna_data_02_mir/recover-20220922/UBNA_001/20220921_090000.WAV,Telephone Field,recover-20220922,001,1795
378.7975,378.8372,68437,82783,Rhinolophus ferrumequinum,0.024,0.025,-1,Echolocation,/mnt/ubna_data_02_mir/recover-20220922/UBNA_001/20220921_090000.WAV,Telephone Field,recover-20220922,001,1795
378.8065,378.8458,68437,82100,Rhinolophus ferrumequinum,0.022,0.022,-1,Echolocation,/mnt/ubna_data_02_mir/recover-20220922/UBNA_001/20220921_090000.WAV,Telephone Field,recover-20220922,001,1795
378.8325,378.8706,68437,81755,Rhinolophus ferrumequinum,0.023,0.023,-1,Echolocation,/mnt/ubna_data_02_mir/recover-20220922/UBNA_001/20220921_090000.WAV,Telephone Field,recover-20220922,001,1795
378.8405,378.8483,27187,37190,Eptesicus serotinus,0.014,0.037,-1,Echolocation,/mnt/ubna_data_02_mir/recover-20220922/UBNA_001/20220921_090000.WAV,Telephone Field,recover-20220922,001,1795
378.8525,378.8667,24609,28903,Nyctalus leisleri,0.026,0.055,-1,Echolocation,/mnt/ubna_data_02_mir/recover-20220922/UBNA_001/20220921_090000.WAV,Telephone Field,recover-20220922,001,1795
378.8565,378.8941,68437,81583,Rhinolophus ferrumequinum,0.022,0.022,-1,Echolocation,/mnt/ubna_data_02_mir/recover-20220922/UBNA_001/20220921_090000.WAV,Telephone Field,recover-20220922,001,1795
378.8705,378.912,68437,82397,Rhinolophus ferrumequinum,0.021,0.022,-1,Echolocation,/mnt/ubna_data_02_mir/recover-20220922/UBNA_001/20220921_090000.WAV,Telephone Field,recover-20220922,001,1795
378.8965,378.9342,68437,81785,Rhinolophus ferrumequinum,0.023,0.023,-1,Echolocation,/mnt/ubna_data_02_mir/recover-20220922/UBNA_001/20220921_090000.WAV,Telephone Field,recover-20220922,001,1795
378.9025,378.9421,68437,82380,Rhinolophus ferrumequinum,0.022,0.022,-1,Echolocation,/mnt/ubna_data_02_mir/recover-20220922/UBNA_001/20220921_090000.WAV,Telephone Field,recover-20220922,001,1795
378.9105,378.9485,68437,81899,Rhinolophus ferrumequinum,0.021,0.021,-1,Echolocation,/mnt/ubna_data_02_mir/recover-20220922/UBNA_001/20220921_090000.WAV,Telephone Field,recover-20220922,001,1795
378.9205,378.9633,68437,82879,Rhinolophus ferrumequinum,0.025,0.025,-1,Echolocation,/mnt/ubna_data_02_mir/recover-20220922/UBNA_001/20220921_090000.WAV,Telephone Field,recover-20220922,001,1795
378.9465,378.9873,68437,82129,Rhinolophus ferrumequinum,0.022,0.022,-1,Echolocation,/mnt/ubna_data_02_mir/recover-20220922/UBNA_001/20220921_090000.WAV,Telephone Field,recover-20220922,001,1795
378.9715,379.0126,68437,82670,Rhinolophus ferrumequinum,0.032,0.032,-1,Echolocation,/mnt/ubna_data_02_mir/recover-20220922/UBNA_001/20220921_090000.WAV,Telephone Field,recover-20220922,001,1795
378.9745,378.9878,22031,26101,Nyctalus leisleri,0.013,0.023,-1,Echolocation,/mnt/ubna_data_02_mir/recover-20220922/UBNA_001/20220921_090000.WAV,Telephone Field,recover-20220922,001,1795
378.9875,379.0285,68437,82986,Rhinolophus ferrumequinum,0.031,0.031,-1,Echolocation,/mnt/ubna_data_02_mir/recover-20220922/UBNA_001/20220921_090000.WAV,Telephone Field,recover-20220922,001,1795
378.9975,379.0074,22890,28231,Nyctalus leisleri,0.009,0.023,-1,Echolocation,/mnt/ubna_data_02_mir/recover-20220922/UBNA_001/20220921_090000.WAV,Telephone Field,recover-20220922,001,1795
379.0125,379.0532,68437,82311,Rhinolophus ferrumequinum,0.03,0.03,-1,Echolocation,/mnt/ubna_data_02_mir/recover-20220922/UBNA_001/20220921_090000.WAV,Telephone Field,recover-20220922,001,1795
379.0155,379.0224,28046,39211,Eptesicus serotinus,0.006,0.024,-1,Echolocation,/mnt/ubna_data_02_mir/recover-20220922/UBNA_001/20220921_090000.WAV,Telephone Field,recover-20220922,001,1795
379.0295,379.0685,68437,82357,Rhinolophus ferrumequinum,0.023,0.023,-1,Echolocation,/mnt/ubna_data_02_mir/recover-20220922/UBNA_001/20220921_090000.WAV,Telephone Field,recover-20220922,001,1795
379.0375,379.0782,68437,82541,Rhinolophus ferrumequinum,0.024,0.024,-1,Echolocation,/mnt/ubna_data_02_mir/recover-20220922/UBNA_001/20220921_090000.WAV,Telephone Field,recover-20220922,001,1795
379.0545,379.062,54687,58807,Pipistrellus pygmaeus,0.026,0.027,-1,Echolocation,/mnt/ubna_data_02_mir/recover-20220922/UBNA_001/20220921_090000.WAV,Telephone Field,recover-20220922,001,1795
379.0575,379.0928,68437,81578,Rhinolophus ferrumequinum,0.021,0.021,-1,Echolocation,/mnt/ubna_data_02_mir/recover-20220922/UBNA_001/20220921_090000.WAV,Telephone Field,recover-20220922,001,1795
379.1015,379.1385,68437,81725,Rhinolophus ferrumequinum,0.022,0.022,-1,Echolocation,/mnt/ubna_data_02_mir/recover-20220922/UBNA_001/20220921_090000.WAV,Telephone Field,recover-20220922,001,1795
379.10450000000003,379.1131,27187,38917,Eptesicus serotinus,0.008,0.023,-1,Echolocation,/mnt/ubna_data_02_mir/recover-20220922/UBNA_001/20220921_090000.WAV,Telephone Field,recover-20220922,001,1795
379.1245,379.1372,22890,26622,Nyctalus leisleri,0.02,0.032,-1,Echolocation,/mnt/ubna_data_02_mir/recover-20220922/UBNA_001/20220921_090000.WAV,Telephone Field,recover-20220922,001,1795
379.1355,379.1718,68437,82048,Rhinolophus ferrumequinum,0.028,0.028,-1,Echolocation,/mnt/ubna_data_02_mir/recover-20220922/UBNA_001/20220921_090000.WAV,Telephone Field,recover-20220922,001,1795
379.1485,379.188,68437,83329,Rhinolophus ferrumequinum,0.024,0.024,-1,Echolocation,/mnt/ubna_data_02_mir/recover-20220922/UBNA_001/20220921_090000.WAV,Telephone Field,recover-20220922,001,1795
379.1765,379.1833,24609,34789,Plecotus austriacus,0.012,0.03,-1,Echolocation,/mnt/ubna_data_02_mir/recover-20220922/UBNA_001/20220921_090000.WAV,Telephone Field,recover-20220922,001,1795
379.1795,379.217,68437,80913,Rhinolophus ferrumequinum,0.023,0.023,-1,Echolocation,/mnt/ubna_data_02_mir/recover-20220922/UBNA_001/20220921_090000.WAV,Telephone Field,recover-20220922,001,1795
379.1955,379.2343,68437,81879,Rhinolophus ferrumequinum,0.023,0.023,-1,Echolocation,/mnt/ubna_data_02_mir/recover-20220922/UBNA_001/20220921_090000.WAV,Telephone Field,recover-20220922,001,1795
379.2085,379.2496,68437,82912,Rhinolophus ferrumequinum,0.037,0.037,-1,Echolocation,/mnt/ubna_data_02_mir/recover-20220922/UBNA_001/20220921_090000.WAV,Telephone Field,recover-20220922,001,1795
379.2185,379.26030000000003,68437,82693,Rhinolophus ferrumequinum,0.026,0.026,-1,Echolocation,/mnt/ubna_data_02_mir/recover-20220922/UBNA_001/20220921_090000.WAV,Telephone Field,recover-20220922,001,1795
379.2485,379.2564,26328,35551,Eptesicus serotinus,0.007,0.023,-1,Echolocation,/mnt/ubna_data_02_mir/recover-20220922/UBNA_001/20220921_090000.WAV,Telephone Field,recover-20220922,001,1795
379.2625,379.2699,28046,37598,Eptesicus serotinus,0.009,0.024,-1,Echolocation,/mnt/ubna_data_02_mir/recover-20220922/UBNA_001/20220921_090000.WAV,Telephone Field,recover-20220922,001,1795
379.2665,379.3064,68437,82551,Rhinolophus ferrumequinum,0.024,0.024,-1,Echolocation,/mnt/ubna_data_02_mir/recover-20220922/UBNA_001/20220921_090000.WAV,Telephone Field,recover-20220922,001,1795
379.2745,379.3118,68437,82192,Rhinolophus ferrumequinum,0.021,0.021,-1,Echolocation,/mnt/ubna_data_02_mir/recover-20220922/UBNA_001/20220921_090000.WAV,Telephone Field,recover-20220922,001,1795
379.2995,379.3456,68437,83843,Rhinolophus ferrumequinum,0.053,0.053,-1,Echolocation,/mnt/ubna_data_02_mir/recover-20220922/UBNA_001/20220921_090000.WAV,Telephone Field,recover-20220922,001,1795
379.3195,379.3595,68437,82143,Rhinolophus ferrumequinum,0.022,0.022,-1,Echolocation,/mnt/ubna_data_02_mir/recover-20220922/UBNA_001/20220921_090000.WAV,Telephone Field,recover-20220922,001,1795
379.3265,379.3654,68437,82493,Rhinolophus ferrumequinum,0.022,0.022,-1,Echolocation,/mnt/ubna_data_02_mir/recover-20220922/UBNA_001/20220921_090000.WAV,Telephone Field,recover-20220922,001,1795
379.3355,379.3745,68437,82216,Rhinolophus ferrumequinum,0.022,0.022,-1,Echolocation,/mnt/ubna_data_02_mir/recover-20220922/UBNA_001/20220921_090000.WAV,Telephone Field,recover-20220922,001,1795
379.3885,379.4262,68437,81723,Rhinolophus ferrumequinum,0.027,0.027,-1,Echolocation,/mnt/ubna_data_02_mir/recover-20220922/UBNA_001/20220921_090000.WAV,Telephone Field,recover-20220922,001,1795
379.3905,379.4005,26328,34119,Eptesicus serotinus,0.013,0.035,-1,Echolocation,/mnt/ubna_data_02_mir/recover-20220922/UBNA_001/20220921_090000.WAV,Telephone Field,recover-20220922,001,1795
379.4415,379.4765,68437,79729,Rhinolophus ferrumequinum,0.025,0.026,-1,Echolocation,/mnt/ubna_data_02_mir/recover-20220922/UBNA_001/20220921_090000.WAV,Telephone Field,recover-20220922,001,1795
379.4565,379.465,22890,30417,Plecotus austriacus,0.01,0.026,-1,Echolocation,/mnt/ubna_data_02_mir/recover-20220922/UBNA_001/20220921_090000.WAV,Telephone Field,recover-20220922,001,1795
379.4675,379.5049,68437,82132,Rhinolophus ferrumequinum,0.034,0.035,-1,Echolocation,/mnt/ubna_data_02_mir/recover-20220922/UBNA_001/20220921_090000.WAV,Telephone Field,recover-20220922,001,1795
379.4755,379.5165,68437,82469,Rhinolophus ferrumequinum,0.032,0.032,-1,Echolocation,/mnt/ubna_data_02_mir/recover-20220922/UBNA_001/20220921_090000.WAV,Telephone Field,recover-20220922,001,1795
379.5055,379.5125,28046,38735,Eptesicus serotinus,0.008,0.025,-1,Echolocation,/mnt/ubna_data_02_mir/recover-20220922/UBNA_001/20220921_090000.WAV,Telephone Field,recover-20220922,001,1795
379.5175,379.5572,68437,82559,Rhinolophus ferrumequinum,0.032,0.032,-1,Echolocation,/mnt/ubna_data_02_mir/recover-20220922/UBNA_001/20220921_090000.WAV,Telephone Field,recover-20220922,001,1795
379.5535,379.5922,68437,82050,Rhinolophus ferrumequinum,0.021,0.021,-1,Echolocation,/mnt/ubna_data_02_mir/recover-20220922/UBNA_001/20220921_090000.WAV,Telephone Field,recover-20220922,001,1795
379.5635,379.6007,68437,82010,Rhinolophus ferrumequinum,0.023,0.023,-1,Echolocation,/mnt/ubna_data_02_mir/recover-20220922/UBNA_001/20220921_090000.WAV,Telephone Field,recover-20220922,001,1795
379.6085,379.6427,68437,81332,Rhinolophus ferrumequinum,0.022,0.022,-1,Echolocation,/mnt/ubna_data_02_mir/recover-20220922/UBNA_001/20220921_090000.WAV,Telephone Field,recover-20220922,001,1795
379.6165,379.6272,23750,29561,Nyctalus leisleri,0.01,0.026,-1,Echolocation,/mnt/ubna_data_02_mir/recover-20220922/UBNA_001/20220921_090000.WAV,Telephone Field,recover-20220922,001,1795
379.6425,379.6854,68437,82861,Rhinolophus ferrumequinum,0.04,0.04,-1,Echolocation,/mnt/ubna_data_02_mir/recover-20220922/UBNA_001/20220921_090000.WAV,Telephone Field,recover-20220922,001,1795
379.6685,379.7027,68437,81709,Rhinolophus ferrumequinum,0.022,0.022,-1,Echolocation,/mnt/ubna_data_02_mir/recover-20220922/UBNA_001/20220921_090000.WAV,Telephone Field,recover-20220922,001,1795
379.6815,379.7193,68437,81565,Rhinolophus ferrumequinum,0.023,0.023,-1,Echolocation,/mnt/ubna_data_02_mir/recover-20220922/UBNA_001/20220921_090000.WAV,Telephone Field,recover-20220922,001,1795
379.6925,379.7312,68437,81751,Rhinolophus ferrumequinum,0.032,0.032,-1,Echolocation,/mnt/ubna_data_02_mir/recover-20220922/UBNA_001/20220921_090000.WAV,Telephone Field,recover-20220922,001,1795
379.7045,379.7144,29765,37626,Eptesicus serotinus,0.009,0.022,-1,Echolocation,/mnt/ubna_data_02_mir/recover-20220922/UBNA_001/20220921_090000.WAV,Telephone Field,recover-20220922,001,1795
379.7095,379.7472,68437,82178,Rhinolophus ferrumequinum,0.022,0.022,-1,Echolocation,/mnt/ubna_data_02_mir/recover-20220922/UBNA_001/20220921_090000.WAV,Telephone Field,recover-20220922,001,1795
379.7195,379.7582,68437,82351,Rhinolophus ferrumequinum,0.028,0.028,-1,Echolocation,/mnt/ubna_data_02_mir/recover-20220922/UBNA_001/20220921_090000.WAV,Telephone Field,recover-20220922,001,1795
379.7385,379.77909999999997,68437,82582,Rhinolophus ferrumequinum,0.023,0.023,-1,Echolocation,/mnt/ubna_data_02_mir/recover-20220922/UBNA_001/20220921_090000.WAV,Telephone Field,recover-20220922,001,1795
379.7775,379.8157,68437,82104,Rhinolophus ferrumequinum,0.021,0.021,-1,Echolocation,/mnt/ubna_data_02_mir/recover-20220922/UBNA_001/20220921_090000.WAV,Telephone Field,recover-20220922,001,1795
379.8005,379.8401,68437,82995,Rhinolophus ferrumequinum,0.03,0.03,-1,Echolocation,/mnt/ubna_data_02_mir/recover-20220922/UBNA_001/20220921_090000.WAV,Telephone Field,recover-20220922,001,1795
379.8675,379.9055,68437,82038,Rhinolophus ferrumequinum,0.022,0.023,-1,Echolocation,/mnt/ubna_data_02_mir/recover-20220922/UBNA_001/20220921_090000.WAV,Telephone Field,recover-20220922,001,1795
379.8775,379.8865,28906,38677,Eptesicus serotinus,0.01,0.024,-1,Echolocation,/mnt/ubna_data_02_mir/recover-20220922/UBNA_001/20220921_090000.WAV,Telephone Field,recover-20220922,001,1795
379.8795,379.9177,68437,81598,Rhinolophus ferrumequinum,0.022,0.022,-1,Echolocation,/mnt/ubna_data_02_mir/recover-20220922/UBNA_001/20220921_090000.WAV,Telephone Field,recover-20220922,001,1795
379.8885,379.9268,68437,81965,Rhinolophus ferrumequinum,0.024,0.024,-1,Echolocation,/mnt/ubna_data_02_mir/recover-20220922/UBNA_001/20220921_090000.WAV,Telephone Field,recover-20220922,001,1795
379.8995,379.9356,68437,81181,Rhinolophus ferrumequinum,0.024,0.025,-1,Echolocation,/mnt/ubna_data_02_mir/recover-20220922/UBNA_001/20220921_090000.WAV,Telephone Field,recover-20220922,001,1795
379.9075,379.9446,68437,81852,Rhinolophus ferrumequinum,0.023,0.023,-1,Echolocation,/mnt/ubna_data_02_mir/recover-20220922/UBNA_001/20220921_090000.WAV,Telephone Field,recover-20220922,001,1795
379.9095,379.9225,22890,27557,Nyctalus leisleri,0.017,0.03,-1,Echolocation,/mnt/ubna_data_02_mir/recover-20220922/UBNA_001/20220921_090000.WAV,Telephone Field,recover-20220922,001,1795
379.9335,379.9444,22890,29408,Nyctalus leisleri,0.012,0.031,-1,Echolocation,/mnt/ubna_data_02_mir/recover-20220922/UBNA_001/20220921_090000.WAV,Telephone Field,recover-20220922,001,1795
379.9345,379.9748,68437,83126,Rhinolophus ferrumequinum,0.027,0.027,-1,Echolocation,/mnt/ubna_data_02_mir/recover-20220922/UBNA_001/20220921_090000.WAV,Telephone Field,recover-20220922,001,1795
379.9495,379.9588,25468,33950,Eptesicus serotinus,0.009,0.022,-1,Echolocation,/mnt/ubna_data_02_mir/recover-20220922/UBNA_001/20220921_090000.WAV,Telephone Field,recover-20220922,001,1795
380.0015,380.0167,20312,24955,Nyctalus leisleri,0.018,0.042,-1,Echolocation,/mnt/ubna_data_02_mir/recover-20220922/UBNA_001/20220921_090000.WAV,Telephone Field,recover-20220922,001,1795
380.0015,380.0318,68437,79939,Rhinolophus ferrumequinum,0.025,0.026,-1,Echolocation,/mnt/ubna_data_02_mir/recover-20220922/UBNA_001/20220921_090000.WAV,Telephone Field,recover-20220922,001,1795
380.0105,380.0539,68437,82361,Rhinolophus ferrumequinum,0.025,0.025,-1,Echolocation,/mnt/ubna_data_02_mir/recover-20220922/UBNA_001/20220921_090000.WAV,Telephone Field,recover-20220922,001,1795
380.0315,380.0384,27187,42148,Eptesicus serotinus,0.007,0.026,-1,Echolocation,/mnt/ubna_data_02_mir/recover-20220922/UBNA_001/20220921_090000.WAV,Telephone Field,recover-20220922,001,1795
380.0385,380.0783,68437,82420,Rhinolophus ferrumequinum,0.022,0.022,-1,Echolocation,/mnt/ubna_data_02_mir/recover-20220922/UBNA_001/20220921_090000.WAV,Telephone Field,recover-20220922,001,1795
380.0475,380.0551,27187,37552,Eptesicus serotinus,0.007,0.022,-1,Echolocation,/mnt/ubna_data_02_mir/recover-20220922/UBNA_001/20220921_090000.WAV,Telephone Field,recover-20220922,001,1795
380.0525,380.0881,68437,82119,Rhinolophus ferrumequinum,0.022,0.022,-1,Echolocation,/mnt/ubna_data_02_mir/recover-20220922/UBNA_001/20220921_090000.WAV,Telephone Field,recover-20220922,001,1795
380.0695,380.1072,68437,81263,Rhinolophus ferrumequinum,0.029,0.029,-1,Echolocation,/mnt/ubna_data_02_mir/recover-20220922/UBNA_001/20220921_090000.WAV,Telephone Field,recover-20220922,001,1795
380.0705,380.0815,28906,35492,Eptesicus serotinus,0.014,0.031,-1,Echolocation,/mnt/ubna_data_02_mir/recover-20220922/UBNA_001/20220921_090000.WAV,Telephone Field,recover-20220922,001,1795
380.1175,380.1578,68437,82020,Rhinolophus ferrumequinum,0.023,0.023,-1,Echolocation,/mnt/ubna_data_02_mir/recover-20220922/UBNA_001/20220921_090000.WAV,Telephone Field,recover-20220922,001,1795
380.1345,380.14300000000003,50390,54532,Pipistrellus pipistrellus,0.035,0.04,-1,Echolocation,/mnt/ubna_data_02_mir/recover-20220922/UBNA_001/20220921_090000.WAV,Telephone Field,recover-20220922,001,1795
380.1365,380.1459,26328,34875,Eptesicus serotinus,0.008,0.022,-1,Echolocation,/mnt/ubna_data_02_mir/recover-20220922/UBNA_001/20220921_090000.WAV,Telephone Field,recover-20220922,001,1795
380.1415,380.182,68437,83201,Rhinolophus ferrumequinum,0.033,0.033,-1,Echolocation,/mnt/ubna_data_02_mir/recover-20220922/UBNA_001/20220921_090000.WAV,Telephone Field,recover-20220922,001,1795
380.1635,380.2012,68437,81840,Rhinolophus ferrumequinum,0.023,0.023,-1,Echolocation,/mnt/ubna_data_02_mir/recover-20220922/UBNA_001/20220921_090000.WAV,Telephone Field,recover-20220922,001,1795
380.2425,380.2818,68437,81661,Rhinolophus ferrumequinum,0.024,0.024,-1,Echolocation,/mnt/ubna_data_02_mir/recover-20220922/UBNA_001/20220921_090000.WAV,Telephone Field,recover-20220922,001,1795
380.2615,380.3002,68437,81973,Rhinolophus ferrumequinum,0.025,0.025,-1,Echolocation,/mnt/ubna_data_02_mir/recover-20220922/UBNA_001/20220921_090000.WAV,Telephone Field,recover-20220922,001,1795
380.3025,380.3105,26328,39549,Eptesicus serotinus,0.007,0.022,-1,Echolocation,/mnt/ubna_data_02_mir/recover-20220922/UBNA_001/20220921_090000.WAV,Telephone Field,recover-20220922,001,1795
380.3025,380.3093,47812,52258,Pipistrellus pipistrellus,0.03,0.031,-1,Echolocation,/mnt/ubna_data_02_mir/recover-20220922/UBNA_001/20220921_090000.WAV,Telephone Field,recover-20220922,001,1795
380.3165,380.3618,68437,83386,Rhinolophus ferrumequinum,0.04,0.04,-1,Echolocation,/mnt/ubna_data_02_mir/recover-20220922/UBNA_001/20220921_090000.WAV,Telephone Field,recover-20220922,001,1795
380.3285,380.3367,28046,36955,Eptesicus serotinus,0.007,0.022,-1,Echolocation,/mnt/ubna_data_02_mir/recover-20220922/UBNA_001/20220921_090000.WAV,Telephone Field,recover-20220922,001,1795
380.3565,380.3648,46093,55270,Pipistrellus pipistrellus,0.015,0.024,-1,Echolocation,/mnt/ubna_data_02_mir/recover-20220922/UBNA_001/20220921_090000.WAV,Telephone Field,recover-20220922,001,1795
380.3885,380.4328,68437,83005,Rhinolophus ferrumequinum,0.023,0.023,-1,Echolocation,/mnt/ubna_data_02_mir/recover-20220922/UBNA_001/20220921_090000.WAV,Telephone Field,recover-20220922,001,1795
380.4005,380.4105,49531,53277,Pipistrellus pipistrellus,0.035,0.04,-1,Echolocation,/mnt/ubna_data_02_mir/recover-20220922/UBNA_001/20220921_090000.WAV,Telephone Field,recover-20220922,001,1795
380.4055,380.4144,28046,38462,Eptesicus serotinus,0.009,0.023,-1,Echolocation,/mnt/ubna_data_02_mir/recover-20220922/UBNA_001/20220921_090000.WAV,Telephone Field,recover-20220922,001,1795
380.4625,380.4686,34062,46691,Myotis daubentonii,0.012,0.024,-1,Echolocation,/mnt/ubna_data_02_mir/recover-20220922/UBNA_001/20220921_090000.WAV,Telephone Field,recover-20220922,001,1795
380.4735,380.5142,68437,82857,Rhinolophus ferrumequinum,0.029,0.029,-1,Echolocation,/mnt/ubna_data_02_mir/recover-20220922/UBNA_001/20220921_090000.WAV,Telephone Field,recover-20220922,001,1795
380.4965,380.5065,28046,36014,Eptesicus serotinus,0.011,0.026,-1,Echolocation,/mnt/ubna_data_02_mir/recover-20220922/UBNA_001/20220921_090000.WAV,Telephone Field,recover-20220922,001,1795
380.4995,380.511,15156,22741,Nyctalus noctula,0.014,0.022,-1,Echolocation,/mnt/ubna_data_02_mir/recover-20220922/UBNA_001/20220921_090000.WAV,Telephone Field,recover-20220922,001,1795
380.5565,380.5986,68437,82995,Rhinolophus ferrumequinum,0.029,0.029,-1,Echolocation,/mnt/ubna_data_02_mir/recover-20220922/UBNA_001/20220921_090000.WAV,Telephone Field,recover-20220922,001,1795
380.5675,380.6072,68437,82261,Rhinolophus ferrumequinum,0.022,0.022,-1,Echolocation,/mnt/ubna_data_02_mir/recover-20220922/UBNA_001/20220921_090000.WAV,Telephone Field,recover-20220922,001,1795
380.5755,380.6115,68437,82290,Rhinolophus ferrumequinum,0.025,0.025,-1,Echolocation,/mnt/ubna_data_02_mir/recover-20220922/UBNA_001/20220921_090000.WAV,Telephone Field,recover-20220922,001,1795
380.6055,380.6446,68437,82875,Rhinolophus ferrumequinum,0.031,0.031,-1,Echolocation,/mnt/ubna_data_02_mir/recover-20220922/UBNA_001/20220921_090000.WAV,Telephone Field,recover-20220922,001,1795
380.6265,380.6669,68437,82416,Rhinolophus ferrumequinum,0.025,0.025,-1,Echolocation,/mnt/ubna_data_02_mir/recover-20220922/UBNA_001/20220921_090000.WAV,Telephone Field,recover-20220922,001,1795
380.6475,380.6852,68437,81643,Rhinolophus ferrumequinum,0.031,0.031,-1,Echolocation,/mnt/ubna_data_02_mir/recover-20220922/UBNA_001/20220921_090000.WAV,Telephone Field,recover-20220922,001,1795
380.6625,380.7012,68437,82094,Rhinolophus ferrumequinum,0.023,0.023,-1,Echolocation,/mnt/ubna_data_02_mir/recover-20220922/UBNA_001/20220921_090000.WAV,Telephone Field,recover-20220922,001,1795
380.6725,380.7136,68437,82554,Rhinolophus ferrumequinum,0.024,0.024,-1,Echolocation,/mnt/ubna_data_02_mir/recover-20220922/UBNA_001/20220921_090000.WAV,Telephone Field,recover-20220922,001,1795
380.7105,380.748,68437,81293,Rhinolophus ferrumequinum,0.023,0.023,-1,Echolocation,/mnt/ubna_data_02_mir/recover-20220922/UBNA_001/20220921_090000.WAV,Telephone Field,recover-20220922,001,1795
380.7215,380.7593,68437,80700,Rhinolophus ferrumequinum,0.033,0.033,-1,Echolocation,/mnt/ubna_data_02_mir/recover-20220922/UBNA_001/20220921_090000.WAV,Telephone Field,recover-20220922,001,1795
380.7385,380.7799,68437,82662,Rhinolophus ferrumequinum,0.025,0.025,-1,Echolocation,/mnt/ubna_data_02_mir/recover-20220922/UBNA_001/20220921_090000.WAV,Telephone Field,recover-20220922,001,1795
380.7845,380.8249,68437,82460,Rhinolophus ferrumequinum,0.023,0.023,-1,Echolocation,/mnt/ubna_data_02_mir/recover-20220922/UBNA_001/20220921_090000.WAV,Telephone Field,recover-20220922,001,1795
380.8105,380.8193,27187,36564,Eptesicus serotinus,0.009,0.027,-1,Echolocation,/mnt/ubna_data_02_mir/recover-20220922/UBNA_001/20220921_090000.WAV,Telephone Field,recover-20220922,001,1795
380.8195,380.8568,68437,81764,Rhinolophus ferrumequinum,0.023,0.023,-1,Echolocation,/mnt/ubna_data_02_mir/recover-20220922/UBNA_001/20220921_090000.WAV,Telephone Field,recover-20220922,001,1795
380.8565,380.8729,20312,23664,Nyctalus leisleri,0.012,0.023,-1,Echolocation,/mnt/ubna_data_02_mir/recover-20220922/UBNA_001/20220921_090000.WAV,Telephone Field,recover-20220922,001,1795
380.8885,380.9269,68437,81534,Rhinolophus ferrumequinum,0.026,0.026,-1,Echolocation,/mnt/ubna_data_02_mir/recover-20220922/UBNA_001/20220921_090000.WAV,Telephone Field,recover-20220922,001,1795
380.9225,380.9322,27187,35812,Eptesicus serotinus,0.009,0.023,-1,Echolocation,/mnt/ubna_data_02_mir/recover-20220922/UBNA_001/20220921_090000.WAV,Telephone Field,recover-20220922,001,1795
380.9235,380.9655,68437,82941,Rhinolophus ferrumequinum,0.038,0.038,-1,Echolocation,/mnt/ubna_data_02_mir/recover-20220922/UBNA_001/20220921_090000.WAV,Telephone Field,recover-20220922,001,1795
380.9665,381.0059,68437,81716,Rhinolophus ferrumequinum,0.027,0.027,-1,Echolocation,/mnt/ubna_data_02_mir/recover-20220922/UBNA_001/20220921_090000.WAV,Telephone Field,recover-20220922,001,1795
380.9825,381.0218,68437,82352,Rhinolophus ferrumequinum,0.029,0.029,-1,Echolocation,/mnt/ubna_data_02_mir/recover-20220922/UBNA_001/20220921_090000.WAV,Telephone Field,recover-20220922,001,1795
380.9945,381.0034,27187,36717,Eptesicus serotinus,0.009,0.025,-1,Echolocation,/mnt/ubna_data_02_mir/recover-20220922/UBNA_001/20220921_090000.WAV,Telephone Field,recover-20220922,001,1795
381.0385,381.0784,68437,82124,Rhinolophus ferrumequinum,0.031,0.031,-1,Echolocation,/mnt/ubna_data_02_mir/recover-20220922/UBNA_001/20220921_090000.WAV,Telephone Field,recover-20220922,001,1795
381.0505,381.089,68437,82074,Rhinolophus ferrumequinum,0.022,0.022,-1,Echolocation,/mnt/ubna_data_02_mir/recover-20220922/UBNA_001/20220921_090000.WAV,Telephone Field,recover-20220922,001,1795
381.0675,381.106,68437,81781,Rhinolophus ferrumequinum,0.023,0.023,-1,Echolocation,/mnt/ubna_data_02_mir/recover-20220922/UBNA_001/20220921_090000.WAV,Telephone Field,recover-20220922,001,1795
381.1025,381.1447,68437,83019,Rhinolophus ferrumequinum,0.034,0.034,-1,Echolocation,/mnt/ubna_data_02_mir/recover-20220922/UBNA_001/20220921_090000.WAV,Telephone Field,recover-20220922,001,1795
381.1265,381.1341,25468,34448,Eptesicus serotinus,0.007,0.024,-1,Echolocation,/mnt/ubna_data_02_mir/recover-20220922/UBNA_001/20220921_090000.WAV,Telephone Field,recover-20220922,001,1795
381.1355,381.1717,68437,81784,Rhinolophus ferrumequinum,0.022,0.022,-1,Echolocation,/mnt/ubna_data_02_mir/recover-20220922/UBNA_001/20220921_090000.WAV,Telephone Field,recover-20220922,001,1795
381.1705,381.2097,68437,81645,Rhinolophus ferrumequinum,0.023,0.023,-1,Echolocation,/mnt/ubna_data_02_mir/recover-20220922/UBNA_001/20220921_090000.WAV,Telephone Field,recover-20220922,001,1795
381.1925,381.2339,68437,82769,Rhinolophus ferrumequinum,0.029,0.029,-1,Echolocation,/mnt/ubna_data_02_mir/recover-20220922/UBNA_001/20220921_090000.WAV,Telephone Field,recover-20220922,001,1795
381.2405,381.278,68437,81972,Rhinolophus ferrumequinum,0.024,0.024,-1,Echolocation,/mnt/ubna_data_02_mir/recover-20220922/UBNA_001/20220921_090000.WAV,Telephone Field,recover-20220922,001,1795
381.2605,381.2718,28046,35537,Eptesicus serotinus,0.014,0.029,-1,Echolocation,/mnt/ubna_data_02_mir/recover-20220922/UBNA_001/20220921_090000.WAV,Telephone Field,recover-20220922,001,1795
381.2715,381.3131,68437,82153,Rhinolophus ferrumequinum,0.031,0.031,-1,Echolocation,/mnt/ubna_data_02_mir/recover-20220922/UBNA_001/20220921_090000.WAV,Telephone Field,recover-20220922,001,1795
381.2845,381.3254,68437,82135,Rhinolophus ferrumequinum,0.03,0.03,-1,Echolocation,/mnt/ubna_data_02_mir/recover-20220922/UBNA_001/20220921_090000.WAV,Telephone Field,recover-20220922,001,1795
381.3415,381.3825,68437,82359,Rhinolophus ferrumequinum,0.029,0.029,-1,Echolocation,/mnt/ubna_data_02_mir/recover-20220922/UBNA_001/20220921_090000.WAV,Telephone Field,recover-20220922,001,1795
381.3525,381.36,28046,38241,Eptesicus serotinus,0.007,0.022,-1,Echolocation,/mnt/ubna_data_02_mir/recover-20220922/UBNA_001/20220921_090000.WAV,Telephone Field,recover-20220922,001,1795
381.3525,381.3917,68437,82060,Rhinolophus ferrumequinum,0.022,0.023,-1,Echolocation,/mnt/ubna_data_02_mir/recover-20220922/UBNA_001/20220921_090000.WAV,Telephone Field,recover-20220922,001,1795
381.3585,381.3983,68437,82435,Rhinolophus ferrumequinum,0.023,0.023,-1,Echolocation,/mnt/ubna_data_02_mir/recover-20220922/UBNA_001/20220921_090000.WAV,Telephone Field,recover-20220922,001,1795
381.3675,381.3746,27187,40464,Eptesicus serotinus,0.006,0.022,-1,Echolocation,/mnt/ubna_data_02_mir/recover-20220922/UBNA_001/20220921_090000.WAV,Telephone Field,recover-20220922,001,1795
381.3865,381.3945,27187,42044,Eptesicus serotinus,0.008,0.022,-1,Echolocation,/mnt/ubna_data_02_mir/recover-20220922/UBNA_001/20220921_090000.WAV,Telephone Field,recover-20220922,001,1795
381.4155,381.4541,68437,81673,Rhinolophus ferrumequinum,0.024,0.024,-1,Echolocation,/mnt/ubna_data_02_mir/recover-20220922/UBNA_001/20220921_090000.WAV,Telephone Field,recover-20220922,001,1795
381.4155,381.4227,28046,42481,Eptesicus serotinus,0.007,0.025,-1,Echolocation,/mnt/ubna_data_02_mir/recover-20220922/UBNA_001/20220921_090000.WAV,Telephone Field,recover-20220922,001,1795
381.4445,381.4838,68437,82571,Rhinolophus ferrumequinum,0.032,0.032,-1,Echolocation,/mnt/ubna_data_02_mir/recover-20220922/UBNA_001/20220921_090000.WAV,Telephone Field,recover-20220922,001,1795
381.4675,381.4749,27187,40167,Eptesicus serotinus,0.009,0.027,-1,Echolocation,/mnt/ubna_data_02_mir/recover-20220922/UBNA_001/20220921_090000.WAV,Telephone Field,recover-20220922,001,1795
381.4835,381.5237,68437,82021,Rhinolophus ferrumequinum,0.025,0.025,-1,Echolocation,/mnt/ubna_data_02_mir/recover-20220922/UBNA_001/20220921_090000.WAV,Telephone Field,recover-20220922,001,1795
381.5185,381.5244,32343,46786,Myotis daubentonii,0.012,0.026,-1,Echolocation,/mnt/ubna_data_02_mir/recover-20220922/UBNA_001/20220921_090000.WAV,Telephone Field,recover-20220922,001,1795
381.5185,381.5258,26328,38828,Eptesicus serotinus,0.006,0.025,-1,Echolocation,/mnt/ubna_data_02_mir/recover-20220922/UBNA_001/20220921_090000.WAV,Telephone Field,recover-20220922,001,1795
381.52049999999997,381.5633,68437,83133,Rhinolophus ferrumequinum,0.033,0.033,-1,Echolocation,/mnt/ubna_data_02_mir/recover-20220922/UBNA_001/20220921_090000.WAV,Telephone Field,recover-20220922,001,1795
381.54449999999997,381.5848,68437,82332,Rhinolophus ferrumequinum,0.023,0.023,-1,Echolocation,/mnt/ubna_data_02_mir/recover-20220922/UBNA_001/20220921_090000.WAV,Telephone Field,recover-20220922,001,1795
381.5685,381.6058,68437,82199,Rhinolophus ferrumequinum,0.022,0.022,-1,Echolocation,/mnt/ubna_data_02_mir/recover-20220922/UBNA_001/20220921_090000.WAV,Telephone Field,recover-20220922,001,1795
381.5755,381.6143,68437,82185,Rhinolophus ferrumequinum,0.022,0.022,-1,Echolocation,/mnt/ubna_data_02_mir/recover-20220922/UBNA_001/20220921_090000.WAV,Telephone Field,recover-20220922,001,1795
381.5815,381.5951,22031,25766,Nyctalus leisleri,0.016,0.027,-1,Echolocation,/mnt/ubna_data_02_mir/recover-20220922/UBNA_001/20220921_090000.WAV,Telephone Field,recover-20220922,001,1795
381.5845,381.6232,68437,82198,Rhinolophus ferrumequinum,0.022,0.022,-1,Echolocation,/mnt/ubna_data_02_mir/recover-20220922/UBNA_001/20220921_090000.WAV,Telephone Field,recover-20220922,001,1795
381.6035,381.6404,68437,81174,Rhinolophus ferrumequinum,0.023,0.023,-1,Echolocation,/mnt/ubna_data_02_mir/recover-20220922/UBNA_001/20220921_090000.WAV,Telephone Field,recover-20220922,001,1795
381.6595,381.6683,28906,37492,Eptesicus serotinus,0.008,0.023,-1,Echolocation,/mnt/ubna_data_02_mir/recover-20220922/UBNA_001/20220921_090000.WAV,Telephone Field,recover-20220922,001,1795
381.7115,381.7488,68437,82496,Rhinolophus ferrumequinum,0.022,0.022,-1,Echolocation,/mnt/ubna_data_02_mir/recover-20220922/UBNA_001/20220921_090000.WAV,Telephone Field,recover-20220922,001,1795
381.7275,381.7662,68437,82297,Rhinolophus ferrumequinum,0.024,0.024,-1,Echolocation,/mnt/ubna_data_02_mir/recover-20220922/UBNA_001/20220921_090000.WAV,Telephone Field,recover-20220922,001,1795
381.7575,381.7957,68437,81970,Rhinolophus ferrumequinum,0.029,0.029,-1,Echolocation,/mnt/ubna_data_02_mir/recover-20220922/UBNA_001/20220921_090000.WAV,Telephone Field,recover-20220922,001,1795
381.7725,381.8088,68437,81896,Rhinolophus ferrumequinum,0.024,0.024,-1,Echolocation,/mnt/ubna_data_02_mir/recover-20220922/UBNA_001/20220921_090000.WAV,Telephone Field,recover-20220922,001,1795
381.7905,381.8317,68437,82609,Rhinolophus ferrumequinum,0.023,0.023,-1,Echolocation,/mnt/ubna_data_02_mir/recover-20220922/UBNA_001/20220921_090000.WAV,Telephone Field,recover-20220922,001,1795
381.8135,381.855,68437,83126,Rhinolophus ferrumequinum,0.029,0.029,-1,Echolocation,/mnt/ubna_data_02_mir/recover-20220922/UBNA_001/20220921_090000.WAV,Telephone Field,recover-20220922,001,1795
381.8605,381.8974,68437,81603,Rhinolophus ferrumequinum,0.022,0.022,-1,Echolocation,/mnt/ubna_data_02_mir/recover-20220922/UBNA_001/20220921_090000.WAV,Telephone Field,recover-20220922,001,1795
381.8735,381.9115,68437,82304,Rhinolophus ferrumequinum,0.022,0.022,-1,Echolocation,/mnt/ubna_data_02_mir/recover-20220922/UBNA_001/20220921_090000.WAV,Telephone Field,recover-20220922,001,1795
381.9165,381.9548,68437,82430,Rhinolophus ferrumequinum,0.025,0.025,-1,Echolocation,/mnt/ubna_data_02_mir/recover-20220922/UBNA_001/20220921_090000.WAV,Telephone Field,recover-20220922,001,1795
381.9245,381.9648,68437,82413,Rhinolophus ferrumequinum,0.024,0.024,-1,Echolocation,/mnt/ubna_data_02_mir/recover-20220922/UBNA_001/20220921_090000.WAV,Telephone Field,recover-20220922,001,1795
381.9325,381.9402,27187,36858,Eptesicus serotinus,0.009,0.028,-1,Echolocation,/mnt/ubna_data_02_mir/recover-20220922/UBNA_001/20220921_090000.WAV,Telephone Field,recover-20220922,001,1795
381.9715,381.9823,23750,29101,Nyctalus leisleri,0.014,0.028,-1,Echolocation,/mnt/ubna_data_02_mir/recover-20220922/UBNA_001/20220921_090000.WAV,Telephone Field,recover-20220922,001,1795
382.0015,382.0096,48671,54951,Pipistrellus pipistrellus,0.023,0.028,-1,Echolocation,/mnt/ubna_data_02_mir/recover-20220922/UBNA_001/20220921_090000.WAV,Telephone Field,recover-20220922,001,1795
382.0015,382.01030000000003,23750,30818,Nyctalus leisleri,0.009,0.025,-1,Echolocation,/mnt/ubna_data_02_mir/recover-20220922/UBNA_001/20220921_090000.WAV,Telephone Field,recover-20220922,001,1795
382.0065,382.0513,68437,82822,Rhinolophus ferrumequinum,0.032,0.032,-1,Echolocation,/mnt/ubna_data_02_mir/recover-20220922/UBNA_001/20220921_090000.WAV,Telephone Field,recover-20220922,001,1795
382.0305,382.0689,68437,81913,Rhinolophus ferrumequinum,0.029,0.029,-1,Echolocation,/mnt/ubna_data_02_mir/recover-20220922/UBNA_001/20220921_090000.WAV,Telephone Field,recover-20220922,001,1795
382.0995,382.1139,22031,25620,Nyctalus leisleri,0.044,0.073,-1,Echolocation,/mnt/ubna_data_02_mir/recover-20220922/UBNA_001/20220921_090000.WAV,Telephone Field,recover-20220922,001,1795
382.1055,382.1174,44375,47553,Pipistrellus pipistrellus,0.048,0.051,-1,Echolocation,/mnt/ubna_data_02_mir/recover-20220922/UBNA_001/20220921_090000.WAV,Telephone Field,recover-20220922,001,1795
382.1095,382.1533,68437,83327,Rhinolophus ferrumequinum,0.031,0.031,-1,Echolocation,/mnt/ubna_data_02_mir/recover-20220922/UBNA_001/20220921_090000.WAV,Telephone Field,recover-20220922,001,1795
382.1175,382.1566,68437,82235,Rhinolophus ferrumequinum,0.031,0.031,-1,Echolocation,/mnt/ubna_data_02_mir/recover-20220922/UBNA_001/20220921_090000.WAV,Telephone Field,recover-20220922,001,1795
382.1205,382.12760000000003,23750,33335,Plecotus austriacus,0.016,0.032,-1,Echolocation,/mnt/ubna_data_02_mir/recover-20220922/UBNA_001/20220921_090000.WAV,Telephone Field,recover-20220922,001,1795
382.1355,382.1442,46953,51739,Pipistrellus pipistrellus,0.034,0.036,-1,Echolocation,/mnt/ubna_data_02_mir/recover-20220922/UBNA_001/20220921_090000.WAV,Telephone Field,recover-20220922,001,1795
382.1665,382.203,68437,80917,Rhinolophus ferrumequinum,0.023,0.023,-1,Echolocation,/mnt/ubna_data_02_mir/recover-20220922/UBNA_001/20220921_090000.WAV,Telephone Field,recover-20220922,001,1795
382.1795,382.2193,68437,82650,Rhinolophus ferrumequinum,0.022,0.022,-1,Echolocation,/mnt/ubna_data_02_mir/recover-20220922/UBNA_001/20220921_090000.WAV,Telephone Field,recover-20220922,001,1795
382.2485,382.26,23750,29680,Nyctalus leisleri,0.011,0.024,-1,Echolocation,/mnt/ubna_data_02_mir/recover-20220922/UBNA_001/20220921_090000.WAV,Telephone Field,recover-20220922,001,1795
382.2695,382.31,68437,81999,Rhinolophus ferrumequinum,0.022,0.022,-1,Echolocation,/mnt/ubna_data_02_mir/recover-20220922/UBNA_001/20220921_090000.WAV,Telephone Field,recover-20220922,001,1795
382.2905,382.3005,22890,29390,Nyctalus leisleri,0.009,0.027,-1,Echolocation,/mnt/ubna_data_02_mir/recover-20220922/UBNA_001/20220921_090000.WAV,Telephone Field,recover-20220922,001,1795
382.3375,382.3486,22890,27430,Nyctalus leisleri,0.012,0.023,-1,Echolocation,/mnt/ubna_data_02_mir/recover-20220922/UBNA_001/20220921_090000.WAV,Telephone Field,recover-20220922,001,1795
382.3605,382.4047,68437,83684,Rhinolophus ferrumequinum,0.038,0.038,-1,Echolocation,/mnt/ubna_data_02_mir/recover-20220922/UBNA_001/20220921_090000.WAV,Telephone Field,recover-20220922,001,1795
382.3875,382.4289,68437,83097,Rhinolophus ferrumequinum,0.022,0.022,-1,Echolocation,/mnt/ubna_data_02_mir/recover-20220922/UBNA_001/20220921_090000.WAV,Telephone Field,recover-20220922,001,1795
382.3925,382.4008,28906,39447,Eptesicus serotinus,0.009,0.027,-1,Echolocation,/mnt/ubna_data_02_mir/recover-20220922/UBNA_001/20220921_090000.WAV,Telephone Field,recover-20220922,001,1795
382.4075,382.4458,68437,81845,Rhinolophus ferrumequinum,0.023,0.023,-1,Echolocation,/mnt/ubna_data_02_mir/recover-20220922/UBNA_001/20220921_090000.WAV,Telephone Field,recover-20220922,001,1795
382.4285,382.4672,68437,82138,Rhinolophus ferrumequinum,0.024,0.024,-1,Echolocation,/mnt/ubna_data_02_mir/recover-20220922/UBNA_001/20220921_090000.WAV,Telephone Field,recover-20220922,001,1795
382.4655,382.477,41796,44670,Pipistrellus pipistrellus,0.019,0.025,-1,Echolocation,/mnt/ubna_data_02_mir/recover-20220922/UBNA_001/20220921_090000.WAV,Telephone Field,recover-20220922,001,1795
382.5415,382.5807,68437,81691,Rhinolophus ferrumequinum,0.021,0.021,-1,Echolocation,/mnt/ubna_data_02_mir/recover-20220922/UBNA_001/20220921_090000.WAV,Telephone Field,recover-20220922,001,1795
382.5475,382.555,28906,38717,Eptesicus serotinus,0.007,0.024,-1,Echolocation,/mnt/ubna_data_02_mir/recover-20220922/UBNA_001/20220921_090000.WAV,Telephone Field,recover-20220922,001,1795
382.6235,382.6638,68437,82290,Rhinolophus ferrumequinum,0.021,0.021,-1,Echolocation,/mnt/ubna_data_02_mir/recover-20220922/UBNA_001/20220921_090000.WAV,Telephone Field,recover-20220922,001,1795
382.6435,382.6577,32343,36123,Nyctalus leisleri,0.015,0.036,-1,Echolocation,/mnt/ubna_data_02_mir/recover-20220922/UBNA_001/20220921_090000.WAV,Telephone Field,recover-20220922,001,1795
382.6445,382.6846,68437,82359,Rhinolophus ferrumequinum,0.026,0.026,-1,Echolocation,/mnt/ubna_data_02_mir/recover-20220922/UBNA_001/20220921_090000.WAV,Telephone Field,recover-20220922,001,1795
382.6885,382.7269,68437,82368,Rhinolophus ferrumequinum,0.025,0.025,-1,Echolocation,/mnt/ubna_data_02_mir/recover-20220922/UBNA_001/20220921_090000.WAV,Telephone Field,recover-20220922,001,1795
382.6945,382.73199999999997,68437,81848,Rhinolophus ferrumequinum,0.023,0.023,-1,Echolocation,/mnt/ubna_data_02_mir/recover-20220922/UBNA_001/20220921_090000.WAV,Telephone Field,recover-20220922,001,1795
382.7015,382.7084,45234,48230,Pipistrellus pipistrellus,0.024,0.025,-1,Echolocation,/mnt/ubna_data_02_mir/recover-20220922/UBNA_001/20220921_090000.WAV,Telephone Field,recover-20220922,001,1795
382.72950000000003,382.7655,68437,81298,Rhinolophus ferrumequinum,0.023,0.023,-1,Echolocation,/mnt/ubna_data_02_mir/recover-20220922/UBNA_001/20220921_090000.WAV,Telephone Field,recover-20220922,001,1795
382.7385,382.7496,22890,27761,Nyctalus leisleri,0.012,0.023,-1,Echolocation,/mnt/ubna_data_02_mir/recover-20220922/UBNA_001/20220921_090000.WAV,Telephone Field,recover-20220922,001,1795
382.7555,382.772,22031,25905,Nyctalus leisleri,0.035,0.058,-1,Echolocation,/mnt/ubna_data_02_mir/recover-20220922/UBNA_001/20220921_090000.WAV,Telephone Field,recover-20220922,001,1795
382.7615,382.8005,68437,82418,Rhinolophus ferrumequinum,0.028,0.028,-1,Echolocation,/mnt/ubna_data_02_mir/recover-20220922/UBNA_001/20220921_090000.WAV,Telephone Field,recover-20220922,001,1795
382.7795,382.7901,25468,31263,Nyctalus leisleri,0.015,0.035,-1,Echolocation,/mnt/ubna_data_02_mir/recover-20220922/UBNA_001/20220921_090000.WAV,Telephone Field,recover-20220922,001,1795
382.8035,382.8134,27187,34936,Eptesicus serotinus,0.012,0.025,-1,Echolocation,/mnt/ubna_data_02_mir/recover-20220922/UBNA_001/20220921_090000.WAV,Telephone Field,recover-20220922,001,1795
382.8285,382.8683,68437,82056,Rhinolophus ferrumequinum,0.023,0.023,-1,Echolocation,/mnt/ubna_data_02_mir/recover-20220922/UBNA_001/20220921_090000.WAV,Telephone Field,recover-20220922,001,1795
382.8635,382.9031,68437,82045,Rhinolophus ferrumequinum,0.021,0.022,-1,Echolocation,/mnt/ubna_data_02_mir/recover-20220922/UBNA_001/20220921_090000.WAV,Telephone Field,recover-20220922,001,1795
382.8715,382.912,68437,82249,Rhinolophus ferrumequinum,0.022,0.023,-1,Echolocation,/mnt/ubna_data_02_mir/recover-20220922/UBNA_001/20220921_090000.WAV,Telephone Field,recover-20220922,001,1795
382.8895,382.896,24609,35315,Plecotus austriacus,0.013,0.032,-1,Echolocation,/mnt/ubna_data_02_mir/recover-20220922/UBNA_001/20220921_090000.WAV,Telephone Field,recover-20220922,001,1795
382.9365,382.9753,68437,81872,Rhinolophus ferrumequinum,0.022,0.022,-1,Echolocation,/mnt/ubna_data_02_mir/recover-20220922/UBNA_001/20220921_090000.WAV,Telephone Field,recover-20220922,001,1795
382.9475,382.9848,68437,82124,Rhinolophus ferrumequinum,0.022,0.022,-1,Echolocation,/mnt/ubna_data_02_mir/recover-20220922/UBNA_001/20220921_090000.WAV,Telephone Field,recover-20220922,001,1795
382.9565,382.9969,68437,81910,Rhinolophus ferrumequinum,0.023,0.023,-1,Echolocation,/mnt/ubna_data_02_mir/recover-20220922/UBNA_001/20220921_090000.WAV,Telephone Field,recover-20220922,001,1795
382.9585,382.9705,43515,49892,Pipistrellus pipistrellus,0.028,0.042,-1,Echolocation,/mnt/ubna_data_02_mir/recover-20220922/UBNA_001/20220921_090000.WAV,Telephone Field,recover-20220922,001,1795
382.9685,382.978,28906,37236,Eptesicus serotinus,0.009,0.024,-1,Echolocation,/mnt/ubna_data_02_mir/recover-20220922/UBNA_001/20220921_090000.WAV,Telephone Field,recover-20220922,001,1795
382.9765,383.0143,68437,82287,Rhinolophus ferrumequinum,0.022,0.022,-1,Echolocation,/mnt/ubna_data_02_mir/recover-20220922/UBNA_001/20220921_090000.WAV,Telephone Field,recover-20220922,001,1795
382.9895,383.02909999999997,68437,82327,Rhinolophus ferrumequinum,0.025,0.025,-1,Echolocation,/mnt/ubna_data_02_mir/recover-20220922/UBNA_001/20220921_090000.WAV,Telephone Field,recover-20220922,001,1795
382.9935,383.0044,22890,28384,Nyctalus leisleri,0.011,0.024,-1,Echolocation,/mnt/ubna_data_02_mir/recover-20220922/UBNA_001/20220921_090000.WAV,Telephone Field,recover-20220922,001,1795
383.0185,383.0298,46093,49932,Pipistrellus pipistrellus,0.05,0.055,-1,Echolocation,/mnt/ubna_data_02_mir/recover-20220922/UBNA_001/20220921_090000.WAV,Telephone Field,recover-20220922,001,1795
383.0195,383.0603,68437,82217,Rhinolophus ferrumequinum,0.027,0.027,-1,Echolocation,/mnt/ubna_data_02_mir/recover-20220922/UBNA_001/20220921_090000.WAV,Telephone Field,recover-20220922,001,1795
383.0255,383.0455,19453,22629,Nyctalus leisleri,0.018,0.037,-1,Echolocation,/mnt/ubna_data_02_mir/recover-20220922/UBNA_001/20220921_090000.WAV,Telephone Field,recover-20220922,001,1795
383.0275,383.0358,27187,38017,Eptesicus serotinus,0.008,0.022,-1,Echolocation,/mnt/ubna_data_02_mir/recover-20220922/UBNA_001/20220921_090000.WAV,Telephone Field,recover-20220922,001,1795
383.0595,383.0666,27187,41647,Eptesicus serotinus,0.007,0.025,-1,Echolocation,/mnt/ubna_data_02_mir/recover-20220922/UBNA_001/20220921_090000.WAV,Telephone Field,recover-20220922,001,1795
383.0715,383.1118,68437,83024,Rhinolophus ferrumequinum,0.03,0.03,-1,Echolocation,/mnt/ubna_data_02_mir/recover-20220922/UBNA_001/20220921_090000.WAV,Telephone Field,recover-20220922,001,1795
383.0765,383.08389999999997,25468,35252,Eptesicus serotinus,0.006,0.022,-1,Echolocation,/mnt/ubna_data_02_mir/recover-20220922/UBNA_001/20220921_090000.WAV,Telephone Field,recover-20220922,001,1795
383.0965,383.1062,41796,47900,Pipistrellus nathusii,0.033,0.053,-1,Echolocation,/mnt/ubna_data_02_mir/recover-20220922/UBNA_001/20220921_090000.WAV,Telephone Field,recover-20220922,001,1795
383.0965,383.1363,68437,82226,Rhinolophus ferrumequinum,0.027,0.027,-1,Echolocation,/mnt/ubna_data_02_mir/recover-20220922/UBNA_001/20220921_090000.WAV,Telephone Field,recover-20220922,001,1795
383.1115,383.1195,23750,32416,Plecotus austriacus,0.008,0.022,-1,Echolocation,/mnt/ubna_data_02_mir/recover-20220922/UBNA_001/20220921_090000.WAV,Telephone Field,recover-20220922,001,1795
383.1355,383.1722,68437,81602,Rhinolophus ferrumequinum,0.023,0.023,-1,Echolocation,/mnt/ubna_data_02_mir/recover-20220922/UBNA_001/20220921_090000.WAV,Telephone Field,recover-20220922,001,1795
383.1925,383.2315,68437,81773,Rhinolophus ferrumequinum,0.023,0.023,-1,Echolocation,/mnt/ubna_data_02_mir/recover-20220922/UBNA_001/20220921_090000.WAV,Telephone Field,recover-20220922,001,1795
383.2215,383.2337,22890,27186,Nyctalus leisleri,0.015,0.026,-1,Echolocation,/mnt/ubna_data_02_mir/recover-20220922/UBNA_001/20220921_090000.WAV,Telephone Field,recover-20220922,001,1795
383.2305,383.2682,68437,81192,Rhinolophus ferrumequinum,0.024,0.024,-1,Echolocation,/mnt/ubna_data_02_mir/recover-20220922/UBNA_001/20220921_090000.WAV,Telephone Field,recover-20220922,001,1795
383.2355,383.27570000000003,68437,81511,Rhinolophus ferrumequinum,0.023,0.023,-1,Echolocation,/mnt/ubna_data_02_mir/recover-20220922/UBNA_001/20220921_090000.WAV,Telephone Field,recover-20220922,001,1795
383.2595,383.2955,68437,80895,Rhinolophus ferrumequinum,0.021,0.021,-1,Echolocation,/mnt/ubna_data_02_mir/recover-20220922/UBNA_001/20220921_090000.WAV,Telephone Field,recover-20220922,001,1795
383.2655,383.274,28906,38856,Eptesicus serotinus,0.007,0.021,-1,Echolocation,/mnt/ubna_data_02_mir/recover-20220922/UBNA_001/20220921_090000.WAV,Telephone Field,recover-20220922,001,1795
383.2755,383.3138,68437,82050,Rhinolophus ferrumequinum,0.023,0.023,-1,Echolocation,/mnt/ubna_data_02_mir/recover-20220922/UBNA_001/20220921_090000.WAV,Telephone Field,recover-20220922,001,1795
383.3155,383.3231,28046,38458,Eptesicus serotinus,0.007,0.025,-1,Echolocation,/mnt/ubna_data_02_mir/recover-20220922/UBNA_001/20220921_090000.WAV,Telephone Field,recover-20220922,001,1795
383.3445,383.3818,68437,81495,Rhinolophus ferrumequinum,0.022,0.022,-1,Echolocation,/mnt/ubna_data_02_mir/recover-20220922/UBNA_001/20220921_090000.WAV,Telephone Field,recover-20220922,001,1795
383.3445,383.3532,28906,37755,Eptesicus serotinus,0.008,0.022,-1,Echolocation,/mnt/ubna_data_02_mir/recover-20220922/UBNA_001/20220921_090000.WAV,Telephone Field,recover-20220922,001,1795
383.3665,383.4054,68437,81818,Rhinolophus ferrumequinum,0.021,0.021,-1,Echolocation,/mnt/ubna_data_02_mir/recover-20220922/UBNA_001/20220921_090000.WAV,Telephone Field,recover-20220922,001,1795
383.4085,383.4457,68437,81622,Rhinolophus ferrumequinum,0.023,0.023,-1,Echolocation,/mnt/ubna_data_02_mir/recover-20220922/UBNA_001/20220921_090000.WAV,Telephone Field,recover-20220922,001,1795
383.4225,383.4606,68437,82153,Rhinolophus ferrumequinum,0.024,0.024,-1,Echolocation,/mnt/ubna_data_02_mir/recover-20220922/UBNA_001/20220921_090000.WAV,Telephone Field,recover-20220922,001,1795
383.4245,383.4361,22031,26361,Nyctalus leisleri,0.011,0.022,-1,Echolocation,/mnt/ubna_data_02_mir/recover-20220922/UBNA_001/20220921_090000.WAV,Telephone Field,recover-20220922,001,1795
383.4325,383.4422,22890,28779,Nyctalus leisleri,0.008,0.021,-1,Echolocation,/mnt/ubna_data_02_mir/recover-20220922/UBNA_001/20220921_090000.WAV,Telephone Field,recover-20220922,001,1795
383.4405,383.4802,68437,81794,Rhinolophus ferrumequinum,0.022,0.022,-1,Echolocation,/mnt/ubna_data_02_mir/recover-20220922/UBNA_001/20220921_090000.WAV,Telephone Field,recover-20220922,001,1795
383.4475,383.4621,22031,25628,Nyctalus leisleri,0.019,0.032,-1,Echolocation,/mnt/ubna_data_02_mir/recover-20220922/UBNA_001/20220921_090000.WAV,Telephone Field,recover-20220922,001,1795
383.4615,383.4684,28046,38671,Eptesicus serotinus,0.005,0.022,-1,Echolocation,/mnt/ubna_data_02_mir/recover-20220922/UBNA_001/20220921_090000.WAV,Telephone Field,recover-20220922,001,1795
383.4915,383.5288,68437,81810,Rhinolophus ferrumequinum,0.022,0.022,-1,Echolocation,/mnt/ubna_data_02_mir/recover-20220922/UBNA_001/20220921_090000.WAV,Telephone Field,recover-20220922,001,1795
383.5045,383.5441,68437,82394,Rhinolophus ferrumequinum,0.022,0.022,-1,Echolocation,/mnt/ubna_data_02_mir/recover-20220922/UBNA_001/20220921_090000.WAV,Telephone Field,recover-20220922,001,1795
383.5065,383.5167,26328,34357,Eptesicus serotinus,0.007,0.022,-1,Echolocation,/mnt/ubna_data_02_mir/recover-20220922/UBNA_001/20220921_090000.WAV,Telephone Field,recover-20220922,001,1795
383.5125,383.5512,68437,82825,Rhinolophus ferrumequinum,0.029,0.029,-1,Echolocation,/mnt/ubna_data_02_mir/recover-20220922/UBNA_001/20220921_090000.WAV,Telephone Field,recover-20220922,001,1795
383.54449999999997,383.5861,68437,82435,Rhinolophus ferrumequinum,0.024,0.024,-1,Echolocation,/mnt/ubna_data_02_mir/recover-20220922/UBNA_001/20220921_090000.WAV,Telephone Field,recover-20220922,001,1795
383.5495,383.5586,28906,38319,Eptesicus serotinus,0.009,0.026,-1,Echolocation,/mnt/ubna_data_02_mir/recover-20220922/UBNA_001/20220921_090000.WAV,Telephone Field,recover-20220922,001,1795
383.5715,383.5784,26328,36370,Plecotus austriacus,0.015,0.051,-1,Echolocation,/mnt/ubna_data_02_mir/recover-20220922/UBNA_001/20220921_090000.WAV,Telephone Field,recover-20220922,001,1795
383.58050000000003,383.591,22890,27588,Nyctalus leisleri,0.011,0.021,-1,Echolocation,/mnt/ubna_data_02_mir/recover-20220922/UBNA_001/20220921_090000.WAV,Telephone Field,recover-20220922,001,1795
383.6265,383.66700000000003,68437,83022,Rhinolophus ferrumequinum,0.04,0.04,-1,Echolocation,/mnt/ubna_data_02_mir/recover-20220922/UBNA_001/20220921_090000.WAV,Telephone Field,recover-20220922,001,1795
383.6575,383.6648,24609,33889,Plecotus austriacus,0.008,0.022,-1,Echolocation,/mnt/ubna_data_02_mir/recover-20220922/UBNA_001/20220921_090000.WAV,Telephone Field,recover-20220922,001,1795
383.7115,383.7446,68437,80496,Rhinolophus ferrumequinum,0.022,0.022,-1,Echolocation,/mnt/ubna_data_02_mir/recover-20220922/UBNA_001/20220921_090000.WAV,Telephone Field,recover-20220922,001,1795
383.7155,383.7306,22890,27136,Nyctalus leisleri,0.023,0.038,-1,Echolocation,/mnt/ubna_data_02_mir/recover-20220922/UBNA_001/20220921_090000.WAV,Telephone Field,recover-20220922,001,1795
383.7305,383.7696,68437,82204,Rhinolophus ferrumequinum,0.024,0.024,-1,Echolocation,/mnt/ubna_data_02_mir/recover-20220922/UBNA_001/20220921_090000.WAV,Telephone Field,recover-20220922,001,1795
383.7525,383.7914,68437,82685,Rhinolophus ferrumequinum,0.023,0.024,-1,Echolocation,/mnt/ubna_data_02_mir/recover-20220922/UBNA_001/20220921_090000.WAV,Telephone Field,recover-20220922,001,1795
383.7915,383.831,68437,82614,Rhinolophus ferrumequinum,0.027,0.027,-1,Echolocation,/mnt/ubna_data_02_mir/recover-20220922/UBNA_001/20220921_090000.WAV,Telephone Field,recover-20220922,001,1795
383.8095,383.8198,22890,29443,Nyctalus leisleri,0.01,0.028,-1,Echolocation,/mnt/ubna_data_02_mir/recover-20220922/UBNA_001/20220921_090000.WAV,Telephone Field,recover-20220922,001,1795
383.8395,383.8774,68437,81416,Rhinolophus ferrumequinum,0.022,0.022,-1,Echolocation,/mnt/ubna_data_02_mir/recover-20220922/UBNA_001/20220921_090000.WAV,Telephone Field,recover-20220922,001,1795
383.8475,383.8811,68437,80731,Rhinolophus ferrumequinum,0.021,0.021,-1,Echolocation,/mnt/ubna_data_02_mir/recover-20220922/UBNA_001/20220921_090000.WAV,Telephone Field,recover-20220922,001,1795
383.8625,383.8733,23750,29514,Nyctalus leisleri,0.011,0.025,-1,Echolocation,/mnt/ubna_data_02_mir/recover-20220922/UBNA_001/20220921_090000.WAV,Telephone Field,recover-20220922,001,1795
383.8725,383.9104,68437,81775,Rhinolophus ferrumequinum,0.022,0.022,-1,Echolocation,/mnt/ubna_data_02_mir/recover-20220922/UBNA_001/20220921_090000.WAV,Telephone Field,recover-20220922,001,1795
383.8915,383.9126,19453,23042,Nyctalus noctula,0.012,0.023,-1,Echolocation,/mnt/ubna_data_02_mir/recover-20220922/UBNA_001/20220921_090000.WAV,Telephone Field,recover-20220922,001,1795
383.9015,383.94010000000003,68437,81787,Rhinolophus ferrumequinum,0.033,0.033,-1,Echolocation,/mnt/ubna_data_02_mir/recover-20220922/UBNA_001/20220921_090000.WAV,Telephone Field,recover-20220922,001,1795
383.9415,383.9819,68437,83109,Rhinolophus ferrumequinum,0.03,0.03,-1,Echolocation,/mnt/ubna_data_02_mir/recover-20220922/UBNA_001/20220921_090000.WAV,Telephone Field,recover-20220922,001,1795
383.9635,383.9712,27187,37154,Eptesicus serotinus,0.008,0.024,-1,Echolocation,/mnt/ubna_data_02_mir/recover-20220922/UBNA_001/20220921_090000.WAV,Telephone Field,recover-20220922,001,1795
384.0015,384.0101,25468,35979,Nyctalus leisleri,0.006,0.022,-1,Echolocation,/mnt/ubna_data_02_mir/recover-20220922/UBNA_001/20220921_090000.WAV,Telephone Field,recover-20220922,001,1795
384.0025,384.0436,68437,82359,Rhinolophus ferrumequinum,0.021,0.022,-1,Echolocation,/mnt/ubna_data_02_mir/recover-20220922/UBNA_001/20220921_090000.WAV,Telephone Field,recover-20220922,001,1795
384.0105,384.0544,68437,82377,Rhinolophus ferrumequinum,0.03,0.03,-1,Echolocation,/mnt/ubna_data_02_mir/recover-20220922/UBNA_001/20220921_090000.WAV,Telephone Field,recover-20220922,001,1795
384.1115,384.123,22031,26457,Nyctalus leisleri,0.012,0.022,-1,Echolocation,/mnt/ubna_data_02_mir/recover-20220922/UBNA_001/20220921_090000.WAV,Telephone Field,recover-20220922,001,1795
384.1275,384.1662,68437,82131,Rhinolophus ferrumequinum,0.024,0.024,-1,Echolocation,/mnt/ubna_data_02_mir/recover-20220922/UBNA_001/20220921_090000.WAV,Telephone Field,recover-20220922,001,1795
384.1335,384.1707,68437,81796,Rhinolophus ferrumequinum,0.022,0.022,-1,Echolocation,/mnt/ubna_data_02_mir/recover-20220922/UBNA_001/20220921_090000.WAV,Telephone Field,recover-20220922,001,1795
384.1395,384.1492,24609,32322,Nyctalus leisleri,0.007,0.022,-1,Echolocation,/mnt/ubna_data_02_mir/recover-20220922/UBNA_001/20220921_090000.WAV,Telephone Field,recover-20220922,001,1795
384.1505,384.1937,68437,83097,Rhinolophus ferrumequinum,0.025,0.025,-1,Echolocation,/mnt/ubna_data_02_mir/recover-20220922/UBNA_001/20220921_090000.WAV,Telephone Field,recover-20220922,001,1795
384.16949999999997,384.185,20312,24270,Nyctalus leisleri,0.011,0.023,-1,Echolocation,/mnt/ubna_data_02_mir/recover-20220922/UBNA_001/20220921_090000.WAV,Telephone Field,recover-20220922,001,1795
384.1925,384.2315,68437,82716,Rhinolophus ferrumequinum,0.022,0.022,-1,Echolocation,/mnt/ubna_data_02_mir/recover-20220922/UBNA_001/20220921_090000.WAV,Telephone Field,recover-20220922,001,1795
384.20550000000003,384.2155,28906,36716,Eptesicus serotinus,0.012,0.026,-1,Echolocation,/mnt/ubna_data_02_mir/recover-20220922/UBNA_001/20220921_090000.WAV,Telephone Field,recover-20220922,001,1795
384.2095,384.2531,68437,83560,Rhinolophus ferrumequinum,0.036,0.036,-1,Echolocation,/mnt/ubna_data_02_mir/recover-20220922/UBNA_001/20220921_090000.WAV,Telephone Field,recover-20220922,001,1795
384.2335,384.272,68437,81461,Rhinolophus ferrumequinum,0.034,0.034,-1,Echolocation,/mnt/ubna_data_02_mir/recover-20220922/UBNA_001/20220921_090000.WAV,Telephone Field,recover-20220922,001,1795
384.3205,384.355,68437,81339,Rhinolophus ferrumequinum,0.022,0.022,-1,Echolocation,/mnt/ubna_data_02_mir/recover-20220922/UBNA_001/20220921_090000.WAV,Telephone Field,recover-20220922,001,1795
384.3455,384.389,68437,82994,Rhinolophus ferrumequinum,0.027,0.027,-1,Echolocation,/mnt/ubna_data_02_mir/recover-20220922/UBNA_001/20220921_090000.WAV,Telephone Field,recover-20220922,001,1795
384.3625,384.3712,27187,37928,Eptesicus serotinus,0.008,0.022,-1,Echolocation,/mnt/ubna_data_02_mir/recover-20220922/UBNA_001/20220921_090000.WAV,Telephone Field,recover-20220922,001,1795
384.3645,384.404,68437,81995,Rhinolophus ferrumequinum,0.021,0.021,-1,Echolocation,/mnt/ubna_data_02_mir/recover-20220922/UBNA_001/20220921_090000.WAV,Telephone Field,recover-20220922,001,1795
384.3715,384.411,68437,82822,Rhinolophus ferrumequinum,0.023,0.023,-1,Echolocation,/mnt/ubna_data_02_mir/recover-20220922/UBNA_001/20220921_090000.WAV,Telephone Field,recover-20220922,001,1795
384.3825,384.4165,68437,80957,Rhinolophus ferrumequinum,0.033,0.033,-1,Echolocation,/mnt/ubna_data_02_mir/recover-20220922/UBNA_001/20220921_090000.WAV,Telephone Field,recover-20220922,001,1795
384.4135,384.435,18593,21560,Nyctalus noctula,0.012,0.023,-1,Echolocation,/mnt/ubna_data_02_mir/recover-20220922/UBNA_001/20220921_090000.WAV,Telephone Field,recover-20220922,001,1795
384.4815,384.5216,68437,82615,Rhinolophus ferrumequinum,0.026,0.026,-1,Echolocation,/mnt/ubna_data_02_mir/recover-20220922/UBNA_001/20220921_090000.WAV,Telephone Field,recover-20220922,001,1795
384.5085,384.5465,68437,81512,Rhinolophus ferrumequinum,0.021,0.021,-1,Echolocation,/mnt/ubna_data_02_mir/recover-20220922/UBNA_001/20220921_090000.WAV,Telephone Field,recover-20220922,001,1795
384.5275,384.5657,68437,81997,Rhinolophus ferrumequinum,0.022,0.022,-1,Echolocation,/mnt/ubna_data_02_mir/recover-20220922/UBNA_001/20220921_090000.WAV,Telephone Field,recover-20220922,001,1795
384.5545,384.5992,68437,83500,Rhinolophus ferrumequinum,0.039,0.039,-1,Echolocation,/mnt/ubna_data_02_mir/recover-20220922/UBNA_001/20220921_090000.WAV,Telephone Field,recover-20220922,001,1795
384.5595,384.6053,68437,84160,Rhinolophus ferrumequinum,0.038,0.038,-1,Echolocation,/mnt/ubna_data_02_mir/recover-20220922/UBNA_001/20220921_090000.WAV,Telephone Field,recover-20220922,001,1795
384.6275,384.6675,68437,82653,Rhinolophus ferrumequinum,0.022,0.022,-1,Echolocation,/mnt/ubna_data_02_mir/recover-20220922/UBNA_001/20220921_090000.WAV,Telephone Field,recover-20220922,001,1795
384.6345,384.6414,23750,34006,Plecotus austriacus,0.018,0.036,-1,Echolocation,/mnt/ubna_data_02_mir/recover-20220922/UBNA_001/20220921_090000.WAV,Telephone Field,recover-20220922,001,1795
384.6475,384.6894,68437,83184,Rhinolophus ferrumequinum,0.027,0.027,-1,Echolocation,/mnt/ubna_data_02_mir/recover-20220922/UBNA_001/20220921_090000.WAV,Telephone Field,recover-20220922,001,1795
384.6935,384.7319,68437,81695,Rhinolophus ferrumequinum,0.021,0.021,-1,Echolocation,/mnt/ubna_data_02_mir/recover-20220922/UBNA_001/20220921_090000.WAV,Telephone Field,recover-20220922,001,1795
384.7215,384.7626,68437,82702,Rhinolophus ferrumequinum,0.027,0.027,-1,Echolocation,/mnt/ubna_data_02_mir/recover-20220922/UBNA_001/20220921_090000.WAV,Telephone Field,recover-20220922,001,1795
384.7395,384.7814,68437,82927,Rhinolophus ferrumequinum,0.024,0.024,-1,Echolocation,/mnt/ubna_data_02_mir/recover-20220922/UBNA_001/20220921_090000.WAV,Telephone Field,recover-20220922,001,1795
384.8495,384.8869,68437,81841,Rhinolophus ferrumequinum,0.022,0.022,-1,Echolocation,/mnt/ubna_data_02_mir/recover-20220922/UBNA_001/20220921_090000.WAV,Telephone Field,recover-20220922,001,1795
384.8655,384.8747,28906,37031,Eptesicus serotinus,0.008,0.022,-1,Echolocation,/mnt/ubna_data_02_mir/recover-20220922/UBNA_001/20220921_090000.WAV,Telephone Field,recover-20220922,001,1795
384.9015,384.9406,68437,81959,Rhinolophus ferrumequinum,0.021,0.021,-1,Echolocation,/mnt/ubna_data_02_mir/recover-20220922/UBNA_001/20220921_090000.WAV,Telephone Field,recover-20220922,001,1795
384.9025,384.9115,49531,56224,Pipistrellus pipistrellus,0.025,0.03,-1,Echolocation,/mnt/ubna_data_02_mir/recover-20220922/UBNA_001/20220921_090000.WAV,Telephone Field,recover-20220922,001,1795
384.9365,384.9495,40937,45296,Pipistrellus nathusii,0.013,0.025,-1,Echolocation,/mnt/ubna_data_02_mir/recover-20220922/UBNA_001/20220921_090000.WAV,Telephone Field,recover-20220922,001,1795
384.9365,384.9826,68437,83590,Rhinolophus ferrumequinum,0.04,0.04,-1,Echolocation,/mnt/ubna_data_02_mir/recover-20220922/UBNA_001/20220921_090000.WAV,Telephone Field,recover-20220922,001,1795
384.9545,384.9931,68437,82441,Rhinolophus ferrumequinum,0.022,0.022,-1,Echolocation,/mnt/ubna_data_02_mir/recover-20220922/UBNA_001/20220921_090000.WAV,Telephone Field,recover-20220922,001,1795
384.97950000000003,385.0185,68437,82042,Rhinolophus ferrumequinum,0.024,0.024,-1,Echolocation,/mnt/ubna_data_02_mir/recover-20220922/UBNA_001/20220921_090000.WAV,Telephone Field,recover-20220922,001,1795
384.9855,385.0248,68437,82188,Rhinolophus ferrumequinum,0.024,0.024,-1,Echolocation,/mnt/ubna_data_02_mir/recover-20220922/UBNA_001/20220921_090000.WAV,Telephone Field,recover-20220922,001,1795
385.0015,385.0425,68437,82792,Rhinolophus ferrumequinum,0.024,0.024,-1,Echolocation,/mnt/ubna_data_02_mir/recover-20220922/UBNA_001/20220921_090000.WAV,Telephone Field,recover-20220922,001,1795
385.0405,385.0783,68437,81823,Rhinolophus ferrumequinum,0.021,0.021,-1,Echolocation,/mnt/ubna_data_02_mir/recover-20220922/UBNA_001/20220921_090000.WAV,Telephone Field,recover-20220922,001,1795
385.0465,385.0566,28046,36728,Eptesicus serotinus,0.038,0.062,-1,Echolocation,/mnt/ubna_data_02_mir/recover-20220922/UBNA_001/20220921_090000.WAV,Telephone Field,recover-20220922,001,1795
385.0605,385.1027,68437,82876,Rhinolophus ferrumequinum,0.031,0.031,-1,Echolocation,/mnt/ubna_data_02_mir/recover-20220922/UBNA_001/20220921_090000.WAV,Telephone Field,recover-20220922,001,1795
385.1115,385.1508,68437,81798,Rhinolophus ferrumequinum,0.023,0.023,-1,Echolocation,/mnt/ubna_data_02_mir/recover-20220922/UBNA_001/20220921_090000.WAV,Telephone Field,recover-20220922,001,1795
385.1545,385.1987,68437,83359,Rhinolophus ferrumequinum,0.037,0.037,-1,Echolocation,/mnt/ubna_data_02_mir/recover-20220922/UBNA_001/20220921_090000.WAV,Telephone Field,recover-20220922,001,1795
385.1925,385.2009,15156,23974,Plecotus auritus,0.012,0.025,-1,Echolocation,/mnt/ubna_data_02_mir/recover-20220922/UBNA_001/20220921_090000.WAV,Telephone Field,recover-20220922,001,1795
385.1995,385.2386,68437,82092,Rhinolophus ferrumequinum,0.021,0.021,-1,Echolocation,/mnt/ubna_data_02_mir/recover-20220922/UBNA_001/20220921_090000.WAV,Telephone Field,recover-20220922,001,1795
385.2115,385.2528,68437,82475,Rhinolophus ferrumequinum,0.022,0.022,-1,Echolocation,/mnt/ubna_data_02_mir/recover-20220922/UBNA_001/20220921_090000.WAV,Telephone Field,recover-20220922,001,1795
385.2205,385.261,68437,82602,Rhinolophus ferrumequinum,0.023,0.023,-1,Echolocation,/mnt/ubna_data_02_mir/recover-20220922/UBNA_001/20220921_090000.WAV,Telephone Field,recover-20220922,001,1795
385.2855,385.3279,68437,83124,Rhinolophus ferrumequinum,0.041,0.041,-1,Echolocation,/mnt/ubna_data_02_mir/recover-20220922/UBNA_001/20220921_090000.WAV,Telephone Field,recover-20220922,001,1795
385.2965,385.3039,27187,41760,Eptesicus serotinus,0.007,0.024,-1,Echolocation,/mnt/ubna_data_02_mir/recover-20220922/UBNA_001/20220921_090000.WAV,Telephone Field,recover-20220922,001,1795
385.3075,385.3179,28046,35148,Eptesicus serotinus,0.016,0.03,-1,Echolocation,/mnt/ubna_data_02_mir/recover-20220922/UBNA_001/20220921_090000.WAV,Telephone Field,recover-20220922,001,1795
385.35450000000003,385.3948,68437,81894,Rhinolophus ferrumequinum,0.022,0.022,-1,Echolocation,/mnt/ubna_data_02_mir/recover-20220922/UBNA_001/20220921_090000.WAV,Telephone Field,recover-20220922,001,1795
385.3615,385.3725,23750,29209,Nyctalus leisleri,0.012,0.025,-1,Echolocation,/mnt/ubna_data_02_mir/recover-20220922/UBNA_001/20220921_090000.WAV,Telephone Field,recover-20220922,001,1795
385.3625,385.4025,68437,82381,Rhinolophus ferrumequinum,0.023,0.023,-1,Echolocation,/mnt/ubna_data_02_mir/recover-20220922/UBNA_001/20220921_090000.WAV,Telephone Field,recover-20220922,001,1795
385.3975,385.4364,68437,81584,Rhinolophus ferrumequinum,0.022,0.022,-1,Echolocation,/mnt/ubna_data_02_mir/recover-20220922/UBNA_001/20220921_090000.WAV,Telephone Field,recover-20220922,001,1795
385.4165,385.4298,22031,26286,Nyctalus leisleri,0.013,0.024,-1,Echolocation,/mnt/ubna_data_02_mir/recover-20220922/UBNA_001/20220921_090000.WAV,Telephone Field,recover-20220922,001,1795
385.4215,385.461,68437,82307,Rhinolophus ferrumequinum,0.023,0.023,-1,Echolocation,/mnt/ubna_data_02_mir/recover-20220922/UBNA_001/20220921_090000.WAV,Telephone Field,recover-20220922,001,1795
385.4605,385.4958,68437,81173,Rhinolophus ferrumequinum,0.026,0.026,-1,Echolocation,/mnt/ubna_data_02_mir/recover-20220922/UBNA_001/20220921_090000.WAV,Telephone Field,recover-20220922,001,1795
385.4825,385.4893,28046,47885,Eptesicus serotinus,0.007,0.026,-1,Echolocation,/mnt/ubna_data_02_mir/recover-20220922/UBNA_001/20220921_090000.WAV,Telephone Field,recover-20220922,001,1795
385.4885,385.5001,50390,54647,Pipistrellus pipistrellus,0.022,0.028,-1,Echolocation,/mnt/ubna_data_02_mir/recover-20220922/UBNA_001/20220921_090000.WAV,Telephone Field,recover-20220922,001,1795
385.5105,385.5452,68437,80163,Rhinolophus ferrumequinum,0.025,0.025,-1,Echolocation,/mnt/ubna_data_02_mir/recover-20220922/UBNA_001/20220921_090000.WAV,Telephone Field,recover-20220922,001,1795
385.5185,385.5289,26328,34205,Eptesicus serotinus,0.012,0.027,-1,Echolocation,/mnt/ubna_data_02_mir/recover-20220922/UBNA_001/20220921_090000.WAV,Telephone Field,recover-20220922,001,1795
385.5255,385.5642,68437,82125,Rhinolophus ferrumequinum,0.021,0.021,-1,Echolocation,/mnt/ubna_data_02_mir/recover-20220922/UBNA_001/20220921_090000.WAV,Telephone Field,recover-20220922,001,1795
385.5545,385.5948,68437,82505,Rhinolophus ferrumequinum,0.021,0.021,-1,Echolocation,/mnt/ubna_data_02_mir/recover-20220922/UBNA_001/20220921_090000.WAV,Telephone Field,recover-20220922,001,1795
385.5625,385.5701,28046,39150,Eptesicus serotinus,0.007,0.023,-1,Echolocation,/mnt/ubna_data_02_mir/recover-20220922/UBNA_001/20220921_090000.WAV,Telephone Field,recover-20220922,001,1795
385.5635,385.6054,68437,83175,Rhinolophus ferrumequinum,0.024,0.024,-1,Echolocation,/mnt/ubna_data_02_mir/recover-20220922/UBNA_001/20220921_090000.WAV,Telephone Field,recover-20220922,001,1795
385.5975,385.6392,68437,82769,Rhinolophus ferrumequinum,0.022,0.022,-1,Echolocation,/mnt/ubna_data_02_mir/recover-20220922/UBNA_001/20220921_090000.WAV,Telephone Field,recover-20220922,001,1795
385.6165,385.6553,68437,82618,Rhinolophus ferrumequinum,0.026,0.026,-1,Echolocation,/mnt/ubna_data_02_mir/recover-20220922/UBNA_001/20220921_090000.WAV,Telephone Field,recover-20220922,001,1795
385.6445,385.6811,68437,81709,Rhinolophus ferrumequinum,0.022,0.022,-1,Echolocation,/mnt/ubna_data_02_mir/recover-20220922/UBNA_001/20220921_090000.WAV,Telephone Field,recover-20220922,001,1795
385.6535,385.6932,68437,82152,Rhinolophus ferrumequinum,0.021,0.022,-1,Echolocation,/mnt/ubna_data_02_mir/recover-20220922/UBNA_001/20220921_090000.WAV,Telephone Field,recover-20220922,001,1795
385.6635,385.702,68437,82312,Rhinolophus ferrumequinum,0.022,0.022,-1,Echolocation,/mnt/ubna_data_02_mir/recover-20220922/UBNA_001/20220921_090000.WAV,Telephone Field,recover-20220922,001,1795
385.6785,385.7163,68437,82201,Rhinolophus ferrumequinum,0.021,0.021,-1,Echolocation,/mnt/ubna_data_02_mir/recover-20220922/UBNA_001/20220921_090000.WAV,Telephone Field,recover-20220922,001,1795
385.6975,385.7083,22890,28094,Nyctalus leisleri,0.01,0.021,-1,Echolocation,/mnt/ubna_data_02_mir/recover-20220922/UBNA_001/20220921_090000.WAV,Telephone Field,recover-20220922,001,1795
385.7045,385.7148,23750,29028,Nyctalus leisleri,0.009,0.021,-1,Echolocation,/mnt/ubna_data_02_mir/recover-20220922/UBNA_001/20220921_090000.WAV,Telephone Field,recover-20220922,001,1795
385.7395,385.7763,68437,82140,Rhinolophus ferrumequinum,0.022,0.022,-1,Echolocation,/mnt/ubna_data_02_mir/recover-20220922/UBNA_001/20220921_090000.WAV,Telephone Field,recover-20220922,001,1795
385.7495,385.7892,68437,82779,Rhinolophus ferrumequinum,0.024,0.024,-1,Echolocation,/mnt/ubna_data_02_mir/recover-20220922/UBNA_001/20220921_090000.WAV,Telephone Field,recover-20220922,001,1795
385.8315,385.8687,68437,81952,Rhinolophus ferrumequinum,0.022,0.022,-1,Echolocation,/mnt/ubna_data_02_mir/recover-20220922/UBNA_001/20220921_090000.WAV,Telephone Field,recover-20220922,001,1795
385.8375,385.8458,28046,41617,Eptesicus serotinus,0.008,0.022,-1,Echolocation,/mnt/ubna_data_02_mir/recover-20220922/UBNA_001/20220921_090000.WAV,Telephone Field,recover-20220922,001,1795
385.8515,385.8673,21171,24383,Nyctalus leisleri,0.015,0.024,-1,Echolocation,/mnt/ubna_data_02_mir/recover-20220922/UBNA_001/20220921_090000.WAV,Telephone Field,recover-20220922,001,1795
385.8845,385.9283,68437,82961,Rhinolophus ferrumequinum,0.058,0.058,-1,Echolocation,/mnt/ubna_data_02_mir/recover-20220922/UBNA_001/20220921_090000.WAV,Telephone Field,recover-20220922,001,1795
385.8935,385.9023,28046,38182,Eptesicus serotinus,0.008,0.021,-1,Echolocation,/mnt/ubna_data_02_mir/recover-20220922/UBNA_001/20220921_090000.WAV,Telephone Field,recover-20220922,001,1795
385.9125,385.9521,68437,82786,Rhinolophus ferrumequinum,0.024,0.024,-1,Echolocation,/mnt/ubna_data_02_mir/recover-20220922/UBNA_001/20220921_090000.WAV,Telephone Field,recover-20220922,001,1795
385.9505,385.9912,68437,82731,Rhinolophus ferrumequinum,0.022,0.023,-1,Echolocation,/mnt/ubna_data_02_mir/recover-20220922/UBNA_001/20220921_090000.WAV,Telephone Field,recover-20220922,001,1795
385.9545,385.964,24609,32212,Eptesicus serotinus,0.009,0.025,-1,Echolocation,/mnt/ubna_data_02_mir/recover-20220922/UBNA_001/20220921_090000.WAV,Telephone Field,recover-20220922,001,1795
385.9585,385.9683,28906,35746,Eptesicus serotinus,0.01,0.024,-1,Echolocation,/mnt/ubna_data_02_mir/recover-20220922/UBNA_001/20220921_090000.WAV,Telephone Field,recover-20220922,001,1795
386.0015,386.0111,26328,34239,Nyctalus leisleri,0.007,0.026,-1,Echolocation,/mnt/ubna_data_02_mir/recover-20220922/UBNA_001/20220921_090000.WAV,Telephone Field,recover-20220922,001,1795
386.0015,386.0324,68437,80766,Rhinolophus ferrumequinum,0.022,0.022,-1,Echolocation,/mnt/ubna_data_02_mir/recover-20220922/UBNA_001/20220921_090000.WAV,Telephone Field,recover-20220922,001,1795
386.0115,386.0534,68437,82408,Rhinolophus ferrumequinum,0.022,0.022,-1,Echolocation,/mnt/ubna_data_02_mir/recover-20220922/UBNA_001/20220921_090000.WAV,Telephone Field,recover-20220922,001,1795
386.0215,386.0308,22890,30449,Plecotus austriacus,0.019,0.052,-1,Echolocation,/mnt/ubna_data_02_mir/recover-20220922/UBNA_001/20220921_090000.WAV,Telephone Field,recover-20220922,001,1795
386.0555,386.0965,68437,81722,Rhinolophus ferrumequinum,0.024,0.024,-1,Echolocation,/mnt/ubna_data_02_mir/recover-20220922/UBNA_001/20220921_090000.WAV,Telephone Field,recover-20220922,001,1795
386.0635,386.0707,27187,36358,Eptesicus serotinus,0.007,0.022,-1,Echolocation,/mnt/ubna_data_02_mir/recover-20220922/UBNA_001/20220921_090000.WAV,Telephone Field,recover-20220922,001,1795
386.1315,386.1394,28906,36463,Eptesicus serotinus,0.019,0.044,-1,Echolocation,/mnt/ubna_data_02_mir/recover-20220922/UBNA_001/20220921_090000.WAV,Telephone Field,recover-20220922,001,1795
386.1475,386.1871,68437,82433,Rhinolophus ferrumequinum,0.024,0.024,-1,Echolocation,/mnt/ubna_data_02_mir/recover-20220922/UBNA_001/20220921_090000.WAV,Telephone Field,recover-20220922,001,1795
386.1605,386.2013,68437,82835,Rhinolophus ferrumequinum,0.022,0.022,-1,Echolocation,/mnt/ubna_data_02_mir/recover-20220922/UBNA_001/20220921_090000.WAV,Telephone Field,recover-20220922,001,1795
386.1805,386.2188,68437,81772,Rhinolophus ferrumequinum,0.029,0.029,-1,Echolocation,/mnt/ubna_data_02_mir/recover-20220922/UBNA_001/20220921_090000.WAV,Telephone Field,recover-20220922,001,1795
386.1875,386.2301,68437,82976,Rhinolophus ferrumequinum,0.029,0.029,-1,Echolocation,/mnt/ubna_data_02_mir/recover-20220922/UBNA_001/20220921_090000.WAV,Telephone Field,recover-20220922,001,1795
386.22950000000003,386.2679,68437,81888,Rhinolophus ferrumequinum,0.022,0.022,-1,Echolocation,/mnt/ubna_data_02_mir/recover-20220922/UBNA_001/20220921_090000.WAV,Telephone Field,recover-20220922,001,1795
386.2435,386.27909999999997,68437,81501,Rhinolophus ferrumequinum,0.023,0.023,-1,Echolocation,/mnt/ubna_data_02_mir/recover-20220922/UBNA_001/20220921_090000.WAV,Telephone Field,recover-20220922,001,1795
386.2675,386.3056,68437,81932,Rhinolophus ferrumequinum,0.029,0.029,-1,Echolocation,/mnt/ubna_data_02_mir/recover-20220922/UBNA_001/20220921_090000.WAV,Telephone Field,recover-20220922,001,1795
386.3015,386.30989999999997,26328,34720,Eptesicus serotinus,0.008,0.023,-1,Echolocation,/mnt/ubna_data_02_mir/recover-20220922/UBNA_001/20220921_090000.WAV,Telephone Field,recover-20220922,001,1795
386.3175,386.3273,56406,61721,Pipistrellus pygmaeus,0.02,0.022,-1,Echolocation,/mnt/ubna_data_02_mir/recover-20220922/UBNA_001/20220921_090000.WAV,Telephone Field,recover-20220922,001,1795
386.3575,386.3971,68437,82055,Rhinolophus ferrumequinum,0.023,0.023,-1,Echolocation,/mnt/ubna_data_02_mir/recover-20220922/UBNA_001/20220921_090000.WAV,Telephone Field,recover-20220922,001,1795
386.3805,386.3911,27187,33937,Eptesicus serotinus,0.01,0.024,-1,Echolocation,/mnt/ubna_data_02_mir/recover-20220922/UBNA_001/20220921_090000.WAV,Telephone Field,recover-20220922,001,1795
386.3845,386.4238,68437,82640,Rhinolophus ferrumequinum,0.027,0.027,-1,Echolocation,/mnt/ubna_data_02_mir/recover-20220922/UBNA_001/20220921_090000.WAV,Telephone Field,recover-20220922,001,1795
386.3985,386.4094,28906,36226,Eptesicus serotinus,0.01,0.023,-1,Echolocation,/mnt/ubna_data_02_mir/recover-20220922/UBNA_001/20220921_090000.WAV,Telephone Field,recover-20220922,001,1795
386.4065,386.416,28046,36248,Eptesicus serotinus,0.009,0.022,-1,Echolocation,/mnt/ubna_data_02_mir/recover-20220922/UBNA_001/20220921_090000.WAV,Telephone Field,recover-20220922,001,1795
386.4535,386.4915,68437,82064,Rhinolophus ferrumequinum,0.022,0.022,-1,Echolocation,/mnt/ubna_data_02_mir/recover-20220922/UBNA_001/20220921_090000.WAV,Telephone Field,recover-20220922,001,1795
386.4595,386.4685,23750,31228,Nyctalus leisleri,0.008,0.025,-1,Echolocation,/mnt/ubna_data_02_mir/recover-20220922/UBNA_001/20220921_090000.WAV,Telephone Field,recover-20220922,001,1795
386.4755,386.5127,68437,81796,Rhinolophus ferrumequinum,0.022,0.022,-1,Echolocation,/mnt/ubna_data_02_mir/recover-20220922/UBNA_001/20220921_090000.WAV,Telephone Field,recover-20220922,001,1795
386.4825,386.5194,68437,81738,Rhinolophus ferrumequinum,0.023,0.023,-1,Echolocation,/mnt/ubna_data_02_mir/recover-20220922/UBNA_001/20220921_090000.WAV,Telephone Field,recover-20220922,001,1795
386.4905,386.5002,24609,32221,Nyctalus leisleri,0.009,0.027,-1,Echolocation,/mnt/ubna_data_02_mir/recover-20220922/UBNA_001/20220921_090000.WAV,Telephone Field,recover-20220922,001,1795
386.4925,386.5318,68437,82076,Rhinolophus ferrumequinum,0.022,0.022,-1,Echolocation,/mnt/ubna_data_02_mir/recover-20220922/UBNA_001/20220921_090000.WAV,Telephone Field,recover-20220922,001,1795
386.5375,386.5483,25468,31655,Eptesicus serotinus,0.021,0.058,-1,Echolocation,/mnt/ubna_data_02_mir/recover-20220922/UBNA_001/20220921_090000.WAV,Telephone Field,recover-20220922,001,1795
386.5385,386.5769,68437,82541,Rhinolophus ferrumequinum,0.027,0.027,-1,Echolocation,/mnt/ubna_data_02_mir/recover-20220922/UBNA_001/20220921_090000.WAV,Telephone Field,recover-20220922,001,1795
386.5905,386.6046,41796,44629,Pipistrellus pipistrellus,0.021,0.027,-1,Echolocation,/mnt/ubna_data_02_mir/recover-20220922/UBNA_001/20220921_090000.WAV,Telephone Field,recover-20220922,001,1795
386.6155,386.6538,68437,81734,Rhinolophus ferrumequinum,0.028,0.028,-1,Echolocation,/mnt/ubna_data_02_mir/recover-20220922/UBNA_001/20220921_090000.WAV,Telephone Field,recover-20220922,001,1795
386.6225,386.6603,68437,81983,Rhinolophus ferrumequinum,0.027,0.027,-1,Echolocation,/mnt/ubna_data_02_mir/recover-20220922/UBNA_001/20220921_090000.WAV,Telephone Field,recover-20220922,001,1795
386.6235,386.6372,25468,31428,Nyctalus leisleri,0.018,0.043,-1,Echolocation,/mnt/ubna_data_02_mir/recover-20220922/UBNA_001/20220921_090000.WAV,Telephone Field,recover-20220922,001,1795
386.6435,386.684,68437,82203,Rhinolophus ferrumequinum,0.025,0.025,-1,Echolocation,/mnt/ubna_data_02_mir/recover-20220922/UBNA_001/20220921_090000.WAV,Telephone Field,recover-20220922,001,1795
386.6665,386.7049,68437,81779,Rhinolophus ferrumequinum,0.024,0.024,-1,Echolocation,/mnt/ubna_data_02_mir/recover-20220922/UBNA_001/20220921_090000.WAV,Telephone Field,recover-20220922,001,1795
386.6675,386.676,25468,34811,Eptesicus serotinus,0.012,0.035,-1,Echolocation,/mnt/ubna_data_02_mir/recover-20220922/UBNA_001/20220921_090000.WAV,Telephone Field,recover-20220922,001,1795
386.6785,386.6853,34921,42585,Myotis daubentonii,0.01,0.028,-1,Echolocation,/mnt/ubna_data_02_mir/recover-20220922/UBNA_001/20220921_090000.WAV,Telephone Field,recover-20220922,001,1795
386.6955,386.7041,28046,36577,Eptesicus serotinus,0.009,0.023,-1,Echolocation,/mnt/ubna_data_02_mir/recover-20220922/UBNA_001/20220921_090000.WAV,Telephone Field,recover-20220922,001,1795
386.7075,386.72180000000003,20312,24653,Nyctalus leisleri,0.011,0.025,-1,Echolocation,/mnt/ubna_data_02_mir/recover-20220922/UBNA_001/20220921_090000.WAV,Telephone Field,recover-20220922,001,1795
386.7195,386.7564,68437,81183,Rhinolophus ferrumequinum,0.024,0.024,-1,Echolocation,/mnt/ubna_data_02_mir/recover-20220922/UBNA_001/20220921_090000.WAV,Telephone Field,recover-20220922,001,1795
386.7265,386.7598,68437,80162,Rhinolophus ferrumequinum,0.024,0.024,-1,Echolocation,/mnt/ubna_data_02_mir/recover-20220922/UBNA_001/20220921_090000.WAV,Telephone Field,recover-20220922,001,1795
386.7345,386.7423,46093,51310,Pipistrellus pipistrellus,0.024,0.025,-1,Echolocation,/mnt/ubna_data_02_mir/recover-20220922/UBNA_001/20220921_090000.WAV,Telephone Field,recover-20220922,001,1795
386.77049999999997,386.7771,24609,37111,Plecotus austriacus,0.009,0.026,-1,Echolocation,/mnt/ubna_data_02_mir/recover-20220922/UBNA_001/20220921_090000.WAV,Telephone Field,recover-20220922,001,1795
386.7895,386.8314,68437,82588,Rhinolophus ferrumequinum,0.025,0.025,-1,Echolocation,/mnt/ubna_data_02_mir/recover-20220922/UBNA_001/20220921_090000.WAV,Telephone Field,recover-20220922,001,1795
386.8145,386.8218,27187,38184,Eptesicus serotinus,0.006,0.022,-1,Echolocation,/mnt/ubna_data_02_mir/recover-20220922/UBNA_001/20220921_090000.WAV,Telephone Field,recover-20220922,001,1795
386.8255,386.8658,68437,82550,Rhinolophus ferrumequinum,0.022,0.022,-1,Echolocation,/mnt/ubna_data_02_mir/recover-20220922/UBNA_001/20220921_090000.WAV,Telephone Field,recover-20220922,001,1795
386.8485,386.888,68437,82168,Rhinolophus ferrumequinum,0.023,0.023,-1,Echolocation,/mnt/ubna_data_02_mir/recover-20220922/UBNA_001/20220921_090000.WAV,Telephone Field,recover-20220922,001,1795
386.8515,386.8587,28046,40010,Eptesicus serotinus,0.006,0.023,-1,Echolocation,/mnt/ubna_data_02_mir/recover-20220922/UBNA_001/20220921_090000.WAV,Telephone Field,recover-20220922,001,1795
386.8525,386.8603,23750,32353,Plecotus austriacus,0.009,0.023,-1,Echolocation,/mnt/ubna_data_02_mir/recover-20220922/UBNA_001/20220921_090000.WAV,Telephone Field,recover-20220922,001,1795
386.8635,386.9018,68437,81946,Rhinolophus ferrumequinum,0.032,0.032,-1,Echolocation,/mnt/ubna_data_02_mir/recover-20220922/UBNA_001/20220921_090000.WAV,Telephone Field,recover-20220922,001,1795
386.8735,386.8843,53828,57890,Pipistrellus pygmaeus,0.03,0.033,-1,Echolocation,/mnt/ubna_data_02_mir/recover-20220922/UBNA_001/20220921_090000.WAV,Telephone Field,recover-20220922,001,1795
386.8925,386.9317,68437,82436,Rhinolophus ferrumequinum,0.023,0.023,-1,Echolocation,/mnt/ubna_data_02_mir/recover-20220922/UBNA_001/20220921_090000.WAV,Telephone Field,recover-20220922,001,1795
386.9055,386.9443,68437,81637,Rhinolophus ferrumequinum,0.024,0.024,-1,Echolocation,/mnt/ubna_data_02_mir/recover-20220922/UBNA_001/20220921_090000.WAV,Telephone Field,recover-20220922,001,1795
386.9315,386.9409,28046,37010,Eptesicus serotinus,0.01,0.024,-1,Echolocation,/mnt/ubna_data_02_mir/recover-20220922/UBNA_001/20220921_090000.WAV,Telephone Field,recover-20220922,001,1795
386.9455,386.9561,27187,33867,Eptesicus serotinus,0.01,0.022,-1,Echolocation,/mnt/ubna_data_02_mir/recover-20220922/UBNA_001/20220921_090000.WAV,Telephone Field,recover-20220922,001,1795
386.9595,386.9694,24609,31438,Nyctalus leisleri,0.008,0.024,-1,Echolocation,/mnt/ubna_data_02_mir/recover-20220922/UBNA_001/20220921_090000.WAV,Telephone Field,recover-20220922,001,1795
386.9685,387.0101,68437,82655,Rhinolophus ferrumequinum,0.031,0.031,-1,Echolocation,/mnt/ubna_data_02_mir/recover-20220922/UBNA_001/20220921_090000.WAV,Telephone Field,recover-20220922,001,1795
386.9755,387.0146,68437,82390,Rhinolophus ferrumequinum,0.03,0.031,-1,Echolocation,/mnt/ubna_data_02_mir/recover-20220922/UBNA_001/20220921_090000.WAV,Telephone Field,recover-20220922,001,1795
386.9985,387.0394,68437,82624,Rhinolophus ferrumequinum,0.023,0.023,-1,Echolocation,/mnt/ubna_data_02_mir/recover-20220922/UBNA_001/20220921_090000.WAV,Telephone Field,recover-20220922,001,1795
387.0285,387.0677,68437,82561,Rhinolophus ferrumequinum,0.035,0.035,-1,Echolocation,/mnt/ubna_data_02_mir/recover-20220922/UBNA_001/20220921_090000.WAV,Telephone Field,recover-20220922,001,1795
387.0645,387.079,15156,20775,Nyctalus noctula,0.016,0.024,-1,Echolocation,/mnt/ubna_data_02_mir/recover-20220922/UBNA_001/20220921_090000.WAV,Telephone Field,recover-20220922,001,1795
387.0745,387.1096,67578,79311,Rhinolophus ferrumequinum,0.024,0.024,-1,Echolocation,/mnt/ubna_data_02_mir/recover-20220922/UBNA_001/20220921_090000.WAV,Telephone Field,recover-20220922,001,1795
387.0795,387.0872,28046,40140,Eptesicus serotinus,0.007,0.022,-1,Echolocation,/mnt/ubna_data_02_mir/recover-20220922/UBNA_001/20220921_090000.WAV,Telephone Field,recover-20220922,001,1795
387.1035,387.1431,68437,82591,Rhinolophus ferrumequinum,0.031,0.031,-1,Echolocation,/mnt/ubna_data_02_mir/recover-20220922/UBNA_001/20220921_090000.WAV,Telephone Field,recover-20220922,001,1795
387.1215,387.1287,28906,39852,Eptesicus serotinus,0.012,0.038,-1,Echolocation,/mnt/ubna_data_02_mir/recover-20220922/UBNA_001/20220921_090000.WAV,Telephone Field,recover-20220922,001,1795
387.1305,387.1713,68437,82689,Rhinolophus ferrumequinum,0.023,0.023,-1,Echolocation,/mnt/ubna_data_02_mir/recover-20220922/UBNA_001/20220921_090000.WAV,Telephone Field,recover-20220922,001,1795
387.1555,387.1627,28906,38924,Eptesicus serotinus,0.007,0.024,-1,Echolocation,/mnt/ubna_data_02_mir/recover-20220922/UBNA_001/20220921_090000.WAV,Telephone Field,recover-20220922,001,1795
387.1575,387.1965,68437,82342,Rhinolophus ferrumequinum,0.022,0.022,-1,Echolocation,/mnt/ubna_data_02_mir/recover-20220922/UBNA_001/20220921_090000.WAV,Telephone Field,recover-20220922,001,1795
387.1725,387.2113,68437,82293,Rhinolophus ferrumequinum,0.023,0.023,-1,Echolocation,/mnt/ubna_data_02_mir/recover-20220922/UBNA_001/20220921_090000.WAV,Telephone Field,recover-20220922,001,1795
387.1795,387.2158,68437,81724,Rhinolophus ferrumequinum,0.023,0.023,-1,Echolocation,/mnt/ubna_data_02_mir/recover-20220922/UBNA_001/20220921_090000.WAV,Telephone Field,recover-20220922,001,1795
387.2165,387.2548,68437,80940,Rhinolophus ferrumequinum,0.022,0.023,-1,Echolocation,/mnt/ubna_data_02_mir/recover-20220922/UBNA_001/20220921_090000.WAV,Telephone Field,recover-20220922,001,1795
387.2485,387.2883,68437,82813,Rhinolophus ferrumequinum,0.028,0.028,-1,Echolocation,/mnt/ubna_data_02_mir/recover-20220922/UBNA_001/20220921_090000.WAV,Telephone Field,recover-20220922,001,1795
387.3025,387.3458,68437,82763,Rhinolophus ferrumequinum,0.028,0.028,-1,Echolocation,/mnt/ubna_data_02_mir/recover-20220922/UBNA_001/20220921_090000.WAV,Telephone Field,recover-20220922,001,1795
387.3315,387.3674,68437,81875,Rhinolophus ferrumequinum,0.022,0.022,-1,Echolocation,/mnt/ubna_data_02_mir/recover-20220922/UBNA_001/20220921_090000.WAV,Telephone Field,recover-20220922,001,1795
387.3535,387.3642,22890,28540,Nyctalus leisleri,0.009,0.022,-1,Echolocation,/mnt/ubna_data_02_mir/recover-20220922/UBNA_001/20220921_090000.WAV,Telephone Field,recover-20220922,001,1795
387.3715,387.4102,68437,82138,Rhinolophus ferrumequinum,0.023,0.023,-1,Echolocation,/mnt/ubna_data_02_mir/recover-20220922/UBNA_001/20220921_090000.WAV,Telephone Field,recover-20220922,001,1795
387.3905,387.4332,68437,82731,Rhinolophus ferrumequinum,0.026,0.026,-1,Echolocation,/mnt/ubna_data_02_mir/recover-20220922/UBNA_001/20220921_090000.WAV,Telephone Field,recover-20220922,001,1795
387.4115,387.4196,28906,37410,Eptesicus serotinus,0.01,0.026,-1,Echolocation,/mnt/ubna_data_02_mir/recover-20220922/UBNA_001/20220921_090000.WAV,Telephone Field,recover-20220922,001,1795
387.4395,387.4511,22031,26235,Nyctalus leisleri,0.013,0.023,-1,Echolocation,/mnt/ubna_data_02_mir/recover-20220922/UBNA_001/20220921_090000.WAV,Telephone Field,recover-20220922,001,1795
387.4885,387.52819999999997,68437,82662,Rhinolophus ferrumequinum,0.028,0.028,-1,Echolocation,/mnt/ubna_data_02_mir/recover-20220922/UBNA_001/20220921_090000.WAV,Telephone Field,recover-20220922,001,1795
387.5165,387.5569,68437,82613,Rhinolophus ferrumequinum,0.028,0.028,-1,Echolocation,/mnt/ubna_data_02_mir/recover-20220922/UBNA_001/20220921_090000.WAV,Telephone Field,recover-20220922,001,1795
387.5765,387.6183,68437,82763,Rhinolophus ferrumequinum,0.029,0.029,-1,Echolocation,/mnt/ubna_data_02_mir/recover-20220922/UBNA_001/20220921_090000.WAV,Telephone Field,recover-20220922,001,1795
387.5855,387.6287,68437,82941,Rhinolophus ferrumequinum,0.032,0.032,-1,Echolocation,/mnt/ubna_data_02_mir/recover-20220922/UBNA_001/20220921_090000.WAV,Telephone Field,recover-20220922,001,1795
387.6145,387.6509,68437,81315,Rhinolophus ferrumequinum,0.027,0.027,-1,Echolocation,/mnt/ubna_data_02_mir/recover-20220922/UBNA_001/20220921_090000.WAV,Telephone Field,recover-20220922,001,1795
387.6445,387.6525,28906,39090,Eptesicus serotinus,0.008,0.026,-1,Echolocation,/mnt/ubna_data_02_mir/recover-20220922/UBNA_001/20220921_090000.WAV,Telephone Field,recover-20220922,001,1795
387.6495,387.6868,68437,81591,Rhinolophus ferrumequinum,0.023,0.023,-1,Echolocation,/mnt/ubna_data_02_mir/recover-20220922/UBNA_001/20220921_090000.WAV,Telephone Field,recover-20220922,001,1795
387.7015,387.7411,68437,82536,Rhinolophus ferrumequinum,0.025,0.025,-1,Echolocation,/mnt/ubna_data_02_mir/recover-20220922/UBNA_001/20220921_090000.WAV,Telephone Field,recover-20220922,001,1795
387.7235,387.7631,68437,82497,Rhinolophus ferrumequinum,0.022,0.022,-1,Echolocation,/mnt/ubna_data_02_mir/recover-20220922/UBNA_001/20220921_090000.WAV,Telephone Field,recover-20220922,001,1795
387.7735,387.8069,68437,81261,Rhinolophus ferrumequinum,0.024,0.024,-1,Echolocation,/mnt/ubna_data_02_mir/recover-20220922/UBNA_001/20220921_090000.WAV,Telephone Field,recover-20220922,001,1795
387.7855,387.8258,68437,83224,Rhinolophus ferrumequinum,0.04,0.04,-1,Echolocation,/mnt/ubna_data_02_mir/recover-20220922/UBNA_001/20220921_090000.WAV,Telephone Field,recover-20220922,001,1795
387.8535,387.8643,23750,28872,Nyctalus leisleri,0.01,0.022,-1,Echolocation,/mnt/ubna_data_02_mir/recover-20220922/UBNA_001/20220921_090000.WAV,Telephone Field,recover-20220922,001,1795
387.8665,387.8758,22890,29407,Nyctalus leisleri,0.01,0.027,-1,Echolocation,/mnt/ubna_data_02_mir/recover-20220922/UBNA_001/20220921_090000.WAV,Telephone Field,recover-20220922,001,1795
387.8825,387.9198,68437,82030,Rhinolophus ferrumequinum,0.022,0.022,-1,Echolocation,/mnt/ubna_data_02_mir/recover-20220922/UBNA_001/20220921_090000.WAV,Telephone Field,recover-20220922,001,1795
387.9055,387.9139,27187,37110,Eptesicus serotinus,0.01,0.027,-1,Echolocation,/mnt/ubna_data_02_mir/recover-20220922/UBNA_001/20220921_090000.WAV,Telephone Field,recover-20220922,001,1795
387.9155,387.9581,68437,83079,Rhinolophus ferrumequinum,0.026,0.026,-1,Echolocation,/mnt/ubna_data_02_mir/recover-20220922/UBNA_001/20220921_090000.WAV,Telephone Field,recover-20220922,001,1795
387.9245,387.9313,28906,37943,Eptesicus serotinus,0.007,0.027,-1,Echolocation,/mnt/ubna_data_02_mir/recover-20220922/UBNA_001/20220921_090000.WAV,Telephone Field,recover-20220922,001,1795
387.9385,387.9778,68437,82196,Rhinolophus ferrumequinum,0.023,0.023,-1,Echolocation,/mnt/ubna_data_02_mir/recover-20220922/UBNA_001/20220921_090000.WAV,Telephone Field,recover-20220922,001,1795
387.9465,387.9864,68437,82086,Rhinolophus ferrumequinum,0.023,0.023,-1,Echolocation,/mnt/ubna_data_02_mir/recover-20220922/UBNA_001/20220921_090000.WAV,Telephone Field,recover-20220922,001,1795
387.9825,387.9907,49531,57194,Pipistrellus pipistrellus,0.021,0.024,-1,Echolocation,/mnt/ubna_data_02_mir/recover-20220922/UBNA_001/20220921_090000.WAV,Telephone Field,recover-20220922,001,1795
388.0015,388.0105,27187,36328,Nyctalus leisleri,0.007,0.026,-1,Echolocation,/mnt/ubna_data_02_mir/recover-20220922/UBNA_001/20220921_090000.WAV,Telephone Field,recover-20220922,001,1795
388.0015,388.03340000000003,68437,79805,Rhinolophus ferrumequinum,0.026,0.026,-1,Echolocation,/mnt/ubna_data_02_mir/recover-20220922/UBNA_001/20220921_090000.WAV,Telephone Field,recover-20220922,001,1795
388.0075,388.0471,68437,81750,Rhinolophus ferrumequinum,0.021,0.021,-1,Echolocation,/mnt/ubna_data_02_mir/recover-20220922/UBNA_001/20220921_090000.WAV,Telephone Field,recover-20220922,001,1795
388.0605,388.1032,68437,83163,Rhinolophus ferrumequinum,0.031,0.031,-1,Echolocation,/mnt/ubna_data_02_mir/recover-20220922/UBNA_001/20220921_090000.WAV,Telephone Field,recover-20220922,001,1795
388.0795,388.1193,68437,83081,Rhinolophus ferrumequinum,0.027,0.027,-1,Echolocation,/mnt/ubna_data_02_mir/recover-20220922/UBNA_001/20220921_090000.WAV,Telephone Field,recover-20220922,001,1795
388.1105,388.1203,28046,38772,Eptesicus serotinus,0.01,0.023,-1,Echolocation,/mnt/ubna_data_02_mir/recover-20220922/UBNA_001/20220921_090000.WAV,Telephone Field,recover-20220922,001,1795
388.1285,388.1704,68437,82911,Rhinolophus ferrumequinum,0.038,0.038,-1,Echolocation,/mnt/ubna_data_02_mir/recover-20220922/UBNA_001/20220921_090000.WAV,Telephone Field,recover-20220922,001,1795
388.1655,388.2037,68437,82350,Rhinolophus ferrumequinum,0.027,0.027,-1,Echolocation,/mnt/ubna_data_02_mir/recover-20220922/UBNA_001/20220921_090000.WAV,Telephone Field,recover-20220922,001,1795
388.2135,388.2208,23750,32427,Plecotus austriacus,0.009,0.021,-1,Echolocation,/mnt/ubna_data_02_mir/recover-20220922/UBNA_001/20220921_090000.WAV,Telephone Field,recover-20220922,001,1795
388.2235,388.2635,68437,82617,Rhinolophus ferrumequinum,0.021,0.021,-1,Echolocation,/mnt/ubna_data_02_mir/recover-20220922/UBNA_001/20220921_090000.WAV,Telephone Field,recover-20220922,001,1795
388.2535,388.2961,68437,83213,Rhinolophus ferrumequinum,0.05,0.05,-1,Echolocation,/mnt/ubna_data_02_mir/recover-20220922/UBNA_001/20220921_090000.WAV,Telephone Field,recover-20220922,001,1795
388.2685,388.2795,23750,30172,Nyctalus leisleri,0.01,0.026,-1,Echolocation,/mnt/ubna_data_02_mir/recover-20220922/UBNA_001/20220921_090000.WAV,Telephone Field,recover-20220922,001,1795
388.2695,388.3068,68437,82348,Rhinolophus ferrumequinum,0.023,0.023,-1,Echolocation,/mnt/ubna_data_02_mir/recover-20220922/UBNA_001/20220921_090000.WAV,Telephone Field,recover-20220922,001,1795
388.2955,388.3372,68437,82963,Rhinolophus ferrumequinum,0.038,0.038,-1,Echolocation,/mnt/ubna_data_02_mir/recover-20220922/UBNA_001/20220921_090000.WAV,Telephone Field,recover-20220922,001,1795
388.3005,388.3077,23750,33364,Plecotus austriacus,0.016,0.033,-1,Echolocation,/mnt/ubna_data_02_mir/recover-20220922/UBNA_001/20220921_090000.WAV,Telephone Field,recover-20220922,001,1795
388.3095,388.3192,28906,37142,Eptesicus serotinus,0.011,0.025,-1,Echolocation,/mnt/ubna_data_02_mir/recover-20220922/UBNA_001/20220921_090000.WAV,Telephone Field,recover-20220922,001,1795
388.3595,388.4027,68437,83549,Rhinolophus ferrumequinum,0.036,0.036,-1,Echolocation,/mnt/ubna_data_02_mir/recover-20220922/UBNA_001/20220921_090000.WAV,Telephone Field,recover-20220922,001,1795
388.3705,388.3816,22890,27359,Nyctalus leisleri,0.012,0.022,-1,Echolocation,/mnt/ubna_data_02_mir/recover-20220922/UBNA_001/20220921_090000.WAV,Telephone Field,recover-20220922,001,1795
388.3935,388.434,68437,82588,Rhinolophus ferrumequinum,0.023,0.023,-1,Echolocation,/mnt/ubna_data_02_mir/recover-20220922/UBNA_001/20220921_090000.WAV,Telephone Field,recover-20220922,001,1795
388.4005,388.44259999999997,68437,82966,Rhinolophus ferrumequinum,0.027,0.027,-1,Echolocation,/mnt/ubna_data_02_mir/recover-20220922/UBNA_001/20220921_090000.WAV,Telephone Field,recover-20220922,001,1795
388.4145,388.4567,68437,82463,Rhinolophus ferrumequinum,0.027,0.027,-1,Echolocation,/mnt/ubna_data_02_mir/recover-20220922/UBNA_001/20220921_090000.WAV,Telephone Field,recover-20220922,001,1795
388.4305,388.4415,23750,28886,Nyctalus leisleri,0.015,0.028,-1,Echolocation,/mnt/ubna_data_02_mir/recover-20220922/UBNA_001/20220921_090000.WAV,Telephone Field,recover-20220922,001,1795
388.4425,388.4822,68437,82348,Rhinolophus ferrumequinum,0.025,0.025,-1,Echolocation,/mnt/ubna_data_02_mir/recover-20220922/UBNA_001/20220921_090000.WAV,Telephone Field,recover-20220922,001,1795
388.4605,388.49739999999997,68437,81750,Rhinolophus ferrumequinum,0.03,0.03,-1,Echolocation,/mnt/ubna_data_02_mir/recover-20220922/UBNA_001/20220921_090000.WAV,Telephone Field,recover-20220922,001,1795
388.4775,388.4889,23750,28539,Nyctalus leisleri,0.015,0.032,-1,Echolocation,/mnt/ubna_data_02_mir/recover-20220922/UBNA_001/20220921_090000.WAV,Telephone Field,recover-20220922,001,1795
388.4825,388.5196,68437,81776,Rhinolophus ferrumequinum,0.028,0.028,-1,Echolocation,/mnt/ubna_data_02_mir/recover-20220922/UBNA_001/20220921_090000.WAV,Telephone Field,recover-20220922,001,1795
388.4935,388.503,14296,21913,Nyctalus noctula,0.02,0.047,-1,Echolocation,/mnt/ubna_data_02_mir/recover-20220922/UBNA_001/20220921_090000.WAV,Telephone Field,recover-20220922,001,1795
388.4955,388.5315,68437,81186,Rhinolophus ferrumequinum,0.032,0.032,-1,Echolocation,/mnt/ubna_data_02_mir/recover-20220922/UBNA_001/20220921_090000.WAV,Telephone Field,recover-20220922,001,1795
388.5035,388.5402,68437,81926,Rhinolophus ferrumequinum,0.023,0.023,-1,Echolocation,/mnt/ubna_data_02_mir/recover-20220922/UBNA_001/20220921_090000.WAV,Telephone Field,recover-20220922,001,1795
388.5095,388.5491,68437,82594,Rhinolophus ferrumequinum,0.023,0.023,-1,Echolocation,/mnt/ubna_data_02_mir/recover-20220922/UBNA_001/20220921_090000.WAV,Telephone Field,recover-20220922,001,1795
388.5145,388.5549,68437,82598,Rhinolophus ferrumequinum,0.023,0.023,-1,Echolocation,/mnt/ubna_data_02_mir/recover-20220922/UBNA_001/20220921_090000.WAV,Telephone Field,recover-20220922,001,1795
388.5195,388.5278,28046,38793,Eptesicus serotinus,0.009,0.024,-1,Echolocation,/mnt/ubna_data_02_mir/recover-20220922/UBNA_001/20220921_090000.WAV,Telephone Field,recover-20220922,001,1795
388.5315,388.5698,68437,81960,Rhinolophus ferrumequinum,0.024,0.024,-1,Echolocation,/mnt/ubna_data_02_mir/recover-20220922/UBNA_001/20220921_090000.WAV,Telephone Field,recover-20220922,001,1795
388.5405,388.577,68437,82179,Rhinolophus ferrumequinum,0.022,0.022,-1,Echolocation,/mnt/ubna_data_02_mir/recover-20220922/UBNA_001/20220921_090000.WAV,Telephone Field,recover-20220922,001,1795
388.5475,388.5578,24609,31364,Nyctalus leisleri,0.009,0.026,-1,Echolocation,/mnt/ubna_data_02_mir/recover-20220922/UBNA_001/20220921_090000.WAV,Telephone Field,recover-20220922,001,1795
388.5535,388.5929,68437,81927,Rhinolophus ferrumequinum,0.024,0.024,-1,Echolocation,/mnt/ubna_data_02_mir/recover-20220922/UBNA_001/20220921_090000.WAV,Telephone Field,recover-20220922,001,1795
388.5995,388.6092,22890,28752,Nyctalus leisleri,0.009,0.022,-1,Echolocation,/mnt/ubna_data_02_mir/recover-20220922/UBNA_001/20220921_090000.WAV,Telephone Field,recover-20220922,001,1795
388.6065,388.6141,28906,38640,Eptesicus serotinus,0.008,0.024,-1,Echolocation,/mnt/ubna_data_02_mir/recover-20220922/UBNA_001/20220921_090000.WAV,Telephone Field,recover-20220922,001,1795
388.6105,388.6502,68437,82179,Rhinolophus ferrumequinum,0.021,0.021,-1,Echolocation,/mnt/ubna_data_02_mir/recover-20220922/UBNA_001/20220921_090000.WAV,Telephone Field,recover-20220922,001,1795
388.6215,388.6323,23750,28902,Nyctalus leisleri,0.011,0.025,-1,Echolocation,/mnt/ubna_data_02_mir/recover-20220922/UBNA_001/20220921_090000.WAV,Telephone Field,recover-20220922,001,1795
388.6385,388.6487,48671,52343,Pipistrellus pipistrellus,0.034,0.038,-1,Echolocation,/mnt/ubna_data_02_mir/recover-20220922/UBNA_001/20220921_090000.WAV,Telephone Field,recover-20220922,001,1795
388.6465,388.6565,22890,28559,Nyctalus leisleri,0.009,0.022,-1,Echolocation,/mnt/ubna_data_02_mir/recover-20220922/UBNA_001/20220921_090000.WAV,Telephone Field,recover-20220922,001,1795
388.6555,388.6967,68437,82446,Rhinolophus ferrumequinum,0.038,0.038,-1,Echolocation,/mnt/ubna_data_02_mir/recover-20220922/UBNA_001/20220921_090000.WAV,Telephone Field,recover-20220922,001,1795
388.6835,388.7259,68437,82976,Rhinolophus ferrumequinum,0.045,0.045,-1,Echolocation,/mnt/ubna_data_02_mir/recover-20220922/UBNA_001/20220921_090000.WAV,Telephone Field,recover-20220922,001,1795
388.7175,388.7577,68437,82536,Rhinolophus ferrumequinum,0.027,0.027,-1,Echolocation,/mnt/ubna_data_02_mir/recover-20220922/UBNA_001/20220921_090000.WAV,Telephone Field,recover-20220922,001,1795
388.7235,388.7333,24609,32434,Eptesicus serotinus,0.009,0.024,-1,Echolocation,/mnt/ubna_data_02_mir/recover-20220922/UBNA_001/20220921_090000.WAV,Telephone Field,recover-20220922,001,1795
388.7475,388.7577,44375,51146,Pipistrellus pipistrellus,0.031,0.036,-1,Echolocation,/mnt/ubna_data_02_mir/recover-20220922/UBNA_001/20220921_090000.WAV,Telephone Field,recover-20220922,001,1795
388.7525,388.7633,22890,28566,Nyctalus leisleri,0.011,0.025,-1,Echolocation,/mnt/ubna_data_02_mir/recover-20220922/UBNA_001/20220921_090000.WAV,Telephone Field,recover-20220922,001,1795
388.7525,388.7893,68437,81659,Rhinolophus ferrumequinum,0.023,0.023,-1,Echolocation,/mnt/ubna_data_02_mir/recover-20220922/UBNA_001/20220921_090000.WAV,Telephone Field,recover-20220922,001,1795
388.7765,388.8199,68437,83238,Rhinolophus ferrumequinum,0.026,0.026,-1,Echolocation,/mnt/ubna_data_02_mir/recover-20220922/UBNA_001/20220921_090000.WAV,Telephone Field,recover-20220922,001,1795
388.7815,388.823,68437,83088,Rhinolophus ferrumequinum,0.025,0.025,-1,Echolocation,/mnt/ubna_data_02_mir/recover-20220922/UBNA_001/20220921_090000.WAV,Telephone Field,recover-20220922,001,1795
388.8065,388.8144,26328,35149,Eptesicus serotinus,0.006,0.022,-1,Echolocation,/mnt/ubna_data_02_mir/recover-20220922/UBNA_001/20220921_090000.WAV,Telephone Field,recover-20220922,001,1795
388.8185,388.8559,68437,81919,Rhinolophus ferrumequinum,0.021,0.021,-1,Echolocation,/mnt/ubna_data_02_mir/recover-20220922/UBNA_001/20220921_090000.WAV,Telephone Field,recover-20220922,001,1795
388.8465,388.8847,68437,82413,Rhinolophus ferrumequinum,0.022,0.023,-1,Echolocation,/mnt/ubna_data_02_mir/recover-20220922/UBNA_001/20220921_090000.WAV,Telephone Field,recover-20220922,001,1795
388.8575,388.8979,68437,82490,Rhinolophus ferrumequinum,0.022,0.022,-1,Echolocation,/mnt/ubna_data_02_mir/recover-20220922/UBNA_001/20220921_090000.WAV,Telephone Field,recover-20220922,001,1795
388.8775,388.9147,68437,81514,Rhinolophus ferrumequinum,0.024,0.024,-1,Echolocation,/mnt/ubna_data_02_mir/recover-20220922/UBNA_001/20220921_090000.WAV,Telephone Field,recover-20220922,001,1795
388.8875,388.8958,23750,31571,Plecotus austriacus,0.007,0.023,-1,Echolocation,/mnt/ubna_data_02_mir/recover-20220922/UBNA_001/20220921_090000.WAV,Telephone Field,recover-20220922,001,1795
388.8905,388.9291,68437,82247,Rhinolophus ferrumequinum,0.022,0.022,-1,Echolocation,/mnt/ubna_data_02_mir/recover-20220922/UBNA_001/20220921_090000.WAV,Telephone Field,recover-20220922,001,1795
388.9285,388.9381,28046,36566,Eptesicus serotinus,0.009,0.022,-1,Echolocation,/mnt/ubna_data_02_mir/recover-20220922/UBNA_001/20220921_090000.WAV,Telephone Field,recover-20220922,001,1795
388.9455,388.9841,68437,82489,Rhinolophus ferrumequinum,0.022,0.022,-1,Echolocation,/mnt/ubna_data_02_mir/recover-20220922/UBNA_001/20220921_090000.WAV,Telephone Field,recover-20220922,001,1795
388.9545,388.9923,68437,82155,Rhinolophus ferrumequinum,0.024,0.024,-1,Echolocation,/mnt/ubna_data_02_mir/recover-20220922/UBNA_001/20220921_090000.WAV,Telephone Field,recover-20220922,001,1795
388.9695,389.0068,68437,81734,Rhinolophus ferrumequinum,0.026,0.026,-1,Echolocation,/mnt/ubna_data_02_mir/recover-20220922/UBNA_001/20220921_090000.WAV,Telephone Field,recover-20220922,001,1795
388.9945,389.0373,68437,83478,Rhinolophus ferrumequinum,0.032,0.032,-1,Echolocation,/mnt/ubna_data_02_mir/recover-20220922/UBNA_001/20220921_090000.WAV,Telephone Field,recover-20220922,001,1795
389.0255,389.0654,68437,82925,Rhinolophus ferrumequinum,0.027,0.028,-1,Echolocation,/mnt/ubna_data_02_mir/recover-20220922/UBNA_001/20220921_090000.WAV,Telephone Field,recover-20220922,001,1795
389.0485,389.0584,28906,39181,Eptesicus serotinus,0.01,0.022,-1,Echolocation,/mnt/ubna_data_02_mir/recover-20220922/UBNA_001/20220921_090000.WAV,Telephone Field,recover-20220922,001,1795
389.0545,389.0653,28906,35933,Eptesicus serotinus,0.009,0.022,-1,Echolocation,/mnt/ubna_data_02_mir/recover-20220922/UBNA_001/20220921_090000.WAV,Telephone Field,recover-20220922,001,1795
389.0815,389.1214,68437,82772,Rhinolophus ferrumequinum,0.022,0.022,-1,Echolocation,/mnt/ubna_data_02_mir/recover-20220922/UBNA_001/20220921_090000.WAV,Telephone Field,recover-20220922,001,1795
389.1225,389.1604,68437,81856,Rhinolophus ferrumequinum,0.023,0.023,-1,Echolocation,/mnt/ubna_data_02_mir/recover-20220922/UBNA_001/20220921_090000.WAV,Telephone Field,recover-20220922,001,1795
389.1335,389.1679,68437,81195,Rhinolophus ferrumequinum,0.022,0.022,-1,Echolocation,/mnt/ubna_data_02_mir/recover-20220922/UBNA_001/20220921_090000.WAV,Telephone Field,recover-20220922,001,1795
389.1525,389.1642,23750,29045,Nyctalus leisleri,0.014,0.029,-1,Echolocation,/mnt/ubna_data_02_mir/recover-20220922/UBNA_001/20220921_090000.WAV,Telephone Field,recover-20220922,001,1795
389.1735,389.2177,68437,83551,Rhinolophus ferrumequinum,0.037,0.037,-1,Echolocation,/mnt/ubna_data_02_mir/recover-20220922/UBNA_001/20220921_090000.WAV,Telephone Field,recover-20220922,001,1795
389.1755,389.1863,28906,37578,Eptesicus serotinus,0.012,0.025,-1,Echolocation,/mnt/ubna_data_02_mir/recover-20220922/UBNA_001/20220921_090000.WAV,Telephone Field,recover-20220922,001,1795
389.2465,389.2855,68437,81991,Rhinolophus ferrumequinum,0.024,0.024,-1,Echolocation,/mnt/ubna_data_02_mir/recover-20220922/UBNA_001/20220921_090000.WAV,Telephone Field,recover-20220922,001,1795
389.2775,389.3153,68437,82043,Rhinolophus ferrumequinum,0.022,0.022,-1,Echolocation,/mnt/ubna_data_02_mir/recover-20220922/UBNA_001/20220921_090000.WAV,Telephone Field,recover-20220922,001,1795
389.2885,389.2963,23750,32771,Plecotus austriacus,0.016,0.038,-1,Echolocation,/mnt/ubna_data_02_mir/recover-20220922/UBNA_001/20220921_090000.WAV,Telephone Field,recover-20220922,001,1795
389.3555,389.3934,68437,82515,Rhinolophus ferrumequinum,0.023,0.023,-1,Echolocation,/mnt/ubna_data_02_mir/recover-20220922/UBNA_001/20220921_090000.WAV,Telephone Field,recover-20220922,001,1795
389.3695,389.3798,23750,28378,Nyctalus leisleri,0.011,0.021,-1,Echolocation,/mnt/ubna_data_02_mir/recover-20220922/UBNA_001/20220921_090000.WAV,Telephone Field,recover-20220922,001,1795
389.4025,389.4178,28906,35683,Eptesicus serotinus,0.032,0.046,-1,Echolocation,/mnt/ubna_data_02_mir/recover-20220922/UBNA_001/20220921_090000.WAV,Telephone Field,recover-20220922,001,1795
389.4125,389.4546,68437,82844,Rhinolophus ferrumequinum,0.025,0.025,-1,Echolocation,/mnt/ubna_data_02_mir/recover-20220922/UBNA_001/20220921_090000.WAV,Telephone Field,recover-20220922,001,1795
389.4375,389.4755,68437,81888,Rhinolophus ferrumequinum,0.021,0.021,-1,Echolocation,/mnt/ubna_data_02_mir/recover-20220922/UBNA_001/20220921_090000.WAV,Telephone Field,recover-20220922,001,1795
389.4455,389.4808,68437,81593,Rhinolophus ferrumequinum,0.022,0.022,-1,Echolocation,/mnt/ubna_data_02_mir/recover-20220922/UBNA_001/20220921_090000.WAV,Telephone Field,recover-20220922,001,1795
389.4485,389.4594,22890,27450,Nyctalus leisleri,0.011,0.021,-1,Echolocation,/mnt/ubna_data_02_mir/recover-20220922/UBNA_001/20220921_090000.WAV,Telephone Field,recover-20220922,001,1795
389.4565,389.4926,68437,82299,Rhinolophus ferrumequinum,0.022,0.022,-1,Echolocation,/mnt/ubna_data_02_mir/recover-20220922/UBNA_001/20220921_090000.WAV,Telephone Field,recover-20220922,001,1795
389.4785,389.5187,68437,82296,Rhinolophus ferrumequinum,0.023,0.023,-1,Echolocation,/mnt/ubna_data_02_mir/recover-20220922/UBNA_001/20220921_090000.WAV,Telephone Field,recover-20220922,001,1795
389.4915,389.4985,28046,38645,Eptesicus serotinus,0.006,0.021,-1,Echolocation,/mnt/ubna_data_02_mir/recover-20220922/UBNA_001/20220921_090000.WAV,Telephone Field,recover-20220922,001,1795
389.4975,389.5072,22890,28687,Nyctalus leisleri,0.009,0.021,-1,Echolocation,/mnt/ubna_data_02_mir/recover-20220922/UBNA_001/20220921_090000.WAV,Telephone Field,recover-20220922,001,1795
389.5015,389.5428,68437,82941,Rhinolophus ferrumequinum,0.027,0.027,-1,Echolocation,/mnt/ubna_data_02_mir/recover-20220922/UBNA_001/20220921_090000.WAV,Telephone Field,recover-20220922,001,1795
389.5235,389.5634,68437,82950,Rhinolophus ferrumequinum,0.025,0.025,-1,Echolocation,/mnt/ubna_data_02_mir/recover-20220922/UBNA_001/20220921_090000.WAV,Telephone Field,recover-20220922,001,1795
389.5465,389.5862,68437,82553,Rhinolophus ferrumequinum,0.026,0.026,-1,Echolocation,/mnt/ubna_data_02_mir/recover-20220922/UBNA_001/20220921_090000.WAV,Telephone Field,recover-20220922,001,1795
389.5535,389.594,68437,82284,Rhinolophus ferrumequinum,0.026,0.026,-1,Echolocation,/mnt/ubna_data_02_mir/recover-20220922/UBNA_001/20220921_090000.WAV,Telephone Field,recover-20220922,001,1795
389.5595,389.5677,28046,38628,Eptesicus serotinus,0.008,0.023,-1,Echolocation,/mnt/ubna_data_02_mir/recover-20220922/UBNA_001/20220921_090000.WAV,Telephone Field,recover-20220922,001,1795
389.5795,389.6184,68437,82514,Rhinolophus ferrumequinum,0.025,0.025,-1,Echolocation,/mnt/ubna_data_02_mir/recover-20220922/UBNA_001/20220921_090000.WAV,Telephone Field,recover-20220922,001,1795
389.5935,389.6329,68437,82307,Rhinolophus ferrumequinum,0.026,0.026,-1,Echolocation,/mnt/ubna_data_02_mir/recover-20220922/UBNA_001/20220921_090000.WAV,Telephone Field,recover-20220922,001,1795
389.6335,389.671,68437,82152,Rhinolophus ferrumequinum,0.025,0.025,-1,Echolocation,/mnt/ubna_data_02_mir/recover-20220922/UBNA_001/20220921_090000.WAV,Telephone Field,recover-20220922,001,1795
389.6665,389.7062,68437,82390,Rhinolophus ferrumequinum,0.022,0.022,-1,Echolocation,/mnt/ubna_data_02_mir/recover-20220922/UBNA_001/20220921_090000.WAV,Telephone Field,recover-20220922,001,1795
389.7065,389.7541,68437,83696,Rhinolophus ferrumequinum,0.042,0.042,-1,Echolocation,/mnt/ubna_data_02_mir/recover-20220922/UBNA_001/20220921_090000.WAV,Telephone Field,recover-20220922,001,1795
389.7365,389.7487,22890,27340,Nyctalus leisleri,0.021,0.041,-1,Echolocation,/mnt/ubna_data_02_mir/recover-20220922/UBNA_001/20220921_090000.WAV,Telephone Field,recover-20220922,001,1795
389.7525,389.764,22890,29236,Nyctalus leisleri,0.01,0.023,-1,Echolocation,/mnt/ubna_data_02_mir/recover-20220922/UBNA_001/20220921_090000.WAV,Telephone Field,recover-20220922,001,1795
389.7535,389.7926,68437,81767,Rhinolophus ferrumequinum,0.022,0.022,-1,Echolocation,/mnt/ubna_data_02_mir/recover-20220922/UBNA_001/20220921_090000.WAV,Telephone Field,recover-20220922,001,1795
389.7835,389.8226,68437,82705,Rhinolophus ferrumequinum,0.024,0.024,-1,Echolocation,/mnt/ubna_data_02_mir/recover-20220922/UBNA_001/20220921_090000.WAV,Telephone Field,recover-20220922,001,1795
389.7985,389.8072,27187,37805,Eptesicus serotinus,0.008,0.022,-1,Echolocation,/mnt/ubna_data_02_mir/recover-20220922/UBNA_001/20220921_090000.WAV,Telephone Field,recover-20220922,001,1795
389.8015,389.8097,22890,30907,Plecotus austriacus,0.011,0.023,-1,Echolocation,/mnt/ubna_data_02_mir/recover-20220922/UBNA_001/20220921_090000.WAV,Telephone Field,recover-20220922,001,1795
389.8215,389.8597,68437,82634,Rhinolophus ferrumequinum,0.021,0.022,-1,Echolocation,/mnt/ubna_data_02_mir/recover-20220922/UBNA_001/20220921_090000.WAV,Telephone Field,recover-20220922,001,1795
389.8345,389.8745,68437,82629,Rhinolophus ferrumequinum,0.024,0.024,-1,Echolocation,/mnt/ubna_data_02_mir/recover-20220922/UBNA_001/20220921_090000.WAV,Telephone Field,recover-20220922,001,1795
389.8445,389.8621,22031,25469,Nyctalus leisleri,0.026,0.042,-1,Echolocation,/mnt/ubna_data_02_mir/recover-20220922/UBNA_001/20220921_090000.WAV,Telephone Field,recover-20220922,001,1795
389.8805,389.9168,68437,81140,Rhinolophus ferrumequinum,0.023,0.023,-1,Echolocation,/mnt/ubna_data_02_mir/recover-20220922/UBNA_001/20220921_090000.WAV,Telephone Field,recover-20220922,001,1795
389.8945,389.9025,27187,38897,Eptesicus serotinus,0.008,0.022,-1,Echolocation,/mnt/ubna_data_02_mir/recover-20220922/UBNA_001/20220921_090000.WAV,Telephone Field,recover-20220922,001,1795
389.8945,389.9302,68437,81410,Rhinolophus ferrumequinum,0.022,0.022,-1,Echolocation,/mnt/ubna_data_02_mir/recover-20220922/UBNA_001/20220921_090000.WAV,Telephone Field,recover-20220922,001,1795
389.9245,389.9625,68437,82002,Rhinolophus ferrumequinum,0.023,0.023,-1,Echolocation,/mnt/ubna_data_02_mir/recover-20220922/UBNA_001/20220921_090000.WAV,Telephone Field,recover-20220922,001,1795
389.9835,389.9938,22031,28529,Nyctalus leisleri,0.011,0.03,-1,Echolocation,/mnt/ubna_data_02_mir/recover-20220922/UBNA_001/20220921_090000.WAV,Telephone Field,recover-20220922,001,1795
390.0015,390.0107,23750,30272,Nyctalus leisleri,0.011,0.028,-1,Echolocation,/mnt/ubna_data_02_mir/recover-20220922/UBNA_001/20220921_090000.WAV,Telephone Field,recover-20220922,001,1795
390.0015,390.0332,69296,81601,Rhinolophus ferrumequinum,0.035,0.035,-1,Echolocation,/mnt/ubna_data_02_mir/recover-20220922/UBNA_001/20220921_090000.WAV,Telephone Field,recover-20220922,001,1795
390.0015,390.0107,29765,38155,Eptesicus serotinus,0.007,0.026,-1,Echolocation,/mnt/ubna_data_02_mir/recover-20220922/UBNA_001/20220921_090000.WAV,Telephone Field,recover-20220922,001,1795
390.0095,390.0525,68437,82246,Rhinolophus ferrumequinum,0.025,0.025,-1,Echolocation,/mnt/ubna_data_02_mir/recover-20220922/UBNA_001/20220921_090000.WAV,Telephone Field,recover-20220922,001,1795
390.0135,390.0251,22890,27599,Nyctalus leisleri,0.017,0.031,-1,Echolocation,/mnt/ubna_data_02_mir/recover-20220922/UBNA_001/20220921_090000.WAV,Telephone Field,recover-20220922,001,1795
390.0315,390.0402,25468,33746,Eptesicus serotinus,0.009,0.027,-1,Echolocation,/mnt/ubna_data_02_mir/recover-20220922/UBNA_001/20220921_090000.WAV,Telephone Field,recover-20220922,001,1795
390.0455,390.0565,26328,34996,Eptesicus serotinus,0.01,0.022,-1,Echolocation,/mnt/ubna_data_02_mir/recover-20220922/UBNA_001/20220921_090000.WAV,Telephone Field,recover-20220922,001,1795
390.0565,390.0688,23750,29373,Nyctalus leisleri,0.01,0.024,-1,Echolocation,/mnt/ubna_data_02_mir/recover-20220922/UBNA_001/20220921_090000.WAV,Telephone Field,recover-20220922,001,1795
390.0605,390.0983,68437,82050,Rhinolophus ferrumequinum,0.022,0.022,-1,Echolocation,/mnt/ubna_data_02_mir/recover-20220922/UBNA_001/20220921_090000.WAV,Telephone Field,recover-20220922,001,1795
390.0865,390.1267,68437,82130,Rhinolophus ferrumequinum,0.022,0.022,-1,Echolocation,/mnt/ubna_data_02_mir/recover-20220922/UBNA_001/20220921_090000.WAV,Telephone Field,recover-20220922,001,1795
390.0945,390.1362,68437,82358,Rhinolophus ferrumequinum,0.023,0.023,-1,Echolocation,/mnt/ubna_data_02_mir/recover-20220922/UBNA_001/20220921_090000.WAV,Telephone Field,recover-20220922,001,1795
390.1245,390.1628,68437,82079,Rhinolophus ferrumequinum,0.028,0.028,-1,Echolocation,/mnt/ubna_data_02_mir/recover-20220922/UBNA_001/20220921_090000.WAV,Telephone Field,recover-20220922,001,1795
390.1465,390.1831,68437,81359,Rhinolophus ferrumequinum,0.022,0.022,-1,Echolocation,/mnt/ubna_data_02_mir/recover-20220922/UBNA_001/20220921_090000.WAV,Telephone Field,recover-20220922,001,1795
390.1895,390.2301,68437,81949,Rhinolophus ferrumequinum,0.037,0.037,-1,Echolocation,/mnt/ubna_data_02_mir/recover-20220922/UBNA_001/20220921_090000.WAV,Telephone Field,recover-20220922,001,1795
390.2155,390.2265,24609,30487,Nyctalus leisleri,0.009,0.022,-1,Echolocation,/mnt/ubna_data_02_mir/recover-20220922/UBNA_001/20220921_090000.WAV,Telephone Field,recover-20220922,001,1795
390.2235,390.2348,23750,28457,Nyctalus leisleri,0.012,0.025,-1,Echolocation,/mnt/ubna_data_02_mir/recover-20220922/UBNA_001/20220921_090000.WAV,Telephone Field,recover-20220922,001,1795
390.2285,390.2662,68437,82651,Rhinolophus ferrumequinum,0.023,0.023,-1,Echolocation,/mnt/ubna_data_02_mir/recover-20220922/UBNA_001/20220921_090000.WAV,Telephone Field,recover-20220922,001,1795
390.2445,390.2566,22031,26232,Nyctalus leisleri,0.015,0.026,-1,Echolocation,/mnt/ubna_data_02_mir/recover-20220922/UBNA_001/20220921_090000.WAV,Telephone Field,recover-20220922,001,1795
390.2485,390.2919,68437,82945,Rhinolophus ferrumequinum,0.031,0.031,-1,Echolocation,/mnt/ubna_data_02_mir/recover-20220922/UBNA_001/20220921_090000.WAV,Telephone Field,recover-20220922,001,1795
390.2545,390.2748,19453,22418,Nyctalus leisleri,0.013,0.023,-1,Echolocation,/mnt/ubna_data_02_mir/recover-20220922/UBNA_001/20220921_090000.WAV,Telephone Field,recover-20220922,001,1795
390.2905,390.3287,68437,81977,Rhinolophus ferrumequinum,0.023,0.023,-1,Echolocation,/mnt/ubna_data_02_mir/recover-20220922/UBNA_001/20220921_090000.WAV,Telephone Field,recover-20220922,001,1795
390.3085,390.3183,28046,36561,Eptesicus serotinus,0.011,0.026,-1,Echolocation,/mnt/ubna_data_02_mir/recover-20220922/UBNA_001/20220921_090000.WAV,Telephone Field,recover-20220922,001,1795
390.3385,390.3761,68437,81891,Rhinolophus ferrumequinum,0.023,0.023,-1,Echolocation,/mnt/ubna_data_02_mir/recover-20220922/UBNA_001/20220921_090000.WAV,Telephone Field,recover-20220922,001,1795
390.3455,390.3578,23750,28788,Nyctalus leisleri,0.011,0.023,-1,Echolocation,/mnt/ubna_data_02_mir/recover-20220922/UBNA_001/20220921_090000.WAV,Telephone Field,recover-20220922,001,1795
390.3645,390.3741,29765,38437,Eptesicus serotinus,0.009,0.024,-1,Echolocation,/mnt/ubna_data_02_mir/recover-20220922/UBNA_001/20220921_090000.WAV,Telephone Field,recover-20220922,001,1795
390.3665,390.4034,68437,81865,Rhinolophus ferrumequinum,0.021,0.021,-1,Echolocation,/mnt/ubna_data_02_mir/recover-20220922/UBNA_001/20220921_090000.WAV,Telephone Field,recover-20220922,001,1795
390.3705,390.3816,28906,36420,Eptesicus serotinus,0.011,0.025,-1,Echolocation,/mnt/ubna_data_02_mir/recover-20220922/UBNA_001/20220921_090000.WAV,Telephone Field,recover-20220922,001,1795
390.3855,390.4255,68437,82237,Rhinolophus ferrumequinum,0.023,0.023,-1,Echolocation,/mnt/ubna_data_02_mir/recover-20220922/UBNA_001/20220921_090000.WAV,Telephone Field,recover-20220922,001,1795
390.3965,390.4141,15156,20336,Nyctalus noctula,0.023,0.031,-1,Echolocation,/mnt/ubna_data_02_mir/recover-20220922/UBNA_001/20220921_090000.WAV,Telephone Field,recover-20220922,001,1795
390.4235,390.4641,68437,82984,Rhinolophus ferrumequinum,0.027,0.027,-1,Echolocation,/mnt/ubna_data_02_mir/recover-20220922/UBNA_001/20220921_090000.WAV,Telephone Field,recover-20220922,001,1795
390.4345,390.4762,68437,82527,Rhinolophus ferrumequinum,0.023,0.023,-1,Echolocation,/mnt/ubna_data_02_mir/recover-20220922/UBNA_001/20220921_090000.WAV,Telephone Field,recover-20220922,001,1795
390.4375,390.4539,22890,27531,Nyctalus leisleri,0.019,0.038,-1,Echolocation,/mnt/ubna_data_02_mir/recover-20220922/UBNA_001/20220921_090000.WAV,Telephone Field,recover-20220922,001,1795
390.4445,390.4869,68437,83010,Rhinolophus ferrumequinum,0.029,0.029,-1,Echolocation,/mnt/ubna_data_02_mir/recover-20220922/UBNA_001/20220921_090000.WAV,Telephone Field,recover-20220922,001,1795
390.4555,390.4949,68437,81886,Rhinolophus ferrumequinum,0.022,0.022,-1,Echolocation,/mnt/ubna_data_02_mir/recover-20220922/UBNA_001/20220921_090000.WAV,Telephone Field,recover-20220922,001,1795
390.4615,390.4721,22031,26887,Nyctalus leisleri,0.01,0.023,-1,Echolocation,/mnt/ubna_data_02_mir/recover-20220922/UBNA_001/20220921_090000.WAV,Telephone Field,recover-20220922,001,1795
390.5125,390.5207,28906,37283,Eptesicus serotinus,0.006,0.022,-1,Echolocation,/mnt/ubna_data_02_mir/recover-20220922/UBNA_001/20220921_090000.WAV,Telephone Field,recover-20220922,001,1795
390.5325,390.5698,68437,81041,Rhinolophus ferrumequinum,0.024,0.024,-1,Echolocation,/mnt/ubna_data_02_mir/recover-20220922/UBNA_001/20220921_090000.WAV,Telephone Field,recover-20220922,001,1795
390.5545,390.5637,28046,38028,Eptesicus serotinus,0.009,0.023,-1,Echolocation,/mnt/ubna_data_02_mir/recover-20220922/UBNA_001/20220921_090000.WAV,Telephone Field,recover-20220922,001,1795
390.5625,390.5735,28046,36051,Eptesicus serotinus,0.013,0.027,-1,Echolocation,/mnt/ubna_data_02_mir/recover-20220922/UBNA_001/20220921_090000.WAV,Telephone Field,recover-20220922,001,1795
390.5715,390.6135,68437,82246,Rhinolophus ferrumequinum,0.03,0.03,-1,Echolocation,/mnt/ubna_data_02_mir/recover-20220922/UBNA_001/20220921_090000.WAV,Telephone Field,recover-20220922,001,1795
390.5985,390.6381,68437,82198,Rhinolophus ferrumequinum,0.025,0.025,-1,Echolocation,/mnt/ubna_data_02_mir/recover-20220922/UBNA_001/20220921_090000.WAV,Telephone Field,recover-20220922,001,1795
390.6345,390.6742,68437,82303,Rhinolophus ferrumequinum,0.022,0.022,-1,Echolocation,/mnt/ubna_data_02_mir/recover-20220922/UBNA_001/20220921_090000.WAV,Telephone Field,recover-20220922,001,1795
390.6405,390.6515,30625,38277,Eptesicus serotinus,0.011,0.028,-1,Echolocation,/mnt/ubna_data_02_mir/recover-20220922/UBNA_001/20220921_090000.WAV,Telephone Field,recover-20220922,001,1795
390.6645,390.7062,68437,82343,Rhinolophus ferrumequinum,0.028,0.028,-1,Echolocation,/mnt/ubna_data_02_mir/recover-20220922/UBNA_001/20220921_090000.WAV,Telephone Field,recover-20220922,001,1795
390.6835,390.7227,68437,82143,Rhinolophus ferrumequinum,0.023,0.023,-1,Echolocation,/mnt/ubna_data_02_mir/recover-20220922/UBNA_001/20220921_090000.WAV,Telephone Field,recover-20220922,001,1795
390.7065,390.7437,68437,81644,Rhinolophus ferrumequinum,0.023,0.023,-1,Echolocation,/mnt/ubna_data_02_mir/recover-20220922/UBNA_001/20220921_090000.WAV,Telephone Field,recover-20220922,001,1795
390.7185,390.7558,68437,81332,Rhinolophus ferrumequinum,0.022,0.022,-1,Echolocation,/mnt/ubna_data_02_mir/recover-20220922/UBNA_001/20220921_090000.WAV,Telephone Field,recover-20220922,001,1795
390.7655,390.7758,28906,36338,Eptesicus serotinus,0.012,0.026,-1,Echolocation,/mnt/ubna_data_02_mir/recover-20220922/UBNA_001/20220921_090000.WAV,Telephone Field,recover-20220922,001,1795
390.7675,390.806,68437,81819,Rhinolophus ferrumequinum,0.022,0.022,-1,Echolocation,/mnt/ubna_data_02_mir/recover-20220922/UBNA_001/20220921_090000.WAV,Telephone Field,recover-20220922,001,1795
390.7785,390.8142,68437,81368,Rhinolophus ferrumequinum,0.031,0.031,-1,Echolocation,/mnt/ubna_data_02_mir/recover-20220922/UBNA_001/20220921_090000.WAV,Telephone Field,recover-20220922,001,1795
390.7955,390.8295,68437,81104,Rhinolophus ferrumequinum,0.023,0.023,-1,Echolocation,/mnt/ubna_data_02_mir/recover-20220922/UBNA_001/20220921_090000.WAV,Telephone Field,recover-20220922,001,1795
390.8205,390.8608,68437,82572,Rhinolophus ferrumequinum,0.025,0.025,-1,Echolocation,/mnt/ubna_data_02_mir/recover-20220922/UBNA_001/20220921_090000.WAV,Telephone Field,recover-20220922,001,1795
390.8255,390.8339,24609,32997,Plecotus austriacus,0.007,0.025,-1,Echolocation,/mnt/ubna_data_02_mir/recover-20220922/UBNA_001/20220921_090000.WAV,Telephone Field,recover-20220922,001,1795
390.8375,390.8778,68437,82764,Rhinolophus ferrumequinum,0.024,0.024,-1,Echolocation,/mnt/ubna_data_02_mir/recover-20220922/UBNA_001/20220921_090000.WAV,Telephone Field,recover-20220922,001,1795
390.8505,390.8883,68437,81914,Rhinolophus ferrumequinum,0.032,0.032,-1,Echolocation,/mnt/ubna_data_02_mir/recover-20220922/UBNA_001/20220921_090000.WAV,Telephone Field,recover-20220922,001,1795
390.8525,390.8613,43515,47246,Pipistrellus pipistrellus,0.056,0.06,-1,Echolocation,/mnt/ubna_data_02_mir/recover-20220922/UBNA_001/20220921_090000.WAV,Telephone Field,recover-20220922,001,1795
390.8595,390.8964,68437,81702,Rhinolophus ferrumequinum,0.022,0.022,-1,Echolocation,/mnt/ubna_data_02_mir/recover-20220922/UBNA_001/20220921_090000.WAV,Telephone Field,recover-20220922,001,1795
390.8695,390.9079,68437,82802,Rhinolophus ferrumequinum,0.023,0.023,-1,Echolocation,/mnt/ubna_data_02_mir/recover-20220922/UBNA_001/20220921_090000.WAV,Telephone Field,recover-20220922,001,1795
390.8825,390.9199,68437,81772,Rhinolophus ferrumequinum,0.022,0.022,-1,Echolocation,/mnt/ubna_data_02_mir/recover-20220922/UBNA_001/20220921_090000.WAV,Telephone Field,recover-20220922,001,1795
390.8855,390.8938,28046,37901,Eptesicus serotinus,0.008,0.024,-1,Echolocation,/mnt/ubna_data_02_mir/recover-20220922/UBNA_001/20220921_090000.WAV,Telephone Field,recover-20220922,001,1795
390.9055,390.9161,22890,29017,Nyctalus leisleri,0.008,0.022,-1,Echolocation,/mnt/ubna_data_02_mir/recover-20220922/UBNA_001/20220921_090000.WAV,Telephone Field,recover-20220922,001,1795
390.9165,390.9566,68437,82358,Rhinolophus ferrumequinum,0.025,0.025,-1,Echolocation,/mnt/ubna_data_02_mir/recover-20220922/UBNA_001/20220921_090000.WAV,Telephone Field,recover-20220922,001,1795
390.9395,390.9491,47812,50772,Pipistrellus pipistrellus,0.054,0.057,-1,Echolocation,/mnt/ubna_data_02_mir/recover-20220922/UBNA_001/20220921_090000.WAV,Telephone Field,recover-20220922,001,1795
390.9395,390.9767,68437,81488,Rhinolophus ferrumequinum,0.022,0.022,-1,Echolocation,/mnt/ubna_data_02_mir/recover-20220922/UBNA_001/20220921_090000.WAV,Telephone Field,recover-20220922,001,1795
390.9485,390.9835,68437,81660,Rhinolophus ferrumequinum,0.023,0.024,-1,Echolocation,/mnt/ubna_data_02_mir/recover-20220922/UBNA_001/20220921_090000.WAV,Telephone Field,recover-20220922,001,1795
390.9575,390.9964,68437,82322,Rhinolophus ferrumequinum,0.022,0.022,-1,Echolocation,/mnt/ubna_data_02_mir/recover-20220922/UBNA_001/20220921_090000.WAV,Telephone Field,recover-20220922,001,1795
390.9665,390.9774,24609,31699,Nyctalus leisleri,0.013,0.035,-1,Echolocation,/mnt/ubna_data_02_mir/recover-20220922/UBNA_001/20220921_090000.WAV,Telephone Field,recover-20220922,001,1795
390.9675,391.0064,68437,82134,Rhinolophus ferrumequinum,0.025,0.025,-1,Echolocation,/mnt/ubna_data_02_mir/recover-20220922/UBNA_001/20220921_090000.WAV,Telephone Field,recover-20220922,001,1795
390.9975,391.0367,68437,82096,Rhinolophus ferrumequinum,0.022,0.022,-1,Echolocation,/mnt/ubna_data_02_mir/recover-20220922/UBNA_001/20220921_090000.WAV,Telephone Field,recover-20220922,001,1795
391.0075,391.046,68437,82463,Rhinolophus ferrumequinum,0.022,0.022,-1,Echolocation,/mnt/ubna_data_02_mir/recover-20220922/UBNA_001/20220921_090000.WAV,Telephone Field,recover-20220922,001,1795
391.0125,391.0215,28906,36901,Eptesicus serotinus,0.007,0.024,-1,Echolocation,/mnt/ubna_data_02_mir/recover-20220922/UBNA_001/20220921_090000.WAV,Telephone Field,recover-20220922,001,1795
391.0315,391.0712,68437,81836,Rhinolophus ferrumequinum,0.026,0.026,-1,Echolocation,/mnt/ubna_data_02_mir/recover-20220922/UBNA_001/20220921_090000.WAV,Telephone Field,recover-20220922,001,1795
391.0355,391.0441,28046,39265,Eptesicus serotinus,0.009,0.024,-1,Echolocation,/mnt/ubna_data_02_mir/recover-20220922/UBNA_001/20220921_090000.WAV,Telephone Field,recover-20220922,001,1795
391.0495,391.059,25468,32922,Nyctalus leisleri,0.009,0.026,-1,Echolocation,/mnt/ubna_data_02_mir/recover-20220922/UBNA_001/20220921_090000.WAV,Telephone Field,recover-20220922,001,1795
391.0755,391.116,68437,82437,Rhinolophus ferrumequinum,0.027,0.027,-1,Echolocation,/mnt/ubna_data_02_mir/recover-20220922/UBNA_001/20220921_090000.WAV,Telephone Field,recover-20220922,001,1795
391.0775,391.0888,27187,33926,Eptesicus serotinus,0.023,0.04,-1,Echolocation,/mnt/ubna_data_02_mir/recover-20220922/UBNA_001/20220921_090000.WAV,Telephone Field,recover-20220922,001,1795
391.1075,391.1476,68437,82110,Rhinolophus ferrumequinum,0.025,0.025,-1,Echolocation,/mnt/ubna_data_02_mir/recover-20220922/UBNA_001/20220921_090000.WAV,Telephone Field,recover-20220922,001,1795
391.1185,391.1571,68437,81678,Rhinolophus ferrumequinum,0.022,0.022,-1,Echolocation,/mnt/ubna_data_02_mir/recover-20220922/UBNA_001/20220921_090000.WAV,Telephone Field,recover-20220922,001,1795
391.1235,391.1624,68437,81623,Rhinolophus ferrumequinum,0.022,0.022,-1,Echolocation,/mnt/ubna_data_02_mir/recover-20220922/UBNA_001/20220921_090000.WAV,Telephone Field,recover-20220922,001,1795
391.1515,391.1931,68437,83033,Rhinolophus ferrumequinum,0.023,0.023,-1,Echolocation,/mnt/ubna_data_02_mir/recover-20220922/UBNA_001/20220921_090000.WAV,Telephone Field,recover-20220922,001,1795
391.1755,391.1883,14296,19236,Nyctalus noctula,0.016,0.028,-1,Echolocation,/mnt/ubna_data_02_mir/recover-20220922/UBNA_001/20220921_090000.WAV,Telephone Field,recover-20220922,001,1795
391.1785,391.2161,68437,81140,Rhinolophus ferrumequinum,0.024,0.024,-1,Echolocation,/mnt/ubna_data_02_mir/recover-20220922/UBNA_001/20220921_090000.WAV,Telephone Field,recover-20220922,001,1795
391.1815,391.1899,22890,30305,Plecotus austriacus,0.009,0.023,-1,Echolocation,/mnt/ubna_data_02_mir/recover-20220922/UBNA_001/20220921_090000.WAV,Telephone Field,recover-20220922,001,1795
391.1835,391.1945,54687,58914,Pipistrellus pygmaeus,0.026,0.027,-1,Echolocation,/mnt/ubna_data_02_mir/recover-20220922/UBNA_001/20220921_090000.WAV,Telephone Field,recover-20220922,001,1795
391.2045,391.2137,28046,36241,Eptesicus serotinus,0.009,0.023,-1,Echolocation,/mnt/ubna_data_02_mir/recover-20220922/UBNA_001/20220921_090000.WAV,Telephone Field,recover-20220922,001,1795
391.2055,391.2407,68437,81639,Rhinolophus ferrumequinum,0.022,0.022,-1,Echolocation,/mnt/ubna_data_02_mir/recover-20220922/UBNA_001/20220921_090000.WAV,Telephone Field,recover-20220922,001,1795
391.2145,391.2227,43515,50127,Pipistrellus pipistrellus,0.031,0.036,-1,Echolocation,/mnt/ubna_data_02_mir/recover-20220922/UBNA_001/20220921_090000.WAV,Telephone Field,recover-20220922,001,1795
391.2155,391.2284,23750,29580,Nyctalus leisleri,0.015,0.031,-1,Echolocation,/mnt/ubna_data_02_mir/recover-20220922/UBNA_001/20220921_090000.WAV,Telephone Field,recover-20220922,001,1795
391.2155,391.2493,68437,80601,Rhinolophus ferrumequinum,0.022,0.022,-1,Echolocation,/mnt/ubna_data_02_mir/recover-20220922/UBNA_001/20220921_090000.WAV,Telephone Field,recover-20220922,001,1795
391.2375,391.2764,68437,82335,Rhinolophus ferrumequinum,0.033,0.033,-1,Echolocation,/mnt/ubna_data_02_mir/recover-20220922/UBNA_001/20220921_090000.WAV,Telephone Field,recover-20220922,001,1795
391.2595,391.2722,22031,26381,Nyctalus leisleri,0.016,0.029,-1,Echolocation,/mnt/ubna_data_02_mir/recover-20220922/UBNA_001/20220921_090000.WAV,Telephone Field,recover-20220922,001,1795
391.2815,391.2905,28046,36562,Eptesicus serotinus,0.007,0.022,-1,Echolocation,/mnt/ubna_data_02_mir/recover-20220922/UBNA_001/20220921_090000.WAV,Telephone Field,recover-20220922,001,1795
391.3145,391.3222,28046,42948,Eptesicus serotinus,0.008,0.026,-1,Echolocation,/mnt/ubna_data_02_mir/recover-20220922/UBNA_001/20220921_090000.WAV,Telephone Field,recover-20220922,001,1795
391.3275,391.3494,18593,21319,Nyctalus noctula,0.012,0.025,-1,Echolocation,/mnt/ubna_data_02_mir/recover-20220922/UBNA_001/20220921_090000.WAV,Telephone Field,recover-20220922,001,1795
391.3475,391.3841,68437,81290,Rhinolophus ferrumequinum,0.031,0.031,-1,Echolocation,/mnt/ubna_data_02_mir/recover-20220922/UBNA_001/20220921_090000.WAV,Telephone Field,recover-20220922,001,1795
391.3875,391.4287,68437,81870,Rhinolophus ferrumequinum,0.026,0.026,-1,Echolocation,/mnt/ubna_data_02_mir/recover-20220922/UBNA_001/20220921_090000.WAV,Telephone Field,recover-20220922,001,1795
391.4075,391.4204,22031,26048,Nyctalus leisleri,0.013,0.022,-1,Echolocation,/mnt/ubna_data_02_mir/recover-20220922/UBNA_001/20220921_090000.WAV,Telephone Field,recover-20220922,001,1795
391.4085,391.419,28906,36497,Eptesicus serotinus,0.013,0.027,-1,Echolocation,/mnt/ubna_data_02_mir/recover-20220922/UBNA_001/20220921_090000.WAV,Telephone Field,recover-20220922,001,1795
391.4435,391.4824,68437,81648,Rhinolophus ferrumequinum,0.023,0.023,-1,Echolocation,/mnt/ubna_data_02_mir/recover-20220922/UBNA_001/20220921_090000.WAV,Telephone Field,recover-20220922,001,1795
391.4545,391.4911,68437,81877,Rhinolophus ferrumequinum,0.022,0.022,-1,Echolocation,/mnt/ubna_data_02_mir/recover-20220922/UBNA_001/20220921_090000.WAV,Telephone Field,recover-20220922,001,1795
391.4885,391.4962,28046,39217,Eptesicus serotinus,0.006,0.022,-1,Echolocation,/mnt/ubna_data_02_mir/recover-20220922/UBNA_001/20220921_090000.WAV,Telephone Field,recover-20220922,001,1795
391.4985,391.5364,68437,82163,Rhinolophus ferrumequinum,0.022,0.022,-1,Echolocation,/mnt/ubna_data_02_mir/recover-20220922/UBNA_001/20220921_090000.WAV,Telephone Field,recover-20220922,001,1795
391.5085,391.5184,25468,32061,Nyctalus leisleri,0.01,0.028,-1,Echolocation,/mnt/ubna_data_02_mir/recover-20220922/UBNA_001/20220921_090000.WAV,Telephone Field,recover-20220922,001,1795
391.5195,391.5557,68437,82271,Rhinolophus ferrumequinum,0.023,0.023,-1,Echolocation,/mnt/ubna_data_02_mir/recover-20220922/UBNA_001/20220921_090000.WAV,Telephone Field,recover-20220922,001,1795
391.5255,391.5366,28906,35741,Eptesicus serotinus,0.01,0.024,-1,Echolocation,/mnt/ubna_data_02_mir/recover-20220922/UBNA_001/20220921_090000.WAV,Telephone Field,recover-20220922,001,1795
391.5575,391.5955,68437,81879,Rhinolophus ferrumequinum,0.023,0.023,-1,Echolocation,/mnt/ubna_data_02_mir/recover-20220922/UBNA_001/20220921_090000.WAV,Telephone Field,recover-20220922,001,1795
391.5705,391.5786,28046,39596,Eptesicus serotinus,0.008,0.023,-1,Echolocation,/mnt/ubna_data_02_mir/recover-20220922/UBNA_001/20220921_090000.WAV,Telephone Field,recover-20220922,001,1795
391.6005,391.6387,68437,81349,Rhinolophus ferrumequinum,0.025,0.025,-1,Echolocation,/mnt/ubna_data_02_mir/recover-20220922/UBNA_001/20220921_090000.WAV,Telephone Field,recover-20220922,001,1795
391.6445,391.6832,68437,81791,Rhinolophus ferrumequinum,0.025,0.025,-1,Echolocation,/mnt/ubna_data_02_mir/recover-20220922/UBNA_001/20220921_090000.WAV,Telephone Field,recover-20220922,001,1795
391.6575,391.6683,28906,35375,Eptesicus serotinus,0.011,0.025,-1,Echolocation,/mnt/ubna_data_02_mir/recover-20220922/UBNA_001/20220921_090000.WAV,Telephone Field,recover-20220922,001,1795
391.6675,391.7053,68437,81662,Rhinolophus ferrumequinum,0.038,0.038,-1,Echolocation,/mnt/ubna_data_02_mir/recover-20220922/UBNA_001/20220921_090000.WAV,Telephone Field,recover-20220922,001,1795
391.7075,391.7433,68437,81564,Rhinolophus ferrumequinum,0.025,0.025,-1,Echolocation,/mnt/ubna_data_02_mir/recover-20220922/UBNA_001/20220921_090000.WAV,Telephone Field,recover-20220922,001,1795
391.7145,391.7259,22031,26421,Nyctalus leisleri,0.012,0.022,-1,Echolocation,/mnt/ubna_data_02_mir/recover-20220922/UBNA_001/20220921_090000.WAV,Telephone Field,recover-20220922,001,1795
391.7335,391.7424,27187,37036,Eptesicus serotinus,0.008,0.024,-1,Echolocation,/mnt/ubna_data_02_mir/recover-20220922/UBNA_001/20220921_090000.WAV,Telephone Field,recover-20220922,001,1795
391.7355,391.7737,68437,81806,Rhinolophus ferrumequinum,0.022,0.022,-1,Echolocation,/mnt/ubna_data_02_mir/recover-20220922/UBNA_001/20220921_090000.WAV,Telephone Field,recover-20220922,001,1795
391.7555,391.7922,68437,82083,Rhinolophus ferrumequinum,0.022,0.022,-1,Echolocation,/mnt/ubna_data_02_mir/recover-20220922/UBNA_001/20220921_090000.WAV,Telephone Field,recover-20220922,001,1795
391.7605,391.7798,16015,22031,Nyctalus noctula,0.017,0.022,-1,Echolocation,/mnt/ubna_data_02_mir/recover-20220922/UBNA_001/20220921_090000.WAV,Telephone Field,recover-20220922,001,1795
391.7815,391.7897,28906,38067,Eptesicus serotinus,0.007,0.025,-1,Echolocation,/mnt/ubna_data_02_mir/recover-20220922/UBNA_001/20220921_090000.WAV,Telephone Field,recover-20220922,001,1795
391.7835,391.8266,68437,82972,Rhinolophus ferrumequinum,0.029,0.029,-1,Echolocation,/mnt/ubna_data_02_mir/recover-20220922/UBNA_001/20220921_090000.WAV,Telephone Field,recover-20220922,001,1795
391.8045,391.815,28046,35154,Eptesicus serotinus,0.012,0.025,-1,Echolocation,/mnt/ubna_data_02_mir/recover-20220922/UBNA_001/20220921_090000.WAV,Telephone Field,recover-20220922,001,1795
391.8045,391.8437,68437,82765,Rhinolophus ferrumequinum,0.023,0.023,-1,Echolocation,/mnt/ubna_data_02_mir/recover-20220922/UBNA_001/20220921_090000.WAV,Telephone Field,recover-20220922,001,1795
391.8305,391.8652,68437,80702,Rhinolophus ferrumequinum,0.022,0.022,-1,Echolocation,/mnt/ubna_data_02_mir/recover-20220922/UBNA_001/20220921_090000.WAV,Telephone Field,recover-20220922,001,1795
391.8495,391.8559,23750,32554,Plecotus austriacus,0.017,0.031,-1,Echolocation,/mnt/ubna_data_02_mir/recover-20220922/UBNA_001/20220921_090000.WAV,Telephone Field,recover-20220922,001,1795
391.8815,391.8896,27187,39904,Eptesicus serotinus,0.008,0.023,-1,Echolocation,/mnt/ubna_data_02_mir/recover-20220922/UBNA_001/20220921_090000.WAV,Telephone Field,recover-20220922,001,1795
391.9415,391.9832,68437,83214,Rhinolophus ferrumequinum,0.034,0.034,-1,Echolocation,/mnt/ubna_data_02_mir/recover-20220922/UBNA_001/20220921_090000.WAV,Telephone Field,recover-20220922,001,1795
391.9605,391.9993,68437,82860,Rhinolophus ferrumequinum,0.028,0.028,-1,Echolocation,/mnt/ubna_data_02_mir/recover-20220922/UBNA_001/20220921_090000.WAV,Telephone Field,recover-20220922,001,1795
391.9655,391.9731,28906,39121,Eptesicus serotinus,0.006,0.023,-1,Echolocation,/mnt/ubna_data_02_mir/recover-20220922/UBNA_001/20220921_090000.WAV,Telephone Field,recover-20220922,001,1795
392.0015,392.011,48671,54579,Pipistrellus pipistrellus,0.019,0.025,-1,Echolocation,/mnt/ubna_data_02_mir/recover-20220922/UBNA_001/20220921_090000.WAV,Telephone Field,recover-20220922,001,1795
392.0015,392.0101,26328,36231,Nyctalus leisleri,0.007,0.026,-1,Echolocation,/mnt/ubna_data_02_mir/recover-20220922/UBNA_001/20220921_090000.WAV,Telephone Field,recover-20220922,001,1795
392.0015,392.0337,69296,81637,Rhinolophus ferrumequinum,0.027,0.027,-1,Echolocation,/mnt/ubna_data_02_mir/recover-20220922/UBNA_001/20220921_090000.WAV,Telephone Field,recover-20220922,001,1795
392.0025,392.0125,55546,62503,Pipistrellus pygmaeus,0.026,0.027,-1,Echolocation,/mnt/ubna_data_02_mir/recover-20220922/UBNA_001/20220921_090000.WAV,Telephone Field,recover-20220922,001,1795
392.0215,392.0629,68437,82530,Rhinolophus ferrumequinum,0.024,0.024,-1,Echolocation,/mnt/ubna_data_02_mir/recover-20220922/UBNA_001/20220921_090000.WAV,Telephone Field,recover-20220922,001,1795
392.0695,392.1075,68437,81927,Rhinolophus ferrumequinum,0.022,0.022,-1,Echolocation,/mnt/ubna_data_02_mir/recover-20220922/UBNA_001/20220921_090000.WAV,Telephone Field,recover-20220922,001,1795
392.0785,392.0893,22890,27813,Nyctalus leisleri,0.011,0.022,-1,Echolocation,/mnt/ubna_data_02_mir/recover-20220922/UBNA_001/20220921_090000.WAV,Telephone Field,recover-20220922,001,1795
392.0955,392.1338,68437,82239,Rhinolophus ferrumequinum,0.021,0.021,-1,Echolocation,/mnt/ubna_data_02_mir/recover-20220922/UBNA_001/20220921_090000.WAV,Telephone Field,recover-20220922,001,1795
392.1195,392.1587,68437,81578,Rhinolophus ferrumequinum,0.024,0.024,-1,Echolocation,/mnt/ubna_data_02_mir/recover-20220922/UBNA_001/20220921_090000.WAV,Telephone Field,recover-20220922,001,1795
392.1255,392.1646,68437,81512,Rhinolophus ferrumequinum,0.024,0.024,-1,Echolocation,/mnt/ubna_data_02_mir/recover-20220922/UBNA_001/20220921_090000.WAV,Telephone Field,recover-20220922,001,1795
392.1315,392.1421,29765,40169,Eptesicus serotinus,0.01,0.025,-1,Echolocation,/mnt/ubna_data_02_mir/recover-20220922/UBNA_001/20220921_090000.WAV,Telephone Field,recover-20220922,001,1795
392.1385,392.1778,68437,82467,Rhinolophus ferrumequinum,0.024,0.024,-1,Echolocation,/mnt/ubna_data_02_mir/recover-20220922/UBNA_001/20220921_090000.WAV,Telephone Field,recover-20220922,001,1795
392.1525,392.1609,27187,46367,Eptesicus serotinus,0.009,0.023,-1,Echolocation,/mnt/ubna_data_02_mir/recover-20220922/UBNA_001/20220921_090000.WAV,Telephone Field,recover-20220922,001,1795
392.1725,392.1804,32343,48725,Myotis daubentonii,0.008,0.023,-1,Echolocation,/mnt/ubna_data_02_mir/recover-20220922/UBNA_001/20220921_090000.WAV,Telephone Field,recover-20220922,001,1795
392.1725,392.20889999999997,68437,82346,Rhinolophus ferrumequinum,0.022,0.022,-1,Echolocation,/mnt/ubna_data_02_mir/recover-20220922/UBNA_001/20220921_090000.WAV,Telephone Field,recover-20220922,001,1795
392.1955,392.2333,68437,82180,Rhinolophus ferrumequinum,0.021,0.021,-1,Echolocation,/mnt/ubna_data_02_mir/recover-20220922/UBNA_001/20220921_090000.WAV,Telephone Field,recover-20220922,001,1795
392.2055,392.2462,68437,82226,Rhinolophus ferrumequinum,0.023,0.023,-1,Echolocation,/mnt/ubna_data_02_mir/recover-20220922/UBNA_001/20220921_090000.WAV,Telephone Field,recover-20220922,001,1795
392.2105,392.2501,68437,81983,Rhinolophus ferrumequinum,0.023,0.023,-1,Echolocation,/mnt/ubna_data_02_mir/recover-20220922/UBNA_001/20220921_090000.WAV,Telephone Field,recover-20220922,001,1795
392.2485,392.2887,68437,82157,Rhinolophus ferrumequinum,0.022,0.022,-1,Echolocation,/mnt/ubna_data_02_mir/recover-20220922/UBNA_001/20220921_090000.WAV,Telephone Field,recover-20220922,001,1795
392.2685,392.2799,23750,28772,Nyctalus leisleri,0.013,0.025,-1,Echolocation,/mnt/ubna_data_02_mir/recover-20220922/UBNA_001/20220921_090000.WAV,Telephone Field,recover-20220922,001,1795
392.2695,392.3088,68437,82566,Rhinolophus ferrumequinum,0.022,0.022,-1,Echolocation,/mnt/ubna_data_02_mir/recover-20220922/UBNA_001/20220921_090000.WAV,Telephone Field,recover-20220922,001,1795
392.2765,392.2843,27187,36805,Eptesicus serotinus,0.006,0.022,-1,Echolocation,/mnt/ubna_data_02_mir/recover-20220922/UBNA_001/20220921_090000.WAV,Telephone Field,recover-20220922,001,1795
392.2835,392.3226,68437,81400,Rhinolophus ferrumequinum,0.021,0.021,-1,Echolocation,/mnt/ubna_data_02_mir/recover-20220922/UBNA_001/20220921_090000.WAV,Telephone Field,recover-20220922,001,1795
392.3275,392.3638,68437,81597,Rhinolophus ferrumequinum,0.022,0.022,-1,Echolocation,/mnt/ubna_data_02_mir/recover-20220922/UBNA_001/20220921_090000.WAV,Telephone Field,recover-20220922,001,1795
392.3335,392.3707,68437,81885,Rhinolophus ferrumequinum,0.021,0.021,-1,Echolocation,/mnt/ubna_data_02_mir/recover-20220922/UBNA_001/20220921_090000.WAV,Telephone Field,recover-20220922,001,1795
392.3375,392.3458,27187,37606,Eptesicus serotinus,0.008,0.023,-1,Echolocation,/mnt/ubna_data_02_mir/recover-20220922/UBNA_001/20220921_090000.WAV,Telephone Field,recover-20220922,001,1795
392.3595,392.3978,68437,82035,Rhinolophus ferrumequinum,0.022,0.022,-1,Echolocation,/mnt/ubna_data_02_mir/recover-20220922/UBNA_001/20220921_090000.WAV,Telephone Field,recover-20220922,001,1795
392.3695,392.3781,28046,38384,Eptesicus serotinus,0.007,0.021,-1,Echolocation,/mnt/ubna_data_02_mir/recover-20220922/UBNA_001/20220921_090000.WAV,Telephone Field,recover-20220922,001,1795
392.3695,392.377,47812,52136,Pipistrellus pipistrellus,0.028,0.029,-1,Echolocation,/mnt/ubna_data_02_mir/recover-20220922/UBNA_001/20220921_090000.WAV,Telephone Field,recover-20220922,001,1795
392.3865,392.4273,68437,82895,Rhinolophus ferrumequinum,0.023,0.023,-1,Echolocation,/mnt/ubna_data_02_mir/recover-20220922/UBNA_001/20220921_090000.WAV,Telephone Field,recover-20220922,001,1795
392.3875,392.3963,27187,38011,Eptesicus serotinus,0.008,0.021,-1,Echolocation,/mnt/ubna_data_02_mir/recover-20220922/UBNA_001/20220921_090000.WAV,Telephone Field,recover-20220922,001,1795
392.4075,392.4473,68437,82256,Rhinolophus ferrumequinum,0.023,0.023,-1,Echolocation,/mnt/ubna_data_02_mir/recover-20220922/UBNA_001/20220921_090000.WAV,Telephone Field,recover-20220922,001,1795
392.4145,392.4271,52109,55200,Pipistrellus pygmaeus,0.019,0.025,-1,Echolocation,/mnt/ubna_data_02_mir/recover-20220922/UBNA_001/20220921_090000.WAV,Telephone Field,recover-20220922,001,1795
392.4155,392.4564,68437,82545,Rhinolophus ferrumequinum,0.021,0.021,-1,Echolocation,/mnt/ubna_data_02_mir/recover-20220922/UBNA_001/20220921_090000.WAV,Telephone Field,recover-20220922,001,1795
392.4235,392.463,68437,82414,Rhinolophus ferrumequinum,0.022,0.022,-1,Echolocation,/mnt/ubna_data_02_mir/recover-20220922/UBNA_001/20220921_090000.WAV,Telephone Field,recover-20220922,001,1795
392.4455,392.4809,68437,80731,Rhinolophus ferrumequinum,0.024,0.024,-1,Echolocation,/mnt/ubna_data_02_mir/recover-20220922/UBNA_001/20220921_090000.WAV,Telephone Field,recover-20220922,001,1795
392.4585,392.4991,68437,82944,Rhinolophus ferrumequinum,0.024,0.024,-1,Echolocation,/mnt/ubna_data_02_mir/recover-20220922/UBNA_001/20220921_090000.WAV,Telephone Field,recover-20220922,001,1795
392.4735,392.5146,68437,82713,Rhinolophus ferrumequinum,0.045,0.045,-1,Echolocation,/mnt/ubna_data_02_mir/recover-20220922/UBNA_001/20220921_090000.WAV,Telephone Field,recover-20220922,001,1795
392.5045,392.5441,68437,82397,Rhinolophus ferrumequinum,0.021,0.021,-1,Echolocation,/mnt/ubna_data_02_mir/recover-20220922/UBNA_001/20220921_090000.WAV,Telephone Field,recover-20220922,001,1795
392.5125,392.5541,68437,82144,Rhinolophus ferrumequinum,0.027,0.027,-1,Echolocation,/mnt/ubna_data_02_mir/recover-20220922/UBNA_001/20220921_090000.WAV,Telephone Field,recover-20220922,001,1795
392.5775,392.6205,68437,82779,Rhinolophus ferrumequinum,0.032,0.032,-1,Echolocation,/mnt/ubna_data_02_mir/recover-20220922/UBNA_001/20220921_090000.WAV,Telephone Field,recover-20220922,001,1795
392.6365,392.6762,68437,82213,Rhinolophus ferrumequinum,0.026,0.026,-1,Echolocation,/mnt/ubna_data_02_mir/recover-20220922/UBNA_001/20220921_090000.WAV,Telephone Field,recover-20220922,001,1795
392.6405,392.6516,23750,29623,Nyctalus leisleri,0.013,0.031,-1,Echolocation,/mnt/ubna_data_02_mir/recover-20220922/UBNA_001/20220921_090000.WAV,Telephone Field,recover-20220922,001,1795
392.6455,392.6839,68437,81848,Rhinolophus ferrumequinum,0.024,0.024,-1,Echolocation,/mnt/ubna_data_02_mir/recover-20220922/UBNA_001/20220921_090000.WAV,Telephone Field,recover-20220922,001,1795
392.6665,392.676,28906,38658,Eptesicus serotinus,0.01,0.026,-1,Echolocation,/mnt/ubna_data_02_mir/recover-20220922/UBNA_001/20220921_090000.WAV,Telephone Field,recover-20220922,001,1795
392.6875,392.6971,27187,39107,Eptesicus serotinus,0.008,0.021,-1,Echolocation,/mnt/ubna_data_02_mir/recover-20220922/UBNA_001/20220921_090000.WAV,Telephone Field,recover-20220922,001,1795
392.6955,392.7081,22031,26337,Nyctalus leisleri,0.012,0.022,-1,Echolocation,/mnt/ubna_data_02_mir/recover-20220922/UBNA_001/20220921_090000.WAV,Telephone Field,recover-20220922,001,1795
392.6985,392.7093,28046,36182,Eptesicus serotinus,0.011,0.026,-1,Echolocation,/mnt/ubna_data_02_mir/recover-20220922/UBNA_001/20220921_090000.WAV,Telephone Field,recover-20220922,001,1795
392.7025,392.7408,68437,82355,Rhinolophus ferrumequinum,0.021,0.021,-1,Echolocation,/mnt/ubna_data_02_mir/recover-20220922/UBNA_001/20220921_090000.WAV,Telephone Field,recover-20220922,001,1795
392.7505,392.7921,68437,82240,Rhinolophus ferrumequinum,0.038,0.038,-1,Echolocation,/mnt/ubna_data_02_mir/recover-20220922/UBNA_001/20220921_090000.WAV,Telephone Field,recover-20220922,001,1795
392.7615,392.7975,68437,81867,Rhinolophus ferrumequinum,0.022,0.022,-1,Echolocation,/mnt/ubna_data_02_mir/recover-20220922/UBNA_001/20220921_090000.WAV,Telephone Field,recover-20220922,001,1795
392.7795,392.8161,68437,81188,Rhinolophus ferrumequinum,0.022,0.022,-1,Echolocation,/mnt/ubna_data_02_mir/recover-20220922/UBNA_001/20220921_090000.WAV,Telephone Field,recover-20220922,001,1795
392.8125,392.8505,68437,81361,Rhinolophus ferrumequinum,0.021,0.021,-1,Echolocation,/mnt/ubna_data_02_mir/recover-20220922/UBNA_001/20220921_090000.WAV,Telephone Field,recover-20220922,001,1795
392.8225,392.8305,28046,37365,Eptesicus serotinus,0.007,0.021,-1,Echolocation,/mnt/ubna_data_02_mir/recover-20220922/UBNA_001/20220921_090000.WAV,Telephone Field,recover-20220922,001,1795
392.8235,392.8606,68437,81921,Rhinolophus ferrumequinum,0.021,0.021,-1,Echolocation,/mnt/ubna_data_02_mir/recover-20220922/UBNA_001/20220921_090000.WAV,Telephone Field,recover-20220922,001,1795
392.8345,392.8711,68437,81229,Rhinolophus ferrumequinum,0.021,0.021,-1,Echolocation,/mnt/ubna_data_02_mir/recover-20220922/UBNA_001/20220921_090000.WAV,Telephone Field,recover-20220922,001,1795
392.8715,392.8784,24609,34063,Plecotus austriacus,0.014,0.036,-1,Echolocation,/mnt/ubna_data_02_mir/recover-20220922/UBNA_001/20220921_090000.WAV,Telephone Field,recover-20220922,001,1795
392.8725,392.9092,68437,81737,Rhinolophus ferrumequinum,0.022,0.022,-1,Echolocation,/mnt/ubna_data_02_mir/recover-20220922/UBNA_001/20220921_090000.WAV,Telephone Field,recover-20220922,001,1795
392.8825,392.9239,68437,82327,Rhinolophus ferrumequinum,0.022,0.022,-1,Echolocation,/mnt/ubna_data_02_mir/recover-20220922/UBNA_001/20220921_090000.WAV,Telephone Field,recover-20220922,001,1795
392.8875,392.9275,68437,82677,Rhinolophus ferrumequinum,0.021,0.021,-1,Echolocation,/mnt/ubna_data_02_mir/recover-20220922/UBNA_001/20220921_090000.WAV,Telephone Field,recover-20220922,001,1795
392.9095,392.9484,68437,81246,Rhinolophus ferrumequinum,0.025,0.025,-1,Echolocation,/mnt/ubna_data_02_mir/recover-20220922/UBNA_001/20220921_090000.WAV,Telephone Field,recover-20220922,001,1795
392.9455,392.9856,68437,82133,Rhinolophus ferrumequinum,0.028,0.028,-1,Echolocation,/mnt/ubna_data_02_mir/recover-20220922/UBNA_001/20220921_090000.WAV,Telephone Field,recover-20220922,001,1795
392.9495,392.9587,35781,41601,Barbastellus barbastellus,0.013,0.038,-1,Echolocation,/mnt/ubna_data_02_mir/recover-20220922/UBNA_001/20220921_090000.WAV,Telephone Field,recover-20220922,001,1795
392.9535,392.9619,28046,39374,Eptesicus serotinus,0.01,0.028,-1,Echolocation,/mnt/ubna_data_02_mir/recover-20220922/UBNA_001/20220921_090000.WAV,Telephone Field,recover-20220922,001,1795
392.9535,392.9912,68437,82383,Rhinolophus ferrumequinum,0.023,0.023,-1,Echolocation,/mnt/ubna_data_02_mir/recover-20220922/UBNA_001/20220921_090000.WAV,Telephone Field,recover-20220922,001,1795
392.9755,393.0171,68437,82511,Rhinolophus ferrumequinum,0.035,0.035,-1,Echolocation,/mnt/ubna_data_02_mir/recover-20220922/UBNA_001/20220921_090000.WAV,Telephone Field,recover-20220922,001,1795
392.9885,392.9981,26328,34425,Eptesicus serotinus,0.009,0.021,-1,Echolocation,/mnt/ubna_data_02_mir/recover-20220922/UBNA_001/20220921_090000.WAV,Telephone Field,recover-20220922,001,1795
393.0215,393.0296,28046,38098,Eptesicus serotinus,0.007,0.021,-1,Echolocation,/mnt/ubna_data_02_mir/recover-20220922/UBNA_001/20220921_090000.WAV,Telephone Field,recover-20220922,001,1795
393.0235,393.0622,68437,81890,Rhinolophus ferrumequinum,0.03,0.03,-1,Echolocation,/mnt/ubna_data_02_mir/recover-20220922/UBNA_001/20220921_090000.WAV,Telephone Field,recover-20220922,001,1795
393.0615,393.1037,68437,82860,Rhinolophus ferrumequinum,0.034,0.034,-1,Echolocation,/mnt/ubna_data_02_mir/recover-20220922/UBNA_001/20220921_090000.WAV,Telephone Field,recover-20220922,001,1795
393.0975,393.1403,68437,82442,Rhinolophus ferrumequinum,0.029,0.029,-1,Echolocation,/mnt/ubna_data_02_mir/recover-20220922/UBNA_001/20220921_090000.WAV,Telephone Field,recover-20220922,001,1795
393.1115,393.1204,32343,42549,Myotis daubentonii,0.006,0.022,-1,Echolocation,/mnt/ubna_data_02_mir/recover-20220922/UBNA_001/20220921_090000.WAV,Telephone Field,recover-20220922,001,1795
393.1185,393.1604,68437,82156,Rhinolophus ferrumequinum,0.021,0.021,-1,Echolocation,/mnt/ubna_data_02_mir/recover-20220922/UBNA_001/20220921_090000.WAV,Telephone Field,recover-20220922,001,1795
393.1345,393.1729,68437,82041,Rhinolophus ferrumequinum,0.023,0.023,-1,Echolocation,/mnt/ubna_data_02_mir/recover-20220922/UBNA_001/20220921_090000.WAV,Telephone Field,recover-20220922,001,1795
393.1635,393.1739,28046,34894,Eptesicus serotinus,0.011,0.023,-1,Echolocation,/mnt/ubna_data_02_mir/recover-20220922/UBNA_001/20220921_090000.WAV,Telephone Field,recover-20220922,001,1795
393.1925,393.2003,25468,36491,Eptesicus serotinus,0.006,0.021,-1,Echolocation,/mnt/ubna_data_02_mir/recover-20220922/UBNA_001/20220921_090000.WAV,Telephone Field,recover-20220922,001,1795
393.2045,393.2421,68437,82179,Rhinolophus ferrumequinum,0.024,0.024,-1,Echolocation,/mnt/ubna_data_02_mir/recover-20220922/UBNA_001/20220921_090000.WAV,Telephone Field,recover-20220922,001,1795
393.2165,393.2493,67578,78080,Rhinolophus ferrumequinum,0.023,0.024,-1,Echolocation,/mnt/ubna_data_02_mir/recover-20220922/UBNA_001/20220921_090000.WAV,Telephone Field,recover-20220922,001,1795
393.2615,393.2732,25468,32211,Eptesicus serotinus,0.01,0.027,-1,Echolocation,/mnt/ubna_data_02_mir/recover-20220922/UBNA_001/20220921_090000.WAV,Telephone Field,recover-20220922,001,1795
393.2725,393.3081,68437,81513,Rhinolophus ferrumequinum,0.022,0.022,-1,Echolocation,/mnt/ubna_data_02_mir/recover-20220922/UBNA_001/20220921_090000.WAV,Telephone Field,recover-20220922,001,1795
393.2825,393.2922,28906,39293,Eptesicus serotinus,0.013,0.026,-1,Echolocation,/mnt/ubna_data_02_mir/recover-20220922/UBNA_001/20220921_090000.WAV,Telephone Field,recover-20220922,001,1795
393.2855,393.3221,68437,81508,Rhinolophus ferrumequinum,0.021,0.021,-1,Echolocation,/mnt/ubna_data_02_mir/recover-20220922/UBNA_001/20220921_090000.WAV,Telephone Field,recover-20220922,001,1795
393.2945,393.3332,68437,81378,Rhinolophus ferrumequinum,0.022,0.022,-1,Echolocation,/mnt/ubna_data_02_mir/recover-20220922/UBNA_001/20220921_090000.WAV,Telephone Field,recover-20220922,001,1795
393.2995,393.3072,28046,36395,Eptesicus serotinus,0.018,0.042,-1,Echolocation,/mnt/ubna_data_02_mir/recover-20220922/UBNA_001/20220921_090000.WAV,Telephone Field,recover-20220922,001,1795
393.3245,393.3605,68437,81287,Rhinolophus ferrumequinum,0.022,0.022,-1,Echolocation,/mnt/ubna_data_02_mir/recover-20220922/UBNA_001/20220921_090000.WAV,Telephone Field,recover-20220922,001,1795
393.3335,393.3732,68437,81802,Rhinolophus ferrumequinum,0.021,0.021,-1,Echolocation,/mnt/ubna_data_02_mir/recover-20220922/UBNA_001/20220921_090000.WAV,Telephone Field,recover-20220922,001,1795
393.3435,393.3857,68437,83187,Rhinolophus ferrumequinum,0.025,0.025,-1,Echolocation,/mnt/ubna_data_02_mir/recover-20220922/UBNA_001/20220921_090000.WAV,Telephone Field,recover-20220922,001,1795
393.3515,393.3949,68437,82726,Rhinolophus ferrumequinum,0.024,0.024,-1,Echolocation,/mnt/ubna_data_02_mir/recover-20220922/UBNA_001/20220921_090000.WAV,Telephone Field,recover-20220922,001,1795
393.3675,393.4091,68437,82161,Rhinolophus ferrumequinum,0.021,0.021,-1,Echolocation,/mnt/ubna_data_02_mir/recover-20220922/UBNA_001/20220921_090000.WAV,Telephone Field,recover-20220922,001,1795
393.3715,393.3806,25468,33362,Eptesicus serotinus,0.009,0.025,-1,Echolocation,/mnt/ubna_data_02_mir/recover-20220922/UBNA_001/20220921_090000.WAV,Telephone Field,recover-20220922,001,1795
393.3845,393.4218,68437,81786,Rhinolophus ferrumequinum,0.021,0.021,-1,Echolocation,/mnt/ubna_data_02_mir/recover-20220922/UBNA_001/20220921_090000.WAV,Telephone Field,recover-20220922,001,1795
393.4125,393.4524,68437,82679,Rhinolophus ferrumequinum,0.031,0.031,-1,Echolocation,/mnt/ubna_data_02_mir/recover-20220922/UBNA_001/20220921_090000.WAV,Telephone Field,recover-20220922,001,1795
393.4345,393.4758,68437,82479,Rhinolophus ferrumequinum,0.03,0.03,-1,Echolocation,/mnt/ubna_data_02_mir/recover-20220922/UBNA_001/20220921_090000.WAV,Telephone Field,recover-20220922,001,1795
393.4805,393.5215,68437,82300,Rhinolophus ferrumequinum,0.023,0.023,-1,Echolocation,/mnt/ubna_data_02_mir/recover-20220922/UBNA_001/20220921_090000.WAV,Telephone Field,recover-20220922,001,1795
393.5485,393.5881,68437,82453,Rhinolophus ferrumequinum,0.025,0.025,-1,Echolocation,/mnt/ubna_data_02_mir/recover-20220922/UBNA_001/20220921_090000.WAV,Telephone Field,recover-20220922,001,1795
393.5665,393.5771,23750,30043,Nyctalus leisleri,0.009,0.023,-1,Echolocation,/mnt/ubna_data_02_mir/recover-20220922/UBNA_001/20220921_090000.WAV,Telephone Field,recover-20220922,001,1795
393.5855,393.5945,23750,30624,Nyctalus leisleri,0.008,0.023,-1,Echolocation,/mnt/ubna_data_02_mir/recover-20220922/UBNA_001/20220921_090000.WAV,Telephone Field,recover-20220922,001,1795
393.5995,393.6387,68437,82403,Rhinolophus ferrumequinum,0.029,0.029,-1,Echolocation,/mnt/ubna_data_02_mir/recover-20220922/UBNA_001/20220921_090000.WAV,Telephone Field,recover-20220922,001,1795
393.6305,393.6383,46093,51473,Pipistrellus pipistrellus,0.034,0.036,-1,Echolocation,/mnt/ubna_data_02_mir/recover-20220922/UBNA_001/20220921_090000.WAV,Telephone Field,recover-20220922,001,1795
393.6435,393.6823,68437,82383,Rhinolophus ferrumequinum,0.021,0.021,-1,Echolocation,/mnt/ubna_data_02_mir/recover-20220922/UBNA_001/20220921_090000.WAV,Telephone Field,recover-20220922,001,1795
393.6725,393.7119,68437,82060,Rhinolophus ferrumequinum,0.024,0.024,-1,Echolocation,/mnt/ubna_data_02_mir/recover-20220922/UBNA_001/20220921_090000.WAV,Telephone Field,recover-20220922,001,1795
393.6825,393.6895,28906,39191,Eptesicus serotinus,0.006,0.023,-1,Echolocation,/mnt/ubna_data_02_mir/recover-20220922/UBNA_001/20220921_090000.WAV,Telephone Field,recover-20220922,001,1795
393.6825,393.6928,22031,26928,Nyctalus leisleri,0.011,0.023,-1,Echolocation,/mnt/ubna_data_02_mir/recover-20220922/UBNA_001/20220921_090000.WAV,Telephone Field,recover-20220922,001,1795
393.7475,393.7879,68437,82066,Rhinolophus ferrumequinum,0.021,0.022,-1,Echolocation,/mnt/ubna_data_02_mir/recover-20220922/UBNA_001/20220921_090000.WAV,Telephone Field,recover-20220922,001,1795
393.7625,393.8006,68437,80763,Rhinolophus ferrumequinum,0.025,0.025,-1,Echolocation,/mnt/ubna_data_02_mir/recover-20220922/UBNA_001/20220921_090000.WAV,Telephone Field,recover-20220922,001,1795
393.7695,393.8038,68437,80836,Rhinolophus ferrumequinum,0.023,0.023,-1,Echolocation,/mnt/ubna_data_02_mir/recover-20220922/UBNA_001/20220921_090000.WAV,Telephone Field,recover-20220922,001,1795
393.8235,393.8604,68437,81448,Rhinolophus ferrumequinum,0.021,0.021,-1,Echolocation,/mnt/ubna_data_02_mir/recover-20220922/UBNA_001/20220921_090000.WAV,Telephone Field,recover-20220922,001,1795
393.8395,393.851,26328,33340,Eptesicus serotinus,0.013,0.027,-1,Echolocation,/mnt/ubna_data_02_mir/recover-20220922/UBNA_001/20220921_090000.WAV,Telephone Field,recover-20220922,001,1795
393.8415,393.8791,68437,81940,Rhinolophus ferrumequinum,0.023,0.023,-1,Echolocation,/mnt/ubna_data_02_mir/recover-20220922/UBNA_001/20220921_090000.WAV,Telephone Field,recover-20220922,001,1795
393.8685,393.9093,68437,82085,Rhinolophus ferrumequinum,0.022,0.022,-1,Echolocation,/mnt/ubna_data_02_mir/recover-20220922/UBNA_001/20220921_090000.WAV,Telephone Field,recover-20220922,001,1795
393.8905,393.9323,68437,82833,Rhinolophus ferrumequinum,0.023,0.023,-1,Echolocation,/mnt/ubna_data_02_mir/recover-20220922/UBNA_001/20220921_090000.WAV,Telephone Field,recover-20220922,001,1795
393.8945,393.9038,28906,37874,Eptesicus serotinus,0.009,0.025,-1,Echolocation,/mnt/ubna_data_02_mir/recover-20220922/UBNA_001/20220921_090000.WAV,Telephone Field,recover-20220922,001,1795
393.9125,393.9489,68437,81950,Rhinolophus ferrumequinum,0.021,0.021,-1,Echolocation,/mnt/ubna_data_02_mir/recover-20220922/UBNA_001/20220921_090000.WAV,Telephone Field,recover-20220922,001,1795
393.9525,393.986,68437,80897,Rhinolophus ferrumequinum,0.022,0.022,-1,Echolocation,/mnt/ubna_data_02_mir/recover-20220922/UBNA_001/20220921_090000.WAV,Telephone Field,recover-20220922,001,1795
393.9835,393.9907,24609,34111,Plecotus austriacus,0.009,0.024,-1,Echolocation,/mnt/ubna_data_02_mir/recover-20220922/UBNA_001/20220921_090000.WAV,Telephone Field,recover-20220922,001,1795
394.0015,394.0105,22031,29187,Nyctalus leisleri,0.011,0.032,-1,Echolocation,/mnt/ubna_data_02_mir/recover-20220922/UBNA_001/20220921_090000.WAV,Telephone Field,recover-20220922,001,1795
394.0015,394.0082,48671,55677,Pipistrellus pipistrellus,0.014,0.022,-1,Echolocation,/mnt/ubna_data_02_mir/recover-20220922/UBNA_001/20220921_090000.WAV,Telephone Field,recover-20220922,001,1795
394.0015,394.0342,69296,80723,Rhinolophus ferrumequinum,0.03,0.03,-1,Echolocation,/mnt/ubna_data_02_mir/recover-20220922/UBNA_001/20220921_090000.WAV,Telephone Field,recover-20220922,001,1795
394.0275,394.0641,68437,81220,Rhinolophus ferrumequinum,0.021,0.021,-1,Echolocation,/mnt/ubna_data_02_mir/recover-20220922/UBNA_001/20220921_090000.WAV,Telephone Field,recover-20220922,001,1795
394.0595,394.0717,25468,31096,Nyctalus leisleri,0.014,0.03,-1,Echolocation,/mnt/ubna_data_02_mir/recover-20220922/UBNA_001/20220921_090000.WAV,Telephone Field,recover-20220922,001,1795
394.0665,394.10360000000003,68437,81210,Rhinolophus ferrumequinum,0.021,0.021,-1,Echolocation,/mnt/ubna_data_02_mir/recover-20220922/UBNA_001/20220921_090000.WAV,Telephone Field,recover-20220922,001,1795
394.0835,394.1201,68437,82217,Rhinolophus ferrumequinum,0.025,0.025,-1,Echolocation,/mnt/ubna_data_02_mir/recover-20220922/UBNA_001/20220921_090000.WAV,Telephone Field,recover-20220922,001,1795
394.1285,394.1398,22890,27593,Nyctalus leisleri,0.011,0.021,-1,Echolocation,/mnt/ubna_data_02_mir/recover-20220922/UBNA_001/20220921_090000.WAV,Telephone Field,recover-20220922,001,1795
394.1365,394.1448,48671,56997,Pipistrellus pipistrellus,0.018,0.021,-1,Echolocation,/mnt/ubna_data_02_mir/recover-20220922/UBNA_001/20220921_090000.WAV,Telephone Field,recover-20220922,001,1795
394.1755,394.2122,68437,82004,Rhinolophus ferrumequinum,0.021,0.021,-1,Echolocation,/mnt/ubna_data_02_mir/recover-20220922/UBNA_001/20220921_090000.WAV,Telephone Field,recover-20220922,001,1795
394.2115,394.22,27187,40322,Eptesicus serotinus,0.008,0.023,-1,Echolocation,/mnt/ubna_data_02_mir/recover-20220922/UBNA_001/20220921_090000.WAV,Telephone Field,recover-20220922,001,1795
394.2175,394.254,68437,81658,Rhinolophus ferrumequinum,0.021,0.021,-1,Echolocation,/mnt/ubna_data_02_mir/recover-20220922/UBNA_001/20220921_090000.WAV,Telephone Field,recover-20220922,001,1795
394.2445,394.2858,68437,82688,Rhinolophus ferrumequinum,0.026,0.026,-1,Echolocation,/mnt/ubna_data_02_mir/recover-20220922/UBNA_001/20220921_090000.WAV,Telephone Field,recover-20220922,001,1795
394.2535,394.2936,68437,82648,Rhinolophus ferrumequinum,0.024,0.024,-1,Echolocation,/mnt/ubna_data_02_mir/recover-20220922/UBNA_001/20220921_090000.WAV,Telephone Field,recover-20220922,001,1795
394.2775,394.2893,22031,26410,Nyctalus leisleri,0.012,0.022,-1,Echolocation,/mnt/ubna_data_02_mir/recover-20220922/UBNA_001/20220921_090000.WAV,Telephone Field,recover-20220922,001,1795
394.2935,394.331,68437,81460,Rhinolophus ferrumequinum,0.021,0.021,-1,Echolocation,/mnt/ubna_data_02_mir/recover-20220922/UBNA_001/20220921_090000.WAV,Telephone Field,recover-20220922,001,1795
394.3375,394.3765,68437,82123,Rhinolophus ferrumequinum,0.021,0.021,-1,Echolocation,/mnt/ubna_data_02_mir/recover-20220922/UBNA_001/20220921_090000.WAV,Telephone Field,recover-20220922,001,1795
394.3545,394.3947,68437,82496,Rhinolophus ferrumequinum,0.022,0.022,-1,Echolocation,/mnt/ubna_data_02_mir/recover-20220922/UBNA_001/20220921_090000.WAV,Telephone Field,recover-20220922,001,1795
394.3765,394.4154,68437,82259,Rhinolophus ferrumequinum,0.023,0.023,-1,Echolocation,/mnt/ubna_data_02_mir/recover-20220922/UBNA_001/20220921_090000.WAV,Telephone Field,recover-20220922,001,1795
394.4075,394.4155,26328,35407,Eptesicus serotinus,0.01,0.026,-1,Echolocation,/mnt/ubna_data_02_mir/recover-20220922/UBNA_001/20220921_090000.WAV,Telephone Field,recover-20220922,001,1795
394.4095,394.4479,68437,81860,Rhinolophus ferrumequinum,0.024,0.024,-1,Echolocation,/mnt/ubna_data_02_mir/recover-20220922/UBNA_001/20220921_090000.WAV,Telephone Field,recover-20220922,001,1795
394.4205,394.4577,68437,81838,Rhinolophus ferrumequinum,0.023,0.023,-1,Echolocation,/mnt/ubna_data_02_mir/recover-20220922/UBNA_001/20220921_090000.WAV,Telephone Field,recover-20220922,001,1795
394.4405,394.4509,22031,27340,Nyctalus leisleri,0.01,0.022,-1,Echolocation,/mnt/ubna_data_02_mir/recover-20220922/UBNA_001/20220921_090000.WAV,Telephone Field,recover-20220922,001,1795
394.4745,394.5133,68437,82150,Rhinolophus ferrumequinum,0.022,0.022,-1,Echolocation,/mnt/ubna_data_02_mir/recover-20220922/UBNA_001/20220921_090000.WAV,Telephone Field,recover-20220922,001,1795
394.4845,394.5217,68437,81690,Rhinolophus ferrumequinum,0.021,0.021,-1,Echolocation,/mnt/ubna_data_02_mir/recover-20220922/UBNA_001/20220921_090000.WAV,Telephone Field,recover-20220922,001,1795
394.5225,394.5358,22890,27062,Nyctalus leisleri,0.015,0.026,-1,Echolocation,/mnt/ubna_data_02_mir/recover-20220922/UBNA_001/20220921_090000.WAV,Telephone Field,recover-20220922,001,1795
394.6375,394.6753,68437,82019,Rhinolophus ferrumequinum,0.021,0.021,-1,Echolocation,/mnt/ubna_data_02_mir/recover-20220922/UBNA_001/20220921_090000.WAV,Telephone Field,recover-20220922,001,1795
394.6645,394.6855,17734,22249,Nyctalus noctula,0.018,0.025,-1,Echolocation,/mnt/ubna_data_02_mir/recover-20220922/UBNA_001/20220921_090000.WAV,Telephone Field,recover-20220922,001,1795
394.6665,394.7053,68437,82192,Rhinolophus ferrumequinum,0.022,0.022,-1,Echolocation,/mnt/ubna_data_02_mir/recover-20220922/UBNA_001/20220921_090000.WAV,Telephone Field,recover-20220922,001,1795
394.6745,394.6819,28046,40023,Eptesicus serotinus,0.007,0.023,-1,Echolocation,/mnt/ubna_data_02_mir/recover-20220922/UBNA_001/20220921_090000.WAV,Telephone Field,recover-20220922,001,1795
394.6905,394.7349,68437,83312,Rhinolophus ferrumequinum,0.029,0.029,-1,Echolocation,/mnt/ubna_data_02_mir/recover-20220922/UBNA_001/20220921_090000.WAV,Telephone Field,recover-20220922,001,1795
394.6975,394.708,22890,28352,Nyctalus leisleri,0.01,0.022,-1,Echolocation,/mnt/ubna_data_02_mir/recover-20220922/UBNA_001/20220921_090000.WAV,Telephone Field,recover-20220922,001,1795
394.7135,394.7218,46953,53287,Pipistrellus pipistrellus,0.02,0.022,-1,Echolocation,/mnt/ubna_data_02_mir/recover-20220922/UBNA_001/20220921_090000.WAV,Telephone Field,recover-20220922,001,1795
394.7145,394.7534,68437,82398,Rhinolophus ferrumequinum,0.022,0.022,-1,Echolocation,/mnt/ubna_data_02_mir/recover-20220922/UBNA_001/20220921_090000.WAV,Telephone Field,recover-20220922,001,1795
394.7295,394.7696,68437,82094,Rhinolophus ferrumequinum,0.023,0.023,-1,Echolocation,/mnt/ubna_data_02_mir/recover-20220922/UBNA_001/20220921_090000.WAV,Telephone Field,recover-20220922,001,1795
394.7385,394.7773,68437,81332,Rhinolophus ferrumequinum,0.022,0.022,-1,Echolocation,/mnt/ubna_data_02_mir/recover-20220922/UBNA_001/20220921_090000.WAV,Telephone Field,recover-20220922,001,1795
394.7805,394.8186,68437,81677,Rhinolophus ferrumequinum,0.022,0.022,-1,Echolocation,/mnt/ubna_data_02_mir/recover-20220922/UBNA_001/20220921_090000.WAV,Telephone Field,recover-20220922,001,1795
394.8085,394.8212,23750,29620,Nyctalus leisleri,0.011,0.024,-1,Echolocation,/mnt/ubna_data_02_mir/recover-20220922/UBNA_001/20220921_090000.WAV,Telephone Field,recover-20220922,001,1795
394.8155,394.8553,68437,82217,Rhinolophus ferrumequinum,0.024,0.024,-1,Echolocation,/mnt/ubna_data_02_mir/recover-20220922/UBNA_001/20220921_090000.WAV,Telephone Field,recover-20220922,001,1795
394.8445,394.8544,46093,50048,Pipistrellus pipistrellus,0.02,0.022,-1,Echolocation,/mnt/ubna_data_02_mir/recover-20220922/UBNA_001/20220921_090000.WAV,Telephone Field,recover-20220922,001,1795
394.9005,394.9433,68437,83289,Rhinolophus ferrumequinum,0.032,0.032,-1,Echolocation,/mnt/ubna_data_02_mir/recover-20220922/UBNA_001/20220921_090000.WAV,Telephone Field,recover-20220922,001,1795
394.9125,394.9239,23750,29489,Nyctalus leisleri,0.009,0.022,-1,Echolocation,/mnt/ubna_data_02_mir/recover-20220922/UBNA_001/20220921_090000.WAV,Telephone Field,recover-20220922,001,1795
394.9485,394.9849,68437,82117,Rhinolophus ferrumequinum,0.025,0.025,-1,Echolocation,/mnt/ubna_data_02_mir/recover-20220922/UBNA_001/20220921_090000.WAV,Telephone Field,recover-20220922,001,1795
394.9835,394.9997,22031,25978,Nyctalus leisleri,0.026,0.043,-1,Echolocation,/mnt/ubna_data_02_mir/recover-20220922/UBNA_001/20220921_090000.WAV,Telephone Field,recover-20220922,001,1795
394.9985,395.0365,68437,82413,Rhinolophus ferrumequinum,0.032,0.032,-1,Echolocation,/mnt/ubna_data_02_mir/recover-20220922/UBNA_001/20220921_090000.WAV,Telephone Field,recover-20220922,001,1795
395.0105,395.021,24609,31256,Eptesicus serotinus,0.008,0.024,-1,Echolocation,/mnt/ubna_data_02_mir/recover-20220922/UBNA_001/20220921_090000.WAV,Telephone Field,recover-20220922,001,1795
395.0335,395.0722,68437,82228,Rhinolophus ferrumequinum,0.023,0.023,-1,Echolocation,/mnt/ubna_data_02_mir/recover-20220922/UBNA_001/20220921_090000.WAV,Telephone Field,recover-20220922,001,1795
395.0525,395.0702,20312,23531,Nyctalus leisleri,0.014,0.024,-1,Echolocation,/mnt/ubna_data_02_mir/recover-20220922/UBNA_001/20220921_090000.WAV,Telephone Field,recover-20220922,001,1795
395.0875,395.1225,68437,81086,Rhinolophus ferrumequinum,0.022,0.022,-1,Echolocation,/mnt/ubna_data_02_mir/recover-20220922/UBNA_001/20220921_090000.WAV,Telephone Field,recover-20220922,001,1795
395.1135,395.1545,68437,82564,Rhinolophus ferrumequinum,0.021,0.021,-1,Echolocation,/mnt/ubna_data_02_mir/recover-20220922/UBNA_001/20220921_090000.WAV,Telephone Field,recover-20220922,001,1795
395.1195,395.1617,68437,82739,Rhinolophus ferrumequinum,0.023,0.023,-1,Echolocation,/mnt/ubna_data_02_mir/recover-20220922/UBNA_001/20220921_090000.WAV,Telephone Field,recover-20220922,001,1795
395.1935,395.2007,58125,62920,Pipistrellus pygmaeus,0.024,0.025,-1,Echolocation,/mnt/ubna_data_02_mir/recover-20220922/UBNA_001/20220921_090000.WAV,Telephone Field,recover-20220922,001,1795
395.1995,395.2363,68437,81466,Rhinolophus ferrumequinum,0.021,0.021,-1,Echolocation,/mnt/ubna_data_02_mir/recover-20220922/UBNA_001/20220921_090000.WAV,Telephone Field,recover-20220922,001,1795
395.2095,395.2489,68437,82316,Rhinolophus ferrumequinum,0.024,0.024,-1,Echolocation,/mnt/ubna_data_02_mir/recover-20220922/UBNA_001/20220921_090000.WAV,Telephone Field,recover-20220922,001,1795
395.2135,395.2241,28906,36386,Eptesicus serotinus,0.012,0.027,-1,Echolocation,/mnt/ubna_data_02_mir/recover-20220922/UBNA_001/20220921_090000.WAV,Telephone Field,recover-20220922,001,1795
395.2285,395.2672,68437,81900,Rhinolophus ferrumequinum,0.022,0.022,-1,Echolocation,/mnt/ubna_data_02_mir/recover-20220922/UBNA_001/20220921_090000.WAV,Telephone Field,recover-20220922,001,1795
395.2375,395.2497,35781,40488,Pipistrellus nathusii,0.018,0.031,-1,Echolocation,/mnt/ubna_data_02_mir/recover-20220922/UBNA_001/20220921_090000.WAV,Telephone Field,recover-20220922,001,1795
395.2625,395.3006,68437,81359,Rhinolophus ferrumequinum,0.022,0.022,-1,Echolocation,/mnt/ubna_data_02_mir/recover-20220922/UBNA_001/20220921_090000.WAV,Telephone Field,recover-20220922,001,1795
395.2675,395.2761,27187,36203,Eptesicus serotinus,0.008,0.023,-1,Echolocation,/mnt/ubna_data_02_mir/recover-20220922/UBNA_001/20220921_090000.WAV,Telephone Field,recover-20220922,001,1795
395.2905,395.3287,68437,82058,Rhinolophus ferrumequinum,0.021,0.021,-1,Echolocation,/mnt/ubna_data_02_mir/recover-20220922/UBNA_001/20220921_090000.WAV,Telephone Field,recover-20220922,001,1795
395.3025,395.3409,68437,82216,Rhinolophus ferrumequinum,0.023,0.023,-1,Echolocation,/mnt/ubna_data_02_mir/recover-20220922/UBNA_001/20220921_090000.WAV,Telephone Field,recover-20220922,001,1795
395.3375,395.3468,50390,54988,Pipistrellus pipistrellus,0.021,0.025,-1,Echolocation,/mnt/ubna_data_02_mir/recover-20220922/UBNA_001/20220921_090000.WAV,Telephone Field,recover-20220922,001,1795
395.3535,395.393,68437,82535,Rhinolophus ferrumequinum,0.023,0.023,-1,Echolocation,/mnt/ubna_data_02_mir/recover-20220922/UBNA_001/20220921_090000.WAV,Telephone Field,recover-20220922,001,1795
395.3745,395.4169,68437,82580,Rhinolophus ferrumequinum,0.024,0.024,-1,Echolocation,/mnt/ubna_data_02_mir/recover-20220922/UBNA_001/20220921_090000.WAV,Telephone Field,recover-20220922,001,1795
395.4105,395.4506,68437,82615,Rhinolophus ferrumequinum,0.025,0.025,-1,Echolocation,/mnt/ubna_data_02_mir/recover-20220922/UBNA_001/20220921_090000.WAV,Telephone Field,recover-20220922,001,1795
395.4265,395.4343,28046,39525,Eptesicus serotinus,0.007,0.021,-1,Echolocation,/mnt/ubna_data_02_mir/recover-20220922/UBNA_001/20220921_090000.WAV,Telephone Field,recover-20220922,001,1795
395.4535,395.4941,68437,82479,Rhinolophus ferrumequinum,0.025,0.025,-1,Echolocation,/mnt/ubna_data_02_mir/recover-20220922/UBNA_001/20220921_090000.WAV,Telephone Field,recover-20220922,001,1795
395.5015,395.5102,28046,36761,Eptesicus serotinus,0.009,0.023,-1,Echolocation,/mnt/ubna_data_02_mir/recover-20220922/UBNA_001/20220921_090000.WAV,Telephone Field,recover-20220922,001,1795
395.5035,395.5429,68437,81713,Rhinolophus ferrumequinum,0.023,0.023,-1,Echolocation,/mnt/ubna_data_02_mir/recover-20220922/UBNA_001/20220921_090000.WAV,Telephone Field,recover-20220922,001,1795
395.5435,395.5793,68437,80835,Rhinolophus ferrumequinum,0.025,0.025,-1,Echolocation,/mnt/ubna_data_02_mir/recover-20220922/UBNA_001/20220921_090000.WAV,Telephone Field,recover-20220922,001,1795
395.5625,395.60360000000003,68437,82834,Rhinolophus ferrumequinum,0.027,0.027,-1,Echolocation,/mnt/ubna_data_02_mir/recover-20220922/UBNA_001/20220921_090000.WAV,Telephone Field,recover-20220922,001,1795
395.5955,395.6023,26328,40693,Eptesicus serotinus,0.005,0.023,-1,Echolocation,/mnt/ubna_data_02_mir/recover-20220922/UBNA_001/20220921_090000.WAV,Telephone Field,recover-20220922,001,1795
395.6115,395.6224,22890,27990,Nyctalus leisleri,0.013,0.027,-1,Echolocation,/mnt/ubna_data_02_mir/recover-20220922/UBNA_001/20220921_090000.WAV,Telephone Field,recover-20220922,001,1795
395.6125,395.6526,68437,82081,Rhinolophus ferrumequinum,0.022,0.022,-1,Echolocation,/mnt/ubna_data_02_mir/recover-20220922/UBNA_001/20220921_090000.WAV,Telephone Field,recover-20220922,001,1795
395.6225,395.6613,68437,82442,Rhinolophus ferrumequinum,0.021,0.021,-1,Echolocation,/mnt/ubna_data_02_mir/recover-20220922/UBNA_001/20220921_090000.WAV,Telephone Field,recover-20220922,001,1795
395.6415,395.6847,68437,83271,Rhinolophus ferrumequinum,0.025,0.025,-1,Echolocation,/mnt/ubna_data_02_mir/recover-20220922/UBNA_001/20220921_090000.WAV,Telephone Field,recover-20220922,001,1795
395.6725,395.7103,68437,81825,Rhinolophus ferrumequinum,0.023,0.023,-1,Echolocation,/mnt/ubna_data_02_mir/recover-20220922/UBNA_001/20220921_090000.WAV,Telephone Field,recover-20220922,001,1795
395.6875,395.6955,48671,53338,Pipistrellus pipistrellus,0.019,0.021,-1,Echolocation,/mnt/ubna_data_02_mir/recover-20220922/UBNA_001/20220921_090000.WAV,Telephone Field,recover-20220922,001,1795
395.7425,395.7846,68437,82995,Rhinolophus ferrumequinum,0.027,0.027,-1,Echolocation,/mnt/ubna_data_02_mir/recover-20220922/UBNA_001/20220921_090000.WAV,Telephone Field,recover-20220922,001,1795
395.7715,395.8141,68437,82961,Rhinolophus ferrumequinum,0.027,0.027,-1,Echolocation,/mnt/ubna_data_02_mir/recover-20220922/UBNA_001/20220921_090000.WAV,Telephone Field,recover-20220922,001,1795
395.7965,395.8374,68437,83086,Rhinolophus ferrumequinum,0.025,0.025,-1,Echolocation,/mnt/ubna_data_02_mir/recover-20220922/UBNA_001/20220921_090000.WAV,Telephone Field,recover-20220922,001,1795
395.8235,395.8289,46953,53661,Pipistrellus pipistrellus,0.02,0.023,-1,Echolocation,/mnt/ubna_data_02_mir/recover-20220922/UBNA_001/20220921_090000.WAV,Telephone Field,recover-20220922,001,1795
395.8595,395.8677,27187,36870,Eptesicus serotinus,0.007,0.022,-1,Echolocation,/mnt/ubna_data_02_mir/recover-20220922/UBNA_001/20220921_090000.WAV,Telephone Field,recover-20220922,001,1795
395.8595,395.89639999999997,68437,81542,Rhinolophus ferrumequinum,0.024,0.024,-1,Echolocation,/mnt/ubna_data_02_mir/recover-20220922/UBNA_001/20220921_090000.WAV,Telephone Field,recover-20220922,001,1795
395.9165,395.9553,68437,82396,Rhinolophus ferrumequinum,0.022,0.022,-1,Echolocation,/mnt/ubna_data_02_mir/recover-20220922/UBNA_001/20220921_090000.WAV,Telephone Field,recover-20220922,001,1795
395.9305,395.9408,28906,36830,Eptesicus serotinus,0.009,0.021,-1,Echolocation,/mnt/ubna_data_02_mir/recover-20220922/UBNA_001/20220921_090000.WAV,Telephone Field,recover-20220922,001,1795
395.9425,395.9824,68437,81928,Rhinolophus ferrumequinum,0.024,0.024,-1,Echolocation,/mnt/ubna_data_02_mir/recover-20220922/UBNA_001/20220921_090000.WAV,Telephone Field,recover-20220922,001,1795
395.9555,395.9975,68437,82740,Rhinolophus ferrumequinum,0.029,0.029,-1,Echolocation,/mnt/ubna_data_02_mir/recover-20220922/UBNA_001/20220921_090000.WAV,Telephone Field,recover-20220922,001,1795
396.0015,396.0331,68437,80683,Rhinolophus ferrumequinum,0.032,0.032,-1,Echolocation,/mnt/ubna_data_02_mir/recover-20220922/UBNA_001/20220921_090000.WAV,Telephone Field,recover-20220922,001,1795
396.0015,396.01,26328,36713,Nyctalus leisleri,0.006,0.026,-1,Echolocation,/mnt/ubna_data_02_mir/recover-20220922/UBNA_001/20220921_090000.WAV,Telephone Field,recover-20220922,001,1795
396.0505,396.0665,20312,24259,Nyctalus leisleri,0.024,0.046,-1,Echolocation,/mnt/ubna_data_02_mir/recover-20220922/UBNA_001/20220921_090000.WAV,Telephone Field,recover-20220922,001,1795
396.0505,396.0906,68437,82133,Rhinolophus ferrumequinum,0.023,0.023,-1,Echolocation,/mnt/ubna_data_02_mir/recover-20220922/UBNA_001/20220921_090000.WAV,Telephone Field,recover-20220922,001,1795
396.0725,396.1085,68437,82213,Rhinolophus ferrumequinum,0.022,0.022,-1,Echolocation,/mnt/ubna_data_02_mir/recover-20220922/UBNA_001/20220921_090000.WAV,Telephone Field,recover-20220922,001,1795
396.0825,396.1225,68437,82738,Rhinolophus ferrumequinum,0.025,0.025,-1,Echolocation,/mnt/ubna_data_02_mir/recover-20220922/UBNA_001/20220921_090000.WAV,Telephone Field,recover-20220922,001,1795
396.0865,396.09590000000003,22890,29086,Nyctalus leisleri,0.009,0.024,-1,Echolocation,/mnt/ubna_data_02_mir/recover-20220922/UBNA_001/20220921_090000.WAV,Telephone Field,recover-20220922,001,1795
396.0955,396.1055,28906,36348,Eptesicus serotinus,0.009,0.022,-1,Echolocation,/mnt/ubna_data_02_mir/recover-20220922/UBNA_001/20220921_090000.WAV,Telephone Field,recover-20220922,001,1795
396.1475,396.1858,68437,81883,Rhinolophus ferrumequinum,0.022,0.022,-1,Echolocation,/mnt/ubna_data_02_mir/recover-20220922/UBNA_001/20220921_090000.WAV,Telephone Field,recover-20220922,001,1795
396.1475,396.1549,28046,37460,Eptesicus serotinus,0.006,0.022,-1,Echolocation,/mnt/ubna_data_02_mir/recover-20220922/UBNA_001/20220921_090000.WAV,Telephone Field,recover-20220922,001,1795
396.1565,396.1967,68437,82104,Rhinolophus ferrumequinum,0.025,0.025,-1,Echolocation,/mnt/ubna_data_02_mir/recover-20220922/UBNA_001/20220921_090000.WAV,Telephone Field,recover-20220922,001,1795
396.2245,396.2346,28906,35887,Eptesicus serotinus,0.009,0.022,-1,Echolocation,/mnt/ubna_data_02_mir/recover-20220922/UBNA_001/20220921_090000.WAV,Telephone Field,recover-20220922,001,1795
396.2375,396.2782,68437,82537,Rhinolophus ferrumequinum,0.026,0.026,-1,Echolocation,/mnt/ubna_data_02_mir/recover-20220922/UBNA_001/20220921_090000.WAV,Telephone Field,recover-20220922,001,1795
396.2805,396.3203,68437,81685,Rhinolophus ferrumequinum,0.025,0.025,-1,Echolocation,/mnt/ubna_data_02_mir/recover-20220922/UBNA_001/20220921_090000.WAV,Telephone Field,recover-20220922,001,1795
396.2875,396.3271,68437,82647,Rhinolophus ferrumequinum,0.024,0.024,-1,Echolocation,/mnt/ubna_data_02_mir/recover-20220922/UBNA_001/20220921_090000.WAV,Telephone Field,recover-20220922,001,1795
396.3145,396.3573,68437,83122,Rhinolophus ferrumequinum,0.033,0.033,-1,Echolocation,/mnt/ubna_data_02_mir/recover-20220922/UBNA_001/20220921_090000.WAV,Telephone Field,recover-20220922,001,1795
396.3175,396.3243,51250,56253,Pipistrellus pipistrellus,0.023,0.026,-1,Echolocation,/mnt/ubna_data_02_mir/recover-20220922/UBNA_001/20220921_090000.WAV,Telephone Field,recover-20220922,001,1795
396.3305,396.3655,68437,80503,Rhinolophus ferrumequinum,0.023,0.023,-1,Echolocation,/mnt/ubna_data_02_mir/recover-20220922/UBNA_001/20220921_090000.WAV,Telephone Field,recover-20220922,001,1795
396.3675,396.4057,68437,82206,Rhinolophus ferrumequinum,0.024,0.024,-1,Echolocation,/mnt/ubna_data_02_mir/recover-20220922/UBNA_001/20220921_090000.WAV,Telephone Field,recover-20220922,001,1795
396.3705,396.3786,28046,39435,Eptesicus serotinus,0.007,0.024,-1,Echolocation,/mnt/ubna_data_02_mir/recover-20220922/UBNA_001/20220921_090000.WAV,Telephone Field,recover-20220922,001,1795
396.3765,396.4144,68437,81656,Rhinolophus ferrumequinum,0.021,0.021,-1,Echolocation,/mnt/ubna_data_02_mir/recover-20220922/UBNA_001/20220921_090000.WAV,Telephone Field,recover-20220922,001,1795
396.4145,396.4545,68437,82336,Rhinolophus ferrumequinum,0.022,0.022,-1,Echolocation,/mnt/ubna_data_02_mir/recover-20220922/UBNA_001/20220921_090000.WAV,Telephone Field,recover-20220922,001,1795
396.4495,396.487,68437,81695,Rhinolophus ferrumequinum,0.022,0.022,-1,Echolocation,/mnt/ubna_data_02_mir/recover-20220922/UBNA_001/20220921_090000.WAV,Telephone Field,recover-20220922,001,1795
396.4565,396.4671,22890,27809,Nyctalus leisleri,0.011,0.022,-1,Echolocation,/mnt/ubna_data_02_mir/recover-20220922/UBNA_001/20220921_090000.WAV,Telephone Field,recover-20220922,001,1795
396.4915,396.4986,28046,39640,Eptesicus serotinus,0.006,0.023,-1,Echolocation,/mnt/ubna_data_02_mir/recover-20220922/UBNA_001/20220921_090000.WAV,Telephone Field,recover-20220922,001,1795
396.5065,396.5435,68437,81830,Rhinolophus ferrumequinum,0.024,0.024,-1,Echolocation,/mnt/ubna_data_02_mir/recover-20220922/UBNA_001/20220921_090000.WAV,Telephone Field,recover-20220922,001,1795
396.5125,396.5467,68437,81480,Rhinolophus ferrumequinum,0.022,0.022,-1,Echolocation,/mnt/ubna_data_02_mir/recover-20220922/UBNA_001/20220921_090000.WAV,Telephone Field,recover-20220922,001,1795
396.5285,396.5692,68437,82334,Rhinolophus ferrumequinum,0.024,0.024,-1,Echolocation,/mnt/ubna_data_02_mir/recover-20220922/UBNA_001/20220921_090000.WAV,Telephone Field,recover-20220922,001,1795
396.5755,396.6125,68437,81745,Rhinolophus ferrumequinum,0.022,0.022,-1,Echolocation,/mnt/ubna_data_02_mir/recover-20220922/UBNA_001/20220921_090000.WAV,Telephone Field,recover-20220922,001,1795
396.5905,396.6021,28906,35647,Eptesicus serotinus,0.013,0.026,-1,Echolocation,/mnt/ubna_data_02_mir/recover-20220922/UBNA_001/20220921_090000.WAV,Telephone Field,recover-20220922,001,1795
396.6165,396.6261,27187,36475,Eptesicus serotinus,0.01,0.023,-1,Echolocation,/mnt/ubna_data_02_mir/recover-20220922/UBNA_001/20220921_090000.WAV,Telephone Field,recover-20220922,001,1795
396.6255,396.6364,23750,30172,Nyctalus leisleri,0.013,0.031,-1,Echolocation,/mnt/ubna_data_02_mir/recover-20220922/UBNA_001/20220921_090000.WAV,Telephone Field,recover-20220922,001,1795
396.6745,396.715,68437,82906,Rhinolophus ferrumequinum,0.025,0.025,-1,Echolocation,/mnt/ubna_data_02_mir/recover-20220922/UBNA_001/20220921_090000.WAV,Telephone Field,recover-20220922,001,1795
396.6965,396.7352,68437,81637,Rhinolophus ferrumequinum,0.022,0.022,-1,Echolocation,/mnt/ubna_data_02_mir/recover-20220922/UBNA_001/20220921_090000.WAV,Telephone Field,recover-20220922,001,1795
396.7165,396.7531,68437,80863,Rhinolophus ferrumequinum,0.022,0.022,-1,Echolocation,/mnt/ubna_data_02_mir/recover-20220922/UBNA_001/20220921_090000.WAV,Telephone Field,recover-20220922,001,1795
396.7265,396.7712,68437,83280,Rhinolophus ferrumequinum,0.026,0.026,-1,Echolocation,/mnt/ubna_data_02_mir/recover-20220922/UBNA_001/20220921_090000.WAV,Telephone Field,recover-20220922,001,1795
396.7375,396.7463,25468,33406,Nyctalus leisleri,0.007,0.025,-1,Echolocation,/mnt/ubna_data_02_mir/recover-20220922/UBNA_001/20220921_090000.WAV,Telephone Field,recover-20220922,001,1795
396.7735,396.813,68437,82410,Rhinolophus ferrumequinum,0.022,0.022,-1,Echolocation,/mnt/ubna_data_02_mir/recover-20220922/UBNA_001/20220921_090000.WAV,Telephone Field,recover-20220922,001,1795
396.7805,396.819,68437,82560,Rhinolophus ferrumequinum,0.023,0.023,-1,Echolocation,/mnt/ubna_data_02_mir/recover-20220922/UBNA_001/20220921_090000.WAV,Telephone Field,recover-20220922,001,1795
396.8085,396.8467,68437,82035,Rhinolophus ferrumequinum,0.024,0.024,-1,Echolocation,/mnt/ubna_data_02_mir/recover-20220922/UBNA_001/20220921_090000.WAV,Telephone Field,recover-20220922,001,1795
396.8845,396.8925,23750,31527,Plecotus austriacus,0.01,0.024,-1,Echolocation,/mnt/ubna_data_02_mir/recover-20220922/UBNA_001/20220921_090000.WAV,Telephone Field,recover-20220922,001,1795
396.8875,396.9259,68437,82071,Rhinolophus ferrumequinum,0.024,0.024,-1,Echolocation,/mnt/ubna_data_02_mir/recover-20220922/UBNA_001/20220921_090000.WAV,Telephone Field,recover-20220922,001,1795
396.9005,396.9123,28906,35463,Eptesicus serotinus,0.015,0.029,-1,Echolocation,/mnt/ubna_data_02_mir/recover-20220922/UBNA_001/20220921_090000.WAV,Telephone Field,recover-20220922,001,1795
396.9265,396.9629,68437,81324,Rhinolophus ferrumequinum,0.022,0.022,-1,Echolocation,/mnt/ubna_data_02_mir/recover-20220922/UBNA_001/20220921_090000.WAV,Telephone Field,recover-20220922,001,1795
396.9345,396.974,68437,82160,Rhinolophus ferrumequinum,0.024,0.024,-1,Echolocation,/mnt/ubna_data_02_mir/recover-20220922/UBNA_001/20220921_090000.WAV,Telephone Field,recover-20220922,001,1795
396.9765,396.9874,23750,29288,Nyctalus leisleri,0.011,0.024,-1,Echolocation,/mnt/ubna_data_02_mir/recover-20220922/UBNA_001/20220921_090000.WAV,Telephone Field,recover-20220922,001,1795
397.0495,397.0892,68437,82321,Rhinolophus ferrumequinum,0.023,0.023,-1,Echolocation,/mnt/ubna_data_02_mir/recover-20220922/UBNA_001/20220921_090000.WAV,Telephone Field,recover-20220922,001,1795
397.0995,397.136,68437,81243,Rhinolophus ferrumequinum,0.023,0.024,-1,Echolocation,/mnt/ubna_data_02_mir/recover-20220922/UBNA_001/20220921_090000.WAV,Telephone Field,recover-20220922,001,1795
397.1265,397.1402,25468,29574,Nyctalus leisleri,0.018,0.035,-1,Echolocation,/mnt/ubna_data_02_mir/recover-20220922/UBNA_001/20220921_090000.WAV,Telephone Field,recover-20220922,001,1795
397.1395,397.1469,27187,38350,Eptesicus serotinus,0.007,0.024,-1,Echolocation,/mnt/ubna_data_02_mir/recover-20220922/UBNA_001/20220921_090000.WAV,Telephone Field,recover-20220922,001,1795
397.1475,397.1877,68437,82815,Rhinolophus ferrumequinum,0.026,0.026,-1,Echolocation,/mnt/ubna_data_02_mir/recover-20220922/UBNA_001/20220921_090000.WAV,Telephone Field,recover-20220922,001,1795
397.1925,397.2035,32343,37246,Eptesicus serotinus,0.011,0.033,-1,Echolocation,/mnt/ubna_data_02_mir/recover-20220922/UBNA_001/20220921_090000.WAV,Telephone Field,recover-20220922,001,1795
397.2075,397.2478,68437,82037,Rhinolophus ferrumequinum,0.029,0.029,-1,Echolocation,/mnt/ubna_data_02_mir/recover-20220922/UBNA_001/20220921_090000.WAV,Telephone Field,recover-20220922,001,1795
397.2255,397.2324,28906,40697,Eptesicus serotinus,0.006,0.025,-1,Echolocation,/mnt/ubna_data_02_mir/recover-20220922/UBNA_001/20220921_090000.WAV,Telephone Field,recover-20220922,001,1795
397.2425,397.2801,68437,81838,Rhinolophus ferrumequinum,0.022,0.022,-1,Echolocation,/mnt/ubna_data_02_mir/recover-20220922/UBNA_001/20220921_090000.WAV,Telephone Field,recover-20220922,001,1795
397.2555,397.2954,68437,82907,Rhinolophus ferrumequinum,0.022,0.022,-1,Echolocation,/mnt/ubna_data_02_mir/recover-20220922/UBNA_001/20220921_090000.WAV,Telephone Field,recover-20220922,001,1795
397.2665,397.2732,27187,40321,Eptesicus serotinus,0.005,0.022,-1,Echolocation,/mnt/ubna_data_02_mir/recover-20220922/UBNA_001/20220921_090000.WAV,Telephone Field,recover-20220922,001,1795
397.2745,397.3134,68437,82293,Rhinolophus ferrumequinum,0.041,0.041,-1,Echolocation,/mnt/ubna_data_02_mir/recover-20220922/UBNA_001/20220921_090000.WAV,Telephone Field,recover-20220922,001,1795
397.2795,397.2873,23750,31659,Plecotus austriacus,0.01,0.025,-1,Echolocation,/mnt/ubna_data_02_mir/recover-20220922/UBNA_001/20220921_090000.WAV,Telephone Field,recover-20220922,001,1795
397.2835,397.3247,68437,82223,Rhinolophus ferrumequinum,0.026,0.026,-1,Echolocation,/mnt/ubna_data_02_mir/recover-20220922/UBNA_001/20220921_090000.WAV,Telephone Field,recover-20220922,001,1795
397.3115,397.3493,68437,81656,Rhinolophus ferrumequinum,0.028,0.028,-1,Echolocation,/mnt/ubna_data_02_mir/recover-20220922/UBNA_001/20220921_090000.WAV,Telephone Field,recover-20220922,001,1795
397.3145,397.3248,28906,35961,Eptesicus serotinus,0.01,0.024,-1,Echolocation,/mnt/ubna_data_02_mir/recover-20220922/UBNA_001/20220921_090000.WAV,Telephone Field,recover-20220922,001,1795
397.3485,397.3593,28906,36669,Eptesicus serotinus,0.01,0.023,-1,Echolocation,/mnt/ubna_data_02_mir/recover-20220922/UBNA_001/20220921_090000.WAV,Telephone Field,recover-20220922,001,1795
397.3605,397.4017,68437,82801,Rhinolophus ferrumequinum,0.072,0.072,-1,Echolocation,/mnt/ubna_data_02_mir/recover-20220922/UBNA_001/20220921_090000.WAV,Telephone Field,recover-20220922,001,1795
397.4055,397.4443,68437,81385,Rhinolophus ferrumequinum,0.033,0.033,-1,Echolocation,/mnt/ubna_data_02_mir/recover-20220922/UBNA_001/20220921_090000.WAV,Telephone Field,recover-20220922,001,1795
397.4195,397.4593,68437,82182,Rhinolophus ferrumequinum,0.024,0.024,-1,Echolocation,/mnt/ubna_data_02_mir/recover-20220922/UBNA_001/20220921_090000.WAV,Telephone Field,recover-20220922,001,1795
397.4225,397.4319,24609,31211,Nyctalus leisleri,0.007,0.022,-1,Echolocation,/mnt/ubna_data_02_mir/recover-20220922/UBNA_001/20220921_090000.WAV,Telephone Field,recover-20220922,001,1795
397.4345,397.4711,68437,81784,Rhinolophus ferrumequinum,0.024,0.024,-1,Echolocation,/mnt/ubna_data_02_mir/recover-20220922/UBNA_001/20220921_090000.WAV,Telephone Field,recover-20220922,001,1795
397.4575,397.4737,21171,24852,Nyctalus leisleri,0.015,0.027,-1,Echolocation,/mnt/ubna_data_02_mir/recover-20220922/UBNA_001/20220921_090000.WAV,Telephone Field,recover-20220922,001,1795
397.4745,397.5136,68437,82768,Rhinolophus ferrumequinum,0.024,0.024,-1,Echolocation,/mnt/ubna_data_02_mir/recover-20220922/UBNA_001/20220921_090000.WAV,Telephone Field,recover-20220922,001,1795
397.4805,397.4883,24609,32963,Plecotus austriacus,0.009,0.023,-1,Echolocation,/mnt/ubna_data_02_mir/recover-20220922/UBNA_001/20220921_090000.WAV,Telephone Field,recover-20220922,001,1795
397.4895,397.4949,40078,57599,Myotis mystacinus,0.008,0.024,-1,Echolocation,/mnt/ubna_data_02_mir/recover-20220922/UBNA_001/20220921_090000.WAV,Telephone Field,recover-20220922,001,1795
397.4975,397.5378,68437,82192,Rhinolophus ferrumequinum,0.023,0.023,-1,Echolocation,/mnt/ubna_data_02_mir/recover-20220922/UBNA_001/20220921_090000.WAV,Telephone Field,recover-20220922,001,1795
397.5515,397.5923,68437,82766,Rhinolophus ferrumequinum,0.023,0.023,-1,Echolocation,/mnt/ubna_data_02_mir/recover-20220922/UBNA_001/20220921_090000.WAV,Telephone Field,recover-20220922,001,1795
397.5845,397.6188,68437,80991,Rhinolophus ferrumequinum,0.027,0.027,-1,Echolocation,/mnt/ubna_data_02_mir/recover-20220922/UBNA_001/20220921_090000.WAV,Telephone Field,recover-20220922,001,1795
397.6305,397.6698,68437,81846,Rhinolophus ferrumequinum,0.022,0.022,-1,Echolocation,/mnt/ubna_data_02_mir/recover-20220922/UBNA_001/20220921_090000.WAV,Telephone Field,recover-20220922,001,1795
397.6455,397.6845,68437,82118,Rhinolophus ferrumequinum,0.022,0.022,-1,Echolocation,/mnt/ubna_data_02_mir/recover-20220922/UBNA_001/20220921_090000.WAV,Telephone Field,recover-20220922,001,1795
397.6555,397.6666,23750,28823,Nyctalus leisleri,0.015,0.03,-1,Echolocation,/mnt/ubna_data_02_mir/recover-20220922/UBNA_001/20220921_090000.WAV,Telephone Field,recover-20220922,001,1795
397.6575,397.6999,68437,82916,Rhinolophus ferrumequinum,0.028,0.028,-1,Echolocation,/mnt/ubna_data_02_mir/recover-20220922/UBNA_001/20220921_090000.WAV,Telephone Field,recover-20220922,001,1795
397.6885,397.72860000000003,68437,83046,Rhinolophus ferrumequinum,0.025,0.025,-1,Echolocation,/mnt/ubna_data_02_mir/recover-20220922/UBNA_001/20220921_090000.WAV,Telephone Field,recover-20220922,001,1795
397.7855,397.8258,68437,82193,Rhinolophus ferrumequinum,0.022,0.022,-1,Echolocation,/mnt/ubna_data_02_mir/recover-20220922/UBNA_001/20220921_090000.WAV,Telephone Field,recover-20220922,001,1795
397.8075,397.8485,68437,82465,Rhinolophus ferrumequinum,0.022,0.022,-1,Echolocation,/mnt/ubna_data_02_mir/recover-20220922/UBNA_001/20220921_090000.WAV,Telephone Field,recover-20220922,001,1795
397.8395,397.8749,68437,81760,Rhinolophus ferrumequinum,0.021,0.022,-1,Echolocation,/mnt/ubna_data_02_mir/recover-20220922/UBNA_001/20220921_090000.WAV,Telephone Field,recover-20220922,001,1795
397.8485,397.86,28906,34095,Eptesicus serotinus,0.013,0.03,-1,Echolocation,/mnt/ubna_data_02_mir/recover-20220922/UBNA_001/20220921_090000.WAV,Telephone Field,recover-20220922,001,1795
397.8715,397.9116,68437,82233,Rhinolophus ferrumequinum,0.022,0.022,-1,Echolocation,/mnt/ubna_data_02_mir/recover-20220922/UBNA_001/20220921_090000.WAV,Telephone Field,recover-20220922,001,1795
397.8805,397.9205,68437,82533,Rhinolophus ferrumequinum,0.023,0.023,-1,Echolocation,/mnt/ubna_data_02_mir/recover-20220922/UBNA_001/20220921_090000.WAV,Telephone Field,recover-20220922,001,1795
397.8815,397.8893,27187,39684,Eptesicus serotinus,0.007,0.025,-1,Echolocation,/mnt/ubna_data_02_mir/recover-20220922/UBNA_001/20220921_090000.WAV,Telephone Field,recover-20220922,001,1795
397.9405,397.9825,68437,83009,Rhinolophus ferrumequinum,0.027,0.027,-1,Echolocation,/mnt/ubna_data_02_mir/recover-20220922/UBNA_001/20220921_090000.WAV,Telephone Field,recover-20220922,001,1795
397.9525,397.9634,28046,34120,Eptesicus serotinus,0.011,0.026,-1,Echolocation,/mnt/ubna_data_02_mir/recover-20220922/UBNA_001/20220921_090000.WAV,Telephone Field,recover-20220922,001,1795
397.9825,397.991,27187,36873,Eptesicus serotinus,0.01,0.028,-1,Echolocation,/mnt/ubna_data_02_mir/recover-20220922/UBNA_001/20220921_090000.WAV,Telephone Field,recover-20220922,001,1795
398.0015,398.0165,17734,23228,Nyctalus noctula,0.013,0.029,-1,Echolocation,/mnt/ubna_data_02_mir/recover-20220922/UBNA_001/20220921_090000.WAV,Telephone Field,recover-20220922,001,1795
398.0015,398.0089,46093,51708,Pipistrellus pipistrellus,0.02,0.028,-1,Echolocation,/mnt/ubna_data_02_mir/recover-20220922/UBNA_001/20220921_090000.WAV,Telephone Field,recover-20220922,001,1795
398.0015,398.0102,27187,34639,Eptesicus serotinus,0.008,0.026,-1,Echolocation,/mnt/ubna_data_02_mir/recover-20220922/UBNA_001/20220921_090000.WAV,Telephone Field,recover-20220922,001,1795
398.0015,398.0341,68437,80114,Rhinolophus ferrumequinum,0.037,0.037,-1,Echolocation,/mnt/ubna_data_02_mir/recover-20220922/UBNA_001/20220921_090000.WAV,Telephone Field,recover-20220922,001,1795
398.0075,398.0138,34062,45631,Myotis daubentonii,0.011,0.022,-1,Echolocation,/mnt/ubna_data_02_mir/recover-20220922/UBNA_001/20220921_090000.WAV,Telephone Field,recover-20220922,001,1795
398.0085,398.0518,68437,82273,Rhinolophus ferrumequinum,0.023,0.023,-1,Echolocation,/mnt/ubna_data_02_mir/recover-20220922/UBNA_001/20220921_090000.WAV,Telephone Field,recover-20220922,001,1795
398.0105,398.0179,27187,45239,Eptesicus serotinus,0.007,0.023,-1,Echolocation,/mnt/ubna_data_02_mir/recover-20220922/UBNA_001/20220921_090000.WAV,Telephone Field,recover-20220922,001,1795
398.0305,398.0395,24609,32287,Nyctalus leisleri,0.006,0.023,-1,Echolocation,/mnt/ubna_data_02_mir/recover-20220922/UBNA_001/20220921_090000.WAV,Telephone Field,recover-20220922,001,1795
398.0395,398.0784,68437,82609,Rhinolophus ferrumequinum,0.023,0.023,-1,Echolocation,/mnt/ubna_data_02_mir/recover-20220922/UBNA_001/20220921_090000.WAV,Telephone Field,recover-20220922,001,1795
398.0475,398.0845,68437,82037,Rhinolophus ferrumequinum,0.023,0.023,-1,Echolocation,/mnt/ubna_data_02_mir/recover-20220922/UBNA_001/20220921_090000.WAV,Telephone Field,recover-20220922,001,1795
398.0875,398.1276,68437,82455,Rhinolophus ferrumequinum,0.03,0.03,-1,Echolocation,/mnt/ubna_data_02_mir/recover-20220922/UBNA_001/20220921_090000.WAV,Telephone Field,recover-20220922,001,1795
398.0985,398.1356,68437,81606,Rhinolophus ferrumequinum,0.022,0.022,-1,Echolocation,/mnt/ubna_data_02_mir/recover-20220922/UBNA_001/20220921_090000.WAV,Telephone Field,recover-20220922,001,1795
398.1005,398.1102,28906,36958,Eptesicus serotinus,0.011,0.027,-1,Echolocation,/mnt/ubna_data_02_mir/recover-20220922/UBNA_001/20220921_090000.WAV,Telephone Field,recover-20220922,001,1795
398.1555,398.1921,68437,80017,Rhinolophus ferrumequinum,0.031,0.032,-1,Echolocation,/mnt/ubna_data_02_mir/recover-20220922/UBNA_001/20220921_090000.WAV,Telephone Field,recover-20220922,001,1795
398.1745,398.2159,68437,83111,Rhinolophus ferrumequinum,0.022,0.022,-1,Echolocation,/mnt/ubna_data_02_mir/recover-20220922/UBNA_001/20220921_090000.WAV,Telephone Field,recover-20220922,001,1795
398.2005,398.2423,68437,83193,Rhinolophus ferrumequinum,0.031,0.031,-1,Echolocation,/mnt/ubna_data_02_mir/recover-20220922/UBNA_001/20220921_090000.WAV,Telephone Field,recover-20220922,001,1795
398.2045,398.2137,28046,39437,Eptesicus serotinus,0.01,0.026,-1,Echolocation,/mnt/ubna_data_02_mir/recover-20220922/UBNA_001/20220921_090000.WAV,Telephone Field,recover-20220922,001,1795
398.2175,398.2257,26328,34935,Eptesicus serotinus,0.009,0.023,-1,Echolocation,/mnt/ubna_data_02_mir/recover-20220922/UBNA_001/20220921_090000.WAV,Telephone Field,recover-20220922,001,1795
398.2305,398.2704,68437,82300,Rhinolophus ferrumequinum,0.024,0.024,-1,Echolocation,/mnt/ubna_data_02_mir/recover-20220922/UBNA_001/20220921_090000.WAV,Telephone Field,recover-20220922,001,1795
398.2315,398.2391,28046,40686,Eptesicus serotinus,0.008,0.026,-1,Echolocation,/mnt/ubna_data_02_mir/recover-20220922/UBNA_001/20220921_090000.WAV,Telephone Field,recover-20220922,001,1795
398.2655,398.2813,21171,24844,Nyctalus leisleri,0.02,0.034,-1,Echolocation,/mnt/ubna_data_02_mir/recover-20220922/UBNA_001/20220921_090000.WAV,Telephone Field,recover-20220922,001,1795
398.2785,398.2915,52109,55806,Pipistrellus pipistrellus,0.016,0.031,-1,Echolocation,/mnt/ubna_data_02_mir/recover-20220922/UBNA_001/20220921_090000.WAV,Telephone Field,recover-20220922,001,1795
398.3175,398.3548,68437,81473,Rhinolophus ferrumequinum,0.023,0.023,-1,Echolocation,/mnt/ubna_data_02_mir/recover-20220922/UBNA_001/20220921_090000.WAV,Telephone Field,recover-20220922,001,1795
398.3475,398.3867,68437,82269,Rhinolophus ferrumequinum,0.033,0.033,-1,Echolocation,/mnt/ubna_data_02_mir/recover-20220922/UBNA_001/20220921_090000.WAV,Telephone Field,recover-20220922,001,1795
398.3535,398.3605,28046,40006,Eptesicus serotinus,0.007,0.029,-1,Echolocation,/mnt/ubna_data_02_mir/recover-20220922/UBNA_001/20220921_090000.WAV,Telephone Field,recover-20220922,001,1795
398.3615,398.4026,68437,82817,Rhinolophus ferrumequinum,0.023,0.023,-1,Echolocation,/mnt/ubna_data_02_mir/recover-20220922/UBNA_001/20220921_090000.WAV,Telephone Field,recover-20220922,001,1795
398.3755,398.3866,14296,21956,Nyctalus noctula,0.015,0.026,-1,Echolocation,/mnt/ubna_data_02_mir/recover-20220922/UBNA_001/20220921_090000.WAV,Telephone Field,recover-20220922,001,1795
398.3835,398.3933,25468,32366,Eptesicus serotinus,0.009,0.026,-1,Echolocation,/mnt/ubna_data_02_mir/recover-20220922/UBNA_001/20220921_090000.WAV,Telephone Field,recover-20220922,001,1795
398.4035,398.446,68437,83029,Rhinolophus ferrumequinum,0.027,0.027,-1,Echolocation,/mnt/ubna_data_02_mir/recover-20220922/UBNA_001/20220921_090000.WAV,Telephone Field,recover-20220922,001,1795
398.4165,398.4259,28906,36869,Eptesicus serotinus,0.01,0.023,-1,Echolocation,/mnt/ubna_data_02_mir/recover-20220922/UBNA_001/20220921_090000.WAV,Telephone Field,recover-20220922,001,1795
398.4355,398.4469,22890,27341,Nyctalus leisleri,0.015,0.028,-1,Echolocation,/mnt/ubna_data_02_mir/recover-20220922/UBNA_001/20220921_090000.WAV,Telephone Field,recover-20220922,001,1795
398.4375,398.4766,68437,82287,Rhinolophus ferrumequinum,0.025,0.025,-1,Echolocation,/mnt/ubna_data_02_mir/recover-20220922/UBNA_001/20220921_090000.WAV,Telephone Field,recover-20220922,001,1795
398.4855,398.4951,25468,32876,Eptesicus serotinus,0.011,0.032,-1,Echolocation,/mnt/ubna_data_02_mir/recover-20220922/UBNA_001/20220921_090000.WAV,Telephone Field,recover-20220922,001,1795
398.4925,398.5319,68437,82418,Rhinolophus ferrumequinum,0.024,0.024,-1,Echolocation,/mnt/ubna_data_02_mir/recover-20220922/UBNA_001/20220921_090000.WAV,Telephone Field,recover-20220922,001,1795
398.4935,398.5046,23750,28761,Nyctalus leisleri,0.012,0.023,-1,Echolocation,/mnt/ubna_data_02_mir/recover-20220922/UBNA_001/20220921_090000.WAV,Telephone Field,recover-20220922,001,1795
398.5185,398.5333,22031,25977,Nyctalus leisleri,0.043,0.072,-1,Echolocation,/mnt/ubna_data_02_mir/recover-20220922/UBNA_001/20220921_090000.WAV,Telephone Field,recover-20220922,001,1795
398.5415,398.5795,68437,81695,Rhinolophus ferrumequinum,0.022,0.023,-1,Echolocation,/mnt/ubna_data_02_mir/recover-20220922/UBNA_001/20220921_090000.WAV,Telephone Field,recover-20220922,001,1795
398.5425,398.553,28046,38964,Eptesicus serotinus,0.013,0.027,-1,Echolocation,/mnt/ubna_data_02_mir/recover-20220922/UBNA_001/20220921_090000.WAV,Telephone Field,recover-20220922,001,1795
398.5745,398.5826,28046,38377,Eptesicus serotinus,0.009,0.023,-1,Echolocation,/mnt/ubna_data_02_mir/recover-20220922/UBNA_001/20220921_090000.WAV,Telephone Field,recover-20220922,001,1795
398.5855,398.6234,68437,82365,Rhinolophus ferrumequinum,0.022,0.022,-1,Echolocation,/mnt/ubna_data_02_mir/recover-20220922/UBNA_001/20220921_090000.WAV,Telephone Field,recover-20220922,001,1795
398.5945,398.6029,27187,38983,Eptesicus serotinus,0.009,0.023,-1,Echolocation,/mnt/ubna_data_02_mir/recover-20220922/UBNA_001/20220921_090000.WAV,Telephone Field,recover-20220922,001,1795
398.6115,398.6474,68437,81718,Rhinolophus ferrumequinum,0.023,0.023,-1,Echolocation,/mnt/ubna_data_02_mir/recover-20220922/UBNA_001/20220921_090000.WAV,Telephone Field,recover-20220922,001,1795
398.6185,398.6258,27187,39232,Eptesicus serotinus,0.011,0.032,-1,Echolocation,/mnt/ubna_data_02_mir/recover-20220922/UBNA_001/20220921_090000.WAV,Telephone Field,recover-20220922,001,1795
398.6455,398.6513,52109,56759,Pipistrellus pipistrellus,0.023,0.025,-1,Echolocation,/mnt/ubna_data_02_mir/recover-20220922/UBNA_001/20220921_090000.WAV,Telephone Field,recover-20220922,001,1795
398.6465,398.6589,23750,28730,Nyctalus leisleri,0.012,0.024,-1,Echolocation,/mnt/ubna_data_02_mir/recover-20220922/UBNA_001/20220921_090000.WAV,Telephone Field,recover-20220922,001,1795
398.6515,398.6595,27187,37461,Eptesicus serotinus,0.007,0.023,-1,Echolocation,/mnt/ubna_data_02_mir/recover-20220922/UBNA_001/20220921_090000.WAV,Telephone Field,recover-20220922,001,1795
398.6515,398.6862,68437,81219,Rhinolophus ferrumequinum,0.022,0.022,-1,Echolocation,/mnt/ubna_data_02_mir/recover-20220922/UBNA_001/20220921_090000.WAV,Telephone Field,recover-20220922,001,1795
398.6515,398.6589,35781,43762,Barbastellus barbastellus,0.008,0.025,-1,Echolocation,/mnt/ubna_data_02_mir/recover-20220922/UBNA_001/20220921_090000.WAV,Telephone Field,recover-20220922,001,1795
398.6815,398.7193,68437,82290,Rhinolophus ferrumequinum,0.023,0.023,-1,Echolocation,/mnt/ubna_data_02_mir/recover-20220922/UBNA_001/20220921_090000.WAV,Telephone Field,recover-20220922,001,1795
398.6995,398.708,28046,38587,Eptesicus serotinus,0.008,0.022,-1,Echolocation,/mnt/ubna_data_02_mir/recover-20220922/UBNA_001/20220921_090000.WAV,Telephone Field,recover-20220922,001,1795
398.7045,398.7456,68437,83273,Rhinolophus ferrumequinum,0.038,0.038,-1,Echolocation,/mnt/ubna_data_02_mir/recover-20220922/UBNA_001/20220921_090000.WAV,Telephone Field,recover-20220922,001,1795
398.7345,398.7766,68437,82629,Rhinolophus ferrumequinum,0.034,0.034,-1,Echolocation,/mnt/ubna_data_02_mir/recover-20220922/UBNA_001/20220921_090000.WAV,Telephone Field,recover-20220922,001,1795
398.7525,398.7609,44375,47181,Pipistrellus pipistrellus,0.03,0.032,-1,Echolocation,/mnt/ubna_data_02_mir/recover-20220922/UBNA_001/20220921_090000.WAV,Telephone Field,recover-20220922,001,1795
398.7705,398.8095,68437,82022,Rhinolophus ferrumequinum,0.024,0.024,-1,Echolocation,/mnt/ubna_data_02_mir/recover-20220922/UBNA_001/20220921_090000.WAV,Telephone Field,recover-20220922,001,1795
398.7805,398.7861,34062,44697,Myotis daubentonii,0.008,0.022,-1,Echolocation,/mnt/ubna_data_02_mir/recover-20220922/UBNA_001/20220921_090000.WAV,Telephone Field,recover-20220922,001,1795
398.7815,398.7885,27187,41858,Eptesicus serotinus,0.008,0.029,-1,Echolocation,/mnt/ubna_data_02_mir/recover-20220922/UBNA_001/20220921_090000.WAV,Telephone Field,recover-20220922,001,1795
398.7825,398.8233,68437,82626,Rhinolophus ferrumequinum,0.024,0.024,-1,Echolocation,/mnt/ubna_data_02_mir/recover-20220922/UBNA_001/20220921_090000.WAV,Telephone Field,recover-20220922,001,1795
398.83050000000003,398.8389,15156,25928,Plecotus auritus,0.016,0.026,-1,Echolocation,/mnt/ubna_data_02_mir/recover-20220922/UBNA_001/20220921_090000.WAV,Telephone Field,recover-20220922,001,1795
398.8335,398.8422,22890,29442,Plecotus austriacus,0.009,0.024,-1,Echolocation,/mnt/ubna_data_02_mir/recover-20220922/UBNA_001/20220921_090000.WAV,Telephone Field,recover-20220922,001,1795
398.8385,398.8706,68437,80006,Rhinolophus ferrumequinum,0.025,0.025,-1,Echolocation,/mnt/ubna_data_02_mir/recover-20220922/UBNA_001/20220921_090000.WAV,Telephone Field,recover-20220922,001,1795
398.8915,398.9335,68437,83228,Rhinolophus ferrumequinum,0.032,0.032,-1,Echolocation,/mnt/ubna_data_02_mir/recover-20220922/UBNA_001/20220921_090000.WAV,Telephone Field,recover-20220922,001,1795
398.9055,398.9135,23750,31616,Plecotus austriacus,0.01,0.026,-1,Echolocation,/mnt/ubna_data_02_mir/recover-20220922/UBNA_001/20220921_090000.WAV,Telephone Field,recover-20220922,001,1795
398.9115,398.9456,68437,81353,Rhinolophus ferrumequinum,0.022,0.022,-1,Echolocation,/mnt/ubna_data_02_mir/recover-20220922/UBNA_001/20220921_090000.WAV,Telephone Field,recover-20220922,001,1795
398.9395,398.97860000000003,68437,82448,Rhinolophus ferrumequinum,0.022,0.022,-1,Echolocation,/mnt/ubna_data_02_mir/recover-20220922/UBNA_001/20220921_090000.WAV,Telephone Field,recover-20220922,001,1795
398.9405,398.951,24609,31098,Nyctalus leisleri,0.012,0.03,-1,Echolocation,/mnt/ubna_data_02_mir/recover-20220922/UBNA_001/20220921_090000.WAV,Telephone Field,recover-20220922,001,1795
398.9415,398.9484,44375,56268,Myotis mystacinus,0.007,0.024,-1,Echolocation,/mnt/ubna_data_02_mir/recover-20220922/UBNA_001/20220921_090000.WAV,Telephone Field,recover-20220922,001,1795
399.0175,399.0246,23750,32922,Plecotus austriacus,0.017,0.032,-1,Echolocation,/mnt/ubna_data_02_mir/recover-20220922/UBNA_001/20220921_090000.WAV,Telephone Field,recover-20220922,001,1795
399.0225,399.0622,68437,82505,Rhinolophus ferrumequinum,0.031,0.031,-1,Echolocation,/mnt/ubna_data_02_mir/recover-20220922/UBNA_001/20220921_090000.WAV,Telephone Field,recover-20220922,001,1795
399.0465,399.0863,68437,82593,Rhinolophus ferrumequinum,0.03,0.03,-1,Echolocation,/mnt/ubna_data_02_mir/recover-20220922/UBNA_001/20220921_090000.WAV,Telephone Field,recover-20220922,001,1795
399.0675,399.1039,68437,81610,Rhinolophus ferrumequinum,0.023,0.023,-1,Echolocation,/mnt/ubna_data_02_mir/recover-20220922/UBNA_001/20220921_090000.WAV,Telephone Field,recover-20220922,001,1795
399.0845,399.0911,27187,39246,Eptesicus serotinus,0.006,0.021,-1,Echolocation,/mnt/ubna_data_02_mir/recover-20220922/UBNA_001/20220921_090000.WAV,Telephone Field,recover-20220922,001,1795
399.1195,399.1546,68437,81393,Rhinolophus ferrumequinum,0.023,0.023,-1,Echolocation,/mnt/ubna_data_02_mir/recover-20220922/UBNA_001/20220921_090000.WAV,Telephone Field,recover-20220922,001,1795
399.1555,399.1937,68437,82609,Rhinolophus ferrumequinum,0.034,0.034,-1,Echolocation,/mnt/ubna_data_02_mir/recover-20220922/UBNA_001/20220921_090000.WAV,Telephone Field,recover-20220922,001,1795
399.2245,399.2354,27187,33482,Eptesicus serotinus,0.012,0.024,-1,Echolocation,/mnt/ubna_data_02_mir/recover-20220922/UBNA_001/20220921_090000.WAV,Telephone Field,recover-20220922,001,1795
399.2375,399.2485,28046,35527,Eptesicus serotinus,0.014,0.028,-1,Echolocation,/mnt/ubna_data_02_mir/recover-20220922/UBNA_001/20220921_090000.WAV,Telephone Field,recover-20220922,001,1795
399.2935,399.3328,68437,82229,Rhinolophus ferrumequinum,0.039,0.039,-1,Echolocation,/mnt/ubna_data_02_mir/recover-20220922/UBNA_001/20220921_090000.WAV,Telephone Field,recover-20220922,001,1795
399.3235,399.3336,28906,36668,Eptesicus serotinus,0.009,0.023,-1,Echolocation,/mnt/ubna_data_02_mir/recover-20220922/UBNA_001/20220921_090000.WAV,Telephone Field,recover-20220922,001,1795
399.3335,399.3708,68437,81745,Rhinolophus ferrumequinum,0.021,0.021,-1,Echolocation,/mnt/ubna_data_02_mir/recover-20220922/UBNA_001/20220921_090000.WAV,Telephone Field,recover-20220922,001,1795
399.3685,399.376,25468,35527,Plecotus austriacus,0.008,0.028,-1,Echolocation,/mnt/ubna_data_02_mir/recover-20220922/UBNA_001/20220921_090000.WAV,Telephone Field,recover-20220922,001,1795
399.3725,399.4106,68437,81816,Rhinolophus ferrumequinum,0.022,0.022,-1,Echolocation,/mnt/ubna_data_02_mir/recover-20220922/UBNA_001/20220921_090000.WAV,Telephone Field,recover-20220922,001,1795
399.3755,399.3865,27187,33991,Eptesicus serotinus,0.01,0.022,-1,Echolocation,/mnt/ubna_data_02_mir/recover-20220922/UBNA_001/20220921_090000.WAV,Telephone Field,recover-20220922,001,1795
399.3785,399.4194,68437,82811,Rhinolophus ferrumequinum,0.023,0.023,-1,Echolocation,/mnt/ubna_data_02_mir/recover-20220922/UBNA_001/20220921_090000.WAV,Telephone Field,recover-20220922,001,1795
399.3805,399.3917,27187,33548,Eptesicus serotinus,0.009,0.022,-1,Echolocation,/mnt/ubna_data_02_mir/recover-20220922/UBNA_001/20220921_090000.WAV,Telephone Field,recover-20220922,001,1795
399.3835,399.4254,68437,82812,Rhinolophus ferrumequinum,0.022,0.022,-1,Echolocation,/mnt/ubna_data_02_mir/recover-20220922/UBNA_001/20220921_090000.WAV,Telephone Field,recover-20220922,001,1795
399.4435,399.4552,22031,26849,Nyctalus leisleri,0.013,0.026,-1,Echolocation,/mnt/ubna_data_02_mir/recover-20220922/UBNA_001/20220921_090000.WAV,Telephone Field,recover-20220922,001,1795
399.4465,399.4877,68437,82601,Rhinolophus ferrumequinum,0.026,0.026,-1,Echolocation,/mnt/ubna_data_02_mir/recover-20220922/UBNA_001/20220921_090000.WAV,Telephone Field,recover-20220922,001,1795
399.4845,399.4932,28046,37556,Eptesicus serotinus,0.009,0.025,-1,Echolocation,/mnt/ubna_data_02_mir/recover-20220922/UBNA_001/20220921_090000.WAV,Telephone Field,recover-20220922,001,1795
399.5005,399.5393,68437,82431,Rhinolophus ferrumequinum,0.025,0.025,-1,Echolocation,/mnt/ubna_data_02_mir/recover-20220922/UBNA_001/20220921_090000.WAV,Telephone Field,recover-20220922,001,1795
399.5285,399.5372,28046,36481,Eptesicus serotinus,0.01,0.024,-1,Echolocation,/mnt/ubna_data_02_mir/recover-20220922/UBNA_001/20220921_090000.WAV,Telephone Field,recover-20220922,001,1795
399.5345,399.5704,68437,80465,Rhinolophus ferrumequinum,0.022,0.022,-1,Echolocation,/mnt/ubna_data_02_mir/recover-20220922/UBNA_001/20220921_090000.WAV,Telephone Field,recover-20220922,001,1795
399.5425,399.5818,68437,82006,Rhinolophus ferrumequinum,0.022,0.022,-1,Echolocation,/mnt/ubna_data_02_mir/recover-20220922/UBNA_001/20220921_090000.WAV,Telephone Field,recover-20220922,001,1795
399.5425,399.5501,28046,37585,Eptesicus serotinus,0.007,0.024,-1,Echolocation,/mnt/ubna_data_02_mir/recover-20220922/UBNA_001/20220921_090000.WAV,Telephone Field,recover-20220922,001,1795
399.5675,399.5816,22890,27237,Nyctalus leisleri,0.012,0.022,-1,Echolocation,/mnt/ubna_data_02_mir/recover-20220922/UBNA_001/20220921_090000.WAV,Telephone Field,recover-20220922,001,1795
399.5835,399.5914,28046,38479,Eptesicus serotinus,0.007,0.021,-1,Echolocation,/mnt/ubna_data_02_mir/recover-20220922/UBNA_001/20220921_090000.WAV,Telephone Field,recover-20220922,001,1795
399.6105,399.6479,68437,81482,Rhinolophus ferrumequinum,0.022,0.022,-1,Echolocation,/mnt/ubna_data_02_mir/recover-20220922/UBNA_001/20220921_090000.WAV,Telephone Field,recover-20220922,001,1795
399.6145,399.6245,22031,27115,Nyctalus leisleri,0.01,0.022,-1,Echolocation,/mnt/ubna_data_02_mir/recover-20220922/UBNA_001/20220921_090000.WAV,Telephone Field,recover-20220922,001,1795
399.6165,399.6246,28906,39638,Eptesicus serotinus,0.007,0.022,-1,Echolocation,/mnt/ubna_data_02_mir/recover-20220922/UBNA_001/20220921_090000.WAV,Telephone Field,recover-20220922,001,1795
399.6205,399.6544,68437,81328,Rhinolophus ferrumequinum,0.022,0.022,-1,Echolocation,/mnt/ubna_data_02_mir/recover-20220922/UBNA_001/20220921_090000.WAV,Telephone Field,recover-20220922,001,1795
399.6385,399.6769,68437,83175,Rhinolophus ferrumequinum,0.024,0.024,-1,Echolocation,/mnt/ubna_data_02_mir/recover-20220922/UBNA_001/20220921_090000.WAV,Telephone Field,recover-20220922,001,1795
399.6705,399.678,27187,38607,Eptesicus serotinus,0.007,0.021,-1,Echolocation,/mnt/ubna_data_02_mir/recover-20220922/UBNA_001/20220921_090000.WAV,Telephone Field,recover-20220922,001,1795
399.6795,399.6883,23750,31371,Plecotus austriacus,0.009,0.025,-1,Echolocation,/mnt/ubna_data_02_mir/recover-20220922/UBNA_001/20220921_090000.WAV,Telephone Field,recover-20220922,001,1795
399.6885,399.7281,68437,82188,Rhinolophus ferrumequinum,0.023,0.023,-1,Echolocation,/mnt/ubna_data_02_mir/recover-20220922/UBNA_001/20220921_090000.WAV,Telephone Field,recover-20220922,001,1795
399.6945,399.7352,68437,82916,Rhinolophus ferrumequinum,0.023,0.023,-1,Echolocation,/mnt/ubna_data_02_mir/recover-20220922/UBNA_001/20220921_090000.WAV,Telephone Field,recover-20220922,001,1795
399.7275,399.7351,28046,39496,Eptesicus serotinus,0.007,0.021,-1,Echolocation,/mnt/ubna_data_02_mir/recover-20220922/UBNA_001/20220921_090000.WAV,Telephone Field,recover-20220922,001,1795
399.7305,399.7697,68437,82573,Rhinolophus ferrumequinum,0.024,0.024,-1,Echolocation,/mnt/ubna_data_02_mir/recover-20220922/UBNA_001/20220921_090000.WAV,Telephone Field,recover-20220922,001,1795
399.7385,399.7776,68437,82306,Rhinolophus ferrumequinum,0.023,0.023,-1,Echolocation,/mnt/ubna_data_02_mir/recover-20220922/UBNA_001/20220921_090000.WAV,Telephone Field,recover-20220922,001,1795
399.7535,399.7598,26328,39069,Eptesicus serotinus,0.008,0.032,-1,Echolocation,/mnt/ubna_data_02_mir/recover-20220922/UBNA_001/20220921_090000.WAV,Telephone Field,recover-20220922,001,1795
399.7625,399.7709,50390,54796,Pipistrellus pipistrellus,0.023,0.027,-1,Echolocation,/mnt/ubna_data_02_mir/recover-20220922/UBNA_001/20220921_090000.WAV,Telephone Field,recover-20220922,001,1795
399.7715,399.8111,68437,82513,Rhinolophus ferrumequinum,0.025,0.025,-1,Echolocation,/mnt/ubna_data_02_mir/recover-20220922/UBNA_001/20220921_090000.WAV,Telephone Field,recover-20220922,001,1795
399.7775,399.8159,68437,82516,Rhinolophus ferrumequinum,0.026,0.026,-1,Echolocation,/mnt/ubna_data_02_mir/recover-20220922/UBNA_001/20220921_090000.WAV,Telephone Field,recover-20220922,001,1795
399.7825,399.7983,15156,21927,Nyctalus noctula,0.022,0.03,-1,Echolocation,/mnt/ubna_data_02_mir/recover-20220922/UBNA_001/20220921_090000.WAV,Telephone Field,recover-20220922,001,1795
399.8165,399.8253,28046,38712,Eptesicus serotinus,0.011,0.026,-1,Echolocation,/mnt/ubna_data_02_mir/recover-20220922/UBNA_001/20220921_090000.WAV,Telephone Field,recover-20220922,001,1795
399.8565,399.8937,68437,81714,Rhinolophus ferrumequinum,0.022,0.022,-1,Echolocation,/mnt/ubna_data_02_mir/recover-20220922/UBNA_001/20220921_090000.WAV,Telephone Field,recover-20220922,001,1795
399.8945,399.9049,21171,25903,Nyctalus leisleri,0.009,0.022,-1,Echolocation,/mnt/ubna_data_02_mir/recover-20220922/UBNA_001/20220921_090000.WAV,Telephone Field,recover-20220922,001,1795
399.9145,399.9261,22031,25851,Nyctalus leisleri,0.014,0.023,-1,Echolocation,/mnt/ubna_data_02_mir/recover-20220922/UBNA_001/20220921_090000.WAV,Telephone Field,recover-20220922,001,1795
399.9235,399.9614,68437,82755,Rhinolophus ferrumequinum,0.024,0.024,-1,Echolocation,/mnt/ubna_data_02_mir/recover-20220922/UBNA_001/20220921_090000.WAV,Telephone Field,recover-20220922,001,1795
399.9375,399.9752,68437,81854,Rhinolophus ferrumequinum,0.026,0.026,-1,Echolocation,/mnt/ubna_data_02_mir/recover-20220922/UBNA_001/20220921_090000.WAV,Telephone Field,recover-20220922,001,1795
399.9495,399.9878,68437,82329,Rhinolophus ferrumequinum,0.023,0.023,-1,Echolocation,/mnt/ubna_data_02_mir/recover-20220922/UBNA_001/20220921_090000.WAV,Telephone Field,recover-20220922,001,1795
400.0015,400.0349,69296,81979,Rhinolophus ferrumequinum,0.04,0.04,-1,Echolocation,/mnt/ubna_data_02_mir/recover-20220922/UBNA_001/20220921_090000.WAV,Telephone Field,recover-20220922,001,1795
400.0015,400.0093,22890,29119,Nyctalus leisleri,0.009,0.026,-1,Echolocation,/mnt/ubna_data_02_mir/recover-20220922/UBNA_001/20220921_090000.WAV,Telephone Field,recover-20220922,001,1795
400.0015,400.0094,46953,53792,Pipistrellus pipistrellus,0.02,0.026,-1,Echolocation,/mnt/ubna_data_02_mir/recover-20220922/UBNA_001/20220921_090000.WAV,Telephone Field,recover-20220922,001,1795
400.0165,400.0243,46953,53732,Pipistrellus pipistrellus,0.021,0.023,-1,Echolocation,/mnt/ubna_data_02_mir/recover-20220922/UBNA_001/20220921_090000.WAV,Telephone Field,recover-20220922,001,1795
400.0255,400.0643,68437,81763,Rhinolophus ferrumequinum,0.021,0.021,-1,Echolocation,/mnt/ubna_data_02_mir/recover-20220922/UBNA_001/20220921_090000.WAV,Telephone Field,recover-20220922,001,1795
400.0425,400.0858,68437,82768,Rhinolophus ferrumequinum,0.029,0.029,-1,Echolocation,/mnt/ubna_data_02_mir/recover-20220922/UBNA_001/20220921_090000.WAV,Telephone Field,recover-20220922,001,1795
400.0575,400.0963,68437,81969,Rhinolophus ferrumequinum,0.023,0.023,-1,Echolocation,/mnt/ubna_data_02_mir/recover-20220922/UBNA_001/20220921_090000.WAV,Telephone Field,recover-20220922,001,1795
400.0885,400.1253,68437,81151,Rhinolophus ferrumequinum,0.021,0.021,-1,Echolocation,/mnt/ubna_data_02_mir/recover-20220922/UBNA_001/20220921_090000.WAV,Telephone Field,recover-20220922,001,1795
400.0985,400.1094,46953,50968,Pipistrellus pipistrellus,0.029,0.032,-1,Echolocation,/mnt/ubna_data_02_mir/recover-20220922/UBNA_001/20220921_090000.WAV,Telephone Field,recover-20220922,001,1795
400.1155,400.1578,68437,82769,Rhinolophus ferrumequinum,0.039,0.039,-1,Echolocation,/mnt/ubna_data_02_mir/recover-20220922/UBNA_001/20220921_090000.WAV,Telephone Field,recover-20220922,001,1795
400.1255,400.1336,26328,35323,Eptesicus serotinus,0.012,0.032,-1,Echolocation,/mnt/ubna_data_02_mir/recover-20220922/UBNA_001/20220921_090000.WAV,Telephone Field,recover-20220922,001,1795
400.1865,400.1947,26328,35486,Eptesicus serotinus,0.007,0.021,-1,Echolocation,/mnt/ubna_data_02_mir/recover-20220922/UBNA_001/20220921_090000.WAV,Telephone Field,recover-20220922,001,1795
400.1985,400.2353,68437,81410,Rhinolophus ferrumequinum,0.021,0.021,-1,Echolocation,/mnt/ubna_data_02_mir/recover-20220922/UBNA_001/20220921_090000.WAV,Telephone Field,recover-20220922,001,1795
400.2165,400.2564,68437,82092,Rhinolophus ferrumequinum,0.02,0.02,-1,Echolocation,/mnt/ubna_data_02_mir/recover-20220922/UBNA_001/20220921_090000.WAV,Telephone Field,recover-20220922,001,1795
400.2335,400.2731,68437,82603,Rhinolophus ferrumequinum,0.021,0.021,-1,Echolocation,/mnt/ubna_data_02_mir/recover-20220922/UBNA_001/20220921_090000.WAV,Telephone Field,recover-20220922,001,1795
400.2435,400.2826,68437,81937,Rhinolophus ferrumequinum,0.023,0.023,-1,Echolocation,/mnt/ubna_data_02_mir/recover-20220922/UBNA_001/20220921_090000.WAV,Telephone Field,recover-20220922,001,1795
400.2705,400.2797,26328,35524,Eptesicus serotinus,0.007,0.021,-1,Echolocation,/mnt/ubna_data_02_mir/recover-20220922/UBNA_001/20220921_090000.WAV,Telephone Field,recover-20220922,001,1795
400.2725,400.3119,68437,82365,Rhinolophus ferrumequinum,0.023,0.023,-1,Echolocation,/mnt/ubna_data_02_mir/recover-20220922/UBNA_001/20220921_090000.WAV,Telephone Field,recover-20220922,001,1795
400.2955,400.3366,68437,82265,Rhinolophus ferrumequinum,0.021,0.021,-1,Echolocation,/mnt/ubna_data_02_mir/recover-20220922/UBNA_001/20220921_090000.WAV,Telephone Field,recover-20220922,001,1795
400.3045,400.3421,68437,82147,Rhinolophus ferrumequinum,0.021,0.021,-1,Echolocation,/mnt/ubna_data_02_mir/recover-20220922/UBNA_001/20220921_090000.WAV,Telephone Field,recover-20220922,001,1795
400.3125,400.3521,68437,82032,Rhinolophus ferrumequinum,0.022,0.022,-1,Echolocation,/mnt/ubna_data_02_mir/recover-20220922/UBNA_001/20220921_090000.WAV,Telephone Field,recover-20220922,001,1795
400.3675,400.4089,68437,82721,Rhinolophus ferrumequinum,0.022,0.022,-1,Echolocation,/mnt/ubna_data_02_mir/recover-20220922/UBNA_001/20220921_090000.WAV,Telephone Field,recover-20220922,001,1795
400.3785,400.387,27187,36628,Eptesicus serotinus,0.007,0.023,-1,Echolocation,/mnt/ubna_data_02_mir/recover-20220922/UBNA_001/20220921_090000.WAV,Telephone Field,recover-20220922,001,1795
400.3895,400.428,68437,81776,Rhinolophus ferrumequinum,0.021,0.021,-1,Echolocation,/mnt/ubna_data_02_mir/recover-20220922/UBNA_001/20220921_090000.WAV,Telephone Field,recover-20220922,001,1795
400.3965,400.4043,27187,37569,Eptesicus serotinus,0.006,0.021,-1,Echolocation,/mnt/ubna_data_02_mir/recover-20220922/UBNA_001/20220921_090000.WAV,Telephone Field,recover-20220922,001,1795
400.4115,400.4244,23750,28550,Nyctalus leisleri,0.019,0.034,-1,Echolocation,/mnt/ubna_data_02_mir/recover-20220922/UBNA_001/20220921_090000.WAV,Telephone Field,recover-20220922,001,1795
400.4415,400.4503,27187,37480,Eptesicus serotinus,0.007,0.021,-1,Echolocation,/mnt/ubna_data_02_mir/recover-20220922/UBNA_001/20220921_090000.WAV,Telephone Field,recover-20220922,001,1795
400.4465,400.4592,34921,41067,Pipistrellus nathusii,0.006,0.024,-1,Echolocation,/mnt/ubna_data_02_mir/recover-20220922/UBNA_001/20220921_090000.WAV,Telephone Field,recover-20220922,001,1795
400.4525,400.465,35781,39875,Nyctalus leisleri,0.006,0.024,-1,Echolocation,/mnt/ubna_data_02_mir/recover-20220922/UBNA_001/20220921_090000.WAV,Telephone Field,recover-20220922,001,1795
400.4595,400.477,21171,24697,Nyctalus leisleri,0.016,0.029,-1,Echolocation,/mnt/ubna_data_02_mir/recover-20220922/UBNA_001/20220921_090000.WAV,Telephone Field,recover-20220922,001,1795
400.4955,400.5025,28046,37799,Eptesicus serotinus,0.006,0.021,-1,Echolocation,/mnt/ubna_data_02_mir/recover-20220922/UBNA_001/20220921_090000.WAV,Telephone Field,recover-20220922,001,1795
400.5035,400.5448,68437,82561,Rhinolophus ferrumequinum,0.025,0.025,-1,Echolocation,/mnt/ubna_data_02_mir/recover-20220922/UBNA_001/20220921_090000.WAV,Telephone Field,recover-20220922,001,1795
400.5225,400.5319,51250,56043,Pipistrellus pipistrellus,0.025,0.03,-1,Echolocation,/mnt/ubna_data_02_mir/recover-20220922/UBNA_001/20220921_090000.WAV,Telephone Field,recover-20220922,001,1795
400.5405,400.5786,68437,81967,Rhinolophus ferrumequinum,0.023,0.023,-1,Echolocation,/mnt/ubna_data_02_mir/recover-20220922/UBNA_001/20220921_090000.WAV,Telephone Field,recover-20220922,001,1795
400.5545,400.5619,24609,33358,Plecotus austriacus,0.008,0.023,-1,Echolocation,/mnt/ubna_data_02_mir/recover-20220922/UBNA_001/20220921_090000.WAV,Telephone Field,recover-20220922,001,1795
400.6035,400.6411,68437,81327,Rhinolophus ferrumequinum,0.021,0.021,-1,Echolocation,/mnt/ubna_data_02_mir/recover-20220922/UBNA_001/20220921_090000.WAV,Telephone Field,recover-20220922,001,1795
400.6365,400.6782,68437,82878,Rhinolophus ferrumequinum,0.023,0.023,-1,Echolocation,/mnt/ubna_data_02_mir/recover-20220922/UBNA_001/20220921_090000.WAV,Telephone Field,recover-20220922,001,1795
400.7045,400.7155,23750,29300,Nyctalus leisleri,0.01,0.023,-1,Echolocation,/mnt/ubna_data_02_mir/recover-20220922/UBNA_001/20220921_090000.WAV,Telephone Field,recover-20220922,001,1795
400.7075,400.7445,68437,82425,Rhinolophus ferrumequinum,0.024,0.024,-1,Echolocation,/mnt/ubna_data_02_mir/recover-20220922/UBNA_001/20220921_090000.WAV,Telephone Field,recover-20220922,001,1795
400.7195,400.7594,68437,82026,Rhinolophus ferrumequinum,0.021,0.021,-1,Echolocation,/mnt/ubna_data_02_mir/recover-20220922/UBNA_001/20220921_090000.WAV,Telephone Field,recover-20220922,001,1795
400.7255,400.7388,48671,52488,Pipistrellus pipistrellus,0.074,0.083,-1,Echolocation,/mnt/ubna_data_02_mir/recover-20220922/UBNA_001/20220921_090000.WAV,Telephone Field,recover-20220922,001,1795
400.7425,400.7815,68437,81883,Rhinolophus ferrumequinum,0.025,0.025,-1,Echolocation,/mnt/ubna_data_02_mir/recover-20220922/UBNA_001/20220921_090000.WAV,Telephone Field,recover-20220922,001,1795
400.7525,400.7595,28046,41037,Eptesicus serotinus,0.006,0.021,-1,Echolocation,/mnt/ubna_data_02_mir/recover-20220922/UBNA_001/20220921_090000.WAV,Telephone Field,recover-20220922,001,1795
400.7695,400.8078,68437,81199,Rhinolophus ferrumequinum,0.023,0.023,-1,Echolocation,/mnt/ubna_data_02_mir/recover-20220922/UBNA_001/20220921_090000.WAV,Telephone Field,recover-20220922,001,1795
400.7895,400.8281,68437,82275,Rhinolophus ferrumequinum,0.021,0.021,-1,Echolocation,/mnt/ubna_data_02_mir/recover-20220922/UBNA_001/20220921_090000.WAV,Telephone Field,recover-20220922,001,1795
400.7925,400.8005,28046,38238,Eptesicus serotinus,0.006,0.021,-1,Echolocation,/mnt/ubna_data_02_mir/recover-20220922/UBNA_001/20220921_090000.WAV,Telephone Field,recover-20220922,001,1795
400.7975,400.8378,68437,82706,Rhinolophus ferrumequinum,0.021,0.021,-1,Echolocation,/mnt/ubna_data_02_mir/recover-20220922/UBNA_001/20220921_090000.WAV,Telephone Field,recover-20220922,001,1795
400.8285,400.8365,28046,38273,Eptesicus serotinus,0.007,0.021,-1,Echolocation,/mnt/ubna_data_02_mir/recover-20220922/UBNA_001/20220921_090000.WAV,Telephone Field,recover-20220922,001,1795
400.8565,400.8917,68437,81529,Rhinolophus ferrumequinum,0.021,0.021,-1,Echolocation,/mnt/ubna_data_02_mir/recover-20220922/UBNA_001/20220921_090000.WAV,Telephone Field,recover-20220922,001,1795
400.8705,400.9081,68437,81495,Rhinolophus ferrumequinum,0.022,0.022,-1,Echolocation,/mnt/ubna_data_02_mir/recover-20220922/UBNA_001/20220921_090000.WAV,Telephone Field,recover-20220922,001,1795
400.8785,400.9152,68437,81782,Rhinolophus ferrumequinum,0.022,0.022,-1,Echolocation,/mnt/ubna_data_02_mir/recover-20220922/UBNA_001/20220921_090000.WAV,Telephone Field,recover-20220922,001,1795
400.8785,400.8864,28046,36931,Eptesicus serotinus,0.007,0.021,-1,Echolocation,/mnt/ubna_data_02_mir/recover-20220922/UBNA_001/20220921_090000.WAV,Telephone Field,recover-20220922,001,1795
400.9365,400.9466,28906,36471,Eptesicus serotinus,0.01,0.024,-1,Echolocation,/mnt/ubna_data_02_mir/recover-20220922/UBNA_001/20220921_090000.WAV,Telephone Field,recover-20220922,001,1795
400.9375,400.9776,68437,82235,Rhinolophus ferrumequinum,0.022,0.022,-1,Echolocation,/mnt/ubna_data_02_mir/recover-20220922/UBNA_001/20220921_090000.WAV,Telephone Field,recover-20220922,001,1795
400.9485,400.9579,28906,37001,Eptesicus serotinus,0.009,0.024,-1,Echolocation,/mnt/ubna_data_02_mir/recover-20220922/UBNA_001/20220921_090000.WAV,Telephone Field,recover-20220922,001,1795
400.9625,400.9992,68437,81618,Rhinolophus ferrumequinum,0.022,0.022,-1,Echolocation,/mnt/ubna_data_02_mir/recover-20220922/UBNA_001/20220921_090000.WAV,Telephone Field,recover-20220922,001,1795
400.9735,400.9817,27187,39944,Eptesicus serotinus,0.008,0.024,-1,Echolocation,/mnt/ubna_data_02_mir/recover-20220922/UBNA_001/20220921_090000.WAV,Telephone Field,recover-20220922,001,1795
400.9945,401.0342,68437,82528,Rhinolophus ferrumequinum,0.023,0.023,-1,Echolocation,/mnt/ubna_data_02_mir/recover-20220922/UBNA_001/20220921_090000.WAV,Telephone Field,recover-20220922,001,1795
401.0155,401.02570000000003,27187,36972,Eptesicus serotinus,0.009,0.025,-1,Echolocation,/mnt/ubna_data_02_mir/recover-20220922/UBNA_001/20220921_090000.WAV,Telephone Field,recover-20220922,001,1795
401.0505,401.091,68437,82721,Rhinolophus ferrumequinum,0.029,0.029,-1,Echolocation,/mnt/ubna_data_02_mir/recover-20220922/UBNA_001/20220921_090000.WAV,Telephone Field,recover-20220922,001,1795
401.0615,401.0718,23750,29930,Nyctalus leisleri,0.009,0.024,-1,Echolocation,/mnt/ubna_data_02_mir/recover-20220922/UBNA_001/20220921_090000.WAV,Telephone Field,recover-20220922,001,1795
401.0755,401.1131,68437,81532,Rhinolophus ferrumequinum,0.022,0.022,-1,Echolocation,/mnt/ubna_data_02_mir/recover-20220922/UBNA_001/20220921_090000.WAV,Telephone Field,recover-20220922,001,1795
401.1335,401.1746,68437,82550,Rhinolophus ferrumequinum,0.022,0.022,-1,Echolocation,/mnt/ubna_data_02_mir/recover-20220922/UBNA_001/20220921_090000.WAV,Telephone Field,recover-20220922,001,1795
401.1375,401.1458,28046,37409,Eptesicus serotinus,0.008,0.021,-1,Echolocation,/mnt/ubna_data_02_mir/recover-20220922/UBNA_001/20220921_090000.WAV,Telephone Field,recover-20220922,001,1795
401.1835,401.1902,51250,56438,Pipistrellus pipistrellus,0.021,0.024,-1,Echolocation,/mnt/ubna_data_02_mir/recover-20220922/UBNA_001/20220921_090000.WAV,Telephone Field,recover-20220922,001,1795
401.1935,401.2308,68437,80970,Rhinolophus ferrumequinum,0.021,0.021,-1,Echolocation,/mnt/ubna_data_02_mir/recover-20220922/UBNA_001/20220921_090000.WAV,Telephone Field,recover-20220922,001,1795
401.2015,401.2393,68437,81837,Rhinolophus ferrumequinum,0.022,0.022,-1,Echolocation,/mnt/ubna_data_02_mir/recover-20220922/UBNA_001/20220921_090000.WAV,Telephone Field,recover-20220922,001,1795
401.2145,401.2556,68437,82677,Rhinolophus ferrumequinum,0.026,0.026,-1,Echolocation,/mnt/ubna_data_02_mir/recover-20220922/UBNA_001/20220921_090000.WAV,Telephone Field,recover-20220922,001,1795
401.2685,401.3084,68437,82697,Rhinolophus ferrumequinum,0.023,0.023,-1,Echolocation,/mnt/ubna_data_02_mir/recover-20220922/UBNA_001/20220921_090000.WAV,Telephone Field,recover-20220922,001,1795
401.2935,401.3349,68437,82271,Rhinolophus ferrumequinum,0.029,0.029,-1,Echolocation,/mnt/ubna_data_02_mir/recover-20220922/UBNA_001/20220921_090000.WAV,Telephone Field,recover-20220922,001,1795
401.3075,401.3429,68437,81177,Rhinolophus ferrumequinum,0.021,0.021,-1,Echolocation,/mnt/ubna_data_02_mir/recover-20220922/UBNA_001/20220921_090000.WAV,Telephone Field,recover-20220922,001,1795
401.3195,401.3572,68437,81923,Rhinolophus ferrumequinum,0.022,0.022,-1,Echolocation,/mnt/ubna_data_02_mir/recover-20220922/UBNA_001/20220921_090000.WAV,Telephone Field,recover-20220922,001,1795
401.3355,401.3736,68437,81739,Rhinolophus ferrumequinum,0.021,0.021,-1,Echolocation,/mnt/ubna_data_02_mir/recover-20220922/UBNA_001/20220921_090000.WAV,Telephone Field,recover-20220922,001,1795
401.3865,401.4259,68437,82327,Rhinolophus ferrumequinum,0.024,0.024,-1,Echolocation,/mnt/ubna_data_02_mir/recover-20220922/UBNA_001/20220921_090000.WAV,Telephone Field,recover-20220922,001,1795
401.4055,401.4456,68437,82272,Rhinolophus ferrumequinum,0.034,0.034,-1,Echolocation,/mnt/ubna_data_02_mir/recover-20220922/UBNA_001/20220921_090000.WAV,Telephone Field,recover-20220922,001,1795
401.4305,401.4727,68437,82778,Rhinolophus ferrumequinum,0.024,0.024,-1,Echolocation,/mnt/ubna_data_02_mir/recover-20220922/UBNA_001/20220921_090000.WAV,Telephone Field,recover-20220922,001,1795
401.4325,401.4447,40937,44698,Pipistrellus pipistrellus,0.01,0.027,-1,Echolocation,/mnt/ubna_data_02_mir/recover-20220922/UBNA_001/20220921_090000.WAV,Telephone Field,recover-20220922,001,1795
401.4625,401.5019,68437,82479,Rhinolophus ferrumequinum,0.021,0.021,-1,Echolocation,/mnt/ubna_data_02_mir/recover-20220922/UBNA_001/20220921_090000.WAV,Telephone Field,recover-20220922,001,1795
401.4715,401.5105,68437,82190,Rhinolophus ferrumequinum,0.021,0.021,-1,Echolocation,/mnt/ubna_data_02_mir/recover-20220922/UBNA_001/20220921_090000.WAV,Telephone Field,recover-20220922,001,1795
401.4885,401.5297,68437,82331,Rhinolophus ferrumequinum,0.02,0.021,-1,Echolocation,/mnt/ubna_data_02_mir/recover-20220922/UBNA_001/20220921_090000.WAV,Telephone Field,recover-20220922,001,1795
401.4885,401.4983,29765,37906,Eptesicus serotinus,0.014,0.03,-1,Echolocation,/mnt/ubna_data_02_mir/recover-20220922/UBNA_001/20220921_090000.WAV,Telephone Field,recover-20220922,001,1795
401.4975,401.5358,68437,82331,Rhinolophus ferrumequinum,0.022,0.022,-1,Echolocation,/mnt/ubna_data_02_mir/recover-20220922/UBNA_001/20220921_090000.WAV,Telephone Field,recover-20220922,001,1795
401.5265,401.5687,68437,82797,Rhinolophus ferrumequinum,0.022,0.023,-1,Echolocation,/mnt/ubna_data_02_mir/recover-20220922/UBNA_001/20220921_090000.WAV,Telephone Field,recover-20220922,001,1795
401.5405,401.5828,68437,83107,Rhinolophus ferrumequinum,0.025,0.025,-1,Echolocation,/mnt/ubna_data_02_mir/recover-20220922/UBNA_001/20220921_090000.WAV,Telephone Field,recover-20220922,001,1795
401.5475,401.5881,68437,82449,Rhinolophus ferrumequinum,0.026,0.026,-1,Echolocation,/mnt/ubna_data_02_mir/recover-20220922/UBNA_001/20220921_090000.WAV,Telephone Field,recover-20220922,001,1795
401.5525,401.5611,27187,39466,Eptesicus serotinus,0.008,0.023,-1,Echolocation,/mnt/ubna_data_02_mir/recover-20220922/UBNA_001/20220921_090000.WAV,Telephone Field,recover-20220922,001,1795
401.5745,401.5848,23750,29822,Nyctalus leisleri,0.009,0.021,-1,Echolocation,/mnt/ubna_data_02_mir/recover-20220922/UBNA_001/20220921_090000.WAV,Telephone Field,recover-20220922,001,1795
401.5765,401.6158,68437,82128,Rhinolophus ferrumequinum,0.021,0.021,-1,Echolocation,/mnt/ubna_data_02_mir/recover-20220922/UBNA_001/20220921_090000.WAV,Telephone Field,recover-20220922,001,1795
401.6175,401.6542,68437,81980,Rhinolophus ferrumequinum,0.023,0.023,-1,Echolocation,/mnt/ubna_data_02_mir/recover-20220922/UBNA_001/20220921_090000.WAV,Telephone Field,recover-20220922,001,1795
401.6385,401.6458,28046,37980,Eptesicus serotinus,0.008,0.025,-1,Echolocation,/mnt/ubna_data_02_mir/recover-20220922/UBNA_001/20220921_090000.WAV,Telephone Field,recover-20220922,001,1795
401.6425,401.6817,68437,82058,Rhinolophus ferrumequinum,0.021,0.021,-1,Echolocation,/mnt/ubna_data_02_mir/recover-20220922/UBNA_001/20220921_090000.WAV,Telephone Field,recover-20220922,001,1795
401.6675,401.6752,27187,41945,Eptesicus serotinus,0.007,0.022,-1,Echolocation,/mnt/ubna_data_02_mir/recover-20220922/UBNA_001/20220921_090000.WAV,Telephone Field,recover-20220922,001,1795
401.6765,401.6872,22890,27720,Nyctalus leisleri,0.012,0.024,-1,Echolocation,/mnt/ubna_data_02_mir/recover-20220922/UBNA_001/20220921_090000.WAV,Telephone Field,recover-20220922,001,1795
401.6855,401.722,68437,81984,Rhinolophus ferrumequinum,0.023,0.023,-1,Echolocation,/mnt/ubna_data_02_mir/recover-20220922/UBNA_001/20220921_090000.WAV,Telephone Field,recover-20220922,001,1795
401.7005,401.7387,68437,82361,Rhinolophus ferrumequinum,0.022,0.022,-1,Echolocation,/mnt/ubna_data_02_mir/recover-20220922/UBNA_001/20220921_090000.WAV,Telephone Field,recover-20220922,001,1795
401.7155,401.7554,68437,82226,Rhinolophus ferrumequinum,0.029,0.029,-1,Echolocation,/mnt/ubna_data_02_mir/recover-20220922/UBNA_001/20220921_090000.WAV,Telephone Field,recover-20220922,001,1795
401.7155,401.7235,28046,38888,Eptesicus serotinus,0.007,0.023,-1,Echolocation,/mnt/ubna_data_02_mir/recover-20220922/UBNA_001/20220921_090000.WAV,Telephone Field,recover-20220922,001,1795
401.7165,401.728,43515,48682,Pipistrellus pipistrellus,0.018,0.023,-1,Echolocation,/mnt/ubna_data_02_mir/recover-20220922/UBNA_001/20220921_090000.WAV,Telephone Field,recover-20220922,001,1795
401.7455,401.7866,68437,82565,Rhinolophus ferrumequinum,0.021,0.021,-1,Echolocation,/mnt/ubna_data_02_mir/recover-20220922/UBNA_001/20220921_090000.WAV,Telephone Field,recover-20220922,001,1795
401.7645,401.8008,68437,81391,Rhinolophus ferrumequinum,0.022,0.022,-1,Echolocation,/mnt/ubna_data_02_mir/recover-20220922/UBNA_001/20220921_090000.WAV,Telephone Field,recover-20220922,001,1795
401.7685,401.7777,44375,52306,Pipistrellus pipistrellus,0.014,0.022,-1,Echolocation,/mnt/ubna_data_02_mir/recover-20220922/UBNA_001/20220921_090000.WAV,Telephone Field,recover-20220922,001,1795
401.8085,401.847,68437,81258,Rhinolophus ferrumequinum,0.022,0.022,-1,Echolocation,/mnt/ubna_data_02_mir/recover-20220922/UBNA_001/20220921_090000.WAV,Telephone Field,recover-20220922,001,1795
401.8355,401.8458,22890,28170,Nyctalus leisleri,0.01,0.022,-1,Echolocation,/mnt/ubna_data_02_mir/recover-20220922/UBNA_001/20220921_090000.WAV,Telephone Field,recover-20220922,001,1795
401.8555,401.8931,68437,81713,Rhinolophus ferrumequinum,0.021,0.021,-1,Echolocation,/mnt/ubna_data_02_mir/recover-20220922/UBNA_001/20220921_090000.WAV,Telephone Field,recover-20220922,001,1795
401.8695,401.9066,68437,81905,Rhinolophus ferrumequinum,0.021,0.021,-1,Echolocation,/mnt/ubna_data_02_mir/recover-20220922/UBNA_001/20220921_090000.WAV,Telephone Field,recover-20220922,001,1795
401.8715,401.886,14296,18925,Nyctalus noctula,0.015,0.024,-1,Echolocation,/mnt/ubna_data_02_mir/recover-20220922/UBNA_001/20220921_090000.WAV,Telephone Field,recover-20220922,001,1795
401.8755,401.8846,28046,37290,Eptesicus serotinus,0.008,0.023,-1,Echolocation,/mnt/ubna_data_02_mir/recover-20220922/UBNA_001/20220921_090000.WAV,Telephone Field,recover-20220922,001,1795
401.8855,401.9224,68437,81621,Rhinolophus ferrumequinum,0.021,0.021,-1,Echolocation,/mnt/ubna_data_02_mir/recover-20220922/UBNA_001/20220921_090000.WAV,Telephone Field,recover-20220922,001,1795
401.9045,401.9423,68437,82073,Rhinolophus ferrumequinum,0.022,0.022,-1,Echolocation,/mnt/ubna_data_02_mir/recover-20220922/UBNA_001/20220921_090000.WAV,Telephone Field,recover-20220922,001,1795
401.9075,401.9146,23750,33108,Plecotus austriacus,0.012,0.026,-1,Echolocation,/mnt/ubna_data_02_mir/recover-20220922/UBNA_001/20220921_090000.WAV,Telephone Field,recover-20220922,001,1795
401.9815,401.9891,27187,37744,Eptesicus serotinus,0.009,0.026,-1,Echolocation,/mnt/ubna_data_02_mir/recover-20220922/UBNA_001/20220921_090000.WAV,Telephone Field,recover-20220922,001,1795
402.0015,402.0086,24609,34360,Plecotus austriacus,0.008,0.031,-1,Echolocation,/mnt/ubna_data_02_mir/recover-20220922/UBNA_001/20220921_090000.WAV,Telephone Field,recover-20220922,001,1795
402.0015,402.0273,69296,80125,Rhinolophus ferrumequinum,0.025,0.026,-1,Echolocation,/mnt/ubna_data_02_mir/recover-20220922/UBNA_001/20220921_090000.WAV,Telephone Field,recover-20220922,001,1795
402.0405,402.0502,24609,32337,Eptesicus serotinus,0.009,0.022,-1,Echolocation,/mnt/ubna_data_02_mir/recover-20220922/UBNA_001/20220921_090000.WAV,Telephone Field,recover-20220922,001,1795
402.0425,402.084,68437,82704,Rhinolophus ferrumequinum,0.022,0.022,-1,Echolocation,/mnt/ubna_data_02_mir/recover-20220922/UBNA_001/20220921_090000.WAV,Telephone Field,recover-20220922,001,1795
402.0615,402.0862,65000,72069,Pipistrellus pygmaeus,0.024,0.026,-1,Echolocation,/mnt/ubna_data_02_mir/recover-20220922/UBNA_001/20220921_090000.WAV,Telephone Field,recover-20220922,001,1795
402.0645,402.0761,23750,29127,Nyctalus leisleri,0.015,0.029,-1,Echolocation,/mnt/ubna_data_02_mir/recover-20220922/UBNA_001/20220921_090000.WAV,Telephone Field,recover-20220922,001,1795
402.0755,402.0847,27187,36359,Eptesicus serotinus,0.008,0.022,-1,Echolocation,/mnt/ubna_data_02_mir/recover-20220922/UBNA_001/20220921_090000.WAV,Telephone Field,recover-20220922,001,1795
402.0865,402.1264,68437,82896,Rhinolophus ferrumequinum,0.027,0.027,-1,Echolocation,/mnt/ubna_data_02_mir/recover-20220922/UBNA_001/20220921_090000.WAV,Telephone Field,recover-20220922,001,1795
402.0865,402.0965,28906,38174,Eptesicus serotinus,0.012,0.027,-1,Echolocation,/mnt/ubna_data_02_mir/recover-20220922/UBNA_001/20220921_090000.WAV,Telephone Field,recover-20220922,001,1795
402.1035,402.1093,38359,59647,Myotis brandtii,0.008,0.022,-1,Echolocation,/mnt/ubna_data_02_mir/recover-20220922/UBNA_001/20220921_090000.WAV,Telephone Field,recover-20220922,001,1795
402.1035,402.1188,15156,20600,Nyctalus noctula,0.017,0.024,-1,Echolocation,/mnt/ubna_data_02_mir/recover-20220922/UBNA_001/20220921_090000.WAV,Telephone Field,recover-20220922,001,1795
402.1485,402.162,22890,28105,Nyctalus leisleri,0.017,0.034,-1,Echolocation,/mnt/ubna_data_02_mir/recover-20220922/UBNA_001/20220921_090000.WAV,Telephone Field,recover-20220922,001,1795
402.1625,402.2044,68437,82586,Rhinolophus ferrumequinum,0.032,0.032,-1,Echolocation,/mnt/ubna_data_02_mir/recover-20220922/UBNA_001/20220921_090000.WAV,Telephone Field,recover-20220922,001,1795
402.2315,402.2697,68437,81717,Rhinolophus ferrumequinum,0.022,0.023,-1,Echolocation,/mnt/ubna_data_02_mir/recover-20220922/UBNA_001/20220921_090000.WAV,Telephone Field,recover-20220922,001,1795
402.2545,402.2947,68437,82544,Rhinolophus ferrumequinum,0.028,0.028,-1,Echolocation,/mnt/ubna_data_02_mir/recover-20220922/UBNA_001/20220921_090000.WAV,Telephone Field,recover-20220922,001,1795
402.2835,402.2923,25468,33626,Eptesicus serotinus,0.008,0.025,-1,Echolocation,/mnt/ubna_data_02_mir/recover-20220922/UBNA_001/20220921_090000.WAV,Telephone Field,recover-20220922,001,1795
402.3035,402.3434,68437,82642,Rhinolophus ferrumequinum,0.032,0.032,-1,Echolocation,/mnt/ubna_data_02_mir/recover-20220922/UBNA_001/20220921_090000.WAV,Telephone Field,recover-20220922,001,1795
402.3615,402.4014,68437,82325,Rhinolophus ferrumequinum,0.023,0.023,-1,Echolocation,/mnt/ubna_data_02_mir/recover-20220922/UBNA_001/20220921_090000.WAV,Telephone Field,recover-20220922,001,1795
402.3845,402.4246,68437,82102,Rhinolophus ferrumequinum,0.031,0.031,-1,Echolocation,/mnt/ubna_data_02_mir/recover-20220922/UBNA_001/20220921_090000.WAV,Telephone Field,recover-20220922,001,1795
402.3905,402.4028,33203,37735,Eptesicus serotinus,0.006,0.024,-1,Echolocation,/mnt/ubna_data_02_mir/recover-20220922/UBNA_001/20220921_090000.WAV,Telephone Field,recover-20220922,001,1795
402.3995,402.4376,68437,82074,Rhinolophus ferrumequinum,0.022,0.022,-1,Echolocation,/mnt/ubna_data_02_mir/recover-20220922/UBNA_001/20220921_090000.WAV,Telephone Field,recover-20220922,001,1795
402.4065,402.4433,68437,81550,Rhinolophus ferrumequinum,0.022,0.022,-1,Echolocation,/mnt/ubna_data_02_mir/recover-20220922/UBNA_001/20220921_090000.WAV,Telephone Field,recover-20220922,001,1795
402.4455,402.4781,68437,81055,Rhinolophus ferrumequinum,0.022,0.022,-1,Echolocation,/mnt/ubna_data_02_mir/recover-20220922/UBNA_001/20220921_090000.WAV,Telephone Field,recover-20220922,001,1795
402.4535,402.4657,36640,41925,Pipistrellus nathusii,0.013,0.022,-1,Echolocation,/mnt/ubna_data_02_mir/recover-20220922/UBNA_001/20220921_090000.WAV,Telephone Field,recover-20220922,001,1795
402.4975,402.5335,68437,82361,Rhinolophus ferrumequinum,0.023,0.023,-1,Echolocation,/mnt/ubna_data_02_mir/recover-20220922/UBNA_001/20220921_090000.WAV,Telephone Field,recover-20220922,001,1795
402.5015,402.5081,47812,53818,Pipistrellus pipistrellus,0.018,0.022,-1,Echolocation,/mnt/ubna_data_02_mir/recover-20220922/UBNA_001/20220921_090000.WAV,Telephone Field,recover-20220922,001,1795
402.5285,402.5667,68437,81968,Rhinolophus ferrumequinum,0.023,0.023,-1,Echolocation,/mnt/ubna_data_02_mir/recover-20220922/UBNA_001/20220921_090000.WAV,Telephone Field,recover-20220922,001,1795
402.5475,402.5576,28046,37335,Eptesicus serotinus,0.011,0.025,-1,Echolocation,/mnt/ubna_data_02_mir/recover-20220922/UBNA_001/20220921_090000.WAV,Telephone Field,recover-20220922,001,1795
402.5775,402.61469999999997,68437,81889,Rhinolophus ferrumequinum,0.022,0.022,-1,Echolocation,/mnt/ubna_data_02_mir/recover-20220922/UBNA_001/20220921_090000.WAV,Telephone Field,recover-20220922,001,1795
402.5995,402.6419,68437,82801,Rhinolophus ferrumequinum,0.026,0.026,-1,Echolocation,/mnt/ubna_data_02_mir/recover-20220922/UBNA_001/20220921_090000.WAV,Telephone Field,recover-20220922,001,1795
402.6005,402.6098,22890,29464,Nyctalus leisleri,0.008,0.023,-1,Echolocation,/mnt/ubna_data_02_mir/recover-20220922/UBNA_001/20220921_090000.WAV,Telephone Field,recover-20220922,001,1795
402.6075,402.6448,68437,82656,Rhinolophus ferrumequinum,0.028,0.028,-1,Echolocation,/mnt/ubna_data_02_mir/recover-20220922/UBNA_001/20220921_090000.WAV,Telephone Field,recover-20220922,001,1795
402.66949999999997,402.6769,24609,34251,Plecotus austriacus,0.008,0.025,-1,Echolocation,/mnt/ubna_data_02_mir/recover-20220922/UBNA_001/20220921_090000.WAV,Telephone Field,recover-20220922,001,1795
402.6785,402.7172,68437,82027,Rhinolophus ferrumequinum,0.024,0.024,-1,Echolocation,/mnt/ubna_data_02_mir/recover-20220922/UBNA_001/20220921_090000.WAV,Telephone Field,recover-20220922,001,1795
402.6825,402.6929,28046,38042,Eptesicus serotinus,0.012,0.027,-1,Echolocation,/mnt/ubna_data_02_mir/recover-20220922/UBNA_001/20220921_090000.WAV,Telephone Field,recover-20220922,001,1795
402.7205,402.728,28046,43371,Eptesicus serotinus,0.008,0.027,-1,Echolocation,/mnt/ubna_data_02_mir/recover-20220922/UBNA_001/20220921_090000.WAV,Telephone Field,recover-20220922,001,1795
402.7435,402.7852,68437,82860,Rhinolophus ferrumequinum,0.023,0.023,-1,Echolocation,/mnt/ubna_data_02_mir/recover-20220922/UBNA_001/20220921_090000.WAV,Telephone Field,recover-20220922,001,1795
402.7655,402.774,43515,48758,Pipistrellus pipistrellus,0.02,0.022,-1,Echolocation,/mnt/ubna_data_02_mir/recover-20220922/UBNA_001/20220921_090000.WAV,Telephone Field,recover-20220922,001,1795
402.7715,402.7787,28906,38212,Eptesicus serotinus,0.007,0.027,-1,Echolocation,/mnt/ubna_data_02_mir/recover-20220922/UBNA_001/20220921_090000.WAV,Telephone Field,recover-20220922,001,1795
402.7915,402.7992,28046,39289,Eptesicus serotinus,0.008,0.023,-1,Echolocation,/mnt/ubna_data_02_mir/recover-20220922/UBNA_001/20220921_090000.WAV,Telephone Field,recover-20220922,001,1795
402.7985,402.8395,68437,82961,Rhinolophus ferrumequinum,0.037,0.037,-1,Echolocation,/mnt/ubna_data_02_mir/recover-20220922/UBNA_001/20220921_090000.WAV,Telephone Field,recover-20220922,001,1795
402.7995,402.8073,49531,56810,Pipistrellus pipistrellus,0.024,0.027,-1,Echolocation,/mnt/ubna_data_02_mir/recover-20220922/UBNA_001/20220921_090000.WAV,Telephone Field,recover-20220922,001,1795
402.8465,402.8897,68437,83192,Rhinolophus ferrumequinum,0.038,0.038,-1,Echolocation,/mnt/ubna_data_02_mir/recover-20220922/UBNA_001/20220921_090000.WAV,Telephone Field,recover-20220922,001,1795
402.8545,402.8619,25468,34781,Eptesicus serotinus,0.007,0.023,-1,Echolocation,/mnt/ubna_data_02_mir/recover-20220922/UBNA_001/20220921_090000.WAV,Telephone Field,recover-20220922,001,1795
402.9185,402.9286,21171,25865,Nyctalus leisleri,0.01,0.022,-1,Echolocation,/mnt/ubna_data_02_mir/recover-20220922/UBNA_001/20220921_090000.WAV,Telephone Field,recover-20220922,001,1795
402.9275,402.9676,68437,82428,Rhinolophus ferrumequinum,0.026,0.026,-1,Echolocation,/mnt/ubna_data_02_mir/recover-20220922/UBNA_001/20220921_090000.WAV,Telephone Field,recover-20220922,001,1795
403.0405,403.0746,68437,80608,Rhinolophus ferrumequinum,0.022,0.022,-1,Echolocation,/mnt/ubna_data_02_mir/recover-20220922/UBNA_001/20220921_090000.WAV,Telephone Field,recover-20220922,001,1795
403.0655,403.1024,68437,81226,Rhinolophus ferrumequinum,0.022,0.022,-1,Echolocation,/mnt/ubna_data_02_mir/recover-20220922/UBNA_001/20220921_090000.WAV,Telephone Field,recover-20220922,001,1795
403.0945,403.1023,27187,39767,Eptesicus serotinus,0.008,0.024,-1,Echolocation,/mnt/ubna_data_02_mir/recover-20220922/UBNA_001/20220921_090000.WAV,Telephone Field,recover-20220922,001,1795
403.1055,403.1412,68437,81228,Rhinolophus ferrumequinum,0.023,0.024,-1,Echolocation,/mnt/ubna_data_02_mir/recover-20220922/UBNA_001/20220921_090000.WAV,Telephone Field,recover-20220922,001,1795
403.1155,403.1581,68437,83088,Rhinolophus ferrumequinum,0.022,0.022,-1,Echolocation,/mnt/ubna_data_02_mir/recover-20220922/UBNA_001/20220921_090000.WAV,Telephone Field,recover-20220922,001,1795
403.1805,403.2217,68437,82706,Rhinolophus ferrumequinum,0.034,0.034,-1,Echolocation,/mnt/ubna_data_02_mir/recover-20220922/UBNA_001/20220921_090000.WAV,Telephone Field,recover-20220922,001,1795
403.1945,403.2083,23750,29497,Nyctalus leisleri,0.013,0.031,-1,Echolocation,/mnt/ubna_data_02_mir/recover-20220922/UBNA_001/20220921_090000.WAV,Telephone Field,recover-20220922,001,1795
403.1995,403.2418,68437,82952,Rhinolophus ferrumequinum,0.031,0.031,-1,Echolocation,/mnt/ubna_data_02_mir/recover-20220922/UBNA_001/20220921_090000.WAV,Telephone Field,recover-20220922,001,1795
403.2125,403.22090000000003,28046,37810,Eptesicus serotinus,0.009,0.023,-1,Echolocation,/mnt/ubna_data_02_mir/recover-20220922/UBNA_001/20220921_090000.WAV,Telephone Field,recover-20220922,001,1795
403.2635,403.2705,27187,39874,Eptesicus serotinus,0.006,0.023,-1,Echolocation,/mnt/ubna_data_02_mir/recover-20220922/UBNA_001/20220921_090000.WAV,Telephone Field,recover-20220922,001,1795
403.2775,403.316,68437,82352,Rhinolophus ferrumequinum,0.029,0.029,-1,Echolocation,/mnt/ubna_data_02_mir/recover-20220922/UBNA_001/20220921_090000.WAV,Telephone Field,recover-20220922,001,1795
403.3345,403.345,26328,33431,Eptesicus serotinus,0.012,0.025,-1,Echolocation,/mnt/ubna_data_02_mir/recover-20220922/UBNA_001/20220921_090000.WAV,Telephone Field,recover-20220922,001,1795
403.3685,403.3754,25468,34758,Plecotus austriacus,0.01,0.035,-1,Echolocation,/mnt/ubna_data_02_mir/recover-20220922/UBNA_001/20220921_090000.WAV,Telephone Field,recover-20220922,001,1795
403.3775,403.4144,68437,81845,Rhinolophus ferrumequinum,0.023,0.023,-1,Echolocation,/mnt/ubna_data_02_mir/recover-20220922/UBNA_001/20220921_090000.WAV,Telephone Field,recover-20220922,001,1795
403.4445,403.4769,68437,79927,Rhinolophus ferrumequinum,0.023,0.023,-1,Echolocation,/mnt/ubna_data_02_mir/recover-20220922/UBNA_001/20220921_090000.WAV,Telephone Field,recover-20220922,001,1795
403.4515,403.4602,28046,37164,Eptesicus serotinus,0.012,0.027,-1,Echolocation,/mnt/ubna_data_02_mir/recover-20220922/UBNA_001/20220921_090000.WAV,Telephone Field,recover-20220922,001,1795
403.4665,403.4767,23750,30733,Nyctalus leisleri,0.009,0.027,-1,Echolocation,/mnt/ubna_data_02_mir/recover-20220922/UBNA_001/20220921_090000.WAV,Telephone Field,recover-20220922,001,1795
403.4725,403.5085,68437,81396,Rhinolophus ferrumequinum,0.022,0.022,-1,Echolocation,/mnt/ubna_data_02_mir/recover-20220922/UBNA_001/20220921_090000.WAV,Telephone Field,recover-20220922,001,1795
403.4955,403.5353,68437,82564,Rhinolophus ferrumequinum,0.024,0.024,-1,Echolocation,/mnt/ubna_data_02_mir/recover-20220922/UBNA_001/20220921_090000.WAV,Telephone Field,recover-20220922,001,1795
403.5185,403.5599,68437,82753,Rhinolophus ferrumequinum,0.023,0.023,-1,Echolocation,/mnt/ubna_data_02_mir/recover-20220922/UBNA_001/20220921_090000.WAV,Telephone Field,recover-20220922,001,1795
403.5425,403.5851,68437,82613,Rhinolophus ferrumequinum,0.024,0.024,-1,Echolocation,/mnt/ubna_data_02_mir/recover-20220922/UBNA_001/20220921_090000.WAV,Telephone Field,recover-20220922,001,1795
403.5605,403.5679,28046,40707,Eptesicus serotinus,0.007,0.026,-1,Echolocation,/mnt/ubna_data_02_mir/recover-20220922/UBNA_001/20220921_090000.WAV,Telephone Field,recover-20220922,001,1795
403.6225,403.6309,28906,37121,Eptesicus serotinus,0.01,0.026,-1,Echolocation,/mnt/ubna_data_02_mir/recover-20220922/UBNA_001/20220921_090000.WAV,Telephone Field,recover-20220922,001,1795
403.6515,403.6901,68437,82178,Rhinolophus ferrumequinum,0.022,0.022,-1,Echolocation,/mnt/ubna_data_02_mir/recover-20220922/UBNA_001/20220921_090000.WAV,Telephone Field,recover-20220922,001,1795
403.6595,403.6956,68437,81080,Rhinolophus ferrumequinum,0.023,0.023,-1,Echolocation,/mnt/ubna_data_02_mir/recover-20220922/UBNA_001/20220921_090000.WAV,Telephone Field,recover-20220922,001,1795
403.70550000000003,403.7151,25468,33180,Eptesicus serotinus,0.01,0.027,-1,Echolocation,/mnt/ubna_data_02_mir/recover-20220922/UBNA_001/20220921_090000.WAV,Telephone Field,recover-20220922,001,1795
403.7445,403.7815,68437,82264,Rhinolophus ferrumequinum,0.025,0.025,-1,Echolocation,/mnt/ubna_data_02_mir/recover-20220922/UBNA_001/20220921_090000.WAV,Telephone Field,recover-20220922,001,1795
403.7735,403.7814,28046,39487,Eptesicus serotinus,0.008,0.022,-1,Echolocation,/mnt/ubna_data_02_mir/recover-20220922/UBNA_001/20220921_090000.WAV,Telephone Field,recover-20220922,001,1795
403.7825,403.8188,68437,81835,Rhinolophus ferrumequinum,0.026,0.026,-1,Echolocation,/mnt/ubna_data_02_mir/recover-20220922/UBNA_001/20220921_090000.WAV,Telephone Field,recover-20220922,001,1795
403.8215,403.8316,28046,36379,Eptesicus serotinus,0.01,0.024,-1,Echolocation,/mnt/ubna_data_02_mir/recover-20220922/UBNA_001/20220921_090000.WAV,Telephone Field,recover-20220922,001,1795
403.8225,403.8583,68437,81084,Rhinolophus ferrumequinum,0.025,0.025,-1,Echolocation,/mnt/ubna_data_02_mir/recover-20220922/UBNA_001/20220921_090000.WAV,Telephone Field,recover-20220922,001,1795
403.8545,403.8628,27187,36823,Eptesicus serotinus,0.009,0.026,-1,Echolocation,/mnt/ubna_data_02_mir/recover-20220922/UBNA_001/20220921_090000.WAV,Telephone Field,recover-20220922,001,1795
403.8785,403.8874,27187,35127,Eptesicus serotinus,0.025,0.048,-1,Echolocation,/mnt/ubna_data_02_mir/recover-20220922/UBNA_001/20220921_090000.WAV,Telephone Field,recover-20220922,001,1795
403.8915,403.9319,68437,82598,Rhinolophus ferrumequinum,0.022,0.022,-1,Echolocation,/mnt/ubna_data_02_mir/recover-20220922/UBNA_001/20220921_090000.WAV,Telephone Field,recover-20220922,001,1795
403.9295,403.9389,24609,32043,Eptesicus serotinus,0.008,0.025,-1,Echolocation,/mnt/ubna_data_02_mir/recover-20220922/UBNA_001/20220921_090000.WAV,Telephone Field,recover-20220922,001,1795
404.0015,404.0333,69296,80742,Rhinolophus ferrumequinum,0.027,0.027,-1,Echolocation,/mnt/ubna_data_02_mir/recover-20220922/UBNA_001/20220921_090000.WAV,Telephone Field,recover-20220922,001,1795
404.0015,404.0115,22890,28506,Nyctalus leisleri,0.013,0.029,-1,Echolocation,/mnt/ubna_data_02_mir/recover-20220922/UBNA_001/20220921_090000.WAV,Telephone Field,recover-20220922,001,1795
404.0095,404.0504,68437,81832,Rhinolophus ferrumequinum,0.021,0.021,-1,Echolocation,/mnt/ubna_data_02_mir/recover-20220922/UBNA_001/20220921_090000.WAV,Telephone Field,recover-20220922,001,1795
404.0125,404.0202,27187,36421,Eptesicus serotinus,0.008,0.026,-1,Echolocation,/mnt/ubna_data_02_mir/recover-20220922/UBNA_001/20220921_090000.WAV,Telephone Field,recover-20220922,001,1795
404.0255,404.065,68437,82069,Rhinolophus ferrumequinum,0.022,0.022,-1,Echolocation,/mnt/ubna_data_02_mir/recover-20220922/UBNA_001/20220921_090000.WAV,Telephone Field,recover-20220922,001,1795
404.0325,404.0431,24609,31829,Eptesicus serotinus,0.01,0.027,-1,Echolocation,/mnt/ubna_data_02_mir/recover-20220922/UBNA_001/20220921_090000.WAV,Telephone Field,recover-20220922,001,1795
404.0535,404.0917,68437,82111,Rhinolophus ferrumequinum,0.022,0.022,-1,Echolocation,/mnt/ubna_data_02_mir/recover-20220922/UBNA_001/20220921_090000.WAV,Telephone Field,recover-20220922,001,1795
404.0595,404.098,68437,82071,Rhinolophus ferrumequinum,0.021,0.022,-1,Echolocation,/mnt/ubna_data_02_mir/recover-20220922/UBNA_001/20220921_090000.WAV,Telephone Field,recover-20220922,001,1795
404.0785,404.1167,68437,82499,Rhinolophus ferrumequinum,0.023,0.023,-1,Echolocation,/mnt/ubna_data_02_mir/recover-20220922/UBNA_001/20220921_090000.WAV,Telephone Field,recover-20220922,001,1795
404.0965,404.1303,68437,80490,Rhinolophus ferrumequinum,0.022,0.022,-1,Echolocation,/mnt/ubna_data_02_mir/recover-20220922/UBNA_001/20220921_090000.WAV,Telephone Field,recover-20220922,001,1795
404.1155,404.1605,68437,83084,Rhinolophus ferrumequinum,0.044,0.044,-1,Echolocation,/mnt/ubna_data_02_mir/recover-20220922/UBNA_001/20220921_090000.WAV,Telephone Field,recover-20220922,001,1795
404.1475,404.1867,68437,82563,Rhinolophus ferrumequinum,0.029,0.029,-1,Echolocation,/mnt/ubna_data_02_mir/recover-20220922/UBNA_001/20220921_090000.WAV,Telephone Field,recover-20220922,001,1795
404.1555,404.1928,68437,81662,Rhinolophus ferrumequinum,0.021,0.021,-1,Echolocation,/mnt/ubna_data_02_mir/recover-20220922/UBNA_001/20220921_090000.WAV,Telephone Field,recover-20220922,001,1795
404.1925,404.234,68437,82318,Rhinolophus ferrumequinum,0.026,0.026,-1,Echolocation,/mnt/ubna_data_02_mir/recover-20220922/UBNA_001/20220921_090000.WAV,Telephone Field,recover-20220922,001,1795
404.1945,404.2033,44375,49755,Pipistrellus pipistrellus,0.022,0.025,-1,Echolocation,/mnt/ubna_data_02_mir/recover-20220922/UBNA_001/20220921_090000.WAV,Telephone Field,recover-20220922,001,1795
404.2005,404.2414,68437,82365,Rhinolophus ferrumequinum,0.024,0.024,-1,Echolocation,/mnt/ubna_data_02_mir/recover-20220922/UBNA_001/20220921_090000.WAV,Telephone Field,recover-20220922,001,1795
404.2105,404.2467,68437,82191,Rhinolophus ferrumequinum,0.021,0.021,-1,Echolocation,/mnt/ubna_data_02_mir/recover-20220922/UBNA_001/20220921_090000.WAV,Telephone Field,recover-20220922,001,1795
404.2345,404.2443,22890,29040,Nyctalus leisleri,0.009,0.025,-1,Echolocation,/mnt/ubna_data_02_mir/recover-20220922/UBNA_001/20220921_090000.WAV,Telephone Field,recover-20220922,001,1795
404.2925,404.3117,16015,20034,Nyctalus noctula,0.018,0.026,-1,Echolocation,/mnt/ubna_data_02_mir/recover-20220922/UBNA_001/20220921_090000.WAV,Telephone Field,recover-20220922,001,1795
404.2925,404.33389999999997,68437,82716,Rhinolophus ferrumequinum,0.025,0.025,-1,Echolocation,/mnt/ubna_data_02_mir/recover-20220922/UBNA_001/20220921_090000.WAV,Telephone Field,recover-20220922,001,1795
404.3235,404.3324,22890,29779,Plecotus austriacus,0.012,0.029,-1,Echolocation,/mnt/ubna_data_02_mir/recover-20220922/UBNA_001/20220921_090000.WAV,Telephone Field,recover-20220922,001,1795
404.3325,404.3714,68437,82254,Rhinolophus ferrumequinum,0.022,0.022,-1,Echolocation,/mnt/ubna_data_02_mir/recover-20220922/UBNA_001/20220921_090000.WAV,Telephone Field,recover-20220922,001,1795
404.3475,404.3576,23750,30601,Nyctalus leisleri,0.009,0.024,-1,Echolocation,/mnt/ubna_data_02_mir/recover-20220922/UBNA_001/20220921_090000.WAV,Telephone Field,recover-20220922,001,1795
404.3695,404.408,68437,82316,Rhinolophus ferrumequinum,0.023,0.023,-1,Echolocation,/mnt/ubna_data_02_mir/recover-20220922/UBNA_001/20220921_090000.WAV,Telephone Field,recover-20220922,001,1795
404.4085,404.4492,68437,82895,Rhinolophus ferrumequinum,0.028,0.028,-1,Echolocation,/mnt/ubna_data_02_mir/recover-20220922/UBNA_001/20220921_090000.WAV,Telephone Field,recover-20220922,001,1795
404.4315,404.4397,28906,37767,Eptesicus serotinus,0.009,0.023,-1,Echolocation,/mnt/ubna_data_02_mir/recover-20220922/UBNA_001/20220921_090000.WAV,Telephone Field,recover-20220922,001,1795
404.4575,404.4688,28906,35935,Eptesicus serotinus,0.01,0.023,-1,Echolocation,/mnt/ubna_data_02_mir/recover-20220922/UBNA_001/20220921_090000.WAV,Telephone Field,recover-20220922,001,1795
404.4625,404.5015,68437,82207,Rhinolophus ferrumequinum,0.027,0.027,-1,Echolocation,/mnt/ubna_data_02_mir/recover-20220922/UBNA_001/20220921_090000.WAV,Telephone Field,recover-20220922,001,1795
404.4665,404.4771,27187,34832,Eptesicus serotinus,0.013,0.026,-1,Echolocation,/mnt/ubna_data_02_mir/recover-20220922/UBNA_001/20220921_090000.WAV,Telephone Field,recover-20220922,001,1795
404.4795,404.5193,68437,82521,Rhinolophus ferrumequinum,0.026,0.026,-1,Echolocation,/mnt/ubna_data_02_mir/recover-20220922/UBNA_001/20220921_090000.WAV,Telephone Field,recover-20220922,001,1795
404.4965,404.5388,68437,83040,Rhinolophus ferrumequinum,0.027,0.027,-1,Echolocation,/mnt/ubna_data_02_mir/recover-20220922/UBNA_001/20220921_090000.WAV,Telephone Field,recover-20220922,001,1795
404.5065,404.5187,22031,26180,Nyctalus leisleri,0.013,0.024,-1,Echolocation,/mnt/ubna_data_02_mir/recover-20220922/UBNA_001/20220921_090000.WAV,Telephone Field,recover-20220922,001,1795
404.5115,404.5209,29765,37854,Eptesicus serotinus,0.008,0.023,-1,Echolocation,/mnt/ubna_data_02_mir/recover-20220922/UBNA_001/20220921_090000.WAV,Telephone Field,recover-20220922,001,1795
404.5125,404.55219999999997,68437,82112,Rhinolophus ferrumequinum,0.023,0.023,-1,Echolocation,/mnt/ubna_data_02_mir/recover-20220922/UBNA_001/20220921_090000.WAV,Telephone Field,recover-20220922,001,1795
404.5625,404.6002,68437,81715,Rhinolophus ferrumequinum,0.023,0.023,-1,Echolocation,/mnt/ubna_data_02_mir/recover-20220922/UBNA_001/20220921_090000.WAV,Telephone Field,recover-20220922,001,1795
404.5705,404.6078,68437,81533,Rhinolophus ferrumequinum,0.021,0.021,-1,Echolocation,/mnt/ubna_data_02_mir/recover-20220922/UBNA_001/20220921_090000.WAV,Telephone Field,recover-20220922,001,1795
404.5865,404.6267,68437,82371,Rhinolophus ferrumequinum,0.027,0.027,-1,Echolocation,/mnt/ubna_data_02_mir/recover-20220922/UBNA_001/20220921_090000.WAV,Telephone Field,recover-20220922,001,1795
404.6055,404.64639999999997,68437,82664,Rhinolophus ferrumequinum,0.023,0.023,-1,Echolocation,/mnt/ubna_data_02_mir/recover-20220922/UBNA_001/20220921_090000.WAV,Telephone Field,recover-20220922,001,1795
404.6335,404.6723,68437,82295,Rhinolophus ferrumequinum,0.028,0.028,-1,Echolocation,/mnt/ubna_data_02_mir/recover-20220922/UBNA_001/20220921_090000.WAV,Telephone Field,recover-20220922,001,1795
404.6635,404.6713,26328,35459,Eptesicus serotinus,0.008,0.024,-1,Echolocation,/mnt/ubna_data_02_mir/recover-20220922/UBNA_001/20220921_090000.WAV,Telephone Field,recover-20220922,001,1795
404.6645,404.7044,68437,81961,Rhinolophus ferrumequinum,0.035,0.035,-1,Echolocation,/mnt/ubna_data_02_mir/recover-20220922/UBNA_001/20220921_090000.WAV,Telephone Field,recover-20220922,001,1795
404.6745,404.7156,68437,82566,Rhinolophus ferrumequinum,0.029,0.029,-1,Echolocation,/mnt/ubna_data_02_mir/recover-20220922/UBNA_001/20220921_090000.WAV,Telephone Field,recover-20220922,001,1795
404.7045,404.7434,68437,82474,Rhinolophus ferrumequinum,0.022,0.022,-1,Echolocation,/mnt/ubna_data_02_mir/recover-20220922/UBNA_001/20220921_090000.WAV,Telephone Field,recover-20220922,001,1795
404.7145,404.7534,68437,81893,Rhinolophus ferrumequinum,0.023,0.023,-1,Echolocation,/mnt/ubna_data_02_mir/recover-20220922/UBNA_001/20220921_090000.WAV,Telephone Field,recover-20220922,001,1795
404.7285,404.7389,22890,28441,Nyctalus leisleri,0.013,0.029,-1,Echolocation,/mnt/ubna_data_02_mir/recover-20220922/UBNA_001/20220921_090000.WAV,Telephone Field,recover-20220922,001,1795
404.7445,404.754,28906,36611,Eptesicus serotinus,0.008,0.022,-1,Echolocation,/mnt/ubna_data_02_mir/recover-20220922/UBNA_001/20220921_090000.WAV,Telephone Field,recover-20220922,001,1795
404.7705,404.8165,68437,82889,Rhinolophus ferrumequinum,0.053,0.053,-1,Echolocation,/mnt/ubna_data_02_mir/recover-20220922/UBNA_001/20220921_090000.WAV,Telephone Field,recover-20220922,001,1795
404.8605,404.9001,68437,82119,Rhinolophus ferrumequinum,0.027,0.027,-1,Echolocation,/mnt/ubna_data_02_mir/recover-20220922/UBNA_001/20220921_090000.WAV,Telephone Field,recover-20220922,001,1795
404.8705,404.8802,24609,31993,Nyctalus leisleri,0.013,0.037,-1,Echolocation,/mnt/ubna_data_02_mir/recover-20220922/UBNA_001/20220921_090000.WAV,Telephone Field,recover-20220922,001,1795
404.8965,404.9325,68437,81785,Rhinolophus ferrumequinum,0.021,0.021,-1,Echolocation,/mnt/ubna_data_02_mir/recover-20220922/UBNA_001/20220921_090000.WAV,Telephone Field,recover-20220922,001,1795
404.9345,404.9426,26328,34851,Eptesicus serotinus,0.006,0.021,-1,Echolocation,/mnt/ubna_data_02_mir/recover-20220922/UBNA_001/20220921_090000.WAV,Telephone Field,recover-20220922,001,1795
404.9885,405.0256,68437,82344,Rhinolophus ferrumequinum,0.026,0.026,-1,Echolocation,/mnt/ubna_data_02_mir/recover-20220922/UBNA_001/20220921_090000.WAV,Telephone Field,recover-20220922,001,1795
404.9905,404.998,28046,37707,Eptesicus serotinus,0.007,0.022,-1,Echolocation,/mnt/ubna_data_02_mir/recover-20220922/UBNA_001/20220921_090000.WAV,Telephone Field,recover-20220922,001,1795
405.0355,405.0437,28046,37356,Eptesicus serotinus,0.007,0.021,-1,Echolocation,/mnt/ubna_data_02_mir/recover-20220922/UBNA_001/20220921_090000.WAV,Telephone Field,recover-20220922,001,1795
405.0635,405.104,68437,82048,Rhinolophus ferrumequinum,0.022,0.022,-1,Echolocation,/mnt/ubna_data_02_mir/recover-20220922/UBNA_001/20220921_090000.WAV,Telephone Field,recover-20220922,001,1795
405.0855,405.1228,68437,81202,Rhinolophus ferrumequinum,0.023,0.023,-1,Echolocation,/mnt/ubna_data_02_mir/recover-20220922/UBNA_001/20220921_090000.WAV,Telephone Field,recover-20220922,001,1795
405.0885,405.0971,22890,30204,Plecotus austriacus,0.01,0.024,-1,Echolocation,/mnt/ubna_data_02_mir/recover-20220922/UBNA_001/20220921_090000.WAV,Telephone Field,recover-20220922,001,1795
405.0915,405.1212,68437,80354,Rhinolophus ferrumequinum,0.023,0.024,-1,Echolocation,/mnt/ubna_data_02_mir/recover-20220922/UBNA_001/20220921_090000.WAV,Telephone Field,recover-20220922,001,1795
405.1415,405.1813,68437,82661,Rhinolophus ferrumequinum,0.023,0.023,-1,Echolocation,/mnt/ubna_data_02_mir/recover-20220922/UBNA_001/20220921_090000.WAV,Telephone Field,recover-20220922,001,1795
405.1425,405.1567,37500,42770,Pipistrellus nathusii,0.017,0.023,-1,Echolocation,/mnt/ubna_data_02_mir/recover-20220922/UBNA_001/20220921_090000.WAV,Telephone Field,recover-20220922,001,1795
405.1535,405.1914,68437,82854,Rhinolophus ferrumequinum,0.024,0.024,-1,Echolocation,/mnt/ubna_data_02_mir/recover-20220922/UBNA_001/20220921_090000.WAV,Telephone Field,recover-20220922,001,1795
405.1805,405.22090000000003,68437,82622,Rhinolophus ferrumequinum,0.021,0.021,-1,Echolocation,/mnt/ubna_data_02_mir/recover-20220922/UBNA_001/20220921_090000.WAV,Telephone Field,recover-20220922,001,1795
405.1975,405.2384,68437,82565,Rhinolophus ferrumequinum,0.024,0.024,-1,Echolocation,/mnt/ubna_data_02_mir/recover-20220922/UBNA_001/20220921_090000.WAV,Telephone Field,recover-20220922,001,1795
405.2075,405.217,25468,33815,Eptesicus serotinus,0.012,0.028,-1,Echolocation,/mnt/ubna_data_02_mir/recover-20220922/UBNA_001/20220921_090000.WAV,Telephone Field,recover-20220922,001,1795
405.2185,405.2571,68437,81764,Rhinolophus ferrumequinum,0.021,0.021,-1,Echolocation,/mnt/ubna_data_02_mir/recover-20220922/UBNA_001/20220921_090000.WAV,Telephone Field,recover-20220922,001,1795
405.2225,405.2341,28906,36233,Eptesicus serotinus,0.013,0.027,-1,Echolocation,/mnt/ubna_data_02_mir/recover-20220922/UBNA_001/20220921_090000.WAV,Telephone Field,recover-20220922,001,1795
405.2455,405.286,68437,82763,Rhinolophus ferrumequinum,0.027,0.027,-1,Echolocation,/mnt/ubna_data_02_mir/recover-20220922/UBNA_001/20220921_090000.WAV,Telephone Field,recover-20220922,001,1795
405.2585,405.2985,68437,82416,Rhinolophus ferrumequinum,0.021,0.021,-1,Echolocation,/mnt/ubna_data_02_mir/recover-20220922/UBNA_001/20220921_090000.WAV,Telephone Field,recover-20220922,001,1795
405.2795,405.2878,32343,41924,Myotis daubentonii,0.014,0.046,-1,Echolocation,/mnt/ubna_data_02_mir/recover-20220922/UBNA_001/20220921_090000.WAV,Telephone Field,recover-20220922,001,1795
405.3035,405.3445,68437,82440,Rhinolophus ferrumequinum,0.028,0.028,-1,Echolocation,/mnt/ubna_data_02_mir/recover-20220922/UBNA_001/20220921_090000.WAV,Telephone Field,recover-20220922,001,1795
405.3315,405.3384,28046,36718,Eptesicus serotinus,0.012,0.032,-1,Echolocation,/mnt/ubna_data_02_mir/recover-20220922/UBNA_001/20220921_090000.WAV,Telephone Field,recover-20220922,001,1795
405.3335,405.3733,68437,82228,Rhinolophus ferrumequinum,0.021,0.021,-1,Echolocation,/mnt/ubna_data_02_mir/recover-20220922/UBNA_001/20220921_090000.WAV,Telephone Field,recover-20220922,001,1795
405.3655,405.3798,44375,48249,Pipistrellus pipistrellus,0.034,0.037,-1,Echolocation,/mnt/ubna_data_02_mir/recover-20220922/UBNA_001/20220921_090000.WAV,Telephone Field,recover-20220922,001,1795
405.3975,405.4374,68437,82313,Rhinolophus ferrumequinum,0.022,0.022,-1,Echolocation,/mnt/ubna_data_02_mir/recover-20220922/UBNA_001/20220921_090000.WAV,Telephone Field,recover-20220922,001,1795
405.4085,405.4204,24609,28998,Nyctalus leisleri,0.011,0.022,-1,Echolocation,/mnt/ubna_data_02_mir/recover-20220922/UBNA_001/20220921_090000.WAV,Telephone Field,recover-20220922,001,1795
405.4165,405.4264,28906,38195,Eptesicus serotinus,0.01,0.023,-1,Echolocation,/mnt/ubna_data_02_mir/recover-20220922/UBNA_001/20220921_090000.WAV,Telephone Field,recover-20220922,001,1795
405.4305,405.4683,68437,82225,Rhinolophus ferrumequinum,0.027,0.027,-1,Echolocation,/mnt/ubna_data_02_mir/recover-20220922/UBNA_001/20220921_090000.WAV,Telephone Field,recover-20220922,001,1795
405.4675,405.5085,68437,82198,Rhinolophus ferrumequinum,0.054,0.054,-1,Echolocation,/mnt/ubna_data_02_mir/recover-20220922/UBNA_001/20220921_090000.WAV,Telephone Field,recover-20220922,001,1795
405.4695,405.4836,21171,24531,Nyctalus leisleri,0.014,0.021,-1,Echolocation,/mnt/ubna_data_02_mir/recover-20220922/UBNA_001/20220921_090000.WAV,Telephone Field,recover-20220922,001,1795
405.4885,405.5283,68437,82049,Rhinolophus ferrumequinum,0.023,0.023,-1,Echolocation,/mnt/ubna_data_02_mir/recover-20220922/UBNA_001/20220921_090000.WAV,Telephone Field,recover-20220922,001,1795
405.5555,405.594,68437,81482,Rhinolophus ferrumequinum,0.022,0.022,-1,Echolocation,/mnt/ubna_data_02_mir/recover-20220922/UBNA_001/20220921_090000.WAV,Telephone Field,recover-20220922,001,1795
405.5765,405.6113,68437,80907,Rhinolophus ferrumequinum,0.039,0.039,-1,Echolocation,/mnt/ubna_data_02_mir/recover-20220922/UBNA_001/20220921_090000.WAV,Telephone Field,recover-20220922,001,1795
405.5865,405.596,27187,35464,Eptesicus serotinus,0.012,0.026,-1,Echolocation,/mnt/ubna_data_02_mir/recover-20220922/UBNA_001/20220921_090000.WAV,Telephone Field,recover-20220922,001,1795
405.5975,405.6377,68437,82266,Rhinolophus ferrumequinum,0.023,0.023,-1,Echolocation,/mnt/ubna_data_02_mir/recover-20220922/UBNA_001/20220921_090000.WAV,Telephone Field,recover-20220922,001,1795
405.6245,405.6377,33203,37622,Eptesicus serotinus,0.011,0.037,-1,Echolocation,/mnt/ubna_data_02_mir/recover-20220922/UBNA_001/20220921_090000.WAV,Telephone Field,recover-20220922,001,1795
405.6315,405.6731,68437,82754,Rhinolophus ferrumequinum,0.027,0.027,-1,Echolocation,/mnt/ubna_data_02_mir/recover-20220922/UBNA_001/20220921_090000.WAV,Telephone Field,recover-20220922,001,1795
405.6515,405.6595,28906,37296,Eptesicus serotinus,0.007,0.021,-1,Echolocation,/mnt/ubna_data_02_mir/recover-20220922/UBNA_001/20220921_090000.WAV,Telephone Field,recover-20220922,001,1795
405.7115,405.724,22031,27434,Nyctalus leisleri,0.012,0.026,-1,Echolocation,/mnt/ubna_data_02_mir/recover-20220922/UBNA_001/20220921_090000.WAV,Telephone Field,recover-20220922,001,1795
405.7475,405.7572,48671,52335,Pipistrellus pipistrellus,0.021,0.024,-1,Echolocation,/mnt/ubna_data_02_mir/recover-20220922/UBNA_001/20220921_090000.WAV,Telephone Field,recover-20220922,001,1795
405.7495,405.796,68437,83592,Rhinolophus ferrumequinum,0.046,0.046,-1,Echolocation,/mnt/ubna_data_02_mir/recover-20220922/UBNA_001/20220921_090000.WAV,Telephone Field,recover-20220922,001,1795
405.7505,405.7611,23750,30048,Nyctalus leisleri,0.009,0.022,-1,Echolocation,/mnt/ubna_data_02_mir/recover-20220922/UBNA_001/20220921_090000.WAV,Telephone Field,recover-20220922,001,1795
405.7765,405.7836,14296,28239,Plecotus auritus,0.019,0.023,-1,Echolocation,/mnt/ubna_data_02_mir/recover-20220922/UBNA_001/20220921_090000.WAV,Telephone Field,recover-20220922,001,1795
405.7765,405.7849,23750,31199,Plecotus austriacus,0.007,0.022,-1,Echolocation,/mnt/ubna_data_02_mir/recover-20220922/UBNA_001/20220921_090000.WAV,Telephone Field,recover-20220922,001,1795
405.7775,405.7856,28906,39522,Eptesicus serotinus,0.007,0.021,-1,Echolocation,/mnt/ubna_data_02_mir/recover-20220922/UBNA_001/20220921_090000.WAV,Telephone Field,recover-20220922,001,1795
405.8145,405.8551,68437,82736,Rhinolophus ferrumequinum,0.024,0.024,-1,Echolocation,/mnt/ubna_data_02_mir/recover-20220922/UBNA_001/20220921_090000.WAV,Telephone Field,recover-20220922,001,1795
405.8245,405.8337,24609,32603,Nyctalus leisleri,0.007,0.021,-1,Echolocation,/mnt/ubna_data_02_mir/recover-20220922/UBNA_001/20220921_090000.WAV,Telephone Field,recover-20220922,001,1795
405.8405,405.8502,22890,28863,Nyctalus leisleri,0.007,0.021,-1,Echolocation,/mnt/ubna_data_02_mir/recover-20220922/UBNA_001/20220921_090000.WAV,Telephone Field,recover-20220922,001,1795
405.8475,405.888,68437,83076,Rhinolophus ferrumequinum,0.026,0.026,-1,Echolocation,/mnt/ubna_data_02_mir/recover-20220922/UBNA_001/20220921_090000.WAV,Telephone Field,recover-20220922,001,1795
405.8945,405.9325,68437,81652,Rhinolophus ferrumequinum,0.024,0.024,-1,Echolocation,/mnt/ubna_data_02_mir/recover-20220922/UBNA_001/20220921_090000.WAV,Telephone Field,recover-20220922,001,1795
405.9125,405.9504,68437,82060,Rhinolophus ferrumequinum,0.021,0.021,-1,Echolocation,/mnt/ubna_data_02_mir/recover-20220922/UBNA_001/20220921_090000.WAV,Telephone Field,recover-20220922,001,1795
405.9135,405.9217,28046,39976,Eptesicus serotinus,0.008,0.023,-1,Echolocation,/mnt/ubna_data_02_mir/recover-20220922/UBNA_001/20220921_090000.WAV,Telephone Field,recover-20220922,001,1795
405.9245,405.9588,68437,81152,Rhinolophus ferrumequinum,0.021,0.021,-1,Echolocation,/mnt/ubna_data_02_mir/recover-20220922/UBNA_001/20220921_090000.WAV,Telephone Field,recover-20220922,001,1795
405.9295,405.9358,14296,29679,Plecotus auritus,0.016,0.022,-1,Echolocation,/mnt/ubna_data_02_mir/recover-20220922/UBNA_001/20220921_090000.WAV,Telephone Field,recover-20220922,001,1795
405.95550000000003,405.9658,23750,29742,Nyctalus leisleri,0.008,0.021,-1,Echolocation,/mnt/ubna_data_02_mir/recover-20220922/UBNA_001/20220921_090000.WAV,Telephone Field,recover-20220922,001,1795
405.9685,405.9787,28906,35197,Eptesicus serotinus,0.014,0.028,-1,Echolocation,/mnt/ubna_data_02_mir/recover-20220922/UBNA_001/20220921_090000.WAV,Telephone Field,recover-20220922,001,1795
406.0015,406.0349,68437,80715,Rhinolophus ferrumequinum,0.036,0.036,-1,Echolocation,/mnt/ubna_data_02_mir/recover-20220922/UBNA_001/20220921_090000.WAV,Telephone Field,recover-20220922,001,1795
406.0015,406.0116,23750,29929,Nyctalus leisleri,0.013,0.031,-1,Echolocation,/mnt/ubna_data_02_mir/recover-20220922/UBNA_001/20220921_090000.WAV,Telephone Field,recover-20220922,001,1795
406.0085,406.0515,68437,82348,Rhinolophus ferrumequinum,0.028,0.028,-1,Echolocation,/mnt/ubna_data_02_mir/recover-20220922/UBNA_001/20220921_090000.WAV,Telephone Field,recover-20220922,001,1795
406.0705,406.1107,68437,82494,Rhinolophus ferrumequinum,0.023,0.023,-1,Echolocation,/mnt/ubna_data_02_mir/recover-20220922/UBNA_001/20220921_090000.WAV,Telephone Field,recover-20220922,001,1795
406.0825,406.1221,68437,82152,Rhinolophus ferrumequinum,0.023,0.023,-1,Echolocation,/mnt/ubna_data_02_mir/recover-20220922/UBNA_001/20220921_090000.WAV,Telephone Field,recover-20220922,001,1795
406.0925,406.1023,24609,32054,Nyctalus leisleri,0.008,0.024,-1,Echolocation,/mnt/ubna_data_02_mir/recover-20220922/UBNA_001/20220921_090000.WAV,Telephone Field,recover-20220922,001,1795
406.1185,406.1264,27187,38112,Eptesicus serotinus,0.007,0.021,-1,Echolocation,/mnt/ubna_data_02_mir/recover-20220922/UBNA_001/20220921_090000.WAV,Telephone Field,recover-20220922,001,1795
406.2185,406.2283,28906,36477,Eptesicus serotinus,0.008,0.021,-1,Echolocation,/mnt/ubna_data_02_mir/recover-20220922/UBNA_001/20220921_090000.WAV,Telephone Field,recover-20220922,001,1795
406.2345,406.2767,68437,83211,Rhinolophus ferrumequinum,0.029,0.029,-1,Echolocation,/mnt/ubna_data_02_mir/recover-20220922/UBNA_001/20220921_090000.WAV,Telephone Field,recover-20220922,001,1795
406.2695,406.2766,28046,38859,Eptesicus serotinus,0.006,0.021,-1,Echolocation,/mnt/ubna_data_02_mir/recover-20220922/UBNA_001/20220921_090000.WAV,Telephone Field,recover-20220922,001,1795
406.2885,406.3287,68437,82441,Rhinolophus ferrumequinum,0.035,0.035,-1,Echolocation,/mnt/ubna_data_02_mir/recover-20220922/UBNA_001/20220921_090000.WAV,Telephone Field,recover-20220922,001,1795
406.3185,406.3594,68437,82562,Rhinolophus ferrumequinum,0.028,0.028,-1,Echolocation,/mnt/ubna_data_02_mir/recover-20220922/UBNA_001/20220921_090000.WAV,Telephone Field,recover-20220922,001,1795
406.3415,406.3788,68437,81710,Rhinolophus ferrumequinum,0.02,0.02,-1,Echolocation,/mnt/ubna_data_02_mir/recover-20220922/UBNA_001/20220921_090000.WAV,Telephone Field,recover-20220922,001,1795
406.3565,406.3651,28906,38518,Eptesicus serotinus,0.01,0.025,-1,Echolocation,/mnt/ubna_data_02_mir/recover-20220922/UBNA_001/20220921_090000.WAV,Telephone Field,recover-20220922,001,1795
406.3625,406.3974,68437,80788,Rhinolophus ferrumequinum,0.022,0.022,-1,Echolocation,/mnt/ubna_data_02_mir/recover-20220922/UBNA_001/20220921_090000.WAV,Telephone Field,recover-20220922,001,1795
406.3625,406.3691,33203,43295,Myotis daubentonii,0.009,0.024,-1,Echolocation,/mnt/ubna_data_02_mir/recover-20220922/UBNA_001/20220921_090000.WAV,Telephone Field,recover-20220922,001,1795
406.4215,406.4639,68437,83219,Rhinolophus ferrumequinum,0.023,0.023,-1,Echolocation,/mnt/ubna_data_02_mir/recover-20220922/UBNA_001/20220921_090000.WAV,Telephone Field,recover-20220922,001,1795
406.4775,406.4847,14296,27869,Plecotus auritus,0.021,0.025,-1,Echolocation,/mnt/ubna_data_02_mir/recover-20220922/UBNA_001/20220921_090000.WAV,Telephone Field,recover-20220922,001,1795
406.47950000000003,406.5177,68437,82427,Rhinolophus ferrumequinum,0.024,0.024,-1,Echolocation,/mnt/ubna_data_02_mir/recover-20220922/UBNA_001/20220921_090000.WAV,Telephone Field,recover-20220922,001,1795
406.5355,406.551,36640,40774,Pipistrellus nathusii,0.011,0.022,-1,Echolocation,/mnt/ubna_data_02_mir/recover-20220922/UBNA_001/20220921_090000.WAV,Telephone Field,recover-20220922,001,1795
406.5365,406.5763,68437,81937,Rhinolophus ferrumequinum,0.026,0.026,-1,Echolocation,/mnt/ubna_data_02_mir/recover-20220922/UBNA_001/20220921_090000.WAV,Telephone Field,recover-20220922,001,1795
406.5765,406.6169,68437,82514,Rhinolophus ferrumequinum,0.023,0.023,-1,Echolocation,/mnt/ubna_data_02_mir/recover-20220922/UBNA_001/20220921_090000.WAV,Telephone Field,recover-20220922,001,1795
406.5875,406.6249,68437,81889,Rhinolophus ferrumequinum,0.02,0.02,-1,Echolocation,/mnt/ubna_data_02_mir/recover-20220922/UBNA_001/20220921_090000.WAV,Telephone Field,recover-20220922,001,1795
406.6115,406.6198,28046,37307,Eptesicus serotinus,0.007,0.022,-1,Echolocation,/mnt/ubna_data_02_mir/recover-20220922/UBNA_001/20220921_090000.WAV,Telephone Field,recover-20220922,001,1795
406.6325,406.6415,24609,31797,Nyctalus leisleri,0.006,0.021,-1,Echolocation,/mnt/ubna_data_02_mir/recover-20220922/UBNA_001/20220921_090000.WAV,Telephone Field,recover-20220922,001,1795
406.6395,406.681,68437,82966,Rhinolophus ferrumequinum,0.026,0.026,-1,Echolocation,/mnt/ubna_data_02_mir/recover-20220922/UBNA_001/20220921_090000.WAV,Telephone Field,recover-20220922,001,1795
406.6795,406.7154,68437,81574,Rhinolophus ferrumequinum,0.021,0.021,-1,Echolocation,/mnt/ubna_data_02_mir/recover-20220922/UBNA_001/20220921_090000.WAV,Telephone Field,recover-20220922,001,1795
406.6895,406.7235,68437,81091,Rhinolophus ferrumequinum,0.021,0.021,-1,Echolocation,/mnt/ubna_data_02_mir/recover-20220922/UBNA_001/20220921_090000.WAV,Telephone Field,recover-20220922,001,1795
406.6915,406.7009,37500,43341,Barbastellus barbastellus,0.018,0.039,-1,Echolocation,/mnt/ubna_data_02_mir/recover-20220922/UBNA_001/20220921_090000.WAV,Telephone Field,recover-20220922,001,1795
406.7285,406.7685,68437,82351,Rhinolophus ferrumequinum,0.022,0.022,-1,Echolocation,/mnt/ubna_data_02_mir/recover-20220922/UBNA_001/20220921_090000.WAV,Telephone Field,recover-20220922,001,1795
406.7435,406.7555,45234,49092,Pipistrellus pipistrellus,0.023,0.027,-1,Echolocation,/mnt/ubna_data_02_mir/recover-20220922/UBNA_001/20220921_090000.WAV,Telephone Field,recover-20220922,001,1795
406.7455,406.7883,68437,83329,Rhinolophus ferrumequinum,0.033,0.033,-1,Echolocation,/mnt/ubna_data_02_mir/recover-20220922/UBNA_001/20220921_090000.WAV,Telephone Field,recover-20220922,001,1795
406.7625,406.8031,68437,82061,Rhinolophus ferrumequinum,0.022,0.022,-1,Echolocation,/mnt/ubna_data_02_mir/recover-20220922/UBNA_001/20220921_090000.WAV,Telephone Field,recover-20220922,001,1795
406.7695,406.8081,68437,82437,Rhinolophus ferrumequinum,0.022,0.022,-1,Echolocation,/mnt/ubna_data_02_mir/recover-20220922/UBNA_001/20220921_090000.WAV,Telephone Field,recover-20220922,001,1795
406.7815,406.7917,22031,26680,Nyctalus leisleri,0.01,0.021,-1,Echolocation,/mnt/ubna_data_02_mir/recover-20220922/UBNA_001/20220921_090000.WAV,Telephone Field,recover-20220922,001,1795
406.7865,406.8293,68437,82390,Rhinolophus ferrumequinum,0.032,0.032,-1,Echolocation,/mnt/ubna_data_02_mir/recover-20220922/UBNA_001/20220921_090000.WAV,Telephone Field,recover-20220922,001,1795
406.8115,406.852,68437,82865,Rhinolophus ferrumequinum,0.022,0.022,-1,Echolocation,/mnt/ubna_data_02_mir/recover-20220922/UBNA_001/20220921_090000.WAV,Telephone Field,recover-20220922,001,1795
406.8585,406.8691,23750,29929,Nyctalus leisleri,0.01,0.024,-1,Echolocation,/mnt/ubna_data_02_mir/recover-20220922/UBNA_001/20220921_090000.WAV,Telephone Field,recover-20220922,001,1795
406.8635,406.9052,68437,82903,Rhinolophus ferrumequinum,0.025,0.025,-1,Echolocation,/mnt/ubna_data_02_mir/recover-20220922/UBNA_001/20220921_090000.WAV,Telephone Field,recover-20220922,001,1795
406.8675,406.8753,26328,35033,Eptesicus serotinus,0.007,0.021,-1,Echolocation,/mnt/ubna_data_02_mir/recover-20220922/UBNA_001/20220921_090000.WAV,Telephone Field,recover-20220922,001,1795
406.8695,406.9102,68437,82901,Rhinolophus ferrumequinum,0.025,0.025,-1,Echolocation,/mnt/ubna_data_02_mir/recover-20220922/UBNA_001/20220921_090000.WAV,Telephone Field,recover-20220922,001,1795
406.8915,406.9328,68437,81846,Rhinolophus ferrumequinum,0.024,0.024,-1,Echolocation,/mnt/ubna_data_02_mir/recover-20220922/UBNA_001/20220921_090000.WAV,Telephone Field,recover-20220922,001,1795
406.9145,406.9291,22890,27157,Nyctalus leisleri,0.021,0.04,-1,Echolocation,/mnt/ubna_data_02_mir/recover-20220922/UBNA_001/20220921_090000.WAV,Telephone Field,recover-20220922,001,1795
406.9165,406.9569,68437,82411,Rhinolophus ferrumequinum,0.024,0.024,-1,Echolocation,/mnt/ubna_data_02_mir/recover-20220922/UBNA_001/20220921_090000.WAV,Telephone Field,recover-20220922,001,1795
406.9445,406.9816,68437,81717,Rhinolophus ferrumequinum,0.022,0.022,-1,Echolocation,/mnt/ubna_data_02_mir/recover-20220922/UBNA_001/20220921_090000.WAV,Telephone Field,recover-20220922,001,1795
406.9665,407.0078,68437,82786,Rhinolophus ferrumequinum,0.034,0.034,-1,Echolocation,/mnt/ubna_data_02_mir/recover-20220922/UBNA_001/20220921_090000.WAV,Telephone Field,recover-20220922,001,1795
406.9985,407.0306,68437,80652,Rhinolophus ferrumequinum,0.021,0.021,-1,Echolocation,/mnt/ubna_data_02_mir/recover-20220922/UBNA_001/20220921_090000.WAV,Telephone Field,recover-20220922,001,1795
407.0655,407.1034,68437,82029,Rhinolophus ferrumequinum,0.023,0.024,-1,Echolocation,/mnt/ubna_data_02_mir/recover-20220922/UBNA_001/20220921_090000.WAV,Telephone Field,recover-20220922,001,1795
407.0835,407.0942,23750,29709,Nyctalus leisleri,0.009,0.022,-1,Echolocation,/mnt/ubna_data_02_mir/recover-20220922/UBNA_001/20220921_090000.WAV,Telephone Field,recover-20220922,001,1795
407.0885,407.1279,68437,82252,Rhinolophus ferrumequinum,0.02,0.021,-1,Echolocation,/mnt/ubna_data_02_mir/recover-20220922/UBNA_001/20220921_090000.WAV,Telephone Field,recover-20220922,001,1795
407.1175,407.1559,68437,82197,Rhinolophus ferrumequinum,0.02,0.021,-1,Echolocation,/mnt/ubna_data_02_mir/recover-20220922/UBNA_001/20220921_090000.WAV,Telephone Field,recover-20220922,001,1795
407.1215,407.1313,28906,36826,Eptesicus serotinus,0.009,0.022,-1,Echolocation,/mnt/ubna_data_02_mir/recover-20220922/UBNA_001/20220921_090000.WAV,Telephone Field,recover-20220922,001,1795
407.1385,407.1755,68437,81625,Rhinolophus ferrumequinum,0.023,0.023,-1,Echolocation,/mnt/ubna_data_02_mir/recover-20220922/UBNA_001/20220921_090000.WAV,Telephone Field,recover-20220922,001,1795
407.1605,407.2016,68437,81939,Rhinolophus ferrumequinum,0.022,0.022,-1,Echolocation,/mnt/ubna_data_02_mir/recover-20220922/UBNA_001/20220921_090000.WAV,Telephone Field,recover-20220922,001,1795
407.1625,407.1701,28046,41574,Eptesicus serotinus,0.006,0.02,-1,Echolocation,/mnt/ubna_data_02_mir/recover-20220922/UBNA_001/20220921_090000.WAV,Telephone Field,recover-20220922,001,1795
407.1775,407.2155,68437,81879,Rhinolophus ferrumequinum,0.023,0.023,-1,Echolocation,/mnt/ubna_data_02_mir/recover-20220922/UBNA_001/20220921_090000.WAV,Telephone Field,recover-20220922,001,1795
407.1945,407.2338,68437,81893,Rhinolophus ferrumequinum,0.023,0.023,-1,Echolocation,/mnt/ubna_data_02_mir/recover-20220922/UBNA_001/20220921_090000.WAV,Telephone Field,recover-20220922,001,1795
407.2245,407.2651,68437,81951,Rhinolophus ferrumequinum,0.039,0.039,-1,Echolocation,/mnt/ubna_data_02_mir/recover-20220922/UBNA_001/20220921_090000.WAV,Telephone Field,recover-20220922,001,1795
407.2515,407.262,22031,27156,Nyctalus leisleri,0.011,0.024,-1,Echolocation,/mnt/ubna_data_02_mir/recover-20220922/UBNA_001/20220921_090000.WAV,Telephone Field,recover-20220922,001,1795
407.2975,407.3057,23750,31540,Plecotus austriacus,0.006,0.021,-1,Echolocation,/mnt/ubna_data_02_mir/recover-20220922/UBNA_001/20220921_090000.WAV,Telephone Field,recover-20220922,001,1795
407.3065,407.34680000000003,68437,82470,Rhinolophus ferrumequinum,0.029,0.029,-1,Echolocation,/mnt/ubna_data_02_mir/recover-20220922/UBNA_001/20220921_090000.WAV,Telephone Field,recover-20220922,001,1795
407.3315,407.3665,68437,80690,Rhinolophus ferrumequinum,0.021,0.021,-1,Echolocation,/mnt/ubna_data_02_mir/recover-20220922/UBNA_001/20220921_090000.WAV,Telephone Field,recover-20220922,001,1795
407.3375,407.3527,21171,24439,Nyctalus leisleri,0.015,0.024,-1,Echolocation,/mnt/ubna_data_02_mir/recover-20220922/UBNA_001/20220921_090000.WAV,Telephone Field,recover-20220922,001,1795
407.3465,407.38779999999997,68437,82753,Rhinolophus ferrumequinum,0.032,0.032,-1,Echolocation,/mnt/ubna_data_02_mir/recover-20220922/UBNA_001/20220921_090000.WAV,Telephone Field,recover-20220922,001,1795
407.3695,407.4074,68437,81986,Rhinolophus ferrumequinum,0.022,0.022,-1,Echolocation,/mnt/ubna_data_02_mir/recover-20220922/UBNA_001/20220921_090000.WAV,Telephone Field,recover-20220922,001,1795
407.3905,407.4251,68437,81346,Rhinolophus ferrumequinum,0.02,0.021,-1,Echolocation,/mnt/ubna_data_02_mir/recover-20220922/UBNA_001/20220921_090000.WAV,Telephone Field,recover-20220922,001,1795
407.4065,407.4192,23750,28777,Nyctalus leisleri,0.012,0.025,-1,Echolocation,/mnt/ubna_data_02_mir/recover-20220922/UBNA_001/20220921_090000.WAV,Telephone Field,recover-20220922,001,1795
407.4545,407.4985,68437,83162,Rhinolophus ferrumequinum,0.043,0.043,-1,Echolocation,/mnt/ubna_data_02_mir/recover-20220922/UBNA_001/20220921_090000.WAV,Telephone Field,recover-20220922,001,1795
407.4615,407.47,47812,54522,Pipistrellus pipistrellus,0.019,0.022,-1,Echolocation,/mnt/ubna_data_02_mir/recover-20220922/UBNA_001/20220921_090000.WAV,Telephone Field,recover-20220922,001,1795
407.4805,407.5183,68437,81829,Rhinolophus ferrumequinum,0.022,0.022,-1,Echolocation,/mnt/ubna_data_02_mir/recover-20220922/UBNA_001/20220921_090000.WAV,Telephone Field,recover-20220922,001,1795
407.5075,407.5493,68437,82330,Rhinolophus ferrumequinum,0.023,0.023,-1,Echolocation,/mnt/ubna_data_02_mir/recover-20220922/UBNA_001/20220921_090000.WAV,Telephone Field,recover-20220922,001,1795
407.5345,407.5747,68437,82286,Rhinolophus ferrumequinum,0.025,0.025,-1,Echolocation,/mnt/ubna_data_02_mir/recover-20220922/UBNA_001/20220921_090000.WAV,Telephone Field,recover-20220922,001,1795
407.5555,407.5946,68437,82863,Rhinolophus ferrumequinum,0.024,0.024,-1,Echolocation,/mnt/ubna_data_02_mir/recover-20220922/UBNA_001/20220921_090000.WAV,Telephone Field,recover-20220922,001,1795
407.5655,407.5754,25468,32693,Eptesicus serotinus,0.009,0.023,-1,Echolocation,/mnt/ubna_data_02_mir/recover-20220922/UBNA_001/20220921_090000.WAV,Telephone Field,recover-20220922,001,1795
407.5855,407.5928,46953,54483,Pipistrellus pipistrellus,0.013,0.021,-1,Echolocation,/mnt/ubna_data_02_mir/recover-20220922/UBNA_001/20220921_090000.WAV,Telephone Field,recover-20220922,001,1795
407.6035,407.6453,68437,82879,Rhinolophus ferrumequinum,0.029,0.029,-1,Echolocation,/mnt/ubna_data_02_mir/recover-20220922/UBNA_001/20220921_090000.WAV,Telephone Field,recover-20220922,001,1795
407.6385,407.6465,49531,56196,Pipistrellus pipistrellus,0.023,0.025,-1,Echolocation,/mnt/ubna_data_02_mir/recover-20220922/UBNA_001/20220921_090000.WAV,Telephone Field,recover-20220922,001,1795
407.6825,407.7199,68437,81782,Rhinolophus ferrumequinum,0.021,0.021,-1,Echolocation,/mnt/ubna_data_02_mir/recover-20220922/UBNA_001/20220921_090000.WAV,Telephone Field,recover-20220922,001,1795
407.6995,407.7342,68437,81485,Rhinolophus ferrumequinum,0.022,0.022,-1,Echolocation,/mnt/ubna_data_02_mir/recover-20220922/UBNA_001/20220921_090000.WAV,Telephone Field,recover-20220922,001,1795
407.7345,407.7716,68437,81495,Rhinolophus ferrumequinum,0.02,0.02,-1,Echolocation,/mnt/ubna_data_02_mir/recover-20220922/UBNA_001/20220921_090000.WAV,Telephone Field,recover-20220922,001,1795
407.7505,407.7611,43515,50134,Pipistrellus pipistrellus,0.014,0.021,-1,Echolocation,/mnt/ubna_data_02_mir/recover-20220922/UBNA_001/20220921_090000.WAV,Telephone Field,recover-20220922,001,1795
407.7645,407.7751,23750,29568,Nyctalus leisleri,0.01,0.023,-1,Echolocation,/mnt/ubna_data_02_mir/recover-20220922/UBNA_001/20220921_090000.WAV,Telephone Field,recover-20220922,001,1795
407.7735,407.8163,68437,83168,Rhinolophus ferrumequinum,0.03,0.03,-1,Echolocation,/mnt/ubna_data_02_mir/recover-20220922/UBNA_001/20220921_090000.WAV,Telephone Field,recover-20220922,001,1795
407.7875,407.79449999999997,28046,39341,Eptesicus serotinus,0.006,0.023,-1,Echolocation,/mnt/ubna_data_02_mir/recover-20220922/UBNA_001/20220921_090000.WAV,Telephone Field,recover-20220922,001,1795
407.8045,407.8441,68437,82287,Rhinolophus ferrumequinum,0.023,0.023,-1,Echolocation,/mnt/ubna_data_02_mir/recover-20220922/UBNA_001/20220921_090000.WAV,Telephone Field,recover-20220922,001,1795
407.8315,407.8665,68437,80909,Rhinolophus ferrumequinum,0.036,0.036,-1,Echolocation,/mnt/ubna_data_02_mir/recover-20220922/UBNA_001/20220921_090000.WAV,Telephone Field,recover-20220922,001,1795
407.8685,407.8767,23750,31545,Plecotus austriacus,0.007,0.022,-1,Echolocation,/mnt/ubna_data_02_mir/recover-20220922/UBNA_001/20220921_090000.WAV,Telephone Field,recover-20220922,001,1795
407.8695,407.9053,68437,81719,Rhinolophus ferrumequinum,0.02,0.02,-1,Echolocation,/mnt/ubna_data_02_mir/recover-20220922/UBNA_001/20220921_090000.WAV,Telephone Field,recover-20220922,001,1795
407.9345,407.9419,28906,38307,Eptesicus serotinus,0.009,0.027,-1,Echolocation,/mnt/ubna_data_02_mir/recover-20220922/UBNA_001/20220921_090000.WAV,Telephone Field,recover-20220922,001,1795
407.9535,407.9939,68437,82708,Rhinolophus ferrumequinum,0.026,0.026,-1,Echolocation,/mnt/ubna_data_02_mir/recover-20220922/UBNA_001/20220921_090000.WAV,Telephone Field,recover-20220922,001,1795
407.9675,407.9781,23750,29853,Nyctalus leisleri,0.01,0.024,-1,Echolocation,/mnt/ubna_data_02_mir/recover-20220922/UBNA_001/20220921_090000.WAV,Telephone Field,recover-20220922,001,1795
408.0015,408.0107,22031,30043,Nyctalus leisleri,0.008,0.027,-1,Echolocation,/mnt/ubna_data_02_mir/recover-20220922/UBNA_001/20220921_090000.WAV,Telephone Field,recover-20220922,001,1795
408.0015,408.01,26328,38172,Eptesicus serotinus,0.007,0.026,-1,Echolocation,/mnt/ubna_data_02_mir/recover-20220922/UBNA_001/20220921_090000.WAV,Telephone Field,recover-20220922,001,1795
408.0015,408.0314,69296,80358,Rhinolophus ferrumequinum,0.046,0.047,-1,Echolocation,/mnt/ubna_data_02_mir/recover-20220922/UBNA_001/20220921_090000.WAV,Telephone Field,recover-20220922,001,1795
408.0015,408.0173,58125,64949,Pipistrellus pygmaeus,0.02,0.022,-1,Echolocation,/mnt/ubna_data_02_mir/recover-20220922/UBNA_001/20220921_090000.WAV,Telephone Field,recover-20220922,001,1795
408.0305,408.0412,30625,38516,Eptesicus serotinus,0.01,0.024,-1,Echolocation,/mnt/ubna_data_02_mir/recover-20220922/UBNA_001/20220921_090000.WAV,Telephone Field,recover-20220922,001,1795
408.0475,408.08820000000003,68437,82747,Rhinolophus ferrumequinum,0.03,0.03,-1,Echolocation,/mnt/ubna_data_02_mir/recover-20220922/UBNA_001/20220921_090000.WAV,Telephone Field,recover-20220922,001,1795
408.0945,408.1337,68437,82360,Rhinolophus ferrumequinum,0.023,0.023,-1,Echolocation,/mnt/ubna_data_02_mir/recover-20220922/UBNA_001/20220921_090000.WAV,Telephone Field,recover-20220922,001,1795
408.1195,408.1578,68437,81523,Rhinolophus ferrumequinum,0.027,0.027,-1,Echolocation,/mnt/ubna_data_02_mir/recover-20220922/UBNA_001/20220921_090000.WAV,Telephone Field,recover-20220922,001,1795
408.1325,408.1432,28046,35553,Eptesicus serotinus,0.01,0.023,-1,Echolocation,/mnt/ubna_data_02_mir/recover-20220922/UBNA_001/20220921_090000.WAV,Telephone Field,recover-20220922,001,1795
408.1485,408.1896,68437,82649,Rhinolophus ferrumequinum,0.036,0.036,-1,Echolocation,/mnt/ubna_data_02_mir/recover-20220922/UBNA_001/20220921_090000.WAV,Telephone Field,recover-20220922,001,1795
408.2195,408.26,68437,82216,Rhinolophus ferrumequinum,0.028,0.028,-1,Echolocation,/mnt/ubna_data_02_mir/recover-20220922/UBNA_001/20220921_090000.WAV,Telephone Field,recover-20220922,001,1795
408.2715,408.309,68437,81449,Rhinolophus ferrumequinum,0.024,0.024,-1,Echolocation,/mnt/ubna_data_02_mir/recover-20220922/UBNA_001/20220921_090000.WAV,Telephone Field,recover-20220922,001,1795
408.3195,408.329,22890,29587,Nyctalus leisleri,0.009,0.027,-1,Echolocation,/mnt/ubna_data_02_mir/recover-20220922/UBNA_001/20220921_090000.WAV,Telephone Field,recover-20220922,001,1795
408.3225,408.363,68437,82631,Rhinolophus ferrumequinum,0.024,0.024,-1,Echolocation,/mnt/ubna_data_02_mir/recover-20220922/UBNA_001/20220921_090000.WAV,Telephone Field,recover-20220922,001,1795
408.3635,408.3711,24609,33656,Plecotus austriacus,0.007,0.023,-1,Echolocation,/mnt/ubna_data_02_mir/recover-20220922/UBNA_001/20220921_090000.WAV,Telephone Field,recover-20220922,001,1795
408.3945,408.4332,68437,82688,Rhinolophus ferrumequinum,0.024,0.024,-1,Echolocation,/mnt/ubna_data_02_mir/recover-20220922/UBNA_001/20220921_090000.WAV,Telephone Field,recover-20220922,001,1795
408.4035,408.4108,28046,36971,Eptesicus serotinus,0.009,0.025,-1,Echolocation,/mnt/ubna_data_02_mir/recover-20220922/UBNA_001/20220921_090000.WAV,Telephone Field,recover-20220922,001,1795
408.4125,408.4493,68437,82426,Rhinolophus ferrumequinum,0.027,0.027,-1,Echolocation,/mnt/ubna_data_02_mir/recover-20220922/UBNA_001/20220921_090000.WAV,Telephone Field,recover-20220922,001,1795
408.41949999999997,408.4583,68437,82072,Rhinolophus ferrumequinum,0.023,0.023,-1,Echolocation,/mnt/ubna_data_02_mir/recover-20220922/UBNA_001/20220921_090000.WAV,Telephone Field,recover-20220922,001,1795
408.4385,408.4482,28906,36924,Eptesicus serotinus,0.01,0.026,-1,Echolocation,/mnt/ubna_data_02_mir/recover-20220922/UBNA_001/20220921_090000.WAV,Telephone Field,recover-20220922,001,1795
408.4405,408.4845,68437,82844,Rhinolophus ferrumequinum,0.074,0.074,-1,Echolocation,/mnt/ubna_data_02_mir/recover-20220922/UBNA_001/20220921_090000.WAV,Telephone Field,recover-20220922,001,1795
408.4685,408.4783,22031,28105,Plecotus austriacus,0.01,0.028,-1,Echolocation,/mnt/ubna_data_02_mir/recover-20220922/UBNA_001/20220921_090000.WAV,Telephone Field,recover-20220922,001,1795
408.4905,408.5293,68437,82467,Rhinolophus ferrumequinum,0.03,0.03,-1,Echolocation,/mnt/ubna_data_02_mir/recover-20220922/UBNA_001/20220921_090000.WAV,Telephone Field,recover-20220922,001,1795
408.5425,408.579,68437,81348,Rhinolophus ferrumequinum,0.029,0.029,-1,Echolocation,/mnt/ubna_data_02_mir/recover-20220922/UBNA_001/20220921_090000.WAV,Telephone Field,recover-20220922,001,1795
408.6065,408.6468,68437,82518,Rhinolophus ferrumequinum,0.025,0.025,-1,Echolocation,/mnt/ubna_data_02_mir/recover-20220922/UBNA_001/20220921_090000.WAV,Telephone Field,recover-20220922,001,1795
408.6275,408.6673,68437,81872,Rhinolophus ferrumequinum,0.022,0.022,-1,Echolocation,/mnt/ubna_data_02_mir/recover-20220922/UBNA_001/20220921_090000.WAV,Telephone Field,recover-20220922,001,1795
408.6475,408.661,18593,23545,Nyctalus noctula,0.014,0.028,-1,Echolocation,/mnt/ubna_data_02_mir/recover-20220922/UBNA_001/20220921_090000.WAV,Telephone Field,recover-20220922,001,1795
408.6525,408.6921,68437,82280,Rhinolophus ferrumequinum,0.023,0.023,-1,Echolocation,/mnt/ubna_data_02_mir/recover-20220922/UBNA_001/20220921_090000.WAV,Telephone Field,recover-20220922,001,1795
408.6685,408.6799,23750,29223,Nyctalus leisleri,0.015,0.034,-1,Echolocation,/mnt/ubna_data_02_mir/recover-20220922/UBNA_001/20220921_090000.WAV,Telephone Field,recover-20220922,001,1795
408.6945,408.7367,68437,81722,Rhinolophus ferrumequinum,0.077,0.077,-1,Echolocation,/mnt/ubna_data_02_mir/recover-20220922/UBNA_001/20220921_090000.WAV,Telephone Field,recover-20220922,001,1795
408.70550000000003,408.7163,22031,26037,Nyctalus leisleri,0.013,0.024,-1,Echolocation,/mnt/ubna_data_02_mir/recover-20220922/UBNA_001/20220921_090000.WAV,Telephone Field,recover-20220922,001,1795
408.7125,408.7512,68437,81998,Rhinolophus ferrumequinum,0.023,0.023,-1,Echolocation,/mnt/ubna_data_02_mir/recover-20220922/UBNA_001/20220921_090000.WAV,Telephone Field,recover-20220922,001,1795
408.7395,408.7766,68437,81709,Rhinolophus ferrumequinum,0.022,0.022,-1,Echolocation,/mnt/ubna_data_02_mir/recover-20220922/UBNA_001/20220921_090000.WAV,Telephone Field,recover-20220922,001,1795
408.7635,408.8053,68437,82035,Rhinolophus ferrumequinum,0.023,0.023,-1,Echolocation,/mnt/ubna_data_02_mir/recover-20220922/UBNA_001/20220921_090000.WAV,Telephone Field,recover-20220922,001,1795
408.7685,408.8109,68437,82451,Rhinolophus ferrumequinum,0.023,0.023,-1,Echolocation,/mnt/ubna_data_02_mir/recover-20220922/UBNA_001/20220921_090000.WAV,Telephone Field,recover-20220922,001,1795
408.8085,408.8481,68437,82136,Rhinolophus ferrumequinum,0.026,0.026,-1,Echolocation,/mnt/ubna_data_02_mir/recover-20220922/UBNA_001/20220921_090000.WAV,Telephone Field,recover-20220922,001,1795
408.8585,408.8968,68437,81918,Rhinolophus ferrumequinum,0.023,0.023,-1,Echolocation,/mnt/ubna_data_02_mir/recover-20220922/UBNA_001/20220921_090000.WAV,Telephone Field,recover-20220922,001,1795
408.9215,408.932,22890,29114,Nyctalus leisleri,0.013,0.032,-1,Echolocation,/mnt/ubna_data_02_mir/recover-20220922/UBNA_001/20220921_090000.WAV,Telephone Field,recover-20220922,001,1795
408.9265,408.9372,42656,46076,Pipistrellus pipistrellus,0.026,0.03,-1,Echolocation,/mnt/ubna_data_02_mir/recover-20220922/UBNA_001/20220921_090000.WAV,Telephone Field,recover-20220922,001,1795
408.9365,408.9744,68437,81442,Rhinolophus ferrumequinum,0.026,0.026,-1,Echolocation,/mnt/ubna_data_02_mir/recover-20220922/UBNA_001/20220921_090000.WAV,Telephone Field,recover-20220922,001,1795
408.97950000000003,409.0182,68437,81683,Rhinolophus ferrumequinum,0.026,0.026,-1,Echolocation,/mnt/ubna_data_02_mir/recover-20220922/UBNA_001/20220921_090000.WAV,Telephone Field,recover-20220922,001,1795
409.0255,409.0688,68437,82643,Rhinolophus ferrumequinum,0.032,0.032,-1,Echolocation,/mnt/ubna_data_02_mir/recover-20220922/UBNA_001/20220921_090000.WAV,Telephone Field,recover-20220922,001,1795
409.0285,409.0397,24609,31084,Nyctalus leisleri,0.014,0.039,-1,Echolocation,/mnt/ubna_data_02_mir/recover-20220922/UBNA_001/20220921_090000.WAV,Telephone Field,recover-20220922,001,1795
409.0955,409.1345,68437,82302,Rhinolophus ferrumequinum,0.023,0.023,-1,Echolocation,/mnt/ubna_data_02_mir/recover-20220922/UBNA_001/20220921_090000.WAV,Telephone Field,recover-20220922,001,1795
409.1225,409.1648,68437,82736,Rhinolophus ferrumequinum,0.035,0.035,-1,Echolocation,/mnt/ubna_data_02_mir/recover-20220922/UBNA_001/20220921_090000.WAV,Telephone Field,recover-20220922,001,1795
409.1275,409.1357,27187,37611,Eptesicus serotinus,0.009,0.023,-1,Echolocation,/mnt/ubna_data_02_mir/recover-20220922/UBNA_001/20220921_090000.WAV,Telephone Field,recover-20220922,001,1795
409.1355,409.1426,23750,32643,Plecotus austriacus,0.01,0.025,-1,Echolocation,/mnt/ubna_data_02_mir/recover-20220922/UBNA_001/20220921_090000.WAV,Telephone Field,recover-20220922,001,1795
409.1465,409.187,68437,82533,Rhinolophus ferrumequinum,0.023,0.023,-1,Echolocation,/mnt/ubna_data_02_mir/recover-20220922/UBNA_001/20220921_090000.WAV,Telephone Field,recover-20220922,001,1795
409.2035,409.2425,68437,82426,Rhinolophus ferrumequinum,0.026,0.026,-1,Echolocation,/mnt/ubna_data_02_mir/recover-20220922/UBNA_001/20220921_090000.WAV,Telephone Field,recover-20220922,001,1795
409.2115,409.2205,34062,41348,Myotis daubentonii,0.007,0.022,-1,Echolocation,/mnt/ubna_data_02_mir/recover-20220922/UBNA_001/20220921_090000.WAV,Telephone Field,recover-20220922,001,1795
409.2255,409.2662,68437,82592,Rhinolophus ferrumequinum,0.024,0.024,-1,Echolocation,/mnt/ubna_data_02_mir/recover-20220922/UBNA_001/20220921_090000.WAV,Telephone Field,recover-20220922,001,1795
409.2435,409.2511,28046,37355,Eptesicus serotinus,0.007,0.023,-1,Echolocation,/mnt/ubna_data_02_mir/recover-20220922/UBNA_001/20220921_090000.WAV,Telephone Field,recover-20220922,001,1795
409.2485,409.2876,68437,82060,Rhinolophus ferrumequinum,0.022,0.022,-1,Echolocation,/mnt/ubna_data_02_mir/recover-20220922/UBNA_001/20220921_090000.WAV,Telephone Field,recover-20220922,001,1795
409.2655,409.2727,28046,37950,Eptesicus serotinus,0.007,0.022,-1,Echolocation,/mnt/ubna_data_02_mir/recover-20220922/UBNA_001/20220921_090000.WAV,Telephone Field,recover-20220922,001,1795
409.2915,409.3006,23750,30994,Nyctalus leisleri,0.008,0.022,-1,Echolocation,/mnt/ubna_data_02_mir/recover-20220922/UBNA_001/20220921_090000.WAV,Telephone Field,recover-20220922,001,1795
409.35450000000003,409.3915,68437,81405,Rhinolophus ferrumequinum,0.023,0.023,-1,Echolocation,/mnt/ubna_data_02_mir/recover-20220922/UBNA_001/20220921_090000.WAV,Telephone Field,recover-20220922,001,1795
409.3745,409.4139,68437,82162,Rhinolophus ferrumequinum,0.025,0.025,-1,Echolocation,/mnt/ubna_data_02_mir/recover-20220922/UBNA_001/20220921_090000.WAV,Telephone Field,recover-20220922,001,1795
409.3805,409.3921,22890,27174,Nyctalus leisleri,0.013,0.023,-1,Echolocation,/mnt/ubna_data_02_mir/recover-20220922/UBNA_001/20220921_090000.WAV,Telephone Field,recover-20220922,001,1795
409.3895,409.4279,68437,82126,Rhinolophus ferrumequinum,0.027,0.027,-1,Echolocation,/mnt/ubna_data_02_mir/recover-20220922/UBNA_001/20220921_090000.WAV,Telephone Field,recover-20220922,001,1795
409.4295,409.4386,28906,38756,Eptesicus serotinus,0.009,0.024,-1,Echolocation,/mnt/ubna_data_02_mir/recover-20220922/UBNA_001/20220921_090000.WAV,Telephone Field,recover-20220922,001,1795
409.4485,409.4854,68437,81731,Rhinolophus ferrumequinum,0.025,0.025,-1,Echolocation,/mnt/ubna_data_02_mir/recover-20220922/UBNA_001/20220921_090000.WAV,Telephone Field,recover-20220922,001,1795
409.4675,409.4825,22031,26132,Nyctalus leisleri,0.018,0.031,-1,Echolocation,/mnt/ubna_data_02_mir/recover-20220922/UBNA_001/20220921_090000.WAV,Telephone Field,recover-20220922,001,1795
409.4805,409.5227,68437,82737,Rhinolophus ferrumequinum,0.031,0.031,-1,Echolocation,/mnt/ubna_data_02_mir/recover-20220922/UBNA_001/20220921_090000.WAV,Telephone Field,recover-20220922,001,1795
409.4945,409.5045,24609,31604,Eptesicus serotinus,0.01,0.028,-1,Echolocation,/mnt/ubna_data_02_mir/recover-20220922/UBNA_001/20220921_090000.WAV,Telephone Field,recover-20220922,001,1795
409.5395,409.5798,68437,82450,Rhinolophus ferrumequinum,0.024,0.024,-1,Echolocation,/mnt/ubna_data_02_mir/recover-20220922/UBNA_001/20220921_090000.WAV,Telephone Field,recover-20220922,001,1795
409.5885,409.624,68437,80133,Rhinolophus ferrumequinum,0.022,0.023,-1,Echolocation,/mnt/ubna_data_02_mir/recover-20220922/UBNA_001/20220921_090000.WAV,Telephone Field,recover-20220922,001,1795
409.60450000000003,409.6132,27187,38193,Eptesicus serotinus,0.01,0.023,-1,Echolocation,/mnt/ubna_data_02_mir/recover-20220922/UBNA_001/20220921_090000.WAV,Telephone Field,recover-20220922,001,1795
409.6175,409.6267,32343,39136,Barbastellus barbastellus,0.006,0.025,-1,Echolocation,/mnt/ubna_data_02_mir/recover-20220922/UBNA_001/20220921_090000.WAV,Telephone Field,recover-20220922,001,1795
409.6335,409.6719,68437,81972,Rhinolophus ferrumequinum,0.023,0.023,-1,Echolocation,/mnt/ubna_data_02_mir/recover-20220922/UBNA_001/20220921_090000.WAV,Telephone Field,recover-20220922,001,1795
409.6635,409.7019,68437,82037,Rhinolophus ferrumequinum,0.023,0.023,-1,Echolocation,/mnt/ubna_data_02_mir/recover-20220922/UBNA_001/20220921_090000.WAV,Telephone Field,recover-20220922,001,1795
409.6795,409.7177,68437,81928,Rhinolophus ferrumequinum,0.023,0.023,-1,Echolocation,/mnt/ubna_data_02_mir/recover-20220922/UBNA_001/20220921_090000.WAV,Telephone Field,recover-20220922,001,1795
409.7035,409.7459,68437,83010,Rhinolophus ferrumequinum,0.025,0.025,-1,Echolocation,/mnt/ubna_data_02_mir/recover-20220922/UBNA_001/20220921_090000.WAV,Telephone Field,recover-20220922,001,1795
409.7095,409.7533,68437,82847,Rhinolophus ferrumequinum,0.025,0.026,-1,Echolocation,/mnt/ubna_data_02_mir/recover-20220922/UBNA_001/20220921_090000.WAV,Telephone Field,recover-20220922,001,1795
409.7345,409.7429,28046,37163,Eptesicus serotinus,0.008,0.022,-1,Echolocation,/mnt/ubna_data_02_mir/recover-20220922/UBNA_001/20220921_090000.WAV,Telephone Field,recover-20220922,001,1795
409.7635,409.7793,21171,24706,Nyctalus leisleri,0.016,0.026,-1,Echolocation,/mnt/ubna_data_02_mir/recover-20220922/UBNA_001/20220921_090000.WAV,Telephone Field,recover-20220922,001,1795
409.7665,409.7765,28046,35986,Eptesicus serotinus,0.01,0.024,-1,Echolocation,/mnt/ubna_data_02_mir/recover-20220922/UBNA_001/20220921_090000.WAV,Telephone Field,recover-20220922,001,1795
409.7685,409.8101,68437,83145,Rhinolophus ferrumequinum,0.025,0.025,-1,Echolocation,/mnt/ubna_data_02_mir/recover-20220922/UBNA_001/20220921_090000.WAV,Telephone Field,recover-20220922,001,1795
409.7925,409.8336,68437,82244,Rhinolophus ferrumequinum,0.022,0.022,-1,Echolocation,/mnt/ubna_data_02_mir/recover-20220922/UBNA_001/20220921_090000.WAV,Telephone Field,recover-20220922,001,1795
409.8095,409.8204,23750,29582,Nyctalus leisleri,0.012,0.027,-1,Echolocation,/mnt/ubna_data_02_mir/recover-20220922/UBNA_001/20220921_090000.WAV,Telephone Field,recover-20220922,001,1795
409.8285,409.8679,68437,82202,Rhinolophus ferrumequinum,0.023,0.023,-1,Echolocation,/mnt/ubna_data_02_mir/recover-20220922/UBNA_001/20220921_090000.WAV,Telephone Field,recover-20220922,001,1795
409.8595,409.8676,28046,37371,Eptesicus serotinus,0.008,0.023,-1,Echolocation,/mnt/ubna_data_02_mir/recover-20220922/UBNA_001/20220921_090000.WAV,Telephone Field,recover-20220922,001,1795
409.9115,409.9485,68437,81900,Rhinolophus ferrumequinum,0.029,0.029,-1,Echolocation,/mnt/ubna_data_02_mir/recover-20220922/UBNA_001/20220921_090000.WAV,Telephone Field,recover-20220922,001,1795
409.91949999999997,409.959,68437,82153,Rhinolophus ferrumequinum,0.022,0.023,-1,Echolocation,/mnt/ubna_data_02_mir/recover-20220922/UBNA_001/20220921_090000.WAV,Telephone Field,recover-20220922,001,1795
409.9305,409.9694,68437,81678,Rhinolophus ferrumequinum,0.025,0.025,-1,Echolocation,/mnt/ubna_data_02_mir/recover-20220922/UBNA_001/20220921_090000.WAV,Telephone Field,recover-20220922,001,1795
409.9385,409.9477,48671,52577,Pipistrellus pipistrellus,0.025,0.027,-1,Echolocation,/mnt/ubna_data_02_mir/recover-20220922/UBNA_001/20220921_090000.WAV,Telephone Field,recover-20220922,001,1795
410.0015,410.0349,68437,79461,Rhinolophus ferrumequinum,0.063,0.064,-1,Echolocation,/mnt/ubna_data_02_mir/recover-20220922/UBNA_001/20220921_090000.WAV,Telephone Field,recover-20220922,001,1795
410.0015,410.0089,45234,51148,Pipistrellus pipistrellus,0.017,0.022,-1,Echolocation,/mnt/ubna_data_02_mir/recover-20220922/UBNA_001/20220921_090000.WAV,Telephone Field,recover-20220922,001,1795
410.0015,410.0088,24609,36054,Plecotus austriacus,0.007,0.027,-1,Echolocation,/mnt/ubna_data_02_mir/recover-20220922/UBNA_001/20220921_090000.WAV,Telephone Field,recover-20220922,001,1795
410.0015,410.0107,37500,42918,Pipistrellus nathusii,0.021,0.031,-1,Echolocation,/mnt/ubna_data_02_mir/recover-20220922/UBNA_001/20220921_090000.WAV,Telephone Field,recover-20220922,001,1795
410.0095,410.0546,68437,82362,Rhinolophus ferrumequinum,0.028,0.028,-1,Echolocation,/mnt/ubna_data_02_mir/recover-20220922/UBNA_001/20220921_090000.WAV,Telephone Field,recover-20220922,001,1795
410.0545,410.0613,28046,41711,Eptesicus serotinus,0.008,0.027,-1,Echolocation,/mnt/ubna_data_02_mir/recover-20220922/UBNA_001/20220921_090000.WAV,Telephone Field,recover-20220922,001,1795
410.0875,410.129,68437,83156,Rhinolophus ferrumequinum,0.026,0.026,-1,Echolocation,/mnt/ubna_data_02_mir/recover-20220922/UBNA_001/20220921_090000.WAV,Telephone Field,recover-20220922,001,1795
410.1085,410.148,68437,82103,Rhinolophus ferrumequinum,0.022,0.022,-1,Echolocation,/mnt/ubna_data_02_mir/recover-20220922/UBNA_001/20220921_090000.WAV,Telephone Field,recover-20220922,001,1795
410.1405,410.1775,68437,81678,Rhinolophus ferrumequinum,0.023,0.023,-1,Echolocation,/mnt/ubna_data_02_mir/recover-20220922/UBNA_001/20220921_090000.WAV,Telephone Field,recover-20220922,001,1795
410.1645,410.2041,68437,83363,Rhinolophus ferrumequinum,0.034,0.034,-1,Echolocation,/mnt/ubna_data_02_mir/recover-20220922/UBNA_001/20220921_090000.WAV,Telephone Field,recover-20220922,001,1795
410.1895,410.231,68437,82788,Rhinolophus ferrumequinum,0.029,0.029,-1,Echolocation,/mnt/ubna_data_02_mir/recover-20220922/UBNA_001/20220921_090000.WAV,Telephone Field,recover-20220922,001,1795
410.2145,410.2549,68437,82570,Rhinolophus ferrumequinum,0.032,0.032,-1,Echolocation,/mnt/ubna_data_02_mir/recover-20220922/UBNA_001/20220921_090000.WAV,Telephone Field,recover-20220922,001,1795
410.2315,410.2684,68437,82042,Rhinolophus ferrumequinum,0.022,0.022,-1,Echolocation,/mnt/ubna_data_02_mir/recover-20220922/UBNA_001/20220921_090000.WAV,Telephone Field,recover-20220922,001,1795
410.2425,410.2828,68437,81660,Rhinolophus ferrumequinum,0.026,0.026,-1,Echolocation,/mnt/ubna_data_02_mir/recover-20220922/UBNA_001/20220921_090000.WAV,Telephone Field,recover-20220922,001,1795
410.2545,410.2629,27187,37323,Eptesicus serotinus,0.008,0.023,-1,Echolocation,/mnt/ubna_data_02_mir/recover-20220922/UBNA_001/20220921_090000.WAV,Telephone Field,recover-20220922,001,1795
410.2895,410.3285,68437,81754,Rhinolophus ferrumequinum,0.023,0.023,-1,Echolocation,/mnt/ubna_data_02_mir/recover-20220922/UBNA_001/20220921_090000.WAV,Telephone Field,recover-20220922,001,1795
410.3045,410.3406,68437,80985,Rhinolophus ferrumequinum,0.022,0.022,-1,Echolocation,/mnt/ubna_data_02_mir/recover-20220922/UBNA_001/20220921_090000.WAV,Telephone Field,recover-20220922,001,1795
410.3205,410.3609,68437,82709,Rhinolophus ferrumequinum,0.026,0.026,-1,Echolocation,/mnt/ubna_data_02_mir/recover-20220922/UBNA_001/20220921_090000.WAV,Telephone Field,recover-20220922,001,1795
410.3825,410.4212,68437,81907,Rhinolophus ferrumequinum,0.024,0.024,-1,Echolocation,/mnt/ubna_data_02_mir/recover-20220922/UBNA_001/20220921_090000.WAV,Telephone Field,recover-20220922,001,1795
410.3835,410.3927,28906,37732,Eptesicus serotinus,0.008,0.022,-1,Echolocation,/mnt/ubna_data_02_mir/recover-20220922/UBNA_001/20220921_090000.WAV,Telephone Field,recover-20220922,001,1795
410.4235,410.462,68437,82200,Rhinolophus ferrumequinum,0.023,0.023,-1,Echolocation,/mnt/ubna_data_02_mir/recover-20220922/UBNA_001/20220921_090000.WAV,Telephone Field,recover-20220922,001,1795
410.4465,410.48720000000003,68437,82249,Rhinolophus ferrumequinum,0.039,0.039,-1,Echolocation,/mnt/ubna_data_02_mir/recover-20220922/UBNA_001/20220921_090000.WAV,Telephone Field,recover-20220922,001,1795
410.4525,410.4602,23750,32948,Plecotus austriacus,0.01,0.025,-1,Echolocation,/mnt/ubna_data_02_mir/recover-20220922/UBNA_001/20220921_090000.WAV,Telephone Field,recover-20220922,001,1795
410.4525,410.4594,28906,38346,Eptesicus serotinus,0.007,0.025,-1,Echolocation,/mnt/ubna_data_02_mir/recover-20220922/UBNA_001/20220921_090000.WAV,Telephone Field,recover-20220922,001,1795
410.5285,410.571,68437,83257,Rhinolophus ferrumequinum,0.039,0.039,-1,Echolocation,/mnt/ubna_data_02_mir/recover-20220922/UBNA_001/20220921_090000.WAV,Telephone Field,recover-20220922,001,1795
410.5945,410.6043,25468,32888,Eptesicus serotinus,0.012,0.033,-1,Echolocation,/mnt/ubna_data_02_mir/recover-20220922/UBNA_001/20220921_090000.WAV,Telephone Field,recover-20220922,001,1795
410.6235,410.6336,28906,36994,Eptesicus serotinus,0.022,0.039,-1,Echolocation,/mnt/ubna_data_02_mir/recover-20220922/UBNA_001/20220921_090000.WAV,Telephone Field,recover-20220922,001,1795
410.6235,410.6613,68437,81393,Rhinolophus ferrumequinum,0.023,0.023,-1,Echolocation,/mnt/ubna_data_02_mir/recover-20220922/UBNA_001/20220921_090000.WAV,Telephone Field,recover-20220922,001,1795
410.6345,410.6744,68437,82650,Rhinolophus ferrumequinum,0.025,0.025,-1,Echolocation,/mnt/ubna_data_02_mir/recover-20220922/UBNA_001/20220921_090000.WAV,Telephone Field,recover-20220922,001,1795
410.6475,410.6606,14296,19768,Nyctalus noctula,0.015,0.023,-1,Echolocation,/mnt/ubna_data_02_mir/recover-20220922/UBNA_001/20220921_090000.WAV,Telephone Field,recover-20220922,001,1795
410.6605,410.6696,27187,34883,Eptesicus serotinus,0.008,0.022,-1,Echolocation,/mnt/ubna_data_02_mir/recover-20220922/UBNA_001/20220921_090000.WAV,Telephone Field,recover-20220922,001,1795
410.6705,410.6779,24609,33728,Plecotus austriacus,0.008,0.022,-1,Echolocation,/mnt/ubna_data_02_mir/recover-20220922/UBNA_001/20220921_090000.WAV,Telephone Field,recover-20220922,001,1795
410.6805,410.72090000000003,68437,82747,Rhinolophus ferrumequinum,0.025,0.025,-1,Echolocation,/mnt/ubna_data_02_mir/recover-20220922/UBNA_001/20220921_090000.WAV,Telephone Field,recover-20220922,001,1795
410.7125,410.7491,68437,81696,Rhinolophus ferrumequinum,0.023,0.023,-1,Echolocation,/mnt/ubna_data_02_mir/recover-20220922/UBNA_001/20220921_090000.WAV,Telephone Field,recover-20220922,001,1795
410.7275,410.7382,26328,32324,Eptesicus serotinus,0.011,0.027,-1,Echolocation,/mnt/ubna_data_02_mir/recover-20220922/UBNA_001/20220921_090000.WAV,Telephone Field,recover-20220922,001,1795
410.7415,410.7827,68437,83028,Rhinolophus ferrumequinum,0.042,0.043,-1,Echolocation,/mnt/ubna_data_02_mir/recover-20220922/UBNA_001/20220921_090000.WAV,Telephone Field,recover-20220922,001,1795
410.7935,410.8042,27187,33307,Eptesicus serotinus,0.011,0.024,-1,Echolocation,/mnt/ubna_data_02_mir/recover-20220922/UBNA_001/20220921_090000.WAV,Telephone Field,recover-20220922,001,1795
410.8085,410.8485,68437,82312,Rhinolophus ferrumequinum,0.022,0.022,-1,Echolocation,/mnt/ubna_data_02_mir/recover-20220922/UBNA_001/20220921_090000.WAV,Telephone Field,recover-20220922,001,1795
410.8445,410.8843,68437,82678,Rhinolophus ferrumequinum,0.026,0.026,-1,Echolocation,/mnt/ubna_data_02_mir/recover-20220922/UBNA_001/20220921_090000.WAV,Telephone Field,recover-20220922,001,1795
410.8775,410.9182,68437,82306,Rhinolophus ferrumequinum,0.04,0.04,-1,Echolocation,/mnt/ubna_data_02_mir/recover-20220922/UBNA_001/20220921_090000.WAV,Telephone Field,recover-20220922,001,1795
410.8935,410.9044,23750,30104,Nyctalus leisleri,0.012,0.034,-1,Echolocation,/mnt/ubna_data_02_mir/recover-20220922/UBNA_001/20220921_090000.WAV,Telephone Field,recover-20220922,001,1795
410.9095,410.9196,49531,54183,Pipistrellus pipistrellus,0.032,0.038,-1,Echolocation,/mnt/ubna_data_02_mir/recover-20220922/UBNA_001/20220921_090000.WAV,Telephone Field,recover-20220922,001,1795
410.9825,411.0218,68437,82710,Rhinolophus ferrumequinum,0.023,0.023,-1,Echolocation,/mnt/ubna_data_02_mir/recover-20220922/UBNA_001/20220921_090000.WAV,Telephone Field,recover-20220922,001,1795
410.9875,410.9953,28046,40097,Eptesicus serotinus,0.007,0.023,-1,Echolocation,/mnt/ubna_data_02_mir/recover-20220922/UBNA_001/20220921_090000.WAV,Telephone Field,recover-20220922,001,1795
411.0095,411.0185,26328,36071,Eptesicus serotinus,0.009,0.022,-1,Echolocation,/mnt/ubna_data_02_mir/recover-20220922/UBNA_001/20220921_090000.WAV,Telephone Field,recover-20220922,001,1795
411.0315,411.0694,68437,81776,Rhinolophus ferrumequinum,0.022,0.022,-1,Echolocation,/mnt/ubna_data_02_mir/recover-20220922/UBNA_001/20220921_090000.WAV,Telephone Field,recover-20220922,001,1795
411.0355,411.0463,23750,29148,Nyctalus leisleri,0.011,0.025,-1,Echolocation,/mnt/ubna_data_02_mir/recover-20220922/UBNA_001/20220921_090000.WAV,Telephone Field,recover-20220922,001,1795
411.0575,411.0998,68437,82774,Rhinolophus ferrumequinum,0.039,0.039,-1,Echolocation,/mnt/ubna_data_02_mir/recover-20220922/UBNA_001/20220921_090000.WAV,Telephone Field,recover-20220922,001,1795
411.0915,411.0998,28906,41377,Eptesicus serotinus,0.01,0.026,-1,Echolocation,/mnt/ubna_data_02_mir/recover-20220922/UBNA_001/20220921_090000.WAV,Telephone Field,recover-20220922,001,1795
411.1465,411.1924,68437,83606,Rhinolophus ferrumequinum,0.043,0.043,-1,Echolocation,/mnt/ubna_data_02_mir/recover-20220922/UBNA_001/20220921_090000.WAV,Telephone Field,recover-20220922,001,1795
411.1925,411.2323,68437,82770,Rhinolophus ferrumequinum,0.025,0.025,-1,Echolocation,/mnt/ubna_data_02_mir/recover-20220922/UBNA_001/20220921_090000.WAV,Telephone Field,recover-20220922,001,1795
411.1995,411.2371,68437,82149,Rhinolophus ferrumequinum,0.022,0.022,-1,Echolocation,/mnt/ubna_data_02_mir/recover-20220922/UBNA_001/20220921_090000.WAV,Telephone Field,recover-20220922,001,1795
411.2045,411.2124,27187,38951,Eptesicus serotinus,0.007,0.023,-1,Echolocation,/mnt/ubna_data_02_mir/recover-20220922/UBNA_001/20220921_090000.WAV,Telephone Field,recover-20220922,001,1795
411.2195,411.2271,28906,37254,Eptesicus serotinus,0.011,0.028,-1,Echolocation,/mnt/ubna_data_02_mir/recover-20220922/UBNA_001/20220921_090000.WAV,Telephone Field,recover-20220922,001,1795
411.2205,411.2584,68437,81548,Rhinolophus ferrumequinum,0.022,0.022,-1,Echolocation,/mnt/ubna_data_02_mir/recover-20220922/UBNA_001/20220921_090000.WAV,Telephone Field,recover-20220922,001,1795
411.2605,411.2691,28906,37713,Eptesicus serotinus,0.007,0.022,-1,Echolocation,/mnt/ubna_data_02_mir/recover-20220922/UBNA_001/20220921_090000.WAV,Telephone Field,recover-20220922,001,1795
411.2755,411.2857,28906,38633,Eptesicus serotinus,0.01,0.023,-1,Echolocation,/mnt/ubna_data_02_mir/recover-20220922/UBNA_001/20220921_090000.WAV,Telephone Field,recover-20220922,001,1795
411.2835,411.3213,68437,82495,Rhinolophus ferrumequinum,0.023,0.023,-1,Echolocation,/mnt/ubna_data_02_mir/recover-20220922/UBNA_001/20220921_090000.WAV,Telephone Field,recover-20220922,001,1795
411.2885,411.2986,26328,34481,Eptesicus serotinus,0.012,0.026,-1,Echolocation,/mnt/ubna_data_02_mir/recover-20220922/UBNA_001/20220921_090000.WAV,Telephone Field,recover-20220922,001,1795
411.3205,411.3589,68437,81909,Rhinolophus ferrumequinum,0.022,0.022,-1,Echolocation,/mnt/ubna_data_02_mir/recover-20220922/UBNA_001/20220921_090000.WAV,Telephone Field,recover-20220922,001,1795
411.3435,411.3546,23750,29326,Nyctalus leisleri,0.01,0.022,-1,Echolocation,/mnt/ubna_data_02_mir/recover-20220922/UBNA_001/20220921_090000.WAV,Telephone Field,recover-20220922,001,1795
411.3455,411.3846,68437,82012,Rhinolophus ferrumequinum,0.022,0.022,-1,Echolocation,/mnt/ubna_data_02_mir/recover-20220922/UBNA_001/20220921_090000.WAV,Telephone Field,recover-20220922,001,1795
411.3855,411.4321,68437,84181,Rhinolophus ferrumequinum,0.045,0.045,-1,Echolocation,/mnt/ubna_data_02_mir/recover-20220922/UBNA_001/20220921_090000.WAV,Telephone Field,recover-20220922,001,1795
411.4155,411.4561,68437,82333,Rhinolophus ferrumequinum,0.024,0.024,-1,Echolocation,/mnt/ubna_data_02_mir/recover-20220922/UBNA_001/20220921_090000.WAV,Telephone Field,recover-20220922,001,1795
411.4165,411.4249,23750,32082,Plecotus austriacus,0.009,0.026,-1,Echolocation,/mnt/ubna_data_02_mir/recover-20220922/UBNA_001/20220921_090000.WAV,Telephone Field,recover-20220922,001,1795
411.4525,411.4939,68437,82661,Rhinolophus ferrumequinum,0.028,0.028,-1,Echolocation,/mnt/ubna_data_02_mir/recover-20220922/UBNA_001/20220921_090000.WAV,Telephone Field,recover-20220922,001,1795
411.4765,411.4852,26328,35034,Eptesicus serotinus,0.01,0.028,-1,Echolocation,/mnt/ubna_data_02_mir/recover-20220922/UBNA_001/20220921_090000.WAV,Telephone Field,recover-20220922,001,1795
411.5035,411.5108,27187,40734,Eptesicus serotinus,0.008,0.025,-1,Echolocation,/mnt/ubna_data_02_mir/recover-20220922/UBNA_001/20220921_090000.WAV,Telephone Field,recover-20220922,001,1795
411.5735,411.616,68437,83148,Rhinolophus ferrumequinum,0.024,0.024,-1,Echolocation,/mnt/ubna_data_02_mir/recover-20220922/UBNA_001/20220921_090000.WAV,Telephone Field,recover-20220922,001,1795
411.5875,411.5981,22890,28671,Nyctalus leisleri,0.016,0.039,-1,Echolocation,/mnt/ubna_data_02_mir/recover-20220922/UBNA_001/20220921_090000.WAV,Telephone Field,recover-20220922,001,1795
411.6325,411.6707,68437,82322,Rhinolophus ferrumequinum,0.024,0.024,-1,Echolocation,/mnt/ubna_data_02_mir/recover-20220922/UBNA_001/20220921_090000.WAV,Telephone Field,recover-20220922,001,1795
411.6515,411.6922,68437,82480,Rhinolophus ferrumequinum,0.022,0.022,-1,Echolocation,/mnt/ubna_data_02_mir/recover-20220922/UBNA_001/20220921_090000.WAV,Telephone Field,recover-20220922,001,1795
411.6585,411.6988,68437,82698,Rhinolophus ferrumequinum,0.025,0.026,-1,Echolocation,/mnt/ubna_data_02_mir/recover-20220922/UBNA_001/20220921_090000.WAV,Telephone Field,recover-20220922,001,1795
411.6805,411.6907,24609,31086,Nyctalus leisleri,0.008,0.024,-1,Echolocation,/mnt/ubna_data_02_mir/recover-20220922/UBNA_001/20220921_090000.WAV,Telephone Field,recover-20220922,001,1795
411.7085,411.7444,68437,81262,Rhinolophus ferrumequinum,0.023,0.023,-1,Echolocation,/mnt/ubna_data_02_mir/recover-20220922/UBNA_001/20220921_090000.WAV,Telephone Field,recover-20220922,001,1795
411.7355,411.7767,68437,83157,Rhinolophus ferrumequinum,0.025,0.025,-1,Echolocation,/mnt/ubna_data_02_mir/recover-20220922/UBNA_001/20220921_090000.WAV,Telephone Field,recover-20220922,001,1795
411.7495,411.7888,68437,82391,Rhinolophus ferrumequinum,0.022,0.022,-1,Echolocation,/mnt/ubna_data_02_mir/recover-20220922/UBNA_001/20220921_090000.WAV,Telephone Field,recover-20220922,001,1795
411.7735,411.8124,68437,82829,Rhinolophus ferrumequinum,0.028,0.028,-1,Echolocation,/mnt/ubna_data_02_mir/recover-20220922/UBNA_001/20220921_090000.WAV,Telephone Field,recover-20220922,001,1795
411.8005,411.8162,22031,25563,Nyctalus leisleri,0.023,0.039,-1,Echolocation,/mnt/ubna_data_02_mir/recover-20220922/UBNA_001/20220921_090000.WAV,Telephone Field,recover-20220922,001,1795
411.8075,411.8436,68437,81360,Rhinolophus ferrumequinum,0.022,0.022,-1,Echolocation,/mnt/ubna_data_02_mir/recover-20220922/UBNA_001/20220921_090000.WAV,Telephone Field,recover-20220922,001,1795
411.8205,411.8599,68437,82042,Rhinolophus ferrumequinum,0.025,0.025,-1,Echolocation,/mnt/ubna_data_02_mir/recover-20220922/UBNA_001/20220921_090000.WAV,Telephone Field,recover-20220922,001,1795
411.8505,411.8873,68437,81595,Rhinolophus ferrumequinum,0.026,0.026,-1,Echolocation,/mnt/ubna_data_02_mir/recover-20220922/UBNA_001/20220921_090000.WAV,Telephone Field,recover-20220922,001,1795
411.8575,411.87,28046,33992,Eptesicus serotinus,0.075,0.137,-1,Echolocation,/mnt/ubna_data_02_mir/recover-20220922/UBNA_001/20220921_090000.WAV,Telephone Field,recover-20220922,001,1795
411.8725,411.9149,68437,83244,Rhinolophus ferrumequinum,0.037,0.037,-1,Echolocation,/mnt/ubna_data_02_mir/recover-20220922/UBNA_001/20220921_090000.WAV,Telephone Field,recover-20220922,001,1795
411.9055,411.9455,68437,82197,Rhinolophus ferrumequinum,0.023,0.023,-1,Echolocation,/mnt/ubna_data_02_mir/recover-20220922/UBNA_001/20220921_090000.WAV,Telephone Field,recover-20220922,001,1795
411.91949999999997,411.9285,25468,32553,Eptesicus serotinus,0.009,0.025,-1,Echolocation,/mnt/ubna_data_02_mir/recover-20220922/UBNA_001/20220921_090000.WAV,Telephone Field,recover-20220922,001,1795
411.9375,411.9753,68437,82320,Rhinolophus ferrumequinum,0.022,0.022,-1,Echolocation,/mnt/ubna_data_02_mir/recover-20220922/UBNA_001/20220921_090000.WAV,Telephone Field,recover-20220922,001,1795
411.9505,411.9616,23750,29295,Nyctalus leisleri,0.009,0.023,-1,Echolocation,/mnt/ubna_data_02_mir/recover-20220922/UBNA_001/20220921_090000.WAV,Telephone Field,recover-20220922,001,1795
411.9595,411.9677,28046,40823,Eptesicus serotinus,0.009,0.026,-1,Echolocation,/mnt/ubna_data_02_mir/recover-20220922/UBNA_001/20220921_090000.WAV,Telephone Field,recover-20220922,001,1795
411.9865,411.9958,28046,39517,Eptesicus serotinus,0.01,0.024,-1,Echolocation,/mnt/ubna_data_02_mir/recover-20220922/UBNA_001/20220921_090000.WAV,Telephone Field,recover-20220922,001,1795
412.0015,412.0356,69296,81507,Rhinolophus ferrumequinum,0.025,0.025,-1,Echolocation,/mnt/ubna_data_02_mir/recover-20220922/UBNA_001/20220921_090000.WAV,Telephone Field,recover-20220922,001,1795
412.0015,412.01,47812,54605,Pipistrellus pipistrellus,0.016,0.023,-1,Echolocation,/mnt/ubna_data_02_mir/recover-20220922/UBNA_001/20220921_090000.WAV,Telephone Field,recover-20220922,001,1795
412.0015,412.0111,27187,36610,Eptesicus serotinus,0.014,0.038,-1,Echolocation,/mnt/ubna_data_02_mir/recover-20220922/UBNA_001/20220921_090000.WAV,Telephone Field,recover-20220922,001,1795
412.0095,412.0529,68437,82645,Rhinolophus ferrumequinum,0.027,0.027,-1,Echolocation,/mnt/ubna_data_02_mir/recover-20220922/UBNA_001/20220921_090000.WAV,Telephone Field,recover-20220922,001,1795
412.0485,412.0563,28046,38348,Eptesicus serotinus,0.006,0.022,-1,Echolocation,/mnt/ubna_data_02_mir/recover-20220922/UBNA_001/20220921_090000.WAV,Telephone Field,recover-20220922,001,1795
412.0525,412.0641,22031,26475,Nyctalus leisleri,0.012,0.024,-1,Echolocation,/mnt/ubna_data_02_mir/recover-20220922/UBNA_001/20220921_090000.WAV,Telephone Field,recover-20220922,001,1795
412.0585,412.0971,68437,82236,Rhinolophus ferrumequinum,0.023,0.023,-1,Echolocation,/mnt/ubna_data_02_mir/recover-20220922/UBNA_001/20220921_090000.WAV,Telephone Field,recover-20220922,001,1795
412.0725,412.0803,23750,31545,Plecotus austriacus,0.01,0.023,-1,Echolocation,/mnt/ubna_data_02_mir/recover-20220922/UBNA_001/20220921_090000.WAV,Telephone Field,recover-20220922,001,1795
412.0725,412.1106,68437,82131,Rhinolophus ferrumequinum,0.021,0.021,-1,Echolocation,/mnt/ubna_data_02_mir/recover-20220922/UBNA_001/20220921_090000.WAV,Telephone Field,recover-20220922,001,1795
412.1005,412.1402,68437,82757,Rhinolophus ferrumequinum,0.026,0.026,-1,Echolocation,/mnt/ubna_data_02_mir/recover-20220922/UBNA_001/20220921_090000.WAV,Telephone Field,recover-20220922,001,1795
412.1145,412.1223,27187,36160,Eptesicus serotinus,0.015,0.036,-1,Echolocation,/mnt/ubna_data_02_mir/recover-20220922/UBNA_001/20220921_090000.WAV,Telephone Field,recover-20220922,001,1795
412.1155,412.157,68437,82857,Rhinolophus ferrumequinum,0.035,0.035,-1,Echolocation,/mnt/ubna_data_02_mir/recover-20220922/UBNA_001/20220921_090000.WAV,Telephone Field,recover-20220922,001,1795
412.1765,412.2131,68437,81570,Rhinolophus ferrumequinum,0.021,0.021,-1,Echolocation,/mnt/ubna_data_02_mir/recover-20220922/UBNA_001/20220921_090000.WAV,Telephone Field,recover-20220922,001,1795
412.1885,412.2302,68437,82235,Rhinolophus ferrumequinum,0.026,0.026,-1,Echolocation,/mnt/ubna_data_02_mir/recover-20220922/UBNA_001/20220921_090000.WAV,Telephone Field,recover-20220922,001,1795
412.1945,412.2352,68437,82067,Rhinolophus ferrumequinum,0.026,0.026,-1,Echolocation,/mnt/ubna_data_02_mir/recover-20220922/UBNA_001/20220921_090000.WAV,Telephone Field,recover-20220922,001,1795
412.1965,412.2033,45234,52885,Pipistrellus pipistrellus,0.027,0.029,-1,Echolocation,/mnt/ubna_data_02_mir/recover-20220922/UBNA_001/20220921_090000.WAV,Telephone Field,recover-20220922,001,1795
412.2175,412.257,68437,82501,Rhinolophus ferrumequinum,0.024,0.024,-1,Echolocation,/mnt/ubna_data_02_mir/recover-20220922/UBNA_001/20220921_090000.WAV,Telephone Field,recover-20220922,001,1795
412.2245,412.2355,25468,31213,Nyctalus leisleri,0.015,0.031,-1,Echolocation,/mnt/ubna_data_02_mir/recover-20220922/UBNA_001/20220921_090000.WAV,Telephone Field,recover-20220922,001,1795
412.2795,412.2858,34062,44081,Myotis daubentonii,0.009,0.025,-1,Echolocation,/mnt/ubna_data_02_mir/recover-20220922/UBNA_001/20220921_090000.WAV,Telephone Field,recover-20220922,001,1795
412.2805,412.2878,27187,41583,Eptesicus serotinus,0.008,0.025,-1,Echolocation,/mnt/ubna_data_02_mir/recover-20220922/UBNA_001/20220921_090000.WAV,Telephone Field,recover-20220922,001,1795
412.3015,412.3435,68437,82761,Rhinolophus ferrumequinum,0.023,0.023,-1,Echolocation,/mnt/ubna_data_02_mir/recover-20220922/UBNA_001/20220921_090000.WAV,Telephone Field,recover-20220922,001,1795
412.3195,412.3661,68437,83642,Rhinolophus ferrumequinum,0.043,0.043,-1,Echolocation,/mnt/ubna_data_02_mir/recover-20220922/UBNA_001/20220921_090000.WAV,Telephone Field,recover-20220922,001,1795
412.3315,412.3736,68437,82256,Rhinolophus ferrumequinum,0.037,0.037,-1,Echolocation,/mnt/ubna_data_02_mir/recover-20220922/UBNA_001/20220921_090000.WAV,Telephone Field,recover-20220922,001,1795
412.4155,412.4526,68437,82085,Rhinolophus ferrumequinum,0.024,0.024,-1,Echolocation,/mnt/ubna_data_02_mir/recover-20220922/UBNA_001/20220921_090000.WAV,Telephone Field,recover-20220922,001,1795
412.4315,412.4733,68437,82927,Rhinolophus ferrumequinum,0.022,0.022,-1,Echolocation,/mnt/ubna_data_02_mir/recover-20220922/UBNA_001/20220921_090000.WAV,Telephone Field,recover-20220922,001,1795
412.4365,412.4483,22890,27821,Nyctalus leisleri,0.013,0.024,-1,Echolocation,/mnt/ubna_data_02_mir/recover-20220922/UBNA_001/20220921_090000.WAV,Telephone Field,recover-20220922,001,1795
412.4435,412.4556,23750,28379,Nyctalus leisleri,0.012,0.023,-1,Echolocation,/mnt/ubna_data_02_mir/recover-20220922/UBNA_001/20220921_090000.WAV,Telephone Field,recover-20220922,001,1795
412.4745,412.51800000000003,68437,82755,Rhinolophus ferrumequinum,0.04,0.04,-1,Echolocation,/mnt/ubna_data_02_mir/recover-20220922/UBNA_001/20220921_090000.WAV,Telephone Field,recover-20220922,001,1795
412.4745,412.4847,27187,37690,Eptesicus serotinus,0.012,0.025,-1,Echolocation,/mnt/ubna_data_02_mir/recover-20220922/UBNA_001/20220921_090000.WAV,Telephone Field,recover-20220922,001,1795
412.4895,412.5298,68437,82667,Rhinolophus ferrumequinum,0.022,0.022,-1,Echolocation,/mnt/ubna_data_02_mir/recover-20220922/UBNA_001/20220921_090000.WAV,Telephone Field,recover-20220922,001,1795
412.4965,412.5065,28046,36827,Eptesicus serotinus,0.01,0.023,-1,Echolocation,/mnt/ubna_data_02_mir/recover-20220922/UBNA_001/20220921_090000.WAV,Telephone Field,recover-20220922,001,1795
412.5085,412.5472,68437,82016,Rhinolophus ferrumequinum,0.021,0.021,-1,Echolocation,/mnt/ubna_data_02_mir/recover-20220922/UBNA_001/20220921_090000.WAV,Telephone Field,recover-20220922,001,1795
412.5305,412.5391,27187,38304,Eptesicus serotinus,0.008,0.021,-1,Echolocation,/mnt/ubna_data_02_mir/recover-20220922/UBNA_001/20220921_090000.WAV,Telephone Field,recover-20220922,001,1795
412.5345,412.5451,22031,27174,Nyctalus leisleri,0.01,0.022,-1,Echolocation,/mnt/ubna_data_02_mir/recover-20220922/UBNA_001/20220921_090000.WAV,Telephone Field,recover-20220922,001,1795
412.5345,412.5739,68437,82395,Rhinolophus ferrumequinum,0.024,0.024,-1,Echolocation,/mnt/ubna_data_02_mir/recover-20220922/UBNA_001/20220921_090000.WAV,Telephone Field,recover-20220922,001,1795
412.5565,412.567,25468,32329,Eptesicus serotinus,0.01,0.023,-1,Echolocation,/mnt/ubna_data_02_mir/recover-20220922/UBNA_001/20220921_090000.WAV,Telephone Field,recover-20220922,001,1795
412.5585,412.5992,68437,82751,Rhinolophus ferrumequinum,0.032,0.032,-1,Echolocation,/mnt/ubna_data_02_mir/recover-20220922/UBNA_001/20220921_090000.WAV,Telephone Field,recover-20220922,001,1795
412.5685,412.5783,27187,35411,Eptesicus serotinus,0.01,0.022,-1,Echolocation,/mnt/ubna_data_02_mir/recover-20220922/UBNA_001/20220921_090000.WAV,Telephone Field,recover-20220922,001,1795
412.5855,412.5934,23750,31803,Plecotus austriacus,0.01,0.022,-1,Echolocation,/mnt/ubna_data_02_mir/recover-20220922/UBNA_001/20220921_090000.WAV,Telephone Field,recover-20220922,001,1795
412.5945,412.6351,68437,82629,Rhinolophus ferrumequinum,0.025,0.025,-1,Echolocation,/mnt/ubna_data_02_mir/recover-20220922/UBNA_001/20220921_090000.WAV,Telephone Field,recover-20220922,001,1795
412.6445,412.6826,68437,81939,Rhinolophus ferrumequinum,0.024,0.024,-1,Echolocation,/mnt/ubna_data_02_mir/recover-20220922/UBNA_001/20220921_090000.WAV,Telephone Field,recover-20220922,001,1795
412.6555,412.6927,68437,81343,Rhinolophus ferrumequinum,0.022,0.023,-1,Echolocation,/mnt/ubna_data_02_mir/recover-20220922/UBNA_001/20220921_090000.WAV,Telephone Field,recover-20220922,001,1795
412.6855,412.72180000000003,68437,81516,Rhinolophus ferrumequinum,0.021,0.021,-1,Echolocation,/mnt/ubna_data_02_mir/recover-20220922/UBNA_001/20220921_090000.WAV,Telephone Field,recover-20220922,001,1795
412.6855,412.6938,28906,39875,Eptesicus serotinus,0.008,0.022,-1,Echolocation,/mnt/ubna_data_02_mir/recover-20220922/UBNA_001/20220921_090000.WAV,Telephone Field,recover-20220922,001,1795
412.7035,412.741,68437,81062,Rhinolophus ferrumequinum,0.023,0.023,-1,Echolocation,/mnt/ubna_data_02_mir/recover-20220922/UBNA_001/20220921_090000.WAV,Telephone Field,recover-20220922,001,1795
412.7375,412.7793,68437,82655,Rhinolophus ferrumequinum,0.027,0.027,-1,Echolocation,/mnt/ubna_data_02_mir/recover-20220922/UBNA_001/20220921_090000.WAV,Telephone Field,recover-20220922,001,1795
412.7605,412.769,49531,57171,Pipistrellus pipistrellus,0.019,0.022,-1,Echolocation,/mnt/ubna_data_02_mir/recover-20220922/UBNA_001/20220921_090000.WAV,Telephone Field,recover-20220922,001,1795
412.7755,412.7837,28046,37196,Eptesicus serotinus,0.007,0.024,-1,Echolocation,/mnt/ubna_data_02_mir/recover-20220922/UBNA_001/20220921_090000.WAV,Telephone Field,recover-20220922,001,1795
412.7825,412.822,68437,82895,Rhinolophus ferrumequinum,0.027,0.027,-1,Echolocation,/mnt/ubna_data_02_mir/recover-20220922/UBNA_001/20220921_090000.WAV,Telephone Field,recover-20220922,001,1795
412.8165,412.8548,68437,80885,Rhinolophus ferrumequinum,0.022,0.022,-1,Echolocation,/mnt/ubna_data_02_mir/recover-20220922/UBNA_001/20220921_090000.WAV,Telephone Field,recover-20220922,001,1795
412.8215,412.8587,68437,81591,Rhinolophus ferrumequinum,0.021,0.022,-1,Echolocation,/mnt/ubna_data_02_mir/recover-20220922/UBNA_001/20220921_090000.WAV,Telephone Field,recover-20220922,001,1795
412.8425,412.8798,68437,81907,Rhinolophus ferrumequinum,0.022,0.022,-1,Echolocation,/mnt/ubna_data_02_mir/recover-20220922/UBNA_001/20220921_090000.WAV,Telephone Field,recover-20220922,001,1795
412.8505,412.891,68437,81807,Rhinolophus ferrumequinum,0.022,0.022,-1,Echolocation,/mnt/ubna_data_02_mir/recover-20220922/UBNA_001/20220921_090000.WAV,Telephone Field,recover-20220922,001,1795
412.89549999999997,412.9329,68437,82012,Rhinolophus ferrumequinum,0.021,0.021,-1,Echolocation,/mnt/ubna_data_02_mir/recover-20220922/UBNA_001/20220921_090000.WAV,Telephone Field,recover-20220922,001,1795
412.9125,412.954,68437,83022,Rhinolophus ferrumequinum,0.038,0.038,-1,Echolocation,/mnt/ubna_data_02_mir/recover-20220922/UBNA_001/20220921_090000.WAV,Telephone Field,recover-20220922,001,1795
412.9345,412.9717,68437,81799,Rhinolophus ferrumequinum,0.021,0.022,-1,Echolocation,/mnt/ubna_data_02_mir/recover-20220922/UBNA_001/20220921_090000.WAV,Telephone Field,recover-20220922,001,1795
412.9525,412.963,28906,36198,Eptesicus serotinus,0.01,0.024,-1,Echolocation,/mnt/ubna_data_02_mir/recover-20220922/UBNA_001/20220921_090000.WAV,Telephone Field,recover-20220922,001,1795
412.9655,413.0049,68437,82317,Rhinolophus ferrumequinum,0.024,0.024,-1,Echolocation,/mnt/ubna_data_02_mir/recover-20220922/UBNA_001/20220921_090000.WAV,Telephone Field,recover-20220922,001,1795
412.9845,413.0222,68437,82139,Rhinolophus ferrumequinum,0.022,0.022,-1,Echolocation,/mnt/ubna_data_02_mir/recover-20220922/UBNA_001/20220921_090000.WAV,Telephone Field,recover-20220922,001,1795
413.0065,413.0423,68437,82069,Rhinolophus ferrumequinum,0.025,0.025,-1,Echolocation,/mnt/ubna_data_02_mir/recover-20220922/UBNA_001/20220921_090000.WAV,Telephone Field,recover-20220922,001,1795
413.0095,413.0171,28046,40148,Eptesicus serotinus,0.009,0.026,-1,Echolocation,/mnt/ubna_data_02_mir/recover-20220922/UBNA_001/20220921_090000.WAV,Telephone Field,recover-20220922,001,1795
413.0105,413.0178,44375,50283,Pipistrellus pipistrellus,0.019,0.022,-1,Echolocation,/mnt/ubna_data_02_mir/recover-20220922/UBNA_001/20220921_090000.WAV,Telephone Field,recover-20220922,001,1795
413.0195,413.0573,68437,82218,Rhinolophus ferrumequinum,0.024,0.024,-1,Echolocation,/mnt/ubna_data_02_mir/recover-20220922/UBNA_001/20220921_090000.WAV,Telephone Field,recover-20220922,001,1795
413.0535,413.0944,68437,82616,Rhinolophus ferrumequinum,0.024,0.024,-1,Echolocation,/mnt/ubna_data_02_mir/recover-20220922/UBNA_001/20220921_090000.WAV,Telephone Field,recover-20220922,001,1795
413.0585,413.0662,27187,39475,Eptesicus serotinus,0.007,0.021,-1,Echolocation,/mnt/ubna_data_02_mir/recover-20220922/UBNA_001/20220921_090000.WAV,Telephone Field,recover-20220922,001,1795
413.0735,413.1142,68437,82577,Rhinolophus ferrumequinum,0.024,0.024,-1,Echolocation,/mnt/ubna_data_02_mir/recover-20220922/UBNA_001/20220921_090000.WAV,Telephone Field,recover-20220922,001,1795
413.0835,413.1247,68437,82901,Rhinolophus ferrumequinum,0.029,0.029,-1,Echolocation,/mnt/ubna_data_02_mir/recover-20220922/UBNA_001/20220921_090000.WAV,Telephone Field,recover-20220922,001,1795
413.0985,413.1062,28906,39904,Eptesicus serotinus,0.007,0.022,-1,Echolocation,/mnt/ubna_data_02_mir/recover-20220922/UBNA_001/20220921_090000.WAV,Telephone Field,recover-20220922,001,1795
413.1095,413.1485,68437,81706,Rhinolophus ferrumequinum,0.022,0.022,-1,Echolocation,/mnt/ubna_data_02_mir/recover-20220922/UBNA_001/20220921_090000.WAV,Telephone Field,recover-20220922,001,1795
413.1355,413.17719999999997,68437,82744,Rhinolophus ferrumequinum,0.029,0.029,-1,Echolocation,/mnt/ubna_data_02_mir/recover-20220922/UBNA_001/20220921_090000.WAV,Telephone Field,recover-20220922,001,1795
413.1425,413.1522,21171,27909,Plecotus austriacus,0.01,0.027,-1,Echolocation,/mnt/ubna_data_02_mir/recover-20220922/UBNA_001/20220921_090000.WAV,Telephone Field,recover-20220922,001,1795
413.1485,413.1562,28046,38799,Eptesicus serotinus,0.007,0.021,-1,Echolocation,/mnt/ubna_data_02_mir/recover-20220922/UBNA_001/20220921_090000.WAV,Telephone Field,recover-20220922,001,1795
413.1795,413.2201,68437,82477,Rhinolophus ferrumequinum,0.023,0.023,-1,Echolocation,/mnt/ubna_data_02_mir/recover-20220922/UBNA_001/20220921_090000.WAV,Telephone Field,recover-20220922,001,1795
413.27049999999997,413.3104,68437,82748,Rhinolophus ferrumequinum,0.024,0.024,-1,Echolocation,/mnt/ubna_data_02_mir/recover-20220922/UBNA_001/20220921_090000.WAV,Telephone Field,recover-20220922,001,1795
413.3115,413.3504,68437,81848,Rhinolophus ferrumequinum,0.03,0.03,-1,Echolocation,/mnt/ubna_data_02_mir/recover-20220922/UBNA_001/20220921_090000.WAV,Telephone Field,recover-20220922,001,1795
413.3295,413.3367,23750,32714,Plecotus austriacus,0.012,0.026,-1,Echolocation,/mnt/ubna_data_02_mir/recover-20220922/UBNA_001/20220921_090000.WAV,Telephone Field,recover-20220922,001,1795
413.3395,413.378,68437,81887,Rhinolophus ferrumequinum,0.023,0.023,-1,Echolocation,/mnt/ubna_data_02_mir/recover-20220922/UBNA_001/20220921_090000.WAV,Telephone Field,recover-20220922,001,1795
413.3665,413.3778,22890,29671,Nyctalus leisleri,0.011,0.026,-1,Echolocation,/mnt/ubna_data_02_mir/recover-20220922/UBNA_001/20220921_090000.WAV,Telephone Field,recover-20220922,001,1795
413.3675,413.4048,68437,81860,Rhinolophus ferrumequinum,0.025,0.025,-1,Echolocation,/mnt/ubna_data_02_mir/recover-20220922/UBNA_001/20220921_090000.WAV,Telephone Field,recover-20220922,001,1795
413.3805,413.4199,68437,81747,Rhinolophus ferrumequinum,0.027,0.027,-1,Echolocation,/mnt/ubna_data_02_mir/recover-20220922/UBNA_001/20220921_090000.WAV,Telephone Field,recover-20220922,001,1795
413.4185,413.4664,68437,83906,Rhinolophus ferrumequinum,0.039,0.039,-1,Echolocation,/mnt/ubna_data_02_mir/recover-20220922/UBNA_001/20220921_090000.WAV,Telephone Field,recover-20220922,001,1795
413.4375,413.4447,28046,37098,Eptesicus serotinus,0.009,0.026,-1,Echolocation,/mnt/ubna_data_02_mir/recover-20220922/UBNA_001/20220921_090000.WAV,Telephone Field,recover-20220922,001,1795
413.4575,413.4697,57265,62948,Pipistrellus pygmaeus,0.031,0.032,-1,Echolocation,/mnt/ubna_data_02_mir/recover-20220922/UBNA_001/20220921_090000.WAV,Telephone Field,recover-20220922,001,1795
413.4625,413.4735,22890,27965,Nyctalus leisleri,0.015,0.029,-1,Echolocation,/mnt/ubna_data_02_mir/recover-20220922/UBNA_001/20220921_090000.WAV,Telephone Field,recover-20220922,001,1795
413.5065,413.5166,22890,27945,Nyctalus leisleri,0.01,0.023,-1,Echolocation,/mnt/ubna_data_02_mir/recover-20220922/UBNA_001/20220921_090000.WAV,Telephone Field,recover-20220922,001,1795
413.5425,413.5808,68437,81815,Rhinolophus ferrumequinum,0.022,0.022,-1,Echolocation,/mnt/ubna_data_02_mir/recover-20220922/UBNA_001/20220921_090000.WAV,Telephone Field,recover-20220922,001,1795
413.5645,413.5744,28906,37272,Eptesicus serotinus,0.008,0.022,-1,Echolocation,/mnt/ubna_data_02_mir/recover-20220922/UBNA_001/20220921_090000.WAV,Telephone Field,recover-20220922,001,1795
413.5705,413.6086,68437,81700,Rhinolophus ferrumequinum,0.024,0.024,-1,Echolocation,/mnt/ubna_data_02_mir/recover-20220922/UBNA_001/20220921_090000.WAV,Telephone Field,recover-20220922,001,1795
413.5715,413.5847,34062,39024,Pipistrellus nathusii,0.007,0.022,-1,Echolocation,/mnt/ubna_data_02_mir/recover-20220922/UBNA_001/20220921_090000.WAV,Telephone Field,recover-20220922,001,1795
413.58050000000003,413.6177,68437,82137,Rhinolophus ferrumequinum,0.022,0.022,-1,Echolocation,/mnt/ubna_data_02_mir/recover-20220922/UBNA_001/20220921_090000.WAV,Telephone Field,recover-20220922,001,1795
413.5885,413.6266,68437,82142,Rhinolophus ferrumequinum,0.022,0.022,-1,Echolocation,/mnt/ubna_data_02_mir/recover-20220922/UBNA_001/20220921_090000.WAV,Telephone Field,recover-20220922,001,1795
413.5985,413.639,68437,82418,Rhinolophus ferrumequinum,0.022,0.022,-1,Echolocation,/mnt/ubna_data_02_mir/recover-20220922/UBNA_001/20220921_090000.WAV,Telephone Field,recover-20220922,001,1795
413.6175,413.654,68437,82568,Rhinolophus ferrumequinum,0.024,0.024,-1,Echolocation,/mnt/ubna_data_02_mir/recover-20220922/UBNA_001/20220921_090000.WAV,Telephone Field,recover-20220922,001,1795
413.6515,413.6912,68437,81861,Rhinolophus ferrumequinum,0.025,0.025,-1,Echolocation,/mnt/ubna_data_02_mir/recover-20220922/UBNA_001/20220921_090000.WAV,Telephone Field,recover-20220922,001,1795
413.6585,413.6948,68437,81012,Rhinolophus ferrumequinum,0.026,0.026,-1,Echolocation,/mnt/ubna_data_02_mir/recover-20220922/UBNA_001/20220921_090000.WAV,Telephone Field,recover-20220922,001,1795
413.6905,413.7296,68437,82623,Rhinolophus ferrumequinum,0.022,0.022,-1,Echolocation,/mnt/ubna_data_02_mir/recover-20220922/UBNA_001/20220921_090000.WAV,Telephone Field,recover-20220922,001,1795
413.7045,413.7406,68437,81131,Rhinolophus ferrumequinum,0.021,0.021,-1,Echolocation,/mnt/ubna_data_02_mir/recover-20220922/UBNA_001/20220921_090000.WAV,Telephone Field,recover-20220922,001,1795
413.7265,413.7656,68437,82195,Rhinolophus ferrumequinum,0.029,0.029,-1,Echolocation,/mnt/ubna_data_02_mir/recover-20220922/UBNA_001/20220921_090000.WAV,Telephone Field,recover-20220922,001,1795
413.7895,413.7985,22890,30179,Plecotus austriacus,0.012,0.028,-1,Echolocation,/mnt/ubna_data_02_mir/recover-20220922/UBNA_001/20220921_090000.WAV,Telephone Field,recover-20220922,001,1795
413.8035,413.8443,68437,82622,Rhinolophus ferrumequinum,0.027,0.027,-1,Echolocation,/mnt/ubna_data_02_mir/recover-20220922/UBNA_001/20220921_090000.WAV,Telephone Field,recover-20220922,001,1795
413.8995,413.9367,68437,81869,Rhinolophus ferrumequinum,0.022,0.022,-1,Echolocation,/mnt/ubna_data_02_mir/recover-20220922/UBNA_001/20220921_090000.WAV,Telephone Field,recover-20220922,001,1795
413.9155,413.953,68437,82441,Rhinolophus ferrumequinum,0.024,0.024,-1,Echolocation,/mnt/ubna_data_02_mir/recover-20220922/UBNA_001/20220921_090000.WAV,Telephone Field,recover-20220922,001,1795
413.9305,413.9732,68437,83309,Rhinolophus ferrumequinum,0.046,0.046,-1,Echolocation,/mnt/ubna_data_02_mir/recover-20220922/UBNA_001/20220921_090000.WAV,Telephone Field,recover-20220922,001,1795
413.9355,413.9442,26328,34644,Eptesicus serotinus,0.01,0.025,-1,Echolocation,/mnt/ubna_data_02_mir/recover-20220922/UBNA_001/20220921_090000.WAV,Telephone Field,recover-20220922,001,1795
413.9485,413.959,24609,30987,Nyctalus leisleri,0.01,0.025,-1,Echolocation,/mnt/ubna_data_02_mir/recover-20220922/UBNA_001/20220921_090000.WAV,Telephone Field,recover-20220922,001,1795
414.0015,414.0338,68437,81051,Rhinolophus ferrumequinum,0.043,0.044,-1,Echolocation,/mnt/ubna_data_02_mir/recover-20220922/UBNA_001/20220921_090000.WAV,Telephone Field,recover-20220922,001,1795
414.0015,414.0098,24609,36099,Nyctalus leisleri,0.006,0.025,-1,Echolocation,/mnt/ubna_data_02_mir/recover-20220922/UBNA_001/20220921_090000.WAV,Telephone Field,recover-20220922,001,1795
414.0265,414.0673,68437,82954,Rhinolophus ferrumequinum,0.025,0.025,-1,Echolocation,/mnt/ubna_data_02_mir/recover-20220922/UBNA_001/20220921_090000.WAV,Telephone Field,recover-20220922,001,1795
414.0515,414.0906,68437,82197,Rhinolophus ferrumequinum,0.022,0.022,-1,Echolocation,/mnt/ubna_data_02_mir/recover-20220922/UBNA_001/20220921_090000.WAV,Telephone Field,recover-20220922,001,1795
414.0795,414.1204,68437,82536,Rhinolophus ferrumequinum,0.023,0.023,-1,Echolocation,/mnt/ubna_data_02_mir/recover-20220922/UBNA_001/20220921_090000.WAV,Telephone Field,recover-20220922,001,1795
414.0895,414.1308,68437,82400,Rhinolophus ferrumequinum,0.028,0.028,-1,Echolocation,/mnt/ubna_data_02_mir/recover-20220922/UBNA_001/20220921_090000.WAV,Telephone Field,recover-20220922,001,1795
414.1325,414.1725,68437,82497,Rhinolophus ferrumequinum,0.024,0.024,-1,Echolocation,/mnt/ubna_data_02_mir/recover-20220922/UBNA_001/20220921_090000.WAV,Telephone Field,recover-20220922,001,1795
414.1555,414.1887,68437,80375,Rhinolophus ferrumequinum,0.023,0.024,-1,Echolocation,/mnt/ubna_data_02_mir/recover-20220922/UBNA_001/20220921_090000.WAV,Telephone Field,recover-20220922,001,1795
414.1585,414.1685,22031,27837,Nyctalus leisleri,0.009,0.022,-1,Echolocation,/mnt/ubna_data_02_mir/recover-20220922/UBNA_001/20220921_090000.WAV,Telephone Field,recover-20220922,001,1795
414.1795,414.1888,48671,52855,Pipistrellus pipistrellus,0.031,0.035,-1,Echolocation,/mnt/ubna_data_02_mir/recover-20220922/UBNA_001/20220921_090000.WAV,Telephone Field,recover-20220922,001,1795
414.2155,414.2533,68437,82495,Rhinolophus ferrumequinum,0.022,0.022,-1,Echolocation,/mnt/ubna_data_02_mir/recover-20220922/UBNA_001/20220921_090000.WAV,Telephone Field,recover-20220922,001,1795
414.2655,414.3066,68437,82420,Rhinolophus ferrumequinum,0.025,0.025,-1,Echolocation,/mnt/ubna_data_02_mir/recover-20220922/UBNA_001/20220921_090000.WAV,Telephone Field,recover-20220922,001,1795
414.2795,414.2874,28046,39887,Eptesicus serotinus,0.006,0.021,-1,Echolocation,/mnt/ubna_data_02_mir/recover-20220922/UBNA_001/20220921_090000.WAV,Telephone Field,recover-20220922,001,1795
414.29449999999997,414.3342,68437,82035,Rhinolophus ferrumequinum,0.03,0.03,-1,Echolocation,/mnt/ubna_data_02_mir/recover-20220922/UBNA_001/20220921_090000.WAV,Telephone Field,recover-20220922,001,1795
414.2975,414.30740000000003,44375,47641,Pipistrellus pipistrellus,0.021,0.023,-1,Echolocation,/mnt/ubna_data_02_mir/recover-20220922/UBNA_001/20220921_090000.WAV,Telephone Field,recover-20220922,001,1795
414.3095,414.3189,22890,29015,Nyctalus leisleri,0.008,0.022,-1,Echolocation,/mnt/ubna_data_02_mir/recover-20220922/UBNA_001/20220921_090000.WAV,Telephone Field,recover-20220922,001,1795
414.3215,414.3558,68437,80624,Rhinolophus ferrumequinum,0.022,0.022,-1,Echolocation,/mnt/ubna_data_02_mir/recover-20220922/UBNA_001/20220921_090000.WAV,Telephone Field,recover-20220922,001,1795
414.3515,414.3612,14296,21670,Nyctalus noctula,0.011,0.026,-1,Echolocation,/mnt/ubna_data_02_mir/recover-20220922/UBNA_001/20220921_090000.WAV,Telephone Field,recover-20220922,001,1795
414.3705,414.3796,28046,37349,Eptesicus serotinus,0.012,0.027,-1,Echolocation,/mnt/ubna_data_02_mir/recover-20220922/UBNA_001/20220921_090000.WAV,Telephone Field,recover-20220922,001,1795
414.3725,414.4106,68437,81830,Rhinolophus ferrumequinum,0.022,0.022,-1,Echolocation,/mnt/ubna_data_02_mir/recover-20220922/UBNA_001/20220921_090000.WAV,Telephone Field,recover-20220922,001,1795
414.4025,414.4126,22890,28930,Nyctalus leisleri,0.01,0.026,-1,Echolocation,/mnt/ubna_data_02_mir/recover-20220922/UBNA_001/20220921_090000.WAV,Telephone Field,recover-20220922,001,1795
414.4305,414.4672,68437,81440,Rhinolophus ferrumequinum,0.024,0.024,-1,Echolocation,/mnt/ubna_data_02_mir/recover-20220922/UBNA_001/20220921_090000.WAV,Telephone Field,recover-20220922,001,1795
414.4415,414.4789,68437,81451,Rhinolophus ferrumequinum,0.023,0.023,-1,Echolocation,/mnt/ubna_data_02_mir/recover-20220922/UBNA_001/20220921_090000.WAV,Telephone Field,recover-20220922,001,1795
414.4695,414.5106,68437,82558,Rhinolophus ferrumequinum,0.021,0.021,-1,Echolocation,/mnt/ubna_data_02_mir/recover-20220922/UBNA_001/20220921_090000.WAV,Telephone Field,recover-20220922,001,1795
414.4925,414.5028,28906,36173,Eptesicus serotinus,0.013,0.031,-1,Echolocation,/mnt/ubna_data_02_mir/recover-20220922/UBNA_001/20220921_090000.WAV,Telephone Field,recover-20220922,001,1795
414.5375,414.5775,68437,82227,Rhinolophus ferrumequinum,0.024,0.024,-1,Echolocation,/mnt/ubna_data_02_mir/recover-20220922/UBNA_001/20220921_090000.WAV,Telephone Field,recover-20220922,001,1795
414.5565,414.5664,31484,41045,Eptesicus serotinus,0.006,0.021,-1,Echolocation,/mnt/ubna_data_02_mir/recover-20220922/UBNA_001/20220921_090000.WAV,Telephone Field,recover-20220922,001,1795
414.5595,414.599,68437,82802,Rhinolophus ferrumequinum,0.021,0.021,-1,Echolocation,/mnt/ubna_data_02_mir/recover-20220922/UBNA_001/20220921_090000.WAV,Telephone Field,recover-20220922,001,1795
414.58050000000003,414.6194,68437,81969,Rhinolophus ferrumequinum,0.022,0.022,-1,Echolocation,/mnt/ubna_data_02_mir/recover-20220922/UBNA_001/20220921_090000.WAV,Telephone Field,recover-20220922,001,1795
414.6215,414.6616,68437,81932,Rhinolophus ferrumequinum,0.024,0.024,-1,Echolocation,/mnt/ubna_data_02_mir/recover-20220922/UBNA_001/20220921_090000.WAV,Telephone Field,recover-20220922,001,1795
414.6565,414.6925,68437,80811,Rhinolophus ferrumequinum,0.021,0.021,-1,Echolocation,/mnt/ubna_data_02_mir/recover-20220922/UBNA_001/20220921_090000.WAV,Telephone Field,recover-20220922,001,1795
414.7175,414.7334,16015,22725,Nyctalus noctula,0.017,0.023,-1,Echolocation,/mnt/ubna_data_02_mir/recover-20220922/UBNA_001/20220921_090000.WAV,Telephone Field,recover-20220922,001,1795
414.7185,414.7559,68437,81657,Rhinolophus ferrumequinum,0.021,0.021,-1,Echolocation,/mnt/ubna_data_02_mir/recover-20220922/UBNA_001/20220921_090000.WAV,Telephone Field,recover-20220922,001,1795
414.7235,414.7322,28906,37453,Eptesicus serotinus,0.008,0.023,-1,Echolocation,/mnt/ubna_data_02_mir/recover-20220922/UBNA_001/20220921_090000.WAV,Telephone Field,recover-20220922,001,1795
414.7565,414.7933,68437,81442,Rhinolophus ferrumequinum,0.026,0.027,-1,Echolocation,/mnt/ubna_data_02_mir/recover-20220922/UBNA_001/20220921_090000.WAV,Telephone Field,recover-20220922,001,1795
414.7895,414.8283,68437,82032,Rhinolophus ferrumequinum,0.022,0.022,-1,Echolocation,/mnt/ubna_data_02_mir/recover-20220922/UBNA_001/20220921_090000.WAV,Telephone Field,recover-20220922,001,1795
414.8035,414.8114,27187,36269,Eptesicus serotinus,0.01,0.027,-1,Echolocation,/mnt/ubna_data_02_mir/recover-20220922/UBNA_001/20220921_090000.WAV,Telephone Field,recover-20220922,001,1795
414.8045,414.8438,68437,82329,Rhinolophus ferrumequinum,0.023,0.023,-1,Echolocation,/mnt/ubna_data_02_mir/recover-20220922/UBNA_001/20220921_090000.WAV,Telephone Field,recover-20220922,001,1795
414.8155,414.82529999999997,28046,36640,Eptesicus serotinus,0.009,0.022,-1,Echolocation,/mnt/ubna_data_02_mir/recover-20220922/UBNA_001/20220921_090000.WAV,Telephone Field,recover-20220922,001,1795
414.8525,414.859,28046,38452,Eptesicus serotinus,0.006,0.023,-1,Echolocation,/mnt/ubna_data_02_mir/recover-20220922/UBNA_001/20220921_090000.WAV,Telephone Field,recover-20220922,001,1795
414.8765,414.886,22031,27982,Plecotus austriacus,0.008,0.023,-1,Echolocation,/mnt/ubna_data_02_mir/recover-20220922/UBNA_001/20220921_090000.WAV,Telephone Field,recover-20220922,001,1795
414.8775,414.8848,28906,39212,Eptesicus serotinus,0.007,0.021,-1,Echolocation,/mnt/ubna_data_02_mir/recover-20220922/UBNA_001/20220921_090000.WAV,Telephone Field,recover-20220922,001,1795
414.9025,414.9153,22031,25442,Nyctalus leisleri,0.015,0.024,-1,Echolocation,/mnt/ubna_data_02_mir/recover-20220922/UBNA_001/20220921_090000.WAV,Telephone Field,recover-20220922,001,1795
414.9235,414.9312,28906,38632,Eptesicus serotinus,0.007,0.023,-1,Echolocation,/mnt/ubna_data_02_mir/recover-20220922/UBNA_001/20220921_090000.WAV,Telephone Field,recover-20220922,001,1795
414.9295,414.9672,68437,80854,Rhinolophus ferrumequinum,0.023,0.023,-1,Echolocation,/mnt/ubna_data_02_mir/recover-20220922/UBNA_001/20220921_090000.WAV,Telephone Field,recover-20220922,001,1795
414.9635,414.971,42656,51245,Pipistrellus pipistrellus,0.019,0.025,-1,Echolocation,/mnt/ubna_data_02_mir/recover-20220922/UBNA_001/20220921_090000.WAV,Telephone Field,recover-20220922,001,1795
414.9635,414.9992,68437,81267,Rhinolophus ferrumequinum,0.024,0.024,-1,Echolocation,/mnt/ubna_data_02_mir/recover-20220922/UBNA_001/20220921_090000.WAV,Telephone Field,recover-20220922,001,1795
414.9945,415.0043,22890,28129,Nyctalus leisleri,0.009,0.022,-1,Echolocation,/mnt/ubna_data_02_mir/recover-20220922/UBNA_001/20220921_090000.WAV,Telephone Field,recover-20220922,001,1795
415.0065,415.0163,23750,30997,Nyctalus leisleri,0.007,0.021,-1,Echolocation,/mnt/ubna_data_02_mir/recover-20220922/UBNA_001/20220921_090000.WAV,Telephone Field,recover-20220922,001,1795
415.0175,415.0547,68437,80747,Rhinolophus ferrumequinum,0.022,0.023,-1,Echolocation,/mnt/ubna_data_02_mir/recover-20220922/UBNA_001/20220921_090000.WAV,Telephone Field,recover-20220922,001,1795
415.0315,415.0681,68437,81612,Rhinolophus ferrumequinum,0.021,0.022,-1,Echolocation,/mnt/ubna_data_02_mir/recover-20220922/UBNA_001/20220921_090000.WAV,Telephone Field,recover-20220922,001,1795
415.0685,415.1077,68437,82269,Rhinolophus ferrumequinum,0.025,0.025,-1,Echolocation,/mnt/ubna_data_02_mir/recover-20220922/UBNA_001/20220921_090000.WAV,Telephone Field,recover-20220922,001,1795
415.1035,415.1096,28046,42381,Eptesicus serotinus,0.013,0.047,-1,Echolocation,/mnt/ubna_data_02_mir/recover-20220922/UBNA_001/20220921_090000.WAV,Telephone Field,recover-20220922,001,1795
415.1275,415.1662,68437,81205,Rhinolophus ferrumequinum,0.021,0.021,-1,Echolocation,/mnt/ubna_data_02_mir/recover-20220922/UBNA_001/20220921_090000.WAV,Telephone Field,recover-20220922,001,1795
415.1275,415.1376,28906,36445,Eptesicus serotinus,0.011,0.025,-1,Echolocation,/mnt/ubna_data_02_mir/recover-20220922/UBNA_001/20220921_090000.WAV,Telephone Field,recover-20220922,001,1795
415.1385,415.149,28906,36109,Eptesicus serotinus,0.008,0.021,-1,Echolocation,/mnt/ubna_data_02_mir/recover-20220922/UBNA_001/20220921_090000.WAV,Telephone Field,recover-20220922,001,1795
415.16949999999997,415.2097,68437,83004,Rhinolophus ferrumequinum,0.025,0.025,-1,Echolocation,/mnt/ubna_data_02_mir/recover-20220922/UBNA_001/20220921_090000.WAV,Telephone Field,recover-20220922,001,1795
415.2255,415.2649,68437,82619,Rhinolophus ferrumequinum,0.022,0.022,-1,Echolocation,/mnt/ubna_data_02_mir/recover-20220922/UBNA_001/20220921_090000.WAV,Telephone Field,recover-20220922,001,1795
415.2395,415.28,68437,82943,Rhinolophus ferrumequinum,0.024,0.024,-1,Echolocation,/mnt/ubna_data_02_mir/recover-20220922/UBNA_001/20220921_090000.WAV,Telephone Field,recover-20220922,001,1795
415.2565,415.2953,68437,81867,Rhinolophus ferrumequinum,0.022,0.022,-1,Echolocation,/mnt/ubna_data_02_mir/recover-20220922/UBNA_001/20220921_090000.WAV,Telephone Field,recover-20220922,001,1795
415.2635,415.3014,68437,81686,Rhinolophus ferrumequinum,0.022,0.023,-1,Echolocation,/mnt/ubna_data_02_mir/recover-20220922/UBNA_001/20220921_090000.WAV,Telephone Field,recover-20220922,001,1795
415.2955,415.3352,68437,81881,Rhinolophus ferrumequinum,0.023,0.023,-1,Echolocation,/mnt/ubna_data_02_mir/recover-20220922/UBNA_001/20220921_090000.WAV,Telephone Field,recover-20220922,001,1795
415.3115,415.3197,28906,38088,Eptesicus serotinus,0.009,0.023,-1,Echolocation,/mnt/ubna_data_02_mir/recover-20220922/UBNA_001/20220921_090000.WAV,Telephone Field,recover-20220922,001,1795
415.3455,415.35360000000003,28906,38056,Eptesicus serotinus,0.01,0.027,-1,Echolocation,/mnt/ubna_data_02_mir/recover-20220922/UBNA_001/20220921_090000.WAV,Telephone Field,recover-20220922,001,1795
415.3865,415.3933,27187,37184,Eptesicus serotinus,0.01,0.03,-1,Echolocation,/mnt/ubna_data_02_mir/recover-20220922/UBNA_001/20220921_090000.WAV,Telephone Field,recover-20220922,001,1795
415.3885,415.4299,68437,82819,Rhinolophus ferrumequinum,0.023,0.023,-1,Echolocation,/mnt/ubna_data_02_mir/recover-20220922/UBNA_001/20220921_090000.WAV,Telephone Field,recover-20220922,001,1795
415.4135,415.4539,68437,82891,Rhinolophus ferrumequinum,0.029,0.029,-1,Echolocation,/mnt/ubna_data_02_mir/recover-20220922/UBNA_001/20220921_090000.WAV,Telephone Field,recover-20220922,001,1795
415.4645,415.4731,23750,31483,Plecotus austriacus,0.007,0.021,-1,Echolocation,/mnt/ubna_data_02_mir/recover-20220922/UBNA_001/20220921_090000.WAV,Telephone Field,recover-20220922,001,1795
415.4855,415.4937,27187,35589,Eptesicus serotinus,0.012,0.032,-1,Echolocation,/mnt/ubna_data_02_mir/recover-20220922/UBNA_001/20220921_090000.WAV,Telephone Field,recover-20220922,001,1795
415.4985,415.5381,68437,82035,Rhinolophus ferrumequinum,0.033,0.033,-1,Echolocation,/mnt/ubna_data_02_mir/recover-20220922/UBNA_001/20220921_090000.WAV,Telephone Field,recover-20220922,001,1795
415.5045,415.5115,46093,54638,Pipistrellus pipistrellus,0.016,0.022,-1,Echolocation,/mnt/ubna_data_02_mir/recover-20220922/UBNA_001/20220921_090000.WAV,Telephone Field,recover-20220922,001,1795
415.5215,415.5618,68437,82618,Rhinolophus ferrumequinum,0.022,0.022,-1,Echolocation,/mnt/ubna_data_02_mir/recover-20220922/UBNA_001/20220921_090000.WAV,Telephone Field,recover-20220922,001,1795
415.5255,415.5416,20312,24840,Nyctalus leisleri,0.014,0.034,-1,Echolocation,/mnt/ubna_data_02_mir/recover-20220922/UBNA_001/20220921_090000.WAV,Telephone Field,recover-20220922,001,1795
415.5715,415.5796,27187,39170,Eptesicus serotinus,0.008,0.025,-1,Echolocation,/mnt/ubna_data_02_mir/recover-20220922/UBNA_001/20220921_090000.WAV,Telephone Field,recover-20220922,001,1795
415.5735,415.6105,68437,81786,Rhinolophus ferrumequinum,0.023,0.023,-1,Echolocation,/mnt/ubna_data_02_mir/recover-20220922/UBNA_001/20220921_090000.WAV,Telephone Field,recover-20220922,001,1795
415.5875,415.6001,24609,30707,Eptesicus serotinus,0.012,0.032,-1,Echolocation,/mnt/ubna_data_02_mir/recover-20220922/UBNA_001/20220921_090000.WAV,Telephone Field,recover-20220922,001,1795
415.5915,415.6269,68437,81779,Rhinolophus ferrumequinum,0.027,0.027,-1,Echolocation,/mnt/ubna_data_02_mir/recover-20220922/UBNA_001/20220921_090000.WAV,Telephone Field,recover-20220922,001,1795
415.6095,415.6178,25468,34283,Eptesicus serotinus,0.006,0.023,-1,Echolocation,/mnt/ubna_data_02_mir/recover-20220922/UBNA_001/20220921_090000.WAV,Telephone Field,recover-20220922,001,1795
415.6155,415.6517,68437,81459,Rhinolophus ferrumequinum,0.022,0.022,-1,Echolocation,/mnt/ubna_data_02_mir/recover-20220922/UBNA_001/20220921_090000.WAV,Telephone Field,recover-20220922,001,1795
415.6505,415.661,28046,35030,Eptesicus serotinus,0.011,0.026,-1,Echolocation,/mnt/ubna_data_02_mir/recover-20220922/UBNA_001/20220921_090000.WAV,Telephone Field,recover-20220922,001,1795
415.6575,415.666,14296,24041,Nyctalus noctula,0.011,0.023,-1,Echolocation,/mnt/ubna_data_02_mir/recover-20220922/UBNA_001/20220921_090000.WAV,Telephone Field,recover-20220922,001,1795
415.6595,415.7001,68437,82500,Rhinolophus ferrumequinum,0.025,0.025,-1,Echolocation,/mnt/ubna_data_02_mir/recover-20220922/UBNA_001/20220921_090000.WAV,Telephone Field,recover-20220922,001,1795
415.6755,415.6847,23750,30702,Nyctalus leisleri,0.011,0.036,-1,Echolocation,/mnt/ubna_data_02_mir/recover-20220922/UBNA_001/20220921_090000.WAV,Telephone Field,recover-20220922,001,1795
415.7365,415.7484,15156,21408,Nyctalus noctula,0.014,0.024,-1,Echolocation,/mnt/ubna_data_02_mir/recover-20220922/UBNA_001/20220921_090000.WAV,Telephone Field,recover-20220922,001,1795
415.7475,415.756,51250,56486,Pipistrellus pipistrellus,0.02,0.025,-1,Echolocation,/mnt/ubna_data_02_mir/recover-20220922/UBNA_001/20220921_090000.WAV,Telephone Field,recover-20220922,001,1795
415.7885,415.8302,68437,83370,Rhinolophus ferrumequinum,0.052,0.052,-1,Echolocation,/mnt/ubna_data_02_mir/recover-20220922/UBNA_001/20220921_090000.WAV,Telephone Field,recover-20220922,001,1795
415.8005,415.8086,28046,38135,Eptesicus serotinus,0.007,0.021,-1,Echolocation,/mnt/ubna_data_02_mir/recover-20220922/UBNA_001/20220921_090000.WAV,Telephone Field,recover-20220922,001,1795
415.8375,415.8753,68437,82283,Rhinolophus ferrumequinum,0.023,0.023,-1,Echolocation,/mnt/ubna_data_02_mir/recover-20220922/UBNA_001/20220921_090000.WAV,Telephone Field,recover-20220922,001,1795
415.8485,415.8563,28046,38112,Eptesicus serotinus,0.008,0.025,-1,Echolocation,/mnt/ubna_data_02_mir/recover-20220922/UBNA_001/20220921_090000.WAV,Telephone Field,recover-20220922,001,1795
415.8745,415.9166,68437,81661,Rhinolophus ferrumequinum,0.021,0.022,-1,Echolocation,/mnt/ubna_data_02_mir/recover-20220922/UBNA_001/20220921_090000.WAV,Telephone Field,recover-20220922,001,1795
415.8805,415.8916,23750,28991,Nyctalus leisleri,0.012,0.024,-1,Echolocation,/mnt/ubna_data_02_mir/recover-20220922/UBNA_001/20220921_090000.WAV,Telephone Field,recover-20220922,001,1795
415.8825,415.9228,68437,81899,Rhinolophus ferrumequinum,0.038,0.038,-1,Echolocation,/mnt/ubna_data_02_mir/recover-20220922/UBNA_001/20220921_090000.WAV,Telephone Field,recover-20220922,001,1795
415.89549999999997,415.9021,34921,43787,Myotis daubentonii,0.012,0.027,-1,Echolocation,/mnt/ubna_data_02_mir/recover-20220922/UBNA_001/20220921_090000.WAV,Telephone Field,recover-20220922,001,1795
415.8965,415.90319999999997,27187,43798,Eptesicus serotinus,0.007,0.028,-1,Echolocation,/mnt/ubna_data_02_mir/recover-20220922/UBNA_001/20220921_090000.WAV,Telephone Field,recover-20220922,001,1795
415.9085,415.9492,68437,82487,Rhinolophus ferrumequinum,0.022,0.022,-1,Echolocation,/mnt/ubna_data_02_mir/recover-20220922/UBNA_001/20220921_090000.WAV,Telephone Field,recover-20220922,001,1795
415.9125,415.9212,26328,35035,Eptesicus serotinus,0.01,0.023,-1,Echolocation,/mnt/ubna_data_02_mir/recover-20220922/UBNA_001/20220921_090000.WAV,Telephone Field,recover-20220922,001,1795
416.0015,416.0116,24609,31625,Nyctalus leisleri,0.016,0.037,-1,Echolocation,/mnt/ubna_data_02_mir/recover-20220922/UBNA_001/20220921_090000.WAV,Telephone Field,recover-20220922,001,1795
416.0015,416.0313,68437,79803,Rhinolophus ferrumequinum,0.024,0.024,-1,Echolocation,/mnt/ubna_data_02_mir/recover-20220922/UBNA_001/20220921_090000.WAV,Telephone Field,recover-20220922,001,1795
416.0015,416.01030000000003,48671,54153,Pipistrellus pipistrellus,0.032,0.043,-1,Echolocation,/mnt/ubna_data_02_mir/recover-20220922/UBNA_001/20220921_090000.WAV,Telephone Field,recover-20220922,001,1795
416.0605,416.1018,68437,83224,Rhinolophus ferrumequinum,0.037,0.037,-1,Echolocation,/mnt/ubna_data_02_mir/recover-20220922/UBNA_001/20220921_090000.WAV,Telephone Field,recover-20220922,001,1795
416.0665,416.074,47812,52271,Pipistrellus pipistrellus,0.027,0.028,-1,Echolocation,/mnt/ubna_data_02_mir/recover-20220922/UBNA_001/20220921_090000.WAV,Telephone Field,recover-20220922,001,1795
416.0825,416.1219,68437,82350,Rhinolophus ferrumequinum,0.022,0.022,-1,Echolocation,/mnt/ubna_data_02_mir/recover-20220922/UBNA_001/20220921_090000.WAV,Telephone Field,recover-20220922,001,1795
416.0955,416.1286,68437,80633,Rhinolophus ferrumequinum,0.022,0.022,-1,Echolocation,/mnt/ubna_data_02_mir/recover-20220922/UBNA_001/20220921_090000.WAV,Telephone Field,recover-20220922,001,1795
416.1085,416.1159,24609,34211,Plecotus austriacus,0.009,0.025,-1,Echolocation,/mnt/ubna_data_02_mir/recover-20220922/UBNA_001/20220921_090000.WAV,Telephone Field,recover-20220922,001,1795
416.1085,416.1468,68437,82904,Rhinolophus ferrumequinum,0.033,0.033,-1,Echolocation,/mnt/ubna_data_02_mir/recover-20220922/UBNA_001/20220921_090000.WAV,Telephone Field,recover-20220922,001,1795
416.1295,416.1397,23750,29205,Nyctalus leisleri,0.012,0.024,-1,Echolocation,/mnt/ubna_data_02_mir/recover-20220922/UBNA_001/20220921_090000.WAV,Telephone Field,recover-20220922,001,1795
416.16949999999997,416.1771,28046,39827,Eptesicus serotinus,0.007,0.022,-1,Echolocation,/mnt/ubna_data_02_mir/recover-20220922/UBNA_001/20220921_090000.WAV,Telephone Field,recover-20220922,001,1795
416.1905,416.2297,68437,82159,Rhinolophus ferrumequinum,0.023,0.023,-1,Echolocation,/mnt/ubna_data_02_mir/recover-20220922/UBNA_001/20220921_090000.WAV,Telephone Field,recover-20220922,001,1795
416.1965,416.2332,68437,80927,Rhinolophus ferrumequinum,0.023,0.023,-1,Echolocation,/mnt/ubna_data_02_mir/recover-20220922/UBNA_001/20220921_090000.WAV,Telephone Field,recover-20220922,001,1795
416.2465,416.258,13437,16907,Nyctalus noctula,0.034,0.058,-1,Echolocation,/mnt/ubna_data_02_mir/recover-20220922/UBNA_001/20220921_090000.WAV,Telephone Field,recover-20220922,001,1795
416.2535,416.2923,68437,82014,Rhinolophus ferrumequinum,0.024,0.024,-1,Echolocation,/mnt/ubna_data_02_mir/recover-20220922/UBNA_001/20220921_090000.WAV,Telephone Field,recover-20220922,001,1795
416.3085,416.3213,22890,27411,Nyctalus leisleri,0.012,0.023,-1,Echolocation,/mnt/ubna_data_02_mir/recover-20220922/UBNA_001/20220921_090000.WAV,Telephone Field,recover-20220922,001,1795
416.3385,416.3491,23750,29853,Nyctalus leisleri,0.009,0.023,-1,Echolocation,/mnt/ubna_data_02_mir/recover-20220922/UBNA_001/20220921_090000.WAV,Telephone Field,recover-20220922,001,1795
416.3465,416.3568,26328,33111,Eptesicus serotinus,0.01,0.024,-1,Echolocation,/mnt/ubna_data_02_mir/recover-20220922/UBNA_001/20220921_090000.WAV,Telephone Field,recover-20220922,001,1795
416.4155,416.4621,68437,83298,Rhinolophus ferrumequinum,0.05,0.05,-1,Echolocation,/mnt/ubna_data_02_mir/recover-20220922/UBNA_001/20220921_090000.WAV,Telephone Field,recover-20220922,001,1795
416.4185,416.4283,25468,32323,Eptesicus serotinus,0.009,0.022,-1,Echolocation,/mnt/ubna_data_02_mir/recover-20220922/UBNA_001/20220921_090000.WAV,Telephone Field,recover-20220922,001,1795
416.4305,416.4717,68437,82149,Rhinolophus ferrumequinum,0.024,0.024,-1,Echolocation,/mnt/ubna_data_02_mir/recover-20220922/UBNA_001/20220921_090000.WAV,Telephone Field,recover-20220922,001,1795
416.4465,416.4567,28046,35383,Eptesicus serotinus,0.012,0.027,-1,Echolocation,/mnt/ubna_data_02_mir/recover-20220922/UBNA_001/20220921_090000.WAV,Telephone Field,recover-20220922,001,1795
416.4575,416.4946,68437,81783,Rhinolophus ferrumequinum,0.022,0.022,-1,Echolocation,/mnt/ubna_data_02_mir/recover-20220922/UBNA_001/20220921_090000.WAV,Telephone Field,recover-20220922,001,1795
416.4695,416.5075,68437,82678,Rhinolophus ferrumequinum,0.025,0.025,-1,Echolocation,/mnt/ubna_data_02_mir/recover-20220922/UBNA_001/20220921_090000.WAV,Telephone Field,recover-20220922,001,1795
416.4985,416.5111,54687,58565,Pipistrellus pygmaeus,0.027,0.03,-1,Echolocation,/mnt/ubna_data_02_mir/recover-20220922/UBNA_001/20220921_090000.WAV,Telephone Field,recover-20220922,001,1795
416.5005,416.51,28906,36674,Eptesicus serotinus,0.009,0.023,-1,Echolocation,/mnt/ubna_data_02_mir/recover-20220922/UBNA_001/20220921_090000.WAV,Telephone Field,recover-20220922,001,1795
416.5085,416.5449,68437,81278,Rhinolophus ferrumequinum,0.022,0.022,-1,Echolocation,/mnt/ubna_data_02_mir/recover-20220922/UBNA_001/20220921_090000.WAV,Telephone Field,recover-20220922,001,1795
416.5405,416.577,68437,81816,Rhinolophus ferrumequinum,0.027,0.027,-1,Echolocation,/mnt/ubna_data_02_mir/recover-20220922/UBNA_001/20220921_090000.WAV,Telephone Field,recover-20220922,001,1795
416.5435,416.5529,28046,37331,Eptesicus serotinus,0.008,0.022,-1,Echolocation,/mnt/ubna_data_02_mir/recover-20220922/UBNA_001/20220921_090000.WAV,Telephone Field,recover-20220922,001,1795
416.5835,416.6203,68437,82353,Rhinolophus ferrumequinum,0.026,0.026,-1,Echolocation,/mnt/ubna_data_02_mir/recover-20220922/UBNA_001/20220921_090000.WAV,Telephone Field,recover-20220922,001,1795
416.5955,416.6048,28906,37044,Eptesicus serotinus,0.009,0.022,-1,Echolocation,/mnt/ubna_data_02_mir/recover-20220922/UBNA_001/20220921_090000.WAV,Telephone Field,recover-20220922,001,1795
416.6405,416.6479,28046,39150,Eptesicus serotinus,0.006,0.022,-1,Echolocation,/mnt/ubna_data_02_mir/recover-20220922/UBNA_001/20220921_090000.WAV,Telephone Field,recover-20220922,001,1795
416.6425,416.6841,68437,82717,Rhinolophus ferrumequinum,0.026,0.026,-1,Echolocation,/mnt/ubna_data_02_mir/recover-20220922/UBNA_001/20220921_090000.WAV,Telephone Field,recover-20220922,001,1795
416.6715,416.6804,28046,38055,Eptesicus serotinus,0.014,0.032,-1,Echolocation,/mnt/ubna_data_02_mir/recover-20220922/UBNA_001/20220921_090000.WAV,Telephone Field,recover-20220922,001,1795
416.6805,416.6887,22890,30485,Plecotus austriacus,0.011,0.024,-1,Echolocation,/mnt/ubna_data_02_mir/recover-20220922/UBNA_001/20220921_090000.WAV,Telephone Field,recover-20220922,001,1795
416.6935,416.7318,68437,81924,Rhinolophus ferrumequinum,0.024,0.024,-1,Echolocation,/mnt/ubna_data_02_mir/recover-20220922/UBNA_001/20220921_090000.WAV,Telephone Field,recover-20220922,001,1795
416.7145,416.7538,68437,82502,Rhinolophus ferrumequinum,0.023,0.023,-1,Echolocation,/mnt/ubna_data_02_mir/recover-20220922/UBNA_001/20220921_090000.WAV,Telephone Field,recover-20220922,001,1795
416.7275,416.7359,28906,39772,Eptesicus serotinus,0.007,0.022,-1,Echolocation,/mnt/ubna_data_02_mir/recover-20220922/UBNA_001/20220921_090000.WAV,Telephone Field,recover-20220922,001,1795
416.7355,416.773,68437,81376,Rhinolophus ferrumequinum,0.023,0.023,-1,Echolocation,/mnt/ubna_data_02_mir/recover-20220922/UBNA_001/20220921_090000.WAV,Telephone Field,recover-20220922,001,1795
416.7475,416.7567,28906,37892,Eptesicus serotinus,0.012,0.027,-1,Echolocation,/mnt/ubna_data_02_mir/recover-20220922/UBNA_001/20220921_090000.WAV,Telephone Field,recover-20220922,001,1795
416.7625,416.8021,68437,82284,Rhinolophus ferrumequinum,0.032,0.033,-1,Echolocation,/mnt/ubna_data_02_mir/recover-20220922/UBNA_001/20220921_090000.WAV,Telephone Field,recover-20220922,001,1795
416.77049999999997,416.8101,68437,82155,Rhinolophus ferrumequinum,0.024,0.024,-1,Echolocation,/mnt/ubna_data_02_mir/recover-20220922/UBNA_001/20220921_090000.WAV,Telephone Field,recover-20220922,001,1795
416.7965,416.8354,68437,82471,Rhinolophus ferrumequinum,0.022,0.022,-1,Echolocation,/mnt/ubna_data_02_mir/recover-20220922/UBNA_001/20220921_090000.WAV,Telephone Field,recover-20220922,001,1795
416.8235,416.8614,68437,82588,Rhinolophus ferrumequinum,0.038,0.038,-1,Echolocation,/mnt/ubna_data_02_mir/recover-20220922/UBNA_001/20220921_090000.WAV,Telephone Field,recover-20220922,001,1795
416.8385,416.8767,68437,81471,Rhinolophus ferrumequinum,0.023,0.023,-1,Echolocation,/mnt/ubna_data_02_mir/recover-20220922/UBNA_001/20220921_090000.WAV,Telephone Field,recover-20220922,001,1795
416.8485,416.8849,68437,81414,Rhinolophus ferrumequinum,0.024,0.024,-1,Echolocation,/mnt/ubna_data_02_mir/recover-20220922/UBNA_001/20220921_090000.WAV,Telephone Field,recover-20220922,001,1795
416.9085,416.948,68437,82755,Rhinolophus ferrumequinum,0.026,0.026,-1,Echolocation,/mnt/ubna_data_02_mir/recover-20220922/UBNA_001/20220921_090000.WAV,Telephone Field,recover-20220922,001,1795
416.9155,416.9229,22890,32195,Plecotus austriacus,0.019,0.035,-1,Echolocation,/mnt/ubna_data_02_mir/recover-20220922/UBNA_001/20220921_090000.WAV,Telephone Field,recover-20220922,001,1795
416.9505,416.9889,68437,82271,Rhinolophus ferrumequinum,0.023,0.023,-1,Echolocation,/mnt/ubna_data_02_mir/recover-20220922/UBNA_001/20220921_090000.WAV,Telephone Field,recover-20220922,001,1795
416.97950000000003,417.0175,68437,82189,Rhinolophus ferrumequinum,0.023,0.023,-1,Echolocation,/mnt/ubna_data_02_mir/recover-20220922/UBNA_001/20220921_090000.WAV,Telephone Field,recover-20220922,001,1795
417.0305,417.0665,68437,81699,Rhinolophus ferrumequinum,0.024,0.024,-1,Echolocation,/mnt/ubna_data_02_mir/recover-20220922/UBNA_001/20220921_090000.WAV,Telephone Field,recover-20220922,001,1795
417.0465,417.0542,47812,54128,Pipistrellus pipistrellus,0.028,0.03,-1,Echolocation,/mnt/ubna_data_02_mir/recover-20220922/UBNA_001/20220921_090000.WAV,Telephone Field,recover-20220922,001,1795
417.0495,417.0929,68437,82892,Rhinolophus ferrumequinum,0.048,0.048,-1,Echolocation,/mnt/ubna_data_02_mir/recover-20220922/UBNA_001/20220921_090000.WAV,Telephone Field,recover-20220922,001,1795
417.0705,417.1081,68437,81845,Rhinolophus ferrumequinum,0.022,0.022,-1,Echolocation,/mnt/ubna_data_02_mir/recover-20220922/UBNA_001/20220921_090000.WAV,Telephone Field,recover-20220922,001,1795
417.1125,417.1192,28906,38561,Eptesicus serotinus,0.006,0.025,-1,Echolocation,/mnt/ubna_data_02_mir/recover-20220922/UBNA_001/20220921_090000.WAV,Telephone Field,recover-20220922,001,1795
417.1465,417.1631,17734,22825,Nyctalus noctula,0.017,0.024,-1,Echolocation,/mnt/ubna_data_02_mir/recover-20220922/UBNA_001/20220921_090000.WAV,Telephone Field,recover-20220922,001,1795
417.1725,417.209,68437,81576,Rhinolophus ferrumequinum,0.022,0.022,-1,Echolocation,/mnt/ubna_data_02_mir/recover-20220922/UBNA_001/20220921_090000.WAV,Telephone Field,recover-20220922,001,1795
417.2245,417.2646,68437,81612,Rhinolophus ferrumequinum,0.024,0.024,-1,Echolocation,/mnt/ubna_data_02_mir/recover-20220922/UBNA_001/20220921_090000.WAV,Telephone Field,recover-20220922,001,1795
417.2755,417.2852,44375,50643,Pipistrellus pipistrellus,0.02,0.025,-1,Echolocation,/mnt/ubna_data_02_mir/recover-20220922/UBNA_001/20220921_090000.WAV,Telephone Field,recover-20220922,001,1795
417.2835,417.3244,68437,82785,Rhinolophus ferrumequinum,0.04,0.04,-1,Echolocation,/mnt/ubna_data_02_mir/recover-20220922/UBNA_001/20220921_090000.WAV,Telephone Field,recover-20220922,001,1795
417.3055,417.341,68437,81085,Rhinolophus ferrumequinum,0.022,0.023,-1,Echolocation,/mnt/ubna_data_02_mir/recover-20220922/UBNA_001/20220921_090000.WAV,Telephone Field,recover-20220922,001,1795
417.3315,417.3404,25468,33038,Eptesicus serotinus,0.03,0.077,-1,Echolocation,/mnt/ubna_data_02_mir/recover-20220922/UBNA_001/20220921_090000.WAV,Telephone Field,recover-20220922,001,1795
417.3735,417.3813,28906,38270,Eptesicus serotinus,0.009,0.026,-1,Echolocation,/mnt/ubna_data_02_mir/recover-20220922/UBNA_001/20220921_090000.WAV,Telephone Field,recover-20220922,001,1795
417.4165,417.4252,25468,33378,Nyctalus leisleri,0.009,0.032,-1,Echolocation,/mnt/ubna_data_02_mir/recover-20220922/UBNA_001/20220921_090000.WAV,Telephone Field,recover-20220922,001,1795
417.4425,417.48,68437,81976,Rhinolophus ferrumequinum,0.024,0.024,-1,Echolocation,/mnt/ubna_data_02_mir/recover-20220922/UBNA_001/20220921_090000.WAV,Telephone Field,recover-20220922,001,1795
417.4455,417.4547,28906,36360,Eptesicus serotinus,0.037,0.072,-1,Echolocation,/mnt/ubna_data_02_mir/recover-20220922/UBNA_001/20220921_090000.WAV,Telephone Field,recover-20220922,001,1795
417.4755,417.5143,68437,82153,Rhinolophus ferrumequinum,0.025,0.025,-1,Echolocation,/mnt/ubna_data_02_mir/recover-20220922/UBNA_001/20220921_090000.WAV,Telephone Field,recover-20220922,001,1795
417.4945,417.5319,68437,83019,Rhinolophus ferrumequinum,0.022,0.022,-1,Echolocation,/mnt/ubna_data_02_mir/recover-20220922/UBNA_001/20220921_090000.WAV,Telephone Field,recover-20220922,001,1795
417.5415,417.5823,68437,82665,Rhinolophus ferrumequinum,0.026,0.026,-1,Echolocation,/mnt/ubna_data_02_mir/recover-20220922/UBNA_001/20220921_090000.WAV,Telephone Field,recover-20220922,001,1795
417.5435,417.5515,29765,41527,Myotis daubentonii,0.007,0.023,-1,Echolocation,/mnt/ubna_data_02_mir/recover-20220922/UBNA_001/20220921_090000.WAV,Telephone Field,recover-20220922,001,1795
417.5685,417.6073,68437,82400,Rhinolophus ferrumequinum,0.024,0.024,-1,Echolocation,/mnt/ubna_data_02_mir/recover-20220922/UBNA_001/20220921_090000.WAV,Telephone Field,recover-20220922,001,1795
417.5795,417.619,68437,82029,Rhinolophus ferrumequinum,0.023,0.023,-1,Echolocation,/mnt/ubna_data_02_mir/recover-20220922/UBNA_001/20220921_090000.WAV,Telephone Field,recover-20220922,001,1795
417.5855,417.5938,45234,49323,Pipistrellus pipistrellus,0.021,0.022,-1,Echolocation,/mnt/ubna_data_02_mir/recover-20220922/UBNA_001/20220921_090000.WAV,Telephone Field,recover-20220922,001,1795
417.5865,417.5962,28046,36078,Eptesicus serotinus,0.009,0.023,-1,Echolocation,/mnt/ubna_data_02_mir/recover-20220922/UBNA_001/20220921_090000.WAV,Telephone Field,recover-20220922,001,1795
417.6315,417.6716,68437,82433,Rhinolophus ferrumequinum,0.023,0.023,-1,Echolocation,/mnt/ubna_data_02_mir/recover-20220922/UBNA_001/20220921_090000.WAV,Telephone Field,recover-20220922,001,1795
417.6365,417.6487,53828,58206,Pipistrellus pygmaeus,0.028,0.033,-1,Echolocation,/mnt/ubna_data_02_mir/recover-20220922/UBNA_001/20220921_090000.WAV,Telephone Field,recover-20220922,001,1795
417.6785,417.6862,22890,31479,Plecotus austriacus,0.017,0.033,-1,Echolocation,/mnt/ubna_data_02_mir/recover-20220922/UBNA_001/20220921_090000.WAV,Telephone Field,recover-20220922,001,1795
417.6965,417.7077,27187,34136,Eptesicus serotinus,0.01,0.023,-1,Echolocation,/mnt/ubna_data_02_mir/recover-20220922/UBNA_001/20220921_090000.WAV,Telephone Field,recover-20220922,001,1795
417.7135,417.7524,68437,81876,Rhinolophus ferrumequinum,0.037,0.038,-1,Echolocation,/mnt/ubna_data_02_mir/recover-20220922/UBNA_001/20220921_090000.WAV,Telephone Field,recover-20220922,001,1795
417.7205,417.7581,68437,82154,Rhinolophus ferrumequinum,0.025,0.025,-1,Echolocation,/mnt/ubna_data_02_mir/recover-20220922/UBNA_001/20220921_090000.WAV,Telephone Field,recover-20220922,001,1795
417.7255,417.7361,22890,28696,Nyctalus leisleri,0.01,0.022,-1,Echolocation,/mnt/ubna_data_02_mir/recover-20220922/UBNA_001/20220921_090000.WAV,Telephone Field,recover-20220922,001,1795
417.7425,417.7497,28046,39573,Eptesicus serotinus,0.007,0.022,-1,Echolocation,/mnt/ubna_data_02_mir/recover-20220922/UBNA_001/20220921_090000.WAV,Telephone Field,recover-20220922,001,1795
417.7595,417.7989,68437,82868,Rhinolophus ferrumequinum,0.029,0.029,-1,Echolocation,/mnt/ubna_data_02_mir/recover-20220922/UBNA_001/20220921_090000.WAV,Telephone Field,recover-20220922,001,1795
417.7955,417.8378,68437,82088,Rhinolophus ferrumequinum,0.022,0.022,-1,Echolocation,/mnt/ubna_data_02_mir/recover-20220922/UBNA_001/20220921_090000.WAV,Telephone Field,recover-20220922,001,1795
417.8045,417.8169,25468,29942,Nyctalus leisleri,0.041,0.087,-1,Echolocation,/mnt/ubna_data_02_mir/recover-20220922/UBNA_001/20220921_090000.WAV,Telephone Field,recover-20220922,001,1795
417.8455,417.853,47812,53387,Pipistrellus pipistrellus,0.023,0.024,-1,Echolocation,/mnt/ubna_data_02_mir/recover-20220922/UBNA_001/20220921_090000.WAV,Telephone Field,recover-20220922,001,1795
417.85450000000003,417.8925,68437,81966,Rhinolophus ferrumequinum,0.024,0.024,-1,Echolocation,/mnt/ubna_data_02_mir/recover-20220922/UBNA_001/20220921_090000.WAV,Telephone Field,recover-20220922,001,1795
417.8895,417.9279,68437,81878,Rhinolophus ferrumequinum,0.025,0.025,-1,Echolocation,/mnt/ubna_data_02_mir/recover-20220922/UBNA_001/20220921_090000.WAV,Telephone Field,recover-20220922,001,1795
417.9025,417.9433,68437,82243,Rhinolophus ferrumequinum,0.023,0.023,-1,Echolocation,/mnt/ubna_data_02_mir/recover-20220922/UBNA_001/20220921_090000.WAV,Telephone Field,recover-20220922,001,1795
417.9045,417.9128,28906,40233,Eptesicus serotinus,0.009,0.024,-1,Echolocation,/mnt/ubna_data_02_mir/recover-20220922/UBNA_001/20220921_090000.WAV,Telephone Field,recover-20220922,001,1795
417.9275,417.9347,28046,40913,Eptesicus serotinus,0.007,0.025,-1,Echolocation,/mnt/ubna_data_02_mir/recover-20220922/UBNA_001/20220921_090000.WAV,Telephone Field,recover-20220922,001,1795
417.9655,417.9756,50390,55089,Pipistrellus pipistrellus,0.02,0.023,-1,Echolocation,/mnt/ubna_data_02_mir/recover-20220922/UBNA_001/20220921_090000.WAV,Telephone Field,recover-20220922,001,1795
418.0015,418.0104,26328,36129,Eptesicus serotinus,0.008,0.029,-1,Echolocation,/mnt/ubna_data_02_mir/recover-20220922/UBNA_001/20220921_090000.WAV,Telephone Field,recover-20220922,001,1795
418.0015,418.0349,68437,80184,Rhinolophus ferrumequinum,0.038,0.039,-1,Echolocation,/mnt/ubna_data_02_mir/recover-20220922/UBNA_001/20220921_090000.WAV,Telephone Field,recover-20220922,001,1795
418.0105,418.0567,68437,83426,Rhinolophus ferrumequinum,0.025,0.025,-1,Echolocation,/mnt/ubna_data_02_mir/recover-20220922/UBNA_001/20220921_090000.WAV,Telephone Field,recover-20220922,001,1795
418.0155,418.0276,27187,34296,Eptesicus serotinus,0.037,0.056,-1,Echolocation,/mnt/ubna_data_02_mir/recover-20220922/UBNA_001/20220921_090000.WAV,Telephone Field,recover-20220922,001,1795
418.0435,418.0516,27187,41201,Eptesicus serotinus,0.007,0.021,-1,Echolocation,/mnt/ubna_data_02_mir/recover-20220922/UBNA_001/20220921_090000.WAV,Telephone Field,recover-20220922,001,1795
418.0705,418.1091,68437,82301,Rhinolophus ferrumequinum,0.025,0.025,-1,Echolocation,/mnt/ubna_data_02_mir/recover-20220922/UBNA_001/20220921_090000.WAV,Telephone Field,recover-20220922,001,1795
418.1075,418.1441,68437,81717,Rhinolophus ferrumequinum,0.021,0.021,-1,Echolocation,/mnt/ubna_data_02_mir/recover-20220922/UBNA_001/20220921_090000.WAV,Telephone Field,recover-20220922,001,1795
418.1445,418.1874,68437,83077,Rhinolophus ferrumequinum,0.029,0.029,-1,Echolocation,/mnt/ubna_data_02_mir/recover-20220922/UBNA_001/20220921_090000.WAV,Telephone Field,recover-20220922,001,1795
418.1985,418.20799999999997,28906,36698,Eptesicus serotinus,0.008,0.022,-1,Echolocation,/mnt/ubna_data_02_mir/recover-20220922/UBNA_001/20220921_090000.WAV,Telephone Field,recover-20220922,001,1795
418.2125,418.249,68437,81370,Rhinolophus ferrumequinum,0.021,0.022,-1,Echolocation,/mnt/ubna_data_02_mir/recover-20220922/UBNA_001/20220921_090000.WAV,Telephone Field,recover-20220922,001,1795
418.2265,418.2654,68437,82134,Rhinolophus ferrumequinum,0.023,0.023,-1,Echolocation,/mnt/ubna_data_02_mir/recover-20220922/UBNA_001/20220921_090000.WAV,Telephone Field,recover-20220922,001,1795
418.2445,418.2539,28046,38159,Eptesicus serotinus,0.009,0.023,-1,Echolocation,/mnt/ubna_data_02_mir/recover-20220922/UBNA_001/20220921_090000.WAV,Telephone Field,recover-20220922,001,1795
418.2615,418.2986,68437,81691,Rhinolophus ferrumequinum,0.022,0.022,-1,Echolocation,/mnt/ubna_data_02_mir/recover-20220922/UBNA_001/20220921_090000.WAV,Telephone Field,recover-20220922,001,1795
418.2745,418.28430000000003,43515,47265,Pipistrellus pipistrellus,0.022,0.024,-1,Echolocation,/mnt/ubna_data_02_mir/recover-20220922/UBNA_001/20220921_090000.WAV,Telephone Field,recover-20220922,001,1795
418.2765,418.3171,68437,82439,Rhinolophus ferrumequinum,0.021,0.021,-1,Echolocation,/mnt/ubna_data_02_mir/recover-20220922/UBNA_001/20220921_090000.WAV,Telephone Field,recover-20220922,001,1795
418.2975,418.3079,22890,27853,Nyctalus leisleri,0.01,0.021,-1,Echolocation,/mnt/ubna_data_02_mir/recover-20220922/UBNA_001/20220921_090000.WAV,Telephone Field,recover-20220922,001,1795
418.3045,418.3494,68437,83699,Rhinolophus ferrumequinum,0.044,0.044,-1,Echolocation,/mnt/ubna_data_02_mir/recover-20220922/UBNA_001/20220921_090000.WAV,Telephone Field,recover-20220922,001,1795
418.3475,418.3859,68437,82129,Rhinolophus ferrumequinum,0.021,0.021,-1,Echolocation,/mnt/ubna_data_02_mir/recover-20220922/UBNA_001/20220921_090000.WAV,Telephone Field,recover-20220922,001,1795
418.3565,418.3957,68437,81730,Rhinolophus ferrumequinum,0.021,0.021,-1,Echolocation,/mnt/ubna_data_02_mir/recover-20220922/UBNA_001/20220921_090000.WAV,Telephone Field,recover-20220922,001,1795
418.3625,418.4037,68437,82458,Rhinolophus ferrumequinum,0.022,0.022,-1,Echolocation,/mnt/ubna_data_02_mir/recover-20220922/UBNA_001/20220921_090000.WAV,Telephone Field,recover-20220922,001,1795
418.3845,418.4194,68437,81562,Rhinolophus ferrumequinum,0.021,0.021,-1,Echolocation,/mnt/ubna_data_02_mir/recover-20220922/UBNA_001/20220921_090000.WAV,Telephone Field,recover-20220922,001,1795
418.3985,418.4129,22031,25871,Nyctalus leisleri,0.02,0.033,-1,Echolocation,/mnt/ubna_data_02_mir/recover-20220922/UBNA_001/20220921_090000.WAV,Telephone Field,recover-20220922,001,1795
418.4085,418.4423,68437,81209,Rhinolophus ferrumequinum,0.027,0.027,-1,Echolocation,/mnt/ubna_data_02_mir/recover-20220922/UBNA_001/20220921_090000.WAV,Telephone Field,recover-20220922,001,1795
418.4265,418.4362,27187,36087,Eptesicus serotinus,0.021,0.039,-1,Echolocation,/mnt/ubna_data_02_mir/recover-20220922/UBNA_001/20220921_090000.WAV,Telephone Field,recover-20220922,001,1795
418.4935,418.5037,24609,31797,Eptesicus serotinus,0.008,0.023,-1,Echolocation,/mnt/ubna_data_02_mir/recover-20220922/UBNA_001/20220921_090000.WAV,Telephone Field,recover-20220922,001,1795
418.4935,418.5319,68437,81722,Rhinolophus ferrumequinum,0.032,0.032,-1,Echolocation,/mnt/ubna_data_02_mir/recover-20220922/UBNA_001/20220921_090000.WAV,Telephone Field,recover-20220922,001,1795
418.5035,418.5434,68437,82294,Rhinolophus ferrumequinum,0.025,0.025,-1,Echolocation,/mnt/ubna_data_02_mir/recover-20220922/UBNA_001/20220921_090000.WAV,Telephone Field,recover-20220922,001,1795
418.5215,418.5604,68437,82002,Rhinolophus ferrumequinum,0.023,0.023,-1,Echolocation,/mnt/ubna_data_02_mir/recover-20220922/UBNA_001/20220921_090000.WAV,Telephone Field,recover-20220922,001,1795
418.54449999999997,418.5587,22890,27547,Nyctalus leisleri,0.012,0.023,-1,Echolocation,/mnt/ubna_data_02_mir/recover-20220922/UBNA_001/20220921_090000.WAV,Telephone Field,recover-20220922,001,1795
418.6015,418.6129,23750,29767,Nyctalus leisleri,0.011,0.026,-1,Echolocation,/mnt/ubna_data_02_mir/recover-20220922/UBNA_001/20220921_090000.WAV,Telephone Field,recover-20220922,001,1795
418.6225,418.6606,68437,81911,Rhinolophus ferrumequinum,0.021,0.021,-1,Echolocation,/mnt/ubna_data_02_mir/recover-20220922/UBNA_001/20220921_090000.WAV,Telephone Field,recover-20220922,001,1795
418.6405,418.6814,68437,82462,Rhinolophus ferrumequinum,0.023,0.023,-1,Echolocation,/mnt/ubna_data_02_mir/recover-20220922/UBNA_001/20220921_090000.WAV,Telephone Field,recover-20220922,001,1795
418.6615,418.6684,28906,39139,Eptesicus serotinus,0.008,0.026,-1,Echolocation,/mnt/ubna_data_02_mir/recover-20220922/UBNA_001/20220921_090000.WAV,Telephone Field,recover-20220922,001,1795
418.6655,418.7012,68437,81112,Rhinolophus ferrumequinum,0.021,0.021,-1,Echolocation,/mnt/ubna_data_02_mir/recover-20220922/UBNA_001/20220921_090000.WAV,Telephone Field,recover-20220922,001,1795
418.6755,418.6872,43515,48929,Pipistrellus pipistrellus,0.023,0.029,-1,Echolocation,/mnt/ubna_data_02_mir/recover-20220922/UBNA_001/20220921_090000.WAV,Telephone Field,recover-20220922,001,1795
418.6905,418.72950000000003,68437,82192,Rhinolophus ferrumequinum,0.024,0.024,-1,Echolocation,/mnt/ubna_data_02_mir/recover-20220922/UBNA_001/20220921_090000.WAV,Telephone Field,recover-20220922,001,1795
418.7105,418.7479,68437,80893,Rhinolophus ferrumequinum,0.022,0.022,-1,Echolocation,/mnt/ubna_data_02_mir/recover-20220922/UBNA_001/20220921_090000.WAV,Telephone Field,recover-20220922,001,1795
418.7515,418.762,28046,35966,Eptesicus serotinus,0.009,0.021,-1,Echolocation,/mnt/ubna_data_02_mir/recover-20220922/UBNA_001/20220921_090000.WAV,Telephone Field,recover-20220922,001,1795
418.7525,418.7926,68437,82477,Rhinolophus ferrumequinum,0.022,0.022,-1,Echolocation,/mnt/ubna_data_02_mir/recover-20220922/UBNA_001/20220921_090000.WAV,Telephone Field,recover-20220922,001,1795
418.7585,418.799,68437,82541,Rhinolophus ferrumequinum,0.022,0.022,-1,Echolocation,/mnt/ubna_data_02_mir/recover-20220922/UBNA_001/20220921_090000.WAV,Telephone Field,recover-20220922,001,1795
418.7615,418.7711,23750,29908,Nyctalus leisleri,0.009,0.022,-1,Echolocation,/mnt/ubna_data_02_mir/recover-20220922/UBNA_001/20220921_090000.WAV,Telephone Field,recover-20220922,001,1795
418.77049999999997,418.81,68437,82261,Rhinolophus ferrumequinum,0.021,0.021,-1,Echolocation,/mnt/ubna_data_02_mir/recover-20220922/UBNA_001/20220921_090000.WAV,Telephone Field,recover-20220922,001,1795
418.7725,418.7818,28906,39097,Eptesicus serotinus,0.009,0.022,-1,Echolocation,/mnt/ubna_data_02_mir/recover-20220922/UBNA_001/20220921_090000.WAV,Telephone Field,recover-20220922,001,1795
418.7775,418.7865,28906,37341,Eptesicus serotinus,0.007,0.021,-1,Echolocation,/mnt/ubna_data_02_mir/recover-20220922/UBNA_001/20220921_090000.WAV,Telephone Field,recover-20220922,001,1795
418.8065,418.8425,68437,81258,Rhinolophus ferrumequinum,0.025,0.025,-1,Echolocation,/mnt/ubna_data_02_mir/recover-20220922/UBNA_001/20220921_090000.WAV,Telephone Field,recover-20220922,001,1795
418.8145,418.85450000000003,68437,81698,Rhinolophus ferrumequinum,0.023,0.023,-1,Echolocation,/mnt/ubna_data_02_mir/recover-20220922/UBNA_001/20220921_090000.WAV,Telephone Field,recover-20220922,001,1795
418.8745,418.884,29765,37365,Eptesicus serotinus,0.008,0.022,-1,Echolocation,/mnt/ubna_data_02_mir/recover-20220922/UBNA_001/20220921_090000.WAV,Telephone Field,recover-20220922,001,1795
418.8895,418.931,68437,82563,Rhinolophus ferrumequinum,0.023,0.023,-1,Echolocation,/mnt/ubna_data_02_mir/recover-20220922/UBNA_001/20220921_090000.WAV,Telephone Field,recover-20220922,001,1795
418.9515,418.9904,68437,82047,Rhinolophus ferrumequinum,0.024,0.024,-1,Echolocation,/mnt/ubna_data_02_mir/recover-20220922/UBNA_001/20220921_090000.WAV,Telephone Field,recover-20220922,001,1795
418.9925,419.0258,68437,80128,Rhinolophus ferrumequinum,0.022,0.023,-1,Echolocation,/mnt/ubna_data_02_mir/recover-20220922/UBNA_001/20220921_090000.WAV,Telephone Field,recover-20220922,001,1795
419.0295,419.0681,68437,82044,Rhinolophus ferrumequinum,0.023,0.023,-1,Echolocation,/mnt/ubna_data_02_mir/recover-20220922/UBNA_001/20220921_090000.WAV,Telephone Field,recover-20220922,001,1795
419.0435,419.0542,28906,36887,Eptesicus serotinus,0.015,0.028,-1,Echolocation,/mnt/ubna_data_02_mir/recover-20220922/UBNA_001/20220921_090000.WAV,Telephone Field,recover-20220922,001,1795
419.0645,419.1006,68437,81828,Rhinolophus ferrumequinum,0.023,0.023,-1,Echolocation,/mnt/ubna_data_02_mir/recover-20220922/UBNA_001/20220921_090000.WAV,Telephone Field,recover-20220922,001,1795
419.0695,419.1079,68437,81979,Rhinolophus ferrumequinum,0.021,0.022,-1,Echolocation,/mnt/ubna_data_02_mir/recover-20220922/UBNA_001/20220921_090000.WAV,Telephone Field,recover-20220922,001,1795
419.0775,419.1111,68437,80837,Rhinolophus ferrumequinum,0.021,0.021,-1,Echolocation,/mnt/ubna_data_02_mir/recover-20220922/UBNA_001/20220921_090000.WAV,Telephone Field,recover-20220922,001,1795
419.1245,419.1595,68437,80729,Rhinolophus ferrumequinum,0.022,0.022,-1,Echolocation,/mnt/ubna_data_02_mir/recover-20220922/UBNA_001/20220921_090000.WAV,Telephone Field,recover-20220922,001,1795
419.1755,419.2164,68437,82211,Rhinolophus ferrumequinum,0.023,0.023,-1,Echolocation,/mnt/ubna_data_02_mir/recover-20220922/UBNA_001/20220921_090000.WAV,Telephone Field,recover-20220922,001,1795
419.2035,419.2145,34921,41269,Eptesicus serotinus,0.007,0.026,-1,Echolocation,/mnt/ubna_data_02_mir/recover-20220922/UBNA_001/20220921_090000.WAV,Telephone Field,recover-20220922,001,1795
419.2035,419.2427,68437,82352,Rhinolophus ferrumequinum,0.021,0.021,-1,Echolocation,/mnt/ubna_data_02_mir/recover-20220922/UBNA_001/20220921_090000.WAV,Telephone Field,recover-20220922,001,1795
419.2565,419.3012,68437,83183,Rhinolophus ferrumequinum,0.034,0.034,-1,Echolocation,/mnt/ubna_data_02_mir/recover-20220922/UBNA_001/20220921_090000.WAV,Telephone Field,recover-20220922,001,1795
419.2735,419.2838,27187,35532,Eptesicus serotinus,0.012,0.028,-1,Echolocation,/mnt/ubna_data_02_mir/recover-20220922/UBNA_001/20220921_090000.WAV,Telephone Field,recover-20220922,001,1795
419.2865,419.3248,68437,81469,Rhinolophus ferrumequinum,0.023,0.023,-1,Echolocation,/mnt/ubna_data_02_mir/recover-20220922/UBNA_001/20220921_090000.WAV,Telephone Field,recover-20220922,001,1795
419.3265,419.3359,28046,37162,Eptesicus serotinus,0.009,0.022,-1,Echolocation,/mnt/ubna_data_02_mir/recover-20220922/UBNA_001/20220921_090000.WAV,Telephone Field,recover-20220922,001,1795
419.3375,419.3784,68437,82093,Rhinolophus ferrumequinum,0.021,0.021,-1,Echolocation,/mnt/ubna_data_02_mir/recover-20220922/UBNA_001/20220921_090000.WAV,Telephone Field,recover-20220922,001,1795
419.3715,419.3811,14296,23013,Nyctalus noctula,0.014,0.026,-1,Echolocation,/mnt/ubna_data_02_mir/recover-20220922/UBNA_001/20220921_090000.WAV,Telephone Field,recover-20220922,001,1795
419.4055,419.4167,22031,26051,Nyctalus leisleri,0.013,0.022,-1,Echolocation,/mnt/ubna_data_02_mir/recover-20220922/UBNA_001/20220921_090000.WAV,Telephone Field,recover-20220922,001,1795
419.4095,419.4198,46093,50497,Pipistrellus pipistrellus,0.032,0.034,-1,Echolocation,/mnt/ubna_data_02_mir/recover-20220922/UBNA_001/20220921_090000.WAV,Telephone Field,recover-20220922,001,1795
419.4485,419.4879,68437,82408,Rhinolophus ferrumequinum,0.026,0.026,-1,Echolocation,/mnt/ubna_data_02_mir/recover-20220922/UBNA_001/20220921_090000.WAV,Telephone Field,recover-20220922,001,1795
419.4815,419.4895,28906,38863,Eptesicus serotinus,0.007,0.022,-1,Echolocation,/mnt/ubna_data_02_mir/recover-20220922/UBNA_001/20220921_090000.WAV,Telephone Field,recover-20220922,001,1795
419.4915,419.5016,28906,38380,Eptesicus serotinus,0.011,0.023,-1,Echolocation,/mnt/ubna_data_02_mir/recover-20220922/UBNA_001/20220921_090000.WAV,Telephone Field,recover-20220922,001,1795
419.4965,419.53340000000003,68437,82081,Rhinolophus ferrumequinum,0.025,0.025,-1,Echolocation,/mnt/ubna_data_02_mir/recover-20220922/UBNA_001/20220921_090000.WAV,Telephone Field,recover-20220922,001,1795
419.5395,419.5473,28906,37863,Eptesicus serotinus,0.006,0.021,-1,Echolocation,/mnt/ubna_data_02_mir/recover-20220922/UBNA_001/20220921_090000.WAV,Telephone Field,recover-20220922,001,1795
419.5395,419.5768,68437,81641,Rhinolophus ferrumequinum,0.026,0.027,-1,Echolocation,/mnt/ubna_data_02_mir/recover-20220922/UBNA_001/20220921_090000.WAV,Telephone Field,recover-20220922,001,1795
419.5565,419.5695,22031,27721,Nyctalus leisleri,0.021,0.047,-1,Echolocation,/mnt/ubna_data_02_mir/recover-20220922/UBNA_001/20220921_090000.WAV,Telephone Field,recover-20220922,001,1795
419.5565,419.5995,68437,83646,Rhinolophus ferrumequinum,0.037,0.037,-1,Echolocation,/mnt/ubna_data_02_mir/recover-20220922/UBNA_001/20220921_090000.WAV,Telephone Field,recover-20220922,001,1795
419.5725,419.5869,38359,42066,Pipistrellus nathusii,0.023,0.035,-1,Echolocation,/mnt/ubna_data_02_mir/recover-20220922/UBNA_001/20220921_090000.WAV,Telephone Field,recover-20220922,001,1795
419.5885,419.6293,68437,82702,Rhinolophus ferrumequinum,0.033,0.033,-1,Echolocation,/mnt/ubna_data_02_mir/recover-20220922/UBNA_001/20220921_090000.WAV,Telephone Field,recover-20220922,001,1795
419.5995,419.6081,28046,37336,Eptesicus serotinus,0.012,0.029,-1,Echolocation,/mnt/ubna_data_02_mir/recover-20220922/UBNA_001/20220921_090000.WAV,Telephone Field,recover-20220922,001,1795
419.60450000000003,419.6123,45234,54440,Pipistrellus pipistrellus,0.016,0.022,-1,Echolocation,/mnt/ubna_data_02_mir/recover-20220922/UBNA_001/20220921_090000.WAV,Telephone Field,recover-20220922,001,1795
419.6395,419.6812,68437,82803,Rhinolophus ferrumequinum,0.033,0.033,-1,Echolocation,/mnt/ubna_data_02_mir/recover-20220922/UBNA_001/20220921_090000.WAV,Telephone Field,recover-20220922,001,1795
419.6675,419.6752,28046,39638,Eptesicus serotinus,0.007,0.022,-1,Echolocation,/mnt/ubna_data_02_mir/recover-20220922/UBNA_001/20220921_090000.WAV,Telephone Field,recover-20220922,001,1795
419.6915,419.7327,68437,82530,Rhinolophus ferrumequinum,0.022,0.022,-1,Echolocation,/mnt/ubna_data_02_mir/recover-20220922/UBNA_001/20220921_090000.WAV,Telephone Field,recover-20220922,001,1795
419.7015,419.744,68437,82846,Rhinolophus ferrumequinum,0.027,0.027,-1,Echolocation,/mnt/ubna_data_02_mir/recover-20220922/UBNA_001/20220921_090000.WAV,Telephone Field,recover-20220922,001,1795
419.7405,419.7552,28046,35598,Eptesicus serotinus,0.043,0.059,-1,Echolocation,/mnt/ubna_data_02_mir/recover-20220922/UBNA_001/20220921_090000.WAV,Telephone Field,recover-20220922,001,1795
419.7645,419.805,68437,82036,Rhinolophus ferrumequinum,0.031,0.032,-1,Echolocation,/mnt/ubna_data_02_mir/recover-20220922/UBNA_001/20220921_090000.WAV,Telephone Field,recover-20220922,001,1795
419.7795,419.7878,25468,34226,Eptesicus serotinus,0.008,0.023,-1,Echolocation,/mnt/ubna_data_02_mir/recover-20220922/UBNA_001/20220921_090000.WAV,Telephone Field,recover-20220922,001,1795
419.8085,419.844,68437,80570,Rhinolophus ferrumequinum,0.033,0.033,-1,Echolocation,/mnt/ubna_data_02_mir/recover-20220922/UBNA_001/20220921_090000.WAV,Telephone Field,recover-20220922,001,1795
419.8155,419.8231,32343,43082,Myotis daubentonii,0.009,0.023,-1,Echolocation,/mnt/ubna_data_02_mir/recover-20220922/UBNA_001/20220921_090000.WAV,Telephone Field,recover-20220922,001,1795
419.8165,419.8519,68437,80996,Rhinolophus ferrumequinum,0.021,0.021,-1,Echolocation,/mnt/ubna_data_02_mir/recover-20220922/UBNA_001/20220921_090000.WAV,Telephone Field,recover-20220922,001,1795
419.8515,419.8918,68437,82059,Rhinolophus ferrumequinum,0.023,0.023,-1,Echolocation,/mnt/ubna_data_02_mir/recover-20220922/UBNA_001/20220921_090000.WAV,Telephone Field,recover-20220922,001,1795
419.8555,419.8645,44375,49657,Pipistrellus pipistrellus,0.021,0.023,-1,Echolocation,/mnt/ubna_data_02_mir/recover-20220922/UBNA_001/20220921_090000.WAV,Telephone Field,recover-20220922,001,1795
419.8945,419.9357,68437,82905,Rhinolophus ferrumequinum,0.023,0.023,-1,Echolocation,/mnt/ubna_data_02_mir/recover-20220922/UBNA_001/20220921_090000.WAV,Telephone Field,recover-20220922,001,1795
419.9305,419.9665,68437,81597,Rhinolophus ferrumequinum,0.021,0.021,-1,Echolocation,/mnt/ubna_data_02_mir/recover-20220922/UBNA_001/20220921_090000.WAV,Telephone Field,recover-20220922,001,1795
420.0015,420.0116,47812,52212,Pipistrellus pipistrellus,0.021,0.027,-1,Echolocation,/mnt/ubna_data_02_mir/recover-20220922/UBNA_001/20220921_090000.WAV,Telephone Field,recover-20220922,001,1795
420.0015,420.034,68437,80715,Rhinolophus ferrumequinum,0.039,0.039,-1,Echolocation,/mnt/ubna_data_02_mir/recover-20220922/UBNA_001/20220921_090000.WAV,Telephone Field,recover-20220922,001,1795
420.0015,420.0106,26328,40350,Eptesicus serotinus,0.006,0.022,-1,Echolocation,/mnt/ubna_data_02_mir/recover-20220922/UBNA_001/20220921_090000.WAV,Telephone Field,recover-20220922,001,1795
420.0095,420.0527,68437,83478,Rhinolophus ferrumequinum,0.028,0.029,-1,Echolocation,/mnt/ubna_data_02_mir/recover-20220922/UBNA_001/20220921_090000.WAV,Telephone Field,recover-20220922,001,1795
420.0275,420.0706,68437,83689,Rhinolophus ferrumequinum,0.04,0.04,-1,Echolocation,/mnt/ubna_data_02_mir/recover-20220922/UBNA_001/20220921_090000.WAV,Telephone Field,recover-20220922,001,1795
420.0475,420.0592,28906,34941,Eptesicus serotinus,0.017,0.029,-1,Echolocation,/mnt/ubna_data_02_mir/recover-20220922/UBNA_001/20220921_090000.WAV,Telephone Field,recover-20220922,001,1795
420.0545,420.0936,68437,82373,Rhinolophus ferrumequinum,0.023,0.023,-1,Echolocation,/mnt/ubna_data_02_mir/recover-20220922/UBNA_001/20220921_090000.WAV,Telephone Field,recover-20220922,001,1795
420.0795,420.1213,68437,83059,Rhinolophus ferrumequinum,0.026,0.026,-1,Echolocation,/mnt/ubna_data_02_mir/recover-20220922/UBNA_001/20220921_090000.WAV,Telephone Field,recover-20220922,001,1795
420.1145,420.1506,68437,81239,Rhinolophus ferrumequinum,0.024,0.024,-1,Echolocation,/mnt/ubna_data_02_mir/recover-20220922/UBNA_001/20220921_090000.WAV,Telephone Field,recover-20220922,001,1795
420.1235,420.1295,48671,54752,Pipistrellus pipistrellus,0.025,0.026,-1,Echolocation,/mnt/ubna_data_02_mir/recover-20220922/UBNA_001/20220921_090000.WAV,Telephone Field,recover-20220922,001,1795
420.1695,420.2132,68437,82842,Rhinolophus ferrumequinum,0.031,0.031,-1,Echolocation,/mnt/ubna_data_02_mir/recover-20220922/UBNA_001/20220921_090000.WAV,Telephone Field,recover-20220922,001,1795
420.1995,420.2393,68437,81773,Rhinolophus ferrumequinum,0.023,0.023,-1,Echolocation,/mnt/ubna_data_02_mir/recover-20220922/UBNA_001/20220921_090000.WAV,Telephone Field,recover-20220922,001,1795
420.2255,420.2663,68437,82331,Rhinolophus ferrumequinum,0.022,0.022,-1,Echolocation,/mnt/ubna_data_02_mir/recover-20220922/UBNA_001/20220921_090000.WAV,Telephone Field,recover-20220922,001,1795
420.2305,420.2715,68437,82616,Rhinolophus ferrumequinum,0.022,0.022,-1,Echolocation,/mnt/ubna_data_02_mir/recover-20220922/UBNA_001/20220921_090000.WAV,Telephone Field,recover-20220922,001,1795
420.2485,420.2909,68437,82623,Rhinolophus ferrumequinum,0.032,0.032,-1,Echolocation,/mnt/ubna_data_02_mir/recover-20220922/UBNA_001/20220921_090000.WAV,Telephone Field,recover-20220922,001,1795
420.2695,420.3103,68437,83515,Rhinolophus ferrumequinum,0.026,0.026,-1,Echolocation,/mnt/ubna_data_02_mir/recover-20220922/UBNA_001/20220921_090000.WAV,Telephone Field,recover-20220922,001,1795
420.3185,420.3286,30625,37827,Eptesicus serotinus,0.006,0.021,-1,Echolocation,/mnt/ubna_data_02_mir/recover-20220922/UBNA_001/20220921_090000.WAV,Telephone Field,recover-20220922,001,1795
420.3185,420.3612,68437,82492,Rhinolophus ferrumequinum,0.038,0.038,-1,Echolocation,/mnt/ubna_data_02_mir/recover-20220922/UBNA_001/20220921_090000.WAV,Telephone Field,recover-20220922,001,1795
420.3335,420.3749,68437,82513,Rhinolophus ferrumequinum,0.023,0.023,-1,Echolocation,/mnt/ubna_data_02_mir/recover-20220922/UBNA_001/20220921_090000.WAV,Telephone Field,recover-20220922,001,1795
420.3755,420.4182,68437,82932,Rhinolophus ferrumequinum,0.043,0.043,-1,Echolocation,/mnt/ubna_data_02_mir/recover-20220922/UBNA_001/20220921_090000.WAV,Telephone Field,recover-20220922,001,1795
420.4305,420.4712,68437,82069,Rhinolophus ferrumequinum,0.026,0.026,-1,Echolocation,/mnt/ubna_data_02_mir/recover-20220922/UBNA_001/20220921_090000.WAV,Telephone Field,recover-20220922,001,1795
420.4365,420.444,28906,41844,Eptesicus serotinus,0.006,0.021,-1,Echolocation,/mnt/ubna_data_02_mir/recover-20220922/UBNA_001/20220921_090000.WAV,Telephone Field,recover-20220922,001,1795
420.4565,420.4944,68437,81748,Rhinolophus ferrumequinum,0.022,0.022,-1,Echolocation,/mnt/ubna_data_02_mir/recover-20220922/UBNA_001/20220921_090000.WAV,Telephone Field,recover-20220922,001,1795
420.4685,420.5082,68437,82401,Rhinolophus ferrumequinum,0.024,0.024,-1,Echolocation,/mnt/ubna_data_02_mir/recover-20220922/UBNA_001/20220921_090000.WAV,Telephone Field,recover-20220922,001,1795
420.5025,420.5422,68437,82053,Rhinolophus ferrumequinum,0.025,0.025,-1,Echolocation,/mnt/ubna_data_02_mir/recover-20220922/UBNA_001/20220921_090000.WAV,Telephone Field,recover-20220922,001,1795
420.5195,420.5317,23750,28947,Nyctalus leisleri,0.015,0.032,-1,Echolocation,/mnt/ubna_data_02_mir/recover-20220922/UBNA_001/20220921_090000.WAV,Telephone Field,recover-20220922,001,1795
420.5335,420.5734,68437,82114,Rhinolophus ferrumequinum,0.025,0.025,-1,Echolocation,/mnt/ubna_data_02_mir/recover-20220922/UBNA_001/20220921_090000.WAV,Telephone Field,recover-20220922,001,1795
420.5405,420.583,68437,83217,Rhinolophus ferrumequinum,0.026,0.026,-1,Echolocation,/mnt/ubna_data_02_mir/recover-20220922/UBNA_001/20220921_090000.WAV,Telephone Field,recover-20220922,001,1795
420.5555,420.5941,68437,81960,Rhinolophus ferrumequinum,0.021,0.021,-1,Echolocation,/mnt/ubna_data_02_mir/recover-20220922/UBNA_001/20220921_090000.WAV,Telephone Field,recover-20220922,001,1795
420.5725,420.5876,23750,28599,Nyctalus leisleri,0.017,0.033,-1,Echolocation,/mnt/ubna_data_02_mir/recover-20220922/UBNA_001/20220921_090000.WAV,Telephone Field,recover-20220922,001,1795
420.5885,420.6281,68437,82332,Rhinolophus ferrumequinum,0.022,0.022,-1,Echolocation,/mnt/ubna_data_02_mir/recover-20220922/UBNA_001/20220921_090000.WAV,Telephone Field,recover-20220922,001,1795
420.6005,420.6389,68437,81755,Rhinolophus ferrumequinum,0.022,0.022,-1,Echolocation,/mnt/ubna_data_02_mir/recover-20220922/UBNA_001/20220921_090000.WAV,Telephone Field,recover-20220922,001,1795
420.6305,420.6657,68437,81700,Rhinolophus ferrumequinum,0.021,0.022,-1,Echolocation,/mnt/ubna_data_02_mir/recover-20220922/UBNA_001/20220921_090000.WAV,Telephone Field,recover-20220922,001,1795
420.6435,420.6836,68437,82154,Rhinolophus ferrumequinum,0.024,0.024,-1,Echolocation,/mnt/ubna_data_02_mir/recover-20220922/UBNA_001/20220921_090000.WAV,Telephone Field,recover-20220922,001,1795
420.6835,420.7194,68437,81686,Rhinolophus ferrumequinum,0.022,0.022,-1,Echolocation,/mnt/ubna_data_02_mir/recover-20220922/UBNA_001/20220921_090000.WAV,Telephone Field,recover-20220922,001,1795
420.7055,420.7422,68437,82474,Rhinolophus ferrumequinum,0.024,0.024,-1,Echolocation,/mnt/ubna_data_02_mir/recover-20220922/UBNA_001/20220921_090000.WAV,Telephone Field,recover-20220922,001,1795
420.7065,420.7166,46953,50382,Pipistrellus pipistrellus,0.035,0.039,-1,Echolocation,/mnt/ubna_data_02_mir/recover-20220922/UBNA_001/20220921_090000.WAV,Telephone Field,recover-20220922,001,1795
420.7565,420.8006,68437,83076,Rhinolophus ferrumequinum,0.034,0.034,-1,Echolocation,/mnt/ubna_data_02_mir/recover-20220922/UBNA_001/20220921_090000.WAV,Telephone Field,recover-20220922,001,1795
420.7825,420.8236,68437,82871,Rhinolophus ferrumequinum,0.024,0.024,-1,Echolocation,/mnt/ubna_data_02_mir/recover-20220922/UBNA_001/20220921_090000.WAV,Telephone Field,recover-20220922,001,1795
420.7935,420.8374,68437,82990,Rhinolophus ferrumequinum,0.032,0.032,-1,Echolocation,/mnt/ubna_data_02_mir/recover-20220922/UBNA_001/20220921_090000.WAV,Telephone Field,recover-20220922,001,1795
420.8095,420.8508,68437,81858,Rhinolophus ferrumequinum,0.025,0.025,-1,Echolocation,/mnt/ubna_data_02_mir/recover-20220922/UBNA_001/20220921_090000.WAV,Telephone Field,recover-20220922,001,1795
420.8155,420.8548,68437,82853,Rhinolophus ferrumequinum,0.025,0.025,-1,Echolocation,/mnt/ubna_data_02_mir/recover-20220922/UBNA_001/20220921_090000.WAV,Telephone Field,recover-20220922,001,1795
420.8355,420.8442,27187,39369,Eptesicus serotinus,0.008,0.021,-1,Echolocation,/mnt/ubna_data_02_mir/recover-20220922/UBNA_001/20220921_090000.WAV,Telephone Field,recover-20220922,001,1795
420.8385,420.8457,36640,44117,Barbastellus barbastellus,0.008,0.023,-1,Echolocation,/mnt/ubna_data_02_mir/recover-20220922/UBNA_001/20220921_090000.WAV,Telephone Field,recover-20220922,001,1795
420.8725,420.9116,68437,82092,Rhinolophus ferrumequinum,0.022,0.022,-1,Echolocation,/mnt/ubna_data_02_mir/recover-20220922/UBNA_001/20220921_090000.WAV,Telephone Field,recover-20220922,001,1795
420.8795,420.9197,68437,82488,Rhinolophus ferrumequinum,0.022,0.022,-1,Echolocation,/mnt/ubna_data_02_mir/recover-20220922/UBNA_001/20220921_090000.WAV,Telephone Field,recover-20220922,001,1795
420.9415,420.9511,27187,35637,Eptesicus serotinus,0.009,0.021,-1,Echolocation,/mnt/ubna_data_02_mir/recover-20220922/UBNA_001/20220921_090000.WAV,Telephone Field,recover-20220922,001,1795
420.9615,421.0024,68437,82675,Rhinolophus ferrumequinum,0.026,0.026,-1,Echolocation,/mnt/ubna_data_02_mir/recover-20220922/UBNA_001/20220921_090000.WAV,Telephone Field,recover-20220922,001,1795
420.9745,421.0112,68437,81565,Rhinolophus ferrumequinum,0.022,0.022,-1,Echolocation,/mnt/ubna_data_02_mir/recover-20220922/UBNA_001/20220921_090000.WAV,Telephone Field,recover-20220922,001,1795
420.9855,420.9938,22890,30474,Plecotus austriacus,0.01,0.023,-1,Echolocation,/mnt/ubna_data_02_mir/recover-20220922/UBNA_001/20220921_090000.WAV,Telephone Field,recover-20220922,001,1795
421.0135,421.0552,68437,82887,Rhinolophus ferrumequinum,0.025,0.025,-1,Echolocation,/mnt/ubna_data_02_mir/recover-20220922/UBNA_001/20220921_090000.WAV,Telephone Field,recover-20220922,001,1795
421.0345,421.0429,22890,30167,Plecotus austriacus,0.009,0.021,-1,Echolocation,/mnt/ubna_data_02_mir/recover-20220922/UBNA_001/20220921_090000.WAV,Telephone Field,recover-20220922,001,1795
421.0385,421.0476,28906,38040,Eptesicus serotinus,0.009,0.022,-1,Echolocation,/mnt/ubna_data_02_mir/recover-20220922/UBNA_001/20220921_090000.WAV,Telephone Field,recover-20220922,001,1795
421.0495,421.0575,28906,37437,Eptesicus serotinus,0.008,0.024,-1,Echolocation,/mnt/ubna_data_02_mir/recover-20220922/UBNA_001/20220921_090000.WAV,Telephone Field,recover-20220922,001,1795
421.0515,421.0914,68437,82188,Rhinolophus ferrumequinum,0.025,0.025,-1,Echolocation,/mnt/ubna_data_02_mir/recover-20220922/UBNA_001/20220921_090000.WAV,Telephone Field,recover-20220922,001,1795
421.0945,421.1359,68437,82148,Rhinolophus ferrumequinum,0.035,0.035,-1,Echolocation,/mnt/ubna_data_02_mir/recover-20220922/UBNA_001/20220921_090000.WAV,Telephone Field,recover-20220922,001,1795
421.1125,421.1221,28906,35691,Eptesicus serotinus,0.039,0.063,-1,Echolocation,/mnt/ubna_data_02_mir/recover-20220922/UBNA_001/20220921_090000.WAV,Telephone Field,recover-20220922,001,1795
421.1395,421.1772,68437,82275,Rhinolophus ferrumequinum,0.024,0.024,-1,Echolocation,/mnt/ubna_data_02_mir/recover-20220922/UBNA_001/20220921_090000.WAV,Telephone Field,recover-20220922,001,1795
421.1515,421.1921,68437,82705,Rhinolophus ferrumequinum,0.025,0.025,-1,Echolocation,/mnt/ubna_data_02_mir/recover-20220922/UBNA_001/20220921_090000.WAV,Telephone Field,recover-20220922,001,1795
421.1835,421.1945,23750,28357,Nyctalus leisleri,0.013,0.025,-1,Echolocation,/mnt/ubna_data_02_mir/recover-20220922/UBNA_001/20220921_090000.WAV,Telephone Field,recover-20220922,001,1795
421.1885,421.2296,68437,82696,Rhinolophus ferrumequinum,0.027,0.027,-1,Echolocation,/mnt/ubna_data_02_mir/recover-20220922/UBNA_001/20220921_090000.WAV,Telephone Field,recover-20220922,001,1795
421.2195,421.2618,68437,83379,Rhinolophus ferrumequinum,0.031,0.031,-1,Echolocation,/mnt/ubna_data_02_mir/recover-20220922/UBNA_001/20220921_090000.WAV,Telephone Field,recover-20220922,001,1795
421.2455,421.2864,68437,82715,Rhinolophus ferrumequinum,0.026,0.026,-1,Echolocation,/mnt/ubna_data_02_mir/recover-20220922/UBNA_001/20220921_090000.WAV,Telephone Field,recover-20220922,001,1795
421.2755,421.3156,68437,82285,Rhinolophus ferrumequinum,0.021,0.021,-1,Echolocation,/mnt/ubna_data_02_mir/recover-20220922/UBNA_001/20220921_090000.WAV,Telephone Field,recover-20220922,001,1795
421.2805,421.3213,68437,82072,Rhinolophus ferrumequinum,0.021,0.021,-1,Echolocation,/mnt/ubna_data_02_mir/recover-20220922/UBNA_001/20220921_090000.WAV,Telephone Field,recover-20220922,001,1795
421.3005,421.3383,68437,81659,Rhinolophus ferrumequinum,0.024,0.024,-1,Echolocation,/mnt/ubna_data_02_mir/recover-20220922/UBNA_001/20220921_090000.WAV,Telephone Field,recover-20220922,001,1795
421.3105,421.3204,22031,27524,Nyctalus leisleri,0.009,0.023,-1,Echolocation,/mnt/ubna_data_02_mir/recover-20220922/UBNA_001/20220921_090000.WAV,Telephone Field,recover-20220922,001,1795
421.3615,421.3746,25468,30514,Nyctalus leisleri,0.013,0.03,-1,Echolocation,/mnt/ubna_data_02_mir/recover-20220922/UBNA_001/20220921_090000.WAV,Telephone Field,recover-20220922,001,1795
421.3715,421.3819,24609,31492,Nyctalus leisleri,0.008,0.023,-1,Echolocation,/mnt/ubna_data_02_mir/recover-20220922/UBNA_001/20220921_090000.WAV,Telephone Field,recover-20220922,001,1795
421.3905,421.3981,49531,54083,Pipistrellus pipistrellus,0.022,0.025,-1,Echolocation,/mnt/ubna_data_02_mir/recover-20220922/UBNA_001/20220921_090000.WAV,Telephone Field,recover-20220922,001,1795
421.3905,421.4345,68437,83683,Rhinolophus ferrumequinum,0.037,0.037,-1,Echolocation,/mnt/ubna_data_02_mir/recover-20220922/UBNA_001/20220921_090000.WAV,Telephone Field,recover-20220922,001,1795
421.3935,421.404,24609,31634,Eptesicus serotinus,0.007,0.022,-1,Echolocation,/mnt/ubna_data_02_mir/recover-20220922/UBNA_001/20220921_090000.WAV,Telephone Field,recover-20220922,001,1795
421.4015,421.4365,68437,81326,Rhinolophus ferrumequinum,0.023,0.023,-1,Echolocation,/mnt/ubna_data_02_mir/recover-20220922/UBNA_001/20220921_090000.WAV,Telephone Field,recover-20220922,001,1795
421.4255,421.4667,68437,82462,Rhinolophus ferrumequinum,0.026,0.026,-1,Echolocation,/mnt/ubna_data_02_mir/recover-20220922/UBNA_001/20220921_090000.WAV,Telephone Field,recover-20220922,001,1795
421.4275,421.4365,27187,34703,Eptesicus serotinus,0.037,0.068,-1,Echolocation,/mnt/ubna_data_02_mir/recover-20220922/UBNA_001/20220921_090000.WAV,Telephone Field,recover-20220922,001,1795
421.4485,421.4887,68437,82558,Rhinolophus ferrumequinum,0.022,0.022,-1,Echolocation,/mnt/ubna_data_02_mir/recover-20220922/UBNA_001/20220921_090000.WAV,Telephone Field,recover-20220922,001,1795
421.4635,421.5031,68437,81925,Rhinolophus ferrumequinum,0.026,0.026,-1,Echolocation,/mnt/ubna_data_02_mir/recover-20220922/UBNA_001/20220921_090000.WAV,Telephone Field,recover-20220922,001,1795
421.4765,421.5175,68437,82155,Rhinolophus ferrumequinum,0.022,0.022,-1,Echolocation,/mnt/ubna_data_02_mir/recover-20220922/UBNA_001/20220921_090000.WAV,Telephone Field,recover-20220922,001,1795
421.4985,421.5415,68437,82992,Rhinolophus ferrumequinum,0.026,0.026,-1,Echolocation,/mnt/ubna_data_02_mir/recover-20220922/UBNA_001/20220921_090000.WAV,Telephone Field,recover-20220922,001,1795
421.5295,421.572,68437,83219,Rhinolophus ferrumequinum,0.034,0.034,-1,Echolocation,/mnt/ubna_data_02_mir/recover-20220922/UBNA_001/20220921_090000.WAV,Telephone Field,recover-20220922,001,1795
421.5375,421.5487,22031,26447,Nyctalus leisleri,0.011,0.022,-1,Echolocation,/mnt/ubna_data_02_mir/recover-20220922/UBNA_001/20220921_090000.WAV,Telephone Field,recover-20220922,001,1795
421.5675,421.5752,54687,62545,Pipistrellus pygmaeus,0.021,0.022,-1,Echolocation,/mnt/ubna_data_02_mir/recover-20220922/UBNA_001/20220921_090000.WAV,Telephone Field,recover-20220922,001,1795
421.5685,421.6093,68437,82783,Rhinolophus ferrumequinum,0.029,0.029,-1,Echolocation,/mnt/ubna_data_02_mir/recover-20220922/UBNA_001/20220921_090000.WAV,Telephone Field,recover-20220922,001,1795
421.5785,421.6175,68437,82224,Rhinolophus ferrumequinum,0.029,0.029,-1,Echolocation,/mnt/ubna_data_02_mir/recover-20220922/UBNA_001/20220921_090000.WAV,Telephone Field,recover-20220922,001,1795
421.5865,421.5968,23750,30355,Nyctalus leisleri,0.008,0.023,-1,Echolocation,/mnt/ubna_data_02_mir/recover-20220922/UBNA_001/20220921_090000.WAV,Telephone Field,recover-20220922,001,1795
421.6205,421.6535,68437,79776,Rhinolophus ferrumequinum,0.032,0.032,-1,Echolocation,/mnt/ubna_data_02_mir/recover-20220922/UBNA_001/20220921_090000.WAV,Telephone Field,recover-20220922,001,1795
421.6415,421.6813,68437,82247,Rhinolophus ferrumequinum,0.022,0.022,-1,Echolocation,/mnt/ubna_data_02_mir/recover-20220922/UBNA_001/20220921_090000.WAV,Telephone Field,recover-20220922,001,1795
421.6685,421.7079,68437,82187,Rhinolophus ferrumequinum,0.026,0.026,-1,Echolocation,/mnt/ubna_data_02_mir/recover-20220922/UBNA_001/20220921_090000.WAV,Telephone Field,recover-20220922,001,1795
421.6945,421.7306,68437,81804,Rhinolophus ferrumequinum,0.025,0.025,-1,Echolocation,/mnt/ubna_data_02_mir/recover-20220922/UBNA_001/20220921_090000.WAV,Telephone Field,recover-20220922,001,1795
421.7015,421.735,68437,80564,Rhinolophus ferrumequinum,0.021,0.021,-1,Echolocation,/mnt/ubna_data_02_mir/recover-20220922/UBNA_001/20220921_090000.WAV,Telephone Field,recover-20220922,001,1795
421.7085,421.7451,68437,81426,Rhinolophus ferrumequinum,0.022,0.022,-1,Echolocation,/mnt/ubna_data_02_mir/recover-20220922/UBNA_001/20220921_090000.WAV,Telephone Field,recover-20220922,001,1795
421.7175,421.7575,68437,82940,Rhinolophus ferrumequinum,0.022,0.022,-1,Echolocation,/mnt/ubna_data_02_mir/recover-20220922/UBNA_001/20220921_090000.WAV,Telephone Field,recover-20220922,001,1795
421.7245,421.7642,68437,82505,Rhinolophus ferrumequinum,0.021,0.021,-1,Echolocation,/mnt/ubna_data_02_mir/recover-20220922/UBNA_001/20220921_090000.WAV,Telephone Field,recover-20220922,001,1795
421.7525,421.7631,28906,36650,Eptesicus serotinus,0.009,0.023,-1,Echolocation,/mnt/ubna_data_02_mir/recover-20220922/UBNA_001/20220921_090000.WAV,Telephone Field,recover-20220922,001,1795
421.7535,421.7908,68437,81957,Rhinolophus ferrumequinum,0.021,0.021,-1,Echolocation,/mnt/ubna_data_02_mir/recover-20220922/UBNA_001/20220921_090000.WAV,Telephone Field,recover-20220922,001,1795
421.7575,421.7724,15156,20121,Nyctalus noctula,0.02,0.029,-1,Echolocation,/mnt/ubna_data_02_mir/recover-20220922/UBNA_001/20220921_090000.WAV,Telephone Field,recover-20220922,001,1795
421.7705,421.8076,68437,81082,Rhinolophus ferrumequinum,0.022,0.022,-1,Echolocation,/mnt/ubna_data_02_mir/recover-20220922/UBNA_001/20220921_090000.WAV,Telephone Field,recover-20220922,001,1795
421.7775,421.785,29765,41101,Eptesicus serotinus,0.007,0.025,-1,Echolocation,/mnt/ubna_data_02_mir/recover-20220922/UBNA_001/20220921_090000.WAV,Telephone Field,recover-20220922,001,1795
421.7915,421.8338,68437,83078,Rhinolophus ferrumequinum,0.036,0.036,-1,Echolocation,/mnt/ubna_data_02_mir/recover-20220922/UBNA_001/20220921_090000.WAV,Telephone Field,recover-20220922,001,1795
421.8135,421.8224,23750,31843,Eptesicus serotinus,0.009,0.036,-1,Echolocation,/mnt/ubna_data_02_mir/recover-20220922/UBNA_001/20220921_090000.WAV,Telephone Field,recover-20220922,001,1795
421.8335,421.8715,68437,81600,Rhinolophus ferrumequinum,0.025,0.025,-1,Echolocation,/mnt/ubna_data_02_mir/recover-20220922/UBNA_001/20220921_090000.WAV,Telephone Field,recover-20220922,001,1795
421.8755,421.9164,68437,82370,Rhinolophus ferrumequinum,0.022,0.022,-1,Echolocation,/mnt/ubna_data_02_mir/recover-20220922/UBNA_001/20220921_090000.WAV,Telephone Field,recover-20220922,001,1795
421.8875,421.8969,24609,32660,Nyctalus leisleri,0.007,0.027,-1,Echolocation,/mnt/ubna_data_02_mir/recover-20220922/UBNA_001/20220921_090000.WAV,Telephone Field,recover-20220922,001,1795
421.9075,421.9466,68437,82438,Rhinolophus ferrumequinum,0.022,0.022,-1,Echolocation,/mnt/ubna_data_02_mir/recover-20220922/UBNA_001/20220921_090000.WAV,Telephone Field,recover-20220922,001,1795
421.9225,421.9612,68437,82377,Rhinolophus ferrumequinum,0.023,0.023,-1,Echolocation,/mnt/ubna_data_02_mir/recover-20220922/UBNA_001/20220921_090000.WAV,Telephone Field,recover-20220922,001,1795
421.9335,421.9705,68437,82157,Rhinolophus ferrumequinum,0.023,0.023,-1,Echolocation,/mnt/ubna_data_02_mir/recover-20220922/UBNA_001/20220921_090000.WAV,Telephone Field,recover-20220922,001,1795
421.9785,421.9875,28046,36018,Eptesicus serotinus,0.008,0.021,-1,Echolocation,/mnt/ubna_data_02_mir/recover-20220922/UBNA_001/20220921_090000.WAV,Telephone Field,recover-20220922,001,1795
422.0015,422.0345,68437,80278,Rhinolophus ferrumequinum,0.054,0.054,-1,Echolocation,/mnt/ubna_data_02_mir/recover-20220922/UBNA_001/20220921_090000.WAV,Telephone Field,recover-20220922,001,1795
422.0015,422.0081,47812,52156,Pipistrellus pipistrellus,0.023,0.03,-1,Echolocation,/mnt/ubna_data_02_mir/recover-20220922/UBNA_001/20220921_090000.WAV,Telephone Field,recover-20220922,001,1795
422.0015,422.0113,26328,33657,Nyctalus leisleri,0.015,0.038,-1,Echolocation,/mnt/ubna_data_02_mir/recover-20220922/UBNA_001/20220921_090000.WAV,Telephone Field,recover-20220922,001,1795
422.0085,422.0534,68437,83028,Rhinolophus ferrumequinum,0.037,0.037,-1,Echolocation,/mnt/ubna_data_02_mir/recover-20220922/UBNA_001/20220921_090000.WAV,Telephone Field,recover-20220922,001,1795
422.0445,422.082,68437,81248,Rhinolophus ferrumequinum,0.023,0.023,-1,Echolocation,/mnt/ubna_data_02_mir/recover-20220922/UBNA_001/20220921_090000.WAV,Telephone Field,recover-20220922,001,1795
422.0505,422.0851,68437,81133,Rhinolophus ferrumequinum,0.023,0.023,-1,Echolocation,/mnt/ubna_data_02_mir/recover-20220922/UBNA_001/20220921_090000.WAV,Telephone Field,recover-20220922,001,1795
422.0785,422.0901,28046,35149,Eptesicus serotinus,0.011,0.025,-1,Echolocation,/mnt/ubna_data_02_mir/recover-20220922/UBNA_001/20220921_090000.WAV,Telephone Field,recover-20220922,001,1795
422.0915,422.1346,68437,82974,Rhinolophus ferrumequinum,0.04,0.04,-1,Echolocation,/mnt/ubna_data_02_mir/recover-20220922/UBNA_001/20220921_090000.WAV,Telephone Field,recover-20220922,001,1795
422.1235,422.1319,24609,33263,Plecotus austriacus,0.006,0.022,-1,Echolocation,/mnt/ubna_data_02_mir/recover-20220922/UBNA_001/20220921_090000.WAV,Telephone Field,recover-20220922,001,1795
422.1285,422.168,68437,82161,Rhinolophus ferrumequinum,0.03,0.03,-1,Echolocation,/mnt/ubna_data_02_mir/recover-20220922/UBNA_001/20220921_090000.WAV,Telephone Field,recover-20220922,001,1795
422.1625,422.2033,68437,82747,Rhinolophus ferrumequinum,0.022,0.022,-1,Echolocation,/mnt/ubna_data_02_mir/recover-20220922/UBNA_001/20220921_090000.WAV,Telephone Field,recover-20220922,001,1795
422.1735,422.1833,22890,29688,Nyctalus leisleri,0.009,0.025,-1,Echolocation,/mnt/ubna_data_02_mir/recover-20220922/UBNA_001/20220921_090000.WAV,Telephone Field,recover-20220922,001,1795
422.1865,422.2309,68437,83413,Rhinolophus ferrumequinum,0.045,0.045,-1,Echolocation,/mnt/ubna_data_02_mir/recover-20220922/UBNA_001/20220921_090000.WAV,Telephone Field,recover-20220922,001,1795
422.2065,422.2154,26328,34894,Eptesicus serotinus,0.012,0.033,-1,Echolocation,/mnt/ubna_data_02_mir/recover-20220922/UBNA_001/20220921_090000.WAV,Telephone Field,recover-20220922,001,1795
422.2095,422.249,68437,82488,Rhinolophus ferrumequinum,0.024,0.025,-1,Echolocation,/mnt/ubna_data_02_mir/recover-20220922/UBNA_001/20220921_090000.WAV,Telephone Field,recover-20220922,001,1795
422.2505,422.2885,68437,81641,Rhinolophus ferrumequinum,0.025,0.025,-1,Echolocation,/mnt/ubna_data_02_mir/recover-20220922/UBNA_001/20220921_090000.WAV,Telephone Field,recover-20220922,001,1795
422.2875,422.3282,68437,82290,Rhinolophus ferrumequinum,0.025,0.025,-1,Echolocation,/mnt/ubna_data_02_mir/recover-20220922/UBNA_001/20220921_090000.WAV,Telephone Field,recover-20220922,001,1795
422.3045,422.3452,68437,82430,Rhinolophus ferrumequinum,0.029,0.029,-1,Echolocation,/mnt/ubna_data_02_mir/recover-20220922/UBNA_001/20220921_090000.WAV,Telephone Field,recover-20220922,001,1795
422.3305,422.3624,68437,80058,Rhinolophus ferrumequinum,0.022,0.022,-1,Echolocation,/mnt/ubna_data_02_mir/recover-20220922/UBNA_001/20220921_090000.WAV,Telephone Field,recover-20220922,001,1795
422.3525,422.3628,22031,26850,Nyctalus leisleri,0.01,0.023,-1,Echolocation,/mnt/ubna_data_02_mir/recover-20220922/UBNA_001/20220921_090000.WAV,Telephone Field,recover-20220922,001,1795
422.3675,422.4023,68437,80523,Rhinolophus ferrumequinum,0.026,0.026,-1,Echolocation,/mnt/ubna_data_02_mir/recover-20220922/UBNA_001/20220921_090000.WAV,Telephone Field,recover-20220922,001,1795
422.3845,422.3959,23750,29217,Nyctalus leisleri,0.015,0.031,-1,Echolocation,/mnt/ubna_data_02_mir/recover-20220922/UBNA_001/20220921_090000.WAV,Telephone Field,recover-20220922,001,1795
422.4075,422.416,25468,34516,Eptesicus serotinus,0.008,0.023,-1,Echolocation,/mnt/ubna_data_02_mir/recover-20220922/UBNA_001/20220921_090000.WAV,Telephone Field,recover-20220922,001,1795
422.4155,422.4594,68437,82981,Rhinolophus ferrumequinum,0.029,0.029,-1,Echolocation,/mnt/ubna_data_02_mir/recover-20220922/UBNA_001/20220921_090000.WAV,Telephone Field,recover-20220922,001,1795
422.4225,422.4322,28906,37693,Eptesicus serotinus,0.009,0.022,-1,Echolocation,/mnt/ubna_data_02_mir/recover-20220922/UBNA_001/20220921_090000.WAV,Telephone Field,recover-20220922,001,1795
422.4875,422.5284,68437,82830,Rhinolophus ferrumequinum,0.024,0.024,-1,Echolocation,/mnt/ubna_data_02_mir/recover-20220922/UBNA_001/20220921_090000.WAV,Telephone Field,recover-20220922,001,1795
422.4935,422.5121,20312,23258,Nyctalus leisleri,0.015,0.024,-1,Echolocation,/mnt/ubna_data_02_mir/recover-20220922/UBNA_001/20220921_090000.WAV,Telephone Field,recover-20220922,001,1795
422.4975,422.5405,68437,83001,Rhinolophus ferrumequinum,0.027,0.027,-1,Echolocation,/mnt/ubna_data_02_mir/recover-20220922/UBNA_001/20220921_090000.WAV,Telephone Field,recover-20220922,001,1795
422.5265,422.5432,43515,47038,Pipistrellus pipistrellus,0.081,0.094,-1,Echolocation,/mnt/ubna_data_02_mir/recover-20220922/UBNA_001/20220921_090000.WAV,Telephone Field,recover-20220922,001,1795
422.5575,422.5965,68437,81717,Rhinolophus ferrumequinum,0.023,0.023,-1,Echolocation,/mnt/ubna_data_02_mir/recover-20220922/UBNA_001/20220921_090000.WAV,Telephone Field,recover-20220922,001,1795
422.5655,422.6069,68437,82797,Rhinolophus ferrumequinum,0.028,0.028,-1,Echolocation,/mnt/ubna_data_02_mir/recover-20220922/UBNA_001/20220921_090000.WAV,Telephone Field,recover-20220922,001,1795
422.5685,422.5765,28906,37876,Eptesicus serotinus,0.007,0.023,-1,Echolocation,/mnt/ubna_data_02_mir/recover-20220922/UBNA_001/20220921_090000.WAV,Telephone Field,recover-20220922,001,1795
422.5895,422.6269,68437,81665,Rhinolophus ferrumequinum,0.025,0.025,-1,Echolocation,/mnt/ubna_data_02_mir/recover-20220922/UBNA_001/20220921_090000.WAV,Telephone Field,recover-20220922,001,1795
422.6155,422.6551,68437,82187,Rhinolophus ferrumequinum,0.027,0.027,-1,Echolocation,/mnt/ubna_data_02_mir/recover-20220922/UBNA_001/20220921_090000.WAV,Telephone Field,recover-20220922,001,1795
422.6535,422.6654,50390,54806,Pipistrellus pipistrellus,0.021,0.024,-1,Echolocation,/mnt/ubna_data_02_mir/recover-20220922/UBNA_001/20220921_090000.WAV,Telephone Field,recover-20220922,001,1795
422.6595,422.7018,68437,82557,Rhinolophus ferrumequinum,0.037,0.037,-1,Echolocation,/mnt/ubna_data_02_mir/recover-20220922/UBNA_001/20220921_090000.WAV,Telephone Field,recover-20220922,001,1795
422.6615,422.6724,25468,32064,Eptesicus serotinus,0.01,0.024,-1,Echolocation,/mnt/ubna_data_02_mir/recover-20220922/UBNA_001/20220921_090000.WAV,Telephone Field,recover-20220922,001,1795
422.6865,422.7265,68437,82487,Rhinolophus ferrumequinum,0.024,0.024,-1,Echolocation,/mnt/ubna_data_02_mir/recover-20220922/UBNA_001/20220921_090000.WAV,Telephone Field,recover-20220922,001,1795
422.7115,422.7505,68437,81367,Rhinolophus ferrumequinum,0.033,0.033,-1,Echolocation,/mnt/ubna_data_02_mir/recover-20220922/UBNA_001/20220921_090000.WAV,Telephone Field,recover-20220922,001,1795
422.7245,422.7314,28046,41364,Eptesicus serotinus,0.006,0.022,-1,Echolocation,/mnt/ubna_data_02_mir/recover-20220922/UBNA_001/20220921_090000.WAV,Telephone Field,recover-20220922,001,1795
422.7405,422.7504,22031,27228,Nyctalus leisleri,0.009,0.022,-1,Echolocation,/mnt/ubna_data_02_mir/recover-20220922/UBNA_001/20220921_090000.WAV,Telephone Field,recover-20220922,001,1795
422.7435,422.7857,68437,82740,Rhinolophus ferrumequinum,0.028,0.028,-1,Echolocation,/mnt/ubna_data_02_mir/recover-20220922/UBNA_001/20220921_090000.WAV,Telephone Field,recover-20220922,001,1795
422.7655,422.7762,25468,31893,Eptesicus serotinus,0.008,0.022,-1,Echolocation,/mnt/ubna_data_02_mir/recover-20220922/UBNA_001/20220921_090000.WAV,Telephone Field,recover-20220922,001,1795
422.7665,422.805,68437,81687,Rhinolophus ferrumequinum,0.025,0.025,-1,Echolocation,/mnt/ubna_data_02_mir/recover-20220922/UBNA_001/20220921_090000.WAV,Telephone Field,recover-20220922,001,1795
422.7915,422.8287,68437,81870,Rhinolophus ferrumequinum,0.023,0.023,-1,Echolocation,/mnt/ubna_data_02_mir/recover-20220922/UBNA_001/20220921_090000.WAV,Telephone Field,recover-20220922,001,1795
422.8135,422.8608,68437,84103,Rhinolophus ferrumequinum,0.074,0.074,-1,Echolocation,/mnt/ubna_data_02_mir/recover-20220922/UBNA_001/20220921_090000.WAV,Telephone Field,recover-20220922,001,1795
422.8145,422.831,22890,27509,Nyctalus leisleri,0.027,0.049,-1,Echolocation,/mnt/ubna_data_02_mir/recover-20220922/UBNA_001/20220921_090000.WAV,Telephone Field,recover-20220922,001,1795
422.8485,422.8576,26328,35274,Eptesicus serotinus,0.008,0.022,-1,Echolocation,/mnt/ubna_data_02_mir/recover-20220922/UBNA_001/20220921_090000.WAV,Telephone Field,recover-20220922,001,1795
422.8675,422.9048,68437,81640,Rhinolophus ferrumequinum,0.031,0.031,-1,Echolocation,/mnt/ubna_data_02_mir/recover-20220922/UBNA_001/20220921_090000.WAV,Telephone Field,recover-20220922,001,1795
422.8705,422.8851,21171,25158,Nyctalus leisleri,0.018,0.032,-1,Echolocation,/mnt/ubna_data_02_mir/recover-20220922/UBNA_001/20220921_090000.WAV,Telephone Field,recover-20220922,001,1795
422.9215,422.9593,68437,81156,Rhinolophus ferrumequinum,0.023,0.023,-1,Echolocation,/mnt/ubna_data_02_mir/recover-20220922/UBNA_001/20220921_090000.WAV,Telephone Field,recover-20220922,001,1795
422.9515,422.9924,68437,82466,Rhinolophus ferrumequinum,0.023,0.023,-1,Echolocation,/mnt/ubna_data_02_mir/recover-20220922/UBNA_001/20220921_090000.WAV,Telephone Field,recover-20220922,001,1795
422.9625,423.0031,68437,82698,Rhinolophus ferrumequinum,0.025,0.025,-1,Echolocation,/mnt/ubna_data_02_mir/recover-20220922/UBNA_001/20220921_090000.WAV,Telephone Field,recover-20220922,001,1795
422.9875,423.0267,68437,82582,Rhinolophus ferrumequinum,0.024,0.024,-1,Echolocation,/mnt/ubna_data_02_mir/recover-20220922/UBNA_001/20220921_090000.WAV,Telephone Field,recover-20220922,001,1795
423.0025,423.0419,68437,82225,Rhinolophus ferrumequinum,0.022,0.022,-1,Echolocation,/mnt/ubna_data_02_mir/recover-20220922/UBNA_001/20220921_090000.WAV,Telephone Field,recover-20220922,001,1795
423.0085,423.0477,68437,82138,Rhinolophus ferrumequinum,0.021,0.022,-1,Echolocation,/mnt/ubna_data_02_mir/recover-20220922/UBNA_001/20220921_090000.WAV,Telephone Field,recover-20220922,001,1795
423.0255,423.0654,68437,82480,Rhinolophus ferrumequinum,0.022,0.022,-1,Echolocation,/mnt/ubna_data_02_mir/recover-20220922/UBNA_001/20220921_090000.WAV,Telephone Field,recover-20220922,001,1795
423.0885,423.1266,68437,81374,Rhinolophus ferrumequinum,0.026,0.026,-1,Echolocation,/mnt/ubna_data_02_mir/recover-20220922/UBNA_001/20220921_090000.WAV,Telephone Field,recover-20220922,001,1795
423.1195,423.1528,68437,79846,Rhinolophus ferrumequinum,0.022,0.022,-1,Echolocation,/mnt/ubna_data_02_mir/recover-20220922/UBNA_001/20220921_090000.WAV,Telephone Field,recover-20220922,001,1795
423.1505,423.1877,68437,81685,Rhinolophus ferrumequinum,0.022,0.022,-1,Echolocation,/mnt/ubna_data_02_mir/recover-20220922/UBNA_001/20220921_090000.WAV,Telephone Field,recover-20220922,001,1795
423.1575,423.194,68437,81103,Rhinolophus ferrumequinum,0.022,0.022,-1,Echolocation,/mnt/ubna_data_02_mir/recover-20220922/UBNA_001/20220921_090000.WAV,Telephone Field,recover-20220922,001,1795
423.1665,423.2013,68437,81022,Rhinolophus ferrumequinum,0.022,0.022,-1,Echolocation,/mnt/ubna_data_02_mir/recover-20220922/UBNA_001/20220921_090000.WAV,Telephone Field,recover-20220922,001,1795
423.1695,423.1798,23750,29567,Nyctalus leisleri,0.011,0.026,-1,Echolocation,/mnt/ubna_data_02_mir/recover-20220922/UBNA_001/20220921_090000.WAV,Telephone Field,recover-20220922,001,1795
423.1835,423.2221,68437,82388,Rhinolophus ferrumequinum,0.025,0.025,-1,Echolocation,/mnt/ubna_data_02_mir/recover-20220922/UBNA_001/20220921_090000.WAV,Telephone Field,recover-20220922,001,1795
423.2245,423.2671,68437,82868,Rhinolophus ferrumequinum,0.032,0.032,-1,Echolocation,/mnt/ubna_data_02_mir/recover-20220922/UBNA_001/20220921_090000.WAV,Telephone Field,recover-20220922,001,1795
423.2415,423.251,28046,37411,Eptesicus serotinus,0.009,0.022,-1,Echolocation,/mnt/ubna_data_02_mir/recover-20220922/UBNA_001/20220921_090000.WAV,Telephone Field,recover-20220922,001,1795
423.2515,423.2593,28046,41161,Eptesicus serotinus,0.007,0.026,-1,Echolocation,/mnt/ubna_data_02_mir/recover-20220922/UBNA_001/20220921_090000.WAV,Telephone Field,recover-20220922,001,1795
423.2555,423.2952,68437,82221,Rhinolophus ferrumequinum,0.028,0.028,-1,Echolocation,/mnt/ubna_data_02_mir/recover-20220922/UBNA_001/20220921_090000.WAV,Telephone Field,recover-20220922,001,1795
423.2845,423.2953,22890,28129,Nyctalus leisleri,0.013,0.027,-1,Echolocation,/mnt/ubna_data_02_mir/recover-20220922/UBNA_001/20220921_090000.WAV,Telephone Field,recover-20220922,001,1795
423.2865,423.3243,68437,81546,Rhinolophus ferrumequinum,0.022,0.022,-1,Echolocation,/mnt/ubna_data_02_mir/recover-20220922/UBNA_001/20220921_090000.WAV,Telephone Field,recover-20220922,001,1795
423.3125,423.3234,36640,41552,Barbastellus barbastellus,0.006,0.025,-1,Echolocation,/mnt/ubna_data_02_mir/recover-20220922/UBNA_001/20220921_090000.WAV,Telephone Field,recover-20220922,001,1795
423.3235,423.334,22031,26898,Nyctalus leisleri,0.009,0.022,-1,Echolocation,/mnt/ubna_data_02_mir/recover-20220922/UBNA_001/20220921_090000.WAV,Telephone Field,recover-20220922,001,1795
423.3415,423.38,68437,81610,Rhinolophus ferrumequinum,0.022,0.022,-1,Echolocation,/mnt/ubna_data_02_mir/recover-20220922/UBNA_001/20220921_090000.WAV,Telephone Field,recover-20220922,001,1795
423.3515,423.3915,68437,82702,Rhinolophus ferrumequinum,0.026,0.026,-1,Echolocation,/mnt/ubna_data_02_mir/recover-20220922/UBNA_001/20220921_090000.WAV,Telephone Field,recover-20220922,001,1795
423.3925,423.4308,68437,81885,Rhinolophus ferrumequinum,0.024,0.024,-1,Echolocation,/mnt/ubna_data_02_mir/recover-20220922/UBNA_001/20220921_090000.WAV,Telephone Field,recover-20220922,001,1795
423.4295,423.4384,23750,30966,Plecotus austriacus,0.007,0.022,-1,Echolocation,/mnt/ubna_data_02_mir/recover-20220922/UBNA_001/20220921_090000.WAV,Telephone Field,recover-20220922,001,1795
423.4335,423.4703,68437,81754,Rhinolophus ferrumequinum,0.022,0.022,-1,Echolocation,/mnt/ubna_data_02_mir/recover-20220922/UBNA_001/20220921_090000.WAV,Telephone Field,recover-20220922,001,1795
423.4465,423.4885,68437,82327,Rhinolophus ferrumequinum,0.022,0.022,-1,Echolocation,/mnt/ubna_data_02_mir/recover-20220922/UBNA_001/20220921_090000.WAV,Telephone Field,recover-20220922,001,1795
423.4515,423.4903,68437,82111,Rhinolophus ferrumequinum,0.022,0.022,-1,Echolocation,/mnt/ubna_data_02_mir/recover-20220922/UBNA_001/20220921_090000.WAV,Telephone Field,recover-20220922,001,1795
423.4675,423.4879,19453,22206,Nyctalus leisleri,0.016,0.031,-1,Echolocation,/mnt/ubna_data_02_mir/recover-20220922/UBNA_001/20220921_090000.WAV,Telephone Field,recover-20220922,001,1795
423.5065,423.5144,28906,38227,Eptesicus serotinus,0.008,0.022,-1,Echolocation,/mnt/ubna_data_02_mir/recover-20220922/UBNA_001/20220921_090000.WAV,Telephone Field,recover-20220922,001,1795
423.5075,423.5436,68437,81761,Rhinolophus ferrumequinum,0.029,0.029,-1,Echolocation,/mnt/ubna_data_02_mir/recover-20220922/UBNA_001/20220921_090000.WAV,Telephone Field,recover-20220922,001,1795
423.5335,423.5739,68437,82279,Rhinolophus ferrumequinum,0.028,0.028,-1,Echolocation,/mnt/ubna_data_02_mir/recover-20220922/UBNA_001/20220921_090000.WAV,Telephone Field,recover-20220922,001,1795
423.5535,423.592,68437,82106,Rhinolophus ferrumequinum,0.022,0.022,-1,Echolocation,/mnt/ubna_data_02_mir/recover-20220922/UBNA_001/20220921_090000.WAV,Telephone Field,recover-20220922,001,1795
423.5975,423.6363,68437,82854,Rhinolophus ferrumequinum,0.034,0.034,-1,Echolocation,/mnt/ubna_data_02_mir/recover-20220922/UBNA_001/20220921_090000.WAV,Telephone Field,recover-20220922,001,1795
423.6125,423.6544,68437,82711,Rhinolophus ferrumequinum,0.023,0.023,-1,Echolocation,/mnt/ubna_data_02_mir/recover-20220922/UBNA_001/20220921_090000.WAV,Telephone Field,recover-20220922,001,1795
423.6425,423.6802,68437,82256,Rhinolophus ferrumequinum,0.022,0.022,-1,Echolocation,/mnt/ubna_data_02_mir/recover-20220922/UBNA_001/20220921_090000.WAV,Telephone Field,recover-20220922,001,1795
423.6525,423.6932,68437,82404,Rhinolophus ferrumequinum,0.027,0.027,-1,Echolocation,/mnt/ubna_data_02_mir/recover-20220922/UBNA_001/20220921_090000.WAV,Telephone Field,recover-20220922,001,1795
423.6605,423.7007,68437,82590,Rhinolophus ferrumequinum,0.022,0.022,-1,Echolocation,/mnt/ubna_data_02_mir/recover-20220922/UBNA_001/20220921_090000.WAV,Telephone Field,recover-20220922,001,1795
423.6865,423.7276,68437,82810,Rhinolophus ferrumequinum,0.023,0.023,-1,Echolocation,/mnt/ubna_data_02_mir/recover-20220922/UBNA_001/20220921_090000.WAV,Telephone Field,recover-20220922,001,1795
423.7015,423.7415,68437,82427,Rhinolophus ferrumequinum,0.025,0.025,-1,Echolocation,/mnt/ubna_data_02_mir/recover-20220922/UBNA_001/20220921_090000.WAV,Telephone Field,recover-20220922,001,1795
423.7625,423.8001,68437,81852,Rhinolophus ferrumequinum,0.022,0.022,-1,Echolocation,/mnt/ubna_data_02_mir/recover-20220922/UBNA_001/20220921_090000.WAV,Telephone Field,recover-20220922,001,1795
423.7735,423.7839,22890,28129,Nyctalus leisleri,0.01,0.023,-1,Echolocation,/mnt/ubna_data_02_mir/recover-20220922/UBNA_001/20220921_090000.WAV,Telephone Field,recover-20220922,001,1795
423.7965,423.8101,44375,47068,Pipistrellus pipistrellus,0.067,0.073,-1,Echolocation,/mnt/ubna_data_02_mir/recover-20220922/UBNA_001/20220921_090000.WAV,Telephone Field,recover-20220922,001,1795
423.8325,423.8719,68437,82622,Rhinolophus ferrumequinum,0.022,0.022,-1,Echolocation,/mnt/ubna_data_02_mir/recover-20220922/UBNA_001/20220921_090000.WAV,Telephone Field,recover-20220922,001,1795
423.8485,423.8865,68437,81800,Rhinolophus ferrumequinum,0.024,0.024,-1,Echolocation,/mnt/ubna_data_02_mir/recover-20220922/UBNA_001/20220921_090000.WAV,Telephone Field,recover-20220922,001,1795
423.8755,423.9107,68437,81474,Rhinolophus ferrumequinum,0.022,0.022,-1,Echolocation,/mnt/ubna_data_02_mir/recover-20220922/UBNA_001/20220921_090000.WAV,Telephone Field,recover-20220922,001,1795
423.9005,423.9123,32343,36790,Eptesicus serotinus,0.02,0.06,-1,Echolocation,/mnt/ubna_data_02_mir/recover-20220922/UBNA_001/20220921_090000.WAV,Telephone Field,recover-20220922,001,1795
423.9015,423.938,68437,81118,Rhinolophus ferrumequinum,0.023,0.023,-1,Echolocation,/mnt/ubna_data_02_mir/recover-20220922/UBNA_001/20220921_090000.WAV,Telephone Field,recover-20220922,001,1795
423.9325,423.9417,26328,34293,Eptesicus serotinus,0.01,0.024,-1,Echolocation,/mnt/ubna_data_02_mir/recover-20220922/UBNA_001/20220921_090000.WAV,Telephone Field,recover-20220922,001,1795
423.9485,423.9591,22890,28704,Nyctalus leisleri,0.011,0.024,-1,Echolocation,/mnt/ubna_data_02_mir/recover-20220922/UBNA_001/20220921_090000.WAV,Telephone Field,recover-20220922,001,1795
423.9485,423.9893,68437,82754,Rhinolophus ferrumequinum,0.025,0.025,-1,Echolocation,/mnt/ubna_data_02_mir/recover-20220922/UBNA_001/20220921_090000.WAV,Telephone Field,recover-20220922,001,1795
423.9545,423.9943,68437,82659,Rhinolophus ferrumequinum,0.025,0.025,-1,Echolocation,/mnt/ubna_data_02_mir/recover-20220922/UBNA_001/20220921_090000.WAV,Telephone Field,recover-20220922,001,1795
424.0015,424.0071,46093,53711,Pipistrellus pipistrellus,0.025,0.03,-1,Echolocation,/mnt/ubna_data_02_mir/recover-20220922/UBNA_001/20220921_090000.WAV,Telephone Field,recover-20220922,001,1795
424.0015,424.0091,23750,33938,Nyctalus leisleri,0.008,0.03,-1,Echolocation,/mnt/ubna_data_02_mir/recover-20220922/UBNA_001/20220921_090000.WAV,Telephone Field,recover-20220922,001,1795
424.0015,424.0332,69296,80979,Rhinolophus ferrumequinum,0.035,0.035,-1,Echolocation,/mnt/ubna_data_02_mir/recover-20220922/UBNA_001/20220921_090000.WAV,Telephone Field,recover-20220922,001,1795
424.0115,424.0527,68437,82298,Rhinolophus ferrumequinum,0.029,0.029,-1,Echolocation,/mnt/ubna_data_02_mir/recover-20220922/UBNA_001/20220921_090000.WAV,Telephone Field,recover-20220922,001,1795
424.0145,424.0255,22031,25988,Nyctalus leisleri,0.016,0.028,-1,Echolocation,/mnt/ubna_data_02_mir/recover-20220922/UBNA_001/20220921_090000.WAV,Telephone Field,recover-20220922,001,1795
424.0865,424.126,68437,82745,Rhinolophus ferrumequinum,0.026,0.026,-1,Echolocation,/mnt/ubna_data_02_mir/recover-20220922/UBNA_001/20220921_090000.WAV,Telephone Field,recover-20220922,001,1795
424.1095,424.1495,68437,82361,Rhinolophus ferrumequinum,0.023,0.023,-1,Echolocation,/mnt/ubna_data_02_mir/recover-20220922/UBNA_001/20220921_090000.WAV,Telephone Field,recover-20220922,001,1795
424.1775,424.2193,68437,82802,Rhinolophus ferrumequinum,0.031,0.031,-1,Echolocation,/mnt/ubna_data_02_mir/recover-20220922/UBNA_001/20220921_090000.WAV,Telephone Field,recover-20220922,001,1795
424.1895,424.1977,28046,37506,Eptesicus serotinus,0.008,0.024,-1,Echolocation,/mnt/ubna_data_02_mir/recover-20220922/UBNA_001/20220921_090000.WAV,Telephone Field,recover-20220922,001,1795
424.1995,424.2099,23750,28911,Nyctalus leisleri,0.013,0.026,-1,Echolocation,/mnt/ubna_data_02_mir/recover-20220922/UBNA_001/20220921_090000.WAV,Telephone Field,recover-20220922,001,1795
424.1995,424.2382,68437,81760,Rhinolophus ferrumequinum,0.032,0.032,-1,Echolocation,/mnt/ubna_data_02_mir/recover-20220922/UBNA_001/20220921_090000.WAV,Telephone Field,recover-20220922,001,1795
424.2215,424.2299,28046,38561,Eptesicus serotinus,0.009,0.026,-1,Echolocation,/mnt/ubna_data_02_mir/recover-20220922/UBNA_001/20220921_090000.WAV,Telephone Field,recover-20220922,001,1795
424.2665,424.3061,68437,82748,Rhinolophus ferrumequinum,0.023,0.023,-1,Echolocation,/mnt/ubna_data_02_mir/recover-20220922/UBNA_001/20220921_090000.WAV,Telephone Field,recover-20220922,001,1795
424.2725,424.3139,68437,82520,Rhinolophus ferrumequinum,0.024,0.024,-1,Echolocation,/mnt/ubna_data_02_mir/recover-20220922/UBNA_001/20220921_090000.WAV,Telephone Field,recover-20220922,001,1795
424.2775,424.3194,68437,82784,Rhinolophus ferrumequinum,0.023,0.023,-1,Echolocation,/mnt/ubna_data_02_mir/recover-20220922/UBNA_001/20220921_090000.WAV,Telephone Field,recover-20220922,001,1795
424.2945,424.3344,68437,82518,Rhinolophus ferrumequinum,0.025,0.025,-1,Echolocation,/mnt/ubna_data_02_mir/recover-20220922/UBNA_001/20220921_090000.WAV,Telephone Field,recover-20220922,001,1795
424.3325,424.368,68437,81008,Rhinolophus ferrumequinum,0.023,0.023,-1,Echolocation,/mnt/ubna_data_02_mir/recover-20220922/UBNA_001/20220921_090000.WAV,Telephone Field,recover-20220922,001,1795
424.3365,424.3445,28906,39322,Eptesicus serotinus,0.009,0.027,-1,Echolocation,/mnt/ubna_data_02_mir/recover-20220922/UBNA_001/20220921_090000.WAV,Telephone Field,recover-20220922,001,1795
424.3785,424.4202,68437,83023,Rhinolophus ferrumequinum,0.03,0.03,-1,Echolocation,/mnt/ubna_data_02_mir/recover-20220922/UBNA_001/20220921_090000.WAV,Telephone Field,recover-20220922,001,1795
424.3915,424.401,25468,33740,Eptesicus serotinus,0.009,0.028,-1,Echolocation,/mnt/ubna_data_02_mir/recover-20220922/UBNA_001/20220921_090000.WAV,Telephone Field,recover-20220922,001,1795
424.3955,424.4026,35781,45247,Myotis daubentonii,0.012,0.027,-1,Echolocation,/mnt/ubna_data_02_mir/recover-20220922/UBNA_001/20220921_090000.WAV,Telephone Field,recover-20220922,001,1795
424.4015,424.4431,68437,82557,Rhinolophus ferrumequinum,0.023,0.023,-1,Echolocation,/mnt/ubna_data_02_mir/recover-20220922/UBNA_001/20220921_090000.WAV,Telephone Field,recover-20220922,001,1795
424.4245,424.4335,28046,39006,Eptesicus serotinus,0.009,0.023,-1,Echolocation,/mnt/ubna_data_02_mir/recover-20220922/UBNA_001/20220921_090000.WAV,Telephone Field,recover-20220922,001,1795
424.4315,424.441,28906,36170,Eptesicus serotinus,0.009,0.025,-1,Echolocation,/mnt/ubna_data_02_mir/recover-20220922/UBNA_001/20220921_090000.WAV,Telephone Field,recover-20220922,001,1795
424.4475,424.4879,68437,82000,Rhinolophus ferrumequinum,0.025,0.026,-1,Echolocation,/mnt/ubna_data_02_mir/recover-20220922/UBNA_001/20220921_090000.WAV,Telephone Field,recover-20220922,001,1795
424.4545,424.4915,68437,82085,Rhinolophus ferrumequinum,0.025,0.025,-1,Echolocation,/mnt/ubna_data_02_mir/recover-20220922/UBNA_001/20220921_090000.WAV,Telephone Field,recover-20220922,001,1795
424.4645,424.5015,68437,81751,Rhinolophus ferrumequinum,0.024,0.024,-1,Echolocation,/mnt/ubna_data_02_mir/recover-20220922/UBNA_001/20220921_090000.WAV,Telephone Field,recover-20220922,001,1795
424.5135,424.5522,68437,82224,Rhinolophus ferrumequinum,0.024,0.024,-1,Echolocation,/mnt/ubna_data_02_mir/recover-20220922/UBNA_001/20220921_090000.WAV,Telephone Field,recover-20220922,001,1795
424.5255,424.5351,27187,36874,Eptesicus serotinus,0.01,0.024,-1,Echolocation,/mnt/ubna_data_02_mir/recover-20220922/UBNA_001/20220921_090000.WAV,Telephone Field,recover-20220922,001,1795
424.5455,424.5833,68437,80958,Rhinolophus ferrumequinum,0.023,0.023,-1,Echolocation,/mnt/ubna_data_02_mir/recover-20220922/UBNA_001/20220921_090000.WAV,Telephone Field,recover-20220922,001,1795
424.5705,424.5814,25468,31108,Nyctalus leisleri,0.009,0.023,-1,Echolocation,/mnt/ubna_data_02_mir/recover-20220922/UBNA_001/20220921_090000.WAV,Telephone Field,recover-20220922,001,1795
424.5815,424.6218,68437,82652,Rhinolophus ferrumequinum,0.024,0.024,-1,Echolocation,/mnt/ubna_data_02_mir/recover-20220922/UBNA_001/20220921_090000.WAV,Telephone Field,recover-20220922,001,1795
424.6205,424.657,68437,81275,Rhinolophus ferrumequinum,0.024,0.024,-1,Echolocation,/mnt/ubna_data_02_mir/recover-20220922/UBNA_001/20220921_090000.WAV,Telephone Field,recover-20220922,001,1795
424.6885,424.7256,68437,81112,Rhinolophus ferrumequinum,0.024,0.024,-1,Echolocation,/mnt/ubna_data_02_mir/recover-20220922/UBNA_001/20220921_090000.WAV,Telephone Field,recover-20220922,001,1795
424.6945,424.7032,28046,38864,Eptesicus serotinus,0.009,0.024,-1,Echolocation,/mnt/ubna_data_02_mir/recover-20220922/UBNA_001/20220921_090000.WAV,Telephone Field,recover-20220922,001,1795
424.7455,424.755,22031,28410,Plecotus austriacus,0.008,0.023,-1,Echolocation,/mnt/ubna_data_02_mir/recover-20220922/UBNA_001/20220921_090000.WAV,Telephone Field,recover-20220922,001,1795
424.7495,424.7899,68437,82164,Rhinolophus ferrumequinum,0.027,0.027,-1,Echolocation,/mnt/ubna_data_02_mir/recover-20220922/UBNA_001/20220921_090000.WAV,Telephone Field,recover-20220922,001,1795
424.8645,424.9015,68437,82320,Rhinolophus ferrumequinum,0.028,0.028,-1,Echolocation,/mnt/ubna_data_02_mir/recover-20220922/UBNA_001/20220921_090000.WAV,Telephone Field,recover-20220922,001,1795
424.8765,424.9155,68437,81665,Rhinolophus ferrumequinum,0.023,0.023,-1,Echolocation,/mnt/ubna_data_02_mir/recover-20220922/UBNA_001/20220921_090000.WAV,Telephone Field,recover-20220922,001,1795
424.8875,424.8967,22890,30327,Plecotus austriacus,0.01,0.027,-1,Echolocation,/mnt/ubna_data_02_mir/recover-20220922/UBNA_001/20220921_090000.WAV,Telephone Field,recover-20220922,001,1795
424.9895,424.9983,22890,30034,Plecotus austriacus,0.009,0.024,-1,Echolocation,/mnt/ubna_data_02_mir/recover-20220922/UBNA_001/20220921_090000.WAV,Telephone Field,recover-20220922,001,1795
425.0205,425.0586,68437,81695,Rhinolophus ferrumequinum,0.023,0.023,-1,Echolocation,/mnt/ubna_data_02_mir/recover-20220922/UBNA_001/20220921_090000.WAV,Telephone Field,recover-20220922,001,1795
425.0955,425.1031,28906,38774,Eptesicus serotinus,0.01,0.029,-1,Echolocation,/mnt/ubna_data_02_mir/recover-20220922/UBNA_001/20220921_090000.WAV,Telephone Field,recover-20220922,001,1795
425.1165,425.1542,68437,81888,Rhinolophus ferrumequinum,0.025,0.025,-1,Echolocation,/mnt/ubna_data_02_mir/recover-20220922/UBNA_001/20220921_090000.WAV,Telephone Field,recover-20220922,001,1795
425.1835,425.1941,24609,31724,Nyctalus leisleri,0.009,0.024,-1,Echolocation,/mnt/ubna_data_02_mir/recover-20220922/UBNA_001/20220921_090000.WAV,Telephone Field,recover-20220922,001,1795
425.2025,425.2129,50390,55869,Pipistrellus pipistrellus,0.018,0.026,-1,Echolocation,/mnt/ubna_data_02_mir/recover-20220922/UBNA_001/20220921_090000.WAV,Telephone Field,recover-20220922,001,1795
425.2135,425.2237,26328,33535,Eptesicus serotinus,0.011,0.024,-1,Echolocation,/mnt/ubna_data_02_mir/recover-20220922/UBNA_001/20220921_090000.WAV,Telephone Field,recover-20220922,001,1795
425.2325,425.2738,68437,82848,Rhinolophus ferrumequinum,0.026,0.026,-1,Echolocation,/mnt/ubna_data_02_mir/recover-20220922/UBNA_001/20220921_090000.WAV,Telephone Field,recover-20220922,001,1795
425.3245,425.3637,68437,82366,Rhinolophus ferrumequinum,0.025,0.025,-1,Echolocation,/mnt/ubna_data_02_mir/recover-20220922/UBNA_001/20220921_090000.WAV,Telephone Field,recover-20220922,001,1795
425.3525,425.3636,23750,29725,Nyctalus leisleri,0.01,0.023,-1,Echolocation,/mnt/ubna_data_02_mir/recover-20220922/UBNA_001/20220921_090000.WAV,Telephone Field,recover-20220922,001,1795
425.3615,425.3717,22890,28823,Nyctalus leisleri,0.009,0.023,-1,Echolocation,/mnt/ubna_data_02_mir/recover-20220922/UBNA_001/20220921_090000.WAV,Telephone Field,recover-20220922,001,1795
425.3675,425.4081,68437,82663,Rhinolophus ferrumequinum,0.035,0.035,-1,Echolocation,/mnt/ubna_data_02_mir/recover-20220922/UBNA_001/20220921_090000.WAV,Telephone Field,recover-20220922,001,1795
425.3815,425.3916,27187,35883,Eptesicus serotinus,0.011,0.024,-1,Echolocation,/mnt/ubna_data_02_mir/recover-20220922/UBNA_001/20220921_090000.WAV,Telephone Field,recover-20220922,001,1795
425.3995,425.4393,68437,82134,Rhinolophus ferrumequinum,0.023,0.023,-1,Echolocation,/mnt/ubna_data_02_mir/recover-20220922/UBNA_001/20220921_090000.WAV,Telephone Field,recover-20220922,001,1795
425.4085,425.4508,68437,82645,Rhinolophus ferrumequinum,0.024,0.024,-1,Echolocation,/mnt/ubna_data_02_mir/recover-20220922/UBNA_001/20220921_090000.WAV,Telephone Field,recover-20220922,001,1795
425.4135,425.425,23750,29094,Nyctalus leisleri,0.015,0.031,-1,Echolocation,/mnt/ubna_data_02_mir/recover-20220922/UBNA_001/20220921_090000.WAV,Telephone Field,recover-20220922,001,1795
425.4325,425.4705,68437,81601,Rhinolophus ferrumequinum,0.023,0.023,-1,Echolocation,/mnt/ubna_data_02_mir/recover-20220922/UBNA_001/20220921_090000.WAV,Telephone Field,recover-20220922,001,1795
425.4555,425.4961,68437,82919,Rhinolophus ferrumequinum,0.035,0.035,-1,Echolocation,/mnt/ubna_data_02_mir/recover-20220922/UBNA_001/20220921_090000.WAV,Telephone Field,recover-20220922,001,1795
425.4585,425.469,49531,56538,Pipistrellus pipistrellus,0.024,0.03,-1,Echolocation,/mnt/ubna_data_02_mir/recover-20220922/UBNA_001/20220921_090000.WAV,Telephone Field,recover-20220922,001,1795
425.4795,425.5177,68437,81612,Rhinolophus ferrumequinum,0.032,0.032,-1,Echolocation,/mnt/ubna_data_02_mir/recover-20220922/UBNA_001/20220921_090000.WAV,Telephone Field,recover-20220922,001,1795
425.4995,425.5079,51250,56533,Pipistrellus pipistrellus,0.032,0.037,-1,Echolocation,/mnt/ubna_data_02_mir/recover-20220922/UBNA_001/20220921_090000.WAV,Telephone Field,recover-20220922,001,1795
425.5025,425.544,68437,82565,Rhinolophus ferrumequinum,0.025,0.025,-1,Echolocation,/mnt/ubna_data_02_mir/recover-20220922/UBNA_001/20220921_090000.WAV,Telephone Field,recover-20220922,001,1795
425.5825,425.6194,68437,81737,Rhinolophus ferrumequinum,0.025,0.025,-1,Echolocation,/mnt/ubna_data_02_mir/recover-20220922/UBNA_001/20220921_090000.WAV,Telephone Field,recover-20220922,001,1795
425.6175,425.6589,68437,82548,Rhinolophus ferrumequinum,0.026,0.026,-1,Echolocation,/mnt/ubna_data_02_mir/recover-20220922/UBNA_001/20220921_090000.WAV,Telephone Field,recover-20220922,001,1795
425.6465,425.6886,68437,83215,Rhinolophus ferrumequinum,0.028,0.028,-1,Echolocation,/mnt/ubna_data_02_mir/recover-20220922/UBNA_001/20220921_090000.WAV,Telephone Field,recover-20220922,001,1795
425.6675,425.7087,68437,82548,Rhinolophus ferrumequinum,0.026,0.026,-1,Echolocation,/mnt/ubna_data_02_mir/recover-20220922/UBNA_001/20220921_090000.WAV,Telephone Field,recover-20220922,001,1795
425.6685,425.6771,23750,32211,Plecotus austriacus,0.008,0.025,-1,Echolocation,/mnt/ubna_data_02_mir/recover-20220922/UBNA_001/20220921_090000.WAV,Telephone Field,recover-20220922,001,1795
425.6835,425.6919,28046,38816,Eptesicus serotinus,0.009,0.026,-1,Echolocation,/mnt/ubna_data_02_mir/recover-20220922/UBNA_001/20220921_090000.WAV,Telephone Field,recover-20220922,001,1795
425.7145,425.7551,68437,82966,Rhinolophus ferrumequinum,0.024,0.024,-1,Echolocation,/mnt/ubna_data_02_mir/recover-20220922/UBNA_001/20220921_090000.WAV,Telephone Field,recover-20220922,001,1795
425.7465,425.787,68437,82126,Rhinolophus ferrumequinum,0.023,0.023,-1,Echolocation,/mnt/ubna_data_02_mir/recover-20220922/UBNA_001/20220921_090000.WAV,Telephone Field,recover-20220922,001,1795
425.7495,425.7659,22031,25743,Nyctalus leisleri,0.016,0.026,-1,Echolocation,/mnt/ubna_data_02_mir/recover-20220922/UBNA_001/20220921_090000.WAV,Telephone Field,recover-20220922,001,1795
425.7875,425.7971,51250,58372,Pipistrellus pipistrellus,0.024,0.032,-1,Echolocation,/mnt/ubna_data_02_mir/recover-20220922/UBNA_001/20220921_090000.WAV,Telephone Field,recover-20220922,001,1795
425.8075,425.8438,68437,81823,Rhinolophus ferrumequinum,0.029,0.029,-1,Echolocation,/mnt/ubna_data_02_mir/recover-20220922/UBNA_001/20220921_090000.WAV,Telephone Field,recover-20220922,001,1795
425.8295,425.8706,68437,82494,Rhinolophus ferrumequinum,0.03,0.03,-1,Echolocation,/mnt/ubna_data_02_mir/recover-20220922/UBNA_001/20220921_090000.WAV,Telephone Field,recover-20220922,001,1795
425.8395,425.8747,68437,82743,Rhinolophus ferrumequinum,0.028,0.028,-1,Echolocation,/mnt/ubna_data_02_mir/recover-20220922/UBNA_001/20220921_090000.WAV,Telephone Field,recover-20220922,001,1795
425.8625,425.8738,22890,27902,Nyctalus leisleri,0.015,0.03,-1,Echolocation,/mnt/ubna_data_02_mir/recover-20220922/UBNA_001/20220921_090000.WAV,Telephone Field,recover-20220922,001,1795
425.8735,425.9133,68437,82160,Rhinolophus ferrumequinum,0.024,0.024,-1,Echolocation,/mnt/ubna_data_02_mir/recover-20220922/UBNA_001/20220921_090000.WAV,Telephone Field,recover-20220922,001,1795
425.8935,425.9337,68437,82360,Rhinolophus ferrumequinum,0.024,0.024,-1,Echolocation,/mnt/ubna_data_02_mir/recover-20220922/UBNA_001/20220921_090000.WAV,Telephone Field,recover-20220922,001,1795
425.8965,425.9034,13437,26475,Plecotus auritus,0.024,0.028,-1,Echolocation,/mnt/ubna_data_02_mir/recover-20220922/UBNA_001/20220921_090000.WAV,Telephone Field,recover-20220922,001,1795
425.9145,425.9545,68437,82314,Rhinolophus ferrumequinum,0.024,0.024,-1,Echolocation,/mnt/ubna_data_02_mir/recover-20220922/UBNA_001/20220921_090000.WAV,Telephone Field,recover-20220922,001,1795
425.9655,425.9716,36640,44523,Myotis daubentonii,0.009,0.024,-1,Echolocation,/mnt/ubna_data_02_mir/recover-20220922/UBNA_001/20220921_090000.WAV,Telephone Field,recover-20220922,001,1795
425.9675,425.9743,23750,36428,Plecotus austriacus,0.013,0.031,-1,Echolocation,/mnt/ubna_data_02_mir/recover-20220922/UBNA_001/20220921_090000.WAV,Telephone Field,recover-20220922,001,1795
426.0015,426.017,16875,22326,Nyctalus noctula,0.017,0.031,-1,Echolocation,/mnt/ubna_data_02_mir/recover-20220922/UBNA_001/20220921_090000.WAV,Telephone Field,recover-20220922,001,1795
426.0015,426.0347,69296,80732,Rhinolophus ferrumequinum,0.053,0.054,-1,Echolocation,/mnt/ubna_data_02_mir/recover-20220922/UBNA_001/20220921_090000.WAV,Telephone Field,recover-20220922,001,1795
426.0015,426.0107,22031,27603,Nyctalus leisleri,0.011,0.028,-1,Echolocation,/mnt/ubna_data_02_mir/recover-20220922/UBNA_001/20220921_090000.WAV,Telephone Field,recover-20220922,001,1795
426.0085,426.0483,68437,81461,Rhinolophus ferrumequinum,0.026,0.026,-1,Echolocation,/mnt/ubna_data_02_mir/recover-20220922/UBNA_001/20220921_090000.WAV,Telephone Field,recover-20220922,001,1795
426.0645,426.0747,28906,36713,Eptesicus serotinus,0.009,0.022,-1,Echolocation,/mnt/ubna_data_02_mir/recover-20220922/UBNA_001/20220921_090000.WAV,Telephone Field,recover-20220922,001,1795
426.1035,426.1458,68437,83095,Rhinolophus ferrumequinum,0.03,0.03,-1,Echolocation,/mnt/ubna_data_02_mir/recover-20220922/UBNA_001/20220921_090000.WAV,Telephone Field,recover-20220922,001,1795
426.1425,426.184,68437,82762,Rhinolophus ferrumequinum,0.029,0.029,-1,Echolocation,/mnt/ubna_data_02_mir/recover-20220922/UBNA_001/20220921_090000.WAV,Telephone Field,recover-20220922,001,1795
426.2015,426.2392,68437,82284,Rhinolophus ferrumequinum,0.023,0.023,-1,Echolocation,/mnt/ubna_data_02_mir/recover-20220922/UBNA_001/20220921_090000.WAV,Telephone Field,recover-20220922,001,1795
426.2125,426.2521,68437,81751,Rhinolophus ferrumequinum,0.024,0.024,-1,Echolocation,/mnt/ubna_data_02_mir/recover-20220922/UBNA_001/20220921_090000.WAV,Telephone Field,recover-20220922,001,1795
426.3165,426.3562,68437,82442,Rhinolophus ferrumequinum,0.027,0.027,-1,Echolocation,/mnt/ubna_data_02_mir/recover-20220922/UBNA_001/20220921_090000.WAV,Telephone Field,recover-20220922,001,1795
426.3235,426.3365,23750,29443,Nyctalus leisleri,0.027,0.055,-1,Echolocation,/mnt/ubna_data_02_mir/recover-20220922/UBNA_001/20220921_090000.WAV,Telephone Field,recover-20220922,001,1795
426.3485,426.3566,26328,35172,Eptesicus serotinus,0.008,0.025,-1,Echolocation,/mnt/ubna_data_02_mir/recover-20220922/UBNA_001/20220921_090000.WAV,Telephone Field,recover-20220922,001,1795
426.3725,426.4089,68437,81431,Rhinolophus ferrumequinum,0.027,0.027,-1,Echolocation,/mnt/ubna_data_02_mir/recover-20220922/UBNA_001/20220921_090000.WAV,Telephone Field,recover-20220922,001,1795
426.4235,426.4642,68437,82550,Rhinolophus ferrumequinum,0.035,0.035,-1,Echolocation,/mnt/ubna_data_02_mir/recover-20220922/UBNA_001/20220921_090000.WAV,Telephone Field,recover-20220922,001,1795
426.4265,426.4365,29765,38148,Eptesicus serotinus,0.01,0.027,-1,Echolocation,/mnt/ubna_data_02_mir/recover-20220922/UBNA_001/20220921_090000.WAV,Telephone Field,recover-20220922,001,1795
426.4485,426.488,68437,81917,Rhinolophus ferrumequinum,0.023,0.023,-1,Echolocation,/mnt/ubna_data_02_mir/recover-20220922/UBNA_001/20220921_090000.WAV,Telephone Field,recover-20220922,001,1795
426.4705,426.4778,23750,32648,Plecotus austriacus,0.01,0.023,-1,Echolocation,/mnt/ubna_data_02_mir/recover-20220922/UBNA_001/20220921_090000.WAV,Telephone Field,recover-20220922,001,1795
426.4895,426.5,23750,30546,Nyctalus leisleri,0.009,0.024,-1,Echolocation,/mnt/ubna_data_02_mir/recover-20220922/UBNA_001/20220921_090000.WAV,Telephone Field,recover-20220922,001,1795
426.5295,426.5383,28046,38430,Eptesicus serotinus,0.01,0.03,-1,Echolocation,/mnt/ubna_data_02_mir/recover-20220922/UBNA_001/20220921_090000.WAV,Telephone Field,recover-20220922,001,1795
426.5365,426.5439,28046,36118,Eptesicus serotinus,0.006,0.025,-1,Echolocation,/mnt/ubna_data_02_mir/recover-20220922/UBNA_001/20220921_090000.WAV,Telephone Field,recover-20220922,001,1795
426.5495,426.5898,68437,82379,Rhinolophus ferrumequinum,0.023,0.023,-1,Echolocation,/mnt/ubna_data_02_mir/recover-20220922/UBNA_001/20220921_090000.WAV,Telephone Field,recover-20220922,001,1795
426.5605,426.5685,28046,39730,Eptesicus serotinus,0.008,0.025,-1,Echolocation,/mnt/ubna_data_02_mir/recover-20220922/UBNA_001/20220921_090000.WAV,Telephone Field,recover-20220922,001,1795
426.5795,426.6204,68437,82794,Rhinolophus ferrumequinum,0.024,0.024,-1,Echolocation,/mnt/ubna_data_02_mir/recover-20220922/UBNA_001/20220921_090000.WAV,Telephone Field,recover-20220922,001,1795
426.6035,426.6462,68437,83100,Rhinolophus ferrumequinum,0.031,0.031,-1,Echolocation,/mnt/ubna_data_02_mir/recover-20220922/UBNA_001/20220921_090000.WAV,Telephone Field,recover-20220922,001,1795
426.6355,426.6728,68437,81352,Rhinolophus ferrumequinum,0.026,0.026,-1,Echolocation,/mnt/ubna_data_02_mir/recover-20220922/UBNA_001/20220921_090000.WAV,Telephone Field,recover-20220922,001,1795
426.6965,426.7052,54687,59110,Pipistrellus pygmaeus,0.025,0.025,-1,Echolocation,/mnt/ubna_data_02_mir/recover-20220922/UBNA_001/20220921_090000.WAV,Telephone Field,recover-20220922,001,1795
426.7905,426.8283,68437,81214,Rhinolophus ferrumequinum,0.022,0.022,-1,Echolocation,/mnt/ubna_data_02_mir/recover-20220922/UBNA_001/20220921_090000.WAV,Telephone Field,recover-20220922,001,1795
426.7965,426.809,22890,26924,Nyctalus leisleri,0.017,0.029,-1,Echolocation,/mnt/ubna_data_02_mir/recover-20220922/UBNA_001/20220921_090000.WAV,Telephone Field,recover-20220922,001,1795
426.8185,426.8561,68437,81541,Rhinolophus ferrumequinum,0.025,0.025,-1,Echolocation,/mnt/ubna_data_02_mir/recover-20220922/UBNA_001/20220921_090000.WAV,Telephone Field,recover-20220922,001,1795
426.8215,426.8326,22031,26609,Nyctalus leisleri,0.011,0.023,-1,Echolocation,/mnt/ubna_data_02_mir/recover-20220922/UBNA_001/20220921_090000.WAV,Telephone Field,recover-20220922,001,1795
426.8495,426.8877,68437,81546,Rhinolophus ferrumequinum,0.022,0.022,-1,Echolocation,/mnt/ubna_data_02_mir/recover-20220922/UBNA_001/20220921_090000.WAV,Telephone Field,recover-20220922,001,1795
426.8735,426.9175,68437,83294,Rhinolophus ferrumequinum,0.04,0.04,-1,Echolocation,/mnt/ubna_data_02_mir/recover-20220922/UBNA_001/20220921_090000.WAV,Telephone Field,recover-20220922,001,1795
426.8965,426.9074,50390,54828,Pipistrellus pipistrellus,0.02,0.025,-1,Echolocation,/mnt/ubna_data_02_mir/recover-20220922/UBNA_001/20220921_090000.WAV,Telephone Field,recover-20220922,001,1795
426.9055,426.9191,29765,36029,Eptesicus serotinus,0.012,0.024,-1,Echolocation,/mnt/ubna_data_02_mir/recover-20220922/UBNA_001/20220921_090000.WAV,Telephone Field,recover-20220922,001,1795
426.9155,426.9254,27187,36720,Eptesicus serotinus,0.01,0.025,-1,Echolocation,/mnt/ubna_data_02_mir/recover-20220922/UBNA_001/20220921_090000.WAV,Telephone Field,recover-20220922,001,1795
426.9435,426.9649,19453,22025,Nyctalus leisleri,0.016,0.028,-1,Echolocation,/mnt/ubna_data_02_mir/recover-20220922/UBNA_001/20220921_090000.WAV,Telephone Field,recover-20220922,001,1795
426.9615,427.0032,68437,82775,Rhinolophus ferrumequinum,0.026,0.026,-1,Echolocation,/mnt/ubna_data_02_mir/recover-20220922/UBNA_001/20220921_090000.WAV,Telephone Field,recover-20220922,001,1795
426.9655,426.9765,22890,28228,Nyctalus leisleri,0.01,0.022,-1,Echolocation,/mnt/ubna_data_02_mir/recover-20220922/UBNA_001/20220921_090000.WAV,Telephone Field,recover-20220922,001,1795
426.9865,427.0258,68437,82411,Rhinolophus ferrumequinum,0.023,0.023,-1,Echolocation,/mnt/ubna_data_02_mir/recover-20220922/UBNA_001/20220921_090000.WAV,Telephone Field,recover-20220922,001,1795
426.9865,426.9955,28046,38585,Eptesicus serotinus,0.009,0.022,-1,Echolocation,/mnt/ubna_data_02_mir/recover-20220922/UBNA_001/20220921_090000.WAV,Telephone Field,recover-20220922,001,1795
427.0225,427.0608,68437,82116,Rhinolophus ferrumequinum,0.031,0.031,-1,Echolocation,/mnt/ubna_data_02_mir/recover-20220922/UBNA_001/20220921_090000.WAV,Telephone Field,recover-20220922,001,1795
427.0645,427.1022,68437,82209,Rhinolophus ferrumequinum,0.026,0.026,-1,Echolocation,/mnt/ubna_data_02_mir/recover-20220922/UBNA_001/20220921_090000.WAV,Telephone Field,recover-20220922,001,1795
427.0935,427.10360000000003,22031,28966,Plecotus austriacus,0.009,0.027,-1,Echolocation,/mnt/ubna_data_02_mir/recover-20220922/UBNA_001/20220921_090000.WAV,Telephone Field,recover-20220922,001,1795
427.0975,427.1127,35781,40120,Pipistrellus nathusii,0.024,0.046,-1,Echolocation,/mnt/ubna_data_02_mir/recover-20220922/UBNA_001/20220921_090000.WAV,Telephone Field,recover-20220922,001,1795
427.1005,427.1387,68437,82060,Rhinolophus ferrumequinum,0.024,0.024,-1,Echolocation,/mnt/ubna_data_02_mir/recover-20220922/UBNA_001/20220921_090000.WAV,Telephone Field,recover-20220922,001,1795
427.1165,427.1579,68437,82294,Rhinolophus ferrumequinum,0.025,0.025,-1,Echolocation,/mnt/ubna_data_02_mir/recover-20220922/UBNA_001/20220921_090000.WAV,Telephone Field,recover-20220922,001,1795
427.1485,427.1578,28046,37249,Eptesicus serotinus,0.017,0.033,-1,Echolocation,/mnt/ubna_data_02_mir/recover-20220922/UBNA_001/20220921_090000.WAV,Telephone Field,recover-20220922,001,1795
427.1605,427.2058,68437,82868,Rhinolophus ferrumequinum,0.08,0.08,-1,Echolocation,/mnt/ubna_data_02_mir/recover-20220922/UBNA_001/20220921_090000.WAV,Telephone Field,recover-20220922,001,1795
427.1825,427.2215,68437,82653,Rhinolophus ferrumequinum,0.025,0.025,-1,Echolocation,/mnt/ubna_data_02_mir/recover-20220922/UBNA_001/20220921_090000.WAV,Telephone Field,recover-20220922,001,1795
427.1915,427.2016,28906,37024,Eptesicus serotinus,0.011,0.025,-1,Echolocation,/mnt/ubna_data_02_mir/recover-20220922/UBNA_001/20220921_090000.WAV,Telephone Field,recover-20220922,001,1795
427.2545,427.2937,68437,82083,Rhinolophus ferrumequinum,0.022,0.022,-1,Echolocation,/mnt/ubna_data_02_mir/recover-20220922/UBNA_001/20220921_090000.WAV,Telephone Field,recover-20220922,001,1795
427.2975,427.3385,68437,82696,Rhinolophus ferrumequinum,0.022,0.022,-1,Echolocation,/mnt/ubna_data_02_mir/recover-20220922/UBNA_001/20220921_090000.WAV,Telephone Field,recover-20220922,001,1795
427.3135,427.3509,68437,81438,Rhinolophus ferrumequinum,0.03,0.03,-1,Echolocation,/mnt/ubna_data_02_mir/recover-20220922/UBNA_001/20220921_090000.WAV,Telephone Field,recover-20220922,001,1795
427.3715,427.4101,68437,81031,Rhinolophus ferrumequinum,0.022,0.022,-1,Echolocation,/mnt/ubna_data_02_mir/recover-20220922/UBNA_001/20220921_090000.WAV,Telephone Field,recover-20220922,001,1795
427.4315,427.4412,28046,38272,Eptesicus serotinus,0.024,0.042,-1,Echolocation,/mnt/ubna_data_02_mir/recover-20220922/UBNA_001/20220921_090000.WAV,Telephone Field,recover-20220922,001,1795
427.5055,427.5149,28046,37078,Eptesicus serotinus,0.022,0.04,-1,Echolocation,/mnt/ubna_data_02_mir/recover-20220922/UBNA_001/20220921_090000.WAV,Telephone Field,recover-20220922,001,1795
427.5365,427.5782,68437,82656,Rhinolophus ferrumequinum,0.03,0.03,-1,Echolocation,/mnt/ubna_data_02_mir/recover-20220922/UBNA_001/20220921_090000.WAV,Telephone Field,recover-20220922,001,1795
427.5415,427.5503,28046,40624,Eptesicus serotinus,0.009,0.023,-1,Echolocation,/mnt/ubna_data_02_mir/recover-20220922/UBNA_001/20220921_090000.WAV,Telephone Field,recover-20220922,001,1795
427.5995,427.6105,28906,37021,Eptesicus serotinus,0.011,0.025,-1,Echolocation,/mnt/ubna_data_02_mir/recover-20220922/UBNA_001/20220921_090000.WAV,Telephone Field,recover-20220922,001,1795
427.6085,427.6502,68437,82774,Rhinolophus ferrumequinum,0.024,0.024,-1,Echolocation,/mnt/ubna_data_02_mir/recover-20220922/UBNA_001/20220921_090000.WAV,Telephone Field,recover-20220922,001,1795
427.6255,427.6321,28046,42098,Eptesicus serotinus,0.007,0.027,-1,Echolocation,/mnt/ubna_data_02_mir/recover-20220922/UBNA_001/20220921_090000.WAV,Telephone Field,recover-20220922,001,1795
427.6335,427.6452,28906,36500,Eptesicus serotinus,0.012,0.025,-1,Echolocation,/mnt/ubna_data_02_mir/recover-20220922/UBNA_001/20220921_090000.WAV,Telephone Field,recover-20220922,001,1795
427.6335,427.6653,68437,79739,Rhinolophus ferrumequinum,0.022,0.022,-1,Echolocation,/mnt/ubna_data_02_mir/recover-20220922/UBNA_001/20220921_090000.WAV,Telephone Field,recover-20220922,001,1795
427.6555,427.6965,68437,82295,Rhinolophus ferrumequinum,0.028,0.029,-1,Echolocation,/mnt/ubna_data_02_mir/recover-20220922/UBNA_001/20220921_090000.WAV,Telephone Field,recover-20220922,001,1795
427.6725,427.6938,19453,22040,Nyctalus leisleri,0.011,0.023,-1,Echolocation,/mnt/ubna_data_02_mir/recover-20220922/UBNA_001/20220921_090000.WAV,Telephone Field,recover-20220922,001,1795
427.6805,427.7033,18593,21156,Nyctalus noctula,0.012,0.024,-1,Echolocation,/mnt/ubna_data_02_mir/recover-20220922/UBNA_001/20220921_090000.WAV,Telephone Field,recover-20220922,001,1795
427.6905,427.72860000000003,68437,82182,Rhinolophus ferrumequinum,0.023,0.023,-1,Echolocation,/mnt/ubna_data_02_mir/recover-20220922/UBNA_001/20220921_090000.WAV,Telephone Field,recover-20220922,001,1795
427.7235,427.7316,28046,39145,Eptesicus serotinus,0.008,0.023,-1,Echolocation,/mnt/ubna_data_02_mir/recover-20220922/UBNA_001/20220921_090000.WAV,Telephone Field,recover-20220922,001,1795
427.7375,427.7475,28046,35611,Eptesicus serotinus,0.01,0.023,-1,Echolocation,/mnt/ubna_data_02_mir/recover-20220922/UBNA_001/20220921_090000.WAV,Telephone Field,recover-20220922,001,1795
427.7525,427.792,68437,82337,Rhinolophus ferrumequinum,0.023,0.023,-1,Echolocation,/mnt/ubna_data_02_mir/recover-20220922/UBNA_001/20220921_090000.WAV,Telephone Field,recover-20220922,001,1795
427.7665,427.8075,68437,82305,Rhinolophus ferrumequinum,0.025,0.025,-1,Echolocation,/mnt/ubna_data_02_mir/recover-20220922/UBNA_001/20220921_090000.WAV,Telephone Field,recover-20220922,001,1795
427.7755,427.8144,68437,82408,Rhinolophus ferrumequinum,0.025,0.025,-1,Echolocation,/mnt/ubna_data_02_mir/recover-20220922/UBNA_001/20220921_090000.WAV,Telephone Field,recover-20220922,001,1795
427.7895,427.8296,68437,82392,Rhinolophus ferrumequinum,0.029,0.029,-1,Echolocation,/mnt/ubna_data_02_mir/recover-20220922/UBNA_001/20220921_090000.WAV,Telephone Field,recover-20220922,001,1795
427.7935,427.8042,22890,28166,Nyctalus leisleri,0.013,0.027,-1,Echolocation,/mnt/ubna_data_02_mir/recover-20220922/UBNA_001/20220921_090000.WAV,Telephone Field,recover-20220922,001,1795
427.8355,427.8436,27187,38560,Eptesicus serotinus,0.008,0.023,-1,Echolocation,/mnt/ubna_data_02_mir/recover-20220922/UBNA_001/20220921_090000.WAV,Telephone Field,recover-20220922,001,1795
427.8435,427.8526,22890,30131,Plecotus austriacus,0.008,0.023,-1,Echolocation,/mnt/ubna_data_02_mir/recover-20220922/UBNA_001/20220921_090000.WAV,Telephone Field,recover-20220922,001,1795
427.8465,427.8566,28906,37519,Eptesicus serotinus,0.013,0.029,-1,Echolocation,/mnt/ubna_data_02_mir/recover-20220922/UBNA_001/20220921_090000.WAV,Telephone Field,recover-20220922,001,1795
427.8485,427.8872,68437,82209,Rhinolophus ferrumequinum,0.022,0.022,-1,Echolocation,/mnt/ubna_data_02_mir/recover-20220922/UBNA_001/20220921_090000.WAV,Telephone Field,recover-20220922,001,1795
427.8565,427.8659,28906,38923,Eptesicus serotinus,0.009,0.024,-1,Echolocation,/mnt/ubna_data_02_mir/recover-20220922/UBNA_001/20220921_090000.WAV,Telephone Field,recover-20220922,001,1795
427.8755,427.9171,68437,82260,Rhinolophus ferrumequinum,0.029,0.029,-1,Echolocation,/mnt/ubna_data_02_mir/recover-20220922/UBNA_001/20220921_090000.WAV,Telephone Field,recover-20220922,001,1795
427.8915,427.9298,68437,81826,Rhinolophus ferrumequinum,0.025,0.025,-1,Echolocation,/mnt/ubna_data_02_mir/recover-20220922/UBNA_001/20220921_090000.WAV,Telephone Field,recover-20220922,001,1795
427.9385,427.9467,28046,38256,Eptesicus serotinus,0.007,0.022,-1,Echolocation,/mnt/ubna_data_02_mir/recover-20220922/UBNA_001/20220921_090000.WAV,Telephone Field,recover-20220922,001,1795
428.0015,428.0102,23750,30198,Nyctalus leisleri,0.012,0.03,-1,Echolocation,/mnt/ubna_data_02_mir/recover-20220922/UBNA_001/20220921_090000.WAV,Telephone Field,recover-20220922,001,1795
428.0015,428.0121,45234,49978,Pipistrellus pipistrellus,0.027,0.032,-1,Echolocation,/mnt/ubna_data_02_mir/recover-20220922/UBNA_001/20220921_090000.WAV,Telephone Field,recover-20220922,001,1795
428.0015,428.0341,68437,79740,Rhinolophus ferrumequinum,0.024,0.024,-1,Echolocation,/mnt/ubna_data_02_mir/recover-20220922/UBNA_001/20220921_090000.WAV,Telephone Field,recover-20220922,001,1795
428.0115,428.0535,68437,82909,Rhinolophus ferrumequinum,0.023,0.023,-1,Echolocation,/mnt/ubna_data_02_mir/recover-20220922/UBNA_001/20220921_090000.WAV,Telephone Field,recover-20220922,001,1795
428.0275,428.0682,68437,82467,Rhinolophus ferrumequinum,0.021,0.021,-1,Echolocation,/mnt/ubna_data_02_mir/recover-20220922/UBNA_001/20220921_090000.WAV,Telephone Field,recover-20220922,001,1795
428.0505,428.0911,68437,82573,Rhinolophus ferrumequinum,0.024,0.024,-1,Echolocation,/mnt/ubna_data_02_mir/recover-20220922/UBNA_001/20220921_090000.WAV,Telephone Field,recover-20220922,001,1795
428.0755,428.1133,68437,81976,Rhinolophus ferrumequinum,0.023,0.023,-1,Echolocation,/mnt/ubna_data_02_mir/recover-20220922/UBNA_001/20220921_090000.WAV,Telephone Field,recover-20220922,001,1795
428.1275,428.1674,68437,82650,Rhinolophus ferrumequinum,0.038,0.038,-1,Echolocation,/mnt/ubna_data_02_mir/recover-20220922/UBNA_001/20220921_090000.WAV,Telephone Field,recover-20220922,001,1795
428.1665,428.1769,28046,34880,Eptesicus serotinus,0.01,0.024,-1,Echolocation,/mnt/ubna_data_02_mir/recover-20220922/UBNA_001/20220921_090000.WAV,Telephone Field,recover-20220922,001,1795
428.1745,428.2127,68437,81815,Rhinolophus ferrumequinum,0.021,0.022,-1,Echolocation,/mnt/ubna_data_02_mir/recover-20220922/UBNA_001/20220921_090000.WAV,Telephone Field,recover-20220922,001,1795
428.1975,428.2085,28906,37159,Eptesicus serotinus,0.011,0.023,-1,Echolocation,/mnt/ubna_data_02_mir/recover-20220922/UBNA_001/20220921_090000.WAV,Telephone Field,recover-20220922,001,1795
428.2085,428.2494,68437,81976,Rhinolophus ferrumequinum,0.024,0.024,-1,Echolocation,/mnt/ubna_data_02_mir/recover-20220922/UBNA_001/20220921_090000.WAV,Telephone Field,recover-20220922,001,1795
428.2365,428.2761,68437,82286,Rhinolophus ferrumequinum,0.021,0.021,-1,Echolocation,/mnt/ubna_data_02_mir/recover-20220922/UBNA_001/20220921_090000.WAV,Telephone Field,recover-20220922,001,1795
428.2515,428.262,22890,28457,Nyctalus leisleri,0.011,0.025,-1,Echolocation,/mnt/ubna_data_02_mir/recover-20220922/UBNA_001/20220921_090000.WAV,Telephone Field,recover-20220922,001,1795
428.2565,428.2943,68437,81391,Rhinolophus ferrumequinum,0.022,0.022,-1,Echolocation,/mnt/ubna_data_02_mir/recover-20220922/UBNA_001/20220921_090000.WAV,Telephone Field,recover-20220922,001,1795
428.2645,428.2764,43515,46074,Pipistrellus pipistrellus,0.028,0.031,-1,Echolocation,/mnt/ubna_data_02_mir/recover-20220922/UBNA_001/20220921_090000.WAV,Telephone Field,recover-20220922,001,1795
428.2645,428.303,68437,81996,Rhinolophus ferrumequinum,0.022,0.022,-1,Echolocation,/mnt/ubna_data_02_mir/recover-20220922/UBNA_001/20220921_090000.WAV,Telephone Field,recover-20220922,001,1795
428.2815,428.3205,68437,82271,Rhinolophus ferrumequinum,0.023,0.023,-1,Echolocation,/mnt/ubna_data_02_mir/recover-20220922/UBNA_001/20220921_090000.WAV,Telephone Field,recover-20220922,001,1795
428.2855,428.2938,26328,35199,Eptesicus serotinus,0.008,0.021,-1,Echolocation,/mnt/ubna_data_02_mir/recover-20220922/UBNA_001/20220921_090000.WAV,Telephone Field,recover-20220922,001,1795
428.3325,428.3727,68437,82522,Rhinolophus ferrumequinum,0.022,0.022,-1,Echolocation,/mnt/ubna_data_02_mir/recover-20220922/UBNA_001/20220921_090000.WAV,Telephone Field,recover-20220922,001,1795
428.4035,428.4417,68437,82413,Rhinolophus ferrumequinum,0.022,0.022,-1,Echolocation,/mnt/ubna_data_02_mir/recover-20220922/UBNA_001/20220921_090000.WAV,Telephone Field,recover-20220922,001,1795
428.4325,428.47090000000003,68437,81664,Rhinolophus ferrumequinum,0.026,0.026,-1,Echolocation,/mnt/ubna_data_02_mir/recover-20220922/UBNA_001/20220921_090000.WAV,Telephone Field,recover-20220922,001,1795
428.4435,428.4538,22890,28446,Nyctalus leisleri,0.009,0.021,-1,Echolocation,/mnt/ubna_data_02_mir/recover-20220922/UBNA_001/20220921_090000.WAV,Telephone Field,recover-20220922,001,1795
428.4655,428.5037,68437,81753,Rhinolophus ferrumequinum,0.024,0.024,-1,Echolocation,/mnt/ubna_data_02_mir/recover-20220922/UBNA_001/20220921_090000.WAV,Telephone Field,recover-20220922,001,1795
428.5055,428.54449999999997,68437,81729,Rhinolophus ferrumequinum,0.024,0.024,-1,Echolocation,/mnt/ubna_data_02_mir/recover-20220922/UBNA_001/20220921_090000.WAV,Telephone Field,recover-20220922,001,1795
428.5145,428.551,68437,81381,Rhinolophus ferrumequinum,0.021,0.022,-1,Echolocation,/mnt/ubna_data_02_mir/recover-20220922/UBNA_001/20220921_090000.WAV,Telephone Field,recover-20220922,001,1795
428.5325,428.5684,68437,81558,Rhinolophus ferrumequinum,0.021,0.021,-1,Echolocation,/mnt/ubna_data_02_mir/recover-20220922/UBNA_001/20220921_090000.WAV,Telephone Field,recover-20220922,001,1795
428.5625,428.6014,68437,81899,Rhinolophus ferrumequinum,0.022,0.022,-1,Echolocation,/mnt/ubna_data_02_mir/recover-20220922/UBNA_001/20220921_090000.WAV,Telephone Field,recover-20220922,001,1795
428.5835,428.5926,28906,38392,Eptesicus serotinus,0.009,0.022,-1,Echolocation,/mnt/ubna_data_02_mir/recover-20220922/UBNA_001/20220921_090000.WAV,Telephone Field,recover-20220922,001,1795
428.5945,428.6372,68437,83069,Rhinolophus ferrumequinum,0.024,0.024,-1,Echolocation,/mnt/ubna_data_02_mir/recover-20220922/UBNA_001/20220921_090000.WAV,Telephone Field,recover-20220922,001,1795
428.6015,428.6164,14296,19822,Nyctalus noctula,0.016,0.024,-1,Echolocation,/mnt/ubna_data_02_mir/recover-20220922/UBNA_001/20220921_090000.WAV,Telephone Field,recover-20220922,001,1795
428.6065,428.6498,68437,82717,Rhinolophus ferrumequinum,0.026,0.026,-1,Echolocation,/mnt/ubna_data_02_mir/recover-20220922/UBNA_001/20220921_090000.WAV,Telephone Field,recover-20220922,001,1795
428.6895,428.729,68437,82465,Rhinolophus ferrumequinum,0.024,0.024,-1,Echolocation,/mnt/ubna_data_02_mir/recover-20220922/UBNA_001/20220921_090000.WAV,Telephone Field,recover-20220922,001,1795
428.6995,428.7413,68437,82934,Rhinolophus ferrumequinum,0.024,0.024,-1,Echolocation,/mnt/ubna_data_02_mir/recover-20220922/UBNA_001/20220921_090000.WAV,Telephone Field,recover-20220922,001,1795
428.7615,428.8034,68437,82689,Rhinolophus ferrumequinum,0.027,0.027,-1,Echolocation,/mnt/ubna_data_02_mir/recover-20220922/UBNA_001/20220921_090000.WAV,Telephone Field,recover-20220922,001,1795
428.7785,428.8172,68437,81959,Rhinolophus ferrumequinum,0.022,0.022,-1,Echolocation,/mnt/ubna_data_02_mir/recover-20220922/UBNA_001/20220921_090000.WAV,Telephone Field,recover-20220922,001,1795
428.8105,428.8511,68437,82347,Rhinolophus ferrumequinum,0.022,0.022,-1,Echolocation,/mnt/ubna_data_02_mir/recover-20220922/UBNA_001/20220921_090000.WAV,Telephone Field,recover-20220922,001,1795
428.8795,428.9183,68437,82040,Rhinolophus ferrumequinum,0.021,0.021,-1,Echolocation,/mnt/ubna_data_02_mir/recover-20220922/UBNA_001/20220921_090000.WAV,Telephone Field,recover-20220922,001,1795
428.8995,428.9403,68437,82753,Rhinolophus ferrumequinum,0.027,0.027,-1,Echolocation,/mnt/ubna_data_02_mir/recover-20220922/UBNA_001/20220921_090000.WAV,Telephone Field,recover-20220922,001,1795
428.9595,429.0006,68437,82836,Rhinolophus ferrumequinum,0.026,0.026,-1,Echolocation,/mnt/ubna_data_02_mir/recover-20220922/UBNA_001/20220921_090000.WAV,Telephone Field,recover-20220922,001,1795
428.9695,428.9788,28906,36778,Eptesicus serotinus,0.008,0.026,-1,Echolocation,/mnt/ubna_data_02_mir/recover-20220922/UBNA_001/20220921_090000.WAV,Telephone Field,recover-20220922,001,1795
428.9895,429.0312,68437,82680,Rhinolophus ferrumequinum,0.023,0.023,-1,Echolocation,/mnt/ubna_data_02_mir/recover-20220922/UBNA_001/20220921_090000.WAV,Telephone Field,recover-20220922,001,1795
429.0105,429.0515,68437,82905,Rhinolophus ferrumequinum,0.026,0.026,-1,Echolocation,/mnt/ubna_data_02_mir/recover-20220922/UBNA_001/20220921_090000.WAV,Telephone Field,recover-20220922,001,1795
429.0145,429.0225,26328,37170,Eptesicus serotinus,0.008,0.021,-1,Echolocation,/mnt/ubna_data_02_mir/recover-20220922/UBNA_001/20220921_090000.WAV,Telephone Field,recover-20220922,001,1795
429.0285,429.0697,68437,82700,Rhinolophus ferrumequinum,0.03,0.03,-1,Echolocation,/mnt/ubna_data_02_mir/recover-20220922/UBNA_001/20220921_090000.WAV,Telephone Field,recover-20220922,001,1795
429.0305,429.0422,29765,36507,Eptesicus serotinus,0.026,0.047,-1,Echolocation,/mnt/ubna_data_02_mir/recover-20220922/UBNA_001/20220921_090000.WAV,Telephone Field,recover-20220922,001,1795
429.0515,429.0905,68437,82212,Rhinolophus ferrumequinum,0.023,0.023,-1,Echolocation,/mnt/ubna_data_02_mir/recover-20220922/UBNA_001/20220921_090000.WAV,Telephone Field,recover-20220922,001,1795
429.0735,429.1099,68437,81327,Rhinolophus ferrumequinum,0.026,0.026,-1,Echolocation,/mnt/ubna_data_02_mir/recover-20220922/UBNA_001/20220921_090000.WAV,Telephone Field,recover-20220922,001,1795
429.1235,429.1612,68437,81882,Rhinolophus ferrumequinum,0.021,0.021,-1,Echolocation,/mnt/ubna_data_02_mir/recover-20220922/UBNA_001/20220921_090000.WAV,Telephone Field,recover-20220922,001,1795
429.1815,429.2017,19453,22272,Nyctalus leisleri,0.016,0.029,-1,Echolocation,/mnt/ubna_data_02_mir/recover-20220922/UBNA_001/20220921_090000.WAV,Telephone Field,recover-20220922,001,1795
429.2005,429.2345,68437,80869,Rhinolophus ferrumequinum,0.022,0.022,-1,Echolocation,/mnt/ubna_data_02_mir/recover-20220922/UBNA_001/20220921_090000.WAV,Telephone Field,recover-20220922,001,1795
429.2105,429.2546,68437,83032,Rhinolophus ferrumequinum,0.037,0.037,-1,Echolocation,/mnt/ubna_data_02_mir/recover-20220922/UBNA_001/20220921_090000.WAV,Telephone Field,recover-20220922,001,1795
429.2465,429.2874,68437,82551,Rhinolophus ferrumequinum,0.027,0.027,-1,Echolocation,/mnt/ubna_data_02_mir/recover-20220922/UBNA_001/20220921_090000.WAV,Telephone Field,recover-20220922,001,1795
429.2755,429.3188,68437,83334,Rhinolophus ferrumequinum,0.029,0.029,-1,Echolocation,/mnt/ubna_data_02_mir/recover-20220922/UBNA_001/20220921_090000.WAV,Telephone Field,recover-20220922,001,1795
429.3005,429.33820000000003,68437,81849,Rhinolophus ferrumequinum,0.022,0.022,-1,Echolocation,/mnt/ubna_data_02_mir/recover-20220922/UBNA_001/20220921_090000.WAV,Telephone Field,recover-20220922,001,1795
429.3125,429.3488,68437,81314,Rhinolophus ferrumequinum,0.022,0.022,-1,Echolocation,/mnt/ubna_data_02_mir/recover-20220922/UBNA_001/20220921_090000.WAV,Telephone Field,recover-20220922,001,1795
429.3215,429.3329,22031,27312,Nyctalus leisleri,0.009,0.024,-1,Echolocation,/mnt/ubna_data_02_mir/recover-20220922/UBNA_001/20220921_090000.WAV,Telephone Field,recover-20220922,001,1795
429.3565,429.3952,68437,82453,Rhinolophus ferrumequinum,0.023,0.023,-1,Echolocation,/mnt/ubna_data_02_mir/recover-20220922/UBNA_001/20220921_090000.WAV,Telephone Field,recover-20220922,001,1795
429.3895,429.429,68437,82196,Rhinolophus ferrumequinum,0.029,0.029,-1,Echolocation,/mnt/ubna_data_02_mir/recover-20220922/UBNA_001/20220921_090000.WAV,Telephone Field,recover-20220922,001,1795
429.3905,429.3988,22890,30232,Plecotus austriacus,0.01,0.023,-1,Echolocation,/mnt/ubna_data_02_mir/recover-20220922/UBNA_001/20220921_090000.WAV,Telephone Field,recover-20220922,001,1795
429.3925,429.4008,28906,39789,Eptesicus serotinus,0.008,0.026,-1,Echolocation,/mnt/ubna_data_02_mir/recover-20220922/UBNA_001/20220921_090000.WAV,Telephone Field,recover-20220922,001,1795
429.3995,429.4355,68437,81263,Rhinolophus ferrumequinum,0.029,0.029,-1,Echolocation,/mnt/ubna_data_02_mir/recover-20220922/UBNA_001/20220921_090000.WAV,Telephone Field,recover-20220922,001,1795
429.4675,429.5093,68437,82564,Rhinolophus ferrumequinum,0.03,0.03,-1,Echolocation,/mnt/ubna_data_02_mir/recover-20220922/UBNA_001/20220921_090000.WAV,Telephone Field,recover-20220922,001,1795
429.4925,429.5327,68437,82276,Rhinolophus ferrumequinum,0.022,0.022,-1,Echolocation,/mnt/ubna_data_02_mir/recover-20220922/UBNA_001/20220921_090000.WAV,Telephone Field,recover-20220922,001,1795
429.5425,429.5815,68437,82055,Rhinolophus ferrumequinum,0.021,0.021,-1,Echolocation,/mnt/ubna_data_02_mir/recover-20220922/UBNA_001/20220921_090000.WAV,Telephone Field,recover-20220922,001,1795
429.5835,429.6195,68437,81528,Rhinolophus ferrumequinum,0.021,0.021,-1,Echolocation,/mnt/ubna_data_02_mir/recover-20220922/UBNA_001/20220921_090000.WAV,Telephone Field,recover-20220922,001,1795
429.5995,429.6098,49531,53126,Pipistrellus pipistrellus,0.027,0.033,-1,Echolocation,/mnt/ubna_data_02_mir/recover-20220922/UBNA_001/20220921_090000.WAV,Telephone Field,recover-20220922,001,1795
429.6175,429.6557,68437,81679,Rhinolophus ferrumequinum,0.021,0.021,-1,Echolocation,/mnt/ubna_data_02_mir/recover-20220922/UBNA_001/20220921_090000.WAV,Telephone Field,recover-20220922,001,1795
429.6635,429.7034,68437,82395,Rhinolophus ferrumequinum,0.025,0.025,-1,Echolocation,/mnt/ubna_data_02_mir/recover-20220922/UBNA_001/20220921_090000.WAV,Telephone Field,recover-20220922,001,1795
429.6895,429.6967,23750,32355,Plecotus austriacus,0.014,0.036,-1,Echolocation,/mnt/ubna_data_02_mir/recover-20220922/UBNA_001/20220921_090000.WAV,Telephone Field,recover-20220922,001,1795
429.6975,429.7379,68437,82591,Rhinolophus ferrumequinum,0.023,0.023,-1,Echolocation,/mnt/ubna_data_02_mir/recover-20220922/UBNA_001/20220921_090000.WAV,Telephone Field,recover-20220922,001,1795
429.7115,429.7196,28906,38491,Eptesicus serotinus,0.008,0.023,-1,Echolocation,/mnt/ubna_data_02_mir/recover-20220922/UBNA_001/20220921_090000.WAV,Telephone Field,recover-20220922,001,1795
429.7135,429.7528,68437,82587,Rhinolophus ferrumequinum,0.026,0.026,-1,Echolocation,/mnt/ubna_data_02_mir/recover-20220922/UBNA_001/20220921_090000.WAV,Telephone Field,recover-20220922,001,1795
429.7195,429.7584,68437,82449,Rhinolophus ferrumequinum,0.025,0.025,-1,Echolocation,/mnt/ubna_data_02_mir/recover-20220922/UBNA_001/20220921_090000.WAV,Telephone Field,recover-20220922,001,1795
429.7375,429.7701,68437,80690,Rhinolophus ferrumequinum,0.022,0.023,-1,Echolocation,/mnt/ubna_data_02_mir/recover-20220922/UBNA_001/20220921_090000.WAV,Telephone Field,recover-20220922,001,1795
429.7435,429.7503,28906,39266,Eptesicus serotinus,0.01,0.033,-1,Echolocation,/mnt/ubna_data_02_mir/recover-20220922/UBNA_001/20220921_090000.WAV,Telephone Field,recover-20220922,001,1795
429.7485,429.7604,35781,41258,Eptesicus serotinus,0.005,0.023,-1,Echolocation,/mnt/ubna_data_02_mir/recover-20220922/UBNA_001/20220921_090000.WAV,Telephone Field,recover-20220922,001,1795
429.7605,429.803,68437,82178,Rhinolophus ferrumequinum,0.041,0.042,-1,Echolocation,/mnt/ubna_data_02_mir/recover-20220922/UBNA_001/20220921_090000.WAV,Telephone Field,recover-20220922,001,1795
429.7745,429.7849,23750,30541,Nyctalus leisleri,0.009,0.022,-1,Echolocation,/mnt/ubna_data_02_mir/recover-20220922/UBNA_001/20220921_090000.WAV,Telephone Field,recover-20220922,001,1795
429.7875,429.7961,25468,34289,Eptesicus serotinus,0.008,0.025,-1,Echolocation,/mnt/ubna_data_02_mir/recover-20220922/UBNA_001/20220921_090000.WAV,Telephone Field,recover-20220922,001,1795
429.7935,429.8317,68437,82372,Rhinolophus ferrumequinum,0.023,0.023,-1,Echolocation,/mnt/ubna_data_02_mir/recover-20220922/UBNA_001/20220921_090000.WAV,Telephone Field,recover-20220922,001,1795
429.8405,429.8821,68437,82771,Rhinolophus ferrumequinum,0.026,0.026,-1,Echolocation,/mnt/ubna_data_02_mir/recover-20220922/UBNA_001/20220921_090000.WAV,Telephone Field,recover-20220922,001,1795
429.8495,429.8603,23750,29532,Nyctalus leisleri,0.01,0.022,-1,Echolocation,/mnt/ubna_data_02_mir/recover-20220922/UBNA_001/20220921_090000.WAV,Telephone Field,recover-20220922,001,1795
429.8635,429.9044,68437,83019,Rhinolophus ferrumequinum,0.026,0.026,-1,Echolocation,/mnt/ubna_data_02_mir/recover-20220922/UBNA_001/20220921_090000.WAV,Telephone Field,recover-20220922,001,1795
429.8735,429.9122,68437,82508,Rhinolophus ferrumequinum,0.023,0.023,-1,Echolocation,/mnt/ubna_data_02_mir/recover-20220922/UBNA_001/20220921_090000.WAV,Telephone Field,recover-20220922,001,1795
429.8945,429.9013,27187,39432,Eptesicus serotinus,0.007,0.026,-1,Echolocation,/mnt/ubna_data_02_mir/recover-20220922/UBNA_001/20220921_090000.WAV,Telephone Field,recover-20220922,001,1795
429.9065,429.9435,68437,81759,Rhinolophus ferrumequinum,0.021,0.022,-1,Echolocation,/mnt/ubna_data_02_mir/recover-20220922/UBNA_001/20220921_090000.WAV,Telephone Field,recover-20220922,001,1795
429.9215,429.9593,68437,82519,Rhinolophus ferrumequinum,0.027,0.027,-1,Echolocation,/mnt/ubna_data_02_mir/recover-20220922/UBNA_001/20220921_090000.WAV,Telephone Field,recover-20220922,001,1795
429.9445,429.9834,68437,82082,Rhinolophus ferrumequinum,0.024,0.024,-1,Echolocation,/mnt/ubna_data_02_mir/recover-20220922/UBNA_001/20220921_090000.WAV,Telephone Field,recover-20220922,001,1795
429.9825,429.9926,22890,28705,Nyctalus leisleri,0.009,0.022,-1,Echolocation,/mnt/ubna_data_02_mir/recover-20220922/UBNA_001/20220921_090000.WAV,Telephone Field,recover-20220922,001,1795
430.0015,430.0106,24609,31179,Nyctalus leisleri,0.012,0.03,-1,Echolocation,/mnt/ubna_data_02_mir/recover-20220922/UBNA_001/20220921_090000.WAV,Telephone Field,recover-20220922,001,1795
430.0015,430.0346,69296,81440,Rhinolophus ferrumequinum,0.024,0.024,-1,Echolocation,/mnt/ubna_data_02_mir/recover-20220922/UBNA_001/20220921_090000.WAV,Telephone Field,recover-20220922,001,1795
430.0015,430.0107,46953,53810,Pipistrellus pipistrellus,0.019,0.025,-1,Echolocation,/mnt/ubna_data_02_mir/recover-20220922/UBNA_001/20220921_090000.WAV,Telephone Field,recover-20220922,001,1795
430.0375,430.0483,41796,45023,Pipistrellus pipistrellus,0.019,0.025,-1,Echolocation,/mnt/ubna_data_02_mir/recover-20220922/UBNA_001/20220921_090000.WAV,Telephone Field,recover-20220922,001,1795
430.0435,430.0529,28906,36952,Eptesicus serotinus,0.01,0.025,-1,Echolocation,/mnt/ubna_data_02_mir/recover-20220922/UBNA_001/20220921_090000.WAV,Telephone Field,recover-20220922,001,1795
430.0435,430.0823,68437,82147,Rhinolophus ferrumequinum,0.025,0.025,-1,Echolocation,/mnt/ubna_data_02_mir/recover-20220922/UBNA_001/20220921_090000.WAV,Telephone Field,recover-20220922,001,1795
430.0495,430.091,68437,82355,Rhinolophus ferrumequinum,0.024,0.024,-1,Echolocation,/mnt/ubna_data_02_mir/recover-20220922/UBNA_001/20220921_090000.WAV,Telephone Field,recover-20220922,001,1795
430.0585,430.0992,68437,82362,Rhinolophus ferrumequinum,0.022,0.022,-1,Echolocation,/mnt/ubna_data_02_mir/recover-20220922/UBNA_001/20220921_090000.WAV,Telephone Field,recover-20220922,001,1795
430.1315,430.1391,23750,32004,Plecotus austriacus,0.01,0.023,-1,Echolocation,/mnt/ubna_data_02_mir/recover-20220922/UBNA_001/20220921_090000.WAV,Telephone Field,recover-20220922,001,1795
430.1835,430.2207,68437,81753,Rhinolophus ferrumequinum,0.023,0.023,-1,Echolocation,/mnt/ubna_data_02_mir/recover-20220922/UBNA_001/20220921_090000.WAV,Telephone Field,recover-20220922,001,1795
430.1935,430.2013,28906,39011,Eptesicus serotinus,0.007,0.021,-1,Echolocation,/mnt/ubna_data_02_mir/recover-20220922/UBNA_001/20220921_090000.WAV,Telephone Field,recover-20220922,001,1795
430.2245,430.2354,22031,26453,Nyctalus leisleri,0.012,0.022,-1,Echolocation,/mnt/ubna_data_02_mir/recover-20220922/UBNA_001/20220921_090000.WAV,Telephone Field,recover-20220922,001,1795
430.2405,430.2481,28046,39548,Eptesicus serotinus,0.007,0.021,-1,Echolocation,/mnt/ubna_data_02_mir/recover-20220922/UBNA_001/20220921_090000.WAV,Telephone Field,recover-20220922,001,1795
430.2485,430.2887,68437,82506,Rhinolophus ferrumequinum,0.025,0.025,-1,Echolocation,/mnt/ubna_data_02_mir/recover-20220922/UBNA_001/20220921_090000.WAV,Telephone Field,recover-20220922,001,1795
430.2495,430.2561,24609,34015,Plecotus austriacus,0.009,0.024,-1,Echolocation,/mnt/ubna_data_02_mir/recover-20220922/UBNA_001/20220921_090000.WAV,Telephone Field,recover-20220922,001,1795
430.2745,430.3136,68437,82529,Rhinolophus ferrumequinum,0.023,0.023,-1,Echolocation,/mnt/ubna_data_02_mir/recover-20220922/UBNA_001/20220921_090000.WAV,Telephone Field,recover-20220922,001,1795
430.3385,430.376,68437,81822,Rhinolophus ferrumequinum,0.026,0.026,-1,Echolocation,/mnt/ubna_data_02_mir/recover-20220922/UBNA_001/20220921_090000.WAV,Telephone Field,recover-20220922,001,1795
430.3555,430.3949,68437,82324,Rhinolophus ferrumequinum,0.026,0.026,-1,Echolocation,/mnt/ubna_data_02_mir/recover-20220922/UBNA_001/20220921_090000.WAV,Telephone Field,recover-20220922,001,1795
430.3745,430.3852,24609,32211,Eptesicus serotinus,0.008,0.023,-1,Echolocation,/mnt/ubna_data_02_mir/recover-20220922/UBNA_001/20220921_090000.WAV,Telephone Field,recover-20220922,001,1795
430.3985,430.4385,68437,82219,Rhinolophus ferrumequinum,0.026,0.026,-1,Echolocation,/mnt/ubna_data_02_mir/recover-20220922/UBNA_001/20220921_090000.WAV,Telephone Field,recover-20220922,001,1795
430.4065,430.419,33203,38992,Eptesicus serotinus,0.01,0.036,-1,Echolocation,/mnt/ubna_data_02_mir/recover-20220922/UBNA_001/20220921_090000.WAV,Telephone Field,recover-20220922,001,1795
430.4185,430.4271,28046,38471,Eptesicus serotinus,0.008,0.021,-1,Echolocation,/mnt/ubna_data_02_mir/recover-20220922/UBNA_001/20220921_090000.WAV,Telephone Field,recover-20220922,001,1795
430.4225,430.4639,68437,82718,Rhinolophus ferrumequinum,0.035,0.035,-1,Echolocation,/mnt/ubna_data_02_mir/recover-20220922/UBNA_001/20220921_090000.WAV,Telephone Field,recover-20220922,001,1795
430.4415,430.4519,28046,37522,Eptesicus serotinus,0.013,0.026,-1,Echolocation,/mnt/ubna_data_02_mir/recover-20220922/UBNA_001/20220921_090000.WAV,Telephone Field,recover-20220922,001,1795
430.4575,430.4948,68437,81562,Rhinolophus ferrumequinum,0.022,0.022,-1,Echolocation,/mnt/ubna_data_02_mir/recover-20220922/UBNA_001/20220921_090000.WAV,Telephone Field,recover-20220922,001,1795
430.4795,430.5175,68437,82272,Rhinolophus ferrumequinum,0.021,0.021,-1,Echolocation,/mnt/ubna_data_02_mir/recover-20220922/UBNA_001/20220921_090000.WAV,Telephone Field,recover-20220922,001,1795
430.4985,430.5398,68437,82716,Rhinolophus ferrumequinum,0.023,0.023,-1,Echolocation,/mnt/ubna_data_02_mir/recover-20220922/UBNA_001/20220921_090000.WAV,Telephone Field,recover-20220922,001,1795
430.5035,430.5115,28046,37911,Eptesicus serotinus,0.007,0.023,-1,Echolocation,/mnt/ubna_data_02_mir/recover-20220922/UBNA_001/20220921_090000.WAV,Telephone Field,recover-20220922,001,1795
430.5345,430.5421,28906,39914,Eptesicus serotinus,0.007,0.022,-1,Echolocation,/mnt/ubna_data_02_mir/recover-20220922/UBNA_001/20220921_090000.WAV,Telephone Field,recover-20220922,001,1795
430.5565,430.5937,68437,82617,Rhinolophus ferrumequinum,0.025,0.025,-1,Echolocation,/mnt/ubna_data_02_mir/recover-20220922/UBNA_001/20220921_090000.WAV,Telephone Field,recover-20220922,001,1795
430.5635,430.5711,27187,40208,Eptesicus serotinus,0.007,0.021,-1,Echolocation,/mnt/ubna_data_02_mir/recover-20220922/UBNA_001/20220921_090000.WAV,Telephone Field,recover-20220922,001,1795
430.5715,430.5794,26328,35582,Eptesicus serotinus,0.009,0.024,-1,Echolocation,/mnt/ubna_data_02_mir/recover-20220922/UBNA_001/20220921_090000.WAV,Telephone Field,recover-20220922,001,1795
430.5875,430.6238,68437,81573,Rhinolophus ferrumequinum,0.022,0.022,-1,Echolocation,/mnt/ubna_data_02_mir/recover-20220922/UBNA_001/20220921_090000.WAV,Telephone Field,recover-20220922,001,1795
430.6065,430.6172,26328,33423,Eptesicus serotinus,0.011,0.025,-1,Echolocation,/mnt/ubna_data_02_mir/recover-20220922/UBNA_001/20220921_090000.WAV,Telephone Field,recover-20220922,001,1795
430.6095,430.6479,68437,82271,Rhinolophus ferrumequinum,0.021,0.021,-1,Echolocation,/mnt/ubna_data_02_mir/recover-20220922/UBNA_001/20220921_090000.WAV,Telephone Field,recover-20220922,001,1795
430.6255,430.6638,68437,82415,Rhinolophus ferrumequinum,0.03,0.03,-1,Echolocation,/mnt/ubna_data_02_mir/recover-20220922/UBNA_001/20220921_090000.WAV,Telephone Field,recover-20220922,001,1795
430.6335,430.6446,28906,34653,Eptesicus serotinus,0.011,0.028,-1,Echolocation,/mnt/ubna_data_02_mir/recover-20220922/UBNA_001/20220921_090000.WAV,Telephone Field,recover-20220922,001,1795
430.6475,430.6588,37500,42916,Pipistrellus nathusii,0.012,0.025,-1,Echolocation,/mnt/ubna_data_02_mir/recover-20220922/UBNA_001/20220921_090000.WAV,Telephone Field,recover-20220922,001,1795
430.6485,430.6862,68437,81763,Rhinolophus ferrumequinum,0.022,0.022,-1,Echolocation,/mnt/ubna_data_02_mir/recover-20220922/UBNA_001/20220921_090000.WAV,Telephone Field,recover-20220922,001,1795
430.6805,430.6904,23750,30696,Nyctalus leisleri,0.008,0.022,-1,Echolocation,/mnt/ubna_data_02_mir/recover-20220922/UBNA_001/20220921_090000.WAV,Telephone Field,recover-20220922,001,1795
430.7045,430.7444,68437,82497,Rhinolophus ferrumequinum,0.023,0.023,-1,Echolocation,/mnt/ubna_data_02_mir/recover-20220922/UBNA_001/20220921_090000.WAV,Telephone Field,recover-20220922,001,1795
430.7405,430.7845,68437,83509,Rhinolophus ferrumequinum,0.043,0.043,-1,Echolocation,/mnt/ubna_data_02_mir/recover-20220922/UBNA_001/20220921_090000.WAV,Telephone Field,recover-20220922,001,1795
430.7755,430.785,28906,37867,Eptesicus serotinus,0.011,0.026,-1,Echolocation,/mnt/ubna_data_02_mir/recover-20220922/UBNA_001/20220921_090000.WAV,Telephone Field,recover-20220922,001,1795
430.7765,430.8114,68437,80875,Rhinolophus ferrumequinum,0.025,0.025,-1,Echolocation,/mnt/ubna_data_02_mir/recover-20220922/UBNA_001/20220921_090000.WAV,Telephone Field,recover-20220922,001,1795
430.7985,430.8062,24609,33501,Plecotus austriacus,0.006,0.021,-1,Echolocation,/mnt/ubna_data_02_mir/recover-20220922/UBNA_001/20220921_090000.WAV,Telephone Field,recover-20220922,001,1795
430.8225,430.8328,22890,27653,Nyctalus leisleri,0.011,0.022,-1,Echolocation,/mnt/ubna_data_02_mir/recover-20220922/UBNA_001/20220921_090000.WAV,Telephone Field,recover-20220922,001,1795
430.8395,430.8761,68437,81723,Rhinolophus ferrumequinum,0.021,0.021,-1,Echolocation,/mnt/ubna_data_02_mir/recover-20220922/UBNA_001/20220921_090000.WAV,Telephone Field,recover-20220922,001,1795
430.8465,430.88530000000003,68437,82342,Rhinolophus ferrumequinum,0.024,0.024,-1,Echolocation,/mnt/ubna_data_02_mir/recover-20220922/UBNA_001/20220921_090000.WAV,Telephone Field,recover-20220922,001,1795
430.8655,430.9056,68437,81993,Rhinolophus ferrumequinum,0.032,0.032,-1,Echolocation,/mnt/ubna_data_02_mir/recover-20220922/UBNA_001/20220921_090000.WAV,Telephone Field,recover-20220922,001,1795
430.8695,430.8807,27187,33621,Eptesicus serotinus,0.012,0.024,-1,Echolocation,/mnt/ubna_data_02_mir/recover-20220922/UBNA_001/20220921_090000.WAV,Telephone Field,recover-20220922,001,1795
430.8935,430.9042,22890,27441,Nyctalus leisleri,0.012,0.023,-1,Echolocation,/mnt/ubna_data_02_mir/recover-20220922/UBNA_001/20220921_090000.WAV,Telephone Field,recover-20220922,001,1795
430.9135,430.9558,68437,82783,Rhinolophus ferrumequinum,0.054,0.054,-1,Echolocation,/mnt/ubna_data_02_mir/recover-20220922/UBNA_001/20220921_090000.WAV,Telephone Field,recover-20220922,001,1795
430.9305,430.9384,23750,32290,Plecotus austriacus,0.012,0.036,-1,Echolocation,/mnt/ubna_data_02_mir/recover-20220922/UBNA_001/20220921_090000.WAV,Telephone Field,recover-20220922,001,1795
430.9595,430.9969,68437,82614,Rhinolophus ferrumequinum,0.023,0.023,-1,Echolocation,/mnt/ubna_data_02_mir/recover-20220922/UBNA_001/20220921_090000.WAV,Telephone Field,recover-20220922,001,1795
430.9795,431.0196,68437,81650,Rhinolophus ferrumequinum,0.021,0.021,-1,Echolocation,/mnt/ubna_data_02_mir/recover-20220922/UBNA_001/20220921_090000.WAV,Telephone Field,recover-20220922,001,1795
430.9865,430.9941,23750,32557,Plecotus austriacus,0.01,0.024,-1,Echolocation,/mnt/ubna_data_02_mir/recover-20220922/UBNA_001/20220921_090000.WAV,Telephone Field,recover-20220922,001,1795
431.0065,431.0419,68437,82278,Rhinolophus ferrumequinum,0.022,0.022,-1,Echolocation,/mnt/ubna_data_02_mir/recover-20220922/UBNA_001/20220921_090000.WAV,Telephone Field,recover-20220922,001,1795
431.0075,431.0156,27187,37135,Eptesicus serotinus,0.006,0.021,-1,Echolocation,/mnt/ubna_data_02_mir/recover-20220922/UBNA_001/20220921_090000.WAV,Telephone Field,recover-20220922,001,1795
431.0135,431.05219999999997,68437,82209,Rhinolophus ferrumequinum,0.022,0.022,-1,Echolocation,/mnt/ubna_data_02_mir/recover-20220922/UBNA_001/20220921_090000.WAV,Telephone Field,recover-20220922,001,1795
431.0525,431.0925,68437,82133,Rhinolophus ferrumequinum,0.025,0.025,-1,Echolocation,/mnt/ubna_data_02_mir/recover-20220922/UBNA_001/20220921_090000.WAV,Telephone Field,recover-20220922,001,1795
431.0755,431.0919,54687,58433,Pipistrellus pygmaeus,0.027,0.028,-1,Echolocation,/mnt/ubna_data_02_mir/recover-20220922/UBNA_001/20220921_090000.WAV,Telephone Field,recover-20220922,001,1795
431.1025,431.1124,28046,36091,Eptesicus serotinus,0.012,0.025,-1,Echolocation,/mnt/ubna_data_02_mir/recover-20220922/UBNA_001/20220921_090000.WAV,Telephone Field,recover-20220922,001,1795
431.1095,431.1468,68437,82014,Rhinolophus ferrumequinum,0.023,0.023,-1,Echolocation,/mnt/ubna_data_02_mir/recover-20220922/UBNA_001/20220921_090000.WAV,Telephone Field,recover-20220922,001,1795
431.1145,431.122,28046,41791,Eptesicus serotinus,0.007,0.023,-1,Echolocation,/mnt/ubna_data_02_mir/recover-20220922/UBNA_001/20220921_090000.WAV,Telephone Field,recover-20220922,001,1795
431.1325,431.146,22890,27280,Nyctalus leisleri,0.016,0.028,-1,Echolocation,/mnt/ubna_data_02_mir/recover-20220922/UBNA_001/20220921_090000.WAV,Telephone Field,recover-20220922,001,1795
431.1325,431.172,68437,82428,Rhinolophus ferrumequinum,0.023,0.023,-1,Echolocation,/mnt/ubna_data_02_mir/recover-20220922/UBNA_001/20220921_090000.WAV,Telephone Field,recover-20220922,001,1795
431.1595,431.2007,68437,82850,Rhinolophus ferrumequinum,0.029,0.029,-1,Echolocation,/mnt/ubna_data_02_mir/recover-20220922/UBNA_001/20220921_090000.WAV,Telephone Field,recover-20220922,001,1795
431.1785,431.1855,28046,37466,Eptesicus serotinus,0.007,0.023,-1,Echolocation,/mnt/ubna_data_02_mir/recover-20220922/UBNA_001/20220921_090000.WAV,Telephone Field,recover-20220922,001,1795
431.2015,431.2398,68437,82127,Rhinolophus ferrumequinum,0.023,0.023,-1,Echolocation,/mnt/ubna_data_02_mir/recover-20220922/UBNA_001/20220921_090000.WAV,Telephone Field,recover-20220922,001,1795
431.2065,431.2173,24609,30026,Nyctalus leisleri,0.009,0.022,-1,Echolocation,/mnt/ubna_data_02_mir/recover-20220922/UBNA_001/20220921_090000.WAV,Telephone Field,recover-20220922,001,1795
431.2165,431.2549,68437,82099,Rhinolophus ferrumequinum,0.023,0.023,-1,Echolocation,/mnt/ubna_data_02_mir/recover-20220922/UBNA_001/20220921_090000.WAV,Telephone Field,recover-20220922,001,1795
431.2325,431.2434,25468,31173,Eptesicus serotinus,0.01,0.027,-1,Echolocation,/mnt/ubna_data_02_mir/recover-20220922/UBNA_001/20220921_090000.WAV,Telephone Field,recover-20220922,001,1795
431.2485,431.2905,68437,82916,Rhinolophus ferrumequinum,0.025,0.025,-1,Echolocation,/mnt/ubna_data_02_mir/recover-20220922/UBNA_001/20220921_090000.WAV,Telephone Field,recover-20220922,001,1795
431.2585,431.3001,68437,83107,Rhinolophus ferrumequinum,0.033,0.033,-1,Echolocation,/mnt/ubna_data_02_mir/recover-20220922/UBNA_001/20220921_090000.WAV,Telephone Field,recover-20220922,001,1795
431.2695,431.3084,68437,82593,Rhinolophus ferrumequinum,0.023,0.023,-1,Echolocation,/mnt/ubna_data_02_mir/recover-20220922/UBNA_001/20220921_090000.WAV,Telephone Field,recover-20220922,001,1795
431.3425,431.3846,68437,82929,Rhinolophus ferrumequinum,0.025,0.025,-1,Echolocation,/mnt/ubna_data_02_mir/recover-20220922/UBNA_001/20220921_090000.WAV,Telephone Field,recover-20220922,001,1795
431.3655,431.3735,44375,48791,Pipistrellus pipistrellus,0.019,0.023,-1,Echolocation,/mnt/ubna_data_02_mir/recover-20220922/UBNA_001/20220921_090000.WAV,Telephone Field,recover-20220922,001,1795
431.3885,431.4253,68437,81980,Rhinolophus ferrumequinum,0.023,0.023,-1,Echolocation,/mnt/ubna_data_02_mir/recover-20220922/UBNA_001/20220921_090000.WAV,Telephone Field,recover-20220922,001,1795
431.4055,431.441,68437,81281,Rhinolophus ferrumequinum,0.021,0.021,-1,Echolocation,/mnt/ubna_data_02_mir/recover-20220922/UBNA_001/20220921_090000.WAV,Telephone Field,recover-20220922,001,1795
431.4175,431.4544,68437,81332,Rhinolophus ferrumequinum,0.022,0.022,-1,Echolocation,/mnt/ubna_data_02_mir/recover-20220922/UBNA_001/20220921_090000.WAV,Telephone Field,recover-20220922,001,1795
431.4295,431.4647,68437,81619,Rhinolophus ferrumequinum,0.021,0.021,-1,Echolocation,/mnt/ubna_data_02_mir/recover-20220922/UBNA_001/20220921_090000.WAV,Telephone Field,recover-20220922,001,1795
431.4395,431.4777,68437,82022,Rhinolophus ferrumequinum,0.024,0.024,-1,Echolocation,/mnt/ubna_data_02_mir/recover-20220922/UBNA_001/20220921_090000.WAV,Telephone Field,recover-20220922,001,1795
431.4515,431.4601,23750,31405,Plecotus austriacus,0.009,0.024,-1,Echolocation,/mnt/ubna_data_02_mir/recover-20220922/UBNA_001/20220921_090000.WAV,Telephone Field,recover-20220922,001,1795
431.5005,431.537,68437,81791,Rhinolophus ferrumequinum,0.024,0.024,-1,Echolocation,/mnt/ubna_data_02_mir/recover-20220922/UBNA_001/20220921_090000.WAV,Telephone Field,recover-20220922,001,1795
431.5295,431.5714,68437,82734,Rhinolophus ferrumequinum,0.023,0.023,-1,Echolocation,/mnt/ubna_data_02_mir/recover-20220922/UBNA_001/20220921_090000.WAV,Telephone Field,recover-20220922,001,1795
431.5515,431.5897,68437,82201,Rhinolophus ferrumequinum,0.021,0.021,-1,Echolocation,/mnt/ubna_data_02_mir/recover-20220922/UBNA_001/20220921_090000.WAV,Telephone Field,recover-20220922,001,1795
431.5705,431.5799,26328,35421,Eptesicus serotinus,0.009,0.022,-1,Echolocation,/mnt/ubna_data_02_mir/recover-20220922/UBNA_001/20220921_090000.WAV,Telephone Field,recover-20220922,001,1795
431.5785,431.6189,68437,82694,Rhinolophus ferrumequinum,0.023,0.023,-1,Echolocation,/mnt/ubna_data_02_mir/recover-20220922/UBNA_001/20220921_090000.WAV,Telephone Field,recover-20220922,001,1795
431.6255,431.6624,68437,81385,Rhinolophus ferrumequinum,0.022,0.022,-1,Echolocation,/mnt/ubna_data_02_mir/recover-20220922/UBNA_001/20220921_090000.WAV,Telephone Field,recover-20220922,001,1795
431.6335,431.669,68437,80879,Rhinolophus ferrumequinum,0.021,0.022,-1,Echolocation,/mnt/ubna_data_02_mir/recover-20220922/UBNA_001/20220921_090000.WAV,Telephone Field,recover-20220922,001,1795
431.6595,431.6689,26328,32980,Eptesicus serotinus,0.014,0.04,-1,Echolocation,/mnt/ubna_data_02_mir/recover-20220922/UBNA_001/20220921_090000.WAV,Telephone Field,recover-20220922,001,1795
431.6675,431.70550000000003,68437,82476,Rhinolophus ferrumequinum,0.023,0.023,-1,Echolocation,/mnt/ubna_data_02_mir/recover-20220922/UBNA_001/20220921_090000.WAV,Telephone Field,recover-20220922,001,1795
431.6755,431.7138,68437,82769,Rhinolophus ferrumequinum,0.028,0.028,-1,Echolocation,/mnt/ubna_data_02_mir/recover-20220922/UBNA_001/20220921_090000.WAV,Telephone Field,recover-20220922,001,1795
431.6995,431.7369,68437,82167,Rhinolophus ferrumequinum,0.023,0.023,-1,Echolocation,/mnt/ubna_data_02_mir/recover-20220922/UBNA_001/20220921_090000.WAV,Telephone Field,recover-20220922,001,1795
431.7265,431.7657,68437,82229,Rhinolophus ferrumequinum,0.021,0.021,-1,Echolocation,/mnt/ubna_data_02_mir/recover-20220922/UBNA_001/20220921_090000.WAV,Telephone Field,recover-20220922,001,1795
431.7265,431.7373,27187,34871,Eptesicus serotinus,0.013,0.026,-1,Echolocation,/mnt/ubna_data_02_mir/recover-20220922/UBNA_001/20220921_090000.WAV,Telephone Field,recover-20220922,001,1795
431.7465,431.7568,43515,46679,Pipistrellus pipistrellus,0.02,0.023,-1,Echolocation,/mnt/ubna_data_02_mir/recover-20220922/UBNA_001/20220921_090000.WAV,Telephone Field,recover-20220922,001,1795
431.7675,431.802,68437,81103,Rhinolophus ferrumequinum,0.028,0.028,-1,Echolocation,/mnt/ubna_data_02_mir/recover-20220922/UBNA_001/20220921_090000.WAV,Telephone Field,recover-20220922,001,1795
431.7815,431.7883,27187,37841,Eptesicus serotinus,0.009,0.029,-1,Echolocation,/mnt/ubna_data_02_mir/recover-20220922/UBNA_001/20220921_090000.WAV,Telephone Field,recover-20220922,001,1795
431.7855,431.8269,68437,83272,Rhinolophus ferrumequinum,0.055,0.056,-1,Echolocation,/mnt/ubna_data_02_mir/recover-20220922/UBNA_001/20220921_090000.WAV,Telephone Field,recover-20220922,001,1795
431.9045,431.9431,68437,82277,Rhinolophus ferrumequinum,0.023,0.023,-1,Echolocation,/mnt/ubna_data_02_mir/recover-20220922/UBNA_001/20220921_090000.WAV,Telephone Field,recover-20220922,001,1795
431.9355,431.9726,68437,82327,Rhinolophus ferrumequinum,0.023,0.023,-1,Echolocation,/mnt/ubna_data_02_mir/recover-20220922/UBNA_001/20220921_090000.WAV,Telephone Field,recover-20220922,001,1795
431.9585,431.9971,68437,82190,Rhinolophus ferrumequinum,0.026,0.026,-1,Echolocation,/mnt/ubna_data_02_mir/recover-20220922/UBNA_001/20220921_090000.WAV,Telephone Field,recover-20220922,001,1795
432.0015,432.0111,24609,32117,Nyctalus leisleri,0.012,0.029,-1,Echolocation,/mnt/ubna_data_02_mir/recover-20220922/UBNA_001/20220921_090000.WAV,Telephone Field,recover-20220922,001,1795
432.0015,432.0359,68437,80195,Rhinolophus ferrumequinum,0.026,0.026,-1,Echolocation,/mnt/ubna_data_02_mir/recover-20220922/UBNA_001/20220921_090000.WAV,Telephone Field,recover-20220922,001,1795
432.0015,432.0093,47812,56411,Pipistrellus pipistrellus,0.015,0.021,-1,Echolocation,/mnt/ubna_data_02_mir/recover-20220922/UBNA_001/20220921_090000.WAV,Telephone Field,recover-20220922,001,1795
432.0105,432.0542,68437,83060,Rhinolophus ferrumequinum,0.023,0.023,-1,Echolocation,/mnt/ubna_data_02_mir/recover-20220922/UBNA_001/20220921_090000.WAV,Telephone Field,recover-20220922,001,1795
432.0125,432.0221,27187,35954,Eptesicus serotinus,0.009,0.022,-1,Echolocation,/mnt/ubna_data_02_mir/recover-20220922/UBNA_001/20220921_090000.WAV,Telephone Field,recover-20220922,001,1795
432.0325,432.0743,68437,82996,Rhinolophus ferrumequinum,0.036,0.036,-1,Echolocation,/mnt/ubna_data_02_mir/recover-20220922/UBNA_001/20220921_090000.WAV,Telephone Field,recover-20220922,001,1795
432.0825,432.1178,68437,81847,Rhinolophus ferrumequinum,0.021,0.021,-1,Echolocation,/mnt/ubna_data_02_mir/recover-20220922/UBNA_001/20220921_090000.WAV,Telephone Field,recover-20220922,001,1795
432.0995,432.1428,68437,83155,Rhinolophus ferrumequinum,0.028,0.028,-1,Echolocation,/mnt/ubna_data_02_mir/recover-20220922/UBNA_001/20220921_090000.WAV,Telephone Field,recover-20220922,001,1795
432.1265,432.1342,28046,39261,Eptesicus serotinus,0.008,0.024,-1,Echolocation,/mnt/ubna_data_02_mir/recover-20220922/UBNA_001/20220921_090000.WAV,Telephone Field,recover-20220922,001,1795
432.1435,432.1522,28906,39019,Eptesicus serotinus,0.01,0.026,-1,Echolocation,/mnt/ubna_data_02_mir/recover-20220922/UBNA_001/20220921_090000.WAV,Telephone Field,recover-20220922,001,1795
432.1445,432.1808,68437,81616,Rhinolophus ferrumequinum,0.021,0.021,-1,Echolocation,/mnt/ubna_data_02_mir/recover-20220922/UBNA_001/20220921_090000.WAV,Telephone Field,recover-20220922,001,1795
432.1545,432.1917,68437,82146,Rhinolophus ferrumequinum,0.023,0.023,-1,Echolocation,/mnt/ubna_data_02_mir/recover-20220922/UBNA_001/20220921_090000.WAV,Telephone Field,recover-20220922,001,1795
432.16949999999997,432.1801,23750,29471,Nyctalus leisleri,0.011,0.025,-1,Echolocation,/mnt/ubna_data_02_mir/recover-20220922/UBNA_001/20220921_090000.WAV,Telephone Field,recover-20220922,001,1795
432.2075,432.2455,68437,81411,Rhinolophus ferrumequinum,0.023,0.023,-1,Echolocation,/mnt/ubna_data_02_mir/recover-20220922/UBNA_001/20220921_090000.WAV,Telephone Field,recover-20220922,001,1795
432.2395,432.2508,22890,28509,Nyctalus leisleri,0.023,0.054,-1,Echolocation,/mnt/ubna_data_02_mir/recover-20220922/UBNA_001/20220921_090000.WAV,Telephone Field,recover-20220922,001,1795
432.2495,432.2901,68437,82645,Rhinolophus ferrumequinum,0.024,0.024,-1,Echolocation,/mnt/ubna_data_02_mir/recover-20220922/UBNA_001/20220921_090000.WAV,Telephone Field,recover-20220922,001,1795
432.2575,432.2645,48671,53076,Pipistrellus pipistrellus,0.022,0.024,-1,Echolocation,/mnt/ubna_data_02_mir/recover-20220922/UBNA_001/20220921_090000.WAV,Telephone Field,recover-20220922,001,1795
432.2575,432.2953,68437,82511,Rhinolophus ferrumequinum,0.022,0.022,-1,Echolocation,/mnt/ubna_data_02_mir/recover-20220922/UBNA_001/20220921_090000.WAV,Telephone Field,recover-20220922,001,1795
432.2905,432.2989,28046,39047,Eptesicus serotinus,0.008,0.022,-1,Echolocation,/mnt/ubna_data_02_mir/recover-20220922/UBNA_001/20220921_090000.WAV,Telephone Field,recover-20220922,001,1795
432.2955,432.3052,15156,21815,Nyctalus noctula,0.022,0.043,-1,Echolocation,/mnt/ubna_data_02_mir/recover-20220922/UBNA_001/20220921_090000.WAV,Telephone Field,recover-20220922,001,1795
432.3155,432.3526,68437,81402,Rhinolophus ferrumequinum,0.021,0.021,-1,Echolocation,/mnt/ubna_data_02_mir/recover-20220922/UBNA_001/20220921_090000.WAV,Telephone Field,recover-20220922,001,1795
432.3505,432.3897,68437,81889,Rhinolophus ferrumequinum,0.029,0.029,-1,Echolocation,/mnt/ubna_data_02_mir/recover-20220922/UBNA_001/20220921_090000.WAV,Telephone Field,recover-20220922,001,1795
432.3565,432.3678,22890,28282,Nyctalus leisleri,0.012,0.027,-1,Echolocation,/mnt/ubna_data_02_mir/recover-20220922/UBNA_001/20220921_090000.WAV,Telephone Field,recover-20220922,001,1795
432.3725,432.3812,25468,34167,Nyctalus leisleri,0.01,0.037,-1,Echolocation,/mnt/ubna_data_02_mir/recover-20220922/UBNA_001/20220921_090000.WAV,Telephone Field,recover-20220922,001,1795
432.3785,432.4158,68437,81942,Rhinolophus ferrumequinum,0.021,0.021,-1,Echolocation,/mnt/ubna_data_02_mir/recover-20220922/UBNA_001/20220921_090000.WAV,Telephone Field,recover-20220922,001,1795
432.4185,432.454,68437,82041,Rhinolophus ferrumequinum,0.021,0.021,-1,Echolocation,/mnt/ubna_data_02_mir/recover-20220922/UBNA_001/20220921_090000.WAV,Telephone Field,recover-20220922,001,1795
432.4315,432.4721,68437,82663,Rhinolophus ferrumequinum,0.023,0.023,-1,Echolocation,/mnt/ubna_data_02_mir/recover-20220922/UBNA_001/20220921_090000.WAV,Telephone Field,recover-20220922,001,1795
432.4365,432.445,43515,49662,Pipistrellus pipistrellus,0.02,0.024,-1,Echolocation,/mnt/ubna_data_02_mir/recover-20220922/UBNA_001/20220921_090000.WAV,Telephone Field,recover-20220922,001,1795
432.4455,432.4844,68437,81918,Rhinolophus ferrumequinum,0.023,0.023,-1,Echolocation,/mnt/ubna_data_02_mir/recover-20220922/UBNA_001/20220921_090000.WAV,Telephone Field,recover-20220922,001,1795
432.4595,432.4682,27187,37516,Eptesicus serotinus,0.008,0.022,-1,Echolocation,/mnt/ubna_data_02_mir/recover-20220922/UBNA_001/20220921_090000.WAV,Telephone Field,recover-20220922,001,1795
432.5095,432.554,68437,82991,Rhinolophus ferrumequinum,0.029,0.029,-1,Echolocation,/mnt/ubna_data_02_mir/recover-20220922/UBNA_001/20220921_090000.WAV,Telephone Field,recover-20220922,001,1795
432.5335,432.5417,28906,40514,Eptesicus serotinus,0.008,0.023,-1,Echolocation,/mnt/ubna_data_02_mir/recover-20220922/UBNA_001/20220921_090000.WAV,Telephone Field,recover-20220922,001,1795
432.5345,432.5773,68437,83168,Rhinolophus ferrumequinum,0.025,0.025,-1,Echolocation,/mnt/ubna_data_02_mir/recover-20220922/UBNA_001/20220921_090000.WAV,Telephone Field,recover-20220922,001,1795
432.5525,432.56,28046,40668,Eptesicus serotinus,0.007,0.021,-1,Echolocation,/mnt/ubna_data_02_mir/recover-20220922/UBNA_001/20220921_090000.WAV,Telephone Field,recover-20220922,001,1795
432.5935,432.6345,68437,82524,Rhinolophus ferrumequinum,0.023,0.023,-1,Echolocation,/mnt/ubna_data_02_mir/recover-20220922/UBNA_001/20220921_090000.WAV,Telephone Field,recover-20220922,001,1795
432.6045,432.6112,32343,47132,Myotis daubentonii,0.009,0.022,-1,Echolocation,/mnt/ubna_data_02_mir/recover-20220922/UBNA_001/20220921_090000.WAV,Telephone Field,recover-20220922,001,1795
432.6305,432.6698,68437,82345,Rhinolophus ferrumequinum,0.022,0.022,-1,Echolocation,/mnt/ubna_data_02_mir/recover-20220922/UBNA_001/20220921_090000.WAV,Telephone Field,recover-20220922,001,1795
432.6555,432.6953,68437,82248,Rhinolophus ferrumequinum,0.025,0.025,-1,Echolocation,/mnt/ubna_data_02_mir/recover-20220922/UBNA_001/20220921_090000.WAV,Telephone Field,recover-20220922,001,1795
432.6775,432.6888,45234,48918,Pipistrellus pipistrellus,0.022,0.024,-1,Echolocation,/mnt/ubna_data_02_mir/recover-20220922/UBNA_001/20220921_090000.WAV,Telephone Field,recover-20220922,001,1795
432.7095,432.7522,68437,83522,Rhinolophus ferrumequinum,0.041,0.041,-1,Echolocation,/mnt/ubna_data_02_mir/recover-20220922/UBNA_001/20220921_090000.WAV,Telephone Field,recover-20220922,001,1795
432.7195,432.7293,27187,37364,Eptesicus serotinus,0.011,0.026,-1,Echolocation,/mnt/ubna_data_02_mir/recover-20220922/UBNA_001/20220921_090000.WAV,Telephone Field,recover-20220922,001,1795
432.7435,432.7812,68437,82130,Rhinolophus ferrumequinum,0.025,0.025,-1,Echolocation,/mnt/ubna_data_02_mir/recover-20220922/UBNA_001/20220921_090000.WAV,Telephone Field,recover-20220922,001,1795
432.7765,432.7835,45234,48905,Pipistrellus pipistrellus,0.022,0.023,-1,Echolocation,/mnt/ubna_data_02_mir/recover-20220922/UBNA_001/20220921_090000.WAV,Telephone Field,recover-20220922,001,1795
432.8185,432.8589,68437,82212,Rhinolophus ferrumequinum,0.021,0.021,-1,Echolocation,/mnt/ubna_data_02_mir/recover-20220922/UBNA_001/20220921_090000.WAV,Telephone Field,recover-20220922,001,1795
432.8295,432.8403,22890,27937,Nyctalus leisleri,0.011,0.023,-1,Echolocation,/mnt/ubna_data_02_mir/recover-20220922/UBNA_001/20220921_090000.WAV,Telephone Field,recover-20220922,001,1795
432.8395,432.8815,68437,82332,Rhinolophus ferrumequinum,0.025,0.025,-1,Echolocation,/mnt/ubna_data_02_mir/recover-20220922/UBNA_001/20220921_090000.WAV,Telephone Field,recover-20220922,001,1795
432.8675,432.906,68437,82003,Rhinolophus ferrumequinum,0.029,0.029,-1,Echolocation,/mnt/ubna_data_02_mir/recover-20220922/UBNA_001/20220921_090000.WAV,Telephone Field,recover-20220922,001,1795
432.8855,432.9226,68437,81249,Rhinolophus ferrumequinum,0.023,0.023,-1,Echolocation,/mnt/ubna_data_02_mir/recover-20220922/UBNA_001/20220921_090000.WAV,Telephone Field,recover-20220922,001,1795
432.8925,432.9035,28046,35390,Eptesicus serotinus,0.022,0.037,-1,Echolocation,/mnt/ubna_data_02_mir/recover-20220922/UBNA_001/20220921_090000.WAV,Telephone Field,recover-20220922,001,1795
432.8965,432.9352,68437,81970,Rhinolophus ferrumequinum,0.021,0.021,-1,Echolocation,/mnt/ubna_data_02_mir/recover-20220922/UBNA_001/20220921_090000.WAV,Telephone Field,recover-20220922,001,1795
432.9085,432.9204,24609,30501,Nyctalus leisleri,0.013,0.03,-1,Echolocation,/mnt/ubna_data_02_mir/recover-20220922/UBNA_001/20220921_090000.WAV,Telephone Field,recover-20220922,001,1795
432.9165,432.9279,25468,30816,Nyctalus leisleri,0.01,0.026,-1,Echolocation,/mnt/ubna_data_02_mir/recover-20220922/UBNA_001/20220921_090000.WAV,Telephone Field,recover-20220922,001,1795
432.9385,432.9491,23750,30629,Eptesicus serotinus,0.008,0.022,-1,Echolocation,/mnt/ubna_data_02_mir/recover-20220922/UBNA_001/20220921_090000.WAV,Telephone Field,recover-20220922,001,1795
432.9505,432.9883,68437,81909,Rhinolophus ferrumequinum,0.021,0.022,-1,Echolocation,/mnt/ubna_data_02_mir/recover-20220922/UBNA_001/20220921_090000.WAV,Telephone Field,recover-20220922,001,1795
432.9725,432.9795,24609,33781,Plecotus austriacus,0.008,0.025,-1,Echolocation,/mnt/ubna_data_02_mir/recover-20220922/UBNA_001/20220921_090000.WAV,Telephone Field,recover-20220922,001,1795
433.1005,433.1378,68437,82245,Rhinolophus ferrumequinum,0.023,0.023,-1,Echolocation,/mnt/ubna_data_02_mir/recover-20220922/UBNA_001/20220921_090000.WAV,Telephone Field,recover-20220922,001,1795
433.1015,433.1097,26328,35787,Eptesicus serotinus,0.01,0.026,-1,Echolocation,/mnt/ubna_data_02_mir/recover-20220922/UBNA_001/20220921_090000.WAV,Telephone Field,recover-20220922,001,1795
433.1155,433.1249,46953,50156,Pipistrellus pipistrellus,0.022,0.024,-1,Echolocation,/mnt/ubna_data_02_mir/recover-20220922/UBNA_001/20220921_090000.WAV,Telephone Field,recover-20220922,001,1795
433.1285,433.1651,68437,81953,Rhinolophus ferrumequinum,0.022,0.022,-1,Echolocation,/mnt/ubna_data_02_mir/recover-20220922/UBNA_001/20220921_090000.WAV,Telephone Field,recover-20220922,001,1795
433.1305,433.1375,28046,39614,Eptesicus serotinus,0.006,0.021,-1,Echolocation,/mnt/ubna_data_02_mir/recover-20220922/UBNA_001/20220921_090000.WAV,Telephone Field,recover-20220922,001,1795
433.1535,433.1912,68437,82093,Rhinolophus ferrumequinum,0.021,0.021,-1,Echolocation,/mnt/ubna_data_02_mir/recover-20220922/UBNA_001/20220921_090000.WAV,Telephone Field,recover-20220922,001,1795
433.1715,433.18,28046,38813,Eptesicus serotinus,0.007,0.021,-1,Echolocation,/mnt/ubna_data_02_mir/recover-20220922/UBNA_001/20220921_090000.WAV,Telephone Field,recover-20220922,001,1795
433.1765,433.2153,68437,82204,Rhinolophus ferrumequinum,0.022,0.022,-1,Echolocation,/mnt/ubna_data_02_mir/recover-20220922/UBNA_001/20220921_090000.WAV,Telephone Field,recover-20220922,001,1795
433.2345,433.2738,68437,82076,Rhinolophus ferrumequinum,0.021,0.021,-1,Echolocation,/mnt/ubna_data_02_mir/recover-20220922/UBNA_001/20220921_090000.WAV,Telephone Field,recover-20220922,001,1795
433.2365,433.2439,28046,39164,Eptesicus serotinus,0.008,0.028,-1,Echolocation,/mnt/ubna_data_02_mir/recover-20220922/UBNA_001/20220921_090000.WAV,Telephone Field,recover-20220922,001,1795
433.2565,433.2947,68437,81373,Rhinolophus ferrumequinum,0.021,0.021,-1,Echolocation,/mnt/ubna_data_02_mir/recover-20220922/UBNA_001/20220921_090000.WAV,Telephone Field,recover-20220922,001,1795
433.2675,433.3112,68437,83252,Rhinolophus ferrumequinum,0.034,0.034,-1,Echolocation,/mnt/ubna_data_02_mir/recover-20220922/UBNA_001/20220921_090000.WAV,Telephone Field,recover-20220922,001,1795
433.3195,433.3308,28906,35146,Eptesicus serotinus,0.02,0.037,-1,Echolocation,/mnt/ubna_data_02_mir/recover-20220922/UBNA_001/20220921_090000.WAV,Telephone Field,recover-20220922,001,1795
433.33050000000003,433.3713,68437,82444,Rhinolophus ferrumequinum,0.021,0.021,-1,Echolocation,/mnt/ubna_data_02_mir/recover-20220922/UBNA_001/20220921_090000.WAV,Telephone Field,recover-20220922,001,1795
433.3475,433.3633,22031,25678,Nyctalus leisleri,0.016,0.027,-1,Echolocation,/mnt/ubna_data_02_mir/recover-20220922/UBNA_001/20220921_090000.WAV,Telephone Field,recover-20220922,001,1795
433.3745,433.4136,68437,82324,Rhinolophus ferrumequinum,0.021,0.021,-1,Echolocation,/mnt/ubna_data_02_mir/recover-20220922/UBNA_001/20220921_090000.WAV,Telephone Field,recover-20220922,001,1795
433.3755,433.3846,28046,39345,Eptesicus serotinus,0.008,0.022,-1,Echolocation,/mnt/ubna_data_02_mir/recover-20220922/UBNA_001/20220921_090000.WAV,Telephone Field,recover-20220922,001,1795
433.3905,433.3987,27187,36784,Eptesicus serotinus,0.009,0.024,-1,Echolocation,/mnt/ubna_data_02_mir/recover-20220922/UBNA_001/20220921_090000.WAV,Telephone Field,recover-20220922,001,1795
433.3985,433.4355,68437,81403,Rhinolophus ferrumequinum,0.023,0.023,-1,Echolocation,/mnt/ubna_data_02_mir/recover-20220922/UBNA_001/20220921_090000.WAV,Telephone Field,recover-20220922,001,1795
433.4165,433.4542,68437,81673,Rhinolophus ferrumequinum,0.025,0.025,-1,Echolocation,/mnt/ubna_data_02_mir/recover-20220922/UBNA_001/20220921_090000.WAV,Telephone Field,recover-20220922,001,1795
433.4725,433.5117,68437,81949,Rhinolophus ferrumequinum,0.021,0.021,-1,Echolocation,/mnt/ubna_data_02_mir/recover-20220922/UBNA_001/20220921_090000.WAV,Telephone Field,recover-20220922,001,1795
433.4795,433.5193,68437,82260,Rhinolophus ferrumequinum,0.021,0.021,-1,Echolocation,/mnt/ubna_data_02_mir/recover-20220922/UBNA_001/20220921_090000.WAV,Telephone Field,recover-20220922,001,1795
433.4915,433.4995,28046,37120,Eptesicus serotinus,0.01,0.026,-1,Echolocation,/mnt/ubna_data_02_mir/recover-20220922/UBNA_001/20220921_090000.WAV,Telephone Field,recover-20220922,001,1795
433.5015,433.5383,68437,81720,Rhinolophus ferrumequinum,0.024,0.024,-1,Echolocation,/mnt/ubna_data_02_mir/recover-20220922/UBNA_001/20220921_090000.WAV,Telephone Field,recover-20220922,001,1795
433.5095,433.5491,68437,81959,Rhinolophus ferrumequinum,0.023,0.023,-1,Echolocation,/mnt/ubna_data_02_mir/recover-20220922/UBNA_001/20220921_090000.WAV,Telephone Field,recover-20220922,001,1795
433.5215,433.531,28906,37292,Eptesicus serotinus,0.01,0.023,-1,Echolocation,/mnt/ubna_data_02_mir/recover-20220922/UBNA_001/20220921_090000.WAV,Telephone Field,recover-20220922,001,1795
433.5305,433.5415,27187,34879,Eptesicus serotinus,0.012,0.025,-1,Echolocation,/mnt/ubna_data_02_mir/recover-20220922/UBNA_001/20220921_090000.WAV,Telephone Field,recover-20220922,001,1795
433.5425,433.5796,68437,81682,Rhinolophus ferrumequinum,0.021,0.021,-1,Echolocation,/mnt/ubna_data_02_mir/recover-20220922/UBNA_001/20220921_090000.WAV,Telephone Field,recover-20220922,001,1795
433.5825,433.5926,22890,29212,Nyctalus leisleri,0.009,0.024,-1,Echolocation,/mnt/ubna_data_02_mir/recover-20220922/UBNA_001/20220921_090000.WAV,Telephone Field,recover-20220922,001,1795
433.6415,433.6512,23750,30004,Nyctalus leisleri,0.008,0.021,-1,Echolocation,/mnt/ubna_data_02_mir/recover-20220922/UBNA_001/20220921_090000.WAV,Telephone Field,recover-20220922,001,1795
433.6575,433.668,28906,35807,Eptesicus serotinus,0.009,0.022,-1,Echolocation,/mnt/ubna_data_02_mir/recover-20220922/UBNA_001/20220921_090000.WAV,Telephone Field,recover-20220922,001,1795
433.6675,433.702,68437,82069,Rhinolophus ferrumequinum,0.023,0.023,-1,Echolocation,/mnt/ubna_data_02_mir/recover-20220922/UBNA_001/20220921_090000.WAV,Telephone Field,recover-20220922,001,1795
433.6845,433.7252,68437,82719,Rhinolophus ferrumequinum,0.024,0.024,-1,Echolocation,/mnt/ubna_data_02_mir/recover-20220922/UBNA_001/20220921_090000.WAV,Telephone Field,recover-20220922,001,1795
433.6975,433.7118,15156,21524,Nyctalus noctula,0.017,0.024,-1,Echolocation,/mnt/ubna_data_02_mir/recover-20220922/UBNA_001/20220921_090000.WAV,Telephone Field,recover-20220922,001,1795
433.7165,433.7562,68437,82061,Rhinolophus ferrumequinum,0.034,0.034,-1,Echolocation,/mnt/ubna_data_02_mir/recover-20220922/UBNA_001/20220921_090000.WAV,Telephone Field,recover-20220922,001,1795
433.7655,433.7752,28046,36535,Eptesicus serotinus,0.011,0.025,-1,Echolocation,/mnt/ubna_data_02_mir/recover-20220922/UBNA_001/20220921_090000.WAV,Telephone Field,recover-20220922,001,1795
433.7975,433.8363,68437,81409,Rhinolophus ferrumequinum,0.022,0.022,-1,Echolocation,/mnt/ubna_data_02_mir/recover-20220922/UBNA_001/20220921_090000.WAV,Telephone Field,recover-20220922,001,1795
433.8195,433.8294,28906,37427,Eptesicus serotinus,0.01,0.022,-1,Echolocation,/mnt/ubna_data_02_mir/recover-20220922/UBNA_001/20220921_090000.WAV,Telephone Field,recover-20220922,001,1795
433.8255,433.835,28906,37221,Eptesicus serotinus,0.008,0.021,-1,Echolocation,/mnt/ubna_data_02_mir/recover-20220922/UBNA_001/20220921_090000.WAV,Telephone Field,recover-20220922,001,1795
433.8335,433.876,68437,82481,Rhinolophus ferrumequinum,0.024,0.024,-1,Echolocation,/mnt/ubna_data_02_mir/recover-20220922/UBNA_001/20220921_090000.WAV,Telephone Field,recover-20220922,001,1795
433.8595,433.8669,28906,40665,Eptesicus serotinus,0.008,0.024,-1,Echolocation,/mnt/ubna_data_02_mir/recover-20220922/UBNA_001/20220921_090000.WAV,Telephone Field,recover-20220922,001,1795
433.8595,433.8959,68437,81693,Rhinolophus ferrumequinum,0.021,0.021,-1,Echolocation,/mnt/ubna_data_02_mir/recover-20220922/UBNA_001/20220921_090000.WAV,Telephone Field,recover-20220922,001,1795
433.8745,433.9124,68437,82291,Rhinolophus ferrumequinum,0.024,0.024,-1,Echolocation,/mnt/ubna_data_02_mir/recover-20220922/UBNA_001/20220921_090000.WAV,Telephone Field,recover-20220922,001,1795
433.8845,433.8966,22890,27656,Nyctalus leisleri,0.016,0.029,-1,Echolocation,/mnt/ubna_data_02_mir/recover-20220922/UBNA_001/20220921_090000.WAV,Telephone Field,recover-20220922,001,1795
433.9175,433.9274,24609,31486,Eptesicus serotinus,0.021,0.057,-1,Echolocation,/mnt/ubna_data_02_mir/recover-20220922/UBNA_001/20220921_090000.WAV,Telephone Field,recover-20220922,001,1795
433.9685,433.9803,22890,27179,Nyctalus leisleri,0.013,0.022,-1,Echolocation,/mnt/ubna_data_02_mir/recover-20220922/UBNA_001/20220921_090000.WAV,Telephone Field,recover-20220922,001,1795
433.9815,433.9868,38359,59235,Myotis mystacinus,0.008,0.026,-1,Echolocation,/mnt/ubna_data_02_mir/recover-20220922/UBNA_001/20220921_090000.WAV,Telephone Field,recover-20220922,001,1795
433.9835,433.9905,24609,36646,Plecotus austriacus,0.014,0.037,-1,Echolocation,/mnt/ubna_data_02_mir/recover-20220922/UBNA_001/20220921_090000.WAV,Telephone Field,recover-20220922,001,1795
434.0015,434.0108,22890,29357,Nyctalus leisleri,0.009,0.025,-1,Echolocation,/mnt/ubna_data_02_mir/recover-20220922/UBNA_001/20220921_090000.WAV,Telephone Field,recover-20220922,001,1795
434.0015,434.0366,68437,79845,Rhinolophus ferrumequinum,0.045,0.046,-1,Echolocation,/mnt/ubna_data_02_mir/recover-20220922/UBNA_001/20220921_090000.WAV,Telephone Field,recover-20220922,001,1795
434.0075,434.0505,68437,82371,Rhinolophus ferrumequinum,0.036,0.036,-1,Echolocation,/mnt/ubna_data_02_mir/recover-20220922/UBNA_001/20220921_090000.WAV,Telephone Field,recover-20220922,001,1795
434.0195,434.0293,28906,37180,Eptesicus serotinus,0.008,0.021,-1,Echolocation,/mnt/ubna_data_02_mir/recover-20220922/UBNA_001/20220921_090000.WAV,Telephone Field,recover-20220922,001,1795
434.0225,434.0619,68437,81564,Rhinolophus ferrumequinum,0.022,0.022,-1,Echolocation,/mnt/ubna_data_02_mir/recover-20220922/UBNA_001/20220921_090000.WAV,Telephone Field,recover-20220922,001,1795
434.0785,434.1164,68437,82136,Rhinolophus ferrumequinum,0.023,0.023,-1,Echolocation,/mnt/ubna_data_02_mir/recover-20220922/UBNA_001/20220921_090000.WAV,Telephone Field,recover-20220922,001,1795
434.0855,434.0942,28046,37993,Eptesicus serotinus,0.01,0.025,-1,Echolocation,/mnt/ubna_data_02_mir/recover-20220922/UBNA_001/20220921_090000.WAV,Telephone Field,recover-20220922,001,1795
434.1015,434.146,68437,83684,Rhinolophus ferrumequinum,0.043,0.043,-1,Echolocation,/mnt/ubna_data_02_mir/recover-20220922/UBNA_001/20220921_090000.WAV,Telephone Field,recover-20220922,001,1795
434.1585,434.1971,68437,81713,Rhinolophus ferrumequinum,0.026,0.026,-1,Echolocation,/mnt/ubna_data_02_mir/recover-20220922/UBNA_001/20220921_090000.WAV,Telephone Field,recover-20220922,001,1795
434.1895,434.2,28906,37276,Eptesicus serotinus,0.01,0.024,-1,Echolocation,/mnt/ubna_data_02_mir/recover-20220922/UBNA_001/20220921_090000.WAV,Telephone Field,recover-20220922,001,1795
434.2065,434.2185,35781,41105,Pipistrellus nathusii,0.005,0.021,-1,Echolocation,/mnt/ubna_data_02_mir/recover-20220922/UBNA_001/20220921_090000.WAV,Telephone Field,recover-20220922,001,1795
434.2255,434.2644,68437,82083,Rhinolophus ferrumequinum,0.025,0.025,-1,Echolocation,/mnt/ubna_data_02_mir/recover-20220922/UBNA_001/20220921_090000.WAV,Telephone Field,recover-20220922,001,1795
434.2525,434.2624,22890,29294,Nyctalus leisleri,0.009,0.025,-1,Echolocation,/mnt/ubna_data_02_mir/recover-20220922/UBNA_001/20220921_090000.WAV,Telephone Field,recover-20220922,001,1795
434.3045,434.3404,68437,81663,Rhinolophus ferrumequinum,0.022,0.022,-1,Echolocation,/mnt/ubna_data_02_mir/recover-20220922/UBNA_001/20220921_090000.WAV,Telephone Field,recover-20220922,001,1795
434.3345,434.3734,68437,82557,Rhinolophus ferrumequinum,0.024,0.024,-1,Echolocation,/mnt/ubna_data_02_mir/recover-20220922/UBNA_001/20220921_090000.WAV,Telephone Field,recover-20220922,001,1795
434.3575,434.3949,68437,81955,Rhinolophus ferrumequinum,0.024,0.024,-1,Echolocation,/mnt/ubna_data_02_mir/recover-20220922/UBNA_001/20220921_090000.WAV,Telephone Field,recover-20220922,001,1795
434.3745,434.3856,57265,62334,Pipistrellus pygmaeus,0.021,0.021,-1,Echolocation,/mnt/ubna_data_02_mir/recover-20220922/UBNA_001/20220921_090000.WAV,Telephone Field,recover-20220922,001,1795
434.4015,434.4124,23750,29601,Nyctalus leisleri,0.01,0.025,-1,Echolocation,/mnt/ubna_data_02_mir/recover-20220922/UBNA_001/20220921_090000.WAV,Telephone Field,recover-20220922,001,1795
434.41949999999997,434.4615,68437,82929,Rhinolophus ferrumequinum,0.026,0.026,-1,Echolocation,/mnt/ubna_data_02_mir/recover-20220922/UBNA_001/20220921_090000.WAV,Telephone Field,recover-20220922,001,1795
434.4375,434.4482,23750,29727,Nyctalus leisleri,0.008,0.021,-1,Echolocation,/mnt/ubna_data_02_mir/recover-20220922/UBNA_001/20220921_090000.WAV,Telephone Field,recover-20220922,001,1795
434.4495,434.4581,28046,40973,Eptesicus serotinus,0.008,0.021,-1,Echolocation,/mnt/ubna_data_02_mir/recover-20220922/UBNA_001/20220921_090000.WAV,Telephone Field,recover-20220922,001,1795
434.4825,434.4908,28906,39271,Eptesicus serotinus,0.008,0.023,-1,Echolocation,/mnt/ubna_data_02_mir/recover-20220922/UBNA_001/20220921_090000.WAV,Telephone Field,recover-20220922,001,1795
434.4945,434.5356,68437,83303,Rhinolophus ferrumequinum,0.027,0.027,-1,Echolocation,/mnt/ubna_data_02_mir/recover-20220922/UBNA_001/20220921_090000.WAV,Telephone Field,recover-20220922,001,1795
434.5215,434.5576,68437,81814,Rhinolophus ferrumequinum,0.023,0.023,-1,Echolocation,/mnt/ubna_data_02_mir/recover-20220922/UBNA_001/20220921_090000.WAV,Telephone Field,recover-20220922,001,1795
434.5575,434.5656,28046,39715,Eptesicus serotinus,0.008,0.022,-1,Echolocation,/mnt/ubna_data_02_mir/recover-20220922/UBNA_001/20220921_090000.WAV,Telephone Field,recover-20220922,001,1795
434.5635,434.6034,68437,82409,Rhinolophus ferrumequinum,0.022,0.023,-1,Echolocation,/mnt/ubna_data_02_mir/recover-20220922/UBNA_001/20220921_090000.WAV,Telephone Field,recover-20220922,001,1795
434.5715,434.5825,24609,30770,Nyctalus leisleri,0.011,0.026,-1,Echolocation,/mnt/ubna_data_02_mir/recover-20220922/UBNA_001/20220921_090000.WAV,Telephone Field,recover-20220922,001,1795
434.6035,434.6443,68437,82296,Rhinolophus ferrumequinum,0.027,0.027,-1,Echolocation,/mnt/ubna_data_02_mir/recover-20220922/UBNA_001/20220921_090000.WAV,Telephone Field,recover-20220922,001,1795
434.6035,434.611,28046,40485,Eptesicus serotinus,0.007,0.021,-1,Echolocation,/mnt/ubna_data_02_mir/recover-20220922/UBNA_001/20220921_090000.WAV,Telephone Field,recover-20220922,001,1795
434.6225,434.6337,22890,27965,Nyctalus leisleri,0.012,0.024,-1,Echolocation,/mnt/ubna_data_02_mir/recover-20220922/UBNA_001/20220921_090000.WAV,Telephone Field,recover-20220922,001,1795
434.6905,434.7298,68437,81971,Rhinolophus ferrumequinum,0.022,0.022,-1,Echolocation,/mnt/ubna_data_02_mir/recover-20220922/UBNA_001/20220921_090000.WAV,Telephone Field,recover-20220922,001,1795
434.7015,434.7113,28906,37994,Eptesicus serotinus,0.008,0.02,-1,Echolocation,/mnt/ubna_data_02_mir/recover-20220922/UBNA_001/20220921_090000.WAV,Telephone Field,recover-20220922,001,1795
434.7245,434.7328,22890,30876,Plecotus austriacus,0.008,0.02,-1,Echolocation,/mnt/ubna_data_02_mir/recover-20220922/UBNA_001/20220921_090000.WAV,Telephone Field,recover-20220922,001,1795
434.7245,434.7646,68437,82360,Rhinolophus ferrumequinum,0.024,0.024,-1,Echolocation,/mnt/ubna_data_02_mir/recover-20220922/UBNA_001/20220921_090000.WAV,Telephone Field,recover-20220922,001,1795
434.7545,434.7626,26328,34855,Eptesicus serotinus,0.008,0.021,-1,Echolocation,/mnt/ubna_data_02_mir/recover-20220922/UBNA_001/20220921_090000.WAV,Telephone Field,recover-20220922,001,1795
434.7985,434.8347,68437,81107,Rhinolophus ferrumequinum,0.02,0.021,-1,Echolocation,/mnt/ubna_data_02_mir/recover-20220922/UBNA_001/20220921_090000.WAV,Telephone Field,recover-20220922,001,1795
434.8105,434.8289,21171,24423,Nyctalus leisleri,0.016,0.027,-1,Echolocation,/mnt/ubna_data_02_mir/recover-20220922/UBNA_001/20220921_090000.WAV,Telephone Field,recover-20220922,001,1795
434.8245,434.8601,68437,81638,Rhinolophus ferrumequinum,0.025,0.026,-1,Echolocation,/mnt/ubna_data_02_mir/recover-20220922/UBNA_001/20220921_090000.WAV,Telephone Field,recover-20220922,001,1795
434.8325,434.8424,23750,29108,Nyctalus leisleri,0.009,0.023,-1,Echolocation,/mnt/ubna_data_02_mir/recover-20220922/UBNA_001/20220921_090000.WAV,Telephone Field,recover-20220922,001,1795
434.8485,434.8858,68437,81691,Rhinolophus ferrumequinum,0.02,0.02,-1,Echolocation,/mnt/ubna_data_02_mir/recover-20220922/UBNA_001/20220921_090000.WAV,Telephone Field,recover-20220922,001,1795
434.8555,434.8632,28046,40674,Eptesicus serotinus,0.007,0.02,-1,Echolocation,/mnt/ubna_data_02_mir/recover-20220922/UBNA_001/20220921_090000.WAV,Telephone Field,recover-20220922,001,1795
434.8645,434.9003,68437,81137,Rhinolophus ferrumequinum,0.024,0.024,-1,Echolocation,/mnt/ubna_data_02_mir/recover-20220922/UBNA_001/20220921_090000.WAV,Telephone Field,recover-20220922,001,1795
434.9335,434.9704,68437,81700,Rhinolophus ferrumequinum,0.023,0.023,-1,Echolocation,/mnt/ubna_data_02_mir/recover-20220922/UBNA_001/20220921_090000.WAV,Telephone Field,recover-20220922,001,1795
434.9425,434.9806,68437,81555,Rhinolophus ferrumequinum,0.021,0.021,-1,Echolocation,/mnt/ubna_data_02_mir/recover-20220922/UBNA_001/20220921_090000.WAV,Telephone Field,recover-20220922,001,1795
434.9605,434.9714,28906,35900,Eptesicus serotinus,0.009,0.021,-1,Echolocation,/mnt/ubna_data_02_mir/recover-20220922/UBNA_001/20220921_090000.WAV,Telephone Field,recover-20220922,001,1795
434.9615,434.9722,23750,29584,Nyctalus leisleri,0.008,0.021,-1,Echolocation,/mnt/ubna_data_02_mir/recover-20220922/UBNA_001/20220921_090000.WAV,Telephone Field,recover-20220922,001,1795
434.9805,435.019,68437,81795,Rhinolophus ferrumequinum,0.021,0.021,-1,Echolocation,/mnt/ubna_data_02_mir/recover-20220922/UBNA_001/20220921_090000.WAV,Telephone Field,recover-20220922,001,1795
434.9835,434.9932,24609,31729,Eptesicus serotinus,0.008,0.023,-1,Echolocation,/mnt/ubna_data_02_mir/recover-20220922/UBNA_001/20220921_090000.WAV,Telephone Field,recover-20220922,001,1795
434.9855,435.0249,68437,82013,Rhinolophus ferrumequinum,0.021,0.021,-1,Echolocation,/mnt/ubna_data_02_mir/recover-20220922/UBNA_001/20220921_090000.WAV,Telephone Field,recover-20220922,001,1795
435.0155,435.052,68437,81688,Rhinolophus ferrumequinum,0.025,0.025,-1,Echolocation,/mnt/ubna_data_02_mir/recover-20220922/UBNA_001/20220921_090000.WAV,Telephone Field,recover-20220922,001,1795
435.0355,435.0755,68437,81709,Rhinolophus ferrumequinum,0.022,0.022,-1,Echolocation,/mnt/ubna_data_02_mir/recover-20220922/UBNA_001/20220921_090000.WAV,Telephone Field,recover-20220922,001,1795
435.0365,435.0455,26328,37041,Eptesicus serotinus,0.006,0.021,-1,Echolocation,/mnt/ubna_data_02_mir/recover-20220922/UBNA_001/20220921_090000.WAV,Telephone Field,recover-20220922,001,1795
435.0605,435.0985,68437,81968,Rhinolophus ferrumequinum,0.021,0.021,-1,Echolocation,/mnt/ubna_data_02_mir/recover-20220922/UBNA_001/20220921_090000.WAV,Telephone Field,recover-20220922,001,1795
435.0815,435.09,28046,37924,Eptesicus serotinus,0.008,0.022,-1,Echolocation,/mnt/ubna_data_02_mir/recover-20220922/UBNA_001/20220921_090000.WAV,Telephone Field,recover-20220922,001,1795
435.1155,435.1235,26328,37499,Eptesicus serotinus,0.007,0.022,-1,Echolocation,/mnt/ubna_data_02_mir/recover-20220922/UBNA_001/20220921_090000.WAV,Telephone Field,recover-20220922,001,1795
435.1505,435.1878,68437,81981,Rhinolophus ferrumequinum,0.02,0.02,-1,Echolocation,/mnt/ubna_data_02_mir/recover-20220922/UBNA_001/20220921_090000.WAV,Telephone Field,recover-20220922,001,1795
435.1685,435.2101,68437,82764,Rhinolophus ferrumequinum,0.026,0.026,-1,Echolocation,/mnt/ubna_data_02_mir/recover-20220922/UBNA_001/20220921_090000.WAV,Telephone Field,recover-20220922,001,1795
435.3475,435.3558,28046,41297,Eptesicus serotinus,0.007,0.021,-1,Echolocation,/mnt/ubna_data_02_mir/recover-20220922/UBNA_001/20220921_090000.WAV,Telephone Field,recover-20220922,001,1795
435.3875,435.4292,68437,82690,Rhinolophus ferrumequinum,0.031,0.031,-1,Echolocation,/mnt/ubna_data_02_mir/recover-20220922/UBNA_001/20220921_090000.WAV,Telephone Field,recover-20220922,001,1795
435.4065,435.4447,68437,82057,Rhinolophus ferrumequinum,0.02,0.021,-1,Echolocation,/mnt/ubna_data_02_mir/recover-20220922/UBNA_001/20220921_090000.WAV,Telephone Field,recover-20220922,001,1795
435.45550000000003,435.4618,28046,38515,Eptesicus serotinus,0.007,0.03,-1,Echolocation,/mnt/ubna_data_02_mir/recover-20220922/UBNA_001/20220921_090000.WAV,Telephone Field,recover-20220922,001,1795
435.4795,435.5208,68437,82580,Rhinolophus ferrumequinum,0.021,0.021,-1,Echolocation,/mnt/ubna_data_02_mir/recover-20220922/UBNA_001/20220921_090000.WAV,Telephone Field,recover-20220922,001,1795
435.4895,435.5314,68437,82763,Rhinolophus ferrumequinum,0.021,0.021,-1,Echolocation,/mnt/ubna_data_02_mir/recover-20220922/UBNA_001/20220921_090000.WAV,Telephone Field,recover-20220922,001,1795
435.4955,435.5353,68437,82715,Rhinolophus ferrumequinum,0.022,0.022,-1,Echolocation,/mnt/ubna_data_02_mir/recover-20220922/UBNA_001/20220921_090000.WAV,Telephone Field,recover-20220922,001,1795
435.5145,435.5225,28046,37886,Eptesicus serotinus,0.007,0.022,-1,Echolocation,/mnt/ubna_data_02_mir/recover-20220922/UBNA_001/20220921_090000.WAV,Telephone Field,recover-20220922,001,1795
435.5425,435.5838,68437,83601,Rhinolophus ferrumequinum,0.035,0.035,-1,Echolocation,/mnt/ubna_data_02_mir/recover-20220922/UBNA_001/20220921_090000.WAV,Telephone Field,recover-20220922,001,1795
435.5545,435.5939,68437,82142,Rhinolophus ferrumequinum,0.024,0.024,-1,Echolocation,/mnt/ubna_data_02_mir/recover-20220922/UBNA_001/20220921_090000.WAV,Telephone Field,recover-20220922,001,1795
435.5815,435.6202,68437,82039,Rhinolophus ferrumequinum,0.021,0.021,-1,Echolocation,/mnt/ubna_data_02_mir/recover-20220922/UBNA_001/20220921_090000.WAV,Telephone Field,recover-20220922,001,1795
435.6025,435.6131,24609,31150,Nyctalus leisleri,0.009,0.023,-1,Echolocation,/mnt/ubna_data_02_mir/recover-20220922/UBNA_001/20220921_090000.WAV,Telephone Field,recover-20220922,001,1795
435.6365,435.6465,22890,29002,Nyctalus leisleri,0.011,0.028,-1,Echolocation,/mnt/ubna_data_02_mir/recover-20220922/UBNA_001/20220921_090000.WAV,Telephone Field,recover-20220922,001,1795
435.6575,435.6959,68437,81872,Rhinolophus ferrumequinum,0.021,0.021,-1,Echolocation,/mnt/ubna_data_02_mir/recover-20220922/UBNA_001/20220921_090000.WAV,Telephone Field,recover-20220922,001,1795
435.6825,435.7208,68437,81883,Rhinolophus ferrumequinum,0.021,0.021,-1,Echolocation,/mnt/ubna_data_02_mir/recover-20220922/UBNA_001/20220921_090000.WAV,Telephone Field,recover-20220922,001,1795
435.7645,435.802,68437,81897,Rhinolophus ferrumequinum,0.023,0.023,-1,Echolocation,/mnt/ubna_data_02_mir/recover-20220922/UBNA_001/20220921_090000.WAV,Telephone Field,recover-20220922,001,1795
435.7935,435.8037,28046,36693,Eptesicus serotinus,0.011,0.023,-1,Echolocation,/mnt/ubna_data_02_mir/recover-20220922/UBNA_001/20220921_090000.WAV,Telephone Field,recover-20220922,001,1795
435.8115,435.8476,68437,80863,Rhinolophus ferrumequinum,0.021,0.021,-1,Echolocation,/mnt/ubna_data_02_mir/recover-20220922/UBNA_001/20220921_090000.WAV,Telephone Field,recover-20220922,001,1795
435.8235,435.8313,26328,36595,Eptesicus serotinus,0.007,0.023,-1,Echolocation,/mnt/ubna_data_02_mir/recover-20220922/UBNA_001/20220921_090000.WAV,Telephone Field,recover-20220922,001,1795
435.8555,435.8745,21171,24350,Nyctalus leisleri,0.014,0.022,-1,Echolocation,/mnt/ubna_data_02_mir/recover-20220922/UBNA_001/20220921_090000.WAV,Telephone Field,recover-20220922,001,1795
435.8635,435.8758,23750,28740,Nyctalus leisleri,0.011,0.021,-1,Echolocation,/mnt/ubna_data_02_mir/recover-20220922/UBNA_001/20220921_090000.WAV,Telephone Field,recover-20220922,001,1795
435.8665,435.9038,68437,81424,Rhinolophus ferrumequinum,0.021,0.021,-1,Echolocation,/mnt/ubna_data_02_mir/recover-20220922/UBNA_001/20220921_090000.WAV,Telephone Field,recover-20220922,001,1795
435.9225,435.9579,68437,81131,Rhinolophus ferrumequinum,0.021,0.021,-1,Echolocation,/mnt/ubna_data_02_mir/recover-20220922/UBNA_001/20220921_090000.WAV,Telephone Field,recover-20220922,001,1795
435.9445,435.9532,28046,38334,Eptesicus serotinus,0.008,0.021,-1,Echolocation,/mnt/ubna_data_02_mir/recover-20220922/UBNA_001/20220921_090000.WAV,Telephone Field,recover-20220922,001,1795
435.9495,435.9895,68437,82236,Rhinolophus ferrumequinum,0.026,0.026,-1,Echolocation,/mnt/ubna_data_02_mir/recover-20220922/UBNA_001/20220921_090000.WAV,Telephone Field,recover-20220922,001,1795
436.0015,436.0135,24609,30058,Nyctalus leisleri,0.03,0.06,-1,Echolocation,/mnt/ubna_data_02_mir/recover-20220922/UBNA_001/20220921_090000.WAV,Telephone Field,recover-20220922,001,1795
436.0015,436.0351,68437,79531,Rhinolophus ferrumequinum,0.054,0.054,-1,Echolocation,/mnt/ubna_data_02_mir/recover-20220922/UBNA_001/20220921_090000.WAV,Telephone Field,recover-20220922,001,1795
436.0015,436.0105,48671,53354,Pipistrellus pipistrellus,0.017,0.022,-1,Echolocation,/mnt/ubna_data_02_mir/recover-20220922/UBNA_001/20220921_090000.WAV,Telephone Field,recover-20220922,001,1795
436.0465,436.0834,68437,81925,Rhinolophus ferrumequinum,0.026,0.026,-1,Echolocation,/mnt/ubna_data_02_mir/recover-20220922/UBNA_001/20220921_090000.WAV,Telephone Field,recover-20220922,001,1795
436.0505,436.0594,22890,30194,Plecotus austriacus,0.009,0.022,-1,Echolocation,/mnt/ubna_data_02_mir/recover-20220922/UBNA_001/20220921_090000.WAV,Telephone Field,recover-20220922,001,1795
436.0895,436.131,68437,82920,Rhinolophus ferrumequinum,0.028,0.028,-1,Echolocation,/mnt/ubna_data_02_mir/recover-20220922/UBNA_001/20220921_090000.WAV,Telephone Field,recover-20220922,001,1795
436.1065,436.1156,31484,39318,Myotis daubentonii,0.007,0.023,-1,Echolocation,/mnt/ubna_data_02_mir/recover-20220922/UBNA_001/20220921_090000.WAV,Telephone Field,recover-20220922,001,1795
436.1125,436.1519,68437,82379,Rhinolophus ferrumequinum,0.024,0.024,-1,Echolocation,/mnt/ubna_data_02_mir/recover-20220922/UBNA_001/20220921_090000.WAV,Telephone Field,recover-20220922,001,1795
436.1195,436.1586,68437,82245,Rhinolophus ferrumequinum,0.023,0.023,-1,Echolocation,/mnt/ubna_data_02_mir/recover-20220922/UBNA_001/20220921_090000.WAV,Telephone Field,recover-20220922,001,1795
436.1245,436.1642,68437,82390,Rhinolophus ferrumequinum,0.023,0.023,-1,Echolocation,/mnt/ubna_data_02_mir/recover-20220922/UBNA_001/20220921_090000.WAV,Telephone Field,recover-20220922,001,1795
436.1385,436.1784,68437,81965,Rhinolophus ferrumequinum,0.028,0.028,-1,Echolocation,/mnt/ubna_data_02_mir/recover-20220922/UBNA_001/20220921_090000.WAV,Telephone Field,recover-20220922,001,1795
436.2855,436.324,68437,81823,Rhinolophus ferrumequinum,0.022,0.022,-1,Echolocation,/mnt/ubna_data_02_mir/recover-20220922/UBNA_001/20220921_090000.WAV,Telephone Field,recover-20220922,001,1795
436.2975,436.3091,22031,26922,Nyctalus leisleri,0.01,0.023,-1,Echolocation,/mnt/ubna_data_02_mir/recover-20220922/UBNA_001/20220921_090000.WAV,Telephone Field,recover-20220922,001,1795
436.3075,436.3168,25468,34591,Eptesicus serotinus,0.009,0.024,-1,Echolocation,/mnt/ubna_data_02_mir/recover-20220922/UBNA_001/20220921_090000.WAV,Telephone Field,recover-20220922,001,1795
436.3105,436.3484,68437,81586,Rhinolophus ferrumequinum,0.024,0.024,-1,Echolocation,/mnt/ubna_data_02_mir/recover-20220922/UBNA_001/20220921_090000.WAV,Telephone Field,recover-20220922,001,1795
436.3175,436.3564,68437,81918,Rhinolophus ferrumequinum,0.023,0.024,-1,Echolocation,/mnt/ubna_data_02_mir/recover-20220922/UBNA_001/20220921_090000.WAV,Telephone Field,recover-20220922,001,1795
436.3645,436.4036,68437,81841,Rhinolophus ferrumequinum,0.041,0.041,-1,Echolocation,/mnt/ubna_data_02_mir/recover-20220922/UBNA_001/20220921_090000.WAV,Telephone Field,recover-20220922,001,1795
436.3905,436.4,28046,36832,Eptesicus serotinus,0.008,0.022,-1,Echolocation,/mnt/ubna_data_02_mir/recover-20220922/UBNA_001/20220921_090000.WAV,Telephone Field,recover-20220922,001,1795
436.3945,436.43240000000003,68437,82689,Rhinolophus ferrumequinum,0.022,0.022,-1,Echolocation,/mnt/ubna_data_02_mir/recover-20220922/UBNA_001/20220921_090000.WAV,Telephone Field,recover-20220922,001,1795
436.4035,436.4139,28906,36551,Eptesicus serotinus,0.009,0.023,-1,Echolocation,/mnt/ubna_data_02_mir/recover-20220922/UBNA_001/20220921_090000.WAV,Telephone Field,recover-20220922,001,1795
436.4395,436.4789,68437,81989,Rhinolophus ferrumequinum,0.03,0.03,-1,Echolocation,/mnt/ubna_data_02_mir/recover-20220922/UBNA_001/20220921_090000.WAV,Telephone Field,recover-20220922,001,1795
436.4665,436.5021,68437,81730,Rhinolophus ferrumequinum,0.022,0.022,-1,Echolocation,/mnt/ubna_data_02_mir/recover-20220922/UBNA_001/20220921_090000.WAV,Telephone Field,recover-20220922,001,1795
436.47950000000003,436.4865,22890,31978,Plecotus austriacus,0.013,0.027,-1,Echolocation,/mnt/ubna_data_02_mir/recover-20220922/UBNA_001/20220921_090000.WAV,Telephone Field,recover-20220922,001,1795
436.5085,436.5472,68437,82646,Rhinolophus ferrumequinum,0.022,0.022,-1,Echolocation,/mnt/ubna_data_02_mir/recover-20220922/UBNA_001/20220921_090000.WAV,Telephone Field,recover-20220922,001,1795
436.5535,436.5966,68437,83326,Rhinolophus ferrumequinum,0.042,0.042,-1,Echolocation,/mnt/ubna_data_02_mir/recover-20220922/UBNA_001/20220921_090000.WAV,Telephone Field,recover-20220922,001,1795
436.5935,436.6084,23750,27703,Nyctalus leisleri,0.106,0.168,-1,Echolocation,/mnt/ubna_data_02_mir/recover-20220922/UBNA_001/20220921_090000.WAV,Telephone Field,recover-20220922,001,1795
436.6075,436.6271,20312,23354,Nyctalus leisleri,0.018,0.034,-1,Echolocation,/mnt/ubna_data_02_mir/recover-20220922/UBNA_001/20220921_090000.WAV,Telephone Field,recover-20220922,001,1795
436.6115,436.6529,68437,82371,Rhinolophus ferrumequinum,0.025,0.025,-1,Echolocation,/mnt/ubna_data_02_mir/recover-20220922/UBNA_001/20220921_090000.WAV,Telephone Field,recover-20220922,001,1795
436.6405,436.6779,68437,81847,Rhinolophus ferrumequinum,0.025,0.025,-1,Echolocation,/mnt/ubna_data_02_mir/recover-20220922/UBNA_001/20220921_090000.WAV,Telephone Field,recover-20220922,001,1795
436.6475,436.6586,23750,29881,Nyctalus leisleri,0.011,0.027,-1,Echolocation,/mnt/ubna_data_02_mir/recover-20220922/UBNA_001/20220921_090000.WAV,Telephone Field,recover-20220922,001,1795
436.6755,436.7173,68437,82729,Rhinolophus ferrumequinum,0.023,0.023,-1,Echolocation,/mnt/ubna_data_02_mir/recover-20220922/UBNA_001/20220921_090000.WAV,Telephone Field,recover-20220922,001,1795
436.6775,436.6881,23750,29260,Nyctalus leisleri,0.01,0.022,-1,Echolocation,/mnt/ubna_data_02_mir/recover-20220922/UBNA_001/20220921_090000.WAV,Telephone Field,recover-20220922,001,1795
436.7045,436.7144,28046,36718,Eptesicus serotinus,0.009,0.022,-1,Echolocation,/mnt/ubna_data_02_mir/recover-20220922/UBNA_001/20220921_090000.WAV,Telephone Field,recover-20220922,001,1795
436.7155,436.7271,28906,34997,Eptesicus serotinus,0.013,0.026,-1,Echolocation,/mnt/ubna_data_02_mir/recover-20220922/UBNA_001/20220921_090000.WAV,Telephone Field,recover-20220922,001,1795
436.7365,436.7755,68437,82037,Rhinolophus ferrumequinum,0.023,0.023,-1,Echolocation,/mnt/ubna_data_02_mir/recover-20220922/UBNA_001/20220921_090000.WAV,Telephone Field,recover-20220922,001,1795
436.7455,436.7816,68437,82345,Rhinolophus ferrumequinum,0.022,0.022,-1,Echolocation,/mnt/ubna_data_02_mir/recover-20220922/UBNA_001/20220921_090000.WAV,Telephone Field,recover-20220922,001,1795
436.7815,436.7912,22890,30153,Plecotus austriacus,0.009,0.027,-1,Echolocation,/mnt/ubna_data_02_mir/recover-20220922/UBNA_001/20220921_090000.WAV,Telephone Field,recover-20220922,001,1795
436.8015,436.8417,68437,82299,Rhinolophus ferrumequinum,0.022,0.022,-1,Echolocation,/mnt/ubna_data_02_mir/recover-20220922/UBNA_001/20220921_090000.WAV,Telephone Field,recover-20220922,001,1795
436.8105,436.8483,68437,81177,Rhinolophus ferrumequinum,0.022,0.022,-1,Echolocation,/mnt/ubna_data_02_mir/recover-20220922/UBNA_001/20220921_090000.WAV,Telephone Field,recover-20220922,001,1795
436.8225,436.8569,68437,80147,Rhinolophus ferrumequinum,0.024,0.024,-1,Echolocation,/mnt/ubna_data_02_mir/recover-20220922/UBNA_001/20220921_090000.WAV,Telephone Field,recover-20220922,001,1795
436.8455,436.8848,68437,82112,Rhinolophus ferrumequinum,0.028,0.028,-1,Echolocation,/mnt/ubna_data_02_mir/recover-20220922/UBNA_001/20220921_090000.WAV,Telephone Field,recover-20220922,001,1795
436.8755,436.9157,68437,82622,Rhinolophus ferrumequinum,0.022,0.022,-1,Echolocation,/mnt/ubna_data_02_mir/recover-20220922/UBNA_001/20220921_090000.WAV,Telephone Field,recover-20220922,001,1795
436.8925,436.9318,68437,81883,Rhinolophus ferrumequinum,0.023,0.023,-1,Echolocation,/mnt/ubna_data_02_mir/recover-20220922/UBNA_001/20220921_090000.WAV,Telephone Field,recover-20220922,001,1795
436.8975,436.9344,68437,81811,Rhinolophus ferrumequinum,0.023,0.023,-1,Echolocation,/mnt/ubna_data_02_mir/recover-20220922/UBNA_001/20220921_090000.WAV,Telephone Field,recover-20220922,001,1795
436.9345,436.956,17734,21056,Nyctalus noctula,0.018,0.028,-1,Echolocation,/mnt/ubna_data_02_mir/recover-20220922/UBNA_001/20220921_090000.WAV,Telephone Field,recover-20220922,001,1795
436.9535,436.9903,68437,81867,Rhinolophus ferrumequinum,0.023,0.023,-1,Echolocation,/mnt/ubna_data_02_mir/recover-20220922/UBNA_001/20220921_090000.WAV,Telephone Field,recover-20220922,001,1795
436.9915,437.0356,68437,83079,Rhinolophus ferrumequinum,0.035,0.035,-1,Echolocation,/mnt/ubna_data_02_mir/recover-20220922/UBNA_001/20220921_090000.WAV,Telephone Field,recover-20220922,001,1795
437.0195,437.0648,68437,83376,Rhinolophus ferrumequinum,0.043,0.043,-1,Echolocation,/mnt/ubna_data_02_mir/recover-20220922/UBNA_001/20220921_090000.WAV,Telephone Field,recover-20220922,001,1795
437.0815,437.1186,68437,81315,Rhinolophus ferrumequinum,0.025,0.025,-1,Echolocation,/mnt/ubna_data_02_mir/recover-20220922/UBNA_001/20220921_090000.WAV,Telephone Field,recover-20220922,001,1795
437.1035,437.1387,68437,81283,Rhinolophus ferrumequinum,0.022,0.022,-1,Echolocation,/mnt/ubna_data_02_mir/recover-20220922/UBNA_001/20220921_090000.WAV,Telephone Field,recover-20220922,001,1795
437.1105,437.12239999999997,22890,28855,Nyctalus leisleri,0.018,0.04,-1,Echolocation,/mnt/ubna_data_02_mir/recover-20220922/UBNA_001/20220921_090000.WAV,Telephone Field,recover-20220922,001,1795
437.1355,437.1761,68437,82881,Rhinolophus ferrumequinum,0.028,0.028,-1,Echolocation,/mnt/ubna_data_02_mir/recover-20220922/UBNA_001/20220921_090000.WAV,Telephone Field,recover-20220922,001,1795
437.1575,437.174,21171,24637,Nyctalus leisleri,0.019,0.033,-1,Echolocation,/mnt/ubna_data_02_mir/recover-20220922/UBNA_001/20220921_090000.WAV,Telephone Field,recover-20220922,001,1795
437.2135,437.253,68437,82198,Rhinolophus ferrumequinum,0.028,0.028,-1,Echolocation,/mnt/ubna_data_02_mir/recover-20220922/UBNA_001/20220921_090000.WAV,Telephone Field,recover-20220922,001,1795
437.2465,437.2576,22890,28987,Nyctalus leisleri,0.012,0.029,-1,Echolocation,/mnt/ubna_data_02_mir/recover-20220922/UBNA_001/20220921_090000.WAV,Telephone Field,recover-20220922,001,1795
437.2485,437.287,68437,82715,Rhinolophus ferrumequinum,0.022,0.022,-1,Echolocation,/mnt/ubna_data_02_mir/recover-20220922/UBNA_001/20220921_090000.WAV,Telephone Field,recover-20220922,001,1795
437.2815,437.3222,68437,82309,Rhinolophus ferrumequinum,0.025,0.025,-1,Echolocation,/mnt/ubna_data_02_mir/recover-20220922/UBNA_001/20220921_090000.WAV,Telephone Field,recover-20220922,001,1795
437.2975,437.3341,68437,81709,Rhinolophus ferrumequinum,0.022,0.022,-1,Echolocation,/mnt/ubna_data_02_mir/recover-20220922/UBNA_001/20220921_090000.WAV,Telephone Field,recover-20220922,001,1795
437.3175,437.3251,23750,32614,Plecotus austriacus,0.017,0.034,-1,Echolocation,/mnt/ubna_data_02_mir/recover-20220922/UBNA_001/20220921_090000.WAV,Telephone Field,recover-20220922,001,1795
437.3285,437.3703,68437,82538,Rhinolophus ferrumequinum,0.026,0.026,-1,Echolocation,/mnt/ubna_data_02_mir/recover-20220922/UBNA_001/20220921_090000.WAV,Telephone Field,recover-20220922,001,1795
437.4085,437.447,68437,81378,Rhinolophus ferrumequinum,0.024,0.024,-1,Echolocation,/mnt/ubna_data_02_mir/recover-20220922/UBNA_001/20220921_090000.WAV,Telephone Field,recover-20220922,001,1795
437.4335,437.4721,68437,81753,Rhinolophus ferrumequinum,0.023,0.023,-1,Echolocation,/mnt/ubna_data_02_mir/recover-20220922/UBNA_001/20220921_090000.WAV,Telephone Field,recover-20220922,001,1795
437.4995,437.5093,22031,27148,Nyctalus leisleri,0.008,0.022,-1,Echolocation,/mnt/ubna_data_02_mir/recover-20220922/UBNA_001/20220921_090000.WAV,Telephone Field,recover-20220922,001,1795
437.5045,437.5406,68437,81610,Rhinolophus ferrumequinum,0.025,0.025,-1,Echolocation,/mnt/ubna_data_02_mir/recover-20220922/UBNA_001/20220921_090000.WAV,Telephone Field,recover-20220922,001,1795
437.5285,437.5673,68437,82190,Rhinolophus ferrumequinum,0.023,0.023,-1,Echolocation,/mnt/ubna_data_02_mir/recover-20220922/UBNA_001/20220921_090000.WAV,Telephone Field,recover-20220922,001,1795
437.5345,437.5742,68437,82272,Rhinolophus ferrumequinum,0.023,0.023,-1,Echolocation,/mnt/ubna_data_02_mir/recover-20220922/UBNA_001/20220921_090000.WAV,Telephone Field,recover-20220922,001,1795
437.5915,437.6017,47812,51899,Pipistrellus pipistrellus,0.021,0.024,-1,Echolocation,/mnt/ubna_data_02_mir/recover-20220922/UBNA_001/20220921_090000.WAV,Telephone Field,recover-20220922,001,1795
437.5945,437.6323,68437,81925,Rhinolophus ferrumequinum,0.022,0.022,-1,Echolocation,/mnt/ubna_data_02_mir/recover-20220922/UBNA_001/20220921_090000.WAV,Telephone Field,recover-20220922,001,1795
437.6185,437.6302,22890,27876,Nyctalus leisleri,0.013,0.025,-1,Echolocation,/mnt/ubna_data_02_mir/recover-20220922/UBNA_001/20220921_090000.WAV,Telephone Field,recover-20220922,001,1795
437.6245,437.6633,68437,81986,Rhinolophus ferrumequinum,0.024,0.024,-1,Echolocation,/mnt/ubna_data_02_mir/recover-20220922/UBNA_001/20220921_090000.WAV,Telephone Field,recover-20220922,001,1795
437.6475,437.6838,68437,81440,Rhinolophus ferrumequinum,0.022,0.022,-1,Echolocation,/mnt/ubna_data_02_mir/recover-20220922/UBNA_001/20220921_090000.WAV,Telephone Field,recover-20220922,001,1795
437.6475,437.6546,28046,39106,Eptesicus serotinus,0.006,0.025,-1,Echolocation,/mnt/ubna_data_02_mir/recover-20220922/UBNA_001/20220921_090000.WAV,Telephone Field,recover-20220922,001,1795
437.6605,437.7008,68437,82120,Rhinolophus ferrumequinum,0.022,0.022,-1,Echolocation,/mnt/ubna_data_02_mir/recover-20220922/UBNA_001/20220921_090000.WAV,Telephone Field,recover-20220922,001,1795
437.6925,437.7303,68437,82101,Rhinolophus ferrumequinum,0.024,0.024,-1,Echolocation,/mnt/ubna_data_02_mir/recover-20220922/UBNA_001/20220921_090000.WAV,Telephone Field,recover-20220922,001,1795
437.7035,437.7134,22890,29892,Nyctalus leisleri,0.01,0.029,-1,Echolocation,/mnt/ubna_data_02_mir/recover-20220922/UBNA_001/20220921_090000.WAV,Telephone Field,recover-20220922,001,1795
437.7595,437.7996,68437,82134,Rhinolophus ferrumequinum,0.03,0.03,-1,Echolocation,/mnt/ubna_data_02_mir/recover-20220922/UBNA_001/20220921_090000.WAV,Telephone Field,recover-20220922,001,1795
437.7785,437.8187,68437,82895,Rhinolophus ferrumequinum,0.023,0.023,-1,Echolocation,/mnt/ubna_data_02_mir/recover-20220922/UBNA_001/20220921_090000.WAV,Telephone Field,recover-20220922,001,1795
437.79449999999997,437.8052,24609,31698,Nyctalus leisleri,0.011,0.028,-1,Echolocation,/mnt/ubna_data_02_mir/recover-20220922/UBNA_001/20220921_090000.WAV,Telephone Field,recover-20220922,001,1795
437.8275,437.8664,68437,82296,Rhinolophus ferrumequinum,0.022,0.022,-1,Echolocation,/mnt/ubna_data_02_mir/recover-20220922/UBNA_001/20220921_090000.WAV,Telephone Field,recover-20220922,001,1795
437.8715,437.9068,68437,81080,Rhinolophus ferrumequinum,0.025,0.025,-1,Echolocation,/mnt/ubna_data_02_mir/recover-20220922/UBNA_001/20220921_090000.WAV,Telephone Field,recover-20220922,001,1795
437.8745,437.8817,28906,39851,Eptesicus serotinus,0.006,0.027,-1,Echolocation,/mnt/ubna_data_02_mir/recover-20220922/UBNA_001/20220921_090000.WAV,Telephone Field,recover-20220922,001,1795
437.8985,437.9394,68437,82947,Rhinolophus ferrumequinum,0.023,0.023,-1,Echolocation,/mnt/ubna_data_02_mir/recover-20220922/UBNA_001/20220921_090000.WAV,Telephone Field,recover-20220922,001,1795
437.9295,437.9692,68437,82445,Rhinolophus ferrumequinum,0.022,0.022,-1,Echolocation,/mnt/ubna_data_02_mir/recover-20220922/UBNA_001/20220921_090000.WAV,Telephone Field,recover-20220922,001,1795
437.9485,437.9575,28046,37033,Eptesicus serotinus,0.009,0.023,-1,Echolocation,/mnt/ubna_data_02_mir/recover-20220922/UBNA_001/20220921_090000.WAV,Telephone Field,recover-20220922,001,1795
437.9765,437.9844,23750,33201,Plecotus austriacus,0.015,0.031,-1,Echolocation,/mnt/ubna_data_02_mir/recover-20220922/UBNA_001/20220921_090000.WAV,Telephone Field,recover-20220922,001,1795
438.0015,438.036,68437,80254,Rhinolophus ferrumequinum,0.037,0.037,-1,Echolocation,/mnt/ubna_data_02_mir/recover-20220922/UBNA_001/20220921_090000.WAV,Telephone Field,recover-20220922,001,1795
438.0015,438.01,26328,36274,Nyctalus leisleri,0.007,0.025,-1,Echolocation,/mnt/ubna_data_02_mir/recover-20220922/UBNA_001/20220921_090000.WAV,Telephone Field,recover-20220922,001,1795
438.0095,438.0512,68437,82585,Rhinolophus ferrumequinum,0.022,0.022,-1,Echolocation,/mnt/ubna_data_02_mir/recover-20220922/UBNA_001/20220921_090000.WAV,Telephone Field,recover-20220922,001,1795
438.0195,438.028,28906,38927,Eptesicus serotinus,0.011,0.031,-1,Echolocation,/mnt/ubna_data_02_mir/recover-20220922/UBNA_001/20220921_090000.WAV,Telephone Field,recover-20220922,001,1795
438.0415,438.081,68437,82455,Rhinolophus ferrumequinum,0.022,0.022,-1,Echolocation,/mnt/ubna_data_02_mir/recover-20220922/UBNA_001/20220921_090000.WAV,Telephone Field,recover-20220922,001,1795
438.0435,438.0529,46953,50236,Pipistrellus pipistrellus,0.047,0.049,-1,Echolocation,/mnt/ubna_data_02_mir/recover-20220922/UBNA_001/20220921_090000.WAV,Telephone Field,recover-20220922,001,1795
438.0725,438.1092,68437,81655,Rhinolophus ferrumequinum,0.024,0.024,-1,Echolocation,/mnt/ubna_data_02_mir/recover-20220922/UBNA_001/20220921_090000.WAV,Telephone Field,recover-20220922,001,1795
438.08050000000003,438.1201,68437,82591,Rhinolophus ferrumequinum,0.023,0.023,-1,Echolocation,/mnt/ubna_data_02_mir/recover-20220922/UBNA_001/20220921_090000.WAV,Telephone Field,recover-20220922,001,1795
438.1135,438.1521,68437,82728,Rhinolophus ferrumequinum,0.03,0.03,-1,Echolocation,/mnt/ubna_data_02_mir/recover-20220922/UBNA_001/20220921_090000.WAV,Telephone Field,recover-20220922,001,1795
438.1515,438.1898,68437,81111,Rhinolophus ferrumequinum,0.024,0.024,-1,Echolocation,/mnt/ubna_data_02_mir/recover-20220922/UBNA_001/20220921_090000.WAV,Telephone Field,recover-20220922,001,1795
438.1615,438.2044,68437,82791,Rhinolophus ferrumequinum,0.035,0.035,-1,Echolocation,/mnt/ubna_data_02_mir/recover-20220922/UBNA_001/20220921_090000.WAV,Telephone Field,recover-20220922,001,1795
438.1735,438.2121,68437,82239,Rhinolophus ferrumequinum,0.026,0.026,-1,Echolocation,/mnt/ubna_data_02_mir/recover-20220922/UBNA_001/20220921_090000.WAV,Telephone Field,recover-20220922,001,1795
438.1845,438.1945,22890,29550,Nyctalus leisleri,0.009,0.024,-1,Echolocation,/mnt/ubna_data_02_mir/recover-20220922/UBNA_001/20220921_090000.WAV,Telephone Field,recover-20220922,001,1795
438.1855,438.1923,27187,37644,Eptesicus serotinus,0.005,0.025,-1,Echolocation,/mnt/ubna_data_02_mir/recover-20220922/UBNA_001/20220921_090000.WAV,Telephone Field,recover-20220922,001,1795
438.1995,438.2406,68437,83119,Rhinolophus ferrumequinum,0.038,0.038,-1,Echolocation,/mnt/ubna_data_02_mir/recover-20220922/UBNA_001/20220921_090000.WAV,Telephone Field,recover-20220922,001,1795
438.2315,438.27,68437,82221,Rhinolophus ferrumequinum,0.021,0.021,-1,Echolocation,/mnt/ubna_data_02_mir/recover-20220922/UBNA_001/20220921_090000.WAV,Telephone Field,recover-20220922,001,1795
438.2335,438.2414,52109,60079,Pipistrellus pipistrellus,0.017,0.023,-1,Echolocation,/mnt/ubna_data_02_mir/recover-20220922/UBNA_001/20220921_090000.WAV,Telephone Field,recover-20220922,001,1795
438.2585,438.2986,68437,82524,Rhinolophus ferrumequinum,0.029,0.029,-1,Echolocation,/mnt/ubna_data_02_mir/recover-20220922/UBNA_001/20220921_090000.WAV,Telephone Field,recover-20220922,001,1795
438.2665,438.2789,28906,35058,Eptesicus serotinus,0.014,0.028,-1,Echolocation,/mnt/ubna_data_02_mir/recover-20220922/UBNA_001/20220921_090000.WAV,Telephone Field,recover-20220922,001,1795
438.2755,438.283,56406,61339,Pipistrellus pygmaeus,0.021,0.021,-1,Echolocation,/mnt/ubna_data_02_mir/recover-20220922/UBNA_001/20220921_090000.WAV,Telephone Field,recover-20220922,001,1795
438.2795,438.3153,68437,81545,Rhinolophus ferrumequinum,0.021,0.021,-1,Echolocation,/mnt/ubna_data_02_mir/recover-20220922/UBNA_001/20220921_090000.WAV,Telephone Field,recover-20220922,001,1795
438.2795,438.2891,23750,30834,Nyctalus leisleri,0.007,0.023,-1,Echolocation,/mnt/ubna_data_02_mir/recover-20220922/UBNA_001/20220921_090000.WAV,Telephone Field,recover-20220922,001,1795
438.3135,438.3503,68437,81641,Rhinolophus ferrumequinum,0.022,0.022,-1,Echolocation,/mnt/ubna_data_02_mir/recover-20220922/UBNA_001/20220921_090000.WAV,Telephone Field,recover-20220922,001,1795
438.3295,438.3713,68437,83023,Rhinolophus ferrumequinum,0.025,0.025,-1,Echolocation,/mnt/ubna_data_02_mir/recover-20220922/UBNA_001/20220921_090000.WAV,Telephone Field,recover-20220922,001,1795
438.3375,438.34590000000003,26328,38347,Eptesicus serotinus,0.007,0.022,-1,Echolocation,/mnt/ubna_data_02_mir/recover-20220922/UBNA_001/20220921_090000.WAV,Telephone Field,recover-20220922,001,1795
438.3725,438.4141,68437,82766,Rhinolophus ferrumequinum,0.022,0.022,-1,Echolocation,/mnt/ubna_data_02_mir/recover-20220922/UBNA_001/20220921_090000.WAV,Telephone Field,recover-20220922,001,1795
438.4045,438.4424,68437,81521,Rhinolophus ferrumequinum,0.021,0.021,-1,Echolocation,/mnt/ubna_data_02_mir/recover-20220922/UBNA_001/20220921_090000.WAV,Telephone Field,recover-20220922,001,1795
438.4295,438.4668,68437,81889,Rhinolophus ferrumequinum,0.025,0.025,-1,Echolocation,/mnt/ubna_data_02_mir/recover-20220922/UBNA_001/20220921_090000.WAV,Telephone Field,recover-20220922,001,1795
438.4405,438.4489,28046,38046,Eptesicus serotinus,0.008,0.021,-1,Echolocation,/mnt/ubna_data_02_mir/recover-20220922/UBNA_001/20220921_090000.WAV,Telephone Field,recover-20220922,001,1795
438.4495,438.4875,68437,82010,Rhinolophus ferrumequinum,0.023,0.023,-1,Echolocation,/mnt/ubna_data_02_mir/recover-20220922/UBNA_001/20220921_090000.WAV,Telephone Field,recover-20220922,001,1795
438.4535,438.46320000000003,24609,31498,Eptesicus serotinus,0.007,0.021,-1,Echolocation,/mnt/ubna_data_02_mir/recover-20220922/UBNA_001/20220921_090000.WAV,Telephone Field,recover-20220922,001,1795
438.5095,438.5512,68437,82391,Rhinolophus ferrumequinum,0.023,0.023,-1,Echolocation,/mnt/ubna_data_02_mir/recover-20220922/UBNA_001/20220921_090000.WAV,Telephone Field,recover-20220922,001,1795
438.5145,438.5567,68437,82966,Rhinolophus ferrumequinum,0.022,0.023,-1,Echolocation,/mnt/ubna_data_02_mir/recover-20220922/UBNA_001/20220921_090000.WAV,Telephone Field,recover-20220922,001,1795
438.5395,438.5773,68437,82031,Rhinolophus ferrumequinum,0.024,0.024,-1,Echolocation,/mnt/ubna_data_02_mir/recover-20220922/UBNA_001/20220921_090000.WAV,Telephone Field,recover-20220922,001,1795
438.5435,438.5526,27187,38028,Eptesicus serotinus,0.009,0.022,-1,Echolocation,/mnt/ubna_data_02_mir/recover-20220922/UBNA_001/20220921_090000.WAV,Telephone Field,recover-20220922,001,1795
438.5515,438.5601,25468,34075,Eptesicus serotinus,0.007,0.022,-1,Echolocation,/mnt/ubna_data_02_mir/recover-20220922/UBNA_001/20220921_090000.WAV,Telephone Field,recover-20220922,001,1795
438.5735,438.6098,68437,82188,Rhinolophus ferrumequinum,0.022,0.022,-1,Echolocation,/mnt/ubna_data_02_mir/recover-20220922/UBNA_001/20220921_090000.WAV,Telephone Field,recover-20220922,001,1795
438.5865,438.6236,68437,81547,Rhinolophus ferrumequinum,0.021,0.021,-1,Echolocation,/mnt/ubna_data_02_mir/recover-20220922/UBNA_001/20220921_090000.WAV,Telephone Field,recover-20220922,001,1795
438.6065,438.6169,28046,35481,Eptesicus serotinus,0.009,0.021,-1,Echolocation,/mnt/ubna_data_02_mir/recover-20220922/UBNA_001/20220921_090000.WAV,Telephone Field,recover-20220922,001,1795
438.6385,438.6751,68437,81823,Rhinolophus ferrumequinum,0.022,0.022,-1,Echolocation,/mnt/ubna_data_02_mir/recover-20220922/UBNA_001/20220921_090000.WAV,Telephone Field,recover-20220922,001,1795
438.6515,438.6915,68437,82764,Rhinolophus ferrumequinum,0.023,0.023,-1,Echolocation,/mnt/ubna_data_02_mir/recover-20220922/UBNA_001/20220921_090000.WAV,Telephone Field,recover-20220922,001,1795
438.6535,438.6628,28046,37117,Eptesicus serotinus,0.009,0.024,-1,Echolocation,/mnt/ubna_data_02_mir/recover-20220922/UBNA_001/20220921_090000.WAV,Telephone Field,recover-20220922,001,1795
438.6685,438.7073,68437,81914,Rhinolophus ferrumequinum,0.021,0.021,-1,Echolocation,/mnt/ubna_data_02_mir/recover-20220922/UBNA_001/20220921_090000.WAV,Telephone Field,recover-20220922,001,1795
438.6815,438.7197,68437,81716,Rhinolophus ferrumequinum,0.021,0.021,-1,Echolocation,/mnt/ubna_data_02_mir/recover-20220922/UBNA_001/20220921_090000.WAV,Telephone Field,recover-20220922,001,1795
438.70550000000003,438.71659999999997,26328,33818,Eptesicus serotinus,0.01,0.022,-1,Echolocation,/mnt/ubna_data_02_mir/recover-20220922/UBNA_001/20220921_090000.WAV,Telephone Field,recover-20220922,001,1795
438.7075,438.7455,68437,81629,Rhinolophus ferrumequinum,0.021,0.021,-1,Echolocation,/mnt/ubna_data_02_mir/recover-20220922/UBNA_001/20220921_090000.WAV,Telephone Field,recover-20220922,001,1795
438.7195,438.7275,28046,40225,Eptesicus serotinus,0.013,0.036,-1,Echolocation,/mnt/ubna_data_02_mir/recover-20220922/UBNA_001/20220921_090000.WAV,Telephone Field,recover-20220922,001,1795
438.7485,438.7873,68437,81991,Rhinolophus ferrumequinum,0.021,0.021,-1,Echolocation,/mnt/ubna_data_02_mir/recover-20220922/UBNA_001/20220921_090000.WAV,Telephone Field,recover-20220922,001,1795
438.7585,438.7686,23750,30175,Nyctalus leisleri,0.008,0.022,-1,Echolocation,/mnt/ubna_data_02_mir/recover-20220922/UBNA_001/20220921_090000.WAV,Telephone Field,recover-20220922,001,1795
438.7655,438.7748,25468,33795,Eptesicus serotinus,0.007,0.022,-1,Echolocation,/mnt/ubna_data_02_mir/recover-20220922/UBNA_001/20220921_090000.WAV,Telephone Field,recover-20220922,001,1795
438.7715,438.8108,68437,82660,Rhinolophus ferrumequinum,0.022,0.022,-1,Echolocation,/mnt/ubna_data_02_mir/recover-20220922/UBNA_001/20220921_090000.WAV,Telephone Field,recover-20220922,001,1795
438.7825,438.7906,28046,39989,Eptesicus serotinus,0.007,0.023,-1,Echolocation,/mnt/ubna_data_02_mir/recover-20220922/UBNA_001/20220921_090000.WAV,Telephone Field,recover-20220922,001,1795
438.8615,438.9024,68437,82917,Rhinolophus ferrumequinum,0.023,0.023,-1,Echolocation,/mnt/ubna_data_02_mir/recover-20220922/UBNA_001/20220921_090000.WAV,Telephone Field,recover-20220922,001,1795
438.8625,438.8723,28906,36223,Eptesicus serotinus,0.009,0.021,-1,Echolocation,/mnt/ubna_data_02_mir/recover-20220922/UBNA_001/20220921_090000.WAV,Telephone Field,recover-20220922,001,1795
438.8715,438.9114,68437,82761,Rhinolophus ferrumequinum,0.022,0.022,-1,Echolocation,/mnt/ubna_data_02_mir/recover-20220922/UBNA_001/20220921_090000.WAV,Telephone Field,recover-20220922,001,1795
438.9125,438.923,22890,28691,Nyctalus leisleri,0.008,0.021,-1,Echolocation,/mnt/ubna_data_02_mir/recover-20220922/UBNA_001/20220921_090000.WAV,Telephone Field,recover-20220922,001,1795
438.9295,438.9698,68437,82385,Rhinolophus ferrumequinum,0.022,0.022,-1,Echolocation,/mnt/ubna_data_02_mir/recover-20220922/UBNA_001/20220921_090000.WAV,Telephone Field,recover-20220922,001,1795
438.9345,438.9741,68437,82469,Rhinolophus ferrumequinum,0.022,0.022,-1,Echolocation,/mnt/ubna_data_02_mir/recover-20220922/UBNA_001/20220921_090000.WAV,Telephone Field,recover-20220922,001,1795
438.9925,438.998,38359,46416,Myotis daubentonii,0.009,0.023,-1,Echolocation,/mnt/ubna_data_02_mir/recover-20220922/UBNA_001/20220921_090000.WAV,Telephone Field,recover-20220922,001,1795
438.9945,439.0015,28046,49575,Eptesicus serotinus,0.008,0.028,-1,Echolocation,/mnt/ubna_data_02_mir/recover-20220922/UBNA_001/20220921_090000.WAV,Telephone Field,recover-20220922,001,1795
439.0175,439.0576,68437,83051,Rhinolophus ferrumequinum,0.027,0.027,-1,Echolocation,/mnt/ubna_data_02_mir/recover-20220922/UBNA_001/20220921_090000.WAV,Telephone Field,recover-20220922,001,1795
439.0315,439.0397,28046,40373,Eptesicus serotinus,0.008,0.025,-1,Echolocation,/mnt/ubna_data_02_mir/recover-20220922/UBNA_001/20220921_090000.WAV,Telephone Field,recover-20220922,001,1795
439.0395,439.0485,28046,38420,Eptesicus serotinus,0.008,0.022,-1,Echolocation,/mnt/ubna_data_02_mir/recover-20220922/UBNA_001/20220921_090000.WAV,Telephone Field,recover-20220922,001,1795
439.0405,439.0801,68437,82533,Rhinolophus ferrumequinum,0.022,0.022,-1,Echolocation,/mnt/ubna_data_02_mir/recover-20220922/UBNA_001/20220921_090000.WAV,Telephone Field,recover-20220922,001,1795
439.0475,439.057,27187,34987,Eptesicus serotinus,0.009,0.022,-1,Echolocation,/mnt/ubna_data_02_mir/recover-20220922/UBNA_001/20220921_090000.WAV,Telephone Field,recover-20220922,001,1795
439.0585,439.097,68437,81630,Rhinolophus ferrumequinum,0.021,0.021,-1,Echolocation,/mnt/ubna_data_02_mir/recover-20220922/UBNA_001/20220921_090000.WAV,Telephone Field,recover-20220922,001,1795
439.0845,439.0921,24609,34065,Plecotus austriacus,0.018,0.042,-1,Echolocation,/mnt/ubna_data_02_mir/recover-20220922/UBNA_001/20220921_090000.WAV,Telephone Field,recover-20220922,001,1795
439.0865,439.1291,68437,83186,Rhinolophus ferrumequinum,0.034,0.034,-1,Echolocation,/mnt/ubna_data_02_mir/recover-20220922/UBNA_001/20220921_090000.WAV,Telephone Field,recover-20220922,001,1795
439.1095,439.1494,68437,82744,Rhinolophus ferrumequinum,0.021,0.021,-1,Echolocation,/mnt/ubna_data_02_mir/recover-20220922/UBNA_001/20220921_090000.WAV,Telephone Field,recover-20220922,001,1795
439.1235,439.1328,27187,35803,Eptesicus serotinus,0.012,0.031,-1,Echolocation,/mnt/ubna_data_02_mir/recover-20220922/UBNA_001/20220921_090000.WAV,Telephone Field,recover-20220922,001,1795
439.1885,439.2244,68437,81353,Rhinolophus ferrumequinum,0.021,0.021,-1,Echolocation,/mnt/ubna_data_02_mir/recover-20220922/UBNA_001/20220921_090000.WAV,Telephone Field,recover-20220922,001,1795
439.20550000000003,439.2462,68437,82100,Rhinolophus ferrumequinum,0.025,0.025,-1,Echolocation,/mnt/ubna_data_02_mir/recover-20220922/UBNA_001/20220921_090000.WAV,Telephone Field,recover-20220922,001,1795
439.2185,439.257,68437,82260,Rhinolophus ferrumequinum,0.023,0.023,-1,Echolocation,/mnt/ubna_data_02_mir/recover-20220922/UBNA_001/20220921_090000.WAV,Telephone Field,recover-20220922,001,1795
439.2395,439.2785,68437,82350,Rhinolophus ferrumequinum,0.022,0.022,-1,Echolocation,/mnt/ubna_data_02_mir/recover-20220922/UBNA_001/20220921_090000.WAV,Telephone Field,recover-20220922,001,1795
439.2665,439.3053,68437,82012,Rhinolophus ferrumequinum,0.028,0.028,-1,Echolocation,/mnt/ubna_data_02_mir/recover-20220922/UBNA_001/20220921_090000.WAV,Telephone Field,recover-20220922,001,1795
439.2915,439.3341,68437,83310,Rhinolophus ferrumequinum,0.027,0.027,-1,Echolocation,/mnt/ubna_data_02_mir/recover-20220922/UBNA_001/20220921_090000.WAV,Telephone Field,recover-20220922,001,1795
439.2915,439.3008,27187,35702,Eptesicus serotinus,0.013,0.027,-1,Echolocation,/mnt/ubna_data_02_mir/recover-20220922/UBNA_001/20220921_090000.WAV,Telephone Field,recover-20220922,001,1795
439.3265,439.3677,68437,82724,Rhinolophus ferrumequinum,0.023,0.023,-1,Echolocation,/mnt/ubna_data_02_mir/recover-20220922/UBNA_001/20220921_090000.WAV,Telephone Field,recover-20220922,001,1795
439.3395,439.3498,22890,28148,Nyctalus leisleri,0.01,0.023,-1,Echolocation,/mnt/ubna_data_02_mir/recover-20220922/UBNA_001/20220921_090000.WAV,Telephone Field,recover-20220922,001,1795
439.3415,439.3795,68437,81730,Rhinolophus ferrumequinum,0.022,0.022,-1,Echolocation,/mnt/ubna_data_02_mir/recover-20220922/UBNA_001/20220921_090000.WAV,Telephone Field,recover-20220922,001,1795
439.3705,439.408,68437,82064,Rhinolophus ferrumequinum,0.021,0.021,-1,Echolocation,/mnt/ubna_data_02_mir/recover-20220922/UBNA_001/20220921_090000.WAV,Telephone Field,recover-20220922,001,1795
439.3805,439.3888,22890,30607,Plecotus austriacus,0.011,0.025,-1,Echolocation,/mnt/ubna_data_02_mir/recover-20220922/UBNA_001/20220921_090000.WAV,Telephone Field,recover-20220922,001,1795
439.3965,439.4378,68437,82319,Rhinolophus ferrumequinum,0.022,0.022,-1,Echolocation,/mnt/ubna_data_02_mir/recover-20220922/UBNA_001/20220921_090000.WAV,Telephone Field,recover-20220922,001,1795
439.4135,439.4506,68437,81907,Rhinolophus ferrumequinum,0.021,0.021,-1,Echolocation,/mnt/ubna_data_02_mir/recover-20220922/UBNA_001/20220921_090000.WAV,Telephone Field,recover-20220922,001,1795
439.4435,439.4515,28046,39598,Eptesicus serotinus,0.007,0.022,-1,Echolocation,/mnt/ubna_data_02_mir/recover-20220922/UBNA_001/20220921_090000.WAV,Telephone Field,recover-20220922,001,1795
439.4485,439.4865,68437,81789,Rhinolophus ferrumequinum,0.025,0.025,-1,Echolocation,/mnt/ubna_data_02_mir/recover-20220922/UBNA_001/20220921_090000.WAV,Telephone Field,recover-20220922,001,1795
439.4655,439.5033,68437,81703,Rhinolophus ferrumequinum,0.021,0.021,-1,Echolocation,/mnt/ubna_data_02_mir/recover-20220922/UBNA_001/20220921_090000.WAV,Telephone Field,recover-20220922,001,1795
439.47950000000003,439.5208,68437,82921,Rhinolophus ferrumequinum,0.023,0.023,-1,Echolocation,/mnt/ubna_data_02_mir/recover-20220922/UBNA_001/20220921_090000.WAV,Telephone Field,recover-20220922,001,1795
439.5395,439.5754,68437,81591,Rhinolophus ferrumequinum,0.027,0.027,-1,Echolocation,/mnt/ubna_data_02_mir/recover-20220922/UBNA_001/20220921_090000.WAV,Telephone Field,recover-20220922,001,1795
439.5405,439.5604,20312,23482,Nyctalus leisleri,0.016,0.028,-1,Echolocation,/mnt/ubna_data_02_mir/recover-20220922/UBNA_001/20220921_090000.WAV,Telephone Field,recover-20220922,001,1795
439.5475,439.5853,68437,82226,Rhinolophus ferrumequinum,0.025,0.025,-1,Echolocation,/mnt/ubna_data_02_mir/recover-20220922/UBNA_001/20220921_090000.WAV,Telephone Field,recover-20220922,001,1795
439.5485,439.5682,20312,23274,Nyctalus leisleri,0.018,0.033,-1,Echolocation,/mnt/ubna_data_02_mir/recover-20220922/UBNA_001/20220921_090000.WAV,Telephone Field,recover-20220922,001,1795
439.5635,439.5722,28046,37443,Eptesicus serotinus,0.01,0.026,-1,Echolocation,/mnt/ubna_data_02_mir/recover-20220922/UBNA_001/20220921_090000.WAV,Telephone Field,recover-20220922,001,1795
439.5715,439.6096,68437,82305,Rhinolophus ferrumequinum,0.021,0.021,-1,Echolocation,/mnt/ubna_data_02_mir/recover-20220922/UBNA_001/20220921_090000.WAV,Telephone Field,recover-20220922,001,1795
439.6315,439.6717,68437,82455,Rhinolophus ferrumequinum,0.022,0.022,-1,Echolocation,/mnt/ubna_data_02_mir/recover-20220922/UBNA_001/20220921_090000.WAV,Telephone Field,recover-20220922,001,1795
439.6355,439.6437,27187,37766,Eptesicus serotinus,0.007,0.023,-1,Echolocation,/mnt/ubna_data_02_mir/recover-20220922/UBNA_001/20220921_090000.WAV,Telephone Field,recover-20220922,001,1795
439.6575,439.6981,68437,82549,Rhinolophus ferrumequinum,0.023,0.023,-1,Echolocation,/mnt/ubna_data_02_mir/recover-20220922/UBNA_001/20220921_090000.WAV,Telephone Field,recover-20220922,001,1795
439.7035,439.7458,68437,82850,Rhinolophus ferrumequinum,0.023,0.023,-1,Echolocation,/mnt/ubna_data_02_mir/recover-20220922/UBNA_001/20220921_090000.WAV,Telephone Field,recover-20220922,001,1795
439.7745,439.81510000000003,68437,81875,Rhinolophus ferrumequinum,0.026,0.026,-1,Echolocation,/mnt/ubna_data_02_mir/recover-20220922/UBNA_001/20220921_090000.WAV,Telephone Field,recover-20220922,001,1795
439.7795,439.7883,27187,36358,Eptesicus serotinus,0.01,0.023,-1,Echolocation,/mnt/ubna_data_02_mir/recover-20220922/UBNA_001/20220921_090000.WAV,Telephone Field,recover-20220922,001,1795
439.8065,439.8454,68437,82229,Rhinolophus ferrumequinum,0.024,0.024,-1,Echolocation,/mnt/ubna_data_02_mir/recover-20220922/UBNA_001/20220921_090000.WAV,Telephone Field,recover-20220922,001,1795
439.8245,439.8629,68437,81239,Rhinolophus ferrumequinum,0.021,0.021,-1,Echolocation,/mnt/ubna_data_02_mir/recover-20220922/UBNA_001/20220921_090000.WAV,Telephone Field,recover-20220922,001,1795
439.8435,439.8805,68437,81846,Rhinolophus ferrumequinum,0.021,0.021,-1,Echolocation,/mnt/ubna_data_02_mir/recover-20220922/UBNA_001/20220921_090000.WAV,Telephone Field,recover-20220922,001,1795
439.85450000000003,439.8641,25468,32887,Eptesicus serotinus,0.011,0.026,-1,Echolocation,/mnt/ubna_data_02_mir/recover-20220922/UBNA_001/20220921_090000.WAV,Telephone Field,recover-20220922,001,1795
439.8805,439.8899,27187,37000,Eptesicus serotinus,0.009,0.023,-1,Echolocation,/mnt/ubna_data_02_mir/recover-20220922/UBNA_001/20220921_090000.WAV,Telephone Field,recover-20220922,001,1795
439.95550000000003,439.9622,28046,40587,Eptesicus serotinus,0.006,0.022,-1,Echolocation,/mnt/ubna_data_02_mir/recover-20220922/UBNA_001/20220921_090000.WAV,Telephone Field,recover-20220922,001,1795
439.9605,439.9812,19453,22890,Nyctalus noctula,0.046,0.084,-1,Echolocation,/mnt/ubna_data_02_mir/recover-20220922/UBNA_001/20220921_090000.WAV,Telephone Field,recover-20220922,001,1795
439.9895,439.9986,28046,41093,Eptesicus serotinus,0.009,0.023,-1,Echolocation,/mnt/ubna_data_02_mir/recover-20220922/UBNA_001/20220921_090000.WAV,Telephone Field,recover-20220922,001,1795
440.0015,440.0111,46953,53288,Pipistrellus pipistrellus,0.017,0.022,-1,Echolocation,/mnt/ubna_data_02_mir/recover-20220922/UBNA_001/20220921_090000.WAV,Telephone Field,recover-20220922,001,1795
440.0015,440.0112,22031,27760,Nyctalus leisleri,0.009,0.025,-1,Echolocation,/mnt/ubna_data_02_mir/recover-20220922/UBNA_001/20220921_090000.WAV,Telephone Field,recover-20220922,001,1795
440.0015,440.0373,69296,81278,Rhinolophus ferrumequinum,0.039,0.039,-1,Echolocation,/mnt/ubna_data_02_mir/recover-20220922/UBNA_001/20220921_090000.WAV,Telephone Field,recover-20220922,001,1795
440.0115,440.0542,68437,81776,Rhinolophus ferrumequinum,0.031,0.031,-1,Echolocation,/mnt/ubna_data_02_mir/recover-20220922/UBNA_001/20220921_090000.WAV,Telephone Field,recover-20220922,001,1795
440.0235,440.0338,23750,30181,Nyctalus leisleri,0.008,0.022,-1,Echolocation,/mnt/ubna_data_02_mir/recover-20220922/UBNA_001/20220921_090000.WAV,Telephone Field,recover-20220922,001,1795
440.0525,440.0621,28046,36839,Eptesicus serotinus,0.01,0.025,-1,Echolocation,/mnt/ubna_data_02_mir/recover-20220922/UBNA_001/20220921_090000.WAV,Telephone Field,recover-20220922,001,1795
440.0885,440.1057,50390,54276,Pipistrellus pipistrellus,0.029,0.04,-1,Echolocation,/mnt/ubna_data_02_mir/recover-20220922/UBNA_001/20220921_090000.WAV,Telephone Field,recover-20220922,001,1795
440.1115,440.1181,30625,43688,Myotis daubentonii,0.015,0.034,-1,Echolocation,/mnt/ubna_data_02_mir/recover-20220922/UBNA_001/20220921_090000.WAV,Telephone Field,recover-20220922,001,1795
440.1375,440.1764,68437,81863,Rhinolophus ferrumequinum,0.025,0.025,-1,Echolocation,/mnt/ubna_data_02_mir/recover-20220922/UBNA_001/20220921_090000.WAV,Telephone Field,recover-20220922,001,1795
440.1815,440.2232,68437,82107,Rhinolophus ferrumequinum,0.023,0.023,-1,Echolocation,/mnt/ubna_data_02_mir/recover-20220922/UBNA_001/20220921_090000.WAV,Telephone Field,recover-20220922,001,1795
440.1835,440.192,28046,37871,Eptesicus serotinus,0.008,0.023,-1,Echolocation,/mnt/ubna_data_02_mir/recover-20220922/UBNA_001/20220921_090000.WAV,Telephone Field,recover-20220922,001,1795
440.2155,440.25260000000003,68437,81380,Rhinolophus ferrumequinum,0.021,0.022,-1,Echolocation,/mnt/ubna_data_02_mir/recover-20220922/UBNA_001/20220921_090000.WAV,Telephone Field,recover-20220922,001,1795
440.2335,440.2433,28906,37727,Eptesicus serotinus,0.01,0.025,-1,Echolocation,/mnt/ubna_data_02_mir/recover-20220922/UBNA_001/20220921_090000.WAV,Telephone Field,recover-20220922,001,1795
440.2625,440.3044,68437,82776,Rhinolophus ferrumequinum,0.023,0.023,-1,Echolocation,/mnt/ubna_data_02_mir/recover-20220922/UBNA_001/20220921_090000.WAV,Telephone Field,recover-20220922,001,1795
440.3085,440.3527,68437,83163,Rhinolophus ferrumequinum,0.03,0.03,-1,Echolocation,/mnt/ubna_data_02_mir/recover-20220922/UBNA_001/20220921_090000.WAV,Telephone Field,recover-20220922,001,1795
440.3195,440.3267,23750,32308,Plecotus austriacus,0.011,0.026,-1,Echolocation,/mnt/ubna_data_02_mir/recover-20220922/UBNA_001/20220921_090000.WAV,Telephone Field,recover-20220922,001,1795
440.3365,440.3788,68437,82827,Rhinolophus ferrumequinum,0.046,0.046,-1,Echolocation,/mnt/ubna_data_02_mir/recover-20220922/UBNA_001/20220921_090000.WAV,Telephone Field,recover-20220922,001,1795
440.3915,440.4054,22031,25703,Nyctalus leisleri,0.015,0.025,-1,Echolocation,/mnt/ubna_data_02_mir/recover-20220922/UBNA_001/20220921_090000.WAV,Telephone Field,recover-20220922,001,1795
440.4035,440.4113,28046,39019,Eptesicus serotinus,0.008,0.022,-1,Echolocation,/mnt/ubna_data_02_mir/recover-20220922/UBNA_001/20220921_090000.WAV,Telephone Field,recover-20220922,001,1795
440.4355,440.4462,23750,29633,Nyctalus leisleri,0.014,0.032,-1,Echolocation,/mnt/ubna_data_02_mir/recover-20220922/UBNA_001/20220921_090000.WAV,Telephone Field,recover-20220922,001,1795
440.4385,440.4787,68437,82368,Rhinolophus ferrumequinum,0.024,0.024,-1,Echolocation,/mnt/ubna_data_02_mir/recover-20220922/UBNA_001/20220921_090000.WAV,Telephone Field,recover-20220922,001,1795
440.4575,440.4943,68437,81355,Rhinolophus ferrumequinum,0.022,0.022,-1,Echolocation,/mnt/ubna_data_02_mir/recover-20220922/UBNA_001/20220921_090000.WAV,Telephone Field,recover-20220922,001,1795
440.4785,440.5178,68437,81570,Rhinolophus ferrumequinum,0.023,0.023,-1,Echolocation,/mnt/ubna_data_02_mir/recover-20220922/UBNA_001/20220921_090000.WAV,Telephone Field,recover-20220922,001,1795
440.4805,440.4907,23750,30240,Nyctalus leisleri,0.009,0.023,-1,Echolocation,/mnt/ubna_data_02_mir/recover-20220922/UBNA_001/20220921_090000.WAV,Telephone Field,recover-20220922,001,1795
440.5315,440.5406,27187,37911,Eptesicus serotinus,0.009,0.024,-1,Echolocation,/mnt/ubna_data_02_mir/recover-20220922/UBNA_001/20220921_090000.WAV,Telephone Field,recover-20220922,001,1795
440.5345,440.5701,68437,81522,Rhinolophus ferrumequinum,0.022,0.022,-1,Echolocation,/mnt/ubna_data_02_mir/recover-20220922/UBNA_001/20220921_090000.WAV,Telephone Field,recover-20220922,001,1795
440.5775,440.6175,68437,83062,Rhinolophus ferrumequinum,0.025,0.025,-1,Echolocation,/mnt/ubna_data_02_mir/recover-20220922/UBNA_001/20220921_090000.WAV,Telephone Field,recover-20220922,001,1795
440.5835,440.6242,68437,82575,Rhinolophus ferrumequinum,0.022,0.022,-1,Echolocation,/mnt/ubna_data_02_mir/recover-20220922/UBNA_001/20220921_090000.WAV,Telephone Field,recover-20220922,001,1795
440.5905,440.6007,28906,36907,Eptesicus serotinus,0.009,0.022,-1,Echolocation,/mnt/ubna_data_02_mir/recover-20220922/UBNA_001/20220921_090000.WAV,Telephone Field,recover-20220922,001,1795
440.5955,440.6346,68437,82368,Rhinolophus ferrumequinum,0.023,0.023,-1,Echolocation,/mnt/ubna_data_02_mir/recover-20220922/UBNA_001/20220921_090000.WAV,Telephone Field,recover-20220922,001,1795
440.6065,440.618,51250,56557,Pipistrellus pipistrellus,0.03,0.038,-1,Echolocation,/mnt/ubna_data_02_mir/recover-20220922/UBNA_001/20220921_090000.WAV,Telephone Field,recover-20220922,001,1795
440.6155,440.6268,34921,40658,Eptesicus serotinus,0.007,0.027,-1,Echolocation,/mnt/ubna_data_02_mir/recover-20220922/UBNA_001/20220921_090000.WAV,Telephone Field,recover-20220922,001,1795
440.6265,440.668,68437,82249,Rhinolophus ferrumequinum,0.022,0.022,-1,Echolocation,/mnt/ubna_data_02_mir/recover-20220922/UBNA_001/20220921_090000.WAV,Telephone Field,recover-20220922,001,1795
440.64549999999997,440.6884,68437,82544,Rhinolophus ferrumequinum,0.024,0.024,-1,Echolocation,/mnt/ubna_data_02_mir/recover-20220922/UBNA_001/20220921_090000.WAV,Telephone Field,recover-20220922,001,1795
440.6745,440.7131,68437,80991,Rhinolophus ferrumequinum,0.025,0.025,-1,Echolocation,/mnt/ubna_data_02_mir/recover-20220922/UBNA_001/20220921_090000.WAV,Telephone Field,recover-20220922,001,1795
440.72950000000003,440.7661,68437,81743,Rhinolophus ferrumequinum,0.022,0.022,-1,Echolocation,/mnt/ubna_data_02_mir/recover-20220922/UBNA_001/20220921_090000.WAV,Telephone Field,recover-20220922,001,1795
440.7355,440.7438,28046,36999,Eptesicus serotinus,0.007,0.023,-1,Echolocation,/mnt/ubna_data_02_mir/recover-20220922/UBNA_001/20220921_090000.WAV,Telephone Field,recover-20220922,001,1795
440.7585,440.7961,68437,81870,Rhinolophus ferrumequinum,0.026,0.026,-1,Echolocation,/mnt/ubna_data_02_mir/recover-20220922/UBNA_001/20220921_090000.WAV,Telephone Field,recover-20220922,001,1795
440.7685,440.8076,68437,81699,Rhinolophus ferrumequinum,0.023,0.023,-1,Echolocation,/mnt/ubna_data_02_mir/recover-20220922/UBNA_001/20220921_090000.WAV,Telephone Field,recover-20220922,001,1795
440.7745,440.7838,23750,31167,Eptesicus serotinus,0.007,0.023,-1,Echolocation,/mnt/ubna_data_02_mir/recover-20220922/UBNA_001/20220921_090000.WAV,Telephone Field,recover-20220922,001,1795
440.7835,440.8248,68437,82641,Rhinolophus ferrumequinum,0.022,0.022,-1,Echolocation,/mnt/ubna_data_02_mir/recover-20220922/UBNA_001/20220921_090000.WAV,Telephone Field,recover-20220922,001,1795
440.7955,440.8066,24609,29981,Nyctalus leisleri,0.012,0.025,-1,Echolocation,/mnt/ubna_data_02_mir/recover-20220922/UBNA_001/20220921_090000.WAV,Telephone Field,recover-20220922,001,1795
440.8155,440.855,68437,82098,Rhinolophus ferrumequinum,0.021,0.021,-1,Echolocation,/mnt/ubna_data_02_mir/recover-20220922/UBNA_001/20220921_090000.WAV,Telephone Field,recover-20220922,001,1795
440.8375,440.8768,68437,82577,Rhinolophus ferrumequinum,0.022,0.022,-1,Echolocation,/mnt/ubna_data_02_mir/recover-20220922/UBNA_001/20220921_090000.WAV,Telephone Field,recover-20220922,001,1795
440.8585,440.8692,23750,28908,Nyctalus leisleri,0.01,0.023,-1,Echolocation,/mnt/ubna_data_02_mir/recover-20220922/UBNA_001/20220921_090000.WAV,Telephone Field,recover-20220922,001,1795
440.8695,440.9171,68437,83226,Rhinolophus ferrumequinum,0.054,0.054,-1,Echolocation,/mnt/ubna_data_02_mir/recover-20220922/UBNA_001/20220921_090000.WAV,Telephone Field,recover-20220922,001,1795
440.8885,440.9248,68437,82131,Rhinolophus ferrumequinum,0.022,0.022,-1,Echolocation,/mnt/ubna_data_02_mir/recover-20220922/UBNA_001/20220921_090000.WAV,Telephone Field,recover-20220922,001,1795
440.9005,440.9368,68437,81614,Rhinolophus ferrumequinum,0.021,0.021,-1,Echolocation,/mnt/ubna_data_02_mir/recover-20220922/UBNA_001/20220921_090000.WAV,Telephone Field,recover-20220922,001,1795
440.9375,440.9751,68437,81692,Rhinolophus ferrumequinum,0.029,0.029,-1,Echolocation,/mnt/ubna_data_02_mir/recover-20220922/UBNA_001/20220921_090000.WAV,Telephone Field,recover-20220922,001,1795
440.9635,440.97180000000003,28046,36919,Eptesicus serotinus,0.008,0.022,-1,Echolocation,/mnt/ubna_data_02_mir/recover-20220922/UBNA_001/20220921_090000.WAV,Telephone Field,recover-20220922,001,1795
440.9705,440.9816,45234,47989,Pipistrellus pipistrellus,0.048,0.051,-1,Echolocation,/mnt/ubna_data_02_mir/recover-20220922/UBNA_001/20220921_090000.WAV,Telephone Field,recover-20220922,001,1795
441.0005,441.0087,23750,31643,Plecotus austriacus,0.011,0.028,-1,Echolocation,/mnt/ubna_data_02_mir/recover-20220922/UBNA_001/20220921_090000.WAV,Telephone Field,recover-20220922,001,1795
441.0505,441.08820000000003,68437,81861,Rhinolophus ferrumequinum,0.024,0.024,-1,Echolocation,/mnt/ubna_data_02_mir/recover-20220922/UBNA_001/20220921_090000.WAV,Telephone Field,recover-20220922,001,1795
441.1025,441.1431,68437,81934,Rhinolophus ferrumequinum,0.023,0.023,-1,Echolocation,/mnt/ubna_data_02_mir/recover-20220922/UBNA_001/20220921_090000.WAV,Telephone Field,recover-20220922,001,1795
441.1135,441.1533,68437,82520,Rhinolophus ferrumequinum,0.023,0.023,-1,Echolocation,/mnt/ubna_data_02_mir/recover-20220922/UBNA_001/20220921_090000.WAV,Telephone Field,recover-20220922,001,1795
441.1265,441.1357,24609,31871,Eptesicus serotinus,0.008,0.023,-1,Echolocation,/mnt/ubna_data_02_mir/recover-20220922/UBNA_001/20220921_090000.WAV,Telephone Field,recover-20220922,001,1795
441.1715,441.1791,28046,39744,Eptesicus serotinus,0.007,0.021,-1,Echolocation,/mnt/ubna_data_02_mir/recover-20220922/UBNA_001/20220921_090000.WAV,Telephone Field,recover-20220922,001,1795
441.1735,441.205,68437,79803,Rhinolophus ferrumequinum,0.022,0.023,-1,Echolocation,/mnt/ubna_data_02_mir/recover-20220922/UBNA_001/20220921_090000.WAV,Telephone Field,recover-20220922,001,1795
441.1905,441.2289,68437,82470,Rhinolophus ferrumequinum,0.022,0.022,-1,Echolocation,/mnt/ubna_data_02_mir/recover-20220922/UBNA_001/20220921_090000.WAV,Telephone Field,recover-20220922,001,1795
441.2125,441.221,29765,40357,Eptesicus serotinus,0.008,0.023,-1,Echolocation,/mnt/ubna_data_02_mir/recover-20220922/UBNA_001/20220921_090000.WAV,Telephone Field,recover-20220922,001,1795
441.2145,441.251,68437,80964,Rhinolophus ferrumequinum,0.021,0.021,-1,Echolocation,/mnt/ubna_data_02_mir/recover-20220922/UBNA_001/20220921_090000.WAV,Telephone Field,recover-20220922,001,1795
441.2625,441.3025,68437,82746,Rhinolophus ferrumequinum,0.025,0.025,-1,Echolocation,/mnt/ubna_data_02_mir/recover-20220922/UBNA_001/20220921_090000.WAV,Telephone Field,recover-20220922,001,1795
441.2785,441.3218,68437,83239,Rhinolophus ferrumequinum,0.03,0.03,-1,Echolocation,/mnt/ubna_data_02_mir/recover-20220922/UBNA_001/20220921_090000.WAV,Telephone Field,recover-20220922,001,1795
441.3155,441.3525,68437,80762,Rhinolophus ferrumequinum,0.021,0.021,-1,Echolocation,/mnt/ubna_data_02_mir/recover-20220922/UBNA_001/20220921_090000.WAV,Telephone Field,recover-20220922,001,1795
441.3425,441.3797,68437,81655,Rhinolophus ferrumequinum,0.022,0.022,-1,Echolocation,/mnt/ubna_data_02_mir/recover-20220922/UBNA_001/20220921_090000.WAV,Telephone Field,recover-20220922,001,1795
441.3425,441.3518,22890,29598,Plecotus austriacus,0.007,0.023,-1,Echolocation,/mnt/ubna_data_02_mir/recover-20220922/UBNA_001/20220921_090000.WAV,Telephone Field,recover-20220922,001,1795
441.39549999999997,441.4031,47812,52454,Pipistrellus pipistrellus,0.019,0.021,-1,Echolocation,/mnt/ubna_data_02_mir/recover-20220922/UBNA_001/20220921_090000.WAV,Telephone Field,recover-20220922,001,1795
441.4275,441.4357,23750,31977,Plecotus austriacus,0.007,0.021,-1,Echolocation,/mnt/ubna_data_02_mir/recover-20220922/UBNA_001/20220921_090000.WAV,Telephone Field,recover-20220922,001,1795
441.4535,441.4947,68437,82312,Rhinolophus ferrumequinum,0.023,0.023,-1,Echolocation,/mnt/ubna_data_02_mir/recover-20220922/UBNA_001/20220921_090000.WAV,Telephone Field,recover-20220922,001,1795
441.4705,441.5082,68437,82286,Rhinolophus ferrumequinum,0.022,0.022,-1,Echolocation,/mnt/ubna_data_02_mir/recover-20220922/UBNA_001/20220921_090000.WAV,Telephone Field,recover-20220922,001,1795
441.4805,441.52139999999997,68437,82700,Rhinolophus ferrumequinum,0.026,0.026,-1,Echolocation,/mnt/ubna_data_02_mir/recover-20220922/UBNA_001/20220921_090000.WAV,Telephone Field,recover-20220922,001,1795
441.5385,441.5459,27187,40176,Eptesicus serotinus,0.008,0.026,-1,Echolocation,/mnt/ubna_data_02_mir/recover-20220922/UBNA_001/20220921_090000.WAV,Telephone Field,recover-20220922,001,1795
441.5385,441.5771,68437,81066,Rhinolophus ferrumequinum,0.025,0.026,-1,Echolocation,/mnt/ubna_data_02_mir/recover-20220922/UBNA_001/20220921_090000.WAV,Telephone Field,recover-20220922,001,1795
441.5465,441.5846,68437,81873,Rhinolophus ferrumequinum,0.024,0.024,-1,Echolocation,/mnt/ubna_data_02_mir/recover-20220922/UBNA_001/20220921_090000.WAV,Telephone Field,recover-20220922,001,1795
441.5955,441.6325,68437,81513,Rhinolophus ferrumequinum,0.022,0.022,-1,Echolocation,/mnt/ubna_data_02_mir/recover-20220922/UBNA_001/20220921_090000.WAV,Telephone Field,recover-20220922,001,1795
441.6085,441.6203,23750,29244,Nyctalus leisleri,0.014,0.029,-1,Echolocation,/mnt/ubna_data_02_mir/recover-20220922/UBNA_001/20220921_090000.WAV,Telephone Field,recover-20220922,001,1795
441.6305,441.6699,68437,81754,Rhinolophus ferrumequinum,0.023,0.023,-1,Echolocation,/mnt/ubna_data_02_mir/recover-20220922/UBNA_001/20220921_090000.WAV,Telephone Field,recover-20220922,001,1795
441.6655,441.7024,68437,81380,Rhinolophus ferrumequinum,0.021,0.021,-1,Echolocation,/mnt/ubna_data_02_mir/recover-20220922/UBNA_001/20220921_090000.WAV,Telephone Field,recover-20220922,001,1795
441.6685,441.6768,27187,38585,Eptesicus serotinus,0.008,0.022,-1,Echolocation,/mnt/ubna_data_02_mir/recover-20220922/UBNA_001/20220921_090000.WAV,Telephone Field,recover-20220922,001,1795
441.6775,441.7191,68437,82661,Rhinolophus ferrumequinum,0.023,0.023,-1,Echolocation,/mnt/ubna_data_02_mir/recover-20220922/UBNA_001/20220921_090000.WAV,Telephone Field,recover-20220922,001,1795
441.6845,441.728,68437,82977,Rhinolophus ferrumequinum,0.025,0.025,-1,Echolocation,/mnt/ubna_data_02_mir/recover-20220922/UBNA_001/20220921_090000.WAV,Telephone Field,recover-20220922,001,1795
441.7025,441.7165,57265,61721,Pipistrellus pygmaeus,0.033,0.034,-1,Echolocation,/mnt/ubna_data_02_mir/recover-20220922/UBNA_001/20220921_090000.WAV,Telephone Field,recover-20220922,001,1795
441.7265,441.7637,68437,81689,Rhinolophus ferrumequinum,0.026,0.026,-1,Echolocation,/mnt/ubna_data_02_mir/recover-20220922/UBNA_001/20220921_090000.WAV,Telephone Field,recover-20220922,001,1795
441.7445,441.7806,68437,81393,Rhinolophus ferrumequinum,0.021,0.021,-1,Echolocation,/mnt/ubna_data_02_mir/recover-20220922/UBNA_001/20220921_090000.WAV,Telephone Field,recover-20220922,001,1795
441.7565,441.7646,46953,50246,Pipistrellus pipistrellus,0.029,0.031,-1,Echolocation,/mnt/ubna_data_02_mir/recover-20220922/UBNA_001/20220921_090000.WAV,Telephone Field,recover-20220922,001,1795
441.7575,441.7989,68437,82962,Rhinolophus ferrumequinum,0.029,0.029,-1,Echolocation,/mnt/ubna_data_02_mir/recover-20220922/UBNA_001/20220921_090000.WAV,Telephone Field,recover-20220922,001,1795
441.7685,441.7792,22890,28954,Nyctalus leisleri,0.01,0.023,-1,Echolocation,/mnt/ubna_data_02_mir/recover-20220922/UBNA_001/20220921_090000.WAV,Telephone Field,recover-20220922,001,1795
441.7795,441.7858,28906,41626,Eptesicus serotinus,0.012,0.045,-1,Echolocation,/mnt/ubna_data_02_mir/recover-20220922/UBNA_001/20220921_090000.WAV,Telephone Field,recover-20220922,001,1795
441.7855,441.8259,68437,82046,Rhinolophus ferrumequinum,0.022,0.023,-1,Echolocation,/mnt/ubna_data_02_mir/recover-20220922/UBNA_001/20220921_090000.WAV,Telephone Field,recover-20220922,001,1795
441.8035,441.8415,68437,82303,Rhinolophus ferrumequinum,0.024,0.024,-1,Echolocation,/mnt/ubna_data_02_mir/recover-20220922/UBNA_001/20220921_090000.WAV,Telephone Field,recover-20220922,001,1795
441.8295,441.8697,68437,82233,Rhinolophus ferrumequinum,0.025,0.025,-1,Echolocation,/mnt/ubna_data_02_mir/recover-20220922/UBNA_001/20220921_090000.WAV,Telephone Field,recover-20220922,001,1795
441.8595,441.9001,68437,82004,Rhinolophus ferrumequinum,0.024,0.024,-1,Echolocation,/mnt/ubna_data_02_mir/recover-20220922/UBNA_001/20220921_090000.WAV,Telephone Field,recover-20220922,001,1795
441.8895,441.9265,68437,82082,Rhinolophus ferrumequinum,0.025,0.025,-1,Echolocation,/mnt/ubna_data_02_mir/recover-20220922/UBNA_001/20220921_090000.WAV,Telephone Field,recover-20220922,001,1795
441.9395,441.9736,68437,81219,Rhinolophus ferrumequinum,0.026,0.026,-1,Echolocation,/mnt/ubna_data_02_mir/recover-20220922/UBNA_001/20220921_090000.WAV,Telephone Field,recover-20220922,001,1795
441.9595,441.998,68437,81505,Rhinolophus ferrumequinum,0.022,0.022,-1,Echolocation,/mnt/ubna_data_02_mir/recover-20220922/UBNA_001/20220921_090000.WAV,Telephone Field,recover-20220922,001,1795
441.9635,441.9756,22031,28322,Nyctalus leisleri,0.012,0.034,-1,Echolocation,/mnt/ubna_data_02_mir/recover-20220922/UBNA_001/20220921_090000.WAV,Telephone Field,recover-20220922,001,1795
442.0015,442.0114,48671,56103,Pipistrellus pipistrellus,0.019,0.024,-1,Echolocation,/mnt/ubna_data_02_mir/recover-20220922/UBNA_001/20220921_090000.WAV,Telephone Field,recover-20220922,001,1795
442.0015,442.0113,26328,34932,Eptesicus serotinus,0.01,0.031,-1,Echolocation,/mnt/ubna_data_02_mir/recover-20220922/UBNA_001/20220921_090000.WAV,Telephone Field,recover-20220922,001,1795
442.0015,442.0344,69296,81849,Rhinolophus ferrumequinum,0.027,0.027,-1,Echolocation,/mnt/ubna_data_02_mir/recover-20220922/UBNA_001/20220921_090000.WAV,Telephone Field,recover-20220922,001,1795
442.0125,442.0537,68437,81945,Rhinolophus ferrumequinum,0.025,0.025,-1,Echolocation,/mnt/ubna_data_02_mir/recover-20220922/UBNA_001/20220921_090000.WAV,Telephone Field,recover-20220922,001,1795
442.0135,442.0245,22031,25944,Nyctalus leisleri,0.017,0.029,-1,Echolocation,/mnt/ubna_data_02_mir/recover-20220922/UBNA_001/20220921_090000.WAV,Telephone Field,recover-20220922,001,1795
442.04449999999997,442.0866,68437,82896,Rhinolophus ferrumequinum,0.031,0.031,-1,Echolocation,/mnt/ubna_data_02_mir/recover-20220922/UBNA_001/20220921_090000.WAV,Telephone Field,recover-20220922,001,1795
442.0685,442.0807,56406,61280,Pipistrellus pygmaeus,0.026,0.028,-1,Echolocation,/mnt/ubna_data_02_mir/recover-20220922/UBNA_001/20220921_090000.WAV,Telephone Field,recover-20220922,001,1795
442.0785,442.1185,68437,82284,Rhinolophus ferrumequinum,0.028,0.028,-1,Echolocation,/mnt/ubna_data_02_mir/recover-20220922/UBNA_001/20220921_090000.WAV,Telephone Field,recover-20220922,001,1795
442.0945,442.1003,49531,55917,Pipistrellus pipistrellus,0.02,0.022,-1,Echolocation,/mnt/ubna_data_02_mir/recover-20220922/UBNA_001/20220921_090000.WAV,Telephone Field,recover-20220922,001,1795
442.1015,442.1436,68437,82731,Rhinolophus ferrumequinum,0.027,0.027,-1,Echolocation,/mnt/ubna_data_02_mir/recover-20220922/UBNA_001/20220921_090000.WAV,Telephone Field,recover-20220922,001,1795
442.1325,442.1437,26328,31962,Eptesicus serotinus,0.01,0.024,-1,Echolocation,/mnt/ubna_data_02_mir/recover-20220922/UBNA_001/20220921_090000.WAV,Telephone Field,recover-20220922,001,1795
442.1365,442.1773,68437,82423,Rhinolophus ferrumequinum,0.035,0.035,-1,Echolocation,/mnt/ubna_data_02_mir/recover-20220922/UBNA_001/20220921_090000.WAV,Telephone Field,recover-20220922,001,1795
442.1605,442.1675,28046,39868,Eptesicus serotinus,0.006,0.022,-1,Echolocation,/mnt/ubna_data_02_mir/recover-20220922/UBNA_001/20220921_090000.WAV,Telephone Field,recover-20220922,001,1795
442.1675,442.2042,68437,81403,Rhinolophus ferrumequinum,0.022,0.022,-1,Echolocation,/mnt/ubna_data_02_mir/recover-20220922/UBNA_001/20220921_090000.WAV,Telephone Field,recover-20220922,001,1795
442.1895,442.197,28046,39278,Eptesicus serotinus,0.008,0.022,-1,Echolocation,/mnt/ubna_data_02_mir/recover-20220922/UBNA_001/20220921_090000.WAV,Telephone Field,recover-20220922,001,1795
442.2085,442.2477,68437,82273,Rhinolophus ferrumequinum,0.023,0.023,-1,Echolocation,/mnt/ubna_data_02_mir/recover-20220922/UBNA_001/20220921_090000.WAV,Telephone Field,recover-20220922,001,1795
442.2185,442.2277,45234,51575,Pipistrellus pipistrellus,0.022,0.024,-1,Echolocation,/mnt/ubna_data_02_mir/recover-20220922/UBNA_001/20220921_090000.WAV,Telephone Field,recover-20220922,001,1795
442.2275,442.2699,68437,82650,Rhinolophus ferrumequinum,0.03,0.03,-1,Echolocation,/mnt/ubna_data_02_mir/recover-20220922/UBNA_001/20220921_090000.WAV,Telephone Field,recover-20220922,001,1795
442.2625,442.3021,68437,82236,Rhinolophus ferrumequinum,0.023,0.023,-1,Echolocation,/mnt/ubna_data_02_mir/recover-20220922/UBNA_001/20220921_090000.WAV,Telephone Field,recover-20220922,001,1795
442.2855,442.3243,68437,81262,Rhinolophus ferrumequinum,0.03,0.03,-1,Echolocation,/mnt/ubna_data_02_mir/recover-20220922/UBNA_001/20220921_090000.WAV,Telephone Field,recover-20220922,001,1795
442.3045,442.3409,68437,80913,Rhinolophus ferrumequinum,0.022,0.022,-1,Echolocation,/mnt/ubna_data_02_mir/recover-20220922/UBNA_001/20220921_090000.WAV,Telephone Field,recover-20220922,001,1795
442.3405,442.3487,26328,35722,Eptesicus serotinus,0.007,0.022,-1,Echolocation,/mnt/ubna_data_02_mir/recover-20220922/UBNA_001/20220921_090000.WAV,Telephone Field,recover-20220922,001,1795
442.35450000000003,442.3915,68437,81555,Rhinolophus ferrumequinum,0.022,0.022,-1,Echolocation,/mnt/ubna_data_02_mir/recover-20220922/UBNA_001/20220921_090000.WAV,Telephone Field,recover-20220922,001,1795
442.3755,442.415,68437,82201,Rhinolophus ferrumequinum,0.023,0.023,-1,Echolocation,/mnt/ubna_data_02_mir/recover-20220922/UBNA_001/20220921_090000.WAV,Telephone Field,recover-20220922,001,1795
442.3825,442.3949,14296,19584,Nyctalus noctula,0.017,0.027,-1,Echolocation,/mnt/ubna_data_02_mir/recover-20220922/UBNA_001/20220921_090000.WAV,Telephone Field,recover-20220922,001,1795
442.41949999999997,442.4561,68437,81242,Rhinolophus ferrumequinum,0.023,0.023,-1,Echolocation,/mnt/ubna_data_02_mir/recover-20220922/UBNA_001/20220921_090000.WAV,Telephone Field,recover-20220922,001,1795
442.4295,442.4671,68437,81576,Rhinolophus ferrumequinum,0.025,0.025,-1,Echolocation,/mnt/ubna_data_02_mir/recover-20220922/UBNA_001/20220921_090000.WAV,Telephone Field,recover-20220922,001,1795
442.4465,442.4564,28046,35914,Eptesicus serotinus,0.009,0.022,-1,Echolocation,/mnt/ubna_data_02_mir/recover-20220922/UBNA_001/20220921_090000.WAV,Telephone Field,recover-20220922,001,1795
442.4465,442.4846,68437,82186,Rhinolophus ferrumequinum,0.022,0.022,-1,Echolocation,/mnt/ubna_data_02_mir/recover-20220922/UBNA_001/20220921_090000.WAV,Telephone Field,recover-20220922,001,1795
442.4635,442.5033,68437,82821,Rhinolophus ferrumequinum,0.023,0.023,-1,Echolocation,/mnt/ubna_data_02_mir/recover-20220922/UBNA_001/20220921_090000.WAV,Telephone Field,recover-20220922,001,1795
442.5295,442.5398,27187,35262,Eptesicus serotinus,0.012,0.025,-1,Echolocation,/mnt/ubna_data_02_mir/recover-20220922/UBNA_001/20220921_090000.WAV,Telephone Field,recover-20220922,001,1795
442.5515,442.5933,68437,82842,Rhinolophus ferrumequinum,0.033,0.033,-1,Echolocation,/mnt/ubna_data_02_mir/recover-20220922/UBNA_001/20220921_090000.WAV,Telephone Field,recover-20220922,001,1795
442.5775,442.6161,68437,82308,Rhinolophus ferrumequinum,0.037,0.037,-1,Echolocation,/mnt/ubna_data_02_mir/recover-20220922/UBNA_001/20220921_090000.WAV,Telephone Field,recover-20220922,001,1795
442.60450000000003,442.6418,68437,81210,Rhinolophus ferrumequinum,0.023,0.023,-1,Echolocation,/mnt/ubna_data_02_mir/recover-20220922/UBNA_001/20220921_090000.WAV,Telephone Field,recover-20220922,001,1795
442.6215,442.6295,28906,36870,Eptesicus serotinus,0.014,0.033,-1,Echolocation,/mnt/ubna_data_02_mir/recover-20220922/UBNA_001/20220921_090000.WAV,Telephone Field,recover-20220922,001,1795
442.6295,442.6698,68437,82953,Rhinolophus ferrumequinum,0.023,0.023,-1,Echolocation,/mnt/ubna_data_02_mir/recover-20220922/UBNA_001/20220921_090000.WAV,Telephone Field,recover-20220922,001,1795
442.6705,442.6799,42656,49225,Pipistrellus pipistrellus,0.018,0.025,-1,Echolocation,/mnt/ubna_data_02_mir/recover-20220922/UBNA_001/20220921_090000.WAV,Telephone Field,recover-20220922,001,1795
442.6865,442.7235,68437,81329,Rhinolophus ferrumequinum,0.025,0.025,-1,Echolocation,/mnt/ubna_data_02_mir/recover-20220922/UBNA_001/20220921_090000.WAV,Telephone Field,recover-20220922,001,1795
442.6905,442.6983,47812,52325,Pipistrellus pipistrellus,0.024,0.025,-1,Echolocation,/mnt/ubna_data_02_mir/recover-20220922/UBNA_001/20220921_090000.WAV,Telephone Field,recover-20220922,001,1795
442.7115,442.75260000000003,68437,82167,Rhinolophus ferrumequinum,0.025,0.025,-1,Echolocation,/mnt/ubna_data_02_mir/recover-20220922/UBNA_001/20220921_090000.WAV,Telephone Field,recover-20220922,001,1795
442.7275,442.767,68437,82729,Rhinolophus ferrumequinum,0.024,0.024,-1,Echolocation,/mnt/ubna_data_02_mir/recover-20220922/UBNA_001/20220921_090000.WAV,Telephone Field,recover-20220922,001,1795
442.7475,442.7875,68437,82018,Rhinolophus ferrumequinum,0.029,0.029,-1,Echolocation,/mnt/ubna_data_02_mir/recover-20220922/UBNA_001/20220921_090000.WAV,Telephone Field,recover-20220922,001,1795
442.7785,442.7893,22890,28949,Nyctalus leisleri,0.011,0.026,-1,Echolocation,/mnt/ubna_data_02_mir/recover-20220922/UBNA_001/20220921_090000.WAV,Telephone Field,recover-20220922,001,1795
442.7875,442.8247,68437,81776,Rhinolophus ferrumequinum,0.022,0.022,-1,Echolocation,/mnt/ubna_data_02_mir/recover-20220922/UBNA_001/20220921_090000.WAV,Telephone Field,recover-20220922,001,1795
442.7915,442.803,22031,26433,Nyctalus leisleri,0.012,0.023,-1,Echolocation,/mnt/ubna_data_02_mir/recover-20220922/UBNA_001/20220921_090000.WAV,Telephone Field,recover-20220922,001,1795
442.7935,442.8325,68437,82224,Rhinolophus ferrumequinum,0.022,0.022,-1,Echolocation,/mnt/ubna_data_02_mir/recover-20220922/UBNA_001/20220921_090000.WAV,Telephone Field,recover-20220922,001,1795
442.7935,442.8011,28046,39766,Eptesicus serotinus,0.006,0.022,-1,Echolocation,/mnt/ubna_data_02_mir/recover-20220922/UBNA_001/20220921_090000.WAV,Telephone Field,recover-20220922,001,1795
442.8095,442.8179,48671,52352,Pipistrellus pipistrellus,0.019,0.022,-1,Echolocation,/mnt/ubna_data_02_mir/recover-20220922/UBNA_001/20220921_090000.WAV,Telephone Field,recover-20220922,001,1795
442.8115,442.8507,68437,82149,Rhinolophus ferrumequinum,0.022,0.022,-1,Echolocation,/mnt/ubna_data_02_mir/recover-20220922/UBNA_001/20220921_090000.WAV,Telephone Field,recover-20220922,001,1795
442.8295,442.8366,27187,36038,Eptesicus serotinus,0.009,0.025,-1,Echolocation,/mnt/ubna_data_02_mir/recover-20220922/UBNA_001/20220921_090000.WAV,Telephone Field,recover-20220922,001,1795
442.8435,442.8833,68437,82456,Rhinolophus ferrumequinum,0.025,0.025,-1,Echolocation,/mnt/ubna_data_02_mir/recover-20220922/UBNA_001/20220921_090000.WAV,Telephone Field,recover-20220922,001,1795
442.85450000000003,442.891,68437,81376,Rhinolophus ferrumequinum,0.023,0.023,-1,Echolocation,/mnt/ubna_data_02_mir/recover-20220922/UBNA_001/20220921_090000.WAV,Telephone Field,recover-20220922,001,1795
442.8845,442.8923,30625,40621,Eptesicus serotinus,0.008,0.024,-1,Echolocation,/mnt/ubna_data_02_mir/recover-20220922/UBNA_001/20220921_090000.WAV,Telephone Field,recover-20220922,001,1795
442.89549999999997,442.9379,68437,82865,Rhinolophus ferrumequinum,0.029,0.029,-1,Echolocation,/mnt/ubna_data_02_mir/recover-20220922/UBNA_001/20220921_090000.WAV,Telephone Field,recover-20220922,001,1795
442.9395,442.9531,22031,25991,Nyctalus leisleri,0.016,0.029,-1,Echolocation,/mnt/ubna_data_02_mir/recover-20220922/UBNA_001/20220921_090000.WAV,Telephone Field,recover-20220922,001,1795
442.9395,442.978,68437,82162,Rhinolophus ferrumequinum,0.036,0.036,-1,Echolocation,/mnt/ubna_data_02_mir/recover-20220922/UBNA_001/20220921_090000.WAV,Telephone Field,recover-20220922,001,1795
442.9675,443.0057,68437,81662,Rhinolophus ferrumequinum,0.023,0.023,-1,Echolocation,/mnt/ubna_data_02_mir/recover-20220922/UBNA_001/20220921_090000.WAV,Telephone Field,recover-20220922,001,1795
442.9865,443.0262,68437,82141,Rhinolophus ferrumequinum,0.023,0.023,-1,Echolocation,/mnt/ubna_data_02_mir/recover-20220922/UBNA_001/20220921_090000.WAV,Telephone Field,recover-20220922,001,1795
443.0525,443.0608,45234,49326,Pipistrellus pipistrellus,0.021,0.022,-1,Echolocation,/mnt/ubna_data_02_mir/recover-20220922/UBNA_001/20220921_090000.WAV,Telephone Field,recover-20220922,001,1795
443.0565,443.0931,68437,82075,Rhinolophus ferrumequinum,0.033,0.033,-1,Echolocation,/mnt/ubna_data_02_mir/recover-20220922/UBNA_001/20220921_090000.WAV,Telephone Field,recover-20220922,001,1795
443.0685,443.1083,68437,82328,Rhinolophus ferrumequinum,0.028,0.028,-1,Echolocation,/mnt/ubna_data_02_mir/recover-20220922/UBNA_001/20220921_090000.WAV,Telephone Field,recover-20220922,001,1795
443.0785,443.0884,26328,34066,Eptesicus serotinus,0.011,0.022,-1,Echolocation,/mnt/ubna_data_02_mir/recover-20220922/UBNA_001/20220921_090000.WAV,Telephone Field,recover-20220922,001,1795
443.0825,443.1212,68437,82210,Rhinolophus ferrumequinum,0.022,0.022,-1,Echolocation,/mnt/ubna_data_02_mir/recover-20220922/UBNA_001/20220921_090000.WAV,Telephone Field,recover-20220922,001,1795
443.1215,443.1568,68437,81354,Rhinolophus ferrumequinum,0.026,0.026,-1,Echolocation,/mnt/ubna_data_02_mir/recover-20220922/UBNA_001/20220921_090000.WAV,Telephone Field,recover-20220922,001,1795
443.1685,443.2099,68437,82452,Rhinolophus ferrumequinum,0.029,0.029,-1,Echolocation,/mnt/ubna_data_02_mir/recover-20220922/UBNA_001/20220921_090000.WAV,Telephone Field,recover-20220922,001,1795
443.1875,443.1952,23750,32382,Plecotus austriacus,0.01,0.023,-1,Echolocation,/mnt/ubna_data_02_mir/recover-20220922/UBNA_001/20220921_090000.WAV,Telephone Field,recover-20220922,001,1795
443.1955,443.2352,68437,81968,Rhinolophus ferrumequinum,0.025,0.025,-1,Echolocation,/mnt/ubna_data_02_mir/recover-20220922/UBNA_001/20220921_090000.WAV,Telephone Field,recover-20220922,001,1795
443.2115,443.2541,68437,83169,Rhinolophus ferrumequinum,0.031,0.031,-1,Echolocation,/mnt/ubna_data_02_mir/recover-20220922/UBNA_001/20220921_090000.WAV,Telephone Field,recover-20220922,001,1795
443.2435,443.2814,68437,82036,Rhinolophus ferrumequinum,0.023,0.023,-1,Echolocation,/mnt/ubna_data_02_mir/recover-20220922/UBNA_001/20220921_090000.WAV,Telephone Field,recover-20220922,001,1795
443.3005,443.3404,68437,82035,Rhinolophus ferrumequinum,0.022,0.022,-1,Echolocation,/mnt/ubna_data_02_mir/recover-20220922/UBNA_001/20220921_090000.WAV,Telephone Field,recover-20220922,001,1795
443.33050000000003,443.3405,22890,28706,Nyctalus leisleri,0.01,0.023,-1,Echolocation,/mnt/ubna_data_02_mir/recover-20220922/UBNA_001/20220921_090000.WAV,Telephone Field,recover-20220922,001,1795
443.3475,443.3863,68437,81975,Rhinolophus ferrumequinum,0.021,0.021,-1,Echolocation,/mnt/ubna_data_02_mir/recover-20220922/UBNA_001/20220921_090000.WAV,Telephone Field,recover-20220922,001,1795
443.3605,443.3708,37500,42753,Barbastellus barbastellus,0.007,0.025,-1,Echolocation,/mnt/ubna_data_02_mir/recover-20220922/UBNA_001/20220921_090000.WAV,Telephone Field,recover-20220922,001,1795
443.3655,443.4016,68437,81353,Rhinolophus ferrumequinum,0.022,0.022,-1,Echolocation,/mnt/ubna_data_02_mir/recover-20220922/UBNA_001/20220921_090000.WAV,Telephone Field,recover-20220922,001,1795
443.3815,443.4203,68437,81994,Rhinolophus ferrumequinum,0.021,0.021,-1,Echolocation,/mnt/ubna_data_02_mir/recover-20220922/UBNA_001/20220921_090000.WAV,Telephone Field,recover-20220922,001,1795
443.3985,443.4389,68437,82167,Rhinolophus ferrumequinum,0.022,0.022,-1,Echolocation,/mnt/ubna_data_02_mir/recover-20220922/UBNA_001/20220921_090000.WAV,Telephone Field,recover-20220922,001,1795
443.4225,443.4606,68437,81585,Rhinolophus ferrumequinum,0.023,0.023,-1,Echolocation,/mnt/ubna_data_02_mir/recover-20220922/UBNA_001/20220921_090000.WAV,Telephone Field,recover-20220922,001,1795
443.4235,443.4388,22890,27288,Nyctalus leisleri,0.015,0.027,-1,Echolocation,/mnt/ubna_data_02_mir/recover-20220922/UBNA_001/20220921_090000.WAV,Telephone Field,recover-20220922,001,1795
443.4405,443.46,20312,23446,Nyctalus leisleri,0.014,0.026,-1,Echolocation,/mnt/ubna_data_02_mir/recover-20220922/UBNA_001/20220921_090000.WAV,Telephone Field,recover-20220922,001,1795
443.4505,443.4875,68437,81897,Rhinolophus ferrumequinum,0.023,0.023,-1,Echolocation,/mnt/ubna_data_02_mir/recover-20220922/UBNA_001/20220921_090000.WAV,Telephone Field,recover-20220922,001,1795
443.4755,443.5164,68437,82444,Rhinolophus ferrumequinum,0.031,0.031,-1,Echolocation,/mnt/ubna_data_02_mir/recover-20220922/UBNA_001/20220921_090000.WAV,Telephone Field,recover-20220922,001,1795
443.4805,443.492,51250,55067,Pipistrellus pygmaeus,0.016,0.03,-1,Echolocation,/mnt/ubna_data_02_mir/recover-20220922/UBNA_001/20220921_090000.WAV,Telephone Field,recover-20220922,001,1795
443.4925,443.5258,68437,80231,Rhinolophus ferrumequinum,0.023,0.023,-1,Echolocation,/mnt/ubna_data_02_mir/recover-20220922/UBNA_001/20220921_090000.WAV,Telephone Field,recover-20220922,001,1795
443.5035,443.5397,68437,81604,Rhinolophus ferrumequinum,0.027,0.027,-1,Echolocation,/mnt/ubna_data_02_mir/recover-20220922/UBNA_001/20220921_090000.WAV,Telephone Field,recover-20220922,001,1795
443.5635,443.6022,68437,81811,Rhinolophus ferrumequinum,0.024,0.024,-1,Echolocation,/mnt/ubna_data_02_mir/recover-20220922/UBNA_001/20220921_090000.WAV,Telephone Field,recover-20220922,001,1795
443.5735,443.5912,20312,23605,Nyctalus leisleri,0.018,0.031,-1,Echolocation,/mnt/ubna_data_02_mir/recover-20220922/UBNA_001/20220921_090000.WAV,Telephone Field,recover-20220922,001,1795
443.5785,443.6177,68437,82203,Rhinolophus ferrumequinum,0.022,0.022,-1,Echolocation,/mnt/ubna_data_02_mir/recover-20220922/UBNA_001/20220921_090000.WAV,Telephone Field,recover-20220922,001,1795
443.5875,443.6284,68437,82761,Rhinolophus ferrumequinum,0.024,0.024,-1,Echolocation,/mnt/ubna_data_02_mir/recover-20220922/UBNA_001/20220921_090000.WAV,Telephone Field,recover-20220922,001,1795
443.6065,443.6174,22890,27419,Nyctalus leisleri,0.011,0.022,-1,Echolocation,/mnt/ubna_data_02_mir/recover-20220922/UBNA_001/20220921_090000.WAV,Telephone Field,recover-20220922,001,1795
443.6635,443.6981,68437,80856,Rhinolophus ferrumequinum,0.022,0.022,-1,Echolocation,/mnt/ubna_data_02_mir/recover-20220922/UBNA_001/20220921_090000.WAV,Telephone Field,recover-20220922,001,1795
443.6735,443.7094,68437,81642,Rhinolophus ferrumequinum,0.022,0.022,-1,Echolocation,/mnt/ubna_data_02_mir/recover-20220922/UBNA_001/20220921_090000.WAV,Telephone Field,recover-20220922,001,1795
443.6875,443.7269,68437,82055,Rhinolophus ferrumequinum,0.03,0.03,-1,Echolocation,/mnt/ubna_data_02_mir/recover-20220922/UBNA_001/20220921_090000.WAV,Telephone Field,recover-20220922,001,1795
443.6965,443.7328,68437,80908,Rhinolophus ferrumequinum,0.029,0.029,-1,Echolocation,/mnt/ubna_data_02_mir/recover-20220922/UBNA_001/20220921_090000.WAV,Telephone Field,recover-20220922,001,1795
443.7005,443.7102,28906,36750,Eptesicus serotinus,0.009,0.022,-1,Echolocation,/mnt/ubna_data_02_mir/recover-20220922/UBNA_001/20220921_090000.WAV,Telephone Field,recover-20220922,001,1795
443.7115,443.7465,68437,81322,Rhinolophus ferrumequinum,0.022,0.022,-1,Echolocation,/mnt/ubna_data_02_mir/recover-20220922/UBNA_001/20220921_090000.WAV,Telephone Field,recover-20220922,001,1795
443.7305,443.7427,22890,27739,Nyctalus leisleri,0.014,0.026,-1,Echolocation,/mnt/ubna_data_02_mir/recover-20220922/UBNA_001/20220921_090000.WAV,Telephone Field,recover-20220922,001,1795
443.7315,443.73969999999997,14296,25129,Plecotus auritus,0.014,0.025,-1,Echolocation,/mnt/ubna_data_02_mir/recover-20220922/UBNA_001/20220921_090000.WAV,Telephone Field,recover-20220922,001,1795
443.7325,443.7685,68437,81307,Rhinolophus ferrumequinum,0.021,0.021,-1,Echolocation,/mnt/ubna_data_02_mir/recover-20220922/UBNA_001/20220921_090000.WAV,Telephone Field,recover-20220922,001,1795
443.7675,443.8049,68437,81894,Rhinolophus ferrumequinum,0.029,0.029,-1,Echolocation,/mnt/ubna_data_02_mir/recover-20220922/UBNA_001/20220921_090000.WAV,Telephone Field,recover-20220922,001,1795
443.7765,443.8134,68437,81831,Rhinolophus ferrumequinum,0.025,0.025,-1,Echolocation,/mnt/ubna_data_02_mir/recover-20220922/UBNA_001/20220921_090000.WAV,Telephone Field,recover-20220922,001,1795
443.7835,443.8224,68437,82074,Rhinolophus ferrumequinum,0.026,0.026,-1,Echolocation,/mnt/ubna_data_02_mir/recover-20220922/UBNA_001/20220921_090000.WAV,Telephone Field,recover-20220922,001,1795
443.8095,443.816,31484,42382,Myotis daubentonii,0.009,0.027,-1,Echolocation,/mnt/ubna_data_02_mir/recover-20220922/UBNA_001/20220921_090000.WAV,Telephone Field,recover-20220922,001,1795
443.8435,443.8523,23750,31828,Plecotus austriacus,0.009,0.026,-1,Echolocation,/mnt/ubna_data_02_mir/recover-20220922/UBNA_001/20220921_090000.WAV,Telephone Field,recover-20220922,001,1795
443.8645,443.9019,68437,81737,Rhinolophus ferrumequinum,0.025,0.025,-1,Echolocation,/mnt/ubna_data_02_mir/recover-20220922/UBNA_001/20220921_090000.WAV,Telephone Field,recover-20220922,001,1795
443.8645,443.8761,27187,34319,Eptesicus serotinus,0.015,0.03,-1,Echolocation,/mnt/ubna_data_02_mir/recover-20220922/UBNA_001/20220921_090000.WAV,Telephone Field,recover-20220922,001,1795
443.9295,443.9694,68437,81727,Rhinolophus ferrumequinum,0.044,0.044,-1,Echolocation,/mnt/ubna_data_02_mir/recover-20220922/UBNA_001/20220921_090000.WAV,Telephone Field,recover-20220922,001,1795
443.9605,443.9993,68437,82361,Rhinolophus ferrumequinum,0.025,0.025,-1,Echolocation,/mnt/ubna_data_02_mir/recover-20220922/UBNA_001/20220921_090000.WAV,Telephone Field,recover-20220922,001,1795
443.9865,443.9969,22031,27632,Nyctalus leisleri,0.01,0.024,-1,Echolocation,/mnt/ubna_data_02_mir/recover-20220922/UBNA_001/20220921_090000.WAV,Telephone Field,recover-20220922,001,1795
443.9875,443.9958,28046,38008,Eptesicus serotinus,0.009,0.027,-1,Echolocation,/mnt/ubna_data_02_mir/recover-20220922/UBNA_001/20220921_090000.WAV,Telephone Field,recover-20220922,001,1795
444.0015,444.0112,23750,30863,Nyctalus leisleri,0.01,0.028,-1,Echolocation,/mnt/ubna_data_02_mir/recover-20220922/UBNA_001/20220921_090000.WAV,Telephone Field,recover-20220922,001,1795
444.0015,444.0325,70156,82613,Rhinolophus ferrumequinum,0.036,0.036,-1,Echolocation,/mnt/ubna_data_02_mir/recover-20220922/UBNA_001/20220921_090000.WAV,Telephone Field,recover-20220922,001,1795
444.0385,444.0792,68437,82948,Rhinolophus ferrumequinum,0.024,0.025,-1,Echolocation,/mnt/ubna_data_02_mir/recover-20220922/UBNA_001/20220921_090000.WAV,Telephone Field,recover-20220922,001,1795
444.1025,444.1111,24609,32112,Nyctalus leisleri,0.007,0.023,-1,Echolocation,/mnt/ubna_data_02_mir/recover-20220922/UBNA_001/20220921_090000.WAV,Telephone Field,recover-20220922,001,1795
444.1125,444.1545,68437,82452,Rhinolophus ferrumequinum,0.022,0.022,-1,Echolocation,/mnt/ubna_data_02_mir/recover-20220922/UBNA_001/20220921_090000.WAV,Telephone Field,recover-20220922,001,1795
444.1755,444.2156,68437,82316,Rhinolophus ferrumequinum,0.023,0.023,-1,Echolocation,/mnt/ubna_data_02_mir/recover-20220922/UBNA_001/20220921_090000.WAV,Telephone Field,recover-20220922,001,1795
444.1955,444.2075,26328,32957,Eptesicus serotinus,0.011,0.025,-1,Echolocation,/mnt/ubna_data_02_mir/recover-20220922/UBNA_001/20220921_090000.WAV,Telephone Field,recover-20220922,001,1795
444.2025,444.2134,23750,29220,Nyctalus leisleri,0.012,0.024,-1,Echolocation,/mnt/ubna_data_02_mir/recover-20220922/UBNA_001/20220921_090000.WAV,Telephone Field,recover-20220922,001,1795
444.2315,444.2732,68437,82407,Rhinolophus ferrumequinum,0.026,0.026,-1,Echolocation,/mnt/ubna_data_02_mir/recover-20220922/UBNA_001/20220921_090000.WAV,Telephone Field,recover-20220922,001,1795
444.2445,444.2524,28046,39719,Eptesicus serotinus,0.008,0.024,-1,Echolocation,/mnt/ubna_data_02_mir/recover-20220922/UBNA_001/20220921_090000.WAV,Telephone Field,recover-20220922,001,1795
444.2695,444.2774,24609,33095,Plecotus austriacus,0.008,0.024,-1,Echolocation,/mnt/ubna_data_02_mir/recover-20220922/UBNA_001/20220921_090000.WAV,Telephone Field,recover-20220922,001,1795
444.2835,444.3251,68437,81864,Rhinolophus ferrumequinum,0.054,0.054,-1,Echolocation,/mnt/ubna_data_02_mir/recover-20220922/UBNA_001/20220921_090000.WAV,Telephone Field,recover-20220922,001,1795
444.3245,444.3351,23750,30084,Nyctalus leisleri,0.01,0.026,-1,Echolocation,/mnt/ubna_data_02_mir/recover-20220922/UBNA_001/20220921_090000.WAV,Telephone Field,recover-20220922,001,1795
444.3435,444.388,68437,83472,Rhinolophus ferrumequinum,0.049,0.049,-1,Echolocation,/mnt/ubna_data_02_mir/recover-20220922/UBNA_001/20220921_090000.WAV,Telephone Field,recover-20220922,001,1795
444.3525,444.3656,34062,38852,Nyctalus leisleri,0.006,0.028,-1,Echolocation,/mnt/ubna_data_02_mir/recover-20220922/UBNA_001/20220921_090000.WAV,Telephone Field,recover-20220922,001,1795
444.3885,444.4265,68437,81866,Rhinolophus ferrumequinum,0.022,0.022,-1,Echolocation,/mnt/ubna_data_02_mir/recover-20220922/UBNA_001/20220921_090000.WAV,Telephone Field,recover-20220922,001,1795
444.4025,444.4119,28906,39193,Eptesicus serotinus,0.008,0.022,-1,Echolocation,/mnt/ubna_data_02_mir/recover-20220922/UBNA_001/20220921_090000.WAV,Telephone Field,recover-20220922,001,1795
444.4355,444.4772,68437,82391,Rhinolophus ferrumequinum,0.022,0.022,-1,Echolocation,/mnt/ubna_data_02_mir/recover-20220922/UBNA_001/20220921_090000.WAV,Telephone Field,recover-20220922,001,1795
444.4535,444.4609,27187,41427,Eptesicus serotinus,0.01,0.033,-1,Echolocation,/mnt/ubna_data_02_mir/recover-20220922/UBNA_001/20220921_090000.WAV,Telephone Field,recover-20220922,001,1795
444.4725,444.5097,68437,81711,Rhinolophus ferrumequinum,0.023,0.023,-1,Echolocation,/mnt/ubna_data_02_mir/recover-20220922/UBNA_001/20220921_090000.WAV,Telephone Field,recover-20220922,001,1795
444.4995,444.5074,23750,32503,Plecotus austriacus,0.009,0.023,-1,Echolocation,/mnt/ubna_data_02_mir/recover-20220922/UBNA_001/20220921_090000.WAV,Telephone Field,recover-20220922,001,1795
444.4995,444.5402,68437,82656,Rhinolophus ferrumequinum,0.022,0.022,-1,Echolocation,/mnt/ubna_data_02_mir/recover-20220922/UBNA_001/20220921_090000.WAV,Telephone Field,recover-20220922,001,1795
444.5085,444.5191,22890,27188,Nyctalus leisleri,0.012,0.022,-1,Echolocation,/mnt/ubna_data_02_mir/recover-20220922/UBNA_001/20220921_090000.WAV,Telephone Field,recover-20220922,001,1795
444.5535,444.5898,68437,81933,Rhinolophus ferrumequinum,0.023,0.023,-1,Echolocation,/mnt/ubna_data_02_mir/recover-20220922/UBNA_001/20220921_090000.WAV,Telephone Field,recover-20220922,001,1795
444.5715,444.6104,68437,81779,Rhinolophus ferrumequinum,0.023,0.023,-1,Echolocation,/mnt/ubna_data_02_mir/recover-20220922/UBNA_001/20220921_090000.WAV,Telephone Field,recover-20220922,001,1795
444.5835,444.5913,27187,34836,Eptesicus serotinus,0.009,0.025,-1,Echolocation,/mnt/ubna_data_02_mir/recover-20220922/UBNA_001/20220921_090000.WAV,Telephone Field,recover-20220922,001,1795
444.6155,444.6238,28906,38006,Eptesicus serotinus,0.007,0.022,-1,Echolocation,/mnt/ubna_data_02_mir/recover-20220922/UBNA_001/20220921_090000.WAV,Telephone Field,recover-20220922,001,1795
444.6995,444.7076,46093,49798,Pipistrellus pipistrellus,0.029,0.031,-1,Echolocation,/mnt/ubna_data_02_mir/recover-20220922/UBNA_001/20220921_090000.WAV,Telephone Field,recover-20220922,001,1795
444.7585,444.7669,27187,39492,Eptesicus serotinus,0.008,0.023,-1,Echolocation,/mnt/ubna_data_02_mir/recover-20220922/UBNA_001/20220921_090000.WAV,Telephone Field,recover-20220922,001,1795
444.7685,444.7793,26328,31721,Nyctalus leisleri,0.025,0.059,-1,Echolocation,/mnt/ubna_data_02_mir/recover-20220922/UBNA_001/20220921_090000.WAV,Telephone Field,recover-20220922,001,1795
444.7925,444.8318,68437,81674,Rhinolophus ferrumequinum,0.022,0.022,-1,Echolocation,/mnt/ubna_data_02_mir/recover-20220922/UBNA_001/20220921_090000.WAV,Telephone Field,recover-20220922,001,1795
444.8065,444.8155,57265,62101,Pipistrellus pygmaeus,0.021,0.022,-1,Echolocation,/mnt/ubna_data_02_mir/recover-20220922/UBNA_001/20220921_090000.WAV,Telephone Field,recover-20220922,001,1795
444.8285,444.8698,68437,82201,Rhinolophus ferrumequinum,0.024,0.024,-1,Echolocation,/mnt/ubna_data_02_mir/recover-20220922/UBNA_001/20220921_090000.WAV,Telephone Field,recover-20220922,001,1795
444.8405,444.8478,22890,32403,Plecotus austriacus,0.019,0.034,-1,Echolocation,/mnt/ubna_data_02_mir/recover-20220922/UBNA_001/20220921_090000.WAV,Telephone Field,recover-20220922,001,1795
444.8505,444.8916,68437,82293,Rhinolophus ferrumequinum,0.023,0.023,-1,Echolocation,/mnt/ubna_data_02_mir/recover-20220922/UBNA_001/20220921_090000.WAV,Telephone Field,recover-20220922,001,1795
444.9045,444.9116,28046,38682,Eptesicus serotinus,0.005,0.022,-1,Echolocation,/mnt/ubna_data_02_mir/recover-20220922/UBNA_001/20220921_090000.WAV,Telephone Field,recover-20220922,001,1795
444.9225,444.9606,68437,81634,Rhinolophus ferrumequinum,0.023,0.023,-1,Echolocation,/mnt/ubna_data_02_mir/recover-20220922/UBNA_001/20220921_090000.WAV,Telephone Field,recover-20220922,001,1795
444.9355,444.976,68437,82347,Rhinolophus ferrumequinum,0.027,0.027,-1,Echolocation,/mnt/ubna_data_02_mir/recover-20220922/UBNA_001/20220921_090000.WAV,Telephone Field,recover-20220922,001,1795
444.9705,445.0091,68437,81204,Rhinolophus ferrumequinum,0.022,0.023,-1,Echolocation,/mnt/ubna_data_02_mir/recover-20220922/UBNA_001/20220921_090000.WAV,Telephone Field,recover-20220922,001,1795
445.0105,445.0531,68437,82720,Rhinolophus ferrumequinum,0.028,0.028,-1,Echolocation,/mnt/ubna_data_02_mir/recover-20220922/UBNA_001/20220921_090000.WAV,Telephone Field,recover-20220922,001,1795
445.0125,445.0203,22890,30565,Plecotus austriacus,0.011,0.024,-1,Echolocation,/mnt/ubna_data_02_mir/recover-20220922/UBNA_001/20220921_090000.WAV,Telephone Field,recover-20220922,001,1795
445.0175,445.0263,51250,55875,Pipistrellus pipistrellus,0.036,0.042,-1,Echolocation,/mnt/ubna_data_02_mir/recover-20220922/UBNA_001/20220921_090000.WAV,Telephone Field,recover-20220922,001,1795
445.0255,445.0655,68437,82620,Rhinolophus ferrumequinum,0.025,0.025,-1,Echolocation,/mnt/ubna_data_02_mir/recover-20220922/UBNA_001/20220921_090000.WAV,Telephone Field,recover-20220922,001,1795
445.04449999999997,445.0786,68437,80597,Rhinolophus ferrumequinum,0.025,0.025,-1,Echolocation,/mnt/ubna_data_02_mir/recover-20220922/UBNA_001/20220921_090000.WAV,Telephone Field,recover-20220922,001,1795
445.0645,445.1055,68437,82761,Rhinolophus ferrumequinum,0.026,0.026,-1,Echolocation,/mnt/ubna_data_02_mir/recover-20220922/UBNA_001/20220921_090000.WAV,Telephone Field,recover-20220922,001,1795
445.1085,445.1179,28906,36697,Eptesicus serotinus,0.008,0.022,-1,Echolocation,/mnt/ubna_data_02_mir/recover-20220922/UBNA_001/20220921_090000.WAV,Telephone Field,recover-20220922,001,1795
445.1225,445.162,68437,81729,Rhinolophus ferrumequinum,0.022,0.023,-1,Echolocation,/mnt/ubna_data_02_mir/recover-20220922/UBNA_001/20220921_090000.WAV,Telephone Field,recover-20220922,001,1795
445.1565,445.197,68437,82366,Rhinolophus ferrumequinum,0.029,0.029,-1,Echolocation,/mnt/ubna_data_02_mir/recover-20220922/UBNA_001/20220921_090000.WAV,Telephone Field,recover-20220922,001,1795
445.1665,445.1781,24609,30843,Nyctalus leisleri,0.01,0.025,-1,Echolocation,/mnt/ubna_data_02_mir/recover-20220922/UBNA_001/20220921_090000.WAV,Telephone Field,recover-20220922,001,1795
445.1775,445.2171,68437,82509,Rhinolophus ferrumequinum,0.026,0.026,-1,Echolocation,/mnt/ubna_data_02_mir/recover-20220922/UBNA_001/20220921_090000.WAV,Telephone Field,recover-20220922,001,1795
445.2255,445.2354,22031,27819,Nyctalus leisleri,0.008,0.022,-1,Echolocation,/mnt/ubna_data_02_mir/recover-20220922/UBNA_001/20220921_090000.WAV,Telephone Field,recover-20220922,001,1795
445.2555,445.2633,23750,32152,Plecotus austriacus,0.014,0.03,-1,Echolocation,/mnt/ubna_data_02_mir/recover-20220922/UBNA_001/20220921_090000.WAV,Telephone Field,recover-20220922,001,1795
445.2845,445.3257,68437,82540,Rhinolophus ferrumequinum,0.022,0.022,-1,Echolocation,/mnt/ubna_data_02_mir/recover-20220922/UBNA_001/20220921_090000.WAV,Telephone Field,recover-20220922,001,1795
445.3145,445.322,27187,36324,Eptesicus serotinus,0.009,0.024,-1,Echolocation,/mnt/ubna_data_02_mir/recover-20220922/UBNA_001/20220921_090000.WAV,Telephone Field,recover-20220922,001,1795
445.3325,445.3762,68437,83077,Rhinolophus ferrumequinum,0.046,0.046,-1,Echolocation,/mnt/ubna_data_02_mir/recover-20220922/UBNA_001/20220921_090000.WAV,Telephone Field,recover-20220922,001,1795
445.3665,445.3994,68437,80953,Rhinolophus ferrumequinum,0.025,0.025,-1,Echolocation,/mnt/ubna_data_02_mir/recover-20220922/UBNA_001/20220921_090000.WAV,Telephone Field,recover-20220922,001,1795
445.3785,445.4156,68437,81253,Rhinolophus ferrumequinum,0.023,0.023,-1,Echolocation,/mnt/ubna_data_02_mir/recover-20220922/UBNA_001/20220921_090000.WAV,Telephone Field,recover-20220922,001,1795
445.4075,445.418,22890,28916,Nyctalus leisleri,0.011,0.026,-1,Echolocation,/mnt/ubna_data_02_mir/recover-20220922/UBNA_001/20220921_090000.WAV,Telephone Field,recover-20220922,001,1795
445.4085,445.4175,47812,54658,Pipistrellus pipistrellus,0.021,0.025,-1,Echolocation,/mnt/ubna_data_02_mir/recover-20220922/UBNA_001/20220921_090000.WAV,Telephone Field,recover-20220922,001,1795
445.4095,445.4469,68437,81798,Rhinolophus ferrumequinum,0.021,0.022,-1,Echolocation,/mnt/ubna_data_02_mir/recover-20220922/UBNA_001/20220921_090000.WAV,Telephone Field,recover-20220922,001,1795
445.4355,445.4433,27187,36393,Eptesicus serotinus,0.009,0.023,-1,Echolocation,/mnt/ubna_data_02_mir/recover-20220922/UBNA_001/20220921_090000.WAV,Telephone Field,recover-20220922,001,1795
445.4915,445.5253,68437,80197,Rhinolophus ferrumequinum,0.021,0.022,-1,Echolocation,/mnt/ubna_data_02_mir/recover-20220922/UBNA_001/20220921_090000.WAV,Telephone Field,recover-20220922,001,1795
445.4995,445.5364,68437,81129,Rhinolophus ferrumequinum,0.022,0.022,-1,Echolocation,/mnt/ubna_data_02_mir/recover-20220922/UBNA_001/20220921_090000.WAV,Telephone Field,recover-20220922,001,1795
445.5165,445.5254,25468,33916,Eptesicus serotinus,0.008,0.023,-1,Echolocation,/mnt/ubna_data_02_mir/recover-20220922/UBNA_001/20220921_090000.WAV,Telephone Field,recover-20220922,001,1795
445.5295,445.5684,68437,82103,Rhinolophus ferrumequinum,0.022,0.022,-1,Echolocation,/mnt/ubna_data_02_mir/recover-20220922/UBNA_001/20220921_090000.WAV,Telephone Field,recover-20220922,001,1795
445.5365,445.5787,68437,82471,Rhinolophus ferrumequinum,0.023,0.023,-1,Echolocation,/mnt/ubna_data_02_mir/recover-20220922/UBNA_001/20220921_090000.WAV,Telephone Field,recover-20220922,001,1795
445.5625,445.5716,25468,33973,Eptesicus serotinus,0.008,0.024,-1,Echolocation,/mnt/ubna_data_02_mir/recover-20220922/UBNA_001/20220921_090000.WAV,Telephone Field,recover-20220922,001,1795
445.5745,445.6139,68437,81905,Rhinolophus ferrumequinum,0.023,0.023,-1,Echolocation,/mnt/ubna_data_02_mir/recover-20220922/UBNA_001/20220921_090000.WAV,Telephone Field,recover-20220922,001,1795
445.5785,445.591,25468,31201,Eptesicus serotinus,0.018,0.045,-1,Echolocation,/mnt/ubna_data_02_mir/recover-20220922/UBNA_001/20220921_090000.WAV,Telephone Field,recover-20220922,001,1795
445.6175,445.6257,29765,40239,Eptesicus serotinus,0.007,0.024,-1,Echolocation,/mnt/ubna_data_02_mir/recover-20220922/UBNA_001/20220921_090000.WAV,Telephone Field,recover-20220922,001,1795
445.6515,445.6918,68437,82701,Rhinolophus ferrumequinum,0.024,0.024,-1,Echolocation,/mnt/ubna_data_02_mir/recover-20220922/UBNA_001/20220921_090000.WAV,Telephone Field,recover-20220922,001,1795
445.6685,445.6819,22031,25921,Nyctalus leisleri,0.014,0.023,-1,Echolocation,/mnt/ubna_data_02_mir/recover-20220922/UBNA_001/20220921_090000.WAV,Telephone Field,recover-20220922,001,1795
445.6885,445.7278,68437,82086,Rhinolophus ferrumequinum,0.024,0.024,-1,Echolocation,/mnt/ubna_data_02_mir/recover-20220922/UBNA_001/20220921_090000.WAV,Telephone Field,recover-20220922,001,1795
445.7125,445.7486,68437,81041,Rhinolophus ferrumequinum,0.023,0.023,-1,Echolocation,/mnt/ubna_data_02_mir/recover-20220922/UBNA_001/20220921_090000.WAV,Telephone Field,recover-20220922,001,1795
445.7625,445.7958,68437,81567,Rhinolophus ferrumequinum,0.023,0.023,-1,Echolocation,/mnt/ubna_data_02_mir/recover-20220922/UBNA_001/20220921_090000.WAV,Telephone Field,recover-20220922,001,1795
445.7875,445.8283,68437,82777,Rhinolophus ferrumequinum,0.024,0.024,-1,Echolocation,/mnt/ubna_data_02_mir/recover-20220922/UBNA_001/20220921_090000.WAV,Telephone Field,recover-20220922,001,1795
445.8205,445.8311,22890,27844,Nyctalus leisleri,0.011,0.022,-1,Echolocation,/mnt/ubna_data_02_mir/recover-20220922/UBNA_001/20220921_090000.WAV,Telephone Field,recover-20220922,001,1795
445.8225,445.86220000000003,68437,82704,Rhinolophus ferrumequinum,0.025,0.025,-1,Echolocation,/mnt/ubna_data_02_mir/recover-20220922/UBNA_001/20220921_090000.WAV,Telephone Field,recover-20220922,001,1795
445.8465,445.889,68437,82450,Rhinolophus ferrumequinum,0.025,0.025,-1,Echolocation,/mnt/ubna_data_02_mir/recover-20220922/UBNA_001/20220921_090000.WAV,Telephone Field,recover-20220922,001,1795
445.8595,445.9006,68437,82408,Rhinolophus ferrumequinum,0.04,0.04,-1,Echolocation,/mnt/ubna_data_02_mir/recover-20220922/UBNA_001/20220921_090000.WAV,Telephone Field,recover-20220922,001,1795
445.8605,445.8711,28906,35762,Eptesicus serotinus,0.025,0.042,-1,Echolocation,/mnt/ubna_data_02_mir/recover-20220922/UBNA_001/20220921_090000.WAV,Telephone Field,recover-20220922,001,1795
445.9105,445.922,22890,27847,Nyctalus leisleri,0.011,0.022,-1,Echolocation,/mnt/ubna_data_02_mir/recover-20220922/UBNA_001/20220921_090000.WAV,Telephone Field,recover-20220922,001,1795
445.9415,445.9784,68437,81050,Rhinolophus ferrumequinum,0.023,0.023,-1,Echolocation,/mnt/ubna_data_02_mir/recover-20220922/UBNA_001/20220921_090000.WAV,Telephone Field,recover-20220922,001,1795
445.9515,445.9597,28046,37531,Eptesicus serotinus,0.009,0.024,-1,Echolocation,/mnt/ubna_data_02_mir/recover-20220922/UBNA_001/20220921_090000.WAV,Telephone Field,recover-20220922,001,1795
445.9765,445.9847,28906,40108,Eptesicus serotinus,0.008,0.023,-1,Echolocation,/mnt/ubna_data_02_mir/recover-20220922/UBNA_001/20220921_090000.WAV,Telephone Field,recover-20220922,001,1795
445.9835,445.9961,36640,40902,Pipistrellus nathusii,0.011,0.026,-1,Echolocation,/mnt/ubna_data_02_mir/recover-20220922/UBNA_001/20220921_090000.WAV,Telephone Field,recover-20220922,001,1795
446.0015,446.0362,68437,80169,Rhinolophus ferrumequinum,0.065,0.065,-1,Echolocation,/mnt/ubna_data_02_mir/recover-20220922/UBNA_001/20220921_090000.WAV,Telephone Field,recover-20220922,001,1795
446.0015,446.0163,20312,25501,Nyctalus noctula,0.015,0.037,-1,Echolocation,/mnt/ubna_data_02_mir/recover-20220922/UBNA_001/20220921_090000.WAV,Telephone Field,recover-20220922,001,1795
446.0225,446.0356,22890,26457,Nyctalus leisleri,0.021,0.032,-1,Echolocation,/mnt/ubna_data_02_mir/recover-20220922/UBNA_001/20220921_090000.WAV,Telephone Field,recover-20220922,001,1795
446.0415,446.0829,68437,82021,Rhinolophus ferrumequinum,0.025,0.025,-1,Echolocation,/mnt/ubna_data_02_mir/recover-20220922/UBNA_001/20220921_090000.WAV,Telephone Field,recover-20220922,001,1795
446.0565,446.0675,22890,29151,Nyctalus leisleri,0.012,0.027,-1,Echolocation,/mnt/ubna_data_02_mir/recover-20220922/UBNA_001/20220921_090000.WAV,Telephone Field,recover-20220922,001,1795
446.0625,446.1014,68437,82385,Rhinolophus ferrumequinum,0.023,0.023,-1,Echolocation,/mnt/ubna_data_02_mir/recover-20220922/UBNA_001/20220921_090000.WAV,Telephone Field,recover-20220922,001,1795
446.0665,446.0774,24609,30847,Nyctalus leisleri,0.019,0.049,-1,Echolocation,/mnt/ubna_data_02_mir/recover-20220922/UBNA_001/20220921_090000.WAV,Telephone Field,recover-20220922,001,1795
446.0855,446.10450000000003,20312,23689,Nyctalus leisleri,0.017,0.03,-1,Echolocation,/mnt/ubna_data_02_mir/recover-20220922/UBNA_001/20220921_090000.WAV,Telephone Field,recover-20220922,001,1795
446.0995,446.1406,68437,82685,Rhinolophus ferrumequinum,0.037,0.037,-1,Echolocation,/mnt/ubna_data_02_mir/recover-20220922/UBNA_001/20220921_090000.WAV,Telephone Field,recover-20220922,001,1795
446.1405,446.1511,22031,27003,Nyctalus leisleri,0.01,0.023,-1,Echolocation,/mnt/ubna_data_02_mir/recover-20220922/UBNA_001/20220921_090000.WAV,Telephone Field,recover-20220922,001,1795
446.1655,446.1753,27187,35124,Eptesicus serotinus,0.008,0.023,-1,Echolocation,/mnt/ubna_data_02_mir/recover-20220922/UBNA_001/20220921_090000.WAV,Telephone Field,recover-20220922,001,1795
446.1805,446.2194,68437,81644,Rhinolophus ferrumequinum,0.024,0.024,-1,Echolocation,/mnt/ubna_data_02_mir/recover-20220922/UBNA_001/20220921_090000.WAV,Telephone Field,recover-20220922,001,1795
446.2035,446.2468,68437,83170,Rhinolophus ferrumequinum,0.031,0.031,-1,Echolocation,/mnt/ubna_data_02_mir/recover-20220922/UBNA_001/20220921_090000.WAV,Telephone Field,recover-20220922,001,1795
446.2045,446.2125,27187,36727,Eptesicus serotinus,0.012,0.032,-1,Echolocation,/mnt/ubna_data_02_mir/recover-20220922/UBNA_001/20220921_090000.WAV,Telephone Field,recover-20220922,001,1795
446.2095,446.2536,68437,83082,Rhinolophus ferrumequinum,0.033,0.033,-1,Echolocation,/mnt/ubna_data_02_mir/recover-20220922/UBNA_001/20220921_090000.WAV,Telephone Field,recover-20220922,001,1795
446.2225,446.2301,28906,39366,Eptesicus serotinus,0.008,0.025,-1,Echolocation,/mnt/ubna_data_02_mir/recover-20220922/UBNA_001/20220921_090000.WAV,Telephone Field,recover-20220922,001,1795
446.2415,446.2771,68437,81030,Rhinolophus ferrumequinum,0.022,0.022,-1,Echolocation,/mnt/ubna_data_02_mir/recover-20220922/UBNA_001/20220921_090000.WAV,Telephone Field,recover-20220922,001,1795
446.2515,446.2587,24609,34181,Plecotus austriacus,0.01,0.027,-1,Echolocation,/mnt/ubna_data_02_mir/recover-20220922/UBNA_001/20220921_090000.WAV,Telephone Field,recover-20220922,001,1795
446.2765,446.286,27187,36105,Eptesicus serotinus,0.008,0.022,-1,Echolocation,/mnt/ubna_data_02_mir/recover-20220922/UBNA_001/20220921_090000.WAV,Telephone Field,recover-20220922,001,1795
446.3135,446.3246,23750,30083,Nyctalus leisleri,0.013,0.028,-1,Echolocation,/mnt/ubna_data_02_mir/recover-20220922/UBNA_001/20220921_090000.WAV,Telephone Field,recover-20220922,001,1795
446.3205,446.3562,68437,81234,Rhinolophus ferrumequinum,0.026,0.026,-1,Echolocation,/mnt/ubna_data_02_mir/recover-20220922/UBNA_001/20220921_090000.WAV,Telephone Field,recover-20220922,001,1795
446.3375,446.3779,68437,82631,Rhinolophus ferrumequinum,0.024,0.024,-1,Echolocation,/mnt/ubna_data_02_mir/recover-20220922/UBNA_001/20220921_090000.WAV,Telephone Field,recover-20220922,001,1795
446.3645,446.405,68437,82182,Rhinolophus ferrumequinum,0.023,0.023,-1,Echolocation,/mnt/ubna_data_02_mir/recover-20220922/UBNA_001/20220921_090000.WAV,Telephone Field,recover-20220922,001,1795
446.3735,446.4133,68437,82009,Rhinolophus ferrumequinum,0.024,0.024,-1,Echolocation,/mnt/ubna_data_02_mir/recover-20220922/UBNA_001/20220921_090000.WAV,Telephone Field,recover-20220922,001,1795
446.3755,446.3859,22031,27934,Nyctalus leisleri,0.01,0.026,-1,Echolocation,/mnt/ubna_data_02_mir/recover-20220922/UBNA_001/20220921_090000.WAV,Telephone Field,recover-20220922,001,1795
446.3765,446.3849,28906,37464,Eptesicus serotinus,0.007,0.025,-1,Echolocation,/mnt/ubna_data_02_mir/recover-20220922/UBNA_001/20220921_090000.WAV,Telephone Field,recover-20220922,001,1795
446.4135,446.452,68437,81473,Rhinolophus ferrumequinum,0.025,0.025,-1,Echolocation,/mnt/ubna_data_02_mir/recover-20220922/UBNA_001/20220921_090000.WAV,Telephone Field,recover-20220922,001,1795
446.4205,446.4581,68437,81581,Rhinolophus ferrumequinum,0.035,0.035,-1,Echolocation,/mnt/ubna_data_02_mir/recover-20220922/UBNA_001/20220921_090000.WAV,Telephone Field,recover-20220922,001,1795
446.4225,446.4391,20312,23395,Nyctalus leisleri,0.021,0.036,-1,Echolocation,/mnt/ubna_data_02_mir/recover-20220922/UBNA_001/20220921_090000.WAV,Telephone Field,recover-20220922,001,1795
446.4405,446.4501,22890,29430,Nyctalus leisleri,0.007,0.022,-1,Echolocation,/mnt/ubna_data_02_mir/recover-20220922/UBNA_001/20220921_090000.WAV,Telephone Field,recover-20220922,001,1795
446.4465,446.4858,68437,82176,Rhinolophus ferrumequinum,0.023,0.023,-1,Echolocation,/mnt/ubna_data_02_mir/recover-20220922/UBNA_001/20220921_090000.WAV,Telephone Field,recover-20220922,001,1795
446.4585,446.4692,27187,34542,Eptesicus serotinus,0.017,0.033,-1,Echolocation,/mnt/ubna_data_02_mir/recover-20220922/UBNA_001/20220921_090000.WAV,Telephone Field,recover-20220922,001,1795
446.4625,446.4989,68437,80900,Rhinolophus ferrumequinum,0.033,0.033,-1,Echolocation,/mnt/ubna_data_02_mir/recover-20220922/UBNA_001/20220921_090000.WAV,Telephone Field,recover-20220922,001,1795
446.5135,446.5243,49531,55393,Pipistrellus pipistrellus,0.02,0.025,-1,Echolocation,/mnt/ubna_data_02_mir/recover-20220922/UBNA_001/20220921_090000.WAV,Telephone Field,recover-20220922,001,1795
446.5155,446.5552,68437,82559,Rhinolophus ferrumequinum,0.022,0.022,-1,Echolocation,/mnt/ubna_data_02_mir/recover-20220922/UBNA_001/20220921_090000.WAV,Telephone Field,recover-20220922,001,1795
446.5245,446.5406,51250,54468,Pipistrellus pygmaeus,0.04,0.054,-1,Echolocation,/mnt/ubna_data_02_mir/recover-20220922/UBNA_001/20220921_090000.WAV,Telephone Field,recover-20220922,001,1795
446.5325,446.5692,68437,81759,Rhinolophus ferrumequinum,0.022,0.022,-1,Echolocation,/mnt/ubna_data_02_mir/recover-20220922/UBNA_001/20220921_090000.WAV,Telephone Field,recover-20220922,001,1795
446.5535,446.5954,68437,83010,Rhinolophus ferrumequinum,0.028,0.028,-1,Echolocation,/mnt/ubna_data_02_mir/recover-20220922/UBNA_001/20220921_090000.WAV,Telephone Field,recover-20220922,001,1795
446.5635,446.5824,21171,24327,Nyctalus leisleri,0.026,0.038,-1,Echolocation,/mnt/ubna_data_02_mir/recover-20220922/UBNA_001/20220921_090000.WAV,Telephone Field,recover-20220922,001,1795
446.58050000000003,446.6136,68437,80260,Rhinolophus ferrumequinum,0.024,0.024,-1,Echolocation,/mnt/ubna_data_02_mir/recover-20220922/UBNA_001/20220921_090000.WAV,Telephone Field,recover-20220922,001,1795
446.5905,446.6308,68437,82262,Rhinolophus ferrumequinum,0.027,0.027,-1,Echolocation,/mnt/ubna_data_02_mir/recover-20220922/UBNA_001/20220921_090000.WAV,Telephone Field,recover-20220922,001,1795
446.6035,446.64300000000003,68437,82179,Rhinolophus ferrumequinum,0.022,0.022,-1,Echolocation,/mnt/ubna_data_02_mir/recover-20220922/UBNA_001/20220921_090000.WAV,Telephone Field,recover-20220922,001,1795
446.6355,446.6706,68437,81395,Rhinolophus ferrumequinum,0.028,0.028,-1,Echolocation,/mnt/ubna_data_02_mir/recover-20220922/UBNA_001/20220921_090000.WAV,Telephone Field,recover-20220922,001,1795
446.6635,446.7047,68437,82542,Rhinolophus ferrumequinum,0.022,0.022,-1,Echolocation,/mnt/ubna_data_02_mir/recover-20220922/UBNA_001/20220921_090000.WAV,Telephone Field,recover-20220922,001,1795
446.7005,446.7106,28906,37217,Eptesicus serotinus,0.01,0.025,-1,Echolocation,/mnt/ubna_data_02_mir/recover-20220922/UBNA_001/20220921_090000.WAV,Telephone Field,recover-20220922,001,1795
446.7185,446.7567,68437,81555,Rhinolophus ferrumequinum,0.023,0.023,-1,Echolocation,/mnt/ubna_data_02_mir/recover-20220922/UBNA_001/20220921_090000.WAV,Telephone Field,recover-20220922,001,1795
446.72950000000003,446.7362,24609,37718,Myotis nattereri,0.008,0.025,-1,Echolocation,/mnt/ubna_data_02_mir/recover-20220922/UBNA_001/20220921_090000.WAV,Telephone Field,recover-20220922,001,1795
446.72950000000003,446.7353,32343,45593,Myotis daubentonii,0.01,0.023,-1,Echolocation,/mnt/ubna_data_02_mir/recover-20220922/UBNA_001/20220921_090000.WAV,Telephone Field,recover-20220922,001,1795
446.72950000000003,446.7715,68437,82446,Rhinolophus ferrumequinum,0.035,0.035,-1,Echolocation,/mnt/ubna_data_02_mir/recover-20220922/UBNA_001/20220921_090000.WAV,Telephone Field,recover-20220922,001,1795
446.7645,446.7747,21171,26896,Plecotus austriacus,0.011,0.037,-1,Echolocation,/mnt/ubna_data_02_mir/recover-20220922/UBNA_001/20220921_090000.WAV,Telephone Field,recover-20220922,001,1795
446.7755,446.7827,27187,42948,Eptesicus serotinus,0.006,0.023,-1,Echolocation,/mnt/ubna_data_02_mir/recover-20220922/UBNA_001/20220921_090000.WAV,Telephone Field,recover-20220922,001,1795
446.7795,446.8149,68437,81648,Rhinolophus ferrumequinum,0.024,0.024,-1,Echolocation,/mnt/ubna_data_02_mir/recover-20220922/UBNA_001/20220921_090000.WAV,Telephone Field,recover-20220922,001,1795
446.7915,446.8294,68437,81483,Rhinolophus ferrumequinum,0.022,0.022,-1,Echolocation,/mnt/ubna_data_02_mir/recover-20220922/UBNA_001/20220921_090000.WAV,Telephone Field,recover-20220922,001,1795
446.8125,446.8522,68437,82134,Rhinolophus ferrumequinum,0.034,0.034,-1,Echolocation,/mnt/ubna_data_02_mir/recover-20220922/UBNA_001/20220921_090000.WAV,Telephone Field,recover-20220922,001,1795
446.8225,446.8593,68437,81647,Rhinolophus ferrumequinum,0.029,0.029,-1,Echolocation,/mnt/ubna_data_02_mir/recover-20220922/UBNA_001/20220921_090000.WAV,Telephone Field,recover-20220922,001,1795
446.8285,446.8368,26328,34157,Eptesicus serotinus,0.007,0.023,-1,Echolocation,/mnt/ubna_data_02_mir/recover-20220922/UBNA_001/20220921_090000.WAV,Telephone Field,recover-20220922,001,1795
446.8715,446.9095,68437,81832,Rhinolophus ferrumequinum,0.023,0.023,-1,Echolocation,/mnt/ubna_data_02_mir/recover-20220922/UBNA_001/20220921_090000.WAV,Telephone Field,recover-20220922,001,1795
446.8805,446.9204,68437,81869,Rhinolophus ferrumequinum,0.033,0.033,-1,Echolocation,/mnt/ubna_data_02_mir/recover-20220922/UBNA_001/20220921_090000.WAV,Telephone Field,recover-20220922,001,1795
446.8875,446.8961,27187,37500,Eptesicus serotinus,0.008,0.024,-1,Echolocation,/mnt/ubna_data_02_mir/recover-20220922/UBNA_001/20220921_090000.WAV,Telephone Field,recover-20220922,001,1795
446.9045,446.9155,23750,29474,Nyctalus leisleri,0.01,0.024,-1,Echolocation,/mnt/ubna_data_02_mir/recover-20220922/UBNA_001/20220921_090000.WAV,Telephone Field,recover-20220922,001,1795
446.9095,446.9481,68437,82289,Rhinolophus ferrumequinum,0.025,0.025,-1,Echolocation,/mnt/ubna_data_02_mir/recover-20220922/UBNA_001/20220921_090000.WAV,Telephone Field,recover-20220922,001,1795
446.9315,446.9688,68437,82034,Rhinolophus ferrumequinum,0.022,0.022,-1,Echolocation,/mnt/ubna_data_02_mir/recover-20220922/UBNA_001/20220921_090000.WAV,Telephone Field,recover-20220922,001,1795
446.9615,446.9972,69296,81787,Rhinolophus ferrumequinum,0.023,0.023,-1,Echolocation,/mnt/ubna_data_02_mir/recover-20220922/UBNA_001/20220921_090000.WAV,Telephone Field,recover-20220922,001,1795
446.9765,447.0163,68437,82667,Rhinolophus ferrumequinum,0.031,0.031,-1,Echolocation,/mnt/ubna_data_02_mir/recover-20220922/UBNA_001/20220921_090000.WAV,Telephone Field,recover-20220922,001,1795
447.0055,447.0505,68437,83269,Rhinolophus ferrumequinum,0.076,0.076,-1,Echolocation,/mnt/ubna_data_02_mir/recover-20220922/UBNA_001/20220921_090000.WAV,Telephone Field,recover-20220922,001,1795
447.0065,447.015,27187,37283,Eptesicus serotinus,0.009,0.027,-1,Echolocation,/mnt/ubna_data_02_mir/recover-20220922/UBNA_001/20220921_090000.WAV,Telephone Field,recover-20220922,001,1795
447.0155,447.0253,27187,35148,Eptesicus serotinus,0.01,0.023,-1,Echolocation,/mnt/ubna_data_02_mir/recover-20220922/UBNA_001/20220921_090000.WAV,Telephone Field,recover-20220922,001,1795
447.0275,447.0699,68437,82805,Rhinolophus ferrumequinum,0.036,0.036,-1,Echolocation,/mnt/ubna_data_02_mir/recover-20220922/UBNA_001/20220921_090000.WAV,Telephone Field,recover-20220922,001,1795
447.0345,447.0444,47812,51048,Pipistrellus pipistrellus,0.025,0.029,-1,Echolocation,/mnt/ubna_data_02_mir/recover-20220922/UBNA_001/20220921_090000.WAV,Telephone Field,recover-20220922,001,1795
447.0535,447.0929,68437,82449,Rhinolophus ferrumequinum,0.026,0.026,-1,Echolocation,/mnt/ubna_data_02_mir/recover-20220922/UBNA_001/20220921_090000.WAV,Telephone Field,recover-20220922,001,1795
447.0595,447.0989,68437,82538,Rhinolophus ferrumequinum,0.025,0.025,-1,Echolocation,/mnt/ubna_data_02_mir/recover-20220922/UBNA_001/20220921_090000.WAV,Telephone Field,recover-20220922,001,1795
447.0715,447.1089,68437,81651,Rhinolophus ferrumequinum,0.024,0.024,-1,Echolocation,/mnt/ubna_data_02_mir/recover-20220922/UBNA_001/20220921_090000.WAV,Telephone Field,recover-20220922,001,1795
447.1575,447.1963,68437,82095,Rhinolophus ferrumequinum,0.025,0.025,-1,Echolocation,/mnt/ubna_data_02_mir/recover-20220922/UBNA_001/20220921_090000.WAV,Telephone Field,recover-20220922,001,1795
447.1845,447.1947,22031,28351,Plecotus austriacus,0.011,0.03,-1,Echolocation,/mnt/ubna_data_02_mir/recover-20220922/UBNA_001/20220921_090000.WAV,Telephone Field,recover-20220922,001,1795
447.1875,447.1955,28906,38356,Eptesicus serotinus,0.007,0.025,-1,Echolocation,/mnt/ubna_data_02_mir/recover-20220922/UBNA_001/20220921_090000.WAV,Telephone Field,recover-20220922,001,1795
447.1965,447.2342,68437,81416,Rhinolophus ferrumequinum,0.025,0.025,-1,Echolocation,/mnt/ubna_data_02_mir/recover-20220922/UBNA_001/20220921_090000.WAV,Telephone Field,recover-20220922,001,1795
447.2315,447.2428,23750,28334,Nyctalus leisleri,0.018,0.034,-1,Echolocation,/mnt/ubna_data_02_mir/recover-20220922/UBNA_001/20220921_090000.WAV,Telephone Field,recover-20220922,001,1795
447.2435,447.2844,68437,82602,Rhinolophus ferrumequinum,0.027,0.027,-1,Echolocation,/mnt/ubna_data_02_mir/recover-20220922/UBNA_001/20220921_090000.WAV,Telephone Field,recover-20220922,001,1795
447.2495,447.2601,42656,46341,Pipistrellus pipistrellus,0.026,0.03,-1,Echolocation,/mnt/ubna_data_02_mir/recover-20220922/UBNA_001/20220921_090000.WAV,Telephone Field,recover-20220922,001,1795
447.2855,447.3087,18593,21665,Nyctalus noctula,0.014,0.026,-1,Echolocation,/mnt/ubna_data_02_mir/recover-20220922/UBNA_001/20220921_090000.WAV,Telephone Field,recover-20220922,001,1795
447.2865,447.3235,68437,81334,Rhinolophus ferrumequinum,0.022,0.022,-1,Echolocation,/mnt/ubna_data_02_mir/recover-20220922/UBNA_001/20220921_090000.WAV,Telephone Field,recover-20220922,001,1795
447.2925,447.3295,68437,81740,Rhinolophus ferrumequinum,0.022,0.022,-1,Echolocation,/mnt/ubna_data_02_mir/recover-20220922/UBNA_001/20220921_090000.WAV,Telephone Field,recover-20220922,001,1795
447.3415,447.3514,22031,28045,Plecotus austriacus,0.009,0.024,-1,Echolocation,/mnt/ubna_data_02_mir/recover-20220922/UBNA_001/20220921_090000.WAV,Telephone Field,recover-20220922,001,1795
447.3605,447.4004,68437,81921,Rhinolophus ferrumequinum,0.023,0.023,-1,Echolocation,/mnt/ubna_data_02_mir/recover-20220922/UBNA_001/20220921_090000.WAV,Telephone Field,recover-20220922,001,1795
447.3665,447.3745,27187,40173,Eptesicus serotinus,0.008,0.023,-1,Echolocation,/mnt/ubna_data_02_mir/recover-20220922/UBNA_001/20220921_090000.WAV,Telephone Field,recover-20220922,001,1795
447.3815,447.4242,68437,83008,Rhinolophus ferrumequinum,0.024,0.024,-1,Echolocation,/mnt/ubna_data_02_mir/recover-20220922/UBNA_001/20220921_090000.WAV,Telephone Field,recover-20220922,001,1795
447.4065,447.4442,68437,81736,Rhinolophus ferrumequinum,0.024,0.024,-1,Echolocation,/mnt/ubna_data_02_mir/recover-20220922/UBNA_001/20220921_090000.WAV,Telephone Field,recover-20220922,001,1795
447.4135,447.4504,68437,81739,Rhinolophus ferrumequinum,0.024,0.024,-1,Echolocation,/mnt/ubna_data_02_mir/recover-20220922/UBNA_001/20220921_090000.WAV,Telephone Field,recover-20220922,001,1795
447.4225,447.4609,68437,81709,Rhinolophus ferrumequinum,0.027,0.027,-1,Echolocation,/mnt/ubna_data_02_mir/recover-20220922/UBNA_001/20220921_090000.WAV,Telephone Field,recover-20220922,001,1795
447.4615,447.49739999999997,68437,80794,Rhinolophus ferrumequinum,0.028,0.028,-1,Echolocation,/mnt/ubna_data_02_mir/recover-20220922/UBNA_001/20220921_090000.WAV,Telephone Field,recover-20220922,001,1795
447.4775,447.5118,68437,80351,Rhinolophus ferrumequinum,0.026,0.027,-1,Echolocation,/mnt/ubna_data_02_mir/recover-20220922/UBNA_001/20220921_090000.WAV,Telephone Field,recover-20220922,001,1795
447.4875,447.5241,68437,81642,Rhinolophus ferrumequinum,0.022,0.023,-1,Echolocation,/mnt/ubna_data_02_mir/recover-20220922/UBNA_001/20220921_090000.WAV,Telephone Field,recover-20220922,001,1795
447.4925,447.5322,68437,82110,Rhinolophus ferrumequinum,0.022,0.022,-1,Echolocation,/mnt/ubna_data_02_mir/recover-20220922/UBNA_001/20220921_090000.WAV,Telephone Field,recover-20220922,001,1795
447.5095,447.5504,68437,82763,Rhinolophus ferrumequinum,0.026,0.026,-1,Echolocation,/mnt/ubna_data_02_mir/recover-20220922/UBNA_001/20220921_090000.WAV,Telephone Field,recover-20220922,001,1795
447.5345,447.5746,68437,82442,Rhinolophus ferrumequinum,0.026,0.026,-1,Echolocation,/mnt/ubna_data_02_mir/recover-20220922/UBNA_001/20220921_090000.WAV,Telephone Field,recover-20220922,001,1795
447.5685,447.6087,68437,82126,Rhinolophus ferrumequinum,0.03,0.031,-1,Echolocation,/mnt/ubna_data_02_mir/recover-20220922/UBNA_001/20220921_090000.WAV,Telephone Field,recover-20220922,001,1795
447.5745,447.613,68437,82010,Rhinolophus ferrumequinum,0.029,0.029,-1,Echolocation,/mnt/ubna_data_02_mir/recover-20220922/UBNA_001/20220921_090000.WAV,Telephone Field,recover-20220922,001,1795
447.5955,447.6364,68437,82108,Rhinolophus ferrumequinum,0.026,0.026,-1,Echolocation,/mnt/ubna_data_02_mir/recover-20220922/UBNA_001/20220921_090000.WAV,Telephone Field,recover-20220922,001,1795
447.60450000000003,447.6471,68437,83095,Rhinolophus ferrumequinum,0.033,0.033,-1,Echolocation,/mnt/ubna_data_02_mir/recover-20220922/UBNA_001/20220921_090000.WAV,Telephone Field,recover-20220922,001,1795
447.6165,447.6575,68437,82979,Rhinolophus ferrumequinum,0.026,0.026,-1,Echolocation,/mnt/ubna_data_02_mir/recover-20220922/UBNA_001/20220921_090000.WAV,Telephone Field,recover-20220922,001,1795
447.6315,447.6419,27187,36019,Eptesicus serotinus,0.011,0.027,-1,Echolocation,/mnt/ubna_data_02_mir/recover-20220922/UBNA_001/20220921_090000.WAV,Telephone Field,recover-20220922,001,1795
447.6405,447.6519,26328,32687,Eptesicus serotinus,0.015,0.037,-1,Echolocation,/mnt/ubna_data_02_mir/recover-20220922/UBNA_001/20220921_090000.WAV,Telephone Field,recover-20220922,001,1795
447.6605,447.6986,68437,82456,Rhinolophus ferrumequinum,0.024,0.024,-1,Echolocation,/mnt/ubna_data_02_mir/recover-20220922/UBNA_001/20220921_090000.WAV,Telephone Field,recover-20220922,001,1795
447.6665,447.6796,22031,25734,Nyctalus leisleri,0.017,0.026,-1,Echolocation,/mnt/ubna_data_02_mir/recover-20220922/UBNA_001/20220921_090000.WAV,Telephone Field,recover-20220922,001,1795
447.6865,447.7207,68437,81195,Rhinolophus ferrumequinum,0.025,0.026,-1,Echolocation,/mnt/ubna_data_02_mir/recover-20220922/UBNA_001/20220921_090000.WAV,Telephone Field,recover-20220922,001,1795
447.7065,447.7176,41796,44604,Pipistrellus pipistrellus,0.073,0.09,-1,Echolocation,/mnt/ubna_data_02_mir/recover-20220922/UBNA_001/20220921_090000.WAV,Telephone Field,recover-20220922,001,1795
447.7165,447.7542,68437,80892,Rhinolophus ferrumequinum,0.024,0.024,-1,Echolocation,/mnt/ubna_data_02_mir/recover-20220922/UBNA_001/20220921_090000.WAV,Telephone Field,recover-20220922,001,1795
447.7595,447.7669,28046,37581,Eptesicus serotinus,0.007,0.022,-1,Echolocation,/mnt/ubna_data_02_mir/recover-20220922/UBNA_001/20220921_090000.WAV,Telephone Field,recover-20220922,001,1795
447.7765,447.8155,68437,82695,Rhinolophus ferrumequinum,0.023,0.023,-1,Echolocation,/mnt/ubna_data_02_mir/recover-20220922/UBNA_001/20220921_090000.WAV,Telephone Field,recover-20220922,001,1795
447.7985,447.8386,68437,82924,Rhinolophus ferrumequinum,0.027,0.027,-1,Echolocation,/mnt/ubna_data_02_mir/recover-20220922/UBNA_001/20220921_090000.WAV,Telephone Field,recover-20220922,001,1795
447.8235,447.8348,28906,35823,Eptesicus serotinus,0.011,0.024,-1,Echolocation,/mnt/ubna_data_02_mir/recover-20220922/UBNA_001/20220921_090000.WAV,Telephone Field,recover-20220922,001,1795
447.8375,447.8748,68437,81886,Rhinolophus ferrumequinum,0.031,0.031,-1,Echolocation,/mnt/ubna_data_02_mir/recover-20220922/UBNA_001/20220921_090000.WAV,Telephone Field,recover-20220922,001,1795
447.8465,447.8546,26328,35276,Eptesicus serotinus,0.009,0.026,-1,Echolocation,/mnt/ubna_data_02_mir/recover-20220922/UBNA_001/20220921_090000.WAV,Telephone Field,recover-20220922,001,1795
447.8695,447.9077,68437,81846,Rhinolophus ferrumequinum,0.038,0.038,-1,Echolocation,/mnt/ubna_data_02_mir/recover-20220922/UBNA_001/20220921_090000.WAV,Telephone Field,recover-20220922,001,1795
447.8825,447.9217,68437,82552,Rhinolophus ferrumequinum,0.024,0.024,-1,Echolocation,/mnt/ubna_data_02_mir/recover-20220922/UBNA_001/20220921_090000.WAV,Telephone Field,recover-20220922,001,1795
447.8885,447.927,68437,82313,Rhinolophus ferrumequinum,0.023,0.023,-1,Echolocation,/mnt/ubna_data_02_mir/recover-20220922/UBNA_001/20220921_090000.WAV,Telephone Field,recover-20220922,001,1795
447.9005,447.9109,28046,35482,Eptesicus serotinus,0.009,0.023,-1,Echolocation,/mnt/ubna_data_02_mir/recover-20220922/UBNA_001/20220921_090000.WAV,Telephone Field,recover-20220922,001,1795
447.9145,447.9564,68437,83030,Rhinolophus ferrumequinum,0.031,0.032,-1,Echolocation,/mnt/ubna_data_02_mir/recover-20220922/UBNA_001/20220921_090000.WAV,Telephone Field,recover-20220922,001,1795
447.9235,447.9319,28906,39137,Eptesicus serotinus,0.008,0.023,-1,Echolocation,/mnt/ubna_data_02_mir/recover-20220922/UBNA_001/20220921_090000.WAV,Telephone Field,recover-20220922,001,1795
447.9365,447.9761,68437,82364,Rhinolophus ferrumequinum,0.026,0.026,-1,Echolocation,/mnt/ubna_data_02_mir/recover-20220922/UBNA_001/20220921_090000.WAV,Telephone Field,recover-20220922,001,1795
447.9635,447.971,27187,37745,Myotis nattereri,0.006,0.029,-1,Echolocation,/mnt/ubna_data_02_mir/recover-20220922/UBNA_001/20220921_090000.WAV,Telephone Field,recover-20220922,001,1795
447.9735,447.9853,22890,27493,Nyctalus leisleri,0.019,0.034,-1,Echolocation,/mnt/ubna_data_02_mir/recover-20220922/UBNA_001/20220921_090000.WAV,Telephone Field,recover-20220922,001,1795
447.9875,447.9988,22031,27633,Nyctalus leisleri,0.01,0.022,-1,Echolocation,/mnt/ubna_data_02_mir/recover-20220922/UBNA_001/20220921_090000.WAV,Telephone Field,recover-20220922,001,1795
448.0015,448.0102,26328,37044,Eptesicus serotinus,0.008,0.028,-1,Echolocation,/mnt/ubna_data_02_mir/recover-20220922/UBNA_001/20220921_090000.WAV,Telephone Field,recover-20220922,001,1795
448.0015,448.032,68437,80357,Rhinolophus ferrumequinum,0.023,0.024,-1,Echolocation,/mnt/ubna_data_02_mir/recover-20220922/UBNA_001/20220921_090000.WAV,Telephone Field,recover-20220922,001,1795
448.0015,448.01279999999997,50390,55442,Pipistrellus pipistrellus,0.014,0.025,-1,Echolocation,/mnt/ubna_data_02_mir/recover-20220922/UBNA_001/20220921_090000.WAV,Telephone Field,recover-20220922,001,1795
448.0145,448.0238,25468,33516,Eptesicus serotinus,0.011,0.026,-1,Echolocation,/mnt/ubna_data_02_mir/recover-20220922/UBNA_001/20220921_090000.WAV,Telephone Field,recover-20220922,001,1795
448.0465,448.0539,28046,41913,Eptesicus serotinus,0.007,0.022,-1,Echolocation,/mnt/ubna_data_02_mir/recover-20220922/UBNA_001/20220921_090000.WAV,Telephone Field,recover-20220922,001,1795
448.0775,448.1174,68437,82403,Rhinolophus ferrumequinum,0.021,0.022,-1,Echolocation,/mnt/ubna_data_02_mir/recover-20220922/UBNA_001/20220921_090000.WAV,Telephone Field,recover-20220922,001,1795
448.1005,448.1364,68437,81126,Rhinolophus ferrumequinum,0.022,0.022,-1,Echolocation,/mnt/ubna_data_02_mir/recover-20220922/UBNA_001/20220921_090000.WAV,Telephone Field,recover-20220922,001,1795
448.1305,448.1382,28046,39001,Eptesicus serotinus,0.007,0.024,-1,Echolocation,/mnt/ubna_data_02_mir/recover-20220922/UBNA_001/20220921_090000.WAV,Telephone Field,recover-20220922,001,1795
448.1475,448.1582,22890,28345,Nyctalus leisleri,0.012,0.026,-1,Echolocation,/mnt/ubna_data_02_mir/recover-20220922/UBNA_001/20220921_090000.WAV,Telephone Field,recover-20220922,001,1795
448.16949999999997,448.1764,25468,34308,Plecotus austriacus,0.007,0.023,-1,Echolocation,/mnt/ubna_data_02_mir/recover-20220922/UBNA_001/20220921_090000.WAV,Telephone Field,recover-20220922,001,1795
448.2015,448.2126,22031,26769,Nyctalus leisleri,0.011,0.023,-1,Echolocation,/mnt/ubna_data_02_mir/recover-20220922/UBNA_001/20220921_090000.WAV,Telephone Field,recover-20220922,001,1795
448.2335,448.2737,68437,81753,Rhinolophus ferrumequinum,0.027,0.027,-1,Echolocation,/mnt/ubna_data_02_mir/recover-20220922/UBNA_001/20220921_090000.WAV,Telephone Field,recover-20220922,001,1795
448.2405,448.2511,23750,29751,Nyctalus leisleri,0.014,0.03,-1,Echolocation,/mnt/ubna_data_02_mir/recover-20220922/UBNA_001/20220921_090000.WAV,Telephone Field,recover-20220922,001,1795
448.2765,448.3153,68437,81736,Rhinolophus ferrumequinum,0.022,0.022,-1,Echolocation,/mnt/ubna_data_02_mir/recover-20220922/UBNA_001/20220921_090000.WAV,Telephone Field,recover-20220922,001,1795
448.3095,448.3503,68437,82853,Rhinolophus ferrumequinum,0.023,0.023,-1,Echolocation,/mnt/ubna_data_02_mir/recover-20220922/UBNA_001/20220921_090000.WAV,Telephone Field,recover-20220922,001,1795
448.3105,448.3186,28046,41703,Eptesicus serotinus,0.008,0.024,-1,Echolocation,/mnt/ubna_data_02_mir/recover-20220922/UBNA_001/20220921_090000.WAV,Telephone Field,recover-20220922,001,1795
448.3115,448.3186,23750,32899,Plecotus austriacus,0.009,0.023,-1,Echolocation,/mnt/ubna_data_02_mir/recover-20220922/UBNA_001/20220921_090000.WAV,Telephone Field,recover-20220922,001,1795
448.3515,448.36,28906,38969,Eptesicus serotinus,0.008,0.022,-1,Echolocation,/mnt/ubna_data_02_mir/recover-20220922/UBNA_001/20220921_090000.WAV,Telephone Field,recover-20220922,001,1795
448.3745,448.4149,68437,82645,Rhinolophus ferrumequinum,0.028,0.028,-1,Echolocation,/mnt/ubna_data_02_mir/recover-20220922/UBNA_001/20220921_090000.WAV,Telephone Field,recover-20220922,001,1795
448.3855,448.3949,28906,39150,Eptesicus serotinus,0.009,0.021,-1,Echolocation,/mnt/ubna_data_02_mir/recover-20220922/UBNA_001/20220921_090000.WAV,Telephone Field,recover-20220922,001,1795
448.4045,448.4138,28906,37034,Eptesicus serotinus,0.008,0.022,-1,Echolocation,/mnt/ubna_data_02_mir/recover-20220922/UBNA_001/20220921_090000.WAV,Telephone Field,recover-20220922,001,1795
448.4135,448.4492,68437,81745,Rhinolophus ferrumequinum,0.022,0.022,-1,Echolocation,/mnt/ubna_data_02_mir/recover-20220922/UBNA_001/20220921_090000.WAV,Telephone Field,recover-20220922,001,1795
448.4465,448.4824,68437,81411,Rhinolophus ferrumequinum,0.022,0.022,-1,Echolocation,/mnt/ubna_data_02_mir/recover-20220922/UBNA_001/20220921_090000.WAV,Telephone Field,recover-20220922,001,1795
448.4715,448.5091,68437,81759,Rhinolophus ferrumequinum,0.023,0.024,-1,Echolocation,/mnt/ubna_data_02_mir/recover-20220922/UBNA_001/20220921_090000.WAV,Telephone Field,recover-20220922,001,1795
448.5175,448.5575,68437,82234,Rhinolophus ferrumequinum,0.023,0.023,-1,Echolocation,/mnt/ubna_data_02_mir/recover-20220922/UBNA_001/20220921_090000.WAV,Telephone Field,recover-20220922,001,1795
448.5415,448.55,26328,37385,Eptesicus serotinus,0.011,0.025,-1,Echolocation,/mnt/ubna_data_02_mir/recover-20220922/UBNA_001/20220921_090000.WAV,Telephone Field,recover-20220922,001,1795
448.5595,448.5983,68437,82062,Rhinolophus ferrumequinum,0.031,0.031,-1,Echolocation,/mnt/ubna_data_02_mir/recover-20220922/UBNA_001/20220921_090000.WAV,Telephone Field,recover-20220922,001,1795
448.5765,448.58820000000003,24609,30796,Nyctalus leisleri,0.01,0.027,-1,Echolocation,/mnt/ubna_data_02_mir/recover-20220922/UBNA_001/20220921_090000.WAV,Telephone Field,recover-20220922,001,1795
448.5945,448.6028,27187,36916,Eptesicus serotinus,0.016,0.041,-1,Echolocation,/mnt/ubna_data_02_mir/recover-20220922/UBNA_001/20220921_090000.WAV,Telephone Field,recover-20220922,001,1795
448.6155,448.6266,23750,28505,Nyctalus leisleri,0.011,0.023,-1,Echolocation,/mnt/ubna_data_02_mir/recover-20220922/UBNA_001/20220921_090000.WAV,Telephone Field,recover-20220922,001,1795
448.6385,448.6489,26328,32937,Eptesicus serotinus,0.009,0.022,-1,Echolocation,/mnt/ubna_data_02_mir/recover-20220922/UBNA_001/20220921_090000.WAV,Telephone Field,recover-20220922,001,1795
448.6405,448.6828,68437,82802,Rhinolophus ferrumequinum,0.03,0.03,-1,Echolocation,/mnt/ubna_data_02_mir/recover-20220922/UBNA_001/20220921_090000.WAV,Telephone Field,recover-20220922,001,1795
448.6585,448.6708,22890,27243,Nyctalus leisleri,0.017,0.03,-1,Echolocation,/mnt/ubna_data_02_mir/recover-20220922/UBNA_001/20220921_090000.WAV,Telephone Field,recover-20220922,001,1795
448.6775,448.6875,28906,36906,Eptesicus serotinus,0.011,0.025,-1,Echolocation,/mnt/ubna_data_02_mir/recover-20220922/UBNA_001/20220921_090000.WAV,Telephone Field,recover-20220922,001,1795
448.7115,448.7202,25468,34489,Eptesicus serotinus,0.01,0.025,-1,Echolocation,/mnt/ubna_data_02_mir/recover-20220922/UBNA_001/20220921_090000.WAV,Telephone Field,recover-20220922,001,1795
448.7975,448.8326,68437,81120,Rhinolophus ferrumequinum,0.024,0.024,-1,Echolocation,/mnt/ubna_data_02_mir/recover-20220922/UBNA_001/20220921_090000.WAV,Telephone Field,recover-20220922,001,1795
448.8275,448.8675,68437,82164,Rhinolophus ferrumequinum,0.025,0.025,-1,Echolocation,/mnt/ubna_data_02_mir/recover-20220922/UBNA_001/20220921_090000.WAV,Telephone Field,recover-20220922,001,1795
448.8395,448.8496,28046,36612,Eptesicus serotinus,0.017,0.032,-1,Echolocation,/mnt/ubna_data_02_mir/recover-20220922/UBNA_001/20220921_090000.WAV,Telephone Field,recover-20220922,001,1795
448.8505,448.8899,68437,81886,Rhinolophus ferrumequinum,0.022,0.022,-1,Echolocation,/mnt/ubna_data_02_mir/recover-20220922/UBNA_001/20220921_090000.WAV,Telephone Field,recover-20220922,001,1795
448.8995,448.9411,68437,82780,Rhinolophus ferrumequinum,0.022,0.022,-1,Echolocation,/mnt/ubna_data_02_mir/recover-20220922/UBNA_001/20220921_090000.WAV,Telephone Field,recover-20220922,001,1795
448.9655,449.0077,68437,83360,Rhinolophus ferrumequinum,0.027,0.027,-1,Echolocation,/mnt/ubna_data_02_mir/recover-20220922/UBNA_001/20220921_090000.WAV,Telephone Field,recover-20220922,001,1795
448.9665,448.975,28046,37316,Eptesicus serotinus,0.008,0.023,-1,Echolocation,/mnt/ubna_data_02_mir/recover-20220922/UBNA_001/20220921_090000.WAV,Telephone Field,recover-20220922,001,1795
448.9915,449.029,68437,82173,Rhinolophus ferrumequinum,0.025,0.026,-1,Echolocation,/mnt/ubna_data_02_mir/recover-20220922/UBNA_001/20220921_090000.WAV,Telephone Field,recover-20220922,001,1795
449.0005,449.039,68437,81380,Rhinolophus ferrumequinum,0.026,0.026,-1,Echolocation,/mnt/ubna_data_02_mir/recover-20220922/UBNA_001/20220921_090000.WAV,Telephone Field,recover-20220922,001,1795
449.0135,449.024,27187,34956,Eptesicus serotinus,0.015,0.028,-1,Echolocation,/mnt/ubna_data_02_mir/recover-20220922/UBNA_001/20220921_090000.WAV,Telephone Field,recover-20220922,001,1795
449.0455,449.0557,22890,27436,Nyctalus leisleri,0.012,0.023,-1,Echolocation,/mnt/ubna_data_02_mir/recover-20220922/UBNA_001/20220921_090000.WAV,Telephone Field,recover-20220922,001,1795
449.0715,449.0818,29765,36223,Eptesicus serotinus,0.009,0.022,-1,Echolocation,/mnt/ubna_data_02_mir/recover-20220922/UBNA_001/20220921_090000.WAV,Telephone Field,recover-20220922,001,1795
449.0755,449.117,68437,83359,Rhinolophus ferrumequinum,0.033,0.033,-1,Echolocation,/mnt/ubna_data_02_mir/recover-20220922/UBNA_001/20220921_090000.WAV,Telephone Field,recover-20220922,001,1795
449.0755,449.0883,15156,21109,Nyctalus noctula,0.015,0.024,-1,Echolocation,/mnt/ubna_data_02_mir/recover-20220922/UBNA_001/20220921_090000.WAV,Telephone Field,recover-20220922,001,1795
449.1385,449.1785,68437,82672,Rhinolophus ferrumequinum,0.025,0.025,-1,Echolocation,/mnt/ubna_data_02_mir/recover-20220922/UBNA_001/20220921_090000.WAV,Telephone Field,recover-20220922,001,1795
449.1405,449.1497,28906,37539,Eptesicus serotinus,0.008,0.022,-1,Echolocation,/mnt/ubna_data_02_mir/recover-20220922/UBNA_001/20220921_090000.WAV,Telephone Field,recover-20220922,001,1795
449.1745,449.2092,68437,81737,Rhinolophus ferrumequinum,0.022,0.023,-1,Echolocation,/mnt/ubna_data_02_mir/recover-20220922/UBNA_001/20220921_090000.WAV,Telephone Field,recover-20220922,001,1795
449.1915,449.2272,68437,81261,Rhinolophus ferrumequinum,0.022,0.022,-1,Echolocation,/mnt/ubna_data_02_mir/recover-20220922/UBNA_001/20220921_090000.WAV,Telephone Field,recover-20220922,001,1795
449.2265,449.2338,28046,38585,Eptesicus serotinus,0.006,0.022,-1,Echolocation,/mnt/ubna_data_02_mir/recover-20220922/UBNA_001/20220921_090000.WAV,Telephone Field,recover-20220922,001,1795
449.2395,449.2788,68437,81720,Rhinolophus ferrumequinum,0.038,0.038,-1,Echolocation,/mnt/ubna_data_02_mir/recover-20220922/UBNA_001/20220921_090000.WAV,Telephone Field,recover-20220922,001,1795
449.2435,449.2511,28046,43931,Eptesicus serotinus,0.008,0.022,-1,Echolocation,/mnt/ubna_data_02_mir/recover-20220922/UBNA_001/20220921_090000.WAV,Telephone Field,recover-20220922,001,1795
449.2635,449.304,68437,82019,Rhinolophus ferrumequinum,0.022,0.022,-1,Echolocation,/mnt/ubna_data_02_mir/recover-20220922/UBNA_001/20220921_090000.WAV,Telephone Field,recover-20220922,001,1795
449.2745,449.2833,28906,40089,Eptesicus serotinus,0.013,0.032,-1,Echolocation,/mnt/ubna_data_02_mir/recover-20220922/UBNA_001/20220921_090000.WAV,Telephone Field,recover-20220922,001,1795
449.2975,449.3396,68437,82419,Rhinolophus ferrumequinum,0.023,0.023,-1,Echolocation,/mnt/ubna_data_02_mir/recover-20220922/UBNA_001/20220921_090000.WAV,Telephone Field,recover-20220922,001,1795
449.2975,449.3076,26328,33638,Eptesicus serotinus,0.009,0.022,-1,Echolocation,/mnt/ubna_data_02_mir/recover-20220922/UBNA_001/20220921_090000.WAV,Telephone Field,recover-20220922,001,1795
449.3695,449.411,68437,82850,Rhinolophus ferrumequinum,0.022,0.022,-1,Echolocation,/mnt/ubna_data_02_mir/recover-20220922/UBNA_001/20220921_090000.WAV,Telephone Field,recover-20220922,001,1795
449.4055,449.4428,68437,82029,Rhinolophus ferrumequinum,0.022,0.022,-1,Echolocation,/mnt/ubna_data_02_mir/recover-20220922/UBNA_001/20220921_090000.WAV,Telephone Field,recover-20220922,001,1795
449.4265,449.4467,18593,22066,Nyctalus noctula,0.017,0.03,-1,Echolocation,/mnt/ubna_data_02_mir/recover-20220922/UBNA_001/20220921_090000.WAV,Telephone Field,recover-20220922,001,1795
449.4465,449.4569,28046,35992,Eptesicus serotinus,0.01,0.022,-1,Echolocation,/mnt/ubna_data_02_mir/recover-20220922/UBNA_001/20220921_090000.WAV,Telephone Field,recover-20220922,001,1795
449.5025,449.5405,68437,81854,Rhinolophus ferrumequinum,0.022,0.022,-1,Echolocation,/mnt/ubna_data_02_mir/recover-20220922/UBNA_001/20220921_090000.WAV,Telephone Field,recover-20220922,001,1795
449.5225,449.561,68437,82098,Rhinolophus ferrumequinum,0.023,0.023,-1,Echolocation,/mnt/ubna_data_02_mir/recover-20220922/UBNA_001/20220921_090000.WAV,Telephone Field,recover-20220922,001,1795
449.5345,449.543,28906,37487,Eptesicus serotinus,0.009,0.025,-1,Echolocation,/mnt/ubna_data_02_mir/recover-20220922/UBNA_001/20220921_090000.WAV,Telephone Field,recover-20220922,001,1795
449.5675,449.6094,68437,82916,Rhinolophus ferrumequinum,0.023,0.023,-1,Echolocation,/mnt/ubna_data_02_mir/recover-20220922/UBNA_001/20220921_090000.WAV,Telephone Field,recover-20220922,001,1795
449.5735,449.5811,25468,36313,Eptesicus serotinus,0.007,0.022,-1,Echolocation,/mnt/ubna_data_02_mir/recover-20220922/UBNA_001/20220921_090000.WAV,Telephone Field,recover-20220922,001,1795
449.5905,449.5983,49531,53196,Pipistrellus pipistrellus,0.023,0.025,-1,Echolocation,/mnt/ubna_data_02_mir/recover-20220922/UBNA_001/20220921_090000.WAV,Telephone Field,recover-20220922,001,1795
449.5935,449.6336,68437,82646,Rhinolophus ferrumequinum,0.024,0.024,-1,Echolocation,/mnt/ubna_data_02_mir/recover-20220922/UBNA_001/20220921_090000.WAV,Telephone Field,recover-20220922,001,1795
449.6175,449.6273,28906,37153,Eptesicus serotinus,0.011,0.025,-1,Echolocation,/mnt/ubna_data_02_mir/recover-20220922/UBNA_001/20220921_090000.WAV,Telephone Field,recover-20220922,001,1795
449.6265,449.6647,68437,82266,Rhinolophus ferrumequinum,0.022,0.022,-1,Echolocation,/mnt/ubna_data_02_mir/recover-20220922/UBNA_001/20220921_090000.WAV,Telephone Field,recover-20220922,001,1795
449.6385,449.6757,68437,82031,Rhinolophus ferrumequinum,0.023,0.023,-1,Echolocation,/mnt/ubna_data_02_mir/recover-20220922/UBNA_001/20220921_090000.WAV,Telephone Field,recover-20220922,001,1795
449.6625,449.6762,27187,32262,Nyctalus leisleri,0.017,0.038,-1,Echolocation,/mnt/ubna_data_02_mir/recover-20220922/UBNA_001/20220921_090000.WAV,Telephone Field,recover-20220922,001,1795
449.6725,449.7126,68437,82636,Rhinolophus ferrumequinum,0.024,0.024,-1,Echolocation,/mnt/ubna_data_02_mir/recover-20220922/UBNA_001/20220921_090000.WAV,Telephone Field,recover-20220922,001,1795
449.7005,449.7388,68437,82171,Rhinolophus ferrumequinum,0.022,0.022,-1,Echolocation,/mnt/ubna_data_02_mir/recover-20220922/UBNA_001/20220921_090000.WAV,Telephone Field,recover-20220922,001,1795
449.70550000000003,449.7138,28906,39962,Eptesicus serotinus,0.008,0.024,-1,Echolocation,/mnt/ubna_data_02_mir/recover-20220922/UBNA_001/20220921_090000.WAV,Telephone Field,recover-20220922,001,1795
449.7225,449.7328,53828,57922,Pipistrellus pygmaeus,0.025,0.027,-1,Echolocation,/mnt/ubna_data_02_mir/recover-20220922/UBNA_001/20220921_090000.WAV,Telephone Field,recover-20220922,001,1795
449.7455,449.7846,68437,81537,Rhinolophus ferrumequinum,0.042,0.042,-1,Echolocation,/mnt/ubna_data_02_mir/recover-20220922/UBNA_001/20220921_090000.WAV,Telephone Field,recover-20220922,001,1795
449.8205,449.8621,68437,83312,Rhinolophus ferrumequinum,0.024,0.024,-1,Echolocation,/mnt/ubna_data_02_mir/recover-20220922/UBNA_001/20220921_090000.WAV,Telephone Field,recover-20220922,001,1795
449.8435,449.8789,68437,81666,Rhinolophus ferrumequinum,0.022,0.022,-1,Echolocation,/mnt/ubna_data_02_mir/recover-20220922/UBNA_001/20220921_090000.WAV,Telephone Field,recover-20220922,001,1795
449.85450000000003,449.86469999999997,23750,29907,Nyctalus leisleri,0.01,0.025,-1,Echolocation,/mnt/ubna_data_02_mir/recover-20220922/UBNA_001/20220921_090000.WAV,Telephone Field,recover-20220922,001,1795
449.8915,449.902,24609,30837,Nyctalus leisleri,0.008,0.022,-1,Echolocation,/mnt/ubna_data_02_mir/recover-20220922/UBNA_001/20220921_090000.WAV,Telephone Field,recover-20220922,001,1795
449.9015,449.9447,68437,82919,Rhinolophus ferrumequinum,0.044,0.044,-1,Echolocation,/mnt/ubna_data_02_mir/recover-20220922/UBNA_001/20220921_090000.WAV,Telephone Field,recover-20220922,001,1795
449.9025,449.9136,23750,29892,Nyctalus leisleri,0.009,0.022,-1,Echolocation,/mnt/ubna_data_02_mir/recover-20220922/UBNA_001/20220921_090000.WAV,Telephone Field,recover-20220922,001,1795
449.9175,449.9284,24609,30748,Nyctalus leisleri,0.009,0.023,-1,Echolocation,/mnt/ubna_data_02_mir/recover-20220922/UBNA_001/20220921_090000.WAV,Telephone Field,recover-20220922,001,1795
449.9455,449.9853,68437,82084,Rhinolophus ferrumequinum,0.022,0.022,-1,Echolocation,/mnt/ubna_data_02_mir/recover-20220922/UBNA_001/20220921_090000.WAV,Telephone Field,recover-20220922,001,1795
449.9825,449.993,22890,28485,Nyctalus leisleri,0.01,0.022,-1,Echolocation,/mnt/ubna_data_02_mir/recover-20220922/UBNA_001/20220921_090000.WAV,Telephone Field,recover-20220922,001,1795
450.0015,450.0364,68437,80075,Rhinolophus ferrumequinum,0.045,0.045,-1,Echolocation,/mnt/ubna_data_02_mir/recover-20220922/UBNA_001/20220921_090000.WAV,Telephone Field,recover-20220922,001,1795
450.0015,450.0119,46953,52340,Pipistrellus pipistrellus,0.024,0.029,-1,Echolocation,/mnt/ubna_data_02_mir/recover-20220922/UBNA_001/20220921_090000.WAV,Telephone Field,recover-20220922,001,1795
450.0015,450.0101,24609,32167,Nyctalus leisleri,0.008,0.024,-1,Echolocation,/mnt/ubna_data_02_mir/recover-20220922/UBNA_001/20220921_090000.WAV,Telephone Field,recover-20220922,001,1795
450.0095,450.0535,68437,83014,Rhinolophus ferrumequinum,0.025,0.026,-1,Echolocation,/mnt/ubna_data_02_mir/recover-20220922/UBNA_001/20220921_090000.WAV,Telephone Field,recover-20220922,001,1795
450.0135,450.0215,28046,39597,Eptesicus serotinus,0.008,0.022,-1,Echolocation,/mnt/ubna_data_02_mir/recover-20220922/UBNA_001/20220921_090000.WAV,Telephone Field,recover-20220922,001,1795
450.0365,450.0455,27187,37940,Eptesicus serotinus,0.008,0.022,-1,Echolocation,/mnt/ubna_data_02_mir/recover-20220922/UBNA_001/20220921_090000.WAV,Telephone Field,recover-20220922,001,1795
450.0375,450.0753,68437,81825,Rhinolophus ferrumequinum,0.024,0.025,-1,Echolocation,/mnt/ubna_data_02_mir/recover-20220922/UBNA_001/20220921_090000.WAV,Telephone Field,recover-20220922,001,1795
450.0655,450.1067,68437,82872,Rhinolophus ferrumequinum,0.024,0.024,-1,Echolocation,/mnt/ubna_data_02_mir/recover-20220922/UBNA_001/20220921_090000.WAV,Telephone Field,recover-20220922,001,1795
450.0885,450.0974,26328,34274,Eptesicus serotinus,0.01,0.023,-1,Echolocation,/mnt/ubna_data_02_mir/recover-20220922/UBNA_001/20220921_090000.WAV,Telephone Field,recover-20220922,001,1795
450.0925,450.1307,68437,82478,Rhinolophus ferrumequinum,0.022,0.022,-1,Echolocation,/mnt/ubna_data_02_mir/recover-20220922/UBNA_001/20220921_090000.WAV,Telephone Field,recover-20220922,001,1795
450.1045,450.1155,23750,28726,Nyctalus leisleri,0.012,0.026,-1,Echolocation,/mnt/ubna_data_02_mir/recover-20220922/UBNA_001/20220921_090000.WAV,Telephone Field,recover-20220922,001,1795
450.1175,450.1263,28906,39041,Eptesicus serotinus,0.008,0.022,-1,Echolocation,/mnt/ubna_data_02_mir/recover-20220922/UBNA_001/20220921_090000.WAV,Telephone Field,recover-20220922,001,1795
450.1795,450.2198,68437,82231,Rhinolophus ferrumequinum,0.028,0.028,-1,Echolocation,/mnt/ubna_data_02_mir/recover-20220922/UBNA_001/20220921_090000.WAV,Telephone Field,recover-20220922,001,1795
450.2115,450.2217,23750,29867,Nyctalus leisleri,0.009,0.023,-1,Echolocation,/mnt/ubna_data_02_mir/recover-20220922/UBNA_001/20220921_090000.WAV,Telephone Field,recover-20220922,001,1795
450.2255,450.2634,68437,82308,Rhinolophus ferrumequinum,0.022,0.022,-1,Echolocation,/mnt/ubna_data_02_mir/recover-20220922/UBNA_001/20220921_090000.WAV,Telephone Field,recover-20220922,001,1795
450.2315,450.27,68437,82967,Rhinolophus ferrumequinum,0.022,0.022,-1,Echolocation,/mnt/ubna_data_02_mir/recover-20220922/UBNA_001/20220921_090000.WAV,Telephone Field,recover-20220922,001,1795
450.2645,450.3062,68437,82670,Rhinolophus ferrumequinum,0.023,0.023,-1,Echolocation,/mnt/ubna_data_02_mir/recover-20220922/UBNA_001/20220921_090000.WAV,Telephone Field,recover-20220922,001,1795
450.2665,450.2767,23750,29742,Nyctalus leisleri,0.008,0.022,-1,Echolocation,/mnt/ubna_data_02_mir/recover-20220922/UBNA_001/20220921_090000.WAV,Telephone Field,recover-20220922,001,1795
450.2955,450.3068,24609,30774,Nyctalus leisleri,0.009,0.023,-1,Echolocation,/mnt/ubna_data_02_mir/recover-20220922/UBNA_001/20220921_090000.WAV,Telephone Field,recover-20220922,001,1795
450.3035,450.3439,68437,82769,Rhinolophus ferrumequinum,0.029,0.029,-1,Echolocation,/mnt/ubna_data_02_mir/recover-20220922/UBNA_001/20220921_090000.WAV,Telephone Field,recover-20220922,001,1795
450.3255,450.3628,68437,81889,Rhinolophus ferrumequinum,0.022,0.022,-1,Echolocation,/mnt/ubna_data_02_mir/recover-20220922/UBNA_001/20220921_090000.WAV,Telephone Field,recover-20220922,001,1795
450.3765,450.4175,68437,82424,Rhinolophus ferrumequinum,0.022,0.022,-1,Echolocation,/mnt/ubna_data_02_mir/recover-20220922/UBNA_001/20220921_090000.WAV,Telephone Field,recover-20220922,001,1795
450.3825,450.4225,68437,82089,Rhinolophus ferrumequinum,0.022,0.022,-1,Echolocation,/mnt/ubna_data_02_mir/recover-20220922/UBNA_001/20220921_090000.WAV,Telephone Field,recover-20220922,001,1795
450.3975,450.4389,68437,82707,Rhinolophus ferrumequinum,0.025,0.025,-1,Echolocation,/mnt/ubna_data_02_mir/recover-20220922/UBNA_001/20220921_090000.WAV,Telephone Field,recover-20220922,001,1795
450.4375,450.4831,68437,83299,Rhinolophus ferrumequinum,0.03,0.03,-1,Echolocation,/mnt/ubna_data_02_mir/recover-20220922/UBNA_001/20220921_090000.WAV,Telephone Field,recover-20220922,001,1795
450.4435,450.4512,28046,39391,Eptesicus serotinus,0.008,0.023,-1,Echolocation,/mnt/ubna_data_02_mir/recover-20220922/UBNA_001/20220921_090000.WAV,Telephone Field,recover-20220922,001,1795
450.5235,450.5618,68437,82302,Rhinolophus ferrumequinum,0.027,0.027,-1,Echolocation,/mnt/ubna_data_02_mir/recover-20220922/UBNA_001/20220921_090000.WAV,Telephone Field,recover-20220922,001,1795
450.5315,450.5422,24609,30848,Nyctalus leisleri,0.009,0.025,-1,Echolocation,/mnt/ubna_data_02_mir/recover-20220922/UBNA_001/20220921_090000.WAV,Telephone Field,recover-20220922,001,1795
450.5675,450.6064,68437,81947,Rhinolophus ferrumequinum,0.022,0.022,-1,Echolocation,/mnt/ubna_data_02_mir/recover-20220922/UBNA_001/20220921_090000.WAV,Telephone Field,recover-20220922,001,1795
450.5935,450.6349,68437,82295,Rhinolophus ferrumequinum,0.033,0.033,-1,Echolocation,/mnt/ubna_data_02_mir/recover-20220922/UBNA_001/20220921_090000.WAV,Telephone Field,recover-20220922,001,1795
450.6365,450.6518,46093,48244,Pipistrellus pipistrellus,0.052,0.059,-1,Echolocation,/mnt/ubna_data_02_mir/recover-20220922/UBNA_001/20220921_090000.WAV,Telephone Field,recover-20220922,001,1795
450.6415,450.6798,68437,82361,Rhinolophus ferrumequinum,0.024,0.024,-1,Echolocation,/mnt/ubna_data_02_mir/recover-20220922/UBNA_001/20220921_090000.WAV,Telephone Field,recover-20220922,001,1795
450.6595,450.6682,28046,38377,Eptesicus serotinus,0.012,0.028,-1,Echolocation,/mnt/ubna_data_02_mir/recover-20220922/UBNA_001/20220921_090000.WAV,Telephone Field,recover-20220922,001,1795
450.6635,450.6783,14296,18573,Nyctalus noctula,0.055,0.077,-1,Echolocation,/mnt/ubna_data_02_mir/recover-20220922/UBNA_001/20220921_090000.WAV,Telephone Field,recover-20220922,001,1795
450.6725,450.7093,68437,81207,Rhinolophus ferrumequinum,0.022,0.022,-1,Echolocation,/mnt/ubna_data_02_mir/recover-20220922/UBNA_001/20220921_090000.WAV,Telephone Field,recover-20220922,001,1795
450.6915,450.7302,68437,82109,Rhinolophus ferrumequinum,0.024,0.024,-1,Echolocation,/mnt/ubna_data_02_mir/recover-20220922/UBNA_001/20220921_090000.WAV,Telephone Field,recover-20220922,001,1795
450.7085,450.7192,22890,27393,Nyctalus leisleri,0.012,0.023,-1,Echolocation,/mnt/ubna_data_02_mir/recover-20220922/UBNA_001/20220921_090000.WAV,Telephone Field,recover-20220922,001,1795
450.7575,450.7932,68437,81483,Rhinolophus ferrumequinum,0.033,0.033,-1,Echolocation,/mnt/ubna_data_02_mir/recover-20220922/UBNA_001/20220921_090000.WAV,Telephone Field,recover-20220922,001,1795
450.7635,450.7712,28046,40091,Eptesicus serotinus,0.008,0.024,-1,Echolocation,/mnt/ubna_data_02_mir/recover-20220922/UBNA_001/20220921_090000.WAV,Telephone Field,recover-20220922,001,1795
450.7675,450.8068,68437,81971,Rhinolophus ferrumequinum,0.037,0.037,-1,Echolocation,/mnt/ubna_data_02_mir/recover-20220922/UBNA_001/20220921_090000.WAV,Telephone Field,recover-20220922,001,1795
450.8295,450.8399,24609,31765,Nyctalus leisleri,0.009,0.027,-1,Echolocation,/mnt/ubna_data_02_mir/recover-20220922/UBNA_001/20220921_090000.WAV,Telephone Field,recover-20220922,001,1795
450.8405,450.8797,68437,82042,Rhinolophus ferrumequinum,0.026,0.026,-1,Echolocation,/mnt/ubna_data_02_mir/recover-20220922/UBNA_001/20220921_090000.WAV,Telephone Field,recover-20220922,001,1795
450.8595,450.8961,68437,81803,Rhinolophus ferrumequinum,0.022,0.022,-1,Echolocation,/mnt/ubna_data_02_mir/recover-20220922/UBNA_001/20220921_090000.WAV,Telephone Field,recover-20220922,001,1795
450.8755,450.885,28906,37658,Eptesicus serotinus,0.01,0.023,-1,Echolocation,/mnt/ubna_data_02_mir/recover-20220922/UBNA_001/20220921_090000.WAV,Telephone Field,recover-20220922,001,1795
450.8995,450.936,68437,82028,Rhinolophus ferrumequinum,0.024,0.024,-1,Echolocation,/mnt/ubna_data_02_mir/recover-20220922/UBNA_001/20220921_090000.WAV,Telephone Field,recover-20220922,001,1795
450.9295,450.9655,68437,81556,Rhinolophus ferrumequinum,0.024,0.024,-1,Echolocation,/mnt/ubna_data_02_mir/recover-20220922/UBNA_001/20220921_090000.WAV,Telephone Field,recover-20220922,001,1795
450.9535,450.9944,68437,82188,Rhinolophus ferrumequinum,0.032,0.032,-1,Echolocation,/mnt/ubna_data_02_mir/recover-20220922/UBNA_001/20220921_090000.WAV,Telephone Field,recover-20220922,001,1795
450.9815,451.0254,68437,83064,Rhinolophus ferrumequinum,0.026,0.026,-1,Echolocation,/mnt/ubna_data_02_mir/recover-20220922/UBNA_001/20220921_090000.WAV,Telephone Field,recover-20220922,001,1795
451.0805,451.1177,68437,82109,Rhinolophus ferrumequinum,0.022,0.022,-1,Echolocation,/mnt/ubna_data_02_mir/recover-20220922/UBNA_001/20220921_090000.WAV,Telephone Field,recover-20220922,001,1795
451.1175,451.1548,68437,82044,Rhinolophus ferrumequinum,0.022,0.022,-1,Echolocation,/mnt/ubna_data_02_mir/recover-20220922/UBNA_001/20220921_090000.WAV,Telephone Field,recover-20220922,001,1795
451.1475,451.1821,68437,81402,Rhinolophus ferrumequinum,0.023,0.023,-1,Echolocation,/mnt/ubna_data_02_mir/recover-20220922/UBNA_001/20220921_090000.WAV,Telephone Field,recover-20220922,001,1795
451.1665,451.2068,68437,82027,Rhinolophus ferrumequinum,0.022,0.022,-1,Echolocation,/mnt/ubna_data_02_mir/recover-20220922/UBNA_001/20220921_090000.WAV,Telephone Field,recover-20220922,001,1795
451.2335,451.2718,68437,81887,Rhinolophus ferrumequinum,0.022,0.022,-1,Echolocation,/mnt/ubna_data_02_mir/recover-20220922/UBNA_001/20220921_090000.WAV,Telephone Field,recover-20220922,001,1795
451.2385,451.2472,28906,38018,Eptesicus serotinus,0.009,0.023,-1,Echolocation,/mnt/ubna_data_02_mir/recover-20220922/UBNA_001/20220921_090000.WAV,Telephone Field,recover-20220922,001,1795
451.2485,451.2863,68437,81548,Rhinolophus ferrumequinum,0.023,0.023,-1,Echolocation,/mnt/ubna_data_02_mir/recover-20220922/UBNA_001/20220921_090000.WAV,Telephone Field,recover-20220922,001,1795
451.2835,451.3258,68437,82704,Rhinolophus ferrumequinum,0.044,0.044,-1,Echolocation,/mnt/ubna_data_02_mir/recover-20220922/UBNA_001/20220921_090000.WAV,Telephone Field,recover-20220922,001,1795
451.2845,451.2951,25468,32574,Eptesicus serotinus,0.009,0.024,-1,Echolocation,/mnt/ubna_data_02_mir/recover-20220922/UBNA_001/20220921_090000.WAV,Telephone Field,recover-20220922,001,1795
451.3075,451.3178,23750,29822,Nyctalus leisleri,0.01,0.023,-1,Echolocation,/mnt/ubna_data_02_mir/recover-20220922/UBNA_001/20220921_090000.WAV,Telephone Field,recover-20220922,001,1795
451.3075,451.3455,68437,81858,Rhinolophus ferrumequinum,0.021,0.022,-1,Echolocation,/mnt/ubna_data_02_mir/recover-20220922/UBNA_001/20220921_090000.WAV,Telephone Field,recover-20220922,001,1795
451.3265,451.3345,26328,35007,Eptesicus serotinus,0.007,0.022,-1,Echolocation,/mnt/ubna_data_02_mir/recover-20220922/UBNA_001/20220921_090000.WAV,Telephone Field,recover-20220922,001,1795
451.3285,451.3671,68437,81758,Rhinolophus ferrumequinum,0.024,0.024,-1,Echolocation,/mnt/ubna_data_02_mir/recover-20220922/UBNA_001/20220921_090000.WAV,Telephone Field,recover-20220922,001,1795
451.3785,451.4227,68437,83338,Rhinolophus ferrumequinum,0.041,0.041,-1,Echolocation,/mnt/ubna_data_02_mir/recover-20220922/UBNA_001/20220921_090000.WAV,Telephone Field,recover-20220922,001,1795
451.3915,451.4315,68437,82049,Rhinolophus ferrumequinum,0.024,0.024,-1,Echolocation,/mnt/ubna_data_02_mir/recover-20220922/UBNA_001/20220921_090000.WAV,Telephone Field,recover-20220922,001,1795
451.4235,451.47,68437,83314,Rhinolophus ferrumequinum,0.122,0.122,-1,Echolocation,/mnt/ubna_data_02_mir/recover-20220922/UBNA_001/20220921_090000.WAV,Telephone Field,recover-20220922,001,1795
451.4425,451.4527,23750,29398,Nyctalus leisleri,0.011,0.024,-1,Echolocation,/mnt/ubna_data_02_mir/recover-20220922/UBNA_001/20220921_090000.WAV,Telephone Field,recover-20220922,001,1795
451.4805,451.5176,68437,81389,Rhinolophus ferrumequinum,0.022,0.022,-1,Echolocation,/mnt/ubna_data_02_mir/recover-20220922/UBNA_001/20220921_090000.WAV,Telephone Field,recover-20220922,001,1795
451.4885,451.5272,68437,82009,Rhinolophus ferrumequinum,0.022,0.022,-1,Echolocation,/mnt/ubna_data_02_mir/recover-20220922/UBNA_001/20220921_090000.WAV,Telephone Field,recover-20220922,001,1795
451.5135,451.5531,68437,82371,Rhinolophus ferrumequinum,0.022,0.022,-1,Echolocation,/mnt/ubna_data_02_mir/recover-20220922/UBNA_001/20220921_090000.WAV,Telephone Field,recover-20220922,001,1795
451.5185,451.5563,68437,82373,Rhinolophus ferrumequinum,0.023,0.023,-1,Echolocation,/mnt/ubna_data_02_mir/recover-20220922/UBNA_001/20220921_090000.WAV,Telephone Field,recover-20220922,001,1795
451.5565,451.5908,68437,81009,Rhinolophus ferrumequinum,0.023,0.023,-1,Echolocation,/mnt/ubna_data_02_mir/recover-20220922/UBNA_001/20220921_090000.WAV,Telephone Field,recover-20220922,001,1795
451.5645,451.6005,68437,81797,Rhinolophus ferrumequinum,0.023,0.023,-1,Echolocation,/mnt/ubna_data_02_mir/recover-20220922/UBNA_001/20220921_090000.WAV,Telephone Field,recover-20220922,001,1795
451.5765,451.5865,28906,37280,Eptesicus serotinus,0.013,0.026,-1,Echolocation,/mnt/ubna_data_02_mir/recover-20220922/UBNA_001/20220921_090000.WAV,Telephone Field,recover-20220922,001,1795
451.6065,451.6471,68437,82375,Rhinolophus ferrumequinum,0.022,0.022,-1,Echolocation,/mnt/ubna_data_02_mir/recover-20220922/UBNA_001/20220921_090000.WAV,Telephone Field,recover-20220922,001,1795
451.6485,451.686,68437,81579,Rhinolophus ferrumequinum,0.021,0.021,-1,Echolocation,/mnt/ubna_data_02_mir/recover-20220922/UBNA_001/20220921_090000.WAV,Telephone Field,recover-20220922,001,1795
451.6665,451.6747,24609,33366,Eptesicus serotinus,0.007,0.027,-1,Echolocation,/mnt/ubna_data_02_mir/recover-20220922/UBNA_001/20220921_090000.WAV,Telephone Field,recover-20220922,001,1795
451.6955,451.7042,28906,37952,Eptesicus serotinus,0.008,0.022,-1,Echolocation,/mnt/ubna_data_02_mir/recover-20220922/UBNA_001/20220921_090000.WAV,Telephone Field,recover-20220922,001,1795
451.6975,451.736,68437,81964,Rhinolophus ferrumequinum,0.021,0.021,-1,Echolocation,/mnt/ubna_data_02_mir/recover-20220922/UBNA_001/20220921_090000.WAV,Telephone Field,recover-20220922,001,1795
451.7415,451.781,68437,82372,Rhinolophus ferrumequinum,0.021,0.021,-1,Echolocation,/mnt/ubna_data_02_mir/recover-20220922/UBNA_001/20220921_090000.WAV,Telephone Field,recover-20220922,001,1795
451.7475,451.7858,68437,82339,Rhinolophus ferrumequinum,0.022,0.022,-1,Echolocation,/mnt/ubna_data_02_mir/recover-20220922/UBNA_001/20220921_090000.WAV,Telephone Field,recover-20220922,001,1795
451.7515,451.762,23750,30623,Nyctalus leisleri,0.011,0.027,-1,Echolocation,/mnt/ubna_data_02_mir/recover-20220922/UBNA_001/20220921_090000.WAV,Telephone Field,recover-20220922,001,1795
451.8045,451.8432,68437,81794,Rhinolophus ferrumequinum,0.023,0.023,-1,Echolocation,/mnt/ubna_data_02_mir/recover-20220922/UBNA_001/20220921_090000.WAV,Telephone Field,recover-20220922,001,1795
451.8105,451.8499,68437,82375,Rhinolophus ferrumequinum,0.024,0.024,-1,Echolocation,/mnt/ubna_data_02_mir/recover-20220922/UBNA_001/20220921_090000.WAV,Telephone Field,recover-20220922,001,1795
451.8195,451.8581,68437,82321,Rhinolophus ferrumequinum,0.026,0.026,-1,Echolocation,/mnt/ubna_data_02_mir/recover-20220922/UBNA_001/20220921_090000.WAV,Telephone Field,recover-20220922,001,1795
451.8445,451.8844,68437,82009,Rhinolophus ferrumequinum,0.022,0.022,-1,Echolocation,/mnt/ubna_data_02_mir/recover-20220922/UBNA_001/20220921_090000.WAV,Telephone Field,recover-20220922,001,1795
451.8815,451.9228,68437,82368,Rhinolophus ferrumequinum,0.026,0.026,-1,Echolocation,/mnt/ubna_data_02_mir/recover-20220922/UBNA_001/20220921_090000.WAV,Telephone Field,recover-20220922,001,1795
451.9025,451.9104,28046,40272,Eptesicus serotinus,0.009,0.025,-1,Echolocation,/mnt/ubna_data_02_mir/recover-20220922/UBNA_001/20220921_090000.WAV,Telephone Field,recover-20220922,001,1795
452.0015,452.0097,27187,35899,Nyctalus leisleri,0.011,0.033,-1,Echolocation,/mnt/ubna_data_02_mir/recover-20220922/UBNA_001/20220921_090000.WAV,Telephone Field,recover-20220922,001,1795
452.0015,452.01,22890,31103,Nyctalus leisleri,0.01,0.032,-1,Echolocation,/mnt/ubna_data_02_mir/recover-20220922/UBNA_001/20220921_090000.WAV,Telephone Field,recover-20220922,001,1795
452.0015,452.0358,69296,82078,Rhinolophus ferrumequinum,0.032,0.032,-1,Echolocation,/mnt/ubna_data_02_mir/recover-20220922/UBNA_001/20220921_090000.WAV,Telephone Field,recover-20220922,001,1795
452.0085,452.0532,68437,82127,Rhinolophus ferrumequinum,0.034,0.034,-1,Echolocation,/mnt/ubna_data_02_mir/recover-20220922/UBNA_001/20220921_090000.WAV,Telephone Field,recover-20220922,001,1795
452.0395,452.0469,29765,38078,Eptesicus serotinus,0.007,0.024,-1,Echolocation,/mnt/ubna_data_02_mir/recover-20220922/UBNA_001/20220921_090000.WAV,Telephone Field,recover-20220922,001,1795
452.0455,452.0598,16875,22114,Nyctalus noctula,0.028,0.046,-1,Echolocation,/mnt/ubna_data_02_mir/recover-20220922/UBNA_001/20220921_090000.WAV,Telephone Field,recover-20220922,001,1795
452.0525,452.0931,68437,82887,Rhinolophus ferrumequinum,0.033,0.033,-1,Echolocation,/mnt/ubna_data_02_mir/recover-20220922/UBNA_001/20220921_090000.WAV,Telephone Field,recover-20220922,001,1795
452.0915,452.1005,28906,37274,Eptesicus serotinus,0.01,0.023,-1,Echolocation,/mnt/ubna_data_02_mir/recover-20220922/UBNA_001/20220921_090000.WAV,Telephone Field,recover-20220922,001,1795
452.1155,452.1226,25468,36860,Plecotus austriacus,0.006,0.023,-1,Echolocation,/mnt/ubna_data_02_mir/recover-20220922/UBNA_001/20220921_090000.WAV,Telephone Field,recover-20220922,001,1795
452.1155,452.1216,34062,44431,Myotis daubentonii,0.01,0.023,-1,Echolocation,/mnt/ubna_data_02_mir/recover-20220922/UBNA_001/20220921_090000.WAV,Telephone Field,recover-20220922,001,1795
452.1395,452.1837,68437,82945,Rhinolophus ferrumequinum,0.034,0.035,-1,Echolocation,/mnt/ubna_data_02_mir/recover-20220922/UBNA_001/20220921_090000.WAV,Telephone Field,recover-20220922,001,1795
452.1785,452.1863,27187,40191,Eptesicus serotinus,0.01,0.03,-1,Echolocation,/mnt/ubna_data_02_mir/recover-20220922/UBNA_001/20220921_090000.WAV,Telephone Field,recover-20220922,001,1795
452.2045,452.2435,68437,81811,Rhinolophus ferrumequinum,0.025,0.025,-1,Echolocation,/mnt/ubna_data_02_mir/recover-20220922/UBNA_001/20220921_090000.WAV,Telephone Field,recover-20220922,001,1795
452.2625,452.2733,27187,35518,Eptesicus serotinus,0.012,0.023,-1,Echolocation,/mnt/ubna_data_02_mir/recover-20220922/UBNA_001/20220921_090000.WAV,Telephone Field,recover-20220922,001,1795
452.2625,452.3021,68437,82167,Rhinolophus ferrumequinum,0.023,0.023,-1,Echolocation,/mnt/ubna_data_02_mir/recover-20220922/UBNA_001/20220921_090000.WAV,Telephone Field,recover-20220922,001,1795
452.2825,452.3235,68437,82417,Rhinolophus ferrumequinum,0.024,0.024,-1,Echolocation,/mnt/ubna_data_02_mir/recover-20220922/UBNA_001/20220921_090000.WAV,Telephone Field,recover-20220922,001,1795
452.2935,452.3015,28906,42335,Eptesicus serotinus,0.008,0.023,-1,Echolocation,/mnt/ubna_data_02_mir/recover-20220922/UBNA_001/20220921_090000.WAV,Telephone Field,recover-20220922,001,1795
452.2945,452.3355,68437,82613,Rhinolophus ferrumequinum,0.023,0.023,-1,Echolocation,/mnt/ubna_data_02_mir/recover-20220922/UBNA_001/20220921_090000.WAV,Telephone Field,recover-20220922,001,1795
452.3205,452.362,68437,83098,Rhinolophus ferrumequinum,0.033,0.033,-1,Echolocation,/mnt/ubna_data_02_mir/recover-20220922/UBNA_001/20220921_090000.WAV,Telephone Field,recover-20220922,001,1795
452.3495,452.3617,15156,20637,Nyctalus noctula,0.045,0.064,-1,Echolocation,/mnt/ubna_data_02_mir/recover-20220922/UBNA_001/20220921_090000.WAV,Telephone Field,recover-20220922,001,1795
452.3785,452.3973,18593,22424,Nyctalus noctula,0.011,0.023,-1,Echolocation,/mnt/ubna_data_02_mir/recover-20220922/UBNA_001/20220921_090000.WAV,Telephone Field,recover-20220922,001,1795
452.3995,452.4388,68437,82770,Rhinolophus ferrumequinum,0.027,0.027,-1,Echolocation,/mnt/ubna_data_02_mir/recover-20220922/UBNA_001/20220921_090000.WAV,Telephone Field,recover-20220922,001,1795
452.4075,452.4451,68437,81873,Rhinolophus ferrumequinum,0.023,0.023,-1,Echolocation,/mnt/ubna_data_02_mir/recover-20220922/UBNA_001/20220921_090000.WAV,Telephone Field,recover-20220922,001,1795
452.4225,452.4629,68437,82010,Rhinolophus ferrumequinum,0.022,0.022,-1,Echolocation,/mnt/ubna_data_02_mir/recover-20220922/UBNA_001/20220921_090000.WAV,Telephone Field,recover-20220922,001,1795
452.4325,452.4439,28906,34797,Eptesicus serotinus,0.01,0.022,-1,Echolocation,/mnt/ubna_data_02_mir/recover-20220922/UBNA_001/20220921_090000.WAV,Telephone Field,recover-20220922,001,1795
452.4475,452.4548,28046,43336,Eptesicus serotinus,0.007,0.025,-1,Echolocation,/mnt/ubna_data_02_mir/recover-20220922/UBNA_001/20220921_090000.WAV,Telephone Field,recover-20220922,001,1795
452.4695,452.5074,68437,81504,Rhinolophus ferrumequinum,0.023,0.023,-1,Echolocation,/mnt/ubna_data_02_mir/recover-20220922/UBNA_001/20220921_090000.WAV,Telephone Field,recover-20220922,001,1795
452.5115,452.5512,68437,82389,Rhinolophus ferrumequinum,0.024,0.024,-1,Echolocation,/mnt/ubna_data_02_mir/recover-20220922/UBNA_001/20220921_090000.WAV,Telephone Field,recover-20220922,001,1795
452.5715,452.6088,68437,81488,Rhinolophus ferrumequinum,0.022,0.023,-1,Echolocation,/mnt/ubna_data_02_mir/recover-20220922/UBNA_001/20220921_090000.WAV,Telephone Field,recover-20220922,001,1795
452.5895,452.6304,68437,82356,Rhinolophus ferrumequinum,0.028,0.028,-1,Echolocation,/mnt/ubna_data_02_mir/recover-20220922/UBNA_001/20220921_090000.WAV,Telephone Field,recover-20220922,001,1795
452.6365,452.6784,68437,82805,Rhinolophus ferrumequinum,0.026,0.026,-1,Echolocation,/mnt/ubna_data_02_mir/recover-20220922/UBNA_001/20220921_090000.WAV,Telephone Field,recover-20220922,001,1795
452.6555,452.697,68437,82751,Rhinolophus ferrumequinum,0.026,0.026,-1,Echolocation,/mnt/ubna_data_02_mir/recover-20220922/UBNA_001/20220921_090000.WAV,Telephone Field,recover-20220922,001,1795
452.6715,452.6835,23750,29589,Nyctalus leisleri,0.011,0.024,-1,Echolocation,/mnt/ubna_data_02_mir/recover-20220922/UBNA_001/20220921_090000.WAV,Telephone Field,recover-20220922,001,1795
452.6775,452.7126,68437,81116,Rhinolophus ferrumequinum,0.023,0.023,-1,Echolocation,/mnt/ubna_data_02_mir/recover-20220922/UBNA_001/20220921_090000.WAV,Telephone Field,recover-20220922,001,1795
452.6835,452.7211,68437,82110,Rhinolophus ferrumequinum,0.024,0.024,-1,Echolocation,/mnt/ubna_data_02_mir/recover-20220922/UBNA_001/20220921_090000.WAV,Telephone Field,recover-20220922,001,1795
452.7005,452.7422,68437,82510,Rhinolophus ferrumequinum,0.041,0.041,-1,Echolocation,/mnt/ubna_data_02_mir/recover-20220922/UBNA_001/20220921_090000.WAV,Telephone Field,recover-20220922,001,1795
452.7415,452.7868,68437,83814,Rhinolophus ferrumequinum,0.065,0.065,-1,Echolocation,/mnt/ubna_data_02_mir/recover-20220922/UBNA_001/20220921_090000.WAV,Telephone Field,recover-20220922,001,1795
452.7735,452.7839,28906,37050,Eptesicus serotinus,0.026,0.043,-1,Echolocation,/mnt/ubna_data_02_mir/recover-20220922/UBNA_001/20220921_090000.WAV,Telephone Field,recover-20220922,001,1795
452.7755,452.8156,68437,82267,Rhinolophus ferrumequinum,0.023,0.023,-1,Echolocation,/mnt/ubna_data_02_mir/recover-20220922/UBNA_001/20220921_090000.WAV,Telephone Field,recover-20220922,001,1795
452.7815,452.8212,68437,82330,Rhinolophus ferrumequinum,0.023,0.023,-1,Echolocation,/mnt/ubna_data_02_mir/recover-20220922/UBNA_001/20220921_090000.WAV,Telephone Field,recover-20220922,001,1795
452.7955,452.8059,26328,34314,Eptesicus serotinus,0.012,0.024,-1,Echolocation,/mnt/ubna_data_02_mir/recover-20220922/UBNA_001/20220921_090000.WAV,Telephone Field,recover-20220922,001,1795
452.8035,452.8434,68437,82901,Rhinolophus ferrumequinum,0.022,0.022,-1,Echolocation,/mnt/ubna_data_02_mir/recover-20220922/UBNA_001/20220921_090000.WAV,Telephone Field,recover-20220922,001,1795
452.8235,452.8631,68437,82342,Rhinolophus ferrumequinum,0.026,0.026,-1,Echolocation,/mnt/ubna_data_02_mir/recover-20220922/UBNA_001/20220921_090000.WAV,Telephone Field,recover-20220922,001,1795
452.8325,452.8753,68437,82995,Rhinolophus ferrumequinum,0.027,0.027,-1,Echolocation,/mnt/ubna_data_02_mir/recover-20220922/UBNA_001/20220921_090000.WAV,Telephone Field,recover-20220922,001,1795
452.8365,452.8457,24609,31970,Nyctalus leisleri,0.006,0.022,-1,Echolocation,/mnt/ubna_data_02_mir/recover-20220922/UBNA_001/20220921_090000.WAV,Telephone Field,recover-20220922,001,1795
452.8965,452.9375,68437,82474,Rhinolophus ferrumequinum,0.042,0.042,-1,Echolocation,/mnt/ubna_data_02_mir/recover-20220922/UBNA_001/20220921_090000.WAV,Telephone Field,recover-20220922,001,1795
452.9085,452.9202,26328,31618,Eptesicus serotinus,0.012,0.027,-1,Echolocation,/mnt/ubna_data_02_mir/recover-20220922/UBNA_001/20220921_090000.WAV,Telephone Field,recover-20220922,001,1795
452.9215,452.9628,68437,82960,Rhinolophus ferrumequinum,0.023,0.023,-1,Echolocation,/mnt/ubna_data_02_mir/recover-20220922/UBNA_001/20220921_090000.WAV,Telephone Field,recover-20220922,001,1795
452.9615,452.9709,23750,30738,Nyctalus leisleri,0.008,0.023,-1,Echolocation,/mnt/ubna_data_02_mir/recover-20220922/UBNA_001/20220921_090000.WAV,Telephone Field,recover-20220922,001,1795
452.9685,452.9792,22890,27371,Nyctalus leisleri,0.013,0.024,-1,Echolocation,/mnt/ubna_data_02_mir/recover-20220922/UBNA_001/20220921_090000.WAV,Telephone Field,recover-20220922,001,1795
453.0295,453.0724,68437,82947,Rhinolophus ferrumequinum,0.036,0.036,-1,Echolocation,/mnt/ubna_data_02_mir/recover-20220922/UBNA_001/20220921_090000.WAV,Telephone Field,recover-20220922,001,1795
453.0315,453.04,26328,34738,Eptesicus serotinus,0.009,0.023,-1,Echolocation,/mnt/ubna_data_02_mir/recover-20220922/UBNA_001/20220921_090000.WAV,Telephone Field,recover-20220922,001,1795
453.0485,453.0883,68437,82248,Rhinolophus ferrumequinum,0.024,0.024,-1,Echolocation,/mnt/ubna_data_02_mir/recover-20220922/UBNA_001/20220921_090000.WAV,Telephone Field,recover-20220922,001,1795
453.0665,453.0746,28906,40884,Eptesicus serotinus,0.009,0.025,-1,Echolocation,/mnt/ubna_data_02_mir/recover-20220922/UBNA_001/20220921_090000.WAV,Telephone Field,recover-20220922,001,1795
453.0705,453.111,68437,82471,Rhinolophus ferrumequinum,0.029,0.029,-1,Echolocation,/mnt/ubna_data_02_mir/recover-20220922/UBNA_001/20220921_090000.WAV,Telephone Field,recover-20220922,001,1795
453.0785,453.1172,68437,82046,Rhinolophus ferrumequinum,0.022,0.022,-1,Echolocation,/mnt/ubna_data_02_mir/recover-20220922/UBNA_001/20220921_090000.WAV,Telephone Field,recover-20220922,001,1795
453.1195,453.1625,68437,83068,Rhinolophus ferrumequinum,0.027,0.027,-1,Echolocation,/mnt/ubna_data_02_mir/recover-20220922/UBNA_001/20220921_090000.WAV,Telephone Field,recover-20220922,001,1795
453.1215,453.1338,22031,26487,Nyctalus leisleri,0.013,0.023,-1,Echolocation,/mnt/ubna_data_02_mir/recover-20220922/UBNA_001/20220921_090000.WAV,Telephone Field,recover-20220922,001,1795
453.1405,453.1806,68437,82788,Rhinolophus ferrumequinum,0.022,0.022,-1,Echolocation,/mnt/ubna_data_02_mir/recover-20220922/UBNA_001/20220921_090000.WAV,Telephone Field,recover-20220922,001,1795
453.1645,453.1746,28906,36853,Eptesicus serotinus,0.012,0.025,-1,Echolocation,/mnt/ubna_data_02_mir/recover-20220922/UBNA_001/20220921_090000.WAV,Telephone Field,recover-20220922,001,1795
453.1755,453.2118,68437,81769,Rhinolophus ferrumequinum,0.022,0.023,-1,Echolocation,/mnt/ubna_data_02_mir/recover-20220922/UBNA_001/20220921_090000.WAV,Telephone Field,recover-20220922,001,1795
453.2165,453.2592,68437,82662,Rhinolophus ferrumequinum,0.046,0.046,-1,Echolocation,/mnt/ubna_data_02_mir/recover-20220922/UBNA_001/20220921_090000.WAV,Telephone Field,recover-20220922,001,1795
453.2565,453.2946,68437,81935,Rhinolophus ferrumequinum,0.023,0.023,-1,Echolocation,/mnt/ubna_data_02_mir/recover-20220922/UBNA_001/20220921_090000.WAV,Telephone Field,recover-20220922,001,1795
453.2715,453.3123,68437,82088,Rhinolophus ferrumequinum,0.042,0.042,-1,Echolocation,/mnt/ubna_data_02_mir/recover-20220922/UBNA_001/20220921_090000.WAV,Telephone Field,recover-20220922,001,1795
453.3045,453.3243,20312,23367,Nyctalus leisleri,0.017,0.03,-1,Echolocation,/mnt/ubna_data_02_mir/recover-20220922/UBNA_001/20220921_090000.WAV,Telephone Field,recover-20220922,001,1795
453.3125,453.3491,68437,81397,Rhinolophus ferrumequinum,0.023,0.023,-1,Echolocation,/mnt/ubna_data_02_mir/recover-20220922/UBNA_001/20220921_090000.WAV,Telephone Field,recover-20220922,001,1795
453.3325,453.3749,68437,82947,Rhinolophus ferrumequinum,0.037,0.038,-1,Echolocation,/mnt/ubna_data_02_mir/recover-20220922/UBNA_001/20220921_090000.WAV,Telephone Field,recover-20220922,001,1795
453.3375,453.3469,28906,37073,Eptesicus serotinus,0.021,0.038,-1,Echolocation,/mnt/ubna_data_02_mir/recover-20220922/UBNA_001/20220921_090000.WAV,Telephone Field,recover-20220922,001,1795
453.3755,453.416,68437,82853,Rhinolophus ferrumequinum,0.027,0.027,-1,Echolocation,/mnt/ubna_data_02_mir/recover-20220922/UBNA_001/20220921_090000.WAV,Telephone Field,recover-20220922,001,1795
453.3855,453.3923,27187,41402,Eptesicus serotinus,0.007,0.024,-1,Echolocation,/mnt/ubna_data_02_mir/recover-20220922/UBNA_001/20220921_090000.WAV,Telephone Field,recover-20220922,001,1795
453.3855,453.3931,35781,43181,Myotis daubentonii,0.007,0.022,-1,Echolocation,/mnt/ubna_data_02_mir/recover-20220922/UBNA_001/20220921_090000.WAV,Telephone Field,recover-20220922,001,1795
453.4355,453.4768,68437,82784,Rhinolophus ferrumequinum,0.035,0.035,-1,Echolocation,/mnt/ubna_data_02_mir/recover-20220922/UBNA_001/20220921_090000.WAV,Telephone Field,recover-20220922,001,1795
453.4825,453.5222,68437,82765,Rhinolophus ferrumequinum,0.022,0.022,-1,Echolocation,/mnt/ubna_data_02_mir/recover-20220922/UBNA_001/20220921_090000.WAV,Telephone Field,recover-20220922,001,1795
453.4835,453.4912,28906,38291,Eptesicus serotinus,0.008,0.023,-1,Echolocation,/mnt/ubna_data_02_mir/recover-20220922/UBNA_001/20220921_090000.WAV,Telephone Field,recover-20220922,001,1795
453.5075,453.5542,68437,83409,Rhinolophus ferrumequinum,0.048,0.048,-1,Echolocation,/mnt/ubna_data_02_mir/recover-20220922/UBNA_001/20220921_090000.WAV,Telephone Field,recover-20220922,001,1795
453.5155,453.523,28906,41033,Eptesicus serotinus,0.007,0.023,-1,Echolocation,/mnt/ubna_data_02_mir/recover-20220922/UBNA_001/20220921_090000.WAV,Telephone Field,recover-20220922,001,1795
453.5835,453.5952,22890,27155,Nyctalus leisleri,0.015,0.026,-1,Echolocation,/mnt/ubna_data_02_mir/recover-20220922/UBNA_001/20220921_090000.WAV,Telephone Field,recover-20220922,001,1795
453.5925,453.6042,22031,25895,Nyctalus leisleri,0.015,0.025,-1,Echolocation,/mnt/ubna_data_02_mir/recover-20220922/UBNA_001/20220921_090000.WAV,Telephone Field,recover-20220922,001,1795
453.6035,453.639,68437,82337,Rhinolophus ferrumequinum,0.024,0.024,-1,Echolocation,/mnt/ubna_data_02_mir/recover-20220922/UBNA_001/20220921_090000.WAV,Telephone Field,recover-20220922,001,1795
453.6135,453.6244,29765,37045,Eptesicus serotinus,0.012,0.025,-1,Echolocation,/mnt/ubna_data_02_mir/recover-20220922/UBNA_001/20220921_090000.WAV,Telephone Field,recover-20220922,001,1795
453.6165,453.6584,68437,82506,Rhinolophus ferrumequinum,0.033,0.033,-1,Echolocation,/mnt/ubna_data_02_mir/recover-20220922/UBNA_001/20220921_090000.WAV,Telephone Field,recover-20220922,001,1795
453.6425,453.653,28906,37097,Eptesicus serotinus,0.015,0.03,-1,Echolocation,/mnt/ubna_data_02_mir/recover-20220922/UBNA_001/20220921_090000.WAV,Telephone Field,recover-20220922,001,1795
453.6665,453.6777,23750,29651,Nyctalus leisleri,0.012,0.027,-1,Echolocation,/mnt/ubna_data_02_mir/recover-20220922/UBNA_001/20220921_090000.WAV,Telephone Field,recover-20220922,001,1795
453.6805,453.7245,68437,82994,Rhinolophus ferrumequinum,0.04,0.04,-1,Echolocation,/mnt/ubna_data_02_mir/recover-20220922/UBNA_001/20220921_090000.WAV,Telephone Field,recover-20220922,001,1795
453.6855,453.6936,46953,50991,Pipistrellus pipistrellus,0.025,0.026,-1,Echolocation,/mnt/ubna_data_02_mir/recover-20220922/UBNA_001/20220921_090000.WAV,Telephone Field,recover-20220922,001,1795
453.7575,453.7955,68437,81655,Rhinolophus ferrumequinum,0.027,0.027,-1,Echolocation,/mnt/ubna_data_02_mir/recover-20220922/UBNA_001/20220921_090000.WAV,Telephone Field,recover-20220922,001,1795
453.7825,453.8211,68437,81602,Rhinolophus ferrumequinum,0.024,0.024,-1,Echolocation,/mnt/ubna_data_02_mir/recover-20220922/UBNA_001/20220921_090000.WAV,Telephone Field,recover-20220922,001,1795
453.8165,453.8578,68437,82610,Rhinolophus ferrumequinum,0.025,0.025,-1,Echolocation,/mnt/ubna_data_02_mir/recover-20220922/UBNA_001/20220921_090000.WAV,Telephone Field,recover-20220922,001,1795
453.8425,453.8831,68437,82143,Rhinolophus ferrumequinum,0.024,0.024,-1,Echolocation,/mnt/ubna_data_02_mir/recover-20220922/UBNA_001/20220921_090000.WAV,Telephone Field,recover-20220922,001,1795
453.8925,453.931,68437,81294,Rhinolophus ferrumequinum,0.028,0.028,-1,Echolocation,/mnt/ubna_data_02_mir/recover-20220922/UBNA_001/20220921_090000.WAV,Telephone Field,recover-20220922,001,1795
453.8985,453.9348,68437,81458,Rhinolophus ferrumequinum,0.032,0.032,-1,Echolocation,/mnt/ubna_data_02_mir/recover-20220922/UBNA_001/20220921_090000.WAV,Telephone Field,recover-20220922,001,1795
453.9065,453.9446,68437,81967,Rhinolophus ferrumequinum,0.029,0.029,-1,Echolocation,/mnt/ubna_data_02_mir/recover-20220922/UBNA_001/20220921_090000.WAV,Telephone Field,recover-20220922,001,1795
453.9285,453.9457,20312,24101,Nyctalus noctula,0.011,0.025,-1,Echolocation,/mnt/ubna_data_02_mir/recover-20220922/UBNA_001/20220921_090000.WAV,Telephone Field,recover-20220922,001,1795
453.9725,453.9822,23750,29686,Nyctalus leisleri,0.014,0.033,-1,Echolocation,/mnt/ubna_data_02_mir/recover-20220922/UBNA_001/20220921_090000.WAV,Telephone Field,recover-20220922,001,1795
454.0015,454.0129,20312,25530,Nyctalus leisleri,0.012,0.027,-1,Echolocation,/mnt/ubna_data_02_mir/recover-20220922/UBNA_001/20220921_090000.WAV,Telephone Field,recover-20220922,001,1795
454.0015,454.0336,68437,79906,Rhinolophus ferrumequinum,0.043,0.043,-1,Echolocation,/mnt/ubna_data_02_mir/recover-20220922/UBNA_001/20220921_090000.WAV,Telephone Field,recover-20220922,001,1795
454.0095,454.0507,68437,82223,Rhinolophus ferrumequinum,0.031,0.031,-1,Echolocation,/mnt/ubna_data_02_mir/recover-20220922/UBNA_001/20220921_090000.WAV,Telephone Field,recover-20220922,001,1795
454.0225,454.034,28046,33628,Eptesicus serotinus,0.01,0.022,-1,Echolocation,/mnt/ubna_data_02_mir/recover-20220922/UBNA_001/20220921_090000.WAV,Telephone Field,recover-20220922,001,1795
454.0515,454.0621,28906,36063,Eptesicus serotinus,0.01,0.024,-1,Echolocation,/mnt/ubna_data_02_mir/recover-20220922/UBNA_001/20220921_090000.WAV,Telephone Field,recover-20220922,001,1795
454.0565,454.0969,68437,81651,Rhinolophus ferrumequinum,0.023,0.024,-1,Echolocation,/mnt/ubna_data_02_mir/recover-20220922/UBNA_001/20220921_090000.WAV,Telephone Field,recover-20220922,001,1795
454.1075,454.1485,68437,82396,Rhinolophus ferrumequinum,0.032,0.032,-1,Echolocation,/mnt/ubna_data_02_mir/recover-20220922/UBNA_001/20220921_090000.WAV,Telephone Field,recover-20220922,001,1795
454.1175,454.1264,27187,37631,Eptesicus serotinus,0.008,0.022,-1,Echolocation,/mnt/ubna_data_02_mir/recover-20220922/UBNA_001/20220921_090000.WAV,Telephone Field,recover-20220922,001,1795
454.1325,454.1749,68437,82929,Rhinolophus ferrumequinum,0.024,0.025,-1,Echolocation,/mnt/ubna_data_02_mir/recover-20220922/UBNA_001/20220921_090000.WAV,Telephone Field,recover-20220922,001,1795
454.1525,454.1919,68437,82180,Rhinolophus ferrumequinum,0.022,0.022,-1,Echolocation,/mnt/ubna_data_02_mir/recover-20220922/UBNA_001/20220921_090000.WAV,Telephone Field,recover-20220922,001,1795
454.1535,454.1645,22890,27157,Nyctalus leisleri,0.012,0.022,-1,Echolocation,/mnt/ubna_data_02_mir/recover-20220922/UBNA_001/20220921_090000.WAV,Telephone Field,recover-20220922,001,1795
454.1615,454.1723,22031,26444,Nyctalus leisleri,0.013,0.025,-1,Echolocation,/mnt/ubna_data_02_mir/recover-20220922/UBNA_001/20220921_090000.WAV,Telephone Field,recover-20220922,001,1795
454.1865,454.2264,68437,82510,Rhinolophus ferrumequinum,0.026,0.026,-1,Echolocation,/mnt/ubna_data_02_mir/recover-20220922/UBNA_001/20220921_090000.WAV,Telephone Field,recover-20220922,001,1795
454.1895,454.2028,22890,26272,Nyctalus leisleri,0.022,0.034,-1,Echolocation,/mnt/ubna_data_02_mir/recover-20220922/UBNA_001/20220921_090000.WAV,Telephone Field,recover-20220922,001,1795
454.1955,454.2042,42656,48435,Pipistrellus pipistrellus,0.022,0.026,-1,Echolocation,/mnt/ubna_data_02_mir/recover-20220922/UBNA_001/20220921_090000.WAV,Telephone Field,recover-20220922,001,1795
454.1965,454.2386,68437,82651,Rhinolophus ferrumequinum,0.023,0.023,-1,Echolocation,/mnt/ubna_data_02_mir/recover-20220922/UBNA_001/20220921_090000.WAV,Telephone Field,recover-20220922,001,1795
454.2075,454.2476,68437,82729,Rhinolophus ferrumequinum,0.021,0.021,-1,Echolocation,/mnt/ubna_data_02_mir/recover-20220922/UBNA_001/20220921_090000.WAV,Telephone Field,recover-20220922,001,1795
454.2165,454.227,22031,28112,Nyctalus leisleri,0.011,0.027,-1,Echolocation,/mnt/ubna_data_02_mir/recover-20220922/UBNA_001/20220921_090000.WAV,Telephone Field,recover-20220922,001,1795
454.2415,454.2813,68437,82628,Rhinolophus ferrumequinum,0.027,0.028,-1,Echolocation,/mnt/ubna_data_02_mir/recover-20220922/UBNA_001/20220921_090000.WAV,Telephone Field,recover-20220922,001,1795
454.3025,454.3131,22031,27473,Nyctalus leisleri,0.01,0.025,-1,Echolocation,/mnt/ubna_data_02_mir/recover-20220922/UBNA_001/20220921_090000.WAV,Telephone Field,recover-20220922,001,1795
454.3185,454.3592,68437,83127,Rhinolophus ferrumequinum,0.027,0.027,-1,Echolocation,/mnt/ubna_data_02_mir/recover-20220922/UBNA_001/20220921_090000.WAV,Telephone Field,recover-20220922,001,1795
454.3205,454.3333,34062,39073,Pipistrellus nathusii,0.012,0.03,-1,Echolocation,/mnt/ubna_data_02_mir/recover-20220922/UBNA_001/20220921_090000.WAV,Telephone Field,recover-20220922,001,1795
454.3285,454.3684,68437,83010,Rhinolophus ferrumequinum,0.022,0.022,-1,Echolocation,/mnt/ubna_data_02_mir/recover-20220922/UBNA_001/20220921_090000.WAV,Telephone Field,recover-20220922,001,1795
454.3395,454.3792,68437,82784,Rhinolophus ferrumequinum,0.024,0.024,-1,Echolocation,/mnt/ubna_data_02_mir/recover-20220922/UBNA_001/20220921_090000.WAV,Telephone Field,recover-20220922,001,1795
454.3775,454.3876,25468,31839,Eptesicus serotinus,0.008,0.022,-1,Echolocation,/mnt/ubna_data_02_mir/recover-20220922/UBNA_001/20220921_090000.WAV,Telephone Field,recover-20220922,001,1795
454.3835,454.4195,68437,81676,Rhinolophus ferrumequinum,0.022,0.022,-1,Echolocation,/mnt/ubna_data_02_mir/recover-20220922/UBNA_001/20220921_090000.WAV,Telephone Field,recover-20220922,001,1795
454.4135,454.4246,22890,27872,Nyctalus leisleri,0.012,0.025,-1,Echolocation,/mnt/ubna_data_02_mir/recover-20220922/UBNA_001/20220921_090000.WAV,Telephone Field,recover-20220922,001,1795
454.4345,454.47090000000003,68437,81698,Rhinolophus ferrumequinum,0.022,0.022,-1,Echolocation,/mnt/ubna_data_02_mir/recover-20220922/UBNA_001/20220921_090000.WAV,Telephone Field,recover-20220922,001,1795
454.4705,454.4801,26328,35936,Eptesicus serotinus,0.008,0.021,-1,Echolocation,/mnt/ubna_data_02_mir/recover-20220922/UBNA_001/20220921_090000.WAV,Telephone Field,recover-20220922,001,1795
454.4715,454.5132,68437,82514,Rhinolophus ferrumequinum,0.027,0.027,-1,Echolocation,/mnt/ubna_data_02_mir/recover-20220922/UBNA_001/20220921_090000.WAV,Telephone Field,recover-20220922,001,1795
454.4815,454.4918,23750,30332,Nyctalus leisleri,0.009,0.022,-1,Echolocation,/mnt/ubna_data_02_mir/recover-20220922/UBNA_001/20220921_090000.WAV,Telephone Field,recover-20220922,001,1795
454.5285,454.5655,68437,81744,Rhinolophus ferrumequinum,0.022,0.022,-1,Echolocation,/mnt/ubna_data_02_mir/recover-20220922/UBNA_001/20220921_090000.WAV,Telephone Field,recover-20220922,001,1795
454.5665,454.5791,23750,28794,Nyctalus leisleri,0.032,0.069,-1,Echolocation,/mnt/ubna_data_02_mir/recover-20220922/UBNA_001/20220921_090000.WAV,Telephone Field,recover-20220922,001,1795
454.5725,454.6132,68437,82686,Rhinolophus ferrumequinum,0.026,0.026,-1,Echolocation,/mnt/ubna_data_02_mir/recover-20220922/UBNA_001/20220921_090000.WAV,Telephone Field,recover-20220922,001,1795
454.5965,454.6371,68437,82687,Rhinolophus ferrumequinum,0.026,0.026,-1,Echolocation,/mnt/ubna_data_02_mir/recover-20220922/UBNA_001/20220921_090000.WAV,Telephone Field,recover-20220922,001,1795
454.6195,454.6558,68437,81110,Rhinolophus ferrumequinum,0.022,0.023,-1,Echolocation,/mnt/ubna_data_02_mir/recover-20220922/UBNA_001/20220921_090000.WAV,Telephone Field,recover-20220922,001,1795
454.6205,454.6312,23750,29091,Nyctalus leisleri,0.01,0.021,-1,Echolocation,/mnt/ubna_data_02_mir/recover-20220922/UBNA_001/20220921_090000.WAV,Telephone Field,recover-20220922,001,1795
454.6385,454.6487,27187,34026,Eptesicus serotinus,0.026,0.05,-1,Echolocation,/mnt/ubna_data_02_mir/recover-20220922/UBNA_001/20220921_090000.WAV,Telephone Field,recover-20220922,001,1795
454.6395,454.6776,68437,82416,Rhinolophus ferrumequinum,0.026,0.026,-1,Echolocation,/mnt/ubna_data_02_mir/recover-20220922/UBNA_001/20220921_090000.WAV,Telephone Field,recover-20220922,001,1795
454.6765,454.7179,68437,82293,Rhinolophus ferrumequinum,0.024,0.024,-1,Echolocation,/mnt/ubna_data_02_mir/recover-20220922/UBNA_001/20220921_090000.WAV,Telephone Field,recover-20220922,001,1795
454.7155,454.7592,68437,83112,Rhinolophus ferrumequinum,0.033,0.033,-1,Echolocation,/mnt/ubna_data_02_mir/recover-20220922/UBNA_001/20220921_090000.WAV,Telephone Field,recover-20220922,001,1795
454.7245,454.7358,23750,30688,Nyctalus leisleri,0.009,0.024,-1,Echolocation,/mnt/ubna_data_02_mir/recover-20220922/UBNA_001/20220921_090000.WAV,Telephone Field,recover-20220922,001,1795
454.7315,454.7386,27187,36735,Eptesicus serotinus,0.006,0.023,-1,Echolocation,/mnt/ubna_data_02_mir/recover-20220922/UBNA_001/20220921_090000.WAV,Telephone Field,recover-20220922,001,1795
454.7445,454.7848,68437,82224,Rhinolophus ferrumequinum,0.028,0.028,-1,Echolocation,/mnt/ubna_data_02_mir/recover-20220922/UBNA_001/20220921_090000.WAV,Telephone Field,recover-20220922,001,1795
454.7595,454.8041,68437,83081,Rhinolophus ferrumequinum,0.03,0.03,-1,Echolocation,/mnt/ubna_data_02_mir/recover-20220922/UBNA_001/20220921_090000.WAV,Telephone Field,recover-20220922,001,1795
454.7655,454.8076,68437,82877,Rhinolophus ferrumequinum,0.03,0.03,-1,Echolocation,/mnt/ubna_data_02_mir/recover-20220922/UBNA_001/20220921_090000.WAV,Telephone Field,recover-20220922,001,1795
454.7945,454.834,68437,82704,Rhinolophus ferrumequinum,0.027,0.027,-1,Echolocation,/mnt/ubna_data_02_mir/recover-20220922/UBNA_001/20220921_090000.WAV,Telephone Field,recover-20220922,001,1795
454.8265,454.8343,27187,38543,Eptesicus serotinus,0.007,0.022,-1,Echolocation,/mnt/ubna_data_02_mir/recover-20220922/UBNA_001/20220921_090000.WAV,Telephone Field,recover-20220922,001,1795
454.8285,454.8714,68437,82882,Rhinolophus ferrumequinum,0.034,0.034,-1,Echolocation,/mnt/ubna_data_02_mir/recover-20220922/UBNA_001/20220921_090000.WAV,Telephone Field,recover-20220922,001,1795
454.8645,454.9009,68437,81494,Rhinolophus ferrumequinum,0.022,0.023,-1,Echolocation,/mnt/ubna_data_02_mir/recover-20220922/UBNA_001/20220921_090000.WAV,Telephone Field,recover-20220922,001,1795
454.8715,454.913,68437,82316,Rhinolophus ferrumequinum,0.022,0.022,-1,Echolocation,/mnt/ubna_data_02_mir/recover-20220922/UBNA_001/20220921_090000.WAV,Telephone Field,recover-20220922,001,1795
454.8925,454.9289,68437,81385,Rhinolophus ferrumequinum,0.024,0.024,-1,Echolocation,/mnt/ubna_data_02_mir/recover-20220922/UBNA_001/20220921_090000.WAV,Telephone Field,recover-20220922,001,1795
454.9075,454.9493,68437,82221,Rhinolophus ferrumequinum,0.023,0.023,-1,Echolocation,/mnt/ubna_data_02_mir/recover-20220922/UBNA_001/20220921_090000.WAV,Telephone Field,recover-20220922,001,1795
454.9085,454.9183,28046,36275,Eptesicus serotinus,0.012,0.025,-1,Echolocation,/mnt/ubna_data_02_mir/recover-20220922/UBNA_001/20220921_090000.WAV,Telephone Field,recover-20220922,001,1795
454.9495,454.9882,68437,82228,Rhinolophus ferrumequinum,0.021,0.021,-1,Echolocation,/mnt/ubna_data_02_mir/recover-20220922/UBNA_001/20220921_090000.WAV,Telephone Field,recover-20220922,001,1795
454.9715,455.0099,68437,81940,Rhinolophus ferrumequinum,0.021,0.021,-1,Echolocation,/mnt/ubna_data_02_mir/recover-20220922/UBNA_001/20220921_090000.WAV,Telephone Field,recover-20220922,001,1795
454.9945,455.0037,28046,36644,Eptesicus serotinus,0.007,0.022,-1,Echolocation,/mnt/ubna_data_02_mir/recover-20220922/UBNA_001/20220921_090000.WAV,Telephone Field,recover-20220922,001,1795
455.0055,455.0399,68437,80806,Rhinolophus ferrumequinum,0.023,0.024,-1,Echolocation,/mnt/ubna_data_02_mir/recover-20220922/UBNA_001/20220921_090000.WAV,Telephone Field,recover-20220922,001,1795
455.0185,455.0619,68437,82683,Rhinolophus ferrumequinum,0.028,0.028,-1,Echolocation,/mnt/ubna_data_02_mir/recover-20220922/UBNA_001/20220921_090000.WAV,Telephone Field,recover-20220922,001,1795
455.0215,455.031,43515,46903,Pipistrellus pipistrellus,0.018,0.021,-1,Echolocation,/mnt/ubna_data_02_mir/recover-20220922/UBNA_001/20220921_090000.WAV,Telephone Field,recover-20220922,001,1795
455.0385,455.0493,27187,35278,Eptesicus serotinus,0.014,0.028,-1,Echolocation,/mnt/ubna_data_02_mir/recover-20220922/UBNA_001/20220921_090000.WAV,Telephone Field,recover-20220922,001,1795
455.0475,455.0576,23750,30360,Nyctalus leisleri,0.01,0.026,-1,Echolocation,/mnt/ubna_data_02_mir/recover-20220922/UBNA_001/20220921_090000.WAV,Telephone Field,recover-20220922,001,1795
455.0585,455.0665,52968,58263,Pipistrellus pipistrellus,0.016,0.022,-1,Echolocation,/mnt/ubna_data_02_mir/recover-20220922/UBNA_001/20220921_090000.WAV,Telephone Field,recover-20220922,001,1795
455.0605,455.1013,68437,83259,Rhinolophus ferrumequinum,0.029,0.029,-1,Echolocation,/mnt/ubna_data_02_mir/recover-20220922/UBNA_001/20220921_090000.WAV,Telephone Field,recover-20220922,001,1795
455.0805,455.1223,68437,83040,Rhinolophus ferrumequinum,0.024,0.025,-1,Echolocation,/mnt/ubna_data_02_mir/recover-20220922/UBNA_001/20220921_090000.WAV,Telephone Field,recover-20220922,001,1795
455.0995,455.1375,68437,81872,Rhinolophus ferrumequinum,0.022,0.022,-1,Echolocation,/mnt/ubna_data_02_mir/recover-20220922/UBNA_001/20220921_090000.WAV,Telephone Field,recover-20220922,001,1795
455.1275,455.1669,68437,82002,Rhinolophus ferrumequinum,0.022,0.022,-1,Echolocation,/mnt/ubna_data_02_mir/recover-20220922/UBNA_001/20220921_090000.WAV,Telephone Field,recover-20220922,001,1795
455.1395,455.1476,28906,38995,Eptesicus serotinus,0.007,0.021,-1,Echolocation,/mnt/ubna_data_02_mir/recover-20220922/UBNA_001/20220921_090000.WAV,Telephone Field,recover-20220922,001,1795
455.1665,455.1763,23750,30227,Nyctalus leisleri,0.01,0.025,-1,Echolocation,/mnt/ubna_data_02_mir/recover-20220922/UBNA_001/20220921_090000.WAV,Telephone Field,recover-20220922,001,1795
455.1685,455.2045,68437,81483,Rhinolophus ferrumequinum,0.021,0.021,-1,Echolocation,/mnt/ubna_data_02_mir/recover-20220922/UBNA_001/20220921_090000.WAV,Telephone Field,recover-20220922,001,1795
455.1905,455.1987,27187,42668,Eptesicus serotinus,0.009,0.024,-1,Echolocation,/mnt/ubna_data_02_mir/recover-20220922/UBNA_001/20220921_090000.WAV,Telephone Field,recover-20220922,001,1795
455.2025,455.2372,68437,81193,Rhinolophus ferrumequinum,0.024,0.024,-1,Echolocation,/mnt/ubna_data_02_mir/recover-20220922/UBNA_001/20220921_090000.WAV,Telephone Field,recover-20220922,001,1795
455.2355,455.2758,68437,82381,Rhinolophus ferrumequinum,0.023,0.023,-1,Echolocation,/mnt/ubna_data_02_mir/recover-20220922/UBNA_001/20220921_090000.WAV,Telephone Field,recover-20220922,001,1795
455.2465,455.287,68437,82258,Rhinolophus ferrumequinum,0.023,0.023,-1,Echolocation,/mnt/ubna_data_02_mir/recover-20220922/UBNA_001/20220921_090000.WAV,Telephone Field,recover-20220922,001,1795
455.2515,455.2601,28046,35942,Eptesicus serotinus,0.011,0.026,-1,Echolocation,/mnt/ubna_data_02_mir/recover-20220922/UBNA_001/20220921_090000.WAV,Telephone Field,recover-20220922,001,1795
455.2715,455.2804,22890,29762,Plecotus austriacus,0.011,0.026,-1,Echolocation,/mnt/ubna_data_02_mir/recover-20220922/UBNA_001/20220921_090000.WAV,Telephone Field,recover-20220922,001,1795
455.2725,455.2789,28906,40891,Eptesicus serotinus,0.006,0.026,-1,Echolocation,/mnt/ubna_data_02_mir/recover-20220922/UBNA_001/20220921_090000.WAV,Telephone Field,recover-20220922,001,1795
455.2855,455.3234,68437,82024,Rhinolophus ferrumequinum,0.029,0.029,-1,Echolocation,/mnt/ubna_data_02_mir/recover-20220922/UBNA_001/20220921_090000.WAV,Telephone Field,recover-20220922,001,1795
455.3105,455.3203,26328,34545,Eptesicus serotinus,0.009,0.021,-1,Echolocation,/mnt/ubna_data_02_mir/recover-20220922/UBNA_001/20220921_090000.WAV,Telephone Field,recover-20220922,001,1795
455.3205,455.3621,68437,82257,Rhinolophus ferrumequinum,0.026,0.026,-1,Echolocation,/mnt/ubna_data_02_mir/recover-20220922/UBNA_001/20220921_090000.WAV,Telephone Field,recover-20220922,001,1795
455.3355,455.3435,28906,39005,Eptesicus serotinus,0.008,0.021,-1,Echolocation,/mnt/ubna_data_02_mir/recover-20220922/UBNA_001/20220921_090000.WAV,Telephone Field,recover-20220922,001,1795
455.3945,455.4344,68437,82834,Rhinolophus ferrumequinum,0.03,0.03,-1,Echolocation,/mnt/ubna_data_02_mir/recover-20220922/UBNA_001/20220921_090000.WAV,Telephone Field,recover-20220922,001,1795
455.4155,455.4562,68437,83189,Rhinolophus ferrumequinum,0.027,0.027,-1,Echolocation,/mnt/ubna_data_02_mir/recover-20220922/UBNA_001/20220921_090000.WAV,Telephone Field,recover-20220922,001,1795
455.4165,455.4338,20312,23467,Nyctalus leisleri,0.012,0.021,-1,Echolocation,/mnt/ubna_data_02_mir/recover-20220922/UBNA_001/20220921_090000.WAV,Telephone Field,recover-20220922,001,1795
455.4335,455.4681,68437,80951,Rhinolophus ferrumequinum,0.032,0.032,-1,Echolocation,/mnt/ubna_data_02_mir/recover-20220922/UBNA_001/20220921_090000.WAV,Telephone Field,recover-20220922,001,1795
455.4465,455.4565,27187,34296,Eptesicus serotinus,0.012,0.031,-1,Echolocation,/mnt/ubna_data_02_mir/recover-20220922/UBNA_001/20220921_090000.WAV,Telephone Field,recover-20220922,001,1795
455.4505,455.4862,68437,81388,Rhinolophus ferrumequinum,0.021,0.021,-1,Echolocation,/mnt/ubna_data_02_mir/recover-20220922/UBNA_001/20220921_090000.WAV,Telephone Field,recover-20220922,001,1795
455.4715,455.514,68437,83053,Rhinolophus ferrumequinum,0.025,0.025,-1,Echolocation,/mnt/ubna_data_02_mir/recover-20220922/UBNA_001/20220921_090000.WAV,Telephone Field,recover-20220922,001,1795
455.4785,455.5177,68437,82450,Rhinolophus ferrumequinum,0.027,0.027,-1,Echolocation,/mnt/ubna_data_02_mir/recover-20220922/UBNA_001/20220921_090000.WAV,Telephone Field,recover-20220922,001,1795
455.5195,455.5288,25468,33002,Eptesicus serotinus,0.012,0.031,-1,Echolocation,/mnt/ubna_data_02_mir/recover-20220922/UBNA_001/20220921_090000.WAV,Telephone Field,recover-20220922,001,1795
455.5215,455.5578,68437,81385,Rhinolophus ferrumequinum,0.021,0.021,-1,Echolocation,/mnt/ubna_data_02_mir/recover-20220922/UBNA_001/20220921_090000.WAV,Telephone Field,recover-20220922,001,1795
455.5655,455.605,68437,82196,Rhinolophus ferrumequinum,0.022,0.023,-1,Echolocation,/mnt/ubna_data_02_mir/recover-20220922/UBNA_001/20220921_090000.WAV,Telephone Field,recover-20220922,001,1795
455.5745,455.6148,68437,82742,Rhinolophus ferrumequinum,0.024,0.024,-1,Echolocation,/mnt/ubna_data_02_mir/recover-20220922/UBNA_001/20220921_090000.WAV,Telephone Field,recover-20220922,001,1795
455.5845,455.6243,68437,82693,Rhinolophus ferrumequinum,0.022,0.022,-1,Echolocation,/mnt/ubna_data_02_mir/recover-20220922/UBNA_001/20220921_090000.WAV,Telephone Field,recover-20220922,001,1795
455.5905,455.5999,28046,40217,Eptesicus serotinus,0.011,0.026,-1,Echolocation,/mnt/ubna_data_02_mir/recover-20220922/UBNA_001/20220921_090000.WAV,Telephone Field,recover-20220922,001,1795
455.5975,455.636,68437,82019,Rhinolophus ferrumequinum,0.021,0.021,-1,Echolocation,/mnt/ubna_data_02_mir/recover-20220922/UBNA_001/20220921_090000.WAV,Telephone Field,recover-20220922,001,1795
455.6155,455.6568,68437,82752,Rhinolophus ferrumequinum,0.038,0.038,-1,Echolocation,/mnt/ubna_data_02_mir/recover-20220922/UBNA_001/20220921_090000.WAV,Telephone Field,recover-20220922,001,1795
455.6465,455.6866,68437,82749,Rhinolophus ferrumequinum,0.035,0.035,-1,Echolocation,/mnt/ubna_data_02_mir/recover-20220922/UBNA_001/20220921_090000.WAV,Telephone Field,recover-20220922,001,1795
455.6665,455.7077,68437,82625,Rhinolophus ferrumequinum,0.024,0.024,-1,Echolocation,/mnt/ubna_data_02_mir/recover-20220922/UBNA_001/20220921_090000.WAV,Telephone Field,recover-20220922,001,1795
455.7035,455.743,68437,82382,Rhinolophus ferrumequinum,0.022,0.022,-1,Echolocation,/mnt/ubna_data_02_mir/recover-20220922/UBNA_001/20220921_090000.WAV,Telephone Field,recover-20220922,001,1795
455.7125,455.7201,28906,38678,Eptesicus serotinus,0.006,0.021,-1,Echolocation,/mnt/ubna_data_02_mir/recover-20220922/UBNA_001/20220921_090000.WAV,Telephone Field,recover-20220922,001,1795
455.7315,455.7681,68437,81385,Rhinolophus ferrumequinum,0.021,0.021,-1,Echolocation,/mnt/ubna_data_02_mir/recover-20220922/UBNA_001/20220921_090000.WAV,Telephone Field,recover-20220922,001,1795
455.7375,455.7743,68437,81091,Rhinolophus ferrumequinum,0.021,0.021,-1,Echolocation,/mnt/ubna_data_02_mir/recover-20220922/UBNA_001/20220921_090000.WAV,Telephone Field,recover-20220922,001,1795
455.7455,455.7821,68437,81008,Rhinolophus ferrumequinum,0.022,0.022,-1,Echolocation,/mnt/ubna_data_02_mir/recover-20220922/UBNA_001/20220921_090000.WAV,Telephone Field,recover-20220922,001,1795
455.7625,455.7998,68437,81393,Rhinolophus ferrumequinum,0.022,0.022,-1,Echolocation,/mnt/ubna_data_02_mir/recover-20220922/UBNA_001/20220921_090000.WAV,Telephone Field,recover-20220922,001,1795
455.7735,455.8114,68437,81152,Rhinolophus ferrumequinum,0.023,0.023,-1,Echolocation,/mnt/ubna_data_02_mir/recover-20220922/UBNA_001/20220921_090000.WAV,Telephone Field,recover-20220922,001,1795
455.7895,455.8304,68437,82566,Rhinolophus ferrumequinum,0.022,0.022,-1,Echolocation,/mnt/ubna_data_02_mir/recover-20220922/UBNA_001/20220921_090000.WAV,Telephone Field,recover-20220922,001,1795
455.7925,455.8034,22890,28275,Nyctalus leisleri,0.012,0.024,-1,Echolocation,/mnt/ubna_data_02_mir/recover-20220922/UBNA_001/20220921_090000.WAV,Telephone Field,recover-20220922,001,1795
455.7925,455.8034,46953,50416,Pipistrellus pipistrellus,0.035,0.038,-1,Echolocation,/mnt/ubna_data_02_mir/recover-20220922/UBNA_001/20220921_090000.WAV,Telephone Field,recover-20220922,001,1795
455.7965,455.8375,68437,82583,Rhinolophus ferrumequinum,0.022,0.022,-1,Echolocation,/mnt/ubna_data_02_mir/recover-20220922/UBNA_001/20220921_090000.WAV,Telephone Field,recover-20220922,001,1795
455.8145,455.8554,68437,82101,Rhinolophus ferrumequinum,0.021,0.021,-1,Echolocation,/mnt/ubna_data_02_mir/recover-20220922/UBNA_001/20220921_090000.WAV,Telephone Field,recover-20220922,001,1795
455.8385,455.8765,68437,81369,Rhinolophus ferrumequinum,0.025,0.025,-1,Echolocation,/mnt/ubna_data_02_mir/recover-20220922/UBNA_001/20220921_090000.WAV,Telephone Field,recover-20220922,001,1795
455.8425,455.8537,22890,28439,Nyctalus leisleri,0.011,0.024,-1,Echolocation,/mnt/ubna_data_02_mir/recover-20220922/UBNA_001/20220921_090000.WAV,Telephone Field,recover-20220922,001,1795
455.8535,455.8909,68437,82390,Rhinolophus ferrumequinum,0.024,0.025,-1,Echolocation,/mnt/ubna_data_02_mir/recover-20220922/UBNA_001/20220921_090000.WAV,Telephone Field,recover-20220922,001,1795
455.8825,455.921,68437,82106,Rhinolophus ferrumequinum,0.024,0.024,-1,Echolocation,/mnt/ubna_data_02_mir/recover-20220922/UBNA_001/20220921_090000.WAV,Telephone Field,recover-20220922,001,1795
455.8905,455.9299,68437,82133,Rhinolophus ferrumequinum,0.021,0.021,-1,Echolocation,/mnt/ubna_data_02_mir/recover-20220922/UBNA_001/20220921_090000.WAV,Telephone Field,recover-20220922,001,1795
455.8995,455.9395,68437,82661,Rhinolophus ferrumequinum,0.022,0.022,-1,Echolocation,/mnt/ubna_data_02_mir/recover-20220922/UBNA_001/20220921_090000.WAV,Telephone Field,recover-20220922,001,1795
455.9065,455.9448,68437,82203,Rhinolophus ferrumequinum,0.022,0.022,-1,Echolocation,/mnt/ubna_data_02_mir/recover-20220922/UBNA_001/20220921_090000.WAV,Telephone Field,recover-20220922,001,1795
455.9265,455.9615,68437,80351,Rhinolophus ferrumequinum,0.024,0.024,-1,Echolocation,/mnt/ubna_data_02_mir/recover-20220922/UBNA_001/20220921_090000.WAV,Telephone Field,recover-20220922,001,1795
455.9445,455.9522,28906,38196,Eptesicus serotinus,0.009,0.025,-1,Echolocation,/mnt/ubna_data_02_mir/recover-20220922/UBNA_001/20220921_090000.WAV,Telephone Field,recover-20220922,001,1795
455.9545,455.9627,27187,35865,Eptesicus serotinus,0.008,0.022,-1,Echolocation,/mnt/ubna_data_02_mir/recover-20220922/UBNA_001/20220921_090000.WAV,Telephone Field,recover-20220922,001,1795
456.0015,456.031,69296,81577,Rhinolophus ferrumequinum,0.037,0.037,-1,Echolocation,/mnt/ubna_data_02_mir/recover-20220922/UBNA_001/20220921_090000.WAV,Telephone Field,recover-20220922,001,1795
456.0015,456.0102,23750,30053,Nyctalus leisleri,0.017,0.04,-1,Echolocation,/mnt/ubna_data_02_mir/recover-20220922/UBNA_001/20220921_090000.WAV,Telephone Field,recover-20220922,001,1795
456.0015,456.0103,30625,38317,Eptesicus serotinus,0.007,0.023,-1,Echolocation,/mnt/ubna_data_02_mir/recover-20220922/UBNA_001/20220921_090000.WAV,Telephone Field,recover-20220922,001,1795
456.0435,456.085,68437,83189,Rhinolophus ferrumequinum,0.026,0.026,-1,Echolocation,/mnt/ubna_data_02_mir/recover-20220922/UBNA_001/20220921_090000.WAV,Telephone Field,recover-20220922,001,1795
456.1125,456.1244,22031,25660,Nyctalus leisleri,0.014,0.023,-1,Echolocation,/mnt/ubna_data_02_mir/recover-20220922/UBNA_001/20220921_090000.WAV,Telephone Field,recover-20220922,001,1795
456.1715,456.1857,22890,26926,Nyctalus leisleri,0.019,0.033,-1,Echolocation,/mnt/ubna_data_02_mir/recover-20220922/UBNA_001/20220921_090000.WAV,Telephone Field,recover-20220922,001,1795
456.1785,456.2175,68437,82325,Rhinolophus ferrumequinum,0.024,0.025,-1,Echolocation,/mnt/ubna_data_02_mir/recover-20220922/UBNA_001/20220921_090000.WAV,Telephone Field,recover-20220922,001,1795
456.2085,456.2484,68437,81833,Rhinolophus ferrumequinum,0.034,0.034,-1,Echolocation,/mnt/ubna_data_02_mir/recover-20220922/UBNA_001/20220921_090000.WAV,Telephone Field,recover-20220922,001,1795
456.2675,456.3098,68437,82540,Rhinolophus ferrumequinum,0.026,0.026,-1,Echolocation,/mnt/ubna_data_02_mir/recover-20220922/UBNA_001/20220921_090000.WAV,Telephone Field,recover-20220922,001,1795
456.2775,456.3173,68437,82681,Rhinolophus ferrumequinum,0.026,0.026,-1,Echolocation,/mnt/ubna_data_02_mir/recover-20220922/UBNA_001/20220921_090000.WAV,Telephone Field,recover-20220922,001,1795
456.2905,456.2969,28046,43870,Eptesicus serotinus,0.007,0.026,-1,Echolocation,/mnt/ubna_data_02_mir/recover-20220922/UBNA_001/20220921_090000.WAV,Telephone Field,recover-20220922,001,1795
456.3175,456.3522,68437,81213,Rhinolophus ferrumequinum,0.026,0.027,-1,Echolocation,/mnt/ubna_data_02_mir/recover-20220922/UBNA_001/20220921_090000.WAV,Telephone Field,recover-20220922,001,1795
456.3305,456.3671,68437,80546,Rhinolophus ferrumequinum,0.027,0.028,-1,Echolocation,/mnt/ubna_data_02_mir/recover-20220922/UBNA_001/20220921_090000.WAV,Telephone Field,recover-20220922,001,1795
456.3495,456.3881,68437,82201,Rhinolophus ferrumequinum,0.023,0.023,-1,Echolocation,/mnt/ubna_data_02_mir/recover-20220922/UBNA_001/20220921_090000.WAV,Telephone Field,recover-20220922,001,1795
456.3605,456.3672,22890,33252,Plecotus austriacus,0.031,0.049,-1,Echolocation,/mnt/ubna_data_02_mir/recover-20220922/UBNA_001/20220921_090000.WAV,Telephone Field,recover-20220922,001,1795
456.3985,456.4372,68437,81826,Rhinolophus ferrumequinum,0.022,0.022,-1,Echolocation,/mnt/ubna_data_02_mir/recover-20220922/UBNA_001/20220921_090000.WAV,Telephone Field,recover-20220922,001,1795
456.4315,456.4705,68437,82328,Rhinolophus ferrumequinum,0.022,0.023,-1,Echolocation,/mnt/ubna_data_02_mir/recover-20220922/UBNA_001/20220921_090000.WAV,Telephone Field,recover-20220922,001,1795
456.4485,456.4846,68437,81458,Rhinolophus ferrumequinum,0.024,0.024,-1,Echolocation,/mnt/ubna_data_02_mir/recover-20220922/UBNA_001/20220921_090000.WAV,Telephone Field,recover-20220922,001,1795
456.4665,456.5079,68437,82197,Rhinolophus ferrumequinum,0.022,0.022,-1,Echolocation,/mnt/ubna_data_02_mir/recover-20220922/UBNA_001/20220921_090000.WAV,Telephone Field,recover-20220922,001,1795
456.4685,456.475,49531,54142,Pipistrellus pipistrellus,0.043,0.045,-1,Echolocation,/mnt/ubna_data_02_mir/recover-20220922/UBNA_001/20220921_090000.WAV,Telephone Field,recover-20220922,001,1795
456.5045,456.5456,68437,82946,Rhinolophus ferrumequinum,0.025,0.025,-1,Echolocation,/mnt/ubna_data_02_mir/recover-20220922/UBNA_001/20220921_090000.WAV,Telephone Field,recover-20220922,001,1795
456.5295,456.5412,28906,35541,Eptesicus serotinus,0.013,0.027,-1,Echolocation,/mnt/ubna_data_02_mir/recover-20220922/UBNA_001/20220921_090000.WAV,Telephone Field,recover-20220922,001,1795
456.5335,456.5435,22031,27988,Nyctalus leisleri,0.009,0.024,-1,Echolocation,/mnt/ubna_data_02_mir/recover-20220922/UBNA_001/20220921_090000.WAV,Telephone Field,recover-20220922,001,1795
456.5405,456.5783,68437,82059,Rhinolophus ferrumequinum,0.022,0.022,-1,Echolocation,/mnt/ubna_data_02_mir/recover-20220922/UBNA_001/20220921_090000.WAV,Telephone Field,recover-20220922,001,1795
456.5455,456.5842,68437,82456,Rhinolophus ferrumequinum,0.022,0.022,-1,Echolocation,/mnt/ubna_data_02_mir/recover-20220922/UBNA_001/20220921_090000.WAV,Telephone Field,recover-20220922,001,1795
456.5665,456.6068,68437,82540,Rhinolophus ferrumequinum,0.025,0.025,-1,Echolocation,/mnt/ubna_data_02_mir/recover-20220922/UBNA_001/20220921_090000.WAV,Telephone Field,recover-20220922,001,1795
456.5745,456.5864,23750,28828,Nyctalus leisleri,0.014,0.03,-1,Echolocation,/mnt/ubna_data_02_mir/recover-20220922/UBNA_001/20220921_090000.WAV,Telephone Field,recover-20220922,001,1795
456.5985,456.6398,68437,82661,Rhinolophus ferrumequinum,0.024,0.024,-1,Echolocation,/mnt/ubna_data_02_mir/recover-20220922/UBNA_001/20220921_090000.WAV,Telephone Field,recover-20220922,001,1795
456.6055,456.6173,22031,26460,Nyctalus leisleri,0.013,0.025,-1,Echolocation,/mnt/ubna_data_02_mir/recover-20220922/UBNA_001/20220921_090000.WAV,Telephone Field,recover-20220922,001,1795
456.6325,456.6712,68437,82665,Rhinolophus ferrumequinum,0.028,0.028,-1,Echolocation,/mnt/ubna_data_02_mir/recover-20220922/UBNA_001/20220921_090000.WAV,Telephone Field,recover-20220922,001,1795
456.6385,456.653,32343,36808,Nyctalus leisleri,0.014,0.047,-1,Echolocation,/mnt/ubna_data_02_mir/recover-20220922/UBNA_001/20220921_090000.WAV,Telephone Field,recover-20220922,001,1795
456.6575,456.6642,51250,57635,Pipistrellus pipistrellus,0.02,0.024,-1,Echolocation,/mnt/ubna_data_02_mir/recover-20220922/UBNA_001/20220921_090000.WAV,Telephone Field,recover-20220922,001,1795
456.6755,456.714,68437,82069,Rhinolophus ferrumequinum,0.022,0.022,-1,Echolocation,/mnt/ubna_data_02_mir/recover-20220922/UBNA_001/20220921_090000.WAV,Telephone Field,recover-20220922,001,1795
456.6925,456.7026,26328,33500,Eptesicus serotinus,0.011,0.031,-1,Echolocation,/mnt/ubna_data_02_mir/recover-20220922/UBNA_001/20220921_090000.WAV,Telephone Field,recover-20220922,001,1795
456.7075,456.7176,31484,39626,Eptesicus serotinus,0.009,0.027,-1,Echolocation,/mnt/ubna_data_02_mir/recover-20220922/UBNA_001/20220921_090000.WAV,Telephone Field,recover-20220922,001,1795
456.7265,456.7662,68437,82325,Rhinolophus ferrumequinum,0.025,0.025,-1,Echolocation,/mnt/ubna_data_02_mir/recover-20220922/UBNA_001/20220921_090000.WAV,Telephone Field,recover-20220922,001,1795
456.7545,456.7937,68437,81248,Rhinolophus ferrumequinum,0.025,0.025,-1,Echolocation,/mnt/ubna_data_02_mir/recover-20220922/UBNA_001/20220921_090000.WAV,Telephone Field,recover-20220922,001,1795
456.7615,456.7706,28046,40566,Eptesicus serotinus,0.009,0.023,-1,Echolocation,/mnt/ubna_data_02_mir/recover-20220922/UBNA_001/20220921_090000.WAV,Telephone Field,recover-20220922,001,1795
456.7875,456.7951,26328,35340,Eptesicus serotinus,0.011,0.034,-1,Echolocation,/mnt/ubna_data_02_mir/recover-20220922/UBNA_001/20220921_090000.WAV,Telephone Field,recover-20220922,001,1795
456.8125,456.8506,68437,81028,Rhinolophus ferrumequinum,0.032,0.033,-1,Echolocation,/mnt/ubna_data_02_mir/recover-20220922/UBNA_001/20220921_090000.WAV,Telephone Field,recover-20220922,001,1795
456.8375,456.8754,68437,81950,Rhinolophus ferrumequinum,0.024,0.024,-1,Echolocation,/mnt/ubna_data_02_mir/recover-20220922/UBNA_001/20220921_090000.WAV,Telephone Field,recover-20220922,001,1795
456.8875,456.8979,26328,33442,Eptesicus serotinus,0.011,0.027,-1,Echolocation,/mnt/ubna_data_02_mir/recover-20220922/UBNA_001/20220921_090000.WAV,Telephone Field,recover-20220922,001,1795
456.8995,456.9316,68437,79299,Rhinolophus ferrumequinum,0.023,0.024,-1,Echolocation,/mnt/ubna_data_02_mir/recover-20220922/UBNA_001/20220921_090000.WAV,Telephone Field,recover-20220922,001,1795
456.9365,456.9468,23750,29876,Nyctalus leisleri,0.009,0.022,-1,Echolocation,/mnt/ubna_data_02_mir/recover-20220922/UBNA_001/20220921_090000.WAV,Telephone Field,recover-20220922,001,1795
456.9615,456.9757,37500,41124,Pipistrellus nathusii,0.011,0.024,-1,Echolocation,/mnt/ubna_data_02_mir/recover-20220922/UBNA_001/20220921_090000.WAV,Telephone Field,recover-20220922,001,1795
456.9845,457.0267,68437,83141,Rhinolophus ferrumequinum,0.028,0.028,-1,Echolocation,/mnt/ubna_data_02_mir/recover-20220922/UBNA_001/20220921_090000.WAV,Telephone Field,recover-20220922,001,1795
457.0105,457.0459,68437,81699,Rhinolophus ferrumequinum,0.023,0.024,-1,Echolocation,/mnt/ubna_data_02_mir/recover-20220922/UBNA_001/20220921_090000.WAV,Telephone Field,recover-20220922,001,1795
457.0565,457.0761,20312,23409,Nyctalus leisleri,0.014,0.025,-1,Echolocation,/mnt/ubna_data_02_mir/recover-20220922/UBNA_001/20220921_090000.WAV,Telephone Field,recover-20220922,001,1795
457.1135,457.1249,25468,31862,Eptesicus serotinus,0.012,0.028,-1,Echolocation,/mnt/ubna_data_02_mir/recover-20220922/UBNA_001/20220921_090000.WAV,Telephone Field,recover-20220922,001,1795
457.1395,457.1517,22031,26413,Nyctalus leisleri,0.011,0.025,-1,Echolocation,/mnt/ubna_data_02_mir/recover-20220922/UBNA_001/20220921_090000.WAV,Telephone Field,recover-20220922,001,1795
457.1535,457.1942,68437,82568,Rhinolophus ferrumequinum,0.023,0.023,-1,Echolocation,/mnt/ubna_data_02_mir/recover-20220922/UBNA_001/20220921_090000.WAV,Telephone Field,recover-20220922,001,1795
457.1805,457.1937,22031,25971,Nyctalus leisleri,0.016,0.027,-1,Echolocation,/mnt/ubna_data_02_mir/recover-20220922/UBNA_001/20220921_090000.WAV,Telephone Field,recover-20220922,001,1795
457.1905,457.2288,68437,82202,Rhinolophus ferrumequinum,0.027,0.027,-1,Echolocation,/mnt/ubna_data_02_mir/recover-20220922/UBNA_001/20220921_090000.WAV,Telephone Field,recover-20220922,001,1795
457.2155,457.2558,68437,82342,Rhinolophus ferrumequinum,0.022,0.022,-1,Echolocation,/mnt/ubna_data_02_mir/recover-20220922/UBNA_001/20220921_090000.WAV,Telephone Field,recover-20220922,001,1795
457.2605,457.302,68437,82700,Rhinolophus ferrumequinum,0.027,0.027,-1,Echolocation,/mnt/ubna_data_02_mir/recover-20220922/UBNA_001/20220921_090000.WAV,Telephone Field,recover-20220922,001,1795
457.2905,457.3024,22890,28522,Nyctalus leisleri,0.018,0.043,-1,Echolocation,/mnt/ubna_data_02_mir/recover-20220922/UBNA_001/20220921_090000.WAV,Telephone Field,recover-20220922,001,1795
457.2975,457.3357,68437,82080,Rhinolophus ferrumequinum,0.023,0.023,-1,Echolocation,/mnt/ubna_data_02_mir/recover-20220922/UBNA_001/20220921_090000.WAV,Telephone Field,recover-20220922,001,1795
457.2995,457.311,28906,35626,Eptesicus serotinus,0.011,0.022,-1,Echolocation,/mnt/ubna_data_02_mir/recover-20220922/UBNA_001/20220921_090000.WAV,Telephone Field,recover-20220922,001,1795
457.3125,457.35360000000003,68437,81714,Rhinolophus ferrumequinum,0.028,0.028,-1,Echolocation,/mnt/ubna_data_02_mir/recover-20220922/UBNA_001/20220921_090000.WAV,Telephone Field,recover-20220922,001,1795
457.3235,457.3628,68437,82426,Rhinolophus ferrumequinum,0.028,0.028,-1,Echolocation,/mnt/ubna_data_02_mir/recover-20220922/UBNA_001/20220921_090000.WAV,Telephone Field,recover-20220922,001,1795
457.3265,457.3341,28906,38174,Eptesicus serotinus,0.008,0.022,-1,Echolocation,/mnt/ubna_data_02_mir/recover-20220922/UBNA_001/20220921_090000.WAV,Telephone Field,recover-20220922,001,1795
457.3615,457.4008,68437,82177,Rhinolophus ferrumequinum,0.032,0.032,-1,Echolocation,/mnt/ubna_data_02_mir/recover-20220922/UBNA_001/20220921_090000.WAV,Telephone Field,recover-20220922,001,1795
457.3645,457.3728,14296,25165,Plecotus auritus,0.02,0.036,-1,Echolocation,/mnt/ubna_data_02_mir/recover-20220922/UBNA_001/20220921_090000.WAV,Telephone Field,recover-20220922,001,1795
457.3805,457.392,29765,36812,Eptesicus serotinus,0.017,0.031,-1,Echolocation,/mnt/ubna_data_02_mir/recover-20220922/UBNA_001/20220921_090000.WAV,Telephone Field,recover-20220922,001,1795
457.3935,457.4323,68437,81775,Rhinolophus ferrumequinum,0.023,0.023,-1,Echolocation,/mnt/ubna_data_02_mir/recover-20220922/UBNA_001/20220921_090000.WAV,Telephone Field,recover-20220922,001,1795
457.4015,457.4394,68437,81298,Rhinolophus ferrumequinum,0.023,0.023,-1,Echolocation,/mnt/ubna_data_02_mir/recover-20220922/UBNA_001/20220921_090000.WAV,Telephone Field,recover-20220922,001,1795
457.4115,457.4515,68437,82298,Rhinolophus ferrumequinum,0.024,0.024,-1,Echolocation,/mnt/ubna_data_02_mir/recover-20220922/UBNA_001/20220921_090000.WAV,Telephone Field,recover-20220922,001,1795
457.4295,457.4667,68437,81520,Rhinolophus ferrumequinum,0.027,0.027,-1,Echolocation,/mnt/ubna_data_02_mir/recover-20220922/UBNA_001/20220921_090000.WAV,Telephone Field,recover-20220922,001,1795
457.4385,457.4726,68437,81145,Rhinolophus ferrumequinum,0.024,0.024,-1,Echolocation,/mnt/ubna_data_02_mir/recover-20220922/UBNA_001/20220921_090000.WAV,Telephone Field,recover-20220922,001,1795
457.4465,457.4597,36640,40850,Pipistrellus nathusii,0.012,0.032,-1,Echolocation,/mnt/ubna_data_02_mir/recover-20220922/UBNA_001/20220921_090000.WAV,Telephone Field,recover-20220922,001,1795
457.4525,457.497,68437,83403,Rhinolophus ferrumequinum,0.043,0.043,-1,Echolocation,/mnt/ubna_data_02_mir/recover-20220922/UBNA_001/20220921_090000.WAV,Telephone Field,recover-20220922,001,1795
457.4885,457.5265,68437,81819,Rhinolophus ferrumequinum,0.027,0.027,-1,Echolocation,/mnt/ubna_data_02_mir/recover-20220922/UBNA_001/20220921_090000.WAV,Telephone Field,recover-20220922,001,1795
457.5555,457.5656,28906,36662,Eptesicus serotinus,0.012,0.025,-1,Echolocation,/mnt/ubna_data_02_mir/recover-20220922/UBNA_001/20220921_090000.WAV,Telephone Field,recover-20220922,001,1795
457.5995,457.6387,68437,82683,Rhinolophus ferrumequinum,0.031,0.031,-1,Echolocation,/mnt/ubna_data_02_mir/recover-20220922/UBNA_001/20220921_090000.WAV,Telephone Field,recover-20220922,001,1795
457.6345,457.6554,18593,21991,Nyctalus noctula,0.016,0.025,-1,Echolocation,/mnt/ubna_data_02_mir/recover-20220922/UBNA_001/20220921_090000.WAV,Telephone Field,recover-20220922,001,1795
457.6685,457.7071,68437,81605,Rhinolophus ferrumequinum,0.028,0.028,-1,Echolocation,/mnt/ubna_data_02_mir/recover-20220922/UBNA_001/20220921_090000.WAV,Telephone Field,recover-20220922,001,1795
457.6745,457.7129,68437,81854,Rhinolophus ferrumequinum,0.027,0.027,-1,Echolocation,/mnt/ubna_data_02_mir/recover-20220922/UBNA_001/20220921_090000.WAV,Telephone Field,recover-20220922,001,1795
457.6835,457.6939,22031,27453,Nyctalus leisleri,0.011,0.029,-1,Echolocation,/mnt/ubna_data_02_mir/recover-20220922/UBNA_001/20220921_090000.WAV,Telephone Field,recover-20220922,001,1795
457.6875,457.7228,68437,81094,Rhinolophus ferrumequinum,0.024,0.024,-1,Echolocation,/mnt/ubna_data_02_mir/recover-20220922/UBNA_001/20220921_090000.WAV,Telephone Field,recover-20220922,001,1795
457.7345,457.7767,68437,83251,Rhinolophus ferrumequinum,0.023,0.023,-1,Echolocation,/mnt/ubna_data_02_mir/recover-20220922/UBNA_001/20220921_090000.WAV,Telephone Field,recover-20220922,001,1795
457.7505,457.7916,68437,82459,Rhinolophus ferrumequinum,0.023,0.023,-1,Echolocation,/mnt/ubna_data_02_mir/recover-20220922/UBNA_001/20220921_090000.WAV,Telephone Field,recover-20220922,001,1795
457.7765,457.8141,68437,80995,Rhinolophus ferrumequinum,0.029,0.03,-1,Echolocation,/mnt/ubna_data_02_mir/recover-20220922/UBNA_001/20220921_090000.WAV,Telephone Field,recover-20220922,001,1795
457.7965,457.8361,68437,82317,Rhinolophus ferrumequinum,0.024,0.024,-1,Echolocation,/mnt/ubna_data_02_mir/recover-20220922/UBNA_001/20220921_090000.WAV,Telephone Field,recover-20220922,001,1795
457.8205,457.8353,14296,19532,Nyctalus noctula,0.015,0.023,-1,Echolocation,/mnt/ubna_data_02_mir/recover-20220922/UBNA_001/20220921_090000.WAV,Telephone Field,recover-20220922,001,1795
457.8225,457.8624,68437,82638,Rhinolophus ferrumequinum,0.024,0.024,-1,Echolocation,/mnt/ubna_data_02_mir/recover-20220922/UBNA_001/20220921_090000.WAV,Telephone Field,recover-20220922,001,1795
457.8275,457.8669,68437,82725,Rhinolophus ferrumequinum,0.025,0.025,-1,Echolocation,/mnt/ubna_data_02_mir/recover-20220922/UBNA_001/20220921_090000.WAV,Telephone Field,recover-20220922,001,1795
457.8415,457.8831,68437,82256,Rhinolophus ferrumequinum,0.035,0.035,-1,Echolocation,/mnt/ubna_data_02_mir/recover-20220922/UBNA_001/20220921_090000.WAV,Telephone Field,recover-20220922,001,1795
457.8825,457.8943,26328,32984,Eptesicus serotinus,0.011,0.024,-1,Echolocation,/mnt/ubna_data_02_mir/recover-20220922/UBNA_001/20220921_090000.WAV,Telephone Field,recover-20220922,001,1795
457.9235,457.9592,68437,81175,Rhinolophus ferrumequinum,0.022,0.022,-1,Echolocation,/mnt/ubna_data_02_mir/recover-20220922/UBNA_001/20220921_090000.WAV,Telephone Field,recover-20220922,001,1795
457.9465,457.9541,32343,42127,Myotis daubentonii,0.008,0.022,-1,Echolocation,/mnt/ubna_data_02_mir/recover-20220922/UBNA_001/20220921_090000.WAV,Telephone Field,recover-20220922,001,1795
457.9785,457.9884,28046,35656,Eptesicus serotinus,0.014,0.031,-1,Echolocation,/mnt/ubna_data_02_mir/recover-20220922/UBNA_001/20220921_090000.WAV,Telephone Field,recover-20220922,001,1795
458.0015,458.0109,26328,35045,Nyctalus leisleri,0.01,0.032,-1,Echolocation,/mnt/ubna_data_02_mir/recover-20220922/UBNA_001/20220921_090000.WAV,Telephone Field,recover-20220922,001,1795
458.0015,458.0377,68437,80494,Rhinolophus ferrumequinum,0.046,0.046,-1,Echolocation,/mnt/ubna_data_02_mir/recover-20220922/UBNA_001/20220921_090000.WAV,Telephone Field,recover-20220922,001,1795
458.0095,458.0531,68437,82953,Rhinolophus ferrumequinum,0.024,0.024,-1,Echolocation,/mnt/ubna_data_02_mir/recover-20220922/UBNA_001/20220921_090000.WAV,Telephone Field,recover-20220922,001,1795
458.0165,458.0276,22031,26481,Nyctalus leisleri,0.014,0.028,-1,Echolocation,/mnt/ubna_data_02_mir/recover-20220922/UBNA_001/20220921_090000.WAV,Telephone Field,recover-20220922,001,1795
458.0515,458.0871,68437,81086,Rhinolophus ferrumequinum,0.024,0.024,-1,Echolocation,/mnt/ubna_data_02_mir/recover-20220922/UBNA_001/20220921_090000.WAV,Telephone Field,recover-20220922,001,1795
458.0625,458.1019,68437,82476,Rhinolophus ferrumequinum,0.024,0.024,-1,Echolocation,/mnt/ubna_data_02_mir/recover-20220922/UBNA_001/20220921_090000.WAV,Telephone Field,recover-20220922,001,1795
458.0725,458.1124,68437,82351,Rhinolophus ferrumequinum,0.023,0.023,-1,Echolocation,/mnt/ubna_data_02_mir/recover-20220922/UBNA_001/20220921_090000.WAV,Telephone Field,recover-20220922,001,1795
458.1055,458.1163,27187,34125,Eptesicus serotinus,0.012,0.025,-1,Echolocation,/mnt/ubna_data_02_mir/recover-20220922/UBNA_001/20220921_090000.WAV,Telephone Field,recover-20220922,001,1795
458.1575,458.1971,68437,81569,Rhinolophus ferrumequinum,0.024,0.024,-1,Echolocation,/mnt/ubna_data_02_mir/recover-20220922/UBNA_001/20220921_090000.WAV,Telephone Field,recover-20220922,001,1795
458.1635,458.2023,68437,81781,Rhinolophus ferrumequinum,0.024,0.024,-1,Echolocation,/mnt/ubna_data_02_mir/recover-20220922/UBNA_001/20220921_090000.WAV,Telephone Field,recover-20220922,001,1795
458.1835,458.2252,68437,82825,Rhinolophus ferrumequinum,0.028,0.028,-1,Echolocation,/mnt/ubna_data_02_mir/recover-20220922/UBNA_001/20220921_090000.WAV,Telephone Field,recover-20220922,001,1795
458.2085,458.2484,68437,82241,Rhinolophus ferrumequinum,0.026,0.026,-1,Echolocation,/mnt/ubna_data_02_mir/recover-20220922/UBNA_001/20220921_090000.WAV,Telephone Field,recover-20220922,001,1795
458.2455,458.2861,68437,82312,Rhinolophus ferrumequinum,0.022,0.022,-1,Echolocation,/mnt/ubna_data_02_mir/recover-20220922/UBNA_001/20220921_090000.WAV,Telephone Field,recover-20220922,001,1795
458.2685,458.3058,68437,81917,Rhinolophus ferrumequinum,0.023,0.023,-1,Echolocation,/mnt/ubna_data_02_mir/recover-20220922/UBNA_001/20220921_090000.WAV,Telephone Field,recover-20220922,001,1795
458.2795,458.2865,27187,38410,Eptesicus serotinus,0.006,0.023,-1,Echolocation,/mnt/ubna_data_02_mir/recover-20220922/UBNA_001/20220921_090000.WAV,Telephone Field,recover-20220922,001,1795
458.3035,458.3437,68437,83087,Rhinolophus ferrumequinum,0.032,0.032,-1,Echolocation,/mnt/ubna_data_02_mir/recover-20220922/UBNA_001/20220921_090000.WAV,Telephone Field,recover-20220922,001,1795
458.3475,458.3627,14296,19140,Nyctalus noctula,0.02,0.03,-1,Echolocation,/mnt/ubna_data_02_mir/recover-20220922/UBNA_001/20220921_090000.WAV,Telephone Field,recover-20220922,001,1795
458.3525,458.3913,68437,82378,Rhinolophus ferrumequinum,0.025,0.025,-1,Echolocation,/mnt/ubna_data_02_mir/recover-20220922/UBNA_001/20220921_090000.WAV,Telephone Field,recover-20220922,001,1795
458.3825,458.4254,68437,83103,Rhinolophus ferrumequinum,0.049,0.049,-1,Echolocation,/mnt/ubna_data_02_mir/recover-20220922/UBNA_001/20220921_090000.WAV,Telephone Field,recover-20220922,001,1795
458.4165,458.4554,68437,82339,Rhinolophus ferrumequinum,0.022,0.022,-1,Echolocation,/mnt/ubna_data_02_mir/recover-20220922/UBNA_001/20220921_090000.WAV,Telephone Field,recover-20220922,001,1795
458.4335,458.472,68437,82435,Rhinolophus ferrumequinum,0.023,0.023,-1,Echolocation,/mnt/ubna_data_02_mir/recover-20220922/UBNA_001/20220921_090000.WAV,Telephone Field,recover-20220922,001,1795
458.4485,458.4887,68437,82626,Rhinolophus ferrumequinum,0.025,0.025,-1,Echolocation,/mnt/ubna_data_02_mir/recover-20220922/UBNA_001/20220921_090000.WAV,Telephone Field,recover-20220922,001,1795
458.4835,458.5223,68437,81938,Rhinolophus ferrumequinum,0.025,0.025,-1,Echolocation,/mnt/ubna_data_02_mir/recover-20220922/UBNA_001/20220921_090000.WAV,Telephone Field,recover-20220922,001,1795
458.4845,458.4967,46093,50153,Pipistrellus pipistrellus,0.045,0.048,-1,Echolocation,/mnt/ubna_data_02_mir/recover-20220922/UBNA_001/20220921_090000.WAV,Telephone Field,recover-20220922,001,1795
458.4915,458.5295,68437,82153,Rhinolophus ferrumequinum,0.023,0.023,-1,Echolocation,/mnt/ubna_data_02_mir/recover-20220922/UBNA_001/20220921_090000.WAV,Telephone Field,recover-20220922,001,1795
458.4965,458.5035,28906,37790,Eptesicus serotinus,0.006,0.023,-1,Echolocation,/mnt/ubna_data_02_mir/recover-20220922/UBNA_001/20220921_090000.WAV,Telephone Field,recover-20220922,001,1795
458.5225,458.5598,68437,81403,Rhinolophus ferrumequinum,0.027,0.027,-1,Echolocation,/mnt/ubna_data_02_mir/recover-20220922/UBNA_001/20220921_090000.WAV,Telephone Field,recover-20220922,001,1795
458.5465,458.5565,44375,48701,Pipistrellus pipistrellus,0.019,0.022,-1,Echolocation,/mnt/ubna_data_02_mir/recover-20220922/UBNA_001/20220921_090000.WAV,Telephone Field,recover-20220922,001,1795
458.5565,458.5961,68437,82105,Rhinolophus ferrumequinum,0.023,0.023,-1,Echolocation,/mnt/ubna_data_02_mir/recover-20220922/UBNA_001/20220921_090000.WAV,Telephone Field,recover-20220922,001,1795
458.5635,458.5746,27187,33668,Eptesicus serotinus,0.019,0.044,-1,Echolocation,/mnt/ubna_data_02_mir/recover-20220922/UBNA_001/20220921_090000.WAV,Telephone Field,recover-20220922,001,1795
458.5885,458.6293,68437,81380,Rhinolophus ferrumequinum,0.022,0.022,-1,Echolocation,/mnt/ubna_data_02_mir/recover-20220922/UBNA_001/20220921_090000.WAV,Telephone Field,recover-20220922,001,1795
458.5955,458.6365,68437,82231,Rhinolophus ferrumequinum,0.026,0.026,-1,Echolocation,/mnt/ubna_data_02_mir/recover-20220922/UBNA_001/20220921_090000.WAV,Telephone Field,recover-20220922,001,1795
458.6015,458.6394,68437,82363,Rhinolophus ferrumequinum,0.027,0.027,-1,Echolocation,/mnt/ubna_data_02_mir/recover-20220922/UBNA_001/20220921_090000.WAV,Telephone Field,recover-20220922,001,1795
458.6235,458.635,58125,63028,Pipistrellus pygmaeus,0.035,0.037,-1,Echolocation,/mnt/ubna_data_02_mir/recover-20220922/UBNA_001/20220921_090000.WAV,Telephone Field,recover-20220922,001,1795
458.6295,458.6704,68437,81807,Rhinolophus ferrumequinum,0.022,0.022,-1,Echolocation,/mnt/ubna_data_02_mir/recover-20220922/UBNA_001/20220921_090000.WAV,Telephone Field,recover-20220922,001,1795
458.6385,458.6473,22031,28636,Plecotus austriacus,0.009,0.022,-1,Echolocation,/mnt/ubna_data_02_mir/recover-20220922/UBNA_001/20220921_090000.WAV,Telephone Field,recover-20220922,001,1795
458.6515,458.6925,68437,82532,Rhinolophus ferrumequinum,0.023,0.023,-1,Echolocation,/mnt/ubna_data_02_mir/recover-20220922/UBNA_001/20220921_090000.WAV,Telephone Field,recover-20220922,001,1795
458.6915,458.7367,68437,83211,Rhinolophus ferrumequinum,0.051,0.051,-1,Echolocation,/mnt/ubna_data_02_mir/recover-20220922/UBNA_001/20220921_090000.WAV,Telephone Field,recover-20220922,001,1795
458.7075,458.7182,23750,30305,Nyctalus leisleri,0.012,0.03,-1,Echolocation,/mnt/ubna_data_02_mir/recover-20220922/UBNA_001/20220921_090000.WAV,Telephone Field,recover-20220922,001,1795
458.7255,458.7627,68437,81685,Rhinolophus ferrumequinum,0.022,0.022,-1,Echolocation,/mnt/ubna_data_02_mir/recover-20220922/UBNA_001/20220921_090000.WAV,Telephone Field,recover-20220922,001,1795
458.7395,458.7796,68437,82476,Rhinolophus ferrumequinum,0.024,0.024,-1,Echolocation,/mnt/ubna_data_02_mir/recover-20220922/UBNA_001/20220921_090000.WAV,Telephone Field,recover-20220922,001,1795
458.7835,458.7943,24609,31655,Eptesicus serotinus,0.009,0.023,-1,Echolocation,/mnt/ubna_data_02_mir/recover-20220922/UBNA_001/20220921_090000.WAV,Telephone Field,recover-20220922,001,1795
458.7905,458.83,68437,82137,Rhinolophus ferrumequinum,0.023,0.023,-1,Echolocation,/mnt/ubna_data_02_mir/recover-20220922/UBNA_001/20220921_090000.WAV,Telephone Field,recover-20220922,001,1795
458.8035,458.8439,68437,82295,Rhinolophus ferrumequinum,0.022,0.022,-1,Echolocation,/mnt/ubna_data_02_mir/recover-20220922/UBNA_001/20220921_090000.WAV,Telephone Field,recover-20220922,001,1795
458.8835,458.9229,68437,82301,Rhinolophus ferrumequinum,0.023,0.023,-1,Echolocation,/mnt/ubna_data_02_mir/recover-20220922/UBNA_001/20220921_090000.WAV,Telephone Field,recover-20220922,001,1795
458.8915,458.9335,68437,82695,Rhinolophus ferrumequinum,0.023,0.023,-1,Echolocation,/mnt/ubna_data_02_mir/recover-20220922/UBNA_001/20220921_090000.WAV,Telephone Field,recover-20220922,001,1795
458.8995,458.9395,68437,82383,Rhinolophus ferrumequinum,0.022,0.022,-1,Echolocation,/mnt/ubna_data_02_mir/recover-20220922/UBNA_001/20220921_090000.WAV,Telephone Field,recover-20220922,001,1795
458.9095,458.9171,46953,53477,Pipistrellus pipistrellus,0.027,0.03,-1,Echolocation,/mnt/ubna_data_02_mir/recover-20220922/UBNA_001/20220921_090000.WAV,Telephone Field,recover-20220922,001,1795
458.9415,458.9822,68437,82135,Rhinolophus ferrumequinum,0.028,0.028,-1,Echolocation,/mnt/ubna_data_02_mir/recover-20220922/UBNA_001/20220921_090000.WAV,Telephone Field,recover-20220922,001,1795
458.9425,458.9521,26328,35036,Eptesicus serotinus,0.009,0.022,-1,Echolocation,/mnt/ubna_data_02_mir/recover-20220922/UBNA_001/20220921_090000.WAV,Telephone Field,recover-20220922,001,1795
458.9755,459.0149,68437,81247,Rhinolophus ferrumequinum,0.022,0.022,-1,Echolocation,/mnt/ubna_data_02_mir/recover-20220922/UBNA_001/20220921_090000.WAV,Telephone Field,recover-20220922,001,1795
458.9845,459.022,68437,81677,Rhinolophus ferrumequinum,0.035,0.035,-1,Echolocation,/mnt/ubna_data_02_mir/recover-20220922/UBNA_001/20220921_090000.WAV,Telephone Field,recover-20220922,001,1795
459.0185,459.0275,27187,36197,Eptesicus serotinus,0.01,0.024,-1,Echolocation,/mnt/ubna_data_02_mir/recover-20220922/UBNA_001/20220921_090000.WAV,Telephone Field,recover-20220922,001,1795
459.0235,459.0641,68437,82487,Rhinolophus ferrumequinum,0.022,0.022,-1,Echolocation,/mnt/ubna_data_02_mir/recover-20220922/UBNA_001/20220921_090000.WAV,Telephone Field,recover-20220922,001,1795
459.0385,459.0498,22890,27444,Nyctalus leisleri,0.013,0.024,-1,Echolocation,/mnt/ubna_data_02_mir/recover-20220922/UBNA_001/20220921_090000.WAV,Telephone Field,recover-20220922,001,1795
459.0425,459.0818,68437,81673,Rhinolophus ferrumequinum,0.022,0.022,-1,Echolocation,/mnt/ubna_data_02_mir/recover-20220922/UBNA_001/20220921_090000.WAV,Telephone Field,recover-20220922,001,1795
459.0505,459.0584,28046,37597,Eptesicus serotinus,0.007,0.022,-1,Echolocation,/mnt/ubna_data_02_mir/recover-20220922/UBNA_001/20220921_090000.WAV,Telephone Field,recover-20220922,001,1795
459.0765,459.1126,68437,81398,Rhinolophus ferrumequinum,0.025,0.025,-1,Echolocation,/mnt/ubna_data_02_mir/recover-20220922/UBNA_001/20220921_090000.WAV,Telephone Field,recover-20220922,001,1795
459.0825,459.0934,28906,36516,Eptesicus serotinus,0.012,0.028,-1,Echolocation,/mnt/ubna_data_02_mir/recover-20220922/UBNA_001/20220921_090000.WAV,Telephone Field,recover-20220922,001,1795
459.1105,459.1267,22031,26407,Nyctalus leisleri,0.03,0.057,-1,Echolocation,/mnt/ubna_data_02_mir/recover-20220922/UBNA_001/20220921_090000.WAV,Telephone Field,recover-20220922,001,1795
459.1255,459.1635,68437,82296,Rhinolophus ferrumequinum,0.023,0.023,-1,Echolocation,/mnt/ubna_data_02_mir/recover-20220922/UBNA_001/20220921_090000.WAV,Telephone Field,recover-20220922,001,1795
459.1335,459.1744,68437,82577,Rhinolophus ferrumequinum,0.023,0.023,-1,Echolocation,/mnt/ubna_data_02_mir/recover-20220922/UBNA_001/20220921_090000.WAV,Telephone Field,recover-20220922,001,1795
459.1365,459.1445,49531,54796,Pipistrellus pipistrellus,0.025,0.027,-1,Echolocation,/mnt/ubna_data_02_mir/recover-20220922/UBNA_001/20220921_090000.WAV,Telephone Field,recover-20220922,001,1795
459.1455,459.1827,68437,82555,Rhinolophus ferrumequinum,0.024,0.024,-1,Echolocation,/mnt/ubna_data_02_mir/recover-20220922/UBNA_001/20220921_090000.WAV,Telephone Field,recover-20220922,001,1795
459.1585,459.2002,68437,82981,Rhinolophus ferrumequinum,0.024,0.024,-1,Echolocation,/mnt/ubna_data_02_mir/recover-20220922/UBNA_001/20220921_090000.WAV,Telephone Field,recover-20220922,001,1795
459.1585,459.1671,25468,36252,Eptesicus serotinus,0.007,0.022,-1,Echolocation,/mnt/ubna_data_02_mir/recover-20220922/UBNA_001/20220921_090000.WAV,Telephone Field,recover-20220922,001,1795
459.1745,459.2163,68437,83116,Rhinolophus ferrumequinum,0.027,0.027,-1,Echolocation,/mnt/ubna_data_02_mir/recover-20220922/UBNA_001/20220921_090000.WAV,Telephone Field,recover-20220922,001,1795
459.1815,459.222,68437,82253,Rhinolophus ferrumequinum,0.028,0.028,-1,Echolocation,/mnt/ubna_data_02_mir/recover-20220922/UBNA_001/20220921_090000.WAV,Telephone Field,recover-20220922,001,1795
459.1985,459.2381,68437,82127,Rhinolophus ferrumequinum,0.024,0.024,-1,Echolocation,/mnt/ubna_data_02_mir/recover-20220922/UBNA_001/20220921_090000.WAV,Telephone Field,recover-20220922,001,1795
459.2265,459.267,68437,82483,Rhinolophus ferrumequinum,0.025,0.025,-1,Echolocation,/mnt/ubna_data_02_mir/recover-20220922/UBNA_001/20220921_090000.WAV,Telephone Field,recover-20220922,001,1795
459.2415,459.2824,68437,82177,Rhinolophus ferrumequinum,0.022,0.022,-1,Echolocation,/mnt/ubna_data_02_mir/recover-20220922/UBNA_001/20220921_090000.WAV,Telephone Field,recover-20220922,001,1795
459.2755,459.2821,34062,43792,Myotis daubentonii,0.012,0.027,-1,Echolocation,/mnt/ubna_data_02_mir/recover-20220922/UBNA_001/20220921_090000.WAV,Telephone Field,recover-20220922,001,1795
459.2985,459.3415,68437,83178,Rhinolophus ferrumequinum,0.041,0.041,-1,Echolocation,/mnt/ubna_data_02_mir/recover-20220922/UBNA_001/20220921_090000.WAV,Telephone Field,recover-20220922,001,1795
459.3245,459.3358,23750,29312,Nyctalus leisleri,0.018,0.041,-1,Echolocation,/mnt/ubna_data_02_mir/recover-20220922/UBNA_001/20220921_090000.WAV,Telephone Field,recover-20220922,001,1795
459.3625,459.3984,68437,81375,Rhinolophus ferrumequinum,0.025,0.025,-1,Echolocation,/mnt/ubna_data_02_mir/recover-20220922/UBNA_001/20220921_090000.WAV,Telephone Field,recover-20220922,001,1795
459.3705,459.3811,27187,34415,Eptesicus serotinus,0.009,0.024,-1,Echolocation,/mnt/ubna_data_02_mir/recover-20220922/UBNA_001/20220921_090000.WAV,Telephone Field,recover-20220922,001,1795
459.3785,459.4194,68437,81565,Rhinolophus ferrumequinum,0.027,0.027,-1,Echolocation,/mnt/ubna_data_02_mir/recover-20220922/UBNA_001/20220921_090000.WAV,Telephone Field,recover-20220922,001,1795
459.3945,459.4317,68437,81574,Rhinolophus ferrumequinum,0.024,0.024,-1,Echolocation,/mnt/ubna_data_02_mir/recover-20220922/UBNA_001/20220921_090000.WAV,Telephone Field,recover-20220922,001,1795
459.4045,459.4132,28906,37132,Eptesicus serotinus,0.007,0.023,-1,Echolocation,/mnt/ubna_data_02_mir/recover-20220922/UBNA_001/20220921_090000.WAV,Telephone Field,recover-20220922,001,1795
459.4285,459.4389,28906,36604,Eptesicus serotinus,0.009,0.023,-1,Echolocation,/mnt/ubna_data_02_mir/recover-20220922/UBNA_001/20220921_090000.WAV,Telephone Field,recover-20220922,001,1795
459.4325,459.4687,68437,81559,Rhinolophus ferrumequinum,0.022,0.022,-1,Echolocation,/mnt/ubna_data_02_mir/recover-20220922/UBNA_001/20220921_090000.WAV,Telephone Field,recover-20220922,001,1795
459.4475,459.4575,23750,30889,Nyctalus leisleri,0.007,0.022,-1,Echolocation,/mnt/ubna_data_02_mir/recover-20220922/UBNA_001/20220921_090000.WAV,Telephone Field,recover-20220922,001,1795
459.4825,459.5234,68437,82581,Rhinolophus ferrumequinum,0.023,0.023,-1,Echolocation,/mnt/ubna_data_02_mir/recover-20220922/UBNA_001/20220921_090000.WAV,Telephone Field,recover-20220922,001,1795
459.5125,459.523,28906,36819,Eptesicus serotinus,0.01,0.022,-1,Echolocation,/mnt/ubna_data_02_mir/recover-20220922/UBNA_001/20220921_090000.WAV,Telephone Field,recover-20220922,001,1795
459.5365,459.5754,68437,82051,Rhinolophus ferrumequinum,0.023,0.023,-1,Echolocation,/mnt/ubna_data_02_mir/recover-20220922/UBNA_001/20220921_090000.WAV,Telephone Field,recover-20220922,001,1795
459.5585,459.5967,68437,82222,Rhinolophus ferrumequinum,0.026,0.026,-1,Echolocation,/mnt/ubna_data_02_mir/recover-20220922/UBNA_001/20220921_090000.WAV,Telephone Field,recover-20220922,001,1795
459.5715,459.6131,68437,82426,Rhinolophus ferrumequinum,0.024,0.024,-1,Echolocation,/mnt/ubna_data_02_mir/recover-20220922/UBNA_001/20220921_090000.WAV,Telephone Field,recover-20220922,001,1795
459.5885,459.6259,68437,82008,Rhinolophus ferrumequinum,0.023,0.023,-1,Echolocation,/mnt/ubna_data_02_mir/recover-20220922/UBNA_001/20220921_090000.WAV,Telephone Field,recover-20220922,001,1795
459.6345,459.672,68437,82030,Rhinolophus ferrumequinum,0.022,0.022,-1,Echolocation,/mnt/ubna_data_02_mir/recover-20220922/UBNA_001/20220921_090000.WAV,Telephone Field,recover-20220922,001,1795
459.6455,459.6613,23750,27825,Nyctalus leisleri,0.019,0.034,-1,Echolocation,/mnt/ubna_data_02_mir/recover-20220922/UBNA_001/20220921_090000.WAV,Telephone Field,recover-20220922,001,1795
459.6515,459.6914,68437,81552,Rhinolophus ferrumequinum,0.026,0.026,-1,Echolocation,/mnt/ubna_data_02_mir/recover-20220922/UBNA_001/20220921_090000.WAV,Telephone Field,recover-20220922,001,1795
459.6955,459.7372,68437,82742,Rhinolophus ferrumequinum,0.023,0.023,-1,Echolocation,/mnt/ubna_data_02_mir/recover-20220922/UBNA_001/20220921_090000.WAV,Telephone Field,recover-20220922,001,1795
459.7145,459.7257,22890,27632,Nyctalus leisleri,0.013,0.026,-1,Echolocation,/mnt/ubna_data_02_mir/recover-20220922/UBNA_001/20220921_090000.WAV,Telephone Field,recover-20220922,001,1795
459.7415,459.7522,22890,28812,Nyctalus leisleri,0.01,0.022,-1,Echolocation,/mnt/ubna_data_02_mir/recover-20220922/UBNA_001/20220921_090000.WAV,Telephone Field,recover-20220922,001,1795
459.7545,459.7662,23750,28679,Nyctalus leisleri,0.011,0.022,-1,Echolocation,/mnt/ubna_data_02_mir/recover-20220922/UBNA_001/20220921_090000.WAV,Telephone Field,recover-20220922,001,1795
459.7695,459.7785,27187,40566,Eptesicus serotinus,0.01,0.025,-1,Echolocation,/mnt/ubna_data_02_mir/recover-20220922/UBNA_001/20220921_090000.WAV,Telephone Field,recover-20220922,001,1795
459.7755,459.8199,68437,83485,Rhinolophus ferrumequinum,0.031,0.031,-1,Echolocation,/mnt/ubna_data_02_mir/recover-20220922/UBNA_001/20220921_090000.WAV,Telephone Field,recover-20220922,001,1795
459.8055,459.8182,23750,29064,Nyctalus leisleri,0.012,0.026,-1,Echolocation,/mnt/ubna_data_02_mir/recover-20220922/UBNA_001/20220921_090000.WAV,Telephone Field,recover-20220922,001,1795
459.8255,459.8674,68437,82478,Rhinolophus ferrumequinum,0.023,0.023,-1,Echolocation,/mnt/ubna_data_02_mir/recover-20220922/UBNA_001/20220921_090000.WAV,Telephone Field,recover-20220922,001,1795
459.8265,459.8376,23750,29093,Nyctalus leisleri,0.01,0.022,-1,Echolocation,/mnt/ubna_data_02_mir/recover-20220922/UBNA_001/20220921_090000.WAV,Telephone Field,recover-20220922,001,1795
459.8495,459.8685,21171,24293,Nyctalus leisleri,0.023,0.038,-1,Echolocation,/mnt/ubna_data_02_mir/recover-20220922/UBNA_001/20220921_090000.WAV,Telephone Field,recover-20220922,001,1795
459.8605,459.8678,28906,40331,Eptesicus serotinus,0.007,0.024,-1,Echolocation,/mnt/ubna_data_02_mir/recover-20220922/UBNA_001/20220921_090000.WAV,Telephone Field,recover-20220922,001,1795
459.8705,459.9135,68437,83014,Rhinolophus ferrumequinum,0.061,0.061,-1,Echolocation,/mnt/ubna_data_02_mir/recover-20220922/UBNA_001/20220921_090000.WAV,Telephone Field,recover-20220922,001,1795
459.9005,459.937,68437,81807,Rhinolophus ferrumequinum,0.025,0.025,-1,Echolocation,/mnt/ubna_data_02_mir/recover-20220922/UBNA_001/20220921_090000.WAV,Telephone Field,recover-20220922,001,1795
459.9505,459.9861,68437,80661,Rhinolophus ferrumequinum,0.022,0.022,-1,Echolocation,/mnt/ubna_data_02_mir/recover-20220922/UBNA_001/20220921_090000.WAV,Telephone Field,recover-20220922,001,1795
459.9845,459.9954,22890,28953,Nyctalus leisleri,0.011,0.025,-1,Echolocation,/mnt/ubna_data_02_mir/recover-20220922/UBNA_001/20220921_090000.WAV,Telephone Field,recover-20220922,001,1795
460.0015,460.0086,25468,37450,Plecotus austriacus,0.004,0.021,-1,Echolocation,/mnt/ubna_data_02_mir/recover-20220922/UBNA_001/20220921_090000.WAV,Telephone Field,recover-20220922,001,1795
460.0015,460.0328,68437,80411,Rhinolophus ferrumequinum,0.021,0.022,-1,Echolocation,/mnt/ubna_data_02_mir/recover-20220922/UBNA_001/20220921_090000.WAV,Telephone Field,recover-20220922,001,1795
460.0315,460.0409,23750,31492,Nyctalus leisleri,0.01,0.033,-1,Echolocation,/mnt/ubna_data_02_mir/recover-20220922/UBNA_001/20220921_090000.WAV,Telephone Field,recover-20220922,001,1795
460.0535,460.074,20312,23032,Nyctalus leisleri,0.017,0.032,-1,Echolocation,/mnt/ubna_data_02_mir/recover-20220922/UBNA_001/20220921_090000.WAV,Telephone Field,recover-20220922,001,1795
460.0755,460.0843,28906,37601,Eptesicus serotinus,0.007,0.023,-1,Echolocation,/mnt/ubna_data_02_mir/recover-20220922/UBNA_001/20220921_090000.WAV,Telephone Field,recover-20220922,001,1795
460.0815,460.1229,68437,82692,Rhinolophus ferrumequinum,0.021,0.021,-1,Echolocation,/mnt/ubna_data_02_mir/recover-20220922/UBNA_001/20220921_090000.WAV,Telephone Field,recover-20220922,001,1795
460.1165,460.1247,28906,37991,Eptesicus serotinus,0.006,0.021,-1,Echolocation,/mnt/ubna_data_02_mir/recover-20220922/UBNA_001/20220921_090000.WAV,Telephone Field,recover-20220922,001,1795
460.1435,460.1811,68437,81216,Rhinolophus ferrumequinum,0.022,0.023,-1,Echolocation,/mnt/ubna_data_02_mir/recover-20220922/UBNA_001/20220921_090000.WAV,Telephone Field,recover-20220922,001,1795
460.1615,460.1985,68437,81695,Rhinolophus ferrumequinum,0.02,0.02,-1,Echolocation,/mnt/ubna_data_02_mir/recover-20220922/UBNA_001/20220921_090000.WAV,Telephone Field,recover-20220922,001,1795
460.1835,460.2204,68437,81443,Rhinolophus ferrumequinum,0.02,0.021,-1,Echolocation,/mnt/ubna_data_02_mir/recover-20220922/UBNA_001/20220921_090000.WAV,Telephone Field,recover-20220922,001,1795
460.2125,460.2232,22031,27475,Nyctalus leisleri,0.01,0.024,-1,Echolocation,/mnt/ubna_data_02_mir/recover-20220922/UBNA_001/20220921_090000.WAV,Telephone Field,recover-20220922,001,1795
460.2195,460.2584,68437,82144,Rhinolophus ferrumequinum,0.024,0.024,-1,Echolocation,/mnt/ubna_data_02_mir/recover-20220922/UBNA_001/20220921_090000.WAV,Telephone Field,recover-20220922,001,1795
460.2435,460.2822,68437,82259,Rhinolophus ferrumequinum,0.023,0.023,-1,Echolocation,/mnt/ubna_data_02_mir/recover-20220922/UBNA_001/20220921_090000.WAV,Telephone Field,recover-20220922,001,1795
460.2555,460.2747,18593,21312,Nyctalus leisleri,0.011,0.022,-1,Echolocation,/mnt/ubna_data_02_mir/recover-20220922/UBNA_001/20220921_090000.WAV,Telephone Field,recover-20220922,001,1795
460.2585,460.2992,68437,82257,Rhinolophus ferrumequinum,0.021,0.021,-1,Echolocation,/mnt/ubna_data_02_mir/recover-20220922/UBNA_001/20220921_090000.WAV,Telephone Field,recover-20220922,001,1795
460.2855,460.3234,68437,81817,Rhinolophus ferrumequinum,0.022,0.022,-1,Echolocation,/mnt/ubna_data_02_mir/recover-20220922/UBNA_001/20220921_090000.WAV,Telephone Field,recover-20220922,001,1795
460.2905,460.3269,68437,81305,Rhinolophus ferrumequinum,0.021,0.021,-1,Echolocation,/mnt/ubna_data_02_mir/recover-20220922/UBNA_001/20220921_090000.WAV,Telephone Field,recover-20220922,001,1795
460.3575,460.3977,68437,82649,Rhinolophus ferrumequinum,0.029,0.029,-1,Echolocation,/mnt/ubna_data_02_mir/recover-20220922/UBNA_001/20220921_090000.WAV,Telephone Field,recover-20220922,001,1795
460.3715,460.3809,22031,27803,Plecotus austriacus,0.008,0.022,-1,Echolocation,/mnt/ubna_data_02_mir/recover-20220922/UBNA_001/20220921_090000.WAV,Telephone Field,recover-20220922,001,1795
460.3715,460.3805,28906,37257,Eptesicus serotinus,0.008,0.025,-1,Echolocation,/mnt/ubna_data_02_mir/recover-20220922/UBNA_001/20220921_090000.WAV,Telephone Field,recover-20220922,001,1795
460.3895,460.3973,28046,43329,Eptesicus serotinus,0.008,0.022,-1,Echolocation,/mnt/ubna_data_02_mir/recover-20220922/UBNA_001/20220921_090000.WAV,Telephone Field,recover-20220922,001,1795
460.4085,460.4519,68437,83150,Rhinolophus ferrumequinum,0.033,0.033,-1,Echolocation,/mnt/ubna_data_02_mir/recover-20220922/UBNA_001/20220921_090000.WAV,Telephone Field,recover-20220922,001,1795
460.4665,460.4775,22890,27725,Nyctalus leisleri,0.011,0.021,-1,Echolocation,/mnt/ubna_data_02_mir/recover-20220922/UBNA_001/20220921_090000.WAV,Telephone Field,recover-20220922,001,1795
460.4755,460.4946,20312,23230,Nyctalus leisleri,0.016,0.028,-1,Echolocation,/mnt/ubna_data_02_mir/recover-20220922/UBNA_001/20220921_090000.WAV,Telephone Field,recover-20220922,001,1795
460.4905,460.5287,68437,82004,Rhinolophus ferrumequinum,0.023,0.023,-1,Echolocation,/mnt/ubna_data_02_mir/recover-20220922/UBNA_001/20220921_090000.WAV,Telephone Field,recover-20220922,001,1795
460.5085,460.5433,68437,81650,Rhinolophus ferrumequinum,0.023,0.023,-1,Echolocation,/mnt/ubna_data_02_mir/recover-20220922/UBNA_001/20220921_090000.WAV,Telephone Field,recover-20220922,001,1795
460.5095,460.5181,25468,34330,Eptesicus serotinus,0.009,0.024,-1,Echolocation,/mnt/ubna_data_02_mir/recover-20220922/UBNA_001/20220921_090000.WAV,Telephone Field,recover-20220922,001,1795
460.5455,460.5536,25468,34481,Eptesicus serotinus,0.007,0.023,-1,Echolocation,/mnt/ubna_data_02_mir/recover-20220922/UBNA_001/20220921_090000.WAV,Telephone Field,recover-20220922,001,1795
460.5925,460.6027,28906,38253,Eptesicus serotinus,0.008,0.021,-1,Echolocation,/mnt/ubna_data_02_mir/recover-20220922/UBNA_001/20220921_090000.WAV,Telephone Field,recover-20220922,001,1795
460.5925,460.6354,68437,83321,Rhinolophus ferrumequinum,0.027,0.027,-1,Echolocation,/mnt/ubna_data_02_mir/recover-20220922/UBNA_001/20220921_090000.WAV,Telephone Field,recover-20220922,001,1795
460.6215,460.6609,68437,82580,Rhinolophus ferrumequinum,0.027,0.028,-1,Echolocation,/mnt/ubna_data_02_mir/recover-20220922/UBNA_001/20220921_090000.WAV,Telephone Field,recover-20220922,001,1795
460.6355,460.6465,28046,35860,Eptesicus serotinus,0.02,0.037,-1,Echolocation,/mnt/ubna_data_02_mir/recover-20220922/UBNA_001/20220921_090000.WAV,Telephone Field,recover-20220922,001,1795
460.6455,460.6861,68437,82729,Rhinolophus ferrumequinum,0.023,0.023,-1,Echolocation,/mnt/ubna_data_02_mir/recover-20220922/UBNA_001/20220921_090000.WAV,Telephone Field,recover-20220922,001,1795
460.6525,460.6624,24609,32187,Nyctalus leisleri,0.009,0.027,-1,Echolocation,/mnt/ubna_data_02_mir/recover-20220922/UBNA_001/20220921_090000.WAV,Telephone Field,recover-20220922,001,1795
460.6715,460.7111,68437,81783,Rhinolophus ferrumequinum,0.02,0.02,-1,Echolocation,/mnt/ubna_data_02_mir/recover-20220922/UBNA_001/20220921_090000.WAV,Telephone Field,recover-20220922,001,1795
460.6765,460.7173,68437,82175,Rhinolophus ferrumequinum,0.02,0.02,-1,Echolocation,/mnt/ubna_data_02_mir/recover-20220922/UBNA_001/20220921_090000.WAV,Telephone Field,recover-20220922,001,1795
460.6935,460.7033,25468,32595,Eptesicus serotinus,0.013,0.029,-1,Echolocation,/mnt/ubna_data_02_mir/recover-20220922/UBNA_001/20220921_090000.WAV,Telephone Field,recover-20220922,001,1795
460.7365,460.7747,68437,82220,Rhinolophus ferrumequinum,0.02,0.02,-1,Echolocation,/mnt/ubna_data_02_mir/recover-20220922/UBNA_001/20220921_090000.WAV,Telephone Field,recover-20220922,001,1795
460.7505,460.7589,24609,32816,Plecotus austriacus,0.006,0.021,-1,Echolocation,/mnt/ubna_data_02_mir/recover-20220922/UBNA_001/20220921_090000.WAV,Telephone Field,recover-20220922,001,1795
460.7595,460.7996,68437,82477,Rhinolophus ferrumequinum,0.021,0.021,-1,Echolocation,/mnt/ubna_data_02_mir/recover-20220922/UBNA_001/20220921_090000.WAV,Telephone Field,recover-20220922,001,1795
460.7725,460.7802,28046,40858,Eptesicus serotinus,0.008,0.022,-1,Echolocation,/mnt/ubna_data_02_mir/recover-20220922/UBNA_001/20220921_090000.WAV,Telephone Field,recover-20220922,001,1795
460.7935,460.8318,68437,81693,Rhinolophus ferrumequinum,0.02,0.02,-1,Echolocation,/mnt/ubna_data_02_mir/recover-20220922/UBNA_001/20220921_090000.WAV,Telephone Field,recover-20220922,001,1795
460.8225,460.8301,26328,35466,Eptesicus serotinus,0.007,0.021,-1,Echolocation,/mnt/ubna_data_02_mir/recover-20220922/UBNA_001/20220921_090000.WAV,Telephone Field,recover-20220922,001,1795
460.8505,460.8582,39218,47682,Myotis daubentonii,0.007,0.023,-1,Echolocation,/mnt/ubna_data_02_mir/recover-20220922/UBNA_001/20220921_090000.WAV,Telephone Field,recover-20220922,001,1795
460.8605,460.9015,68437,82290,Rhinolophus ferrumequinum,0.022,0.022,-1,Echolocation,/mnt/ubna_data_02_mir/recover-20220922/UBNA_001/20220921_090000.WAV,Telephone Field,recover-20220922,001,1795
460.8695,460.9064,68437,82351,Rhinolophus ferrumequinum,0.021,0.021,-1,Echolocation,/mnt/ubna_data_02_mir/recover-20220922/UBNA_001/20220921_090000.WAV,Telephone Field,recover-20220922,001,1795
460.8845,460.8921,27187,37260,Eptesicus serotinus,0.006,0.02,-1,Echolocation,/mnt/ubna_data_02_mir/recover-20220922/UBNA_001/20220921_090000.WAV,Telephone Field,recover-20220922,001,1795
460.9015,460.9389,68437,81938,Rhinolophus ferrumequinum,0.021,0.021,-1,Echolocation,/mnt/ubna_data_02_mir/recover-20220922/UBNA_001/20220921_090000.WAV,Telephone Field,recover-20220922,001,1795
460.9265,460.9659,68437,82118,Rhinolophus ferrumequinum,0.02,0.02,-1,Echolocation,/mnt/ubna_data_02_mir/recover-20220922/UBNA_001/20220921_090000.WAV,Telephone Field,recover-20220922,001,1795
460.9515,460.9883,68437,81801,Rhinolophus ferrumequinum,0.02,0.02,-1,Echolocation,/mnt/ubna_data_02_mir/recover-20220922/UBNA_001/20220921_090000.WAV,Telephone Field,recover-20220922,001,1795
460.9665,460.9762,28906,36628,Eptesicus serotinus,0.015,0.03,-1,Echolocation,/mnt/ubna_data_02_mir/recover-20220922/UBNA_001/20220921_090000.WAV,Telephone Field,recover-20220922,001,1795
460.9775,461.0166,68437,81708,Rhinolophus ferrumequinum,0.023,0.023,-1,Echolocation,/mnt/ubna_data_02_mir/recover-20220922/UBNA_001/20220921_090000.WAV,Telephone Field,recover-20220922,001,1795
460.9945,461.0344,68437,82625,Rhinolophus ferrumequinum,0.024,0.024,-1,Echolocation,/mnt/ubna_data_02_mir/recover-20220922/UBNA_001/20220921_090000.WAV,Telephone Field,recover-20220922,001,1795
460.9945,461.0031,23750,31080,Plecotus austriacus,0.007,0.023,-1,Echolocation,/mnt/ubna_data_02_mir/recover-20220922/UBNA_001/20220921_090000.WAV,Telephone Field,recover-20220922,001,1795
461.0385,461.0494,23750,29690,Nyctalus leisleri,0.009,0.021,-1,Echolocation,/mnt/ubna_data_02_mir/recover-20220922/UBNA_001/20220921_090000.WAV,Telephone Field,recover-20220922,001,1795
461.0515,461.0613,28906,37013,Eptesicus serotinus,0.008,0.021,-1,Echolocation,/mnt/ubna_data_02_mir/recover-20220922/UBNA_001/20220921_090000.WAV,Telephone Field,recover-20220922,001,1795
461.0665,461.1051,68437,82285,Rhinolophus ferrumequinum,0.023,0.023,-1,Echolocation,/mnt/ubna_data_02_mir/recover-20220922/UBNA_001/20220921_090000.WAV,Telephone Field,recover-20220922,001,1795
461.0815,461.0899,28906,37034,Eptesicus serotinus,0.007,0.021,-1,Echolocation,/mnt/ubna_data_02_mir/recover-20220922/UBNA_001/20220921_090000.WAV,Telephone Field,recover-20220922,001,1795
461.0845,461.0942,22890,28547,Nyctalus leisleri,0.009,0.021,-1,Echolocation,/mnt/ubna_data_02_mir/recover-20220922/UBNA_001/20220921_090000.WAV,Telephone Field,recover-20220922,001,1795
461.0895,461.1284,68437,82511,Rhinolophus ferrumequinum,0.038,0.038,-1,Echolocation,/mnt/ubna_data_02_mir/recover-20220922/UBNA_001/20220921_090000.WAV,Telephone Field,recover-20220922,001,1795
461.1365,461.1474,23750,29576,Nyctalus leisleri,0.008,0.02,-1,Echolocation,/mnt/ubna_data_02_mir/recover-20220922/UBNA_001/20220921_090000.WAV,Telephone Field,recover-20220922,001,1795
461.1425,461.1515,27187,36299,Eptesicus serotinus,0.008,0.021,-1,Echolocation,/mnt/ubna_data_02_mir/recover-20220922/UBNA_001/20220921_090000.WAV,Telephone Field,recover-20220922,001,1795
461.16949999999997,461.1866,23750,28380,Nyctalus leisleri,0.019,0.034,-1,Echolocation,/mnt/ubna_data_02_mir/recover-20220922/UBNA_001/20220921_090000.WAV,Telephone Field,recover-20220922,001,1795
461.2045,461.2121,26328,35385,Eptesicus serotinus,0.009,0.025,-1,Echolocation,/mnt/ubna_data_02_mir/recover-20220922/UBNA_001/20220921_090000.WAV,Telephone Field,recover-20220922,001,1795
461.2115,461.2195,51250,57437,Pipistrellus pipistrellus,0.015,0.02,-1,Echolocation,/mnt/ubna_data_02_mir/recover-20220922/UBNA_001/20220921_090000.WAV,Telephone Field,recover-20220922,001,1795
461.2165,461.258,68437,82993,Rhinolophus ferrumequinum,0.022,0.022,-1,Echolocation,/mnt/ubna_data_02_mir/recover-20220922/UBNA_001/20220921_090000.WAV,Telephone Field,recover-20220922,001,1795
461.2445,461.2848,68437,82559,Rhinolophus ferrumequinum,0.026,0.026,-1,Echolocation,/mnt/ubna_data_02_mir/recover-20220922/UBNA_001/20220921_090000.WAV,Telephone Field,recover-20220922,001,1795
461.2475,461.2546,23750,34731,Plecotus austriacus,0.011,0.026,-1,Echolocation,/mnt/ubna_data_02_mir/recover-20220922/UBNA_001/20220921_090000.WAV,Telephone Field,recover-20220922,001,1795
461.2725,461.2812,26328,35929,Eptesicus serotinus,0.01,0.025,-1,Echolocation,/mnt/ubna_data_02_mir/recover-20220922/UBNA_001/20220921_090000.WAV,Telephone Field,recover-20220922,001,1795
461.2735,461.3085,68437,80811,Rhinolophus ferrumequinum,0.023,0.023,-1,Echolocation,/mnt/ubna_data_02_mir/recover-20220922/UBNA_001/20220921_090000.WAV,Telephone Field,recover-20220922,001,1795
461.2785,461.2877,25468,32596,Eptesicus serotinus,0.008,0.025,-1,Echolocation,/mnt/ubna_data_02_mir/recover-20220922/UBNA_001/20220921_090000.WAV,Telephone Field,recover-20220922,001,1795
461.3285,461.3687,68437,82096,Rhinolophus ferrumequinum,0.026,0.026,-1,Echolocation,/mnt/ubna_data_02_mir/recover-20220922/UBNA_001/20220921_090000.WAV,Telephone Field,recover-20220922,001,1795
461.3985,461.4388,68437,81807,Rhinolophus ferrumequinum,0.021,0.021,-1,Echolocation,/mnt/ubna_data_02_mir/recover-20220922/UBNA_001/20220921_090000.WAV,Telephone Field,recover-20220922,001,1795
461.45550000000003,461.4627,25468,34645,Plecotus austriacus,0.006,0.021,-1,Echolocation,/mnt/ubna_data_02_mir/recover-20220922/UBNA_001/20220921_090000.WAV,Telephone Field,recover-20220922,001,1795
461.4665,461.5065,68437,82458,Rhinolophus ferrumequinum,0.035,0.035,-1,Echolocation,/mnt/ubna_data_02_mir/recover-20220922/UBNA_001/20220921_090000.WAV,Telephone Field,recover-20220922,001,1795
461.4925,461.5284,68437,81416,Rhinolophus ferrumequinum,0.021,0.021,-1,Echolocation,/mnt/ubna_data_02_mir/recover-20220922/UBNA_001/20220921_090000.WAV,Telephone Field,recover-20220922,001,1795
461.5155,461.5258,28906,35748,Eptesicus serotinus,0.008,0.022,-1,Echolocation,/mnt/ubna_data_02_mir/recover-20220922/UBNA_001/20220921_090000.WAV,Telephone Field,recover-20220922,001,1795
461.5165,461.5541,68437,82161,Rhinolophus ferrumequinum,0.023,0.023,-1,Echolocation,/mnt/ubna_data_02_mir/recover-20220922/UBNA_001/20220921_090000.WAV,Telephone Field,recover-20220922,001,1795
461.5225,461.5636,68437,82784,Rhinolophus ferrumequinum,0.024,0.024,-1,Echolocation,/mnt/ubna_data_02_mir/recover-20220922/UBNA_001/20220921_090000.WAV,Telephone Field,recover-20220922,001,1795
461.5435,461.5528,28046,36590,Eptesicus serotinus,0.008,0.02,-1,Echolocation,/mnt/ubna_data_02_mir/recover-20220922/UBNA_001/20220921_090000.WAV,Telephone Field,recover-20220922,001,1795
461.5585,461.5946,68437,81760,Rhinolophus ferrumequinum,0.022,0.022,-1,Echolocation,/mnt/ubna_data_02_mir/recover-20220922/UBNA_001/20220921_090000.WAV,Telephone Field,recover-20220922,001,1795
461.6015,461.6423,68437,82312,Rhinolophus ferrumequinum,0.021,0.021,-1,Echolocation,/mnt/ubna_data_02_mir/recover-20220922/UBNA_001/20220921_090000.WAV,Telephone Field,recover-20220922,001,1795
461.6055,461.616,43515,48807,Pipistrellus pipistrellus,0.022,0.026,-1,Echolocation,/mnt/ubna_data_02_mir/recover-20220922/UBNA_001/20220921_090000.WAV,Telephone Field,recover-20220922,001,1795
461.6085,461.6494,68437,82721,Rhinolophus ferrumequinum,0.021,0.021,-1,Echolocation,/mnt/ubna_data_02_mir/recover-20220922/UBNA_001/20220921_090000.WAV,Telephone Field,recover-20220922,001,1795
461.6145,461.623,28046,36987,Eptesicus serotinus,0.007,0.021,-1,Echolocation,/mnt/ubna_data_02_mir/recover-20220922/UBNA_001/20220921_090000.WAV,Telephone Field,recover-20220922,001,1795
461.6515,461.6918,68437,82437,Rhinolophus ferrumequinum,0.021,0.021,-1,Echolocation,/mnt/ubna_data_02_mir/recover-20220922/UBNA_001/20220921_090000.WAV,Telephone Field,recover-20220922,001,1795
461.7045,461.7428,68437,82153,Rhinolophus ferrumequinum,0.02,0.02,-1,Echolocation,/mnt/ubna_data_02_mir/recover-20220922/UBNA_001/20220921_090000.WAV,Telephone Field,recover-20220922,001,1795
461.7075,461.7182,28906,35952,Eptesicus serotinus,0.01,0.026,-1,Echolocation,/mnt/ubna_data_02_mir/recover-20220922/UBNA_001/20220921_090000.WAV,Telephone Field,recover-20220922,001,1795
461.7165,461.726,22890,29748,Nyctalus leisleri,0.01,0.03,-1,Echolocation,/mnt/ubna_data_02_mir/recover-20220922/UBNA_001/20220921_090000.WAV,Telephone Field,recover-20220922,001,1795
461.7315,461.7677,68437,81404,Rhinolophus ferrumequinum,0.021,0.022,-1,Echolocation,/mnt/ubna_data_02_mir/recover-20220922/UBNA_001/20220921_090000.WAV,Telephone Field,recover-20220922,001,1795
461.7405,461.78,68437,82181,Rhinolophus ferrumequinum,0.021,0.021,-1,Echolocation,/mnt/ubna_data_02_mir/recover-20220922/UBNA_001/20220921_090000.WAV,Telephone Field,recover-20220922,001,1795
461.7435,461.7513,23750,32329,Plecotus austriacus,0.006,0.022,-1,Echolocation,/mnt/ubna_data_02_mir/recover-20220922/UBNA_001/20220921_090000.WAV,Telephone Field,recover-20220922,001,1795
461.7605,461.8001,68437,82767,Rhinolophus ferrumequinum,0.025,0.025,-1,Echolocation,/mnt/ubna_data_02_mir/recover-20220922/UBNA_001/20220921_090000.WAV,Telephone Field,recover-20220922,001,1795
461.7695,461.7802,44375,49056,Pipistrellus pipistrellus,0.023,0.026,-1,Echolocation,/mnt/ubna_data_02_mir/recover-20220922/UBNA_001/20220921_090000.WAV,Telephone Field,recover-20220922,001,1795
461.7935,461.8344,68437,81994,Rhinolophus ferrumequinum,0.025,0.026,-1,Echolocation,/mnt/ubna_data_02_mir/recover-20220922/UBNA_001/20220921_090000.WAV,Telephone Field,recover-20220922,001,1795
461.8285,461.871,68437,83194,Rhinolophus ferrumequinum,0.031,0.031,-1,Echolocation,/mnt/ubna_data_02_mir/recover-20220922/UBNA_001/20220921_090000.WAV,Telephone Field,recover-20220922,001,1795
461.8415,461.8545,25468,30441,Nyctalus leisleri,0.02,0.04,-1,Echolocation,/mnt/ubna_data_02_mir/recover-20220922/UBNA_001/20220921_090000.WAV,Telephone Field,recover-20220922,001,1795
461.8545,461.89,68437,81066,Rhinolophus ferrumequinum,0.022,0.022,-1,Echolocation,/mnt/ubna_data_02_mir/recover-20220922/UBNA_001/20220921_090000.WAV,Telephone Field,recover-20220922,001,1795
461.8735,461.8812,23750,32187,Plecotus austriacus,0.009,0.022,-1,Echolocation,/mnt/ubna_data_02_mir/recover-20220922/UBNA_001/20220921_090000.WAV,Telephone Field,recover-20220922,001,1795
461.9185,461.9292,28046,35183,Eptesicus serotinus,0.009,0.021,-1,Echolocation,/mnt/ubna_data_02_mir/recover-20220922/UBNA_001/20220921_090000.WAV,Telephone Field,recover-20220922,001,1795
461.9485,461.958,28046,37508,Eptesicus serotinus,0.008,0.021,-1,Echolocation,/mnt/ubna_data_02_mir/recover-20220922/UBNA_001/20220921_090000.WAV,Telephone Field,recover-20220922,001,1795
461.9495,461.98969999999997,68437,82337,Rhinolophus ferrumequinum,0.022,0.022,-1,Echolocation,/mnt/ubna_data_02_mir/recover-20220922/UBNA_001/20220921_090000.WAV,Telephone Field,recover-20220922,001,1795
461.9615,461.9984,68437,81188,Rhinolophus ferrumequinum,0.021,0.021,-1,Echolocation,/mnt/ubna_data_02_mir/recover-20220922/UBNA_001/20220921_090000.WAV,Telephone Field,recover-20220922,001,1795
461.9845,461.995,26328,35556,Eptesicus serotinus,0.011,0.025,-1,Echolocation,/mnt/ubna_data_02_mir/recover-20220922/UBNA_001/20220921_090000.WAV,Telephone Field,recover-20220922,001,1795
462.0015,462.01030000000003,23750,31570,Nyctalus leisleri,0.011,0.029,-1,Echolocation,/mnt/ubna_data_02_mir/recover-20220922/UBNA_001/20220921_090000.WAV,Telephone Field,recover-20220922,001,1795
462.0015,462.0125,48671,54889,Pipistrellus pipistrellus,0.022,0.029,-1,Echolocation,/mnt/ubna_data_02_mir/recover-20220922/UBNA_001/20220921_090000.WAV,Telephone Field,recover-20220922,001,1795
462.0015,462.0128,30625,38594,Eptesicus serotinus,0.01,0.026,-1,Echolocation,/mnt/ubna_data_02_mir/recover-20220922/UBNA_001/20220921_090000.WAV,Telephone Field,recover-20220922,001,1795
462.0015,462.0358,69296,81875,Rhinolophus ferrumequinum,0.032,0.032,-1,Echolocation,/mnt/ubna_data_02_mir/recover-20220922/UBNA_001/20220921_090000.WAV,Telephone Field,recover-20220922,001,1795
462.0095,462.0561,68437,83478,Rhinolophus ferrumequinum,0.035,0.035,-1,Echolocation,/mnt/ubna_data_02_mir/recover-20220922/UBNA_001/20220921_090000.WAV,Telephone Field,recover-20220922,001,1795
462.0095,462.0267,33203,37799,Eptesicus serotinus,0.013,0.036,-1,Echolocation,/mnt/ubna_data_02_mir/recover-20220922/UBNA_001/20220921_090000.WAV,Telephone Field,recover-20220922,001,1795
462.0385,462.0772,68437,81794,Rhinolophus ferrumequinum,0.022,0.022,-1,Echolocation,/mnt/ubna_data_02_mir/recover-20220922/UBNA_001/20220921_090000.WAV,Telephone Field,recover-20220922,001,1795
462.0495,462.0884,68437,81988,Rhinolophus ferrumequinum,0.024,0.025,-1,Echolocation,/mnt/ubna_data_02_mir/recover-20220922/UBNA_001/20220921_090000.WAV,Telephone Field,recover-20220922,001,1795
462.0545,462.0942,68437,81887,Rhinolophus ferrumequinum,0.023,0.023,-1,Echolocation,/mnt/ubna_data_02_mir/recover-20220922/UBNA_001/20220921_090000.WAV,Telephone Field,recover-20220922,001,1795
462.0825,462.115,68437,80768,Rhinolophus ferrumequinum,0.023,0.023,-1,Echolocation,/mnt/ubna_data_02_mir/recover-20220922/UBNA_001/20220921_090000.WAV,Telephone Field,recover-20220922,001,1795
462.0975,462.1361,68437,82680,Rhinolophus ferrumequinum,0.023,0.023,-1,Echolocation,/mnt/ubna_data_02_mir/recover-20220922/UBNA_001/20220921_090000.WAV,Telephone Field,recover-20220922,001,1795
462.1045,462.1118,28046,39483,Eptesicus serotinus,0.008,0.026,-1,Echolocation,/mnt/ubna_data_02_mir/recover-20220922/UBNA_001/20220921_090000.WAV,Telephone Field,recover-20220922,001,1795
462.1295,462.1685,68437,82364,Rhinolophus ferrumequinum,0.022,0.022,-1,Echolocation,/mnt/ubna_data_02_mir/recover-20220922/UBNA_001/20220921_090000.WAV,Telephone Field,recover-20220922,001,1795
462.1315,462.1408,28046,36978,Eptesicus serotinus,0.008,0.023,-1,Echolocation,/mnt/ubna_data_02_mir/recover-20220922/UBNA_001/20220921_090000.WAV,Telephone Field,recover-20220922,001,1795
462.1635,462.1708,27187,38219,Eptesicus serotinus,0.006,0.022,-1,Echolocation,/mnt/ubna_data_02_mir/recover-20220922/UBNA_001/20220921_090000.WAV,Telephone Field,recover-20220922,001,1795
462.1945,462.23199999999997,68437,81820,Rhinolophus ferrumequinum,0.024,0.024,-1,Echolocation,/mnt/ubna_data_02_mir/recover-20220922/UBNA_001/20220921_090000.WAV,Telephone Field,recover-20220922,001,1795
462.20550000000003,462.2249,18593,22346,Nyctalus noctula,0.017,0.027,-1,Echolocation,/mnt/ubna_data_02_mir/recover-20220922/UBNA_001/20220921_090000.WAV,Telephone Field,recover-20220922,001,1795
462.2435,462.2816,68437,82225,Rhinolophus ferrumequinum,0.033,0.033,-1,Echolocation,/mnt/ubna_data_02_mir/recover-20220922/UBNA_001/20220921_090000.WAV,Telephone Field,recover-20220922,001,1795
462.2575,462.2972,68437,81798,Rhinolophus ferrumequinum,0.022,0.022,-1,Echolocation,/mnt/ubna_data_02_mir/recover-20220922/UBNA_001/20220921_090000.WAV,Telephone Field,recover-20220922,001,1795
462.2725,462.3124,68437,82218,Rhinolophus ferrumequinum,0.027,0.027,-1,Echolocation,/mnt/ubna_data_02_mir/recover-20220922/UBNA_001/20220921_090000.WAV,Telephone Field,recover-20220922,001,1795
462.3065,462.346,68437,81896,Rhinolophus ferrumequinum,0.022,0.022,-1,Echolocation,/mnt/ubna_data_02_mir/recover-20220922/UBNA_001/20220921_090000.WAV,Telephone Field,recover-20220922,001,1795
462.3095,462.3205,28046,34426,Eptesicus serotinus,0.01,0.022,-1,Echolocation,/mnt/ubna_data_02_mir/recover-20220922/UBNA_001/20220921_090000.WAV,Telephone Field,recover-20220922,001,1795
462.3145,462.3517,68437,82315,Rhinolophus ferrumequinum,0.023,0.023,-1,Echolocation,/mnt/ubna_data_02_mir/recover-20220922/UBNA_001/20220921_090000.WAV,Telephone Field,recover-20220922,001,1795
462.3395,462.3507,23750,28840,Nyctalus leisleri,0.01,0.023,-1,Echolocation,/mnt/ubna_data_02_mir/recover-20220922/UBNA_001/20220921_090000.WAV,Telephone Field,recover-20220922,001,1795
462.3675,462.4065,68437,81514,Rhinolophus ferrumequinum,0.032,0.032,-1,Echolocation,/mnt/ubna_data_02_mir/recover-20220922/UBNA_001/20220921_090000.WAV,Telephone Field,recover-20220922,001,1795
462.4165,462.4551,68437,81743,Rhinolophus ferrumequinum,0.03,0.03,-1,Echolocation,/mnt/ubna_data_02_mir/recover-20220922/UBNA_001/20220921_090000.WAV,Telephone Field,recover-20220922,001,1795
462.4165,462.4253,27187,38317,Eptesicus serotinus,0.009,0.024,-1,Echolocation,/mnt/ubna_data_02_mir/recover-20220922/UBNA_001/20220921_090000.WAV,Telephone Field,recover-20220922,001,1795
462.4505,462.4889,68437,81446,Rhinolophus ferrumequinum,0.025,0.025,-1,Echolocation,/mnt/ubna_data_02_mir/recover-20220922/UBNA_001/20220921_090000.WAV,Telephone Field,recover-20220922,001,1795
462.4575,462.4985,68437,82155,Rhinolophus ferrumequinum,0.029,0.029,-1,Echolocation,/mnt/ubna_data_02_mir/recover-20220922/UBNA_001/20220921_090000.WAV,Telephone Field,recover-20220922,001,1795
462.5035,462.5133,28906,36228,Eptesicus serotinus,0.008,0.022,-1,Echolocation,/mnt/ubna_data_02_mir/recover-20220922/UBNA_001/20220921_090000.WAV,Telephone Field,recover-20220922,001,1795
462.5205,462.5651,68437,83240,Rhinolophus ferrumequinum,0.053,0.053,-1,Echolocation,/mnt/ubna_data_02_mir/recover-20220922/UBNA_001/20220921_090000.WAV,Telephone Field,recover-20220922,001,1795
462.5475,462.5815,68437,80933,Rhinolophus ferrumequinum,0.025,0.025,-1,Echolocation,/mnt/ubna_data_02_mir/recover-20220922/UBNA_001/20220921_090000.WAV,Telephone Field,recover-20220922,001,1795
462.5605,462.5996,68437,81980,Rhinolophus ferrumequinum,0.022,0.022,-1,Echolocation,/mnt/ubna_data_02_mir/recover-20220922/UBNA_001/20220921_090000.WAV,Telephone Field,recover-20220922,001,1795
462.5725,462.61469999999997,68437,82399,Rhinolophus ferrumequinum,0.029,0.029,-1,Echolocation,/mnt/ubna_data_02_mir/recover-20220922/UBNA_001/20220921_090000.WAV,Telephone Field,recover-20220922,001,1795
462.6185,462.6608,68437,82583,Rhinolophus ferrumequinum,0.059,0.059,-1,Echolocation,/mnt/ubna_data_02_mir/recover-20220922/UBNA_001/20220921_090000.WAV,Telephone Field,recover-20220922,001,1795
462.6875,462.7313,68437,82733,Rhinolophus ferrumequinum,0.023,0.023,-1,Echolocation,/mnt/ubna_data_02_mir/recover-20220922/UBNA_001/20220921_090000.WAV,Telephone Field,recover-20220922,001,1795
462.6975,462.7393,68437,82720,Rhinolophus ferrumequinum,0.022,0.022,-1,Echolocation,/mnt/ubna_data_02_mir/recover-20220922/UBNA_001/20220921_090000.WAV,Telephone Field,recover-20220922,001,1795
462.7355,462.7771,68437,83043,Rhinolophus ferrumequinum,0.027,0.027,-1,Echolocation,/mnt/ubna_data_02_mir/recover-20220922/UBNA_001/20220921_090000.WAV,Telephone Field,recover-20220922,001,1795
462.7615,462.772,24609,31621,Eptesicus serotinus,0.011,0.025,-1,Echolocation,/mnt/ubna_data_02_mir/recover-20220922/UBNA_001/20220921_090000.WAV,Telephone Field,recover-20220922,001,1795
462.7795,462.8143,68437,81020,Rhinolophus ferrumequinum,0.023,0.023,-1,Echolocation,/mnt/ubna_data_02_mir/recover-20220922/UBNA_001/20220921_090000.WAV,Telephone Field,recover-20220922,001,1795
462.7965,462.806,28906,37609,Eptesicus serotinus,0.009,0.024,-1,Echolocation,/mnt/ubna_data_02_mir/recover-20220922/UBNA_001/20220921_090000.WAV,Telephone Field,recover-20220922,001,1795
462.8055,462.84590000000003,68437,82224,Rhinolophus ferrumequinum,0.031,0.031,-1,Echolocation,/mnt/ubna_data_02_mir/recover-20220922/UBNA_001/20220921_090000.WAV,Telephone Field,recover-20220922,001,1795
462.8935,462.9355,68437,82886,Rhinolophus ferrumequinum,0.029,0.029,-1,Echolocation,/mnt/ubna_data_02_mir/recover-20220922/UBNA_001/20220921_090000.WAV,Telephone Field,recover-20220922,001,1795
462.9295,462.9396,28906,36134,Eptesicus serotinus,0.01,0.023,-1,Echolocation,/mnt/ubna_data_02_mir/recover-20220922/UBNA_001/20220921_090000.WAV,Telephone Field,recover-20220922,001,1795
462.9365,462.9748,68437,81467,Rhinolophus ferrumequinum,0.024,0.024,-1,Echolocation,/mnt/ubna_data_02_mir/recover-20220922/UBNA_001/20220921_090000.WAV,Telephone Field,recover-20220922,001,1795
462.9685,463.0081,68437,82473,Rhinolophus ferrumequinum,0.022,0.022,-1,Echolocation,/mnt/ubna_data_02_mir/recover-20220922/UBNA_001/20220921_090000.WAV,Telephone Field,recover-20220922,001,1795
462.9865,463.0249,68437,82088,Rhinolophus ferrumequinum,0.022,0.022,-1,Echolocation,/mnt/ubna_data_02_mir/recover-20220922/UBNA_001/20220921_090000.WAV,Telephone Field,recover-20220922,001,1795
462.9985,463.0066,28906,38693,Eptesicus serotinus,0.007,0.023,-1,Echolocation,/mnt/ubna_data_02_mir/recover-20220922/UBNA_001/20220921_090000.WAV,Telephone Field,recover-20220922,001,1795
463.0325,463.0727,68437,82700,Rhinolophus ferrumequinum,0.029,0.029,-1,Echolocation,/mnt/ubna_data_02_mir/recover-20220922/UBNA_001/20220921_090000.WAV,Telephone Field,recover-20220922,001,1795
463.0455,463.0852,68437,82186,Rhinolophus ferrumequinum,0.023,0.023,-1,Echolocation,/mnt/ubna_data_02_mir/recover-20220922/UBNA_001/20220921_090000.WAV,Telephone Field,recover-20220922,001,1795
463.0545,463.0641,27187,35456,Eptesicus serotinus,0.01,0.022,-1,Echolocation,/mnt/ubna_data_02_mir/recover-20220922/UBNA_001/20220921_090000.WAV,Telephone Field,recover-20220922,001,1795
463.0715,463.1092,68437,82087,Rhinolophus ferrumequinum,0.022,0.022,-1,Echolocation,/mnt/ubna_data_02_mir/recover-20220922/UBNA_001/20220921_090000.WAV,Telephone Field,recover-20220922,001,1795
463.0945,463.1371,68437,83089,Rhinolophus ferrumequinum,0.03,0.03,-1,Echolocation,/mnt/ubna_data_02_mir/recover-20220922/UBNA_001/20220921_090000.WAV,Telephone Field,recover-20220922,001,1795
463.1325,463.1417,28046,37855,Eptesicus serotinus,0.009,0.023,-1,Echolocation,/mnt/ubna_data_02_mir/recover-20220922/UBNA_001/20220921_090000.WAV,Telephone Field,recover-20220922,001,1795
463.1405,463.1779,68437,81745,Rhinolophus ferrumequinum,0.023,0.023,-1,Echolocation,/mnt/ubna_data_02_mir/recover-20220922/UBNA_001/20220921_090000.WAV,Telephone Field,recover-20220922,001,1795
463.1725,463.2102,68437,82248,Rhinolophus ferrumequinum,0.022,0.022,-1,Echolocation,/mnt/ubna_data_02_mir/recover-20220922/UBNA_001/20220921_090000.WAV,Telephone Field,recover-20220922,001,1795
463.1905,463.1976,46953,50892,Pipistrellus pipistrellus,0.024,0.025,-1,Echolocation,/mnt/ubna_data_02_mir/recover-20220922/UBNA_001/20220921_090000.WAV,Telephone Field,recover-20220922,001,1795
463.2105,463.2488,68437,81868,Rhinolophus ferrumequinum,0.023,0.023,-1,Echolocation,/mnt/ubna_data_02_mir/recover-20220922/UBNA_001/20220921_090000.WAV,Telephone Field,recover-20220922,001,1795
463.2165,463.2549,68437,81887,Rhinolophus ferrumequinum,0.022,0.022,-1,Echolocation,/mnt/ubna_data_02_mir/recover-20220922/UBNA_001/20220921_090000.WAV,Telephone Field,recover-20220922,001,1795
463.2475,463.2808,68437,80188,Rhinolophus ferrumequinum,0.031,0.031,-1,Echolocation,/mnt/ubna_data_02_mir/recover-20220922/UBNA_001/20220921_090000.WAV,Telephone Field,recover-20220922,001,1795
463.2565,463.2922,68437,80723,Rhinolophus ferrumequinum,0.024,0.025,-1,Echolocation,/mnt/ubna_data_02_mir/recover-20220922/UBNA_001/20220921_090000.WAV,Telephone Field,recover-20220922,001,1795
463.2905,463.2993,28046,38428,Eptesicus serotinus,0.011,0.026,-1,Echolocation,/mnt/ubna_data_02_mir/recover-20220922/UBNA_001/20220921_090000.WAV,Telephone Field,recover-20220922,001,1795
463.29449999999997,463.3358,68437,82488,Rhinolophus ferrumequinum,0.032,0.032,-1,Echolocation,/mnt/ubna_data_02_mir/recover-20220922/UBNA_001/20220921_090000.WAV,Telephone Field,recover-20220922,001,1795
463.2985,463.3086,48671,52540,Pipistrellus pipistrellus,0.018,0.022,-1,Echolocation,/mnt/ubna_data_02_mir/recover-20220922/UBNA_001/20220921_090000.WAV,Telephone Field,recover-20220922,001,1795
463.3005,463.3423,68437,82774,Rhinolophus ferrumequinum,0.03,0.03,-1,Echolocation,/mnt/ubna_data_02_mir/recover-20220922/UBNA_001/20220921_090000.WAV,Telephone Field,recover-20220922,001,1795
463.3095,463.3511,68437,82645,Rhinolophus ferrumequinum,0.028,0.028,-1,Echolocation,/mnt/ubna_data_02_mir/recover-20220922/UBNA_001/20220921_090000.WAV,Telephone Field,recover-20220922,001,1795
463.3445,463.3512,27187,36941,Eptesicus serotinus,0.007,0.025,-1,Echolocation,/mnt/ubna_data_02_mir/recover-20220922/UBNA_001/20220921_090000.WAV,Telephone Field,recover-20220922,001,1795
463.3565,463.4005,68437,83033,Rhinolophus ferrumequinum,0.052,0.052,-1,Echolocation,/mnt/ubna_data_02_mir/recover-20220922/UBNA_001/20220921_090000.WAV,Telephone Field,recover-20220922,001,1795
463.3585,463.3732,22890,27578,Nyctalus leisleri,0.013,0.025,-1,Echolocation,/mnt/ubna_data_02_mir/recover-20220922/UBNA_001/20220921_090000.WAV,Telephone Field,recover-20220922,001,1795
463.3765,463.3856,28906,37523,Eptesicus serotinus,0.01,0.027,-1,Echolocation,/mnt/ubna_data_02_mir/recover-20220922/UBNA_001/20220921_090000.WAV,Telephone Field,recover-20220922,001,1795
463.4015,463.4079,48671,53221,Pipistrellus pipistrellus,0.023,0.025,-1,Echolocation,/mnt/ubna_data_02_mir/recover-20220922/UBNA_001/20220921_090000.WAV,Telephone Field,recover-20220922,001,1795
463.4265,463.4659,68437,81665,Rhinolophus ferrumequinum,0.032,0.032,-1,Echolocation,/mnt/ubna_data_02_mir/recover-20220922/UBNA_001/20220921_090000.WAV,Telephone Field,recover-20220922,001,1795
463.4525,463.4944,68437,83298,Rhinolophus ferrumequinum,0.032,0.032,-1,Echolocation,/mnt/ubna_data_02_mir/recover-20220922/UBNA_001/20220921_090000.WAV,Telephone Field,recover-20220922,001,1795
463.5275,463.5361,28046,36985,Eptesicus serotinus,0.009,0.024,-1,Echolocation,/mnt/ubna_data_02_mir/recover-20220922/UBNA_001/20220921_090000.WAV,Telephone Field,recover-20220922,001,1795
463.5765,463.6159,68437,82534,Rhinolophus ferrumequinum,0.026,0.026,-1,Echolocation,/mnt/ubna_data_02_mir/recover-20220922/UBNA_001/20220921_090000.WAV,Telephone Field,recover-20220922,001,1795
463.5895,463.6266,68437,81918,Rhinolophus ferrumequinum,0.023,0.023,-1,Echolocation,/mnt/ubna_data_02_mir/recover-20220922/UBNA_001/20220921_090000.WAV,Telephone Field,recover-20220922,001,1795
463.6125,463.6208,28046,37905,Eptesicus serotinus,0.011,0.029,-1,Echolocation,/mnt/ubna_data_02_mir/recover-20220922/UBNA_001/20220921_090000.WAV,Telephone Field,recover-20220922,001,1795
463.6435,463.6803,68437,81103,Rhinolophus ferrumequinum,0.027,0.027,-1,Echolocation,/mnt/ubna_data_02_mir/recover-20220922/UBNA_001/20220921_090000.WAV,Telephone Field,recover-20220922,001,1795
463.6655,463.6741,26328,37810,Eptesicus serotinus,0.008,0.022,-1,Echolocation,/mnt/ubna_data_02_mir/recover-20220922/UBNA_001/20220921_090000.WAV,Telephone Field,recover-20220922,001,1795
463.6795,463.7242,68437,83187,Rhinolophus ferrumequinum,0.043,0.043,-1,Echolocation,/mnt/ubna_data_02_mir/recover-20220922/UBNA_001/20220921_090000.WAV,Telephone Field,recover-20220922,001,1795
463.7045,463.7135,28046,38262,Eptesicus serotinus,0.009,0.024,-1,Echolocation,/mnt/ubna_data_02_mir/recover-20220922/UBNA_001/20220921_090000.WAV,Telephone Field,recover-20220922,001,1795
463.7255,463.7606,68437,80755,Rhinolophus ferrumequinum,0.024,0.024,-1,Echolocation,/mnt/ubna_data_02_mir/recover-20220922/UBNA_001/20220921_090000.WAV,Telephone Field,recover-20220922,001,1795
463.7305,463.7417,22890,28469,Nyctalus leisleri,0.01,0.023,-1,Echolocation,/mnt/ubna_data_02_mir/recover-20220922/UBNA_001/20220921_090000.WAV,Telephone Field,recover-20220922,001,1795
463.7835,463.8217,68437,82036,Rhinolophus ferrumequinum,0.028,0.028,-1,Echolocation,/mnt/ubna_data_02_mir/recover-20220922/UBNA_001/20220921_090000.WAV,Telephone Field,recover-20220922,001,1795
463.8085,463.8479,68437,81880,Rhinolophus ferrumequinum,0.024,0.024,-1,Echolocation,/mnt/ubna_data_02_mir/recover-20220922/UBNA_001/20220921_090000.WAV,Telephone Field,recover-20220922,001,1795
463.8335,463.84159999999997,48671,55602,Pipistrellus pipistrellus,0.021,0.023,-1,Echolocation,/mnt/ubna_data_02_mir/recover-20220922/UBNA_001/20220921_090000.WAV,Telephone Field,recover-20220922,001,1795
463.8435,463.8823,68437,82063,Rhinolophus ferrumequinum,0.023,0.023,-1,Echolocation,/mnt/ubna_data_02_mir/recover-20220922/UBNA_001/20220921_090000.WAV,Telephone Field,recover-20220922,001,1795
463.8685,463.9103,68437,82608,Rhinolophus ferrumequinum,0.025,0.025,-1,Echolocation,/mnt/ubna_data_02_mir/recover-20220922/UBNA_001/20220921_090000.WAV,Telephone Field,recover-20220922,001,1795
463.8845,463.8935,56406,61188,Pipistrellus pygmaeus,0.023,0.023,-1,Echolocation,/mnt/ubna_data_02_mir/recover-20220922/UBNA_001/20220921_090000.WAV,Telephone Field,recover-20220922,001,1795
463.8945,463.9316,68437,81460,Rhinolophus ferrumequinum,0.023,0.023,-1,Echolocation,/mnt/ubna_data_02_mir/recover-20220922/UBNA_001/20220921_090000.WAV,Telephone Field,recover-20220922,001,1795
463.9085,463.9463,68437,81416,Rhinolophus ferrumequinum,0.022,0.022,-1,Echolocation,/mnt/ubna_data_02_mir/recover-20220922/UBNA_001/20220921_090000.WAV,Telephone Field,recover-20220922,001,1795
463.9215,463.9426,19453,22891,Nyctalus noctula,0.023,0.038,-1,Echolocation,/mnt/ubna_data_02_mir/recover-20220922/UBNA_001/20220921_090000.WAV,Telephone Field,recover-20220922,001,1795
463.9265,463.9639,68437,82208,Rhinolophus ferrumequinum,0.026,0.026,-1,Echolocation,/mnt/ubna_data_02_mir/recover-20220922/UBNA_001/20220921_090000.WAV,Telephone Field,recover-20220922,001,1795
463.9525,463.9606,25468,33577,Eptesicus serotinus,0.008,0.022,-1,Echolocation,/mnt/ubna_data_02_mir/recover-20220922/UBNA_001/20220921_090000.WAV,Telephone Field,recover-20220922,001,1795
463.9825,463.9935,22031,26719,Nyctalus leisleri,0.013,0.025,-1,Echolocation,/mnt/ubna_data_02_mir/recover-20220922/UBNA_001/20220921_090000.WAV,Telephone Field,recover-20220922,001,1795
464.0015,464.0116,27187,33978,Nyctalus leisleri,0.02,0.049,-1,Echolocation,/mnt/ubna_data_02_mir/recover-20220922/UBNA_001/20220921_090000.WAV,Telephone Field,recover-20220922,001,1795
464.0015,464.0313,68437,79939,Rhinolophus ferrumequinum,0.042,0.043,-1,Echolocation,/mnt/ubna_data_02_mir/recover-20220922/UBNA_001/20220921_090000.WAV,Telephone Field,recover-20220922,001,1795
464.0015,464.0115,47812,53066,Pipistrellus pipistrellus,0.016,0.022,-1,Echolocation,/mnt/ubna_data_02_mir/recover-20220922/UBNA_001/20220921_090000.WAV,Telephone Field,recover-20220922,001,1795
464.0085,464.0216,26328,32172,Eptesicus serotinus,0.014,0.029,-1,Echolocation,/mnt/ubna_data_02_mir/recover-20220922/UBNA_001/20220921_090000.WAV,Telephone Field,recover-20220922,001,1795
464.0135,464.054,68437,82346,Rhinolophus ferrumequinum,0.025,0.025,-1,Echolocation,/mnt/ubna_data_02_mir/recover-20220922/UBNA_001/20220921_090000.WAV,Telephone Field,recover-20220922,001,1795
464.0695,464.1088,68437,82297,Rhinolophus ferrumequinum,0.022,0.022,-1,Echolocation,/mnt/ubna_data_02_mir/recover-20220922/UBNA_001/20220921_090000.WAV,Telephone Field,recover-20220922,001,1795
464.0755,464.1145,68437,82315,Rhinolophus ferrumequinum,0.022,0.022,-1,Echolocation,/mnt/ubna_data_02_mir/recover-20220922/UBNA_001/20220921_090000.WAV,Telephone Field,recover-20220922,001,1795
464.0835,464.1239,68437,82886,Rhinolophus ferrumequinum,0.027,0.027,-1,Echolocation,/mnt/ubna_data_02_mir/recover-20220922/UBNA_001/20220921_090000.WAV,Telephone Field,recover-20220922,001,1795
464.1045,464.1129,22890,30630,Plecotus austriacus,0.012,0.028,-1,Echolocation,/mnt/ubna_data_02_mir/recover-20220922/UBNA_001/20220921_090000.WAV,Telephone Field,recover-20220922,001,1795
464.1075,464.1468,68437,81934,Rhinolophus ferrumequinum,0.031,0.031,-1,Echolocation,/mnt/ubna_data_02_mir/recover-20220922/UBNA_001/20220921_090000.WAV,Telephone Field,recover-20220922,001,1795
464.1185,464.1558,68437,81972,Rhinolophus ferrumequinum,0.022,0.022,-1,Echolocation,/mnt/ubna_data_02_mir/recover-20220922/UBNA_001/20220921_090000.WAV,Telephone Field,recover-20220922,001,1795
464.1435,464.1812,68437,81467,Rhinolophus ferrumequinum,0.023,0.023,-1,Echolocation,/mnt/ubna_data_02_mir/recover-20220922/UBNA_001/20220921_090000.WAV,Telephone Field,recover-20220922,001,1795
464.1445,464.1513,31484,50155,Myotis daubentonii,0.009,0.022,-1,Echolocation,/mnt/ubna_data_02_mir/recover-20220922/UBNA_001/20220921_090000.WAV,Telephone Field,recover-20220922,001,1795
464.1445,464.1524,26328,40055,Eptesicus serotinus,0.007,0.024,-1,Echolocation,/mnt/ubna_data_02_mir/recover-20220922/UBNA_001/20220921_090000.WAV,Telephone Field,recover-20220922,001,1795
464.2215,464.2613,68437,82454,Rhinolophus ferrumequinum,0.022,0.022,-1,Echolocation,/mnt/ubna_data_02_mir/recover-20220922/UBNA_001/20220921_090000.WAV,Telephone Field,recover-20220922,001,1795
464.2385,464.2517,23750,29867,Nyctalus leisleri,0.015,0.034,-1,Echolocation,/mnt/ubna_data_02_mir/recover-20220922/UBNA_001/20220921_090000.WAV,Telephone Field,recover-20220922,001,1795
464.2625,464.2974,68437,81046,Rhinolophus ferrumequinum,0.025,0.025,-1,Echolocation,/mnt/ubna_data_02_mir/recover-20220922/UBNA_001/20220921_090000.WAV,Telephone Field,recover-20220922,001,1795
464.2715,464.3101,68437,81588,Rhinolophus ferrumequinum,0.023,0.023,-1,Echolocation,/mnt/ubna_data_02_mir/recover-20220922/UBNA_001/20220921_090000.WAV,Telephone Field,recover-20220922,001,1795
464.3295,464.3675,68437,81314,Rhinolophus ferrumequinum,0.025,0.025,-1,Echolocation,/mnt/ubna_data_02_mir/recover-20220922/UBNA_001/20220921_090000.WAV,Telephone Field,recover-20220922,001,1795
464.3765,464.4164,68437,82192,Rhinolophus ferrumequinum,0.023,0.023,-1,Echolocation,/mnt/ubna_data_02_mir/recover-20220922/UBNA_001/20220921_090000.WAV,Telephone Field,recover-20220922,001,1795
464.3965,464.4336,68437,81380,Rhinolophus ferrumequinum,0.022,0.022,-1,Echolocation,/mnt/ubna_data_02_mir/recover-20220922/UBNA_001/20220921_090000.WAV,Telephone Field,recover-20220922,001,1795
464.3985,464.40840000000003,23750,29673,Nyctalus leisleri,0.008,0.022,-1,Echolocation,/mnt/ubna_data_02_mir/recover-20220922/UBNA_001/20220921_090000.WAV,Telephone Field,recover-20220922,001,1795
464.4085,464.448,68437,82481,Rhinolophus ferrumequinum,0.027,0.027,-1,Echolocation,/mnt/ubna_data_02_mir/recover-20220922/UBNA_001/20220921_090000.WAV,Telephone Field,recover-20220922,001,1795
464.4165,464.426,44375,48306,Pipistrellus pipistrellus,0.022,0.025,-1,Echolocation,/mnt/ubna_data_02_mir/recover-20220922/UBNA_001/20220921_090000.WAV,Telephone Field,recover-20220922,001,1795
464.4515,464.4585,47812,54104,Pipistrellus pipistrellus,0.022,0.024,-1,Echolocation,/mnt/ubna_data_02_mir/recover-20220922/UBNA_001/20220921_090000.WAV,Telephone Field,recover-20220922,001,1795
464.4665,464.5041,68437,81249,Rhinolophus ferrumequinum,0.025,0.025,-1,Echolocation,/mnt/ubna_data_02_mir/recover-20220922/UBNA_001/20220921_090000.WAV,Telephone Field,recover-20220922,001,1795
464.4675,464.474,25468,37005,Plecotus austriacus,0.008,0.031,-1,Echolocation,/mnt/ubna_data_02_mir/recover-20220922/UBNA_001/20220921_090000.WAV,Telephone Field,recover-20220922,001,1795
464.5055,464.5442,68437,81901,Rhinolophus ferrumequinum,0.025,0.025,-1,Echolocation,/mnt/ubna_data_02_mir/recover-20220922/UBNA_001/20220921_090000.WAV,Telephone Field,recover-20220922,001,1795
464.5095,464.5189,28046,36178,Eptesicus serotinus,0.009,0.023,-1,Echolocation,/mnt/ubna_data_02_mir/recover-20220922/UBNA_001/20220921_090000.WAV,Telephone Field,recover-20220922,001,1795
464.5185,464.5599,68437,81953,Rhinolophus ferrumequinum,0.026,0.026,-1,Echolocation,/mnt/ubna_data_02_mir/recover-20220922/UBNA_001/20220921_090000.WAV,Telephone Field,recover-20220922,001,1795
464.5245,464.5611,68437,81629,Rhinolophus ferrumequinum,0.024,0.024,-1,Echolocation,/mnt/ubna_data_02_mir/recover-20220922/UBNA_001/20220921_090000.WAV,Telephone Field,recover-20220922,001,1795
464.5315,464.5503,20312,23348,Nyctalus leisleri,0.014,0.024,-1,Echolocation,/mnt/ubna_data_02_mir/recover-20220922/UBNA_001/20220921_090000.WAV,Telephone Field,recover-20220922,001,1795
464.5375,464.5735,68437,81220,Rhinolophus ferrumequinum,0.024,0.024,-1,Echolocation,/mnt/ubna_data_02_mir/recover-20220922/UBNA_001/20220921_090000.WAV,Telephone Field,recover-20220922,001,1795
464.5525,464.5598,28046,38761,Eptesicus serotinus,0.007,0.023,-1,Echolocation,/mnt/ubna_data_02_mir/recover-20220922/UBNA_001/20220921_090000.WAV,Telephone Field,recover-20220922,001,1795
464.5545,464.5612,23750,33016,Plecotus austriacus,0.011,0.023,-1,Echolocation,/mnt/ubna_data_02_mir/recover-20220922/UBNA_001/20220921_090000.WAV,Telephone Field,recover-20220922,001,1795
464.6215,464.6599,68437,82047,Rhinolophus ferrumequinum,0.031,0.031,-1,Echolocation,/mnt/ubna_data_02_mir/recover-20220922/UBNA_001/20220921_090000.WAV,Telephone Field,recover-20220922,001,1795
464.6435,464.6844,68437,82812,Rhinolophus ferrumequinum,0.025,0.025,-1,Echolocation,/mnt/ubna_data_02_mir/recover-20220922/UBNA_001/20220921_090000.WAV,Telephone Field,recover-20220922,001,1795
464.6605,464.672,37500,42439,Pipistrellus nathusii,0.041,0.06,-1,Echolocation,/mnt/ubna_data_02_mir/recover-20220922/UBNA_001/20220921_090000.WAV,Telephone Field,recover-20220922,001,1795
464.6645,464.6729,50390,56391,Pipistrellus pipistrellus,0.025,0.03,-1,Echolocation,/mnt/ubna_data_02_mir/recover-20220922/UBNA_001/20220921_090000.WAV,Telephone Field,recover-20220922,001,1795
464.6685,464.7125,68437,83293,Rhinolophus ferrumequinum,0.035,0.035,-1,Echolocation,/mnt/ubna_data_02_mir/recover-20220922/UBNA_001/20220921_090000.WAV,Telephone Field,recover-20220922,001,1795
464.6835,464.7214,68437,82020,Rhinolophus ferrumequinum,0.022,0.022,-1,Echolocation,/mnt/ubna_data_02_mir/recover-20220922/UBNA_001/20220921_090000.WAV,Telephone Field,recover-20220922,001,1795
464.7065,464.7448,68437,82148,Rhinolophus ferrumequinum,0.023,0.023,-1,Echolocation,/mnt/ubna_data_02_mir/recover-20220922/UBNA_001/20220921_090000.WAV,Telephone Field,recover-20220922,001,1795
464.7275,464.7687,68437,82426,Rhinolophus ferrumequinum,0.022,0.022,-1,Echolocation,/mnt/ubna_data_02_mir/recover-20220922/UBNA_001/20220921_090000.WAV,Telephone Field,recover-20220922,001,1795
464.7395,464.7762,68437,81884,Rhinolophus ferrumequinum,0.022,0.022,-1,Echolocation,/mnt/ubna_data_02_mir/recover-20220922/UBNA_001/20220921_090000.WAV,Telephone Field,recover-20220922,001,1795
464.7465,464.7833,68437,81092,Rhinolophus ferrumequinum,0.022,0.022,-1,Echolocation,/mnt/ubna_data_02_mir/recover-20220922/UBNA_001/20220921_090000.WAV,Telephone Field,recover-20220922,001,1795
464.7575,464.7677,35781,44668,Pipistrellus nathusii,0.008,0.027,-1,Echolocation,/mnt/ubna_data_02_mir/recover-20220922/UBNA_001/20220921_090000.WAV,Telephone Field,recover-20220922,001,1795
464.7745,464.8115,68437,81813,Rhinolophus ferrumequinum,0.022,0.022,-1,Echolocation,/mnt/ubna_data_02_mir/recover-20220922/UBNA_001/20220921_090000.WAV,Telephone Field,recover-20220922,001,1795
464.7825,464.7992,17734,22644,Nyctalus noctula,0.016,0.024,-1,Echolocation,/mnt/ubna_data_02_mir/recover-20220922/UBNA_001/20220921_090000.WAV,Telephone Field,recover-20220922,001,1795
464.7835,464.7934,22890,28501,Nyctalus leisleri,0.009,0.024,-1,Echolocation,/mnt/ubna_data_02_mir/recover-20220922/UBNA_001/20220921_090000.WAV,Telephone Field,recover-20220922,001,1795
464.7975,464.8373,68437,82271,Rhinolophus ferrumequinum,0.028,0.029,-1,Echolocation,/mnt/ubna_data_02_mir/recover-20220922/UBNA_001/20220921_090000.WAV,Telephone Field,recover-20220922,001,1795
464.8075,464.8155,27187,36741,Eptesicus serotinus,0.011,0.03,-1,Echolocation,/mnt/ubna_data_02_mir/recover-20220922/UBNA_001/20220921_090000.WAV,Telephone Field,recover-20220922,001,1795
464.8435,464.8844,68437,82361,Rhinolophus ferrumequinum,0.026,0.026,-1,Echolocation,/mnt/ubna_data_02_mir/recover-20220922/UBNA_001/20220921_090000.WAV,Telephone Field,recover-20220922,001,1795
464.9045,464.9136,27187,38521,Eptesicus serotinus,0.009,0.022,-1,Echolocation,/mnt/ubna_data_02_mir/recover-20220922/UBNA_001/20220921_090000.WAV,Telephone Field,recover-20220922,001,1795
464.9085,464.9455,68437,82201,Rhinolophus ferrumequinum,0.022,0.022,-1,Echolocation,/mnt/ubna_data_02_mir/recover-20220922/UBNA_001/20220921_090000.WAV,Telephone Field,recover-20220922,001,1795
464.9275,464.9651,68437,81796,Rhinolophus ferrumequinum,0.025,0.025,-1,Echolocation,/mnt/ubna_data_02_mir/recover-20220922/UBNA_001/20220921_090000.WAV,Telephone Field,recover-20220922,001,1795
464.9675,465.0072,68437,82389,Rhinolophus ferrumequinum,0.022,0.022,-1,Echolocation,/mnt/ubna_data_02_mir/recover-20220922/UBNA_001/20220921_090000.WAV,Telephone Field,recover-20220922,001,1795
465.0025,465.0428,68437,82193,Rhinolophus ferrumequinum,0.022,0.022,-1,Echolocation,/mnt/ubna_data_02_mir/recover-20220922/UBNA_001/20220921_090000.WAV,Telephone Field,recover-20220922,001,1795
465.0035,465.0131,14296,20602,Nyctalus noctula,0.034,0.063,-1,Echolocation,/mnt/ubna_data_02_mir/recover-20220922/UBNA_001/20220921_090000.WAV,Telephone Field,recover-20220922,001,1795
465.0185,465.0593,68437,82138,Rhinolophus ferrumequinum,0.026,0.026,-1,Echolocation,/mnt/ubna_data_02_mir/recover-20220922/UBNA_001/20220921_090000.WAV,Telephone Field,recover-20220922,001,1795
465.04449999999997,465.0835,68437,82174,Rhinolophus ferrumequinum,0.023,0.023,-1,Echolocation,/mnt/ubna_data_02_mir/recover-20220922/UBNA_001/20220921_090000.WAV,Telephone Field,recover-20220922,001,1795
465.0645,465.1057,68437,82784,Rhinolophus ferrumequinum,0.024,0.024,-1,Echolocation,/mnt/ubna_data_02_mir/recover-20220922/UBNA_001/20220921_090000.WAV,Telephone Field,recover-20220922,001,1795
465.0675,465.0785,14296,21102,Nyctalus noctula,0.032,0.047,-1,Echolocation,/mnt/ubna_data_02_mir/recover-20220922/UBNA_001/20220921_090000.WAV,Telephone Field,recover-20220922,001,1795
465.0705,465.1109,68437,83131,Rhinolophus ferrumequinum,0.024,0.024,-1,Echolocation,/mnt/ubna_data_02_mir/recover-20220922/UBNA_001/20220921_090000.WAV,Telephone Field,recover-20220922,001,1795
465.1015,465.1383,68437,81513,Rhinolophus ferrumequinum,0.022,0.022,-1,Echolocation,/mnt/ubna_data_02_mir/recover-20220922/UBNA_001/20220921_090000.WAV,Telephone Field,recover-20220922,001,1795
465.1035,465.1135,47812,52786,Pipistrellus pipistrellus,0.024,0.027,-1,Echolocation,/mnt/ubna_data_02_mir/recover-20220922/UBNA_001/20220921_090000.WAV,Telephone Field,recover-20220922,001,1795
465.1215,465.1577,68437,81733,Rhinolophus ferrumequinum,0.027,0.027,-1,Echolocation,/mnt/ubna_data_02_mir/recover-20220922/UBNA_001/20220921_090000.WAV,Telephone Field,recover-20220922,001,1795
465.1225,465.1329,22031,27776,Nyctalus leisleri,0.01,0.026,-1,Echolocation,/mnt/ubna_data_02_mir/recover-20220922/UBNA_001/20220921_090000.WAV,Telephone Field,recover-20220922,001,1795
465.1535,465.193,68437,82386,Rhinolophus ferrumequinum,0.03,0.03,-1,Echolocation,/mnt/ubna_data_02_mir/recover-20220922/UBNA_001/20220921_090000.WAV,Telephone Field,recover-20220922,001,1795
465.1755,465.2144,68437,81850,Rhinolophus ferrumequinum,0.022,0.022,-1,Echolocation,/mnt/ubna_data_02_mir/recover-20220922/UBNA_001/20220921_090000.WAV,Telephone Field,recover-20220922,001,1795
465.1855,465.224,68437,81804,Rhinolophus ferrumequinum,0.022,0.022,-1,Echolocation,/mnt/ubna_data_02_mir/recover-20220922/UBNA_001/20220921_090000.WAV,Telephone Field,recover-20220922,001,1795
465.1915,465.2284,68437,81912,Rhinolophus ferrumequinum,0.023,0.023,-1,Echolocation,/mnt/ubna_data_02_mir/recover-20220922/UBNA_001/20220921_090000.WAV,Telephone Field,recover-20220922,001,1795
465.2015,465.2106,27187,37293,Eptesicus serotinus,0.008,0.022,-1,Echolocation,/mnt/ubna_data_02_mir/recover-20220922/UBNA_001/20220921_090000.WAV,Telephone Field,recover-20220922,001,1795
465.2185,465.2575,68437,82350,Rhinolophus ferrumequinum,0.029,0.029,-1,Echolocation,/mnt/ubna_data_02_mir/recover-20220922/UBNA_001/20220921_090000.WAV,Telephone Field,recover-20220922,001,1795
465.2445,465.2617,21171,24450,Nyctalus leisleri,0.02,0.032,-1,Echolocation,/mnt/ubna_data_02_mir/recover-20220922/UBNA_001/20220921_090000.WAV,Telephone Field,recover-20220922,001,1795
465.2505,465.2871,68437,80740,Rhinolophus ferrumequinum,0.022,0.022,-1,Echolocation,/mnt/ubna_data_02_mir/recover-20220922/UBNA_001/20220921_090000.WAV,Telephone Field,recover-20220922,001,1795
465.2685,465.2819,48671,52402,Pipistrellus pipistrellus,0.042,0.049,-1,Echolocation,/mnt/ubna_data_02_mir/recover-20220922/UBNA_001/20220921_090000.WAV,Telephone Field,recover-20220922,001,1795
465.2855,465.2949,28046,35151,Eptesicus serotinus,0.008,0.022,-1,Echolocation,/mnt/ubna_data_02_mir/recover-20220922/UBNA_001/20220921_090000.WAV,Telephone Field,recover-20220922,001,1795
465.3165,465.3253,28906,40284,Eptesicus serotinus,0.009,0.023,-1,Echolocation,/mnt/ubna_data_02_mir/recover-20220922/UBNA_001/20220921_090000.WAV,Telephone Field,recover-20220922,001,1795
465.3425,465.3822,68437,82192,Rhinolophus ferrumequinum,0.025,0.026,-1,Echolocation,/mnt/ubna_data_02_mir/recover-20220922/UBNA_001/20220921_090000.WAV,Telephone Field,recover-20220922,001,1795
465.3455,465.354,23750,31406,Plecotus austriacus,0.012,0.031,-1,Echolocation,/mnt/ubna_data_02_mir/recover-20220922/UBNA_001/20220921_090000.WAV,Telephone Field,recover-20220922,001,1795
465.3485,465.3834,68437,82189,Rhinolophus ferrumequinum,0.024,0.024,-1,Echolocation,/mnt/ubna_data_02_mir/recover-20220922/UBNA_001/20220921_090000.WAV,Telephone Field,recover-20220922,001,1795
465.3715,465.4107,68437,82293,Rhinolophus ferrumequinum,0.024,0.024,-1,Echolocation,/mnt/ubna_data_02_mir/recover-20220922/UBNA_001/20220921_090000.WAV,Telephone Field,recover-20220922,001,1795
465.4265,465.4358,46093,49432,Pipistrellus pipistrellus,0.027,0.029,-1,Echolocation,/mnt/ubna_data_02_mir/recover-20220922/UBNA_001/20220921_090000.WAV,Telephone Field,recover-20220922,001,1795
465.4355,465.4456,22031,27266,Nyctalus leisleri,0.011,0.026,-1,Echolocation,/mnt/ubna_data_02_mir/recover-20220922/UBNA_001/20220921_090000.WAV,Telephone Field,recover-20220922,001,1795
465.4455,465.4876,68437,82965,Rhinolophus ferrumequinum,0.044,0.044,-1,Echolocation,/mnt/ubna_data_02_mir/recover-20220922/UBNA_001/20220921_090000.WAV,Telephone Field,recover-20220922,001,1795
465.4845,465.4917,27187,41315,Eptesicus serotinus,0.007,0.026,-1,Echolocation,/mnt/ubna_data_02_mir/recover-20220922/UBNA_001/20220921_090000.WAV,Telephone Field,recover-20220922,001,1795
465.4845,465.5231,68437,82620,Rhinolophus ferrumequinum,0.025,0.025,-1,Echolocation,/mnt/ubna_data_02_mir/recover-20220922/UBNA_001/20220921_090000.WAV,Telephone Field,recover-20220922,001,1795
465.5045,465.5477,68437,82105,Rhinolophus ferrumequinum,0.046,0.046,-1,Echolocation,/mnt/ubna_data_02_mir/recover-20220922/UBNA_001/20220921_090000.WAV,Telephone Field,recover-20220922,001,1795
465.5395,465.5784,68437,82739,Rhinolophus ferrumequinum,0.025,0.025,-1,Echolocation,/mnt/ubna_data_02_mir/recover-20220922/UBNA_001/20220921_090000.WAV,Telephone Field,recover-20220922,001,1795
465.5595,465.6017,68437,83083,Rhinolophus ferrumequinum,0.023,0.023,-1,Echolocation,/mnt/ubna_data_02_mir/recover-20220922/UBNA_001/20220921_090000.WAV,Telephone Field,recover-20220922,001,1795
465.5685,465.5788,28906,38329,Eptesicus serotinus,0.013,0.029,-1,Echolocation,/mnt/ubna_data_02_mir/recover-20220922/UBNA_001/20220921_090000.WAV,Telephone Field,recover-20220922,001,1795
465.5825,465.6232,68437,82046,Rhinolophus ferrumequinum,0.022,0.022,-1,Echolocation,/mnt/ubna_data_02_mir/recover-20220922/UBNA_001/20220921_090000.WAV,Telephone Field,recover-20220922,001,1795
465.6115,465.6549,68437,82819,Rhinolophus ferrumequinum,0.027,0.027,-1,Echolocation,/mnt/ubna_data_02_mir/recover-20220922/UBNA_001/20220921_090000.WAV,Telephone Field,recover-20220922,001,1795
465.6385,465.68,68437,82760,Rhinolophus ferrumequinum,0.024,0.024,-1,Echolocation,/mnt/ubna_data_02_mir/recover-20220922/UBNA_001/20220921_090000.WAV,Telephone Field,recover-20220922,001,1795
465.6535,465.6951,68437,82768,Rhinolophus ferrumequinum,0.03,0.03,-1,Echolocation,/mnt/ubna_data_02_mir/recover-20220922/UBNA_001/20220921_090000.WAV,Telephone Field,recover-20220922,001,1795
465.6925,465.7,30625,41010,Myotis daubentonii,0.009,0.028,-1,Echolocation,/mnt/ubna_data_02_mir/recover-20220922/UBNA_001/20220921_090000.WAV,Telephone Field,recover-20220922,001,1795
465.7205,465.7567,68437,81598,Rhinolophus ferrumequinum,0.022,0.022,-1,Echolocation,/mnt/ubna_data_02_mir/recover-20220922/UBNA_001/20220921_090000.WAV,Telephone Field,recover-20220922,001,1795
465.7215,465.7309,40078,44098,Barbastellus barbastellus,0.011,0.026,-1,Echolocation,/mnt/ubna_data_02_mir/recover-20220922/UBNA_001/20220921_090000.WAV,Telephone Field,recover-20220922,001,1795
465.7285,465.7654,68437,82063,Rhinolophus ferrumequinum,0.022,0.022,-1,Echolocation,/mnt/ubna_data_02_mir/recover-20220922/UBNA_001/20220921_090000.WAV,Telephone Field,recover-20220922,001,1795
465.7515,465.7591,26328,39156,Eptesicus serotinus,0.007,0.023,-1,Echolocation,/mnt/ubna_data_02_mir/recover-20220922/UBNA_001/20220921_090000.WAV,Telephone Field,recover-20220922,001,1795
465.7815,465.7916,22031,27631,Nyctalus leisleri,0.009,0.024,-1,Echolocation,/mnt/ubna_data_02_mir/recover-20220922/UBNA_001/20220921_090000.WAV,Telephone Field,recover-20220922,001,1795
465.7835,465.8219,68437,81550,Rhinolophus ferrumequinum,0.024,0.024,-1,Echolocation,/mnt/ubna_data_02_mir/recover-20220922/UBNA_001/20220921_090000.WAV,Telephone Field,recover-20220922,001,1795
465.8035,465.8429,68437,82224,Rhinolophus ferrumequinum,0.024,0.024,-1,Echolocation,/mnt/ubna_data_02_mir/recover-20220922/UBNA_001/20220921_090000.WAV,Telephone Field,recover-20220922,001,1795
465.8325,465.8407,25468,34217,Eptesicus serotinus,0.009,0.023,-1,Echolocation,/mnt/ubna_data_02_mir/recover-20220922/UBNA_001/20220921_090000.WAV,Telephone Field,recover-20220922,001,1795
465.8435,465.8832,68437,82108,Rhinolophus ferrumequinum,0.025,0.025,-1,Echolocation,/mnt/ubna_data_02_mir/recover-20220922/UBNA_001/20220921_090000.WAV,Telephone Field,recover-20220922,001,1795
465.8505,465.8891,68437,82381,Rhinolophus ferrumequinum,0.023,0.023,-1,Echolocation,/mnt/ubna_data_02_mir/recover-20220922/UBNA_001/20220921_090000.WAV,Telephone Field,recover-20220922,001,1795
465.8755,465.9148,68437,82731,Rhinolophus ferrumequinum,0.022,0.022,-1,Echolocation,/mnt/ubna_data_02_mir/recover-20220922/UBNA_001/20220921_090000.WAV,Telephone Field,recover-20220922,001,1795
465.9115,465.9513,68437,82485,Rhinolophus ferrumequinum,0.025,0.025,-1,Echolocation,/mnt/ubna_data_02_mir/recover-20220922/UBNA_001/20220921_090000.WAV,Telephone Field,recover-20220922,001,1795
465.9325,465.9746,68437,82788,Rhinolophus ferrumequinum,0.032,0.032,-1,Echolocation,/mnt/ubna_data_02_mir/recover-20220922/UBNA_001/20220921_090000.WAV,Telephone Field,recover-20220922,001,1795
465.9765,465.9881,22031,26406,Nyctalus leisleri,0.012,0.022,-1,Echolocation,/mnt/ubna_data_02_mir/recover-20220922/UBNA_001/20220921_090000.WAV,Telephone Field,recover-20220922,001,1795
466.0015,466.0159,49531,53745,Pipistrellus pipistrellus,0.015,0.024,-1,Echolocation,/mnt/ubna_data_02_mir/recover-20220922/UBNA_001/20220921_090000.WAV,Telephone Field,recover-20220922,001,1795
466.0015,466.0302,69296,80610,Rhinolophus ferrumequinum,0.029,0.029,-1,Echolocation,/mnt/ubna_data_02_mir/recover-20220922/UBNA_001/20220921_090000.WAV,Telephone Field,recover-20220922,001,1795
466.0015,466.0102,26328,36553,Nyctalus leisleri,0.012,0.038,-1,Echolocation,/mnt/ubna_data_02_mir/recover-20220922/UBNA_001/20220921_090000.WAV,Telephone Field,recover-20220922,001,1795
466.0385,466.0783,68437,82564,Rhinolophus ferrumequinum,0.023,0.023,-1,Echolocation,/mnt/ubna_data_02_mir/recover-20220922/UBNA_001/20220921_090000.WAV,Telephone Field,recover-20220922,001,1795
466.0395,466.047,27187,39090,Eptesicus serotinus,0.007,0.023,-1,Echolocation,/mnt/ubna_data_02_mir/recover-20220922/UBNA_001/20220921_090000.WAV,Telephone Field,recover-20220922,001,1795
466.0715,466.1103,68437,81918,Rhinolophus ferrumequinum,0.021,0.021,-1,Echolocation,/mnt/ubna_data_02_mir/recover-20220922/UBNA_001/20220921_090000.WAV,Telephone Field,recover-20220922,001,1795
466.1335,466.1422,28046,38329,Eptesicus serotinus,0.01,0.026,-1,Echolocation,/mnt/ubna_data_02_mir/recover-20220922/UBNA_001/20220921_090000.WAV,Telephone Field,recover-20220922,001,1795
466.1435,466.1564,23750,28706,Nyctalus leisleri,0.013,0.025,-1,Echolocation,/mnt/ubna_data_02_mir/recover-20220922/UBNA_001/20220921_090000.WAV,Telephone Field,recover-20220922,001,1795
466.1725,466.2079,68437,81211,Rhinolophus ferrumequinum,0.022,0.022,-1,Echolocation,/mnt/ubna_data_02_mir/recover-20220922/UBNA_001/20220921_090000.WAV,Telephone Field,recover-20220922,001,1795
466.2075,466.2473,68437,82034,Rhinolophus ferrumequinum,0.021,0.021,-1,Echolocation,/mnt/ubna_data_02_mir/recover-20220922/UBNA_001/20220921_090000.WAV,Telephone Field,recover-20220922,001,1795
466.2255,466.2676,68437,82780,Rhinolophus ferrumequinum,0.024,0.024,-1,Echolocation,/mnt/ubna_data_02_mir/recover-20220922/UBNA_001/20220921_090000.WAV,Telephone Field,recover-20220922,001,1795
466.2815,466.2971,21171,24557,Nyctalus leisleri,0.015,0.024,-1,Echolocation,/mnt/ubna_data_02_mir/recover-20220922/UBNA_001/20220921_090000.WAV,Telephone Field,recover-20220922,001,1795
466.3085,466.3455,68437,81770,Rhinolophus ferrumequinum,0.025,0.025,-1,Echolocation,/mnt/ubna_data_02_mir/recover-20220922/UBNA_001/20220921_090000.WAV,Telephone Field,recover-20220922,001,1795
466.3325,466.3518,15156,18770,Nyctalus noctula,0.019,0.029,-1,Echolocation,/mnt/ubna_data_02_mir/recover-20220922/UBNA_001/20220921_090000.WAV,Telephone Field,recover-20220922,001,1795
466.3445,466.3537,22890,29344,Plecotus austriacus,0.008,0.022,-1,Echolocation,/mnt/ubna_data_02_mir/recover-20220922/UBNA_001/20220921_090000.WAV,Telephone Field,recover-20220922,001,1795
466.3515,466.3904,68437,82263,Rhinolophus ferrumequinum,0.021,0.022,-1,Echolocation,/mnt/ubna_data_02_mir/recover-20220922/UBNA_001/20220921_090000.WAV,Telephone Field,recover-20220922,001,1795
466.3625,466.4016,68437,82580,Rhinolophus ferrumequinum,0.022,0.022,-1,Echolocation,/mnt/ubna_data_02_mir/recover-20220922/UBNA_001/20220921_090000.WAV,Telephone Field,recover-20220922,001,1795
466.3725,466.4105,68437,81959,Rhinolophus ferrumequinum,0.021,0.021,-1,Echolocation,/mnt/ubna_data_02_mir/recover-20220922/UBNA_001/20220921_090000.WAV,Telephone Field,recover-20220922,001,1795
466.4175,466.454,68437,80818,Rhinolophus ferrumequinum,0.024,0.024,-1,Echolocation,/mnt/ubna_data_02_mir/recover-20220922/UBNA_001/20220921_090000.WAV,Telephone Field,recover-20220922,001,1795
466.4875,466.5271,68437,82285,Rhinolophus ferrumequinum,0.023,0.023,-1,Echolocation,/mnt/ubna_data_02_mir/recover-20220922/UBNA_001/20220921_090000.WAV,Telephone Field,recover-20220922,001,1795
466.5125,466.5223,28906,36700,Eptesicus serotinus,0.01,0.026,-1,Echolocation,/mnt/ubna_data_02_mir/recover-20220922/UBNA_001/20220921_090000.WAV,Telephone Field,recover-20220922,001,1795
466.5345,466.5451,22890,28024,Nyctalus leisleri,0.01,0.021,-1,Echolocation,/mnt/ubna_data_02_mir/recover-20220922/UBNA_001/20220921_090000.WAV,Telephone Field,recover-20220922,001,1795
466.5425,466.5831,68437,83030,Rhinolophus ferrumequinum,0.024,0.024,-1,Echolocation,/mnt/ubna_data_02_mir/recover-20220922/UBNA_001/20220921_090000.WAV,Telephone Field,recover-20220922,001,1795
466.5525,466.5939,68437,82842,Rhinolophus ferrumequinum,0.022,0.022,-1,Echolocation,/mnt/ubna_data_02_mir/recover-20220922/UBNA_001/20220921_090000.WAV,Telephone Field,recover-20220922,001,1795
466.5915,466.6018,25468,32857,Eptesicus serotinus,0.009,0.021,-1,Echolocation,/mnt/ubna_data_02_mir/recover-20220922/UBNA_001/20220921_090000.WAV,Telephone Field,recover-20220922,001,1795
466.5985,466.6072,28046,37576,Eptesicus serotinus,0.008,0.024,-1,Echolocation,/mnt/ubna_data_02_mir/recover-20220922/UBNA_001/20220921_090000.WAV,Telephone Field,recover-20220922,001,1795
466.6105,466.6486,68437,82393,Rhinolophus ferrumequinum,0.022,0.022,-1,Echolocation,/mnt/ubna_data_02_mir/recover-20220922/UBNA_001/20220921_090000.WAV,Telephone Field,recover-20220922,001,1795
466.6275,466.6675,68437,82501,Rhinolophus ferrumequinum,0.024,0.024,-1,Echolocation,/mnt/ubna_data_02_mir/recover-20220922/UBNA_001/20220921_090000.WAV,Telephone Field,recover-20220922,001,1795
466.6355,466.6746,68437,82225,Rhinolophus ferrumequinum,0.021,0.021,-1,Echolocation,/mnt/ubna_data_02_mir/recover-20220922/UBNA_001/20220921_090000.WAV,Telephone Field,recover-20220922,001,1795
466.6355,466.6462,22031,26470,Nyctalus leisleri,0.01,0.021,-1,Echolocation,/mnt/ubna_data_02_mir/recover-20220922/UBNA_001/20220921_090000.WAV,Telephone Field,recover-20220922,001,1795
466.6595,466.6966,68437,81910,Rhinolophus ferrumequinum,0.021,0.021,-1,Echolocation,/mnt/ubna_data_02_mir/recover-20220922/UBNA_001/20220921_090000.WAV,Telephone Field,recover-20220922,001,1795
466.6765,466.6858,45234,55270,Pipistrellus pipistrellus,0.015,0.023,-1,Echolocation,/mnt/ubna_data_02_mir/recover-20220922/UBNA_001/20220921_090000.WAV,Telephone Field,recover-20220922,001,1795
466.7285,466.7626,68437,80418,Rhinolophus ferrumequinum,0.023,0.023,-1,Echolocation,/mnt/ubna_data_02_mir/recover-20220922/UBNA_001/20220921_090000.WAV,Telephone Field,recover-20220922,001,1795
466.7475,466.7855,68437,81639,Rhinolophus ferrumequinum,0.023,0.023,-1,Echolocation,/mnt/ubna_data_02_mir/recover-20220922/UBNA_001/20220921_090000.WAV,Telephone Field,recover-20220922,001,1795
466.7565,466.798,68437,82866,Rhinolophus ferrumequinum,0.024,0.024,-1,Echolocation,/mnt/ubna_data_02_mir/recover-20220922/UBNA_001/20220921_090000.WAV,Telephone Field,recover-20220922,001,1795
466.7995,466.8406,68437,83303,Rhinolophus ferrumequinum,0.028,0.028,-1,Echolocation,/mnt/ubna_data_02_mir/recover-20220922/UBNA_001/20220921_090000.WAV,Telephone Field,recover-20220922,001,1795
466.8035,466.8113,27187,40638,Eptesicus serotinus,0.007,0.022,-1,Echolocation,/mnt/ubna_data_02_mir/recover-20220922/UBNA_001/20220921_090000.WAV,Telephone Field,recover-20220922,001,1795
466.8485,466.8852,68437,82153,Rhinolophus ferrumequinum,0.022,0.022,-1,Echolocation,/mnt/ubna_data_02_mir/recover-20220922/UBNA_001/20220921_090000.WAV,Telephone Field,recover-20220922,001,1795
466.8515,466.8601,28046,37219,Eptesicus serotinus,0.012,0.027,-1,Echolocation,/mnt/ubna_data_02_mir/recover-20220922/UBNA_001/20220921_090000.WAV,Telephone Field,recover-20220922,001,1795
466.8785,466.8971,22031,25509,Nyctalus leisleri,0.041,0.077,-1,Echolocation,/mnt/ubna_data_02_mir/recover-20220922/UBNA_001/20220921_090000.WAV,Telephone Field,recover-20220922,001,1795
466.89549999999997,466.9352,68437,82471,Rhinolophus ferrumequinum,0.023,0.023,-1,Echolocation,/mnt/ubna_data_02_mir/recover-20220922/UBNA_001/20220921_090000.WAV,Telephone Field,recover-20220922,001,1795
466.9145,466.9238,23750,30430,Nyctalus leisleri,0.008,0.023,-1,Echolocation,/mnt/ubna_data_02_mir/recover-20220922/UBNA_001/20220921_090000.WAV,Telephone Field,recover-20220922,001,1795
466.9375,466.979,68437,82346,Rhinolophus ferrumequinum,0.023,0.023,-1,Echolocation,/mnt/ubna_data_02_mir/recover-20220922/UBNA_001/20220921_090000.WAV,Telephone Field,recover-20220922,001,1795
466.9405,466.949,26328,34359,Eptesicus serotinus,0.01,0.028,-1,Echolocation,/mnt/ubna_data_02_mir/recover-20220922/UBNA_001/20220921_090000.WAV,Telephone Field,recover-20220922,001,1795
466.9495,466.9554,46953,53302,Pipistrellus pipistrellus,0.017,0.021,-1,Echolocation,/mnt/ubna_data_02_mir/recover-20220922/UBNA_001/20220921_090000.WAV,Telephone Field,recover-20220922,001,1795
466.9535,466.9945,68437,82370,Rhinolophus ferrumequinum,0.03,0.03,-1,Echolocation,/mnt/ubna_data_02_mir/recover-20220922/UBNA_001/20220921_090000.WAV,Telephone Field,recover-20220922,001,1795
467.0665,467.0763,28046,37551,Eptesicus serotinus,0.008,0.021,-1,Echolocation,/mnt/ubna_data_02_mir/recover-20220922/UBNA_001/20220921_090000.WAV,Telephone Field,recover-20220922,001,1795
467.0845,467.1235,68437,82209,Rhinolophus ferrumequinum,0.024,0.024,-1,Echolocation,/mnt/ubna_data_02_mir/recover-20220922/UBNA_001/20220921_090000.WAV,Telephone Field,recover-20220922,001,1795
467.1105,467.1515,68437,82671,Rhinolophus ferrumequinum,0.024,0.025,-1,Echolocation,/mnt/ubna_data_02_mir/recover-20220922/UBNA_001/20220921_090000.WAV,Telephone Field,recover-20220922,001,1795
467.1365,467.174,68437,81977,Rhinolophus ferrumequinum,0.026,0.026,-1,Echolocation,/mnt/ubna_data_02_mir/recover-20220922/UBNA_001/20220921_090000.WAV,Telephone Field,recover-20220922,001,1795
467.1375,467.1469,27187,35350,Eptesicus serotinus,0.01,0.024,-1,Echolocation,/mnt/ubna_data_02_mir/recover-20220922/UBNA_001/20220921_090000.WAV,Telephone Field,recover-20220922,001,1795
467.2045,467.2447,68437,82204,Rhinolophus ferrumequinum,0.024,0.024,-1,Echolocation,/mnt/ubna_data_02_mir/recover-20220922/UBNA_001/20220921_090000.WAV,Telephone Field,recover-20220922,001,1795
467.2415,467.2786,68437,81871,Rhinolophus ferrumequinum,0.025,0.025,-1,Echolocation,/mnt/ubna_data_02_mir/recover-20220922/UBNA_001/20220921_090000.WAV,Telephone Field,recover-20220922,001,1795
467.2695,467.2807,27187,34725,Eptesicus serotinus,0.014,0.028,-1,Echolocation,/mnt/ubna_data_02_mir/recover-20220922/UBNA_001/20220921_090000.WAV,Telephone Field,recover-20220922,001,1795
467.2835,467.293,27187,35090,Eptesicus serotinus,0.009,0.022,-1,Echolocation,/mnt/ubna_data_02_mir/recover-20220922/UBNA_001/20220921_090000.WAV,Telephone Field,recover-20220922,001,1795
467.2925,467.3015,23750,30757,Nyctalus leisleri,0.006,0.022,-1,Echolocation,/mnt/ubna_data_02_mir/recover-20220922/UBNA_001/20220921_090000.WAV,Telephone Field,recover-20220922,001,1795
467.3155,467.3245,27187,36214,Eptesicus serotinus,0.008,0.021,-1,Echolocation,/mnt/ubna_data_02_mir/recover-20220922/UBNA_001/20220921_090000.WAV,Telephone Field,recover-20220922,001,1795
467.3235,467.362,68437,81448,Rhinolophus ferrumequinum,0.021,0.021,-1,Echolocation,/mnt/ubna_data_02_mir/recover-20220922/UBNA_001/20220921_090000.WAV,Telephone Field,recover-20220922,001,1795
467.3355,467.3454,22890,29653,Nyctalus leisleri,0.01,0.029,-1,Echolocation,/mnt/ubna_data_02_mir/recover-20220922/UBNA_001/20220921_090000.WAV,Telephone Field,recover-20220922,001,1795
467.3445,467.3848,68437,82707,Rhinolophus ferrumequinum,0.023,0.023,-1,Echolocation,/mnt/ubna_data_02_mir/recover-20220922/UBNA_001/20220921_090000.WAV,Telephone Field,recover-20220922,001,1795
467.4045,467.4442,68437,82757,Rhinolophus ferrumequinum,0.024,0.024,-1,Echolocation,/mnt/ubna_data_02_mir/recover-20220922/UBNA_001/20220921_090000.WAV,Telephone Field,recover-20220922,001,1795
467.4805,467.4898,50390,55852,Pipistrellus pipistrellus,0.027,0.032,-1,Echolocation,/mnt/ubna_data_02_mir/recover-20220922/UBNA_001/20220921_090000.WAV,Telephone Field,recover-20220922,001,1795
467.4885,467.5256,68437,81735,Rhinolophus ferrumequinum,0.023,0.023,-1,Echolocation,/mnt/ubna_data_02_mir/recover-20220922/UBNA_001/20220921_090000.WAV,Telephone Field,recover-20220922,001,1795
467.4915,467.5042,23750,27966,Nyctalus leisleri,0.018,0.031,-1,Echolocation,/mnt/ubna_data_02_mir/recover-20220922/UBNA_001/20220921_090000.WAV,Telephone Field,recover-20220922,001,1795
467.5375,467.5761,68437,81946,Rhinolophus ferrumequinum,0.022,0.022,-1,Echolocation,/mnt/ubna_data_02_mir/recover-20220922/UBNA_001/20220921_090000.WAV,Telephone Field,recover-20220922,001,1795
467.5475,467.5893,68437,82889,Rhinolophus ferrumequinum,0.026,0.026,-1,Echolocation,/mnt/ubna_data_02_mir/recover-20220922/UBNA_001/20220921_090000.WAV,Telephone Field,recover-20220922,001,1795
467.5625,467.5718,49531,54043,Pipistrellus pipistrellus,0.03,0.034,-1,Echolocation,/mnt/ubna_data_02_mir/recover-20220922/UBNA_001/20220921_090000.WAV,Telephone Field,recover-20220922,001,1795
467.5695,467.5773,28906,38334,Eptesicus serotinus,0.007,0.024,-1,Echolocation,/mnt/ubna_data_02_mir/recover-20220922/UBNA_001/20220921_090000.WAV,Telephone Field,recover-20220922,001,1795
467.6105,467.6493,68437,82286,Rhinolophus ferrumequinum,0.022,0.022,-1,Echolocation,/mnt/ubna_data_02_mir/recover-20220922/UBNA_001/20220921_090000.WAV,Telephone Field,recover-20220922,001,1795
467.6405,467.6558,22890,26119,Nyctalus leisleri,0.036,0.057,-1,Echolocation,/mnt/ubna_data_02_mir/recover-20220922/UBNA_001/20220921_090000.WAV,Telephone Field,recover-20220922,001,1795
467.6635,467.7024,68437,82306,Rhinolophus ferrumequinum,0.023,0.023,-1,Echolocation,/mnt/ubna_data_02_mir/recover-20220922/UBNA_001/20220921_090000.WAV,Telephone Field,recover-20220922,001,1795
467.6885,467.7285,68437,82259,Rhinolophus ferrumequinum,0.04,0.04,-1,Echolocation,/mnt/ubna_data_02_mir/recover-20220922/UBNA_001/20220921_090000.WAV,Telephone Field,recover-20220922,001,1795
467.7435,467.7856,68437,82488,Rhinolophus ferrumequinum,0.023,0.023,-1,Echolocation,/mnt/ubna_data_02_mir/recover-20220922/UBNA_001/20220921_090000.WAV,Telephone Field,recover-20220922,001,1795
467.8065,467.8477,68437,83002,Rhinolophus ferrumequinum,0.034,0.034,-1,Echolocation,/mnt/ubna_data_02_mir/recover-20220922/UBNA_001/20220921_090000.WAV,Telephone Field,recover-20220922,001,1795
467.8095,467.8178,28906,37414,Eptesicus serotinus,0.008,0.023,-1,Echolocation,/mnt/ubna_data_02_mir/recover-20220922/UBNA_001/20220921_090000.WAV,Telephone Field,recover-20220922,001,1795
467.8475,467.8828,68437,81532,Rhinolophus ferrumequinum,0.022,0.022,-1,Echolocation,/mnt/ubna_data_02_mir/recover-20220922/UBNA_001/20220921_090000.WAV,Telephone Field,recover-20220922,001,1795
467.8735,467.8799,38359,47250,Myotis daubentonii,0.009,0.021,-1,Echolocation,/mnt/ubna_data_02_mir/recover-20220922/UBNA_001/20220921_090000.WAV,Telephone Field,recover-20220922,001,1795
467.8775,467.8887,23750,29754,Nyctalus leisleri,0.011,0.025,-1,Echolocation,/mnt/ubna_data_02_mir/recover-20220922/UBNA_001/20220921_090000.WAV,Telephone Field,recover-20220922,001,1795
467.8905,467.932,68437,82698,Rhinolophus ferrumequinum,0.024,0.024,-1,Echolocation,/mnt/ubna_data_02_mir/recover-20220922/UBNA_001/20220921_090000.WAV,Telephone Field,recover-20220922,001,1795
467.9095,467.91700000000003,28046,37693,Eptesicus serotinus,0.007,0.023,-1,Echolocation,/mnt/ubna_data_02_mir/recover-20220922/UBNA_001/20220921_090000.WAV,Telephone Field,recover-20220922,001,1795
467.9255,467.936,28046,35888,Eptesicus serotinus,0.011,0.025,-1,Echolocation,/mnt/ubna_data_02_mir/recover-20220922/UBNA_001/20220921_090000.WAV,Telephone Field,recover-20220922,001,1795
467.9465,467.9854,68437,81763,Rhinolophus ferrumequinum,0.022,0.022,-1,Echolocation,/mnt/ubna_data_02_mir/recover-20220922/UBNA_001/20220921_090000.WAV,Telephone Field,recover-20220922,001,1795
467.9615,467.9729,28906,36566,Eptesicus serotinus,0.014,0.028,-1,Echolocation,/mnt/ubna_data_02_mir/recover-20220922/UBNA_001/20220921_090000.WAV,Telephone Field,recover-20220922,001,1795
468.0015,468.0339,69296,81627,Rhinolophus ferrumequinum,0.023,0.023,-1,Echolocation,/mnt/ubna_data_02_mir/recover-20220922/UBNA_001/20220921_090000.WAV,Telephone Field,recover-20220922,001,1795
468.0015,468.0121,48671,54383,Pipistrellus pipistrellus,0.017,0.023,-1,Echolocation,/mnt/ubna_data_02_mir/recover-20220922/UBNA_001/20220921_090000.WAV,Telephone Field,recover-20220922,001,1795
468.0015,468.0107,22031,28007,Nyctalus leisleri,0.013,0.032,-1,Echolocation,/mnt/ubna_data_02_mir/recover-20220922/UBNA_001/20220921_090000.WAV,Telephone Field,recover-20220922,001,1795
468.0155,468.0557,68437,82561,Rhinolophus ferrumequinum,0.022,0.022,-1,Echolocation,/mnt/ubna_data_02_mir/recover-20220922/UBNA_001/20220921_090000.WAV,Telephone Field,recover-20220922,001,1795
468.0345,468.076,68437,82671,Rhinolophus ferrumequinum,0.022,0.022,-1,Echolocation,/mnt/ubna_data_02_mir/recover-20220922/UBNA_001/20220921_090000.WAV,Telephone Field,recover-20220922,001,1795
468.0515,468.0888,68437,81001,Rhinolophus ferrumequinum,0.025,0.026,-1,Echolocation,/mnt/ubna_data_02_mir/recover-20220922/UBNA_001/20220921_090000.WAV,Telephone Field,recover-20220922,001,1795
468.0525,468.064,36640,42001,Pipistrellus nathusii,0.012,0.025,-1,Echolocation,/mnt/ubna_data_02_mir/recover-20220922/UBNA_001/20220921_090000.WAV,Telephone Field,recover-20220922,001,1795
468.0845,468.1259,68437,82163,Rhinolophus ferrumequinum,0.026,0.026,-1,Echolocation,/mnt/ubna_data_02_mir/recover-20220922/UBNA_001/20220921_090000.WAV,Telephone Field,recover-20220922,001,1795
468.1285,468.1666,68437,81748,Rhinolophus ferrumequinum,0.021,0.021,-1,Echolocation,/mnt/ubna_data_02_mir/recover-20220922/UBNA_001/20220921_090000.WAV,Telephone Field,recover-20220922,001,1795
468.1575,468.1964,68437,82673,Rhinolophus ferrumequinum,0.025,0.025,-1,Echolocation,/mnt/ubna_data_02_mir/recover-20220922/UBNA_001/20220921_090000.WAV,Telephone Field,recover-20220922,001,1795
468.1805,468.2195,68437,81883,Rhinolophus ferrumequinum,0.022,0.022,-1,Echolocation,/mnt/ubna_data_02_mir/recover-20220922/UBNA_001/20220921_090000.WAV,Telephone Field,recover-20220922,001,1795
468.1825,468.1917,51250,55953,Pipistrellus pipistrellus,0.033,0.038,-1,Echolocation,/mnt/ubna_data_02_mir/recover-20220922/UBNA_001/20220921_090000.WAV,Telephone Field,recover-20220922,001,1795
468.1955,468.2038,24609,32731,Eptesicus serotinus,0.007,0.023,-1,Echolocation,/mnt/ubna_data_02_mir/recover-20220922/UBNA_001/20220921_090000.WAV,Telephone Field,recover-20220922,001,1795
468.2015,468.2119,27187,34339,Eptesicus serotinus,0.011,0.024,-1,Echolocation,/mnt/ubna_data_02_mir/recover-20220922/UBNA_001/20220921_090000.WAV,Telephone Field,recover-20220922,001,1795
468.2115,468.249,68437,82293,Rhinolophus ferrumequinum,0.025,0.025,-1,Echolocation,/mnt/ubna_data_02_mir/recover-20220922/UBNA_001/20220921_090000.WAV,Telephone Field,recover-20220922,001,1795
468.2715,468.3105,68437,82229,Rhinolophus ferrumequinum,0.023,0.023,-1,Echolocation,/mnt/ubna_data_02_mir/recover-20220922/UBNA_001/20220921_090000.WAV,Telephone Field,recover-20220922,001,1795
468.2825,468.3217,68437,82391,Rhinolophus ferrumequinum,0.023,0.023,-1,Echolocation,/mnt/ubna_data_02_mir/recover-20220922/UBNA_001/20220921_090000.WAV,Telephone Field,recover-20220922,001,1795
468.3195,468.3613,68437,82949,Rhinolophus ferrumequinum,0.032,0.032,-1,Echolocation,/mnt/ubna_data_02_mir/recover-20220922/UBNA_001/20220921_090000.WAV,Telephone Field,recover-20220922,001,1795
468.3405,468.3521,22031,26029,Nyctalus leisleri,0.012,0.021,-1,Echolocation,/mnt/ubna_data_02_mir/recover-20220922/UBNA_001/20220921_090000.WAV,Telephone Field,recover-20220922,001,1795
468.3525,468.3864,68437,80225,Rhinolophus ferrumequinum,0.022,0.023,-1,Echolocation,/mnt/ubna_data_02_mir/recover-20220922/UBNA_001/20220921_090000.WAV,Telephone Field,recover-20220922,001,1795
468.3625,468.4008,68437,81747,Rhinolophus ferrumequinum,0.023,0.023,-1,Echolocation,/mnt/ubna_data_02_mir/recover-20220922/UBNA_001/20220921_090000.WAV,Telephone Field,recover-20220922,001,1795
468.3825,468.4232,68437,82689,Rhinolophus ferrumequinum,0.021,0.021,-1,Echolocation,/mnt/ubna_data_02_mir/recover-20220922/UBNA_001/20220921_090000.WAV,Telephone Field,recover-20220922,001,1795
468.4065,468.4474,68437,82593,Rhinolophus ferrumequinum,0.029,0.029,-1,Echolocation,/mnt/ubna_data_02_mir/recover-20220922/UBNA_001/20220921_090000.WAV,Telephone Field,recover-20220922,001,1795
468.4655,468.5069,68437,82758,Rhinolophus ferrumequinum,0.022,0.022,-1,Echolocation,/mnt/ubna_data_02_mir/recover-20220922/UBNA_001/20220921_090000.WAV,Telephone Field,recover-20220922,001,1795
468.4755,468.4848,24609,31831,Nyctalus leisleri,0.013,0.043,-1,Echolocation,/mnt/ubna_data_02_mir/recover-20220922/UBNA_001/20220921_090000.WAV,Telephone Field,recover-20220922,001,1795
468.4875,468.5304,68437,83102,Rhinolophus ferrumequinum,0.044,0.044,-1,Echolocation,/mnt/ubna_data_02_mir/recover-20220922/UBNA_001/20220921_090000.WAV,Telephone Field,recover-20220922,001,1795
468.5065,468.5152,25468,33447,Eptesicus serotinus,0.007,0.021,-1,Echolocation,/mnt/ubna_data_02_mir/recover-20220922/UBNA_001/20220921_090000.WAV,Telephone Field,recover-20220922,001,1795
468.5275,468.567,68437,82228,Rhinolophus ferrumequinum,0.025,0.025,-1,Echolocation,/mnt/ubna_data_02_mir/recover-20220922/UBNA_001/20220921_090000.WAV,Telephone Field,recover-20220922,001,1795
468.5575,468.5672,26328,34592,Eptesicus serotinus,0.015,0.029,-1,Echolocation,/mnt/ubna_data_02_mir/recover-20220922/UBNA_001/20220921_090000.WAV,Telephone Field,recover-20220922,001,1795
468.5585,468.5983,68437,82469,Rhinolophus ferrumequinum,0.027,0.027,-1,Echolocation,/mnt/ubna_data_02_mir/recover-20220922/UBNA_001/20220921_090000.WAV,Telephone Field,recover-20220922,001,1795
468.5685,468.6098,68437,82608,Rhinolophus ferrumequinum,0.023,0.023,-1,Echolocation,/mnt/ubna_data_02_mir/recover-20220922/UBNA_001/20220921_090000.WAV,Telephone Field,recover-20220922,001,1795
468.6015,468.6119,23750,29911,Nyctalus leisleri,0.01,0.024,-1,Echolocation,/mnt/ubna_data_02_mir/recover-20220922/UBNA_001/20220921_090000.WAV,Telephone Field,recover-20220922,001,1795
468.6135,468.65319999999997,68437,82596,Rhinolophus ferrumequinum,0.025,0.025,-1,Echolocation,/mnt/ubna_data_02_mir/recover-20220922/UBNA_001/20220921_090000.WAV,Telephone Field,recover-20220922,001,1795
468.6275,468.6696,68437,83128,Rhinolophus ferrumequinum,0.057,0.057,-1,Echolocation,/mnt/ubna_data_02_mir/recover-20220922/UBNA_001/20220921_090000.WAV,Telephone Field,recover-20220922,001,1795
468.6605,468.6998,68437,82285,Rhinolophus ferrumequinum,0.023,0.023,-1,Echolocation,/mnt/ubna_data_02_mir/recover-20220922/UBNA_001/20220921_090000.WAV,Telephone Field,recover-20220922,001,1795
468.70550000000003,468.7424,68437,81527,Rhinolophus ferrumequinum,0.022,0.022,-1,Echolocation,/mnt/ubna_data_02_mir/recover-20220922/UBNA_001/20220921_090000.WAV,Telephone Field,recover-20220922,001,1795
468.7265,468.7355,22890,29126,Plecotus austriacus,0.008,0.023,-1,Echolocation,/mnt/ubna_data_02_mir/recover-20220922/UBNA_001/20220921_090000.WAV,Telephone Field,recover-20220922,001,1795
468.7525,468.76030000000003,28906,38408,Eptesicus serotinus,0.007,0.023,-1,Echolocation,/mnt/ubna_data_02_mir/recover-20220922/UBNA_001/20220921_090000.WAV,Telephone Field,recover-20220922,001,1795
468.7895,468.7996,23750,29994,Nyctalus leisleri,0.008,0.022,-1,Echolocation,/mnt/ubna_data_02_mir/recover-20220922/UBNA_001/20220921_090000.WAV,Telephone Field,recover-20220922,001,1795
468.7985,468.838,68437,82219,Rhinolophus ferrumequinum,0.025,0.025,-1,Echolocation,/mnt/ubna_data_02_mir/recover-20220922/UBNA_001/20220921_090000.WAV,Telephone Field,recover-20220922,001,1795
468.8095,468.8453,68437,81625,Rhinolophus ferrumequinum,0.023,0.023,-1,Echolocation,/mnt/ubna_data_02_mir/recover-20220922/UBNA_001/20220921_090000.WAV,Telephone Field,recover-20220922,001,1795
468.8205,468.8578,68437,81399,Rhinolophus ferrumequinum,0.022,0.023,-1,Echolocation,/mnt/ubna_data_02_mir/recover-20220922/UBNA_001/20220921_090000.WAV,Telephone Field,recover-20220922,001,1795
468.8445,468.8847,68437,82746,Rhinolophus ferrumequinum,0.04,0.04,-1,Echolocation,/mnt/ubna_data_02_mir/recover-20220922/UBNA_001/20220921_090000.WAV,Telephone Field,recover-20220922,001,1795
468.8485,468.8552,47812,54198,Pipistrellus pipistrellus,0.02,0.022,-1,Echolocation,/mnt/ubna_data_02_mir/recover-20220922/UBNA_001/20220921_090000.WAV,Telephone Field,recover-20220922,001,1795
468.8515,468.8626,24609,31270,Nyctalus leisleri,0.01,0.026,-1,Echolocation,/mnt/ubna_data_02_mir/recover-20220922/UBNA_001/20220921_090000.WAV,Telephone Field,recover-20220922,001,1795
468.8755,468.913,68437,81904,Rhinolophus ferrumequinum,0.023,0.023,-1,Echolocation,/mnt/ubna_data_02_mir/recover-20220922/UBNA_001/20220921_090000.WAV,Telephone Field,recover-20220922,001,1795
468.8985,468.9363,68437,81312,Rhinolophus ferrumequinum,0.023,0.023,-1,Echolocation,/mnt/ubna_data_02_mir/recover-20220922/UBNA_001/20220921_090000.WAV,Telephone Field,recover-20220922,001,1795
468.8985,468.9089,22890,28944,Nyctalus leisleri,0.01,0.023,-1,Echolocation,/mnt/ubna_data_02_mir/recover-20220922/UBNA_001/20220921_090000.WAV,Telephone Field,recover-20220922,001,1795
468.9055,468.94010000000003,68437,80522,Rhinolophus ferrumequinum,0.025,0.025,-1,Echolocation,/mnt/ubna_data_02_mir/recover-20220922/UBNA_001/20220921_090000.WAV,Telephone Field,recover-20220922,001,1795
468.9495,468.989,68437,81974,Rhinolophus ferrumequinum,0.021,0.021,-1,Echolocation,/mnt/ubna_data_02_mir/recover-20220922/UBNA_001/20220921_090000.WAV,Telephone Field,recover-20220922,001,1795
468.9505,468.9627,23750,28845,Nyctalus leisleri,0.016,0.03,-1,Echolocation,/mnt/ubna_data_02_mir/recover-20220922/UBNA_001/20220921_090000.WAV,Telephone Field,recover-20220922,001,1795
468.9735,469.0099,68437,81925,Rhinolophus ferrumequinum,0.023,0.023,-1,Echolocation,/mnt/ubna_data_02_mir/recover-20220922/UBNA_001/20220921_090000.WAV,Telephone Field,recover-20220922,001,1795
469.0165,469.0268,42656,47187,Pipistrellus pipistrellus,0.025,0.033,-1,Echolocation,/mnt/ubna_data_02_mir/recover-20220922/UBNA_001/20220921_090000.WAV,Telephone Field,recover-20220922,001,1795
469.0295,469.0392,24609,31779,Eptesicus serotinus,0.008,0.023,-1,Echolocation,/mnt/ubna_data_02_mir/recover-20220922/UBNA_001/20220921_090000.WAV,Telephone Field,recover-20220922,001,1795
469.0435,469.0566,34062,39582,Eptesicus serotinus,0.01,0.036,-1,Echolocation,/mnt/ubna_data_02_mir/recover-20220922/UBNA_001/20220921_090000.WAV,Telephone Field,recover-20220922,001,1795
469.0455,469.0848,68437,82109,Rhinolophus ferrumequinum,0.028,0.028,-1,Echolocation,/mnt/ubna_data_02_mir/recover-20220922/UBNA_001/20220921_090000.WAV,Telephone Field,recover-20220922,001,1795
469.0635,469.0745,22890,28705,Nyctalus leisleri,0.013,0.031,-1,Echolocation,/mnt/ubna_data_02_mir/recover-20220922/UBNA_001/20220921_090000.WAV,Telephone Field,recover-20220922,001,1795
469.10450000000003,469.1442,68437,82184,Rhinolophus ferrumequinum,0.022,0.022,-1,Echolocation,/mnt/ubna_data_02_mir/recover-20220922/UBNA_001/20220921_090000.WAV,Telephone Field,recover-20220922,001,1795
469.1315,469.1679,68437,81223,Rhinolophus ferrumequinum,0.026,0.026,-1,Echolocation,/mnt/ubna_data_02_mir/recover-20220922/UBNA_001/20220921_090000.WAV,Telephone Field,recover-20220922,001,1795
469.1595,469.1674,27187,39715,Eptesicus serotinus,0.007,0.022,-1,Echolocation,/mnt/ubna_data_02_mir/recover-20220922/UBNA_001/20220921_090000.WAV,Telephone Field,recover-20220922,001,1795
469.1935,469.233,68437,82187,Rhinolophus ferrumequinum,0.024,0.024,-1,Echolocation,/mnt/ubna_data_02_mir/recover-20220922/UBNA_001/20220921_090000.WAV,Telephone Field,recover-20220922,001,1795
469.1995,469.2381,68437,81749,Rhinolophus ferrumequinum,0.024,0.024,-1,Echolocation,/mnt/ubna_data_02_mir/recover-20220922/UBNA_001/20220921_090000.WAV,Telephone Field,recover-20220922,001,1795
469.2095,469.2185,24609,31463,Nyctalus leisleri,0.008,0.023,-1,Echolocation,/mnt/ubna_data_02_mir/recover-20220922/UBNA_001/20220921_090000.WAV,Telephone Field,recover-20220922,001,1795
469.2235,469.2626,68437,82014,Rhinolophus ferrumequinum,0.024,0.024,-1,Echolocation,/mnt/ubna_data_02_mir/recover-20220922/UBNA_001/20220921_090000.WAV,Telephone Field,recover-20220922,001,1795
469.2695,469.277,28046,37678,Eptesicus serotinus,0.007,0.022,-1,Echolocation,/mnt/ubna_data_02_mir/recover-20220922/UBNA_001/20220921_090000.WAV,Telephone Field,recover-20220922,001,1795
469.2695,469.3097,68437,82293,Rhinolophus ferrumequinum,0.045,0.045,-1,Echolocation,/mnt/ubna_data_02_mir/recover-20220922/UBNA_001/20220921_090000.WAV,Telephone Field,recover-20220922,001,1795
469.3235,469.3684,68437,82748,Rhinolophus ferrumequinum,0.049,0.049,-1,Echolocation,/mnt/ubna_data_02_mir/recover-20220922/UBNA_001/20220921_090000.WAV,Telephone Field,recover-20220922,001,1795
469.3315,469.3392,28046,37387,Eptesicus serotinus,0.006,0.023,-1,Echolocation,/mnt/ubna_data_02_mir/recover-20220922/UBNA_001/20220921_090000.WAV,Telephone Field,recover-20220922,001,1795
469.4005,469.4371,68437,81233,Rhinolophus ferrumequinum,0.023,0.023,-1,Echolocation,/mnt/ubna_data_02_mir/recover-20220922/UBNA_001/20220921_090000.WAV,Telephone Field,recover-20220922,001,1795
469.4145,469.4505,68437,81271,Rhinolophus ferrumequinum,0.021,0.021,-1,Echolocation,/mnt/ubna_data_02_mir/recover-20220922/UBNA_001/20220921_090000.WAV,Telephone Field,recover-20220922,001,1795
469.4245,469.4659,68437,82667,Rhinolophus ferrumequinum,0.029,0.029,-1,Echolocation,/mnt/ubna_data_02_mir/recover-20220922/UBNA_001/20220921_090000.WAV,Telephone Field,recover-20220922,001,1795
469.4715,469.514,68437,83414,Rhinolophus ferrumequinum,0.031,0.031,-1,Echolocation,/mnt/ubna_data_02_mir/recover-20220922/UBNA_001/20220921_090000.WAV,Telephone Field,recover-20220922,001,1795
469.47950000000003,469.5229,68437,83047,Rhinolophus ferrumequinum,0.033,0.033,-1,Echolocation,/mnt/ubna_data_02_mir/recover-20220922/UBNA_001/20220921_090000.WAV,Telephone Field,recover-20220922,001,1795
469.5025,469.5102,28046,38701,Eptesicus serotinus,0.007,0.023,-1,Echolocation,/mnt/ubna_data_02_mir/recover-20220922/UBNA_001/20220921_090000.WAV,Telephone Field,recover-20220922,001,1795
469.5285,469.5678,68437,82442,Rhinolophus ferrumequinum,0.022,0.022,-1,Echolocation,/mnt/ubna_data_02_mir/recover-20220922/UBNA_001/20220921_090000.WAV,Telephone Field,recover-20220922,001,1795
469.5585,469.5972,68437,81945,Rhinolophus ferrumequinum,0.027,0.027,-1,Echolocation,/mnt/ubna_data_02_mir/recover-20220922/UBNA_001/20220921_090000.WAV,Telephone Field,recover-20220922,001,1795
469.5615,469.5711,22890,29095,Nyctalus leisleri,0.009,0.022,-1,Echolocation,/mnt/ubna_data_02_mir/recover-20220922/UBNA_001/20220921_090000.WAV,Telephone Field,recover-20220922,001,1795
469.5785,469.617,68437,81493,Rhinolophus ferrumequinum,0.023,0.023,-1,Echolocation,/mnt/ubna_data_02_mir/recover-20220922/UBNA_001/20220921_090000.WAV,Telephone Field,recover-20220922,001,1795
469.5975,469.6367,68437,81627,Rhinolophus ferrumequinum,0.022,0.022,-1,Echolocation,/mnt/ubna_data_02_mir/recover-20220922/UBNA_001/20220921_090000.WAV,Telephone Field,recover-20220922,001,1795
469.6205,469.6279,28046,37210,Eptesicus serotinus,0.009,0.025,-1,Echolocation,/mnt/ubna_data_02_mir/recover-20220922/UBNA_001/20220921_090000.WAV,Telephone Field,recover-20220922,001,1795
469.6255,469.6686,68437,82877,Rhinolophus ferrumequinum,0.027,0.027,-1,Echolocation,/mnt/ubna_data_02_mir/recover-20220922/UBNA_001/20220921_090000.WAV,Telephone Field,recover-20220922,001,1795
469.6305,469.6722,68437,82654,Rhinolophus ferrumequinum,0.027,0.027,-1,Echolocation,/mnt/ubna_data_02_mir/recover-20220922/UBNA_001/20220921_090000.WAV,Telephone Field,recover-20220922,001,1795
469.6405,469.6806,68437,81892,Rhinolophus ferrumequinum,0.025,0.025,-1,Echolocation,/mnt/ubna_data_02_mir/recover-20220922/UBNA_001/20220921_090000.WAV,Telephone Field,recover-20220922,001,1795
469.6705,469.7128,68437,82617,Rhinolophus ferrumequinum,0.03,0.03,-1,Echolocation,/mnt/ubna_data_02_mir/recover-20220922/UBNA_001/20220921_090000.WAV,Telephone Field,recover-20220922,001,1795
469.6735,469.6825,46093,51093,Pipistrellus pipistrellus,0.025,0.028,-1,Echolocation,/mnt/ubna_data_02_mir/recover-20220922/UBNA_001/20220921_090000.WAV,Telephone Field,recover-20220922,001,1795
469.6735,469.6836,25468,33804,Eptesicus serotinus,0.013,0.028,-1,Echolocation,/mnt/ubna_data_02_mir/recover-20220922/UBNA_001/20220921_090000.WAV,Telephone Field,recover-20220922,001,1795
469.7185,469.7297,44375,46993,Pipistrellus pipistrellus,0.022,0.024,-1,Echolocation,/mnt/ubna_data_02_mir/recover-20220922/UBNA_001/20220921_090000.WAV,Telephone Field,recover-20220922,001,1795
469.7225,469.7608,68437,81747,Rhinolophus ferrumequinum,0.022,0.022,-1,Echolocation,/mnt/ubna_data_02_mir/recover-20220922/UBNA_001/20220921_090000.WAV,Telephone Field,recover-20220922,001,1795
469.7575,469.795,68437,81515,Rhinolophus ferrumequinum,0.022,0.022,-1,Echolocation,/mnt/ubna_data_02_mir/recover-20220922/UBNA_001/20220921_090000.WAV,Telephone Field,recover-20220922,001,1795
469.7745,469.781,33203,44565,Myotis daubentonii,0.011,0.024,-1,Echolocation,/mnt/ubna_data_02_mir/recover-20220922/UBNA_001/20220921_090000.WAV,Telephone Field,recover-20220922,001,1795
469.7755,469.7825,26328,38485,Eptesicus serotinus,0.006,0.027,-1,Echolocation,/mnt/ubna_data_02_mir/recover-20220922/UBNA_001/20220921_090000.WAV,Telephone Field,recover-20220922,001,1795
469.7815,469.8202,68437,82233,Rhinolophus ferrumequinum,0.025,0.025,-1,Echolocation,/mnt/ubna_data_02_mir/recover-20220922/UBNA_001/20220921_090000.WAV,Telephone Field,recover-20220922,001,1795
469.7885,469.7974,28906,36984,Eptesicus serotinus,0.007,0.022,-1,Echolocation,/mnt/ubna_data_02_mir/recover-20220922/UBNA_001/20220921_090000.WAV,Telephone Field,recover-20220922,001,1795
469.8055,469.8466,68437,81793,Rhinolophus ferrumequinum,0.031,0.031,-1,Echolocation,/mnt/ubna_data_02_mir/recover-20220922/UBNA_001/20220921_090000.WAV,Telephone Field,recover-20220922,001,1795
469.8575,469.8977,68437,82225,Rhinolophus ferrumequinum,0.023,0.023,-1,Echolocation,/mnt/ubna_data_02_mir/recover-20220922/UBNA_001/20220921_090000.WAV,Telephone Field,recover-20220922,001,1795
469.8675,469.8822,14296,19871,Nyctalus noctula,0.036,0.049,-1,Echolocation,/mnt/ubna_data_02_mir/recover-20220922/UBNA_001/20220921_090000.WAV,Telephone Field,recover-20220922,001,1795
469.8925,469.9245,68437,80486,Rhinolophus ferrumequinum,0.028,0.028,-1,Echolocation,/mnt/ubna_data_02_mir/recover-20220922/UBNA_001/20220921_090000.WAV,Telephone Field,recover-20220922,001,1795
469.9165,469.9548,68437,82179,Rhinolophus ferrumequinum,0.023,0.023,-1,Echolocation,/mnt/ubna_data_02_mir/recover-20220922/UBNA_001/20220921_090000.WAV,Telephone Field,recover-20220922,001,1795
469.9455,469.9875,68437,83056,Rhinolophus ferrumequinum,0.026,0.026,-1,Echolocation,/mnt/ubna_data_02_mir/recover-20220922/UBNA_001/20220921_090000.WAV,Telephone Field,recover-20220922,001,1795
469.9535,469.9731,20312,23611,Nyctalus leisleri,0.017,0.03,-1,Echolocation,/mnt/ubna_data_02_mir/recover-20220922/UBNA_001/20220921_090000.WAV,Telephone Field,recover-20220922,001,1795
469.9785,469.991,58984,63612,Pipistrellus pygmaeus,0.021,0.022,-1,Echolocation,/mnt/ubna_data_02_mir/recover-20220922/UBNA_001/20220921_090000.WAV,Telephone Field,recover-20220922,001,1795
469.9875,469.9994,22890,29008,Nyctalus leisleri,0.011,0.024,-1,Echolocation,/mnt/ubna_data_02_mir/recover-20220922/UBNA_001/20220921_090000.WAV,Telephone Field,recover-20220922,001,1795
470.0015,470.01030000000003,25468,35415,Nyctalus leisleri,0.008,0.028,-1,Echolocation,/mnt/ubna_data_02_mir/recover-20220922/UBNA_001/20220921_090000.WAV,Telephone Field,recover-20220922,001,1795
470.0015,470.0349,69296,80916,Rhinolophus ferrumequinum,0.034,0.035,-1,Echolocation,/mnt/ubna_data_02_mir/recover-20220922/UBNA_001/20220921_090000.WAV,Telephone Field,recover-20220922,001,1795
470.0015,470.0125,47812,54441,Pipistrellus pipistrellus,0.03,0.037,-1,Echolocation,/mnt/ubna_data_02_mir/recover-20220922/UBNA_001/20220921_090000.WAV,Telephone Field,recover-20220922,001,1795
470.0095,470.0502,68437,81848,Rhinolophus ferrumequinum,0.022,0.022,-1,Echolocation,/mnt/ubna_data_02_mir/recover-20220922/UBNA_001/20220921_090000.WAV,Telephone Field,recover-20220922,001,1795
470.0165,470.0271,22031,27108,Nyctalus leisleri,0.012,0.025,-1,Echolocation,/mnt/ubna_data_02_mir/recover-20220922/UBNA_001/20220921_090000.WAV,Telephone Field,recover-20220922,001,1795
470.0365,470.0765,68437,82912,Rhinolophus ferrumequinum,0.025,0.025,-1,Echolocation,/mnt/ubna_data_02_mir/recover-20220922/UBNA_001/20220921_090000.WAV,Telephone Field,recover-20220922,001,1795
470.0495,470.0893,68437,82366,Rhinolophus ferrumequinum,0.025,0.025,-1,Echolocation,/mnt/ubna_data_02_mir/recover-20220922/UBNA_001/20220921_090000.WAV,Telephone Field,recover-20220922,001,1795
470.0895,470.1306,68437,82708,Rhinolophus ferrumequinum,0.024,0.024,-1,Echolocation,/mnt/ubna_data_02_mir/recover-20220922/UBNA_001/20220921_090000.WAV,Telephone Field,recover-20220922,001,1795
470.1075,470.1179,23750,30171,Nyctalus leisleri,0.009,0.023,-1,Echolocation,/mnt/ubna_data_02_mir/recover-20220922/UBNA_001/20220921_090000.WAV,Telephone Field,recover-20220922,001,1795
470.1265,470.136,56406,61526,Pipistrellus pygmaeus,0.025,0.026,-1,Echolocation,/mnt/ubna_data_02_mir/recover-20220922/UBNA_001/20220921_090000.WAV,Telephone Field,recover-20220922,001,1795
470.1285,470.1383,28906,37448,Eptesicus serotinus,0.01,0.025,-1,Echolocation,/mnt/ubna_data_02_mir/recover-20220922/UBNA_001/20220921_090000.WAV,Telephone Field,recover-20220922,001,1795
470.1405,470.1764,68437,81493,Rhinolophus ferrumequinum,0.027,0.027,-1,Echolocation,/mnt/ubna_data_02_mir/recover-20220922/UBNA_001/20220921_090000.WAV,Telephone Field,recover-20220922,001,1795
470.1495,470.1888,68437,82123,Rhinolophus ferrumequinum,0.041,0.041,-1,Echolocation,/mnt/ubna_data_02_mir/recover-20220922/UBNA_001/20220921_090000.WAV,Telephone Field,recover-20220922,001,1795
470.1625,470.1702,28906,38311,Eptesicus serotinus,0.008,0.026,-1,Echolocation,/mnt/ubna_data_02_mir/recover-20220922/UBNA_001/20220921_090000.WAV,Telephone Field,recover-20220922,001,1795
470.1965,470.234,68437,81804,Rhinolophus ferrumequinum,0.024,0.024,-1,Echolocation,/mnt/ubna_data_02_mir/recover-20220922/UBNA_001/20220921_090000.WAV,Telephone Field,recover-20220922,001,1795
470.2275,470.2641,68437,81921,Rhinolophus ferrumequinum,0.024,0.025,-1,Echolocation,/mnt/ubna_data_02_mir/recover-20220922/UBNA_001/20220921_090000.WAV,Telephone Field,recover-20220922,001,1795
470.2565,470.29,68437,80851,Rhinolophus ferrumequinum,0.022,0.022,-1,Echolocation,/mnt/ubna_data_02_mir/recover-20220922/UBNA_001/20220921_090000.WAV,Telephone Field,recover-20220922,001,1795
470.2735,470.3136,68437,82608,Rhinolophus ferrumequinum,0.023,0.023,-1,Echolocation,/mnt/ubna_data_02_mir/recover-20220922/UBNA_001/20220921_090000.WAV,Telephone Field,recover-20220922,001,1795
470.2785,470.29,23750,28151,Nyctalus leisleri,0.015,0.025,-1,Echolocation,/mnt/ubna_data_02_mir/recover-20220922/UBNA_001/20220921_090000.WAV,Telephone Field,recover-20220922,001,1795
470.2905,470.3306,68437,82666,Rhinolophus ferrumequinum,0.03,0.03,-1,Echolocation,/mnt/ubna_data_02_mir/recover-20220922/UBNA_001/20220921_090000.WAV,Telephone Field,recover-20220922,001,1795
470.3135,470.32529999999997,36640,41298,Pipistrellus nathusii,0.012,0.024,-1,Echolocation,/mnt/ubna_data_02_mir/recover-20220922/UBNA_001/20220921_090000.WAV,Telephone Field,recover-20220922,001,1795
470.3155,470.3495,68437,81520,Rhinolophus ferrumequinum,0.023,0.023,-1,Echolocation,/mnt/ubna_data_02_mir/recover-20220922/UBNA_001/20220921_090000.WAV,Telephone Field,recover-20220922,001,1795
470.3535,470.3646,23750,28738,Nyctalus leisleri,0.013,0.025,-1,Echolocation,/mnt/ubna_data_02_mir/recover-20220922/UBNA_001/20220921_090000.WAV,Telephone Field,recover-20220922,001,1795
470.3585,470.3959,68437,81826,Rhinolophus ferrumequinum,0.023,0.023,-1,Echolocation,/mnt/ubna_data_02_mir/recover-20220922/UBNA_001/20220921_090000.WAV,Telephone Field,recover-20220922,001,1795
470.4095,470.4185,28906,38209,Eptesicus serotinus,0.008,0.024,-1,Echolocation,/mnt/ubna_data_02_mir/recover-20220922/UBNA_001/20220921_090000.WAV,Telephone Field,recover-20220922,001,1795
470.4215,470.4611,68437,82353,Rhinolophus ferrumequinum,0.023,0.023,-1,Echolocation,/mnt/ubna_data_02_mir/recover-20220922/UBNA_001/20220921_090000.WAV,Telephone Field,recover-20220922,001,1795
470.4535,470.4925,68437,83005,Rhinolophus ferrumequinum,0.022,0.022,-1,Echolocation,/mnt/ubna_data_02_mir/recover-20220922/UBNA_001/20220921_090000.WAV,Telephone Field,recover-20220922,001,1795
470.4855,470.5238,68437,81375,Rhinolophus ferrumequinum,0.03,0.03,-1,Echolocation,/mnt/ubna_data_02_mir/recover-20220922/UBNA_001/20220921_090000.WAV,Telephone Field,recover-20220922,001,1795
470.4905,470.5018,22890,28204,Nyctalus leisleri,0.012,0.028,-1,Echolocation,/mnt/ubna_data_02_mir/recover-20220922/UBNA_001/20220921_090000.WAV,Telephone Field,recover-20220922,001,1795
470.4935,470.5262,68437,80986,Rhinolophus ferrumequinum,0.023,0.023,-1,Echolocation,/mnt/ubna_data_02_mir/recover-20220922/UBNA_001/20220921_090000.WAV,Telephone Field,recover-20220922,001,1795
470.5045,470.5391,68437,81492,Rhinolophus ferrumequinum,0.022,0.022,-1,Echolocation,/mnt/ubna_data_02_mir/recover-20220922/UBNA_001/20220921_090000.WAV,Telephone Field,recover-20220922,001,1795
470.5175,470.5573,68437,82340,Rhinolophus ferrumequinum,0.024,0.024,-1,Echolocation,/mnt/ubna_data_02_mir/recover-20220922/UBNA_001/20220921_090000.WAV,Telephone Field,recover-20220922,001,1795
470.5465,470.5948,68437,83277,Rhinolophus ferrumequinum,0.082,0.082,-1,Echolocation,/mnt/ubna_data_02_mir/recover-20220922/UBNA_001/20220921_090000.WAV,Telephone Field,recover-20220922,001,1795
470.58050000000003,470.617,68437,82498,Rhinolophus ferrumequinum,0.024,0.024,-1,Echolocation,/mnt/ubna_data_02_mir/recover-20220922/UBNA_001/20220921_090000.WAV,Telephone Field,recover-20220922,001,1795
470.5945,470.6043,27187,35347,Eptesicus serotinus,0.008,0.022,-1,Echolocation,/mnt/ubna_data_02_mir/recover-20220922/UBNA_001/20220921_090000.WAV,Telephone Field,recover-20220922,001,1795
470.6115,470.6212,23750,31029,Nyctalus leisleri,0.008,0.023,-1,Echolocation,/mnt/ubna_data_02_mir/recover-20220922/UBNA_001/20220921_090000.WAV,Telephone Field,recover-20220922,001,1795
470.6235,470.665,68437,82689,Rhinolophus ferrumequinum,0.027,0.027,-1,Echolocation,/mnt/ubna_data_02_mir/recover-20220922/UBNA_001/20220921_090000.WAV,Telephone Field,recover-20220922,001,1795
470.6545,470.6911,68437,81633,Rhinolophus ferrumequinum,0.022,0.022,-1,Echolocation,/mnt/ubna_data_02_mir/recover-20220922/UBNA_001/20220921_090000.WAV,Telephone Field,recover-20220922,001,1795
470.6655,470.7037,68437,82128,Rhinolophus ferrumequinum,0.027,0.027,-1,Echolocation,/mnt/ubna_data_02_mir/recover-20220922/UBNA_001/20220921_090000.WAV,Telephone Field,recover-20220922,001,1795
470.7005,470.738,68437,81514,Rhinolophus ferrumequinum,0.023,0.023,-1,Echolocation,/mnt/ubna_data_02_mir/recover-20220922/UBNA_001/20220921_090000.WAV,Telephone Field,recover-20220922,001,1795
470.7105,470.7228,22890,27515,Nyctalus leisleri,0.014,0.026,-1,Echolocation,/mnt/ubna_data_02_mir/recover-20220922/UBNA_001/20220921_090000.WAV,Telephone Field,recover-20220922,001,1795
470.7135,470.7539,68437,82408,Rhinolophus ferrumequinum,0.027,0.027,-1,Echolocation,/mnt/ubna_data_02_mir/recover-20220922/UBNA_001/20220921_090000.WAV,Telephone Field,recover-20220922,001,1795
470.7235,470.7305,25468,35190,Plecotus austriacus,0.006,0.024,-1,Echolocation,/mnt/ubna_data_02_mir/recover-20220922/UBNA_001/20220921_090000.WAV,Telephone Field,recover-20220922,001,1795
470.7355,470.7726,68437,81615,Rhinolophus ferrumequinum,0.026,0.026,-1,Echolocation,/mnt/ubna_data_02_mir/recover-20220922/UBNA_001/20220921_090000.WAV,Telephone Field,recover-20220922,001,1795
470.7595,470.7972,68437,81991,Rhinolophus ferrumequinum,0.026,0.027,-1,Echolocation,/mnt/ubna_data_02_mir/recover-20220922/UBNA_001/20220921_090000.WAV,Telephone Field,recover-20220922,001,1795
470.7875,470.7954,28906,37101,Eptesicus serotinus,0.007,0.022,-1,Echolocation,/mnt/ubna_data_02_mir/recover-20220922/UBNA_001/20220921_090000.WAV,Telephone Field,recover-20220922,001,1795
470.7985,470.8386,68437,82163,Rhinolophus ferrumequinum,0.022,0.022,-1,Echolocation,/mnt/ubna_data_02_mir/recover-20220922/UBNA_001/20220921_090000.WAV,Telephone Field,recover-20220922,001,1795
470.8335,470.8419,27187,36047,Eptesicus serotinus,0.011,0.024,-1,Echolocation,/mnt/ubna_data_02_mir/recover-20220922/UBNA_001/20220921_090000.WAV,Telephone Field,recover-20220922,001,1795
470.8495,470.8905,68437,82257,Rhinolophus ferrumequinum,0.028,0.028,-1,Echolocation,/mnt/ubna_data_02_mir/recover-20220922/UBNA_001/20220921_090000.WAV,Telephone Field,recover-20220922,001,1795
470.8705,470.9082,68437,82145,Rhinolophus ferrumequinum,0.027,0.027,-1,Echolocation,/mnt/ubna_data_02_mir/recover-20220922/UBNA_001/20220921_090000.WAV,Telephone Field,recover-20220922,001,1795
470.8805,470.9175,68437,81527,Rhinolophus ferrumequinum,0.023,0.023,-1,Echolocation,/mnt/ubna_data_02_mir/recover-20220922/UBNA_001/20220921_090000.WAV,Telephone Field,recover-20220922,001,1795
470.8975,470.9359,68437,81590,Rhinolophus ferrumequinum,0.023,0.023,-1,Echolocation,/mnt/ubna_data_02_mir/recover-20220922/UBNA_001/20220921_090000.WAV,Telephone Field,recover-20220922,001,1795
470.9315,470.94010000000003,28906,37859,Eptesicus serotinus,0.008,0.024,-1,Echolocation,/mnt/ubna_data_02_mir/recover-20220922/UBNA_001/20220921_090000.WAV,Telephone Field,recover-20220922,001,1795
470.9345,470.9713,68437,81226,Rhinolophus ferrumequinum,0.022,0.022,-1,Echolocation,/mnt/ubna_data_02_mir/recover-20220922/UBNA_001/20220921_090000.WAV,Telephone Field,recover-20220922,001,1795
470.9415,470.977,68437,81761,Rhinolophus ferrumequinum,0.022,0.022,-1,Echolocation,/mnt/ubna_data_02_mir/recover-20220922/UBNA_001/20220921_090000.WAV,Telephone Field,recover-20220922,001,1795
470.9605,470.9985,68437,82271,Rhinolophus ferrumequinum,0.028,0.028,-1,Echolocation,/mnt/ubna_data_02_mir/recover-20220922/UBNA_001/20220921_090000.WAV,Telephone Field,recover-20220922,001,1795
470.9755,471.0115,68437,81688,Rhinolophus ferrumequinum,0.022,0.022,-1,Echolocation,/mnt/ubna_data_02_mir/recover-20220922/UBNA_001/20220921_090000.WAV,Telephone Field,recover-20220922,001,1795
470.9845,471.0224,68437,81564,Rhinolophus ferrumequinum,0.024,0.024,-1,Echolocation,/mnt/ubna_data_02_mir/recover-20220922/UBNA_001/20220921_090000.WAV,Telephone Field,recover-20220922,001,1795
471.0155,471.02570000000003,28906,36097,Eptesicus serotinus,0.011,0.025,-1,Echolocation,/mnt/ubna_data_02_mir/recover-20220922/UBNA_001/20220921_090000.WAV,Telephone Field,recover-20220922,001,1795
471.0225,471.0605,68437,82447,Rhinolophus ferrumequinum,0.022,0.022,-1,Echolocation,/mnt/ubna_data_02_mir/recover-20220922/UBNA_001/20220921_090000.WAV,Telephone Field,recover-20220922,001,1795
471.0705,471.1115,68437,82763,Rhinolophus ferrumequinum,0.029,0.029,-1,Echolocation,/mnt/ubna_data_02_mir/recover-20220922/UBNA_001/20220921_090000.WAV,Telephone Field,recover-20220922,001,1795
471.0795,471.0893,22890,30164,Plecotus austriacus,0.009,0.029,-1,Echolocation,/mnt/ubna_data_02_mir/recover-20220922/UBNA_001/20220921_090000.WAV,Telephone Field,recover-20220922,001,1795
471.0995,471.1374,68437,82201,Rhinolophus ferrumequinum,0.025,0.025,-1,Echolocation,/mnt/ubna_data_02_mir/recover-20220922/UBNA_001/20220921_090000.WAV,Telephone Field,recover-20220922,001,1795
471.1475,471.1853,68437,81918,Rhinolophus ferrumequinum,0.023,0.023,-1,Echolocation,/mnt/ubna_data_02_mir/recover-20220922/UBNA_001/20220921_090000.WAV,Telephone Field,recover-20220922,001,1795
471.1545,471.192,68437,81814,Rhinolophus ferrumequinum,0.024,0.024,-1,Echolocation,/mnt/ubna_data_02_mir/recover-20220922/UBNA_001/20220921_090000.WAV,Telephone Field,recover-20220922,001,1795
471.1725,471.211,68437,81600,Rhinolophus ferrumequinum,0.022,0.022,-1,Echolocation,/mnt/ubna_data_02_mir/recover-20220922/UBNA_001/20220921_090000.WAV,Telephone Field,recover-20220922,001,1795
471.1785,471.1995,21171,24030,Nyctalus leisleri,0.02,0.033,-1,Echolocation,/mnt/ubna_data_02_mir/recover-20220922/UBNA_001/20220921_090000.WAV,Telephone Field,recover-20220922,001,1795
471.1965,471.2325,68437,81782,Rhinolophus ferrumequinum,0.022,0.022,-1,Echolocation,/mnt/ubna_data_02_mir/recover-20220922/UBNA_001/20220921_090000.WAV,Telephone Field,recover-20220922,001,1795
471.1985,471.20799999999997,28046,36726,Eptesicus serotinus,0.009,0.022,-1,Echolocation,/mnt/ubna_data_02_mir/recover-20220922/UBNA_001/20220921_090000.WAV,Telephone Field,recover-20220922,001,1795
471.2065,471.2149,28046,38435,Eptesicus serotinus,0.007,0.022,-1,Echolocation,/mnt/ubna_data_02_mir/recover-20220922/UBNA_001/20220921_090000.WAV,Telephone Field,recover-20220922,001,1795
471.2205,471.2614,68437,82921,Rhinolophus ferrumequinum,0.052,0.052,-1,Echolocation,/mnt/ubna_data_02_mir/recover-20220922/UBNA_001/20220921_090000.WAV,Telephone Field,recover-20220922,001,1795
471.2405,471.2485,28046,38274,Eptesicus serotinus,0.008,0.024,-1,Echolocation,/mnt/ubna_data_02_mir/recover-20220922/UBNA_001/20220921_090000.WAV,Telephone Field,recover-20220922,001,1795
471.2415,471.2798,68437,81898,Rhinolophus ferrumequinum,0.023,0.023,-1,Echolocation,/mnt/ubna_data_02_mir/recover-20220922/UBNA_001/20220921_090000.WAV,Telephone Field,recover-20220922,001,1795
471.2505,471.2576,57265,61702,Pipistrellus pygmaeus,0.023,0.023,-1,Echolocation,/mnt/ubna_data_02_mir/recover-20220922/UBNA_001/20220921_090000.WAV,Telephone Field,recover-20220922,001,1795
471.2635,471.2737,22890,29050,Nyctalus leisleri,0.01,0.027,-1,Echolocation,/mnt/ubna_data_02_mir/recover-20220922/UBNA_001/20220921_090000.WAV,Telephone Field,recover-20220922,001,1795
471.2655,471.3056,68437,82340,Rhinolophus ferrumequinum,0.022,0.022,-1,Echolocation,/mnt/ubna_data_02_mir/recover-20220922/UBNA_001/20220921_090000.WAV,Telephone Field,recover-20220922,001,1795
471.29449999999997,471.3016,27187,37536,Eptesicus serotinus,0.01,0.034,-1,Echolocation,/mnt/ubna_data_02_mir/recover-20220922/UBNA_001/20220921_090000.WAV,Telephone Field,recover-20220922,001,1795
471.29449999999997,471.3338,68437,81443,Rhinolophus ferrumequinum,0.026,0.026,-1,Echolocation,/mnt/ubna_data_02_mir/recover-20220922/UBNA_001/20220921_090000.WAV,Telephone Field,recover-20220922,001,1795
471.3365,471.3717,68437,81108,Rhinolophus ferrumequinum,0.025,0.025,-1,Echolocation,/mnt/ubna_data_02_mir/recover-20220922/UBNA_001/20220921_090000.WAV,Telephone Field,recover-20220922,001,1795
471.3635,471.3753,14296,20833,Nyctalus noctula,0.013,0.023,-1,Echolocation,/mnt/ubna_data_02_mir/recover-20220922/UBNA_001/20220921_090000.WAV,Telephone Field,recover-20220922,001,1795
471.3745,471.4124,68437,81736,Rhinolophus ferrumequinum,0.021,0.021,-1,Echolocation,/mnt/ubna_data_02_mir/recover-20220922/UBNA_001/20220921_090000.WAV,Telephone Field,recover-20220922,001,1795
471.4025,471.4102,48671,54820,Pipistrellus pipistrellus,0.025,0.027,-1,Echolocation,/mnt/ubna_data_02_mir/recover-20220922/UBNA_001/20220921_090000.WAV,Telephone Field,recover-20220922,001,1795
471.4155,471.4541,68437,82494,Rhinolophus ferrumequinum,0.025,0.025,-1,Echolocation,/mnt/ubna_data_02_mir/recover-20220922/UBNA_001/20220921_090000.WAV,Telephone Field,recover-20220922,001,1795
471.4285,471.4654,68437,81545,Rhinolophus ferrumequinum,0.024,0.024,-1,Echolocation,/mnt/ubna_data_02_mir/recover-20220922/UBNA_001/20220921_090000.WAV,Telephone Field,recover-20220922,001,1795
471.4505,471.4901,68437,82993,Rhinolophus ferrumequinum,0.03,0.03,-1,Echolocation,/mnt/ubna_data_02_mir/recover-20220922/UBNA_001/20220921_090000.WAV,Telephone Field,recover-20220922,001,1795
471.4935,471.5317,68437,81236,Rhinolophus ferrumequinum,0.024,0.024,-1,Echolocation,/mnt/ubna_data_02_mir/recover-20220922/UBNA_001/20220921_090000.WAV,Telephone Field,recover-20220922,001,1795
471.4995,471.5347,68437,81290,Rhinolophus ferrumequinum,0.022,0.022,-1,Echolocation,/mnt/ubna_data_02_mir/recover-20220922/UBNA_001/20220921_090000.WAV,Telephone Field,recover-20220922,001,1795
471.5215,471.5604,68437,81961,Rhinolophus ferrumequinum,0.032,0.032,-1,Echolocation,/mnt/ubna_data_02_mir/recover-20220922/UBNA_001/20220921_090000.WAV,Telephone Field,recover-20220922,001,1795
471.5295,471.5687,68437,82723,Rhinolophus ferrumequinum,0.031,0.031,-1,Echolocation,/mnt/ubna_data_02_mir/recover-20220922/UBNA_001/20220921_090000.WAV,Telephone Field,recover-20220922,001,1795
471.5515,471.5877,68437,81695,Rhinolophus ferrumequinum,0.022,0.022,-1,Echolocation,/mnt/ubna_data_02_mir/recover-20220922/UBNA_001/20220921_090000.WAV,Telephone Field,recover-20220922,001,1795
471.5895,471.6288,68437,82717,Rhinolophus ferrumequinum,0.026,0.026,-1,Echolocation,/mnt/ubna_data_02_mir/recover-20220922/UBNA_001/20220921_090000.WAV,Telephone Field,recover-20220922,001,1795
471.5955,471.635,68437,82079,Rhinolophus ferrumequinum,0.022,0.022,-1,Echolocation,/mnt/ubna_data_02_mir/recover-20220922/UBNA_001/20220921_090000.WAV,Telephone Field,recover-20220922,001,1795
471.5995,471.6106,43515,52112,Pipistrellus pipistrellus,0.016,0.025,-1,Echolocation,/mnt/ubna_data_02_mir/recover-20220922/UBNA_001/20220921_090000.WAV,Telephone Field,recover-20220922,001,1795
471.6275,471.6652,68437,82131,Rhinolophus ferrumequinum,0.024,0.024,-1,Echolocation,/mnt/ubna_data_02_mir/recover-20220922/UBNA_001/20220921_090000.WAV,Telephone Field,recover-20220922,001,1795
471.6365,471.6736,68437,81840,Rhinolophus ferrumequinum,0.022,0.022,-1,Echolocation,/mnt/ubna_data_02_mir/recover-20220922/UBNA_001/20220921_090000.WAV,Telephone Field,recover-20220922,001,1795
471.6425,471.6503,47812,51884,Pipistrellus pipistrellus,0.022,0.024,-1,Echolocation,/mnt/ubna_data_02_mir/recover-20220922/UBNA_001/20220921_090000.WAV,Telephone Field,recover-20220922,001,1795
471.6895,471.7332,68437,83293,Rhinolophus ferrumequinum,0.022,0.022,-1,Echolocation,/mnt/ubna_data_02_mir/recover-20220922/UBNA_001/20220921_090000.WAV,Telephone Field,recover-20220922,001,1795
471.6905,471.6998,28046,37349,Eptesicus serotinus,0.01,0.025,-1,Echolocation,/mnt/ubna_data_02_mir/recover-20220922/UBNA_001/20220921_090000.WAV,Telephone Field,recover-20220922,001,1795
471.6975,471.7065,28906,36983,Eptesicus serotinus,0.009,0.025,-1,Echolocation,/mnt/ubna_data_02_mir/recover-20220922/UBNA_001/20220921_090000.WAV,Telephone Field,recover-20220922,001,1795
471.7145,471.7571,68437,83135,Rhinolophus ferrumequinum,0.042,0.042,-1,Echolocation,/mnt/ubna_data_02_mir/recover-20220922/UBNA_001/20220921_090000.WAV,Telephone Field,recover-20220922,001,1795
471.7395,471.751,22031,25962,Nyctalus leisleri,0.013,0.022,-1,Echolocation,/mnt/ubna_data_02_mir/recover-20220922/UBNA_001/20220921_090000.WAV,Telephone Field,recover-20220922,001,1795
471.7405,471.781,68437,82722,Rhinolophus ferrumequinum,0.03,0.03,-1,Echolocation,/mnt/ubna_data_02_mir/recover-20220922/UBNA_001/20220921_090000.WAV,Telephone Field,recover-20220922,001,1795
471.7485,471.7577,28046,38761,Eptesicus serotinus,0.008,0.022,-1,Echolocation,/mnt/ubna_data_02_mir/recover-20220922/UBNA_001/20220921_090000.WAV,Telephone Field,recover-20220922,001,1795
471.7565,471.7677,28906,35692,Eptesicus serotinus,0.009,0.022,-1,Echolocation,/mnt/ubna_data_02_mir/recover-20220922/UBNA_001/20220921_090000.WAV,Telephone Field,recover-20220922,001,1795
471.7725,471.8121,68437,82090,Rhinolophus ferrumequinum,0.027,0.027,-1,Echolocation,/mnt/ubna_data_02_mir/recover-20220922/UBNA_001/20220921_090000.WAV,Telephone Field,recover-20220922,001,1795
471.7875,471.7969,27187,34728,Eptesicus serotinus,0.013,0.029,-1,Echolocation,/mnt/ubna_data_02_mir/recover-20220922/UBNA_001/20220921_090000.WAV,Telephone Field,recover-20220922,001,1795
471.8045,471.8475,68437,82881,Rhinolophus ferrumequinum,0.041,0.041,-1,Echolocation,/mnt/ubna_data_02_mir/recover-20220922/UBNA_001/20220921_090000.WAV,Telephone Field,recover-20220922,001,1795
471.8245,471.8598,68437,81251,Rhinolophus ferrumequinum,0.022,0.023,-1,Echolocation,/mnt/ubna_data_02_mir/recover-20220922/UBNA_001/20220921_090000.WAV,Telephone Field,recover-20220922,001,1795
471.8405,471.8782,68437,81772,Rhinolophus ferrumequinum,0.023,0.023,-1,Echolocation,/mnt/ubna_data_02_mir/recover-20220922/UBNA_001/20220921_090000.WAV,Telephone Field,recover-20220922,001,1795
471.8605,471.8704,25468,30866,Nyctalus leisleri,0.017,0.044,-1,Echolocation,/mnt/ubna_data_02_mir/recover-20220922/UBNA_001/20220921_090000.WAV,Telephone Field,recover-20220922,001,1795
471.8615,471.9011,68437,82031,Rhinolophus ferrumequinum,0.023,0.023,-1,Echolocation,/mnt/ubna_data_02_mir/recover-20220922/UBNA_001/20220921_090000.WAV,Telephone Field,recover-20220922,001,1795
471.8715,471.9129,68437,82877,Rhinolophus ferrumequinum,0.025,0.025,-1,Echolocation,/mnt/ubna_data_02_mir/recover-20220922/UBNA_001/20220921_090000.WAV,Telephone Field,recover-20220922,001,1795
471.8895,471.901,28046,34350,Eptesicus serotinus,0.089,0.125,-1,Echolocation,/mnt/ubna_data_02_mir/recover-20220922/UBNA_001/20220921_090000.WAV,Telephone Field,recover-20220922,001,1795
471.9105,471.9239,22031,25573,Nyctalus leisleri,0.015,0.024,-1,Echolocation,/mnt/ubna_data_02_mir/recover-20220922/UBNA_001/20220921_090000.WAV,Telephone Field,recover-20220922,001,1795
471.9155,471.956,68437,82537,Rhinolophus ferrumequinum,0.022,0.022,-1,Echolocation,/mnt/ubna_data_02_mir/recover-20220922/UBNA_001/20220921_090000.WAV,Telephone Field,recover-20220922,001,1795
471.9245,471.9634,68437,82177,Rhinolophus ferrumequinum,0.022,0.022,-1,Echolocation,/mnt/ubna_data_02_mir/recover-20220922/UBNA_001/20220921_090000.WAV,Telephone Field,recover-20220922,001,1795
471.9325,471.9688,68437,81803,Rhinolophus ferrumequinum,0.028,0.028,-1,Echolocation,/mnt/ubna_data_02_mir/recover-20220922/UBNA_001/20220921_090000.WAV,Telephone Field,recover-20220922,001,1795
471.9535,471.986,68437,81011,Rhinolophus ferrumequinum,0.022,0.023,-1,Echolocation,/mnt/ubna_data_02_mir/recover-20220922/UBNA_001/20220921_090000.WAV,Telephone Field,recover-20220922,001,1795
471.9705,471.9806,22890,28956,Nyctalus leisleri,0.009,0.022,-1,Echolocation,/mnt/ubna_data_02_mir/recover-20220922/UBNA_001/20220921_090000.WAV,Telephone Field,recover-20220922,001,1795
471.9865,471.9958,28046,39285,Eptesicus serotinus,0.009,0.022,-1,Echolocation,/mnt/ubna_data_02_mir/recover-20220922/UBNA_001/20220921_090000.WAV,Telephone Field,recover-20220922,001,1795
472.0015,472.0104,38359,45898,Pipistrellus nathusii,0.013,0.023,-1,Echolocation,/mnt/ubna_data_02_mir/recover-20220922/UBNA_001/20220921_090000.WAV,Telephone Field,recover-20220922,001,1795
472.0015,472.0333,68437,79923,Rhinolophus ferrumequinum,0.023,0.023,-1,Echolocation,/mnt/ubna_data_02_mir/recover-20220922/UBNA_001/20220921_090000.WAV,Telephone Field,recover-20220922,001,1795
472.0015,472.0091,49531,58157,Pipistrellus pipistrellus,0.016,0.022,-1,Echolocation,/mnt/ubna_data_02_mir/recover-20220922/UBNA_001/20220921_090000.WAV,Telephone Field,recover-20220922,001,1795
472.0015,472.0122,22890,29532,Nyctalus leisleri,0.013,0.03,-1,Echolocation,/mnt/ubna_data_02_mir/recover-20220922/UBNA_001/20220921_090000.WAV,Telephone Field,recover-20220922,001,1795
472.0075,472.047,68437,82103,Rhinolophus ferrumequinum,0.02,0.02,-1,Echolocation,/mnt/ubna_data_02_mir/recover-20220922/UBNA_001/20220921_090000.WAV,Telephone Field,recover-20220922,001,1795
472.0155,472.0579,68437,82976,Rhinolophus ferrumequinum,0.021,0.021,-1,Echolocation,/mnt/ubna_data_02_mir/recover-20220922/UBNA_001/20220921_090000.WAV,Telephone Field,recover-20220922,001,1795
472.0175,472.029,23750,29122,Nyctalus leisleri,0.02,0.038,-1,Echolocation,/mnt/ubna_data_02_mir/recover-20220922/UBNA_001/20220921_090000.WAV,Telephone Field,recover-20220922,001,1795
472.0525,472.0917,68437,82003,Rhinolophus ferrumequinum,0.02,0.02,-1,Echolocation,/mnt/ubna_data_02_mir/recover-20220922/UBNA_001/20220921_090000.WAV,Telephone Field,recover-20220922,001,1795
472.0815,472.1185,68437,82165,Rhinolophus ferrumequinum,0.021,0.021,-1,Echolocation,/mnt/ubna_data_02_mir/recover-20220922/UBNA_001/20220921_090000.WAV,Telephone Field,recover-20220922,001,1795
472.1495,472.1894,68437,82589,Rhinolophus ferrumequinum,0.02,0.02,-1,Echolocation,/mnt/ubna_data_02_mir/recover-20220922/UBNA_001/20220921_090000.WAV,Telephone Field,recover-20220922,001,1795
472.1635,472.1704,28046,41913,Eptesicus serotinus,0.007,0.023,-1,Echolocation,/mnt/ubna_data_02_mir/recover-20220922/UBNA_001/20220921_090000.WAV,Telephone Field,recover-20220922,001,1795
472.1705,472.2114,68437,82687,Rhinolophus ferrumequinum,0.028,0.028,-1,Echolocation,/mnt/ubna_data_02_mir/recover-20220922/UBNA_001/20220921_090000.WAV,Telephone Field,recover-20220922,001,1795
472.1995,472.23720000000003,68437,82017,Rhinolophus ferrumequinum,0.021,0.021,-1,Echolocation,/mnt/ubna_data_02_mir/recover-20220922/UBNA_001/20220921_090000.WAV,Telephone Field,recover-20220922,001,1795
472.2265,472.2362,28046,38554,Eptesicus serotinus,0.013,0.027,-1,Echolocation,/mnt/ubna_data_02_mir/recover-20220922/UBNA_001/20220921_090000.WAV,Telephone Field,recover-20220922,001,1795
472.2405,472.28340000000003,68437,83045,Rhinolophus ferrumequinum,0.027,0.027,-1,Echolocation,/mnt/ubna_data_02_mir/recover-20220922/UBNA_001/20220921_090000.WAV,Telephone Field,recover-20220922,001,1795
472.2735,472.2827,48671,55856,Pipistrellus pipistrellus,0.024,0.028,-1,Echolocation,/mnt/ubna_data_02_mir/recover-20220922/UBNA_001/20220921_090000.WAV,Telephone Field,recover-20220922,001,1795
472.2775,472.3213,68437,83233,Rhinolophus ferrumequinum,0.034,0.034,-1,Echolocation,/mnt/ubna_data_02_mir/recover-20220922/UBNA_001/20220921_090000.WAV,Telephone Field,recover-20220922,001,1795
472.2935,472.3318,68437,82456,Rhinolophus ferrumequinum,0.02,0.02,-1,Echolocation,/mnt/ubna_data_02_mir/recover-20220922/UBNA_001/20220921_090000.WAV,Telephone Field,recover-20220922,001,1795
472.3025,472.3129,22890,28119,Nyctalus leisleri,0.01,0.022,-1,Echolocation,/mnt/ubna_data_02_mir/recover-20220922/UBNA_001/20220921_090000.WAV,Telephone Field,recover-20220922,001,1795
472.3465,472.3857,68437,82011,Rhinolophus ferrumequinum,0.022,0.022,-1,Echolocation,/mnt/ubna_data_02_mir/recover-20220922/UBNA_001/20220921_090000.WAV,Telephone Field,recover-20220922,001,1795
472.3835,472.3946,22031,26495,Nyctalus leisleri,0.011,0.021,-1,Echolocation,/mnt/ubna_data_02_mir/recover-20220922/UBNA_001/20220921_090000.WAV,Telephone Field,recover-20220922,001,1795
472.3945,472.4289,68437,80483,Rhinolophus ferrumequinum,0.028,0.029,-1,Echolocation,/mnt/ubna_data_02_mir/recover-20220922/UBNA_001/20220921_090000.WAV,Telephone Field,recover-20220922,001,1795
472.4125,472.4232,29765,36775,Eptesicus serotinus,0.009,0.021,-1,Echolocation,/mnt/ubna_data_02_mir/recover-20220922/UBNA_001/20220921_090000.WAV,Telephone Field,recover-20220922,001,1795
472.4155,472.4547,68437,82814,Rhinolophus ferrumequinum,0.023,0.023,-1,Echolocation,/mnt/ubna_data_02_mir/recover-20220922/UBNA_001/20220921_090000.WAV,Telephone Field,recover-20220922,001,1795
472.4375,472.4532,20312,24191,Nyctalus leisleri,0.015,0.029,-1,Echolocation,/mnt/ubna_data_02_mir/recover-20220922/UBNA_001/20220921_090000.WAV,Telephone Field,recover-20220922,001,1795
472.4625,472.4999,68437,81754,Rhinolophus ferrumequinum,0.022,0.022,-1,Echolocation,/mnt/ubna_data_02_mir/recover-20220922/UBNA_001/20220921_090000.WAV,Telephone Field,recover-20220922,001,1795
472.4815,472.5188,68437,82057,Rhinolophus ferrumequinum,0.022,0.022,-1,Echolocation,/mnt/ubna_data_02_mir/recover-20220922/UBNA_001/20220921_090000.WAV,Telephone Field,recover-20220922,001,1795
472.5025,472.5393,68437,81776,Rhinolophus ferrumequinum,0.022,0.022,-1,Echolocation,/mnt/ubna_data_02_mir/recover-20220922/UBNA_001/20220921_090000.WAV,Telephone Field,recover-20220922,001,1795
472.5235,472.556,68437,80381,Rhinolophus ferrumequinum,0.021,0.021,-1,Echolocation,/mnt/ubna_data_02_mir/recover-20220922/UBNA_001/20220921_090000.WAV,Telephone Field,recover-20220922,001,1795
472.5465,472.5854,68437,81713,Rhinolophus ferrumequinum,0.023,0.023,-1,Echolocation,/mnt/ubna_data_02_mir/recover-20220922/UBNA_001/20220921_090000.WAV,Telephone Field,recover-20220922,001,1795
472.5525,472.5622,22031,27229,Nyctalus leisleri,0.009,0.02,-1,Echolocation,/mnt/ubna_data_02_mir/recover-20220922/UBNA_001/20220921_090000.WAV,Telephone Field,recover-20220922,001,1795
472.5625,472.5995,68437,81980,Rhinolophus ferrumequinum,0.026,0.026,-1,Echolocation,/mnt/ubna_data_02_mir/recover-20220922/UBNA_001/20220921_090000.WAV,Telephone Field,recover-20220922,001,1795
472.5775,472.5884,22031,26252,Nyctalus leisleri,0.011,0.02,-1,Echolocation,/mnt/ubna_data_02_mir/recover-20220922/UBNA_001/20220921_090000.WAV,Telephone Field,recover-20220922,001,1795
472.5795,472.6217,68437,82600,Rhinolophus ferrumequinum,0.02,0.02,-1,Echolocation,/mnt/ubna_data_02_mir/recover-20220922/UBNA_001/20220921_090000.WAV,Telephone Field,recover-20220922,001,1795
472.5855,472.6264,68437,82663,Rhinolophus ferrumequinum,0.021,0.021,-1,Echolocation,/mnt/ubna_data_02_mir/recover-20220922/UBNA_001/20220921_090000.WAV,Telephone Field,recover-20220922,001,1795
472.6075,472.6459,68437,82254,Rhinolophus ferrumequinum,0.021,0.021,-1,Echolocation,/mnt/ubna_data_02_mir/recover-20220922/UBNA_001/20220921_090000.WAV,Telephone Field,recover-20220922,001,1795
472.6585,472.66949999999997,22890,27820,Nyctalus leisleri,0.011,0.021,-1,Echolocation,/mnt/ubna_data_02_mir/recover-20220922/UBNA_001/20220921_090000.WAV,Telephone Field,recover-20220922,001,1795
472.6595,472.6673,28046,38368,Eptesicus serotinus,0.006,0.02,-1,Echolocation,/mnt/ubna_data_02_mir/recover-20220922/UBNA_001/20220921_090000.WAV,Telephone Field,recover-20220922,001,1795
472.6915,472.7004,26328,34770,Eptesicus serotinus,0.011,0.026,-1,Echolocation,/mnt/ubna_data_02_mir/recover-20220922/UBNA_001/20220921_090000.WAV,Telephone Field,recover-20220922,001,1795
472.7115,472.7476,68437,81235,Rhinolophus ferrumequinum,0.02,0.02,-1,Echolocation,/mnt/ubna_data_02_mir/recover-20220922/UBNA_001/20220921_090000.WAV,Telephone Field,recover-20220922,001,1795
472.7435,472.7506,28046,37979,Eptesicus serotinus,0.038,0.076,-1,Echolocation,/mnt/ubna_data_02_mir/recover-20220922/UBNA_001/20220921_090000.WAV,Telephone Field,recover-20220922,001,1795
472.7575,472.7955,68437,81941,Rhinolophus ferrumequinum,0.021,0.021,-1,Echolocation,/mnt/ubna_data_02_mir/recover-20220922/UBNA_001/20220921_090000.WAV,Telephone Field,recover-20220922,001,1795
472.7725,472.8107,68437,82024,Rhinolophus ferrumequinum,0.021,0.021,-1,Echolocation,/mnt/ubna_data_02_mir/recover-20220922/UBNA_001/20220921_090000.WAV,Telephone Field,recover-20220922,001,1795
472.7775,472.794,22031,25160,Nyctalus leisleri,0.016,0.026,-1,Echolocation,/mnt/ubna_data_02_mir/recover-20220922/UBNA_001/20220921_090000.WAV,Telephone Field,recover-20220922,001,1795
472.7845,472.8197,68437,81303,Rhinolophus ferrumequinum,0.022,0.022,-1,Echolocation,/mnt/ubna_data_02_mir/recover-20220922/UBNA_001/20220921_090000.WAV,Telephone Field,recover-20220922,001,1795
472.8025,472.841,68437,81699,Rhinolophus ferrumequinum,0.02,0.021,-1,Echolocation,/mnt/ubna_data_02_mir/recover-20220922/UBNA_001/20220921_090000.WAV,Telephone Field,recover-20220922,001,1795
472.8435,472.8572,27187,33244,Eptesicus serotinus,0.017,0.03,-1,Echolocation,/mnt/ubna_data_02_mir/recover-20220922/UBNA_001/20220921_090000.WAV,Telephone Field,recover-20220922,001,1795
472.8505,472.8909,68437,82758,Rhinolophus ferrumequinum,0.028,0.028,-1,Echolocation,/mnt/ubna_data_02_mir/recover-20220922/UBNA_001/20220921_090000.WAV,Telephone Field,recover-20220922,001,1795
472.8615,472.9,68437,82662,Rhinolophus ferrumequinum,0.021,0.021,-1,Echolocation,/mnt/ubna_data_02_mir/recover-20220922/UBNA_001/20220921_090000.WAV,Telephone Field,recover-20220922,001,1795
472.8715,472.9153,68437,83217,Rhinolophus ferrumequinum,0.024,0.024,-1,Echolocation,/mnt/ubna_data_02_mir/recover-20220922/UBNA_001/20220921_090000.WAV,Telephone Field,recover-20220922,001,1795
472.8925,472.9314,68437,82676,Rhinolophus ferrumequinum,0.021,0.021,-1,Echolocation,/mnt/ubna_data_02_mir/recover-20220922/UBNA_001/20220921_090000.WAV,Telephone Field,recover-20220922,001,1795
472.9065,472.9472,68437,82015,Rhinolophus ferrumequinum,0.021,0.021,-1,Echolocation,/mnt/ubna_data_02_mir/recover-20220922/UBNA_001/20220921_090000.WAV,Telephone Field,recover-20220922,001,1795
472.9135,472.9534,68437,82218,Rhinolophus ferrumequinum,0.021,0.021,-1,Echolocation,/mnt/ubna_data_02_mir/recover-20220922/UBNA_001/20220921_090000.WAV,Telephone Field,recover-20220922,001,1795
472.9385,472.9784,68437,81803,Rhinolophus ferrumequinum,0.022,0.022,-1,Echolocation,/mnt/ubna_data_02_mir/recover-20220922/UBNA_001/20220921_090000.WAV,Telephone Field,recover-20220922,001,1795
472.9435,472.9792,68437,82100,Rhinolophus ferrumequinum,0.023,0.023,-1,Echolocation,/mnt/ubna_data_02_mir/recover-20220922/UBNA_001/20220921_090000.WAV,Telephone Field,recover-20220922,001,1795
472.9745,473.0129,68437,81745,Rhinolophus ferrumequinum,0.028,0.028,-1,Echolocation,/mnt/ubna_data_02_mir/recover-20220922/UBNA_001/20220921_090000.WAV,Telephone Field,recover-20220922,001,1795
473.0155,473.0507,68437,81157,Rhinolophus ferrumequinum,0.02,0.02,-1,Echolocation,/mnt/ubna_data_02_mir/recover-20220922/UBNA_001/20220921_090000.WAV,Telephone Field,recover-20220922,001,1795
473.0255,473.0636,68437,81167,Rhinolophus ferrumequinum,0.025,0.026,-1,Echolocation,/mnt/ubna_data_02_mir/recover-20220922/UBNA_001/20220921_090000.WAV,Telephone Field,recover-20220922,001,1795
473.0525,473.0626,22031,26837,Nyctalus leisleri,0.01,0.021,-1,Echolocation,/mnt/ubna_data_02_mir/recover-20220922/UBNA_001/20220921_090000.WAV,Telephone Field,recover-20220922,001,1795
473.0535,473.0643,47812,51275,Pipistrellus pipistrellus,0.019,0.022,-1,Echolocation,/mnt/ubna_data_02_mir/recover-20220922/UBNA_001/20220921_090000.WAV,Telephone Field,recover-20220922,001,1795
473.1105,473.1438,68437,80686,Rhinolophus ferrumequinum,0.02,0.021,-1,Echolocation,/mnt/ubna_data_02_mir/recover-20220922/UBNA_001/20220921_090000.WAV,Telephone Field,recover-20220922,001,1795
473.1355,473.176,68437,82540,Rhinolophus ferrumequinum,0.022,0.022,-1,Echolocation,/mnt/ubna_data_02_mir/recover-20220922/UBNA_001/20220921_090000.WAV,Telephone Field,recover-20220922,001,1795
473.1725,473.1803,26328,35470,Eptesicus serotinus,0.007,0.022,-1,Echolocation,/mnt/ubna_data_02_mir/recover-20220922/UBNA_001/20220921_090000.WAV,Telephone Field,recover-20220922,001,1795
473.1975,473.2377,68437,82204,Rhinolophus ferrumequinum,0.023,0.023,-1,Echolocation,/mnt/ubna_data_02_mir/recover-20220922/UBNA_001/20220921_090000.WAV,Telephone Field,recover-20220922,001,1795
473.2045,473.2441,68437,82372,Rhinolophus ferrumequinum,0.023,0.023,-1,Echolocation,/mnt/ubna_data_02_mir/recover-20220922/UBNA_001/20220921_090000.WAV,Telephone Field,recover-20220922,001,1795
473.2215,473.2621,68437,82552,Rhinolophus ferrumequinum,0.02,0.02,-1,Echolocation,/mnt/ubna_data_02_mir/recover-20220922/UBNA_001/20220921_090000.WAV,Telephone Field,recover-20220922,001,1795
473.2505,473.2888,68437,81392,Rhinolophus ferrumequinum,0.02,0.02,-1,Echolocation,/mnt/ubna_data_02_mir/recover-20220922/UBNA_001/20220921_090000.WAV,Telephone Field,recover-20220922,001,1795
473.2785,473.3198,68437,82282,Rhinolophus ferrumequinum,0.033,0.033,-1,Echolocation,/mnt/ubna_data_02_mir/recover-20220922/UBNA_001/20220921_090000.WAV,Telephone Field,recover-20220922,001,1795
473.3115,473.3507,68437,82558,Rhinolophus ferrumequinum,0.036,0.036,-1,Echolocation,/mnt/ubna_data_02_mir/recover-20220922/UBNA_001/20220921_090000.WAV,Telephone Field,recover-20220922,001,1795
473.3815,473.4189,68437,82024,Rhinolophus ferrumequinum,0.025,0.025,-1,Echolocation,/mnt/ubna_data_02_mir/recover-20220922/UBNA_001/20220921_090000.WAV,Telephone Field,recover-20220922,001,1795
473.3905,473.4291,68437,81937,Rhinolophus ferrumequinum,0.021,0.021,-1,Echolocation,/mnt/ubna_data_02_mir/recover-20220922/UBNA_001/20220921_090000.WAV,Telephone Field,recover-20220922,001,1795
473.4225,473.4609,68437,82171,Rhinolophus ferrumequinum,0.02,0.021,-1,Echolocation,/mnt/ubna_data_02_mir/recover-20220922/UBNA_001/20220921_090000.WAV,Telephone Field,recover-20220922,001,1795
473.4505,473.4902,68437,82011,Rhinolophus ferrumequinum,0.021,0.021,-1,Echolocation,/mnt/ubna_data_02_mir/recover-20220922/UBNA_001/20220921_090000.WAV,Telephone Field,recover-20220922,001,1795
473.4625,473.5027,68437,81764,Rhinolophus ferrumequinum,0.021,0.021,-1,Echolocation,/mnt/ubna_data_02_mir/recover-20220922/UBNA_001/20220921_090000.WAV,Telephone Field,recover-20220922,001,1795
473.5565,473.5956,68437,81862,Rhinolophus ferrumequinum,0.02,0.02,-1,Echolocation,/mnt/ubna_data_02_mir/recover-20220922/UBNA_001/20220921_090000.WAV,Telephone Field,recover-20220922,001,1795
473.5705,473.6091,68437,81350,Rhinolophus ferrumequinum,0.029,0.029,-1,Echolocation,/mnt/ubna_data_02_mir/recover-20220922/UBNA_001/20220921_090000.WAV,Telephone Field,recover-20220922,001,1795
473.5945,473.637,68437,82577,Rhinolophus ferrumequinum,0.024,0.024,-1,Echolocation,/mnt/ubna_data_02_mir/recover-20220922/UBNA_001/20220921_090000.WAV,Telephone Field,recover-20220922,001,1795
473.6065,473.6458,68437,82024,Rhinolophus ferrumequinum,0.022,0.022,-1,Echolocation,/mnt/ubna_data_02_mir/recover-20220922/UBNA_001/20220921_090000.WAV,Telephone Field,recover-20220922,001,1795
473.6145,473.625,23750,29849,Nyctalus leisleri,0.008,0.02,-1,Echolocation,/mnt/ubna_data_02_mir/recover-20220922/UBNA_001/20220921_090000.WAV,Telephone Field,recover-20220922,001,1795
473.6315,473.6683,68437,81642,Rhinolophus ferrumequinum,0.02,0.02,-1,Echolocation,/mnt/ubna_data_02_mir/recover-20220922/UBNA_001/20220921_090000.WAV,Telephone Field,recover-20220922,001,1795
473.6355,473.6434,28046,40388,Eptesicus serotinus,0.007,0.021,-1,Echolocation,/mnt/ubna_data_02_mir/recover-20220922/UBNA_001/20220921_090000.WAV,Telephone Field,recover-20220922,001,1795
473.6505,473.6605,26328,32534,Eptesicus serotinus,0.023,0.046,-1,Echolocation,/mnt/ubna_data_02_mir/recover-20220922/UBNA_001/20220921_090000.WAV,Telephone Field,recover-20220922,001,1795
473.6515,473.6904,68437,82475,Rhinolophus ferrumequinum,0.029,0.029,-1,Echolocation,/mnt/ubna_data_02_mir/recover-20220922/UBNA_001/20220921_090000.WAV,Telephone Field,recover-20220922,001,1795
473.6835,473.6925,23750,30638,Nyctalus leisleri,0.007,0.021,-1,Echolocation,/mnt/ubna_data_02_mir/recover-20220922/UBNA_001/20220921_090000.WAV,Telephone Field,recover-20220922,001,1795
473.6895,473.7271,68437,82285,Rhinolophus ferrumequinum,0.021,0.021,-1,Echolocation,/mnt/ubna_data_02_mir/recover-20220922/UBNA_001/20220921_090000.WAV,Telephone Field,recover-20220922,001,1795
473.7265,473.763,68437,81108,Rhinolophus ferrumequinum,0.022,0.022,-1,Echolocation,/mnt/ubna_data_02_mir/recover-20220922/UBNA_001/20220921_090000.WAV,Telephone Field,recover-20220922,001,1795
473.7275,473.7364,28906,41423,Eptesicus serotinus,0.009,0.023,-1,Echolocation,/mnt/ubna_data_02_mir/recover-20220922/UBNA_001/20220921_090000.WAV,Telephone Field,recover-20220922,001,1795
473.7345,473.7736,68437,81111,Rhinolophus ferrumequinum,0.022,0.022,-1,Echolocation,/mnt/ubna_data_02_mir/recover-20220922/UBNA_001/20220921_090000.WAV,Telephone Field,recover-20220922,001,1795
473.7425,473.783,68437,82333,Rhinolophus ferrumequinum,0.027,0.027,-1,Echolocation,/mnt/ubna_data_02_mir/recover-20220922/UBNA_001/20220921_090000.WAV,Telephone Field,recover-20220922,001,1795
473.7505,473.7909,68437,82706,Rhinolophus ferrumequinum,0.024,0.024,-1,Echolocation,/mnt/ubna_data_02_mir/recover-20220922/UBNA_001/20220921_090000.WAV,Telephone Field,recover-20220922,001,1795
473.7575,473.7976,68437,82413,Rhinolophus ferrumequinum,0.022,0.022,-1,Echolocation,/mnt/ubna_data_02_mir/recover-20220922/UBNA_001/20220921_090000.WAV,Telephone Field,recover-20220922,001,1795
473.7645,473.7758,23750,29980,Nyctalus leisleri,0.01,0.025,-1,Echolocation,/mnt/ubna_data_02_mir/recover-20220922/UBNA_001/20220921_090000.WAV,Telephone Field,recover-20220922,001,1795
473.7865,473.7977,23750,29730,Nyctalus leisleri,0.009,0.023,-1,Echolocation,/mnt/ubna_data_02_mir/recover-20220922/UBNA_001/20220921_090000.WAV,Telephone Field,recover-20220922,001,1795
473.8265,473.8366,29765,37510,Eptesicus serotinus,0.009,0.021,-1,Echolocation,/mnt/ubna_data_02_mir/recover-20220922/UBNA_001/20220921_090000.WAV,Telephone Field,recover-20220922,001,1795
473.8555,473.8918,68437,81489,Rhinolophus ferrumequinum,0.021,0.021,-1,Echolocation,/mnt/ubna_data_02_mir/recover-20220922/UBNA_001/20220921_090000.WAV,Telephone Field,recover-20220922,001,1795
473.9155,473.9543,68437,82229,Rhinolophus ferrumequinum,0.021,0.021,-1,Echolocation,/mnt/ubna_data_02_mir/recover-20220922/UBNA_001/20220921_090000.WAV,Telephone Field,recover-20220922,001,1795
473.9455,473.9544,28046,37890,Eptesicus serotinus,0.008,0.02,-1,Echolocation,/mnt/ubna_data_02_mir/recover-20220922/UBNA_001/20220921_090000.WAV,Telephone Field,recover-20220922,001,1795
473.9575,473.999,68437,82562,Rhinolophus ferrumequinum,0.038,0.038,-1,Echolocation,/mnt/ubna_data_02_mir/recover-20220922/UBNA_001/20220921_090000.WAV,Telephone Field,recover-20220922,001,1795
474.0015,474.0105,30625,41880,Myotis daubentonii,0.007,0.024,-1,Echolocation,/mnt/ubna_data_02_mir/recover-20220922/UBNA_001/20220921_090000.WAV,Telephone Field,recover-20220922,001,1795
474.0015,474.0174,18593,23446,Nyctalus noctula,0.019,0.04,-1,Echolocation,/mnt/ubna_data_02_mir/recover-20220922/UBNA_001/20220921_090000.WAV,Telephone Field,recover-20220922,001,1795
474.0015,474.0319,68437,79761,Rhinolophus ferrumequinum,0.026,0.026,-1,Echolocation,/mnt/ubna_data_02_mir/recover-20220922/UBNA_001/20220921_090000.WAV,Telephone Field,recover-20220922,001,1795
474.0105,474.0484,68437,81565,Rhinolophus ferrumequinum,0.021,0.021,-1,Echolocation,/mnt/ubna_data_02_mir/recover-20220922/UBNA_001/20220921_090000.WAV,Telephone Field,recover-20220922,001,1795
474.0175,474.0247,26328,35771,Eptesicus serotinus,0.009,0.025,-1,Echolocation,/mnt/ubna_data_02_mir/recover-20220922/UBNA_001/20220921_090000.WAV,Telephone Field,recover-20220922,001,1795
474.0465,474.0833,68437,81403,Rhinolophus ferrumequinum,0.035,0.035,-1,Echolocation,/mnt/ubna_data_02_mir/recover-20220922/UBNA_001/20220921_090000.WAV,Telephone Field,recover-20220922,001,1795
474.0585,474.0962,68437,81490,Rhinolophus ferrumequinum,0.03,0.03,-1,Echolocation,/mnt/ubna_data_02_mir/recover-20220922/UBNA_001/20220921_090000.WAV,Telephone Field,recover-20220922,001,1795
474.0635,474.0749,22890,27466,Nyctalus leisleri,0.011,0.021,-1,Echolocation,/mnt/ubna_data_02_mir/recover-20220922/UBNA_001/20220921_090000.WAV,Telephone Field,recover-20220922,001,1795
474.0685,474.1095,68437,82277,Rhinolophus ferrumequinum,0.023,0.023,-1,Echolocation,/mnt/ubna_data_02_mir/recover-20220922/UBNA_001/20220921_090000.WAV,Telephone Field,recover-20220922,001,1795
474.0755,474.1142,68437,82208,Rhinolophus ferrumequinum,0.022,0.022,-1,Echolocation,/mnt/ubna_data_02_mir/recover-20220922/UBNA_001/20220921_090000.WAV,Telephone Field,recover-20220922,001,1795
474.1005,474.1398,68437,82215,Rhinolophus ferrumequinum,0.024,0.024,-1,Echolocation,/mnt/ubna_data_02_mir/recover-20220922/UBNA_001/20220921_090000.WAV,Telephone Field,recover-20220922,001,1795
474.1055,474.1442,68437,82167,Rhinolophus ferrumequinum,0.024,0.024,-1,Echolocation,/mnt/ubna_data_02_mir/recover-20220922/UBNA_001/20220921_090000.WAV,Telephone Field,recover-20220922,001,1795
474.1265,474.1666,68437,82372,Rhinolophus ferrumequinum,0.025,0.025,-1,Echolocation,/mnt/ubna_data_02_mir/recover-20220922/UBNA_001/20220921_090000.WAV,Telephone Field,recover-20220922,001,1795
474.1345,474.1742,68437,82035,Rhinolophus ferrumequinum,0.022,0.022,-1,Echolocation,/mnt/ubna_data_02_mir/recover-20220922/UBNA_001/20220921_090000.WAV,Telephone Field,recover-20220922,001,1795
474.1365,474.1473,22890,29223,Nyctalus leisleri,0.01,0.025,-1,Echolocation,/mnt/ubna_data_02_mir/recover-20220922/UBNA_001/20220921_090000.WAV,Telephone Field,recover-20220922,001,1795
474.1425,474.1505,28906,39304,Eptesicus serotinus,0.012,0.029,-1,Echolocation,/mnt/ubna_data_02_mir/recover-20220922/UBNA_001/20220921_090000.WAV,Telephone Field,recover-20220922,001,1795
474.1445,474.1856,68437,82691,Rhinolophus ferrumequinum,0.022,0.022,-1,Echolocation,/mnt/ubna_data_02_mir/recover-20220922/UBNA_001/20220921_090000.WAV,Telephone Field,recover-20220922,001,1795
474.1515,474.1589,28046,43777,Myotis daubentonii,0.007,0.024,-1,Echolocation,/mnt/ubna_data_02_mir/recover-20220922/UBNA_001/20220921_090000.WAV,Telephone Field,recover-20220922,001,1795
474.1675,474.2074,68437,82131,Rhinolophus ferrumequinum,0.021,0.021,-1,Echolocation,/mnt/ubna_data_02_mir/recover-20220922/UBNA_001/20220921_090000.WAV,Telephone Field,recover-20220922,001,1795
474.1805,474.2198,68437,82410,Rhinolophus ferrumequinum,0.022,0.022,-1,Echolocation,/mnt/ubna_data_02_mir/recover-20220922/UBNA_001/20220921_090000.WAV,Telephone Field,recover-20220922,001,1795
474.1855,474.2226,68437,82206,Rhinolophus ferrumequinum,0.022,0.022,-1,Echolocation,/mnt/ubna_data_02_mir/recover-20220922/UBNA_001/20220921_090000.WAV,Telephone Field,recover-20220922,001,1795
474.1945,474.2029,28906,39638,Eptesicus serotinus,0.008,0.024,-1,Echolocation,/mnt/ubna_data_02_mir/recover-20220922/UBNA_001/20220921_090000.WAV,Telephone Field,recover-20220922,001,1795
474.2245,474.2627,68437,81948,Rhinolophus ferrumequinum,0.023,0.023,-1,Echolocation,/mnt/ubna_data_02_mir/recover-20220922/UBNA_001/20220921_090000.WAV,Telephone Field,recover-20220922,001,1795
474.2475,474.2865,68437,82089,Rhinolophus ferrumequinum,0.022,0.022,-1,Echolocation,/mnt/ubna_data_02_mir/recover-20220922/UBNA_001/20220921_090000.WAV,Telephone Field,recover-20220922,001,1795
474.2635,474.3049,68437,82967,Rhinolophus ferrumequinum,0.032,0.032,-1,Echolocation,/mnt/ubna_data_02_mir/recover-20220922/UBNA_001/20220921_090000.WAV,Telephone Field,recover-20220922,001,1795
474.2815,474.3187,68437,81700,Rhinolophus ferrumequinum,0.021,0.021,-1,Echolocation,/mnt/ubna_data_02_mir/recover-20220922/UBNA_001/20220921_090000.WAV,Telephone Field,recover-20220922,001,1795
474.2985,474.3383,68437,82131,Rhinolophus ferrumequinum,0.023,0.023,-1,Echolocation,/mnt/ubna_data_02_mir/recover-20220922/UBNA_001/20220921_090000.WAV,Telephone Field,recover-20220922,001,1795
474.3315,474.3698,68437,81870,Rhinolophus ferrumequinum,0.028,0.028,-1,Echolocation,/mnt/ubna_data_02_mir/recover-20220922/UBNA_001/20220921_090000.WAV,Telephone Field,recover-20220922,001,1795
474.3575,474.3969,68437,81944,Rhinolophus ferrumequinum,0.024,0.024,-1,Echolocation,/mnt/ubna_data_02_mir/recover-20220922/UBNA_001/20220921_090000.WAV,Telephone Field,recover-20220922,001,1795
474.3635,474.386,16875,21075,Nyctalus noctula,0.045,0.059,-1,Echolocation,/mnt/ubna_data_02_mir/recover-20220922/UBNA_001/20220921_090000.WAV,Telephone Field,recover-20220922,001,1795
474.3915,474.4304,68437,82178,Rhinolophus ferrumequinum,0.029,0.029,-1,Echolocation,/mnt/ubna_data_02_mir/recover-20220922/UBNA_001/20220921_090000.WAV,Telephone Field,recover-20220922,001,1795
474.4285,474.4684,68437,82471,Rhinolophus ferrumequinum,0.026,0.026,-1,Echolocation,/mnt/ubna_data_02_mir/recover-20220922/UBNA_001/20220921_090000.WAV,Telephone Field,recover-20220922,001,1795
474.4565,474.496,68437,81877,Rhinolophus ferrumequinum,0.028,0.028,-1,Echolocation,/mnt/ubna_data_02_mir/recover-20220922/UBNA_001/20220921_090000.WAV,Telephone Field,recover-20220922,001,1795
474.4855,474.52570000000003,68437,82445,Rhinolophus ferrumequinum,0.032,0.032,-1,Echolocation,/mnt/ubna_data_02_mir/recover-20220922/UBNA_001/20220921_090000.WAV,Telephone Field,recover-20220922,001,1795
474.5045,474.5429,68437,81772,Rhinolophus ferrumequinum,0.021,0.021,-1,Echolocation,/mnt/ubna_data_02_mir/recover-20220922/UBNA_001/20220921_090000.WAV,Telephone Field,recover-20220922,001,1795
474.5375,474.574,68437,81214,Rhinolophus ferrumequinum,0.021,0.021,-1,Echolocation,/mnt/ubna_data_02_mir/recover-20220922/UBNA_001/20220921_090000.WAV,Telephone Field,recover-20220922,001,1795
474.5375,474.5447,28046,40008,Eptesicus serotinus,0.006,0.021,-1,Echolocation,/mnt/ubna_data_02_mir/recover-20220922/UBNA_001/20220921_090000.WAV,Telephone Field,recover-20220922,001,1795
474.5425,474.5507,28046,38754,Eptesicus serotinus,0.008,0.022,-1,Echolocation,/mnt/ubna_data_02_mir/recover-20220922/UBNA_001/20220921_090000.WAV,Telephone Field,recover-20220922,001,1795
474.5515,474.5894,68437,81663,Rhinolophus ferrumequinum,0.021,0.021,-1,Echolocation,/mnt/ubna_data_02_mir/recover-20220922/UBNA_001/20220921_090000.WAV,Telephone Field,recover-20220922,001,1795
474.5625,474.6018,68437,82742,Rhinolophus ferrumequinum,0.029,0.029,-1,Echolocation,/mnt/ubna_data_02_mir/recover-20220922/UBNA_001/20220921_090000.WAV,Telephone Field,recover-20220922,001,1795
474.5735,474.5928,20312,23423,Nyctalus leisleri,0.014,0.024,-1,Echolocation,/mnt/ubna_data_02_mir/recover-20220922/UBNA_001/20220921_090000.WAV,Telephone Field,recover-20220922,001,1795
474.5925,474.6314,68437,81860,Rhinolophus ferrumequinum,0.022,0.022,-1,Echolocation,/mnt/ubna_data_02_mir/recover-20220922/UBNA_001/20220921_090000.WAV,Telephone Field,recover-20220922,001,1795
474.6135,474.6545,68437,82037,Rhinolophus ferrumequinum,0.021,0.021,-1,Echolocation,/mnt/ubna_data_02_mir/recover-20220922/UBNA_001/20220921_090000.WAV,Telephone Field,recover-20220922,001,1795
474.6535,474.6914,68437,81621,Rhinolophus ferrumequinum,0.021,0.021,-1,Echolocation,/mnt/ubna_data_02_mir/recover-20220922/UBNA_001/20220921_090000.WAV,Telephone Field,recover-20220922,001,1795
474.6745,474.7119,68437,82138,Rhinolophus ferrumequinum,0.029,0.029,-1,Echolocation,/mnt/ubna_data_02_mir/recover-20220922/UBNA_001/20220921_090000.WAV,Telephone Field,recover-20220922,001,1795
474.6915,474.70029999999997,28046,39024,Eptesicus serotinus,0.009,0.024,-1,Echolocation,/mnt/ubna_data_02_mir/recover-20220922/UBNA_001/20220921_090000.WAV,Telephone Field,recover-20220922,001,1795
474.7085,474.747,68437,81970,Rhinolophus ferrumequinum,0.022,0.022,-1,Echolocation,/mnt/ubna_data_02_mir/recover-20220922/UBNA_001/20220921_090000.WAV,Telephone Field,recover-20220922,001,1795
474.7325,474.7706,68437,81610,Rhinolophus ferrumequinum,0.023,0.024,-1,Echolocation,/mnt/ubna_data_02_mir/recover-20220922/UBNA_001/20220921_090000.WAV,Telephone Field,recover-20220922,001,1795
474.7355,474.7441,28906,38480,Eptesicus serotinus,0.008,0.022,-1,Echolocation,/mnt/ubna_data_02_mir/recover-20220922/UBNA_001/20220921_090000.WAV,Telephone Field,recover-20220922,001,1795
474.7515,474.7928,68437,83074,Rhinolophus ferrumequinum,0.025,0.025,-1,Echolocation,/mnt/ubna_data_02_mir/recover-20220922/UBNA_001/20220921_090000.WAV,Telephone Field,recover-20220922,001,1795
474.7825,474.818,68437,80978,Rhinolophus ferrumequinum,0.022,0.022,-1,Echolocation,/mnt/ubna_data_02_mir/recover-20220922/UBNA_001/20220921_090000.WAV,Telephone Field,recover-20220922,001,1795
474.7845,474.7924,47812,55989,Pipistrellus pipistrellus,0.02,0.023,-1,Echolocation,/mnt/ubna_data_02_mir/recover-20220922/UBNA_001/20220921_090000.WAV,Telephone Field,recover-20220922,001,1795
474.7915,474.8004,26328,35359,Eptesicus serotinus,0.011,0.027,-1,Echolocation,/mnt/ubna_data_02_mir/recover-20220922/UBNA_001/20220921_090000.WAV,Telephone Field,recover-20220922,001,1795
474.85450000000003,474.8935,68437,82168,Rhinolophus ferrumequinum,0.023,0.023,-1,Echolocation,/mnt/ubna_data_02_mir/recover-20220922/UBNA_001/20220921_090000.WAV,Telephone Field,recover-20220922,001,1795
474.8695,474.8887,31484,35247,Pipistrellus nathusii,0.024,0.07,-1,Echolocation,/mnt/ubna_data_02_mir/recover-20220922/UBNA_001/20220921_090000.WAV,Telephone Field,recover-20220922,001,1795
474.8725,474.91179999999997,68437,82416,Rhinolophus ferrumequinum,0.022,0.022,-1,Echolocation,/mnt/ubna_data_02_mir/recover-20220922/UBNA_001/20220921_090000.WAV,Telephone Field,recover-20220922,001,1795
474.8935,474.9329,68437,82130,Rhinolophus ferrumequinum,0.022,0.022,-1,Echolocation,/mnt/ubna_data_02_mir/recover-20220922/UBNA_001/20220921_090000.WAV,Telephone Field,recover-20220922,001,1795
474.8985,474.9073,28046,37955,Eptesicus serotinus,0.008,0.022,-1,Echolocation,/mnt/ubna_data_02_mir/recover-20220922/UBNA_001/20220921_090000.WAV,Telephone Field,recover-20220922,001,1795
474.9125,474.9551,68437,83033,Rhinolophus ferrumequinum,0.035,0.035,-1,Echolocation,/mnt/ubna_data_02_mir/recover-20220922/UBNA_001/20220921_090000.WAV,Telephone Field,recover-20220922,001,1795
474.91949999999997,474.9288,28046,37629,Eptesicus serotinus,0.009,0.021,-1,Echolocation,/mnt/ubna_data_02_mir/recover-20220922/UBNA_001/20220921_090000.WAV,Telephone Field,recover-20220922,001,1795
474.9295,474.9383,22890,29886,Plecotus austriacus,0.012,0.029,-1,Echolocation,/mnt/ubna_data_02_mir/recover-20220922/UBNA_001/20220921_090000.WAV,Telephone Field,recover-20220922,001,1795
474.9495,474.9854,68437,81460,Rhinolophus ferrumequinum,0.023,0.023,-1,Echolocation,/mnt/ubna_data_02_mir/recover-20220922/UBNA_001/20220921_090000.WAV,Telephone Field,recover-20220922,001,1795
474.9545,474.9771,18593,21816,Nyctalus noctula,0.011,0.021,-1,Echolocation,/mnt/ubna_data_02_mir/recover-20220922/UBNA_001/20220921_090000.WAV,Telephone Field,recover-20220922,001,1795
474.9645,474.972,28906,37054,Eptesicus serotinus,0.006,0.023,-1,Echolocation,/mnt/ubna_data_02_mir/recover-20220922/UBNA_001/20220921_090000.WAV,Telephone Field,recover-20220922,001,1795
474.9645,474.9727,23750,31373,Plecotus austriacus,0.009,0.022,-1,Echolocation,/mnt/ubna_data_02_mir/recover-20220922/UBNA_001/20220921_090000.WAV,Telephone Field,recover-20220922,001,1795
474.9805,475.0185,68437,81889,Rhinolophus ferrumequinum,0.024,0.024,-1,Echolocation,/mnt/ubna_data_02_mir/recover-20220922/UBNA_001/20220921_090000.WAV,Telephone Field,recover-20220922,001,1795
474.9975,475.006,23750,31538,Plecotus austriacus,0.009,0.025,-1,Echolocation,/mnt/ubna_data_02_mir/recover-20220922/UBNA_001/20220921_090000.WAV,Telephone Field,recover-20220922,001,1795
475.0385,475.0768,68437,81519,Rhinolophus ferrumequinum,0.024,0.024,-1,Echolocation,/mnt/ubna_data_02_mir/recover-20220922/UBNA_001/20220921_090000.WAV,Telephone Field,recover-20220922,001,1795
475.0625,475.07,28046,39478,Eptesicus serotinus,0.007,0.022,-1,Echolocation,/mnt/ubna_data_02_mir/recover-20220922/UBNA_001/20220921_090000.WAV,Telephone Field,recover-20220922,001,1795
475.0725,475.1121,68437,81813,Rhinolophus ferrumequinum,0.024,0.024,-1,Echolocation,/mnt/ubna_data_02_mir/recover-20220922/UBNA_001/20220921_090000.WAV,Telephone Field,recover-20220922,001,1795
475.0925,475.1029,28906,34250,Eptesicus serotinus,0.046,0.088,-1,Echolocation,/mnt/ubna_data_02_mir/recover-20220922/UBNA_001/20220921_090000.WAV,Telephone Field,recover-20220922,001,1795
475.1265,475.163,68437,81186,Rhinolophus ferrumequinum,0.029,0.029,-1,Echolocation,/mnt/ubna_data_02_mir/recover-20220922/UBNA_001/20220921_090000.WAV,Telephone Field,recover-20220922,001,1795
475.1295,475.1377,28046,39134,Eptesicus serotinus,0.007,0.021,-1,Echolocation,/mnt/ubna_data_02_mir/recover-20220922/UBNA_001/20220921_090000.WAV,Telephone Field,recover-20220922,001,1795
475.1935,475.2333,68437,81674,Rhinolophus ferrumequinum,0.022,0.022,-1,Echolocation,/mnt/ubna_data_02_mir/recover-20220922/UBNA_001/20220921_090000.WAV,Telephone Field,recover-20220922,001,1795
475.1995,475.2395,68437,82248,Rhinolophus ferrumequinum,0.023,0.023,-1,Echolocation,/mnt/ubna_data_02_mir/recover-20220922/UBNA_001/20220921_090000.WAV,Telephone Field,recover-20220922,001,1795
475.20550000000003,475.243,68437,82180,Rhinolophus ferrumequinum,0.022,0.022,-1,Echolocation,/mnt/ubna_data_02_mir/recover-20220922/UBNA_001/20220921_090000.WAV,Telephone Field,recover-20220922,001,1795
475.2075,475.216,28046,38443,Eptesicus serotinus,0.008,0.021,-1,Echolocation,/mnt/ubna_data_02_mir/recover-20220922/UBNA_001/20220921_090000.WAV,Telephone Field,recover-20220922,001,1795
475.2935,475.3313,68437,82584,Rhinolophus ferrumequinum,0.023,0.023,-1,Echolocation,/mnt/ubna_data_02_mir/recover-20220922/UBNA_001/20220921_090000.WAV,Telephone Field,recover-20220922,001,1795
475.3005,475.3424,68437,82457,Rhinolophus ferrumequinum,0.023,0.023,-1,Echolocation,/mnt/ubna_data_02_mir/recover-20220922/UBNA_001/20220921_090000.WAV,Telephone Field,recover-20220922,001,1795
475.3295,475.364,68437,80511,Rhinolophus ferrumequinum,0.021,0.021,-1,Echolocation,/mnt/ubna_data_02_mir/recover-20220922/UBNA_001/20220921_090000.WAV,Telephone Field,recover-20220922,001,1795
475.3505,475.3614,31484,38064,Eptesicus serotinus,0.009,0.028,-1,Echolocation,/mnt/ubna_data_02_mir/recover-20220922/UBNA_001/20220921_090000.WAV,Telephone Field,recover-20220922,001,1795
475.3525,475.3888,68437,80932,Rhinolophus ferrumequinum,0.025,0.025,-1,Echolocation,/mnt/ubna_data_02_mir/recover-20220922/UBNA_001/20220921_090000.WAV,Telephone Field,recover-20220922,001,1795
475.3875,475.4285,68437,82397,Rhinolophus ferrumequinum,0.027,0.027,-1,Echolocation,/mnt/ubna_data_02_mir/recover-20220922/UBNA_001/20220921_090000.WAV,Telephone Field,recover-20220922,001,1795
475.3995,475.4404,68437,82603,Rhinolophus ferrumequinum,0.031,0.031,-1,Echolocation,/mnt/ubna_data_02_mir/recover-20220922/UBNA_001/20220921_090000.WAV,Telephone Field,recover-20220922,001,1795
475.4105,475.4517,68437,82683,Rhinolophus ferrumequinum,0.034,0.034,-1,Echolocation,/mnt/ubna_data_02_mir/recover-20220922/UBNA_001/20220921_090000.WAV,Telephone Field,recover-20220922,001,1795
475.4215,475.4317,28906,37305,Eptesicus serotinus,0.009,0.023,-1,Echolocation,/mnt/ubna_data_02_mir/recover-20220922/UBNA_001/20220921_090000.WAV,Telephone Field,recover-20220922,001,1795
475.4285,475.4369,28906,37452,Eptesicus serotinus,0.008,0.023,-1,Echolocation,/mnt/ubna_data_02_mir/recover-20220922/UBNA_001/20220921_090000.WAV,Telephone Field,recover-20220922,001,1795
475.4335,475.444,22890,27584,Nyctalus leisleri,0.012,0.024,-1,Echolocation,/mnt/ubna_data_02_mir/recover-20220922/UBNA_001/20220921_090000.WAV,Telephone Field,recover-20220922,001,1795
475.45550000000003,475.4638,22890,30089,Plecotus austriacus,0.009,0.022,-1,Echolocation,/mnt/ubna_data_02_mir/recover-20220922/UBNA_001/20220921_090000.WAV,Telephone Field,recover-20220922,001,1795
475.4605,475.4981,68437,81438,Rhinolophus ferrumequinum,0.025,0.025,-1,Echolocation,/mnt/ubna_data_02_mir/recover-20220922/UBNA_001/20220921_090000.WAV,Telephone Field,recover-20220922,001,1795
475.4835,475.4906,28046,39235,Eptesicus serotinus,0.006,0.022,-1,Echolocation,/mnt/ubna_data_02_mir/recover-20220922/UBNA_001/20220921_090000.WAV,Telephone Field,recover-20220922,001,1795
475.5085,475.544,68437,81457,Rhinolophus ferrumequinum,0.021,0.021,-1,Echolocation,/mnt/ubna_data_02_mir/recover-20220922/UBNA_001/20220921_090000.WAV,Telephone Field,recover-20220922,001,1795
475.5295,475.5395,28046,36260,Eptesicus serotinus,0.01,0.022,-1,Echolocation,/mnt/ubna_data_02_mir/recover-20220922/UBNA_001/20220921_090000.WAV,Telephone Field,recover-20220922,001,1795
475.5465,475.5822,68437,80996,Rhinolophus ferrumequinum,0.023,0.023,-1,Echolocation,/mnt/ubna_data_02_mir/recover-20220922/UBNA_001/20220921_090000.WAV,Telephone Field,recover-20220922,001,1795
475.5495,475.5566,25468,38623,Eptesicus serotinus,0.005,0.021,-1,Echolocation,/mnt/ubna_data_02_mir/recover-20220922/UBNA_001/20220921_090000.WAV,Telephone Field,recover-20220922,001,1795
475.5665,475.609,68437,83227,Rhinolophus ferrumequinum,0.054,0.054,-1,Echolocation,/mnt/ubna_data_02_mir/recover-20220922/UBNA_001/20220921_090000.WAV,Telephone Field,recover-20220922,001,1795
475.5895,475.6268,68437,81801,Rhinolophus ferrumequinum,0.021,0.021,-1,Echolocation,/mnt/ubna_data_02_mir/recover-20220922/UBNA_001/20220921_090000.WAV,Telephone Field,recover-20220922,001,1795
475.6065,475.6434,68437,81954,Rhinolophus ferrumequinum,0.022,0.022,-1,Echolocation,/mnt/ubna_data_02_mir/recover-20220922/UBNA_001/20220921_090000.WAV,Telephone Field,recover-20220922,001,1795
475.6415,475.6762,68437,81924,Rhinolophus ferrumequinum,0.025,0.025,-1,Echolocation,/mnt/ubna_data_02_mir/recover-20220922/UBNA_001/20220921_090000.WAV,Telephone Field,recover-20220922,001,1795
475.6755,475.68489999999997,26328,34877,Eptesicus serotinus,0.012,0.031,-1,Echolocation,/mnt/ubna_data_02_mir/recover-20220922/UBNA_001/20220921_090000.WAV,Telephone Field,recover-20220922,001,1795
475.6845,475.6959,22890,27772,Nyctalus leisleri,0.015,0.027,-1,Echolocation,/mnt/ubna_data_02_mir/recover-20220922/UBNA_001/20220921_090000.WAV,Telephone Field,recover-20220922,001,1795
475.7045,475.7459,68437,82875,Rhinolophus ferrumequinum,0.023,0.023,-1,Echolocation,/mnt/ubna_data_02_mir/recover-20220922/UBNA_001/20220921_090000.WAV,Telephone Field,recover-20220922,001,1795
475.7105,475.7177,28046,39530,Eptesicus serotinus,0.007,0.022,-1,Echolocation,/mnt/ubna_data_02_mir/recover-20220922/UBNA_001/20220921_090000.WAV,Telephone Field,recover-20220922,001,1795
475.7415,475.7817,68437,82065,Rhinolophus ferrumequinum,0.022,0.023,-1,Echolocation,/mnt/ubna_data_02_mir/recover-20220922/UBNA_001/20220921_090000.WAV,Telephone Field,recover-20220922,001,1795
475.7515,475.76279999999997,23750,27384,Nyctalus leisleri,0.017,0.027,-1,Echolocation,/mnt/ubna_data_02_mir/recover-20220922/UBNA_001/20220921_090000.WAV,Telephone Field,recover-20220922,001,1795
475.7845,475.8239,68437,82209,Rhinolophus ferrumequinum,0.022,0.022,-1,Echolocation,/mnt/ubna_data_02_mir/recover-20220922/UBNA_001/20220921_090000.WAV,Telephone Field,recover-20220922,001,1795
475.7995,475.8372,68437,80948,Rhinolophus ferrumequinum,0.025,0.025,-1,Echolocation,/mnt/ubna_data_02_mir/recover-20220922/UBNA_001/20220921_090000.WAV,Telephone Field,recover-20220922,001,1795
475.8145,475.8254,28046,36430,Eptesicus serotinus,0.013,0.026,-1,Echolocation,/mnt/ubna_data_02_mir/recover-20220922/UBNA_001/20220921_090000.WAV,Telephone Field,recover-20220922,001,1795
475.8415,475.882,68437,82233,Rhinolophus ferrumequinum,0.024,0.024,-1,Echolocation,/mnt/ubna_data_02_mir/recover-20220922/UBNA_001/20220921_090000.WAV,Telephone Field,recover-20220922,001,1795
475.8495,475.8905,68437,82360,Rhinolophus ferrumequinum,0.024,0.024,-1,Echolocation,/mnt/ubna_data_02_mir/recover-20220922/UBNA_001/20220921_090000.WAV,Telephone Field,recover-20220922,001,1795
475.8765,475.8843,28046,39932,Eptesicus serotinus,0.009,0.023,-1,Echolocation,/mnt/ubna_data_02_mir/recover-20220922/UBNA_001/20220921_090000.WAV,Telephone Field,recover-20220922,001,1795
475.8785,475.9152,68437,81446,Rhinolophus ferrumequinum,0.022,0.022,-1,Echolocation,/mnt/ubna_data_02_mir/recover-20220922/UBNA_001/20220921_090000.WAV,Telephone Field,recover-20220922,001,1795
475.8965,475.9346,68437,81731,Rhinolophus ferrumequinum,0.021,0.021,-1,Echolocation,/mnt/ubna_data_02_mir/recover-20220922/UBNA_001/20220921_090000.WAV,Telephone Field,recover-20220922,001,1795
475.9485,475.965,22031,25362,Nyctalus leisleri,0.02,0.031,-1,Echolocation,/mnt/ubna_data_02_mir/recover-20220922/UBNA_001/20220921_090000.WAV,Telephone Field,recover-20220922,001,1795
475.9655,475.9727,26328,36494,Eptesicus serotinus,0.009,0.026,-1,Echolocation,/mnt/ubna_data_02_mir/recover-20220922/UBNA_001/20220921_090000.WAV,Telephone Field,recover-20220922,001,1795
475.9755,475.9859,44375,47636,Pipistrellus pipistrellus,0.019,0.022,-1,Echolocation,/mnt/ubna_data_02_mir/recover-20220922/UBNA_001/20220921_090000.WAV,Telephone Field,recover-20220922,001,1795
476.0015,476.0112,46093,50744,Pipistrellus pipistrellus,0.037,0.05,-1,Echolocation,/mnt/ubna_data_02_mir/recover-20220922/UBNA_001/20220921_090000.WAV,Telephone Field,recover-20220922,001,1795
476.0015,476.0347,68437,80735,Rhinolophus ferrumequinum,0.026,0.026,-1,Echolocation,/mnt/ubna_data_02_mir/recover-20220922/UBNA_001/20220921_090000.WAV,Telephone Field,recover-20220922,001,1795
476.0015,476.0132,25468,32768,Nyctalus leisleri,0.018,0.048,-1,Echolocation,/mnt/ubna_data_02_mir/recover-20220922/UBNA_001/20220921_090000.WAV,Telephone Field,recover-20220922,001,1795
476.0085,476.0188,45234,52417,Pipistrellus pipistrellus,0.019,0.028,-1,Echolocation,/mnt/ubna_data_02_mir/recover-20220922/UBNA_001/20220921_090000.WAV,Telephone Field,recover-20220922,001,1795
476.0095,476.0537,68437,82839,Rhinolophus ferrumequinum,0.024,0.024,-1,Echolocation,/mnt/ubna_data_02_mir/recover-20220922/UBNA_001/20220921_090000.WAV,Telephone Field,recover-20220922,001,1795
476.0135,476.0266,25468,30643,Eptesicus serotinus,0.014,0.033,-1,Echolocation,/mnt/ubna_data_02_mir/recover-20220922/UBNA_001/20220921_090000.WAV,Telephone Field,recover-20220922,001,1795
476.0425,476.0506,28046,38478,Eptesicus serotinus,0.007,0.023,-1,Echolocation,/mnt/ubna_data_02_mir/recover-20220922/UBNA_001/20220921_090000.WAV,Telephone Field,recover-20220922,001,1795
476.0695,476.1115,68437,82897,Rhinolophus ferrumequinum,0.032,0.032,-1,Echolocation,/mnt/ubna_data_02_mir/recover-20220922/UBNA_001/20220921_090000.WAV,Telephone Field,recover-20220922,001,1795
476.0935,476.1309,68437,81872,Rhinolophus ferrumequinum,0.021,0.021,-1,Echolocation,/mnt/ubna_data_02_mir/recover-20220922/UBNA_001/20220921_090000.WAV,Telephone Field,recover-20220922,001,1795
476.1135,476.1525,68437,82306,Rhinolophus ferrumequinum,0.023,0.023,-1,Echolocation,/mnt/ubna_data_02_mir/recover-20220922/UBNA_001/20220921_090000.WAV,Telephone Field,recover-20220922,001,1795
476.1195,476.1316,22890,26682,Nyctalus leisleri,0.017,0.028,-1,Echolocation,/mnt/ubna_data_02_mir/recover-20220922/UBNA_001/20220921_090000.WAV,Telephone Field,recover-20220922,001,1795
476.1245,476.1624,68437,81831,Rhinolophus ferrumequinum,0.021,0.021,-1,Echolocation,/mnt/ubna_data_02_mir/recover-20220922/UBNA_001/20220921_090000.WAV,Telephone Field,recover-20220922,001,1795
476.1335,476.1728,68437,82062,Rhinolophus ferrumequinum,0.022,0.022,-1,Echolocation,/mnt/ubna_data_02_mir/recover-20220922/UBNA_001/20220921_090000.WAV,Telephone Field,recover-20220922,001,1795
476.1515,476.1907,68437,82143,Rhinolophus ferrumequinum,0.033,0.033,-1,Echolocation,/mnt/ubna_data_02_mir/recover-20220922/UBNA_001/20220921_090000.WAV,Telephone Field,recover-20220922,001,1795
476.1735,476.1822,27187,37879,Eptesicus serotinus,0.013,0.029,-1,Echolocation,/mnt/ubna_data_02_mir/recover-20220922/UBNA_001/20220921_090000.WAV,Telephone Field,recover-20220922,001,1795
476.1815,476.2015,18593,22048,Nyctalus noctula,0.013,0.025,-1,Echolocation,/mnt/ubna_data_02_mir/recover-20220922/UBNA_001/20220921_090000.WAV,Telephone Field,recover-20220922,001,1795
476.1825,476.226,68437,83128,Rhinolophus ferrumequinum,0.026,0.026,-1,Echolocation,/mnt/ubna_data_02_mir/recover-20220922/UBNA_001/20220921_090000.WAV,Telephone Field,recover-20220922,001,1795
476.2005,476.209,27187,38296,Eptesicus serotinus,0.008,0.022,-1,Echolocation,/mnt/ubna_data_02_mir/recover-20220922/UBNA_001/20220921_090000.WAV,Telephone Field,recover-20220922,001,1795
476.2265,476.2386,22890,27451,Nyctalus leisleri,0.012,0.022,-1,Echolocation,/mnt/ubna_data_02_mir/recover-20220922/UBNA_001/20220921_090000.WAV,Telephone Field,recover-20220922,001,1795
476.2445,476.2814,68437,81272,Rhinolophus ferrumequinum,0.024,0.024,-1,Echolocation,/mnt/ubna_data_02_mir/recover-20220922/UBNA_001/20220921_090000.WAV,Telephone Field,recover-20220922,001,1795
476.2695,476.309,68437,82377,Rhinolophus ferrumequinum,0.023,0.023,-1,Echolocation,/mnt/ubna_data_02_mir/recover-20220922/UBNA_001/20220921_090000.WAV,Telephone Field,recover-20220922,001,1795
476.2775,476.3161,68437,82274,Rhinolophus ferrumequinum,0.022,0.022,-1,Echolocation,/mnt/ubna_data_02_mir/recover-20220922/UBNA_001/20220921_090000.WAV,Telephone Field,recover-20220922,001,1795
476.29449999999997,476.3319,68437,82140,Rhinolophus ferrumequinum,0.029,0.029,-1,Echolocation,/mnt/ubna_data_02_mir/recover-20220922/UBNA_001/20220921_090000.WAV,Telephone Field,recover-20220922,001,1795
476.3065,476.3447,68437,81543,Rhinolophus ferrumequinum,0.022,0.022,-1,Echolocation,/mnt/ubna_data_02_mir/recover-20220922/UBNA_001/20220921_090000.WAV,Telephone Field,recover-20220922,001,1795
476.3135,476.3512,68437,81246,Rhinolophus ferrumequinum,0.021,0.022,-1,Echolocation,/mnt/ubna_data_02_mir/recover-20220922/UBNA_001/20220921_090000.WAV,Telephone Field,recover-20220922,001,1795
476.3255,476.3348,28046,36404,Eptesicus serotinus,0.011,0.023,-1,Echolocation,/mnt/ubna_data_02_mir/recover-20220922/UBNA_001/20220921_090000.WAV,Telephone Field,recover-20220922,001,1795
476.3295,476.364,68437,81051,Rhinolophus ferrumequinum,0.022,0.022,-1,Echolocation,/mnt/ubna_data_02_mir/recover-20220922/UBNA_001/20220921_090000.WAV,Telephone Field,recover-20220922,001,1795
476.3485,476.3867,68437,82024,Rhinolophus ferrumequinum,0.022,0.022,-1,Echolocation,/mnt/ubna_data_02_mir/recover-20220922/UBNA_001/20220921_090000.WAV,Telephone Field,recover-20220922,001,1795
476.3485,476.3609,44375,48676,Pipistrellus pipistrellus,0.025,0.031,-1,Echolocation,/mnt/ubna_data_02_mir/recover-20220922/UBNA_001/20220921_090000.WAV,Telephone Field,recover-20220922,001,1795
476.3725,476.3877,22890,27095,Nyctalus leisleri,0.014,0.024,-1,Echolocation,/mnt/ubna_data_02_mir/recover-20220922/UBNA_001/20220921_090000.WAV,Telephone Field,recover-20220922,001,1795
476.4075,476.4468,68437,83054,Rhinolophus ferrumequinum,0.023,0.023,-1,Echolocation,/mnt/ubna_data_02_mir/recover-20220922/UBNA_001/20220921_090000.WAV,Telephone Field,recover-20220922,001,1795
476.4245,476.4638,68437,81925,Rhinolophus ferrumequinum,0.021,0.021,-1,Echolocation,/mnt/ubna_data_02_mir/recover-20220922/UBNA_001/20220921_090000.WAV,Telephone Field,recover-20220922,001,1795
476.4605,476.4708,23750,30149,Nyctalus leisleri,0.008,0.022,-1,Echolocation,/mnt/ubna_data_02_mir/recover-20220922/UBNA_001/20220921_090000.WAV,Telephone Field,recover-20220922,001,1795
476.47950000000003,476.4886,28046,37395,Eptesicus serotinus,0.009,0.021,-1,Echolocation,/mnt/ubna_data_02_mir/recover-20220922/UBNA_001/20220921_090000.WAV,Telephone Field,recover-20220922,001,1795
476.5005,476.5083,28046,37713,Eptesicus serotinus,0.01,0.026,-1,Echolocation,/mnt/ubna_data_02_mir/recover-20220922/UBNA_001/20220921_090000.WAV,Telephone Field,recover-20220922,001,1795
476.5025,476.5426,68437,82060,Rhinolophus ferrumequinum,0.022,0.023,-1,Echolocation,/mnt/ubna_data_02_mir/recover-20220922/UBNA_001/20220921_090000.WAV,Telephone Field,recover-20220922,001,1795
476.5035,476.5183,15156,20452,Nyctalus noctula,0.02,0.029,-1,Echolocation,/mnt/ubna_data_02_mir/recover-20220922/UBNA_001/20220921_090000.WAV,Telephone Field,recover-20220922,001,1795
476.5145,476.5538,68437,82545,Rhinolophus ferrumequinum,0.033,0.033,-1,Echolocation,/mnt/ubna_data_02_mir/recover-20220922/UBNA_001/20220921_090000.WAV,Telephone Field,recover-20220922,001,1795
476.5405,476.5792,68437,82295,Rhinolophus ferrumequinum,0.026,0.026,-1,Echolocation,/mnt/ubna_data_02_mir/recover-20220922/UBNA_001/20220921_090000.WAV,Telephone Field,recover-20220922,001,1795
476.5695,476.6075,68437,81916,Rhinolophus ferrumequinum,0.024,0.024,-1,Echolocation,/mnt/ubna_data_02_mir/recover-20220922/UBNA_001/20220921_090000.WAV,Telephone Field,recover-20220922,001,1795
476.5715,476.5793,27187,39578,Eptesicus serotinus,0.008,0.023,-1,Echolocation,/mnt/ubna_data_02_mir/recover-20220922/UBNA_001/20220921_090000.WAV,Telephone Field,recover-20220922,001,1795
476.6205,476.628,28906,37531,Eptesicus serotinus,0.011,0.026,-1,Echolocation,/mnt/ubna_data_02_mir/recover-20220922/UBNA_001/20220921_090000.WAV,Telephone Field,recover-20220922,001,1795
476.6245,476.6659,68437,82888,Rhinolophus ferrumequinum,0.032,0.032,-1,Echolocation,/mnt/ubna_data_02_mir/recover-20220922/UBNA_001/20220921_090000.WAV,Telephone Field,recover-20220922,001,1795
476.6575,476.6982,68437,82610,Rhinolophus ferrumequinum,0.034,0.034,-1,Echolocation,/mnt/ubna_data_02_mir/recover-20220922/UBNA_001/20220921_090000.WAV,Telephone Field,recover-20220922,001,1795
476.6705,476.6783,27187,36572,Eptesicus serotinus,0.008,0.022,-1,Echolocation,/mnt/ubna_data_02_mir/recover-20220922/UBNA_001/20220921_090000.WAV,Telephone Field,recover-20220922,001,1795
476.7045,476.7436,68437,81956,Rhinolophus ferrumequinum,0.022,0.022,-1,Echolocation,/mnt/ubna_data_02_mir/recover-20220922/UBNA_001/20220921_090000.WAV,Telephone Field,recover-20220922,001,1795
476.7315,476.7709,68437,81568,Rhinolophus ferrumequinum,0.024,0.024,-1,Echolocation,/mnt/ubna_data_02_mir/recover-20220922/UBNA_001/20220921_090000.WAV,Telephone Field,recover-20220922,001,1795
476.7835,476.8223,68437,81664,Rhinolophus ferrumequinum,0.026,0.026,-1,Echolocation,/mnt/ubna_data_02_mir/recover-20220922/UBNA_001/20220921_090000.WAV,Telephone Field,recover-20220922,001,1795
476.8045,476.8428,68437,81808,Rhinolophus ferrumequinum,0.022,0.022,-1,Echolocation,/mnt/ubna_data_02_mir/recover-20220922/UBNA_001/20220921_090000.WAV,Telephone Field,recover-20220922,001,1795
476.8425,476.8793,68437,81932,Rhinolophus ferrumequinum,0.021,0.021,-1,Echolocation,/mnt/ubna_data_02_mir/recover-20220922/UBNA_001/20220921_090000.WAV,Telephone Field,recover-20220922,001,1795
476.8575,476.8688,22890,27709,Nyctalus leisleri,0.012,0.023,-1,Echolocation,/mnt/ubna_data_02_mir/recover-20220922/UBNA_001/20220921_090000.WAV,Telephone Field,recover-20220922,001,1795
476.8585,476.8996,68437,83482,Rhinolophus ferrumequinum,0.025,0.025,-1,Echolocation,/mnt/ubna_data_02_mir/recover-20220922/UBNA_001/20220921_090000.WAV,Telephone Field,recover-20220922,001,1795
476.8705,476.8785,28046,39927,Eptesicus serotinus,0.008,0.022,-1,Echolocation,/mnt/ubna_data_02_mir/recover-20220922/UBNA_001/20220921_090000.WAV,Telephone Field,recover-20220922,001,1795
476.8825,476.9235,68437,82118,Rhinolophus ferrumequinum,0.025,0.025,-1,Echolocation,/mnt/ubna_data_02_mir/recover-20220922/UBNA_001/20220921_090000.WAV,Telephone Field,recover-20220922,001,1795
476.8845,476.8939,28046,41806,Eptesicus serotinus,0.01,0.024,-1,Echolocation,/mnt/ubna_data_02_mir/recover-20220922/UBNA_001/20220921_090000.WAV,Telephone Field,recover-20220922,001,1795
476.8885,476.89639999999997,32343,46104,Myotis daubentonii,0.008,0.022,-1,Echolocation,/mnt/ubna_data_02_mir/recover-20220922/UBNA_001/20220921_090000.WAV,Telephone Field,recover-20220922,001,1795
476.9095,476.9164,31484,42901,Myotis daubentonii,0.007,0.023,-1,Echolocation,/mnt/ubna_data_02_mir/recover-20220922/UBNA_001/20220921_090000.WAV,Telephone Field,recover-20220922,001,1795
476.9245,476.9655,68437,82349,Rhinolophus ferrumequinum,0.038,0.038,-1,Echolocation,/mnt/ubna_data_02_mir/recover-20220922/UBNA_001/20220921_090000.WAV,Telephone Field,recover-20220922,001,1795
476.9275,476.9369,23750,31124,Nyctalus leisleri,0.008,0.023,-1,Echolocation,/mnt/ubna_data_02_mir/recover-20220922/UBNA_001/20220921_090000.WAV,Telephone Field,recover-20220922,001,1795
476.9415,476.9798,68437,81768,Rhinolophus ferrumequinum,0.022,0.022,-1,Echolocation,/mnt/ubna_data_02_mir/recover-20220922/UBNA_001/20220921_090000.WAV,Telephone Field,recover-20220922,001,1795
476.9765,476.9842,28046,39650,Eptesicus serotinus,0.007,0.022,-1,Echolocation,/mnt/ubna_data_02_mir/recover-20220922/UBNA_001/20220921_090000.WAV,Telephone Field,recover-20220922,001,1795
476.9895,477.0277,68437,81820,Rhinolophus ferrumequinum,0.024,0.024,-1,Echolocation,/mnt/ubna_data_02_mir/recover-20220922/UBNA_001/20220921_090000.WAV,Telephone Field,recover-20220922,001,1795
477.0155,477.0551,68437,83013,Rhinolophus ferrumequinum,0.025,0.025,-1,Echolocation,/mnt/ubna_data_02_mir/recover-20220922/UBNA_001/20220921_090000.WAV,Telephone Field,recover-20220922,001,1795
477.0225,477.0617,68437,82126,Rhinolophus ferrumequinum,0.021,0.021,-1,Echolocation,/mnt/ubna_data_02_mir/recover-20220922/UBNA_001/20220921_090000.WAV,Telephone Field,recover-20220922,001,1795
477.0645,477.0742,28906,36521,Eptesicus serotinus,0.011,0.023,-1,Echolocation,/mnt/ubna_data_02_mir/recover-20220922/UBNA_001/20220921_090000.WAV,Telephone Field,recover-20220922,001,1795
477.0915,477.1316,68437,82185,Rhinolophus ferrumequinum,0.023,0.024,-1,Echolocation,/mnt/ubna_data_02_mir/recover-20220922/UBNA_001/20220921_090000.WAV,Telephone Field,recover-20220922,001,1795
477.1025,477.1117,28046,36279,Eptesicus serotinus,0.009,0.021,-1,Echolocation,/mnt/ubna_data_02_mir/recover-20220922/UBNA_001/20220921_090000.WAV,Telephone Field,recover-20220922,001,1795
477.1175,477.137,17734,21774,Nyctalus noctula,0.024,0.033,-1,Echolocation,/mnt/ubna_data_02_mir/recover-20220922/UBNA_001/20220921_090000.WAV,Telephone Field,recover-20220922,001,1795
477.1505,477.1862,68437,82062,Rhinolophus ferrumequinum,0.022,0.022,-1,Echolocation,/mnt/ubna_data_02_mir/recover-20220922/UBNA_001/20220921_090000.WAV,Telephone Field,recover-20220922,001,1795
477.1845,477.2212,68437,81552,Rhinolophus ferrumequinum,0.021,0.021,-1,Echolocation,/mnt/ubna_data_02_mir/recover-20220922/UBNA_001/20220921_090000.WAV,Telephone Field,recover-20220922,001,1795
477.1995,477.2356,68437,81563,Rhinolophus ferrumequinum,0.021,0.021,-1,Echolocation,/mnt/ubna_data_02_mir/recover-20220922/UBNA_001/20220921_090000.WAV,Telephone Field,recover-20220922,001,1795
477.2165,477.2275,23750,30003,Nyctalus leisleri,0.01,0.024,-1,Echolocation,/mnt/ubna_data_02_mir/recover-20220922/UBNA_001/20220921_090000.WAV,Telephone Field,recover-20220922,001,1795
477.2215,477.2602,68437,81273,Rhinolophus ferrumequinum,0.022,0.022,-1,Echolocation,/mnt/ubna_data_02_mir/recover-20220922/UBNA_001/20220921_090000.WAV,Telephone Field,recover-20220922,001,1795
477.2375,477.2781,68437,82636,Rhinolophus ferrumequinum,0.025,0.025,-1,Echolocation,/mnt/ubna_data_02_mir/recover-20220922/UBNA_001/20220921_090000.WAV,Telephone Field,recover-20220922,001,1795
477.2595,477.2703,44375,51061,Pipistrellus pipistrellus,0.015,0.021,-1,Echolocation,/mnt/ubna_data_02_mir/recover-20220922/UBNA_001/20220921_090000.WAV,Telephone Field,recover-20220922,001,1795
477.3125,477.3471,68437,81221,Rhinolophus ferrumequinum,0.025,0.025,-1,Echolocation,/mnt/ubna_data_02_mir/recover-20220922/UBNA_001/20220921_090000.WAV,Telephone Field,recover-20220922,001,1795
477.3355,477.3779,68437,82842,Rhinolophus ferrumequinum,0.035,0.035,-1,Echolocation,/mnt/ubna_data_02_mir/recover-20220922/UBNA_001/20220921_090000.WAV,Telephone Field,recover-20220922,001,1795
477.4285,477.4725,68437,83191,Rhinolophus ferrumequinum,0.025,0.025,-1,Echolocation,/mnt/ubna_data_02_mir/recover-20220922/UBNA_001/20220921_090000.WAV,Telephone Field,recover-20220922,001,1795
477.4375,477.4488,26328,33623,Eptesicus serotinus,0.014,0.027,-1,Echolocation,/mnt/ubna_data_02_mir/recover-20220922/UBNA_001/20220921_090000.WAV,Telephone Field,recover-20220922,001,1795
477.4525,477.4918,68437,82607,Rhinolophus ferrumequinum,0.024,0.024,-1,Echolocation,/mnt/ubna_data_02_mir/recover-20220922/UBNA_001/20220921_090000.WAV,Telephone Field,recover-20220922,001,1795
477.4625,477.502,68437,82658,Rhinolophus ferrumequinum,0.027,0.027,-1,Echolocation,/mnt/ubna_data_02_mir/recover-20220922/UBNA_001/20220921_090000.WAV,Telephone Field,recover-20220922,001,1795
477.4635,477.4711,28046,41297,Eptesicus serotinus,0.007,0.021,-1,Echolocation,/mnt/ubna_data_02_mir/recover-20220922/UBNA_001/20220921_090000.WAV,Telephone Field,recover-20220922,001,1795
477.4675,477.4761,44375,54760,Pipistrellus pipistrellus,0.013,0.022,-1,Echolocation,/mnt/ubna_data_02_mir/recover-20220922/UBNA_001/20220921_090000.WAV,Telephone Field,recover-20220922,001,1795
477.4905,477.5265,68437,81449,Rhinolophus ferrumequinum,0.021,0.021,-1,Echolocation,/mnt/ubna_data_02_mir/recover-20220922/UBNA_001/20220921_090000.WAV,Telephone Field,recover-20220922,001,1795
477.4955,477.5066,23750,29195,Nyctalus leisleri,0.012,0.026,-1,Echolocation,/mnt/ubna_data_02_mir/recover-20220922/UBNA_001/20220921_090000.WAV,Telephone Field,recover-20220922,001,1795
477.5105,477.5485,68437,81378,Rhinolophus ferrumequinum,0.021,0.021,-1,Echolocation,/mnt/ubna_data_02_mir/recover-20220922/UBNA_001/20220921_090000.WAV,Telephone Field,recover-20220922,001,1795
477.5955,477.6337,68437,82267,Rhinolophus ferrumequinum,0.021,0.021,-1,Echolocation,/mnt/ubna_data_02_mir/recover-20220922/UBNA_001/20220921_090000.WAV,Telephone Field,recover-20220922,001,1795
477.6065,477.6175,28906,35739,Eptesicus serotinus,0.011,0.024,-1,Echolocation,/mnt/ubna_data_02_mir/recover-20220922/UBNA_001/20220921_090000.WAV,Telephone Field,recover-20220922,001,1795
477.6305,477.6683,68437,82375,Rhinolophus ferrumequinum,0.023,0.023,-1,Echolocation,/mnt/ubna_data_02_mir/recover-20220922/UBNA_001/20220921_090000.WAV,Telephone Field,recover-20220922,001,1795
477.6615,477.6999,68437,81957,Rhinolophus ferrumequinum,0.023,0.023,-1,Echolocation,/mnt/ubna_data_02_mir/recover-20220922/UBNA_001/20220921_090000.WAV,Telephone Field,recover-20220922,001,1795
477.6715,477.709,68437,82083,Rhinolophus ferrumequinum,0.029,0.029,-1,Echolocation,/mnt/ubna_data_02_mir/recover-20220922/UBNA_001/20220921_090000.WAV,Telephone Field,recover-20220922,001,1795
477.6925,477.7001,27187,39893,Eptesicus serotinus,0.006,0.021,-1,Echolocation,/mnt/ubna_data_02_mir/recover-20220922/UBNA_001/20220921_090000.WAV,Telephone Field,recover-20220922,001,1795
477.6975,477.7097,40937,43749,Pipistrellus pipistrellus,0.026,0.081,-1,Echolocation,/mnt/ubna_data_02_mir/recover-20220922/UBNA_001/20220921_090000.WAV,Telephone Field,recover-20220922,001,1795
477.7105,477.7505,68437,82778,Rhinolophus ferrumequinum,0.023,0.023,-1,Echolocation,/mnt/ubna_data_02_mir/recover-20220922/UBNA_001/20220921_090000.WAV,Telephone Field,recover-20220922,001,1795
477.7265,477.7621,68437,81072,Rhinolophus ferrumequinum,0.022,0.022,-1,Echolocation,/mnt/ubna_data_02_mir/recover-20220922/UBNA_001/20220921_090000.WAV,Telephone Field,recover-20220922,001,1795
477.7345,477.746,27187,33571,Eptesicus serotinus,0.024,0.047,-1,Echolocation,/mnt/ubna_data_02_mir/recover-20220922/UBNA_001/20220921_090000.WAV,Telephone Field,recover-20220922,001,1795
477.7365,477.77139999999997,68437,81477,Rhinolophus ferrumequinum,0.025,0.025,-1,Echolocation,/mnt/ubna_data_02_mir/recover-20220922/UBNA_001/20220921_090000.WAV,Telephone Field,recover-20220922,001,1795
477.7665,477.7749,24609,32838,Eptesicus serotinus,0.007,0.023,-1,Echolocation,/mnt/ubna_data_02_mir/recover-20220922/UBNA_001/20220921_090000.WAV,Telephone Field,recover-20220922,001,1795
477.7695,477.8064,68437,81247,Rhinolophus ferrumequinum,0.024,0.024,-1,Echolocation,/mnt/ubna_data_02_mir/recover-20220922/UBNA_001/20220921_090000.WAV,Telephone Field,recover-20220922,001,1795
477.7735,477.7795,41796,54104,Myotis mystacinus,0.005,0.022,-1,Echolocation,/mnt/ubna_data_02_mir/recover-20220922/UBNA_001/20220921_090000.WAV,Telephone Field,recover-20220922,001,1795
477.7805,477.7883,23750,32060,Plecotus austriacus,0.01,0.024,-1,Echolocation,/mnt/ubna_data_02_mir/recover-20220922/UBNA_001/20220921_090000.WAV,Telephone Field,recover-20220922,001,1795
477.7915,477.8257,68437,80735,Rhinolophus ferrumequinum,0.021,0.021,-1,Echolocation,/mnt/ubna_data_02_mir/recover-20220922/UBNA_001/20220921_090000.WAV,Telephone Field,recover-20220922,001,1795
477.8005,477.8084,28046,39043,Eptesicus serotinus,0.007,0.021,-1,Echolocation,/mnt/ubna_data_02_mir/recover-20220922/UBNA_001/20220921_090000.WAV,Telephone Field,recover-20220922,001,1795
477.8205,477.8591,68437,82246,Rhinolophus ferrumequinum,0.025,0.025,-1,Echolocation,/mnt/ubna_data_02_mir/recover-20220922/UBNA_001/20220921_090000.WAV,Telephone Field,recover-20220922,001,1795
477.8275,477.8686,68437,82538,Rhinolophus ferrumequinum,0.026,0.026,-1,Echolocation,/mnt/ubna_data_02_mir/recover-20220922/UBNA_001/20220921_090000.WAV,Telephone Field,recover-20220922,001,1795
477.8365,477.8756,68437,82648,Rhinolophus ferrumequinum,0.023,0.023,-1,Echolocation,/mnt/ubna_data_02_mir/recover-20220922/UBNA_001/20220921_090000.WAV,Telephone Field,recover-20220922,001,1795
477.8365,477.8504,53828,58406,Pipistrellus pygmaeus,0.018,0.023,-1,Echolocation,/mnt/ubna_data_02_mir/recover-20220922/UBNA_001/20220921_090000.WAV,Telephone Field,recover-20220922,001,1795
477.8465,477.8882,68437,83242,Rhinolophus ferrumequinum,0.028,0.028,-1,Echolocation,/mnt/ubna_data_02_mir/recover-20220922/UBNA_001/20220921_090000.WAV,Telephone Field,recover-20220922,001,1795
477.8645,477.8749,28906,36000,Eptesicus serotinus,0.009,0.022,-1,Echolocation,/mnt/ubna_data_02_mir/recover-20220922/UBNA_001/20220921_090000.WAV,Telephone Field,recover-20220922,001,1795
477.8685,477.9068,68437,82589,Rhinolophus ferrumequinum,0.022,0.023,-1,Echolocation,/mnt/ubna_data_02_mir/recover-20220922/UBNA_001/20220921_090000.WAV,Telephone Field,recover-20220922,001,1795
477.8745,477.9123,68437,82110,Rhinolophus ferrumequinum,0.021,0.021,-1,Echolocation,/mnt/ubna_data_02_mir/recover-20220922/UBNA_001/20220921_090000.WAV,Telephone Field,recover-20220922,001,1795
477.9025,477.9418,68437,82018,Rhinolophus ferrumequinum,0.024,0.024,-1,Echolocation,/mnt/ubna_data_02_mir/recover-20220922/UBNA_001/20220921_090000.WAV,Telephone Field,recover-20220922,001,1795
477.9305,477.9722,68437,82453,Rhinolophus ferrumequinum,0.038,0.038,-1,Echolocation,/mnt/ubna_data_02_mir/recover-20220922/UBNA_001/20220921_090000.WAV,Telephone Field,recover-20220922,001,1795
477.9395,477.9475,28906,38020,Eptesicus serotinus,0.007,0.022,-1,Echolocation,/mnt/ubna_data_02_mir/recover-20220922/UBNA_001/20220921_090000.WAV,Telephone Field,recover-20220922,001,1795
477.9885,477.9986,28906,39048,Eptesicus serotinus,0.008,0.021,-1,Echolocation,/mnt/ubna_data_02_mir/recover-20220922/UBNA_001/20220921_090000.WAV,Telephone Field,recover-20220922,001,1795
478.0015,478.0347,68437,80076,Rhinolophus ferrumequinum,0.047,0.047,-1,Echolocation,/mnt/ubna_data_02_mir/recover-20220922/UBNA_001/20220921_090000.WAV,Telephone Field,recover-20220922,001,1795
478.0015,478.0083,44375,49258,Pipistrellus pipistrellus,0.03,0.035,-1,Echolocation,/mnt/ubna_data_02_mir/recover-20220922/UBNA_001/20220921_090000.WAV,Telephone Field,recover-20220922,001,1795
478.0015,478.0099,22031,28459,Nyctalus leisleri,0.01,0.026,-1,Echolocation,/mnt/ubna_data_02_mir/recover-20220922/UBNA_001/20220921_090000.WAV,Telephone Field,recover-20220922,001,1795
478.0015,478.0097,26328,35898,Nyctalus leisleri,0.007,0.026,-1,Echolocation,/mnt/ubna_data_02_mir/recover-20220922/UBNA_001/20220921_090000.WAV,Telephone Field,recover-20220922,001,1795
478.0125,478.0597,68437,82892,Rhinolophus ferrumequinum,0.041,0.041,-1,Echolocation,/mnt/ubna_data_02_mir/recover-20220922/UBNA_001/20220921_090000.WAV,Telephone Field,recover-20220922,001,1795
478.0245,478.0316,24609,33448,Plecotus austriacus,0.008,0.023,-1,Echolocation,/mnt/ubna_data_02_mir/recover-20220922/UBNA_001/20220921_090000.WAV,Telephone Field,recover-20220922,001,1795
478.0305,478.0682,68437,82123,Rhinolophus ferrumequinum,0.022,0.022,-1,Echolocation,/mnt/ubna_data_02_mir/recover-20220922/UBNA_001/20220921_090000.WAV,Telephone Field,recover-20220922,001,1795
478.0435,478.0822,68437,81519,Rhinolophus ferrumequinum,0.022,0.022,-1,Echolocation,/mnt/ubna_data_02_mir/recover-20220922/UBNA_001/20220921_090000.WAV,Telephone Field,recover-20220922,001,1795
478.0495,478.0893,68437,82433,Rhinolophus ferrumequinum,0.022,0.022,-1,Echolocation,/mnt/ubna_data_02_mir/recover-20220922/UBNA_001/20220921_090000.WAV,Telephone Field,recover-20220922,001,1795
478.0675,478.0774,25468,32809,Eptesicus serotinus,0.018,0.04,-1,Echolocation,/mnt/ubna_data_02_mir/recover-20220922/UBNA_001/20220921_090000.WAV,Telephone Field,recover-20220922,001,1795
478.0795,478.1177,68437,81542,Rhinolophus ferrumequinum,0.021,0.021,-1,Echolocation,/mnt/ubna_data_02_mir/recover-20220922/UBNA_001/20220921_090000.WAV,Telephone Field,recover-20220922,001,1795
478.0945,478.1359,68437,83031,Rhinolophus ferrumequinum,0.024,0.024,-1,Echolocation,/mnt/ubna_data_02_mir/recover-20220922/UBNA_001/20220921_090000.WAV,Telephone Field,recover-20220922,001,1795
478.1175,478.1258,28906,38330,Eptesicus serotinus,0.008,0.022,-1,Echolocation,/mnt/ubna_data_02_mir/recover-20220922/UBNA_001/20220921_090000.WAV,Telephone Field,recover-20220922,001,1795
478.1245,478.1639,68437,82169,Rhinolophus ferrumequinum,0.022,0.022,-1,Echolocation,/mnt/ubna_data_02_mir/recover-20220922/UBNA_001/20220921_090000.WAV,Telephone Field,recover-20220922,001,1795
478.1305,478.1666,68437,81895,Rhinolophus ferrumequinum,0.022,0.023,-1,Echolocation,/mnt/ubna_data_02_mir/recover-20220922/UBNA_001/20220921_090000.WAV,Telephone Field,recover-20220922,001,1795
478.1435,478.1784,68437,81468,Rhinolophus ferrumequinum,0.027,0.027,-1,Echolocation,/mnt/ubna_data_02_mir/recover-20220922/UBNA_001/20220921_090000.WAV,Telephone Field,recover-20220922,001,1795
478.1745,478.1837,24609,31644,Nyctalus leisleri,0.007,0.021,-1,Echolocation,/mnt/ubna_data_02_mir/recover-20220922/UBNA_001/20220921_090000.WAV,Telephone Field,recover-20220922,001,1795
478.1765,478.2198,68437,83549,Rhinolophus ferrumequinum,0.042,0.042,-1,Echolocation,/mnt/ubna_data_02_mir/recover-20220922/UBNA_001/20220921_090000.WAV,Telephone Field,recover-20220922,001,1795
478.1995,478.2425,68437,83005,Rhinolophus ferrumequinum,0.038,0.038,-1,Echolocation,/mnt/ubna_data_02_mir/recover-20220922/UBNA_001/20220921_090000.WAV,Telephone Field,recover-20220922,001,1795
478.22950000000003,478.2377,49531,56145,Pipistrellus pipistrellus,0.019,0.021,-1,Echolocation,/mnt/ubna_data_02_mir/recover-20220922/UBNA_001/20220921_090000.WAV,Telephone Field,recover-20220922,001,1795
478.2485,478.2887,68437,81960,Rhinolophus ferrumequinum,0.024,0.024,-1,Echolocation,/mnt/ubna_data_02_mir/recover-20220922/UBNA_001/20220921_090000.WAV,Telephone Field,recover-20220922,001,1795
478.2685,478.3091,68437,82543,Rhinolophus ferrumequinum,0.032,0.032,-1,Echolocation,/mnt/ubna_data_02_mir/recover-20220922/UBNA_001/20220921_090000.WAV,Telephone Field,recover-20220922,001,1795
478.2815,478.2879,50390,58509,Pipistrellus pipistrellus,0.016,0.021,-1,Echolocation,/mnt/ubna_data_02_mir/recover-20220922/UBNA_001/20220921_090000.WAV,Telephone Field,recover-20220922,001,1795
478.2905,478.3003,28906,37048,Eptesicus serotinus,0.01,0.024,-1,Echolocation,/mnt/ubna_data_02_mir/recover-20220922/UBNA_001/20220921_090000.WAV,Telephone Field,recover-20220922,001,1795
478.3205,478.3604,68437,82195,Rhinolophus ferrumequinum,0.023,0.023,-1,Echolocation,/mnt/ubna_data_02_mir/recover-20220922/UBNA_001/20220921_090000.WAV,Telephone Field,recover-20220922,001,1795
478.3215,478.3323,21171,26624,Nyctalus leisleri,0.008,0.024,-1,Echolocation,/mnt/ubna_data_02_mir/recover-20220922/UBNA_001/20220921_090000.WAV,Telephone Field,recover-20220922,001,1795
478.3765,478.384,14296,26101,Plecotus auritus,0.027,0.041,-1,Echolocation,/mnt/ubna_data_02_mir/recover-20220922/UBNA_001/20220921_090000.WAV,Telephone Field,recover-20220922,001,1795
478.4025,478.4397,68437,82141,Rhinolophus ferrumequinum,0.025,0.025,-1,Echolocation,/mnt/ubna_data_02_mir/recover-20220922/UBNA_001/20220921_090000.WAV,Telephone Field,recover-20220922,001,1795
478.4415,478.453,22890,27611,Nyctalus leisleri,0.014,0.026,-1,Echolocation,/mnt/ubna_data_02_mir/recover-20220922/UBNA_001/20220921_090000.WAV,Telephone Field,recover-20220922,001,1795
478.4605,478.4988,68437,82541,Rhinolophus ferrumequinum,0.039,0.039,-1,Echolocation,/mnt/ubna_data_02_mir/recover-20220922/UBNA_001/20220921_090000.WAV,Telephone Field,recover-20220922,001,1795
478.4875,478.5284,68437,82255,Rhinolophus ferrumequinum,0.023,0.023,-1,Echolocation,/mnt/ubna_data_02_mir/recover-20220922/UBNA_001/20220921_090000.WAV,Telephone Field,recover-20220922,001,1795
478.4995,478.5137,22031,26457,Nyctalus leisleri,0.016,0.031,-1,Echolocation,/mnt/ubna_data_02_mir/recover-20220922/UBNA_001/20220921_090000.WAV,Telephone Field,recover-20220922,001,1795
478.5045,478.5443,68437,81882,Rhinolophus ferrumequinum,0.023,0.023,-1,Echolocation,/mnt/ubna_data_02_mir/recover-20220922/UBNA_001/20220921_090000.WAV,Telephone Field,recover-20220922,001,1795
478.5355,478.546,22031,27364,Nyctalus leisleri,0.01,0.022,-1,Echolocation,/mnt/ubna_data_02_mir/recover-20220922/UBNA_001/20220921_090000.WAV,Telephone Field,recover-20220922,001,1795
478.5385,478.5781,68437,82531,Rhinolophus ferrumequinum,0.024,0.024,-1,Echolocation,/mnt/ubna_data_02_mir/recover-20220922/UBNA_001/20220921_090000.WAV,Telephone Field,recover-20220922,001,1795
478.5465,478.5829,68437,82028,Rhinolophus ferrumequinum,0.023,0.023,-1,Echolocation,/mnt/ubna_data_02_mir/recover-20220922/UBNA_001/20220921_090000.WAV,Telephone Field,recover-20220922,001,1795
478.5745,478.6063,68437,80256,Rhinolophus ferrumequinum,0.021,0.022,-1,Echolocation,/mnt/ubna_data_02_mir/recover-20220922/UBNA_001/20220921_090000.WAV,Telephone Field,recover-20220922,001,1795
478.6085,478.6517,68437,83120,Rhinolophus ferrumequinum,0.028,0.028,-1,Echolocation,/mnt/ubna_data_02_mir/recover-20220922/UBNA_001/20220921_090000.WAV,Telephone Field,recover-20220922,001,1795
478.6625,478.7037,68437,83030,Rhinolophus ferrumequinum,0.028,0.028,-1,Echolocation,/mnt/ubna_data_02_mir/recover-20220922/UBNA_001/20220921_090000.WAV,Telephone Field,recover-20220922,001,1795
478.6775,478.6851,28046,44607,Eptesicus serotinus,0.007,0.022,-1,Echolocation,/mnt/ubna_data_02_mir/recover-20220922/UBNA_001/20220921_090000.WAV,Telephone Field,recover-20220922,001,1795
478.6905,478.7311,68437,82390,Rhinolophus ferrumequinum,0.024,0.024,-1,Echolocation,/mnt/ubna_data_02_mir/recover-20220922/UBNA_001/20220921_090000.WAV,Telephone Field,recover-20220922,001,1795
478.7175,478.7263,27187,36207,Eptesicus serotinus,0.009,0.022,-1,Echolocation,/mnt/ubna_data_02_mir/recover-20220922/UBNA_001/20220921_090000.WAV,Telephone Field,recover-20220922,001,1795
478.7325,478.7713,68437,81586,Rhinolophus ferrumequinum,0.021,0.021,-1,Echolocation,/mnt/ubna_data_02_mir/recover-20220922/UBNA_001/20220921_090000.WAV,Telephone Field,recover-20220922,001,1795
478.7545,478.7916,68437,82083,Rhinolophus ferrumequinum,0.022,0.023,-1,Echolocation,/mnt/ubna_data_02_mir/recover-20220922/UBNA_001/20220921_090000.WAV,Telephone Field,recover-20220922,001,1795
478.7785,478.79,24609,30873,Nyctalus leisleri,0.012,0.031,-1,Echolocation,/mnt/ubna_data_02_mir/recover-20220922/UBNA_001/20220921_090000.WAV,Telephone Field,recover-20220922,001,1795
478.7825,478.8215,68437,82411,Rhinolophus ferrumequinum,0.023,0.023,-1,Echolocation,/mnt/ubna_data_02_mir/recover-20220922/UBNA_001/20220921_090000.WAV,Telephone Field,recover-20220922,001,1795
478.7985,478.8434,68437,83658,Rhinolophus ferrumequinum,0.046,0.046,-1,Echolocation,/mnt/ubna_data_02_mir/recover-20220922/UBNA_001/20220921_090000.WAV,Telephone Field,recover-20220922,001,1795
478.8205,478.8556,68437,81195,Rhinolophus ferrumequinum,0.022,0.022,-1,Echolocation,/mnt/ubna_data_02_mir/recover-20220922/UBNA_001/20220921_090000.WAV,Telephone Field,recover-20220922,001,1795
478.8425,478.8839,68437,82506,Rhinolophus ferrumequinum,0.032,0.032,-1,Echolocation,/mnt/ubna_data_02_mir/recover-20220922/UBNA_001/20220921_090000.WAV,Telephone Field,recover-20220922,001,1795
478.8445,478.8532,28046,40090,Eptesicus serotinus,0.008,0.022,-1,Echolocation,/mnt/ubna_data_02_mir/recover-20220922/UBNA_001/20220921_090000.WAV,Telephone Field,recover-20220922,001,1795
478.8695,478.8846,21171,24196,Nyctalus leisleri,0.014,0.022,-1,Echolocation,/mnt/ubna_data_02_mir/recover-20220922/UBNA_001/20220921_090000.WAV,Telephone Field,recover-20220922,001,1795
478.8705,478.908,68437,82339,Rhinolophus ferrumequinum,0.022,0.023,-1,Echolocation,/mnt/ubna_data_02_mir/recover-20220922/UBNA_001/20220921_090000.WAV,Telephone Field,recover-20220922,001,1795
478.8785,478.9164,68437,81788,Rhinolophus ferrumequinum,0.024,0.024,-1,Echolocation,/mnt/ubna_data_02_mir/recover-20220922/UBNA_001/20220921_090000.WAV,Telephone Field,recover-20220922,001,1795
478.9115,478.9502,68437,82635,Rhinolophus ferrumequinum,0.024,0.024,-1,Echolocation,/mnt/ubna_data_02_mir/recover-20220922/UBNA_001/20220921_090000.WAV,Telephone Field,recover-20220922,001,1795
478.9115,478.9241,23750,28474,Nyctalus leisleri,0.016,0.029,-1,Echolocation,/mnt/ubna_data_02_mir/recover-20220922/UBNA_001/20220921_090000.WAV,Telephone Field,recover-20220922,001,1795
478.9325,478.9418,22890,29839,Plecotus austriacus,0.008,0.023,-1,Echolocation,/mnt/ubna_data_02_mir/recover-20220922/UBNA_001/20220921_090000.WAV,Telephone Field,recover-20220922,001,1795
478.9925,479.0342,68437,82770,Rhinolophus ferrumequinum,0.022,0.022,-1,Echolocation,/mnt/ubna_data_02_mir/recover-20220922/UBNA_001/20220921_090000.WAV,Telephone Field,recover-20220922,001,1795
479.0185,479.0559,68437,81585,Rhinolophus ferrumequinum,0.022,0.022,-1,Echolocation,/mnt/ubna_data_02_mir/recover-20220922/UBNA_001/20220921_090000.WAV,Telephone Field,recover-20220922,001,1795
479.0185,479.029,22031,26647,Nyctalus leisleri,0.011,0.021,-1,Echolocation,/mnt/ubna_data_02_mir/recover-20220922/UBNA_001/20220921_090000.WAV,Telephone Field,recover-20220922,001,1795
479.0395,479.0793,68437,82451,Rhinolophus ferrumequinum,0.024,0.024,-1,Echolocation,/mnt/ubna_data_02_mir/recover-20220922/UBNA_001/20220921_090000.WAV,Telephone Field,recover-20220922,001,1795
479.0415,479.0582,22890,26851,Nyctalus leisleri,0.021,0.037,-1,Echolocation,/mnt/ubna_data_02_mir/recover-20220922/UBNA_001/20220921_090000.WAV,Telephone Field,recover-20220922,001,1795
479.0595,479.0672,27187,36061,Eptesicus serotinus,0.007,0.021,-1,Echolocation,/mnt/ubna_data_02_mir/recover-20220922/UBNA_001/20220921_090000.WAV,Telephone Field,recover-20220922,001,1795
479.1085,479.1436,68437,81231,Rhinolophus ferrumequinum,0.021,0.021,-1,Echolocation,/mnt/ubna_data_02_mir/recover-20220922/UBNA_001/20220921_090000.WAV,Telephone Field,recover-20220922,001,1795
479.1175,479.1597,68437,82618,Rhinolophus ferrumequinum,0.026,0.026,-1,Echolocation,/mnt/ubna_data_02_mir/recover-20220922/UBNA_001/20220921_090000.WAV,Telephone Field,recover-20220922,001,1795
479.1305,479.1689,68437,82247,Rhinolophus ferrumequinum,0.026,0.026,-1,Echolocation,/mnt/ubna_data_02_mir/recover-20220922/UBNA_001/20220921_090000.WAV,Telephone Field,recover-20220922,001,1795
479.1725,479.2133,68437,82848,Rhinolophus ferrumequinum,0.036,0.036,-1,Echolocation,/mnt/ubna_data_02_mir/recover-20220922/UBNA_001/20220921_090000.WAV,Telephone Field,recover-20220922,001,1795
479.1895,479.23,68437,81575,Rhinolophus ferrumequinum,0.023,0.023,-1,Echolocation,/mnt/ubna_data_02_mir/recover-20220922/UBNA_001/20220921_090000.WAV,Telephone Field,recover-20220922,001,1795
479.2305,479.2404,22031,27080,Nyctalus leisleri,0.01,0.025,-1,Echolocation,/mnt/ubna_data_02_mir/recover-20220922/UBNA_001/20220921_090000.WAV,Telephone Field,recover-20220922,001,1795
479.2435,479.2817,68437,82049,Rhinolophus ferrumequinum,0.025,0.025,-1,Echolocation,/mnt/ubna_data_02_mir/recover-20220922/UBNA_001/20220921_090000.WAV,Telephone Field,recover-20220922,001,1795
479.2725,479.2812,27187,38071,Eptesicus serotinus,0.008,0.023,-1,Echolocation,/mnt/ubna_data_02_mir/recover-20220922/UBNA_001/20220921_090000.WAV,Telephone Field,recover-20220922,001,1795
479.29449999999997,479.3371,68437,82507,Rhinolophus ferrumequinum,0.024,0.024,-1,Echolocation,/mnt/ubna_data_02_mir/recover-20220922/UBNA_001/20220921_090000.WAV,Telephone Field,recover-20220922,001,1795
479.3075,479.3489,68437,82794,Rhinolophus ferrumequinum,0.032,0.032,-1,Echolocation,/mnt/ubna_data_02_mir/recover-20220922/UBNA_001/20220921_090000.WAV,Telephone Field,recover-20220922,001,1795
479.3835,479.3941,50390,55081,Pipistrellus pipistrellus,0.024,0.028,-1,Echolocation,/mnt/ubna_data_02_mir/recover-20220922/UBNA_001/20220921_090000.WAV,Telephone Field,recover-20220922,001,1795
479.3885,479.43,68437,83102,Rhinolophus ferrumequinum,0.031,0.031,-1,Echolocation,/mnt/ubna_data_02_mir/recover-20220922/UBNA_001/20220921_090000.WAV,Telephone Field,recover-20220922,001,1795
479.4465,479.4858,68437,81975,Rhinolophus ferrumequinum,0.058,0.058,-1,Echolocation,/mnt/ubna_data_02_mir/recover-20220922/UBNA_001/20220921_090000.WAV,Telephone Field,recover-20220922,001,1795
479.4865,479.4988,38359,42643,Pipistrellus nathusii,0.016,0.027,-1,Echolocation,/mnt/ubna_data_02_mir/recover-20220922/UBNA_001/20220921_090000.WAV,Telephone Field,recover-20220922,001,1795
479.4985,479.5383,68437,82195,Rhinolophus ferrumequinum,0.023,0.023,-1,Echolocation,/mnt/ubna_data_02_mir/recover-20220922/UBNA_001/20220921_090000.WAV,Telephone Field,recover-20220922,001,1795
479.5075,479.545,68437,82014,Rhinolophus ferrumequinum,0.022,0.022,-1,Echolocation,/mnt/ubna_data_02_mir/recover-20220922/UBNA_001/20220921_090000.WAV,Telephone Field,recover-20220922,001,1795
479.5535,479.5958,68437,83127,Rhinolophus ferrumequinum,0.025,0.025,-1,Echolocation,/mnt/ubna_data_02_mir/recover-20220922/UBNA_001/20220921_090000.WAV,Telephone Field,recover-20220922,001,1795
479.5765,479.6135,68437,82003,Rhinolophus ferrumequinum,0.022,0.022,-1,Echolocation,/mnt/ubna_data_02_mir/recover-20220922/UBNA_001/20220921_090000.WAV,Telephone Field,recover-20220922,001,1795
479.5795,479.5883,28046,38536,Eptesicus serotinus,0.007,0.022,-1,Echolocation,/mnt/ubna_data_02_mir/recover-20220922/UBNA_001/20220921_090000.WAV,Telephone Field,recover-20220922,001,1795
479.5905,479.6263,68437,81394,Rhinolophus ferrumequinum,0.021,0.021,-1,Echolocation,/mnt/ubna_data_02_mir/recover-20220922/UBNA_001/20220921_090000.WAV,Telephone Field,recover-20220922,001,1795
479.6155,479.6234,26328,36392,Eptesicus serotinus,0.007,0.023,-1,Echolocation,/mnt/ubna_data_02_mir/recover-20220922/UBNA_001/20220921_090000.WAV,Telephone Field,recover-20220922,001,1795
479.6285,479.6399,14296,19896,Nyctalus noctula,0.014,0.027,-1,Echolocation,/mnt/ubna_data_02_mir/recover-20220922/UBNA_001/20220921_090000.WAV,Telephone Field,recover-20220922,001,1795
479.6345,479.6421,28046,40237,Eptesicus serotinus,0.008,0.024,-1,Echolocation,/mnt/ubna_data_02_mir/recover-20220922/UBNA_001/20220921_090000.WAV,Telephone Field,recover-20220922,001,1795
479.64549999999997,479.6835,68437,82273,Rhinolophus ferrumequinum,0.022,0.022,-1,Echolocation,/mnt/ubna_data_02_mir/recover-20220922/UBNA_001/20220921_090000.WAV,Telephone Field,recover-20220922,001,1795
479.6565,479.6645,25468,33163,Eptesicus serotinus,0.006,0.023,-1,Echolocation,/mnt/ubna_data_02_mir/recover-20220922/UBNA_001/20220921_090000.WAV,Telephone Field,recover-20220922,001,1795
479.6725,479.7115,68437,82335,Rhinolophus ferrumequinum,0.025,0.025,-1,Echolocation,/mnt/ubna_data_02_mir/recover-20220922/UBNA_001/20220921_090000.WAV,Telephone Field,recover-20220922,001,1795
479.6735,479.6853,28906,35594,Eptesicus serotinus,0.011,0.026,-1,Echolocation,/mnt/ubna_data_02_mir/recover-20220922/UBNA_001/20220921_090000.WAV,Telephone Field,recover-20220922,001,1795
479.6985,479.7349,68437,81640,Rhinolophus ferrumequinum,0.022,0.022,-1,Echolocation,/mnt/ubna_data_02_mir/recover-20220922/UBNA_001/20220921_090000.WAV,Telephone Field,recover-20220922,001,1795
479.7195,479.7592,68437,82655,Rhinolophus ferrumequinum,0.036,0.036,-1,Echolocation,/mnt/ubna_data_02_mir/recover-20220922/UBNA_001/20220921_090000.WAV,Telephone Field,recover-20220922,001,1795
479.7535,479.7925,68437,81686,Rhinolophus ferrumequinum,0.021,0.021,-1,Echolocation,/mnt/ubna_data_02_mir/recover-20220922/UBNA_001/20220921_090000.WAV,Telephone Field,recover-20220922,001,1795
479.7625,479.7989,68437,81868,Rhinolophus ferrumequinum,0.022,0.022,-1,Echolocation,/mnt/ubna_data_02_mir/recover-20220922/UBNA_001/20220921_090000.WAV,Telephone Field,recover-20220922,001,1795
479.7635,479.7724,23750,31483,Plecotus austriacus,0.006,0.021,-1,Echolocation,/mnt/ubna_data_02_mir/recover-20220922/UBNA_001/20220921_090000.WAV,Telephone Field,recover-20220922,001,1795
479.7665,479.7741,28906,40976,Eptesicus serotinus,0.006,0.021,-1,Echolocation,/mnt/ubna_data_02_mir/recover-20220922/UBNA_001/20220921_090000.WAV,Telephone Field,recover-20220922,001,1795
479.8015,479.8129,26328,31498,Nyctalus leisleri,0.012,0.03,-1,Echolocation,/mnt/ubna_data_02_mir/recover-20220922/UBNA_001/20220921_090000.WAV,Telephone Field,recover-20220922,001,1795
479.8045,479.8437,68437,82369,Rhinolophus ferrumequinum,0.022,0.022,-1,Echolocation,/mnt/ubna_data_02_mir/recover-20220922/UBNA_001/20220921_090000.WAV,Telephone Field,recover-20220922,001,1795
479.83050000000003,479.8688,68437,81928,Rhinolophus ferrumequinum,0.022,0.022,-1,Echolocation,/mnt/ubna_data_02_mir/recover-20220922/UBNA_001/20220921_090000.WAV,Telephone Field,recover-20220922,001,1795
479.8475,479.8832,68437,81239,Rhinolophus ferrumequinum,0.023,0.023,-1,Echolocation,/mnt/ubna_data_02_mir/recover-20220922/UBNA_001/20220921_090000.WAV,Telephone Field,recover-20220922,001,1795
479.8525,479.869,22031,25474,Nyctalus leisleri,0.017,0.027,-1,Echolocation,/mnt/ubna_data_02_mir/recover-20220922/UBNA_001/20220921_090000.WAV,Telephone Field,recover-20220922,001,1795
479.8765,479.8849,50390,55967,Pipistrellus pipistrellus,0.02,0.022,-1,Echolocation,/mnt/ubna_data_02_mir/recover-20220922/UBNA_001/20220921_090000.WAV,Telephone Field,recover-20220922,001,1795
479.8895,479.9283,68437,81942,Rhinolophus ferrumequinum,0.022,0.022,-1,Echolocation,/mnt/ubna_data_02_mir/recover-20220922/UBNA_001/20220921_090000.WAV,Telephone Field,recover-20220922,001,1795
479.9055,479.9205,23750,29386,Nyctalus leisleri,0.019,0.047,-1,Echolocation,/mnt/ubna_data_02_mir/recover-20220922/UBNA_001/20220921_090000.WAV,Telephone Field,recover-20220922,001,1795
479.9315,479.9706,68437,82593,Rhinolophus ferrumequinum,0.026,0.026,-1,Echolocation,/mnt/ubna_data_02_mir/recover-20220922/UBNA_001/20220921_090000.WAV,Telephone Field,recover-20220922,001,1795
479.9515,479.9908,68437,82217,Rhinolophus ferrumequinum,0.024,0.024,-1,Echolocation,/mnt/ubna_data_02_mir/recover-20220922/UBNA_001/20220921_090000.WAV,Telephone Field,recover-20220922,001,1795
480.0015,480.0098,49531,57714,Pipistrellus pipistrellus,0.015,0.026,-1,Echolocation,/mnt/ubna_data_02_mir/recover-20220922/UBNA_001/20220921_090000.WAV,Telephone Field,recover-20220922,001,1795
480.0015,480.009,26328,35404,Myotis nattereri,0.004,0.022,-1,Echolocation,/mnt/ubna_data_02_mir/recover-20220922/UBNA_001/20220921_090000.WAV,Telephone Field,recover-20220922,001,1795
480.0015,480.0156,19453,23633,Nyctalus leisleri,0.018,0.036,-1,Echolocation,/mnt/ubna_data_02_mir/recover-20220922/UBNA_001/20220921_090000.WAV,Telephone Field,recover-20220922,001,1795
480.0015,480.0312,68437,80151,Rhinolophus ferrumequinum,0.03,0.03,-1,Echolocation,/mnt/ubna_data_02_mir/recover-20220922/UBNA_001/20220921_090000.WAV,Telephone Field,recover-20220922,001,1795
480.0175,480.0635,68437,83826,Rhinolophus ferrumequinum,0.05,0.05,-1,Echolocation,/mnt/ubna_data_02_mir/recover-20220922/UBNA_001/20220921_090000.WAV,Telephone Field,recover-20220922,001,1795
480.0245,480.0346,23750,29800,Nyctalus leisleri,0.009,0.021,-1,Echolocation,/mnt/ubna_data_02_mir/recover-20220922/UBNA_001/20220921_090000.WAV,Telephone Field,recover-20220922,001,1795
480.0435,480.0818,68437,82566,Rhinolophus ferrumequinum,0.024,0.024,-1,Echolocation,/mnt/ubna_data_02_mir/recover-20220922/UBNA_001/20220921_090000.WAV,Telephone Field,recover-20220922,001,1795
480.0455,480.0533,28046,37333,Eptesicus serotinus,0.008,0.024,-1,Echolocation,/mnt/ubna_data_02_mir/recover-20220922/UBNA_001/20220921_090000.WAV,Telephone Field,recover-20220922,001,1795
480.0665,480.0757,36640,42690,Barbastellus barbastellus,0.013,0.031,-1,Echolocation,/mnt/ubna_data_02_mir/recover-20220922/UBNA_001/20220921_090000.WAV,Telephone Field,recover-20220922,001,1795
480.0685,480.075,27187,44058,Eptesicus serotinus,0.006,0.022,-1,Echolocation,/mnt/ubna_data_02_mir/recover-20220922/UBNA_001/20220921_090000.WAV,Telephone Field,recover-20220922,001,1795
480.0685,480.1042,68437,80795,Rhinolophus ferrumequinum,0.021,0.022,-1,Echolocation,/mnt/ubna_data_02_mir/recover-20220922/UBNA_001/20220921_090000.WAV,Telephone Field,recover-20220922,001,1795
480.0795,480.1152,68437,80861,Rhinolophus ferrumequinum,0.079,0.079,-1,Echolocation,/mnt/ubna_data_02_mir/recover-20220922/UBNA_001/20220921_090000.WAV,Telephone Field,recover-20220922,001,1795
480.0915,480.1297,68437,81943,Rhinolophus ferrumequinum,0.023,0.023,-1,Echolocation,/mnt/ubna_data_02_mir/recover-20220922/UBNA_001/20220921_090000.WAV,Telephone Field,recover-20220922,001,1795
480.0985,480.1377,68437,82373,Rhinolophus ferrumequinum,0.023,0.023,-1,Echolocation,/mnt/ubna_data_02_mir/recover-20220922/UBNA_001/20220921_090000.WAV,Telephone Field,recover-20220922,001,1795
480.1185,480.1273,28906,38744,Eptesicus serotinus,0.008,0.022,-1,Echolocation,/mnt/ubna_data_02_mir/recover-20220922/UBNA_001/20220921_090000.WAV,Telephone Field,recover-20220922,001,1795
480.1285,480.1672,68437,82893,Rhinolophus ferrumequinum,0.039,0.039,-1,Echolocation,/mnt/ubna_data_02_mir/recover-20220922/UBNA_001/20220921_090000.WAV,Telephone Field,recover-20220922,001,1795
480.1425,480.1808,68437,81694,Rhinolophus ferrumequinum,0.023,0.023,-1,Echolocation,/mnt/ubna_data_02_mir/recover-20220922/UBNA_001/20220921_090000.WAV,Telephone Field,recover-20220922,001,1795
480.1665,480.1755,27187,36012,Eptesicus serotinus,0.011,0.023,-1,Echolocation,/mnt/ubna_data_02_mir/recover-20220922/UBNA_001/20220921_090000.WAV,Telephone Field,recover-20220922,001,1795
480.2285,480.2433,29765,34994,Eptesicus serotinus,0.029,0.049,-1,Echolocation,/mnt/ubna_data_02_mir/recover-20220922/UBNA_001/20220921_090000.WAV,Telephone Field,recover-20220922,001,1795
480.2455,480.2538,28046,37954,Eptesicus serotinus,0.008,0.022,-1,Echolocation,/mnt/ubna_data_02_mir/recover-20220922/UBNA_001/20220921_090000.WAV,Telephone Field,recover-20220922,001,1795
480.2595,480.3018,68437,83102,Rhinolophus ferrumequinum,0.029,0.029,-1,Echolocation,/mnt/ubna_data_02_mir/recover-20220922/UBNA_001/20220921_090000.WAV,Telephone Field,recover-20220922,001,1795
480.3085,480.3441,68437,81591,Rhinolophus ferrumequinum,0.023,0.024,-1,Echolocation,/mnt/ubna_data_02_mir/recover-20220922/UBNA_001/20220921_090000.WAV,Telephone Field,recover-20220922,001,1795
480.3095,480.318,28906,40567,Eptesicus serotinus,0.008,0.024,-1,Echolocation,/mnt/ubna_data_02_mir/recover-20220922/UBNA_001/20220921_090000.WAV,Telephone Field,recover-20220922,001,1795
480.3175,480.3576,68437,81432,Rhinolophus ferrumequinum,0.022,0.022,-1,Echolocation,/mnt/ubna_data_02_mir/recover-20220922/UBNA_001/20220921_090000.WAV,Telephone Field,recover-20220922,001,1795
480.3205,480.3291,28046,37057,Eptesicus serotinus,0.008,0.022,-1,Echolocation,/mnt/ubna_data_02_mir/recover-20220922/UBNA_001/20220921_090000.WAV,Telephone Field,recover-20220922,001,1795
480.3225,480.3616,68437,81617,Rhinolophus ferrumequinum,0.021,0.021,-1,Echolocation,/mnt/ubna_data_02_mir/recover-20220922/UBNA_001/20220921_090000.WAV,Telephone Field,recover-20220922,001,1795
480.3465,480.3818,68437,81009,Rhinolophus ferrumequinum,0.023,0.023,-1,Echolocation,/mnt/ubna_data_02_mir/recover-20220922/UBNA_001/20220921_090000.WAV,Telephone Field,recover-20220922,001,1795
480.4025,480.4481,68437,83781,Rhinolophus ferrumequinum,0.048,0.048,-1,Echolocation,/mnt/ubna_data_02_mir/recover-20220922/UBNA_001/20220921_090000.WAV,Telephone Field,recover-20220922,001,1795
480.4235,480.4311,27187,37224,Eptesicus serotinus,0.01,0.028,-1,Echolocation,/mnt/ubna_data_02_mir/recover-20220922/UBNA_001/20220921_090000.WAV,Telephone Field,recover-20220922,001,1795
480.4525,480.4591,28046,38265,Eptesicus serotinus,0.01,0.033,-1,Echolocation,/mnt/ubna_data_02_mir/recover-20220922/UBNA_001/20220921_090000.WAV,Telephone Field,recover-20220922,001,1795
480.4675,480.5054,68437,81584,Rhinolophus ferrumequinum,0.023,0.023,-1,Echolocation,/mnt/ubna_data_02_mir/recover-20220922/UBNA_001/20220921_090000.WAV,Telephone Field,recover-20220922,001,1795
480.4745,480.5088,68437,80933,Rhinolophus ferrumequinum,0.022,0.022,-1,Echolocation,/mnt/ubna_data_02_mir/recover-20220922/UBNA_001/20220921_090000.WAV,Telephone Field,recover-20220922,001,1795
480.5005,480.5428,68437,83641,Rhinolophus ferrumequinum,0.033,0.033,-1,Echolocation,/mnt/ubna_data_02_mir/recover-20220922/UBNA_001/20220921_090000.WAV,Telephone Field,recover-20220922,001,1795
480.5385,480.5774,68437,82138,Rhinolophus ferrumequinum,0.026,0.026,-1,Echolocation,/mnt/ubna_data_02_mir/recover-20220922/UBNA_001/20220921_090000.WAV,Telephone Field,recover-20220922,001,1795
480.5495,480.5883,68437,82079,Rhinolophus ferrumequinum,0.021,0.021,-1,Echolocation,/mnt/ubna_data_02_mir/recover-20220922/UBNA_001/20220921_090000.WAV,Telephone Field,recover-20220922,001,1795
480.5715,480.6117,68437,82637,Rhinolophus ferrumequinum,0.032,0.032,-1,Echolocation,/mnt/ubna_data_02_mir/recover-20220922/UBNA_001/20220921_090000.WAV,Telephone Field,recover-20220922,001,1795
480.5945,480.6353,68437,82846,Rhinolophus ferrumequinum,0.028,0.028,-1,Echolocation,/mnt/ubna_data_02_mir/recover-20220922/UBNA_001/20220921_090000.WAV,Telephone Field,recover-20220922,001,1795
480.6355,480.6752,68437,82795,Rhinolophus ferrumequinum,0.036,0.036,-1,Echolocation,/mnt/ubna_data_02_mir/recover-20220922/UBNA_001/20220921_090000.WAV,Telephone Field,recover-20220922,001,1795
480.6615,480.6999,68437,81675,Rhinolophus ferrumequinum,0.021,0.021,-1,Echolocation,/mnt/ubna_data_02_mir/recover-20220922/UBNA_001/20220921_090000.WAV,Telephone Field,recover-20220922,001,1795
480.7195,480.7285,28906,36725,Eptesicus serotinus,0.008,0.022,-1,Echolocation,/mnt/ubna_data_02_mir/recover-20220922/UBNA_001/20220921_090000.WAV,Telephone Field,recover-20220922,001,1795
480.7405,480.7818,68437,82541,Rhinolophus ferrumequinum,0.047,0.047,-1,Echolocation,/mnt/ubna_data_02_mir/recover-20220922/UBNA_001/20220921_090000.WAV,Telephone Field,recover-20220922,001,1795
480.7765,480.7856,24609,33291,Nyctalus leisleri,0.007,0.028,-1,Echolocation,/mnt/ubna_data_02_mir/recover-20220922/UBNA_001/20220921_090000.WAV,Telephone Field,recover-20220922,001,1795
480.8005,480.8368,68437,81401,Rhinolophus ferrumequinum,0.021,0.021,-1,Echolocation,/mnt/ubna_data_02_mir/recover-20220922/UBNA_001/20220921_090000.WAV,Telephone Field,recover-20220922,001,1795
480.8245,480.8606,68437,81340,Rhinolophus ferrumequinum,0.022,0.022,-1,Echolocation,/mnt/ubna_data_02_mir/recover-20220922/UBNA_001/20220921_090000.WAV,Telephone Field,recover-20220922,001,1795
480.8475,480.8876,68437,82531,Rhinolophus ferrumequinum,0.023,0.023,-1,Echolocation,/mnt/ubna_data_02_mir/recover-20220922/UBNA_001/20220921_090000.WAV,Telephone Field,recover-20220922,001,1795
480.8505,480.8585,26328,35755,Eptesicus serotinus,0.009,0.025,-1,Echolocation,/mnt/ubna_data_02_mir/recover-20220922/UBNA_001/20220921_090000.WAV,Telephone Field,recover-20220922,001,1795
480.8705,480.9099,68437,81514,Rhinolophus ferrumequinum,0.022,0.022,-1,Echolocation,/mnt/ubna_data_02_mir/recover-20220922/UBNA_001/20220921_090000.WAV,Telephone Field,recover-20220922,001,1795
480.8915,480.9307,68437,82629,Rhinolophus ferrumequinum,0.026,0.026,-1,Echolocation,/mnt/ubna_data_02_mir/recover-20220922/UBNA_001/20220921_090000.WAV,Telephone Field,recover-20220922,001,1795
480.9355,480.9449,24609,32338,Eptesicus serotinus,0.009,0.026,-1,Echolocation,/mnt/ubna_data_02_mir/recover-20220922/UBNA_001/20220921_090000.WAV,Telephone Field,recover-20220922,001,1795
480.9495,480.9869,68437,81762,Rhinolophus ferrumequinum,0.021,0.021,-1,Echolocation,/mnt/ubna_data_02_mir/recover-20220922/UBNA_001/20220921_090000.WAV,Telephone Field,recover-20220922,001,1795
480.9715,481.0126,68437,82616,Rhinolophus ferrumequinum,0.023,0.023,-1,Echolocation,/mnt/ubna_data_02_mir/recover-20220922/UBNA_001/20220921_090000.WAV,Telephone Field,recover-20220922,001,1795
481.0055,481.043,68437,81859,Rhinolophus ferrumequinum,0.021,0.021,-1,Echolocation,/mnt/ubna_data_02_mir/recover-20220922/UBNA_001/20220921_090000.WAV,Telephone Field,recover-20220922,001,1795
481.0125,481.053,68437,82528,Rhinolophus ferrumequinum,0.023,0.023,-1,Echolocation,/mnt/ubna_data_02_mir/recover-20220922/UBNA_001/20220921_090000.WAV,Telephone Field,recover-20220922,001,1795
481.0215,481.0296,46953,50556,Pipistrellus pipistrellus,0.024,0.026,-1,Echolocation,/mnt/ubna_data_02_mir/recover-20220922/UBNA_001/20220921_090000.WAV,Telephone Field,recover-20220922,001,1795
481.0395,481.0754,68437,81587,Rhinolophus ferrumequinum,0.023,0.023,-1,Echolocation,/mnt/ubna_data_02_mir/recover-20220922/UBNA_001/20220921_090000.WAV,Telephone Field,recover-20220922,001,1795
481.0485,481.0599,27187,34734,Eptesicus serotinus,0.011,0.022,-1,Echolocation,/mnt/ubna_data_02_mir/recover-20220922/UBNA_001/20220921_090000.WAV,Telephone Field,recover-20220922,001,1795
481.0935,481.1334,68437,82245,Rhinolophus ferrumequinum,0.026,0.026,-1,Echolocation,/mnt/ubna_data_02_mir/recover-20220922/UBNA_001/20220921_090000.WAV,Telephone Field,recover-20220922,001,1795
481.1055,481.1499,68437,83023,Rhinolophus ferrumequinum,0.048,0.048,-1,Echolocation,/mnt/ubna_data_02_mir/recover-20220922/UBNA_001/20220921_090000.WAV,Telephone Field,recover-20220922,001,1795
481.1075,481.1137,46093,50164,Pipistrellus pipistrellus,0.023,0.023,-1,Echolocation,/mnt/ubna_data_02_mir/recover-20220922/UBNA_001/20220921_090000.WAV,Telephone Field,recover-20220922,001,1795
481.1135,481.123,28046,36982,Eptesicus serotinus,0.01,0.026,-1,Echolocation,/mnt/ubna_data_02_mir/recover-20220922/UBNA_001/20220921_090000.WAV,Telephone Field,recover-20220922,001,1795
481.1615,481.1996,68437,82275,Rhinolophus ferrumequinum,0.025,0.025,-1,Echolocation,/mnt/ubna_data_02_mir/recover-20220922/UBNA_001/20220921_090000.WAV,Telephone Field,recover-20220922,001,1795
481.1935,481.202,28906,40301,Eptesicus serotinus,0.009,0.026,-1,Echolocation,/mnt/ubna_data_02_mir/recover-20220922/UBNA_001/20220921_090000.WAV,Telephone Field,recover-20220922,001,1795
481.1945,481.2322,68437,81677,Rhinolophus ferrumequinum,0.022,0.022,-1,Echolocation,/mnt/ubna_data_02_mir/recover-20220922/UBNA_001/20220921_090000.WAV,Telephone Field,recover-20220922,001,1795
481.2185,481.2327,55546,60015,Pipistrellus pygmaeus,0.021,0.023,-1,Echolocation,/mnt/ubna_data_02_mir/recover-20220922/UBNA_001/20220921_090000.WAV,Telephone Field,recover-20220922,001,1795
481.2355,481.2742,68437,82101,Rhinolophus ferrumequinum,0.022,0.022,-1,Echolocation,/mnt/ubna_data_02_mir/recover-20220922/UBNA_001/20220921_090000.WAV,Telephone Field,recover-20220922,001,1795
481.2375,481.2577,19453,22676,Nyctalus leisleri,0.011,0.021,-1,Echolocation,/mnt/ubna_data_02_mir/recover-20220922/UBNA_001/20220921_090000.WAV,Telephone Field,recover-20220922,001,1795
481.2565,481.2958,68437,81704,Rhinolophus ferrumequinum,0.021,0.021,-1,Echolocation,/mnt/ubna_data_02_mir/recover-20220922/UBNA_001/20220921_090000.WAV,Telephone Field,recover-20220922,001,1795
481.2755,481.2845,27187,36799,Eptesicus serotinus,0.055,0.084,-1,Echolocation,/mnt/ubna_data_02_mir/recover-20220922/UBNA_001/20220921_090000.WAV,Telephone Field,recover-20220922,001,1795
481.2775,481.2837,13437,31608,Plecotus auritus,0.031,0.035,-1,Echolocation,/mnt/ubna_data_02_mir/recover-20220922/UBNA_001/20220921_090000.WAV,Telephone Field,recover-20220922,001,1795
481.2955,481.3366,68437,82497,Rhinolophus ferrumequinum,0.025,0.025,-1,Echolocation,/mnt/ubna_data_02_mir/recover-20220922/UBNA_001/20220921_090000.WAV,Telephone Field,recover-20220922,001,1795
481.3275,481.3706,68437,82943,Rhinolophus ferrumequinum,0.031,0.031,-1,Echolocation,/mnt/ubna_data_02_mir/recover-20220922/UBNA_001/20220921_090000.WAV,Telephone Field,recover-20220922,001,1795
481.3845,481.3936,27187,37306,Eptesicus serotinus,0.008,0.022,-1,Echolocation,/mnt/ubna_data_02_mir/recover-20220922/UBNA_001/20220921_090000.WAV,Telephone Field,recover-20220922,001,1795
481.4025,481.4383,68437,81812,Rhinolophus ferrumequinum,0.023,0.023,-1,Echolocation,/mnt/ubna_data_02_mir/recover-20220922/UBNA_001/20220921_090000.WAV,Telephone Field,recover-20220922,001,1795
481.4235,481.4624,68437,82022,Rhinolophus ferrumequinum,0.022,0.022,-1,Echolocation,/mnt/ubna_data_02_mir/recover-20220922/UBNA_001/20220921_090000.WAV,Telephone Field,recover-20220922,001,1795
481.4475,481.4606,39218,42183,Pipistrellus nathusii,0.016,0.029,-1,Echolocation,/mnt/ubna_data_02_mir/recover-20220922/UBNA_001/20220921_090000.WAV,Telephone Field,recover-20220922,001,1795
481.4475,481.4824,68437,82196,Rhinolophus ferrumequinum,0.024,0.024,-1,Echolocation,/mnt/ubna_data_02_mir/recover-20220922/UBNA_001/20220921_090000.WAV,Telephone Field,recover-20220922,001,1795
481.4485,481.4577,28046,38835,Eptesicus serotinus,0.009,0.023,-1,Echolocation,/mnt/ubna_data_02_mir/recover-20220922/UBNA_001/20220921_090000.WAV,Telephone Field,recover-20220922,001,1795
481.4695,481.5068,68437,81877,Rhinolophus ferrumequinum,0.022,0.022,-1,Echolocation,/mnt/ubna_data_02_mir/recover-20220922/UBNA_001/20220921_090000.WAV,Telephone Field,recover-20220922,001,1795
481.4725,481.4834,23750,29352,Nyctalus leisleri,0.012,0.025,-1,Echolocation,/mnt/ubna_data_02_mir/recover-20220922/UBNA_001/20220921_090000.WAV,Telephone Field,recover-20220922,001,1795
481.4775,481.5129,68437,80748,Rhinolophus ferrumequinum,0.025,0.025,-1,Echolocation,/mnt/ubna_data_02_mir/recover-20220922/UBNA_001/20220921_090000.WAV,Telephone Field,recover-20220922,001,1795
481.4845,481.5231,68437,81790,Rhinolophus ferrumequinum,0.024,0.024,-1,Echolocation,/mnt/ubna_data_02_mir/recover-20220922/UBNA_001/20220921_090000.WAV,Telephone Field,recover-20220922,001,1795
481.4915,481.5316,68437,82172,Rhinolophus ferrumequinum,0.022,0.022,-1,Echolocation,/mnt/ubna_data_02_mir/recover-20220922/UBNA_001/20220921_090000.WAV,Telephone Field,recover-20220922,001,1795
481.5025,481.5437,68437,82762,Rhinolophus ferrumequinum,0.032,0.032,-1,Echolocation,/mnt/ubna_data_02_mir/recover-20220922/UBNA_001/20220921_090000.WAV,Telephone Field,recover-20220922,001,1795
481.5135,481.5517,68437,80817,Rhinolophus ferrumequinum,0.024,0.024,-1,Echolocation,/mnt/ubna_data_02_mir/recover-20220922/UBNA_001/20220921_090000.WAV,Telephone Field,recover-20220922,001,1795
481.5305,481.5394,48671,52907,Pipistrellus pipistrellus,0.024,0.026,-1,Echolocation,/mnt/ubna_data_02_mir/recover-20220922/UBNA_001/20220921_090000.WAV,Telephone Field,recover-20220922,001,1795
481.5425,481.5819,68437,82113,Rhinolophus ferrumequinum,0.023,0.023,-1,Echolocation,/mnt/ubna_data_02_mir/recover-20220922/UBNA_001/20220921_090000.WAV,Telephone Field,recover-20220922,001,1795
481.5505,481.5902,68437,81643,Rhinolophus ferrumequinum,0.022,0.022,-1,Echolocation,/mnt/ubna_data_02_mir/recover-20220922/UBNA_001/20220921_090000.WAV,Telephone Field,recover-20220922,001,1795
481.5605,481.6002,68437,82376,Rhinolophus ferrumequinum,0.022,0.022,-1,Echolocation,/mnt/ubna_data_02_mir/recover-20220922/UBNA_001/20220921_090000.WAV,Telephone Field,recover-20220922,001,1795
481.5835,481.6259,68437,83510,Rhinolophus ferrumequinum,0.031,0.031,-1,Echolocation,/mnt/ubna_data_02_mir/recover-20220922/UBNA_001/20220921_090000.WAV,Telephone Field,recover-20220922,001,1795
481.5855,481.5936,27187,39109,Eptesicus serotinus,0.007,0.024,-1,Echolocation,/mnt/ubna_data_02_mir/recover-20220922/UBNA_001/20220921_090000.WAV,Telephone Field,recover-20220922,001,1795
481.6215,481.6589,68437,82312,Rhinolophus ferrumequinum,0.024,0.024,-1,Echolocation,/mnt/ubna_data_02_mir/recover-20220922/UBNA_001/20220921_090000.WAV,Telephone Field,recover-20220922,001,1795
481.7045,481.7129,27187,36775,Eptesicus serotinus,0.013,0.032,-1,Echolocation,/mnt/ubna_data_02_mir/recover-20220922/UBNA_001/20220921_090000.WAV,Telephone Field,recover-20220922,001,1795
481.7375,481.7455,28046,39726,Eptesicus serotinus,0.007,0.022,-1,Echolocation,/mnt/ubna_data_02_mir/recover-20220922/UBNA_001/20220921_090000.WAV,Telephone Field,recover-20220922,001,1795
481.7725,481.8143,68437,82261,Rhinolophus ferrumequinum,0.032,0.032,-1,Echolocation,/mnt/ubna_data_02_mir/recover-20220922/UBNA_001/20220921_090000.WAV,Telephone Field,recover-20220922,001,1795
481.7785,481.8209,68437,82620,Rhinolophus ferrumequinum,0.031,0.031,-1,Echolocation,/mnt/ubna_data_02_mir/recover-20220922/UBNA_001/20220921_090000.WAV,Telephone Field,recover-20220922,001,1795
481.8215,481.86,68437,82423,Rhinolophus ferrumequinum,0.032,0.032,-1,Echolocation,/mnt/ubna_data_02_mir/recover-20220922/UBNA_001/20220921_090000.WAV,Telephone Field,recover-20220922,001,1795
481.8355,481.8762,68437,82033,Rhinolophus ferrumequinum,0.022,0.022,-1,Echolocation,/mnt/ubna_data_02_mir/recover-20220922/UBNA_001/20220921_090000.WAV,Telephone Field,recover-20220922,001,1795
481.8585,481.8941,68437,80667,Rhinolophus ferrumequinum,0.026,0.026,-1,Echolocation,/mnt/ubna_data_02_mir/recover-20220922/UBNA_001/20220921_090000.WAV,Telephone Field,recover-20220922,001,1795
481.8885,481.9292,68437,82403,Rhinolophus ferrumequinum,0.031,0.031,-1,Echolocation,/mnt/ubna_data_02_mir/recover-20220922/UBNA_001/20220921_090000.WAV,Telephone Field,recover-20220922,001,1795
481.9065,481.9458,68437,81970,Rhinolophus ferrumequinum,0.023,0.023,-1,Echolocation,/mnt/ubna_data_02_mir/recover-20220922/UBNA_001/20220921_090000.WAV,Telephone Field,recover-20220922,001,1795
481.9555,481.9623,33203,44315,Myotis daubentonii,0.011,0.022,-1,Echolocation,/mnt/ubna_data_02_mir/recover-20220922/UBNA_001/20220921_090000.WAV,Telephone Field,recover-20220922,001,1795
482.0015,482.0095,26328,40914,Myotis nattereri,0.007,0.026,-1,Echolocation,/mnt/ubna_data_02_mir/recover-20220922/UBNA_001/20220921_090000.WAV,Telephone Field,recover-20220922,001,1795
482.0025,482.0406,68437,81856,Rhinolophus ferrumequinum,0.024,0.025,-1,Echolocation,/mnt/ubna_data_02_mir/recover-20220922/UBNA_001/20220921_090000.WAV,Telephone Field,recover-20220922,001,1795
482.0045,482.0131,33203,43968,Myotis daubentonii,0.012,0.024,-1,Echolocation,/mnt/ubna_data_02_mir/recover-20220922/UBNA_001/20220921_090000.WAV,Telephone Field,recover-20220922,001,1795
482.0095,482.0537,68437,82275,Rhinolophus ferrumequinum,0.028,0.028,-1,Echolocation,/mnt/ubna_data_02_mir/recover-20220922/UBNA_001/20220921_090000.WAV,Telephone Field,recover-20220922,001,1795
482.0145,482.0557,68437,82639,Rhinolophus ferrumequinum,0.028,0.028,-1,Echolocation,/mnt/ubna_data_02_mir/recover-20220922/UBNA_001/20220921_090000.WAV,Telephone Field,recover-20220922,001,1795
482.0525,482.0877,68437,81146,Rhinolophus ferrumequinum,0.029,0.029,-1,Echolocation,/mnt/ubna_data_02_mir/recover-20220922/UBNA_001/20220921_090000.WAV,Telephone Field,recover-20220922,001,1795
482.0635,482.0763,22890,27587,Nyctalus leisleri,0.012,0.023,-1,Echolocation,/mnt/ubna_data_02_mir/recover-20220922/UBNA_001/20220921_090000.WAV,Telephone Field,recover-20220922,001,1795
482.0775,482.0841,28046,39765,Eptesicus serotinus,0.006,0.025,-1,Echolocation,/mnt/ubna_data_02_mir/recover-20220922/UBNA_001/20220921_090000.WAV,Telephone Field,recover-20220922,001,1795
482.0865,482.1271,68437,82442,Rhinolophus ferrumequinum,0.024,0.024,-1,Echolocation,/mnt/ubna_data_02_mir/recover-20220922/UBNA_001/20220921_090000.WAV,Telephone Field,recover-20220922,001,1795
482.1175,482.1568,68437,82450,Rhinolophus ferrumequinum,0.029,0.029,-1,Echolocation,/mnt/ubna_data_02_mir/recover-20220922/UBNA_001/20220921_090000.WAV,Telephone Field,recover-20220922,001,1795
482.1265,482.1637,68437,81833,Rhinolophus ferrumequinum,0.023,0.023,-1,Echolocation,/mnt/ubna_data_02_mir/recover-20220922/UBNA_001/20220921_090000.WAV,Telephone Field,recover-20220922,001,1795
482.1295,482.1396,28046,36032,Eptesicus serotinus,0.016,0.031,-1,Echolocation,/mnt/ubna_data_02_mir/recover-20220922/UBNA_001/20220921_090000.WAV,Telephone Field,recover-20220922,001,1795
482.1445,482.1816,68437,82336,Rhinolophus ferrumequinum,0.024,0.024,-1,Echolocation,/mnt/ubna_data_02_mir/recover-20220922/UBNA_001/20220921_090000.WAV,Telephone Field,recover-20220922,001,1795
482.1725,482.2099,68437,82094,Rhinolophus ferrumequinum,0.024,0.024,-1,Echolocation,/mnt/ubna_data_02_mir/recover-20220922/UBNA_001/20220921_090000.WAV,Telephone Field,recover-20220922,001,1795
482.1885,482.232,68437,83077,Rhinolophus ferrumequinum,0.033,0.033,-1,Echolocation,/mnt/ubna_data_02_mir/recover-20220922/UBNA_001/20220921_090000.WAV,Telephone Field,recover-20220922,001,1795
482.2005,482.2415,68437,82597,Rhinolophus ferrumequinum,0.025,0.025,-1,Echolocation,/mnt/ubna_data_02_mir/recover-20220922/UBNA_001/20220921_090000.WAV,Telephone Field,recover-20220922,001,1795
482.2145,482.2256,28906,37489,Eptesicus serotinus,0.018,0.035,-1,Echolocation,/mnt/ubna_data_02_mir/recover-20220922/UBNA_001/20220921_090000.WAV,Telephone Field,recover-20220922,001,1795
482.2285,482.2629,68437,81381,Rhinolophus ferrumequinum,0.025,0.025,-1,Echolocation,/mnt/ubna_data_02_mir/recover-20220922/UBNA_001/20220921_090000.WAV,Telephone Field,recover-20220922,001,1795
482.2535,482.2658,23750,29819,Nyctalus leisleri,0.015,0.034,-1,Echolocation,/mnt/ubna_data_02_mir/recover-20220922/UBNA_001/20220921_090000.WAV,Telephone Field,recover-20220922,001,1795
482.2565,482.2931,68437,82124,Rhinolophus ferrumequinum,0.022,0.022,-1,Echolocation,/mnt/ubna_data_02_mir/recover-20220922/UBNA_001/20220921_090000.WAV,Telephone Field,recover-20220922,001,1795
482.2605,482.2709,22890,28528,Nyctalus leisleri,0.014,0.03,-1,Echolocation,/mnt/ubna_data_02_mir/recover-20220922/UBNA_001/20220921_090000.WAV,Telephone Field,recover-20220922,001,1795
482.2835,482.3204,68437,82078,Rhinolophus ferrumequinum,0.029,0.029,-1,Echolocation,/mnt/ubna_data_02_mir/recover-20220922/UBNA_001/20220921_090000.WAV,Telephone Field,recover-20220922,001,1795
482.2945,482.3364,68437,82748,Rhinolophus ferrumequinum,0.027,0.027,-1,Echolocation,/mnt/ubna_data_02_mir/recover-20220922/UBNA_001/20220921_090000.WAV,Telephone Field,recover-20220922,001,1795
482.3115,482.3494,68437,82241,Rhinolophus ferrumequinum,0.023,0.023,-1,Echolocation,/mnt/ubna_data_02_mir/recover-20220922/UBNA_001/20220921_090000.WAV,Telephone Field,recover-20220922,001,1795
482.3185,482.355,68437,81560,Rhinolophus ferrumequinum,0.022,0.022,-1,Echolocation,/mnt/ubna_data_02_mir/recover-20220922/UBNA_001/20220921_090000.WAV,Telephone Field,recover-20220922,001,1795
482.3485,482.3834,68437,81330,Rhinolophus ferrumequinum,0.023,0.023,-1,Echolocation,/mnt/ubna_data_02_mir/recover-20220922/UBNA_001/20220921_090000.WAV,Telephone Field,recover-20220922,001,1795
482.3585,482.397,68437,82025,Rhinolophus ferrumequinum,0.025,0.025,-1,Echolocation,/mnt/ubna_data_02_mir/recover-20220922/UBNA_001/20220921_090000.WAV,Telephone Field,recover-20220922,001,1795
482.3615,482.3693,28046,39450,Eptesicus serotinus,0.009,0.024,-1,Echolocation,/mnt/ubna_data_02_mir/recover-20220922/UBNA_001/20220921_090000.WAV,Telephone Field,recover-20220922,001,1795
482.4545,482.465,28046,36215,Eptesicus serotinus,0.011,0.023,-1,Echolocation,/mnt/ubna_data_02_mir/recover-20220922/UBNA_001/20220921_090000.WAV,Telephone Field,recover-20220922,001,1795
482.4945,482.5051,28046,37353,Eptesicus serotinus,0.019,0.034,-1,Echolocation,/mnt/ubna_data_02_mir/recover-20220922/UBNA_001/20220921_090000.WAV,Telephone Field,recover-20220922,001,1795
482.5455,482.5882,68437,83303,Rhinolophus ferrumequinum,0.036,0.036,-1,Echolocation,/mnt/ubna_data_02_mir/recover-20220922/UBNA_001/20220921_090000.WAV,Telephone Field,recover-20220922,001,1795
482.5645,482.6032,68437,82454,Rhinolophus ferrumequinum,0.024,0.025,-1,Echolocation,/mnt/ubna_data_02_mir/recover-20220922/UBNA_001/20220921_090000.WAV,Telephone Field,recover-20220922,001,1795
482.5895,482.6274,68437,82239,Rhinolophus ferrumequinum,0.027,0.027,-1,Echolocation,/mnt/ubna_data_02_mir/recover-20220922/UBNA_001/20220921_090000.WAV,Telephone Field,recover-20220922,001,1795
482.5905,482.5967,28046,39756,Eptesicus serotinus,0.006,0.025,-1,Echolocation,/mnt/ubna_data_02_mir/recover-20220922/UBNA_001/20220921_090000.WAV,Telephone Field,recover-20220922,001,1795
482.6095,482.6503,68437,82960,Rhinolophus ferrumequinum,0.025,0.025,-1,Echolocation,/mnt/ubna_data_02_mir/recover-20220922/UBNA_001/20220921_090000.WAV,Telephone Field,recover-20220922,001,1795
482.6255,482.6389,22031,25976,Nyctalus leisleri,0.015,0.024,-1,Echolocation,/mnt/ubna_data_02_mir/recover-20220922/UBNA_001/20220921_090000.WAV,Telephone Field,recover-20220922,001,1795
482.6365,482.64639999999997,28046,35573,Eptesicus serotinus,0.01,0.024,-1,Echolocation,/mnt/ubna_data_02_mir/recover-20220922/UBNA_001/20220921_090000.WAV,Telephone Field,recover-20220922,001,1795
482.6765,482.7137,68437,81882,Rhinolophus ferrumequinum,0.024,0.024,-1,Echolocation,/mnt/ubna_data_02_mir/recover-20220922/UBNA_001/20220921_090000.WAV,Telephone Field,recover-20220922,001,1795
482.7115,482.7506,68437,82074,Rhinolophus ferrumequinum,0.026,0.026,-1,Echolocation,/mnt/ubna_data_02_mir/recover-20220922/UBNA_001/20220921_090000.WAV,Telephone Field,recover-20220922,001,1795
482.7295,482.7372,28046,37714,Eptesicus serotinus,0.011,0.026,-1,Echolocation,/mnt/ubna_data_02_mir/recover-20220922/UBNA_001/20220921_090000.WAV,Telephone Field,recover-20220922,001,1795
482.7425,482.7809,68437,82614,Rhinolophus ferrumequinum,0.024,0.024,-1,Echolocation,/mnt/ubna_data_02_mir/recover-20220922/UBNA_001/20220921_090000.WAV,Telephone Field,recover-20220922,001,1795
482.7715,482.8123,68437,82776,Rhinolophus ferrumequinum,0.029,0.029,-1,Echolocation,/mnt/ubna_data_02_mir/recover-20220922/UBNA_001/20220921_090000.WAV,Telephone Field,recover-20220922,001,1795
482.7785,482.7872,28906,37196,Eptesicus serotinus,0.008,0.022,-1,Echolocation,/mnt/ubna_data_02_mir/recover-20220922/UBNA_001/20220921_090000.WAV,Telephone Field,recover-20220922,001,1795
482.7975,482.834,68437,81371,Rhinolophus ferrumequinum,0.023,0.024,-1,Echolocation,/mnt/ubna_data_02_mir/recover-20220922/UBNA_001/20220921_090000.WAV,Telephone Field,recover-20220922,001,1795
482.8215,482.8588,68437,82250,Rhinolophus ferrumequinum,0.024,0.024,-1,Echolocation,/mnt/ubna_data_02_mir/recover-20220922/UBNA_001/20220921_090000.WAV,Telephone Field,recover-20220922,001,1795
482.8325,482.8421,28906,37163,Eptesicus serotinus,0.013,0.028,-1,Echolocation,/mnt/ubna_data_02_mir/recover-20220922/UBNA_001/20220921_090000.WAV,Telephone Field,recover-20220922,001,1795
482.8435,482.8845,68437,82151,Rhinolophus ferrumequinum,0.024,0.024,-1,Echolocation,/mnt/ubna_data_02_mir/recover-20220922/UBNA_001/20220921_090000.WAV,Telephone Field,recover-20220922,001,1795
482.8765,482.9187,68437,82717,Rhinolophus ferrumequinum,0.046,0.046,-1,Echolocation,/mnt/ubna_data_02_mir/recover-20220922/UBNA_001/20220921_090000.WAV,Telephone Field,recover-20220922,001,1795
482.9005,482.9393,68437,82017,Rhinolophus ferrumequinum,0.027,0.027,-1,Echolocation,/mnt/ubna_data_02_mir/recover-20220922/UBNA_001/20220921_090000.WAV,Telephone Field,recover-20220922,001,1795
482.9235,482.9323,28046,38971,Eptesicus serotinus,0.009,0.024,-1,Echolocation,/mnt/ubna_data_02_mir/recover-20220922/UBNA_001/20220921_090000.WAV,Telephone Field,recover-20220922,001,1795
482.9635,483.0031,68437,82265,Rhinolophus ferrumequinum,0.03,0.03,-1,Echolocation,/mnt/ubna_data_02_mir/recover-20220922/UBNA_001/20220921_090000.WAV,Telephone Field,recover-20220922,001,1795
482.9785,483.0156,68437,81429,Rhinolophus ferrumequinum,0.045,0.045,-1,Echolocation,/mnt/ubna_data_02_mir/recover-20220922/UBNA_001/20220921_090000.WAV,Telephone Field,recover-20220922,001,1795
482.9825,482.9909,28906,37821,Eptesicus serotinus,0.009,0.028,-1,Echolocation,/mnt/ubna_data_02_mir/recover-20220922/UBNA_001/20220921_090000.WAV,Telephone Field,recover-20220922,001,1795
483.0635,483.0742,23750,29415,Nyctalus leisleri,0.009,0.022,-1,Echolocation,/mnt/ubna_data_02_mir/recover-20220922/UBNA_001/20220921_090000.WAV,Telephone Field,recover-20220922,001,1795
483.0905,483.1323,68437,83659,Rhinolophus ferrumequinum,0.029,0.029,-1,Echolocation,/mnt/ubna_data_02_mir/recover-20220922/UBNA_001/20220921_090000.WAV,Telephone Field,recover-20220922,001,1795
483.0995,483.1437,68437,82863,Rhinolophus ferrumequinum,0.031,0.031,-1,Echolocation,/mnt/ubna_data_02_mir/recover-20220922/UBNA_001/20220921_090000.WAV,Telephone Field,recover-20220922,001,1795
483.1785,483.2157,68437,82571,Rhinolophus ferrumequinum,0.023,0.023,-1,Echolocation,/mnt/ubna_data_02_mir/recover-20220922/UBNA_001/20220921_090000.WAV,Telephone Field,recover-20220922,001,1795
483.2055,483.2472,68437,82917,Rhinolophus ferrumequinum,0.034,0.034,-1,Echolocation,/mnt/ubna_data_02_mir/recover-20220922/UBNA_001/20220921_090000.WAV,Telephone Field,recover-20220922,001,1795
483.2285,483.2668,68437,82282,Rhinolophus ferrumequinum,0.032,0.032,-1,Echolocation,/mnt/ubna_data_02_mir/recover-20220922/UBNA_001/20220921_090000.WAV,Telephone Field,recover-20220922,001,1795
483.2335,483.2431,44375,51890,Pipistrellus pipistrellus,0.019,0.03,-1,Echolocation,/mnt/ubna_data_02_mir/recover-20220922/UBNA_001/20220921_090000.WAV,Telephone Field,recover-20220922,001,1795
483.2385,483.2475,24609,32830,Eptesicus serotinus,0.007,0.022,-1,Echolocation,/mnt/ubna_data_02_mir/recover-20220922/UBNA_001/20220921_090000.WAV,Telephone Field,recover-20220922,001,1795
483.2595,483.2985,68437,82246,Rhinolophus ferrumequinum,0.023,0.023,-1,Echolocation,/mnt/ubna_data_02_mir/recover-20220922/UBNA_001/20220921_090000.WAV,Telephone Field,recover-20220922,001,1795
483.2765,483.3173,68437,83147,Rhinolophus ferrumequinum,0.03,0.03,-1,Echolocation,/mnt/ubna_data_02_mir/recover-20220922/UBNA_001/20220921_090000.WAV,Telephone Field,recover-20220922,001,1795
483.2795,483.2874,28046,38825,Eptesicus serotinus,0.008,0.025,-1,Echolocation,/mnt/ubna_data_02_mir/recover-20220922/UBNA_001/20220921_090000.WAV,Telephone Field,recover-20220922,001,1795
483.2805,483.2877,33203,42953,Myotis daubentonii,0.008,0.025,-1,Echolocation,/mnt/ubna_data_02_mir/recover-20220922/UBNA_001/20220921_090000.WAV,Telephone Field,recover-20220922,001,1795
483.3025,483.3385,68437,81200,Rhinolophus ferrumequinum,0.024,0.024,-1,Echolocation,/mnt/ubna_data_02_mir/recover-20220922/UBNA_001/20220921_090000.WAV,Telephone Field,recover-20220922,001,1795
483.3055,483.3149,28906,37817,Eptesicus serotinus,0.009,0.022,-1,Echolocation,/mnt/ubna_data_02_mir/recover-20220922/UBNA_001/20220921_090000.WAV,Telephone Field,recover-20220922,001,1795
483.3285,483.366,68437,82269,Rhinolophus ferrumequinum,0.026,0.026,-1,Echolocation,/mnt/ubna_data_02_mir/recover-20220922/UBNA_001/20220921_090000.WAV,Telephone Field,recover-20220922,001,1795
483.3955,483.4392,68437,83433,Rhinolophus ferrumequinum,0.03,0.03,-1,Echolocation,/mnt/ubna_data_02_mir/recover-20220922/UBNA_001/20220921_090000.WAV,Telephone Field,recover-20220922,001,1795
483.4325,483.4718,68437,82100,Rhinolophus ferrumequinum,0.076,0.076,-1,Echolocation,/mnt/ubna_data_02_mir/recover-20220922/UBNA_001/20220921_090000.WAV,Telephone Field,recover-20220922,001,1795
483.4435,483.4506,28046,38990,Eptesicus serotinus,0.007,0.023,-1,Echolocation,/mnt/ubna_data_02_mir/recover-20220922/UBNA_001/20220921_090000.WAV,Telephone Field,recover-20220922,001,1795
483.4535,483.4947,68437,82889,Rhinolophus ferrumequinum,0.033,0.033,-1,Echolocation,/mnt/ubna_data_02_mir/recover-20220922/UBNA_001/20220921_090000.WAV,Telephone Field,recover-20220922,001,1795
483.4875,483.5308,68437,83388,Rhinolophus ferrumequinum,0.045,0.045,-1,Echolocation,/mnt/ubna_data_02_mir/recover-20220922/UBNA_001/20220921_090000.WAV,Telephone Field,recover-20220922,001,1795
483.5115,483.5503,68437,81446,Rhinolophus ferrumequinum,0.022,0.022,-1,Echolocation,/mnt/ubna_data_02_mir/recover-20220922/UBNA_001/20220921_090000.WAV,Telephone Field,recover-20220922,001,1795
483.5245,483.5621,68437,82129,Rhinolophus ferrumequinum,0.025,0.025,-1,Echolocation,/mnt/ubna_data_02_mir/recover-20220922/UBNA_001/20220921_090000.WAV,Telephone Field,recover-20220922,001,1795
483.5405,483.5778,68437,81545,Rhinolophus ferrumequinum,0.025,0.025,-1,Echolocation,/mnt/ubna_data_02_mir/recover-20220922/UBNA_001/20220921_090000.WAV,Telephone Field,recover-20220922,001,1795
483.5465,483.5556,28046,38272,Eptesicus serotinus,0.012,0.029,-1,Echolocation,/mnt/ubna_data_02_mir/recover-20220922/UBNA_001/20220921_090000.WAV,Telephone Field,recover-20220922,001,1795
483.5795,483.5877,28906,40312,Eptesicus serotinus,0.009,0.027,-1,Echolocation,/mnt/ubna_data_02_mir/recover-20220922/UBNA_001/20220921_090000.WAV,Telephone Field,recover-20220922,001,1795
483.6035,483.6418,68437,82419,Rhinolophus ferrumequinum,0.027,0.027,-1,Echolocation,/mnt/ubna_data_02_mir/recover-20220922/UBNA_001/20220921_090000.WAV,Telephone Field,recover-20220922,001,1795
483.6475,483.6544,27187,38085,Eptesicus serotinus,0.007,0.024,-1,Echolocation,/mnt/ubna_data_02_mir/recover-20220922/UBNA_001/20220921_090000.WAV,Telephone Field,recover-20220922,001,1795
483.6605,483.6755,51250,55971,Pipistrellus pipistrellus,0.038,0.051,-1,Echolocation,/mnt/ubna_data_02_mir/recover-20220922/UBNA_001/20220921_090000.WAV,Telephone Field,recover-20220922,001,1795
483.6675,483.6751,28906,38001,Eptesicus serotinus,0.007,0.023,-1,Echolocation,/mnt/ubna_data_02_mir/recover-20220922/UBNA_001/20220921_090000.WAV,Telephone Field,recover-20220922,001,1795
483.6715,483.708,68437,82323,Rhinolophus ferrumequinum,0.022,0.022,-1,Echolocation,/mnt/ubna_data_02_mir/recover-20220922/UBNA_001/20220921_090000.WAV,Telephone Field,recover-20220922,001,1795
483.6975,483.7348,68437,82219,Rhinolophus ferrumequinum,0.029,0.029,-1,Echolocation,/mnt/ubna_data_02_mir/recover-20220922/UBNA_001/20220921_090000.WAV,Telephone Field,recover-20220922,001,1795
483.7275,483.7392,27187,32575,Eptesicus serotinus,0.016,0.035,-1,Echolocation,/mnt/ubna_data_02_mir/recover-20220922/UBNA_001/20220921_090000.WAV,Telephone Field,recover-20220922,001,1795
483.7285,483.7672,68437,82309,Rhinolophus ferrumequinum,0.024,0.024,-1,Echolocation,/mnt/ubna_data_02_mir/recover-20220922/UBNA_001/20220921_090000.WAV,Telephone Field,recover-20220922,001,1795
483.7455,483.7826,68437,81548,Rhinolophus ferrumequinum,0.023,0.023,-1,Echolocation,/mnt/ubna_data_02_mir/recover-20220922/UBNA_001/20220921_090000.WAV,Telephone Field,recover-20220922,001,1795
483.7635,483.7739,28906,36245,Eptesicus serotinus,0.009,0.022,-1,Echolocation,/mnt/ubna_data_02_mir/recover-20220922/UBNA_001/20220921_090000.WAV,Telephone Field,recover-20220922,001,1795
483.7635,483.8017,68437,82341,Rhinolophus ferrumequinum,0.029,0.029,-1,Echolocation,/mnt/ubna_data_02_mir/recover-20220922/UBNA_001/20220921_090000.WAV,Telephone Field,recover-20220922,001,1795
483.7915,483.8347,68437,83003,Rhinolophus ferrumequinum,0.078,0.078,-1,Echolocation,/mnt/ubna_data_02_mir/recover-20220922/UBNA_001/20220921_090000.WAV,Telephone Field,recover-20220922,001,1795
483.8515,483.8633,24609,30138,Nyctalus leisleri,0.01,0.023,-1,Echolocation,/mnt/ubna_data_02_mir/recover-20220922/UBNA_001/20220921_090000.WAV,Telephone Field,recover-20220922,001,1795
483.8565,483.8972,68437,82091,Rhinolophus ferrumequinum,0.023,0.023,-1,Echolocation,/mnt/ubna_data_02_mir/recover-20220922/UBNA_001/20220921_090000.WAV,Telephone Field,recover-20220922,001,1795
483.8625,483.9023,68437,82176,Rhinolophus ferrumequinum,0.022,0.022,-1,Echolocation,/mnt/ubna_data_02_mir/recover-20220922/UBNA_001/20220921_090000.WAV,Telephone Field,recover-20220922,001,1795
483.8715,483.9123,68437,82482,Rhinolophus ferrumequinum,0.023,0.023,-1,Echolocation,/mnt/ubna_data_02_mir/recover-20220922/UBNA_001/20220921_090000.WAV,Telephone Field,recover-20220922,001,1795
483.9155,483.9582,68437,83186,Rhinolophus ferrumequinum,0.029,0.029,-1,Echolocation,/mnt/ubna_data_02_mir/recover-20220922/UBNA_001/20220921_090000.WAV,Telephone Field,recover-20220922,001,1795
483.9175,483.9273,23750,30440,Nyctalus leisleri,0.008,0.024,-1,Echolocation,/mnt/ubna_data_02_mir/recover-20220922/UBNA_001/20220921_090000.WAV,Telephone Field,recover-20220922,001,1795
483.9285,483.9654,68437,82643,Rhinolophus ferrumequinum,0.022,0.022,-1,Echolocation,/mnt/ubna_data_02_mir/recover-20220922/UBNA_001/20220921_090000.WAV,Telephone Field,recover-20220922,001,1795
483.9305,483.9366,24609,38397,Plecotus austriacus,0.014,0.033,-1,Echolocation,/mnt/ubna_data_02_mir/recover-20220922/UBNA_001/20220921_090000.WAV,Telephone Field,recover-20220922,001,1795
483.9305,483.9378,28906,42844,Eptesicus serotinus,0.01,0.032,-1,Echolocation,/mnt/ubna_data_02_mir/recover-20220922/UBNA_001/20220921_090000.WAV,Telephone Field,recover-20220922,001,1795
483.9735,483.9834,29765,37802,Eptesicus serotinus,0.017,0.033,-1,Echolocation,/mnt/ubna_data_02_mir/recover-20220922/UBNA_001/20220921_090000.WAV,Telephone Field,recover-20220922,001,1795
484.0015,484.0396,68437,80633,Rhinolophus ferrumequinum,0.072,0.072,-1,Echolocation,/mnt/ubna_data_02_mir/recover-20220922/UBNA_001/20220921_090000.WAV,Telephone Field,recover-20220922,001,1795
484.0015,484.01,46093,51802,Pipistrellus pipistrellus,0.027,0.032,-1,Echolocation,/mnt/ubna_data_02_mir/recover-20220922/UBNA_001/20220921_090000.WAV,Telephone Field,recover-20220922,001,1795
484.0015,484.0096,29765,39222,Myotis daubentonii,0.007,0.022,-1,Echolocation,/mnt/ubna_data_02_mir/recover-20220922/UBNA_001/20220921_090000.WAV,Telephone Field,recover-20220922,001,1795
484.0015,484.0094,25468,35444,Nyctalus leisleri,0.006,0.026,-1,Echolocation,/mnt/ubna_data_02_mir/recover-20220922/UBNA_001/20220921_090000.WAV,Telephone Field,recover-20220922,001,1795
484.0075,484.053,68437,82796,Rhinolophus ferrumequinum,0.049,0.049,-1,Echolocation,/mnt/ubna_data_02_mir/recover-20220922/UBNA_001/20220921_090000.WAV,Telephone Field,recover-20220922,001,1795
484.0525,484.0613,28046,38560,Eptesicus serotinus,0.008,0.022,-1,Echolocation,/mnt/ubna_data_02_mir/recover-20220922/UBNA_001/20220921_090000.WAV,Telephone Field,recover-20220922,001,1795
484.0945,484.132,68437,81826,Rhinolophus ferrumequinum,0.023,0.023,-1,Echolocation,/mnt/ubna_data_02_mir/recover-20220922/UBNA_001/20220921_090000.WAV,Telephone Field,recover-20220922,001,1795
484.0955,484.1029,28906,38673,Eptesicus serotinus,0.007,0.024,-1,Echolocation,/mnt/ubna_data_02_mir/recover-20220922/UBNA_001/20220921_090000.WAV,Telephone Field,recover-20220922,001,1795
484.1195,484.1592,68437,82875,Rhinolophus ferrumequinum,0.026,0.026,-1,Echolocation,/mnt/ubna_data_02_mir/recover-20220922/UBNA_001/20220921_090000.WAV,Telephone Field,recover-20220922,001,1795
484.1395,484.1779,68437,82190,Rhinolophus ferrumequinum,0.022,0.022,-1,Echolocation,/mnt/ubna_data_02_mir/recover-20220922/UBNA_001/20220921_090000.WAV,Telephone Field,recover-20220922,001,1795
484.1495,484.1865,68437,81477,Rhinolophus ferrumequinum,0.022,0.022,-1,Echolocation,/mnt/ubna_data_02_mir/recover-20220922/UBNA_001/20220921_090000.WAV,Telephone Field,recover-20220922,001,1795
484.1955,484.237,68437,82978,Rhinolophus ferrumequinum,0.026,0.026,-1,Echolocation,/mnt/ubna_data_02_mir/recover-20220922/UBNA_001/20220921_090000.WAV,Telephone Field,recover-20220922,001,1795
484.2445,484.2849,68437,81982,Rhinolophus ferrumequinum,0.025,0.025,-1,Echolocation,/mnt/ubna_data_02_mir/recover-20220922/UBNA_001/20220921_090000.WAV,Telephone Field,recover-20220922,001,1795
484.3015,484.3377,68437,82105,Rhinolophus ferrumequinum,0.023,0.023,-1,Echolocation,/mnt/ubna_data_02_mir/recover-20220922/UBNA_001/20220921_090000.WAV,Telephone Field,recover-20220922,001,1795
484.3045,484.3246,19453,21957,Nyctalus leisleri,0.012,0.022,-1,Echolocation,/mnt/ubna_data_02_mir/recover-20220922/UBNA_001/20220921_090000.WAV,Telephone Field,recover-20220922,001,1795
484.3265,484.3654,68437,81767,Rhinolophus ferrumequinum,0.021,0.021,-1,Echolocation,/mnt/ubna_data_02_mir/recover-20220922/UBNA_001/20220921_090000.WAV,Telephone Field,recover-20220922,001,1795
484.3275,484.3371,26328,34888,Eptesicus serotinus,0.009,0.022,-1,Echolocation,/mnt/ubna_data_02_mir/recover-20220922/UBNA_001/20220921_090000.WAV,Telephone Field,recover-20220922,001,1795
484.3725,484.4126,68437,81711,Rhinolophus ferrumequinum,0.022,0.022,-1,Echolocation,/mnt/ubna_data_02_mir/recover-20220922/UBNA_001/20220921_090000.WAV,Telephone Field,recover-20220922,001,1795
484.3955,484.4385,68437,82809,Rhinolophus ferrumequinum,0.048,0.048,-1,Echolocation,/mnt/ubna_data_02_mir/recover-20220922/UBNA_001/20220921_090000.WAV,Telephone Field,recover-20220922,001,1795
484.4025,484.4096,27187,39672,Eptesicus serotinus,0.009,0.031,-1,Echolocation,/mnt/ubna_data_02_mir/recover-20220922/UBNA_001/20220921_090000.WAV,Telephone Field,recover-20220922,001,1795
484.4115,484.4201,28046,37905,Eptesicus serotinus,0.007,0.023,-1,Echolocation,/mnt/ubna_data_02_mir/recover-20220922/UBNA_001/20220921_090000.WAV,Telephone Field,recover-20220922,001,1795
484.4625,484.5029,68437,82657,Rhinolophus ferrumequinum,0.022,0.022,-1,Echolocation,/mnt/ubna_data_02_mir/recover-20220922/UBNA_001/20220921_090000.WAV,Telephone Field,recover-20220922,001,1795
484.4755,484.4856,22031,27414,Nyctalus leisleri,0.01,0.024,-1,Echolocation,/mnt/ubna_data_02_mir/recover-20220922/UBNA_001/20220921_090000.WAV,Telephone Field,recover-20220922,001,1795
484.5175,484.5264,28906,37854,Eptesicus serotinus,0.007,0.021,-1,Echolocation,/mnt/ubna_data_02_mir/recover-20220922/UBNA_001/20220921_090000.WAV,Telephone Field,recover-20220922,001,1795
484.5275,484.5371,28906,36303,Eptesicus serotinus,0.009,0.024,-1,Echolocation,/mnt/ubna_data_02_mir/recover-20220922/UBNA_001/20220921_090000.WAV,Telephone Field,recover-20220922,001,1795
484.5295,484.5386,51250,55515,Pipistrellus pipistrellus,0.018,0.022,-1,Echolocation,/mnt/ubna_data_02_mir/recover-20220922/UBNA_001/20220921_090000.WAV,Telephone Field,recover-20220922,001,1795
484.5555,484.5994,68437,83229,Rhinolophus ferrumequinum,0.041,0.041,-1,Echolocation,/mnt/ubna_data_02_mir/recover-20220922/UBNA_001/20220921_090000.WAV,Telephone Field,recover-20220922,001,1795
484.5625,484.5716,28046,37402,Eptesicus serotinus,0.008,0.021,-1,Echolocation,/mnt/ubna_data_02_mir/recover-20220922/UBNA_001/20220921_090000.WAV,Telephone Field,recover-20220922,001,1795
484.5705,484.6146,68437,82567,Rhinolophus ferrumequinum,0.024,0.024,-1,Echolocation,/mnt/ubna_data_02_mir/recover-20220922/UBNA_001/20220921_090000.WAV,Telephone Field,recover-20220922,001,1795
484.5775,484.5875,28906,38440,Eptesicus serotinus,0.009,0.023,-1,Echolocation,/mnt/ubna_data_02_mir/recover-20220922/UBNA_001/20220921_090000.WAV,Telephone Field,recover-20220922,001,1795
484.5835,484.5955,34921,39049,Pipistrellus nathusii,0.013,0.035,-1,Echolocation,/mnt/ubna_data_02_mir/recover-20220922/UBNA_001/20220921_090000.WAV,Telephone Field,recover-20220922,001,1795
484.5985,484.6089,22890,28697,Nyctalus leisleri,0.016,0.035,-1,Echolocation,/mnt/ubna_data_02_mir/recover-20220922/UBNA_001/20220921_090000.WAV,Telephone Field,recover-20220922,001,1795
484.6005,484.6409,68437,82458,Rhinolophus ferrumequinum,0.026,0.026,-1,Echolocation,/mnt/ubna_data_02_mir/recover-20220922/UBNA_001/20220921_090000.WAV,Telephone Field,recover-20220922,001,1795
484.6115,484.6555,68437,83416,Rhinolophus ferrumequinum,0.045,0.045,-1,Echolocation,/mnt/ubna_data_02_mir/recover-20220922/UBNA_001/20220921_090000.WAV,Telephone Field,recover-20220922,001,1795
484.6115,484.6196,25468,34499,Eptesicus serotinus,0.007,0.025,-1,Echolocation,/mnt/ubna_data_02_mir/recover-20220922/UBNA_001/20220921_090000.WAV,Telephone Field,recover-20220922,001,1795
484.6615,484.7021,68437,82524,Rhinolophus ferrumequinum,0.03,0.03,-1,Echolocation,/mnt/ubna_data_02_mir/recover-20220922/UBNA_001/20220921_090000.WAV,Telephone Field,recover-20220922,001,1795
484.6695,484.7077,68437,81710,Rhinolophus ferrumequinum,0.021,0.022,-1,Echolocation,/mnt/ubna_data_02_mir/recover-20220922/UBNA_001/20220921_090000.WAV,Telephone Field,recover-20220922,001,1795
484.6715,484.6813,26328,34000,Eptesicus serotinus,0.014,0.032,-1,Echolocation,/mnt/ubna_data_02_mir/recover-20220922/UBNA_001/20220921_090000.WAV,Telephone Field,recover-20220922,001,1795
484.7055,484.7416,68437,81961,Rhinolophus ferrumequinum,0.022,0.022,-1,Echolocation,/mnt/ubna_data_02_mir/recover-20220922/UBNA_001/20220921_090000.WAV,Telephone Field,recover-20220922,001,1795
484.7285,484.7683,68437,82045,Rhinolophus ferrumequinum,0.021,0.021,-1,Echolocation,/mnt/ubna_data_02_mir/recover-20220922/UBNA_001/20220921_090000.WAV,Telephone Field,recover-20220922,001,1795
484.7725,484.7803,28046,38007,Eptesicus serotinus,0.007,0.023,-1,Echolocation,/mnt/ubna_data_02_mir/recover-20220922/UBNA_001/20220921_090000.WAV,Telephone Field,recover-20220922,001,1795
484.7795,484.821,68437,82825,Rhinolophus ferrumequinum,0.035,0.035,-1,Echolocation,/mnt/ubna_data_02_mir/recover-20220922/UBNA_001/20220921_090000.WAV,Telephone Field,recover-20220922,001,1795
484.7975,484.8296,68437,80754,Rhinolophus ferrumequinum,0.024,0.024,-1,Echolocation,/mnt/ubna_data_02_mir/recover-20220922/UBNA_001/20220921_090000.WAV,Telephone Field,recover-20220922,001,1795
484.8255,484.8336,28046,40425,Eptesicus serotinus,0.008,0.025,-1,Echolocation,/mnt/ubna_data_02_mir/recover-20220922/UBNA_001/20220921_090000.WAV,Telephone Field,recover-20220922,001,1795
484.8315,484.8706,68437,81845,Rhinolophus ferrumequinum,0.024,0.024,-1,Echolocation,/mnt/ubna_data_02_mir/recover-20220922/UBNA_001/20220921_090000.WAV,Telephone Field,recover-20220922,001,1795
484.8445,484.8538,28906,37700,Eptesicus serotinus,0.011,0.024,-1,Echolocation,/mnt/ubna_data_02_mir/recover-20220922/UBNA_001/20220921_090000.WAV,Telephone Field,recover-20220922,001,1795
484.8565,484.8944,68437,82106,Rhinolophus ferrumequinum,0.023,0.023,-1,Echolocation,/mnt/ubna_data_02_mir/recover-20220922/UBNA_001/20220921_090000.WAV,Telephone Field,recover-20220922,001,1795
484.8815,484.9196,68437,81990,Rhinolophus ferrumequinum,0.022,0.022,-1,Echolocation,/mnt/ubna_data_02_mir/recover-20220922/UBNA_001/20220921_090000.WAV,Telephone Field,recover-20220922,001,1795
484.8855,484.8966,23750,29215,Nyctalus leisleri,0.011,0.024,-1,Echolocation,/mnt/ubna_data_02_mir/recover-20220922/UBNA_001/20220921_090000.WAV,Telephone Field,recover-20220922,001,1795
484.9155,484.9533,68437,81562,Rhinolophus ferrumequinum,0.025,0.025,-1,Echolocation,/mnt/ubna_data_02_mir/recover-20220922/UBNA_001/20220921_090000.WAV,Telephone Field,recover-20220922,001,1795
484.9565,484.9965,68437,82710,Rhinolophus ferrumequinum,0.021,0.021,-1,Echolocation,/mnt/ubna_data_02_mir/recover-20220922/UBNA_001/20220921_090000.WAV,Telephone Field,recover-20220922,001,1795
484.9655,485.0031,68437,81114,Rhinolophus ferrumequinum,0.022,0.022,-1,Echolocation,/mnt/ubna_data_02_mir/recover-20220922/UBNA_001/20220921_090000.WAV,Telephone Field,recover-20220922,001,1795
484.9715,485.0097,68437,81125,Rhinolophus ferrumequinum,0.023,0.023,-1,Echolocation,/mnt/ubna_data_02_mir/recover-20220922/UBNA_001/20220921_090000.WAV,Telephone Field,recover-20220922,001,1795
484.9805,484.9885,36640,43545,Barbastellus barbastellus,0.011,0.036,-1,Echolocation,/mnt/ubna_data_02_mir/recover-20220922/UBNA_001/20220921_090000.WAV,Telephone Field,recover-20220922,001,1795
484.9835,484.9892,27187,45482,Myotis daubentonii,0.007,0.032,-1,Echolocation,/mnt/ubna_data_02_mir/recover-20220922/UBNA_001/20220921_090000.WAV,Telephone Field,recover-20220922,001,1795
484.9855,485.0245,68437,82427,Rhinolophus ferrumequinum,0.021,0.021,-1,Echolocation,/mnt/ubna_data_02_mir/recover-20220922/UBNA_001/20220921_090000.WAV,Telephone Field,recover-20220922,001,1795
485.0375,485.0803,68437,83019,Rhinolophus ferrumequinum,0.032,0.032,-1,Echolocation,/mnt/ubna_data_02_mir/recover-20220922/UBNA_001/20220921_090000.WAV,Telephone Field,recover-20220922,001,1795
485.0635,485.104,68437,82009,Rhinolophus ferrumequinum,0.035,0.035,-1,Echolocation,/mnt/ubna_data_02_mir/recover-20220922/UBNA_001/20220921_090000.WAV,Telephone Field,recover-20220922,001,1795
485.1225,485.1356,22031,26363,Nyctalus leisleri,0.016,0.027,-1,Echolocation,/mnt/ubna_data_02_mir/recover-20220922/UBNA_001/20220921_090000.WAV,Telephone Field,recover-20220922,001,1795
485.1615,485.2076,68437,83517,Rhinolophus ferrumequinum,0.038,0.038,-1,Echolocation,/mnt/ubna_data_02_mir/recover-20220922/UBNA_001/20220921_090000.WAV,Telephone Field,recover-20220922,001,1795
485.2225,485.2601,68437,81667,Rhinolophus ferrumequinum,0.023,0.023,-1,Echolocation,/mnt/ubna_data_02_mir/recover-20220922/UBNA_001/20220921_090000.WAV,Telephone Field,recover-20220922,001,1795
485.2315,485.2732,68437,82441,Rhinolophus ferrumequinum,0.036,0.036,-1,Echolocation,/mnt/ubna_data_02_mir/recover-20220922/UBNA_001/20220921_090000.WAV,Telephone Field,recover-20220922,001,1795
485.2615,485.3009,68437,82603,Rhinolophus ferrumequinum,0.024,0.024,-1,Echolocation,/mnt/ubna_data_02_mir/recover-20220922/UBNA_001/20220921_090000.WAV,Telephone Field,recover-20220922,001,1795
485.2655,485.2723,24609,33736,Plecotus austriacus,0.009,0.024,-1,Echolocation,/mnt/ubna_data_02_mir/recover-20220922/UBNA_001/20220921_090000.WAV,Telephone Field,recover-20220922,001,1795
485.2825,485.3223,68437,81925,Rhinolophus ferrumequinum,0.022,0.022,-1,Echolocation,/mnt/ubna_data_02_mir/recover-20220922/UBNA_001/20220921_090000.WAV,Telephone Field,recover-20220922,001,1795
485.2885,485.2974,27187,36382,Eptesicus serotinus,0.009,0.022,-1,Echolocation,/mnt/ubna_data_02_mir/recover-20220922/UBNA_001/20220921_090000.WAV,Telephone Field,recover-20220922,001,1795
485.3145,485.3242,46093,49469,Pipistrellus pipistrellus,0.03,0.031,-1,Echolocation,/mnt/ubna_data_02_mir/recover-20220922/UBNA_001/20220921_090000.WAV,Telephone Field,recover-20220922,001,1795
485.3165,485.3549,68437,82352,Rhinolophus ferrumequinum,0.022,0.022,-1,Echolocation,/mnt/ubna_data_02_mir/recover-20220922/UBNA_001/20220921_090000.WAV,Telephone Field,recover-20220922,001,1795
485.3275,485.3384,22890,27388,Nyctalus leisleri,0.012,0.021,-1,Echolocation,/mnt/ubna_data_02_mir/recover-20220922/UBNA_001/20220921_090000.WAV,Telephone Field,recover-20220922,001,1795
485.3325,485.3728,68437,83067,Rhinolophus ferrumequinum,0.03,0.03,-1,Echolocation,/mnt/ubna_data_02_mir/recover-20220922/UBNA_001/20220921_090000.WAV,Telephone Field,recover-20220922,001,1795
485.3675,485.4067,68437,82043,Rhinolophus ferrumequinum,0.024,0.024,-1,Echolocation,/mnt/ubna_data_02_mir/recover-20220922/UBNA_001/20220921_090000.WAV,Telephone Field,recover-20220922,001,1795
485.3695,485.3809,28906,35830,Eptesicus serotinus,0.013,0.027,-1,Echolocation,/mnt/ubna_data_02_mir/recover-20220922/UBNA_001/20220921_090000.WAV,Telephone Field,recover-20220922,001,1795
485.3845,485.4205,68437,81401,Rhinolophus ferrumequinum,0.021,0.021,-1,Echolocation,/mnt/ubna_data_02_mir/recover-20220922/UBNA_001/20220921_090000.WAV,Telephone Field,recover-20220922,001,1795
485.4605,485.4981,68437,81275,Rhinolophus ferrumequinum,0.024,0.024,-1,Echolocation,/mnt/ubna_data_02_mir/recover-20220922/UBNA_001/20220921_090000.WAV,Telephone Field,recover-20220922,001,1795
485.4665,485.5069,68437,81664,Rhinolophus ferrumequinum,0.026,0.026,-1,Echolocation,/mnt/ubna_data_02_mir/recover-20220922/UBNA_001/20220921_090000.WAV,Telephone Field,recover-20220922,001,1795
485.5205,485.5601,68437,82051,Rhinolophus ferrumequinum,0.021,0.021,-1,Echolocation,/mnt/ubna_data_02_mir/recover-20220922/UBNA_001/20220921_090000.WAV,Telephone Field,recover-20220922,001,1795
485.5615,485.5997,68437,81643,Rhinolophus ferrumequinum,0.025,0.025,-1,Echolocation,/mnt/ubna_data_02_mir/recover-20220922/UBNA_001/20220921_090000.WAV,Telephone Field,recover-20220922,001,1795
485.5715,485.581,28046,36542,Eptesicus serotinus,0.009,0.024,-1,Echolocation,/mnt/ubna_data_02_mir/recover-20220922/UBNA_001/20220921_090000.WAV,Telephone Field,recover-20220922,001,1795
485.5915,485.6303,68437,81494,Rhinolophus ferrumequinum,0.027,0.028,-1,Echolocation,/mnt/ubna_data_02_mir/recover-20220922/UBNA_001/20220921_090000.WAV,Telephone Field,recover-20220922,001,1795
485.6155,485.6547,68437,82011,Rhinolophus ferrumequinum,0.022,0.022,-1,Echolocation,/mnt/ubna_data_02_mir/recover-20220922/UBNA_001/20220921_090000.WAV,Telephone Field,recover-20220922,001,1795
485.6375,485.6842,68437,83892,Rhinolophus ferrumequinum,0.106,0.106,-1,Echolocation,/mnt/ubna_data_02_mir/recover-20220922/UBNA_001/20220921_090000.WAV,Telephone Field,recover-20220922,001,1795
485.6745,485.7128,68437,82070,Rhinolophus ferrumequinum,0.032,0.032,-1,Echolocation,/mnt/ubna_data_02_mir/recover-20220922/UBNA_001/20220921_090000.WAV,Telephone Field,recover-20220922,001,1795
485.6825,485.6936,51250,56299,Pipistrellus pipistrellus,0.019,0.026,-1,Echolocation,/mnt/ubna_data_02_mir/recover-20220922/UBNA_001/20220921_090000.WAV,Telephone Field,recover-20220922,001,1795
485.7035,485.7415,68437,81857,Rhinolophus ferrumequinum,0.031,0.031,-1,Echolocation,/mnt/ubna_data_02_mir/recover-20220922/UBNA_001/20220921_090000.WAV,Telephone Field,recover-20220922,001,1795
485.7175,485.7538,68437,81123,Rhinolophus ferrumequinum,0.023,0.023,-1,Echolocation,/mnt/ubna_data_02_mir/recover-20220922/UBNA_001/20220921_090000.WAV,Telephone Field,recover-20220922,001,1795
485.7735,485.8139,68437,82408,Rhinolophus ferrumequinum,0.025,0.025,-1,Echolocation,/mnt/ubna_data_02_mir/recover-20220922/UBNA_001/20220921_090000.WAV,Telephone Field,recover-20220922,001,1795
485.7965,485.8104,22031,25594,Nyctalus leisleri,0.015,0.024,-1,Echolocation,/mnt/ubna_data_02_mir/recover-20220922/UBNA_001/20220921_090000.WAV,Telephone Field,recover-20220922,001,1795
485.8065,485.8421,68437,81628,Rhinolophus ferrumequinum,0.022,0.022,-1,Echolocation,/mnt/ubna_data_02_mir/recover-20220922/UBNA_001/20220921_090000.WAV,Telephone Field,recover-20220922,001,1795
485.8185,485.8574,68437,82333,Rhinolophus ferrumequinum,0.024,0.024,-1,Echolocation,/mnt/ubna_data_02_mir/recover-20220922/UBNA_001/20220921_090000.WAV,Telephone Field,recover-20220922,001,1795
485.8365,485.8812,68437,83436,Rhinolophus ferrumequinum,0.038,0.038,-1,Echolocation,/mnt/ubna_data_02_mir/recover-20220922/UBNA_001/20220921_090000.WAV,Telephone Field,recover-20220922,001,1795
485.8445,485.8549,28906,36619,Eptesicus serotinus,0.011,0.025,-1,Echolocation,/mnt/ubna_data_02_mir/recover-20220922/UBNA_001/20220921_090000.WAV,Telephone Field,recover-20220922,001,1795
485.8795,485.9204,68437,83258,Rhinolophus ferrumequinum,0.031,0.031,-1,Echolocation,/mnt/ubna_data_02_mir/recover-20220922/UBNA_001/20220921_090000.WAV,Telephone Field,recover-20220922,001,1795
485.9145,485.9545,68437,82331,Rhinolophus ferrumequinum,0.023,0.023,-1,Echolocation,/mnt/ubna_data_02_mir/recover-20220922/UBNA_001/20220921_090000.WAV,Telephone Field,recover-20220922,001,1795
485.9255,485.9357,27187,33832,Eptesicus serotinus,0.028,0.051,-1,Echolocation,/mnt/ubna_data_02_mir/recover-20220922/UBNA_001/20220921_090000.WAV,Telephone Field,recover-20220922,001,1795
485.9365,485.9735,68437,82156,Rhinolophus ferrumequinum,0.022,0.022,-1,Echolocation,/mnt/ubna_data_02_mir/recover-20220922/UBNA_001/20220921_090000.WAV,Telephone Field,recover-20220922,001,1795
485.9845,485.9952,27187,34636,Eptesicus serotinus,0.009,0.023,-1,Echolocation,/mnt/ubna_data_02_mir/recover-20220922/UBNA_001/20220921_090000.WAV,Telephone Field,recover-20220922,001,1795
486.0015,486.0366,68437,79982,Rhinolophus ferrumequinum,0.048,0.049,-1,Echolocation,/mnt/ubna_data_02_mir/recover-20220922/UBNA_001/20220921_090000.WAV,Telephone Field,recover-20220922,001,1795
486.0015,486.0082,26328,37637,Nyctalus leisleri,0.005,0.023,-1,Echolocation,/mnt/ubna_data_02_mir/recover-20220922/UBNA_001/20220921_090000.WAV,Telephone Field,recover-20220922,001,1795
486.0015,486.0112,20312,25500,Nyctalus leisleri,0.01,0.025,-1,Echolocation,/mnt/ubna_data_02_mir/recover-20220922/UBNA_001/20220921_090000.WAV,Telephone Field,recover-20220922,001,1795
486.0235,486.0322,22031,29876,Plecotus austriacus,0.014,0.044,-1,Echolocation,/mnt/ubna_data_02_mir/recover-20220922/UBNA_001/20220921_090000.WAV,Telephone Field,recover-20220922,001,1795
486.0535,486.0646,27187,35122,Eptesicus serotinus,0.013,0.025,-1,Echolocation,/mnt/ubna_data_02_mir/recover-20220922/UBNA_001/20220921_090000.WAV,Telephone Field,recover-20220922,001,1795
486.0685,486.11,68437,82731,Rhinolophus ferrumequinum,0.036,0.036,-1,Echolocation,/mnt/ubna_data_02_mir/recover-20220922/UBNA_001/20220921_090000.WAV,Telephone Field,recover-20220922,001,1795
486.0835,486.0937,22890,27951,Nyctalus leisleri,0.009,0.021,-1,Echolocation,/mnt/ubna_data_02_mir/recover-20220922/UBNA_001/20220921_090000.WAV,Telephone Field,recover-20220922,001,1795
486.1235,486.163,68437,82383,Rhinolophus ferrumequinum,0.03,0.03,-1,Echolocation,/mnt/ubna_data_02_mir/recover-20220922/UBNA_001/20220921_090000.WAV,Telephone Field,recover-20220922,001,1795
486.1745,486.2144,68437,82592,Rhinolophus ferrumequinum,0.022,0.022,-1,Echolocation,/mnt/ubna_data_02_mir/recover-20220922/UBNA_001/20220921_090000.WAV,Telephone Field,recover-20220922,001,1795
486.2365,486.2462,25468,34203,Eptesicus serotinus,0.01,0.025,-1,Echolocation,/mnt/ubna_data_02_mir/recover-20220922/UBNA_001/20220921_090000.WAV,Telephone Field,recover-20220922,001,1795
486.2535,486.2925,68437,82186,Rhinolophus ferrumequinum,0.024,0.024,-1,Echolocation,/mnt/ubna_data_02_mir/recover-20220922/UBNA_001/20220921_090000.WAV,Telephone Field,recover-20220922,001,1795
486.2725,486.315,68437,83034,Rhinolophus ferrumequinum,0.022,0.022,-1,Echolocation,/mnt/ubna_data_02_mir/recover-20220922/UBNA_001/20220921_090000.WAV,Telephone Field,recover-20220922,001,1795
486.2755,486.2837,28046,39508,Eptesicus serotinus,0.007,0.021,-1,Echolocation,/mnt/ubna_data_02_mir/recover-20220922/UBNA_001/20220921_090000.WAV,Telephone Field,recover-20220922,001,1795
486.3035,486.3383,68437,81672,Rhinolophus ferrumequinum,0.022,0.022,-1,Echolocation,/mnt/ubna_data_02_mir/recover-20220922/UBNA_001/20220921_090000.WAV,Telephone Field,recover-20220922,001,1795
486.3245,486.3316,48671,53092,Pipistrellus pipistrellus,0.022,0.023,-1,Echolocation,/mnt/ubna_data_02_mir/recover-20220922/UBNA_001/20220921_090000.WAV,Telephone Field,recover-20220922,001,1795
486.3255,486.3651,68437,82268,Rhinolophus ferrumequinum,0.025,0.025,-1,Echolocation,/mnt/ubna_data_02_mir/recover-20220922/UBNA_001/20220921_090000.WAV,Telephone Field,recover-20220922,001,1795
486.3365,486.3471,28906,36506,Eptesicus serotinus,0.011,0.024,-1,Echolocation,/mnt/ubna_data_02_mir/recover-20220922/UBNA_001/20220921_090000.WAV,Telephone Field,recover-20220922,001,1795
486.3635,486.4033,68437,81513,Rhinolophus ferrumequinum,0.02,0.02,-1,Echolocation,/mnt/ubna_data_02_mir/recover-20220922/UBNA_001/20220921_090000.WAV,Telephone Field,recover-20220922,001,1795
486.3645,486.3746,27187,35779,Eptesicus serotinus,0.01,0.022,-1,Echolocation,/mnt/ubna_data_02_mir/recover-20220922/UBNA_001/20220921_090000.WAV,Telephone Field,recover-20220922,001,1795
486.4355,486.4741,68437,82317,Rhinolophus ferrumequinum,0.021,0.021,-1,Echolocation,/mnt/ubna_data_02_mir/recover-20220922/UBNA_001/20220921_090000.WAV,Telephone Field,recover-20220922,001,1795
486.4545,486.4926,68437,82074,Rhinolophus ferrumequinum,0.021,0.021,-1,Echolocation,/mnt/ubna_data_02_mir/recover-20220922/UBNA_001/20220921_090000.WAV,Telephone Field,recover-20220922,001,1795
486.4835,486.4913,26328,35204,Eptesicus serotinus,0.009,0.024,-1,Echolocation,/mnt/ubna_data_02_mir/recover-20220922/UBNA_001/20220921_090000.WAV,Telephone Field,recover-20220922,001,1795
486.4935,486.5289,68437,80989,Rhinolophus ferrumequinum,0.026,0.026,-1,Echolocation,/mnt/ubna_data_02_mir/recover-20220922/UBNA_001/20220921_090000.WAV,Telephone Field,recover-20220922,001,1795
486.5525,486.5596,28046,41779,Eptesicus serotinus,0.006,0.02,-1,Echolocation,/mnt/ubna_data_02_mir/recover-20220922/UBNA_001/20220921_090000.WAV,Telephone Field,recover-20220922,001,1795
486.5625,486.6022,68437,82546,Rhinolophus ferrumequinum,0.023,0.023,-1,Echolocation,/mnt/ubna_data_02_mir/recover-20220922/UBNA_001/20220921_090000.WAV,Telephone Field,recover-20220922,001,1795
486.6305,486.6395,23750,30973,Plecotus austriacus,0.009,0.025,-1,Echolocation,/mnt/ubna_data_02_mir/recover-20220922/UBNA_001/20220921_090000.WAV,Telephone Field,recover-20220922,001,1795
486.6325,486.6717,68437,81852,Rhinolophus ferrumequinum,0.028,0.028,-1,Echolocation,/mnt/ubna_data_02_mir/recover-20220922/UBNA_001/20220921_090000.WAV,Telephone Field,recover-20220922,001,1795
486.6525,486.6662,27187,33427,Eptesicus serotinus,0.019,0.033,-1,Echolocation,/mnt/ubna_data_02_mir/recover-20220922/UBNA_001/20220921_090000.WAV,Telephone Field,recover-20220922,001,1795
486.7005,486.7407,68437,82910,Rhinolophus ferrumequinum,0.038,0.038,-1,Echolocation,/mnt/ubna_data_02_mir/recover-20220922/UBNA_001/20220921_090000.WAV,Telephone Field,recover-20220922,001,1795
486.7155,486.7261,25468,32906,Eptesicus serotinus,0.013,0.029,-1,Echolocation,/mnt/ubna_data_02_mir/recover-20220922/UBNA_001/20220921_090000.WAV,Telephone Field,recover-20220922,001,1795
486.7715,486.8118,68437,82272,Rhinolophus ferrumequinum,0.023,0.023,-1,Echolocation,/mnt/ubna_data_02_mir/recover-20220922/UBNA_001/20220921_090000.WAV,Telephone Field,recover-20220922,001,1795
486.8045,486.8438,68437,82542,Rhinolophus ferrumequinum,0.022,0.022,-1,Echolocation,/mnt/ubna_data_02_mir/recover-20220922/UBNA_001/20220921_090000.WAV,Telephone Field,recover-20220922,001,1795
486.8505,486.8874,68437,81551,Rhinolophus ferrumequinum,0.025,0.025,-1,Echolocation,/mnt/ubna_data_02_mir/recover-20220922/UBNA_001/20220921_090000.WAV,Telephone Field,recover-20220922,001,1795
486.8665,486.8782,22890,27395,Nyctalus leisleri,0.013,0.024,-1,Echolocation,/mnt/ubna_data_02_mir/recover-20220922/UBNA_001/20220921_090000.WAV,Telephone Field,recover-20220922,001,1795
486.9095,486.9409,68437,80546,Rhinolophus ferrumequinum,0.021,0.021,-1,Echolocation,/mnt/ubna_data_02_mir/recover-20220922/UBNA_001/20220921_090000.WAV,Telephone Field,recover-20220922,001,1795
486.9305,486.971,68437,82684,Rhinolophus ferrumequinum,0.022,0.022,-1,Echolocation,/mnt/ubna_data_02_mir/recover-20220922/UBNA_001/20220921_090000.WAV,Telephone Field,recover-20220922,001,1795
486.9525,486.993,68437,83136,Rhinolophus ferrumequinum,0.026,0.026,-1,Echolocation,/mnt/ubna_data_02_mir/recover-20220922/UBNA_001/20220921_090000.WAV,Telephone Field,recover-20220922,001,1795
487.0025,487.0395,68437,81557,Rhinolophus ferrumequinum,0.02,0.02,-1,Echolocation,/mnt/ubna_data_02_mir/recover-20220922/UBNA_001/20220921_090000.WAV,Telephone Field,recover-20220922,001,1795
487.0065,487.017,23750,30213,Nyctalus leisleri,0.008,0.022,-1,Echolocation,/mnt/ubna_data_02_mir/recover-20220922/UBNA_001/20220921_090000.WAV,Telephone Field,recover-20220922,001,1795
487.0395,487.0789,68437,82411,Rhinolophus ferrumequinum,0.022,0.022,-1,Echolocation,/mnt/ubna_data_02_mir/recover-20220922/UBNA_001/20220921_090000.WAV,Telephone Field,recover-20220922,001,1795
487.0775,487.0861,28046,39856,Eptesicus serotinus,0.01,0.023,-1,Echolocation,/mnt/ubna_data_02_mir/recover-20220922/UBNA_001/20220921_090000.WAV,Telephone Field,recover-20220922,001,1795
487.0885,487.1254,68437,82101,Rhinolophus ferrumequinum,0.022,0.022,-1,Echolocation,/mnt/ubna_data_02_mir/recover-20220922/UBNA_001/20220921_090000.WAV,Telephone Field,recover-20220922,001,1795
487.0975,487.1084,25468,32236,Eptesicus serotinus,0.009,0.021,-1,Echolocation,/mnt/ubna_data_02_mir/recover-20220922/UBNA_001/20220921_090000.WAV,Telephone Field,recover-20220922,001,1795
487.1435,487.1885,68437,82882,Rhinolophus ferrumequinum,0.027,0.027,-1,Echolocation,/mnt/ubna_data_02_mir/recover-20220922/UBNA_001/20220921_090000.WAV,Telephone Field,recover-20220922,001,1795
487.1875,487.2264,68437,82756,Rhinolophus ferrumequinum,0.025,0.025,-1,Echolocation,/mnt/ubna_data_02_mir/recover-20220922/UBNA_001/20220921_090000.WAV,Telephone Field,recover-20220922,001,1795
487.2475,487.2892,68437,82543,Rhinolophus ferrumequinum,0.023,0.023,-1,Echolocation,/mnt/ubna_data_02_mir/recover-20220922/UBNA_001/20220921_090000.WAV,Telephone Field,recover-20220922,001,1795
487.2675,487.2774,22890,29288,Nyctalus leisleri,0.007,0.021,-1,Echolocation,/mnt/ubna_data_02_mir/recover-20220922/UBNA_001/20220921_090000.WAV,Telephone Field,recover-20220922,001,1795
487.3365,487.379,68437,82814,Rhinolophus ferrumequinum,0.025,0.025,-1,Echolocation,/mnt/ubna_data_02_mir/recover-20220922/UBNA_001/20220921_090000.WAV,Telephone Field,recover-20220922,001,1795
487.3385,487.3479,46093,50537,Pipistrellus pipistrellus,0.021,0.023,-1,Echolocation,/mnt/ubna_data_02_mir/recover-20220922/UBNA_001/20220921_090000.WAV,Telephone Field,recover-20220922,001,1795
487.4165,487.4279,28906,36976,Eptesicus serotinus,0.015,0.028,-1,Echolocation,/mnt/ubna_data_02_mir/recover-20220922/UBNA_001/20220921_090000.WAV,Telephone Field,recover-20220922,001,1795
487.4545,487.4616,24609,32996,Plecotus austriacus,0.009,0.023,-1,Echolocation,/mnt/ubna_data_02_mir/recover-20220922/UBNA_001/20220921_090000.WAV,Telephone Field,recover-20220922,001,1795
487.4635,487.5026,68437,82195,Rhinolophus ferrumequinum,0.021,0.021,-1,Echolocation,/mnt/ubna_data_02_mir/recover-20220922/UBNA_001/20220921_090000.WAV,Telephone Field,recover-20220922,001,1795
487.4815,487.5217,68437,82443,Rhinolophus ferrumequinum,0.023,0.023,-1,Echolocation,/mnt/ubna_data_02_mir/recover-20220922/UBNA_001/20220921_090000.WAV,Telephone Field,recover-20220922,001,1795
487.5155,487.5532,68437,82186,Rhinolophus ferrumequinum,0.029,0.029,-1,Echolocation,/mnt/ubna_data_02_mir/recover-20220922/UBNA_001/20220921_090000.WAV,Telephone Field,recover-20220922,001,1795
487.5475,487.5565,43515,49199,Pipistrellus pipistrellus,0.017,0.021,-1,Echolocation,/mnt/ubna_data_02_mir/recover-20220922/UBNA_001/20220921_090000.WAV,Telephone Field,recover-20220922,001,1795
487.5915,487.6284,68437,81283,Rhinolophus ferrumequinum,0.02,0.02,-1,Echolocation,/mnt/ubna_data_02_mir/recover-20220922/UBNA_001/20220921_090000.WAV,Telephone Field,recover-20220922,001,1795
487.6505,487.6922,68437,82748,Rhinolophus ferrumequinum,0.02,0.02,-1,Echolocation,/mnt/ubna_data_02_mir/recover-20220922/UBNA_001/20220921_090000.WAV,Telephone Field,recover-20220922,001,1795
487.6795,487.6866,24609,32847,Plecotus austriacus,0.007,0.023,-1,Echolocation,/mnt/ubna_data_02_mir/recover-20220922/UBNA_001/20220921_090000.WAV,Telephone Field,recover-20220922,001,1795
487.6965,487.7385,68437,83064,Rhinolophus ferrumequinum,0.023,0.024,-1,Echolocation,/mnt/ubna_data_02_mir/recover-20220922/UBNA_001/20220921_090000.WAV,Telephone Field,recover-20220922,001,1795
487.7055,487.7446,68437,82680,Rhinolophus ferrumequinum,0.023,0.023,-1,Echolocation,/mnt/ubna_data_02_mir/recover-20220922/UBNA_001/20220921_090000.WAV,Telephone Field,recover-20220922,001,1795
487.7545,487.792,68437,81259,Rhinolophus ferrumequinum,0.024,0.024,-1,Echolocation,/mnt/ubna_data_02_mir/recover-20220922/UBNA_001/20220921_090000.WAV,Telephone Field,recover-20220922,001,1795
487.7565,487.77,34062,38267,Pipistrellus nathusii,0.017,0.05,-1,Echolocation,/mnt/ubna_data_02_mir/recover-20220922/UBNA_001/20220921_090000.WAV,Telephone Field,recover-20220922,001,1795
487.7635,487.7738,24609,32688,Eptesicus serotinus,0.013,0.033,-1,Echolocation,/mnt/ubna_data_02_mir/recover-20220922/UBNA_001/20220921_090000.WAV,Telephone Field,recover-20220922,001,1795
487.7685,487.7991,68437,80197,Rhinolophus ferrumequinum,0.021,0.021,-1,Echolocation,/mnt/ubna_data_02_mir/recover-20220922/UBNA_001/20220921_090000.WAV,Telephone Field,recover-20220922,001,1795
487.7925,487.8336,68437,82417,Rhinolophus ferrumequinum,0.025,0.025,-1,Echolocation,/mnt/ubna_data_02_mir/recover-20220922/UBNA_001/20220921_090000.WAV,Telephone Field,recover-20220922,001,1795
487.8215,487.8629,68437,82994,Rhinolophus ferrumequinum,0.035,0.035,-1,Echolocation,/mnt/ubna_data_02_mir/recover-20220922/UBNA_001/20220921_090000.WAV,Telephone Field,recover-20220922,001,1795
487.8295,487.8388,23750,31196,Nyctalus leisleri,0.007,0.026,-1,Echolocation,/mnt/ubna_data_02_mir/recover-20220922/UBNA_001/20220921_090000.WAV,Telephone Field,recover-20220922,001,1795
487.8585,487.8982,68437,82089,Rhinolophus ferrumequinum,0.021,0.021,-1,Echolocation,/mnt/ubna_data_02_mir/recover-20220922/UBNA_001/20220921_090000.WAV,Telephone Field,recover-20220922,001,1795
487.8835,487.8913,25468,34123,Eptesicus serotinus,0.006,0.022,-1,Echolocation,/mnt/ubna_data_02_mir/recover-20220922/UBNA_001/20220921_090000.WAV,Telephone Field,recover-20220922,001,1795
487.8925,487.929,68437,81646,Rhinolophus ferrumequinum,0.021,0.021,-1,Echolocation,/mnt/ubna_data_02_mir/recover-20220922/UBNA_001/20220921_090000.WAV,Telephone Field,recover-20220922,001,1795
487.9255,487.9657,68437,82338,Rhinolophus ferrumequinum,0.027,0.027,-1,Echolocation,/mnt/ubna_data_02_mir/recover-20220922/UBNA_001/20220921_090000.WAV,Telephone Field,recover-20220922,001,1795
487.9345,487.9417,23750,32133,Plecotus austriacus,0.009,0.022,-1,Echolocation,/mnt/ubna_data_02_mir/recover-20220922/UBNA_001/20220921_090000.WAV,Telephone Field,recover-20220922,001,1795
487.9505,487.9921,68437,83026,Rhinolophus ferrumequinum,0.026,0.026,-1,Echolocation,/mnt/ubna_data_02_mir/recover-20220922/UBNA_001/20220921_090000.WAV,Telephone Field,recover-20220922,001,1795
488.0015,488.0389,68437,80098,Rhinolophus ferrumequinum,0.097,0.097,-1,Echolocation,/mnt/ubna_data_02_mir/recover-20220922/UBNA_001/20220921_090000.WAV,Telephone Field,recover-20220922,001,1795
488.0015,488.0131,24609,31737,Nyctalus leisleri,0.015,0.042,-1,Echolocation,/mnt/ubna_data_02_mir/recover-20220922/UBNA_001/20220921_090000.WAV,Telephone Field,recover-20220922,001,1795
488.0075,488.05219999999997,68437,82769,Rhinolophus ferrumequinum,0.038,0.038,-1,Echolocation,/mnt/ubna_data_02_mir/recover-20220922/UBNA_001/20220921_090000.WAV,Telephone Field,recover-20220922,001,1795
488.0635,488.1052,68437,82464,Rhinolophus ferrumequinum,0.022,0.022,-1,Echolocation,/mnt/ubna_data_02_mir/recover-20220922/UBNA_001/20220921_090000.WAV,Telephone Field,recover-20220922,001,1795
488.0845,488.1231,68437,82600,Rhinolophus ferrumequinum,0.027,0.027,-1,Echolocation,/mnt/ubna_data_02_mir/recover-20220922/UBNA_001/20220921_090000.WAV,Telephone Field,recover-20220922,001,1795
488.0975,488.1177,19453,22674,Nyctalus noctula,0.014,0.028,-1,Echolocation,/mnt/ubna_data_02_mir/recover-20220922/UBNA_001/20220921_090000.WAV,Telephone Field,recover-20220922,001,1795
488.0975,488.13530000000003,68437,82065,Rhinolophus ferrumequinum,0.023,0.023,-1,Echolocation,/mnt/ubna_data_02_mir/recover-20220922/UBNA_001/20220921_090000.WAV,Telephone Field,recover-20220922,001,1795
488.1225,488.1311,28906,40407,Eptesicus serotinus,0.012,0.028,-1,Echolocation,/mnt/ubna_data_02_mir/recover-20220922/UBNA_001/20220921_090000.WAV,Telephone Field,recover-20220922,001,1795
488.1525,488.1934,68437,82536,Rhinolophus ferrumequinum,0.024,0.024,-1,Echolocation,/mnt/ubna_data_02_mir/recover-20220922/UBNA_001/20220921_090000.WAV,Telephone Field,recover-20220922,001,1795
488.1735,488.1804,23750,33303,Plecotus austriacus,0.01,0.022,-1,Echolocation,/mnt/ubna_data_02_mir/recover-20220922/UBNA_001/20220921_090000.WAV,Telephone Field,recover-20220922,001,1795
488.1925,488.2119,18593,22158,Nyctalus noctula,0.013,0.024,-1,Echolocation,/mnt/ubna_data_02_mir/recover-20220922/UBNA_001/20220921_090000.WAV,Telephone Field,recover-20220922,001,1795
488.2235,488.2658,68437,83199,Rhinolophus ferrumequinum,0.031,0.031,-1,Echolocation,/mnt/ubna_data_02_mir/recover-20220922/UBNA_001/20220921_090000.WAV,Telephone Field,recover-20220922,001,1795
488.2315,488.2747,68437,83240,Rhinolophus ferrumequinum,0.026,0.026,-1,Echolocation,/mnt/ubna_data_02_mir/recover-20220922/UBNA_001/20220921_090000.WAV,Telephone Field,recover-20220922,001,1795
488.2765,488.317,68437,82607,Rhinolophus ferrumequinum,0.023,0.023,-1,Echolocation,/mnt/ubna_data_02_mir/recover-20220922/UBNA_001/20220921_090000.WAV,Telephone Field,recover-20220922,001,1795
488.2995,488.3106,22890,26836,Nyctalus leisleri,0.031,0.064,-1,Echolocation,/mnt/ubna_data_02_mir/recover-20220922/UBNA_001/20220921_090000.WAV,Telephone Field,recover-20220922,001,1795
488.3125,488.32,49531,54044,Pipistrellus pipistrellus,0.024,0.026,-1,Echolocation,/mnt/ubna_data_02_mir/recover-20220922/UBNA_001/20220921_090000.WAV,Telephone Field,recover-20220922,001,1795
488.3505,488.3905,68437,82225,Rhinolophus ferrumequinum,0.029,0.029,-1,Echolocation,/mnt/ubna_data_02_mir/recover-20220922/UBNA_001/20220921_090000.WAV,Telephone Field,recover-20220922,001,1795
488.3605,488.3703,24609,31804,Eptesicus serotinus,0.007,0.022,-1,Echolocation,/mnt/ubna_data_02_mir/recover-20220922/UBNA_001/20220921_090000.WAV,Telephone Field,recover-20220922,001,1795
488.4335,488.4804,68437,84077,Rhinolophus ferrumequinum,0.065,0.065,-1,Echolocation,/mnt/ubna_data_02_mir/recover-20220922/UBNA_001/20220921_090000.WAV,Telephone Field,recover-20220922,001,1795
488.4455,488.4525,28046,39857,Eptesicus serotinus,0.013,0.033,-1,Echolocation,/mnt/ubna_data_02_mir/recover-20220922/UBNA_001/20220921_090000.WAV,Telephone Field,recover-20220922,001,1795
488.4745,488.5111,68437,82075,Rhinolophus ferrumequinum,0.024,0.024,-1,Echolocation,/mnt/ubna_data_02_mir/recover-20220922/UBNA_001/20220921_090000.WAV,Telephone Field,recover-20220922,001,1795
488.4825,488.4913,44375,47354,Pipistrellus pipistrellus,0.035,0.037,-1,Echolocation,/mnt/ubna_data_02_mir/recover-20220922/UBNA_001/20220921_090000.WAV,Telephone Field,recover-20220922,001,1795
488.5465,488.581,68437,80380,Rhinolophus ferrumequinum,0.023,0.023,-1,Echolocation,/mnt/ubna_data_02_mir/recover-20220922/UBNA_001/20220921_090000.WAV,Telephone Field,recover-20220922,001,1795
488.5955,488.6345,68437,82418,Rhinolophus ferrumequinum,0.022,0.023,-1,Echolocation,/mnt/ubna_data_02_mir/recover-20220922/UBNA_001/20220921_090000.WAV,Telephone Field,recover-20220922,001,1795
488.6225,488.6611,68437,82562,Rhinolophus ferrumequinum,0.022,0.022,-1,Echolocation,/mnt/ubna_data_02_mir/recover-20220922/UBNA_001/20220921_090000.WAV,Telephone Field,recover-20220922,001,1795
488.6265,488.6334,28046,38720,Eptesicus serotinus,0.013,0.037,-1,Echolocation,/mnt/ubna_data_02_mir/recover-20220922/UBNA_001/20220921_090000.WAV,Telephone Field,recover-20220922,001,1795
488.6295,488.6358,56406,63358,Pipistrellus pygmaeus,0.023,0.023,-1,Echolocation,/mnt/ubna_data_02_mir/recover-20220922/UBNA_001/20220921_090000.WAV,Telephone Field,recover-20220922,001,1795
488.6545,488.6935,68437,82429,Rhinolophus ferrumequinum,0.022,0.022,-1,Echolocation,/mnt/ubna_data_02_mir/recover-20220922/UBNA_001/20220921_090000.WAV,Telephone Field,recover-20220922,001,1795
488.6615,488.6715,27187,35784,Eptesicus serotinus,0.014,0.028,-1,Echolocation,/mnt/ubna_data_02_mir/recover-20220922/UBNA_001/20220921_090000.WAV,Telephone Field,recover-20220922,001,1795
488.6825,488.7192,68437,81790,Rhinolophus ferrumequinum,0.023,0.023,-1,Echolocation,/mnt/ubna_data_02_mir/recover-20220922/UBNA_001/20220921_090000.WAV,Telephone Field,recover-20220922,001,1795
488.7025,488.7103,28046,39801,Eptesicus serotinus,0.008,0.022,-1,Echolocation,/mnt/ubna_data_02_mir/recover-20220922/UBNA_001/20220921_090000.WAV,Telephone Field,recover-20220922,001,1795
488.7445,488.779,68437,81817,Rhinolophus ferrumequinum,0.022,0.022,-1,Echolocation,/mnt/ubna_data_02_mir/recover-20220922/UBNA_001/20220921_090000.WAV,Telephone Field,recover-20220922,001,1795
488.7845,488.7954,22890,27853,Nyctalus leisleri,0.01,0.022,-1,Echolocation,/mnt/ubna_data_02_mir/recover-20220922/UBNA_001/20220921_090000.WAV,Telephone Field,recover-20220922,001,1795
488.7855,488.8243,68437,82283,Rhinolophus ferrumequinum,0.035,0.035,-1,Echolocation,/mnt/ubna_data_02_mir/recover-20220922/UBNA_001/20220921_090000.WAV,Telephone Field,recover-20220922,001,1795
488.8425,488.8792,68437,81312,Rhinolophus ferrumequinum,0.026,0.026,-1,Echolocation,/mnt/ubna_data_02_mir/recover-20220922/UBNA_001/20220921_090000.WAV,Telephone Field,recover-20220922,001,1795
488.8605,488.8698,24609,31959,Eptesicus serotinus,0.007,0.022,-1,Echolocation,/mnt/ubna_data_02_mir/recover-20220922/UBNA_001/20220921_090000.WAV,Telephone Field,recover-20220922,001,1795
488.9015,488.9108,14296,21751,Plecotus auritus,0.01,0.029,-1,Echolocation,/mnt/ubna_data_02_mir/recover-20220922/UBNA_001/20220921_090000.WAV,Telephone Field,recover-20220922,001,1795
488.9055,488.9436,68437,82116,Rhinolophus ferrumequinum,0.023,0.023,-1,Echolocation,/mnt/ubna_data_02_mir/recover-20220922/UBNA_001/20220921_090000.WAV,Telephone Field,recover-20220922,001,1795
488.9225,488.933,28906,36588,Eptesicus serotinus,0.01,0.022,-1,Echolocation,/mnt/ubna_data_02_mir/recover-20220922/UBNA_001/20220921_090000.WAV,Telephone Field,recover-20220922,001,1795
488.9785,489.016,68437,81635,Rhinolophus ferrumequinum,0.022,0.022,-1,Echolocation,/mnt/ubna_data_02_mir/recover-20220922/UBNA_001/20220921_090000.WAV,Telephone Field,recover-20220922,001,1795
489.0075,489.04449999999997,68437,82624,Rhinolophus ferrumequinum,0.022,0.022,-1,Echolocation,/mnt/ubna_data_02_mir/recover-20220922/UBNA_001/20220921_090000.WAV,Telephone Field,recover-20220922,001,1795
489.0405,489.0493,49531,53806,Pipistrellus pipistrellus,0.025,0.03,-1,Echolocation,/mnt/ubna_data_02_mir/recover-20220922/UBNA_001/20220921_090000.WAV,Telephone Field,recover-20220922,001,1795
489.0595,489.0671,26328,36211,Eptesicus serotinus,0.006,0.022,-1,Echolocation,/mnt/ubna_data_02_mir/recover-20220922/UBNA_001/20220921_090000.WAV,Telephone Field,recover-20220922,001,1795
489.0595,489.1008,68437,82852,Rhinolophus ferrumequinum,0.026,0.026,-1,Echolocation,/mnt/ubna_data_02_mir/recover-20220922/UBNA_001/20220921_090000.WAV,Telephone Field,recover-20220922,001,1795
489.1195,489.1285,25468,33961,Eptesicus serotinus,0.01,0.026,-1,Echolocation,/mnt/ubna_data_02_mir/recover-20220922/UBNA_001/20220921_090000.WAV,Telephone Field,recover-20220922,001,1795
489.1205,489.1535,68437,80792,Rhinolophus ferrumequinum,0.022,0.022,-1,Echolocation,/mnt/ubna_data_02_mir/recover-20220922/UBNA_001/20220921_090000.WAV,Telephone Field,recover-20220922,001,1795
489.1435,489.1794,68437,81718,Rhinolophus ferrumequinum,0.021,0.021,-1,Echolocation,/mnt/ubna_data_02_mir/recover-20220922/UBNA_001/20220921_090000.WAV,Telephone Field,recover-20220922,001,1795
489.1505,489.15840000000003,33203,45655,Myotis daubentonii,0.008,0.024,-1,Echolocation,/mnt/ubna_data_02_mir/recover-20220922/UBNA_001/20220921_090000.WAV,Telephone Field,recover-20220922,001,1795
489.1505,489.15840000000003,27187,40498,Eptesicus serotinus,0.008,0.024,-1,Echolocation,/mnt/ubna_data_02_mir/recover-20220922/UBNA_001/20220921_090000.WAV,Telephone Field,recover-20220922,001,1795
489.1805,489.1899,28906,38175,Eptesicus serotinus,0.012,0.026,-1,Echolocation,/mnt/ubna_data_02_mir/recover-20220922/UBNA_001/20220921_090000.WAV,Telephone Field,recover-20220922,001,1795
489.1935,489.2045,28906,35690,Eptesicus serotinus,0.011,0.023,-1,Echolocation,/mnt/ubna_data_02_mir/recover-20220922/UBNA_001/20220921_090000.WAV,Telephone Field,recover-20220922,001,1795
489.2225,489.2624,68437,81740,Rhinolophus ferrumequinum,0.024,0.024,-1,Echolocation,/mnt/ubna_data_02_mir/recover-20220922/UBNA_001/20220921_090000.WAV,Telephone Field,recover-20220922,001,1795
489.2285,489.2383,28906,36402,Eptesicus serotinus,0.009,0.023,-1,Echolocation,/mnt/ubna_data_02_mir/recover-20220922/UBNA_001/20220921_090000.WAV,Telephone Field,recover-20220922,001,1795
489.2605,489.3012,68437,82882,Rhinolophus ferrumequinum,0.027,0.027,-1,Echolocation,/mnt/ubna_data_02_mir/recover-20220922/UBNA_001/20220921_090000.WAV,Telephone Field,recover-20220922,001,1795
489.2985,489.3061,27187,37828,Eptesicus serotinus,0.019,0.044,-1,Echolocation,/mnt/ubna_data_02_mir/recover-20220922/UBNA_001/20220921_090000.WAV,Telephone Field,recover-20220922,001,1795
489.3265,489.3627,68437,81479,Rhinolophus ferrumequinum,0.022,0.022,-1,Echolocation,/mnt/ubna_data_02_mir/recover-20220922/UBNA_001/20220921_090000.WAV,Telephone Field,recover-20220922,001,1795
489.3295,489.3396,23750,29814,Nyctalus leisleri,0.009,0.023,-1,Echolocation,/mnt/ubna_data_02_mir/recover-20220922/UBNA_001/20220921_090000.WAV,Telephone Field,recover-20220922,001,1795
489.3825,489.3918,28046,39804,Eptesicus serotinus,0.01,0.024,-1,Echolocation,/mnt/ubna_data_02_mir/recover-20220922/UBNA_001/20220921_090000.WAV,Telephone Field,recover-20220922,001,1795
489.4105,489.4462,68437,81793,Rhinolophus ferrumequinum,0.022,0.022,-1,Echolocation,/mnt/ubna_data_02_mir/recover-20220922/UBNA_001/20220921_090000.WAV,Telephone Field,recover-20220922,001,1795
489.4245,489.4621,68437,82098,Rhinolophus ferrumequinum,0.023,0.023,-1,Echolocation,/mnt/ubna_data_02_mir/recover-20220922/UBNA_001/20220921_090000.WAV,Telephone Field,recover-20220922,001,1795
489.4755,489.4929,22031,25801,Nyctalus leisleri,0.013,0.024,-1,Echolocation,/mnt/ubna_data_02_mir/recover-20220922/UBNA_001/20220921_090000.WAV,Telephone Field,recover-20220922,001,1795
489.4875,489.4981,24609,30633,Nyctalus leisleri,0.011,0.025,-1,Echolocation,/mnt/ubna_data_02_mir/recover-20220922/UBNA_001/20220921_090000.WAV,Telephone Field,recover-20220922,001,1795
489.5155,489.5533,68437,81969,Rhinolophus ferrumequinum,0.023,0.023,-1,Echolocation,/mnt/ubna_data_02_mir/recover-20220922/UBNA_001/20220921_090000.WAV,Telephone Field,recover-20220922,001,1795
489.5595,489.5702,25468,32743,Eptesicus serotinus,0.015,0.036,-1,Echolocation,/mnt/ubna_data_02_mir/recover-20220922/UBNA_001/20220921_090000.WAV,Telephone Field,recover-20220922,001,1795
489.5995,489.6364,68437,81635,Rhinolophus ferrumequinum,0.024,0.024,-1,Echolocation,/mnt/ubna_data_02_mir/recover-20220922/UBNA_001/20220921_090000.WAV,Telephone Field,recover-20220922,001,1795
489.6305,489.6415,23750,29532,Nyctalus leisleri,0.009,0.022,-1,Echolocation,/mnt/ubna_data_02_mir/recover-20220922/UBNA_001/20220921_090000.WAV,Telephone Field,recover-20220922,001,1795
489.6415,489.6487,28906,40779,Eptesicus serotinus,0.006,0.022,-1,Echolocation,/mnt/ubna_data_02_mir/recover-20220922/UBNA_001/20220921_090000.WAV,Telephone Field,recover-20220922,001,1795
489.6905,489.7305,68437,82134,Rhinolophus ferrumequinum,0.021,0.021,-1,Echolocation,/mnt/ubna_data_02_mir/recover-20220922/UBNA_001/20220921_090000.WAV,Telephone Field,recover-20220922,001,1795
489.7255,489.7336,28906,39235,Eptesicus serotinus,0.008,0.023,-1,Echolocation,/mnt/ubna_data_02_mir/recover-20220922/UBNA_001/20220921_090000.WAV,Telephone Field,recover-20220922,001,1795
489.7345,489.7767,68437,82511,Rhinolophus ferrumequinum,0.043,0.043,-1,Echolocation,/mnt/ubna_data_02_mir/recover-20220922/UBNA_001/20220921_090000.WAV,Telephone Field,recover-20220922,001,1795
489.7805,489.8199,68437,82645,Rhinolophus ferrumequinum,0.022,0.022,-1,Echolocation,/mnt/ubna_data_02_mir/recover-20220922/UBNA_001/20220921_090000.WAV,Telephone Field,recover-20220922,001,1795
489.8435,489.8819,68437,82178,Rhinolophus ferrumequinum,0.022,0.022,-1,Echolocation,/mnt/ubna_data_02_mir/recover-20220922/UBNA_001/20220921_090000.WAV,Telephone Field,recover-20220922,001,1795
489.8495,489.8876,68437,82449,Rhinolophus ferrumequinum,0.022,0.022,-1,Echolocation,/mnt/ubna_data_02_mir/recover-20220922/UBNA_001/20220921_090000.WAV,Telephone Field,recover-20220922,001,1795
489.8655,489.8729,28046,40808,Eptesicus serotinus,0.007,0.024,-1,Echolocation,/mnt/ubna_data_02_mir/recover-20220922/UBNA_001/20220921_090000.WAV,Telephone Field,recover-20220922,001,1795
489.8955,489.9033,26328,35516,Eptesicus serotinus,0.008,0.022,-1,Echolocation,/mnt/ubna_data_02_mir/recover-20220922/UBNA_001/20220921_090000.WAV,Telephone Field,recover-20220922,001,1795
489.8995,489.9381,68437,82510,Rhinolophus ferrumequinum,0.022,0.022,-1,Echolocation,/mnt/ubna_data_02_mir/recover-20220922/UBNA_001/20220921_090000.WAV,Telephone Field,recover-20220922,001,1795
489.9545,489.9932,68437,82378,Rhinolophus ferrumequinum,0.022,0.022,-1,Echolocation,/mnt/ubna_data_02_mir/recover-20220922/UBNA_001/20220921_090000.WAV,Telephone Field,recover-20220922,001,1795
490.0015,490.0108,22890,31637,Nyctalus leisleri,0.009,0.029,-1,Echolocation,/mnt/ubna_data_02_mir/recover-20220922/UBNA_001/20220921_090000.WAV,Telephone Field,recover-20220922,001,1795
490.0015,490.0331,69296,81362,Rhinolophus ferrumequinum,0.031,0.031,-1,Echolocation,/mnt/ubna_data_02_mir/recover-20220922/UBNA_001/20220921_090000.WAV,Telephone Field,recover-20220922,001,1795
490.0015,490.0136,44375,49140,Pipistrellus pipistrellus,0.022,0.027,-1,Echolocation,/mnt/ubna_data_02_mir/recover-20220922/UBNA_001/20220921_090000.WAV,Telephone Field,recover-20220922,001,1795
490.0125,490.0229,44375,51907,Pipistrellus pipistrellus,0.019,0.028,-1,Echolocation,/mnt/ubna_data_02_mir/recover-20220922/UBNA_001/20220921_090000.WAV,Telephone Field,recover-20220922,001,1795
490.0455,490.0876,68437,83642,Rhinolophus ferrumequinum,0.039,0.039,-1,Echolocation,/mnt/ubna_data_02_mir/recover-20220922/UBNA_001/20220921_090000.WAV,Telephone Field,recover-20220922,001,1795
490.0565,490.0926,68437,82082,Rhinolophus ferrumequinum,0.027,0.027,-1,Echolocation,/mnt/ubna_data_02_mir/recover-20220922/UBNA_001/20220921_090000.WAV,Telephone Field,recover-20220922,001,1795
490.0995,490.1409,68437,82798,Rhinolophus ferrumequinum,0.022,0.022,-1,Echolocation,/mnt/ubna_data_02_mir/recover-20220922/UBNA_001/20220921_090000.WAV,Telephone Field,recover-20220922,001,1795
490.1065,490.147,68437,82552,Rhinolophus ferrumequinum,0.026,0.026,-1,Echolocation,/mnt/ubna_data_02_mir/recover-20220922/UBNA_001/20220921_090000.WAV,Telephone Field,recover-20220922,001,1795
490.1505,490.1898,68437,82366,Rhinolophus ferrumequinum,0.024,0.024,-1,Echolocation,/mnt/ubna_data_02_mir/recover-20220922/UBNA_001/20220921_090000.WAV,Telephone Field,recover-20220922,001,1795
490.1535,490.1614,27187,39565,Eptesicus serotinus,0.01,0.032,-1,Echolocation,/mnt/ubna_data_02_mir/recover-20220922/UBNA_001/20220921_090000.WAV,Telephone Field,recover-20220922,001,1795
490.1685,490.2076,68437,82462,Rhinolophus ferrumequinum,0.024,0.024,-1,Echolocation,/mnt/ubna_data_02_mir/recover-20220922/UBNA_001/20220921_090000.WAV,Telephone Field,recover-20220922,001,1795
490.1805,490.2203,68437,82493,Rhinolophus ferrumequinum,0.022,0.022,-1,Echolocation,/mnt/ubna_data_02_mir/recover-20220922/UBNA_001/20220921_090000.WAV,Telephone Field,recover-20220922,001,1795
490.1975,490.2324,68437,81201,Rhinolophus ferrumequinum,0.027,0.027,-1,Echolocation,/mnt/ubna_data_02_mir/recover-20220922/UBNA_001/20220921_090000.WAV,Telephone Field,recover-20220922,001,1795
490.2025,490.2135,23750,29589,Nyctalus leisleri,0.017,0.035,-1,Echolocation,/mnt/ubna_data_02_mir/recover-20220922/UBNA_001/20220921_090000.WAV,Telephone Field,recover-20220922,001,1795
490.2345,490.2709,68437,81768,Rhinolophus ferrumequinum,0.022,0.022,-1,Echolocation,/mnt/ubna_data_02_mir/recover-20220922/UBNA_001/20220921_090000.WAV,Telephone Field,recover-20220922,001,1795
490.2415,490.2503,27187,39256,Eptesicus serotinus,0.008,0.022,-1,Echolocation,/mnt/ubna_data_02_mir/recover-20220922/UBNA_001/20220921_090000.WAV,Telephone Field,recover-20220922,001,1795
490.2745,490.2817,27187,39861,Eptesicus serotinus,0.006,0.022,-1,Echolocation,/mnt/ubna_data_02_mir/recover-20220922/UBNA_001/20220921_090000.WAV,Telephone Field,recover-20220922,001,1795
490.2785,490.3136,68437,81019,Rhinolophus ferrumequinum,0.029,0.029,-1,Echolocation,/mnt/ubna_data_02_mir/recover-20220922/UBNA_001/20220921_090000.WAV,Telephone Field,recover-20220922,001,1795
490.3185,490.3523,68437,80877,Rhinolophus ferrumequinum,0.024,0.024,-1,Echolocation,/mnt/ubna_data_02_mir/recover-20220922/UBNA_001/20220921_090000.WAV,Telephone Field,recover-20220922,001,1795
490.33050000000003,490.3721,68437,82915,Rhinolophus ferrumequinum,0.041,0.041,-1,Echolocation,/mnt/ubna_data_02_mir/recover-20220922/UBNA_001/20220921_090000.WAV,Telephone Field,recover-20220922,001,1795
490.3495,490.3897,68437,82804,Rhinolophus ferrumequinum,0.026,0.026,-1,Echolocation,/mnt/ubna_data_02_mir/recover-20220922/UBNA_001/20220921_090000.WAV,Telephone Field,recover-20220922,001,1795
490.3965,490.4375,68437,82338,Rhinolophus ferrumequinum,0.022,0.022,-1,Echolocation,/mnt/ubna_data_02_mir/recover-20220922/UBNA_001/20220921_090000.WAV,Telephone Field,recover-20220922,001,1795
490.4295,490.4723,68437,83349,Rhinolophus ferrumequinum,0.039,0.039,-1,Echolocation,/mnt/ubna_data_02_mir/recover-20220922/UBNA_001/20220921_090000.WAV,Telephone Field,recover-20220922,001,1795
490.4355,490.4785,68437,83231,Rhinolophus ferrumequinum,0.036,0.036,-1,Echolocation,/mnt/ubna_data_02_mir/recover-20220922/UBNA_001/20220921_090000.WAV,Telephone Field,recover-20220922,001,1795
490.4505,490.4606,23750,29836,Nyctalus leisleri,0.01,0.024,-1,Echolocation,/mnt/ubna_data_02_mir/recover-20220922/UBNA_001/20220921_090000.WAV,Telephone Field,recover-20220922,001,1795
490.4595,490.4691,24609,31384,Eptesicus serotinus,0.008,0.024,-1,Echolocation,/mnt/ubna_data_02_mir/recover-20220922/UBNA_001/20220921_090000.WAV,Telephone Field,recover-20220922,001,1795
490.4795,490.5166,68437,81670,Rhinolophus ferrumequinum,0.024,0.024,-1,Echolocation,/mnt/ubna_data_02_mir/recover-20220922/UBNA_001/20220921_090000.WAV,Telephone Field,recover-20220922,001,1795
490.4905,490.5296,68437,82587,Rhinolophus ferrumequinum,0.028,0.028,-1,Echolocation,/mnt/ubna_data_02_mir/recover-20220922/UBNA_001/20220921_090000.WAV,Telephone Field,recover-20220922,001,1795
490.4965,490.5367,68437,82456,Rhinolophus ferrumequinum,0.026,0.026,-1,Echolocation,/mnt/ubna_data_02_mir/recover-20220922/UBNA_001/20220921_090000.WAV,Telephone Field,recover-20220922,001,1795
490.5425,490.5825,68437,83105,Rhinolophus ferrumequinum,0.023,0.023,-1,Echolocation,/mnt/ubna_data_02_mir/recover-20220922/UBNA_001/20220921_090000.WAV,Telephone Field,recover-20220922,001,1795
490.5575,490.6014,68437,83674,Rhinolophus ferrumequinum,0.048,0.048,-1,Echolocation,/mnt/ubna_data_02_mir/recover-20220922/UBNA_001/20220921_090000.WAV,Telephone Field,recover-20220922,001,1795
490.5815,490.6197,68437,81913,Rhinolophus ferrumequinum,0.023,0.023,-1,Echolocation,/mnt/ubna_data_02_mir/recover-20220922/UBNA_001/20220921_090000.WAV,Telephone Field,recover-20220922,001,1795
490.5905,490.6009,22890,27381,Nyctalus leisleri,0.011,0.022,-1,Echolocation,/mnt/ubna_data_02_mir/recover-20220922/UBNA_001/20220921_090000.WAV,Telephone Field,recover-20220922,001,1795
490.5955,490.6341,68437,82127,Rhinolophus ferrumequinum,0.022,0.022,-1,Echolocation,/mnt/ubna_data_02_mir/recover-20220922/UBNA_001/20220921_090000.WAV,Telephone Field,recover-20220922,001,1795
490.6365,490.6763,68437,82406,Rhinolophus ferrumequinum,0.026,0.026,-1,Echolocation,/mnt/ubna_data_02_mir/recover-20220922/UBNA_001/20220921_090000.WAV,Telephone Field,recover-20220922,001,1795
490.6555,490.67,22031,25694,Nyctalus leisleri,0.017,0.027,-1,Echolocation,/mnt/ubna_data_02_mir/recover-20220922/UBNA_001/20220921_090000.WAV,Telephone Field,recover-20220922,001,1795
490.66949999999997,490.7066,68437,81550,Rhinolophus ferrumequinum,0.025,0.025,-1,Echolocation,/mnt/ubna_data_02_mir/recover-20220922/UBNA_001/20220921_090000.WAV,Telephone Field,recover-20220922,001,1795
490.6795,490.6873,28046,37846,Eptesicus serotinus,0.007,0.022,-1,Echolocation,/mnt/ubna_data_02_mir/recover-20220922/UBNA_001/20220921_090000.WAV,Telephone Field,recover-20220922,001,1795
490.6995,490.7361,68437,81268,Rhinolophus ferrumequinum,0.023,0.023,-1,Echolocation,/mnt/ubna_data_02_mir/recover-20220922/UBNA_001/20220921_090000.WAV,Telephone Field,recover-20220922,001,1795
490.7205,490.7588,68437,81929,Rhinolophus ferrumequinum,0.021,0.021,-1,Echolocation,/mnt/ubna_data_02_mir/recover-20220922/UBNA_001/20220921_090000.WAV,Telephone Field,recover-20220922,001,1795
490.7425,490.7478,38359,53106,Myotis daubentonii,0.007,0.023,-1,Echolocation,/mnt/ubna_data_02_mir/recover-20220922/UBNA_001/20220921_090000.WAV,Telephone Field,recover-20220922,001,1795
490.7585,490.7986,68437,82698,Rhinolophus ferrumequinum,0.025,0.025,-1,Echolocation,/mnt/ubna_data_02_mir/recover-20220922/UBNA_001/20220921_090000.WAV,Telephone Field,recover-20220922,001,1795
490.8005,490.8402,68437,81931,Rhinolophus ferrumequinum,0.023,0.023,-1,Echolocation,/mnt/ubna_data_02_mir/recover-20220922/UBNA_001/20220921_090000.WAV,Telephone Field,recover-20220922,001,1795
490.8115,490.848,68437,81213,Rhinolophus ferrumequinum,0.022,0.022,-1,Echolocation,/mnt/ubna_data_02_mir/recover-20220922/UBNA_001/20220921_090000.WAV,Telephone Field,recover-20220922,001,1795
490.8765,490.8849,28046,38152,Eptesicus serotinus,0.009,0.026,-1,Echolocation,/mnt/ubna_data_02_mir/recover-20220922/UBNA_001/20220921_090000.WAV,Telephone Field,recover-20220922,001,1795
490.8775,490.9193,68437,82441,Rhinolophus ferrumequinum,0.029,0.029,-1,Echolocation,/mnt/ubna_data_02_mir/recover-20220922/UBNA_001/20220921_090000.WAV,Telephone Field,recover-20220922,001,1795
490.9205,490.9275,27187,40303,Eptesicus serotinus,0.009,0.031,-1,Echolocation,/mnt/ubna_data_02_mir/recover-20220922/UBNA_001/20220921_090000.WAV,Telephone Field,recover-20220922,001,1795
490.9305,490.9676,68437,81815,Rhinolophus ferrumequinum,0.024,0.024,-1,Echolocation,/mnt/ubna_data_02_mir/recover-20220922/UBNA_001/20220921_090000.WAV,Telephone Field,recover-20220922,001,1795
490.9425,490.9803,68437,82157,Rhinolophus ferrumequinum,0.026,0.026,-1,Echolocation,/mnt/ubna_data_02_mir/recover-20220922/UBNA_001/20220921_090000.WAV,Telephone Field,recover-20220922,001,1795
490.9535,490.9921,68437,81869,Rhinolophus ferrumequinum,0.022,0.022,-1,Echolocation,/mnt/ubna_data_02_mir/recover-20220922/UBNA_001/20220921_090000.WAV,Telephone Field,recover-20220922,001,1795
490.9695,490.9785,24609,32762,Nyctalus leisleri,0.007,0.023,-1,Echolocation,/mnt/ubna_data_02_mir/recover-20220922/UBNA_001/20220921_090000.WAV,Telephone Field,recover-20220922,001,1795
490.9815,490.9925,26328,32522,Eptesicus serotinus,0.009,0.022,-1,Echolocation,/mnt/ubna_data_02_mir/recover-20220922/UBNA_001/20220921_090000.WAV,Telephone Field,recover-20220922,001,1795
491.0215,491.0606,68437,82033,Rhinolophus ferrumequinum,0.024,0.024,-1,Echolocation,/mnt/ubna_data_02_mir/recover-20220922/UBNA_001/20220921_090000.WAV,Telephone Field,recover-20220922,001,1795
491.0345,491.074,68437,82246,Rhinolophus ferrumequinum,0.024,0.024,-1,Echolocation,/mnt/ubna_data_02_mir/recover-20220922/UBNA_001/20220921_090000.WAV,Telephone Field,recover-20220922,001,1795
491.0415,491.0483,27187,36607,Eptesicus serotinus,0.007,0.024,-1,Echolocation,/mnt/ubna_data_02_mir/recover-20220922/UBNA_001/20220921_090000.WAV,Telephone Field,recover-20220922,001,1795
491.0675,491.1073,68437,82060,Rhinolophus ferrumequinum,0.022,0.022,-1,Echolocation,/mnt/ubna_data_02_mir/recover-20220922/UBNA_001/20220921_090000.WAV,Telephone Field,recover-20220922,001,1795
491.1005,491.1104,22031,28298,Nyctalus leisleri,0.008,0.022,-1,Echolocation,/mnt/ubna_data_02_mir/recover-20220922/UBNA_001/20220921_090000.WAV,Telephone Field,recover-20220922,001,1795
491.1045,491.1128,28046,37197,Eptesicus serotinus,0.007,0.023,-1,Echolocation,/mnt/ubna_data_02_mir/recover-20220922/UBNA_001/20220921_090000.WAV,Telephone Field,recover-20220922,001,1795
491.1145,491.1537,68437,82444,Rhinolophus ferrumequinum,0.026,0.026,-1,Echolocation,/mnt/ubna_data_02_mir/recover-20220922/UBNA_001/20220921_090000.WAV,Telephone Field,recover-20220922,001,1795
491.1235,491.161,68437,81552,Rhinolophus ferrumequinum,0.026,0.026,-1,Echolocation,/mnt/ubna_data_02_mir/recover-20220922/UBNA_001/20220921_090000.WAV,Telephone Field,recover-20220922,001,1795
491.1495,491.19,68437,82955,Rhinolophus ferrumequinum,0.024,0.024,-1,Echolocation,/mnt/ubna_data_02_mir/recover-20220922/UBNA_001/20220921_090000.WAV,Telephone Field,recover-20220922,001,1795
491.1825,491.2215,68437,82074,Rhinolophus ferrumequinum,0.028,0.028,-1,Echolocation,/mnt/ubna_data_02_mir/recover-20220922/UBNA_001/20220921_090000.WAV,Telephone Field,recover-20220922,001,1795
491.1995,491.2109,22890,28160,Nyctalus leisleri,0.012,0.026,-1,Echolocation,/mnt/ubna_data_02_mir/recover-20220922/UBNA_001/20220921_090000.WAV,Telephone Field,recover-20220922,001,1795
491.2015,491.2403,68437,82488,Rhinolophus ferrumequinum,0.024,0.024,-1,Echolocation,/mnt/ubna_data_02_mir/recover-20220922/UBNA_001/20220921_090000.WAV,Telephone Field,recover-20220922,001,1795
491.2395,491.2806,68437,82941,Rhinolophus ferrumequinum,0.032,0.032,-1,Echolocation,/mnt/ubna_data_02_mir/recover-20220922/UBNA_001/20220921_090000.WAV,Telephone Field,recover-20220922,001,1795
491.2595,491.2687,28046,36170,Eptesicus serotinus,0.008,0.022,-1,Echolocation,/mnt/ubna_data_02_mir/recover-20220922/UBNA_001/20220921_090000.WAV,Telephone Field,recover-20220922,001,1795
491.2865,491.2956,28046,37531,Eptesicus serotinus,0.008,0.022,-1,Echolocation,/mnt/ubna_data_02_mir/recover-20220922/UBNA_001/20220921_090000.WAV,Telephone Field,recover-20220922,001,1795
491.3075,491.3499,68437,83329,Rhinolophus ferrumequinum,0.025,0.025,-1,Echolocation,/mnt/ubna_data_02_mir/recover-20220922/UBNA_001/20220921_090000.WAV,Telephone Field,recover-20220922,001,1795
491.3105,491.3174,26328,38259,Eptesicus serotinus,0.005,0.023,-1,Echolocation,/mnt/ubna_data_02_mir/recover-20220922/UBNA_001/20220921_090000.WAV,Telephone Field,recover-20220922,001,1795
491.3585,491.3986,68437,82722,Rhinolophus ferrumequinum,0.028,0.028,-1,Echolocation,/mnt/ubna_data_02_mir/recover-20220922/UBNA_001/20220921_090000.WAV,Telephone Field,recover-20220922,001,1795
491.3825,491.422,68437,81810,Rhinolophus ferrumequinum,0.024,0.024,-1,Echolocation,/mnt/ubna_data_02_mir/recover-20220922/UBNA_001/20220921_090000.WAV,Telephone Field,recover-20220922,001,1795
491.3985,491.4099,23750,28351,Nyctalus leisleri,0.014,0.025,-1,Echolocation,/mnt/ubna_data_02_mir/recover-20220922/UBNA_001/20220921_090000.WAV,Telephone Field,recover-20220922,001,1795
491.4255,491.4331,28046,39551,Eptesicus serotinus,0.006,0.022,-1,Echolocation,/mnt/ubna_data_02_mir/recover-20220922/UBNA_001/20220921_090000.WAV,Telephone Field,recover-20220922,001,1795
491.4275,491.4692,68437,83016,Rhinolophus ferrumequinum,0.024,0.024,-1,Echolocation,/mnt/ubna_data_02_mir/recover-20220922/UBNA_001/20220921_090000.WAV,Telephone Field,recover-20220922,001,1795
491.4585,491.495,68437,81617,Rhinolophus ferrumequinum,0.022,0.022,-1,Echolocation,/mnt/ubna_data_02_mir/recover-20220922/UBNA_001/20220921_090000.WAV,Telephone Field,recover-20220922,001,1795
491.4965,491.53679999999997,68437,82494,Rhinolophus ferrumequinum,0.024,0.024,-1,Echolocation,/mnt/ubna_data_02_mir/recover-20220922/UBNA_001/20220921_090000.WAV,Telephone Field,recover-20220922,001,1795
491.5025,491.5416,68437,82093,Rhinolophus ferrumequinum,0.024,0.024,-1,Echolocation,/mnt/ubna_data_02_mir/recover-20220922/UBNA_001/20220921_090000.WAV,Telephone Field,recover-20220922,001,1795
491.5185,491.527,28906,38071,Eptesicus serotinus,0.014,0.034,-1,Echolocation,/mnt/ubna_data_02_mir/recover-20220922/UBNA_001/20220921_090000.WAV,Telephone Field,recover-20220922,001,1795
491.5345,491.574,68437,81541,Rhinolophus ferrumequinum,0.025,0.025,-1,Echolocation,/mnt/ubna_data_02_mir/recover-20220922/UBNA_001/20220921_090000.WAV,Telephone Field,recover-20220922,001,1795
491.5425,491.5823,68437,82082,Rhinolophus ferrumequinum,0.024,0.024,-1,Echolocation,/mnt/ubna_data_02_mir/recover-20220922/UBNA_001/20220921_090000.WAV,Telephone Field,recover-20220922,001,1795
491.5665,491.5741,26328,37900,Eptesicus serotinus,0.006,0.022,-1,Echolocation,/mnt/ubna_data_02_mir/recover-20220922/UBNA_001/20220921_090000.WAV,Telephone Field,recover-20220922,001,1795
491.5745,491.5838,25468,33703,Eptesicus serotinus,0.008,0.024,-1,Echolocation,/mnt/ubna_data_02_mir/recover-20220922/UBNA_001/20220921_090000.WAV,Telephone Field,recover-20220922,001,1795
491.5765,491.6177,68437,82681,Rhinolophus ferrumequinum,0.026,0.026,-1,Echolocation,/mnt/ubna_data_02_mir/recover-20220922/UBNA_001/20220921_090000.WAV,Telephone Field,recover-20220922,001,1795
491.6105,491.649,68437,81533,Rhinolophus ferrumequinum,0.023,0.023,-1,Echolocation,/mnt/ubna_data_02_mir/recover-20220922/UBNA_001/20220921_090000.WAV,Telephone Field,recover-20220922,001,1795
491.6125,491.6213,43515,46771,Pipistrellus pipistrellus,0.026,0.029,-1,Echolocation,/mnt/ubna_data_02_mir/recover-20220922/UBNA_001/20220921_090000.WAV,Telephone Field,recover-20220922,001,1795
491.6155,491.6233,27187,37156,Eptesicus serotinus,0.007,0.022,-1,Echolocation,/mnt/ubna_data_02_mir/recover-20220922/UBNA_001/20220921_090000.WAV,Telephone Field,recover-20220922,001,1795
491.6345,491.6734,68437,82401,Rhinolophus ferrumequinum,0.028,0.028,-1,Echolocation,/mnt/ubna_data_02_mir/recover-20220922/UBNA_001/20220921_090000.WAV,Telephone Field,recover-20220922,001,1795
491.6485,491.6926,68437,82983,Rhinolophus ferrumequinum,0.035,0.035,-1,Echolocation,/mnt/ubna_data_02_mir/recover-20220922/UBNA_001/20220921_090000.WAV,Telephone Field,recover-20220922,001,1795
491.6555,491.6995,68437,83512,Rhinolophus ferrumequinum,0.034,0.034,-1,Echolocation,/mnt/ubna_data_02_mir/recover-20220922/UBNA_001/20220921_090000.WAV,Telephone Field,recover-20220922,001,1795
491.6865,491.6958,25468,33780,Eptesicus serotinus,0.015,0.038,-1,Echolocation,/mnt/ubna_data_02_mir/recover-20220922/UBNA_001/20220921_090000.WAV,Telephone Field,recover-20220922,001,1795
491.7225,491.76,68437,82324,Rhinolophus ferrumequinum,0.023,0.023,-1,Echolocation,/mnt/ubna_data_02_mir/recover-20220922/UBNA_001/20220921_090000.WAV,Telephone Field,recover-20220922,001,1795
491.7355,491.7767,68437,82427,Rhinolophus ferrumequinum,0.025,0.025,-1,Echolocation,/mnt/ubna_data_02_mir/recover-20220922/UBNA_001/20220921_090000.WAV,Telephone Field,recover-20220922,001,1795
491.7415,491.7815,68437,82461,Rhinolophus ferrumequinum,0.024,0.024,-1,Echolocation,/mnt/ubna_data_02_mir/recover-20220922/UBNA_001/20220921_090000.WAV,Telephone Field,recover-20220922,001,1795
491.7725,491.8142,68437,82838,Rhinolophus ferrumequinum,0.032,0.032,-1,Echolocation,/mnt/ubna_data_02_mir/recover-20220922/UBNA_001/20220921_090000.WAV,Telephone Field,recover-20220922,001,1795
491.7785,491.8189,68437,82603,Rhinolophus ferrumequinum,0.033,0.034,-1,Echolocation,/mnt/ubna_data_02_mir/recover-20220922/UBNA_001/20220921_090000.WAV,Telephone Field,recover-20220922,001,1795
491.8005,491.8385,68437,82788,Rhinolophus ferrumequinum,0.029,0.029,-1,Echolocation,/mnt/ubna_data_02_mir/recover-20220922/UBNA_001/20220921_090000.WAV,Telephone Field,recover-20220922,001,1795
491.8175,491.8564,68437,81884,Rhinolophus ferrumequinum,0.025,0.025,-1,Echolocation,/mnt/ubna_data_02_mir/recover-20220922/UBNA_001/20220921_090000.WAV,Telephone Field,recover-20220922,001,1795
491.83050000000003,491.8413,22890,27696,Nyctalus leisleri,0.012,0.024,-1,Echolocation,/mnt/ubna_data_02_mir/recover-20220922/UBNA_001/20220921_090000.WAV,Telephone Field,recover-20220922,001,1795
491.8355,491.8779,68437,82735,Rhinolophus ferrumequinum,0.024,0.024,-1,Echolocation,/mnt/ubna_data_02_mir/recover-20220922/UBNA_001/20220921_090000.WAV,Telephone Field,recover-20220922,001,1795
491.8535,491.8892,68437,81056,Rhinolophus ferrumequinum,0.022,0.022,-1,Echolocation,/mnt/ubna_data_02_mir/recover-20220922/UBNA_001/20220921_090000.WAV,Telephone Field,recover-20220922,001,1795
491.8705,491.9049,68437,80204,Rhinolophus ferrumequinum,0.023,0.024,-1,Echolocation,/mnt/ubna_data_02_mir/recover-20220922/UBNA_001/20220921_090000.WAV,Telephone Field,recover-20220922,001,1795
491.9115,491.9517,68437,82597,Rhinolophus ferrumequinum,0.025,0.025,-1,Echolocation,/mnt/ubna_data_02_mir/recover-20220922/UBNA_001/20220921_090000.WAV,Telephone Field,recover-20220922,001,1795
491.9225,491.9599,68437,81573,Rhinolophus ferrumequinum,0.022,0.023,-1,Echolocation,/mnt/ubna_data_02_mir/recover-20220922/UBNA_001/20220921_090000.WAV,Telephone Field,recover-20220922,001,1795
491.9445,491.9845,68437,81686,Rhinolophus ferrumequinum,0.022,0.022,-1,Echolocation,/mnt/ubna_data_02_mir/recover-20220922/UBNA_001/20220921_090000.WAV,Telephone Field,recover-20220922,001,1795
491.9455,491.9527,24609,34572,Plecotus austriacus,0.007,0.022,-1,Echolocation,/mnt/ubna_data_02_mir/recover-20220922/UBNA_001/20220921_090000.WAV,Telephone Field,recover-20220922,001,1795
492.0015,492.033,69296,80270,Rhinolophus ferrumequinum,0.041,0.041,-1,Echolocation,/mnt/ubna_data_02_mir/recover-20220922/UBNA_001/20220921_090000.WAV,Telephone Field,recover-20220922,001,1795
492.0015,492.0141,21171,25910,Nyctalus leisleri,0.012,0.024,-1,Echolocation,/mnt/ubna_data_02_mir/recover-20220922/UBNA_001/20220921_090000.WAV,Telephone Field,recover-20220922,001,1795
492.0015,492.01030000000003,26328,35199,Nyctalus leisleri,0.006,0.025,-1,Echolocation,/mnt/ubna_data_02_mir/recover-20220922/UBNA_001/20220921_090000.WAV,Telephone Field,recover-20220922,001,1795
492.0015,492.0107,47812,54222,Pipistrellus pipistrellus,0.022,0.029,-1,Echolocation,/mnt/ubna_data_02_mir/recover-20220922/UBNA_001/20220921_090000.WAV,Telephone Field,recover-20220922,001,1795
492.0105,492.0186,26328,36188,Eptesicus serotinus,0.007,0.024,-1,Echolocation,/mnt/ubna_data_02_mir/recover-20220922/UBNA_001/20220921_090000.WAV,Telephone Field,recover-20220922,001,1795
492.0935,492.1305,68437,81336,Rhinolophus ferrumequinum,0.028,0.028,-1,Echolocation,/mnt/ubna_data_02_mir/recover-20220922/UBNA_001/20220921_090000.WAV,Telephone Field,recover-20220922,001,1795
492.1215,492.1575,68437,81398,Rhinolophus ferrumequinum,0.022,0.022,-1,Echolocation,/mnt/ubna_data_02_mir/recover-20220922/UBNA_001/20220921_090000.WAV,Telephone Field,recover-20220922,001,1795
492.1235,492.1324,28046,40323,Eptesicus serotinus,0.01,0.026,-1,Echolocation,/mnt/ubna_data_02_mir/recover-20220922/UBNA_001/20220921_090000.WAV,Telephone Field,recover-20220922,001,1795
492.1355,492.1752,68437,82238,Rhinolophus ferrumequinum,0.031,0.031,-1,Echolocation,/mnt/ubna_data_02_mir/recover-20220922/UBNA_001/20220921_090000.WAV,Telephone Field,recover-20220922,001,1795
492.1395,492.1491,44375,48944,Pipistrellus pipistrellus,0.03,0.031,-1,Echolocation,/mnt/ubna_data_02_mir/recover-20220922/UBNA_001/20220921_090000.WAV,Telephone Field,recover-20220922,001,1795
492.1505,492.1889,68437,82108,Rhinolophus ferrumequinum,0.023,0.023,-1,Echolocation,/mnt/ubna_data_02_mir/recover-20220922/UBNA_001/20220921_090000.WAV,Telephone Field,recover-20220922,001,1795
492.1585,492.1722,23750,28154,Nyctalus leisleri,0.018,0.034,-1,Echolocation,/mnt/ubna_data_02_mir/recover-20220922/UBNA_001/20220921_090000.WAV,Telephone Field,recover-20220922,001,1795
492.1625,492.2031,68437,82344,Rhinolophus ferrumequinum,0.031,0.031,-1,Echolocation,/mnt/ubna_data_02_mir/recover-20220922/UBNA_001/20220921_090000.WAV,Telephone Field,recover-20220922,001,1795
492.16949999999997,492.2091,68437,81730,Rhinolophus ferrumequinum,0.034,0.034,-1,Echolocation,/mnt/ubna_data_02_mir/recover-20220922/UBNA_001/20220921_090000.WAV,Telephone Field,recover-20220922,001,1795
492.1965,492.2381,68437,83034,Rhinolophus ferrumequinum,0.036,0.036,-1,Echolocation,/mnt/ubna_data_02_mir/recover-20220922/UBNA_001/20220921_090000.WAV,Telephone Field,recover-20220922,001,1795
492.2035,492.214,22890,27968,Nyctalus leisleri,0.011,0.023,-1,Echolocation,/mnt/ubna_data_02_mir/recover-20220922/UBNA_001/20220921_090000.WAV,Telephone Field,recover-20220922,001,1795
492.2655,492.3106,68437,83458,Rhinolophus ferrumequinum,0.049,0.049,-1,Echolocation,/mnt/ubna_data_02_mir/recover-20220922/UBNA_001/20220921_090000.WAV,Telephone Field,recover-20220922,001,1795
492.2815,492.3197,68437,82528,Rhinolophus ferrumequinum,0.025,0.025,-1,Echolocation,/mnt/ubna_data_02_mir/recover-20220922/UBNA_001/20220921_090000.WAV,Telephone Field,recover-20220922,001,1795
492.2855,492.2941,25468,33663,Eptesicus serotinus,0.009,0.028,-1,Echolocation,/mnt/ubna_data_02_mir/recover-20220922/UBNA_001/20220921_090000.WAV,Telephone Field,recover-20220922,001,1795
492.2915,492.3297,68437,81538,Rhinolophus ferrumequinum,0.023,0.023,-1,Echolocation,/mnt/ubna_data_02_mir/recover-20220922/UBNA_001/20220921_090000.WAV,Telephone Field,recover-20220922,001,1795
492.3005,492.3385,68437,82031,Rhinolophus ferrumequinum,0.022,0.022,-1,Echolocation,/mnt/ubna_data_02_mir/recover-20220922/UBNA_001/20220921_090000.WAV,Telephone Field,recover-20220922,001,1795
492.3275,492.366,68437,82035,Rhinolophus ferrumequinum,0.021,0.022,-1,Echolocation,/mnt/ubna_data_02_mir/recover-20220922/UBNA_001/20220921_090000.WAV,Telephone Field,recover-20220922,001,1795
492.3455,492.3839,68437,81481,Rhinolophus ferrumequinum,0.024,0.024,-1,Echolocation,/mnt/ubna_data_02_mir/recover-20220922/UBNA_001/20220921_090000.WAV,Telephone Field,recover-20220922,001,1795
492.3755,492.3811,37500,47403,Myotis daubentonii,0.01,0.025,-1,Echolocation,/mnt/ubna_data_02_mir/recover-20220922/UBNA_001/20220921_090000.WAV,Telephone Field,recover-20220922,001,1795
492.3765,492.3831,26328,42010,Myotis nattereri,0.005,0.024,-1,Echolocation,/mnt/ubna_data_02_mir/recover-20220922/UBNA_001/20220921_090000.WAV,Telephone Field,recover-20220922,001,1795
492.3895,492.3981,51250,58964,Pipistrellus pipistrellus,0.017,0.023,-1,Echolocation,/mnt/ubna_data_02_mir/recover-20220922/UBNA_001/20220921_090000.WAV,Telephone Field,recover-20220922,001,1795
492.3935,492.4028,28046,36247,Eptesicus serotinus,0.008,0.022,-1,Echolocation,/mnt/ubna_data_02_mir/recover-20220922/UBNA_001/20220921_090000.WAV,Telephone Field,recover-20220922,001,1795
492.3965,492.4064,56406,61537,Pipistrellus pygmaeus,0.02,0.022,-1,Echolocation,/mnt/ubna_data_02_mir/recover-20220922/UBNA_001/20220921_090000.WAV,Telephone Field,recover-20220922,001,1795
492.3985,492.4366,68437,81981,Rhinolophus ferrumequinum,0.023,0.023,-1,Echolocation,/mnt/ubna_data_02_mir/recover-20220922/UBNA_001/20220921_090000.WAV,Telephone Field,recover-20220922,001,1795
492.4045,492.4427,68437,82151,Rhinolophus ferrumequinum,0.023,0.023,-1,Echolocation,/mnt/ubna_data_02_mir/recover-20220922/UBNA_001/20220921_090000.WAV,Telephone Field,recover-20220922,001,1795
492.4265,492.4662,68437,82235,Rhinolophus ferrumequinum,0.022,0.022,-1,Echolocation,/mnt/ubna_data_02_mir/recover-20220922/UBNA_001/20220921_090000.WAV,Telephone Field,recover-20220922,001,1795
492.4335,492.4725,68437,82362,Rhinolophus ferrumequinum,0.022,0.022,-1,Echolocation,/mnt/ubna_data_02_mir/recover-20220922/UBNA_001/20220921_090000.WAV,Telephone Field,recover-20220922,001,1795
492.4985,492.507,28906,39961,Eptesicus serotinus,0.008,0.023,-1,Echolocation,/mnt/ubna_data_02_mir/recover-20220922/UBNA_001/20220921_090000.WAV,Telephone Field,recover-20220922,001,1795
492.4995,492.5196,19453,23166,Nyctalus noctula,0.039,0.071,-1,Echolocation,/mnt/ubna_data_02_mir/recover-20220922/UBNA_001/20220921_090000.WAV,Telephone Field,recover-20220922,001,1795
492.4995,492.5098,44375,51693,Pipistrellus pipistrellus,0.018,0.025,-1,Echolocation,/mnt/ubna_data_02_mir/recover-20220922/UBNA_001/20220921_090000.WAV,Telephone Field,recover-20220922,001,1795
492.5095,492.5473,68437,82131,Rhinolophus ferrumequinum,0.021,0.021,-1,Echolocation,/mnt/ubna_data_02_mir/recover-20220922/UBNA_001/20220921_090000.WAV,Telephone Field,recover-20220922,001,1795
492.5185,492.5289,27187,35119,Eptesicus serotinus,0.012,0.025,-1,Echolocation,/mnt/ubna_data_02_mir/recover-20220922/UBNA_001/20220921_090000.WAV,Telephone Field,recover-20220922,001,1795
492.5365,492.5725,68437,81477,Rhinolophus ferrumequinum,0.022,0.022,-1,Echolocation,/mnt/ubna_data_02_mir/recover-20220922/UBNA_001/20220921_090000.WAV,Telephone Field,recover-20220922,001,1795
492.5485,492.5829,68437,81398,Rhinolophus ferrumequinum,0.022,0.022,-1,Echolocation,/mnt/ubna_data_02_mir/recover-20220922/UBNA_001/20220921_090000.WAV,Telephone Field,recover-20220922,001,1795
492.5585,492.598,68437,82464,Rhinolophus ferrumequinum,0.024,0.024,-1,Echolocation,/mnt/ubna_data_02_mir/recover-20220922/UBNA_001/20220921_090000.WAV,Telephone Field,recover-20220922,001,1795
492.5725,492.5848,22031,26753,Nyctalus leisleri,0.013,0.024,-1,Echolocation,/mnt/ubna_data_02_mir/recover-20220922/UBNA_001/20220921_090000.WAV,Telephone Field,recover-20220922,001,1795
492.5885,492.5999,26328,32010,Eptesicus serotinus,0.009,0.022,-1,Echolocation,/mnt/ubna_data_02_mir/recover-20220922/UBNA_001/20220921_090000.WAV,Telephone Field,recover-20220922,001,1795
492.6255,492.6333,28046,37747,Eptesicus serotinus,0.008,0.025,-1,Echolocation,/mnt/ubna_data_02_mir/recover-20220922/UBNA_001/20220921_090000.WAV,Telephone Field,recover-20220922,001,1795
492.6275,492.6343,23750,33064,Plecotus austriacus,0.012,0.025,-1,Echolocation,/mnt/ubna_data_02_mir/recover-20220922/UBNA_001/20220921_090000.WAV,Telephone Field,recover-20220922,001,1795
492.6435,492.6814,68437,81623,Rhinolophus ferrumequinum,0.034,0.034,-1,Echolocation,/mnt/ubna_data_02_mir/recover-20220922/UBNA_001/20220921_090000.WAV,Telephone Field,recover-20220922,001,1795
492.6765,492.7144,68437,82100,Rhinolophus ferrumequinum,0.022,0.022,-1,Echolocation,/mnt/ubna_data_02_mir/recover-20220922/UBNA_001/20220921_090000.WAV,Telephone Field,recover-20220922,001,1795
492.6865,492.7254,68437,82139,Rhinolophus ferrumequinum,0.022,0.022,-1,Echolocation,/mnt/ubna_data_02_mir/recover-20220922/UBNA_001/20220921_090000.WAV,Telephone Field,recover-20220922,001,1795
492.7135,492.7214,28046,38118,Eptesicus serotinus,0.01,0.029,-1,Echolocation,/mnt/ubna_data_02_mir/recover-20220922/UBNA_001/20220921_090000.WAV,Telephone Field,recover-20220922,001,1795
492.7325,492.73969999999997,27187,37491,Eptesicus serotinus,0.007,0.024,-1,Echolocation,/mnt/ubna_data_02_mir/recover-20220922/UBNA_001/20220921_090000.WAV,Telephone Field,recover-20220922,001,1795
492.7395,492.7801,68437,82989,Rhinolophus ferrumequinum,0.026,0.027,-1,Echolocation,/mnt/ubna_data_02_mir/recover-20220922/UBNA_001/20220921_090000.WAV,Telephone Field,recover-20220922,001,1795
492.7475,492.7877,68437,82352,Rhinolophus ferrumequinum,0.023,0.023,-1,Echolocation,/mnt/ubna_data_02_mir/recover-20220922/UBNA_001/20220921_090000.WAV,Telephone Field,recover-20220922,001,1795
492.7485,492.7642,21171,24383,Nyctalus leisleri,0.017,0.027,-1,Echolocation,/mnt/ubna_data_02_mir/recover-20220922/UBNA_001/20220921_090000.WAV,Telephone Field,recover-20220922,001,1795
492.7715,492.8069,68437,81647,Rhinolophus ferrumequinum,0.022,0.022,-1,Echolocation,/mnt/ubna_data_02_mir/recover-20220922/UBNA_001/20220921_090000.WAV,Telephone Field,recover-20220922,001,1795
492.7805,492.791,14296,19938,Nyctalus noctula,0.01,0.022,-1,Echolocation,/mnt/ubna_data_02_mir/recover-20220922/UBNA_001/20220921_090000.WAV,Telephone Field,recover-20220922,001,1795
492.7955,492.8065,28046,35120,Eptesicus serotinus,0.011,0.025,-1,Echolocation,/mnt/ubna_data_02_mir/recover-20220922/UBNA_001/20220921_090000.WAV,Telephone Field,recover-20220922,001,1795
492.8085,492.8178,23750,30865,Nyctalus leisleri,0.008,0.022,-1,Echolocation,/mnt/ubna_data_02_mir/recover-20220922/UBNA_001/20220921_090000.WAV,Telephone Field,recover-20220922,001,1795
492.8315,492.8689,68437,81807,Rhinolophus ferrumequinum,0.037,0.037,-1,Echolocation,/mnt/ubna_data_02_mir/recover-20220922/UBNA_001/20220921_090000.WAV,Telephone Field,recover-20220922,001,1795
492.8615,492.874,36640,40206,Pipistrellus nathusii,0.013,0.026,-1,Echolocation,/mnt/ubna_data_02_mir/recover-20220922/UBNA_001/20220921_090000.WAV,Telephone Field,recover-20220922,001,1795
492.8625,492.9019,68437,82073,Rhinolophus ferrumequinum,0.044,0.044,-1,Echolocation,/mnt/ubna_data_02_mir/recover-20220922/UBNA_001/20220921_090000.WAV,Telephone Field,recover-20220922,001,1795
492.8905,492.9312,68437,82605,Rhinolophus ferrumequinum,0.025,0.025,-1,Echolocation,/mnt/ubna_data_02_mir/recover-20220922/UBNA_001/20220921_090000.WAV,Telephone Field,recover-20220922,001,1795
492.8915,492.902,24609,31580,Nyctalus leisleri,0.008,0.023,-1,Echolocation,/mnt/ubna_data_02_mir/recover-20220922/UBNA_001/20220921_090000.WAV,Telephone Field,recover-20220922,001,1795
492.9025,492.9431,68437,82793,Rhinolophus ferrumequinum,0.024,0.024,-1,Echolocation,/mnt/ubna_data_02_mir/recover-20220922/UBNA_001/20220921_090000.WAV,Telephone Field,recover-20220922,001,1795
492.9115,492.9225,35781,40576,Barbastellus barbastellus,0.006,0.024,-1,Echolocation,/mnt/ubna_data_02_mir/recover-20220922/UBNA_001/20220921_090000.WAV,Telephone Field,recover-20220922,001,1795
492.9285,492.9691,68437,82277,Rhinolophus ferrumequinum,0.026,0.026,-1,Echolocation,/mnt/ubna_data_02_mir/recover-20220922/UBNA_001/20220921_090000.WAV,Telephone Field,recover-20220922,001,1795
492.9325,492.9436,23750,29211,Nyctalus leisleri,0.01,0.022,-1,Echolocation,/mnt/ubna_data_02_mir/recover-20220922/UBNA_001/20220921_090000.WAV,Telephone Field,recover-20220922,001,1795
492.9525,492.9945,68437,83021,Rhinolophus ferrumequinum,0.024,0.024,-1,Echolocation,/mnt/ubna_data_02_mir/recover-20220922/UBNA_001/20220921_090000.WAV,Telephone Field,recover-20220922,001,1795
492.9575,492.9679,28046,37644,Eptesicus serotinus,0.013,0.028,-1,Echolocation,/mnt/ubna_data_02_mir/recover-20220922/UBNA_001/20220921_090000.WAV,Telephone Field,recover-20220922,001,1795
493.0195,493.06,68437,82795,Rhinolophus ferrumequinum,0.034,0.034,-1,Echolocation,/mnt/ubna_data_02_mir/recover-20220922/UBNA_001/20220921_090000.WAV,Telephone Field,recover-20220922,001,1795
493.0345,493.0454,22890,27783,Nyctalus leisleri,0.011,0.022,-1,Echolocation,/mnt/ubna_data_02_mir/recover-20220922/UBNA_001/20220921_090000.WAV,Telephone Field,recover-20220922,001,1795
493.0515,493.0614,28906,37252,Eptesicus serotinus,0.008,0.022,-1,Echolocation,/mnt/ubna_data_02_mir/recover-20220922/UBNA_001/20220921_090000.WAV,Telephone Field,recover-20220922,001,1795
493.0555,493.0945,68437,81968,Rhinolophus ferrumequinum,0.023,0.023,-1,Echolocation,/mnt/ubna_data_02_mir/recover-20220922/UBNA_001/20220921_090000.WAV,Telephone Field,recover-20220922,001,1795
493.1005,493.1373,68437,81992,Rhinolophus ferrumequinum,0.024,0.024,-1,Echolocation,/mnt/ubna_data_02_mir/recover-20220922/UBNA_001/20220921_090000.WAV,Telephone Field,recover-20220922,001,1795
493.1515,493.1924,68437,82544,Rhinolophus ferrumequinum,0.026,0.026,-1,Echolocation,/mnt/ubna_data_02_mir/recover-20220922/UBNA_001/20220921_090000.WAV,Telephone Field,recover-20220922,001,1795
493.1785,493.2202,68437,82662,Rhinolophus ferrumequinum,0.023,0.023,-1,Echolocation,/mnt/ubna_data_02_mir/recover-20220922/UBNA_001/20220921_090000.WAV,Telephone Field,recover-20220922,001,1795
493.2215,493.2597,68437,81737,Rhinolophus ferrumequinum,0.027,0.027,-1,Echolocation,/mnt/ubna_data_02_mir/recover-20220922/UBNA_001/20220921_090000.WAV,Telephone Field,recover-20220922,001,1795
493.2595,493.2966,68437,81358,Rhinolophus ferrumequinum,0.03,0.03,-1,Echolocation,/mnt/ubna_data_02_mir/recover-20220922/UBNA_001/20220921_090000.WAV,Telephone Field,recover-20220922,001,1795
493.2885,493.3257,68437,81885,Rhinolophus ferrumequinum,0.025,0.025,-1,Echolocation,/mnt/ubna_data_02_mir/recover-20220922/UBNA_001/20220921_090000.WAV,Telephone Field,recover-20220922,001,1795
493.3025,493.3385,68437,82505,Rhinolophus ferrumequinum,0.03,0.03,-1,Echolocation,/mnt/ubna_data_02_mir/recover-20220922/UBNA_001/20220921_090000.WAV,Telephone Field,recover-20220922,001,1795
493.3035,493.3137,28046,35199,Eptesicus serotinus,0.013,0.028,-1,Echolocation,/mnt/ubna_data_02_mir/recover-20220922/UBNA_001/20220921_090000.WAV,Telephone Field,recover-20220922,001,1795
493.3325,493.3763,68437,83165,Rhinolophus ferrumequinum,0.037,0.037,-1,Echolocation,/mnt/ubna_data_02_mir/recover-20220922/UBNA_001/20220921_090000.WAV,Telephone Field,recover-20220922,001,1795
493.3555,493.3634,28046,38730,Eptesicus serotinus,0.007,0.023,-1,Echolocation,/mnt/ubna_data_02_mir/recover-20220922/UBNA_001/20220921_090000.WAV,Telephone Field,recover-20220922,001,1795
493.3675,493.414,68437,83772,Rhinolophus ferrumequinum,0.043,0.043,-1,Echolocation,/mnt/ubna_data_02_mir/recover-20220922/UBNA_001/20220921_090000.WAV,Telephone Field,recover-20220922,001,1795
493.4115,493.4493,68437,82265,Rhinolophus ferrumequinum,0.025,0.025,-1,Echolocation,/mnt/ubna_data_02_mir/recover-20220922/UBNA_001/20220921_090000.WAV,Telephone Field,recover-20220922,001,1795
493.4185,493.4274,37500,41940,Barbastellus barbastellus,0.01,0.022,-1,Echolocation,/mnt/ubna_data_02_mir/recover-20220922/UBNA_001/20220921_090000.WAV,Telephone Field,recover-20220922,001,1795
493.4235,493.4343,23750,29233,Nyctalus leisleri,0.01,0.023,-1,Echolocation,/mnt/ubna_data_02_mir/recover-20220922/UBNA_001/20220921_090000.WAV,Telephone Field,recover-20220922,001,1795
493.4605,493.5009,68437,82676,Rhinolophus ferrumequinum,0.026,0.026,-1,Echolocation,/mnt/ubna_data_02_mir/recover-20220922/UBNA_001/20220921_090000.WAV,Telephone Field,recover-20220922,001,1795
493.4975,493.5095,22031,26003,Nyctalus leisleri,0.014,0.023,-1,Echolocation,/mnt/ubna_data_02_mir/recover-20220922/UBNA_001/20220921_090000.WAV,Telephone Field,recover-20220922,001,1795
493.5215,493.5377,21171,24240,Nyctalus leisleri,0.015,0.022,-1,Echolocation,/mnt/ubna_data_02_mir/recover-20220922/UBNA_001/20220921_090000.WAV,Telephone Field,recover-20220922,001,1795
493.5285,493.5684,68437,82447,Rhinolophus ferrumequinum,0.024,0.024,-1,Echolocation,/mnt/ubna_data_02_mir/recover-20220922/UBNA_001/20220921_090000.WAV,Telephone Field,recover-20220922,001,1795
493.5495,493.5899,68437,82729,Rhinolophus ferrumequinum,0.029,0.029,-1,Echolocation,/mnt/ubna_data_02_mir/recover-20220922/UBNA_001/20220921_090000.WAV,Telephone Field,recover-20220922,001,1795
493.6015,493.6408,68437,82375,Rhinolophus ferrumequinum,0.022,0.022,-1,Echolocation,/mnt/ubna_data_02_mir/recover-20220922/UBNA_001/20220921_090000.WAV,Telephone Field,recover-20220922,001,1795
493.6215,493.6612,68437,82195,Rhinolophus ferrumequinum,0.026,0.026,-1,Echolocation,/mnt/ubna_data_02_mir/recover-20220922/UBNA_001/20220921_090000.WAV,Telephone Field,recover-20220922,001,1795
493.6295,493.6678,68437,81707,Rhinolophus ferrumequinum,0.026,0.026,-1,Echolocation,/mnt/ubna_data_02_mir/recover-20220922/UBNA_001/20220921_090000.WAV,Telephone Field,recover-20220922,001,1795
493.6775,493.6886,22031,26092,Nyctalus leisleri,0.012,0.022,-1,Echolocation,/mnt/ubna_data_02_mir/recover-20220922/UBNA_001/20220921_090000.WAV,Telephone Field,recover-20220922,001,1795
493.6885,493.7271,68437,81992,Rhinolophus ferrumequinum,0.024,0.024,-1,Echolocation,/mnt/ubna_data_02_mir/recover-20220922/UBNA_001/20220921_090000.WAV,Telephone Field,recover-20220922,001,1795
493.7045,493.7462,68437,82231,Rhinolophus ferrumequinum,0.026,0.027,-1,Echolocation,/mnt/ubna_data_02_mir/recover-20220922/UBNA_001/20220921_090000.WAV,Telephone Field,recover-20220922,001,1795
493.7105,493.7527,68437,82995,Rhinolophus ferrumequinum,0.027,0.027,-1,Echolocation,/mnt/ubna_data_02_mir/recover-20220922/UBNA_001/20220921_090000.WAV,Telephone Field,recover-20220922,001,1795
493.7195,493.7621,68437,83323,Rhinolophus ferrumequinum,0.027,0.027,-1,Echolocation,/mnt/ubna_data_02_mir/recover-20220922/UBNA_001/20220921_090000.WAV,Telephone Field,recover-20220922,001,1795
493.7375,493.749,23750,29985,Nyctalus leisleri,0.009,0.022,-1,Echolocation,/mnt/ubna_data_02_mir/recover-20220922/UBNA_001/20220921_090000.WAV,Telephone Field,recover-20220922,001,1795
493.7465,493.7826,68437,81662,Rhinolophus ferrumequinum,0.022,0.022,-1,Echolocation,/mnt/ubna_data_02_mir/recover-20220922/UBNA_001/20220921_090000.WAV,Telephone Field,recover-20220922,001,1795
493.7495,493.7601,28046,36328,Eptesicus serotinus,0.015,0.027,-1,Echolocation,/mnt/ubna_data_02_mir/recover-20220922/UBNA_001/20220921_090000.WAV,Telephone Field,recover-20220922,001,1795
493.7675,493.8076,68437,82305,Rhinolophus ferrumequinum,0.023,0.023,-1,Echolocation,/mnt/ubna_data_02_mir/recover-20220922/UBNA_001/20220921_090000.WAV,Telephone Field,recover-20220922,001,1795
493.79449999999997,493.8327,68437,81858,Rhinolophus ferrumequinum,0.022,0.022,-1,Echolocation,/mnt/ubna_data_02_mir/recover-20220922/UBNA_001/20220921_090000.WAV,Telephone Field,recover-20220922,001,1795
493.8105,493.8503,68437,81915,Rhinolophus ferrumequinum,0.022,0.022,-1,Echolocation,/mnt/ubna_data_02_mir/recover-20220922/UBNA_001/20220921_090000.WAV,Telephone Field,recover-20220922,001,1795
493.8175,493.8566,68437,81979,Rhinolophus ferrumequinum,0.023,0.023,-1,Echolocation,/mnt/ubna_data_02_mir/recover-20220922/UBNA_001/20220921_090000.WAV,Telephone Field,recover-20220922,001,1795
493.8275,493.8645,68437,82170,Rhinolophus ferrumequinum,0.027,0.027,-1,Echolocation,/mnt/ubna_data_02_mir/recover-20220922/UBNA_001/20220921_090000.WAV,Telephone Field,recover-20220922,001,1795
493.8395,493.8599,19453,22398,Nyctalus leisleri,0.012,0.026,-1,Echolocation,/mnt/ubna_data_02_mir/recover-20220922/UBNA_001/20220921_090000.WAV,Telephone Field,recover-20220922,001,1795
493.8945,493.933,68437,81961,Rhinolophus ferrumequinum,0.022,0.022,-1,Echolocation,/mnt/ubna_data_02_mir/recover-20220922/UBNA_001/20220921_090000.WAV,Telephone Field,recover-20220922,001,1795
493.9025,493.9406,68437,81716,Rhinolophus ferrumequinum,0.023,0.023,-1,Echolocation,/mnt/ubna_data_02_mir/recover-20220922/UBNA_001/20220921_090000.WAV,Telephone Field,recover-20220922,001,1795
493.9045,493.9148,23750,29154,Nyctalus leisleri,0.011,0.024,-1,Echolocation,/mnt/ubna_data_02_mir/recover-20220922/UBNA_001/20220921_090000.WAV,Telephone Field,recover-20220922,001,1795
493.9145,493.9547,68437,82082,Rhinolophus ferrumequinum,0.023,0.023,-1,Echolocation,/mnt/ubna_data_02_mir/recover-20220922/UBNA_001/20220921_090000.WAV,Telephone Field,recover-20220922,001,1795
493.9155,493.9289,22890,26634,Nyctalus leisleri,0.02,0.031,-1,Echolocation,/mnt/ubna_data_02_mir/recover-20220922/UBNA_001/20220921_090000.WAV,Telephone Field,recover-20220922,001,1795
494.0015,494.0346,69296,81507,Rhinolophus ferrumequinum,0.034,0.034,-1,Echolocation,/mnt/ubna_data_02_mir/recover-20220922/UBNA_001/20220921_090000.WAV,Telephone Field,recover-20220922,001,1795
494.0015,494.0099,38359,45744,Myotis daubentonii,0.007,0.023,-1,Echolocation,/mnt/ubna_data_02_mir/recover-20220922/UBNA_001/20220921_090000.WAV,Telephone Field,recover-20220922,001,1795
494.0045,494.0147,28046,38501,Eptesicus serotinus,0.014,0.031,-1,Echolocation,/mnt/ubna_data_02_mir/recover-20220922/UBNA_001/20220921_090000.WAV,Telephone Field,recover-20220922,001,1795
494.0095,494.053,68437,82664,Rhinolophus ferrumequinum,0.024,0.024,-1,Echolocation,/mnt/ubna_data_02_mir/recover-20220922/UBNA_001/20220921_090000.WAV,Telephone Field,recover-20220922,001,1795
494.0295,494.0654,68437,81864,Rhinolophus ferrumequinum,0.023,0.023,-1,Echolocation,/mnt/ubna_data_02_mir/recover-20220922/UBNA_001/20220921_090000.WAV,Telephone Field,recover-20220922,001,1795
494.0365,494.0774,68437,82368,Rhinolophus ferrumequinum,0.024,0.024,-1,Echolocation,/mnt/ubna_data_02_mir/recover-20220922/UBNA_001/20220921_090000.WAV,Telephone Field,recover-20220922,001,1795
494.0495,494.0901,68437,82627,Rhinolophus ferrumequinum,0.024,0.024,-1,Echolocation,/mnt/ubna_data_02_mir/recover-20220922/UBNA_001/20220921_090000.WAV,Telephone Field,recover-20220922,001,1795
494.0555,494.0948,68437,82128,Rhinolophus ferrumequinum,0.024,0.024,-1,Echolocation,/mnt/ubna_data_02_mir/recover-20220922/UBNA_001/20220921_090000.WAV,Telephone Field,recover-20220922,001,1795
494.0965,494.1051,28046,37245,Eptesicus serotinus,0.007,0.023,-1,Echolocation,/mnt/ubna_data_02_mir/recover-20220922/UBNA_001/20220921_090000.WAV,Telephone Field,recover-20220922,001,1795
494.1115,494.1518,68437,82595,Rhinolophus ferrumequinum,0.023,0.023,-1,Echolocation,/mnt/ubna_data_02_mir/recover-20220922/UBNA_001/20220921_090000.WAV,Telephone Field,recover-20220922,001,1795
494.1375,494.1746,68437,81613,Rhinolophus ferrumequinum,0.023,0.023,-1,Echolocation,/mnt/ubna_data_02_mir/recover-20220922/UBNA_001/20220921_090000.WAV,Telephone Field,recover-20220922,001,1795
494.1605,494.2008,68437,82426,Rhinolophus ferrumequinum,0.022,0.022,-1,Echolocation,/mnt/ubna_data_02_mir/recover-20220922/UBNA_001/20220921_090000.WAV,Telephone Field,recover-20220922,001,1795
494.1635,494.1712,28046,38609,Eptesicus serotinus,0.007,0.025,-1,Echolocation,/mnt/ubna_data_02_mir/recover-20220922/UBNA_001/20220921_090000.WAV,Telephone Field,recover-20220922,001,1795
494.1855,494.2211,68437,80819,Rhinolophus ferrumequinum,0.023,0.023,-1,Echolocation,/mnt/ubna_data_02_mir/recover-20220922/UBNA_001/20220921_090000.WAV,Telephone Field,recover-20220922,001,1795
494.1965,494.2331,68437,81682,Rhinolophus ferrumequinum,0.022,0.022,-1,Echolocation,/mnt/ubna_data_02_mir/recover-20220922/UBNA_001/20220921_090000.WAV,Telephone Field,recover-20220922,001,1795
494.2065,494.2142,32343,43662,Myotis daubentonii,0.012,0.034,-1,Echolocation,/mnt/ubna_data_02_mir/recover-20220922/UBNA_001/20220921_090000.WAV,Telephone Field,recover-20220922,001,1795
494.2125,494.2453,68437,80875,Rhinolophus ferrumequinum,0.022,0.022,-1,Echolocation,/mnt/ubna_data_02_mir/recover-20220922/UBNA_001/20220921_090000.WAV,Telephone Field,recover-20220922,001,1795
494.2305,494.2661,68437,81708,Rhinolophus ferrumequinum,0.022,0.022,-1,Echolocation,/mnt/ubna_data_02_mir/recover-20220922/UBNA_001/20220921_090000.WAV,Telephone Field,recover-20220922,001,1795
494.2445,494.255,23750,30260,Nyctalus leisleri,0.01,0.025,-1,Echolocation,/mnt/ubna_data_02_mir/recover-20220922/UBNA_001/20220921_090000.WAV,Telephone Field,recover-20220922,001,1795
494.3005,494.3383,68437,81591,Rhinolophus ferrumequinum,0.023,0.023,-1,Echolocation,/mnt/ubna_data_02_mir/recover-20220922/UBNA_001/20220921_090000.WAV,Telephone Field,recover-20220922,001,1795
494.3125,494.3544,68437,82755,Rhinolophus ferrumequinum,0.03,0.03,-1,Echolocation,/mnt/ubna_data_02_mir/recover-20220922/UBNA_001/20220921_090000.WAV,Telephone Field,recover-20220922,001,1795
494.3325,494.3439,27187,33609,Eptesicus serotinus,0.013,0.026,-1,Echolocation,/mnt/ubna_data_02_mir/recover-20220922/UBNA_001/20220921_090000.WAV,Telephone Field,recover-20220922,001,1795
494.3415,494.352,28906,35755,Eptesicus serotinus,0.011,0.025,-1,Echolocation,/mnt/ubna_data_02_mir/recover-20220922/UBNA_001/20220921_090000.WAV,Telephone Field,recover-20220922,001,1795
494.3665,494.4017,68437,80960,Rhinolophus ferrumequinum,0.023,0.023,-1,Echolocation,/mnt/ubna_data_02_mir/recover-20220922/UBNA_001/20220921_090000.WAV,Telephone Field,recover-20220922,001,1795
494.3785,494.412,68437,81307,Rhinolophus ferrumequinum,0.022,0.022,-1,Echolocation,/mnt/ubna_data_02_mir/recover-20220922/UBNA_001/20220921_090000.WAV,Telephone Field,recover-20220922,001,1795
494.3895,494.4,28046,35896,Eptesicus serotinus,0.013,0.029,-1,Echolocation,/mnt/ubna_data_02_mir/recover-20220922/UBNA_001/20220921_090000.WAV,Telephone Field,recover-20220922,001,1795
494.3995,494.4373,68437,81947,Rhinolophus ferrumequinum,0.028,0.028,-1,Echolocation,/mnt/ubna_data_02_mir/recover-20220922/UBNA_001/20220921_090000.WAV,Telephone Field,recover-20220922,001,1795
494.4485,494.4901,68437,82766,Rhinolophus ferrumequinum,0.033,0.033,-1,Echolocation,/mnt/ubna_data_02_mir/recover-20220922/UBNA_001/20220921_090000.WAV,Telephone Field,recover-20220922,001,1795
494.4755,494.5158,68437,82069,Rhinolophus ferrumequinum,0.023,0.023,-1,Echolocation,/mnt/ubna_data_02_mir/recover-20220922/UBNA_001/20220921_090000.WAV,Telephone Field,recover-20220922,001,1795
494.4795,494.4898,24609,31040,Nyctalus leisleri,0.01,0.026,-1,Echolocation,/mnt/ubna_data_02_mir/recover-20220922/UBNA_001/20220921_090000.WAV,Telephone Field,recover-20220922,001,1795
494.4885,494.5302,68437,82596,Rhinolophus ferrumequinum,0.022,0.022,-1,Echolocation,/mnt/ubna_data_02_mir/recover-20220922/UBNA_001/20220921_090000.WAV,Telephone Field,recover-20220922,001,1795
494.4925,494.5049,28906,34940,Eptesicus serotinus,0.011,0.026,-1,Echolocation,/mnt/ubna_data_02_mir/recover-20220922/UBNA_001/20220921_090000.WAV,Telephone Field,recover-20220922,001,1795
494.4935,494.5329,68437,82171,Rhinolophus ferrumequinum,0.022,0.022,-1,Echolocation,/mnt/ubna_data_02_mir/recover-20220922/UBNA_001/20220921_090000.WAV,Telephone Field,recover-20220922,001,1795
494.4985,494.5096,28906,35891,Eptesicus serotinus,0.01,0.026,-1,Echolocation,/mnt/ubna_data_02_mir/recover-20220922/UBNA_001/20220921_090000.WAV,Telephone Field,recover-20220922,001,1795
494.5075,494.5475,68437,82612,Rhinolophus ferrumequinum,0.027,0.027,-1,Echolocation,/mnt/ubna_data_02_mir/recover-20220922/UBNA_001/20220921_090000.WAV,Telephone Field,recover-20220922,001,1795
494.5275,494.5616,68437,81683,Rhinolophus ferrumequinum,0.023,0.023,-1,Echolocation,/mnt/ubna_data_02_mir/recover-20220922/UBNA_001/20220921_090000.WAV,Telephone Field,recover-20220922,001,1795
494.5425,494.577,68437,80456,Rhinolophus ferrumequinum,0.024,0.024,-1,Echolocation,/mnt/ubna_data_02_mir/recover-20220922/UBNA_001/20220921_090000.WAV,Telephone Field,recover-20220922,001,1795
494.5635,494.601,68437,81630,Rhinolophus ferrumequinum,0.022,0.022,-1,Echolocation,/mnt/ubna_data_02_mir/recover-20220922/UBNA_001/20220921_090000.WAV,Telephone Field,recover-20220922,001,1795
494.5675,494.5753,28046,39956,Eptesicus serotinus,0.007,0.022,-1,Echolocation,/mnt/ubna_data_02_mir/recover-20220922/UBNA_001/20220921_090000.WAV,Telephone Field,recover-20220922,001,1795
494.6285,494.6657,68437,81885,Rhinolophus ferrumequinum,0.026,0.026,-1,Echolocation,/mnt/ubna_data_02_mir/recover-20220922/UBNA_001/20220921_090000.WAV,Telephone Field,recover-20220922,001,1795
494.6435,494.686,68437,82950,Rhinolophus ferrumequinum,0.023,0.023,-1,Echolocation,/mnt/ubna_data_02_mir/recover-20220922/UBNA_001/20220921_090000.WAV,Telephone Field,recover-20220922,001,1795
494.6465,494.6547,26328,35889,Eptesicus serotinus,0.007,0.022,-1,Echolocation,/mnt/ubna_data_02_mir/recover-20220922/UBNA_001/20220921_090000.WAV,Telephone Field,recover-20220922,001,1795
494.6545,494.6937,68437,81675,Rhinolophus ferrumequinum,0.022,0.022,-1,Echolocation,/mnt/ubna_data_02_mir/recover-20220922/UBNA_001/20220921_090000.WAV,Telephone Field,recover-20220922,001,1795
494.6575,494.6682,23750,29489,Nyctalus leisleri,0.01,0.025,-1,Echolocation,/mnt/ubna_data_02_mir/recover-20220922/UBNA_001/20220921_090000.WAV,Telephone Field,recover-20220922,001,1795
494.6645,494.7034,68437,82385,Rhinolophus ferrumequinum,0.022,0.022,-1,Echolocation,/mnt/ubna_data_02_mir/recover-20220922/UBNA_001/20220921_090000.WAV,Telephone Field,recover-20220922,001,1795
494.6805,494.6923,24609,30292,Nyctalus leisleri,0.011,0.025,-1,Echolocation,/mnt/ubna_data_02_mir/recover-20220922/UBNA_001/20220921_090000.WAV,Telephone Field,recover-20220922,001,1795
494.6935,494.7353,68437,82729,Rhinolophus ferrumequinum,0.024,0.024,-1,Echolocation,/mnt/ubna_data_02_mir/recover-20220922/UBNA_001/20220921_090000.WAV,Telephone Field,recover-20220922,001,1795
494.7775,494.7888,23750,28544,Nyctalus leisleri,0.014,0.027,-1,Echolocation,/mnt/ubna_data_02_mir/recover-20220922/UBNA_001/20220921_090000.WAV,Telephone Field,recover-20220922,001,1795
494.7825,494.8207,68437,81924,Rhinolophus ferrumequinum,0.024,0.024,-1,Echolocation,/mnt/ubna_data_02_mir/recover-20220922/UBNA_001/20220921_090000.WAV,Telephone Field,recover-20220922,001,1795
494.8045,494.844,68437,82024,Rhinolophus ferrumequinum,0.027,0.027,-1,Echolocation,/mnt/ubna_data_02_mir/recover-20220922/UBNA_001/20220921_090000.WAV,Telephone Field,recover-20220922,001,1795
494.8085,494.8197,34921,39262,Pipistrellus nathusii,0.006,0.025,-1,Echolocation,/mnt/ubna_data_02_mir/recover-20220922/UBNA_001/20220921_090000.WAV,Telephone Field,recover-20220922,001,1795
494.83050000000003,494.8687,68437,82280,Rhinolophus ferrumequinum,0.024,0.024,-1,Echolocation,/mnt/ubna_data_02_mir/recover-20220922/UBNA_001/20220921_090000.WAV,Telephone Field,recover-20220922,001,1795
494.8515,494.8874,68437,81239,Rhinolophus ferrumequinum,0.023,0.023,-1,Echolocation,/mnt/ubna_data_02_mir/recover-20220922/UBNA_001/20220921_090000.WAV,Telephone Field,recover-20220922,001,1795
494.8675,494.8763,47812,54481,Pipistrellus pipistrellus,0.025,0.027,-1,Echolocation,/mnt/ubna_data_02_mir/recover-20220922/UBNA_001/20220921_090000.WAV,Telephone Field,recover-20220922,001,1795
494.9025,494.9134,28906,36585,Eptesicus serotinus,0.01,0.026,-1,Echolocation,/mnt/ubna_data_02_mir/recover-20220922/UBNA_001/20220921_090000.WAV,Telephone Field,recover-20220922,001,1795
494.9025,494.9439,68437,82657,Rhinolophus ferrumequinum,0.037,0.037,-1,Echolocation,/mnt/ubna_data_02_mir/recover-20220922/UBNA_001/20220921_090000.WAV,Telephone Field,recover-20220922,001,1795
494.9215,494.935,23750,28372,Nyctalus leisleri,0.028,0.052,-1,Echolocation,/mnt/ubna_data_02_mir/recover-20220922/UBNA_001/20220921_090000.WAV,Telephone Field,recover-20220922,001,1795
494.9415,494.9507,22890,29960,Plecotus austriacus,0.009,0.024,-1,Echolocation,/mnt/ubna_data_02_mir/recover-20220922/UBNA_001/20220921_090000.WAV,Telephone Field,recover-20220922,001,1795
494.9625,495.0024,68437,82119,Rhinolophus ferrumequinum,0.024,0.024,-1,Echolocation,/mnt/ubna_data_02_mir/recover-20220922/UBNA_001/20220921_090000.WAV,Telephone Field,recover-20220922,001,1795
494.9875,495.0252,68437,81703,Rhinolophus ferrumequinum,0.045,0.045,-1,Echolocation,/mnt/ubna_data_02_mir/recover-20220922/UBNA_001/20220921_090000.WAV,Telephone Field,recover-20220922,001,1795
494.9875,494.9937,57265,64744,Pipistrellus pygmaeus,0.022,0.022,-1,Echolocation,/mnt/ubna_data_02_mir/recover-20220922/UBNA_001/20220921_090000.WAV,Telephone Field,recover-20220922,001,1795
494.9875,494.9957,28046,39346,Eptesicus serotinus,0.007,0.022,-1,Echolocation,/mnt/ubna_data_02_mir/recover-20220922/UBNA_001/20220921_090000.WAV,Telephone Field,recover-20220922,001,1795
495.0335,495.0733,68437,82451,Rhinolophus ferrumequinum,0.024,0.024,-1,Echolocation,/mnt/ubna_data_02_mir/recover-20220922/UBNA_001/20220921_090000.WAV,Telephone Field,recover-20220922,001,1795
495.0715,495.1106,68437,82738,Rhinolophus ferrumequinum,0.022,0.022,-1,Echolocation,/mnt/ubna_data_02_mir/recover-20220922/UBNA_001/20220921_090000.WAV,Telephone Field,recover-20220922,001,1795
495.0795,495.1192,68437,82313,Rhinolophus ferrumequinum,0.022,0.022,-1,Echolocation,/mnt/ubna_data_02_mir/recover-20220922/UBNA_001/20220921_090000.WAV,Telephone Field,recover-20220922,001,1795
495.1355,495.1759,68437,82802,Rhinolophus ferrumequinum,0.03,0.03,-1,Echolocation,/mnt/ubna_data_02_mir/recover-20220922/UBNA_001/20220921_090000.WAV,Telephone Field,recover-20220922,001,1795
495.1625,495.199,68437,81803,Rhinolophus ferrumequinum,0.022,0.022,-1,Echolocation,/mnt/ubna_data_02_mir/recover-20220922/UBNA_001/20220921_090000.WAV,Telephone Field,recover-20220922,001,1795
495.2025,495.2122,28046,37190,Eptesicus serotinus,0.01,0.023,-1,Echolocation,/mnt/ubna_data_02_mir/recover-20220922/UBNA_001/20220921_090000.WAV,Telephone Field,recover-20220922,001,1795
495.2295,495.2404,23750,30032,Nyctalus leisleri,0.01,0.022,-1,Echolocation,/mnt/ubna_data_02_mir/recover-20220922/UBNA_001/20220921_090000.WAV,Telephone Field,recover-20220922,001,1795
495.2405,495.2802,68437,82642,Rhinolophus ferrumequinum,0.022,0.022,-1,Echolocation,/mnt/ubna_data_02_mir/recover-20220922/UBNA_001/20220921_090000.WAV,Telephone Field,recover-20220922,001,1795
495.2675,495.3107,68437,82568,Rhinolophus ferrumequinum,0.031,0.031,-1,Echolocation,/mnt/ubna_data_02_mir/recover-20220922/UBNA_001/20220921_090000.WAV,Telephone Field,recover-20220922,001,1795
495.2705,495.27909999999997,28906,39007,Eptesicus serotinus,0.009,0.025,-1,Echolocation,/mnt/ubna_data_02_mir/recover-20220922/UBNA_001/20220921_090000.WAV,Telephone Field,recover-20220922,001,1795
495.3005,495.3106,22890,28497,Nyctalus leisleri,0.01,0.023,-1,Echolocation,/mnt/ubna_data_02_mir/recover-20220922/UBNA_001/20220921_090000.WAV,Telephone Field,recover-20220922,001,1795
495.3075,495.3498,68437,82668,Rhinolophus ferrumequinum,0.046,0.046,-1,Echolocation,/mnt/ubna_data_02_mir/recover-20220922/UBNA_001/20220921_090000.WAV,Telephone Field,recover-20220922,001,1795
495.3095,495.3179,28046,40526,Eptesicus serotinus,0.008,0.024,-1,Echolocation,/mnt/ubna_data_02_mir/recover-20220922/UBNA_001/20220921_090000.WAV,Telephone Field,recover-20220922,001,1795
495.3285,495.371,68437,82730,Rhinolophus ferrumequinum,0.023,0.023,-1,Echolocation,/mnt/ubna_data_02_mir/recover-20220922/UBNA_001/20220921_090000.WAV,Telephone Field,recover-20220922,001,1795
495.3425,495.3831,68437,82614,Rhinolophus ferrumequinum,0.023,0.023,-1,Echolocation,/mnt/ubna_data_02_mir/recover-20220922/UBNA_001/20220921_090000.WAV,Telephone Field,recover-20220922,001,1795
495.3555,495.3652,28906,35981,Eptesicus serotinus,0.014,0.029,-1,Echolocation,/mnt/ubna_data_02_mir/recover-20220922/UBNA_001/20220921_090000.WAV,Telephone Field,recover-20220922,001,1795
495.3705,495.3787,28046,40137,Eptesicus serotinus,0.007,0.023,-1,Echolocation,/mnt/ubna_data_02_mir/recover-20220922/UBNA_001/20220921_090000.WAV,Telephone Field,recover-20220922,001,1795
495.3755,495.3816,48671,55100,Pipistrellus pipistrellus,0.022,0.024,-1,Echolocation,/mnt/ubna_data_02_mir/recover-20220922/UBNA_001/20220921_090000.WAV,Telephone Field,recover-20220922,001,1795
495.3895,495.4282,68437,81916,Rhinolophus ferrumequinum,0.025,0.025,-1,Echolocation,/mnt/ubna_data_02_mir/recover-20220922/UBNA_001/20220921_090000.WAV,Telephone Field,recover-20220922,001,1795
495.4095,495.4504,68437,82726,Rhinolophus ferrumequinum,0.029,0.029,-1,Echolocation,/mnt/ubna_data_02_mir/recover-20220922/UBNA_001/20220921_090000.WAV,Telephone Field,recover-20220922,001,1795
495.4145,495.4237,23750,29976,Nyctalus leisleri,0.009,0.022,-1,Echolocation,/mnt/ubna_data_02_mir/recover-20220922/UBNA_001/20220921_090000.WAV,Telephone Field,recover-20220922,001,1795
495.4355,495.4787,68437,83453,Rhinolophus ferrumequinum,0.083,0.083,-1,Echolocation,/mnt/ubna_data_02_mir/recover-20220922/UBNA_001/20220921_090000.WAV,Telephone Field,recover-20220922,001,1795
495.4365,495.451,21171,24508,Nyctalus leisleri,0.017,0.026,-1,Echolocation,/mnt/ubna_data_02_mir/recover-20220922/UBNA_001/20220921_090000.WAV,Telephone Field,recover-20220922,001,1795
495.4885,495.5277,68437,82311,Rhinolophus ferrumequinum,0.025,0.025,-1,Echolocation,/mnt/ubna_data_02_mir/recover-20220922/UBNA_001/20220921_090000.WAV,Telephone Field,recover-20220922,001,1795
495.4945,495.5045,28906,37201,Eptesicus serotinus,0.009,0.023,-1,Echolocation,/mnt/ubna_data_02_mir/recover-20220922/UBNA_001/20220921_090000.WAV,Telephone Field,recover-20220922,001,1795
495.5225,495.5323,27187,36982,Eptesicus serotinus,0.017,0.033,-1,Echolocation,/mnt/ubna_data_02_mir/recover-20220922/UBNA_001/20220921_090000.WAV,Telephone Field,recover-20220922,001,1795
495.5335,495.5717,68437,82326,Rhinolophus ferrumequinum,0.039,0.039,-1,Echolocation,/mnt/ubna_data_02_mir/recover-20220922/UBNA_001/20220921_090000.WAV,Telephone Field,recover-20220922,001,1795
495.5705,495.5831,22890,27761,Nyctalus leisleri,0.017,0.031,-1,Echolocation,/mnt/ubna_data_02_mir/recover-20220922/UBNA_001/20220921_090000.WAV,Telephone Field,recover-20220922,001,1795
495.6425,495.6509,28046,39670,Eptesicus serotinus,0.008,0.022,-1,Echolocation,/mnt/ubna_data_02_mir/recover-20220922/UBNA_001/20220921_090000.WAV,Telephone Field,recover-20220922,001,1795
495.6425,495.6528,22031,27574,Nyctalus leisleri,0.009,0.023,-1,Echolocation,/mnt/ubna_data_02_mir/recover-20220922/UBNA_001/20220921_090000.WAV,Telephone Field,recover-20220922,001,1795
495.6845,495.7279,68437,83501,Rhinolophus ferrumequinum,0.051,0.051,-1,Echolocation,/mnt/ubna_data_02_mir/recover-20220922/UBNA_001/20220921_090000.WAV,Telephone Field,recover-20220922,001,1795
495.6975,495.7086,28046,35696,Eptesicus serotinus,0.026,0.043,-1,Echolocation,/mnt/ubna_data_02_mir/recover-20220922/UBNA_001/20220921_090000.WAV,Telephone Field,recover-20220922,001,1795
495.7085,495.7451,68437,81756,Rhinolophus ferrumequinum,0.026,0.026,-1,Echolocation,/mnt/ubna_data_02_mir/recover-20220922/UBNA_001/20220921_090000.WAV,Telephone Field,recover-20220922,001,1795
495.7235,495.7636,68437,81990,Rhinolophus ferrumequinum,0.023,0.023,-1,Echolocation,/mnt/ubna_data_02_mir/recover-20220922/UBNA_001/20220921_090000.WAV,Telephone Field,recover-20220922,001,1795
495.7285,495.7386,22890,28380,Nyctalus leisleri,0.011,0.024,-1,Echolocation,/mnt/ubna_data_02_mir/recover-20220922/UBNA_001/20220921_090000.WAV,Telephone Field,recover-20220922,001,1795
495.7495,495.7893,68437,82311,Rhinolophus ferrumequinum,0.022,0.022,-1,Echolocation,/mnt/ubna_data_02_mir/recover-20220922/UBNA_001/20220921_090000.WAV,Telephone Field,recover-20220922,001,1795
495.7515,495.7625,22890,28612,Nyctalus leisleri,0.011,0.023,-1,Echolocation,/mnt/ubna_data_02_mir/recover-20220922/UBNA_001/20220921_090000.WAV,Telephone Field,recover-20220922,001,1795
495.7855,495.826,68437,82502,Rhinolophus ferrumequinum,0.027,0.027,-1,Echolocation,/mnt/ubna_data_02_mir/recover-20220922/UBNA_001/20220921_090000.WAV,Telephone Field,recover-20220922,001,1795
495.7865,495.7943,23750,33016,Plecotus austriacus,0.016,0.032,-1,Echolocation,/mnt/ubna_data_02_mir/recover-20220922/UBNA_001/20220921_090000.WAV,Telephone Field,recover-20220922,001,1795
495.7995,495.8417,68437,82556,Rhinolophus ferrumequinum,0.024,0.024,-1,Echolocation,/mnt/ubna_data_02_mir/recover-20220922/UBNA_001/20220921_090000.WAV,Telephone Field,recover-20220922,001,1795
495.8165,495.8543,68437,82296,Rhinolophus ferrumequinum,0.026,0.026,-1,Echolocation,/mnt/ubna_data_02_mir/recover-20220922/UBNA_001/20220921_090000.WAV,Telephone Field,recover-20220922,001,1795
495.8205,495.8313,44375,49516,Pipistrellus pipistrellus,0.016,0.023,-1,Echolocation,/mnt/ubna_data_02_mir/recover-20220922/UBNA_001/20220921_090000.WAV,Telephone Field,recover-20220922,001,1795
495.8235,495.8642,68437,82562,Rhinolophus ferrumequinum,0.024,0.024,-1,Echolocation,/mnt/ubna_data_02_mir/recover-20220922/UBNA_001/20220921_090000.WAV,Telephone Field,recover-20220922,001,1795
495.8385,495.8796,68437,82497,Rhinolophus ferrumequinum,0.024,0.024,-1,Echolocation,/mnt/ubna_data_02_mir/recover-20220922/UBNA_001/20220921_090000.WAV,Telephone Field,recover-20220922,001,1795
495.8415,495.8502,27187,36621,Eptesicus serotinus,0.008,0.023,-1,Echolocation,/mnt/ubna_data_02_mir/recover-20220922/UBNA_001/20220921_090000.WAV,Telephone Field,recover-20220922,001,1795
495.8675,495.8779,22890,27923,Nyctalus leisleri,0.011,0.023,-1,Echolocation,/mnt/ubna_data_02_mir/recover-20220922/UBNA_001/20220921_090000.WAV,Telephone Field,recover-20220922,001,1795
495.8755,495.9181,68437,82659,Rhinolophus ferrumequinum,0.031,0.031,-1,Echolocation,/mnt/ubna_data_02_mir/recover-20220922/UBNA_001/20220921_090000.WAV,Telephone Field,recover-20220922,001,1795
495.8825,495.9238,68437,82480,Rhinolophus ferrumequinum,0.029,0.029,-1,Echolocation,/mnt/ubna_data_02_mir/recover-20220922/UBNA_001/20220921_090000.WAV,Telephone Field,recover-20220922,001,1795
495.9135,495.9249,22890,27922,Nyctalus leisleri,0.012,0.025,-1,Echolocation,/mnt/ubna_data_02_mir/recover-20220922/UBNA_001/20220921_090000.WAV,Telephone Field,recover-20220922,001,1795
495.9215,495.9627,68437,82686,Rhinolophus ferrumequinum,0.027,0.027,-1,Echolocation,/mnt/ubna_data_02_mir/recover-20220922/UBNA_001/20220921_090000.WAV,Telephone Field,recover-20220922,001,1795
495.9595,495.9979,68437,82390,Rhinolophus ferrumequinum,0.025,0.025,-1,Echolocation,/mnt/ubna_data_02_mir/recover-20220922/UBNA_001/20220921_090000.WAV,Telephone Field,recover-20220922,001,1795
496.0015,496.0142,50390,54701,Pipistrellus pygmaeus,0.017,0.03,-1,Echolocation,/mnt/ubna_data_02_mir/recover-20220922/UBNA_001/20220921_090000.WAV,Telephone Field,recover-20220922,001,1795
496.0015,496.0106,26328,37379,Eptesicus serotinus,0.009,0.028,-1,Echolocation,/mnt/ubna_data_02_mir/recover-20220922/UBNA_001/20220921_090000.WAV,Telephone Field,recover-20220922,001,1795
496.0015,496.0345,68437,80058,Rhinolophus ferrumequinum,0.03,0.03,-1,Echolocation,/mnt/ubna_data_02_mir/recover-20220922/UBNA_001/20220921_090000.WAV,Telephone Field,recover-20220922,001,1795
496.0415,496.0493,29765,38307,Eptesicus serotinus,0.009,0.031,-1,Echolocation,/mnt/ubna_data_02_mir/recover-20220922/UBNA_001/20220921_090000.WAV,Telephone Field,recover-20220922,001,1795
496.0555,496.098,68437,82879,Rhinolophus ferrumequinum,0.025,0.025,-1,Echolocation,/mnt/ubna_data_02_mir/recover-20220922/UBNA_001/20220921_090000.WAV,Telephone Field,recover-20220922,001,1795
496.0685,496.1106,68437,83588,Rhinolophus ferrumequinum,0.035,0.035,-1,Echolocation,/mnt/ubna_data_02_mir/recover-20220922/UBNA_001/20220921_090000.WAV,Telephone Field,recover-20220922,001,1795
496.0905,496.1332,68437,82667,Rhinolophus ferrumequinum,0.03,0.03,-1,Echolocation,/mnt/ubna_data_02_mir/recover-20220922/UBNA_001/20220921_090000.WAV,Telephone Field,recover-20220922,001,1795
496.14549999999997,496.1564,22031,26580,Nyctalus leisleri,0.011,0.022,-1,Echolocation,/mnt/ubna_data_02_mir/recover-20220922/UBNA_001/20220921_090000.WAV,Telephone Field,recover-20220922,001,1795
496.1635,496.1754,30625,38132,Eptesicus serotinus,0.025,0.046,-1,Echolocation,/mnt/ubna_data_02_mir/recover-20220922/UBNA_001/20220921_090000.WAV,Telephone Field,recover-20220922,001,1795
496.2075,496.2502,68437,83771,Rhinolophus ferrumequinum,0.031,0.031,-1,Echolocation,/mnt/ubna_data_02_mir/recover-20220922/UBNA_001/20220921_090000.WAV,Telephone Field,recover-20220922,001,1795
496.2085,496.214,47812,53325,Pipistrellus pipistrellus,0.024,0.025,-1,Echolocation,/mnt/ubna_data_02_mir/recover-20220922/UBNA_001/20220921_090000.WAV,Telephone Field,recover-20220922,001,1795
496.2625,496.3049,68437,82988,Rhinolophus ferrumequinum,0.028,0.028,-1,Echolocation,/mnt/ubna_data_02_mir/recover-20220922/UBNA_001/20220921_090000.WAV,Telephone Field,recover-20220922,001,1795
496.2765,496.2858,28046,36468,Eptesicus serotinus,0.008,0.022,-1,Echolocation,/mnt/ubna_data_02_mir/recover-20220922/UBNA_001/20220921_090000.WAV,Telephone Field,recover-20220922,001,1795
496.2885,496.3289,68437,82160,Rhinolophus ferrumequinum,0.022,0.023,-1,Echolocation,/mnt/ubna_data_02_mir/recover-20220922/UBNA_001/20220921_090000.WAV,Telephone Field,recover-20220922,001,1795
496.2955,496.3042,25468,34437,Eptesicus serotinus,0.009,0.023,-1,Echolocation,/mnt/ubna_data_02_mir/recover-20220922/UBNA_001/20220921_090000.WAV,Telephone Field,recover-20220922,001,1795
496.2995,496.3343,68437,81577,Rhinolophus ferrumequinum,0.026,0.026,-1,Echolocation,/mnt/ubna_data_02_mir/recover-20220922/UBNA_001/20220921_090000.WAV,Telephone Field,recover-20220922,001,1795
496.3345,496.3736,68437,82602,Rhinolophus ferrumequinum,0.032,0.032,-1,Echolocation,/mnt/ubna_data_02_mir/recover-20220922/UBNA_001/20220921_090000.WAV,Telephone Field,recover-20220922,001,1795
496.3445,496.3578,22031,26671,Nyctalus leisleri,0.013,0.026,-1,Echolocation,/mnt/ubna_data_02_mir/recover-20220922/UBNA_001/20220921_090000.WAV,Telephone Field,recover-20220922,001,1795
496.3645,496.4057,68437,82247,Rhinolophus ferrumequinum,0.025,0.025,-1,Echolocation,/mnt/ubna_data_02_mir/recover-20220922/UBNA_001/20220921_090000.WAV,Telephone Field,recover-20220922,001,1795
496.4145,496.4249,14296,22418,Nyctalus noctula,0.013,0.024,-1,Echolocation,/mnt/ubna_data_02_mir/recover-20220922/UBNA_001/20220921_090000.WAV,Telephone Field,recover-20220922,001,1795
496.41949999999997,496.428,28906,39577,Eptesicus serotinus,0.009,0.024,-1,Echolocation,/mnt/ubna_data_02_mir/recover-20220922/UBNA_001/20220921_090000.WAV,Telephone Field,recover-20220922,001,1795
496.4255,496.4623,68437,82141,Rhinolophus ferrumequinum,0.023,0.023,-1,Echolocation,/mnt/ubna_data_02_mir/recover-20220922/UBNA_001/20220921_090000.WAV,Telephone Field,recover-20220922,001,1795
496.4435,496.4802,68437,82368,Rhinolophus ferrumequinum,0.023,0.023,-1,Echolocation,/mnt/ubna_data_02_mir/recover-20220922/UBNA_001/20220921_090000.WAV,Telephone Field,recover-20220922,001,1795
496.4575,496.4954,68437,81515,Rhinolophus ferrumequinum,0.033,0.033,-1,Echolocation,/mnt/ubna_data_02_mir/recover-20220922/UBNA_001/20220921_090000.WAV,Telephone Field,recover-20220922,001,1795
496.4775,496.5146,68437,81353,Rhinolophus ferrumequinum,0.023,0.023,-1,Echolocation,/mnt/ubna_data_02_mir/recover-20220922/UBNA_001/20220921_090000.WAV,Telephone Field,recover-20220922,001,1795
496.5045,496.5426,68437,81644,Rhinolophus ferrumequinum,0.022,0.022,-1,Echolocation,/mnt/ubna_data_02_mir/recover-20220922/UBNA_001/20220921_090000.WAV,Telephone Field,recover-20220922,001,1795
496.5565,496.5962,68437,81506,Rhinolophus ferrumequinum,0.036,0.036,-1,Echolocation,/mnt/ubna_data_02_mir/recover-20220922/UBNA_001/20220921_090000.WAV,Telephone Field,recover-20220922,001,1795
496.5795,496.591,22890,27401,Nyctalus leisleri,0.012,0.024,-1,Echolocation,/mnt/ubna_data_02_mir/recover-20220922/UBNA_001/20220921_090000.WAV,Telephone Field,recover-20220922,001,1795
496.58050000000003,496.6149,68437,81427,Rhinolophus ferrumequinum,0.023,0.023,-1,Echolocation,/mnt/ubna_data_02_mir/recover-20220922/UBNA_001/20220921_090000.WAV,Telephone Field,recover-20220922,001,1795
496.5875,496.6247,68437,81888,Rhinolophus ferrumequinum,0.022,0.022,-1,Echolocation,/mnt/ubna_data_02_mir/recover-20220922/UBNA_001/20220921_090000.WAV,Telephone Field,recover-20220922,001,1795
496.6385,496.6757,68437,81467,Rhinolophus ferrumequinum,0.027,0.028,-1,Echolocation,/mnt/ubna_data_02_mir/recover-20220922/UBNA_001/20220921_090000.WAV,Telephone Field,recover-20220922,001,1795
496.6625,496.6974,68437,81392,Rhinolophus ferrumequinum,0.022,0.022,-1,Echolocation,/mnt/ubna_data_02_mir/recover-20220922/UBNA_001/20220921_090000.WAV,Telephone Field,recover-20220922,001,1795
496.6735,496.7133,68437,82148,Rhinolophus ferrumequinum,0.023,0.023,-1,Echolocation,/mnt/ubna_data_02_mir/recover-20220922/UBNA_001/20220921_090000.WAV,Telephone Field,recover-20220922,001,1795
496.6945,496.7335,68437,82201,Rhinolophus ferrumequinum,0.025,0.025,-1,Echolocation,/mnt/ubna_data_02_mir/recover-20220922/UBNA_001/20220921_090000.WAV,Telephone Field,recover-20220922,001,1795
496.7025,496.7133,43515,47306,Pipistrellus pipistrellus,0.021,0.022,-1,Echolocation,/mnt/ubna_data_02_mir/recover-20220922/UBNA_001/20220921_090000.WAV,Telephone Field,recover-20220922,001,1795
496.7145,496.7522,68437,82215,Rhinolophus ferrumequinum,0.022,0.022,-1,Echolocation,/mnt/ubna_data_02_mir/recover-20220922/UBNA_001/20220921_090000.WAV,Telephone Field,recover-20220922,001,1795
496.7755,496.8146,68437,82058,Rhinolophus ferrumequinum,0.023,0.023,-1,Echolocation,/mnt/ubna_data_02_mir/recover-20220922/UBNA_001/20220921_090000.WAV,Telephone Field,recover-20220922,001,1795
496.7855,496.7956,22031,28265,Nyctalus leisleri,0.011,0.031,-1,Echolocation,/mnt/ubna_data_02_mir/recover-20220922/UBNA_001/20220921_090000.WAV,Telephone Field,recover-20220922,001,1795
496.8105,496.82,43515,47529,Pipistrellus pipistrellus,0.032,0.036,-1,Echolocation,/mnt/ubna_data_02_mir/recover-20220922/UBNA_001/20220921_090000.WAV,Telephone Field,recover-20220922,001,1795
496.8505,496.8856,68437,80553,Rhinolophus ferrumequinum,0.022,0.022,-1,Echolocation,/mnt/ubna_data_02_mir/recover-20220922/UBNA_001/20220921_090000.WAV,Telephone Field,recover-20220922,001,1795
496.8635,496.9017,68437,81899,Rhinolophus ferrumequinum,0.023,0.023,-1,Echolocation,/mnt/ubna_data_02_mir/recover-20220922/UBNA_001/20220921_090000.WAV,Telephone Field,recover-20220922,001,1795
496.8665,496.874,28046,39681,Eptesicus serotinus,0.007,0.024,-1,Echolocation,/mnt/ubna_data_02_mir/recover-20220922/UBNA_001/20220921_090000.WAV,Telephone Field,recover-20220922,001,1795
496.8865,496.8969,44375,51535,Pipistrellus pipistrellus,0.024,0.033,-1,Echolocation,/mnt/ubna_data_02_mir/recover-20220922/UBNA_001/20220921_090000.WAV,Telephone Field,recover-20220922,001,1795
496.8875,496.9312,68437,83789,Rhinolophus ferrumequinum,0.047,0.047,-1,Echolocation,/mnt/ubna_data_02_mir/recover-20220922/UBNA_001/20220921_090000.WAV,Telephone Field,recover-20220922,001,1795
496.8885,496.8965,49531,53698,Pipistrellus pipistrellus,0.027,0.029,-1,Echolocation,/mnt/ubna_data_02_mir/recover-20220922/UBNA_001/20220921_090000.WAV,Telephone Field,recover-20220922,001,1795
496.9015,496.9444,68437,82823,Rhinolophus ferrumequinum,0.025,0.025,-1,Echolocation,/mnt/ubna_data_02_mir/recover-20220922/UBNA_001/20220921_090000.WAV,Telephone Field,recover-20220922,001,1795
496.9625,497.0031,68437,82102,Rhinolophus ferrumequinum,0.032,0.032,-1,Echolocation,/mnt/ubna_data_02_mir/recover-20220922/UBNA_001/20220921_090000.WAV,Telephone Field,recover-20220922,001,1795
496.9765,496.9878,28906,35424,Eptesicus serotinus,0.016,0.029,-1,Echolocation,/mnt/ubna_data_02_mir/recover-20220922/UBNA_001/20220921_090000.WAV,Telephone Field,recover-20220922,001,1795
497.0225,497.0311,15156,23109,Plecotus auritus,0.013,0.026,-1,Echolocation,/mnt/ubna_data_02_mir/recover-20220922/UBNA_001/20220921_090000.WAV,Telephone Field,recover-20220922,001,1795
497.0295,497.0711,68437,82774,Rhinolophus ferrumequinum,0.024,0.024,-1,Echolocation,/mnt/ubna_data_02_mir/recover-20220922/UBNA_001/20220921_090000.WAV,Telephone Field,recover-20220922,001,1795
497.0725,497.1152,68437,83048,Rhinolophus ferrumequinum,0.028,0.028,-1,Echolocation,/mnt/ubna_data_02_mir/recover-20220922/UBNA_001/20220921_090000.WAV,Telephone Field,recover-20220922,001,1795
497.0795,497.1206,68437,82770,Rhinolophus ferrumequinum,0.024,0.024,-1,Echolocation,/mnt/ubna_data_02_mir/recover-20220922/UBNA_001/20220921_090000.WAV,Telephone Field,recover-20220922,001,1795
497.1085,497.1484,68437,82281,Rhinolophus ferrumequinum,0.024,0.024,-1,Echolocation,/mnt/ubna_data_02_mir/recover-20220922/UBNA_001/20220921_090000.WAV,Telephone Field,recover-20220922,001,1795
497.1195,497.1611,68437,82546,Rhinolophus ferrumequinum,0.025,0.025,-1,Echolocation,/mnt/ubna_data_02_mir/recover-20220922/UBNA_001/20220921_090000.WAV,Telephone Field,recover-20220922,001,1795
497.1345,497.1447,28906,37677,Eptesicus serotinus,0.01,0.025,-1,Echolocation,/mnt/ubna_data_02_mir/recover-20220922/UBNA_001/20220921_090000.WAV,Telephone Field,recover-20220922,001,1795
497.1355,497.1449,49531,54399,Pipistrellus pipistrellus,0.033,0.037,-1,Echolocation,/mnt/ubna_data_02_mir/recover-20220922/UBNA_001/20220921_090000.WAV,Telephone Field,recover-20220922,001,1795
497.1445,497.1553,28046,34645,Eptesicus serotinus,0.011,0.022,-1,Echolocation,/mnt/ubna_data_02_mir/recover-20220922/UBNA_001/20220921_090000.WAV,Telephone Field,recover-20220922,001,1795
497.1715,497.1825,32343,38861,Eptesicus serotinus,0.017,0.041,-1,Echolocation,/mnt/ubna_data_02_mir/recover-20220922/UBNA_001/20220921_090000.WAV,Telephone Field,recover-20220922,001,1795
497.2075,497.24490000000003,68437,82265,Rhinolophus ferrumequinum,0.024,0.024,-1,Echolocation,/mnt/ubna_data_02_mir/recover-20220922/UBNA_001/20220921_090000.WAV,Telephone Field,recover-20220922,001,1795
497.29449999999997,497.3035,28906,39849,Eptesicus serotinus,0.008,0.022,-1,Echolocation,/mnt/ubna_data_02_mir/recover-20220922/UBNA_001/20220921_090000.WAV,Telephone Field,recover-20220922,001,1795
497.2965,497.3067,24609,31619,Nyctalus leisleri,0.008,0.023,-1,Echolocation,/mnt/ubna_data_02_mir/recover-20220922/UBNA_001/20220921_090000.WAV,Telephone Field,recover-20220922,001,1795
497.3275,497.3356,28046,40544,Eptesicus serotinus,0.008,0.024,-1,Echolocation,/mnt/ubna_data_02_mir/recover-20220922/UBNA_001/20220921_090000.WAV,Telephone Field,recover-20220922,001,1795
497.3325,497.374,68437,81783,Rhinolophus ferrumequinum,0.024,0.024,-1,Echolocation,/mnt/ubna_data_02_mir/recover-20220922/UBNA_001/20220921_090000.WAV,Telephone Field,recover-20220922,001,1795
497.3715,497.383,27187,35209,Eptesicus serotinus,0.015,0.03,-1,Echolocation,/mnt/ubna_data_02_mir/recover-20220922/UBNA_001/20220921_090000.WAV,Telephone Field,recover-20220922,001,1795
497.3795,497.3888,27187,35207,Eptesicus serotinus,0.016,0.036,-1,Echolocation,/mnt/ubna_data_02_mir/recover-20220922/UBNA_001/20220921_090000.WAV,Telephone Field,recover-20220922,001,1795
497.4155,497.4563,68437,82773,Rhinolophus ferrumequinum,0.026,0.026,-1,Echolocation,/mnt/ubna_data_02_mir/recover-20220922/UBNA_001/20220921_090000.WAV,Telephone Field,recover-20220922,001,1795
497.4385,497.4801,68437,82726,Rhinolophus ferrumequinum,0.027,0.027,-1,Echolocation,/mnt/ubna_data_02_mir/recover-20220922/UBNA_001/20220921_090000.WAV,Telephone Field,recover-20220922,001,1795
497.4435,497.4506,28046,40693,Eptesicus serotinus,0.008,0.025,-1,Echolocation,/mnt/ubna_data_02_mir/recover-20220922/UBNA_001/20220921_090000.WAV,Telephone Field,recover-20220922,001,1795
497.4915,497.5002,23750,31236,Plecotus austriacus,0.008,0.025,-1,Echolocation,/mnt/ubna_data_02_mir/recover-20220922/UBNA_001/20220921_090000.WAV,Telephone Field,recover-20220922,001,1795
497.5395,497.5787,68437,82655,Rhinolophus ferrumequinum,0.025,0.025,-1,Echolocation,/mnt/ubna_data_02_mir/recover-20220922/UBNA_001/20220921_090000.WAV,Telephone Field,recover-20220922,001,1795
497.5465,497.5872,68437,82665,Rhinolophus ferrumequinum,0.024,0.024,-1,Echolocation,/mnt/ubna_data_02_mir/recover-20220922/UBNA_001/20220921_090000.WAV,Telephone Field,recover-20220922,001,1795
497.5615,497.5979,68437,81755,Rhinolophus ferrumequinum,0.023,0.023,-1,Echolocation,/mnt/ubna_data_02_mir/recover-20220922/UBNA_001/20220921_090000.WAV,Telephone Field,recover-20220922,001,1795
497.6225,497.6329,22890,28319,Nyctalus leisleri,0.011,0.023,-1,Echolocation,/mnt/ubna_data_02_mir/recover-20220922/UBNA_001/20220921_090000.WAV,Telephone Field,recover-20220922,001,1795
497.6255,497.66610000000003,68437,82756,Rhinolophus ferrumequinum,0.029,0.029,-1,Echolocation,/mnt/ubna_data_02_mir/recover-20220922/UBNA_001/20220921_090000.WAV,Telephone Field,recover-20220922,001,1795
497.6775,497.717,68437,81780,Rhinolophus ferrumequinum,0.031,0.031,-1,Echolocation,/mnt/ubna_data_02_mir/recover-20220922/UBNA_001/20220921_090000.WAV,Telephone Field,recover-20220922,001,1795
497.6965,497.7065,22890,29093,Nyctalus leisleri,0.009,0.025,-1,Echolocation,/mnt/ubna_data_02_mir/recover-20220922/UBNA_001/20220921_090000.WAV,Telephone Field,recover-20220922,001,1795
497.7475,497.7577,24609,32359,Eptesicus serotinus,0.012,0.03,-1,Echolocation,/mnt/ubna_data_02_mir/recover-20220922/UBNA_001/20220921_090000.WAV,Telephone Field,recover-20220922,001,1795
497.7795,497.8183,68437,81935,Rhinolophus ferrumequinum,0.022,0.022,-1,Echolocation,/mnt/ubna_data_02_mir/recover-20220922/UBNA_001/20220921_090000.WAV,Telephone Field,recover-20220922,001,1795
497.83050000000003,497.8404,27187,34864,Eptesicus serotinus,0.018,0.034,-1,Echolocation,/mnt/ubna_data_02_mir/recover-20220922/UBNA_001/20220921_090000.WAV,Telephone Field,recover-20220922,001,1795
497.8505,497.8898,68437,82371,Rhinolophus ferrumequinum,0.024,0.024,-1,Echolocation,/mnt/ubna_data_02_mir/recover-20220922/UBNA_001/20220921_090000.WAV,Telephone Field,recover-20220922,001,1795
497.8745,497.9162,68437,83177,Rhinolophus ferrumequinum,0.029,0.029,-1,Echolocation,/mnt/ubna_data_02_mir/recover-20220922/UBNA_001/20220921_090000.WAV,Telephone Field,recover-20220922,001,1795
497.8825,497.8877,40937,53229,Myotis daubentonii,0.007,0.022,-1,Echolocation,/mnt/ubna_data_02_mir/recover-20220922/UBNA_001/20220921_090000.WAV,Telephone Field,recover-20220922,001,1795
497.9095,497.9469,68437,81972,Rhinolophus ferrumequinum,0.022,0.022,-1,Echolocation,/mnt/ubna_data_02_mir/recover-20220922/UBNA_001/20220921_090000.WAV,Telephone Field,recover-20220922,001,1795
497.9175,497.9251,26328,35574,Eptesicus serotinus,0.008,0.03,-1,Echolocation,/mnt/ubna_data_02_mir/recover-20220922/UBNA_001/20220921_090000.WAV,Telephone Field,recover-20220922,001,1795
497.9275,497.9661,68437,82418,Rhinolophus ferrumequinum,0.022,0.022,-1,Echolocation,/mnt/ubna_data_02_mir/recover-20220922/UBNA_001/20220921_090000.WAV,Telephone Field,recover-20220922,001,1795
497.9475,497.9891,68437,82592,Rhinolophus ferrumequinum,0.03,0.03,-1,Echolocation,/mnt/ubna_data_02_mir/recover-20220922/UBNA_001/20220921_090000.WAV,Telephone Field,recover-20220922,001,1795
498.0015,498.0099,26328,35024,Eptesicus serotinus,0.009,0.029,-1,Echolocation,/mnt/ubna_data_02_mir/recover-20220922/UBNA_001/20220921_090000.WAV,Telephone Field,recover-20220922,001,1795
498.0015,498.0324,68437,79904,Rhinolophus ferrumequinum,0.031,0.031,-1,Echolocation,/mnt/ubna_data_02_mir/recover-20220922/UBNA_001/20220921_090000.WAV,Telephone Field,recover-20220922,001,1795
498.0295,498.04,14296,19707,Nyctalus noctula,0.015,0.029,-1,Echolocation,/mnt/ubna_data_02_mir/recover-20220922/UBNA_001/20220921_090000.WAV,Telephone Field,recover-20220922,001,1795
498.0295,498.0666,68437,81643,Rhinolophus ferrumequinum,0.022,0.022,-1,Echolocation,/mnt/ubna_data_02_mir/recover-20220922/UBNA_001/20220921_090000.WAV,Telephone Field,recover-20220922,001,1795
498.0505,498.0584,26328,35408,Eptesicus serotinus,0.008,0.022,-1,Echolocation,/mnt/ubna_data_02_mir/recover-20220922/UBNA_001/20220921_090000.WAV,Telephone Field,recover-20220922,001,1795
498.0785,498.0849,28906,40705,Eptesicus serotinus,0.007,0.03,-1,Echolocation,/mnt/ubna_data_02_mir/recover-20220922/UBNA_001/20220921_090000.WAV,Telephone Field,recover-20220922,001,1795
498.0795,498.1207,68437,82547,Rhinolophus ferrumequinum,0.024,0.024,-1,Echolocation,/mnt/ubna_data_02_mir/recover-20220922/UBNA_001/20220921_090000.WAV,Telephone Field,recover-20220922,001,1795
498.10450000000003,498.1424,68437,82409,Rhinolophus ferrumequinum,0.032,0.032,-1,Echolocation,/mnt/ubna_data_02_mir/recover-20220922/UBNA_001/20220921_090000.WAV,Telephone Field,recover-20220922,001,1795
498.1305,498.1446,22031,25807,Nyctalus leisleri,0.013,0.022,-1,Echolocation,/mnt/ubna_data_02_mir/recover-20220922/UBNA_001/20220921_090000.WAV,Telephone Field,recover-20220922,001,1795
498.1325,498.1714,68437,82072,Rhinolophus ferrumequinum,0.025,0.025,-1,Echolocation,/mnt/ubna_data_02_mir/recover-20220922/UBNA_001/20220921_090000.WAV,Telephone Field,recover-20220922,001,1795
498.1595,498.20029999999997,68437,82431,Rhinolophus ferrumequinum,0.026,0.026,-1,Echolocation,/mnt/ubna_data_02_mir/recover-20220922/UBNA_001/20220921_090000.WAV,Telephone Field,recover-20220922,001,1795
498.1825,498.1936,27187,34120,Eptesicus serotinus,0.012,0.025,-1,Echolocation,/mnt/ubna_data_02_mir/recover-20220922/UBNA_001/20220921_090000.WAV,Telephone Field,recover-20220922,001,1795
498.1905,498.2012,25468,31042,Nyctalus leisleri,0.01,0.024,-1,Echolocation,/mnt/ubna_data_02_mir/recover-20220922/UBNA_001/20220921_090000.WAV,Telephone Field,recover-20220922,001,1795
498.2035,498.2418,68437,81811,Rhinolophus ferrumequinum,0.023,0.023,-1,Echolocation,/mnt/ubna_data_02_mir/recover-20220922/UBNA_001/20220921_090000.WAV,Telephone Field,recover-20220922,001,1795
498.2535,498.264,28906,36870,Eptesicus serotinus,0.01,0.025,-1,Echolocation,/mnt/ubna_data_02_mir/recover-20220922/UBNA_001/20220921_090000.WAV,Telephone Field,recover-20220922,001,1795
498.2615,498.298,68437,81827,Rhinolophus ferrumequinum,0.022,0.022,-1,Echolocation,/mnt/ubna_data_02_mir/recover-20220922/UBNA_001/20220921_090000.WAV,Telephone Field,recover-20220922,001,1795
498.2795,498.289,23750,30222,Nyctalus leisleri,0.008,0.024,-1,Echolocation,/mnt/ubna_data_02_mir/recover-20220922/UBNA_001/20220921_090000.WAV,Telephone Field,recover-20220922,001,1795
498.2915,498.298,28046,40061,Eptesicus serotinus,0.007,0.026,-1,Echolocation,/mnt/ubna_data_02_mir/recover-20220922/UBNA_001/20220921_090000.WAV,Telephone Field,recover-20220922,001,1795
498.3255,498.3661,68437,83309,Rhinolophus ferrumequinum,0.038,0.038,-1,Echolocation,/mnt/ubna_data_02_mir/recover-20220922/UBNA_001/20220921_090000.WAV,Telephone Field,recover-20220922,001,1795
498.3615,498.3983,68437,80849,Rhinolophus ferrumequinum,0.026,0.026,-1,Echolocation,/mnt/ubna_data_02_mir/recover-20220922/UBNA_001/20220921_090000.WAV,Telephone Field,recover-20220922,001,1795
498.3635,498.3718,28046,37573,Eptesicus serotinus,0.01,0.023,-1,Echolocation,/mnt/ubna_data_02_mir/recover-20220922/UBNA_001/20220921_090000.WAV,Telephone Field,recover-20220922,001,1795
498.4335,498.4437,23750,29726,Nyctalus leisleri,0.009,0.022,-1,Echolocation,/mnt/ubna_data_02_mir/recover-20220922/UBNA_001/20220921_090000.WAV,Telephone Field,recover-20220922,001,1795
498.4385,498.4776,68437,81852,Rhinolophus ferrumequinum,0.023,0.023,-1,Echolocation,/mnt/ubna_data_02_mir/recover-20220922/UBNA_001/20220921_090000.WAV,Telephone Field,recover-20220922,001,1795
498.4525,498.4612,28906,38536,Eptesicus serotinus,0.009,0.026,-1,Echolocation,/mnt/ubna_data_02_mir/recover-20220922/UBNA_001/20220921_090000.WAV,Telephone Field,recover-20220922,001,1795
498.4815,498.4918,22890,28233,Nyctalus leisleri,0.012,0.026,-1,Echolocation,/mnt/ubna_data_02_mir/recover-20220922/UBNA_001/20220921_090000.WAV,Telephone Field,recover-20220922,001,1795
498.5125,498.5539,68437,82806,Rhinolophus ferrumequinum,0.025,0.025,-1,Echolocation,/mnt/ubna_data_02_mir/recover-20220922/UBNA_001/20220921_090000.WAV,Telephone Field,recover-20220922,001,1795
498.5335,498.5734,68437,82354,Rhinolophus ferrumequinum,0.035,0.035,-1,Echolocation,/mnt/ubna_data_02_mir/recover-20220922/UBNA_001/20220921_090000.WAV,Telephone Field,recover-20220922,001,1795
498.5455,498.555,25468,33821,Eptesicus serotinus,0.01,0.027,-1,Echolocation,/mnt/ubna_data_02_mir/recover-20220922/UBNA_001/20220921_090000.WAV,Telephone Field,recover-20220922,001,1795
498.5525,498.5591,46953,51687,Pipistrellus pipistrellus,0.022,0.023,-1,Echolocation,/mnt/ubna_data_02_mir/recover-20220922/UBNA_001/20220921_090000.WAV,Telephone Field,recover-20220922,001,1795
498.5565,498.592,68437,81403,Rhinolophus ferrumequinum,0.023,0.023,-1,Echolocation,/mnt/ubna_data_02_mir/recover-20220922/UBNA_001/20220921_090000.WAV,Telephone Field,recover-20220922,001,1795
498.5625,498.572,28906,36735,Eptesicus serotinus,0.008,0.022,-1,Echolocation,/mnt/ubna_data_02_mir/recover-20220922/UBNA_001/20220921_090000.WAV,Telephone Field,recover-20220922,001,1795
498.5735,498.5848,23750,29914,Nyctalus leisleri,0.012,0.029,-1,Echolocation,/mnt/ubna_data_02_mir/recover-20220922/UBNA_001/20220921_090000.WAV,Telephone Field,recover-20220922,001,1795
498.5795,498.618,68437,81850,Rhinolophus ferrumequinum,0.03,0.03,-1,Echolocation,/mnt/ubna_data_02_mir/recover-20220922/UBNA_001/20220921_090000.WAV,Telephone Field,recover-20220922,001,1795
498.5905,498.6281,68437,81772,Rhinolophus ferrumequinum,0.026,0.026,-1,Echolocation,/mnt/ubna_data_02_mir/recover-20220922/UBNA_001/20220921_090000.WAV,Telephone Field,recover-20220922,001,1795
498.6175,498.6563,68437,81461,Rhinolophus ferrumequinum,0.024,0.024,-1,Echolocation,/mnt/ubna_data_02_mir/recover-20220922/UBNA_001/20220921_090000.WAV,Telephone Field,recover-20220922,001,1795
498.6825,498.7196,68437,81935,Rhinolophus ferrumequinum,0.022,0.022,-1,Echolocation,/mnt/ubna_data_02_mir/recover-20220922/UBNA_001/20220921_090000.WAV,Telephone Field,recover-20220922,001,1795
498.7015,498.7111,28906,37308,Eptesicus serotinus,0.009,0.022,-1,Echolocation,/mnt/ubna_data_02_mir/recover-20220922/UBNA_001/20220921_090000.WAV,Telephone Field,recover-20220922,001,1795
498.7145,498.7539,68437,82193,Rhinolophus ferrumequinum,0.023,0.023,-1,Echolocation,/mnt/ubna_data_02_mir/recover-20220922/UBNA_001/20220921_090000.WAV,Telephone Field,recover-20220922,001,1795
498.7215,498.7311,23750,30632,Nyctalus leisleri,0.008,0.024,-1,Echolocation,/mnt/ubna_data_02_mir/recover-20220922/UBNA_001/20220921_090000.WAV,Telephone Field,recover-20220922,001,1795
498.7335,498.7741,68437,82751,Rhinolophus ferrumequinum,0.036,0.036,-1,Echolocation,/mnt/ubna_data_02_mir/recover-20220922/UBNA_001/20220921_090000.WAV,Telephone Field,recover-20220922,001,1795
498.7805,498.816,68437,81756,Rhinolophus ferrumequinum,0.024,0.024,-1,Echolocation,/mnt/ubna_data_02_mir/recover-20220922/UBNA_001/20220921_090000.WAV,Telephone Field,recover-20220922,001,1795
498.8075,498.8471,68437,82638,Rhinolophus ferrumequinum,0.029,0.029,-1,Echolocation,/mnt/ubna_data_02_mir/recover-20220922/UBNA_001/20220921_090000.WAV,Telephone Field,recover-20220922,001,1795
498.8815,498.9244,68437,83185,Rhinolophus ferrumequinum,0.035,0.035,-1,Echolocation,/mnt/ubna_data_02_mir/recover-20220922/UBNA_001/20220921_090000.WAV,Telephone Field,recover-20220922,001,1795
498.9505,498.9639,24609,29164,Nyctalus leisleri,0.015,0.029,-1,Echolocation,/mnt/ubna_data_02_mir/recover-20220922/UBNA_001/20220921_090000.WAV,Telephone Field,recover-20220922,001,1795
498.9715,499.0052,68437,80511,Rhinolophus ferrumequinum,0.022,0.022,-1,Echolocation,/mnt/ubna_data_02_mir/recover-20220922/UBNA_001/20220921_090000.WAV,Telephone Field,recover-20220922,001,1795
498.9835,498.9927,27187,36512,Eptesicus serotinus,0.008,0.022,-1,Echolocation,/mnt/ubna_data_02_mir/recover-20220922/UBNA_001/20220921_090000.WAV,Telephone Field,recover-20220922,001,1795
498.9945,499.0056,28046,34971,Eptesicus serotinus,0.012,0.026,-1,Echolocation,/mnt/ubna_data_02_mir/recover-20220922/UBNA_001/20220921_090000.WAV,Telephone Field,recover-20220922,001,1795
499.0475,499.0688,20312,23565,Nyctalus leisleri,0.025,0.049,-1,Echolocation,/mnt/ubna_data_02_mir/recover-20220922/UBNA_001/20220921_090000.WAV,Telephone Field,recover-20220922,001,1795
499.0825,499.0912,22890,30204,Plecotus austriacus,0.012,0.028,-1,Echolocation,/mnt/ubna_data_02_mir/recover-20220922/UBNA_001/20220921_090000.WAV,Telephone Field,recover-20220922,001,1795
499.1375,499.1762,68437,81844,Rhinolophus ferrumequinum,0.027,0.027,-1,Echolocation,/mnt/ubna_data_02_mir/recover-20220922/UBNA_001/20220921_090000.WAV,Telephone Field,recover-20220922,001,1795
499.1545,499.19010000000003,68437,81589,Rhinolophus ferrumequinum,0.023,0.023,-1,Echolocation,/mnt/ubna_data_02_mir/recover-20220922/UBNA_001/20220921_090000.WAV,Telephone Field,recover-20220922,001,1795
499.1755,499.21320000000003,68437,82481,Rhinolophus ferrumequinum,0.022,0.022,-1,Echolocation,/mnt/ubna_data_02_mir/recover-20220922/UBNA_001/20220921_090000.WAV,Telephone Field,recover-20220922,001,1795
499.1985,499.2069,27187,39840,Eptesicus serotinus,0.008,0.023,-1,Echolocation,/mnt/ubna_data_02_mir/recover-20220922/UBNA_001/20220921_090000.WAV,Telephone Field,recover-20220922,001,1795
499.2455,499.257,24609,30557,Nyctalus leisleri,0.012,0.026,-1,Echolocation,/mnt/ubna_data_02_mir/recover-20220922/UBNA_001/20220921_090000.WAV,Telephone Field,recover-20220922,001,1795
499.2455,499.2838,68437,81928,Rhinolophus ferrumequinum,0.023,0.023,-1,Echolocation,/mnt/ubna_data_02_mir/recover-20220922/UBNA_001/20220921_090000.WAV,Telephone Field,recover-20220922,001,1795
499.2745,499.3125,68437,81948,Rhinolophus ferrumequinum,0.024,0.024,-1,Echolocation,/mnt/ubna_data_02_mir/recover-20220922/UBNA_001/20220921_090000.WAV,Telephone Field,recover-20220922,001,1795
499.2785,499.2855,46953,55433,Pipistrellus pipistrellus,0.026,0.029,-1,Echolocation,/mnt/ubna_data_02_mir/recover-20220922/UBNA_001/20220921_090000.WAV,Telephone Field,recover-20220922,001,1795
499.2935,499.3019,25468,34492,Eptesicus serotinus,0.012,0.03,-1,Echolocation,/mnt/ubna_data_02_mir/recover-20220922/UBNA_001/20220921_090000.WAV,Telephone Field,recover-20220922,001,1795
499.2985,499.3353,68437,81117,Rhinolophus ferrumequinum,0.023,0.023,-1,Echolocation,/mnt/ubna_data_02_mir/recover-20220922/UBNA_001/20220921_090000.WAV,Telephone Field,recover-20220922,001,1795
499.3095,499.3486,68437,82719,Rhinolophus ferrumequinum,0.029,0.029,-1,Echolocation,/mnt/ubna_data_02_mir/recover-20220922/UBNA_001/20220921_090000.WAV,Telephone Field,recover-20220922,001,1795
499.3155,499.3219,28046,41589,Eptesicus serotinus,0.009,0.035,-1,Echolocation,/mnt/ubna_data_02_mir/recover-20220922/UBNA_001/20220921_090000.WAV,Telephone Field,recover-20220922,001,1795
499.3265,499.3365,23750,30027,Nyctalus leisleri,0.01,0.025,-1,Echolocation,/mnt/ubna_data_02_mir/recover-20220922/UBNA_001/20220921_090000.WAV,Telephone Field,recover-20220922,001,1795
499.3275,499.3696,68437,82261,Rhinolophus ferrumequinum,0.036,0.036,-1,Echolocation,/mnt/ubna_data_02_mir/recover-20220922/UBNA_001/20220921_090000.WAV,Telephone Field,recover-20220922,001,1795
499.3585,499.3989,68437,82013,Rhinolophus ferrumequinum,0.025,0.025,-1,Echolocation,/mnt/ubna_data_02_mir/recover-20220922/UBNA_001/20220921_090000.WAV,Telephone Field,recover-20220922,001,1795
499.3645,499.4057,68437,82254,Rhinolophus ferrumequinum,0.022,0.023,-1,Echolocation,/mnt/ubna_data_02_mir/recover-20220922/UBNA_001/20220921_090000.WAV,Telephone Field,recover-20220922,001,1795
499.3745,499.3845,53828,56429,Pipistrellus pygmaeus,0.021,0.023,-1,Echolocation,/mnt/ubna_data_02_mir/recover-20220922/UBNA_001/20220921_090000.WAV,Telephone Field,recover-20220922,001,1795
499.3825,499.4201,68437,81987,Rhinolophus ferrumequinum,0.022,0.022,-1,Echolocation,/mnt/ubna_data_02_mir/recover-20220922/UBNA_001/20220921_090000.WAV,Telephone Field,recover-20220922,001,1795
499.4155,499.4217,25468,41950,Plecotus austriacus,0.009,0.035,-1,Echolocation,/mnt/ubna_data_02_mir/recover-20220922/UBNA_001/20220921_090000.WAV,Telephone Field,recover-20220922,001,1795
499.54449999999997,499.5572,22031,25968,Nyctalus leisleri,0.014,0.024,-1,Echolocation,/mnt/ubna_data_02_mir/recover-20220922/UBNA_001/20220921_090000.WAV,Telephone Field,recover-20220922,001,1795
499.5915,499.6313,68437,82362,Rhinolophus ferrumequinum,0.032,0.032,-1,Echolocation,/mnt/ubna_data_02_mir/recover-20220922/UBNA_001/20220921_090000.WAV,Telephone Field,recover-20220922,001,1795
499.6435,499.6531,28046,36526,Eptesicus serotinus,0.009,0.022,-1,Echolocation,/mnt/ubna_data_02_mir/recover-20220922/UBNA_001/20220921_090000.WAV,Telephone Field,recover-20220922,001,1795
499.6715,499.7114,68437,82128,Rhinolophus ferrumequinum,0.023,0.023,-1,Echolocation,/mnt/ubna_data_02_mir/recover-20220922/UBNA_001/20220921_090000.WAV,Telephone Field,recover-20220922,001,1795
499.6795,499.7206,68437,82947,Rhinolophus ferrumequinum,0.031,0.031,-1,Echolocation,/mnt/ubna_data_02_mir/recover-20220922/UBNA_001/20220921_090000.WAV,Telephone Field,recover-20220922,001,1795
499.7235,499.7568,68437,80871,Rhinolophus ferrumequinum,0.024,0.024,-1,Echolocation,/mnt/ubna_data_02_mir/recover-20220922/UBNA_001/20220921_090000.WAV,Telephone Field,recover-20220922,001,1795
499.7985,499.8068,46093,50103,Pipistrellus pipistrellus,0.022,0.024,-1,Echolocation,/mnt/ubna_data_02_mir/recover-20220922/UBNA_001/20220921_090000.WAV,Telephone Field,recover-20220922,001,1795
499.8025,499.8404,68437,82224,Rhinolophus ferrumequinum,0.023,0.023,-1,Echolocation,/mnt/ubna_data_02_mir/recover-20220922/UBNA_001/20220921_090000.WAV,Telephone Field,recover-20220922,001,1795
499.8155,499.8522,68437,82058,Rhinolophus ferrumequinum,0.027,0.027,-1,Echolocation,/mnt/ubna_data_02_mir/recover-20220922/UBNA_001/20220921_090000.WAV,Telephone Field,recover-20220922,001,1795
499.8255,499.83299999999997,28046,39810,Eptesicus serotinus,0.007,0.022,-1,Echolocation,/mnt/ubna_data_02_mir/recover-20220922/UBNA_001/20220921_090000.WAV,Telephone Field,recover-20220922,001,1795
499.8265,499.8638,68437,82062,Rhinolophus ferrumequinum,0.024,0.024,-1,Echolocation,/mnt/ubna_data_02_mir/recover-20220922/UBNA_001/20220921_090000.WAV,Telephone Field,recover-20220922,001,1795
499.9395,499.9763,68437,81815,Rhinolophus ferrumequinum,0.024,0.024,-1,Echolocation,/mnt/ubna_data_02_mir/recover-20220922/UBNA_001/20220921_090000.WAV,Telephone Field,recover-20220922,001,1795
499.9645,499.9731,30625,40611,Eptesicus serotinus,0.009,0.025,-1,Echolocation,/mnt/ubna_data_02_mir/recover-20220922/UBNA_001/20220921_090000.WAV,Telephone Field,recover-20220922,001,1795
500.0015,500.0374,68437,80923,Rhinolophus ferrumequinum,0.043,0.044,-1,Echolocation,/mnt/ubna_data_02_mir/recover-20220922/UBNA_001/20220921_090000.WAV,Telephone Field,recover-20220922,001,1795
500.0015,500.0119,24609,30990,Nyctalus leisleri,0.018,0.039,-1,Echolocation,/mnt/ubna_data_02_mir/recover-20220922/UBNA_001/20220921_090000.WAV,Telephone Field,recover-20220922,001,1795
500.0125,500.0568,68437,83045,Rhinolophus ferrumequinum,0.022,0.022,-1,Echolocation,/mnt/ubna_data_02_mir/recover-20220922/UBNA_001/20220921_090000.WAV,Telephone Field,recover-20220922,001,1795
500.0145,500.0246,25468,33523,Eptesicus serotinus,0.01,0.023,-1,Echolocation,/mnt/ubna_data_02_mir/recover-20220922/UBNA_001/20220921_090000.WAV,Telephone Field,recover-20220922,001,1795
500.0415,500.0837,68437,82263,Rhinolophus ferrumequinum,0.03,0.03,-1,Echolocation,/mnt/ubna_data_02_mir/recover-20220922/UBNA_001/20220921_090000.WAV,Telephone Field,recover-20220922,001,1795
500.0505,500.0602,28906,37036,Eptesicus serotinus,0.009,0.021,-1,Echolocation,/mnt/ubna_data_02_mir/recover-20220922/UBNA_001/20220921_090000.WAV,Telephone Field,recover-20220922,001,1795
500.0615,500.0951,68437,81002,Rhinolophus ferrumequinum,0.024,0.024,-1,Echolocation,/mnt/ubna_data_02_mir/recover-20220922/UBNA_001/20220921_090000.WAV,Telephone Field,recover-20220922,001,1795
500.0675,500.1034,68437,80740,Rhinolophus ferrumequinum,0.027,0.027,-1,Echolocation,/mnt/ubna_data_02_mir/recover-20220922/UBNA_001/20220921_090000.WAV,Telephone Field,recover-20220922,001,1795
500.0715,500.0819,23750,29294,Nyctalus leisleri,0.009,0.022,-1,Echolocation,/mnt/ubna_data_02_mir/recover-20220922/UBNA_001/20220921_090000.WAV,Telephone Field,recover-20220922,001,1795
500.0965,500.1352,68437,81941,Rhinolophus ferrumequinum,0.022,0.022,-1,Echolocation,/mnt/ubna_data_02_mir/recover-20220922/UBNA_001/20220921_090000.WAV,Telephone Field,recover-20220922,001,1795
500.1215,500.1623,68437,82600,Rhinolophus ferrumequinum,0.034,0.034,-1,Echolocation,/mnt/ubna_data_02_mir/recover-20220922/UBNA_001/20220921_090000.WAV,Telephone Field,recover-20220922,001,1795
500.1305,500.1404,22890,29404,Nyctalus leisleri,0.008,0.025,-1,Echolocation,/mnt/ubna_data_02_mir/recover-20220922/UBNA_001/20220921_090000.WAV,Telephone Field,recover-20220922,001,1795
500.1345,500.1445,28906,36859,Eptesicus serotinus,0.011,0.026,-1,Echolocation,/mnt/ubna_data_02_mir/recover-20220922/UBNA_001/20220921_090000.WAV,Telephone Field,recover-20220922,001,1795
500.1625,500.1723,28906,37669,Eptesicus serotinus,0.01,0.025,-1,Echolocation,/mnt/ubna_data_02_mir/recover-20220922/UBNA_001/20220921_090000.WAV,Telephone Field,recover-20220922,001,1795
500.1635,500.2017,68437,82338,Rhinolophus ferrumequinum,0.024,0.024,-1,Echolocation,/mnt/ubna_data_02_mir/recover-20220922/UBNA_001/20220921_090000.WAV,Telephone Field,recover-20220922,001,1795
500.2135,500.2338,16875,21006,Nyctalus noctula,0.018,0.026,-1,Echolocation,/mnt/ubna_data_02_mir/recover-20220922/UBNA_001/20220921_090000.WAV,Telephone Field,recover-20220922,001,1795
500.2235,500.2305,23750,32890,Plecotus austriacus,0.013,0.028,-1,Echolocation,/mnt/ubna_data_02_mir/recover-20220922/UBNA_001/20220921_090000.WAV,Telephone Field,recover-20220922,001,1795
500.2435,500.252,26328,35343,Eptesicus serotinus,0.007,0.021,-1,Echolocation,/mnt/ubna_data_02_mir/recover-20220922/UBNA_001/20220921_090000.WAV,Telephone Field,recover-20220922,001,1795
500.2495,500.2608,47812,51271,Pipistrellus pipistrellus,0.027,0.03,-1,Echolocation,/mnt/ubna_data_02_mir/recover-20220922/UBNA_001/20220921_090000.WAV,Telephone Field,recover-20220922,001,1795
500.2685,500.3082,68437,82299,Rhinolophus ferrumequinum,0.029,0.029,-1,Echolocation,/mnt/ubna_data_02_mir/recover-20220922/UBNA_001/20220921_090000.WAV,Telephone Field,recover-20220922,001,1795
500.2775,500.3175,68437,82310,Rhinolophus ferrumequinum,0.024,0.024,-1,Echolocation,/mnt/ubna_data_02_mir/recover-20220922/UBNA_001/20220921_090000.WAV,Telephone Field,recover-20220922,001,1795
500.2825,500.3216,68437,82365,Rhinolophus ferrumequinum,0.024,0.024,-1,Echolocation,/mnt/ubna_data_02_mir/recover-20220922/UBNA_001/20220921_090000.WAV,Telephone Field,recover-20220922,001,1795
500.2985,500.3429,68437,83609,Rhinolophus ferrumequinum,0.029,0.029,-1,Echolocation,/mnt/ubna_data_02_mir/recover-20220922/UBNA_001/20220921_090000.WAV,Telephone Field,recover-20220922,001,1795
500.3245,500.3357,36640,42272,Pipistrellus nathusii,0.007,0.027,-1,Echolocation,/mnt/ubna_data_02_mir/recover-20220922/UBNA_001/20220921_090000.WAV,Telephone Field,recover-20220922,001,1795
500.3395,500.3809,68437,82626,Rhinolophus ferrumequinum,0.037,0.037,-1,Echolocation,/mnt/ubna_data_02_mir/recover-20220922/UBNA_001/20220921_090000.WAV,Telephone Field,recover-20220922,001,1795
500.3695,500.384,23750,28798,Nyctalus leisleri,0.024,0.052,-1,Echolocation,/mnt/ubna_data_02_mir/recover-20220922/UBNA_001/20220921_090000.WAV,Telephone Field,recover-20220922,001,1795
500.3695,500.4101,68437,82214,Rhinolophus ferrumequinum,0.027,0.027,-1,Echolocation,/mnt/ubna_data_02_mir/recover-20220922/UBNA_001/20220921_090000.WAV,Telephone Field,recover-20220922,001,1795
500.3945,500.4332,68437,81917,Rhinolophus ferrumequinum,0.023,0.023,-1,Echolocation,/mnt/ubna_data_02_mir/recover-20220922/UBNA_001/20220921_090000.WAV,Telephone Field,recover-20220922,001,1795
500.4005,500.44,68437,82059,Rhinolophus ferrumequinum,0.023,0.023,-1,Echolocation,/mnt/ubna_data_02_mir/recover-20220922/UBNA_001/20220921_090000.WAV,Telephone Field,recover-20220922,001,1795
500.4045,500.415,24609,31918,Nyctalus leisleri,0.007,0.022,-1,Echolocation,/mnt/ubna_data_02_mir/recover-20220922/UBNA_001/20220921_090000.WAV,Telephone Field,recover-20220922,001,1795
500.4205,500.4551,68437,80813,Rhinolophus ferrumequinum,0.022,0.022,-1,Echolocation,/mnt/ubna_data_02_mir/recover-20220922/UBNA_001/20220921_090000.WAV,Telephone Field,recover-20220922,001,1795
500.4715,500.4807,24609,31600,Eptesicus serotinus,0.007,0.022,-1,Echolocation,/mnt/ubna_data_02_mir/recover-20220922/UBNA_001/20220921_090000.WAV,Telephone Field,recover-20220922,001,1795
500.4815,500.5221,68437,82592,Rhinolophus ferrumequinum,0.021,0.021,-1,Echolocation,/mnt/ubna_data_02_mir/recover-20220922/UBNA_001/20220921_090000.WAV,Telephone Field,recover-20220922,001,1795
500.4955,500.5076,23750,28745,Nyctalus leisleri,0.013,0.027,-1,Echolocation,/mnt/ubna_data_02_mir/recover-20220922/UBNA_001/20220921_090000.WAV,Telephone Field,recover-20220922,001,1795
500.4985,500.5376,68437,82236,Rhinolophus ferrumequinum,0.024,0.024,-1,Echolocation,/mnt/ubna_data_02_mir/recover-20220922/UBNA_001/20220921_090000.WAV,Telephone Field,recover-20220922,001,1795
500.5035,500.5119,28046,39205,Eptesicus serotinus,0.008,0.026,-1,Echolocation,/mnt/ubna_data_02_mir/recover-20220922/UBNA_001/20220921_090000.WAV,Telephone Field,recover-20220922,001,1795
500.5075,500.539,68437,81208,Rhinolophus ferrumequinum,0.023,0.023,-1,Echolocation,/mnt/ubna_data_02_mir/recover-20220922/UBNA_001/20220921_090000.WAV,Telephone Field,recover-20220922,001,1795
500.5215,500.5618,68437,82344,Rhinolophus ferrumequinum,0.028,0.028,-1,Echolocation,/mnt/ubna_data_02_mir/recover-20220922/UBNA_001/20220921_090000.WAV,Telephone Field,recover-20220922,001,1795
500.5475,500.5928,68437,83272,Rhinolophus ferrumequinum,0.048,0.048,-1,Echolocation,/mnt/ubna_data_02_mir/recover-20220922/UBNA_001/20220921_090000.WAV,Telephone Field,recover-20220922,001,1795
500.5765,500.5846,28046,39243,Eptesicus serotinus,0.009,0.024,-1,Echolocation,/mnt/ubna_data_02_mir/recover-20220922/UBNA_001/20220921_090000.WAV,Telephone Field,recover-20220922,001,1795
500.5795,500.5895,22031,28464,Nyctalus leisleri,0.007,0.022,-1,Echolocation,/mnt/ubna_data_02_mir/recover-20220922/UBNA_001/20220921_090000.WAV,Telephone Field,recover-20220922,001,1795
500.6165,500.6595,68437,82964,Rhinolophus ferrumequinum,0.05,0.05,-1,Echolocation,/mnt/ubna_data_02_mir/recover-20220922/UBNA_001/20220921_090000.WAV,Telephone Field,recover-20220922,001,1795
500.6435,500.6506,28046,38738,Eptesicus serotinus,0.007,0.025,-1,Echolocation,/mnt/ubna_data_02_mir/recover-20220922/UBNA_001/20220921_090000.WAV,Telephone Field,recover-20220922,001,1795
500.6595,500.7012,68437,82708,Rhinolophus ferrumequinum,0.025,0.025,-1,Echolocation,/mnt/ubna_data_02_mir/recover-20220922/UBNA_001/20220921_090000.WAV,Telephone Field,recover-20220922,001,1795
500.7135,500.7508,68437,81457,Rhinolophus ferrumequinum,0.022,0.022,-1,Echolocation,/mnt/ubna_data_02_mir/recover-20220922/UBNA_001/20220921_090000.WAV,Telephone Field,recover-20220922,001,1795
500.7195,500.727,25468,36562,Eptesicus serotinus,0.005,0.022,-1,Echolocation,/mnt/ubna_data_02_mir/recover-20220922/UBNA_001/20220921_090000.WAV,Telephone Field,recover-20220922,001,1795
500.7205,500.7562,68437,81419,Rhinolophus ferrumequinum,0.022,0.022,-1,Echolocation,/mnt/ubna_data_02_mir/recover-20220922/UBNA_001/20220921_090000.WAV,Telephone Field,recover-20220922,001,1795
500.7465,500.7864,68437,82396,Rhinolophus ferrumequinum,0.032,0.032,-1,Echolocation,/mnt/ubna_data_02_mir/recover-20220922/UBNA_001/20220921_090000.WAV,Telephone Field,recover-20220922,001,1795
500.77049999999997,500.8076,68437,81890,Rhinolophus ferrumequinum,0.023,0.023,-1,Echolocation,/mnt/ubna_data_02_mir/recover-20220922/UBNA_001/20220921_090000.WAV,Telephone Field,recover-20220922,001,1795
500.7805,500.8194,68437,82663,Rhinolophus ferrumequinum,0.024,0.024,-1,Echolocation,/mnt/ubna_data_02_mir/recover-20220922/UBNA_001/20220921_090000.WAV,Telephone Field,recover-20220922,001,1795
500.8635,500.8758,24609,30651,Nyctalus leisleri,0.025,0.056,-1,Echolocation,/mnt/ubna_data_02_mir/recover-20220922/UBNA_001/20220921_090000.WAV,Telephone Field,recover-20220922,001,1795
500.8675,500.9076,68437,82354,Rhinolophus ferrumequinum,0.024,0.024,-1,Echolocation,/mnt/ubna_data_02_mir/recover-20220922/UBNA_001/20220921_090000.WAV,Telephone Field,recover-20220922,001,1795
500.8795,500.9199,68437,82142,Rhinolophus ferrumequinum,0.028,0.028,-1,Echolocation,/mnt/ubna_data_02_mir/recover-20220922/UBNA_001/20220921_090000.WAV,Telephone Field,recover-20220922,001,1795
500.8925,500.9077,23750,27476,Nyctalus leisleri,0.028,0.046,-1,Echolocation,/mnt/ubna_data_02_mir/recover-20220922/UBNA_001/20220921_090000.WAV,Telephone Field,recover-20220922,001,1795
500.9205,500.9587,68437,81677,Rhinolophus ferrumequinum,0.021,0.021,-1,Echolocation,/mnt/ubna_data_02_mir/recover-20220922/UBNA_001/20220921_090000.WAV,Telephone Field,recover-20220922,001,1795
500.9415,500.9624,20312,23798,Nyctalus leisleri,0.017,0.031,-1,Echolocation,/mnt/ubna_data_02_mir/recover-20220922/UBNA_001/20220921_090000.WAV,Telephone Field,recover-20220922,001,1795
500.9425,500.9831,68437,82947,Rhinolophus ferrumequinum,0.029,0.029,-1,Echolocation,/mnt/ubna_data_02_mir/recover-20220922/UBNA_001/20220921_090000.WAV,Telephone Field,recover-20220922,001,1795
500.9675,500.9753,28046,42369,Eptesicus serotinus,0.007,0.022,-1,Echolocation,/mnt/ubna_data_02_mir/recover-20220922/UBNA_001/20220921_090000.WAV,Telephone Field,recover-20220922,001,1795
500.9735,501.0145,68437,83184,Rhinolophus ferrumequinum,0.032,0.032,-1,Echolocation,/mnt/ubna_data_02_mir/recover-20220922/UBNA_001/20220921_090000.WAV,Telephone Field,recover-20220922,001,1795
501.0235,501.0669,68437,83329,Rhinolophus ferrumequinum,0.042,0.042,-1,Echolocation,/mnt/ubna_data_02_mir/recover-20220922/UBNA_001/20220921_090000.WAV,Telephone Field,recover-20220922,001,1795
501.0565,501.0954,68437,82282,Rhinolophus ferrumequinum,0.023,0.023,-1,Echolocation,/mnt/ubna_data_02_mir/recover-20220922/UBNA_001/20220921_090000.WAV,Telephone Field,recover-20220922,001,1795
501.0645,501.0787,22890,26655,Nyctalus leisleri,0.018,0.03,-1,Echolocation,/mnt/ubna_data_02_mir/recover-20220922/UBNA_001/20220921_090000.WAV,Telephone Field,recover-20220922,001,1795
501.0785,501.1157,68437,82218,Rhinolophus ferrumequinum,0.022,0.022,-1,Echolocation,/mnt/ubna_data_02_mir/recover-20220922/UBNA_001/20220921_090000.WAV,Telephone Field,recover-20220922,001,1795
501.1235,501.1686,68437,83275,Rhinolophus ferrumequinum,0.047,0.047,-1,Echolocation,/mnt/ubna_data_02_mir/recover-20220922/UBNA_001/20220921_090000.WAV,Telephone Field,recover-20220922,001,1795
501.1245,501.1326,28046,39054,Eptesicus serotinus,0.009,0.027,-1,Echolocation,/mnt/ubna_data_02_mir/recover-20220922/UBNA_001/20220921_090000.WAV,Telephone Field,recover-20220922,001,1795
501.1345,501.1454,23750,29731,Nyctalus leisleri,0.009,0.021,-1,Echolocation,/mnt/ubna_data_02_mir/recover-20220922/UBNA_001/20220921_090000.WAV,Telephone Field,recover-20220922,001,1795
501.1595,501.1677,28906,38181,Eptesicus serotinus,0.009,0.025,-1,Echolocation,/mnt/ubna_data_02_mir/recover-20220922/UBNA_001/20220921_090000.WAV,Telephone Field,recover-20220922,001,1795
501.1635,501.2033,68437,82202,Rhinolophus ferrumequinum,0.026,0.026,-1,Echolocation,/mnt/ubna_data_02_mir/recover-20220922/UBNA_001/20220921_090000.WAV,Telephone Field,recover-20220922,001,1795
501.22950000000003,501.2697,68437,82464,Rhinolophus ferrumequinum,0.023,0.023,-1,Echolocation,/mnt/ubna_data_02_mir/recover-20220922/UBNA_001/20220921_090000.WAV,Telephone Field,recover-20220922,001,1795
501.2725,501.3088,68437,82061,Rhinolophus ferrumequinum,0.021,0.021,-1,Echolocation,/mnt/ubna_data_02_mir/recover-20220922/UBNA_001/20220921_090000.WAV,Telephone Field,recover-20220922,001,1795
501.2795,501.3153,68437,81894,Rhinolophus ferrumequinum,0.021,0.021,-1,Echolocation,/mnt/ubna_data_02_mir/recover-20220922/UBNA_001/20220921_090000.WAV,Telephone Field,recover-20220922,001,1795
501.2935,501.33050000000003,68437,80857,Rhinolophus ferrumequinum,0.022,0.022,-1,Echolocation,/mnt/ubna_data_02_mir/recover-20220922/UBNA_001/20220921_090000.WAV,Telephone Field,recover-20220922,001,1795
501.3445,501.3679,18593,22351,Nyctalus noctula,0.043,0.066,-1,Echolocation,/mnt/ubna_data_02_mir/recover-20220922/UBNA_001/20220921_090000.WAV,Telephone Field,recover-20220922,001,1795
501.3685,501.3782,28046,37349,Eptesicus serotinus,0.012,0.027,-1,Echolocation,/mnt/ubna_data_02_mir/recover-20220922/UBNA_001/20220921_090000.WAV,Telephone Field,recover-20220922,001,1795
501.3755,501.3843,28906,37466,Eptesicus serotinus,0.009,0.025,-1,Echolocation,/mnt/ubna_data_02_mir/recover-20220922/UBNA_001/20220921_090000.WAV,Telephone Field,recover-20220922,001,1795
501.4155,501.4236,22890,30741,Plecotus austriacus,0.011,0.023,-1,Echolocation,/mnt/ubna_data_02_mir/recover-20220922/UBNA_001/20220921_090000.WAV,Telephone Field,recover-20220922,001,1795
501.4315,501.4741,68437,82739,Rhinolophus ferrumequinum,0.023,0.023,-1,Echolocation,/mnt/ubna_data_02_mir/recover-20220922/UBNA_001/20220921_090000.WAV,Telephone Field,recover-20220922,001,1795
501.4775,501.5168,68437,81625,Rhinolophus ferrumequinum,0.03,0.03,-1,Echolocation,/mnt/ubna_data_02_mir/recover-20220922/UBNA_001/20220921_090000.WAV,Telephone Field,recover-20220922,001,1795
501.5125,501.5218,49531,56816,Pipistrellus pipistrellus,0.02,0.025,-1,Echolocation,/mnt/ubna_data_02_mir/recover-20220922/UBNA_001/20220921_090000.WAV,Telephone Field,recover-20220922,001,1795
501.5895,501.6263,68437,81595,Rhinolophus ferrumequinum,0.022,0.022,-1,Echolocation,/mnt/ubna_data_02_mir/recover-20220922/UBNA_001/20220921_090000.WAV,Telephone Field,recover-20220922,001,1795
501.6095,501.6173,24609,33807,Plecotus austriacus,0.007,0.023,-1,Echolocation,/mnt/ubna_data_02_mir/recover-20220922/UBNA_001/20220921_090000.WAV,Telephone Field,recover-20220922,001,1795
501.6615,501.6744,22890,27772,Nyctalus leisleri,0.013,0.026,-1,Echolocation,/mnt/ubna_data_02_mir/recover-20220922/UBNA_001/20220921_090000.WAV,Telephone Field,recover-20220922,001,1795
501.7075,501.7189,22890,27982,Nyctalus leisleri,0.013,0.026,-1,Echolocation,/mnt/ubna_data_02_mir/recover-20220922/UBNA_001/20220921_090000.WAV,Telephone Field,recover-20220922,001,1795
501.7185,501.7571,68437,81987,Rhinolophus ferrumequinum,0.023,0.023,-1,Echolocation,/mnt/ubna_data_02_mir/recover-20220922/UBNA_001/20220921_090000.WAV,Telephone Field,recover-20220922,001,1795
501.7935,501.8324,68437,82426,Rhinolophus ferrumequinum,0.023,0.023,-1,Echolocation,/mnt/ubna_data_02_mir/recover-20220922/UBNA_001/20220921_090000.WAV,Telephone Field,recover-20220922,001,1795
501.8355,501.8454,28046,37964,Eptesicus serotinus,0.011,0.023,-1,Echolocation,/mnt/ubna_data_02_mir/recover-20220922/UBNA_001/20220921_090000.WAV,Telephone Field,recover-20220922,001,1795
501.8415,501.8508,26328,35470,Eptesicus serotinus,0.01,0.024,-1,Echolocation,/mnt/ubna_data_02_mir/recover-20220922/UBNA_001/20220921_090000.WAV,Telephone Field,recover-20220922,001,1795
501.8445,501.8816,68437,82485,Rhinolophus ferrumequinum,0.026,0.026,-1,Echolocation,/mnt/ubna_data_02_mir/recover-20220922/UBNA_001/20220921_090000.WAV,Telephone Field,recover-20220922,001,1795
501.8535,501.8932,68437,82807,Rhinolophus ferrumequinum,0.021,0.021,-1,Echolocation,/mnt/ubna_data_02_mir/recover-20220922/UBNA_001/20220921_090000.WAV,Telephone Field,recover-20220922,001,1795
501.8885,501.8956,27187,38312,Eptesicus serotinus,0.007,0.024,-1,Echolocation,/mnt/ubna_data_02_mir/recover-20220922/UBNA_001/20220921_090000.WAV,Telephone Field,recover-20220922,001,1795
501.8975,501.9361,68437,82914,Rhinolophus ferrumequinum,0.027,0.027,-1,Echolocation,/mnt/ubna_data_02_mir/recover-20220922/UBNA_001/20220921_090000.WAV,Telephone Field,recover-20220922,001,1795
501.9125,501.9543,68437,82906,Rhinolophus ferrumequinum,0.022,0.022,-1,Echolocation,/mnt/ubna_data_02_mir/recover-20220922/UBNA_001/20220921_090000.WAV,Telephone Field,recover-20220922,001,1795
501.9245,501.9329,27187,37722,Eptesicus serotinus,0.009,0.024,-1,Echolocation,/mnt/ubna_data_02_mir/recover-20220922/UBNA_001/20220921_090000.WAV,Telephone Field,recover-20220922,001,1795
501.9485,501.9863,68437,81526,Rhinolophus ferrumequinum,0.022,0.022,-1,Echolocation,/mnt/ubna_data_02_mir/recover-20220922/UBNA_001/20220921_090000.WAV,Telephone Field,recover-20220922,001,1795
501.9635,501.9729,28046,36873,Eptesicus serotinus,0.01,0.024,-1,Echolocation,/mnt/ubna_data_02_mir/recover-20220922/UBNA_001/20220921_090000.WAV,Telephone Field,recover-20220922,001,1795
501.9715,501.9809,24609,31570,Nyctalus leisleri,0.007,0.021,-1,Echolocation,/mnt/ubna_data_02_mir/recover-20220922/UBNA_001/20220921_090000.WAV,Telephone Field,recover-20220922,001,1795
501.9835,501.9936,22031,26991,Nyctalus leisleri,0.01,0.021,-1,Echolocation,/mnt/ubna_data_02_mir/recover-20220922/UBNA_001/20220921_090000.WAV,Telephone Field,recover-20220922,001,1795
502.0015,502.0097,28046,38286,Eptesicus serotinus,0.008,0.025,-1,Echolocation,/mnt/ubna_data_02_mir/recover-20220922/UBNA_001/20220921_090000.WAV,Telephone Field,recover-20220922,001,1795
502.0015,502.0311,69296,81740,Rhinolophus ferrumequinum,0.044,0.044,-1,Echolocation,/mnt/ubna_data_02_mir/recover-20220922/UBNA_001/20220921_090000.WAV,Telephone Field,recover-20220922,001,1795
502.0015,502.0112,47812,56758,Pipistrellus pipistrellus,0.02,0.031,-1,Echolocation,/mnt/ubna_data_02_mir/recover-20220922/UBNA_001/20220921_090000.WAV,Telephone Field,recover-20220922,001,1795
502.0135,502.0561,68437,82808,Rhinolophus ferrumequinum,0.025,0.025,-1,Echolocation,/mnt/ubna_data_02_mir/recover-20220922/UBNA_001/20220921_090000.WAV,Telephone Field,recover-20220922,001,1795
502.0385,502.0474,24609,32622,Eptesicus serotinus,0.007,0.024,-1,Echolocation,/mnt/ubna_data_02_mir/recover-20220922/UBNA_001/20220921_090000.WAV,Telephone Field,recover-20220922,001,1795
502.0435,502.0833,68437,82578,Rhinolophus ferrumequinum,0.029,0.029,-1,Echolocation,/mnt/ubna_data_02_mir/recover-20220922/UBNA_001/20220921_090000.WAV,Telephone Field,recover-20220922,001,1795
502.0455,502.0539,22890,29867,Plecotus austriacus,0.009,0.022,-1,Echolocation,/mnt/ubna_data_02_mir/recover-20220922/UBNA_001/20220921_090000.WAV,Telephone Field,recover-20220922,001,1795
502.0485,502.0578,44375,47041,Pipistrellus pipistrellus,0.097,0.101,-1,Echolocation,/mnt/ubna_data_02_mir/recover-20220922/UBNA_001/20220921_090000.WAV,Telephone Field,recover-20220922,001,1795
502.0775,502.1167,68437,82365,Rhinolophus ferrumequinum,0.024,0.024,-1,Echolocation,/mnt/ubna_data_02_mir/recover-20220922/UBNA_001/20220921_090000.WAV,Telephone Field,recover-20220922,001,1795
502.1095,502.118,27187,38788,Eptesicus serotinus,0.008,0.022,-1,Echolocation,/mnt/ubna_data_02_mir/recover-20220922/UBNA_001/20220921_090000.WAV,Telephone Field,recover-20220922,001,1795
502.1255,502.1639,68437,82059,Rhinolophus ferrumequinum,0.022,0.022,-1,Echolocation,/mnt/ubna_data_02_mir/recover-20220922/UBNA_001/20220921_090000.WAV,Telephone Field,recover-20220922,001,1795
502.1365,502.1439,28046,39885,Eptesicus serotinus,0.007,0.024,-1,Echolocation,/mnt/ubna_data_02_mir/recover-20220922/UBNA_001/20220921_090000.WAV,Telephone Field,recover-20220922,001,1795
502.1385,502.1485,22890,29099,Nyctalus leisleri,0.01,0.026,-1,Echolocation,/mnt/ubna_data_02_mir/recover-20220922/UBNA_001/20220921_090000.WAV,Telephone Field,recover-20220922,001,1795
502.1665,502.2028,68437,81783,Rhinolophus ferrumequinum,0.025,0.025,-1,Echolocation,/mnt/ubna_data_02_mir/recover-20220922/UBNA_001/20220921_090000.WAV,Telephone Field,recover-20220922,001,1795
502.1925,502.2306,68437,81507,Rhinolophus ferrumequinum,0.031,0.031,-1,Echolocation,/mnt/ubna_data_02_mir/recover-20220922/UBNA_001/20220921_090000.WAV,Telephone Field,recover-20220922,001,1795
502.2145,502.2545,68437,81760,Rhinolophus ferrumequinum,0.023,0.023,-1,Echolocation,/mnt/ubna_data_02_mir/recover-20220922/UBNA_001/20220921_090000.WAV,Telephone Field,recover-20220922,001,1795
502.2345,502.2755,68437,82944,Rhinolophus ferrumequinum,0.031,0.031,-1,Echolocation,/mnt/ubna_data_02_mir/recover-20220922/UBNA_001/20220921_090000.WAV,Telephone Field,recover-20220922,001,1795
502.2585,502.2667,28046,41389,Eptesicus serotinus,0.008,0.023,-1,Echolocation,/mnt/ubna_data_02_mir/recover-20220922/UBNA_001/20220921_090000.WAV,Telephone Field,recover-20220922,001,1795
502.2665,502.2758,28906,37763,Eptesicus serotinus,0.008,0.023,-1,Echolocation,/mnt/ubna_data_02_mir/recover-20220922/UBNA_001/20220921_090000.WAV,Telephone Field,recover-20220922,001,1795
502.2885,502.33,68437,82832,Rhinolophus ferrumequinum,0.031,0.031,-1,Echolocation,/mnt/ubna_data_02_mir/recover-20220922/UBNA_001/20220921_090000.WAV,Telephone Field,recover-20220922,001,1795
502.3045,502.3121,27187,39421,Eptesicus serotinus,0.008,0.025,-1,Echolocation,/mnt/ubna_data_02_mir/recover-20220922/UBNA_001/20220921_090000.WAV,Telephone Field,recover-20220922,001,1795
502.3075,502.3175,22031,27723,Nyctalus leisleri,0.009,0.025,-1,Echolocation,/mnt/ubna_data_02_mir/recover-20220922/UBNA_001/20220921_090000.WAV,Telephone Field,recover-20220922,001,1795
502.3085,502.3175,45234,54412,Pipistrellus pipistrellus,0.016,0.023,-1,Echolocation,/mnt/ubna_data_02_mir/recover-20220922/UBNA_001/20220921_090000.WAV,Telephone Field,recover-20220922,001,1795
502.3345,502.3449,23750,29792,Nyctalus leisleri,0.011,0.028,-1,Echolocation,/mnt/ubna_data_02_mir/recover-20220922/UBNA_001/20220921_090000.WAV,Telephone Field,recover-20220922,001,1795
502.3605,502.4029,68437,83051,Rhinolophus ferrumequinum,0.03,0.03,-1,Echolocation,/mnt/ubna_data_02_mir/recover-20220922/UBNA_001/20220921_090000.WAV,Telephone Field,recover-20220922,001,1795
502.3635,502.3733,24609,31669,Nyctalus leisleri,0.008,0.024,-1,Echolocation,/mnt/ubna_data_02_mir/recover-20220922/UBNA_001/20220921_090000.WAV,Telephone Field,recover-20220922,001,1795
502.3875,502.3944,50390,56256,Pipistrellus pipistrellus,0.028,0.031,-1,Echolocation,/mnt/ubna_data_02_mir/recover-20220922/UBNA_001/20220921_090000.WAV,Telephone Field,recover-20220922,001,1795
502.4375,502.4769,68437,82476,Rhinolophus ferrumequinum,0.022,0.022,-1,Echolocation,/mnt/ubna_data_02_mir/recover-20220922/UBNA_001/20220921_090000.WAV,Telephone Field,recover-20220922,001,1795
502.4395,502.4489,28046,39088,Eptesicus serotinus,0.012,0.027,-1,Echolocation,/mnt/ubna_data_02_mir/recover-20220922/UBNA_001/20220921_090000.WAV,Telephone Field,recover-20220922,001,1795
502.4515,502.4925,68437,82692,Rhinolophus ferrumequinum,0.028,0.028,-1,Echolocation,/mnt/ubna_data_02_mir/recover-20220922/UBNA_001/20220921_090000.WAV,Telephone Field,recover-20220922,001,1795
502.45550000000003,502.4686,22890,27743,Nyctalus leisleri,0.012,0.024,-1,Echolocation,/mnt/ubna_data_02_mir/recover-20220922/UBNA_001/20220921_090000.WAV,Telephone Field,recover-20220922,001,1795
502.4875,502.494,27187,43650,Myotis daubentonii,0.006,0.024,-1,Echolocation,/mnt/ubna_data_02_mir/recover-20220922/UBNA_001/20220921_090000.WAV,Telephone Field,recover-20220922,001,1795
502.5025,502.541,68437,82508,Rhinolophus ferrumequinum,0.022,0.022,-1,Echolocation,/mnt/ubna_data_02_mir/recover-20220922/UBNA_001/20220921_090000.WAV,Telephone Field,recover-20220922,001,1795
502.5035,502.5104,28046,39879,Eptesicus serotinus,0.008,0.026,-1,Echolocation,/mnt/ubna_data_02_mir/recover-20220922/UBNA_001/20220921_090000.WAV,Telephone Field,recover-20220922,001,1795
502.5515,502.5565,34062,46003,Myotis daubentonii,0.01,0.025,-1,Echolocation,/mnt/ubna_data_02_mir/recover-20220922/UBNA_001/20220921_090000.WAV,Telephone Field,recover-20220922,001,1795
502.5525,502.5598,26328,36942,Eptesicus serotinus,0.008,0.031,-1,Echolocation,/mnt/ubna_data_02_mir/recover-20220922/UBNA_001/20220921_090000.WAV,Telephone Field,recover-20220922,001,1795
502.5725,502.5819,28046,36881,Eptesicus serotinus,0.01,0.022,-1,Echolocation,/mnt/ubna_data_02_mir/recover-20220922/UBNA_001/20220921_090000.WAV,Telephone Field,recover-20220922,001,1795
502.6145,502.6259,23750,29087,Nyctalus leisleri,0.011,0.024,-1,Echolocation,/mnt/ubna_data_02_mir/recover-20220922/UBNA_001/20220921_090000.WAV,Telephone Field,recover-20220922,001,1795
502.6155,502.6539,68437,82262,Rhinolophus ferrumequinum,0.022,0.022,-1,Echolocation,/mnt/ubna_data_02_mir/recover-20220922/UBNA_001/20220921_090000.WAV,Telephone Field,recover-20220922,001,1795
502.6465,502.6874,68437,82410,Rhinolophus ferrumequinum,0.03,0.03,-1,Echolocation,/mnt/ubna_data_02_mir/recover-20220922/UBNA_001/20220921_090000.WAV,Telephone Field,recover-20220922,001,1795
502.6535,502.6928,68437,82473,Rhinolophus ferrumequinum,0.027,0.027,-1,Echolocation,/mnt/ubna_data_02_mir/recover-20220922/UBNA_001/20220921_090000.WAV,Telephone Field,recover-20220922,001,1795
502.6985,502.7376,68437,81772,Rhinolophus ferrumequinum,0.028,0.028,-1,Echolocation,/mnt/ubna_data_02_mir/recover-20220922/UBNA_001/20220921_090000.WAV,Telephone Field,recover-20220922,001,1795
502.7035,502.742,68437,82659,Rhinolophus ferrumequinum,0.027,0.027,-1,Echolocation,/mnt/ubna_data_02_mir/recover-20220922/UBNA_001/20220921_090000.WAV,Telephone Field,recover-20220922,001,1795
502.7105,502.749,68437,82429,Rhinolophus ferrumequinum,0.023,0.023,-1,Echolocation,/mnt/ubna_data_02_mir/recover-20220922/UBNA_001/20220921_090000.WAV,Telephone Field,recover-20220922,001,1795
502.7255,502.7641,68437,82402,Rhinolophus ferrumequinum,0.027,0.027,-1,Echolocation,/mnt/ubna_data_02_mir/recover-20220922/UBNA_001/20220921_090000.WAV,Telephone Field,recover-20220922,001,1795
502.7355,502.7706,68437,81741,Rhinolophus ferrumequinum,0.023,0.023,-1,Echolocation,/mnt/ubna_data_02_mir/recover-20220922/UBNA_001/20220921_090000.WAV,Telephone Field,recover-20220922,001,1795
502.7435,502.7781,68437,81043,Rhinolophus ferrumequinum,0.029,0.029,-1,Echolocation,/mnt/ubna_data_02_mir/recover-20220922/UBNA_001/20220921_090000.WAV,Telephone Field,recover-20220922,001,1795
502.7495,502.7575,51250,55923,Pipistrellus pipistrellus,0.032,0.036,-1,Echolocation,/mnt/ubna_data_02_mir/recover-20220922/UBNA_001/20220921_090000.WAV,Telephone Field,recover-20220922,001,1795
502.7885,502.7975,43515,51262,Pipistrellus pipistrellus,0.017,0.024,-1,Echolocation,/mnt/ubna_data_02_mir/recover-20220922/UBNA_001/20220921_090000.WAV,Telephone Field,recover-20220922,001,1795
502.7915,502.8009,23750,31645,Nyctalus leisleri,0.006,0.022,-1,Echolocation,/mnt/ubna_data_02_mir/recover-20220922/UBNA_001/20220921_090000.WAV,Telephone Field,recover-20220922,001,1795
502.8345,502.8738,68437,82756,Rhinolophus ferrumequinum,0.023,0.023,-1,Echolocation,/mnt/ubna_data_02_mir/recover-20220922/UBNA_001/20220921_090000.WAV,Telephone Field,recover-20220922,001,1795
502.8405,502.8532,22890,27466,Nyctalus leisleri,0.013,0.024,-1,Echolocation,/mnt/ubna_data_02_mir/recover-20220922/UBNA_001/20220921_090000.WAV,Telephone Field,recover-20220922,001,1795
502.8565,502.8931,68437,81867,Rhinolophus ferrumequinum,0.027,0.027,-1,Echolocation,/mnt/ubna_data_02_mir/recover-20220922/UBNA_001/20220921_090000.WAV,Telephone Field,recover-20220922,001,1795
502.8845,502.9217,68437,82046,Rhinolophus ferrumequinum,0.025,0.025,-1,Echolocation,/mnt/ubna_data_02_mir/recover-20220922/UBNA_001/20220921_090000.WAV,Telephone Field,recover-20220922,001,1795
502.8875,502.8974,26328,33627,Eptesicus serotinus,0.023,0.047,-1,Echolocation,/mnt/ubna_data_02_mir/recover-20220922/UBNA_001/20220921_090000.WAV,Telephone Field,recover-20220922,001,1795
502.8975,502.9368,68437,81678,Rhinolophus ferrumequinum,0.022,0.022,-1,Echolocation,/mnt/ubna_data_02_mir/recover-20220922/UBNA_001/20220921_090000.WAV,Telephone Field,recover-20220922,001,1795
502.9215,502.9311,28046,36449,Eptesicus serotinus,0.008,0.022,-1,Echolocation,/mnt/ubna_data_02_mir/recover-20220922/UBNA_001/20220921_090000.WAV,Telephone Field,recover-20220922,001,1795
502.9375,502.9469,24609,31278,Eptesicus serotinus,0.013,0.039,-1,Echolocation,/mnt/ubna_data_02_mir/recover-20220922/UBNA_001/20220921_090000.WAV,Telephone Field,recover-20220922,001,1795
502.9585,502.9979,68437,82209,Rhinolophus ferrumequinum,0.025,0.025,-1,Echolocation,/mnt/ubna_data_02_mir/recover-20220922/UBNA_001/20220921_090000.WAV,Telephone Field,recover-20220922,001,1795
502.9805,502.9902,28046,35886,Eptesicus serotinus,0.013,0.027,-1,Echolocation,/mnt/ubna_data_02_mir/recover-20220922/UBNA_001/20220921_090000.WAV,Telephone Field,recover-20220922,001,1795
502.9825,502.9902,50390,54443,Pipistrellus pipistrellus,0.035,0.044,-1,Echolocation,/mnt/ubna_data_02_mir/recover-20220922/UBNA_001/20220921_090000.WAV,Telephone Field,recover-20220922,001,1795
503.0025,503.0398,68437,81680,Rhinolophus ferrumequinum,0.025,0.025,-1,Echolocation,/mnt/ubna_data_02_mir/recover-20220922/UBNA_001/20220921_090000.WAV,Telephone Field,recover-20220922,001,1795
503.0105,503.0509,68437,82306,Rhinolophus ferrumequinum,0.024,0.024,-1,Echolocation,/mnt/ubna_data_02_mir/recover-20220922/UBNA_001/20220921_090000.WAV,Telephone Field,recover-20220922,001,1795
503.0365,503.0461,28906,37670,Eptesicus serotinus,0.009,0.024,-1,Echolocation,/mnt/ubna_data_02_mir/recover-20220922/UBNA_001/20220921_090000.WAV,Telephone Field,recover-20220922,001,1795
503.0905,503.099,27187,37296,Eptesicus serotinus,0.008,0.024,-1,Echolocation,/mnt/ubna_data_02_mir/recover-20220922/UBNA_001/20220921_090000.WAV,Telephone Field,recover-20220922,001,1795
503.0945,503.1348,68437,82119,Rhinolophus ferrumequinum,0.022,0.022,-1,Echolocation,/mnt/ubna_data_02_mir/recover-20220922/UBNA_001/20220921_090000.WAV,Telephone Field,recover-20220922,001,1795
503.1255,503.1338,27187,37080,Eptesicus serotinus,0.008,0.025,-1,Echolocation,/mnt/ubna_data_02_mir/recover-20220922/UBNA_001/20220921_090000.WAV,Telephone Field,recover-20220922,001,1795
503.1465,503.1848,68437,82890,Rhinolophus ferrumequinum,0.025,0.025,-1,Echolocation,/mnt/ubna_data_02_mir/recover-20220922/UBNA_001/20220921_090000.WAV,Telephone Field,recover-20220922,001,1795
503.1535,503.1612,23750,32370,Plecotus austriacus,0.008,0.022,-1,Echolocation,/mnt/ubna_data_02_mir/recover-20220922/UBNA_001/20220921_090000.WAV,Telephone Field,recover-20220922,001,1795
503.2205,503.2574,68437,81937,Rhinolophus ferrumequinum,0.024,0.024,-1,Echolocation,/mnt/ubna_data_02_mir/recover-20220922/UBNA_001/20220921_090000.WAV,Telephone Field,recover-20220922,001,1795
503.2335,503.272,68437,81793,Rhinolophus ferrumequinum,0.022,0.022,-1,Echolocation,/mnt/ubna_data_02_mir/recover-20220922/UBNA_001/20220921_090000.WAV,Telephone Field,recover-20220922,001,1795
503.2355,503.2442,30625,39738,Myotis daubentonii,0.008,0.024,-1,Echolocation,/mnt/ubna_data_02_mir/recover-20220922/UBNA_001/20220921_090000.WAV,Telephone Field,recover-20220922,001,1795
503.2385,503.2739,68437,81362,Rhinolophus ferrumequinum,0.022,0.022,-1,Echolocation,/mnt/ubna_data_02_mir/recover-20220922/UBNA_001/20220921_090000.WAV,Telephone Field,recover-20220922,001,1795
503.27049999999997,503.3092,68437,82273,Rhinolophus ferrumequinum,0.022,0.023,-1,Echolocation,/mnt/ubna_data_02_mir/recover-20220922/UBNA_001/20220921_090000.WAV,Telephone Field,recover-20220922,001,1795
503.29449999999997,503.3017,27187,38882,Eptesicus serotinus,0.009,0.027,-1,Echolocation,/mnt/ubna_data_02_mir/recover-20220922/UBNA_001/20220921_090000.WAV,Telephone Field,recover-20220922,001,1795
503.3025,503.3377,68437,81630,Rhinolophus ferrumequinum,0.022,0.022,-1,Echolocation,/mnt/ubna_data_02_mir/recover-20220922/UBNA_001/20220921_090000.WAV,Telephone Field,recover-20220922,001,1795
503.3275,503.3675,68437,82418,Rhinolophus ferrumequinum,0.034,0.034,-1,Echolocation,/mnt/ubna_data_02_mir/recover-20220922/UBNA_001/20220921_090000.WAV,Telephone Field,recover-20220922,001,1795
503.3705,503.3792,25468,34152,Eptesicus serotinus,0.01,0.027,-1,Echolocation,/mnt/ubna_data_02_mir/recover-20220922/UBNA_001/20220921_090000.WAV,Telephone Field,recover-20220922,001,1795
503.3975,503.4388,68437,82748,Rhinolophus ferrumequinum,0.048,0.048,-1,Echolocation,/mnt/ubna_data_02_mir/recover-20220922/UBNA_001/20220921_090000.WAV,Telephone Field,recover-20220922,001,1795
503.4265,503.4341,27187,39184,Eptesicus serotinus,0.007,0.024,-1,Echolocation,/mnt/ubna_data_02_mir/recover-20220922/UBNA_001/20220921_090000.WAV,Telephone Field,recover-20220922,001,1795
503.4565,503.4907,68437,81025,Rhinolophus ferrumequinum,0.035,0.035,-1,Echolocation,/mnt/ubna_data_02_mir/recover-20220922/UBNA_001/20220921_090000.WAV,Telephone Field,recover-20220922,001,1795
503.4625,503.4736,20312,26012,Plecotus austriacus,0.011,0.033,-1,Echolocation,/mnt/ubna_data_02_mir/recover-20220922/UBNA_001/20220921_090000.WAV,Telephone Field,recover-20220922,001,1795
503.4925,503.5323,68437,82174,Rhinolophus ferrumequinum,0.023,0.023,-1,Echolocation,/mnt/ubna_data_02_mir/recover-20220922/UBNA_001/20220921_090000.WAV,Telephone Field,recover-20220922,001,1795
503.5025,503.511,27187,38850,Eptesicus serotinus,0.009,0.022,-1,Echolocation,/mnt/ubna_data_02_mir/recover-20220922/UBNA_001/20220921_090000.WAV,Telephone Field,recover-20220922,001,1795
503.5215,503.5296,28046,38373,Eptesicus serotinus,0.01,0.026,-1,Echolocation,/mnt/ubna_data_02_mir/recover-20220922/UBNA_001/20220921_090000.WAV,Telephone Field,recover-20220922,001,1795
503.5565,503.5671,28046,36291,Eptesicus serotinus,0.014,0.031,-1,Echolocation,/mnt/ubna_data_02_mir/recover-20220922/UBNA_001/20220921_090000.WAV,Telephone Field,recover-20220922,001,1795
503.5905,503.6243,68437,80644,Rhinolophus ferrumequinum,0.043,0.043,-1,Echolocation,/mnt/ubna_data_02_mir/recover-20220922/UBNA_001/20220921_090000.WAV,Telephone Field,recover-20220922,001,1795
503.6175,503.6601,68437,83101,Rhinolophus ferrumequinum,0.033,0.033,-1,Echolocation,/mnt/ubna_data_02_mir/recover-20220922/UBNA_001/20220921_090000.WAV,Telephone Field,recover-20220922,001,1795
503.6355,503.6434,28906,37780,Eptesicus serotinus,0.008,0.024,-1,Echolocation,/mnt/ubna_data_02_mir/recover-20220922/UBNA_001/20220921_090000.WAV,Telephone Field,recover-20220922,001,1795
503.6625,503.7019,68437,82479,Rhinolophus ferrumequinum,0.04,0.04,-1,Echolocation,/mnt/ubna_data_02_mir/recover-20220922/UBNA_001/20220921_090000.WAV,Telephone Field,recover-20220922,001,1795
503.6775,503.7177,68437,82949,Rhinolophus ferrumequinum,0.028,0.029,-1,Echolocation,/mnt/ubna_data_02_mir/recover-20220922/UBNA_001/20220921_090000.WAV,Telephone Field,recover-20220922,001,1795
503.6935,503.7042,22890,28493,Nyctalus leisleri,0.015,0.031,-1,Echolocation,/mnt/ubna_data_02_mir/recover-20220922/UBNA_001/20220921_090000.WAV,Telephone Field,recover-20220922,001,1795
503.7185,503.728,28046,37470,Eptesicus serotinus,0.01,0.025,-1,Echolocation,/mnt/ubna_data_02_mir/recover-20220922/UBNA_001/20220921_090000.WAV,Telephone Field,recover-20220922,001,1795
503.7275,503.7649,68437,82117,Rhinolophus ferrumequinum,0.026,0.026,-1,Echolocation,/mnt/ubna_data_02_mir/recover-20220922/UBNA_001/20220921_090000.WAV,Telephone Field,recover-20220922,001,1795
503.79449999999997,503.8072,43515,49788,Pipistrellus pipistrellus,0.027,0.041,-1,Echolocation,/mnt/ubna_data_02_mir/recover-20220922/UBNA_001/20220921_090000.WAV,Telephone Field,recover-20220922,001,1795
503.7955,503.8334,68437,82741,Rhinolophus ferrumequinum,0.025,0.025,-1,Echolocation,/mnt/ubna_data_02_mir/recover-20220922/UBNA_001/20220921_090000.WAV,Telephone Field,recover-20220922,001,1795
503.8155,503.8537,68437,82168,Rhinolophus ferrumequinum,0.022,0.022,-1,Echolocation,/mnt/ubna_data_02_mir/recover-20220922/UBNA_001/20220921_090000.WAV,Telephone Field,recover-20220922,001,1795
503.8245,503.8651,68437,82574,Rhinolophus ferrumequinum,0.024,0.024,-1,Echolocation,/mnt/ubna_data_02_mir/recover-20220922/UBNA_001/20220921_090000.WAV,Telephone Field,recover-20220922,001,1795
503.8285,503.8371,28906,38481,Eptesicus serotinus,0.008,0.022,-1,Echolocation,/mnt/ubna_data_02_mir/recover-20220922/UBNA_001/20220921_090000.WAV,Telephone Field,recover-20220922,001,1795
503.8555,503.894,68437,82379,Rhinolophus ferrumequinum,0.022,0.022,-1,Echolocation,/mnt/ubna_data_02_mir/recover-20220922/UBNA_001/20220921_090000.WAV,Telephone Field,recover-20220922,001,1795
503.8805,503.8884,45234,49171,Pipistrellus pipistrellus,0.031,0.032,-1,Echolocation,/mnt/ubna_data_02_mir/recover-20220922/UBNA_001/20220921_090000.WAV,Telephone Field,recover-20220922,001,1795
503.8815,503.91700000000003,68437,81257,Rhinolophus ferrumequinum,0.035,0.035,-1,Echolocation,/mnt/ubna_data_02_mir/recover-20220922/UBNA_001/20220921_090000.WAV,Telephone Field,recover-20220922,001,1795
503.8905,503.9011,27187,35408,Eptesicus serotinus,0.015,0.029,-1,Echolocation,/mnt/ubna_data_02_mir/recover-20220922/UBNA_001/20220921_090000.WAV,Telephone Field,recover-20220922,001,1795
503.9355,503.9704,68437,80840,Rhinolophus ferrumequinum,0.022,0.022,-1,Echolocation,/mnt/ubna_data_02_mir/recover-20220922/UBNA_001/20220921_090000.WAV,Telephone Field,recover-20220922,001,1795
503.9825,503.9912,27187,37548,Eptesicus serotinus,0.011,0.031,-1,Echolocation,/mnt/ubna_data_02_mir/recover-20220922/UBNA_001/20220921_090000.WAV,Telephone Field,recover-20220922,001,1795
504.0015,504.037,68437,79789,Rhinolophus ferrumequinum,0.053,0.054,-1,Echolocation,/mnt/ubna_data_02_mir/recover-20220922/UBNA_001/20220921_090000.WAV,Telephone Field,recover-20220922,001,1795
504.0015,504.0099,28046,36592,Nyctalus leisleri,0.012,0.033,-1,Echolocation,/mnt/ubna_data_02_mir/recover-20220922/UBNA_001/20220921_090000.WAV,Telephone Field,recover-20220922,001,1795
504.0015,504.0118,46953,50284,Pipistrellus pipistrellus,0.034,0.041,-1,Echolocation,/mnt/ubna_data_02_mir/recover-20220922/UBNA_001/20220921_090000.WAV,Telephone Field,recover-20220922,001,1795
504.0085,504.0489,68437,82187,Rhinolophus ferrumequinum,0.021,0.021,-1,Echolocation,/mnt/ubna_data_02_mir/recover-20220922/UBNA_001/20220921_090000.WAV,Telephone Field,recover-20220922,001,1795
504.0345,504.076,68437,83369,Rhinolophus ferrumequinum,0.031,0.031,-1,Echolocation,/mnt/ubna_data_02_mir/recover-20220922/UBNA_001/20220921_090000.WAV,Telephone Field,recover-20220922,001,1795
504.0595,504.0985,68437,82335,Rhinolophus ferrumequinum,0.023,0.023,-1,Echolocation,/mnt/ubna_data_02_mir/recover-20220922/UBNA_001/20220921_090000.WAV,Telephone Field,recover-20220922,001,1795
504.0825,504.0906,47812,51667,Pipistrellus pipistrellus,0.025,0.027,-1,Echolocation,/mnt/ubna_data_02_mir/recover-20220922/UBNA_001/20220921_090000.WAV,Telephone Field,recover-20220922,001,1795
504.0895,504.0985,28046,38410,Eptesicus serotinus,0.009,0.024,-1,Echolocation,/mnt/ubna_data_02_mir/recover-20220922/UBNA_001/20220921_090000.WAV,Telephone Field,recover-20220922,001,1795
504.1205,504.1298,28046,35839,Eptesicus serotinus,0.008,0.023,-1,Echolocation,/mnt/ubna_data_02_mir/recover-20220922/UBNA_001/20220921_090000.WAV,Telephone Field,recover-20220922,001,1795
504.1265,504.1656,68437,82417,Rhinolophus ferrumequinum,0.022,0.022,-1,Echolocation,/mnt/ubna_data_02_mir/recover-20220922/UBNA_001/20220921_090000.WAV,Telephone Field,recover-20220922,001,1795
504.1425,504.1474,40937,57175,Myotis mystacinus,0.007,0.023,-1,Echolocation,/mnt/ubna_data_02_mir/recover-20220922/UBNA_001/20220921_090000.WAV,Telephone Field,recover-20220922,001,1795
504.1445,504.1651,17734,22201,Nyctalus noctula,0.023,0.032,-1,Echolocation,/mnt/ubna_data_02_mir/recover-20220922/UBNA_001/20220921_090000.WAV,Telephone Field,recover-20220922,001,1795
504.1535,504.1895,68437,82164,Rhinolophus ferrumequinum,0.021,0.021,-1,Echolocation,/mnt/ubna_data_02_mir/recover-20220922/UBNA_001/20220921_090000.WAV,Telephone Field,recover-20220922,001,1795
504.1835,504.2223,68437,82166,Rhinolophus ferrumequinum,0.021,0.021,-1,Echolocation,/mnt/ubna_data_02_mir/recover-20220922/UBNA_001/20220921_090000.WAV,Telephone Field,recover-20220922,001,1795
504.2175,504.257,68437,82514,Rhinolophus ferrumequinum,0.027,0.027,-1,Echolocation,/mnt/ubna_data_02_mir/recover-20220922/UBNA_001/20220921_090000.WAV,Telephone Field,recover-20220922,001,1795
504.2315,504.2391,28046,38655,Eptesicus serotinus,0.007,0.024,-1,Echolocation,/mnt/ubna_data_02_mir/recover-20220922/UBNA_001/20220921_090000.WAV,Telephone Field,recover-20220922,001,1795
504.2325,504.2709,68437,82512,Rhinolophus ferrumequinum,0.04,0.04,-1,Echolocation,/mnt/ubna_data_02_mir/recover-20220922/UBNA_001/20220921_090000.WAV,Telephone Field,recover-20220922,001,1795
504.2625,504.3001,68437,81296,Rhinolophus ferrumequinum,0.022,0.022,-1,Echolocation,/mnt/ubna_data_02_mir/recover-20220922/UBNA_001/20220921_090000.WAV,Telephone Field,recover-20220922,001,1795
504.2885,504.3272,68437,82375,Rhinolophus ferrumequinum,0.031,0.031,-1,Echolocation,/mnt/ubna_data_02_mir/recover-20220922/UBNA_001/20220921_090000.WAV,Telephone Field,recover-20220922,001,1795
504.3295,504.3623,68437,80991,Rhinolophus ferrumequinum,0.023,0.023,-1,Echolocation,/mnt/ubna_data_02_mir/recover-20220922/UBNA_001/20220921_090000.WAV,Telephone Field,recover-20220922,001,1795
504.3495,504.361,23750,28929,Nyctalus leisleri,0.017,0.032,-1,Echolocation,/mnt/ubna_data_02_mir/recover-20220922/UBNA_001/20220921_090000.WAV,Telephone Field,recover-20220922,001,1795
504.3685,504.377,44375,54283,Pipistrellus pipistrellus,0.013,0.022,-1,Echolocation,/mnt/ubna_data_02_mir/recover-20220922/UBNA_001/20220921_090000.WAV,Telephone Field,recover-20220922,001,1795
504.3695,504.412,68437,82378,Rhinolophus ferrumequinum,0.023,0.024,-1,Echolocation,/mnt/ubna_data_02_mir/recover-20220922/UBNA_001/20220921_090000.WAV,Telephone Field,recover-20220922,001,1795
504.3865,504.4275,68437,82811,Rhinolophus ferrumequinum,0.025,0.025,-1,Echolocation,/mnt/ubna_data_02_mir/recover-20220922/UBNA_001/20220921_090000.WAV,Telephone Field,recover-20220922,001,1795
504.3895,504.401,31484,38437,Eptesicus serotinus,0.013,0.03,-1,Echolocation,/mnt/ubna_data_02_mir/recover-20220922/UBNA_001/20220921_090000.WAV,Telephone Field,recover-20220922,001,1795
504.4075,504.4451,68437,81626,Rhinolophus ferrumequinum,0.022,0.022,-1,Echolocation,/mnt/ubna_data_02_mir/recover-20220922/UBNA_001/20220921_090000.WAV,Telephone Field,recover-20220922,001,1795
504.4175,504.4552,68437,81994,Rhinolophus ferrumequinum,0.026,0.026,-1,Echolocation,/mnt/ubna_data_02_mir/recover-20220922/UBNA_001/20220921_090000.WAV,Telephone Field,recover-20220922,001,1795
504.4595,504.4986,68437,82404,Rhinolophus ferrumequinum,0.027,0.027,-1,Echolocation,/mnt/ubna_data_02_mir/recover-20220922/UBNA_001/20220921_090000.WAV,Telephone Field,recover-20220922,001,1795
504.4765,504.5169,68437,82953,Rhinolophus ferrumequinum,0.03,0.03,-1,Echolocation,/mnt/ubna_data_02_mir/recover-20220922/UBNA_001/20220921_090000.WAV,Telephone Field,recover-20220922,001,1795
504.4855,504.5277,68437,83056,Rhinolophus ferrumequinum,0.03,0.03,-1,Echolocation,/mnt/ubna_data_02_mir/recover-20220922/UBNA_001/20220921_090000.WAV,Telephone Field,recover-20220922,001,1795
504.5055,504.543,68437,82312,Rhinolophus ferrumequinum,0.021,0.021,-1,Echolocation,/mnt/ubna_data_02_mir/recover-20220922/UBNA_001/20220921_090000.WAV,Telephone Field,recover-20220922,001,1795
504.5235,504.5647,68437,82826,Rhinolophus ferrumequinum,0.031,0.031,-1,Echolocation,/mnt/ubna_data_02_mir/recover-20220922/UBNA_001/20220921_090000.WAV,Telephone Field,recover-20220922,001,1795
504.5455,504.5889,68437,82735,Rhinolophus ferrumequinum,0.031,0.031,-1,Echolocation,/mnt/ubna_data_02_mir/recover-20220922/UBNA_001/20220921_090000.WAV,Telephone Field,recover-20220922,001,1795
504.5735,504.5828,28906,36396,Eptesicus serotinus,0.008,0.022,-1,Echolocation,/mnt/ubna_data_02_mir/recover-20220922/UBNA_001/20220921_090000.WAV,Telephone Field,recover-20220922,001,1795
504.6545,504.6626,26328,39120,Eptesicus serotinus,0.007,0.024,-1,Echolocation,/mnt/ubna_data_02_mir/recover-20220922/UBNA_001/20220921_090000.WAV,Telephone Field,recover-20220922,001,1795
504.6605,504.6967,68437,82731,Rhinolophus ferrumequinum,0.028,0.028,-1,Echolocation,/mnt/ubna_data_02_mir/recover-20220922/UBNA_001/20220921_090000.WAV,Telephone Field,recover-20220922,001,1795
504.6665,504.6781,28046,33587,Eptesicus serotinus,0.012,0.025,-1,Echolocation,/mnt/ubna_data_02_mir/recover-20220922/UBNA_001/20220921_090000.WAV,Telephone Field,recover-20220922,001,1795
504.6665,504.706,68437,82773,Rhinolophus ferrumequinum,0.027,0.027,-1,Echolocation,/mnt/ubna_data_02_mir/recover-20220922/UBNA_001/20220921_090000.WAV,Telephone Field,recover-20220922,001,1795
504.6985,504.7339,68437,81582,Rhinolophus ferrumequinum,0.032,0.032,-1,Echolocation,/mnt/ubna_data_02_mir/recover-20220922/UBNA_001/20220921_090000.WAV,Telephone Field,recover-20220922,001,1795
504.7095,504.7458,68437,81329,Rhinolophus ferrumequinum,0.022,0.022,-1,Echolocation,/mnt/ubna_data_02_mir/recover-20220922/UBNA_001/20220921_090000.WAV,Telephone Field,recover-20220922,001,1795
504.7205,504.7572,68437,81898,Rhinolophus ferrumequinum,0.025,0.025,-1,Echolocation,/mnt/ubna_data_02_mir/recover-20220922/UBNA_001/20220921_090000.WAV,Telephone Field,recover-20220922,001,1795
504.7325,504.746,22031,26463,Nyctalus leisleri,0.022,0.044,-1,Echolocation,/mnt/ubna_data_02_mir/recover-20220922/UBNA_001/20220921_090000.WAV,Telephone Field,recover-20220922,001,1795
504.7545,504.791,68437,81362,Rhinolophus ferrumequinum,0.022,0.022,-1,Echolocation,/mnt/ubna_data_02_mir/recover-20220922/UBNA_001/20220921_090000.WAV,Telephone Field,recover-20220922,001,1795
504.7575,504.7673,28906,36074,Eptesicus serotinus,0.008,0.021,-1,Echolocation,/mnt/ubna_data_02_mir/recover-20220922/UBNA_001/20220921_090000.WAV,Telephone Field,recover-20220922,001,1795
504.7735,504.8153,68437,83306,Rhinolophus ferrumequinum,0.024,0.024,-1,Echolocation,/mnt/ubna_data_02_mir/recover-20220922/UBNA_001/20220921_090000.WAV,Telephone Field,recover-20220922,001,1795
504.7855,504.7941,26328,34757,Eptesicus serotinus,0.008,0.021,-1,Echolocation,/mnt/ubna_data_02_mir/recover-20220922/UBNA_001/20220921_090000.WAV,Telephone Field,recover-20220922,001,1795
504.8245,504.8648,68437,82211,Rhinolophus ferrumequinum,0.025,0.025,-1,Echolocation,/mnt/ubna_data_02_mir/recover-20220922/UBNA_001/20220921_090000.WAV,Telephone Field,recover-20220922,001,1795
504.8725,504.9102,68437,82427,Rhinolophus ferrumequinum,0.032,0.032,-1,Echolocation,/mnt/ubna_data_02_mir/recover-20220922/UBNA_001/20220921_090000.WAV,Telephone Field,recover-20220922,001,1795
504.8865,504.9224,68437,81503,Rhinolophus ferrumequinum,0.024,0.024,-1,Echolocation,/mnt/ubna_data_02_mir/recover-20220922/UBNA_001/20220921_090000.WAV,Telephone Field,recover-20220922,001,1795
504.8945,504.9345,68437,82068,Rhinolophus ferrumequinum,0.025,0.025,-1,Echolocation,/mnt/ubna_data_02_mir/recover-20220922/UBNA_001/20220921_090000.WAV,Telephone Field,recover-20220922,001,1795
504.9235,504.9631,68437,81882,Rhinolophus ferrumequinum,0.023,0.023,-1,Echolocation,/mnt/ubna_data_02_mir/recover-20220922/UBNA_001/20220921_090000.WAV,Telephone Field,recover-20220922,001,1795
504.9485,504.9893,68437,82528,Rhinolophus ferrumequinum,0.023,0.023,-1,Echolocation,/mnt/ubna_data_02_mir/recover-20220922/UBNA_001/20220921_090000.WAV,Telephone Field,recover-20220922,001,1795
504.9585,504.9976,68437,82537,Rhinolophus ferrumequinum,0.023,0.023,-1,Echolocation,/mnt/ubna_data_02_mir/recover-20220922/UBNA_001/20220921_090000.WAV,Telephone Field,recover-20220922,001,1795
505.0045,505.0443,68437,82153,Rhinolophus ferrumequinum,0.028,0.028,-1,Echolocation,/mnt/ubna_data_02_mir/recover-20220922/UBNA_001/20220921_090000.WAV,Telephone Field,recover-20220922,001,1795
505.0155,505.0215,27187,39136,Eptesicus serotinus,0.005,0.026,-1,Echolocation,/mnt/ubna_data_02_mir/recover-20220922/UBNA_001/20220921_090000.WAV,Telephone Field,recover-20220922,001,1795
505.0225,505.0613,68437,82073,Rhinolophus ferrumequinum,0.022,0.022,-1,Echolocation,/mnt/ubna_data_02_mir/recover-20220922/UBNA_001/20220921_090000.WAV,Telephone Field,recover-20220922,001,1795
505.0405,505.0765,68437,81547,Rhinolophus ferrumequinum,0.022,0.022,-1,Echolocation,/mnt/ubna_data_02_mir/recover-20220922/UBNA_001/20220921_090000.WAV,Telephone Field,recover-20220922,001,1795
505.0735,505.1155,68437,83174,Rhinolophus ferrumequinum,0.033,0.033,-1,Echolocation,/mnt/ubna_data_02_mir/recover-20220922/UBNA_001/20220921_090000.WAV,Telephone Field,recover-20220922,001,1795
505.0815,505.1216,68437,82642,Rhinolophus ferrumequinum,0.023,0.023,-1,Echolocation,/mnt/ubna_data_02_mir/recover-20220922/UBNA_001/20220921_090000.WAV,Telephone Field,recover-20220922,001,1795
505.1055,505.1441,68437,82710,Rhinolophus ferrumequinum,0.021,0.021,-1,Echolocation,/mnt/ubna_data_02_mir/recover-20220922/UBNA_001/20220921_090000.WAV,Telephone Field,recover-20220922,001,1795
505.1095,505.1191,24609,31933,Nyctalus leisleri,0.008,0.022,-1,Echolocation,/mnt/ubna_data_02_mir/recover-20220922/UBNA_001/20220921_090000.WAV,Telephone Field,recover-20220922,001,1795
505.14549999999997,505.1838,68437,82333,Rhinolophus ferrumequinum,0.022,0.022,-1,Echolocation,/mnt/ubna_data_02_mir/recover-20220922/UBNA_001/20220921_090000.WAV,Telephone Field,recover-20220922,001,1795
505.1505,505.1665,21171,24414,Nyctalus leisleri,0.017,0.026,-1,Echolocation,/mnt/ubna_data_02_mir/recover-20220922/UBNA_001/20220921_090000.WAV,Telephone Field,recover-20220922,001,1795
505.1775,505.1872,22890,28814,Nyctalus leisleri,0.008,0.022,-1,Echolocation,/mnt/ubna_data_02_mir/recover-20220922/UBNA_001/20220921_090000.WAV,Telephone Field,recover-20220922,001,1795
505.1795,505.2231,68437,83383,Rhinolophus ferrumequinum,0.033,0.033,-1,Echolocation,/mnt/ubna_data_02_mir/recover-20220922/UBNA_001/20220921_090000.WAV,Telephone Field,recover-20220922,001,1795
505.2025,505.2417,68437,81844,Rhinolophus ferrumequinum,0.022,0.022,-1,Echolocation,/mnt/ubna_data_02_mir/recover-20220922/UBNA_001/20220921_090000.WAV,Telephone Field,recover-20220922,001,1795
505.2155,505.2262,24609,31541,Nyctalus leisleri,0.01,0.029,-1,Echolocation,/mnt/ubna_data_02_mir/recover-20220922/UBNA_001/20220921_090000.WAV,Telephone Field,recover-20220922,001,1795
505.2225,505.2622,68437,82610,Rhinolophus ferrumequinum,0.029,0.029,-1,Echolocation,/mnt/ubna_data_02_mir/recover-20220922/UBNA_001/20220921_090000.WAV,Telephone Field,recover-20220922,001,1795
505.2245,505.2363,25468,31014,Nyctalus leisleri,0.01,0.027,-1,Echolocation,/mnt/ubna_data_02_mir/recover-20220922/UBNA_001/20220921_090000.WAV,Telephone Field,recover-20220922,001,1795
505.2475,505.2893,68437,82437,Rhinolophus ferrumequinum,0.025,0.025,-1,Echolocation,/mnt/ubna_data_02_mir/recover-20220922/UBNA_001/20220921_090000.WAV,Telephone Field,recover-20220922,001,1795
505.2585,505.2662,28906,38359,Eptesicus serotinus,0.008,0.026,-1,Echolocation,/mnt/ubna_data_02_mir/recover-20220922/UBNA_001/20220921_090000.WAV,Telephone Field,recover-20220922,001,1795
505.3245,505.3624,68437,81945,Rhinolophus ferrumequinum,0.03,0.03,-1,Echolocation,/mnt/ubna_data_02_mir/recover-20220922/UBNA_001/20220921_090000.WAV,Telephone Field,recover-20220922,001,1795
505.3425,505.3802,68437,81856,Rhinolophus ferrumequinum,0.023,0.023,-1,Echolocation,/mnt/ubna_data_02_mir/recover-20220922/UBNA_001/20220921_090000.WAV,Telephone Field,recover-20220922,001,1795
505.3535,505.3932,68437,82419,Rhinolophus ferrumequinum,0.024,0.024,-1,Echolocation,/mnt/ubna_data_02_mir/recover-20220922/UBNA_001/20220921_090000.WAV,Telephone Field,recover-20220922,001,1795
505.3875,505.4268,68437,82407,Rhinolophus ferrumequinum,0.022,0.022,-1,Echolocation,/mnt/ubna_data_02_mir/recover-20220922/UBNA_001/20220921_090000.WAV,Telephone Field,recover-20220922,001,1795
505.4375,505.4476,28906,36927,Eptesicus serotinus,0.009,0.025,-1,Echolocation,/mnt/ubna_data_02_mir/recover-20220922/UBNA_001/20220921_090000.WAV,Telephone Field,recover-20220922,001,1795
505.4465,505.4851,68437,82600,Rhinolophus ferrumequinum,0.029,0.029,-1,Echolocation,/mnt/ubna_data_02_mir/recover-20220922/UBNA_001/20220921_090000.WAV,Telephone Field,recover-20220922,001,1795
505.4805,505.5196,68437,82743,Rhinolophus ferrumequinum,0.024,0.024,-1,Echolocation,/mnt/ubna_data_02_mir/recover-20220922/UBNA_001/20220921_090000.WAV,Telephone Field,recover-20220922,001,1795
505.4815,505.4906,47812,53895,Pipistrellus pipistrellus,0.025,0.027,-1,Echolocation,/mnt/ubna_data_02_mir/recover-20220922/UBNA_001/20220921_090000.WAV,Telephone Field,recover-20220922,001,1795
505.5065,505.5434,68437,81286,Rhinolophus ferrumequinum,0.021,0.021,-1,Echolocation,/mnt/ubna_data_02_mir/recover-20220922/UBNA_001/20220921_090000.WAV,Telephone Field,recover-20220922,001,1795
505.5255,505.5664,68437,82737,Rhinolophus ferrumequinum,0.031,0.031,-1,Echolocation,/mnt/ubna_data_02_mir/recover-20220922/UBNA_001/20220921_090000.WAV,Telephone Field,recover-20220922,001,1795
505.5615,505.6042,68437,83351,Rhinolophus ferrumequinum,0.03,0.03,-1,Echolocation,/mnt/ubna_data_02_mir/recover-20220922/UBNA_001/20220921_090000.WAV,Telephone Field,recover-20220922,001,1795
505.5865,505.6237,68437,82142,Rhinolophus ferrumequinum,0.022,0.022,-1,Echolocation,/mnt/ubna_data_02_mir/recover-20220922/UBNA_001/20220921_090000.WAV,Telephone Field,recover-20220922,001,1795
505.5955,505.6046,27187,36119,Eptesicus serotinus,0.009,0.023,-1,Echolocation,/mnt/ubna_data_02_mir/recover-20220922/UBNA_001/20220921_090000.WAV,Telephone Field,recover-20220922,001,1795
505.6185,505.6305,23750,28825,Nyctalus leisleri,0.015,0.031,-1,Echolocation,/mnt/ubna_data_02_mir/recover-20220922/UBNA_001/20220921_090000.WAV,Telephone Field,recover-20220922,001,1795
505.6225,505.6629,68437,82844,Rhinolophus ferrumequinum,0.028,0.028,-1,Echolocation,/mnt/ubna_data_02_mir/recover-20220922/UBNA_001/20220921_090000.WAV,Telephone Field,recover-20220922,001,1795
505.6615,505.6713,40937,48831,Pipistrellus nathusii,0.008,0.026,-1,Echolocation,/mnt/ubna_data_02_mir/recover-20220922/UBNA_001/20220921_090000.WAV,Telephone Field,recover-20220922,001,1795
505.6765,505.7142,68437,83034,Rhinolophus ferrumequinum,0.028,0.028,-1,Echolocation,/mnt/ubna_data_02_mir/recover-20220922/UBNA_001/20220921_090000.WAV,Telephone Field,recover-20220922,001,1795
505.6975,505.7365,68437,81933,Rhinolophus ferrumequinum,0.021,0.021,-1,Echolocation,/mnt/ubna_data_02_mir/recover-20220922/UBNA_001/20220921_090000.WAV,Telephone Field,recover-20220922,001,1795
505.7005,505.7106,28906,36169,Eptesicus serotinus,0.01,0.026,-1,Echolocation,/mnt/ubna_data_02_mir/recover-20220922/UBNA_001/20220921_090000.WAV,Telephone Field,recover-20220922,001,1795
505.7485,505.7579,27187,38820,Eptesicus serotinus,0.008,0.023,-1,Echolocation,/mnt/ubna_data_02_mir/recover-20220922/UBNA_001/20220921_090000.WAV,Telephone Field,recover-20220922,001,1795
505.7545,505.7908,68437,81740,Rhinolophus ferrumequinum,0.021,0.021,-1,Echolocation,/mnt/ubna_data_02_mir/recover-20220922/UBNA_001/20220921_090000.WAV,Telephone Field,recover-20220922,001,1795
505.7625,505.8019,68437,82034,Rhinolophus ferrumequinum,0.024,0.024,-1,Echolocation,/mnt/ubna_data_02_mir/recover-20220922/UBNA_001/20220921_090000.WAV,Telephone Field,recover-20220922,001,1795
505.7845,505.8223,68437,82252,Rhinolophus ferrumequinum,0.027,0.027,-1,Echolocation,/mnt/ubna_data_02_mir/recover-20220922/UBNA_001/20220921_090000.WAV,Telephone Field,recover-20220922,001,1795
505.7925,505.8033,22890,28227,Nyctalus leisleri,0.012,0.026,-1,Echolocation,/mnt/ubna_data_02_mir/recover-20220922/UBNA_001/20220921_090000.WAV,Telephone Field,recover-20220922,001,1795
505.8425,505.8819,68437,82374,Rhinolophus ferrumequinum,0.022,0.022,-1,Echolocation,/mnt/ubna_data_02_mir/recover-20220922/UBNA_001/20220921_090000.WAV,Telephone Field,recover-20220922,001,1795
505.8455,505.8538,22890,30352,Plecotus austriacus,0.009,0.022,-1,Echolocation,/mnt/ubna_data_02_mir/recover-20220922/UBNA_001/20220921_090000.WAV,Telephone Field,recover-20220922,001,1795
505.8495,505.8578,28906,37344,Eptesicus serotinus,0.008,0.023,-1,Echolocation,/mnt/ubna_data_02_mir/recover-20220922/UBNA_001/20220921_090000.WAV,Telephone Field,recover-20220922,001,1795
505.8515,505.889,68437,81264,Rhinolophus ferrumequinum,0.021,0.021,-1,Echolocation,/mnt/ubna_data_02_mir/recover-20220922/UBNA_001/20220921_090000.WAV,Telephone Field,recover-20220922,001,1795
505.8715,505.906,68437,81969,Rhinolophus ferrumequinum,0.022,0.022,-1,Echolocation,/mnt/ubna_data_02_mir/recover-20220922/UBNA_001/20220921_090000.WAV,Telephone Field,recover-20220922,001,1795
505.8875,505.896,25468,37295,Myotis nattereri,0.006,0.022,-1,Echolocation,/mnt/ubna_data_02_mir/recover-20220922/UBNA_001/20220921_090000.WAV,Telephone Field,recover-20220922,001,1795
505.9135,505.956,68437,82904,Rhinolophus ferrumequinum,0.031,0.031,-1,Echolocation,/mnt/ubna_data_02_mir/recover-20220922/UBNA_001/20220921_090000.WAV,Telephone Field,recover-20220922,001,1795
505.9325,505.9711,68437,81887,Rhinolophus ferrumequinum,0.026,0.026,-1,Echolocation,/mnt/ubna_data_02_mir/recover-20220922/UBNA_001/20220921_090000.WAV,Telephone Field,recover-20220922,001,1795
505.9595,505.9978,68437,82365,Rhinolophus ferrumequinum,0.028,0.028,-1,Echolocation,/mnt/ubna_data_02_mir/recover-20220922/UBNA_001/20220921_090000.WAV,Telephone Field,recover-20220922,001,1795
506.0015,506.0111,36640,41163,Pipistrellus nathusii,0.059,0.093,-1,Echolocation,/mnt/ubna_data_02_mir/recover-20220922/UBNA_001/20220921_090000.WAV,Telephone Field,recover-20220922,001,1795
506.0015,506.0158,19453,24432,Nyctalus noctula,0.011,0.027,-1,Echolocation,/mnt/ubna_data_02_mir/recover-20220922/UBNA_001/20220921_090000.WAV,Telephone Field,recover-20220922,001,1795
506.0015,506.011,48671,55001,Pipistrellus pipistrellus,0.017,0.025,-1,Echolocation,/mnt/ubna_data_02_mir/recover-20220922/UBNA_001/20220921_090000.WAV,Telephone Field,recover-20220922,001,1795
506.0015,506.0095,29765,39379,Myotis daubentonii,0.006,0.024,-1,Echolocation,/mnt/ubna_data_02_mir/recover-20220922/UBNA_001/20220921_090000.WAV,Telephone Field,recover-20220922,001,1795
506.0015,506.0333,68437,79136,Rhinolophus ferrumequinum,0.034,0.034,-1,Echolocation,/mnt/ubna_data_02_mir/recover-20220922/UBNA_001/20220921_090000.WAV,Telephone Field,recover-20220922,001,1795
506.0165,506.0269,23750,31055,Nyctalus leisleri,0.008,0.024,-1,Echolocation,/mnt/ubna_data_02_mir/recover-20220922/UBNA_001/20220921_090000.WAV,Telephone Field,recover-20220922,001,1795
506.0215,506.0645,68437,83336,Rhinolophus ferrumequinum,0.04,0.04,-1,Echolocation,/mnt/ubna_data_02_mir/recover-20220922/UBNA_001/20220921_090000.WAV,Telephone Field,recover-20220922,001,1795
506.0215,506.0324,23750,30897,Nyctalus leisleri,0.008,0.023,-1,Echolocation,/mnt/ubna_data_02_mir/recover-20220922/UBNA_001/20220921_090000.WAV,Telephone Field,recover-20220922,001,1795
506.0505,506.0847,68437,80671,Rhinolophus ferrumequinum,0.022,0.022,-1,Echolocation,/mnt/ubna_data_02_mir/recover-20220922/UBNA_001/20220921_090000.WAV,Telephone Field,recover-20220922,001,1795
506.0585,506.0966,68437,81613,Rhinolophus ferrumequinum,0.024,0.024,-1,Echolocation,/mnt/ubna_data_02_mir/recover-20220922/UBNA_001/20220921_090000.WAV,Telephone Field,recover-20220922,001,1795
506.0655,506.1068,68437,82897,Rhinolophus ferrumequinum,0.026,0.026,-1,Echolocation,/mnt/ubna_data_02_mir/recover-20220922/UBNA_001/20220921_090000.WAV,Telephone Field,recover-20220922,001,1795
506.0785,506.1175,68437,82668,Rhinolophus ferrumequinum,0.022,0.022,-1,Echolocation,/mnt/ubna_data_02_mir/recover-20220922/UBNA_001/20220921_090000.WAV,Telephone Field,recover-20220922,001,1795
506.1125,506.1266,25468,31349,Eptesicus serotinus,0.013,0.031,-1,Echolocation,/mnt/ubna_data_02_mir/recover-20220922/UBNA_001/20220921_090000.WAV,Telephone Field,recover-20220922,001,1795
506.1205,506.1596,68437,82121,Rhinolophus ferrumequinum,0.023,0.023,-1,Echolocation,/mnt/ubna_data_02_mir/recover-20220922/UBNA_001/20220921_090000.WAV,Telephone Field,recover-20220922,001,1795
506.1495,506.1911,68437,83200,Rhinolophus ferrumequinum,0.025,0.025,-1,Echolocation,/mnt/ubna_data_02_mir/recover-20220922/UBNA_001/20220921_090000.WAV,Telephone Field,recover-20220922,001,1795
506.1755,506.2177,68437,82427,Rhinolophus ferrumequinum,0.026,0.026,-1,Echolocation,/mnt/ubna_data_02_mir/recover-20220922/UBNA_001/20220921_090000.WAV,Telephone Field,recover-20220922,001,1795
506.20550000000003,506.2463,68437,83084,Rhinolophus ferrumequinum,0.023,0.023,-1,Echolocation,/mnt/ubna_data_02_mir/recover-20220922/UBNA_001/20220921_090000.WAV,Telephone Field,recover-20220922,001,1795
506.2395,506.2774,68437,82458,Rhinolophus ferrumequinum,0.025,0.025,-1,Echolocation,/mnt/ubna_data_02_mir/recover-20220922/UBNA_001/20220921_090000.WAV,Telephone Field,recover-20220922,001,1795
506.2575,506.2678,28906,37984,Eptesicus serotinus,0.011,0.025,-1,Echolocation,/mnt/ubna_data_02_mir/recover-20220922/UBNA_001/20220921_090000.WAV,Telephone Field,recover-20220922,001,1795
506.2585,506.2711,34062,39459,Eptesicus serotinus,0.007,0.027,-1,Echolocation,/mnt/ubna_data_02_mir/recover-20220922/UBNA_001/20220921_090000.WAV,Telephone Field,recover-20220922,001,1795
506.2795,506.3212,68437,83328,Rhinolophus ferrumequinum,0.034,0.034,-1,Echolocation,/mnt/ubna_data_02_mir/recover-20220922/UBNA_001/20220921_090000.WAV,Telephone Field,recover-20220922,001,1795
506.3035,506.3443,68437,81999,Rhinolophus ferrumequinum,0.022,0.023,-1,Echolocation,/mnt/ubna_data_02_mir/recover-20220922/UBNA_001/20220921_090000.WAV,Telephone Field,recover-20220922,001,1795
506.3105,506.3169,28046,40526,Eptesicus serotinus,0.007,0.027,-1,Echolocation,/mnt/ubna_data_02_mir/recover-20220922/UBNA_001/20220921_090000.WAV,Telephone Field,recover-20220922,001,1795
506.3415,506.3811,68437,82813,Rhinolophus ferrumequinum,0.028,0.028,-1,Echolocation,/mnt/ubna_data_02_mir/recover-20220922/UBNA_001/20220921_090000.WAV,Telephone Field,recover-20220922,001,1795
506.3555,506.397,68437,82299,Rhinolophus ferrumequinum,0.037,0.037,-1,Echolocation,/mnt/ubna_data_02_mir/recover-20220922/UBNA_001/20220921_090000.WAV,Telephone Field,recover-20220922,001,1795
506.4305,506.4391,24609,32264,Nyctalus leisleri,0.007,0.025,-1,Echolocation,/mnt/ubna_data_02_mir/recover-20220922/UBNA_001/20220921_090000.WAV,Telephone Field,recover-20220922,001,1795
506.4525,506.4946,68437,82893,Rhinolophus ferrumequinum,0.029,0.029,-1,Echolocation,/mnt/ubna_data_02_mir/recover-20220922/UBNA_001/20220921_090000.WAV,Telephone Field,recover-20220922,001,1795
506.4705,506.5126,68437,83495,Rhinolophus ferrumequinum,0.031,0.031,-1,Echolocation,/mnt/ubna_data_02_mir/recover-20220922/UBNA_001/20220921_090000.WAV,Telephone Field,recover-20220922,001,1795
506.5355,506.5437,27187,38182,Eptesicus serotinus,0.008,0.024,-1,Echolocation,/mnt/ubna_data_02_mir/recover-20220922/UBNA_001/20220921_090000.WAV,Telephone Field,recover-20220922,001,1795
506.5435,506.5787,68437,81518,Rhinolophus ferrumequinum,0.027,0.027,-1,Echolocation,/mnt/ubna_data_02_mir/recover-20220922/UBNA_001/20220921_090000.WAV,Telephone Field,recover-20220922,001,1795
506.5635,506.6011,68437,81949,Rhinolophus ferrumequinum,0.022,0.022,-1,Echolocation,/mnt/ubna_data_02_mir/recover-20220922/UBNA_001/20220921_090000.WAV,Telephone Field,recover-20220922,001,1795
506.5745,506.5823,28046,39003,Eptesicus serotinus,0.007,0.024,-1,Echolocation,/mnt/ubna_data_02_mir/recover-20220922/UBNA_001/20220921_090000.WAV,Telephone Field,recover-20220922,001,1795
506.5745,506.6109,68437,81906,Rhinolophus ferrumequinum,0.023,0.023,-1,Echolocation,/mnt/ubna_data_02_mir/recover-20220922/UBNA_001/20220921_090000.WAV,Telephone Field,recover-20220922,001,1795
506.5905,506.6284,68437,81347,Rhinolophus ferrumequinum,0.033,0.033,-1,Echolocation,/mnt/ubna_data_02_mir/recover-20220922/UBNA_001/20220921_090000.WAV,Telephone Field,recover-20220922,001,1795
506.6185,506.6288,23750,29438,Nyctalus leisleri,0.011,0.025,-1,Echolocation,/mnt/ubna_data_02_mir/recover-20220922/UBNA_001/20220921_090000.WAV,Telephone Field,recover-20220922,001,1795
506.6275,506.6707,68437,82655,Rhinolophus ferrumequinum,0.038,0.039,-1,Echolocation,/mnt/ubna_data_02_mir/recover-20220922/UBNA_001/20220921_090000.WAV,Telephone Field,recover-20220922,001,1795
506.6635,506.6748,35781,40427,Pipistrellus nathusii,0.007,0.028,-1,Echolocation,/mnt/ubna_data_02_mir/recover-20220922/UBNA_001/20220921_090000.WAV,Telephone Field,recover-20220922,001,1795
506.6755,506.7154,68437,82819,Rhinolophus ferrumequinum,0.026,0.026,-1,Echolocation,/mnt/ubna_data_02_mir/recover-20220922/UBNA_001/20220921_090000.WAV,Telephone Field,recover-20220922,001,1795
506.6795,506.6879,28046,39712,Eptesicus serotinus,0.007,0.024,-1,Echolocation,/mnt/ubna_data_02_mir/recover-20220922/UBNA_001/20220921_090000.WAV,Telephone Field,recover-20220922,001,1795
506.7035,506.7451,68437,82920,Rhinolophus ferrumequinum,0.04,0.04,-1,Echolocation,/mnt/ubna_data_02_mir/recover-20220922/UBNA_001/20220921_090000.WAV,Telephone Field,recover-20220922,001,1795
506.7265,506.7655,68437,82223,Rhinolophus ferrumequinum,0.025,0.025,-1,Echolocation,/mnt/ubna_data_02_mir/recover-20220922/UBNA_001/20220921_090000.WAV,Telephone Field,recover-20220922,001,1795
506.7395,506.778,68437,82130,Rhinolophus ferrumequinum,0.022,0.022,-1,Echolocation,/mnt/ubna_data_02_mir/recover-20220922/UBNA_001/20220921_090000.WAV,Telephone Field,recover-20220922,001,1795
506.7615,506.7728,22031,27056,Nyctalus leisleri,0.014,0.028,-1,Echolocation,/mnt/ubna_data_02_mir/recover-20220922/UBNA_001/20220921_090000.WAV,Telephone Field,recover-20220922,001,1795
506.7675,506.80740000000003,68437,82154,Rhinolophus ferrumequinum,0.025,0.025,-1,Echolocation,/mnt/ubna_data_02_mir/recover-20220922/UBNA_001/20220921_090000.WAV,Telephone Field,recover-20220922,001,1795
506.7755,506.8154,68437,82418,Rhinolophus ferrumequinum,0.024,0.024,-1,Echolocation,/mnt/ubna_data_02_mir/recover-20220922/UBNA_001/20220921_090000.WAV,Telephone Field,recover-20220922,001,1795
506.8145,506.8523,68437,82002,Rhinolophus ferrumequinum,0.022,0.022,-1,Echolocation,/mnt/ubna_data_02_mir/recover-20220922/UBNA_001/20220921_090000.WAV,Telephone Field,recover-20220922,001,1795
506.8225,506.8298,28046,41674,Eptesicus serotinus,0.006,0.022,-1,Echolocation,/mnt/ubna_data_02_mir/recover-20220922/UBNA_001/20220921_090000.WAV,Telephone Field,recover-20220922,001,1795
506.8315,506.8714,68437,82175,Rhinolophus ferrumequinum,0.033,0.033,-1,Echolocation,/mnt/ubna_data_02_mir/recover-20220922/UBNA_001/20220921_090000.WAV,Telephone Field,recover-20220922,001,1795
506.85450000000003,506.8653,23750,29281,Nyctalus leisleri,0.013,0.029,-1,Echolocation,/mnt/ubna_data_02_mir/recover-20220922/UBNA_001/20220921_090000.WAV,Telephone Field,recover-20220922,001,1795
506.8855,506.9251,68437,82353,Rhinolophus ferrumequinum,0.028,0.028,-1,Echolocation,/mnt/ubna_data_02_mir/recover-20220922/UBNA_001/20220921_090000.WAV,Telephone Field,recover-20220922,001,1795
506.8885,506.8982,22890,29270,Nyctalus leisleri,0.009,0.025,-1,Echolocation,/mnt/ubna_data_02_mir/recover-20220922/UBNA_001/20220921_090000.WAV,Telephone Field,recover-20220922,001,1795
506.9125,506.9542,68437,82515,Rhinolophus ferrumequinum,0.025,0.025,-1,Echolocation,/mnt/ubna_data_02_mir/recover-20220922/UBNA_001/20220921_090000.WAV,Telephone Field,recover-20220922,001,1795
506.9235,506.932,28046,37345,Eptesicus serotinus,0.008,0.023,-1,Echolocation,/mnt/ubna_data_02_mir/recover-20220922/UBNA_001/20220921_090000.WAV,Telephone Field,recover-20220922,001,1795
506.9535,506.9938,68437,82729,Rhinolophus ferrumequinum,0.027,0.027,-1,Echolocation,/mnt/ubna_data_02_mir/recover-20220922/UBNA_001/20220921_090000.WAV,Telephone Field,recover-20220922,001,1795
506.9535,506.9613,28046,37523,Eptesicus serotinus,0.007,0.024,-1,Echolocation,/mnt/ubna_data_02_mir/recover-20220922/UBNA_001/20220921_090000.WAV,Telephone Field,recover-20220922,001,1795
506.9545,506.962,23750,32829,Plecotus austriacus,0.009,0.023,-1,Echolocation,/mnt/ubna_data_02_mir/recover-20220922/UBNA_001/20220921_090000.WAV,Telephone Field,recover-20220922,001,1795
506.9645,506.9717,25468,34344,Plecotus austriacus,0.006,0.024,-1,Echolocation,/mnt/ubna_data_02_mir/recover-20220922/UBNA_001/20220921_090000.WAV,Telephone Field,recover-20220922,001,1795
506.9785,507.0224,68437,83012,Rhinolophus ferrumequinum,0.04,0.04,-1,Echolocation,/mnt/ubna_data_02_mir/recover-20220922/UBNA_001/20220921_090000.WAV,Telephone Field,recover-20220922,001,1795
507.0215,507.0283,28046,37645,Eptesicus serotinus,0.006,0.023,-1,Echolocation,/mnt/ubna_data_02_mir/recover-20220922/UBNA_001/20220921_090000.WAV,Telephone Field,recover-20220922,001,1795
507.0565,507.0963,68437,82290,Rhinolophus ferrumequinum,0.022,0.022,-1,Echolocation,/mnt/ubna_data_02_mir/recover-20220922/UBNA_001/20220921_090000.WAV,Telephone Field,recover-20220922,001,1795
507.0595,507.0682,24609,32374,Nyctalus leisleri,0.007,0.023,-1,Echolocation,/mnt/ubna_data_02_mir/recover-20220922/UBNA_001/20220921_090000.WAV,Telephone Field,recover-20220922,001,1795
507.0615,507.1008,68437,82459,Rhinolophus ferrumequinum,0.022,0.022,-1,Echolocation,/mnt/ubna_data_02_mir/recover-20220922/UBNA_001/20220921_090000.WAV,Telephone Field,recover-20220922,001,1795
507.0955,507.114,19453,23080,Nyctalus noctula,0.012,0.024,-1,Echolocation,/mnt/ubna_data_02_mir/recover-20220922/UBNA_001/20220921_090000.WAV,Telephone Field,recover-20220922,001,1795
507.1015,507.1383,68437,81588,Rhinolophus ferrumequinum,0.025,0.025,-1,Echolocation,/mnt/ubna_data_02_mir/recover-20220922/UBNA_001/20220921_090000.WAV,Telephone Field,recover-20220922,001,1795
507.1205,507.1592,68437,81876,Rhinolophus ferrumequinum,0.025,0.025,-1,Echolocation,/mnt/ubna_data_02_mir/recover-20220922/UBNA_001/20220921_090000.WAV,Telephone Field,recover-20220922,001,1795
507.1315,507.1733,68437,82755,Rhinolophus ferrumequinum,0.034,0.034,-1,Echolocation,/mnt/ubna_data_02_mir/recover-20220922/UBNA_001/20220921_090000.WAV,Telephone Field,recover-20220922,001,1795
507.1405,507.1797,68437,82651,Rhinolophus ferrumequinum,0.025,0.025,-1,Echolocation,/mnt/ubna_data_02_mir/recover-20220922/UBNA_001/20220921_090000.WAV,Telephone Field,recover-20220922,001,1795
507.1475,507.188,68437,82499,Rhinolophus ferrumequinum,0.023,0.024,-1,Echolocation,/mnt/ubna_data_02_mir/recover-20220922/UBNA_001/20220921_090000.WAV,Telephone Field,recover-20220922,001,1795
507.1555,507.2009,68437,83463,Rhinolophus ferrumequinum,0.032,0.033,-1,Echolocation,/mnt/ubna_data_02_mir/recover-20220922/UBNA_001/20220921_090000.WAV,Telephone Field,recover-20220922,001,1795
507.2095,507.2163,32343,44214,Myotis daubentonii,0.011,0.023,-1,Echolocation,/mnt/ubna_data_02_mir/recover-20220922/UBNA_001/20220921_090000.WAV,Telephone Field,recover-20220922,001,1795
507.2195,507.2277,26328,35061,Eptesicus serotinus,0.009,0.024,-1,Echolocation,/mnt/ubna_data_02_mir/recover-20220922/UBNA_001/20220921_090000.WAV,Telephone Field,recover-20220922,001,1795
507.2455,507.25509999999997,14296,21660,Nyctalus noctula,0.011,0.025,-1,Echolocation,/mnt/ubna_data_02_mir/recover-20220922/UBNA_001/20220921_090000.WAV,Telephone Field,recover-20220922,001,1795
507.2795,507.3168,68437,81688,Rhinolophus ferrumequinum,0.03,0.03,-1,Echolocation,/mnt/ubna_data_02_mir/recover-20220922/UBNA_001/20220921_090000.WAV,Telephone Field,recover-20220922,001,1795
507.2935,507.3351,68437,82666,Rhinolophus ferrumequinum,0.033,0.033,-1,Echolocation,/mnt/ubna_data_02_mir/recover-20220922/UBNA_001/20220921_090000.WAV,Telephone Field,recover-20220922,001,1795
507.3145,507.3225,28046,37612,Eptesicus serotinus,0.01,0.026,-1,Echolocation,/mnt/ubna_data_02_mir/recover-20220922/UBNA_001/20220921_090000.WAV,Telephone Field,recover-20220922,001,1795
507.3265,507.3657,68437,82617,Rhinolophus ferrumequinum,0.025,0.025,-1,Echolocation,/mnt/ubna_data_02_mir/recover-20220922/UBNA_001/20220921_090000.WAV,Telephone Field,recover-20220922,001,1795
507.3315,507.3422,54687,59075,Pipistrellus pygmaeus,0.024,0.026,-1,Echolocation,/mnt/ubna_data_02_mir/recover-20220922/UBNA_001/20220921_090000.WAV,Telephone Field,recover-20220922,001,1795
507.3585,507.3971,68437,82429,Rhinolophus ferrumequinum,0.024,0.024,-1,Echolocation,/mnt/ubna_data_02_mir/recover-20220922/UBNA_001/20220921_090000.WAV,Telephone Field,recover-20220922,001,1795
507.3765,507.4126,68437,81297,Rhinolophus ferrumequinum,0.022,0.022,-1,Echolocation,/mnt/ubna_data_02_mir/recover-20220922/UBNA_001/20220921_090000.WAV,Telephone Field,recover-20220922,001,1795
507.4115,507.4209,26328,35040,Eptesicus serotinus,0.01,0.024,-1,Echolocation,/mnt/ubna_data_02_mir/recover-20220922/UBNA_001/20220921_090000.WAV,Telephone Field,recover-20220922,001,1795
507.4325,507.473,68437,82491,Rhinolophus ferrumequinum,0.025,0.025,-1,Echolocation,/mnt/ubna_data_02_mir/recover-20220922/UBNA_001/20220921_090000.WAV,Telephone Field,recover-20220922,001,1795
507.4615,507.5023,68437,82394,Rhinolophus ferrumequinum,0.024,0.024,-1,Echolocation,/mnt/ubna_data_02_mir/recover-20220922/UBNA_001/20220921_090000.WAV,Telephone Field,recover-20220922,001,1795
507.5115,507.5204,47812,56593,Pipistrellus pipistrellus,0.016,0.022,-1,Echolocation,/mnt/ubna_data_02_mir/recover-20220922/UBNA_001/20220921_090000.WAV,Telephone Field,recover-20220922,001,1795
507.5125,507.5232,28046,35768,Eptesicus serotinus,0.011,0.025,-1,Echolocation,/mnt/ubna_data_02_mir/recover-20220922/UBNA_001/20220921_090000.WAV,Telephone Field,recover-20220922,001,1795
507.52049999999997,507.5314,15156,21798,Nyctalus noctula,0.016,0.027,-1,Echolocation,/mnt/ubna_data_02_mir/recover-20220922/UBNA_001/20220921_090000.WAV,Telephone Field,recover-20220922,001,1795
507.5615,507.60450000000003,68437,83287,Rhinolophus ferrumequinum,0.032,0.032,-1,Echolocation,/mnt/ubna_data_02_mir/recover-20220922/UBNA_001/20220921_090000.WAV,Telephone Field,recover-20220922,001,1795
507.5755,507.5852,33203,39956,Eptesicus serotinus,0.007,0.024,-1,Echolocation,/mnt/ubna_data_02_mir/recover-20220922/UBNA_001/20220921_090000.WAV,Telephone Field,recover-20220922,001,1795
507.5985,507.6355,68437,81720,Rhinolophus ferrumequinum,0.024,0.024,-1,Echolocation,/mnt/ubna_data_02_mir/recover-20220922/UBNA_001/20220921_090000.WAV,Telephone Field,recover-20220922,001,1795
507.5995,507.6121,22031,25842,Nyctalus leisleri,0.018,0.028,-1,Echolocation,/mnt/ubna_data_02_mir/recover-20220922/UBNA_001/20220921_090000.WAV,Telephone Field,recover-20220922,001,1795
507.6735,507.688,22890,26484,Nyctalus leisleri,0.019,0.033,-1,Echolocation,/mnt/ubna_data_02_mir/recover-20220922/UBNA_001/20220921_090000.WAV,Telephone Field,recover-20220922,001,1795
507.6845,507.7223,68437,81686,Rhinolophus ferrumequinum,0.022,0.022,-1,Echolocation,/mnt/ubna_data_02_mir/recover-20220922/UBNA_001/20220921_090000.WAV,Telephone Field,recover-20220922,001,1795
507.7665,507.8048,68437,82366,Rhinolophus ferrumequinum,0.032,0.032,-1,Echolocation,/mnt/ubna_data_02_mir/recover-20220922/UBNA_001/20220921_090000.WAV,Telephone Field,recover-20220922,001,1795
507.7755,507.784,55546,59857,Pipistrellus pygmaeus,0.022,0.022,-1,Echolocation,/mnt/ubna_data_02_mir/recover-20220922/UBNA_001/20220921_090000.WAV,Telephone Field,recover-20220922,001,1795
507.8175,507.8284,27187,33907,Eptesicus serotinus,0.013,0.027,-1,Echolocation,/mnt/ubna_data_02_mir/recover-20220922/UBNA_001/20220921_090000.WAV,Telephone Field,recover-20220922,001,1795
507.8445,507.8858,68437,82525,Rhinolophus ferrumequinum,0.025,0.025,-1,Echolocation,/mnt/ubna_data_02_mir/recover-20220922/UBNA_001/20220921_090000.WAV,Telephone Field,recover-20220922,001,1795
507.8515,507.8588,27187,38532,Eptesicus serotinus,0.006,0.023,-1,Echolocation,/mnt/ubna_data_02_mir/recover-20220922/UBNA_001/20220921_090000.WAV,Telephone Field,recover-20220922,001,1795
507.8745,507.9089,68437,80798,Rhinolophus ferrumequinum,0.022,0.022,-1,Echolocation,/mnt/ubna_data_02_mir/recover-20220922/UBNA_001/20220921_090000.WAV,Telephone Field,recover-20220922,001,1795
507.8935,507.899,36640,47554,Myotis daubentonii,0.009,0.022,-1,Echolocation,/mnt/ubna_data_02_mir/recover-20220922/UBNA_001/20220921_090000.WAV,Telephone Field,recover-20220922,001,1795
507.89549999999997,507.9033,28906,41302,Eptesicus serotinus,0.008,0.023,-1,Echolocation,/mnt/ubna_data_02_mir/recover-20220922/UBNA_001/20220921_090000.WAV,Telephone Field,recover-20220922,001,1795
507.9155,507.9549,68437,83103,Rhinolophus ferrumequinum,0.032,0.032,-1,Echolocation,/mnt/ubna_data_02_mir/recover-20220922/UBNA_001/20220921_090000.WAV,Telephone Field,recover-20220922,001,1795
507.9235,507.9653,68437,83158,Rhinolophus ferrumequinum,0.031,0.031,-1,Echolocation,/mnt/ubna_data_02_mir/recover-20220922/UBNA_001/20220921_090000.WAV,Telephone Field,recover-20220922,001,1795
507.9485,507.9894,68437,82651,Rhinolophus ferrumequinum,0.023,0.023,-1,Echolocation,/mnt/ubna_data_02_mir/recover-20220922/UBNA_001/20220921_090000.WAV,Telephone Field,recover-20220922,001,1795
507.97950000000003,507.9869,28046,38180,Eptesicus serotinus,0.006,0.022,-1,Echolocation,/mnt/ubna_data_02_mir/recover-20220922/UBNA_001/20220921_090000.WAV,Telephone Field,recover-20220922,001,1795
508.0015,508.0092,32343,52947,Myotis daubentonii,0.014,0.032,-1,Echolocation,/mnt/ubna_data_02_mir/recover-20220922/UBNA_001/20220921_090000.WAV,Telephone Field,recover-20220922,001,1795
508.0015,508.0102,24609,34760,Nyctalus leisleri,0.007,0.026,-1,Echolocation,/mnt/ubna_data_02_mir/recover-20220922/UBNA_001/20220921_090000.WAV,Telephone Field,recover-20220922,001,1795
508.0015,508.0102,47812,52654,Pipistrellus pipistrellus,0.02,0.026,-1,Echolocation,/mnt/ubna_data_02_mir/recover-20220922/UBNA_001/20220921_090000.WAV,Telephone Field,recover-20220922,001,1795
508.0165,508.026,26328,35240,Eptesicus serotinus,0.01,0.024,-1,Echolocation,/mnt/ubna_data_02_mir/recover-20220922/UBNA_001/20220921_090000.WAV,Telephone Field,recover-20220922,001,1795
508.0325,508.0423,46953,50090,Pipistrellus pipistrellus,0.025,0.027,-1,Echolocation,/mnt/ubna_data_02_mir/recover-20220922/UBNA_001/20220921_090000.WAV,Telephone Field,recover-20220922,001,1795
508.0585,508.0989,68437,82466,Rhinolophus ferrumequinum,0.022,0.022,-1,Echolocation,/mnt/ubna_data_02_mir/recover-20220922/UBNA_001/20220921_090000.WAV,Telephone Field,recover-20220922,001,1795
508.0635,508.07280000000003,27187,38982,Eptesicus serotinus,0.01,0.024,-1,Echolocation,/mnt/ubna_data_02_mir/recover-20220922/UBNA_001/20220921_090000.WAV,Telephone Field,recover-20220922,001,1795
508.0735,508.0829,22890,29237,Nyctalus leisleri,0.009,0.024,-1,Echolocation,/mnt/ubna_data_02_mir/recover-20220922/UBNA_001/20220921_090000.WAV,Telephone Field,recover-20220922,001,1795
508.0955,508.135,68437,82114,Rhinolophus ferrumequinum,0.025,0.025,-1,Echolocation,/mnt/ubna_data_02_mir/recover-20220922/UBNA_001/20220921_090000.WAV,Telephone Field,recover-20220922,001,1795
508.1415,508.1522,22890,27584,Nyctalus leisleri,0.014,0.027,-1,Echolocation,/mnt/ubna_data_02_mir/recover-20220922/UBNA_001/20220921_090000.WAV,Telephone Field,recover-20220922,001,1795
508.1905,508.1999,28046,36681,Eptesicus serotinus,0.009,0.022,-1,Echolocation,/mnt/ubna_data_02_mir/recover-20220922/UBNA_001/20220921_090000.WAV,Telephone Field,recover-20220922,001,1795
508.1945,508.2364,68437,82902,Rhinolophus ferrumequinum,0.025,0.025,-1,Echolocation,/mnt/ubna_data_02_mir/recover-20220922/UBNA_001/20220921_090000.WAV,Telephone Field,recover-20220922,001,1795
508.20550000000003,508.213,27187,37478,Eptesicus serotinus,0.007,0.025,-1,Echolocation,/mnt/ubna_data_02_mir/recover-20220922/UBNA_001/20220921_090000.WAV,Telephone Field,recover-20220922,001,1795
508.2855,508.3259,68437,82805,Rhinolophus ferrumequinum,0.022,0.022,-1,Echolocation,/mnt/ubna_data_02_mir/recover-20220922/UBNA_001/20220921_090000.WAV,Telephone Field,recover-20220922,001,1795
508.3155,508.3246,28046,36830,Eptesicus serotinus,0.01,0.024,-1,Echolocation,/mnt/ubna_data_02_mir/recover-20220922/UBNA_001/20220921_090000.WAV,Telephone Field,recover-20220922,001,1795
508.3265,508.3351,27187,38725,Eptesicus serotinus,0.009,0.025,-1,Echolocation,/mnt/ubna_data_02_mir/recover-20220922/UBNA_001/20220921_090000.WAV,Telephone Field,recover-20220922,001,1795
508.3535,508.36469999999997,22890,27840,Nyctalus leisleri,0.012,0.025,-1,Echolocation,/mnt/ubna_data_02_mir/recover-20220922/UBNA_001/20220921_090000.WAV,Telephone Field,recover-20220922,001,1795
508.4165,508.4271,22890,28381,Nyctalus leisleri,0.01,0.023,-1,Echolocation,/mnt/ubna_data_02_mir/recover-20220922/UBNA_001/20220921_090000.WAV,Telephone Field,recover-20220922,001,1795
508.4445,508.4839,68437,82168,Rhinolophus ferrumequinum,0.023,0.023,-1,Echolocation,/mnt/ubna_data_02_mir/recover-20220922/UBNA_001/20220921_090000.WAV,Telephone Field,recover-20220922,001,1795
508.4595,508.4695,23750,30132,Nyctalus leisleri,0.01,0.024,-1,Echolocation,/mnt/ubna_data_02_mir/recover-20220922/UBNA_001/20220921_090000.WAV,Telephone Field,recover-20220922,001,1795
508.4895,508.5271,68437,82155,Rhinolophus ferrumequinum,0.021,0.021,-1,Echolocation,/mnt/ubna_data_02_mir/recover-20220922/UBNA_001/20220921_090000.WAV,Telephone Field,recover-20220922,001,1795
508.4985,508.5094,23750,29681,Nyctalus leisleri,0.01,0.022,-1,Echolocation,/mnt/ubna_data_02_mir/recover-20220922/UBNA_001/20220921_090000.WAV,Telephone Field,recover-20220922,001,1795
508.5135,508.5238,22890,28417,Nyctalus leisleri,0.01,0.023,-1,Echolocation,/mnt/ubna_data_02_mir/recover-20220922/UBNA_001/20220921_090000.WAV,Telephone Field,recover-20220922,001,1795
508.5405,508.5809,68437,82801,Rhinolophus ferrumequinum,0.022,0.022,-1,Echolocation,/mnt/ubna_data_02_mir/recover-20220922/UBNA_001/20220921_090000.WAV,Telephone Field,recover-20220922,001,1795
508.5665,508.5763,27187,37226,Eptesicus serotinus,0.009,0.022,-1,Echolocation,/mnt/ubna_data_02_mir/recover-20220922/UBNA_001/20220921_090000.WAV,Telephone Field,recover-20220922,001,1795
508.5795,508.6183,68437,82663,Rhinolophus ferrumequinum,0.041,0.041,-1,Echolocation,/mnt/ubna_data_02_mir/recover-20220922/UBNA_001/20220921_090000.WAV,Telephone Field,recover-20220922,001,1795
508.5945,508.6055,22890,27295,Nyctalus leisleri,0.012,0.022,-1,Echolocation,/mnt/ubna_data_02_mir/recover-20220922/UBNA_001/20220921_090000.WAV,Telephone Field,recover-20220922,001,1795
508.6275,508.6694,68437,82756,Rhinolophus ferrumequinum,0.024,0.024,-1,Echolocation,/mnt/ubna_data_02_mir/recover-20220922/UBNA_001/20220921_090000.WAV,Telephone Field,recover-20220922,001,1795
508.6385,508.68,68437,82521,Rhinolophus ferrumequinum,0.022,0.022,-1,Echolocation,/mnt/ubna_data_02_mir/recover-20220922/UBNA_001/20220921_090000.WAV,Telephone Field,recover-20220922,001,1795
508.7195,508.7298,28046,36004,Eptesicus serotinus,0.026,0.044,-1,Echolocation,/mnt/ubna_data_02_mir/recover-20220922/UBNA_001/20220921_090000.WAV,Telephone Field,recover-20220922,001,1795
508.7305,508.7726,68437,83026,Rhinolophus ferrumequinum,0.036,0.036,-1,Echolocation,/mnt/ubna_data_02_mir/recover-20220922/UBNA_001/20220921_090000.WAV,Telephone Field,recover-20220922,001,1795
508.7725,508.7799,27187,39739,Eptesicus serotinus,0.007,0.022,-1,Echolocation,/mnt/ubna_data_02_mir/recover-20220922/UBNA_001/20220921_090000.WAV,Telephone Field,recover-20220922,001,1795
508.7975,508.807,22890,29572,Nyctalus leisleri,0.007,0.022,-1,Echolocation,/mnt/ubna_data_02_mir/recover-20220922/UBNA_001/20220921_090000.WAV,Telephone Field,recover-20220922,001,1795
508.8065,508.8175,28046,35454,Eptesicus serotinus,0.011,0.024,-1,Echolocation,/mnt/ubna_data_02_mir/recover-20220922/UBNA_001/20220921_090000.WAV,Telephone Field,recover-20220922,001,1795
508.8415,508.8483,28046,37794,Eptesicus serotinus,0.005,0.022,-1,Echolocation,/mnt/ubna_data_02_mir/recover-20220922/UBNA_001/20220921_090000.WAV,Telephone Field,recover-20220922,001,1795
508.8455,508.8819,68437,82021,Rhinolophus ferrumequinum,0.024,0.024,-1,Echolocation,/mnt/ubna_data_02_mir/recover-20220922/UBNA_001/20220921_090000.WAV,Telephone Field,recover-20220922,001,1795
508.8845,508.9242,68437,82496,Rhinolophus ferrumequinum,0.026,0.026,-1,Echolocation,/mnt/ubna_data_02_mir/recover-20220922/UBNA_001/20220921_090000.WAV,Telephone Field,recover-20220922,001,1795
508.9155,508.926,28046,37457,Eptesicus serotinus,0.012,0.028,-1,Echolocation,/mnt/ubna_data_02_mir/recover-20220922/UBNA_001/20220921_090000.WAV,Telephone Field,recover-20220922,001,1795
508.9335,508.9694,68437,81426,Rhinolophus ferrumequinum,0.024,0.024,-1,Echolocation,/mnt/ubna_data_02_mir/recover-20220922/UBNA_001/20220921_090000.WAV,Telephone Field,recover-20220922,001,1795
508.9515,508.9898,68437,81735,Rhinolophus ferrumequinum,0.022,0.022,-1,Echolocation,/mnt/ubna_data_02_mir/recover-20220922/UBNA_001/20220921_090000.WAV,Telephone Field,recover-20220922,001,1795
508.9615,509.0015,68437,82584,Rhinolophus ferrumequinum,0.024,0.024,-1,Echolocation,/mnt/ubna_data_02_mir/recover-20220922/UBNA_001/20220921_090000.WAV,Telephone Field,recover-20220922,001,1795
508.9985,509.0314,68437,80596,Rhinolophus ferrumequinum,0.025,0.025,-1,Echolocation,/mnt/ubna_data_02_mir/recover-20220922/UBNA_001/20220921_090000.WAV,Telephone Field,recover-20220922,001,1795
509.0215,509.0611,68437,82869,Rhinolophus ferrumequinum,0.024,0.024,-1,Echolocation,/mnt/ubna_data_02_mir/recover-20220922/UBNA_001/20220921_090000.WAV,Telephone Field,recover-20220922,001,1795
509.0635,509.0714,27187,41769,Eptesicus serotinus,0.008,0.023,-1,Echolocation,/mnt/ubna_data_02_mir/recover-20220922/UBNA_001/20220921_090000.WAV,Telephone Field,recover-20220922,001,1795
509.0705,509.1047,68437,81295,Rhinolophus ferrumequinum,0.031,0.031,-1,Echolocation,/mnt/ubna_data_02_mir/recover-20220922/UBNA_001/20220921_090000.WAV,Telephone Field,recover-20220922,001,1795
509.0765,509.0998,18593,21631,Nyctalus noctula,0.028,0.049,-1,Echolocation,/mnt/ubna_data_02_mir/recover-20220922/UBNA_001/20220921_090000.WAV,Telephone Field,recover-20220922,001,1795
509.0975,509.1054,27187,36539,Eptesicus serotinus,0.007,0.022,-1,Echolocation,/mnt/ubna_data_02_mir/recover-20220922/UBNA_001/20220921_090000.WAV,Telephone Field,recover-20220922,001,1795
509.1195,509.1613,68437,82752,Rhinolophus ferrumequinum,0.03,0.03,-1,Echolocation,/mnt/ubna_data_02_mir/recover-20220922/UBNA_001/20220921_090000.WAV,Telephone Field,recover-20220922,001,1795
509.1265,509.1363,24609,30926,Nyctalus leisleri,0.009,0.025,-1,Echolocation,/mnt/ubna_data_02_mir/recover-20220922/UBNA_001/20220921_090000.WAV,Telephone Field,recover-20220922,001,1795
509.1445,509.1855,68437,82817,Rhinolophus ferrumequinum,0.022,0.022,-1,Echolocation,/mnt/ubna_data_02_mir/recover-20220922/UBNA_001/20220921_090000.WAV,Telephone Field,recover-20220922,001,1795
509.16949999999997,509.1787,28046,37530,Eptesicus serotinus,0.008,0.022,-1,Echolocation,/mnt/ubna_data_02_mir/recover-20220922/UBNA_001/20220921_090000.WAV,Telephone Field,recover-20220922,001,1795
509.1975,509.2093,24609,31995,Eptesicus serotinus,0.012,0.027,-1,Echolocation,/mnt/ubna_data_02_mir/recover-20220922/UBNA_001/20220921_090000.WAV,Telephone Field,recover-20220922,001,1795
509.2125,509.2217,28046,38397,Eptesicus serotinus,0.009,0.023,-1,Echolocation,/mnt/ubna_data_02_mir/recover-20220922/UBNA_001/20220921_090000.WAV,Telephone Field,recover-20220922,001,1795
509.2725,509.3134,68437,83095,Rhinolophus ferrumequinum,0.024,0.024,-1,Echolocation,/mnt/ubna_data_02_mir/recover-20220922/UBNA_001/20220921_090000.WAV,Telephone Field,recover-20220922,001,1795
509.3555,509.3932,68437,82009,Rhinolophus ferrumequinum,0.022,0.022,-1,Echolocation,/mnt/ubna_data_02_mir/recover-20220922/UBNA_001/20220921_090000.WAV,Telephone Field,recover-20220922,001,1795
509.3635,509.4014,68437,81686,Rhinolophus ferrumequinum,0.022,0.022,-1,Echolocation,/mnt/ubna_data_02_mir/recover-20220922/UBNA_001/20220921_090000.WAV,Telephone Field,recover-20220922,001,1795
509.4025,509.4092,27187,38995,Eptesicus serotinus,0.012,0.036,-1,Echolocation,/mnt/ubna_data_02_mir/recover-20220922/UBNA_001/20220921_090000.WAV,Telephone Field,recover-20220922,001,1795
509.41949999999997,509.4283,28046,37267,Eptesicus serotinus,0.008,0.024,-1,Echolocation,/mnt/ubna_data_02_mir/recover-20220922/UBNA_001/20220921_090000.WAV,Telephone Field,recover-20220922,001,1795
509.4445,509.4866,68437,83274,Rhinolophus ferrumequinum,0.045,0.045,-1,Echolocation,/mnt/ubna_data_02_mir/recover-20220922/UBNA_001/20220921_090000.WAV,Telephone Field,recover-20220922,001,1795
509.47950000000003,509.4875,27187,37206,Eptesicus serotinus,0.007,0.022,-1,Echolocation,/mnt/ubna_data_02_mir/recover-20220922/UBNA_001/20220921_090000.WAV,Telephone Field,recover-20220922,001,1795
509.4905,509.5027,53828,57911,Pipistrellus pygmaeus,0.025,0.026,-1,Echolocation,/mnt/ubna_data_02_mir/recover-20220922/UBNA_001/20220921_090000.WAV,Telephone Field,recover-20220922,001,1795
509.4975,509.5369,68437,81768,Rhinolophus ferrumequinum,0.024,0.024,-1,Echolocation,/mnt/ubna_data_02_mir/recover-20220922/UBNA_001/20220921_090000.WAV,Telephone Field,recover-20220922,001,1795
509.5115,509.52,27187,36538,Eptesicus serotinus,0.01,0.026,-1,Echolocation,/mnt/ubna_data_02_mir/recover-20220922/UBNA_001/20220921_090000.WAV,Telephone Field,recover-20220922,001,1795
509.5255,509.537,23750,29329,Nyctalus leisleri,0.01,0.023,-1,Echolocation,/mnt/ubna_data_02_mir/recover-20220922/UBNA_001/20220921_090000.WAV,Telephone Field,recover-20220922,001,1795
509.5585,509.596,68437,81859,Rhinolophus ferrumequinum,0.022,0.022,-1,Echolocation,/mnt/ubna_data_02_mir/recover-20220922/UBNA_001/20220921_090000.WAV,Telephone Field,recover-20220922,001,1795
509.5665,509.5751,28046,37689,Eptesicus serotinus,0.009,0.027,-1,Echolocation,/mnt/ubna_data_02_mir/recover-20220922/UBNA_001/20220921_090000.WAV,Telephone Field,recover-20220922,001,1795
509.6275,509.6367,27187,36795,Eptesicus serotinus,0.009,0.022,-1,Echolocation,/mnt/ubna_data_02_mir/recover-20220922/UBNA_001/20220921_090000.WAV,Telephone Field,recover-20220922,001,1795
509.6505,509.6881,68437,81631,Rhinolophus ferrumequinum,0.024,0.024,-1,Echolocation,/mnt/ubna_data_02_mir/recover-20220922/UBNA_001/20220921_090000.WAV,Telephone Field,recover-20220922,001,1795
509.6615,509.6696,26328,36676,Eptesicus serotinus,0.007,0.023,-1,Echolocation,/mnt/ubna_data_02_mir/recover-20220922/UBNA_001/20220921_090000.WAV,Telephone Field,recover-20220922,001,1795
509.6955,509.7339,68437,82142,Rhinolophus ferrumequinum,0.023,0.023,-1,Echolocation,/mnt/ubna_data_02_mir/recover-20220922/UBNA_001/20220921_090000.WAV,Telephone Field,recover-20220922,001,1795
509.6985,509.7092,22890,29436,Nyctalus leisleri,0.01,0.027,-1,Echolocation,/mnt/ubna_data_02_mir/recover-20220922/UBNA_001/20220921_090000.WAV,Telephone Field,recover-20220922,001,1795
509.7105,509.7501,68437,82780,Rhinolophus ferrumequinum,0.022,0.022,-1,Echolocation,/mnt/ubna_data_02_mir/recover-20220922/UBNA_001/20220921_090000.WAV,Telephone Field,recover-20220922,001,1795
509.7185,509.7294,38359,43664,Pipistrellus nathusii,0.02,0.032,-1,Echolocation,/mnt/ubna_data_02_mir/recover-20220922/UBNA_001/20220921_090000.WAV,Telephone Field,recover-20220922,001,1795
509.7575,509.7655,27187,37729,Eptesicus serotinus,0.01,0.027,-1,Echolocation,/mnt/ubna_data_02_mir/recover-20220922/UBNA_001/20220921_090000.WAV,Telephone Field,recover-20220922,001,1795
509.7615,509.7708,33203,38921,Barbastellus barbastellus,0.01,0.025,-1,Echolocation,/mnt/ubna_data_02_mir/recover-20220922/UBNA_001/20220921_090000.WAV,Telephone Field,recover-20220922,001,1795
509.7725,509.8159,68437,83113,Rhinolophus ferrumequinum,0.024,0.024,-1,Echolocation,/mnt/ubna_data_02_mir/recover-20220922/UBNA_001/20220921_090000.WAV,Telephone Field,recover-20220922,001,1795
509.7795,509.7863,27187,36413,Eptesicus serotinus,0.006,0.022,-1,Echolocation,/mnt/ubna_data_02_mir/recover-20220922/UBNA_001/20220921_090000.WAV,Telephone Field,recover-20220922,001,1795
509.7985,509.8406,68437,83237,Rhinolophus ferrumequinum,0.033,0.033,-1,Echolocation,/mnt/ubna_data_02_mir/recover-20220922/UBNA_001/20220921_090000.WAV,Telephone Field,recover-20220922,001,1795
509.8685,509.9076,68437,82019,Rhinolophus ferrumequinum,0.022,0.022,-1,Echolocation,/mnt/ubna_data_02_mir/recover-20220922/UBNA_001/20220921_090000.WAV,Telephone Field,recover-20220922,001,1795
509.8945,509.9311,68437,81337,Rhinolophus ferrumequinum,0.024,0.024,-1,Echolocation,/mnt/ubna_data_02_mir/recover-20220922/UBNA_001/20220921_090000.WAV,Telephone Field,recover-20220922,001,1795
509.9045,509.9119,24609,34033,Plecotus austriacus,0.007,0.025,-1,Echolocation,/mnt/ubna_data_02_mir/recover-20220922/UBNA_001/20220921_090000.WAV,Telephone Field,recover-20220922,001,1795
509.9295,509.9681,68437,82569,Rhinolophus ferrumequinum,0.022,0.023,-1,Echolocation,/mnt/ubna_data_02_mir/recover-20220922/UBNA_001/20220921_090000.WAV,Telephone Field,recover-20220922,001,1795
509.9445,509.9546,22890,28446,Nyctalus leisleri,0.011,0.022,-1,Echolocation,/mnt/ubna_data_02_mir/recover-20220922/UBNA_001/20220921_090000.WAV,Telephone Field,recover-20220922,001,1795
509.9505,509.9889,68437,81824,Rhinolophus ferrumequinum,0.022,0.022,-1,Echolocation,/mnt/ubna_data_02_mir/recover-20220922/UBNA_001/20220921_090000.WAV,Telephone Field,recover-20220922,001,1795
509.9785,509.9873,28046,38126,Eptesicus serotinus,0.009,0.024,-1,Echolocation,/mnt/ubna_data_02_mir/recover-20220922/UBNA_001/20220921_090000.WAV,Telephone Field,recover-20220922,001,1795
510.0015,510.0128,47812,52786,Pipistrellus pipistrellus,0.025,0.033,-1,Echolocation,/mnt/ubna_data_02_mir/recover-20220922/UBNA_001/20220921_090000.WAV,Telephone Field,recover-20220922,001,1795
510.0015,510.0108,26328,34779,Nyctalus leisleri,0.007,0.024,-1,Echolocation,/mnt/ubna_data_02_mir/recover-20220922/UBNA_001/20220921_090000.WAV,Telephone Field,recover-20220922,001,1795
510.0015,510.0165,21171,25920,Nyctalus leisleri,0.01,0.023,-1,Echolocation,/mnt/ubna_data_02_mir/recover-20220922/UBNA_001/20220921_090000.WAV,Telephone Field,recover-20220922,001,1795
510.0015,510.0348,68437,79998,Rhinolophus ferrumequinum,0.037,0.038,-1,Echolocation,/mnt/ubna_data_02_mir/recover-20220922/UBNA_001/20220921_090000.WAV,Telephone Field,recover-20220922,001,1795
510.0085,510.0476,68437,81319,Rhinolophus ferrumequinum,0.023,0.023,-1,Echolocation,/mnt/ubna_data_02_mir/recover-20220922/UBNA_001/20220921_090000.WAV,Telephone Field,recover-20220922,001,1795
510.0135,510.0245,28046,36227,Eptesicus serotinus,0.015,0.031,-1,Echolocation,/mnt/ubna_data_02_mir/recover-20220922/UBNA_001/20220921_090000.WAV,Telephone Field,recover-20220922,001,1795
510.0825,510.1252,68437,83026,Rhinolophus ferrumequinum,0.023,0.023,-1,Echolocation,/mnt/ubna_data_02_mir/recover-20220922/UBNA_001/20220921_090000.WAV,Telephone Field,recover-20220922,001,1795
510.0875,510.0994,24609,30516,Nyctalus leisleri,0.011,0.027,-1,Echolocation,/mnt/ubna_data_02_mir/recover-20220922/UBNA_001/20220921_090000.WAV,Telephone Field,recover-20220922,001,1795
510.1185,510.1266,28046,36579,Eptesicus serotinus,0.009,0.023,-1,Echolocation,/mnt/ubna_data_02_mir/recover-20220922/UBNA_001/20220921_090000.WAV,Telephone Field,recover-20220922,001,1795
510.1395,510.1494,28046,36642,Eptesicus serotinus,0.009,0.022,-1,Echolocation,/mnt/ubna_data_02_mir/recover-20220922/UBNA_001/20220921_090000.WAV,Telephone Field,recover-20220922,001,1795
510.1655,510.205,68437,81835,Rhinolophus ferrumequinum,0.021,0.021,-1,Echolocation,/mnt/ubna_data_02_mir/recover-20220922/UBNA_001/20220921_090000.WAV,Telephone Field,recover-20220922,001,1795
510.1995,510.2326,68437,80302,Rhinolophus ferrumequinum,0.022,0.022,-1,Echolocation,/mnt/ubna_data_02_mir/recover-20220922/UBNA_001/20220921_090000.WAV,Telephone Field,recover-20220922,001,1795
510.2155,510.2237,47812,51361,Pipistrellus pipistrellus,0.024,0.026,-1,Echolocation,/mnt/ubna_data_02_mir/recover-20220922/UBNA_001/20220921_090000.WAV,Telephone Field,recover-20220922,001,1795
510.2335,510.2742,68437,81871,Rhinolophus ferrumequinum,0.031,0.031,-1,Echolocation,/mnt/ubna_data_02_mir/recover-20220922/UBNA_001/20220921_090000.WAV,Telephone Field,recover-20220922,001,1795
510.2655,510.274,27187,38319,Eptesicus serotinus,0.008,0.022,-1,Echolocation,/mnt/ubna_data_02_mir/recover-20220922/UBNA_001/20220921_090000.WAV,Telephone Field,recover-20220922,001,1795
510.2785,510.3166,68437,81603,Rhinolophus ferrumequinum,0.024,0.024,-1,Echolocation,/mnt/ubna_data_02_mir/recover-20220922/UBNA_001/20220921_090000.WAV,Telephone Field,recover-20220922,001,1795
510.2885,510.3322,68437,83522,Rhinolophus ferrumequinum,0.034,0.034,-1,Echolocation,/mnt/ubna_data_02_mir/recover-20220922/UBNA_001/20220921_090000.WAV,Telephone Field,recover-20220922,001,1795
510.2925,510.2995,26328,35742,Eptesicus serotinus,0.007,0.026,-1,Echolocation,/mnt/ubna_data_02_mir/recover-20220922/UBNA_001/20220921_090000.WAV,Telephone Field,recover-20220922,001,1795
510.3265,510.3657,68437,81531,Rhinolophus ferrumequinum,0.022,0.022,-1,Echolocation,/mnt/ubna_data_02_mir/recover-20220922/UBNA_001/20220921_090000.WAV,Telephone Field,recover-20220922,001,1795
510.3535,510.3916,68437,82073,Rhinolophus ferrumequinum,0.023,0.023,-1,Echolocation,/mnt/ubna_data_02_mir/recover-20220922/UBNA_001/20220921_090000.WAV,Telephone Field,recover-20220922,001,1795
510.3535,510.3618,28046,37766,Eptesicus serotinus,0.007,0.021,-1,Echolocation,/mnt/ubna_data_02_mir/recover-20220922/UBNA_001/20220921_090000.WAV,Telephone Field,recover-20220922,001,1795
510.3945,510.4029,46093,50357,Pipistrellus pipistrellus,0.023,0.025,-1,Echolocation,/mnt/ubna_data_02_mir/recover-20220922/UBNA_001/20220921_090000.WAV,Telephone Field,recover-20220922,001,1795
510.3965,510.4312,68437,80950,Rhinolophus ferrumequinum,0.021,0.021,-1,Echolocation,/mnt/ubna_data_02_mir/recover-20220922/UBNA_001/20220921_090000.WAV,Telephone Field,recover-20220922,001,1795
510.4075,510.4181,26328,33270,Eptesicus serotinus,0.012,0.026,-1,Echolocation,/mnt/ubna_data_02_mir/recover-20220922/UBNA_001/20220921_090000.WAV,Telephone Field,recover-20220922,001,1795
510.4185,510.458,68437,82608,Rhinolophus ferrumequinum,0.022,0.022,-1,Echolocation,/mnt/ubna_data_02_mir/recover-20220922/UBNA_001/20220921_090000.WAV,Telephone Field,recover-20220922,001,1795
510.4265,510.4626,68437,81749,Rhinolophus ferrumequinum,0.024,0.025,-1,Echolocation,/mnt/ubna_data_02_mir/recover-20220922/UBNA_001/20220921_090000.WAV,Telephone Field,recover-20220922,001,1795
510.4595,510.4977,68437,82024,Rhinolophus ferrumequinum,0.021,0.021,-1,Echolocation,/mnt/ubna_data_02_mir/recover-20220922/UBNA_001/20220921_090000.WAV,Telephone Field,recover-20220922,001,1795
510.4635,510.4713,22890,31102,Plecotus austriacus,0.013,0.027,-1,Echolocation,/mnt/ubna_data_02_mir/recover-20220922/UBNA_001/20220921_090000.WAV,Telephone Field,recover-20220922,001,1795
510.4755,510.5145,68437,82136,Rhinolophus ferrumequinum,0.022,0.022,-1,Echolocation,/mnt/ubna_data_02_mir/recover-20220922/UBNA_001/20220921_090000.WAV,Telephone Field,recover-20220922,001,1795
510.5465,510.5849,68437,81826,Rhinolophus ferrumequinum,0.023,0.023,-1,Echolocation,/mnt/ubna_data_02_mir/recover-20220922/UBNA_001/20220921_090000.WAV,Telephone Field,recover-20220922,001,1795
510.5475,510.5557,28906,37982,Eptesicus serotinus,0.008,0.024,-1,Echolocation,/mnt/ubna_data_02_mir/recover-20220922/UBNA_001/20220921_090000.WAV,Telephone Field,recover-20220922,001,1795
510.5535,510.5912,68437,81859,Rhinolophus ferrumequinum,0.023,0.023,-1,Echolocation,/mnt/ubna_data_02_mir/recover-20220922/UBNA_001/20220921_090000.WAV,Telephone Field,recover-20220922,001,1795
510.5775,510.5863,26328,35138,Eptesicus serotinus,0.009,0.024,-1,Echolocation,/mnt/ubna_data_02_mir/recover-20220922/UBNA_001/20220921_090000.WAV,Telephone Field,recover-20220922,001,1795
510.5935,510.6288,68437,81759,Rhinolophus ferrumequinum,0.021,0.021,-1,Echolocation,/mnt/ubna_data_02_mir/recover-20220922/UBNA_001/20220921_090000.WAV,Telephone Field,recover-20220922,001,1795
510.6125,510.6503,68437,81651,Rhinolophus ferrumequinum,0.023,0.023,-1,Echolocation,/mnt/ubna_data_02_mir/recover-20220922/UBNA_001/20220921_090000.WAV,Telephone Field,recover-20220922,001,1795
510.6545,510.697,68437,83009,Rhinolophus ferrumequinum,0.025,0.025,-1,Echolocation,/mnt/ubna_data_02_mir/recover-20220922/UBNA_001/20220921_090000.WAV,Telephone Field,recover-20220922,001,1795
510.6595,510.6716,51250,55738,Pipistrellus pipistrellus,0.03,0.038,-1,Echolocation,/mnt/ubna_data_02_mir/recover-20220922/UBNA_001/20220921_090000.WAV,Telephone Field,recover-20220922,001,1795
510.6945,510.7328,68437,81611,Rhinolophus ferrumequinum,0.021,0.021,-1,Echolocation,/mnt/ubna_data_02_mir/recover-20220922/UBNA_001/20220921_090000.WAV,Telephone Field,recover-20220922,001,1795
510.7025,510.7452,68437,82756,Rhinolophus ferrumequinum,0.022,0.022,-1,Echolocation,/mnt/ubna_data_02_mir/recover-20220922/UBNA_001/20220921_090000.WAV,Telephone Field,recover-20220922,001,1795
510.7075,510.7476,68437,82648,Rhinolophus ferrumequinum,0.022,0.022,-1,Echolocation,/mnt/ubna_data_02_mir/recover-20220922/UBNA_001/20220921_090000.WAV,Telephone Field,recover-20220922,001,1795
510.7145,510.7515,68437,81784,Rhinolophus ferrumequinum,0.024,0.024,-1,Echolocation,/mnt/ubna_data_02_mir/recover-20220922/UBNA_001/20220921_090000.WAV,Telephone Field,recover-20220922,001,1795
510.7345,510.7424,28046,38587,Eptesicus serotinus,0.007,0.022,-1,Echolocation,/mnt/ubna_data_02_mir/recover-20220922/UBNA_001/20220921_090000.WAV,Telephone Field,recover-20220922,001,1795
510.7515,510.7578,26328,38370,Eptesicus serotinus,0.005,0.022,-1,Echolocation,/mnt/ubna_data_02_mir/recover-20220922/UBNA_001/20220921_090000.WAV,Telephone Field,recover-20220922,001,1795
510.7645,510.8036,68437,81830,Rhinolophus ferrumequinum,0.029,0.029,-1,Echolocation,/mnt/ubna_data_02_mir/recover-20220922/UBNA_001/20220921_090000.WAV,Telephone Field,recover-20220922,001,1795
510.7905,510.8307,68437,82182,Rhinolophus ferrumequinum,0.022,0.022,-1,Echolocation,/mnt/ubna_data_02_mir/recover-20220922/UBNA_001/20220921_090000.WAV,Telephone Field,recover-20220922,001,1795
510.8035,510.8126,55546,60356,Pipistrellus pygmaeus,0.022,0.022,-1,Echolocation,/mnt/ubna_data_02_mir/recover-20220922/UBNA_001/20220921_090000.WAV,Telephone Field,recover-20220922,001,1795
510.8545,510.8937,68437,81988,Rhinolophus ferrumequinum,0.027,0.027,-1,Echolocation,/mnt/ubna_data_02_mir/recover-20220922/UBNA_001/20220921_090000.WAV,Telephone Field,recover-20220922,001,1795
510.8615,510.8719,32343,41970,Myotis daubentonii,0.006,0.023,-1,Echolocation,/mnt/ubna_data_02_mir/recover-20220922/UBNA_001/20220921_090000.WAV,Telephone Field,recover-20220922,001,1795
510.8755,510.8827,28046,39372,Eptesicus serotinus,0.007,0.024,-1,Echolocation,/mnt/ubna_data_02_mir/recover-20220922/UBNA_001/20220921_090000.WAV,Telephone Field,recover-20220922,001,1795
510.8845,510.9232,68437,81770,Rhinolophus ferrumequinum,0.023,0.023,-1,Echolocation,/mnt/ubna_data_02_mir/recover-20220922/UBNA_001/20220921_090000.WAV,Telephone Field,recover-20220922,001,1795
510.9495,510.9888,68437,82386,Rhinolophus ferrumequinum,0.024,0.024,-1,Echolocation,/mnt/ubna_data_02_mir/recover-20220922/UBNA_001/20220921_090000.WAV,Telephone Field,recover-20220922,001,1795
510.9565,510.9943,68437,81890,Rhinolophus ferrumequinum,0.021,0.021,-1,Echolocation,/mnt/ubna_data_02_mir/recover-20220922/UBNA_001/20220921_090000.WAV,Telephone Field,recover-20220922,001,1795
510.9625,511.0008,68437,82045,Rhinolophus ferrumequinum,0.021,0.021,-1,Echolocation,/mnt/ubna_data_02_mir/recover-20220922/UBNA_001/20220921_090000.WAV,Telephone Field,recover-20220922,001,1795
511.0185,511.0587,68437,82115,Rhinolophus ferrumequinum,0.021,0.021,-1,Echolocation,/mnt/ubna_data_02_mir/recover-20220922/UBNA_001/20220921_090000.WAV,Telephone Field,recover-20220922,001,1795
511.0325,511.0403,27187,40395,Eptesicus serotinus,0.006,0.021,-1,Echolocation,/mnt/ubna_data_02_mir/recover-20220922/UBNA_001/20220921_090000.WAV,Telephone Field,recover-20220922,001,1795
511.1095,511.1146,28046,45599,Plecotus auritus,0.014,0.053,-1,Echolocation,/mnt/ubna_data_02_mir/recover-20220922/UBNA_001/20220921_090000.WAV,Telephone Field,recover-20220922,001,1795
511.1125,511.1496,68437,81789,Rhinolophus ferrumequinum,0.023,0.023,-1,Echolocation,/mnt/ubna_data_02_mir/recover-20220922/UBNA_001/20220921_090000.WAV,Telephone Field,recover-20220922,001,1795
511.1375,511.1795,68437,82410,Rhinolophus ferrumequinum,0.024,0.024,-1,Echolocation,/mnt/ubna_data_02_mir/recover-20220922/UBNA_001/20220921_090000.WAV,Telephone Field,recover-20220922,001,1795
511.1425,511.1519,28046,36739,Eptesicus serotinus,0.009,0.023,-1,Echolocation,/mnt/ubna_data_02_mir/recover-20220922/UBNA_001/20220921_090000.WAV,Telephone Field,recover-20220922,001,1795
511.1745,511.1841,28906,36963,Eptesicus serotinus,0.007,0.023,-1,Echolocation,/mnt/ubna_data_02_mir/recover-20220922/UBNA_001/20220921_090000.WAV,Telephone Field,recover-20220922,001,1795
511.1835,511.1915,26328,37723,Eptesicus serotinus,0.007,0.024,-1,Echolocation,/mnt/ubna_data_02_mir/recover-20220922/UBNA_001/20220921_090000.WAV,Telephone Field,recover-20220922,001,1795
511.1845,511.1917,31484,42432,Myotis daubentonii,0.009,0.022,-1,Echolocation,/mnt/ubna_data_02_mir/recover-20220922/UBNA_001/20220921_090000.WAV,Telephone Field,recover-20220922,001,1795
511.1965,511.2394,68437,82988,Rhinolophus ferrumequinum,0.023,0.023,-1,Echolocation,/mnt/ubna_data_02_mir/recover-20220922/UBNA_001/20220921_090000.WAV,Telephone Field,recover-20220922,001,1795
511.2285,511.2369,26328,34909,Eptesicus serotinus,0.01,0.025,-1,Echolocation,/mnt/ubna_data_02_mir/recover-20220922/UBNA_001/20220921_090000.WAV,Telephone Field,recover-20220922,001,1795
511.2875,511.3284,68437,82376,Rhinolophus ferrumequinum,0.033,0.033,-1,Echolocation,/mnt/ubna_data_02_mir/recover-20220922/UBNA_001/20220921_090000.WAV,Telephone Field,recover-20220922,001,1795
511.2995,511.3074,28046,40366,Eptesicus serotinus,0.007,0.022,-1,Echolocation,/mnt/ubna_data_02_mir/recover-20220922/UBNA_001/20220921_090000.WAV,Telephone Field,recover-20220922,001,1795
511.3825,511.4243,68437,82938,Rhinolophus ferrumequinum,0.026,0.026,-1,Echolocation,/mnt/ubna_data_02_mir/recover-20220922/UBNA_001/20220921_090000.WAV,Telephone Field,recover-20220922,001,1795
511.4115,511.4225,23750,28696,Nyctalus leisleri,0.011,0.024,-1,Echolocation,/mnt/ubna_data_02_mir/recover-20220922/UBNA_001/20220921_090000.WAV,Telephone Field,recover-20220922,001,1795
511.4375,511.4705,68437,80742,Rhinolophus ferrumequinum,0.023,0.023,-1,Echolocation,/mnt/ubna_data_02_mir/recover-20220922/UBNA_001/20220921_090000.WAV,Telephone Field,recover-20220922,001,1795
511.4445,511.4523,48671,53429,Pipistrellus pipistrellus,0.026,0.029,-1,Echolocation,/mnt/ubna_data_02_mir/recover-20220922/UBNA_001/20220921_090000.WAV,Telephone Field,recover-20220922,001,1795
511.4505,511.4874,68437,81880,Rhinolophus ferrumequinum,0.024,0.024,-1,Echolocation,/mnt/ubna_data_02_mir/recover-20220922/UBNA_001/20220921_090000.WAV,Telephone Field,recover-20220922,001,1795
511.4585,511.4657,27187,38678,Eptesicus serotinus,0.006,0.023,-1,Echolocation,/mnt/ubna_data_02_mir/recover-20220922/UBNA_001/20220921_090000.WAV,Telephone Field,recover-20220922,001,1795
511.4675,511.4854,19453,22747,Nyctalus leisleri,0.01,0.022,-1,Echolocation,/mnt/ubna_data_02_mir/recover-20220922/UBNA_001/20220921_090000.WAV,Telephone Field,recover-20220922,001,1795
511.4715,511.5099,68437,81590,Rhinolophus ferrumequinum,0.021,0.021,-1,Echolocation,/mnt/ubna_data_02_mir/recover-20220922/UBNA_001/20220921_090000.WAV,Telephone Field,recover-20220922,001,1795
511.4785,511.4888,23750,29900,Nyctalus leisleri,0.009,0.021,-1,Echolocation,/mnt/ubna_data_02_mir/recover-20220922/UBNA_001/20220921_090000.WAV,Telephone Field,recover-20220922,001,1795
511.4935,511.5307,68437,81988,Rhinolophus ferrumequinum,0.021,0.021,-1,Echolocation,/mnt/ubna_data_02_mir/recover-20220922/UBNA_001/20220921_090000.WAV,Telephone Field,recover-20220922,001,1795
511.5185,511.5603,68437,82203,Rhinolophus ferrumequinum,0.023,0.023,-1,Echolocation,/mnt/ubna_data_02_mir/recover-20220922/UBNA_001/20220921_090000.WAV,Telephone Field,recover-20220922,001,1795
511.5205,511.533,56406,62214,Pipistrellus pygmaeus,0.024,0.025,-1,Echolocation,/mnt/ubna_data_02_mir/recover-20220922/UBNA_001/20220921_090000.WAV,Telephone Field,recover-20220922,001,1795
511.5395,511.5788,68437,82493,Rhinolophus ferrumequinum,0.025,0.025,-1,Echolocation,/mnt/ubna_data_02_mir/recover-20220922/UBNA_001/20220921_090000.WAV,Telephone Field,recover-20220922,001,1795
511.5725,511.5816,28046,36456,Eptesicus serotinus,0.008,0.023,-1,Echolocation,/mnt/ubna_data_02_mir/recover-20220922/UBNA_001/20220921_090000.WAV,Telephone Field,recover-20220922,001,1795
511.5865,511.6269,68437,82736,Rhinolophus ferrumequinum,0.025,0.025,-1,Echolocation,/mnt/ubna_data_02_mir/recover-20220922/UBNA_001/20220921_090000.WAV,Telephone Field,recover-20220922,001,1795
511.6025,511.6429,68437,82073,Rhinolophus ferrumequinum,0.021,0.021,-1,Echolocation,/mnt/ubna_data_02_mir/recover-20220922/UBNA_001/20220921_090000.WAV,Telephone Field,recover-20220922,001,1795
511.6155,511.6217,46953,51452,Pipistrellus pipistrellus,0.02,0.021,-1,Echolocation,/mnt/ubna_data_02_mir/recover-20220922/UBNA_001/20220921_090000.WAV,Telephone Field,recover-20220922,001,1795
511.6265,511.6369,29765,37946,Eptesicus serotinus,0.01,0.027,-1,Echolocation,/mnt/ubna_data_02_mir/recover-20220922/UBNA_001/20220921_090000.WAV,Telephone Field,recover-20220922,001,1795
511.6445,511.6538,28046,37629,Eptesicus serotinus,0.009,0.023,-1,Echolocation,/mnt/ubna_data_02_mir/recover-20220922/UBNA_001/20220921_090000.WAV,Telephone Field,recover-20220922,001,1795
511.6615,511.67,25468,35836,Eptesicus serotinus,0.006,0.022,-1,Echolocation,/mnt/ubna_data_02_mir/recover-20220922/UBNA_001/20220921_090000.WAV,Telephone Field,recover-20220922,001,1795
511.6875,511.696,23750,30973,Nyctalus leisleri,0.006,0.021,-1,Echolocation,/mnt/ubna_data_02_mir/recover-20220922/UBNA_001/20220921_090000.WAV,Telephone Field,recover-20220922,001,1795
511.7165,511.7563,68437,82376,Rhinolophus ferrumequinum,0.028,0.028,-1,Echolocation,/mnt/ubna_data_02_mir/recover-20220922/UBNA_001/20220921_090000.WAV,Telephone Field,recover-20220922,001,1795
511.7215,511.7647,68437,82906,Rhinolophus ferrumequinum,0.027,0.027,-1,Echolocation,/mnt/ubna_data_02_mir/recover-20220922/UBNA_001/20220921_090000.WAV,Telephone Field,recover-20220922,001,1795
511.7945,511.8327,68437,82220,Rhinolophus ferrumequinum,0.022,0.022,-1,Echolocation,/mnt/ubna_data_02_mir/recover-20220922/UBNA_001/20220921_090000.WAV,Telephone Field,recover-20220922,001,1795
511.7955,511.8052,24609,32339,Nyctalus leisleri,0.007,0.022,-1,Echolocation,/mnt/ubna_data_02_mir/recover-20220922/UBNA_001/20220921_090000.WAV,Telephone Field,recover-20220922,001,1795
511.8035,511.8434,68437,81784,Rhinolophus ferrumequinum,0.021,0.021,-1,Echolocation,/mnt/ubna_data_02_mir/recover-20220922/UBNA_001/20220921_090000.WAV,Telephone Field,recover-20220922,001,1795
511.8105,511.8496,68437,82509,Rhinolophus ferrumequinum,0.022,0.022,-1,Echolocation,/mnt/ubna_data_02_mir/recover-20220922/UBNA_001/20220921_090000.WAV,Telephone Field,recover-20220922,001,1795
511.8285,511.8353,24609,33765,Plecotus austriacus,0.008,0.023,-1,Echolocation,/mnt/ubna_data_02_mir/recover-20220922/UBNA_001/20220921_090000.WAV,Telephone Field,recover-20220922,001,1795
511.8285,511.8369,28906,36555,Eptesicus serotinus,0.008,0.022,-1,Echolocation,/mnt/ubna_data_02_mir/recover-20220922/UBNA_001/20220921_090000.WAV,Telephone Field,recover-20220922,001,1795
511.8385,511.8481,28046,35664,Eptesicus serotinus,0.012,0.026,-1,Echolocation,/mnt/ubna_data_02_mir/recover-20220922/UBNA_001/20220921_090000.WAV,Telephone Field,recover-20220922,001,1795
511.8715,511.9092,68437,82523,Rhinolophus ferrumequinum,0.022,0.022,-1,Echolocation,/mnt/ubna_data_02_mir/recover-20220922/UBNA_001/20220921_090000.WAV,Telephone Field,recover-20220922,001,1795
511.8955,511.9315,68437,81636,Rhinolophus ferrumequinum,0.021,0.021,-1,Echolocation,/mnt/ubna_data_02_mir/recover-20220922/UBNA_001/20220921_090000.WAV,Telephone Field,recover-20220922,001,1795
511.9095,511.9193,28906,36553,Eptesicus serotinus,0.01,0.024,-1,Echolocation,/mnt/ubna_data_02_mir/recover-20220922/UBNA_001/20220921_090000.WAV,Telephone Field,recover-20220922,001,1795
511.9195,511.9567,68437,81714,Rhinolophus ferrumequinum,0.022,0.022,-1,Echolocation,/mnt/ubna_data_02_mir/recover-20220922/UBNA_001/20220921_090000.WAV,Telephone Field,recover-20220922,001,1795
511.9545,511.963,28046,37987,Eptesicus serotinus,0.008,0.023,-1,Echolocation,/mnt/ubna_data_02_mir/recover-20220922/UBNA_001/20220921_090000.WAV,Telephone Field,recover-20220922,001,1795
512.0015,512.0102,22890,28713,Nyctalus leisleri,0.008,0.023,-1,Echolocation,/mnt/ubna_data_02_mir/recover-20220922/UBNA_001/20220921_090000.WAV,Telephone Field,recover-20220922,001,1795
512.0015,512.0096,39218,53639,Myotis daubentonii,0.007,0.023,-1,Echolocation,/mnt/ubna_data_02_mir/recover-20220922/UBNA_001/20220921_090000.WAV,Telephone Field,recover-20220922,001,1795
512.0015,512.0329,69296,81390,Rhinolophus ferrumequinum,0.022,0.023,-1,Echolocation,/mnt/ubna_data_02_mir/recover-20220922/UBNA_001/20220921_090000.WAV,Telephone Field,recover-20220922,001,1795
512.0405,512.0599,16015,19323,Nyctalus noctula,0.041,0.06,-1,Echolocation,/mnt/ubna_data_02_mir/recover-20220922/UBNA_001/20220921_090000.WAV,Telephone Field,recover-20220922,001,1795
512.0625,512.1049,68437,83247,Rhinolophus ferrumequinum,0.023,0.023,-1,Echolocation,/mnt/ubna_data_02_mir/recover-20220922/UBNA_001/20220921_090000.WAV,Telephone Field,recover-20220922,001,1795
512.0845,512.0923,46093,56276,Pipistrellus pipistrellus,0.018,0.024,-1,Echolocation,/mnt/ubna_data_02_mir/recover-20220922/UBNA_001/20220921_090000.WAV,Telephone Field,recover-20220922,001,1795
512.1045,512.1149,22890,29054,Nyctalus leisleri,0.01,0.024,-1,Echolocation,/mnt/ubna_data_02_mir/recover-20220922/UBNA_001/20220921_090000.WAV,Telephone Field,recover-20220922,001,1795
512.1115,512.1469,68437,81436,Rhinolophus ferrumequinum,0.021,0.021,-1,Echolocation,/mnt/ubna_data_02_mir/recover-20220922/UBNA_001/20220921_090000.WAV,Telephone Field,recover-20220922,001,1795
512.1285,512.1671,68437,82237,Rhinolophus ferrumequinum,0.022,0.022,-1,Echolocation,/mnt/ubna_data_02_mir/recover-20220922/UBNA_001/20220921_090000.WAV,Telephone Field,recover-20220922,001,1795
512.1915,512.2302,68437,82110,Rhinolophus ferrumequinum,0.021,0.021,-1,Echolocation,/mnt/ubna_data_02_mir/recover-20220922/UBNA_001/20220921_090000.WAV,Telephone Field,recover-20220922,001,1795
512.2155,512.254,68437,82396,Rhinolophus ferrumequinum,0.024,0.024,-1,Echolocation,/mnt/ubna_data_02_mir/recover-20220922/UBNA_001/20220921_090000.WAV,Telephone Field,recover-20220922,001,1795
512.2545,512.2935,68437,81705,Rhinolophus ferrumequinum,0.021,0.021,-1,Echolocation,/mnt/ubna_data_02_mir/recover-20220922/UBNA_001/20220921_090000.WAV,Telephone Field,recover-20220922,001,1795
512.2605,512.271,26328,33186,Eptesicus serotinus,0.011,0.025,-1,Echolocation,/mnt/ubna_data_02_mir/recover-20220922/UBNA_001/20220921_090000.WAV,Telephone Field,recover-20220922,001,1795
512.2975,512.3374,68437,81706,Rhinolophus ferrumequinum,0.021,0.021,-1,Echolocation,/mnt/ubna_data_02_mir/recover-20220922/UBNA_001/20220921_090000.WAV,Telephone Field,recover-20220922,001,1795
512.3215,512.3316,22890,29670,Nyctalus leisleri,0.009,0.026,-1,Echolocation,/mnt/ubna_data_02_mir/recover-20220922/UBNA_001/20220921_090000.WAV,Telephone Field,recover-20220922,001,1795
512.3365,512.3475,22890,28081,Nyctalus leisleri,0.01,0.023,-1,Echolocation,/mnt/ubna_data_02_mir/recover-20220922/UBNA_001/20220921_090000.WAV,Telephone Field,recover-20220922,001,1795
512.3515,512.3591,28046,39713,Eptesicus serotinus,0.007,0.021,-1,Echolocation,/mnt/ubna_data_02_mir/recover-20220922/UBNA_001/20220921_090000.WAV,Telephone Field,recover-20220922,001,1795
512.3725,512.3844,22031,26144,Nyctalus leisleri,0.015,0.026,-1,Echolocation,/mnt/ubna_data_02_mir/recover-20220922/UBNA_001/20220921_090000.WAV,Telephone Field,recover-20220922,001,1795
512.3885,512.3968,28046,37373,Eptesicus serotinus,0.007,0.021,-1,Echolocation,/mnt/ubna_data_02_mir/recover-20220922/UBNA_001/20220921_090000.WAV,Telephone Field,recover-20220922,001,1795
512.3895,512.4307,68437,83230,Rhinolophus ferrumequinum,0.025,0.025,-1,Echolocation,/mnt/ubna_data_02_mir/recover-20220922/UBNA_001/20220921_090000.WAV,Telephone Field,recover-20220922,001,1795
512.5035,512.5136,28046,36532,Eptesicus serotinus,0.011,0.023,-1,Echolocation,/mnt/ubna_data_02_mir/recover-20220922/UBNA_001/20220921_090000.WAV,Telephone Field,recover-20220922,001,1795
512.5125,512.548,68437,81442,Rhinolophus ferrumequinum,0.022,0.022,-1,Echolocation,/mnt/ubna_data_02_mir/recover-20220922/UBNA_001/20220921_090000.WAV,Telephone Field,recover-20220922,001,1795
512.5205,512.5291,28046,37778,Eptesicus serotinus,0.008,0.021,-1,Echolocation,/mnt/ubna_data_02_mir/recover-20220922/UBNA_001/20220921_090000.WAV,Telephone Field,recover-20220922,001,1795
512.5505,512.5577,24609,33615,Plecotus austriacus,0.008,0.023,-1,Echolocation,/mnt/ubna_data_02_mir/recover-20220922/UBNA_001/20220921_090000.WAV,Telephone Field,recover-20220922,001,1795
512.5725,512.6114,68437,82392,Rhinolophus ferrumequinum,0.021,0.021,-1,Echolocation,/mnt/ubna_data_02_mir/recover-20220922/UBNA_001/20220921_090000.WAV,Telephone Field,recover-20220922,001,1795
512.5745,512.5837,22890,29308,Nyctalus leisleri,0.008,0.022,-1,Echolocation,/mnt/ubna_data_02_mir/recover-20220922/UBNA_001/20220921_090000.WAV,Telephone Field,recover-20220922,001,1795
512.6385,512.6706,68437,80853,Rhinolophus ferrumequinum,0.021,0.021,-1,Echolocation,/mnt/ubna_data_02_mir/recover-20220922/UBNA_001/20220921_090000.WAV,Telephone Field,recover-20220922,001,1795
512.6605,512.6969,68437,81351,Rhinolophus ferrumequinum,0.021,0.021,-1,Echolocation,/mnt/ubna_data_02_mir/recover-20220922/UBNA_001/20220921_090000.WAV,Telephone Field,recover-20220922,001,1795
512.6635,512.676,29765,36097,Eptesicus serotinus,0.044,0.076,-1,Echolocation,/mnt/ubna_data_02_mir/recover-20220922/UBNA_001/20220921_090000.WAV,Telephone Field,recover-20220922,001,1795
512.6725,512.6829,22031,26520,Nyctalus leisleri,0.011,0.022,-1,Echolocation,/mnt/ubna_data_02_mir/recover-20220922/UBNA_001/20220921_090000.WAV,Telephone Field,recover-20220922,001,1795
512.6895,512.7298,68437,82832,Rhinolophus ferrumequinum,0.027,0.027,-1,Echolocation,/mnt/ubna_data_02_mir/recover-20220922/UBNA_001/20220921_090000.WAV,Telephone Field,recover-20220922,001,1795
512.6905,512.6992,28046,36823,Eptesicus serotinus,0.009,0.024,-1,Echolocation,/mnt/ubna_data_02_mir/recover-20220922/UBNA_001/20220921_090000.WAV,Telephone Field,recover-20220922,001,1795
512.7115,512.7482,68437,81562,Rhinolophus ferrumequinum,0.023,0.023,-1,Echolocation,/mnt/ubna_data_02_mir/recover-20220922/UBNA_001/20220921_090000.WAV,Telephone Field,recover-20220922,001,1795
512.7485,512.7864,68437,81631,Rhinolophus ferrumequinum,0.023,0.023,-1,Echolocation,/mnt/ubna_data_02_mir/recover-20220922/UBNA_001/20220921_090000.WAV,Telephone Field,recover-20220922,001,1795
512.7635,512.7733,23750,30834,Nyctalus leisleri,0.008,0.022,-1,Echolocation,/mnt/ubna_data_02_mir/recover-20220922/UBNA_001/20220921_090000.WAV,Telephone Field,recover-20220922,001,1795
512.7875,512.8252,68437,82154,Rhinolophus ferrumequinum,0.024,0.024,-1,Echolocation,/mnt/ubna_data_02_mir/recover-20220922/UBNA_001/20220921_090000.WAV,Telephone Field,recover-20220922,001,1795
512.8015,512.8389,68437,82109,Rhinolophus ferrumequinum,0.022,0.022,-1,Echolocation,/mnt/ubna_data_02_mir/recover-20220922/UBNA_001/20220921_090000.WAV,Telephone Field,recover-20220922,001,1795
512.8895,512.9305,68437,82994,Rhinolophus ferrumequinum,0.032,0.032,-1,Echolocation,/mnt/ubna_data_02_mir/recover-20220922/UBNA_001/20220921_090000.WAV,Telephone Field,recover-20220922,001,1795
512.9705,513.0093,68437,81390,Rhinolophus ferrumequinum,0.035,0.035,-1,Echolocation,/mnt/ubna_data_02_mir/recover-20220922/UBNA_001/20220921_090000.WAV,Telephone Field,recover-20220922,001,1795
512.9925,513.0352,68437,83419,Rhinolophus ferrumequinum,0.031,0.031,-1,Echolocation,/mnt/ubna_data_02_mir/recover-20220922/UBNA_001/20220921_090000.WAV,Telephone Field,recover-20220922,001,1795
512.9955,513.0052,28046,36737,Eptesicus serotinus,0.01,0.023,-1,Echolocation,/mnt/ubna_data_02_mir/recover-20220922/UBNA_001/20220921_090000.WAV,Telephone Field,recover-20220922,001,1795
513.0205,513.0288,25468,34012,Eptesicus serotinus,0.008,0.021,-1,Echolocation,/mnt/ubna_data_02_mir/recover-20220922/UBNA_001/20220921_090000.WAV,Telephone Field,recover-20220922,001,1795
513.0215,513.0609,68437,81987,Rhinolophus ferrumequinum,0.024,0.024,-1,Echolocation,/mnt/ubna_data_02_mir/recover-20220922/UBNA_001/20220921_090000.WAV,Telephone Field,recover-20220922,001,1795
513.0775,513.1136,68437,81738,Rhinolophus ferrumequinum,0.022,0.022,-1,Echolocation,/mnt/ubna_data_02_mir/recover-20220922/UBNA_001/20220921_090000.WAV,Telephone Field,recover-20220922,001,1795
513.0905,513.1272,68437,81691,Rhinolophus ferrumequinum,0.021,0.021,-1,Echolocation,/mnt/ubna_data_02_mir/recover-20220922/UBNA_001/20220921_090000.WAV,Telephone Field,recover-20220922,001,1795
513.1425,513.1801,68437,80799,Rhinolophus ferrumequinum,0.021,0.021,-1,Echolocation,/mnt/ubna_data_02_mir/recover-20220922/UBNA_001/20220921_090000.WAV,Telephone Field,recover-20220922,001,1795
513.1485,513.188,68437,81404,Rhinolophus ferrumequinum,0.021,0.021,-1,Echolocation,/mnt/ubna_data_02_mir/recover-20220922/UBNA_001/20220921_090000.WAV,Telephone Field,recover-20220922,001,1795
513.1675,513.2055,68437,82308,Rhinolophus ferrumequinum,0.023,0.023,-1,Echolocation,/mnt/ubna_data_02_mir/recover-20220922/UBNA_001/20220921_090000.WAV,Telephone Field,recover-20220922,001,1795
513.1835,513.2223,68437,82109,Rhinolophus ferrumequinum,0.023,0.023,-1,Echolocation,/mnt/ubna_data_02_mir/recover-20220922/UBNA_001/20220921_090000.WAV,Telephone Field,recover-20220922,001,1795
513.1875,513.194,26328,40434,Eptesicus serotinus,0.006,0.024,-1,Echolocation,/mnt/ubna_data_02_mir/recover-20220922/UBNA_001/20220921_090000.WAV,Telephone Field,recover-20220922,001,1795
513.2035,513.2459,68437,83169,Rhinolophus ferrumequinum,0.024,0.024,-1,Echolocation,/mnt/ubna_data_02_mir/recover-20220922/UBNA_001/20220921_090000.WAV,Telephone Field,recover-20220922,001,1795
513.2705,513.3107,68437,82416,Rhinolophus ferrumequinum,0.022,0.022,-1,Echolocation,/mnt/ubna_data_02_mir/recover-20220922/UBNA_001/20220921_090000.WAV,Telephone Field,recover-20220922,001,1795
513.2735,513.2847,45234,49744,Pipistrellus pipistrellus,0.032,0.037,-1,Echolocation,/mnt/ubna_data_02_mir/recover-20220922/UBNA_001/20220921_090000.WAV,Telephone Field,recover-20220922,001,1795
513.2785,513.2866,23750,32257,Plecotus austriacus,0.01,0.026,-1,Echolocation,/mnt/ubna_data_02_mir/recover-20220922/UBNA_001/20220921_090000.WAV,Telephone Field,recover-20220922,001,1795
513.2955,513.3171,19453,22563,Nyctalus noctula,0.022,0.041,-1,Echolocation,/mnt/ubna_data_02_mir/recover-20220922/UBNA_001/20220921_090000.WAV,Telephone Field,recover-20220922,001,1795
513.3125,513.3507,68437,82236,Rhinolophus ferrumequinum,0.022,0.022,-1,Echolocation,/mnt/ubna_data_02_mir/recover-20220922/UBNA_001/20220921_090000.WAV,Telephone Field,recover-20220922,001,1795
513.3395,513.3797,68437,81709,Rhinolophus ferrumequinum,0.021,0.021,-1,Echolocation,/mnt/ubna_data_02_mir/recover-20220922/UBNA_001/20220921_090000.WAV,Telephone Field,recover-20220922,001,1795
513.3565,513.366,28906,36850,Eptesicus serotinus,0.009,0.021,-1,Echolocation,/mnt/ubna_data_02_mir/recover-20220922/UBNA_001/20220921_090000.WAV,Telephone Field,recover-20220922,001,1795
513.3755,513.4134,68437,82130,Rhinolophus ferrumequinum,0.021,0.021,-1,Echolocation,/mnt/ubna_data_02_mir/recover-20220922/UBNA_001/20220921_090000.WAV,Telephone Field,recover-20220922,001,1795
513.3905,513.4266,68437,81690,Rhinolophus ferrumequinum,0.024,0.024,-1,Echolocation,/mnt/ubna_data_02_mir/recover-20220922/UBNA_001/20220921_090000.WAV,Telephone Field,recover-20220922,001,1795
513.3995,513.4091,28906,37522,Eptesicus serotinus,0.01,0.025,-1,Echolocation,/mnt/ubna_data_02_mir/recover-20220922/UBNA_001/20220921_090000.WAV,Telephone Field,recover-20220922,001,1795
513.4085,513.4469,68437,82233,Rhinolophus ferrumequinum,0.022,0.022,-1,Echolocation,/mnt/ubna_data_02_mir/recover-20220922/UBNA_001/20220921_090000.WAV,Telephone Field,recover-20220922,001,1795
513.4395,513.4513,23750,29917,Nyctalus leisleri,0.01,0.024,-1,Echolocation,/mnt/ubna_data_02_mir/recover-20220922/UBNA_001/20220921_090000.WAV,Telephone Field,recover-20220922,001,1795
513.4465,513.4583,23750,29141,Nyctalus leisleri,0.012,0.025,-1,Echolocation,/mnt/ubna_data_02_mir/recover-20220922/UBNA_001/20220921_090000.WAV,Telephone Field,recover-20220922,001,1795
513.4755,513.4833,28046,41775,Eptesicus serotinus,0.007,0.021,-1,Echolocation,/mnt/ubna_data_02_mir/recover-20220922/UBNA_001/20220921_090000.WAV,Telephone Field,recover-20220922,001,1795
513.4945,513.5322,68437,80986,Rhinolophus ferrumequinum,0.035,0.035,-1,Echolocation,/mnt/ubna_data_02_mir/recover-20220922/UBNA_001/20220921_090000.WAV,Telephone Field,recover-20220922,001,1795
513.5345,513.5415,23750,32222,Plecotus austriacus,0.01,0.024,-1,Echolocation,/mnt/ubna_data_02_mir/recover-20220922/UBNA_001/20220921_090000.WAV,Telephone Field,recover-20220922,001,1795
513.5465,513.5864,68437,82041,Rhinolophus ferrumequinum,0.023,0.023,-1,Echolocation,/mnt/ubna_data_02_mir/recover-20220922/UBNA_001/20220921_090000.WAV,Telephone Field,recover-20220922,001,1795
513.5955,513.6053,28046,36461,Eptesicus serotinus,0.01,0.023,-1,Echolocation,/mnt/ubna_data_02_mir/recover-20220922/UBNA_001/20220921_090000.WAV,Telephone Field,recover-20220922,001,1795
513.6105,513.6503,68437,82956,Rhinolophus ferrumequinum,0.029,0.029,-1,Echolocation,/mnt/ubna_data_02_mir/recover-20220922/UBNA_001/20220921_090000.WAV,Telephone Field,recover-20220922,001,1795
513.6235,513.6322,51250,55442,Pipistrellus pipistrellus,0.026,0.031,-1,Echolocation,/mnt/ubna_data_02_mir/recover-20220922/UBNA_001/20220921_090000.WAV,Telephone Field,recover-20220922,001,1795
513.6255,513.6684,68437,83260,Rhinolophus ferrumequinum,0.031,0.031,-1,Echolocation,/mnt/ubna_data_02_mir/recover-20220922/UBNA_001/20220921_090000.WAV,Telephone Field,recover-20220922,001,1795
513.6335,513.6743,68437,82979,Rhinolophus ferrumequinum,0.032,0.032,-1,Echolocation,/mnt/ubna_data_02_mir/recover-20220922/UBNA_001/20220921_090000.WAV,Telephone Field,recover-20220922,001,1795
513.6425,513.6841,68437,83047,Rhinolophus ferrumequinum,0.023,0.023,-1,Echolocation,/mnt/ubna_data_02_mir/recover-20220922/UBNA_001/20220921_090000.WAV,Telephone Field,recover-20220922,001,1795
513.7345,513.775,68437,82228,Rhinolophus ferrumequinum,0.024,0.024,-1,Echolocation,/mnt/ubna_data_02_mir/recover-20220922/UBNA_001/20220921_090000.WAV,Telephone Field,recover-20220922,001,1795
513.7425,513.7841,68437,82775,Rhinolophus ferrumequinum,0.025,0.025,-1,Echolocation,/mnt/ubna_data_02_mir/recover-20220922/UBNA_001/20220921_090000.WAV,Telephone Field,recover-20220922,001,1795
513.7955,513.8072,22031,26783,Nyctalus leisleri,0.016,0.032,-1,Echolocation,/mnt/ubna_data_02_mir/recover-20220922/UBNA_001/20220921_090000.WAV,Telephone Field,recover-20220922,001,1795
513.8025,513.8409,68437,82528,Rhinolophus ferrumequinum,0.025,0.025,-1,Echolocation,/mnt/ubna_data_02_mir/recover-20220922/UBNA_001/20220921_090000.WAV,Telephone Field,recover-20220922,001,1795
513.8195,513.859,68437,82367,Rhinolophus ferrumequinum,0.024,0.024,-1,Echolocation,/mnt/ubna_data_02_mir/recover-20220922/UBNA_001/20220921_090000.WAV,Telephone Field,recover-20220922,001,1795
513.8225,513.8293,34062,41009,Myotis daubentonii,0.009,0.025,-1,Echolocation,/mnt/ubna_data_02_mir/recover-20220922/UBNA_001/20220921_090000.WAV,Telephone Field,recover-20220922,001,1795
513.8235,513.8311,26328,37326,Eptesicus serotinus,0.011,0.035,-1,Echolocation,/mnt/ubna_data_02_mir/recover-20220922/UBNA_001/20220921_090000.WAV,Telephone Field,recover-20220922,001,1795
513.8415,513.8516,23750,29116,Nyctalus leisleri,0.009,0.021,-1,Echolocation,/mnt/ubna_data_02_mir/recover-20220922/UBNA_001/20220921_090000.WAV,Telephone Field,recover-20220922,001,1795
513.8925,513.9293,68437,81144,Rhinolophus ferrumequinum,0.021,0.021,-1,Echolocation,/mnt/ubna_data_02_mir/recover-20220922/UBNA_001/20220921_090000.WAV,Telephone Field,recover-20220922,001,1795
513.9695,513.9807,28906,35697,Eptesicus serotinus,0.01,0.023,-1,Echolocation,/mnt/ubna_data_02_mir/recover-20220922/UBNA_001/20220921_090000.WAV,Telephone Field,recover-20220922,001,1795
513.9835,513.992,28906,36786,Eptesicus serotinus,0.007,0.021,-1,Echolocation,/mnt/ubna_data_02_mir/recover-20220922/UBNA_001/20220921_090000.WAV,Telephone Field,recover-20220922,001,1795
514.0015,514.0342,68437,80170,Rhinolophus ferrumequinum,0.027,0.027,-1,Echolocation,/mnt/ubna_data_02_mir/recover-20220922/UBNA_001/20220921_090000.WAV,Telephone Field,recover-20220922,001,1795
514.0015,514.0131,27187,34393,Nyctalus leisleri,0.015,0.04,-1,Echolocation,/mnt/ubna_data_02_mir/recover-20220922/UBNA_001/20220921_090000.WAV,Telephone Field,recover-20220922,001,1795
514.0135,514.0523,68437,81155,Rhinolophus ferrumequinum,0.022,0.022,-1,Echolocation,/mnt/ubna_data_02_mir/recover-20220922/UBNA_001/20220921_090000.WAV,Telephone Field,recover-20220922,001,1795
514.0275,514.0673,68437,82702,Rhinolophus ferrumequinum,0.023,0.023,-1,Echolocation,/mnt/ubna_data_02_mir/recover-20220922/UBNA_001/20220921_090000.WAV,Telephone Field,recover-20220922,001,1795
514.0315,514.0417,23750,29908,Nyctalus leisleri,0.009,0.022,-1,Echolocation,/mnt/ubna_data_02_mir/recover-20220922/UBNA_001/20220921_090000.WAV,Telephone Field,recover-20220922,001,1795
514.0375,514.0768,68437,82367,Rhinolophus ferrumequinum,0.024,0.024,-1,Echolocation,/mnt/ubna_data_02_mir/recover-20220922/UBNA_001/20220921_090000.WAV,Telephone Field,recover-20220922,001,1795
514.0465,514.0859,68437,82550,Rhinolophus ferrumequinum,0.029,0.029,-1,Echolocation,/mnt/ubna_data_02_mir/recover-20220922/UBNA_001/20220921_090000.WAV,Telephone Field,recover-20220922,001,1795
514.0565,514.0676,28046,33841,Eptesicus serotinus,0.015,0.03,-1,Echolocation,/mnt/ubna_data_02_mir/recover-20220922/UBNA_001/20220921_090000.WAV,Telephone Field,recover-20220922,001,1795
514.0795,514.0926,22890,27041,Nyctalus leisleri,0.014,0.023,-1,Echolocation,/mnt/ubna_data_02_mir/recover-20220922/UBNA_001/20220921_090000.WAV,Telephone Field,recover-20220922,001,1795
514.0855,514.0945,35781,42699,Myotis daubentonii,0.007,0.023,-1,Echolocation,/mnt/ubna_data_02_mir/recover-20220922/UBNA_001/20220921_090000.WAV,Telephone Field,recover-20220922,001,1795
514.0885,514.1311,68437,82837,Rhinolophus ferrumequinum,0.036,0.036,-1,Echolocation,/mnt/ubna_data_02_mir/recover-20220922/UBNA_001/20220921_090000.WAV,Telephone Field,recover-20220922,001,1795
514.0925,514.1013,28046,38546,Eptesicus serotinus,0.007,0.021,-1,Echolocation,/mnt/ubna_data_02_mir/recover-20220922/UBNA_001/20220921_090000.WAV,Telephone Field,recover-20220922,001,1795
514.1055,514.1144,28906,37357,Eptesicus serotinus,0.008,0.024,-1,Echolocation,/mnt/ubna_data_02_mir/recover-20220922/UBNA_001/20220921_090000.WAV,Telephone Field,recover-20220922,001,1795
514.1215,514.1591,68437,81895,Rhinolophus ferrumequinum,0.021,0.022,-1,Echolocation,/mnt/ubna_data_02_mir/recover-20220922/UBNA_001/20220921_090000.WAV,Telephone Field,recover-20220922,001,1795
514.2175,514.2539,68437,81701,Rhinolophus ferrumequinum,0.023,0.023,-1,Echolocation,/mnt/ubna_data_02_mir/recover-20220922/UBNA_001/20220921_090000.WAV,Telephone Field,recover-20220922,001,1795
514.2175,514.2242,24609,34244,Plecotus austriacus,0.021,0.044,-1,Echolocation,/mnt/ubna_data_02_mir/recover-20220922/UBNA_001/20220921_090000.WAV,Telephone Field,recover-20220922,001,1795
514.2415,514.2767,68437,82150,Rhinolophus ferrumequinum,0.022,0.022,-1,Echolocation,/mnt/ubna_data_02_mir/recover-20220922/UBNA_001/20220921_090000.WAV,Telephone Field,recover-20220922,001,1795
514.2635,514.2732,24609,31767,Nyctalus leisleri,0.008,0.023,-1,Echolocation,/mnt/ubna_data_02_mir/recover-20220922/UBNA_001/20220921_090000.WAV,Telephone Field,recover-20220922,001,1795
514.2995,514.3102,28906,36179,Eptesicus serotinus,0.051,0.076,-1,Echolocation,/mnt/ubna_data_02_mir/recover-20220922/UBNA_001/20220921_090000.WAV,Telephone Field,recover-20220922,001,1795
514.3205,514.3611,68437,82690,Rhinolophus ferrumequinum,0.025,0.025,-1,Echolocation,/mnt/ubna_data_02_mir/recover-20220922/UBNA_001/20220921_090000.WAV,Telephone Field,recover-20220922,001,1795
514.3285,514.3476,20312,23215,Nyctalus leisleri,0.014,0.026,-1,Echolocation,/mnt/ubna_data_02_mir/recover-20220922/UBNA_001/20220921_090000.WAV,Telephone Field,recover-20220922,001,1795
514.3545,514.3956,68437,82270,Rhinolophus ferrumequinum,0.023,0.023,-1,Echolocation,/mnt/ubna_data_02_mir/recover-20220922/UBNA_001/20220921_090000.WAV,Telephone Field,recover-20220922,001,1795
514.3645,514.4019,68437,82067,Rhinolophus ferrumequinum,0.021,0.022,-1,Echolocation,/mnt/ubna_data_02_mir/recover-20220922/UBNA_001/20220921_090000.WAV,Telephone Field,recover-20220922,001,1795
514.3835,514.4227,68437,82015,Rhinolophus ferrumequinum,0.023,0.023,-1,Echolocation,/mnt/ubna_data_02_mir/recover-20220922/UBNA_001/20220921_090000.WAV,Telephone Field,recover-20220922,001,1795
514.3895,514.401,22890,27855,Nyctalus leisleri,0.012,0.023,-1,Echolocation,/mnt/ubna_data_02_mir/recover-20220922/UBNA_001/20220921_090000.WAV,Telephone Field,recover-20220922,001,1795
514.3955,514.4064,23750,28856,Nyctalus leisleri,0.011,0.024,-1,Echolocation,/mnt/ubna_data_02_mir/recover-20220922/UBNA_001/20220921_090000.WAV,Telephone Field,recover-20220922,001,1795
514.4175,514.458,68437,82193,Rhinolophus ferrumequinum,0.024,0.024,-1,Echolocation,/mnt/ubna_data_02_mir/recover-20220922/UBNA_001/20220921_090000.WAV,Telephone Field,recover-20220922,001,1795
514.4385,514.4815,68437,83251,Rhinolophus ferrumequinum,0.03,0.03,-1,Echolocation,/mnt/ubna_data_02_mir/recover-20220922/UBNA_001/20220921_090000.WAV,Telephone Field,recover-20220922,001,1795
514.4625,514.5001,68437,82286,Rhinolophus ferrumequinum,0.023,0.023,-1,Echolocation,/mnt/ubna_data_02_mir/recover-20220922/UBNA_001/20220921_090000.WAV,Telephone Field,recover-20220922,001,1795
514.4735,514.5191,68437,83823,Rhinolophus ferrumequinum,0.036,0.036,-1,Echolocation,/mnt/ubna_data_02_mir/recover-20220922/UBNA_001/20220921_090000.WAV,Telephone Field,recover-20220922,001,1795
514.5085,514.5443,68437,81138,Rhinolophus ferrumequinum,0.022,0.022,-1,Echolocation,/mnt/ubna_data_02_mir/recover-20220922/UBNA_001/20220921_090000.WAV,Telephone Field,recover-20220922,001,1795
514.5395,514.5776,68437,81989,Rhinolophus ferrumequinum,0.022,0.022,-1,Echolocation,/mnt/ubna_data_02_mir/recover-20220922/UBNA_001/20220921_090000.WAV,Telephone Field,recover-20220922,001,1795
514.5415,514.5478,48671,57825,Pipistrellus pipistrellus,0.019,0.023,-1,Echolocation,/mnt/ubna_data_02_mir/recover-20220922/UBNA_001/20220921_090000.WAV,Telephone Field,recover-20220922,001,1795
514.5535,514.5607,27187,36898,Eptesicus serotinus,0.006,0.022,-1,Echolocation,/mnt/ubna_data_02_mir/recover-20220922/UBNA_001/20220921_090000.WAV,Telephone Field,recover-20220922,001,1795
514.5695,514.5794,23750,30176,Nyctalus leisleri,0.01,0.025,-1,Echolocation,/mnt/ubna_data_02_mir/recover-20220922/UBNA_001/20220921_090000.WAV,Telephone Field,recover-20220922,001,1795
514.5835,514.6211,68437,81630,Rhinolophus ferrumequinum,0.022,0.023,-1,Echolocation,/mnt/ubna_data_02_mir/recover-20220922/UBNA_001/20220921_090000.WAV,Telephone Field,recover-20220922,001,1795
514.5925,514.6326,68437,81376,Rhinolophus ferrumequinum,0.024,0.024,-1,Echolocation,/mnt/ubna_data_02_mir/recover-20220922/UBNA_001/20220921_090000.WAV,Telephone Field,recover-20220922,001,1795
514.5965,514.6072,37500,41970,Pipistrellus nathusii,0.009,0.021,-1,Echolocation,/mnt/ubna_data_02_mir/recover-20220922/UBNA_001/20220921_090000.WAV,Telephone Field,recover-20220922,001,1795
514.6235,514.6622,68437,81688,Rhinolophus ferrumequinum,0.023,0.023,-1,Echolocation,/mnt/ubna_data_02_mir/recover-20220922/UBNA_001/20220921_090000.WAV,Telephone Field,recover-20220922,001,1795
514.6395,514.6523,23750,28925,Nyctalus leisleri,0.01,0.022,-1,Echolocation,/mnt/ubna_data_02_mir/recover-20220922/UBNA_001/20220921_090000.WAV,Telephone Field,recover-20220922,001,1795
514.7055,514.7163,22890,27962,Nyctalus leisleri,0.012,0.025,-1,Echolocation,/mnt/ubna_data_02_mir/recover-20220922/UBNA_001/20220921_090000.WAV,Telephone Field,recover-20220922,001,1795
514.7265,514.7348,27187,38740,Eptesicus serotinus,0.008,0.022,-1,Echolocation,/mnt/ubna_data_02_mir/recover-20220922/UBNA_001/20220921_090000.WAV,Telephone Field,recover-20220922,001,1795
514.7485,514.7582,40937,45413,Pipistrellus nathusii,0.007,0.022,-1,Echolocation,/mnt/ubna_data_02_mir/recover-20220922/UBNA_001/20220921_090000.WAV,Telephone Field,recover-20220922,001,1795
514.7585,514.7666,28906,37491,Eptesicus serotinus,0.006,0.022,-1,Echolocation,/mnt/ubna_data_02_mir/recover-20220922/UBNA_001/20220921_090000.WAV,Telephone Field,recover-20220922,001,1795
514.7655,514.8033,68437,82154,Rhinolophus ferrumequinum,0.021,0.021,-1,Echolocation,/mnt/ubna_data_02_mir/recover-20220922/UBNA_001/20220921_090000.WAV,Telephone Field,recover-20220922,001,1795
514.7795,514.8201,68437,82643,Rhinolophus ferrumequinum,0.025,0.025,-1,Echolocation,/mnt/ubna_data_02_mir/recover-20220922/UBNA_001/20220921_090000.WAV,Telephone Field,recover-20220922,001,1795
514.7935,514.8305,68437,81738,Rhinolophus ferrumequinum,0.022,0.022,-1,Echolocation,/mnt/ubna_data_02_mir/recover-20220922/UBNA_001/20220921_090000.WAV,Telephone Field,recover-20220922,001,1795
514.8015,514.812,47812,51999,Pipistrellus pipistrellus,0.026,0.029,-1,Echolocation,/mnt/ubna_data_02_mir/recover-20220922/UBNA_001/20220921_090000.WAV,Telephone Field,recover-20220922,001,1795
514.9005,514.9391,68437,82617,Rhinolophus ferrumequinum,0.021,0.021,-1,Echolocation,/mnt/ubna_data_02_mir/recover-20220922/UBNA_001/20220921_090000.WAV,Telephone Field,recover-20220922,001,1795
514.9315,514.9713,68437,82397,Rhinolophus ferrumequinum,0.022,0.022,-1,Echolocation,/mnt/ubna_data_02_mir/recover-20220922/UBNA_001/20220921_090000.WAV,Telephone Field,recover-20220922,001,1795
514.9385,514.9771,68437,82010,Rhinolophus ferrumequinum,0.023,0.023,-1,Echolocation,/mnt/ubna_data_02_mir/recover-20220922/UBNA_001/20220921_090000.WAV,Telephone Field,recover-20220922,001,1795
514.9495,514.9913,68437,83115,Rhinolophus ferrumequinum,0.029,0.029,-1,Echolocation,/mnt/ubna_data_02_mir/recover-20220922/UBNA_001/20220921_090000.WAV,Telephone Field,recover-20220922,001,1795
514.9885,515.0243,68437,81729,Rhinolophus ferrumequinum,0.021,0.021,-1,Echolocation,/mnt/ubna_data_02_mir/recover-20220922/UBNA_001/20220921_090000.WAV,Telephone Field,recover-20220922,001,1795
514.9945,515.0077,24609,29517,Nyctalus leisleri,0.05,0.105,-1,Echolocation,/mnt/ubna_data_02_mir/recover-20220922/UBNA_001/20220921_090000.WAV,Telephone Field,recover-20220922,001,1795
514.9965,515.0339,68437,81759,Rhinolophus ferrumequinum,0.021,0.022,-1,Echolocation,/mnt/ubna_data_02_mir/recover-20220922/UBNA_001/20220921_090000.WAV,Telephone Field,recover-20220922,001,1795
515.0175,515.0573,68437,82142,Rhinolophus ferrumequinum,0.023,0.023,-1,Echolocation,/mnt/ubna_data_02_mir/recover-20220922/UBNA_001/20220921_090000.WAV,Telephone Field,recover-20220922,001,1795
515.0415,515.0805,68437,82585,Rhinolophus ferrumequinum,0.023,0.023,-1,Echolocation,/mnt/ubna_data_02_mir/recover-20220922/UBNA_001/20220921_090000.WAV,Telephone Field,recover-20220922,001,1795
515.0545,515.0956,68437,82081,Rhinolophus ferrumequinum,0.023,0.023,-1,Echolocation,/mnt/ubna_data_02_mir/recover-20220922/UBNA_001/20220921_090000.WAV,Telephone Field,recover-20220922,001,1795
515.0705,515.079,25468,33265,Eptesicus serotinus,0.008,0.027,-1,Echolocation,/mnt/ubna_data_02_mir/recover-20220922/UBNA_001/20220921_090000.WAV,Telephone Field,recover-20220922,001,1795
515.0795,515.0882,28046,36744,Eptesicus serotinus,0.008,0.022,-1,Echolocation,/mnt/ubna_data_02_mir/recover-20220922/UBNA_001/20220921_090000.WAV,Telephone Field,recover-20220922,001,1795
515.1185,515.1348,20312,23416,Nyctalus leisleri,0.014,0.022,-1,Echolocation,/mnt/ubna_data_02_mir/recover-20220922/UBNA_001/20220921_090000.WAV,Telephone Field,recover-20220922,001,1795
515.1445,515.1526,28046,39403,Eptesicus serotinus,0.007,0.021,-1,Echolocation,/mnt/ubna_data_02_mir/recover-20220922/UBNA_001/20220921_090000.WAV,Telephone Field,recover-20220922,001,1795
515.1565,515.1932,68437,82412,Rhinolophus ferrumequinum,0.021,0.021,-1,Echolocation,/mnt/ubna_data_02_mir/recover-20220922/UBNA_001/20220921_090000.WAV,Telephone Field,recover-20220922,001,1795
515.2155,515.2266,23750,29309,Nyctalus leisleri,0.011,0.025,-1,Echolocation,/mnt/ubna_data_02_mir/recover-20220922/UBNA_001/20220921_090000.WAV,Telephone Field,recover-20220922,001,1795
515.2155,515.2496,68437,81056,Rhinolophus ferrumequinum,0.021,0.021,-1,Echolocation,/mnt/ubna_data_02_mir/recover-20220922/UBNA_001/20220921_090000.WAV,Telephone Field,recover-20220922,001,1795
515.2395,515.2487,27187,37885,Eptesicus serotinus,0.009,0.026,-1,Echolocation,/mnt/ubna_data_02_mir/recover-20220922/UBNA_001/20220921_090000.WAV,Telephone Field,recover-20220922,001,1795
515.2405,515.2788,68437,81668,Rhinolophus ferrumequinum,0.025,0.025,-1,Echolocation,/mnt/ubna_data_02_mir/recover-20220922/UBNA_001/20220921_090000.WAV,Telephone Field,recover-20220922,001,1795
515.2505,515.2621,22031,25667,Nyctalus leisleri,0.012,0.021,-1,Echolocation,/mnt/ubna_data_02_mir/recover-20220922/UBNA_001/20220921_090000.WAV,Telephone Field,recover-20220922,001,1795
515.2515,515.2864,68437,80472,Rhinolophus ferrumequinum,0.023,0.023,-1,Echolocation,/mnt/ubna_data_02_mir/recover-20220922/UBNA_001/20220921_090000.WAV,Telephone Field,recover-20220922,001,1795
515.2615,515.2969,68437,80820,Rhinolophus ferrumequinum,0.022,0.022,-1,Echolocation,/mnt/ubna_data_02_mir/recover-20220922/UBNA_001/20220921_090000.WAV,Telephone Field,recover-20220922,001,1795
515.2755,515.2861,22890,27993,Nyctalus leisleri,0.01,0.022,-1,Echolocation,/mnt/ubna_data_02_mir/recover-20220922/UBNA_001/20220921_090000.WAV,Telephone Field,recover-20220922,001,1795
515.2925,515.3002,30625,42311,Myotis daubentonii,0.008,0.023,-1,Echolocation,/mnt/ubna_data_02_mir/recover-20220922/UBNA_001/20220921_090000.WAV,Telephone Field,recover-20220922,001,1795
515.3035,515.3138,28046,35701,Eptesicus serotinus,0.01,0.023,-1,Echolocation,/mnt/ubna_data_02_mir/recover-20220922/UBNA_001/20220921_090000.WAV,Telephone Field,recover-20220922,001,1795
515.3045,515.3426,68437,82185,Rhinolophus ferrumequinum,0.021,0.021,-1,Echolocation,/mnt/ubna_data_02_mir/recover-20220922/UBNA_001/20220921_090000.WAV,Telephone Field,recover-20220922,001,1795
515.3475,515.3866,68437,82260,Rhinolophus ferrumequinum,0.025,0.025,-1,Echolocation,/mnt/ubna_data_02_mir/recover-20220922/UBNA_001/20220921_090000.WAV,Telephone Field,recover-20220922,001,1795
515.3565,515.3644,25468,33859,Eptesicus serotinus,0.006,0.021,-1,Echolocation,/mnt/ubna_data_02_mir/recover-20220922/UBNA_001/20220921_090000.WAV,Telephone Field,recover-20220922,001,1795
515.4035,515.4418,68437,82074,Rhinolophus ferrumequinum,0.022,0.022,-1,Echolocation,/mnt/ubna_data_02_mir/recover-20220922/UBNA_001/20220921_090000.WAV,Telephone Field,recover-20220922,001,1795
515.4275,515.4649,68437,81950,Rhinolophus ferrumequinum,0.022,0.022,-1,Echolocation,/mnt/ubna_data_02_mir/recover-20220922/UBNA_001/20220921_090000.WAV,Telephone Field,recover-20220922,001,1795
515.4615,515.4986,68437,81444,Rhinolophus ferrumequinum,0.022,0.022,-1,Echolocation,/mnt/ubna_data_02_mir/recover-20220922/UBNA_001/20220921_090000.WAV,Telephone Field,recover-20220922,001,1795
515.4775,515.5155,68437,82104,Rhinolophus ferrumequinum,0.021,0.021,-1,Echolocation,/mnt/ubna_data_02_mir/recover-20220922/UBNA_001/20220921_090000.WAV,Telephone Field,recover-20220922,001,1795
515.4935,515.5357,68437,83187,Rhinolophus ferrumequinum,0.028,0.028,-1,Echolocation,/mnt/ubna_data_02_mir/recover-20220922/UBNA_001/20220921_090000.WAV,Telephone Field,recover-20220922,001,1795
515.4955,515.5048,28046,38262,Eptesicus serotinus,0.009,0.024,-1,Echolocation,/mnt/ubna_data_02_mir/recover-20220922/UBNA_001/20220921_090000.WAV,Telephone Field,recover-20220922,001,1795
515.5025,515.5111,28046,37515,Eptesicus serotinus,0.009,0.024,-1,Echolocation,/mnt/ubna_data_02_mir/recover-20220922/UBNA_001/20220921_090000.WAV,Telephone Field,recover-20220922,001,1795
515.5115,515.5479,68437,82088,Rhinolophus ferrumequinum,0.021,0.021,-1,Echolocation,/mnt/ubna_data_02_mir/recover-20220922/UBNA_001/20220921_090000.WAV,Telephone Field,recover-20220922,001,1795
515.5315,515.5732,68437,82502,Rhinolophus ferrumequinum,0.027,0.027,-1,Echolocation,/mnt/ubna_data_02_mir/recover-20220922/UBNA_001/20220921_090000.WAV,Telephone Field,recover-20220922,001,1795
515.6205,515.6613,68437,82398,Rhinolophus ferrumequinum,0.022,0.022,-1,Echolocation,/mnt/ubna_data_02_mir/recover-20220922/UBNA_001/20220921_090000.WAV,Telephone Field,recover-20220922,001,1795
515.6405,515.6511,28046,34886,Eptesicus serotinus,0.01,0.021,-1,Echolocation,/mnt/ubna_data_02_mir/recover-20220922/UBNA_001/20220921_090000.WAV,Telephone Field,recover-20220922,001,1795
515.6545,515.6918,68437,80784,Rhinolophus ferrumequinum,0.033,0.033,-1,Echolocation,/mnt/ubna_data_02_mir/recover-20220922/UBNA_001/20220921_090000.WAV,Telephone Field,recover-20220922,001,1795
515.6935,515.7041,28906,34777,Eptesicus serotinus,0.009,0.022,-1,Echolocation,/mnt/ubna_data_02_mir/recover-20220922/UBNA_001/20220921_090000.WAV,Telephone Field,recover-20220922,001,1795
515.7265,515.7651,68437,81928,Rhinolophus ferrumequinum,0.022,0.022,-1,Echolocation,/mnt/ubna_data_02_mir/recover-20220922/UBNA_001/20220921_090000.WAV,Telephone Field,recover-20220922,001,1795
515.7355,515.7434,28046,39347,Eptesicus serotinus,0.007,0.021,-1,Echolocation,/mnt/ubna_data_02_mir/recover-20220922/UBNA_001/20220921_090000.WAV,Telephone Field,recover-20220922,001,1795
515.7485,515.7878,68437,81804,Rhinolophus ferrumequinum,0.029,0.029,-1,Echolocation,/mnt/ubna_data_02_mir/recover-20220922/UBNA_001/20220921_090000.WAV,Telephone Field,recover-20220922,001,1795
515.7715,515.8098,68437,81619,Rhinolophus ferrumequinum,0.023,0.023,-1,Echolocation,/mnt/ubna_data_02_mir/recover-20220922/UBNA_001/20220921_090000.WAV,Telephone Field,recover-20220922,001,1795
515.7935,515.8298,68437,81545,Rhinolophus ferrumequinum,0.023,0.023,-1,Echolocation,/mnt/ubna_data_02_mir/recover-20220922/UBNA_001/20220921_090000.WAV,Telephone Field,recover-20220922,001,1795
515.8145,515.8525,68437,82403,Rhinolophus ferrumequinum,0.026,0.026,-1,Echolocation,/mnt/ubna_data_02_mir/recover-20220922/UBNA_001/20220921_090000.WAV,Telephone Field,recover-20220922,001,1795
515.8345,515.8465,22890,28036,Nyctalus leisleri,0.014,0.028,-1,Echolocation,/mnt/ubna_data_02_mir/recover-20220922/UBNA_001/20220921_090000.WAV,Telephone Field,recover-20220922,001,1795
515.8545,515.8932,68437,82574,Rhinolophus ferrumequinum,0.024,0.024,-1,Echolocation,/mnt/ubna_data_02_mir/recover-20220922/UBNA_001/20220921_090000.WAV,Telephone Field,recover-20220922,001,1795
515.8775,515.9165,68437,82097,Rhinolophus ferrumequinum,0.026,0.026,-1,Echolocation,/mnt/ubna_data_02_mir/recover-20220922/UBNA_001/20220921_090000.WAV,Telephone Field,recover-20220922,001,1795
515.8935,515.9305,68437,81773,Rhinolophus ferrumequinum,0.022,0.022,-1,Echolocation,/mnt/ubna_data_02_mir/recover-20220922/UBNA_001/20220921_090000.WAV,Telephone Field,recover-20220922,001,1795
515.9305,515.9414,28906,35596,Eptesicus serotinus,0.021,0.036,-1,Echolocation,/mnt/ubna_data_02_mir/recover-20220922/UBNA_001/20220921_090000.WAV,Telephone Field,recover-20220922,001,1795
515.9435,515.9837,68437,82430,Rhinolophus ferrumequinum,0.028,0.028,-1,Echolocation,/mnt/ubna_data_02_mir/recover-20220922/UBNA_001/20220921_090000.WAV,Telephone Field,recover-20220922,001,1795
515.9745,515.983,28046,38324,Eptesicus serotinus,0.009,0.025,-1,Echolocation,/mnt/ubna_data_02_mir/recover-20220922/UBNA_001/20220921_090000.WAV,Telephone Field,recover-20220922,001,1795
516.0015,516.0098,47812,55889,Pipistrellus pipistrellus,0.021,0.027,-1,Echolocation,/mnt/ubna_data_02_mir/recover-20220922/UBNA_001/20220921_090000.WAV,Telephone Field,recover-20220922,001,1795
516.0015,516.0106,25468,35797,Nyctalus leisleri,0.009,0.033,-1,Echolocation,/mnt/ubna_data_02_mir/recover-20220922/UBNA_001/20220921_090000.WAV,Telephone Field,recover-20220922,001,1795
516.0015,516.0163,57265,64754,Pipistrellus pygmaeus,0.026,0.028,-1,Echolocation,/mnt/ubna_data_02_mir/recover-20220922/UBNA_001/20220921_090000.WAV,Telephone Field,recover-20220922,001,1795
516.0015,516.0303,69296,80593,Rhinolophus ferrumequinum,0.024,0.024,-1,Echolocation,/mnt/ubna_data_02_mir/recover-20220922/UBNA_001/20220921_090000.WAV,Telephone Field,recover-20220922,001,1795
516.0235,516.0641,68437,83041,Rhinolophus ferrumequinum,0.028,0.028,-1,Echolocation,/mnt/ubna_data_02_mir/recover-20220922/UBNA_001/20220921_090000.WAV,Telephone Field,recover-20220922,001,1795
516.0385,516.0494,55546,60191,Pipistrellus pygmaeus,0.023,0.024,-1,Echolocation,/mnt/ubna_data_02_mir/recover-20220922/UBNA_001/20220921_090000.WAV,Telephone Field,recover-20220922,001,1795
516.0625,516.1047,68437,82881,Rhinolophus ferrumequinum,0.031,0.031,-1,Echolocation,/mnt/ubna_data_02_mir/recover-20220922/UBNA_001/20220921_090000.WAV,Telephone Field,recover-20220922,001,1795
516.0925,516.1022,28906,36808,Eptesicus serotinus,0.012,0.025,-1,Echolocation,/mnt/ubna_data_02_mir/recover-20220922/UBNA_001/20220921_090000.WAV,Telephone Field,recover-20220922,001,1795
516.1035,516.1408,68437,82189,Rhinolophus ferrumequinum,0.023,0.023,-1,Echolocation,/mnt/ubna_data_02_mir/recover-20220922/UBNA_001/20220921_090000.WAV,Telephone Field,recover-20220922,001,1795
516.1165,516.1573,68437,82562,Rhinolophus ferrumequinum,0.024,0.024,-1,Echolocation,/mnt/ubna_data_02_mir/recover-20220922/UBNA_001/20220921_090000.WAV,Telephone Field,recover-20220922,001,1795
516.1205,516.133,32343,37303,Pipistrellus nathusii,0.007,0.028,-1,Echolocation,/mnt/ubna_data_02_mir/recover-20220922/UBNA_001/20220921_090000.WAV,Telephone Field,recover-20220922,001,1795
516.1315,516.1724,68437,82693,Rhinolophus ferrumequinum,0.025,0.025,-1,Echolocation,/mnt/ubna_data_02_mir/recover-20220922/UBNA_001/20220921_090000.WAV,Telephone Field,recover-20220922,001,1795
516.1435,516.1503,24609,34201,Plecotus austriacus,0.013,0.029,-1,Echolocation,/mnt/ubna_data_02_mir/recover-20220922/UBNA_001/20220921_090000.WAV,Telephone Field,recover-20220922,001,1795
516.1645,516.2049,68437,82384,Rhinolophus ferrumequinum,0.025,0.025,-1,Echolocation,/mnt/ubna_data_02_mir/recover-20220922/UBNA_001/20220921_090000.WAV,Telephone Field,recover-20220922,001,1795
516.1745,516.2121,68437,82259,Rhinolophus ferrumequinum,0.022,0.022,-1,Echolocation,/mnt/ubna_data_02_mir/recover-20220922/UBNA_001/20220921_090000.WAV,Telephone Field,recover-20220922,001,1795
516.2045,516.2117,23750,32655,Plecotus austriacus,0.011,0.024,-1,Echolocation,/mnt/ubna_data_02_mir/recover-20220922/UBNA_001/20220921_090000.WAV,Telephone Field,recover-20220922,001,1795
516.2045,516.2113,28906,37495,Eptesicus serotinus,0.008,0.025,-1,Echolocation,/mnt/ubna_data_02_mir/recover-20220922/UBNA_001/20220921_090000.WAV,Telephone Field,recover-20220922,001,1795
516.2145,516.252,68437,81834,Rhinolophus ferrumequinum,0.031,0.031,-1,Echolocation,/mnt/ubna_data_02_mir/recover-20220922/UBNA_001/20220921_090000.WAV,Telephone Field,recover-20220922,001,1795
516.2235,516.2302,24609,33177,Plecotus austriacus,0.009,0.022,-1,Echolocation,/mnt/ubna_data_02_mir/recover-20220922/UBNA_001/20220921_090000.WAV,Telephone Field,recover-20220922,001,1795
516.2285,516.2654,68437,82037,Rhinolophus ferrumequinum,0.025,0.025,-1,Echolocation,/mnt/ubna_data_02_mir/recover-20220922/UBNA_001/20220921_090000.WAV,Telephone Field,recover-20220922,001,1795
516.2945,516.3352,68437,82574,Rhinolophus ferrumequinum,0.024,0.024,-1,Echolocation,/mnt/ubna_data_02_mir/recover-20220922/UBNA_001/20220921_090000.WAV,Telephone Field,recover-20220922,001,1795
516.3285,516.3634,68437,80486,Rhinolophus ferrumequinum,0.025,0.025,-1,Echolocation,/mnt/ubna_data_02_mir/recover-20220922/UBNA_001/20220921_090000.WAV,Telephone Field,recover-20220922,001,1795
516.3355,516.3753,68437,82101,Rhinolophus ferrumequinum,0.024,0.024,-1,Echolocation,/mnt/ubna_data_02_mir/recover-20220922/UBNA_001/20220921_090000.WAV,Telephone Field,recover-20220922,001,1795
516.3765,516.3851,48671,53004,Pipistrellus pipistrellus,0.029,0.031,-1,Echolocation,/mnt/ubna_data_02_mir/recover-20220922/UBNA_001/20220921_090000.WAV,Telephone Field,recover-20220922,001,1795
516.3775,516.3967,20312,23400,Nyctalus leisleri,0.02,0.036,-1,Echolocation,/mnt/ubna_data_02_mir/recover-20220922/UBNA_001/20220921_090000.WAV,Telephone Field,recover-20220922,001,1795
516.3835,516.4256,68437,82274,Rhinolophus ferrumequinum,0.022,0.022,-1,Echolocation,/mnt/ubna_data_02_mir/recover-20220922/UBNA_001/20220921_090000.WAV,Telephone Field,recover-20220922,001,1795
516.4105,516.4481,68437,82359,Rhinolophus ferrumequinum,0.025,0.025,-1,Echolocation,/mnt/ubna_data_02_mir/recover-20220922/UBNA_001/20220921_090000.WAV,Telephone Field,recover-20220922,001,1795
516.4265,516.468,68437,82658,Rhinolophus ferrumequinum,0.026,0.027,-1,Echolocation,/mnt/ubna_data_02_mir/recover-20220922/UBNA_001/20220921_090000.WAV,Telephone Field,recover-20220922,001,1795
516.4315,516.4388,44375,47773,Pipistrellus pipistrellus,0.025,0.027,-1,Echolocation,/mnt/ubna_data_02_mir/recover-20220922/UBNA_001/20220921_090000.WAV,Telephone Field,recover-20220922,001,1795
516.4315,516.4722,68437,82352,Rhinolophus ferrumequinum,0.027,0.027,-1,Echolocation,/mnt/ubna_data_02_mir/recover-20220922/UBNA_001/20220921_090000.WAV,Telephone Field,recover-20220922,001,1795
516.4355,516.4416,29765,40972,Myotis daubentonii,0.008,0.033,-1,Echolocation,/mnt/ubna_data_02_mir/recover-20220922/UBNA_001/20220921_090000.WAV,Telephone Field,recover-20220922,001,1795
516.4355,516.4419,24609,37488,Plecotus austriacus,0.015,0.035,-1,Echolocation,/mnt/ubna_data_02_mir/recover-20220922/UBNA_001/20220921_090000.WAV,Telephone Field,recover-20220922,001,1795
516.4415,516.4826,68437,82930,Rhinolophus ferrumequinum,0.026,0.026,-1,Echolocation,/mnt/ubna_data_02_mir/recover-20220922/UBNA_001/20220921_090000.WAV,Telephone Field,recover-20220922,001,1795
516.4645,516.5052,68437,82701,Rhinolophus ferrumequinum,0.023,0.023,-1,Echolocation,/mnt/ubna_data_02_mir/recover-20220922/UBNA_001/20220921_090000.WAV,Telephone Field,recover-20220922,001,1795
516.4795,516.5163,68437,81288,Rhinolophus ferrumequinum,0.025,0.025,-1,Echolocation,/mnt/ubna_data_02_mir/recover-20220922/UBNA_001/20220921_090000.WAV,Telephone Field,recover-20220922,001,1795
516.4905,516.5272,68437,81690,Rhinolophus ferrumequinum,0.023,0.023,-1,Echolocation,/mnt/ubna_data_02_mir/recover-20220922/UBNA_001/20220921_090000.WAV,Telephone Field,recover-20220922,001,1795
516.5095,516.5496,68437,82437,Rhinolophus ferrumequinum,0.03,0.03,-1,Echolocation,/mnt/ubna_data_02_mir/recover-20220922/UBNA_001/20220921_090000.WAV,Telephone Field,recover-20220922,001,1795
516.5205,516.5283,24609,33256,Plecotus austriacus,0.007,0.022,-1,Echolocation,/mnt/ubna_data_02_mir/recover-20220922/UBNA_001/20220921_090000.WAV,Telephone Field,recover-20220922,001,1795
516.5275,516.567,68437,82470,Rhinolophus ferrumequinum,0.025,0.025,-1,Echolocation,/mnt/ubna_data_02_mir/recover-20220922/UBNA_001/20220921_090000.WAV,Telephone Field,recover-20220922,001,1795
516.5565,516.5693,51250,55379,Pipistrellus pipistrellus,0.022,0.03,-1,Echolocation,/mnt/ubna_data_02_mir/recover-20220922/UBNA_001/20220921_090000.WAV,Telephone Field,recover-20220922,001,1795
516.5585,516.6023,68437,83232,Rhinolophus ferrumequinum,0.033,0.033,-1,Echolocation,/mnt/ubna_data_02_mir/recover-20220922/UBNA_001/20220921_090000.WAV,Telephone Field,recover-20220922,001,1795
516.5625,516.5722,25468,33606,Eptesicus serotinus,0.008,0.022,-1,Echolocation,/mnt/ubna_data_02_mir/recover-20220922/UBNA_001/20220921_090000.WAV,Telephone Field,recover-20220922,001,1795
516.6055,516.6447000000001,68437,81847,Rhinolophus ferrumequinum,0.024,0.024,-1,Echolocation,/mnt/ubna_data_02_mir/recover-20220922/UBNA_001/20220921_090000.WAV,Telephone Field,recover-20220922,001,1795
516.6145,516.6523,68437,81594,Rhinolophus ferrumequinum,0.022,0.022,-1,Echolocation,/mnt/ubna_data_02_mir/recover-20220922/UBNA_001/20220921_090000.WAV,Telephone Field,recover-20220922,001,1795
516.6315,516.6696,68437,82216,Rhinolophus ferrumequinum,0.024,0.024,-1,Echolocation,/mnt/ubna_data_02_mir/recover-20220922/UBNA_001/20220921_090000.WAV,Telephone Field,recover-20220922,001,1795
516.6565,516.6879,68437,80587,Rhinolophus ferrumequinum,0.021,0.022,-1,Echolocation,/mnt/ubna_data_02_mir/recover-20220922/UBNA_001/20220921_090000.WAV,Telephone Field,recover-20220922,001,1795
516.6815,516.6911,28906,35821,Eptesicus serotinus,0.011,0.027,-1,Echolocation,/mnt/ubna_data_02_mir/recover-20220922/UBNA_001/20220921_090000.WAV,Telephone Field,recover-20220922,001,1795
516.7045,516.7392,68437,80150,Rhinolophus ferrumequinum,0.023,0.023,-1,Echolocation,/mnt/ubna_data_02_mir/recover-20220922/UBNA_001/20220921_090000.WAV,Telephone Field,recover-20220922,001,1795
516.7185,516.7282,28046,35830,Eptesicus serotinus,0.012,0.026,-1,Echolocation,/mnt/ubna_data_02_mir/recover-20220922/UBNA_001/20220921_090000.WAV,Telephone Field,recover-20220922,001,1795
516.7205,516.7587,68437,81734,Rhinolophus ferrumequinum,0.024,0.024,-1,Echolocation,/mnt/ubna_data_02_mir/recover-20220922/UBNA_001/20220921_090000.WAV,Telephone Field,recover-20220922,001,1795
516.7275,516.7647,68437,81930,Rhinolophus ferrumequinum,0.023,0.023,-1,Echolocation,/mnt/ubna_data_02_mir/recover-20220922/UBNA_001/20220921_090000.WAV,Telephone Field,recover-20220922,001,1795
516.7575,516.7963,68437,82556,Rhinolophus ferrumequinum,0.024,0.024,-1,Echolocation,/mnt/ubna_data_02_mir/recover-20220922/UBNA_001/20220921_090000.WAV,Telephone Field,recover-20220922,001,1795
516.7615,516.7698,45234,50982,Pipistrellus pipistrellus,0.023,0.025,-1,Echolocation,/mnt/ubna_data_02_mir/recover-20220922/UBNA_001/20220921_090000.WAV,Telephone Field,recover-20220922,001,1795
516.7955,516.8023,57265,62249,Pipistrellus pygmaeus,0.043,0.044,-1,Echolocation,/mnt/ubna_data_02_mir/recover-20220922/UBNA_001/20220921_090000.WAV,Telephone Field,recover-20220922,001,1795
516.7995,516.81,25468,32245,Eptesicus serotinus,0.01,0.026,-1,Echolocation,/mnt/ubna_data_02_mir/recover-20220922/UBNA_001/20220921_090000.WAV,Telephone Field,recover-20220922,001,1795
516.8165,516.8588,68437,83002,Rhinolophus ferrumequinum,0.024,0.025,-1,Echolocation,/mnt/ubna_data_02_mir/recover-20220922/UBNA_001/20220921_090000.WAV,Telephone Field,recover-20220922,001,1795
516.8325,516.8505,20312,23898,Nyctalus leisleri,0.012,0.025,-1,Echolocation,/mnt/ubna_data_02_mir/recover-20220922/UBNA_001/20220921_090000.WAV,Telephone Field,recover-20220922,001,1795
516.8565,516.8933,68437,81908,Rhinolophus ferrumequinum,0.023,0.023,-1,Echolocation,/mnt/ubna_data_02_mir/recover-20220922/UBNA_001/20220921_090000.WAV,Telephone Field,recover-20220922,001,1795
516.8785,516.9179,68437,81597,Rhinolophus ferrumequinum,0.022,0.022,-1,Echolocation,/mnt/ubna_data_02_mir/recover-20220922/UBNA_001/20220921_090000.WAV,Telephone Field,recover-20220922,001,1795
516.8935,516.9333,68437,82845,Rhinolophus ferrumequinum,0.024,0.024,-1,Echolocation,/mnt/ubna_data_02_mir/recover-20220922/UBNA_001/20220921_090000.WAV,Telephone Field,recover-20220922,001,1795
516.8995,516.9396,68437,82803,Rhinolophus ferrumequinum,0.023,0.023,-1,Echolocation,/mnt/ubna_data_02_mir/recover-20220922/UBNA_001/20220921_090000.WAV,Telephone Field,recover-20220922,001,1795
516.9345,516.9716,68437,81502,Rhinolophus ferrumequinum,0.024,0.024,-1,Echolocation,/mnt/ubna_data_02_mir/recover-20220922/UBNA_001/20220921_090000.WAV,Telephone Field,recover-20220922,001,1795
516.9435,516.9516,23750,32814,Plecotus austriacus,0.016,0.036,-1,Echolocation,/mnt/ubna_data_02_mir/recover-20220922/UBNA_001/20220921_090000.WAV,Telephone Field,recover-20220922,001,1795
516.9525,516.9932,68437,82744,Rhinolophus ferrumequinum,0.023,0.023,-1,Echolocation,/mnt/ubna_data_02_mir/recover-20220922/UBNA_001/20220921_090000.WAV,Telephone Field,recover-20220922,001,1795
516.9885,516.9991,27187,33918,Eptesicus serotinus,0.009,0.022,-1,Echolocation,/mnt/ubna_data_02_mir/recover-20220922/UBNA_001/20220921_090000.WAV,Telephone Field,recover-20220922,001,1795
516.9895,517.0359,68437,83874,Rhinolophus ferrumequinum,0.048,0.048,-1,Echolocation,/mnt/ubna_data_02_mir/recover-20220922/UBNA_001/20220921_090000.WAV,Telephone Field,recover-20220922,001,1795
517.0055,517.0466,68437,82244,Rhinolophus ferrumequinum,0.023,0.023,-1,Echolocation,/mnt/ubna_data_02_mir/recover-20220922/UBNA_001/20220921_090000.WAV,Telephone Field,recover-20220922,001,1795
517.0295,517.0662,68437,81621,Rhinolophus ferrumequinum,0.022,0.022,-1,Echolocation,/mnt/ubna_data_02_mir/recover-20220922/UBNA_001/20220921_090000.WAV,Telephone Field,recover-20220922,001,1795
517.0595,517.0971,68437,82138,Rhinolophus ferrumequinum,0.022,0.022,-1,Echolocation,/mnt/ubna_data_02_mir/recover-20220922/UBNA_001/20220921_090000.WAV,Telephone Field,recover-20220922,001,1795
517.0725,517.1118,68437,82748,Rhinolophus ferrumequinum,0.033,0.033,-1,Echolocation,/mnt/ubna_data_02_mir/recover-20220922/UBNA_001/20220921_090000.WAV,Telephone Field,recover-20220922,001,1795
517.0845,517.1235,68437,81986,Rhinolophus ferrumequinum,0.024,0.024,-1,Echolocation,/mnt/ubna_data_02_mir/recover-20220922/UBNA_001/20220921_090000.WAV,Telephone Field,recover-20220922,001,1795
517.1085,517.148,68437,82631,Rhinolophus ferrumequinum,0.025,0.025,-1,Echolocation,/mnt/ubna_data_02_mir/recover-20220922/UBNA_001/20220921_090000.WAV,Telephone Field,recover-20220922,001,1795
517.1275,517.1346,28046,40509,Eptesicus serotinus,0.007,0.025,-1,Echolocation,/mnt/ubna_data_02_mir/recover-20220922/UBNA_001/20220921_090000.WAV,Telephone Field,recover-20220922,001,1795
517.1285,517.1377,22890,29734,Plecotus austriacus,0.009,0.025,-1,Echolocation,/mnt/ubna_data_02_mir/recover-20220922/UBNA_001/20220921_090000.WAV,Telephone Field,recover-20220922,001,1795
517.1435,517.1812,68437,81528,Rhinolophus ferrumequinum,0.03,0.03,-1,Echolocation,/mnt/ubna_data_02_mir/recover-20220922/UBNA_001/20220921_090000.WAV,Telephone Field,recover-20220922,001,1795
517.1675,517.1835,22031,25575,Nyctalus leisleri,0.015,0.026,-1,Echolocation,/mnt/ubna_data_02_mir/recover-20220922/UBNA_001/20220921_090000.WAV,Telephone Field,recover-20220922,001,1795
517.1905,517.201,28046,35473,Eptesicus serotinus,0.009,0.022,-1,Echolocation,/mnt/ubna_data_02_mir/recover-20220922/UBNA_001/20220921_090000.WAV,Telephone Field,recover-20220922,001,1795
517.1925,517.2318,68437,82295,Rhinolophus ferrumequinum,0.026,0.026,-1,Echolocation,/mnt/ubna_data_02_mir/recover-20220922/UBNA_001/20220921_090000.WAV,Telephone Field,recover-20220922,001,1795
517.2525,517.2909,68437,81333,Rhinolophus ferrumequinum,0.028,0.028,-1,Echolocation,/mnt/ubna_data_02_mir/recover-20220922/UBNA_001/20220921_090000.WAV,Telephone Field,recover-20220922,001,1795
517.2545,517.2644,45234,52093,Pipistrellus pipistrellus,0.021,0.023,-1,Echolocation,/mnt/ubna_data_02_mir/recover-20220922/UBNA_001/20220921_090000.WAV,Telephone Field,recover-20220922,001,1795
517.2635,517.3022,68437,81884,Rhinolophus ferrumequinum,0.022,0.022,-1,Echolocation,/mnt/ubna_data_02_mir/recover-20220922/UBNA_001/20220921_090000.WAV,Telephone Field,recover-20220922,001,1795
517.3295,517.3685,68437,81654,Rhinolophus ferrumequinum,0.023,0.023,-1,Echolocation,/mnt/ubna_data_02_mir/recover-20220922/UBNA_001/20220921_090000.WAV,Telephone Field,recover-20220922,001,1795
517.3355,517.3742,68437,81820,Rhinolophus ferrumequinum,0.022,0.022,-1,Echolocation,/mnt/ubna_data_02_mir/recover-20220922/UBNA_001/20220921_090000.WAV,Telephone Field,recover-20220922,001,1795
517.3425,517.3562,22890,26170,Nyctalus leisleri,0.042,0.063,-1,Echolocation,/mnt/ubna_data_02_mir/recover-20220922/UBNA_001/20220921_090000.WAV,Telephone Field,recover-20220922,001,1795
517.3435,517.3813,68437,82807,Rhinolophus ferrumequinum,0.024,0.024,-1,Echolocation,/mnt/ubna_data_02_mir/recover-20220922/UBNA_001/20220921_090000.WAV,Telephone Field,recover-20220922,001,1795
517.3705,517.3784,33203,40383,Myotis daubentonii,0.007,0.022,-1,Echolocation,/mnt/ubna_data_02_mir/recover-20220922/UBNA_001/20220921_090000.WAV,Telephone Field,recover-20220922,001,1795
517.3725,517.3809,23750,32421,Plecotus austriacus,0.017,0.037,-1,Echolocation,/mnt/ubna_data_02_mir/recover-20220922/UBNA_001/20220921_090000.WAV,Telephone Field,recover-20220922,001,1795
517.3985,517.4381,68437,82670,Rhinolophus ferrumequinum,0.023,0.024,-1,Echolocation,/mnt/ubna_data_02_mir/recover-20220922/UBNA_001/20220921_090000.WAV,Telephone Field,recover-20220922,001,1795
517.4075,517.4196,22890,27940,Nyctalus leisleri,0.011,0.022,-1,Echolocation,/mnt/ubna_data_02_mir/recover-20220922/UBNA_001/20220921_090000.WAV,Telephone Field,recover-20220922,001,1795
517.4295,517.467,68437,81834,Rhinolophus ferrumequinum,0.022,0.022,-1,Echolocation,/mnt/ubna_data_02_mir/recover-20220922/UBNA_001/20220921_090000.WAV,Telephone Field,recover-20220922,001,1795
517.4415,517.4817,68437,81956,Rhinolophus ferrumequinum,0.021,0.022,-1,Echolocation,/mnt/ubna_data_02_mir/recover-20220922/UBNA_001/20220921_090000.WAV,Telephone Field,recover-20220922,001,1795
517.4585,517.4689,27187,34836,Eptesicus serotinus,0.011,0.024,-1,Echolocation,/mnt/ubna_data_02_mir/recover-20220922/UBNA_001/20220921_090000.WAV,Telephone Field,recover-20220922,001,1795
517.4755,517.5171,68437,82811,Rhinolophus ferrumequinum,0.029,0.029,-1,Echolocation,/mnt/ubna_data_02_mir/recover-20220922/UBNA_001/20220921_090000.WAV,Telephone Field,recover-20220922,001,1795
517.5085,517.5442,68437,81740,Rhinolophus ferrumequinum,0.027,0.027,-1,Echolocation,/mnt/ubna_data_02_mir/recover-20220922/UBNA_001/20220921_090000.WAV,Telephone Field,recover-20220922,001,1795
517.5305,517.5732,68437,82748,Rhinolophus ferrumequinum,0.037,0.037,-1,Echolocation,/mnt/ubna_data_02_mir/recover-20220922/UBNA_001/20220921_090000.WAV,Telephone Field,recover-20220922,001,1795
517.5925,517.6326,68437,82832,Rhinolophus ferrumequinum,0.023,0.024,-1,Echolocation,/mnt/ubna_data_02_mir/recover-20220922/UBNA_001/20220921_090000.WAV,Telephone Field,recover-20220922,001,1795
517.6195,517.6287,22890,30014,Plecotus austriacus,0.01,0.026,-1,Echolocation,/mnt/ubna_data_02_mir/recover-20220922/UBNA_001/20220921_090000.WAV,Telephone Field,recover-20220922,001,1795
517.6305,517.6747,68437,83443,Rhinolophus ferrumequinum,0.046,0.046,-1,Echolocation,/mnt/ubna_data_02_mir/recover-20220922/UBNA_001/20220921_090000.WAV,Telephone Field,recover-20220922,001,1795
517.6705,517.7097,68437,82081,Rhinolophus ferrumequinum,0.022,0.022,-1,Echolocation,/mnt/ubna_data_02_mir/recover-20220922/UBNA_001/20220921_090000.WAV,Telephone Field,recover-20220922,001,1795
517.6975,517.7382,68437,82787,Rhinolophus ferrumequinum,0.032,0.033,-1,Echolocation,/mnt/ubna_data_02_mir/recover-20220922/UBNA_001/20220921_090000.WAV,Telephone Field,recover-20220922,001,1795
517.7035,517.7126,27187,36311,Eptesicus serotinus,0.009,0.024,-1,Echolocation,/mnt/ubna_data_02_mir/recover-20220922/UBNA_001/20220921_090000.WAV,Telephone Field,recover-20220922,001,1795
517.7275,517.7653,68437,82107,Rhinolophus ferrumequinum,0.024,0.024,-1,Echolocation,/mnt/ubna_data_02_mir/recover-20220922/UBNA_001/20220921_090000.WAV,Telephone Field,recover-20220922,001,1795
517.7425,517.7801,68437,82042,Rhinolophus ferrumequinum,0.021,0.022,-1,Echolocation,/mnt/ubna_data_02_mir/recover-20220922/UBNA_001/20220921_090000.WAV,Telephone Field,recover-20220922,001,1795
517.7685,517.8062,68437,82235,Rhinolophus ferrumequinum,0.023,0.023,-1,Echolocation,/mnt/ubna_data_02_mir/recover-20220922/UBNA_001/20220921_090000.WAV,Telephone Field,recover-20220922,001,1795
517.7835,517.7907,28906,39302,Eptesicus serotinus,0.006,0.024,-1,Echolocation,/mnt/ubna_data_02_mir/recover-20220922/UBNA_001/20220921_090000.WAV,Telephone Field,recover-20220922,001,1795
517.7945,517.8061,27187,34008,Eptesicus serotinus,0.013,0.026,-1,Echolocation,/mnt/ubna_data_02_mir/recover-20220922/UBNA_001/20220921_090000.WAV,Telephone Field,recover-20220922,001,1795
517.7965,517.835,68437,81914,Rhinolophus ferrumequinum,0.033,0.033,-1,Echolocation,/mnt/ubna_data_02_mir/recover-20220922/UBNA_001/20220921_090000.WAV,Telephone Field,recover-20220922,001,1795
517.8115,517.8505,68437,82022,Rhinolophus ferrumequinum,0.022,0.022,-1,Echolocation,/mnt/ubna_data_02_mir/recover-20220922/UBNA_001/20220921_090000.WAV,Telephone Field,recover-20220922,001,1795
517.8355,517.8758,68437,82450,Rhinolophus ferrumequinum,0.027,0.027,-1,Echolocation,/mnt/ubna_data_02_mir/recover-20220922/UBNA_001/20220921_090000.WAV,Telephone Field,recover-20220922,001,1795
517.8445,517.8853,68437,82480,Rhinolophus ferrumequinum,0.022,0.022,-1,Echolocation,/mnt/ubna_data_02_mir/recover-20220922/UBNA_001/20220921_090000.WAV,Telephone Field,recover-20220922,001,1795
517.8585,517.8973,68437,82386,Rhinolophus ferrumequinum,0.023,0.023,-1,Echolocation,/mnt/ubna_data_02_mir/recover-20220922/UBNA_001/20220921_090000.WAV,Telephone Field,recover-20220922,001,1795
517.8755,517.8858,28046,35839,Eptesicus serotinus,0.011,0.026,-1,Echolocation,/mnt/ubna_data_02_mir/recover-20220922/UBNA_001/20220921_090000.WAV,Telephone Field,recover-20220922,001,1795
517.8965,517.9347,68437,82475,Rhinolophus ferrumequinum,0.022,0.022,-1,Echolocation,/mnt/ubna_data_02_mir/recover-20220922/UBNA_001/20220921_090000.WAV,Telephone Field,recover-20220922,001,1795
517.9055,517.9471,68437,82202,Rhinolophus ferrumequinum,0.022,0.022,-1,Echolocation,/mnt/ubna_data_02_mir/recover-20220922/UBNA_001/20220921_090000.WAV,Telephone Field,recover-20220922,001,1795
517.9395,517.976,68437,81717,Rhinolophus ferrumequinum,0.022,0.022,-1,Echolocation,/mnt/ubna_data_02_mir/recover-20220922/UBNA_001/20220921_090000.WAV,Telephone Field,recover-20220922,001,1795
518.0015,518.0339,68437,80078,Rhinolophus ferrumequinum,0.031,0.032,-1,Echolocation,/mnt/ubna_data_02_mir/recover-20220922/UBNA_001/20220921_090000.WAV,Telephone Field,recover-20220922,001,1795
518.0015,518.0112,22031,27983,Nyctalus leisleri,0.013,0.031,-1,Echolocation,/mnt/ubna_data_02_mir/recover-20220922/UBNA_001/20220921_090000.WAV,Telephone Field,recover-20220922,001,1795
518.0075,518.0492,68437,81794,Rhinolophus ferrumequinum,0.026,0.026,-1,Echolocation,/mnt/ubna_data_02_mir/recover-20220922/UBNA_001/20220921_090000.WAV,Telephone Field,recover-20220922,001,1795
518.0135,518.0555,68437,82807,Rhinolophus ferrumequinum,0.03,0.03,-1,Echolocation,/mnt/ubna_data_02_mir/recover-20220922/UBNA_001/20220921_090000.WAV,Telephone Field,recover-20220922,001,1795
518.0145,518.0232,28906,38226,Eptesicus serotinus,0.008,0.024,-1,Echolocation,/mnt/ubna_data_02_mir/recover-20220922/UBNA_001/20220921_090000.WAV,Telephone Field,recover-20220922,001,1795
518.0385,518.0492,29765,38497,Eptesicus serotinus,0.012,0.028,-1,Echolocation,/mnt/ubna_data_02_mir/recover-20220922/UBNA_001/20220921_090000.WAV,Telephone Field,recover-20220922,001,1795
518.0785,518.1155,68437,81339,Rhinolophus ferrumequinum,0.022,0.022,-1,Echolocation,/mnt/ubna_data_02_mir/recover-20220922/UBNA_001/20220921_090000.WAV,Telephone Field,recover-20220922,001,1795
518.0965,518.1354,68437,82365,Rhinolophus ferrumequinum,0.024,0.024,-1,Echolocation,/mnt/ubna_data_02_mir/recover-20220922/UBNA_001/20220921_090000.WAV,Telephone Field,recover-20220922,001,1795
518.0995,518.1097,53828,58705,Pipistrellus pygmaeus,0.029,0.032,-1,Echolocation,/mnt/ubna_data_02_mir/recover-20220922/UBNA_001/20220921_090000.WAV,Telephone Field,recover-20220922,001,1795
518.1285,518.1373,28046,36853,Eptesicus serotinus,0.008,0.023,-1,Echolocation,/mnt/ubna_data_02_mir/recover-20220922/UBNA_001/20220921_090000.WAV,Telephone Field,recover-20220922,001,1795
518.1395,518.1507,28046,34232,Eptesicus serotinus,0.014,0.029,-1,Echolocation,/mnt/ubna_data_02_mir/recover-20220922/UBNA_001/20220921_090000.WAV,Telephone Field,recover-20220922,001,1795
518.1595,518.1953,68437,81588,Rhinolophus ferrumequinum,0.022,0.022,-1,Echolocation,/mnt/ubna_data_02_mir/recover-20220922/UBNA_001/20220921_090000.WAV,Telephone Field,recover-20220922,001,1795
518.1765,518.2163,68437,82130,Rhinolophus ferrumequinum,0.027,0.027,-1,Echolocation,/mnt/ubna_data_02_mir/recover-20220922/UBNA_001/20220921_090000.WAV,Telephone Field,recover-20220922,001,1795
518.2005,518.2403,68437,82453,Rhinolophus ferrumequinum,0.024,0.024,-1,Echolocation,/mnt/ubna_data_02_mir/recover-20220922/UBNA_001/20220921_090000.WAV,Telephone Field,recover-20220922,001,1795
518.2395,518.2494,31484,38354,Eptesicus serotinus,0.008,0.024,-1,Echolocation,/mnt/ubna_data_02_mir/recover-20220922/UBNA_001/20220921_090000.WAV,Telephone Field,recover-20220922,001,1795
518.2625,518.2729,25468,32612,Eptesicus serotinus,0.011,0.026,-1,Echolocation,/mnt/ubna_data_02_mir/recover-20220922/UBNA_001/20220921_090000.WAV,Telephone Field,recover-20220922,001,1795
518.2685,518.2797,25468,31705,Eptesicus serotinus,0.01,0.026,-1,Echolocation,/mnt/ubna_data_02_mir/recover-20220922/UBNA_001/20220921_090000.WAV,Telephone Field,recover-20220922,001,1795
518.2845,518.3276,68437,83406,Rhinolophus ferrumequinum,0.031,0.031,-1,Echolocation,/mnt/ubna_data_02_mir/recover-20220922/UBNA_001/20220921_090000.WAV,Telephone Field,recover-20220922,001,1795
518.3055,518.3429,68437,81973,Rhinolophus ferrumequinum,0.024,0.024,-1,Echolocation,/mnt/ubna_data_02_mir/recover-20220922/UBNA_001/20220921_090000.WAV,Telephone Field,recover-20220922,001,1795
518.3205,518.3313,25468,32228,Eptesicus serotinus,0.012,0.03,-1,Echolocation,/mnt/ubna_data_02_mir/recover-20220922/UBNA_001/20220921_090000.WAV,Telephone Field,recover-20220922,001,1795
518.3245,518.3623,68437,82315,Rhinolophus ferrumequinum,0.022,0.022,-1,Echolocation,/mnt/ubna_data_02_mir/recover-20220922/UBNA_001/20220921_090000.WAV,Telephone Field,recover-20220922,001,1795
518.3385,518.346,32343,40913,Myotis daubentonii,0.009,0.022,-1,Echolocation,/mnt/ubna_data_02_mir/recover-20220922/UBNA_001/20220921_090000.WAV,Telephone Field,recover-20220922,001,1795
518.3385,518.347,27187,38236,Eptesicus serotinus,0.008,0.023,-1,Echolocation,/mnt/ubna_data_02_mir/recover-20220922/UBNA_001/20220921_090000.WAV,Telephone Field,recover-20220922,001,1795
518.3585,518.3693,26328,31600,Eptesicus serotinus,0.019,0.046,-1,Echolocation,/mnt/ubna_data_02_mir/recover-20220922/UBNA_001/20220921_090000.WAV,Telephone Field,recover-20220922,001,1795
518.3725,518.4083,68437,81848,Rhinolophus ferrumequinum,0.026,0.026,-1,Echolocation,/mnt/ubna_data_02_mir/recover-20220922/UBNA_001/20220921_090000.WAV,Telephone Field,recover-20220922,001,1795
518.3915,518.4304,68437,81671,Rhinolophus ferrumequinum,0.026,0.026,-1,Echolocation,/mnt/ubna_data_02_mir/recover-20220922/UBNA_001/20220921_090000.WAV,Telephone Field,recover-20220922,001,1795
518.4255,518.4653,68437,82264,Rhinolophus ferrumequinum,0.022,0.022,-1,Echolocation,/mnt/ubna_data_02_mir/recover-20220922/UBNA_001/20220921_090000.WAV,Telephone Field,recover-20220922,001,1795
518.4645,518.5033,68437,81694,Rhinolophus ferrumequinum,0.023,0.023,-1,Echolocation,/mnt/ubna_data_02_mir/recover-20220922/UBNA_001/20220921_090000.WAV,Telephone Field,recover-20220922,001,1795
518.4695,518.4797,23750,29441,Nyctalus leisleri,0.01,0.022,-1,Echolocation,/mnt/ubna_data_02_mir/recover-20220922/UBNA_001/20220921_090000.WAV,Telephone Field,recover-20220922,001,1795
518.4705,518.5105,68437,82383,Rhinolophus ferrumequinum,0.025,0.025,-1,Echolocation,/mnt/ubna_data_02_mir/recover-20220922/UBNA_001/20220921_090000.WAV,Telephone Field,recover-20220922,001,1795
518.5055,518.5409,68437,81076,Rhinolophus ferrumequinum,0.023,0.023,-1,Echolocation,/mnt/ubna_data_02_mir/recover-20220922/UBNA_001/20220921_090000.WAV,Telephone Field,recover-20220922,001,1795
518.5125,518.521,27187,37449,Eptesicus serotinus,0.007,0.023,-1,Echolocation,/mnt/ubna_data_02_mir/recover-20220922/UBNA_001/20220921_090000.WAV,Telephone Field,recover-20220922,001,1795
518.5235,518.5619,68437,82348,Rhinolophus ferrumequinum,0.026,0.026,-1,Echolocation,/mnt/ubna_data_02_mir/recover-20220922/UBNA_001/20220921_090000.WAV,Telephone Field,recover-20220922,001,1795
518.5535,518.5608,25468,35713,Plecotus austriacus,0.01,0.033,-1,Echolocation,/mnt/ubna_data_02_mir/recover-20220922/UBNA_001/20220921_090000.WAV,Telephone Field,recover-20220922,001,1795
518.5625,518.5975,68437,81256,Rhinolophus ferrumequinum,0.026,0.026,-1,Echolocation,/mnt/ubna_data_02_mir/recover-20220922/UBNA_001/20220921_090000.WAV,Telephone Field,recover-20220922,001,1795
518.5785,518.6184,68437,82486,Rhinolophus ferrumequinum,0.022,0.022,-1,Echolocation,/mnt/ubna_data_02_mir/recover-20220922/UBNA_001/20220921_090000.WAV,Telephone Field,recover-20220922,001,1795
518.5885,518.627,68437,82680,Rhinolophus ferrumequinum,0.023,0.023,-1,Echolocation,/mnt/ubna_data_02_mir/recover-20220922/UBNA_001/20220921_090000.WAV,Telephone Field,recover-20220922,001,1795
518.6165,518.6517,68437,81154,Rhinolophus ferrumequinum,0.023,0.023,-1,Echolocation,/mnt/ubna_data_02_mir/recover-20220922/UBNA_001/20220921_090000.WAV,Telephone Field,recover-20220922,001,1795
518.6275,518.6377,23750,29517,Nyctalus leisleri,0.009,0.022,-1,Echolocation,/mnt/ubna_data_02_mir/recover-20220922/UBNA_001/20220921_090000.WAV,Telephone Field,recover-20220922,001,1795
518.6275,518.6641,68437,82168,Rhinolophus ferrumequinum,0.024,0.024,-1,Echolocation,/mnt/ubna_data_02_mir/recover-20220922/UBNA_001/20220921_090000.WAV,Telephone Field,recover-20220922,001,1795
518.6395,518.6756,68437,81251,Rhinolophus ferrumequinum,0.023,0.023,-1,Echolocation,/mnt/ubna_data_02_mir/recover-20220922/UBNA_001/20220921_090000.WAV,Telephone Field,recover-20220922,001,1795
518.6405,518.6509,23750,29243,Nyctalus leisleri,0.011,0.023,-1,Echolocation,/mnt/ubna_data_02_mir/recover-20220922/UBNA_001/20220921_090000.WAV,Telephone Field,recover-20220922,001,1795
518.6475,518.6833,68437,81732,Rhinolophus ferrumequinum,0.024,0.024,-1,Echolocation,/mnt/ubna_data_02_mir/recover-20220922/UBNA_001/20220921_090000.WAV,Telephone Field,recover-20220922,001,1795
518.6485,518.659,23750,30250,Nyctalus leisleri,0.009,0.023,-1,Echolocation,/mnt/ubna_data_02_mir/recover-20220922/UBNA_001/20220921_090000.WAV,Telephone Field,recover-20220922,001,1795
518.6815,518.7214,68437,82211,Rhinolophus ferrumequinum,0.023,0.023,-1,Echolocation,/mnt/ubna_data_02_mir/recover-20220922/UBNA_001/20220921_090000.WAV,Telephone Field,recover-20220922,001,1795
518.7135,518.7263,22890,27603,Nyctalus leisleri,0.017,0.031,-1,Echolocation,/mnt/ubna_data_02_mir/recover-20220922/UBNA_001/20220921_090000.WAV,Telephone Field,recover-20220922,001,1795
518.7395,518.7484,28906,37094,Eptesicus serotinus,0.008,0.023,-1,Echolocation,/mnt/ubna_data_02_mir/recover-20220922/UBNA_001/20220921_090000.WAV,Telephone Field,recover-20220922,001,1795
518.7405,518.7509,22031,26956,Nyctalus leisleri,0.012,0.025,-1,Echolocation,/mnt/ubna_data_02_mir/recover-20220922/UBNA_001/20220921_090000.WAV,Telephone Field,recover-20220922,001,1795
518.7525,518.7829,68437,80363,Rhinolophus ferrumequinum,0.046,0.046,-1,Echolocation,/mnt/ubna_data_02_mir/recover-20220922/UBNA_001/20220921_090000.WAV,Telephone Field,recover-20220922,001,1795
518.7645,518.8007,68437,81668,Rhinolophus ferrumequinum,0.022,0.022,-1,Echolocation,/mnt/ubna_data_02_mir/recover-20220922/UBNA_001/20220921_090000.WAV,Telephone Field,recover-20220922,001,1795
518.8155,518.8565,68437,82819,Rhinolophus ferrumequinum,0.027,0.027,-1,Echolocation,/mnt/ubna_data_02_mir/recover-20220922/UBNA_001/20220921_090000.WAV,Telephone Field,recover-20220922,001,1795
518.8345,518.8446,22890,27582,Nyctalus leisleri,0.011,0.022,-1,Echolocation,/mnt/ubna_data_02_mir/recover-20220922/UBNA_001/20220921_090000.WAV,Telephone Field,recover-20220922,001,1795
518.8465,518.883,68437,81571,Rhinolophus ferrumequinum,0.022,0.022,-1,Echolocation,/mnt/ubna_data_02_mir/recover-20220922/UBNA_001/20220921_090000.WAV,Telephone Field,recover-20220922,001,1795
518.8675,518.907,68437,82016,Rhinolophus ferrumequinum,0.026,0.026,-1,Echolocation,/mnt/ubna_data_02_mir/recover-20220922/UBNA_001/20220921_090000.WAV,Telephone Field,recover-20220922,001,1795
518.8915,518.9029,25468,30741,Nyctalus leisleri,0.014,0.03,-1,Echolocation,/mnt/ubna_data_02_mir/recover-20220922/UBNA_001/20220921_090000.WAV,Telephone Field,recover-20220922,001,1795
518.9035,518.9416,68437,81555,Rhinolophus ferrumequinum,0.022,0.022,-1,Echolocation,/mnt/ubna_data_02_mir/recover-20220922/UBNA_001/20220921_090000.WAV,Telephone Field,recover-20220922,001,1795
518.9445,518.9524,28046,38599,Eptesicus serotinus,0.007,0.023,-1,Echolocation,/mnt/ubna_data_02_mir/recover-20220922/UBNA_001/20220921_090000.WAV,Telephone Field,recover-20220922,001,1795
518.9495,518.9872,68437,82275,Rhinolophus ferrumequinum,0.023,0.023,-1,Echolocation,/mnt/ubna_data_02_mir/recover-20220922/UBNA_001/20220921_090000.WAV,Telephone Field,recover-20220922,001,1795
518.9545,518.9621,28046,36914,Eptesicus serotinus,0.008,0.024,-1,Echolocation,/mnt/ubna_data_02_mir/recover-20220922/UBNA_001/20220921_090000.WAV,Telephone Field,recover-20220922,001,1795
518.9695,519.0061,68437,81428,Rhinolophus ferrumequinum,0.024,0.024,-1,Echolocation,/mnt/ubna_data_02_mir/recover-20220922/UBNA_001/20220921_090000.WAV,Telephone Field,recover-20220922,001,1795
519.0025,519.012,28046,36547,Eptesicus serotinus,0.009,0.024,-1,Echolocation,/mnt/ubna_data_02_mir/recover-20220922/UBNA_001/20220921_090000.WAV,Telephone Field,recover-20220922,001,1795
519.0535,519.0947,68437,82708,Rhinolophus ferrumequinum,0.022,0.022,-1,Echolocation,/mnt/ubna_data_02_mir/recover-20220922/UBNA_001/20220921_090000.WAV,Telephone Field,recover-20220922,001,1795
519.0615,519.0715,28046,36515,Eptesicus serotinus,0.01,0.023,-1,Echolocation,/mnt/ubna_data_02_mir/recover-20220922/UBNA_001/20220921_090000.WAV,Telephone Field,recover-20220922,001,1795
519.0665,519.1076,68437,82643,Rhinolophus ferrumequinum,0.023,0.023,-1,Echolocation,/mnt/ubna_data_02_mir/recover-20220922/UBNA_001/20220921_090000.WAV,Telephone Field,recover-20220922,001,1795
519.1315,519.1405,28906,37343,Eptesicus serotinus,0.008,0.024,-1,Echolocation,/mnt/ubna_data_02_mir/recover-20220922/UBNA_001/20220921_090000.WAV,Telephone Field,recover-20220922,001,1795
519.1355,519.1448,47812,52849,Pipistrellus pipistrellus,0.031,0.034,-1,Echolocation,/mnt/ubna_data_02_mir/recover-20220922/UBNA_001/20220921_090000.WAV,Telephone Field,recover-20220922,001,1795
519.1375,519.1781,68437,82676,Rhinolophus ferrumequinum,0.025,0.025,-1,Echolocation,/mnt/ubna_data_02_mir/recover-20220922/UBNA_001/20220921_090000.WAV,Telephone Field,recover-20220922,001,1795
519.1675,519.1736,25468,35913,Plecotus austriacus,0.011,0.034,-1,Echolocation,/mnt/ubna_data_02_mir/recover-20220922/UBNA_001/20220921_090000.WAV,Telephone Field,recover-20220922,001,1795
519.1865,519.2267,68437,82671,Rhinolophus ferrumequinum,0.024,0.024,-1,Echolocation,/mnt/ubna_data_02_mir/recover-20220922/UBNA_001/20220921_090000.WAV,Telephone Field,recover-20220922,001,1795
519.2355,519.246,23750,29095,Nyctalus leisleri,0.01,0.022,-1,Echolocation,/mnt/ubna_data_02_mir/recover-20220922/UBNA_001/20220921_090000.WAV,Telephone Field,recover-20220922,001,1795
519.2595,519.2676,28046,39724,Eptesicus serotinus,0.007,0.022,-1,Echolocation,/mnt/ubna_data_02_mir/recover-20220922/UBNA_001/20220921_090000.WAV,Telephone Field,recover-20220922,001,1795
519.2815,519.2917,28906,37405,Eptesicus serotinus,0.009,0.022,-1,Echolocation,/mnt/ubna_data_02_mir/recover-20220922/UBNA_001/20220921_090000.WAV,Telephone Field,recover-20220922,001,1795
519.3015,519.3107,25468,33359,Eptesicus serotinus,0.011,0.027,-1,Echolocation,/mnt/ubna_data_02_mir/recover-20220922/UBNA_001/20220921_090000.WAV,Telephone Field,recover-20220922,001,1795
519.3015,519.3428,68437,82610,Rhinolophus ferrumequinum,0.023,0.023,-1,Echolocation,/mnt/ubna_data_02_mir/recover-20220922/UBNA_001/20220921_090000.WAV,Telephone Field,recover-20220922,001,1795
519.3255,519.3366,28906,36309,Eptesicus serotinus,0.012,0.025,-1,Echolocation,/mnt/ubna_data_02_mir/recover-20220922/UBNA_001/20220921_090000.WAV,Telephone Field,recover-20220922,001,1795
519.3305,519.3701,68437,82912,Rhinolophus ferrumequinum,0.03,0.03,-1,Echolocation,/mnt/ubna_data_02_mir/recover-20220922/UBNA_001/20220921_090000.WAV,Telephone Field,recover-20220922,001,1795
519.3375,519.3451,26328,37648,Eptesicus serotinus,0.006,0.022,-1,Echolocation,/mnt/ubna_data_02_mir/recover-20220922/UBNA_001/20220921_090000.WAV,Telephone Field,recover-20220922,001,1795
519.3625,519.3756,28906,34183,Eptesicus serotinus,0.014,0.026,-1,Echolocation,/mnt/ubna_data_02_mir/recover-20220922/UBNA_001/20220921_090000.WAV,Telephone Field,recover-20220922,001,1795
519.4135,519.4204,46953,55384,Pipistrellus pipistrellus,0.022,0.025,-1,Echolocation,/mnt/ubna_data_02_mir/recover-20220922/UBNA_001/20220921_090000.WAV,Telephone Field,recover-20220922,001,1795
519.4385,519.4775,68437,81918,Rhinolophus ferrumequinum,0.023,0.023,-1,Echolocation,/mnt/ubna_data_02_mir/recover-20220922/UBNA_001/20220921_090000.WAV,Telephone Field,recover-20220922,001,1795
519.4595,519.4683,46953,50950,Pipistrellus pipistrellus,0.029,0.031,-1,Echolocation,/mnt/ubna_data_02_mir/recover-20220922/UBNA_001/20220921_090000.WAV,Telephone Field,recover-20220922,001,1795
519.4815,519.4969,21171,24537,Nyctalus leisleri,0.013,0.022,-1,Echolocation,/mnt/ubna_data_02_mir/recover-20220922/UBNA_001/20220921_090000.WAV,Telephone Field,recover-20220922,001,1795
519.4925,519.5,24609,36400,Plecotus austriacus,0.006,0.022,-1,Echolocation,/mnt/ubna_data_02_mir/recover-20220922/UBNA_001/20220921_090000.WAV,Telephone Field,recover-20220922,001,1795
519.5115,519.5506,68437,82237,Rhinolophus ferrumequinum,0.022,0.022,-1,Echolocation,/mnt/ubna_data_02_mir/recover-20220922/UBNA_001/20220921_090000.WAV,Telephone Field,recover-20220922,001,1795
519.5245,519.5597,68437,80546,Rhinolophus ferrumequinum,0.024,0.024,-1,Echolocation,/mnt/ubna_data_02_mir/recover-20220922/UBNA_001/20220921_090000.WAV,Telephone Field,recover-20220922,001,1795
519.5325,519.5431,44375,51708,Pipistrellus pipistrellus,0.017,0.025,-1,Echolocation,/mnt/ubna_data_02_mir/recover-20220922/UBNA_001/20220921_090000.WAV,Telephone Field,recover-20220922,001,1795
519.5495,519.5896,68437,82249,Rhinolophus ferrumequinum,0.022,0.022,-1,Echolocation,/mnt/ubna_data_02_mir/recover-20220922/UBNA_001/20220921_090000.WAV,Telephone Field,recover-20220922,001,1795
519.5525,519.562,24609,31933,Eptesicus serotinus,0.007,0.023,-1,Echolocation,/mnt/ubna_data_02_mir/recover-20220922/UBNA_001/20220921_090000.WAV,Telephone Field,recover-20220922,001,1795
519.5655,519.6033,68437,82066,Rhinolophus ferrumequinum,0.024,0.024,-1,Echolocation,/mnt/ubna_data_02_mir/recover-20220922/UBNA_001/20220921_090000.WAV,Telephone Field,recover-20220922,001,1795
519.5905,519.5991,26328,35263,Eptesicus serotinus,0.009,0.024,-1,Echolocation,/mnt/ubna_data_02_mir/recover-20220922/UBNA_001/20220921_090000.WAV,Telephone Field,recover-20220922,001,1795
519.5925,519.6346,68437,82636,Rhinolophus ferrumequinum,0.033,0.033,-1,Echolocation,/mnt/ubna_data_02_mir/recover-20220922/UBNA_001/20220921_090000.WAV,Telephone Field,recover-20220922,001,1795
519.6115,519.6236,23750,29648,Nyctalus leisleri,0.011,0.024,-1,Echolocation,/mnt/ubna_data_02_mir/recover-20220922/UBNA_001/20220921_090000.WAV,Telephone Field,recover-20220922,001,1795
519.6305,519.6667,68437,81835,Rhinolophus ferrumequinum,0.022,0.022,-1,Echolocation,/mnt/ubna_data_02_mir/recover-20220922/UBNA_001/20220921_090000.WAV,Telephone Field,recover-20220922,001,1795
519.6575,519.6942,68437,81908,Rhinolophus ferrumequinum,0.032,0.032,-1,Echolocation,/mnt/ubna_data_02_mir/recover-20220922/UBNA_001/20220921_090000.WAV,Telephone Field,recover-20220922,001,1795
519.6895,519.7315,68437,82823,Rhinolophus ferrumequinum,0.026,0.026,-1,Echolocation,/mnt/ubna_data_02_mir/recover-20220922/UBNA_001/20220921_090000.WAV,Telephone Field,recover-20220922,001,1795
519.7005,519.7078,27187,36580,Eptesicus serotinus,0.009,0.029,-1,Echolocation,/mnt/ubna_data_02_mir/recover-20220922/UBNA_001/20220921_090000.WAV,Telephone Field,recover-20220922,001,1795
519.7165,519.7594,68437,82377,Rhinolophus ferrumequinum,0.045,0.045,-1,Echolocation,/mnt/ubna_data_02_mir/recover-20220922/UBNA_001/20220921_090000.WAV,Telephone Field,recover-20220922,001,1795
519.7895,519.8302,68437,82154,Rhinolophus ferrumequinum,0.066,0.066,-1,Echolocation,/mnt/ubna_data_02_mir/recover-20220922/UBNA_001/20220921_090000.WAV,Telephone Field,recover-20220922,001,1795
519.8195,519.8572,68437,82018,Rhinolophus ferrumequinum,0.023,0.023,-1,Echolocation,/mnt/ubna_data_02_mir/recover-20220922/UBNA_001/20220921_090000.WAV,Telephone Field,recover-20220922,001,1795
519.8575,519.8972,68437,82101,Rhinolophus ferrumequinum,0.024,0.024,-1,Echolocation,/mnt/ubna_data_02_mir/recover-20220922/UBNA_001/20220921_090000.WAV,Telephone Field,recover-20220922,001,1795
519.8725,519.8822,44375,47301,Pipistrellus pipistrellus,0.032,0.035,-1,Echolocation,/mnt/ubna_data_02_mir/recover-20220922/UBNA_001/20220921_090000.WAV,Telephone Field,recover-20220922,001,1795
519.9045,519.9433,68437,82160,Rhinolophus ferrumequinum,0.027,0.027,-1,Echolocation,/mnt/ubna_data_02_mir/recover-20220922/UBNA_001/20220921_090000.WAV,Telephone Field,recover-20220922,001,1795
519.9295,519.9711,68437,82486,Rhinolophus ferrumequinum,0.028,0.028,-1,Echolocation,/mnt/ubna_data_02_mir/recover-20220922/UBNA_001/20220921_090000.WAV,Telephone Field,recover-20220922,001,1795
519.9515,519.99,68437,82110,Rhinolophus ferrumequinum,0.024,0.024,-1,Echolocation,/mnt/ubna_data_02_mir/recover-20220922/UBNA_001/20220921_090000.WAV,Telephone Field,recover-20220922,001,1795
519.9545,519.964,28906,37627,Eptesicus serotinus,0.008,0.022,-1,Echolocation,/mnt/ubna_data_02_mir/recover-20220922/UBNA_001/20220921_090000.WAV,Telephone Field,recover-20220922,001,1795
519.9865,519.9954,28046,40440,Eptesicus serotinus,0.009,0.025,-1,Echolocation,/mnt/ubna_data_02_mir/recover-20220922/UBNA_001/20220921_090000.WAV,Telephone Field,recover-20220922,001,1795
520.0015,520.0075,46953,52104,Pipistrellus pipistrellus,0.017,0.022,-1,Echolocation,/mnt/ubna_data_02_mir/recover-20220922/UBNA_001/20220921_090000.WAV,Telephone Field,recover-20220922,001,1795
520.0015,520.0112,23750,30113,Nyctalus leisleri,0.012,0.029,-1,Echolocation,/mnt/ubna_data_02_mir/recover-20220922/UBNA_001/20220921_090000.WAV,Telephone Field,recover-20220922,001,1795
520.0015,520.0349,68437,79765,Rhinolophus ferrumequinum,0.041,0.042,-1,Echolocation,/mnt/ubna_data_02_mir/recover-20220922/UBNA_001/20220921_090000.WAV,Telephone Field,recover-20220922,001,1795
520.0075,520.046,68437,81356,Rhinolophus ferrumequinum,0.025,0.025,-1,Echolocation,/mnt/ubna_data_02_mir/recover-20220922/UBNA_001/20220921_090000.WAV,Telephone Field,recover-20220922,001,1795
520.0165,520.0257,28046,36243,Eptesicus serotinus,0.009,0.021,-1,Echolocation,/mnt/ubna_data_02_mir/recover-20220922/UBNA_001/20220921_090000.WAV,Telephone Field,recover-20220922,001,1795
520.0345,520.0707,68437,80365,Rhinolophus ferrumequinum,0.025,0.025,-1,Echolocation,/mnt/ubna_data_02_mir/recover-20220922/UBNA_001/20220921_090000.WAV,Telephone Field,recover-20220922,001,1795
520.0595,520.0981,68437,81836,Rhinolophus ferrumequinum,0.025,0.025,-1,Echolocation,/mnt/ubna_data_02_mir/recover-20220922/UBNA_001/20220921_090000.WAV,Telephone Field,recover-20220922,001,1795
520.0685,520.1115,68437,83306,Rhinolophus ferrumequinum,0.035,0.035,-1,Echolocation,/mnt/ubna_data_02_mir/recover-20220922/UBNA_001/20220921_090000.WAV,Telephone Field,recover-20220922,001,1795
520.0815,520.1225,68437,83140,Rhinolophus ferrumequinum,0.034,0.034,-1,Echolocation,/mnt/ubna_data_02_mir/recover-20220922/UBNA_001/20220921_090000.WAV,Telephone Field,recover-20220922,001,1795
520.1025,520.1104,27187,38747,Eptesicus serotinus,0.007,0.023,-1,Echolocation,/mnt/ubna_data_02_mir/recover-20220922/UBNA_001/20220921_090000.WAV,Telephone Field,recover-20220922,001,1795
520.1285,520.138,28046,36249,Eptesicus serotinus,0.009,0.023,-1,Echolocation,/mnt/ubna_data_02_mir/recover-20220922/UBNA_001/20220921_090000.WAV,Telephone Field,recover-20220922,001,1795
520.1475,520.1665,19453,22394,Nyctalus leisleri,0.012,0.023,-1,Echolocation,/mnt/ubna_data_02_mir/recover-20220922/UBNA_001/20220921_090000.WAV,Telephone Field,recover-20220922,001,1795
520.1555,520.1916,68437,81745,Rhinolophus ferrumequinum,0.023,0.023,-1,Echolocation,/mnt/ubna_data_02_mir/recover-20220922/UBNA_001/20220921_090000.WAV,Telephone Field,recover-20220922,001,1795
520.2035,520.2126,27187,37273,Eptesicus serotinus,0.009,0.024,-1,Echolocation,/mnt/ubna_data_02_mir/recover-20220922/UBNA_001/20220921_090000.WAV,Telephone Field,recover-20220922,001,1795
520.2235,520.262,68437,82318,Rhinolophus ferrumequinum,0.029,0.029,-1,Echolocation,/mnt/ubna_data_02_mir/recover-20220922/UBNA_001/20220921_090000.WAV,Telephone Field,recover-20220922,001,1795
520.2295,520.2691,68437,82198,Rhinolophus ferrumequinum,0.026,0.026,-1,Echolocation,/mnt/ubna_data_02_mir/recover-20220922/UBNA_001/20220921_090000.WAV,Telephone Field,recover-20220922,001,1795
520.2565,520.2633,27187,42106,Eptesicus serotinus,0.005,0.022,-1,Echolocation,/mnt/ubna_data_02_mir/recover-20220922/UBNA_001/20220921_090000.WAV,Telephone Field,recover-20220922,001,1795
520.2765,520.2845,27187,38165,Eptesicus serotinus,0.007,0.022,-1,Echolocation,/mnt/ubna_data_02_mir/recover-20220922/UBNA_001/20220921_090000.WAV,Telephone Field,recover-20220922,001,1795
520.2805,520.3199,68437,82015,Rhinolophus ferrumequinum,0.038,0.038,-1,Echolocation,/mnt/ubna_data_02_mir/recover-20220922/UBNA_001/20220921_090000.WAV,Telephone Field,recover-20220922,001,1795
520.3095,520.3484,68437,82494,Rhinolophus ferrumequinum,0.024,0.024,-1,Echolocation,/mnt/ubna_data_02_mir/recover-20220922/UBNA_001/20220921_090000.WAV,Telephone Field,recover-20220922,001,1795
520.3205,520.3259,33203,45464,Myotis daubentonii,0.012,0.025,-1,Echolocation,/mnt/ubna_data_02_mir/recover-20220922/UBNA_001/20220921_090000.WAV,Telephone Field,recover-20220922,001,1795
520.3425,520.3822,68437,82001,Rhinolophus ferrumequinum,0.025,0.025,-1,Echolocation,/mnt/ubna_data_02_mir/recover-20220922/UBNA_001/20220921_090000.WAV,Telephone Field,recover-20220922,001,1795
520.3635,520.4059,68437,83365,Rhinolophus ferrumequinum,0.046,0.046,-1,Echolocation,/mnt/ubna_data_02_mir/recover-20220922/UBNA_001/20220921_090000.WAV,Telephone Field,recover-20220922,001,1795
520.3645,520.3726,52968,57743,Pipistrellus pygmaeus,0.012,0.023,-1,Echolocation,/mnt/ubna_data_02_mir/recover-20220922/UBNA_001/20220921_090000.WAV,Telephone Field,recover-20220922,001,1795
520.3875,520.4263,68437,82366,Rhinolophus ferrumequinum,0.026,0.026,-1,Echolocation,/mnt/ubna_data_02_mir/recover-20220922/UBNA_001/20220921_090000.WAV,Telephone Field,recover-20220922,001,1795
520.4155,520.4555,68437,82282,Rhinolophus ferrumequinum,0.023,0.023,-1,Echolocation,/mnt/ubna_data_02_mir/recover-20220922/UBNA_001/20220921_090000.WAV,Telephone Field,recover-20220922,001,1795
520.4645,520.5015,68437,81415,Rhinolophus ferrumequinum,0.024,0.024,-1,Echolocation,/mnt/ubna_data_02_mir/recover-20220922/UBNA_001/20220921_090000.WAV,Telephone Field,recover-20220922,001,1795
520.4725,520.5077,68437,80120,Rhinolophus ferrumequinum,0.026,0.026,-1,Echolocation,/mnt/ubna_data_02_mir/recover-20220922/UBNA_001/20220921_090000.WAV,Telephone Field,recover-20220922,001,1795
520.4755,520.4848,28046,38423,Eptesicus serotinus,0.008,0.022,-1,Echolocation,/mnt/ubna_data_02_mir/recover-20220922/UBNA_001/20220921_090000.WAV,Telephone Field,recover-20220922,001,1795
520.4785,520.5141,68437,80935,Rhinolophus ferrumequinum,0.021,0.022,-1,Echolocation,/mnt/ubna_data_02_mir/recover-20220922/UBNA_001/20220921_090000.WAV,Telephone Field,recover-20220922,001,1795
520.4895,520.5266,68437,81610,Rhinolophus ferrumequinum,0.023,0.023,-1,Echolocation,/mnt/ubna_data_02_mir/recover-20220922/UBNA_001/20220921_090000.WAV,Telephone Field,recover-20220922,001,1795
520.4975,520.5364,68437,82006,Rhinolophus ferrumequinum,0.025,0.025,-1,Echolocation,/mnt/ubna_data_02_mir/recover-20220922/UBNA_001/20220921_090000.WAV,Telephone Field,recover-20220922,001,1795
520.5035,520.5122,44375,49988,Pipistrellus pipistrellus,0.02,0.026,-1,Echolocation,/mnt/ubna_data_02_mir/recover-20220922/UBNA_001/20220921_090000.WAV,Telephone Field,recover-20220922,001,1795
520.5065,520.5142,27187,39845,Eptesicus serotinus,0.007,0.025,-1,Echolocation,/mnt/ubna_data_02_mir/recover-20220922/UBNA_001/20220921_090000.WAV,Telephone Field,recover-20220922,001,1795
520.5425,520.5845,68437,83480,Rhinolophus ferrumequinum,0.038,0.038,-1,Echolocation,/mnt/ubna_data_02_mir/recover-20220922/UBNA_001/20220921_090000.WAV,Telephone Field,recover-20220922,001,1795
520.5745,520.6147,68437,82312,Rhinolophus ferrumequinum,0.026,0.026,-1,Echolocation,/mnt/ubna_data_02_mir/recover-20220922/UBNA_001/20220921_090000.WAV,Telephone Field,recover-20220922,001,1795
520.6065,520.6442,68437,81877,Rhinolophus ferrumequinum,0.027,0.027,-1,Echolocation,/mnt/ubna_data_02_mir/recover-20220922/UBNA_001/20220921_090000.WAV,Telephone Field,recover-20220922,001,1795
520.6345,520.6427,27187,39089,Eptesicus serotinus,0.007,0.022,-1,Echolocation,/mnt/ubna_data_02_mir/recover-20220922/UBNA_001/20220921_090000.WAV,Telephone Field,recover-20220922,001,1795
520.6515,520.661,28046,37043,Eptesicus serotinus,0.011,0.027,-1,Echolocation,/mnt/ubna_data_02_mir/recover-20220922/UBNA_001/20220921_090000.WAV,Telephone Field,recover-20220922,001,1795
520.7165,520.7558,68437,82341,Rhinolophus ferrumequinum,0.022,0.022,-1,Echolocation,/mnt/ubna_data_02_mir/recover-20220922/UBNA_001/20220921_090000.WAV,Telephone Field,recover-20220922,001,1795
520.7215,520.7302,27187,39772,Eptesicus serotinus,0.008,0.023,-1,Echolocation,/mnt/ubna_data_02_mir/recover-20220922/UBNA_001/20220921_090000.WAV,Telephone Field,recover-20220922,001,1795
520.7225,520.7623,68437,82306,Rhinolophus ferrumequinum,0.023,0.023,-1,Echolocation,/mnt/ubna_data_02_mir/recover-20220922/UBNA_001/20220921_090000.WAV,Telephone Field,recover-20220922,001,1795
520.7245,520.7338,34921,41704,Barbastellus barbastellus,0.015,0.043,-1,Echolocation,/mnt/ubna_data_02_mir/recover-20220922/UBNA_001/20220921_090000.WAV,Telephone Field,recover-20220922,001,1795
520.7545,520.765,24609,31250,Nyctalus leisleri,0.011,0.027,-1,Echolocation,/mnt/ubna_data_02_mir/recover-20220922/UBNA_001/20220921_090000.WAV,Telephone Field,recover-20220922,001,1795
520.7725,520.8057,68437,80755,Rhinolophus ferrumequinum,0.024,0.024,-1,Echolocation,/mnt/ubna_data_02_mir/recover-20220922/UBNA_001/20220921_090000.WAV,Telephone Field,recover-20220922,001,1795
520.7855,520.8204,68437,81384,Rhinolophus ferrumequinum,0.022,0.022,-1,Echolocation,/mnt/ubna_data_02_mir/recover-20220922/UBNA_001/20220921_090000.WAV,Telephone Field,recover-20220922,001,1795
520.7885,520.7981,25468,33463,Eptesicus serotinus,0.01,0.029,-1,Echolocation,/mnt/ubna_data_02_mir/recover-20220922/UBNA_001/20220921_090000.WAV,Telephone Field,recover-20220922,001,1795
520.7965,520.8322000000001,68437,81607,Rhinolophus ferrumequinum,0.024,0.024,-1,Echolocation,/mnt/ubna_data_02_mir/recover-20220922/UBNA_001/20220921_090000.WAV,Telephone Field,recover-20220922,001,1795
520.8335,520.8792,68437,83359,Rhinolophus ferrumequinum,0.067,0.067,-1,Echolocation,/mnt/ubna_data_02_mir/recover-20220922/UBNA_001/20220921_090000.WAV,Telephone Field,recover-20220922,001,1795
520.8535,520.8612,27187,36572,Eptesicus serotinus,0.009,0.023,-1,Echolocation,/mnt/ubna_data_02_mir/recover-20220922/UBNA_001/20220921_090000.WAV,Telephone Field,recover-20220922,001,1795
520.8625,520.9023,68437,82166,Rhinolophus ferrumequinum,0.038,0.038,-1,Echolocation,/mnt/ubna_data_02_mir/recover-20220922/UBNA_001/20220921_090000.WAV,Telephone Field,recover-20220922,001,1795
520.8735,520.8834,23750,30373,Nyctalus leisleri,0.009,0.023,-1,Echolocation,/mnt/ubna_data_02_mir/recover-20220922/UBNA_001/20220921_090000.WAV,Telephone Field,recover-20220922,001,1795
520.9435,520.9837,68437,83027,Rhinolophus ferrumequinum,0.032,0.032,-1,Echolocation,/mnt/ubna_data_02_mir/recover-20220922/UBNA_001/20220921_090000.WAV,Telephone Field,recover-20220922,001,1795
520.9515,520.9618,23750,29318,Nyctalus leisleri,0.011,0.024,-1,Echolocation,/mnt/ubna_data_02_mir/recover-20220922/UBNA_001/20220921_090000.WAV,Telephone Field,recover-20220922,001,1795
520.9725,521.0128,68437,82919,Rhinolophus ferrumequinum,0.022,0.022,-1,Echolocation,/mnt/ubna_data_02_mir/recover-20220922/UBNA_001/20220921_090000.WAV,Telephone Field,recover-20220922,001,1795
520.9775,520.9874,23750,30934,Nyctalus leisleri,0.01,0.026,-1,Echolocation,/mnt/ubna_data_02_mir/recover-20220922/UBNA_001/20220921_090000.WAV,Telephone Field,recover-20220922,001,1795
520.9945,521.0328,68437,82012,Rhinolophus ferrumequinum,0.023,0.023,-1,Echolocation,/mnt/ubna_data_02_mir/recover-20220922/UBNA_001/20220921_090000.WAV,Telephone Field,recover-20220922,001,1795
520.9995,521.0128,25468,30582,Nyctalus leisleri,0.011,0.026,-1,Echolocation,/mnt/ubna_data_02_mir/recover-20220922/UBNA_001/20220921_090000.WAV,Telephone Field,recover-20220922,001,1795
521.0225,521.0324,28046,36483,Eptesicus serotinus,0.01,0.023,-1,Echolocation,/mnt/ubna_data_02_mir/recover-20220922/UBNA_001/20220921_090000.WAV,Telephone Field,recover-20220922,001,1795
521.0375,521.0486,27187,34894,Eptesicus serotinus,0.02,0.035,-1,Echolocation,/mnt/ubna_data_02_mir/recover-20220922/UBNA_001/20220921_090000.WAV,Telephone Field,recover-20220922,001,1795
521.0605,521.0993,68437,82293,Rhinolophus ferrumequinum,0.022,0.022,-1,Echolocation,/mnt/ubna_data_02_mir/recover-20220922/UBNA_001/20220921_090000.WAV,Telephone Field,recover-20220922,001,1795
521.0955,521.1352,68437,82984,Rhinolophus ferrumequinum,0.024,0.024,-1,Echolocation,/mnt/ubna_data_02_mir/recover-20220922/UBNA_001/20220921_090000.WAV,Telephone Field,recover-20220922,001,1795
521.1275,521.1661,68437,82316,Rhinolophus ferrumequinum,0.025,0.025,-1,Echolocation,/mnt/ubna_data_02_mir/recover-20220922/UBNA_001/20220921_090000.WAV,Telephone Field,recover-20220922,001,1795
521.1415,521.1793,68437,82178,Rhinolophus ferrumequinum,0.021,0.021,-1,Echolocation,/mnt/ubna_data_02_mir/recover-20220922/UBNA_001/20220921_090000.WAV,Telephone Field,recover-20220922,001,1795
521.1435,521.1583,22890,26441,Nyctalus leisleri,0.036,0.058,-1,Echolocation,/mnt/ubna_data_02_mir/recover-20220922/UBNA_001/20220921_090000.WAV,Telephone Field,recover-20220922,001,1795
521.1715,521.213,68437,82461,Rhinolophus ferrumequinum,0.056,0.056,-1,Echolocation,/mnt/ubna_data_02_mir/recover-20220922/UBNA_001/20220921_090000.WAV,Telephone Field,recover-20220922,001,1795
521.2205,521.2613,68437,82736,Rhinolophus ferrumequinum,0.028,0.028,-1,Echolocation,/mnt/ubna_data_02_mir/recover-20220922/UBNA_001/20220921_090000.WAV,Telephone Field,recover-20220922,001,1795
521.2225,521.2306,27187,37623,Eptesicus serotinus,0.009,0.026,-1,Echolocation,/mnt/ubna_data_02_mir/recover-20220922/UBNA_001/20220921_090000.WAV,Telephone Field,recover-20220922,001,1795
521.2605,521.2978,68437,82018,Rhinolophus ferrumequinum,0.036,0.036,-1,Echolocation,/mnt/ubna_data_02_mir/recover-20220922/UBNA_001/20220921_090000.WAV,Telephone Field,recover-20220922,001,1795
521.2625,521.2737,22890,27837,Nyctalus leisleri,0.01,0.021,-1,Echolocation,/mnt/ubna_data_02_mir/recover-20220922/UBNA_001/20220921_090000.WAV,Telephone Field,recover-20220922,001,1795
521.2925,521.3311,68437,82251,Rhinolophus ferrumequinum,0.022,0.022,-1,Echolocation,/mnt/ubna_data_02_mir/recover-20220922/UBNA_001/20220921_090000.WAV,Telephone Field,recover-20220922,001,1795
521.3155,521.3243,28046,38244,Eptesicus serotinus,0.009,0.022,-1,Echolocation,/mnt/ubna_data_02_mir/recover-20220922/UBNA_001/20220921_090000.WAV,Telephone Field,recover-20220922,001,1795
521.3175,521.3577,68437,82167,Rhinolophus ferrumequinum,0.022,0.022,-1,Echolocation,/mnt/ubna_data_02_mir/recover-20220922/UBNA_001/20220921_090000.WAV,Telephone Field,recover-20220922,001,1795
521.3555,521.3952,68437,82325,Rhinolophus ferrumequinum,0.023,0.023,-1,Echolocation,/mnt/ubna_data_02_mir/recover-20220922/UBNA_001/20220921_090000.WAV,Telephone Field,recover-20220922,001,1795
521.3765,521.3873,23750,29559,Nyctalus leisleri,0.01,0.024,-1,Echolocation,/mnt/ubna_data_02_mir/recover-20220922/UBNA_001/20220921_090000.WAV,Telephone Field,recover-20220922,001,1795
521.3785,521.4187,68437,82364,Rhinolophus ferrumequinum,0.028,0.028,-1,Echolocation,/mnt/ubna_data_02_mir/recover-20220922/UBNA_001/20220921_090000.WAV,Telephone Field,recover-20220922,001,1795
521.4045,521.441,68437,81549,Rhinolophus ferrumequinum,0.023,0.023,-1,Echolocation,/mnt/ubna_data_02_mir/recover-20220922/UBNA_001/20220921_090000.WAV,Telephone Field,recover-20220922,001,1795
521.4165,521.4272,28906,36822,Eptesicus serotinus,0.014,0.029,-1,Echolocation,/mnt/ubna_data_02_mir/recover-20220922/UBNA_001/20220921_090000.WAV,Telephone Field,recover-20220922,001,1795
521.4415,521.4808,68437,82074,Rhinolophus ferrumequinum,0.024,0.024,-1,Echolocation,/mnt/ubna_data_02_mir/recover-20220922/UBNA_001/20220921_090000.WAV,Telephone Field,recover-20220922,001,1795
521.4465,521.459,23750,28675,Nyctalus leisleri,0.015,0.028,-1,Echolocation,/mnt/ubna_data_02_mir/recover-20220922/UBNA_001/20220921_090000.WAV,Telephone Field,recover-20220922,001,1795
521.4615,521.4717,50390,55680,Pipistrellus pipistrellus,0.017,0.023,-1,Echolocation,/mnt/ubna_data_02_mir/recover-20220922/UBNA_001/20220921_090000.WAV,Telephone Field,recover-20220922,001,1795
521.4625,521.5013,68437,82406,Rhinolophus ferrumequinum,0.022,0.022,-1,Echolocation,/mnt/ubna_data_02_mir/recover-20220922/UBNA_001/20220921_090000.WAV,Telephone Field,recover-20220922,001,1795
521.5105,521.5493,68437,82235,Rhinolophus ferrumequinum,0.036,0.036,-1,Echolocation,/mnt/ubna_data_02_mir/recover-20220922/UBNA_001/20220921_090000.WAV,Telephone Field,recover-20220922,001,1795
521.5315,521.5406,28906,37365,Eptesicus serotinus,0.007,0.022,-1,Echolocation,/mnt/ubna_data_02_mir/recover-20220922/UBNA_001/20220921_090000.WAV,Telephone Field,recover-20220922,001,1795
521.5435,521.5839,68437,82794,Rhinolophus ferrumequinum,0.026,0.026,-1,Echolocation,/mnt/ubna_data_02_mir/recover-20220922/UBNA_001/20220921_090000.WAV,Telephone Field,recover-20220922,001,1795
521.5505,521.5587,51250,56482,Pipistrellus pipistrellus,0.016,0.023,-1,Echolocation,/mnt/ubna_data_02_mir/recover-20220922/UBNA_001/20220921_090000.WAV,Telephone Field,recover-20220922,001,1795
521.5825,521.6208,68437,82110,Rhinolophus ferrumequinum,0.022,0.022,-1,Echolocation,/mnt/ubna_data_02_mir/recover-20220922/UBNA_001/20220921_090000.WAV,Telephone Field,recover-20220922,001,1795
521.5855,521.5932,23750,32461,Plecotus austriacus,0.009,0.023,-1,Echolocation,/mnt/ubna_data_02_mir/recover-20220922/UBNA_001/20220921_090000.WAV,Telephone Field,recover-20220922,001,1795
521.5915,521.5997,28046,37898,Eptesicus serotinus,0.007,0.023,-1,Echolocation,/mnt/ubna_data_02_mir/recover-20220922/UBNA_001/20220921_090000.WAV,Telephone Field,recover-20220922,001,1795
521.6115,521.6575,68437,83665,Rhinolophus ferrumequinum,0.044,0.044,-1,Echolocation,/mnt/ubna_data_02_mir/recover-20220922/UBNA_001/20220921_090000.WAV,Telephone Field,recover-20220922,001,1795
521.6145,521.6228,28046,39655,Eptesicus serotinus,0.008,0.023,-1,Echolocation,/mnt/ubna_data_02_mir/recover-20220922/UBNA_001/20220921_090000.WAV,Telephone Field,recover-20220922,001,1795
521.6485,521.6871,68437,82101,Rhinolophus ferrumequinum,0.026,0.026,-1,Echolocation,/mnt/ubna_data_02_mir/recover-20220922/UBNA_001/20220921_090000.WAV,Telephone Field,recover-20220922,001,1795
521.6785,521.6887,23750,30257,Nyctalus leisleri,0.008,0.022,-1,Echolocation,/mnt/ubna_data_02_mir/recover-20220922/UBNA_001/20220921_090000.WAV,Telephone Field,recover-20220922,001,1795
521.6795,521.7183,68437,82217,Rhinolophus ferrumequinum,0.025,0.025,-1,Echolocation,/mnt/ubna_data_02_mir/recover-20220922/UBNA_001/20220921_090000.WAV,Telephone Field,recover-20220922,001,1795
521.7025,521.7451,68437,82755,Rhinolophus ferrumequinum,0.026,0.026,-1,Echolocation,/mnt/ubna_data_02_mir/recover-20220922/UBNA_001/20220921_090000.WAV,Telephone Field,recover-20220922,001,1795
521.7325,521.7729,68437,82217,Rhinolophus ferrumequinum,0.022,0.022,-1,Echolocation,/mnt/ubna_data_02_mir/recover-20220922/UBNA_001/20220921_090000.WAV,Telephone Field,recover-20220922,001,1795
521.7515,521.79,68437,81510,Rhinolophus ferrumequinum,0.022,0.022,-1,Echolocation,/mnt/ubna_data_02_mir/recover-20220922/UBNA_001/20220921_090000.WAV,Telephone Field,recover-20220922,001,1795
521.7775,521.7894,22890,27436,Nyctalus leisleri,0.017,0.03,-1,Echolocation,/mnt/ubna_data_02_mir/recover-20220922/UBNA_001/20220921_090000.WAV,Telephone Field,recover-20220922,001,1795
521.8035,521.8464,68437,83149,Rhinolophus ferrumequinum,0.032,0.032,-1,Echolocation,/mnt/ubna_data_02_mir/recover-20220922/UBNA_001/20220921_090000.WAV,Telephone Field,recover-20220922,001,1795
521.8315,521.8708,68437,82533,Rhinolophus ferrumequinum,0.024,0.024,-1,Echolocation,/mnt/ubna_data_02_mir/recover-20220922/UBNA_001/20220921_090000.WAV,Telephone Field,recover-20220922,001,1795
521.8405,521.8477,23750,33103,Plecotus austriacus,0.017,0.033,-1,Echolocation,/mnt/ubna_data_02_mir/recover-20220922/UBNA_001/20220921_090000.WAV,Telephone Field,recover-20220922,001,1795
521.8435,521.883,68437,81862,Rhinolophus ferrumequinum,0.023,0.023,-1,Echolocation,/mnt/ubna_data_02_mir/recover-20220922/UBNA_001/20220921_090000.WAV,Telephone Field,recover-20220922,001,1795
521.8595,521.8681,22890,30500,Plecotus austriacus,0.009,0.023,-1,Echolocation,/mnt/ubna_data_02_mir/recover-20220922/UBNA_001/20220921_090000.WAV,Telephone Field,recover-20220922,001,1795
521.8755,521.9144,68437,82239,Rhinolophus ferrumequinum,0.026,0.026,-1,Echolocation,/mnt/ubna_data_02_mir/recover-20220922/UBNA_001/20220921_090000.WAV,Telephone Field,recover-20220922,001,1795
521.8845,521.924,68437,82019,Rhinolophus ferrumequinum,0.025,0.025,-1,Echolocation,/mnt/ubna_data_02_mir/recover-20220922/UBNA_001/20220921_090000.WAV,Telephone Field,recover-20220922,001,1795
521.8865,521.8929,22890,32026,Plecotus austriacus,0.014,0.026,-1,Echolocation,/mnt/ubna_data_02_mir/recover-20220922/UBNA_001/20220921_090000.WAV,Telephone Field,recover-20220922,001,1795
521.9045,521.9411,68437,81326,Rhinolophus ferrumequinum,0.021,0.022,-1,Echolocation,/mnt/ubna_data_02_mir/recover-20220922/UBNA_001/20220921_090000.WAV,Telephone Field,recover-20220922,001,1795
521.9245,521.9304,28046,42055,Myotis daubentonii,0.006,0.027,-1,Echolocation,/mnt/ubna_data_02_mir/recover-20220922/UBNA_001/20220921_090000.WAV,Telephone Field,recover-20220922,001,1795
521.9295,521.9644,68437,81630,Rhinolophus ferrumequinum,0.022,0.022,-1,Echolocation,/mnt/ubna_data_02_mir/recover-20220922/UBNA_001/20220921_090000.WAV,Telephone Field,recover-20220922,001,1795
521.9495,521.9888,68437,82279,Rhinolophus ferrumequinum,0.024,0.024,-1,Echolocation,/mnt/ubna_data_02_mir/recover-20220922/UBNA_001/20220921_090000.WAV,Telephone Field,recover-20220922,001,1795
521.9835,521.9902,24609,34770,Plecotus austriacus,0.016,0.036,-1,Echolocation,/mnt/ubna_data_02_mir/recover-20220922/UBNA_001/20220921_090000.WAV,Telephone Field,recover-20220922,001,1795
522.0015,522.0094,49531,55272,Pipistrellus pipistrellus,0.017,0.023,-1,Echolocation,/mnt/ubna_data_02_mir/recover-20220922/UBNA_001/20220921_090000.WAV,Telephone Field,recover-20220922,001,1795
522.0015,522.0108,21171,26649,Nyctalus leisleri,0.01,0.026,-1,Echolocation,/mnt/ubna_data_02_mir/recover-20220922/UBNA_001/20220921_090000.WAV,Telephone Field,recover-20220922,001,1795
522.0015,522.0309,69296,81730,Rhinolophus ferrumequinum,0.039,0.039,-1,Echolocation,/mnt/ubna_data_02_mir/recover-20220922/UBNA_001/20220921_090000.WAV,Telephone Field,recover-20220922,001,1795
522.0165,522.0566,68437,82315,Rhinolophus ferrumequinum,0.023,0.023,-1,Echolocation,/mnt/ubna_data_02_mir/recover-20220922/UBNA_001/20220921_090000.WAV,Telephone Field,recover-20220922,001,1795
522.0555,522.0973,68437,82489,Rhinolophus ferrumequinum,0.025,0.025,-1,Echolocation,/mnt/ubna_data_02_mir/recover-20220922/UBNA_001/20220921_090000.WAV,Telephone Field,recover-20220922,001,1795
522.0675,522.0747,25468,35135,Plecotus austriacus,0.011,0.041,-1,Echolocation,/mnt/ubna_data_02_mir/recover-20220922/UBNA_001/20220921_090000.WAV,Telephone Field,recover-20220922,001,1795
522.0785,522.1179,68437,82532,Rhinolophus ferrumequinum,0.023,0.023,-1,Echolocation,/mnt/ubna_data_02_mir/recover-20220922/UBNA_001/20220921_090000.WAV,Telephone Field,recover-20220922,001,1795
522.0895,522.1002,53828,57740,Pipistrellus pygmaeus,0.034,0.037,-1,Echolocation,/mnt/ubna_data_02_mir/recover-20220922/UBNA_001/20220921_090000.WAV,Telephone Field,recover-20220922,001,1795
522.1115,522.1527,68437,82799,Rhinolophus ferrumequinum,0.034,0.034,-1,Echolocation,/mnt/ubna_data_02_mir/recover-20220922/UBNA_001/20220921_090000.WAV,Telephone Field,recover-20220922,001,1795
522.1635,522.2047,68437,82984,Rhinolophus ferrumequinum,0.032,0.032,-1,Echolocation,/mnt/ubna_data_02_mir/recover-20220922/UBNA_001/20220921_090000.WAV,Telephone Field,recover-20220922,001,1795
522.1995,522.2364,68437,81274,Rhinolophus ferrumequinum,0.024,0.024,-1,Echolocation,/mnt/ubna_data_02_mir/recover-20220922/UBNA_001/20220921_090000.WAV,Telephone Field,recover-20220922,001,1795
522.2305,522.2423,22031,26910,Nyctalus leisleri,0.012,0.023,-1,Echolocation,/mnt/ubna_data_02_mir/recover-20220922/UBNA_001/20220921_090000.WAV,Telephone Field,recover-20220922,001,1795
522.2355,522.2744,68437,82591,Rhinolophus ferrumequinum,0.024,0.024,-1,Echolocation,/mnt/ubna_data_02_mir/recover-20220922/UBNA_001/20220921_090000.WAV,Telephone Field,recover-20220922,001,1795
522.2575,522.2675,28906,38798,Eptesicus serotinus,0.009,0.023,-1,Echolocation,/mnt/ubna_data_02_mir/recover-20220922/UBNA_001/20220921_090000.WAV,Telephone Field,recover-20220922,001,1795
522.2585,522.2977,68437,82485,Rhinolophus ferrumequinum,0.029,0.029,-1,Echolocation,/mnt/ubna_data_02_mir/recover-20220922/UBNA_001/20220921_090000.WAV,Telephone Field,recover-20220922,001,1795
522.2955,522.3314,68437,81057,Rhinolophus ferrumequinum,0.024,0.024,-1,Echolocation,/mnt/ubna_data_02_mir/recover-20220922/UBNA_001/20220921_090000.WAV,Telephone Field,recover-20220922,001,1795
522.3165,522.3237,45234,49498,Pipistrellus pipistrellus,0.027,0.029,-1,Echolocation,/mnt/ubna_data_02_mir/recover-20220922/UBNA_001/20220921_090000.WAV,Telephone Field,recover-20220922,001,1795
522.3515,522.3603,23750,31089,Plecotus austriacus,0.008,0.025,-1,Echolocation,/mnt/ubna_data_02_mir/recover-20220922/UBNA_001/20220921_090000.WAV,Telephone Field,recover-20220922,001,1795
522.3595,522.3966,68437,81537,Rhinolophus ferrumequinum,0.026,0.026,-1,Echolocation,/mnt/ubna_data_02_mir/recover-20220922/UBNA_001/20220921_090000.WAV,Telephone Field,recover-20220922,001,1795
522.3705,522.4119,68437,82665,Rhinolophus ferrumequinum,0.03,0.03,-1,Echolocation,/mnt/ubna_data_02_mir/recover-20220922/UBNA_001/20220921_090000.WAV,Telephone Field,recover-20220922,001,1795
522.3865,522.4262,68437,82034,Rhinolophus ferrumequinum,0.024,0.024,-1,Echolocation,/mnt/ubna_data_02_mir/recover-20220922/UBNA_001/20220921_090000.WAV,Telephone Field,recover-20220922,001,1795
522.4885,522.527,68437,82534,Rhinolophus ferrumequinum,0.027,0.027,-1,Echolocation,/mnt/ubna_data_02_mir/recover-20220922/UBNA_001/20220921_090000.WAV,Telephone Field,recover-20220922,001,1795
522.5045,522.5426,68437,82139,Rhinolophus ferrumequinum,0.024,0.024,-1,Echolocation,/mnt/ubna_data_02_mir/recover-20220922/UBNA_001/20220921_090000.WAV,Telephone Field,recover-20220922,001,1795
522.5225,522.5559,68437,80640,Rhinolophus ferrumequinum,0.023,0.024,-1,Echolocation,/mnt/ubna_data_02_mir/recover-20220922/UBNA_001/20220921_090000.WAV,Telephone Field,recover-20220922,001,1795
522.5275,522.5339,28046,40416,Eptesicus serotinus,0.007,0.03,-1,Echolocation,/mnt/ubna_data_02_mir/recover-20220922/UBNA_001/20220921_090000.WAV,Telephone Field,recover-20220922,001,1795
522.5575,522.5974,68437,81849,Rhinolophus ferrumequinum,0.043,0.043,-1,Echolocation,/mnt/ubna_data_02_mir/recover-20220922/UBNA_001/20220921_090000.WAV,Telephone Field,recover-20220922,001,1795
522.5655,522.5741,28906,37648,Eptesicus serotinus,0.008,0.024,-1,Echolocation,/mnt/ubna_data_02_mir/recover-20220922/UBNA_001/20220921_090000.WAV,Telephone Field,recover-20220922,001,1795
522.5805,522.6193,68437,82704,Rhinolophus ferrumequinum,0.026,0.026,-1,Echolocation,/mnt/ubna_data_02_mir/recover-20220922/UBNA_001/20220921_090000.WAV,Telephone Field,recover-20220922,001,1795
522.5955,522.6065,22031,26010,Nyctalus leisleri,0.013,0.023,-1,Echolocation,/mnt/ubna_data_02_mir/recover-20220922/UBNA_001/20220921_090000.WAV,Telephone Field,recover-20220922,001,1795
522.6055,522.6435,68437,82315,Rhinolophus ferrumequinum,0.026,0.026,-1,Echolocation,/mnt/ubna_data_02_mir/recover-20220922/UBNA_001/20220921_090000.WAV,Telephone Field,recover-20220922,001,1795
522.6245,522.6659,68437,83078,Rhinolophus ferrumequinum,0.034,0.034,-1,Echolocation,/mnt/ubna_data_02_mir/recover-20220922/UBNA_001/20220921_090000.WAV,Telephone Field,recover-20220922,001,1795
522.6385,522.6805,68437,82857,Rhinolophus ferrumequinum,0.028,0.028,-1,Echolocation,/mnt/ubna_data_02_mir/recover-20220922/UBNA_001/20220921_090000.WAV,Telephone Field,recover-20220922,001,1795
522.6805,522.7199,68437,82413,Rhinolophus ferrumequinum,0.023,0.023,-1,Echolocation,/mnt/ubna_data_02_mir/recover-20220922/UBNA_001/20220921_090000.WAV,Telephone Field,recover-20220922,001,1795
522.7155,522.7557,68437,82122,Rhinolophus ferrumequinum,0.024,0.024,-1,Echolocation,/mnt/ubna_data_02_mir/recover-20220922/UBNA_001/20220921_090000.WAV,Telephone Field,recover-20220922,001,1795
522.7375,522.7445,24609,33909,Plecotus austriacus,0.009,0.026,-1,Echolocation,/mnt/ubna_data_02_mir/recover-20220922/UBNA_001/20220921_090000.WAV,Telephone Field,recover-20220922,001,1795
522.7425,522.784,68437,82792,Rhinolophus ferrumequinum,0.026,0.026,-1,Echolocation,/mnt/ubna_data_02_mir/recover-20220922/UBNA_001/20220921_090000.WAV,Telephone Field,recover-20220922,001,1795
522.7655,522.8044,68437,82315,Rhinolophus ferrumequinum,0.024,0.024,-1,Echolocation,/mnt/ubna_data_02_mir/recover-20220922/UBNA_001/20220921_090000.WAV,Telephone Field,recover-20220922,001,1795
522.7895,522.8304,68437,82550,Rhinolophus ferrumequinum,0.027,0.027,-1,Echolocation,/mnt/ubna_data_02_mir/recover-20220922/UBNA_001/20220921_090000.WAV,Telephone Field,recover-20220922,001,1795
522.8175,522.8563,68437,82020,Rhinolophus ferrumequinum,0.025,0.025,-1,Echolocation,/mnt/ubna_data_02_mir/recover-20220922/UBNA_001/20220921_090000.WAV,Telephone Field,recover-20220922,001,1795
522.8325,522.8699,68437,82077,Rhinolophus ferrumequinum,0.025,0.025,-1,Echolocation,/mnt/ubna_data_02_mir/recover-20220922/UBNA_001/20220921_090000.WAV,Telephone Field,recover-20220922,001,1795
522.8395,522.88,68437,82877,Rhinolophus ferrumequinum,0.027,0.027,-1,Echolocation,/mnt/ubna_data_02_mir/recover-20220922/UBNA_001/20220921_090000.WAV,Telephone Field,recover-20220922,001,1795
522.8675,522.9073,68437,82783,Rhinolophus ferrumequinum,0.029,0.029,-1,Echolocation,/mnt/ubna_data_02_mir/recover-20220922/UBNA_001/20220921_090000.WAV,Telephone Field,recover-20220922,001,1795
522.8965,522.9096,22031,25878,Nyctalus leisleri,0.016,0.025,-1,Echolocation,/mnt/ubna_data_02_mir/recover-20220922/UBNA_001/20220921_090000.WAV,Telephone Field,recover-20220922,001,1795
522.8965,522.9345,68437,81801,Rhinolophus ferrumequinum,0.027,0.027,-1,Echolocation,/mnt/ubna_data_02_mir/recover-20220922/UBNA_001/20220921_090000.WAV,Telephone Field,recover-20220922,001,1795
522.9145,522.9543,68437,82183,Rhinolophus ferrumequinum,0.023,0.023,-1,Echolocation,/mnt/ubna_data_02_mir/recover-20220922/UBNA_001/20220921_090000.WAV,Telephone Field,recover-20220922,001,1795
522.9215,522.9619,68437,82848,Rhinolophus ferrumequinum,0.027,0.027,-1,Echolocation,/mnt/ubna_data_02_mir/recover-20220922/UBNA_001/20220921_090000.WAV,Telephone Field,recover-20220922,001,1795
522.9265,522.966,68437,82683,Rhinolophus ferrumequinum,0.027,0.027,-1,Echolocation,/mnt/ubna_data_02_mir/recover-20220922/UBNA_001/20220921_090000.WAV,Telephone Field,recover-20220922,001,1795
522.9575,522.9907,68437,80834,Rhinolophus ferrumequinum,0.05,0.05,-1,Echolocation,/mnt/ubna_data_02_mir/recover-20220922/UBNA_001/20220921_090000.WAV,Telephone Field,recover-20220922,001,1795
522.9825,523.0194,68437,81776,Rhinolophus ferrumequinum,0.027,0.028,-1,Echolocation,/mnt/ubna_data_02_mir/recover-20220922/UBNA_001/20220921_090000.WAV,Telephone Field,recover-20220922,001,1795
523.0055,523.0141,27187,35766,Eptesicus serotinus,0.011,0.026,-1,Echolocation,/mnt/ubna_data_02_mir/recover-20220922/UBNA_001/20220921_090000.WAV,Telephone Field,recover-20220922,001,1795
523.0075,523.0426,68437,81462,Rhinolophus ferrumequinum,0.024,0.024,-1,Echolocation,/mnt/ubna_data_02_mir/recover-20220922/UBNA_001/20220921_090000.WAV,Telephone Field,recover-20220922,001,1795
523.0355,523.0448,28046,35763,Eptesicus serotinus,0.01,0.023,-1,Echolocation,/mnt/ubna_data_02_mir/recover-20220922/UBNA_001/20220921_090000.WAV,Telephone Field,recover-20220922,001,1795
523.0355,523.0718,68437,81237,Rhinolophus ferrumequinum,0.024,0.024,-1,Echolocation,/mnt/ubna_data_02_mir/recover-20220922/UBNA_001/20220921_090000.WAV,Telephone Field,recover-20220922,001,1795
523.0575,523.0999,68437,83002,Rhinolophus ferrumequinum,0.032,0.032,-1,Echolocation,/mnt/ubna_data_02_mir/recover-20220922/UBNA_001/20220921_090000.WAV,Telephone Field,recover-20220922,001,1795
523.0905,523.1292,68437,82000,Rhinolophus ferrumequinum,0.024,0.024,-1,Echolocation,/mnt/ubna_data_02_mir/recover-20220922/UBNA_001/20220921_090000.WAV,Telephone Field,recover-20220922,001,1795
523.1225,523.1318,28046,39216,Eptesicus serotinus,0.011,0.026,-1,Echolocation,/mnt/ubna_data_02_mir/recover-20220922/UBNA_001/20220921_090000.WAV,Telephone Field,recover-20220922,001,1795
523.1325,523.1715,68437,82471,Rhinolophus ferrumequinum,0.024,0.024,-1,Echolocation,/mnt/ubna_data_02_mir/recover-20220922/UBNA_001/20220921_090000.WAV,Telephone Field,recover-20220922,001,1795
523.1525,523.1616,15156,23950,Nyctalus noctula,0.013,0.03,-1,Echolocation,/mnt/ubna_data_02_mir/recover-20220922/UBNA_001/20220921_090000.WAV,Telephone Field,recover-20220922,001,1795
523.1605,523.2065,68437,84020,Rhinolophus ferrumequinum,0.053,0.053,-1,Echolocation,/mnt/ubna_data_02_mir/recover-20220922/UBNA_001/20220921_090000.WAV,Telephone Field,recover-20220922,001,1795
523.1615,523.1719,28906,36682,Eptesicus serotinus,0.011,0.024,-1,Echolocation,/mnt/ubna_data_02_mir/recover-20220922/UBNA_001/20220921_090000.WAV,Telephone Field,recover-20220922,001,1795
523.1765,523.1868,26328,34254,Eptesicus serotinus,0.011,0.023,-1,Echolocation,/mnt/ubna_data_02_mir/recover-20220922/UBNA_001/20220921_090000.WAV,Telephone Field,recover-20220922,001,1795
523.1785,523.2163,68437,82168,Rhinolophus ferrumequinum,0.024,0.024,-1,Echolocation,/mnt/ubna_data_02_mir/recover-20220922/UBNA_001/20220921_090000.WAV,Telephone Field,recover-20220922,001,1795
523.1905,523.2305,68437,82335,Rhinolophus ferrumequinum,0.024,0.024,-1,Echolocation,/mnt/ubna_data_02_mir/recover-20220922/UBNA_001/20220921_090000.WAV,Telephone Field,recover-20220922,001,1795
523.2005,523.2087,28906,38513,Eptesicus serotinus,0.008,0.025,-1,Echolocation,/mnt/ubna_data_02_mir/recover-20220922/UBNA_001/20220921_090000.WAV,Telephone Field,recover-20220922,001,1795
523.2155,523.2553,68437,82267,Rhinolophus ferrumequinum,0.03,0.03,-1,Echolocation,/mnt/ubna_data_02_mir/recover-20220922/UBNA_001/20220921_090000.WAV,Telephone Field,recover-20220922,001,1795
523.2465,523.2541,26328,37046,Eptesicus serotinus,0.007,0.023,-1,Echolocation,/mnt/ubna_data_02_mir/recover-20220922/UBNA_001/20220921_090000.WAV,Telephone Field,recover-20220922,001,1795
523.2625,523.2694,28046,37189,Eptesicus serotinus,0.007,0.023,-1,Echolocation,/mnt/ubna_data_02_mir/recover-20220922/UBNA_001/20220921_090000.WAV,Telephone Field,recover-20220922,001,1795
523.2825,523.2896,26328,35666,Eptesicus serotinus,0.007,0.023,-1,Echolocation,/mnt/ubna_data_02_mir/recover-20220922/UBNA_001/20220921_090000.WAV,Telephone Field,recover-20220922,001,1795
523.2995,523.3455,68437,83809,Rhinolophus ferrumequinum,0.087,0.087,-1,Echolocation,/mnt/ubna_data_02_mir/recover-20220922/UBNA_001/20220921_090000.WAV,Telephone Field,recover-20220922,001,1795
523.3115,523.3549,68437,83254,Rhinolophus ferrumequinum,0.032,0.032,-1,Echolocation,/mnt/ubna_data_02_mir/recover-20220922/UBNA_001/20220921_090000.WAV,Telephone Field,recover-20220922,001,1795
523.3435,523.3754,68437,79976,Rhinolophus ferrumequinum,0.026,0.026,-1,Echolocation,/mnt/ubna_data_02_mir/recover-20220922/UBNA_001/20220921_090000.WAV,Telephone Field,recover-20220922,001,1795
523.3505,523.3867,68437,81517,Rhinolophus ferrumequinum,0.023,0.023,-1,Echolocation,/mnt/ubna_data_02_mir/recover-20220922/UBNA_001/20220921_090000.WAV,Telephone Field,recover-20220922,001,1795
523.3555,523.3659,22890,28912,Nyctalus leisleri,0.01,0.023,-1,Echolocation,/mnt/ubna_data_02_mir/recover-20220922/UBNA_001/20220921_090000.WAV,Telephone Field,recover-20220922,001,1795
523.3655,523.4068,68437,83128,Rhinolophus ferrumequinum,0.057,0.057,-1,Echolocation,/mnt/ubna_data_02_mir/recover-20220922/UBNA_001/20220921_090000.WAV,Telephone Field,recover-20220922,001,1795
523.3805,523.4212,68437,83414,Rhinolophus ferrumequinum,0.034,0.034,-1,Echolocation,/mnt/ubna_data_02_mir/recover-20220922/UBNA_001/20220921_090000.WAV,Telephone Field,recover-20220922,001,1795
523.3915,523.4293,68437,82482,Rhinolophus ferrumequinum,0.024,0.024,-1,Echolocation,/mnt/ubna_data_02_mir/recover-20220922/UBNA_001/20220921_090000.WAV,Telephone Field,recover-20220922,001,1795
523.4085,523.4145,24609,36421,Plecotus austriacus,0.015,0.032,-1,Echolocation,/mnt/ubna_data_02_mir/recover-20220922/UBNA_001/20220921_090000.WAV,Telephone Field,recover-20220922,001,1795
523.4085,523.4484,68437,82793,Rhinolophus ferrumequinum,0.029,0.029,-1,Echolocation,/mnt/ubna_data_02_mir/recover-20220922/UBNA_001/20220921_090000.WAV,Telephone Field,recover-20220922,001,1795
523.4225,523.4645,68437,83151,Rhinolophus ferrumequinum,0.03,0.03,-1,Echolocation,/mnt/ubna_data_02_mir/recover-20220922/UBNA_001/20220921_090000.WAV,Telephone Field,recover-20220922,001,1795
523.4265,523.4356,22890,29473,Nyctalus leisleri,0.008,0.023,-1,Echolocation,/mnt/ubna_data_02_mir/recover-20220922/UBNA_001/20220921_090000.WAV,Telephone Field,recover-20220922,001,1795
523.4395,523.473,68437,80487,Rhinolophus ferrumequinum,0.029,0.029,-1,Echolocation,/mnt/ubna_data_02_mir/recover-20220922/UBNA_001/20220921_090000.WAV,Telephone Field,recover-20220922,001,1795
523.4635,523.5031,68437,82337,Rhinolophus ferrumequinum,0.024,0.024,-1,Echolocation,/mnt/ubna_data_02_mir/recover-20220922/UBNA_001/20220921_090000.WAV,Telephone Field,recover-20220922,001,1795
523.4955,523.5364,68437,82638,Rhinolophus ferrumequinum,0.031,0.031,-1,Echolocation,/mnt/ubna_data_02_mir/recover-20220922/UBNA_001/20220921_090000.WAV,Telephone Field,recover-20220922,001,1795
523.5155,523.5564,68437,82384,Rhinolophus ferrumequinum,0.027,0.027,-1,Echolocation,/mnt/ubna_data_02_mir/recover-20220922/UBNA_001/20220921_090000.WAV,Telephone Field,recover-20220922,001,1795
523.5645,523.5992,68437,81019,Rhinolophus ferrumequinum,0.034,0.035,-1,Echolocation,/mnt/ubna_data_02_mir/recover-20220922/UBNA_001/20220921_090000.WAV,Telephone Field,recover-20220922,001,1795
523.5775,523.6139,68437,81177,Rhinolophus ferrumequinum,0.026,0.026,-1,Echolocation,/mnt/ubna_data_02_mir/recover-20220922/UBNA_001/20220921_090000.WAV,Telephone Field,recover-20220922,001,1795
523.5825,523.6201,68437,81476,Rhinolophus ferrumequinum,0.025,0.025,-1,Echolocation,/mnt/ubna_data_02_mir/recover-20220922/UBNA_001/20220921_090000.WAV,Telephone Field,recover-20220922,001,1795
523.5895,523.6008,28906,35458,Eptesicus serotinus,0.019,0.034,-1,Echolocation,/mnt/ubna_data_02_mir/recover-20220922/UBNA_001/20220921_090000.WAV,Telephone Field,recover-20220922,001,1795
523.6035,523.6118,28906,39383,Eptesicus serotinus,0.008,0.025,-1,Echolocation,/mnt/ubna_data_02_mir/recover-20220922/UBNA_001/20220921_090000.WAV,Telephone Field,recover-20220922,001,1795
523.6075,523.6492,68437,82584,Rhinolophus ferrumequinum,0.025,0.025,-1,Echolocation,/mnt/ubna_data_02_mir/recover-20220922/UBNA_001/20220921_090000.WAV,Telephone Field,recover-20220922,001,1795
523.6215,523.6297,28906,37277,Eptesicus serotinus,0.007,0.024,-1,Echolocation,/mnt/ubna_data_02_mir/recover-20220922/UBNA_001/20220921_090000.WAV,Telephone Field,recover-20220922,001,1795
523.6315,523.6717,68437,82674,Rhinolophus ferrumequinum,0.033,0.033,-1,Echolocation,/mnt/ubna_data_02_mir/recover-20220922/UBNA_001/20220921_090000.WAV,Telephone Field,recover-20220922,001,1795
523.6825,523.7212,68437,82301,Rhinolophus ferrumequinum,0.025,0.025,-1,Echolocation,/mnt/ubna_data_02_mir/recover-20220922/UBNA_001/20220921_090000.WAV,Telephone Field,recover-20220922,001,1795
523.6925,523.7323,68437,82173,Rhinolophus ferrumequinum,0.023,0.023,-1,Echolocation,/mnt/ubna_data_02_mir/recover-20220922/UBNA_001/20220921_090000.WAV,Telephone Field,recover-20220922,001,1795
523.7025,523.7428,68437,82667,Rhinolophus ferrumequinum,0.025,0.025,-1,Echolocation,/mnt/ubna_data_02_mir/recover-20220922/UBNA_001/20220921_090000.WAV,Telephone Field,recover-20220922,001,1795
523.7835,523.8236,68437,82484,Rhinolophus ferrumequinum,0.023,0.023,-1,Echolocation,/mnt/ubna_data_02_mir/recover-20220922/UBNA_001/20220921_090000.WAV,Telephone Field,recover-20220922,001,1795
523.8075,523.8145,28046,38026,Eptesicus serotinus,0.008,0.024,-1,Echolocation,/mnt/ubna_data_02_mir/recover-20220922/UBNA_001/20220921_090000.WAV,Telephone Field,recover-20220922,001,1795
523.8205,523.8361,22031,25914,Nyctalus leisleri,0.018,0.031,-1,Echolocation,/mnt/ubna_data_02_mir/recover-20220922/UBNA_001/20220921_090000.WAV,Telephone Field,recover-20220922,001,1795
523.8255,523.8345,45234,49095,Pipistrellus pipistrellus,0.024,0.025,-1,Echolocation,/mnt/ubna_data_02_mir/recover-20220922/UBNA_001/20220921_090000.WAV,Telephone Field,recover-20220922,001,1795
523.8395,523.8776,68437,82355,Rhinolophus ferrumequinum,0.023,0.023,-1,Echolocation,/mnt/ubna_data_02_mir/recover-20220922/UBNA_001/20220921_090000.WAV,Telephone Field,recover-20220922,001,1795
523.8435,523.8501,28906,38842,Eptesicus serotinus,0.007,0.026,-1,Echolocation,/mnt/ubna_data_02_mir/recover-20220922/UBNA_001/20220921_090000.WAV,Telephone Field,recover-20220922,001,1795
523.8565,523.895,68437,82076,Rhinolophus ferrumequinum,0.026,0.026,-1,Echolocation,/mnt/ubna_data_02_mir/recover-20220922/UBNA_001/20220921_090000.WAV,Telephone Field,recover-20220922,001,1795
523.8705,523.9057,68437,81493,Rhinolophus ferrumequinum,0.025,0.025,-1,Echolocation,/mnt/ubna_data_02_mir/recover-20220922/UBNA_001/20220921_090000.WAV,Telephone Field,recover-20220922,001,1795
523.8955,523.9319,68437,81822,Rhinolophus ferrumequinum,0.028,0.028,-1,Echolocation,/mnt/ubna_data_02_mir/recover-20220922/UBNA_001/20220921_090000.WAV,Telephone Field,recover-20220922,001,1795
523.9015,523.9381,68437,81981,Rhinolophus ferrumequinum,0.024,0.024,-1,Echolocation,/mnt/ubna_data_02_mir/recover-20220922/UBNA_001/20220921_090000.WAV,Telephone Field,recover-20220922,001,1795
523.9375,523.9747,68437,81733,Rhinolophus ferrumequinum,0.024,0.024,-1,Echolocation,/mnt/ubna_data_02_mir/recover-20220922/UBNA_001/20220921_090000.WAV,Telephone Field,recover-20220922,001,1795
523.9605,523.9751,52968,57039,Pipistrellus pygmaeus,0.025,0.03,-1,Echolocation,/mnt/ubna_data_02_mir/recover-20220922/UBNA_001/20220921_090000.WAV,Telephone Field,recover-20220922,001,1795
523.9605,523.9995,68437,82372,Rhinolophus ferrumequinum,0.029,0.029,-1,Echolocation,/mnt/ubna_data_02_mir/recover-20220922/UBNA_001/20220921_090000.WAV,Telephone Field,recover-20220922,001,1795
524.0015,524.0351,68437,79665,Rhinolophus ferrumequinum,0.03,0.031,-1,Echolocation,/mnt/ubna_data_02_mir/recover-20220922/UBNA_001/20220921_090000.WAV,Telephone Field,recover-20220922,001,1795
524.0015,524.0114,22031,27607,Nyctalus leisleri,0.015,0.033,-1,Echolocation,/mnt/ubna_data_02_mir/recover-20220922/UBNA_001/20220921_090000.WAV,Telephone Field,recover-20220922,001,1795
524.0095,524.0508,68437,81928,Rhinolophus ferrumequinum,0.021,0.021,-1,Echolocation,/mnt/ubna_data_02_mir/recover-20220922/UBNA_001/20220921_090000.WAV,Telephone Field,recover-20220922,001,1795
524.0345,524.0513,21171,24309,Nyctalus leisleri,0.013,0.021,-1,Echolocation,/mnt/ubna_data_02_mir/recover-20220922/UBNA_001/20220921_090000.WAV,Telephone Field,recover-20220922,001,1795
524.0475,524.0869,68437,82458,Rhinolophus ferrumequinum,0.025,0.025,-1,Echolocation,/mnt/ubna_data_02_mir/recover-20220922/UBNA_001/20220921_090000.WAV,Telephone Field,recover-20220922,001,1795
524.0805,524.1182,68437,82151,Rhinolophus ferrumequinum,0.026,0.026,-1,Echolocation,/mnt/ubna_data_02_mir/recover-20220922/UBNA_001/20220921_090000.WAV,Telephone Field,recover-20220922,001,1795
524.0835,524.0945,14296,18278,Nyctalus noctula,0.03,0.05,-1,Echolocation,/mnt/ubna_data_02_mir/recover-20220922/UBNA_001/20220921_090000.WAV,Telephone Field,recover-20220922,001,1795
524.1195,524.1614,68437,82785,Rhinolophus ferrumequinum,0.039,0.039,-1,Echolocation,/mnt/ubna_data_02_mir/recover-20220922/UBNA_001/20220921_090000.WAV,Telephone Field,recover-20220922,001,1795
524.1975,524.2074,28046,36631,Eptesicus serotinus,0.01,0.025,-1,Echolocation,/mnt/ubna_data_02_mir/recover-20220922/UBNA_001/20220921_090000.WAV,Telephone Field,recover-20220922,001,1795
524.2245,524.2629,68437,81775,Rhinolophus ferrumequinum,0.021,0.021,-1,Echolocation,/mnt/ubna_data_02_mir/recover-20220922/UBNA_001/20220921_090000.WAV,Telephone Field,recover-20220922,001,1795
524.2445,524.2868,68437,82686,Rhinolophus ferrumequinum,0.028,0.028,-1,Echolocation,/mnt/ubna_data_02_mir/recover-20220922/UBNA_001/20220921_090000.WAV,Telephone Field,recover-20220922,001,1795
524.2915,524.3315,68437,82629,Rhinolophus ferrumequinum,0.029,0.029,-1,Echolocation,/mnt/ubna_data_02_mir/recover-20220922/UBNA_001/20220921_090000.WAV,Telephone Field,recover-20220922,001,1795
524.3055,524.3157,23750,30128,Nyctalus leisleri,0.009,0.025,-1,Echolocation,/mnt/ubna_data_02_mir/recover-20220922/UBNA_001/20220921_090000.WAV,Telephone Field,recover-20220922,001,1795
524.3135,524.3569,68437,83477,Rhinolophus ferrumequinum,0.039,0.039,-1,Echolocation,/mnt/ubna_data_02_mir/recover-20220922/UBNA_001/20220921_090000.WAV,Telephone Field,recover-20220922,001,1795
524.3175,524.326,50390,56353,Pipistrellus pipistrellus,0.026,0.03,-1,Echolocation,/mnt/ubna_data_02_mir/recover-20220922/UBNA_001/20220921_090000.WAV,Telephone Field,recover-20220922,001,1795
524.3435,524.3846,68437,82225,Rhinolophus ferrumequinum,0.022,0.022,-1,Echolocation,/mnt/ubna_data_02_mir/recover-20220922/UBNA_001/20220921_090000.WAV,Telephone Field,recover-20220922,001,1795
524.3455,524.3532,25468,37299,Myotis nattereri,0.006,0.023,-1,Echolocation,/mnt/ubna_data_02_mir/recover-20220922/UBNA_001/20220921_090000.WAV,Telephone Field,recover-20220922,001,1795
524.3505,524.3902,68437,81742,Rhinolophus ferrumequinum,0.022,0.022,-1,Echolocation,/mnt/ubna_data_02_mir/recover-20220922/UBNA_001/20220921_090000.WAV,Telephone Field,recover-20220922,001,1795
524.4005,524.4381,68437,81730,Rhinolophus ferrumequinum,0.024,0.024,-1,Echolocation,/mnt/ubna_data_02_mir/recover-20220922/UBNA_001/20220921_090000.WAV,Telephone Field,recover-20220922,001,1795
524.4105,524.4184,28046,40017,Eptesicus serotinus,0.008,0.024,-1,Echolocation,/mnt/ubna_data_02_mir/recover-20220922/UBNA_001/20220921_090000.WAV,Telephone Field,recover-20220922,001,1795
524.4375,524.4452,27187,43065,Eptesicus serotinus,0.007,0.025,-1,Echolocation,/mnt/ubna_data_02_mir/recover-20220922/UBNA_001/20220921_090000.WAV,Telephone Field,recover-20220922,001,1795
524.4565,524.4966,68437,82699,Rhinolophus ferrumequinum,0.026,0.026,-1,Echolocation,/mnt/ubna_data_02_mir/recover-20220922/UBNA_001/20220921_090000.WAV,Telephone Field,recover-20220922,001,1795
524.4625,524.5016,68437,82590,Rhinolophus ferrumequinum,0.024,0.024,-1,Echolocation,/mnt/ubna_data_02_mir/recover-20220922/UBNA_001/20220921_090000.WAV,Telephone Field,recover-20220922,001,1795
524.4875,524.4947,28046,42517,Eptesicus serotinus,0.006,0.022,-1,Echolocation,/mnt/ubna_data_02_mir/recover-20220922/UBNA_001/20220921_090000.WAV,Telephone Field,recover-20220922,001,1795
524.5145,524.522,28046,39185,Eptesicus serotinus,0.007,0.023,-1,Echolocation,/mnt/ubna_data_02_mir/recover-20220922/UBNA_001/20220921_090000.WAV,Telephone Field,recover-20220922,001,1795
524.5375,524.5716,68437,81061,Rhinolophus ferrumequinum,0.023,0.023,-1,Echolocation,/mnt/ubna_data_02_mir/recover-20220922/UBNA_001/20220921_090000.WAV,Telephone Field,recover-20220922,001,1795
524.5465,524.5847,68437,81847,Rhinolophus ferrumequinum,0.021,0.021,-1,Echolocation,/mnt/ubna_data_02_mir/recover-20220922/UBNA_001/20220921_090000.WAV,Telephone Field,recover-20220922,001,1795
524.5565,524.5672,28906,37447,Eptesicus serotinus,0.01,0.024,-1,Echolocation,/mnt/ubna_data_02_mir/recover-20220922/UBNA_001/20220921_090000.WAV,Telephone Field,recover-20220922,001,1795
524.5705,524.6091,68437,82093,Rhinolophus ferrumequinum,0.022,0.022,-1,Echolocation,/mnt/ubna_data_02_mir/recover-20220922/UBNA_001/20220921_090000.WAV,Telephone Field,recover-20220922,001,1795
524.6095,524.6525,68437,83129,Rhinolophus ferrumequinum,0.025,0.025,-1,Echolocation,/mnt/ubna_data_02_mir/recover-20220922/UBNA_001/20220921_090000.WAV,Telephone Field,recover-20220922,001,1795
524.6275,524.6673,68437,82633,Rhinolophus ferrumequinum,0.022,0.022,-1,Echolocation,/mnt/ubna_data_02_mir/recover-20220922/UBNA_001/20220921_090000.WAV,Telephone Field,recover-20220922,001,1795
524.6565,524.671,21171,24186,Nyctalus leisleri,0.015,0.021,-1,Echolocation,/mnt/ubna_data_02_mir/recover-20220922/UBNA_001/20220921_090000.WAV,Telephone Field,recover-20220922,001,1795
524.7015,524.7404,68437,82210,Rhinolophus ferrumequinum,0.024,0.024,-1,Echolocation,/mnt/ubna_data_02_mir/recover-20220922/UBNA_001/20220921_090000.WAV,Telephone Field,recover-20220922,001,1795
524.7285,524.7671,68437,82387,Rhinolophus ferrumequinum,0.022,0.022,-1,Echolocation,/mnt/ubna_data_02_mir/recover-20220922/UBNA_001/20220921_090000.WAV,Telephone Field,recover-20220922,001,1795
524.7525,524.7864,68437,80249,Rhinolophus ferrumequinum,0.035,0.035,-1,Echolocation,/mnt/ubna_data_02_mir/recover-20220922/UBNA_001/20220921_090000.WAV,Telephone Field,recover-20220922,001,1795
524.7835,524.7942,23750,29531,Nyctalus leisleri,0.009,0.022,-1,Echolocation,/mnt/ubna_data_02_mir/recover-20220922/UBNA_001/20220921_090000.WAV,Telephone Field,recover-20220922,001,1795
524.8125,524.8515,68437,81798,Rhinolophus ferrumequinum,0.033,0.034,-1,Echolocation,/mnt/ubna_data_02_mir/recover-20220922/UBNA_001/20220921_090000.WAV,Telephone Field,recover-20220922,001,1795
524.8215,524.8648,68437,83226,Rhinolophus ferrumequinum,0.027,0.027,-1,Echolocation,/mnt/ubna_data_02_mir/recover-20220922/UBNA_001/20220921_090000.WAV,Telephone Field,recover-20220922,001,1795
524.8795,524.921,68437,82644,Rhinolophus ferrumequinum,0.027,0.027,-1,Echolocation,/mnt/ubna_data_02_mir/recover-20220922/UBNA_001/20220921_090000.WAV,Telephone Field,recover-20220922,001,1795
524.8925,524.9299,68437,80989,Rhinolophus ferrumequinum,0.022,0.022,-1,Echolocation,/mnt/ubna_data_02_mir/recover-20220922/UBNA_001/20220921_090000.WAV,Telephone Field,recover-20220922,001,1795
524.9135,524.9523,68437,81827,Rhinolophus ferrumequinum,0.026,0.026,-1,Echolocation,/mnt/ubna_data_02_mir/recover-20220922/UBNA_001/20220921_090000.WAV,Telephone Field,recover-20220922,001,1795
524.9495,524.9932,68437,83511,Rhinolophus ferrumequinum,0.036,0.036,-1,Echolocation,/mnt/ubna_data_02_mir/recover-20220922/UBNA_001/20220921_090000.WAV,Telephone Field,recover-20220922,001,1795
524.9675,524.9769,24609,31623,Nyctalus leisleri,0.007,0.022,-1,Echolocation,/mnt/ubna_data_02_mir/recover-20220922/UBNA_001/20220921_090000.WAV,Telephone Field,recover-20220922,001,1795
524.9755,525.015,68437,82133,Rhinolophus ferrumequinum,0.022,0.022,-1,Echolocation,/mnt/ubna_data_02_mir/recover-20220922/UBNA_001/20220921_090000.WAV,Telephone Field,recover-20220922,001,1795
525.0185,525.055,68437,81373,Rhinolophus ferrumequinum,0.023,0.023,-1,Echolocation,/mnt/ubna_data_02_mir/recover-20220922/UBNA_001/20220921_090000.WAV,Telephone Field,recover-20220922,001,1795
525.0435,525.0517,23750,31643,Plecotus austriacus,0.008,0.022,-1,Echolocation,/mnt/ubna_data_02_mir/recover-20220922/UBNA_001/20220921_090000.WAV,Telephone Field,recover-20220922,001,1795
525.0795,525.1204,68437,82593,Rhinolophus ferrumequinum,0.025,0.025,-1,Echolocation,/mnt/ubna_data_02_mir/recover-20220922/UBNA_001/20220921_090000.WAV,Telephone Field,recover-20220922,001,1795
525.1025,525.1131,29765,36175,Eptesicus serotinus,0.009,0.022,-1,Echolocation,/mnt/ubna_data_02_mir/recover-20220922/UBNA_001/20220921_090000.WAV,Telephone Field,recover-20220922,001,1795
525.1295,525.1665,68437,81281,Rhinolophus ferrumequinum,0.022,0.022,-1,Echolocation,/mnt/ubna_data_02_mir/recover-20220922/UBNA_001/20220921_090000.WAV,Telephone Field,recover-20220922,001,1795
525.1365,525.1738,68437,81562,Rhinolophus ferrumequinum,0.022,0.022,-1,Echolocation,/mnt/ubna_data_02_mir/recover-20220922/UBNA_001/20220921_090000.WAV,Telephone Field,recover-20220922,001,1795
525.1915,525.2287,68437,81457,Rhinolophus ferrumequinum,0.025,0.025,-1,Echolocation,/mnt/ubna_data_02_mir/recover-20220922/UBNA_001/20220921_090000.WAV,Telephone Field,recover-20220922,001,1795
525.2085,525.2473,68437,82267,Rhinolophus ferrumequinum,0.026,0.026,-1,Echolocation,/mnt/ubna_data_02_mir/recover-20220922/UBNA_001/20220921_090000.WAV,Telephone Field,recover-20220922,001,1795
525.2135,525.2238,23750,29386,Nyctalus leisleri,0.009,0.021,-1,Echolocation,/mnt/ubna_data_02_mir/recover-20220922/UBNA_001/20220921_090000.WAV,Telephone Field,recover-20220922,001,1795
525.2395,525.2823,68437,82941,Rhinolophus ferrumequinum,0.027,0.027,-1,Echolocation,/mnt/ubna_data_02_mir/recover-20220922/UBNA_001/20220921_090000.WAV,Telephone Field,recover-20220922,001,1795
525.2395,525.2475,28046,38491,Eptesicus serotinus,0.007,0.022,-1,Echolocation,/mnt/ubna_data_02_mir/recover-20220922/UBNA_001/20220921_090000.WAV,Telephone Field,recover-20220922,001,1795
525.2515,525.2668,22031,25888,Nyctalus leisleri,0.017,0.03,-1,Echolocation,/mnt/ubna_data_02_mir/recover-20220922/UBNA_001/20220921_090000.WAV,Telephone Field,recover-20220922,001,1795
525.3195,525.3577,68437,81480,Rhinolophus ferrumequinum,0.025,0.026,-1,Echolocation,/mnt/ubna_data_02_mir/recover-20220922/UBNA_001/20220921_090000.WAV,Telephone Field,recover-20220922,001,1795
525.3235,525.3336,24609,31053,Nyctalus leisleri,0.007,0.021,-1,Echolocation,/mnt/ubna_data_02_mir/recover-20220922/UBNA_001/20220921_090000.WAV,Telephone Field,recover-20220922,001,1795
525.3475,525.3555,28046,37929,Eptesicus serotinus,0.008,0.022,-1,Echolocation,/mnt/ubna_data_02_mir/recover-20220922/UBNA_001/20220921_090000.WAV,Telephone Field,recover-20220922,001,1795
525.3525,525.3609,45234,48504,Pipistrellus pipistrellus,0.046,0.047,-1,Echolocation,/mnt/ubna_data_02_mir/recover-20220922/UBNA_001/20220921_090000.WAV,Telephone Field,recover-20220922,001,1795
525.3595,525.3957,68437,81208,Rhinolophus ferrumequinum,0.021,0.021,-1,Echolocation,/mnt/ubna_data_02_mir/recover-20220922/UBNA_001/20220921_090000.WAV,Telephone Field,recover-20220922,001,1795
525.3805,525.4186,68437,82318,Rhinolophus ferrumequinum,0.023,0.023,-1,Echolocation,/mnt/ubna_data_02_mir/recover-20220922/UBNA_001/20220921_090000.WAV,Telephone Field,recover-20220922,001,1795
525.3805,525.3896,45234,51532,Pipistrellus pipistrellus,0.018,0.023,-1,Echolocation,/mnt/ubna_data_02_mir/recover-20220922/UBNA_001/20220921_090000.WAV,Telephone Field,recover-20220922,001,1795
525.3945,525.4031,28046,36907,Eptesicus serotinus,0.008,0.021,-1,Echolocation,/mnt/ubna_data_02_mir/recover-20220922/UBNA_001/20220921_090000.WAV,Telephone Field,recover-20220922,001,1795
525.4105,525.45,68437,82292,Rhinolophus ferrumequinum,0.021,0.021,-1,Echolocation,/mnt/ubna_data_02_mir/recover-20220922/UBNA_001/20220921_090000.WAV,Telephone Field,recover-20220922,001,1795
525.4335,525.4436,28906,37574,Eptesicus serotinus,0.01,0.023,-1,Echolocation,/mnt/ubna_data_02_mir/recover-20220922/UBNA_001/20220921_090000.WAV,Telephone Field,recover-20220922,001,1795
525.4385,525.4464,28046,39074,Eptesicus serotinus,0.008,0.023,-1,Echolocation,/mnt/ubna_data_02_mir/recover-20220922/UBNA_001/20220921_090000.WAV,Telephone Field,recover-20220922,001,1795
525.4395,525.4776,68437,81924,Rhinolophus ferrumequinum,0.023,0.023,-1,Echolocation,/mnt/ubna_data_02_mir/recover-20220922/UBNA_001/20220921_090000.WAV,Telephone Field,recover-20220922,001,1795
525.4555,525.5005,68437,83625,Rhinolophus ferrumequinum,0.035,0.035,-1,Echolocation,/mnt/ubna_data_02_mir/recover-20220922/UBNA_001/20220921_090000.WAV,Telephone Field,recover-20220922,001,1795
525.4825,525.5185,68437,81295,Rhinolophus ferrumequinum,0.025,0.026,-1,Echolocation,/mnt/ubna_data_02_mir/recover-20220922/UBNA_001/20220921_090000.WAV,Telephone Field,recover-20220922,001,1795
525.5165,525.5549,68437,82329,Rhinolophus ferrumequinum,0.022,0.022,-1,Echolocation,/mnt/ubna_data_02_mir/recover-20220922/UBNA_001/20220921_090000.WAV,Telephone Field,recover-20220922,001,1795
525.5295,525.5692,68437,82401,Rhinolophus ferrumequinum,0.021,0.021,-1,Echolocation,/mnt/ubna_data_02_mir/recover-20220922/UBNA_001/20220921_090000.WAV,Telephone Field,recover-20220922,001,1795
525.5515,525.5943,68437,82820,Rhinolophus ferrumequinum,0.024,0.024,-1,Echolocation,/mnt/ubna_data_02_mir/recover-20220922/UBNA_001/20220921_090000.WAV,Telephone Field,recover-20220922,001,1795
525.5765,525.6157,68437,82674,Rhinolophus ferrumequinum,0.031,0.031,-1,Echolocation,/mnt/ubna_data_02_mir/recover-20220922/UBNA_001/20220921_090000.WAV,Telephone Field,recover-20220922,001,1795
525.6395,525.6785,68437,82402,Rhinolophus ferrumequinum,0.021,0.021,-1,Echolocation,/mnt/ubna_data_02_mir/recover-20220922/UBNA_001/20220921_090000.WAV,Telephone Field,recover-20220922,001,1795
525.6595,525.7005,68437,82684,Rhinolophus ferrumequinum,0.024,0.024,-1,Echolocation,/mnt/ubna_data_02_mir/recover-20220922/UBNA_001/20220921_090000.WAV,Telephone Field,recover-20220922,001,1795
525.6655,525.7054,68437,82351,Rhinolophus ferrumequinum,0.023,0.023,-1,Echolocation,/mnt/ubna_data_02_mir/recover-20220922/UBNA_001/20220921_090000.WAV,Telephone Field,recover-20220922,001,1795
525.6835,525.7221,68437,82242,Rhinolophus ferrumequinum,0.024,0.024,-1,Echolocation,/mnt/ubna_data_02_mir/recover-20220922/UBNA_001/20220921_090000.WAV,Telephone Field,recover-20220922,001,1795
525.7065,525.7454,68437,82365,Rhinolophus ferrumequinum,0.021,0.021,-1,Echolocation,/mnt/ubna_data_02_mir/recover-20220922/UBNA_001/20220921_090000.WAV,Telephone Field,recover-20220922,001,1795
525.7285,525.767,68437,82248,Rhinolophus ferrumequinum,0.023,0.023,-1,Echolocation,/mnt/ubna_data_02_mir/recover-20220922/UBNA_001/20220921_090000.WAV,Telephone Field,recover-20220922,001,1795
525.8055,525.8478,68437,82772,Rhinolophus ferrumequinum,0.029,0.029,-1,Echolocation,/mnt/ubna_data_02_mir/recover-20220922/UBNA_001/20220921_090000.WAV,Telephone Field,recover-20220922,001,1795
525.8355,525.8714,68437,81715,Rhinolophus ferrumequinum,0.024,0.024,-1,Echolocation,/mnt/ubna_data_02_mir/recover-20220922/UBNA_001/20220921_090000.WAV,Telephone Field,recover-20220922,001,1795
525.8465,525.8562,23750,31362,Nyctalus leisleri,0.008,0.024,-1,Echolocation,/mnt/ubna_data_02_mir/recover-20220922/UBNA_001/20220921_090000.WAV,Telephone Field,recover-20220922,001,1795
525.8735,525.9109,68437,81538,Rhinolophus ferrumequinum,0.021,0.021,-1,Echolocation,/mnt/ubna_data_02_mir/recover-20220922/UBNA_001/20220921_090000.WAV,Telephone Field,recover-20220922,001,1795
525.8875,525.8981,28906,36677,Eptesicus serotinus,0.012,0.026,-1,Echolocation,/mnt/ubna_data_02_mir/recover-20220922/UBNA_001/20220921_090000.WAV,Telephone Field,recover-20220922,001,1795
525.9535,525.9867,68437,80445,Rhinolophus ferrumequinum,0.023,0.023,-1,Echolocation,/mnt/ubna_data_02_mir/recover-20220922/UBNA_001/20220921_090000.WAV,Telephone Field,recover-20220922,001,1795
526.0015,526.0173,19453,23670,Nyctalus leisleri,0.014,0.027,-1,Echolocation,/mnt/ubna_data_02_mir/recover-20220922/UBNA_001/20220921_090000.WAV,Telephone Field,recover-20220922,001,1795
526.0015,526.01,30625,39424,Myotis daubentonii,0.006,0.023,-1,Echolocation,/mnt/ubna_data_02_mir/recover-20220922/UBNA_001/20220921_090000.WAV,Telephone Field,recover-20220922,001,1795
526.0165,526.0264,27187,37360,Eptesicus serotinus,0.011,0.029,-1,Echolocation,/mnt/ubna_data_02_mir/recover-20220922/UBNA_001/20220921_090000.WAV,Telephone Field,recover-20220922,001,1795
526.0415,526.052,23750,30008,Nyctalus leisleri,0.01,0.023,-1,Echolocation,/mnt/ubna_data_02_mir/recover-20220922/UBNA_001/20220921_090000.WAV,Telephone Field,recover-20220922,001,1795
526.0455,526.0876,68437,82917,Rhinolophus ferrumequinum,0.024,0.024,-1,Echolocation,/mnt/ubna_data_02_mir/recover-20220922/UBNA_001/20220921_090000.WAV,Telephone Field,recover-20220922,001,1795
526.0745,526.084,28906,36792,Eptesicus serotinus,0.01,0.023,-1,Echolocation,/mnt/ubna_data_02_mir/recover-20220922/UBNA_001/20220921_090000.WAV,Telephone Field,recover-20220922,001,1795
526.0795,526.121,68437,82633,Rhinolophus ferrumequinum,0.026,0.026,-1,Echolocation,/mnt/ubna_data_02_mir/recover-20220922/UBNA_001/20220921_090000.WAV,Telephone Field,recover-20220922,001,1795
526.1095,526.1502,68437,82089,Rhinolophus ferrumequinum,0.022,0.022,-1,Echolocation,/mnt/ubna_data_02_mir/recover-20220922/UBNA_001/20220921_090000.WAV,Telephone Field,recover-20220922,001,1795
526.1215,526.1609,68437,82329,Rhinolophus ferrumequinum,0.025,0.025,-1,Echolocation,/mnt/ubna_data_02_mir/recover-20220922/UBNA_001/20220921_090000.WAV,Telephone Field,recover-20220922,001,1795
526.1435,526.1822,68437,82482,Rhinolophus ferrumequinum,0.024,0.024,-1,Echolocation,/mnt/ubna_data_02_mir/recover-20220922/UBNA_001/20220921_090000.WAV,Telephone Field,recover-20220922,001,1795
526.1985,526.2382,68437,82182,Rhinolophus ferrumequinum,0.024,0.024,-1,Echolocation,/mnt/ubna_data_02_mir/recover-20220922/UBNA_001/20220921_090000.WAV,Telephone Field,recover-20220922,001,1795
526.2215,526.2356,56406,60885,Pipistrellus pygmaeus,0.044,0.046,-1,Echolocation,/mnt/ubna_data_02_mir/recover-20220922/UBNA_001/20220921_090000.WAV,Telephone Field,recover-20220922,001,1795
526.2275,526.2379,27187,35598,Eptesicus serotinus,0.011,0.022,-1,Echolocation,/mnt/ubna_data_02_mir/recover-20220922/UBNA_001/20220921_090000.WAV,Telephone Field,recover-20220922,001,1795
526.2785,526.3207,68437,82724,Rhinolophus ferrumequinum,0.028,0.028,-1,Echolocation,/mnt/ubna_data_02_mir/recover-20220922/UBNA_001/20220921_090000.WAV,Telephone Field,recover-20220922,001,1795
526.3265,526.3638,68437,82018,Rhinolophus ferrumequinum,0.024,0.024,-1,Echolocation,/mnt/ubna_data_02_mir/recover-20220922/UBNA_001/20220921_090000.WAV,Telephone Field,recover-20220922,001,1795
526.3505,526.391,68437,82865,Rhinolophus ferrumequinum,0.022,0.022,-1,Echolocation,/mnt/ubna_data_02_mir/recover-20220922/UBNA_001/20220921_090000.WAV,Telephone Field,recover-20220922,001,1795
526.3655,526.4066,68437,82550,Rhinolophus ferrumequinum,0.028,0.028,-1,Echolocation,/mnt/ubna_data_02_mir/recover-20220922/UBNA_001/20220921_090000.WAV,Telephone Field,recover-20220922,001,1795
526.3895,526.4254,68437,81830,Rhinolophus ferrumequinum,0.026,0.026,-1,Echolocation,/mnt/ubna_data_02_mir/recover-20220922/UBNA_001/20220921_090000.WAV,Telephone Field,recover-20220922,001,1795
526.4195,526.4278,27187,36437,Eptesicus serotinus,0.008,0.024,-1,Echolocation,/mnt/ubna_data_02_mir/recover-20220922/UBNA_001/20220921_090000.WAV,Telephone Field,recover-20220922,001,1795
526.4305,526.4391,28906,38348,Eptesicus serotinus,0.008,0.024,-1,Echolocation,/mnt/ubna_data_02_mir/recover-20220922/UBNA_001/20220921_090000.WAV,Telephone Field,recover-20220922,001,1795
526.4595,526.4699,46953,50129,Pipistrellus pipistrellus,0.025,0.028,-1,Echolocation,/mnt/ubna_data_02_mir/recover-20220922/UBNA_001/20220921_090000.WAV,Telephone Field,recover-20220922,001,1795
526.4785,526.517,68437,82122,Rhinolophus ferrumequinum,0.022,0.022,-1,Echolocation,/mnt/ubna_data_02_mir/recover-20220922/UBNA_001/20220921_090000.WAV,Telephone Field,recover-20220922,001,1795
526.4925,526.5031,28906,35492,Eptesicus serotinus,0.009,0.023,-1,Echolocation,/mnt/ubna_data_02_mir/recover-20220922/UBNA_001/20220921_090000.WAV,Telephone Field,recover-20220922,001,1795
526.4995,526.5069,25468,34977,Plecotus austriacus,0.008,0.027,-1,Echolocation,/mnt/ubna_data_02_mir/recover-20220922/UBNA_001/20220921_090000.WAV,Telephone Field,recover-20220922,001,1795
526.5645,526.6031,68437,82215,Rhinolophus ferrumequinum,0.028,0.028,-1,Echolocation,/mnt/ubna_data_02_mir/recover-20220922/UBNA_001/20220921_090000.WAV,Telephone Field,recover-20220922,001,1795
526.5825,526.6252,68437,82831,Rhinolophus ferrumequinum,0.031,0.031,-1,Echolocation,/mnt/ubna_data_02_mir/recover-20220922/UBNA_001/20220921_090000.WAV,Telephone Field,recover-20220922,001,1795
526.5885,526.5968,23750,31517,Plecotus austriacus,0.01,0.024,-1,Echolocation,/mnt/ubna_data_02_mir/recover-20220922/UBNA_001/20220921_090000.WAV,Telephone Field,recover-20220922,001,1795
526.5915,526.6009,29765,37493,Eptesicus serotinus,0.009,0.024,-1,Echolocation,/mnt/ubna_data_02_mir/recover-20220922/UBNA_001/20220921_090000.WAV,Telephone Field,recover-20220922,001,1795
526.6015,526.6128,15156,22404,Nyctalus noctula,0.015,0.026,-1,Echolocation,/mnt/ubna_data_02_mir/recover-20220922/UBNA_001/20220921_090000.WAV,Telephone Field,recover-20220922,001,1795
526.6045,526.6151,22031,28667,Nyctalus leisleri,0.015,0.045,-1,Echolocation,/mnt/ubna_data_02_mir/recover-20220922/UBNA_001/20220921_090000.WAV,Telephone Field,recover-20220922,001,1795
526.6205,526.6618,68437,83125,Rhinolophus ferrumequinum,0.029,0.029,-1,Echolocation,/mnt/ubna_data_02_mir/recover-20220922/UBNA_001/20220921_090000.WAV,Telephone Field,recover-20220922,001,1795
526.6295,526.668,68437,81982,Rhinolophus ferrumequinum,0.022,0.022,-1,Echolocation,/mnt/ubna_data_02_mir/recover-20220922/UBNA_001/20220921_090000.WAV,Telephone Field,recover-20220922,001,1795
526.6315,526.6401,28046,36784,Eptesicus serotinus,0.007,0.022,-1,Echolocation,/mnt/ubna_data_02_mir/recover-20220922/UBNA_001/20220921_090000.WAV,Telephone Field,recover-20220922,001,1795
526.6555,526.7004,68437,83189,Rhinolophus ferrumequinum,0.038,0.038,-1,Echolocation,/mnt/ubna_data_02_mir/recover-20220922/UBNA_001/20220921_090000.WAV,Telephone Field,recover-20220922,001,1795
526.6605,526.6748,23750,28293,Nyctalus leisleri,0.022,0.041,-1,Echolocation,/mnt/ubna_data_02_mir/recover-20220922/UBNA_001/20220921_090000.WAV,Telephone Field,recover-20220922,001,1795
526.7065,526.7492,68437,82836,Rhinolophus ferrumequinum,0.039,0.039,-1,Echolocation,/mnt/ubna_data_02_mir/recover-20220922/UBNA_001/20220921_090000.WAV,Telephone Field,recover-20220922,001,1795
526.7155,526.7246,28046,36866,Eptesicus serotinus,0.008,0.022,-1,Echolocation,/mnt/ubna_data_02_mir/recover-20220922/UBNA_001/20220921_090000.WAV,Telephone Field,recover-20220922,001,1795
526.7335,526.7754,68437,82674,Rhinolophus ferrumequinum,0.028,0.028,-1,Echolocation,/mnt/ubna_data_02_mir/recover-20220922/UBNA_001/20220921_090000.WAV,Telephone Field,recover-20220922,001,1795
526.7405,526.7495,26328,34531,Eptesicus serotinus,0.008,0.024,-1,Echolocation,/mnt/ubna_data_02_mir/recover-20220922/UBNA_001/20220921_090000.WAV,Telephone Field,recover-20220922,001,1795
526.7585,526.7673,28906,37551,Eptesicus serotinus,0.008,0.022,-1,Echolocation,/mnt/ubna_data_02_mir/recover-20220922/UBNA_001/20220921_090000.WAV,Telephone Field,recover-20220922,001,1795
526.7635,526.8053,68437,82487,Rhinolophus ferrumequinum,0.023,0.023,-1,Echolocation,/mnt/ubna_data_02_mir/recover-20220922/UBNA_001/20220921_090000.WAV,Telephone Field,recover-20220922,001,1795
526.8315,526.8399,27187,37163,Eptesicus serotinus,0.007,0.024,-1,Echolocation,/mnt/ubna_data_02_mir/recover-20220922/UBNA_001/20220921_090000.WAV,Telephone Field,recover-20220922,001,1795
526.8655,526.9067,68437,83174,Rhinolophus ferrumequinum,0.027,0.027,-1,Echolocation,/mnt/ubna_data_02_mir/recover-20220922/UBNA_001/20220921_090000.WAV,Telephone Field,recover-20220922,001,1795
526.8765,526.8859,25468,32982,Eptesicus serotinus,0.009,0.023,-1,Echolocation,/mnt/ubna_data_02_mir/recover-20220922/UBNA_001/20220921_090000.WAV,Telephone Field,recover-20220922,001,1795
526.9325,526.9393,24609,33352,Plecotus austriacus,0.011,0.026,-1,Echolocation,/mnt/ubna_data_02_mir/recover-20220922/UBNA_001/20220921_090000.WAV,Telephone Field,recover-20220922,001,1795
526.9535,526.9604,28906,40596,Eptesicus serotinus,0.007,0.027,-1,Echolocation,/mnt/ubna_data_02_mir/recover-20220922/UBNA_001/20220921_090000.WAV,Telephone Field,recover-20220922,001,1795
526.9645,527.0044,68437,82604,Rhinolophus ferrumequinum,0.022,0.022,-1,Echolocation,/mnt/ubna_data_02_mir/recover-20220922/UBNA_001/20220921_090000.WAV,Telephone Field,recover-20220922,001,1795
526.9715,526.9821,33203,39912,Eptesicus serotinus,0.007,0.027,-1,Echolocation,/mnt/ubna_data_02_mir/recover-20220922/UBNA_001/20220921_090000.WAV,Telephone Field,recover-20220922,001,1795
526.9925,527.0288,68437,81791,Rhinolophus ferrumequinum,0.023,0.023,-1,Echolocation,/mnt/ubna_data_02_mir/recover-20220922/UBNA_001/20220921_090000.WAV,Telephone Field,recover-20220922,001,1795
527.0005,527.0385,68437,82428,Rhinolophus ferrumequinum,0.023,0.023,-1,Echolocation,/mnt/ubna_data_02_mir/recover-20220922/UBNA_001/20220921_090000.WAV,Telephone Field,recover-20220922,001,1795
527.0105,527.0505,68437,82207,Rhinolophus ferrumequinum,0.022,0.022,-1,Echolocation,/mnt/ubna_data_02_mir/recover-20220922/UBNA_001/20220921_090000.WAV,Telephone Field,recover-20220922,001,1795
527.0615,527.0689,28046,41171,Eptesicus serotinus,0.007,0.022,-1,Echolocation,/mnt/ubna_data_02_mir/recover-20220922/UBNA_001/20220921_090000.WAV,Telephone Field,recover-20220922,001,1795
527.0665,527.1043,68437,82193,Rhinolophus ferrumequinum,0.029,0.029,-1,Echolocation,/mnt/ubna_data_02_mir/recover-20220922/UBNA_001/20220921_090000.WAV,Telephone Field,recover-20220922,001,1795
527.0885,527.1283,68437,82179,Rhinolophus ferrumequinum,0.023,0.024,-1,Echolocation,/mnt/ubna_data_02_mir/recover-20220922/UBNA_001/20220921_090000.WAV,Telephone Field,recover-20220922,001,1795
527.1585,527.168,28906,37783,Eptesicus serotinus,0.01,0.026,-1,Echolocation,/mnt/ubna_data_02_mir/recover-20220922/UBNA_001/20220921_090000.WAV,Telephone Field,recover-20220922,001,1795
527.1895,527.2277,68437,82019,Rhinolophus ferrumequinum,0.023,0.023,-1,Echolocation,/mnt/ubna_data_02_mir/recover-20220922/UBNA_001/20220921_090000.WAV,Telephone Field,recover-20220922,001,1795
527.2165,527.2247,28046,40779,Eptesicus serotinus,0.008,0.024,-1,Echolocation,/mnt/ubna_data_02_mir/recover-20220922/UBNA_001/20220921_090000.WAV,Telephone Field,recover-20220922,001,1795
527.2245,527.26,68437,81358,Rhinolophus ferrumequinum,0.022,0.022,-1,Echolocation,/mnt/ubna_data_02_mir/recover-20220922/UBNA_001/20220921_090000.WAV,Telephone Field,recover-20220922,001,1795
527.2395,527.2795,68437,82130,Rhinolophus ferrumequinum,0.026,0.026,-1,Echolocation,/mnt/ubna_data_02_mir/recover-20220922/UBNA_001/20220921_090000.WAV,Telephone Field,recover-20220922,001,1795
527.2405,527.2517,22031,26739,Nyctalus leisleri,0.011,0.023,-1,Echolocation,/mnt/ubna_data_02_mir/recover-20220922/UBNA_001/20220921_090000.WAV,Telephone Field,recover-20220922,001,1795
527.2635,527.2998,68437,81258,Rhinolophus ferrumequinum,0.024,0.024,-1,Echolocation,/mnt/ubna_data_02_mir/recover-20220922/UBNA_001/20220921_090000.WAV,Telephone Field,recover-20220922,001,1795
527.3285,527.3717,68437,83152,Rhinolophus ferrumequinum,0.034,0.034,-1,Echolocation,/mnt/ubna_data_02_mir/recover-20220922/UBNA_001/20220921_090000.WAV,Telephone Field,recover-20220922,001,1795
527.3495,527.3606,22890,28095,Nyctalus leisleri,0.012,0.029,-1,Echolocation,/mnt/ubna_data_02_mir/recover-20220922/UBNA_001/20220921_090000.WAV,Telephone Field,recover-20220922,001,1795
527.3645,527.3761,33203,38861,Eptesicus serotinus,0.006,0.023,-1,Echolocation,/mnt/ubna_data_02_mir/recover-20220922/UBNA_001/20220921_090000.WAV,Telephone Field,recover-20220922,001,1795
527.3755,527.4191,68437,83035,Rhinolophus ferrumequinum,0.034,0.034,-1,Echolocation,/mnt/ubna_data_02_mir/recover-20220922/UBNA_001/20220921_090000.WAV,Telephone Field,recover-20220922,001,1795
527.3785,527.3893,22890,28503,Nyctalus leisleri,0.01,0.022,-1,Echolocation,/mnt/ubna_data_02_mir/recover-20220922/UBNA_001/20220921_090000.WAV,Telephone Field,recover-20220922,001,1795
527.3925,527.4335,68437,82938,Rhinolophus ferrumequinum,0.025,0.025,-1,Echolocation,/mnt/ubna_data_02_mir/recover-20220922/UBNA_001/20220921_090000.WAV,Telephone Field,recover-20220922,001,1795
527.4355,527.477,68437,82307,Rhinolophus ferrumequinum,0.023,0.023,-1,Echolocation,/mnt/ubna_data_02_mir/recover-20220922/UBNA_001/20220921_090000.WAV,Telephone Field,recover-20220922,001,1795
527.4385,527.449,23750,30517,Nyctalus leisleri,0.009,0.023,-1,Echolocation,/mnt/ubna_data_02_mir/recover-20220922/UBNA_001/20220921_090000.WAV,Telephone Field,recover-20220922,001,1795
527.4545,527.4635,28906,39259,Eptesicus serotinus,0.009,0.025,-1,Echolocation,/mnt/ubna_data_02_mir/recover-20220922/UBNA_001/20220921_090000.WAV,Telephone Field,recover-20220922,001,1795
527.5255,527.5346,28046,38140,Eptesicus serotinus,0.009,0.023,-1,Echolocation,/mnt/ubna_data_02_mir/recover-20220922/UBNA_001/20220921_090000.WAV,Telephone Field,recover-20220922,001,1795
527.5255,527.5652,68437,82365,Rhinolophus ferrumequinum,0.023,0.023,-1,Echolocation,/mnt/ubna_data_02_mir/recover-20220922/UBNA_001/20220921_090000.WAV,Telephone Field,recover-20220922,001,1795
527.5685,527.5797,22031,25936,Nyctalus leisleri,0.013,0.022,-1,Echolocation,/mnt/ubna_data_02_mir/recover-20220922/UBNA_001/20220921_090000.WAV,Telephone Field,recover-20220922,001,1795
527.6045,527.6137,25468,33684,Eptesicus serotinus,0.009,0.026,-1,Echolocation,/mnt/ubna_data_02_mir/recover-20220922/UBNA_001/20220921_090000.WAV,Telephone Field,recover-20220922,001,1795
527.6185,527.6579,68437,82219,Rhinolophus ferrumequinum,0.025,0.025,-1,Echolocation,/mnt/ubna_data_02_mir/recover-20220922/UBNA_001/20220921_090000.WAV,Telephone Field,recover-20220922,001,1795
527.7315,527.7446,25468,29973,Nyctalus leisleri,0.045,0.09,-1,Echolocation,/mnt/ubna_data_02_mir/recover-20220922/UBNA_001/20220921_090000.WAV,Telephone Field,recover-20220922,001,1795
527.7545,527.7701,21171,24884,Nyctalus leisleri,0.016,0.028,-1,Echolocation,/mnt/ubna_data_02_mir/recover-20220922/UBNA_001/20220921_090000.WAV,Telephone Field,recover-20220922,001,1795
527.7685,527.8078,68437,82285,Rhinolophus ferrumequinum,0.023,0.023,-1,Echolocation,/mnt/ubna_data_02_mir/recover-20220922/UBNA_001/20220921_090000.WAV,Telephone Field,recover-20220922,001,1795
527.7785,527.7878,44375,50783,Pipistrellus pipistrellus,0.017,0.022,-1,Echolocation,/mnt/ubna_data_02_mir/recover-20220922/UBNA_001/20220921_090000.WAV,Telephone Field,recover-20220922,001,1795
527.7965,527.8348,68437,82133,Rhinolophus ferrumequinum,0.026,0.026,-1,Echolocation,/mnt/ubna_data_02_mir/recover-20220922/UBNA_001/20220921_090000.WAV,Telephone Field,recover-20220922,001,1795
527.8225,527.8318,28046,41411,Eptesicus serotinus,0.009,0.022,-1,Echolocation,/mnt/ubna_data_02_mir/recover-20220922/UBNA_001/20220921_090000.WAV,Telephone Field,recover-20220922,001,1795
527.8705,527.8797,28906,37195,Eptesicus serotinus,0.01,0.024,-1,Echolocation,/mnt/ubna_data_02_mir/recover-20220922/UBNA_001/20220921_090000.WAV,Telephone Field,recover-20220922,001,1795
527.8955,527.9296,68437,81569,Rhinolophus ferrumequinum,0.022,0.022,-1,Echolocation,/mnt/ubna_data_02_mir/recover-20220922/UBNA_001/20220921_090000.WAV,Telephone Field,recover-20220922,001,1795
527.9265,527.966,68437,82326,Rhinolophus ferrumequinum,0.027,0.027,-1,Echolocation,/mnt/ubna_data_02_mir/recover-20220922/UBNA_001/20220921_090000.WAV,Telephone Field,recover-20220922,001,1795
527.9385,527.9759,68437,82284,Rhinolophus ferrumequinum,0.022,0.022,-1,Echolocation,/mnt/ubna_data_02_mir/recover-20220922/UBNA_001/20220921_090000.WAV,Telephone Field,recover-20220922,001,1795
527.9395,527.9479,28046,38446,Eptesicus serotinus,0.009,0.025,-1,Echolocation,/mnt/ubna_data_02_mir/recover-20220922/UBNA_001/20220921_090000.WAV,Telephone Field,recover-20220922,001,1795
528.0015,528.0142,20312,25210,Nyctalus leisleri,0.012,0.028,-1,Echolocation,/mnt/ubna_data_02_mir/recover-20220922/UBNA_001/20220921_090000.WAV,Telephone Field,recover-20220922,001,1795
528.0015,528.0127,47812,54601,Pipistrellus pipistrellus,0.02,0.026,-1,Echolocation,/mnt/ubna_data_02_mir/recover-20220922/UBNA_001/20220921_090000.WAV,Telephone Field,recover-20220922,001,1795
528.0015,528.0329,68437,80824,Rhinolophus ferrumequinum,0.029,0.029,-1,Echolocation,/mnt/ubna_data_02_mir/recover-20220922/UBNA_001/20220921_090000.WAV,Telephone Field,recover-20220922,001,1795
528.0415,528.0488,26328,35790,Eptesicus serotinus,0.008,0.026,-1,Echolocation,/mnt/ubna_data_02_mir/recover-20220922/UBNA_001/20220921_090000.WAV,Telephone Field,recover-20220922,001,1795
528.0495,528.0917,68437,83385,Rhinolophus ferrumequinum,0.024,0.024,-1,Echolocation,/mnt/ubna_data_02_mir/recover-20220922/UBNA_001/20220921_090000.WAV,Telephone Field,recover-20220922,001,1795
528.0715,528.1127,68437,82372,Rhinolophus ferrumequinum,0.023,0.023,-1,Echolocation,/mnt/ubna_data_02_mir/recover-20220922/UBNA_001/20220921_090000.WAV,Telephone Field,recover-20220922,001,1795
528.1015,528.1088,27187,46665,Eptesicus serotinus,0.007,0.022,-1,Echolocation,/mnt/ubna_data_02_mir/recover-20220922/UBNA_001/20220921_090000.WAV,Telephone Field,recover-20220922,001,1795
528.1325,528.1705,68437,82129,Rhinolophus ferrumequinum,0.024,0.025,-1,Echolocation,/mnt/ubna_data_02_mir/recover-20220922/UBNA_001/20220921_090000.WAV,Telephone Field,recover-20220922,001,1795
528.1485,528.156,28046,38027,Eptesicus serotinus,0.006,0.022,-1,Echolocation,/mnt/ubna_data_02_mir/recover-20220922/UBNA_001/20220921_090000.WAV,Telephone Field,recover-20220922,001,1795
528.1735,528.2149,68437,82487,Rhinolophus ferrumequinum,0.021,0.021,-1,Echolocation,/mnt/ubna_data_02_mir/recover-20220922/UBNA_001/20220921_090000.WAV,Telephone Field,recover-20220922,001,1795
528.1845,528.195,27187,34703,Eptesicus serotinus,0.013,0.025,-1,Echolocation,/mnt/ubna_data_02_mir/recover-20220922/UBNA_001/20220921_090000.WAV,Telephone Field,recover-20220922,001,1795
528.2355,528.2521,22890,27417,Nyctalus leisleri,0.016,0.03,-1,Echolocation,/mnt/ubna_data_02_mir/recover-20220922/UBNA_001/20220921_090000.WAV,Telephone Field,recover-20220922,001,1795
528.2565,528.2964,68437,82271,Rhinolophus ferrumequinum,0.025,0.025,-1,Echolocation,/mnt/ubna_data_02_mir/recover-20220922/UBNA_001/20220921_090000.WAV,Telephone Field,recover-20220922,001,1795
528.2755,528.2833,26328,39179,Eptesicus serotinus,0.006,0.021,-1,Echolocation,/mnt/ubna_data_02_mir/recover-20220922/UBNA_001/20220921_090000.WAV,Telephone Field,recover-20220922,001,1795
528.3455,528.3541,36640,43746,Myotis daubentonii,0.008,0.025,-1,Echolocation,/mnt/ubna_data_02_mir/recover-20220922/UBNA_001/20220921_090000.WAV,Telephone Field,recover-20220922,001,1795
528.3495,528.3891,68437,82252,Rhinolophus ferrumequinum,0.023,0.023,-1,Echolocation,/mnt/ubna_data_02_mir/recover-20220922/UBNA_001/20220921_090000.WAV,Telephone Field,recover-20220922,001,1795
528.3675,528.4064,68437,81918,Rhinolophus ferrumequinum,0.022,0.022,-1,Echolocation,/mnt/ubna_data_02_mir/recover-20220922/UBNA_001/20220921_090000.WAV,Telephone Field,recover-20220922,001,1795
528.4165,528.4574,68437,82513,Rhinolophus ferrumequinum,0.023,0.023,-1,Echolocation,/mnt/ubna_data_02_mir/recover-20220922/UBNA_001/20220921_090000.WAV,Telephone Field,recover-20220922,001,1795
528.4365,528.4455,24609,32369,Eptesicus serotinus,0.012,0.035,-1,Echolocation,/mnt/ubna_data_02_mir/recover-20220922/UBNA_001/20220921_090000.WAV,Telephone Field,recover-20220922,001,1795
528.4665,528.4742,27187,37182,Eptesicus serotinus,0.01,0.028,-1,Echolocation,/mnt/ubna_data_02_mir/recover-20220922/UBNA_001/20220921_090000.WAV,Telephone Field,recover-20220922,001,1795
528.4855,528.4961,44375,48688,Pipistrellus pipistrellus,0.021,0.028,-1,Echolocation,/mnt/ubna_data_02_mir/recover-20220922/UBNA_001/20220921_090000.WAV,Telephone Field,recover-20220922,001,1795
528.4895,528.5261,68437,81580,Rhinolophus ferrumequinum,0.021,0.021,-1,Echolocation,/mnt/ubna_data_02_mir/recover-20220922/UBNA_001/20220921_090000.WAV,Telephone Field,recover-20220922,001,1795
528.4915,528.5067,21171,24675,Nyctalus leisleri,0.016,0.028,-1,Echolocation,/mnt/ubna_data_02_mir/recover-20220922/UBNA_001/20220921_090000.WAV,Telephone Field,recover-20220922,001,1795
528.5425,528.5849,68437,82955,Rhinolophus ferrumequinum,0.023,0.023,-1,Echolocation,/mnt/ubna_data_02_mir/recover-20220922/UBNA_001/20220921_090000.WAV,Telephone Field,recover-20220922,001,1795
528.5635,528.6022,68437,81297,Rhinolophus ferrumequinum,0.026,0.026,-1,Echolocation,/mnt/ubna_data_02_mir/recover-20220922/UBNA_001/20220921_090000.WAV,Telephone Field,recover-20220922,001,1795
528.6595,528.6983,68437,82177,Rhinolophus ferrumequinum,0.027,0.027,-1,Echolocation,/mnt/ubna_data_02_mir/recover-20220922/UBNA_001/20220921_090000.WAV,Telephone Field,recover-20220922,001,1795
528.6675,528.6764000000001,27187,40740,Eptesicus serotinus,0.009,0.022,-1,Echolocation,/mnt/ubna_data_02_mir/recover-20220922/UBNA_001/20220921_090000.WAV,Telephone Field,recover-20220922,001,1795
528.7025,528.7449,68437,82680,Rhinolophus ferrumequinum,0.026,0.026,-1,Echolocation,/mnt/ubna_data_02_mir/recover-20220922/UBNA_001/20220921_090000.WAV,Telephone Field,recover-20220922,001,1795
528.7405,528.7771,68437,81992,Rhinolophus ferrumequinum,0.021,0.021,-1,Echolocation,/mnt/ubna_data_02_mir/recover-20220922/UBNA_001/20220921_090000.WAV,Telephone Field,recover-20220922,001,1795
528.7855,528.7999,22031,25414,Nyctalus leisleri,0.016,0.025,-1,Echolocation,/mnt/ubna_data_02_mir/recover-20220922/UBNA_001/20220921_090000.WAV,Telephone Field,recover-20220922,001,1795
528.7995,528.8414,68437,82361,Rhinolophus ferrumequinum,0.027,0.027,-1,Echolocation,/mnt/ubna_data_02_mir/recover-20220922/UBNA_001/20220921_090000.WAV,Telephone Field,recover-20220922,001,1795
528.8065,528.8172,24609,31727,Eptesicus serotinus,0.01,0.029,-1,Echolocation,/mnt/ubna_data_02_mir/recover-20220922/UBNA_001/20220921_090000.WAV,Telephone Field,recover-20220922,001,1795
528.8305,528.8698,68437,81641,Rhinolophus ferrumequinum,0.022,0.022,-1,Echolocation,/mnt/ubna_data_02_mir/recover-20220922/UBNA_001/20220921_090000.WAV,Telephone Field,recover-20220922,001,1795
528.8545,528.8933,68437,82367,Rhinolophus ferrumequinum,0.021,0.021,-1,Echolocation,/mnt/ubna_data_02_mir/recover-20220922/UBNA_001/20220921_090000.WAV,Telephone Field,recover-20220922,001,1795
528.8645,528.9026,68437,81995,Rhinolophus ferrumequinum,0.022,0.022,-1,Echolocation,/mnt/ubna_data_02_mir/recover-20220922/UBNA_001/20220921_090000.WAV,Telephone Field,recover-20220922,001,1795
528.9065,528.9435,68437,81464,Rhinolophus ferrumequinum,0.022,0.022,-1,Echolocation,/mnt/ubna_data_02_mir/recover-20220922/UBNA_001/20220921_090000.WAV,Telephone Field,recover-20220922,001,1795
528.9155,528.9525,68437,81474,Rhinolophus ferrumequinum,0.021,0.021,-1,Echolocation,/mnt/ubna_data_02_mir/recover-20220922/UBNA_001/20220921_090000.WAV,Telephone Field,recover-20220922,001,1795
528.9925,529.0311,68437,81781,Rhinolophus ferrumequinum,0.028,0.028,-1,Echolocation,/mnt/ubna_data_02_mir/recover-20220922/UBNA_001/20220921_090000.WAV,Telephone Field,recover-20220922,001,1795
529.0205,529.0631,68437,83249,Rhinolophus ferrumequinum,0.026,0.026,-1,Echolocation,/mnt/ubna_data_02_mir/recover-20220922/UBNA_001/20220921_090000.WAV,Telephone Field,recover-20220922,001,1795
529.0525,529.0946,68437,82399,Rhinolophus ferrumequinum,0.024,0.024,-1,Echolocation,/mnt/ubna_data_02_mir/recover-20220922/UBNA_001/20220921_090000.WAV,Telephone Field,recover-20220922,001,1795
529.1245,529.1349,28906,35058,Eptesicus serotinus,0.008,0.022,-1,Echolocation,/mnt/ubna_data_02_mir/recover-20220922/UBNA_001/20220921_090000.WAV,Telephone Field,recover-20220922,001,1795
529.1355,529.143,28046,38964,Eptesicus serotinus,0.007,0.022,-1,Echolocation,/mnt/ubna_data_02_mir/recover-20220922/UBNA_001/20220921_090000.WAV,Telephone Field,recover-20220922,001,1795
529.1415,529.1783,68437,81795,Rhinolophus ferrumequinum,0.022,0.022,-1,Echolocation,/mnt/ubna_data_02_mir/recover-20220922/UBNA_001/20220921_090000.WAV,Telephone Field,recover-20220922,001,1795
529.1505,529.1889,68437,81902,Rhinolophus ferrumequinum,0.025,0.026,-1,Echolocation,/mnt/ubna_data_02_mir/recover-20220922/UBNA_001/20220921_090000.WAV,Telephone Field,recover-20220922,001,1795
529.1875,529.2005,37500,41090,Pipistrellus nathusii,0.038,0.045,-1,Echolocation,/mnt/ubna_data_02_mir/recover-20220922/UBNA_001/20220921_090000.WAV,Telephone Field,recover-20220922,001,1795
529.1895,529.2232,68437,81089,Rhinolophus ferrumequinum,0.021,0.022,-1,Echolocation,/mnt/ubna_data_02_mir/recover-20220922/UBNA_001/20220921_090000.WAV,Telephone Field,recover-20220922,001,1795
529.2255,529.265,68437,82054,Rhinolophus ferrumequinum,0.025,0.025,-1,Echolocation,/mnt/ubna_data_02_mir/recover-20220922/UBNA_001/20220921_090000.WAV,Telephone Field,recover-20220922,001,1795
529.2355,529.2429,28046,39571,Eptesicus serotinus,0.006,0.021,-1,Echolocation,/mnt/ubna_data_02_mir/recover-20220922/UBNA_001/20220921_090000.WAV,Telephone Field,recover-20220922,001,1795
529.3565,529.3619,39218,58330,Myotis mystacinus,0.009,0.027,-1,Echolocation,/mnt/ubna_data_02_mir/recover-20220922/UBNA_001/20220921_090000.WAV,Telephone Field,recover-20220922,001,1795
529.3665,529.402,68437,81687,Rhinolophus ferrumequinum,0.027,0.027,-1,Echolocation,/mnt/ubna_data_02_mir/recover-20220922/UBNA_001/20220921_090000.WAV,Telephone Field,recover-20220922,001,1795
529.4175,529.4598,68437,83217,Rhinolophus ferrumequinum,0.028,0.028,-1,Echolocation,/mnt/ubna_data_02_mir/recover-20220922/UBNA_001/20220921_090000.WAV,Telephone Field,recover-20220922,001,1795
529.4525,529.4604,28906,38135,Eptesicus serotinus,0.008,0.024,-1,Echolocation,/mnt/ubna_data_02_mir/recover-20220922/UBNA_001/20220921_090000.WAV,Telephone Field,recover-20220922,001,1795
529.4865,529.4964,22890,28831,Nyctalus leisleri,0.012,0.029,-1,Echolocation,/mnt/ubna_data_02_mir/recover-20220922/UBNA_001/20220921_090000.WAV,Telephone Field,recover-20220922,001,1795
529.4925,529.5329,68437,82254,Rhinolophus ferrumequinum,0.031,0.031,-1,Echolocation,/mnt/ubna_data_02_mir/recover-20220922/UBNA_001/20220921_090000.WAV,Telephone Field,recover-20220922,001,1795
529.5005,529.5439,68437,83007,Rhinolophus ferrumequinum,0.027,0.027,-1,Echolocation,/mnt/ubna_data_02_mir/recover-20220922/UBNA_001/20220921_090000.WAV,Telephone Field,recover-20220922,001,1795
529.5325,529.5756,68437,83244,Rhinolophus ferrumequinum,0.024,0.024,-1,Echolocation,/mnt/ubna_data_02_mir/recover-20220922/UBNA_001/20220921_090000.WAV,Telephone Field,recover-20220922,001,1795
529.5655,529.6055,68437,82144,Rhinolophus ferrumequinum,0.026,0.026,-1,Echolocation,/mnt/ubna_data_02_mir/recover-20220922/UBNA_001/20220921_090000.WAV,Telephone Field,recover-20220922,001,1795
529.6905,529.7083,19453,23015,Nyctalus noctula,0.018,0.036,-1,Echolocation,/mnt/ubna_data_02_mir/recover-20220922/UBNA_001/20220921_090000.WAV,Telephone Field,recover-20220922,001,1795
529.7085,529.7515,68437,82903,Rhinolophus ferrumequinum,0.028,0.028,-1,Echolocation,/mnt/ubna_data_02_mir/recover-20220922/UBNA_001/20220921_090000.WAV,Telephone Field,recover-20220922,001,1795
529.7085,529.7147,23750,33171,Plecotus austriacus,0.012,0.025,-1,Echolocation,/mnt/ubna_data_02_mir/recover-20220922/UBNA_001/20220921_090000.WAV,Telephone Field,recover-20220922,001,1795
529.7085,529.7153,28046,36925,Eptesicus serotinus,0.006,0.027,-1,Echolocation,/mnt/ubna_data_02_mir/recover-20220922/UBNA_001/20220921_090000.WAV,Telephone Field,recover-20220922,001,1795
529.7165,529.7584,68437,82782,Rhinolophus ferrumequinum,0.026,0.026,-1,Echolocation,/mnt/ubna_data_02_mir/recover-20220922/UBNA_001/20220921_090000.WAV,Telephone Field,recover-20220922,001,1795
529.7555,529.7913,68437,81520,Rhinolophus ferrumequinum,0.024,0.024,-1,Echolocation,/mnt/ubna_data_02_mir/recover-20220922/UBNA_001/20220921_090000.WAV,Telephone Field,recover-20220922,001,1795
529.8005,529.8084,26328,35541,Eptesicus serotinus,0.007,0.021,-1,Echolocation,/mnt/ubna_data_02_mir/recover-20220922/UBNA_001/20220921_090000.WAV,Telephone Field,recover-20220922,001,1795
529.8005,529.8393,68437,82015,Rhinolophus ferrumequinum,0.022,0.022,-1,Echolocation,/mnt/ubna_data_02_mir/recover-20220922/UBNA_001/20220921_090000.WAV,Telephone Field,recover-20220922,001,1795
529.8465,529.8879,68437,82643,Rhinolophus ferrumequinum,0.024,0.024,-1,Echolocation,/mnt/ubna_data_02_mir/recover-20220922/UBNA_001/20220921_090000.WAV,Telephone Field,recover-20220922,001,1795
529.8625,529.902,68437,82232,Rhinolophus ferrumequinum,0.021,0.021,-1,Echolocation,/mnt/ubna_data_02_mir/recover-20220922/UBNA_001/20220921_090000.WAV,Telephone Field,recover-20220922,001,1795
529.8695,529.8766,27187,36343,Eptesicus serotinus,0.007,0.023,-1,Echolocation,/mnt/ubna_data_02_mir/recover-20220922/UBNA_001/20220921_090000.WAV,Telephone Field,recover-20220922,001,1795
529.8805,529.9199,68437,82583,Rhinolophus ferrumequinum,0.022,0.022,-1,Echolocation,/mnt/ubna_data_02_mir/recover-20220922/UBNA_001/20220921_090000.WAV,Telephone Field,recover-20220922,001,1795
529.9535,529.9933,68437,82427,Rhinolophus ferrumequinum,0.022,0.022,-1,Echolocation,/mnt/ubna_data_02_mir/recover-20220922/UBNA_001/20220921_090000.WAV,Telephone Field,recover-20220922,001,1795
529.9585,529.9674,28046,36948,Eptesicus serotinus,0.007,0.021,-1,Echolocation,/mnt/ubna_data_02_mir/recover-20220922/UBNA_001/20220921_090000.WAV,Telephone Field,recover-20220922,001,1795
529.9695,529.9844,22890,27358,Nyctalus leisleri,0.013,0.025,-1,Echolocation,/mnt/ubna_data_02_mir/recover-20220922/UBNA_001/20220921_090000.WAV,Telephone Field,recover-20220922,001,1795
530.0015,530.01,22890,35502,Plecotus austriacus,0.009,0.033,-1,Echolocation,/mnt/ubna_data_02_mir/recover-20220922/UBNA_001/20220921_090000.WAV,Telephone Field,recover-20220922,001,1795
530.0015,530.0361,69296,81373,Rhinolophus ferrumequinum,0.03,0.03,-1,Echolocation,/mnt/ubna_data_02_mir/recover-20220922/UBNA_001/20220921_090000.WAV,Telephone Field,recover-20220922,001,1795
530.0015,530.0086,47812,51852,Pipistrellus pipistrellus,0.022,0.027,-1,Echolocation,/mnt/ubna_data_02_mir/recover-20220922/UBNA_001/20220921_090000.WAV,Telephone Field,recover-20220922,001,1795
530.0095,530.0532,68437,82090,Rhinolophus ferrumequinum,0.026,0.026,-1,Echolocation,/mnt/ubna_data_02_mir/recover-20220922/UBNA_001/20220921_090000.WAV,Telephone Field,recover-20220922,001,1795
530.0305,530.0479,16015,22309,Nyctalus noctula,0.026,0.033,-1,Echolocation,/mnt/ubna_data_02_mir/recover-20220922/UBNA_001/20220921_090000.WAV,Telephone Field,recover-20220922,001,1795
530.0325,530.0413,27187,36635,Eptesicus serotinus,0.007,0.021,-1,Echolocation,/mnt/ubna_data_02_mir/recover-20220922/UBNA_001/20220921_090000.WAV,Telephone Field,recover-20220922,001,1795
530.0525,530.0862,68437,80147,Rhinolophus ferrumequinum,0.027,0.027,-1,Echolocation,/mnt/ubna_data_02_mir/recover-20220922/UBNA_001/20220921_090000.WAV,Telephone Field,recover-20220922,001,1795
530.0685,530.1134,68437,83308,Rhinolophus ferrumequinum,0.048,0.048,-1,Echolocation,/mnt/ubna_data_02_mir/recover-20220922/UBNA_001/20220921_090000.WAV,Telephone Field,recover-20220922,001,1795
530.0865,530.0982,22890,27312,Nyctalus leisleri,0.012,0.023,-1,Echolocation,/mnt/ubna_data_02_mir/recover-20220922/UBNA_001/20220921_090000.WAV,Telephone Field,recover-20220922,001,1795
530.0935,530.1002,47812,51836,Pipistrellus pipistrellus,0.02,0.021,-1,Echolocation,/mnt/ubna_data_02_mir/recover-20220922/UBNA_001/20220921_090000.WAV,Telephone Field,recover-20220922,001,1795
530.1165,530.1281,41796,44880,Pipistrellus pipistrellus,0.039,0.054,-1,Echolocation,/mnt/ubna_data_02_mir/recover-20220922/UBNA_001/20220921_090000.WAV,Telephone Field,recover-20220922,001,1795
530.1205,530.16,68437,82331,Rhinolophus ferrumequinum,0.022,0.022,-1,Echolocation,/mnt/ubna_data_02_mir/recover-20220922/UBNA_001/20220921_090000.WAV,Telephone Field,recover-20220922,001,1795
530.1395,530.1788,68437,82613,Rhinolophus ferrumequinum,0.023,0.023,-1,Echolocation,/mnt/ubna_data_02_mir/recover-20220922/UBNA_001/20220921_090000.WAV,Telephone Field,recover-20220922,001,1795
530.1775,530.2166,68437,82110,Rhinolophus ferrumequinum,0.022,0.022,-1,Echolocation,/mnt/ubna_data_02_mir/recover-20220922/UBNA_001/20220921_090000.WAV,Telephone Field,recover-20220922,001,1795
530.1855,530.2256,68437,82398,Rhinolophus ferrumequinum,0.023,0.023,-1,Echolocation,/mnt/ubna_data_02_mir/recover-20220922/UBNA_001/20220921_090000.WAV,Telephone Field,recover-20220922,001,1795
530.1945,530.2356,68437,82667,Rhinolophus ferrumequinum,0.023,0.023,-1,Echolocation,/mnt/ubna_data_02_mir/recover-20220922/UBNA_001/20220921_090000.WAV,Telephone Field,recover-20220922,001,1795
530.2315,530.2732,68437,83102,Rhinolophus ferrumequinum,0.026,0.026,-1,Echolocation,/mnt/ubna_data_02_mir/recover-20220922/UBNA_001/20220921_090000.WAV,Telephone Field,recover-20220922,001,1795
530.2405,530.2826,68437,82990,Rhinolophus ferrumequinum,0.032,0.032,-1,Echolocation,/mnt/ubna_data_02_mir/recover-20220922/UBNA_001/20220921_090000.WAV,Telephone Field,recover-20220922,001,1795
530.2875,530.3273,68437,82346,Rhinolophus ferrumequinum,0.029,0.029,-1,Echolocation,/mnt/ubna_data_02_mir/recover-20220922/UBNA_001/20220921_090000.WAV,Telephone Field,recover-20220922,001,1795
530.2905,530.3005,22031,27693,Nyctalus leisleri,0.009,0.023,-1,Echolocation,/mnt/ubna_data_02_mir/recover-20220922/UBNA_001/20220921_090000.WAV,Telephone Field,recover-20220922,001,1795
530.3345,530.3452,28906,36810,Eptesicus serotinus,0.011,0.025,-1,Echolocation,/mnt/ubna_data_02_mir/recover-20220922/UBNA_001/20220921_090000.WAV,Telephone Field,recover-20220922,001,1795
530.3485000000001,530.3877,68437,82434,Rhinolophus ferrumequinum,0.026,0.026,-1,Echolocation,/mnt/ubna_data_02_mir/recover-20220922/UBNA_001/20220921_090000.WAV,Telephone Field,recover-20220922,001,1795
530.3745,530.3815,49531,57431,Pipistrellus pipistrellus,0.02,0.022,-1,Echolocation,/mnt/ubna_data_02_mir/recover-20220922/UBNA_001/20220921_090000.WAV,Telephone Field,recover-20220922,001,1795
530.3785,530.3925,27187,33658,Eptesicus serotinus,0.014,0.026,-1,Echolocation,/mnt/ubna_data_02_mir/recover-20220922/UBNA_001/20220921_090000.WAV,Telephone Field,recover-20220922,001,1795
530.3885,530.4303,68437,83011,Rhinolophus ferrumequinum,0.031,0.031,-1,Echolocation,/mnt/ubna_data_02_mir/recover-20220922/UBNA_001/20220921_090000.WAV,Telephone Field,recover-20220922,001,1795
530.3915,530.4003,28046,38828,Eptesicus serotinus,0.008,0.023,-1,Echolocation,/mnt/ubna_data_02_mir/recover-20220922/UBNA_001/20220921_090000.WAV,Telephone Field,recover-20220922,001,1795
530.4315,530.4705,68437,82904,Rhinolophus ferrumequinum,0.024,0.024,-1,Echolocation,/mnt/ubna_data_02_mir/recover-20220922/UBNA_001/20220921_090000.WAV,Telephone Field,recover-20220922,001,1795
530.4485,530.4562,30625,42358,Myotis daubentonii,0.006,0.022,-1,Echolocation,/mnt/ubna_data_02_mir/recover-20220922/UBNA_001/20220921_090000.WAV,Telephone Field,recover-20220922,001,1795
530.5375,530.5492,54687,59139,Pipistrellus pygmaeus,0.022,0.023,-1,Echolocation,/mnt/ubna_data_02_mir/recover-20220922/UBNA_001/20220921_090000.WAV,Telephone Field,recover-20220922,001,1795
530.5515,530.5918,68437,82580,Rhinolophus ferrumequinum,0.022,0.022,-1,Echolocation,/mnt/ubna_data_02_mir/recover-20220922/UBNA_001/20220921_090000.WAV,Telephone Field,recover-20220922,001,1795
530.5575,530.598,68437,82422,Rhinolophus ferrumequinum,0.021,0.021,-1,Echolocation,/mnt/ubna_data_02_mir/recover-20220922/UBNA_001/20220921_090000.WAV,Telephone Field,recover-20220922,001,1795
530.5805,530.623,68437,83370,Rhinolophus ferrumequinum,0.041,0.041,-1,Echolocation,/mnt/ubna_data_02_mir/recover-20220922/UBNA_001/20220921_090000.WAV,Telephone Field,recover-20220922,001,1795
530.5935,530.6046,22890,28118,Nyctalus leisleri,0.011,0.022,-1,Echolocation,/mnt/ubna_data_02_mir/recover-20220922/UBNA_001/20220921_090000.WAV,Telephone Field,recover-20220922,001,1795
530.5985000000001,530.6349,68437,81884,Rhinolophus ferrumequinum,0.021,0.021,-1,Echolocation,/mnt/ubna_data_02_mir/recover-20220922/UBNA_001/20220921_090000.WAV,Telephone Field,recover-20220922,001,1795
530.5985000000001,530.6099,22890,28493,Nyctalus leisleri,0.01,0.022,-1,Echolocation,/mnt/ubna_data_02_mir/recover-20220922/UBNA_001/20220921_090000.WAV,Telephone Field,recover-20220922,001,1795
530.6745,530.6822,27187,42703,Eptesicus serotinus,0.007,0.022,-1,Echolocation,/mnt/ubna_data_02_mir/recover-20220922/UBNA_001/20220921_090000.WAV,Telephone Field,recover-20220922,001,1795
530.6935,530.7299,68437,81924,Rhinolophus ferrumequinum,0.022,0.022,-1,Echolocation,/mnt/ubna_data_02_mir/recover-20220922/UBNA_001/20220921_090000.WAV,Telephone Field,recover-20220922,001,1795
530.7125,530.7207,28046,39229,Eptesicus serotinus,0.008,0.022,-1,Echolocation,/mnt/ubna_data_02_mir/recover-20220922/UBNA_001/20220921_090000.WAV,Telephone Field,recover-20220922,001,1795
530.7215,530.7321,51250,56332,Pipistrellus pipistrellus,0.028,0.034,-1,Echolocation,/mnt/ubna_data_02_mir/recover-20220922/UBNA_001/20220921_090000.WAV,Telephone Field,recover-20220922,001,1795
530.7435,530.7844,68437,82510,Rhinolophus ferrumequinum,0.024,0.024,-1,Echolocation,/mnt/ubna_data_02_mir/recover-20220922/UBNA_001/20220921_090000.WAV,Telephone Field,recover-20220922,001,1795
530.7455,530.7532,26328,39966,Eptesicus serotinus,0.008,0.023,-1,Echolocation,/mnt/ubna_data_02_mir/recover-20220922/UBNA_001/20220921_090000.WAV,Telephone Field,recover-20220922,001,1795
530.7525,530.7948,68437,82758,Rhinolophus ferrumequinum,0.026,0.026,-1,Echolocation,/mnt/ubna_data_02_mir/recover-20220922/UBNA_001/20220921_090000.WAV,Telephone Field,recover-20220922,001,1795
530.7575,530.7683,22890,27827,Nyctalus leisleri,0.011,0.024,-1,Echolocation,/mnt/ubna_data_02_mir/recover-20220922/UBNA_001/20220921_090000.WAV,Telephone Field,recover-20220922,001,1795
530.7715,530.807,68437,81152,Rhinolophus ferrumequinum,0.024,0.024,-1,Echolocation,/mnt/ubna_data_02_mir/recover-20220922/UBNA_001/20220921_090000.WAV,Telephone Field,recover-20220922,001,1795
530.7875,530.798,22890,27688,Nyctalus leisleri,0.01,0.021,-1,Echolocation,/mnt/ubna_data_02_mir/recover-20220922/UBNA_001/20220921_090000.WAV,Telephone Field,recover-20220922,001,1795
530.7945,530.803,27187,39454,Eptesicus serotinus,0.007,0.022,-1,Echolocation,/mnt/ubna_data_02_mir/recover-20220922/UBNA_001/20220921_090000.WAV,Telephone Field,recover-20220922,001,1795
530.8385,530.8757,68437,81937,Rhinolophus ferrumequinum,0.022,0.022,-1,Echolocation,/mnt/ubna_data_02_mir/recover-20220922/UBNA_001/20220921_090000.WAV,Telephone Field,recover-20220922,001,1795
530.8545,530.895,68437,82289,Rhinolophus ferrumequinum,0.026,0.026,-1,Echolocation,/mnt/ubna_data_02_mir/recover-20220922/UBNA_001/20220921_090000.WAV,Telephone Field,recover-20220922,001,1795
530.8545,530.8627,25468,34424,Eptesicus serotinus,0.009,0.024,-1,Echolocation,/mnt/ubna_data_02_mir/recover-20220922/UBNA_001/20220921_090000.WAV,Telephone Field,recover-20220922,001,1795
530.8755,530.9152,68437,81828,Rhinolophus ferrumequinum,0.027,0.027,-1,Echolocation,/mnt/ubna_data_02_mir/recover-20220922/UBNA_001/20220921_090000.WAV,Telephone Field,recover-20220922,001,1795
530.8765,530.8875,22031,26800,Nyctalus leisleri,0.011,0.022,-1,Echolocation,/mnt/ubna_data_02_mir/recover-20220922/UBNA_001/20220921_090000.WAV,Telephone Field,recover-20220922,001,1795
530.8825,530.9226,68437,81860,Rhinolophus ferrumequinum,0.023,0.023,-1,Echolocation,/mnt/ubna_data_02_mir/recover-20220922/UBNA_001/20220921_090000.WAV,Telephone Field,recover-20220922,001,1795
530.8955,530.9393,68437,82787,Rhinolophus ferrumequinum,0.039,0.039,-1,Echolocation,/mnt/ubna_data_02_mir/recover-20220922/UBNA_001/20220921_090000.WAV,Telephone Field,recover-20220922,001,1795
530.9225,530.9628,68437,82198,Rhinolophus ferrumequinum,0.023,0.023,-1,Echolocation,/mnt/ubna_data_02_mir/recover-20220922/UBNA_001/20220921_090000.WAV,Telephone Field,recover-20220922,001,1795
530.9345,530.9446,23750,29701,Nyctalus leisleri,0.011,0.027,-1,Echolocation,/mnt/ubna_data_02_mir/recover-20220922/UBNA_001/20220921_090000.WAV,Telephone Field,recover-20220922,001,1795
530.9625,531.0033,68437,82619,Rhinolophus ferrumequinum,0.021,0.021,-1,Echolocation,/mnt/ubna_data_02_mir/recover-20220922/UBNA_001/20220921_090000.WAV,Telephone Field,recover-20220922,001,1795
530.9815,531.0207,68437,82024,Rhinolophus ferrumequinum,0.021,0.021,-1,Echolocation,/mnt/ubna_data_02_mir/recover-20220922/UBNA_001/20220921_090000.WAV,Telephone Field,recover-20220922,001,1795
531.0285,531.0682,68437,82088,Rhinolophus ferrumequinum,0.025,0.025,-1,Echolocation,/mnt/ubna_data_02_mir/recover-20220922/UBNA_001/20220921_090000.WAV,Telephone Field,recover-20220922,001,1795
531.0805,531.1216,68437,82723,Rhinolophus ferrumequinum,0.024,0.024,-1,Echolocation,/mnt/ubna_data_02_mir/recover-20220922/UBNA_001/20220921_090000.WAV,Telephone Field,recover-20220922,001,1795
531.1335,531.1438,22031,27856,Nyctalus leisleri,0.009,0.022,-1,Echolocation,/mnt/ubna_data_02_mir/recover-20220922/UBNA_001/20220921_090000.WAV,Telephone Field,recover-20220922,001,1795
531.1665,531.1739,49531,53934,Pipistrellus pipistrellus,0.023,0.025,-1,Echolocation,/mnt/ubna_data_02_mir/recover-20220922/UBNA_001/20220921_090000.WAV,Telephone Field,recover-20220922,001,1795
531.1755,531.2163,68437,82814,Rhinolophus ferrumequinum,0.023,0.024,-1,Echolocation,/mnt/ubna_data_02_mir/recover-20220922/UBNA_001/20220921_090000.WAV,Telephone Field,recover-20220922,001,1795
531.1905,531.2314,68437,82793,Rhinolophus ferrumequinum,0.025,0.025,-1,Echolocation,/mnt/ubna_data_02_mir/recover-20220922/UBNA_001/20220921_090000.WAV,Telephone Field,recover-20220922,001,1795
531.2145,531.2514,68437,81638,Rhinolophus ferrumequinum,0.021,0.022,-1,Echolocation,/mnt/ubna_data_02_mir/recover-20220922/UBNA_001/20220921_090000.WAV,Telephone Field,recover-20220922,001,1795
531.2255,531.2362,23750,29759,Nyctalus leisleri,0.011,0.025,-1,Echolocation,/mnt/ubna_data_02_mir/recover-20220922/UBNA_001/20220921_090000.WAV,Telephone Field,recover-20220922,001,1795
531.2385,531.2804,68437,82715,Rhinolophus ferrumequinum,0.028,0.028,-1,Echolocation,/mnt/ubna_data_02_mir/recover-20220922/UBNA_001/20220921_090000.WAV,Telephone Field,recover-20220922,001,1795
531.2825,531.2914,28046,38380,Eptesicus serotinus,0.025,0.044,-1,Echolocation,/mnt/ubna_data_02_mir/recover-20220922/UBNA_001/20220921_090000.WAV,Telephone Field,recover-20220922,001,1795
531.2875,531.3233,68437,81742,Rhinolophus ferrumequinum,0.024,0.024,-1,Echolocation,/mnt/ubna_data_02_mir/recover-20220922/UBNA_001/20220921_090000.WAV,Telephone Field,recover-20220922,001,1795
531.2975,531.3376,68437,81688,Rhinolophus ferrumequinum,0.022,0.022,-1,Echolocation,/mnt/ubna_data_02_mir/recover-20220922/UBNA_001/20220921_090000.WAV,Telephone Field,recover-20220922,001,1795
531.3225,531.3308,27187,39178,Eptesicus serotinus,0.008,0.025,-1,Echolocation,/mnt/ubna_data_02_mir/recover-20220922/UBNA_001/20220921_090000.WAV,Telephone Field,recover-20220922,001,1795
531.3615,531.3999,68437,82283,Rhinolophus ferrumequinum,0.024,0.024,-1,Echolocation,/mnt/ubna_data_02_mir/recover-20220922/UBNA_001/20220921_090000.WAV,Telephone Field,recover-20220922,001,1795
531.3665,531.3753,28046,38215,Eptesicus serotinus,0.009,0.023,-1,Echolocation,/mnt/ubna_data_02_mir/recover-20220922/UBNA_001/20220921_090000.WAV,Telephone Field,recover-20220922,001,1795
531.3805,531.4224,68437,83186,Rhinolophus ferrumequinum,0.031,0.031,-1,Echolocation,/mnt/ubna_data_02_mir/recover-20220922/UBNA_001/20220921_090000.WAV,Telephone Field,recover-20220922,001,1795
531.3905,531.4014999999999,22031,25893,Nyctalus leisleri,0.012,0.021,-1,Echolocation,/mnt/ubna_data_02_mir/recover-20220922/UBNA_001/20220921_090000.WAV,Telephone Field,recover-20220922,001,1795
531.4014999999999,531.4135,22031,26017,Nyctalus leisleri,0.014,0.024,-1,Echolocation,/mnt/ubna_data_02_mir/recover-20220922/UBNA_001/20220921_090000.WAV,Telephone Field,recover-20220922,001,1795
531.4075,531.444,68437,81896,Rhinolophus ferrumequinum,0.026,0.026,-1,Echolocation,/mnt/ubna_data_02_mir/recover-20220922/UBNA_001/20220921_090000.WAV,Telephone Field,recover-20220922,001,1795
531.4185,531.4272,28046,38360,Eptesicus serotinus,0.008,0.021,-1,Echolocation,/mnt/ubna_data_02_mir/recover-20220922/UBNA_001/20220921_090000.WAV,Telephone Field,recover-20220922,001,1795
531.4445,531.4862,68437,82768,Rhinolophus ferrumequinum,0.031,0.031,-1,Echolocation,/mnt/ubna_data_02_mir/recover-20220922/UBNA_001/20220921_090000.WAV,Telephone Field,recover-20220922,001,1795
531.5165,531.5256,46953,52824,Pipistrellus pipistrellus,0.023,0.025,-1,Echolocation,/mnt/ubna_data_02_mir/recover-20220922/UBNA_001/20220921_090000.WAV,Telephone Field,recover-20220922,001,1795
531.5535,531.5958,68437,83148,Rhinolophus ferrumequinum,0.041,0.041,-1,Echolocation,/mnt/ubna_data_02_mir/recover-20220922/UBNA_001/20220921_090000.WAV,Telephone Field,recover-20220922,001,1795
531.5765,531.615,68437,81984,Rhinolophus ferrumequinum,0.023,0.023,-1,Echolocation,/mnt/ubna_data_02_mir/recover-20220922/UBNA_001/20220921_090000.WAV,Telephone Field,recover-20220922,001,1795
531.5905,531.5994,28906,40882,Eptesicus serotinus,0.008,0.024,-1,Echolocation,/mnt/ubna_data_02_mir/recover-20220922/UBNA_001/20220921_090000.WAV,Telephone Field,recover-20220922,001,1795
531.5925,531.6264,68437,80933,Rhinolophus ferrumequinum,0.021,0.021,-1,Echolocation,/mnt/ubna_data_02_mir/recover-20220922/UBNA_001/20220921_090000.WAV,Telephone Field,recover-20220922,001,1795
531.6035,531.6436,68437,82055,Rhinolophus ferrumequinum,0.022,0.022,-1,Echolocation,/mnt/ubna_data_02_mir/recover-20220922/UBNA_001/20220921_090000.WAV,Telephone Field,recover-20220922,001,1795
531.6235,531.6639,68437,82296,Rhinolophus ferrumequinum,0.025,0.025,-1,Echolocation,/mnt/ubna_data_02_mir/recover-20220922/UBNA_001/20220921_090000.WAV,Telephone Field,recover-20220922,001,1795
531.6315,531.671,68437,82259,Rhinolophus ferrumequinum,0.028,0.028,-1,Echolocation,/mnt/ubna_data_02_mir/recover-20220922/UBNA_001/20220921_090000.WAV,Telephone Field,recover-20220922,001,1795
531.7075,531.7469,68437,82389,Rhinolophus ferrumequinum,0.023,0.023,-1,Echolocation,/mnt/ubna_data_02_mir/recover-20220922/UBNA_001/20220921_090000.WAV,Telephone Field,recover-20220922,001,1795
531.7195,531.7598,68437,82699,Rhinolophus ferrumequinum,0.024,0.024,-1,Echolocation,/mnt/ubna_data_02_mir/recover-20220922/UBNA_001/20220921_090000.WAV,Telephone Field,recover-20220922,001,1795
531.7725,531.7817,28046,36229,Eptesicus serotinus,0.01,0.023,-1,Echolocation,/mnt/ubna_data_02_mir/recover-20220922/UBNA_001/20220921_090000.WAV,Telephone Field,recover-20220922,001,1795
531.7745,531.8115,68437,81368,Rhinolophus ferrumequinum,0.021,0.021,-1,Echolocation,/mnt/ubna_data_02_mir/recover-20220922/UBNA_001/20220921_090000.WAV,Telephone Field,recover-20220922,001,1795
531.7845,531.8254,68437,81995,Rhinolophus ferrumequinum,0.022,0.022,-1,Echolocation,/mnt/ubna_data_02_mir/recover-20220922/UBNA_001/20220921_090000.WAV,Telephone Field,recover-20220922,001,1795
531.8105,531.8517,68437,82341,Rhinolophus ferrumequinum,0.03,0.03,-1,Echolocation,/mnt/ubna_data_02_mir/recover-20220922/UBNA_001/20220921_090000.WAV,Telephone Field,recover-20220922,001,1795
531.8795,531.9217,68437,82594,Rhinolophus ferrumequinum,0.023,0.023,-1,Echolocation,/mnt/ubna_data_02_mir/recover-20220922/UBNA_001/20220921_090000.WAV,Telephone Field,recover-20220922,001,1795
531.9295,531.9747,68437,82876,Rhinolophus ferrumequinum,0.051,0.051,-1,Echolocation,/mnt/ubna_data_02_mir/recover-20220922/UBNA_001/20220921_090000.WAV,Telephone Field,recover-20220922,001,1795
531.9645,531.9773,22890,28267,Nyctalus leisleri,0.022,0.048,-1,Echolocation,/mnt/ubna_data_02_mir/recover-20220922/UBNA_001/20220921_090000.WAV,Telephone Field,recover-20220922,001,1795
532.0015,532.0129,21171,26784,Nyctalus leisleri,0.012,0.028,-1,Echolocation,/mnt/ubna_data_02_mir/recover-20220922/UBNA_001/20220921_090000.WAV,Telephone Field,recover-20220922,001,1795
532.0015,532.0341,69296,81880,Rhinolophus ferrumequinum,0.025,0.025,-1,Echolocation,/mnt/ubna_data_02_mir/recover-20220922/UBNA_001/20220921_090000.WAV,Telephone Field,recover-20220922,001,1795
532.0135,532.0549,68437,82466,Rhinolophus ferrumequinum,0.021,0.021,-1,Echolocation,/mnt/ubna_data_02_mir/recover-20220922/UBNA_001/20220921_090000.WAV,Telephone Field,recover-20220922,001,1795
532.0285,532.0389,46953,51132,Pipistrellus pipistrellus,0.021,0.024,-1,Echolocation,/mnt/ubna_data_02_mir/recover-20220922/UBNA_001/20220921_090000.WAV,Telephone Field,recover-20220922,001,1795
532.0425,532.085,68437,82620,Rhinolophus ferrumequinum,0.03,0.03,-1,Echolocation,/mnt/ubna_data_02_mir/recover-20220922/UBNA_001/20220921_090000.WAV,Telephone Field,recover-20220922,001,1795
532.0445,532.0578,22890,26464,Nyctalus leisleri,0.018,0.031,-1,Echolocation,/mnt/ubna_data_02_mir/recover-20220922/UBNA_001/20220921_090000.WAV,Telephone Field,recover-20220922,001,1795
532.0625,532.0719,28906,36592,Eptesicus serotinus,0.008,0.022,-1,Echolocation,/mnt/ubna_data_02_mir/recover-20220922/UBNA_001/20220921_090000.WAV,Telephone Field,recover-20220922,001,1795
532.0635,532.1015,68437,81950,Rhinolophus ferrumequinum,0.022,0.022,-1,Echolocation,/mnt/ubna_data_02_mir/recover-20220922/UBNA_001/20220921_090000.WAV,Telephone Field,recover-20220922,001,1795
532.0985000000001,532.1383,68437,82498,Rhinolophus ferrumequinum,0.021,0.021,-1,Echolocation,/mnt/ubna_data_02_mir/recover-20220922/UBNA_001/20220921_090000.WAV,Telephone Field,recover-20220922,001,1795
532.1305,532.1401,39218,43910,Barbastellus barbastellus,0.013,0.035,-1,Echolocation,/mnt/ubna_data_02_mir/recover-20220922/UBNA_001/20220921_090000.WAV,Telephone Field,recover-20220922,001,1795
532.1305,532.1672,68437,80979,Rhinolophus ferrumequinum,0.023,0.023,-1,Echolocation,/mnt/ubna_data_02_mir/recover-20220922/UBNA_001/20220921_090000.WAV,Telephone Field,recover-20220922,001,1795
532.1335,532.1419,28046,37288,Eptesicus serotinus,0.008,0.025,-1,Echolocation,/mnt/ubna_data_02_mir/recover-20220922/UBNA_001/20220921_090000.WAV,Telephone Field,recover-20220922,001,1795
532.2005,532.2157,22890,26284,Nyctalus leisleri,0.046,0.08,-1,Echolocation,/mnt/ubna_data_02_mir/recover-20220922/UBNA_001/20220921_090000.WAV,Telephone Field,recover-20220922,001,1795
532.2005,532.2443,68437,82913,Rhinolophus ferrumequinum,0.047,0.047,-1,Echolocation,/mnt/ubna_data_02_mir/recover-20220922/UBNA_001/20220921_090000.WAV,Telephone Field,recover-20220922,001,1795
532.2235000000001,532.2588,68437,80400,Rhinolophus ferrumequinum,0.032,0.032,-1,Echolocation,/mnt/ubna_data_02_mir/recover-20220922/UBNA_001/20220921_090000.WAV,Telephone Field,recover-20220922,001,1795
532.2835,532.3216,68437,82017,Rhinolophus ferrumequinum,0.022,0.022,-1,Echolocation,/mnt/ubna_data_02_mir/recover-20220922/UBNA_001/20220921_090000.WAV,Telephone Field,recover-20220922,001,1795
532.2895,532.3275,68437,81994,Rhinolophus ferrumequinum,0.021,0.021,-1,Echolocation,/mnt/ubna_data_02_mir/recover-20220922/UBNA_001/20220921_090000.WAV,Telephone Field,recover-20220922,001,1795
532.3015,532.3119,44375,52918,Pipistrellus pipistrellus,0.016,0.025,-1,Echolocation,/mnt/ubna_data_02_mir/recover-20220922/UBNA_001/20220921_090000.WAV,Telephone Field,recover-20220922,001,1795
532.3075,532.3149,28046,36206,Eptesicus serotinus,0.011,0.03,-1,Echolocation,/mnt/ubna_data_02_mir/recover-20220922/UBNA_001/20220921_090000.WAV,Telephone Field,recover-20220922,001,1795
532.3255,532.3681,68437,83213,Rhinolophus ferrumequinum,0.035,0.035,-1,Echolocation,/mnt/ubna_data_02_mir/recover-20220922/UBNA_001/20220921_090000.WAV,Telephone Field,recover-20220922,001,1795
532.3605,532.3981,68437,81797,Rhinolophus ferrumequinum,0.024,0.024,-1,Echolocation,/mnt/ubna_data_02_mir/recover-20220922/UBNA_001/20220921_090000.WAV,Telephone Field,recover-20220922,001,1795
532.3665,532.3745,28906,39722,Eptesicus serotinus,0.008,0.024,-1,Echolocation,/mnt/ubna_data_02_mir/recover-20220922/UBNA_001/20220921_090000.WAV,Telephone Field,recover-20220922,001,1795
532.3935,532.4033,23750,30728,Nyctalus leisleri,0.009,0.025,-1,Echolocation,/mnt/ubna_data_02_mir/recover-20220922/UBNA_001/20220921_090000.WAV,Telephone Field,recover-20220922,001,1795
532.4115,532.4202,28046,38776,Eptesicus serotinus,0.008,0.023,-1,Echolocation,/mnt/ubna_data_02_mir/recover-20220922/UBNA_001/20220921_090000.WAV,Telephone Field,recover-20220922,001,1795
532.4165,532.459,68437,83155,Rhinolophus ferrumequinum,0.043,0.043,-1,Echolocation,/mnt/ubna_data_02_mir/recover-20220922/UBNA_001/20220921_090000.WAV,Telephone Field,recover-20220922,001,1795
532.4725,532.5129,68437,82293,Rhinolophus ferrumequinum,0.021,0.021,-1,Echolocation,/mnt/ubna_data_02_mir/recover-20220922/UBNA_001/20220921_090000.WAV,Telephone Field,recover-20220922,001,1795
532.4775,532.485,28046,38514,Eptesicus serotinus,0.008,0.028,-1,Echolocation,/mnt/ubna_data_02_mir/recover-20220922/UBNA_001/20220921_090000.WAV,Telephone Field,recover-20220922,001,1795
532.5185,532.5576,68437,81989,Rhinolophus ferrumequinum,0.023,0.023,-1,Echolocation,/mnt/ubna_data_02_mir/recover-20220922/UBNA_001/20220921_090000.WAV,Telephone Field,recover-20220922,001,1795
532.5225,532.5402,19453,22956,Nyctalus noctula,0.01,0.023,-1,Echolocation,/mnt/ubna_data_02_mir/recover-20220922/UBNA_001/20220921_090000.WAV,Telephone Field,recover-20220922,001,1795
532.5305,532.5682,68437,81564,Rhinolophus ferrumequinum,0.021,0.021,-1,Echolocation,/mnt/ubna_data_02_mir/recover-20220922/UBNA_001/20220921_090000.WAV,Telephone Field,recover-20220922,001,1795
532.5455,532.5559,23750,29685,Nyctalus leisleri,0.008,0.021,-1,Echolocation,/mnt/ubna_data_02_mir/recover-20220922/UBNA_001/20220921_090000.WAV,Telephone Field,recover-20220922,001,1795
532.5975,532.6375,68437,81853,Rhinolophus ferrumequinum,0.024,0.024,-1,Echolocation,/mnt/ubna_data_02_mir/recover-20220922/UBNA_001/20220921_090000.WAV,Telephone Field,recover-20220922,001,1795
532.6105,532.6506,68437,82762,Rhinolophus ferrumequinum,0.032,0.032,-1,Echolocation,/mnt/ubna_data_02_mir/recover-20220922/UBNA_001/20220921_090000.WAV,Telephone Field,recover-20220922,001,1795
532.6455,532.6875,68437,82517,Rhinolophus ferrumequinum,0.024,0.024,-1,Echolocation,/mnt/ubna_data_02_mir/recover-20220922/UBNA_001/20220921_090000.WAV,Telephone Field,recover-20220922,001,1795
532.6525,532.6635,23750,29022,Nyctalus leisleri,0.01,0.023,-1,Echolocation,/mnt/ubna_data_02_mir/recover-20220922/UBNA_001/20220921_090000.WAV,Telephone Field,recover-20220922,001,1795
532.6745,532.6851,43515,47625,Pipistrellus pipistrellus,0.024,0.028,-1,Echolocation,/mnt/ubna_data_02_mir/recover-20220922/UBNA_001/20220921_090000.WAV,Telephone Field,recover-20220922,001,1795
532.7305,532.7687,68437,82371,Rhinolophus ferrumequinum,0.023,0.023,-1,Echolocation,/mnt/ubna_data_02_mir/recover-20220922/UBNA_001/20220921_090000.WAV,Telephone Field,recover-20220922,001,1795
532.7305,532.7404,28046,36519,Eptesicus serotinus,0.013,0.027,-1,Echolocation,/mnt/ubna_data_02_mir/recover-20220922/UBNA_001/20220921_090000.WAV,Telephone Field,recover-20220922,001,1795
532.7425,532.78,68437,81547,Rhinolophus ferrumequinum,0.021,0.021,-1,Echolocation,/mnt/ubna_data_02_mir/recover-20220922/UBNA_001/20220921_090000.WAV,Telephone Field,recover-20220922,001,1795
532.7655,532.8104,68437,83438,Rhinolophus ferrumequinum,0.034,0.034,-1,Echolocation,/mnt/ubna_data_02_mir/recover-20220922/UBNA_001/20220921_090000.WAV,Telephone Field,recover-20220922,001,1795
532.7705,532.8137,68437,83313,Rhinolophus ferrumequinum,0.035,0.035,-1,Echolocation,/mnt/ubna_data_02_mir/recover-20220922/UBNA_001/20220921_090000.WAV,Telephone Field,recover-20220922,001,1795
532.7865,532.7958,28906,36710,Eptesicus serotinus,0.008,0.022,-1,Echolocation,/mnt/ubna_data_02_mir/recover-20220922/UBNA_001/20220921_090000.WAV,Telephone Field,recover-20220922,001,1795
532.7955,532.8347,68437,82088,Rhinolophus ferrumequinum,0.021,0.021,-1,Echolocation,/mnt/ubna_data_02_mir/recover-20220922/UBNA_001/20220921_090000.WAV,Telephone Field,recover-20220922,001,1795
532.8205,532.8623,68437,82854,Rhinolophus ferrumequinum,0.026,0.026,-1,Echolocation,/mnt/ubna_data_02_mir/recover-20220922/UBNA_001/20220921_090000.WAV,Telephone Field,recover-20220922,001,1795
532.8545,532.8903,68437,81196,Rhinolophus ferrumequinum,0.023,0.023,-1,Echolocation,/mnt/ubna_data_02_mir/recover-20220922/UBNA_001/20220921_090000.WAV,Telephone Field,recover-20220922,001,1795
532.8645,532.8999,68437,81275,Rhinolophus ferrumequinum,0.022,0.022,-1,Echolocation,/mnt/ubna_data_02_mir/recover-20220922/UBNA_001/20220921_090000.WAV,Telephone Field,recover-20220922,001,1795
532.8885,532.9273,68437,81470,Rhinolophus ferrumequinum,0.027,0.027,-1,Echolocation,/mnt/ubna_data_02_mir/recover-20220922/UBNA_001/20220921_090000.WAV,Telephone Field,recover-20220922,001,1795
532.9135,532.9544,68437,82080,Rhinolophus ferrumequinum,0.036,0.036,-1,Echolocation,/mnt/ubna_data_02_mir/recover-20220922/UBNA_001/20220921_090000.WAV,Telephone Field,recover-20220922,001,1795
532.9685,532.9785,51250,55664,Pipistrellus pipistrellus,0.031,0.038,-1,Echolocation,/mnt/ubna_data_02_mir/recover-20220922/UBNA_001/20220921_090000.WAV,Telephone Field,recover-20220922,001,1795
532.9915,532.9988,30625,46222,Myotis daubentonii,0.008,0.023,-1,Echolocation,/mnt/ubna_data_02_mir/recover-20220922/UBNA_001/20220921_090000.WAV,Telephone Field,recover-20220922,001,1795
532.9925,533.0357,68437,82968,Rhinolophus ferrumequinum,0.03,0.03,-1,Echolocation,/mnt/ubna_data_02_mir/recover-20220922/UBNA_001/20220921_090000.WAV,Telephone Field,recover-20220922,001,1795
533.0355,533.0444,48671,54771,Pipistrellus pipistrellus,0.058,0.061,-1,Echolocation,/mnt/ubna_data_02_mir/recover-20220922/UBNA_001/20220921_090000.WAV,Telephone Field,recover-20220922,001,1795
533.0365,533.0738,68437,82062,Rhinolophus ferrumequinum,0.026,0.026,-1,Echolocation,/mnt/ubna_data_02_mir/recover-20220922/UBNA_001/20220921_090000.WAV,Telephone Field,recover-20220922,001,1795
533.0605,533.0968,68437,81776,Rhinolophus ferrumequinum,0.022,0.022,-1,Echolocation,/mnt/ubna_data_02_mir/recover-20220922/UBNA_001/20220921_090000.WAV,Telephone Field,recover-20220922,001,1795
533.0685,533.107,68437,82003,Rhinolophus ferrumequinum,0.023,0.024,-1,Echolocation,/mnt/ubna_data_02_mir/recover-20220922/UBNA_001/20220921_090000.WAV,Telephone Field,recover-20220922,001,1795
533.0815,533.1227,68437,81910,Rhinolophus ferrumequinum,0.024,0.024,-1,Echolocation,/mnt/ubna_data_02_mir/recover-20220922/UBNA_001/20220921_090000.WAV,Telephone Field,recover-20220922,001,1795
533.0835,533.0934,28046,37419,Eptesicus serotinus,0.01,0.024,-1,Echolocation,/mnt/ubna_data_02_mir/recover-20220922/UBNA_001/20220921_090000.WAV,Telephone Field,recover-20220922,001,1795
533.1145,533.1542,68437,82241,Rhinolophus ferrumequinum,0.022,0.022,-1,Echolocation,/mnt/ubna_data_02_mir/recover-20220922/UBNA_001/20220921_090000.WAV,Telephone Field,recover-20220922,001,1795
533.1405,533.15,28046,34476,Eptesicus serotinus,0.029,0.065,-1,Echolocation,/mnt/ubna_data_02_mir/recover-20220922/UBNA_001/20220921_090000.WAV,Telephone Field,recover-20220922,001,1795
533.1615,533.1993,68437,81235,Rhinolophus ferrumequinum,0.022,0.022,-1,Echolocation,/mnt/ubna_data_02_mir/recover-20220922/UBNA_001/20220921_090000.WAV,Telephone Field,recover-20220922,001,1795
533.1975,533.2374,68437,82148,Rhinolophus ferrumequinum,0.023,0.023,-1,Echolocation,/mnt/ubna_data_02_mir/recover-20220922/UBNA_001/20220921_090000.WAV,Telephone Field,recover-20220922,001,1795
533.2475,533.2895,68437,82772,Rhinolophus ferrumequinum,0.027,0.027,-1,Echolocation,/mnt/ubna_data_02_mir/recover-20220922/UBNA_001/20220921_090000.WAV,Telephone Field,recover-20220922,001,1795
533.2755,533.2848,22890,29494,Plecotus austriacus,0.008,0.022,-1,Echolocation,/mnt/ubna_data_02_mir/recover-20220922/UBNA_001/20220921_090000.WAV,Telephone Field,recover-20220922,001,1795
533.2775,533.3187,68437,82640,Rhinolophus ferrumequinum,0.026,0.026,-1,Echolocation,/mnt/ubna_data_02_mir/recover-20220922/UBNA_001/20220921_090000.WAV,Telephone Field,recover-20220922,001,1795
533.2875,533.3319,68437,83011,Rhinolophus ferrumequinum,0.022,0.022,-1,Echolocation,/mnt/ubna_data_02_mir/recover-20220922/UBNA_001/20220921_090000.WAV,Telephone Field,recover-20220922,001,1795
533.3125,533.3476,68437,81898,Rhinolophus ferrumequinum,0.027,0.027,-1,Echolocation,/mnt/ubna_data_02_mir/recover-20220922/UBNA_001/20220921_090000.WAV,Telephone Field,recover-20220922,001,1795
533.3235,533.3613,68437,82110,Rhinolophus ferrumequinum,0.022,0.022,-1,Echolocation,/mnt/ubna_data_02_mir/recover-20220922/UBNA_001/20220921_090000.WAV,Telephone Field,recover-20220922,001,1795
533.3415,533.3818,68437,82405,Rhinolophus ferrumequinum,0.027,0.027,-1,Echolocation,/mnt/ubna_data_02_mir/recover-20220922/UBNA_001/20220921_090000.WAV,Telephone Field,recover-20220922,001,1795
533.3765,533.3877,28906,34910,Eptesicus serotinus,0.016,0.032,-1,Echolocation,/mnt/ubna_data_02_mir/recover-20220922/UBNA_001/20220921_090000.WAV,Telephone Field,recover-20220922,001,1795
533.3995,533.4404,68437,82372,Rhinolophus ferrumequinum,0.03,0.03,-1,Echolocation,/mnt/ubna_data_02_mir/recover-20220922/UBNA_001/20220921_090000.WAV,Telephone Field,recover-20220922,001,1795
533.4155,533.4234,26328,36013,Eptesicus serotinus,0.012,0.033,-1,Echolocation,/mnt/ubna_data_02_mir/recover-20220922/UBNA_001/20220921_090000.WAV,Telephone Field,recover-20220922,001,1795
533.4255,533.4654,68437,82462,Rhinolophus ferrumequinum,0.022,0.022,-1,Echolocation,/mnt/ubna_data_02_mir/recover-20220922/UBNA_001/20220921_090000.WAV,Telephone Field,recover-20220922,001,1795
533.4445,533.485,68437,82642,Rhinolophus ferrumequinum,0.024,0.024,-1,Echolocation,/mnt/ubna_data_02_mir/recover-20220922/UBNA_001/20220921_090000.WAV,Telephone Field,recover-20220922,001,1795
533.4515,533.4599,24609,31636,Nyctalus leisleri,0.007,0.021,-1,Echolocation,/mnt/ubna_data_02_mir/recover-20220922/UBNA_001/20220921_090000.WAV,Telephone Field,recover-20220922,001,1795
533.4725,533.5094,68437,81422,Rhinolophus ferrumequinum,0.022,0.022,-1,Echolocation,/mnt/ubna_data_02_mir/recover-20220922/UBNA_001/20220921_090000.WAV,Telephone Field,recover-20220922,001,1795
533.4875,533.526,68437,82195,Rhinolophus ferrumequinum,0.023,0.023,-1,Echolocation,/mnt/ubna_data_02_mir/recover-20220922/UBNA_001/20220921_090000.WAV,Telephone Field,recover-20220922,001,1795
533.5345,533.5706,68437,81754,Rhinolophus ferrumequinum,0.024,0.025,-1,Echolocation,/mnt/ubna_data_02_mir/recover-20220922/UBNA_001/20220921_090000.WAV,Telephone Field,recover-20220922,001,1795
533.5425,533.552,25468,34215,Eptesicus serotinus,0.015,0.037,-1,Echolocation,/mnt/ubna_data_02_mir/recover-20220922/UBNA_001/20220921_090000.WAV,Telephone Field,recover-20220922,001,1795
533.5525,533.5915,68437,82012,Rhinolophus ferrumequinum,0.021,0.021,-1,Echolocation,/mnt/ubna_data_02_mir/recover-20220922/UBNA_001/20220921_090000.WAV,Telephone Field,recover-20220922,001,1795
533.5565,533.566,44375,48288,Pipistrellus pipistrellus,0.021,0.025,-1,Echolocation,/mnt/ubna_data_02_mir/recover-20220922/UBNA_001/20220921_090000.WAV,Telephone Field,recover-20220922,001,1795
533.5565,533.5694,25468,29720,Nyctalus leisleri,0.012,0.025,-1,Echolocation,/mnt/ubna_data_02_mir/recover-20220922/UBNA_001/20220921_090000.WAV,Telephone Field,recover-20220922,001,1795
533.5805,533.6185,68437,81142,Rhinolophus ferrumequinum,0.023,0.023,-1,Echolocation,/mnt/ubna_data_02_mir/recover-20220922/UBNA_001/20220921_090000.WAV,Telephone Field,recover-20220922,001,1795
533.5905,533.6268,68437,81671,Rhinolophus ferrumequinum,0.021,0.021,-1,Echolocation,/mnt/ubna_data_02_mir/recover-20220922/UBNA_001/20220921_090000.WAV,Telephone Field,recover-20220922,001,1795
533.5955,533.6033,51250,58693,Pipistrellus pipistrellus,0.016,0.022,-1,Echolocation,/mnt/ubna_data_02_mir/recover-20220922/UBNA_001/20220921_090000.WAV,Telephone Field,recover-20220922,001,1795
533.5985000000001,533.6364,68437,81727,Rhinolophus ferrumequinum,0.021,0.022,-1,Echolocation,/mnt/ubna_data_02_mir/recover-20220922/UBNA_001/20220921_090000.WAV,Telephone Field,recover-20220922,001,1795
533.6185,533.6581,68437,82205,Rhinolophus ferrumequinum,0.025,0.025,-1,Echolocation,/mnt/ubna_data_02_mir/recover-20220922/UBNA_001/20220921_090000.WAV,Telephone Field,recover-20220922,001,1795
533.6795,533.7164,68437,82003,Rhinolophus ferrumequinum,0.021,0.021,-1,Echolocation,/mnt/ubna_data_02_mir/recover-20220922/UBNA_001/20220921_090000.WAV,Telephone Field,recover-20220922,001,1795
533.6975,533.7356,68437,81709,Rhinolophus ferrumequinum,0.021,0.021,-1,Echolocation,/mnt/ubna_data_02_mir/recover-20220922/UBNA_001/20220921_090000.WAV,Telephone Field,recover-20220922,001,1795
533.7435,533.7805,68437,82319,Rhinolophus ferrumequinum,0.022,0.022,-1,Echolocation,/mnt/ubna_data_02_mir/recover-20220922/UBNA_001/20220921_090000.WAV,Telephone Field,recover-20220922,001,1795
533.7675,533.8081999999999,68437,82490,Rhinolophus ferrumequinum,0.025,0.025,-1,Echolocation,/mnt/ubna_data_02_mir/recover-20220922/UBNA_001/20220921_090000.WAV,Telephone Field,recover-20220922,001,1795
533.7875,533.829,68437,82796,Rhinolophus ferrumequinum,0.029,0.029,-1,Echolocation,/mnt/ubna_data_02_mir/recover-20220922/UBNA_001/20220921_090000.WAV,Telephone Field,recover-20220922,001,1795
533.7975,533.8089,26328,32864,Eptesicus serotinus,0.016,0.034,-1,Echolocation,/mnt/ubna_data_02_mir/recover-20220922/UBNA_001/20220921_090000.WAV,Telephone Field,recover-20220922,001,1795
533.8125,533.8515,68437,82215,Rhinolophus ferrumequinum,0.027,0.027,-1,Echolocation,/mnt/ubna_data_02_mir/recover-20220922/UBNA_001/20220921_090000.WAV,Telephone Field,recover-20220922,001,1795
533.8395,533.8853,68437,84011,Rhinolophus ferrumequinum,0.056,0.056,-1,Echolocation,/mnt/ubna_data_02_mir/recover-20220922/UBNA_001/20220921_090000.WAV,Telephone Field,recover-20220922,001,1795
533.8415,533.8503,29765,40950,Eptesicus serotinus,0.01,0.031,-1,Echolocation,/mnt/ubna_data_02_mir/recover-20220922/UBNA_001/20220921_090000.WAV,Telephone Field,recover-20220922,001,1795
533.9035,533.9427,68437,82097,Rhinolophus ferrumequinum,0.021,0.021,-1,Echolocation,/mnt/ubna_data_02_mir/recover-20220922/UBNA_001/20220921_090000.WAV,Telephone Field,recover-20220922,001,1795
533.9305,533.9409,25468,32134,Eptesicus serotinus,0.009,0.022,-1,Echolocation,/mnt/ubna_data_02_mir/recover-20220922/UBNA_001/20220921_090000.WAV,Telephone Field,recover-20220922,001,1795
533.9365,533.9467,28906,36002,Eptesicus serotinus,0.01,0.024,-1,Echolocation,/mnt/ubna_data_02_mir/recover-20220922/UBNA_001/20220921_090000.WAV,Telephone Field,recover-20220922,001,1795
533.9555,533.9976,68437,82296,Rhinolophus ferrumequinum,0.029,0.029,-1,Echolocation,/mnt/ubna_data_02_mir/recover-20220922/UBNA_001/20220921_090000.WAV,Telephone Field,recover-20220922,001,1795
533.9805,533.9943,22890,27217,Nyctalus leisleri,0.015,0.026,-1,Echolocation,/mnt/ubna_data_02_mir/recover-20220922/UBNA_001/20220921_090000.WAV,Telephone Field,recover-20220922,001,1795
534.0015,534.0132,27187,35491,Eptesicus serotinus,0.01,0.028,-1,Echolocation,/mnt/ubna_data_02_mir/recover-20220922/UBNA_001/20220921_090000.WAV,Telephone Field,recover-20220922,001,1795
534.0015,534.0117,46953,52381,Pipistrellus pipistrellus,0.015,0.021,-1,Echolocation,/mnt/ubna_data_02_mir/recover-20220922/UBNA_001/20220921_090000.WAV,Telephone Field,recover-20220922,001,1795
534.0015,534.0339,68437,79666,Rhinolophus ferrumequinum,0.041,0.041,-1,Echolocation,/mnt/ubna_data_02_mir/recover-20220922/UBNA_001/20220921_090000.WAV,Telephone Field,recover-20220922,001,1795
534.0125,534.0239,28906,35085,Eptesicus serotinus,0.041,0.063,-1,Echolocation,/mnt/ubna_data_02_mir/recover-20220922/UBNA_001/20220921_090000.WAV,Telephone Field,recover-20220922,001,1795
534.0155,534.0548,68437,82516,Rhinolophus ferrumequinum,0.021,0.021,-1,Echolocation,/mnt/ubna_data_02_mir/recover-20220922/UBNA_001/20220921_090000.WAV,Telephone Field,recover-20220922,001,1795
534.0264999999999,534.0669,68437,82475,Rhinolophus ferrumequinum,0.024,0.024,-1,Echolocation,/mnt/ubna_data_02_mir/recover-20220922/UBNA_001/20220921_090000.WAV,Telephone Field,recover-20220922,001,1795
534.0335,534.0726,68437,82368,Rhinolophus ferrumequinum,0.021,0.021,-1,Echolocation,/mnt/ubna_data_02_mir/recover-20220922/UBNA_001/20220921_090000.WAV,Telephone Field,recover-20220922,001,1795
534.0345,534.0415,27187,39959,Eptesicus serotinus,0.006,0.024,-1,Echolocation,/mnt/ubna_data_02_mir/recover-20220922/UBNA_001/20220921_090000.WAV,Telephone Field,recover-20220922,001,1795
534.0355,534.0422,32343,42498,Myotis daubentonii,0.01,0.025,-1,Echolocation,/mnt/ubna_data_02_mir/recover-20220922/UBNA_001/20220921_090000.WAV,Telephone Field,recover-20220922,001,1795
534.0685,534.0795,22890,27536,Nyctalus leisleri,0.011,0.021,-1,Echolocation,/mnt/ubna_data_02_mir/recover-20220922/UBNA_001/20220921_090000.WAV,Telephone Field,recover-20220922,001,1795
534.0695,534.1085,68437,82158,Rhinolophus ferrumequinum,0.025,0.025,-1,Echolocation,/mnt/ubna_data_02_mir/recover-20220922/UBNA_001/20220921_090000.WAV,Telephone Field,recover-20220922,001,1795
534.0935,534.1296,68437,81456,Rhinolophus ferrumequinum,0.022,0.022,-1,Echolocation,/mnt/ubna_data_02_mir/recover-20220922/UBNA_001/20220921_090000.WAV,Telephone Field,recover-20220922,001,1795
534.1815,534.2213,68437,82484,Rhinolophus ferrumequinum,0.022,0.022,-1,Echolocation,/mnt/ubna_data_02_mir/recover-20220922/UBNA_001/20220921_090000.WAV,Telephone Field,recover-20220922,001,1795
534.1825,534.1916,28046,37505,Eptesicus serotinus,0.009,0.021,-1,Echolocation,/mnt/ubna_data_02_mir/recover-20220922/UBNA_001/20220921_090000.WAV,Telephone Field,recover-20220922,001,1795
534.2105,534.2497,68437,81989,Rhinolophus ferrumequinum,0.021,0.021,-1,Echolocation,/mnt/ubna_data_02_mir/recover-20220922/UBNA_001/20220921_090000.WAV,Telephone Field,recover-20220922,001,1795
534.2335,534.2738,68437,82574,Rhinolophus ferrumequinum,0.027,0.027,-1,Echolocation,/mnt/ubna_data_02_mir/recover-20220922/UBNA_001/20220921_090000.WAV,Telephone Field,recover-20220922,001,1795
534.2425,534.2807,68437,81628,Rhinolophus ferrumequinum,0.022,0.022,-1,Echolocation,/mnt/ubna_data_02_mir/recover-20220922/UBNA_001/20220921_090000.WAV,Telephone Field,recover-20220922,001,1795
534.2485,534.2875,68437,81785,Rhinolophus ferrumequinum,0.022,0.022,-1,Echolocation,/mnt/ubna_data_02_mir/recover-20220922/UBNA_001/20220921_090000.WAV,Telephone Field,recover-20220922,001,1795
534.2775,534.3163,68437,82425,Rhinolophus ferrumequinum,0.026,0.026,-1,Echolocation,/mnt/ubna_data_02_mir/recover-20220922/UBNA_001/20220921_090000.WAV,Telephone Field,recover-20220922,001,1795
534.2845,534.2946,27187,34251,Eptesicus serotinus,0.009,0.021,-1,Echolocation,/mnt/ubna_data_02_mir/recover-20220922/UBNA_001/20220921_090000.WAV,Telephone Field,recover-20220922,001,1795
534.2875,534.2981,22031,26624,Nyctalus leisleri,0.011,0.021,-1,Echolocation,/mnt/ubna_data_02_mir/recover-20220922/UBNA_001/20220921_090000.WAV,Telephone Field,recover-20220922,001,1795
534.3025,534.3115,27187,36702,Eptesicus serotinus,0.008,0.021,-1,Echolocation,/mnt/ubna_data_02_mir/recover-20220922/UBNA_001/20220921_090000.WAV,Telephone Field,recover-20220922,001,1795
534.3165,534.3541,68437,81950,Rhinolophus ferrumequinum,0.022,0.023,-1,Echolocation,/mnt/ubna_data_02_mir/recover-20220922/UBNA_001/20220921_090000.WAV,Telephone Field,recover-20220922,001,1795
534.3215,534.3317,23750,30396,Nyctalus leisleri,0.008,0.022,-1,Echolocation,/mnt/ubna_data_02_mir/recover-20220922/UBNA_001/20220921_090000.WAV,Telephone Field,recover-20220922,001,1795
534.3235,534.3616,68437,81713,Rhinolophus ferrumequinum,0.021,0.021,-1,Echolocation,/mnt/ubna_data_02_mir/recover-20220922/UBNA_001/20220921_090000.WAV,Telephone Field,recover-20220922,001,1795
534.3575,534.3961,68437,81613,Rhinolophus ferrumequinum,0.021,0.021,-1,Echolocation,/mnt/ubna_data_02_mir/recover-20220922/UBNA_001/20220921_090000.WAV,Telephone Field,recover-20220922,001,1795
534.3725,534.3788,28046,38333,Myotis daubentonii,0.007,0.024,-1,Echolocation,/mnt/ubna_data_02_mir/recover-20220922/UBNA_001/20220921_090000.WAV,Telephone Field,recover-20220922,001,1795
534.3915,534.4327,68437,82785,Rhinolophus ferrumequinum,0.025,0.025,-1,Echolocation,/mnt/ubna_data_02_mir/recover-20220922/UBNA_001/20220921_090000.WAV,Telephone Field,recover-20220922,001,1795
534.4005,534.4085,23750,32573,Plecotus austriacus,0.009,0.022,-1,Echolocation,/mnt/ubna_data_02_mir/recover-20220922/UBNA_001/20220921_090000.WAV,Telephone Field,recover-20220922,001,1795
534.4385,534.4468,28046,37476,Eptesicus serotinus,0.011,0.027,-1,Echolocation,/mnt/ubna_data_02_mir/recover-20220922/UBNA_001/20220921_090000.WAV,Telephone Field,recover-20220922,001,1795
534.4545,534.4979,68437,83601,Rhinolophus ferrumequinum,0.033,0.033,-1,Echolocation,/mnt/ubna_data_02_mir/recover-20220922/UBNA_001/20220921_090000.WAV,Telephone Field,recover-20220922,001,1795
534.4575,534.4651,28046,37936,Eptesicus serotinus,0.007,0.024,-1,Echolocation,/mnt/ubna_data_02_mir/recover-20220922/UBNA_001/20220921_090000.WAV,Telephone Field,recover-20220922,001,1795
534.4655,534.5044,68437,81739,Rhinolophus ferrumequinum,0.021,0.021,-1,Echolocation,/mnt/ubna_data_02_mir/recover-20220922/UBNA_001/20220921_090000.WAV,Telephone Field,recover-20220922,001,1795
534.4925,534.5323,68437,82322,Rhinolophus ferrumequinum,0.024,0.024,-1,Echolocation,/mnt/ubna_data_02_mir/recover-20220922/UBNA_001/20220921_090000.WAV,Telephone Field,recover-20220922,001,1795
534.5264999999999,534.5403,25468,30265,Nyctalus leisleri,0.025,0.054,-1,Echolocation,/mnt/ubna_data_02_mir/recover-20220922/UBNA_001/20220921_090000.WAV,Telephone Field,recover-20220922,001,1795
534.5295,534.5673,68437,81682,Rhinolophus ferrumequinum,0.024,0.024,-1,Echolocation,/mnt/ubna_data_02_mir/recover-20220922/UBNA_001/20220921_090000.WAV,Telephone Field,recover-20220922,001,1795
534.5575,534.5956,68437,82279,Rhinolophus ferrumequinum,0.022,0.022,-1,Echolocation,/mnt/ubna_data_02_mir/recover-20220922/UBNA_001/20220921_090000.WAV,Telephone Field,recover-20220922,001,1795
534.5595,534.5672,24609,32873,Plecotus austriacus,0.007,0.021,-1,Echolocation,/mnt/ubna_data_02_mir/recover-20220922/UBNA_001/20220921_090000.WAV,Telephone Field,recover-20220922,001,1795
534.5815,534.6231,68437,82557,Rhinolophus ferrumequinum,0.026,0.026,-1,Echolocation,/mnt/ubna_data_02_mir/recover-20220922/UBNA_001/20220921_090000.WAV,Telephone Field,recover-20220922,001,1795
534.5815,534.5915,23750,30219,Nyctalus leisleri,0.008,0.022,-1,Echolocation,/mnt/ubna_data_02_mir/recover-20220922/UBNA_001/20220921_090000.WAV,Telephone Field,recover-20220922,001,1795
534.6015,534.6093,22890,30902,Plecotus austriacus,0.012,0.025,-1,Echolocation,/mnt/ubna_data_02_mir/recover-20220922/UBNA_001/20220921_090000.WAV,Telephone Field,recover-20220922,001,1795
534.6305,534.6681,68437,81290,Rhinolophus ferrumequinum,0.027,0.027,-1,Echolocation,/mnt/ubna_data_02_mir/recover-20220922/UBNA_001/20220921_090000.WAV,Telephone Field,recover-20220922,001,1795
534.6625,534.6711,28046,38073,Eptesicus serotinus,0.007,0.022,-1,Echolocation,/mnt/ubna_data_02_mir/recover-20220922/UBNA_001/20220921_090000.WAV,Telephone Field,recover-20220922,001,1795
534.7275,534.7687,68437,82307,Rhinolophus ferrumequinum,0.023,0.023,-1,Echolocation,/mnt/ubna_data_02_mir/recover-20220922/UBNA_001/20220921_090000.WAV,Telephone Field,recover-20220922,001,1795
534.7475,534.7556,26328,34918,Eptesicus serotinus,0.007,0.023,-1,Echolocation,/mnt/ubna_data_02_mir/recover-20220922/UBNA_001/20220921_090000.WAV,Telephone Field,recover-20220922,001,1795
534.7555,534.7922,68437,81127,Rhinolophus ferrumequinum,0.024,0.024,-1,Echolocation,/mnt/ubna_data_02_mir/recover-20220922/UBNA_001/20220921_090000.WAV,Telephone Field,recover-20220922,001,1795
534.7595,534.7704,27187,33574,Eptesicus serotinus,0.011,0.024,-1,Echolocation,/mnt/ubna_data_02_mir/recover-20220922/UBNA_001/20220921_090000.WAV,Telephone Field,recover-20220922,001,1795
534.7735,534.7826,29765,38097,Eptesicus serotinus,0.009,0.024,-1,Echolocation,/mnt/ubna_data_02_mir/recover-20220922/UBNA_001/20220921_090000.WAV,Telephone Field,recover-20220922,001,1795
534.7745,534.814,68437,82373,Rhinolophus ferrumequinum,0.029,0.029,-1,Echolocation,/mnt/ubna_data_02_mir/recover-20220922/UBNA_001/20220921_090000.WAV,Telephone Field,recover-20220922,001,1795
534.7845,534.7913,48671,53324,Pipistrellus pipistrellus,0.019,0.021,-1,Echolocation,/mnt/ubna_data_02_mir/recover-20220922/UBNA_001/20220921_090000.WAV,Telephone Field,recover-20220922,001,1795
534.8005,534.8405,68437,81812,Rhinolophus ferrumequinum,0.022,0.022,-1,Echolocation,/mnt/ubna_data_02_mir/recover-20220922/UBNA_001/20220921_090000.WAV,Telephone Field,recover-20220922,001,1795
534.8105,534.8432,68437,80795,Rhinolophus ferrumequinum,0.029,0.029,-1,Echolocation,/mnt/ubna_data_02_mir/recover-20220922/UBNA_001/20220921_090000.WAV,Telephone Field,recover-20220922,001,1795
534.8245,534.8628,68437,81626,Rhinolophus ferrumequinum,0.029,0.029,-1,Echolocation,/mnt/ubna_data_02_mir/recover-20220922/UBNA_001/20220921_090000.WAV,Telephone Field,recover-20220922,001,1795
534.8655,534.8751,28046,37306,Eptesicus serotinus,0.009,0.022,-1,Echolocation,/mnt/ubna_data_02_mir/recover-20220922/UBNA_001/20220921_090000.WAV,Telephone Field,recover-20220922,001,1795
534.9055,534.9456,68437,82370,Rhinolophus ferrumequinum,0.022,0.022,-1,Echolocation,/mnt/ubna_data_02_mir/recover-20220922/UBNA_001/20220921_090000.WAV,Telephone Field,recover-20220922,001,1795
534.9475,534.9842,68437,81258,Rhinolophus ferrumequinum,0.022,0.022,-1,Echolocation,/mnt/ubna_data_02_mir/recover-20220922/UBNA_001/20220921_090000.WAV,Telephone Field,recover-20220922,001,1795
534.9605,534.9668,34921,42820,Myotis daubentonii,0.011,0.024,-1,Echolocation,/mnt/ubna_data_02_mir/recover-20220922/UBNA_001/20220921_090000.WAV,Telephone Field,recover-20220922,001,1795
534.9605,534.9684,27187,40478,Eptesicus serotinus,0.008,0.026,-1,Echolocation,/mnt/ubna_data_02_mir/recover-20220922/UBNA_001/20220921_090000.WAV,Telephone Field,recover-20220922,001,1795
534.9905,535.026,68437,81256,Rhinolophus ferrumequinum,0.022,0.022,-1,Echolocation,/mnt/ubna_data_02_mir/recover-20220922/UBNA_001/20220921_090000.WAV,Telephone Field,recover-20220922,001,1795
535.0225,535.063,68437,82231,Rhinolophus ferrumequinum,0.022,0.022,-1,Echolocation,/mnt/ubna_data_02_mir/recover-20220922/UBNA_001/20220921_090000.WAV,Telephone Field,recover-20220922,001,1795
535.0275,535.0667,68437,82425,Rhinolophus ferrumequinum,0.022,0.022,-1,Echolocation,/mnt/ubna_data_02_mir/recover-20220922/UBNA_001/20220921_090000.WAV,Telephone Field,recover-20220922,001,1795
535.0495,535.0873,68437,82283,Rhinolophus ferrumequinum,0.023,0.023,-1,Echolocation,/mnt/ubna_data_02_mir/recover-20220922/UBNA_001/20220921_090000.WAV,Telephone Field,recover-20220922,001,1795
535.0655,535.1011,68437,80992,Rhinolophus ferrumequinum,0.021,0.021,-1,Echolocation,/mnt/ubna_data_02_mir/recover-20220922/UBNA_001/20220921_090000.WAV,Telephone Field,recover-20220922,001,1795
535.0795,535.1199,68437,82118,Rhinolophus ferrumequinum,0.023,0.023,-1,Echolocation,/mnt/ubna_data_02_mir/recover-20220922/UBNA_001/20220921_090000.WAV,Telephone Field,recover-20220922,001,1795
535.1195,535.1564,68437,81984,Rhinolophus ferrumequinum,0.023,0.023,-1,Echolocation,/mnt/ubna_data_02_mir/recover-20220922/UBNA_001/20220921_090000.WAV,Telephone Field,recover-20220922,001,1795
535.1235,535.1326,28046,36662,Eptesicus serotinus,0.007,0.021,-1,Echolocation,/mnt/ubna_data_02_mir/recover-20220922/UBNA_001/20220921_090000.WAV,Telephone Field,recover-20220922,001,1795
535.1455,535.1874,68437,82342,Rhinolophus ferrumequinum,0.024,0.024,-1,Echolocation,/mnt/ubna_data_02_mir/recover-20220922/UBNA_001/20220921_090000.WAV,Telephone Field,recover-20220922,001,1795
535.1595,535.1698,23750,30781,Nyctalus leisleri,0.008,0.022,-1,Echolocation,/mnt/ubna_data_02_mir/recover-20220922/UBNA_001/20220921_090000.WAV,Telephone Field,recover-20220922,001,1795
535.1965,535.2087,28046,33788,Eptesicus serotinus,0.015,0.028,-1,Echolocation,/mnt/ubna_data_02_mir/recover-20220922/UBNA_001/20220921_090000.WAV,Telephone Field,recover-20220922,001,1795
535.2045,535.2452,68437,82682,Rhinolophus ferrumequinum,0.025,0.025,-1,Echolocation,/mnt/ubna_data_02_mir/recover-20220922/UBNA_001/20220921_090000.WAV,Telephone Field,recover-20220922,001,1795
535.2075,535.2185,22890,28341,Nyctalus leisleri,0.011,0.024,-1,Echolocation,/mnt/ubna_data_02_mir/recover-20220922/UBNA_001/20220921_090000.WAV,Telephone Field,recover-20220922,001,1795
535.2445,535.2532,28906,38098,Eptesicus serotinus,0.008,0.025,-1,Echolocation,/mnt/ubna_data_02_mir/recover-20220922/UBNA_001/20220921_090000.WAV,Telephone Field,recover-20220922,001,1795
535.2995,535.3342,68437,80827,Rhinolophus ferrumequinum,0.021,0.021,-1,Echolocation,/mnt/ubna_data_02_mir/recover-20220922/UBNA_001/20220921_090000.WAV,Telephone Field,recover-20220922,001,1795
535.3395,535.3771,68437,81911,Rhinolophus ferrumequinum,0.023,0.023,-1,Echolocation,/mnt/ubna_data_02_mir/recover-20220922/UBNA_001/20220921_090000.WAV,Telephone Field,recover-20220922,001,1795
535.3665,535.3775,23750,29416,Nyctalus leisleri,0.009,0.021,-1,Echolocation,/mnt/ubna_data_02_mir/recover-20220922/UBNA_001/20220921_090000.WAV,Telephone Field,recover-20220922,001,1795
535.3665,535.4077,68437,82565,Rhinolophus ferrumequinum,0.022,0.022,-1,Echolocation,/mnt/ubna_data_02_mir/recover-20220922/UBNA_001/20220921_090000.WAV,Telephone Field,recover-20220922,001,1795
535.3875,535.427,68437,82082,Rhinolophus ferrumequinum,0.027,0.027,-1,Echolocation,/mnt/ubna_data_02_mir/recover-20220922/UBNA_001/20220921_090000.WAV,Telephone Field,recover-20220922,001,1795
535.3995,535.4115,51250,56237,Pipistrellus pipistrellus,0.024,0.036,-1,Echolocation,/mnt/ubna_data_02_mir/recover-20220922/UBNA_001/20220921_090000.WAV,Telephone Field,recover-20220922,001,1795
535.4625,535.4705,27187,39757,Eptesicus serotinus,0.007,0.021,-1,Echolocation,/mnt/ubna_data_02_mir/recover-20220922/UBNA_001/20220921_090000.WAV,Telephone Field,recover-20220922,001,1795
535.4805,535.5198,68437,82036,Rhinolophus ferrumequinum,0.021,0.021,-1,Echolocation,/mnt/ubna_data_02_mir/recover-20220922/UBNA_001/20220921_090000.WAV,Telephone Field,recover-20220922,001,1795
535.4905,535.499,28046,39813,Eptesicus serotinus,0.008,0.023,-1,Echolocation,/mnt/ubna_data_02_mir/recover-20220922/UBNA_001/20220921_090000.WAV,Telephone Field,recover-20220922,001,1795
535.5195,535.5304,23750,29615,Nyctalus leisleri,0.009,0.021,-1,Echolocation,/mnt/ubna_data_02_mir/recover-20220922/UBNA_001/20220921_090000.WAV,Telephone Field,recover-20220922,001,1795
535.5365,535.5764,68437,82426,Rhinolophus ferrumequinum,0.029,0.029,-1,Echolocation,/mnt/ubna_data_02_mir/recover-20220922/UBNA_001/20220921_090000.WAV,Telephone Field,recover-20220922,001,1795
535.5435,535.5511,27187,39811,Eptesicus serotinus,0.007,0.024,-1,Echolocation,/mnt/ubna_data_02_mir/recover-20220922/UBNA_001/20220921_090000.WAV,Telephone Field,recover-20220922,001,1795
535.6065,535.617,24609,30997,Eptesicus serotinus,0.008,0.021,-1,Echolocation,/mnt/ubna_data_02_mir/recover-20220922/UBNA_001/20220921_090000.WAV,Telephone Field,recover-20220922,001,1795
535.6565,535.6959,68437,82007,Rhinolophus ferrumequinum,0.022,0.022,-1,Echolocation,/mnt/ubna_data_02_mir/recover-20220922/UBNA_001/20220921_090000.WAV,Telephone Field,recover-20220922,001,1795
535.6625,535.6999,68437,81828,Rhinolophus ferrumequinum,0.021,0.021,-1,Echolocation,/mnt/ubna_data_02_mir/recover-20220922/UBNA_001/20220921_090000.WAV,Telephone Field,recover-20220922,001,1795
535.7185,535.7568,68437,81630,Rhinolophus ferrumequinum,0.023,0.023,-1,Echolocation,/mnt/ubna_data_02_mir/recover-20220922/UBNA_001/20220921_090000.WAV,Telephone Field,recover-20220922,001,1795
535.7675,535.7743,28046,44025,Eptesicus serotinus,0.006,0.021,-1,Echolocation,/mnt/ubna_data_02_mir/recover-20220922/UBNA_001/20220921_090000.WAV,Telephone Field,recover-20220922,001,1795
535.7735,535.809,68437,81318,Rhinolophus ferrumequinum,0.021,0.021,-1,Echolocation,/mnt/ubna_data_02_mir/recover-20220922/UBNA_001/20220921_090000.WAV,Telephone Field,recover-20220922,001,1795
535.7885,535.8284,68437,81692,Rhinolophus ferrumequinum,0.022,0.022,-1,Echolocation,/mnt/ubna_data_02_mir/recover-20220922/UBNA_001/20220921_090000.WAV,Telephone Field,recover-20220922,001,1795
535.7935,535.8355,68437,82422,Rhinolophus ferrumequinum,0.022,0.022,-1,Echolocation,/mnt/ubna_data_02_mir/recover-20220922/UBNA_001/20220921_090000.WAV,Telephone Field,recover-20220922,001,1795
535.8315,535.8748,68437,83453,Rhinolophus ferrumequinum,0.052,0.052,-1,Echolocation,/mnt/ubna_data_02_mir/recover-20220922/UBNA_001/20220921_090000.WAV,Telephone Field,recover-20220922,001,1795
535.8665,535.8775,23750,29488,Nyctalus leisleri,0.009,0.021,-1,Echolocation,/mnt/ubna_data_02_mir/recover-20220922/UBNA_001/20220921_090000.WAV,Telephone Field,recover-20220922,001,1795
535.8785,535.8893,23750,29648,Nyctalus leisleri,0.01,0.025,-1,Echolocation,/mnt/ubna_data_02_mir/recover-20220922/UBNA_001/20220921_090000.WAV,Telephone Field,recover-20220922,001,1795
535.8835,535.9233,68437,82167,Rhinolophus ferrumequinum,0.025,0.025,-1,Echolocation,/mnt/ubna_data_02_mir/recover-20220922/UBNA_001/20220921_090000.WAV,Telephone Field,recover-20220922,001,1795
535.9065,535.9453,68437,82195,Rhinolophus ferrumequinum,0.023,0.023,-1,Echolocation,/mnt/ubna_data_02_mir/recover-20220922/UBNA_001/20220921_090000.WAV,Telephone Field,recover-20220922,001,1795
535.9125,535.9253,23750,28225,Nyctalus leisleri,0.016,0.029,-1,Echolocation,/mnt/ubna_data_02_mir/recover-20220922/UBNA_001/20220921_090000.WAV,Telephone Field,recover-20220922,001,1795
535.9135,535.9516,68437,82272,Rhinolophus ferrumequinum,0.023,0.023,-1,Echolocation,/mnt/ubna_data_02_mir/recover-20220922/UBNA_001/20220921_090000.WAV,Telephone Field,recover-20220922,001,1795
536.0015,536.0082,47812,52534,Pipistrellus pipistrellus,0.02,0.023,-1,Echolocation,/mnt/ubna_data_02_mir/recover-20220922/UBNA_001/20220921_090000.WAV,Telephone Field,recover-20220922,001,1795
536.0015,536.0298,69296,82456,Rhinolophus ferrumequinum,0.034,0.034,-1,Echolocation,/mnt/ubna_data_02_mir/recover-20220922/UBNA_001/20220921_090000.WAV,Telephone Field,recover-20220922,001,1795
536.0015,536.0095,22031,29922,Plecotus austriacus,0.007,0.024,-1,Echolocation,/mnt/ubna_data_02_mir/recover-20220922/UBNA_001/20220921_090000.WAV,Telephone Field,recover-20220922,001,1795
536.0135,536.0499,68437,82016,Rhinolophus ferrumequinum,0.022,0.022,-1,Echolocation,/mnt/ubna_data_02_mir/recover-20220922/UBNA_001/20220921_090000.WAV,Telephone Field,recover-20220922,001,1795
536.0215,536.03,28046,38562,Eptesicus serotinus,0.009,0.023,-1,Echolocation,/mnt/ubna_data_02_mir/recover-20220922/UBNA_001/20220921_090000.WAV,Telephone Field,recover-20220922,001,1795
536.0385,536.0501,14296,18754,Nyctalus noctula,0.013,0.023,-1,Echolocation,/mnt/ubna_data_02_mir/recover-20220922/UBNA_001/20220921_090000.WAV,Telephone Field,recover-20220922,001,1795
536.0635,536.0739,28906,36934,Eptesicus serotinus,0.01,0.023,-1,Echolocation,/mnt/ubna_data_02_mir/recover-20220922/UBNA_001/20220921_090000.WAV,Telephone Field,recover-20220922,001,1795
536.0715,536.0821,28906,35759,Eptesicus serotinus,0.009,0.022,-1,Echolocation,/mnt/ubna_data_02_mir/recover-20220922/UBNA_001/20220921_090000.WAV,Telephone Field,recover-20220922,001,1795
536.0865,536.1235,68437,81515,Rhinolophus ferrumequinum,0.023,0.023,-1,Echolocation,/mnt/ubna_data_02_mir/recover-20220922/UBNA_001/20220921_090000.WAV,Telephone Field,recover-20220922,001,1795
536.1055,536.1469,68437,81859,Rhinolophus ferrumequinum,0.032,0.032,-1,Echolocation,/mnt/ubna_data_02_mir/recover-20220922/UBNA_001/20220921_090000.WAV,Telephone Field,recover-20220922,001,1795
536.1325,536.1717,68437,81980,Rhinolophus ferrumequinum,0.024,0.024,-1,Echolocation,/mnt/ubna_data_02_mir/recover-20220922/UBNA_001/20220921_090000.WAV,Telephone Field,recover-20220922,001,1795
536.1415,536.1785,68437,81225,Rhinolophus ferrumequinum,0.023,0.023,-1,Echolocation,/mnt/ubna_data_02_mir/recover-20220922/UBNA_001/20220921_090000.WAV,Telephone Field,recover-20220922,001,1795
536.1455,536.1567,23750,30086,Nyctalus leisleri,0.011,0.026,-1,Echolocation,/mnt/ubna_data_02_mir/recover-20220922/UBNA_001/20220921_090000.WAV,Telephone Field,recover-20220922,001,1795
536.1855,536.195,28906,39239,Eptesicus serotinus,0.01,0.023,-1,Echolocation,/mnt/ubna_data_02_mir/recover-20220922/UBNA_001/20220921_090000.WAV,Telephone Field,recover-20220922,001,1795
536.1865,536.2266,68437,82698,Rhinolophus ferrumequinum,0.023,0.023,-1,Echolocation,/mnt/ubna_data_02_mir/recover-20220922/UBNA_001/20220921_090000.WAV,Telephone Field,recover-20220922,001,1795
536.2285,536.2666,68437,82182,Rhinolophus ferrumequinum,0.023,0.023,-1,Echolocation,/mnt/ubna_data_02_mir/recover-20220922/UBNA_001/20220921_090000.WAV,Telephone Field,recover-20220922,001,1795
536.3585,536.3996,68437,82580,Rhinolophus ferrumequinum,0.026,0.026,-1,Echolocation,/mnt/ubna_data_02_mir/recover-20220922/UBNA_001/20220921_090000.WAV,Telephone Field,recover-20220922,001,1795
536.3695,536.3909,19453,22226,Nyctalus leisleri,0.023,0.046,-1,Echolocation,/mnt/ubna_data_02_mir/recover-20220922/UBNA_001/20220921_090000.WAV,Telephone Field,recover-20220922,001,1795
536.3945,536.4029,28046,37270,Eptesicus serotinus,0.007,0.022,-1,Echolocation,/mnt/ubna_data_02_mir/recover-20220922/UBNA_001/20220921_090000.WAV,Telephone Field,recover-20220922,001,1795
536.4365,536.4768,68437,82557,Rhinolophus ferrumequinum,0.022,0.022,-1,Echolocation,/mnt/ubna_data_02_mir/recover-20220922/UBNA_001/20220921_090000.WAV,Telephone Field,recover-20220922,001,1795
536.4435,536.4539,22890,27989,Nyctalus leisleri,0.011,0.024,-1,Echolocation,/mnt/ubna_data_02_mir/recover-20220922/UBNA_001/20220921_090000.WAV,Telephone Field,recover-20220922,001,1795
536.4475,536.4871,68437,82716,Rhinolophus ferrumequinum,0.024,0.024,-1,Echolocation,/mnt/ubna_data_02_mir/recover-20220922/UBNA_001/20220921_090000.WAV,Telephone Field,recover-20220922,001,1795
536.4655,536.4775,23750,29111,Nyctalus leisleri,0.016,0.034,-1,Echolocation,/mnt/ubna_data_02_mir/recover-20220922/UBNA_001/20220921_090000.WAV,Telephone Field,recover-20220922,001,1795
536.4925,536.5323,68437,82896,Rhinolophus ferrumequinum,0.023,0.023,-1,Echolocation,/mnt/ubna_data_02_mir/recover-20220922/UBNA_001/20220921_090000.WAV,Telephone Field,recover-20220922,001,1795
536.4985,536.511,24609,30052,Nyctalus leisleri,0.014,0.029,-1,Echolocation,/mnt/ubna_data_02_mir/recover-20220922/UBNA_001/20220921_090000.WAV,Telephone Field,recover-20220922,001,1795
536.5085,536.5189,22890,28347,Nyctalus leisleri,0.011,0.026,-1,Echolocation,/mnt/ubna_data_02_mir/recover-20220922/UBNA_001/20220921_090000.WAV,Telephone Field,recover-20220922,001,1795
536.5315,536.5441,33203,38017,Pipistrellus nathusii,0.011,0.027,-1,Echolocation,/mnt/ubna_data_02_mir/recover-20220922/UBNA_001/20220921_090000.WAV,Telephone Field,recover-20220922,001,1795
536.5955,536.6371,68437,83136,Rhinolophus ferrumequinum,0.031,0.031,-1,Echolocation,/mnt/ubna_data_02_mir/recover-20220922/UBNA_001/20220921_090000.WAV,Telephone Field,recover-20220922,001,1795
536.6215,536.6581,68437,81827,Rhinolophus ferrumequinum,0.025,0.025,-1,Echolocation,/mnt/ubna_data_02_mir/recover-20220922/UBNA_001/20220921_090000.WAV,Telephone Field,recover-20220922,001,1795
536.6745,536.7158,68437,82585,Rhinolophus ferrumequinum,0.025,0.025,-1,Echolocation,/mnt/ubna_data_02_mir/recover-20220922/UBNA_001/20220921_090000.WAV,Telephone Field,recover-20220922,001,1795
536.6835,536.692,28906,37938,Eptesicus serotinus,0.009,0.025,-1,Echolocation,/mnt/ubna_data_02_mir/recover-20220922/UBNA_001/20220921_090000.WAV,Telephone Field,recover-20220922,001,1795
536.6995,536.7414,68437,82683,Rhinolophus ferrumequinum,0.024,0.024,-1,Echolocation,/mnt/ubna_data_02_mir/recover-20220922/UBNA_001/20220921_090000.WAV,Telephone Field,recover-20220922,001,1795
536.7315,536.7728,68437,83097,Rhinolophus ferrumequinum,0.026,0.026,-1,Echolocation,/mnt/ubna_data_02_mir/recover-20220922/UBNA_001/20220921_090000.WAV,Telephone Field,recover-20220922,001,1795
536.7435,536.7531,27187,35945,Eptesicus serotinus,0.012,0.026,-1,Echolocation,/mnt/ubna_data_02_mir/recover-20220922/UBNA_001/20220921_090000.WAV,Telephone Field,recover-20220922,001,1795
536.7645,536.7789,15156,20585,Nyctalus noctula,0.019,0.028,-1,Echolocation,/mnt/ubna_data_02_mir/recover-20220922/UBNA_001/20220921_090000.WAV,Telephone Field,recover-20220922,001,1795
536.7715,536.7833,23750,29127,Nyctalus leisleri,0.015,0.03,-1,Echolocation,/mnt/ubna_data_02_mir/recover-20220922/UBNA_001/20220921_090000.WAV,Telephone Field,recover-20220922,001,1795
536.7745,536.8168000000001,68437,82697,Rhinolophus ferrumequinum,0.03,0.03,-1,Echolocation,/mnt/ubna_data_02_mir/recover-20220922/UBNA_001/20220921_090000.WAV,Telephone Field,recover-20220922,001,1795
536.7965,536.819,20312,23850,Nyctalus noctula,0.022,0.046,-1,Echolocation,/mnt/ubna_data_02_mir/recover-20220922/UBNA_001/20220921_090000.WAV,Telephone Field,recover-20220922,001,1795
536.8205,536.8549,68437,81206,Rhinolophus ferrumequinum,0.022,0.022,-1,Echolocation,/mnt/ubna_data_02_mir/recover-20220922/UBNA_001/20220921_090000.WAV,Telephone Field,recover-20220922,001,1795
536.8265,536.8353,28046,38618,Eptesicus serotinus,0.009,0.023,-1,Echolocation,/mnt/ubna_data_02_mir/recover-20220922/UBNA_001/20220921_090000.WAV,Telephone Field,recover-20220922,001,1795
536.8275,536.8648,68437,81676,Rhinolophus ferrumequinum,0.021,0.021,-1,Echolocation,/mnt/ubna_data_02_mir/recover-20220922/UBNA_001/20220921_090000.WAV,Telephone Field,recover-20220922,001,1795
536.8505,536.8871,68437,80948,Rhinolophus ferrumequinum,0.025,0.025,-1,Echolocation,/mnt/ubna_data_02_mir/recover-20220922/UBNA_001/20220921_090000.WAV,Telephone Field,recover-20220922,001,1795
536.8505,536.8596,27187,35898,Eptesicus serotinus,0.01,0.021,-1,Echolocation,/mnt/ubna_data_02_mir/recover-20220922/UBNA_001/20220921_090000.WAV,Telephone Field,recover-20220922,001,1795
536.9055,536.9412,68437,81144,Rhinolophus ferrumequinum,0.022,0.022,-1,Echolocation,/mnt/ubna_data_02_mir/recover-20220922/UBNA_001/20220921_090000.WAV,Telephone Field,recover-20220922,001,1795
536.9365,536.9451,27187,39436,Eptesicus serotinus,0.009,0.023,-1,Echolocation,/mnt/ubna_data_02_mir/recover-20220922/UBNA_001/20220921_090000.WAV,Telephone Field,recover-20220922,001,1795
536.9485,536.9843,68437,81461,Rhinolophus ferrumequinum,0.021,0.021,-1,Echolocation,/mnt/ubna_data_02_mir/recover-20220922/UBNA_001/20220921_090000.WAV,Telephone Field,recover-20220922,001,1795
536.9835,537.0199,68437,81654,Rhinolophus ferrumequinum,0.022,0.022,-1,Echolocation,/mnt/ubna_data_02_mir/recover-20220922/UBNA_001/20220921_090000.WAV,Telephone Field,recover-20220922,001,1795
537.0015,537.0119,23750,30078,Nyctalus leisleri,0.01,0.025,-1,Echolocation,/mnt/ubna_data_02_mir/recover-20220922/UBNA_001/20220921_090000.WAV,Telephone Field,recover-20220922,001,1795
537.0235,537.0608,68437,81449,Rhinolophus ferrumequinum,0.029,0.029,-1,Echolocation,/mnt/ubna_data_02_mir/recover-20220922/UBNA_001/20220921_090000.WAV,Telephone Field,recover-20220922,001,1795
537.0735,537.1138,68437,82789,Rhinolophus ferrumequinum,0.024,0.024,-1,Echolocation,/mnt/ubna_data_02_mir/recover-20220922/UBNA_001/20220921_090000.WAV,Telephone Field,recover-20220922,001,1795
537.0945,537.1343,68437,81839,Rhinolophus ferrumequinum,0.023,0.023,-1,Echolocation,/mnt/ubna_data_02_mir/recover-20220922/UBNA_001/20220921_090000.WAV,Telephone Field,recover-20220922,001,1795
537.1155,537.1531,68437,82157,Rhinolophus ferrumequinum,0.024,0.024,-1,Echolocation,/mnt/ubna_data_02_mir/recover-20220922/UBNA_001/20220921_090000.WAV,Telephone Field,recover-20220922,001,1795
537.1355,537.1707,68437,81719,Rhinolophus ferrumequinum,0.021,0.021,-1,Echolocation,/mnt/ubna_data_02_mir/recover-20220922/UBNA_001/20220921_090000.WAV,Telephone Field,recover-20220922,001,1795
537.1395,537.1555,20312,23772,Nyctalus leisleri,0.013,0.025,-1,Echolocation,/mnt/ubna_data_02_mir/recover-20220922/UBNA_001/20220921_090000.WAV,Telephone Field,recover-20220922,001,1795
537.1445,537.1827,68437,81708,Rhinolophus ferrumequinum,0.024,0.024,-1,Echolocation,/mnt/ubna_data_02_mir/recover-20220922/UBNA_001/20220921_090000.WAV,Telephone Field,recover-20220922,001,1795
537.1875,537.1999,14296,20025,Nyctalus noctula,0.014,0.027,-1,Echolocation,/mnt/ubna_data_02_mir/recover-20220922/UBNA_001/20220921_090000.WAV,Telephone Field,recover-20220922,001,1795
537.2375,537.2777,68437,82616,Rhinolophus ferrumequinum,0.023,0.023,-1,Echolocation,/mnt/ubna_data_02_mir/recover-20220922/UBNA_001/20220921_090000.WAV,Telephone Field,recover-20220922,001,1795
537.2465,537.2563,28906,37192,Eptesicus serotinus,0.011,0.026,-1,Echolocation,/mnt/ubna_data_02_mir/recover-20220922/UBNA_001/20220921_090000.WAV,Telephone Field,recover-20220922,001,1795
537.2555,537.2639,26328,35085,Eptesicus serotinus,0.009,0.024,-1,Echolocation,/mnt/ubna_data_02_mir/recover-20220922/UBNA_001/20220921_090000.WAV,Telephone Field,recover-20220922,001,1795
537.2875,537.327,68437,82532,Rhinolophus ferrumequinum,0.025,0.025,-1,Echolocation,/mnt/ubna_data_02_mir/recover-20220922/UBNA_001/20220921_090000.WAV,Telephone Field,recover-20220922,001,1795
537.3085,537.351,68437,82736,Rhinolophus ferrumequinum,0.027,0.027,-1,Echolocation,/mnt/ubna_data_02_mir/recover-20220922/UBNA_001/20220921_090000.WAV,Telephone Field,recover-20220922,001,1795
537.3145,537.3572,68437,82979,Rhinolophus ferrumequinum,0.027,0.027,-1,Echolocation,/mnt/ubna_data_02_mir/recover-20220922/UBNA_001/20220921_090000.WAV,Telephone Field,recover-20220922,001,1795
537.3545,537.3692,23750,28543,Nyctalus leisleri,0.01,0.021,-1,Echolocation,/mnt/ubna_data_02_mir/recover-20220922/UBNA_001/20220921_090000.WAV,Telephone Field,recover-20220922,001,1795
537.3655,537.3734,28046,39717,Eptesicus serotinus,0.006,0.022,-1,Echolocation,/mnt/ubna_data_02_mir/recover-20220922/UBNA_001/20220921_090000.WAV,Telephone Field,recover-20220922,001,1795
537.4085,537.4475,68437,82337,Rhinolophus ferrumequinum,0.023,0.023,-1,Echolocation,/mnt/ubna_data_02_mir/recover-20220922/UBNA_001/20220921_090000.WAV,Telephone Field,recover-20220922,001,1795
537.4165,537.4273,26328,32563,Eptesicus serotinus,0.015,0.035,-1,Echolocation,/mnt/ubna_data_02_mir/recover-20220922/UBNA_001/20220921_090000.WAV,Telephone Field,recover-20220922,001,1795
537.5025,537.5418999999999,68437,82297,Rhinolophus ferrumequinum,0.022,0.022,-1,Echolocation,/mnt/ubna_data_02_mir/recover-20220922/UBNA_001/20220921_090000.WAV,Telephone Field,recover-20220922,001,1795
537.5205,537.5303,27187,35734,Eptesicus serotinus,0.011,0.024,-1,Echolocation,/mnt/ubna_data_02_mir/recover-20220922/UBNA_001/20220921_090000.WAV,Telephone Field,recover-20220922,001,1795
537.5405,537.5538,22031,25761,Nyctalus leisleri,0.014,0.023,-1,Echolocation,/mnt/ubna_data_02_mir/recover-20220922/UBNA_001/20220921_090000.WAV,Telephone Field,recover-20220922,001,1795
537.5835,537.6226,68437,82656,Rhinolophus ferrumequinum,0.025,0.025,-1,Echolocation,/mnt/ubna_data_02_mir/recover-20220922/UBNA_001/20220921_090000.WAV,Telephone Field,recover-20220922,001,1795
537.6125,537.6224,22031,29146,Nyctalus leisleri,0.051,0.191,-1,Echolocation,/mnt/ubna_data_02_mir/recover-20220922/UBNA_001/20220921_090000.WAV,Telephone Field,recover-20220922,001,1795
537.6145,537.6542,68437,82231,Rhinolophus ferrumequinum,0.028,0.028,-1,Echolocation,/mnt/ubna_data_02_mir/recover-20220922/UBNA_001/20220921_090000.WAV,Telephone Field,recover-20220922,001,1795
537.6455,537.6572,37500,43254,Pipistrellus nathusii,0.01,0.022,-1,Echolocation,/mnt/ubna_data_02_mir/recover-20220922/UBNA_001/20220921_090000.WAV,Telephone Field,recover-20220922,001,1795
537.6505,537.6937,68437,82851,Rhinolophus ferrumequinum,0.044,0.044,-1,Echolocation,/mnt/ubna_data_02_mir/recover-20220922/UBNA_001/20220921_090000.WAV,Telephone Field,recover-20220922,001,1795
537.6625,537.6802,20312,23530,Nyctalus leisleri,0.014,0.023,-1,Echolocation,/mnt/ubna_data_02_mir/recover-20220922/UBNA_001/20220921_090000.WAV,Telephone Field,recover-20220922,001,1795
537.6835,537.7248,68437,82901,Rhinolophus ferrumequinum,0.024,0.024,-1,Echolocation,/mnt/ubna_data_02_mir/recover-20220922/UBNA_001/20220921_090000.WAV,Telephone Field,recover-20220922,001,1795
537.7375,537.7808,68437,82897,Rhinolophus ferrumequinum,0.028,0.028,-1,Echolocation,/mnt/ubna_data_02_mir/recover-20220922/UBNA_001/20220921_090000.WAV,Telephone Field,recover-20220922,001,1795
537.7785,537.7916,24609,30888,Eptesicus serotinus,0.047,0.102,-1,Echolocation,/mnt/ubna_data_02_mir/recover-20220922/UBNA_001/20220921_090000.WAV,Telephone Field,recover-20220922,001,1795
537.8055,537.8447,68437,82501,Rhinolophus ferrumequinum,0.022,0.022,-1,Echolocation,/mnt/ubna_data_02_mir/recover-20220922/UBNA_001/20220921_090000.WAV,Telephone Field,recover-20220922,001,1795
537.8445,537.8537,26328,34096,Eptesicus serotinus,0.009,0.025,-1,Echolocation,/mnt/ubna_data_02_mir/recover-20220922/UBNA_001/20220921_090000.WAV,Telephone Field,recover-20220922,001,1795
537.8925,537.9012,24609,32241,Nyctalus leisleri,0.006,0.022,-1,Echolocation,/mnt/ubna_data_02_mir/recover-20220922/UBNA_001/20220921_090000.WAV,Telephone Field,recover-20220922,001,1795
537.9165,537.9549,68437,82033,Rhinolophus ferrumequinum,0.022,0.022,-1,Echolocation,/mnt/ubna_data_02_mir/recover-20220922/UBNA_001/20220921_090000.WAV,Telephone Field,recover-20220922,001,1795
537.9385,537.9773,68437,81782,Rhinolophus ferrumequinum,0.022,0.022,-1,Echolocation,/mnt/ubna_data_02_mir/recover-20220922/UBNA_001/20220921_090000.WAV,Telephone Field,recover-20220922,001,1795
537.9635,537.9697,47812,55668,Pipistrellus pipistrellus,0.021,0.022,-1,Echolocation,/mnt/ubna_data_02_mir/recover-20220922/UBNA_001/20220921_090000.WAV,Telephone Field,recover-20220922,001,1795
537.9875,537.998,28046,36279,Eptesicus serotinus,0.01,0.022,-1,Echolocation,/mnt/ubna_data_02_mir/recover-20220922/UBNA_001/20220921_090000.WAV,Telephone Field,recover-20220922,001,1795
538.0015,538.0146,18593,23019,Nyctalus leisleri,0.032,0.072,-1,Echolocation,/mnt/ubna_data_02_mir/recover-20220922/UBNA_001/20220921_090000.WAV,Telephone Field,recover-20220922,001,1795
538.0015,538.0332,69296,82245,Rhinolophus ferrumequinum,0.031,0.031,-1,Echolocation,/mnt/ubna_data_02_mir/recover-20220922/UBNA_001/20220921_090000.WAV,Telephone Field,recover-20220922,001,1795
538.0135,538.0473,68437,79951,Rhinolophus ferrumequinum,0.036,0.037,-1,Echolocation,/mnt/ubna_data_02_mir/recover-20220922/UBNA_001/20220921_090000.WAV,Telephone Field,recover-20220922,001,1795
538.0345,538.0448,22890,28425,Nyctalus leisleri,0.008,0.02,-1,Echolocation,/mnt/ubna_data_02_mir/recover-20220922/UBNA_001/20220921_090000.WAV,Telephone Field,recover-20220922,001,1795
538.0405,538.0723,68437,79708,Rhinolophus ferrumequinum,0.022,0.022,-1,Echolocation,/mnt/ubna_data_02_mir/recover-20220922/UBNA_001/20220921_090000.WAV,Telephone Field,recover-20220922,001,1795
538.0675,538.077,37500,44284,Pipistrellus nathusii,0.006,0.022,-1,Echolocation,/mnt/ubna_data_02_mir/recover-20220922/UBNA_001/20220921_090000.WAV,Telephone Field,recover-20220922,001,1795
538.0675,538.1105,68437,82098,Rhinolophus ferrumequinum,0.026,0.026,-1,Echolocation,/mnt/ubna_data_02_mir/recover-20220922/UBNA_001/20220921_090000.WAV,Telephone Field,recover-20220922,001,1795
538.1105,538.1184,26328,34948,Eptesicus serotinus,0.012,0.035,-1,Echolocation,/mnt/ubna_data_02_mir/recover-20220922/UBNA_001/20220921_090000.WAV,Telephone Field,recover-20220922,001,1795
538.1125,538.1517,68437,81823,Rhinolophus ferrumequinum,0.02,0.02,-1,Echolocation,/mnt/ubna_data_02_mir/recover-20220922/UBNA_001/20220921_090000.WAV,Telephone Field,recover-20220922,001,1795
538.1265,538.1676,68437,81948,Rhinolophus ferrumequinum,0.02,0.02,-1,Echolocation,/mnt/ubna_data_02_mir/recover-20220922/UBNA_001/20220921_090000.WAV,Telephone Field,recover-20220922,001,1795
538.1325,538.1398,26328,35273,Eptesicus serotinus,0.006,0.02,-1,Echolocation,/mnt/ubna_data_02_mir/recover-20220922/UBNA_001/20220921_090000.WAV,Telephone Field,recover-20220922,001,1795
538.1395,538.1757,68437,81590,Rhinolophus ferrumequinum,0.022,0.022,-1,Echolocation,/mnt/ubna_data_02_mir/recover-20220922/UBNA_001/20220921_090000.WAV,Telephone Field,recover-20220922,001,1795
538.1495,538.159,28046,36500,Eptesicus serotinus,0.01,0.023,-1,Echolocation,/mnt/ubna_data_02_mir/recover-20220922/UBNA_001/20220921_090000.WAV,Telephone Field,recover-20220922,001,1795
538.1665,538.2035,68437,81810,Rhinolophus ferrumequinum,0.022,0.022,-1,Echolocation,/mnt/ubna_data_02_mir/recover-20220922/UBNA_001/20220921_090000.WAV,Telephone Field,recover-20220922,001,1795
538.1705,538.1792,28046,39713,Eptesicus serotinus,0.008,0.021,-1,Echolocation,/mnt/ubna_data_02_mir/recover-20220922/UBNA_001/20220921_090000.WAV,Telephone Field,recover-20220922,001,1795
538.1775,538.2156,68437,81963,Rhinolophus ferrumequinum,0.021,0.021,-1,Echolocation,/mnt/ubna_data_02_mir/recover-20220922/UBNA_001/20220921_090000.WAV,Telephone Field,recover-20220922,001,1795
538.1835,538.2202,68437,81932,Rhinolophus ferrumequinum,0.021,0.021,-1,Echolocation,/mnt/ubna_data_02_mir/recover-20220922/UBNA_001/20220921_090000.WAV,Telephone Field,recover-20220922,001,1795
538.1915,538.2291,68437,82292,Rhinolophus ferrumequinum,0.021,0.021,-1,Echolocation,/mnt/ubna_data_02_mir/recover-20220922/UBNA_001/20220921_090000.WAV,Telephone Field,recover-20220922,001,1795
538.2305,538.245,22890,27511,Nyctalus leisleri,0.018,0.033,-1,Echolocation,/mnt/ubna_data_02_mir/recover-20220922/UBNA_001/20220921_090000.WAV,Telephone Field,recover-20220922,001,1795
538.2365,538.2716,68437,81485,Rhinolophus ferrumequinum,0.02,0.02,-1,Echolocation,/mnt/ubna_data_02_mir/recover-20220922/UBNA_001/20220921_090000.WAV,Telephone Field,recover-20220922,001,1795
538.3105,538.3197,28906,43756,Eptesicus serotinus,0.008,0.022,-1,Echolocation,/mnt/ubna_data_02_mir/recover-20220922/UBNA_001/20220921_090000.WAV,Telephone Field,recover-20220922,001,1795
538.3485000000001,538.3856,68437,81981,Rhinolophus ferrumequinum,0.022,0.022,-1,Echolocation,/mnt/ubna_data_02_mir/recover-20220922/UBNA_001/20220921_090000.WAV,Telephone Field,recover-20220922,001,1795
538.3625,538.3716,28906,36588,Eptesicus serotinus,0.008,0.02,-1,Echolocation,/mnt/ubna_data_02_mir/recover-20220922/UBNA_001/20220921_090000.WAV,Telephone Field,recover-20220922,001,1795
538.3655,538.4056,68437,82003,Rhinolophus ferrumequinum,0.021,0.021,-1,Echolocation,/mnt/ubna_data_02_mir/recover-20220922/UBNA_001/20220921_090000.WAV,Telephone Field,recover-20220922,001,1795
538.3765,538.4126,68437,81253,Rhinolophus ferrumequinum,0.022,0.022,-1,Echolocation,/mnt/ubna_data_02_mir/recover-20220922/UBNA_001/20220921_090000.WAV,Telephone Field,recover-20220922,001,1795
538.4085,538.4175,28906,37274,Eptesicus serotinus,0.008,0.02,-1,Echolocation,/mnt/ubna_data_02_mir/recover-20220922/UBNA_001/20220921_090000.WAV,Telephone Field,recover-20220922,001,1795
538.4225,538.4627,68437,82667,Rhinolophus ferrumequinum,0.021,0.021,-1,Echolocation,/mnt/ubna_data_02_mir/recover-20220922/UBNA_001/20220921_090000.WAV,Telephone Field,recover-20220922,001,1795
538.4525,538.4626,28046,35269,Eptesicus serotinus,0.023,0.041,-1,Echolocation,/mnt/ubna_data_02_mir/recover-20220922/UBNA_001/20220921_090000.WAV,Telephone Field,recover-20220922,001,1795
538.4525,538.4885,68437,81319,Rhinolophus ferrumequinum,0.02,0.02,-1,Echolocation,/mnt/ubna_data_02_mir/recover-20220922/UBNA_001/20220921_090000.WAV,Telephone Field,recover-20220922,001,1795
538.4855,538.5245,68437,81768,Rhinolophus ferrumequinum,0.02,0.02,-1,Echolocation,/mnt/ubna_data_02_mir/recover-20220922/UBNA_001/20220921_090000.WAV,Telephone Field,recover-20220922,001,1795
538.4895,538.503,23750,28809,Nyctalus leisleri,0.01,0.021,-1,Echolocation,/mnt/ubna_data_02_mir/recover-20220922/UBNA_001/20220921_090000.WAV,Telephone Field,recover-20220922,001,1795
538.5045,538.5122,27187,39807,Eptesicus serotinus,0.007,0.021,-1,Echolocation,/mnt/ubna_data_02_mir/recover-20220922/UBNA_001/20220921_090000.WAV,Telephone Field,recover-20220922,001,1795
538.5095,538.549,68437,81792,Rhinolophus ferrumequinum,0.019,0.019,-1,Echolocation,/mnt/ubna_data_02_mir/recover-20220922/UBNA_001/20220921_090000.WAV,Telephone Field,recover-20220922,001,1795
538.5345,538.5454,28046,35168,Eptesicus serotinus,0.021,0.036,-1,Echolocation,/mnt/ubna_data_02_mir/recover-20220922/UBNA_001/20220921_090000.WAV,Telephone Field,recover-20220922,001,1795
538.5395,538.575,68437,81351,Rhinolophus ferrumequinum,0.022,0.022,-1,Echolocation,/mnt/ubna_data_02_mir/recover-20220922/UBNA_001/20220921_090000.WAV,Telephone Field,recover-20220922,001,1795
538.5645,538.5992,68437,80561,Rhinolophus ferrumequinum,0.029,0.029,-1,Echolocation,/mnt/ubna_data_02_mir/recover-20220922/UBNA_001/20220921_090000.WAV,Telephone Field,recover-20220922,001,1795
538.5965,538.636,68437,81928,Rhinolophus ferrumequinum,0.02,0.02,-1,Echolocation,/mnt/ubna_data_02_mir/recover-20220922/UBNA_001/20220921_090000.WAV,Telephone Field,recover-20220922,001,1795
538.6045,538.6435,68437,82368,Rhinolophus ferrumequinum,0.02,0.02,-1,Echolocation,/mnt/ubna_data_02_mir/recover-20220922/UBNA_001/20220921_090000.WAV,Telephone Field,recover-20220922,001,1795
538.6255,538.6658,68437,82209,Rhinolophus ferrumequinum,0.02,0.02,-1,Echolocation,/mnt/ubna_data_02_mir/recover-20220922/UBNA_001/20220921_090000.WAV,Telephone Field,recover-20220922,001,1795
538.6445,538.6855,68437,82172,Rhinolophus ferrumequinum,0.023,0.023,-1,Echolocation,/mnt/ubna_data_02_mir/recover-20220922/UBNA_001/20220921_090000.WAV,Telephone Field,recover-20220922,001,1795
538.6535,538.6628,28906,38437,Eptesicus serotinus,0.007,0.02,-1,Echolocation,/mnt/ubna_data_02_mir/recover-20220922/UBNA_001/20220921_090000.WAV,Telephone Field,recover-20220922,001,1795
538.6545,538.6944,68437,82594,Rhinolophus ferrumequinum,0.024,0.024,-1,Echolocation,/mnt/ubna_data_02_mir/recover-20220922/UBNA_001/20220921_090000.WAV,Telephone Field,recover-20220922,001,1795
538.7065,538.715,28906,38587,Eptesicus serotinus,0.009,0.022,-1,Echolocation,/mnt/ubna_data_02_mir/recover-20220922/UBNA_001/20220921_090000.WAV,Telephone Field,recover-20220922,001,1795
538.7335,538.7732,68437,82163,Rhinolophus ferrumequinum,0.02,0.02,-1,Echolocation,/mnt/ubna_data_02_mir/recover-20220922/UBNA_001/20220921_090000.WAV,Telephone Field,recover-20220922,001,1795
538.7555,538.7933,68437,81807,Rhinolophus ferrumequinum,0.02,0.02,-1,Echolocation,/mnt/ubna_data_02_mir/recover-20220922/UBNA_001/20220921_090000.WAV,Telephone Field,recover-20220922,001,1795
538.7595,538.7678,28046,40821,Eptesicus serotinus,0.007,0.02,-1,Echolocation,/mnt/ubna_data_02_mir/recover-20220922/UBNA_001/20220921_090000.WAV,Telephone Field,recover-20220922,001,1795
538.7705,538.8114,68437,83041,Rhinolophus ferrumequinum,0.027,0.027,-1,Echolocation,/mnt/ubna_data_02_mir/recover-20220922/UBNA_001/20220921_090000.WAV,Telephone Field,recover-20220922,001,1795
538.7855,538.7969,23750,29521,Nyctalus leisleri,0.012,0.028,-1,Echolocation,/mnt/ubna_data_02_mir/recover-20220922/UBNA_001/20220921_090000.WAV,Telephone Field,recover-20220922,001,1795
538.7995,538.8365,68437,81502,Rhinolophus ferrumequinum,0.02,0.02,-1,Echolocation,/mnt/ubna_data_02_mir/recover-20220922/UBNA_001/20220921_090000.WAV,Telephone Field,recover-20220922,001,1795
538.8315,538.8697,68437,81702,Rhinolophus ferrumequinum,0.023,0.023,-1,Echolocation,/mnt/ubna_data_02_mir/recover-20220922/UBNA_001/20220921_090000.WAV,Telephone Field,recover-20220922,001,1795
538.8515,538.8605,28906,37367,Eptesicus serotinus,0.012,0.027,-1,Echolocation,/mnt/ubna_data_02_mir/recover-20220922/UBNA_001/20220921_090000.WAV,Telephone Field,recover-20220922,001,1795
538.9014999999999,538.9404,68437,81973,Rhinolophus ferrumequinum,0.024,0.024,-1,Echolocation,/mnt/ubna_data_02_mir/recover-20220922/UBNA_001/20220921_090000.WAV,Telephone Field,recover-20220922,001,1795
538.9075,538.9163,28046,37759,Eptesicus serotinus,0.007,0.02,-1,Echolocation,/mnt/ubna_data_02_mir/recover-20220922/UBNA_001/20220921_090000.WAV,Telephone Field,recover-20220922,001,1795
538.9125,538.9508,68437,82161,Rhinolophus ferrumequinum,0.02,0.021,-1,Echolocation,/mnt/ubna_data_02_mir/recover-20220922/UBNA_001/20220921_090000.WAV,Telephone Field,recover-20220922,001,1795
538.9285,538.9409,25468,32660,Eptesicus serotinus,0.013,0.029,-1,Echolocation,/mnt/ubna_data_02_mir/recover-20220922/UBNA_001/20220921_090000.WAV,Telephone Field,recover-20220922,001,1795
538.9545,538.9921,68437,80983,Rhinolophus ferrumequinum,0.021,0.021,-1,Echolocation,/mnt/ubna_data_02_mir/recover-20220922/UBNA_001/20220921_090000.WAV,Telephone Field,recover-20220922,001,1795
538.9635,538.9731,26328,34645,Eptesicus serotinus,0.009,0.021,-1,Echolocation,/mnt/ubna_data_02_mir/recover-20220922/UBNA_001/20220921_090000.WAV,Telephone Field,recover-20220922,001,1795
538.9835,539.0199,68437,81663,Rhinolophus ferrumequinum,0.021,0.021,-1,Echolocation,/mnt/ubna_data_02_mir/recover-20220922/UBNA_001/20220921_090000.WAV,Telephone Field,recover-20220922,001,1795
538.9845,538.9923,28046,41113,Eptesicus serotinus,0.007,0.02,-1,Echolocation,/mnt/ubna_data_02_mir/recover-20220922/UBNA_001/20220921_090000.WAV,Telephone Field,recover-20220922,001,1795
539.0065,539.0442,68437,81414,Rhinolophus ferrumequinum,0.025,0.025,-1,Echolocation,/mnt/ubna_data_02_mir/recover-20220922/UBNA_001/20220921_090000.WAV,Telephone Field,recover-20220922,001,1795
539.0405,539.0823,68437,82585,Rhinolophus ferrumequinum,0.022,0.022,-1,Echolocation,/mnt/ubna_data_02_mir/recover-20220922/UBNA_001/20220921_090000.WAV,Telephone Field,recover-20220922,001,1795
539.0485,539.0867,68437,82170,Rhinolophus ferrumequinum,0.021,0.021,-1,Echolocation,/mnt/ubna_data_02_mir/recover-20220922/UBNA_001/20220921_090000.WAV,Telephone Field,recover-20220922,001,1795
539.0675,539.1059,68437,81974,Rhinolophus ferrumequinum,0.02,0.02,-1,Echolocation,/mnt/ubna_data_02_mir/recover-20220922/UBNA_001/20220921_090000.WAV,Telephone Field,recover-20220922,001,1795
539.0885,539.0972,28046,39070,Eptesicus serotinus,0.009,0.021,-1,Echolocation,/mnt/ubna_data_02_mir/recover-20220922/UBNA_001/20220921_090000.WAV,Telephone Field,recover-20220922,001,1795
539.1085,539.1479,68437,81931,Rhinolophus ferrumequinum,0.02,0.02,-1,Echolocation,/mnt/ubna_data_02_mir/recover-20220922/UBNA_001/20220921_090000.WAV,Telephone Field,recover-20220922,001,1795
539.1115,539.1218,22031,27734,Nyctalus leisleri,0.008,0.021,-1,Echolocation,/mnt/ubna_data_02_mir/recover-20220922/UBNA_001/20220921_090000.WAV,Telephone Field,recover-20220922,001,1795
539.1285,539.1683,68437,81622,Rhinolophus ferrumequinum,0.02,0.02,-1,Echolocation,/mnt/ubna_data_02_mir/recover-20220922/UBNA_001/20220921_090000.WAV,Telephone Field,recover-20220922,001,1795
539.1365,539.147,24609,30571,Nyctalus leisleri,0.009,0.023,-1,Echolocation,/mnt/ubna_data_02_mir/recover-20220922/UBNA_001/20220921_090000.WAV,Telephone Field,recover-20220922,001,1795
539.1505,539.1575,46093,50257,Pipistrellus pipistrellus,0.02,0.021,-1,Echolocation,/mnt/ubna_data_02_mir/recover-20220922/UBNA_001/20220921_090000.WAV,Telephone Field,recover-20220922,001,1795
539.1605,539.1941,68437,80776,Rhinolophus ferrumequinum,0.02,0.02,-1,Echolocation,/mnt/ubna_data_02_mir/recover-20220922/UBNA_001/20220921_090000.WAV,Telephone Field,recover-20220922,001,1795
539.1745,539.1946,22031,25415,Nyctalus leisleri,0.029,0.05,-1,Echolocation,/mnt/ubna_data_02_mir/recover-20220922/UBNA_001/20220921_090000.WAV,Telephone Field,recover-20220922,001,1795
539.1855,539.2246,68437,82091,Rhinolophus ferrumequinum,0.02,0.02,-1,Echolocation,/mnt/ubna_data_02_mir/recover-20220922/UBNA_001/20220921_090000.WAV,Telephone Field,recover-20220922,001,1795
539.2045,539.2154,28906,36264,Eptesicus serotinus,0.009,0.02,-1,Echolocation,/mnt/ubna_data_02_mir/recover-20220922/UBNA_001/20220921_090000.WAV,Telephone Field,recover-20220922,001,1795
539.2055,539.2456,68437,81959,Rhinolophus ferrumequinum,0.019,0.019,-1,Echolocation,/mnt/ubna_data_02_mir/recover-20220922/UBNA_001/20220921_090000.WAV,Telephone Field,recover-20220922,001,1795
539.2205,539.2591,68437,82048,Rhinolophus ferrumequinum,0.021,0.021,-1,Echolocation,/mnt/ubna_data_02_mir/recover-20220922/UBNA_001/20220921_090000.WAV,Telephone Field,recover-20220922,001,1795
539.2665,539.2817,22890,26698,Nyctalus leisleri,0.017,0.03,-1,Echolocation,/mnt/ubna_data_02_mir/recover-20220922/UBNA_001/20220921_090000.WAV,Telephone Field,recover-20220922,001,1795
539.2905,539.3313,68437,82610,Rhinolophus ferrumequinum,0.027,0.027,-1,Echolocation,/mnt/ubna_data_02_mir/recover-20220922/UBNA_001/20220921_090000.WAV,Telephone Field,recover-20220922,001,1795
539.3055,539.3451,68437,81418,Rhinolophus ferrumequinum,0.02,0.02,-1,Echolocation,/mnt/ubna_data_02_mir/recover-20220922/UBNA_001/20220921_090000.WAV,Telephone Field,recover-20220922,001,1795
539.3085,539.3189,22890,28750,Nyctalus leisleri,0.01,0.023,-1,Echolocation,/mnt/ubna_data_02_mir/recover-20220922/UBNA_001/20220921_090000.WAV,Telephone Field,recover-20220922,001,1795
539.3215,539.3593,68437,82193,Rhinolophus ferrumequinum,0.024,0.024,-1,Echolocation,/mnt/ubna_data_02_mir/recover-20220922/UBNA_001/20220921_090000.WAV,Telephone Field,recover-20220922,001,1795
539.3595,539.4009,68437,82095,Rhinolophus ferrumequinum,0.025,0.025,-1,Echolocation,/mnt/ubna_data_02_mir/recover-20220922/UBNA_001/20220921_090000.WAV,Telephone Field,recover-20220922,001,1795
539.4005,539.4412,68437,82398,Rhinolophus ferrumequinum,0.025,0.025,-1,Echolocation,/mnt/ubna_data_02_mir/recover-20220922/UBNA_001/20220921_090000.WAV,Telephone Field,recover-20220922,001,1795
539.4225,539.4312,28906,37794,Eptesicus serotinus,0.008,0.022,-1,Echolocation,/mnt/ubna_data_02_mir/recover-20220922/UBNA_001/20220921_090000.WAV,Telephone Field,recover-20220922,001,1795
539.4455,539.4852,68437,82140,Rhinolophus ferrumequinum,0.022,0.022,-1,Echolocation,/mnt/ubna_data_02_mir/recover-20220922/UBNA_001/20220921_090000.WAV,Telephone Field,recover-20220922,001,1795
539.4535,539.4952,68437,82692,Rhinolophus ferrumequinum,0.026,0.026,-1,Echolocation,/mnt/ubna_data_02_mir/recover-20220922/UBNA_001/20220921_090000.WAV,Telephone Field,recover-20220922,001,1795
539.4715,539.507,67578,79507,Rhinolophus ferrumequinum,0.02,0.021,-1,Echolocation,/mnt/ubna_data_02_mir/recover-20220922/UBNA_001/20220921_090000.WAV,Telephone Field,recover-20220922,001,1795
539.4745,539.483,28046,37701,Eptesicus serotinus,0.01,0.024,-1,Echolocation,/mnt/ubna_data_02_mir/recover-20220922/UBNA_001/20220921_090000.WAV,Telephone Field,recover-20220922,001,1795
539.4775,539.5018,65000,72889,Pipistrellus pygmaeus,0.018,0.02,-1,Echolocation,/mnt/ubna_data_02_mir/recover-20220922/UBNA_001/20220921_090000.WAV,Telephone Field,recover-20220922,001,1795
539.4915,539.5283,68437,81538,Rhinolophus ferrumequinum,0.022,0.022,-1,Echolocation,/mnt/ubna_data_02_mir/recover-20220922/UBNA_001/20220921_090000.WAV,Telephone Field,recover-20220922,001,1795
539.5245,539.5629,68437,82430,Rhinolophus ferrumequinum,0.022,0.022,-1,Echolocation,/mnt/ubna_data_02_mir/recover-20220922/UBNA_001/20220921_090000.WAV,Telephone Field,recover-20220922,001,1795
539.5365,539.5745,68437,81861,Rhinolophus ferrumequinum,0.019,0.019,-1,Echolocation,/mnt/ubna_data_02_mir/recover-20220922/UBNA_001/20220921_090000.WAV,Telephone Field,recover-20220922,001,1795
539.5475,539.5857,68437,82027,Rhinolophus ferrumequinum,0.02,0.02,-1,Echolocation,/mnt/ubna_data_02_mir/recover-20220922/UBNA_001/20220921_090000.WAV,Telephone Field,recover-20220922,001,1795
539.5605,539.5712,22890,28281,Nyctalus leisleri,0.01,0.022,-1,Echolocation,/mnt/ubna_data_02_mir/recover-20220922/UBNA_001/20220921_090000.WAV,Telephone Field,recover-20220922,001,1795
539.6045,539.6124,27187,35771,Eptesicus serotinus,0.007,0.021,-1,Echolocation,/mnt/ubna_data_02_mir/recover-20220922/UBNA_001/20220921_090000.WAV,Telephone Field,recover-20220922,001,1795
539.6345,539.674,68437,82094,Rhinolophus ferrumequinum,0.037,0.037,-1,Echolocation,/mnt/ubna_data_02_mir/recover-20220922/UBNA_001/20220921_090000.WAV,Telephone Field,recover-20220922,001,1795
539.7055,539.7444,68437,82047,Rhinolophus ferrumequinum,0.02,0.021,-1,Echolocation,/mnt/ubna_data_02_mir/recover-20220922/UBNA_001/20220921_090000.WAV,Telephone Field,recover-20220922,001,1795
539.7225,539.7621,68437,82439,Rhinolophus ferrumequinum,0.021,0.021,-1,Echolocation,/mnt/ubna_data_02_mir/recover-20220922/UBNA_001/20220921_090000.WAV,Telephone Field,recover-20220922,001,1795
539.7305,539.769,68437,82297,Rhinolophus ferrumequinum,0.021,0.021,-1,Echolocation,/mnt/ubna_data_02_mir/recover-20220922/UBNA_001/20220921_090000.WAV,Telephone Field,recover-20220922,001,1795
539.7425,539.7807,68437,81469,Rhinolophus ferrumequinum,0.02,0.02,-1,Echolocation,/mnt/ubna_data_02_mir/recover-20220922/UBNA_001/20220921_090000.WAV,Telephone Field,recover-20220922,001,1795
539.7945,539.8346,68437,82334,Rhinolophus ferrumequinum,0.021,0.021,-1,Echolocation,/mnt/ubna_data_02_mir/recover-20220922/UBNA_001/20220921_090000.WAV,Telephone Field,recover-20220922,001,1795
539.8115,539.8519,68437,82491,Rhinolophus ferrumequinum,0.023,0.023,-1,Echolocation,/mnt/ubna_data_02_mir/recover-20220922/UBNA_001/20220921_090000.WAV,Telephone Field,recover-20220922,001,1795
539.8145,539.8243,24609,31391,Nyctalus leisleri,0.011,0.035,-1,Echolocation,/mnt/ubna_data_02_mir/recover-20220922/UBNA_001/20220921_090000.WAV,Telephone Field,recover-20220922,001,1795
539.8595,539.8966,68437,81507,Rhinolophus ferrumequinum,0.023,0.024,-1,Echolocation,/mnt/ubna_data_02_mir/recover-20220922/UBNA_001/20220921_090000.WAV,Telephone Field,recover-20220922,001,1795
539.8845,539.8947000000001,28906,36610,Eptesicus serotinus,0.014,0.028,-1,Echolocation,/mnt/ubna_data_02_mir/recover-20220922/UBNA_001/20220921_090000.WAV,Telephone Field,recover-20220922,001,1795
539.9055,539.9461,68437,82284,Rhinolophus ferrumequinum,0.021,0.021,-1,Echolocation,/mnt/ubna_data_02_mir/recover-20220922/UBNA_001/20220921_090000.WAV,Telephone Field,recover-20220922,001,1795
539.9375,539.9739,68437,81768,Rhinolophus ferrumequinum,0.02,0.02,-1,Echolocation,/mnt/ubna_data_02_mir/recover-20220922/UBNA_001/20220921_090000.WAV,Telephone Field,recover-20220922,001,1795
539.9515,539.9902,68437,81546,Rhinolophus ferrumequinum,0.023,0.023,-1,Echolocation,/mnt/ubna_data_02_mir/recover-20220922/UBNA_001/20220921_090000.WAV,Telephone Field,recover-20220922,001,1795
539.9685,539.9786,23750,30434,Nyctalus leisleri,0.013,0.033,-1,Echolocation,/mnt/ubna_data_02_mir/recover-20220922/UBNA_001/20220921_090000.WAV,Telephone Field,recover-20220922,001,1795
539.9825,539.9928,22890,28089,Nyctalus leisleri,0.01,0.023,-1,Echolocation,/mnt/ubna_data_02_mir/recover-20220922/UBNA_001/20220921_090000.WAV,Telephone Field,recover-20220922,001,1795
540.0015,540.0353,68437,81440,Rhinolophus ferrumequinum,0.074,0.074,-1,Echolocation,/mnt/ubna_data_02_mir/recover-20220922/UBNA_001/20220921_090000.WAV,Telephone Field,recover-20220922,001,1795
540.0015,540.0092,23750,32839,Plecotus austriacus,0.007,0.027,-1,Echolocation,/mnt/ubna_data_02_mir/recover-20220922/UBNA_001/20220921_090000.WAV,Telephone Field,recover-20220922,001,1795
540.0015,540.0147,58125,64832,Pipistrellus pygmaeus,0.021,0.022,-1,Echolocation,/mnt/ubna_data_02_mir/recover-20220922/UBNA_001/20220921_090000.WAV,Telephone Field,recover-20220922,001,1795
540.0085,540.0484,68437,82164,Rhinolophus ferrumequinum,0.021,0.021,-1,Echolocation,/mnt/ubna_data_02_mir/recover-20220922/UBNA_001/20220921_090000.WAV,Telephone Field,recover-20220922,001,1795
540.0225,540.0634,68437,82552,Rhinolophus ferrumequinum,0.024,0.024,-1,Echolocation,/mnt/ubna_data_02_mir/recover-20220922/UBNA_001/20220921_090000.WAV,Telephone Field,recover-20220922,001,1795
540.0325,540.043,28906,36114,Eptesicus serotinus,0.009,0.022,-1,Echolocation,/mnt/ubna_data_02_mir/recover-20220922/UBNA_001/20220921_090000.WAV,Telephone Field,recover-20220922,001,1795
540.0405,540.0507,29765,37248,Eptesicus serotinus,0.008,0.022,-1,Echolocation,/mnt/ubna_data_02_mir/recover-20220922/UBNA_001/20220921_090000.WAV,Telephone Field,recover-20220922,001,1795
540.0555,540.0917,68437,81639,Rhinolophus ferrumequinum,0.022,0.022,-1,Echolocation,/mnt/ubna_data_02_mir/recover-20220922/UBNA_001/20220921_090000.WAV,Telephone Field,recover-20220922,001,1795
540.0715,540.0816,28906,36826,Eptesicus serotinus,0.01,0.023,-1,Echolocation,/mnt/ubna_data_02_mir/recover-20220922/UBNA_001/20220921_090000.WAV,Telephone Field,recover-20220922,001,1795
540.1215,540.1307,27187,37550,Eptesicus serotinus,0.008,0.021,-1,Echolocation,/mnt/ubna_data_02_mir/recover-20220922/UBNA_001/20220921_090000.WAV,Telephone Field,recover-20220922,001,1795
540.1425,540.1829,68437,82347,Rhinolophus ferrumequinum,0.024,0.024,-1,Echolocation,/mnt/ubna_data_02_mir/recover-20220922/UBNA_001/20220921_090000.WAV,Telephone Field,recover-20220922,001,1795
540.1795,540.2179,68437,82273,Rhinolophus ferrumequinum,0.023,0.023,-1,Echolocation,/mnt/ubna_data_02_mir/recover-20220922/UBNA_001/20220921_090000.WAV,Telephone Field,recover-20220922,001,1795
540.1935,540.2339,68437,82039,Rhinolophus ferrumequinum,0.024,0.024,-1,Echolocation,/mnt/ubna_data_02_mir/recover-20220922/UBNA_001/20220921_090000.WAV,Telephone Field,recover-20220922,001,1795
540.2165,540.254,68437,82517,Rhinolophus ferrumequinum,0.021,0.021,-1,Echolocation,/mnt/ubna_data_02_mir/recover-20220922/UBNA_001/20220921_090000.WAV,Telephone Field,recover-20220922,001,1795
540.2265,540.2366,28906,38346,Eptesicus serotinus,0.016,0.032,-1,Echolocation,/mnt/ubna_data_02_mir/recover-20220922/UBNA_001/20220921_090000.WAV,Telephone Field,recover-20220922,001,1795
540.2345,540.2435,28906,40653,Eptesicus serotinus,0.009,0.022,-1,Echolocation,/mnt/ubna_data_02_mir/recover-20220922/UBNA_001/20220921_090000.WAV,Telephone Field,recover-20220922,001,1795
540.2895,540.3348,68437,83708,Rhinolophus ferrumequinum,0.043,0.043,-1,Echolocation,/mnt/ubna_data_02_mir/recover-20220922/UBNA_001/20220921_090000.WAV,Telephone Field,recover-20220922,001,1795
540.3395,540.3772,68437,82114,Rhinolophus ferrumequinum,0.025,0.025,-1,Echolocation,/mnt/ubna_data_02_mir/recover-20220922/UBNA_001/20220921_090000.WAV,Telephone Field,recover-20220922,001,1795
540.3745,540.4131,68437,82493,Rhinolophus ferrumequinum,0.022,0.022,-1,Echolocation,/mnt/ubna_data_02_mir/recover-20220922/UBNA_001/20220921_090000.WAV,Telephone Field,recover-20220922,001,1795
540.3905,540.432,68437,82381,Rhinolophus ferrumequinum,0.025,0.025,-1,Echolocation,/mnt/ubna_data_02_mir/recover-20220922/UBNA_001/20220921_090000.WAV,Telephone Field,recover-20220922,001,1795
540.3915,540.4044,33203,38561,Eptesicus serotinus,0.01,0.03,-1,Echolocation,/mnt/ubna_data_02_mir/recover-20220922/UBNA_001/20220921_090000.WAV,Telephone Field,recover-20220922,001,1795
540.4025,540.4409,68437,81834,Rhinolophus ferrumequinum,0.022,0.022,-1,Echolocation,/mnt/ubna_data_02_mir/recover-20220922/UBNA_001/20220921_090000.WAV,Telephone Field,recover-20220922,001,1795
540.4725,540.508,68437,81828,Rhinolophus ferrumequinum,0.023,0.023,-1,Echolocation,/mnt/ubna_data_02_mir/recover-20220922/UBNA_001/20220921_090000.WAV,Telephone Field,recover-20220922,001,1795
540.4975,540.533,68437,81745,Rhinolophus ferrumequinum,0.027,0.027,-1,Echolocation,/mnt/ubna_data_02_mir/recover-20220922/UBNA_001/20220921_090000.WAV,Telephone Field,recover-20220922,001,1795
540.5215,540.5608,68437,82190,Rhinolophus ferrumequinum,0.022,0.022,-1,Echolocation,/mnt/ubna_data_02_mir/recover-20220922/UBNA_001/20220921_090000.WAV,Telephone Field,recover-20220922,001,1795
540.5365,540.5513,22031,25932,Nyctalus leisleri,0.021,0.034,-1,Echolocation,/mnt/ubna_data_02_mir/recover-20220922/UBNA_001/20220921_090000.WAV,Telephone Field,recover-20220922,001,1795
540.5515,540.5907,68437,82940,Rhinolophus ferrumequinum,0.022,0.022,-1,Echolocation,/mnt/ubna_data_02_mir/recover-20220922/UBNA_001/20220921_090000.WAV,Telephone Field,recover-20220922,001,1795
540.5515,540.5589,29765,39939,Eptesicus serotinus,0.009,0.03,-1,Echolocation,/mnt/ubna_data_02_mir/recover-20220922/UBNA_001/20220921_090000.WAV,Telephone Field,recover-20220922,001,1795
540.5585,540.5999,68437,82706,Rhinolophus ferrumequinum,0.023,0.023,-1,Echolocation,/mnt/ubna_data_02_mir/recover-20220922/UBNA_001/20220921_090000.WAV,Telephone Field,recover-20220922,001,1795
540.6115,540.6219,22890,29013,Nyctalus leisleri,0.012,0.03,-1,Echolocation,/mnt/ubna_data_02_mir/recover-20220922/UBNA_001/20220921_090000.WAV,Telephone Field,recover-20220922,001,1795
540.6145,540.656,68437,82949,Rhinolophus ferrumequinum,0.03,0.03,-1,Echolocation,/mnt/ubna_data_02_mir/recover-20220922/UBNA_001/20220921_090000.WAV,Telephone Field,recover-20220922,001,1795
540.6375,540.6785,68437,82622,Rhinolophus ferrumequinum,0.022,0.022,-1,Echolocation,/mnt/ubna_data_02_mir/recover-20220922/UBNA_001/20220921_090000.WAV,Telephone Field,recover-20220922,001,1795
540.6845,540.7209,68437,82232,Rhinolophus ferrumequinum,0.022,0.022,-1,Echolocation,/mnt/ubna_data_02_mir/recover-20220922/UBNA_001/20220921_090000.WAV,Telephone Field,recover-20220922,001,1795
540.6985,540.7056,24609,36796,Plecotus austriacus,0.007,0.024,-1,Echolocation,/mnt/ubna_data_02_mir/recover-20220922/UBNA_001/20220921_090000.WAV,Telephone Field,recover-20220922,001,1795
540.7115,540.7501,68437,82182,Rhinolophus ferrumequinum,0.022,0.022,-1,Echolocation,/mnt/ubna_data_02_mir/recover-20220922/UBNA_001/20220921_090000.WAV,Telephone Field,recover-20220922,001,1795
540.7275,540.7379,22890,28940,Nyctalus leisleri,0.009,0.023,-1,Echolocation,/mnt/ubna_data_02_mir/recover-20220922/UBNA_001/20220921_090000.WAV,Telephone Field,recover-20220922,001,1795
540.7685,540.7814,22031,25658,Nyctalus leisleri,0.017,0.027,-1,Echolocation,/mnt/ubna_data_02_mir/recover-20220922/UBNA_001/20220921_090000.WAV,Telephone Field,recover-20220922,001,1795
540.7775,540.8162,68437,82417,Rhinolophus ferrumequinum,0.025,0.025,-1,Echolocation,/mnt/ubna_data_02_mir/recover-20220922/UBNA_001/20220921_090000.WAV,Telephone Field,recover-20220922,001,1795
540.7865,540.824,68437,82200,Rhinolophus ferrumequinum,0.023,0.023,-1,Echolocation,/mnt/ubna_data_02_mir/recover-20220922/UBNA_001/20220921_090000.WAV,Telephone Field,recover-20220922,001,1795
540.7995,540.8386,68437,82608,Rhinolophus ferrumequinum,0.022,0.022,-1,Echolocation,/mnt/ubna_data_02_mir/recover-20220922/UBNA_001/20220921_090000.WAV,Telephone Field,recover-20220922,001,1795
540.8425,540.8563,21171,24823,Nyctalus leisleri,0.014,0.023,-1,Echolocation,/mnt/ubna_data_02_mir/recover-20220922/UBNA_001/20220921_090000.WAV,Telephone Field,recover-20220922,001,1795
540.9545,540.9622,28046,39287,Eptesicus serotinus,0.007,0.023,-1,Echolocation,/mnt/ubna_data_02_mir/recover-20220922/UBNA_001/20220921_090000.WAV,Telephone Field,recover-20220922,001,1795
540.9655,541.0055,68437,82283,Rhinolophus ferrumequinum,0.023,0.023,-1,Echolocation,/mnt/ubna_data_02_mir/recover-20220922/UBNA_001/20220921_090000.WAV,Telephone Field,recover-20220922,001,1795
540.9725,540.9811,28046,39730,Eptesicus serotinus,0.008,0.023,-1,Echolocation,/mnt/ubna_data_02_mir/recover-20220922/UBNA_001/20220921_090000.WAV,Telephone Field,recover-20220922,001,1795
541.0125,541.0227,23750,29794,Nyctalus leisleri,0.008,0.022,-1,Echolocation,/mnt/ubna_data_02_mir/recover-20220922/UBNA_001/20220921_090000.WAV,Telephone Field,recover-20220922,001,1795
541.0245,541.0338,28046,36421,Eptesicus serotinus,0.009,0.022,-1,Echolocation,/mnt/ubna_data_02_mir/recover-20220922/UBNA_001/20220921_090000.WAV,Telephone Field,recover-20220922,001,1795
541.0455,541.057,22890,27483,Nyctalus leisleri,0.013,0.024,-1,Echolocation,/mnt/ubna_data_02_mir/recover-20220922/UBNA_001/20220921_090000.WAV,Telephone Field,recover-20220922,001,1795
541.1025,541.1385,68437,81999,Rhinolophus ferrumequinum,0.022,0.022,-1,Echolocation,/mnt/ubna_data_02_mir/recover-20220922/UBNA_001/20220921_090000.WAV,Telephone Field,recover-20220922,001,1795
541.1505,541.1567,28046,41654,Eptesicus serotinus,0.006,0.026,-1,Echolocation,/mnt/ubna_data_02_mir/recover-20220922/UBNA_001/20220921_090000.WAV,Telephone Field,recover-20220922,001,1795
541.1945,541.2113,21171,25420,Nyctalus leisleri,0.027,0.06,-1,Echolocation,/mnt/ubna_data_02_mir/recover-20220922/UBNA_001/20220921_090000.WAV,Telephone Field,recover-20220922,001,1795
541.2225,541.233,27187,35508,Eptesicus serotinus,0.01,0.023,-1,Echolocation,/mnt/ubna_data_02_mir/recover-20220922/UBNA_001/20220921_090000.WAV,Telephone Field,recover-20220922,001,1795
541.3095,541.3508,68437,83028,Rhinolophus ferrumequinum,0.023,0.023,-1,Echolocation,/mnt/ubna_data_02_mir/recover-20220922/UBNA_001/20220921_090000.WAV,Telephone Field,recover-20220922,001,1795
541.3485,541.3848,68437,81999,Rhinolophus ferrumequinum,0.023,0.023,-1,Echolocation,/mnt/ubna_data_02_mir/recover-20220922/UBNA_001/20220921_090000.WAV,Telephone Field,recover-20220922,001,1795
541.3575,541.3971,68437,81892,Rhinolophus ferrumequinum,0.022,0.022,-1,Echolocation,/mnt/ubna_data_02_mir/recover-20220922/UBNA_001/20220921_090000.WAV,Telephone Field,recover-20220922,001,1795
541.3665,541.3761,28046,40409,Eptesicus serotinus,0.009,0.022,-1,Echolocation,/mnt/ubna_data_02_mir/recover-20220922/UBNA_001/20220921_090000.WAV,Telephone Field,recover-20220922,001,1795
541.3725,541.3829,28906,36483,Eptesicus serotinus,0.01,0.024,-1,Echolocation,/mnt/ubna_data_02_mir/recover-20220922/UBNA_001/20220921_090000.WAV,Telephone Field,recover-20220922,001,1795
541.3825,541.3917,28906,39290,Eptesicus serotinus,0.008,0.023,-1,Echolocation,/mnt/ubna_data_02_mir/recover-20220922/UBNA_001/20220921_090000.WAV,Telephone Field,recover-20220922,001,1795
541.3835,541.4183,68437,81469,Rhinolophus ferrumequinum,0.021,0.022,-1,Echolocation,/mnt/ubna_data_02_mir/recover-20220922/UBNA_001/20220921_090000.WAV,Telephone Field,recover-20220922,001,1795
541.3915,541.4002,28906,40180,Eptesicus serotinus,0.008,0.023,-1,Echolocation,/mnt/ubna_data_02_mir/recover-20220922/UBNA_001/20220921_090000.WAV,Telephone Field,recover-20220922,001,1795
541.4065,541.4477,68437,82531,Rhinolophus ferrumequinum,0.04,0.04,-1,Echolocation,/mnt/ubna_data_02_mir/recover-20220922/UBNA_001/20220921_090000.WAV,Telephone Field,recover-20220922,001,1795
541.4345,541.4762,68437,83158,Rhinolophus ferrumequinum,0.025,0.025,-1,Echolocation,/mnt/ubna_data_02_mir/recover-20220922/UBNA_001/20220921_090000.WAV,Telephone Field,recover-20220922,001,1795
541.4475,541.4806,68437,80826,Rhinolophus ferrumequinum,0.029,0.029,-1,Echolocation,/mnt/ubna_data_02_mir/recover-20220922/UBNA_001/20220921_090000.WAV,Telephone Field,recover-20220922,001,1795
541.4545,541.4653,28906,36162,Eptesicus serotinus,0.013,0.027,-1,Echolocation,/mnt/ubna_data_02_mir/recover-20220922/UBNA_001/20220921_090000.WAV,Telephone Field,recover-20220922,001,1795
541.4765,541.5144,68437,82202,Rhinolophus ferrumequinum,0.024,0.024,-1,Echolocation,/mnt/ubna_data_02_mir/recover-20220922/UBNA_001/20220921_090000.WAV,Telephone Field,recover-20220922,001,1795
541.5045,541.5131,27187,35504,Eptesicus serotinus,0.017,0.036,-1,Echolocation,/mnt/ubna_data_02_mir/recover-20220922/UBNA_001/20220921_090000.WAV,Telephone Field,recover-20220922,001,1795
541.5125,541.5502,68437,81775,Rhinolophus ferrumequinum,0.022,0.022,-1,Echolocation,/mnt/ubna_data_02_mir/recover-20220922/UBNA_001/20220921_090000.WAV,Telephone Field,recover-20220922,001,1795
541.5535,541.5608,24609,34430,Plecotus austriacus,0.011,0.03,-1,Echolocation,/mnt/ubna_data_02_mir/recover-20220922/UBNA_001/20220921_090000.WAV,Telephone Field,recover-20220922,001,1795
541.5835,541.6234,68437,81606,Rhinolophus ferrumequinum,0.022,0.022,-1,Echolocation,/mnt/ubna_data_02_mir/recover-20220922/UBNA_001/20220921_090000.WAV,Telephone Field,recover-20220922,001,1795
541.6295,541.6398,24609,31468,Eptesicus serotinus,0.008,0.022,-1,Echolocation,/mnt/ubna_data_02_mir/recover-20220922/UBNA_001/20220921_090000.WAV,Telephone Field,recover-20220922,001,1795
541.6675,541.7026,68437,81584,Rhinolophus ferrumequinum,0.021,0.021,-1,Echolocation,/mnt/ubna_data_02_mir/recover-20220922/UBNA_001/20220921_090000.WAV,Telephone Field,recover-20220922,001,1795
541.6925,541.7318,68437,82519,Rhinolophus ferrumequinum,0.024,0.024,-1,Echolocation,/mnt/ubna_data_02_mir/recover-20220922/UBNA_001/20220921_090000.WAV,Telephone Field,recover-20220922,001,1795
541.7235,541.7312,28046,36649,Eptesicus serotinus,0.012,0.031,-1,Echolocation,/mnt/ubna_data_02_mir/recover-20220922/UBNA_001/20220921_090000.WAV,Telephone Field,recover-20220922,001,1795
541.7255,541.7622,68437,81533,Rhinolophus ferrumequinum,0.023,0.023,-1,Echolocation,/mnt/ubna_data_02_mir/recover-20220922/UBNA_001/20220921_090000.WAV,Telephone Field,recover-20220922,001,1795
541.7665,541.7979,69296,81130,Rhinolophus ferrumequinum,0.023,0.023,-1,Echolocation,/mnt/ubna_data_02_mir/recover-20220922/UBNA_001/20220921_090000.WAV,Telephone Field,recover-20220922,001,1795
541.7775,541.7893,28046,35034,Eptesicus serotinus,0.017,0.03,-1,Echolocation,/mnt/ubna_data_02_mir/recover-20220922/UBNA_001/20220921_090000.WAV,Telephone Field,recover-20220922,001,1795
541.7875,541.8242,68437,81560,Rhinolophus ferrumequinum,0.022,0.022,-1,Echolocation,/mnt/ubna_data_02_mir/recover-20220922/UBNA_001/20220921_090000.WAV,Telephone Field,recover-20220922,001,1795
541.8325,541.841,24609,33397,Eptesicus serotinus,0.007,0.021,-1,Echolocation,/mnt/ubna_data_02_mir/recover-20220922/UBNA_001/20220921_090000.WAV,Telephone Field,recover-20220922,001,1795
541.8465,541.8587,14296,19785,Nyctalus noctula,0.013,0.023,-1,Echolocation,/mnt/ubna_data_02_mir/recover-20220922/UBNA_001/20220921_090000.WAV,Telephone Field,recover-20220922,001,1795
541.8465,541.8832,68437,82041,Rhinolophus ferrumequinum,0.022,0.022,-1,Echolocation,/mnt/ubna_data_02_mir/recover-20220922/UBNA_001/20220921_090000.WAV,Telephone Field,recover-20220922,001,1795
541.8665,541.9059,68437,82390,Rhinolophus ferrumequinum,0.025,0.025,-1,Echolocation,/mnt/ubna_data_02_mir/recover-20220922/UBNA_001/20220921_090000.WAV,Telephone Field,recover-20220922,001,1795
541.9005,541.9115,23750,29126,Nyctalus leisleri,0.01,0.022,-1,Echolocation,/mnt/ubna_data_02_mir/recover-20220922/UBNA_001/20220921_090000.WAV,Telephone Field,recover-20220922,001,1795
541.9505,541.9876,68437,81784,Rhinolophus ferrumequinum,0.022,0.022,-1,Echolocation,/mnt/ubna_data_02_mir/recover-20220922/UBNA_001/20220921_090000.WAV,Telephone Field,recover-20220922,001,1795
541.9805,541.987,28906,40505,Eptesicus serotinus,0.007,0.03,-1,Echolocation,/mnt/ubna_data_02_mir/recover-20220922/UBNA_001/20220921_090000.WAV,Telephone Field,recover-20220922,001,1795
542.0015,542.0123,20312,26037,Nyctalus leisleri,0.01,0.027,-1,Echolocation,/mnt/ubna_data_02_mir/recover-20220922/UBNA_001/20220921_090000.WAV,Telephone Field,recover-20220922,001,1795
542.0015,542.0328,69296,81263,Rhinolophus ferrumequinum,0.028,0.028,-1,Echolocation,/mnt/ubna_data_02_mir/recover-20220922/UBNA_001/20220921_090000.WAV,Telephone Field,recover-20220922,001,1795
542.0015,542.0095,46953,51803,Pipistrellus pipistrellus,0.018,0.024,-1,Echolocation,/mnt/ubna_data_02_mir/recover-20220922/UBNA_001/20220921_090000.WAV,Telephone Field,recover-20220922,001,1795
542.0015,542.0095,40078,52099,Myotis brandtii,0.007,0.022,-1,Echolocation,/mnt/ubna_data_02_mir/recover-20220922/UBNA_001/20220921_090000.WAV,Telephone Field,recover-20220922,001,1795
542.0015,542.0109,25468,35172,Eptesicus serotinus,0.007,0.025,-1,Echolocation,/mnt/ubna_data_02_mir/recover-20220922/UBNA_001/20220921_090000.WAV,Telephone Field,recover-20220922,001,1795
542.0275,542.0422,22031,25851,Nyctalus leisleri,0.039,0.061,-1,Echolocation,/mnt/ubna_data_02_mir/recover-20220922/UBNA_001/20220921_090000.WAV,Telephone Field,recover-20220922,001,1795
542.0595,542.0692,46093,51211,Pipistrellus pipistrellus,0.019,0.022,-1,Echolocation,/mnt/ubna_data_02_mir/recover-20220922/UBNA_001/20220921_090000.WAV,Telephone Field,recover-20220922,001,1795
542.0705,542.1071,68437,81203,Rhinolophus ferrumequinum,0.022,0.022,-1,Echolocation,/mnt/ubna_data_02_mir/recover-20220922/UBNA_001/20220921_090000.WAV,Telephone Field,recover-20220922,001,1795
542.0835,542.127,68437,82829,Rhinolophus ferrumequinum,0.057,0.058,-1,Echolocation,/mnt/ubna_data_02_mir/recover-20220922/UBNA_001/20220921_090000.WAV,Telephone Field,recover-20220922,001,1795
542.1035,542.1132,23750,30643,Nyctalus leisleri,0.008,0.024,-1,Echolocation,/mnt/ubna_data_02_mir/recover-20220922/UBNA_001/20220921_090000.WAV,Telephone Field,recover-20220922,001,1795
542.1105,542.148,68437,81347,Rhinolophus ferrumequinum,0.023,0.023,-1,Echolocation,/mnt/ubna_data_02_mir/recover-20220922/UBNA_001/20220921_090000.WAV,Telephone Field,recover-20220922,001,1795
542.1205,542.155,68437,81333,Rhinolophus ferrumequinum,0.023,0.023,-1,Echolocation,/mnt/ubna_data_02_mir/recover-20220922/UBNA_001/20220921_090000.WAV,Telephone Field,recover-20220922,001,1795
542.1285,542.1673,68437,82443,Rhinolophus ferrumequinum,0.024,0.024,-1,Echolocation,/mnt/ubna_data_02_mir/recover-20220922/UBNA_001/20220921_090000.WAV,Telephone Field,recover-20220922,001,1795
542.1445,542.1551,23750,29747,Nyctalus leisleri,0.013,0.031,-1,Echolocation,/mnt/ubna_data_02_mir/recover-20220922/UBNA_001/20220921_090000.WAV,Telephone Field,recover-20220922,001,1795
542.1575,542.1938,68437,81888,Rhinolophus ferrumequinum,0.023,0.023,-1,Echolocation,/mnt/ubna_data_02_mir/recover-20220922/UBNA_001/20220921_090000.WAV,Telephone Field,recover-20220922,001,1795
542.1635,542.1995,68437,81577,Rhinolophus ferrumequinum,0.022,0.022,-1,Echolocation,/mnt/ubna_data_02_mir/recover-20220922/UBNA_001/20220921_090000.WAV,Telephone Field,recover-20220922,001,1795
542.1755,542.2142,68437,82458,Rhinolophus ferrumequinum,0.022,0.022,-1,Echolocation,/mnt/ubna_data_02_mir/recover-20220922/UBNA_001/20220921_090000.WAV,Telephone Field,recover-20220922,001,1795
542.1755,542.1841,28046,38884,Eptesicus serotinus,0.009,0.023,-1,Echolocation,/mnt/ubna_data_02_mir/recover-20220922/UBNA_001/20220921_090000.WAV,Telephone Field,recover-20220922,001,1795
542.2025,542.2487,68437,83087,Rhinolophus ferrumequinum,0.034,0.034,-1,Echolocation,/mnt/ubna_data_02_mir/recover-20220922/UBNA_001/20220921_090000.WAV,Telephone Field,recover-20220922,001,1795
542.2355,542.2753,68437,82882,Rhinolophus ferrumequinum,0.026,0.026,-1,Echolocation,/mnt/ubna_data_02_mir/recover-20220922/UBNA_001/20220921_090000.WAV,Telephone Field,recover-20220922,001,1795
542.2535,542.2918,68437,82529,Rhinolophus ferrumequinum,0.022,0.022,-1,Echolocation,/mnt/ubna_data_02_mir/recover-20220922/UBNA_001/20220921_090000.WAV,Telephone Field,recover-20220922,001,1795
542.2805,542.3187,68437,82498,Rhinolophus ferrumequinum,0.027,0.027,-1,Echolocation,/mnt/ubna_data_02_mir/recover-20220922/UBNA_001/20220921_090000.WAV,Telephone Field,recover-20220922,001,1795
542.3085,542.3478,68437,82471,Rhinolophus ferrumequinum,0.029,0.029,-1,Echolocation,/mnt/ubna_data_02_mir/recover-20220922/UBNA_001/20220921_090000.WAV,Telephone Field,recover-20220922,001,1795
542.3635,542.4023,68437,82261,Rhinolophus ferrumequinum,0.022,0.022,-1,Echolocation,/mnt/ubna_data_02_mir/recover-20220922/UBNA_001/20220921_090000.WAV,Telephone Field,recover-20220922,001,1795
542.3755,542.384,26328,35186,Eptesicus serotinus,0.011,0.026,-1,Echolocation,/mnt/ubna_data_02_mir/recover-20220922/UBNA_001/20220921_090000.WAV,Telephone Field,recover-20220922,001,1795
542.3805,542.4177,68437,81950,Rhinolophus ferrumequinum,0.023,0.023,-1,Echolocation,/mnt/ubna_data_02_mir/recover-20220922/UBNA_001/20220921_090000.WAV,Telephone Field,recover-20220922,001,1795
542.4365,542.4805,68437,83607,Rhinolophus ferrumequinum,0.051,0.051,-1,Echolocation,/mnt/ubna_data_02_mir/recover-20220922/UBNA_001/20220921_090000.WAV,Telephone Field,recover-20220922,001,1795
542.4605,542.5004,68437,82325,Rhinolophus ferrumequinum,0.024,0.024,-1,Echolocation,/mnt/ubna_data_02_mir/recover-20220922/UBNA_001/20220921_090000.WAV,Telephone Field,recover-20220922,001,1795
542.5075,542.518,24609,30608,Eptesicus serotinus,0.009,0.025,-1,Echolocation,/mnt/ubna_data_02_mir/recover-20220922/UBNA_001/20220921_090000.WAV,Telephone Field,recover-20220922,001,1795
542.5125,542.5485,68437,81333,Rhinolophus ferrumequinum,0.023,0.023,-1,Echolocation,/mnt/ubna_data_02_mir/recover-20220922/UBNA_001/20220921_090000.WAV,Telephone Field,recover-20220922,001,1795
542.5265,542.5664,68437,82903,Rhinolophus ferrumequinum,0.027,0.027,-1,Echolocation,/mnt/ubna_data_02_mir/recover-20220922/UBNA_001/20220921_090000.WAV,Telephone Field,recover-20220922,001,1795
542.5305,542.5405,24609,32073,Eptesicus serotinus,0.008,0.023,-1,Echolocation,/mnt/ubna_data_02_mir/recover-20220922/UBNA_001/20220921_090000.WAV,Telephone Field,recover-20220922,001,1795
542.5385,542.5766,68437,81952,Rhinolophus ferrumequinum,0.022,0.022,-1,Echolocation,/mnt/ubna_data_02_mir/recover-20220922/UBNA_001/20220921_090000.WAV,Telephone Field,recover-20220922,001,1795
542.5395,542.5493,25468,33043,Eptesicus serotinus,0.011,0.029,-1,Echolocation,/mnt/ubna_data_02_mir/recover-20220922/UBNA_001/20220921_090000.WAV,Telephone Field,recover-20220922,001,1795
542.5415,542.5548,44375,47243,Pipistrellus pipistrellus,0.049,0.06,-1,Echolocation,/mnt/ubna_data_02_mir/recover-20220922/UBNA_001/20220921_090000.WAV,Telephone Field,recover-20220922,001,1795
542.5645,542.6058,68437,82557,Rhinolophus ferrumequinum,0.031,0.031,-1,Echolocation,/mnt/ubna_data_02_mir/recover-20220922/UBNA_001/20220921_090000.WAV,Telephone Field,recover-20220922,001,1795
542.5665,542.5735,45234,52067,Pipistrellus pipistrellus,0.024,0.027,-1,Echolocation,/mnt/ubna_data_02_mir/recover-20220922/UBNA_001/20220921_090000.WAV,Telephone Field,recover-20220922,001,1795
542.5945,542.6371,68437,83547,Rhinolophus ferrumequinum,0.038,0.038,-1,Echolocation,/mnt/ubna_data_02_mir/recover-20220922/UBNA_001/20220921_090000.WAV,Telephone Field,recover-20220922,001,1795
542.6595,542.6691,46953,50558,Pipistrellus pipistrellus,0.031,0.033,-1,Echolocation,/mnt/ubna_data_02_mir/recover-20220922/UBNA_001/20220921_090000.WAV,Telephone Field,recover-20220922,001,1795
542.6845,542.7248,68437,82718,Rhinolophus ferrumequinum,0.034,0.034,-1,Echolocation,/mnt/ubna_data_02_mir/recover-20220922/UBNA_001/20220921_090000.WAV,Telephone Field,recover-20220922,001,1795
542.7015,542.7393,68437,81615,Rhinolophus ferrumequinum,0.023,0.023,-1,Echolocation,/mnt/ubna_data_02_mir/recover-20220922/UBNA_001/20220921_090000.WAV,Telephone Field,recover-20220922,001,1795
542.7195,542.7573,68437,81840,Rhinolophus ferrumequinum,0.023,0.023,-1,Echolocation,/mnt/ubna_data_02_mir/recover-20220922/UBNA_001/20220921_090000.WAV,Telephone Field,recover-20220922,001,1795
542.7515,542.7606,25468,33537,Eptesicus serotinus,0.009,0.025,-1,Echolocation,/mnt/ubna_data_02_mir/recover-20220922/UBNA_001/20220921_090000.WAV,Telephone Field,recover-20220922,001,1795
542.7675,542.8075,68437,82250,Rhinolophus ferrumequinum,0.024,0.024,-1,Echolocation,/mnt/ubna_data_02_mir/recover-20220922/UBNA_001/20220921_090000.WAV,Telephone Field,recover-20220922,001,1795
542.8315,542.8693,68437,81847,Rhinolophus ferrumequinum,0.026,0.026,-1,Echolocation,/mnt/ubna_data_02_mir/recover-20220922/UBNA_001/20220921_090000.WAV,Telephone Field,recover-20220922,001,1795
542.8685,542.8807,30625,37422,Eptesicus serotinus,0.011,0.024,-1,Echolocation,/mnt/ubna_data_02_mir/recover-20220922/UBNA_001/20220921_090000.WAV,Telephone Field,recover-20220922,001,1795
542.8855,542.8945,26328,35152,Eptesicus serotinus,0.011,0.024,-1,Echolocation,/mnt/ubna_data_02_mir/recover-20220922/UBNA_001/20220921_090000.WAV,Telephone Field,recover-20220922,001,1795
542.9085,542.9171,28906,36601,Eptesicus serotinus,0.01,0.027,-1,Echolocation,/mnt/ubna_data_02_mir/recover-20220922/UBNA_001/20220921_090000.WAV,Telephone Field,recover-20220922,001,1795
542.9395,542.9759,68437,81543,Rhinolophus ferrumequinum,0.024,0.024,-1,Echolocation,/mnt/ubna_data_02_mir/recover-20220922/UBNA_001/20220921_090000.WAV,Telephone Field,recover-20220922,001,1795
542.9515,542.9916,68437,82706,Rhinolophus ferrumequinum,0.028,0.028,-1,Echolocation,/mnt/ubna_data_02_mir/recover-20220922/UBNA_001/20220921_090000.WAV,Telephone Field,recover-20220922,001,1795
542.9695,543.0098,68437,82316,Rhinolophus ferrumequinum,0.022,0.022,-1,Echolocation,/mnt/ubna_data_02_mir/recover-20220922/UBNA_001/20220921_090000.WAV,Telephone Field,recover-20220922,001,1795
542.9825,542.9938,37500,43450,Pipistrellus nathusii,0.026,0.048,-1,Echolocation,/mnt/ubna_data_02_mir/recover-20220922/UBNA_001/20220921_090000.WAV,Telephone Field,recover-20220922,001,1795
542.9865,543.0235,68437,81917,Rhinolophus ferrumequinum,0.022,0.022,-1,Echolocation,/mnt/ubna_data_02_mir/recover-20220922/UBNA_001/20220921_090000.WAV,Telephone Field,recover-20220922,001,1795
542.9875,542.9953,28906,39513,Eptesicus serotinus,0.008,0.025,-1,Echolocation,/mnt/ubna_data_02_mir/recover-20220922/UBNA_001/20220921_090000.WAV,Telephone Field,recover-20220922,001,1795
542.9915,543.0262,68437,81605,Rhinolophus ferrumequinum,0.023,0.023,-1,Echolocation,/mnt/ubna_data_02_mir/recover-20220922/UBNA_001/20220921_090000.WAV,Telephone Field,recover-20220922,001,1795
543.0005,543.0361,68437,80705,Rhinolophus ferrumequinum,0.023,0.023,-1,Echolocation,/mnt/ubna_data_02_mir/recover-20220922/UBNA_001/20220921_090000.WAV,Telephone Field,recover-20220922,001,1795
543.0265,543.0656,68437,82981,Rhinolophus ferrumequinum,0.028,0.028,-1,Echolocation,/mnt/ubna_data_02_mir/recover-20220922/UBNA_001/20220921_090000.WAV,Telephone Field,recover-20220922,001,1795
543.0485,543.06,23750,29529,Nyctalus leisleri,0.012,0.027,-1,Echolocation,/mnt/ubna_data_02_mir/recover-20220922/UBNA_001/20220921_090000.WAV,Telephone Field,recover-20220922,001,1795
543.0545,543.0942,68437,82544,Rhinolophus ferrumequinum,0.023,0.023,-1,Echolocation,/mnt/ubna_data_02_mir/recover-20220922/UBNA_001/20220921_090000.WAV,Telephone Field,recover-20220922,001,1795
543.0675,543.078,44375,49155,Pipistrellus pipistrellus,0.021,0.025,-1,Echolocation,/mnt/ubna_data_02_mir/recover-20220922/UBNA_001/20220921_090000.WAV,Telephone Field,recover-20220922,001,1795
543.0925,543.1316,68437,82842,Rhinolophus ferrumequinum,0.029,0.029,-1,Echolocation,/mnt/ubna_data_02_mir/recover-20220922/UBNA_001/20220921_090000.WAV,Telephone Field,recover-20220922,001,1795
543.1225,543.1594,68437,81953,Rhinolophus ferrumequinum,0.024,0.024,-1,Echolocation,/mnt/ubna_data_02_mir/recover-20220922/UBNA_001/20220921_090000.WAV,Telephone Field,recover-20220922,001,1795
543.1325,543.1438,28046,35227,Eptesicus serotinus,0.015,0.029,-1,Echolocation,/mnt/ubna_data_02_mir/recover-20220922/UBNA_001/20220921_090000.WAV,Telephone Field,recover-20220922,001,1795
543.1965,543.2369,68437,82698,Rhinolophus ferrumequinum,0.023,0.023,-1,Echolocation,/mnt/ubna_data_02_mir/recover-20220922/UBNA_001/20220921_090000.WAV,Telephone Field,recover-20220922,001,1795
543.2105,543.2442,68437,81604,Rhinolophus ferrumequinum,0.022,0.022,-1,Echolocation,/mnt/ubna_data_02_mir/recover-20220922/UBNA_001/20220921_090000.WAV,Telephone Field,recover-20220922,001,1795
543.2225,543.2612,68437,82289,Rhinolophus ferrumequinum,0.028,0.028,-1,Echolocation,/mnt/ubna_data_02_mir/recover-20220922/UBNA_001/20220921_090000.WAV,Telephone Field,recover-20220922,001,1795
543.2235,543.234,28906,36386,Eptesicus serotinus,0.01,0.023,-1,Echolocation,/mnt/ubna_data_02_mir/recover-20220922/UBNA_001/20220921_090000.WAV,Telephone Field,recover-20220922,001,1795
543.2495,543.26,25468,32085,Eptesicus serotinus,0.009,0.023,-1,Echolocation,/mnt/ubna_data_02_mir/recover-20220922/UBNA_001/20220921_090000.WAV,Telephone Field,recover-20220922,001,1795
543.2675,543.3085,68437,83302,Rhinolophus ferrumequinum,0.028,0.028,-1,Echolocation,/mnt/ubna_data_02_mir/recover-20220922/UBNA_001/20220921_090000.WAV,Telephone Field,recover-20220922,001,1795
543.2845,543.2948,26328,35311,Eptesicus serotinus,0.012,0.027,-1,Echolocation,/mnt/ubna_data_02_mir/recover-20220922/UBNA_001/20220921_090000.WAV,Telephone Field,recover-20220922,001,1795
543.3005,543.3445,68437,83130,Rhinolophus ferrumequinum,0.048,0.048,-1,Echolocation,/mnt/ubna_data_02_mir/recover-20220922/UBNA_001/20220921_090000.WAV,Telephone Field,recover-20220922,001,1795
543.3115,543.3275,21171,24471,Nyctalus leisleri,0.016,0.028,-1,Echolocation,/mnt/ubna_data_02_mir/recover-20220922/UBNA_001/20220921_090000.WAV,Telephone Field,recover-20220922,001,1795
543.3245,543.3649,68437,82569,Rhinolophus ferrumequinum,0.023,0.023,-1,Echolocation,/mnt/ubna_data_02_mir/recover-20220922/UBNA_001/20220921_090000.WAV,Telephone Field,recover-20220922,001,1795
543.3755,543.4134,68437,82095,Rhinolophus ferrumequinum,0.027,0.027,-1,Echolocation,/mnt/ubna_data_02_mir/recover-20220922/UBNA_001/20220921_090000.WAV,Telephone Field,recover-20220922,001,1795
543.4075,543.448,68437,82349,Rhinolophus ferrumequinum,0.031,0.031,-1,Echolocation,/mnt/ubna_data_02_mir/recover-20220922/UBNA_001/20220921_090000.WAV,Telephone Field,recover-20220922,001,1795
543.4215,543.4628,68437,82419,Rhinolophus ferrumequinum,0.025,0.025,-1,Echolocation,/mnt/ubna_data_02_mir/recover-20220922/UBNA_001/20220921_090000.WAV,Telephone Field,recover-20220922,001,1795
543.4365,543.4454,50390,54956,Pipistrellus pipistrellus,0.028,0.032,-1,Echolocation,/mnt/ubna_data_02_mir/recover-20220922/UBNA_001/20220921_090000.WAV,Telephone Field,recover-20220922,001,1795
543.4555,543.4968,68437,83309,Rhinolophus ferrumequinum,0.029,0.029,-1,Echolocation,/mnt/ubna_data_02_mir/recover-20220922/UBNA_001/20220921_090000.WAV,Telephone Field,recover-20220922,001,1795
543.4795,543.4879,28046,38703,Eptesicus serotinus,0.009,0.025,-1,Echolocation,/mnt/ubna_data_02_mir/recover-20220922/UBNA_001/20220921_090000.WAV,Telephone Field,recover-20220922,001,1795
543.4845,543.5245,68437,82179,Rhinolophus ferrumequinum,0.023,0.023,-1,Echolocation,/mnt/ubna_data_02_mir/recover-20220922/UBNA_001/20220921_090000.WAV,Telephone Field,recover-20220922,001,1795
543.5185,543.5511,68437,80274,Rhinolophus ferrumequinum,0.022,0.022,-1,Echolocation,/mnt/ubna_data_02_mir/recover-20220922/UBNA_001/20220921_090000.WAV,Telephone Field,recover-20220922,001,1795
543.5405,543.5819,68437,83009,Rhinolophus ferrumequinum,0.035,0.035,-1,Echolocation,/mnt/ubna_data_02_mir/recover-20220922/UBNA_001/20220921_090000.WAV,Telephone Field,recover-20220922,001,1795
543.5505,543.5614,22031,26889,Nyctalus leisleri,0.01,0.023,-1,Echolocation,/mnt/ubna_data_02_mir/recover-20220922/UBNA_001/20220921_090000.WAV,Telephone Field,recover-20220922,001,1795
543.5675,543.6057,68437,81617,Rhinolophus ferrumequinum,0.023,0.023,-1,Echolocation,/mnt/ubna_data_02_mir/recover-20220922/UBNA_001/20220921_090000.WAV,Telephone Field,recover-20220922,001,1795
543.5715,543.5801,25468,34022,Eptesicus serotinus,0.008,0.024,-1,Echolocation,/mnt/ubna_data_02_mir/recover-20220922/UBNA_001/20220921_090000.WAV,Telephone Field,recover-20220922,001,1795
543.5965,543.608,28906,36320,Eptesicus serotinus,0.015,0.027,-1,Echolocation,/mnt/ubna_data_02_mir/recover-20220922/UBNA_001/20220921_090000.WAV,Telephone Field,recover-20220922,001,1795
543.6105,543.6236,28046,34575,Eptesicus serotinus,0.019,0.032,-1,Echolocation,/mnt/ubna_data_02_mir/recover-20220922/UBNA_001/20220921_090000.WAV,Telephone Field,recover-20220922,001,1795
543.6275,543.6692,68437,82945,Rhinolophus ferrumequinum,0.038,0.038,-1,Echolocation,/mnt/ubna_data_02_mir/recover-20220922/UBNA_001/20220921_090000.WAV,Telephone Field,recover-20220922,001,1795
543.6545,543.6635,28906,37802,Eptesicus serotinus,0.009,0.022,-1,Echolocation,/mnt/ubna_data_02_mir/recover-20220922/UBNA_001/20220921_090000.WAV,Telephone Field,recover-20220922,001,1795
543.6755,543.7115,68437,81635,Rhinolophus ferrumequinum,0.022,0.022,-1,Echolocation,/mnt/ubna_data_02_mir/recover-20220922/UBNA_001/20220921_090000.WAV,Telephone Field,recover-20220922,001,1795
543.6995,543.7375,68437,82194,Rhinolophus ferrumequinum,0.023,0.023,-1,Echolocation,/mnt/ubna_data_02_mir/recover-20220922/UBNA_001/20220921_090000.WAV,Telephone Field,recover-20220922,001,1795
543.7355,543.774,68437,82076,Rhinolophus ferrumequinum,0.022,0.022,-1,Echolocation,/mnt/ubna_data_02_mir/recover-20220922/UBNA_001/20220921_090000.WAV,Telephone Field,recover-20220922,001,1795
543.7365,543.746,24609,33476,Eptesicus serotinus,0.01,0.027,-1,Echolocation,/mnt/ubna_data_02_mir/recover-20220922/UBNA_001/20220921_090000.WAV,Telephone Field,recover-20220922,001,1795
543.7605,543.8,68437,82209,Rhinolophus ferrumequinum,0.022,0.022,-1,Echolocation,/mnt/ubna_data_02_mir/recover-20220922/UBNA_001/20220921_090000.WAV,Telephone Field,recover-20220922,001,1795
543.7755,543.7891,28906,34871,Eptesicus serotinus,0.059,0.099,-1,Echolocation,/mnt/ubna_data_02_mir/recover-20220922/UBNA_001/20220921_090000.WAV,Telephone Field,recover-20220922,001,1795
543.7805,543.82,68437,82161,Rhinolophus ferrumequinum,0.024,0.024,-1,Echolocation,/mnt/ubna_data_02_mir/recover-20220922/UBNA_001/20220921_090000.WAV,Telephone Field,recover-20220922,001,1795
543.7895,543.8267,68437,81653,Rhinolophus ferrumequinum,0.022,0.022,-1,Echolocation,/mnt/ubna_data_02_mir/recover-20220922/UBNA_001/20220921_090000.WAV,Telephone Field,recover-20220922,001,1795
543.8105,543.8514,68437,82377,Rhinolophus ferrumequinum,0.023,0.023,-1,Echolocation,/mnt/ubna_data_02_mir/recover-20220922/UBNA_001/20220921_090000.WAV,Telephone Field,recover-20220922,001,1795
543.8245,543.8635,68437,82487,Rhinolophus ferrumequinum,0.023,0.023,-1,Echolocation,/mnt/ubna_data_02_mir/recover-20220922/UBNA_001/20220921_090000.WAV,Telephone Field,recover-20220922,001,1795
543.8475,543.8907,68437,83287,Rhinolophus ferrumequinum,0.036,0.036,-1,Echolocation,/mnt/ubna_data_02_mir/recover-20220922/UBNA_001/20220921_090000.WAV,Telephone Field,recover-20220922,001,1795
543.8555,543.8635,28046,38003,Eptesicus serotinus,0.007,0.022,-1,Echolocation,/mnt/ubna_data_02_mir/recover-20220922/UBNA_001/20220921_090000.WAV,Telephone Field,recover-20220922,001,1795
543.8755,543.8889,32343,37480,Eptesicus serotinus,0.01,0.033,-1,Echolocation,/mnt/ubna_data_02_mir/recover-20220922/UBNA_001/20220921_090000.WAV,Telephone Field,recover-20220922,001,1795
543.8755,543.9147,68437,82085,Rhinolophus ferrumequinum,0.025,0.025,-1,Echolocation,/mnt/ubna_data_02_mir/recover-20220922/UBNA_001/20220921_090000.WAV,Telephone Field,recover-20220922,001,1795
543.8985,543.9384,68437,82791,Rhinolophus ferrumequinum,0.029,0.029,-1,Echolocation,/mnt/ubna_data_02_mir/recover-20220922/UBNA_001/20220921_090000.WAV,Telephone Field,recover-20220922,001,1795
543.9065,543.9158,23750,31667,Eptesicus serotinus,0.007,0.023,-1,Echolocation,/mnt/ubna_data_02_mir/recover-20220922/UBNA_001/20220921_090000.WAV,Telephone Field,recover-20220922,001,1795
543.9295,543.9703,68437,82146,Rhinolophus ferrumequinum,0.023,0.023,-1,Echolocation,/mnt/ubna_data_02_mir/recover-20220922/UBNA_001/20220921_090000.WAV,Telephone Field,recover-20220922,001,1795
543.9545,543.9907,68437,81202,Rhinolophus ferrumequinum,0.022,0.022,-1,Echolocation,/mnt/ubna_data_02_mir/recover-20220922/UBNA_001/20220921_090000.WAV,Telephone Field,recover-20220922,001,1795
543.9795,543.9897,23750,30355,Nyctalus leisleri,0.01,0.026,-1,Echolocation,/mnt/ubna_data_02_mir/recover-20220922/UBNA_001/20220921_090000.WAV,Telephone Field,recover-20220922,001,1795
544.0015,544.0305,68437,80761,Rhinolophus ferrumequinum,0.039,0.039,-1,Echolocation,/mnt/ubna_data_02_mir/recover-20220922/UBNA_001/20220921_090000.WAV,Telephone Field,recover-20220922,001,1795
544.0015,544.0092,23750,30894,Nyctalus leisleri,0.01,0.032,-1,Echolocation,/mnt/ubna_data_02_mir/recover-20220922/UBNA_001/20220921_090000.WAV,Telephone Field,recover-20220922,001,1795
544.0015,544.0115,48671,56581,Pipistrellus pipistrellus,0.025,0.033,-1,Echolocation,/mnt/ubna_data_02_mir/recover-20220922/UBNA_001/20220921_090000.WAV,Telephone Field,recover-20220922,001,1795
544.0145,544.0537,68437,82672,Rhinolophus ferrumequinum,0.021,0.021,-1,Echolocation,/mnt/ubna_data_02_mir/recover-20220922/UBNA_001/20220921_090000.WAV,Telephone Field,recover-20220922,001,1795
544.0215,544.0577,68437,82039,Rhinolophus ferrumequinum,0.021,0.021,-1,Echolocation,/mnt/ubna_data_02_mir/recover-20220922/UBNA_001/20220921_090000.WAV,Telephone Field,recover-20220922,001,1795
544.0355,544.0453,49531,54941,Pipistrellus pipistrellus,0.02,0.025,-1,Echolocation,/mnt/ubna_data_02_mir/recover-20220922/UBNA_001/20220921_090000.WAV,Telephone Field,recover-20220922,001,1795
544.0485,544.0582,23750,31129,Nyctalus leisleri,0.008,0.026,-1,Echolocation,/mnt/ubna_data_02_mir/recover-20220922/UBNA_001/20220921_090000.WAV,Telephone Field,recover-20220922,001,1795
544.0835,544.0914,27187,39518,Eptesicus serotinus,0.01,0.027,-1,Echolocation,/mnt/ubna_data_02_mir/recover-20220922/UBNA_001/20220921_090000.WAV,Telephone Field,recover-20220922,001,1795
544.0985,544.1347,68437,81729,Rhinolophus ferrumequinum,0.023,0.023,-1,Echolocation,/mnt/ubna_data_02_mir/recover-20220922/UBNA_001/20220921_090000.WAV,Telephone Field,recover-20220922,001,1795
544.1295,544.1679,68437,82400,Rhinolophus ferrumequinum,0.021,0.021,-1,Echolocation,/mnt/ubna_data_02_mir/recover-20220922/UBNA_001/20220921_090000.WAV,Telephone Field,recover-20220922,001,1795
544.1695,544.2085,68437,82428,Rhinolophus ferrumequinum,0.022,0.022,-1,Echolocation,/mnt/ubna_data_02_mir/recover-20220922/UBNA_001/20220921_090000.WAV,Telephone Field,recover-20220922,001,1795
544.1865,544.2238,68437,81546,Rhinolophus ferrumequinum,0.022,0.022,-1,Echolocation,/mnt/ubna_data_02_mir/recover-20220922/UBNA_001/20220921_090000.WAV,Telephone Field,recover-20220922,001,1795
544.1915,544.1997,27187,38753,Eptesicus serotinus,0.007,0.022,-1,Echolocation,/mnt/ubna_data_02_mir/recover-20220922/UBNA_001/20220921_090000.WAV,Telephone Field,recover-20220922,001,1795
544.2135,544.2517,68437,82071,Rhinolophus ferrumequinum,0.021,0.021,-1,Echolocation,/mnt/ubna_data_02_mir/recover-20220922/UBNA_001/20220921_090000.WAV,Telephone Field,recover-20220922,001,1795
544.2575,544.2932,68437,82410,Rhinolophus ferrumequinum,0.024,0.024,-1,Echolocation,/mnt/ubna_data_02_mir/recover-20220922/UBNA_001/20220921_090000.WAV,Telephone Field,recover-20220922,001,1795
544.2875,544.328,68437,82292,Rhinolophus ferrumequinum,0.024,0.024,-1,Echolocation,/mnt/ubna_data_02_mir/recover-20220922/UBNA_001/20220921_090000.WAV,Telephone Field,recover-20220922,001,1795
544.2885,544.2962,28046,42139,Eptesicus serotinus,0.008,0.024,-1,Echolocation,/mnt/ubna_data_02_mir/recover-20220922/UBNA_001/20220921_090000.WAV,Telephone Field,recover-20220922,001,1795
544.3185,544.3584,68437,82224,Rhinolophus ferrumequinum,0.025,0.025,-1,Echolocation,/mnt/ubna_data_02_mir/recover-20220922/UBNA_001/20220921_090000.WAV,Telephone Field,recover-20220922,001,1795
544.3375,544.3469,28046,37185,Eptesicus serotinus,0.011,0.025,-1,Echolocation,/mnt/ubna_data_02_mir/recover-20220922/UBNA_001/20220921_090000.WAV,Telephone Field,recover-20220922,001,1795
544.3625,544.3728,22890,28320,Nyctalus leisleri,0.01,0.021,-1,Echolocation,/mnt/ubna_data_02_mir/recover-20220922/UBNA_001/20220921_090000.WAV,Telephone Field,recover-20220922,001,1795
544.3675,544.4109,68437,83027,Rhinolophus ferrumequinum,0.031,0.031,-1,Echolocation,/mnt/ubna_data_02_mir/recover-20220922/UBNA_001/20220921_090000.WAV,Telephone Field,recover-20220922,001,1795
544.3805,544.3878,26328,35075,Eptesicus serotinus,0.007,0.023,-1,Echolocation,/mnt/ubna_data_02_mir/recover-20220922/UBNA_001/20220921_090000.WAV,Telephone Field,recover-20220922,001,1795
544.4155,544.4552,68437,82375,Rhinolophus ferrumequinum,0.021,0.021,-1,Echolocation,/mnt/ubna_data_02_mir/recover-20220922/UBNA_001/20220921_090000.WAV,Telephone Field,recover-20220922,001,1795
544.4165,544.4247,27187,37463,Eptesicus serotinus,0.008,0.022,-1,Echolocation,/mnt/ubna_data_02_mir/recover-20220922/UBNA_001/20220921_090000.WAV,Telephone Field,recover-20220922,001,1795
544.4215,544.4293,27187,36847,Eptesicus serotinus,0.008,0.023,-1,Echolocation,/mnt/ubna_data_02_mir/recover-20220922/UBNA_001/20220921_090000.WAV,Telephone Field,recover-20220922,001,1795
544.4555,544.4973,68437,82755,Rhinolophus ferrumequinum,0.021,0.021,-1,Echolocation,/mnt/ubna_data_02_mir/recover-20220922/UBNA_001/20220921_090000.WAV,Telephone Field,recover-20220922,001,1795
544.4625,544.5016,68437,82737,Rhinolophus ferrumequinum,0.022,0.022,-1,Echolocation,/mnt/ubna_data_02_mir/recover-20220922/UBNA_001/20220921_090000.WAV,Telephone Field,recover-20220922,001,1795
544.4685,544.4859,16015,21197,Nyctalus noctula,0.024,0.032,-1,Echolocation,/mnt/ubna_data_02_mir/recover-20220922/UBNA_001/20220921_090000.WAV,Telephone Field,recover-20220922,001,1795
544.5225,544.531,28906,39844,Eptesicus serotinus,0.008,0.022,-1,Echolocation,/mnt/ubna_data_02_mir/recover-20220922/UBNA_001/20220921_090000.WAV,Telephone Field,recover-20220922,001,1795
544.5385,544.5776,68437,82539,Rhinolophus ferrumequinum,0.029,0.029,-1,Echolocation,/mnt/ubna_data_02_mir/recover-20220922/UBNA_001/20220921_090000.WAV,Telephone Field,recover-20220922,001,1795
544.5645,544.5731,46953,52374,Pipistrellus pipistrellus,0.023,0.025,-1,Echolocation,/mnt/ubna_data_02_mir/recover-20220922/UBNA_001/20220921_090000.WAV,Telephone Field,recover-20220922,001,1795
544.5915,544.6324,68437,82681,Rhinolophus ferrumequinum,0.027,0.027,-1,Echolocation,/mnt/ubna_data_02_mir/recover-20220922/UBNA_001/20220921_090000.WAV,Telephone Field,recover-20220922,001,1795
544.5985,544.611,31484,37542,Eptesicus serotinus,0.012,0.033,-1,Echolocation,/mnt/ubna_data_02_mir/recover-20220922/UBNA_001/20220921_090000.WAV,Telephone Field,recover-20220922,001,1795
544.6055,544.6429,68437,81161,Rhinolophus ferrumequinum,0.022,0.022,-1,Echolocation,/mnt/ubna_data_02_mir/recover-20220922/UBNA_001/20220921_090000.WAV,Telephone Field,recover-20220922,001,1795
544.6185,544.6283,27187,35809,Eptesicus serotinus,0.008,0.024,-1,Echolocation,/mnt/ubna_data_02_mir/recover-20220922/UBNA_001/20220921_090000.WAV,Telephone Field,recover-20220922,001,1795
544.6255,544.6658,68437,82534,Rhinolophus ferrumequinum,0.021,0.021,-1,Echolocation,/mnt/ubna_data_02_mir/recover-20220922/UBNA_001/20220921_090000.WAV,Telephone Field,recover-20220922,001,1795
544.6805,544.6889,23750,32365,Plecotus austriacus,0.01,0.028,-1,Echolocation,/mnt/ubna_data_02_mir/recover-20220922/UBNA_001/20220921_090000.WAV,Telephone Field,recover-20220922,001,1795
544.6955,544.7331,68437,82088,Rhinolophus ferrumequinum,0.022,0.022,-1,Echolocation,/mnt/ubna_data_02_mir/recover-20220922/UBNA_001/20220921_090000.WAV,Telephone Field,recover-20220922,001,1795
544.7165,544.7601,68437,83066,Rhinolophus ferrumequinum,0.03,0.03,-1,Echolocation,/mnt/ubna_data_02_mir/recover-20220922/UBNA_001/20220921_090000.WAV,Telephone Field,recover-20220922,001,1795
544.7525,544.7622,22890,29037,Nyctalus leisleri,0.009,0.021,-1,Echolocation,/mnt/ubna_data_02_mir/recover-20220922/UBNA_001/20220921_090000.WAV,Telephone Field,recover-20220922,001,1795
544.7695,544.8094,68437,82512,Rhinolophus ferrumequinum,0.026,0.026,-1,Echolocation,/mnt/ubna_data_02_mir/recover-20220922/UBNA_001/20220921_090000.WAV,Telephone Field,recover-20220922,001,1795
544.7765,544.784,31484,41308,Myotis daubentonii,0.011,0.028,-1,Echolocation,/mnt/ubna_data_02_mir/recover-20220922/UBNA_001/20220921_090000.WAV,Telephone Field,recover-20220922,001,1795
544.8355,544.8757,68437,82578,Rhinolophus ferrumequinum,0.034,0.034,-1,Echolocation,/mnt/ubna_data_02_mir/recover-20220922/UBNA_001/20220921_090000.WAV,Telephone Field,recover-20220922,001,1795
544.8445,544.8556,28906,37159,Eptesicus serotinus,0.013,0.027,-1,Echolocation,/mnt/ubna_data_02_mir/recover-20220922/UBNA_001/20220921_090000.WAV,Telephone Field,recover-20220922,001,1795
544.8785,544.9185,68437,82537,Rhinolophus ferrumequinum,0.03,0.03,-1,Echolocation,/mnt/ubna_data_02_mir/recover-20220922/UBNA_001/20220921_090000.WAV,Telephone Field,recover-20220922,001,1795
544.8805,544.8877,28046,39975,Eptesicus serotinus,0.006,0.021,-1,Echolocation,/mnt/ubna_data_02_mir/recover-20220922/UBNA_001/20220921_090000.WAV,Telephone Field,recover-20220922,001,1795
544.9005,544.9388,68437,81808,Rhinolophus ferrumequinum,0.021,0.021,-1,Echolocation,/mnt/ubna_data_02_mir/recover-20220922/UBNA_001/20220921_090000.WAV,Telephone Field,recover-20220922,001,1795
544.9075,544.9435,68437,81606,Rhinolophus ferrumequinum,0.022,0.022,-1,Echolocation,/mnt/ubna_data_02_mir/recover-20220922/UBNA_001/20220921_090000.WAV,Telephone Field,recover-20220922,001,1795
544.9265,544.936,28046,40426,Eptesicus serotinus,0.01,0.022,-1,Echolocation,/mnt/ubna_data_02_mir/recover-20220922/UBNA_001/20220921_090000.WAV,Telephone Field,recover-20220922,001,1795
544.9365,544.9441,28906,37699,Eptesicus serotinus,0.011,0.03,-1,Echolocation,/mnt/ubna_data_02_mir/recover-20220922/UBNA_001/20220921_090000.WAV,Telephone Field,recover-20220922,001,1795
544.9945,545.0037,28046,37304,Eptesicus serotinus,0.008,0.023,-1,Echolocation,/mnt/ubna_data_02_mir/recover-20220922/UBNA_001/20220921_090000.WAV,Telephone Field,recover-20220922,001,1795
545.0685,545.1074,68437,81868,Rhinolophus ferrumequinum,0.024,0.024,-1,Echolocation,/mnt/ubna_data_02_mir/recover-20220922/UBNA_001/20220921_090000.WAV,Telephone Field,recover-20220922,001,1795
545.0795,545.0885,28046,36265,Eptesicus serotinus,0.009,0.023,-1,Echolocation,/mnt/ubna_data_02_mir/recover-20220922/UBNA_001/20220921_090000.WAV,Telephone Field,recover-20220922,001,1795
545.1595,545.1947,68437,81629,Rhinolophus ferrumequinum,0.023,0.023,-1,Echolocation,/mnt/ubna_data_02_mir/recover-20220922/UBNA_001/20220921_090000.WAV,Telephone Field,recover-20220922,001,1795
545.1675,545.2061,68437,81754,Rhinolophus ferrumequinum,0.022,0.022,-1,Echolocation,/mnt/ubna_data_02_mir/recover-20220922/UBNA_001/20220921_090000.WAV,Telephone Field,recover-20220922,001,1795
545.1705,545.1781,27187,37841,Eptesicus serotinus,0.007,0.023,-1,Echolocation,/mnt/ubna_data_02_mir/recover-20220922/UBNA_001/20220921_090000.WAV,Telephone Field,recover-20220922,001,1795
545.1725,545.2094,68437,81596,Rhinolophus ferrumequinum,0.023,0.023,-1,Echolocation,/mnt/ubna_data_02_mir/recover-20220922/UBNA_001/20220921_090000.WAV,Telephone Field,recover-20220922,001,1795
545.2355,545.2457,23750,30502,Nyctalus leisleri,0.007,0.021,-1,Echolocation,/mnt/ubna_data_02_mir/recover-20220922/UBNA_001/20220921_090000.WAV,Telephone Field,recover-20220922,001,1795
545.2475,545.2911,68437,83011,Rhinolophus ferrumequinum,0.03,0.03,-1,Echolocation,/mnt/ubna_data_02_mir/recover-20220922/UBNA_001/20220921_090000.WAV,Telephone Field,recover-20220922,001,1795
545.2745,545.2887,28906,34828,Eptesicus serotinus,0.026,0.042,-1,Echolocation,/mnt/ubna_data_02_mir/recover-20220922/UBNA_001/20220921_090000.WAV,Telephone Field,recover-20220922,001,1795
545.2875,545.2956,28046,37614,Eptesicus serotinus,0.007,0.022,-1,Echolocation,/mnt/ubna_data_02_mir/recover-20220922/UBNA_001/20220921_090000.WAV,Telephone Field,recover-20220922,001,1795
545.2905,545.3009,22031,26248,Nyctalus leisleri,0.012,0.021,-1,Echolocation,/mnt/ubna_data_02_mir/recover-20220922/UBNA_001/20220921_090000.WAV,Telephone Field,recover-20220922,001,1795
545.2945,545.3353,68437,82880,Rhinolophus ferrumequinum,0.028,0.028,-1,Echolocation,/mnt/ubna_data_02_mir/recover-20220922/UBNA_001/20220921_090000.WAV,Telephone Field,recover-20220922,001,1795
545.3315,545.3401,28046,39947,Eptesicus serotinus,0.01,0.024,-1,Echolocation,/mnt/ubna_data_02_mir/recover-20220922/UBNA_001/20220921_090000.WAV,Telephone Field,recover-20220922,001,1795
545.3335,545.3725,68437,82709,Rhinolophus ferrumequinum,0.031,0.031,-1,Echolocation,/mnt/ubna_data_02_mir/recover-20220922/UBNA_001/20220921_090000.WAV,Telephone Field,recover-20220922,001,1795
545.3635,545.3723,29765,37913,Eptesicus serotinus,0.01,0.027,-1,Echolocation,/mnt/ubna_data_02_mir/recover-20220922/UBNA_001/20220921_090000.WAV,Telephone Field,recover-20220922,001,1795
545.3925,545.4313,68437,82252,Rhinolophus ferrumequinum,0.023,0.023,-1,Echolocation,/mnt/ubna_data_02_mir/recover-20220922/UBNA_001/20220921_090000.WAV,Telephone Field,recover-20220922,001,1795
545.4465,545.4557,28046,37398,Eptesicus serotinus,0.009,0.021,-1,Echolocation,/mnt/ubna_data_02_mir/recover-20220922/UBNA_001/20220921_090000.WAV,Telephone Field,recover-20220922,001,1795
545.4505,545.4922,68437,83214,Rhinolophus ferrumequinum,0.052,0.052,-1,Echolocation,/mnt/ubna_data_02_mir/recover-20220922/UBNA_001/20220921_090000.WAV,Telephone Field,recover-20220922,001,1795
545.4665,545.507,68437,82089,Rhinolophus ferrumequinum,0.021,0.021,-1,Echolocation,/mnt/ubna_data_02_mir/recover-20220922/UBNA_001/20220921_090000.WAV,Telephone Field,recover-20220922,001,1795
545.4675,545.4775,27187,35664,Eptesicus serotinus,0.009,0.023,-1,Echolocation,/mnt/ubna_data_02_mir/recover-20220922/UBNA_001/20220921_090000.WAV,Telephone Field,recover-20220922,001,1795
545.4865,545.5241,68437,81276,Rhinolophus ferrumequinum,0.022,0.022,-1,Echolocation,/mnt/ubna_data_02_mir/recover-20220922/UBNA_001/20220921_090000.WAV,Telephone Field,recover-20220922,001,1795
545.4965,545.5291,68437,81232,Rhinolophus ferrumequinum,0.022,0.022,-1,Echolocation,/mnt/ubna_data_02_mir/recover-20220922/UBNA_001/20220921_090000.WAV,Telephone Field,recover-20220922,001,1795
545.5075,545.5127,40078,60557,Myotis mystacinus,0.01,0.024,-1,Echolocation,/mnt/ubna_data_02_mir/recover-20220922/UBNA_001/20220921_090000.WAV,Telephone Field,recover-20220922,001,1795
545.5345,545.5728,68437,81910,Rhinolophus ferrumequinum,0.025,0.025,-1,Echolocation,/mnt/ubna_data_02_mir/recover-20220922/UBNA_001/20220921_090000.WAV,Telephone Field,recover-20220922,001,1795
545.5465,545.5825,68437,81331,Rhinolophus ferrumequinum,0.021,0.021,-1,Echolocation,/mnt/ubna_data_02_mir/recover-20220922/UBNA_001/20220921_090000.WAV,Telephone Field,recover-20220922,001,1795
545.5585,545.5711,37500,42440,Pipistrellus nathusii,0.016,0.025,-1,Echolocation,/mnt/ubna_data_02_mir/recover-20220922/UBNA_001/20220921_090000.WAV,Telephone Field,recover-20220922,001,1795
545.5815,545.6219,68437,82344,Rhinolophus ferrumequinum,0.026,0.026,-1,Echolocation,/mnt/ubna_data_02_mir/recover-20220922/UBNA_001/20220921_090000.WAV,Telephone Field,recover-20220922,001,1795
545.6195,545.6553,68437,81432,Rhinolophus ferrumequinum,0.021,0.021,-1,Echolocation,/mnt/ubna_data_02_mir/recover-20220922/UBNA_001/20220921_090000.WAV,Telephone Field,recover-20220922,001,1795
545.6375,545.6767,68437,82106,Rhinolophus ferrumequinum,0.026,0.026,-1,Echolocation,/mnt/ubna_data_02_mir/recover-20220922/UBNA_001/20220921_090000.WAV,Telephone Field,recover-20220922,001,1795
545.6385,545.6482,22031,27982,Plecotus austriacus,0.008,0.021,-1,Echolocation,/mnt/ubna_data_02_mir/recover-20220922/UBNA_001/20220921_090000.WAV,Telephone Field,recover-20220922,001,1795
545.7045,545.7122,23750,32481,Plecotus austriacus,0.008,0.022,-1,Echolocation,/mnt/ubna_data_02_mir/recover-20220922/UBNA_001/20220921_090000.WAV,Telephone Field,recover-20220922,001,1795
545.7145,545.7528,68437,82380,Rhinolophus ferrumequinum,0.022,0.022,-1,Echolocation,/mnt/ubna_data_02_mir/recover-20220922/UBNA_001/20220921_090000.WAV,Telephone Field,recover-20220922,001,1795
545.7205,545.7287,22031,30378,Plecotus austriacus,0.014,0.028,-1,Echolocation,/mnt/ubna_data_02_mir/recover-20220922/UBNA_001/20220921_090000.WAV,Telephone Field,recover-20220922,001,1795
545.7325,545.7404,28046,41959,Eptesicus serotinus,0.008,0.021,-1,Echolocation,/mnt/ubna_data_02_mir/recover-20220922/UBNA_001/20220921_090000.WAV,Telephone Field,recover-20220922,001,1795
545.7665,545.7765,28046,36384,Eptesicus serotinus,0.012,0.025,-1,Echolocation,/mnt/ubna_data_02_mir/recover-20220922/UBNA_001/20220921_090000.WAV,Telephone Field,recover-20220922,001,1795
545.7895,545.8316,68437,82943,Rhinolophus ferrumequinum,0.025,0.025,-1,Echolocation,/mnt/ubna_data_02_mir/recover-20220922/UBNA_001/20220921_090000.WAV,Telephone Field,recover-20220922,001,1795
545.7895,545.7976,26328,36160,Eptesicus serotinus,0.01,0.027,-1,Echolocation,/mnt/ubna_data_02_mir/recover-20220922/UBNA_001/20220921_090000.WAV,Telephone Field,recover-20220922,001,1795
545.8105,545.852,68437,82426,Rhinolophus ferrumequinum,0.026,0.026,-1,Echolocation,/mnt/ubna_data_02_mir/recover-20220922/UBNA_001/20220921_090000.WAV,Telephone Field,recover-20220922,001,1795
545.8485,545.8569,51250,58348,Pipistrellus pipistrellus,0.015,0.021,-1,Echolocation,/mnt/ubna_data_02_mir/recover-20220922/UBNA_001/20220921_090000.WAV,Telephone Field,recover-20220922,001,1795
545.8505,545.8905,68437,82424,Rhinolophus ferrumequinum,0.027,0.027,-1,Echolocation,/mnt/ubna_data_02_mir/recover-20220922/UBNA_001/20220921_090000.WAV,Telephone Field,recover-20220922,001,1795
545.9055,545.9453,68437,83016,Rhinolophus ferrumequinum,0.023,0.023,-1,Echolocation,/mnt/ubna_data_02_mir/recover-20220922/UBNA_001/20220921_090000.WAV,Telephone Field,recover-20220922,001,1795
545.9235,545.9639,68437,82096,Rhinolophus ferrumequinum,0.021,0.021,-1,Echolocation,/mnt/ubna_data_02_mir/recover-20220922/UBNA_001/20220921_090000.WAV,Telephone Field,recover-20220922,001,1795
545.9245,545.9313,28906,39449,Eptesicus serotinus,0.008,0.026,-1,Echolocation,/mnt/ubna_data_02_mir/recover-20220922/UBNA_001/20220921_090000.WAV,Telephone Field,recover-20220922,001,1795
545.9325,545.972,68437,83060,Rhinolophus ferrumequinum,0.028,0.028,-1,Echolocation,/mnt/ubna_data_02_mir/recover-20220922/UBNA_001/20220921_090000.WAV,Telephone Field,recover-20220922,001,1795
545.9655,545.9771,22031,25812,Nyctalus leisleri,0.013,0.021,-1,Echolocation,/mnt/ubna_data_02_mir/recover-20220922/UBNA_001/20220921_090000.WAV,Telephone Field,recover-20220922,001,1795
546.0015,546.0336,68437,80150,Rhinolophus ferrumequinum,0.027,0.027,-1,Echolocation,/mnt/ubna_data_02_mir/recover-20220922/UBNA_001/20220921_090000.WAV,Telephone Field,recover-20220922,001,1795
546.0015,546.013,22890,27938,Nyctalus leisleri,0.024,0.045,-1,Echolocation,/mnt/ubna_data_02_mir/recover-20220922/UBNA_001/20220921_090000.WAV,Telephone Field,recover-20220922,001,1795
546.0015,546.0092,46093,53918,Pipistrellus pipistrellus,0.017,0.024,-1,Echolocation,/mnt/ubna_data_02_mir/recover-20220922/UBNA_001/20220921_090000.WAV,Telephone Field,recover-20220922,001,1795
546.0155,546.05,68437,81386,Rhinolophus ferrumequinum,0.022,0.022,-1,Echolocation,/mnt/ubna_data_02_mir/recover-20220922/UBNA_001/20220921_090000.WAV,Telephone Field,recover-20220922,001,1795
546.0155,546.0239,25468,33840,Eptesicus serotinus,0.007,0.02,-1,Echolocation,/mnt/ubna_data_02_mir/recover-20220922/UBNA_001/20220921_090000.WAV,Telephone Field,recover-20220922,001,1795
546.0325,546.0723,68437,82807,Rhinolophus ferrumequinum,0.021,0.021,-1,Echolocation,/mnt/ubna_data_02_mir/recover-20220922/UBNA_001/20220921_090000.WAV,Telephone Field,recover-20220922,001,1795
546.0405,546.0782,68437,82258,Rhinolophus ferrumequinum,0.02,0.02,-1,Echolocation,/mnt/ubna_data_02_mir/recover-20220922/UBNA_001/20220921_090000.WAV,Telephone Field,recover-20220922,001,1795
546.1555,546.1948,68437,82229,Rhinolophus ferrumequinum,0.02,0.02,-1,Echolocation,/mnt/ubna_data_02_mir/recover-20220922/UBNA_001/20220921_090000.WAV,Telephone Field,recover-20220922,001,1795
546.1895,546.2261,68437,81972,Rhinolophus ferrumequinum,0.022,0.023,-1,Echolocation,/mnt/ubna_data_02_mir/recover-20220922/UBNA_001/20220921_090000.WAV,Telephone Field,recover-20220922,001,1795
546.2015,546.2363,68437,80933,Rhinolophus ferrumequinum,0.023,0.023,-1,Echolocation,/mnt/ubna_data_02_mir/recover-20220922/UBNA_001/20220921_090000.WAV,Telephone Field,recover-20220922,001,1795
546.2255,546.2688,68437,83639,Rhinolophus ferrumequinum,0.043,0.043,-1,Echolocation,/mnt/ubna_data_02_mir/recover-20220922/UBNA_001/20220921_090000.WAV,Telephone Field,recover-20220922,001,1795
546.2585,546.2671,28906,38887,Eptesicus serotinus,0.007,0.021,-1,Echolocation,/mnt/ubna_data_02_mir/recover-20220922/UBNA_001/20220921_090000.WAV,Telephone Field,recover-20220922,001,1795
546.2785,546.3167,68437,82167,Rhinolophus ferrumequinum,0.02,0.02,-1,Echolocation,/mnt/ubna_data_02_mir/recover-20220922/UBNA_001/20220921_090000.WAV,Telephone Field,recover-20220922,001,1795
546.2875,546.2977,39218,44311,Pipistrellus nathusii,0.016,0.032,-1,Echolocation,/mnt/ubna_data_02_mir/recover-20220922/UBNA_001/20220921_090000.WAV,Telephone Field,recover-20220922,001,1795
546.3215,546.3306,23750,31464,Plecotus austriacus,0.007,0.023,-1,Echolocation,/mnt/ubna_data_02_mir/recover-20220922/UBNA_001/20220921_090000.WAV,Telephone Field,recover-20220922,001,1795
546.3415,546.3766,68437,81353,Rhinolophus ferrumequinum,0.021,0.021,-1,Echolocation,/mnt/ubna_data_02_mir/recover-20220922/UBNA_001/20220921_090000.WAV,Telephone Field,recover-20220922,001,1795
546.3475,546.3833,68437,81709,Rhinolophus ferrumequinum,0.021,0.021,-1,Echolocation,/mnt/ubna_data_02_mir/recover-20220922/UBNA_001/20220921_090000.WAV,Telephone Field,recover-20220922,001,1795
546.3515,546.3596,47812,53355,Pipistrellus pipistrellus,0.032,0.035,-1,Echolocation,/mnt/ubna_data_02_mir/recover-20220922/UBNA_001/20220921_090000.WAV,Telephone Field,recover-20220922,001,1795
546.3515,546.3628,22031,26265,Nyctalus leisleri,0.012,0.022,-1,Echolocation,/mnt/ubna_data_02_mir/recover-20220922/UBNA_001/20220921_090000.WAV,Telephone Field,recover-20220922,001,1795
546.3675,546.4069,68437,82347,Rhinolophus ferrumequinum,0.026,0.026,-1,Echolocation,/mnt/ubna_data_02_mir/recover-20220922/UBNA_001/20220921_090000.WAV,Telephone Field,recover-20220922,001,1795
546.3825,546.4218,68437,82109,Rhinolophus ferrumequinum,0.021,0.021,-1,Echolocation,/mnt/ubna_data_02_mir/recover-20220922/UBNA_001/20220921_090000.WAV,Telephone Field,recover-20220922,001,1795
546.3875,546.4291,68437,82531,Rhinolophus ferrumequinum,0.021,0.021,-1,Echolocation,/mnt/ubna_data_02_mir/recover-20220922/UBNA_001/20220921_090000.WAV,Telephone Field,recover-20220922,001,1795
546.3965,546.4374,68437,82958,Rhinolophus ferrumequinum,0.021,0.021,-1,Echolocation,/mnt/ubna_data_02_mir/recover-20220922/UBNA_001/20220921_090000.WAV,Telephone Field,recover-20220922,001,1795
546.4025,546.4422,68437,82276,Rhinolophus ferrumequinum,0.021,0.021,-1,Echolocation,/mnt/ubna_data_02_mir/recover-20220922/UBNA_001/20220921_090000.WAV,Telephone Field,recover-20220922,001,1795
546.4325,546.4522,18593,21110,Nyctalus noctula,0.01,0.02,-1,Echolocation,/mnt/ubna_data_02_mir/recover-20220922/UBNA_001/20220921_090000.WAV,Telephone Field,recover-20220922,001,1795
546.4445,546.4566,55546,60178,Pipistrellus pygmaeus,0.022,0.023,-1,Echolocation,/mnt/ubna_data_02_mir/recover-20220922/UBNA_001/20220921_090000.WAV,Telephone Field,recover-20220922,001,1795
546.4445,546.4796,68437,80629,Rhinolophus ferrumequinum,0.02,0.02,-1,Echolocation,/mnt/ubna_data_02_mir/recover-20220922/UBNA_001/20220921_090000.WAV,Telephone Field,recover-20220922,001,1795
546.4555,546.4629,28906,37904,Eptesicus serotinus,0.07,0.133,-1,Echolocation,/mnt/ubna_data_02_mir/recover-20220922/UBNA_001/20220921_090000.WAV,Telephone Field,recover-20220922,001,1795
546.4565,546.4969,68437,82396,Rhinolophus ferrumequinum,0.021,0.021,-1,Echolocation,/mnt/ubna_data_02_mir/recover-20220922/UBNA_001/20220921_090000.WAV,Telephone Field,recover-20220922,001,1795
546.4725,546.5135,68437,82516,Rhinolophus ferrumequinum,0.023,0.023,-1,Echolocation,/mnt/ubna_data_02_mir/recover-20220922/UBNA_001/20220921_090000.WAV,Telephone Field,recover-20220922,001,1795
546.4735,546.482,28046,39665,Eptesicus serotinus,0.008,0.021,-1,Echolocation,/mnt/ubna_data_02_mir/recover-20220922/UBNA_001/20220921_090000.WAV,Telephone Field,recover-20220922,001,1795
546.5045,546.5446,68437,81447,Rhinolophus ferrumequinum,0.023,0.023,-1,Echolocation,/mnt/ubna_data_02_mir/recover-20220922/UBNA_001/20220921_090000.WAV,Telephone Field,recover-20220922,001,1795
546.5125,546.5478,68437,81145,Rhinolophus ferrumequinum,0.021,0.021,-1,Echolocation,/mnt/ubna_data_02_mir/recover-20220922/UBNA_001/20220921_090000.WAV,Telephone Field,recover-20220922,001,1795
546.5165,546.5332,20312,23102,Nyctalus leisleri,0.013,0.021,-1,Echolocation,/mnt/ubna_data_02_mir/recover-20220922/UBNA_001/20220921_090000.WAV,Telephone Field,recover-20220922,001,1795
546.5285,546.5661,68437,81984,Rhinolophus ferrumequinum,0.024,0.024,-1,Echolocation,/mnt/ubna_data_02_mir/recover-20220922/UBNA_001/20220921_090000.WAV,Telephone Field,recover-20220922,001,1795
546.5295,546.5361,28046,40453,Eptesicus serotinus,0.008,0.027,-1,Echolocation,/mnt/ubna_data_02_mir/recover-20220922/UBNA_001/20220921_090000.WAV,Telephone Field,recover-20220922,001,1795
546.5425,546.5504,22890,30204,Plecotus austriacus,0.008,0.021,-1,Echolocation,/mnt/ubna_data_02_mir/recover-20220922/UBNA_001/20220921_090000.WAV,Telephone Field,recover-20220922,001,1795
546.5445,546.5838,68437,82018,Rhinolophus ferrumequinum,0.021,0.021,-1,Echolocation,/mnt/ubna_data_02_mir/recover-20220922/UBNA_001/20220921_090000.WAV,Telephone Field,recover-20220922,001,1795
546.5775,546.5882,22890,27192,Nyctalus leisleri,0.012,0.022,-1,Echolocation,/mnt/ubna_data_02_mir/recover-20220922/UBNA_001/20220921_090000.WAV,Telephone Field,recover-20220922,001,1795
546.6245,546.664,68437,82263,Rhinolophus ferrumequinum,0.024,0.024,-1,Echolocation,/mnt/ubna_data_02_mir/recover-20220922/UBNA_001/20220921_090000.WAV,Telephone Field,recover-20220922,001,1795
546.6605,546.6696,26328,34147,Eptesicus serotinus,0.02,0.042,-1,Echolocation,/mnt/ubna_data_02_mir/recover-20220922/UBNA_001/20220921_090000.WAV,Telephone Field,recover-20220922,001,1795
546.6895,546.731,68437,82304,Rhinolophus ferrumequinum,0.029,0.029,-1,Echolocation,/mnt/ubna_data_02_mir/recover-20220922/UBNA_001/20220921_090000.WAV,Telephone Field,recover-20220922,001,1795
546.7705,546.8141,68437,83519,Rhinolophus ferrumequinum,0.027,0.027,-1,Echolocation,/mnt/ubna_data_02_mir/recover-20220922/UBNA_001/20220921_090000.WAV,Telephone Field,recover-20220922,001,1795
546.7715,546.7784,27187,42147,Eptesicus serotinus,0.007,0.022,-1,Echolocation,/mnt/ubna_data_02_mir/recover-20220922/UBNA_001/20220921_090000.WAV,Telephone Field,recover-20220922,001,1795
546.8005,546.807,33203,42681,Myotis daubentonii,0.014,0.037,-1,Echolocation,/mnt/ubna_data_02_mir/recover-20220922/UBNA_001/20220921_090000.WAV,Telephone Field,recover-20220922,001,1795
546.8215,546.8309,25468,33544,Eptesicus serotinus,0.013,0.034,-1,Echolocation,/mnt/ubna_data_02_mir/recover-20220922/UBNA_001/20220921_090000.WAV,Telephone Field,recover-20220922,001,1795
546.8265,546.8677,68437,82714,Rhinolophus ferrumequinum,0.035,0.035,-1,Echolocation,/mnt/ubna_data_02_mir/recover-20220922/UBNA_001/20220921_090000.WAV,Telephone Field,recover-20220922,001,1795
546.8325,546.8423,28906,36914,Eptesicus serotinus,0.012,0.024,-1,Echolocation,/mnt/ubna_data_02_mir/recover-20220922/UBNA_001/20220921_090000.WAV,Telephone Field,recover-20220922,001,1795
546.8745,546.9089,68437,81601,Rhinolophus ferrumequinum,0.022,0.023,-1,Echolocation,/mnt/ubna_data_02_mir/recover-20220922/UBNA_001/20220921_090000.WAV,Telephone Field,recover-20220922,001,1795
546.8815,546.9202,68437,81882,Rhinolophus ferrumequinum,0.024,0.024,-1,Echolocation,/mnt/ubna_data_02_mir/recover-20220922/UBNA_001/20220921_090000.WAV,Telephone Field,recover-20220922,001,1795
546.9005,546.914,49531,55273,Pipistrellus pipistrellus,0.042,0.053,-1,Echolocation,/mnt/ubna_data_02_mir/recover-20220922/UBNA_001/20220921_090000.WAV,Telephone Field,recover-20220922,001,1795
546.9035,546.9438,68437,82673,Rhinolophus ferrumequinum,0.03,0.03,-1,Echolocation,/mnt/ubna_data_02_mir/recover-20220922/UBNA_001/20220921_090000.WAV,Telephone Field,recover-20220922,001,1795
546.9145,546.9568,68437,82803,Rhinolophus ferrumequinum,0.037,0.037,-1,Echolocation,/mnt/ubna_data_02_mir/recover-20220922/UBNA_001/20220921_090000.WAV,Telephone Field,recover-20220922,001,1795
546.9425,546.9816,68437,81438,Rhinolophus ferrumequinum,0.021,0.021,-1,Echolocation,/mnt/ubna_data_02_mir/recover-20220922/UBNA_001/20220921_090000.WAV,Telephone Field,recover-20220922,001,1795
546.9495,546.9865,68437,81953,Rhinolophus ferrumequinum,0.02,0.02,-1,Echolocation,/mnt/ubna_data_02_mir/recover-20220922/UBNA_001/20220921_090000.WAV,Telephone Field,recover-20220922,001,1795
546.9565,546.9658,23750,31199,Nyctalus leisleri,0.007,0.025,-1,Echolocation,/mnt/ubna_data_02_mir/recover-20220922/UBNA_001/20220921_090000.WAV,Telephone Field,recover-20220922,001,1795
546.9875,547.0256,68437,81875,Rhinolophus ferrumequinum,0.022,0.022,-1,Echolocation,/mnt/ubna_data_02_mir/recover-20220922/UBNA_001/20220921_090000.WAV,Telephone Field,recover-20220922,001,1795
547.0015,547.0416,68437,82483,Rhinolophus ferrumequinum,0.023,0.023,-1,Echolocation,/mnt/ubna_data_02_mir/recover-20220922/UBNA_001/20220921_090000.WAV,Telephone Field,recover-20220922,001,1795
547.0445,547.0793,68437,81623,Rhinolophus ferrumequinum,0.021,0.021,-1,Echolocation,/mnt/ubna_data_02_mir/recover-20220922/UBNA_001/20220921_090000.WAV,Telephone Field,recover-20220922,001,1795
547.0605,547.0773,21171,24485,Nyctalus leisleri,0.015,0.024,-1,Echolocation,/mnt/ubna_data_02_mir/recover-20220922/UBNA_001/20220921_090000.WAV,Telephone Field,recover-20220922,001,1795
547.0695,547.1074,68437,81383,Rhinolophus ferrumequinum,0.025,0.025,-1,Echolocation,/mnt/ubna_data_02_mir/recover-20220922/UBNA_001/20220921_090000.WAV,Telephone Field,recover-20220922,001,1795
547.1055,547.1485,68437,83153,Rhinolophus ferrumequinum,0.046,0.046,-1,Echolocation,/mnt/ubna_data_02_mir/recover-20220922/UBNA_001/20220921_090000.WAV,Telephone Field,recover-20220922,001,1795
547.1065,547.1175,23750,30120,Nyctalus leisleri,0.012,0.028,-1,Echolocation,/mnt/ubna_data_02_mir/recover-20220922/UBNA_001/20220921_090000.WAV,Telephone Field,recover-20220922,001,1795
547.1275,547.1647,68437,82165,Rhinolophus ferrumequinum,0.021,0.021,-1,Echolocation,/mnt/ubna_data_02_mir/recover-20220922/UBNA_001/20220921_090000.WAV,Telephone Field,recover-20220922,001,1795
547.1565,547.1965,68437,82520,Rhinolophus ferrumequinum,0.022,0.022,-1,Echolocation,/mnt/ubna_data_02_mir/recover-20220922/UBNA_001/20220921_090000.WAV,Telephone Field,recover-20220922,001,1795
547.1705,547.178,23750,31803,Plecotus austriacus,0.007,0.021,-1,Echolocation,/mnt/ubna_data_02_mir/recover-20220922/UBNA_001/20220921_090000.WAV,Telephone Field,recover-20220922,001,1795
547.1895,547.2256,68437,81764,Rhinolophus ferrumequinum,0.022,0.022,-1,Echolocation,/mnt/ubna_data_02_mir/recover-20220922/UBNA_001/20220921_090000.WAV,Telephone Field,recover-20220922,001,1795
547.2065,547.2432,68437,82143,Rhinolophus ferrumequinum,0.022,0.022,-1,Echolocation,/mnt/ubna_data_02_mir/recover-20220922/UBNA_001/20220921_090000.WAV,Telephone Field,recover-20220922,001,1795
547.2125,547.2193,45234,52641,Pipistrellus pipistrellus,0.018,0.022,-1,Echolocation,/mnt/ubna_data_02_mir/recover-20220922/UBNA_001/20220921_090000.WAV,Telephone Field,recover-20220922,001,1795
547.2625,547.3015,68437,81419,Rhinolophus ferrumequinum,0.033,0.033,-1,Echolocation,/mnt/ubna_data_02_mir/recover-20220922/UBNA_001/20220921_090000.WAV,Telephone Field,recover-20220922,001,1795
547.2915,547.3298,68437,81322,Rhinolophus ferrumequinum,0.021,0.021,-1,Echolocation,/mnt/ubna_data_02_mir/recover-20220922/UBNA_001/20220921_090000.WAV,Telephone Field,recover-20220922,001,1795
547.3145,547.3257,35781,41069,Pipistrellus nathusii,0.012,0.026,-1,Echolocation,/mnt/ubna_data_02_mir/recover-20220922/UBNA_001/20220921_090000.WAV,Telephone Field,recover-20220922,001,1795
547.3155,547.3232,23750,32344,Plecotus austriacus,0.009,0.022,-1,Echolocation,/mnt/ubna_data_02_mir/recover-20220922/UBNA_001/20220921_090000.WAV,Telephone Field,recover-20220922,001,1795
547.3155,547.3237,28046,37825,Eptesicus serotinus,0.008,0.023,-1,Echolocation,/mnt/ubna_data_02_mir/recover-20220922/UBNA_001/20220921_090000.WAV,Telephone Field,recover-20220922,001,1795
547.3565,547.3934,68437,81615,Rhinolophus ferrumequinum,0.021,0.021,-1,Echolocation,/mnt/ubna_data_02_mir/recover-20220922/UBNA_001/20220921_090000.WAV,Telephone Field,recover-20220922,001,1795
547.3955,547.4346,68437,81952,Rhinolophus ferrumequinum,0.024,0.024,-1,Echolocation,/mnt/ubna_data_02_mir/recover-20220922/UBNA_001/20220921_090000.WAV,Telephone Field,recover-20220922,001,1795
547.4475,547.4815,68437,81416,Rhinolophus ferrumequinum,0.026,0.026,-1,Echolocation,/mnt/ubna_data_02_mir/recover-20220922/UBNA_001/20220921_090000.WAV,Telephone Field,recover-20220922,001,1795
547.4655,547.5101,68437,83261,Rhinolophus ferrumequinum,0.033,0.033,-1,Echolocation,/mnt/ubna_data_02_mir/recover-20220922/UBNA_001/20220921_090000.WAV,Telephone Field,recover-20220922,001,1795
547.4675,547.4792,22031,26595,Nyctalus leisleri,0.012,0.023,-1,Echolocation,/mnt/ubna_data_02_mir/recover-20220922/UBNA_001/20220921_090000.WAV,Telephone Field,recover-20220922,001,1795
547.4775,547.5195,68437,82928,Rhinolophus ferrumequinum,0.025,0.025,-1,Echolocation,/mnt/ubna_data_02_mir/recover-20220922/UBNA_001/20220921_090000.WAV,Telephone Field,recover-20220922,001,1795
547.4945,547.5029,28046,38137,Eptesicus serotinus,0.01,0.024,-1,Echolocation,/mnt/ubna_data_02_mir/recover-20220922/UBNA_001/20220921_090000.WAV,Telephone Field,recover-20220922,001,1795
547.4965,547.5028,51250,56697,Pipistrellus pipistrellus,0.024,0.027,-1,Echolocation,/mnt/ubna_data_02_mir/recover-20220922/UBNA_001/20220921_090000.WAV,Telephone Field,recover-20220922,001,1795
547.5585,547.5988,68437,82337,Rhinolophus ferrumequinum,0.024,0.024,-1,Echolocation,/mnt/ubna_data_02_mir/recover-20220922/UBNA_001/20220921_090000.WAV,Telephone Field,recover-20220922,001,1795
547.5705,547.6102,68437,82443,Rhinolophus ferrumequinum,0.025,0.025,-1,Echolocation,/mnt/ubna_data_02_mir/recover-20220922/UBNA_001/20220921_090000.WAV,Telephone Field,recover-20220922,001,1795
547.5845,547.6239,68437,80473,Rhinolophus ferrumequinum,0.021,0.021,-1,Echolocation,/mnt/ubna_data_02_mir/recover-20220922/UBNA_001/20220921_090000.WAV,Telephone Field,recover-20220922,001,1795
547.6115,547.6191,27187,35937,Eptesicus serotinus,0.018,0.044,-1,Echolocation,/mnt/ubna_data_02_mir/recover-20220922/UBNA_001/20220921_090000.WAV,Telephone Field,recover-20220922,001,1795
547.6195,547.6593,68437,82493,Rhinolophus ferrumequinum,0.024,0.024,-1,Echolocation,/mnt/ubna_data_02_mir/recover-20220922/UBNA_001/20220921_090000.WAV,Telephone Field,recover-20220922,001,1795
547.6305,547.6407,23750,30162,Nyctalus leisleri,0.01,0.026,-1,Echolocation,/mnt/ubna_data_02_mir/recover-20220922/UBNA_001/20220921_090000.WAV,Telephone Field,recover-20220922,001,1795
547.6475,547.6818,68437,80914,Rhinolophus ferrumequinum,0.022,0.022,-1,Echolocation,/mnt/ubna_data_02_mir/recover-20220922/UBNA_001/20220921_090000.WAV,Telephone Field,recover-20220922,001,1795
547.6685,547.7077,68437,81718,Rhinolophus ferrumequinum,0.022,0.022,-1,Echolocation,/mnt/ubna_data_02_mir/recover-20220922/UBNA_001/20220921_090000.WAV,Telephone Field,recover-20220922,001,1795
547.6775,547.7172,68437,82275,Rhinolophus ferrumequinum,0.024,0.024,-1,Echolocation,/mnt/ubna_data_02_mir/recover-20220922/UBNA_001/20220921_090000.WAV,Telephone Field,recover-20220922,001,1795
547.7185,547.7298,22031,27416,Nyctalus leisleri,0.011,0.025,-1,Echolocation,/mnt/ubna_data_02_mir/recover-20220922/UBNA_001/20220921_090000.WAV,Telephone Field,recover-20220922,001,1795
547.7355,547.7781,68437,83023,Rhinolophus ferrumequinum,0.029,0.029,-1,Echolocation,/mnt/ubna_data_02_mir/recover-20220922/UBNA_001/20220921_090000.WAV,Telephone Field,recover-20220922,001,1795
547.7495,547.7844,68437,81375,Rhinolophus ferrumequinum,0.021,0.021,-1,Echolocation,/mnt/ubna_data_02_mir/recover-20220922/UBNA_001/20220921_090000.WAV,Telephone Field,recover-20220922,001,1795
547.7555,547.7631,48671,52827,Pipistrellus pipistrellus,0.025,0.027,-1,Echolocation,/mnt/ubna_data_02_mir/recover-20220922/UBNA_001/20220921_090000.WAV,Telephone Field,recover-20220922,001,1795
547.7555,547.7632,28046,39835,Eptesicus serotinus,0.006,0.02,-1,Echolocation,/mnt/ubna_data_02_mir/recover-20220922/UBNA_001/20220921_090000.WAV,Telephone Field,recover-20220922,001,1795
547.7565,547.7932,68437,81897,Rhinolophus ferrumequinum,0.025,0.025,-1,Echolocation,/mnt/ubna_data_02_mir/recover-20220922/UBNA_001/20220921_090000.WAV,Telephone Field,recover-20220922,001,1795
547.7665,547.8063,68437,82061,Rhinolophus ferrumequinum,0.025,0.025,-1,Echolocation,/mnt/ubna_data_02_mir/recover-20220922/UBNA_001/20220921_090000.WAV,Telephone Field,recover-20220922,001,1795
547.7765,547.816,68437,82597,Rhinolophus ferrumequinum,0.022,0.022,-1,Echolocation,/mnt/ubna_data_02_mir/recover-20220922/UBNA_001/20220921_090000.WAV,Telephone Field,recover-20220922,001,1795
547.8215,547.8613,68437,82865,Rhinolophus ferrumequinum,0.023,0.023,-1,Echolocation,/mnt/ubna_data_02_mir/recover-20220922/UBNA_001/20220921_090000.WAV,Telephone Field,recover-20220922,001,1795
547.8355,547.8448,28906,37921,Eptesicus serotinus,0.008,0.021,-1,Echolocation,/mnt/ubna_data_02_mir/recover-20220922/UBNA_001/20220921_090000.WAV,Telephone Field,recover-20220922,001,1795
547.8435,547.8782,68437,81653,Rhinolophus ferrumequinum,0.025,0.025,-1,Echolocation,/mnt/ubna_data_02_mir/recover-20220922/UBNA_001/20220921_090000.WAV,Telephone Field,recover-20220922,001,1795
547.8585,547.8665,27187,36738,Eptesicus serotinus,0.01,0.026,-1,Echolocation,/mnt/ubna_data_02_mir/recover-20220922/UBNA_001/20220921_090000.WAV,Telephone Field,recover-20220922,001,1795
547.8715,547.9096,68437,81653,Rhinolophus ferrumequinum,0.02,0.02,-1,Echolocation,/mnt/ubna_data_02_mir/recover-20220922/UBNA_001/20220921_090000.WAV,Telephone Field,recover-20220922,001,1795
547.9195,547.9569,68437,81742,Rhinolophus ferrumequinum,0.02,0.02,-1,Echolocation,/mnt/ubna_data_02_mir/recover-20220922/UBNA_001/20220921_090000.WAV,Telephone Field,recover-20220922,001,1795
547.9415,547.976,68437,82093,Rhinolophus ferrumequinum,0.025,0.025,-1,Echolocation,/mnt/ubna_data_02_mir/recover-20220922/UBNA_001/20220921_090000.WAV,Telephone Field,recover-20220922,001,1795
547.9515,547.9884,68437,82114,Rhinolophus ferrumequinum,0.026,0.026,-1,Echolocation,/mnt/ubna_data_02_mir/recover-20220922/UBNA_001/20220921_090000.WAV,Telephone Field,recover-20220922,001,1795
547.9605,547.9993,68437,81584,Rhinolophus ferrumequinum,0.022,0.023,-1,Echolocation,/mnt/ubna_data_02_mir/recover-20220922/UBNA_001/20220921_090000.WAV,Telephone Field,recover-20220922,001,1795
547.9695,547.9775,28046,38913,Eptesicus serotinus,0.007,0.022,-1,Echolocation,/mnt/ubna_data_02_mir/recover-20220922/UBNA_001/20220921_090000.WAV,Telephone Field,recover-20220922,001,1795
547.9845,547.9943,24609,32754,Eptesicus serotinus,0.007,0.021,-1,Echolocation,/mnt/ubna_data_02_mir/recover-20220922/UBNA_001/20220921_090000.WAV,Telephone Field,recover-20220922,001,1795
548.0015,548.0116,24609,30963,Nyctalus leisleri,0.017,0.035,-1,Echolocation,/mnt/ubna_data_02_mir/recover-20220922/UBNA_001/20220921_090000.WAV,Telephone Field,recover-20220922,001,1795
548.0015,548.0347,68437,79888,Rhinolophus ferrumequinum,0.027,0.028,-1,Echolocation,/mnt/ubna_data_02_mir/recover-20220922/UBNA_001/20220921_090000.WAV,Telephone Field,recover-20220922,001,1795
548.0025,548.0161,40078,44815,Pipistrellus nathusii,0.018,0.043,-1,Echolocation,/mnt/ubna_data_02_mir/recover-20220922/UBNA_001/20220921_090000.WAV,Telephone Field,recover-20220922,001,1795
548.0065,548.0167,28046,37459,Eptesicus serotinus,0.008,0.022,-1,Echolocation,/mnt/ubna_data_02_mir/recover-20220922/UBNA_001/20220921_090000.WAV,Telephone Field,recover-20220922,001,1795
548.0075,548.0468,68437,81886,Rhinolophus ferrumequinum,0.028,0.028,-1,Echolocation,/mnt/ubna_data_02_mir/recover-20220922/UBNA_001/20220921_090000.WAV,Telephone Field,recover-20220922,001,1795
548.0585,548.0958,68437,82312,Rhinolophus ferrumequinum,0.026,0.026,-1,Echolocation,/mnt/ubna_data_02_mir/recover-20220922/UBNA_001/20220921_090000.WAV,Telephone Field,recover-20220922,001,1795
548.0665,548.1043,68437,81490,Rhinolophus ferrumequinum,0.021,0.021,-1,Echolocation,/mnt/ubna_data_02_mir/recover-20220922/UBNA_001/20220921_090000.WAV,Telephone Field,recover-20220922,001,1795
548.0845,548.0958,22890,27279,Nyctalus leisleri,0.013,0.024,-1,Echolocation,/mnt/ubna_data_02_mir/recover-20220922/UBNA_001/20220921_090000.WAV,Telephone Field,recover-20220922,001,1795
548.1105,548.1492,68437,81911,Rhinolophus ferrumequinum,0.025,0.025,-1,Echolocation,/mnt/ubna_data_02_mir/recover-20220922/UBNA_001/20220921_090000.WAV,Telephone Field,recover-20220922,001,1795
548.1115,548.1321,18593,21343,Nyctalus leisleri,0.018,0.037,-1,Echolocation,/mnt/ubna_data_02_mir/recover-20220922/UBNA_001/20220921_090000.WAV,Telephone Field,recover-20220922,001,1795
548.1465,548.1846,68437,81810,Rhinolophus ferrumequinum,0.021,0.021,-1,Echolocation,/mnt/ubna_data_02_mir/recover-20220922/UBNA_001/20220921_090000.WAV,Telephone Field,recover-20220922,001,1795
548.1525,548.1633,22031,26040,Nyctalus leisleri,0.012,0.021,-1,Echolocation,/mnt/ubna_data_02_mir/recover-20220922/UBNA_001/20220921_090000.WAV,Telephone Field,recover-20220922,001,1795
548.1605,548.1984,68437,82248,Rhinolophus ferrumequinum,0.022,0.022,-1,Echolocation,/mnt/ubna_data_02_mir/recover-20220922/UBNA_001/20220921_090000.WAV,Telephone Field,recover-20220922,001,1795
548.1905,548.1984,28046,37126,Eptesicus serotinus,0.01,0.027,-1,Echolocation,/mnt/ubna_data_02_mir/recover-20220922/UBNA_001/20220921_090000.WAV,Telephone Field,recover-20220922,001,1795
548.2145,548.2529,68437,81884,Rhinolophus ferrumequinum,0.021,0.021,-1,Echolocation,/mnt/ubna_data_02_mir/recover-20220922/UBNA_001/20220921_090000.WAV,Telephone Field,recover-20220922,001,1795
548.2375,548.2744,68437,82017,Rhinolophus ferrumequinum,0.021,0.021,-1,Echolocation,/mnt/ubna_data_02_mir/recover-20220922/UBNA_001/20220921_090000.WAV,Telephone Field,recover-20220922,001,1795
548.2585,548.3,68437,82256,Rhinolophus ferrumequinum,0.023,0.023,-1,Echolocation,/mnt/ubna_data_02_mir/recover-20220922/UBNA_001/20220921_090000.WAV,Telephone Field,recover-20220922,001,1795
548.2605,548.2697000000001,22890,30057,Nyctalus leisleri,0.007,0.022,-1,Echolocation,/mnt/ubna_data_02_mir/recover-20220922/UBNA_001/20220921_090000.WAV,Telephone Field,recover-20220922,001,1795
548.3035,548.3419,68437,82071,Rhinolophus ferrumequinum,0.023,0.023,-1,Echolocation,/mnt/ubna_data_02_mir/recover-20220922/UBNA_001/20220921_090000.WAV,Telephone Field,recover-20220922,001,1795
548.3155,548.355,68437,82328,Rhinolophus ferrumequinum,0.023,0.023,-1,Echolocation,/mnt/ubna_data_02_mir/recover-20220922/UBNA_001/20220921_090000.WAV,Telephone Field,recover-20220922,001,1795
548.3375,548.375,68437,82333,Rhinolophus ferrumequinum,0.024,0.024,-1,Echolocation,/mnt/ubna_data_02_mir/recover-20220922/UBNA_001/20220921_090000.WAV,Telephone Field,recover-20220922,001,1795
548.3775,548.4218,68437,83310,Rhinolophus ferrumequinum,0.042,0.042,-1,Echolocation,/mnt/ubna_data_02_mir/recover-20220922/UBNA_001/20220921_090000.WAV,Telephone Field,recover-20220922,001,1795
548.4075,548.4169,28906,39930,Eptesicus serotinus,0.008,0.021,-1,Echolocation,/mnt/ubna_data_02_mir/recover-20220922/UBNA_001/20220921_090000.WAV,Telephone Field,recover-20220922,001,1795
548.4345,548.4749,68437,82333,Rhinolophus ferrumequinum,0.026,0.026,-1,Echolocation,/mnt/ubna_data_02_mir/recover-20220922/UBNA_001/20220921_090000.WAV,Telephone Field,recover-20220922,001,1795
548.4505,548.4585,28046,38308,Eptesicus serotinus,0.007,0.021,-1,Echolocation,/mnt/ubna_data_02_mir/recover-20220922/UBNA_001/20220921_090000.WAV,Telephone Field,recover-20220922,001,1795
548.4915,548.5302,68437,82500,Rhinolophus ferrumequinum,0.022,0.022,-1,Echolocation,/mnt/ubna_data_02_mir/recover-20220922/UBNA_001/20220921_090000.WAV,Telephone Field,recover-20220922,001,1795
548.5025,548.5412,68437,82309,Rhinolophus ferrumequinum,0.021,0.021,-1,Echolocation,/mnt/ubna_data_02_mir/recover-20220922/UBNA_001/20220921_090000.WAV,Telephone Field,recover-20220922,001,1795
548.5115,548.55,68437,82537,Rhinolophus ferrumequinum,0.022,0.022,-1,Echolocation,/mnt/ubna_data_02_mir/recover-20220922/UBNA_001/20220921_090000.WAV,Telephone Field,recover-20220922,001,1795
548.5215,548.5286,27187,39549,Eptesicus serotinus,0.006,0.022,-1,Echolocation,/mnt/ubna_data_02_mir/recover-20220922/UBNA_001/20220921_090000.WAV,Telephone Field,recover-20220922,001,1795
548.5265,548.5637,68437,81776,Rhinolophus ferrumequinum,0.021,0.021,-1,Echolocation,/mnt/ubna_data_02_mir/recover-20220922/UBNA_001/20220921_090000.WAV,Telephone Field,recover-20220922,001,1795
548.5335,548.5721,68437,82085,Rhinolophus ferrumequinum,0.023,0.023,-1,Echolocation,/mnt/ubna_data_02_mir/recover-20220922/UBNA_001/20220921_090000.WAV,Telephone Field,recover-20220922,001,1795
548.5795,548.6152,68437,81809,Rhinolophus ferrumequinum,0.022,0.022,-1,Echolocation,/mnt/ubna_data_02_mir/recover-20220922/UBNA_001/20220921_090000.WAV,Telephone Field,recover-20220922,001,1795
548.5875,548.6276,68437,82500,Rhinolophus ferrumequinum,0.02,0.02,-1,Echolocation,/mnt/ubna_data_02_mir/recover-20220922/UBNA_001/20220921_090000.WAV,Telephone Field,recover-20220922,001,1795
548.6175,548.6578,68437,82247,Rhinolophus ferrumequinum,0.024,0.024,-1,Echolocation,/mnt/ubna_data_02_mir/recover-20220922/UBNA_001/20220921_090000.WAV,Telephone Field,recover-20220922,001,1795
548.6185,548.6295,21171,25700,Nyctalus leisleri,0.011,0.022,-1,Echolocation,/mnt/ubna_data_02_mir/recover-20220922/UBNA_001/20220921_090000.WAV,Telephone Field,recover-20220922,001,1795
548.6245,548.6626,68437,81602,Rhinolophus ferrumequinum,0.022,0.022,-1,Echolocation,/mnt/ubna_data_02_mir/recover-20220922/UBNA_001/20220921_090000.WAV,Telephone Field,recover-20220922,001,1795
548.6415,548.6545,23750,29520,Nyctalus leisleri,0.011,0.026,-1,Echolocation,/mnt/ubna_data_02_mir/recover-20220922/UBNA_001/20220921_090000.WAV,Telephone Field,recover-20220922,001,1795
548.6785,548.7179,68437,82408,Rhinolophus ferrumequinum,0.024,0.024,-1,Echolocation,/mnt/ubna_data_02_mir/recover-20220922/UBNA_001/20220921_090000.WAV,Telephone Field,recover-20220922,001,1795
548.6915,548.7013,28046,35395,Eptesicus serotinus,0.082,0.129,-1,Echolocation,/mnt/ubna_data_02_mir/recover-20220922/UBNA_001/20220921_090000.WAV,Telephone Field,recover-20220922,001,1795
548.7295,548.7631,68437,80404,Rhinolophus ferrumequinum,0.02,0.02,-1,Echolocation,/mnt/ubna_data_02_mir/recover-20220922/UBNA_001/20220921_090000.WAV,Telephone Field,recover-20220922,001,1795
548.7365,548.7737,68437,81711,Rhinolophus ferrumequinum,0.02,0.02,-1,Echolocation,/mnt/ubna_data_02_mir/recover-20220922/UBNA_001/20220921_090000.WAV,Telephone Field,recover-20220922,001,1795
548.7885,548.8252,68437,81363,Rhinolophus ferrumequinum,0.021,0.021,-1,Echolocation,/mnt/ubna_data_02_mir/recover-20220922/UBNA_001/20220921_090000.WAV,Telephone Field,recover-20220922,001,1795
548.8115,548.8499,68437,82419,Rhinolophus ferrumequinum,0.03,0.03,-1,Echolocation,/mnt/ubna_data_02_mir/recover-20220922/UBNA_001/20220921_090000.WAV,Telephone Field,recover-20220922,001,1795
548.8315,548.8389,27187,36769,Eptesicus serotinus,0.009,0.025,-1,Echolocation,/mnt/ubna_data_02_mir/recover-20220922/UBNA_001/20220921_090000.WAV,Telephone Field,recover-20220922,001,1795
548.8425,548.8535,28046,34858,Eptesicus serotinus,0.01,0.02,-1,Echolocation,/mnt/ubna_data_02_mir/recover-20220922/UBNA_001/20220921_090000.WAV,Telephone Field,recover-20220922,001,1795
548.8565,548.8941,68437,82015,Rhinolophus ferrumequinum,0.02,0.02,-1,Echolocation,/mnt/ubna_data_02_mir/recover-20220922/UBNA_001/20220921_090000.WAV,Telephone Field,recover-20220922,001,1795
548.8585,548.8719,22890,27586,Nyctalus leisleri,0.014,0.026,-1,Echolocation,/mnt/ubna_data_02_mir/recover-20220922/UBNA_001/20220921_090000.WAV,Telephone Field,recover-20220922,001,1795
548.8655,548.8768,22031,25638,Nyctalus leisleri,0.015,0.026,-1,Echolocation,/mnt/ubna_data_02_mir/recover-20220922/UBNA_001/20220921_090000.WAV,Telephone Field,recover-20220922,001,1795
548.8805,548.8934,54687,59320,Pipistrellus pygmaeus,0.022,0.024,-1,Echolocation,/mnt/ubna_data_02_mir/recover-20220922/UBNA_001/20220921_090000.WAV,Telephone Field,recover-20220922,001,1795
548.8945,548.9296,68437,80830,Rhinolophus ferrumequinum,0.02,0.02,-1,Echolocation,/mnt/ubna_data_02_mir/recover-20220922/UBNA_001/20220921_090000.WAV,Telephone Field,recover-20220922,001,1795
548.9085,548.9446,68437,81833,Rhinolophus ferrumequinum,0.021,0.021,-1,Echolocation,/mnt/ubna_data_02_mir/recover-20220922/UBNA_001/20220921_090000.WAV,Telephone Field,recover-20220922,001,1795
548.9145,548.953,68437,81577,Rhinolophus ferrumequinum,0.021,0.021,-1,Echolocation,/mnt/ubna_data_02_mir/recover-20220922/UBNA_001/20220921_090000.WAV,Telephone Field,recover-20220922,001,1795
548.9225,548.9325,28046,34546,Eptesicus serotinus,0.011,0.023,-1,Echolocation,/mnt/ubna_data_02_mir/recover-20220922/UBNA_001/20220921_090000.WAV,Telephone Field,recover-20220922,001,1795
548.9285,548.9654,68437,81882,Rhinolophus ferrumequinum,0.022,0.022,-1,Echolocation,/mnt/ubna_data_02_mir/recover-20220922/UBNA_001/20220921_090000.WAV,Telephone Field,recover-20220922,001,1795
548.9505,548.9914,68437,82749,Rhinolophus ferrumequinum,0.028,0.029,-1,Echolocation,/mnt/ubna_data_02_mir/recover-20220922/UBNA_001/20220921_090000.WAV,Telephone Field,recover-20220922,001,1795
548.9715,548.9823,14296,18477,Nyctalus noctula,0.015,0.028,-1,Echolocation,/mnt/ubna_data_02_mir/recover-20220922/UBNA_001/20220921_090000.WAV,Telephone Field,recover-20220922,001,1795
549.0165,549.0617,68437,83462,Rhinolophus ferrumequinum,0.041,0.041,-1,Echolocation,/mnt/ubna_data_02_mir/recover-20220922/UBNA_001/20220921_090000.WAV,Telephone Field,recover-20220922,001,1795
549.0305,549.039,26328,34674,Eptesicus serotinus,0.008,0.021,-1,Echolocation,/mnt/ubna_data_02_mir/recover-20220922/UBNA_001/20220921_090000.WAV,Telephone Field,recover-20220922,001,1795
549.0945,549.1068,24609,30637,Nyctalus leisleri,0.012,0.031,-1,Echolocation,/mnt/ubna_data_02_mir/recover-20220922/UBNA_001/20220921_090000.WAV,Telephone Field,recover-20220922,001,1795
549.0965,549.1369,68437,83009,Rhinolophus ferrumequinum,0.025,0.025,-1,Echolocation,/mnt/ubna_data_02_mir/recover-20220922/UBNA_001/20220921_090000.WAV,Telephone Field,recover-20220922,001,1795
549.1055,549.1416,68437,81825,Rhinolophus ferrumequinum,0.022,0.022,-1,Echolocation,/mnt/ubna_data_02_mir/recover-20220922/UBNA_001/20220921_090000.WAV,Telephone Field,recover-20220922,001,1795
549.1175,549.1556,68437,82240,Rhinolophus ferrumequinum,0.022,0.022,-1,Echolocation,/mnt/ubna_data_02_mir/recover-20220922/UBNA_001/20220921_090000.WAV,Telephone Field,recover-20220922,001,1795
549.1295,549.1651,68437,81388,Rhinolophus ferrumequinum,0.021,0.021,-1,Echolocation,/mnt/ubna_data_02_mir/recover-20220922/UBNA_001/20220921_090000.WAV,Telephone Field,recover-20220922,001,1795
549.1405,549.1508,28906,36541,Eptesicus serotinus,0.01,0.023,-1,Echolocation,/mnt/ubna_data_02_mir/recover-20220922/UBNA_001/20220921_090000.WAV,Telephone Field,recover-20220922,001,1795
549.1435,549.1771,68437,80094,Rhinolophus ferrumequinum,0.028,0.028,-1,Echolocation,/mnt/ubna_data_02_mir/recover-20220922/UBNA_001/20220921_090000.WAV,Telephone Field,recover-20220922,001,1795
549.1675,549.1754,55546,59824,Pipistrellus pygmaeus,0.022,0.022,-1,Echolocation,/mnt/ubna_data_02_mir/recover-20220922/UBNA_001/20220921_090000.WAV,Telephone Field,recover-20220922,001,1795
549.2075,549.2464,68437,82211,Rhinolophus ferrumequinum,0.02,0.02,-1,Echolocation,/mnt/ubna_data_02_mir/recover-20220922/UBNA_001/20220921_090000.WAV,Telephone Field,recover-20220922,001,1795
549.2265,549.2333,22890,33100,Plecotus austriacus,0.018,0.033,-1,Echolocation,/mnt/ubna_data_02_mir/recover-20220922/UBNA_001/20220921_090000.WAV,Telephone Field,recover-20220922,001,1795
549.2265,549.2632,68437,81422,Rhinolophus ferrumequinum,0.021,0.021,-1,Echolocation,/mnt/ubna_data_02_mir/recover-20220922/UBNA_001/20220921_090000.WAV,Telephone Field,recover-20220922,001,1795
549.2525,549.2899,68437,81801,Rhinolophus ferrumequinum,0.021,0.021,-1,Echolocation,/mnt/ubna_data_02_mir/recover-20220922/UBNA_001/20220921_090000.WAV,Telephone Field,recover-20220922,001,1795
549.2585,549.2696,22890,27753,Nyctalus leisleri,0.01,0.021,-1,Echolocation,/mnt/ubna_data_02_mir/recover-20220922/UBNA_001/20220921_090000.WAV,Telephone Field,recover-20220922,001,1795
549.2685,549.307,68437,81483,Rhinolophus ferrumequinum,0.023,0.023,-1,Echolocation,/mnt/ubna_data_02_mir/recover-20220922/UBNA_001/20220921_090000.WAV,Telephone Field,recover-20220922,001,1795
549.2705,549.2801,28906,37927,Eptesicus serotinus,0.009,0.022,-1,Echolocation,/mnt/ubna_data_02_mir/recover-20220922/UBNA_001/20220921_090000.WAV,Telephone Field,recover-20220922,001,1795
549.2785,549.2865,28906,38999,Eptesicus serotinus,0.007,0.021,-1,Echolocation,/mnt/ubna_data_02_mir/recover-20220922/UBNA_001/20220921_090000.WAV,Telephone Field,recover-20220922,001,1795
549.2955,549.3364,68437,82684,Rhinolophus ferrumequinum,0.025,0.025,-1,Echolocation,/mnt/ubna_data_02_mir/recover-20220922/UBNA_001/20220921_090000.WAV,Telephone Field,recover-20220922,001,1795
549.3085,549.3175,28906,38285,Eptesicus serotinus,0.008,0.022,-1,Echolocation,/mnt/ubna_data_02_mir/recover-20220922/UBNA_001/20220921_090000.WAV,Telephone Field,recover-20220922,001,1795
549.3165,549.3278,22031,26323,Nyctalus leisleri,0.011,0.021,-1,Echolocation,/mnt/ubna_data_02_mir/recover-20220922/UBNA_001/20220921_090000.WAV,Telephone Field,recover-20220922,001,1795
549.3415,549.3788,68437,80992,Rhinolophus ferrumequinum,0.02,0.02,-1,Echolocation,/mnt/ubna_data_02_mir/recover-20220922/UBNA_001/20220921_090000.WAV,Telephone Field,recover-20220922,001,1795
549.3475,549.3552999999999,28046,40874,Eptesicus serotinus,0.008,0.025,-1,Echolocation,/mnt/ubna_data_02_mir/recover-20220922/UBNA_001/20220921_090000.WAV,Telephone Field,recover-20220922,001,1795
549.3905,549.4267,68437,81377,Rhinolophus ferrumequinum,0.023,0.023,-1,Echolocation,/mnt/ubna_data_02_mir/recover-20220922/UBNA_001/20220921_090000.WAV,Telephone Field,recover-20220922,001,1795
549.4585,549.4973,68437,81888,Rhinolophus ferrumequinum,0.022,0.022,-1,Echolocation,/mnt/ubna_data_02_mir/recover-20220922/UBNA_001/20220921_090000.WAV,Telephone Field,recover-20220922,001,1795
549.4595,549.4672,22890,30327,Plecotus austriacus,0.01,0.021,-1,Echolocation,/mnt/ubna_data_02_mir/recover-20220922/UBNA_001/20220921_090000.WAV,Telephone Field,recover-20220922,001,1795
549.4595,549.4666,28906,39260,Eptesicus serotinus,0.006,0.021,-1,Echolocation,/mnt/ubna_data_02_mir/recover-20220922/UBNA_001/20220921_090000.WAV,Telephone Field,recover-20220922,001,1795
549.4785,549.5156,68437,81786,Rhinolophus ferrumequinum,0.021,0.021,-1,Echolocation,/mnt/ubna_data_02_mir/recover-20220922/UBNA_001/20220921_090000.WAV,Telephone Field,recover-20220922,001,1795
549.4995,549.5089,27187,37381,Eptesicus serotinus,0.009,0.022,-1,Echolocation,/mnt/ubna_data_02_mir/recover-20220922/UBNA_001/20220921_090000.WAV,Telephone Field,recover-20220922,001,1795
549.5065,549.5438,68437,82388,Rhinolophus ferrumequinum,0.026,0.026,-1,Echolocation,/mnt/ubna_data_02_mir/recover-20220922/UBNA_001/20220921_090000.WAV,Telephone Field,recover-20220922,001,1795
549.5185,549.5583,68437,82600,Rhinolophus ferrumequinum,0.021,0.021,-1,Echolocation,/mnt/ubna_data_02_mir/recover-20220922/UBNA_001/20220921_090000.WAV,Telephone Field,recover-20220922,001,1795
549.5235,549.5335,22031,27299,Nyctalus leisleri,0.01,0.022,-1,Echolocation,/mnt/ubna_data_02_mir/recover-20220922/UBNA_001/20220921_090000.WAV,Telephone Field,recover-20220922,001,1795
549.5325,549.5755,68437,83157,Rhinolophus ferrumequinum,0.03,0.03,-1,Echolocation,/mnt/ubna_data_02_mir/recover-20220922/UBNA_001/20220921_090000.WAV,Telephone Field,recover-20220922,001,1795
549.5525,549.5934,68437,82765,Rhinolophus ferrumequinum,0.023,0.023,-1,Echolocation,/mnt/ubna_data_02_mir/recover-20220922/UBNA_001/20220921_090000.WAV,Telephone Field,recover-20220922,001,1795
549.5635,549.5717,23750,31212,Plecotus austriacus,0.007,0.02,-1,Echolocation,/mnt/ubna_data_02_mir/recover-20220922/UBNA_001/20220921_090000.WAV,Telephone Field,recover-20220922,001,1795
549.5725,549.6131,68437,82508,Rhinolophus ferrumequinum,0.021,0.021,-1,Echolocation,/mnt/ubna_data_02_mir/recover-20220922/UBNA_001/20220921_090000.WAV,Telephone Field,recover-20220922,001,1795
549.5885,549.5993,24609,31758,Nyctalus leisleri,0.013,0.033,-1,Echolocation,/mnt/ubna_data_02_mir/recover-20220922/UBNA_001/20220921_090000.WAV,Telephone Field,recover-20220922,001,1795
549.6105,549.6484,68437,81711,Rhinolophus ferrumequinum,0.021,0.021,-1,Echolocation,/mnt/ubna_data_02_mir/recover-20220922/UBNA_001/20220921_090000.WAV,Telephone Field,recover-20220922,001,1795
549.6295,549.665,68437,80968,Rhinolophus ferrumequinum,0.02,0.02,-1,Echolocation,/mnt/ubna_data_02_mir/recover-20220922/UBNA_001/20220921_090000.WAV,Telephone Field,recover-20220922,001,1795
549.6295,549.6378,28046,38827,Eptesicus serotinus,0.008,0.022,-1,Echolocation,/mnt/ubna_data_02_mir/recover-20220922/UBNA_001/20220921_090000.WAV,Telephone Field,recover-20220922,001,1795
549.6665,549.7075,68437,82635,Rhinolophus ferrumequinum,0.021,0.021,-1,Echolocation,/mnt/ubna_data_02_mir/recover-20220922/UBNA_001/20220921_090000.WAV,Telephone Field,recover-20220922,001,1795
549.6875,549.7245,68437,81786,Rhinolophus ferrumequinum,0.025,0.025,-1,Echolocation,/mnt/ubna_data_02_mir/recover-20220922/UBNA_001/20220921_090000.WAV,Telephone Field,recover-20220922,001,1795
549.7195,549.7545,68437,81154,Rhinolophus ferrumequinum,0.02,0.02,-1,Echolocation,/mnt/ubna_data_02_mir/recover-20220922/UBNA_001/20220921_090000.WAV,Telephone Field,recover-20220922,001,1795
549.7265,549.7631,68437,81720,Rhinolophus ferrumequinum,0.02,0.02,-1,Echolocation,/mnt/ubna_data_02_mir/recover-20220922/UBNA_001/20220921_090000.WAV,Telephone Field,recover-20220922,001,1795
549.7425,549.7811,68437,82301,Rhinolophus ferrumequinum,0.021,0.021,-1,Echolocation,/mnt/ubna_data_02_mir/recover-20220922/UBNA_001/20220921_090000.WAV,Telephone Field,recover-20220922,001,1795
549.7695,549.8119,68437,83694,Rhinolophus ferrumequinum,0.05,0.05,-1,Echolocation,/mnt/ubna_data_02_mir/recover-20220922/UBNA_001/20220921_090000.WAV,Telephone Field,recover-20220922,001,1795
549.8075,549.8488,68437,82678,Rhinolophus ferrumequinum,0.021,0.021,-1,Echolocation,/mnt/ubna_data_02_mir/recover-20220922/UBNA_001/20220921_090000.WAV,Telephone Field,recover-20220922,001,1795
549.8175,549.8559,68437,82453,Rhinolophus ferrumequinum,0.025,0.025,-1,Echolocation,/mnt/ubna_data_02_mir/recover-20220922/UBNA_001/20220921_090000.WAV,Telephone Field,recover-20220922,001,1795
549.8355,549.8768,68437,83124,Rhinolophus ferrumequinum,0.027,0.027,-1,Echolocation,/mnt/ubna_data_02_mir/recover-20220922/UBNA_001/20220921_090000.WAV,Telephone Field,recover-20220922,001,1795
549.8385,549.8458,27187,37665,Eptesicus serotinus,0.007,0.023,-1,Echolocation,/mnt/ubna_data_02_mir/recover-20220922/UBNA_001/20220921_090000.WAV,Telephone Field,recover-20220922,001,1795
549.8805,549.917,68437,81453,Rhinolophus ferrumequinum,0.02,0.02,-1,Echolocation,/mnt/ubna_data_02_mir/recover-20220922/UBNA_001/20220921_090000.WAV,Telephone Field,recover-20220922,001,1795
549.8825,549.8909,28906,38635,Eptesicus serotinus,0.007,0.021,-1,Echolocation,/mnt/ubna_data_02_mir/recover-20220922/UBNA_001/20220921_090000.WAV,Telephone Field,recover-20220922,001,1795
549.9105,549.9194,28906,39412,Eptesicus serotinus,0.008,0.022,-1,Echolocation,/mnt/ubna_data_02_mir/recover-20220922/UBNA_001/20220921_090000.WAV,Telephone Field,recover-20220922,001,1795
549.9185,549.9298,28046,35307,Eptesicus serotinus,0.011,0.024,-1,Echolocation,/mnt/ubna_data_02_mir/recover-20220922/UBNA_001/20220921_090000.WAV,Telephone Field,recover-20220922,001,1795
549.9205,549.9601,68437,82375,Rhinolophus ferrumequinum,0.027,0.027,-1,Echolocation,/mnt/ubna_data_02_mir/recover-20220922/UBNA_001/20220921_090000.WAV,Telephone Field,recover-20220922,001,1795
549.9265,549.9368,27187,35480,Eptesicus serotinus,0.008,0.02,-1,Echolocation,/mnt/ubna_data_02_mir/recover-20220922/UBNA_001/20220921_090000.WAV,Telephone Field,recover-20220922,001,1795
549.9295,549.9641,68437,80960,Rhinolophus ferrumequinum,0.023,0.023,-1,Echolocation,/mnt/ubna_data_02_mir/recover-20220922/UBNA_001/20220921_090000.WAV,Telephone Field,recover-20220922,001,1795
550.0015,550.01,23750,30088,Nyctalus leisleri,0.012,0.031,-1,Echolocation,/mnt/ubna_data_02_mir/recover-20220922/UBNA_001/20220921_090000.WAV,Telephone Field,recover-20220922,001,1795
550.0015,550.0321,69296,81818,Rhinolophus ferrumequinum,0.025,0.025,-1,Echolocation,/mnt/ubna_data_02_mir/recover-20220922/UBNA_001/20220921_090000.WAV,Telephone Field,recover-20220922,001,1795
550.0165,550.0583,68437,82989,Rhinolophus ferrumequinum,0.03,0.03,-1,Echolocation,/mnt/ubna_data_02_mir/recover-20220922/UBNA_001/20220921_090000.WAV,Telephone Field,recover-20220922,001,1795
550.0775,550.1139,68437,81375,Rhinolophus ferrumequinum,0.025,0.025,-1,Echolocation,/mnt/ubna_data_02_mir/recover-20220922/UBNA_001/20220921_090000.WAV,Telephone Field,recover-20220922,001,1795
550.0805,550.0922,26328,31400,Nyctalus leisleri,0.01,0.021,-1,Echolocation,/mnt/ubna_data_02_mir/recover-20220922/UBNA_001/20220921_090000.WAV,Telephone Field,recover-20220922,001,1795
550.1075,550.1473,68437,82749,Rhinolophus ferrumequinum,0.024,0.024,-1,Echolocation,/mnt/ubna_data_02_mir/recover-20220922/UBNA_001/20220921_090000.WAV,Telephone Field,recover-20220922,001,1795
550.1265,550.1654,68437,81281,Rhinolophus ferrumequinum,0.024,0.024,-1,Echolocation,/mnt/ubna_data_02_mir/recover-20220922/UBNA_001/20220921_090000.WAV,Telephone Field,recover-20220922,001,1795
550.1875,550.2327,68437,83632,Rhinolophus ferrumequinum,0.044,0.044,-1,Echolocation,/mnt/ubna_data_02_mir/recover-20220922/UBNA_001/20220921_090000.WAV,Telephone Field,recover-20220922,001,1795
550.2315,550.239,42656,49516,Pipistrellus pipistrellus,0.033,0.039,-1,Echolocation,/mnt/ubna_data_02_mir/recover-20220922/UBNA_001/20220921_090000.WAV,Telephone Field,recover-20220922,001,1795
550.2365,550.2755,68437,81918,Rhinolophus ferrumequinum,0.022,0.022,-1,Echolocation,/mnt/ubna_data_02_mir/recover-20220922/UBNA_001/20220921_090000.WAV,Telephone Field,recover-20220922,001,1795
550.2565,550.2956,68437,82456,Rhinolophus ferrumequinum,0.022,0.022,-1,Echolocation,/mnt/ubna_data_02_mir/recover-20220922/UBNA_001/20220921_090000.WAV,Telephone Field,recover-20220922,001,1795
550.2875,550.3275,68437,81410,Rhinolophus ferrumequinum,0.04,0.04,-1,Echolocation,/mnt/ubna_data_02_mir/recover-20220922/UBNA_001/20220921_090000.WAV,Telephone Field,recover-20220922,001,1795
550.3545,550.3906,68437,81483,Rhinolophus ferrumequinum,0.022,0.022,-1,Echolocation,/mnt/ubna_data_02_mir/recover-20220922/UBNA_001/20220921_090000.WAV,Telephone Field,recover-20220922,001,1795
550.3665,550.4041,68437,81972,Rhinolophus ferrumequinum,0.021,0.021,-1,Echolocation,/mnt/ubna_data_02_mir/recover-20220922/UBNA_001/20220921_090000.WAV,Telephone Field,recover-20220922,001,1795
550.3905,550.4308,68437,82178,Rhinolophus ferrumequinum,0.024,0.024,-1,Echolocation,/mnt/ubna_data_02_mir/recover-20220922/UBNA_001/20220921_090000.WAV,Telephone Field,recover-20220922,001,1795
550.4075,550.4172,23750,30785,Nyctalus leisleri,0.008,0.025,-1,Echolocation,/mnt/ubna_data_02_mir/recover-20220922/UBNA_001/20220921_090000.WAV,Telephone Field,recover-20220922,001,1795
550.4105,550.4485,68437,81298,Rhinolophus ferrumequinum,0.022,0.022,-1,Echolocation,/mnt/ubna_data_02_mir/recover-20220922/UBNA_001/20220921_090000.WAV,Telephone Field,recover-20220922,001,1795
550.4365,550.4816,68437,83763,Rhinolophus ferrumequinum,0.042,0.042,-1,Echolocation,/mnt/ubna_data_02_mir/recover-20220922/UBNA_001/20220921_090000.WAV,Telephone Field,recover-20220922,001,1795
550.4565,550.4981,68437,82845,Rhinolophus ferrumequinum,0.03,0.03,-1,Echolocation,/mnt/ubna_data_02_mir/recover-20220922/UBNA_001/20220921_090000.WAV,Telephone Field,recover-20220922,001,1795
550.4665,550.4773,22890,28026,Nyctalus leisleri,0.013,0.027,-1,Echolocation,/mnt/ubna_data_02_mir/recover-20220922/UBNA_001/20220921_090000.WAV,Telephone Field,recover-20220922,001,1795
550.4885,550.5295,68437,83271,Rhinolophus ferrumequinum,0.024,0.024,-1,Echolocation,/mnt/ubna_data_02_mir/recover-20220922/UBNA_001/20220921_090000.WAV,Telephone Field,recover-20220922,001,1795
550.5015,550.5421,68437,82886,Rhinolophus ferrumequinum,0.026,0.026,-1,Echolocation,/mnt/ubna_data_02_mir/recover-20220922/UBNA_001/20220921_090000.WAV,Telephone Field,recover-20220922,001,1795
550.5265,550.5356,28046,37644,Eptesicus serotinus,0.009,0.022,-1,Echolocation,/mnt/ubna_data_02_mir/recover-20220922/UBNA_001/20220921_090000.WAV,Telephone Field,recover-20220922,001,1795
550.5505,550.5621,22890,27333,Nyctalus leisleri,0.012,0.023,-1,Echolocation,/mnt/ubna_data_02_mir/recover-20220922/UBNA_001/20220921_090000.WAV,Telephone Field,recover-20220922,001,1795
550.5565,550.5962,68437,82402,Rhinolophus ferrumequinum,0.021,0.021,-1,Echolocation,/mnt/ubna_data_02_mir/recover-20220922/UBNA_001/20220921_090000.WAV,Telephone Field,recover-20220922,001,1795
550.5725,550.6105,68437,82125,Rhinolophus ferrumequinum,0.032,0.032,-1,Echolocation,/mnt/ubna_data_02_mir/recover-20220922/UBNA_001/20220921_090000.WAV,Telephone Field,recover-20220922,001,1795
550.5965,550.6042,28906,38621,Eptesicus serotinus,0.007,0.023,-1,Echolocation,/mnt/ubna_data_02_mir/recover-20220922/UBNA_001/20220921_090000.WAV,Telephone Field,recover-20220922,001,1795
550.5995,550.6403,68437,82445,Rhinolophus ferrumequinum,0.024,0.024,-1,Echolocation,/mnt/ubna_data_02_mir/recover-20220922/UBNA_001/20220921_090000.WAV,Telephone Field,recover-20220922,001,1795
550.6245,550.6654,68437,82468,Rhinolophus ferrumequinum,0.028,0.028,-1,Echolocation,/mnt/ubna_data_02_mir/recover-20220922/UBNA_001/20220921_090000.WAV,Telephone Field,recover-20220922,001,1795
550.6255,550.6346,27187,38834,Eptesicus serotinus,0.011,0.026,-1,Echolocation,/mnt/ubna_data_02_mir/recover-20220922/UBNA_001/20220921_090000.WAV,Telephone Field,recover-20220922,001,1795
550.6395,550.6792,68437,82283,Rhinolophus ferrumequinum,0.027,0.027,-1,Echolocation,/mnt/ubna_data_02_mir/recover-20220922/UBNA_001/20220921_090000.WAV,Telephone Field,recover-20220922,001,1795
550.6635,550.7034,68437,81935,Rhinolophus ferrumequinum,0.022,0.022,-1,Echolocation,/mnt/ubna_data_02_mir/recover-20220922/UBNA_001/20220921_090000.WAV,Telephone Field,recover-20220922,001,1795
550.6715,550.7108,68437,82144,Rhinolophus ferrumequinum,0.022,0.022,-1,Echolocation,/mnt/ubna_data_02_mir/recover-20220922/UBNA_001/20220921_090000.WAV,Telephone Field,recover-20220922,001,1795
550.6935,550.7311,68437,81860,Rhinolophus ferrumequinum,0.022,0.022,-1,Echolocation,/mnt/ubna_data_02_mir/recover-20220922/UBNA_001/20220921_090000.WAV,Telephone Field,recover-20220922,001,1795
550.7175,550.7247,50390,56820,Pipistrellus pipistrellus,0.021,0.025,-1,Echolocation,/mnt/ubna_data_02_mir/recover-20220922/UBNA_001/20220921_090000.WAV,Telephone Field,recover-20220922,001,1795
550.7205,550.7407,22890,26106,Nyctalus leisleri,0.023,0.036,-1,Echolocation,/mnt/ubna_data_02_mir/recover-20220922/UBNA_001/20220921_090000.WAV,Telephone Field,recover-20220922,001,1795
550.7725,550.8137,68437,82374,Rhinolophus ferrumequinum,0.025,0.025,-1,Echolocation,/mnt/ubna_data_02_mir/recover-20220922/UBNA_001/20220921_090000.WAV,Telephone Field,recover-20220922,001,1795
550.8225,550.83,27187,37569,Eptesicus serotinus,0.006,0.022,-1,Echolocation,/mnt/ubna_data_02_mir/recover-20220922/UBNA_001/20220921_090000.WAV,Telephone Field,recover-20220922,001,1795
550.8595,550.8671,23750,32365,Plecotus austriacus,0.009,0.027,-1,Echolocation,/mnt/ubna_data_02_mir/recover-20220922/UBNA_001/20220921_090000.WAV,Telephone Field,recover-20220922,001,1795
550.9475,550.9858,68437,82166,Rhinolophus ferrumequinum,0.027,0.027,-1,Echolocation,/mnt/ubna_data_02_mir/recover-20220922/UBNA_001/20220921_090000.WAV,Telephone Field,recover-20220922,001,1795
550.9555,550.9944,68437,81507,Rhinolophus ferrumequinum,0.023,0.023,-1,Echolocation,/mnt/ubna_data_02_mir/recover-20220922/UBNA_001/20220921_090000.WAV,Telephone Field,recover-20220922,001,1795
551.0055,551.0216,22031,26818,Nyctalus leisleri,0.021,0.042,-1,Echolocation,/mnt/ubna_data_02_mir/recover-20220922/UBNA_001/20220921_090000.WAV,Telephone Field,recover-20220922,001,1795
551.0195,551.0581,68437,82439,Rhinolophus ferrumequinum,0.022,0.022,-1,Echolocation,/mnt/ubna_data_02_mir/recover-20220922/UBNA_001/20220921_090000.WAV,Telephone Field,recover-20220922,001,1795
551.0475,551.0583,29765,36709,Eptesicus serotinus,0.009,0.022,-1,Echolocation,/mnt/ubna_data_02_mir/recover-20220922/UBNA_001/20220921_090000.WAV,Telephone Field,recover-20220922,001,1795
551.0555,551.0946,68437,82305,Rhinolophus ferrumequinum,0.022,0.022,-1,Echolocation,/mnt/ubna_data_02_mir/recover-20220922/UBNA_001/20220921_090000.WAV,Telephone Field,recover-20220922,001,1795
551.0905,551.128,68437,82152,Rhinolophus ferrumequinum,0.022,0.022,-1,Echolocation,/mnt/ubna_data_02_mir/recover-20220922/UBNA_001/20220921_090000.WAV,Telephone Field,recover-20220922,001,1795
551.0905,551.1019,34921,39763,Pipistrellus nathusii,0.006,0.021,-1,Echolocation,/mnt/ubna_data_02_mir/recover-20220922/UBNA_001/20220921_090000.WAV,Telephone Field,recover-20220922,001,1795
551.0915,551.099,28046,38855,Eptesicus serotinus,0.007,0.022,-1,Echolocation,/mnt/ubna_data_02_mir/recover-20220922/UBNA_001/20220921_090000.WAV,Telephone Field,recover-20220922,001,1795
551.1455,551.1859,68437,82083,Rhinolophus ferrumequinum,0.023,0.023,-1,Echolocation,/mnt/ubna_data_02_mir/recover-20220922/UBNA_001/20220921_090000.WAV,Telephone Field,recover-20220922,001,1795
551.1515,551.1894,68437,82172,Rhinolophus ferrumequinum,0.023,0.023,-1,Echolocation,/mnt/ubna_data_02_mir/recover-20220922/UBNA_001/20220921_090000.WAV,Telephone Field,recover-20220922,001,1795
551.1575,551.1906,68437,81311,Rhinolophus ferrumequinum,0.024,0.024,-1,Echolocation,/mnt/ubna_data_02_mir/recover-20220922/UBNA_001/20220921_090000.WAV,Telephone Field,recover-20220922,001,1795
551.1715,551.2129,68437,83251,Rhinolophus ferrumequinum,0.03,0.03,-1,Echolocation,/mnt/ubna_data_02_mir/recover-20220922/UBNA_001/20220921_090000.WAV,Telephone Field,recover-20220922,001,1795
551.1805,551.2194,68437,81826,Rhinolophus ferrumequinum,0.023,0.023,-1,Echolocation,/mnt/ubna_data_02_mir/recover-20220922/UBNA_001/20220921_090000.WAV,Telephone Field,recover-20220922,001,1795
551.2005,551.21,22890,28909,Nyctalus leisleri,0.009,0.023,-1,Echolocation,/mnt/ubna_data_02_mir/recover-20220922/UBNA_001/20220921_090000.WAV,Telephone Field,recover-20220922,001,1795
551.2275,551.2617,68437,81228,Rhinolophus ferrumequinum,0.021,0.022,-1,Echolocation,/mnt/ubna_data_02_mir/recover-20220922/UBNA_001/20220921_090000.WAV,Telephone Field,recover-20220922,001,1795
551.2395,551.2769,68437,81632,Rhinolophus ferrumequinum,0.023,0.023,-1,Echolocation,/mnt/ubna_data_02_mir/recover-20220922/UBNA_001/20220921_090000.WAV,Telephone Field,recover-20220922,001,1795
551.2405,551.2477,22890,31276,Plecotus austriacus,0.014,0.025,-1,Echolocation,/mnt/ubna_data_02_mir/recover-20220922/UBNA_001/20220921_090000.WAV,Telephone Field,recover-20220922,001,1795
551.2655,551.3037,68437,81499,Rhinolophus ferrumequinum,0.023,0.023,-1,Echolocation,/mnt/ubna_data_02_mir/recover-20220922/UBNA_001/20220921_090000.WAV,Telephone Field,recover-20220922,001,1795
551.3185,551.3593,68437,82476,Rhinolophus ferrumequinum,0.027,0.027,-1,Echolocation,/mnt/ubna_data_02_mir/recover-20220922/UBNA_001/20220921_090000.WAV,Telephone Field,recover-20220922,001,1795
551.3475,551.3884,68437,82384,Rhinolophus ferrumequinum,0.022,0.022,-1,Echolocation,/mnt/ubna_data_02_mir/recover-20220922/UBNA_001/20220921_090000.WAV,Telephone Field,recover-20220922,001,1795
551.4525,551.4602,26328,35479,Eptesicus serotinus,0.007,0.024,-1,Echolocation,/mnt/ubna_data_02_mir/recover-20220922/UBNA_001/20220921_090000.WAV,Telephone Field,recover-20220922,001,1795
551.4555,551.4931,68437,81633,Rhinolophus ferrumequinum,0.021,0.021,-1,Echolocation,/mnt/ubna_data_02_mir/recover-20220922/UBNA_001/20220921_090000.WAV,Telephone Field,recover-20220922,001,1795
551.4675,551.5046,68437,82038,Rhinolophus ferrumequinum,0.022,0.022,-1,Echolocation,/mnt/ubna_data_02_mir/recover-20220922/UBNA_001/20220921_090000.WAV,Telephone Field,recover-20220922,001,1795
551.4975,551.5359,68437,81243,Rhinolophus ferrumequinum,0.022,0.022,-1,Echolocation,/mnt/ubna_data_02_mir/recover-20220922/UBNA_001/20220921_090000.WAV,Telephone Field,recover-20220922,001,1795
551.5315,551.5711,68437,82406,Rhinolophus ferrumequinum,0.021,0.021,-1,Echolocation,/mnt/ubna_data_02_mir/recover-20220922/UBNA_001/20220921_090000.WAV,Telephone Field,recover-20220922,001,1795
551.5585,551.597,68437,81777,Rhinolophus ferrumequinum,0.022,0.022,-1,Echolocation,/mnt/ubna_data_02_mir/recover-20220922/UBNA_001/20220921_090000.WAV,Telephone Field,recover-20220922,001,1795
551.5645,551.5985,68437,81476,Rhinolophus ferrumequinum,0.022,0.022,-1,Echolocation,/mnt/ubna_data_02_mir/recover-20220922/UBNA_001/20220921_090000.WAV,Telephone Field,recover-20220922,001,1795
551.6105,551.6474,68437,81354,Rhinolophus ferrumequinum,0.022,0.022,-1,Echolocation,/mnt/ubna_data_02_mir/recover-20220922/UBNA_001/20220921_090000.WAV,Telephone Field,recover-20220922,001,1795
551.6275,551.6675,68437,83093,Rhinolophus ferrumequinum,0.026,0.026,-1,Echolocation,/mnt/ubna_data_02_mir/recover-20220922/UBNA_001/20220921_090000.WAV,Telephone Field,recover-20220922,001,1795
551.6365,551.6454,24609,32043,Nyctalus leisleri,0.006,0.022,-1,Echolocation,/mnt/ubna_data_02_mir/recover-20220922/UBNA_001/20220921_090000.WAV,Telephone Field,recover-20220922,001,1795
551.6595,551.696,68437,81576,Rhinolophus ferrumequinum,0.024,0.024,-1,Echolocation,/mnt/ubna_data_02_mir/recover-20220922/UBNA_001/20220921_090000.WAV,Telephone Field,recover-20220922,001,1795
551.6795,551.7218,68437,83319,Rhinolophus ferrumequinum,0.034,0.034,-1,Echolocation,/mnt/ubna_data_02_mir/recover-20220922/UBNA_001/20220921_090000.WAV,Telephone Field,recover-20220922,001,1795
551.6955,551.7038,28906,38523,Eptesicus serotinus,0.008,0.022,-1,Echolocation,/mnt/ubna_data_02_mir/recover-20220922/UBNA_001/20220921_090000.WAV,Telephone Field,recover-20220922,001,1795
551.6995,551.7415,68437,82825,Rhinolophus ferrumequinum,0.022,0.022,-1,Echolocation,/mnt/ubna_data_02_mir/recover-20220922/UBNA_001/20220921_090000.WAV,Telephone Field,recover-20220922,001,1795
551.7085,551.7495,68437,82865,Rhinolophus ferrumequinum,0.025,0.025,-1,Echolocation,/mnt/ubna_data_02_mir/recover-20220922/UBNA_001/20220921_090000.WAV,Telephone Field,recover-20220922,001,1795
551.7095,551.7194,23750,30525,Nyctalus leisleri,0.01,0.028,-1,Echolocation,/mnt/ubna_data_02_mir/recover-20220922/UBNA_001/20220921_090000.WAV,Telephone Field,recover-20220922,001,1795
551.7225,551.76,68437,82062,Rhinolophus ferrumequinum,0.022,0.022,-1,Echolocation,/mnt/ubna_data_02_mir/recover-20220922/UBNA_001/20220921_090000.WAV,Telephone Field,recover-20220922,001,1795
551.7345,551.7732,68437,82392,Rhinolophus ferrumequinum,0.026,0.026,-1,Echolocation,/mnt/ubna_data_02_mir/recover-20220922/UBNA_001/20220921_090000.WAV,Telephone Field,recover-20220922,001,1795
551.7555,551.766,28906,37087,Eptesicus serotinus,0.013,0.027,-1,Echolocation,/mnt/ubna_data_02_mir/recover-20220922/UBNA_001/20220921_090000.WAV,Telephone Field,recover-20220922,001,1795
551.7675,551.8037,68437,81978,Rhinolophus ferrumequinum,0.022,0.022,-1,Echolocation,/mnt/ubna_data_02_mir/recover-20220922/UBNA_001/20220921_090000.WAV,Telephone Field,recover-20220922,001,1795
551.7945,551.8027,22031,28496,Plecotus austriacus,0.01,0.022,-1,Echolocation,/mnt/ubna_data_02_mir/recover-20220922/UBNA_001/20220921_090000.WAV,Telephone Field,recover-20220922,001,1795
551.7945,551.8018,15156,26826,Plecotus auritus,0.018,0.03,-1,Echolocation,/mnt/ubna_data_02_mir/recover-20220922/UBNA_001/20220921_090000.WAV,Telephone Field,recover-20220922,001,1795
551.8465,551.8585,15156,21868,Nyctalus noctula,0.017,0.026,-1,Echolocation,/mnt/ubna_data_02_mir/recover-20220922/UBNA_001/20220921_090000.WAV,Telephone Field,recover-20220922,001,1795
551.8535,551.8922,68437,82185,Rhinolophus ferrumequinum,0.021,0.021,-1,Echolocation,/mnt/ubna_data_02_mir/recover-20220922/UBNA_001/20220921_090000.WAV,Telephone Field,recover-20220922,001,1795
551.8685,551.9075,68437,82466,Rhinolophus ferrumequinum,0.022,0.022,-1,Echolocation,/mnt/ubna_data_02_mir/recover-20220922/UBNA_001/20220921_090000.WAV,Telephone Field,recover-20220922,001,1795
551.8895,551.9293,68437,82339,Rhinolophus ferrumequinum,0.023,0.023,-1,Echolocation,/mnt/ubna_data_02_mir/recover-20220922/UBNA_001/20220921_090000.WAV,Telephone Field,recover-20220922,001,1795
551.8905,551.8987,24609,35836,Plecotus austriacus,0.007,0.025,-1,Echolocation,/mnt/ubna_data_02_mir/recover-20220922/UBNA_001/20220921_090000.WAV,Telephone Field,recover-20220922,001,1795
551.9115,551.951,68437,82182,Rhinolophus ferrumequinum,0.025,0.025,-1,Echolocation,/mnt/ubna_data_02_mir/recover-20220922/UBNA_001/20220921_090000.WAV,Telephone Field,recover-20220922,001,1795
551.9325,551.9735,68437,82804,Rhinolophus ferrumequinum,0.027,0.027,-1,Echolocation,/mnt/ubna_data_02_mir/recover-20220922/UBNA_001/20220921_090000.WAV,Telephone Field,recover-20220922,001,1795
551.9535,551.9956,68437,82882,Rhinolophus ferrumequinum,0.027,0.027,-1,Echolocation,/mnt/ubna_data_02_mir/recover-20220922/UBNA_001/20220921_090000.WAV,Telephone Field,recover-20220922,001,1795
551.9755,551.9846,22890,29567,Plecotus austriacus,0.009,0.022,-1,Echolocation,/mnt/ubna_data_02_mir/recover-20220922/UBNA_001/20220921_090000.WAV,Telephone Field,recover-20220922,001,1795
552.0015,552.039,68437,80769,Rhinolophus ferrumequinum,0.076,0.076,-1,Echolocation,/mnt/ubna_data_02_mir/recover-20220922/UBNA_001/20220921_090000.WAV,Telephone Field,recover-20220922,001,1795
552.0015,552.0115,32343,38746,Barbastellus barbastellus,0.007,0.03,-1,Echolocation,/mnt/ubna_data_02_mir/recover-20220922/UBNA_001/20220921_090000.WAV,Telephone Field,recover-20220922,001,1795
552.0015,552.0095,26328,36531,Nyctalus leisleri,0.008,0.034,-1,Echolocation,/mnt/ubna_data_02_mir/recover-20220922/UBNA_001/20220921_090000.WAV,Telephone Field,recover-20220922,001,1795
552.0075,552.0542,68437,83124,Rhinolophus ferrumequinum,0.031,0.031,-1,Echolocation,/mnt/ubna_data_02_mir/recover-20220922/UBNA_001/20220921_090000.WAV,Telephone Field,recover-20220922,001,1795
552.0155,552.0268,28906,36656,Eptesicus serotinus,0.013,0.027,-1,Echolocation,/mnt/ubna_data_02_mir/recover-20220922/UBNA_001/20220921_090000.WAV,Telephone Field,recover-20220922,001,1795
552.0565,552.094,68437,81997,Rhinolophus ferrumequinum,0.029,0.029,-1,Echolocation,/mnt/ubna_data_02_mir/recover-20220922/UBNA_001/20220921_090000.WAV,Telephone Field,recover-20220922,001,1795
552.0585,552.0648,27187,38619,Eptesicus serotinus,0.005,0.025,-1,Echolocation,/mnt/ubna_data_02_mir/recover-20220922/UBNA_001/20220921_090000.WAV,Telephone Field,recover-20220922,001,1795
552.1205,552.1583,68437,81920,Rhinolophus ferrumequinum,0.022,0.022,-1,Echolocation,/mnt/ubna_data_02_mir/recover-20220922/UBNA_001/20220921_090000.WAV,Telephone Field,recover-20220922,001,1795
552.1285,552.1365,23750,31320,Plecotus austriacus,0.009,0.023,-1,Echolocation,/mnt/ubna_data_02_mir/recover-20220922/UBNA_001/20220921_090000.WAV,Telephone Field,recover-20220922,001,1795
552.1605,552.2038,68437,83171,Rhinolophus ferrumequinum,0.047,0.047,-1,Echolocation,/mnt/ubna_data_02_mir/recover-20220922/UBNA_001/20220921_090000.WAV,Telephone Field,recover-20220922,001,1795
552.1745,552.185,23750,29510,Nyctalus leisleri,0.009,0.022,-1,Echolocation,/mnt/ubna_data_02_mir/recover-20220922/UBNA_001/20220921_090000.WAV,Telephone Field,recover-20220922,001,1795
552.1745,552.216,68437,82551,Rhinolophus ferrumequinum,0.021,0.021,-1,Echolocation,/mnt/ubna_data_02_mir/recover-20220922/UBNA_001/20220921_090000.WAV,Telephone Field,recover-20220922,001,1795
552.1955,552.2345,68437,82334,Rhinolophus ferrumequinum,0.022,0.022,-1,Echolocation,/mnt/ubna_data_02_mir/recover-20220922/UBNA_001/20220921_090000.WAV,Telephone Field,recover-20220922,001,1795
552.2035,552.2116,27187,36089,Eptesicus serotinus,0.01,0.026,-1,Echolocation,/mnt/ubna_data_02_mir/recover-20220922/UBNA_001/20220921_090000.WAV,Telephone Field,recover-20220922,001,1795
552.2425,552.2836,68437,82858,Rhinolophus ferrumequinum,0.021,0.021,-1,Echolocation,/mnt/ubna_data_02_mir/recover-20220922/UBNA_001/20220921_090000.WAV,Telephone Field,recover-20220922,001,1795
552.3075,552.3196,22890,28257,Nyctalus leisleri,0.02,0.041,-1,Echolocation,/mnt/ubna_data_02_mir/recover-20220922/UBNA_001/20220921_090000.WAV,Telephone Field,recover-20220922,001,1795
552.3205,552.3599,68437,82404,Rhinolophus ferrumequinum,0.028,0.028,-1,Echolocation,/mnt/ubna_data_02_mir/recover-20220922/UBNA_001/20220921_090000.WAV,Telephone Field,recover-20220922,001,1795
552.3445,552.3563,37500,42101,Pipistrellus nathusii,0.021,0.03,-1,Echolocation,/mnt/ubna_data_02_mir/recover-20220922/UBNA_001/20220921_090000.WAV,Telephone Field,recover-20220922,001,1795
552.3445,552.3846,68437,82059,Rhinolophus ferrumequinum,0.023,0.023,-1,Echolocation,/mnt/ubna_data_02_mir/recover-20220922/UBNA_001/20220921_090000.WAV,Telephone Field,recover-20220922,001,1795
552.4075,552.4437,68437,81967,Rhinolophus ferrumequinum,0.021,0.022,-1,Echolocation,/mnt/ubna_data_02_mir/recover-20220922/UBNA_001/20220921_090000.WAV,Telephone Field,recover-20220922,001,1795
552.4435,552.4823,68437,81763,Rhinolophus ferrumequinum,0.021,0.021,-1,Echolocation,/mnt/ubna_data_02_mir/recover-20220922/UBNA_001/20220921_090000.WAV,Telephone Field,recover-20220922,001,1795
552.4445,552.4549,28046,35924,Eptesicus serotinus,0.014,0.027,-1,Echolocation,/mnt/ubna_data_02_mir/recover-20220922/UBNA_001/20220921_090000.WAV,Telephone Field,recover-20220922,001,1795
552.4825,552.4928,29765,36639,Eptesicus serotinus,0.009,0.025,-1,Echolocation,/mnt/ubna_data_02_mir/recover-20220922/UBNA_001/20220921_090000.WAV,Telephone Field,recover-20220922,001,1795
552.5035,552.5435,68437,82153,Rhinolophus ferrumequinum,0.024,0.024,-1,Echolocation,/mnt/ubna_data_02_mir/recover-20220922/UBNA_001/20220921_090000.WAV,Telephone Field,recover-20220922,001,1795
552.5455,552.5533,27187,37845,Eptesicus serotinus,0.008,0.023,-1,Echolocation,/mnt/ubna_data_02_mir/recover-20220922/UBNA_001/20220921_090000.WAV,Telephone Field,recover-20220922,001,1795
552.5875,552.627,68437,82558,Rhinolophus ferrumequinum,0.034,0.034,-1,Echolocation,/mnt/ubna_data_02_mir/recover-20220922/UBNA_001/20220921_090000.WAV,Telephone Field,recover-20220922,001,1795
552.6755,552.6847,27187,37497,Eptesicus serotinus,0.009,0.022,-1,Echolocation,/mnt/ubna_data_02_mir/recover-20220922/UBNA_001/20220921_090000.WAV,Telephone Field,recover-20220922,001,1795
552.6975,552.7343,68437,81499,Rhinolophus ferrumequinum,0.025,0.025,-1,Echolocation,/mnt/ubna_data_02_mir/recover-20220922/UBNA_001/20220921_090000.WAV,Telephone Field,recover-20220922,001,1795
552.7315,552.7699,68437,82221,Rhinolophus ferrumequinum,0.022,0.022,-1,Echolocation,/mnt/ubna_data_02_mir/recover-20220922/UBNA_001/20220921_090000.WAV,Telephone Field,recover-20220922,001,1795
552.8005,552.8373,68437,82009,Rhinolophus ferrumequinum,0.022,0.022,-1,Echolocation,/mnt/ubna_data_02_mir/recover-20220922/UBNA_001/20220921_090000.WAV,Telephone Field,recover-20220922,001,1795
552.8225,552.8667,68437,83226,Rhinolophus ferrumequinum,0.027,0.027,-1,Echolocation,/mnt/ubna_data_02_mir/recover-20220922/UBNA_001/20220921_090000.WAV,Telephone Field,recover-20220922,001,1795
552.8455,552.8815,68437,81559,Rhinolophus ferrumequinum,0.022,0.022,-1,Echolocation,/mnt/ubna_data_02_mir/recover-20220922/UBNA_001/20220921_090000.WAV,Telephone Field,recover-20220922,001,1795
552.8485,552.8613,44375,48913,Pipistrellus pipistrellus,0.03,0.037,-1,Echolocation,/mnt/ubna_data_02_mir/recover-20220922/UBNA_001/20220921_090000.WAV,Telephone Field,recover-20220922,001,1795
552.8675,552.8746,33203,43585,Myotis daubentonii,0.008,0.021,-1,Echolocation,/mnt/ubna_data_02_mir/recover-20220922/UBNA_001/20220921_090000.WAV,Telephone Field,recover-20220922,001,1795
552.8675,552.8753,28046,39823,Eptesicus serotinus,0.008,0.025,-1,Echolocation,/mnt/ubna_data_02_mir/recover-20220922/UBNA_001/20220921_090000.WAV,Telephone Field,recover-20220922,001,1795
552.8755,552.9129,68437,82205,Rhinolophus ferrumequinum,0.022,0.022,-1,Echolocation,/mnt/ubna_data_02_mir/recover-20220922/UBNA_001/20220921_090000.WAV,Telephone Field,recover-20220922,001,1795
552.9295,552.9407,22890,28740,Nyctalus leisleri,0.014,0.029,-1,Echolocation,/mnt/ubna_data_02_mir/recover-20220922/UBNA_001/20220921_090000.WAV,Telephone Field,recover-20220922,001,1795
552.9385,552.9822,68437,82996,Rhinolophus ferrumequinum,0.028,0.028,-1,Echolocation,/mnt/ubna_data_02_mir/recover-20220922/UBNA_001/20220921_090000.WAV,Telephone Field,recover-20220922,001,1795
552.9885,552.999,22890,28692,Nyctalus leisleri,0.01,0.024,-1,Echolocation,/mnt/ubna_data_02_mir/recover-20220922/UBNA_001/20220921_090000.WAV,Telephone Field,recover-20220922,001,1795
552.9915,553.0295,68437,82170,Rhinolophus ferrumequinum,0.022,0.022,-1,Echolocation,/mnt/ubna_data_02_mir/recover-20220922/UBNA_001/20220921_090000.WAV,Telephone Field,recover-20220922,001,1795
552.9985,553.0386,68437,82674,Rhinolophus ferrumequinum,0.022,0.022,-1,Echolocation,/mnt/ubna_data_02_mir/recover-20220922/UBNA_001/20220921_090000.WAV,Telephone Field,recover-20220922,001,1795
553.0205,553.0613,68437,82867,Rhinolophus ferrumequinum,0.023,0.023,-1,Echolocation,/mnt/ubna_data_02_mir/recover-20220922/UBNA_001/20220921_090000.WAV,Telephone Field,recover-20220922,001,1795
553.0725,553.108,68437,81228,Rhinolophus ferrumequinum,0.021,0.021,-1,Echolocation,/mnt/ubna_data_02_mir/recover-20220922/UBNA_001/20220921_090000.WAV,Telephone Field,recover-20220922,001,1795
553.0885,553.0966,27187,40664,Eptesicus serotinus,0.008,0.022,-1,Echolocation,/mnt/ubna_data_02_mir/recover-20220922/UBNA_001/20220921_090000.WAV,Telephone Field,recover-20220922,001,1795
553.1125,553.1515,68437,81207,Rhinolophus ferrumequinum,0.026,0.026,-1,Echolocation,/mnt/ubna_data_02_mir/recover-20220922/UBNA_001/20220921_090000.WAV,Telephone Field,recover-20220922,001,1795
553.1185,553.1588,68437,81695,Rhinolophus ferrumequinum,0.025,0.025,-1,Echolocation,/mnt/ubna_data_02_mir/recover-20220922/UBNA_001/20220921_090000.WAV,Telephone Field,recover-20220922,001,1795
553.1275,553.1358,27187,40997,Eptesicus serotinus,0.007,0.021,-1,Echolocation,/mnt/ubna_data_02_mir/recover-20220922/UBNA_001/20220921_090000.WAV,Telephone Field,recover-20220922,001,1795
553.1505,553.1578,27187,48457,Eptesicus serotinus,0.007,0.022,-1,Echolocation,/mnt/ubna_data_02_mir/recover-20220922/UBNA_001/20220921_090000.WAV,Telephone Field,recover-20220922,001,1795
553.1755,553.212,68437,80991,Rhinolophus ferrumequinum,0.022,0.022,-1,Echolocation,/mnt/ubna_data_02_mir/recover-20220922/UBNA_001/20220921_090000.WAV,Telephone Field,recover-20220922,001,1795
553.1965,553.2336,68437,81208,Rhinolophus ferrumequinum,0.022,0.022,-1,Echolocation,/mnt/ubna_data_02_mir/recover-20220922/UBNA_001/20220921_090000.WAV,Telephone Field,recover-20220922,001,1795
553.2135,553.2496,68437,81597,Rhinolophus ferrumequinum,0.021,0.021,-1,Echolocation,/mnt/ubna_data_02_mir/recover-20220922/UBNA_001/20220921_090000.WAV,Telephone Field,recover-20220922,001,1795
553.2155,553.2247,22890,30777,Plecotus austriacus,0.011,0.028,-1,Echolocation,/mnt/ubna_data_02_mir/recover-20220922/UBNA_001/20220921_090000.WAV,Telephone Field,recover-20220922,001,1795
553.2435,553.2516,28046,36882,Eptesicus serotinus,0.007,0.023,-1,Echolocation,/mnt/ubna_data_02_mir/recover-20220922/UBNA_001/20220921_090000.WAV,Telephone Field,recover-20220922,001,1795
553.2615,553.3004,68437,82865,Rhinolophus ferrumequinum,0.022,0.022,-1,Echolocation,/mnt/ubna_data_02_mir/recover-20220922/UBNA_001/20220921_090000.WAV,Telephone Field,recover-20220922,001,1795
553.3135,553.3549,68437,82991,Rhinolophus ferrumequinum,0.04,0.04,-1,Echolocation,/mnt/ubna_data_02_mir/recover-20220922/UBNA_001/20220921_090000.WAV,Telephone Field,recover-20220922,001,1795
553.3385,553.3755,68437,82337,Rhinolophus ferrumequinum,0.021,0.022,-1,Echolocation,/mnt/ubna_data_02_mir/recover-20220922/UBNA_001/20220921_090000.WAV,Telephone Field,recover-20220922,001,1795
553.3755,553.4137,68437,81636,Rhinolophus ferrumequinum,0.022,0.022,-1,Echolocation,/mnt/ubna_data_02_mir/recover-20220922/UBNA_001/20220921_090000.WAV,Telephone Field,recover-20220922,001,1795
553.4645,553.4702,31484,55096,Myotis daubentonii,0.013,0.026,-1,Echolocation,/mnt/ubna_data_02_mir/recover-20220922/UBNA_001/20220921_090000.WAV,Telephone Field,recover-20220922,001,1795
553.4665,553.475,25468,37346,Eptesicus serotinus,0.006,0.026,-1,Echolocation,/mnt/ubna_data_02_mir/recover-20220922/UBNA_001/20220921_090000.WAV,Telephone Field,recover-20220922,001,1795
553.4865,553.5273,68437,82598,Rhinolophus ferrumequinum,0.027,0.027,-1,Echolocation,/mnt/ubna_data_02_mir/recover-20220922/UBNA_001/20220921_090000.WAV,Telephone Field,recover-20220922,001,1795
553.5135,553.5522,68437,81813,Rhinolophus ferrumequinum,0.023,0.023,-1,Echolocation,/mnt/ubna_data_02_mir/recover-20220922/UBNA_001/20220921_090000.WAV,Telephone Field,recover-20220922,001,1795
553.5195,553.5562,68437,81792,Rhinolophus ferrumequinum,0.023,0.023,-1,Echolocation,/mnt/ubna_data_02_mir/recover-20220922/UBNA_001/20220921_090000.WAV,Telephone Field,recover-20220922,001,1795
553.5665,553.6088,68437,83215,Rhinolophus ferrumequinum,0.035,0.035,-1,Echolocation,/mnt/ubna_data_02_mir/recover-20220922/UBNA_001/20220921_090000.WAV,Telephone Field,recover-20220922,001,1795
553.6185,553.6565,68437,81966,Rhinolophus ferrumequinum,0.022,0.022,-1,Echolocation,/mnt/ubna_data_02_mir/recover-20220922/UBNA_001/20220921_090000.WAV,Telephone Field,recover-20220922,001,1795
553.6195,553.6299,22890,27765,Nyctalus leisleri,0.011,0.022,-1,Echolocation,/mnt/ubna_data_02_mir/recover-20220922/UBNA_001/20220921_090000.WAV,Telephone Field,recover-20220922,001,1795
553.6395,553.6467,28046,37927,Eptesicus serotinus,0.009,0.029,-1,Echolocation,/mnt/ubna_data_02_mir/recover-20220922/UBNA_001/20220921_090000.WAV,Telephone Field,recover-20220922,001,1795
553.6725,553.6818,27187,36099,Eptesicus serotinus,0.009,0.021,-1,Echolocation,/mnt/ubna_data_02_mir/recover-20220922/UBNA_001/20220921_090000.WAV,Telephone Field,recover-20220922,001,1795
553.6725,553.7127,68437,81668,Rhinolophus ferrumequinum,0.021,0.021,-1,Echolocation,/mnt/ubna_data_02_mir/recover-20220922/UBNA_001/20220921_090000.WAV,Telephone Field,recover-20220922,001,1795
553.7365,553.7772,68437,82727,Rhinolophus ferrumequinum,0.03,0.03,-1,Echolocation,/mnt/ubna_data_02_mir/recover-20220922/UBNA_001/20220921_090000.WAV,Telephone Field,recover-20220922,001,1795
553.7445,553.7549,23750,29970,Nyctalus leisleri,0.009,0.021,-1,Echolocation,/mnt/ubna_data_02_mir/recover-20220922/UBNA_001/20220921_090000.WAV,Telephone Field,recover-20220922,001,1795
553.7905,553.7981,50390,54613,Pipistrellus pipistrellus,0.021,0.023,-1,Echolocation,/mnt/ubna_data_02_mir/recover-20220922/UBNA_001/20220921_090000.WAV,Telephone Field,recover-20220922,001,1795
553.7905,553.829,68437,82081,Rhinolophus ferrumequinum,0.021,0.021,-1,Echolocation,/mnt/ubna_data_02_mir/recover-20220922/UBNA_001/20220921_090000.WAV,Telephone Field,recover-20220922,001,1795
553.8175,553.8552999999999,68437,82146,Rhinolophus ferrumequinum,0.022,0.022,-1,Echolocation,/mnt/ubna_data_02_mir/recover-20220922/UBNA_001/20220921_090000.WAV,Telephone Field,recover-20220922,001,1795
553.8235,553.8315,26328,35383,Eptesicus serotinus,0.01,0.025,-1,Echolocation,/mnt/ubna_data_02_mir/recover-20220922/UBNA_001/20220921_090000.WAV,Telephone Field,recover-20220922,001,1795
553.8615,553.8736,22890,27485,Nyctalus leisleri,0.014,0.027,-1,Echolocation,/mnt/ubna_data_02_mir/recover-20220922/UBNA_001/20220921_090000.WAV,Telephone Field,recover-20220922,001,1795
553.8685,553.905,68437,81464,Rhinolophus ferrumequinum,0.024,0.024,-1,Echolocation,/mnt/ubna_data_02_mir/recover-20220922/UBNA_001/20220921_090000.WAV,Telephone Field,recover-20220922,001,1795
553.9205,553.9317,22890,27753,Nyctalus leisleri,0.011,0.023,-1,Echolocation,/mnt/ubna_data_02_mir/recover-20220922/UBNA_001/20220921_090000.WAV,Telephone Field,recover-20220922,001,1795
553.9225,553.9658,68437,83175,Rhinolophus ferrumequinum,0.029,0.029,-1,Echolocation,/mnt/ubna_data_02_mir/recover-20220922/UBNA_001/20220921_090000.WAV,Telephone Field,recover-20220922,001,1795
553.9455,553.9557,24609,30977,Nyctalus leisleri,0.011,0.029,-1,Echolocation,/mnt/ubna_data_02_mir/recover-20220922/UBNA_001/20220921_090000.WAV,Telephone Field,recover-20220922,001,1795
553.9825,553.992,23750,31766,Nyctalus leisleri,0.008,0.028,-1,Echolocation,/mnt/ubna_data_02_mir/recover-20220922/UBNA_001/20220921_090000.WAV,Telephone Field,recover-20220922,001,1795
553.9835,553.9934,33203,40324,Barbastellus barbastellus,0.008,0.028,-1,Echolocation,/mnt/ubna_data_02_mir/recover-20220922/UBNA_001/20220921_090000.WAV,Telephone Field,recover-20220922,001,1795
554.0015,554.0108,47812,52530,Pipistrellus pipistrellus,0.017,0.024,-1,Echolocation,/mnt/ubna_data_02_mir/recover-20220922/UBNA_001/20220921_090000.WAV,Telephone Field,recover-20220922,001,1795
554.0015,554.0346,68437,80123,Rhinolophus ferrumequinum,0.037,0.037,-1,Echolocation,/mnt/ubna_data_02_mir/recover-20220922/UBNA_001/20220921_090000.WAV,Telephone Field,recover-20220922,001,1795
554.0015,554.0099,26328,36658,Nyctalus leisleri,0.008,0.031,-1,Echolocation,/mnt/ubna_data_02_mir/recover-20220922/UBNA_001/20220921_090000.WAV,Telephone Field,recover-20220922,001,1795
554.0095,554.051,68437,81912,Rhinolophus ferrumequinum,0.024,0.024,-1,Echolocation,/mnt/ubna_data_02_mir/recover-20220922/UBNA_001/20220921_090000.WAV,Telephone Field,recover-20220922,001,1795
554.0325,554.0453,14296,20136,Nyctalus noctula,0.015,0.024,-1,Echolocation,/mnt/ubna_data_02_mir/recover-20220922/UBNA_001/20220921_090000.WAV,Telephone Field,recover-20220922,001,1795
554.0385,554.0524,14296,18790,Nyctalus noctula,0.015,0.025,-1,Echolocation,/mnt/ubna_data_02_mir/recover-20220922/UBNA_001/20220921_090000.WAV,Telephone Field,recover-20220922,001,1795
554.0445,554.0802,68437,81300,Rhinolophus ferrumequinum,0.02,0.02,-1,Echolocation,/mnt/ubna_data_02_mir/recover-20220922/UBNA_001/20220921_090000.WAV,Telephone Field,recover-20220922,001,1795
554.1085,554.1515,68437,83211,Rhinolophus ferrumequinum,0.034,0.034,-1,Echolocation,/mnt/ubna_data_02_mir/recover-20220922/UBNA_001/20220921_090000.WAV,Telephone Field,recover-20220922,001,1795
554.1405,554.1479,51250,57465,Pipistrellus pipistrellus,0.018,0.025,-1,Echolocation,/mnt/ubna_data_02_mir/recover-20220922/UBNA_001/20220921_090000.WAV,Telephone Field,recover-20220922,001,1795
554.1535,554.1612,28906,37675,Eptesicus serotinus,0.007,0.024,-1,Echolocation,/mnt/ubna_data_02_mir/recover-20220922/UBNA_001/20220921_090000.WAV,Telephone Field,recover-20220922,001,1795
554.1555,554.1949,68437,82327,Rhinolophus ferrumequinum,0.023,0.023,-1,Echolocation,/mnt/ubna_data_02_mir/recover-20220922/UBNA_001/20220921_090000.WAV,Telephone Field,recover-20220922,001,1795
554.1975,554.2359,68437,81842,Rhinolophus ferrumequinum,0.021,0.021,-1,Echolocation,/mnt/ubna_data_02_mir/recover-20220922/UBNA_001/20220921_090000.WAV,Telephone Field,recover-20220922,001,1795
554.2015,554.2107,28046,39912,Eptesicus serotinus,0.009,0.023,-1,Echolocation,/mnt/ubna_data_02_mir/recover-20220922/UBNA_001/20220921_090000.WAV,Telephone Field,recover-20220922,001,1795
554.2395,554.2749,68437,81318,Rhinolophus ferrumequinum,0.022,0.022,-1,Echolocation,/mnt/ubna_data_02_mir/recover-20220922/UBNA_001/20220921_090000.WAV,Telephone Field,recover-20220922,001,1795
554.2655,554.3033,68437,82258,Rhinolophus ferrumequinum,0.023,0.023,-1,Echolocation,/mnt/ubna_data_02_mir/recover-20220922/UBNA_001/20220921_090000.WAV,Telephone Field,recover-20220922,001,1795
554.2985,554.3376,68437,82263,Rhinolophus ferrumequinum,0.023,0.023,-1,Echolocation,/mnt/ubna_data_02_mir/recover-20220922/UBNA_001/20220921_090000.WAV,Telephone Field,recover-20220922,001,1795
554.3195,554.3558,68437,81731,Rhinolophus ferrumequinum,0.023,0.023,-1,Echolocation,/mnt/ubna_data_02_mir/recover-20220922/UBNA_001/20220921_090000.WAV,Telephone Field,recover-20220922,001,1795
554.3375,554.3763,68437,81942,Rhinolophus ferrumequinum,0.022,0.022,-1,Echolocation,/mnt/ubna_data_02_mir/recover-20220922/UBNA_001/20220921_090000.WAV,Telephone Field,recover-20220922,001,1795
554.3755,554.3858,23750,29914,Nyctalus leisleri,0.01,0.023,-1,Echolocation,/mnt/ubna_data_02_mir/recover-20220922/UBNA_001/20220921_090000.WAV,Telephone Field,recover-20220922,001,1795
554.4105,554.4186,23750,32502,Plecotus austriacus,0.01,0.024,-1,Echolocation,/mnt/ubna_data_02_mir/recover-20220922/UBNA_001/20220921_090000.WAV,Telephone Field,recover-20220922,001,1795
554.4285,554.4693,68437,82004,Rhinolophus ferrumequinum,0.02,0.02,-1,Echolocation,/mnt/ubna_data_02_mir/recover-20220922/UBNA_001/20220921_090000.WAV,Telephone Field,recover-20220922,001,1795
554.4465,554.4839,68437,81499,Rhinolophus ferrumequinum,0.022,0.022,-1,Echolocation,/mnt/ubna_data_02_mir/recover-20220922/UBNA_001/20220921_090000.WAV,Telephone Field,recover-20220922,001,1795
554.4525,554.4618,28046,36807,Eptesicus serotinus,0.008,0.022,-1,Echolocation,/mnt/ubna_data_02_mir/recover-20220922/UBNA_001/20220921_090000.WAV,Telephone Field,recover-20220922,001,1795
554.4755,554.5132,68437,81890,Rhinolophus ferrumequinum,0.021,0.021,-1,Echolocation,/mnt/ubna_data_02_mir/recover-20220922/UBNA_001/20220921_090000.WAV,Telephone Field,recover-20220922,001,1795
554.5015,554.5135,55546,61219,Pipistrellus pygmaeus,0.018,0.021,-1,Echolocation,/mnt/ubna_data_02_mir/recover-20220922/UBNA_001/20220921_090000.WAV,Telephone Field,recover-20220922,001,1795
554.5165,554.5551,68437,81783,Rhinolophus ferrumequinum,0.02,0.02,-1,Echolocation,/mnt/ubna_data_02_mir/recover-20220922/UBNA_001/20220921_090000.WAV,Telephone Field,recover-20220922,001,1795
554.5315,554.5402,28046,36888,Eptesicus serotinus,0.008,0.022,-1,Echolocation,/mnt/ubna_data_02_mir/recover-20220922/UBNA_001/20220921_090000.WAV,Telephone Field,recover-20220922,001,1795
554.5485,554.5606,22890,27814,Nyctalus leisleri,0.011,0.023,-1,Echolocation,/mnt/ubna_data_02_mir/recover-20220922/UBNA_001/20220921_090000.WAV,Telephone Field,recover-20220922,001,1795
554.5635,554.5736,44375,49624,Pipistrellus pipistrellus,0.018,0.02,-1,Echolocation,/mnt/ubna_data_02_mir/recover-20220922/UBNA_001/20220921_090000.WAV,Telephone Field,recover-20220922,001,1795
554.5835,554.6245,68437,82182,Rhinolophus ferrumequinum,0.023,0.023,-1,Echolocation,/mnt/ubna_data_02_mir/recover-20220922/UBNA_001/20220921_090000.WAV,Telephone Field,recover-20220922,001,1795
554.6055,554.6458,68437,82128,Rhinolophus ferrumequinum,0.022,0.022,-1,Echolocation,/mnt/ubna_data_02_mir/recover-20220922/UBNA_001/20220921_090000.WAV,Telephone Field,recover-20220922,001,1795
554.6445,554.6529,28046,39969,Eptesicus serotinus,0.009,0.024,-1,Echolocation,/mnt/ubna_data_02_mir/recover-20220922/UBNA_001/20220921_090000.WAV,Telephone Field,recover-20220922,001,1795
554.6565,554.6962,68437,82082,Rhinolophus ferrumequinum,0.025,0.025,-1,Echolocation,/mnt/ubna_data_02_mir/recover-20220922/UBNA_001/20220921_090000.WAV,Telephone Field,recover-20220922,001,1795
554.6755,554.7092,68437,81057,Rhinolophus ferrumequinum,0.021,0.022,-1,Echolocation,/mnt/ubna_data_02_mir/recover-20220922/UBNA_001/20220921_090000.WAV,Telephone Field,recover-20220922,001,1795
554.6845,554.7236,68437,82308,Rhinolophus ferrumequinum,0.029,0.029,-1,Echolocation,/mnt/ubna_data_02_mir/recover-20220922/UBNA_001/20220921_090000.WAV,Telephone Field,recover-20220922,001,1795
554.6875,554.703,21171,24342,Nyctalus leisleri,0.013,0.021,-1,Echolocation,/mnt/ubna_data_02_mir/recover-20220922/UBNA_001/20220921_090000.WAV,Telephone Field,recover-20220922,001,1795
554.7095,554.7488,68437,82613,Rhinolophus ferrumequinum,0.022,0.022,-1,Echolocation,/mnt/ubna_data_02_mir/recover-20220922/UBNA_001/20220921_090000.WAV,Telephone Field,recover-20220922,001,1795
554.7245,554.7601,68437,81129,Rhinolophus ferrumequinum,0.02,0.02,-1,Echolocation,/mnt/ubna_data_02_mir/recover-20220922/UBNA_001/20220921_090000.WAV,Telephone Field,recover-20220922,001,1795
554.7405,554.7781,68437,81734,Rhinolophus ferrumequinum,0.02,0.02,-1,Echolocation,/mnt/ubna_data_02_mir/recover-20220922/UBNA_001/20220921_090000.WAV,Telephone Field,recover-20220922,001,1795
554.7755,554.8136,68437,82052,Rhinolophus ferrumequinum,0.022,0.022,-1,Echolocation,/mnt/ubna_data_02_mir/recover-20220922/UBNA_001/20220921_090000.WAV,Telephone Field,recover-20220922,001,1795
554.7775,554.7865,23750,30931,Plecotus austriacus,0.007,0.021,-1,Echolocation,/mnt/ubna_data_02_mir/recover-20220922/UBNA_001/20220921_090000.WAV,Telephone Field,recover-20220922,001,1795
554.7925,554.8341,68437,82849,Rhinolophus ferrumequinum,0.027,0.027,-1,Echolocation,/mnt/ubna_data_02_mir/recover-20220922/UBNA_001/20220921_090000.WAV,Telephone Field,recover-20220922,001,1795
554.8015,554.8422,68437,82923,Rhinolophus ferrumequinum,0.022,0.022,-1,Echolocation,/mnt/ubna_data_02_mir/recover-20220922/UBNA_001/20220921_090000.WAV,Telephone Field,recover-20220922,001,1795
554.8105,554.8515,68437,82896,Rhinolophus ferrumequinum,0.02,0.021,-1,Echolocation,/mnt/ubna_data_02_mir/recover-20220922/UBNA_001/20220921_090000.WAV,Telephone Field,recover-20220922,001,1795
554.8345,554.8753,68437,82980,Rhinolophus ferrumequinum,0.032,0.032,-1,Echolocation,/mnt/ubna_data_02_mir/recover-20220922/UBNA_001/20220921_090000.WAV,Telephone Field,recover-20220922,001,1795
554.8505,554.8613,24609,29839,Nyctalus leisleri,0.009,0.022,-1,Echolocation,/mnt/ubna_data_02_mir/recover-20220922/UBNA_001/20220921_090000.WAV,Telephone Field,recover-20220922,001,1795
554.8635,554.8987,68437,81544,Rhinolophus ferrumequinum,0.02,0.02,-1,Echolocation,/mnt/ubna_data_02_mir/recover-20220922/UBNA_001/20220921_090000.WAV,Telephone Field,recover-20220922,001,1795
554.8945,554.9011,27187,40120,Eptesicus serotinus,0.006,0.024,-1,Echolocation,/mnt/ubna_data_02_mir/recover-20220922/UBNA_001/20220921_090000.WAV,Telephone Field,recover-20220922,001,1795
554.8975,554.936,68437,81867,Rhinolophus ferrumequinum,0.022,0.022,-1,Echolocation,/mnt/ubna_data_02_mir/recover-20220922/UBNA_001/20220921_090000.WAV,Telephone Field,recover-20220922,001,1795
554.9225,554.9302,24609,32661,Plecotus austriacus,0.005,0.02,-1,Echolocation,/mnt/ubna_data_02_mir/recover-20220922/UBNA_001/20220921_090000.WAV,Telephone Field,recover-20220922,001,1795
554.9305,554.9712,68437,82409,Rhinolophus ferrumequinum,0.025,0.025,-1,Echolocation,/mnt/ubna_data_02_mir/recover-20220922/UBNA_001/20220921_090000.WAV,Telephone Field,recover-20220922,001,1795
554.9515,554.9867,68437,81396,Rhinolophus ferrumequinum,0.023,0.023,-1,Echolocation,/mnt/ubna_data_02_mir/recover-20220922/UBNA_001/20220921_090000.WAV,Telephone Field,recover-20220922,001,1795
554.9635,555.0008,68437,81620,Rhinolophus ferrumequinum,0.023,0.023,-1,Echolocation,/mnt/ubna_data_02_mir/recover-20220922/UBNA_001/20220921_090000.WAV,Telephone Field,recover-20220922,001,1795
554.9945,555.0311,68437,81754,Rhinolophus ferrumequinum,0.021,0.021,-1,Echolocation,/mnt/ubna_data_02_mir/recover-20220922/UBNA_001/20220921_090000.WAV,Telephone Field,recover-20220922,001,1795
554.9985,555.0081,28046,36834,Eptesicus serotinus,0.011,0.025,-1,Echolocation,/mnt/ubna_data_02_mir/recover-20220922/UBNA_001/20220921_090000.WAV,Telephone Field,recover-20220922,001,1795
555.0125,555.0218,24609,31491,Nyctalus leisleri,0.007,0.022,-1,Echolocation,/mnt/ubna_data_02_mir/recover-20220922/UBNA_001/20220921_090000.WAV,Telephone Field,recover-20220922,001,1795
555.0215,555.0581999999999,68437,81697,Rhinolophus ferrumequinum,0.02,0.02,-1,Echolocation,/mnt/ubna_data_02_mir/recover-20220922/UBNA_001/20220921_090000.WAV,Telephone Field,recover-20220922,001,1795
555.0245,555.0362,28906,36584,Eptesicus serotinus,0.022,0.038,-1,Echolocation,/mnt/ubna_data_02_mir/recover-20220922/UBNA_001/20220921_090000.WAV,Telephone Field,recover-20220922,001,1795
555.0335,555.0723,68437,82323,Rhinolophus ferrumequinum,0.022,0.022,-1,Echolocation,/mnt/ubna_data_02_mir/recover-20220922/UBNA_001/20220921_090000.WAV,Telephone Field,recover-20220922,001,1795
555.0515,555.0911,68437,82066,Rhinolophus ferrumequinum,0.022,0.022,-1,Echolocation,/mnt/ubna_data_02_mir/recover-20220922/UBNA_001/20220921_090000.WAV,Telephone Field,recover-20220922,001,1795
555.0585,555.0695,26328,32409,Eptesicus serotinus,0.012,0.028,-1,Echolocation,/mnt/ubna_data_02_mir/recover-20220922/UBNA_001/20220921_090000.WAV,Telephone Field,recover-20220922,001,1795
555.0795,555.1208,68437,83135,Rhinolophus ferrumequinum,0.029,0.029,-1,Echolocation,/mnt/ubna_data_02_mir/recover-20220922/UBNA_001/20220921_090000.WAV,Telephone Field,recover-20220922,001,1795
555.1155,555.1229,28906,36992,Eptesicus serotinus,0.009,0.026,-1,Echolocation,/mnt/ubna_data_02_mir/recover-20220922/UBNA_001/20220921_090000.WAV,Telephone Field,recover-20220922,001,1795
555.1405,555.1796,68437,82056,Rhinolophus ferrumequinum,0.021,0.021,-1,Echolocation,/mnt/ubna_data_02_mir/recover-20220922/UBNA_001/20220921_090000.WAV,Telephone Field,recover-20220922,001,1795
555.1755,555.1847,27187,37489,Eptesicus serotinus,0.008,0.02,-1,Echolocation,/mnt/ubna_data_02_mir/recover-20220922/UBNA_001/20220921_090000.WAV,Telephone Field,recover-20220922,001,1795
555.2085,555.2487,68437,82240,Rhinolophus ferrumequinum,0.03,0.03,-1,Echolocation,/mnt/ubna_data_02_mir/recover-20220922/UBNA_001/20220921_090000.WAV,Telephone Field,recover-20220922,001,1795
555.2205,555.263,68437,82448,Rhinolophus ferrumequinum,0.023,0.023,-1,Echolocation,/mnt/ubna_data_02_mir/recover-20220922/UBNA_001/20220921_090000.WAV,Telephone Field,recover-20220922,001,1795
555.2275,555.2692,68437,83305,Rhinolophus ferrumequinum,0.024,0.024,-1,Echolocation,/mnt/ubna_data_02_mir/recover-20220922/UBNA_001/20220921_090000.WAV,Telephone Field,recover-20220922,001,1795
555.2355,555.2439,28046,39663,Eptesicus serotinus,0.007,0.02,-1,Echolocation,/mnt/ubna_data_02_mir/recover-20220922/UBNA_001/20220921_090000.WAV,Telephone Field,recover-20220922,001,1795
555.2585,555.2973,68437,82258,Rhinolophus ferrumequinum,0.023,0.023,-1,Echolocation,/mnt/ubna_data_02_mir/recover-20220922/UBNA_001/20220921_090000.WAV,Telephone Field,recover-20220922,001,1795
555.2655,555.3029,68437,82250,Rhinolophus ferrumequinum,0.021,0.021,-1,Echolocation,/mnt/ubna_data_02_mir/recover-20220922/UBNA_001/20220921_090000.WAV,Telephone Field,recover-20220922,001,1795
555.2725,555.309,68437,81591,Rhinolophus ferrumequinum,0.021,0.021,-1,Echolocation,/mnt/ubna_data_02_mir/recover-20220922/UBNA_001/20220921_090000.WAV,Telephone Field,recover-20220922,001,1795
555.2875,555.2972,27187,36333,Eptesicus serotinus,0.009,0.02,-1,Echolocation,/mnt/ubna_data_02_mir/recover-20220922/UBNA_001/20220921_090000.WAV,Telephone Field,recover-20220922,001,1795
555.2885,555.3244,68437,81479,Rhinolophus ferrumequinum,0.02,0.02,-1,Echolocation,/mnt/ubna_data_02_mir/recover-20220922/UBNA_001/20220921_090000.WAV,Telephone Field,recover-20220922,001,1795
555.3065,555.3183,25468,31335,Eptesicus serotinus,0.01,0.023,-1,Echolocation,/mnt/ubna_data_02_mir/recover-20220922/UBNA_001/20220921_090000.WAV,Telephone Field,recover-20220922,001,1795
555.3335,555.3763,68437,83075,Rhinolophus ferrumequinum,0.029,0.029,-1,Echolocation,/mnt/ubna_data_02_mir/recover-20220922/UBNA_001/20220921_090000.WAV,Telephone Field,recover-20220922,001,1795
555.3355,555.3442,28046,40012,Eptesicus serotinus,0.009,0.025,-1,Echolocation,/mnt/ubna_data_02_mir/recover-20220922/UBNA_001/20220921_090000.WAV,Telephone Field,recover-20220922,001,1795
555.3645,555.3723,28046,37288,Eptesicus serotinus,0.007,0.023,-1,Echolocation,/mnt/ubna_data_02_mir/recover-20220922/UBNA_001/20220921_090000.WAV,Telephone Field,recover-20220922,001,1795
555.3795,555.4154,68437,81479,Rhinolophus ferrumequinum,0.021,0.021,-1,Echolocation,/mnt/ubna_data_02_mir/recover-20220922/UBNA_001/20220921_090000.WAV,Telephone Field,recover-20220922,001,1795
555.3895,555.423,68437,81703,Rhinolophus ferrumequinum,0.021,0.021,-1,Echolocation,/mnt/ubna_data_02_mir/recover-20220922/UBNA_001/20220921_090000.WAV,Telephone Field,recover-20220922,001,1795
555.4065,555.4471,68437,82437,Rhinolophus ferrumequinum,0.02,0.02,-1,Echolocation,/mnt/ubna_data_02_mir/recover-20220922/UBNA_001/20220921_090000.WAV,Telephone Field,recover-20220922,001,1795
555.4125,555.42,27187,43072,Eptesicus serotinus,0.007,0.022,-1,Echolocation,/mnt/ubna_data_02_mir/recover-20220922/UBNA_001/20220921_090000.WAV,Telephone Field,recover-20220922,001,1795
555.4645,555.4746,28046,37517,Eptesicus serotinus,0.01,0.024,-1,Echolocation,/mnt/ubna_data_02_mir/recover-20220922/UBNA_001/20220921_090000.WAV,Telephone Field,recover-20220922,001,1795
555.4655,555.504,68437,82120,Rhinolophus ferrumequinum,0.023,0.023,-1,Echolocation,/mnt/ubna_data_02_mir/recover-20220922/UBNA_001/20220921_090000.WAV,Telephone Field,recover-20220922,001,1795
555.4755,555.484,28046,38577,Eptesicus serotinus,0.007,0.021,-1,Echolocation,/mnt/ubna_data_02_mir/recover-20220922/UBNA_001/20220921_090000.WAV,Telephone Field,recover-20220922,001,1795
555.4965,555.5058,26328,33668,Eptesicus serotinus,0.011,0.028,-1,Echolocation,/mnt/ubna_data_02_mir/recover-20220922/UBNA_001/20220921_090000.WAV,Telephone Field,recover-20220922,001,1795
555.4965,555.5374,68437,82517,Rhinolophus ferrumequinum,0.022,0.022,-1,Echolocation,/mnt/ubna_data_02_mir/recover-20220922/UBNA_001/20220921_090000.WAV,Telephone Field,recover-20220922,001,1795
555.5085,555.5455,68437,81492,Rhinolophus ferrumequinum,0.021,0.021,-1,Echolocation,/mnt/ubna_data_02_mir/recover-20220922/UBNA_001/20220921_090000.WAV,Telephone Field,recover-20220922,001,1795
555.5135,555.5231,28046,38019,Eptesicus serotinus,0.009,0.022,-1,Echolocation,/mnt/ubna_data_02_mir/recover-20220922/UBNA_001/20220921_090000.WAV,Telephone Field,recover-20220922,001,1795
555.5245,555.5634,68437,81922,Rhinolophus ferrumequinum,0.02,0.02,-1,Echolocation,/mnt/ubna_data_02_mir/recover-20220922/UBNA_001/20220921_090000.WAV,Telephone Field,recover-20220922,001,1795
555.5555,555.5946,68437,82102,Rhinolophus ferrumequinum,0.026,0.026,-1,Echolocation,/mnt/ubna_data_02_mir/recover-20220922/UBNA_001/20220921_090000.WAV,Telephone Field,recover-20220922,001,1795
555.5615,555.5727,23750,29691,Nyctalus leisleri,0.011,0.025,-1,Echolocation,/mnt/ubna_data_02_mir/recover-20220922/UBNA_001/20220921_090000.WAV,Telephone Field,recover-20220922,001,1795
555.5655,555.6026,68437,81969,Rhinolophus ferrumequinum,0.021,0.021,-1,Echolocation,/mnt/ubna_data_02_mir/recover-20220922/UBNA_001/20220921_090000.WAV,Telephone Field,recover-20220922,001,1795
555.5715,555.587,20312,22971,Nyctalus leisleri,0.014,0.021,-1,Echolocation,/mnt/ubna_data_02_mir/recover-20220922/UBNA_001/20220921_090000.WAV,Telephone Field,recover-20220922,001,1795
555.5815,555.617,68437,82118,Rhinolophus ferrumequinum,0.02,0.02,-1,Echolocation,/mnt/ubna_data_02_mir/recover-20220922/UBNA_001/20220921_090000.WAV,Telephone Field,recover-20220922,001,1795
555.6235,555.663,68437,81803,Rhinolophus ferrumequinum,0.021,0.021,-1,Echolocation,/mnt/ubna_data_02_mir/recover-20220922/UBNA_001/20220921_090000.WAV,Telephone Field,recover-20220922,001,1795
555.6425,555.6846,68437,82204,Rhinolophus ferrumequinum,0.023,0.023,-1,Echolocation,/mnt/ubna_data_02_mir/recover-20220922/UBNA_001/20220921_090000.WAV,Telephone Field,recover-20220922,001,1795
555.6635,555.7018,68437,81908,Rhinolophus ferrumequinum,0.021,0.021,-1,Echolocation,/mnt/ubna_data_02_mir/recover-20220922/UBNA_001/20220921_090000.WAV,Telephone Field,recover-20220922,001,1795
555.7075,555.7517,68437,83298,Rhinolophus ferrumequinum,0.033,0.033,-1,Echolocation,/mnt/ubna_data_02_mir/recover-20220922/UBNA_001/20220921_090000.WAV,Telephone Field,recover-20220922,001,1795
555.7115,555.7175,36640,48236,Myotis daubentonii,0.012,0.028,-1,Echolocation,/mnt/ubna_data_02_mir/recover-20220922/UBNA_001/20220921_090000.WAV,Telephone Field,recover-20220922,001,1795
555.7125,555.7193,27187,47920,Eptesicus serotinus,0.007,0.023,-1,Echolocation,/mnt/ubna_data_02_mir/recover-20220922/UBNA_001/20220921_090000.WAV,Telephone Field,recover-20220922,001,1795
555.7445,555.753,28046,38111,Eptesicus serotinus,0.008,0.02,-1,Echolocation,/mnt/ubna_data_02_mir/recover-20220922/UBNA_001/20220921_090000.WAV,Telephone Field,recover-20220922,001,1795
555.7975,555.8072,15156,22054,Plecotus auritus,0.009,0.021,-1,Echolocation,/mnt/ubna_data_02_mir/recover-20220922/UBNA_001/20220921_090000.WAV,Telephone Field,recover-20220922,001,1795
555.7995,555.8096,28046,36284,Eptesicus serotinus,0.009,0.023,-1,Echolocation,/mnt/ubna_data_02_mir/recover-20220922/UBNA_001/20220921_090000.WAV,Telephone Field,recover-20220922,001,1795
555.8025,555.8432,68437,82694,Rhinolophus ferrumequinum,0.022,0.022,-1,Echolocation,/mnt/ubna_data_02_mir/recover-20220922/UBNA_001/20220921_090000.WAV,Telephone Field,recover-20220922,001,1795
555.8405,555.879,68437,81869,Rhinolophus ferrumequinum,0.02,0.02,-1,Echolocation,/mnt/ubna_data_02_mir/recover-20220922/UBNA_001/20220921_090000.WAV,Telephone Field,recover-20220922,001,1795
555.8435,555.852,27187,36576,Eptesicus serotinus,0.007,0.023,-1,Echolocation,/mnt/ubna_data_02_mir/recover-20220922/UBNA_001/20220921_090000.WAV,Telephone Field,recover-20220922,001,1795
555.8695,555.9062,68437,81632,Rhinolophus ferrumequinum,0.02,0.02,-1,Echolocation,/mnt/ubna_data_02_mir/recover-20220922/UBNA_001/20220921_090000.WAV,Telephone Field,recover-20220922,001,1795
555.8715,555.8808,28046,37902,Eptesicus serotinus,0.012,0.026,-1,Echolocation,/mnt/ubna_data_02_mir/recover-20220922/UBNA_001/20220921_090000.WAV,Telephone Field,recover-20220922,001,1795
555.8955,555.9324,68437,81381,Rhinolophus ferrumequinum,0.02,0.02,-1,Echolocation,/mnt/ubna_data_02_mir/recover-20220922/UBNA_001/20220921_090000.WAV,Telephone Field,recover-20220922,001,1795
555.9175,555.9281,22890,27884,Nyctalus leisleri,0.011,0.022,-1,Echolocation,/mnt/ubna_data_02_mir/recover-20220922/UBNA_001/20220921_090000.WAV,Telephone Field,recover-20220922,001,1795
555.9205,555.9583,68437,81843,Rhinolophus ferrumequinum,0.023,0.023,-1,Echolocation,/mnt/ubna_data_02_mir/recover-20220922/UBNA_001/20220921_090000.WAV,Telephone Field,recover-20220922,001,1795
555.9455,555.9834,68437,81927,Rhinolophus ferrumequinum,0.02,0.02,-1,Echolocation,/mnt/ubna_data_02_mir/recover-20220922/UBNA_001/20220921_090000.WAV,Telephone Field,recover-20220922,001,1795
555.9485,555.9592,22890,28042,Nyctalus leisleri,0.01,0.021,-1,Echolocation,/mnt/ubna_data_02_mir/recover-20220922/UBNA_001/20220921_090000.WAV,Telephone Field,recover-20220922,001,1795
556.0015,556.0095,26328,34425,Nyctalus leisleri,0.006,0.023,-1,Echolocation,/mnt/ubna_data_02_mir/recover-20220922/UBNA_001/20220921_090000.WAV,Telephone Field,recover-20220922,001,1795
556.0025,556.0411,68437,80796,Rhinolophus ferrumequinum,0.025,0.027,-1,Echolocation,/mnt/ubna_data_02_mir/recover-20220922/UBNA_001/20220921_090000.WAV,Telephone Field,recover-20220922,001,1795
556.0575,556.093,68437,81091,Rhinolophus ferrumequinum,0.022,0.022,-1,Echolocation,/mnt/ubna_data_02_mir/recover-20220922/UBNA_001/20220921_090000.WAV,Telephone Field,recover-20220922,001,1795
556.0895,556.1279,68437,81729,Rhinolophus ferrumequinum,0.022,0.022,-1,Echolocation,/mnt/ubna_data_02_mir/recover-20220922/UBNA_001/20220921_090000.WAV,Telephone Field,recover-20220922,001,1795
556.1095,556.1494,68437,82414,Rhinolophus ferrumequinum,0.022,0.022,-1,Echolocation,/mnt/ubna_data_02_mir/recover-20220922/UBNA_001/20220921_090000.WAV,Telephone Field,recover-20220922,001,1795
556.1335,556.1705,68437,82014,Rhinolophus ferrumequinum,0.023,0.023,-1,Echolocation,/mnt/ubna_data_02_mir/recover-20220922/UBNA_001/20220921_090000.WAV,Telephone Field,recover-20220922,001,1795
556.1695,556.2085,68437,81633,Rhinolophus ferrumequinum,0.024,0.024,-1,Echolocation,/mnt/ubna_data_02_mir/recover-20220922/UBNA_001/20220921_090000.WAV,Telephone Field,recover-20220922,001,1795
556.2325,556.2652,68437,80392,Rhinolophus ferrumequinum,0.023,0.023,-1,Echolocation,/mnt/ubna_data_02_mir/recover-20220922/UBNA_001/20220921_090000.WAV,Telephone Field,recover-20220922,001,1795
556.2485,556.2893,68437,82659,Rhinolophus ferrumequinum,0.033,0.033,-1,Echolocation,/mnt/ubna_data_02_mir/recover-20220922/UBNA_001/20220921_090000.WAV,Telephone Field,recover-20220922,001,1795
556.3135,556.3579,68437,83397,Rhinolophus ferrumequinum,0.031,0.031,-1,Echolocation,/mnt/ubna_data_02_mir/recover-20220922/UBNA_001/20220921_090000.WAV,Telephone Field,recover-20220922,001,1795
556.3305,556.3382,29765,41428,Myotis daubentonii,0.008,0.024,-1,Echolocation,/mnt/ubna_data_02_mir/recover-20220922/UBNA_001/20220921_090000.WAV,Telephone Field,recover-20220922,001,1795
556.3725,556.3811,22890,31066,Plecotus austriacus,0.012,0.027,-1,Echolocation,/mnt/ubna_data_02_mir/recover-20220922/UBNA_001/20220921_090000.WAV,Telephone Field,recover-20220922,001,1795
556.3905,556.4281,68437,82344,Rhinolophus ferrumequinum,0.029,0.029,-1,Echolocation,/mnt/ubna_data_02_mir/recover-20220922/UBNA_001/20220921_090000.WAV,Telephone Field,recover-20220922,001,1795
556.4145,556.4551,68437,82884,Rhinolophus ferrumequinum,0.026,0.026,-1,Echolocation,/mnt/ubna_data_02_mir/recover-20220922/UBNA_001/20220921_090000.WAV,Telephone Field,recover-20220922,001,1795
556.4555,556.4636,26328,37191,Eptesicus serotinus,0.013,0.031,-1,Echolocation,/mnt/ubna_data_02_mir/recover-20220922/UBNA_001/20220921_090000.WAV,Telephone Field,recover-20220922,001,1795
556.4885,556.53,68437,83184,Rhinolophus ferrumequinum,0.026,0.026,-1,Echolocation,/mnt/ubna_data_02_mir/recover-20220922/UBNA_001/20220921_090000.WAV,Telephone Field,recover-20220922,001,1795
556.5095,556.5484,68437,81772,Rhinolophus ferrumequinum,0.023,0.023,-1,Echolocation,/mnt/ubna_data_02_mir/recover-20220922/UBNA_001/20220921_090000.WAV,Telephone Field,recover-20220922,001,1795
556.5095,556.5219,22890,27515,Nyctalus leisleri,0.013,0.024,-1,Echolocation,/mnt/ubna_data_02_mir/recover-20220922/UBNA_001/20220921_090000.WAV,Telephone Field,recover-20220922,001,1795
556.5675,556.6055,68437,82489,Rhinolophus ferrumequinum,0.023,0.023,-1,Echolocation,/mnt/ubna_data_02_mir/recover-20220922/UBNA_001/20220921_090000.WAV,Telephone Field,recover-20220922,001,1795
556.5895,556.6026,21171,24989,Nyctalus leisleri,0.014,0.026,-1,Echolocation,/mnt/ubna_data_02_mir/recover-20220922/UBNA_001/20220921_090000.WAV,Telephone Field,recover-20220922,001,1795
556.5955,556.6352,68437,82350,Rhinolophus ferrumequinum,0.022,0.022,-1,Echolocation,/mnt/ubna_data_02_mir/recover-20220922/UBNA_001/20220921_090000.WAV,Telephone Field,recover-20220922,001,1795
556.6365,556.647,24609,32507,Eptesicus serotinus,0.012,0.028,-1,Echolocation,/mnt/ubna_data_02_mir/recover-20220922/UBNA_001/20220921_090000.WAV,Telephone Field,recover-20220922,001,1795
556.6425,556.6824,68437,82700,Rhinolophus ferrumequinum,0.032,0.032,-1,Echolocation,/mnt/ubna_data_02_mir/recover-20220922/UBNA_001/20220921_090000.WAV,Telephone Field,recover-20220922,001,1795
556.7445,556.779,68437,81180,Rhinolophus ferrumequinum,0.024,0.024,-1,Echolocation,/mnt/ubna_data_02_mir/recover-20220922/UBNA_001/20220921_090000.WAV,Telephone Field,recover-20220922,001,1795
556.7835,556.8275,68437,83593,Rhinolophus ferrumequinum,0.042,0.042,-1,Echolocation,/mnt/ubna_data_02_mir/recover-20220922/UBNA_001/20220921_090000.WAV,Telephone Field,recover-20220922,001,1795
556.7965,556.8361,68437,82372,Rhinolophus ferrumequinum,0.025,0.025,-1,Echolocation,/mnt/ubna_data_02_mir/recover-20220922/UBNA_001/20220921_090000.WAV,Telephone Field,recover-20220922,001,1795
556.7985,556.8084,22031,27593,Nyctalus leisleri,0.01,0.022,-1,Echolocation,/mnt/ubna_data_02_mir/recover-20220922/UBNA_001/20220921_090000.WAV,Telephone Field,recover-20220922,001,1795
556.8025,556.8421,68437,82749,Rhinolophus ferrumequinum,0.026,0.026,-1,Echolocation,/mnt/ubna_data_02_mir/recover-20220922/UBNA_001/20220921_090000.WAV,Telephone Field,recover-20220922,001,1795
556.8245,556.8654,68437,82823,Rhinolophus ferrumequinum,0.024,0.024,-1,Echolocation,/mnt/ubna_data_02_mir/recover-20220922/UBNA_001/20220921_090000.WAV,Telephone Field,recover-20220922,001,1795
556.8405,556.8549,19453,24359,Nyctalus noctula,0.017,0.038,-1,Echolocation,/mnt/ubna_data_02_mir/recover-20220922/UBNA_001/20220921_090000.WAV,Telephone Field,recover-20220922,001,1795
556.8605,556.9029,68437,82856,Rhinolophus ferrumequinum,0.023,0.023,-1,Echolocation,/mnt/ubna_data_02_mir/recover-20220922/UBNA_001/20220921_090000.WAV,Telephone Field,recover-20220922,001,1795
556.8835,556.8914,29765,37600,Eptesicus serotinus,0.008,0.027,-1,Echolocation,/mnt/ubna_data_02_mir/recover-20220922/UBNA_001/20220921_090000.WAV,Telephone Field,recover-20220922,001,1795
556.8845,556.8917,23750,32622,Plecotus austriacus,0.011,0.025,-1,Echolocation,/mnt/ubna_data_02_mir/recover-20220922/UBNA_001/20220921_090000.WAV,Telephone Field,recover-20220922,001,1795
556.8965,556.937,68437,82713,Rhinolophus ferrumequinum,0.023,0.023,-1,Echolocation,/mnt/ubna_data_02_mir/recover-20220922/UBNA_001/20220921_090000.WAV,Telephone Field,recover-20220922,001,1795
556.9605,556.9761,14296,18998,Nyctalus noctula,0.028,0.04,-1,Echolocation,/mnt/ubna_data_02_mir/recover-20220922/UBNA_001/20220921_090000.WAV,Telephone Field,recover-20220922,001,1795
556.9655,556.9747,28906,38113,Eptesicus serotinus,0.009,0.022,-1,Echolocation,/mnt/ubna_data_02_mir/recover-20220922/UBNA_001/20220921_090000.WAV,Telephone Field,recover-20220922,001,1795
556.9925,557.0319,68437,82216,Rhinolophus ferrumequinum,0.023,0.023,-1,Echolocation,/mnt/ubna_data_02_mir/recover-20220922/UBNA_001/20220921_090000.WAV,Telephone Field,recover-20220922,001,1795
557.0145,557.0567,68437,82446,Rhinolophus ferrumequinum,0.025,0.025,-1,Echolocation,/mnt/ubna_data_02_mir/recover-20220922/UBNA_001/20220921_090000.WAV,Telephone Field,recover-20220922,001,1795
557.0415,557.0503,27187,40839,Eptesicus serotinus,0.008,0.022,-1,Echolocation,/mnt/ubna_data_02_mir/recover-20220922/UBNA_001/20220921_090000.WAV,Telephone Field,recover-20220922,001,1795
557.0905,557.0991,27187,38386,Eptesicus serotinus,0.008,0.024,-1,Echolocation,/mnt/ubna_data_02_mir/recover-20220922/UBNA_001/20220921_090000.WAV,Telephone Field,recover-20220922,001,1795
557.0915,557.1294,68437,81940,Rhinolophus ferrumequinum,0.023,0.023,-1,Echolocation,/mnt/ubna_data_02_mir/recover-20220922/UBNA_001/20220921_090000.WAV,Telephone Field,recover-20220922,001,1795
557.1575,557.1697,23750,28764,Nyctalus leisleri,0.013,0.026,-1,Echolocation,/mnt/ubna_data_02_mir/recover-20220922/UBNA_001/20220921_090000.WAV,Telephone Field,recover-20220922,001,1795
557.2245,557.2316,27187,37943,Eptesicus serotinus,0.009,0.026,-1,Echolocation,/mnt/ubna_data_02_mir/recover-20220922/UBNA_001/20220921_090000.WAV,Telephone Field,recover-20220922,001,1795
557.2615,557.3059,68437,83796,Rhinolophus ferrumequinum,0.039,0.039,-1,Echolocation,/mnt/ubna_data_02_mir/recover-20220922/UBNA_001/20220921_090000.WAV,Telephone Field,recover-20220922,001,1795
557.2655,557.2793,25468,31127,Eptesicus serotinus,0.015,0.039,-1,Echolocation,/mnt/ubna_data_02_mir/recover-20220922/UBNA_001/20220921_090000.WAV,Telephone Field,recover-20220922,001,1795
557.2905,557.331,68437,82373,Rhinolophus ferrumequinum,0.028,0.028,-1,Echolocation,/mnt/ubna_data_02_mir/recover-20220922/UBNA_001/20220921_090000.WAV,Telephone Field,recover-20220922,001,1795
557.3165,557.354,68437,81389,Rhinolophus ferrumequinum,0.023,0.023,-1,Echolocation,/mnt/ubna_data_02_mir/recover-20220922/UBNA_001/20220921_090000.WAV,Telephone Field,recover-20220922,001,1795
557.3175,557.3261,27187,36314,Eptesicus serotinus,0.01,0.024,-1,Echolocation,/mnt/ubna_data_02_mir/recover-20220922/UBNA_001/20220921_090000.WAV,Telephone Field,recover-20220922,001,1795
557.3575,557.3936,68437,81130,Rhinolophus ferrumequinum,0.029,0.029,-1,Echolocation,/mnt/ubna_data_02_mir/recover-20220922/UBNA_001/20220921_090000.WAV,Telephone Field,recover-20220922,001,1795
557.3705,557.4110000000001,68437,82241,Rhinolophus ferrumequinum,0.028,0.028,-1,Echolocation,/mnt/ubna_data_02_mir/recover-20220922/UBNA_001/20220921_090000.WAV,Telephone Field,recover-20220922,001,1795
557.3845,557.4176,68437,80399,Rhinolophus ferrumequinum,0.023,0.023,-1,Echolocation,/mnt/ubna_data_02_mir/recover-20220922/UBNA_001/20220921_090000.WAV,Telephone Field,recover-20220922,001,1795
557.3885,557.3956000000001,50390,57889,Pipistrellus pipistrellus,0.019,0.022,-1,Echolocation,/mnt/ubna_data_02_mir/recover-20220922/UBNA_001/20220921_090000.WAV,Telephone Field,recover-20220922,001,1795
557.4115,557.4204,46953,50989,Pipistrellus pipistrellus,0.021,0.022,-1,Echolocation,/mnt/ubna_data_02_mir/recover-20220922/UBNA_001/20220921_090000.WAV,Telephone Field,recover-20220922,001,1795
557.4645,557.5029,68437,81771,Rhinolophus ferrumequinum,0.023,0.023,-1,Echolocation,/mnt/ubna_data_02_mir/recover-20220922/UBNA_001/20220921_090000.WAV,Telephone Field,recover-20220922,001,1795
557.5175,557.5544,68437,81927,Rhinolophus ferrumequinum,0.022,0.022,-1,Echolocation,/mnt/ubna_data_02_mir/recover-20220922/UBNA_001/20220921_090000.WAV,Telephone Field,recover-20220922,001,1795
557.5415,557.5795,68437,82672,Rhinolophus ferrumequinum,0.022,0.022,-1,Echolocation,/mnt/ubna_data_02_mir/recover-20220922/UBNA_001/20220921_090000.WAV,Telephone Field,recover-20220922,001,1795
557.5815,557.6223,68437,83009,Rhinolophus ferrumequinum,0.025,0.025,-1,Echolocation,/mnt/ubna_data_02_mir/recover-20220922/UBNA_001/20220921_090000.WAV,Telephone Field,recover-20220922,001,1795
557.6025,557.6128,22890,28547,Nyctalus leisleri,0.009,0.022,-1,Echolocation,/mnt/ubna_data_02_mir/recover-20220922/UBNA_001/20220921_090000.WAV,Telephone Field,recover-20220922,001,1795
557.6175,557.6269,23750,30736,Nyctalus leisleri,0.006,0.022,-1,Echolocation,/mnt/ubna_data_02_mir/recover-20220922/UBNA_001/20220921_090000.WAV,Telephone Field,recover-20220922,001,1795
557.6275,557.6653,68437,82221,Rhinolophus ferrumequinum,0.023,0.023,-1,Echolocation,/mnt/ubna_data_02_mir/recover-20220922/UBNA_001/20220921_090000.WAV,Telephone Field,recover-20220922,001,1795
557.6514999999999,557.6587,24609,34101,Plecotus austriacus,0.012,0.032,-1,Echolocation,/mnt/ubna_data_02_mir/recover-20220922/UBNA_001/20220921_090000.WAV,Telephone Field,recover-20220922,001,1795
557.6555,557.6632,15156,26536,Plecotus auritus,0.021,0.03,-1,Echolocation,/mnt/ubna_data_02_mir/recover-20220922/UBNA_001/20220921_090000.WAV,Telephone Field,recover-20220922,001,1795
557.7305,557.739,51250,57991,Pipistrellus pipistrellus,0.022,0.029,-1,Echolocation,/mnt/ubna_data_02_mir/recover-20220922/UBNA_001/20220921_090000.WAV,Telephone Field,recover-20220922,001,1795
557.7325,557.7429,28906,36793,Eptesicus serotinus,0.012,0.028,-1,Echolocation,/mnt/ubna_data_02_mir/recover-20220922/UBNA_001/20220921_090000.WAV,Telephone Field,recover-20220922,001,1795
557.7685,557.7792,29765,36810,Eptesicus serotinus,0.009,0.022,-1,Echolocation,/mnt/ubna_data_02_mir/recover-20220922/UBNA_001/20220921_090000.WAV,Telephone Field,recover-20220922,001,1795
557.7975,557.8345,68437,81904,Rhinolophus ferrumequinum,0.022,0.022,-1,Echolocation,/mnt/ubna_data_02_mir/recover-20220922/UBNA_001/20220921_090000.WAV,Telephone Field,recover-20220922,001,1795
557.8255,557.8649,68437,81596,Rhinolophus ferrumequinum,0.024,0.024,-1,Echolocation,/mnt/ubna_data_02_mir/recover-20220922/UBNA_001/20220921_090000.WAV,Telephone Field,recover-20220922,001,1795
557.8415,557.8775,68437,81628,Rhinolophus ferrumequinum,0.023,0.023,-1,Echolocation,/mnt/ubna_data_02_mir/recover-20220922/UBNA_001/20220921_090000.WAV,Telephone Field,recover-20220922,001,1795
557.8775,557.9186,68437,82633,Rhinolophus ferrumequinum,0.024,0.024,-1,Echolocation,/mnt/ubna_data_02_mir/recover-20220922/UBNA_001/20220921_090000.WAV,Telephone Field,recover-20220922,001,1795
557.9065,557.9181,23750,29200,Nyctalus leisleri,0.014,0.027,-1,Echolocation,/mnt/ubna_data_02_mir/recover-20220922/UBNA_001/20220921_090000.WAV,Telephone Field,recover-20220922,001,1795
557.9095,557.9523,68437,82488,Rhinolophus ferrumequinum,0.025,0.025,-1,Echolocation,/mnt/ubna_data_02_mir/recover-20220922/UBNA_001/20220921_090000.WAV,Telephone Field,recover-20220922,001,1795
557.9395,557.9474,26328,35364,Eptesicus serotinus,0.007,0.023,-1,Echolocation,/mnt/ubna_data_02_mir/recover-20220922/UBNA_001/20220921_090000.WAV,Telephone Field,recover-20220922,001,1795
558.0015,558.0352,68437,80184,Rhinolophus ferrumequinum,0.035,0.035,-1,Echolocation,/mnt/ubna_data_02_mir/recover-20220922/UBNA_001/20220921_090000.WAV,Telephone Field,recover-20220922,001,1795
558.0015,558.0102,22890,28487,Nyctalus leisleri,0.012,0.032,-1,Echolocation,/mnt/ubna_data_02_mir/recover-20220922/UBNA_001/20220921_090000.WAV,Telephone Field,recover-20220922,001,1795
558.0095,558.0541,68437,82819,Rhinolophus ferrumequinum,0.024,0.024,-1,Echolocation,/mnt/ubna_data_02_mir/recover-20220922/UBNA_001/20220921_090000.WAV,Telephone Field,recover-20220922,001,1795
558.0395,558.0745,68437,81138,Rhinolophus ferrumequinum,0.022,0.022,-1,Echolocation,/mnt/ubna_data_02_mir/recover-20220922/UBNA_001/20220921_090000.WAV,Telephone Field,recover-20220922,001,1795
558.0655,558.0769,28906,34316,Eptesicus serotinus,0.01,0.025,-1,Echolocation,/mnt/ubna_data_02_mir/recover-20220922/UBNA_001/20220921_090000.WAV,Telephone Field,recover-20220922,001,1795
558.0905,558.1297,68437,82456,Rhinolophus ferrumequinum,0.022,0.022,-1,Echolocation,/mnt/ubna_data_02_mir/recover-20220922/UBNA_001/20220921_090000.WAV,Telephone Field,recover-20220922,001,1795
558.0955,558.1066,24609,29927,Nyctalus leisleri,0.057,0.132,-1,Echolocation,/mnt/ubna_data_02_mir/recover-20220922/UBNA_001/20220921_090000.WAV,Telephone Field,recover-20220922,001,1795
558.1695,558.2068,68437,82374,Rhinolophus ferrumequinum,0.022,0.022,-1,Echolocation,/mnt/ubna_data_02_mir/recover-20220922/UBNA_001/20220921_090000.WAV,Telephone Field,recover-20220922,001,1795
558.1755,558.1867,23750,28925,Nyctalus leisleri,0.012,0.025,-1,Echolocation,/mnt/ubna_data_02_mir/recover-20220922/UBNA_001/20220921_090000.WAV,Telephone Field,recover-20220922,001,1795
558.2335,558.2738,68437,82297,Rhinolophus ferrumequinum,0.024,0.024,-1,Echolocation,/mnt/ubna_data_02_mir/recover-20220922/UBNA_001/20220921_090000.WAV,Telephone Field,recover-20220922,001,1795
558.2615,558.3017,68437,81908,Rhinolophus ferrumequinum,0.027,0.027,-1,Echolocation,/mnt/ubna_data_02_mir/recover-20220922/UBNA_001/20220921_090000.WAV,Telephone Field,recover-20220922,001,1795
558.2715,558.283,55546,59972,Pipistrellus pygmaeus,0.024,0.025,-1,Echolocation,/mnt/ubna_data_02_mir/recover-20220922/UBNA_001/20220921_090000.WAV,Telephone Field,recover-20220922,001,1795
558.3015,558.3407,68437,82361,Rhinolophus ferrumequinum,0.024,0.024,-1,Echolocation,/mnt/ubna_data_02_mir/recover-20220922/UBNA_001/20220921_090000.WAV,Telephone Field,recover-20220922,001,1795
558.3245,558.3626,68437,82146,Rhinolophus ferrumequinum,0.022,0.022,-1,Echolocation,/mnt/ubna_data_02_mir/recover-20220922/UBNA_001/20220921_090000.WAV,Telephone Field,recover-20220922,001,1795
558.3355,558.372,68437,82326,Rhinolophus ferrumequinum,0.026,0.026,-1,Echolocation,/mnt/ubna_data_02_mir/recover-20220922/UBNA_001/20220921_090000.WAV,Telephone Field,recover-20220922,001,1795
558.3495,558.3891,68437,82956,Rhinolophus ferrumequinum,0.026,0.026,-1,Echolocation,/mnt/ubna_data_02_mir/recover-20220922/UBNA_001/20220921_090000.WAV,Telephone Field,recover-20220922,001,1795
558.3525,558.361,25468,34024,Eptesicus serotinus,0.008,0.024,-1,Echolocation,/mnt/ubna_data_02_mir/recover-20220922/UBNA_001/20220921_090000.WAV,Telephone Field,recover-20220922,001,1795
558.3625,558.4045,68437,83003,Rhinolophus ferrumequinum,0.033,0.033,-1,Echolocation,/mnt/ubna_data_02_mir/recover-20220922/UBNA_001/20220921_090000.WAV,Telephone Field,recover-20220922,001,1795
558.3915,558.4272,68437,81414,Rhinolophus ferrumequinum,0.023,0.023,-1,Echolocation,/mnt/ubna_data_02_mir/recover-20220922/UBNA_001/20220921_090000.WAV,Telephone Field,recover-20220922,001,1795
558.4165,558.4247,28046,37996,Eptesicus serotinus,0.009,0.024,-1,Echolocation,/mnt/ubna_data_02_mir/recover-20220922/UBNA_001/20220921_090000.WAV,Telephone Field,recover-20220922,001,1795
558.4165,558.424,23750,32237,Plecotus austriacus,0.011,0.025,-1,Echolocation,/mnt/ubna_data_02_mir/recover-20220922/UBNA_001/20220921_090000.WAV,Telephone Field,recover-20220922,001,1795
558.4375,558.4766,68437,82204,Rhinolophus ferrumequinum,0.023,0.023,-1,Echolocation,/mnt/ubna_data_02_mir/recover-20220922/UBNA_001/20220921_090000.WAV,Telephone Field,recover-20220922,001,1795
558.4625,558.5011,68437,81901,Rhinolophus ferrumequinum,0.022,0.022,-1,Echolocation,/mnt/ubna_data_02_mir/recover-20220922/UBNA_001/20220921_090000.WAV,Telephone Field,recover-20220922,001,1795
558.5315,558.5393,28906,39801,Eptesicus serotinus,0.007,0.023,-1,Echolocation,/mnt/ubna_data_02_mir/recover-20220922/UBNA_001/20220921_090000.WAV,Telephone Field,recover-20220922,001,1795
558.5805,558.5887,28046,37759,Eptesicus serotinus,0.007,0.022,-1,Echolocation,/mnt/ubna_data_02_mir/recover-20220922/UBNA_001/20220921_090000.WAV,Telephone Field,recover-20220922,001,1795
558.5815,558.618,68437,82457,Rhinolophus ferrumequinum,0.023,0.023,-1,Echolocation,/mnt/ubna_data_02_mir/recover-20220922/UBNA_001/20220921_090000.WAV,Telephone Field,recover-20220922,001,1795
558.5885,558.6038,15156,21049,Nyctalus noctula,0.021,0.028,-1,Echolocation,/mnt/ubna_data_02_mir/recover-20220922/UBNA_001/20220921_090000.WAV,Telephone Field,recover-20220922,001,1795
558.6415,558.681,68437,82564,Rhinolophus ferrumequinum,0.023,0.023,-1,Echolocation,/mnt/ubna_data_02_mir/recover-20220922/UBNA_001/20220921_090000.WAV,Telephone Field,recover-20220922,001,1795
558.6745,558.6837,28046,38584,Eptesicus serotinus,0.008,0.022,-1,Echolocation,/mnt/ubna_data_02_mir/recover-20220922/UBNA_001/20220921_090000.WAV,Telephone Field,recover-20220922,001,1795
558.7305,558.764,68437,80216,Rhinolophus ferrumequinum,0.023,0.023,-1,Echolocation,/mnt/ubna_data_02_mir/recover-20220922/UBNA_001/20220921_090000.WAV,Telephone Field,recover-20220922,001,1795
558.7615,558.7677,22890,33428,Plecotus austriacus,0.021,0.036,-1,Echolocation,/mnt/ubna_data_02_mir/recover-20220922/UBNA_001/20220921_090000.WAV,Telephone Field,recover-20220922,001,1795
558.8435,558.8534,28046,36170,Eptesicus serotinus,0.011,0.024,-1,Echolocation,/mnt/ubna_data_02_mir/recover-20220922/UBNA_001/20220921_090000.WAV,Telephone Field,recover-20220922,001,1795
558.8435,558.8535,22890,28939,Nyctalus leisleri,0.009,0.022,-1,Echolocation,/mnt/ubna_data_02_mir/recover-20220922/UBNA_001/20220921_090000.WAV,Telephone Field,recover-20220922,001,1795
558.8755,558.9121,68437,80925,Rhinolophus ferrumequinum,0.024,0.024,-1,Echolocation,/mnt/ubna_data_02_mir/recover-20220922/UBNA_001/20220921_090000.WAV,Telephone Field,recover-20220922,001,1795
558.9345,558.9713,68437,81030,Rhinolophus ferrumequinum,0.022,0.022,-1,Echolocation,/mnt/ubna_data_02_mir/recover-20220922/UBNA_001/20220921_090000.WAV,Telephone Field,recover-20220922,001,1795
558.9425,558.9505,27187,39392,Eptesicus serotinus,0.008,0.023,-1,Echolocation,/mnt/ubna_data_02_mir/recover-20220922/UBNA_001/20220921_090000.WAV,Telephone Field,recover-20220922,001,1795
558.9535,558.9632,25468,31541,Nyctalus leisleri,0.009,0.023,-1,Echolocation,/mnt/ubna_data_02_mir/recover-20220922/UBNA_001/20220921_090000.WAV,Telephone Field,recover-20220922,001,1795
559.0395,559.0831000000001,68437,82793,Rhinolophus ferrumequinum,0.032,0.032,-1,Echolocation,/mnt/ubna_data_02_mir/recover-20220922/UBNA_001/20220921_090000.WAV,Telephone Field,recover-20220922,001,1795
559.1345,559.1417,23750,33410,Plecotus austriacus,0.014,0.03,-1,Echolocation,/mnt/ubna_data_02_mir/recover-20220922/UBNA_001/20220921_090000.WAV,Telephone Field,recover-20220922,001,1795
559.1514999999999,559.1616,22890,27713,Nyctalus leisleri,0.012,0.025,-1,Echolocation,/mnt/ubna_data_02_mir/recover-20220922/UBNA_001/20220921_090000.WAV,Telephone Field,recover-20220922,001,1795
559.1545,559.1923,68437,82464,Rhinolophus ferrumequinum,0.025,0.025,-1,Echolocation,/mnt/ubna_data_02_mir/recover-20220922/UBNA_001/20220921_090000.WAV,Telephone Field,recover-20220922,001,1795
559.1875,559.1972,33203,40789,Myotis daubentonii,0.007,0.026,-1,Echolocation,/mnt/ubna_data_02_mir/recover-20220922/UBNA_001/20220921_090000.WAV,Telephone Field,recover-20220922,001,1795
559.2505,559.2918,68437,83036,Rhinolophus ferrumequinum,0.027,0.027,-1,Echolocation,/mnt/ubna_data_02_mir/recover-20220922/UBNA_001/20220921_090000.WAV,Telephone Field,recover-20220922,001,1795
559.2735,559.2811,23750,32774,Plecotus austriacus,0.015,0.03,-1,Echolocation,/mnt/ubna_data_02_mir/recover-20220922/UBNA_001/20220921_090000.WAV,Telephone Field,recover-20220922,001,1795
559.2925,559.3009,22890,29793,Plecotus austriacus,0.01,0.023,-1,Echolocation,/mnt/ubna_data_02_mir/recover-20220922/UBNA_001/20220921_090000.WAV,Telephone Field,recover-20220922,001,1795
559.3275,559.336,22890,30385,Plecotus austriacus,0.011,0.026,-1,Echolocation,/mnt/ubna_data_02_mir/recover-20220922/UBNA_001/20220921_090000.WAV,Telephone Field,recover-20220922,001,1795
559.3715,559.4073,68437,81869,Rhinolophus ferrumequinum,0.023,0.023,-1,Echolocation,/mnt/ubna_data_02_mir/recover-20220922/UBNA_001/20220921_090000.WAV,Telephone Field,recover-20220922,001,1795
559.4095,559.4495,68437,82455,Rhinolophus ferrumequinum,0.024,0.024,-1,Echolocation,/mnt/ubna_data_02_mir/recover-20220922/UBNA_001/20220921_090000.WAV,Telephone Field,recover-20220922,001,1795
559.4205,559.4591,68437,82947,Rhinolophus ferrumequinum,0.023,0.023,-1,Echolocation,/mnt/ubna_data_02_mir/recover-20220922/UBNA_001/20220921_090000.WAV,Telephone Field,recover-20220922,001,1795
559.4295,559.4706,68437,82805,Rhinolophus ferrumequinum,0.025,0.025,-1,Echolocation,/mnt/ubna_data_02_mir/recover-20220922/UBNA_001/20220921_090000.WAV,Telephone Field,recover-20220922,001,1795
559.4655,559.5066,68437,82889,Rhinolophus ferrumequinum,0.03,0.03,-1,Echolocation,/mnt/ubna_data_02_mir/recover-20220922/UBNA_001/20220921_090000.WAV,Telephone Field,recover-20220922,001,1795
559.5075,559.5454,68437,82050,Rhinolophus ferrumequinum,0.023,0.023,-1,Echolocation,/mnt/ubna_data_02_mir/recover-20220922/UBNA_001/20220921_090000.WAV,Telephone Field,recover-20220922,001,1795
559.5285,559.5392,30625,38296,Eptesicus serotinus,0.011,0.027,-1,Echolocation,/mnt/ubna_data_02_mir/recover-20220922/UBNA_001/20220921_090000.WAV,Telephone Field,recover-20220922,001,1795
559.5885,559.6288,68437,82467,Rhinolophus ferrumequinum,0.032,0.032,-1,Echolocation,/mnt/ubna_data_02_mir/recover-20220922/UBNA_001/20220921_090000.WAV,Telephone Field,recover-20220922,001,1795
559.6285,559.6677,68437,82209,Rhinolophus ferrumequinum,0.024,0.024,-1,Echolocation,/mnt/ubna_data_02_mir/recover-20220922/UBNA_001/20220921_090000.WAV,Telephone Field,recover-20220922,001,1795
559.6755,559.7133,68437,81839,Rhinolophus ferrumequinum,0.024,0.024,-1,Echolocation,/mnt/ubna_data_02_mir/recover-20220922/UBNA_001/20220921_090000.WAV,Telephone Field,recover-20220922,001,1795
559.7835,559.7922,28046,37234,Eptesicus serotinus,0.022,0.042,-1,Echolocation,/mnt/ubna_data_02_mir/recover-20220922/UBNA_001/20220921_090000.WAV,Telephone Field,recover-20220922,001,1795
559.7965,559.8347,68437,82561,Rhinolophus ferrumequinum,0.024,0.024,-1,Echolocation,/mnt/ubna_data_02_mir/recover-20220922/UBNA_001/20220921_090000.WAV,Telephone Field,recover-20220922,001,1795
559.8215,559.8315,28906,37168,Eptesicus serotinus,0.01,0.022,-1,Echolocation,/mnt/ubna_data_02_mir/recover-20220922/UBNA_001/20220921_090000.WAV,Telephone Field,recover-20220922,001,1795
559.8235,559.8646,68437,82335,Rhinolophus ferrumequinum,0.022,0.022,-1,Echolocation,/mnt/ubna_data_02_mir/recover-20220922/UBNA_001/20220921_090000.WAV,Telephone Field,recover-20220922,001,1795
559.8525,559.8884,68437,81602,Rhinolophus ferrumequinum,0.023,0.023,-1,Echolocation,/mnt/ubna_data_02_mir/recover-20220922/UBNA_001/20220921_090000.WAV,Telephone Field,recover-20220922,001,1795
559.8905,559.8983,28046,41086,Eptesicus serotinus,0.011,0.03,-1,Echolocation,/mnt/ubna_data_02_mir/recover-20220922/UBNA_001/20220921_090000.WAV,Telephone Field,recover-20220922,001,1795
559.9165,559.9532,68437,82271,Rhinolophus ferrumequinum,0.025,0.025,-1,Echolocation,/mnt/ubna_data_02_mir/recover-20220922/UBNA_001/20220921_090000.WAV,Telephone Field,recover-20220922,001,1795
559.9535,559.9622,24609,33973,Plecotus austriacus,0.01,0.036,-1,Echolocation,/mnt/ubna_data_02_mir/recover-20220922/UBNA_001/20220921_090000.WAV,Telephone Field,recover-20220922,001,1795
560.0015,560.0099,25468,35591,Nyctalus leisleri,0.007,0.028,-1,Echolocation,/mnt/ubna_data_02_mir/recover-20220922/UBNA_001/20220921_090000.WAV,Telephone Field,recover-20220922,001,1795
560.0015,560.0102,30625,38210,Myotis daubentonii,0.007,0.028,-1,Echolocation,/mnt/ubna_data_02_mir/recover-20220922/UBNA_001/20220921_090000.WAV,Telephone Field,recover-20220922,001,1795
560.0015,560.0077,47812,54072,Pipistrellus pipistrellus,0.022,0.026,-1,Echolocation,/mnt/ubna_data_02_mir/recover-20220922/UBNA_001/20220921_090000.WAV,Telephone Field,recover-20220922,001,1795
560.0015,560.0331,68437,80377,Rhinolophus ferrumequinum,0.03,0.03,-1,Echolocation,/mnt/ubna_data_02_mir/recover-20220922/UBNA_001/20220921_090000.WAV,Telephone Field,recover-20220922,001,1795
560.0015,560.0151,19453,25361,Nyctalus leisleri,0.009,0.026,-1,Echolocation,/mnt/ubna_data_02_mir/recover-20220922/UBNA_001/20220921_090000.WAV,Telephone Field,recover-20220922,001,1795
560.0795,560.1212,68437,82767,Rhinolophus ferrumequinum,0.024,0.024,-1,Echolocation,/mnt/ubna_data_02_mir/recover-20220922/UBNA_001/20220921_090000.WAV,Telephone Field,recover-20220922,001,1795
560.1035,560.141,68437,82067,Rhinolophus ferrumequinum,0.026,0.026,-1,Echolocation,/mnt/ubna_data_02_mir/recover-20220922/UBNA_001/20220921_090000.WAV,Telephone Field,recover-20220922,001,1795
560.1185,560.1274,28046,36790,Eptesicus serotinus,0.008,0.022,-1,Echolocation,/mnt/ubna_data_02_mir/recover-20220922/UBNA_001/20220921_090000.WAV,Telephone Field,recover-20220922,001,1795
560.1195,560.1293000000001,22890,28695,Nyctalus leisleri,0.009,0.021,-1,Echolocation,/mnt/ubna_data_02_mir/recover-20220922/UBNA_001/20220921_090000.WAV,Telephone Field,recover-20220922,001,1795
560.1415,560.1775,68437,81492,Rhinolophus ferrumequinum,0.021,0.021,-1,Echolocation,/mnt/ubna_data_02_mir/recover-20220922/UBNA_001/20220921_090000.WAV,Telephone Field,recover-20220922,001,1795
560.1585,560.196,68437,81237,Rhinolophus ferrumequinum,0.021,0.022,-1,Echolocation,/mnt/ubna_data_02_mir/recover-20220922/UBNA_001/20220921_090000.WAV,Telephone Field,recover-20220922,001,1795
560.1805,560.2196,68437,81781,Rhinolophus ferrumequinum,0.022,0.022,-1,Echolocation,/mnt/ubna_data_02_mir/recover-20220922/UBNA_001/20220921_090000.WAV,Telephone Field,recover-20220922,001,1795
560.2035,560.2425,68437,82135,Rhinolophus ferrumequinum,0.024,0.024,-1,Echolocation,/mnt/ubna_data_02_mir/recover-20220922/UBNA_001/20220921_090000.WAV,Telephone Field,recover-20220922,001,1795
560.2125,560.2201,22890,31676,Plecotus austriacus,0.013,0.026,-1,Echolocation,/mnt/ubna_data_02_mir/recover-20220922/UBNA_001/20220921_090000.WAV,Telephone Field,recover-20220922,001,1795
560.2175,560.2577,68437,82412,Rhinolophus ferrumequinum,0.029,0.029,-1,Echolocation,/mnt/ubna_data_02_mir/recover-20220922/UBNA_001/20220921_090000.WAV,Telephone Field,recover-20220922,001,1795
560.2355,560.2747,68437,82696,Rhinolophus ferrumequinum,0.026,0.026,-1,Echolocation,/mnt/ubna_data_02_mir/recover-20220922/UBNA_001/20220921_090000.WAV,Telephone Field,recover-20220922,001,1795
560.2425,560.2526,30625,41150,Eptesicus serotinus,0.008,0.024,-1,Echolocation,/mnt/ubna_data_02_mir/recover-20220922/UBNA_001/20220921_090000.WAV,Telephone Field,recover-20220922,001,1795
560.2575,560.2985,68437,81941,Rhinolophus ferrumequinum,0.022,0.022,-1,Echolocation,/mnt/ubna_data_02_mir/recover-20220922/UBNA_001/20220921_090000.WAV,Telephone Field,recover-20220922,001,1795
560.2575,560.2642,28906,38928,Myotis daubentonii,0.006,0.026,-1,Echolocation,/mnt/ubna_data_02_mir/recover-20220922/UBNA_001/20220921_090000.WAV,Telephone Field,recover-20220922,001,1795
560.2915,560.3329,68437,82426,Rhinolophus ferrumequinum,0.026,0.026,-1,Echolocation,/mnt/ubna_data_02_mir/recover-20220922/UBNA_001/20220921_090000.WAV,Telephone Field,recover-20220922,001,1795
560.2945,560.3034,28046,37843,Eptesicus serotinus,0.009,0.023,-1,Echolocation,/mnt/ubna_data_02_mir/recover-20220922/UBNA_001/20220921_090000.WAV,Telephone Field,recover-20220922,001,1795
560.3095,560.3193,22890,28791,Nyctalus leisleri,0.009,0.022,-1,Echolocation,/mnt/ubna_data_02_mir/recover-20220922/UBNA_001/20220921_090000.WAV,Telephone Field,recover-20220922,001,1795
560.3335,560.3432,28046,36298,Eptesicus serotinus,0.013,0.027,-1,Echolocation,/mnt/ubna_data_02_mir/recover-20220922/UBNA_001/20220921_090000.WAV,Telephone Field,recover-20220922,001,1795
560.3395,560.3778,68437,82323,Rhinolophus ferrumequinum,0.024,0.024,-1,Echolocation,/mnt/ubna_data_02_mir/recover-20220922/UBNA_001/20220921_090000.WAV,Telephone Field,recover-20220922,001,1795
560.3655,560.4022,68437,81792,Rhinolophus ferrumequinum,0.021,0.021,-1,Echolocation,/mnt/ubna_data_02_mir/recover-20220922/UBNA_001/20220921_090000.WAV,Telephone Field,recover-20220922,001,1795
560.3895,560.4271,68437,81288,Rhinolophus ferrumequinum,0.023,0.023,-1,Echolocation,/mnt/ubna_data_02_mir/recover-20220922/UBNA_001/20220921_090000.WAV,Telephone Field,recover-20220922,001,1795
560.4125,560.4505,68437,81478,Rhinolophus ferrumequinum,0.021,0.021,-1,Echolocation,/mnt/ubna_data_02_mir/recover-20220922/UBNA_001/20220921_090000.WAV,Telephone Field,recover-20220922,001,1795
560.4255,560.4646,68437,82170,Rhinolophus ferrumequinum,0.022,0.022,-1,Echolocation,/mnt/ubna_data_02_mir/recover-20220922/UBNA_001/20220921_090000.WAV,Telephone Field,recover-20220922,001,1795
560.4595,560.4981,68437,82216,Rhinolophus ferrumequinum,0.036,0.036,-1,Echolocation,/mnt/ubna_data_02_mir/recover-20220922/UBNA_001/20220921_090000.WAV,Telephone Field,recover-20220922,001,1795
560.4745,560.5092,68437,81152,Rhinolophus ferrumequinum,0.023,0.023,-1,Echolocation,/mnt/ubna_data_02_mir/recover-20220922/UBNA_001/20220921_090000.WAV,Telephone Field,recover-20220922,001,1795
560.4825,560.5193,68437,81717,Rhinolophus ferrumequinum,0.025,0.025,-1,Echolocation,/mnt/ubna_data_02_mir/recover-20220922/UBNA_001/20220921_090000.WAV,Telephone Field,recover-20220922,001,1795
560.4925,560.5038,22890,27583,Nyctalus leisleri,0.012,0.023,-1,Echolocation,/mnt/ubna_data_02_mir/recover-20220922/UBNA_001/20220921_090000.WAV,Telephone Field,recover-20220922,001,1795
560.5575,560.5937,68437,81751,Rhinolophus ferrumequinum,0.024,0.024,-1,Echolocation,/mnt/ubna_data_02_mir/recover-20220922/UBNA_001/20220921_090000.WAV,Telephone Field,recover-20220922,001,1795
560.5665,560.6074,68437,82032,Rhinolophus ferrumequinum,0.024,0.024,-1,Echolocation,/mnt/ubna_data_02_mir/recover-20220922/UBNA_001/20220921_090000.WAV,Telephone Field,recover-20220922,001,1795
560.5955,560.6101,23750,29148,Nyctalus leisleri,0.019,0.042,-1,Echolocation,/mnt/ubna_data_02_mir/recover-20220922/UBNA_001/20220921_090000.WAV,Telephone Field,recover-20220922,001,1795
560.6125,560.646,68437,81158,Rhinolophus ferrumequinum,0.021,0.021,-1,Echolocation,/mnt/ubna_data_02_mir/recover-20220922/UBNA_001/20220921_090000.WAV,Telephone Field,recover-20220922,001,1795
560.6215,560.6572,68437,81384,Rhinolophus ferrumequinum,0.021,0.021,-1,Echolocation,/mnt/ubna_data_02_mir/recover-20220922/UBNA_001/20220921_090000.WAV,Telephone Field,recover-20220922,001,1795
560.6455,560.6526,28046,38326,Eptesicus serotinus,0.006,0.021,-1,Echolocation,/mnt/ubna_data_02_mir/recover-20220922/UBNA_001/20220921_090000.WAV,Telephone Field,recover-20220922,001,1795
560.6525,560.6919,68437,82724,Rhinolophus ferrumequinum,0.021,0.021,-1,Echolocation,/mnt/ubna_data_02_mir/recover-20220922/UBNA_001/20220921_090000.WAV,Telephone Field,recover-20220922,001,1795
560.6675,560.6778,22890,27304,Nyctalus leisleri,0.013,0.023,-1,Echolocation,/mnt/ubna_data_02_mir/recover-20220922/UBNA_001/20220921_090000.WAV,Telephone Field,recover-20220922,001,1795
560.7115,560.7513,68437,82729,Rhinolophus ferrumequinum,0.034,0.034,-1,Echolocation,/mnt/ubna_data_02_mir/recover-20220922/UBNA_001/20220921_090000.WAV,Telephone Field,recover-20220922,001,1795
560.7405,560.7796,68437,81637,Rhinolophus ferrumequinum,0.024,0.024,-1,Echolocation,/mnt/ubna_data_02_mir/recover-20220922/UBNA_001/20220921_090000.WAV,Telephone Field,recover-20220922,001,1795
560.7425,560.7532,14296,19815,Nyctalus noctula,0.01,0.022,-1,Echolocation,/mnt/ubna_data_02_mir/recover-20220922/UBNA_001/20220921_090000.WAV,Telephone Field,recover-20220922,001,1795
560.8035,560.814,25468,31928,Eptesicus serotinus,0.01,0.023,-1,Echolocation,/mnt/ubna_data_02_mir/recover-20220922/UBNA_001/20220921_090000.WAV,Telephone Field,recover-20220922,001,1795
560.8235,560.8307,24609,34296,Plecotus austriacus,0.01,0.027,-1,Echolocation,/mnt/ubna_data_02_mir/recover-20220922/UBNA_001/20220921_090000.WAV,Telephone Field,recover-20220922,001,1795
560.8485000000001,560.89,68437,82870,Rhinolophus ferrumequinum,0.037,0.037,-1,Echolocation,/mnt/ubna_data_02_mir/recover-20220922/UBNA_001/20220921_090000.WAV,Telephone Field,recover-20220922,001,1795
560.9055,560.913,27187,39123,Eptesicus serotinus,0.007,0.022,-1,Echolocation,/mnt/ubna_data_02_mir/recover-20220922/UBNA_001/20220921_090000.WAV,Telephone Field,recover-20220922,001,1795
560.9535,560.9642,22890,28348,Nyctalus leisleri,0.011,0.024,-1,Echolocation,/mnt/ubna_data_02_mir/recover-20220922/UBNA_001/20220921_090000.WAV,Telephone Field,recover-20220922,001,1795
560.9725,561.0096,68437,81289,Rhinolophus ferrumequinum,0.023,0.023,-1,Echolocation,/mnt/ubna_data_02_mir/recover-20220922/UBNA_001/20220921_090000.WAV,Telephone Field,recover-20220922,001,1795
560.9735000000001,560.9824,45234,54328,Pipistrellus pipistrellus,0.013,0.022,-1,Echolocation,/mnt/ubna_data_02_mir/recover-20220922/UBNA_001/20220921_090000.WAV,Telephone Field,recover-20220922,001,1795
560.9775,560.9884,23750,30093,Nyctalus leisleri,0.01,0.023,-1,Echolocation,/mnt/ubna_data_02_mir/recover-20220922/UBNA_001/20220921_090000.WAV,Telephone Field,recover-20220922,001,1795
560.9915,561.0319,68437,82206,Rhinolophus ferrumequinum,0.038,0.038,-1,Echolocation,/mnt/ubna_data_02_mir/recover-20220922/UBNA_001/20220921_090000.WAV,Telephone Field,recover-20220922,001,1795
560.9945,561.0026,28046,37449,Eptesicus serotinus,0.008,0.024,-1,Echolocation,/mnt/ubna_data_02_mir/recover-20220922/UBNA_001/20220921_090000.WAV,Telephone Field,recover-20220922,001,1795
561.0485,561.0878,68437,82412,Rhinolophus ferrumequinum,0.027,0.027,-1,Echolocation,/mnt/ubna_data_02_mir/recover-20220922/UBNA_001/20220921_090000.WAV,Telephone Field,recover-20220922,001,1795
561.0655,561.1036,68437,82138,Rhinolophus ferrumequinum,0.022,0.022,-1,Echolocation,/mnt/ubna_data_02_mir/recover-20220922/UBNA_001/20220921_090000.WAV,Telephone Field,recover-20220922,001,1795
561.1175,561.1248,28046,39910,Eptesicus serotinus,0.008,0.025,-1,Echolocation,/mnt/ubna_data_02_mir/recover-20220922/UBNA_001/20220921_090000.WAV,Telephone Field,recover-20220922,001,1795
561.1375,561.1479,27187,33924,Eptesicus serotinus,0.015,0.029,-1,Echolocation,/mnt/ubna_data_02_mir/recover-20220922/UBNA_001/20220921_090000.WAV,Telephone Field,recover-20220922,001,1795
561.1555,561.1945,68437,81912,Rhinolophus ferrumequinum,0.022,0.022,-1,Echolocation,/mnt/ubna_data_02_mir/recover-20220922/UBNA_001/20220921_090000.WAV,Telephone Field,recover-20220922,001,1795
561.1585,561.166,28046,38920,Eptesicus serotinus,0.01,0.03,-1,Echolocation,/mnt/ubna_data_02_mir/recover-20220922/UBNA_001/20220921_090000.WAV,Telephone Field,recover-20220922,001,1795
561.1965,561.2325,68437,81831,Rhinolophus ferrumequinum,0.023,0.023,-1,Echolocation,/mnt/ubna_data_02_mir/recover-20220922/UBNA_001/20220921_090000.WAV,Telephone Field,recover-20220922,001,1795
561.2115,561.2533,68437,82813,Rhinolophus ferrumequinum,0.035,0.035,-1,Echolocation,/mnt/ubna_data_02_mir/recover-20220922/UBNA_001/20220921_090000.WAV,Telephone Field,recover-20220922,001,1795
561.2325,561.2725,68437,82408,Rhinolophus ferrumequinum,0.025,0.026,-1,Echolocation,/mnt/ubna_data_02_mir/recover-20220922/UBNA_001/20220921_090000.WAV,Telephone Field,recover-20220922,001,1795
561.2615,561.2703,46953,51884,Pipistrellus pipistrellus,0.025,0.026,-1,Echolocation,/mnt/ubna_data_02_mir/recover-20220922/UBNA_001/20220921_090000.WAV,Telephone Field,recover-20220922,001,1795
561.2835,561.3194,68437,81926,Rhinolophus ferrumequinum,0.026,0.026,-1,Echolocation,/mnt/ubna_data_02_mir/recover-20220922/UBNA_001/20220921_090000.WAV,Telephone Field,recover-20220922,001,1795
561.2945,561.3321,68437,81791,Rhinolophus ferrumequinum,0.021,0.021,-1,Echolocation,/mnt/ubna_data_02_mir/recover-20220922/UBNA_001/20220921_090000.WAV,Telephone Field,recover-20220922,001,1795
561.3035,561.3103,27187,43537,Eptesicus serotinus,0.007,0.024,-1,Echolocation,/mnt/ubna_data_02_mir/recover-20220922/UBNA_001/20220921_090000.WAV,Telephone Field,recover-20220922,001,1795
561.3355,561.344,27187,38464,Eptesicus serotinus,0.008,0.029,-1,Echolocation,/mnt/ubna_data_02_mir/recover-20220922/UBNA_001/20220921_090000.WAV,Telephone Field,recover-20220922,001,1795
561.3485000000001,561.3573,44375,49320,Pipistrellus pipistrellus,0.027,0.029,-1,Echolocation,/mnt/ubna_data_02_mir/recover-20220922/UBNA_001/20220921_090000.WAV,Telephone Field,recover-20220922,001,1795
561.3495,561.3898,68437,82967,Rhinolophus ferrumequinum,0.023,0.023,-1,Echolocation,/mnt/ubna_data_02_mir/recover-20220922/UBNA_001/20220921_090000.WAV,Telephone Field,recover-20220922,001,1795
561.3645,561.4032,68437,82172,Rhinolophus ferrumequinum,0.022,0.022,-1,Echolocation,/mnt/ubna_data_02_mir/recover-20220922/UBNA_001/20220921_090000.WAV,Telephone Field,recover-20220922,001,1795
561.3685,561.3787,22031,27043,Nyctalus leisleri,0.011,0.026,-1,Echolocation,/mnt/ubna_data_02_mir/recover-20220922/UBNA_001/20220921_090000.WAV,Telephone Field,recover-20220922,001,1795
561.3745,561.4144,68437,82809,Rhinolophus ferrumequinum,0.024,0.024,-1,Echolocation,/mnt/ubna_data_02_mir/recover-20220922/UBNA_001/20220921_090000.WAV,Telephone Field,recover-20220922,001,1795
561.3995,561.4092,24609,31742,Eptesicus serotinus,0.009,0.025,-1,Echolocation,/mnt/ubna_data_02_mir/recover-20220922/UBNA_001/20220921_090000.WAV,Telephone Field,recover-20220922,001,1795
561.4045,561.4387,68437,81337,Rhinolophus ferrumequinum,0.023,0.023,-1,Echolocation,/mnt/ubna_data_02_mir/recover-20220922/UBNA_001/20220921_090000.WAV,Telephone Field,recover-20220922,001,1795
561.4135,561.4199,28046,46898,Myotis daubentonii,0.007,0.026,-1,Echolocation,/mnt/ubna_data_02_mir/recover-20220922/UBNA_001/20220921_090000.WAV,Telephone Field,recover-20220922,001,1795
561.4155,561.448,68437,79953,Rhinolophus ferrumequinum,0.021,0.021,-1,Echolocation,/mnt/ubna_data_02_mir/recover-20220922/UBNA_001/20220921_090000.WAV,Telephone Field,recover-20220922,001,1795
561.4445,561.4543,22890,28677,Nyctalus leisleri,0.008,0.021,-1,Echolocation,/mnt/ubna_data_02_mir/recover-20220922/UBNA_001/20220921_090000.WAV,Telephone Field,recover-20220922,001,1795
561.4495,561.4884,68437,81805,Rhinolophus ferrumequinum,0.025,0.025,-1,Echolocation,/mnt/ubna_data_02_mir/recover-20220922/UBNA_001/20220921_090000.WAV,Telephone Field,recover-20220922,001,1795
561.4665,561.4754,28046,37009,Eptesicus serotinus,0.009,0.022,-1,Echolocation,/mnt/ubna_data_02_mir/recover-20220922/UBNA_001/20220921_090000.WAV,Telephone Field,recover-20220922,001,1795
561.4745,561.5147,68437,82192,Rhinolophus ferrumequinum,0.022,0.022,-1,Echolocation,/mnt/ubna_data_02_mir/recover-20220922/UBNA_001/20220921_090000.WAV,Telephone Field,recover-20220922,001,1795
561.4985,561.5367,68437,81625,Rhinolophus ferrumequinum,0.022,0.022,-1,Echolocation,/mnt/ubna_data_02_mir/recover-20220922/UBNA_001/20220921_090000.WAV,Telephone Field,recover-20220922,001,1795
561.5245,561.5363,24609,30243,Nyctalus leisleri,0.011,0.025,-1,Echolocation,/mnt/ubna_data_02_mir/recover-20220922/UBNA_001/20220921_090000.WAV,Telephone Field,recover-20220922,001,1795
561.5385,561.5495,28906,35934,Eptesicus serotinus,0.014,0.026,-1,Echolocation,/mnt/ubna_data_02_mir/recover-20220922/UBNA_001/20220921_090000.WAV,Telephone Field,recover-20220922,001,1795
561.5575,561.5674,14296,23122,Nyctalus noctula,0.011,0.025,-1,Echolocation,/mnt/ubna_data_02_mir/recover-20220922/UBNA_001/20220921_090000.WAV,Telephone Field,recover-20220922,001,1795
561.5575,561.5651,28046,41981,Eptesicus serotinus,0.008,0.024,-1,Echolocation,/mnt/ubna_data_02_mir/recover-20220922/UBNA_001/20220921_090000.WAV,Telephone Field,recover-20220922,001,1795
561.5605,561.6006,68437,82141,Rhinolophus ferrumequinum,0.023,0.023,-1,Echolocation,/mnt/ubna_data_02_mir/recover-20220922/UBNA_001/20220921_090000.WAV,Telephone Field,recover-20220922,001,1795
561.6055,561.6138,45234,49908,Pipistrellus pipistrellus,0.027,0.028,-1,Echolocation,/mnt/ubna_data_02_mir/recover-20220922/UBNA_001/20220921_090000.WAV,Telephone Field,recover-20220922,001,1795
561.6065,561.6442,68437,81902,Rhinolophus ferrumequinum,0.031,0.031,-1,Echolocation,/mnt/ubna_data_02_mir/recover-20220922/UBNA_001/20220921_090000.WAV,Telephone Field,recover-20220922,001,1795
561.6155,561.6563,68437,82534,Rhinolophus ferrumequinum,0.031,0.031,-1,Echolocation,/mnt/ubna_data_02_mir/recover-20220922/UBNA_001/20220921_090000.WAV,Telephone Field,recover-20220922,001,1795
561.6415,561.6798,68437,81821,Rhinolophus ferrumequinum,0.023,0.023,-1,Echolocation,/mnt/ubna_data_02_mir/recover-20220922/UBNA_001/20220921_090000.WAV,Telephone Field,recover-20220922,001,1795
561.6625,561.6691,28046,36908,Eptesicus serotinus,0.007,0.022,-1,Echolocation,/mnt/ubna_data_02_mir/recover-20220922/UBNA_001/20220921_090000.WAV,Telephone Field,recover-20220922,001,1795
561.6785,561.7179,68437,82331,Rhinolophus ferrumequinum,0.023,0.023,-1,Echolocation,/mnt/ubna_data_02_mir/recover-20220922/UBNA_001/20220921_090000.WAV,Telephone Field,recover-20220922,001,1795
561.6865,561.7272,68437,82661,Rhinolophus ferrumequinum,0.022,0.022,-1,Echolocation,/mnt/ubna_data_02_mir/recover-20220922/UBNA_001/20220921_090000.WAV,Telephone Field,recover-20220922,001,1795
561.7405,561.7823,68437,82695,Rhinolophus ferrumequinum,0.027,0.027,-1,Echolocation,/mnt/ubna_data_02_mir/recover-20220922/UBNA_001/20220921_090000.WAV,Telephone Field,recover-20220922,001,1795
561.7485,561.7551,23750,33774,Plecotus austriacus,0.02,0.04,-1,Echolocation,/mnt/ubna_data_02_mir/recover-20220922/UBNA_001/20220921_090000.WAV,Telephone Field,recover-20220922,001,1795
561.7585,561.7663,28046,37417,Eptesicus serotinus,0.007,0.022,-1,Echolocation,/mnt/ubna_data_02_mir/recover-20220922/UBNA_001/20220921_090000.WAV,Telephone Field,recover-20220922,001,1795
561.7655,561.8062,68437,82861,Rhinolophus ferrumequinum,0.025,0.025,-1,Echolocation,/mnt/ubna_data_02_mir/recover-20220922/UBNA_001/20220921_090000.WAV,Telephone Field,recover-20220922,001,1795
561.7865,561.8231,68437,81691,Rhinolophus ferrumequinum,0.021,0.021,-1,Echolocation,/mnt/ubna_data_02_mir/recover-20220922/UBNA_001/20220921_090000.WAV,Telephone Field,recover-20220922,001,1795
561.7925,561.833,68437,82119,Rhinolophus ferrumequinum,0.021,0.021,-1,Echolocation,/mnt/ubna_data_02_mir/recover-20220922/UBNA_001/20220921_090000.WAV,Telephone Field,recover-20220922,001,1795
561.8305,561.8416,23750,30106,Nyctalus leisleri,0.01,0.025,-1,Echolocation,/mnt/ubna_data_02_mir/recover-20220922/UBNA_001/20220921_090000.WAV,Telephone Field,recover-20220922,001,1795
561.8545,561.8955,68437,82258,Rhinolophus ferrumequinum,0.022,0.022,-1,Echolocation,/mnt/ubna_data_02_mir/recover-20220922/UBNA_001/20220921_090000.WAV,Telephone Field,recover-20220922,001,1795
561.8665,561.909,68437,82264,Rhinolophus ferrumequinum,0.024,0.024,-1,Echolocation,/mnt/ubna_data_02_mir/recover-20220922/UBNA_001/20220921_090000.WAV,Telephone Field,recover-20220922,001,1795
561.8745,561.9118,68437,83019,Rhinolophus ferrumequinum,0.024,0.024,-1,Echolocation,/mnt/ubna_data_02_mir/recover-20220922/UBNA_001/20220921_090000.WAV,Telephone Field,recover-20220922,001,1795
561.9005,561.9108,22890,28723,Nyctalus leisleri,0.009,0.022,-1,Echolocation,/mnt/ubna_data_02_mir/recover-20220922/UBNA_001/20220921_090000.WAV,Telephone Field,recover-20220922,001,1795
561.9045,561.9111,27187,38402,Eptesicus serotinus,0.005,0.021,-1,Echolocation,/mnt/ubna_data_02_mir/recover-20220922/UBNA_001/20220921_090000.WAV,Telephone Field,recover-20220922,001,1795
561.9115,561.9541,68437,83989,Rhinolophus ferrumequinum,0.032,0.033,-1,Echolocation,/mnt/ubna_data_02_mir/recover-20220922/UBNA_001/20220921_090000.WAV,Telephone Field,recover-20220922,001,1795
561.9235,561.9607,68437,82391,Rhinolophus ferrumequinum,0.021,0.021,-1,Echolocation,/mnt/ubna_data_02_mir/recover-20220922/UBNA_001/20220921_090000.WAV,Telephone Field,recover-20220922,001,1795
561.9315,561.9668,68437,81647,Rhinolophus ferrumequinum,0.023,0.023,-1,Echolocation,/mnt/ubna_data_02_mir/recover-20220922/UBNA_001/20220921_090000.WAV,Telephone Field,recover-20220922,001,1795
561.9715,561.979,28046,39509,Eptesicus serotinus,0.008,0.026,-1,Echolocation,/mnt/ubna_data_02_mir/recover-20220922/UBNA_001/20220921_090000.WAV,Telephone Field,recover-20220922,001,1795
562.0015,562.0112,26328,32965,Nyctalus leisleri,0.019,0.044,-1,Echolocation,/mnt/ubna_data_02_mir/recover-20220922/UBNA_001/20220921_090000.WAV,Telephone Field,recover-20220922,001,1795
562.0015,562.0339,68437,80215,Rhinolophus ferrumequinum,0.029,0.03,-1,Echolocation,/mnt/ubna_data_02_mir/recover-20220922/UBNA_001/20220921_090000.WAV,Telephone Field,recover-20220922,001,1795
562.0015,562.0125,45234,49481,Pipistrellus pipistrellus,0.025,0.029,-1,Echolocation,/mnt/ubna_data_02_mir/recover-20220922/UBNA_001/20220921_090000.WAV,Telephone Field,recover-20220922,001,1795
562.0105,562.0532,68437,82782,Rhinolophus ferrumequinum,0.023,0.023,-1,Echolocation,/mnt/ubna_data_02_mir/recover-20220922/UBNA_001/20220921_090000.WAV,Telephone Field,recover-20220922,001,1795
562.0435,562.0798,68437,81816,Rhinolophus ferrumequinum,0.021,0.022,-1,Echolocation,/mnt/ubna_data_02_mir/recover-20220922/UBNA_001/20220921_090000.WAV,Telephone Field,recover-20220922,001,1795
562.1395,562.151,23750,29000,Nyctalus leisleri,0.011,0.025,-1,Echolocation,/mnt/ubna_data_02_mir/recover-20220922/UBNA_001/20220921_090000.WAV,Telephone Field,recover-20220922,001,1795
562.1695,562.2042,68437,81338,Rhinolophus ferrumequinum,0.021,0.021,-1,Echolocation,/mnt/ubna_data_02_mir/recover-20220922/UBNA_001/20220921_090000.WAV,Telephone Field,recover-20220922,001,1795
562.1955,562.2031,28046,40272,Eptesicus serotinus,0.007,0.023,-1,Echolocation,/mnt/ubna_data_02_mir/recover-20220922/UBNA_001/20220921_090000.WAV,Telephone Field,recover-20220922,001,1795
562.2255,562.2333,26328,34343,Eptesicus serotinus,0.007,0.027,-1,Echolocation,/mnt/ubna_data_02_mir/recover-20220922/UBNA_001/20220921_090000.WAV,Telephone Field,recover-20220922,001,1795
562.2545,562.268,22890,26596,Nyctalus leisleri,0.022,0.035,-1,Echolocation,/mnt/ubna_data_02_mir/recover-20220922/UBNA_001/20220921_090000.WAV,Telephone Field,recover-20220922,001,1795
562.2825,562.3211,68437,81858,Rhinolophus ferrumequinum,0.023,0.023,-1,Echolocation,/mnt/ubna_data_02_mir/recover-20220922/UBNA_001/20220921_090000.WAV,Telephone Field,recover-20220922,001,1795
562.2925,562.3036,23750,29312,Nyctalus leisleri,0.012,0.026,-1,Echolocation,/mnt/ubna_data_02_mir/recover-20220922/UBNA_001/20220921_090000.WAV,Telephone Field,recover-20220922,001,1795
562.3195,562.3287,27187,37304,Eptesicus serotinus,0.009,0.021,-1,Echolocation,/mnt/ubna_data_02_mir/recover-20220922/UBNA_001/20220921_090000.WAV,Telephone Field,recover-20220922,001,1795
562.3715,562.4105,68437,82731,Rhinolophus ferrumequinum,0.027,0.027,-1,Echolocation,/mnt/ubna_data_02_mir/recover-20220922/UBNA_001/20220921_090000.WAV,Telephone Field,recover-20220922,001,1795
562.4745,562.4862,26328,32415,Eptesicus serotinus,0.01,0.022,-1,Echolocation,/mnt/ubna_data_02_mir/recover-20220922/UBNA_001/20220921_090000.WAV,Telephone Field,recover-20220922,001,1795
562.4995,562.5069,27187,40265,Eptesicus serotinus,0.009,0.024,-1,Echolocation,/mnt/ubna_data_02_mir/recover-20220922/UBNA_001/20220921_090000.WAV,Telephone Field,recover-20220922,001,1795
562.6035,562.644,68437,82022,Rhinolophus ferrumequinum,0.022,0.022,-1,Echolocation,/mnt/ubna_data_02_mir/recover-20220922/UBNA_001/20220921_090000.WAV,Telephone Field,recover-20220922,001,1795
562.6865,562.7221,68437,81776,Rhinolophus ferrumequinum,0.021,0.021,-1,Echolocation,/mnt/ubna_data_02_mir/recover-20220922/UBNA_001/20220921_090000.WAV,Telephone Field,recover-20220922,001,1795
562.6935,562.7011,28046,39195,Eptesicus serotinus,0.007,0.025,-1,Echolocation,/mnt/ubna_data_02_mir/recover-20220922/UBNA_001/20220921_090000.WAV,Telephone Field,recover-20220922,001,1795
562.7225,562.7635,68437,81938,Rhinolophus ferrumequinum,0.027,0.027,-1,Echolocation,/mnt/ubna_data_02_mir/recover-20220922/UBNA_001/20220921_090000.WAV,Telephone Field,recover-20220922,001,1795
562.7595,562.7978,68437,82059,Rhinolophus ferrumequinum,0.024,0.024,-1,Echolocation,/mnt/ubna_data_02_mir/recover-20220922/UBNA_001/20220921_090000.WAV,Telephone Field,recover-20220922,001,1795
562.8035,562.8128,33203,40417,Myotis daubentonii,0.005,0.022,-1,Echolocation,/mnt/ubna_data_02_mir/recover-20220922/UBNA_001/20220921_090000.WAV,Telephone Field,recover-20220922,001,1795
562.8075,562.8472,68437,82515,Rhinolophus ferrumequinum,0.022,0.022,-1,Echolocation,/mnt/ubna_data_02_mir/recover-20220922/UBNA_001/20220921_090000.WAV,Telephone Field,recover-20220922,001,1795
562.8425,562.8818,68437,82039,Rhinolophus ferrumequinum,0.021,0.021,-1,Echolocation,/mnt/ubna_data_02_mir/recover-20220922/UBNA_001/20220921_090000.WAV,Telephone Field,recover-20220922,001,1795
562.8565,562.8643,27187,40805,Eptesicus serotinus,0.017,0.041,-1,Echolocation,/mnt/ubna_data_02_mir/recover-20220922/UBNA_001/20220921_090000.WAV,Telephone Field,recover-20220922,001,1795
562.8945,562.936,68437,82588,Rhinolophus ferrumequinum,0.028,0.028,-1,Echolocation,/mnt/ubna_data_02_mir/recover-20220922/UBNA_001/20220921_090000.WAV,Telephone Field,recover-20220922,001,1795
562.9055,562.9207,44375,48319,Pipistrellus pipistrellus,0.066,0.076,-1,Echolocation,/mnt/ubna_data_02_mir/recover-20220922/UBNA_001/20220921_090000.WAV,Telephone Field,recover-20220922,001,1795
562.9275,562.9604,68437,80688,Rhinolophus ferrumequinum,0.021,0.021,-1,Echolocation,/mnt/ubna_data_02_mir/recover-20220922/UBNA_001/20220921_090000.WAV,Telephone Field,recover-20220922,001,1795
562.9605,562.9679,28906,40936,Eptesicus serotinus,0.007,0.023,-1,Echolocation,/mnt/ubna_data_02_mir/recover-20220922/UBNA_001/20220921_090000.WAV,Telephone Field,recover-20220922,001,1795
562.9645,562.9733,22890,30496,Plecotus austriacus,0.009,0.024,-1,Echolocation,/mnt/ubna_data_02_mir/recover-20220922/UBNA_001/20220921_090000.WAV,Telephone Field,recover-20220922,001,1795
562.9735000000001,563.0096,68437,81507,Rhinolophus ferrumequinum,0.021,0.021,-1,Echolocation,/mnt/ubna_data_02_mir/recover-20220922/UBNA_001/20220921_090000.WAV,Telephone Field,recover-20220922,001,1795
563.0264999999999,563.0358,28906,37090,Eptesicus serotinus,0.013,0.028,-1,Echolocation,/mnt/ubna_data_02_mir/recover-20220922/UBNA_001/20220921_090000.WAV,Telephone Field,recover-20220922,001,1795
563.0565,563.0689,21171,24734,Nyctalus leisleri,0.013,0.021,-1,Echolocation,/mnt/ubna_data_02_mir/recover-20220922/UBNA_001/20220921_090000.WAV,Telephone Field,recover-20220922,001,1795
563.0585,563.0984,68437,82577,Rhinolophus ferrumequinum,0.023,0.023,-1,Echolocation,/mnt/ubna_data_02_mir/recover-20220922/UBNA_001/20220921_090000.WAV,Telephone Field,recover-20220922,001,1795
563.1115,563.1221,23750,29586,Nyctalus leisleri,0.013,0.028,-1,Echolocation,/mnt/ubna_data_02_mir/recover-20220922/UBNA_001/20220921_090000.WAV,Telephone Field,recover-20220922,001,1795
563.1505,563.1586,28046,38842,Eptesicus serotinus,0.007,0.021,-1,Echolocation,/mnt/ubna_data_02_mir/recover-20220922/UBNA_001/20220921_090000.WAV,Telephone Field,recover-20220922,001,1795
563.1665,563.2053,68437,82268,Rhinolophus ferrumequinum,0.033,0.033,-1,Echolocation,/mnt/ubna_data_02_mir/recover-20220922/UBNA_001/20220921_090000.WAV,Telephone Field,recover-20220922,001,1795
563.2275,563.2362,28046,38417,Eptesicus serotinus,0.009,0.023,-1,Echolocation,/mnt/ubna_data_02_mir/recover-20220922/UBNA_001/20220921_090000.WAV,Telephone Field,recover-20220922,001,1795
563.2395,563.277,68437,82119,Rhinolophus ferrumequinum,0.024,0.024,-1,Echolocation,/mnt/ubna_data_02_mir/recover-20220922/UBNA_001/20220921_090000.WAV,Telephone Field,recover-20220922,001,1795
563.2595,563.2701,27187,34241,Eptesicus serotinus,0.01,0.024,-1,Echolocation,/mnt/ubna_data_02_mir/recover-20220922/UBNA_001/20220921_090000.WAV,Telephone Field,recover-20220922,001,1795
563.2835,563.2916,28046,37028,Eptesicus serotinus,0.013,0.03,-1,Echolocation,/mnt/ubna_data_02_mir/recover-20220922/UBNA_001/20220921_090000.WAV,Telephone Field,recover-20220922,001,1795
563.3045,563.3413,68437,81953,Rhinolophus ferrumequinum,0.021,0.021,-1,Echolocation,/mnt/ubna_data_02_mir/recover-20220922/UBNA_001/20220921_090000.WAV,Telephone Field,recover-20220922,001,1795
563.3195,563.3573,68437,81838,Rhinolophus ferrumequinum,0.021,0.021,-1,Echolocation,/mnt/ubna_data_02_mir/recover-20220922/UBNA_001/20220921_090000.WAV,Telephone Field,recover-20220922,001,1795
563.3295,563.3403,28906,35685,Eptesicus serotinus,0.009,0.021,-1,Echolocation,/mnt/ubna_data_02_mir/recover-20220922/UBNA_001/20220921_090000.WAV,Telephone Field,recover-20220922,001,1795
563.3485000000001,563.3886,68437,82559,Rhinolophus ferrumequinum,0.027,0.027,-1,Echolocation,/mnt/ubna_data_02_mir/recover-20220922/UBNA_001/20220921_090000.WAV,Telephone Field,recover-20220922,001,1795
563.3685,563.4092,68437,83157,Rhinolophus ferrumequinum,0.032,0.032,-1,Echolocation,/mnt/ubna_data_02_mir/recover-20220922/UBNA_001/20220921_090000.WAV,Telephone Field,recover-20220922,001,1795
563.3925,563.4034,28906,35277,Eptesicus serotinus,0.016,0.033,-1,Echolocation,/mnt/ubna_data_02_mir/recover-20220922/UBNA_001/20220921_090000.WAV,Telephone Field,recover-20220922,001,1795
563.4545,563.4618,26328,36302,Eptesicus serotinus,0.008,0.026,-1,Echolocation,/mnt/ubna_data_02_mir/recover-20220922/UBNA_001/20220921_090000.WAV,Telephone Field,recover-20220922,001,1795
563.4685,563.5106,68437,82951,Rhinolophus ferrumequinum,0.022,0.022,-1,Echolocation,/mnt/ubna_data_02_mir/recover-20220922/UBNA_001/20220921_090000.WAV,Telephone Field,recover-20220922,001,1795
563.4845,563.5215,68437,81910,Rhinolophus ferrumequinum,0.024,0.024,-1,Echolocation,/mnt/ubna_data_02_mir/recover-20220922/UBNA_001/20220921_090000.WAV,Telephone Field,recover-20220922,001,1795
563.4955,563.5359,68437,82735,Rhinolophus ferrumequinum,0.024,0.024,-1,Echolocation,/mnt/ubna_data_02_mir/recover-20220922/UBNA_001/20220921_090000.WAV,Telephone Field,recover-20220922,001,1795
563.5025,563.5136,22890,28548,Nyctalus leisleri,0.011,0.023,-1,Echolocation,/mnt/ubna_data_02_mir/recover-20220922/UBNA_001/20220921_090000.WAV,Telephone Field,recover-20220922,001,1795
563.5175,563.5592,68437,83228,Rhinolophus ferrumequinum,0.04,0.04,-1,Echolocation,/mnt/ubna_data_02_mir/recover-20220922/UBNA_001/20220921_090000.WAV,Telephone Field,recover-20220922,001,1795
563.5264999999999,563.5659,68437,81888,Rhinolophus ferrumequinum,0.023,0.023,-1,Echolocation,/mnt/ubna_data_02_mir/recover-20220922/UBNA_001/20220921_090000.WAV,Telephone Field,recover-20220922,001,1795
563.5275,563.5345,26328,35560,Eptesicus serotinus,0.007,0.026,-1,Echolocation,/mnt/ubna_data_02_mir/recover-20220922/UBNA_001/20220921_090000.WAV,Telephone Field,recover-20220922,001,1795
563.6035,563.6424,68437,82754,Rhinolophus ferrumequinum,0.024,0.024,-1,Echolocation,/mnt/ubna_data_02_mir/recover-20220922/UBNA_001/20220921_090000.WAV,Telephone Field,recover-20220922,001,1795
563.6495,563.6564,27187,40211,Eptesicus serotinus,0.01,0.033,-1,Echolocation,/mnt/ubna_data_02_mir/recover-20220922/UBNA_001/20220921_090000.WAV,Telephone Field,recover-20220922,001,1795
563.6615,563.6719,24609,31278,Nyctalus leisleri,0.012,0.031,-1,Echolocation,/mnt/ubna_data_02_mir/recover-20220922/UBNA_001/20220921_090000.WAV,Telephone Field,recover-20220922,001,1795
563.7015,563.7111,27187,38812,Eptesicus serotinus,0.009,0.023,-1,Echolocation,/mnt/ubna_data_02_mir/recover-20220922/UBNA_001/20220921_090000.WAV,Telephone Field,recover-20220922,001,1795
563.7025,563.7159,54687,59787,Pipistrellus pygmaeus,0.021,0.026,-1,Echolocation,/mnt/ubna_data_02_mir/recover-20220922/UBNA_001/20220921_090000.WAV,Telephone Field,recover-20220922,001,1795
563.7085,563.7451,68437,81918,Rhinolophus ferrumequinum,0.022,0.022,-1,Echolocation,/mnt/ubna_data_02_mir/recover-20220922/UBNA_001/20220921_090000.WAV,Telephone Field,recover-20220922,001,1795
563.7445,563.7843,68437,82736,Rhinolophus ferrumequinum,0.025,0.025,-1,Echolocation,/mnt/ubna_data_02_mir/recover-20220922/UBNA_001/20220921_090000.WAV,Telephone Field,recover-20220922,001,1795
563.7685,563.8067,68437,82462,Rhinolophus ferrumequinum,0.021,0.021,-1,Echolocation,/mnt/ubna_data_02_mir/recover-20220922/UBNA_001/20220921_090000.WAV,Telephone Field,recover-20220922,001,1795
563.7825,563.7916,26328,33864,Eptesicus serotinus,0.009,0.026,-1,Echolocation,/mnt/ubna_data_02_mir/recover-20220922/UBNA_001/20220921_090000.WAV,Telephone Field,recover-20220922,001,1795
563.7835,563.817,68437,81188,Rhinolophus ferrumequinum,0.024,0.024,-1,Echolocation,/mnt/ubna_data_02_mir/recover-20220922/UBNA_001/20220921_090000.WAV,Telephone Field,recover-20220922,001,1795
563.8135,563.8527,68437,82653,Rhinolophus ferrumequinum,0.022,0.022,-1,Echolocation,/mnt/ubna_data_02_mir/recover-20220922/UBNA_001/20220921_090000.WAV,Telephone Field,recover-20220922,001,1795
563.8225,563.8626,68437,82387,Rhinolophus ferrumequinum,0.021,0.022,-1,Echolocation,/mnt/ubna_data_02_mir/recover-20220922/UBNA_001/20220921_090000.WAV,Telephone Field,recover-20220922,001,1795
563.8735,563.9122,68437,82171,Rhinolophus ferrumequinum,0.022,0.022,-1,Echolocation,/mnt/ubna_data_02_mir/recover-20220922/UBNA_001/20220921_090000.WAV,Telephone Field,recover-20220922,001,1795
563.9005,563.9077,27187,40602,Eptesicus serotinus,0.006,0.022,-1,Echolocation,/mnt/ubna_data_02_mir/recover-20220922/UBNA_001/20220921_090000.WAV,Telephone Field,recover-20220922,001,1795
563.9305,563.9407,22890,28678,Nyctalus leisleri,0.009,0.021,-1,Echolocation,/mnt/ubna_data_02_mir/recover-20220922/UBNA_001/20220921_090000.WAV,Telephone Field,recover-20220922,001,1795
563.9485,563.9592,23750,29981,Nyctalus leisleri,0.014,0.033,-1,Echolocation,/mnt/ubna_data_02_mir/recover-20220922/UBNA_001/20220921_090000.WAV,Telephone Field,recover-20220922,001,1795
563.9605,563.9979,68437,82353,Rhinolophus ferrumequinum,0.024,0.024,-1,Echolocation,/mnt/ubna_data_02_mir/recover-20220922/UBNA_001/20220921_090000.WAV,Telephone Field,recover-20220922,001,1795
563.9765,563.9847,28046,38040,Eptesicus serotinus,0.007,0.022,-1,Echolocation,/mnt/ubna_data_02_mir/recover-20220922/UBNA_001/20220921_090000.WAV,Telephone Field,recover-20220922,001,1795
564.0015,564.0092,25468,34776,Nyctalus leisleri,0.007,0.024,-1,Echolocation,/mnt/ubna_data_02_mir/recover-20220922/UBNA_001/20220921_090000.WAV,Telephone Field,recover-20220922,001,1795
564.0015,564.0079,47812,56527,Pipistrellus pipistrellus,0.018,0.024,-1,Echolocation,/mnt/ubna_data_02_mir/recover-20220922/UBNA_001/20220921_090000.WAV,Telephone Field,recover-20220922,001,1795
564.0015,564.0364,68437,80356,Rhinolophus ferrumequinum,0.04,0.04,-1,Echolocation,/mnt/ubna_data_02_mir/recover-20220922/UBNA_001/20220921_090000.WAV,Telephone Field,recover-20220922,001,1795
564.0165,564.0267,23750,30146,Nyctalus leisleri,0.008,0.021,-1,Echolocation,/mnt/ubna_data_02_mir/recover-20220922/UBNA_001/20220921_090000.WAV,Telephone Field,recover-20220922,001,1795
564.0285,564.0683,68437,82334,Rhinolophus ferrumequinum,0.024,0.024,-1,Echolocation,/mnt/ubna_data_02_mir/recover-20220922/UBNA_001/20220921_090000.WAV,Telephone Field,recover-20220922,001,1795
564.0295,564.0355,28046,39687,Eptesicus serotinus,0.007,0.031,-1,Echolocation,/mnt/ubna_data_02_mir/recover-20220922/UBNA_001/20220921_090000.WAV,Telephone Field,recover-20220922,001,1795
564.0345,564.0756,68437,82711,Rhinolophus ferrumequinum,0.022,0.022,-1,Echolocation,/mnt/ubna_data_02_mir/recover-20220922/UBNA_001/20220921_090000.WAV,Telephone Field,recover-20220922,001,1795
564.0515,564.059,27187,35918,Eptesicus serotinus,0.015,0.039,-1,Echolocation,/mnt/ubna_data_02_mir/recover-20220922/UBNA_001/20220921_090000.WAV,Telephone Field,recover-20220922,001,1795
564.0685,564.1111,68437,82977,Rhinolophus ferrumequinum,0.028,0.028,-1,Echolocation,/mnt/ubna_data_02_mir/recover-20220922/UBNA_001/20220921_090000.WAV,Telephone Field,recover-20220922,001,1795
564.0745,564.1172,68437,83012,Rhinolophus ferrumequinum,0.028,0.028,-1,Echolocation,/mnt/ubna_data_02_mir/recover-20220922/UBNA_001/20220921_090000.WAV,Telephone Field,recover-20220922,001,1795
564.0835,564.0922,28046,36854,Eptesicus serotinus,0.008,0.022,-1,Echolocation,/mnt/ubna_data_02_mir/recover-20220922/UBNA_001/20220921_090000.WAV,Telephone Field,recover-20220922,001,1795
564.1015,564.1115,24609,32338,Eptesicus serotinus,0.009,0.024,-1,Echolocation,/mnt/ubna_data_02_mir/recover-20220922/UBNA_001/20220921_090000.WAV,Telephone Field,recover-20220922,001,1795
564.1265,564.1332,28046,40737,Eptesicus serotinus,0.008,0.033,-1,Echolocation,/mnt/ubna_data_02_mir/recover-20220922/UBNA_001/20220921_090000.WAV,Telephone Field,recover-20220922,001,1795
564.1705,564.2131,68437,82409,Rhinolophus ferrumequinum,0.03,0.03,-1,Echolocation,/mnt/ubna_data_02_mir/recover-20220922/UBNA_001/20220921_090000.WAV,Telephone Field,recover-20220922,001,1795
564.2115,564.2501,68437,81993,Rhinolophus ferrumequinum,0.025,0.025,-1,Echolocation,/mnt/ubna_data_02_mir/recover-20220922/UBNA_001/20220921_090000.WAV,Telephone Field,recover-20220922,001,1795
564.2715,564.3071,68437,81306,Rhinolophus ferrumequinum,0.021,0.021,-1,Echolocation,/mnt/ubna_data_02_mir/recover-20220922/UBNA_001/20220921_090000.WAV,Telephone Field,recover-20220922,001,1795
564.2805,564.3205,68437,82788,Rhinolophus ferrumequinum,0.028,0.028,-1,Echolocation,/mnt/ubna_data_02_mir/recover-20220922/UBNA_001/20220921_090000.WAV,Telephone Field,recover-20220922,001,1795
564.3075,564.315,27187,38733,Eptesicus serotinus,0.007,0.022,-1,Echolocation,/mnt/ubna_data_02_mir/recover-20220922/UBNA_001/20220921_090000.WAV,Telephone Field,recover-20220922,001,1795
564.3115,564.3508,68437,81846,Rhinolophus ferrumequinum,0.024,0.024,-1,Echolocation,/mnt/ubna_data_02_mir/recover-20220922/UBNA_001/20220921_090000.WAV,Telephone Field,recover-20220922,001,1795
564.3345,564.374,68437,81058,Rhinolophus ferrumequinum,0.024,0.024,-1,Echolocation,/mnt/ubna_data_02_mir/recover-20220922/UBNA_001/20220921_090000.WAV,Telephone Field,recover-20220922,001,1795
564.3475,564.3843,68437,81345,Rhinolophus ferrumequinum,0.033,0.033,-1,Echolocation,/mnt/ubna_data_02_mir/recover-20220922/UBNA_001/20220921_090000.WAV,Telephone Field,recover-20220922,001,1795
564.3525,564.3618,23750,31640,Plecotus austriacus,0.009,0.027,-1,Echolocation,/mnt/ubna_data_02_mir/recover-20220922/UBNA_001/20220921_090000.WAV,Telephone Field,recover-20220922,001,1795
564.3905,564.3977,29765,39790,Myotis daubentonii,0.009,0.03,-1,Echolocation,/mnt/ubna_data_02_mir/recover-20220922/UBNA_001/20220921_090000.WAV,Telephone Field,recover-20220922,001,1795
564.4014999999999,564.4088,28046,39272,Eptesicus serotinus,0.007,0.024,-1,Echolocation,/mnt/ubna_data_02_mir/recover-20220922/UBNA_001/20220921_090000.WAV,Telephone Field,recover-20220922,001,1795
564.4265,564.4639999999999,68437,81539,Rhinolophus ferrumequinum,0.025,0.025,-1,Echolocation,/mnt/ubna_data_02_mir/recover-20220922/UBNA_001/20220921_090000.WAV,Telephone Field,recover-20220922,001,1795
564.4515,564.4935,68437,83284,Rhinolophus ferrumequinum,0.025,0.025,-1,Echolocation,/mnt/ubna_data_02_mir/recover-20220922/UBNA_001/20220921_090000.WAV,Telephone Field,recover-20220922,001,1795
564.4755,564.5168,68437,83091,Rhinolophus ferrumequinum,0.031,0.031,-1,Echolocation,/mnt/ubna_data_02_mir/recover-20220922/UBNA_001/20220921_090000.WAV,Telephone Field,recover-20220922,001,1795
564.5275,564.5707,68437,82816,Rhinolophus ferrumequinum,0.036,0.036,-1,Echolocation,/mnt/ubna_data_02_mir/recover-20220922/UBNA_001/20220921_090000.WAV,Telephone Field,recover-20220922,001,1795
564.5605,564.5729,28906,35377,Eptesicus serotinus,0.044,0.065,-1,Echolocation,/mnt/ubna_data_02_mir/recover-20220922/UBNA_001/20220921_090000.WAV,Telephone Field,recover-20220922,001,1795
564.5935,564.602,25468,35054,Eptesicus serotinus,0.008,0.023,-1,Echolocation,/mnt/ubna_data_02_mir/recover-20220922/UBNA_001/20220921_090000.WAV,Telephone Field,recover-20220922,001,1795
564.6195,564.638,18593,22384,Nyctalus noctula,0.015,0.027,-1,Echolocation,/mnt/ubna_data_02_mir/recover-20220922/UBNA_001/20220921_090000.WAV,Telephone Field,recover-20220922,001,1795
564.6325,564.6704,68437,82025,Rhinolophus ferrumequinum,0.022,0.022,-1,Echolocation,/mnt/ubna_data_02_mir/recover-20220922/UBNA_001/20220921_090000.WAV,Telephone Field,recover-20220922,001,1795
564.6514999999999,564.662,23750,29424,Nyctalus leisleri,0.009,0.021,-1,Echolocation,/mnt/ubna_data_02_mir/recover-20220922/UBNA_001/20220921_090000.WAV,Telephone Field,recover-20220922,001,1795
564.6595,564.6976,68437,82038,Rhinolophus ferrumequinum,0.022,0.022,-1,Echolocation,/mnt/ubna_data_02_mir/recover-20220922/UBNA_001/20220921_090000.WAV,Telephone Field,recover-20220922,001,1795
564.6665,564.6762,28906,37413,Eptesicus serotinus,0.011,0.027,-1,Echolocation,/mnt/ubna_data_02_mir/recover-20220922/UBNA_001/20220921_090000.WAV,Telephone Field,recover-20220922,001,1795
564.6875,564.6977,22031,27817,Nyctalus leisleri,0.012,0.032,-1,Echolocation,/mnt/ubna_data_02_mir/recover-20220922/UBNA_001/20220921_090000.WAV,Telephone Field,recover-20220922,001,1795
564.6975,564.7343,68437,81937,Rhinolophus ferrumequinum,0.022,0.022,-1,Echolocation,/mnt/ubna_data_02_mir/recover-20220922/UBNA_001/20220921_090000.WAV,Telephone Field,recover-20220922,001,1795
564.7275,564.768,68437,82045,Rhinolophus ferrumequinum,0.028,0.028,-1,Echolocation,/mnt/ubna_data_02_mir/recover-20220922/UBNA_001/20220921_090000.WAV,Telephone Field,recover-20220922,001,1795
564.7345,564.746,22031,27098,Nyctalus leisleri,0.015,0.03,-1,Echolocation,/mnt/ubna_data_02_mir/recover-20220922/UBNA_001/20220921_090000.WAV,Telephone Field,recover-20220922,001,1795
564.7405,564.7597,19453,22751,Nyctalus leisleri,0.016,0.031,-1,Echolocation,/mnt/ubna_data_02_mir/recover-20220922/UBNA_001/20220921_090000.WAV,Telephone Field,recover-20220922,001,1795
564.7435,564.7841,68437,82433,Rhinolophus ferrumequinum,0.023,0.023,-1,Echolocation,/mnt/ubna_data_02_mir/recover-20220922/UBNA_001/20220921_090000.WAV,Telephone Field,recover-20220922,001,1795
564.7625,564.7706000000001,26328,35472,Eptesicus serotinus,0.009,0.027,-1,Echolocation,/mnt/ubna_data_02_mir/recover-20220922/UBNA_001/20220921_090000.WAV,Telephone Field,recover-20220922,001,1795
564.7865,564.7975,22031,26473,Nyctalus leisleri,0.013,0.025,-1,Echolocation,/mnt/ubna_data_02_mir/recover-20220922/UBNA_001/20220921_090000.WAV,Telephone Field,recover-20220922,001,1795
564.7955,564.8362,68437,82011,Rhinolophus ferrumequinum,0.025,0.025,-1,Echolocation,/mnt/ubna_data_02_mir/recover-20220922/UBNA_001/20220921_090000.WAV,Telephone Field,recover-20220922,001,1795
564.8185,564.8578,68437,82292,Rhinolophus ferrumequinum,0.022,0.022,-1,Echolocation,/mnt/ubna_data_02_mir/recover-20220922/UBNA_001/20220921_090000.WAV,Telephone Field,recover-20220922,001,1795
564.8205,564.8279,28906,37757,Eptesicus serotinus,0.007,0.025,-1,Echolocation,/mnt/ubna_data_02_mir/recover-20220922/UBNA_001/20220921_090000.WAV,Telephone Field,recover-20220922,001,1795
564.8535,564.8706999999999,20312,22792,Nyctalus leisleri,0.016,0.024,-1,Echolocation,/mnt/ubna_data_02_mir/recover-20220922/UBNA_001/20220921_090000.WAV,Telephone Field,recover-20220922,001,1795
564.8765,564.8868,22890,28119,Nyctalus leisleri,0.011,0.022,-1,Echolocation,/mnt/ubna_data_02_mir/recover-20220922/UBNA_001/20220921_090000.WAV,Telephone Field,recover-20220922,001,1795
564.8875,564.9249,68437,82231,Rhinolophus ferrumequinum,0.022,0.022,-1,Echolocation,/mnt/ubna_data_02_mir/recover-20220922/UBNA_001/20220921_090000.WAV,Telephone Field,recover-20220922,001,1795
564.9255,564.9696,68437,83285,Rhinolophus ferrumequinum,0.033,0.033,-1,Echolocation,/mnt/ubna_data_02_mir/recover-20220922/UBNA_001/20220921_090000.WAV,Telephone Field,recover-20220922,001,1795
564.9415,564.982,68437,82722,Rhinolophus ferrumequinum,0.026,0.027,-1,Echolocation,/mnt/ubna_data_02_mir/recover-20220922/UBNA_001/20220921_090000.WAV,Telephone Field,recover-20220922,001,1795
564.9875,565.0229,68437,81905,Rhinolophus ferrumequinum,0.022,0.022,-1,Echolocation,/mnt/ubna_data_02_mir/recover-20220922/UBNA_001/20220921_090000.WAV,Telephone Field,recover-20220922,001,1795
564.9925,565.0019,28906,37505,Eptesicus serotinus,0.009,0.024,-1,Echolocation,/mnt/ubna_data_02_mir/recover-20220922/UBNA_001/20220921_090000.WAV,Telephone Field,recover-20220922,001,1795
565.0175,565.0264999999999,28046,37339,Eptesicus serotinus,0.008,0.023,-1,Echolocation,/mnt/ubna_data_02_mir/recover-20220922/UBNA_001/20220921_090000.WAV,Telephone Field,recover-20220922,001,1795
565.0425,565.0806,68437,81765,Rhinolophus ferrumequinum,0.034,0.034,-1,Echolocation,/mnt/ubna_data_02_mir/recover-20220922/UBNA_001/20220921_090000.WAV,Telephone Field,recover-20220922,001,1795
565.0675,565.1026,68437,80887,Rhinolophus ferrumequinum,0.023,0.023,-1,Echolocation,/mnt/ubna_data_02_mir/recover-20220922/UBNA_001/20220921_090000.WAV,Telephone Field,recover-20220922,001,1795
565.0755,565.0819,25468,36360,Plecotus austriacus,0.012,0.041,-1,Echolocation,/mnt/ubna_data_02_mir/recover-20220922/UBNA_001/20220921_090000.WAV,Telephone Field,recover-20220922,001,1795
565.0955,565.1360999999999,68437,82556,Rhinolophus ferrumequinum,0.025,0.025,-1,Echolocation,/mnt/ubna_data_02_mir/recover-20220922/UBNA_001/20220921_090000.WAV,Telephone Field,recover-20220922,001,1795
565.1195,565.127,27187,44341,Eptesicus serotinus,0.007,0.022,-1,Echolocation,/mnt/ubna_data_02_mir/recover-20220922/UBNA_001/20220921_090000.WAV,Telephone Field,recover-20220922,001,1795
565.1565,565.1899,68437,81447,Rhinolophus ferrumequinum,0.021,0.021,-1,Echolocation,/mnt/ubna_data_02_mir/recover-20220922/UBNA_001/20220921_090000.WAV,Telephone Field,recover-20220922,001,1795
565.1725,565.2101,68437,82377,Rhinolophus ferrumequinum,0.021,0.021,-1,Echolocation,/mnt/ubna_data_02_mir/recover-20220922/UBNA_001/20220921_090000.WAV,Telephone Field,recover-20220922,001,1795
565.1755,565.1828,28906,40453,Eptesicus serotinus,0.009,0.03,-1,Echolocation,/mnt/ubna_data_02_mir/recover-20220922/UBNA_001/20220921_090000.WAV,Telephone Field,recover-20220922,001,1795
565.1835,565.2205,68437,81898,Rhinolophus ferrumequinum,0.021,0.021,-1,Echolocation,/mnt/ubna_data_02_mir/recover-20220922/UBNA_001/20220921_090000.WAV,Telephone Field,recover-20220922,001,1795
565.1955,565.2336,68437,82190,Rhinolophus ferrumequinum,0.024,0.024,-1,Echolocation,/mnt/ubna_data_02_mir/recover-20220922/UBNA_001/20220921_090000.WAV,Telephone Field,recover-20220922,001,1795
565.3035,565.3258,19453,22202,Nyctalus leisleri,0.016,0.03,-1,Echolocation,/mnt/ubna_data_02_mir/recover-20220922/UBNA_001/20220921_090000.WAV,Telephone Field,recover-20220922,001,1795
565.3585,565.3982,68437,82455,Rhinolophus ferrumequinum,0.022,0.022,-1,Echolocation,/mnt/ubna_data_02_mir/recover-20220922/UBNA_001/20220921_090000.WAV,Telephone Field,recover-20220922,001,1795
565.3675,565.4091,68437,82976,Rhinolophus ferrumequinum,0.024,0.024,-1,Echolocation,/mnt/ubna_data_02_mir/recover-20220922/UBNA_001/20220921_090000.WAV,Telephone Field,recover-20220922,001,1795
565.3905,565.3979,25468,35777,Eptesicus serotinus,0.006,0.024,-1,Echolocation,/mnt/ubna_data_02_mir/recover-20220922/UBNA_001/20220921_090000.WAV,Telephone Field,recover-20220922,001,1795
565.4285,565.4631,68437,80929,Rhinolophus ferrumequinum,0.023,0.023,-1,Echolocation,/mnt/ubna_data_02_mir/recover-20220922/UBNA_001/20220921_090000.WAV,Telephone Field,recover-20220922,001,1795
565.4875,565.5278,68437,82760,Rhinolophus ferrumequinum,0.024,0.025,-1,Echolocation,/mnt/ubna_data_02_mir/recover-20220922/UBNA_001/20220921_090000.WAV,Telephone Field,recover-20220922,001,1795
565.5015,565.5409,68437,81783,Rhinolophus ferrumequinum,0.023,0.023,-1,Echolocation,/mnt/ubna_data_02_mir/recover-20220922/UBNA_001/20220921_090000.WAV,Telephone Field,recover-20220922,001,1795
565.5075,565.5447,68437,82213,Rhinolophus ferrumequinum,0.027,0.027,-1,Echolocation,/mnt/ubna_data_02_mir/recover-20220922/UBNA_001/20220921_090000.WAV,Telephone Field,recover-20220922,001,1795
565.6295,565.6379,28906,38002,Eptesicus serotinus,0.008,0.022,-1,Echolocation,/mnt/ubna_data_02_mir/recover-20220922/UBNA_001/20220921_090000.WAV,Telephone Field,recover-20220922,001,1795
565.6545,565.6672,22890,27709,Nyctalus leisleri,0.025,0.045,-1,Echolocation,/mnt/ubna_data_02_mir/recover-20220922/UBNA_001/20220921_090000.WAV,Telephone Field,recover-20220922,001,1795
565.6795,565.7179,68437,82465,Rhinolophus ferrumequinum,0.021,0.022,-1,Echolocation,/mnt/ubna_data_02_mir/recover-20220922/UBNA_001/20220921_090000.WAV,Telephone Field,recover-20220922,001,1795
565.7025,565.7423,68437,82487,Rhinolophus ferrumequinum,0.022,0.022,-1,Echolocation,/mnt/ubna_data_02_mir/recover-20220922/UBNA_001/20220921_090000.WAV,Telephone Field,recover-20220922,001,1795
565.7225,565.7592,68437,81697,Rhinolophus ferrumequinum,0.024,0.024,-1,Echolocation,/mnt/ubna_data_02_mir/recover-20220922/UBNA_001/20220921_090000.WAV,Telephone Field,recover-20220922,001,1795
565.7275,565.737,28046,36755,Eptesicus serotinus,0.009,0.022,-1,Echolocation,/mnt/ubna_data_02_mir/recover-20220922/UBNA_001/20220921_090000.WAV,Telephone Field,recover-20220922,001,1795
565.7395,565.7772,68437,81887,Rhinolophus ferrumequinum,0.023,0.023,-1,Echolocation,/mnt/ubna_data_02_mir/recover-20220922/UBNA_001/20220921_090000.WAV,Telephone Field,recover-20220922,001,1795
565.7764999999999,565.8112,68437,81671,Rhinolophus ferrumequinum,0.021,0.021,-1,Echolocation,/mnt/ubna_data_02_mir/recover-20220922/UBNA_001/20220921_090000.WAV,Telephone Field,recover-20220922,001,1795
565.8115,565.8463,68437,80751,Rhinolophus ferrumequinum,0.026,0.026,-1,Echolocation,/mnt/ubna_data_02_mir/recover-20220922/UBNA_001/20220921_090000.WAV,Telephone Field,recover-20220922,001,1795
565.8435,565.8509,28046,37042,Eptesicus serotinus,0.007,0.024,-1,Echolocation,/mnt/ubna_data_02_mir/recover-20220922/UBNA_001/20220921_090000.WAV,Telephone Field,recover-20220922,001,1795
565.8805,565.8893,51250,56463,Pipistrellus pipistrellus,0.02,0.023,-1,Echolocation,/mnt/ubna_data_02_mir/recover-20220922/UBNA_001/20220921_090000.WAV,Telephone Field,recover-20220922,001,1795
565.9175,565.9571,68437,82834,Rhinolophus ferrumequinum,0.026,0.026,-1,Echolocation,/mnt/ubna_data_02_mir/recover-20220922/UBNA_001/20220921_090000.WAV,Telephone Field,recover-20220922,001,1795
565.9315,565.9377,32343,44562,Myotis daubentonii,0.011,0.022,-1,Echolocation,/mnt/ubna_data_02_mir/recover-20220922/UBNA_001/20220921_090000.WAV,Telephone Field,recover-20220922,001,1795
565.9315,565.9377,27187,41611,Eptesicus serotinus,0.006,0.022,-1,Echolocation,/mnt/ubna_data_02_mir/recover-20220922/UBNA_001/20220921_090000.WAV,Telephone Field,recover-20220922,001,1795
565.9845,565.9941,24609,33142,Eptesicus serotinus,0.009,0.029,-1,Echolocation,/mnt/ubna_data_02_mir/recover-20220922/UBNA_001/20220921_090000.WAV,Telephone Field,recover-20220922,001,1795
566.0015,566.0101,25468,33919,Nyctalus leisleri,0.008,0.027,-1,Echolocation,/mnt/ubna_data_02_mir/recover-20220922/UBNA_001/20220921_090000.WAV,Telephone Field,recover-20220922,001,1795
566.0015,566.0316,68437,79840,Rhinolophus ferrumequinum,0.026,0.027,-1,Echolocation,/mnt/ubna_data_02_mir/recover-20220922/UBNA_001/20220921_090000.WAV,Telephone Field,recover-20220922,001,1795
566.0015,566.0098,48671,55507,Pipistrellus pipistrellus,0.019,0.025,-1,Echolocation,/mnt/ubna_data_02_mir/recover-20220922/UBNA_001/20220921_090000.WAV,Telephone Field,recover-20220922,001,1795
566.0015,566.0096,30625,41015,Myotis daubentonii,0.008,0.024,-1,Echolocation,/mnt/ubna_data_02_mir/recover-20220922/UBNA_001/20220921_090000.WAV,Telephone Field,recover-20220922,001,1795
566.0115,566.0202,28046,40600,Eptesicus serotinus,0.009,0.024,-1,Echolocation,/mnt/ubna_data_02_mir/recover-20220922/UBNA_001/20220921_090000.WAV,Telephone Field,recover-20220922,001,1795
566.0125,566.0197000000001,49531,55206,Pipistrellus pipistrellus,0.02,0.023,-1,Echolocation,/mnt/ubna_data_02_mir/recover-20220922/UBNA_001/20220921_090000.WAV,Telephone Field,recover-20220922,001,1795
566.0765,566.1154,68437,81888,Rhinolophus ferrumequinum,0.023,0.023,-1,Echolocation,/mnt/ubna_data_02_mir/recover-20220922/UBNA_001/20220921_090000.WAV,Telephone Field,recover-20220922,001,1795
566.0995,566.1074,25468,35268,Eptesicus serotinus,0.008,0.03,-1,Echolocation,/mnt/ubna_data_02_mir/recover-20220922/UBNA_001/20220921_090000.WAV,Telephone Field,recover-20220922,001,1795
566.1085,566.1201,24609,30134,Nyctalus leisleri,0.011,0.027,-1,Echolocation,/mnt/ubna_data_02_mir/recover-20220922/UBNA_001/20220921_090000.WAV,Telephone Field,recover-20220922,001,1795
566.1125,566.1528,68437,83062,Rhinolophus ferrumequinum,0.029,0.029,-1,Echolocation,/mnt/ubna_data_02_mir/recover-20220922/UBNA_001/20220921_090000.WAV,Telephone Field,recover-20220922,001,1795
566.1475,566.1849,68437,82041,Rhinolophus ferrumequinum,0.028,0.028,-1,Echolocation,/mnt/ubna_data_02_mir/recover-20220922/UBNA_001/20220921_090000.WAV,Telephone Field,recover-20220922,001,1795
566.1855,566.1969,28046,35657,Eptesicus serotinus,0.012,0.024,-1,Echolocation,/mnt/ubna_data_02_mir/recover-20220922/UBNA_001/20220921_090000.WAV,Telephone Field,recover-20220922,001,1795
566.1945,566.2061,28046,34171,Eptesicus serotinus,0.014,0.028,-1,Echolocation,/mnt/ubna_data_02_mir/recover-20220922/UBNA_001/20220921_090000.WAV,Telephone Field,recover-20220922,001,1795
566.1955,566.2328,68437,81745,Rhinolophus ferrumequinum,0.022,0.023,-1,Echolocation,/mnt/ubna_data_02_mir/recover-20220922/UBNA_001/20220921_090000.WAV,Telephone Field,recover-20220922,001,1795
566.2305,566.2696,68437,81688,Rhinolophus ferrumequinum,0.027,0.027,-1,Echolocation,/mnt/ubna_data_02_mir/recover-20220922/UBNA_001/20220921_090000.WAV,Telephone Field,recover-20220922,001,1795
566.2485,566.2591,25468,31596,Eptesicus serotinus,0.009,0.023,-1,Echolocation,/mnt/ubna_data_02_mir/recover-20220922/UBNA_001/20220921_090000.WAV,Telephone Field,recover-20220922,001,1795
566.2715,566.2782,24609,33320,Plecotus austriacus,0.008,0.023,-1,Echolocation,/mnt/ubna_data_02_mir/recover-20220922/UBNA_001/20220921_090000.WAV,Telephone Field,recover-20220922,001,1795
566.2935,566.3308,68437,81570,Rhinolophus ferrumequinum,0.024,0.024,-1,Echolocation,/mnt/ubna_data_02_mir/recover-20220922/UBNA_001/20220921_090000.WAV,Telephone Field,recover-20220922,001,1795
566.3165,566.3558,68437,82520,Rhinolophus ferrumequinum,0.023,0.023,-1,Echolocation,/mnt/ubna_data_02_mir/recover-20220922/UBNA_001/20220921_090000.WAV,Telephone Field,recover-20220922,001,1795
566.3795,566.4186,68437,82224,Rhinolophus ferrumequinum,0.022,0.022,-1,Echolocation,/mnt/ubna_data_02_mir/recover-20220922/UBNA_001/20220921_090000.WAV,Telephone Field,recover-20220922,001,1795
566.4095,566.4448,68437,81022,Rhinolophus ferrumequinum,0.026,0.026,-1,Echolocation,/mnt/ubna_data_02_mir/recover-20220922/UBNA_001/20220921_090000.WAV,Telephone Field,recover-20220922,001,1795
566.4285,566.4721,68437,83429,Rhinolophus ferrumequinum,0.046,0.046,-1,Echolocation,/mnt/ubna_data_02_mir/recover-20220922/UBNA_001/20220921_090000.WAV,Telephone Field,recover-20220922,001,1795
566.4605,566.4997,68437,81920,Rhinolophus ferrumequinum,0.023,0.023,-1,Echolocation,/mnt/ubna_data_02_mir/recover-20220922/UBNA_001/20220921_090000.WAV,Telephone Field,recover-20220922,001,1795
566.4745,566.5141,68437,82886,Rhinolophus ferrumequinum,0.032,0.032,-1,Echolocation,/mnt/ubna_data_02_mir/recover-20220922/UBNA_001/20220921_090000.WAV,Telephone Field,recover-20220922,001,1795
566.4785,566.4857,24609,34305,Plecotus austriacus,0.007,0.022,-1,Echolocation,/mnt/ubna_data_02_mir/recover-20220922/UBNA_001/20220921_090000.WAV,Telephone Field,recover-20220922,001,1795
566.4845,566.5256,68437,82689,Rhinolophus ferrumequinum,0.023,0.023,-1,Echolocation,/mnt/ubna_data_02_mir/recover-20220922/UBNA_001/20220921_090000.WAV,Telephone Field,recover-20220922,001,1795
566.5145,566.5322,16875,21638,Nyctalus noctula,0.015,0.022,-1,Echolocation,/mnt/ubna_data_02_mir/recover-20220922/UBNA_001/20220921_090000.WAV,Telephone Field,recover-20220922,001,1795
566.5585,566.5929,68437,81356,Rhinolophus ferrumequinum,0.024,0.024,-1,Echolocation,/mnt/ubna_data_02_mir/recover-20220922/UBNA_001/20220921_090000.WAV,Telephone Field,recover-20220922,001,1795
566.5835,566.6215,68437,82323,Rhinolophus ferrumequinum,0.023,0.023,-1,Echolocation,/mnt/ubna_data_02_mir/recover-20220922/UBNA_001/20220921_090000.WAV,Telephone Field,recover-20220922,001,1795
566.6485,566.6598,22890,28282,Nyctalus leisleri,0.01,0.022,-1,Echolocation,/mnt/ubna_data_02_mir/recover-20220922/UBNA_001/20220921_090000.WAV,Telephone Field,recover-20220922,001,1795
566.6695,566.677,27187,40188,Eptesicus serotinus,0.009,0.025,-1,Echolocation,/mnt/ubna_data_02_mir/recover-20220922/UBNA_001/20220921_090000.WAV,Telephone Field,recover-20220922,001,1795
566.7055,566.744,68437,82583,Rhinolophus ferrumequinum,0.023,0.023,-1,Echolocation,/mnt/ubna_data_02_mir/recover-20220922/UBNA_001/20220921_090000.WAV,Telephone Field,recover-20220922,001,1795
566.7415,566.7784,68437,81920,Rhinolophus ferrumequinum,0.033,0.033,-1,Echolocation,/mnt/ubna_data_02_mir/recover-20220922/UBNA_001/20220921_090000.WAV,Telephone Field,recover-20220922,001,1795
566.8275,566.8354,29765,38613,Eptesicus serotinus,0.012,0.033,-1,Echolocation,/mnt/ubna_data_02_mir/recover-20220922/UBNA_001/20220921_090000.WAV,Telephone Field,recover-20220922,001,1795
566.8695,566.9121,68437,83227,Rhinolophus ferrumequinum,0.037,0.037,-1,Echolocation,/mnt/ubna_data_02_mir/recover-20220922/UBNA_001/20220921_090000.WAV,Telephone Field,recover-20220922,001,1795
566.8815,566.8919,22031,28605,Nyctalus leisleri,0.015,0.044,-1,Echolocation,/mnt/ubna_data_02_mir/recover-20220922/UBNA_001/20220921_090000.WAV,Telephone Field,recover-20220922,001,1795
566.8985,566.9088,22031,27518,Nyctalus leisleri,0.01,0.022,-1,Echolocation,/mnt/ubna_data_02_mir/recover-20220922/UBNA_001/20220921_090000.WAV,Telephone Field,recover-20220922,001,1795
566.9515,566.991,68437,81945,Rhinolophus ferrumequinum,0.041,0.041,-1,Echolocation,/mnt/ubna_data_02_mir/recover-20220922/UBNA_001/20220921_090000.WAV,Telephone Field,recover-20220922,001,1795
566.9595,566.967,28046,41903,Eptesicus serotinus,0.008,0.025,-1,Echolocation,/mnt/ubna_data_02_mir/recover-20220922/UBNA_001/20220921_090000.WAV,Telephone Field,recover-20220922,001,1795
566.9945,567.0027,24609,33285,Plecotus austriacus,0.007,0.025,-1,Echolocation,/mnt/ubna_data_02_mir/recover-20220922/UBNA_001/20220921_090000.WAV,Telephone Field,recover-20220922,001,1795
567.0195,567.0612,68437,83108,Rhinolophus ferrumequinum,0.03,0.03,-1,Echolocation,/mnt/ubna_data_02_mir/recover-20220922/UBNA_001/20220921_090000.WAV,Telephone Field,recover-20220922,001,1795
567.0205,567.0309,28906,35853,Eptesicus serotinus,0.014,0.028,-1,Echolocation,/mnt/ubna_data_02_mir/recover-20220922/UBNA_001/20220921_090000.WAV,Telephone Field,recover-20220922,001,1795
567.0515,567.0902,68437,82385,Rhinolophus ferrumequinum,0.03,0.03,-1,Echolocation,/mnt/ubna_data_02_mir/recover-20220922/UBNA_001/20220921_090000.WAV,Telephone Field,recover-20220922,001,1795
567.0555,567.0636,28046,39689,Eptesicus serotinus,0.008,0.023,-1,Echolocation,/mnt/ubna_data_02_mir/recover-20220922/UBNA_001/20220921_090000.WAV,Telephone Field,recover-20220922,001,1795
567.0625,567.1011,68437,82036,Rhinolophus ferrumequinum,0.023,0.023,-1,Echolocation,/mnt/ubna_data_02_mir/recover-20220922/UBNA_001/20220921_090000.WAV,Telephone Field,recover-20220922,001,1795
567.0925,567.1345,68437,82678,Rhinolophus ferrumequinum,0.054,0.054,-1,Echolocation,/mnt/ubna_data_02_mir/recover-20220922/UBNA_001/20220921_090000.WAV,Telephone Field,recover-20220922,001,1795
567.1195,567.1595,68437,82846,Rhinolophus ferrumequinum,0.037,0.037,-1,Echolocation,/mnt/ubna_data_02_mir/recover-20220922/UBNA_001/20220921_090000.WAV,Telephone Field,recover-20220922,001,1795
567.1245,567.1325,22890,30482,Plecotus austriacus,0.01,0.023,-1,Echolocation,/mnt/ubna_data_02_mir/recover-20220922/UBNA_001/20220921_090000.WAV,Telephone Field,recover-20220922,001,1795
567.1275,567.1357,48671,53886,Pipistrellus pipistrellus,0.021,0.024,-1,Echolocation,/mnt/ubna_data_02_mir/recover-20220922/UBNA_001/20220921_090000.WAV,Telephone Field,recover-20220922,001,1795
567.1505,567.1625,22890,27841,Nyctalus leisleri,0.012,0.023,-1,Echolocation,/mnt/ubna_data_02_mir/recover-20220922/UBNA_001/20220921_090000.WAV,Telephone Field,recover-20220922,001,1795
567.1655,567.2013,68437,81738,Rhinolophus ferrumequinum,0.023,0.023,-1,Echolocation,/mnt/ubna_data_02_mir/recover-20220922/UBNA_001/20220921_090000.WAV,Telephone Field,recover-20220922,001,1795
567.2045,567.2437,68437,82200,Rhinolophus ferrumequinum,0.03,0.03,-1,Echolocation,/mnt/ubna_data_02_mir/recover-20220922/UBNA_001/20220921_090000.WAV,Telephone Field,recover-20220922,001,1795
567.2355,567.2759,68437,82345,Rhinolophus ferrumequinum,0.026,0.026,-1,Echolocation,/mnt/ubna_data_02_mir/recover-20220922/UBNA_001/20220921_090000.WAV,Telephone Field,recover-20220922,001,1795
567.2645,567.2999,68437,81830,Rhinolophus ferrumequinum,0.031,0.031,-1,Echolocation,/mnt/ubna_data_02_mir/recover-20220922/UBNA_001/20220921_090000.WAV,Telephone Field,recover-20220922,001,1795
567.2665,567.2766,28906,36158,Eptesicus serotinus,0.012,0.025,-1,Echolocation,/mnt/ubna_data_02_mir/recover-20220922/UBNA_001/20220921_090000.WAV,Telephone Field,recover-20220922,001,1795
567.3185,567.329,27187,34962,Eptesicus serotinus,0.012,0.023,-1,Echolocation,/mnt/ubna_data_02_mir/recover-20220922/UBNA_001/20220921_090000.WAV,Telephone Field,recover-20220922,001,1795
567.3305,567.3705,68437,82195,Rhinolophus ferrumequinum,0.028,0.028,-1,Echolocation,/mnt/ubna_data_02_mir/recover-20220922/UBNA_001/20220921_090000.WAV,Telephone Field,recover-20220922,001,1795
567.3435,567.3833,68437,82685,Rhinolophus ferrumequinum,0.027,0.027,-1,Echolocation,/mnt/ubna_data_02_mir/recover-20220922/UBNA_001/20220921_090000.WAV,Telephone Field,recover-20220922,001,1795
567.3675,567.4022,68437,81288,Rhinolophus ferrumequinum,0.026,0.026,-1,Echolocation,/mnt/ubna_data_02_mir/recover-20220922/UBNA_001/20220921_090000.WAV,Telephone Field,recover-20220922,001,1795
567.3835,567.3922,47812,53557,Pipistrellus pipistrellus,0.025,0.028,-1,Echolocation,/mnt/ubna_data_02_mir/recover-20220922/UBNA_001/20220921_090000.WAV,Telephone Field,recover-20220922,001,1795
567.4625,567.4695,28046,39654,Eptesicus serotinus,0.007,0.023,-1,Echolocation,/mnt/ubna_data_02_mir/recover-20220922/UBNA_001/20220921_090000.WAV,Telephone Field,recover-20220922,001,1795
567.4635,567.4713,23750,32517,Plecotus austriacus,0.009,0.023,-1,Echolocation,/mnt/ubna_data_02_mir/recover-20220922/UBNA_001/20220921_090000.WAV,Telephone Field,recover-20220922,001,1795
567.4635,567.5041,68437,82405,Rhinolophus ferrumequinum,0.022,0.022,-1,Echolocation,/mnt/ubna_data_02_mir/recover-20220922/UBNA_001/20220921_090000.WAV,Telephone Field,recover-20220922,001,1795
567.4715,567.5116,68437,82740,Rhinolophus ferrumequinum,0.025,0.025,-1,Echolocation,/mnt/ubna_data_02_mir/recover-20220922/UBNA_001/20220921_090000.WAV,Telephone Field,recover-20220922,001,1795
567.4795,567.5206000000001,68437,82690,Rhinolophus ferrumequinum,0.023,0.023,-1,Echolocation,/mnt/ubna_data_02_mir/recover-20220922/UBNA_001/20220921_090000.WAV,Telephone Field,recover-20220922,001,1795
567.4865,567.4944,28046,41515,Eptesicus serotinus,0.008,0.022,-1,Echolocation,/mnt/ubna_data_02_mir/recover-20220922/UBNA_001/20220921_090000.WAV,Telephone Field,recover-20220922,001,1795
567.5125,567.5502,68437,82165,Rhinolophus ferrumequinum,0.022,0.022,-1,Echolocation,/mnt/ubna_data_02_mir/recover-20220922/UBNA_001/20220921_090000.WAV,Telephone Field,recover-20220922,001,1795
567.5195,567.5578,68437,82398,Rhinolophus ferrumequinum,0.026,0.026,-1,Echolocation,/mnt/ubna_data_02_mir/recover-20220922/UBNA_001/20220921_090000.WAV,Telephone Field,recover-20220922,001,1795
567.5305,567.5708,68437,82432,Rhinolophus ferrumequinum,0.023,0.023,-1,Echolocation,/mnt/ubna_data_02_mir/recover-20220922/UBNA_001/20220921_090000.WAV,Telephone Field,recover-20220922,001,1795
567.5695,567.6067,68437,81458,Rhinolophus ferrumequinum,0.025,0.025,-1,Echolocation,/mnt/ubna_data_02_mir/recover-20220922/UBNA_001/20220921_090000.WAV,Telephone Field,recover-20220922,001,1795
567.5785,567.6165,68437,82718,Rhinolophus ferrumequinum,0.024,0.024,-1,Echolocation,/mnt/ubna_data_02_mir/recover-20220922/UBNA_001/20220921_090000.WAV,Telephone Field,recover-20220922,001,1795
567.6005,567.6429,68437,82746,Rhinolophus ferrumequinum,0.027,0.027,-1,Echolocation,/mnt/ubna_data_02_mir/recover-20220922/UBNA_001/20220921_090000.WAV,Telephone Field,recover-20220922,001,1795
567.6405,567.6806,68437,82493,Rhinolophus ferrumequinum,0.027,0.027,-1,Echolocation,/mnt/ubna_data_02_mir/recover-20220922/UBNA_001/20220921_090000.WAV,Telephone Field,recover-20220922,001,1795
567.6675,567.6744,28906,39616,Eptesicus serotinus,0.007,0.023,-1,Echolocation,/mnt/ubna_data_02_mir/recover-20220922/UBNA_001/20220921_090000.WAV,Telephone Field,recover-20220922,001,1795
567.7025,567.7119,28906,37150,Eptesicus serotinus,0.009,0.023,-1,Echolocation,/mnt/ubna_data_02_mir/recover-20220922/UBNA_001/20220921_090000.WAV,Telephone Field,recover-20220922,001,1795
567.7205,567.7589,68437,82049,Rhinolophus ferrumequinum,0.036,0.036,-1,Echolocation,/mnt/ubna_data_02_mir/recover-20220922/UBNA_001/20220921_090000.WAV,Telephone Field,recover-20220922,001,1795
567.7215,567.7307,22890,30031,Plecotus austriacus,0.008,0.023,-1,Echolocation,/mnt/ubna_data_02_mir/recover-20220922/UBNA_001/20220921_090000.WAV,Telephone Field,recover-20220922,001,1795
567.7445,567.7553,27187,35370,Eptesicus serotinus,0.013,0.025,-1,Echolocation,/mnt/ubna_data_02_mir/recover-20220922/UBNA_001/20220921_090000.WAV,Telephone Field,recover-20220922,001,1795
567.7555,567.7664,22031,27542,Nyctalus leisleri,0.011,0.024,-1,Echolocation,/mnt/ubna_data_02_mir/recover-20220922/UBNA_001/20220921_090000.WAV,Telephone Field,recover-20220922,001,1795
567.7795,567.7901,28906,37537,Eptesicus serotinus,0.014,0.029,-1,Echolocation,/mnt/ubna_data_02_mir/recover-20220922/UBNA_001/20220921_090000.WAV,Telephone Field,recover-20220922,001,1795
567.7885,567.8271,68437,81811,Rhinolophus ferrumequinum,0.028,0.028,-1,Echolocation,/mnt/ubna_data_02_mir/recover-20220922/UBNA_001/20220921_090000.WAV,Telephone Field,recover-20220922,001,1795
567.7965,567.8053,28906,38415,Eptesicus serotinus,0.008,0.023,-1,Echolocation,/mnt/ubna_data_02_mir/recover-20220922/UBNA_001/20220921_090000.WAV,Telephone Field,recover-20220922,001,1795
567.8295,567.8683,68437,82062,Rhinolophus ferrumequinum,0.025,0.025,-1,Echolocation,/mnt/ubna_data_02_mir/recover-20220922/UBNA_001/20220921_090000.WAV,Telephone Field,recover-20220922,001,1795
567.8395,567.8764,68437,82062,Rhinolophus ferrumequinum,0.022,0.022,-1,Echolocation,/mnt/ubna_data_02_mir/recover-20220922/UBNA_001/20220921_090000.WAV,Telephone Field,recover-20220922,001,1795
567.8615,567.902,68437,82321,Rhinolophus ferrumequinum,0.027,0.027,-1,Echolocation,/mnt/ubna_data_02_mir/recover-20220922/UBNA_001/20220921_090000.WAV,Telephone Field,recover-20220922,001,1795
567.8665,567.8759,28046,37239,Eptesicus serotinus,0.01,0.024,-1,Echolocation,/mnt/ubna_data_02_mir/recover-20220922/UBNA_001/20220921_090000.WAV,Telephone Field,recover-20220922,001,1795
567.8905,567.9252,68437,80944,Rhinolophus ferrumequinum,0.023,0.023,-1,Echolocation,/mnt/ubna_data_02_mir/recover-20220922/UBNA_001/20220921_090000.WAV,Telephone Field,recover-20220922,001,1795
567.9105,567.9197,24609,32849,Eptesicus serotinus,0.007,0.023,-1,Echolocation,/mnt/ubna_data_02_mir/recover-20220922/UBNA_001/20220921_090000.WAV,Telephone Field,recover-20220922,001,1795
567.9195,567.9589,68437,82618,Rhinolophus ferrumequinum,0.026,0.026,-1,Echolocation,/mnt/ubna_data_02_mir/recover-20220922/UBNA_001/20220921_090000.WAV,Telephone Field,recover-20220922,001,1795
567.9765,567.9844,28046,38383,Eptesicus serotinus,0.007,0.022,-1,Echolocation,/mnt/ubna_data_02_mir/recover-20220922/UBNA_001/20220921_090000.WAV,Telephone Field,recover-20220922,001,1795
568.0015,568.0103,22031,28782,Nyctalus leisleri,0.009,0.028,-1,Echolocation,/mnt/ubna_data_02_mir/recover-20220922/UBNA_001/20220921_090000.WAV,Telephone Field,recover-20220922,001,1795
568.0855,568.1238,68437,81827,Rhinolophus ferrumequinum,0.022,0.022,-1,Echolocation,/mnt/ubna_data_02_mir/recover-20220922/UBNA_001/20220921_090000.WAV,Telephone Field,recover-20220922,001,1795
568.0925,568.1309,68437,81019,Rhinolophus ferrumequinum,0.023,0.023,-1,Echolocation,/mnt/ubna_data_02_mir/recover-20220922/UBNA_001/20220921_090000.WAV,Telephone Field,recover-20220922,001,1795
568.0945,568.1037,28906,38078,Eptesicus serotinus,0.009,0.025,-1,Echolocation,/mnt/ubna_data_02_mir/recover-20220922/UBNA_001/20220921_090000.WAV,Telephone Field,recover-20220922,001,1795
568.1055,568.1154,29765,38000,Eptesicus serotinus,0.009,0.022,-1,Echolocation,/mnt/ubna_data_02_mir/recover-20220922/UBNA_001/20220921_090000.WAV,Telephone Field,recover-20220922,001,1795
568.1185,568.1588,68437,82268,Rhinolophus ferrumequinum,0.022,0.022,-1,Echolocation,/mnt/ubna_data_02_mir/recover-20220922/UBNA_001/20220921_090000.WAV,Telephone Field,recover-20220922,001,1795
568.1785,568.1853,24609,34199,Plecotus austriacus,0.006,0.023,-1,Echolocation,/mnt/ubna_data_02_mir/recover-20220922/UBNA_001/20220921_090000.WAV,Telephone Field,recover-20220922,001,1795
568.2225,568.2610999999999,68437,81346,Rhinolophus ferrumequinum,0.021,0.022,-1,Echolocation,/mnt/ubna_data_02_mir/recover-20220922/UBNA_001/20220921_090000.WAV,Telephone Field,recover-20220922,001,1795
568.2725,568.3145,68437,82407,Rhinolophus ferrumequinum,0.022,0.022,-1,Echolocation,/mnt/ubna_data_02_mir/recover-20220922/UBNA_001/20220921_090000.WAV,Telephone Field,recover-20220922,001,1795
568.2745,568.2824,28046,40942,Eptesicus serotinus,0.007,0.022,-1,Echolocation,/mnt/ubna_data_02_mir/recover-20220922/UBNA_001/20220921_090000.WAV,Telephone Field,recover-20220922,001,1795
568.3035,568.3121,28046,39934,Eptesicus serotinus,0.009,0.024,-1,Echolocation,/mnt/ubna_data_02_mir/recover-20220922/UBNA_001/20220921_090000.WAV,Telephone Field,recover-20220922,001,1795
568.3175,568.358,68437,82595,Rhinolophus ferrumequinum,0.021,0.021,-1,Echolocation,/mnt/ubna_data_02_mir/recover-20220922/UBNA_001/20220921_090000.WAV,Telephone Field,recover-20220922,001,1795
568.3255,568.3677,68437,82825,Rhinolophus ferrumequinum,0.022,0.022,-1,Echolocation,/mnt/ubna_data_02_mir/recover-20220922/UBNA_001/20220921_090000.WAV,Telephone Field,recover-20220922,001,1795
568.3325,568.3764,68437,83449,Rhinolophus ferrumequinum,0.023,0.023,-1,Echolocation,/mnt/ubna_data_02_mir/recover-20220922/UBNA_001/20220921_090000.WAV,Telephone Field,recover-20220922,001,1795
568.3645,568.404,68437,82376,Rhinolophus ferrumequinum,0.024,0.024,-1,Echolocation,/mnt/ubna_data_02_mir/recover-20220922/UBNA_001/20220921_090000.WAV,Telephone Field,recover-20220922,001,1795
568.3775,568.3852,27187,39006,Eptesicus serotinus,0.007,0.021,-1,Echolocation,/mnt/ubna_data_02_mir/recover-20220922/UBNA_001/20220921_090000.WAV,Telephone Field,recover-20220922,001,1795
568.4014999999999,568.4453,68437,83104,Rhinolophus ferrumequinum,0.028,0.028,-1,Echolocation,/mnt/ubna_data_02_mir/recover-20220922/UBNA_001/20220921_090000.WAV,Telephone Field,recover-20220922,001,1795
568.4365,568.4742,68437,82138,Rhinolophus ferrumequinum,0.024,0.024,-1,Echolocation,/mnt/ubna_data_02_mir/recover-20220922/UBNA_001/20220921_090000.WAV,Telephone Field,recover-20220922,001,1795
568.4375,568.4448,27187,40114,Eptesicus serotinus,0.006,0.021,-1,Echolocation,/mnt/ubna_data_02_mir/recover-20220922/UBNA_001/20220921_090000.WAV,Telephone Field,recover-20220922,001,1795
568.4615,568.4688,28046,41383,Eptesicus serotinus,0.007,0.021,-1,Echolocation,/mnt/ubna_data_02_mir/recover-20220922/UBNA_001/20220921_090000.WAV,Telephone Field,recover-20220922,001,1795
568.4615,568.5013,68437,82263,Rhinolophus ferrumequinum,0.023,0.023,-1,Echolocation,/mnt/ubna_data_02_mir/recover-20220922/UBNA_001/20220921_090000.WAV,Telephone Field,recover-20220922,001,1795
568.4845,568.5209,68437,81253,Rhinolophus ferrumequinum,0.025,0.026,-1,Echolocation,/mnt/ubna_data_02_mir/recover-20220922/UBNA_001/20220921_090000.WAV,Telephone Field,recover-20220922,001,1795
568.4975,568.5364,68437,81834,Rhinolophus ferrumequinum,0.023,0.023,-1,Echolocation,/mnt/ubna_data_02_mir/recover-20220922/UBNA_001/20220921_090000.WAV,Telephone Field,recover-20220922,001,1795
568.5065,568.5389,68437,80507,Rhinolophus ferrumequinum,0.022,0.022,-1,Echolocation,/mnt/ubna_data_02_mir/recover-20220922/UBNA_001/20220921_090000.WAV,Telephone Field,recover-20220922,001,1795
568.5385,568.5533,14296,18760,Nyctalus noctula,0.013,0.021,-1,Echolocation,/mnt/ubna_data_02_mir/recover-20220922/UBNA_001/20220921_090000.WAV,Telephone Field,recover-20220922,001,1795
568.5485,568.5881,68437,82269,Rhinolophus ferrumequinum,0.021,0.021,-1,Echolocation,/mnt/ubna_data_02_mir/recover-20220922/UBNA_001/20220921_090000.WAV,Telephone Field,recover-20220922,001,1795
568.5555,568.5647,23750,31392,Plecotus austriacus,0.007,0.026,-1,Echolocation,/mnt/ubna_data_02_mir/recover-20220922/UBNA_001/20220921_090000.WAV,Telephone Field,recover-20220922,001,1795
568.5745,568.5813,28046,39647,Eptesicus serotinus,0.006,0.021,-1,Echolocation,/mnt/ubna_data_02_mir/recover-20220922/UBNA_001/20220921_090000.WAV,Telephone Field,recover-20220922,001,1795
568.6015,568.6088,28046,37224,Eptesicus serotinus,0.007,0.022,-1,Echolocation,/mnt/ubna_data_02_mir/recover-20220922/UBNA_001/20220921_090000.WAV,Telephone Field,recover-20220922,001,1795
568.6195,568.6586,68437,82808,Rhinolophus ferrumequinum,0.023,0.023,-1,Echolocation,/mnt/ubna_data_02_mir/recover-20220922/UBNA_001/20220921_090000.WAV,Telephone Field,recover-20220922,001,1795
568.6445,568.6849,68437,82850,Rhinolophus ferrumequinum,0.025,0.025,-1,Echolocation,/mnt/ubna_data_02_mir/recover-20220922/UBNA_001/20220921_090000.WAV,Telephone Field,recover-20220922,001,1795
568.6745,568.7127,68437,81840,Rhinolophus ferrumequinum,0.026,0.026,-1,Echolocation,/mnt/ubna_data_02_mir/recover-20220922/UBNA_001/20220921_090000.WAV,Telephone Field,recover-20220922,001,1795
568.6765,568.6853,28046,39612,Eptesicus serotinus,0.008,0.022,-1,Echolocation,/mnt/ubna_data_02_mir/recover-20220922/UBNA_001/20220921_090000.WAV,Telephone Field,recover-20220922,001,1795
568.6795,568.6873,32343,41826,Myotis daubentonii,0.008,0.022,-1,Echolocation,/mnt/ubna_data_02_mir/recover-20220922/UBNA_001/20220921_090000.WAV,Telephone Field,recover-20220922,001,1795
568.6945,568.7328,68437,82387,Rhinolophus ferrumequinum,0.024,0.024,-1,Echolocation,/mnt/ubna_data_02_mir/recover-20220922/UBNA_001/20220921_090000.WAV,Telephone Field,recover-20220922,001,1795
568.7435,568.7507,15156,28192,Plecotus auritus,0.021,0.029,-1,Echolocation,/mnt/ubna_data_02_mir/recover-20220922/UBNA_001/20220921_090000.WAV,Telephone Field,recover-20220922,001,1795
568.7575,568.7949,68437,82224,Rhinolophus ferrumequinum,0.025,0.025,-1,Echolocation,/mnt/ubna_data_02_mir/recover-20220922/UBNA_001/20220921_090000.WAV,Telephone Field,recover-20220922,001,1795
568.7615,568.7712,28046,36251,Eptesicus serotinus,0.009,0.024,-1,Echolocation,/mnt/ubna_data_02_mir/recover-20220922/UBNA_001/20220921_090000.WAV,Telephone Field,recover-20220922,001,1795
568.7875,568.8232,68437,81796,Rhinolophus ferrumequinum,0.021,0.021,-1,Echolocation,/mnt/ubna_data_02_mir/recover-20220922/UBNA_001/20220921_090000.WAV,Telephone Field,recover-20220922,001,1795
568.7925,568.8284,68437,82103,Rhinolophus ferrumequinum,0.022,0.022,-1,Echolocation,/mnt/ubna_data_02_mir/recover-20220922/UBNA_001/20220921_090000.WAV,Telephone Field,recover-20220922,001,1795
568.8275,568.8365,28046,38030,Eptesicus serotinus,0.012,0.024,-1,Echolocation,/mnt/ubna_data_02_mir/recover-20220922/UBNA_001/20220921_090000.WAV,Telephone Field,recover-20220922,001,1795
568.8515,568.887,68437,81236,Rhinolophus ferrumequinum,0.021,0.021,-1,Echolocation,/mnt/ubna_data_02_mir/recover-20220922/UBNA_001/20220921_090000.WAV,Telephone Field,recover-20220922,001,1795
568.8775,568.885,46953,51268,Pipistrellus pipistrellus,0.02,0.022,-1,Echolocation,/mnt/ubna_data_02_mir/recover-20220922/UBNA_001/20220921_090000.WAV,Telephone Field,recover-20220922,001,1795
568.8795,568.8893,28046,38797,Eptesicus serotinus,0.01,0.024,-1,Echolocation,/mnt/ubna_data_02_mir/recover-20220922/UBNA_001/20220921_090000.WAV,Telephone Field,recover-20220922,001,1795
568.8965,568.9377,68437,82586,Rhinolophus ferrumequinum,0.026,0.026,-1,Echolocation,/mnt/ubna_data_02_mir/recover-20220922/UBNA_001/20220921_090000.WAV,Telephone Field,recover-20220922,001,1795
568.9175,568.9559,68437,81490,Rhinolophus ferrumequinum,0.023,0.023,-1,Echolocation,/mnt/ubna_data_02_mir/recover-20220922/UBNA_001/20220921_090000.WAV,Telephone Field,recover-20220922,001,1795
568.9885,569.026,68437,81926,Rhinolophus ferrumequinum,0.022,0.022,-1,Echolocation,/mnt/ubna_data_02_mir/recover-20220922/UBNA_001/20220921_090000.WAV,Telephone Field,recover-20220922,001,1795
569.0025,569.0418999999999,68437,82676,Rhinolophus ferrumequinum,0.025,0.025,-1,Echolocation,/mnt/ubna_data_02_mir/recover-20220922/UBNA_001/20220921_090000.WAV,Telephone Field,recover-20220922,001,1795
569.0125,569.0215,25468,34143,Eptesicus serotinus,0.009,0.025,-1,Echolocation,/mnt/ubna_data_02_mir/recover-20220922/UBNA_001/20220921_090000.WAV,Telephone Field,recover-20220922,001,1795
569.0625,569.097,68437,80615,Rhinolophus ferrumequinum,0.022,0.022,-1,Echolocation,/mnt/ubna_data_02_mir/recover-20220922/UBNA_001/20220921_090000.WAV,Telephone Field,recover-20220922,001,1795
569.0885,569.1,22031,26853,Nyctalus leisleri,0.011,0.022,-1,Echolocation,/mnt/ubna_data_02_mir/recover-20220922/UBNA_001/20220921_090000.WAV,Telephone Field,recover-20220922,001,1795
569.1335,569.1718,68437,82238,Rhinolophus ferrumequinum,0.021,0.021,-1,Echolocation,/mnt/ubna_data_02_mir/recover-20220922/UBNA_001/20220921_090000.WAV,Telephone Field,recover-20220922,001,1795
569.1545,569.1621,28046,41420,Eptesicus serotinus,0.007,0.021,-1,Echolocation,/mnt/ubna_data_02_mir/recover-20220922/UBNA_001/20220921_090000.WAV,Telephone Field,recover-20220922,001,1795
569.1595,569.1977,68437,81867,Rhinolophus ferrumequinum,0.022,0.023,-1,Echolocation,/mnt/ubna_data_02_mir/recover-20220922/UBNA_001/20220921_090000.WAV,Telephone Field,recover-20220922,001,1795
569.2515,569.259,24609,34399,Plecotus austriacus,0.011,0.03,-1,Echolocation,/mnt/ubna_data_02_mir/recover-20220922/UBNA_001/20220921_090000.WAV,Telephone Field,recover-20220922,001,1795
569.2665,569.2792,22031,26054,Nyctalus leisleri,0.017,0.029,-1,Echolocation,/mnt/ubna_data_02_mir/recover-20220922/UBNA_001/20220921_090000.WAV,Telephone Field,recover-20220922,001,1795
569.3235,569.3642,68437,82394,Rhinolophus ferrumequinum,0.023,0.023,-1,Echolocation,/mnt/ubna_data_02_mir/recover-20220922/UBNA_001/20220921_090000.WAV,Telephone Field,recover-20220922,001,1795
569.3505,569.3839,68437,80870,Rhinolophus ferrumequinum,0.022,0.022,-1,Echolocation,/mnt/ubna_data_02_mir/recover-20220922/UBNA_001/20220921_090000.WAV,Telephone Field,recover-20220922,001,1795
569.3645,569.3726,25468,34866,Plecotus austriacus,0.01,0.039,-1,Echolocation,/mnt/ubna_data_02_mir/recover-20220922/UBNA_001/20220921_090000.WAV,Telephone Field,recover-20220922,001,1795
569.4045,569.4126,25468,34788,Eptesicus serotinus,0.008,0.026,-1,Echolocation,/mnt/ubna_data_02_mir/recover-20220922/UBNA_001/20220921_090000.WAV,Telephone Field,recover-20220922,001,1795
569.4345,569.445,14296,19245,Nyctalus noctula,0.034,0.069,-1,Echolocation,/mnt/ubna_data_02_mir/recover-20220922/UBNA_001/20220921_090000.WAV,Telephone Field,recover-20220922,001,1795
569.4595,569.4988,68437,82660,Rhinolophus ferrumequinum,0.025,0.025,-1,Echolocation,/mnt/ubna_data_02_mir/recover-20220922/UBNA_001/20220921_090000.WAV,Telephone Field,recover-20220922,001,1795
569.4635,569.4701,27187,36580,Eptesicus serotinus,0.007,0.023,-1,Echolocation,/mnt/ubna_data_02_mir/recover-20220922/UBNA_001/20220921_090000.WAV,Telephone Field,recover-20220922,001,1795
569.4755,569.483,25468,34235,Eptesicus serotinus,0.005,0.022,-1,Echolocation,/mnt/ubna_data_02_mir/recover-20220922/UBNA_001/20220921_090000.WAV,Telephone Field,recover-20220922,001,1795
569.4855,569.5248,68437,82481,Rhinolophus ferrumequinum,0.021,0.021,-1,Echolocation,/mnt/ubna_data_02_mir/recover-20220922/UBNA_001/20220921_090000.WAV,Telephone Field,recover-20220922,001,1795
569.5045,569.5139,23750,30801,Nyctalus leisleri,0.008,0.025,-1,Echolocation,/mnt/ubna_data_02_mir/recover-20220922/UBNA_001/20220921_090000.WAV,Telephone Field,recover-20220922,001,1795
569.5264999999999,569.5644,68437,82422,Rhinolophus ferrumequinum,0.023,0.023,-1,Echolocation,/mnt/ubna_data_02_mir/recover-20220922/UBNA_001/20220921_090000.WAV,Telephone Field,recover-20220922,001,1795
569.5475,569.556,28046,40674,Eptesicus serotinus,0.008,0.022,-1,Echolocation,/mnt/ubna_data_02_mir/recover-20220922/UBNA_001/20220921_090000.WAV,Telephone Field,recover-20220922,001,1795
569.5725,569.6127,68437,82650,Rhinolophus ferrumequinum,0.021,0.021,-1,Echolocation,/mnt/ubna_data_02_mir/recover-20220922/UBNA_001/20220921_090000.WAV,Telephone Field,recover-20220922,001,1795
569.5925,569.6337,68437,82276,Rhinolophus ferrumequinum,0.025,0.025,-1,Echolocation,/mnt/ubna_data_02_mir/recover-20220922/UBNA_001/20220921_090000.WAV,Telephone Field,recover-20220922,001,1795
569.6405,569.6777,68437,81682,Rhinolophus ferrumequinum,0.021,0.021,-1,Echolocation,/mnt/ubna_data_02_mir/recover-20220922/UBNA_001/20220921_090000.WAV,Telephone Field,recover-20220922,001,1795
569.6625,569.6709,28046,37734,Eptesicus serotinus,0.008,0.021,-1,Echolocation,/mnt/ubna_data_02_mir/recover-20220922/UBNA_001/20220921_090000.WAV,Telephone Field,recover-20220922,001,1795
569.7275,569.7428,22890,27620,Nyctalus leisleri,0.012,0.023,-1,Echolocation,/mnt/ubna_data_02_mir/recover-20220922/UBNA_001/20220921_090000.WAV,Telephone Field,recover-20220922,001,1795
569.7465,569.7861,68437,82618,Rhinolophus ferrumequinum,0.024,0.024,-1,Echolocation,/mnt/ubna_data_02_mir/recover-20220922/UBNA_001/20220921_090000.WAV,Telephone Field,recover-20220922,001,1795
569.7525,569.7634,28906,36163,Eptesicus serotinus,0.009,0.023,-1,Echolocation,/mnt/ubna_data_02_mir/recover-20220922/UBNA_001/20220921_090000.WAV,Telephone Field,recover-20220922,001,1795
569.7645,569.8041,68437,83209,Rhinolophus ferrumequinum,0.024,0.024,-1,Echolocation,/mnt/ubna_data_02_mir/recover-20220922/UBNA_001/20220921_090000.WAV,Telephone Field,recover-20220922,001,1795
569.7685,569.7763,22890,32273,Plecotus austriacus,0.036,0.077,-1,Echolocation,/mnt/ubna_data_02_mir/recover-20220922/UBNA_001/20220921_090000.WAV,Telephone Field,recover-20220922,001,1795
569.8085,569.8169,25468,33583,Eptesicus serotinus,0.008,0.022,-1,Echolocation,/mnt/ubna_data_02_mir/recover-20220922/UBNA_001/20220921_090000.WAV,Telephone Field,recover-20220922,001,1795
569.8155,569.8506,68437,81336,Rhinolophus ferrumequinum,0.021,0.021,-1,Echolocation,/mnt/ubna_data_02_mir/recover-20220922/UBNA_001/20220921_090000.WAV,Telephone Field,recover-20220922,001,1795
569.8975,569.9078,24609,31435,Nyctalus leisleri,0.008,0.024,-1,Echolocation,/mnt/ubna_data_02_mir/recover-20220922/UBNA_001/20220921_090000.WAV,Telephone Field,recover-20220922,001,1795
569.9065,569.9162,28906,36239,Eptesicus serotinus,0.01,0.024,-1,Echolocation,/mnt/ubna_data_02_mir/recover-20220922/UBNA_001/20220921_090000.WAV,Telephone Field,recover-20220922,001,1795
569.9355,569.9764,68437,83053,Rhinolophus ferrumequinum,0.03,0.03,-1,Echolocation,/mnt/ubna_data_02_mir/recover-20220922/UBNA_001/20220921_090000.WAV,Telephone Field,recover-20220922,001,1795
570.0015,570.0104,22031,28060,Nyctalus leisleri,0.009,0.025,-1,Echolocation,/mnt/ubna_data_02_mir/recover-20220922/UBNA_001/20220921_090000.WAV,Telephone Field,recover-20220922,001,1795
570.0015,570.0366,68437,80303,Rhinolophus ferrumequinum,0.06,0.06,-1,Echolocation,/mnt/ubna_data_02_mir/recover-20220922/UBNA_001/20220921_090000.WAV,Telephone Field,recover-20220922,001,1795
570.0105,570.0523,68437,82822,Rhinolophus ferrumequinum,0.025,0.025,-1,Echolocation,/mnt/ubna_data_02_mir/recover-20220922/UBNA_001/20220921_090000.WAV,Telephone Field,recover-20220922,001,1795
570.0445,570.0516,28046,43011,Eptesicus serotinus,0.007,0.024,-1,Echolocation,/mnt/ubna_data_02_mir/recover-20220922/UBNA_001/20220921_090000.WAV,Telephone Field,recover-20220922,001,1795
570.0545,570.0613,23750,31951,Plecotus austriacus,0.011,0.023,-1,Echolocation,/mnt/ubna_data_02_mir/recover-20220922/UBNA_001/20220921_090000.WAV,Telephone Field,recover-20220922,001,1795
570.0645,570.1034,68437,82658,Rhinolophus ferrumequinum,0.024,0.024,-1,Echolocation,/mnt/ubna_data_02_mir/recover-20220922/UBNA_001/20220921_090000.WAV,Telephone Field,recover-20220922,001,1795
570.0925,570.1005,27187,37800,Eptesicus serotinus,0.007,0.021,-1,Echolocation,/mnt/ubna_data_02_mir/recover-20220922/UBNA_001/20220921_090000.WAV,Telephone Field,recover-20220922,001,1795
570.1035,570.1412,68437,82097,Rhinolophus ferrumequinum,0.024,0.024,-1,Echolocation,/mnt/ubna_data_02_mir/recover-20220922/UBNA_001/20220921_090000.WAV,Telephone Field,recover-20220922,001,1795
570.1065,570.1179,28046,34513,Eptesicus serotinus,0.013,0.027,-1,Echolocation,/mnt/ubna_data_02_mir/recover-20220922/UBNA_001/20220921_090000.WAV,Telephone Field,recover-20220922,001,1795
570.1315,570.1715,68437,82847,Rhinolophus ferrumequinum,0.036,0.036,-1,Echolocation,/mnt/ubna_data_02_mir/recover-20220922/UBNA_001/20220921_090000.WAV,Telephone Field,recover-20220922,001,1795
570.1395,570.1482,33203,41117,Myotis daubentonii,0.009,0.024,-1,Echolocation,/mnt/ubna_data_02_mir/recover-20220922/UBNA_001/20220921_090000.WAV,Telephone Field,recover-20220922,001,1795
570.1395,570.1479,28046,37927,Eptesicus serotinus,0.008,0.024,-1,Echolocation,/mnt/ubna_data_02_mir/recover-20220922/UBNA_001/20220921_090000.WAV,Telephone Field,recover-20220922,001,1795
570.1475,570.1885,68437,82396,Rhinolophus ferrumequinum,0.025,0.025,-1,Echolocation,/mnt/ubna_data_02_mir/recover-20220922/UBNA_001/20220921_090000.WAV,Telephone Field,recover-20220922,001,1795
570.1675,570.205,68437,82148,Rhinolophus ferrumequinum,0.02,0.02,-1,Echolocation,/mnt/ubna_data_02_mir/recover-20220922/UBNA_001/20220921_090000.WAV,Telephone Field,recover-20220922,001,1795
570.1675,570.1745,28046,38695,Eptesicus serotinus,0.009,0.028,-1,Echolocation,/mnt/ubna_data_02_mir/recover-20220922/UBNA_001/20220921_090000.WAV,Telephone Field,recover-20220922,001,1795
570.1955,570.2042,25468,33809,Eptesicus serotinus,0.008,0.025,-1,Echolocation,/mnt/ubna_data_02_mir/recover-20220922/UBNA_001/20220921_090000.WAV,Telephone Field,recover-20220922,001,1795
570.2125,570.2526,68437,82866,Rhinolophus ferrumequinum,0.028,0.028,-1,Echolocation,/mnt/ubna_data_02_mir/recover-20220922/UBNA_001/20220921_090000.WAV,Telephone Field,recover-20220922,001,1795
570.2555,570.2663,22890,28878,Nyctalus leisleri,0.011,0.028,-1,Echolocation,/mnt/ubna_data_02_mir/recover-20220922/UBNA_001/20220921_090000.WAV,Telephone Field,recover-20220922,001,1795
570.2745,570.3126,68437,81910,Rhinolophus ferrumequinum,0.023,0.023,-1,Echolocation,/mnt/ubna_data_02_mir/recover-20220922/UBNA_001/20220921_090000.WAV,Telephone Field,recover-20220922,001,1795
570.2785,570.2905,42656,46224,Pipistrellus pipistrellus,0.017,0.023,-1,Echolocation,/mnt/ubna_data_02_mir/recover-20220922/UBNA_001/20220921_090000.WAV,Telephone Field,recover-20220922,001,1795
570.3055,570.3457,68437,82271,Rhinolophus ferrumequinum,0.02,0.02,-1,Echolocation,/mnt/ubna_data_02_mir/recover-20220922/UBNA_001/20220921_090000.WAV,Telephone Field,recover-20220922,001,1795
570.3125,570.327,22031,26269,Nyctalus leisleri,0.014,0.024,-1,Echolocation,/mnt/ubna_data_02_mir/recover-20220922/UBNA_001/20220921_090000.WAV,Telephone Field,recover-20220922,001,1795
570.3145,570.3244,28046,35358,Eptesicus serotinus,0.009,0.022,-1,Echolocation,/mnt/ubna_data_02_mir/recover-20220922/UBNA_001/20220921_090000.WAV,Telephone Field,recover-20220922,001,1795
570.3265,570.3651,68437,82521,Rhinolophus ferrumequinum,0.022,0.022,-1,Echolocation,/mnt/ubna_data_02_mir/recover-20220922/UBNA_001/20220921_090000.WAV,Telephone Field,recover-20220922,001,1795
570.3405,570.3812,68437,82320,Rhinolophus ferrumequinum,0.021,0.021,-1,Echolocation,/mnt/ubna_data_02_mir/recover-20220922/UBNA_001/20220921_090000.WAV,Telephone Field,recover-20220922,001,1795
570.3465,570.357,28046,36534,Eptesicus serotinus,0.014,0.026,-1,Echolocation,/mnt/ubna_data_02_mir/recover-20220922/UBNA_001/20220921_090000.WAV,Telephone Field,recover-20220922,001,1795
570.3655,570.4032,68437,81647,Rhinolophus ferrumequinum,0.036,0.036,-1,Echolocation,/mnt/ubna_data_02_mir/recover-20220922/UBNA_001/20220921_090000.WAV,Telephone Field,recover-20220922,001,1795
570.4425,570.4817,68437,82063,Rhinolophus ferrumequinum,0.024,0.024,-1,Echolocation,/mnt/ubna_data_02_mir/recover-20220922/UBNA_001/20220921_090000.WAV,Telephone Field,recover-20220922,001,1795
570.4485,570.4578,28046,38265,Eptesicus serotinus,0.013,0.027,-1,Echolocation,/mnt/ubna_data_02_mir/recover-20220922/UBNA_001/20220921_090000.WAV,Telephone Field,recover-20220922,001,1795
570.4505,570.4901,68437,81733,Rhinolophus ferrumequinum,0.023,0.023,-1,Echolocation,/mnt/ubna_data_02_mir/recover-20220922/UBNA_001/20220921_090000.WAV,Telephone Field,recover-20220922,001,1795
570.4615,570.5039,68437,83065,Rhinolophus ferrumequinum,0.025,0.025,-1,Echolocation,/mnt/ubna_data_02_mir/recover-20220922/UBNA_001/20220921_090000.WAV,Telephone Field,recover-20220922,001,1795
570.4955,570.5045,44375,51568,Pipistrellus pipistrellus,0.013,0.02,-1,Echolocation,/mnt/ubna_data_02_mir/recover-20220922/UBNA_001/20220921_090000.WAV,Telephone Field,recover-20220922,001,1795
570.5455,570.5868,68437,82733,Rhinolophus ferrumequinum,0.021,0.021,-1,Echolocation,/mnt/ubna_data_02_mir/recover-20220922/UBNA_001/20220921_090000.WAV,Telephone Field,recover-20220922,001,1795
570.5695,570.5802,28906,35730,Eptesicus serotinus,0.013,0.026,-1,Echolocation,/mnt/ubna_data_02_mir/recover-20220922/UBNA_001/20220921_090000.WAV,Telephone Field,recover-20220922,001,1795
570.6365,570.6451,28046,38910,Eptesicus serotinus,0.01,0.024,-1,Echolocation,/mnt/ubna_data_02_mir/recover-20220922/UBNA_001/20220921_090000.WAV,Telephone Field,recover-20220922,001,1795
570.6515,570.6614,27187,33756,Eptesicus serotinus,0.013,0.028,-1,Echolocation,/mnt/ubna_data_02_mir/recover-20220922/UBNA_001/20220921_090000.WAV,Telephone Field,recover-20220922,001,1795
570.6875,570.6966,22890,28917,Plecotus austriacus,0.008,0.022,-1,Echolocation,/mnt/ubna_data_02_mir/recover-20220922/UBNA_001/20220921_090000.WAV,Telephone Field,recover-20220922,001,1795
570.6985,570.7063,27187,37253,Eptesicus serotinus,0.006,0.021,-1,Echolocation,/mnt/ubna_data_02_mir/recover-20220922/UBNA_001/20220921_090000.WAV,Telephone Field,recover-20220922,001,1795
570.7285,570.7397,22031,27121,Nyctalus leisleri,0.009,0.021,-1,Echolocation,/mnt/ubna_data_02_mir/recover-20220922/UBNA_001/20220921_090000.WAV,Telephone Field,recover-20220922,001,1795
570.7355,570.7421,27187,41989,Eptesicus serotinus,0.006,0.025,-1,Echolocation,/mnt/ubna_data_02_mir/recover-20220922/UBNA_001/20220921_090000.WAV,Telephone Field,recover-20220922,001,1795
570.7615,570.7969,68437,81379,Rhinolophus ferrumequinum,0.02,0.021,-1,Echolocation,/mnt/ubna_data_02_mir/recover-20220922/UBNA_001/20220921_090000.WAV,Telephone Field,recover-20220922,001,1795
570.7685,570.8072,68437,81925,Rhinolophus ferrumequinum,0.021,0.021,-1,Echolocation,/mnt/ubna_data_02_mir/recover-20220922/UBNA_001/20220921_090000.WAV,Telephone Field,recover-20220922,001,1795
570.7995,570.8398,68437,82672,Rhinolophus ferrumequinum,0.024,0.024,-1,Echolocation,/mnt/ubna_data_02_mir/recover-20220922/UBNA_001/20220921_090000.WAV,Telephone Field,recover-20220922,001,1795
570.8085,570.8498,68437,82652,Rhinolophus ferrumequinum,0.027,0.027,-1,Echolocation,/mnt/ubna_data_02_mir/recover-20220922/UBNA_001/20220921_090000.WAV,Telephone Field,recover-20220922,001,1795
570.8105,570.8209,22031,27274,Nyctalus leisleri,0.009,0.02,-1,Echolocation,/mnt/ubna_data_02_mir/recover-20220922/UBNA_001/20220921_090000.WAV,Telephone Field,recover-20220922,001,1795
570.8205,570.8279,28046,37834,Eptesicus serotinus,0.006,0.021,-1,Echolocation,/mnt/ubna_data_02_mir/recover-20220922/UBNA_001/20220921_090000.WAV,Telephone Field,recover-20220922,001,1795
570.8335,570.8719,68437,82221,Rhinolophus ferrumequinum,0.02,0.02,-1,Echolocation,/mnt/ubna_data_02_mir/recover-20220922/UBNA_001/20220921_090000.WAV,Telephone Field,recover-20220922,001,1795
570.8525,570.8628,28046,37362,Eptesicus serotinus,0.015,0.031,-1,Echolocation,/mnt/ubna_data_02_mir/recover-20220922/UBNA_001/20220921_090000.WAV,Telephone Field,recover-20220922,001,1795
570.8775,570.9135,68437,82084,Rhinolophus ferrumequinum,0.023,0.023,-1,Echolocation,/mnt/ubna_data_02_mir/recover-20220922/UBNA_001/20220921_090000.WAV,Telephone Field,recover-20220922,001,1795
570.9095,570.9509,68437,82667,Rhinolophus ferrumequinum,0.024,0.024,-1,Echolocation,/mnt/ubna_data_02_mir/recover-20220922/UBNA_001/20220921_090000.WAV,Telephone Field,recover-20220922,001,1795
570.9385,570.976,68437,81799,Rhinolophus ferrumequinum,0.02,0.02,-1,Echolocation,/mnt/ubna_data_02_mir/recover-20220922/UBNA_001/20220921_090000.WAV,Telephone Field,recover-20220922,001,1795
570.9465,570.9872,68437,82252,Rhinolophus ferrumequinum,0.02,0.02,-1,Echolocation,/mnt/ubna_data_02_mir/recover-20220922/UBNA_001/20220921_090000.WAV,Telephone Field,recover-20220922,001,1795
570.9675,571.0033,68437,81403,Rhinolophus ferrumequinum,0.022,0.022,-1,Echolocation,/mnt/ubna_data_02_mir/recover-20220922/UBNA_001/20220921_090000.WAV,Telephone Field,recover-20220922,001,1795
570.9675,570.9746,24609,34590,Plecotus austriacus,0.007,0.021,-1,Echolocation,/mnt/ubna_data_02_mir/recover-20220922/UBNA_001/20220921_090000.WAV,Telephone Field,recover-20220922,001,1795
571.0255,571.0347,28046,38637,Eptesicus serotinus,0.009,0.02,-1,Echolocation,/mnt/ubna_data_02_mir/recover-20220922/UBNA_001/20220921_090000.WAV,Telephone Field,recover-20220922,001,1795
571.0375,571.0769,68437,81759,Rhinolophus ferrumequinum,0.021,0.021,-1,Echolocation,/mnt/ubna_data_02_mir/recover-20220922/UBNA_001/20220921_090000.WAV,Telephone Field,recover-20220922,001,1795
571.0865,571.1254,68437,82048,Rhinolophus ferrumequinum,0.022,0.022,-1,Echolocation,/mnt/ubna_data_02_mir/recover-20220922/UBNA_001/20220921_090000.WAV,Telephone Field,recover-20220922,001,1795
571.0975,571.1372,68437,82311,Rhinolophus ferrumequinum,0.022,0.022,-1,Echolocation,/mnt/ubna_data_02_mir/recover-20220922/UBNA_001/20220921_090000.WAV,Telephone Field,recover-20220922,001,1795
571.1175,571.1283,23750,28779,Nyctalus leisleri,0.012,0.024,-1,Echolocation,/mnt/ubna_data_02_mir/recover-20220922/UBNA_001/20220921_090000.WAV,Telephone Field,recover-20220922,001,1795
571.1195,571.1568,68437,81292,Rhinolophus ferrumequinum,0.022,0.022,-1,Echolocation,/mnt/ubna_data_02_mir/recover-20220922/UBNA_001/20220921_090000.WAV,Telephone Field,recover-20220922,001,1795
571.1815,571.1983,21171,24303,Nyctalus leisleri,0.013,0.021,-1,Echolocation,/mnt/ubna_data_02_mir/recover-20220922/UBNA_001/20220921_090000.WAV,Telephone Field,recover-20220922,001,1795
571.1835,571.2221,68437,82182,Rhinolophus ferrumequinum,0.02,0.02,-1,Echolocation,/mnt/ubna_data_02_mir/recover-20220922/UBNA_001/20220921_090000.WAV,Telephone Field,recover-20220922,001,1795
571.2095,571.2447,68437,81293,Rhinolophus ferrumequinum,0.021,0.021,-1,Echolocation,/mnt/ubna_data_02_mir/recover-20220922/UBNA_001/20220921_090000.WAV,Telephone Field,recover-20220922,001,1795
571.2165,571.2251,23750,31553,Plecotus austriacus,0.006,0.022,-1,Echolocation,/mnt/ubna_data_02_mir/recover-20220922/UBNA_001/20220921_090000.WAV,Telephone Field,recover-20220922,001,1795
571.2465,571.2837,68437,81567,Rhinolophus ferrumequinum,0.02,0.02,-1,Echolocation,/mnt/ubna_data_02_mir/recover-20220922/UBNA_001/20220921_090000.WAV,Telephone Field,recover-20220922,001,1795
571.2595,571.2692,27187,34969,Eptesicus serotinus,0.017,0.035,-1,Echolocation,/mnt/ubna_data_02_mir/recover-20220922/UBNA_001/20220921_090000.WAV,Telephone Field,recover-20220922,001,1795
571.2795,571.3184,68437,82095,Rhinolophus ferrumequinum,0.026,0.026,-1,Echolocation,/mnt/ubna_data_02_mir/recover-20220922/UBNA_001/20220921_090000.WAV,Telephone Field,recover-20220922,001,1795
571.2995,571.3098,28046,36096,Eptesicus serotinus,0.01,0.024,-1,Echolocation,/mnt/ubna_data_02_mir/recover-20220922/UBNA_001/20220921_090000.WAV,Telephone Field,recover-20220922,001,1795
571.3145,571.3534,68437,81898,Rhinolophus ferrumequinum,0.021,0.021,-1,Echolocation,/mnt/ubna_data_02_mir/recover-20220922/UBNA_001/20220921_090000.WAV,Telephone Field,recover-20220922,001,1795
571.3435,571.3558,27187,33272,Eptesicus serotinus,0.017,0.033,-1,Echolocation,/mnt/ubna_data_02_mir/recover-20220922/UBNA_001/20220921_090000.WAV,Telephone Field,recover-20220922,001,1795
571.4045,571.4126,28046,39072,Eptesicus serotinus,0.008,0.022,-1,Echolocation,/mnt/ubna_data_02_mir/recover-20220922/UBNA_001/20220921_090000.WAV,Telephone Field,recover-20220922,001,1795
571.4085,571.4495,68437,81523,Rhinolophus ferrumequinum,0.023,0.023,-1,Echolocation,/mnt/ubna_data_02_mir/recover-20220922/UBNA_001/20220921_090000.WAV,Telephone Field,recover-20220922,001,1795
571.4685,571.5061,68437,81981,Rhinolophus ferrumequinum,0.025,0.025,-1,Echolocation,/mnt/ubna_data_02_mir/recover-20220922/UBNA_001/20220921_090000.WAV,Telephone Field,recover-20220922,001,1795
571.4755,571.4836,27187,36324,Eptesicus serotinus,0.014,0.034,-1,Echolocation,/mnt/ubna_data_02_mir/recover-20220922/UBNA_001/20220921_090000.WAV,Telephone Field,recover-20220922,001,1795
571.4835,571.4942,50390,54998,Pipistrellus pipistrellus,0.022,0.028,-1,Echolocation,/mnt/ubna_data_02_mir/recover-20220922/UBNA_001/20220921_090000.WAV,Telephone Field,recover-20220922,001,1795
571.4885,571.5269,68437,82350,Rhinolophus ferrumequinum,0.028,0.028,-1,Echolocation,/mnt/ubna_data_02_mir/recover-20220922/UBNA_001/20220921_090000.WAV,Telephone Field,recover-20220922,001,1795
571.5165,571.5559,68437,82246,Rhinolophus ferrumequinum,0.02,0.021,-1,Echolocation,/mnt/ubna_data_02_mir/recover-20220922/UBNA_001/20220921_090000.WAV,Telephone Field,recover-20220922,001,1795
571.5345,571.5712,68437,81517,Rhinolophus ferrumequinum,0.02,0.021,-1,Echolocation,/mnt/ubna_data_02_mir/recover-20220922/UBNA_001/20220921_090000.WAV,Telephone Field,recover-20220922,001,1795
571.5415,571.5761,68437,81742,Rhinolophus ferrumequinum,0.022,0.022,-1,Echolocation,/mnt/ubna_data_02_mir/recover-20220922/UBNA_001/20220921_090000.WAV,Telephone Field,recover-20220922,001,1795
571.5655,571.5743,28046,39301,Eptesicus serotinus,0.008,0.021,-1,Echolocation,/mnt/ubna_data_02_mir/recover-20220922/UBNA_001/20220921_090000.WAV,Telephone Field,recover-20220922,001,1795
571.5685,571.5787,22031,27556,Nyctalus leisleri,0.009,0.021,-1,Echolocation,/mnt/ubna_data_02_mir/recover-20220922/UBNA_001/20220921_090000.WAV,Telephone Field,recover-20220922,001,1795
571.5685,571.6051,68437,81944,Rhinolophus ferrumequinum,0.023,0.023,-1,Echolocation,/mnt/ubna_data_02_mir/recover-20220922/UBNA_001/20220921_090000.WAV,Telephone Field,recover-20220922,001,1795
571.5915,571.6318,68437,82513,Rhinolophus ferrumequinum,0.025,0.025,-1,Echolocation,/mnt/ubna_data_02_mir/recover-20220922/UBNA_001/20220921_090000.WAV,Telephone Field,recover-20220922,001,1795
571.6155,571.6547,68437,82022,Rhinolophus ferrumequinum,0.02,0.02,-1,Echolocation,/mnt/ubna_data_02_mir/recover-20220922/UBNA_001/20220921_090000.WAV,Telephone Field,recover-20220922,001,1795
571.6545,571.6963,68437,82543,Rhinolophus ferrumequinum,0.029,0.029,-1,Echolocation,/mnt/ubna_data_02_mir/recover-20220922/UBNA_001/20220921_090000.WAV,Telephone Field,recover-20220922,001,1795
571.6805,571.6967,22890,26865,Nyctalus leisleri,0.025,0.042,-1,Echolocation,/mnt/ubna_data_02_mir/recover-20220922/UBNA_001/20220921_090000.WAV,Telephone Field,recover-20220922,001,1795
571.6955,571.7331,68437,81639,Rhinolophus ferrumequinum,0.021,0.021,-1,Echolocation,/mnt/ubna_data_02_mir/recover-20220922/UBNA_001/20220921_090000.WAV,Telephone Field,recover-20220922,001,1795
571.7775,571.7858,27187,36499,Eptesicus serotinus,0.007,0.021,-1,Echolocation,/mnt/ubna_data_02_mir/recover-20220922/UBNA_001/20220921_090000.WAV,Telephone Field,recover-20220922,001,1795
571.8105,571.8239,22031,26352,Nyctalus leisleri,0.013,0.024,-1,Echolocation,/mnt/ubna_data_02_mir/recover-20220922/UBNA_001/20220921_090000.WAV,Telephone Field,recover-20220922,001,1795
571.8165,571.8563,68437,82264,Rhinolophus ferrumequinum,0.024,0.024,-1,Echolocation,/mnt/ubna_data_02_mir/recover-20220922/UBNA_001/20220921_090000.WAV,Telephone Field,recover-20220922,001,1795
571.8285,571.8685,68437,82214,Rhinolophus ferrumequinum,0.02,0.02,-1,Echolocation,/mnt/ubna_data_02_mir/recover-20220922/UBNA_001/20220921_090000.WAV,Telephone Field,recover-20220922,001,1795
571.8855,571.9266,68437,82731,Rhinolophus ferrumequinum,0.024,0.024,-1,Echolocation,/mnt/ubna_data_02_mir/recover-20220922/UBNA_001/20220921_090000.WAV,Telephone Field,recover-20220922,001,1795
571.8905,571.9325,68437,83114,Rhinolophus ferrumequinum,0.024,0.024,-1,Echolocation,/mnt/ubna_data_02_mir/recover-20220922/UBNA_001/20220921_090000.WAV,Telephone Field,recover-20220922,001,1795
571.9015,571.91,28906,39334,Eptesicus serotinus,0.009,0.025,-1,Echolocation,/mnt/ubna_data_02_mir/recover-20220922/UBNA_001/20220921_090000.WAV,Telephone Field,recover-20220922,001,1795
571.9285,571.9731,68437,83057,Rhinolophus ferrumequinum,0.045,0.045,-1,Echolocation,/mnt/ubna_data_02_mir/recover-20220922/UBNA_001/20220921_090000.WAV,Telephone Field,recover-20220922,001,1795
571.9475,571.9602,25468,31853,Eptesicus serotinus,0.01,0.02,-1,Echolocation,/mnt/ubna_data_02_mir/recover-20220922/UBNA_001/20220921_090000.WAV,Telephone Field,recover-20220922,001,1795
571.9525,571.9634,26328,31909,Eptesicus serotinus,0.009,0.02,-1,Echolocation,/mnt/ubna_data_02_mir/recover-20220922/UBNA_001/20220921_090000.WAV,Telephone Field,recover-20220922,001,1795
571.9545,571.9954,68437,82179,Rhinolophus ferrumequinum,0.026,0.026,-1,Echolocation,/mnt/ubna_data_02_mir/recover-20220922/UBNA_001/20220921_090000.WAV,Telephone Field,recover-20220922,001,1795
571.9715,571.9805,28046,37071,Eptesicus serotinus,0.01,0.025,-1,Echolocation,/mnt/ubna_data_02_mir/recover-20220922/UBNA_001/20220921_090000.WAV,Telephone Field,recover-20220922,001,1795
572.0015,572.0108,23750,29946,Nyctalus leisleri,0.012,0.03,-1,Echolocation,/mnt/ubna_data_02_mir/recover-20220922/UBNA_001/20220921_090000.WAV,Telephone Field,recover-20220922,001,1795
572.0015,572.0358,68437,80189,Rhinolophus ferrumequinum,0.029,0.029,-1,Echolocation,/mnt/ubna_data_02_mir/recover-20220922/UBNA_001/20220921_090000.WAV,Telephone Field,recover-20220922,001,1795
572.0015,572.0102,46953,52893,Pipistrellus pipistrellus,0.021,0.026,-1,Echolocation,/mnt/ubna_data_02_mir/recover-20220922/UBNA_001/20220921_090000.WAV,Telephone Field,recover-20220922,001,1795
572.0105,572.0529,68437,82159,Rhinolophus ferrumequinum,0.022,0.022,-1,Echolocation,/mnt/ubna_data_02_mir/recover-20220922/UBNA_001/20220921_090000.WAV,Telephone Field,recover-20220922,001,1795
572.0175,572.0248,25468,35664,Eptesicus serotinus,0.007,0.024,-1,Echolocation,/mnt/ubna_data_02_mir/recover-20220922/UBNA_001/20220921_090000.WAV,Telephone Field,recover-20220922,001,1795
572.0195,572.0609,68437,83156,Rhinolophus ferrumequinum,0.025,0.025,-1,Echolocation,/mnt/ubna_data_02_mir/recover-20220922/UBNA_001/20220921_090000.WAV,Telephone Field,recover-20220922,001,1795
572.0495,572.085,68437,81849,Rhinolophus ferrumequinum,0.026,0.026,-1,Echolocation,/mnt/ubna_data_02_mir/recover-20220922/UBNA_001/20220921_090000.WAV,Telephone Field,recover-20220922,001,1795
572.0785,572.1169,68437,82699,Rhinolophus ferrumequinum,0.025,0.025,-1,Echolocation,/mnt/ubna_data_02_mir/recover-20220922/UBNA_001/20220921_090000.WAV,Telephone Field,recover-20220922,001,1795
572.0995,572.1094,22890,29032,Nyctalus leisleri,0.01,0.028,-1,Echolocation,/mnt/ubna_data_02_mir/recover-20220922/UBNA_001/20220921_090000.WAV,Telephone Field,recover-20220922,001,1795
572.1145,572.1536,68437,82668,Rhinolophus ferrumequinum,0.026,0.026,-1,Echolocation,/mnt/ubna_data_02_mir/recover-20220922/UBNA_001/20220921_090000.WAV,Telephone Field,recover-20220922,001,1795
572.1255,572.1356,44375,51951,Pipistrellus pipistrellus,0.02,0.029,-1,Echolocation,/mnt/ubna_data_02_mir/recover-20220922/UBNA_001/20220921_090000.WAV,Telephone Field,recover-20220922,001,1795
572.1855,572.2268,68437,82437,Rhinolophus ferrumequinum,0.025,0.025,-1,Echolocation,/mnt/ubna_data_02_mir/recover-20220922/UBNA_001/20220921_090000.WAV,Telephone Field,recover-20220922,001,1795
572.2005,572.2111,22890,28089,Nyctalus leisleri,0.011,0.023,-1,Echolocation,/mnt/ubna_data_02_mir/recover-20220922/UBNA_001/20220921_090000.WAV,Telephone Field,recover-20220922,001,1795
572.2285,572.2652,68437,81717,Rhinolophus ferrumequinum,0.027,0.027,-1,Echolocation,/mnt/ubna_data_02_mir/recover-20220922/UBNA_001/20220921_090000.WAV,Telephone Field,recover-20220922,001,1795
572.2555,572.2658,24609,32776,Eptesicus serotinus,0.008,0.023,-1,Echolocation,/mnt/ubna_data_02_mir/recover-20220922/UBNA_001/20220921_090000.WAV,Telephone Field,recover-20220922,001,1795
572.2785,572.3162,68437,82132,Rhinolophus ferrumequinum,0.031,0.031,-1,Echolocation,/mnt/ubna_data_02_mir/recover-20220922/UBNA_001/20220921_090000.WAV,Telephone Field,recover-20220922,001,1795
572.2855,572.2902,38359,51508,Myotis daubentonii,0.007,0.029,-1,Echolocation,/mnt/ubna_data_02_mir/recover-20220922/UBNA_001/20220921_090000.WAV,Telephone Field,recover-20220922,001,1795
572.3085,572.3153,28906,44751,Eptesicus serotinus,0.007,0.026,-1,Echolocation,/mnt/ubna_data_02_mir/recover-20220922/UBNA_001/20220921_090000.WAV,Telephone Field,recover-20220922,001,1795
572.3115,572.3478,68437,82277,Rhinolophus ferrumequinum,0.023,0.023,-1,Echolocation,/mnt/ubna_data_02_mir/recover-20220922/UBNA_001/20220921_090000.WAV,Telephone Field,recover-20220922,001,1795
572.3215,572.3589,68437,82270,Rhinolophus ferrumequinum,0.023,0.023,-1,Echolocation,/mnt/ubna_data_02_mir/recover-20220922/UBNA_001/20220921_090000.WAV,Telephone Field,recover-20220922,001,1795
572.3475,572.3878,68437,82691,Rhinolophus ferrumequinum,0.027,0.027,-1,Echolocation,/mnt/ubna_data_02_mir/recover-20220922/UBNA_001/20220921_090000.WAV,Telephone Field,recover-20220922,001,1795
572.3565,572.3664,22890,29240,Nyctalus leisleri,0.009,0.024,-1,Echolocation,/mnt/ubna_data_02_mir/recover-20220922/UBNA_001/20220921_090000.WAV,Telephone Field,recover-20220922,001,1795
572.3855,572.4253,68437,81968,Rhinolophus ferrumequinum,0.033,0.033,-1,Echolocation,/mnt/ubna_data_02_mir/recover-20220922/UBNA_001/20220921_090000.WAV,Telephone Field,recover-20220922,001,1795
572.4145,572.4537,68437,82087,Rhinolophus ferrumequinum,0.028,0.028,-1,Echolocation,/mnt/ubna_data_02_mir/recover-20220922/UBNA_001/20220921_090000.WAV,Telephone Field,recover-20220922,001,1795
572.4155,572.4227,23750,32575,Plecotus austriacus,0.011,0.025,-1,Echolocation,/mnt/ubna_data_02_mir/recover-20220922/UBNA_001/20220921_090000.WAV,Telephone Field,recover-20220922,001,1795
572.4505,572.4602,23750,30996,Nyctalus leisleri,0.009,0.028,-1,Echolocation,/mnt/ubna_data_02_mir/recover-20220922/UBNA_001/20220921_090000.WAV,Telephone Field,recover-20220922,001,1795
572.4635,572.5,68437,81677,Rhinolophus ferrumequinum,0.023,0.023,-1,Echolocation,/mnt/ubna_data_02_mir/recover-20220922/UBNA_001/20220921_090000.WAV,Telephone Field,recover-20220922,001,1795
572.4735,572.5076,68437,81105,Rhinolophus ferrumequinum,0.022,0.022,-1,Echolocation,/mnt/ubna_data_02_mir/recover-20220922/UBNA_001/20220921_090000.WAV,Telephone Field,recover-20220922,001,1795
572.4835,572.5247,68437,82664,Rhinolophus ferrumequinum,0.024,0.024,-1,Echolocation,/mnt/ubna_data_02_mir/recover-20220922/UBNA_001/20220921_090000.WAV,Telephone Field,recover-20220922,001,1795
572.4935,572.5045,26328,34074,Eptesicus serotinus,0.016,0.031,-1,Echolocation,/mnt/ubna_data_02_mir/recover-20220922/UBNA_001/20220921_090000.WAV,Telephone Field,recover-20220922,001,1795
572.5095,572.5503,68437,82738,Rhinolophus ferrumequinum,0.035,0.035,-1,Echolocation,/mnt/ubna_data_02_mir/recover-20220922/UBNA_001/20220921_090000.WAV,Telephone Field,recover-20220922,001,1795
572.5395,572.5528,22890,27795,Nyctalus leisleri,0.015,0.029,-1,Echolocation,/mnt/ubna_data_02_mir/recover-20220922/UBNA_001/20220921_090000.WAV,Telephone Field,recover-20220922,001,1795
572.5475,572.5648,22890,26076,Nyctalus leisleri,0.019,0.029,-1,Echolocation,/mnt/ubna_data_02_mir/recover-20220922/UBNA_001/20220921_090000.WAV,Telephone Field,recover-20220922,001,1795
572.5635,572.6041,68437,83485,Rhinolophus ferrumequinum,0.029,0.029,-1,Echolocation,/mnt/ubna_data_02_mir/recover-20220922/UBNA_001/20220921_090000.WAV,Telephone Field,recover-20220922,001,1795
572.5735,572.6085,68437,80838,Rhinolophus ferrumequinum,0.022,0.022,-1,Echolocation,/mnt/ubna_data_02_mir/recover-20220922/UBNA_001/20220921_090000.WAV,Telephone Field,recover-20220922,001,1795
572.5905,572.6316,68437,83442,Rhinolophus ferrumequinum,0.034,0.034,-1,Echolocation,/mnt/ubna_data_02_mir/recover-20220922/UBNA_001/20220921_090000.WAV,Telephone Field,recover-20220922,001,1795
572.6275,572.6693,68437,82835,Rhinolophus ferrumequinum,0.04,0.04,-1,Echolocation,/mnt/ubna_data_02_mir/recover-20220922/UBNA_001/20220921_090000.WAV,Telephone Field,recover-20220922,001,1795
572.6955,572.7345,68437,82142,Rhinolophus ferrumequinum,0.023,0.024,-1,Echolocation,/mnt/ubna_data_02_mir/recover-20220922/UBNA_001/20220921_090000.WAV,Telephone Field,recover-20220922,001,1795
572.7185,572.7564,68437,81642,Rhinolophus ferrumequinum,0.029,0.029,-1,Echolocation,/mnt/ubna_data_02_mir/recover-20220922/UBNA_001/20220921_090000.WAV,Telephone Field,recover-20220922,001,1795
572.7825,572.7908,28906,39526,Eptesicus serotinus,0.007,0.023,-1,Echolocation,/mnt/ubna_data_02_mir/recover-20220922/UBNA_001/20220921_090000.WAV,Telephone Field,recover-20220922,001,1795
572.7915,572.8328,68437,82944,Rhinolophus ferrumequinum,0.028,0.028,-1,Echolocation,/mnt/ubna_data_02_mir/recover-20220922/UBNA_001/20220921_090000.WAV,Telephone Field,recover-20220922,001,1795
572.8185,572.8577,68437,82360,Rhinolophus ferrumequinum,0.023,0.023,-1,Echolocation,/mnt/ubna_data_02_mir/recover-20220922/UBNA_001/20220921_090000.WAV,Telephone Field,recover-20220922,001,1795
572.8685,572.8761,27187,38557,Eptesicus serotinus,0.009,0.023,-1,Echolocation,/mnt/ubna_data_02_mir/recover-20220922/UBNA_001/20220921_090000.WAV,Telephone Field,recover-20220922,001,1795
572.8995,572.9386,68437,82142,Rhinolophus ferrumequinum,0.023,0.023,-1,Echolocation,/mnt/ubna_data_02_mir/recover-20220922/UBNA_001/20220921_090000.WAV,Telephone Field,recover-20220922,001,1795
572.9185,572.9266,26328,39186,Eptesicus serotinus,0.007,0.025,-1,Echolocation,/mnt/ubna_data_02_mir/recover-20220922/UBNA_001/20220921_090000.WAV,Telephone Field,recover-20220922,001,1795
572.9275,572.9665,68437,82260,Rhinolophus ferrumequinum,0.027,0.027,-1,Echolocation,/mnt/ubna_data_02_mir/recover-20220922/UBNA_001/20220921_090000.WAV,Telephone Field,recover-20220922,001,1795
572.9835,573.0209,68437,81454,Rhinolophus ferrumequinum,0.023,0.023,-1,Echolocation,/mnt/ubna_data_02_mir/recover-20220922/UBNA_001/20220921_090000.WAV,Telephone Field,recover-20220922,001,1795
572.9955,573.0387,68437,83064,Rhinolophus ferrumequinum,0.04,0.041,-1,Echolocation,/mnt/ubna_data_02_mir/recover-20220922/UBNA_001/20220921_090000.WAV,Telephone Field,recover-20220922,001,1795
573.0115,573.019,29765,40682,Eptesicus serotinus,0.008,0.025,-1,Echolocation,/mnt/ubna_data_02_mir/recover-20220922/UBNA_001/20220921_090000.WAV,Telephone Field,recover-20220922,001,1795
573.0275,573.0651,68437,81585,Rhinolophus ferrumequinum,0.023,0.023,-1,Echolocation,/mnt/ubna_data_02_mir/recover-20220922/UBNA_001/20220921_090000.WAV,Telephone Field,recover-20220922,001,1795
573.0435,573.0531,22890,29501,Nyctalus leisleri,0.007,0.022,-1,Echolocation,/mnt/ubna_data_02_mir/recover-20220922/UBNA_001/20220921_090000.WAV,Telephone Field,recover-20220922,001,1795
573.0465,573.0546,28906,40118,Eptesicus serotinus,0.009,0.024,-1,Echolocation,/mnt/ubna_data_02_mir/recover-20220922/UBNA_001/20220921_090000.WAV,Telephone Field,recover-20220922,001,1795
573.0595,573.0969,68437,82754,Rhinolophus ferrumequinum,0.028,0.028,-1,Echolocation,/mnt/ubna_data_02_mir/recover-20220922/UBNA_001/20220921_090000.WAV,Telephone Field,recover-20220922,001,1795
573.0685,573.1089,68437,82495,Rhinolophus ferrumequinum,0.025,0.025,-1,Echolocation,/mnt/ubna_data_02_mir/recover-20220922/UBNA_001/20220921_090000.WAV,Telephone Field,recover-20220922,001,1795
573.0765,573.0859,28906,37916,Eptesicus serotinus,0.012,0.027,-1,Echolocation,/mnt/ubna_data_02_mir/recover-20220922/UBNA_001/20220921_090000.WAV,Telephone Field,recover-20220922,001,1795
573.1005,573.137,68437,81656,Rhinolophus ferrumequinum,0.022,0.022,-1,Echolocation,/mnt/ubna_data_02_mir/recover-20220922/UBNA_001/20220921_090000.WAV,Telephone Field,recover-20220922,001,1795
573.1115,573.1483,68437,81853,Rhinolophus ferrumequinum,0.022,0.022,-1,Echolocation,/mnt/ubna_data_02_mir/recover-20220922/UBNA_001/20220921_090000.WAV,Telephone Field,recover-20220922,001,1795
573.1375,573.1485,27187,34547,Eptesicus serotinus,0.012,0.023,-1,Echolocation,/mnt/ubna_data_02_mir/recover-20220922/UBNA_001/20220921_090000.WAV,Telephone Field,recover-20220922,001,1795
573.1455,573.1795,68437,81919,Rhinolophus ferrumequinum,0.022,0.022,-1,Echolocation,/mnt/ubna_data_02_mir/recover-20220922/UBNA_001/20220921_090000.WAV,Telephone Field,recover-20220922,001,1795
573.1535,573.1641,25468,32456,Eptesicus serotinus,0.012,0.026,-1,Echolocation,/mnt/ubna_data_02_mir/recover-20220922/UBNA_001/20220921_090000.WAV,Telephone Field,recover-20220922,001,1795
573.1655,573.2044,68437,81818,Rhinolophus ferrumequinum,0.026,0.026,-1,Echolocation,/mnt/ubna_data_02_mir/recover-20220922/UBNA_001/20220921_090000.WAV,Telephone Field,recover-20220922,001,1795
573.1905,573.2328,68437,82552,Rhinolophus ferrumequinum,0.023,0.023,-1,Echolocation,/mnt/ubna_data_02_mir/recover-20220922/UBNA_001/20220921_090000.WAV,Telephone Field,recover-20220922,001,1795
573.2275,573.2381,22031,26801,Nyctalus leisleri,0.01,0.024,-1,Echolocation,/mnt/ubna_data_02_mir/recover-20220922/UBNA_001/20220921_090000.WAV,Telephone Field,recover-20220922,001,1795
573.2535,573.2623,21171,27827,Plecotus austriacus,0.012,0.028,-1,Echolocation,/mnt/ubna_data_02_mir/recover-20220922/UBNA_001/20220921_090000.WAV,Telephone Field,recover-20220922,001,1795
573.2865,573.3247,68437,81800,Rhinolophus ferrumequinum,0.022,0.022,-1,Echolocation,/mnt/ubna_data_02_mir/recover-20220922/UBNA_001/20220921_090000.WAV,Telephone Field,recover-20220922,001,1795
573.2905,573.2976,28906,39399,Eptesicus serotinus,0.007,0.023,-1,Echolocation,/mnt/ubna_data_02_mir/recover-20220922/UBNA_001/20220921_090000.WAV,Telephone Field,recover-20220922,001,1795
573.3015,573.343,68437,83223,Rhinolophus ferrumequinum,0.031,0.031,-1,Echolocation,/mnt/ubna_data_02_mir/recover-20220922/UBNA_001/20220921_090000.WAV,Telephone Field,recover-20220922,001,1795
573.3275,573.3714,68437,83240,Rhinolophus ferrumequinum,0.032,0.032,-1,Echolocation,/mnt/ubna_data_02_mir/recover-20220922/UBNA_001/20220921_090000.WAV,Telephone Field,recover-20220922,001,1795
573.3325,573.341,28906,40248,Eptesicus serotinus,0.012,0.03,-1,Echolocation,/mnt/ubna_data_02_mir/recover-20220922/UBNA_001/20220921_090000.WAV,Telephone Field,recover-20220922,001,1795
573.3385,573.3776,68437,82559,Rhinolophus ferrumequinum,0.025,0.025,-1,Echolocation,/mnt/ubna_data_02_mir/recover-20220922/UBNA_001/20220921_090000.WAV,Telephone Field,recover-20220922,001,1795
573.3535,573.3605,22890,32302,Plecotus austriacus,0.015,0.029,-1,Echolocation,/mnt/ubna_data_02_mir/recover-20220922/UBNA_001/20220921_090000.WAV,Telephone Field,recover-20220922,001,1795
573.3565,573.394,68437,82125,Rhinolophus ferrumequinum,0.028,0.028,-1,Echolocation,/mnt/ubna_data_02_mir/recover-20220922/UBNA_001/20220921_090000.WAV,Telephone Field,recover-20220922,001,1795
573.3835,573.4207,68437,82053,Rhinolophus ferrumequinum,0.026,0.026,-1,Echolocation,/mnt/ubna_data_02_mir/recover-20220922/UBNA_001/20220921_090000.WAV,Telephone Field,recover-20220922,001,1795
573.3935,573.4044,28906,36243,Eptesicus serotinus,0.012,0.025,-1,Echolocation,/mnt/ubna_data_02_mir/recover-20220922/UBNA_001/20220921_090000.WAV,Telephone Field,recover-20220922,001,1795
573.4365,573.4476,27187,35852,Eptesicus serotinus,0.015,0.031,-1,Echolocation,/mnt/ubna_data_02_mir/recover-20220922/UBNA_001/20220921_090000.WAV,Telephone Field,recover-20220922,001,1795
573.4455,573.4805,68437,81195,Rhinolophus ferrumequinum,0.024,0.024,-1,Echolocation,/mnt/ubna_data_02_mir/recover-20220922/UBNA_001/20220921_090000.WAV,Telephone Field,recover-20220922,001,1795
573.4545,573.494,68437,82112,Rhinolophus ferrumequinum,0.033,0.033,-1,Echolocation,/mnt/ubna_data_02_mir/recover-20220922/UBNA_001/20220921_090000.WAV,Telephone Field,recover-20220922,001,1795
573.4805,573.491,47812,51944,Pipistrellus pipistrellus,0.056,0.061,-1,Echolocation,/mnt/ubna_data_02_mir/recover-20220922/UBNA_001/20220921_090000.WAV,Telephone Field,recover-20220922,001,1795
573.4825,573.4946,22890,28073,Nyctalus leisleri,0.014,0.03,-1,Echolocation,/mnt/ubna_data_02_mir/recover-20220922/UBNA_001/20220921_090000.WAV,Telephone Field,recover-20220922,001,1795
573.4835,573.5228,68437,82412,Rhinolophus ferrumequinum,0.024,0.024,-1,Echolocation,/mnt/ubna_data_02_mir/recover-20220922/UBNA_001/20220921_090000.WAV,Telephone Field,recover-20220922,001,1795
573.5435,573.5566,22890,26838,Nyctalus leisleri,0.015,0.027,-1,Echolocation,/mnt/ubna_data_02_mir/recover-20220922/UBNA_001/20220921_090000.WAV,Telephone Field,recover-20220922,001,1795
573.5655,573.6005,68437,81082,Rhinolophus ferrumequinum,0.023,0.023,-1,Echolocation,/mnt/ubna_data_02_mir/recover-20220922/UBNA_001/20220921_090000.WAV,Telephone Field,recover-20220922,001,1795
573.6095,573.6166,23750,32363,Plecotus austriacus,0.01,0.023,-1,Echolocation,/mnt/ubna_data_02_mir/recover-20220922/UBNA_001/20220921_090000.WAV,Telephone Field,recover-20220922,001,1795
573.6485,573.6588,25468,31208,Nyctalus leisleri,0.012,0.03,-1,Echolocation,/mnt/ubna_data_02_mir/recover-20220922/UBNA_001/20220921_090000.WAV,Telephone Field,recover-20220922,001,1795
573.6675,573.7107,68437,83577,Rhinolophus ferrumequinum,0.038,0.038,-1,Echolocation,/mnt/ubna_data_02_mir/recover-20220922/UBNA_001/20220921_090000.WAV,Telephone Field,recover-20220922,001,1795
573.6935,573.7298,68437,81279,Rhinolophus ferrumequinum,0.023,0.023,-1,Echolocation,/mnt/ubna_data_02_mir/recover-20220922/UBNA_001/20220921_090000.WAV,Telephone Field,recover-20220922,001,1795
573.7045,573.718,23750,29415,Nyctalus leisleri,0.016,0.034,-1,Echolocation,/mnt/ubna_data_02_mir/recover-20220922/UBNA_001/20220921_090000.WAV,Telephone Field,recover-20220922,001,1795
573.7055,573.7432,68437,81484,Rhinolophus ferrumequinum,0.024,0.024,-1,Echolocation,/mnt/ubna_data_02_mir/recover-20220922/UBNA_001/20220921_090000.WAV,Telephone Field,recover-20220922,001,1795
573.7155,573.7494,68437,81125,Rhinolophus ferrumequinum,0.029,0.029,-1,Echolocation,/mnt/ubna_data_02_mir/recover-20220922/UBNA_001/20220921_090000.WAV,Telephone Field,recover-20220922,001,1795
573.7465,573.7858,68437,82582,Rhinolophus ferrumequinum,0.028,0.028,-1,Echolocation,/mnt/ubna_data_02_mir/recover-20220922/UBNA_001/20220921_090000.WAV,Telephone Field,recover-20220922,001,1795
573.8105,573.8467,68437,81589,Rhinolophus ferrumequinum,0.023,0.023,-1,Echolocation,/mnt/ubna_data_02_mir/recover-20220922/UBNA_001/20220921_090000.WAV,Telephone Field,recover-20220922,001,1795
573.8255,573.8327,28906,41023,Eptesicus serotinus,0.008,0.026,-1,Echolocation,/mnt/ubna_data_02_mir/recover-20220922/UBNA_001/20220921_090000.WAV,Telephone Field,recover-20220922,001,1795
573.8605,573.897,68437,81796,Rhinolophus ferrumequinum,0.03,0.03,-1,Echolocation,/mnt/ubna_data_02_mir/recover-20220922/UBNA_001/20220921_090000.WAV,Telephone Field,recover-20220922,001,1795
573.8875,573.9297,68437,83253,Rhinolophus ferrumequinum,0.034,0.034,-1,Echolocation,/mnt/ubna_data_02_mir/recover-20220922/UBNA_001/20220921_090000.WAV,Telephone Field,recover-20220922,001,1795
573.9505,573.9618,28046,36449,Eptesicus serotinus,0.013,0.025,-1,Echolocation,/mnt/ubna_data_02_mir/recover-20220922/UBNA_001/20220921_090000.WAV,Telephone Field,recover-20220922,001,1795
573.9615,573.9761,24609,30408,Nyctalus leisleri,0.013,0.03,-1,Echolocation,/mnt/ubna_data_02_mir/recover-20220922/UBNA_001/20220921_090000.WAV,Telephone Field,recover-20220922,001,1795
574.0015,574.0111,26328,33217,Nyctalus leisleri,0.01,0.03,-1,Echolocation,/mnt/ubna_data_02_mir/recover-20220922/UBNA_001/20220921_090000.WAV,Telephone Field,recover-20220922,001,1795
574.0015,574.0117,47812,54410,Pipistrellus pipistrellus,0.018,0.023,-1,Echolocation,/mnt/ubna_data_02_mir/recover-20220922/UBNA_001/20220921_090000.WAV,Telephone Field,recover-20220922,001,1795
574.0015,574.0336,69296,81886,Rhinolophus ferrumequinum,0.027,0.028,-1,Echolocation,/mnt/ubna_data_02_mir/recover-20220922/UBNA_001/20220921_090000.WAV,Telephone Field,recover-20220922,001,1795
574.0135,574.0573,68437,82741,Rhinolophus ferrumequinum,0.026,0.026,-1,Echolocation,/mnt/ubna_data_02_mir/recover-20220922/UBNA_001/20220921_090000.WAV,Telephone Field,recover-20220922,001,1795
574.0165,574.0234,56406,61756,Pipistrellus pygmaeus,0.022,0.023,-1,Echolocation,/mnt/ubna_data_02_mir/recover-20220922/UBNA_001/20220921_090000.WAV,Telephone Field,recover-20220922,001,1795
574.0365,574.0455,28046,40011,Eptesicus serotinus,0.009,0.023,-1,Echolocation,/mnt/ubna_data_02_mir/recover-20220922/UBNA_001/20220921_090000.WAV,Telephone Field,recover-20220922,001,1795
574.0855,574.1274,68437,83100,Rhinolophus ferrumequinum,0.026,0.026,-1,Echolocation,/mnt/ubna_data_02_mir/recover-20220922/UBNA_001/20220921_090000.WAV,Telephone Field,recover-20220922,001,1795
574.0995,574.1085,27187,36001,Eptesicus serotinus,0.007,0.022,-1,Echolocation,/mnt/ubna_data_02_mir/recover-20220922/UBNA_001/20220921_090000.WAV,Telephone Field,recover-20220922,001,1795
574.1125,574.1528,68437,82667,Rhinolophus ferrumequinum,0.024,0.024,-1,Echolocation,/mnt/ubna_data_02_mir/recover-20220922/UBNA_001/20220921_090000.WAV,Telephone Field,recover-20220922,001,1795
574.1135,574.1216,28046,37758,Eptesicus serotinus,0.007,0.021,-1,Echolocation,/mnt/ubna_data_02_mir/recover-20220922/UBNA_001/20220921_090000.WAV,Telephone Field,recover-20220922,001,1795
574.1445,574.1848,68437,82801,Rhinolophus ferrumequinum,0.024,0.024,-1,Echolocation,/mnt/ubna_data_02_mir/recover-20220922/UBNA_001/20220921_090000.WAV,Telephone Field,recover-20220922,001,1795
574.1525,574.1597,28046,38339,Eptesicus serotinus,0.006,0.022,-1,Echolocation,/mnt/ubna_data_02_mir/recover-20220922/UBNA_001/20220921_090000.WAV,Telephone Field,recover-20220922,001,1795
574.1665,574.1773,27187,34722,Eptesicus serotinus,0.012,0.027,-1,Echolocation,/mnt/ubna_data_02_mir/recover-20220922/UBNA_001/20220921_090000.WAV,Telephone Field,recover-20220922,001,1795
574.1905,574.2305,68437,82125,Rhinolophus ferrumequinum,0.027,0.027,-1,Echolocation,/mnt/ubna_data_02_mir/recover-20220922/UBNA_001/20220921_090000.WAV,Telephone Field,recover-20220922,001,1795
574.2345,574.2439,28046,36475,Eptesicus serotinus,0.011,0.026,-1,Echolocation,/mnt/ubna_data_02_mir/recover-20220922/UBNA_001/20220921_090000.WAV,Telephone Field,recover-20220922,001,1795
574.2715,574.3109,68437,82266,Rhinolophus ferrumequinum,0.026,0.026,-1,Echolocation,/mnt/ubna_data_02_mir/recover-20220922/UBNA_001/20220921_090000.WAV,Telephone Field,recover-20220922,001,1795
574.2745,574.2834,27187,36956,Eptesicus serotinus,0.01,0.023,-1,Echolocation,/mnt/ubna_data_02_mir/recover-20220922/UBNA_001/20220921_090000.WAV,Telephone Field,recover-20220922,001,1795
574.2805,574.2913,22890,28176,Nyctalus leisleri,0.01,0.021,-1,Echolocation,/mnt/ubna_data_02_mir/recover-20220922/UBNA_001/20220921_090000.WAV,Telephone Field,recover-20220922,001,1795
574.3015,574.3344,68437,81219,Rhinolophus ferrumequinum,0.023,0.023,-1,Echolocation,/mnt/ubna_data_02_mir/recover-20220922/UBNA_001/20220921_090000.WAV,Telephone Field,recover-20220922,001,1795
574.3085,574.3459,68437,81659,Rhinolophus ferrumequinum,0.021,0.021,-1,Echolocation,/mnt/ubna_data_02_mir/recover-20220922/UBNA_001/20220921_090000.WAV,Telephone Field,recover-20220922,001,1795
574.3185,574.3274,28046,36509,Eptesicus serotinus,0.008,0.021,-1,Echolocation,/mnt/ubna_data_02_mir/recover-20220922/UBNA_001/20220921_090000.WAV,Telephone Field,recover-20220922,001,1795
574.3275,574.3667,68437,82504,Rhinolophus ferrumequinum,0.021,0.021,-1,Echolocation,/mnt/ubna_data_02_mir/recover-20220922/UBNA_001/20220921_090000.WAV,Telephone Field,recover-20220922,001,1795
574.3455,574.3822,68437,80929,Rhinolophus ferrumequinum,0.026,0.026,-1,Echolocation,/mnt/ubna_data_02_mir/recover-20220922/UBNA_001/20220921_090000.WAV,Telephone Field,recover-20220922,001,1795
574.3635,574.4029,68437,82701,Rhinolophus ferrumequinum,0.024,0.024,-1,Echolocation,/mnt/ubna_data_02_mir/recover-20220922/UBNA_001/20220921_090000.WAV,Telephone Field,recover-20220922,001,1795
574.3715,574.3814,28906,37499,Eptesicus serotinus,0.011,0.026,-1,Echolocation,/mnt/ubna_data_02_mir/recover-20220922/UBNA_001/20220921_090000.WAV,Telephone Field,recover-20220922,001,1795
574.3905,574.4244,68437,81016,Rhinolophus ferrumequinum,0.021,0.021,-1,Echolocation,/mnt/ubna_data_02_mir/recover-20220922/UBNA_001/20220921_090000.WAV,Telephone Field,recover-20220922,001,1795
574.3975,574.4086,24609,29931,Nyctalus leisleri,0.01,0.024,-1,Echolocation,/mnt/ubna_data_02_mir/recover-20220922/UBNA_001/20220921_090000.WAV,Telephone Field,recover-20220922,001,1795
574.4085,574.4426,68437,81183,Rhinolophus ferrumequinum,0.022,0.022,-1,Echolocation,/mnt/ubna_data_02_mir/recover-20220922/UBNA_001/20220921_090000.WAV,Telephone Field,recover-20220922,001,1795
574.4265,574.4361,28046,36315,Eptesicus serotinus,0.011,0.024,-1,Echolocation,/mnt/ubna_data_02_mir/recover-20220922/UBNA_001/20220921_090000.WAV,Telephone Field,recover-20220922,001,1795
574.4515,574.4909,68437,82379,Rhinolophus ferrumequinum,0.021,0.021,-1,Echolocation,/mnt/ubna_data_02_mir/recover-20220922/UBNA_001/20220921_090000.WAV,Telephone Field,recover-20220922,001,1795
574.5175,574.553,68437,81106,Rhinolophus ferrumequinum,0.021,0.021,-1,Echolocation,/mnt/ubna_data_02_mir/recover-20220922/UBNA_001/20220921_090000.WAV,Telephone Field,recover-20220922,001,1795
574.5265,574.5368,27187,35713,Eptesicus serotinus,0.013,0.026,-1,Echolocation,/mnt/ubna_data_02_mir/recover-20220922/UBNA_001/20220921_090000.WAV,Telephone Field,recover-20220922,001,1795
574.5375,574.5688,68437,80485,Rhinolophus ferrumequinum,0.021,0.021,-1,Echolocation,/mnt/ubna_data_02_mir/recover-20220922/UBNA_001/20220921_090000.WAV,Telephone Field,recover-20220922,001,1795
574.5615,574.6013,68437,82217,Rhinolophus ferrumequinum,0.022,0.022,-1,Echolocation,/mnt/ubna_data_02_mir/recover-20220922/UBNA_001/20220921_090000.WAV,Telephone Field,recover-20220922,001,1795
574.5735,574.5812,25468,34524,Eptesicus serotinus,0.006,0.023,-1,Echolocation,/mnt/ubna_data_02_mir/recover-20220922/UBNA_001/20220921_090000.WAV,Telephone Field,recover-20220922,001,1795
574.5855,574.6243,68437,82862,Rhinolophus ferrumequinum,0.024,0.024,-1,Echolocation,/mnt/ubna_data_02_mir/recover-20220922/UBNA_001/20220921_090000.WAV,Telephone Field,recover-20220922,001,1795
574.6005,574.6372,68437,81526,Rhinolophus ferrumequinum,0.022,0.022,-1,Echolocation,/mnt/ubna_data_02_mir/recover-20220922/UBNA_001/20220921_090000.WAV,Telephone Field,recover-20220922,001,1795
574.6075,574.6141,27187,39319,Eptesicus serotinus,0.006,0.023,-1,Echolocation,/mnt/ubna_data_02_mir/recover-20220922/UBNA_001/20220921_090000.WAV,Telephone Field,recover-20220922,001,1795
574.6315,574.6403,26328,35694,Eptesicus serotinus,0.009,0.023,-1,Echolocation,/mnt/ubna_data_02_mir/recover-20220922/UBNA_001/20220921_090000.WAV,Telephone Field,recover-20220922,001,1795
574.6355,574.6691,68437,81171,Rhinolophus ferrumequinum,0.022,0.022,-1,Echolocation,/mnt/ubna_data_02_mir/recover-20220922/UBNA_001/20220921_090000.WAV,Telephone Field,recover-20220922,001,1795
574.6495,574.6912,68437,82565,Rhinolophus ferrumequinum,0.022,0.022,-1,Echolocation,/mnt/ubna_data_02_mir/recover-20220922/UBNA_001/20220921_090000.WAV,Telephone Field,recover-20220922,001,1795
574.6685,574.678,28046,35876,Eptesicus serotinus,0.009,0.024,-1,Echolocation,/mnt/ubna_data_02_mir/recover-20220922/UBNA_001/20220921_090000.WAV,Telephone Field,recover-20220922,001,1795
574.6695,574.7114,68437,83031,Rhinolophus ferrumequinum,0.023,0.023,-1,Echolocation,/mnt/ubna_data_02_mir/recover-20220922/UBNA_001/20220921_090000.WAV,Telephone Field,recover-20220922,001,1795
574.6705,574.6816,22031,25889,Nyctalus leisleri,0.013,0.024,-1,Echolocation,/mnt/ubna_data_02_mir/recover-20220922/UBNA_001/20220921_090000.WAV,Telephone Field,recover-20220922,001,1795
574.7175,574.7276,28046,35556,Eptesicus serotinus,0.019,0.036,-1,Echolocation,/mnt/ubna_data_02_mir/recover-20220922/UBNA_001/20220921_090000.WAV,Telephone Field,recover-20220922,001,1795
574.7415,574.7512,24609,33096,Nyctalus leisleri,0.007,0.022,-1,Echolocation,/mnt/ubna_data_02_mir/recover-20220922/UBNA_001/20220921_090000.WAV,Telephone Field,recover-20220922,001,1795
574.7595,574.7978,68437,81458,Rhinolophus ferrumequinum,0.022,0.022,-1,Echolocation,/mnt/ubna_data_02_mir/recover-20220922/UBNA_001/20220921_090000.WAV,Telephone Field,recover-20220922,001,1795
574.7805,574.8187,68437,81822,Rhinolophus ferrumequinum,0.023,0.023,-1,Echolocation,/mnt/ubna_data_02_mir/recover-20220922/UBNA_001/20220921_090000.WAV,Telephone Field,recover-20220922,001,1795
574.7885,574.8264,68437,82002,Rhinolophus ferrumequinum,0.023,0.023,-1,Echolocation,/mnt/ubna_data_02_mir/recover-20220922/UBNA_001/20220921_090000.WAV,Telephone Field,recover-20220922,001,1795
574.8245,574.8651,68437,81711,Rhinolophus ferrumequinum,0.023,0.023,-1,Echolocation,/mnt/ubna_data_02_mir/recover-20220922/UBNA_001/20220921_090000.WAV,Telephone Field,recover-20220922,001,1795
574.8635,574.903,68437,82151,Rhinolophus ferrumequinum,0.025,0.025,-1,Echolocation,/mnt/ubna_data_02_mir/recover-20220922/UBNA_001/20220921_090000.WAV,Telephone Field,recover-20220922,001,1795
574.8895,574.896,27187,36850,Plecotus austriacus,0.008,0.033,-1,Echolocation,/mnt/ubna_data_02_mir/recover-20220922/UBNA_001/20220921_090000.WAV,Telephone Field,recover-20220922,001,1795
574.8965,574.937,68437,82455,Rhinolophus ferrumequinum,0.022,0.023,-1,Echolocation,/mnt/ubna_data_02_mir/recover-20220922/UBNA_001/20220921_090000.WAV,Telephone Field,recover-20220922,001,1795
574.9355,574.9744,68437,82586,Rhinolophus ferrumequinum,0.024,0.024,-1,Echolocation,/mnt/ubna_data_02_mir/recover-20220922/UBNA_001/20220921_090000.WAV,Telephone Field,recover-20220922,001,1795
574.9395,574.9476,24609,32712,Plecotus austriacus,0.008,0.024,-1,Echolocation,/mnt/ubna_data_02_mir/recover-20220922/UBNA_001/20220921_090000.WAV,Telephone Field,recover-20220922,001,1795
574.9665,575.008,68437,82614,Rhinolophus ferrumequinum,0.033,0.033,-1,Echolocation,/mnt/ubna_data_02_mir/recover-20220922/UBNA_001/20220921_090000.WAV,Telephone Field,recover-20220922,001,1795
575.0085,575.0165,26328,35676,Eptesicus serotinus,0.01,0.025,-1,Echolocation,/mnt/ubna_data_02_mir/recover-20220922/UBNA_001/20220921_090000.WAV,Telephone Field,recover-20220922,001,1795
575.0275,575.0692,68437,82672,Rhinolophus ferrumequinum,0.027,0.027,-1,Echolocation,/mnt/ubna_data_02_mir/recover-20220922/UBNA_001/20220921_090000.WAV,Telephone Field,recover-20220922,001,1795
575.0595,575.0676,28046,40267,Eptesicus serotinus,0.009,0.023,-1,Echolocation,/mnt/ubna_data_02_mir/recover-20220922/UBNA_001/20220921_090000.WAV,Telephone Field,recover-20220922,001,1795
575.0675,575.1057,68437,81890,Rhinolophus ferrumequinum,0.021,0.021,-1,Echolocation,/mnt/ubna_data_02_mir/recover-20220922/UBNA_001/20220921_090000.WAV,Telephone Field,recover-20220922,001,1795
575.0835,575.1252,68437,82166,Rhinolophus ferrumequinum,0.022,0.022,-1,Echolocation,/mnt/ubna_data_02_mir/recover-20220922/UBNA_001/20220921_090000.WAV,Telephone Field,recover-20220922,001,1795
575.0885,575.0965,28906,39975,Eptesicus serotinus,0.008,0.024,-1,Echolocation,/mnt/ubna_data_02_mir/recover-20220922/UBNA_001/20220921_090000.WAV,Telephone Field,recover-20220922,001,1795
575.1135,575.154,68437,82261,Rhinolophus ferrumequinum,0.022,0.022,-1,Echolocation,/mnt/ubna_data_02_mir/recover-20220922/UBNA_001/20220921_090000.WAV,Telephone Field,recover-20220922,001,1795
575.1385,575.1492,22890,28291,Nyctalus leisleri,0.011,0.021,-1,Echolocation,/mnt/ubna_data_02_mir/recover-20220922/UBNA_001/20220921_090000.WAV,Telephone Field,recover-20220922,001,1795
575.1665,575.2108,68437,83393,Rhinolophus ferrumequinum,0.032,0.032,-1,Echolocation,/mnt/ubna_data_02_mir/recover-20220922/UBNA_001/20220921_090000.WAV,Telephone Field,recover-20220922,001,1795
575.2175,575.2575,68437,82540,Rhinolophus ferrumequinum,0.021,0.021,-1,Echolocation,/mnt/ubna_data_02_mir/recover-20220922/UBNA_001/20220921_090000.WAV,Telephone Field,recover-20220922,001,1795
575.2175,575.2252,46953,50313,Pipistrellus pipistrellus,0.025,0.026,-1,Echolocation,/mnt/ubna_data_02_mir/recover-20220922/UBNA_001/20220921_090000.WAV,Telephone Field,recover-20220922,001,1795
575.2285,575.2694,68437,82406,Rhinolophus ferrumequinum,0.022,0.022,-1,Echolocation,/mnt/ubna_data_02_mir/recover-20220922/UBNA_001/20220921_090000.WAV,Telephone Field,recover-20220922,001,1795
575.2305,575.2385,28046,39076,Eptesicus serotinus,0.007,0.025,-1,Echolocation,/mnt/ubna_data_02_mir/recover-20220922/UBNA_001/20220921_090000.WAV,Telephone Field,recover-20220922,001,1795
575.2525,575.2911,68437,82390,Rhinolophus ferrumequinum,0.023,0.023,-1,Echolocation,/mnt/ubna_data_02_mir/recover-20220922/UBNA_001/20220921_090000.WAV,Telephone Field,recover-20220922,001,1795
575.2765,575.3136,68437,80927,Rhinolophus ferrumequinum,0.024,0.024,-1,Echolocation,/mnt/ubna_data_02_mir/recover-20220922/UBNA_001/20220921_090000.WAV,Telephone Field,recover-20220922,001,1795
575.2795,575.2904,42656,48808,Pipistrellus pipistrellus,0.088,0.131,-1,Echolocation,/mnt/ubna_data_02_mir/recover-20220922/UBNA_001/20220921_090000.WAV,Telephone Field,recover-20220922,001,1795
575.3575,575.3779,18593,21960,Nyctalus noctula,0.02,0.035,-1,Echolocation,/mnt/ubna_data_02_mir/recover-20220922/UBNA_001/20220921_090000.WAV,Telephone Field,recover-20220922,001,1795
575.3745,575.4135,68437,81885,Rhinolophus ferrumequinum,0.022,0.022,-1,Echolocation,/mnt/ubna_data_02_mir/recover-20220922/UBNA_001/20220921_090000.WAV,Telephone Field,recover-20220922,001,1795
575.4135,575.4553,68437,82551,Rhinolophus ferrumequinum,0.035,0.035,-1,Echolocation,/mnt/ubna_data_02_mir/recover-20220922/UBNA_001/20220921_090000.WAV,Telephone Field,recover-20220922,001,1795
575.4305,575.4677,68437,81661,Rhinolophus ferrumequinum,0.023,0.023,-1,Echolocation,/mnt/ubna_data_02_mir/recover-20220922/UBNA_001/20220921_090000.WAV,Telephone Field,recover-20220922,001,1795
575.4455,575.4533,28046,38287,Eptesicus serotinus,0.007,0.022,-1,Echolocation,/mnt/ubna_data_02_mir/recover-20220922/UBNA_001/20220921_090000.WAV,Telephone Field,recover-20220922,001,1795
575.4705,575.4791,27187,36378,Eptesicus serotinus,0.01,0.024,-1,Echolocation,/mnt/ubna_data_02_mir/recover-20220922/UBNA_001/20220921_090000.WAV,Telephone Field,recover-20220922,001,1795
575.4905,575.502,43515,49079,Pipistrellus pipistrellus,0.014,0.023,-1,Echolocation,/mnt/ubna_data_02_mir/recover-20220922/UBNA_001/20220921_090000.WAV,Telephone Field,recover-20220922,001,1795
575.5185,575.5591,68437,82508,Rhinolophus ferrumequinum,0.024,0.024,-1,Echolocation,/mnt/ubna_data_02_mir/recover-20220922/UBNA_001/20220921_090000.WAV,Telephone Field,recover-20220922,001,1795
575.5425,575.5509,28046,36859,Eptesicus serotinus,0.007,0.021,-1,Echolocation,/mnt/ubna_data_02_mir/recover-20220922/UBNA_001/20220921_090000.WAV,Telephone Field,recover-20220922,001,1795
575.5665,575.609,68437,83551,Rhinolophus ferrumequinum,0.057,0.057,-1,Echolocation,/mnt/ubna_data_02_mir/recover-20220922/UBNA_001/20220921_090000.WAV,Telephone Field,recover-20220922,001,1795
575.6035,575.6094,32343,48376,Myotis daubentonii,0.009,0.021,-1,Echolocation,/mnt/ubna_data_02_mir/recover-20220922/UBNA_001/20220921_090000.WAV,Telephone Field,recover-20220922,001,1795
575.6355,575.676,68437,82902,Rhinolophus ferrumequinum,0.037,0.037,-1,Echolocation,/mnt/ubna_data_02_mir/recover-20220922/UBNA_001/20220921_090000.WAV,Telephone Field,recover-20220922,001,1795
575.6535,575.6631,22031,28114,Plecotus austriacus,0.008,0.023,-1,Echolocation,/mnt/ubna_data_02_mir/recover-20220922/UBNA_001/20220921_090000.WAV,Telephone Field,recover-20220922,001,1795
575.7135,575.7546,68437,83424,Rhinolophus ferrumequinum,0.031,0.031,-1,Echolocation,/mnt/ubna_data_02_mir/recover-20220922/UBNA_001/20220921_090000.WAV,Telephone Field,recover-20220922,001,1795
575.7615,575.7712,27187,36124,Eptesicus serotinus,0.01,0.022,-1,Echolocation,/mnt/ubna_data_02_mir/recover-20220922/UBNA_001/20220921_090000.WAV,Telephone Field,recover-20220922,001,1795
575.7675,575.8085,68437,82802,Rhinolophus ferrumequinum,0.024,0.024,-1,Echolocation,/mnt/ubna_data_02_mir/recover-20220922/UBNA_001/20220921_090000.WAV,Telephone Field,recover-20220922,001,1795
575.8365,575.8727,68437,81543,Rhinolophus ferrumequinum,0.024,0.024,-1,Echolocation,/mnt/ubna_data_02_mir/recover-20220922/UBNA_001/20220921_090000.WAV,Telephone Field,recover-20220922,001,1795
575.8635,575.8982,68437,81229,Rhinolophus ferrumequinum,0.021,0.021,-1,Echolocation,/mnt/ubna_data_02_mir/recover-20220922/UBNA_001/20220921_090000.WAV,Telephone Field,recover-20220922,001,1795
575.8875,575.9266,68437,82021,Rhinolophus ferrumequinum,0.021,0.021,-1,Echolocation,/mnt/ubna_data_02_mir/recover-20220922/UBNA_001/20220921_090000.WAV,Telephone Field,recover-20220922,001,1795
575.8985,575.9401,68437,82273,Rhinolophus ferrumequinum,0.022,0.022,-1,Echolocation,/mnt/ubna_data_02_mir/recover-20220922/UBNA_001/20220921_090000.WAV,Telephone Field,recover-20220922,001,1795
575.9135,575.9208,27187,39867,Eptesicus serotinus,0.006,0.021,-1,Echolocation,/mnt/ubna_data_02_mir/recover-20220922/UBNA_001/20220921_090000.WAV,Telephone Field,recover-20220922,001,1795
575.9165,575.926,22890,29464,Nyctalus leisleri,0.008,0.021,-1,Echolocation,/mnt/ubna_data_02_mir/recover-20220922/UBNA_001/20220921_090000.WAV,Telephone Field,recover-20220922,001,1795
575.9405,575.9781,68437,81246,Rhinolophus ferrumequinum,0.024,0.024,-1,Echolocation,/mnt/ubna_data_02_mir/recover-20220922/UBNA_001/20220921_090000.WAV,Telephone Field,recover-20220922,001,1795
575.9435,575.952,28046,37775,Eptesicus serotinus,0.01,0.022,-1,Echolocation,/mnt/ubna_data_02_mir/recover-20220922/UBNA_001/20220921_090000.WAV,Telephone Field,recover-20220922,001,1795
575.9505,575.9894,68437,82025,Rhinolophus ferrumequinum,0.022,0.022,-1,Echolocation,/mnt/ubna_data_02_mir/recover-20220922/UBNA_001/20220921_090000.WAV,Telephone Field,recover-20220922,001,1795
575.9735,575.9853,27187,33185,Eptesicus serotinus,0.016,0.033,-1,Echolocation,/mnt/ubna_data_02_mir/recover-20220922/UBNA_001/20220921_090000.WAV,Telephone Field,recover-20220922,001,1795
576.0015,576.01,47812,53959,Pipistrellus pipistrellus,0.023,0.029,-1,Echolocation,/mnt/ubna_data_02_mir/recover-20220922/UBNA_001/20220921_090000.WAV,Telephone Field,recover-20220922,001,1795
576.0015,576.0348,68437,79409,Rhinolophus ferrumequinum,0.03,0.031,-1,Echolocation,/mnt/ubna_data_02_mir/recover-20220922/UBNA_001/20220921_090000.WAV,Telephone Field,recover-20220922,001,1795
576.0015,576.0102,22890,29245,Nyctalus leisleri,0.014,0.037,-1,Echolocation,/mnt/ubna_data_02_mir/recover-20220922/UBNA_001/20220921_090000.WAV,Telephone Field,recover-20220922,001,1795
576.0075,576.0506,68437,82395,Rhinolophus ferrumequinum,0.037,0.037,-1,Echolocation,/mnt/ubna_data_02_mir/recover-20220922/UBNA_001/20220921_090000.WAV,Telephone Field,recover-20220922,001,1795
576.0085,576.0193,23750,30263,Nyctalus leisleri,0.01,0.024,-1,Echolocation,/mnt/ubna_data_02_mir/recover-20220922/UBNA_001/20220921_090000.WAV,Telephone Field,recover-20220922,001,1795
576.0205,576.0317,23750,29179,Nyctalus leisleri,0.011,0.027,-1,Echolocation,/mnt/ubna_data_02_mir/recover-20220922/UBNA_001/20220921_090000.WAV,Telephone Field,recover-20220922,001,1795
576.0345,576.0447,27187,34684,Eptesicus serotinus,0.012,0.024,-1,Echolocation,/mnt/ubna_data_02_mir/recover-20220922/UBNA_001/20220921_090000.WAV,Telephone Field,recover-20220922,001,1795
576.0515,576.0925,68437,82576,Rhinolophus ferrumequinum,0.024,0.024,-1,Echolocation,/mnt/ubna_data_02_mir/recover-20220922/UBNA_001/20220921_090000.WAV,Telephone Field,recover-20220922,001,1795
576.0555,576.069,24609,30793,Eptesicus serotinus,0.01,0.023,-1,Echolocation,/mnt/ubna_data_02_mir/recover-20220922/UBNA_001/20220921_090000.WAV,Telephone Field,recover-20220922,001,1795
576.0625,576.0731,23750,29664,Nyctalus leisleri,0.01,0.024,-1,Echolocation,/mnt/ubna_data_02_mir/recover-20220922/UBNA_001/20220921_090000.WAV,Telephone Field,recover-20220922,001,1795
576.0845,576.0921,25468,34384,Plecotus austriacus,0.007,0.024,-1,Echolocation,/mnt/ubna_data_02_mir/recover-20220922/UBNA_001/20220921_090000.WAV,Telephone Field,recover-20220922,001,1795
576.1305,576.1382,28906,38257,Eptesicus serotinus,0.007,0.02,-1,Echolocation,/mnt/ubna_data_02_mir/recover-20220922/UBNA_001/20220921_090000.WAV,Telephone Field,recover-20220922,001,1795
576.1695,576.1778,26328,37365,Eptesicus serotinus,0.008,0.021,-1,Echolocation,/mnt/ubna_data_02_mir/recover-20220922/UBNA_001/20220921_090000.WAV,Telephone Field,recover-20220922,001,1795
576.2095,576.2464,68437,82350,Rhinolophus ferrumequinum,0.027,0.027,-1,Echolocation,/mnt/ubna_data_02_mir/recover-20220922/UBNA_001/20220921_090000.WAV,Telephone Field,recover-20220922,001,1795
576.2295,576.2366,30625,42958,Myotis daubentonii,0.008,0.025,-1,Echolocation,/mnt/ubna_data_02_mir/recover-20220922/UBNA_001/20220921_090000.WAV,Telephone Field,recover-20220922,001,1795
576.3075,576.3153,28046,40871,Eptesicus serotinus,0.008,0.021,-1,Echolocation,/mnt/ubna_data_02_mir/recover-20220922/UBNA_001/20220921_090000.WAV,Telephone Field,recover-20220922,001,1795
576.3205,576.3592,68437,81909,Rhinolophus ferrumequinum,0.023,0.023,-1,Echolocation,/mnt/ubna_data_02_mir/recover-20220922/UBNA_001/20220921_090000.WAV,Telephone Field,recover-20220922,001,1795
576.3225,576.3381,15156,18835,Nyctalus noctula,0.022,0.034,-1,Echolocation,/mnt/ubna_data_02_mir/recover-20220922/UBNA_001/20220921_090000.WAV,Telephone Field,recover-20220922,001,1795
576.3565,576.3908,68437,80961,Rhinolophus ferrumequinum,0.021,0.021,-1,Echolocation,/mnt/ubna_data_02_mir/recover-20220922/UBNA_001/20220921_090000.WAV,Telephone Field,recover-20220922,001,1795
576.3875,576.4265,68437,82126,Rhinolophus ferrumequinum,0.02,0.02,-1,Echolocation,/mnt/ubna_data_02_mir/recover-20220922/UBNA_001/20220921_090000.WAV,Telephone Field,recover-20220922,001,1795
576.4125,576.4536,68437,82213,Rhinolophus ferrumequinum,0.021,0.021,-1,Echolocation,/mnt/ubna_data_02_mir/recover-20220922/UBNA_001/20220921_090000.WAV,Telephone Field,recover-20220922,001,1795
576.4335,576.4712,68437,82412,Rhinolophus ferrumequinum,0.022,0.022,-1,Echolocation,/mnt/ubna_data_02_mir/recover-20220922/UBNA_001/20220921_090000.WAV,Telephone Field,recover-20220922,001,1795
576.4395,576.4512,28046,33714,Eptesicus serotinus,0.02,0.034,-1,Echolocation,/mnt/ubna_data_02_mir/recover-20220922/UBNA_001/20220921_090000.WAV,Telephone Field,recover-20220922,001,1795
576.4885,576.508,19453,22174,Nyctalus leisleri,0.019,0.039,-1,Echolocation,/mnt/ubna_data_02_mir/recover-20220922/UBNA_001/20220921_090000.WAV,Telephone Field,recover-20220922,001,1795
576.5025,576.5102,28906,39711,Eptesicus serotinus,0.008,0.027,-1,Echolocation,/mnt/ubna_data_02_mir/recover-20220922/UBNA_001/20220921_090000.WAV,Telephone Field,recover-20220922,001,1795
576.5125,576.5508,68437,81557,Rhinolophus ferrumequinum,0.021,0.021,-1,Echolocation,/mnt/ubna_data_02_mir/recover-20220922/UBNA_001/20220921_090000.WAV,Telephone Field,recover-20220922,001,1795
576.5135,576.5243,23750,28918,Nyctalus leisleri,0.009,0.021,-1,Echolocation,/mnt/ubna_data_02_mir/recover-20220922/UBNA_001/20220921_090000.WAV,Telephone Field,recover-20220922,001,1795
576.5595,576.5967,68437,81586,Rhinolophus ferrumequinum,0.02,0.02,-1,Echolocation,/mnt/ubna_data_02_mir/recover-20220922/UBNA_001/20220921_090000.WAV,Telephone Field,recover-20220922,001,1795
576.5695,576.6025,68437,80045,Rhinolophus ferrumequinum,0.024,0.024,-1,Echolocation,/mnt/ubna_data_02_mir/recover-20220922/UBNA_001/20220921_090000.WAV,Telephone Field,recover-20220922,001,1795
576.5935,576.6012,27187,35966,Eptesicus serotinus,0.012,0.029,-1,Echolocation,/mnt/ubna_data_02_mir/recover-20220922/UBNA_001/20220921_090000.WAV,Telephone Field,recover-20220922,001,1795
576.6025,576.6115,42656,46446,Pipistrellus pipistrellus,0.019,0.021,-1,Echolocation,/mnt/ubna_data_02_mir/recover-20220922/UBNA_001/20220921_090000.WAV,Telephone Field,recover-20220922,001,1795
576.6035,576.6138,22890,28115,Nyctalus leisleri,0.011,0.022,-1,Echolocation,/mnt/ubna_data_02_mir/recover-20220922/UBNA_001/20220921_090000.WAV,Telephone Field,recover-20220922,001,1795
576.6465,576.6902,68437,82829,Rhinolophus ferrumequinum,0.032,0.032,-1,Echolocation,/mnt/ubna_data_02_mir/recover-20220922/UBNA_001/20220921_090000.WAV,Telephone Field,recover-20220922,001,1795
576.6665,576.7054,68437,81796,Rhinolophus ferrumequinum,0.021,0.021,-1,Echolocation,/mnt/ubna_data_02_mir/recover-20220922/UBNA_001/20220921_090000.WAV,Telephone Field,recover-20220922,001,1795
576.6865,576.7246,68437,82111,Rhinolophus ferrumequinum,0.024,0.024,-1,Echolocation,/mnt/ubna_data_02_mir/recover-20220922/UBNA_001/20220921_090000.WAV,Telephone Field,recover-20220922,001,1795
576.7095,576.7474,68437,81616,Rhinolophus ferrumequinum,0.021,0.021,-1,Echolocation,/mnt/ubna_data_02_mir/recover-20220922/UBNA_001/20220921_090000.WAV,Telephone Field,recover-20220922,001,1795
576.7225,576.7314,28046,39230,Eptesicus serotinus,0.008,0.021,-1,Echolocation,/mnt/ubna_data_02_mir/recover-20220922/UBNA_001/20220921_090000.WAV,Telephone Field,recover-20220922,001,1795
576.7575,576.8009,68437,82940,Rhinolophus ferrumequinum,0.031,0.031,-1,Echolocation,/mnt/ubna_data_02_mir/recover-20220922/UBNA_001/20220921_090000.WAV,Telephone Field,recover-20220922,001,1795
576.7675,576.7755,25468,34367,Eptesicus serotinus,0.007,0.022,-1,Echolocation,/mnt/ubna_data_02_mir/recover-20220922/UBNA_001/20220921_090000.WAV,Telephone Field,recover-20220922,001,1795
576.7955,576.8341,68437,82015,Rhinolophus ferrumequinum,0.022,0.022,-1,Echolocation,/mnt/ubna_data_02_mir/recover-20220922/UBNA_001/20220921_090000.WAV,Telephone Field,recover-20220922,001,1795
576.8245,576.8324,28046,36317,Eptesicus serotinus,0.012,0.028,-1,Echolocation,/mnt/ubna_data_02_mir/recover-20220922/UBNA_001/20220921_090000.WAV,Telephone Field,recover-20220922,001,1795
576.8375,576.8439,47812,53019,Pipistrellus pipistrellus,0.02,0.021,-1,Echolocation,/mnt/ubna_data_02_mir/recover-20220922/UBNA_001/20220921_090000.WAV,Telephone Field,recover-20220922,001,1795
576.8515,576.8871,68437,81012,Rhinolophus ferrumequinum,0.029,0.029,-1,Echolocation,/mnt/ubna_data_02_mir/recover-20220922/UBNA_001/20220921_090000.WAV,Telephone Field,recover-20220922,001,1795
576.8715,576.8798,25468,34108,Eptesicus serotinus,0.007,0.02,-1,Echolocation,/mnt/ubna_data_02_mir/recover-20220922/UBNA_001/20220921_090000.WAV,Telephone Field,recover-20220922,001,1795
576.8855,576.9275,68437,82356,Rhinolophus ferrumequinum,0.026,0.027,-1,Echolocation,/mnt/ubna_data_02_mir/recover-20220922/UBNA_001/20220921_090000.WAV,Telephone Field,recover-20220922,001,1795
576.9355,576.9433,27187,41132,Eptesicus serotinus,0.009,0.024,-1,Echolocation,/mnt/ubna_data_02_mir/recover-20220922/UBNA_001/20220921_090000.WAV,Telephone Field,recover-20220922,001,1795
576.9365,576.9446,14296,25032,Plecotus auritus,0.015,0.025,-1,Echolocation,/mnt/ubna_data_02_mir/recover-20220922/UBNA_001/20220921_090000.WAV,Telephone Field,recover-20220922,001,1795
576.9555,576.965,28046,36327,Eptesicus serotinus,0.018,0.033,-1,Echolocation,/mnt/ubna_data_02_mir/recover-20220922/UBNA_001/20220921_090000.WAV,Telephone Field,recover-20220922,001,1795
576.9845,577.0221,68437,82273,Rhinolophus ferrumequinum,0.021,0.021,-1,Echolocation,/mnt/ubna_data_02_mir/recover-20220922/UBNA_001/20220921_090000.WAV,Telephone Field,recover-20220922,001,1795
576.9985,577.036,68437,82151,Rhinolophus ferrumequinum,0.025,0.025,-1,Echolocation,/mnt/ubna_data_02_mir/recover-20220922/UBNA_001/20220921_090000.WAV,Telephone Field,recover-20220922,001,1795
577.0435,577.083,68437,82702,Rhinolophus ferrumequinum,0.024,0.024,-1,Echolocation,/mnt/ubna_data_02_mir/recover-20220922/UBNA_001/20220921_090000.WAV,Telephone Field,recover-20220922,001,1795
577.0515,577.0892,68437,82667,Rhinolophus ferrumequinum,0.021,0.021,-1,Echolocation,/mnt/ubna_data_02_mir/recover-20220922/UBNA_001/20220921_090000.WAV,Telephone Field,recover-20220922,001,1795
577.0915,577.1014,30625,37618,Eptesicus serotinus,0.027,0.052,-1,Echolocation,/mnt/ubna_data_02_mir/recover-20220922/UBNA_001/20220921_090000.WAV,Telephone Field,recover-20220922,001,1795
577.1055,577.1435,68437,82676,Rhinolophus ferrumequinum,0.025,0.025,-1,Echolocation,/mnt/ubna_data_02_mir/recover-20220922/UBNA_001/20220921_090000.WAV,Telephone Field,recover-20220922,001,1795
577.1175,577.1586,68437,82939,Rhinolophus ferrumequinum,0.023,0.023,-1,Echolocation,/mnt/ubna_data_02_mir/recover-20220922/UBNA_001/20220921_090000.WAV,Telephone Field,recover-20220922,001,1795
577.1305,577.1432,14296,19944,Nyctalus noctula,0.013,0.022,-1,Echolocation,/mnt/ubna_data_02_mir/recover-20220922/UBNA_001/20220921_090000.WAV,Telephone Field,recover-20220922,001,1795
577.1375,577.1757,68437,82692,Rhinolophus ferrumequinum,0.021,0.021,-1,Echolocation,/mnt/ubna_data_02_mir/recover-20220922/UBNA_001/20220921_090000.WAV,Telephone Field,recover-20220922,001,1795
577.1435,577.1527,28046,37658,Eptesicus serotinus,0.01,0.024,-1,Echolocation,/mnt/ubna_data_02_mir/recover-20220922/UBNA_001/20220921_090000.WAV,Telephone Field,recover-20220922,001,1795
577.1905,577.2017,29765,36197,Eptesicus serotinus,0.021,0.039,-1,Echolocation,/mnt/ubna_data_02_mir/recover-20220922/UBNA_001/20220921_090000.WAV,Telephone Field,recover-20220922,001,1795
577.1985,577.2353,68437,82308,Rhinolophus ferrumequinum,0.026,0.026,-1,Echolocation,/mnt/ubna_data_02_mir/recover-20220922/UBNA_001/20220921_090000.WAV,Telephone Field,recover-20220922,001,1795
577.2085,577.2459,68437,82071,Rhinolophus ferrumequinum,0.021,0.021,-1,Echolocation,/mnt/ubna_data_02_mir/recover-20220922/UBNA_001/20220921_090000.WAV,Telephone Field,recover-20220922,001,1795
577.2285,577.2692,68437,82603,Rhinolophus ferrumequinum,0.028,0.028,-1,Echolocation,/mnt/ubna_data_02_mir/recover-20220922/UBNA_001/20220921_090000.WAV,Telephone Field,recover-20220922,001,1795
577.2575,577.2974,68437,82911,Rhinolophus ferrumequinum,0.024,0.024,-1,Echolocation,/mnt/ubna_data_02_mir/recover-20220922/UBNA_001/20220921_090000.WAV,Telephone Field,recover-20220922,001,1795
577.2815,577.3202,68437,82132,Rhinolophus ferrumequinum,0.023,0.023,-1,Echolocation,/mnt/ubna_data_02_mir/recover-20220922/UBNA_001/20220921_090000.WAV,Telephone Field,recover-20220922,001,1795
577.3095,577.349,68437,82015,Rhinolophus ferrumequinum,0.023,0.023,-1,Echolocation,/mnt/ubna_data_02_mir/recover-20220922/UBNA_001/20220921_090000.WAV,Telephone Field,recover-20220922,001,1795
577.3585,577.3974,68437,82239,Rhinolophus ferrumequinum,0.023,0.023,-1,Echolocation,/mnt/ubna_data_02_mir/recover-20220922/UBNA_001/20220921_090000.WAV,Telephone Field,recover-20220922,001,1795
577.3755,577.412,68437,82378,Rhinolophus ferrumequinum,0.021,0.021,-1,Echolocation,/mnt/ubna_data_02_mir/recover-20220922/UBNA_001/20220921_090000.WAV,Telephone Field,recover-20220922,001,1795
577.3875,577.3972,22031,28666,Plecotus austriacus,0.01,0.031,-1,Echolocation,/mnt/ubna_data_02_mir/recover-20220922/UBNA_001/20220921_090000.WAV,Telephone Field,recover-20220922,001,1795
577.4015,577.4396,68437,82085,Rhinolophus ferrumequinum,0.021,0.021,-1,Echolocation,/mnt/ubna_data_02_mir/recover-20220922/UBNA_001/20220921_090000.WAV,Telephone Field,recover-20220922,001,1795
577.4095,577.4479,68437,81889,Rhinolophus ferrumequinum,0.024,0.024,-1,Echolocation,/mnt/ubna_data_02_mir/recover-20220922/UBNA_001/20220921_090000.WAV,Telephone Field,recover-20220922,001,1795
577.4125,577.4216,23750,30822,Nyctalus leisleri,0.006,0.021,-1,Echolocation,/mnt/ubna_data_02_mir/recover-20220922/UBNA_001/20220921_090000.WAV,Telephone Field,recover-20220922,001,1795
577.4505,577.4889,68437,82283,Rhinolophus ferrumequinum,0.023,0.023,-1,Echolocation,/mnt/ubna_data_02_mir/recover-20220922/UBNA_001/20220921_090000.WAV,Telephone Field,recover-20220922,001,1795
577.5025,577.5427999999999,68437,81490,Rhinolophus ferrumequinum,0.02,0.02,-1,Echolocation,/mnt/ubna_data_02_mir/recover-20220922/UBNA_001/20220921_090000.WAV,Telephone Field,recover-20220922,001,1795
577.5075,577.5139,25468,35357,Plecotus auritus,0.015,0.038,-1,Echolocation,/mnt/ubna_data_02_mir/recover-20220922/UBNA_001/20220921_090000.WAV,Telephone Field,recover-20220922,001,1795
577.5795,577.5899,28906,36574,Eptesicus serotinus,0.015,0.029,-1,Echolocation,/mnt/ubna_data_02_mir/recover-20220922/UBNA_001/20220921_090000.WAV,Telephone Field,recover-20220922,001,1795
577.6055,577.6469,68437,82388,Rhinolophus ferrumequinum,0.023,0.023,-1,Echolocation,/mnt/ubna_data_02_mir/recover-20220922/UBNA_001/20220921_090000.WAV,Telephone Field,recover-20220922,001,1795
577.6245,577.6659,68437,82695,Rhinolophus ferrumequinum,0.023,0.023,-1,Echolocation,/mnt/ubna_data_02_mir/recover-20220922/UBNA_001/20220921_090000.WAV,Telephone Field,recover-20220922,001,1795
577.6515,577.691,68437,82275,Rhinolophus ferrumequinum,0.023,0.023,-1,Echolocation,/mnt/ubna_data_02_mir/recover-20220922/UBNA_001/20220921_090000.WAV,Telephone Field,recover-20220922,001,1795
577.6575,577.6648,35781,43798,Myotis daubentonii,0.006,0.02,-1,Echolocation,/mnt/ubna_data_02_mir/recover-20220922/UBNA_001/20220921_090000.WAV,Telephone Field,recover-20220922,001,1795
577.6685,577.6765,48671,54186,Pipistrellus pipistrellus,0.027,0.029,-1,Echolocation,/mnt/ubna_data_02_mir/recover-20220922/UBNA_001/20220921_090000.WAV,Telephone Field,recover-20220922,001,1795
577.6735,577.6852,22031,25896,Nyctalus leisleri,0.013,0.023,-1,Echolocation,/mnt/ubna_data_02_mir/recover-20220922/UBNA_001/20220921_090000.WAV,Telephone Field,recover-20220922,001,1795
577.7055,577.7142,23750,30910,Plecotus austriacus,0.009,0.026,-1,Echolocation,/mnt/ubna_data_02_mir/recover-20220922/UBNA_001/20220921_090000.WAV,Telephone Field,recover-20220922,001,1795
577.7065,577.749,68437,82775,Rhinolophus ferrumequinum,0.028,0.028,-1,Echolocation,/mnt/ubna_data_02_mir/recover-20220922/UBNA_001/20220921_090000.WAV,Telephone Field,recover-20220922,001,1795
577.7775,577.8207,68437,83199,Rhinolophus ferrumequinum,0.028,0.028,-1,Echolocation,/mnt/ubna_data_02_mir/recover-20220922/UBNA_001/20220921_090000.WAV,Telephone Field,recover-20220922,001,1795
577.7915,577.8288,68437,81630,Rhinolophus ferrumequinum,0.021,0.021,-1,Echolocation,/mnt/ubna_data_02_mir/recover-20220922/UBNA_001/20220921_090000.WAV,Telephone Field,recover-20220922,001,1795
577.8095,577.8179,24609,32392,Eptesicus serotinus,0.005,0.021,-1,Echolocation,/mnt/ubna_data_02_mir/recover-20220922/UBNA_001/20220921_090000.WAV,Telephone Field,recover-20220922,001,1795
577.8385,577.8793,68437,82446,Rhinolophus ferrumequinum,0.022,0.022,-1,Echolocation,/mnt/ubna_data_02_mir/recover-20220922/UBNA_001/20220921_090000.WAV,Telephone Field,recover-20220922,001,1795
577.8725,577.8814,28046,37153,Eptesicus serotinus,0.015,0.028,-1,Echolocation,/mnt/ubna_data_02_mir/recover-20220922/UBNA_001/20220921_090000.WAV,Telephone Field,recover-20220922,001,1795
577.9195,577.9301,23750,29371,Nyctalus leisleri,0.014,0.029,-1,Echolocation,/mnt/ubna_data_02_mir/recover-20220922/UBNA_001/20220921_090000.WAV,Telephone Field,recover-20220922,001,1795
577.9305,577.9691,68437,81733,Rhinolophus ferrumequinum,0.021,0.021,-1,Echolocation,/mnt/ubna_data_02_mir/recover-20220922/UBNA_001/20220921_090000.WAV,Telephone Field,recover-20220922,001,1795
577.9345,577.9432,29765,41497,Eptesicus serotinus,0.008,0.021,-1,Echolocation,/mnt/ubna_data_02_mir/recover-20220922/UBNA_001/20220921_090000.WAV,Telephone Field,recover-20220922,001,1795
577.9605,577.9679,23750,31989,Plecotus austriacus,0.011,0.024,-1,Echolocation,/mnt/ubna_data_02_mir/recover-20220922/UBNA_001/20220921_090000.WAV,Telephone Field,recover-20220922,001,1795
578.0015,578.0303,69296,81507,Rhinolophus ferrumequinum,0.025,0.025,-1,Echolocation,/mnt/ubna_data_02_mir/recover-20220922/UBNA_001/20220921_090000.WAV,Telephone Field,recover-20220922,001,1795
578.0015,578.0121,24609,31680,Nyctalus leisleri,0.018,0.039,-1,Echolocation,/mnt/ubna_data_02_mir/recover-20220922/UBNA_001/20220921_090000.WAV,Telephone Field,recover-20220922,001,1795
578.0115,578.0238,24609,30794,Nyctalus leisleri,0.013,0.033,-1,Echolocation,/mnt/ubna_data_02_mir/recover-20220922/UBNA_001/20220921_090000.WAV,Telephone Field,recover-20220922,001,1795
578.1505,578.1916,68437,82743,Rhinolophus ferrumequinum,0.025,0.025,-1,Echolocation,/mnt/ubna_data_02_mir/recover-20220922/UBNA_001/20220921_090000.WAV,Telephone Field,recover-20220922,001,1795
578.1745,578.1813,52109,59007,Pipistrellus pipistrellus,0.019,0.023,-1,Echolocation,/mnt/ubna_data_02_mir/recover-20220922/UBNA_001/20220921_090000.WAV,Telephone Field,recover-20220922,001,1795
578.1865,578.1954,27187,38604,Eptesicus serotinus,0.008,0.021,-1,Echolocation,/mnt/ubna_data_02_mir/recover-20220922/UBNA_001/20220921_090000.WAV,Telephone Field,recover-20220922,001,1795
578.2155,578.2228,14296,27791,Plecotus auritus,0.021,0.025,-1,Echolocation,/mnt/ubna_data_02_mir/recover-20220922/UBNA_001/20220921_090000.WAV,Telephone Field,recover-20220922,001,1795
578.2265,578.2602,68437,80392,Rhinolophus ferrumequinum,0.022,0.022,-1,Echolocation,/mnt/ubna_data_02_mir/recover-20220922/UBNA_001/20220921_090000.WAV,Telephone Field,recover-20220922,001,1795
578.2405,578.2797,68437,82049,Rhinolophus ferrumequinum,0.026,0.026,-1,Echolocation,/mnt/ubna_data_02_mir/recover-20220922/UBNA_001/20220921_090000.WAV,Telephone Field,recover-20220922,001,1795
578.2855,578.2934,28906,40072,Eptesicus serotinus,0.006,0.021,-1,Echolocation,/mnt/ubna_data_02_mir/recover-20220922/UBNA_001/20220921_090000.WAV,Telephone Field,recover-20220922,001,1795
578.3465,578.3852,68437,81747,Rhinolophus ferrumequinum,0.028,0.028,-1,Echolocation,/mnt/ubna_data_02_mir/recover-20220922/UBNA_001/20220921_090000.WAV,Telephone Field,recover-20220922,001,1795
578.3755,578.3868,22031,26819,Nyctalus leisleri,0.011,0.021,-1,Echolocation,/mnt/ubna_data_02_mir/recover-20220922/UBNA_001/20220921_090000.WAV,Telephone Field,recover-20220922,001,1795
578.3825,578.3942,22031,26350,Nyctalus leisleri,0.012,0.021,-1,Echolocation,/mnt/ubna_data_02_mir/recover-20220922/UBNA_001/20220921_090000.WAV,Telephone Field,recover-20220922,001,1795
578.3915,578.4049,22031,25691,Nyctalus leisleri,0.014,0.022,-1,Echolocation,/mnt/ubna_data_02_mir/recover-20220922/UBNA_001/20220921_090000.WAV,Telephone Field,recover-20220922,001,1795
578.3955,578.4392,68437,83124,Rhinolophus ferrumequinum,0.039,0.039,-1,Echolocation,/mnt/ubna_data_02_mir/recover-20220922/UBNA_001/20220921_090000.WAV,Telephone Field,recover-20220922,001,1795
578.4285,578.4363,28046,40356,Eptesicus serotinus,0.009,0.027,-1,Echolocation,/mnt/ubna_data_02_mir/recover-20220922/UBNA_001/20220921_090000.WAV,Telephone Field,recover-20220922,001,1795
578.4675,578.5047,68437,81789,Rhinolophus ferrumequinum,0.021,0.021,-1,Echolocation,/mnt/ubna_data_02_mir/recover-20220922/UBNA_001/20220921_090000.WAV,Telephone Field,recover-20220922,001,1795
578.4745,578.482,26328,35392,Eptesicus serotinus,0.008,0.022,-1,Echolocation,/mnt/ubna_data_02_mir/recover-20220922/UBNA_001/20220921_090000.WAV,Telephone Field,recover-20220922,001,1795
578.5005,578.5396,68437,82459,Rhinolophus ferrumequinum,0.027,0.027,-1,Echolocation,/mnt/ubna_data_02_mir/recover-20220922/UBNA_001/20220921_090000.WAV,Telephone Field,recover-20220922,001,1795
578.5015,578.5122,45234,48513,Pipistrellus pipistrellus,0.028,0.03,-1,Echolocation,/mnt/ubna_data_02_mir/recover-20220922/UBNA_001/20220921_090000.WAV,Telephone Field,recover-20220922,001,1795
578.5415,578.5833,68437,82853,Rhinolophus ferrumequinum,0.024,0.025,-1,Echolocation,/mnt/ubna_data_02_mir/recover-20220922/UBNA_001/20220921_090000.WAV,Telephone Field,recover-20220922,001,1795
578.5925,578.6307,68437,81698,Rhinolophus ferrumequinum,0.027,0.027,-1,Echolocation,/mnt/ubna_data_02_mir/recover-20220922/UBNA_001/20220921_090000.WAV,Telephone Field,recover-20220922,001,1795
578.5985,578.6396,68437,82673,Rhinolophus ferrumequinum,0.029,0.029,-1,Echolocation,/mnt/ubna_data_02_mir/recover-20220922/UBNA_001/20220921_090000.WAV,Telephone Field,recover-20220922,001,1795
578.6035,578.6142,23750,29762,Nyctalus leisleri,0.009,0.021,-1,Echolocation,/mnt/ubna_data_02_mir/recover-20220922/UBNA_001/20220921_090000.WAV,Telephone Field,recover-20220922,001,1795
578.6445,578.6537,23750,30410,Nyctalus leisleri,0.007,0.022,-1,Echolocation,/mnt/ubna_data_02_mir/recover-20220922/UBNA_001/20220921_090000.WAV,Telephone Field,recover-20220922,001,1795
578.6755,578.7172,68437,82201,Rhinolophus ferrumequinum,0.043,0.043,-1,Echolocation,/mnt/ubna_data_02_mir/recover-20220922/UBNA_001/20220921_090000.WAV,Telephone Field,recover-20220922,001,1795
578.7115,578.7192,23750,31934,Plecotus austriacus,0.008,0.021,-1,Echolocation,/mnt/ubna_data_02_mir/recover-20220922/UBNA_001/20220921_090000.WAV,Telephone Field,recover-20220922,001,1795
578.7285,578.7403,22890,27610,Nyctalus leisleri,0.012,0.023,-1,Echolocation,/mnt/ubna_data_02_mir/recover-20220922/UBNA_001/20220921_090000.WAV,Telephone Field,recover-20220922,001,1795
578.7585,578.7661,26328,35520,Eptesicus serotinus,0.008,0.024,-1,Echolocation,/mnt/ubna_data_02_mir/recover-20220922/UBNA_001/20220921_090000.WAV,Telephone Field,recover-20220922,001,1795
578.7935,578.8377,68437,83532,Rhinolophus ferrumequinum,0.034,0.034,-1,Echolocation,/mnt/ubna_data_02_mir/recover-20220922/UBNA_001/20220921_090000.WAV,Telephone Field,recover-20220922,001,1795
578.7965,578.8049,27187,38029,Eptesicus serotinus,0.008,0.023,-1,Echolocation,/mnt/ubna_data_02_mir/recover-20220922/UBNA_001/20220921_090000.WAV,Telephone Field,recover-20220922,001,1795
578.8065,578.8472,68437,82386,Rhinolophus ferrumequinum,0.021,0.021,-1,Echolocation,/mnt/ubna_data_02_mir/recover-20220922/UBNA_001/20220921_090000.WAV,Telephone Field,recover-20220922,001,1795
578.8165,578.8251,28046,36971,Eptesicus serotinus,0.008,0.022,-1,Echolocation,/mnt/ubna_data_02_mir/recover-20220922/UBNA_001/20220921_090000.WAV,Telephone Field,recover-20220922,001,1795
578.8575,578.8997,68437,83129,Rhinolophus ferrumequinum,0.024,0.024,-1,Echolocation,/mnt/ubna_data_02_mir/recover-20220922/UBNA_001/20220921_090000.WAV,Telephone Field,recover-20220922,001,1795
578.8615,578.8717,28906,36715,Eptesicus serotinus,0.01,0.023,-1,Echolocation,/mnt/ubna_data_02_mir/recover-20220922/UBNA_001/20220921_090000.WAV,Telephone Field,recover-20220922,001,1795
578.8745,578.8871,23750,29591,Nyctalus leisleri,0.012,0.027,-1,Echolocation,/mnt/ubna_data_02_mir/recover-20220922/UBNA_001/20220921_090000.WAV,Telephone Field,recover-20220922,001,1795
578.9305,578.9683,68437,81672,Rhinolophus ferrumequinum,0.025,0.025,-1,Echolocation,/mnt/ubna_data_02_mir/recover-20220922/UBNA_001/20220921_090000.WAV,Telephone Field,recover-20220922,001,1795
578.9385,578.9479,28046,38139,Eptesicus serotinus,0.01,0.023,-1,Echolocation,/mnt/ubna_data_02_mir/recover-20220922/UBNA_001/20220921_090000.WAV,Telephone Field,recover-20220922,001,1795
578.9715,579.0104,68437,82227,Rhinolophus ferrumequinum,0.021,0.021,-1,Echolocation,/mnt/ubna_data_02_mir/recover-20220922/UBNA_001/20220921_090000.WAV,Telephone Field,recover-20220922,001,1795
579.0385,579.0459,28046,38836,Eptesicus serotinus,0.009,0.027,-1,Echolocation,/mnt/ubna_data_02_mir/recover-20220922/UBNA_001/20220921_090000.WAV,Telephone Field,recover-20220922,001,1795
579.1025,579.142,68437,82455,Rhinolophus ferrumequinum,0.022,0.022,-1,Echolocation,/mnt/ubna_data_02_mir/recover-20220922/UBNA_001/20220921_090000.WAV,Telephone Field,recover-20220922,001,1795
579.1315,579.1685,68437,82263,Rhinolophus ferrumequinum,0.023,0.023,-1,Echolocation,/mnt/ubna_data_02_mir/recover-20220922/UBNA_001/20220921_090000.WAV,Telephone Field,recover-20220922,001,1795
579.1825,579.1937,22031,26704,Nyctalus leisleri,0.011,0.023,-1,Echolocation,/mnt/ubna_data_02_mir/recover-20220922/UBNA_001/20220921_090000.WAV,Telephone Field,recover-20220922,001,1795
579.2015,579.2183,20312,23547,Nyctalus leisleri,0.013,0.022,-1,Echolocation,/mnt/ubna_data_02_mir/recover-20220922/UBNA_001/20220921_090000.WAV,Telephone Field,recover-20220922,001,1795
579.2065,579.2473,68437,82808,Rhinolophus ferrumequinum,0.023,0.023,-1,Echolocation,/mnt/ubna_data_02_mir/recover-20220922/UBNA_001/20220921_090000.WAV,Telephone Field,recover-20220922,001,1795
579.2515,579.2917,68437,82299,Rhinolophus ferrumequinum,0.026,0.026,-1,Echolocation,/mnt/ubna_data_02_mir/recover-20220922/UBNA_001/20220921_090000.WAV,Telephone Field,recover-20220922,001,1795
579.2825,579.3236,68437,82682,Rhinolophus ferrumequinum,0.023,0.023,-1,Echolocation,/mnt/ubna_data_02_mir/recover-20220922/UBNA_001/20220921_090000.WAV,Telephone Field,recover-20220922,001,1795
579.3005,579.3107,23750,29494,Nyctalus leisleri,0.009,0.022,-1,Echolocation,/mnt/ubna_data_02_mir/recover-20220922/UBNA_001/20220921_090000.WAV,Telephone Field,recover-20220922,001,1795
579.3155,579.352,68437,81157,Rhinolophus ferrumequinum,0.024,0.024,-1,Echolocation,/mnt/ubna_data_02_mir/recover-20220922/UBNA_001/20220921_090000.WAV,Telephone Field,recover-20220922,001,1795
579.3265,579.3335,24609,34655,Plecotus austriacus,0.011,0.03,-1,Echolocation,/mnt/ubna_data_02_mir/recover-20220922/UBNA_001/20220921_090000.WAV,Telephone Field,recover-20220922,001,1795
579.3435,579.38,68437,81136,Rhinolophus ferrumequinum,0.025,0.025,-1,Echolocation,/mnt/ubna_data_02_mir/recover-20220922/UBNA_001/20220921_090000.WAV,Telephone Field,recover-20220922,001,1795
579.3605,579.3682,25468,34194,Eptesicus serotinus,0.006,0.021,-1,Echolocation,/mnt/ubna_data_02_mir/recover-20220922/UBNA_001/20220921_090000.WAV,Telephone Field,recover-20220922,001,1795
579.4115,579.4193,28046,38096,Eptesicus serotinus,0.006,0.021,-1,Echolocation,/mnt/ubna_data_02_mir/recover-20220922/UBNA_001/20220921_090000.WAV,Telephone Field,recover-20220922,001,1795
579.4115,579.4551,68437,82947,Rhinolophus ferrumequinum,0.026,0.026,-1,Echolocation,/mnt/ubna_data_02_mir/recover-20220922/UBNA_001/20220921_090000.WAV,Telephone Field,recover-20220922,001,1795
579.4335,579.4749,68437,82902,Rhinolophus ferrumequinum,0.025,0.025,-1,Echolocation,/mnt/ubna_data_02_mir/recover-20220922/UBNA_001/20220921_090000.WAV,Telephone Field,recover-20220922,001,1795
579.4625,579.4695,46093,56627,Pipistrellus pipistrellus,0.015,0.024,-1,Echolocation,/mnt/ubna_data_02_mir/recover-20220922/UBNA_001/20220921_090000.WAV,Telephone Field,recover-20220922,001,1795
579.6195,579.6575,68437,81794,Rhinolophus ferrumequinum,0.022,0.022,-1,Echolocation,/mnt/ubna_data_02_mir/recover-20220922/UBNA_001/20220921_090000.WAV,Telephone Field,recover-20220922,001,1795
579.6315,579.6725,68437,82113,Rhinolophus ferrumequinum,0.021,0.021,-1,Echolocation,/mnt/ubna_data_02_mir/recover-20220922/UBNA_001/20220921_090000.WAV,Telephone Field,recover-20220922,001,1795
579.6365,579.676,68437,82281,Rhinolophus ferrumequinum,0.021,0.021,-1,Echolocation,/mnt/ubna_data_02_mir/recover-20220922/UBNA_001/20220921_090000.WAV,Telephone Field,recover-20220922,001,1795
579.6605,579.6985,68437,82237,Rhinolophus ferrumequinum,0.021,0.021,-1,Echolocation,/mnt/ubna_data_02_mir/recover-20220922/UBNA_001/20220921_090000.WAV,Telephone Field,recover-20220922,001,1795
579.6825,579.6937,22890,27435,Nyctalus leisleri,0.013,0.026,-1,Echolocation,/mnt/ubna_data_02_mir/recover-20220922/UBNA_001/20220921_090000.WAV,Telephone Field,recover-20220922,001,1795
579.6995,579.7088,28046,38051,Eptesicus serotinus,0.008,0.021,-1,Echolocation,/mnt/ubna_data_02_mir/recover-20220922/UBNA_001/20220921_090000.WAV,Telephone Field,recover-20220922,001,1795
579.7245,579.7665,68437,83020,Rhinolophus ferrumequinum,0.027,0.027,-1,Echolocation,/mnt/ubna_data_02_mir/recover-20220922/UBNA_001/20220921_090000.WAV,Telephone Field,recover-20220922,001,1795
579.7305,579.7397,28046,38033,Eptesicus serotinus,0.009,0.022,-1,Echolocation,/mnt/ubna_data_02_mir/recover-20220922/UBNA_001/20220921_090000.WAV,Telephone Field,recover-20220922,001,1795
579.7495,579.7575,47812,55194,Pipistrellus pipistrellus,0.019,0.023,-1,Echolocation,/mnt/ubna_data_02_mir/recover-20220922/UBNA_001/20220921_090000.WAV,Telephone Field,recover-20220922,001,1795
579.8115,579.8234,22890,26856,Nyctalus leisleri,0.013,0.023,-1,Echolocation,/mnt/ubna_data_02_mir/recover-20220922/UBNA_001/20220921_090000.WAV,Telephone Field,recover-20220922,001,1795
579.8165,579.8561,68437,82195,Rhinolophus ferrumequinum,0.024,0.024,-1,Echolocation,/mnt/ubna_data_02_mir/recover-20220922/UBNA_001/20220921_090000.WAV,Telephone Field,recover-20220922,001,1795
579.8735,579.9084,68437,80907,Rhinolophus ferrumequinum,0.023,0.024,-1,Echolocation,/mnt/ubna_data_02_mir/recover-20220922/UBNA_001/20220921_090000.WAV,Telephone Field,recover-20220922,001,1795
579.8755,579.886,23750,29754,Nyctalus leisleri,0.01,0.025,-1,Echolocation,/mnt/ubna_data_02_mir/recover-20220922/UBNA_001/20220921_090000.WAV,Telephone Field,recover-20220922,001,1795
579.9005,579.9086,27187,39976,Eptesicus serotinus,0.008,0.022,-1,Echolocation,/mnt/ubna_data_02_mir/recover-20220922/UBNA_001/20220921_090000.WAV,Telephone Field,recover-20220922,001,1795
579.9005,579.9104,34062,44331,Myotis daubentonii,0.007,0.021,-1,Echolocation,/mnt/ubna_data_02_mir/recover-20220922/UBNA_001/20220921_090000.WAV,Telephone Field,recover-20220922,001,1795
579.9515,579.9942,68437,81983,Rhinolophus ferrumequinum,0.025,0.026,-1,Echolocation,/mnt/ubna_data_02_mir/recover-20220922/UBNA_001/20220921_090000.WAV,Telephone Field,recover-20220922,001,1795
580.0015,580.0098,23750,30694,Nyctalus leisleri,0.012,0.034,-1,Echolocation,/mnt/ubna_data_02_mir/recover-20220922/UBNA_001/20220921_090000.WAV,Telephone Field,recover-20220922,001,1795
580.0015,580.0332,70156,82280,Rhinolophus ferrumequinum,0.036,0.036,-1,Echolocation,/mnt/ubna_data_02_mir/recover-20220922/UBNA_001/20220921_090000.WAV,Telephone Field,recover-20220922,001,1795
580.0255,580.0334,33203,42053,Myotis daubentonii,0.01,0.025,-1,Echolocation,/mnt/ubna_data_02_mir/recover-20220922/UBNA_001/20220921_090000.WAV,Telephone Field,recover-20220922,001,1795
580.0455,580.0849,68437,81933,Rhinolophus ferrumequinum,0.023,0.024,-1,Echolocation,/mnt/ubna_data_02_mir/recover-20220922/UBNA_001/20220921_090000.WAV,Telephone Field,recover-20220922,001,1795
580.0525,580.0638,23750,29064,Nyctalus leisleri,0.012,0.024,-1,Echolocation,/mnt/ubna_data_02_mir/recover-20220922/UBNA_001/20220921_090000.WAV,Telephone Field,recover-20220922,001,1795
580.0855,580.1035,20312,23890,Nyctalus noctula,0.012,0.028,-1,Echolocation,/mnt/ubna_data_02_mir/recover-20220922/UBNA_001/20220921_090000.WAV,Telephone Field,recover-20220922,001,1795
580.0935,580.1032,23750,30717,Nyctalus leisleri,0.009,0.025,-1,Echolocation,/mnt/ubna_data_02_mir/recover-20220922/UBNA_001/20220921_090000.WAV,Telephone Field,recover-20220922,001,1795
580.1105,580.1474,68437,82193,Rhinolophus ferrumequinum,0.024,0.024,-1,Echolocation,/mnt/ubna_data_02_mir/recover-20220922/UBNA_001/20220921_090000.WAV,Telephone Field,recover-20220922,001,1795
580.1175,580.1567,68437,82649,Rhinolophus ferrumequinum,0.025,0.025,-1,Echolocation,/mnt/ubna_data_02_mir/recover-20220922/UBNA_001/20220921_090000.WAV,Telephone Field,recover-20220922,001,1795
580.1215,580.1321,23750,29593,Nyctalus leisleri,0.011,0.023,-1,Echolocation,/mnt/ubna_data_02_mir/recover-20220922/UBNA_001/20220921_090000.WAV,Telephone Field,recover-20220922,001,1795
580.1445,580.1838,68437,82541,Rhinolophus ferrumequinum,0.022,0.022,-1,Echolocation,/mnt/ubna_data_02_mir/recover-20220922/UBNA_001/20220921_090000.WAV,Telephone Field,recover-20220922,001,1795
580.2605,580.2946,68437,81136,Rhinolophus ferrumequinum,0.022,0.022,-1,Echolocation,/mnt/ubna_data_02_mir/recover-20220922/UBNA_001/20220921_090000.WAV,Telephone Field,recover-20220922,001,1795
580.2785,580.3173,68437,82104,Rhinolophus ferrumequinum,0.025,0.025,-1,Echolocation,/mnt/ubna_data_02_mir/recover-20220922/UBNA_001/20220921_090000.WAV,Telephone Field,recover-20220922,001,1795
580.3075,580.3153,27187,39895,Eptesicus serotinus,0.007,0.022,-1,Echolocation,/mnt/ubna_data_02_mir/recover-20220922/UBNA_001/20220921_090000.WAV,Telephone Field,recover-20220922,001,1795
580.3325,580.3712,68437,82013,Rhinolophus ferrumequinum,0.022,0.022,-1,Echolocation,/mnt/ubna_data_02_mir/recover-20220922/UBNA_001/20220921_090000.WAV,Telephone Field,recover-20220922,001,1795
580.3855,580.4251,68437,82196,Rhinolophus ferrumequinum,0.031,0.031,-1,Echolocation,/mnt/ubna_data_02_mir/recover-20220922/UBNA_001/20220921_090000.WAV,Telephone Field,recover-20220922,001,1795
580.4275,580.4369,28046,37068,Eptesicus serotinus,0.01,0.023,-1,Echolocation,/mnt/ubna_data_02_mir/recover-20220922/UBNA_001/20220921_090000.WAV,Telephone Field,recover-20220922,001,1795
580.4405,580.4482,28906,38573,Eptesicus serotinus,0.007,0.022,-1,Echolocation,/mnt/ubna_data_02_mir/recover-20220922/UBNA_001/20220921_090000.WAV,Telephone Field,recover-20220922,001,1795
580.4405,580.4782,68437,82481,Rhinolophus ferrumequinum,0.026,0.026,-1,Echolocation,/mnt/ubna_data_02_mir/recover-20220922/UBNA_001/20220921_090000.WAV,Telephone Field,recover-20220922,001,1795
580.4545,580.4619,28046,38846,Eptesicus serotinus,0.006,0.023,-1,Echolocation,/mnt/ubna_data_02_mir/recover-20220922/UBNA_001/20220921_090000.WAV,Telephone Field,recover-20220922,001,1795
580.4565,580.4951,68437,82207,Rhinolophus ferrumequinum,0.077,0.077,-1,Echolocation,/mnt/ubna_data_02_mir/recover-20220922/UBNA_001/20220921_090000.WAV,Telephone Field,recover-20220922,001,1795
580.4655,580.4794,15156,21279,Nyctalus noctula,0.025,0.034,-1,Echolocation,/mnt/ubna_data_02_mir/recover-20220922/UBNA_001/20220921_090000.WAV,Telephone Field,recover-20220922,001,1795
580.4885,580.4958,23750,33759,Plecotus austriacus,0.009,0.022,-1,Echolocation,/mnt/ubna_data_02_mir/recover-20220922/UBNA_001/20220921_090000.WAV,Telephone Field,recover-20220922,001,1795
580.4905,580.5331,68437,83149,Rhinolophus ferrumequinum,0.037,0.038,-1,Echolocation,/mnt/ubna_data_02_mir/recover-20220922/UBNA_001/20220921_090000.WAV,Telephone Field,recover-20220922,001,1795
580.5195,580.5273,28046,38161,Eptesicus serotinus,0.008,0.022,-1,Echolocation,/mnt/ubna_data_02_mir/recover-20220922/UBNA_001/20220921_090000.WAV,Telephone Field,recover-20220922,001,1795
580.5555,580.5977,68437,83181,Rhinolophus ferrumequinum,0.036,0.036,-1,Echolocation,/mnt/ubna_data_02_mir/recover-20220922/UBNA_001/20220921_090000.WAV,Telephone Field,recover-20220922,001,1795
580.5565,580.5665,25468,32439,Eptesicus serotinus,0.008,0.023,-1,Echolocation,/mnt/ubna_data_02_mir/recover-20220922/UBNA_001/20220921_090000.WAV,Telephone Field,recover-20220922,001,1795
580.5665,580.6099,68437,83456,Rhinolophus ferrumequinum,0.026,0.026,-1,Echolocation,/mnt/ubna_data_02_mir/recover-20220922/UBNA_001/20220921_090000.WAV,Telephone Field,recover-20220922,001,1795
580.5925,580.6043,21171,24807,Nyctalus leisleri,0.012,0.021,-1,Echolocation,/mnt/ubna_data_02_mir/recover-20220922/UBNA_001/20220921_090000.WAV,Telephone Field,recover-20220922,001,1795
580.6565,580.6961,68437,81847,Rhinolophus ferrumequinum,0.033,0.033,-1,Echolocation,/mnt/ubna_data_02_mir/recover-20220922/UBNA_001/20220921_090000.WAV,Telephone Field,recover-20220922,001,1795
580.6575,580.6682,43515,49915,Pipistrellus pipistrellus,0.033,0.049,-1,Echolocation,/mnt/ubna_data_02_mir/recover-20220922/UBNA_001/20220921_090000.WAV,Telephone Field,recover-20220922,001,1795
580.6595,580.6674,34921,45163,Myotis daubentonii,0.01,0.037,-1,Echolocation,/mnt/ubna_data_02_mir/recover-20220922/UBNA_001/20220921_090000.WAV,Telephone Field,recover-20220922,001,1795
580.6855,580.6962,22890,28545,Nyctalus leisleri,0.01,0.021,-1,Echolocation,/mnt/ubna_data_02_mir/recover-20220922/UBNA_001/20220921_090000.WAV,Telephone Field,recover-20220922,001,1795
580.6965,580.7376,68437,82571,Rhinolophus ferrumequinum,0.025,0.025,-1,Echolocation,/mnt/ubna_data_02_mir/recover-20220922/UBNA_001/20220921_090000.WAV,Telephone Field,recover-20220922,001,1795
580.7375,580.7778,68437,82426,Rhinolophus ferrumequinum,0.023,0.023,-1,Echolocation,/mnt/ubna_data_02_mir/recover-20220922/UBNA_001/20220921_090000.WAV,Telephone Field,recover-20220922,001,1795
580.7785,580.7901,22890,28402,Nyctalus leisleri,0.013,0.027,-1,Echolocation,/mnt/ubna_data_02_mir/recover-20220922/UBNA_001/20220921_090000.WAV,Telephone Field,recover-20220922,001,1795
580.8155,580.8513,68437,81761,Rhinolophus ferrumequinum,0.025,0.025,-1,Echolocation,/mnt/ubna_data_02_mir/recover-20220922/UBNA_001/20220921_090000.WAV,Telephone Field,recover-20220922,001,1795
580.8165,580.8228,25468,40979,Plecotus austriacus,0.011,0.038,-1,Echolocation,/mnt/ubna_data_02_mir/recover-20220922/UBNA_001/20220921_090000.WAV,Telephone Field,recover-20220922,001,1795
580.8615,580.869,25468,34581,Plecotus austriacus,0.006,0.023,-1,Echolocation,/mnt/ubna_data_02_mir/recover-20220922/UBNA_001/20220921_090000.WAV,Telephone Field,recover-20220922,001,1795
580.8745,580.9092,68437,81303,Rhinolophus ferrumequinum,0.022,0.022,-1,Echolocation,/mnt/ubna_data_02_mir/recover-20220922/UBNA_001/20220921_090000.WAV,Telephone Field,recover-20220922,001,1795
580.8925,580.9001,22890,31506,Plecotus austriacus,0.012,0.024,-1,Echolocation,/mnt/ubna_data_02_mir/recover-20220922/UBNA_001/20220921_090000.WAV,Telephone Field,recover-20220922,001,1795
580.9125,580.9483,68437,81299,Rhinolophus ferrumequinum,0.022,0.022,-1,Echolocation,/mnt/ubna_data_02_mir/recover-20220922/UBNA_001/20220921_090000.WAV,Telephone Field,recover-20220922,001,1795
580.9195,580.9598,68437,81736,Rhinolophus ferrumequinum,0.021,0.022,-1,Echolocation,/mnt/ubna_data_02_mir/recover-20220922/UBNA_001/20220921_090000.WAV,Telephone Field,recover-20220922,001,1795
580.9205,580.9333,29765,34185,Eptesicus serotinus,0.018,0.038,-1,Echolocation,/mnt/ubna_data_02_mir/recover-20220922/UBNA_001/20220921_090000.WAV,Telephone Field,recover-20220922,001,1795
580.9735,581.012,68437,82201,Rhinolophus ferrumequinum,0.022,0.022,-1,Echolocation,/mnt/ubna_data_02_mir/recover-20220922/UBNA_001/20220921_090000.WAV,Telephone Field,recover-20220922,001,1795
580.9775,580.9838,28046,42714,Eptesicus serotinus,0.006,0.027,-1,Echolocation,/mnt/ubna_data_02_mir/recover-20220922/UBNA_001/20220921_090000.WAV,Telephone Field,recover-20220922,001,1795
581.0205,581.0564,68437,81733,Rhinolophus ferrumequinum,0.026,0.026,-1,Echolocation,/mnt/ubna_data_02_mir/recover-20220922/UBNA_001/20220921_090000.WAV,Telephone Field,recover-20220922,001,1795
581.0415,581.0807,68437,82112,Rhinolophus ferrumequinum,0.022,0.022,-1,Echolocation,/mnt/ubna_data_02_mir/recover-20220922/UBNA_001/20220921_090000.WAV,Telephone Field,recover-20220922,001,1795
581.0485,581.0546,28046,37791,Plecotus auritus,0.016,0.05,-1,Echolocation,/mnt/ubna_data_02_mir/recover-20220922/UBNA_001/20220921_090000.WAV,Telephone Field,recover-20220922,001,1795
581.0925,581.133,68437,82277,Rhinolophus ferrumequinum,0.026,0.026,-1,Echolocation,/mnt/ubna_data_02_mir/recover-20220922/UBNA_001/20220921_090000.WAV,Telephone Field,recover-20220922,001,1795
581.1105,581.12,44375,51685,Pipistrellus pipistrellus,0.016,0.023,-1,Echolocation,/mnt/ubna_data_02_mir/recover-20220922/UBNA_001/20220921_090000.WAV,Telephone Field,recover-20220922,001,1795
581.1145,581.1228,28046,38405,Eptesicus serotinus,0.008,0.023,-1,Echolocation,/mnt/ubna_data_02_mir/recover-20220922/UBNA_001/20220921_090000.WAV,Telephone Field,recover-20220922,001,1795
581.1995,581.238,68437,82338,Rhinolophus ferrumequinum,0.022,0.022,-1,Echolocation,/mnt/ubna_data_02_mir/recover-20220922/UBNA_001/20220921_090000.WAV,Telephone Field,recover-20220922,001,1795
581.2035,581.2103,28906,39196,Eptesicus serotinus,0.007,0.024,-1,Echolocation,/mnt/ubna_data_02_mir/recover-20220922/UBNA_001/20220921_090000.WAV,Telephone Field,recover-20220922,001,1795
581.2135,581.2535,68437,82210,Rhinolophus ferrumequinum,0.022,0.022,-1,Echolocation,/mnt/ubna_data_02_mir/recover-20220922/UBNA_001/20220921_090000.WAV,Telephone Field,recover-20220922,001,1795
581.2555,581.2638,26328,37755,Eptesicus serotinus,0.008,0.023,-1,Echolocation,/mnt/ubna_data_02_mir/recover-20220922/UBNA_001/20220921_090000.WAV,Telephone Field,recover-20220922,001,1795
581.2755,581.3147,68437,82638,Rhinolophus ferrumequinum,0.023,0.023,-1,Echolocation,/mnt/ubna_data_02_mir/recover-20220922/UBNA_001/20220921_090000.WAV,Telephone Field,recover-20220922,001,1795
581.3085,581.3478,68437,82080,Rhinolophus ferrumequinum,0.022,0.022,-1,Echolocation,/mnt/ubna_data_02_mir/recover-20220922/UBNA_001/20220921_090000.WAV,Telephone Field,recover-20220922,001,1795
581.3355,581.3718,68437,82157,Rhinolophus ferrumequinum,0.023,0.023,-1,Echolocation,/mnt/ubna_data_02_mir/recover-20220922/UBNA_001/20220921_090000.WAV,Telephone Field,recover-20220922,001,1795
581.3585,581.3689,23750,29504,Nyctalus leisleri,0.009,0.021,-1,Echolocation,/mnt/ubna_data_02_mir/recover-20220922/UBNA_001/20220921_090000.WAV,Telephone Field,recover-20220922,001,1795
581.4305,581.4425,23750,28941,Nyctalus leisleri,0.028,0.055,-1,Echolocation,/mnt/ubna_data_02_mir/recover-20220922/UBNA_001/20220921_090000.WAV,Telephone Field,recover-20220922,001,1795
581.4795,581.5148,68437,81346,Rhinolophus ferrumequinum,0.026,0.026,-1,Echolocation,/mnt/ubna_data_02_mir/recover-20220922/UBNA_001/20220921_090000.WAV,Telephone Field,recover-20220922,001,1795
581.4885,581.5021,22031,25792,Nyctalus leisleri,0.013,0.023,-1,Echolocation,/mnt/ubna_data_02_mir/recover-20220922/UBNA_001/20220921_090000.WAV,Telephone Field,recover-20220922,001,1795
581.5025,581.5392,68437,82258,Rhinolophus ferrumequinum,0.022,0.022,-1,Echolocation,/mnt/ubna_data_02_mir/recover-20220922/UBNA_001/20220921_090000.WAV,Telephone Field,recover-20220922,001,1795
581.5445,581.5506,24609,36892,Plecotus austriacus,0.01,0.028,-1,Echolocation,/mnt/ubna_data_02_mir/recover-20220922/UBNA_001/20220921_090000.WAV,Telephone Field,recover-20220922,001,1795
581.5655,581.6038,68437,81620,Rhinolophus ferrumequinum,0.022,0.022,-1,Echolocation,/mnt/ubna_data_02_mir/recover-20220922/UBNA_001/20220921_090000.WAV,Telephone Field,recover-20220922,001,1795
581.5905,581.6288,68437,82239,Rhinolophus ferrumequinum,0.022,0.022,-1,Echolocation,/mnt/ubna_data_02_mir/recover-20220922/UBNA_001/20220921_090000.WAV,Telephone Field,recover-20220922,001,1795
581.5915,581.6052,22031,25860,Nyctalus leisleri,0.013,0.023,-1,Echolocation,/mnt/ubna_data_02_mir/recover-20220922/UBNA_001/20220921_090000.WAV,Telephone Field,recover-20220922,001,1795
581.6135,581.6494,68437,81972,Rhinolophus ferrumequinum,0.025,0.025,-1,Echolocation,/mnt/ubna_data_02_mir/recover-20220922/UBNA_001/20220921_090000.WAV,Telephone Field,recover-20220922,001,1795
581.6225,581.6614,68437,82487,Rhinolophus ferrumequinum,0.026,0.026,-1,Echolocation,/mnt/ubna_data_02_mir/recover-20220922/UBNA_001/20220921_090000.WAV,Telephone Field,recover-20220922,001,1795
581.6315,581.6381,23750,33173,Plecotus austriacus,0.013,0.028,-1,Echolocation,/mnt/ubna_data_02_mir/recover-20220922/UBNA_001/20220921_090000.WAV,Telephone Field,recover-20220922,001,1795
581.6605,581.6779,22031,26086,Nyctalus leisleri,0.013,0.027,-1,Echolocation,/mnt/ubna_data_02_mir/recover-20220922/UBNA_001/20220921_090000.WAV,Telephone Field,recover-20220922,001,1795
581.6665,581.6775,23750,29607,Nyctalus leisleri,0.011,0.025,-1,Echolocation,/mnt/ubna_data_02_mir/recover-20220922/UBNA_001/20220921_090000.WAV,Telephone Field,recover-20220922,001,1795
581.6735,581.7143,68437,82522,Rhinolophus ferrumequinum,0.025,0.025,-1,Echolocation,/mnt/ubna_data_02_mir/recover-20220922/UBNA_001/20220921_090000.WAV,Telephone Field,recover-20220922,001,1795
581.6735,581.6801,24609,35187,Plecotus austriacus,0.009,0.023,-1,Echolocation,/mnt/ubna_data_02_mir/recover-20220922/UBNA_001/20220921_090000.WAV,Telephone Field,recover-20220922,001,1795
581.6925,581.731,68437,82545,Rhinolophus ferrumequinum,0.025,0.025,-1,Echolocation,/mnt/ubna_data_02_mir/recover-20220922/UBNA_001/20220921_090000.WAV,Telephone Field,recover-20220922,001,1795
581.7165,581.7231,24609,33486,Plecotus austriacus,0.008,0.022,-1,Echolocation,/mnt/ubna_data_02_mir/recover-20220922/UBNA_001/20220921_090000.WAV,Telephone Field,recover-20220922,001,1795
581.7275,581.7636,68437,81570,Rhinolophus ferrumequinum,0.021,0.021,-1,Echolocation,/mnt/ubna_data_02_mir/recover-20220922/UBNA_001/20220921_090000.WAV,Telephone Field,recover-20220922,001,1795
581.7305,581.746,15156,19133,Nyctalus noctula,0.018,0.028,-1,Echolocation,/mnt/ubna_data_02_mir/recover-20220922/UBNA_001/20220921_090000.WAV,Telephone Field,recover-20220922,001,1795
581.7545,581.792,68437,81704,Rhinolophus ferrumequinum,0.022,0.022,-1,Echolocation,/mnt/ubna_data_02_mir/recover-20220922/UBNA_001/20220921_090000.WAV,Telephone Field,recover-20220922,001,1795
581.7935,581.8025,28046,40215,Eptesicus serotinus,0.009,0.022,-1,Echolocation,/mnt/ubna_data_02_mir/recover-20220922/UBNA_001/20220921_090000.WAV,Telephone Field,recover-20220922,001,1795
581.8065,581.8273,19453,22502,Nyctalus leisleri,0.021,0.043,-1,Echolocation,/mnt/ubna_data_02_mir/recover-20220922/UBNA_001/20220921_090000.WAV,Telephone Field,recover-20220922,001,1795
581.8615,581.8722,22890,28845,Nyctalus leisleri,0.012,0.027,-1,Echolocation,/mnt/ubna_data_02_mir/recover-20220922/UBNA_001/20220921_090000.WAV,Telephone Field,recover-20220922,001,1795
581.8935,581.9338,68437,82744,Rhinolophus ferrumequinum,0.023,0.023,-1,Echolocation,/mnt/ubna_data_02_mir/recover-20220922/UBNA_001/20220921_090000.WAV,Telephone Field,recover-20220922,001,1795
581.9025,581.9428,68437,82382,Rhinolophus ferrumequinum,0.023,0.023,-1,Echolocation,/mnt/ubna_data_02_mir/recover-20220922/UBNA_001/20220921_090000.WAV,Telephone Field,recover-20220922,001,1795
581.9175,581.9259,47812,52543,Pipistrellus pipistrellus,0.02,0.022,-1,Echolocation,/mnt/ubna_data_02_mir/recover-20220922/UBNA_001/20220921_090000.WAV,Telephone Field,recover-20220922,001,1795
581.9335,581.9698,68437,82138,Rhinolophus ferrumequinum,0.022,0.022,-1,Echolocation,/mnt/ubna_data_02_mir/recover-20220922/UBNA_001/20220921_090000.WAV,Telephone Field,recover-20220922,001,1795
581.9875,581.9977,28906,37626,Eptesicus serotinus,0.009,0.023,-1,Echolocation,/mnt/ubna_data_02_mir/recover-20220922/UBNA_001/20220921_090000.WAV,Telephone Field,recover-20220922,001,1795
582.0015,582.0104,22890,29908,Nyctalus leisleri,0.008,0.029,-1,Echolocation,/mnt/ubna_data_02_mir/recover-20220922/UBNA_001/20220921_090000.WAV,Telephone Field,recover-20220922,001,1795
582.0015,582.0358,68437,79834,Rhinolophus ferrumequinum,0.041,0.041,-1,Echolocation,/mnt/ubna_data_02_mir/recover-20220922/UBNA_001/20220921_090000.WAV,Telephone Field,recover-20220922,001,1795
582.0015,582.0109,46953,51741,Pipistrellus pipistrellus,0.019,0.023,-1,Echolocation,/mnt/ubna_data_02_mir/recover-20220922/UBNA_001/20220921_090000.WAV,Telephone Field,recover-20220922,001,1795
582.0115,582.0583,68437,84009,Rhinolophus ferrumequinum,0.042,0.042,-1,Echolocation,/mnt/ubna_data_02_mir/recover-20220922/UBNA_001/20220921_090000.WAV,Telephone Field,recover-20220922,001,1795
582.0535,582.093,68437,82182,Rhinolophus ferrumequinum,0.025,0.025,-1,Echolocation,/mnt/ubna_data_02_mir/recover-20220922/UBNA_001/20220921_090000.WAV,Telephone Field,recover-20220922,001,1795
582.0775,582.0855,28046,36773,Eptesicus serotinus,0.008,0.022,-1,Echolocation,/mnt/ubna_data_02_mir/recover-20220922/UBNA_001/20220921_090000.WAV,Telephone Field,recover-20220922,001,1795
582.1075,582.1449,68437,81658,Rhinolophus ferrumequinum,0.022,0.022,-1,Echolocation,/mnt/ubna_data_02_mir/recover-20220922/UBNA_001/20220921_090000.WAV,Telephone Field,recover-20220922,001,1795
582.1405,582.1827,68437,83096,Rhinolophus ferrumequinum,0.024,0.024,-1,Echolocation,/mnt/ubna_data_02_mir/recover-20220922/UBNA_001/20220921_090000.WAV,Telephone Field,recover-20220922,001,1795
582.1535,582.1667,46093,49327,Pipistrellus pipistrellus,0.029,0.032,-1,Echolocation,/mnt/ubna_data_02_mir/recover-20220922/UBNA_001/20220921_090000.WAV,Telephone Field,recover-20220922,001,1795
582.1585,582.2026,68437,83220,Rhinolophus ferrumequinum,0.035,0.035,-1,Echolocation,/mnt/ubna_data_02_mir/recover-20220922/UBNA_001/20220921_090000.WAV,Telephone Field,recover-20220922,001,1795
582.1865,582.2258,68437,82446,Rhinolophus ferrumequinum,0.033,0.033,-1,Echolocation,/mnt/ubna_data_02_mir/recover-20220922/UBNA_001/20220921_090000.WAV,Telephone Field,recover-20220922,001,1795
582.1975,582.2049,23750,32880,Plecotus austriacus,0.011,0.027,-1,Echolocation,/mnt/ubna_data_02_mir/recover-20220922/UBNA_001/20220921_090000.WAV,Telephone Field,recover-20220922,001,1795
582.2095,582.2194,28046,37601,Eptesicus serotinus,0.012,0.025,-1,Echolocation,/mnt/ubna_data_02_mir/recover-20220922/UBNA_001/20220921_090000.WAV,Telephone Field,recover-20220922,001,1795
582.2115,582.2497,68437,82276,Rhinolophus ferrumequinum,0.023,0.023,-1,Echolocation,/mnt/ubna_data_02_mir/recover-20220922/UBNA_001/20220921_090000.WAV,Telephone Field,recover-20220922,001,1795
582.2125,582.2203,50390,54886,Pipistrellus pipistrellus,0.019,0.022,-1,Echolocation,/mnt/ubna_data_02_mir/recover-20220922/UBNA_001/20220921_090000.WAV,Telephone Field,recover-20220922,001,1795
582.2465,582.2828,68437,81951,Rhinolophus ferrumequinum,0.021,0.021,-1,Echolocation,/mnt/ubna_data_02_mir/recover-20220922/UBNA_001/20220921_090000.WAV,Telephone Field,recover-20220922,001,1795
582.2505,582.2583,27187,38568,Eptesicus serotinus,0.007,0.021,-1,Echolocation,/mnt/ubna_data_02_mir/recover-20220922/UBNA_001/20220921_090000.WAV,Telephone Field,recover-20220922,001,1795
582.2555,582.265,44375,48459,Pipistrellus pipistrellus,0.035,0.038,-1,Echolocation,/mnt/ubna_data_02_mir/recover-20220922/UBNA_001/20220921_090000.WAV,Telephone Field,recover-20220922,001,1795
582.2695,582.3083,68437,81721,Rhinolophus ferrumequinum,0.024,0.024,-1,Echolocation,/mnt/ubna_data_02_mir/recover-20220922/UBNA_001/20220921_090000.WAV,Telephone Field,recover-20220922,001,1795
582.2845,582.3004,21171,24404,Nyctalus leisleri,0.015,0.023,-1,Echolocation,/mnt/ubna_data_02_mir/recover-20220922/UBNA_001/20220921_090000.WAV,Telephone Field,recover-20220922,001,1795
582.2865,582.3239,68437,82106,Rhinolophus ferrumequinum,0.022,0.022,-1,Echolocation,/mnt/ubna_data_02_mir/recover-20220922/UBNA_001/20220921_090000.WAV,Telephone Field,recover-20220922,001,1795
582.2995,582.3428,68437,82862,Rhinolophus ferrumequinum,0.026,0.026,-1,Echolocation,/mnt/ubna_data_02_mir/recover-20220922/UBNA_001/20220921_090000.WAV,Telephone Field,recover-20220922,001,1795
582.3145,582.3264,22890,27832,Nyctalus leisleri,0.015,0.027,-1,Echolocation,/mnt/ubna_data_02_mir/recover-20220922/UBNA_001/20220921_090000.WAV,Telephone Field,recover-20220922,001,1795
582.3315,582.3695,68437,81749,Rhinolophus ferrumequinum,0.023,0.023,-1,Echolocation,/mnt/ubna_data_02_mir/recover-20220922/UBNA_001/20220921_090000.WAV,Telephone Field,recover-20220922,001,1795
582.3545,582.3936,68437,82323,Rhinolophus ferrumequinum,0.027,0.027,-1,Echolocation,/mnt/ubna_data_02_mir/recover-20220922/UBNA_001/20220921_090000.WAV,Telephone Field,recover-20220922,001,1795
582.3855,582.4222,68437,81403,Rhinolophus ferrumequinum,0.033,0.034,-1,Echolocation,/mnt/ubna_data_02_mir/recover-20220922/UBNA_001/20220921_090000.WAV,Telephone Field,recover-20220922,001,1795
582.4305,582.4746,68437,83274,Rhinolophus ferrumequinum,0.035,0.035,-1,Echolocation,/mnt/ubna_data_02_mir/recover-20220922/UBNA_001/20220921_090000.WAV,Telephone Field,recover-20220922,001,1795
582.4615,582.4748,22890,26836,Nyctalus leisleri,0.015,0.026,-1,Echolocation,/mnt/ubna_data_02_mir/recover-20220922/UBNA_001/20220921_090000.WAV,Telephone Field,recover-20220922,001,1795
582.4625,582.5012,68437,82202,Rhinolophus ferrumequinum,0.023,0.023,-1,Echolocation,/mnt/ubna_data_02_mir/recover-20220922/UBNA_001/20220921_090000.WAV,Telephone Field,recover-20220922,001,1795
582.4695,582.4884,20312,23282,Nyctalus leisleri,0.013,0.022,-1,Echolocation,/mnt/ubna_data_02_mir/recover-20220922/UBNA_001/20220921_090000.WAV,Telephone Field,recover-20220922,001,1795
582.5165,582.5306,26328,31155,Nyctalus leisleri,0.031,0.065,-1,Echolocation,/mnt/ubna_data_02_mir/recover-20220922/UBNA_001/20220921_090000.WAV,Telephone Field,recover-20220922,001,1795
582.5255,582.5662,68437,83015,Rhinolophus ferrumequinum,0.033,0.033,-1,Echolocation,/mnt/ubna_data_02_mir/recover-20220922/UBNA_001/20220921_090000.WAV,Telephone Field,recover-20220922,001,1795
582.5295,582.5427999999999,22890,26984,Nyctalus leisleri,0.019,0.032,-1,Echolocation,/mnt/ubna_data_02_mir/recover-20220922/UBNA_001/20220921_090000.WAV,Telephone Field,recover-20220922,001,1795
582.5605,582.5716,28906,36337,Eptesicus serotinus,0.011,0.024,-1,Echolocation,/mnt/ubna_data_02_mir/recover-20220922/UBNA_001/20220921_090000.WAV,Telephone Field,recover-20220922,001,1795
582.5725,582.6108,68437,82815,Rhinolophus ferrumequinum,0.022,0.022,-1,Echolocation,/mnt/ubna_data_02_mir/recover-20220922/UBNA_001/20220921_090000.WAV,Telephone Field,recover-20220922,001,1795
582.6155,582.6246,27187,36640,Eptesicus serotinus,0.009,0.022,-1,Echolocation,/mnt/ubna_data_02_mir/recover-20220922/UBNA_001/20220921_090000.WAV,Telephone Field,recover-20220922,001,1795
582.6265,582.6652,68437,81838,Rhinolophus ferrumequinum,0.027,0.027,-1,Echolocation,/mnt/ubna_data_02_mir/recover-20220922/UBNA_001/20220921_090000.WAV,Telephone Field,recover-20220922,001,1795
582.6275,582.6368,48671,56605,Pipistrellus pipistrellus,0.02,0.023,-1,Echolocation,/mnt/ubna_data_02_mir/recover-20220922/UBNA_001/20220921_090000.WAV,Telephone Field,recover-20220922,001,1795
582.6485,582.6566,24609,32938,Plecotus austriacus,0.007,0.022,-1,Echolocation,/mnt/ubna_data_02_mir/recover-20220922/UBNA_001/20220921_090000.WAV,Telephone Field,recover-20220922,001,1795
582.6595,582.6694,22890,28138,Nyctalus leisleri,0.009,0.022,-1,Echolocation,/mnt/ubna_data_02_mir/recover-20220922/UBNA_001/20220921_090000.WAV,Telephone Field,recover-20220922,001,1795
582.6595,582.6994,68437,82718,Rhinolophus ferrumequinum,0.038,0.038,-1,Echolocation,/mnt/ubna_data_02_mir/recover-20220922/UBNA_001/20220921_090000.WAV,Telephone Field,recover-20220922,001,1795
582.6785,582.6873,28046,43658,Eptesicus serotinus,0.009,0.022,-1,Echolocation,/mnt/ubna_data_02_mir/recover-20220922/UBNA_001/20220921_090000.WAV,Telephone Field,recover-20220922,001,1795
582.6955,582.7055,28906,37944,Eptesicus serotinus,0.012,0.025,-1,Echolocation,/mnt/ubna_data_02_mir/recover-20220922/UBNA_001/20220921_090000.WAV,Telephone Field,recover-20220922,001,1795
582.6955,582.7305,68437,80964,Rhinolophus ferrumequinum,0.021,0.021,-1,Echolocation,/mnt/ubna_data_02_mir/recover-20220922/UBNA_001/20220921_090000.WAV,Telephone Field,recover-20220922,001,1795
582.7235,582.7631,68437,82295,Rhinolophus ferrumequinum,0.024,0.024,-1,Echolocation,/mnt/ubna_data_02_mir/recover-20220922/UBNA_001/20220921_090000.WAV,Telephone Field,recover-20220922,001,1795
582.7635,582.8047,68437,82550,Rhinolophus ferrumequinum,0.031,0.031,-1,Echolocation,/mnt/ubna_data_02_mir/recover-20220922/UBNA_001/20220921_090000.WAV,Telephone Field,recover-20220922,001,1795
582.7775,582.7874,28906,38431,Eptesicus serotinus,0.01,0.025,-1,Echolocation,/mnt/ubna_data_02_mir/recover-20220922/UBNA_001/20220921_090000.WAV,Telephone Field,recover-20220922,001,1795
582.7925,582.8315,68437,82555,Rhinolophus ferrumequinum,0.023,0.023,-1,Echolocation,/mnt/ubna_data_02_mir/recover-20220922/UBNA_001/20220921_090000.WAV,Telephone Field,recover-20220922,001,1795
582.8165,582.8276,40078,44035,Pipistrellus nathusii,0.013,0.023,-1,Echolocation,/mnt/ubna_data_02_mir/recover-20220922/UBNA_001/20220921_090000.WAV,Telephone Field,recover-20220922,001,1795
582.8255,582.8344,27187,36059,Eptesicus serotinus,0.008,0.022,-1,Echolocation,/mnt/ubna_data_02_mir/recover-20220922/UBNA_001/20220921_090000.WAV,Telephone Field,recover-20220922,001,1795
582.8745,582.912,68437,80798,Rhinolophus ferrumequinum,0.024,0.024,-1,Echolocation,/mnt/ubna_data_02_mir/recover-20220922/UBNA_001/20220921_090000.WAV,Telephone Field,recover-20220922,001,1795
582.8745,582.885,22890,28252,Nyctalus leisleri,0.009,0.022,-1,Echolocation,/mnt/ubna_data_02_mir/recover-20220922/UBNA_001/20220921_090000.WAV,Telephone Field,recover-20220922,001,1795
582.8895,582.8985,28046,37733,Eptesicus serotinus,0.009,0.021,-1,Echolocation,/mnt/ubna_data_02_mir/recover-20220922/UBNA_001/20220921_090000.WAV,Telephone Field,recover-20220922,001,1795
582.8985,582.935,68437,81593,Rhinolophus ferrumequinum,0.029,0.029,-1,Echolocation,/mnt/ubna_data_02_mir/recover-20220922/UBNA_001/20220921_090000.WAV,Telephone Field,recover-20220922,001,1795
582.9425,582.9829,68437,82805,Rhinolophus ferrumequinum,0.021,0.021,-1,Echolocation,/mnt/ubna_data_02_mir/recover-20220922/UBNA_001/20220921_090000.WAV,Telephone Field,recover-20220922,001,1795
582.9625,582.9723,28046,35704,Eptesicus serotinus,0.01,0.024,-1,Echolocation,/mnt/ubna_data_02_mir/recover-20220922/UBNA_001/20220921_090000.WAV,Telephone Field,recover-20220922,001,1795
582.9735,583.0136,68437,83116,Rhinolophus ferrumequinum,0.03,0.03,-1,Echolocation,/mnt/ubna_data_02_mir/recover-20220922/UBNA_001/20220921_090000.WAV,Telephone Field,recover-20220922,001,1795
582.9855,582.9929,24609,36756,Plecotus austriacus,0.005,0.023,-1,Echolocation,/mnt/ubna_data_02_mir/recover-20220922/UBNA_001/20220921_090000.WAV,Telephone Field,recover-20220922,001,1795
583.0025,583.044,68437,82675,Rhinolophus ferrumequinum,0.023,0.023,-1,Echolocation,/mnt/ubna_data_02_mir/recover-20220922/UBNA_001/20220921_090000.WAV,Telephone Field,recover-20220922,001,1795
583.0045,583.0158,32343,38851,Eptesicus serotinus,0.009,0.029,-1,Echolocation,/mnt/ubna_data_02_mir/recover-20220922/UBNA_001/20220921_090000.WAV,Telephone Field,recover-20220922,001,1795
583.0125,583.0312,16015,21014,Nyctalus noctula,0.016,0.022,-1,Echolocation,/mnt/ubna_data_02_mir/recover-20220922/UBNA_001/20220921_090000.WAV,Telephone Field,recover-20220922,001,1795
583.0665,583.0768,25468,32237,Eptesicus serotinus,0.009,0.023,-1,Echolocation,/mnt/ubna_data_02_mir/recover-20220922/UBNA_001/20220921_090000.WAV,Telephone Field,recover-20220922,001,1795
583.1015,583.1393,68437,82154,Rhinolophus ferrumequinum,0.034,0.034,-1,Echolocation,/mnt/ubna_data_02_mir/recover-20220922/UBNA_001/20220921_090000.WAV,Telephone Field,recover-20220922,001,1795
583.1025,583.1133,43515,50309,Pipistrellus pipistrellus,0.023,0.028,-1,Echolocation,/mnt/ubna_data_02_mir/recover-20220922/UBNA_001/20220921_090000.WAV,Telephone Field,recover-20220922,001,1795
583.1395,583.1775,68437,82453,Rhinolophus ferrumequinum,0.021,0.021,-1,Echolocation,/mnt/ubna_data_02_mir/recover-20220922/UBNA_001/20220921_090000.WAV,Telephone Field,recover-20220922,001,1795
583.1535,583.1603,24609,34749,Plecotus austriacus,0.01,0.026,-1,Echolocation,/mnt/ubna_data_02_mir/recover-20220922/UBNA_001/20220921_090000.WAV,Telephone Field,recover-20220922,001,1795
583.1955,583.2339,68437,82531,Rhinolophus ferrumequinum,0.025,0.025,-1,Echolocation,/mnt/ubna_data_02_mir/recover-20220922/UBNA_001/20220921_090000.WAV,Telephone Field,recover-20220922,001,1795
583.2115,583.2564,68437,83164,Rhinolophus ferrumequinum,0.044,0.044,-1,Echolocation,/mnt/ubna_data_02_mir/recover-20220922/UBNA_001/20220921_090000.WAV,Telephone Field,recover-20220922,001,1795
583.2295,583.2686,68437,82095,Rhinolophus ferrumequinum,0.024,0.024,-1,Echolocation,/mnt/ubna_data_02_mir/recover-20220922/UBNA_001/20220921_090000.WAV,Telephone Field,recover-20220922,001,1795
583.3155,583.3559,68437,82305,Rhinolophus ferrumequinum,0.021,0.021,-1,Echolocation,/mnt/ubna_data_02_mir/recover-20220922/UBNA_001/20220921_090000.WAV,Telephone Field,recover-20220922,001,1795
583.3365,583.3718,68437,81287,Rhinolophus ferrumequinum,0.027,0.027,-1,Echolocation,/mnt/ubna_data_02_mir/recover-20220922/UBNA_001/20220921_090000.WAV,Telephone Field,recover-20220922,001,1795
583.3385,583.3457,27187,36374,Eptesicus serotinus,0.009,0.025,-1,Echolocation,/mnt/ubna_data_02_mir/recover-20220922/UBNA_001/20220921_090000.WAV,Telephone Field,recover-20220922,001,1795
583.3985,583.408,23750,30400,Nyctalus leisleri,0.008,0.023,-1,Echolocation,/mnt/ubna_data_02_mir/recover-20220922/UBNA_001/20220921_090000.WAV,Telephone Field,recover-20220922,001,1795
583.4055,583.4472,68437,82102,Rhinolophus ferrumequinum,0.023,0.024,-1,Echolocation,/mnt/ubna_data_02_mir/recover-20220922/UBNA_001/20220921_090000.WAV,Telephone Field,recover-20220922,001,1795
583.4205,583.4296,28906,36565,Eptesicus serotinus,0.008,0.022,-1,Echolocation,/mnt/ubna_data_02_mir/recover-20220922/UBNA_001/20220921_090000.WAV,Telephone Field,recover-20220922,001,1795
583.4535,583.4588,39218,58724,Myotis brandtii,0.006,0.022,-1,Echolocation,/mnt/ubna_data_02_mir/recover-20220922/UBNA_001/20220921_090000.WAV,Telephone Field,recover-20220922,001,1795
583.4535,583.4611,28046,41820,Eptesicus serotinus,0.008,0.025,-1,Echolocation,/mnt/ubna_data_02_mir/recover-20220922/UBNA_001/20220921_090000.WAV,Telephone Field,recover-20220922,001,1795
583.4785,583.5184,68437,82441,Rhinolophus ferrumequinum,0.023,0.023,-1,Echolocation,/mnt/ubna_data_02_mir/recover-20220922/UBNA_001/20220921_090000.WAV,Telephone Field,recover-20220922,001,1795
583.5395,583.5508,45234,48703,Pipistrellus pipistrellus,0.023,0.025,-1,Echolocation,/mnt/ubna_data_02_mir/recover-20220922/UBNA_001/20220921_090000.WAV,Telephone Field,recover-20220922,001,1795
583.5435,583.5536,28906,36464,Eptesicus serotinus,0.01,0.025,-1,Echolocation,/mnt/ubna_data_02_mir/recover-20220922/UBNA_001/20220921_090000.WAV,Telephone Field,recover-20220922,001,1795
583.6125,583.6491,68437,82090,Rhinolophus ferrumequinum,0.029,0.029,-1,Echolocation,/mnt/ubna_data_02_mir/recover-20220922/UBNA_001/20220921_090000.WAV,Telephone Field,recover-20220922,001,1795
583.6395,583.6821,68437,83451,Rhinolophus ferrumequinum,0.033,0.033,-1,Echolocation,/mnt/ubna_data_02_mir/recover-20220922/UBNA_001/20220921_090000.WAV,Telephone Field,recover-20220922,001,1795
583.6925,583.7279,68437,81083,Rhinolophus ferrumequinum,0.022,0.022,-1,Echolocation,/mnt/ubna_data_02_mir/recover-20220922/UBNA_001/20220921_090000.WAV,Telephone Field,recover-20220922,001,1795
583.7105,583.7464,68437,80997,Rhinolophus ferrumequinum,0.034,0.034,-1,Echolocation,/mnt/ubna_data_02_mir/recover-20220922/UBNA_001/20220921_090000.WAV,Telephone Field,recover-20220922,001,1795
583.7325,583.7427,26328,34780,Eptesicus serotinus,0.012,0.025,-1,Echolocation,/mnt/ubna_data_02_mir/recover-20220922/UBNA_001/20220921_090000.WAV,Telephone Field,recover-20220922,001,1795
583.7385,583.7753,68437,81696,Rhinolophus ferrumequinum,0.022,0.022,-1,Echolocation,/mnt/ubna_data_02_mir/recover-20220922/UBNA_001/20220921_090000.WAV,Telephone Field,recover-20220922,001,1795
583.7695,583.8102,68437,81857,Rhinolophus ferrumequinum,0.024,0.024,-1,Echolocation,/mnt/ubna_data_02_mir/recover-20220922/UBNA_001/20220921_090000.WAV,Telephone Field,recover-20220922,001,1795
583.7765,583.8171,68437,82222,Rhinolophus ferrumequinum,0.023,0.023,-1,Echolocation,/mnt/ubna_data_02_mir/recover-20220922/UBNA_001/20220921_090000.WAV,Telephone Field,recover-20220922,001,1795
583.7965,583.8359,68437,82037,Rhinolophus ferrumequinum,0.021,0.021,-1,Echolocation,/mnt/ubna_data_02_mir/recover-20220922/UBNA_001/20220921_090000.WAV,Telephone Field,recover-20220922,001,1795
583.8145,583.8563,68437,83406,Rhinolophus ferrumequinum,0.039,0.039,-1,Echolocation,/mnt/ubna_data_02_mir/recover-20220922/UBNA_001/20220921_090000.WAV,Telephone Field,recover-20220922,001,1795
583.8695,583.9136,68437,83294,Rhinolophus ferrumequinum,0.052,0.052,-1,Echolocation,/mnt/ubna_data_02_mir/recover-20220922/UBNA_001/20220921_090000.WAV,Telephone Field,recover-20220922,001,1795
583.8965,583.9137,21171,25926,Nyctalus noctula,0.032,0.068,-1,Echolocation,/mnt/ubna_data_02_mir/recover-20220922/UBNA_001/20220921_090000.WAV,Telephone Field,recover-20220922,001,1795
583.9185,583.9566,68437,82565,Rhinolophus ferrumequinum,0.023,0.023,-1,Echolocation,/mnt/ubna_data_02_mir/recover-20220922/UBNA_001/20220921_090000.WAV,Telephone Field,recover-20220922,001,1795
583.9365,583.9723,68437,81544,Rhinolophus ferrumequinum,0.029,0.029,-1,Echolocation,/mnt/ubna_data_02_mir/recover-20220922/UBNA_001/20220921_090000.WAV,Telephone Field,recover-20220922,001,1795
584.0015,584.0111,25468,33443,Nyctalus leisleri,0.012,0.034,-1,Echolocation,/mnt/ubna_data_02_mir/recover-20220922/UBNA_001/20220921_090000.WAV,Telephone Field,recover-20220922,001,1795
584.0015,584.033,69296,82605,Rhinolophus ferrumequinum,0.028,0.028,-1,Echolocation,/mnt/ubna_data_02_mir/recover-20220922/UBNA_001/20220921_090000.WAV,Telephone Field,recover-20220922,001,1795
584.0115,584.0527,68437,81970,Rhinolophus ferrumequinum,0.032,0.032,-1,Echolocation,/mnt/ubna_data_02_mir/recover-20220922/UBNA_001/20220921_090000.WAV,Telephone Field,recover-20220922,001,1795
584.0135,584.0243,28906,38158,Eptesicus serotinus,0.016,0.031,-1,Echolocation,/mnt/ubna_data_02_mir/recover-20220922/UBNA_001/20220921_090000.WAV,Telephone Field,recover-20220922,001,1795
584.0485,584.0647,20312,23290,Nyctalus leisleri,0.015,0.026,-1,Echolocation,/mnt/ubna_data_02_mir/recover-20220922/UBNA_001/20220921_090000.WAV,Telephone Field,recover-20220922,001,1795
584.0565,584.0937,68437,81766,Rhinolophus ferrumequinum,0.024,0.024,-1,Echolocation,/mnt/ubna_data_02_mir/recover-20220922/UBNA_001/20220921_090000.WAV,Telephone Field,recover-20220922,001,1795
584.0625,584.0713,27187,38572,Eptesicus serotinus,0.008,0.021,-1,Echolocation,/mnt/ubna_data_02_mir/recover-20220922/UBNA_001/20220921_090000.WAV,Telephone Field,recover-20220922,001,1795
584.0765,584.0875,28906,35069,Eptesicus serotinus,0.009,0.021,-1,Echolocation,/mnt/ubna_data_02_mir/recover-20220922/UBNA_001/20220921_090000.WAV,Telephone Field,recover-20220922,001,1795
584.0775,584.1184,68437,83104,Rhinolophus ferrumequinum,0.033,0.033,-1,Echolocation,/mnt/ubna_data_02_mir/recover-20220922/UBNA_001/20220921_090000.WAV,Telephone Field,recover-20220922,001,1795
584.1205,584.1349,22031,26246,Nyctalus leisleri,0.012,0.023,-1,Echolocation,/mnt/ubna_data_02_mir/recover-20220922/UBNA_001/20220921_090000.WAV,Telephone Field,recover-20220922,001,1795
584.1255,584.165,68437,82009,Rhinolophus ferrumequinum,0.022,0.022,-1,Echolocation,/mnt/ubna_data_02_mir/recover-20220922/UBNA_001/20220921_090000.WAV,Telephone Field,recover-20220922,001,1795
584.1385,584.1466,23750,32218,Plecotus austriacus,0.008,0.023,-1,Echolocation,/mnt/ubna_data_02_mir/recover-20220922/UBNA_001/20220921_090000.WAV,Telephone Field,recover-20220922,001,1795
584.1605,584.1997,68437,82121,Rhinolophus ferrumequinum,0.022,0.022,-1,Echolocation,/mnt/ubna_data_02_mir/recover-20220922/UBNA_001/20220921_090000.WAV,Telephone Field,recover-20220922,001,1795
584.1735,584.2119,68437,81599,Rhinolophus ferrumequinum,0.024,0.024,-1,Echolocation,/mnt/ubna_data_02_mir/recover-20220922/UBNA_001/20220921_090000.WAV,Telephone Field,recover-20220922,001,1795
584.1795,584.2181,68437,82227,Rhinolophus ferrumequinum,0.023,0.023,-1,Echolocation,/mnt/ubna_data_02_mir/recover-20220922/UBNA_001/20220921_090000.WAV,Telephone Field,recover-20220922,001,1795
584.2115,584.2493,68437,82121,Rhinolophus ferrumequinum,0.022,0.022,-1,Echolocation,/mnt/ubna_data_02_mir/recover-20220922/UBNA_001/20220921_090000.WAV,Telephone Field,recover-20220922,001,1795
584.2435,584.2515,28906,38186,Eptesicus serotinus,0.019,0.039,-1,Echolocation,/mnt/ubna_data_02_mir/recover-20220922/UBNA_001/20220921_090000.WAV,Telephone Field,recover-20220922,001,1795
584.2505,584.2698,20312,23444,Nyctalus leisleri,0.016,0.027,-1,Echolocation,/mnt/ubna_data_02_mir/recover-20220922/UBNA_001/20220921_090000.WAV,Telephone Field,recover-20220922,001,1795
584.2615,584.2995,68437,82018,Rhinolophus ferrumequinum,0.021,0.022,-1,Echolocation,/mnt/ubna_data_02_mir/recover-20220922/UBNA_001/20220921_090000.WAV,Telephone Field,recover-20220922,001,1795
584.2765,584.3157,68437,82472,Rhinolophus ferrumequinum,0.021,0.021,-1,Echolocation,/mnt/ubna_data_02_mir/recover-20220922/UBNA_001/20220921_090000.WAV,Telephone Field,recover-20220922,001,1795
584.2885,584.3283,68437,82388,Rhinolophus ferrumequinum,0.022,0.022,-1,Echolocation,/mnt/ubna_data_02_mir/recover-20220922/UBNA_001/20220921_090000.WAV,Telephone Field,recover-20220922,001,1795
584.3215,584.331,26328,37001,Eptesicus serotinus,0.01,0.023,-1,Echolocation,/mnt/ubna_data_02_mir/recover-20220922/UBNA_001/20220921_090000.WAV,Telephone Field,recover-20220922,001,1795
584.3275,584.3387,26328,33796,Eptesicus serotinus,0.011,0.024,-1,Echolocation,/mnt/ubna_data_02_mir/recover-20220922/UBNA_001/20220921_090000.WAV,Telephone Field,recover-20220922,001,1795
584.3405,584.3482,23750,32152,Plecotus austriacus,0.011,0.025,-1,Echolocation,/mnt/ubna_data_02_mir/recover-20220922/UBNA_001/20220921_090000.WAV,Telephone Field,recover-20220922,001,1795
584.3515,584.3897,68437,81958,Rhinolophus ferrumequinum,0.021,0.021,-1,Echolocation,/mnt/ubna_data_02_mir/recover-20220922/UBNA_001/20220921_090000.WAV,Telephone Field,recover-20220922,001,1795
584.3755,584.385,24609,31298,Nyctalus leisleri,0.009,0.026,-1,Echolocation,/mnt/ubna_data_02_mir/recover-20220922/UBNA_001/20220921_090000.WAV,Telephone Field,recover-20220922,001,1795
584.4185,584.4613,68437,82888,Rhinolophus ferrumequinum,0.026,0.026,-1,Echolocation,/mnt/ubna_data_02_mir/recover-20220922/UBNA_001/20220921_090000.WAV,Telephone Field,recover-20220922,001,1795
584.4725,584.5142,68437,82895,Rhinolophus ferrumequinum,0.035,0.035,-1,Echolocation,/mnt/ubna_data_02_mir/recover-20220922/UBNA_001/20220921_090000.WAV,Telephone Field,recover-20220922,001,1795
584.4825,584.5231,68437,82121,Rhinolophus ferrumequinum,0.025,0.025,-1,Echolocation,/mnt/ubna_data_02_mir/recover-20220922/UBNA_001/20220921_090000.WAV,Telephone Field,recover-20220922,001,1795
584.4905,584.5012,26328,33249,Eptesicus serotinus,0.01,0.025,-1,Echolocation,/mnt/ubna_data_02_mir/recover-20220922/UBNA_001/20220921_090000.WAV,Telephone Field,recover-20220922,001,1795
584.4975,584.5078,22890,27933,Nyctalus leisleri,0.009,0.021,-1,Echolocation,/mnt/ubna_data_02_mir/recover-20220922/UBNA_001/20220921_090000.WAV,Telephone Field,recover-20220922,001,1795
584.5115,584.5493,68437,81438,Rhinolophus ferrumequinum,0.022,0.022,-1,Echolocation,/mnt/ubna_data_02_mir/recover-20220922/UBNA_001/20220921_090000.WAV,Telephone Field,recover-20220922,001,1795
584.5175,584.5248,27187,40389,Eptesicus serotinus,0.007,0.023,-1,Echolocation,/mnt/ubna_data_02_mir/recover-20220922/UBNA_001/20220921_090000.WAV,Telephone Field,recover-20220922,001,1795
584.5185,584.5575,68437,82195,Rhinolophus ferrumequinum,0.024,0.024,-1,Echolocation,/mnt/ubna_data_02_mir/recover-20220922/UBNA_001/20220921_090000.WAV,Telephone Field,recover-20220922,001,1795
584.5485,584.5579,27187,35853,Eptesicus serotinus,0.008,0.021,-1,Echolocation,/mnt/ubna_data_02_mir/recover-20220922/UBNA_001/20220921_090000.WAV,Telephone Field,recover-20220922,001,1795
584.5875,584.6234,68437,81531,Rhinolophus ferrumequinum,0.021,0.021,-1,Echolocation,/mnt/ubna_data_02_mir/recover-20220922/UBNA_001/20220921_090000.WAV,Telephone Field,recover-20220922,001,1795
584.5995,584.6415,68437,82862,Rhinolophus ferrumequinum,0.026,0.026,-1,Echolocation,/mnt/ubna_data_02_mir/recover-20220922/UBNA_001/20220921_090000.WAV,Telephone Field,recover-20220922,001,1795
584.6145,584.6259,28906,36410,Eptesicus serotinus,0.015,0.03,-1,Echolocation,/mnt/ubna_data_02_mir/recover-20220922/UBNA_001/20220921_090000.WAV,Telephone Field,recover-20220922,001,1795
584.6185,584.6589,68437,82528,Rhinolophus ferrumequinum,0.023,0.023,-1,Echolocation,/mnt/ubna_data_02_mir/recover-20220922/UBNA_001/20220921_090000.WAV,Telephone Field,recover-20220922,001,1795
584.6445,584.6841,68437,82376,Rhinolophus ferrumequinum,0.026,0.026,-1,Echolocation,/mnt/ubna_data_02_mir/recover-20220922/UBNA_001/20220921_090000.WAV,Telephone Field,recover-20220922,001,1795
584.6545,584.6663,22031,26371,Nyctalus leisleri,0.012,0.022,-1,Echolocation,/mnt/ubna_data_02_mir/recover-20220922/UBNA_001/20220921_090000.WAV,Telephone Field,recover-20220922,001,1795
584.6675,584.6802,22031,27096,Nyctalus leisleri,0.013,0.034,-1,Echolocation,/mnt/ubna_data_02_mir/recover-20220922/UBNA_001/20220921_090000.WAV,Telephone Field,recover-20220922,001,1795
584.6725,584.7113,68437,82106,Rhinolophus ferrumequinum,0.021,0.021,-1,Echolocation,/mnt/ubna_data_02_mir/recover-20220922/UBNA_001/20220921_090000.WAV,Telephone Field,recover-20220922,001,1795
584.6805,584.6865,24609,36633,Plecotus austriacus,0.011,0.028,-1,Echolocation,/mnt/ubna_data_02_mir/recover-20220922/UBNA_001/20220921_090000.WAV,Telephone Field,recover-20220922,001,1795
584.6985,584.7106,23750,28688,Nyctalus leisleri,0.011,0.022,-1,Echolocation,/mnt/ubna_data_02_mir/recover-20220922/UBNA_001/20220921_090000.WAV,Telephone Field,recover-20220922,001,1795
584.6995,584.7395,68437,82359,Rhinolophus ferrumequinum,0.027,0.027,-1,Echolocation,/mnt/ubna_data_02_mir/recover-20220922/UBNA_001/20220921_090000.WAV,Telephone Field,recover-20220922,001,1795
584.7175,584.7275,27187,34848,Eptesicus serotinus,0.01,0.023,-1,Echolocation,/mnt/ubna_data_02_mir/recover-20220922/UBNA_001/20220921_090000.WAV,Telephone Field,recover-20220922,001,1795
584.7705,584.8079,68437,82067,Rhinolophus ferrumequinum,0.022,0.022,-1,Echolocation,/mnt/ubna_data_02_mir/recover-20220922/UBNA_001/20220921_090000.WAV,Telephone Field,recover-20220922,001,1795
584.7875,584.7953,28906,38782,Eptesicus serotinus,0.008,0.024,-1,Echolocation,/mnt/ubna_data_02_mir/recover-20220922/UBNA_001/20220921_090000.WAV,Telephone Field,recover-20220922,001,1795
584.8255,584.865,68437,81297,Rhinolophus ferrumequinum,0.027,0.027,-1,Echolocation,/mnt/ubna_data_02_mir/recover-20220922/UBNA_001/20220921_090000.WAV,Telephone Field,recover-20220922,001,1795
584.8285,584.8372,23750,31070,Plecotus austriacus,0.006,0.021,-1,Echolocation,/mnt/ubna_data_02_mir/recover-20220922/UBNA_001/20220921_090000.WAV,Telephone Field,recover-20220922,001,1795
584.8685,584.876,26328,35064,Eptesicus serotinus,0.007,0.021,-1,Echolocation,/mnt/ubna_data_02_mir/recover-20220922/UBNA_001/20220921_090000.WAV,Telephone Field,recover-20220922,001,1795
584.8915,584.927,68437,81389,Rhinolophus ferrumequinum,0.022,0.022,-1,Echolocation,/mnt/ubna_data_02_mir/recover-20220922/UBNA_001/20220921_090000.WAV,Telephone Field,recover-20220922,001,1795
584.8995,584.907,28046,40581,Eptesicus serotinus,0.006,0.021,-1,Echolocation,/mnt/ubna_data_02_mir/recover-20220922/UBNA_001/20220921_090000.WAV,Telephone Field,recover-20220922,001,1795
584.8995,584.9362,68437,81298,Rhinolophus ferrumequinum,0.021,0.021,-1,Echolocation,/mnt/ubna_data_02_mir/recover-20220922/UBNA_001/20220921_090000.WAV,Telephone Field,recover-20220922,001,1795
584.9435,584.956,28906,35224,Eptesicus serotinus,0.02,0.035,-1,Echolocation,/mnt/ubna_data_02_mir/recover-20220922/UBNA_001/20220921_090000.WAV,Telephone Field,recover-20220922,001,1795
584.9475,584.9862,68437,82133,Rhinolophus ferrumequinum,0.022,0.022,-1,Echolocation,/mnt/ubna_data_02_mir/recover-20220922/UBNA_001/20220921_090000.WAV,Telephone Field,recover-20220922,001,1795
584.9555,584.9971,68437,82840,Rhinolophus ferrumequinum,0.024,0.024,-1,Echolocation,/mnt/ubna_data_02_mir/recover-20220922/UBNA_001/20220921_090000.WAV,Telephone Field,recover-20220922,001,1795
584.9695,584.9786,22890,29506,Plecotus austriacus,0.007,0.022,-1,Echolocation,/mnt/ubna_data_02_mir/recover-20220922/UBNA_001/20220921_090000.WAV,Telephone Field,recover-20220922,001,1795
585.0095,585.0485,68437,83182,Rhinolophus ferrumequinum,0.042,0.042,-1,Echolocation,/mnt/ubna_data_02_mir/recover-20220922/UBNA_001/20220921_090000.WAV,Telephone Field,recover-20220922,001,1795
585.0535,585.0642,28906,34981,Eptesicus serotinus,0.013,0.024,-1,Echolocation,/mnt/ubna_data_02_mir/recover-20220922/UBNA_001/20220921_090000.WAV,Telephone Field,recover-20220922,001,1795
585.0595,585.0975,68437,81850,Rhinolophus ferrumequinum,0.021,0.021,-1,Echolocation,/mnt/ubna_data_02_mir/recover-20220922/UBNA_001/20220921_090000.WAV,Telephone Field,recover-20220922,001,1795
585.0825,585.1217,68437,82224,Rhinolophus ferrumequinum,0.022,0.022,-1,Echolocation,/mnt/ubna_data_02_mir/recover-20220922/UBNA_001/20220921_090000.WAV,Telephone Field,recover-20220922,001,1795
585.0855,585.0955,22890,28881,Nyctalus leisleri,0.009,0.021,-1,Echolocation,/mnt/ubna_data_02_mir/recover-20220922/UBNA_001/20220921_090000.WAV,Telephone Field,recover-20220922,001,1795
585.1175,585.1564,68437,81516,Rhinolophus ferrumequinum,0.021,0.021,-1,Echolocation,/mnt/ubna_data_02_mir/recover-20220922/UBNA_001/20220921_090000.WAV,Telephone Field,recover-20220922,001,1795
585.1415,585.185,68437,83058,Rhinolophus ferrumequinum,0.034,0.034,-1,Echolocation,/mnt/ubna_data_02_mir/recover-20220922/UBNA_001/20220921_090000.WAV,Telephone Field,recover-20220922,001,1795
585.1685,585.1788,55546,61486,Pipistrellus pygmaeus,0.022,0.024,-1,Echolocation,/mnt/ubna_data_02_mir/recover-20220922/UBNA_001/20220921_090000.WAV,Telephone Field,recover-20220922,001,1795
585.1685,585.1789,28046,35851,Eptesicus serotinus,0.01,0.022,-1,Echolocation,/mnt/ubna_data_02_mir/recover-20220922/UBNA_001/20220921_090000.WAV,Telephone Field,recover-20220922,001,1795
585.1695,585.2117,68437,82812,Rhinolophus ferrumequinum,0.023,0.023,-1,Echolocation,/mnt/ubna_data_02_mir/recover-20220922/UBNA_001/20220921_090000.WAV,Telephone Field,recover-20220922,001,1795
585.2125,585.2224,28906,36614,Eptesicus serotinus,0.008,0.021,-1,Echolocation,/mnt/ubna_data_02_mir/recover-20220922/UBNA_001/20220921_090000.WAV,Telephone Field,recover-20220922,001,1795
585.2285,585.2654,68437,81771,Rhinolophus ferrumequinum,0.022,0.023,-1,Echolocation,/mnt/ubna_data_02_mir/recover-20220922/UBNA_001/20220921_090000.WAV,Telephone Field,recover-20220922,001,1795
585.2645,585.2799,32343,36403,Pipistrellus nathusii,0.025,0.06,-1,Echolocation,/mnt/ubna_data_02_mir/recover-20220922/UBNA_001/20220921_090000.WAV,Telephone Field,recover-20220922,001,1795
585.2995,585.34,68437,82622,Rhinolophus ferrumequinum,0.031,0.031,-1,Echolocation,/mnt/ubna_data_02_mir/recover-20220922/UBNA_001/20220921_090000.WAV,Telephone Field,recover-20220922,001,1795
585.3005,585.3086,23750,32206,Plecotus austriacus,0.015,0.034,-1,Echolocation,/mnt/ubna_data_02_mir/recover-20220922/UBNA_001/20220921_090000.WAV,Telephone Field,recover-20220922,001,1795
585.3235,585.3656,68437,83391,Rhinolophus ferrumequinum,0.029,0.029,-1,Echolocation,/mnt/ubna_data_02_mir/recover-20220922/UBNA_001/20220921_090000.WAV,Telephone Field,recover-20220922,001,1795
585.3805,585.4191,68437,82248,Rhinolophus ferrumequinum,0.02,0.02,-1,Echolocation,/mnt/ubna_data_02_mir/recover-20220922/UBNA_001/20220921_090000.WAV,Telephone Field,recover-20220922,001,1795
585.3865,585.3973,23750,30215,Nyctalus leisleri,0.01,0.028,-1,Echolocation,/mnt/ubna_data_02_mir/recover-20220922/UBNA_001/20220921_090000.WAV,Telephone Field,recover-20220922,001,1795
585.4075,585.443,68437,81171,Rhinolophus ferrumequinum,0.021,0.022,-1,Echolocation,/mnt/ubna_data_02_mir/recover-20220922/UBNA_001/20220921_090000.WAV,Telephone Field,recover-20220922,001,1795
585.4135,585.4236,23750,30404,Nyctalus leisleri,0.008,0.021,-1,Echolocation,/mnt/ubna_data_02_mir/recover-20220922/UBNA_001/20220921_090000.WAV,Telephone Field,recover-20220922,001,1795
585.4245,585.4595,68437,81091,Rhinolophus ferrumequinum,0.021,0.021,-1,Echolocation,/mnt/ubna_data_02_mir/recover-20220922/UBNA_001/20220921_090000.WAV,Telephone Field,recover-20220922,001,1795
585.4485,585.4866,68437,81489,Rhinolophus ferrumequinum,0.022,0.022,-1,Echolocation,/mnt/ubna_data_02_mir/recover-20220922/UBNA_001/20220921_090000.WAV,Telephone Field,recover-20220922,001,1795
585.4635,585.4754,23750,29922,Nyctalus leisleri,0.01,0.027,-1,Echolocation,/mnt/ubna_data_02_mir/recover-20220922/UBNA_001/20220921_090000.WAV,Telephone Field,recover-20220922,001,1795
585.5085,585.5467,68437,81643,Rhinolophus ferrumequinum,0.02,0.021,-1,Echolocation,/mnt/ubna_data_02_mir/recover-20220922/UBNA_001/20220921_090000.WAV,Telephone Field,recover-20220922,001,1795
585.5215,585.5289,27187,38654,Eptesicus serotinus,0.007,0.021,-1,Echolocation,/mnt/ubna_data_02_mir/recover-20220922/UBNA_001/20220921_090000.WAV,Telephone Field,recover-20220922,001,1795
585.5395,585.5782,68437,81834,Rhinolophus ferrumequinum,0.026,0.026,-1,Echolocation,/mnt/ubna_data_02_mir/recover-20220922/UBNA_001/20220921_090000.WAV,Telephone Field,recover-20220922,001,1795
585.5625,585.6007,68437,82314,Rhinolophus ferrumequinum,0.024,0.024,-1,Echolocation,/mnt/ubna_data_02_mir/recover-20220922/UBNA_001/20220921_090000.WAV,Telephone Field,recover-20220922,001,1795
585.5685,585.577,26328,40138,Eptesicus serotinus,0.01,0.024,-1,Echolocation,/mnt/ubna_data_02_mir/recover-20220922/UBNA_001/20220921_090000.WAV,Telephone Field,recover-20220922,001,1795
585.5745,585.6145,68437,82009,Rhinolophus ferrumequinum,0.021,0.021,-1,Echolocation,/mnt/ubna_data_02_mir/recover-20220922/UBNA_001/20220921_090000.WAV,Telephone Field,recover-20220922,001,1795
585.6065,585.6465,68437,82395,Rhinolophus ferrumequinum,0.025,0.025,-1,Echolocation,/mnt/ubna_data_02_mir/recover-20220922/UBNA_001/20220921_090000.WAV,Telephone Field,recover-20220922,001,1795
585.6385,585.6477,25468,33624,Eptesicus serotinus,0.008,0.021,-1,Echolocation,/mnt/ubna_data_02_mir/recover-20220922/UBNA_001/20220921_090000.WAV,Telephone Field,recover-20220922,001,1795
585.6445,585.6833,68437,82506,Rhinolophus ferrumequinum,0.023,0.023,-1,Echolocation,/mnt/ubna_data_02_mir/recover-20220922/UBNA_001/20220921_090000.WAV,Telephone Field,recover-20220922,001,1795
585.6795,585.7168,68437,81752,Rhinolophus ferrumequinum,0.024,0.024,-1,Echolocation,/mnt/ubna_data_02_mir/recover-20220922/UBNA_001/20220921_090000.WAV,Telephone Field,recover-20220922,001,1795
585.6885,585.695,28046,48757,Eptesicus serotinus,0.006,0.021,-1,Echolocation,/mnt/ubna_data_02_mir/recover-20220922/UBNA_001/20220921_090000.WAV,Telephone Field,recover-20220922,001,1795
585.7085,585.7491,68437,82387,Rhinolophus ferrumequinum,0.023,0.023,-1,Echolocation,/mnt/ubna_data_02_mir/recover-20220922/UBNA_001/20220921_090000.WAV,Telephone Field,recover-20220922,001,1795
585.7205,585.7315,22031,26656,Nyctalus leisleri,0.011,0.023,-1,Echolocation,/mnt/ubna_data_02_mir/recover-20220922/UBNA_001/20220921_090000.WAV,Telephone Field,recover-20220922,001,1795
585.7315,585.7496,18593,21542,Nyctalus leisleri,0.01,0.021,-1,Echolocation,/mnt/ubna_data_02_mir/recover-20220922/UBNA_001/20220921_090000.WAV,Telephone Field,recover-20220922,001,1795
585.7455,585.7536,28906,37026,Eptesicus serotinus,0.007,0.022,-1,Echolocation,/mnt/ubna_data_02_mir/recover-20220922/UBNA_001/20220921_090000.WAV,Telephone Field,recover-20220922,001,1795
585.7585,585.794,68437,81755,Rhinolophus ferrumequinum,0.021,0.021,-1,Echolocation,/mnt/ubna_data_02_mir/recover-20220922/UBNA_001/20220921_090000.WAV,Telephone Field,recover-20220922,001,1795
585.7715,585.8096,68437,82060,Rhinolophus ferrumequinum,0.021,0.021,-1,Echolocation,/mnt/ubna_data_02_mir/recover-20220922/UBNA_001/20220921_090000.WAV,Telephone Field,recover-20220922,001,1795
585.7735,585.7831,28906,37486,Eptesicus serotinus,0.01,0.026,-1,Echolocation,/mnt/ubna_data_02_mir/recover-20220922/UBNA_001/20220921_090000.WAV,Telephone Field,recover-20220922,001,1795
585.8125,585.8225,22890,28254,Nyctalus leisleri,0.009,0.02,-1,Echolocation,/mnt/ubna_data_02_mir/recover-20220922/UBNA_001/20220921_090000.WAV,Telephone Field,recover-20220922,001,1795
585.8565,585.8666,22890,28716,Nyctalus leisleri,0.008,0.021,-1,Echolocation,/mnt/ubna_data_02_mir/recover-20220922/UBNA_001/20220921_090000.WAV,Telephone Field,recover-20220922,001,1795
585.8575,585.9011,68437,83097,Rhinolophus ferrumequinum,0.025,0.025,-1,Echolocation,/mnt/ubna_data_02_mir/recover-20220922/UBNA_001/20220921_090000.WAV,Telephone Field,recover-20220922,001,1795
585.8675,585.9111,68437,83256,Rhinolophus ferrumequinum,0.031,0.031,-1,Echolocation,/mnt/ubna_data_02_mir/recover-20220922/UBNA_001/20220921_090000.WAV,Telephone Field,recover-20220922,001,1795
585.8865,585.8951,28046,39124,Eptesicus serotinus,0.008,0.021,-1,Echolocation,/mnt/ubna_data_02_mir/recover-20220922/UBNA_001/20220921_090000.WAV,Telephone Field,recover-20220922,001,1795
585.9115,585.9511,68437,81710,Rhinolophus ferrumequinum,0.023,0.023,-1,Echolocation,/mnt/ubna_data_02_mir/recover-20220922/UBNA_001/20220921_090000.WAV,Telephone Field,recover-20220922,001,1795
585.9215,585.9606,68437,81797,Rhinolophus ferrumequinum,0.022,0.022,-1,Echolocation,/mnt/ubna_data_02_mir/recover-20220922/UBNA_001/20220921_090000.WAV,Telephone Field,recover-20220922,001,1795
585.9415,585.9777,68437,81415,Rhinolophus ferrumequinum,0.024,0.024,-1,Echolocation,/mnt/ubna_data_02_mir/recover-20220922/UBNA_001/20220921_090000.WAV,Telephone Field,recover-20220922,001,1795
585.9615,585.9999,68437,81371,Rhinolophus ferrumequinum,0.021,0.021,-1,Echolocation,/mnt/ubna_data_02_mir/recover-20220922/UBNA_001/20220921_090000.WAV,Telephone Field,recover-20220922,001,1795
586.0015,586.0333,68437,79898,Rhinolophus ferrumequinum,0.044,0.045,-1,Echolocation,/mnt/ubna_data_02_mir/recover-20220922/UBNA_001/20220921_090000.WAV,Telephone Field,recover-20220922,001,1795
586.0015,586.0078,47812,54228,Pipistrellus pipistrellus,0.02,0.025,-1,Echolocation,/mnt/ubna_data_02_mir/recover-20220922/UBNA_001/20220921_090000.WAV,Telephone Field,recover-20220922,001,1795
586.0015,586.0110999999999,22031,28795,Nyctalus leisleri,0.01,0.027,-1,Echolocation,/mnt/ubna_data_02_mir/recover-20220922/UBNA_001/20220921_090000.WAV,Telephone Field,recover-20220922,001,1795
586.0015,586.0105,26328,35851,Nyctalus leisleri,0.008,0.029,-1,Echolocation,/mnt/ubna_data_02_mir/recover-20220922/UBNA_001/20220921_090000.WAV,Telephone Field,recover-20220922,001,1795
586.0315,586.0693,68437,82000,Rhinolophus ferrumequinum,0.022,0.022,-1,Echolocation,/mnt/ubna_data_02_mir/recover-20220922/UBNA_001/20220921_090000.WAV,Telephone Field,recover-20220922,001,1795
586.0365,586.0448,27187,38349,Eptesicus serotinus,0.008,0.022,-1,Echolocation,/mnt/ubna_data_02_mir/recover-20220922/UBNA_001/20220921_090000.WAV,Telephone Field,recover-20220922,001,1795
586.0505,586.0577,27187,38033,Eptesicus serotinus,0.007,0.022,-1,Echolocation,/mnt/ubna_data_02_mir/recover-20220922/UBNA_001/20220921_090000.WAV,Telephone Field,recover-20220922,001,1795
586.0515,586.0916,68437,82221,Rhinolophus ferrumequinum,0.021,0.022,-1,Echolocation,/mnt/ubna_data_02_mir/recover-20220922/UBNA_001/20220921_090000.WAV,Telephone Field,recover-20220922,001,1795
586.1115,586.151,68437,81592,Rhinolophus ferrumequinum,0.023,0.023,-1,Echolocation,/mnt/ubna_data_02_mir/recover-20220922/UBNA_001/20220921_090000.WAV,Telephone Field,recover-20220922,001,1795
586.1395,586.1506,22890,28124,Nyctalus leisleri,0.011,0.023,-1,Echolocation,/mnt/ubna_data_02_mir/recover-20220922/UBNA_001/20220921_090000.WAV,Telephone Field,recover-20220922,001,1795
586.1525,586.159,28046,40002,Eptesicus serotinus,0.006,0.026,-1,Echolocation,/mnt/ubna_data_02_mir/recover-20220922/UBNA_001/20220921_090000.WAV,Telephone Field,recover-20220922,001,1795
586.1645,586.1745,22890,29003,Nyctalus leisleri,0.01,0.025,-1,Echolocation,/mnt/ubna_data_02_mir/recover-20220922/UBNA_001/20220921_090000.WAV,Telephone Field,recover-20220922,001,1795
586.1935,586.2348,68437,82761,Rhinolophus ferrumequinum,0.032,0.032,-1,Echolocation,/mnt/ubna_data_02_mir/recover-20220922/UBNA_001/20220921_090000.WAV,Telephone Field,recover-20220922,001,1795
586.2185,586.2589,68437,82151,Rhinolophus ferrumequinum,0.022,0.022,-1,Echolocation,/mnt/ubna_data_02_mir/recover-20220922/UBNA_001/20220921_090000.WAV,Telephone Field,recover-20220922,001,1795
586.2305,586.2398,24609,32439,Eptesicus serotinus,0.008,0.023,-1,Echolocation,/mnt/ubna_data_02_mir/recover-20220922/UBNA_001/20220921_090000.WAV,Telephone Field,recover-20220922,001,1795
586.2385,586.2782,68437,82428,Rhinolophus ferrumequinum,0.023,0.023,-1,Echolocation,/mnt/ubna_data_02_mir/recover-20220922/UBNA_001/20220921_090000.WAV,Telephone Field,recover-20220922,001,1795
586.2755,586.3124,68437,81436,Rhinolophus ferrumequinum,0.025,0.025,-1,Echolocation,/mnt/ubna_data_02_mir/recover-20220922/UBNA_001/20220921_090000.WAV,Telephone Field,recover-20220922,001,1795
586.2875,586.3277,68437,82480,Rhinolophus ferrumequinum,0.028,0.028,-1,Echolocation,/mnt/ubna_data_02_mir/recover-20220922/UBNA_001/20220921_090000.WAV,Telephone Field,recover-20220922,001,1795
586.3345,586.3724,68437,82144,Rhinolophus ferrumequinum,0.022,0.022,-1,Echolocation,/mnt/ubna_data_02_mir/recover-20220922/UBNA_001/20220921_090000.WAV,Telephone Field,recover-20220922,001,1795
586.3365,586.3433,25468,34600,Plecotus austriacus,0.007,0.024,-1,Echolocation,/mnt/ubna_data_02_mir/recover-20220922/UBNA_001/20220921_090000.WAV,Telephone Field,recover-20220922,001,1795
586.3675,586.4109,68437,83485,Rhinolophus ferrumequinum,0.034,0.034,-1,Echolocation,/mnt/ubna_data_02_mir/recover-20220922/UBNA_001/20220921_090000.WAV,Telephone Field,recover-20220922,001,1795
586.3775,586.3981,19453,22055,Nyctalus leisleri,0.022,0.042,-1,Echolocation,/mnt/ubna_data_02_mir/recover-20220922/UBNA_001/20220921_090000.WAV,Telephone Field,recover-20220922,001,1795
586.3995,586.4394,68437,81932,Rhinolophus ferrumequinum,0.022,0.022,-1,Echolocation,/mnt/ubna_data_02_mir/recover-20220922/UBNA_001/20220921_090000.WAV,Telephone Field,recover-20220922,001,1795
586.4075,586.4478,68437,82200,Rhinolophus ferrumequinum,0.022,0.022,-1,Echolocation,/mnt/ubna_data_02_mir/recover-20220922/UBNA_001/20220921_090000.WAV,Telephone Field,recover-20220922,001,1795
586.4485,586.4853,68437,82080,Rhinolophus ferrumequinum,0.021,0.021,-1,Echolocation,/mnt/ubna_data_02_mir/recover-20220922/UBNA_001/20220921_090000.WAV,Telephone Field,recover-20220922,001,1795
586.4775,586.5174,68437,82743,Rhinolophus ferrumequinum,0.026,0.026,-1,Echolocation,/mnt/ubna_data_02_mir/recover-20220922/UBNA_001/20220921_090000.WAV,Telephone Field,recover-20220922,001,1795
586.4875,586.4985,23750,29231,Nyctalus leisleri,0.009,0.021,-1,Echolocation,/mnt/ubna_data_02_mir/recover-20220922/UBNA_001/20220921_090000.WAV,Telephone Field,recover-20220922,001,1795
586.5805,586.6141,68437,81272,Rhinolophus ferrumequinum,0.022,0.022,-1,Echolocation,/mnt/ubna_data_02_mir/recover-20220922/UBNA_001/20220921_090000.WAV,Telephone Field,recover-20220922,001,1795
586.6075,586.6148,28046,39106,Eptesicus serotinus,0.006,0.021,-1,Echolocation,/mnt/ubna_data_02_mir/recover-20220922/UBNA_001/20220921_090000.WAV,Telephone Field,recover-20220922,001,1795
586.6245,586.6355,38359,41851,Barbastellus barbastellus,0.006,0.023,-1,Echolocation,/mnt/ubna_data_02_mir/recover-20220922/UBNA_001/20220921_090000.WAV,Telephone Field,recover-20220922,001,1795
586.6275,586.6658,68437,82198,Rhinolophus ferrumequinum,0.021,0.021,-1,Echolocation,/mnt/ubna_data_02_mir/recover-20220922/UBNA_001/20220921_090000.WAV,Telephone Field,recover-20220922,001,1795
586.6505,586.6608,28046,36258,Eptesicus serotinus,0.01,0.023,-1,Echolocation,/mnt/ubna_data_02_mir/recover-20220922/UBNA_001/20220921_090000.WAV,Telephone Field,recover-20220922,001,1795
586.6595,586.6684,28906,35636,Eptesicus serotinus,0.009,0.025,-1,Echolocation,/mnt/ubna_data_02_mir/recover-20220922/UBNA_001/20220921_090000.WAV,Telephone Field,recover-20220922,001,1795
586.7255,586.7642,68437,82266,Rhinolophus ferrumequinum,0.025,0.025,-1,Echolocation,/mnt/ubna_data_02_mir/recover-20220922/UBNA_001/20220921_090000.WAV,Telephone Field,recover-20220922,001,1795
586.7415,586.7801,68437,82430,Rhinolophus ferrumequinum,0.028,0.028,-1,Echolocation,/mnt/ubna_data_02_mir/recover-20220922/UBNA_001/20220921_090000.WAV,Telephone Field,recover-20220922,001,1795
586.7875,586.8246,68437,81661,Rhinolophus ferrumequinum,0.021,0.021,-1,Echolocation,/mnt/ubna_data_02_mir/recover-20220922/UBNA_001/20220921_090000.WAV,Telephone Field,recover-20220922,001,1795
586.7935,586.804,23750,29637,Nyctalus leisleri,0.009,0.023,-1,Echolocation,/mnt/ubna_data_02_mir/recover-20220922/UBNA_001/20220921_090000.WAV,Telephone Field,recover-20220922,001,1795
586.8315,586.8722,68437,82357,Rhinolophus ferrumequinum,0.025,0.025,-1,Echolocation,/mnt/ubna_data_02_mir/recover-20220922/UBNA_001/20220921_090000.WAV,Telephone Field,recover-20220922,001,1795
586.8355,586.8433,23750,33630,Plecotus austriacus,0.016,0.036,-1,Echolocation,/mnt/ubna_data_02_mir/recover-20220922/UBNA_001/20220921_090000.WAV,Telephone Field,recover-20220922,001,1795
586.8535,586.8939,68437,82383,Rhinolophus ferrumequinum,0.026,0.026,-1,Echolocation,/mnt/ubna_data_02_mir/recover-20220922/UBNA_001/20220921_090000.WAV,Telephone Field,recover-20220922,001,1795
586.8725,586.9088,68437,81919,Rhinolophus ferrumequinum,0.021,0.021,-1,Echolocation,/mnt/ubna_data_02_mir/recover-20220922/UBNA_001/20220921_090000.WAV,Telephone Field,recover-20220922,001,1795
586.8745,586.8851,23750,29126,Nyctalus leisleri,0.009,0.024,-1,Echolocation,/mnt/ubna_data_02_mir/recover-20220922/UBNA_001/20220921_090000.WAV,Telephone Field,recover-20220922,001,1795
586.8975,586.9377,68437,82288,Rhinolophus ferrumequinum,0.022,0.022,-1,Echolocation,/mnt/ubna_data_02_mir/recover-20220922/UBNA_001/20220921_090000.WAV,Telephone Field,recover-20220922,001,1795
586.9335,586.9726,68437,82607,Rhinolophus ferrumequinum,0.022,0.022,-1,Echolocation,/mnt/ubna_data_02_mir/recover-20220922/UBNA_001/20220921_090000.WAV,Telephone Field,recover-20220922,001,1795
586.9355,586.9444,24609,31999,Nyctalus leisleri,0.01,0.032,-1,Echolocation,/mnt/ubna_data_02_mir/recover-20220922/UBNA_001/20220921_090000.WAV,Telephone Field,recover-20220922,001,1795
586.9785,587.0172,68437,82424,Rhinolophus ferrumequinum,0.022,0.022,-1,Echolocation,/mnt/ubna_data_02_mir/recover-20220922/UBNA_001/20220921_090000.WAV,Telephone Field,recover-20220922,001,1795
586.9905,587.0288,68437,82022,Rhinolophus ferrumequinum,0.022,0.022,-1,Echolocation,/mnt/ubna_data_02_mir/recover-20220922/UBNA_001/20220921_090000.WAV,Telephone Field,recover-20220922,001,1795
587.0065,587.0435,68437,81621,Rhinolophus ferrumequinum,0.022,0.022,-1,Echolocation,/mnt/ubna_data_02_mir/recover-20220922/UBNA_001/20220921_090000.WAV,Telephone Field,recover-20220922,001,1795
587.0295,587.0683,68437,81916,Rhinolophus ferrumequinum,0.022,0.022,-1,Echolocation,/mnt/ubna_data_02_mir/recover-20220922/UBNA_001/20220921_090000.WAV,Telephone Field,recover-20220922,001,1795
587.0355,587.0449,28046,39164,Eptesicus serotinus,0.011,0.027,-1,Echolocation,/mnt/ubna_data_02_mir/recover-20220922/UBNA_001/20220921_090000.WAV,Telephone Field,recover-20220922,001,1795
587.0375,587.0734,68437,80975,Rhinolophus ferrumequinum,0.024,0.024,-1,Echolocation,/mnt/ubna_data_02_mir/recover-20220922/UBNA_001/20220921_090000.WAV,Telephone Field,recover-20220922,001,1795
587.0495,587.0578,27187,37542,Eptesicus serotinus,0.007,0.021,-1,Echolocation,/mnt/ubna_data_02_mir/recover-20220922/UBNA_001/20220921_090000.WAV,Telephone Field,recover-20220922,001,1795
587.0595,587.0682,51250,55960,Pipistrellus pipistrellus,0.018,0.022,-1,Echolocation,/mnt/ubna_data_02_mir/recover-20220922/UBNA_001/20220921_090000.WAV,Telephone Field,recover-20220922,001,1795
587.0605,587.0982,68437,82020,Rhinolophus ferrumequinum,0.023,0.023,-1,Echolocation,/mnt/ubna_data_02_mir/recover-20220922/UBNA_001/20220921_090000.WAV,Telephone Field,recover-20220922,001,1795
587.0775,587.0902,22890,28176,Nyctalus leisleri,0.017,0.036,-1,Echolocation,/mnt/ubna_data_02_mir/recover-20220922/UBNA_001/20220921_090000.WAV,Telephone Field,recover-20220922,001,1795
587.0845,587.1262,68437,82568,Rhinolophus ferrumequinum,0.025,0.025,-1,Echolocation,/mnt/ubna_data_02_mir/recover-20220922/UBNA_001/20220921_090000.WAV,Telephone Field,recover-20220922,001,1795
587.1105,587.1505,68437,82567,Rhinolophus ferrumequinum,0.027,0.028,-1,Echolocation,/mnt/ubna_data_02_mir/recover-20220922/UBNA_001/20220921_090000.WAV,Telephone Field,recover-20220922,001,1795
587.1185,587.1251,28046,39024,Eptesicus serotinus,0.007,0.023,-1,Echolocation,/mnt/ubna_data_02_mir/recover-20220922/UBNA_001/20220921_090000.WAV,Telephone Field,recover-20220922,001,1795
587.1275,587.1685,68437,83004,Rhinolophus ferrumequinum,0.025,0.025,-1,Echolocation,/mnt/ubna_data_02_mir/recover-20220922/UBNA_001/20220921_090000.WAV,Telephone Field,recover-20220922,001,1795
587.1545,587.1612,28046,38553,Eptesicus serotinus,0.007,0.025,-1,Echolocation,/mnt/ubna_data_02_mir/recover-20220922/UBNA_001/20220921_090000.WAV,Telephone Field,recover-20220922,001,1795
587.1715,587.1817,22031,27014,Nyctalus leisleri,0.011,0.025,-1,Echolocation,/mnt/ubna_data_02_mir/recover-20220922/UBNA_001/20220921_090000.WAV,Telephone Field,recover-20220922,001,1795
587.1875,587.1961,28046,38032,Eptesicus serotinus,0.007,0.021,-1,Echolocation,/mnt/ubna_data_02_mir/recover-20220922/UBNA_001/20220921_090000.WAV,Telephone Field,recover-20220922,001,1795
587.2365,587.2478,28906,36999,Eptesicus serotinus,0.013,0.026,-1,Echolocation,/mnt/ubna_data_02_mir/recover-20220922/UBNA_001/20220921_090000.WAV,Telephone Field,recover-20220922,001,1795
587.2535,587.2641,28906,37253,Eptesicus serotinus,0.017,0.033,-1,Echolocation,/mnt/ubna_data_02_mir/recover-20220922/UBNA_001/20220921_090000.WAV,Telephone Field,recover-20220922,001,1795
587.2915,587.332,68437,82861,Rhinolophus ferrumequinum,0.027,0.027,-1,Echolocation,/mnt/ubna_data_02_mir/recover-20220922/UBNA_001/20220921_090000.WAV,Telephone Field,recover-20220922,001,1795
587.3015,587.341,68437,82369,Rhinolophus ferrumequinum,0.025,0.025,-1,Echolocation,/mnt/ubna_data_02_mir/recover-20220922/UBNA_001/20220921_090000.WAV,Telephone Field,recover-20220922,001,1795
587.3085,587.3491,68437,82824,Rhinolophus ferrumequinum,0.025,0.025,-1,Echolocation,/mnt/ubna_data_02_mir/recover-20220922/UBNA_001/20220921_090000.WAV,Telephone Field,recover-20220922,001,1795
587.3445,587.3542,28046,35958,Eptesicus serotinus,0.013,0.026,-1,Echolocation,/mnt/ubna_data_02_mir/recover-20220922/UBNA_001/20220921_090000.WAV,Telephone Field,recover-20220922,001,1795
587.3625,587.4006,68437,82094,Rhinolophus ferrumequinum,0.022,0.022,-1,Echolocation,/mnt/ubna_data_02_mir/recover-20220922/UBNA_001/20220921_090000.WAV,Telephone Field,recover-20220922,001,1795
587.3745,587.387,22890,27589,Nyctalus leisleri,0.016,0.028,-1,Echolocation,/mnt/ubna_data_02_mir/recover-20220922/UBNA_001/20220921_090000.WAV,Telephone Field,recover-20220922,001,1795
587.3775,587.3856,28046,38181,Eptesicus serotinus,0.007,0.022,-1,Echolocation,/mnt/ubna_data_02_mir/recover-20220922/UBNA_001/20220921_090000.WAV,Telephone Field,recover-20220922,001,1795
587.3975,587.4419,68437,83421,Rhinolophus ferrumequinum,0.048,0.048,-1,Echolocation,/mnt/ubna_data_02_mir/recover-20220922/UBNA_001/20220921_090000.WAV,Telephone Field,recover-20220922,001,1795
587.4195,587.4276,28046,37392,Eptesicus serotinus,0.008,0.023,-1,Echolocation,/mnt/ubna_data_02_mir/recover-20220922/UBNA_001/20220921_090000.WAV,Telephone Field,recover-20220922,001,1795
587.4285,587.4677,68437,82388,Rhinolophus ferrumequinum,0.024,0.024,-1,Echolocation,/mnt/ubna_data_02_mir/recover-20220922/UBNA_001/20220921_090000.WAV,Telephone Field,recover-20220922,001,1795
587.4455,587.485,68437,82639,Rhinolophus ferrumequinum,0.027,0.027,-1,Echolocation,/mnt/ubna_data_02_mir/recover-20220922/UBNA_001/20220921_090000.WAV,Telephone Field,recover-20220922,001,1795
587.4555,587.463,28046,40541,Eptesicus serotinus,0.007,0.023,-1,Echolocation,/mnt/ubna_data_02_mir/recover-20220922/UBNA_001/20220921_090000.WAV,Telephone Field,recover-20220922,001,1795
587.4865,587.5309,68437,83261,Rhinolophus ferrumequinum,0.037,0.037,-1,Echolocation,/mnt/ubna_data_02_mir/recover-20220922/UBNA_001/20220921_090000.WAV,Telephone Field,recover-20220922,001,1795
587.4885,587.4952,28046,38619,Eptesicus serotinus,0.005,0.022,-1,Echolocation,/mnt/ubna_data_02_mir/recover-20220922/UBNA_001/20220921_090000.WAV,Telephone Field,recover-20220922,001,1795
587.5165,587.5545,68437,81732,Rhinolophus ferrumequinum,0.022,0.022,-1,Echolocation,/mnt/ubna_data_02_mir/recover-20220922/UBNA_001/20220921_090000.WAV,Telephone Field,recover-20220922,001,1795
587.5395,587.5455,28046,42315,Eptesicus serotinus,0.005,0.025,-1,Echolocation,/mnt/ubna_data_02_mir/recover-20220922/UBNA_001/20220921_090000.WAV,Telephone Field,recover-20220922,001,1795
587.5455,587.5829,68437,81953,Rhinolophus ferrumequinum,0.022,0.022,-1,Echolocation,/mnt/ubna_data_02_mir/recover-20220922/UBNA_001/20220921_090000.WAV,Telephone Field,recover-20220922,001,1795
587.5655,587.6014,68437,81538,Rhinolophus ferrumequinum,0.022,0.022,-1,Echolocation,/mnt/ubna_data_02_mir/recover-20220922/UBNA_001/20220921_090000.WAV,Telephone Field,recover-20220922,001,1795
587.5675,587.577,27187,35018,Eptesicus serotinus,0.013,0.032,-1,Echolocation,/mnt/ubna_data_02_mir/recover-20220922/UBNA_001/20220921_090000.WAV,Telephone Field,recover-20220922,001,1795
587.5825,587.6216,68437,82079,Rhinolophus ferrumequinum,0.027,0.027,-1,Echolocation,/mnt/ubna_data_02_mir/recover-20220922/UBNA_001/20220921_090000.WAV,Telephone Field,recover-20220922,001,1795
587.5885,587.5957,28046,39424,Eptesicus serotinus,0.007,0.026,-1,Echolocation,/mnt/ubna_data_02_mir/recover-20220922/UBNA_001/20220921_090000.WAV,Telephone Field,recover-20220922,001,1795
587.6195,587.6626,68437,83278,Rhinolophus ferrumequinum,0.04,0.04,-1,Echolocation,/mnt/ubna_data_02_mir/recover-20220922/UBNA_001/20220921_090000.WAV,Telephone Field,recover-20220922,001,1795
587.6475,587.6551,27187,39487,Eptesicus serotinus,0.009,0.028,-1,Echolocation,/mnt/ubna_data_02_mir/recover-20220922/UBNA_001/20220921_090000.WAV,Telephone Field,recover-20220922,001,1795
587.6485,587.6854,68437,82157,Rhinolophus ferrumequinum,0.022,0.022,-1,Echolocation,/mnt/ubna_data_02_mir/recover-20220922/UBNA_001/20220921_090000.WAV,Telephone Field,recover-20220922,001,1795
587.6605,587.6664,34062,44348,Myotis daubentonii,0.01,0.025,-1,Echolocation,/mnt/ubna_data_02_mir/recover-20220922/UBNA_001/20220921_090000.WAV,Telephone Field,recover-20220922,001,1795
587.6695,587.7071,68437,81583,Rhinolophus ferrumequinum,0.022,0.022,-1,Echolocation,/mnt/ubna_data_02_mir/recover-20220922/UBNA_001/20220921_090000.WAV,Telephone Field,recover-20220922,001,1795
587.6865,587.7298,68437,83546,Rhinolophus ferrumequinum,0.04,0.04,-1,Echolocation,/mnt/ubna_data_02_mir/recover-20220922/UBNA_001/20220921_090000.WAV,Telephone Field,recover-20220922,001,1795
587.7145,587.7562,68437,82917,Rhinolophus ferrumequinum,0.029,0.029,-1,Echolocation,/mnt/ubna_data_02_mir/recover-20220922/UBNA_001/20220921_090000.WAV,Telephone Field,recover-20220922,001,1795
587.7425,587.7811,68437,81606,Rhinolophus ferrumequinum,0.022,0.022,-1,Echolocation,/mnt/ubna_data_02_mir/recover-20220922/UBNA_001/20220921_090000.WAV,Telephone Field,recover-20220922,001,1795
587.7585,587.7988,68437,82339,Rhinolophus ferrumequinum,0.022,0.022,-1,Echolocation,/mnt/ubna_data_02_mir/recover-20220922/UBNA_001/20220921_090000.WAV,Telephone Field,recover-20220922,001,1795
587.8115,587.8516,68437,82510,Rhinolophus ferrumequinum,0.027,0.027,-1,Echolocation,/mnt/ubna_data_02_mir/recover-20220922/UBNA_001/20220921_090000.WAV,Telephone Field,recover-20220922,001,1795
587.8135,587.8318,19453,22817,Nyctalus noctula,0.012,0.026,-1,Echolocation,/mnt/ubna_data_02_mir/recover-20220922/UBNA_001/20220921_090000.WAV,Telephone Field,recover-20220922,001,1795
587.8555,587.8636,28046,40175,Eptesicus serotinus,0.008,0.025,-1,Echolocation,/mnt/ubna_data_02_mir/recover-20220922/UBNA_001/20220921_090000.WAV,Telephone Field,recover-20220922,001,1795
587.8685,587.9085,68437,81281,Rhinolophus ferrumequinum,0.033,0.033,-1,Echolocation,/mnt/ubna_data_02_mir/recover-20220922/UBNA_001/20220921_090000.WAV,Telephone Field,recover-20220922,001,1795
587.8865,587.8972,14296,21201,Nyctalus noctula,0.011,0.022,-1,Echolocation,/mnt/ubna_data_02_mir/recover-20220922/UBNA_001/20220921_090000.WAV,Telephone Field,recover-20220922,001,1795
587.8965,587.9165,18593,21796,Nyctalus noctula,0.024,0.04,-1,Echolocation,/mnt/ubna_data_02_mir/recover-20220922/UBNA_001/20220921_090000.WAV,Telephone Field,recover-20220922,001,1795
587.9035,587.9406,68437,81922,Rhinolophus ferrumequinum,0.022,0.022,-1,Echolocation,/mnt/ubna_data_02_mir/recover-20220922/UBNA_001/20220921_090000.WAV,Telephone Field,recover-20220922,001,1795
587.9125,587.9206,27187,37697,Eptesicus serotinus,0.008,0.023,-1,Echolocation,/mnt/ubna_data_02_mir/recover-20220922/UBNA_001/20220921_090000.WAV,Telephone Field,recover-20220922,001,1795
587.9135,587.9536,68437,82012,Rhinolophus ferrumequinum,0.023,0.023,-1,Echolocation,/mnt/ubna_data_02_mir/recover-20220922/UBNA_001/20220921_090000.WAV,Telephone Field,recover-20220922,001,1795
587.9305,587.9672,68437,82519,Rhinolophus ferrumequinum,0.025,0.025,-1,Echolocation,/mnt/ubna_data_02_mir/recover-20220922/UBNA_001/20220921_090000.WAV,Telephone Field,recover-20220922,001,1795
587.9605,587.9978,68437,81804,Rhinolophus ferrumequinum,0.024,0.024,-1,Echolocation,/mnt/ubna_data_02_mir/recover-20220922/UBNA_001/20220921_090000.WAV,Telephone Field,recover-20220922,001,1795
587.9895,587.9993,28046,38955,Eptesicus serotinus,0.01,0.025,-1,Echolocation,/mnt/ubna_data_02_mir/recover-20220922/UBNA_001/20220921_090000.WAV,Telephone Field,recover-20220922,001,1795
588.0015,588.0124,30625,36627,Eptesicus serotinus,0.017,0.048,-1,Echolocation,/mnt/ubna_data_02_mir/recover-20220922/UBNA_001/20220921_090000.WAV,Telephone Field,recover-20220922,001,1795
588.0015,588.0309,69296,81125,Rhinolophus ferrumequinum,0.027,0.027,-1,Echolocation,/mnt/ubna_data_02_mir/recover-20220922/UBNA_001/20220921_090000.WAV,Telephone Field,recover-20220922,001,1795
588.0015,588.0137,19453,24198,Nyctalus leisleri,0.012,0.029,-1,Echolocation,/mnt/ubna_data_02_mir/recover-20220922/UBNA_001/20220921_090000.WAV,Telephone Field,recover-20220922,001,1795
588.0015,588.0101,46093,50471,Pipistrellus pipistrellus,0.023,0.029,-1,Echolocation,/mnt/ubna_data_02_mir/recover-20220922/UBNA_001/20220921_090000.WAV,Telephone Field,recover-20220922,001,1795
588.0145,588.0572,68437,83240,Rhinolophus ferrumequinum,0.027,0.027,-1,Echolocation,/mnt/ubna_data_02_mir/recover-20220922/UBNA_001/20220921_090000.WAV,Telephone Field,recover-20220922,001,1795
588.0515,588.0598,27187,40420,Eptesicus serotinus,0.01,0.027,-1,Echolocation,/mnt/ubna_data_02_mir/recover-20220922/UBNA_001/20220921_090000.WAV,Telephone Field,recover-20220922,001,1795
588.0525,588.0629,47812,53856,Pipistrellus pipistrellus,0.034,0.038,-1,Echolocation,/mnt/ubna_data_02_mir/recover-20220922/UBNA_001/20220921_090000.WAV,Telephone Field,recover-20220922,001,1795
588.0805,588.1194,68437,82158,Rhinolophus ferrumequinum,0.021,0.022,-1,Echolocation,/mnt/ubna_data_02_mir/recover-20220922/UBNA_001/20220921_090000.WAV,Telephone Field,recover-20220922,001,1795
588.1255,588.1686,68437,83280,Rhinolophus ferrumequinum,0.027,0.027,-1,Echolocation,/mnt/ubna_data_02_mir/recover-20220922/UBNA_001/20220921_090000.WAV,Telephone Field,recover-20220922,001,1795
588.1505,588.16,26328,33321,Eptesicus serotinus,0.025,0.049,-1,Echolocation,/mnt/ubna_data_02_mir/recover-20220922/UBNA_001/20220921_090000.WAV,Telephone Field,recover-20220922,001,1795
588.2335,588.2723,68437,82011,Rhinolophus ferrumequinum,0.023,0.023,-1,Echolocation,/mnt/ubna_data_02_mir/recover-20220922/UBNA_001/20220921_090000.WAV,Telephone Field,recover-20220922,001,1795
588.2675,588.3092,68437,83066,Rhinolophus ferrumequinum,0.027,0.027,-1,Echolocation,/mnt/ubna_data_02_mir/recover-20220922/UBNA_001/20220921_090000.WAV,Telephone Field,recover-20220922,001,1795
588.2795,588.2899,22890,28683,Nyctalus leisleri,0.011,0.027,-1,Echolocation,/mnt/ubna_data_02_mir/recover-20220922/UBNA_001/20220921_090000.WAV,Telephone Field,recover-20220922,001,1795
588.2975,588.3358,68437,81928,Rhinolophus ferrumequinum,0.025,0.025,-1,Echolocation,/mnt/ubna_data_02_mir/recover-20220922/UBNA_001/20220921_090000.WAV,Telephone Field,recover-20220922,001,1795
588.3055,588.3117,27187,41815,Eptesicus serotinus,0.006,0.024,-1,Echolocation,/mnt/ubna_data_02_mir/recover-20220922/UBNA_001/20220921_090000.WAV,Telephone Field,recover-20220922,001,1795
588.3165,588.3543,68437,82229,Rhinolophus ferrumequinum,0.027,0.027,-1,Echolocation,/mnt/ubna_data_02_mir/recover-20220922/UBNA_001/20220921_090000.WAV,Telephone Field,recover-20220922,001,1795
588.3185,588.3293,22890,28581,Nyctalus leisleri,0.009,0.022,-1,Echolocation,/mnt/ubna_data_02_mir/recover-20220922/UBNA_001/20220921_090000.WAV,Telephone Field,recover-20220922,001,1795
588.3335,588.3416,47812,52479,Pipistrellus pipistrellus,0.04,0.044,-1,Echolocation,/mnt/ubna_data_02_mir/recover-20220922/UBNA_001/20220921_090000.WAV,Telephone Field,recover-20220922,001,1795
588.4195,588.4286,28046,36066,Eptesicus serotinus,0.021,0.04,-1,Echolocation,/mnt/ubna_data_02_mir/recover-20220922/UBNA_001/20220921_090000.WAV,Telephone Field,recover-20220922,001,1795
588.4545,588.462,27187,39545,Eptesicus serotinus,0.009,0.027,-1,Echolocation,/mnt/ubna_data_02_mir/recover-20220922/UBNA_001/20220921_090000.WAV,Telephone Field,recover-20220922,001,1795
588.4585,588.5029,68437,83724,Rhinolophus ferrumequinum,0.038,0.038,-1,Echolocation,/mnt/ubna_data_02_mir/recover-20220922/UBNA_001/20220921_090000.WAV,Telephone Field,recover-20220922,001,1795
588.4855,588.4935,28046,38930,Eptesicus serotinus,0.009,0.025,-1,Echolocation,/mnt/ubna_data_02_mir/recover-20220922/UBNA_001/20220921_090000.WAV,Telephone Field,recover-20220922,001,1795
588.5215,588.5617,68437,81989,Rhinolophus ferrumequinum,0.021,0.021,-1,Echolocation,/mnt/ubna_data_02_mir/recover-20220922/UBNA_001/20220921_090000.WAV,Telephone Field,recover-20220922,001,1795
588.5465,588.5849,68437,82136,Rhinolophus ferrumequinum,0.023,0.023,-1,Echolocation,/mnt/ubna_data_02_mir/recover-20220922/UBNA_001/20220921_090000.WAV,Telephone Field,recover-20220922,001,1795
588.5635,588.6023,68437,82432,Rhinolophus ferrumequinum,0.026,0.026,-1,Echolocation,/mnt/ubna_data_02_mir/recover-20220922/UBNA_001/20220921_090000.WAV,Telephone Field,recover-20220922,001,1795
588.5925,588.6017,23750,31422,Plecotus austriacus,0.009,0.031,-1,Echolocation,/mnt/ubna_data_02_mir/recover-20220922/UBNA_001/20220921_090000.WAV,Telephone Field,recover-20220922,001,1795
588.6285,588.636,24609,33230,Plecotus austriacus,0.011,0.033,-1,Echolocation,/mnt/ubna_data_02_mir/recover-20220922/UBNA_001/20220921_090000.WAV,Telephone Field,recover-20220922,001,1795
588.6655,588.7056,68437,82896,Rhinolophus ferrumequinum,0.023,0.023,-1,Echolocation,/mnt/ubna_data_02_mir/recover-20220922/UBNA_001/20220921_090000.WAV,Telephone Field,recover-20220922,001,1795
588.6855,588.6953,28906,36807,Eptesicus serotinus,0.011,0.025,-1,Echolocation,/mnt/ubna_data_02_mir/recover-20220922/UBNA_001/20220921_090000.WAV,Telephone Field,recover-20220922,001,1795
588.7265,588.7356,28046,39435,Eptesicus serotinus,0.008,0.021,-1,Echolocation,/mnt/ubna_data_02_mir/recover-20220922/UBNA_001/20220921_090000.WAV,Telephone Field,recover-20220922,001,1795
588.7425,588.7814,68437,82427,Rhinolophus ferrumequinum,0.022,0.022,-1,Echolocation,/mnt/ubna_data_02_mir/recover-20220922/UBNA_001/20220921_090000.WAV,Telephone Field,recover-20220922,001,1795
588.7485,588.7586,23750,30011,Nyctalus leisleri,0.009,0.024,-1,Echolocation,/mnt/ubna_data_02_mir/recover-20220922/UBNA_001/20220921_090000.WAV,Telephone Field,recover-20220922,001,1795
588.7805,588.8175,68437,82502,Rhinolophus ferrumequinum,0.022,0.022,-1,Echolocation,/mnt/ubna_data_02_mir/recover-20220922/UBNA_001/20220921_090000.WAV,Telephone Field,recover-20220922,001,1795
588.7965,588.8056,28046,38509,Eptesicus serotinus,0.01,0.025,-1,Echolocation,/mnt/ubna_data_02_mir/recover-20220922/UBNA_001/20220921_090000.WAV,Telephone Field,recover-20220922,001,1795
588.7995,588.8398,68437,82730,Rhinolophus ferrumequinum,0.026,0.026,-1,Echolocation,/mnt/ubna_data_02_mir/recover-20220922/UBNA_001/20220921_090000.WAV,Telephone Field,recover-20220922,001,1795
588.8255,588.8648,68437,81908,Rhinolophus ferrumequinum,0.026,0.026,-1,Echolocation,/mnt/ubna_data_02_mir/recover-20220922/UBNA_001/20220921_090000.WAV,Telephone Field,recover-20220922,001,1795
588.8355,588.8742,68437,82211,Rhinolophus ferrumequinum,0.022,0.022,-1,Echolocation,/mnt/ubna_data_02_mir/recover-20220922/UBNA_001/20220921_090000.WAV,Telephone Field,recover-20220922,001,1795
588.8965,588.9096,44375,47201,Pipistrellus pipistrellus,0.048,0.056,-1,Echolocation,/mnt/ubna_data_02_mir/recover-20220922/UBNA_001/20220921_090000.WAV,Telephone Field,recover-20220922,001,1795
588.9085,588.9442,68437,80741,Rhinolophus ferrumequinum,0.026,0.026,-1,Echolocation,/mnt/ubna_data_02_mir/recover-20220922/UBNA_001/20220921_090000.WAV,Telephone Field,recover-20220922,001,1795
588.9345,588.9738,68437,82594,Rhinolophus ferrumequinum,0.025,0.025,-1,Echolocation,/mnt/ubna_data_02_mir/recover-20220922/UBNA_001/20220921_090000.WAV,Telephone Field,recover-20220922,001,1795
588.9605,588.9733,23750,29422,Nyctalus leisleri,0.015,0.034,-1,Echolocation,/mnt/ubna_data_02_mir/recover-20220922/UBNA_001/20220921_090000.WAV,Telephone Field,recover-20220922,001,1795
588.9715,589.0109,68437,82777,Rhinolophus ferrumequinum,0.023,0.023,-1,Echolocation,/mnt/ubna_data_02_mir/recover-20220922/UBNA_001/20220921_090000.WAV,Telephone Field,recover-20220922,001,1795
588.9855,589.0244,68437,82402,Rhinolophus ferrumequinum,0.023,0.023,-1,Echolocation,/mnt/ubna_data_02_mir/recover-20220922/UBNA_001/20220921_090000.WAV,Telephone Field,recover-20220922,001,1795
589.0115,589.0494,68437,82001,Rhinolophus ferrumequinum,0.03,0.03,-1,Echolocation,/mnt/ubna_data_02_mir/recover-20220922/UBNA_001/20220921_090000.WAV,Telephone Field,recover-20220922,001,1795
589.0195,589.0295,26328,32633,Eptesicus serotinus,0.01,0.023,-1,Echolocation,/mnt/ubna_data_02_mir/recover-20220922/UBNA_001/20220921_090000.WAV,Telephone Field,recover-20220922,001,1795
589.0305,589.0405,28906,37088,Eptesicus serotinus,0.009,0.022,-1,Echolocation,/mnt/ubna_data_02_mir/recover-20220922/UBNA_001/20220921_090000.WAV,Telephone Field,recover-20220922,001,1795
589.0335,589.0742,68437,82182,Rhinolophus ferrumequinum,0.023,0.023,-1,Echolocation,/mnt/ubna_data_02_mir/recover-20220922/UBNA_001/20220921_090000.WAV,Telephone Field,recover-20220922,001,1795
589.0485,589.0592,23750,29595,Nyctalus leisleri,0.012,0.027,-1,Echolocation,/mnt/ubna_data_02_mir/recover-20220922/UBNA_001/20220921_090000.WAV,Telephone Field,recover-20220922,001,1795
589.0575,589.0937,68437,81594,Rhinolophus ferrumequinum,0.023,0.023,-1,Echolocation,/mnt/ubna_data_02_mir/recover-20220922/UBNA_001/20220921_090000.WAV,Telephone Field,recover-20220922,001,1795
589.0795,589.1158,68437,81586,Rhinolophus ferrumequinum,0.023,0.023,-1,Echolocation,/mnt/ubna_data_02_mir/recover-20220922/UBNA_001/20220921_090000.WAV,Telephone Field,recover-20220922,001,1795
589.0855,589.1224,68437,81625,Rhinolophus ferrumequinum,0.022,0.022,-1,Echolocation,/mnt/ubna_data_02_mir/recover-20220922/UBNA_001/20220921_090000.WAV,Telephone Field,recover-20220922,001,1795
589.1125,589.1259,22031,26748,Nyctalus leisleri,0.011,0.024,-1,Echolocation,/mnt/ubna_data_02_mir/recover-20220922/UBNA_001/20220921_090000.WAV,Telephone Field,recover-20220922,001,1795
589.1215,589.1303,25468,32739,Nyctalus leisleri,0.007,0.023,-1,Echolocation,/mnt/ubna_data_02_mir/recover-20220922/UBNA_001/20220921_090000.WAV,Telephone Field,recover-20220922,001,1795
589.1335,589.173,68437,82041,Rhinolophus ferrumequinum,0.024,0.024,-1,Echolocation,/mnt/ubna_data_02_mir/recover-20220922/UBNA_001/20220921_090000.WAV,Telephone Field,recover-20220922,001,1795
589.1375,589.1471,49531,54077,Pipistrellus pipistrellus,0.019,0.024,-1,Echolocation,/mnt/ubna_data_02_mir/recover-20220922/UBNA_001/20220921_090000.WAV,Telephone Field,recover-20220922,001,1795
589.1405,589.1471,26328,38276,Eptesicus serotinus,0.005,0.021,-1,Echolocation,/mnt/ubna_data_02_mir/recover-20220922/UBNA_001/20220921_090000.WAV,Telephone Field,recover-20220922,001,1795
589.1565,589.1677999999999,23750,29322,Nyctalus leisleri,0.011,0.024,-1,Echolocation,/mnt/ubna_data_02_mir/recover-20220922/UBNA_001/20220921_090000.WAV,Telephone Field,recover-20220922,001,1795
589.1855,589.2195,68437,80846,Rhinolophus ferrumequinum,0.026,0.026,-1,Echolocation,/mnt/ubna_data_02_mir/recover-20220922/UBNA_001/20220921_090000.WAV,Telephone Field,recover-20220922,001,1795
589.2225,589.2315,28046,38062,Eptesicus serotinus,0.009,0.025,-1,Echolocation,/mnt/ubna_data_02_mir/recover-20220922/UBNA_001/20220921_090000.WAV,Telephone Field,recover-20220922,001,1795
589.2335,589.2734,68437,82466,Rhinolophus ferrumequinum,0.023,0.023,-1,Echolocation,/mnt/ubna_data_02_mir/recover-20220922/UBNA_001/20220921_090000.WAV,Telephone Field,recover-20220922,001,1795
589.2355,589.2432,27187,37366,Eptesicus serotinus,0.007,0.024,-1,Echolocation,/mnt/ubna_data_02_mir/recover-20220922/UBNA_001/20220921_090000.WAV,Telephone Field,recover-20220922,001,1795
589.2485,589.2882,68437,81014,Rhinolophus ferrumequinum,0.036,0.036,-1,Echolocation,/mnt/ubna_data_02_mir/recover-20220922/UBNA_001/20220921_090000.WAV,Telephone Field,recover-20220922,001,1795
589.2715,589.3063,68437,81490,Rhinolophus ferrumequinum,0.021,0.021,-1,Echolocation,/mnt/ubna_data_02_mir/recover-20220922/UBNA_001/20220921_090000.WAV,Telephone Field,recover-20220922,001,1795
589.2795,589.3173,68437,82153,Rhinolophus ferrumequinum,0.024,0.024,-1,Echolocation,/mnt/ubna_data_02_mir/recover-20220922/UBNA_001/20220921_090000.WAV,Telephone Field,recover-20220922,001,1795
589.2885,589.3009,34921,39879,Pipistrellus nathusii,0.011,0.029,-1,Echolocation,/mnt/ubna_data_02_mir/recover-20220922/UBNA_001/20220921_090000.WAV,Telephone Field,recover-20220922,001,1795
589.2915,589.3307,68437,82090,Rhinolophus ferrumequinum,0.021,0.021,-1,Echolocation,/mnt/ubna_data_02_mir/recover-20220922/UBNA_001/20220921_090000.WAV,Telephone Field,recover-20220922,001,1795
589.3305,589.34,24609,31796,Nyctalus leisleri,0.012,0.036,-1,Echolocation,/mnt/ubna_data_02_mir/recover-20220922/UBNA_001/20220921_090000.WAV,Telephone Field,recover-20220922,001,1795
589.3585,589.3676,28046,38802,Eptesicus serotinus,0.008,0.021,-1,Echolocation,/mnt/ubna_data_02_mir/recover-20220922/UBNA_001/20220921_090000.WAV,Telephone Field,recover-20220922,001,1795
589.3705,589.4082,68437,82051,Rhinolophus ferrumequinum,0.023,0.023,-1,Echolocation,/mnt/ubna_data_02_mir/recover-20220922/UBNA_001/20220921_090000.WAV,Telephone Field,recover-20220922,001,1795
589.3705,589.3814,28906,36856,Eptesicus serotinus,0.015,0.03,-1,Echolocation,/mnt/ubna_data_02_mir/recover-20220922/UBNA_001/20220921_090000.WAV,Telephone Field,recover-20220922,001,1795
589.3935,589.4038,22031,27222,Nyctalus leisleri,0.008,0.021,-1,Echolocation,/mnt/ubna_data_02_mir/recover-20220922/UBNA_001/20220921_090000.WAV,Telephone Field,recover-20220922,001,1795
589.3995,589.4389,68437,82220,Rhinolophus ferrumequinum,0.023,0.023,-1,Echolocation,/mnt/ubna_data_02_mir/recover-20220922/UBNA_001/20220921_090000.WAV,Telephone Field,recover-20220922,001,1795
589.4195,589.4636,68437,82885,Rhinolophus ferrumequinum,0.042,0.042,-1,Echolocation,/mnt/ubna_data_02_mir/recover-20220922/UBNA_001/20220921_090000.WAV,Telephone Field,recover-20220922,001,1795
589.4825,589.4905,28046,37565,Eptesicus serotinus,0.006,0.021,-1,Echolocation,/mnt/ubna_data_02_mir/recover-20220922/UBNA_001/20220921_090000.WAV,Telephone Field,recover-20220922,001,1795
589.4945,589.5318,68437,81984,Rhinolophus ferrumequinum,0.023,0.023,-1,Echolocation,/mnt/ubna_data_02_mir/recover-20220922/UBNA_001/20220921_090000.WAV,Telephone Field,recover-20220922,001,1795
589.5305,589.5701,68437,82114,Rhinolophus ferrumequinum,0.035,0.035,-1,Echolocation,/mnt/ubna_data_02_mir/recover-20220922/UBNA_001/20220921_090000.WAV,Telephone Field,recover-20220922,001,1795
589.5445,589.5813,68437,82107,Rhinolophus ferrumequinum,0.026,0.026,-1,Echolocation,/mnt/ubna_data_02_mir/recover-20220922/UBNA_001/20220921_090000.WAV,Telephone Field,recover-20220922,001,1795
589.5505,589.5898,68437,82929,Rhinolophus ferrumequinum,0.029,0.029,-1,Echolocation,/mnt/ubna_data_02_mir/recover-20220922/UBNA_001/20220921_090000.WAV,Telephone Field,recover-20220922,001,1795
589.5745,589.6165,68437,82779,Rhinolophus ferrumequinum,0.025,0.026,-1,Echolocation,/mnt/ubna_data_02_mir/recover-20220922/UBNA_001/20220921_090000.WAV,Telephone Field,recover-20220922,001,1795
589.6085,589.6476,68437,82491,Rhinolophus ferrumequinum,0.023,0.023,-1,Echolocation,/mnt/ubna_data_02_mir/recover-20220922/UBNA_001/20220921_090000.WAV,Telephone Field,recover-20220922,001,1795
589.6525,589.6949,68437,82892,Rhinolophus ferrumequinum,0.032,0.032,-1,Echolocation,/mnt/ubna_data_02_mir/recover-20220922/UBNA_001/20220921_090000.WAV,Telephone Field,recover-20220922,001,1795
589.6535,589.6613,28046,38117,Eptesicus serotinus,0.007,0.023,-1,Echolocation,/mnt/ubna_data_02_mir/recover-20220922/UBNA_001/20220921_090000.WAV,Telephone Field,recover-20220922,001,1795
589.6785,589.7186,68437,82814,Rhinolophus ferrumequinum,0.027,0.027,-1,Echolocation,/mnt/ubna_data_02_mir/recover-20220922/UBNA_001/20220921_090000.WAV,Telephone Field,recover-20220922,001,1795
589.7145,589.7526,68437,82394,Rhinolophus ferrumequinum,0.023,0.023,-1,Echolocation,/mnt/ubna_data_02_mir/recover-20220922/UBNA_001/20220921_090000.WAV,Telephone Field,recover-20220922,001,1795
589.7345,589.7429,28046,37413,Eptesicus serotinus,0.021,0.041,-1,Echolocation,/mnt/ubna_data_02_mir/recover-20220922/UBNA_001/20220921_090000.WAV,Telephone Field,recover-20220922,001,1795
589.7465,589.7853,68437,82777,Rhinolophus ferrumequinum,0.035,0.035,-1,Echolocation,/mnt/ubna_data_02_mir/recover-20220922/UBNA_001/20220921_090000.WAV,Telephone Field,recover-20220922,001,1795
589.7595,589.7691,40078,43682,Barbastellus barbastellus,0.014,0.038,-1,Echolocation,/mnt/ubna_data_02_mir/recover-20220922/UBNA_001/20220921_090000.WAV,Telephone Field,recover-20220922,001,1795
589.7695,589.8053,68437,81271,Rhinolophus ferrumequinum,0.022,0.022,-1,Echolocation,/mnt/ubna_data_02_mir/recover-20220922/UBNA_001/20220921_090000.WAV,Telephone Field,recover-20220922,001,1795
589.8105,589.8488,68437,82371,Rhinolophus ferrumequinum,0.033,0.033,-1,Echolocation,/mnt/ubna_data_02_mir/recover-20220922/UBNA_001/20220921_090000.WAV,Telephone Field,recover-20220922,001,1795
589.8445,589.8851,68437,82251,Rhinolophus ferrumequinum,0.03,0.03,-1,Echolocation,/mnt/ubna_data_02_mir/recover-20220922/UBNA_001/20220921_090000.WAV,Telephone Field,recover-20220922,001,1795
589.8585,589.8979,68437,81816,Rhinolophus ferrumequinum,0.021,0.021,-1,Echolocation,/mnt/ubna_data_02_mir/recover-20220922/UBNA_001/20220921_090000.WAV,Telephone Field,recover-20220922,001,1795
589.8915,589.9326,68437,82398,Rhinolophus ferrumequinum,0.025,0.025,-1,Echolocation,/mnt/ubna_data_02_mir/recover-20220922/UBNA_001/20220921_090000.WAV,Telephone Field,recover-20220922,001,1795
589.9395,589.9467,50390,56198,Pipistrellus pipistrellus,0.027,0.031,-1,Echolocation,/mnt/ubna_data_02_mir/recover-20220922/UBNA_001/20220921_090000.WAV,Telephone Field,recover-20220922,001,1795
589.9405,589.9497,28046,38285,Eptesicus serotinus,0.01,0.026,-1,Echolocation,/mnt/ubna_data_02_mir/recover-20220922/UBNA_001/20220921_090000.WAV,Telephone Field,recover-20220922,001,1795
589.9855,589.9933,43515,51251,Pipistrellus pipistrellus,0.014,0.022,-1,Echolocation,/mnt/ubna_data_02_mir/recover-20220922/UBNA_001/20220921_090000.WAV,Telephone Field,recover-20220922,001,1795
590.0015,590.0413,68437,81052,Rhinolophus ferrumequinum,0.101,0.101,-1,Echolocation,/mnt/ubna_data_02_mir/recover-20220922/UBNA_001/20220921_090000.WAV,Telephone Field,recover-20220922,001,1795
590.0015,590.0138,56406,61929,Pipistrellus pygmaeus,0.019,0.021,-1,Echolocation,/mnt/ubna_data_02_mir/recover-20220922/UBNA_001/20220921_090000.WAV,Telephone Field,recover-20220922,001,1795
590.0015,590.0096,26328,34540,Nyctalus leisleri,0.012,0.038,-1,Echolocation,/mnt/ubna_data_02_mir/recover-20220922/UBNA_001/20220921_090000.WAV,Telephone Field,recover-20220922,001,1795
590.0095,590.0618,68437,84528,Rhinolophus ferrumequinum,0.102,0.102,-1,Echolocation,/mnt/ubna_data_02_mir/recover-20220922/UBNA_001/20220921_090000.WAV,Telephone Field,recover-20220922,001,1795
590.0385,590.0495,22031,25924,Nyctalus leisleri,0.013,0.022,-1,Echolocation,/mnt/ubna_data_02_mir/recover-20220922/UBNA_001/20220921_090000.WAV,Telephone Field,recover-20220922,001,1795
590.0385,590.0781,68437,82205,Rhinolophus ferrumequinum,0.021,0.021,-1,Echolocation,/mnt/ubna_data_02_mir/recover-20220922/UBNA_001/20220921_090000.WAV,Telephone Field,recover-20220922,001,1795
590.0565,590.067,28046,35501,Eptesicus serotinus,0.01,0.024,-1,Echolocation,/mnt/ubna_data_02_mir/recover-20220922/UBNA_001/20220921_090000.WAV,Telephone Field,recover-20220922,001,1795
590.0565,590.0686,33203,38365,Eptesicus serotinus,0.007,0.025,-1,Echolocation,/mnt/ubna_data_02_mir/recover-20220922/UBNA_001/20220921_090000.WAV,Telephone Field,recover-20220922,001,1795
590.0695,590.0758,25468,44484,Myotis nattereri,0.009,0.026,-1,Echolocation,/mnt/ubna_data_02_mir/recover-20220922/UBNA_001/20220921_090000.WAV,Telephone Field,recover-20220922,001,1795
590.0695,590.0753,32343,46399,Myotis daubentonii,0.01,0.028,-1,Echolocation,/mnt/ubna_data_02_mir/recover-20220922/UBNA_001/20220921_090000.WAV,Telephone Field,recover-20220922,001,1795
590.0775,590.1178,68437,82201,Rhinolophus ferrumequinum,0.022,0.022,-1,Echolocation,/mnt/ubna_data_02_mir/recover-20220922/UBNA_001/20220921_090000.WAV,Telephone Field,recover-20220922,001,1795
590.0835,590.1258,68437,82807,Rhinolophus ferrumequinum,0.022,0.022,-1,Echolocation,/mnt/ubna_data_02_mir/recover-20220922/UBNA_001/20220921_090000.WAV,Telephone Field,recover-20220922,001,1795
590.0875,590.0968,49531,53245,Pipistrellus pipistrellus,0.023,0.025,-1,Echolocation,/mnt/ubna_data_02_mir/recover-20220922/UBNA_001/20220921_090000.WAV,Telephone Field,recover-20220922,001,1795
590.0965,590.1345,68437,82263,Rhinolophus ferrumequinum,0.023,0.023,-1,Echolocation,/mnt/ubna_data_02_mir/recover-20220922/UBNA_001/20220921_090000.WAV,Telephone Field,recover-20220922,001,1795
590.1105,590.1504,68437,82124,Rhinolophus ferrumequinum,0.022,0.022,-1,Echolocation,/mnt/ubna_data_02_mir/recover-20220922/UBNA_001/20220921_090000.WAV,Telephone Field,recover-20220922,001,1795
590.1155,590.1539,68437,81646,Rhinolophus ferrumequinum,0.021,0.021,-1,Echolocation,/mnt/ubna_data_02_mir/recover-20220922/UBNA_001/20220921_090000.WAV,Telephone Field,recover-20220922,001,1795
590.1655,590.2048,68437,82692,Rhinolophus ferrumequinum,0.025,0.025,-1,Echolocation,/mnt/ubna_data_02_mir/recover-20220922/UBNA_001/20220921_090000.WAV,Telephone Field,recover-20220922,001,1795
590.1745,590.2117,68437,82339,Rhinolophus ferrumequinum,0.021,0.022,-1,Echolocation,/mnt/ubna_data_02_mir/recover-20220922/UBNA_001/20220921_090000.WAV,Telephone Field,recover-20220922,001,1795
590.2445,590.2854,68437,82707,Rhinolophus ferrumequinum,0.031,0.031,-1,Echolocation,/mnt/ubna_data_02_mir/recover-20220922/UBNA_001/20220921_090000.WAV,Telephone Field,recover-20220922,001,1795
590.2465,590.2541,28046,40547,Eptesicus serotinus,0.007,0.024,-1,Echolocation,/mnt/ubna_data_02_mir/recover-20220922/UBNA_001/20220921_090000.WAV,Telephone Field,recover-20220922,001,1795
590.2645,590.3053,68437,82372,Rhinolophus ferrumequinum,0.024,0.024,-1,Echolocation,/mnt/ubna_data_02_mir/recover-20220922/UBNA_001/20220921_090000.WAV,Telephone Field,recover-20220922,001,1795
590.2935,590.3295,68437,81373,Rhinolophus ferrumequinum,0.021,0.021,-1,Echolocation,/mnt/ubna_data_02_mir/recover-20220922/UBNA_001/20220921_090000.WAV,Telephone Field,recover-20220922,001,1795
590.3505,590.3949,68437,83455,Rhinolophus ferrumequinum,0.037,0.037,-1,Echolocation,/mnt/ubna_data_02_mir/recover-20220922/UBNA_001/20220921_090000.WAV,Telephone Field,recover-20220922,001,1795
590.3715,590.4137,68437,82950,Rhinolophus ferrumequinum,0.032,0.032,-1,Echolocation,/mnt/ubna_data_02_mir/recover-20220922/UBNA_001/20220921_090000.WAV,Telephone Field,recover-20220922,001,1795
590.4405,590.4822,68437,82579,Rhinolophus ferrumequinum,0.023,0.023,-1,Echolocation,/mnt/ubna_data_02_mir/recover-20220922/UBNA_001/20220921_090000.WAV,Telephone Field,recover-20220922,001,1795
590.4775,590.5157,68437,82793,Rhinolophus ferrumequinum,0.051,0.051,-1,Echolocation,/mnt/ubna_data_02_mir/recover-20220922/UBNA_001/20220921_090000.WAV,Telephone Field,recover-20220922,001,1795
590.5135,590.55,68437,81152,Rhinolophus ferrumequinum,0.023,0.023,-1,Echolocation,/mnt/ubna_data_02_mir/recover-20220922/UBNA_001/20220921_090000.WAV,Telephone Field,recover-20220922,001,1795
590.5425,590.5505,28906,38904,Eptesicus serotinus,0.007,0.022,-1,Echolocation,/mnt/ubna_data_02_mir/recover-20220922/UBNA_001/20220921_090000.WAV,Telephone Field,recover-20220922,001,1795
590.5875,590.5958,28046,39123,Eptesicus serotinus,0.008,0.022,-1,Echolocation,/mnt/ubna_data_02_mir/recover-20220922/UBNA_001/20220921_090000.WAV,Telephone Field,recover-20220922,001,1795
590.5945,590.6309,68437,81693,Rhinolophus ferrumequinum,0.021,0.021,-1,Echolocation,/mnt/ubna_data_02_mir/recover-20220922/UBNA_001/20220921_090000.WAV,Telephone Field,recover-20220922,001,1795
590.6055,590.6455,68437,82258,Rhinolophus ferrumequinum,0.031,0.031,-1,Echolocation,/mnt/ubna_data_02_mir/recover-20220922/UBNA_001/20220921_090000.WAV,Telephone Field,recover-20220922,001,1795
590.6135,590.6241,22890,28463,Nyctalus leisleri,0.011,0.024,-1,Echolocation,/mnt/ubna_data_02_mir/recover-20220922/UBNA_001/20220921_090000.WAV,Telephone Field,recover-20220922,001,1795
590.6615,590.7007,68437,82741,Rhinolophus ferrumequinum,0.023,0.023,-1,Echolocation,/mnt/ubna_data_02_mir/recover-20220922/UBNA_001/20220921_090000.WAV,Telephone Field,recover-20220922,001,1795
590.6755,590.686,28046,34802,Eptesicus serotinus,0.013,0.027,-1,Echolocation,/mnt/ubna_data_02_mir/recover-20220922/UBNA_001/20220921_090000.WAV,Telephone Field,recover-20220922,001,1795
590.6755,590.7154,68437,83005,Rhinolophus ferrumequinum,0.023,0.023,-1,Echolocation,/mnt/ubna_data_02_mir/recover-20220922/UBNA_001/20220921_090000.WAV,Telephone Field,recover-20220922,001,1795
590.6845,590.6943,50390,54724,Pipistrellus pipistrellus,0.022,0.026,-1,Echolocation,/mnt/ubna_data_02_mir/recover-20220922/UBNA_001/20220921_090000.WAV,Telephone Field,recover-20220922,001,1795
590.7015,590.7092,27187,37814,Eptesicus serotinus,0.008,0.024,-1,Echolocation,/mnt/ubna_data_02_mir/recover-20220922/UBNA_001/20220921_090000.WAV,Telephone Field,recover-20220922,001,1795
590.7685,590.7794,24609,31410,Nyctalus leisleri,0.008,0.022,-1,Echolocation,/mnt/ubna_data_02_mir/recover-20220922/UBNA_001/20220921_090000.WAV,Telephone Field,recover-20220922,001,1795
590.7825,590.8235,68437,82346,Rhinolophus ferrumequinum,0.023,0.023,-1,Echolocation,/mnt/ubna_data_02_mir/recover-20220922/UBNA_001/20220921_090000.WAV,Telephone Field,recover-20220922,001,1795
590.7865,590.7938,25468,37582,Eptesicus serotinus,0.005,0.021,-1,Echolocation,/mnt/ubna_data_02_mir/recover-20220922/UBNA_001/20220921_090000.WAV,Telephone Field,recover-20220922,001,1795
590.8145,590.8272,25468,30821,Nyctalus leisleri,0.014,0.03,-1,Echolocation,/mnt/ubna_data_02_mir/recover-20220922/UBNA_001/20220921_090000.WAV,Telephone Field,recover-20220922,001,1795
590.8365,590.8779,68437,82626,Rhinolophus ferrumequinum,0.025,0.025,-1,Echolocation,/mnt/ubna_data_02_mir/recover-20220922/UBNA_001/20220921_090000.WAV,Telephone Field,recover-20220922,001,1795
590.8755,590.9165,68437,82351,Rhinolophus ferrumequinum,0.021,0.021,-1,Echolocation,/mnt/ubna_data_02_mir/recover-20220922/UBNA_001/20220921_090000.WAV,Telephone Field,recover-20220922,001,1795
590.8755,590.8837,25468,34463,Eptesicus serotinus,0.009,0.033,-1,Echolocation,/mnt/ubna_data_02_mir/recover-20220922/UBNA_001/20220921_090000.WAV,Telephone Field,recover-20220922,001,1795
590.9695,590.9766,27187,41134,Eptesicus serotinus,0.007,0.024,-1,Echolocation,/mnt/ubna_data_02_mir/recover-20220922/UBNA_001/20220921_090000.WAV,Telephone Field,recover-20220922,001,1795
590.9725,591.0104,68437,82143,Rhinolophus ferrumequinum,0.022,0.022,-1,Echolocation,/mnt/ubna_data_02_mir/recover-20220922/UBNA_001/20220921_090000.WAV,Telephone Field,recover-20220922,001,1795
590.9865,590.9944,50390,54438,Pipistrellus pipistrellus,0.021,0.023,-1,Echolocation,/mnt/ubna_data_02_mir/recover-20220922/UBNA_001/20220921_090000.WAV,Telephone Field,recover-20220922,001,1795
591.0095,591.0494,68437,82314,Rhinolophus ferrumequinum,0.023,0.023,-1,Echolocation,/mnt/ubna_data_02_mir/recover-20220922/UBNA_001/20220921_090000.WAV,Telephone Field,recover-20220922,001,1795
591.0185,591.0248,27187,39811,Eptesicus serotinus,0.006,0.029,-1,Echolocation,/mnt/ubna_data_02_mir/recover-20220922/UBNA_001/20220921_090000.WAV,Telephone Field,recover-20220922,001,1795
591.0285,591.0392,22890,27691,Nyctalus leisleri,0.013,0.025,-1,Echolocation,/mnt/ubna_data_02_mir/recover-20220922/UBNA_001/20220921_090000.WAV,Telephone Field,recover-20220922,001,1795
591.0395,591.0772,68437,82077,Rhinolophus ferrumequinum,0.027,0.027,-1,Echolocation,/mnt/ubna_data_02_mir/recover-20220922/UBNA_001/20220921_090000.WAV,Telephone Field,recover-20220922,001,1795
591.0415,591.0521,23750,30176,Nyctalus leisleri,0.01,0.025,-1,Echolocation,/mnt/ubna_data_02_mir/recover-20220922/UBNA_001/20220921_090000.WAV,Telephone Field,recover-20220922,001,1795
591.0635,591.105,68437,82968,Rhinolophus ferrumequinum,0.026,0.026,-1,Echolocation,/mnt/ubna_data_02_mir/recover-20220922/UBNA_001/20220921_090000.WAV,Telephone Field,recover-20220922,001,1795
591.0775,591.1166,68437,82435,Rhinolophus ferrumequinum,0.021,0.021,-1,Echolocation,/mnt/ubna_data_02_mir/recover-20220922/UBNA_001/20220921_090000.WAV,Telephone Field,recover-20220922,001,1795
591.1245,591.1362,45234,48510,Pipistrellus pipistrellus,0.021,0.023,-1,Echolocation,/mnt/ubna_data_02_mir/recover-20220922/UBNA_001/20220921_090000.WAV,Telephone Field,recover-20220922,001,1795
591.1285,591.1677999999999,68437,82402,Rhinolophus ferrumequinum,0.027,0.027,-1,Echolocation,/mnt/ubna_data_02_mir/recover-20220922/UBNA_001/20220921_090000.WAV,Telephone Field,recover-20220922,001,1795
591.1335,591.1397,28906,42888,Eptesicus serotinus,0.01,0.039,-1,Echolocation,/mnt/ubna_data_02_mir/recover-20220922/UBNA_001/20220921_090000.WAV,Telephone Field,recover-20220922,001,1795
591.1635,591.2052,68437,82184,Rhinolophus ferrumequinum,0.024,0.024,-1,Echolocation,/mnt/ubna_data_02_mir/recover-20220922/UBNA_001/20220921_090000.WAV,Telephone Field,recover-20220922,001,1795
591.1655,591.177,51250,56379,Pipistrellus pygmaeus,0.012,0.023,-1,Echolocation,/mnt/ubna_data_02_mir/recover-20220922/UBNA_001/20220921_090000.WAV,Telephone Field,recover-20220922,001,1795
591.1855,591.2241,68437,82702,Rhinolophus ferrumequinum,0.022,0.022,-1,Echolocation,/mnt/ubna_data_02_mir/recover-20220922/UBNA_001/20220921_090000.WAV,Telephone Field,recover-20220922,001,1795
591.1875,591.1961,27187,39390,Eptesicus serotinus,0.008,0.023,-1,Echolocation,/mnt/ubna_data_02_mir/recover-20220922/UBNA_001/20220921_090000.WAV,Telephone Field,recover-20220922,001,1795
591.2115,591.2516,68437,83167,Rhinolophus ferrumequinum,0.03,0.03,-1,Echolocation,/mnt/ubna_data_02_mir/recover-20220922/UBNA_001/20220921_090000.WAV,Telephone Field,recover-20220922,001,1795
591.2645,591.2743,48671,52417,Pipistrellus pipistrellus,0.018,0.022,-1,Echolocation,/mnt/ubna_data_02_mir/recover-20220922/UBNA_001/20220921_090000.WAV,Telephone Field,recover-20220922,001,1795
591.2715,591.2811,28046,35677,Eptesicus serotinus,0.008,0.022,-1,Echolocation,/mnt/ubna_data_02_mir/recover-20220922/UBNA_001/20220921_090000.WAV,Telephone Field,recover-20220922,001,1795
591.3075,591.3497,68437,82818,Rhinolophus ferrumequinum,0.034,0.034,-1,Echolocation,/mnt/ubna_data_02_mir/recover-20220922/UBNA_001/20220921_090000.WAV,Telephone Field,recover-20220922,001,1795
591.3565,591.3958,68437,82165,Rhinolophus ferrumequinum,0.022,0.022,-1,Echolocation,/mnt/ubna_data_02_mir/recover-20220922/UBNA_001/20220921_090000.WAV,Telephone Field,recover-20220922,001,1795
591.3675,591.4062,68437,82389,Rhinolophus ferrumequinum,0.031,0.031,-1,Echolocation,/mnt/ubna_data_02_mir/recover-20220922/UBNA_001/20220921_090000.WAV,Telephone Field,recover-20220922,001,1795
591.3785,591.386,27187,37051,Eptesicus serotinus,0.008,0.022,-1,Echolocation,/mnt/ubna_data_02_mir/recover-20220922/UBNA_001/20220921_090000.WAV,Telephone Field,recover-20220922,001,1795
591.3965,591.4363,68437,83017,Rhinolophus ferrumequinum,0.025,0.025,-1,Echolocation,/mnt/ubna_data_02_mir/recover-20220922/UBNA_001/20220921_090000.WAV,Telephone Field,recover-20220922,001,1795
591.4075,591.447,68437,81973,Rhinolophus ferrumequinum,0.022,0.022,-1,Echolocation,/mnt/ubna_data_02_mir/recover-20220922/UBNA_001/20220921_090000.WAV,Telephone Field,recover-20220922,001,1795
591.4325,591.47,68437,81917,Rhinolophus ferrumequinum,0.022,0.022,-1,Echolocation,/mnt/ubna_data_02_mir/recover-20220922/UBNA_001/20220921_090000.WAV,Telephone Field,recover-20220922,001,1795
591.4495,591.4902,68437,83159,Rhinolophus ferrumequinum,0.028,0.028,-1,Echolocation,/mnt/ubna_data_02_mir/recover-20220922/UBNA_001/20220921_090000.WAV,Telephone Field,recover-20220922,001,1795
591.4585,591.4681,28046,39577,Eptesicus serotinus,0.009,0.021,-1,Echolocation,/mnt/ubna_data_02_mir/recover-20220922/UBNA_001/20220921_090000.WAV,Telephone Field,recover-20220922,001,1795
591.4695,591.4788,28046,37385,Eptesicus serotinus,0.009,0.022,-1,Echolocation,/mnt/ubna_data_02_mir/recover-20220922/UBNA_001/20220921_090000.WAV,Telephone Field,recover-20220922,001,1795
591.5245,591.5344,23750,30107,Nyctalus leisleri,0.011,0.026,-1,Echolocation,/mnt/ubna_data_02_mir/recover-20220922/UBNA_001/20220921_090000.WAV,Telephone Field,recover-20220922,001,1795
591.5585,591.5646,27187,41102,Eptesicus serotinus,0.006,0.025,-1,Echolocation,/mnt/ubna_data_02_mir/recover-20220922/UBNA_001/20220921_090000.WAV,Telephone Field,recover-20220922,001,1795
591.5915,591.6302,68437,82207,Rhinolophus ferrumequinum,0.031,0.031,-1,Echolocation,/mnt/ubna_data_02_mir/recover-20220922/UBNA_001/20220921_090000.WAV,Telephone Field,recover-20220922,001,1795
591.6045,591.6448,68437,82806,Rhinolophus ferrumequinum,0.025,0.025,-1,Echolocation,/mnt/ubna_data_02_mir/recover-20220922/UBNA_001/20220921_090000.WAV,Telephone Field,recover-20220922,001,1795
591.6815,591.7197,68437,82201,Rhinolophus ferrumequinum,0.025,0.025,-1,Echolocation,/mnt/ubna_data_02_mir/recover-20220922/UBNA_001/20220921_090000.WAV,Telephone Field,recover-20220922,001,1795
591.6975,591.7386,68437,82554,Rhinolophus ferrumequinum,0.022,0.022,-1,Echolocation,/mnt/ubna_data_02_mir/recover-20220922/UBNA_001/20220921_090000.WAV,Telephone Field,recover-20220922,001,1795
591.7195,591.7278,26328,35020,Eptesicus serotinus,0.007,0.022,-1,Echolocation,/mnt/ubna_data_02_mir/recover-20220922/UBNA_001/20220921_090000.WAV,Telephone Field,recover-20220922,001,1795
591.7365,591.7754,68437,82785,Rhinolophus ferrumequinum,0.025,0.025,-1,Echolocation,/mnt/ubna_data_02_mir/recover-20220922/UBNA_001/20220921_090000.WAV,Telephone Field,recover-20220922,001,1795
591.7395,591.7469,28046,38800,Eptesicus serotinus,0.007,0.023,-1,Echolocation,/mnt/ubna_data_02_mir/recover-20220922/UBNA_001/20220921_090000.WAV,Telephone Field,recover-20220922,001,1795
591.8125,591.8193,47812,53007,Pipistrellus pipistrellus,0.02,0.021,-1,Echolocation,/mnt/ubna_data_02_mir/recover-20220922/UBNA_001/20220921_090000.WAV,Telephone Field,recover-20220922,001,1795
591.8395,591.8771,68437,82261,Rhinolophus ferrumequinum,0.022,0.022,-1,Echolocation,/mnt/ubna_data_02_mir/recover-20220922/UBNA_001/20220921_090000.WAV,Telephone Field,recover-20220922,001,1795
591.8505,591.892,68437,82237,Rhinolophus ferrumequinum,0.024,0.024,-1,Echolocation,/mnt/ubna_data_02_mir/recover-20220922/UBNA_001/20220921_090000.WAV,Telephone Field,recover-20220922,001,1795
591.8695,591.8775,26328,34652,Eptesicus serotinus,0.013,0.051,-1,Echolocation,/mnt/ubna_data_02_mir/recover-20220922/UBNA_001/20220921_090000.WAV,Telephone Field,recover-20220922,001,1795
591.9035,591.9435,68437,82372,Rhinolophus ferrumequinum,0.031,0.031,-1,Echolocation,/mnt/ubna_data_02_mir/recover-20220922/UBNA_001/20220921_090000.WAV,Telephone Field,recover-20220922,001,1795
592.0015,592.0158,20312,25369,Nyctalus leisleri,0.012,0.028,-1,Echolocation,/mnt/ubna_data_02_mir/recover-20220922/UBNA_001/20220921_090000.WAV,Telephone Field,recover-20220922,001,1795
592.0015,592.0116,26328,33495,Eptesicus serotinus,0.01,0.031,-1,Echolocation,/mnt/ubna_data_02_mir/recover-20220922/UBNA_001/20220921_090000.WAV,Telephone Field,recover-20220922,001,1795
592.0015,592.0306,69296,81790,Rhinolophus ferrumequinum,0.022,0.022,-1,Echolocation,/mnt/ubna_data_02_mir/recover-20220922/UBNA_001/20220921_090000.WAV,Telephone Field,recover-20220922,001,1795
592.0165,592.0262,28906,36896,Eptesicus serotinus,0.008,0.022,-1,Echolocation,/mnt/ubna_data_02_mir/recover-20220922/UBNA_001/20220921_090000.WAV,Telephone Field,recover-20220922,001,1795
592.0235,592.0329,48671,53785,Pipistrellus pipistrellus,0.022,0.025,-1,Echolocation,/mnt/ubna_data_02_mir/recover-20220922/UBNA_001/20220921_090000.WAV,Telephone Field,recover-20220922,001,1795
592.0405,592.0487,22890,30908,Plecotus austriacus,0.014,0.029,-1,Echolocation,/mnt/ubna_data_02_mir/recover-20220922/UBNA_001/20220921_090000.WAV,Telephone Field,recover-20220922,001,1795
592.0875,592.1251,68437,82308,Rhinolophus ferrumequinum,0.028,0.028,-1,Echolocation,/mnt/ubna_data_02_mir/recover-20220922/UBNA_001/20220921_090000.WAV,Telephone Field,recover-20220922,001,1795
592.1125,592.1224,26328,34525,Eptesicus serotinus,0.016,0.031,-1,Echolocation,/mnt/ubna_data_02_mir/recover-20220922/UBNA_001/20220921_090000.WAV,Telephone Field,recover-20220922,001,1795
592.1445,592.1918000000001,68437,84213,Rhinolophus ferrumequinum,0.046,0.046,-1,Echolocation,/mnt/ubna_data_02_mir/recover-20220922/UBNA_001/20220921_090000.WAV,Telephone Field,recover-20220922,001,1795
592.1575,592.1666,28906,37363,Eptesicus serotinus,0.01,0.025,-1,Echolocation,/mnt/ubna_data_02_mir/recover-20220922/UBNA_001/20220921_090000.WAV,Telephone Field,recover-20220922,001,1795
592.1795,592.22,68437,82310,Rhinolophus ferrumequinum,0.024,0.024,-1,Echolocation,/mnt/ubna_data_02_mir/recover-20220922/UBNA_001/20220921_090000.WAV,Telephone Field,recover-20220922,001,1795
592.2045,592.2147,28046,35244,Eptesicus serotinus,0.012,0.026,-1,Echolocation,/mnt/ubna_data_02_mir/recover-20220922/UBNA_001/20220921_090000.WAV,Telephone Field,recover-20220922,001,1795
592.2495,592.2856,68437,81116,Rhinolophus ferrumequinum,0.024,0.024,-1,Echolocation,/mnt/ubna_data_02_mir/recover-20220922/UBNA_001/20220921_090000.WAV,Telephone Field,recover-20220922,001,1795
592.2495,592.2595,22890,29950,Nyctalus leisleri,0.01,0.029,-1,Echolocation,/mnt/ubna_data_02_mir/recover-20220922/UBNA_001/20220921_090000.WAV,Telephone Field,recover-20220922,001,1795
592.2764999999999,592.3091,68437,80828,Rhinolophus ferrumequinum,0.021,0.021,-1,Echolocation,/mnt/ubna_data_02_mir/recover-20220922/UBNA_001/20220921_090000.WAV,Telephone Field,recover-20220922,001,1795
592.3155,592.3552999999999,68437,82603,Rhinolophus ferrumequinum,0.021,0.021,-1,Echolocation,/mnt/ubna_data_02_mir/recover-20220922/UBNA_001/20220921_090000.WAV,Telephone Field,recover-20220922,001,1795
592.3245,592.3615,68437,82164,Rhinolophus ferrumequinum,0.022,0.022,-1,Echolocation,/mnt/ubna_data_02_mir/recover-20220922/UBNA_001/20220921_090000.WAV,Telephone Field,recover-20220922,001,1795
592.3475,592.3552999999999,28046,39945,Eptesicus serotinus,0.007,0.022,-1,Echolocation,/mnt/ubna_data_02_mir/recover-20220922/UBNA_001/20220921_090000.WAV,Telephone Field,recover-20220922,001,1795
592.3505,592.3853,68437,80414,Rhinolophus ferrumequinum,0.022,0.022,-1,Echolocation,/mnt/ubna_data_02_mir/recover-20220922/UBNA_001/20220921_090000.WAV,Telephone Field,recover-20220922,001,1795
592.3805,592.3882,27187,38067,Eptesicus serotinus,0.006,0.021,-1,Echolocation,/mnt/ubna_data_02_mir/recover-20220922/UBNA_001/20220921_090000.WAV,Telephone Field,recover-20220922,001,1795
592.3815,592.4181,68437,81868,Rhinolophus ferrumequinum,0.024,0.025,-1,Echolocation,/mnt/ubna_data_02_mir/recover-20220922/UBNA_001/20220921_090000.WAV,Telephone Field,recover-20220922,001,1795
592.4005,592.4103,28046,38037,Eptesicus serotinus,0.01,0.022,-1,Echolocation,/mnt/ubna_data_02_mir/recover-20220922/UBNA_001/20220921_090000.WAV,Telephone Field,recover-20220922,001,1795
592.4215,592.4594,68437,82090,Rhinolophus ferrumequinum,0.021,0.021,-1,Echolocation,/mnt/ubna_data_02_mir/recover-20220922/UBNA_001/20220921_090000.WAV,Telephone Field,recover-20220922,001,1795
592.4275,592.4679,68437,82714,Rhinolophus ferrumequinum,0.022,0.022,-1,Echolocation,/mnt/ubna_data_02_mir/recover-20220922/UBNA_001/20220921_090000.WAV,Telephone Field,recover-20220922,001,1795
592.4665,592.4767,29765,35653,Eptesicus serotinus,0.014,0.033,-1,Echolocation,/mnt/ubna_data_02_mir/recover-20220922/UBNA_001/20220921_090000.WAV,Telephone Field,recover-20220922,001,1795
592.4695,592.5107,68437,82625,Rhinolophus ferrumequinum,0.027,0.027,-1,Echolocation,/mnt/ubna_data_02_mir/recover-20220922/UBNA_001/20220921_090000.WAV,Telephone Field,recover-20220922,001,1795
592.5065,592.5484,68437,83136,Rhinolophus ferrumequinum,0.035,0.035,-1,Echolocation,/mnt/ubna_data_02_mir/recover-20220922/UBNA_001/20220921_090000.WAV,Telephone Field,recover-20220922,001,1795
592.5525,592.5599,24609,34304,Plecotus austriacus,0.016,0.039,-1,Echolocation,/mnt/ubna_data_02_mir/recover-20220922/UBNA_001/20220921_090000.WAV,Telephone Field,recover-20220922,001,1795
592.5845,592.6242,68437,82771,Rhinolophus ferrumequinum,0.024,0.024,-1,Echolocation,/mnt/ubna_data_02_mir/recover-20220922/UBNA_001/20220921_090000.WAV,Telephone Field,recover-20220922,001,1795
592.6375,592.6458,45234,49599,Pipistrellus pipistrellus,0.02,0.021,-1,Echolocation,/mnt/ubna_data_02_mir/recover-20220922/UBNA_001/20220921_090000.WAV,Telephone Field,recover-20220922,001,1795
592.6514999999999,592.6881,68437,81468,Rhinolophus ferrumequinum,0.022,0.022,-1,Echolocation,/mnt/ubna_data_02_mir/recover-20220922/UBNA_001/20220921_090000.WAV,Telephone Field,recover-20220922,001,1795
592.6695,592.677,52109,59306,Pipistrellus pipistrellus,0.018,0.023,-1,Echolocation,/mnt/ubna_data_02_mir/recover-20220922/UBNA_001/20220921_090000.WAV,Telephone Field,recover-20220922,001,1795
592.6895,592.6983,27187,36453,Eptesicus serotinus,0.008,0.021,-1,Echolocation,/mnt/ubna_data_02_mir/recover-20220922/UBNA_001/20220921_090000.WAV,Telephone Field,recover-20220922,001,1795
592.7335,592.7413,28046,40366,Eptesicus serotinus,0.007,0.021,-1,Echolocation,/mnt/ubna_data_02_mir/recover-20220922/UBNA_001/20220921_090000.WAV,Telephone Field,recover-20220922,001,1795
592.7385,592.7726,68437,81048,Rhinolophus ferrumequinum,0.021,0.021,-1,Echolocation,/mnt/ubna_data_02_mir/recover-20220922/UBNA_001/20220921_090000.WAV,Telephone Field,recover-20220922,001,1795
592.7625,592.7724,50390,56125,Pipistrellus pipistrellus,0.019,0.023,-1,Echolocation,/mnt/ubna_data_02_mir/recover-20220922/UBNA_001/20220921_090000.WAV,Telephone Field,recover-20220922,001,1795
592.7635,592.8031,68437,82164,Rhinolophus ferrumequinum,0.021,0.021,-1,Echolocation,/mnt/ubna_data_02_mir/recover-20220922/UBNA_001/20220921_090000.WAV,Telephone Field,recover-20220922,001,1795
592.7695,592.7773,49531,54132,Pipistrellus pipistrellus,0.026,0.028,-1,Echolocation,/mnt/ubna_data_02_mir/recover-20220922/UBNA_001/20220921_090000.WAV,Telephone Field,recover-20220922,001,1795
592.7815,592.7997,18593,22431,Nyctalus noctula,0.016,0.029,-1,Echolocation,/mnt/ubna_data_02_mir/recover-20220922/UBNA_001/20220921_090000.WAV,Telephone Field,recover-20220922,001,1795
592.8555,592.8655,22031,27102,Nyctalus leisleri,0.009,0.022,-1,Echolocation,/mnt/ubna_data_02_mir/recover-20220922/UBNA_001/20220921_090000.WAV,Telephone Field,recover-20220922,001,1795
592.8745,592.9138,68437,82326,Rhinolophus ferrumequinum,0.021,0.021,-1,Echolocation,/mnt/ubna_data_02_mir/recover-20220922/UBNA_001/20220921_090000.WAV,Telephone Field,recover-20220922,001,1795
592.8915,592.9012,28906,36366,Eptesicus serotinus,0.023,0.039,-1,Echolocation,/mnt/ubna_data_02_mir/recover-20220922/UBNA_001/20220921_090000.WAV,Telephone Field,recover-20220922,001,1795
592.8985,592.9366,68437,81967,Rhinolophus ferrumequinum,0.021,0.021,-1,Echolocation,/mnt/ubna_data_02_mir/recover-20220922/UBNA_001/20220921_090000.WAV,Telephone Field,recover-20220922,001,1795
592.9265,592.9339,27187,41068,Eptesicus serotinus,0.007,0.023,-1,Echolocation,/mnt/ubna_data_02_mir/recover-20220922/UBNA_001/20220921_090000.WAV,Telephone Field,recover-20220922,001,1795
592.9435,592.9847,68437,82633,Rhinolophus ferrumequinum,0.028,0.028,-1,Echolocation,/mnt/ubna_data_02_mir/recover-20220922/UBNA_001/20220921_090000.WAV,Telephone Field,recover-20220922,001,1795
592.9785,593.0189,68437,82309,Rhinolophus ferrumequinum,0.032,0.032,-1,Echolocation,/mnt/ubna_data_02_mir/recover-20220922/UBNA_001/20220921_090000.WAV,Telephone Field,recover-20220922,001,1795
592.9915,593.0002,28906,37806,Eptesicus serotinus,0.009,0.022,-1,Echolocation,/mnt/ubna_data_02_mir/recover-20220922/UBNA_001/20220921_090000.WAV,Telephone Field,recover-20220922,001,1795
593.0445,593.0827,68437,81564,Rhinolophus ferrumequinum,0.022,0.022,-1,Echolocation,/mnt/ubna_data_02_mir/recover-20220922/UBNA_001/20220921_090000.WAV,Telephone Field,recover-20220922,001,1795
593.0725,593.11,68437,81630,Rhinolophus ferrumequinum,0.021,0.021,-1,Echolocation,/mnt/ubna_data_02_mir/recover-20220922/UBNA_001/20220921_090000.WAV,Telephone Field,recover-20220922,001,1795
593.0935,593.1308,68437,81310,Rhinolophus ferrumequinum,0.033,0.033,-1,Echolocation,/mnt/ubna_data_02_mir/recover-20220922/UBNA_001/20220921_090000.WAV,Telephone Field,recover-20220922,001,1795
593.1005,593.1367,68437,81575,Rhinolophus ferrumequinum,0.027,0.028,-1,Echolocation,/mnt/ubna_data_02_mir/recover-20220922/UBNA_001/20220921_090000.WAV,Telephone Field,recover-20220922,001,1795
593.1185,593.1547,68437,81221,Rhinolophus ferrumequinum,0.021,0.021,-1,Echolocation,/mnt/ubna_data_02_mir/recover-20220922/UBNA_001/20220921_090000.WAV,Telephone Field,recover-20220922,001,1795
593.1455,593.1838,68437,81973,Rhinolophus ferrumequinum,0.032,0.032,-1,Echolocation,/mnt/ubna_data_02_mir/recover-20220922/UBNA_001/20220921_090000.WAV,Telephone Field,recover-20220922,001,1795
593.1995,593.213,31484,36092,Eptesicus serotinus,0.012,0.03,-1,Echolocation,/mnt/ubna_data_02_mir/recover-20220922/UBNA_001/20220921_090000.WAV,Telephone Field,recover-20220922,001,1795
593.2235000000001,593.264,68437,82551,Rhinolophus ferrumequinum,0.022,0.022,-1,Echolocation,/mnt/ubna_data_02_mir/recover-20220922/UBNA_001/20220921_090000.WAV,Telephone Field,recover-20220922,001,1795
593.2305,593.2381,22890,31490,Plecotus austriacus,0.011,0.024,-1,Echolocation,/mnt/ubna_data_02_mir/recover-20220922/UBNA_001/20220921_090000.WAV,Telephone Field,recover-20220922,001,1795
593.2725,593.3136,68437,82179,Rhinolophus ferrumequinum,0.021,0.021,-1,Echolocation,/mnt/ubna_data_02_mir/recover-20220922/UBNA_001/20220921_090000.WAV,Telephone Field,recover-20220922,001,1795
593.2845,593.2938,26328,34797,Eptesicus serotinus,0.008,0.021,-1,Echolocation,/mnt/ubna_data_02_mir/recover-20220922/UBNA_001/20220921_090000.WAV,Telephone Field,recover-20220922,001,1795
593.3005,593.3433,68437,82893,Rhinolophus ferrumequinum,0.029,0.029,-1,Echolocation,/mnt/ubna_data_02_mir/recover-20220922/UBNA_001/20220921_090000.WAV,Telephone Field,recover-20220922,001,1795
593.3045,593.3161,23750,29008,Nyctalus leisleri,0.01,0.021,-1,Echolocation,/mnt/ubna_data_02_mir/recover-20220922/UBNA_001/20220921_090000.WAV,Telephone Field,recover-20220922,001,1795
593.3125,593.3239,22890,27500,Nyctalus leisleri,0.013,0.024,-1,Echolocation,/mnt/ubna_data_02_mir/recover-20220922/UBNA_001/20220921_090000.WAV,Telephone Field,recover-20220922,001,1795
593.3235,593.3434,19453,22392,Nyctalus leisleri,0.013,0.026,-1,Echolocation,/mnt/ubna_data_02_mir/recover-20220922/UBNA_001/20220921_090000.WAV,Telephone Field,recover-20220922,001,1795
593.3735,593.3806,28906,40037,Eptesicus serotinus,0.008,0.031,-1,Echolocation,/mnt/ubna_data_02_mir/recover-20220922/UBNA_001/20220921_090000.WAV,Telephone Field,recover-20220922,001,1795
593.3805,593.4175,68437,81734,Rhinolophus ferrumequinum,0.023,0.023,-1,Echolocation,/mnt/ubna_data_02_mir/recover-20220922/UBNA_001/20220921_090000.WAV,Telephone Field,recover-20220922,001,1795
593.3895,593.4275,68437,81476,Rhinolophus ferrumequinum,0.022,0.022,-1,Echolocation,/mnt/ubna_data_02_mir/recover-20220922/UBNA_001/20220921_090000.WAV,Telephone Field,recover-20220922,001,1795
593.4025,593.4119,28906,38772,Eptesicus serotinus,0.01,0.024,-1,Echolocation,/mnt/ubna_data_02_mir/recover-20220922/UBNA_001/20220921_090000.WAV,Telephone Field,recover-20220922,001,1795
593.4265,593.4349,27187,39619,Eptesicus serotinus,0.008,0.021,-1,Echolocation,/mnt/ubna_data_02_mir/recover-20220922/UBNA_001/20220921_090000.WAV,Telephone Field,recover-20220922,001,1795
593.4345,593.4717,68437,81824,Rhinolophus ferrumequinum,0.022,0.022,-1,Echolocation,/mnt/ubna_data_02_mir/recover-20220922/UBNA_001/20220921_090000.WAV,Telephone Field,recover-20220922,001,1795
593.4445,593.4531,28046,44166,Eptesicus serotinus,0.008,0.021,-1,Echolocation,/mnt/ubna_data_02_mir/recover-20220922/UBNA_001/20220921_090000.WAV,Telephone Field,recover-20220922,001,1795
593.4705,593.4824,23750,28125,Nyctalus leisleri,0.017,0.032,-1,Echolocation,/mnt/ubna_data_02_mir/recover-20220922/UBNA_001/20220921_090000.WAV,Telephone Field,recover-20220922,001,1795
593.5195,593.5608,68437,82931,Rhinolophus ferrumequinum,0.026,0.026,-1,Echolocation,/mnt/ubna_data_02_mir/recover-20220922/UBNA_001/20220921_090000.WAV,Telephone Field,recover-20220922,001,1795
593.5205,593.5284,28906,38009,Eptesicus serotinus,0.007,0.022,-1,Echolocation,/mnt/ubna_data_02_mir/recover-20220922/UBNA_001/20220921_090000.WAV,Telephone Field,recover-20220922,001,1795
593.5215,593.529,23750,31536,Plecotus austriacus,0.011,0.023,-1,Echolocation,/mnt/ubna_data_02_mir/recover-20220922/UBNA_001/20220921_090000.WAV,Telephone Field,recover-20220922,001,1795
593.5425,593.5828,68437,82615,Rhinolophus ferrumequinum,0.023,0.023,-1,Echolocation,/mnt/ubna_data_02_mir/recover-20220922/UBNA_001/20220921_090000.WAV,Telephone Field,recover-20220922,001,1795
593.5775,593.5881,23750,27904,Nyctalus leisleri,0.017,0.032,-1,Echolocation,/mnt/ubna_data_02_mir/recover-20220922/UBNA_001/20220921_090000.WAV,Telephone Field,recover-20220922,001,1795
593.6095,593.6218,49531,53385,Pipistrellus pipistrellus,0.017,0.024,-1,Echolocation,/mnt/ubna_data_02_mir/recover-20220922/UBNA_001/20220921_090000.WAV,Telephone Field,recover-20220922,001,1795
593.6215,593.628,28906,41044,Eptesicus serotinus,0.006,0.025,-1,Echolocation,/mnt/ubna_data_02_mir/recover-20220922/UBNA_001/20220921_090000.WAV,Telephone Field,recover-20220922,001,1795
593.6225,593.6289,23750,33990,Plecotus austriacus,0.01,0.024,-1,Echolocation,/mnt/ubna_data_02_mir/recover-20220922/UBNA_001/20220921_090000.WAV,Telephone Field,recover-20220922,001,1795
593.6315,593.6697,68437,81883,Rhinolophus ferrumequinum,0.021,0.021,-1,Echolocation,/mnt/ubna_data_02_mir/recover-20220922/UBNA_001/20220921_090000.WAV,Telephone Field,recover-20220922,001,1795
593.6635,593.6702,27187,39337,Eptesicus serotinus,0.006,0.024,-1,Echolocation,/mnt/ubna_data_02_mir/recover-20220922/UBNA_001/20220921_090000.WAV,Telephone Field,recover-20220922,001,1795
593.6835,593.6912,26328,35306,Eptesicus serotinus,0.007,0.021,-1,Echolocation,/mnt/ubna_data_02_mir/recover-20220922/UBNA_001/20220921_090000.WAV,Telephone Field,recover-20220922,001,1795
593.7015,593.7361,68437,81050,Rhinolophus ferrumequinum,0.022,0.022,-1,Echolocation,/mnt/ubna_data_02_mir/recover-20220922/UBNA_001/20220921_090000.WAV,Telephone Field,recover-20220922,001,1795
593.7315,593.7516,20312,23459,Nyctalus leisleri,0.022,0.041,-1,Echolocation,/mnt/ubna_data_02_mir/recover-20220922/UBNA_001/20220921_090000.WAV,Telephone Field,recover-20220922,001,1795
593.7475,593.754,23750,33969,Plecotus austriacus,0.024,0.043,-1,Echolocation,/mnt/ubna_data_02_mir/recover-20220922/UBNA_001/20220921_090000.WAV,Telephone Field,recover-20220922,001,1795
593.7825,593.7941,23750,28299,Nyctalus leisleri,0.016,0.03,-1,Echolocation,/mnt/ubna_data_02_mir/recover-20220922/UBNA_001/20220921_090000.WAV,Telephone Field,recover-20220922,001,1795
593.7835,593.8238,68437,82728,Rhinolophus ferrumequinum,0.023,0.023,-1,Echolocation,/mnt/ubna_data_02_mir/recover-20220922/UBNA_001/20220921_090000.WAV,Telephone Field,recover-20220922,001,1795
593.7985,593.8396,68437,82271,Rhinolophus ferrumequinum,0.021,0.021,-1,Echolocation,/mnt/ubna_data_02_mir/recover-20220922/UBNA_001/20220921_090000.WAV,Telephone Field,recover-20220922,001,1795
593.8065,593.8457,68437,82245,Rhinolophus ferrumequinum,0.022,0.022,-1,Echolocation,/mnt/ubna_data_02_mir/recover-20220922/UBNA_001/20220921_090000.WAV,Telephone Field,recover-20220922,001,1795
593.8565,593.8962,68437,82366,Rhinolophus ferrumequinum,0.021,0.021,-1,Echolocation,/mnt/ubna_data_02_mir/recover-20220922/UBNA_001/20220921_090000.WAV,Telephone Field,recover-20220922,001,1795
593.8775,593.8996,17734,21129,Nyctalus noctula,0.031,0.046,-1,Echolocation,/mnt/ubna_data_02_mir/recover-20220922/UBNA_001/20220921_090000.WAV,Telephone Field,recover-20220922,001,1795
593.9055,593.9136,27187,41497,Eptesicus serotinus,0.007,0.02,-1,Echolocation,/mnt/ubna_data_02_mir/recover-20220922/UBNA_001/20220921_090000.WAV,Telephone Field,recover-20220922,001,1795
593.9175,593.9525,68437,81130,Rhinolophus ferrumequinum,0.021,0.021,-1,Echolocation,/mnt/ubna_data_02_mir/recover-20220922/UBNA_001/20220921_090000.WAV,Telephone Field,recover-20220922,001,1795
593.9585,593.9995,68437,82319,Rhinolophus ferrumequinum,0.024,0.024,-1,Echolocation,/mnt/ubna_data_02_mir/recover-20220922/UBNA_001/20220921_090000.WAV,Telephone Field,recover-20220922,001,1795
593.9885,593.9989,22031,28184,Nyctalus leisleri,0.008,0.021,-1,Echolocation,/mnt/ubna_data_02_mir/recover-20220922/UBNA_001/20220921_090000.WAV,Telephone Field,recover-20220922,001,1795
594.0015,594.0101,45234,50815,Pipistrellus pipistrellus,0.027,0.032,-1,Echolocation,/mnt/ubna_data_02_mir/recover-20220922/UBNA_001/20220921_090000.WAV,Telephone Field,recover-20220922,001,1795
594.0015,594.0099,26328,33742,Nyctalus leisleri,0.009,0.029,-1,Echolocation,/mnt/ubna_data_02_mir/recover-20220922/UBNA_001/20220921_090000.WAV,Telephone Field,recover-20220922,001,1795
594.0015,594.0098,22031,27992,Nyctalus leisleri,0.01,0.028,-1,Echolocation,/mnt/ubna_data_02_mir/recover-20220922/UBNA_001/20220921_090000.WAV,Telephone Field,recover-20220922,001,1795
594.0015,594.0373,69296,81204,Rhinolophus ferrumequinum,0.048,0.048,-1,Echolocation,/mnt/ubna_data_02_mir/recover-20220922/UBNA_001/20220921_090000.WAV,Telephone Field,recover-20220922,001,1795
594.0105,594.0515,68437,82483,Rhinolophus ferrumequinum,0.022,0.022,-1,Echolocation,/mnt/ubna_data_02_mir/recover-20220922/UBNA_001/20220921_090000.WAV,Telephone Field,recover-20220922,001,1795
594.0285,594.0682,68437,82475,Rhinolophus ferrumequinum,0.023,0.023,-1,Echolocation,/mnt/ubna_data_02_mir/recover-20220922/UBNA_001/20220921_090000.WAV,Telephone Field,recover-20220922,001,1795
594.0305,594.0394,28906,38858,Eptesicus serotinus,0.008,0.021,-1,Echolocation,/mnt/ubna_data_02_mir/recover-20220922/UBNA_001/20220921_090000.WAV,Telephone Field,recover-20220922,001,1795
594.0395,594.0829,68437,83191,Rhinolophus ferrumequinum,0.032,0.032,-1,Echolocation,/mnt/ubna_data_02_mir/recover-20220922/UBNA_001/20220921_090000.WAV,Telephone Field,recover-20220922,001,1795
594.0585,594.0734,29765,35035,Eptesicus serotinus,0.031,0.052,-1,Echolocation,/mnt/ubna_data_02_mir/recover-20220922/UBNA_001/20220921_090000.WAV,Telephone Field,recover-20220922,001,1795
594.0675,594.1055,68437,82393,Rhinolophus ferrumequinum,0.021,0.021,-1,Echolocation,/mnt/ubna_data_02_mir/recover-20220922/UBNA_001/20220921_090000.WAV,Telephone Field,recover-20220922,001,1795
594.0895,594.126,68437,81370,Rhinolophus ferrumequinum,0.029,0.029,-1,Echolocation,/mnt/ubna_data_02_mir/recover-20220922/UBNA_001/20220921_090000.WAV,Telephone Field,recover-20220922,001,1795
594.1005,594.1111,25468,31253,Eptesicus serotinus,0.022,0.054,-1,Echolocation,/mnt/ubna_data_02_mir/recover-20220922/UBNA_001/20220921_090000.WAV,Telephone Field,recover-20220922,001,1795
594.1045,594.1386,68437,80555,Rhinolophus ferrumequinum,0.022,0.022,-1,Echolocation,/mnt/ubna_data_02_mir/recover-20220922/UBNA_001/20220921_090000.WAV,Telephone Field,recover-20220922,001,1795
594.1325,594.1721,68437,82449,Rhinolophus ferrumequinum,0.022,0.022,-1,Echolocation,/mnt/ubna_data_02_mir/recover-20220922/UBNA_001/20220921_090000.WAV,Telephone Field,recover-20220922,001,1795
594.1625,594.1827,20312,23448,Nyctalus leisleri,0.016,0.03,-1,Echolocation,/mnt/ubna_data_02_mir/recover-20220922/UBNA_001/20220921_090000.WAV,Telephone Field,recover-20220922,001,1795
594.1635,594.2008,68437,81852,Rhinolophus ferrumequinum,0.022,0.022,-1,Echolocation,/mnt/ubna_data_02_mir/recover-20220922/UBNA_001/20220921_090000.WAV,Telephone Field,recover-20220922,001,1795
594.1695,594.1788,47812,54254,Pipistrellus pipistrellus,0.022,0.025,-1,Echolocation,/mnt/ubna_data_02_mir/recover-20220922/UBNA_001/20220921_090000.WAV,Telephone Field,recover-20220922,001,1795
594.1715,594.1792,27187,36648,Eptesicus serotinus,0.012,0.028,-1,Echolocation,/mnt/ubna_data_02_mir/recover-20220922/UBNA_001/20220921_090000.WAV,Telephone Field,recover-20220922,001,1795
594.1785,594.2159,68437,81466,Rhinolophus ferrumequinum,0.021,0.021,-1,Echolocation,/mnt/ubna_data_02_mir/recover-20220922/UBNA_001/20220921_090000.WAV,Telephone Field,recover-20220922,001,1795
594.1975,594.2355,68437,82200,Rhinolophus ferrumequinum,0.023,0.023,-1,Echolocation,/mnt/ubna_data_02_mir/recover-20220922/UBNA_001/20220921_090000.WAV,Telephone Field,recover-20220922,001,1795
594.2085,594.249,68437,82679,Rhinolophus ferrumequinum,0.021,0.021,-1,Echolocation,/mnt/ubna_data_02_mir/recover-20220922/UBNA_001/20220921_090000.WAV,Telephone Field,recover-20220922,001,1795
594.2475,594.2861,68437,82310,Rhinolophus ferrumequinum,0.022,0.022,-1,Echolocation,/mnt/ubna_data_02_mir/recover-20220922/UBNA_001/20220921_090000.WAV,Telephone Field,recover-20220922,001,1795
594.2665,594.2829,21171,24257,Nyctalus leisleri,0.014,0.022,-1,Echolocation,/mnt/ubna_data_02_mir/recover-20220922/UBNA_001/20220921_090000.WAV,Telephone Field,recover-20220922,001,1795
594.2895,594.3272,68437,81925,Rhinolophus ferrumequinum,0.021,0.021,-1,Echolocation,/mnt/ubna_data_02_mir/recover-20220922/UBNA_001/20220921_090000.WAV,Telephone Field,recover-20220922,001,1795
594.2895,594.2954,46953,51181,Pipistrellus pipistrellus,0.021,0.021,-1,Echolocation,/mnt/ubna_data_02_mir/recover-20220922/UBNA_001/20220921_090000.WAV,Telephone Field,recover-20220922,001,1795
594.2905,594.2973,23750,33226,Plecotus austriacus,0.012,0.025,-1,Echolocation,/mnt/ubna_data_02_mir/recover-20220922/UBNA_001/20220921_090000.WAV,Telephone Field,recover-20220922,001,1795
594.3175,594.3532,68437,82200,Rhinolophus ferrumequinum,0.023,0.023,-1,Echolocation,/mnt/ubna_data_02_mir/recover-20220922/UBNA_001/20220921_090000.WAV,Telephone Field,recover-20220922,001,1795
594.3395,594.35,23750,29937,Nyctalus leisleri,0.009,0.022,-1,Echolocation,/mnt/ubna_data_02_mir/recover-20220922/UBNA_001/20220921_090000.WAV,Telephone Field,recover-20220922,001,1795
594.4055,594.4457,68437,82131,Rhinolophus ferrumequinum,0.024,0.024,-1,Echolocation,/mnt/ubna_data_02_mir/recover-20220922/UBNA_001/20220921_090000.WAV,Telephone Field,recover-20220922,001,1795
594.4315,594.4413,22890,29577,Nyctalus leisleri,0.01,0.03,-1,Echolocation,/mnt/ubna_data_02_mir/recover-20220922/UBNA_001/20220921_090000.WAV,Telephone Field,recover-20220922,001,1795
594.4475,594.4858,68437,82558,Rhinolophus ferrumequinum,0.022,0.022,-1,Echolocation,/mnt/ubna_data_02_mir/recover-20220922/UBNA_001/20220921_090000.WAV,Telephone Field,recover-20220922,001,1795
594.4515,594.4573,28906,42598,Eptesicus serotinus,0.013,0.052,-1,Echolocation,/mnt/ubna_data_02_mir/recover-20220922/UBNA_001/20220921_090000.WAV,Telephone Field,recover-20220922,001,1795
594.4715,594.5102,68437,82171,Rhinolophus ferrumequinum,0.028,0.028,-1,Echolocation,/mnt/ubna_data_02_mir/recover-20220922/UBNA_001/20220921_090000.WAV,Telephone Field,recover-20220922,001,1795
594.5055,594.541,68437,81592,Rhinolophus ferrumequinum,0.024,0.024,-1,Echolocation,/mnt/ubna_data_02_mir/recover-20220922/UBNA_001/20220921_090000.WAV,Telephone Field,recover-20220922,001,1795
594.5205,594.5309,28906,36018,Eptesicus serotinus,0.01,0.021,-1,Echolocation,/mnt/ubna_data_02_mir/recover-20220922/UBNA_001/20220921_090000.WAV,Telephone Field,recover-20220922,001,1795
594.5435,594.5541,22890,28296,Nyctalus leisleri,0.009,0.021,-1,Echolocation,/mnt/ubna_data_02_mir/recover-20220922/UBNA_001/20220921_090000.WAV,Telephone Field,recover-20220922,001,1795
594.5555,594.593,68437,81890,Rhinolophus ferrumequinum,0.023,0.023,-1,Echolocation,/mnt/ubna_data_02_mir/recover-20220922/UBNA_001/20220921_090000.WAV,Telephone Field,recover-20220922,001,1795
594.6205,594.6615,68437,82864,Rhinolophus ferrumequinum,0.022,0.022,-1,Echolocation,/mnt/ubna_data_02_mir/recover-20220922/UBNA_001/20220921_090000.WAV,Telephone Field,recover-20220922,001,1795
594.6365,594.647,50390,54121,Pipistrellus pipistrellus,0.052,0.062,-1,Echolocation,/mnt/ubna_data_02_mir/recover-20220922/UBNA_001/20220921_090000.WAV,Telephone Field,recover-20220922,001,1795
594.6395,594.6771,68437,82182,Rhinolophus ferrumequinum,0.023,0.023,-1,Echolocation,/mnt/ubna_data_02_mir/recover-20220922/UBNA_001/20220921_090000.WAV,Telephone Field,recover-20220922,001,1795
594.6665,594.7052,68437,81814,Rhinolophus ferrumequinum,0.022,0.022,-1,Echolocation,/mnt/ubna_data_02_mir/recover-20220922/UBNA_001/20220921_090000.WAV,Telephone Field,recover-20220922,001,1795
594.6825,594.6926,29765,37471,Eptesicus serotinus,0.014,0.027,-1,Echolocation,/mnt/ubna_data_02_mir/recover-20220922/UBNA_001/20220921_090000.WAV,Telephone Field,recover-20220922,001,1795
594.7225,594.73,28046,40537,Eptesicus serotinus,0.008,0.025,-1,Echolocation,/mnt/ubna_data_02_mir/recover-20220922/UBNA_001/20220921_090000.WAV,Telephone Field,recover-20220922,001,1795
594.7405,594.7804,68437,82360,Rhinolophus ferrumequinum,0.032,0.032,-1,Echolocation,/mnt/ubna_data_02_mir/recover-20220922/UBNA_001/20220921_090000.WAV,Telephone Field,recover-20220922,001,1795
594.7695,594.7791,28906,39894,Eptesicus serotinus,0.012,0.029,-1,Echolocation,/mnt/ubna_data_02_mir/recover-20220922/UBNA_001/20220921_090000.WAV,Telephone Field,recover-20220922,001,1795
594.8125,594.8532,68437,83281,Rhinolophus ferrumequinum,0.023,0.023,-1,Echolocation,/mnt/ubna_data_02_mir/recover-20220922/UBNA_001/20220921_090000.WAV,Telephone Field,recover-20220922,001,1795
594.8375,594.8774,68437,82757,Rhinolophus ferrumequinum,0.029,0.029,-1,Echolocation,/mnt/ubna_data_02_mir/recover-20220922/UBNA_001/20220921_090000.WAV,Telephone Field,recover-20220922,001,1795
594.8555,594.865,24609,33260,Eptesicus serotinus,0.009,0.026,-1,Echolocation,/mnt/ubna_data_02_mir/recover-20220922/UBNA_001/20220921_090000.WAV,Telephone Field,recover-20220922,001,1795
594.8725,594.9122,68437,82460,Rhinolophus ferrumequinum,0.023,0.023,-1,Echolocation,/mnt/ubna_data_02_mir/recover-20220922/UBNA_001/20220921_090000.WAV,Telephone Field,recover-20220922,001,1795
594.9305,594.9703,68437,81905,Rhinolophus ferrumequinum,0.025,0.025,-1,Echolocation,/mnt/ubna_data_02_mir/recover-20220922/UBNA_001/20220921_090000.WAV,Telephone Field,recover-20220922,001,1795
594.9515,594.991,68437,82368,Rhinolophus ferrumequinum,0.024,0.024,-1,Echolocation,/mnt/ubna_data_02_mir/recover-20220922/UBNA_001/20220921_090000.WAV,Telephone Field,recover-20220922,001,1795
594.9535,594.9661,23750,29593,Nyctalus leisleri,0.012,0.026,-1,Echolocation,/mnt/ubna_data_02_mir/recover-20220922/UBNA_001/20220921_090000.WAV,Telephone Field,recover-20220922,001,1795
594.9585,594.9704,25468,31329,Nyctalus leisleri,0.01,0.026,-1,Echolocation,/mnt/ubna_data_02_mir/recover-20220922/UBNA_001/20220921_090000.WAV,Telephone Field,recover-20220922,001,1795
594.9795,594.9886,28906,38489,Eptesicus serotinus,0.009,0.024,-1,Echolocation,/mnt/ubna_data_02_mir/recover-20220922/UBNA_001/20220921_090000.WAV,Telephone Field,recover-20220922,001,1795
595.0025,595.0471,68437,83274,Rhinolophus ferrumequinum,0.053,0.053,-1,Echolocation,/mnt/ubna_data_02_mir/recover-20220922/UBNA_001/20220921_090000.WAV,Telephone Field,recover-20220922,001,1795
595.0025,595.0124,28046,36719,Eptesicus serotinus,0.016,0.029,-1,Echolocation,/mnt/ubna_data_02_mir/recover-20220922/UBNA_001/20220921_090000.WAV,Telephone Field,recover-20220922,001,1795
595.0365,595.0741,68437,81753,Rhinolophus ferrumequinum,0.021,0.021,-1,Echolocation,/mnt/ubna_data_02_mir/recover-20220922/UBNA_001/20220921_090000.WAV,Telephone Field,recover-20220922,001,1795
595.0685,595.1068,68437,81982,Rhinolophus ferrumequinum,0.024,0.024,-1,Echolocation,/mnt/ubna_data_02_mir/recover-20220922/UBNA_001/20220921_090000.WAV,Telephone Field,recover-20220922,001,1795
595.0785,595.0861,28046,44455,Eptesicus serotinus,0.007,0.021,-1,Echolocation,/mnt/ubna_data_02_mir/recover-20220922/UBNA_001/20220921_090000.WAV,Telephone Field,recover-20220922,001,1795
595.0915,595.108,21171,24411,Nyctalus leisleri,0.017,0.028,-1,Echolocation,/mnt/ubna_data_02_mir/recover-20220922/UBNA_001/20220921_090000.WAV,Telephone Field,recover-20220922,001,1795
595.0975,595.1368,68437,82071,Rhinolophus ferrumequinum,0.022,0.022,-1,Echolocation,/mnt/ubna_data_02_mir/recover-20220922/UBNA_001/20220921_090000.WAV,Telephone Field,recover-20220922,001,1795
595.1105,595.1194,28906,37792,Eptesicus serotinus,0.008,0.023,-1,Echolocation,/mnt/ubna_data_02_mir/recover-20220922/UBNA_001/20220921_090000.WAV,Telephone Field,recover-20220922,001,1795
595.1355,595.175,68437,82922,Rhinolophus ferrumequinum,0.026,0.026,-1,Echolocation,/mnt/ubna_data_02_mir/recover-20220922/UBNA_001/20220921_090000.WAV,Telephone Field,recover-20220922,001,1795
595.1495,595.189,68437,82376,Rhinolophus ferrumequinum,0.021,0.021,-1,Echolocation,/mnt/ubna_data_02_mir/recover-20220922/UBNA_001/20220921_090000.WAV,Telephone Field,recover-20220922,001,1795
595.1705,595.2095,68437,82074,Rhinolophus ferrumequinum,0.021,0.021,-1,Echolocation,/mnt/ubna_data_02_mir/recover-20220922/UBNA_001/20220921_090000.WAV,Telephone Field,recover-20220922,001,1795
595.1765,595.1844,32343,43039,Myotis daubentonii,0.009,0.025,-1,Echolocation,/mnt/ubna_data_02_mir/recover-20220922/UBNA_001/20220921_090000.WAV,Telephone Field,recover-20220922,001,1795
595.1775,595.1851,27187,42011,Eptesicus serotinus,0.007,0.022,-1,Echolocation,/mnt/ubna_data_02_mir/recover-20220922/UBNA_001/20220921_090000.WAV,Telephone Field,recover-20220922,001,1795
595.1845,595.2215,68437,81685,Rhinolophus ferrumequinum,0.021,0.021,-1,Echolocation,/mnt/ubna_data_02_mir/recover-20220922/UBNA_001/20220921_090000.WAV,Telephone Field,recover-20220922,001,1795
595.1895,595.1985,25468,32373,Eptesicus serotinus,0.007,0.022,-1,Echolocation,/mnt/ubna_data_02_mir/recover-20220922/UBNA_001/20220921_090000.WAV,Telephone Field,recover-20220922,001,1795
595.1895,595.2229,68437,81344,Rhinolophus ferrumequinum,0.021,0.021,-1,Echolocation,/mnt/ubna_data_02_mir/recover-20220922/UBNA_001/20220921_090000.WAV,Telephone Field,recover-20220922,001,1795
595.2015,595.2121,22031,26400,Nyctalus leisleri,0.01,0.023,-1,Echolocation,/mnt/ubna_data_02_mir/recover-20220922/UBNA_001/20220921_090000.WAV,Telephone Field,recover-20220922,001,1795
595.2175,595.2533,68437,81333,Rhinolophus ferrumequinum,0.022,0.022,-1,Echolocation,/mnt/ubna_data_02_mir/recover-20220922/UBNA_001/20220921_090000.WAV,Telephone Field,recover-20220922,001,1795
595.2495,595.2858,68437,81186,Rhinolophus ferrumequinum,0.024,0.024,-1,Echolocation,/mnt/ubna_data_02_mir/recover-20220922/UBNA_001/20220921_090000.WAV,Telephone Field,recover-20220922,001,1795
595.2715,595.3089,68437,81335,Rhinolophus ferrumequinum,0.023,0.023,-1,Echolocation,/mnt/ubna_data_02_mir/recover-20220922/UBNA_001/20220921_090000.WAV,Telephone Field,recover-20220922,001,1795
595.2805,595.2931,36640,39909,Pipistrellus nathusii,0.008,0.028,-1,Echolocation,/mnt/ubna_data_02_mir/recover-20220922/UBNA_001/20220921_090000.WAV,Telephone Field,recover-20220922,001,1795
595.2855,595.3244,68437,82191,Rhinolophus ferrumequinum,0.022,0.022,-1,Echolocation,/mnt/ubna_data_02_mir/recover-20220922/UBNA_001/20220921_090000.WAV,Telephone Field,recover-20220922,001,1795
595.3135,595.3239,22890,28006,Nyctalus leisleri,0.012,0.025,-1,Echolocation,/mnt/ubna_data_02_mir/recover-20220922/UBNA_001/20220921_090000.WAV,Telephone Field,recover-20220922,001,1795
595.3205,595.36,68437,81842,Rhinolophus ferrumequinum,0.024,0.024,-1,Echolocation,/mnt/ubna_data_02_mir/recover-20220922/UBNA_001/20220921_090000.WAV,Telephone Field,recover-20220922,001,1795
595.3275,595.3637,68437,80970,Rhinolophus ferrumequinum,0.029,0.029,-1,Echolocation,/mnt/ubna_data_02_mir/recover-20220922/UBNA_001/20220921_090000.WAV,Telephone Field,recover-20220922,001,1795
595.3385,595.3752,68437,81233,Rhinolophus ferrumequinum,0.024,0.024,-1,Echolocation,/mnt/ubna_data_02_mir/recover-20220922/UBNA_001/20220921_090000.WAV,Telephone Field,recover-20220922,001,1795
595.3555,595.3626,26328,36298,Eptesicus serotinus,0.008,0.031,-1,Echolocation,/mnt/ubna_data_02_mir/recover-20220922/UBNA_001/20220921_090000.WAV,Telephone Field,recover-20220922,001,1795
595.4125,595.4522,68437,82513,Rhinolophus ferrumequinum,0.023,0.023,-1,Echolocation,/mnt/ubna_data_02_mir/recover-20220922/UBNA_001/20220921_090000.WAV,Telephone Field,recover-20220922,001,1795
595.4385,595.4493,23750,29330,Nyctalus leisleri,0.01,0.024,-1,Echolocation,/mnt/ubna_data_02_mir/recover-20220922/UBNA_001/20220921_090000.WAV,Telephone Field,recover-20220922,001,1795
595.4535,595.4634,27187,35765,Eptesicus serotinus,0.011,0.024,-1,Echolocation,/mnt/ubna_data_02_mir/recover-20220922/UBNA_001/20220921_090000.WAV,Telephone Field,recover-20220922,001,1795
595.4795,595.4932,23750,28411,Nyctalus leisleri,0.023,0.047,-1,Echolocation,/mnt/ubna_data_02_mir/recover-20220922/UBNA_001/20220921_090000.WAV,Telephone Field,recover-20220922,001,1795
595.4985,595.5079,28046,37575,Eptesicus serotinus,0.008,0.021,-1,Echolocation,/mnt/ubna_data_02_mir/recover-20220922/UBNA_001/20220921_090000.WAV,Telephone Field,recover-20220922,001,1795
595.5335,595.5704,68437,81477,Rhinolophus ferrumequinum,0.021,0.021,-1,Echolocation,/mnt/ubna_data_02_mir/recover-20220922/UBNA_001/20220921_090000.WAV,Telephone Field,recover-20220922,001,1795
595.5445,595.555,23750,29833,Nyctalus leisleri,0.009,0.021,-1,Echolocation,/mnt/ubna_data_02_mir/recover-20220922/UBNA_001/20220921_090000.WAV,Telephone Field,recover-20220922,001,1795
595.5445,595.5855,68437,82436,Rhinolophus ferrumequinum,0.021,0.021,-1,Echolocation,/mnt/ubna_data_02_mir/recover-20220922/UBNA_001/20220921_090000.WAV,Telephone Field,recover-20220922,001,1795
595.5495,595.5901,68437,82194,Rhinolophus ferrumequinum,0.021,0.021,-1,Echolocation,/mnt/ubna_data_02_mir/recover-20220922/UBNA_001/20220921_090000.WAV,Telephone Field,recover-20220922,001,1795
595.5695,595.6089,68437,82257,Rhinolophus ferrumequinum,0.022,0.022,-1,Echolocation,/mnt/ubna_data_02_mir/recover-20220922/UBNA_001/20220921_090000.WAV,Telephone Field,recover-20220922,001,1795
595.5705,595.5797,28046,38953,Eptesicus serotinus,0.009,0.023,-1,Echolocation,/mnt/ubna_data_02_mir/recover-20220922/UBNA_001/20220921_090000.WAV,Telephone Field,recover-20220922,001,1795
595.5855,595.6265,68437,82845,Rhinolophus ferrumequinum,0.023,0.023,-1,Echolocation,/mnt/ubna_data_02_mir/recover-20220922/UBNA_001/20220921_090000.WAV,Telephone Field,recover-20220922,001,1795
595.6395,595.6752,68437,81528,Rhinolophus ferrumequinum,0.021,0.021,-1,Echolocation,/mnt/ubna_data_02_mir/recover-20220922/UBNA_001/20220921_090000.WAV,Telephone Field,recover-20220922,001,1795
595.6514999999999,595.6887,68437,81899,Rhinolophus ferrumequinum,0.024,0.024,-1,Echolocation,/mnt/ubna_data_02_mir/recover-20220922/UBNA_001/20220921_090000.WAV,Telephone Field,recover-20220922,001,1795
595.6805,595.7209,68437,81671,Rhinolophus ferrumequinum,0.025,0.025,-1,Echolocation,/mnt/ubna_data_02_mir/recover-20220922/UBNA_001/20220921_090000.WAV,Telephone Field,recover-20220922,001,1795
595.6835,595.6921,23750,31773,Plecotus austriacus,0.007,0.022,-1,Echolocation,/mnt/ubna_data_02_mir/recover-20220922/UBNA_001/20220921_090000.WAV,Telephone Field,recover-20220922,001,1795
595.6925,595.7314,68437,82090,Rhinolophus ferrumequinum,0.023,0.023,-1,Echolocation,/mnt/ubna_data_02_mir/recover-20220922/UBNA_001/20220921_090000.WAV,Telephone Field,recover-20220922,001,1795
595.7395,595.7753,68437,81443,Rhinolophus ferrumequinum,0.021,0.021,-1,Echolocation,/mnt/ubna_data_02_mir/recover-20220922/UBNA_001/20220921_090000.WAV,Telephone Field,recover-20220922,001,1795
595.7595,595.7975,68437,81813,Rhinolophus ferrumequinum,0.022,0.022,-1,Echolocation,/mnt/ubna_data_02_mir/recover-20220922/UBNA_001/20220921_090000.WAV,Telephone Field,recover-20220922,001,1795
595.7885,595.8295,68437,82644,Rhinolophus ferrumequinum,0.026,0.027,-1,Echolocation,/mnt/ubna_data_02_mir/recover-20220922/UBNA_001/20220921_090000.WAV,Telephone Field,recover-20220922,001,1795
595.7965,595.8058,24609,32896,Eptesicus serotinus,0.008,0.025,-1,Echolocation,/mnt/ubna_data_02_mir/recover-20220922/UBNA_001/20220921_090000.WAV,Telephone Field,recover-20220922,001,1795
595.8415,595.8842,68437,83167,Rhinolophus ferrumequinum,0.04,0.04,-1,Echolocation,/mnt/ubna_data_02_mir/recover-20220922/UBNA_001/20220921_090000.WAV,Telephone Field,recover-20220922,001,1795
595.8815,595.9186,68437,81285,Rhinolophus ferrumequinum,0.023,0.023,-1,Echolocation,/mnt/ubna_data_02_mir/recover-20220922/UBNA_001/20220921_090000.WAV,Telephone Field,recover-20220922,001,1795
595.8855,595.8963,29765,38976,Eptesicus serotinus,0.013,0.026,-1,Echolocation,/mnt/ubna_data_02_mir/recover-20220922/UBNA_001/20220921_090000.WAV,Telephone Field,recover-20220922,001,1795
595.9415,595.9494,28046,41080,Eptesicus serotinus,0.008,0.023,-1,Echolocation,/mnt/ubna_data_02_mir/recover-20220922/UBNA_001/20220921_090000.WAV,Telephone Field,recover-20220922,001,1795
595.9475,595.9864,68437,82078,Rhinolophus ferrumequinum,0.024,0.024,-1,Echolocation,/mnt/ubna_data_02_mir/recover-20220922/UBNA_001/20220921_090000.WAV,Telephone Field,recover-20220922,001,1795
595.9845,595.9942,45234,55012,Pipistrellus pipistrellus,0.017,0.022,-1,Echolocation,/mnt/ubna_data_02_mir/recover-20220922/UBNA_001/20220921_090000.WAV,Telephone Field,recover-20220922,001,1795
596.0015,596.0110999999999,22031,28214,Nyctalus leisleri,0.011,0.029,-1,Echolocation,/mnt/ubna_data_02_mir/recover-20220922/UBNA_001/20220921_090000.WAV,Telephone Field,recover-20220922,001,1795
596.0015,596.0313,68437,79706,Rhinolophus ferrumequinum,0.03,0.03,-1,Echolocation,/mnt/ubna_data_02_mir/recover-20220922/UBNA_001/20220921_090000.WAV,Telephone Field,recover-20220922,001,1795
596.0085,596.0467,68437,81408,Rhinolophus ferrumequinum,0.023,0.023,-1,Echolocation,/mnt/ubna_data_02_mir/recover-20220922/UBNA_001/20220921_090000.WAV,Telephone Field,recover-20220922,001,1795
596.0435,596.0813,68437,81206,Rhinolophus ferrumequinum,0.024,0.025,-1,Echolocation,/mnt/ubna_data_02_mir/recover-20220922/UBNA_001/20220921_090000.WAV,Telephone Field,recover-20220922,001,1795
596.0715,596.112,68437,82924,Rhinolophus ferrumequinum,0.027,0.027,-1,Echolocation,/mnt/ubna_data_02_mir/recover-20220922/UBNA_001/20220921_090000.WAV,Telephone Field,recover-20220922,001,1795
596.0825,596.1203,68437,82068,Rhinolophus ferrumequinum,0.023,0.023,-1,Echolocation,/mnt/ubna_data_02_mir/recover-20220922/UBNA_001/20220921_090000.WAV,Telephone Field,recover-20220922,001,1795
596.1085,596.1478,68437,82779,Rhinolophus ferrumequinum,0.03,0.03,-1,Echolocation,/mnt/ubna_data_02_mir/recover-20220922/UBNA_001/20220921_090000.WAV,Telephone Field,recover-20220922,001,1795
596.1445,596.183,68437,82001,Rhinolophus ferrumequinum,0.023,0.023,-1,Echolocation,/mnt/ubna_data_02_mir/recover-20220922/UBNA_001/20220921_090000.WAV,Telephone Field,recover-20220922,001,1795
596.1745,596.2151,68437,83048,Rhinolophus ferrumequinum,0.049,0.049,-1,Echolocation,/mnt/ubna_data_02_mir/recover-20220922/UBNA_001/20220921_090000.WAV,Telephone Field,recover-20220922,001,1795
596.2035,596.24,68437,81235,Rhinolophus ferrumequinum,0.022,0.022,-1,Echolocation,/mnt/ubna_data_02_mir/recover-20220922/UBNA_001/20220921_090000.WAV,Telephone Field,recover-20220922,001,1795
596.2595,596.3023,68437,83378,Rhinolophus ferrumequinum,0.064,0.064,-1,Echolocation,/mnt/ubna_data_02_mir/recover-20220922/UBNA_001/20220921_090000.WAV,Telephone Field,recover-20220922,001,1795
596.2635,596.2731,28906,35845,Eptesicus serotinus,0.008,0.025,-1,Echolocation,/mnt/ubna_data_02_mir/recover-20220922/UBNA_001/20220921_090000.WAV,Telephone Field,recover-20220922,001,1795
596.3045,596.3131,28046,40723,Eptesicus serotinus,0.011,0.026,-1,Echolocation,/mnt/ubna_data_02_mir/recover-20220922/UBNA_001/20220921_090000.WAV,Telephone Field,recover-20220922,001,1795
596.3305,596.3716,68437,82551,Rhinolophus ferrumequinum,0.029,0.029,-1,Echolocation,/mnt/ubna_data_02_mir/recover-20220922/UBNA_001/20220921_090000.WAV,Telephone Field,recover-20220922,001,1795
596.3425,596.3619,19453,22014,Nyctalus leisleri,0.015,0.03,-1,Echolocation,/mnt/ubna_data_02_mir/recover-20220922/UBNA_001/20220921_090000.WAV,Telephone Field,recover-20220922,001,1795
596.3645,596.4079,68437,82987,Rhinolophus ferrumequinum,0.034,0.034,-1,Echolocation,/mnt/ubna_data_02_mir/recover-20220922/UBNA_001/20220921_090000.WAV,Telephone Field,recover-20220922,001,1795
596.3975,596.4367,68437,82100,Rhinolophus ferrumequinum,0.023,0.023,-1,Echolocation,/mnt/ubna_data_02_mir/recover-20220922/UBNA_001/20220921_090000.WAV,Telephone Field,recover-20220922,001,1795
596.4255,596.462,68437,81673,Rhinolophus ferrumequinum,0.022,0.022,-1,Echolocation,/mnt/ubna_data_02_mir/recover-20220922/UBNA_001/20220921_090000.WAV,Telephone Field,recover-20220922,001,1795
596.4255,596.436,22031,26753,Nyctalus leisleri,0.01,0.022,-1,Echolocation,/mnt/ubna_data_02_mir/recover-20220922/UBNA_001/20220921_090000.WAV,Telephone Field,recover-20220922,001,1795
596.4705,596.5129,68437,83216,Rhinolophus ferrumequinum,0.043,0.043,-1,Echolocation,/mnt/ubna_data_02_mir/recover-20220922/UBNA_001/20220921_090000.WAV,Telephone Field,recover-20220922,001,1795
596.4755,596.4879,28906,33220,Eptesicus serotinus,0.02,0.038,-1,Echolocation,/mnt/ubna_data_02_mir/recover-20220922/UBNA_001/20220921_090000.WAV,Telephone Field,recover-20220922,001,1795
596.4885,596.5278,68437,82475,Rhinolophus ferrumequinum,0.022,0.022,-1,Echolocation,/mnt/ubna_data_02_mir/recover-20220922/UBNA_001/20220921_090000.WAV,Telephone Field,recover-20220922,001,1795
596.5075,596.5174,28046,36156,Eptesicus serotinus,0.01,0.022,-1,Echolocation,/mnt/ubna_data_02_mir/recover-20220922/UBNA_001/20220921_090000.WAV,Telephone Field,recover-20220922,001,1795
596.5115,596.5488,68437,81336,Rhinolophus ferrumequinum,0.022,0.022,-1,Echolocation,/mnt/ubna_data_02_mir/recover-20220922/UBNA_001/20220921_090000.WAV,Telephone Field,recover-20220922,001,1795
596.5475,596.5877,68437,82586,Rhinolophus ferrumequinum,0.023,0.023,-1,Echolocation,/mnt/ubna_data_02_mir/recover-20220922/UBNA_001/20220921_090000.WAV,Telephone Field,recover-20220922,001,1795
596.5715,596.6125,68437,83192,Rhinolophus ferrumequinum,0.029,0.029,-1,Echolocation,/mnt/ubna_data_02_mir/recover-20220922/UBNA_001/20220921_090000.WAV,Telephone Field,recover-20220922,001,1795
596.6445,596.6857,68437,82614,Rhinolophus ferrumequinum,0.028,0.028,-1,Echolocation,/mnt/ubna_data_02_mir/recover-20220922/UBNA_001/20220921_090000.WAV,Telephone Field,recover-20220922,001,1795
596.6465,596.6553,26328,35174,Eptesicus serotinus,0.01,0.024,-1,Echolocation,/mnt/ubna_data_02_mir/recover-20220922/UBNA_001/20220921_090000.WAV,Telephone Field,recover-20220922,001,1795
596.6705,596.7109,68437,82984,Rhinolophus ferrumequinum,0.03,0.03,-1,Echolocation,/mnt/ubna_data_02_mir/recover-20220922/UBNA_001/20220921_090000.WAV,Telephone Field,recover-20220922,001,1795
596.6965,596.7097,23750,28789,Nyctalus leisleri,0.019,0.039,-1,Echolocation,/mnt/ubna_data_02_mir/recover-20220922/UBNA_001/20220921_090000.WAV,Telephone Field,recover-20220922,001,1795
596.7205,596.7622,68437,82174,Rhinolophus ferrumequinum,0.022,0.022,-1,Echolocation,/mnt/ubna_data_02_mir/recover-20220922/UBNA_001/20220921_090000.WAV,Telephone Field,recover-20220922,001,1795
596.7265,596.7681,68437,82673,Rhinolophus ferrumequinum,0.022,0.022,-1,Echolocation,/mnt/ubna_data_02_mir/recover-20220922/UBNA_001/20220921_090000.WAV,Telephone Field,recover-20220922,001,1795
596.7585,596.7987,68437,82761,Rhinolophus ferrumequinum,0.039,0.039,-1,Echolocation,/mnt/ubna_data_02_mir/recover-20220922/UBNA_001/20220921_090000.WAV,Telephone Field,recover-20220922,001,1795
596.8005,596.8095,28046,39604,Eptesicus serotinus,0.009,0.022,-1,Echolocation,/mnt/ubna_data_02_mir/recover-20220922/UBNA_001/20220921_090000.WAV,Telephone Field,recover-20220922,001,1795
596.8055,596.813,28046,42050,Eptesicus serotinus,0.007,0.023,-1,Echolocation,/mnt/ubna_data_02_mir/recover-20220922/UBNA_001/20220921_090000.WAV,Telephone Field,recover-20220922,001,1795
596.8185,596.8286,22890,28668,Nyctalus leisleri,0.01,0.024,-1,Echolocation,/mnt/ubna_data_02_mir/recover-20220922/UBNA_001/20220921_090000.WAV,Telephone Field,recover-20220922,001,1795
596.8385,596.8762,68437,81701,Rhinolophus ferrumequinum,0.024,0.024,-1,Echolocation,/mnt/ubna_data_02_mir/recover-20220922/UBNA_001/20220921_090000.WAV,Telephone Field,recover-20220922,001,1795
596.8635,596.9021,68437,82096,Rhinolophus ferrumequinum,0.022,0.022,-1,Echolocation,/mnt/ubna_data_02_mir/recover-20220922/UBNA_001/20220921_090000.WAV,Telephone Field,recover-20220922,001,1795
596.8675,596.8738,28046,40516,Eptesicus serotinus,0.007,0.028,-1,Echolocation,/mnt/ubna_data_02_mir/recover-20220922/UBNA_001/20220921_090000.WAV,Telephone Field,recover-20220922,001,1795
596.8685,596.9083,68437,81979,Rhinolophus ferrumequinum,0.022,0.022,-1,Echolocation,/mnt/ubna_data_02_mir/recover-20220922/UBNA_001/20220921_090000.WAV,Telephone Field,recover-20220922,001,1795
596.8925,596.9329,68437,82246,Rhinolophus ferrumequinum,0.023,0.023,-1,Echolocation,/mnt/ubna_data_02_mir/recover-20220922/UBNA_001/20220921_090000.WAV,Telephone Field,recover-20220922,001,1795
596.9105,596.9478,68437,81790,Rhinolophus ferrumequinum,0.023,0.023,-1,Echolocation,/mnt/ubna_data_02_mir/recover-20220922/UBNA_001/20220921_090000.WAV,Telephone Field,recover-20220922,001,1795
596.9155,596.9512,68437,81997,Rhinolophus ferrumequinum,0.022,0.022,-1,Echolocation,/mnt/ubna_data_02_mir/recover-20220922/UBNA_001/20220921_090000.WAV,Telephone Field,recover-20220922,001,1795
596.9445,596.9824,68437,81914,Rhinolophus ferrumequinum,0.023,0.023,-1,Echolocation,/mnt/ubna_data_02_mir/recover-20220922/UBNA_001/20220921_090000.WAV,Telephone Field,recover-20220922,001,1795
596.9645,597.0041,68437,82392,Rhinolophus ferrumequinum,0.022,0.022,-1,Echolocation,/mnt/ubna_data_02_mir/recover-20220922/UBNA_001/20220921_090000.WAV,Telephone Field,recover-20220922,001,1795
596.9815,597.0231,68437,82936,Rhinolophus ferrumequinum,0.025,0.025,-1,Echolocation,/mnt/ubna_data_02_mir/recover-20220922/UBNA_001/20220921_090000.WAV,Telephone Field,recover-20220922,001,1795
596.9905,596.9975,23750,32691,Plecotus austriacus,0.011,0.024,-1,Echolocation,/mnt/ubna_data_02_mir/recover-20220922/UBNA_001/20220921_090000.WAV,Telephone Field,recover-20220922,001,1795
597.0485,597.0924,68437,83173,Rhinolophus ferrumequinum,0.027,0.027,-1,Echolocation,/mnt/ubna_data_02_mir/recover-20220922/UBNA_001/20220921_090000.WAV,Telephone Field,recover-20220922,001,1795
597.0515,597.0631,28046,34506,Eptesicus serotinus,0.012,0.026,-1,Echolocation,/mnt/ubna_data_02_mir/recover-20220922/UBNA_001/20220921_090000.WAV,Telephone Field,recover-20220922,001,1795
597.0765,597.086,28906,36630,Eptesicus serotinus,0.011,0.025,-1,Echolocation,/mnt/ubna_data_02_mir/recover-20220922/UBNA_001/20220921_090000.WAV,Telephone Field,recover-20220922,001,1795
597.1035,597.1429,68437,82836,Rhinolophus ferrumequinum,0.028,0.028,-1,Echolocation,/mnt/ubna_data_02_mir/recover-20220922/UBNA_001/20220921_090000.WAV,Telephone Field,recover-20220922,001,1795
597.1285,597.1655,68437,81626,Rhinolophus ferrumequinum,0.024,0.024,-1,Echolocation,/mnt/ubna_data_02_mir/recover-20220922/UBNA_001/20220921_090000.WAV,Telephone Field,recover-20220922,001,1795
597.1655,597.1716,23750,34271,Plecotus austriacus,0.015,0.03,-1,Echolocation,/mnt/ubna_data_02_mir/recover-20220922/UBNA_001/20220921_090000.WAV,Telephone Field,recover-20220922,001,1795
597.1755,597.2136,68437,82683,Rhinolophus ferrumequinum,0.022,0.022,-1,Echolocation,/mnt/ubna_data_02_mir/recover-20220922/UBNA_001/20220921_090000.WAV,Telephone Field,recover-20220922,001,1795
597.2215,597.2646,68437,82838,Rhinolophus ferrumequinum,0.035,0.035,-1,Echolocation,/mnt/ubna_data_02_mir/recover-20220922/UBNA_001/20220921_090000.WAV,Telephone Field,recover-20220922,001,1795
597.2425,597.2526,28906,36270,Eptesicus serotinus,0.01,0.023,-1,Echolocation,/mnt/ubna_data_02_mir/recover-20220922/UBNA_001/20220921_090000.WAV,Telephone Field,recover-20220922,001,1795
597.2475,597.2860000000001,68437,82648,Rhinolophus ferrumequinum,0.029,0.029,-1,Echolocation,/mnt/ubna_data_02_mir/recover-20220922/UBNA_001/20220921_090000.WAV,Telephone Field,recover-20220922,001,1795
597.3065,597.317,28046,35814,Eptesicus serotinus,0.014,0.027,-1,Echolocation,/mnt/ubna_data_02_mir/recover-20220922/UBNA_001/20220921_090000.WAV,Telephone Field,recover-20220922,001,1795
597.3155,597.3257,23750,30100,Nyctalus leisleri,0.009,0.023,-1,Echolocation,/mnt/ubna_data_02_mir/recover-20220922/UBNA_001/20220921_090000.WAV,Telephone Field,recover-20220922,001,1795
597.3285,597.3373,28906,38601,Eptesicus serotinus,0.009,0.025,-1,Echolocation,/mnt/ubna_data_02_mir/recover-20220922/UBNA_001/20220921_090000.WAV,Telephone Field,recover-20220922,001,1795
597.3565,597.3964,68437,82881,Rhinolophus ferrumequinum,0.03,0.03,-1,Echolocation,/mnt/ubna_data_02_mir/recover-20220922/UBNA_001/20220921_090000.WAV,Telephone Field,recover-20220922,001,1795
597.3785,597.4174,68437,82250,Rhinolophus ferrumequinum,0.023,0.023,-1,Echolocation,/mnt/ubna_data_02_mir/recover-20220922/UBNA_001/20220921_090000.WAV,Telephone Field,recover-20220922,001,1795
597.3815,597.3933,35781,40908,Pipistrellus nathusii,0.025,0.041,-1,Echolocation,/mnt/ubna_data_02_mir/recover-20220922/UBNA_001/20220921_090000.WAV,Telephone Field,recover-20220922,001,1795
597.4095,597.4447,68437,81131,Rhinolophus ferrumequinum,0.031,0.031,-1,Echolocation,/mnt/ubna_data_02_mir/recover-20220922/UBNA_001/20220921_090000.WAV,Telephone Field,recover-20220922,001,1795
597.4195,597.4301,23750,30437,Nyctalus leisleri,0.009,0.026,-1,Echolocation,/mnt/ubna_data_02_mir/recover-20220922/UBNA_001/20220921_090000.WAV,Telephone Field,recover-20220922,001,1795
597.4255,597.4382,22890,27206,Nyctalus leisleri,0.013,0.025,-1,Echolocation,/mnt/ubna_data_02_mir/recover-20220922/UBNA_001/20220921_090000.WAV,Telephone Field,recover-20220922,001,1795
597.4555,597.4625,49531,54179,Pipistrellus pipistrellus,0.025,0.027,-1,Echolocation,/mnt/ubna_data_02_mir/recover-20220922/UBNA_001/20220921_090000.WAV,Telephone Field,recover-20220922,001,1795
597.4585,597.4647,25468,36034,Plecotus austriacus,0.011,0.031,-1,Echolocation,/mnt/ubna_data_02_mir/recover-20220922/UBNA_001/20220921_090000.WAV,Telephone Field,recover-20220922,001,1795
597.5055,597.5195,22031,26216,Nyctalus leisleri,0.017,0.033,-1,Echolocation,/mnt/ubna_data_02_mir/recover-20220922/UBNA_001/20220921_090000.WAV,Telephone Field,recover-20220922,001,1795
597.5125,597.5515,68437,82220,Rhinolophus ferrumequinum,0.024,0.024,-1,Echolocation,/mnt/ubna_data_02_mir/recover-20220922/UBNA_001/20220921_090000.WAV,Telephone Field,recover-20220922,001,1795
597.5315,597.5726,68437,82892,Rhinolophus ferrumequinum,0.026,0.026,-1,Echolocation,/mnt/ubna_data_02_mir/recover-20220922/UBNA_001/20220921_090000.WAV,Telephone Field,recover-20220922,001,1795
597.5825,597.5912,30625,41135,Eptesicus serotinus,0.007,0.022,-1,Echolocation,/mnt/ubna_data_02_mir/recover-20220922/UBNA_001/20220921_090000.WAV,Telephone Field,recover-20220922,001,1795
597.6045,597.6473,68437,83162,Rhinolophus ferrumequinum,0.038,0.038,-1,Echolocation,/mnt/ubna_data_02_mir/recover-20220922/UBNA_001/20220921_090000.WAV,Telephone Field,recover-20220922,001,1795
597.6295,597.6686,68437,82201,Rhinolophus ferrumequinum,0.036,0.036,-1,Echolocation,/mnt/ubna_data_02_mir/recover-20220922/UBNA_001/20220921_090000.WAV,Telephone Field,recover-20220922,001,1795
597.6675,597.7047,68437,81819,Rhinolophus ferrumequinum,0.022,0.022,-1,Echolocation,/mnt/ubna_data_02_mir/recover-20220922/UBNA_001/20220921_090000.WAV,Telephone Field,recover-20220922,001,1795
597.7065,597.749,68437,83371,Rhinolophus ferrumequinum,0.025,0.025,-1,Echolocation,/mnt/ubna_data_02_mir/recover-20220922/UBNA_001/20220921_090000.WAV,Telephone Field,recover-20220922,001,1795
597.7325,597.7719,68437,82558,Rhinolophus ferrumequinum,0.023,0.023,-1,Echolocation,/mnt/ubna_data_02_mir/recover-20220922/UBNA_001/20220921_090000.WAV,Telephone Field,recover-20220922,001,1795
597.7565,597.7948,68437,81741,Rhinolophus ferrumequinum,0.024,0.024,-1,Echolocation,/mnt/ubna_data_02_mir/recover-20220922/UBNA_001/20220921_090000.WAV,Telephone Field,recover-20220922,001,1795
597.7815,597.8171,68437,82116,Rhinolophus ferrumequinum,0.022,0.022,-1,Echolocation,/mnt/ubna_data_02_mir/recover-20220922/UBNA_001/20220921_090000.WAV,Telephone Field,recover-20220922,001,1795
597.7985,597.8383,68437,82359,Rhinolophus ferrumequinum,0.026,0.026,-1,Echolocation,/mnt/ubna_data_02_mir/recover-20220922/UBNA_001/20220921_090000.WAV,Telephone Field,recover-20220922,001,1795
597.8185,597.8239,24609,39595,Plecotus austriacus,0.023,0.051,-1,Echolocation,/mnt/ubna_data_02_mir/recover-20220922/UBNA_001/20220921_090000.WAV,Telephone Field,recover-20220922,001,1795
597.8405,597.8761,68437,81280,Rhinolophus ferrumequinum,0.022,0.022,-1,Echolocation,/mnt/ubna_data_02_mir/recover-20220922/UBNA_001/20220921_090000.WAV,Telephone Field,recover-20220922,001,1795
597.8485000000001,597.8860999999999,68437,81646,Rhinolophus ferrumequinum,0.023,0.023,-1,Echolocation,/mnt/ubna_data_02_mir/recover-20220922/UBNA_001/20220921_090000.WAV,Telephone Field,recover-20220922,001,1795
597.8875,597.9277,68437,82326,Rhinolophus ferrumequinum,0.024,0.024,-1,Echolocation,/mnt/ubna_data_02_mir/recover-20220922/UBNA_001/20220921_090000.WAV,Telephone Field,recover-20220922,001,1795
597.9035,597.9405,68437,81934,Rhinolophus ferrumequinum,0.022,0.022,-1,Echolocation,/mnt/ubna_data_02_mir/recover-20220922/UBNA_001/20220921_090000.WAV,Telephone Field,recover-20220922,001,1795
597.9125,597.9214,51250,56829,Pipistrellus pipistrellus,0.028,0.032,-1,Echolocation,/mnt/ubna_data_02_mir/recover-20220922/UBNA_001/20220921_090000.WAV,Telephone Field,recover-20220922,001,1795
597.9385,597.9769,68437,82309,Rhinolophus ferrumequinum,0.028,0.028,-1,Echolocation,/mnt/ubna_data_02_mir/recover-20220922/UBNA_001/20220921_090000.WAV,Telephone Field,recover-20220922,001,1795
597.9715,597.9809,40078,45839,Pipistrellus nathusii,0.014,0.025,-1,Echolocation,/mnt/ubna_data_02_mir/recover-20220922/UBNA_001/20220921_090000.WAV,Telephone Field,recover-20220922,001,1795
597.9825,597.9931,22031,26928,Nyctalus leisleri,0.01,0.022,-1,Echolocation,/mnt/ubna_data_02_mir/recover-20220922/UBNA_001/20220921_090000.WAV,Telephone Field,recover-20220922,001,1795
598.0015,598.0089,46953,55567,Pipistrellus pipistrellus,0.013,0.022,-1,Echolocation,/mnt/ubna_data_02_mir/recover-20220922/UBNA_001/20220921_090000.WAV,Telephone Field,recover-20220922,001,1795
598.0015,598.0325,68437,80324,Rhinolophus ferrumequinum,0.048,0.048,-1,Echolocation,/mnt/ubna_data_02_mir/recover-20220922/UBNA_001/20220921_090000.WAV,Telephone Field,recover-20220922,001,1795
598.0015,598.0122,28046,35471,Eptesicus serotinus,0.019,0.043,-1,Echolocation,/mnt/ubna_data_02_mir/recover-20220922/UBNA_001/20220921_090000.WAV,Telephone Field,recover-20220922,001,1795
598.0115,598.0531,68437,82369,Rhinolophus ferrumequinum,0.033,0.033,-1,Echolocation,/mnt/ubna_data_02_mir/recover-20220922/UBNA_001/20220921_090000.WAV,Telephone Field,recover-20220922,001,1795
598.0385,598.0793,68437,81894,Rhinolophus ferrumequinum,0.022,0.022,-1,Echolocation,/mnt/ubna_data_02_mir/recover-20220922/UBNA_001/20220921_090000.WAV,Telephone Field,recover-20220922,001,1795
598.0425,598.0504,28046,39035,Eptesicus serotinus,0.007,0.022,-1,Echolocation,/mnt/ubna_data_02_mir/recover-20220922/UBNA_001/20220921_090000.WAV,Telephone Field,recover-20220922,001,1795
598.0575,598.1009,68437,83152,Rhinolophus ferrumequinum,0.037,0.037,-1,Echolocation,/mnt/ubna_data_02_mir/recover-20220922/UBNA_001/20220921_090000.WAV,Telephone Field,recover-20220922,001,1795
598.0775,598.0856,23750,31957,Plecotus austriacus,0.007,0.022,-1,Echolocation,/mnt/ubna_data_02_mir/recover-20220922/UBNA_001/20220921_090000.WAV,Telephone Field,recover-20220922,001,1795
598.0805,598.1178,68437,82644,Rhinolophus ferrumequinum,0.024,0.024,-1,Echolocation,/mnt/ubna_data_02_mir/recover-20220922/UBNA_001/20220921_090000.WAV,Telephone Field,recover-20220922,001,1795
598.0915,598.1302,68437,82359,Rhinolophus ferrumequinum,0.022,0.022,-1,Echolocation,/mnt/ubna_data_02_mir/recover-20220922/UBNA_001/20220921_090000.WAV,Telephone Field,recover-20220922,001,1795
598.1325,598.1407,25468,34715,Eptesicus serotinus,0.007,0.021,-1,Echolocation,/mnt/ubna_data_02_mir/recover-20220922/UBNA_001/20220921_090000.WAV,Telephone Field,recover-20220922,001,1795
598.1425,598.1808,68437,81838,Rhinolophus ferrumequinum,0.024,0.024,-1,Echolocation,/mnt/ubna_data_02_mir/recover-20220922/UBNA_001/20220921_090000.WAV,Telephone Field,recover-20220922,001,1795
598.1655,598.1756,28046,36345,Eptesicus serotinus,0.011,0.024,-1,Echolocation,/mnt/ubna_data_02_mir/recover-20220922/UBNA_001/20220921_090000.WAV,Telephone Field,recover-20220922,001,1795
598.1795,598.2189,68437,82402,Rhinolophus ferrumequinum,0.028,0.028,-1,Echolocation,/mnt/ubna_data_02_mir/recover-20220922/UBNA_001/20220921_090000.WAV,Telephone Field,recover-20220922,001,1795
598.1975,598.2428,68437,83849,Rhinolophus ferrumequinum,0.05,0.05,-1,Echolocation,/mnt/ubna_data_02_mir/recover-20220922/UBNA_001/20220921_090000.WAV,Telephone Field,recover-20220922,001,1795
598.2245,598.2669,68437,82989,Rhinolophus ferrumequinum,0.029,0.029,-1,Echolocation,/mnt/ubna_data_02_mir/recover-20220922/UBNA_001/20220921_090000.WAV,Telephone Field,recover-20220922,001,1795
598.2245,598.235,23750,29664,Nyctalus leisleri,0.01,0.024,-1,Echolocation,/mnt/ubna_data_02_mir/recover-20220922/UBNA_001/20220921_090000.WAV,Telephone Field,recover-20220922,001,1795
598.2315,598.2431,22031,26128,Nyctalus leisleri,0.013,0.023,-1,Echolocation,/mnt/ubna_data_02_mir/recover-20220922/UBNA_001/20220921_090000.WAV,Telephone Field,recover-20220922,001,1795
598.2565,598.2656,25468,33829,Nyctalus leisleri,0.007,0.025,-1,Echolocation,/mnt/ubna_data_02_mir/recover-20220922/UBNA_001/20220921_090000.WAV,Telephone Field,recover-20220922,001,1795
598.2565,598.2677,39218,42557,Pipistrellus nathusii,0.022,0.037,-1,Echolocation,/mnt/ubna_data_02_mir/recover-20220922/UBNA_001/20220921_090000.WAV,Telephone Field,recover-20220922,001,1795
598.2695,598.312,68437,83106,Rhinolophus ferrumequinum,0.032,0.032,-1,Echolocation,/mnt/ubna_data_02_mir/recover-20220922/UBNA_001/20220921_090000.WAV,Telephone Field,recover-20220922,001,1795
598.2955,598.3365,68437,82144,Rhinolophus ferrumequinum,0.022,0.022,-1,Echolocation,/mnt/ubna_data_02_mir/recover-20220922/UBNA_001/20220921_090000.WAV,Telephone Field,recover-20220922,001,1795
598.2985,598.3099,12578,18190,Eptesicus serotinus,0.011,0.027,-1,Echolocation,/mnt/ubna_data_02_mir/recover-20220922/UBNA_001/20220921_090000.WAV,Telephone Field,recover-20220922,001,1795
598.3565,598.3982,68437,82809,Rhinolophus ferrumequinum,0.029,0.029,-1,Echolocation,/mnt/ubna_data_02_mir/recover-20220922/UBNA_001/20220921_090000.WAV,Telephone Field,recover-20220922,001,1795
598.3885,598.4247,68437,81614,Rhinolophus ferrumequinum,0.022,0.022,-1,Echolocation,/mnt/ubna_data_02_mir/recover-20220922/UBNA_001/20220921_090000.WAV,Telephone Field,recover-20220922,001,1795
598.4055,598.443,68437,81391,Rhinolophus ferrumequinum,0.022,0.022,-1,Echolocation,/mnt/ubna_data_02_mir/recover-20220922/UBNA_001/20220921_090000.WAV,Telephone Field,recover-20220922,001,1795
598.4675,598.4774,22031,27615,Nyctalus leisleri,0.009,0.023,-1,Echolocation,/mnt/ubna_data_02_mir/recover-20220922/UBNA_001/20220921_090000.WAV,Telephone Field,recover-20220922,001,1795
598.4785,598.5217,68437,83422,Rhinolophus ferrumequinum,0.033,0.033,-1,Echolocation,/mnt/ubna_data_02_mir/recover-20220922/UBNA_001/20220921_090000.WAV,Telephone Field,recover-20220922,001,1795
598.4955,598.5364,68437,82690,Rhinolophus ferrumequinum,0.026,0.026,-1,Echolocation,/mnt/ubna_data_02_mir/recover-20220922/UBNA_001/20220921_090000.WAV,Telephone Field,recover-20220922,001,1795
598.4975,598.508,28906,36465,Eptesicus serotinus,0.01,0.023,-1,Echolocation,/mnt/ubna_data_02_mir/recover-20220922/UBNA_001/20220921_090000.WAV,Telephone Field,recover-20220922,001,1795
598.5225,598.5318,40078,47657,Pipistrellus nathusii,0.012,0.023,-1,Echolocation,/mnt/ubna_data_02_mir/recover-20220922/UBNA_001/20220921_090000.WAV,Telephone Field,recover-20220922,001,1795
598.5355,598.5444,28906,37491,Eptesicus serotinus,0.009,0.023,-1,Echolocation,/mnt/ubna_data_02_mir/recover-20220922/UBNA_001/20220921_090000.WAV,Telephone Field,recover-20220922,001,1795
598.5445,598.5858,68437,82945,Rhinolophus ferrumequinum,0.025,0.025,-1,Echolocation,/mnt/ubna_data_02_mir/recover-20220922/UBNA_001/20220921_090000.WAV,Telephone Field,recover-20220922,001,1795
598.5615,598.5708,25468,33499,Eptesicus serotinus,0.008,0.022,-1,Echolocation,/mnt/ubna_data_02_mir/recover-20220922/UBNA_001/20220921_090000.WAV,Telephone Field,recover-20220922,001,1795
598.5635,598.5973,68437,80466,Rhinolophus ferrumequinum,0.022,0.022,-1,Echolocation,/mnt/ubna_data_02_mir/recover-20220922/UBNA_001/20220921_090000.WAV,Telephone Field,recover-20220922,001,1795
598.6055,598.6452,68437,82125,Rhinolophus ferrumequinum,0.023,0.023,-1,Echolocation,/mnt/ubna_data_02_mir/recover-20220922/UBNA_001/20220921_090000.WAV,Telephone Field,recover-20220922,001,1795
598.6425,598.6877,68437,83278,Rhinolophus ferrumequinum,0.034,0.034,-1,Echolocation,/mnt/ubna_data_02_mir/recover-20220922/UBNA_001/20220921_090000.WAV,Telephone Field,recover-20220922,001,1795
598.6765,598.7142,68437,81500,Rhinolophus ferrumequinum,0.022,0.022,-1,Echolocation,/mnt/ubna_data_02_mir/recover-20220922/UBNA_001/20220921_090000.WAV,Telephone Field,recover-20220922,001,1795
598.7085,598.7295,16875,20426,Nyctalus noctula,0.025,0.035,-1,Echolocation,/mnt/ubna_data_02_mir/recover-20220922/UBNA_001/20220921_090000.WAV,Telephone Field,recover-20220922,001,1795
598.7145,598.7546,68437,82081,Rhinolophus ferrumequinum,0.023,0.023,-1,Echolocation,/mnt/ubna_data_02_mir/recover-20220922/UBNA_001/20220921_090000.WAV,Telephone Field,recover-20220922,001,1795
598.7515,598.7861,68437,81134,Rhinolophus ferrumequinum,0.022,0.022,-1,Echolocation,/mnt/ubna_data_02_mir/recover-20220922/UBNA_001/20220921_090000.WAV,Telephone Field,recover-20220922,001,1795
598.7665,598.7727,28906,38854,Eptesicus serotinus,0.012,0.039,-1,Echolocation,/mnt/ubna_data_02_mir/recover-20220922/UBNA_001/20220921_090000.WAV,Telephone Field,recover-20220922,001,1795
598.7935,598.8313,68437,82148,Rhinolophus ferrumequinum,0.027,0.027,-1,Echolocation,/mnt/ubna_data_02_mir/recover-20220922/UBNA_001/20220921_090000.WAV,Telephone Field,recover-20220922,001,1795
598.8215,598.8582,68437,81678,Rhinolophus ferrumequinum,0.022,0.022,-1,Echolocation,/mnt/ubna_data_02_mir/recover-20220922/UBNA_001/20220921_090000.WAV,Telephone Field,recover-20220922,001,1795
598.8295,598.8673,68437,81737,Rhinolophus ferrumequinum,0.021,0.021,-1,Echolocation,/mnt/ubna_data_02_mir/recover-20220922/UBNA_001/20220921_090000.WAV,Telephone Field,recover-20220922,001,1795
598.8475,598.8589,30625,38394,Eptesicus serotinus,0.011,0.023,-1,Echolocation,/mnt/ubna_data_02_mir/recover-20220922/UBNA_001/20220921_090000.WAV,Telephone Field,recover-20220922,001,1795
598.8485000000001,598.8860999999999,68437,81562,Rhinolophus ferrumequinum,0.022,0.022,-1,Echolocation,/mnt/ubna_data_02_mir/recover-20220922/UBNA_001/20220921_090000.WAV,Telephone Field,recover-20220922,001,1795
598.8815,598.9216,68437,82419,Rhinolophus ferrumequinum,0.022,0.022,-1,Echolocation,/mnt/ubna_data_02_mir/recover-20220922/UBNA_001/20220921_090000.WAV,Telephone Field,recover-20220922,001,1795
598.8945,598.903,25468,34050,Eptesicus serotinus,0.008,0.022,-1,Echolocation,/mnt/ubna_data_02_mir/recover-20220922/UBNA_001/20220921_090000.WAV,Telephone Field,recover-20220922,001,1795
598.8985,598.9417,68437,83294,Rhinolophus ferrumequinum,0.032,0.032,-1,Echolocation,/mnt/ubna_data_02_mir/recover-20220922/UBNA_001/20220921_090000.WAV,Telephone Field,recover-20220922,001,1795
598.9145,598.9222,22890,31083,Plecotus austriacus,0.008,0.023,-1,Echolocation,/mnt/ubna_data_02_mir/recover-20220922/UBNA_001/20220921_090000.WAV,Telephone Field,recover-20220922,001,1795
598.9185,598.9575,68437,82622,Rhinolophus ferrumequinum,0.023,0.023,-1,Echolocation,/mnt/ubna_data_02_mir/recover-20220922/UBNA_001/20220921_090000.WAV,Telephone Field,recover-20220922,001,1795
598.9805,599.023,68437,82752,Rhinolophus ferrumequinum,0.023,0.023,-1,Echolocation,/mnt/ubna_data_02_mir/recover-20220922/UBNA_001/20220921_090000.WAV,Telephone Field,recover-20220922,001,1795
598.9965,599.0375,68437,82505,Rhinolophus ferrumequinum,0.024,0.024,-1,Echolocation,/mnt/ubna_data_02_mir/recover-20220922/UBNA_001/20220921_090000.WAV,Telephone Field,recover-20220922,001,1795
599.0045,599.0464,68437,83017,Rhinolophus ferrumequinum,0.029,0.029,-1,Echolocation,/mnt/ubna_data_02_mir/recover-20220922/UBNA_001/20220921_090000.WAV,Telephone Field,recover-20220922,001,1795
599.0365,599.0451,26328,34635,Eptesicus serotinus,0.015,0.033,-1,Echolocation,/mnt/ubna_data_02_mir/recover-20220922/UBNA_001/20220921_090000.WAV,Telephone Field,recover-20220922,001,1795
599.0665,599.0824,21171,24525,Nyctalus leisleri,0.013,0.022,-1,Echolocation,/mnt/ubna_data_02_mir/recover-20220922/UBNA_001/20220921_090000.WAV,Telephone Field,recover-20220922,001,1795
599.0675,599.0753,28906,37501,Eptesicus serotinus,0.007,0.021,-1,Echolocation,/mnt/ubna_data_02_mir/recover-20220922/UBNA_001/20220921_090000.WAV,Telephone Field,recover-20220922,001,1795
599.0765,599.1157,68437,82169,Rhinolophus ferrumequinum,0.022,0.022,-1,Echolocation,/mnt/ubna_data_02_mir/recover-20220922/UBNA_001/20220921_090000.WAV,Telephone Field,recover-20220922,001,1795
599.0905,599.1281,68437,81671,Rhinolophus ferrumequinum,0.023,0.023,-1,Echolocation,/mnt/ubna_data_02_mir/recover-20220922/UBNA_001/20220921_090000.WAV,Telephone Field,recover-20220922,001,1795
599.0915,599.0998,26328,34389,Eptesicus serotinus,0.007,0.023,-1,Echolocation,/mnt/ubna_data_02_mir/recover-20220922/UBNA_001/20220921_090000.WAV,Telephone Field,recover-20220922,001,1795
599.0995,599.1403,68437,82937,Rhinolophus ferrumequinum,0.025,0.025,-1,Echolocation,/mnt/ubna_data_02_mir/recover-20220922/UBNA_001/20220921_090000.WAV,Telephone Field,recover-20220922,001,1795
599.1135,599.1498,68437,81755,Rhinolophus ferrumequinum,0.022,0.022,-1,Echolocation,/mnt/ubna_data_02_mir/recover-20220922/UBNA_001/20220921_090000.WAV,Telephone Field,recover-20220922,001,1795
599.1185,599.1257,28046,39765,Eptesicus serotinus,0.007,0.022,-1,Echolocation,/mnt/ubna_data_02_mir/recover-20220922/UBNA_001/20220921_090000.WAV,Telephone Field,recover-20220922,001,1795
599.1345,599.1723,68437,81285,Rhinolophus ferrumequinum,0.027,0.028,-1,Echolocation,/mnt/ubna_data_02_mir/recover-20220922/UBNA_001/20220921_090000.WAV,Telephone Field,recover-20220922,001,1795
599.1425,599.1829,68437,82536,Rhinolophus ferrumequinum,0.025,0.025,-1,Echolocation,/mnt/ubna_data_02_mir/recover-20220922/UBNA_001/20220921_090000.WAV,Telephone Field,recover-20220922,001,1795
599.1425,599.1514,25468,34349,Eptesicus serotinus,0.008,0.022,-1,Echolocation,/mnt/ubna_data_02_mir/recover-20220922/UBNA_001/20220921_090000.WAV,Telephone Field,recover-20220922,001,1795
599.1545,599.1971,68437,83414,Rhinolophus ferrumequinum,0.035,0.035,-1,Echolocation,/mnt/ubna_data_02_mir/recover-20220922/UBNA_001/20220921_090000.WAV,Telephone Field,recover-20220922,001,1795
599.1765,599.2142,68437,82165,Rhinolophus ferrumequinum,0.023,0.023,-1,Echolocation,/mnt/ubna_data_02_mir/recover-20220922/UBNA_001/20220921_090000.WAV,Telephone Field,recover-20220922,001,1795
599.1815,599.2215,68437,82416,Rhinolophus ferrumequinum,0.023,0.023,-1,Echolocation,/mnt/ubna_data_02_mir/recover-20220922/UBNA_001/20220921_090000.WAV,Telephone Field,recover-20220922,001,1795
599.2065,599.2459,68437,82440,Rhinolophus ferrumequinum,0.022,0.022,-1,Echolocation,/mnt/ubna_data_02_mir/recover-20220922/UBNA_001/20220921_090000.WAV,Telephone Field,recover-20220922,001,1795
599.2305,599.2738,68437,82923,Rhinolophus ferrumequinum,0.048,0.048,-1,Echolocation,/mnt/ubna_data_02_mir/recover-20220922/UBNA_001/20220921_090000.WAV,Telephone Field,recover-20220922,001,1795
599.2315,599.2396,30625,41789,Myotis daubentonii,0.015,0.038,-1,Echolocation,/mnt/ubna_data_02_mir/recover-20220922/UBNA_001/20220921_090000.WAV,Telephone Field,recover-20220922,001,1795
599.2345,599.2488,23750,29786,Nyctalus leisleri,0.029,0.058,-1,Echolocation,/mnt/ubna_data_02_mir/recover-20220922/UBNA_001/20220921_090000.WAV,Telephone Field,recover-20220922,001,1795
599.2905,599.3292,68437,82448,Rhinolophus ferrumequinum,0.027,0.027,-1,Echolocation,/mnt/ubna_data_02_mir/recover-20220922/UBNA_001/20220921_090000.WAV,Telephone Field,recover-20220922,001,1795
599.2935,599.2992,13437,32418,Plecotus auritus,0.025,0.027,-1,Echolocation,/mnt/ubna_data_02_mir/recover-20220922/UBNA_001/20220921_090000.WAV,Telephone Field,recover-20220922,001,1795
599.2935,599.3012,27187,37087,Eptesicus serotinus,0.009,0.023,-1,Echolocation,/mnt/ubna_data_02_mir/recover-20220922/UBNA_001/20220921_090000.WAV,Telephone Field,recover-20220922,001,1795
599.3035,599.345,68437,82554,Rhinolophus ferrumequinum,0.035,0.035,-1,Echolocation,/mnt/ubna_data_02_mir/recover-20220922/UBNA_001/20220921_090000.WAV,Telephone Field,recover-20220922,001,1795
599.3255,599.3628,68437,81860,Rhinolophus ferrumequinum,0.026,0.026,-1,Echolocation,/mnt/ubna_data_02_mir/recover-20220922/UBNA_001/20220921_090000.WAV,Telephone Field,recover-20220922,001,1795
599.3735,599.4156,68437,83035,Rhinolophus ferrumequinum,0.044,0.044,-1,Echolocation,/mnt/ubna_data_02_mir/recover-20220922/UBNA_001/20220921_090000.WAV,Telephone Field,recover-20220922,001,1795
599.3915,599.4312,68437,82476,Rhinolophus ferrumequinum,0.024,0.024,-1,Echolocation,/mnt/ubna_data_02_mir/recover-20220922/UBNA_001/20220921_090000.WAV,Telephone Field,recover-20220922,001,1795
599.4245,599.463,68437,81683,Rhinolophus ferrumequinum,0.025,0.025,-1,Echolocation,/mnt/ubna_data_02_mir/recover-20220922/UBNA_001/20220921_090000.WAV,Telephone Field,recover-20220922,001,1795
599.4325,599.4433,23750,29729,Nyctalus leisleri,0.009,0.022,-1,Echolocation,/mnt/ubna_data_02_mir/recover-20220922/UBNA_001/20220921_090000.WAV,Telephone Field,recover-20220922,001,1795
599.4405,599.4516,34062,38852,Eptesicus serotinus,0.004,0.021,-1,Echolocation,/mnt/ubna_data_02_mir/recover-20220922/UBNA_001/20220921_090000.WAV,Telephone Field,recover-20220922,001,1795
599.4745,599.5127,68437,82129,Rhinolophus ferrumequinum,0.022,0.022,-1,Echolocation,/mnt/ubna_data_02_mir/recover-20220922/UBNA_001/20220921_090000.WAV,Telephone Field,recover-20220922,001,1795
599.5635,599.5739,28906,37978,Eptesicus serotinus,0.01,0.024,-1,Echolocation,/mnt/ubna_data_02_mir/recover-20220922/UBNA_001/20220921_090000.WAV,Telephone Field,recover-20220922,001,1795
599.5685,599.6059,68437,82292,Rhinolophus ferrumequinum,0.022,0.022,-1,Echolocation,/mnt/ubna_data_02_mir/recover-20220922/UBNA_001/20220921_090000.WAV,Telephone Field,recover-20220922,001,1795
599.6215,599.6659,68437,83344,Rhinolophus ferrumequinum,0.038,0.038,-1,Echolocation,/mnt/ubna_data_02_mir/recover-20220922/UBNA_001/20220921_090000.WAV,Telephone Field,recover-20220922,001,1795
599.6725,599.7107,68437,81973,Rhinolophus ferrumequinum,0.023,0.023,-1,Echolocation,/mnt/ubna_data_02_mir/recover-20220922/UBNA_001/20220921_090000.WAV,Telephone Field,recover-20220922,001,1795
599.7135,599.7234,26328,33172,Eptesicus serotinus,0.011,0.028,-1,Echolocation,/mnt/ubna_data_02_mir/recover-20220922/UBNA_001/20220921_090000.WAV,Telephone Field,recover-20220922,001,1795
599.7265,599.7672,68437,83212,Rhinolophus ferrumequinum,0.022,0.022,-1,Echolocation,/mnt/ubna_data_02_mir/recover-20220922/UBNA_001/20220921_090000.WAV,Telephone Field,recover-20220922,001,1795
599.7345,599.7768,68437,83042,Rhinolophus ferrumequinum,0.023,0.023,-1,Echolocation,/mnt/ubna_data_02_mir/recover-20220922/UBNA_001/20220921_090000.WAV,Telephone Field,recover-20220922,001,1795
599.7735,599.8177,68437,83105,Rhinolophus ferrumequinum,0.057,0.057,-1,Echolocation,/mnt/ubna_data_02_mir/recover-20220922/UBNA_001/20220921_090000.WAV,Telephone Field,recover-20220922,001,1795
599.8355,599.8724,68437,81435,Rhinolophus ferrumequinum,0.024,0.024,-1,Echolocation,/mnt/ubna_data_02_mir/recover-20220922/UBNA_001/20220921_090000.WAV,Telephone Field,recover-20220922,001,1795
599.8465,599.8611,14296,18990,Nyctalus noctula,0.023,0.034,-1,Echolocation,/mnt/ubna_data_02_mir/recover-20220922/UBNA_001/20220921_090000.WAV,Telephone Field,recover-20220922,001,1795
599.8485000000001,599.8862,68437,81937,Rhinolophus ferrumequinum,0.022,0.022,-1,Echolocation,/mnt/ubna_data_02_mir/recover-20220922/UBNA_001/20220921_090000.WAV,Telephone Field,recover-20220922,001,1795
599.8775,599.8858,25468,33581,Eptesicus serotinus,0.007,0.022,-1,Echolocation,/mnt/ubna_data_02_mir/recover-20220922/UBNA_001/20220921_090000.WAV,Telephone Field,recover-20220922,001,1795
599.8925,599.9333,68437,82921,Rhinolophus ferrumequinum,0.026,0.026,-1,Echolocation,/mnt/ubna_data_02_mir/recover-20220922/UBNA_001/20220921_090000.WAV,Telephone Field,recover-20220922,001,1795
599.9585,599.9658,32343,40854,Myotis daubentonii,0.01,0.025,-1,Echolocation,/mnt/ubna_data_02_mir/recover-20220922/UBNA_001/20220921_090000.WAV,Telephone Field,recover-20220922,001,1795
599.9605,599.9998,68437,82656,Rhinolophus ferrumequinum,0.035,0.035,-1,Echolocation,/mnt/ubna_data_02_mir/recover-20220922/UBNA_001/20220921_090000.WAV,Telephone Field,recover-20220922,001,1795
600.0015,600.0095,21171,27199,Nyctalus leisleri,0.009,0.025,-1,Echolocation,/mnt/ubna_data_02_mir/recover-20220922/UBNA_001/20220921_090000.WAV,Telephone Field,recover-20220922,001,1795
600.0015,600.032,68437,80151,Rhinolophus ferrumequinum,0.045,0.046,-1,Echolocation,/mnt/ubna_data_02_mir/recover-20220922/UBNA_001/20220921_090000.WAV,Telephone Field,recover-20220922,001,1795
600.0015,600.0105,27187,35603,Eptesicus serotinus,0.012,0.03,-1,Echolocation,/mnt/ubna_data_02_mir/recover-20220922/UBNA_001/20220921_090000.WAV,Telephone Field,recover-20220922,001,1795
600.0135,600.0546,68437,82771,Rhinolophus ferrumequinum,0.021,0.021,-1,Echolocation,/mnt/ubna_data_02_mir/recover-20220922/UBNA_001/20220921_090000.WAV,Telephone Field,recover-20220922,001,1795
600.0575,600.1001,68437,83205,Rhinolophus ferrumequinum,0.041,0.041,-1,Echolocation,/mnt/ubna_data_02_mir/recover-20220922/UBNA_001/20220921_090000.WAV,Telephone Field,recover-20220922,001,1795
600.0755,600.1121,68437,81690,Rhinolophus ferrumequinum,0.022,0.022,-1,Echolocation,/mnt/ubna_data_02_mir/recover-20220922/UBNA_001/20220921_090000.WAV,Telephone Field,recover-20220922,001,1795
600.1165,600.1227,28046,38645,Eptesicus serotinus,0.007,0.028,-1,Echolocation,/mnt/ubna_data_02_mir/recover-20220922/UBNA_001/20220921_090000.WAV,Telephone Field,recover-20220922,001,1795
600.1225,600.1587,68437,81479,Rhinolophus ferrumequinum,0.023,0.023,-1,Echolocation,/mnt/ubna_data_02_mir/recover-20220922/UBNA_001/20220921_090000.WAV,Telephone Field,recover-20220922,001,1795
600.1415,600.1799,68437,82177,Rhinolophus ferrumequinum,0.021,0.021,-1,Echolocation,/mnt/ubna_data_02_mir/recover-20220922/UBNA_001/20220921_090000.WAV,Telephone Field,recover-20220922,001,1795
600.1525,600.1639,23750,29370,Nyctalus leisleri,0.012,0.026,-1,Echolocation,/mnt/ubna_data_02_mir/recover-20220922/UBNA_001/20220921_090000.WAV,Telephone Field,recover-20220922,001,1795
600.1935,600.2043,26328,33310,Eptesicus serotinus,0.014,0.034,-1,Echolocation,/mnt/ubna_data_02_mir/recover-20220922/UBNA_001/20220921_090000.WAV,Telephone Field,recover-20220922,001,1795
600.2035,600.2443,68437,82508,Rhinolophus ferrumequinum,0.026,0.026,-1,Echolocation,/mnt/ubna_data_02_mir/recover-20220922/UBNA_001/20220921_090000.WAV,Telephone Field,recover-20220922,001,1795
600.2195,600.2587,68437,81992,Rhinolophus ferrumequinum,0.022,0.022,-1,Echolocation,/mnt/ubna_data_02_mir/recover-20220922/UBNA_001/20220921_090000.WAV,Telephone Field,recover-20220922,001,1795
600.2305,600.2403,25468,33557,Eptesicus serotinus,0.01,0.026,-1,Echolocation,/mnt/ubna_data_02_mir/recover-20220922/UBNA_001/20220921_090000.WAV,Telephone Field,recover-20220922,001,1795
600.2435,600.2803,68437,81532,Rhinolophus ferrumequinum,0.031,0.031,-1,Echolocation,/mnt/ubna_data_02_mir/recover-20220922/UBNA_001/20220921_090000.WAV,Telephone Field,recover-20220922,001,1795
600.2515,600.2588,28046,39769,Eptesicus serotinus,0.006,0.024,-1,Echolocation,/mnt/ubna_data_02_mir/recover-20220922/UBNA_001/20220921_090000.WAV,Telephone Field,recover-20220922,001,1795
600.2665,600.3025,68437,82287,Rhinolophus ferrumequinum,0.025,0.025,-1,Echolocation,/mnt/ubna_data_02_mir/recover-20220922/UBNA_001/20220921_090000.WAV,Telephone Field,recover-20220922,001,1795
600.3245,600.365,68437,82157,Rhinolophus ferrumequinum,0.037,0.037,-1,Echolocation,/mnt/ubna_data_02_mir/recover-20220922/UBNA_001/20220921_090000.WAV,Telephone Field,recover-20220922,001,1795
600.3405,600.3511,28046,35894,Eptesicus serotinus,0.013,0.032,-1,Echolocation,/mnt/ubna_data_02_mir/recover-20220922/UBNA_001/20220921_090000.WAV,Telephone Field,recover-20220922,001,1795
600.4415,600.4774,68437,81177,Rhinolophus ferrumequinum,0.024,0.025,-1,Echolocation,/mnt/ubna_data_02_mir/recover-20220922/UBNA_001/20220921_090000.WAV,Telephone Field,recover-20220922,001,1795
600.4505,600.4707,16875,21570,Nyctalus noctula,0.02,0.027,-1,Echolocation,/mnt/ubna_data_02_mir/recover-20220922/UBNA_001/20220921_090000.WAV,Telephone Field,recover-20220922,001,1795
600.4515,600.4877,68437,81396,Rhinolophus ferrumequinum,0.021,0.021,-1,Echolocation,/mnt/ubna_data_02_mir/recover-20220922/UBNA_001/20220921_090000.WAV,Telephone Field,recover-20220922,001,1795
600.4635,600.4749,22890,27612,Nyctalus leisleri,0.011,0.022,-1,Echolocation,/mnt/ubna_data_02_mir/recover-20220922/UBNA_001/20220921_090000.WAV,Telephone Field,recover-20220922,001,1795
600.4705,600.5083,68437,81854,Rhinolophus ferrumequinum,0.021,0.021,-1,Echolocation,/mnt/ubna_data_02_mir/recover-20220922/UBNA_001/20220921_090000.WAV,Telephone Field,recover-20220922,001,1795
600.5055,600.547,68437,82913,Rhinolophus ferrumequinum,0.049,0.049,-1,Echolocation,/mnt/ubna_data_02_mir/recover-20220922/UBNA_001/20220921_090000.WAV,Telephone Field,recover-20220922,001,1795
600.5225,600.5601,68437,82107,Rhinolophus ferrumequinum,0.027,0.027,-1,Echolocation,/mnt/ubna_data_02_mir/recover-20220922/UBNA_001/20220921_090000.WAV,Telephone Field,recover-20220922,001,1795
600.5505,600.5893,68437,82450,Rhinolophus ferrumequinum,0.031,0.031,-1,Echolocation,/mnt/ubna_data_02_mir/recover-20220922/UBNA_001/20220921_090000.WAV,Telephone Field,recover-20220922,001,1795
600.5915,600.5992,24609,33915,Plecotus austriacus,0.007,0.024,-1,Echolocation,/mnt/ubna_data_02_mir/recover-20220922/UBNA_001/20220921_090000.WAV,Telephone Field,recover-20220922,001,1795
600.6155,600.6512,68437,81766,Rhinolophus ferrumequinum,0.025,0.026,-1,Echolocation,/mnt/ubna_data_02_mir/recover-20220922/UBNA_001/20220921_090000.WAV,Telephone Field,recover-20220922,001,1795
600.6235,600.66,68437,82117,Rhinolophus ferrumequinum,0.022,0.022,-1,Echolocation,/mnt/ubna_data_02_mir/recover-20220922/UBNA_001/20220921_090000.WAV,Telephone Field,recover-20220922,001,1795
600.6325,600.6434,22890,28129,Nyctalus leisleri,0.011,0.023,-1,Echolocation,/mnt/ubna_data_02_mir/recover-20220922/UBNA_001/20220921_090000.WAV,Telephone Field,recover-20220922,001,1795
600.6595,600.6682,22890,29757,Plecotus austriacus,0.008,0.021,-1,Echolocation,/mnt/ubna_data_02_mir/recover-20220922/UBNA_001/20220921_090000.WAV,Telephone Field,recover-20220922,001,1795
600.6755,600.6857,25468,32234,Eptesicus serotinus,0.046,0.104,-1,Echolocation,/mnt/ubna_data_02_mir/recover-20220922/UBNA_001/20220921_090000.WAV,Telephone Field,recover-20220922,001,1795
600.6905,600.7303,68437,82348,Rhinolophus ferrumequinum,0.023,0.023,-1,Echolocation,/mnt/ubna_data_02_mir/recover-20220922/UBNA_001/20220921_090000.WAV,Telephone Field,recover-20220922,001,1795
600.7005,600.7434,68437,82978,Rhinolophus ferrumequinum,0.024,0.024,-1,Echolocation,/mnt/ubna_data_02_mir/recover-20220922/UBNA_001/20220921_090000.WAV,Telephone Field,recover-20220922,001,1795
600.7125,600.7255,22890,27342,Nyctalus leisleri,0.018,0.036,-1,Echolocation,/mnt/ubna_data_02_mir/recover-20220922/UBNA_001/20220921_090000.WAV,Telephone Field,recover-20220922,001,1795
600.7445,600.7801,68437,81322,Rhinolophus ferrumequinum,0.021,0.021,-1,Echolocation,/mnt/ubna_data_02_mir/recover-20220922/UBNA_001/20220921_090000.WAV,Telephone Field,recover-20220922,001,1795
600.7595,600.8004,68437,82341,Rhinolophus ferrumequinum,0.025,0.025,-1,Echolocation,/mnt/ubna_data_02_mir/recover-20220922/UBNA_001/20220921_090000.WAV,Telephone Field,recover-20220922,001,1795
600.7875,600.8265,68437,82084,Rhinolophus ferrumequinum,0.024,0.024,-1,Echolocation,/mnt/ubna_data_02_mir/recover-20220922/UBNA_001/20220921_090000.WAV,Telephone Field,recover-20220922,001,1795
600.8245,600.8635,68437,82373,Rhinolophus ferrumequinum,0.028,0.028,-1,Echolocation,/mnt/ubna_data_02_mir/recover-20220922/UBNA_001/20220921_090000.WAV,Telephone Field,recover-20220922,001,1795
600.8785,600.9187,68437,82363,Rhinolophus ferrumequinum,0.024,0.024,-1,Echolocation,/mnt/ubna_data_02_mir/recover-20220922/UBNA_001/20220921_090000.WAV,Telephone Field,recover-20220922,001,1795
600.9075,600.9139,28046,40356,Eptesicus serotinus,0.007,0.029,-1,Echolocation,/mnt/ubna_data_02_mir/recover-20220922/UBNA_001/20220921_090000.WAV,Telephone Field,recover-20220922,001,1795
600.9075,600.946,68437,82438,Rhinolophus ferrumequinum,0.024,0.024,-1,Echolocation,/mnt/ubna_data_02_mir/recover-20220922/UBNA_001/20220921_090000.WAV,Telephone Field,recover-20220922,001,1795
600.9155,600.9548,68437,82173,Rhinolophus ferrumequinum,0.025,0.025,-1,Echolocation,/mnt/ubna_data_02_mir/recover-20220922/UBNA_001/20220921_090000.WAV,Telephone Field,recover-20220922,001,1795
600.9585,600.9989,68437,82718,Rhinolophus ferrumequinum,0.027,0.027,-1,Echolocation,/mnt/ubna_data_02_mir/recover-20220922/UBNA_001/20220921_090000.WAV,Telephone Field,recover-20220922,001,1795
600.9665,600.9761,25468,32922,Eptesicus serotinus,0.009,0.025,-1,Echolocation,/mnt/ubna_data_02_mir/recover-20220922/UBNA_001/20220921_090000.WAV,Telephone Field,recover-20220922,001,1795
600.9785,600.9871,26328,34770,Eptesicus serotinus,0.009,0.023,-1,Echolocation,/mnt/ubna_data_02_mir/recover-20220922/UBNA_001/20220921_090000.WAV,Telephone Field,recover-20220922,001,1795
600.9825,600.9911,46093,49870,Pipistrellus pipistrellus,0.025,0.027,-1,Echolocation,/mnt/ubna_data_02_mir/recover-20220922/UBNA_001/20220921_090000.WAV,Telephone Field,recover-20220922,001,1795
600.9985,601.007,27187,38747,Eptesicus serotinus,0.011,0.028,-1,Echolocation,/mnt/ubna_data_02_mir/recover-20220922/UBNA_001/20220921_090000.WAV,Telephone Field,recover-20220922,001,1795
600.9995,601.0082,15156,24860,Plecotus auritus,0.008,0.022,-1,Echolocation,/mnt/ubna_data_02_mir/recover-20220922/UBNA_001/20220921_090000.WAV,Telephone Field,recover-20220922,001,1795
601.0825,601.1226,68437,82781,Rhinolophus ferrumequinum,0.026,0.026,-1,Echolocation,/mnt/ubna_data_02_mir/recover-20220922/UBNA_001/20220921_090000.WAV,Telephone Field,recover-20220922,001,1795
601.1155,601.1582,68437,82677,Rhinolophus ferrumequinum,0.033,0.033,-1,Echolocation,/mnt/ubna_data_02_mir/recover-20220922/UBNA_001/20220921_090000.WAV,Telephone Field,recover-20220922,001,1795
601.1695,601.1796,28906,35794,Eptesicus serotinus,0.081,0.119,-1,Echolocation,/mnt/ubna_data_02_mir/recover-20220922/UBNA_001/20220921_090000.WAV,Telephone Field,recover-20220922,001,1795
601.2015,601.2437,68437,82954,Rhinolophus ferrumequinum,0.022,0.022,-1,Echolocation,/mnt/ubna_data_02_mir/recover-20220922/UBNA_001/20220921_090000.WAV,Telephone Field,recover-20220922,001,1795
601.2205,601.2555,68437,81173,Rhinolophus ferrumequinum,0.022,0.022,-1,Echolocation,/mnt/ubna_data_02_mir/recover-20220922/UBNA_001/20220921_090000.WAV,Telephone Field,recover-20220922,001,1795
601.2635,601.3048,68437,82690,Rhinolophus ferrumequinum,0.022,0.022,-1,Echolocation,/mnt/ubna_data_02_mir/recover-20220922/UBNA_001/20220921_090000.WAV,Telephone Field,recover-20220922,001,1795
601.2715,601.3132,68437,82897,Rhinolophus ferrumequinum,0.022,0.022,-1,Echolocation,/mnt/ubna_data_02_mir/recover-20220922/UBNA_001/20220921_090000.WAV,Telephone Field,recover-20220922,001,1795
601.2875,601.2947,27187,39001,Eptesicus serotinus,0.006,0.023,-1,Echolocation,/mnt/ubna_data_02_mir/recover-20220922/UBNA_001/20220921_090000.WAV,Telephone Field,recover-20220922,001,1795
601.2985,601.3384,68437,82323,Rhinolophus ferrumequinum,0.039,0.039,-1,Echolocation,/mnt/ubna_data_02_mir/recover-20220922/UBNA_001/20220921_090000.WAV,Telephone Field,recover-20220922,001,1795
601.3385,601.3464,26328,35608,Eptesicus serotinus,0.011,0.027,-1,Echolocation,/mnt/ubna_data_02_mir/recover-20220922/UBNA_001/20220921_090000.WAV,Telephone Field,recover-20220922,001,1795
601.3505,601.3885,68437,82511,Rhinolophus ferrumequinum,0.022,0.022,-1,Echolocation,/mnt/ubna_data_02_mir/recover-20220922/UBNA_001/20220921_090000.WAV,Telephone Field,recover-20220922,001,1795
601.3985,601.4372,68437,82043,Rhinolophus ferrumequinum,0.023,0.023,-1,Echolocation,/mnt/ubna_data_02_mir/recover-20220922/UBNA_001/20220921_090000.WAV,Telephone Field,recover-20220922,001,1795
601.4055,601.4435,68437,81862,Rhinolophus ferrumequinum,0.024,0.024,-1,Echolocation,/mnt/ubna_data_02_mir/recover-20220922/UBNA_001/20220921_090000.WAV,Telephone Field,recover-20220922,001,1795
601.4145,601.451,68437,82334,Rhinolophus ferrumequinum,0.023,0.023,-1,Echolocation,/mnt/ubna_data_02_mir/recover-20220922/UBNA_001/20220921_090000.WAV,Telephone Field,recover-20220922,001,1795
601.4145,601.4249,23750,28656,Nyctalus leisleri,0.011,0.021,-1,Echolocation,/mnt/ubna_data_02_mir/recover-20220922/UBNA_001/20220921_090000.WAV,Telephone Field,recover-20220922,001,1795
601.4655,601.4714,48671,53115,Pipistrellus pipistrellus,0.025,0.026,-1,Echolocation,/mnt/ubna_data_02_mir/recover-20220922/UBNA_001/20220921_090000.WAV,Telephone Field,recover-20220922,001,1795
601.4965,601.5377,68437,82389,Rhinolophus ferrumequinum,0.024,0.024,-1,Echolocation,/mnt/ubna_data_02_mir/recover-20220922/UBNA_001/20220921_090000.WAV,Telephone Field,recover-20220922,001,1795
601.5175,601.5277,44375,48131,Pipistrellus pipistrellus,0.029,0.031,-1,Echolocation,/mnt/ubna_data_02_mir/recover-20220922/UBNA_001/20220921_090000.WAV,Telephone Field,recover-20220922,001,1795
601.5435,601.5825,68437,82199,Rhinolophus ferrumequinum,0.021,0.021,-1,Echolocation,/mnt/ubna_data_02_mir/recover-20220922/UBNA_001/20220921_090000.WAV,Telephone Field,recover-20220922,001,1795
601.5435,601.5564,22890,26733,Nyctalus leisleri,0.018,0.03,-1,Echolocation,/mnt/ubna_data_02_mir/recover-20220922/UBNA_001/20220921_090000.WAV,Telephone Field,recover-20220922,001,1795
601.5715,601.6074,68437,80959,Rhinolophus ferrumequinum,0.021,0.021,-1,Echolocation,/mnt/ubna_data_02_mir/recover-20220922/UBNA_001/20220921_090000.WAV,Telephone Field,recover-20220922,001,1795
601.5785,601.5867,28046,37395,Eptesicus serotinus,0.008,0.024,-1,Echolocation,/mnt/ubna_data_02_mir/recover-20220922/UBNA_001/20220921_090000.WAV,Telephone Field,recover-20220922,001,1795
601.6715,601.7138,68437,82896,Rhinolophus ferrumequinum,0.031,0.031,-1,Echolocation,/mnt/ubna_data_02_mir/recover-20220922/UBNA_001/20220921_090000.WAV,Telephone Field,recover-20220922,001,1795
601.6835,601.7248,68437,83182,Rhinolophus ferrumequinum,0.029,0.029,-1,Echolocation,/mnt/ubna_data_02_mir/recover-20220922/UBNA_001/20220921_090000.WAV,Telephone Field,recover-20220922,001,1795
601.6835,601.6945,22890,28603,Nyctalus leisleri,0.008,0.021,-1,Echolocation,/mnt/ubna_data_02_mir/recover-20220922/UBNA_001/20220921_090000.WAV,Telephone Field,recover-20220922,001,1795
601.6915,601.7014,23750,30583,Nyctalus leisleri,0.008,0.023,-1,Echolocation,/mnt/ubna_data_02_mir/recover-20220922/UBNA_001/20220921_090000.WAV,Telephone Field,recover-20220922,001,1795
601.7055,601.744,68437,81356,Rhinolophus ferrumequinum,0.022,0.022,-1,Echolocation,/mnt/ubna_data_02_mir/recover-20220922/UBNA_001/20220921_090000.WAV,Telephone Field,recover-20220922,001,1795
601.7155,601.7527,68437,82128,Rhinolophus ferrumequinum,0.028,0.028,-1,Echolocation,/mnt/ubna_data_02_mir/recover-20220922/UBNA_001/20220921_090000.WAV,Telephone Field,recover-20220922,001,1795
601.7415,601.7501,28046,37391,Eptesicus serotinus,0.008,0.021,-1,Echolocation,/mnt/ubna_data_02_mir/recover-20220922/UBNA_001/20220921_090000.WAV,Telephone Field,recover-20220922,001,1795
601.7475,601.7843,68437,82247,Rhinolophus ferrumequinum,0.021,0.021,-1,Echolocation,/mnt/ubna_data_02_mir/recover-20220922/UBNA_001/20220921_090000.WAV,Telephone Field,recover-20220922,001,1795
601.7655,601.806,68437,82715,Rhinolophus ferrumequinum,0.026,0.026,-1,Echolocation,/mnt/ubna_data_02_mir/recover-20220922/UBNA_001/20220921_090000.WAV,Telephone Field,recover-20220922,001,1795
601.8085,601.818,27187,36343,Eptesicus serotinus,0.01,0.024,-1,Echolocation,/mnt/ubna_data_02_mir/recover-20220922/UBNA_001/20220921_090000.WAV,Telephone Field,recover-20220922,001,1795
601.8155,601.8541,68437,82480,Rhinolophus ferrumequinum,0.022,0.022,-1,Echolocation,/mnt/ubna_data_02_mir/recover-20220922/UBNA_001/20220921_090000.WAV,Telephone Field,recover-20220922,001,1795
601.8255,601.8654,68437,82413,Rhinolophus ferrumequinum,0.024,0.025,-1,Echolocation,/mnt/ubna_data_02_mir/recover-20220922/UBNA_001/20220921_090000.WAV,Telephone Field,recover-20220922,001,1795
601.8275,601.8375,23750,30238,Nyctalus leisleri,0.008,0.022,-1,Echolocation,/mnt/ubna_data_02_mir/recover-20220922/UBNA_001/20220921_090000.WAV,Telephone Field,recover-20220922,001,1795
601.9035,601.9127,27187,37994,Eptesicus serotinus,0.01,0.023,-1,Echolocation,/mnt/ubna_data_02_mir/recover-20220922/UBNA_001/20220921_090000.WAV,Telephone Field,recover-20220922,001,1795
601.9125,601.9235,24609,31076,Eptesicus serotinus,0.008,0.023,-1,Echolocation,/mnt/ubna_data_02_mir/recover-20220922/UBNA_001/20220921_090000.WAV,Telephone Field,recover-20220922,001,1795
601.9325,601.9708,68437,82319,Rhinolophus ferrumequinum,0.023,0.023,-1,Echolocation,/mnt/ubna_data_02_mir/recover-20220922/UBNA_001/20220921_090000.WAV,Telephone Field,recover-20220922,001,1795
601.9845,601.9956,23750,30527,Nyctalus leisleri,0.013,0.03,-1,Echolocation,/mnt/ubna_data_02_mir/recover-20220922/UBNA_001/20220921_090000.WAV,Telephone Field,recover-20220922,001,1795
602.0015,602.009,47812,54190,Pipistrellus pipistrellus,0.014,0.02,-1,Echolocation,/mnt/ubna_data_02_mir/recover-20220922/UBNA_001/20220921_090000.WAV,Telephone Field,recover-20220922,001,1795
602.0015,602.01,25468,34525,Nyctalus leisleri,0.006,0.025,-1,Echolocation,/mnt/ubna_data_02_mir/recover-20220922/UBNA_001/20220921_090000.WAV,Telephone Field,recover-20220922,001,1795
602.0015,602.0335,68437,79803,Rhinolophus ferrumequinum,0.021,0.021,-1,Echolocation,/mnt/ubna_data_02_mir/recover-20220922/UBNA_001/20220921_090000.WAV,Telephone Field,recover-20220922,001,1795
602.0115,602.0561,68437,82979,Rhinolophus ferrumequinum,0.022,0.022,-1,Echolocation,/mnt/ubna_data_02_mir/recover-20220922/UBNA_001/20220921_090000.WAV,Telephone Field,recover-20220922,001,1795
602.0135,602.0195,49531,54044,Pipistrellus pipistrellus,0.019,0.02,-1,Echolocation,/mnt/ubna_data_02_mir/recover-20220922/UBNA_001/20220921_090000.WAV,Telephone Field,recover-20220922,001,1795
602.0165,602.0236,27187,39175,Eptesicus serotinus,0.007,0.024,-1,Echolocation,/mnt/ubna_data_02_mir/recover-20220922/UBNA_001/20220921_090000.WAV,Telephone Field,recover-20220922,001,1795
602.0185,602.0578,68437,82335,Rhinolophus ferrumequinum,0.02,0.02,-1,Echolocation,/mnt/ubna_data_02_mir/recover-20220922/UBNA_001/20220921_090000.WAV,Telephone Field,recover-20220922,001,1795
602.0265,602.0376,23750,28858,Nyctalus leisleri,0.009,0.022,-1,Echolocation,/mnt/ubna_data_02_mir/recover-20220922/UBNA_001/20220921_090000.WAV,Telephone Field,recover-20220922,001,1795
602.0485,602.0878,68437,81706,Rhinolophus ferrumequinum,0.023,0.023,-1,Echolocation,/mnt/ubna_data_02_mir/recover-20220922/UBNA_001/20220921_090000.WAV,Telephone Field,recover-20220922,001,1795
602.0665,602.1051,68437,81943,Rhinolophus ferrumequinum,0.026,0.026,-1,Echolocation,/mnt/ubna_data_02_mir/recover-20220922/UBNA_001/20220921_090000.WAV,Telephone Field,recover-20220922,001,1795
602.1015,602.1413,68437,82703,Rhinolophus ferrumequinum,0.024,0.024,-1,Echolocation,/mnt/ubna_data_02_mir/recover-20220922/UBNA_001/20220921_090000.WAV,Telephone Field,recover-20220922,001,1795
602.1075,602.1167,24609,32620,Eptesicus serotinus,0.007,0.022,-1,Echolocation,/mnt/ubna_data_02_mir/recover-20220922/UBNA_001/20220921_090000.WAV,Telephone Field,recover-20220922,001,1795
602.1165,602.1254,24609,31824,Eptesicus serotinus,0.007,0.021,-1,Echolocation,/mnt/ubna_data_02_mir/recover-20220922/UBNA_001/20220921_090000.WAV,Telephone Field,recover-20220922,001,1795
602.1445,602.1842,68437,82651,Rhinolophus ferrumequinum,0.027,0.027,-1,Echolocation,/mnt/ubna_data_02_mir/recover-20220922/UBNA_001/20220921_090000.WAV,Telephone Field,recover-20220922,001,1795
602.1845,602.2211,68437,81549,Rhinolophus ferrumequinum,0.02,0.02,-1,Echolocation,/mnt/ubna_data_02_mir/recover-20220922/UBNA_001/20220921_090000.WAV,Telephone Field,recover-20220922,001,1795
602.2285,602.2651,68437,81255,Rhinolophus ferrumequinum,0.02,0.02,-1,Echolocation,/mnt/ubna_data_02_mir/recover-20220922/UBNA_001/20220921_090000.WAV,Telephone Field,recover-20220922,001,1795
602.2345,602.2457,22031,25736,Nyctalus leisleri,0.012,0.022,-1,Echolocation,/mnt/ubna_data_02_mir/recover-20220922/UBNA_001/20220921_090000.WAV,Telephone Field,recover-20220922,001,1795
602.3015,602.3389,68437,81735,Rhinolophus ferrumequinum,0.02,0.02,-1,Echolocation,/mnt/ubna_data_02_mir/recover-20220922/UBNA_001/20220921_090000.WAV,Telephone Field,recover-20220922,001,1795
602.3375,602.3516,14296,18751,Nyctalus noctula,0.022,0.034,-1,Echolocation,/mnt/ubna_data_02_mir/recover-20220922/UBNA_001/20220921_090000.WAV,Telephone Field,recover-20220922,001,1795
602.3395,602.3481,27187,36005,Eptesicus serotinus,0.007,0.021,-1,Echolocation,/mnt/ubna_data_02_mir/recover-20220922/UBNA_001/20220921_090000.WAV,Telephone Field,recover-20220922,001,1795
602.3415,602.3807,68437,82268,Rhinolophus ferrumequinum,0.023,0.023,-1,Echolocation,/mnt/ubna_data_02_mir/recover-20220922/UBNA_001/20220921_090000.WAV,Telephone Field,recover-20220922,001,1795
602.3455,602.3562,22890,28060,Nyctalus leisleri,0.009,0.02,-1,Echolocation,/mnt/ubna_data_02_mir/recover-20220922/UBNA_001/20220921_090000.WAV,Telephone Field,recover-20220922,001,1795
602.3635,602.3717,28046,40734,Eptesicus serotinus,0.007,0.02,-1,Echolocation,/mnt/ubna_data_02_mir/recover-20220922/UBNA_001/20220921_090000.WAV,Telephone Field,recover-20220922,001,1795
602.3845,602.4224,68437,81922,Rhinolophus ferrumequinum,0.025,0.025,-1,Echolocation,/mnt/ubna_data_02_mir/recover-20220922/UBNA_001/20220921_090000.WAV,Telephone Field,recover-20220922,001,1795
602.4325,602.4733,68437,82622,Rhinolophus ferrumequinum,0.028,0.028,-1,Echolocation,/mnt/ubna_data_02_mir/recover-20220922/UBNA_001/20220921_090000.WAV,Telephone Field,recover-20220922,001,1795
602.4495,602.4862,68437,81499,Rhinolophus ferrumequinum,0.02,0.02,-1,Echolocation,/mnt/ubna_data_02_mir/recover-20220922/UBNA_001/20220921_090000.WAV,Telephone Field,recover-20220922,001,1795
602.4495,602.4597,25468,32981,Eptesicus serotinus,0.008,0.021,-1,Echolocation,/mnt/ubna_data_02_mir/recover-20220922/UBNA_001/20220921_090000.WAV,Telephone Field,recover-20220922,001,1795
602.4765,602.4872,24609,31219,Eptesicus serotinus,0.009,0.024,-1,Echolocation,/mnt/ubna_data_02_mir/recover-20220922/UBNA_001/20220921_090000.WAV,Telephone Field,recover-20220922,001,1795
602.4835,602.5259,68437,83228,Rhinolophus ferrumequinum,0.029,0.029,-1,Echolocation,/mnt/ubna_data_02_mir/recover-20220922/UBNA_001/20220921_090000.WAV,Telephone Field,recover-20220922,001,1795
602.4875,602.4961,26328,35087,Eptesicus serotinus,0.013,0.032,-1,Echolocation,/mnt/ubna_data_02_mir/recover-20220922/UBNA_001/20220921_090000.WAV,Telephone Field,recover-20220922,001,1795
602.5145,602.5243,23750,29850,Nyctalus leisleri,0.008,0.021,-1,Echolocation,/mnt/ubna_data_02_mir/recover-20220922/UBNA_001/20220921_090000.WAV,Telephone Field,recover-20220922,001,1795
602.5475,602.5881,68437,82176,Rhinolophus ferrumequinum,0.022,0.022,-1,Echolocation,/mnt/ubna_data_02_mir/recover-20220922/UBNA_001/20220921_090000.WAV,Telephone Field,recover-20220922,001,1795
602.6075,602.6476,68437,82580,Rhinolophus ferrumequinum,0.03,0.03,-1,Echolocation,/mnt/ubna_data_02_mir/recover-20220922/UBNA_001/20220921_090000.WAV,Telephone Field,recover-20220922,001,1795
602.6395,602.6506,22890,28126,Nyctalus leisleri,0.012,0.027,-1,Echolocation,/mnt/ubna_data_02_mir/recover-20220922/UBNA_001/20220921_090000.WAV,Telephone Field,recover-20220922,001,1795
602.6605,602.674,25468,30199,Nyctalus leisleri,0.018,0.035,-1,Echolocation,/mnt/ubna_data_02_mir/recover-20220922/UBNA_001/20220921_090000.WAV,Telephone Field,recover-20220922,001,1795
602.6715,602.7121,68437,82605,Rhinolophus ferrumequinum,0.031,0.031,-1,Echolocation,/mnt/ubna_data_02_mir/recover-20220922/UBNA_001/20220921_090000.WAV,Telephone Field,recover-20220922,001,1795
602.6955,602.7333,68437,81570,Rhinolophus ferrumequinum,0.021,0.021,-1,Echolocation,/mnt/ubna_data_02_mir/recover-20220922/UBNA_001/20220921_090000.WAV,Telephone Field,recover-20220922,001,1795
602.7065,602.7421,68437,81531,Rhinolophus ferrumequinum,0.02,0.02,-1,Echolocation,/mnt/ubna_data_02_mir/recover-20220922/UBNA_001/20220921_090000.WAV,Telephone Field,recover-20220922,001,1795
602.7175,602.7539,68437,81603,Rhinolophus ferrumequinum,0.022,0.022,-1,Echolocation,/mnt/ubna_data_02_mir/recover-20220922/UBNA_001/20220921_090000.WAV,Telephone Field,recover-20220922,001,1795
602.7385,602.7784,68437,82735,Rhinolophus ferrumequinum,0.026,0.026,-1,Echolocation,/mnt/ubna_data_02_mir/recover-20220922/UBNA_001/20220921_090000.WAV,Telephone Field,recover-20220922,001,1795
602.7595,602.7977,68437,82202,Rhinolophus ferrumequinum,0.025,0.025,-1,Echolocation,/mnt/ubna_data_02_mir/recover-20220922/UBNA_001/20220921_090000.WAV,Telephone Field,recover-20220922,001,1795
602.7935,602.8009,23750,32591,Plecotus austriacus,0.011,0.025,-1,Echolocation,/mnt/ubna_data_02_mir/recover-20220922/UBNA_001/20220921_090000.WAV,Telephone Field,recover-20220922,001,1795
602.7985,602.8367,68437,82173,Rhinolophus ferrumequinum,0.025,0.025,-1,Echolocation,/mnt/ubna_data_02_mir/recover-20220922/UBNA_001/20220921_090000.WAV,Telephone Field,recover-20220922,001,1795
602.8065,602.8404,68437,81090,Rhinolophus ferrumequinum,0.021,0.021,-1,Echolocation,/mnt/ubna_data_02_mir/recover-20220922/UBNA_001/20220921_090000.WAV,Telephone Field,recover-20220922,001,1795
602.8095,602.8175,28046,39058,Eptesicus serotinus,0.007,0.022,-1,Echolocation,/mnt/ubna_data_02_mir/recover-20220922/UBNA_001/20220921_090000.WAV,Telephone Field,recover-20220922,001,1795
602.8265,602.8367,22031,26626,Nyctalus leisleri,0.009,0.02,-1,Echolocation,/mnt/ubna_data_02_mir/recover-20220922/UBNA_001/20220921_090000.WAV,Telephone Field,recover-20220922,001,1795
602.8275,602.8676,68437,82473,Rhinolophus ferrumequinum,0.021,0.021,-1,Echolocation,/mnt/ubna_data_02_mir/recover-20220922/UBNA_001/20220921_090000.WAV,Telephone Field,recover-20220922,001,1795
602.8425,602.8788,68437,81768,Rhinolophus ferrumequinum,0.021,0.021,-1,Echolocation,/mnt/ubna_data_02_mir/recover-20220922/UBNA_001/20220921_090000.WAV,Telephone Field,recover-20220922,001,1795
602.8765,602.8845,28046,37434,Eptesicus serotinus,0.015,0.034,-1,Echolocation,/mnt/ubna_data_02_mir/recover-20220922/UBNA_001/20220921_090000.WAV,Telephone Field,recover-20220922,001,1795
602.8915,602.9261,68437,81274,Rhinolophus ferrumequinum,0.021,0.021,-1,Echolocation,/mnt/ubna_data_02_mir/recover-20220922/UBNA_001/20220921_090000.WAV,Telephone Field,recover-20220922,001,1795
602.9215,602.93,26328,38010,Eptesicus serotinus,0.007,0.02,-1,Echolocation,/mnt/ubna_data_02_mir/recover-20220922/UBNA_001/20220921_090000.WAV,Telephone Field,recover-20220922,001,1795
602.9385,602.9817,68437,83631,Rhinolophus ferrumequinum,0.036,0.036,-1,Echolocation,/mnt/ubna_data_02_mir/recover-20220922/UBNA_001/20220921_090000.WAV,Telephone Field,recover-20220922,001,1795
602.9435,602.9545,22890,27348,Nyctalus leisleri,0.01,0.02,-1,Echolocation,/mnt/ubna_data_02_mir/recover-20220922/UBNA_001/20220921_090000.WAV,Telephone Field,recover-20220922,001,1795
602.9605,603.0002,68437,82396,Rhinolophus ferrumequinum,0.023,0.023,-1,Echolocation,/mnt/ubna_data_02_mir/recover-20220922/UBNA_001/20220921_090000.WAV,Telephone Field,recover-20220922,001,1795
602.9615,602.9716,54687,59103,Pipistrellus pygmaeus,0.021,0.021,-1,Echolocation,/mnt/ubna_data_02_mir/recover-20220922/UBNA_001/20220921_090000.WAV,Telephone Field,recover-20220922,001,1795
602.9995,603.0381,68437,82527,Rhinolophus ferrumequinum,0.022,0.022,-1,Echolocation,/mnt/ubna_data_02_mir/recover-20220922/UBNA_001/20220921_090000.WAV,Telephone Field,recover-20220922,001,1795
603.0045,603.0143,25468,32733,Eptesicus serotinus,0.007,0.02,-1,Echolocation,/mnt/ubna_data_02_mir/recover-20220922/UBNA_001/20220921_090000.WAV,Telephone Field,recover-20220922,001,1795
603.0235,603.0603,68437,81723,Rhinolophus ferrumequinum,0.023,0.023,-1,Echolocation,/mnt/ubna_data_02_mir/recover-20220922/UBNA_001/20220921_090000.WAV,Telephone Field,recover-20220922,001,1795
603.0275,603.0366,28906,39176,Eptesicus serotinus,0.007,0.02,-1,Echolocation,/mnt/ubna_data_02_mir/recover-20220922/UBNA_001/20220921_090000.WAV,Telephone Field,recover-20220922,001,1795
603.0325,603.0695,68437,81358,Rhinolophus ferrumequinum,0.022,0.022,-1,Echolocation,/mnt/ubna_data_02_mir/recover-20220922/UBNA_001/20220921_090000.WAV,Telephone Field,recover-20220922,001,1795
603.0635,603.1009,68437,81587,Rhinolophus ferrumequinum,0.022,0.022,-1,Echolocation,/mnt/ubna_data_02_mir/recover-20220922/UBNA_001/20220921_090000.WAV,Telephone Field,recover-20220922,001,1795
603.0725,603.1118,68437,82264,Rhinolophus ferrumequinum,0.024,0.024,-1,Echolocation,/mnt/ubna_data_02_mir/recover-20220922/UBNA_001/20220921_090000.WAV,Telephone Field,recover-20220922,001,1795
603.0915,603.1295,68437,82155,Rhinolophus ferrumequinum,0.021,0.021,-1,Echolocation,/mnt/ubna_data_02_mir/recover-20220922/UBNA_001/20220921_090000.WAV,Telephone Field,recover-20220922,001,1795
603.0995,603.1375,68437,82500,Rhinolophus ferrumequinum,0.021,0.021,-1,Echolocation,/mnt/ubna_data_02_mir/recover-20220922/UBNA_001/20220921_090000.WAV,Telephone Field,recover-20220922,001,1795
603.1325,603.145,42656,45290,Pipistrellus pipistrellus,0.037,0.043,-1,Echolocation,/mnt/ubna_data_02_mir/recover-20220922/UBNA_001/20220921_090000.WAV,Telephone Field,recover-20220922,001,1795
603.1515,603.1618,23750,30257,Nyctalus leisleri,0.011,0.029,-1,Echolocation,/mnt/ubna_data_02_mir/recover-20220922/UBNA_001/20220921_090000.WAV,Telephone Field,recover-20220922,001,1795
603.2005,603.2372,68437,81757,Rhinolophus ferrumequinum,0.02,0.021,-1,Echolocation,/mnt/ubna_data_02_mir/recover-20220922/UBNA_001/20220921_090000.WAV,Telephone Field,recover-20220922,001,1795
603.2045,603.2148,25468,33104,Eptesicus serotinus,0.01,0.021,-1,Echolocation,/mnt/ubna_data_02_mir/recover-20220922/UBNA_001/20220921_090000.WAV,Telephone Field,recover-20220922,001,1795
603.2195,603.2565,68437,81715,Rhinolophus ferrumequinum,0.021,0.021,-1,Echolocation,/mnt/ubna_data_02_mir/recover-20220922/UBNA_001/20220921_090000.WAV,Telephone Field,recover-20220922,001,1795
603.2725,603.3111,68437,81683,Rhinolophus ferrumequinum,0.022,0.022,-1,Echolocation,/mnt/ubna_data_02_mir/recover-20220922/UBNA_001/20220921_090000.WAV,Telephone Field,recover-20220922,001,1795
603.3085,603.3423,68437,80659,Rhinolophus ferrumequinum,0.02,0.02,-1,Echolocation,/mnt/ubna_data_02_mir/recover-20220922/UBNA_001/20220921_090000.WAV,Telephone Field,recover-20220922,001,1795
603.3395,603.3468,28046,41831,Eptesicus serotinus,0.006,0.02,-1,Echolocation,/mnt/ubna_data_02_mir/recover-20220922/UBNA_001/20220921_090000.WAV,Telephone Field,recover-20220922,001,1795
603.3515,603.3935,68437,82867,Rhinolophus ferrumequinum,0.02,0.02,-1,Echolocation,/mnt/ubna_data_02_mir/recover-20220922/UBNA_001/20220921_090000.WAV,Telephone Field,recover-20220922,001,1795
603.3815,603.4235,68437,82908,Rhinolophus ferrumequinum,0.029,0.029,-1,Echolocation,/mnt/ubna_data_02_mir/recover-20220922/UBNA_001/20220921_090000.WAV,Telephone Field,recover-20220922,001,1795
603.3845,603.3955,23750,29988,Nyctalus leisleri,0.009,0.024,-1,Echolocation,/mnt/ubna_data_02_mir/recover-20220922/UBNA_001/20220921_090000.WAV,Telephone Field,recover-20220922,001,1795
603.3915,603.4017,23750,28917,Nyctalus leisleri,0.011,0.023,-1,Echolocation,/mnt/ubna_data_02_mir/recover-20220922/UBNA_001/20220921_090000.WAV,Telephone Field,recover-20220922,001,1795
603.4065,603.4472,68437,82552,Rhinolophus ferrumequinum,0.022,0.022,-1,Echolocation,/mnt/ubna_data_02_mir/recover-20220922/UBNA_001/20220921_090000.WAV,Telephone Field,recover-20220922,001,1795
603.4125,603.4508,68437,82268,Rhinolophus ferrumequinum,0.022,0.022,-1,Echolocation,/mnt/ubna_data_02_mir/recover-20220922/UBNA_001/20220921_090000.WAV,Telephone Field,recover-20220922,001,1795
603.4125,603.4223,32343,41617,Myotis daubentonii,0.007,0.022,-1,Echolocation,/mnt/ubna_data_02_mir/recover-20220922/UBNA_001/20220921_090000.WAV,Telephone Field,recover-20220922,001,1795
603.4155,603.4238,27187,36822,Eptesicus serotinus,0.006,0.02,-1,Echolocation,/mnt/ubna_data_02_mir/recover-20220922/UBNA_001/20220921_090000.WAV,Telephone Field,recover-20220922,001,1795
603.4265,603.4645,68437,81929,Rhinolophus ferrumequinum,0.025,0.025,-1,Echolocation,/mnt/ubna_data_02_mir/recover-20220922/UBNA_001/20220921_090000.WAV,Telephone Field,recover-20220922,001,1795
603.4625,603.5043,68437,82386,Rhinolophus ferrumequinum,0.024,0.024,-1,Echolocation,/mnt/ubna_data_02_mir/recover-20220922/UBNA_001/20220921_090000.WAV,Telephone Field,recover-20220922,001,1795
603.5195,603.529,23750,30759,Nyctalus leisleri,0.007,0.02,-1,Echolocation,/mnt/ubna_data_02_mir/recover-20220922/UBNA_001/20220921_090000.WAV,Telephone Field,recover-20220922,001,1795
603.5235,603.5626,68437,82276,Rhinolophus ferrumequinum,0.022,0.022,-1,Echolocation,/mnt/ubna_data_02_mir/recover-20220922/UBNA_001/20220921_090000.WAV,Telephone Field,recover-20220922,001,1795
603.5575,603.5989,68437,82525,Rhinolophus ferrumequinum,0.035,0.035,-1,Echolocation,/mnt/ubna_data_02_mir/recover-20220922/UBNA_001/20220921_090000.WAV,Telephone Field,recover-20220922,001,1795
603.5585,603.5686,28046,36491,Eptesicus serotinus,0.012,0.025,-1,Echolocation,/mnt/ubna_data_02_mir/recover-20220922/UBNA_001/20220921_090000.WAV,Telephone Field,recover-20220922,001,1795
603.5865,603.5994,22031,26050,Nyctalus leisleri,0.014,0.024,-1,Echolocation,/mnt/ubna_data_02_mir/recover-20220922/UBNA_001/20220921_090000.WAV,Telephone Field,recover-20220922,001,1795
603.6295,603.6701,68437,82216,Rhinolophus ferrumequinum,0.022,0.022,-1,Echolocation,/mnt/ubna_data_02_mir/recover-20220922/UBNA_001/20220921_090000.WAV,Telephone Field,recover-20220922,001,1795
603.6505,603.6885,68437,81460,Rhinolophus ferrumequinum,0.022,0.022,-1,Echolocation,/mnt/ubna_data_02_mir/recover-20220922/UBNA_001/20220921_090000.WAV,Telephone Field,recover-20220922,001,1795
603.7085,603.7489,68437,82292,Rhinolophus ferrumequinum,0.022,0.022,-1,Echolocation,/mnt/ubna_data_02_mir/recover-20220922/UBNA_001/20220921_090000.WAV,Telephone Field,recover-20220922,001,1795
603.7465,603.7848,68437,82146,Rhinolophus ferrumequinum,0.022,0.022,-1,Echolocation,/mnt/ubna_data_02_mir/recover-20220922/UBNA_001/20220921_090000.WAV,Telephone Field,recover-20220922,001,1795
603.7645,603.8071,68437,83159,Rhinolophus ferrumequinum,0.028,0.028,-1,Echolocation,/mnt/ubna_data_02_mir/recover-20220922/UBNA_001/20220921_090000.WAV,Telephone Field,recover-20220922,001,1795
603.7895,603.8269,68437,81501,Rhinolophus ferrumequinum,0.02,0.02,-1,Echolocation,/mnt/ubna_data_02_mir/recover-20220922/UBNA_001/20220921_090000.WAV,Telephone Field,recover-20220922,001,1795
603.7915,603.7991,24609,34031,Plecotus austriacus,0.01,0.026,-1,Echolocation,/mnt/ubna_data_02_mir/recover-20220922/UBNA_001/20220921_090000.WAV,Telephone Field,recover-20220922,001,1795
603.8145,603.8484,68437,80488,Rhinolophus ferrumequinum,0.022,0.022,-1,Echolocation,/mnt/ubna_data_02_mir/recover-20220922/UBNA_001/20220921_090000.WAV,Telephone Field,recover-20220922,001,1795
603.8505,603.8895,68437,81704,Rhinolophus ferrumequinum,0.02,0.02,-1,Echolocation,/mnt/ubna_data_02_mir/recover-20220922/UBNA_001/20220921_090000.WAV,Telephone Field,recover-20220922,001,1795
603.8605,603.899,68437,82674,Rhinolophus ferrumequinum,0.021,0.021,-1,Echolocation,/mnt/ubna_data_02_mir/recover-20220922/UBNA_001/20220921_090000.WAV,Telephone Field,recover-20220922,001,1795
603.8685,603.9026,68437,81989,Rhinolophus ferrumequinum,0.022,0.022,-1,Echolocation,/mnt/ubna_data_02_mir/recover-20220922/UBNA_001/20220921_090000.WAV,Telephone Field,recover-20220922,001,1795
603.8745,603.9124,68437,82012,Rhinolophus ferrumequinum,0.02,0.02,-1,Echolocation,/mnt/ubna_data_02_mir/recover-20220922/UBNA_001/20220921_090000.WAV,Telephone Field,recover-20220922,001,1795
603.8755,603.886,28046,35920,Eptesicus serotinus,0.009,0.02,-1,Echolocation,/mnt/ubna_data_02_mir/recover-20220922/UBNA_001/20220921_090000.WAV,Telephone Field,recover-20220922,001,1795
603.8845,603.9195,68437,81580,Rhinolophus ferrumequinum,0.023,0.023,-1,Echolocation,/mnt/ubna_data_02_mir/recover-20220922/UBNA_001/20220921_090000.WAV,Telephone Field,recover-20220922,001,1795
603.8855,603.8973,23750,28885,Nyctalus leisleri,0.011,0.023,-1,Echolocation,/mnt/ubna_data_02_mir/recover-20220922/UBNA_001/20220921_090000.WAV,Telephone Field,recover-20220922,001,1795
603.9045,603.9356,68437,79669,Rhinolophus ferrumequinum,0.02,0.02,-1,Echolocation,/mnt/ubna_data_02_mir/recover-20220922/UBNA_001/20220921_090000.WAV,Telephone Field,recover-20220922,001,1795
603.9435,603.979,68437,81347,Rhinolophus ferrumequinum,0.021,0.021,-1,Echolocation,/mnt/ubna_data_02_mir/recover-20220922/UBNA_001/20220921_090000.WAV,Telephone Field,recover-20220922,001,1795
603.9605,603.9976,68437,81534,Rhinolophus ferrumequinum,0.02,0.02,-1,Echolocation,/mnt/ubna_data_02_mir/recover-20220922/UBNA_001/20220921_090000.WAV,Telephone Field,recover-20220922,001,1795
603.9615,603.9747,22890,27204,Nyctalus leisleri,0.017,0.029,-1,Echolocation,/mnt/ubna_data_02_mir/recover-20220922/UBNA_001/20220921_090000.WAV,Telephone Field,recover-20220922,001,1795
604.0015,604.035,68437,79901,Rhinolophus ferrumequinum,0.065,0.065,-1,Echolocation,/mnt/ubna_data_02_mir/recover-20220922/UBNA_001/20220921_090000.WAV,Telephone Field,recover-20220922,001,1795
604.0015,604.0102,22031,28416,Nyctalus leisleri,0.011,0.032,-1,Echolocation,/mnt/ubna_data_02_mir/recover-20220922/UBNA_001/20220921_090000.WAV,Telephone Field,recover-20220922,001,1795
604.0015,604.0111,46093,49856,Pipistrellus pipistrellus,0.029,0.036,-1,Echolocation,/mnt/ubna_data_02_mir/recover-20220922/UBNA_001/20220921_090000.WAV,Telephone Field,recover-20220922,001,1795
604.0175,604.0281,22890,28918,Nyctalus leisleri,0.009,0.024,-1,Echolocation,/mnt/ubna_data_02_mir/recover-20220922/UBNA_001/20220921_090000.WAV,Telephone Field,recover-20220922,001,1795
604.0425,604.0816,68437,82202,Rhinolophus ferrumequinum,0.023,0.023,-1,Echolocation,/mnt/ubna_data_02_mir/recover-20220922/UBNA_001/20220921_090000.WAV,Telephone Field,recover-20220922,001,1795
604.0635,604.1041,68437,82843,Rhinolophus ferrumequinum,0.025,0.025,-1,Echolocation,/mnt/ubna_data_02_mir/recover-20220922/UBNA_001/20220921_090000.WAV,Telephone Field,recover-20220922,001,1795
604.0695,604.0794,25468,34057,Eptesicus serotinus,0.011,0.026,-1,Echolocation,/mnt/ubna_data_02_mir/recover-20220922/UBNA_001/20220921_090000.WAV,Telephone Field,recover-20220922,001,1795
604.0935,604.1318,68437,81899,Rhinolophus ferrumequinum,0.025,0.025,-1,Echolocation,/mnt/ubna_data_02_mir/recover-20220922/UBNA_001/20220921_090000.WAV,Telephone Field,recover-20220922,001,1795
604.1025,604.1132,22890,27257,Nyctalus leisleri,0.011,0.021,-1,Echolocation,/mnt/ubna_data_02_mir/recover-20220922/UBNA_001/20220921_090000.WAV,Telephone Field,recover-20220922,001,1795
604.1385,604.1776,68437,81781,Rhinolophus ferrumequinum,0.023,0.023,-1,Echolocation,/mnt/ubna_data_02_mir/recover-20220922/UBNA_001/20220921_090000.WAV,Telephone Field,recover-20220922,001,1795
604.1585,604.1996,68437,82471,Rhinolophus ferrumequinum,0.023,0.024,-1,Echolocation,/mnt/ubna_data_02_mir/recover-20220922/UBNA_001/20220921_090000.WAV,Telephone Field,recover-20220922,001,1795
604.1885,604.2283,68437,82527,Rhinolophus ferrumequinum,0.023,0.023,-1,Echolocation,/mnt/ubna_data_02_mir/recover-20220922/UBNA_001/20220921_090000.WAV,Telephone Field,recover-20220922,001,1795
604.2025,604.2146,22031,26205,Nyctalus leisleri,0.012,0.023,-1,Echolocation,/mnt/ubna_data_02_mir/recover-20220922/UBNA_001/20220921_090000.WAV,Telephone Field,recover-20220922,001,1795
604.2115,604.2459,68437,80575,Rhinolophus ferrumequinum,0.021,0.021,-1,Echolocation,/mnt/ubna_data_02_mir/recover-20220922/UBNA_001/20220921_090000.WAV,Telephone Field,recover-20220922,001,1795
604.2405,604.2503,27187,36942,Eptesicus serotinus,0.01,0.023,-1,Echolocation,/mnt/ubna_data_02_mir/recover-20220922/UBNA_001/20220921_090000.WAV,Telephone Field,recover-20220922,001,1795
604.2405,604.2792,68437,81382,Rhinolophus ferrumequinum,0.031,0.031,-1,Echolocation,/mnt/ubna_data_02_mir/recover-20220922/UBNA_001/20220921_090000.WAV,Telephone Field,recover-20220922,001,1795
604.2425,604.254,22031,26608,Nyctalus leisleri,0.012,0.023,-1,Echolocation,/mnt/ubna_data_02_mir/recover-20220922/UBNA_001/20220921_090000.WAV,Telephone Field,recover-20220922,001,1795
604.2625,604.3042,68437,82875,Rhinolophus ferrumequinum,0.022,0.022,-1,Echolocation,/mnt/ubna_data_02_mir/recover-20220922/UBNA_001/20220921_090000.WAV,Telephone Field,recover-20220922,001,1795
604.2825,604.2911,26328,36335,Eptesicus serotinus,0.008,0.021,-1,Echolocation,/mnt/ubna_data_02_mir/recover-20220922/UBNA_001/20220921_090000.WAV,Telephone Field,recover-20220922,001,1795
604.3095,604.3508,68437,82571,Rhinolophus ferrumequinum,0.021,0.021,-1,Echolocation,/mnt/ubna_data_02_mir/recover-20220922/UBNA_001/20220921_090000.WAV,Telephone Field,recover-20220922,001,1795
604.3145,604.3558,68437,81979,Rhinolophus ferrumequinum,0.021,0.021,-1,Echolocation,/mnt/ubna_data_02_mir/recover-20220922/UBNA_001/20220921_090000.WAV,Telephone Field,recover-20220922,001,1795
604.3385,604.3753,68437,82281,Rhinolophus ferrumequinum,0.028,0.028,-1,Echolocation,/mnt/ubna_data_02_mir/recover-20220922/UBNA_001/20220921_090000.WAV,Telephone Field,recover-20220922,001,1795
604.3625,604.4007,68437,81795,Rhinolophus ferrumequinum,0.021,0.021,-1,Echolocation,/mnt/ubna_data_02_mir/recover-20220922/UBNA_001/20220921_090000.WAV,Telephone Field,recover-20220922,001,1795
604.4395,604.4781,68437,82879,Rhinolophus ferrumequinum,0.022,0.022,-1,Echolocation,/mnt/ubna_data_02_mir/recover-20220922/UBNA_001/20220921_090000.WAV,Telephone Field,recover-20220922,001,1795
604.4395,604.4501,23750,30671,Nyctalus leisleri,0.009,0.023,-1,Echolocation,/mnt/ubna_data_02_mir/recover-20220922/UBNA_001/20220921_090000.WAV,Telephone Field,recover-20220922,001,1795
604.4725,604.4853,22890,27641,Nyctalus leisleri,0.012,0.023,-1,Echolocation,/mnt/ubna_data_02_mir/recover-20220922/UBNA_001/20220921_090000.WAV,Telephone Field,recover-20220922,001,1795
604.4825,604.4919,44375,48200,Pipistrellus pipistrellus,0.024,0.026,-1,Echolocation,/mnt/ubna_data_02_mir/recover-20220922/UBNA_001/20220921_090000.WAV,Telephone Field,recover-20220922,001,1795
604.4985,604.5069,26328,38417,Eptesicus serotinus,0.007,0.021,-1,Echolocation,/mnt/ubna_data_02_mir/recover-20220922/UBNA_001/20220921_090000.WAV,Telephone Field,recover-20220922,001,1795
604.5365,604.5742,68437,82287,Rhinolophus ferrumequinum,0.023,0.024,-1,Echolocation,/mnt/ubna_data_02_mir/recover-20220922/UBNA_001/20220921_090000.WAV,Telephone Field,recover-20220922,001,1795
604.5605,604.5975,68437,81470,Rhinolophus ferrumequinum,0.021,0.021,-1,Echolocation,/mnt/ubna_data_02_mir/recover-20220922/UBNA_001/20220921_090000.WAV,Telephone Field,recover-20220922,001,1795
604.5695,604.5769,23750,32163,Plecotus austriacus,0.009,0.021,-1,Echolocation,/mnt/ubna_data_02_mir/recover-20220922/UBNA_001/20220921_090000.WAV,Telephone Field,recover-20220922,001,1795
604.5855,604.5945,28906,37177,Eptesicus serotinus,0.008,0.022,-1,Echolocation,/mnt/ubna_data_02_mir/recover-20220922/UBNA_001/20220921_090000.WAV,Telephone Field,recover-20220922,001,1795
604.5865,604.626,68437,82204,Rhinolophus ferrumequinum,0.021,0.021,-1,Echolocation,/mnt/ubna_data_02_mir/recover-20220922/UBNA_001/20220921_090000.WAV,Telephone Field,recover-20220922,001,1795
604.6215,604.6575,68437,81802,Rhinolophus ferrumequinum,0.027,0.027,-1,Echolocation,/mnt/ubna_data_02_mir/recover-20220922/UBNA_001/20220921_090000.WAV,Telephone Field,recover-20220922,001,1795
604.6445,604.6814,68437,81318,Rhinolophus ferrumequinum,0.024,0.025,-1,Echolocation,/mnt/ubna_data_02_mir/recover-20220922/UBNA_001/20220921_090000.WAV,Telephone Field,recover-20220922,001,1795
604.6955,604.7028,28046,38835,Eptesicus serotinus,0.007,0.025,-1,Echolocation,/mnt/ubna_data_02_mir/recover-20220922/UBNA_001/20220921_090000.WAV,Telephone Field,recover-20220922,001,1795
604.7325,604.7506,22031,26246,Nyctalus leisleri,0.022,0.046,-1,Echolocation,/mnt/ubna_data_02_mir/recover-20220922/UBNA_001/20220921_090000.WAV,Telephone Field,recover-20220922,001,1795
604.7365,604.7465,43515,53167,Pipistrellus pipistrellus,0.022,0.029,-1,Echolocation,/mnt/ubna_data_02_mir/recover-20220922/UBNA_001/20220921_090000.WAV,Telephone Field,recover-20220922,001,1795
604.7535,604.7903,68437,81809,Rhinolophus ferrumequinum,0.021,0.021,-1,Echolocation,/mnt/ubna_data_02_mir/recover-20220922/UBNA_001/20220921_090000.WAV,Telephone Field,recover-20220922,001,1795
604.7555,604.7635,28906,37499,Eptesicus serotinus,0.007,0.021,-1,Echolocation,/mnt/ubna_data_02_mir/recover-20220922/UBNA_001/20220921_090000.WAV,Telephone Field,recover-20220922,001,1795
604.7915,604.8035,24609,31124,Nyctalus leisleri,0.011,0.031,-1,Echolocation,/mnt/ubna_data_02_mir/recover-20220922/UBNA_001/20220921_090000.WAV,Telephone Field,recover-20220922,001,1795
604.8045,604.8457,68437,82704,Rhinolophus ferrumequinum,0.024,0.024,-1,Echolocation,/mnt/ubna_data_02_mir/recover-20220922/UBNA_001/20220921_090000.WAV,Telephone Field,recover-20220922,001,1795
604.8245,604.8332,28046,36202,Eptesicus serotinus,0.012,0.025,-1,Echolocation,/mnt/ubna_data_02_mir/recover-20220922/UBNA_001/20220921_090000.WAV,Telephone Field,recover-20220922,001,1795
604.8245,604.8609,68437,81475,Rhinolophus ferrumequinum,0.027,0.027,-1,Echolocation,/mnt/ubna_data_02_mir/recover-20220922/UBNA_001/20220921_090000.WAV,Telephone Field,recover-20220922,001,1795
604.8465,604.8864,68437,82306,Rhinolophus ferrumequinum,0.025,0.025,-1,Echolocation,/mnt/ubna_data_02_mir/recover-20220922/UBNA_001/20220921_090000.WAV,Telephone Field,recover-20220922,001,1795
604.8905,604.9294,68437,81880,Rhinolophus ferrumequinum,0.021,0.021,-1,Echolocation,/mnt/ubna_data_02_mir/recover-20220922/UBNA_001/20220921_090000.WAV,Telephone Field,recover-20220922,001,1795
604.9085,604.9482,68437,82155,Rhinolophus ferrumequinum,0.021,0.021,-1,Echolocation,/mnt/ubna_data_02_mir/recover-20220922/UBNA_001/20220921_090000.WAV,Telephone Field,recover-20220922,001,1795
604.9095,604.9197,22890,28226,Nyctalus leisleri,0.009,0.021,-1,Echolocation,/mnt/ubna_data_02_mir/recover-20220922/UBNA_001/20220921_090000.WAV,Telephone Field,recover-20220922,001,1795
604.9285,604.9707,68437,83072,Rhinolophus ferrumequinum,0.023,0.023,-1,Echolocation,/mnt/ubna_data_02_mir/recover-20220922/UBNA_001/20220921_090000.WAV,Telephone Field,recover-20220922,001,1795
604.9885,604.9943,35781,44591,Myotis daubentonii,0.009,0.021,-1,Echolocation,/mnt/ubna_data_02_mir/recover-20220922/UBNA_001/20220921_090000.WAV,Telephone Field,recover-20220922,001,1795
604.9885,604.9967,28046,39993,Eptesicus serotinus,0.009,0.027,-1,Echolocation,/mnt/ubna_data_02_mir/recover-20220922/UBNA_001/20220921_090000.WAV,Telephone Field,recover-20220922,001,1795
604.9995,605.0378,68437,81679,Rhinolophus ferrumequinum,0.021,0.021,-1,Echolocation,/mnt/ubna_data_02_mir/recover-20220922/UBNA_001/20220921_090000.WAV,Telephone Field,recover-20220922,001,1795
605.0125,605.0185,28046,38587,Eptesicus serotinus,0.008,0.032,-1,Echolocation,/mnt/ubna_data_02_mir/recover-20220922/UBNA_001/20220921_090000.WAV,Telephone Field,recover-20220922,001,1795
605.0255,605.0356,25468,33426,Eptesicus serotinus,0.011,0.026,-1,Echolocation,/mnt/ubna_data_02_mir/recover-20220922/UBNA_001/20220921_090000.WAV,Telephone Field,recover-20220922,001,1795
605.0435,605.0834,68437,82717,Rhinolophus ferrumequinum,0.021,0.021,-1,Echolocation,/mnt/ubna_data_02_mir/recover-20220922/UBNA_001/20220921_090000.WAV,Telephone Field,recover-20220922,001,1795
605.0445,605.0546,46093,49721,Pipistrellus pipistrellus,0.033,0.035,-1,Echolocation,/mnt/ubna_data_02_mir/recover-20220922/UBNA_001/20220921_090000.WAV,Telephone Field,recover-20220922,001,1795
605.0725,605.1135,68437,82281,Rhinolophus ferrumequinum,0.024,0.024,-1,Echolocation,/mnt/ubna_data_02_mir/recover-20220922/UBNA_001/20220921_090000.WAV,Telephone Field,recover-20220922,001,1795
605.0725,605.0818,27187,38628,Eptesicus serotinus,0.01,0.024,-1,Echolocation,/mnt/ubna_data_02_mir/recover-20220922/UBNA_001/20220921_090000.WAV,Telephone Field,recover-20220922,001,1795
605.0905,605.1305,68437,82936,Rhinolophus ferrumequinum,0.024,0.024,-1,Echolocation,/mnt/ubna_data_02_mir/recover-20220922/UBNA_001/20220921_090000.WAV,Telephone Field,recover-20220922,001,1795
605.1065,605.125,19453,22112,Nyctalus leisleri,0.014,0.023,-1,Echolocation,/mnt/ubna_data_02_mir/recover-20220922/UBNA_001/20220921_090000.WAV,Telephone Field,recover-20220922,001,1795
605.1335,605.1691,68437,81018,Rhinolophus ferrumequinum,0.028,0.028,-1,Echolocation,/mnt/ubna_data_02_mir/recover-20220922/UBNA_001/20220921_090000.WAV,Telephone Field,recover-20220922,001,1795
605.2125,605.2524,68437,82342,Rhinolophus ferrumequinum,0.021,0.021,-1,Echolocation,/mnt/ubna_data_02_mir/recover-20220922/UBNA_001/20220921_090000.WAV,Telephone Field,recover-20220922,001,1795
605.2295,605.27,68437,82138,Rhinolophus ferrumequinum,0.025,0.025,-1,Echolocation,/mnt/ubna_data_02_mir/recover-20220922/UBNA_001/20220921_090000.WAV,Telephone Field,recover-20220922,001,1795
605.2625,605.3015,68437,82597,Rhinolophus ferrumequinum,0.026,0.026,-1,Echolocation,/mnt/ubna_data_02_mir/recover-20220922/UBNA_001/20220921_090000.WAV,Telephone Field,recover-20220922,001,1795
605.2995,605.3356,68437,81836,Rhinolophus ferrumequinum,0.023,0.023,-1,Echolocation,/mnt/ubna_data_02_mir/recover-20220922/UBNA_001/20220921_090000.WAV,Telephone Field,recover-20220922,001,1795
605.3915,605.4126,16875,21574,Nyctalus noctula,0.015,0.021,-1,Echolocation,/mnt/ubna_data_02_mir/recover-20220922/UBNA_001/20220921_090000.WAV,Telephone Field,recover-20220922,001,1795
605.3935,605.43,68437,81021,Rhinolophus ferrumequinum,0.025,0.025,-1,Echolocation,/mnt/ubna_data_02_mir/recover-20220922/UBNA_001/20220921_090000.WAV,Telephone Field,recover-20220922,001,1795
605.4015,605.4397,68437,82036,Rhinolophus ferrumequinum,0.026,0.027,-1,Echolocation,/mnt/ubna_data_02_mir/recover-20220922/UBNA_001/20220921_090000.WAV,Telephone Field,recover-20220922,001,1795
605.4075,605.4193,22890,27575,Nyctalus leisleri,0.013,0.024,-1,Echolocation,/mnt/ubna_data_02_mir/recover-20220922/UBNA_001/20220921_090000.WAV,Telephone Field,recover-20220922,001,1795
605.4325,605.4724,68437,81920,Rhinolophus ferrumequinum,0.022,0.022,-1,Echolocation,/mnt/ubna_data_02_mir/recover-20220922/UBNA_001/20220921_090000.WAV,Telephone Field,recover-20220922,001,1795
605.4375,605.4445,27187,36561,Eptesicus serotinus,0.009,0.029,-1,Echolocation,/mnt/ubna_data_02_mir/recover-20220922/UBNA_001/20220921_090000.WAV,Telephone Field,recover-20220922,001,1795
605.4565,605.4655,46093,53779,Pipistrellus pipistrellus,0.015,0.021,-1,Echolocation,/mnt/ubna_data_02_mir/recover-20220922/UBNA_001/20220921_090000.WAV,Telephone Field,recover-20220922,001,1795
605.4685,605.4779,28906,36828,Eptesicus serotinus,0.01,0.025,-1,Echolocation,/mnt/ubna_data_02_mir/recover-20220922/UBNA_001/20220921_090000.WAV,Telephone Field,recover-20220922,001,1795
605.4705,605.5094,68437,82001,Rhinolophus ferrumequinum,0.022,0.023,-1,Echolocation,/mnt/ubna_data_02_mir/recover-20220922/UBNA_001/20220921_090000.WAV,Telephone Field,recover-20220922,001,1795
605.4865,605.5265,68437,82102,Rhinolophus ferrumequinum,0.021,0.021,-1,Echolocation,/mnt/ubna_data_02_mir/recover-20220922/UBNA_001/20220921_090000.WAV,Telephone Field,recover-20220922,001,1795
605.4865,605.4954,28046,38511,Eptesicus serotinus,0.008,0.021,-1,Echolocation,/mnt/ubna_data_02_mir/recover-20220922/UBNA_001/20220921_090000.WAV,Telephone Field,recover-20220922,001,1795
605.5105,605.5468,68437,81174,Rhinolophus ferrumequinum,0.021,0.021,-1,Echolocation,/mnt/ubna_data_02_mir/recover-20220922/UBNA_001/20220921_090000.WAV,Telephone Field,recover-20220922,001,1795
605.5615,605.5999,68437,82590,Rhinolophus ferrumequinum,0.027,0.027,-1,Echolocation,/mnt/ubna_data_02_mir/recover-20220922/UBNA_001/20220921_090000.WAV,Telephone Field,recover-20220922,001,1795
605.5675,605.5786,22890,27476,Nyctalus leisleri,0.013,0.025,-1,Echolocation,/mnt/ubna_data_02_mir/recover-20220922/UBNA_001/20220921_090000.WAV,Telephone Field,recover-20220922,001,1795
605.5805,605.6189,68437,81791,Rhinolophus ferrumequinum,0.021,0.021,-1,Echolocation,/mnt/ubna_data_02_mir/recover-20220922/UBNA_001/20220921_090000.WAV,Telephone Field,recover-20220922,001,1795
605.6065,605.6433,68437,80983,Rhinolophus ferrumequinum,0.022,0.022,-1,Echolocation,/mnt/ubna_data_02_mir/recover-20220922/UBNA_001/20220921_090000.WAV,Telephone Field,recover-20220922,001,1795
605.6205,605.6304,24609,31621,Nyctalus leisleri,0.007,0.021,-1,Echolocation,/mnt/ubna_data_02_mir/recover-20220922/UBNA_001/20220921_090000.WAV,Telephone Field,recover-20220922,001,1795
605.6845,605.6961,28906,35171,Eptesicus serotinus,0.016,0.028,-1,Echolocation,/mnt/ubna_data_02_mir/recover-20220922/UBNA_001/20220921_090000.WAV,Telephone Field,recover-20220922,001,1795
605.6865,605.726,68437,83036,Rhinolophus ferrumequinum,0.024,0.024,-1,Echolocation,/mnt/ubna_data_02_mir/recover-20220922/UBNA_001/20220921_090000.WAV,Telephone Field,recover-20220922,001,1795
605.6945,605.7324,68437,82388,Rhinolophus ferrumequinum,0.021,0.021,-1,Echolocation,/mnt/ubna_data_02_mir/recover-20220922/UBNA_001/20220921_090000.WAV,Telephone Field,recover-20220922,001,1795
605.6965,605.7058,23750,30780,Plecotus austriacus,0.009,0.026,-1,Echolocation,/mnt/ubna_data_02_mir/recover-20220922/UBNA_001/20220921_090000.WAV,Telephone Field,recover-20220922,001,1795
605.7625,605.7991,68437,81594,Rhinolophus ferrumequinum,0.023,0.023,-1,Echolocation,/mnt/ubna_data_02_mir/recover-20220922/UBNA_001/20220921_090000.WAV,Telephone Field,recover-20220922,001,1795
605.7695,605.7795,24609,32478,Nyctalus leisleri,0.008,0.024,-1,Echolocation,/mnt/ubna_data_02_mir/recover-20220922/UBNA_001/20220921_090000.WAV,Telephone Field,recover-20220922,001,1795
605.7895,605.8297,68437,82792,Rhinolophus ferrumequinum,0.023,0.023,-1,Echolocation,/mnt/ubna_data_02_mir/recover-20220922/UBNA_001/20220921_090000.WAV,Telephone Field,recover-20220922,001,1795
605.8075,605.8166,28046,38959,Eptesicus serotinus,0.008,0.021,-1,Echolocation,/mnt/ubna_data_02_mir/recover-20220922/UBNA_001/20220921_090000.WAV,Telephone Field,recover-20220922,001,1795
605.8215,605.8318,28906,35571,Eptesicus serotinus,0.011,0.023,-1,Echolocation,/mnt/ubna_data_02_mir/recover-20220922/UBNA_001/20220921_090000.WAV,Telephone Field,recover-20220922,001,1795
605.9295,605.9667,68437,81931,Rhinolophus ferrumequinum,0.021,0.021,-1,Echolocation,/mnt/ubna_data_02_mir/recover-20220922/UBNA_001/20220921_090000.WAV,Telephone Field,recover-20220922,001,1795
605.9465,605.9863,68437,82398,Rhinolophus ferrumequinum,0.021,0.021,-1,Echolocation,/mnt/ubna_data_02_mir/recover-20220922/UBNA_001/20220921_090000.WAV,Telephone Field,recover-20220922,001,1795
605.9475,605.9585,23750,30050,Nyctalus leisleri,0.011,0.028,-1,Echolocation,/mnt/ubna_data_02_mir/recover-20220922/UBNA_001/20220921_090000.WAV,Telephone Field,recover-20220922,001,1795
605.9875,605.9962,27187,38216,Eptesicus serotinus,0.008,0.022,-1,Echolocation,/mnt/ubna_data_02_mir/recover-20220922/UBNA_001/20220921_090000.WAV,Telephone Field,recover-20220922,001,1795
606.0015,606.0361,68437,80366,Rhinolophus ferrumequinum,0.041,0.041,-1,Echolocation,/mnt/ubna_data_02_mir/recover-20220922/UBNA_001/20220921_090000.WAV,Telephone Field,recover-20220922,001,1795
606.0015,606.0093,26328,35577,Eptesicus serotinus,0.009,0.031,-1,Echolocation,/mnt/ubna_data_02_mir/recover-20220922/UBNA_001/20220921_090000.WAV,Telephone Field,recover-20220922,001,1795
606.0075,606.051,68437,82991,Rhinolophus ferrumequinum,0.022,0.022,-1,Echolocation,/mnt/ubna_data_02_mir/recover-20220922/UBNA_001/20220921_090000.WAV,Telephone Field,recover-20220922,001,1795
606.0405,606.0824,68437,82604,Rhinolophus ferrumequinum,0.022,0.022,-1,Echolocation,/mnt/ubna_data_02_mir/recover-20220922/UBNA_001/20220921_090000.WAV,Telephone Field,recover-20220922,001,1795
606.0465,606.086,68437,82782,Rhinolophus ferrumequinum,0.022,0.022,-1,Echolocation,/mnt/ubna_data_02_mir/recover-20220922/UBNA_001/20220921_090000.WAV,Telephone Field,recover-20220922,001,1795
606.0895,606.1274,68437,82045,Rhinolophus ferrumequinum,0.022,0.022,-1,Echolocation,/mnt/ubna_data_02_mir/recover-20220922/UBNA_001/20220921_090000.WAV,Telephone Field,recover-20220922,001,1795
606.1125,606.1489,68437,81360,Rhinolophus ferrumequinum,0.021,0.021,-1,Echolocation,/mnt/ubna_data_02_mir/recover-20220922/UBNA_001/20220921_090000.WAV,Telephone Field,recover-20220922,001,1795
606.1345,606.174,68437,83120,Rhinolophus ferrumequinum,0.036,0.036,-1,Echolocation,/mnt/ubna_data_02_mir/recover-20220922/UBNA_001/20220921_090000.WAV,Telephone Field,recover-20220922,001,1795
606.1415,606.149,27187,38598,Eptesicus serotinus,0.007,0.022,-1,Echolocation,/mnt/ubna_data_02_mir/recover-20220922/UBNA_001/20220921_090000.WAV,Telephone Field,recover-20220922,001,1795
606.1685,606.1857,19453,22855,Nyctalus leisleri,0.011,0.024,-1,Echolocation,/mnt/ubna_data_02_mir/recover-20220922/UBNA_001/20220921_090000.WAV,Telephone Field,recover-20220922,001,1795
606.2035,606.2418,68437,82223,Rhinolophus ferrumequinum,0.022,0.022,-1,Echolocation,/mnt/ubna_data_02_mir/recover-20220922/UBNA_001/20220921_090000.WAV,Telephone Field,recover-20220922,001,1795
606.2045,606.2128,26328,38239,Eptesicus serotinus,0.008,0.022,-1,Echolocation,/mnt/ubna_data_02_mir/recover-20220922/UBNA_001/20220921_090000.WAV,Telephone Field,recover-20220922,001,1795
606.2305,606.2378,36640,43985,Myotis daubentonii,0.008,0.022,-1,Echolocation,/mnt/ubna_data_02_mir/recover-20220922/UBNA_001/20220921_090000.WAV,Telephone Field,recover-20220922,001,1795
606.2465,606.2583,24609,29716,Nyctalus leisleri,0.01,0.024,-1,Echolocation,/mnt/ubna_data_02_mir/recover-20220922/UBNA_001/20220921_090000.WAV,Telephone Field,recover-20220922,001,1795
606.2535,606.2966,68437,82913,Rhinolophus ferrumequinum,0.033,0.033,-1,Echolocation,/mnt/ubna_data_02_mir/recover-20220922/UBNA_001/20220921_090000.WAV,Telephone Field,recover-20220922,001,1795
606.2735,606.3106,68437,82350,Rhinolophus ferrumequinum,0.021,0.021,-1,Echolocation,/mnt/ubna_data_02_mir/recover-20220922/UBNA_001/20220921_090000.WAV,Telephone Field,recover-20220922,001,1795
606.2875,606.3259,68437,82014,Rhinolophus ferrumequinum,0.023,0.023,-1,Echolocation,/mnt/ubna_data_02_mir/recover-20220922/UBNA_001/20220921_090000.WAV,Telephone Field,recover-20220922,001,1795
606.3325,606.3408,28046,38240,Eptesicus serotinus,0.008,0.023,-1,Echolocation,/mnt/ubna_data_02_mir/recover-20220922/UBNA_001/20220921_090000.WAV,Telephone Field,recover-20220922,001,1795
606.3415,606.3519,23750,30447,Eptesicus serotinus,0.008,0.022,-1,Echolocation,/mnt/ubna_data_02_mir/recover-20220922/UBNA_001/20220921_090000.WAV,Telephone Field,recover-20220922,001,1795
606.3945,606.432,68437,81803,Rhinolophus ferrumequinum,0.021,0.021,-1,Echolocation,/mnt/ubna_data_02_mir/recover-20220922/UBNA_001/20220921_090000.WAV,Telephone Field,recover-20220922,001,1795
606.3955,606.4058,28906,37254,Eptesicus serotinus,0.011,0.026,-1,Echolocation,/mnt/ubna_data_02_mir/recover-20220922/UBNA_001/20220921_090000.WAV,Telephone Field,recover-20220922,001,1795
606.3965,606.4089,33203,39055,Eptesicus serotinus,0.008,0.027,-1,Echolocation,/mnt/ubna_data_02_mir/recover-20220922/UBNA_001/20220921_090000.WAV,Telephone Field,recover-20220922,001,1795
606.4185,606.4291,22031,26073,Nyctalus leisleri,0.013,0.022,-1,Echolocation,/mnt/ubna_data_02_mir/recover-20220922/UBNA_001/20220921_090000.WAV,Telephone Field,recover-20220922,001,1795
606.4585,606.4944,68437,81323,Rhinolophus ferrumequinum,0.021,0.021,-1,Echolocation,/mnt/ubna_data_02_mir/recover-20220922/UBNA_001/20220921_090000.WAV,Telephone Field,recover-20220922,001,1795
606.4665,606.506,68437,82366,Rhinolophus ferrumequinum,0.023,0.023,-1,Echolocation,/mnt/ubna_data_02_mir/recover-20220922/UBNA_001/20220921_090000.WAV,Telephone Field,recover-20220922,001,1795
606.4895,606.498,28046,38633,Eptesicus serotinus,0.009,0.022,-1,Echolocation,/mnt/ubna_data_02_mir/recover-20220922/UBNA_001/20220921_090000.WAV,Telephone Field,recover-20220922,001,1795
606.5025,606.5416,68437,81673,Rhinolophus ferrumequinum,0.021,0.021,-1,Echolocation,/mnt/ubna_data_02_mir/recover-20220922/UBNA_001/20220921_090000.WAV,Telephone Field,recover-20220922,001,1795
606.5125,606.5484,68437,81333,Rhinolophus ferrumequinum,0.021,0.021,-1,Echolocation,/mnt/ubna_data_02_mir/recover-20220922/UBNA_001/20220921_090000.WAV,Telephone Field,recover-20220922,001,1795
606.5475,606.557,24609,31438,Eptesicus serotinus,0.008,0.025,-1,Echolocation,/mnt/ubna_data_02_mir/recover-20220922/UBNA_001/20220921_090000.WAV,Telephone Field,recover-20220922,001,1795
606.5685,606.6068,68437,81487,Rhinolophus ferrumequinum,0.027,0.027,-1,Echolocation,/mnt/ubna_data_02_mir/recover-20220922/UBNA_001/20220921_090000.WAV,Telephone Field,recover-20220922,001,1795
606.5775,606.5867,27187,34908,Eptesicus serotinus,0.017,0.032,-1,Echolocation,/mnt/ubna_data_02_mir/recover-20220922/UBNA_001/20220921_090000.WAV,Telephone Field,recover-20220922,001,1795
606.6125,606.6493,68437,82019,Rhinolophus ferrumequinum,0.021,0.022,-1,Echolocation,/mnt/ubna_data_02_mir/recover-20220922/UBNA_001/20220921_090000.WAV,Telephone Field,recover-20220922,001,1795
606.6415,606.6754,68437,80677,Rhinolophus ferrumequinum,0.021,0.021,-1,Echolocation,/mnt/ubna_data_02_mir/recover-20220922/UBNA_001/20220921_090000.WAV,Telephone Field,recover-20220922,001,1795
606.6775,606.7162,68437,82070,Rhinolophus ferrumequinum,0.023,0.023,-1,Echolocation,/mnt/ubna_data_02_mir/recover-20220922/UBNA_001/20220921_090000.WAV,Telephone Field,recover-20220922,001,1795
606.6985,606.7097,23750,29223,Nyctalus leisleri,0.014,0.03,-1,Echolocation,/mnt/ubna_data_02_mir/recover-20220922/UBNA_001/20220921_090000.WAV,Telephone Field,recover-20220922,001,1795
606.7215,606.7626,68437,82975,Rhinolophus ferrumequinum,0.024,0.024,-1,Echolocation,/mnt/ubna_data_02_mir/recover-20220922/UBNA_001/20220921_090000.WAV,Telephone Field,recover-20220922,001,1795
606.7395,606.7787,68437,82019,Rhinolophus ferrumequinum,0.021,0.021,-1,Echolocation,/mnt/ubna_data_02_mir/recover-20220922/UBNA_001/20220921_090000.WAV,Telephone Field,recover-20220922,001,1795
606.7455,606.7822,68437,81464,Rhinolophus ferrumequinum,0.021,0.022,-1,Echolocation,/mnt/ubna_data_02_mir/recover-20220922/UBNA_001/20220921_090000.WAV,Telephone Field,recover-20220922,001,1795
606.7755,606.7842,28046,40294,Eptesicus serotinus,0.024,0.044,-1,Echolocation,/mnt/ubna_data_02_mir/recover-20220922/UBNA_001/20220921_090000.WAV,Telephone Field,recover-20220922,001,1795
606.7865,606.8259,68437,82771,Rhinolophus ferrumequinum,0.023,0.023,-1,Echolocation,/mnt/ubna_data_02_mir/recover-20220922/UBNA_001/20220921_090000.WAV,Telephone Field,recover-20220922,001,1795
606.7975,606.8061,28046,38425,Eptesicus serotinus,0.008,0.023,-1,Echolocation,/mnt/ubna_data_02_mir/recover-20220922/UBNA_001/20220921_090000.WAV,Telephone Field,recover-20220922,001,1795
606.8075,606.8468,68437,82302,Rhinolophus ferrumequinum,0.021,0.021,-1,Echolocation,/mnt/ubna_data_02_mir/recover-20220922/UBNA_001/20220921_090000.WAV,Telephone Field,recover-20220922,001,1795
606.8215,606.8612,68437,81980,Rhinolophus ferrumequinum,0.023,0.023,-1,Echolocation,/mnt/ubna_data_02_mir/recover-20220922/UBNA_001/20220921_090000.WAV,Telephone Field,recover-20220922,001,1795
606.8345,606.8423,28046,37956,Eptesicus serotinus,0.007,0.021,-1,Echolocation,/mnt/ubna_data_02_mir/recover-20220922/UBNA_001/20220921_090000.WAV,Telephone Field,recover-20220922,001,1795
606.8635,606.8713,50390,54886,Pipistrellus pipistrellus,0.021,0.024,-1,Echolocation,/mnt/ubna_data_02_mir/recover-20220922/UBNA_001/20220921_090000.WAV,Telephone Field,recover-20220922,001,1795
606.8885,606.8962,27187,37493,Eptesicus serotinus,0.006,0.021,-1,Echolocation,/mnt/ubna_data_02_mir/recover-20220922/UBNA_001/20220921_090000.WAV,Telephone Field,recover-20220922,001,1795
606.9085,606.9462,68437,81890,Rhinolophus ferrumequinum,0.021,0.021,-1,Echolocation,/mnt/ubna_data_02_mir/recover-20220922/UBNA_001/20220921_090000.WAV,Telephone Field,recover-20220922,001,1795
606.9115,606.9197,27187,38887,Eptesicus serotinus,0.009,0.023,-1,Echolocation,/mnt/ubna_data_02_mir/recover-20220922/UBNA_001/20220921_090000.WAV,Telephone Field,recover-20220922,001,1795
606.9405,606.9762,68437,81413,Rhinolophus ferrumequinum,0.021,0.021,-1,Echolocation,/mnt/ubna_data_02_mir/recover-20220922/UBNA_001/20220921_090000.WAV,Telephone Field,recover-20220922,001,1795
606.9425,606.9536,23750,30031,Nyctalus leisleri,0.008,0.021,-1,Echolocation,/mnt/ubna_data_02_mir/recover-20220922/UBNA_001/20220921_090000.WAV,Telephone Field,recover-20220922,001,1795
606.9505,606.9593,28046,38136,Eptesicus serotinus,0.009,0.022,-1,Echolocation,/mnt/ubna_data_02_mir/recover-20220922/UBNA_001/20220921_090000.WAV,Telephone Field,recover-20220922,001,1795
606.9725,606.9802,27187,37817,Eptesicus serotinus,0.013,0.032,-1,Echolocation,/mnt/ubna_data_02_mir/recover-20220922/UBNA_001/20220921_090000.WAV,Telephone Field,recover-20220922,001,1795
606.9835,606.9972,37500,42186,Pipistrellus nathusii,0.024,0.033,-1,Echolocation,/mnt/ubna_data_02_mir/recover-20220922/UBNA_001/20220921_090000.WAV,Telephone Field,recover-20220922,001,1795
607.0035,607.0423,68437,82089,Rhinolophus ferrumequinum,0.024,0.024,-1,Echolocation,/mnt/ubna_data_02_mir/recover-20220922/UBNA_001/20220921_090000.WAV,Telephone Field,recover-20220922,001,1795
607.0055,607.0142,26328,34740,Eptesicus serotinus,0.01,0.027,-1,Echolocation,/mnt/ubna_data_02_mir/recover-20220922/UBNA_001/20220921_090000.WAV,Telephone Field,recover-20220922,001,1795
607.0345,607.0454,28046,35952,Eptesicus serotinus,0.036,0.055,-1,Echolocation,/mnt/ubna_data_02_mir/recover-20220922/UBNA_001/20220921_090000.WAV,Telephone Field,recover-20220922,001,1795
607.0475,607.0853,68437,82397,Rhinolophus ferrumequinum,0.026,0.027,-1,Echolocation,/mnt/ubna_data_02_mir/recover-20220922/UBNA_001/20220921_090000.WAV,Telephone Field,recover-20220922,001,1795
607.0605,607.0685,23750,31743,Plecotus austriacus,0.008,0.022,-1,Echolocation,/mnt/ubna_data_02_mir/recover-20220922/UBNA_001/20220921_090000.WAV,Telephone Field,recover-20220922,001,1795
607.0605,607.0675,28906,38624,Eptesicus serotinus,0.006,0.024,-1,Echolocation,/mnt/ubna_data_02_mir/recover-20220922/UBNA_001/20220921_090000.WAV,Telephone Field,recover-20220922,001,1795
607.0635,607.1019,68437,82462,Rhinolophus ferrumequinum,0.021,0.021,-1,Echolocation,/mnt/ubna_data_02_mir/recover-20220922/UBNA_001/20220921_090000.WAV,Telephone Field,recover-20220922,001,1795
607.0865,607.0973,23750,29904,Nyctalus leisleri,0.011,0.026,-1,Echolocation,/mnt/ubna_data_02_mir/recover-20220922/UBNA_001/20220921_090000.WAV,Telephone Field,recover-20220922,001,1795
607.0885,607.1292,68437,82842,Rhinolophus ferrumequinum,0.031,0.031,-1,Echolocation,/mnt/ubna_data_02_mir/recover-20220922/UBNA_001/20220921_090000.WAV,Telephone Field,recover-20220922,001,1795
607.1105,607.1185,28046,40323,Eptesicus serotinus,0.007,0.021,-1,Echolocation,/mnt/ubna_data_02_mir/recover-20220922/UBNA_001/20220921_090000.WAV,Telephone Field,recover-20220922,001,1795
607.1185,607.1319,14296,19104,Nyctalus noctula,0.014,0.023,-1,Echolocation,/mnt/ubna_data_02_mir/recover-20220922/UBNA_001/20220921_090000.WAV,Telephone Field,recover-20220922,001,1795
607.1985,607.2088,26328,35653,Eptesicus serotinus,0.013,0.027,-1,Echolocation,/mnt/ubna_data_02_mir/recover-20220922/UBNA_001/20220921_090000.WAV,Telephone Field,recover-20220922,001,1795
607.2285,607.2378,25468,33400,Eptesicus serotinus,0.012,0.028,-1,Echolocation,/mnt/ubna_data_02_mir/recover-20220922/UBNA_001/20220921_090000.WAV,Telephone Field,recover-20220922,001,1795
607.2385,607.2805,68437,82805,Rhinolophus ferrumequinum,0.029,0.029,-1,Echolocation,/mnt/ubna_data_02_mir/recover-20220922/UBNA_001/20220921_090000.WAV,Telephone Field,recover-20220922,001,1795
607.2555,607.2938,68437,82426,Rhinolophus ferrumequinum,0.021,0.021,-1,Echolocation,/mnt/ubna_data_02_mir/recover-20220922/UBNA_001/20220921_090000.WAV,Telephone Field,recover-20220922,001,1795
607.3775,607.3881,22890,27873,Nyctalus leisleri,0.01,0.022,-1,Echolocation,/mnt/ubna_data_02_mir/recover-20220922/UBNA_001/20220921_090000.WAV,Telephone Field,recover-20220922,001,1795
607.4025,607.4407,68437,81907,Rhinolophus ferrumequinum,0.023,0.023,-1,Echolocation,/mnt/ubna_data_02_mir/recover-20220922/UBNA_001/20220921_090000.WAV,Telephone Field,recover-20220922,001,1795
607.4215,607.4314,22031,26969,Nyctalus leisleri,0.009,0.021,-1,Echolocation,/mnt/ubna_data_02_mir/recover-20220922/UBNA_001/20220921_090000.WAV,Telephone Field,recover-20220922,001,1795
607.4405,607.4791,68437,81686,Rhinolophus ferrumequinum,0.024,0.024,-1,Echolocation,/mnt/ubna_data_02_mir/recover-20220922/UBNA_001/20220921_090000.WAV,Telephone Field,recover-20220922,001,1795
607.4455,607.4544,26328,35754,Eptesicus serotinus,0.007,0.021,-1,Echolocation,/mnt/ubna_data_02_mir/recover-20220922/UBNA_001/20220921_090000.WAV,Telephone Field,recover-20220922,001,1795
607.4565,607.4978,68437,82465,Rhinolophus ferrumequinum,0.022,0.022,-1,Echolocation,/mnt/ubna_data_02_mir/recover-20220922/UBNA_001/20220921_090000.WAV,Telephone Field,recover-20220922,001,1795
607.4655,607.5065,68437,82789,Rhinolophus ferrumequinum,0.028,0.028,-1,Echolocation,/mnt/ubna_data_02_mir/recover-20220922/UBNA_001/20220921_090000.WAV,Telephone Field,recover-20220922,001,1795
607.5195,607.5288,28046,36548,Eptesicus serotinus,0.009,0.022,-1,Echolocation,/mnt/ubna_data_02_mir/recover-20220922/UBNA_001/20220921_090000.WAV,Telephone Field,recover-20220922,001,1795
607.5495,607.5842,68437,81175,Rhinolophus ferrumequinum,0.021,0.021,-1,Echolocation,/mnt/ubna_data_02_mir/recover-20220922/UBNA_001/20220921_090000.WAV,Telephone Field,recover-20220922,001,1795
607.5875,607.6299,68437,82911,Rhinolophus ferrumequinum,0.032,0.032,-1,Echolocation,/mnt/ubna_data_02_mir/recover-20220922/UBNA_001/20220921_090000.WAV,Telephone Field,recover-20220922,001,1795
607.5895,607.5982,27187,36803,Eptesicus serotinus,0.01,0.025,-1,Echolocation,/mnt/ubna_data_02_mir/recover-20220922/UBNA_001/20220921_090000.WAV,Telephone Field,recover-20220922,001,1795
607.6045,607.64,68437,81810,Rhinolophus ferrumequinum,0.022,0.022,-1,Echolocation,/mnt/ubna_data_02_mir/recover-20220922/UBNA_001/20220921_090000.WAV,Telephone Field,recover-20220922,001,1795
607.6145,607.6514,68437,81840,Rhinolophus ferrumequinum,0.021,0.021,-1,Echolocation,/mnt/ubna_data_02_mir/recover-20220922/UBNA_001/20220921_090000.WAV,Telephone Field,recover-20220922,001,1795
607.6185,607.6264,24609,34465,Eptesicus serotinus,0.005,0.021,-1,Echolocation,/mnt/ubna_data_02_mir/recover-20220922/UBNA_001/20220921_090000.WAV,Telephone Field,recover-20220922,001,1795
607.6455,607.6588,30625,38514,Eptesicus serotinus,0.038,0.059,-1,Echolocation,/mnt/ubna_data_02_mir/recover-20220922/UBNA_001/20220921_090000.WAV,Telephone Field,recover-20220922,001,1795
607.6805,607.6886,27187,37452,Eptesicus serotinus,0.009,0.025,-1,Echolocation,/mnt/ubna_data_02_mir/recover-20220922/UBNA_001/20220921_090000.WAV,Telephone Field,recover-20220922,001,1795
607.7095,607.7493,68437,82404,Rhinolophus ferrumequinum,0.026,0.026,-1,Echolocation,/mnt/ubna_data_02_mir/recover-20220922/UBNA_001/20220921_090000.WAV,Telephone Field,recover-20220922,001,1795
607.7235,607.7313,28046,37985,Eptesicus serotinus,0.007,0.024,-1,Echolocation,/mnt/ubna_data_02_mir/recover-20220922/UBNA_001/20220921_090000.WAV,Telephone Field,recover-20220922,001,1795
607.7485,607.7852,68437,81940,Rhinolophus ferrumequinum,0.027,0.027,-1,Echolocation,/mnt/ubna_data_02_mir/recover-20220922/UBNA_001/20220921_090000.WAV,Telephone Field,recover-20220922,001,1795
607.7805,607.8178,68437,81760,Rhinolophus ferrumequinum,0.022,0.022,-1,Echolocation,/mnt/ubna_data_02_mir/recover-20220922/UBNA_001/20220921_090000.WAV,Telephone Field,recover-20220922,001,1795
607.7865,607.8272,68437,82628,Rhinolophus ferrumequinum,0.024,0.024,-1,Echolocation,/mnt/ubna_data_02_mir/recover-20220922/UBNA_001/20220921_090000.WAV,Telephone Field,recover-20220922,001,1795
607.7965,607.8102,29765,35527,Eptesicus serotinus,0.026,0.045,-1,Echolocation,/mnt/ubna_data_02_mir/recover-20220922/UBNA_001/20220921_090000.WAV,Telephone Field,recover-20220922,001,1795
607.8445,607.8838,68437,81987,Rhinolophus ferrumequinum,0.021,0.021,-1,Echolocation,/mnt/ubna_data_02_mir/recover-20220922/UBNA_001/20220921_090000.WAV,Telephone Field,recover-20220922,001,1795
607.8665,607.9072,68437,82897,Rhinolophus ferrumequinum,0.032,0.032,-1,Echolocation,/mnt/ubna_data_02_mir/recover-20220922/UBNA_001/20220921_090000.WAV,Telephone Field,recover-20220922,001,1795
607.8825,607.891,24609,32107,Eptesicus serotinus,0.006,0.022,-1,Echolocation,/mnt/ubna_data_02_mir/recover-20220922/UBNA_001/20220921_090000.WAV,Telephone Field,recover-20220922,001,1795
607.8905,607.9296,68437,81733,Rhinolophus ferrumequinum,0.022,0.022,-1,Echolocation,/mnt/ubna_data_02_mir/recover-20220922/UBNA_001/20220921_090000.WAV,Telephone Field,recover-20220922,001,1795
607.8955,607.9368,68437,82657,Rhinolophus ferrumequinum,0.022,0.022,-1,Echolocation,/mnt/ubna_data_02_mir/recover-20220922/UBNA_001/20220921_090000.WAV,Telephone Field,recover-20220922,001,1795
607.8965,607.9092,23750,28697,Nyctalus leisleri,0.022,0.041,-1,Echolocation,/mnt/ubna_data_02_mir/recover-20220922/UBNA_001/20220921_090000.WAV,Telephone Field,recover-20220922,001,1795
607.9185,607.9545,68437,80762,Rhinolophus ferrumequinum,0.025,0.025,-1,Echolocation,/mnt/ubna_data_02_mir/recover-20220922/UBNA_001/20220921_090000.WAV,Telephone Field,recover-20220922,001,1795
607.9425,607.9823,68437,82210,Rhinolophus ferrumequinum,0.025,0.025,-1,Echolocation,/mnt/ubna_data_02_mir/recover-20220922/UBNA_001/20220921_090000.WAV,Telephone Field,recover-20220922,001,1795
607.9865,607.9962,24609,33207,Eptesicus serotinus,0.008,0.021,-1,Echolocation,/mnt/ubna_data_02_mir/recover-20220922/UBNA_001/20220921_090000.WAV,Telephone Field,recover-20220922,001,1795
608.0015,608.0106,27187,35201,Nyctalus leisleri,0.009,0.029,-1,Echolocation,/mnt/ubna_data_02_mir/recover-20220922/UBNA_001/20220921_090000.WAV,Telephone Field,recover-20220922,001,1795
608.0015,608.0325,69296,81441,Rhinolophus ferrumequinum,0.036,0.037,-1,Echolocation,/mnt/ubna_data_02_mir/recover-20220922/UBNA_001/20220921_090000.WAV,Telephone Field,recover-20220922,001,1795
608.0095,608.0222,22890,27372,Nyctalus leisleri,0.011,0.021,-1,Echolocation,/mnt/ubna_data_02_mir/recover-20220922/UBNA_001/20220921_090000.WAV,Telephone Field,recover-20220922,001,1795
608.0135,608.052,68437,82350,Rhinolophus ferrumequinum,0.023,0.023,-1,Echolocation,/mnt/ubna_data_02_mir/recover-20220922/UBNA_001/20220921_090000.WAV,Telephone Field,recover-20220922,001,1795
608.0235,608.0336,22031,27529,Nyctalus leisleri,0.008,0.022,-1,Echolocation,/mnt/ubna_data_02_mir/recover-20220922/UBNA_001/20220921_090000.WAV,Telephone Field,recover-20220922,001,1795
608.0715,608.0813,34062,41798,Barbastellus barbastellus,0.011,0.031,-1,Echolocation,/mnt/ubna_data_02_mir/recover-20220922/UBNA_001/20220921_090000.WAV,Telephone Field,recover-20220922,001,1795
608.0915,608.1003,23750,30925,Plecotus austriacus,0.006,0.02,-1,Echolocation,/mnt/ubna_data_02_mir/recover-20220922/UBNA_001/20220921_090000.WAV,Telephone Field,recover-20220922,001,1795
608.1455,608.1827,68437,81583,Rhinolophus ferrumequinum,0.02,0.02,-1,Echolocation,/mnt/ubna_data_02_mir/recover-20220922/UBNA_001/20220921_090000.WAV,Telephone Field,recover-20220922,001,1795
608.2045,608.2419,68437,81463,Rhinolophus ferrumequinum,0.021,0.021,-1,Echolocation,/mnt/ubna_data_02_mir/recover-20220922/UBNA_001/20220921_090000.WAV,Telephone Field,recover-20220922,001,1795
608.2525,608.2936,68437,82761,Rhinolophus ferrumequinum,0.027,0.027,-1,Echolocation,/mnt/ubna_data_02_mir/recover-20220922/UBNA_001/20220921_090000.WAV,Telephone Field,recover-20220922,001,1795
608.2895,608.299,28046,36924,Eptesicus serotinus,0.008,0.02,-1,Echolocation,/mnt/ubna_data_02_mir/recover-20220922/UBNA_001/20220921_090000.WAV,Telephone Field,recover-20220922,001,1795
608.2975,608.3367,68437,81956,Rhinolophus ferrumequinum,0.021,0.021,-1,Echolocation,/mnt/ubna_data_02_mir/recover-20220922/UBNA_001/20220921_090000.WAV,Telephone Field,recover-20220922,001,1795
608.3265,608.3639,68437,82053,Rhinolophus ferrumequinum,0.021,0.021,-1,Echolocation,/mnt/ubna_data_02_mir/recover-20220922/UBNA_001/20220921_090000.WAV,Telephone Field,recover-20220922,001,1795
608.3445,608.3809,68437,81931,Rhinolophus ferrumequinum,0.022,0.022,-1,Echolocation,/mnt/ubna_data_02_mir/recover-20220922/UBNA_001/20220921_090000.WAV,Telephone Field,recover-20220922,001,1795
608.3505,608.3869,68437,81232,Rhinolophus ferrumequinum,0.022,0.022,-1,Echolocation,/mnt/ubna_data_02_mir/recover-20220922/UBNA_001/20220921_090000.WAV,Telephone Field,recover-20220922,001,1795
608.3595,608.3718,49531,54397,Pipistrellus pipistrellus,0.02,0.023,-1,Echolocation,/mnt/ubna_data_02_mir/recover-20220922/UBNA_001/20220921_090000.WAV,Telephone Field,recover-20220922,001,1795
608.3805,608.3917,44375,49838,Pipistrellus pipistrellus,0.024,0.03,-1,Echolocation,/mnt/ubna_data_02_mir/recover-20220922/UBNA_001/20220921_090000.WAV,Telephone Field,recover-20220922,001,1795
608.3995,608.4391,68437,81934,Rhinolophus ferrumequinum,0.022,0.022,-1,Echolocation,/mnt/ubna_data_02_mir/recover-20220922/UBNA_001/20220921_090000.WAV,Telephone Field,recover-20220922,001,1795
608.4285,608.4666,68437,82032,Rhinolophus ferrumequinum,0.022,0.022,-1,Echolocation,/mnt/ubna_data_02_mir/recover-20220922/UBNA_001/20220921_090000.WAV,Telephone Field,recover-20220922,001,1795
608.4355,608.4726,68437,81952,Rhinolophus ferrumequinum,0.023,0.023,-1,Echolocation,/mnt/ubna_data_02_mir/recover-20220922/UBNA_001/20220921_090000.WAV,Telephone Field,recover-20220922,001,1795
608.4515,608.4887,68437,81867,Rhinolophus ferrumequinum,0.023,0.023,-1,Echolocation,/mnt/ubna_data_02_mir/recover-20220922/UBNA_001/20220921_090000.WAV,Telephone Field,recover-20220922,001,1795
608.4625,608.5019,68437,81940,Rhinolophus ferrumequinum,0.021,0.021,-1,Echolocation,/mnt/ubna_data_02_mir/recover-20220922/UBNA_001/20220921_090000.WAV,Telephone Field,recover-20220922,001,1795
608.5075,608.5492,68437,82711,Rhinolophus ferrumequinum,0.022,0.022,-1,Echolocation,/mnt/ubna_data_02_mir/recover-20220922/UBNA_001/20220921_090000.WAV,Telephone Field,recover-20220922,001,1795
608.5115,608.5215,49531,54493,Pipistrellus pipistrellus,0.022,0.026,-1,Echolocation,/mnt/ubna_data_02_mir/recover-20220922/UBNA_001/20220921_090000.WAV,Telephone Field,recover-20220922,001,1795
608.5265,608.5661,68437,82098,Rhinolophus ferrumequinum,0.02,0.02,-1,Echolocation,/mnt/ubna_data_02_mir/recover-20220922/UBNA_001/20220921_090000.WAV,Telephone Field,recover-20220922,001,1795
608.5395,608.5799,68437,82586,Rhinolophus ferrumequinum,0.02,0.02,-1,Echolocation,/mnt/ubna_data_02_mir/recover-20220922/UBNA_001/20220921_090000.WAV,Telephone Field,recover-20220922,001,1795
608.5585,608.5662,27187,36298,Eptesicus serotinus,0.007,0.021,-1,Echolocation,/mnt/ubna_data_02_mir/recover-20220922/UBNA_001/20220921_090000.WAV,Telephone Field,recover-20220922,001,1795
608.5665,608.6072,68437,82224,Rhinolophus ferrumequinum,0.023,0.023,-1,Echolocation,/mnt/ubna_data_02_mir/recover-20220922/UBNA_001/20220921_090000.WAV,Telephone Field,recover-20220922,001,1795
608.5865,608.5965,49531,53729,Pipistrellus pipistrellus,0.025,0.028,-1,Echolocation,/mnt/ubna_data_02_mir/recover-20220922/UBNA_001/20220921_090000.WAV,Telephone Field,recover-20220922,001,1795
608.5905,608.6005,23750,30348,Nyctalus leisleri,0.008,0.021,-1,Echolocation,/mnt/ubna_data_02_mir/recover-20220922/UBNA_001/20220921_090000.WAV,Telephone Field,recover-20220922,001,1795
608.5935,608.6358,68437,83375,Rhinolophus ferrumequinum,0.023,0.023,-1,Echolocation,/mnt/ubna_data_02_mir/recover-20220922/UBNA_001/20220921_090000.WAV,Telephone Field,recover-20220922,001,1795
608.6055,608.6141,28046,39621,Eptesicus serotinus,0.008,0.02,-1,Echolocation,/mnt/ubna_data_02_mir/recover-20220922/UBNA_001/20220921_090000.WAV,Telephone Field,recover-20220922,001,1795
608.6455,608.6902,68437,83128,Rhinolophus ferrumequinum,0.05,0.05,-1,Echolocation,/mnt/ubna_data_02_mir/recover-20220922/UBNA_001/20220921_090000.WAV,Telephone Field,recover-20220922,001,1795
608.6555,608.6631,22890,30461,Plecotus austriacus,0.01,0.021,-1,Echolocation,/mnt/ubna_data_02_mir/recover-20220922/UBNA_001/20220921_090000.WAV,Telephone Field,recover-20220922,001,1795
608.7055,608.7168,25468,31891,Nyctalus leisleri,0.01,0.028,-1,Echolocation,/mnt/ubna_data_02_mir/recover-20220922/UBNA_001/20220921_090000.WAV,Telephone Field,recover-20220922,001,1795
608.7115,608.7499,68437,82058,Rhinolophus ferrumequinum,0.025,0.025,-1,Echolocation,/mnt/ubna_data_02_mir/recover-20220922/UBNA_001/20220921_090000.WAV,Telephone Field,recover-20220922,001,1795
608.7555,608.7628,28906,40235,Eptesicus serotinus,0.007,0.022,-1,Echolocation,/mnt/ubna_data_02_mir/recover-20220922/UBNA_001/20220921_090000.WAV,Telephone Field,recover-20220922,001,1795
608.7675,608.8055,68437,82386,Rhinolophus ferrumequinum,0.022,0.022,-1,Echolocation,/mnt/ubna_data_02_mir/recover-20220922/UBNA_001/20220921_090000.WAV,Telephone Field,recover-20220922,001,1795
608.7755,608.8134,68437,82589,Rhinolophus ferrumequinum,0.021,0.021,-1,Echolocation,/mnt/ubna_data_02_mir/recover-20220922/UBNA_001/20220921_090000.WAV,Telephone Field,recover-20220922,001,1795
608.7755,608.7847,45234,48506,Pipistrellus pipistrellus,0.025,0.027,-1,Echolocation,/mnt/ubna_data_02_mir/recover-20220922/UBNA_001/20220921_090000.WAV,Telephone Field,recover-20220922,001,1795
608.7905,608.8318,68437,83233,Rhinolophus ferrumequinum,0.03,0.03,-1,Echolocation,/mnt/ubna_data_02_mir/recover-20220922/UBNA_001/20220921_090000.WAV,Telephone Field,recover-20220922,001,1795
608.8015,608.8167,22890,27581,Nyctalus leisleri,0.019,0.034,-1,Echolocation,/mnt/ubna_data_02_mir/recover-20220922/UBNA_001/20220921_090000.WAV,Telephone Field,recover-20220922,001,1795
608.8595,608.9015,68437,83148,Rhinolophus ferrumequinum,0.031,0.031,-1,Echolocation,/mnt/ubna_data_02_mir/recover-20220922/UBNA_001/20220921_090000.WAV,Telephone Field,recover-20220922,001,1795
608.8705,608.8793000000001,51250,56584,Pipistrellus pipistrellus,0.017,0.022,-1,Echolocation,/mnt/ubna_data_02_mir/recover-20220922/UBNA_001/20220921_090000.WAV,Telephone Field,recover-20220922,001,1795
608.8875,608.9278,68437,82589,Rhinolophus ferrumequinum,0.024,0.024,-1,Echolocation,/mnt/ubna_data_02_mir/recover-20220922/UBNA_001/20220921_090000.WAV,Telephone Field,recover-20220922,001,1795
608.9635,609.0035,68437,82938,Rhinolophus ferrumequinum,0.028,0.028,-1,Echolocation,/mnt/ubna_data_02_mir/recover-20220922/UBNA_001/20220921_090000.WAV,Telephone Field,recover-20220922,001,1795
608.9685,608.9788,22890,28063,Nyctalus leisleri,0.009,0.02,-1,Echolocation,/mnt/ubna_data_02_mir/recover-20220922/UBNA_001/20220921_090000.WAV,Telephone Field,recover-20220922,001,1795
609.0005,609.0141,42656,46011,Pipistrellus pipistrellus,0.033,0.042,-1,Echolocation,/mnt/ubna_data_02_mir/recover-20220922/UBNA_001/20220921_090000.WAV,Telephone Field,recover-20220922,001,1795
609.0015,609.0382,68437,81459,Rhinolophus ferrumequinum,0.021,0.021,-1,Echolocation,/mnt/ubna_data_02_mir/recover-20220922/UBNA_001/20220921_090000.WAV,Telephone Field,recover-20220922,001,1795
609.0045,609.0149,22890,27674,Nyctalus leisleri,0.009,0.021,-1,Echolocation,/mnt/ubna_data_02_mir/recover-20220922/UBNA_001/20220921_090000.WAV,Telephone Field,recover-20220922,001,1795
609.0295,609.071,68437,82147,Rhinolophus ferrumequinum,0.036,0.036,-1,Echolocation,/mnt/ubna_data_02_mir/recover-20220922/UBNA_001/20220921_090000.WAV,Telephone Field,recover-20220922,001,1795
609.0815,609.119,68437,81165,Rhinolophus ferrumequinum,0.022,0.022,-1,Echolocation,/mnt/ubna_data_02_mir/recover-20220922/UBNA_001/20220921_090000.WAV,Telephone Field,recover-20220922,001,1795
609.1075,609.1442,68437,82196,Rhinolophus ferrumequinum,0.02,0.02,-1,Echolocation,/mnt/ubna_data_02_mir/recover-20220922/UBNA_001/20220921_090000.WAV,Telephone Field,recover-20220922,001,1795
609.1655,609.1729,45234,57077,Pipistrellus pipistrellus,0.011,0.021,-1,Echolocation,/mnt/ubna_data_02_mir/recover-20220922/UBNA_001/20220921_090000.WAV,Telephone Field,recover-20220922,001,1795
609.1855,609.2237,68437,81305,Rhinolophus ferrumequinum,0.024,0.024,-1,Echolocation,/mnt/ubna_data_02_mir/recover-20220922/UBNA_001/20220921_090000.WAV,Telephone Field,recover-20220922,001,1795
609.1855,609.1944,24609,33060,Eptesicus serotinus,0.006,0.021,-1,Echolocation,/mnt/ubna_data_02_mir/recover-20220922/UBNA_001/20220921_090000.WAV,Telephone Field,recover-20220922,001,1795
609.1875,609.196,28906,40595,Eptesicus serotinus,0.009,0.021,-1,Echolocation,/mnt/ubna_data_02_mir/recover-20220922/UBNA_001/20220921_090000.WAV,Telephone Field,recover-20220922,001,1795
609.1945,609.2288,68437,81227,Rhinolophus ferrumequinum,0.02,0.02,-1,Echolocation,/mnt/ubna_data_02_mir/recover-20220922/UBNA_001/20220921_090000.WAV,Telephone Field,recover-20220922,001,1795
609.2105,609.2217,23750,29007,Nyctalus leisleri,0.011,0.024,-1,Echolocation,/mnt/ubna_data_02_mir/recover-20220922/UBNA_001/20220921_090000.WAV,Telephone Field,recover-20220922,001,1795
609.2365,609.2797,68437,83235,Rhinolophus ferrumequinum,0.025,0.025,-1,Echolocation,/mnt/ubna_data_02_mir/recover-20220922/UBNA_001/20220921_090000.WAV,Telephone Field,recover-20220922,001,1795
609.2755,609.3112,68437,81485,Rhinolophus ferrumequinum,0.02,0.021,-1,Echolocation,/mnt/ubna_data_02_mir/recover-20220922/UBNA_001/20220921_090000.WAV,Telephone Field,recover-20220922,001,1795
609.3045,609.3157,23750,29013,Nyctalus leisleri,0.012,0.023,-1,Echolocation,/mnt/ubna_data_02_mir/recover-20220922/UBNA_001/20220921_090000.WAV,Telephone Field,recover-20220922,001,1795
609.3075,609.322,50390,55118,Pipistrellus pipistrellus,0.022,0.029,-1,Echolocation,/mnt/ubna_data_02_mir/recover-20220922/UBNA_001/20220921_090000.WAV,Telephone Field,recover-20220922,001,1795
609.3135,609.353,68437,82166,Rhinolophus ferrumequinum,0.021,0.021,-1,Echolocation,/mnt/ubna_data_02_mir/recover-20220922/UBNA_001/20220921_090000.WAV,Telephone Field,recover-20220922,001,1795
609.3375,609.3475,22031,28300,Plecotus austriacus,0.018,0.069,-1,Echolocation,/mnt/ubna_data_02_mir/recover-20220922/UBNA_001/20220921_090000.WAV,Telephone Field,recover-20220922,001,1795
609.3505,609.389,68437,81824,Rhinolophus ferrumequinum,0.022,0.022,-1,Echolocation,/mnt/ubna_data_02_mir/recover-20220922/UBNA_001/20220921_090000.WAV,Telephone Field,recover-20220922,001,1795
609.3635,609.3719,25468,34351,Eptesicus serotinus,0.007,0.02,-1,Echolocation,/mnt/ubna_data_02_mir/recover-20220922/UBNA_001/20220921_090000.WAV,Telephone Field,recover-20220922,001,1795
609.3735,609.3841,23750,30040,Nyctalus leisleri,0.01,0.026,-1,Echolocation,/mnt/ubna_data_02_mir/recover-20220922/UBNA_001/20220921_090000.WAV,Telephone Field,recover-20220922,001,1795
609.4005,609.4142,23750,27754,Nyctalus leisleri,0.016,0.028,-1,Echolocation,/mnt/ubna_data_02_mir/recover-20220922/UBNA_001/20220921_090000.WAV,Telephone Field,recover-20220922,001,1795
609.4175,609.4561,68437,82816,Rhinolophus ferrumequinum,0.022,0.022,-1,Echolocation,/mnt/ubna_data_02_mir/recover-20220922/UBNA_001/20220921_090000.WAV,Telephone Field,recover-20220922,001,1795
609.4245,609.4629,68437,82599,Rhinolophus ferrumequinum,0.021,0.021,-1,Echolocation,/mnt/ubna_data_02_mir/recover-20220922/UBNA_001/20220921_090000.WAV,Telephone Field,recover-20220922,001,1795
609.4585,609.4654,26328,40239,Eptesicus serotinus,0.006,0.021,-1,Echolocation,/mnt/ubna_data_02_mir/recover-20220922/UBNA_001/20220921_090000.WAV,Telephone Field,recover-20220922,001,1795
609.5015,609.5427,68437,82465,Rhinolophus ferrumequinum,0.032,0.032,-1,Echolocation,/mnt/ubna_data_02_mir/recover-20220922/UBNA_001/20220921_090000.WAV,Telephone Field,recover-20220922,001,1795
609.5145,609.5504,68437,81791,Rhinolophus ferrumequinum,0.022,0.022,-1,Echolocation,/mnt/ubna_data_02_mir/recover-20220922/UBNA_001/20220921_090000.WAV,Telephone Field,recover-20220922,001,1795
609.5435,609.5521,28046,38835,Eptesicus serotinus,0.012,0.026,-1,Echolocation,/mnt/ubna_data_02_mir/recover-20220922/UBNA_001/20220921_090000.WAV,Telephone Field,recover-20220922,001,1795
609.5655,609.6031,68437,82122,Rhinolophus ferrumequinum,0.021,0.021,-1,Echolocation,/mnt/ubna_data_02_mir/recover-20220922/UBNA_001/20220921_090000.WAV,Telephone Field,recover-20220922,001,1795
609.5815,609.5921,23750,28951,Nyctalus leisleri,0.012,0.026,-1,Echolocation,/mnt/ubna_data_02_mir/recover-20220922/UBNA_001/20220921_090000.WAV,Telephone Field,recover-20220922,001,1795
609.5985,609.6062,25468,34767,Plecotus austriacus,0.006,0.023,-1,Echolocation,/mnt/ubna_data_02_mir/recover-20220922/UBNA_001/20220921_090000.WAV,Telephone Field,recover-20220922,001,1795
609.6155,609.6572,68437,83134,Rhinolophus ferrumequinum,0.027,0.027,-1,Echolocation,/mnt/ubna_data_02_mir/recover-20220922/UBNA_001/20220921_090000.WAV,Telephone Field,recover-20220922,001,1795
609.6275,609.6368,28906,36139,Eptesicus serotinus,0.008,0.022,-1,Echolocation,/mnt/ubna_data_02_mir/recover-20220922/UBNA_001/20220921_090000.WAV,Telephone Field,recover-20220922,001,1795
609.6525,609.6654,22890,28525,Nyctalus leisleri,0.013,0.028,-1,Echolocation,/mnt/ubna_data_02_mir/recover-20220922/UBNA_001/20220921_090000.WAV,Telephone Field,recover-20220922,001,1795
609.6665,609.6836,22031,25309,Nyctalus leisleri,0.019,0.031,-1,Echolocation,/mnt/ubna_data_02_mir/recover-20220922/UBNA_001/20220921_090000.WAV,Telephone Field,recover-20220922,001,1795
609.6835,609.7197,68437,81954,Rhinolophus ferrumequinum,0.021,0.021,-1,Echolocation,/mnt/ubna_data_02_mir/recover-20220922/UBNA_001/20220921_090000.WAV,Telephone Field,recover-20220922,001,1795
609.7185,609.7284,22890,28579,Nyctalus leisleri,0.009,0.022,-1,Echolocation,/mnt/ubna_data_02_mir/recover-20220922/UBNA_001/20220921_090000.WAV,Telephone Field,recover-20220922,001,1795
609.7495,609.7875,68437,81636,Rhinolophus ferrumequinum,0.022,0.022,-1,Echolocation,/mnt/ubna_data_02_mir/recover-20220922/UBNA_001/20220921_090000.WAV,Telephone Field,recover-20220922,001,1795
609.7535,609.7657,24609,30419,Eptesicus serotinus,0.023,0.064,-1,Echolocation,/mnt/ubna_data_02_mir/recover-20220922/UBNA_001/20220921_090000.WAV,Telephone Field,recover-20220922,001,1795
609.7625,609.8025,68437,81994,Rhinolophus ferrumequinum,0.02,0.02,-1,Echolocation,/mnt/ubna_data_02_mir/recover-20220922/UBNA_001/20220921_090000.WAV,Telephone Field,recover-20220922,001,1795
609.7635,609.7738,27187,35580,Eptesicus serotinus,0.012,0.024,-1,Echolocation,/mnt/ubna_data_02_mir/recover-20220922/UBNA_001/20220921_090000.WAV,Telephone Field,recover-20220922,001,1795
609.7775,609.8175,68437,82566,Rhinolophus ferrumequinum,0.023,0.023,-1,Echolocation,/mnt/ubna_data_02_mir/recover-20220922/UBNA_001/20220921_090000.WAV,Telephone Field,recover-20220922,001,1795
609.7985,609.8068,27187,36420,Eptesicus serotinus,0.01,0.022,-1,Echolocation,/mnt/ubna_data_02_mir/recover-20220922/UBNA_001/20220921_090000.WAV,Telephone Field,recover-20220922,001,1795
609.8115,609.8187,25468,34882,Plecotus austriacus,0.006,0.022,-1,Echolocation,/mnt/ubna_data_02_mir/recover-20220922/UBNA_001/20220921_090000.WAV,Telephone Field,recover-20220922,001,1795
609.8155,609.856,68437,81955,Rhinolophus ferrumequinum,0.02,0.02,-1,Echolocation,/mnt/ubna_data_02_mir/recover-20220922/UBNA_001/20220921_090000.WAV,Telephone Field,recover-20220922,001,1795
609.8195,609.8292,28906,36041,Eptesicus serotinus,0.011,0.023,-1,Echolocation,/mnt/ubna_data_02_mir/recover-20220922/UBNA_001/20220921_090000.WAV,Telephone Field,recover-20220922,001,1795
609.8235,609.858,68437,81460,Rhinolophus ferrumequinum,0.02,0.02,-1,Echolocation,/mnt/ubna_data_02_mir/recover-20220922/UBNA_001/20220921_090000.WAV,Telephone Field,recover-20220922,001,1795
609.8495,609.8592,27187,35818,Eptesicus serotinus,0.009,0.021,-1,Echolocation,/mnt/ubna_data_02_mir/recover-20220922/UBNA_001/20220921_090000.WAV,Telephone Field,recover-20220922,001,1795
609.8665,609.9044,68437,82055,Rhinolophus ferrumequinum,0.021,0.021,-1,Echolocation,/mnt/ubna_data_02_mir/recover-20220922/UBNA_001/20220921_090000.WAV,Telephone Field,recover-20220922,001,1795
609.8925,609.9022,46093,51837,Pipistrellus pipistrellus,0.024,0.026,-1,Echolocation,/mnt/ubna_data_02_mir/recover-20220922/UBNA_001/20220921_090000.WAV,Telephone Field,recover-20220922,001,1795
609.8955,609.9318,68437,81470,Rhinolophus ferrumequinum,0.021,0.021,-1,Echolocation,/mnt/ubna_data_02_mir/recover-20220922/UBNA_001/20220921_090000.WAV,Telephone Field,recover-20220922,001,1795
609.9495,609.9883,68437,81935,Rhinolophus ferrumequinum,0.021,0.021,-1,Echolocation,/mnt/ubna_data_02_mir/recover-20220922/UBNA_001/20220921_090000.WAV,Telephone Field,recover-20220922,001,1795
609.9565,609.9967,68437,81959,Rhinolophus ferrumequinum,0.021,0.021,-1,Echolocation,/mnt/ubna_data_02_mir/recover-20220922/UBNA_001/20220921_090000.WAV,Telephone Field,recover-20220922,001,1795
609.9875,609.998,23750,31537,Eptesicus serotinus,0.007,0.022,-1,Echolocation,/mnt/ubna_data_02_mir/recover-20220922/UBNA_001/20220921_090000.WAV,Telephone Field,recover-20220922,001,1795
610.0015,610.0107,22890,31679,Nyctalus leisleri,0.009,0.031,-1,Echolocation,/mnt/ubna_data_02_mir/recover-20220922/UBNA_001/20220921_090000.WAV,Telephone Field,recover-20220922,001,1795
610.0015,610.0318,69296,80974,Rhinolophus ferrumequinum,0.021,0.021,-1,Echolocation,/mnt/ubna_data_02_mir/recover-20220922/UBNA_001/20220921_090000.WAV,Telephone Field,recover-20220922,001,1795
610.0445,610.0837,68437,82252,Rhinolophus ferrumequinum,0.024,0.024,-1,Echolocation,/mnt/ubna_data_02_mir/recover-20220922/UBNA_001/20220921_090000.WAV,Telephone Field,recover-20220922,001,1795
610.0445,610.0525,28046,38934,Eptesicus serotinus,0.009,0.027,-1,Echolocation,/mnt/ubna_data_02_mir/recover-20220922/UBNA_001/20220921_090000.WAV,Telephone Field,recover-20220922,001,1795
610.0575,610.0682,27187,34996,Eptesicus serotinus,0.01,0.022,-1,Echolocation,/mnt/ubna_data_02_mir/recover-20220922/UBNA_001/20220921_090000.WAV,Telephone Field,recover-20220922,001,1795
610.0865,610.0964,24609,31477,Nyctalus leisleri,0.008,0.022,-1,Echolocation,/mnt/ubna_data_02_mir/recover-20220922/UBNA_001/20220921_090000.WAV,Telephone Field,recover-20220922,001,1795
610.1115,610.1505,68437,82182,Rhinolophus ferrumequinum,0.023,0.023,-1,Echolocation,/mnt/ubna_data_02_mir/recover-20220922/UBNA_001/20220921_090000.WAV,Telephone Field,recover-20220922,001,1795
610.1335,610.1702,68437,81358,Rhinolophus ferrumequinum,0.022,0.022,-1,Echolocation,/mnt/ubna_data_02_mir/recover-20220922/UBNA_001/20220921_090000.WAV,Telephone Field,recover-20220922,001,1795
610.1475,610.1868,68437,82645,Rhinolophus ferrumequinum,0.022,0.022,-1,Echolocation,/mnt/ubna_data_02_mir/recover-20220922/UBNA_001/20220921_090000.WAV,Telephone Field,recover-20220922,001,1795
610.1565,610.1665,24609,31698,Nyctalus leisleri,0.008,0.023,-1,Echolocation,/mnt/ubna_data_02_mir/recover-20220922/UBNA_001/20220921_090000.WAV,Telephone Field,recover-20220922,001,1795
610.1605,610.1998,68437,82386,Rhinolophus ferrumequinum,0.021,0.021,-1,Echolocation,/mnt/ubna_data_02_mir/recover-20220922/UBNA_001/20220921_090000.WAV,Telephone Field,recover-20220922,001,1795
610.1695,610.2088,68437,82153,Rhinolophus ferrumequinum,0.021,0.021,-1,Echolocation,/mnt/ubna_data_02_mir/recover-20220922/UBNA_001/20220921_090000.WAV,Telephone Field,recover-20220922,001,1795
610.2035,610.2429,68437,81929,Rhinolophus ferrumequinum,0.023,0.023,-1,Echolocation,/mnt/ubna_data_02_mir/recover-20220922/UBNA_001/20220921_090000.WAV,Telephone Field,recover-20220922,001,1795
610.2145,610.2232,28046,36834,Eptesicus serotinus,0.014,0.03,-1,Echolocation,/mnt/ubna_data_02_mir/recover-20220922/UBNA_001/20220921_090000.WAV,Telephone Field,recover-20220922,001,1795
610.2415,610.2808,68437,82128,Rhinolophus ferrumequinum,0.024,0.024,-1,Echolocation,/mnt/ubna_data_02_mir/recover-20220922/UBNA_001/20220921_090000.WAV,Telephone Field,recover-20220922,001,1795
610.2795,610.2888,28906,36152,Eptesicus serotinus,0.032,0.053,-1,Echolocation,/mnt/ubna_data_02_mir/recover-20220922/UBNA_001/20220921_090000.WAV,Telephone Field,recover-20220922,001,1795
610.3015,610.338,68437,82053,Rhinolophus ferrumequinum,0.022,0.022,-1,Echolocation,/mnt/ubna_data_02_mir/recover-20220922/UBNA_001/20220921_090000.WAV,Telephone Field,recover-20220922,001,1795
610.3505,610.3871,68437,81885,Rhinolophus ferrumequinum,0.028,0.028,-1,Echolocation,/mnt/ubna_data_02_mir/recover-20220922/UBNA_001/20220921_090000.WAV,Telephone Field,recover-20220922,001,1795
610.3795,610.4182,68437,82443,Rhinolophus ferrumequinum,0.021,0.021,-1,Echolocation,/mnt/ubna_data_02_mir/recover-20220922/UBNA_001/20220921_090000.WAV,Telephone Field,recover-20220922,001,1795
610.3815,610.3933,22890,27710,Nyctalus leisleri,0.012,0.024,-1,Echolocation,/mnt/ubna_data_02_mir/recover-20220922/UBNA_001/20220921_090000.WAV,Telephone Field,recover-20220922,001,1795
610.3945,610.4034,28046,37247,Eptesicus serotinus,0.008,0.022,-1,Echolocation,/mnt/ubna_data_02_mir/recover-20220922/UBNA_001/20220921_090000.WAV,Telephone Field,recover-20220922,001,1795
610.4185,610.4299,22031,26145,Nyctalus leisleri,0.012,0.021,-1,Echolocation,/mnt/ubna_data_02_mir/recover-20220922/UBNA_001/20220921_090000.WAV,Telephone Field,recover-20220922,001,1795
610.4255,610.4591,68437,80086,Rhinolophus ferrumequinum,0.021,0.021,-1,Echolocation,/mnt/ubna_data_02_mir/recover-20220922/UBNA_001/20220921_090000.WAV,Telephone Field,recover-20220922,001,1795
610.4475,610.4583,22890,27764,Nyctalus leisleri,0.01,0.021,-1,Echolocation,/mnt/ubna_data_02_mir/recover-20220922/UBNA_001/20220921_090000.WAV,Telephone Field,recover-20220922,001,1795
610.4755,610.5111,68437,81824,Rhinolophus ferrumequinum,0.024,0.024,-1,Echolocation,/mnt/ubna_data_02_mir/recover-20220922/UBNA_001/20220921_090000.WAV,Telephone Field,recover-20220922,001,1795
610.4775,610.4845,48671,52885,Pipistrellus pipistrellus,0.036,0.038,-1,Echolocation,/mnt/ubna_data_02_mir/recover-20220922/UBNA_001/20220921_090000.WAV,Telephone Field,recover-20220922,001,1795
610.4885,610.4964,28046,39941,Eptesicus serotinus,0.007,0.021,-1,Echolocation,/mnt/ubna_data_02_mir/recover-20220922/UBNA_001/20220921_090000.WAV,Telephone Field,recover-20220922,001,1795
610.4895,610.5257,68437,81542,Rhinolophus ferrumequinum,0.022,0.023,-1,Echolocation,/mnt/ubna_data_02_mir/recover-20220922/UBNA_001/20220921_090000.WAV,Telephone Field,recover-20220922,001,1795
610.4975,610.5368,68437,82292,Rhinolophus ferrumequinum,0.021,0.021,-1,Echolocation,/mnt/ubna_data_02_mir/recover-20220922/UBNA_001/20220921_090000.WAV,Telephone Field,recover-20220922,001,1795
610.5145,610.5546,68437,82400,Rhinolophus ferrumequinum,0.025,0.025,-1,Echolocation,/mnt/ubna_data_02_mir/recover-20220922/UBNA_001/20220921_090000.WAV,Telephone Field,recover-20220922,001,1795
610.5195,610.5288,27187,36407,Eptesicus serotinus,0.008,0.022,-1,Echolocation,/mnt/ubna_data_02_mir/recover-20220922/UBNA_001/20220921_090000.WAV,Telephone Field,recover-20220922,001,1795
610.5345,610.5713,68437,81667,Rhinolophus ferrumequinum,0.021,0.021,-1,Echolocation,/mnt/ubna_data_02_mir/recover-20220922/UBNA_001/20220921_090000.WAV,Telephone Field,recover-20220922,001,1795
610.5675,610.6056,68437,82035,Rhinolophus ferrumequinum,0.021,0.021,-1,Echolocation,/mnt/ubna_data_02_mir/recover-20220922/UBNA_001/20220921_090000.WAV,Telephone Field,recover-20220922,001,1795
610.5915,610.6011,28046,35757,Eptesicus serotinus,0.008,0.021,-1,Echolocation,/mnt/ubna_data_02_mir/recover-20220922/UBNA_001/20220921_090000.WAV,Telephone Field,recover-20220922,001,1795
610.6275,610.6623,68437,81798,Rhinolophus ferrumequinum,0.022,0.022,-1,Echolocation,/mnt/ubna_data_02_mir/recover-20220922/UBNA_001/20220921_090000.WAV,Telephone Field,recover-20220922,001,1795
610.6435,610.6514,28046,37050,Eptesicus serotinus,0.007,0.021,-1,Echolocation,/mnt/ubna_data_02_mir/recover-20220922/UBNA_001/20220921_090000.WAV,Telephone Field,recover-20220922,001,1795
610.6485,610.6576,44375,53487,Pipistrellus pipistrellus,0.014,0.021,-1,Echolocation,/mnt/ubna_data_02_mir/recover-20220922/UBNA_001/20220921_090000.WAV,Telephone Field,recover-20220922,001,1795
610.6665,610.7073,68437,82554,Rhinolophus ferrumequinum,0.023,0.023,-1,Echolocation,/mnt/ubna_data_02_mir/recover-20220922/UBNA_001/20220921_090000.WAV,Telephone Field,recover-20220922,001,1795
610.7425,610.7499,24609,34709,Plecotus austriacus,0.007,0.022,-1,Echolocation,/mnt/ubna_data_02_mir/recover-20220922/UBNA_001/20220921_090000.WAV,Telephone Field,recover-20220922,001,1795
610.7505,610.7853,68437,80812,Rhinolophus ferrumequinum,0.021,0.021,-1,Echolocation,/mnt/ubna_data_02_mir/recover-20220922/UBNA_001/20220921_090000.WAV,Telephone Field,recover-20220922,001,1795
610.7525,610.7585,23750,34027,Plecotus austriacus,0.014,0.03,-1,Echolocation,/mnt/ubna_data_02_mir/recover-20220922/UBNA_001/20220921_090000.WAV,Telephone Field,recover-20220922,001,1795
610.7635,610.8017,68437,82430,Rhinolophus ferrumequinum,0.028,0.028,-1,Echolocation,/mnt/ubna_data_02_mir/recover-20220922/UBNA_001/20220921_090000.WAV,Telephone Field,recover-20220922,001,1795
610.7735,610.7846,26328,33545,Eptesicus serotinus,0.013,0.027,-1,Echolocation,/mnt/ubna_data_02_mir/recover-20220922/UBNA_001/20220921_090000.WAV,Telephone Field,recover-20220922,001,1795
610.8005,610.837,68437,80697,Rhinolophus ferrumequinum,0.021,0.021,-1,Echolocation,/mnt/ubna_data_02_mir/recover-20220922/UBNA_001/20220921_090000.WAV,Telephone Field,recover-20220922,001,1795
610.8025,610.8078,38359,56572,Myotis mystacinus,0.008,0.025,-1,Echolocation,/mnt/ubna_data_02_mir/recover-20220922/UBNA_001/20220921_090000.WAV,Telephone Field,recover-20220922,001,1795
610.8035,610.8143,22890,29171,Nyctalus leisleri,0.011,0.028,-1,Echolocation,/mnt/ubna_data_02_mir/recover-20220922/UBNA_001/20220921_090000.WAV,Telephone Field,recover-20220922,001,1795
610.8145,610.8235,27187,34827,Eptesicus serotinus,0.012,0.029,-1,Echolocation,/mnt/ubna_data_02_mir/recover-20220922/UBNA_001/20220921_090000.WAV,Telephone Field,recover-20220922,001,1795
610.8235,610.8623,68437,82008,Rhinolophus ferrumequinum,0.021,0.021,-1,Echolocation,/mnt/ubna_data_02_mir/recover-20220922/UBNA_001/20220921_090000.WAV,Telephone Field,recover-20220922,001,1795
610.8445,610.8531,28046,38296,Eptesicus serotinus,0.011,0.031,-1,Echolocation,/mnt/ubna_data_02_mir/recover-20220922/UBNA_001/20220921_090000.WAV,Telephone Field,recover-20220922,001,1795
610.8685,610.9052,68437,81745,Rhinolophus ferrumequinum,0.024,0.024,-1,Echolocation,/mnt/ubna_data_02_mir/recover-20220922/UBNA_001/20220921_090000.WAV,Telephone Field,recover-20220922,001,1795
610.8795,610.8872,28046,42077,Eptesicus serotinus,0.008,0.022,-1,Echolocation,/mnt/ubna_data_02_mir/recover-20220922/UBNA_001/20220921_090000.WAV,Telephone Field,recover-20220922,001,1795
610.8895,610.9001,27187,35443,Eptesicus serotinus,0.012,0.025,-1,Echolocation,/mnt/ubna_data_02_mir/recover-20220922/UBNA_001/20220921_090000.WAV,Telephone Field,recover-20220922,001,1795
610.8965,610.908,27187,33674,Eptesicus serotinus,0.012,0.024,-1,Echolocation,/mnt/ubna_data_02_mir/recover-20220922/UBNA_001/20220921_090000.WAV,Telephone Field,recover-20220922,001,1795
610.9135,610.9482,68437,81360,Rhinolophus ferrumequinum,0.021,0.021,-1,Echolocation,/mnt/ubna_data_02_mir/recover-20220922/UBNA_001/20220921_090000.WAV,Telephone Field,recover-20220922,001,1795
610.9575,610.9942,68437,81962,Rhinolophus ferrumequinum,0.022,0.022,-1,Echolocation,/mnt/ubna_data_02_mir/recover-20220922/UBNA_001/20220921_090000.WAV,Telephone Field,recover-20220922,001,1795
610.9635,611.0008,68437,81865,Rhinolophus ferrumequinum,0.021,0.021,-1,Echolocation,/mnt/ubna_data_02_mir/recover-20220922/UBNA_001/20220921_090000.WAV,Telephone Field,recover-20220922,001,1795
610.9835,611.0181,68437,80771,Rhinolophus ferrumequinum,0.021,0.021,-1,Echolocation,/mnt/ubna_data_02_mir/recover-20220922/UBNA_001/20220921_090000.WAV,Telephone Field,recover-20220922,001,1795
610.9995,611.0368,68437,82263,Rhinolophus ferrumequinum,0.022,0.022,-1,Echolocation,/mnt/ubna_data_02_mir/recover-20220922/UBNA_001/20220921_090000.WAV,Telephone Field,recover-20220922,001,1795
611.0095,611.0434,68437,80899,Rhinolophus ferrumequinum,0.028,0.028,-1,Echolocation,/mnt/ubna_data_02_mir/recover-20220922/UBNA_001/20220921_090000.WAV,Telephone Field,recover-20220922,001,1795
611.0185,611.0507,68437,80217,Rhinolophus ferrumequinum,0.025,0.026,-1,Echolocation,/mnt/ubna_data_02_mir/recover-20220922/UBNA_001/20220921_090000.WAV,Telephone Field,recover-20220922,001,1795
611.0425,611.0531,22890,28846,Nyctalus leisleri,0.009,0.021,-1,Echolocation,/mnt/ubna_data_02_mir/recover-20220922/UBNA_001/20220921_090000.WAV,Telephone Field,recover-20220922,001,1795
611.0465,611.0843,68437,82144,Rhinolophus ferrumequinum,0.023,0.023,-1,Echolocation,/mnt/ubna_data_02_mir/recover-20220922/UBNA_001/20220921_090000.WAV,Telephone Field,recover-20220922,001,1795
611.0735,611.1119,68437,82194,Rhinolophus ferrumequinum,0.021,0.021,-1,Echolocation,/mnt/ubna_data_02_mir/recover-20220922/UBNA_001/20220921_090000.WAV,Telephone Field,recover-20220922,001,1795
611.0795,611.1199,68437,82391,Rhinolophus ferrumequinum,0.021,0.021,-1,Echolocation,/mnt/ubna_data_02_mir/recover-20220922/UBNA_001/20220921_090000.WAV,Telephone Field,recover-20220922,001,1795
611.1045,611.1153,23750,29016,Nyctalus leisleri,0.01,0.022,-1,Echolocation,/mnt/ubna_data_02_mir/recover-20220922/UBNA_001/20220921_090000.WAV,Telephone Field,recover-20220922,001,1795
611.1075,611.1483,68437,82744,Rhinolophus ferrumequinum,0.026,0.026,-1,Echolocation,/mnt/ubna_data_02_mir/recover-20220922/UBNA_001/20220921_090000.WAV,Telephone Field,recover-20220922,001,1795
611.1455,611.1541,28046,38807,Eptesicus serotinus,0.008,0.021,-1,Echolocation,/mnt/ubna_data_02_mir/recover-20220922/UBNA_001/20220921_090000.WAV,Telephone Field,recover-20220922,001,1795
611.1785,611.219,68437,82919,Rhinolophus ferrumequinum,0.023,0.023,-1,Echolocation,/mnt/ubna_data_02_mir/recover-20220922/UBNA_001/20220921_090000.WAV,Telephone Field,recover-20220922,001,1795
611.2195,611.2585,68437,82229,Rhinolophus ferrumequinum,0.022,0.022,-1,Echolocation,/mnt/ubna_data_02_mir/recover-20220922/UBNA_001/20220921_090000.WAV,Telephone Field,recover-20220922,001,1795
611.2415,611.2522,23750,29800,Nyctalus leisleri,0.009,0.021,-1,Echolocation,/mnt/ubna_data_02_mir/recover-20220922/UBNA_001/20220921_090000.WAV,Telephone Field,recover-20220922,001,1795
611.2485,611.2935,68437,83270,Rhinolophus ferrumequinum,0.055,0.055,-1,Echolocation,/mnt/ubna_data_02_mir/recover-20220922/UBNA_001/20220921_090000.WAV,Telephone Field,recover-20220922,001,1795
611.2905,611.2997,24609,32995,Eptesicus serotinus,0.007,0.021,-1,Echolocation,/mnt/ubna_data_02_mir/recover-20220922/UBNA_001/20220921_090000.WAV,Telephone Field,recover-20220922,001,1795
611.2915,611.3286,68437,81660,Rhinolophus ferrumequinum,0.024,0.024,-1,Echolocation,/mnt/ubna_data_02_mir/recover-20220922/UBNA_001/20220921_090000.WAV,Telephone Field,recover-20220922,001,1795
611.3355,611.3779,68437,83007,Rhinolophus ferrumequinum,0.03,0.03,-1,Echolocation,/mnt/ubna_data_02_mir/recover-20220922/UBNA_001/20220921_090000.WAV,Telephone Field,recover-20220922,001,1795
611.3545,611.3928,68437,81598,Rhinolophus ferrumequinum,0.022,0.022,-1,Echolocation,/mnt/ubna_data_02_mir/recover-20220922/UBNA_001/20220921_090000.WAV,Telephone Field,recover-20220922,001,1795
611.3575,611.3651,28046,38681,Eptesicus serotinus,0.006,0.021,-1,Echolocation,/mnt/ubna_data_02_mir/recover-20220922/UBNA_001/20220921_090000.WAV,Telephone Field,recover-20220922,001,1795
611.3875,611.3954,28046,38135,Eptesicus serotinus,0.007,0.022,-1,Echolocation,/mnt/ubna_data_02_mir/recover-20220922/UBNA_001/20220921_090000.WAV,Telephone Field,recover-20220922,001,1795
611.4115,611.4195,28906,39170,Eptesicus serotinus,0.009,0.029,-1,Echolocation,/mnt/ubna_data_02_mir/recover-20220922/UBNA_001/20220921_090000.WAV,Telephone Field,recover-20220922,001,1795
611.4485,611.4856,68437,81543,Rhinolophus ferrumequinum,0.021,0.021,-1,Echolocation,/mnt/ubna_data_02_mir/recover-20220922/UBNA_001/20220921_090000.WAV,Telephone Field,recover-20220922,001,1795
611.4695,611.4812,23750,29131,Nyctalus leisleri,0.012,0.025,-1,Echolocation,/mnt/ubna_data_02_mir/recover-20220922/UBNA_001/20220921_090000.WAV,Telephone Field,recover-20220922,001,1795
611.4715,611.5146,68437,83113,Rhinolophus ferrumequinum,0.034,0.034,-1,Echolocation,/mnt/ubna_data_02_mir/recover-20220922/UBNA_001/20220921_090000.WAV,Telephone Field,recover-20220922,001,1795
611.4975,611.5062,22031,28035,Plecotus austriacus,0.01,0.022,-1,Echolocation,/mnt/ubna_data_02_mir/recover-20220922/UBNA_001/20220921_090000.WAV,Telephone Field,recover-20220922,001,1795
611.5085,611.5466,68437,82122,Rhinolophus ferrumequinum,0.021,0.022,-1,Echolocation,/mnt/ubna_data_02_mir/recover-20220922/UBNA_001/20220921_090000.WAV,Telephone Field,recover-20220922,001,1795
611.5185,611.5557,68437,81566,Rhinolophus ferrumequinum,0.021,0.022,-1,Echolocation,/mnt/ubna_data_02_mir/recover-20220922/UBNA_001/20220921_090000.WAV,Telephone Field,recover-20220922,001,1795
611.5425,611.5839,68437,82283,Rhinolophus ferrumequinum,0.028,0.028,-1,Echolocation,/mnt/ubna_data_02_mir/recover-20220922/UBNA_001/20220921_090000.WAV,Telephone Field,recover-20220922,001,1795
611.5445,611.5533,25468,34007,Eptesicus serotinus,0.008,0.022,-1,Echolocation,/mnt/ubna_data_02_mir/recover-20220922/UBNA_001/20220921_090000.WAV,Telephone Field,recover-20220922,001,1795
611.5655,611.6008,68437,81255,Rhinolophus ferrumequinum,0.021,0.022,-1,Echolocation,/mnt/ubna_data_02_mir/recover-20220922/UBNA_001/20220921_090000.WAV,Telephone Field,recover-20220922,001,1795
611.5955,611.6296,68437,81046,Rhinolophus ferrumequinum,0.024,0.024,-1,Echolocation,/mnt/ubna_data_02_mir/recover-20220922/UBNA_001/20220921_090000.WAV,Telephone Field,recover-20220922,001,1795
611.6215,611.6608,68437,82308,Rhinolophus ferrumequinum,0.021,0.021,-1,Echolocation,/mnt/ubna_data_02_mir/recover-20220922/UBNA_001/20220921_090000.WAV,Telephone Field,recover-20220922,001,1795
611.6715,611.7114,68437,82880,Rhinolophus ferrumequinum,0.036,0.036,-1,Echolocation,/mnt/ubna_data_02_mir/recover-20220922/UBNA_001/20220921_090000.WAV,Telephone Field,recover-20220922,001,1795
611.6815,611.6924,23750,28475,Nyctalus leisleri,0.016,0.029,-1,Echolocation,/mnt/ubna_data_02_mir/recover-20220922/UBNA_001/20220921_090000.WAV,Telephone Field,recover-20220922,001,1795
611.7025,611.7395,68437,81890,Rhinolophus ferrumequinum,0.027,0.027,-1,Echolocation,/mnt/ubna_data_02_mir/recover-20220922/UBNA_001/20220921_090000.WAV,Telephone Field,recover-20220922,001,1795
611.7155,611.752,68437,81968,Rhinolophus ferrumequinum,0.022,0.022,-1,Echolocation,/mnt/ubna_data_02_mir/recover-20220922/UBNA_001/20220921_090000.WAV,Telephone Field,recover-20220922,001,1795
611.7175,611.7285,22031,27834,Nyctalus leisleri,0.014,0.039,-1,Echolocation,/mnt/ubna_data_02_mir/recover-20220922/UBNA_001/20220921_090000.WAV,Telephone Field,recover-20220922,001,1795
611.7495,611.7885,68437,82248,Rhinolophus ferrumequinum,0.023,0.023,-1,Echolocation,/mnt/ubna_data_02_mir/recover-20220922/UBNA_001/20220921_090000.WAV,Telephone Field,recover-20220922,001,1795
611.7495,611.7612,46953,51237,Pipistrellus pipistrellus,0.02,0.023,-1,Echolocation,/mnt/ubna_data_02_mir/recover-20220922/UBNA_001/20220921_090000.WAV,Telephone Field,recover-20220922,001,1795
611.7755,611.8139,68437,81794,Rhinolophus ferrumequinum,0.026,0.026,-1,Echolocation,/mnt/ubna_data_02_mir/recover-20220922/UBNA_001/20220921_090000.WAV,Telephone Field,recover-20220922,001,1795
611.8505,611.8901,68437,82148,Rhinolophus ferrumequinum,0.025,0.025,-1,Echolocation,/mnt/ubna_data_02_mir/recover-20220922/UBNA_001/20220921_090000.WAV,Telephone Field,recover-20220922,001,1795
611.8785,611.9183,68437,81862,Rhinolophus ferrumequinum,0.025,0.025,-1,Echolocation,/mnt/ubna_data_02_mir/recover-20220922/UBNA_001/20220921_090000.WAV,Telephone Field,recover-20220922,001,1795
611.8825,611.8888,46953,53210,Pipistrellus pipistrellus,0.019,0.022,-1,Echolocation,/mnt/ubna_data_02_mir/recover-20220922/UBNA_001/20220921_090000.WAV,Telephone Field,recover-20220922,001,1795
611.8845,611.8943,27187,34481,Eptesicus serotinus,0.01,0.028,-1,Echolocation,/mnt/ubna_data_02_mir/recover-20220922/UBNA_001/20220921_090000.WAV,Telephone Field,recover-20220922,001,1795
611.8885,611.9263,68437,82499,Rhinolophus ferrumequinum,0.021,0.021,-1,Echolocation,/mnt/ubna_data_02_mir/recover-20220922/UBNA_001/20220921_090000.WAV,Telephone Field,recover-20220922,001,1795
611.9065,611.9457,68437,82641,Rhinolophus ferrumequinum,0.026,0.026,-1,Echolocation,/mnt/ubna_data_02_mir/recover-20220922/UBNA_001/20220921_090000.WAV,Telephone Field,recover-20220922,001,1795
611.9155,611.9539,68437,81881,Rhinolophus ferrumequinum,0.023,0.023,-1,Echolocation,/mnt/ubna_data_02_mir/recover-20220922/UBNA_001/20220921_090000.WAV,Telephone Field,recover-20220922,001,1795
611.9365,611.9728,68437,81968,Rhinolophus ferrumequinum,0.022,0.022,-1,Echolocation,/mnt/ubna_data_02_mir/recover-20220922/UBNA_001/20220921_090000.WAV,Telephone Field,recover-20220922,001,1795
611.9505,611.9595,28046,38158,Eptesicus serotinus,0.008,0.021,-1,Echolocation,/mnt/ubna_data_02_mir/recover-20220922/UBNA_001/20220921_090000.WAV,Telephone Field,recover-20220922,001,1795
612.0015,612.0089,37500,46273,Myotis daubentonii,0.007,0.026,-1,Echolocation,/mnt/ubna_data_02_mir/recover-20220922/UBNA_001/20220921_090000.WAV,Telephone Field,recover-20220922,001,1795
612.0015,612.0157,17734,23164,Nyctalus noctula,0.014,0.028,-1,Echolocation,/mnt/ubna_data_02_mir/recover-20220922/UBNA_001/20220921_090000.WAV,Telephone Field,recover-20220922,001,1795
612.0015,612.0113,25468,32518,Nyctalus leisleri,0.016,0.041,-1,Echolocation,/mnt/ubna_data_02_mir/recover-20220922/UBNA_001/20220921_090000.WAV,Telephone Field,recover-20220922,001,1795
612.0015,612.0171,55546,62279,Pipistrellus pygmaeus,0.02,0.022,-1,Echolocation,/mnt/ubna_data_02_mir/recover-20220922/UBNA_001/20220921_090000.WAV,Telephone Field,recover-20220922,001,1795
612.0015,612.0084,46093,53196,Pipistrellus pipistrellus,0.019,0.024,-1,Echolocation,/mnt/ubna_data_02_mir/recover-20220922/UBNA_001/20220921_090000.WAV,Telephone Field,recover-20220922,001,1795
612.0015,612.0342,68437,80679,Rhinolophus ferrumequinum,0.033,0.033,-1,Echolocation,/mnt/ubna_data_02_mir/recover-20220922/UBNA_001/20220921_090000.WAV,Telephone Field,recover-20220922,001,1795
612.0085,612.0188,28046,35114,Eptesicus serotinus,0.025,0.045,-1,Echolocation,/mnt/ubna_data_02_mir/recover-20220922/UBNA_001/20220921_090000.WAV,Telephone Field,recover-20220922,001,1795
612.0325,612.0709,68437,82237,Rhinolophus ferrumequinum,0.023,0.023,-1,Echolocation,/mnt/ubna_data_02_mir/recover-20220922/UBNA_001/20220921_090000.WAV,Telephone Field,recover-20220922,001,1795
612.0735,612.0805,50390,55215,Pipistrellus pipistrellus,0.025,0.027,-1,Echolocation,/mnt/ubna_data_02_mir/recover-20220922/UBNA_001/20220921_090000.WAV,Telephone Field,recover-20220922,001,1795
612.0745,612.1116,68437,81714,Rhinolophus ferrumequinum,0.031,0.031,-1,Echolocation,/mnt/ubna_data_02_mir/recover-20220922/UBNA_001/20220921_090000.WAV,Telephone Field,recover-20220922,001,1795
612.0815,612.0923,28906,35903,Eptesicus serotinus,0.01,0.023,-1,Echolocation,/mnt/ubna_data_02_mir/recover-20220922/UBNA_001/20220921_090000.WAV,Telephone Field,recover-20220922,001,1795
612.1255,612.1353,22890,28691,Nyctalus leisleri,0.008,0.021,-1,Echolocation,/mnt/ubna_data_02_mir/recover-20220922/UBNA_001/20220921_090000.WAV,Telephone Field,recover-20220922,001,1795
612.1365,612.1451,28046,40654,Eptesicus serotinus,0.008,0.021,-1,Echolocation,/mnt/ubna_data_02_mir/recover-20220922/UBNA_001/20220921_090000.WAV,Telephone Field,recover-20220922,001,1795
612.1375,612.1712,68437,81154,Rhinolophus ferrumequinum,0.028,0.028,-1,Echolocation,/mnt/ubna_data_02_mir/recover-20220922/UBNA_001/20220921_090000.WAV,Telephone Field,recover-20220922,001,1795
612.1525,612.1915,68437,82580,Rhinolophus ferrumequinum,0.027,0.027,-1,Echolocation,/mnt/ubna_data_02_mir/recover-20220922/UBNA_001/20220921_090000.WAV,Telephone Field,recover-20220922,001,1795
612.1625,612.1751,24609,30441,Nyctalus leisleri,0.011,0.027,-1,Echolocation,/mnt/ubna_data_02_mir/recover-20220922/UBNA_001/20220921_090000.WAV,Telephone Field,recover-20220922,001,1795
612.1895,612.2263,68437,81259,Rhinolophus ferrumequinum,0.022,0.022,-1,Echolocation,/mnt/ubna_data_02_mir/recover-20220922/UBNA_001/20220921_090000.WAV,Telephone Field,recover-20220922,001,1795
612.1955,612.2136,44375,47494,Pipistrellus pipistrellus,0.059,0.065,-1,Echolocation,/mnt/ubna_data_02_mir/recover-20220922/UBNA_001/20220921_090000.WAV,Telephone Field,recover-20220922,001,1795
612.1995,612.2368,68437,81731,Rhinolophus ferrumequinum,0.023,0.023,-1,Echolocation,/mnt/ubna_data_02_mir/recover-20220922/UBNA_001/20220921_090000.WAV,Telephone Field,recover-20220922,001,1795
612.2225,612.2334,52109,57062,Pipistrellus pipistrellus,0.013,0.025,-1,Echolocation,/mnt/ubna_data_02_mir/recover-20220922/UBNA_001/20220921_090000.WAV,Telephone Field,recover-20220922,001,1795
612.2285,612.267,68437,82001,Rhinolophus ferrumequinum,0.021,0.022,-1,Echolocation,/mnt/ubna_data_02_mir/recover-20220922/UBNA_001/20220921_090000.WAV,Telephone Field,recover-20220922,001,1795
612.2435,612.2538,29765,37640,Eptesicus serotinus,0.012,0.026,-1,Echolocation,/mnt/ubna_data_02_mir/recover-20220922/UBNA_001/20220921_090000.WAV,Telephone Field,recover-20220922,001,1795
612.2515,612.2889,68437,81622,Rhinolophus ferrumequinum,0.021,0.021,-1,Echolocation,/mnt/ubna_data_02_mir/recover-20220922/UBNA_001/20220921_090000.WAV,Telephone Field,recover-20220922,001,1795
612.2625,612.3009,68437,81842,Rhinolophus ferrumequinum,0.023,0.023,-1,Echolocation,/mnt/ubna_data_02_mir/recover-20220922/UBNA_001/20220921_090000.WAV,Telephone Field,recover-20220922,001,1795
612.2765,612.2881,22031,26976,Nyctalus leisleri,0.013,0.028,-1,Echolocation,/mnt/ubna_data_02_mir/recover-20220922/UBNA_001/20220921_090000.WAV,Telephone Field,recover-20220922,001,1795
612.2785,612.2851,28046,41673,Eptesicus serotinus,0.006,0.026,-1,Echolocation,/mnt/ubna_data_02_mir/recover-20220922/UBNA_001/20220921_090000.WAV,Telephone Field,recover-20220922,001,1795
612.2785,612.3196,68437,82970,Rhinolophus ferrumequinum,0.026,0.026,-1,Echolocation,/mnt/ubna_data_02_mir/recover-20220922/UBNA_001/20220921_090000.WAV,Telephone Field,recover-20220922,001,1795
612.2885,612.3275,68437,83068,Rhinolophus ferrumequinum,0.023,0.023,-1,Echolocation,/mnt/ubna_data_02_mir/recover-20220922/UBNA_001/20220921_090000.WAV,Telephone Field,recover-20220922,001,1795
612.3085,612.3191,23750,29204,Nyctalus leisleri,0.011,0.024,-1,Echolocation,/mnt/ubna_data_02_mir/recover-20220922/UBNA_001/20220921_090000.WAV,Telephone Field,recover-20220922,001,1795
612.3215,612.363,68437,82918,Rhinolophus ferrumequinum,0.024,0.024,-1,Echolocation,/mnt/ubna_data_02_mir/recover-20220922/UBNA_001/20220921_090000.WAV,Telephone Field,recover-20220922,001,1795
612.3445,612.3827,68437,82198,Rhinolophus ferrumequinum,0.021,0.021,-1,Echolocation,/mnt/ubna_data_02_mir/recover-20220922/UBNA_001/20220921_090000.WAV,Telephone Field,recover-20220922,001,1795
612.3505,612.3595,27187,35582,Eptesicus serotinus,0.012,0.03,-1,Echolocation,/mnt/ubna_data_02_mir/recover-20220922/UBNA_001/20220921_090000.WAV,Telephone Field,recover-20220922,001,1795
612.3595,612.3983,68437,82173,Rhinolophus ferrumequinum,0.023,0.023,-1,Echolocation,/mnt/ubna_data_02_mir/recover-20220922/UBNA_001/20220921_090000.WAV,Telephone Field,recover-20220922,001,1795
612.4655,612.5039,68437,82035,Rhinolophus ferrumequinum,0.021,0.022,-1,Echolocation,/mnt/ubna_data_02_mir/recover-20220922/UBNA_001/20220921_090000.WAV,Telephone Field,recover-20220922,001,1795
612.4875,612.5322,68437,83473,Rhinolophus ferrumequinum,0.076,0.076,-1,Echolocation,/mnt/ubna_data_02_mir/recover-20220922/UBNA_001/20220921_090000.WAV,Telephone Field,recover-20220922,001,1795
612.5085,612.5238,22031,25924,Nyctalus leisleri,0.015,0.027,-1,Echolocation,/mnt/ubna_data_02_mir/recover-20220922/UBNA_001/20220921_090000.WAV,Telephone Field,recover-20220922,001,1795
612.5335,612.5725,68437,82330,Rhinolophus ferrumequinum,0.023,0.023,-1,Echolocation,/mnt/ubna_data_02_mir/recover-20220922/UBNA_001/20220921_090000.WAV,Telephone Field,recover-20220922,001,1795
612.5455,612.5854,68437,82249,Rhinolophus ferrumequinum,0.022,0.022,-1,Echolocation,/mnt/ubna_data_02_mir/recover-20220922/UBNA_001/20220921_090000.WAV,Telephone Field,recover-20220922,001,1795
612.5685,612.605,68437,82062,Rhinolophus ferrumequinum,0.026,0.026,-1,Echolocation,/mnt/ubna_data_02_mir/recover-20220922/UBNA_001/20220921_090000.WAV,Telephone Field,recover-20220922,001,1795
612.5925,612.6311,68437,82495,Rhinolophus ferrumequinum,0.029,0.029,-1,Echolocation,/mnt/ubna_data_02_mir/recover-20220922/UBNA_001/20220921_090000.WAV,Telephone Field,recover-20220922,001,1795
612.6015,612.6408,68437,82677,Rhinolophus ferrumequinum,0.024,0.024,-1,Echolocation,/mnt/ubna_data_02_mir/recover-20220922/UBNA_001/20220921_090000.WAV,Telephone Field,recover-20220922,001,1795
612.6045,612.6137,28046,35833,Eptesicus serotinus,0.01,0.022,-1,Echolocation,/mnt/ubna_data_02_mir/recover-20220922/UBNA_001/20220921_090000.WAV,Telephone Field,recover-20220922,001,1795
612.6495,612.687,68437,81896,Rhinolophus ferrumequinum,0.027,0.027,-1,Echolocation,/mnt/ubna_data_02_mir/recover-20220922/UBNA_001/20220921_090000.WAV,Telephone Field,recover-20220922,001,1795
612.6565,612.6926,68437,81879,Rhinolophus ferrumequinum,0.023,0.023,-1,Echolocation,/mnt/ubna_data_02_mir/recover-20220922/UBNA_001/20220921_090000.WAV,Telephone Field,recover-20220922,001,1795
612.6715,612.6807,23750,30951,Nyctalus leisleri,0.007,0.022,-1,Echolocation,/mnt/ubna_data_02_mir/recover-20220922/UBNA_001/20220921_090000.WAV,Telephone Field,recover-20220922,001,1795
612.6935,612.7332,68437,82098,Rhinolophus ferrumequinum,0.034,0.034,-1,Echolocation,/mnt/ubna_data_02_mir/recover-20220922/UBNA_001/20220921_090000.WAV,Telephone Field,recover-20220922,001,1795
612.7215,612.7597,68437,81726,Rhinolophus ferrumequinum,0.025,0.025,-1,Echolocation,/mnt/ubna_data_02_mir/recover-20220922/UBNA_001/20220921_090000.WAV,Telephone Field,recover-20220922,001,1795
612.7515,612.7913,68437,82454,Rhinolophus ferrumequinum,0.024,0.024,-1,Echolocation,/mnt/ubna_data_02_mir/recover-20220922/UBNA_001/20220921_090000.WAV,Telephone Field,recover-20220922,001,1795
612.7735,612.8109,68437,81837,Rhinolophus ferrumequinum,0.024,0.024,-1,Echolocation,/mnt/ubna_data_02_mir/recover-20220922/UBNA_001/20220921_090000.WAV,Telephone Field,recover-20220922,001,1795
612.7755,612.7867,26328,33298,Eptesicus serotinus,0.015,0.032,-1,Echolocation,/mnt/ubna_data_02_mir/recover-20220922/UBNA_001/20220921_090000.WAV,Telephone Field,recover-20220922,001,1795
612.8355,612.8737,68437,81699,Rhinolophus ferrumequinum,0.023,0.023,-1,Echolocation,/mnt/ubna_data_02_mir/recover-20220922/UBNA_001/20220921_090000.WAV,Telephone Field,recover-20220922,001,1795
612.8435,612.8511,28046,40812,Eptesicus serotinus,0.009,0.024,-1,Echolocation,/mnt/ubna_data_02_mir/recover-20220922/UBNA_001/20220921_090000.WAV,Telephone Field,recover-20220922,001,1795
612.8625,612.8699,27187,39433,Eptesicus serotinus,0.006,0.022,-1,Echolocation,/mnt/ubna_data_02_mir/recover-20220922/UBNA_001/20220921_090000.WAV,Telephone Field,recover-20220922,001,1795
612.8645,612.8732,22890,30322,Plecotus austriacus,0.008,0.021,-1,Echolocation,/mnt/ubna_data_02_mir/recover-20220922/UBNA_001/20220921_090000.WAV,Telephone Field,recover-20220922,001,1795
612.8795,612.9177999999999,68437,82539,Rhinolophus ferrumequinum,0.025,0.025,-1,Echolocation,/mnt/ubna_data_02_mir/recover-20220922/UBNA_001/20220921_090000.WAV,Telephone Field,recover-20220922,001,1795
612.8855,612.8987,22031,26754,Nyctalus leisleri,0.014,0.027,-1,Echolocation,/mnt/ubna_data_02_mir/recover-20220922/UBNA_001/20220921_090000.WAV,Telephone Field,recover-20220922,001,1795
612.9005,612.9324,68437,81335,Rhinolophus ferrumequinum,0.027,0.027,-1,Echolocation,/mnt/ubna_data_02_mir/recover-20220922/UBNA_001/20220921_090000.WAV,Telephone Field,recover-20220922,001,1795
612.9245,612.9645,68437,83168,Rhinolophus ferrumequinum,0.029,0.029,-1,Echolocation,/mnt/ubna_data_02_mir/recover-20220922/UBNA_001/20220921_090000.WAV,Telephone Field,recover-20220922,001,1795
612.9275,612.9417,23750,29062,Nyctalus leisleri,0.015,0.031,-1,Echolocation,/mnt/ubna_data_02_mir/recover-20220922/UBNA_001/20220921_090000.WAV,Telephone Field,recover-20220922,001,1795
612.9405,612.9769,68437,81287,Rhinolophus ferrumequinum,0.023,0.023,-1,Echolocation,/mnt/ubna_data_02_mir/recover-20220922/UBNA_001/20220921_090000.WAV,Telephone Field,recover-20220922,001,1795
612.9475,612.956,25468,33772,Eptesicus serotinus,0.008,0.024,-1,Echolocation,/mnt/ubna_data_02_mir/recover-20220922/UBNA_001/20220921_090000.WAV,Telephone Field,recover-20220922,001,1795
612.9575,612.9969,68437,82782,Rhinolophus ferrumequinum,0.029,0.029,-1,Echolocation,/mnt/ubna_data_02_mir/recover-20220922/UBNA_001/20220921_090000.WAV,Telephone Field,recover-20220922,001,1795
612.9715,612.9816,22031,26641,Nyctalus leisleri,0.01,0.022,-1,Echolocation,/mnt/ubna_data_02_mir/recover-20220922/UBNA_001/20220921_090000.WAV,Telephone Field,recover-20220922,001,1795
612.9865,613.025,68437,82373,Rhinolophus ferrumequinum,0.032,0.032,-1,Echolocation,/mnt/ubna_data_02_mir/recover-20220922/UBNA_001/20220921_090000.WAV,Telephone Field,recover-20220922,001,1795
612.9965,613.0326,68437,81992,Rhinolophus ferrumequinum,0.023,0.023,-1,Echolocation,/mnt/ubna_data_02_mir/recover-20220922/UBNA_001/20220921_090000.WAV,Telephone Field,recover-20220922,001,1795
613.0265,613.0648,68437,82559,Rhinolophus ferrumequinum,0.024,0.024,-1,Echolocation,/mnt/ubna_data_02_mir/recover-20220922/UBNA_001/20220921_090000.WAV,Telephone Field,recover-20220922,001,1795
613.0535,613.06,28046,39566,Eptesicus serotinus,0.007,0.025,-1,Echolocation,/mnt/ubna_data_02_mir/recover-20220922/UBNA_001/20220921_090000.WAV,Telephone Field,recover-20220922,001,1795
613.0565,613.0948,68437,82336,Rhinolophus ferrumequinum,0.021,0.021,-1,Echolocation,/mnt/ubna_data_02_mir/recover-20220922/UBNA_001/20220921_090000.WAV,Telephone Field,recover-20220922,001,1795
613.0895,613.1297,68437,81939,Rhinolophus ferrumequinum,0.022,0.022,-1,Echolocation,/mnt/ubna_data_02_mir/recover-20220922/UBNA_001/20220921_090000.WAV,Telephone Field,recover-20220922,001,1795
613.1185,613.1571,68437,82226,Rhinolophus ferrumequinum,0.021,0.021,-1,Echolocation,/mnt/ubna_data_02_mir/recover-20220922/UBNA_001/20220921_090000.WAV,Telephone Field,recover-20220922,001,1795
613.1665,613.1998,68437,80665,Rhinolophus ferrumequinum,0.021,0.021,-1,Echolocation,/mnt/ubna_data_02_mir/recover-20220922/UBNA_001/20220921_090000.WAV,Telephone Field,recover-20220922,001,1795
613.1885,613.1962,28046,40659,Eptesicus serotinus,0.007,0.022,-1,Echolocation,/mnt/ubna_data_02_mir/recover-20220922/UBNA_001/20220921_090000.WAV,Telephone Field,recover-20220922,001,1795
613.1915,613.2359,68437,83382,Rhinolophus ferrumequinum,0.038,0.038,-1,Echolocation,/mnt/ubna_data_02_mir/recover-20220922/UBNA_001/20220921_090000.WAV,Telephone Field,recover-20220922,001,1795
613.2115,613.2513,68437,82222,Rhinolophus ferrumequinum,0.022,0.022,-1,Echolocation,/mnt/ubna_data_02_mir/recover-20220922/UBNA_001/20220921_090000.WAV,Telephone Field,recover-20220922,001,1795
613.2555,613.2941,68437,82323,Rhinolophus ferrumequinum,0.021,0.021,-1,Echolocation,/mnt/ubna_data_02_mir/recover-20220922/UBNA_001/20220921_090000.WAV,Telephone Field,recover-20220922,001,1795
613.2645,613.304,68437,82747,Rhinolophus ferrumequinum,0.027,0.027,-1,Echolocation,/mnt/ubna_data_02_mir/recover-20220922/UBNA_001/20220921_090000.WAV,Telephone Field,recover-20220922,001,1795
613.2895,613.331,68437,82954,Rhinolophus ferrumequinum,0.03,0.03,-1,Echolocation,/mnt/ubna_data_02_mir/recover-20220922/UBNA_001/20220921_090000.WAV,Telephone Field,recover-20220922,001,1795
613.3055,613.3166,24609,30190,Nyctalus leisleri,0.013,0.028,-1,Echolocation,/mnt/ubna_data_02_mir/recover-20220922/UBNA_001/20220921_090000.WAV,Telephone Field,recover-20220922,001,1795
613.3075,613.3451,68437,81750,Rhinolophus ferrumequinum,0.022,0.022,-1,Echolocation,/mnt/ubna_data_02_mir/recover-20220922/UBNA_001/20220921_090000.WAV,Telephone Field,recover-20220922,001,1795
613.3145,613.3527,68437,81594,Rhinolophus ferrumequinum,0.022,0.022,-1,Echolocation,/mnt/ubna_data_02_mir/recover-20220922/UBNA_001/20220921_090000.WAV,Telephone Field,recover-20220922,001,1795
613.3315,613.3698,68437,82247,Rhinolophus ferrumequinum,0.024,0.024,-1,Echolocation,/mnt/ubna_data_02_mir/recover-20220922/UBNA_001/20220921_090000.WAV,Telephone Field,recover-20220922,001,1795
613.3465,613.3871,68437,82429,Rhinolophus ferrumequinum,0.025,0.025,-1,Echolocation,/mnt/ubna_data_02_mir/recover-20220922/UBNA_001/20220921_090000.WAV,Telephone Field,recover-20220922,001,1795
613.3525,613.3932,68437,82410,Rhinolophus ferrumequinum,0.025,0.025,-1,Echolocation,/mnt/ubna_data_02_mir/recover-20220922/UBNA_001/20220921_090000.WAV,Telephone Field,recover-20220922,001,1795
613.3815,613.4252,68437,82972,Rhinolophus ferrumequinum,0.043,0.043,-1,Echolocation,/mnt/ubna_data_02_mir/recover-20220922/UBNA_001/20220921_090000.WAV,Telephone Field,recover-20220922,001,1795
613.4225,613.4644,68437,82753,Rhinolophus ferrumequinum,0.024,0.024,-1,Echolocation,/mnt/ubna_data_02_mir/recover-20220922/UBNA_001/20220921_090000.WAV,Telephone Field,recover-20220922,001,1795
613.4535,613.4937,68437,82636,Rhinolophus ferrumequinum,0.034,0.034,-1,Echolocation,/mnt/ubna_data_02_mir/recover-20220922/UBNA_001/20220921_090000.WAV,Telephone Field,recover-20220922,001,1795
613.4725,613.483,24609,31188,Nyctalus leisleri,0.009,0.025,-1,Echolocation,/mnt/ubna_data_02_mir/recover-20220922/UBNA_001/20220921_090000.WAV,Telephone Field,recover-20220922,001,1795
613.5185,613.5587,68437,82893,Rhinolophus ferrumequinum,0.029,0.029,-1,Echolocation,/mnt/ubna_data_02_mir/recover-20220922/UBNA_001/20220921_090000.WAV,Telephone Field,recover-20220922,001,1795
613.5815,613.6233,68437,82797,Rhinolophus ferrumequinum,0.023,0.023,-1,Echolocation,/mnt/ubna_data_02_mir/recover-20220922/UBNA_001/20220921_090000.WAV,Telephone Field,recover-20220922,001,1795
613.5845,613.5944,28906,36449,Eptesicus serotinus,0.009,0.024,-1,Echolocation,/mnt/ubna_data_02_mir/recover-20220922/UBNA_001/20220921_090000.WAV,Telephone Field,recover-20220922,001,1795
613.6215,613.6305,28046,38755,Eptesicus serotinus,0.009,0.023,-1,Echolocation,/mnt/ubna_data_02_mir/recover-20220922/UBNA_001/20220921_090000.WAV,Telephone Field,recover-20220922,001,1795
613.6215,613.6588,68437,82025,Rhinolophus ferrumequinum,0.023,0.023,-1,Echolocation,/mnt/ubna_data_02_mir/recover-20220922/UBNA_001/20220921_090000.WAV,Telephone Field,recover-20220922,001,1795
613.6315,613.6437,28906,34975,Eptesicus serotinus,0.017,0.031,-1,Echolocation,/mnt/ubna_data_02_mir/recover-20220922/UBNA_001/20220921_090000.WAV,Telephone Field,recover-20220922,001,1795
613.6415,613.6834,68437,83287,Rhinolophus ferrumequinum,0.028,0.028,-1,Echolocation,/mnt/ubna_data_02_mir/recover-20220922/UBNA_001/20220921_090000.WAV,Telephone Field,recover-20220922,001,1795
613.6595,613.6979,68437,82091,Rhinolophus ferrumequinum,0.021,0.021,-1,Echolocation,/mnt/ubna_data_02_mir/recover-20220922/UBNA_001/20220921_090000.WAV,Telephone Field,recover-20220922,001,1795
613.6625,613.6697,27187,39104,Eptesicus serotinus,0.008,0.023,-1,Echolocation,/mnt/ubna_data_02_mir/recover-20220922/UBNA_001/20220921_090000.WAV,Telephone Field,recover-20220922,001,1795
613.6745,613.6871,32343,38082,Eptesicus serotinus,0.009,0.023,-1,Echolocation,/mnt/ubna_data_02_mir/recover-20220922/UBNA_001/20220921_090000.WAV,Telephone Field,recover-20220922,001,1795
613.6785,613.7126,68437,81499,Rhinolophus ferrumequinum,0.023,0.023,-1,Echolocation,/mnt/ubna_data_02_mir/recover-20220922/UBNA_001/20220921_090000.WAV,Telephone Field,recover-20220922,001,1795
613.6975,613.7066,28046,39344,Eptesicus serotinus,0.009,0.022,-1,Echolocation,/mnt/ubna_data_02_mir/recover-20220922/UBNA_001/20220921_090000.WAV,Telephone Field,recover-20220922,001,1795
613.7135,613.7517,68437,82266,Rhinolophus ferrumequinum,0.024,0.024,-1,Echolocation,/mnt/ubna_data_02_mir/recover-20220922/UBNA_001/20220921_090000.WAV,Telephone Field,recover-20220922,001,1795
613.7275,613.7668,68437,82517,Rhinolophus ferrumequinum,0.025,0.025,-1,Echolocation,/mnt/ubna_data_02_mir/recover-20220922/UBNA_001/20220921_090000.WAV,Telephone Field,recover-20220922,001,1795
613.7295,613.74,28046,36868,Eptesicus serotinus,0.011,0.022,-1,Echolocation,/mnt/ubna_data_02_mir/recover-20220922/UBNA_001/20220921_090000.WAV,Telephone Field,recover-20220922,001,1795
613.7795,613.8216,68437,82589,Rhinolophus ferrumequinum,0.028,0.028,-1,Echolocation,/mnt/ubna_data_02_mir/recover-20220922/UBNA_001/20220921_090000.WAV,Telephone Field,recover-20220922,001,1795
613.7975,613.8375,68437,82686,Rhinolophus ferrumequinum,0.023,0.023,-1,Echolocation,/mnt/ubna_data_02_mir/recover-20220922/UBNA_001/20220921_090000.WAV,Telephone Field,recover-20220922,001,1795
613.8085,613.8465,68437,82293,Rhinolophus ferrumequinum,0.023,0.023,-1,Echolocation,/mnt/ubna_data_02_mir/recover-20220922/UBNA_001/20220921_090000.WAV,Telephone Field,recover-20220922,001,1795
613.8085,613.8167,28046,38790,Eptesicus serotinus,0.009,0.022,-1,Echolocation,/mnt/ubna_data_02_mir/recover-20220922/UBNA_001/20220921_090000.WAV,Telephone Field,recover-20220922,001,1795
613.8265,613.871,68437,82906,Rhinolophus ferrumequinum,0.041,0.041,-1,Echolocation,/mnt/ubna_data_02_mir/recover-20220922/UBNA_001/20220921_090000.WAV,Telephone Field,recover-20220922,001,1795
613.8375,613.8469,28906,40304,Eptesicus serotinus,0.008,0.022,-1,Echolocation,/mnt/ubna_data_02_mir/recover-20220922/UBNA_001/20220921_090000.WAV,Telephone Field,recover-20220922,001,1795
613.9105,613.9497,68437,82314,Rhinolophus ferrumequinum,0.025,0.025,-1,Echolocation,/mnt/ubna_data_02_mir/recover-20220922/UBNA_001/20220921_090000.WAV,Telephone Field,recover-20220922,001,1795
613.9155,613.9262,23750,30390,Nyctalus leisleri,0.011,0.028,-1,Echolocation,/mnt/ubna_data_02_mir/recover-20220922/UBNA_001/20220921_090000.WAV,Telephone Field,recover-20220922,001,1795
613.9215,613.9315,26328,32880,Eptesicus serotinus,0.011,0.027,-1,Echolocation,/mnt/ubna_data_02_mir/recover-20220922/UBNA_001/20220921_090000.WAV,Telephone Field,recover-20220922,001,1795
613.9285,613.9662,68437,81994,Rhinolophus ferrumequinum,0.022,0.022,-1,Echolocation,/mnt/ubna_data_02_mir/recover-20220922/UBNA_001/20220921_090000.WAV,Telephone Field,recover-20220922,001,1795
613.9575,613.9979,68437,82406,Rhinolophus ferrumequinum,0.027,0.027,-1,Echolocation,/mnt/ubna_data_02_mir/recover-20220922/UBNA_001/20220921_090000.WAV,Telephone Field,recover-20220922,001,1795
614.0015,614.0132,21171,26472,Nyctalus leisleri,0.012,0.027,-1,Echolocation,/mnt/ubna_data_02_mir/recover-20220922/UBNA_001/20220921_090000.WAV,Telephone Field,recover-20220922,001,1795
614.0015,614.0144,52109,58016,Pipistrellus pygmaeus,0.015,0.021,-1,Echolocation,/mnt/ubna_data_02_mir/recover-20220922/UBNA_001/20220921_090000.WAV,Telephone Field,recover-20220922,001,1795
614.0115,614.0538,68437,82509,Rhinolophus ferrumequinum,0.022,0.022,-1,Echolocation,/mnt/ubna_data_02_mir/recover-20220922/UBNA_001/20220921_090000.WAV,Telephone Field,recover-20220922,001,1795
614.0545,614.0638,27187,34602,Eptesicus serotinus,0.012,0.027,-1,Echolocation,/mnt/ubna_data_02_mir/recover-20220922/UBNA_001/20220921_090000.WAV,Telephone Field,recover-20220922,001,1795
614.0685,614.1067,68437,82037,Rhinolophus ferrumequinum,0.024,0.024,-1,Echolocation,/mnt/ubna_data_02_mir/recover-20220922/UBNA_001/20220921_090000.WAV,Telephone Field,recover-20220922,001,1795
614.0835,614.1232,68437,82977,Rhinolophus ferrumequinum,0.021,0.021,-1,Echolocation,/mnt/ubna_data_02_mir/recover-20220922/UBNA_001/20220921_090000.WAV,Telephone Field,recover-20220922,001,1795
614.1395,614.1808,68437,82307,Rhinolophus ferrumequinum,0.022,0.022,-1,Echolocation,/mnt/ubna_data_02_mir/recover-20220922/UBNA_001/20220921_090000.WAV,Telephone Field,recover-20220922,001,1795
614.1455,614.1552,23750,31017,Nyctalus leisleri,0.008,0.024,-1,Echolocation,/mnt/ubna_data_02_mir/recover-20220922/UBNA_001/20220921_090000.WAV,Telephone Field,recover-20220922,001,1795
614.1695,614.2051,68437,81128,Rhinolophus ferrumequinum,0.022,0.022,-1,Echolocation,/mnt/ubna_data_02_mir/recover-20220922/UBNA_001/20220921_090000.WAV,Telephone Field,recover-20220922,001,1795
614.1915,614.2291,68437,82082,Rhinolophus ferrumequinum,0.022,0.022,-1,Echolocation,/mnt/ubna_data_02_mir/recover-20220922/UBNA_001/20220921_090000.WAV,Telephone Field,recover-20220922,001,1795
614.1985,614.2084,27187,36616,Eptesicus serotinus,0.01,0.023,-1,Echolocation,/mnt/ubna_data_02_mir/recover-20220922/UBNA_001/20220921_090000.WAV,Telephone Field,recover-20220922,001,1795
614.2065,614.2176,26328,33371,Eptesicus serotinus,0.011,0.023,-1,Echolocation,/mnt/ubna_data_02_mir/recover-20220922/UBNA_001/20220921_090000.WAV,Telephone Field,recover-20220922,001,1795
614.2215,614.2308,44375,47984,Pipistrellus pipistrellus,0.021,0.023,-1,Echolocation,/mnt/ubna_data_02_mir/recover-20220922/UBNA_001/20220921_090000.WAV,Telephone Field,recover-20220922,001,1795
614.2235,614.2609,68437,81676,Rhinolophus ferrumequinum,0.022,0.023,-1,Echolocation,/mnt/ubna_data_02_mir/recover-20220922/UBNA_001/20220921_090000.WAV,Telephone Field,recover-20220922,001,1795
614.2435,614.2837,68437,82128,Rhinolophus ferrumequinum,0.024,0.024,-1,Echolocation,/mnt/ubna_data_02_mir/recover-20220922/UBNA_001/20220921_090000.WAV,Telephone Field,recover-20220922,001,1795
614.2645,614.3005,68437,82053,Rhinolophus ferrumequinum,0.023,0.023,-1,Echolocation,/mnt/ubna_data_02_mir/recover-20220922/UBNA_001/20220921_090000.WAV,Telephone Field,recover-20220922,001,1795
614.2705,614.3094,68437,82136,Rhinolophus ferrumequinum,0.022,0.022,-1,Echolocation,/mnt/ubna_data_02_mir/recover-20220922/UBNA_001/20220921_090000.WAV,Telephone Field,recover-20220922,001,1795
614.3005,614.3077,28046,41216,Eptesicus serotinus,0.007,0.021,-1,Echolocation,/mnt/ubna_data_02_mir/recover-20220922/UBNA_001/20220921_090000.WAV,Telephone Field,recover-20220922,001,1795
614.3205,614.3307,24609,31094,Nyctalus leisleri,0.008,0.022,-1,Echolocation,/mnt/ubna_data_02_mir/recover-20220922/UBNA_001/20220921_090000.WAV,Telephone Field,recover-20220922,001,1795
614.3455,614.3858,68437,82287,Rhinolophus ferrumequinum,0.023,0.023,-1,Echolocation,/mnt/ubna_data_02_mir/recover-20220922/UBNA_001/20220921_090000.WAV,Telephone Field,recover-20220922,001,1795
614.3765,614.3851,28046,40637,Eptesicus serotinus,0.009,0.025,-1,Echolocation,/mnt/ubna_data_02_mir/recover-20220922/UBNA_001/20220921_090000.WAV,Telephone Field,recover-20220922,001,1795
614.3845,614.3941,28906,37114,Eptesicus serotinus,0.008,0.022,-1,Echolocation,/mnt/ubna_data_02_mir/recover-20220922/UBNA_001/20220921_090000.WAV,Telephone Field,recover-20220922,001,1795
614.3865,614.4264,68437,82168,Rhinolophus ferrumequinum,0.023,0.023,-1,Echolocation,/mnt/ubna_data_02_mir/recover-20220922/UBNA_001/20220921_090000.WAV,Telephone Field,recover-20220922,001,1795
614.4665,614.5065,68437,81867,Rhinolophus ferrumequinum,0.023,0.023,-1,Echolocation,/mnt/ubna_data_02_mir/recover-20220922/UBNA_001/20220921_090000.WAV,Telephone Field,recover-20220922,001,1795
614.4885,614.5292,68437,82011,Rhinolophus ferrumequinum,0.026,0.026,-1,Echolocation,/mnt/ubna_data_02_mir/recover-20220922/UBNA_001/20220921_090000.WAV,Telephone Field,recover-20220922,001,1795
614.5115,614.5492,68437,81320,Rhinolophus ferrumequinum,0.021,0.021,-1,Echolocation,/mnt/ubna_data_02_mir/recover-20220922/UBNA_001/20220921_090000.WAV,Telephone Field,recover-20220922,001,1795
614.5385,614.5471,26328,33490,Nyctalus leisleri,0.008,0.026,-1,Echolocation,/mnt/ubna_data_02_mir/recover-20220922/UBNA_001/20220921_090000.WAV,Telephone Field,recover-20220922,001,1795
614.5425,614.5804,68437,81183,Rhinolophus ferrumequinum,0.026,0.026,-1,Echolocation,/mnt/ubna_data_02_mir/recover-20220922/UBNA_001/20220921_090000.WAV,Telephone Field,recover-20220922,001,1795
614.5475,614.5559,50390,55280,Pipistrellus pipistrellus,0.019,0.021,-1,Echolocation,/mnt/ubna_data_02_mir/recover-20220922/UBNA_001/20220921_090000.WAV,Telephone Field,recover-20220922,001,1795
614.5565,614.5684,30625,36709,Eptesicus serotinus,0.016,0.035,-1,Echolocation,/mnt/ubna_data_02_mir/recover-20220922/UBNA_001/20220921_090000.WAV,Telephone Field,recover-20220922,001,1795
614.5655,614.576,58125,63036,Pipistrellus pygmaeus,0.052,0.053,-1,Echolocation,/mnt/ubna_data_02_mir/recover-20220922/UBNA_001/20220921_090000.WAV,Telephone Field,recover-20220922,001,1795
614.6035,614.6438,68437,81784,Rhinolophus ferrumequinum,0.022,0.022,-1,Echolocation,/mnt/ubna_data_02_mir/recover-20220922/UBNA_001/20220921_090000.WAV,Telephone Field,recover-20220922,001,1795
614.6135,614.6252,23750,29389,Nyctalus leisleri,0.013,0.027,-1,Echolocation,/mnt/ubna_data_02_mir/recover-20220922/UBNA_001/20220921_090000.WAV,Telephone Field,recover-20220922,001,1795
614.6245,614.638,22890,27002,Nyctalus leisleri,0.016,0.028,-1,Echolocation,/mnt/ubna_data_02_mir/recover-20220922/UBNA_001/20220921_090000.WAV,Telephone Field,recover-20220922,001,1795
614.6365,614.6739,68437,81532,Rhinolophus ferrumequinum,0.022,0.022,-1,Echolocation,/mnt/ubna_data_02_mir/recover-20220922/UBNA_001/20220921_090000.WAV,Telephone Field,recover-20220922,001,1795
614.6465,614.6855,68437,81674,Rhinolophus ferrumequinum,0.022,0.022,-1,Echolocation,/mnt/ubna_data_02_mir/recover-20220922/UBNA_001/20220921_090000.WAV,Telephone Field,recover-20220922,001,1795
614.7205,614.7614,68437,82213,Rhinolophus ferrumequinum,0.024,0.024,-1,Echolocation,/mnt/ubna_data_02_mir/recover-20220922/UBNA_001/20220921_090000.WAV,Telephone Field,recover-20220922,001,1795
614.7375,614.7478,22031,28459,Plecotus austriacus,0.012,0.033,-1,Echolocation,/mnt/ubna_data_02_mir/recover-20220922/UBNA_001/20220921_090000.WAV,Telephone Field,recover-20220922,001,1795
614.7815,614.8186,68437,81551,Rhinolophus ferrumequinum,0.023,0.023,-1,Echolocation,/mnt/ubna_data_02_mir/recover-20220922/UBNA_001/20220921_090000.WAV,Telephone Field,recover-20220922,001,1795
614.7855,614.7953,25468,31731,Nyctalus leisleri,0.008,0.022,-1,Echolocation,/mnt/ubna_data_02_mir/recover-20220922/UBNA_001/20220921_090000.WAV,Telephone Field,recover-20220922,001,1795
614.8025,614.8108,28046,38386,Eptesicus serotinus,0.008,0.021,-1,Echolocation,/mnt/ubna_data_02_mir/recover-20220922/UBNA_001/20220921_090000.WAV,Telephone Field,recover-20220922,001,1795
614.8055,614.8474,68437,82474,Rhinolophus ferrumequinum,0.022,0.022,-1,Echolocation,/mnt/ubna_data_02_mir/recover-20220922/UBNA_001/20220921_090000.WAV,Telephone Field,recover-20220922,001,1795
614.8525,614.8919,68437,82402,Rhinolophus ferrumequinum,0.022,0.023,-1,Echolocation,/mnt/ubna_data_02_mir/recover-20220922/UBNA_001/20220921_090000.WAV,Telephone Field,recover-20220922,001,1795
614.9065,614.9168,28046,38759,Eptesicus serotinus,0.01,0.022,-1,Echolocation,/mnt/ubna_data_02_mir/recover-20220922/UBNA_001/20220921_090000.WAV,Telephone Field,recover-20220922,001,1795
614.9315,614.9749,68437,82769,Rhinolophus ferrumequinum,0.026,0.026,-1,Echolocation,/mnt/ubna_data_02_mir/recover-20220922/UBNA_001/20220921_090000.WAV,Telephone Field,recover-20220922,001,1795
614.9385,614.9485,27187,35620,Eptesicus serotinus,0.01,0.023,-1,Echolocation,/mnt/ubna_data_02_mir/recover-20220922/UBNA_001/20220921_090000.WAV,Telephone Field,recover-20220922,001,1795
614.9405,614.9834,68437,82890,Rhinolophus ferrumequinum,0.024,0.024,-1,Echolocation,/mnt/ubna_data_02_mir/recover-20220922/UBNA_001/20220921_090000.WAV,Telephone Field,recover-20220922,001,1795
614.9575,614.9988,68437,82329,Rhinolophus ferrumequinum,0.023,0.023,-1,Echolocation,/mnt/ubna_data_02_mir/recover-20220922/UBNA_001/20220921_090000.WAV,Telephone Field,recover-20220922,001,1795
614.9765,615.0134,68437,81026,Rhinolophus ferrumequinum,0.024,0.024,-1,Echolocation,/mnt/ubna_data_02_mir/recover-20220922/UBNA_001/20220921_090000.WAV,Telephone Field,recover-20220922,001,1795
615.0155,615.0541,68437,81591,Rhinolophus ferrumequinum,0.024,0.024,-1,Echolocation,/mnt/ubna_data_02_mir/recover-20220922/UBNA_001/20220921_090000.WAV,Telephone Field,recover-20220922,001,1795
615.0225,615.061,68437,81876,Rhinolophus ferrumequinum,0.024,0.024,-1,Echolocation,/mnt/ubna_data_02_mir/recover-20220922/UBNA_001/20220921_090000.WAV,Telephone Field,recover-20220922,001,1795
615.0345,615.0715,68437,80385,Rhinolophus ferrumequinum,0.021,0.021,-1,Echolocation,/mnt/ubna_data_02_mir/recover-20220922/UBNA_001/20220921_090000.WAV,Telephone Field,recover-20220922,001,1795
615.0725,615.1099,68437,81946,Rhinolophus ferrumequinum,0.024,0.024,-1,Echolocation,/mnt/ubna_data_02_mir/recover-20220922/UBNA_001/20220921_090000.WAV,Telephone Field,recover-20220922,001,1795
615.0825,615.1245,68437,82566,Rhinolophus ferrumequinum,0.024,0.024,-1,Echolocation,/mnt/ubna_data_02_mir/recover-20220922/UBNA_001/20220921_090000.WAV,Telephone Field,recover-20220922,001,1795
615.1335,615.1401,46953,52100,Pipistrellus pipistrellus,0.021,0.022,-1,Echolocation,/mnt/ubna_data_02_mir/recover-20220922/UBNA_001/20220921_090000.WAV,Telephone Field,recover-20220922,001,1795
615.1375,615.1453,24609,32817,Plecotus austriacus,0.011,0.027,-1,Echolocation,/mnt/ubna_data_02_mir/recover-20220922/UBNA_001/20220921_090000.WAV,Telephone Field,recover-20220922,001,1795
615.1735,615.2143,68437,82685,Rhinolophus ferrumequinum,0.025,0.025,-1,Echolocation,/mnt/ubna_data_02_mir/recover-20220922/UBNA_001/20220921_090000.WAV,Telephone Field,recover-20220922,001,1795
615.2035,615.2433,68437,82910,Rhinolophus ferrumequinum,0.028,0.028,-1,Echolocation,/mnt/ubna_data_02_mir/recover-20220922/UBNA_001/20220921_090000.WAV,Telephone Field,recover-20220922,001,1795
615.2175,615.2571,68437,82210,Rhinolophus ferrumequinum,0.022,0.022,-1,Echolocation,/mnt/ubna_data_02_mir/recover-20220922/UBNA_001/20220921_090000.WAV,Telephone Field,recover-20220922,001,1795
615.2475,615.2899,68437,82870,Rhinolophus ferrumequinum,0.023,0.023,-1,Echolocation,/mnt/ubna_data_02_mir/recover-20220922/UBNA_001/20220921_090000.WAV,Telephone Field,recover-20220922,001,1795
615.2705,615.2823,35781,41574,Pipistrellus nathusii,0.01,0.023,-1,Echolocation,/mnt/ubna_data_02_mir/recover-20220922/UBNA_001/20220921_090000.WAV,Telephone Field,recover-20220922,001,1795
615.2715,615.3152,68437,83001,Rhinolophus ferrumequinum,0.033,0.033,-1,Echolocation,/mnt/ubna_data_02_mir/recover-20220922/UBNA_001/20220921_090000.WAV,Telephone Field,recover-20220922,001,1795
615.2935,615.3327,68437,82146,Rhinolophus ferrumequinum,0.021,0.021,-1,Echolocation,/mnt/ubna_data_02_mir/recover-20220922/UBNA_001/20220921_090000.WAV,Telephone Field,recover-20220922,001,1795
615.2985,615.3385,68437,82037,Rhinolophus ferrumequinum,0.021,0.021,-1,Echolocation,/mnt/ubna_data_02_mir/recover-20220922/UBNA_001/20220921_090000.WAV,Telephone Field,recover-20220922,001,1795
615.3055,615.3449,68437,82310,Rhinolophus ferrumequinum,0.023,0.023,-1,Echolocation,/mnt/ubna_data_02_mir/recover-20220922/UBNA_001/20220921_090000.WAV,Telephone Field,recover-20220922,001,1795
615.3105,615.3488,68437,82232,Rhinolophus ferrumequinum,0.023,0.023,-1,Echolocation,/mnt/ubna_data_02_mir/recover-20220922/UBNA_001/20220921_090000.WAV,Telephone Field,recover-20220922,001,1795
615.3225,615.3331,28046,35416,Eptesicus serotinus,0.013,0.026,-1,Echolocation,/mnt/ubna_data_02_mir/recover-20220922/UBNA_001/20220921_090000.WAV,Telephone Field,recover-20220922,001,1795
615.3435,615.3508,28906,40863,Eptesicus serotinus,0.008,0.027,-1,Echolocation,/mnt/ubna_data_02_mir/recover-20220922/UBNA_001/20220921_090000.WAV,Telephone Field,recover-20220922,001,1795
615.3535,615.3955,68437,82403,Rhinolophus ferrumequinum,0.027,0.027,-1,Echolocation,/mnt/ubna_data_02_mir/recover-20220922/UBNA_001/20220921_090000.WAV,Telephone Field,recover-20220922,001,1795
615.3765,615.4143,68437,82155,Rhinolophus ferrumequinum,0.022,0.022,-1,Echolocation,/mnt/ubna_data_02_mir/recover-20220922/UBNA_001/20220921_090000.WAV,Telephone Field,recover-20220922,001,1795
615.3855,615.4259,68437,82008,Rhinolophus ferrumequinum,0.021,0.022,-1,Echolocation,/mnt/ubna_data_02_mir/recover-20220922/UBNA_001/20220921_090000.WAV,Telephone Field,recover-20220922,001,1795
615.4095,615.4229,23750,28728,Nyctalus leisleri,0.016,0.033,-1,Echolocation,/mnt/ubna_data_02_mir/recover-20220922/UBNA_001/20220921_090000.WAV,Telephone Field,recover-20220922,001,1795
615.4365,615.4466,22890,28176,Nyctalus leisleri,0.01,0.021,-1,Echolocation,/mnt/ubna_data_02_mir/recover-20220922/UBNA_001/20220921_090000.WAV,Telephone Field,recover-20220922,001,1795
615.4685,615.4793,22031,26067,Nyctalus leisleri,0.012,0.021,-1,Echolocation,/mnt/ubna_data_02_mir/recover-20220922/UBNA_001/20220921_090000.WAV,Telephone Field,recover-20220922,001,1795
615.4915,615.5369,68437,83410,Rhinolophus ferrumequinum,0.036,0.036,-1,Echolocation,/mnt/ubna_data_02_mir/recover-20220922/UBNA_001/20220921_090000.WAV,Telephone Field,recover-20220922,001,1795
615.5175,615.5299,22031,25995,Nyctalus leisleri,0.014,0.026,-1,Echolocation,/mnt/ubna_data_02_mir/recover-20220922/UBNA_001/20220921_090000.WAV,Telephone Field,recover-20220922,001,1795
615.5275,615.5453,20312,22999,Nyctalus leisleri,0.016,0.024,-1,Echolocation,/mnt/ubna_data_02_mir/recover-20220922/UBNA_001/20220921_090000.WAV,Telephone Field,recover-20220922,001,1795
615.5395,615.5806,68437,82494,Rhinolophus ferrumequinum,0.027,0.027,-1,Echolocation,/mnt/ubna_data_02_mir/recover-20220922/UBNA_001/20220921_090000.WAV,Telephone Field,recover-20220922,001,1795
615.5935,615.6016,23750,32723,Plecotus austriacus,0.009,0.023,-1,Echolocation,/mnt/ubna_data_02_mir/recover-20220922/UBNA_001/20220921_090000.WAV,Telephone Field,recover-20220922,001,1795
615.6285,615.6418,44375,47609,Pipistrellus pipistrellus,0.027,0.031,-1,Echolocation,/mnt/ubna_data_02_mir/recover-20220922/UBNA_001/20220921_090000.WAV,Telephone Field,recover-20220922,001,1795
615.6895,615.7004,51250,56771,Pipistrellus pipistrellus,0.028,0.035,-1,Echolocation,/mnt/ubna_data_02_mir/recover-20220922/UBNA_001/20220921_090000.WAV,Telephone Field,recover-20220922,001,1795
615.7405,615.758,23750,27767,Nyctalus leisleri,0.023,0.044,-1,Echolocation,/mnt/ubna_data_02_mir/recover-20220922/UBNA_001/20220921_090000.WAV,Telephone Field,recover-20220922,001,1795
615.7555,615.7956,68437,82072,Rhinolophus ferrumequinum,0.023,0.023,-1,Echolocation,/mnt/ubna_data_02_mir/recover-20220922/UBNA_001/20220921_090000.WAV,Telephone Field,recover-20220922,001,1795
615.7765,615.8184,68437,83017,Rhinolophus ferrumequinum,0.024,0.024,-1,Echolocation,/mnt/ubna_data_02_mir/recover-20220922/UBNA_001/20220921_090000.WAV,Telephone Field,recover-20220922,001,1795
615.8005,615.8416,68437,82737,Rhinolophus ferrumequinum,0.021,0.021,-1,Echolocation,/mnt/ubna_data_02_mir/recover-20220922/UBNA_001/20220921_090000.WAV,Telephone Field,recover-20220922,001,1795
615.8115,615.8197,25468,34080,Eptesicus serotinus,0.007,0.022,-1,Echolocation,/mnt/ubna_data_02_mir/recover-20220922/UBNA_001/20220921_090000.WAV,Telephone Field,recover-20220922,001,1795
615.8265,615.8646,68437,81975,Rhinolophus ferrumequinum,0.021,0.021,-1,Echolocation,/mnt/ubna_data_02_mir/recover-20220922/UBNA_001/20220921_090000.WAV,Telephone Field,recover-20220922,001,1795
615.8315,615.87,68437,82140,Rhinolophus ferrumequinum,0.021,0.021,-1,Echolocation,/mnt/ubna_data_02_mir/recover-20220922/UBNA_001/20220921_090000.WAV,Telephone Field,recover-20220922,001,1795
615.8445,615.8864,68437,83267,Rhinolophus ferrumequinum,0.029,0.029,-1,Echolocation,/mnt/ubna_data_02_mir/recover-20220922/UBNA_001/20220921_090000.WAV,Telephone Field,recover-20220922,001,1795
615.8785,615.9116,68437,81371,Rhinolophus ferrumequinum,0.021,0.021,-1,Echolocation,/mnt/ubna_data_02_mir/recover-20220922/UBNA_001/20220921_090000.WAV,Telephone Field,recover-20220922,001,1795
615.8855,615.8949,28906,37026,Eptesicus serotinus,0.008,0.023,-1,Echolocation,/mnt/ubna_data_02_mir/recover-20220922/UBNA_001/20220921_090000.WAV,Telephone Field,recover-20220922,001,1795
615.8945,615.9294,68437,80947,Rhinolophus ferrumequinum,0.021,0.021,-1,Echolocation,/mnt/ubna_data_02_mir/recover-20220922/UBNA_001/20220921_090000.WAV,Telephone Field,recover-20220922,001,1795
615.9045,615.9438,68437,82131,Rhinolophus ferrumequinum,0.023,0.023,-1,Echolocation,/mnt/ubna_data_02_mir/recover-20220922/UBNA_001/20220921_090000.WAV,Telephone Field,recover-20220922,001,1795
615.9235,615.9341,28906,36079,Eptesicus serotinus,0.009,0.022,-1,Echolocation,/mnt/ubna_data_02_mir/recover-20220922/UBNA_001/20220921_090000.WAV,Telephone Field,recover-20220922,001,1795
615.9405,615.981,68437,82941,Rhinolophus ferrumequinum,0.028,0.028,-1,Echolocation,/mnt/ubna_data_02_mir/recover-20220922/UBNA_001/20220921_090000.WAV,Telephone Field,recover-20220922,001,1795
615.9695,615.9762,24609,34668,Plecotus austriacus,0.009,0.023,-1,Echolocation,/mnt/ubna_data_02_mir/recover-20220922/UBNA_001/20220921_090000.WAV,Telephone Field,recover-20220922,001,1795
616.0015,616.029,69296,80809,Rhinolophus ferrumequinum,0.054,0.055,-1,Echolocation,/mnt/ubna_data_02_mir/recover-20220922/UBNA_001/20220921_090000.WAV,Telephone Field,recover-20220922,001,1795
616.0015,616.0097,23750,31640,Nyctalus leisleri,0.01,0.029,-1,Echolocation,/mnt/ubna_data_02_mir/recover-20220922/UBNA_001/20220921_090000.WAV,Telephone Field,recover-20220922,001,1795
616.0015,616.0148,17734,23010,Nyctalus noctula,0.015,0.034,-1,Echolocation,/mnt/ubna_data_02_mir/recover-20220922/UBNA_001/20220921_090000.WAV,Telephone Field,recover-20220922,001,1795
616.0205,616.0278,27187,36592,Eptesicus serotinus,0.006,0.022,-1,Echolocation,/mnt/ubna_data_02_mir/recover-20220922/UBNA_001/20220921_090000.WAV,Telephone Field,recover-20220922,001,1795
616.0285,616.0398,40937,46819,Pipistrellus nathusii,0.011,0.025,-1,Echolocation,/mnt/ubna_data_02_mir/recover-20220922/UBNA_001/20220921_090000.WAV,Telephone Field,recover-20220922,001,1795
616.0545,616.0958,68437,83088,Rhinolophus ferrumequinum,0.033,0.033,-1,Echolocation,/mnt/ubna_data_02_mir/recover-20220922/UBNA_001/20220921_090000.WAV,Telephone Field,recover-20220922,001,1795
616.0635,616.1033,68437,82143,Rhinolophus ferrumequinum,0.024,0.024,-1,Echolocation,/mnt/ubna_data_02_mir/recover-20220922/UBNA_001/20220921_090000.WAV,Telephone Field,recover-20220922,001,1795
616.0895,616.1313,68437,82593,Rhinolophus ferrumequinum,0.029,0.029,-1,Echolocation,/mnt/ubna_data_02_mir/recover-20220922/UBNA_001/20220921_090000.WAV,Telephone Field,recover-20220922,001,1795
616.1055,616.1129,23750,32293,Plecotus austriacus,0.009,0.022,-1,Echolocation,/mnt/ubna_data_02_mir/recover-20220922/UBNA_001/20220921_090000.WAV,Telephone Field,recover-20220922,001,1795
616.1105,616.1496,68437,82036,Rhinolophus ferrumequinum,0.026,0.026,-1,Echolocation,/mnt/ubna_data_02_mir/recover-20220922/UBNA_001/20220921_090000.WAV,Telephone Field,recover-20220922,001,1795
616.1245,616.1355,22031,26892,Nyctalus leisleri,0.01,0.022,-1,Echolocation,/mnt/ubna_data_02_mir/recover-20220922/UBNA_001/20220921_090000.WAV,Telephone Field,recover-20220922,001,1795
616.1785,616.2012,16875,20388,Nyctalus noctula,0.031,0.043,-1,Echolocation,/mnt/ubna_data_02_mir/recover-20220922/UBNA_001/20220921_090000.WAV,Telephone Field,recover-20220922,001,1795
616.2055,616.2443,68437,82190,Rhinolophus ferrumequinum,0.022,0.022,-1,Echolocation,/mnt/ubna_data_02_mir/recover-20220922/UBNA_001/20220921_090000.WAV,Telephone Field,recover-20220922,001,1795
616.2305,616.2419,28906,36220,Eptesicus serotinus,0.012,0.024,-1,Echolocation,/mnt/ubna_data_02_mir/recover-20220922/UBNA_001/20220921_090000.WAV,Telephone Field,recover-20220922,001,1795
616.2405,616.278,68437,82523,Rhinolophus ferrumequinum,0.023,0.023,-1,Echolocation,/mnt/ubna_data_02_mir/recover-20220922/UBNA_001/20220921_090000.WAV,Telephone Field,recover-20220922,001,1795
616.2485,616.2682,19453,22579,Nyctalus leisleri,0.015,0.028,-1,Echolocation,/mnt/ubna_data_02_mir/recover-20220922/UBNA_001/20220921_090000.WAV,Telephone Field,recover-20220922,001,1795
616.2795,616.2944,37500,40928,Pipistrellus nathusii,0.044,0.054,-1,Echolocation,/mnt/ubna_data_02_mir/recover-20220922/UBNA_001/20220921_090000.WAV,Telephone Field,recover-20220922,001,1795
616.2795,616.3172,68437,82206,Rhinolophus ferrumequinum,0.022,0.022,-1,Echolocation,/mnt/ubna_data_02_mir/recover-20220922/UBNA_001/20220921_090000.WAV,Telephone Field,recover-20220922,001,1795
616.2805,616.2901,23750,31538,Eptesicus serotinus,0.007,0.024,-1,Echolocation,/mnt/ubna_data_02_mir/recover-20220922/UBNA_001/20220921_090000.WAV,Telephone Field,recover-20220922,001,1795
616.3325,616.3729,68437,83134,Rhinolophus ferrumequinum,0.036,0.036,-1,Echolocation,/mnt/ubna_data_02_mir/recover-20220922/UBNA_001/20220921_090000.WAV,Telephone Field,recover-20220922,001,1795
616.3475,616.3864,68437,82077,Rhinolophus ferrumequinum,0.023,0.023,-1,Echolocation,/mnt/ubna_data_02_mir/recover-20220922/UBNA_001/20220921_090000.WAV,Telephone Field,recover-20220922,001,1795
616.3535,616.3612,27187,36908,Eptesicus serotinus,0.011,0.033,-1,Echolocation,/mnt/ubna_data_02_mir/recover-20220922/UBNA_001/20220921_090000.WAV,Telephone Field,recover-20220922,001,1795
616.3635,616.4026,68437,82033,Rhinolophus ferrumequinum,0.024,0.024,-1,Echolocation,/mnt/ubna_data_02_mir/recover-20220922/UBNA_001/20220921_090000.WAV,Telephone Field,recover-20220922,001,1795
616.3715,616.4086,68437,82322,Rhinolophus ferrumequinum,0.022,0.022,-1,Echolocation,/mnt/ubna_data_02_mir/recover-20220922/UBNA_001/20220921_090000.WAV,Telephone Field,recover-20220922,001,1795
616.3865,616.4274,68437,82785,Rhinolophus ferrumequinum,0.023,0.023,-1,Echolocation,/mnt/ubna_data_02_mir/recover-20220922/UBNA_001/20220921_090000.WAV,Telephone Field,recover-20220922,001,1795
616.4095,616.4455,68437,81642,Rhinolophus ferrumequinum,0.022,0.022,-1,Echolocation,/mnt/ubna_data_02_mir/recover-20220922/UBNA_001/20220921_090000.WAV,Telephone Field,recover-20220922,001,1795
616.4305,616.4673,68437,82221,Rhinolophus ferrumequinum,0.025,0.025,-1,Echolocation,/mnt/ubna_data_02_mir/recover-20220922/UBNA_001/20220921_090000.WAV,Telephone Field,recover-20220922,001,1795
616.4415,616.4527,25468,31866,Eptesicus serotinus,0.011,0.031,-1,Echolocation,/mnt/ubna_data_02_mir/recover-20220922/UBNA_001/20220921_090000.WAV,Telephone Field,recover-20220922,001,1795
616.4885,616.5248,68437,82088,Rhinolophus ferrumequinum,0.023,0.023,-1,Echolocation,/mnt/ubna_data_02_mir/recover-20220922/UBNA_001/20220921_090000.WAV,Telephone Field,recover-20220922,001,1795
616.4895,616.4991,25468,34728,Eptesicus serotinus,0.009,0.025,-1,Echolocation,/mnt/ubna_data_02_mir/recover-20220922/UBNA_001/20220921_090000.WAV,Telephone Field,recover-20220922,001,1795
616.5115,616.5531,68437,82954,Rhinolophus ferrumequinum,0.026,0.026,-1,Echolocation,/mnt/ubna_data_02_mir/recover-20220922/UBNA_001/20220921_090000.WAV,Telephone Field,recover-20220922,001,1795
616.5335,616.5738,68437,83127,Rhinolophus ferrumequinum,0.034,0.034,-1,Echolocation,/mnt/ubna_data_02_mir/recover-20220922/UBNA_001/20220921_090000.WAV,Telephone Field,recover-20220922,001,1795
616.5535,616.5957,68437,82856,Rhinolophus ferrumequinum,0.025,0.025,-1,Echolocation,/mnt/ubna_data_02_mir/recover-20220922/UBNA_001/20220921_090000.WAV,Telephone Field,recover-20220922,001,1795
616.6395,616.6779,68437,82500,Rhinolophus ferrumequinum,0.022,0.022,-1,Echolocation,/mnt/ubna_data_02_mir/recover-20220922/UBNA_001/20220921_090000.WAV,Telephone Field,recover-20220922,001,1795
616.6695,616.7094,68437,81969,Rhinolophus ferrumequinum,0.024,0.024,-1,Echolocation,/mnt/ubna_data_02_mir/recover-20220922/UBNA_001/20220921_090000.WAV,Telephone Field,recover-20220922,001,1795
616.6765,616.7182,68437,82707,Rhinolophus ferrumequinum,0.023,0.023,-1,Echolocation,/mnt/ubna_data_02_mir/recover-20220922/UBNA_001/20220921_090000.WAV,Telephone Field,recover-20220922,001,1795
616.6815,616.6935,56406,61344,Pipistrellus pygmaeus,0.022,0.023,-1,Echolocation,/mnt/ubna_data_02_mir/recover-20220922/UBNA_001/20220921_090000.WAV,Telephone Field,recover-20220922,001,1795
616.7735,616.8123,68437,82035,Rhinolophus ferrumequinum,0.022,0.023,-1,Echolocation,/mnt/ubna_data_02_mir/recover-20220922/UBNA_001/20220921_090000.WAV,Telephone Field,recover-20220922,001,1795
616.7755,616.7862,32343,38467,Eptesicus serotinus,0.008,0.028,-1,Echolocation,/mnt/ubna_data_02_mir/recover-20220922/UBNA_001/20220921_090000.WAV,Telephone Field,recover-20220922,001,1795
616.7925,616.8285,68437,81452,Rhinolophus ferrumequinum,0.023,0.023,-1,Echolocation,/mnt/ubna_data_02_mir/recover-20220922/UBNA_001/20220921_090000.WAV,Telephone Field,recover-20220922,001,1795
616.8115,616.8527,68437,82853,Rhinolophus ferrumequinum,0.026,0.026,-1,Echolocation,/mnt/ubna_data_02_mir/recover-20220922/UBNA_001/20220921_090000.WAV,Telephone Field,recover-20220922,001,1795
616.8165,616.8224,48671,52805,Pipistrellus pipistrellus,0.024,0.025,-1,Echolocation,/mnt/ubna_data_02_mir/recover-20220922/UBNA_001/20220921_090000.WAV,Telephone Field,recover-20220922,001,1795
616.8425,616.8528,26328,34393,Eptesicus serotinus,0.019,0.038,-1,Echolocation,/mnt/ubna_data_02_mir/recover-20220922/UBNA_001/20220921_090000.WAV,Telephone Field,recover-20220922,001,1795
616.8695,616.8811,29765,36900,Eptesicus serotinus,0.025,0.046,-1,Echolocation,/mnt/ubna_data_02_mir/recover-20220922/UBNA_001/20220921_090000.WAV,Telephone Field,recover-20220922,001,1795
616.8705,616.8783,49531,53474,Pipistrellus pipistrellus,0.024,0.027,-1,Echolocation,/mnt/ubna_data_02_mir/recover-20220922/UBNA_001/20220921_090000.WAV,Telephone Field,recover-20220922,001,1795
616.8715,616.8852,15156,21239,Nyctalus noctula,0.015,0.022,-1,Echolocation,/mnt/ubna_data_02_mir/recover-20220922/UBNA_001/20220921_090000.WAV,Telephone Field,recover-20220922,001,1795
616.8725,616.9105,68437,82202,Rhinolophus ferrumequinum,0.023,0.023,-1,Echolocation,/mnt/ubna_data_02_mir/recover-20220922/UBNA_001/20220921_090000.WAV,Telephone Field,recover-20220922,001,1795
616.9185,616.9571,68437,82009,Rhinolophus ferrumequinum,0.022,0.022,-1,Echolocation,/mnt/ubna_data_02_mir/recover-20220922/UBNA_001/20220921_090000.WAV,Telephone Field,recover-20220922,001,1795
616.9195,616.9267,23750,32616,Plecotus austriacus,0.012,0.026,-1,Echolocation,/mnt/ubna_data_02_mir/recover-20220922/UBNA_001/20220921_090000.WAV,Telephone Field,recover-20220922,001,1795
616.9665,617.0024,68437,82107,Rhinolophus ferrumequinum,0.022,0.022,-1,Echolocation,/mnt/ubna_data_02_mir/recover-20220922/UBNA_001/20220921_090000.WAV,Telephone Field,recover-20220922,001,1795
616.9745,617.0144,68437,82905,Rhinolophus ferrumequinum,0.024,0.024,-1,Echolocation,/mnt/ubna_data_02_mir/recover-20220922/UBNA_001/20220921_090000.WAV,Telephone Field,recover-20220922,001,1795
616.9825,617.0235,68437,83336,Rhinolophus ferrumequinum,0.026,0.026,-1,Echolocation,/mnt/ubna_data_02_mir/recover-20220922/UBNA_001/20220921_090000.WAV,Telephone Field,recover-20220922,001,1795
617.0075,617.0472,68437,82287,Rhinolophus ferrumequinum,0.022,0.022,-1,Echolocation,/mnt/ubna_data_02_mir/recover-20220922/UBNA_001/20220921_090000.WAV,Telephone Field,recover-20220922,001,1795
617.0425,617.0509,28046,37155,Eptesicus serotinus,0.01,0.028,-1,Echolocation,/mnt/ubna_data_02_mir/recover-20220922/UBNA_001/20220921_090000.WAV,Telephone Field,recover-20220922,001,1795
617.0485,617.084,68437,80844,Rhinolophus ferrumequinum,0.021,0.022,-1,Echolocation,/mnt/ubna_data_02_mir/recover-20220922/UBNA_001/20220921_090000.WAV,Telephone Field,recover-20220922,001,1795
617.0845,617.0954,50390,54535,Pipistrellus pipistrellus,0.032,0.038,-1,Echolocation,/mnt/ubna_data_02_mir/recover-20220922/UBNA_001/20220921_090000.WAV,Telephone Field,recover-20220922,001,1795
617.0915,617.0998,27187,38774,Eptesicus serotinus,0.008,0.023,-1,Echolocation,/mnt/ubna_data_02_mir/recover-20220922/UBNA_001/20220921_090000.WAV,Telephone Field,recover-20220922,001,1795
617.1335,617.1463,24609,30591,Nyctalus leisleri,0.011,0.026,-1,Echolocation,/mnt/ubna_data_02_mir/recover-20220922/UBNA_001/20220921_090000.WAV,Telephone Field,recover-20220922,001,1795
617.1435,617.1841,68437,82577,Rhinolophus ferrumequinum,0.024,0.024,-1,Echolocation,/mnt/ubna_data_02_mir/recover-20220922/UBNA_001/20220921_090000.WAV,Telephone Field,recover-20220922,001,1795
617.1915,617.2301,68437,81752,Rhinolophus ferrumequinum,0.022,0.022,-1,Echolocation,/mnt/ubna_data_02_mir/recover-20220922/UBNA_001/20220921_090000.WAV,Telephone Field,recover-20220922,001,1795
617.2035,617.2103,27187,37805,Eptesicus serotinus,0.008,0.027,-1,Echolocation,/mnt/ubna_data_02_mir/recover-20220922/UBNA_001/20220921_090000.WAV,Telephone Field,recover-20220922,001,1795
617.2235000000001,617.2624,68437,82925,Rhinolophus ferrumequinum,0.024,0.024,-1,Echolocation,/mnt/ubna_data_02_mir/recover-20220922/UBNA_001/20220921_090000.WAV,Telephone Field,recover-20220922,001,1795
617.2635,617.2739,22890,27638,Nyctalus leisleri,0.012,0.023,-1,Echolocation,/mnt/ubna_data_02_mir/recover-20220922/UBNA_001/20220921_090000.WAV,Telephone Field,recover-20220922,001,1795
617.2764999999999,617.2848,27187,39651,Eptesicus serotinus,0.009,0.026,-1,Echolocation,/mnt/ubna_data_02_mir/recover-20220922/UBNA_001/20220921_090000.WAV,Telephone Field,recover-20220922,001,1795
617.2865,617.3265,68437,82406,Rhinolophus ferrumequinum,0.023,0.023,-1,Echolocation,/mnt/ubna_data_02_mir/recover-20220922/UBNA_001/20220921_090000.WAV,Telephone Field,recover-20220922,001,1795
617.2905,617.3001,25468,32802,Eptesicus serotinus,0.009,0.025,-1,Echolocation,/mnt/ubna_data_02_mir/recover-20220922/UBNA_001/20220921_090000.WAV,Telephone Field,recover-20220922,001,1795
617.3185,617.3581,68437,81937,Rhinolophus ferrumequinum,0.022,0.022,-1,Echolocation,/mnt/ubna_data_02_mir/recover-20220922/UBNA_001/20220921_090000.WAV,Telephone Field,recover-20220922,001,1795
617.3295,617.3362,27187,40125,Eptesicus serotinus,0.006,0.023,-1,Echolocation,/mnt/ubna_data_02_mir/recover-20220922/UBNA_001/20220921_090000.WAV,Telephone Field,recover-20220922,001,1795
617.3525,617.3937,68437,82169,Rhinolophus ferrumequinum,0.033,0.033,-1,Echolocation,/mnt/ubna_data_02_mir/recover-20220922/UBNA_001/20220921_090000.WAV,Telephone Field,recover-20220922,001,1795
617.3775,617.4164,68437,81422,Rhinolophus ferrumequinum,0.024,0.024,-1,Echolocation,/mnt/ubna_data_02_mir/recover-20220922/UBNA_001/20220921_090000.WAV,Telephone Field,recover-20220922,001,1795
617.3805,617.3889,26328,35687,Eptesicus serotinus,0.008,0.024,-1,Echolocation,/mnt/ubna_data_02_mir/recover-20220922/UBNA_001/20220921_090000.WAV,Telephone Field,recover-20220922,001,1795
617.3985,617.4367,68437,82409,Rhinolophus ferrumequinum,0.022,0.022,-1,Echolocation,/mnt/ubna_data_02_mir/recover-20220922/UBNA_001/20220921_090000.WAV,Telephone Field,recover-20220922,001,1795
617.4135,617.4516,68437,82309,Rhinolophus ferrumequinum,0.022,0.022,-1,Echolocation,/mnt/ubna_data_02_mir/recover-20220922/UBNA_001/20220921_090000.WAV,Telephone Field,recover-20220922,001,1795
617.4445,617.4615,20312,23208,Nyctalus leisleri,0.017,0.027,-1,Echolocation,/mnt/ubna_data_02_mir/recover-20220922/UBNA_001/20220921_090000.WAV,Telephone Field,recover-20220922,001,1795
617.4625,617.4738,29765,36732,Eptesicus serotinus,0.011,0.024,-1,Echolocation,/mnt/ubna_data_02_mir/recover-20220922/UBNA_001/20220921_090000.WAV,Telephone Field,recover-20220922,001,1795
617.4765,617.5107,68437,81425,Rhinolophus ferrumequinum,0.029,0.03,-1,Echolocation,/mnt/ubna_data_02_mir/recover-20220922/UBNA_001/20220921_090000.WAV,Telephone Field,recover-20220922,001,1795
617.5025,617.511,26328,34189,Eptesicus serotinus,0.01,0.026,-1,Echolocation,/mnt/ubna_data_02_mir/recover-20220922/UBNA_001/20220921_090000.WAV,Telephone Field,recover-20220922,001,1795
617.5035,617.5403,68437,82219,Rhinolophus ferrumequinum,0.022,0.022,-1,Echolocation,/mnt/ubna_data_02_mir/recover-20220922/UBNA_001/20220921_090000.WAV,Telephone Field,recover-20220922,001,1795
617.5845,617.593,25468,35433,Eptesicus serotinus,0.008,0.022,-1,Echolocation,/mnt/ubna_data_02_mir/recover-20220922/UBNA_001/20220921_090000.WAV,Telephone Field,recover-20220922,001,1795
617.5965,617.6362,68437,82636,Rhinolophus ferrumequinum,0.023,0.023,-1,Echolocation,/mnt/ubna_data_02_mir/recover-20220922/UBNA_001/20220921_090000.WAV,Telephone Field,recover-20220922,001,1795
617.6405,617.6495,26328,34679,Eptesicus serotinus,0.009,0.022,-1,Echolocation,/mnt/ubna_data_02_mir/recover-20220922/UBNA_001/20220921_090000.WAV,Telephone Field,recover-20220922,001,1795
617.7225,617.7308,28046,39329,Eptesicus serotinus,0.008,0.023,-1,Echolocation,/mnt/ubna_data_02_mir/recover-20220922/UBNA_001/20220921_090000.WAV,Telephone Field,recover-20220922,001,1795
617.7345,617.7753,68437,82885,Rhinolophus ferrumequinum,0.043,0.043,-1,Echolocation,/mnt/ubna_data_02_mir/recover-20220922/UBNA_001/20220921_090000.WAV,Telephone Field,recover-20220922,001,1795
617.7555,617.7944,68437,81854,Rhinolophus ferrumequinum,0.022,0.022,-1,Echolocation,/mnt/ubna_data_02_mir/recover-20220922/UBNA_001/20220921_090000.WAV,Telephone Field,recover-20220922,001,1795
617.7855,617.8276,68437,83850,Rhinolophus ferrumequinum,0.032,0.032,-1,Echolocation,/mnt/ubna_data_02_mir/recover-20220922/UBNA_001/20220921_090000.WAV,Telephone Field,recover-20220922,001,1795
617.8055,617.8429,68437,81378,Rhinolophus ferrumequinum,0.022,0.022,-1,Echolocation,/mnt/ubna_data_02_mir/recover-20220922/UBNA_001/20220921_090000.WAV,Telephone Field,recover-20220922,001,1795
617.8085,617.8187,27187,34587,Eptesicus serotinus,0.01,0.022,-1,Echolocation,/mnt/ubna_data_02_mir/recover-20220922/UBNA_001/20220921_090000.WAV,Telephone Field,recover-20220922,001,1795
617.8815,617.8901,28046,39805,Eptesicus serotinus,0.008,0.022,-1,Echolocation,/mnt/ubna_data_02_mir/recover-20220922/UBNA_001/20220921_090000.WAV,Telephone Field,recover-20220922,001,1795
617.8845,617.9253,68437,83027,Rhinolophus ferrumequinum,0.028,0.028,-1,Echolocation,/mnt/ubna_data_02_mir/recover-20220922/UBNA_001/20220921_090000.WAV,Telephone Field,recover-20220922,001,1795
617.8945,617.9042,27187,35197,Eptesicus serotinus,0.014,0.027,-1,Echolocation,/mnt/ubna_data_02_mir/recover-20220922/UBNA_001/20220921_090000.WAV,Telephone Field,recover-20220922,001,1795
617.9025,617.9422,68437,82644,Rhinolophus ferrumequinum,0.033,0.033,-1,Echolocation,/mnt/ubna_data_02_mir/recover-20220922/UBNA_001/20220921_090000.WAV,Telephone Field,recover-20220922,001,1795
617.9315,617.9422,28906,35427,Eptesicus serotinus,0.01,0.023,-1,Echolocation,/mnt/ubna_data_02_mir/recover-20220922/UBNA_001/20220921_090000.WAV,Telephone Field,recover-20220922,001,1795
617.9395,617.9508,22890,27802,Nyctalus leisleri,0.012,0.024,-1,Echolocation,/mnt/ubna_data_02_mir/recover-20220922/UBNA_001/20220921_090000.WAV,Telephone Field,recover-20220922,001,1795
617.9835,617.9932,23750,31269,Nyctalus leisleri,0.009,0.026,-1,Echolocation,/mnt/ubna_data_02_mir/recover-20220922/UBNA_001/20220921_090000.WAV,Telephone Field,recover-20220922,001,1795
618.0015,618.0336,68437,80555,Rhinolophus ferrumequinum,0.055,0.055,-1,Echolocation,/mnt/ubna_data_02_mir/recover-20220922/UBNA_001/20220921_090000.WAV,Telephone Field,recover-20220922,001,1795
618.0015,618.0134,22890,28702,Nyctalus leisleri,0.014,0.029,-1,Echolocation,/mnt/ubna_data_02_mir/recover-20220922/UBNA_001/20220921_090000.WAV,Telephone Field,recover-20220922,001,1795
618.0075,618.0485,68437,81892,Rhinolophus ferrumequinum,0.023,0.023,-1,Echolocation,/mnt/ubna_data_02_mir/recover-20220922/UBNA_001/20220921_090000.WAV,Telephone Field,recover-20220922,001,1795
618.0155,618.0253,28046,37714,Eptesicus serotinus,0.026,0.043,-1,Echolocation,/mnt/ubna_data_02_mir/recover-20220922/UBNA_001/20220921_090000.WAV,Telephone Field,recover-20220922,001,1795
618.0365,618.0749,68437,82083,Rhinolophus ferrumequinum,0.025,0.025,-1,Echolocation,/mnt/ubna_data_02_mir/recover-20220922/UBNA_001/20220921_090000.WAV,Telephone Field,recover-20220922,001,1795
618.0455,618.0848,68437,81764,Rhinolophus ferrumequinum,0.025,0.025,-1,Echolocation,/mnt/ubna_data_02_mir/recover-20220922/UBNA_001/20220921_090000.WAV,Telephone Field,recover-20220922,001,1795
618.0565,618.0654,24609,32648,Nyctalus leisleri,0.006,0.023,-1,Echolocation,/mnt/ubna_data_02_mir/recover-20220922/UBNA_001/20220921_090000.WAV,Telephone Field,recover-20220922,001,1795
618.0695,618.1079,68437,81574,Rhinolophus ferrumequinum,0.021,0.021,-1,Echolocation,/mnt/ubna_data_02_mir/recover-20220922/UBNA_001/20220921_090000.WAV,Telephone Field,recover-20220922,001,1795
618.1115,618.1526,68437,82185,Rhinolophus ferrumequinum,0.021,0.022,-1,Echolocation,/mnt/ubna_data_02_mir/recover-20220922/UBNA_001/20220921_090000.WAV,Telephone Field,recover-20220922,001,1795
618.1185,618.1582,68437,82421,Rhinolophus ferrumequinum,0.02,0.02,-1,Echolocation,/mnt/ubna_data_02_mir/recover-20220922/UBNA_001/20220921_090000.WAV,Telephone Field,recover-20220922,001,1795
618.1315,618.1388,47812,55707,Pipistrellus pipistrellus,0.021,0.023,-1,Echolocation,/mnt/ubna_data_02_mir/recover-20220922/UBNA_001/20220921_090000.WAV,Telephone Field,recover-20220922,001,1795
618.1495,618.1624,14296,20267,Nyctalus noctula,0.026,0.037,-1,Echolocation,/mnt/ubna_data_02_mir/recover-20220922/UBNA_001/20220921_090000.WAV,Telephone Field,recover-20220922,001,1795
618.1645,618.2015,68437,81809,Rhinolophus ferrumequinum,0.021,0.021,-1,Echolocation,/mnt/ubna_data_02_mir/recover-20220922/UBNA_001/20220921_090000.WAV,Telephone Field,recover-20220922,001,1795
618.1715,618.2106,68437,82218,Rhinolophus ferrumequinum,0.02,0.02,-1,Echolocation,/mnt/ubna_data_02_mir/recover-20220922/UBNA_001/20220921_090000.WAV,Telephone Field,recover-20220922,001,1795
618.1835,618.1934,27187,35433,Eptesicus serotinus,0.009,0.02,-1,Echolocation,/mnt/ubna_data_02_mir/recover-20220922/UBNA_001/20220921_090000.WAV,Telephone Field,recover-20220922,001,1795
618.2215,618.2601,68437,82092,Rhinolophus ferrumequinum,0.022,0.022,-1,Echolocation,/mnt/ubna_data_02_mir/recover-20220922/UBNA_001/20220921_090000.WAV,Telephone Field,recover-20220922,001,1795
618.2415,618.2535,28046,34541,Eptesicus serotinus,0.012,0.024,-1,Echolocation,/mnt/ubna_data_02_mir/recover-20220922/UBNA_001/20220921_090000.WAV,Telephone Field,recover-20220922,001,1795
618.2445,618.2862,68437,82937,Rhinolophus ferrumequinum,0.027,0.027,-1,Echolocation,/mnt/ubna_data_02_mir/recover-20220922/UBNA_001/20220921_090000.WAV,Telephone Field,recover-20220922,001,1795
618.2625,618.2755,24609,30083,Nyctalus leisleri,0.012,0.028,-1,Echolocation,/mnt/ubna_data_02_mir/recover-20220922/UBNA_001/20220921_090000.WAV,Telephone Field,recover-20220922,001,1795
618.2675,618.2809,25468,30742,Nyctalus leisleri,0.011,0.028,-1,Echolocation,/mnt/ubna_data_02_mir/recover-20220922/UBNA_001/20220921_090000.WAV,Telephone Field,recover-20220922,001,1795
618.2745,618.2858,49531,53252,Pipistrellus pipistrellus,0.028,0.031,-1,Echolocation,/mnt/ubna_data_02_mir/recover-20220922/UBNA_001/20220921_090000.WAV,Telephone Field,recover-20220922,001,1795
618.2995,618.3204,17734,21352,Nyctalus noctula,0.02,0.03,-1,Echolocation,/mnt/ubna_data_02_mir/recover-20220922/UBNA_001/20220921_090000.WAV,Telephone Field,recover-20220922,001,1795
618.3125,618.3473,68437,81085,Rhinolophus ferrumequinum,0.02,0.02,-1,Echolocation,/mnt/ubna_data_02_mir/recover-20220922/UBNA_001/20220921_090000.WAV,Telephone Field,recover-20220922,001,1795
618.3495,618.3902,68437,82406,Rhinolophus ferrumequinum,0.022,0.022,-1,Echolocation,/mnt/ubna_data_02_mir/recover-20220922/UBNA_001/20220921_090000.WAV,Telephone Field,recover-20220922,001,1795
618.3515,618.3625,45234,48931,Pipistrellus pipistrellus,0.02,0.022,-1,Echolocation,/mnt/ubna_data_02_mir/recover-20220922/UBNA_001/20220921_090000.WAV,Telephone Field,recover-20220922,001,1795
618.3775,618.4183,68437,82982,Rhinolophus ferrumequinum,0.025,0.025,-1,Echolocation,/mnt/ubna_data_02_mir/recover-20220922/UBNA_001/20220921_090000.WAV,Telephone Field,recover-20220922,001,1795
618.4275,618.4639999999999,68437,81834,Rhinolophus ferrumequinum,0.022,0.022,-1,Echolocation,/mnt/ubna_data_02_mir/recover-20220922/UBNA_001/20220921_090000.WAV,Telephone Field,recover-20220922,001,1795
618.4375,618.4755,68437,81949,Rhinolophus ferrumequinum,0.021,0.021,-1,Echolocation,/mnt/ubna_data_02_mir/recover-20220922/UBNA_001/20220921_090000.WAV,Telephone Field,recover-20220922,001,1795
618.4475,618.4577,44375,47541,Pipistrellus pipistrellus,0.031,0.033,-1,Echolocation,/mnt/ubna_data_02_mir/recover-20220922/UBNA_001/20220921_090000.WAV,Telephone Field,recover-20220922,001,1795
618.4545,618.4932,68437,82490,Rhinolophus ferrumequinum,0.022,0.022,-1,Echolocation,/mnt/ubna_data_02_mir/recover-20220922/UBNA_001/20220921_090000.WAV,Telephone Field,recover-20220922,001,1795
618.4675,618.5048,68437,82018,Rhinolophus ferrumequinum,0.02,0.02,-1,Echolocation,/mnt/ubna_data_02_mir/recover-20220922/UBNA_001/20220921_090000.WAV,Telephone Field,recover-20220922,001,1795
618.4975,618.5055,28046,39265,Eptesicus serotinus,0.008,0.02,-1,Echolocation,/mnt/ubna_data_02_mir/recover-20220922/UBNA_001/20220921_090000.WAV,Telephone Field,recover-20220922,001,1795
618.5125,618.5494,68437,82347,Rhinolophus ferrumequinum,0.026,0.026,-1,Echolocation,/mnt/ubna_data_02_mir/recover-20220922/UBNA_001/20220921_090000.WAV,Telephone Field,recover-20220922,001,1795
618.5165,618.5262,22890,28621,Nyctalus leisleri,0.008,0.02,-1,Echolocation,/mnt/ubna_data_02_mir/recover-20220922/UBNA_001/20220921_090000.WAV,Telephone Field,recover-20220922,001,1795
618.5415,618.5532,31484,36565,Eptesicus serotinus,0.027,0.069,-1,Echolocation,/mnt/ubna_data_02_mir/recover-20220922/UBNA_001/20220921_090000.WAV,Telephone Field,recover-20220922,001,1795
618.5705,618.6012,68437,80437,Rhinolophus ferrumequinum,0.025,0.025,-1,Echolocation,/mnt/ubna_data_02_mir/recover-20220922/UBNA_001/20220921_090000.WAV,Telephone Field,recover-20220922,001,1795
618.5805,618.5875,24609,34530,Plecotus austriacus,0.012,0.031,-1,Echolocation,/mnt/ubna_data_02_mir/recover-20220922/UBNA_001/20220921_090000.WAV,Telephone Field,recover-20220922,001,1795
618.5805,618.6177,68437,82387,Rhinolophus ferrumequinum,0.023,0.023,-1,Echolocation,/mnt/ubna_data_02_mir/recover-20220922/UBNA_001/20220921_090000.WAV,Telephone Field,recover-20220922,001,1795
618.5895,618.63,68437,81644,Rhinolophus ferrumequinum,0.02,0.02,-1,Echolocation,/mnt/ubna_data_02_mir/recover-20220922/UBNA_001/20220921_090000.WAV,Telephone Field,recover-20220922,001,1795
618.6095,618.6516,68437,82786,Rhinolophus ferrumequinum,0.027,0.027,-1,Echolocation,/mnt/ubna_data_02_mir/recover-20220922/UBNA_001/20220921_090000.WAV,Telephone Field,recover-20220922,001,1795
618.6255,618.6377,28906,34212,Eptesicus serotinus,0.019,0.034,-1,Echolocation,/mnt/ubna_data_02_mir/recover-20220922/UBNA_001/20220921_090000.WAV,Telephone Field,recover-20220922,001,1795
618.6514999999999,618.6596,23750,31296,Plecotus austriacus,0.008,0.021,-1,Echolocation,/mnt/ubna_data_02_mir/recover-20220922/UBNA_001/20220921_090000.WAV,Telephone Field,recover-20220922,001,1795
618.6645,618.7071,68437,83202,Rhinolophus ferrumequinum,0.023,0.023,-1,Echolocation,/mnt/ubna_data_02_mir/recover-20220922/UBNA_001/20220921_090000.WAV,Telephone Field,recover-20220922,001,1795
618.6905,618.7006,46953,55158,Pipistrellus pipistrellus,0.017,0.021,-1,Echolocation,/mnt/ubna_data_02_mir/recover-20220922/UBNA_001/20220921_090000.WAV,Telephone Field,recover-20220922,001,1795
618.7085,618.7192,23750,29892,Nyctalus leisleri,0.011,0.026,-1,Echolocation,/mnt/ubna_data_02_mir/recover-20220922/UBNA_001/20220921_090000.WAV,Telephone Field,recover-20220922,001,1795
618.7095,618.7456999999999,68437,81295,Rhinolophus ferrumequinum,0.021,0.021,-1,Echolocation,/mnt/ubna_data_02_mir/recover-20220922/UBNA_001/20220921_090000.WAV,Telephone Field,recover-20220922,001,1795
618.7485,618.7584,14296,21680,Nyctalus noctula,0.013,0.029,-1,Echolocation,/mnt/ubna_data_02_mir/recover-20220922/UBNA_001/20220921_090000.WAV,Telephone Field,recover-20220922,001,1795
618.7545,618.7656,22890,27999,Nyctalus leisleri,0.01,0.021,-1,Echolocation,/mnt/ubna_data_02_mir/recover-20220922/UBNA_001/20220921_090000.WAV,Telephone Field,recover-20220922,001,1795
618.7735,618.8142,68437,83406,Rhinolophus ferrumequinum,0.032,0.032,-1,Echolocation,/mnt/ubna_data_02_mir/recover-20220922/UBNA_001/20220921_090000.WAV,Telephone Field,recover-20220922,001,1795
618.8055,618.8129,28906,40927,Eptesicus serotinus,0.007,0.02,-1,Echolocation,/mnt/ubna_data_02_mir/recover-20220922/UBNA_001/20220921_090000.WAV,Telephone Field,recover-20220922,001,1795
618.8125,618.8467,68437,81302,Rhinolophus ferrumequinum,0.022,0.022,-1,Echolocation,/mnt/ubna_data_02_mir/recover-20220922/UBNA_001/20220921_090000.WAV,Telephone Field,recover-20220922,001,1795
618.8215,618.8602,68437,82002,Rhinolophus ferrumequinum,0.022,0.022,-1,Echolocation,/mnt/ubna_data_02_mir/recover-20220922/UBNA_001/20220921_090000.WAV,Telephone Field,recover-20220922,001,1795
618.8465,618.892,68437,83638,Rhinolophus ferrumequinum,0.043,0.043,-1,Echolocation,/mnt/ubna_data_02_mir/recover-20220922/UBNA_001/20220921_090000.WAV,Telephone Field,recover-20220922,001,1795
618.8635,618.9025,68437,82739,Rhinolophus ferrumequinum,0.023,0.023,-1,Echolocation,/mnt/ubna_data_02_mir/recover-20220922/UBNA_001/20220921_090000.WAV,Telephone Field,recover-20220922,001,1795
618.8955,618.9042,49531,53547,Pipistrellus pipistrellus,0.02,0.023,-1,Echolocation,/mnt/ubna_data_02_mir/recover-20220922/UBNA_001/20220921_090000.WAV,Telephone Field,recover-20220922,001,1795
618.9095,618.9493,68437,82123,Rhinolophus ferrumequinum,0.02,0.02,-1,Echolocation,/mnt/ubna_data_02_mir/recover-20220922/UBNA_001/20220921_090000.WAV,Telephone Field,recover-20220922,001,1795
618.9385,618.9764,68437,81366,Rhinolophus ferrumequinum,0.02,0.02,-1,Echolocation,/mnt/ubna_data_02_mir/recover-20220922/UBNA_001/20220921_090000.WAV,Telephone Field,recover-20220922,001,1795
618.9485,618.985,68437,81496,Rhinolophus ferrumequinum,0.021,0.021,-1,Echolocation,/mnt/ubna_data_02_mir/recover-20220922/UBNA_001/20220921_090000.WAV,Telephone Field,recover-20220922,001,1795
618.9765,619.0183,68437,82607,Rhinolophus ferrumequinum,0.021,0.021,-1,Echolocation,/mnt/ubna_data_02_mir/recover-20220922/UBNA_001/20220921_090000.WAV,Telephone Field,recover-20220922,001,1795
619.0055,619.0154,28046,36433,Eptesicus serotinus,0.012,0.025,-1,Echolocation,/mnt/ubna_data_02_mir/recover-20220922/UBNA_001/20220921_090000.WAV,Telephone Field,recover-20220922,001,1795
619.0375,619.078,68437,82848,Rhinolophus ferrumequinum,0.034,0.034,-1,Echolocation,/mnt/ubna_data_02_mir/recover-20220922/UBNA_001/20220921_090000.WAV,Telephone Field,recover-20220922,001,1795
619.0475,619.0557,27187,36632,Eptesicus serotinus,0.008,0.022,-1,Echolocation,/mnt/ubna_data_02_mir/recover-20220922/UBNA_001/20220921_090000.WAV,Telephone Field,recover-20220922,001,1795
619.0745,619.1155,68437,82531,Rhinolophus ferrumequinum,0.022,0.022,-1,Echolocation,/mnt/ubna_data_02_mir/recover-20220922/UBNA_001/20220921_090000.WAV,Telephone Field,recover-20220922,001,1795
619.1025,619.1419,68437,81647,Rhinolophus ferrumequinum,0.02,0.02,-1,Echolocation,/mnt/ubna_data_02_mir/recover-20220922/UBNA_001/20220921_090000.WAV,Telephone Field,recover-20220922,001,1795
619.1075,619.1446,68437,81289,Rhinolophus ferrumequinum,0.02,0.02,-1,Echolocation,/mnt/ubna_data_02_mir/recover-20220922/UBNA_001/20220921_090000.WAV,Telephone Field,recover-20220922,001,1795
619.1095,619.1183,24609,32332,Nyctalus leisleri,0.006,0.02,-1,Echolocation,/mnt/ubna_data_02_mir/recover-20220922/UBNA_001/20220921_090000.WAV,Telephone Field,recover-20220922,001,1795
619.1265,619.1647,68437,82449,Rhinolophus ferrumequinum,0.022,0.022,-1,Echolocation,/mnt/ubna_data_02_mir/recover-20220922/UBNA_001/20220921_090000.WAV,Telephone Field,recover-20220922,001,1795
619.1415,619.1517,22031,26295,Nyctalus leisleri,0.01,0.02,-1,Echolocation,/mnt/ubna_data_02_mir/recover-20220922/UBNA_001/20220921_090000.WAV,Telephone Field,recover-20220922,001,1795
619.1605,619.2008,68437,82601,Rhinolophus ferrumequinum,0.021,0.021,-1,Echolocation,/mnt/ubna_data_02_mir/recover-20220922/UBNA_001/20220921_090000.WAV,Telephone Field,recover-20220922,001,1795
619.1775,619.185,22890,31409,Plecotus austriacus,0.013,0.027,-1,Echolocation,/mnt/ubna_data_02_mir/recover-20220922/UBNA_001/20220921_090000.WAV,Telephone Field,recover-20220922,001,1795
619.1825,619.2272,68437,83453,Rhinolophus ferrumequinum,0.042,0.042,-1,Echolocation,/mnt/ubna_data_02_mir/recover-20220922/UBNA_001/20220921_090000.WAV,Telephone Field,recover-20220922,001,1795
619.2045,619.2479,68437,82845,Rhinolophus ferrumequinum,0.03,0.03,-1,Echolocation,/mnt/ubna_data_02_mir/recover-20220922/UBNA_001/20220921_090000.WAV,Telephone Field,recover-20220922,001,1795
619.2355,619.2762,68437,82505,Rhinolophus ferrumequinum,0.021,0.021,-1,Echolocation,/mnt/ubna_data_02_mir/recover-20220922/UBNA_001/20220921_090000.WAV,Telephone Field,recover-20220922,001,1795
619.2525,619.2610999999999,25468,33725,Eptesicus serotinus,0.007,0.023,-1,Echolocation,/mnt/ubna_data_02_mir/recover-20220922/UBNA_001/20220921_090000.WAV,Telephone Field,recover-20220922,001,1795
619.2725,619.3123,68437,82128,Rhinolophus ferrumequinum,0.025,0.025,-1,Echolocation,/mnt/ubna_data_02_mir/recover-20220922/UBNA_001/20220921_090000.WAV,Telephone Field,recover-20220922,001,1795
619.2865,619.3196,68437,80712,Rhinolophus ferrumequinum,0.023,0.023,-1,Echolocation,/mnt/ubna_data_02_mir/recover-20220922/UBNA_001/20220921_090000.WAV,Telephone Field,recover-20220922,001,1795
619.3305,619.3691,68437,82252,Rhinolophus ferrumequinum,0.023,0.023,-1,Echolocation,/mnt/ubna_data_02_mir/recover-20220922/UBNA_001/20220921_090000.WAV,Telephone Field,recover-20220922,001,1795
619.3495,619.384,68437,80765,Rhinolophus ferrumequinum,0.02,0.02,-1,Echolocation,/mnt/ubna_data_02_mir/recover-20220922/UBNA_001/20220921_090000.WAV,Telephone Field,recover-20220922,001,1795
619.3525,619.3655,22890,28272,Nyctalus leisleri,0.019,0.038,-1,Echolocation,/mnt/ubna_data_02_mir/recover-20220922/UBNA_001/20220921_090000.WAV,Telephone Field,recover-20220922,001,1795
619.3945,619.4342,68437,82475,Rhinolophus ferrumequinum,0.02,0.02,-1,Echolocation,/mnt/ubna_data_02_mir/recover-20220922/UBNA_001/20220921_090000.WAV,Telephone Field,recover-20220922,001,1795
619.4085,619.4194,25468,32635,Eptesicus serotinus,0.011,0.027,-1,Echolocation,/mnt/ubna_data_02_mir/recover-20220922/UBNA_001/20220921_090000.WAV,Telephone Field,recover-20220922,001,1795
619.4545,619.4943,68437,82117,Rhinolophus ferrumequinum,0.026,0.026,-1,Echolocation,/mnt/ubna_data_02_mir/recover-20220922/UBNA_001/20220921_090000.WAV,Telephone Field,recover-20220922,001,1795
619.4705,619.4827,22890,27269,Nyctalus leisleri,0.012,0.022,-1,Echolocation,/mnt/ubna_data_02_mir/recover-20220922/UBNA_001/20220921_090000.WAV,Telephone Field,recover-20220922,001,1795
619.4885,619.4966,23750,31865,Plecotus austriacus,0.012,0.03,-1,Echolocation,/mnt/ubna_data_02_mir/recover-20220922/UBNA_001/20220921_090000.WAV,Telephone Field,recover-20220922,001,1795
619.4895,619.5327,68437,83288,Rhinolophus ferrumequinum,0.036,0.036,-1,Echolocation,/mnt/ubna_data_02_mir/recover-20220922/UBNA_001/20220921_090000.WAV,Telephone Field,recover-20220922,001,1795
619.5895,619.6282,68437,82396,Rhinolophus ferrumequinum,0.02,0.021,-1,Echolocation,/mnt/ubna_data_02_mir/recover-20220922/UBNA_001/20220921_090000.WAV,Telephone Field,recover-20220922,001,1795
619.6035,619.6117,28906,39211,Eptesicus serotinus,0.008,0.022,-1,Echolocation,/mnt/ubna_data_02_mir/recover-20220922/UBNA_001/20220921_090000.WAV,Telephone Field,recover-20220922,001,1795
619.6095,619.6447000000001,68437,80749,Rhinolophus ferrumequinum,0.022,0.022,-1,Echolocation,/mnt/ubna_data_02_mir/recover-20220922/UBNA_001/20220921_090000.WAV,Telephone Field,recover-20220922,001,1795
619.6365,619.6739,68437,81506,Rhinolophus ferrumequinum,0.021,0.021,-1,Echolocation,/mnt/ubna_data_02_mir/recover-20220922/UBNA_001/20220921_090000.WAV,Telephone Field,recover-20220922,001,1795
619.6435,619.6805,68437,82111,Rhinolophus ferrumequinum,0.021,0.021,-1,Echolocation,/mnt/ubna_data_02_mir/recover-20220922/UBNA_001/20220921_090000.WAV,Telephone Field,recover-20220922,001,1795
619.6485,619.6607,22031,25938,Nyctalus leisleri,0.012,0.02,-1,Echolocation,/mnt/ubna_data_02_mir/recover-20220922/UBNA_001/20220921_090000.WAV,Telephone Field,recover-20220922,001,1795
619.6745,619.7152,68437,82492,Rhinolophus ferrumequinum,0.023,0.024,-1,Echolocation,/mnt/ubna_data_02_mir/recover-20220922/UBNA_001/20220921_090000.WAV,Telephone Field,recover-20220922,001,1795
619.7155,619.7528,68437,82102,Rhinolophus ferrumequinum,0.02,0.02,-1,Echolocation,/mnt/ubna_data_02_mir/recover-20220922/UBNA_001/20220921_090000.WAV,Telephone Field,recover-20220922,001,1795
619.7625,619.8004,68437,81593,Rhinolophus ferrumequinum,0.02,0.021,-1,Echolocation,/mnt/ubna_data_02_mir/recover-20220922/UBNA_001/20220921_090000.WAV,Telephone Field,recover-20220922,001,1795
619.7795,619.8194,68437,82283,Rhinolophus ferrumequinum,0.024,0.024,-1,Echolocation,/mnt/ubna_data_02_mir/recover-20220922/UBNA_001/20220921_090000.WAV,Telephone Field,recover-20220922,001,1795
619.8025,619.8126,28906,35541,Eptesicus serotinus,0.017,0.032,-1,Echolocation,/mnt/ubna_data_02_mir/recover-20220922/UBNA_001/20220921_090000.WAV,Telephone Field,recover-20220922,001,1795
619.8225,619.86,68437,81664,Rhinolophus ferrumequinum,0.021,0.021,-1,Echolocation,/mnt/ubna_data_02_mir/recover-20220922/UBNA_001/20220921_090000.WAV,Telephone Field,recover-20220922,001,1795
619.8605,619.8701,22031,27489,Nyctalus leisleri,0.008,0.021,-1,Echolocation,/mnt/ubna_data_02_mir/recover-20220922/UBNA_001/20220921_090000.WAV,Telephone Field,recover-20220922,001,1795
619.8725,619.9113,68437,81913,Rhinolophus ferrumequinum,0.025,0.025,-1,Echolocation,/mnt/ubna_data_02_mir/recover-20220922/UBNA_001/20220921_090000.WAV,Telephone Field,recover-20220922,001,1795
619.8955,619.932,68437,81992,Rhinolophus ferrumequinum,0.02,0.02,-1,Echolocation,/mnt/ubna_data_02_mir/recover-20220922/UBNA_001/20220921_090000.WAV,Telephone Field,recover-20220922,001,1795
619.9055,619.9141,28046,39019,Eptesicus serotinus,0.009,0.021,-1,Echolocation,/mnt/ubna_data_02_mir/recover-20220922/UBNA_001/20220921_090000.WAV,Telephone Field,recover-20220922,001,1795
620.0015,620.0348,68437,80399,Rhinolophus ferrumequinum,0.027,0.027,-1,Echolocation,/mnt/ubna_data_02_mir/recover-20220922/UBNA_001/20220921_090000.WAV,Telephone Field,recover-20220922,001,1795
620.0015,620.0091,27187,37175,Nyctalus leisleri,0.009,0.042,-1,Echolocation,/mnt/ubna_data_02_mir/recover-20220922/UBNA_001/20220921_090000.WAV,Telephone Field,recover-20220922,001,1795
620.0015,620.0102,47812,53476,Pipistrellus pipistrellus,0.028,0.035,-1,Echolocation,/mnt/ubna_data_02_mir/recover-20220922/UBNA_001/20220921_090000.WAV,Telephone Field,recover-20220922,001,1795
620.0125,620.0548,68437,82966,Rhinolophus ferrumequinum,0.025,0.025,-1,Echolocation,/mnt/ubna_data_02_mir/recover-20220922/UBNA_001/20220921_090000.WAV,Telephone Field,recover-20220922,001,1795
620.0395,620.0801,68437,82426,Rhinolophus ferrumequinum,0.027,0.027,-1,Echolocation,/mnt/ubna_data_02_mir/recover-20220922/UBNA_001/20220921_090000.WAV,Telephone Field,recover-20220922,001,1795
620.0725,620.0934,16875,21035,Nyctalus noctula,0.025,0.035,-1,Echolocation,/mnt/ubna_data_02_mir/recover-20220922/UBNA_001/20220921_090000.WAV,Telephone Field,recover-20220922,001,1795
620.0955,620.1353,68437,82868,Rhinolophus ferrumequinum,0.024,0.024,-1,Echolocation,/mnt/ubna_data_02_mir/recover-20220922/UBNA_001/20220921_090000.WAV,Telephone Field,recover-20220922,001,1795
620.1025,620.1091,27187,41638,Eptesicus serotinus,0.006,0.023,-1,Echolocation,/mnt/ubna_data_02_mir/recover-20220922/UBNA_001/20220921_090000.WAV,Telephone Field,recover-20220922,001,1795
620.1125,620.1569,68437,83259,Rhinolophus ferrumequinum,0.033,0.033,-1,Echolocation,/mnt/ubna_data_02_mir/recover-20220922/UBNA_001/20220921_090000.WAV,Telephone Field,recover-20220922,001,1795
620.1425,620.1521,28046,36269,Eptesicus serotinus,0.013,0.025,-1,Echolocation,/mnt/ubna_data_02_mir/recover-20220922/UBNA_001/20220921_090000.WAV,Telephone Field,recover-20220922,001,1795
620.1445,620.1804,68437,81793,Rhinolophus ferrumequinum,0.023,0.023,-1,Echolocation,/mnt/ubna_data_02_mir/recover-20220922/UBNA_001/20220921_090000.WAV,Telephone Field,recover-20220922,001,1795
620.1615,620.2078,68437,83358,Rhinolophus ferrumequinum,0.047,0.047,-1,Echolocation,/mnt/ubna_data_02_mir/recover-20220922/UBNA_001/20220921_090000.WAV,Telephone Field,recover-20220922,001,1795
620.1925,620.2025,28046,39362,Eptesicus serotinus,0.013,0.027,-1,Echolocation,/mnt/ubna_data_02_mir/recover-20220922/UBNA_001/20220921_090000.WAV,Telephone Field,recover-20220922,001,1795
620.2015,620.2085,27187,37694,Eptesicus serotinus,0.009,0.03,-1,Echolocation,/mnt/ubna_data_02_mir/recover-20220922/UBNA_001/20220921_090000.WAV,Telephone Field,recover-20220922,001,1795
620.2095,620.2487,68437,82120,Rhinolophus ferrumequinum,0.026,0.026,-1,Echolocation,/mnt/ubna_data_02_mir/recover-20220922/UBNA_001/20220921_090000.WAV,Telephone Field,recover-20220922,001,1795
620.2195,620.2545,68437,81120,Rhinolophus ferrumequinum,0.026,0.026,-1,Echolocation,/mnt/ubna_data_02_mir/recover-20220922/UBNA_001/20220921_090000.WAV,Telephone Field,recover-20220922,001,1795
620.2565,620.2969,68437,82332,Rhinolophus ferrumequinum,0.039,0.039,-1,Echolocation,/mnt/ubna_data_02_mir/recover-20220922/UBNA_001/20220921_090000.WAV,Telephone Field,recover-20220922,001,1795
620.2875,620.2931,24609,35681,Plecotus austriacus,0.028,0.061,-1,Echolocation,/mnt/ubna_data_02_mir/recover-20220922/UBNA_001/20220921_090000.WAV,Telephone Field,recover-20220922,001,1795
620.2885,620.3307,68437,82873,Rhinolophus ferrumequinum,0.026,0.026,-1,Echolocation,/mnt/ubna_data_02_mir/recover-20220922/UBNA_001/20220921_090000.WAV,Telephone Field,recover-20220922,001,1795
620.2975,620.3369,68437,82611,Rhinolophus ferrumequinum,0.024,0.024,-1,Echolocation,/mnt/ubna_data_02_mir/recover-20220922/UBNA_001/20220921_090000.WAV,Telephone Field,recover-20220922,001,1795
620.3155,620.3237,26328,35754,Eptesicus serotinus,0.008,0.024,-1,Echolocation,/mnt/ubna_data_02_mir/recover-20220922/UBNA_001/20220921_090000.WAV,Telephone Field,recover-20220922,001,1795
620.3305,620.3389,28046,41015,Eptesicus serotinus,0.009,0.025,-1,Echolocation,/mnt/ubna_data_02_mir/recover-20220922/UBNA_001/20220921_090000.WAV,Telephone Field,recover-20220922,001,1795
620.3325,620.3426,43515,51712,Pipistrellus pipistrellus,0.022,0.031,-1,Echolocation,/mnt/ubna_data_02_mir/recover-20220922/UBNA_001/20220921_090000.WAV,Telephone Field,recover-20220922,001,1795
620.3475,620.3853,68437,82179,Rhinolophus ferrumequinum,0.024,0.025,-1,Echolocation,/mnt/ubna_data_02_mir/recover-20220922/UBNA_001/20220921_090000.WAV,Telephone Field,recover-20220922,001,1795
620.3505,620.363,24609,30690,Eptesicus serotinus,0.011,0.027,-1,Echolocation,/mnt/ubna_data_02_mir/recover-20220922/UBNA_001/20220921_090000.WAV,Telephone Field,recover-20220922,001,1795
620.3585,620.3714,27187,33648,Eptesicus serotinus,0.02,0.033,-1,Echolocation,/mnt/ubna_data_02_mir/recover-20220922/UBNA_001/20220921_090000.WAV,Telephone Field,recover-20220922,001,1795
620.3595,620.3991,68437,82522,Rhinolophus ferrumequinum,0.023,0.023,-1,Echolocation,/mnt/ubna_data_02_mir/recover-20220922/UBNA_001/20220921_090000.WAV,Telephone Field,recover-20220922,001,1795
620.3745,620.4155,68437,83201,Rhinolophus ferrumequinum,0.028,0.028,-1,Echolocation,/mnt/ubna_data_02_mir/recover-20220922/UBNA_001/20220921_090000.WAV,Telephone Field,recover-20220922,001,1795
620.4045,620.424,18593,21707,Nyctalus noctula,0.012,0.024,-1,Echolocation,/mnt/ubna_data_02_mir/recover-20220922/UBNA_001/20220921_090000.WAV,Telephone Field,recover-20220922,001,1795
620.4415,620.485,68437,83643,Rhinolophus ferrumequinum,0.044,0.044,-1,Echolocation,/mnt/ubna_data_02_mir/recover-20220922/UBNA_001/20220921_090000.WAV,Telephone Field,recover-20220922,001,1795
620.4885,620.4992,23750,29955,Nyctalus leisleri,0.009,0.023,-1,Echolocation,/mnt/ubna_data_02_mir/recover-20220922/UBNA_001/20220921_090000.WAV,Telephone Field,recover-20220922,001,1795
620.4995,620.5372,68437,81996,Rhinolophus ferrumequinum,0.024,0.024,-1,Echolocation,/mnt/ubna_data_02_mir/recover-20220922/UBNA_001/20220921_090000.WAV,Telephone Field,recover-20220922,001,1795
620.6085,620.615,46093,53358,Pipistrellus pipistrellus,0.021,0.023,-1,Echolocation,/mnt/ubna_data_02_mir/recover-20220922/UBNA_001/20220921_090000.WAV,Telephone Field,recover-20220922,001,1795
620.6135,620.6542,68437,82711,Rhinolophus ferrumequinum,0.026,0.026,-1,Echolocation,/mnt/ubna_data_02_mir/recover-20220922/UBNA_001/20220921_090000.WAV,Telephone Field,recover-20220922,001,1795
620.6345,620.6755,68437,82873,Rhinolophus ferrumequinum,0.025,0.025,-1,Echolocation,/mnt/ubna_data_02_mir/recover-20220922/UBNA_001/20220921_090000.WAV,Telephone Field,recover-20220922,001,1795
620.6705,620.6787,42656,55478,Pipistrellus nathusii,0.009,0.038,-1,Echolocation,/mnt/ubna_data_02_mir/recover-20220922/UBNA_001/20220921_090000.WAV,Telephone Field,recover-20220922,001,1795
620.6815,620.724,68437,83313,Rhinolophus ferrumequinum,0.029,0.029,-1,Echolocation,/mnt/ubna_data_02_mir/recover-20220922/UBNA_001/20220921_090000.WAV,Telephone Field,recover-20220922,001,1795
620.7085,620.718,27187,36345,Eptesicus serotinus,0.011,0.023,-1,Echolocation,/mnt/ubna_data_02_mir/recover-20220922/UBNA_001/20220921_090000.WAV,Telephone Field,recover-20220922,001,1795
620.7235000000001,620.7638,68437,82339,Rhinolophus ferrumequinum,0.025,0.025,-1,Echolocation,/mnt/ubna_data_02_mir/recover-20220922/UBNA_001/20220921_090000.WAV,Telephone Field,recover-20220922,001,1795
620.7305,620.7728,68437,82622,Rhinolophus ferrumequinum,0.024,0.024,-1,Echolocation,/mnt/ubna_data_02_mir/recover-20220922/UBNA_001/20220921_090000.WAV,Telephone Field,recover-20220922,001,1795
620.7395,620.7473,46953,50946,Pipistrellus pipistrellus,0.029,0.03,-1,Echolocation,/mnt/ubna_data_02_mir/recover-20220922/UBNA_001/20220921_090000.WAV,Telephone Field,recover-20220922,001,1795
620.7565,620.7966,68437,82559,Rhinolophus ferrumequinum,0.024,0.024,-1,Echolocation,/mnt/ubna_data_02_mir/recover-20220922/UBNA_001/20220921_090000.WAV,Telephone Field,recover-20220922,001,1795
620.8125,620.8506,68437,82259,Rhinolophus ferrumequinum,0.024,0.024,-1,Echolocation,/mnt/ubna_data_02_mir/recover-20220922/UBNA_001/20220921_090000.WAV,Telephone Field,recover-20220922,001,1795
620.8185,620.8315,22890,26746,Nyctalus leisleri,0.02,0.035,-1,Echolocation,/mnt/ubna_data_02_mir/recover-20220922/UBNA_001/20220921_090000.WAV,Telephone Field,recover-20220922,001,1795
620.8205,620.8561,68437,80937,Rhinolophus ferrumequinum,0.023,0.023,-1,Echolocation,/mnt/ubna_data_02_mir/recover-20220922/UBNA_001/20220921_090000.WAV,Telephone Field,recover-20220922,001,1795
620.8395,620.879,68437,82491,Rhinolophus ferrumequinum,0.023,0.023,-1,Echolocation,/mnt/ubna_data_02_mir/recover-20220922/UBNA_001/20220921_090000.WAV,Telephone Field,recover-20220922,001,1795
620.8705,620.8796,28046,37534,Eptesicus serotinus,0.012,0.024,-1,Echolocation,/mnt/ubna_data_02_mir/recover-20220922/UBNA_001/20220921_090000.WAV,Telephone Field,recover-20220922,001,1795
620.8715,620.9107,68437,81944,Rhinolophus ferrumequinum,0.038,0.038,-1,Echolocation,/mnt/ubna_data_02_mir/recover-20220922/UBNA_001/20220921_090000.WAV,Telephone Field,recover-20220922,001,1795
620.8745,620.8872,37500,41472,Pipistrellus nathusii,0.017,0.029,-1,Echolocation,/mnt/ubna_data_02_mir/recover-20220922/UBNA_001/20220921_090000.WAV,Telephone Field,recover-20220922,001,1795
620.9065,620.9497,68437,82858,Rhinolophus ferrumequinum,0.031,0.031,-1,Echolocation,/mnt/ubna_data_02_mir/recover-20220922/UBNA_001/20220921_090000.WAV,Telephone Field,recover-20220922,001,1795
620.9225,620.9304,28046,40742,Eptesicus serotinus,0.009,0.026,-1,Echolocation,/mnt/ubna_data_02_mir/recover-20220922/UBNA_001/20220921_090000.WAV,Telephone Field,recover-20220922,001,1795
620.9235,620.9648,68437,83402,Rhinolophus ferrumequinum,0.029,0.029,-1,Echolocation,/mnt/ubna_data_02_mir/recover-20220922/UBNA_001/20220921_090000.WAV,Telephone Field,recover-20220922,001,1795
620.9605,620.9712,26328,33259,Eptesicus serotinus,0.011,0.028,-1,Echolocation,/mnt/ubna_data_02_mir/recover-20220922/UBNA_001/20220921_090000.WAV,Telephone Field,recover-20220922,001,1795
620.9675,620.9769,27187,35474,Eptesicus serotinus,0.013,0.027,-1,Echolocation,/mnt/ubna_data_02_mir/recover-20220922/UBNA_001/20220921_090000.WAV,Telephone Field,recover-20220922,001,1795
620.9815,620.9874,40078,52083,Myotis daubentonii,0.007,0.024,-1,Echolocation,/mnt/ubna_data_02_mir/recover-20220922/UBNA_001/20220921_090000.WAV,Telephone Field,recover-20220922,001,1795
621.0545,621.0937,68437,82528,Rhinolophus ferrumequinum,0.027,0.027,-1,Echolocation,/mnt/ubna_data_02_mir/recover-20220922/UBNA_001/20220921_090000.WAV,Telephone Field,recover-20220922,001,1795
621.0855,621.1274,68437,82667,Rhinolophus ferrumequinum,0.023,0.023,-1,Echolocation,/mnt/ubna_data_02_mir/recover-20220922/UBNA_001/20220921_090000.WAV,Telephone Field,recover-20220922,001,1795
621.1055,621.115,51250,55516,Pipistrellus pipistrellus,0.023,0.029,-1,Echolocation,/mnt/ubna_data_02_mir/recover-20220922/UBNA_001/20220921_090000.WAV,Telephone Field,recover-20220922,001,1795
621.1375,621.1468,46093,49492,Pipistrellus pipistrellus,0.055,0.057,-1,Echolocation,/mnt/ubna_data_02_mir/recover-20220922/UBNA_001/20220921_090000.WAV,Telephone Field,recover-20220922,001,1795
621.1455,621.1844,68437,81990,Rhinolophus ferrumequinum,0.024,0.024,-1,Echolocation,/mnt/ubna_data_02_mir/recover-20220922/UBNA_001/20220921_090000.WAV,Telephone Field,recover-20220922,001,1795
621.1725,621.1803,27187,36278,Eptesicus serotinus,0.019,0.041,-1,Echolocation,/mnt/ubna_data_02_mir/recover-20220922/UBNA_001/20220921_090000.WAV,Telephone Field,recover-20220922,001,1795
621.1935,621.2328,68437,82992,Rhinolophus ferrumequinum,0.026,0.026,-1,Echolocation,/mnt/ubna_data_02_mir/recover-20220922/UBNA_001/20220921_090000.WAV,Telephone Field,recover-20220922,001,1795
621.2005,621.2375,68437,82475,Rhinolophus ferrumequinum,0.025,0.025,-1,Echolocation,/mnt/ubna_data_02_mir/recover-20220922/UBNA_001/20220921_090000.WAV,Telephone Field,recover-20220922,001,1795
621.2195,621.2557,68437,81838,Rhinolophus ferrumequinum,0.025,0.025,-1,Echolocation,/mnt/ubna_data_02_mir/recover-20220922/UBNA_001/20220921_090000.WAV,Telephone Field,recover-20220922,001,1795
621.2355,621.2424,27187,37519,Eptesicus serotinus,0.007,0.025,-1,Echolocation,/mnt/ubna_data_02_mir/recover-20220922/UBNA_001/20220921_090000.WAV,Telephone Field,recover-20220922,001,1795
621.2585,621.299,68437,82355,Rhinolophus ferrumequinum,0.027,0.027,-1,Echolocation,/mnt/ubna_data_02_mir/recover-20220922/UBNA_001/20220921_090000.WAV,Telephone Field,recover-20220922,001,1795
621.2805,621.2909,28906,36103,Eptesicus serotinus,0.014,0.028,-1,Echolocation,/mnt/ubna_data_02_mir/recover-20220922/UBNA_001/20220921_090000.WAV,Telephone Field,recover-20220922,001,1795
621.3735,621.3854,24609,30880,Nyctalus leisleri,0.011,0.029,-1,Echolocation,/mnt/ubna_data_02_mir/recover-20220922/UBNA_001/20220921_090000.WAV,Telephone Field,recover-20220922,001,1795
621.3845,621.3955,56406,61092,Pipistrellus pygmaeus,0.026,0.027,-1,Echolocation,/mnt/ubna_data_02_mir/recover-20220922/UBNA_001/20220921_090000.WAV,Telephone Field,recover-20220922,001,1795
621.3935,621.4317,68437,82264,Rhinolophus ferrumequinum,0.023,0.023,-1,Echolocation,/mnt/ubna_data_02_mir/recover-20220922/UBNA_001/20220921_090000.WAV,Telephone Field,recover-20220922,001,1795
621.3955,621.4045,27187,38426,Eptesicus serotinus,0.009,0.025,-1,Echolocation,/mnt/ubna_data_02_mir/recover-20220922/UBNA_001/20220921_090000.WAV,Telephone Field,recover-20220922,001,1795
621.4205,621.458,68437,82104,Rhinolophus ferrumequinum,0.023,0.024,-1,Echolocation,/mnt/ubna_data_02_mir/recover-20220922/UBNA_001/20220921_090000.WAV,Telephone Field,recover-20220922,001,1795
621.4235,621.4341,28046,34510,Eptesicus serotinus,0.012,0.023,-1,Echolocation,/mnt/ubna_data_02_mir/recover-20220922/UBNA_001/20220921_090000.WAV,Telephone Field,recover-20220922,001,1795
621.4455,621.4573,54687,59848,Pipistrellus pygmaeus,0.023,0.025,-1,Echolocation,/mnt/ubna_data_02_mir/recover-20220922/UBNA_001/20220921_090000.WAV,Telephone Field,recover-20220922,001,1795
621.4465,621.4876,68437,82631,Rhinolophus ferrumequinum,0.023,0.023,-1,Echolocation,/mnt/ubna_data_02_mir/recover-20220922/UBNA_001/20220921_090000.WAV,Telephone Field,recover-20220922,001,1795
621.4625,621.5038,68437,83005,Rhinolophus ferrumequinum,0.026,0.026,-1,Echolocation,/mnt/ubna_data_02_mir/recover-20220922/UBNA_001/20220921_090000.WAV,Telephone Field,recover-20220922,001,1795
621.4875,621.531,68437,83347,Rhinolophus ferrumequinum,0.048,0.048,-1,Echolocation,/mnt/ubna_data_02_mir/recover-20220922/UBNA_001/20220921_090000.WAV,Telephone Field,recover-20220922,001,1795
621.5075,621.5218,22890,26749,Nyctalus leisleri,0.014,0.023,-1,Echolocation,/mnt/ubna_data_02_mir/recover-20220922/UBNA_001/20220921_090000.WAV,Telephone Field,recover-20220922,001,1795
621.5325,621.5663,68437,81035,Rhinolophus ferrumequinum,0.023,0.023,-1,Echolocation,/mnt/ubna_data_02_mir/recover-20220922/UBNA_001/20220921_090000.WAV,Telephone Field,recover-20220922,001,1795
621.5345,621.5525,22031,26132,Nyctalus leisleri,0.016,0.028,-1,Echolocation,/mnt/ubna_data_02_mir/recover-20220922/UBNA_001/20220921_090000.WAV,Telephone Field,recover-20220922,001,1795
621.5445,621.5547,24609,31012,Eptesicus serotinus,0.008,0.023,-1,Echolocation,/mnt/ubna_data_02_mir/recover-20220922/UBNA_001/20220921_090000.WAV,Telephone Field,recover-20220922,001,1795
621.5525,621.5624,28046,38521,Eptesicus serotinus,0.012,0.025,-1,Echolocation,/mnt/ubna_data_02_mir/recover-20220922/UBNA_001/20220921_090000.WAV,Telephone Field,recover-20220922,001,1795
621.5945,621.6297,68437,80850,Rhinolophus ferrumequinum,0.027,0.027,-1,Echolocation,/mnt/ubna_data_02_mir/recover-20220922/UBNA_001/20220921_090000.WAV,Telephone Field,recover-20220922,001,1795
621.6285,621.6365,47812,52355,Pipistrellus pipistrellus,0.021,0.024,-1,Echolocation,/mnt/ubna_data_02_mir/recover-20220922/UBNA_001/20220921_090000.WAV,Telephone Field,recover-20220922,001,1795
621.6475,621.6565,24609,34131,Eptesicus serotinus,0.008,0.028,-1,Echolocation,/mnt/ubna_data_02_mir/recover-20220922/UBNA_001/20220921_090000.WAV,Telephone Field,recover-20220922,001,1795
621.6605,621.7007,68437,82365,Rhinolophus ferrumequinum,0.034,0.034,-1,Echolocation,/mnt/ubna_data_02_mir/recover-20220922/UBNA_001/20220921_090000.WAV,Telephone Field,recover-20220922,001,1795
621.6725,621.6851,46953,51572,Pipistrellus pipistrellus,0.038,0.044,-1,Echolocation,/mnt/ubna_data_02_mir/recover-20220922/UBNA_001/20220921_090000.WAV,Telephone Field,recover-20220922,001,1795
621.6795,621.6868,28046,41294,Eptesicus serotinus,0.008,0.025,-1,Echolocation,/mnt/ubna_data_02_mir/recover-20220922/UBNA_001/20220921_090000.WAV,Telephone Field,recover-20220922,001,1795
621.7175,621.7237,58125,64260,Pipistrellus pygmaeus,0.035,0.035,-1,Echolocation,/mnt/ubna_data_02_mir/recover-20220922/UBNA_001/20220921_090000.WAV,Telephone Field,recover-20220922,001,1795
621.7205,621.7297,28046,37118,Eptesicus serotinus,0.01,0.026,-1,Echolocation,/mnt/ubna_data_02_mir/recover-20220922/UBNA_001/20220921_090000.WAV,Telephone Field,recover-20220922,001,1795
621.7335,621.7688,68437,80799,Rhinolophus ferrumequinum,0.024,0.024,-1,Echolocation,/mnt/ubna_data_02_mir/recover-20220922/UBNA_001/20220921_090000.WAV,Telephone Field,recover-20220922,001,1795
621.7455,621.7877,68437,82290,Rhinolophus ferrumequinum,0.028,0.028,-1,Echolocation,/mnt/ubna_data_02_mir/recover-20220922/UBNA_001/20220921_090000.WAV,Telephone Field,recover-20220922,001,1795
621.7535,621.7608,23750,33920,Plecotus austriacus,0.017,0.039,-1,Echolocation,/mnt/ubna_data_02_mir/recover-20220922/UBNA_001/20220921_090000.WAV,Telephone Field,recover-20220922,001,1795
621.7925,621.8314,68437,82406,Rhinolophus ferrumequinum,0.033,0.033,-1,Echolocation,/mnt/ubna_data_02_mir/recover-20220922/UBNA_001/20220921_090000.WAV,Telephone Field,recover-20220922,001,1795
621.7965,621.8088,23750,29393,Nyctalus leisleri,0.014,0.031,-1,Echolocation,/mnt/ubna_data_02_mir/recover-20220922/UBNA_001/20220921_090000.WAV,Telephone Field,recover-20220922,001,1795
621.8135,621.8536,68437,82745,Rhinolophus ferrumequinum,0.024,0.024,-1,Echolocation,/mnt/ubna_data_02_mir/recover-20220922/UBNA_001/20220921_090000.WAV,Telephone Field,recover-20220922,001,1795
621.8315,621.8678,68437,81193,Rhinolophus ferrumequinum,0.023,0.023,-1,Echolocation,/mnt/ubna_data_02_mir/recover-20220922/UBNA_001/20220921_090000.WAV,Telephone Field,recover-20220922,001,1795
621.8375,621.8717,68437,80893,Rhinolophus ferrumequinum,0.023,0.023,-1,Echolocation,/mnt/ubna_data_02_mir/recover-20220922/UBNA_001/20220921_090000.WAV,Telephone Field,recover-20220922,001,1795
621.8845,621.9258,68437,82476,Rhinolophus ferrumequinum,0.038,0.038,-1,Echolocation,/mnt/ubna_data_02_mir/recover-20220922/UBNA_001/20220921_090000.WAV,Telephone Field,recover-20220922,001,1795
621.9035,621.9132,28046,36597,Eptesicus serotinus,0.009,0.023,-1,Echolocation,/mnt/ubna_data_02_mir/recover-20220922/UBNA_001/20220921_090000.WAV,Telephone Field,recover-20220922,001,1795
621.9495,621.9891,68437,82153,Rhinolophus ferrumequinum,0.023,0.023,-1,Echolocation,/mnt/ubna_data_02_mir/recover-20220922/UBNA_001/20220921_090000.WAV,Telephone Field,recover-20220922,001,1795
621.9635,621.9986,68437,80738,Rhinolophus ferrumequinum,0.024,0.024,-1,Echolocation,/mnt/ubna_data_02_mir/recover-20220922/UBNA_001/20220921_090000.WAV,Telephone Field,recover-20220922,001,1795
622.0015,622.0106,23750,31777,Nyctalus leisleri,0.009,0.028,-1,Echolocation,/mnt/ubna_data_02_mir/recover-20220922/UBNA_001/20220921_090000.WAV,Telephone Field,recover-20220922,001,1795
622.0015,622.0363,68437,80824,Rhinolophus ferrumequinum,0.036,0.036,-1,Echolocation,/mnt/ubna_data_02_mir/recover-20220922/UBNA_001/20220921_090000.WAV,Telephone Field,recover-20220922,001,1795
622.0105,622.0176,27187,37539,Eptesicus serotinus,0.008,0.025,-1,Echolocation,/mnt/ubna_data_02_mir/recover-20220922/UBNA_001/20220921_090000.WAV,Telephone Field,recover-20220922,001,1795
622.0165,622.0588,68437,83156,Rhinolophus ferrumequinum,0.029,0.029,-1,Echolocation,/mnt/ubna_data_02_mir/recover-20220922/UBNA_001/20220921_090000.WAV,Telephone Field,recover-20220922,001,1795
622.0255,622.0625,68437,81048,Rhinolophus ferrumequinum,0.028,0.028,-1,Echolocation,/mnt/ubna_data_02_mir/recover-20220922/UBNA_001/20220921_090000.WAV,Telephone Field,recover-20220922,001,1795
622.0795,622.0874,23750,32010,Plecotus austriacus,0.01,0.026,-1,Echolocation,/mnt/ubna_data_02_mir/recover-20220922/UBNA_001/20220921_090000.WAV,Telephone Field,recover-20220922,001,1795
622.0855,622.1264,68437,82229,Rhinolophus ferrumequinum,0.027,0.027,-1,Echolocation,/mnt/ubna_data_02_mir/recover-20220922/UBNA_001/20220921_090000.WAV,Telephone Field,recover-20220922,001,1795
622.1125,622.1501,68437,81353,Rhinolophus ferrumequinum,0.023,0.023,-1,Echolocation,/mnt/ubna_data_02_mir/recover-20220922/UBNA_001/20220921_090000.WAV,Telephone Field,recover-20220922,001,1795
622.1415,622.1841,68437,83527,Rhinolophus ferrumequinum,0.027,0.027,-1,Echolocation,/mnt/ubna_data_02_mir/recover-20220922/UBNA_001/20220921_090000.WAV,Telephone Field,recover-20220922,001,1795
622.1645,622.1746,22031,28004,Nyctalus leisleri,0.009,0.025,-1,Echolocation,/mnt/ubna_data_02_mir/recover-20220922/UBNA_001/20220921_090000.WAV,Telephone Field,recover-20220922,001,1795
622.1725,622.2154,68437,83182,Rhinolophus ferrumequinum,0.036,0.036,-1,Echolocation,/mnt/ubna_data_02_mir/recover-20220922/UBNA_001/20220921_090000.WAV,Telephone Field,recover-20220922,001,1795
622.1785,622.1899,22890,27932,Nyctalus leisleri,0.012,0.024,-1,Echolocation,/mnt/ubna_data_02_mir/recover-20220922/UBNA_001/20220921_090000.WAV,Telephone Field,recover-20220922,001,1795
622.1935,622.2047,37500,43165,Pipistrellus nathusii,0.016,0.028,-1,Echolocation,/mnt/ubna_data_02_mir/recover-20220922/UBNA_001/20220921_090000.WAV,Telephone Field,recover-20220922,001,1795
622.2725,622.3151,68437,83246,Rhinolophus ferrumequinum,0.027,0.027,-1,Echolocation,/mnt/ubna_data_02_mir/recover-20220922/UBNA_001/20220921_090000.WAV,Telephone Field,recover-20220922,001,1795
622.2805,622.3208,68437,83265,Rhinolophus ferrumequinum,0.026,0.026,-1,Echolocation,/mnt/ubna_data_02_mir/recover-20220922/UBNA_001/20220921_090000.WAV,Telephone Field,recover-20220922,001,1795
622.3155,622.3271,23750,29791,Nyctalus leisleri,0.014,0.034,-1,Echolocation,/mnt/ubna_data_02_mir/recover-20220922/UBNA_001/20220921_090000.WAV,Telephone Field,recover-20220922,001,1795
622.3335,622.3401,14296,28610,Plecotus auritus,0.02,0.024,-1,Echolocation,/mnt/ubna_data_02_mir/recover-20220922/UBNA_001/20220921_090000.WAV,Telephone Field,recover-20220922,001,1795
622.3555,622.3652,35781,42119,Barbastellus barbastellus,0.01,0.028,-1,Echolocation,/mnt/ubna_data_02_mir/recover-20220922/UBNA_001/20220921_090000.WAV,Telephone Field,recover-20220922,001,1795
622.3585,622.3664,27187,38879,Eptesicus serotinus,0.008,0.025,-1,Echolocation,/mnt/ubna_data_02_mir/recover-20220922/UBNA_001/20220921_090000.WAV,Telephone Field,recover-20220922,001,1795
622.3905,622.3994,28046,37322,Eptesicus serotinus,0.009,0.023,-1,Echolocation,/mnt/ubna_data_02_mir/recover-20220922/UBNA_001/20220921_090000.WAV,Telephone Field,recover-20220922,001,1795
622.4145,622.4511,68437,81313,Rhinolophus ferrumequinum,0.024,0.024,-1,Echolocation,/mnt/ubna_data_02_mir/recover-20220922/UBNA_001/20220921_090000.WAV,Telephone Field,recover-20220922,001,1795
622.4485,622.4835,68437,81301,Rhinolophus ferrumequinum,0.023,0.023,-1,Echolocation,/mnt/ubna_data_02_mir/recover-20220922/UBNA_001/20220921_090000.WAV,Telephone Field,recover-20220922,001,1795
622.4515,622.4622,40078,44714,Pipistrellus nathusii,0.024,0.033,-1,Echolocation,/mnt/ubna_data_02_mir/recover-20220922/UBNA_001/20220921_090000.WAV,Telephone Field,recover-20220922,001,1795
622.4705,622.4818,25468,32065,Eptesicus serotinus,0.011,0.025,-1,Echolocation,/mnt/ubna_data_02_mir/recover-20220922/UBNA_001/20220921_090000.WAV,Telephone Field,recover-20220922,001,1795
622.5015,622.5444,68437,83186,Rhinolophus ferrumequinum,0.033,0.033,-1,Echolocation,/mnt/ubna_data_02_mir/recover-20220922/UBNA_001/20220921_090000.WAV,Telephone Field,recover-20220922,001,1795
622.5345,622.5696,68437,80370,Rhinolophus ferrumequinum,0.025,0.025,-1,Echolocation,/mnt/ubna_data_02_mir/recover-20220922/UBNA_001/20220921_090000.WAV,Telephone Field,recover-20220922,001,1795
622.5595,622.5696,27187,34890,Eptesicus serotinus,0.009,0.024,-1,Echolocation,/mnt/ubna_data_02_mir/recover-20220922/UBNA_001/20220921_090000.WAV,Telephone Field,recover-20220922,001,1795
622.5665,622.6067,68437,83074,Rhinolophus ferrumequinum,0.027,0.027,-1,Echolocation,/mnt/ubna_data_02_mir/recover-20220922/UBNA_001/20220921_090000.WAV,Telephone Field,recover-20220922,001,1795
622.5965,622.6368,68437,82525,Rhinolophus ferrumequinum,0.027,0.027,-1,Echolocation,/mnt/ubna_data_02_mir/recover-20220922/UBNA_001/20220921_090000.WAV,Telephone Field,recover-20220922,001,1795
622.6225,622.6601,68437,82002,Rhinolophus ferrumequinum,0.022,0.022,-1,Echolocation,/mnt/ubna_data_02_mir/recover-20220922/UBNA_001/20220921_090000.WAV,Telephone Field,recover-20220922,001,1795
622.6455,622.6793,68437,80273,Rhinolophus ferrumequinum,0.032,0.032,-1,Echolocation,/mnt/ubna_data_02_mir/recover-20220922/UBNA_001/20220921_090000.WAV,Telephone Field,recover-20220922,001,1795
622.6705,622.7121,68437,82021,Rhinolophus ferrumequinum,0.023,0.023,-1,Echolocation,/mnt/ubna_data_02_mir/recover-20220922/UBNA_001/20220921_090000.WAV,Telephone Field,recover-20220922,001,1795
622.6875,622.6979,28906,36563,Eptesicus serotinus,0.013,0.03,-1,Echolocation,/mnt/ubna_data_02_mir/recover-20220922/UBNA_001/20220921_090000.WAV,Telephone Field,recover-20220922,001,1795
622.7015,622.71,28046,39923,Eptesicus serotinus,0.008,0.023,-1,Echolocation,/mnt/ubna_data_02_mir/recover-20220922/UBNA_001/20220921_090000.WAV,Telephone Field,recover-20220922,001,1795
622.7205,622.7281,28906,38460,Eptesicus serotinus,0.008,0.024,-1,Echolocation,/mnt/ubna_data_02_mir/recover-20220922/UBNA_001/20220921_090000.WAV,Telephone Field,recover-20220922,001,1795
622.7525,622.7917,68437,81725,Rhinolophus ferrumequinum,0.023,0.023,-1,Echolocation,/mnt/ubna_data_02_mir/recover-20220922/UBNA_001/20220921_090000.WAV,Telephone Field,recover-20220922,001,1795
622.7595,622.7674,22890,31284,Plecotus austriacus,0.013,0.025,-1,Echolocation,/mnt/ubna_data_02_mir/recover-20220922/UBNA_001/20220921_090000.WAV,Telephone Field,recover-20220922,001,1795
622.7675,622.8092,68437,82348,Rhinolophus ferrumequinum,0.024,0.024,-1,Echolocation,/mnt/ubna_data_02_mir/recover-20220922/UBNA_001/20220921_090000.WAV,Telephone Field,recover-20220922,001,1795
622.8175,622.8274,28906,37047,Eptesicus serotinus,0.01,0.024,-1,Echolocation,/mnt/ubna_data_02_mir/recover-20220922/UBNA_001/20220921_090000.WAV,Telephone Field,recover-20220922,001,1795
622.8645,622.9022,68437,81926,Rhinolophus ferrumequinum,0.025,0.025,-1,Echolocation,/mnt/ubna_data_02_mir/recover-20220922/UBNA_001/20220921_090000.WAV,Telephone Field,recover-20220922,001,1795
622.9105,622.9502,68437,82116,Rhinolophus ferrumequinum,0.026,0.026,-1,Echolocation,/mnt/ubna_data_02_mir/recover-20220922/UBNA_001/20220921_090000.WAV,Telephone Field,recover-20220922,001,1795
622.9195,622.9565,68437,82585,Rhinolophus ferrumequinum,0.024,0.024,-1,Echolocation,/mnt/ubna_data_02_mir/recover-20220922/UBNA_001/20220921_090000.WAV,Telephone Field,recover-20220922,001,1795
622.9225,622.9331,22031,26176,Nyctalus leisleri,0.013,0.024,-1,Echolocation,/mnt/ubna_data_02_mir/recover-20220922/UBNA_001/20220921_090000.WAV,Telephone Field,recover-20220922,001,1795
622.9335,622.9734,68437,82347,Rhinolophus ferrumequinum,0.023,0.023,-1,Echolocation,/mnt/ubna_data_02_mir/recover-20220922/UBNA_001/20220921_090000.WAV,Telephone Field,recover-20220922,001,1795
622.9745,623.0172,68437,82984,Rhinolophus ferrumequinum,0.023,0.023,-1,Echolocation,/mnt/ubna_data_02_mir/recover-20220922/UBNA_001/20220921_090000.WAV,Telephone Field,recover-20220922,001,1795
622.9805,622.9903,28046,36965,Eptesicus serotinus,0.011,0.026,-1,Echolocation,/mnt/ubna_data_02_mir/recover-20220922/UBNA_001/20220921_090000.WAV,Telephone Field,recover-20220922,001,1795
623.0325,623.0721,68437,83059,Rhinolophus ferrumequinum,0.025,0.025,-1,Echolocation,/mnt/ubna_data_02_mir/recover-20220922/UBNA_001/20220921_090000.WAV,Telephone Field,recover-20220922,001,1795
623.0325,623.0387,27187,42481,Eptesicus serotinus,0.006,0.029,-1,Echolocation,/mnt/ubna_data_02_mir/recover-20220922/UBNA_001/20220921_090000.WAV,Telephone Field,recover-20220922,001,1795
623.0445,623.084,68437,82568,Rhinolophus ferrumequinum,0.023,0.023,-1,Echolocation,/mnt/ubna_data_02_mir/recover-20220922/UBNA_001/20220921_090000.WAV,Telephone Field,recover-20220922,001,1795
623.0955,623.1285,68437,80786,Rhinolophus ferrumequinum,0.026,0.027,-1,Echolocation,/mnt/ubna_data_02_mir/recover-20220922/UBNA_001/20220921_090000.WAV,Telephone Field,recover-20220922,001,1795
623.1535,623.195,68437,82797,Rhinolophus ferrumequinum,0.031,0.031,-1,Echolocation,/mnt/ubna_data_02_mir/recover-20220922/UBNA_001/20220921_090000.WAV,Telephone Field,recover-20220922,001,1795
623.1875,623.2243,68437,81577,Rhinolophus ferrumequinum,0.028,0.028,-1,Echolocation,/mnt/ubna_data_02_mir/recover-20220922/UBNA_001/20220921_090000.WAV,Telephone Field,recover-20220922,001,1795
623.2195,623.2306,23750,29660,Nyctalus leisleri,0.012,0.03,-1,Echolocation,/mnt/ubna_data_02_mir/recover-20220922/UBNA_001/20220921_090000.WAV,Telephone Field,recover-20220922,001,1795
623.2255,623.2633,68437,82185,Rhinolophus ferrumequinum,0.024,0.024,-1,Echolocation,/mnt/ubna_data_02_mir/recover-20220922/UBNA_001/20220921_090000.WAV,Telephone Field,recover-20220922,001,1795
623.2335,623.27,68437,81687,Rhinolophus ferrumequinum,0.022,0.022,-1,Echolocation,/mnt/ubna_data_02_mir/recover-20220922/UBNA_001/20220921_090000.WAV,Telephone Field,recover-20220922,001,1795
623.2835,623.2945,23750,29486,Nyctalus leisleri,0.011,0.026,-1,Echolocation,/mnt/ubna_data_02_mir/recover-20220922/UBNA_001/20220921_090000.WAV,Telephone Field,recover-20220922,001,1795
623.2905,623.2987,28046,36808,Eptesicus serotinus,0.007,0.022,-1,Echolocation,/mnt/ubna_data_02_mir/recover-20220922/UBNA_001/20220921_090000.WAV,Telephone Field,recover-20220922,001,1795
623.3625,623.3726,22031,26556,Nyctalus leisleri,0.012,0.023,-1,Echolocation,/mnt/ubna_data_02_mir/recover-20220922/UBNA_001/20220921_090000.WAV,Telephone Field,recover-20220922,001,1795
623.3625,623.4048,68437,82784,Rhinolophus ferrumequinum,0.038,0.038,-1,Echolocation,/mnt/ubna_data_02_mir/recover-20220922/UBNA_001/20220921_090000.WAV,Telephone Field,recover-20220922,001,1795
623.3915,623.4285,68437,81994,Rhinolophus ferrumequinum,0.023,0.024,-1,Echolocation,/mnt/ubna_data_02_mir/recover-20220922/UBNA_001/20220921_090000.WAV,Telephone Field,recover-20220922,001,1795
623.3965,623.408,24609,30664,Nyctalus leisleri,0.009,0.023,-1,Echolocation,/mnt/ubna_data_02_mir/recover-20220922/UBNA_001/20220921_090000.WAV,Telephone Field,recover-20220922,001,1795
623.4185,623.4606,68437,82633,Rhinolophus ferrumequinum,0.042,0.042,-1,Echolocation,/mnt/ubna_data_02_mir/recover-20220922/UBNA_001/20220921_090000.WAV,Telephone Field,recover-20220922,001,1795
623.4645,623.5067,68437,82881,Rhinolophus ferrumequinum,0.031,0.031,-1,Echolocation,/mnt/ubna_data_02_mir/recover-20220922/UBNA_001/20220921_090000.WAV,Telephone Field,recover-20220922,001,1795
623.4875,623.5271,68437,82156,Rhinolophus ferrumequinum,0.024,0.024,-1,Echolocation,/mnt/ubna_data_02_mir/recover-20220922/UBNA_001/20220921_090000.WAV,Telephone Field,recover-20220922,001,1795
623.5115,623.5192,27187,39227,Eptesicus serotinus,0.008,0.023,-1,Echolocation,/mnt/ubna_data_02_mir/recover-20220922/UBNA_001/20220921_090000.WAV,Telephone Field,recover-20220922,001,1795
623.5145,623.5551,68437,82515,Rhinolophus ferrumequinum,0.025,0.025,-1,Echolocation,/mnt/ubna_data_02_mir/recover-20220922/UBNA_001/20220921_090000.WAV,Telephone Field,recover-20220922,001,1795
623.5385,623.5497,42656,44950,Pipistrellus pipistrellus,0.026,0.029,-1,Echolocation,/mnt/ubna_data_02_mir/recover-20220922/UBNA_001/20220921_090000.WAV,Telephone Field,recover-20220922,001,1795
623.5985000000001,623.6389,68437,82332,Rhinolophus ferrumequinum,0.027,0.027,-1,Echolocation,/mnt/ubna_data_02_mir/recover-20220922/UBNA_001/20220921_090000.WAV,Telephone Field,recover-20220922,001,1795
623.6565,623.6681,28046,34096,Eptesicus serotinus,0.014,0.031,-1,Echolocation,/mnt/ubna_data_02_mir/recover-20220922/UBNA_001/20220921_090000.WAV,Telephone Field,recover-20220922,001,1795
623.6575,623.6942,68437,82646,Rhinolophus ferrumequinum,0.023,0.023,-1,Echolocation,/mnt/ubna_data_02_mir/recover-20220922/UBNA_001/20220921_090000.WAV,Telephone Field,recover-20220922,001,1795
623.6935,623.7301,68437,81704,Rhinolophus ferrumequinum,0.023,0.023,-1,Echolocation,/mnt/ubna_data_02_mir/recover-20220922/UBNA_001/20220921_090000.WAV,Telephone Field,recover-20220922,001,1795
623.7215,623.7605,68437,81905,Rhinolophus ferrumequinum,0.024,0.024,-1,Echolocation,/mnt/ubna_data_02_mir/recover-20220922/UBNA_001/20220921_090000.WAV,Telephone Field,recover-20220922,001,1795
623.7385,623.7795,68437,82642,Rhinolophus ferrumequinum,0.024,0.024,-1,Echolocation,/mnt/ubna_data_02_mir/recover-20220922/UBNA_001/20220921_090000.WAV,Telephone Field,recover-20220922,001,1795
623.7545,623.7952,68437,82580,Rhinolophus ferrumequinum,0.031,0.031,-1,Echolocation,/mnt/ubna_data_02_mir/recover-20220922/UBNA_001/20220921_090000.WAV,Telephone Field,recover-20220922,001,1795
623.7785,623.8189,68437,82468,Rhinolophus ferrumequinum,0.022,0.022,-1,Echolocation,/mnt/ubna_data_02_mir/recover-20220922/UBNA_001/20220921_090000.WAV,Telephone Field,recover-20220922,001,1795
623.7955,623.8338,68437,82551,Rhinolophus ferrumequinum,0.022,0.022,-1,Echolocation,/mnt/ubna_data_02_mir/recover-20220922/UBNA_001/20220921_090000.WAV,Telephone Field,recover-20220922,001,1795
623.8255,623.8384,23750,29699,Nyctalus leisleri,0.012,0.027,-1,Echolocation,/mnt/ubna_data_02_mir/recover-20220922/UBNA_001/20220921_090000.WAV,Telephone Field,recover-20220922,001,1795
623.8335,623.8448,24609,29928,Nyctalus leisleri,0.01,0.025,-1,Echolocation,/mnt/ubna_data_02_mir/recover-20220922/UBNA_001/20220921_090000.WAV,Telephone Field,recover-20220922,001,1795
623.8485000000001,623.8898,68437,82848,Rhinolophus ferrumequinum,0.026,0.026,-1,Echolocation,/mnt/ubna_data_02_mir/recover-20220922/UBNA_001/20220921_090000.WAV,Telephone Field,recover-20220922,001,1795
623.8665,623.9062,68437,82431,Rhinolophus ferrumequinum,0.023,0.023,-1,Echolocation,/mnt/ubna_data_02_mir/recover-20220922/UBNA_001/20220921_090000.WAV,Telephone Field,recover-20220922,001,1795
623.8715,623.8778,25468,35278,Plecotus austriacus,0.01,0.033,-1,Echolocation,/mnt/ubna_data_02_mir/recover-20220922/UBNA_001/20220921_090000.WAV,Telephone Field,recover-20220922,001,1795
623.9135,623.9226,22890,29986,Plecotus austriacus,0.008,0.023,-1,Echolocation,/mnt/ubna_data_02_mir/recover-20220922/UBNA_001/20220921_090000.WAV,Telephone Field,recover-20220922,001,1795
623.9425,623.981,68437,82719,Rhinolophus ferrumequinum,0.025,0.025,-1,Echolocation,/mnt/ubna_data_02_mir/recover-20220922/UBNA_001/20220921_090000.WAV,Telephone Field,recover-20220922,001,1795
623.9595,623.999,68437,82927,Rhinolophus ferrumequinum,0.024,0.024,-1,Echolocation,/mnt/ubna_data_02_mir/recover-20220922/UBNA_001/20220921_090000.WAV,Telephone Field,recover-20220922,001,1795
623.9715,623.9789,27187,37418,Eptesicus serotinus,0.01,0.028,-1,Echolocation,/mnt/ubna_data_02_mir/recover-20220922/UBNA_001/20220921_090000.WAV,Telephone Field,recover-20220922,001,1795
623.9785,623.9847,24609,33328,Plecotus austriacus,0.012,0.027,-1,Echolocation,/mnt/ubna_data_02_mir/recover-20220922/UBNA_001/20220921_090000.WAV,Telephone Field,recover-20220922,001,1795
624.0015,624.0371,68437,80322,Rhinolophus ferrumequinum,0.105,0.105,-1,Echolocation,/mnt/ubna_data_02_mir/recover-20220922/UBNA_001/20220921_090000.WAV,Telephone Field,recover-20220922,001,1795
624.0015,624.0092,26328,36637,Nyctalus leisleri,0.006,0.027,-1,Echolocation,/mnt/ubna_data_02_mir/recover-20220922/UBNA_001/20220921_090000.WAV,Telephone Field,recover-20220922,001,1795
624.0275,624.0669,68437,82193,Rhinolophus ferrumequinum,0.025,0.025,-1,Echolocation,/mnt/ubna_data_02_mir/recover-20220922/UBNA_001/20220921_090000.WAV,Telephone Field,recover-20220922,001,1795
624.0405,624.0775,68437,81508,Rhinolophus ferrumequinum,0.022,0.022,-1,Echolocation,/mnt/ubna_data_02_mir/recover-20220922/UBNA_001/20220921_090000.WAV,Telephone Field,recover-20220922,001,1795
624.0555,624.0935,68437,81853,Rhinolophus ferrumequinum,0.023,0.023,-1,Echolocation,/mnt/ubna_data_02_mir/recover-20220922/UBNA_001/20220921_090000.WAV,Telephone Field,recover-20220922,001,1795
624.0645,624.1038,68437,82584,Rhinolophus ferrumequinum,0.022,0.022,-1,Echolocation,/mnt/ubna_data_02_mir/recover-20220922/UBNA_001/20220921_090000.WAV,Telephone Field,recover-20220922,001,1795
624.0735,624.1144,68437,82812,Rhinolophus ferrumequinum,0.028,0.028,-1,Echolocation,/mnt/ubna_data_02_mir/recover-20220922/UBNA_001/20220921_090000.WAV,Telephone Field,recover-20220922,001,1795
624.0795,624.12,68437,83088,Rhinolophus ferrumequinum,0.029,0.029,-1,Echolocation,/mnt/ubna_data_02_mir/recover-20220922/UBNA_001/20220921_090000.WAV,Telephone Field,recover-20220922,001,1795
624.1255,624.1359,24609,32366,Eptesicus serotinus,0.011,0.025,-1,Echolocation,/mnt/ubna_data_02_mir/recover-20220922/UBNA_001/20220921_090000.WAV,Telephone Field,recover-20220922,001,1795
624.1365,624.1773,68437,83093,Rhinolophus ferrumequinum,0.026,0.026,-1,Echolocation,/mnt/ubna_data_02_mir/recover-20220922/UBNA_001/20220921_090000.WAV,Telephone Field,recover-20220922,001,1795
624.1465,624.1878,68437,82821,Rhinolophus ferrumequinum,0.026,0.026,-1,Echolocation,/mnt/ubna_data_02_mir/recover-20220922/UBNA_001/20220921_090000.WAV,Telephone Field,recover-20220922,001,1795
624.1505,624.1587,28046,39210,Eptesicus serotinus,0.009,0.027,-1,Echolocation,/mnt/ubna_data_02_mir/recover-20220922/UBNA_001/20220921_090000.WAV,Telephone Field,recover-20220922,001,1795
624.1625,624.2041,68437,83592,Rhinolophus ferrumequinum,0.041,0.041,-1,Echolocation,/mnt/ubna_data_02_mir/recover-20220922/UBNA_001/20220921_090000.WAV,Telephone Field,recover-20220922,001,1795
624.1985,624.2402,68437,82956,Rhinolophus ferrumequinum,0.027,0.027,-1,Echolocation,/mnt/ubna_data_02_mir/recover-20220922/UBNA_001/20220921_090000.WAV,Telephone Field,recover-20220922,001,1795
624.2295,624.2737,68437,82966,Rhinolophus ferrumequinum,0.039,0.039,-1,Echolocation,/mnt/ubna_data_02_mir/recover-20220922/UBNA_001/20220921_090000.WAV,Telephone Field,recover-20220922,001,1795
624.2764999999999,624.3184,68437,82609,Rhinolophus ferrumequinum,0.024,0.024,-1,Echolocation,/mnt/ubna_data_02_mir/recover-20220922/UBNA_001/20220921_090000.WAV,Telephone Field,recover-20220922,001,1795
624.3125,624.3537,68437,82123,Rhinolophus ferrumequinum,0.024,0.024,-1,Echolocation,/mnt/ubna_data_02_mir/recover-20220922/UBNA_001/20220921_090000.WAV,Telephone Field,recover-20220922,001,1795
624.3245,624.3622,68437,82142,Rhinolophus ferrumequinum,0.025,0.025,-1,Echolocation,/mnt/ubna_data_02_mir/recover-20220922/UBNA_001/20220921_090000.WAV,Telephone Field,recover-20220922,001,1795
624.3305,624.3713,68437,82529,Rhinolophus ferrumequinum,0.027,0.028,-1,Echolocation,/mnt/ubna_data_02_mir/recover-20220922/UBNA_001/20220921_090000.WAV,Telephone Field,recover-20220922,001,1795
624.3655,624.4025,68437,81860,Rhinolophus ferrumequinum,0.029,0.03,-1,Echolocation,/mnt/ubna_data_02_mir/recover-20220922/UBNA_001/20220921_090000.WAV,Telephone Field,recover-20220922,001,1795
624.3945,624.4356,68437,82676,Rhinolophus ferrumequinum,0.029,0.029,-1,Echolocation,/mnt/ubna_data_02_mir/recover-20220922/UBNA_001/20220921_090000.WAV,Telephone Field,recover-20220922,001,1795
624.4025,624.4132,22890,28218,Nyctalus leisleri,0.01,0.022,-1,Echolocation,/mnt/ubna_data_02_mir/recover-20220922/UBNA_001/20220921_090000.WAV,Telephone Field,recover-20220922,001,1795
624.4025,624.44,68437,81868,Rhinolophus ferrumequinum,0.023,0.023,-1,Echolocation,/mnt/ubna_data_02_mir/recover-20220922/UBNA_001/20220921_090000.WAV,Telephone Field,recover-20220922,001,1795
624.4115,624.4496,68437,81690,Rhinolophus ferrumequinum,0.023,0.023,-1,Echolocation,/mnt/ubna_data_02_mir/recover-20220922/UBNA_001/20220921_090000.WAV,Telephone Field,recover-20220922,001,1795
624.4245,624.4661,68437,82637,Rhinolophus ferrumequinum,0.037,0.038,-1,Echolocation,/mnt/ubna_data_02_mir/recover-20220922/UBNA_001/20220921_090000.WAV,Telephone Field,recover-20220922,001,1795
624.4655,624.5008,68437,81557,Rhinolophus ferrumequinum,0.021,0.021,-1,Echolocation,/mnt/ubna_data_02_mir/recover-20220922/UBNA_001/20220921_090000.WAV,Telephone Field,recover-20220922,001,1795
624.4875,624.498,43515,48569,Pipistrellus pipistrellus,0.02,0.024,-1,Echolocation,/mnt/ubna_data_02_mir/recover-20220922/UBNA_001/20220921_090000.WAV,Telephone Field,recover-20220922,001,1795
624.5085,624.5271,19453,22052,Nyctalus leisleri,0.015,0.026,-1,Echolocation,/mnt/ubna_data_02_mir/recover-20220922/UBNA_001/20220921_090000.WAV,Telephone Field,recover-20220922,001,1795
624.5505,624.5611,23750,30539,Eptesicus serotinus,0.009,0.026,-1,Echolocation,/mnt/ubna_data_02_mir/recover-20220922/UBNA_001/20220921_090000.WAV,Telephone Field,recover-20220922,001,1795
624.5545,624.5936,68437,81977,Rhinolophus ferrumequinum,0.025,0.025,-1,Echolocation,/mnt/ubna_data_02_mir/recover-20220922/UBNA_001/20220921_090000.WAV,Telephone Field,recover-20220922,001,1795
624.5815,624.5918,24609,31398,Nyctalus leisleri,0.009,0.024,-1,Echolocation,/mnt/ubna_data_02_mir/recover-20220922/UBNA_001/20220921_090000.WAV,Telephone Field,recover-20220922,001,1795
624.5965,624.6348,68437,82572,Rhinolophus ferrumequinum,0.024,0.024,-1,Echolocation,/mnt/ubna_data_02_mir/recover-20220922/UBNA_001/20220921_090000.WAV,Telephone Field,recover-20220922,001,1795
624.6235,624.663,68437,82522,Rhinolophus ferrumequinum,0.023,0.023,-1,Echolocation,/mnt/ubna_data_02_mir/recover-20220922/UBNA_001/20220921_090000.WAV,Telephone Field,recover-20220922,001,1795
624.6375,624.6788,68437,82855,Rhinolophus ferrumequinum,0.024,0.024,-1,Echolocation,/mnt/ubna_data_02_mir/recover-20220922/UBNA_001/20220921_090000.WAV,Telephone Field,recover-20220922,001,1795
624.6785,624.7179,68437,82374,Rhinolophus ferrumequinum,0.025,0.025,-1,Echolocation,/mnt/ubna_data_02_mir/recover-20220922/UBNA_001/20220921_090000.WAV,Telephone Field,recover-20220922,001,1795
624.7015,624.7415,68437,82588,Rhinolophus ferrumequinum,0.022,0.022,-1,Echolocation,/mnt/ubna_data_02_mir/recover-20220922/UBNA_001/20220921_090000.WAV,Telephone Field,recover-20220922,001,1795
624.7465,624.7595,22031,26622,Nyctalus leisleri,0.012,0.024,-1,Echolocation,/mnt/ubna_data_02_mir/recover-20220922/UBNA_001/20220921_090000.WAV,Telephone Field,recover-20220922,001,1795
624.7555,624.7635,27187,36425,Eptesicus serotinus,0.008,0.023,-1,Echolocation,/mnt/ubna_data_02_mir/recover-20220922/UBNA_001/20220921_090000.WAV,Telephone Field,recover-20220922,001,1795
624.7575,624.7958,68437,82253,Rhinolophus ferrumequinum,0.023,0.023,-1,Echolocation,/mnt/ubna_data_02_mir/recover-20220922/UBNA_001/20220921_090000.WAV,Telephone Field,recover-20220922,001,1795
624.7795,624.8175,68437,81968,Rhinolophus ferrumequinum,0.025,0.025,-1,Echolocation,/mnt/ubna_data_02_mir/recover-20220922/UBNA_001/20220921_090000.WAV,Telephone Field,recover-20220922,001,1795
624.7925,624.8323,68437,82627,Rhinolophus ferrumequinum,0.022,0.022,-1,Echolocation,/mnt/ubna_data_02_mir/recover-20220922/UBNA_001/20220921_090000.WAV,Telephone Field,recover-20220922,001,1795
624.8145,624.8554,68437,82200,Rhinolophus ferrumequinum,0.027,0.027,-1,Echolocation,/mnt/ubna_data_02_mir/recover-20220922/UBNA_001/20220921_090000.WAV,Telephone Field,recover-20220922,001,1795
624.8235,624.8643,68437,82714,Rhinolophus ferrumequinum,0.021,0.021,-1,Echolocation,/mnt/ubna_data_02_mir/recover-20220922/UBNA_001/20220921_090000.WAV,Telephone Field,recover-20220922,001,1795
624.8975,624.9101,22031,26435,Nyctalus leisleri,0.015,0.025,-1,Echolocation,/mnt/ubna_data_02_mir/recover-20220922/UBNA_001/20220921_090000.WAV,Telephone Field,recover-20220922,001,1795
624.9014999999999,624.9457,68437,83500,Rhinolophus ferrumequinum,0.027,0.027,-1,Echolocation,/mnt/ubna_data_02_mir/recover-20220922/UBNA_001/20220921_090000.WAV,Telephone Field,recover-20220922,001,1795
624.9115,624.92,54687,60853,Pipistrellus pygmaeus,0.02,0.022,-1,Echolocation,/mnt/ubna_data_02_mir/recover-20220922/UBNA_001/20220921_090000.WAV,Telephone Field,recover-20220922,001,1795
624.9155,624.9558,68437,82396,Rhinolophus ferrumequinum,0.028,0.028,-1,Echolocation,/mnt/ubna_data_02_mir/recover-20220922/UBNA_001/20220921_090000.WAV,Telephone Field,recover-20220922,001,1795
624.9665,625.0086,68437,83212,Rhinolophus ferrumequinum,0.029,0.029,-1,Echolocation,/mnt/ubna_data_02_mir/recover-20220922/UBNA_001/20220921_090000.WAV,Telephone Field,recover-20220922,001,1795
624.9805,624.9884,14296,25122,Plecotus auritus,0.014,0.024,-1,Echolocation,/mnt/ubna_data_02_mir/recover-20220922/UBNA_001/20220921_090000.WAV,Telephone Field,recover-20220922,001,1795
624.9885,625.0269,68437,81628,Rhinolophus ferrumequinum,0.023,0.023,-1,Echolocation,/mnt/ubna_data_02_mir/recover-20220922/UBNA_001/20220921_090000.WAV,Telephone Field,recover-20220922,001,1795
625.0125,625.0501,68437,81957,Rhinolophus ferrumequinum,0.021,0.021,-1,Echolocation,/mnt/ubna_data_02_mir/recover-20220922/UBNA_001/20220921_090000.WAV,Telephone Field,recover-20220922,001,1795
625.0325,625.078,68437,83359,Rhinolophus ferrumequinum,0.055,0.055,-1,Echolocation,/mnt/ubna_data_02_mir/recover-20220922/UBNA_001/20220921_090000.WAV,Telephone Field,recover-20220922,001,1795
625.0455,625.0863,68437,82681,Rhinolophus ferrumequinum,0.028,0.028,-1,Echolocation,/mnt/ubna_data_02_mir/recover-20220922/UBNA_001/20220921_090000.WAV,Telephone Field,recover-20220922,001,1795
625.0555,625.0918,68437,81769,Rhinolophus ferrumequinum,0.024,0.024,-1,Echolocation,/mnt/ubna_data_02_mir/recover-20220922/UBNA_001/20220921_090000.WAV,Telephone Field,recover-20220922,001,1795
625.0925,625.1318,68437,82886,Rhinolophus ferrumequinum,0.027,0.027,-1,Echolocation,/mnt/ubna_data_02_mir/recover-20220922/UBNA_001/20220921_090000.WAV,Telephone Field,recover-20220922,001,1795
625.1125,625.155,68437,83304,Rhinolophus ferrumequinum,0.036,0.036,-1,Echolocation,/mnt/ubna_data_02_mir/recover-20220922/UBNA_001/20220921_090000.WAV,Telephone Field,recover-20220922,001,1795
625.1205,625.1322,23750,29312,Nyctalus leisleri,0.017,0.035,-1,Echolocation,/mnt/ubna_data_02_mir/recover-20220922/UBNA_001/20220921_090000.WAV,Telephone Field,recover-20220922,001,1795
625.1355,625.1717,68437,81479,Rhinolophus ferrumequinum,0.022,0.022,-1,Echolocation,/mnt/ubna_data_02_mir/recover-20220922/UBNA_001/20220921_090000.WAV,Telephone Field,recover-20220922,001,1795
625.1505,625.1901,68437,82325,Rhinolophus ferrumequinum,0.023,0.023,-1,Echolocation,/mnt/ubna_data_02_mir/recover-20220922/UBNA_001/20220921_090000.WAV,Telephone Field,recover-20220922,001,1795
625.1575,625.1954,68437,81883,Rhinolophus ferrumequinum,0.022,0.022,-1,Echolocation,/mnt/ubna_data_02_mir/recover-20220922/UBNA_001/20220921_090000.WAV,Telephone Field,recover-20220922,001,1795
625.1875,625.2278,68437,82019,Rhinolophus ferrumequinum,0.025,0.025,-1,Echolocation,/mnt/ubna_data_02_mir/recover-20220922/UBNA_001/20220921_090000.WAV,Telephone Field,recover-20220922,001,1795
625.2005,625.2115,23750,29474,Nyctalus leisleri,0.013,0.028,-1,Echolocation,/mnt/ubna_data_02_mir/recover-20220922/UBNA_001/20220921_090000.WAV,Telephone Field,recover-20220922,001,1795
625.2195,625.2554,68437,80805,Rhinolophus ferrumequinum,0.023,0.023,-1,Echolocation,/mnt/ubna_data_02_mir/recover-20220922/UBNA_001/20220921_090000.WAV,Telephone Field,recover-20220922,001,1795
625.2675,625.3035,68437,81368,Rhinolophus ferrumequinum,0.021,0.021,-1,Echolocation,/mnt/ubna_data_02_mir/recover-20220922/UBNA_001/20220921_090000.WAV,Telephone Field,recover-20220922,001,1795
625.3105,625.3511,68437,82072,Rhinolophus ferrumequinum,0.022,0.022,-1,Echolocation,/mnt/ubna_data_02_mir/recover-20220922/UBNA_001/20220921_090000.WAV,Telephone Field,recover-20220922,001,1795
625.3785,625.3902,22890,28253,Nyctalus leisleri,0.015,0.031,-1,Echolocation,/mnt/ubna_data_02_mir/recover-20220922/UBNA_001/20220921_090000.WAV,Telephone Field,recover-20220922,001,1795
625.3935,625.4331,68437,82637,Rhinolophus ferrumequinum,0.025,0.025,-1,Echolocation,/mnt/ubna_data_02_mir/recover-20220922/UBNA_001/20220921_090000.WAV,Telephone Field,recover-20220922,001,1795
625.4005,625.4429,68437,82830,Rhinolophus ferrumequinum,0.025,0.025,-1,Echolocation,/mnt/ubna_data_02_mir/recover-20220922/UBNA_001/20220921_090000.WAV,Telephone Field,recover-20220922,001,1795
625.4035,625.4133,28046,36336,Eptesicus serotinus,0.012,0.024,-1,Echolocation,/mnt/ubna_data_02_mir/recover-20220922/UBNA_001/20220921_090000.WAV,Telephone Field,recover-20220922,001,1795
625.4085,625.4492,68437,82770,Rhinolophus ferrumequinum,0.027,0.027,-1,Echolocation,/mnt/ubna_data_02_mir/recover-20220922/UBNA_001/20220921_090000.WAV,Telephone Field,recover-20220922,001,1795
625.4265,625.4632,68437,81901,Rhinolophus ferrumequinum,0.022,0.022,-1,Echolocation,/mnt/ubna_data_02_mir/recover-20220922/UBNA_001/20220921_090000.WAV,Telephone Field,recover-20220922,001,1795
625.4465,625.4564,28046,36097,Eptesicus serotinus,0.012,0.025,-1,Echolocation,/mnt/ubna_data_02_mir/recover-20220922/UBNA_001/20220921_090000.WAV,Telephone Field,recover-20220922,001,1795
625.4545,625.4656,56406,61137,Pipistrellus pygmaeus,0.025,0.026,-1,Echolocation,/mnt/ubna_data_02_mir/recover-20220922/UBNA_001/20220921_090000.WAV,Telephone Field,recover-20220922,001,1795
625.4755,625.5142,68437,82195,Rhinolophus ferrumequinum,0.022,0.022,-1,Echolocation,/mnt/ubna_data_02_mir/recover-20220922/UBNA_001/20220921_090000.WAV,Telephone Field,recover-20220922,001,1795
625.5055,625.5136,27187,37995,Eptesicus serotinus,0.008,0.023,-1,Echolocation,/mnt/ubna_data_02_mir/recover-20220922/UBNA_001/20220921_090000.WAV,Telephone Field,recover-20220922,001,1795
625.5195,625.5583,68437,82545,Rhinolophus ferrumequinum,0.023,0.023,-1,Echolocation,/mnt/ubna_data_02_mir/recover-20220922/UBNA_001/20220921_090000.WAV,Telephone Field,recover-20220922,001,1795
625.5285,625.5707,68437,83012,Rhinolophus ferrumequinum,0.026,0.026,-1,Echolocation,/mnt/ubna_data_02_mir/recover-20220922/UBNA_001/20220921_090000.WAV,Telephone Field,recover-20220922,001,1795
625.5345,625.5758,68437,82787,Rhinolophus ferrumequinum,0.025,0.025,-1,Echolocation,/mnt/ubna_data_02_mir/recover-20220922/UBNA_001/20220921_090000.WAV,Telephone Field,recover-20220922,001,1795
625.5355,625.5465,24609,30977,Nyctalus leisleri,0.009,0.024,-1,Echolocation,/mnt/ubna_data_02_mir/recover-20220922/UBNA_001/20220921_090000.WAV,Telephone Field,recover-20220922,001,1795
625.5535,625.5922,68437,82437,Rhinolophus ferrumequinum,0.022,0.022,-1,Echolocation,/mnt/ubna_data_02_mir/recover-20220922/UBNA_001/20220921_090000.WAV,Telephone Field,recover-20220922,001,1795
625.5745,625.5853,25468,33038,Eptesicus serotinus,0.011,0.025,-1,Echolocation,/mnt/ubna_data_02_mir/recover-20220922/UBNA_001/20220921_090000.WAV,Telephone Field,recover-20220922,001,1795
625.5845,625.6202,68437,81189,Rhinolophus ferrumequinum,0.032,0.032,-1,Echolocation,/mnt/ubna_data_02_mir/recover-20220922/UBNA_001/20220921_090000.WAV,Telephone Field,recover-20220922,001,1795
625.6475,625.684,68437,81010,Rhinolophus ferrumequinum,0.024,0.024,-1,Echolocation,/mnt/ubna_data_02_mir/recover-20220922/UBNA_001/20220921_090000.WAV,Telephone Field,recover-20220922,001,1795
625.6665,625.7064,68437,82452,Rhinolophus ferrumequinum,0.028,0.028,-1,Echolocation,/mnt/ubna_data_02_mir/recover-20220922/UBNA_001/20220921_090000.WAV,Telephone Field,recover-20220922,001,1795
625.6735,625.7144,68437,82702,Rhinolophus ferrumequinum,0.027,0.027,-1,Echolocation,/mnt/ubna_data_02_mir/recover-20220922/UBNA_001/20220921_090000.WAV,Telephone Field,recover-20220922,001,1795
625.6985,625.7334,68437,81004,Rhinolophus ferrumequinum,0.021,0.021,-1,Echolocation,/mnt/ubna_data_02_mir/recover-20220922/UBNA_001/20220921_090000.WAV,Telephone Field,recover-20220922,001,1795
625.7105,625.7218,22890,27098,Nyctalus leisleri,0.013,0.023,-1,Echolocation,/mnt/ubna_data_02_mir/recover-20220922/UBNA_001/20220921_090000.WAV,Telephone Field,recover-20220922,001,1795
625.7325,625.7747,68437,83240,Rhinolophus ferrumequinum,0.036,0.036,-1,Echolocation,/mnt/ubna_data_02_mir/recover-20220922/UBNA_001/20220921_090000.WAV,Telephone Field,recover-20220922,001,1795
625.7565,625.7929,68437,82099,Rhinolophus ferrumequinum,0.023,0.023,-1,Echolocation,/mnt/ubna_data_02_mir/recover-20220922/UBNA_001/20220921_090000.WAV,Telephone Field,recover-20220922,001,1795
625.7695,625.7789,28906,37564,Eptesicus serotinus,0.008,0.023,-1,Echolocation,/mnt/ubna_data_02_mir/recover-20220922/UBNA_001/20220921_090000.WAV,Telephone Field,recover-20220922,001,1795
625.7815,625.8214,68437,81592,Rhinolophus ferrumequinum,0.031,0.031,-1,Echolocation,/mnt/ubna_data_02_mir/recover-20220922/UBNA_001/20220921_090000.WAV,Telephone Field,recover-20220922,001,1795
625.7965,625.8335,68437,81408,Rhinolophus ferrumequinum,0.021,0.022,-1,Echolocation,/mnt/ubna_data_02_mir/recover-20220922/UBNA_001/20220921_090000.WAV,Telephone Field,recover-20220922,001,1795
625.8055,625.8435,68437,80897,Rhinolophus ferrumequinum,0.023,0.023,-1,Echolocation,/mnt/ubna_data_02_mir/recover-20220922/UBNA_001/20220921_090000.WAV,Telephone Field,recover-20220922,001,1795
625.8735,625.913,68437,82578,Rhinolophus ferrumequinum,0.022,0.022,-1,Echolocation,/mnt/ubna_data_02_mir/recover-20220922/UBNA_001/20220921_090000.WAV,Telephone Field,recover-20220922,001,1795
625.8815,625.9189,68437,81916,Rhinolophus ferrumequinum,0.022,0.022,-1,Echolocation,/mnt/ubna_data_02_mir/recover-20220922/UBNA_001/20220921_090000.WAV,Telephone Field,recover-20220922,001,1795
625.9295,625.9703,68437,82953,Rhinolophus ferrumequinum,0.022,0.022,-1,Echolocation,/mnt/ubna_data_02_mir/recover-20220922/UBNA_001/20220921_090000.WAV,Telephone Field,recover-20220922,001,1795
625.9415,625.9832,68437,83122,Rhinolophus ferrumequinum,0.026,0.026,-1,Echolocation,/mnt/ubna_data_02_mir/recover-20220922/UBNA_001/20220921_090000.WAV,Telephone Field,recover-20220922,001,1795
625.9655,625.9759,28906,37142,Eptesicus serotinus,0.01,0.023,-1,Echolocation,/mnt/ubna_data_02_mir/recover-20220922/UBNA_001/20220921_090000.WAV,Telephone Field,recover-20220922,001,1795
626.0015,626.0105,30625,39117,Myotis daubentonii,0.006,0.024,-1,Echolocation,/mnt/ubna_data_02_mir/recover-20220922/UBNA_001/20220921_090000.WAV,Telephone Field,recover-20220922,001,1795
626.0015,626.0352,69296,80369,Rhinolophus ferrumequinum,0.033,0.033,-1,Echolocation,/mnt/ubna_data_02_mir/recover-20220922/UBNA_001/20220921_090000.WAV,Telephone Field,recover-20220922,001,1795
626.0015,626.0089,25468,36495,Eptesicus serotinus,0.006,0.026,-1,Echolocation,/mnt/ubna_data_02_mir/recover-20220922/UBNA_001/20220921_090000.WAV,Telephone Field,recover-20220922,001,1795
626.0085,626.0504,68437,81682,Rhinolophus ferrumequinum,0.022,0.022,-1,Echolocation,/mnt/ubna_data_02_mir/recover-20220922/UBNA_001/20220921_090000.WAV,Telephone Field,recover-20220922,001,1795
626.0545,626.0651,22890,27955,Nyctalus leisleri,0.012,0.024,-1,Echolocation,/mnt/ubna_data_02_mir/recover-20220922/UBNA_001/20220921_090000.WAV,Telephone Field,recover-20220922,001,1795
626.0675,626.0739,28046,39290,Eptesicus serotinus,0.007,0.029,-1,Echolocation,/mnt/ubna_data_02_mir/recover-20220922/UBNA_001/20220921_090000.WAV,Telephone Field,recover-20220922,001,1795
626.1035,626.1454,68437,83130,Rhinolophus ferrumequinum,0.031,0.031,-1,Echolocation,/mnt/ubna_data_02_mir/recover-20220922/UBNA_001/20220921_090000.WAV,Telephone Field,recover-20220922,001,1795
626.1595,626.1682,28906,37757,Eptesicus serotinus,0.007,0.022,-1,Echolocation,/mnt/ubna_data_02_mir/recover-20220922/UBNA_001/20220921_090000.WAV,Telephone Field,recover-20220922,001,1795
626.1605,626.2046,68437,83165,Rhinolophus ferrumequinum,0.032,0.032,-1,Echolocation,/mnt/ubna_data_02_mir/recover-20220922/UBNA_001/20220921_090000.WAV,Telephone Field,recover-20220922,001,1795
626.2075,626.2188,24609,31088,Nyctalus leisleri,0.009,0.022,-1,Echolocation,/mnt/ubna_data_02_mir/recover-20220922/UBNA_001/20220921_090000.WAV,Telephone Field,recover-20220922,001,1795
626.2395,626.2467,27187,39656,Eptesicus serotinus,0.007,0.024,-1,Echolocation,/mnt/ubna_data_02_mir/recover-20220922/UBNA_001/20220921_090000.WAV,Telephone Field,recover-20220922,001,1795
626.2475,626.2865,68437,82509,Rhinolophus ferrumequinum,0.021,0.021,-1,Echolocation,/mnt/ubna_data_02_mir/recover-20220922/UBNA_001/20220921_090000.WAV,Telephone Field,recover-20220922,001,1795
626.2745,626.3157,68437,82605,Rhinolophus ferrumequinum,0.025,0.025,-1,Echolocation,/mnt/ubna_data_02_mir/recover-20220922/UBNA_001/20220921_090000.WAV,Telephone Field,recover-20220922,001,1795
626.2895,626.3307,68437,82747,Rhinolophus ferrumequinum,0.025,0.025,-1,Echolocation,/mnt/ubna_data_02_mir/recover-20220922/UBNA_001/20220921_090000.WAV,Telephone Field,recover-20220922,001,1795
626.3005,626.3137,28906,33588,Eptesicus serotinus,0.017,0.037,-1,Echolocation,/mnt/ubna_data_02_mir/recover-20220922/UBNA_001/20220921_090000.WAV,Telephone Field,recover-20220922,001,1795
626.3115,626.348,68437,81379,Rhinolophus ferrumequinum,0.027,0.027,-1,Echolocation,/mnt/ubna_data_02_mir/recover-20220922/UBNA_001/20220921_090000.WAV,Telephone Field,recover-20220922,001,1795
626.3115,626.3197,27187,36821,Eptesicus serotinus,0.007,0.022,-1,Echolocation,/mnt/ubna_data_02_mir/recover-20220922/UBNA_001/20220921_090000.WAV,Telephone Field,recover-20220922,001,1795
626.3265,626.3343,28906,38897,Eptesicus serotinus,0.007,0.022,-1,Echolocation,/mnt/ubna_data_02_mir/recover-20220922/UBNA_001/20220921_090000.WAV,Telephone Field,recover-20220922,001,1795
626.3355,626.3729,68437,81389,Rhinolophus ferrumequinum,0.022,0.022,-1,Echolocation,/mnt/ubna_data_02_mir/recover-20220922/UBNA_001/20220921_090000.WAV,Telephone Field,recover-20220922,001,1795
626.3505,626.3607,28906,36728,Eptesicus serotinus,0.011,0.025,-1,Echolocation,/mnt/ubna_data_02_mir/recover-20220922/UBNA_001/20220921_090000.WAV,Telephone Field,recover-20220922,001,1795
626.3595,626.396,68437,81930,Rhinolophus ferrumequinum,0.023,0.023,-1,Echolocation,/mnt/ubna_data_02_mir/recover-20220922/UBNA_001/20220921_090000.WAV,Telephone Field,recover-20220922,001,1795
626.3725,626.3836,22031,27002,Nyctalus leisleri,0.011,0.022,-1,Echolocation,/mnt/ubna_data_02_mir/recover-20220922/UBNA_001/20220921_090000.WAV,Telephone Field,recover-20220922,001,1795
626.4035,626.4147,25468,31406,Eptesicus serotinus,0.012,0.029,-1,Echolocation,/mnt/ubna_data_02_mir/recover-20220922/UBNA_001/20220921_090000.WAV,Telephone Field,recover-20220922,001,1795
626.4055,626.4443,68437,82630,Rhinolophus ferrumequinum,0.023,0.023,-1,Echolocation,/mnt/ubna_data_02_mir/recover-20220922/UBNA_001/20220921_090000.WAV,Telephone Field,recover-20220922,001,1795
626.4245,626.4642,68437,82459,Rhinolophus ferrumequinum,0.022,0.022,-1,Echolocation,/mnt/ubna_data_02_mir/recover-20220922/UBNA_001/20220921_090000.WAV,Telephone Field,recover-20220922,001,1795
626.4305,626.4379,27187,36872,Eptesicus serotinus,0.011,0.029,-1,Echolocation,/mnt/ubna_data_02_mir/recover-20220922/UBNA_001/20220921_090000.WAV,Telephone Field,recover-20220922,001,1795
626.4535,626.4613,47812,54517,Pipistrellus pipistrellus,0.03,0.032,-1,Echolocation,/mnt/ubna_data_02_mir/recover-20220922/UBNA_001/20220921_090000.WAV,Telephone Field,recover-20220922,001,1795
626.4545,626.4628,22890,30278,Plecotus austriacus,0.011,0.024,-1,Echolocation,/mnt/ubna_data_02_mir/recover-20220922/UBNA_001/20220921_090000.WAV,Telephone Field,recover-20220922,001,1795
626.4955,626.5033,27187,40804,Eptesicus serotinus,0.007,0.022,-1,Echolocation,/mnt/ubna_data_02_mir/recover-20220922/UBNA_001/20220921_090000.WAV,Telephone Field,recover-20220922,001,1795
626.5185,626.5579,68437,82060,Rhinolophus ferrumequinum,0.022,0.022,-1,Echolocation,/mnt/ubna_data_02_mir/recover-20220922/UBNA_001/20220921_090000.WAV,Telephone Field,recover-20220922,001,1795
626.5635,626.5725,28046,36996,Eptesicus serotinus,0.008,0.022,-1,Echolocation,/mnt/ubna_data_02_mir/recover-20220922/UBNA_001/20220921_090000.WAV,Telephone Field,recover-20220922,001,1795
626.5685,626.6061,68437,82332,Rhinolophus ferrumequinum,0.024,0.024,-1,Echolocation,/mnt/ubna_data_02_mir/recover-20220922/UBNA_001/20220921_090000.WAV,Telephone Field,recover-20220922,001,1795
626.6295,626.6391,26328,35268,Eptesicus serotinus,0.009,0.023,-1,Echolocation,/mnt/ubna_data_02_mir/recover-20220922/UBNA_001/20220921_090000.WAV,Telephone Field,recover-20220922,001,1795
626.7005,626.7411,68437,82569,Rhinolophus ferrumequinum,0.027,0.028,-1,Echolocation,/mnt/ubna_data_02_mir/recover-20220922/UBNA_001/20220921_090000.WAV,Telephone Field,recover-20220922,001,1795
626.7355,626.7732,68437,82638,Rhinolophus ferrumequinum,0.024,0.024,-1,Echolocation,/mnt/ubna_data_02_mir/recover-20220922/UBNA_001/20220921_090000.WAV,Telephone Field,recover-20220922,001,1795
626.7905,626.8317,68437,82697,Rhinolophus ferrumequinum,0.029,0.029,-1,Echolocation,/mnt/ubna_data_02_mir/recover-20220922/UBNA_001/20220921_090000.WAV,Telephone Field,recover-20220922,001,1795
626.8135,626.8212,25468,36337,Eptesicus serotinus,0.005,0.022,-1,Echolocation,/mnt/ubna_data_02_mir/recover-20220922/UBNA_001/20220921_090000.WAV,Telephone Field,recover-20220922,001,1795
626.8235,626.8641,68437,82763,Rhinolophus ferrumequinum,0.028,0.028,-1,Echolocation,/mnt/ubna_data_02_mir/recover-20220922/UBNA_001/20220921_090000.WAV,Telephone Field,recover-20220922,001,1795
626.8405,626.8543,24609,30487,Nyctalus leisleri,0.014,0.036,-1,Echolocation,/mnt/ubna_data_02_mir/recover-20220922/UBNA_001/20220921_090000.WAV,Telephone Field,recover-20220922,001,1795
626.8535,626.8671,28906,33823,Eptesicus serotinus,0.021,0.038,-1,Echolocation,/mnt/ubna_data_02_mir/recover-20220922/UBNA_001/20220921_090000.WAV,Telephone Field,recover-20220922,001,1795
626.8745,626.8819,28046,39894,Eptesicus serotinus,0.006,0.025,-1,Echolocation,/mnt/ubna_data_02_mir/recover-20220922/UBNA_001/20220921_090000.WAV,Telephone Field,recover-20220922,001,1795
626.8875,626.925,68437,81713,Rhinolophus ferrumequinum,0.025,0.025,-1,Echolocation,/mnt/ubna_data_02_mir/recover-20220922/UBNA_001/20220921_090000.WAV,Telephone Field,recover-20220922,001,1795
626.9235,626.9317,28046,41745,Eptesicus serotinus,0.007,0.022,-1,Echolocation,/mnt/ubna_data_02_mir/recover-20220922/UBNA_001/20220921_090000.WAV,Telephone Field,recover-20220922,001,1795
626.9305,626.9672,68437,81804,Rhinolophus ferrumequinum,0.022,0.022,-1,Echolocation,/mnt/ubna_data_02_mir/recover-20220922/UBNA_001/20220921_090000.WAV,Telephone Field,recover-20220922,001,1795
626.9365,626.9463,28046,36705,Eptesicus serotinus,0.014,0.03,-1,Echolocation,/mnt/ubna_data_02_mir/recover-20220922/UBNA_001/20220921_090000.WAV,Telephone Field,recover-20220922,001,1795
626.9485,626.9849,68437,81525,Rhinolophus ferrumequinum,0.025,0.025,-1,Echolocation,/mnt/ubna_data_02_mir/recover-20220922/UBNA_001/20220921_090000.WAV,Telephone Field,recover-20220922,001,1795
626.9545,626.9662,23750,29084,Nyctalus leisleri,0.013,0.026,-1,Echolocation,/mnt/ubna_data_02_mir/recover-20220922/UBNA_001/20220921_090000.WAV,Telephone Field,recover-20220922,001,1795
626.9595,626.9985,68437,82191,Rhinolophus ferrumequinum,0.022,0.022,-1,Echolocation,/mnt/ubna_data_02_mir/recover-20220922/UBNA_001/20220921_090000.WAV,Telephone Field,recover-20220922,001,1795
627.0025,627.0414,68437,81879,Rhinolophus ferrumequinum,0.022,0.022,-1,Echolocation,/mnt/ubna_data_02_mir/recover-20220922/UBNA_001/20220921_090000.WAV,Telephone Field,recover-20220922,001,1795
627.0025,627.0152,22031,26519,Nyctalus leisleri,0.013,0.024,-1,Echolocation,/mnt/ubna_data_02_mir/recover-20220922/UBNA_001/20220921_090000.WAV,Telephone Field,recover-20220922,001,1795
627.0105,627.0499,68437,82121,Rhinolophus ferrumequinum,0.022,0.022,-1,Echolocation,/mnt/ubna_data_02_mir/recover-20220922/UBNA_001/20220921_090000.WAV,Telephone Field,recover-20220922,001,1795
627.0395,627.0762,68437,81388,Rhinolophus ferrumequinum,0.023,0.023,-1,Echolocation,/mnt/ubna_data_02_mir/recover-20220922/UBNA_001/20220921_090000.WAV,Telephone Field,recover-20220922,001,1795
627.0505,627.0597,23750,30920,Nyctalus leisleri,0.007,0.022,-1,Echolocation,/mnt/ubna_data_02_mir/recover-20220922/UBNA_001/20220921_090000.WAV,Telephone Field,recover-20220922,001,1795
627.0565,627.0621,46953,52833,Pipistrellus pipistrellus,0.043,0.044,-1,Echolocation,/mnt/ubna_data_02_mir/recover-20220922/UBNA_001/20220921_090000.WAV,Telephone Field,recover-20220922,001,1795
627.0575,627.0635,36640,61881,Myotis brandtii,0.008,0.023,-1,Echolocation,/mnt/ubna_data_02_mir/recover-20220922/UBNA_001/20220921_090000.WAV,Telephone Field,recover-20220922,001,1795
627.0875,627.1264,68437,82244,Rhinolophus ferrumequinum,0.024,0.024,-1,Echolocation,/mnt/ubna_data_02_mir/recover-20220922/UBNA_001/20220921_090000.WAV,Telephone Field,recover-20220922,001,1795
627.1125,627.1209,25468,34503,Eptesicus serotinus,0.009,0.022,-1,Echolocation,/mnt/ubna_data_02_mir/recover-20220922/UBNA_001/20220921_090000.WAV,Telephone Field,recover-20220922,001,1795
627.1665,627.2071,68437,82668,Rhinolophus ferrumequinum,0.025,0.025,-1,Echolocation,/mnt/ubna_data_02_mir/recover-20220922/UBNA_001/20220921_090000.WAV,Telephone Field,recover-20220922,001,1795
627.1985,627.2384,68437,82550,Rhinolophus ferrumequinum,0.022,0.022,-1,Echolocation,/mnt/ubna_data_02_mir/recover-20220922/UBNA_001/20220921_090000.WAV,Telephone Field,recover-20220922,001,1795
627.1985,627.2062,26328,35753,Eptesicus serotinus,0.011,0.033,-1,Echolocation,/mnt/ubna_data_02_mir/recover-20220922/UBNA_001/20220921_090000.WAV,Telephone Field,recover-20220922,001,1795
627.2395,627.2806,68437,82479,Rhinolophus ferrumequinum,0.028,0.028,-1,Echolocation,/mnt/ubna_data_02_mir/recover-20220922/UBNA_001/20220921_090000.WAV,Telephone Field,recover-20220922,001,1795
627.2425,627.2481,37500,59346,Myotis mystacinus,0.006,0.022,-1,Echolocation,/mnt/ubna_data_02_mir/recover-20220922/UBNA_001/20220921_090000.WAV,Telephone Field,recover-20220922,001,1795
627.2585,627.2978,68437,82252,Rhinolophus ferrumequinum,0.023,0.023,-1,Echolocation,/mnt/ubna_data_02_mir/recover-20220922/UBNA_001/20220921_090000.WAV,Telephone Field,recover-20220922,001,1795
627.2635,627.3011,68437,82425,Rhinolophus ferrumequinum,0.023,0.023,-1,Echolocation,/mnt/ubna_data_02_mir/recover-20220922/UBNA_001/20220921_090000.WAV,Telephone Field,recover-20220922,001,1795
627.2764999999999,627.3137,68437,80528,Rhinolophus ferrumequinum,0.023,0.023,-1,Echolocation,/mnt/ubna_data_02_mir/recover-20220922/UBNA_001/20220921_090000.WAV,Telephone Field,recover-20220922,001,1795
627.2825,627.3199,68437,81394,Rhinolophus ferrumequinum,0.025,0.025,-1,Echolocation,/mnt/ubna_data_02_mir/recover-20220922/UBNA_001/20220921_090000.WAV,Telephone Field,recover-20220922,001,1795
627.2825,627.2905,27187,39691,Eptesicus serotinus,0.007,0.022,-1,Echolocation,/mnt/ubna_data_02_mir/recover-20220922/UBNA_001/20220921_090000.WAV,Telephone Field,recover-20220922,001,1795
627.2835,627.2976,16015,22051,Nyctalus noctula,0.024,0.033,-1,Echolocation,/mnt/ubna_data_02_mir/recover-20220922/UBNA_001/20220921_090000.WAV,Telephone Field,recover-20220922,001,1795
627.3065,627.3178,24609,30106,Nyctalus leisleri,0.013,0.028,-1,Echolocation,/mnt/ubna_data_02_mir/recover-20220922/UBNA_001/20220921_090000.WAV,Telephone Field,recover-20220922,001,1795
627.3205,627.3304,28906,39727,Eptesicus serotinus,0.009,0.024,-1,Echolocation,/mnt/ubna_data_02_mir/recover-20220922/UBNA_001/20220921_090000.WAV,Telephone Field,recover-20220922,001,1795
627.3245,627.3626,68437,81682,Rhinolophus ferrumequinum,0.023,0.023,-1,Echolocation,/mnt/ubna_data_02_mir/recover-20220922/UBNA_001/20220921_090000.WAV,Telephone Field,recover-20220922,001,1795
627.3255,627.3365,34062,40241,Eptesicus serotinus,0.005,0.023,-1,Echolocation,/mnt/ubna_data_02_mir/recover-20220922/UBNA_001/20220921_090000.WAV,Telephone Field,recover-20220922,001,1795
627.3275,627.3375,28046,36347,Eptesicus serotinus,0.008,0.022,-1,Echolocation,/mnt/ubna_data_02_mir/recover-20220922/UBNA_001/20220921_090000.WAV,Telephone Field,recover-20220922,001,1795
627.3365,627.3447,28046,37889,Eptesicus serotinus,0.007,0.022,-1,Echolocation,/mnt/ubna_data_02_mir/recover-20220922/UBNA_001/20220921_090000.WAV,Telephone Field,recover-20220922,001,1795
627.3655,627.4051,68437,82078,Rhinolophus ferrumequinum,0.023,0.023,-1,Echolocation,/mnt/ubna_data_02_mir/recover-20220922/UBNA_001/20220921_090000.WAV,Telephone Field,recover-20220922,001,1795
627.3685,627.378,28046,37778,Eptesicus serotinus,0.008,0.021,-1,Echolocation,/mnt/ubna_data_02_mir/recover-20220922/UBNA_001/20220921_090000.WAV,Telephone Field,recover-20220922,001,1795
627.3895,627.3971,27187,37805,Eptesicus serotinus,0.008,0.028,-1,Echolocation,/mnt/ubna_data_02_mir/recover-20220922/UBNA_001/20220921_090000.WAV,Telephone Field,recover-20220922,001,1795
627.4195,627.4607,68437,82982,Rhinolophus ferrumequinum,0.031,0.031,-1,Echolocation,/mnt/ubna_data_02_mir/recover-20220922/UBNA_001/20220921_090000.WAV,Telephone Field,recover-20220922,001,1795
627.4615,627.4984,68437,81463,Rhinolophus ferrumequinum,0.023,0.023,-1,Echolocation,/mnt/ubna_data_02_mir/recover-20220922/UBNA_001/20220921_090000.WAV,Telephone Field,recover-20220922,001,1795
627.4865,627.5207,68437,80872,Rhinolophus ferrumequinum,0.032,0.033,-1,Echolocation,/mnt/ubna_data_02_mir/recover-20220922/UBNA_001/20220921_090000.WAV,Telephone Field,recover-20220922,001,1795
627.5065,627.5151,28046,41747,Eptesicus serotinus,0.007,0.022,-1,Echolocation,/mnt/ubna_data_02_mir/recover-20220922/UBNA_001/20220921_090000.WAV,Telephone Field,recover-20220922,001,1795
627.5065,627.5124,48671,55061,Pipistrellus pipistrellus,0.019,0.023,-1,Echolocation,/mnt/ubna_data_02_mir/recover-20220922/UBNA_001/20220921_090000.WAV,Telephone Field,recover-20220922,001,1795
627.5095,627.5492,68437,81958,Rhinolophus ferrumequinum,0.021,0.022,-1,Echolocation,/mnt/ubna_data_02_mir/recover-20220922/UBNA_001/20220921_090000.WAV,Telephone Field,recover-20220922,001,1795
627.5325,627.5708,68437,82068,Rhinolophus ferrumequinum,0.024,0.024,-1,Echolocation,/mnt/ubna_data_02_mir/recover-20220922/UBNA_001/20220921_090000.WAV,Telephone Field,recover-20220922,001,1795
627.5945,627.6087,43515,48712,Pipistrellus pipistrellus,0.036,0.053,-1,Echolocation,/mnt/ubna_data_02_mir/recover-20220922/UBNA_001/20220921_090000.WAV,Telephone Field,recover-20220922,001,1795
627.6335,627.6707,68437,81993,Rhinolophus ferrumequinum,0.022,0.022,-1,Echolocation,/mnt/ubna_data_02_mir/recover-20220922/UBNA_001/20220921_090000.WAV,Telephone Field,recover-20220922,001,1795
627.6875,627.6949,26328,36929,Eptesicus serotinus,0.007,0.022,-1,Echolocation,/mnt/ubna_data_02_mir/recover-20220922/UBNA_001/20220921_090000.WAV,Telephone Field,recover-20220922,001,1795
627.7095,627.7176,28046,38542,Eptesicus serotinus,0.008,0.025,-1,Echolocation,/mnt/ubna_data_02_mir/recover-20220922/UBNA_001/20220921_090000.WAV,Telephone Field,recover-20220922,001,1795
627.7175,627.7244,50390,57015,Pipistrellus pipistrellus,0.022,0.025,-1,Echolocation,/mnt/ubna_data_02_mir/recover-20220922/UBNA_001/20220921_090000.WAV,Telephone Field,recover-20220922,001,1795
627.7285,627.7654,68437,81914,Rhinolophus ferrumequinum,0.022,0.022,-1,Echolocation,/mnt/ubna_data_02_mir/recover-20220922/UBNA_001/20220921_090000.WAV,Telephone Field,recover-20220922,001,1795
627.7315,627.7435,22031,26656,Nyctalus leisleri,0.012,0.024,-1,Echolocation,/mnt/ubna_data_02_mir/recover-20220922/UBNA_001/20220921_090000.WAV,Telephone Field,recover-20220922,001,1795
627.7425,627.7503,28046,38325,Eptesicus serotinus,0.007,0.022,-1,Echolocation,/mnt/ubna_data_02_mir/recover-20220922/UBNA_001/20220921_090000.WAV,Telephone Field,recover-20220922,001,1795
627.7695,627.8117,68437,82861,Rhinolophus ferrumequinum,0.024,0.024,-1,Echolocation,/mnt/ubna_data_02_mir/recover-20220922/UBNA_001/20220921_090000.WAV,Telephone Field,recover-20220922,001,1795
627.7785,627.8163,68437,82514,Rhinolophus ferrumequinum,0.025,0.025,-1,Echolocation,/mnt/ubna_data_02_mir/recover-20220922/UBNA_001/20220921_090000.WAV,Telephone Field,recover-20220922,001,1795
627.7845,627.7945,25468,32532,Nyctalus leisleri,0.008,0.022,-1,Echolocation,/mnt/ubna_data_02_mir/recover-20220922/UBNA_001/20220921_090000.WAV,Telephone Field,recover-20220922,001,1795
627.8055,627.8451,68437,82267,Rhinolophus ferrumequinum,0.024,0.024,-1,Echolocation,/mnt/ubna_data_02_mir/recover-20220922/UBNA_001/20220921_090000.WAV,Telephone Field,recover-20220922,001,1795
627.8215,627.8279,35781,44063,Myotis daubentonii,0.01,0.022,-1,Echolocation,/mnt/ubna_data_02_mir/recover-20220922/UBNA_001/20220921_090000.WAV,Telephone Field,recover-20220922,001,1795
627.8225,627.83,26328,40148,Eptesicus serotinus,0.007,0.024,-1,Echolocation,/mnt/ubna_data_02_mir/recover-20220922/UBNA_001/20220921_090000.WAV,Telephone Field,recover-20220922,001,1795
627.8345,627.8743,68437,82244,Rhinolophus ferrumequinum,0.024,0.024,-1,Echolocation,/mnt/ubna_data_02_mir/recover-20220922/UBNA_001/20220921_090000.WAV,Telephone Field,recover-20220922,001,1795
627.8445,627.8541,27187,36835,Eptesicus serotinus,0.01,0.024,-1,Echolocation,/mnt/ubna_data_02_mir/recover-20220922/UBNA_001/20220921_090000.WAV,Telephone Field,recover-20220922,001,1795
627.8785,627.9155,68437,82274,Rhinolophus ferrumequinum,0.022,0.022,-1,Echolocation,/mnt/ubna_data_02_mir/recover-20220922/UBNA_001/20220921_090000.WAV,Telephone Field,recover-20220922,001,1795
627.9125,627.9532,68437,82020,Rhinolophus ferrumequinum,0.027,0.027,-1,Echolocation,/mnt/ubna_data_02_mir/recover-20220922/UBNA_001/20220921_090000.WAV,Telephone Field,recover-20220922,001,1795
627.9195,627.9289,28906,37947,Eptesicus serotinus,0.011,0.027,-1,Echolocation,/mnt/ubna_data_02_mir/recover-20220922/UBNA_001/20220921_090000.WAV,Telephone Field,recover-20220922,001,1795
627.9415,627.9503,14296,21632,Plecotus auritus,0.015,0.035,-1,Echolocation,/mnt/ubna_data_02_mir/recover-20220922/UBNA_001/20220921_090000.WAV,Telephone Field,recover-20220922,001,1795
627.9485,627.958,27187,35646,Eptesicus serotinus,0.016,0.032,-1,Echolocation,/mnt/ubna_data_02_mir/recover-20220922/UBNA_001/20220921_090000.WAV,Telephone Field,recover-20220922,001,1795
627.9785,627.9875,25468,33501,Eptesicus serotinus,0.007,0.023,-1,Echolocation,/mnt/ubna_data_02_mir/recover-20220922/UBNA_001/20220921_090000.WAV,Telephone Field,recover-20220922,001,1795
628.0015,628.0112,22031,28156,Nyctalus leisleri,0.01,0.026,-1,Echolocation,/mnt/ubna_data_02_mir/recover-20220922/UBNA_001/20220921_090000.WAV,Telephone Field,recover-20220922,001,1795
628.0015,628.0081,37500,47891,Myotis daubentonii,0.009,0.026,-1,Echolocation,/mnt/ubna_data_02_mir/recover-20220922/UBNA_001/20220921_090000.WAV,Telephone Field,recover-20220922,001,1795
628.0015,628.0141,31484,38159,Eptesicus serotinus,0.01,0.03,-1,Echolocation,/mnt/ubna_data_02_mir/recover-20220922/UBNA_001/20220921_090000.WAV,Telephone Field,recover-20220922,001,1795
628.0015,628.0342,68437,80224,Rhinolophus ferrumequinum,0.033,0.033,-1,Echolocation,/mnt/ubna_data_02_mir/recover-20220922/UBNA_001/20220921_090000.WAV,Telephone Field,recover-20220922,001,1795
628.0095,628.03,19453,22240,Nyctalus noctula,0.011,0.022,-1,Echolocation,/mnt/ubna_data_02_mir/recover-20220922/UBNA_001/20220921_090000.WAV,Telephone Field,recover-20220922,001,1795
628.0115,628.0511,68437,81843,Rhinolophus ferrumequinum,0.022,0.022,-1,Echolocation,/mnt/ubna_data_02_mir/recover-20220922/UBNA_001/20220921_090000.WAV,Telephone Field,recover-20220922,001,1795
628.0165,628.027,21171,26018,Nyctalus leisleri,0.009,0.021,-1,Echolocation,/mnt/ubna_data_02_mir/recover-20220922/UBNA_001/20220921_090000.WAV,Telephone Field,recover-20220922,001,1795
628.0415,628.0497,25468,34328,Eptesicus serotinus,0.006,0.021,-1,Echolocation,/mnt/ubna_data_02_mir/recover-20220922/UBNA_001/20220921_090000.WAV,Telephone Field,recover-20220922,001,1795
628.0545,628.093,68437,81805,Rhinolophus ferrumequinum,0.023,0.023,-1,Echolocation,/mnt/ubna_data_02_mir/recover-20220922/UBNA_001/20220921_090000.WAV,Telephone Field,recover-20220922,001,1795
628.0715,628.1115,68437,82328,Rhinolophus ferrumequinum,0.021,0.021,-1,Echolocation,/mnt/ubna_data_02_mir/recover-20220922/UBNA_001/20220921_090000.WAV,Telephone Field,recover-20220922,001,1795
628.1345,628.1442,24609,32326,Eptesicus serotinus,0.008,0.022,-1,Echolocation,/mnt/ubna_data_02_mir/recover-20220922/UBNA_001/20220921_090000.WAV,Telephone Field,recover-20220922,001,1795
628.1365,628.1786,68437,83116,Rhinolophus ferrumequinum,0.028,0.028,-1,Echolocation,/mnt/ubna_data_02_mir/recover-20220922/UBNA_001/20220921_090000.WAV,Telephone Field,recover-20220922,001,1795
628.1535,628.1936,68437,82219,Rhinolophus ferrumequinum,0.021,0.021,-1,Echolocation,/mnt/ubna_data_02_mir/recover-20220922/UBNA_001/20220921_090000.WAV,Telephone Field,recover-20220922,001,1795
628.1565,628.1659,28906,36823,Eptesicus serotinus,0.008,0.021,-1,Echolocation,/mnt/ubna_data_02_mir/recover-20220922/UBNA_001/20220921_090000.WAV,Telephone Field,recover-20220922,001,1795
628.1895,628.2,25468,32432,Eptesicus serotinus,0.011,0.029,-1,Echolocation,/mnt/ubna_data_02_mir/recover-20220922/UBNA_001/20220921_090000.WAV,Telephone Field,recover-20220922,001,1795
628.1935,628.2297,68437,81338,Rhinolophus ferrumequinum,0.02,0.02,-1,Echolocation,/mnt/ubna_data_02_mir/recover-20220922/UBNA_001/20220921_090000.WAV,Telephone Field,recover-20220922,001,1795
628.1955,628.2061,24609,30410,Nyctalus leisleri,0.013,0.03,-1,Echolocation,/mnt/ubna_data_02_mir/recover-20220922/UBNA_001/20220921_090000.WAV,Telephone Field,recover-20220922,001,1795
628.2315,628.2736,68437,83092,Rhinolophus ferrumequinum,0.031,0.031,-1,Echolocation,/mnt/ubna_data_02_mir/recover-20220922/UBNA_001/20220921_090000.WAV,Telephone Field,recover-20220922,001,1795
628.2595,628.2674,27187,37989,Eptesicus serotinus,0.006,0.02,-1,Echolocation,/mnt/ubna_data_02_mir/recover-20220922/UBNA_001/20220921_090000.WAV,Telephone Field,recover-20220922,001,1795
628.3015,628.3389,68437,81184,Rhinolophus ferrumequinum,0.023,0.023,-1,Echolocation,/mnt/ubna_data_02_mir/recover-20220922/UBNA_001/20220921_090000.WAV,Telephone Field,recover-20220922,001,1795
628.3075,628.3425,68437,80849,Rhinolophus ferrumequinum,0.025,0.025,-1,Echolocation,/mnt/ubna_data_02_mir/recover-20220922/UBNA_001/20220921_090000.WAV,Telephone Field,recover-20220922,001,1795
628.3535,628.397,68437,83138,Rhinolophus ferrumequinum,0.032,0.032,-1,Echolocation,/mnt/ubna_data_02_mir/recover-20220922/UBNA_001/20220921_090000.WAV,Telephone Field,recover-20220922,001,1795
628.3715,628.3814,22031,27458,Nyctalus leisleri,0.009,0.023,-1,Echolocation,/mnt/ubna_data_02_mir/recover-20220922/UBNA_001/20220921_090000.WAV,Telephone Field,recover-20220922,001,1795
628.3775,628.4172,68437,82140,Rhinolophus ferrumequinum,0.022,0.023,-1,Echolocation,/mnt/ubna_data_02_mir/recover-20220922/UBNA_001/20220921_090000.WAV,Telephone Field,recover-20220922,001,1795
628.4065,628.4468,68437,82303,Rhinolophus ferrumequinum,0.022,0.022,-1,Echolocation,/mnt/ubna_data_02_mir/recover-20220922/UBNA_001/20220921_090000.WAV,Telephone Field,recover-20220922,001,1795
628.4355,628.4775,68437,82414,Rhinolophus ferrumequinum,0.025,0.025,-1,Echolocation,/mnt/ubna_data_02_mir/recover-20220922/UBNA_001/20220921_090000.WAV,Telephone Field,recover-20220922,001,1795
628.4355,628.4472,22031,26749,Nyctalus leisleri,0.013,0.024,-1,Echolocation,/mnt/ubna_data_02_mir/recover-20220922/UBNA_001/20220921_090000.WAV,Telephone Field,recover-20220922,001,1795
628.4545,628.4886,68437,80812,Rhinolophus ferrumequinum,0.024,0.024,-1,Echolocation,/mnt/ubna_data_02_mir/recover-20220922/UBNA_001/20220921_090000.WAV,Telephone Field,recover-20220922,001,1795
628.4605,628.4685,23750,31543,Plecotus austriacus,0.009,0.022,-1,Echolocation,/mnt/ubna_data_02_mir/recover-20220922/UBNA_001/20220921_090000.WAV,Telephone Field,recover-20220922,001,1795
628.4815,628.4913,22031,27637,Nyctalus leisleri,0.008,0.02,-1,Echolocation,/mnt/ubna_data_02_mir/recover-20220922/UBNA_001/20220921_090000.WAV,Telephone Field,recover-20220922,001,1795
628.4915,628.5055,22031,25416,Nyctalus leisleri,0.013,0.022,-1,Echolocation,/mnt/ubna_data_02_mir/recover-20220922/UBNA_001/20220921_090000.WAV,Telephone Field,recover-20220922,001,1795
628.5245,628.5638,68437,82412,Rhinolophus ferrumequinum,0.026,0.026,-1,Echolocation,/mnt/ubna_data_02_mir/recover-20220922/UBNA_001/20220921_090000.WAV,Telephone Field,recover-20220922,001,1795
628.5335,628.5727,68437,81858,Rhinolophus ferrumequinum,0.021,0.021,-1,Echolocation,/mnt/ubna_data_02_mir/recover-20220922/UBNA_001/20220921_090000.WAV,Telephone Field,recover-20220922,001,1795
628.5585,628.5928,68437,81524,Rhinolophus ferrumequinum,0.023,0.023,-1,Echolocation,/mnt/ubna_data_02_mir/recover-20220922/UBNA_001/20220921_090000.WAV,Telephone Field,recover-20220922,001,1795
628.5695,628.6082,68437,82191,Rhinolophus ferrumequinum,0.025,0.025,-1,Echolocation,/mnt/ubna_data_02_mir/recover-20220922/UBNA_001/20220921_090000.WAV,Telephone Field,recover-20220922,001,1795
628.5785,628.6198,68437,82771,Rhinolophus ferrumequinum,0.028,0.028,-1,Echolocation,/mnt/ubna_data_02_mir/recover-20220922/UBNA_001/20220921_090000.WAV,Telephone Field,recover-20220922,001,1795
628.6475,628.686,68437,81727,Rhinolophus ferrumequinum,0.022,0.022,-1,Echolocation,/mnt/ubna_data_02_mir/recover-20220922/UBNA_001/20220921_090000.WAV,Telephone Field,recover-20220922,001,1795
628.6495,628.6575,23750,32465,Plecotus austriacus,0.011,0.025,-1,Echolocation,/mnt/ubna_data_02_mir/recover-20220922/UBNA_001/20220921_090000.WAV,Telephone Field,recover-20220922,001,1795
628.6535,628.66,43515,52888,Myotis mystacinus,0.004,0.021,-1,Echolocation,/mnt/ubna_data_02_mir/recover-20220922/UBNA_001/20220921_090000.WAV,Telephone Field,recover-20220922,001,1795
628.7255,628.7349,28046,36245,Eptesicus serotinus,0.009,0.02,-1,Echolocation,/mnt/ubna_data_02_mir/recover-20220922/UBNA_001/20220921_090000.WAV,Telephone Field,recover-20220922,001,1795
628.7285,628.7672,68437,82581,Rhinolophus ferrumequinum,0.021,0.021,-1,Echolocation,/mnt/ubna_data_02_mir/recover-20220922/UBNA_001/20220921_090000.WAV,Telephone Field,recover-20220922,001,1795
628.7595,628.8005,68437,82485,Rhinolophus ferrumequinum,0.023,0.023,-1,Echolocation,/mnt/ubna_data_02_mir/recover-20220922/UBNA_001/20220921_090000.WAV,Telephone Field,recover-20220922,001,1795
628.7695,628.7794,22890,28917,Nyctalus leisleri,0.009,0.021,-1,Echolocation,/mnt/ubna_data_02_mir/recover-20220922/UBNA_001/20220921_090000.WAV,Telephone Field,recover-20220922,001,1795
628.7764999999999,628.785,28906,38111,Eptesicus serotinus,0.008,0.021,-1,Echolocation,/mnt/ubna_data_02_mir/recover-20220922/UBNA_001/20220921_090000.WAV,Telephone Field,recover-20220922,001,1795
628.7775,628.7883,22031,26854,Nyctalus leisleri,0.01,0.02,-1,Echolocation,/mnt/ubna_data_02_mir/recover-20220922/UBNA_001/20220921_090000.WAV,Telephone Field,recover-20220922,001,1795
628.7875,628.8287,68437,82600,Rhinolophus ferrumequinum,0.029,0.029,-1,Echolocation,/mnt/ubna_data_02_mir/recover-20220922/UBNA_001/20220921_090000.WAV,Telephone Field,recover-20220922,001,1795
628.8055,628.8425,68437,82079,Rhinolophus ferrumequinum,0.021,0.021,-1,Echolocation,/mnt/ubna_data_02_mir/recover-20220922/UBNA_001/20220921_090000.WAV,Telephone Field,recover-20220922,001,1795
628.8175,628.8271,28906,36889,Eptesicus serotinus,0.009,0.022,-1,Echolocation,/mnt/ubna_data_02_mir/recover-20220922/UBNA_001/20220921_090000.WAV,Telephone Field,recover-20220922,001,1795
628.8405,628.8769,68437,81514,Rhinolophus ferrumequinum,0.021,0.021,-1,Echolocation,/mnt/ubna_data_02_mir/recover-20220922/UBNA_001/20220921_090000.WAV,Telephone Field,recover-20220922,001,1795
628.8495,628.8869,68437,82004,Rhinolophus ferrumequinum,0.024,0.024,-1,Echolocation,/mnt/ubna_data_02_mir/recover-20220922/UBNA_001/20220921_090000.WAV,Telephone Field,recover-20220922,001,1795
628.8795,628.8901,28906,35401,Eptesicus serotinus,0.011,0.024,-1,Echolocation,/mnt/ubna_data_02_mir/recover-20220922/UBNA_001/20220921_090000.WAV,Telephone Field,recover-20220922,001,1795
628.8965,628.9073,49531,53933,Pipistrellus pipistrellus,0.021,0.025,-1,Echolocation,/mnt/ubna_data_02_mir/recover-20220922/UBNA_001/20220921_090000.WAV,Telephone Field,recover-20220922,001,1795
628.8965,628.9048,28046,39859,Eptesicus serotinus,0.008,0.023,-1,Echolocation,/mnt/ubna_data_02_mir/recover-20220922/UBNA_001/20220921_090000.WAV,Telephone Field,recover-20220922,001,1795
628.9135,628.9567,68437,83140,Rhinolophus ferrumequinum,0.027,0.027,-1,Echolocation,/mnt/ubna_data_02_mir/recover-20220922/UBNA_001/20220921_090000.WAV,Telephone Field,recover-20220922,001,1795
628.9325,628.9734,68437,82110,Rhinolophus ferrumequinum,0.022,0.022,-1,Echolocation,/mnt/ubna_data_02_mir/recover-20220922/UBNA_001/20220921_090000.WAV,Telephone Field,recover-20220922,001,1795
628.9355,628.9462,22890,28044,Nyctalus leisleri,0.013,0.025,-1,Echolocation,/mnt/ubna_data_02_mir/recover-20220922/UBNA_001/20220921_090000.WAV,Telephone Field,recover-20220922,001,1795
628.9815,629.0221,68437,82500,Rhinolophus ferrumequinum,0.024,0.024,-1,Echolocation,/mnt/ubna_data_02_mir/recover-20220922/UBNA_001/20220921_090000.WAV,Telephone Field,recover-20220922,001,1795
629.0055,629.0157,23750,29421,Nyctalus leisleri,0.009,0.021,-1,Echolocation,/mnt/ubna_data_02_mir/recover-20220922/UBNA_001/20220921_090000.WAV,Telephone Field,recover-20220922,001,1795
629.0175,629.0566,68437,82202,Rhinolophus ferrumequinum,0.022,0.022,-1,Echolocation,/mnt/ubna_data_02_mir/recover-20220922/UBNA_001/20220921_090000.WAV,Telephone Field,recover-20220922,001,1795
629.0615,629.0982,68437,80980,Rhinolophus ferrumequinum,0.02,0.021,-1,Echolocation,/mnt/ubna_data_02_mir/recover-20220922/UBNA_001/20220921_090000.WAV,Telephone Field,recover-20220922,001,1795
629.0735,629.0813,28046,37351,Eptesicus serotinus,0.01,0.027,-1,Echolocation,/mnt/ubna_data_02_mir/recover-20220922/UBNA_001/20220921_090000.WAV,Telephone Field,recover-20220922,001,1795
629.0795,629.1169,68437,81403,Rhinolophus ferrumequinum,0.023,0.023,-1,Echolocation,/mnt/ubna_data_02_mir/recover-20220922/UBNA_001/20220921_090000.WAV,Telephone Field,recover-20220922,001,1795
629.0885,629.1254,68437,81344,Rhinolophus ferrumequinum,0.02,0.02,-1,Echolocation,/mnt/ubna_data_02_mir/recover-20220922/UBNA_001/20220921_090000.WAV,Telephone Field,recover-20220922,001,1795
629.0945,629.1034,28906,36992,Eptesicus serotinus,0.009,0.024,-1,Echolocation,/mnt/ubna_data_02_mir/recover-20220922/UBNA_001/20220921_090000.WAV,Telephone Field,recover-20220922,001,1795
629.1075,629.1453,68437,81674,Rhinolophus ferrumequinum,0.022,0.022,-1,Echolocation,/mnt/ubna_data_02_mir/recover-20220922/UBNA_001/20220921_090000.WAV,Telephone Field,recover-20220922,001,1795
629.1965,629.2327,68437,82161,Rhinolophus ferrumequinum,0.021,0.021,-1,Echolocation,/mnt/ubna_data_02_mir/recover-20220922/UBNA_001/20220921_090000.WAV,Telephone Field,recover-20220922,001,1795
629.2135,629.2503,68437,81654,Rhinolophus ferrumequinum,0.022,0.022,-1,Echolocation,/mnt/ubna_data_02_mir/recover-20220922/UBNA_001/20220921_090000.WAV,Telephone Field,recover-20220922,001,1795
629.2305,629.2704,68437,82073,Rhinolophus ferrumequinum,0.029,0.029,-1,Echolocation,/mnt/ubna_data_02_mir/recover-20220922/UBNA_001/20220921_090000.WAV,Telephone Field,recover-20220922,001,1795
629.2595,629.301,68437,82229,Rhinolophus ferrumequinum,0.021,0.021,-1,Echolocation,/mnt/ubna_data_02_mir/recover-20220922/UBNA_001/20220921_090000.WAV,Telephone Field,recover-20220922,001,1795
629.2755,629.3171,68437,82777,Rhinolophus ferrumequinum,0.022,0.022,-1,Echolocation,/mnt/ubna_data_02_mir/recover-20220922/UBNA_001/20220921_090000.WAV,Telephone Field,recover-20220922,001,1795
629.2835,629.2947,14296,20509,Nyctalus noctula,0.012,0.022,-1,Echolocation,/mnt/ubna_data_02_mir/recover-20220922/UBNA_001/20220921_090000.WAV,Telephone Field,recover-20220922,001,1795
629.2945,629.3041,24609,31317,Nyctalus leisleri,0.008,0.024,-1,Echolocation,/mnt/ubna_data_02_mir/recover-20220922/UBNA_001/20220921_090000.WAV,Telephone Field,recover-20220922,001,1795
629.3055,629.3153,29765,37159,Eptesicus serotinus,0.008,0.023,-1,Echolocation,/mnt/ubna_data_02_mir/recover-20220922/UBNA_001/20220921_090000.WAV,Telephone Field,recover-20220922,001,1795
629.3085,629.3457,68437,81926,Rhinolophus ferrumequinum,0.022,0.022,-1,Echolocation,/mnt/ubna_data_02_mir/recover-20220922/UBNA_001/20220921_090000.WAV,Telephone Field,recover-20220922,001,1795
629.3135,629.3226,28906,36931,Eptesicus serotinus,0.008,0.023,-1,Echolocation,/mnt/ubna_data_02_mir/recover-20220922/UBNA_001/20220921_090000.WAV,Telephone Field,recover-20220922,001,1795
629.3405,629.3802,68437,82228,Rhinolophus ferrumequinum,0.02,0.02,-1,Echolocation,/mnt/ubna_data_02_mir/recover-20220922/UBNA_001/20220921_090000.WAV,Telephone Field,recover-20220922,001,1795
629.3455,629.3565,45234,47872,Pipistrellus pipistrellus,0.033,0.036,-1,Echolocation,/mnt/ubna_data_02_mir/recover-20220922/UBNA_001/20220921_090000.WAV,Telephone Field,recover-20220922,001,1795
629.3535,629.3911,68437,82525,Rhinolophus ferrumequinum,0.025,0.025,-1,Echolocation,/mnt/ubna_data_02_mir/recover-20220922/UBNA_001/20220921_090000.WAV,Telephone Field,recover-20220922,001,1795
629.3665,629.4075,68437,82871,Rhinolophus ferrumequinum,0.03,0.03,-1,Echolocation,/mnt/ubna_data_02_mir/recover-20220922/UBNA_001/20220921_090000.WAV,Telephone Field,recover-20220922,001,1795
629.3735,629.3842,29765,36820,Eptesicus serotinus,0.009,0.023,-1,Echolocation,/mnt/ubna_data_02_mir/recover-20220922/UBNA_001/20220921_090000.WAV,Telephone Field,recover-20220922,001,1795
629.4065,629.4477,68437,83141,Rhinolophus ferrumequinum,0.03,0.03,-1,Echolocation,/mnt/ubna_data_02_mir/recover-20220922/UBNA_001/20220921_090000.WAV,Telephone Field,recover-20220922,001,1795
629.4205,629.4591,68437,81318,Rhinolophus ferrumequinum,0.022,0.022,-1,Echolocation,/mnt/ubna_data_02_mir/recover-20220922/UBNA_001/20220921_090000.WAV,Telephone Field,recover-20220922,001,1795
629.4345,629.4708,68437,81196,Rhinolophus ferrumequinum,0.021,0.021,-1,Echolocation,/mnt/ubna_data_02_mir/recover-20220922/UBNA_001/20220921_090000.WAV,Telephone Field,recover-20220922,001,1795
629.4545,629.4945,68437,82181,Rhinolophus ferrumequinum,0.024,0.024,-1,Echolocation,/mnt/ubna_data_02_mir/recover-20220922/UBNA_001/20220921_090000.WAV,Telephone Field,recover-20220922,001,1795
629.4785,629.5186,68437,82327,Rhinolophus ferrumequinum,0.024,0.024,-1,Echolocation,/mnt/ubna_data_02_mir/recover-20220922/UBNA_001/20220921_090000.WAV,Telephone Field,recover-20220922,001,1795
629.4815,629.4921,22031,27526,Nyctalus leisleri,0.009,0.022,-1,Echolocation,/mnt/ubna_data_02_mir/recover-20220922/UBNA_001/20220921_090000.WAV,Telephone Field,recover-20220922,001,1795
629.5005,629.5393,68437,82014,Rhinolophus ferrumequinum,0.024,0.024,-1,Echolocation,/mnt/ubna_data_02_mir/recover-20220922/UBNA_001/20220921_090000.WAV,Telephone Field,recover-20220922,001,1795
629.5035,629.5119,28046,38506,Eptesicus serotinus,0.007,0.022,-1,Echolocation,/mnt/ubna_data_02_mir/recover-20220922/UBNA_001/20220921_090000.WAV,Telephone Field,recover-20220922,001,1795
629.5215,629.532,23750,29283,Nyctalus leisleri,0.01,0.023,-1,Echolocation,/mnt/ubna_data_02_mir/recover-20220922/UBNA_001/20220921_090000.WAV,Telephone Field,recover-20220922,001,1795
629.5385,629.5457,23750,32210,Plecotus austriacus,0.009,0.021,-1,Echolocation,/mnt/ubna_data_02_mir/recover-20220922/UBNA_001/20220921_090000.WAV,Telephone Field,recover-20220922,001,1795
629.5815,629.622,68437,81748,Rhinolophus ferrumequinum,0.028,0.028,-1,Echolocation,/mnt/ubna_data_02_mir/recover-20220922/UBNA_001/20220921_090000.WAV,Telephone Field,recover-20220922,001,1795
629.5865,629.5965,25468,33207,Eptesicus serotinus,0.008,0.022,-1,Echolocation,/mnt/ubna_data_02_mir/recover-20220922/UBNA_001/20220921_090000.WAV,Telephone Field,recover-20220922,001,1795
629.6385,629.6483,28906,35724,Eptesicus serotinus,0.012,0.027,-1,Echolocation,/mnt/ubna_data_02_mir/recover-20220922/UBNA_001/20220921_090000.WAV,Telephone Field,recover-20220922,001,1795
629.6405,629.6799,68437,82166,Rhinolophus ferrumequinum,0.021,0.021,-1,Echolocation,/mnt/ubna_data_02_mir/recover-20220922/UBNA_001/20220921_090000.WAV,Telephone Field,recover-20220922,001,1795
629.6655,629.6748,28046,39602,Eptesicus serotinus,0.01,0.024,-1,Echolocation,/mnt/ubna_data_02_mir/recover-20220922/UBNA_001/20220921_090000.WAV,Telephone Field,recover-20220922,001,1795
629.6875,629.6975,23750,29990,Nyctalus leisleri,0.008,0.021,-1,Echolocation,/mnt/ubna_data_02_mir/recover-20220922/UBNA_001/20220921_090000.WAV,Telephone Field,recover-20220922,001,1795
629.7055,629.7444,68437,82119,Rhinolophus ferrumequinum,0.022,0.022,-1,Echolocation,/mnt/ubna_data_02_mir/recover-20220922/UBNA_001/20220921_090000.WAV,Telephone Field,recover-20220922,001,1795
629.7085,629.7205,22890,27004,Nyctalus leisleri,0.012,0.021,-1,Echolocation,/mnt/ubna_data_02_mir/recover-20220922/UBNA_001/20220921_090000.WAV,Telephone Field,recover-20220922,001,1795
629.7755,629.8181,68437,82732,Rhinolophus ferrumequinum,0.025,0.025,-1,Echolocation,/mnt/ubna_data_02_mir/recover-20220922/UBNA_001/20220921_090000.WAV,Telephone Field,recover-20220922,001,1795
629.7785,629.7876,23750,31427,Plecotus austriacus,0.008,0.026,-1,Echolocation,/mnt/ubna_data_02_mir/recover-20220922/UBNA_001/20220921_090000.WAV,Telephone Field,recover-20220922,001,1795
629.7965,629.8378,68437,82239,Rhinolophus ferrumequinum,0.023,0.023,-1,Echolocation,/mnt/ubna_data_02_mir/recover-20220922/UBNA_001/20220921_090000.WAV,Telephone Field,recover-20220922,001,1795
629.8045,629.8153,43515,46584,Pipistrellus pipistrellus,0.036,0.041,-1,Echolocation,/mnt/ubna_data_02_mir/recover-20220922/UBNA_001/20220921_090000.WAV,Telephone Field,recover-20220922,001,1795
629.8835,629.9204,68437,81966,Rhinolophus ferrumequinum,0.022,0.022,-1,Echolocation,/mnt/ubna_data_02_mir/recover-20220922/UBNA_001/20220921_090000.WAV,Telephone Field,recover-20220922,001,1795
629.8945,629.9329,68437,81945,Rhinolophus ferrumequinum,0.022,0.022,-1,Echolocation,/mnt/ubna_data_02_mir/recover-20220922/UBNA_001/20220921_090000.WAV,Telephone Field,recover-20220922,001,1795
629.9225,629.935,22890,28255,Nyctalus leisleri,0.013,0.027,-1,Echolocation,/mnt/ubna_data_02_mir/recover-20220922/UBNA_001/20220921_090000.WAV,Telephone Field,recover-20220922,001,1795
629.9315,629.9727,68437,82385,Rhinolophus ferrumequinum,0.026,0.026,-1,Echolocation,/mnt/ubna_data_02_mir/recover-20220922/UBNA_001/20220921_090000.WAV,Telephone Field,recover-20220922,001,1795
629.9415,629.9493,26328,35787,Eptesicus serotinus,0.007,0.02,-1,Echolocation,/mnt/ubna_data_02_mir/recover-20220922/UBNA_001/20220921_090000.WAV,Telephone Field,recover-20220922,001,1795
629.9515,629.9933,68437,82908,Rhinolophus ferrumequinum,0.023,0.023,-1,Echolocation,/mnt/ubna_data_02_mir/recover-20220922/UBNA_001/20220921_090000.WAV,Telephone Field,recover-20220922,001,1795
630.0015,630.0342,69296,81783,Rhinolophus ferrumequinum,0.027,0.027,-1,Echolocation,/mnt/ubna_data_02_mir/recover-20220922/UBNA_001/20220921_090000.WAV,Telephone Field,recover-20220922,001,1795
630.0125,630.0541,68437,82332,Rhinolophus ferrumequinum,0.023,0.023,-1,Echolocation,/mnt/ubna_data_02_mir/recover-20220922/UBNA_001/20220921_090000.WAV,Telephone Field,recover-20220922,001,1795
630.0365,630.0764,68437,82046,Rhinolophus ferrumequinum,0.021,0.021,-1,Echolocation,/mnt/ubna_data_02_mir/recover-20220922/UBNA_001/20220921_090000.WAV,Telephone Field,recover-20220922,001,1795
630.0775,630.1143,68437,81663,Rhinolophus ferrumequinum,0.021,0.021,-1,Echolocation,/mnt/ubna_data_02_mir/recover-20220922/UBNA_001/20220921_090000.WAV,Telephone Field,recover-20220922,001,1795
630.1115,630.1519,68437,82983,Rhinolophus ferrumequinum,0.026,0.026,-1,Echolocation,/mnt/ubna_data_02_mir/recover-20220922/UBNA_001/20220921_090000.WAV,Telephone Field,recover-20220922,001,1795
630.1295,630.139,26328,34019,Eptesicus serotinus,0.011,0.027,-1,Echolocation,/mnt/ubna_data_02_mir/recover-20220922/UBNA_001/20220921_090000.WAV,Telephone Field,recover-20220922,001,1795
630.1465,630.1583,28906,35222,Eptesicus serotinus,0.045,0.068,-1,Echolocation,/mnt/ubna_data_02_mir/recover-20220922/UBNA_001/20220921_090000.WAV,Telephone Field,recover-20220922,001,1795
630.1585,630.194,68437,81565,Rhinolophus ferrumequinum,0.021,0.021,-1,Echolocation,/mnt/ubna_data_02_mir/recover-20220922/UBNA_001/20220921_090000.WAV,Telephone Field,recover-20220922,001,1795
630.1625,630.1697,28046,38747,Eptesicus serotinus,0.006,0.022,-1,Echolocation,/mnt/ubna_data_02_mir/recover-20220922/UBNA_001/20220921_090000.WAV,Telephone Field,recover-20220922,001,1795
630.2125,630.2527,68437,82569,Rhinolophus ferrumequinum,0.021,0.021,-1,Echolocation,/mnt/ubna_data_02_mir/recover-20220922/UBNA_001/20220921_090000.WAV,Telephone Field,recover-20220922,001,1795
630.2505,630.2918,68437,82767,Rhinolophus ferrumequinum,0.024,0.024,-1,Echolocation,/mnt/ubna_data_02_mir/recover-20220922/UBNA_001/20220921_090000.WAV,Telephone Field,recover-20220922,001,1795
630.2635,630.2985,68437,81707,Rhinolophus ferrumequinum,0.022,0.022,-1,Echolocation,/mnt/ubna_data_02_mir/recover-20220922/UBNA_001/20220921_090000.WAV,Telephone Field,recover-20220922,001,1795
630.2725,630.3113,68437,81881,Rhinolophus ferrumequinum,0.022,0.022,-1,Echolocation,/mnt/ubna_data_02_mir/recover-20220922/UBNA_001/20220921_090000.WAV,Telephone Field,recover-20220922,001,1795
630.2765,630.287,22890,29291,Nyctalus leisleri,0.009,0.026,-1,Echolocation,/mnt/ubna_data_02_mir/recover-20220922/UBNA_001/20220921_090000.WAV,Telephone Field,recover-20220922,001,1795
630.2915,630.3305,68437,82125,Rhinolophus ferrumequinum,0.026,0.026,-1,Echolocation,/mnt/ubna_data_02_mir/recover-20220922/UBNA_001/20220921_090000.WAV,Telephone Field,recover-20220922,001,1795
630.3205,630.3521,68437,79639,Rhinolophus ferrumequinum,0.022,0.023,-1,Echolocation,/mnt/ubna_data_02_mir/recover-20220922/UBNA_001/20220921_090000.WAV,Telephone Field,recover-20220922,001,1795
630.3565,630.3943,68437,82133,Rhinolophus ferrumequinum,0.022,0.022,-1,Echolocation,/mnt/ubna_data_02_mir/recover-20220922/UBNA_001/20220921_090000.WAV,Telephone Field,recover-20220922,001,1795
630.3795,630.4189,68437,82039,Rhinolophus ferrumequinum,0.023,0.023,-1,Echolocation,/mnt/ubna_data_02_mir/recover-20220922/UBNA_001/20220921_090000.WAV,Telephone Field,recover-20220922,001,1795
630.4045,630.4433,68437,82402,Rhinolophus ferrumequinum,0.026,0.026,-1,Echolocation,/mnt/ubna_data_02_mir/recover-20220922/UBNA_001/20220921_090000.WAV,Telephone Field,recover-20220922,001,1795
630.4105,630.4502,68437,82882,Rhinolophus ferrumequinum,0.026,0.026,-1,Echolocation,/mnt/ubna_data_02_mir/recover-20220922/UBNA_001/20220921_090000.WAV,Telephone Field,recover-20220922,001,1795
630.4385,630.4472,28046,37405,Eptesicus serotinus,0.011,0.026,-1,Echolocation,/mnt/ubna_data_02_mir/recover-20220922/UBNA_001/20220921_090000.WAV,Telephone Field,recover-20220922,001,1795
630.4765,630.5195,68437,83187,Rhinolophus ferrumequinum,0.025,0.025,-1,Echolocation,/mnt/ubna_data_02_mir/recover-20220922/UBNA_001/20220921_090000.WAV,Telephone Field,recover-20220922,001,1795
630.5175,630.5559,68437,82184,Rhinolophus ferrumequinum,0.022,0.022,-1,Echolocation,/mnt/ubna_data_02_mir/recover-20220922/UBNA_001/20220921_090000.WAV,Telephone Field,recover-20220922,001,1795
630.5265,630.5664,68437,82459,Rhinolophus ferrumequinum,0.023,0.023,-1,Echolocation,/mnt/ubna_data_02_mir/recover-20220922/UBNA_001/20220921_090000.WAV,Telephone Field,recover-20220922,001,1795
630.5285,630.5389,21171,25679,Nyctalus leisleri,0.01,0.021,-1,Echolocation,/mnt/ubna_data_02_mir/recover-20220922/UBNA_001/20220921_090000.WAV,Telephone Field,recover-20220922,001,1795
630.5455,630.5835,68437,82266,Rhinolophus ferrumequinum,0.021,0.021,-1,Echolocation,/mnt/ubna_data_02_mir/recover-20220922/UBNA_001/20220921_090000.WAV,Telephone Field,recover-20220922,001,1795
630.5555,630.5662,22890,28697,Nyctalus leisleri,0.011,0.026,-1,Echolocation,/mnt/ubna_data_02_mir/recover-20220922/UBNA_001/20220921_090000.WAV,Telephone Field,recover-20220922,001,1795
630.5675,630.6062,68437,82715,Rhinolophus ferrumequinum,0.022,0.022,-1,Echolocation,/mnt/ubna_data_02_mir/recover-20220922/UBNA_001/20220921_090000.WAV,Telephone Field,recover-20220922,001,1795
630.6075,630.6442,68437,82178,Rhinolophus ferrumequinum,0.021,0.021,-1,Echolocation,/mnt/ubna_data_02_mir/recover-20220922/UBNA_001/20220921_090000.WAV,Telephone Field,recover-20220922,001,1795
630.6115,630.6187,27187,44770,Eptesicus serotinus,0.007,0.022,-1,Echolocation,/mnt/ubna_data_02_mir/recover-20220922/UBNA_001/20220921_090000.WAV,Telephone Field,recover-20220922,001,1795
630.6415,630.6781,68437,81655,Rhinolophus ferrumequinum,0.021,0.021,-1,Echolocation,/mnt/ubna_data_02_mir/recover-20220922/UBNA_001/20220921_090000.WAV,Telephone Field,recover-20220922,001,1795
630.6685,630.708,68437,82344,Rhinolophus ferrumequinum,0.026,0.026,-1,Echolocation,/mnt/ubna_data_02_mir/recover-20220922/UBNA_001/20220921_090000.WAV,Telephone Field,recover-20220922,001,1795
630.6935,630.7016,27187,38301,Eptesicus serotinus,0.007,0.021,-1,Echolocation,/mnt/ubna_data_02_mir/recover-20220922/UBNA_001/20220921_090000.WAV,Telephone Field,recover-20220922,001,1795
630.7055,630.7451,68437,81800,Rhinolophus ferrumequinum,0.022,0.022,-1,Echolocation,/mnt/ubna_data_02_mir/recover-20220922/UBNA_001/20220921_090000.WAV,Telephone Field,recover-20220922,001,1795
630.7145,630.7541,68437,82697,Rhinolophus ferrumequinum,0.026,0.026,-1,Echolocation,/mnt/ubna_data_02_mir/recover-20220922/UBNA_001/20220921_090000.WAV,Telephone Field,recover-20220922,001,1795
630.7435,630.7833,68437,83067,Rhinolophus ferrumequinum,0.024,0.024,-1,Echolocation,/mnt/ubna_data_02_mir/recover-20220922/UBNA_001/20220921_090000.WAV,Telephone Field,recover-20220922,001,1795
630.8145,630.8522,68437,81804,Rhinolophus ferrumequinum,0.023,0.023,-1,Echolocation,/mnt/ubna_data_02_mir/recover-20220922/UBNA_001/20220921_090000.WAV,Telephone Field,recover-20220922,001,1795
630.8315,630.8709,68437,82340,Rhinolophus ferrumequinum,0.022,0.022,-1,Echolocation,/mnt/ubna_data_02_mir/recover-20220922/UBNA_001/20220921_090000.WAV,Telephone Field,recover-20220922,001,1795
630.8575,630.8678,22890,27299,Nyctalus leisleri,0.012,0.021,-1,Echolocation,/mnt/ubna_data_02_mir/recover-20220922/UBNA_001/20220921_090000.WAV,Telephone Field,recover-20220922,001,1795
630.9295,630.9682,68437,82530,Rhinolophus ferrumequinum,0.028,0.028,-1,Echolocation,/mnt/ubna_data_02_mir/recover-20220922/UBNA_001/20220921_090000.WAV,Telephone Field,recover-20220922,001,1795
630.9435,630.9526,25468,33662,Eptesicus serotinus,0.011,0.03,-1,Echolocation,/mnt/ubna_data_02_mir/recover-20220922/UBNA_001/20220921_090000.WAV,Telephone Field,recover-20220922,001,1795
630.9715,631.0108,68437,81935,Rhinolophus ferrumequinum,0.025,0.025,-1,Echolocation,/mnt/ubna_data_02_mir/recover-20220922/UBNA_001/20220921_090000.WAV,Telephone Field,recover-20220922,001,1795
630.9825,631.0197,68437,81926,Rhinolophus ferrumequinum,0.022,0.022,-1,Echolocation,/mnt/ubna_data_02_mir/recover-20220922/UBNA_001/20220921_090000.WAV,Telephone Field,recover-20220922,001,1795
630.9985,631.0412,68437,83057,Rhinolophus ferrumequinum,0.031,0.031,-1,Echolocation,/mnt/ubna_data_02_mir/recover-20220922/UBNA_001/20220921_090000.WAV,Telephone Field,recover-20220922,001,1795
631.0065,631.0185,23750,28685,Nyctalus leisleri,0.015,0.03,-1,Echolocation,/mnt/ubna_data_02_mir/recover-20220922/UBNA_001/20220921_090000.WAV,Telephone Field,recover-20220922,001,1795
631.0295,631.0679,68437,82422,Rhinolophus ferrumequinum,0.025,0.025,-1,Echolocation,/mnt/ubna_data_02_mir/recover-20220922/UBNA_001/20220921_090000.WAV,Telephone Field,recover-20220922,001,1795
631.0305,631.0384,25468,34405,Eptesicus serotinus,0.008,0.023,-1,Echolocation,/mnt/ubna_data_02_mir/recover-20220922/UBNA_001/20220921_090000.WAV,Telephone Field,recover-20220922,001,1795
631.0745,631.1117,68437,81346,Rhinolophus ferrumequinum,0.025,0.025,-1,Echolocation,/mnt/ubna_data_02_mir/recover-20220922/UBNA_001/20220921_090000.WAV,Telephone Field,recover-20220922,001,1795
631.1105,631.1472,68437,81977,Rhinolophus ferrumequinum,0.021,0.021,-1,Echolocation,/mnt/ubna_data_02_mir/recover-20220922/UBNA_001/20220921_090000.WAV,Telephone Field,recover-20220922,001,1795
631.1235,631.1647,68437,82771,Rhinolophus ferrumequinum,0.025,0.025,-1,Echolocation,/mnt/ubna_data_02_mir/recover-20220922/UBNA_001/20220921_090000.WAV,Telephone Field,recover-20220922,001,1795
631.1445,631.1874,68437,83052,Rhinolophus ferrumequinum,0.024,0.025,-1,Echolocation,/mnt/ubna_data_02_mir/recover-20220922/UBNA_001/20220921_090000.WAV,Telephone Field,recover-20220922,001,1795
631.1515,631.1601,28046,39731,Eptesicus serotinus,0.008,0.022,-1,Echolocation,/mnt/ubna_data_02_mir/recover-20220922/UBNA_001/20220921_090000.WAV,Telephone Field,recover-20220922,001,1795
631.1585,631.1674,28906,36998,Eptesicus serotinus,0.009,0.022,-1,Echolocation,/mnt/ubna_data_02_mir/recover-20220922/UBNA_001/20220921_090000.WAV,Telephone Field,recover-20220922,001,1795
631.2075,631.2163,28906,37046,Eptesicus serotinus,0.007,0.021,-1,Echolocation,/mnt/ubna_data_02_mir/recover-20220922/UBNA_001/20220921_090000.WAV,Telephone Field,recover-20220922,001,1795
631.2245,631.2626,68437,81962,Rhinolophus ferrumequinum,0.023,0.023,-1,Echolocation,/mnt/ubna_data_02_mir/recover-20220922/UBNA_001/20220921_090000.WAV,Telephone Field,recover-20220922,001,1795
631.2345,631.2744,68437,81637,Rhinolophus ferrumequinum,0.026,0.026,-1,Echolocation,/mnt/ubna_data_02_mir/recover-20220922/UBNA_001/20220921_090000.WAV,Telephone Field,recover-20220922,001,1795
631.2435,631.2851,68437,82938,Rhinolophus ferrumequinum,0.031,0.031,-1,Echolocation,/mnt/ubna_data_02_mir/recover-20220922/UBNA_001/20220921_090000.WAV,Telephone Field,recover-20220922,001,1795
631.2815,631.2918,23750,29745,Nyctalus leisleri,0.01,0.026,-1,Echolocation,/mnt/ubna_data_02_mir/recover-20220922/UBNA_001/20220921_090000.WAV,Telephone Field,recover-20220922,001,1795
631.2895,631.3063,21171,24332,Nyctalus leisleri,0.019,0.034,-1,Echolocation,/mnt/ubna_data_02_mir/recover-20220922/UBNA_001/20220921_090000.WAV,Telephone Field,recover-20220922,001,1795
631.3255,631.3628,68437,81619,Rhinolophus ferrumequinum,0.022,0.022,-1,Echolocation,/mnt/ubna_data_02_mir/recover-20220922/UBNA_001/20220921_090000.WAV,Telephone Field,recover-20220922,001,1795
631.3365,631.348,27187,34268,Eptesicus serotinus,0.013,0.025,-1,Echolocation,/mnt/ubna_data_02_mir/recover-20220922/UBNA_001/20220921_090000.WAV,Telephone Field,recover-20220922,001,1795
631.3425,631.3779,68437,81809,Rhinolophus ferrumequinum,0.021,0.021,-1,Echolocation,/mnt/ubna_data_02_mir/recover-20220922/UBNA_001/20220921_090000.WAV,Telephone Field,recover-20220922,001,1795
631.3455,631.3547,27187,35756,Eptesicus serotinus,0.009,0.022,-1,Echolocation,/mnt/ubna_data_02_mir/recover-20220922/UBNA_001/20220921_090000.WAV,Telephone Field,recover-20220922,001,1795
631.3595,631.3788,19453,22530,Nyctalus leisleri,0.015,0.031,-1,Echolocation,/mnt/ubna_data_02_mir/recover-20220922/UBNA_001/20220921_090000.WAV,Telephone Field,recover-20220922,001,1795
631.3765,631.3834,28046,38806,Eptesicus serotinus,0.006,0.021,-1,Echolocation,/mnt/ubna_data_02_mir/recover-20220922/UBNA_001/20220921_090000.WAV,Telephone Field,recover-20220922,001,1795
631.3935,631.4312,68437,81845,Rhinolophus ferrumequinum,0.025,0.025,-1,Echolocation,/mnt/ubna_data_02_mir/recover-20220922/UBNA_001/20220921_090000.WAV,Telephone Field,recover-20220922,001,1795
631.3995,631.437,68437,82343,Rhinolophus ferrumequinum,0.023,0.023,-1,Echolocation,/mnt/ubna_data_02_mir/recover-20220922/UBNA_001/20220921_090000.WAV,Telephone Field,recover-20220922,001,1795
631.4265,631.4659,68437,81949,Rhinolophus ferrumequinum,0.023,0.023,-1,Echolocation,/mnt/ubna_data_02_mir/recover-20220922/UBNA_001/20220921_090000.WAV,Telephone Field,recover-20220922,001,1795
631.4855,631.5263,68437,83137,Rhinolophus ferrumequinum,0.024,0.024,-1,Echolocation,/mnt/ubna_data_02_mir/recover-20220922/UBNA_001/20220921_090000.WAV,Telephone Field,recover-20220922,001,1795
631.5015,631.5128,28046,35865,Eptesicus serotinus,0.012,0.027,-1,Echolocation,/mnt/ubna_data_02_mir/recover-20220922/UBNA_001/20220921_090000.WAV,Telephone Field,recover-20220922,001,1795
631.5125,631.5215,28906,37476,Eptesicus serotinus,0.01,0.023,-1,Echolocation,/mnt/ubna_data_02_mir/recover-20220922/UBNA_001/20220921_090000.WAV,Telephone Field,recover-20220922,001,1795
631.5135,631.5236,55546,59628,Pipistrellus pygmaeus,0.028,0.029,-1,Echolocation,/mnt/ubna_data_02_mir/recover-20220922/UBNA_001/20220921_090000.WAV,Telephone Field,recover-20220922,001,1795
631.5305,631.5705,68437,82009,Rhinolophus ferrumequinum,0.022,0.022,-1,Echolocation,/mnt/ubna_data_02_mir/recover-20220922/UBNA_001/20220921_090000.WAV,Telephone Field,recover-20220922,001,1795
631.5635,631.6017,68437,82251,Rhinolophus ferrumequinum,0.028,0.028,-1,Echolocation,/mnt/ubna_data_02_mir/recover-20220922/UBNA_001/20220921_090000.WAV,Telephone Field,recover-20220922,001,1795
631.6065,631.6169,22890,28370,Nyctalus leisleri,0.01,0.024,-1,Echolocation,/mnt/ubna_data_02_mir/recover-20220922/UBNA_001/20220921_090000.WAV,Telephone Field,recover-20220922,001,1795
631.6315,631.6726,68437,82201,Rhinolophus ferrumequinum,0.023,0.023,-1,Echolocation,/mnt/ubna_data_02_mir/recover-20220922/UBNA_001/20220921_090000.WAV,Telephone Field,recover-20220922,001,1795
631.7235,631.7314,23750,32380,Plecotus austriacus,0.007,0.023,-1,Echolocation,/mnt/ubna_data_02_mir/recover-20220922/UBNA_001/20220921_090000.WAV,Telephone Field,recover-20220922,001,1795
631.7935,631.8328,68437,82423,Rhinolophus ferrumequinum,0.022,0.022,-1,Echolocation,/mnt/ubna_data_02_mir/recover-20220922/UBNA_001/20220921_090000.WAV,Telephone Field,recover-20220922,001,1795
631.8035,631.8128,27187,36185,Eptesicus serotinus,0.008,0.021,-1,Echolocation,/mnt/ubna_data_02_mir/recover-20220922/UBNA_001/20220921_090000.WAV,Telephone Field,recover-20220922,001,1795
631.8295,631.8659,68437,81709,Rhinolophus ferrumequinum,0.021,0.022,-1,Echolocation,/mnt/ubna_data_02_mir/recover-20220922/UBNA_001/20220921_090000.WAV,Telephone Field,recover-20220922,001,1795
631.8355,631.8708,68437,80969,Rhinolophus ferrumequinum,0.021,0.021,-1,Echolocation,/mnt/ubna_data_02_mir/recover-20220922/UBNA_001/20220921_090000.WAV,Telephone Field,recover-20220922,001,1795
631.8375,631.846,28046,37011,Eptesicus serotinus,0.008,0.021,-1,Echolocation,/mnt/ubna_data_02_mir/recover-20220922/UBNA_001/20220921_090000.WAV,Telephone Field,recover-20220922,001,1795
631.8485,631.8845,68437,81074,Rhinolophus ferrumequinum,0.022,0.022,-1,Echolocation,/mnt/ubna_data_02_mir/recover-20220922/UBNA_001/20220921_090000.WAV,Telephone Field,recover-20220922,001,1795
631.8765,631.917,68437,82434,Rhinolophus ferrumequinum,0.025,0.025,-1,Echolocation,/mnt/ubna_data_02_mir/recover-20220922/UBNA_001/20220921_090000.WAV,Telephone Field,recover-20220922,001,1795
631.9675,631.9774,24609,32032,Eptesicus serotinus,0.009,0.026,-1,Echolocation,/mnt/ubna_data_02_mir/recover-20220922/UBNA_001/20220921_090000.WAV,Telephone Field,recover-20220922,001,1795
632.0015,632.0331,68437,80432,Rhinolophus ferrumequinum,0.052,0.052,-1,Echolocation,/mnt/ubna_data_02_mir/recover-20220922/UBNA_001/20220921_090000.WAV,Telephone Field,recover-20220922,001,1795
632.0015,632.0094,26328,35874,Eptesicus serotinus,0.006,0.024,-1,Echolocation,/mnt/ubna_data_02_mir/recover-20220922/UBNA_001/20220921_090000.WAV,Telephone Field,recover-20220922,001,1795
632.0135,632.0549,68437,82987,Rhinolophus ferrumequinum,0.025,0.025,-1,Echolocation,/mnt/ubna_data_02_mir/recover-20220922/UBNA_001/20220921_090000.WAV,Telephone Field,recover-20220922,001,1795
632.0435,632.0529,28046,36623,Eptesicus serotinus,0.009,0.023,-1,Echolocation,/mnt/ubna_data_02_mir/recover-20220922/UBNA_001/20220921_090000.WAV,Telephone Field,recover-20220922,001,1795
632.0665,632.1066,68437,82419,Rhinolophus ferrumequinum,0.028,0.028,-1,Echolocation,/mnt/ubna_data_02_mir/recover-20220922/UBNA_001/20220921_090000.WAV,Telephone Field,recover-20220922,001,1795
632.0735,632.1102,68437,81646,Rhinolophus ferrumequinum,0.021,0.021,-1,Echolocation,/mnt/ubna_data_02_mir/recover-20220922/UBNA_001/20220921_090000.WAV,Telephone Field,recover-20220922,001,1795
632.0875,632.1256,68437,82473,Rhinolophus ferrumequinum,0.03,0.03,-1,Echolocation,/mnt/ubna_data_02_mir/recover-20220922/UBNA_001/20220921_090000.WAV,Telephone Field,recover-20220922,001,1795
632.0955,632.1032,27187,38465,Eptesicus serotinus,0.01,0.029,-1,Echolocation,/mnt/ubna_data_02_mir/recover-20220922/UBNA_001/20220921_090000.WAV,Telephone Field,recover-20220922,001,1795
632.1255,632.1618,68437,81777,Rhinolophus ferrumequinum,0.026,0.026,-1,Echolocation,/mnt/ubna_data_02_mir/recover-20220922/UBNA_001/20220921_090000.WAV,Telephone Field,recover-20220922,001,1795
632.1485,632.1567,24609,33231,Eptesicus serotinus,0.006,0.021,-1,Echolocation,/mnt/ubna_data_02_mir/recover-20220922/UBNA_001/20220921_090000.WAV,Telephone Field,recover-20220922,001,1795
632.1605,632.2033,68437,83340,Rhinolophus ferrumequinum,0.029,0.029,-1,Echolocation,/mnt/ubna_data_02_mir/recover-20220922/UBNA_001/20220921_090000.WAV,Telephone Field,recover-20220922,001,1795
632.2065,632.2456,68437,82064,Rhinolophus ferrumequinum,0.022,0.022,-1,Echolocation,/mnt/ubna_data_02_mir/recover-20220922/UBNA_001/20220921_090000.WAV,Telephone Field,recover-20220922,001,1795
632.2215,632.2604,68437,81715,Rhinolophus ferrumequinum,0.022,0.022,-1,Echolocation,/mnt/ubna_data_02_mir/recover-20220922/UBNA_001/20220921_090000.WAV,Telephone Field,recover-20220922,001,1795
632.2425,632.2816,68437,82554,Rhinolophus ferrumequinum,0.022,0.022,-1,Echolocation,/mnt/ubna_data_02_mir/recover-20220922/UBNA_001/20220921_090000.WAV,Telephone Field,recover-20220922,001,1795
632.2815,632.2916,25468,32114,Eptesicus serotinus,0.008,0.021,-1,Echolocation,/mnt/ubna_data_02_mir/recover-20220922/UBNA_001/20220921_090000.WAV,Telephone Field,recover-20220922,001,1795
632.3305,632.3449,22890,26764,Nyctalus leisleri,0.019,0.033,-1,Echolocation,/mnt/ubna_data_02_mir/recover-20220922/UBNA_001/20220921_090000.WAV,Telephone Field,recover-20220922,001,1795
632.3315,632.339,57265,62211,Pipistrellus pygmaeus,0.021,0.022,-1,Echolocation,/mnt/ubna_data_02_mir/recover-20220922/UBNA_001/20220921_090000.WAV,Telephone Field,recover-20220922,001,1795
632.3325,632.3736,68437,83307,Rhinolophus ferrumequinum,0.032,0.032,-1,Echolocation,/mnt/ubna_data_02_mir/recover-20220922/UBNA_001/20220921_090000.WAV,Telephone Field,recover-20220922,001,1795
632.3425,632.3823,68437,82500,Rhinolophus ferrumequinum,0.025,0.025,-1,Echolocation,/mnt/ubna_data_02_mir/recover-20220922/UBNA_001/20220921_090000.WAV,Telephone Field,recover-20220922,001,1795
632.3625,632.3721,22890,29498,Nyctalus leisleri,0.007,0.022,-1,Echolocation,/mnt/ubna_data_02_mir/recover-20220922/UBNA_001/20220921_090000.WAV,Telephone Field,recover-20220922,001,1795
632.3815,632.419,68437,82522,Rhinolophus ferrumequinum,0.021,0.021,-1,Echolocation,/mnt/ubna_data_02_mir/recover-20220922/UBNA_001/20220921_090000.WAV,Telephone Field,recover-20220922,001,1795
632.3945,632.4139,19453,22501,Nyctalus leisleri,0.017,0.031,-1,Echolocation,/mnt/ubna_data_02_mir/recover-20220922/UBNA_001/20220921_090000.WAV,Telephone Field,recover-20220922,001,1795
632.4155,632.4287,22031,25868,Nyctalus leisleri,0.014,0.026,-1,Echolocation,/mnt/ubna_data_02_mir/recover-20220922/UBNA_001/20220921_090000.WAV,Telephone Field,recover-20220922,001,1795
632.4315,632.4702,68437,82686,Rhinolophus ferrumequinum,0.023,0.024,-1,Echolocation,/mnt/ubna_data_02_mir/recover-20220922/UBNA_001/20220921_090000.WAV,Telephone Field,recover-20220922,001,1795
632.4615,632.5005,68437,82115,Rhinolophus ferrumequinum,0.023,0.023,-1,Echolocation,/mnt/ubna_data_02_mir/recover-20220922/UBNA_001/20220921_090000.WAV,Telephone Field,recover-20220922,001,1795
632.4765,632.5179,68437,82598,Rhinolophus ferrumequinum,0.039,0.039,-1,Echolocation,/mnt/ubna_data_02_mir/recover-20220922/UBNA_001/20220921_090000.WAV,Telephone Field,recover-20220922,001,1795
632.4865,632.4958,28906,37124,Eptesicus serotinus,0.009,0.022,-1,Echolocation,/mnt/ubna_data_02_mir/recover-20220922/UBNA_001/20220921_090000.WAV,Telephone Field,recover-20220922,001,1795
632.5285,632.5704,68437,82876,Rhinolophus ferrumequinum,0.038,0.038,-1,Echolocation,/mnt/ubna_data_02_mir/recover-20220922/UBNA_001/20220921_090000.WAV,Telephone Field,recover-20220922,001,1795
632.5315,632.5394,51250,56139,Pipistrellus pipistrellus,0.022,0.026,-1,Echolocation,/mnt/ubna_data_02_mir/recover-20220922/UBNA_001/20220921_090000.WAV,Telephone Field,recover-20220922,001,1795
632.5505,632.5631,37500,41722,Pipistrellus nathusii,0.01,0.023,-1,Echolocation,/mnt/ubna_data_02_mir/recover-20220922/UBNA_001/20220921_090000.WAV,Telephone Field,recover-20220922,001,1795
632.5535,632.594,68437,82822,Rhinolophus ferrumequinum,0.027,0.027,-1,Echolocation,/mnt/ubna_data_02_mir/recover-20220922/UBNA_001/20220921_090000.WAV,Telephone Field,recover-20220922,001,1795
632.5945,632.6051,28906,36949,Eptesicus serotinus,0.012,0.026,-1,Echolocation,/mnt/ubna_data_02_mir/recover-20220922/UBNA_001/20220921_090000.WAV,Telephone Field,recover-20220922,001,1795
632.5995,632.6377,68437,82315,Rhinolophus ferrumequinum,0.022,0.022,-1,Echolocation,/mnt/ubna_data_02_mir/recover-20220922/UBNA_001/20220921_090000.WAV,Telephone Field,recover-20220922,001,1795
632.6255,632.6365,21171,27324,Nyctalus noctula,0.04,0.115,-1,Echolocation,/mnt/ubna_data_02_mir/recover-20220922/UBNA_001/20220921_090000.WAV,Telephone Field,recover-20220922,001,1795
632.6325,632.6394,28046,41486,Eptesicus serotinus,0.006,0.022,-1,Echolocation,/mnt/ubna_data_02_mir/recover-20220922/UBNA_001/20220921_090000.WAV,Telephone Field,recover-20220922,001,1795
632.6415,632.6799,68437,82374,Rhinolophus ferrumequinum,0.023,0.023,-1,Echolocation,/mnt/ubna_data_02_mir/recover-20220922/UBNA_001/20220921_090000.WAV,Telephone Field,recover-20220922,001,1795
632.6555,632.6922,68437,82033,Rhinolophus ferrumequinum,0.022,0.022,-1,Echolocation,/mnt/ubna_data_02_mir/recover-20220922/UBNA_001/20220921_090000.WAV,Telephone Field,recover-20220922,001,1795
632.6675,632.706,68437,81502,Rhinolophus ferrumequinum,0.024,0.024,-1,Echolocation,/mnt/ubna_data_02_mir/recover-20220922/UBNA_001/20220921_090000.WAV,Telephone Field,recover-20220922,001,1795
632.6875,632.6982,22890,27848,Nyctalus leisleri,0.012,0.024,-1,Echolocation,/mnt/ubna_data_02_mir/recover-20220922/UBNA_001/20220921_090000.WAV,Telephone Field,recover-20220922,001,1795
632.7115,632.7479,68437,81849,Rhinolophus ferrumequinum,0.024,0.024,-1,Echolocation,/mnt/ubna_data_02_mir/recover-20220922/UBNA_001/20220921_090000.WAV,Telephone Field,recover-20220922,001,1795
632.7125,632.721,28046,37195,Eptesicus serotinus,0.008,0.023,-1,Echolocation,/mnt/ubna_data_02_mir/recover-20220922/UBNA_001/20220921_090000.WAV,Telephone Field,recover-20220922,001,1795
632.7125,632.7214,46953,51245,Pipistrellus pipistrellus,0.028,0.03,-1,Echolocation,/mnt/ubna_data_02_mir/recover-20220922/UBNA_001/20220921_090000.WAV,Telephone Field,recover-20220922,001,1795
632.7625,632.8006,68437,81993,Rhinolophus ferrumequinum,0.021,0.021,-1,Echolocation,/mnt/ubna_data_02_mir/recover-20220922/UBNA_001/20220921_090000.WAV,Telephone Field,recover-20220922,001,1795
632.7785,632.7968,20312,23322,Nyctalus leisleri,0.017,0.029,-1,Echolocation,/mnt/ubna_data_02_mir/recover-20220922/UBNA_001/20220921_090000.WAV,Telephone Field,recover-20220922,001,1795
632.7955,632.8351,68437,82040,Rhinolophus ferrumequinum,0.023,0.023,-1,Echolocation,/mnt/ubna_data_02_mir/recover-20220922/UBNA_001/20220921_090000.WAV,Telephone Field,recover-20220922,001,1795
632.8145,632.8248,28906,35899,Eptesicus serotinus,0.012,0.026,-1,Echolocation,/mnt/ubna_data_02_mir/recover-20220922/UBNA_001/20220921_090000.WAV,Telephone Field,recover-20220922,001,1795
632.9025,632.9398,68437,81731,Rhinolophus ferrumequinum,0.025,0.025,-1,Echolocation,/mnt/ubna_data_02_mir/recover-20220922/UBNA_001/20220921_090000.WAV,Telephone Field,recover-20220922,001,1795
632.9155,632.9542,68437,81966,Rhinolophus ferrumequinum,0.027,0.027,-1,Echolocation,/mnt/ubna_data_02_mir/recover-20220922/UBNA_001/20220921_090000.WAV,Telephone Field,recover-20220922,001,1795
632.9355,632.9724,68437,81662,Rhinolophus ferrumequinum,0.023,0.024,-1,Echolocation,/mnt/ubna_data_02_mir/recover-20220922/UBNA_001/20220921_090000.WAV,Telephone Field,recover-20220922,001,1795
632.9405,632.9506,23750,29986,Nyctalus leisleri,0.008,0.022,-1,Echolocation,/mnt/ubna_data_02_mir/recover-20220922/UBNA_001/20220921_090000.WAV,Telephone Field,recover-20220922,001,1795
632.9515,632.9587,26328,35597,Eptesicus serotinus,0.007,0.021,-1,Echolocation,/mnt/ubna_data_02_mir/recover-20220922/UBNA_001/20220921_090000.WAV,Telephone Field,recover-20220922,001,1795
632.9595,633.0002,68437,82445,Rhinolophus ferrumequinum,0.024,0.024,-1,Echolocation,/mnt/ubna_data_02_mir/recover-20220922/UBNA_001/20220921_090000.WAV,Telephone Field,recover-20220922,001,1795
632.9655,632.9757,28046,35767,Eptesicus serotinus,0.009,0.022,-1,Echolocation,/mnt/ubna_data_02_mir/recover-20220922/UBNA_001/20220921_090000.WAV,Telephone Field,recover-20220922,001,1795
633.0015,633.0093,23750,31959,Plecotus austriacus,0.01,0.024,-1,Echolocation,/mnt/ubna_data_02_mir/recover-20220922/UBNA_001/20220921_090000.WAV,Telephone Field,recover-20220922,001,1795
633.0155,633.0567,68437,83106,Rhinolophus ferrumequinum,0.024,0.024,-1,Echolocation,/mnt/ubna_data_02_mir/recover-20220922/UBNA_001/20220921_090000.WAV,Telephone Field,recover-20220922,001,1795
633.0315,633.0445,28906,34643,Eptesicus serotinus,0.023,0.038,-1,Echolocation,/mnt/ubna_data_02_mir/recover-20220922/UBNA_001/20220921_090000.WAV,Telephone Field,recover-20220922,001,1795
633.0695,633.1069,68437,81468,Rhinolophus ferrumequinum,0.023,0.023,-1,Echolocation,/mnt/ubna_data_02_mir/recover-20220922/UBNA_001/20220921_090000.WAV,Telephone Field,recover-20220922,001,1795
633.1065,633.1141,51250,56489,Pipistrellus pipistrellus,0.028,0.032,-1,Echolocation,/mnt/ubna_data_02_mir/recover-20220922/UBNA_001/20220921_090000.WAV,Telephone Field,recover-20220922,001,1795
633.1595,633.1676,28046,38659,Eptesicus serotinus,0.007,0.021,-1,Echolocation,/mnt/ubna_data_02_mir/recover-20220922/UBNA_001/20220921_090000.WAV,Telephone Field,recover-20220922,001,1795
633.1685,633.179,25468,32801,Eptesicus serotinus,0.009,0.021,-1,Echolocation,/mnt/ubna_data_02_mir/recover-20220922/UBNA_001/20220921_090000.WAV,Telephone Field,recover-20220922,001,1795
633.1895,633.2282,68437,82034,Rhinolophus ferrumequinum,0.023,0.023,-1,Echolocation,/mnt/ubna_data_02_mir/recover-20220922/UBNA_001/20220921_090000.WAV,Telephone Field,recover-20220922,001,1795
633.2725,633.3164,68437,83042,Rhinolophus ferrumequinum,0.064,0.064,-1,Echolocation,/mnt/ubna_data_02_mir/recover-20220922/UBNA_001/20220921_090000.WAV,Telephone Field,recover-20220922,001,1795
633.2985,633.3369,68437,82690,Rhinolophus ferrumequinum,0.021,0.021,-1,Echolocation,/mnt/ubna_data_02_mir/recover-20220922/UBNA_001/20220921_090000.WAV,Telephone Field,recover-20220922,001,1795
633.3325,633.3683,68437,81424,Rhinolophus ferrumequinum,0.022,0.022,-1,Echolocation,/mnt/ubna_data_02_mir/recover-20220922/UBNA_001/20220921_090000.WAV,Telephone Field,recover-20220922,001,1795
633.3705,633.4083,68437,81847,Rhinolophus ferrumequinum,0.025,0.025,-1,Echolocation,/mnt/ubna_data_02_mir/recover-20220922/UBNA_001/20220921_090000.WAV,Telephone Field,recover-20220922,001,1795
633.3905,633.4122,18593,21887,Nyctalus noctula,0.017,0.037,-1,Echolocation,/mnt/ubna_data_02_mir/recover-20220922/UBNA_001/20220921_090000.WAV,Telephone Field,recover-20220922,001,1795
633.3955,633.4042,28046,37021,Eptesicus serotinus,0.009,0.022,-1,Echolocation,/mnt/ubna_data_02_mir/recover-20220922/UBNA_001/20220921_090000.WAV,Telephone Field,recover-20220922,001,1795
633.4065,633.4176,22890,27581,Nyctalus leisleri,0.011,0.021,-1,Echolocation,/mnt/ubna_data_02_mir/recover-20220922/UBNA_001/20220921_090000.WAV,Telephone Field,recover-20220922,001,1795
633.4275,633.4679,68437,82408,Rhinolophus ferrumequinum,0.026,0.026,-1,Echolocation,/mnt/ubna_data_02_mir/recover-20220922/UBNA_001/20220921_090000.WAV,Telephone Field,recover-20220922,001,1795
633.4555,633.4931,68437,81724,Rhinolophus ferrumequinum,0.022,0.022,-1,Echolocation,/mnt/ubna_data_02_mir/recover-20220922/UBNA_001/20220921_090000.WAV,Telephone Field,recover-20220922,001,1795
633.5005,633.5397,68437,81939,Rhinolophus ferrumequinum,0.032,0.032,-1,Echolocation,/mnt/ubna_data_02_mir/recover-20220922/UBNA_001/20220921_090000.WAV,Telephone Field,recover-20220922,001,1795
633.5315,633.5689,68437,81968,Rhinolophus ferrumequinum,0.024,0.024,-1,Echolocation,/mnt/ubna_data_02_mir/recover-20220922/UBNA_001/20220921_090000.WAV,Telephone Field,recover-20220922,001,1795
633.5545,633.5899,68437,82056,Rhinolophus ferrumequinum,0.022,0.022,-1,Echolocation,/mnt/ubna_data_02_mir/recover-20220922/UBNA_001/20220921_090000.WAV,Telephone Field,recover-20220922,001,1795
633.5655,633.5764,24609,30123,Nyctalus leisleri,0.012,0.029,-1,Echolocation,/mnt/ubna_data_02_mir/recover-20220922/UBNA_001/20220921_090000.WAV,Telephone Field,recover-20220922,001,1795
633.5805,633.6188,68437,82154,Rhinolophus ferrumequinum,0.029,0.029,-1,Echolocation,/mnt/ubna_data_02_mir/recover-20220922/UBNA_001/20220921_090000.WAV,Telephone Field,recover-20220922,001,1795
633.5975,633.6063,28906,37454,Eptesicus serotinus,0.009,0.024,-1,Echolocation,/mnt/ubna_data_02_mir/recover-20220922/UBNA_001/20220921_090000.WAV,Telephone Field,recover-20220922,001,1795
633.6235,633.6349,22890,27801,Nyctalus leisleri,0.01,0.022,-1,Echolocation,/mnt/ubna_data_02_mir/recover-20220922/UBNA_001/20220921_090000.WAV,Telephone Field,recover-20220922,001,1795
633.6255,633.667,68437,83163,Rhinolophus ferrumequinum,0.024,0.024,-1,Echolocation,/mnt/ubna_data_02_mir/recover-20220922/UBNA_001/20220921_090000.WAV,Telephone Field,recover-20220922,001,1795
633.6305,633.6712,68437,83348,Rhinolophus ferrumequinum,0.024,0.024,-1,Echolocation,/mnt/ubna_data_02_mir/recover-20220922/UBNA_001/20220921_090000.WAV,Telephone Field,recover-20220922,001,1795
633.6335,633.641,27187,37782,Eptesicus serotinus,0.008,0.024,-1,Echolocation,/mnt/ubna_data_02_mir/recover-20220922/UBNA_001/20220921_090000.WAV,Telephone Field,recover-20220922,001,1795
633.6575,633.6678,22031,26618,Nyctalus leisleri,0.011,0.025,-1,Echolocation,/mnt/ubna_data_02_mir/recover-20220922/UBNA_001/20220921_090000.WAV,Telephone Field,recover-20220922,001,1795
633.6765,633.7165,68437,82751,Rhinolophus ferrumequinum,0.03,0.03,-1,Echolocation,/mnt/ubna_data_02_mir/recover-20220922/UBNA_001/20220921_090000.WAV,Telephone Field,recover-20220922,001,1795
633.6915,633.7342,68437,82946,Rhinolophus ferrumequinum,0.036,0.036,-1,Echolocation,/mnt/ubna_data_02_mir/recover-20220922/UBNA_001/20220921_090000.WAV,Telephone Field,recover-20220922,001,1795
633.7305,633.741,38359,43837,Pipistrellus nathusii,0.009,0.023,-1,Echolocation,/mnt/ubna_data_02_mir/recover-20220922/UBNA_001/20220921_090000.WAV,Telephone Field,recover-20220922,001,1795
633.7345,633.7726,68437,82164,Rhinolophus ferrumequinum,0.027,0.027,-1,Echolocation,/mnt/ubna_data_02_mir/recover-20220922/UBNA_001/20220921_090000.WAV,Telephone Field,recover-20220922,001,1795
633.7375,633.7474,15156,21077,Nyctalus noctula,0.013,0.026,-1,Echolocation,/mnt/ubna_data_02_mir/recover-20220922/UBNA_001/20220921_090000.WAV,Telephone Field,recover-20220922,001,1795
633.7685,633.7784,23750,30116,Nyctalus leisleri,0.008,0.023,-1,Echolocation,/mnt/ubna_data_02_mir/recover-20220922/UBNA_001/20220921_090000.WAV,Telephone Field,recover-20220922,001,1795
633.7735,633.8194,68437,83535,Rhinolophus ferrumequinum,0.03,0.03,-1,Echolocation,/mnt/ubna_data_02_mir/recover-20220922/UBNA_001/20220921_090000.WAV,Telephone Field,recover-20220922,001,1795
633.8085,633.8179,40937,50207,Pipistrellus nathusii,0.008,0.025,-1,Echolocation,/mnt/ubna_data_02_mir/recover-20220922/UBNA_001/20220921_090000.WAV,Telephone Field,recover-20220922,001,1795
633.8305,633.8392,28046,38676,Eptesicus serotinus,0.008,0.021,-1,Echolocation,/mnt/ubna_data_02_mir/recover-20220922/UBNA_001/20220921_090000.WAV,Telephone Field,recover-20220922,001,1795
633.8365,633.8782,68437,82957,Rhinolophus ferrumequinum,0.026,0.026,-1,Echolocation,/mnt/ubna_data_02_mir/recover-20220922/UBNA_001/20220921_090000.WAV,Telephone Field,recover-20220922,001,1795
633.8615,633.8981,68437,82459,Rhinolophus ferrumequinum,0.023,0.023,-1,Echolocation,/mnt/ubna_data_02_mir/recover-20220922/UBNA_001/20220921_090000.WAV,Telephone Field,recover-20220922,001,1795
633.8975,633.9347,68437,82283,Rhinolophus ferrumequinum,0.024,0.024,-1,Echolocation,/mnt/ubna_data_02_mir/recover-20220922/UBNA_001/20220921_090000.WAV,Telephone Field,recover-20220922,001,1795
633.9085,633.9181,28046,36609,Eptesicus serotinus,0.008,0.023,-1,Echolocation,/mnt/ubna_data_02_mir/recover-20220922/UBNA_001/20220921_090000.WAV,Telephone Field,recover-20220922,001,1795
633.9095,633.9506,68437,83070,Rhinolophus ferrumequinum,0.026,0.026,-1,Echolocation,/mnt/ubna_data_02_mir/recover-20220922/UBNA_001/20220921_090000.WAV,Telephone Field,recover-20220922,001,1795
633.9385,633.9479,28046,35855,Eptesicus serotinus,0.008,0.022,-1,Echolocation,/mnt/ubna_data_02_mir/recover-20220922/UBNA_001/20220921_090000.WAV,Telephone Field,recover-20220922,001,1795
633.9605,633.9982,68437,81568,Rhinolophus ferrumequinum,0.025,0.025,-1,Echolocation,/mnt/ubna_data_02_mir/recover-20220922/UBNA_001/20220921_090000.WAV,Telephone Field,recover-20220922,001,1795
634.0015,634.0377,68437,80574,Rhinolophus ferrumequinum,0.068,0.068,-1,Echolocation,/mnt/ubna_data_02_mir/recover-20220922/UBNA_001/20220921_090000.WAV,Telephone Field,recover-20220922,001,1795
634.0015,634.0105,27187,37340,Eptesicus serotinus,0.009,0.029,-1,Echolocation,/mnt/ubna_data_02_mir/recover-20220922/UBNA_001/20220921_090000.WAV,Telephone Field,recover-20220922,001,1795
634.0015,634.008,47812,53683,Pipistrellus pipistrellus,0.019,0.024,-1,Echolocation,/mnt/ubna_data_02_mir/recover-20220922/UBNA_001/20220921_090000.WAV,Telephone Field,recover-20220922,001,1795
634.0075,634.0491,68437,82637,Rhinolophus ferrumequinum,0.025,0.025,-1,Echolocation,/mnt/ubna_data_02_mir/recover-20220922/UBNA_001/20220921_090000.WAV,Telephone Field,recover-20220922,001,1795
634.0125,634.0221,27187,35483,Eptesicus serotinus,0.008,0.02,-1,Echolocation,/mnt/ubna_data_02_mir/recover-20220922/UBNA_001/20220921_090000.WAV,Telephone Field,recover-20220922,001,1795
634.0455,634.0535,27187,39687,Eptesicus serotinus,0.007,0.021,-1,Echolocation,/mnt/ubna_data_02_mir/recover-20220922/UBNA_001/20220921_090000.WAV,Telephone Field,recover-20220922,001,1795
634.0695,634.1077,68437,82490,Rhinolophus ferrumequinum,0.024,0.024,-1,Echolocation,/mnt/ubna_data_02_mir/recover-20220922/UBNA_001/20220921_090000.WAV,Telephone Field,recover-20220922,001,1795
634.0795,634.1203,68437,82641,Rhinolophus ferrumequinum,0.021,0.021,-1,Echolocation,/mnt/ubna_data_02_mir/recover-20220922/UBNA_001/20220921_090000.WAV,Telephone Field,recover-20220922,001,1795
634.1045,634.1422,68437,81542,Rhinolophus ferrumequinum,0.02,0.02,-1,Echolocation,/mnt/ubna_data_02_mir/recover-20220922/UBNA_001/20220921_090000.WAV,Telephone Field,recover-20220922,001,1795
634.1145,634.1535,68437,82005,Rhinolophus ferrumequinum,0.023,0.023,-1,Echolocation,/mnt/ubna_data_02_mir/recover-20220922/UBNA_001/20220921_090000.WAV,Telephone Field,recover-20220922,001,1795
634.1255,634.1669,68437,83076,Rhinolophus ferrumequinum,0.021,0.021,-1,Echolocation,/mnt/ubna_data_02_mir/recover-20220922/UBNA_001/20220921_090000.WAV,Telephone Field,recover-20220922,001,1795
634.1705,634.1849,22890,27691,Nyctalus leisleri,0.013,0.025,-1,Echolocation,/mnt/ubna_data_02_mir/recover-20220922/UBNA_001/20220921_090000.WAV,Telephone Field,recover-20220922,001,1795
634.1905,634.1999,28906,37101,Eptesicus serotinus,0.009,0.023,-1,Echolocation,/mnt/ubna_data_02_mir/recover-20220922/UBNA_001/20220921_090000.WAV,Telephone Field,recover-20220922,001,1795
634.1965,634.2052,28906,36612,Eptesicus serotinus,0.009,0.024,-1,Echolocation,/mnt/ubna_data_02_mir/recover-20220922/UBNA_001/20220921_090000.WAV,Telephone Field,recover-20220922,001,1795
634.2105,634.2175,28046,40164,Eptesicus serotinus,0.006,0.021,-1,Echolocation,/mnt/ubna_data_02_mir/recover-20220922/UBNA_001/20220921_090000.WAV,Telephone Field,recover-20220922,001,1795
634.2165,634.2552,68437,81624,Rhinolophus ferrumequinum,0.02,0.02,-1,Echolocation,/mnt/ubna_data_02_mir/recover-20220922/UBNA_001/20220921_090000.WAV,Telephone Field,recover-20220922,001,1795
634.2195,634.2272,28046,37843,Eptesicus serotinus,0.007,0.021,-1,Echolocation,/mnt/ubna_data_02_mir/recover-20220922/UBNA_001/20220921_090000.WAV,Telephone Field,recover-20220922,001,1795
634.2255,634.2332,48671,52916,Pipistrellus pipistrellus,0.021,0.023,-1,Echolocation,/mnt/ubna_data_02_mir/recover-20220922/UBNA_001/20220921_090000.WAV,Telephone Field,recover-20220922,001,1795
634.3645,634.3734,28906,37052,Eptesicus serotinus,0.009,0.022,-1,Echolocation,/mnt/ubna_data_02_mir/recover-20220922/UBNA_001/20220921_090000.WAV,Telephone Field,recover-20220922,001,1795
634.3735,634.3794,34062,45023,Myotis daubentonii,0.008,0.024,-1,Echolocation,/mnt/ubna_data_02_mir/recover-20220922/UBNA_001/20220921_090000.WAV,Telephone Field,recover-20220922,001,1795
634.4265,634.4361,24609,32739,Eptesicus serotinus,0.007,0.024,-1,Echolocation,/mnt/ubna_data_02_mir/recover-20220922/UBNA_001/20220921_090000.WAV,Telephone Field,recover-20220922,001,1795
634.4415,634.4817,68437,82238,Rhinolophus ferrumequinum,0.022,0.022,-1,Echolocation,/mnt/ubna_data_02_mir/recover-20220922/UBNA_001/20220921_090000.WAV,Telephone Field,recover-20220922,001,1795
634.4425,634.4515,28046,38464,Eptesicus serotinus,0.012,0.028,-1,Echolocation,/mnt/ubna_data_02_mir/recover-20220922/UBNA_001/20220921_090000.WAV,Telephone Field,recover-20220922,001,1795
634.4655,634.5043,68437,82113,Rhinolophus ferrumequinum,0.021,0.021,-1,Echolocation,/mnt/ubna_data_02_mir/recover-20220922/UBNA_001/20220921_090000.WAV,Telephone Field,recover-20220922,001,1795
634.5125,634.5521,68437,82717,Rhinolophus ferrumequinum,0.022,0.022,-1,Echolocation,/mnt/ubna_data_02_mir/recover-20220922/UBNA_001/20220921_090000.WAV,Telephone Field,recover-20220922,001,1795
634.5195,634.5572,68437,81717,Rhinolophus ferrumequinum,0.023,0.023,-1,Echolocation,/mnt/ubna_data_02_mir/recover-20220922/UBNA_001/20220921_090000.WAV,Telephone Field,recover-20220922,001,1795
634.5215,634.5322,25468,32177,Eptesicus serotinus,0.009,0.021,-1,Echolocation,/mnt/ubna_data_02_mir/recover-20220922/UBNA_001/20220921_090000.WAV,Telephone Field,recover-20220922,001,1795
634.5295,634.5419,22890,27149,Nyctalus leisleri,0.013,0.023,-1,Echolocation,/mnt/ubna_data_02_mir/recover-20220922/UBNA_001/20220921_090000.WAV,Telephone Field,recover-20220922,001,1795
634.6005,634.6434,68437,83012,Rhinolophus ferrumequinum,0.027,0.027,-1,Echolocation,/mnt/ubna_data_02_mir/recover-20220922/UBNA_001/20220921_090000.WAV,Telephone Field,recover-20220922,001,1795
634.6075,634.6508,68437,82359,Rhinolophus ferrumequinum,0.027,0.027,-1,Echolocation,/mnt/ubna_data_02_mir/recover-20220922/UBNA_001/20220921_090000.WAV,Telephone Field,recover-20220922,001,1795
634.6175,634.6273,22890,29093,Nyctalus leisleri,0.008,0.021,-1,Echolocation,/mnt/ubna_data_02_mir/recover-20220922/UBNA_001/20220921_090000.WAV,Telephone Field,recover-20220922,001,1795
634.6385,634.6748,68437,81089,Rhinolophus ferrumequinum,0.023,0.023,-1,Echolocation,/mnt/ubna_data_02_mir/recover-20220922/UBNA_001/20220921_090000.WAV,Telephone Field,recover-20220922,001,1795
634.6455,634.6841,68437,81967,Rhinolophus ferrumequinum,0.023,0.023,-1,Echolocation,/mnt/ubna_data_02_mir/recover-20220922/UBNA_001/20220921_090000.WAV,Telephone Field,recover-20220922,001,1795
634.6475,634.6583,28906,36541,Eptesicus serotinus,0.013,0.026,-1,Echolocation,/mnt/ubna_data_02_mir/recover-20220922/UBNA_001/20220921_090000.WAV,Telephone Field,recover-20220922,001,1795
634.6735,634.7077,68437,80790,Rhinolophus ferrumequinum,0.021,0.021,-1,Echolocation,/mnt/ubna_data_02_mir/recover-20220922/UBNA_001/20220921_090000.WAV,Telephone Field,recover-20220922,001,1795
634.6865,634.695,28906,37256,Eptesicus serotinus,0.007,0.021,-1,Echolocation,/mnt/ubna_data_02_mir/recover-20220922/UBNA_001/20220921_090000.WAV,Telephone Field,recover-20220922,001,1795
634.6945,634.732,68437,82303,Rhinolophus ferrumequinum,0.022,0.022,-1,Echolocation,/mnt/ubna_data_02_mir/recover-20220922/UBNA_001/20220921_090000.WAV,Telephone Field,recover-20220922,001,1795
634.7035,634.7137,28046,36165,Eptesicus serotinus,0.009,0.022,-1,Echolocation,/mnt/ubna_data_02_mir/recover-20220922/UBNA_001/20220921_090000.WAV,Telephone Field,recover-20220922,001,1795
634.7405,634.7784,68437,82300,Rhinolophus ferrumequinum,0.021,0.021,-1,Echolocation,/mnt/ubna_data_02_mir/recover-20220922/UBNA_001/20220921_090000.WAV,Telephone Field,recover-20220922,001,1795
634.7535,634.7972,68437,83391,Rhinolophus ferrumequinum,0.03,0.03,-1,Echolocation,/mnt/ubna_data_02_mir/recover-20220922/UBNA_001/20220921_090000.WAV,Telephone Field,recover-20220922,001,1795
634.7695,634.7782,23750,31143,Nyctalus leisleri,0.006,0.02,-1,Echolocation,/mnt/ubna_data_02_mir/recover-20220922/UBNA_001/20220921_090000.WAV,Telephone Field,recover-20220922,001,1795
634.7775,634.789,28906,36451,Eptesicus serotinus,0.011,0.024,-1,Echolocation,/mnt/ubna_data_02_mir/recover-20220922/UBNA_001/20220921_090000.WAV,Telephone Field,recover-20220922,001,1795
634.7935,634.8017,28046,37004,Eptesicus serotinus,0.007,0.021,-1,Echolocation,/mnt/ubna_data_02_mir/recover-20220922/UBNA_001/20220921_090000.WAV,Telephone Field,recover-20220922,001,1795
634.8005,634.8434,68437,82942,Rhinolophus ferrumequinum,0.028,0.028,-1,Echolocation,/mnt/ubna_data_02_mir/recover-20220922/UBNA_001/20220921_090000.WAV,Telephone Field,recover-20220922,001,1795
634.8065,634.8471,68437,83032,Rhinolophus ferrumequinum,0.025,0.025,-1,Echolocation,/mnt/ubna_data_02_mir/recover-20220922/UBNA_001/20220921_090000.WAV,Telephone Field,recover-20220922,001,1795
634.8425,634.8799,68437,81384,Rhinolophus ferrumequinum,0.023,0.023,-1,Echolocation,/mnt/ubna_data_02_mir/recover-20220922/UBNA_001/20220921_090000.WAV,Telephone Field,recover-20220922,001,1795
634.8645,634.9047,68437,82602,Rhinolophus ferrumequinum,0.024,0.024,-1,Echolocation,/mnt/ubna_data_02_mir/recover-20220922/UBNA_001/20220921_090000.WAV,Telephone Field,recover-20220922,001,1795
634.8815,634.9218,68437,82555,Rhinolophus ferrumequinum,0.026,0.026,-1,Echolocation,/mnt/ubna_data_02_mir/recover-20220922/UBNA_001/20220921_090000.WAV,Telephone Field,recover-20220922,001,1795
634.8995,634.9386,68437,82260,Rhinolophus ferrumequinum,0.021,0.021,-1,Echolocation,/mnt/ubna_data_02_mir/recover-20220922/UBNA_001/20220921_090000.WAV,Telephone Field,recover-20220922,001,1795
634.9155,634.9291,22890,27197,Nyctalus leisleri,0.011,0.022,-1,Echolocation,/mnt/ubna_data_02_mir/recover-20220922/UBNA_001/20220921_090000.WAV,Telephone Field,recover-20220922,001,1795
634.9245,634.9618,68437,81554,Rhinolophus ferrumequinum,0.021,0.021,-1,Echolocation,/mnt/ubna_data_02_mir/recover-20220922/UBNA_001/20220921_090000.WAV,Telephone Field,recover-20220922,001,1795
634.9425,634.9792,68437,81720,Rhinolophus ferrumequinum,0.02,0.02,-1,Echolocation,/mnt/ubna_data_02_mir/recover-20220922/UBNA_001/20220921_090000.WAV,Telephone Field,recover-20220922,001,1795
634.9745,635.0138,68437,82378,Rhinolophus ferrumequinum,0.022,0.022,-1,Echolocation,/mnt/ubna_data_02_mir/recover-20220922/UBNA_001/20220921_090000.WAV,Telephone Field,recover-20220922,001,1795
635.0675,635.1068,68437,82474,Rhinolophus ferrumequinum,0.022,0.022,-1,Echolocation,/mnt/ubna_data_02_mir/recover-20220922/UBNA_001/20220921_090000.WAV,Telephone Field,recover-20220922,001,1795
635.0775,635.0852,46093,49857,Pipistrellus pipistrellus,0.043,0.045,-1,Echolocation,/mnt/ubna_data_02_mir/recover-20220922/UBNA_001/20220921_090000.WAV,Telephone Field,recover-20220922,001,1795
635.0925,635.1024,22890,27219,Nyctalus leisleri,0.01,0.021,-1,Echolocation,/mnt/ubna_data_02_mir/recover-20220922/UBNA_001/20220921_090000.WAV,Telephone Field,recover-20220922,001,1795
635.1235,635.1638,68437,82613,Rhinolophus ferrumequinum,0.031,0.031,-1,Echolocation,/mnt/ubna_data_02_mir/recover-20220922/UBNA_001/20220921_090000.WAV,Telephone Field,recover-20220922,001,1795
635.1305,635.1418,22890,28326,Nyctalus leisleri,0.009,0.022,-1,Echolocation,/mnt/ubna_data_02_mir/recover-20220922/UBNA_001/20220921_090000.WAV,Telephone Field,recover-20220922,001,1795
635.1495,635.1882,68437,82349,Rhinolophus ferrumequinum,0.024,0.024,-1,Echolocation,/mnt/ubna_data_02_mir/recover-20220922/UBNA_001/20220921_090000.WAV,Telephone Field,recover-20220922,001,1795
635.1505,635.1587,28046,38910,Eptesicus serotinus,0.008,0.022,-1,Echolocation,/mnt/ubna_data_02_mir/recover-20220922/UBNA_001/20220921_090000.WAV,Telephone Field,recover-20220922,001,1795
635.1635,635.173,49531,53825,Pipistrellus pipistrellus,0.031,0.035,-1,Echolocation,/mnt/ubna_data_02_mir/recover-20220922/UBNA_001/20220921_090000.WAV,Telephone Field,recover-20220922,001,1795
635.1845,635.195,28906,36125,Eptesicus serotinus,0.009,0.021,-1,Echolocation,/mnt/ubna_data_02_mir/recover-20220922/UBNA_001/20220921_090000.WAV,Telephone Field,recover-20220922,001,1795
635.2205,635.2285,28046,40867,Eptesicus serotinus,0.007,0.021,-1,Echolocation,/mnt/ubna_data_02_mir/recover-20220922/UBNA_001/20220921_090000.WAV,Telephone Field,recover-20220922,001,1795
635.2215,635.2571,68437,82131,Rhinolophus ferrumequinum,0.024,0.024,-1,Echolocation,/mnt/ubna_data_02_mir/recover-20220922/UBNA_001/20220921_090000.WAV,Telephone Field,recover-20220922,001,1795
635.2505,635.2879,68437,82445,Rhinolophus ferrumequinum,0.024,0.024,-1,Echolocation,/mnt/ubna_data_02_mir/recover-20220922/UBNA_001/20220921_090000.WAV,Telephone Field,recover-20220922,001,1795
635.2555,635.2627,23750,37792,Plecotus austriacus,0.009,0.026,-1,Echolocation,/mnt/ubna_data_02_mir/recover-20220922/UBNA_001/20220921_090000.WAV,Telephone Field,recover-20220922,001,1795
635.2705,635.3088,68437,82099,Rhinolophus ferrumequinum,0.021,0.021,-1,Echolocation,/mnt/ubna_data_02_mir/recover-20220922/UBNA_001/20220921_090000.WAV,Telephone Field,recover-20220922,001,1795
635.3035,635.341,68437,81872,Rhinolophus ferrumequinum,0.02,0.021,-1,Echolocation,/mnt/ubna_data_02_mir/recover-20220922/UBNA_001/20220921_090000.WAV,Telephone Field,recover-20220922,001,1795
635.3045,635.3133,28906,37007,Eptesicus serotinus,0.007,0.021,-1,Echolocation,/mnt/ubna_data_02_mir/recover-20220922/UBNA_001/20220921_090000.WAV,Telephone Field,recover-20220922,001,1795
635.3345,635.3475,27187,32629,Eptesicus serotinus,0.017,0.034,-1,Echolocation,/mnt/ubna_data_02_mir/recover-20220922/UBNA_001/20220921_090000.WAV,Telephone Field,recover-20220922,001,1795
635.3505,635.3877,68437,82253,Rhinolophus ferrumequinum,0.021,0.021,-1,Echolocation,/mnt/ubna_data_02_mir/recover-20220922/UBNA_001/20220921_090000.WAV,Telephone Field,recover-20220922,001,1795
635.3565,635.3953,68437,82114,Rhinolophus ferrumequinum,0.021,0.021,-1,Echolocation,/mnt/ubna_data_02_mir/recover-20220922/UBNA_001/20220921_090000.WAV,Telephone Field,recover-20220922,001,1795
635.3785,635.4164,68437,82364,Rhinolophus ferrumequinum,0.02,0.02,-1,Echolocation,/mnt/ubna_data_02_mir/recover-20220922/UBNA_001/20220921_090000.WAV,Telephone Field,recover-20220922,001,1795
635.4015,635.4426,68437,82906,Rhinolophus ferrumequinum,0.028,0.028,-1,Echolocation,/mnt/ubna_data_02_mir/recover-20220922/UBNA_001/20220921_090000.WAV,Telephone Field,recover-20220922,001,1795
635.4535,635.4966,68437,83208,Rhinolophus ferrumequinum,0.037,0.037,-1,Echolocation,/mnt/ubna_data_02_mir/recover-20220922/UBNA_001/20220921_090000.WAV,Telephone Field,recover-20220922,001,1795
635.4695,635.509,68437,82280,Rhinolophus ferrumequinum,0.021,0.021,-1,Echolocation,/mnt/ubna_data_02_mir/recover-20220922/UBNA_001/20220921_090000.WAV,Telephone Field,recover-20220922,001,1795
635.4895,635.5282,68437,82202,Rhinolophus ferrumequinum,0.022,0.022,-1,Echolocation,/mnt/ubna_data_02_mir/recover-20220922/UBNA_001/20220921_090000.WAV,Telephone Field,recover-20220922,001,1795
635.5185,635.5579,68437,82390,Rhinolophus ferrumequinum,0.024,0.024,-1,Echolocation,/mnt/ubna_data_02_mir/recover-20220922/UBNA_001/20220921_090000.WAV,Telephone Field,recover-20220922,001,1795
635.5355,635.5639,68437,79948,Rhinolophus ferrumequinum,0.023,0.023,-1,Echolocation,/mnt/ubna_data_02_mir/recover-20220922/UBNA_001/20220921_090000.WAV,Telephone Field,recover-20220922,001,1795
635.5505,635.5698,19453,22648,Nyctalus leisleri,0.018,0.034,-1,Echolocation,/mnt/ubna_data_02_mir/recover-20220922/UBNA_001/20220921_090000.WAV,Telephone Field,recover-20220922,001,1795
635.5775,635.5881,28046,35890,Eptesicus serotinus,0.009,0.022,-1,Echolocation,/mnt/ubna_data_02_mir/recover-20220922/UBNA_001/20220921_090000.WAV,Telephone Field,recover-20220922,001,1795
635.6265,635.6656,68437,81492,Rhinolophus ferrumequinum,0.021,0.021,-1,Echolocation,/mnt/ubna_data_02_mir/recover-20220922/UBNA_001/20220921_090000.WAV,Telephone Field,recover-20220922,001,1795
635.6325,635.644,14296,19442,Nyctalus noctula,0.019,0.031,-1,Echolocation,/mnt/ubna_data_02_mir/recover-20220922/UBNA_001/20220921_090000.WAV,Telephone Field,recover-20220922,001,1795
635.6465,635.6893,68437,82716,Rhinolophus ferrumequinum,0.022,0.022,-1,Echolocation,/mnt/ubna_data_02_mir/recover-20220922/UBNA_001/20220921_090000.WAV,Telephone Field,recover-20220922,001,1795
635.6735,635.7104,68437,80982,Rhinolophus ferrumequinum,0.024,0.024,-1,Echolocation,/mnt/ubna_data_02_mir/recover-20220922/UBNA_001/20220921_090000.WAV,Telephone Field,recover-20220922,001,1795
635.6755,635.6839,28046,38467,Eptesicus serotinus,0.007,0.02,-1,Echolocation,/mnt/ubna_data_02_mir/recover-20220922/UBNA_001/20220921_090000.WAV,Telephone Field,recover-20220922,001,1795
635.7065,635.7437,68437,81866,Rhinolophus ferrumequinum,0.021,0.021,-1,Echolocation,/mnt/ubna_data_02_mir/recover-20220922/UBNA_001/20220921_090000.WAV,Telephone Field,recover-20220922,001,1795
635.7115,635.7205,25468,34774,Eptesicus serotinus,0.007,0.021,-1,Echolocation,/mnt/ubna_data_02_mir/recover-20220922/UBNA_001/20220921_090000.WAV,Telephone Field,recover-20220922,001,1795
635.7215,635.7602,68437,81690,Rhinolophus ferrumequinum,0.021,0.021,-1,Echolocation,/mnt/ubna_data_02_mir/recover-20220922/UBNA_001/20220921_090000.WAV,Telephone Field,recover-20220922,001,1795
635.7315,635.7391,27187,37982,Eptesicus serotinus,0.006,0.023,-1,Echolocation,/mnt/ubna_data_02_mir/recover-20220922/UBNA_001/20220921_090000.WAV,Telephone Field,recover-20220922,001,1795
635.7625,635.7726,28046,35695,Eptesicus serotinus,0.011,0.025,-1,Echolocation,/mnt/ubna_data_02_mir/recover-20220922/UBNA_001/20220921_090000.WAV,Telephone Field,recover-20220922,001,1795
635.7835,635.8221,68437,81714,Rhinolophus ferrumequinum,0.021,0.021,-1,Echolocation,/mnt/ubna_data_02_mir/recover-20220922/UBNA_001/20220921_090000.WAV,Telephone Field,recover-20220922,001,1795
635.8195,635.8578,68437,82016,Rhinolophus ferrumequinum,0.02,0.02,-1,Echolocation,/mnt/ubna_data_02_mir/recover-20220922/UBNA_001/20220921_090000.WAV,Telephone Field,recover-20220922,001,1795
635.8195,635.8273,22890,30946,Plecotus austriacus,0.012,0.025,-1,Echolocation,/mnt/ubna_data_02_mir/recover-20220922/UBNA_001/20220921_090000.WAV,Telephone Field,recover-20220922,001,1795
635.8265,635.8649,68437,82503,Rhinolophus ferrumequinum,0.024,0.024,-1,Echolocation,/mnt/ubna_data_02_mir/recover-20220922/UBNA_001/20220921_090000.WAV,Telephone Field,recover-20220922,001,1795
635.8455,635.8839,68437,81319,Rhinolophus ferrumequinum,0.022,0.022,-1,Echolocation,/mnt/ubna_data_02_mir/recover-20220922/UBNA_001/20220921_090000.WAV,Telephone Field,recover-20220922,001,1795
635.8615,635.8984,68437,81770,Rhinolophus ferrumequinum,0.02,0.02,-1,Echolocation,/mnt/ubna_data_02_mir/recover-20220922/UBNA_001/20220921_090000.WAV,Telephone Field,recover-20220922,001,1795
635.8725,635.8801,24609,33092,Plecotus austriacus,0.009,0.024,-1,Echolocation,/mnt/ubna_data_02_mir/recover-20220922/UBNA_001/20220921_090000.WAV,Telephone Field,recover-20220922,001,1795
635.8725,635.9075,68437,80922,Rhinolophus ferrumequinum,0.021,0.021,-1,Echolocation,/mnt/ubna_data_02_mir/recover-20220922/UBNA_001/20220921_090000.WAV,Telephone Field,recover-20220922,001,1795
635.9045,635.9429,68437,81981,Rhinolophus ferrumequinum,0.021,0.021,-1,Echolocation,/mnt/ubna_data_02_mir/recover-20220922/UBNA_001/20220921_090000.WAV,Telephone Field,recover-20220922,001,1795
635.9315,635.9389,24609,33239,Eptesicus serotinus,0.005,0.021,-1,Echolocation,/mnt/ubna_data_02_mir/recover-20220922/UBNA_001/20220921_090000.WAV,Telephone Field,recover-20220922,001,1795
635.9525,635.9698,21171,24339,Nyctalus leisleri,0.013,0.022,-1,Echolocation,/mnt/ubna_data_02_mir/recover-20220922/UBNA_001/20220921_090000.WAV,Telephone Field,recover-20220922,001,1795
636.0015,636.0136,50390,54640,Pipistrellus pipistrellus,0.013,0.022,-1,Echolocation,/mnt/ubna_data_02_mir/recover-20220922/UBNA_001/20220921_090000.WAV,Telephone Field,recover-20220922,001,1795
636.0015,636.0351,68437,80723,Rhinolophus ferrumequinum,0.045,0.045,-1,Echolocation,/mnt/ubna_data_02_mir/recover-20220922/UBNA_001/20220921_090000.WAV,Telephone Field,recover-20220922,001,1795
636.0015,636.0103,24609,32398,Nyctalus leisleri,0.012,0.029,-1,Echolocation,/mnt/ubna_data_02_mir/recover-20220922/UBNA_001/20220921_090000.WAV,Telephone Field,recover-20220922,001,1795
636.0075,636.0512,68437,82703,Rhinolophus ferrumequinum,0.022,0.022,-1,Echolocation,/mnt/ubna_data_02_mir/recover-20220922/UBNA_001/20220921_090000.WAV,Telephone Field,recover-20220922,001,1795
636.0315,636.0396,23750,31272,Plecotus austriacus,0.007,0.02,-1,Echolocation,/mnt/ubna_data_02_mir/recover-20220922/UBNA_001/20220921_090000.WAV,Telephone Field,recover-20220922,001,1795
636.0355,636.0752,68437,82441,Rhinolophus ferrumequinum,0.023,0.023,-1,Echolocation,/mnt/ubna_data_02_mir/recover-20220922/UBNA_001/20220921_090000.WAV,Telephone Field,recover-20220922,001,1795
636.0515,636.0913,68437,82296,Rhinolophus ferrumequinum,0.026,0.026,-1,Echolocation,/mnt/ubna_data_02_mir/recover-20220922/UBNA_001/20220921_090000.WAV,Telephone Field,recover-20220922,001,1795
636.0715,636.0796,27187,37009,Eptesicus serotinus,0.012,0.029,-1,Echolocation,/mnt/ubna_data_02_mir/recover-20220922/UBNA_001/20220921_090000.WAV,Telephone Field,recover-20220922,001,1795
636.0745,636.1124,68437,82270,Rhinolophus ferrumequinum,0.02,0.02,-1,Echolocation,/mnt/ubna_data_02_mir/recover-20220922/UBNA_001/20220921_090000.WAV,Telephone Field,recover-20220922,001,1795
636.0835,636.1234,68437,82722,Rhinolophus ferrumequinum,0.024,0.024,-1,Echolocation,/mnt/ubna_data_02_mir/recover-20220922/UBNA_001/20220921_090000.WAV,Telephone Field,recover-20220922,001,1795
636.0965,636.1054,29765,37962,Eptesicus serotinus,0.008,0.024,-1,Echolocation,/mnt/ubna_data_02_mir/recover-20220922/UBNA_001/20220921_090000.WAV,Telephone Field,recover-20220922,001,1795
636.1305,636.141,23750,28954,Nyctalus leisleri,0.011,0.024,-1,Echolocation,/mnt/ubna_data_02_mir/recover-20220922/UBNA_001/20220921_090000.WAV,Telephone Field,recover-20220922,001,1795
636.1395,636.1777,68437,82063,Rhinolophus ferrumequinum,0.021,0.021,-1,Echolocation,/mnt/ubna_data_02_mir/recover-20220922/UBNA_001/20220921_090000.WAV,Telephone Field,recover-20220922,001,1795
636.1495,636.1882,68437,81531,Rhinolophus ferrumequinum,0.021,0.021,-1,Echolocation,/mnt/ubna_data_02_mir/recover-20220922/UBNA_001/20220921_090000.WAV,Telephone Field,recover-20220922,001,1795
636.1575,636.1972,68437,81857,Rhinolophus ferrumequinum,0.025,0.025,-1,Echolocation,/mnt/ubna_data_02_mir/recover-20220922/UBNA_001/20220921_090000.WAV,Telephone Field,recover-20220922,001,1795
636.1785,636.2125,68437,81432,Rhinolophus ferrumequinum,0.021,0.021,-1,Echolocation,/mnt/ubna_data_02_mir/recover-20220922/UBNA_001/20220921_090000.WAV,Telephone Field,recover-20220922,001,1795
636.2015,636.2113,22890,28263,Nyctalus leisleri,0.01,0.022,-1,Echolocation,/mnt/ubna_data_02_mir/recover-20220922/UBNA_001/20220921_090000.WAV,Telephone Field,recover-20220922,001,1795
636.2155,636.2548,68437,82345,Rhinolophus ferrumequinum,0.023,0.023,-1,Echolocation,/mnt/ubna_data_02_mir/recover-20220922/UBNA_001/20220921_090000.WAV,Telephone Field,recover-20220922,001,1795
636.2225,636.2623,68437,82172,Rhinolophus ferrumequinum,0.024,0.024,-1,Echolocation,/mnt/ubna_data_02_mir/recover-20220922/UBNA_001/20220921_090000.WAV,Telephone Field,recover-20220922,001,1795
636.2245,636.2333,27187,37209,Eptesicus serotinus,0.008,0.021,-1,Echolocation,/mnt/ubna_data_02_mir/recover-20220922/UBNA_001/20220921_090000.WAV,Telephone Field,recover-20220922,001,1795
636.2395,636.2777,68437,81867,Rhinolophus ferrumequinum,0.02,0.02,-1,Echolocation,/mnt/ubna_data_02_mir/recover-20220922/UBNA_001/20220921_090000.WAV,Telephone Field,recover-20220922,001,1795
636.2445,636.2554,23750,29927,Nyctalus leisleri,0.008,0.022,-1,Echolocation,/mnt/ubna_data_02_mir/recover-20220922/UBNA_001/20220921_090000.WAV,Telephone Field,recover-20220922,001,1795
636.2685,636.3061,68437,81569,Rhinolophus ferrumequinum,0.021,0.021,-1,Echolocation,/mnt/ubna_data_02_mir/recover-20220922/UBNA_001/20220921_090000.WAV,Telephone Field,recover-20220922,001,1795
636.2865,636.3265,68437,83022,Rhinolophus ferrumequinum,0.032,0.032,-1,Echolocation,/mnt/ubna_data_02_mir/recover-20220922/UBNA_001/20220921_090000.WAV,Telephone Field,recover-20220922,001,1795
636.2915,636.2976,28046,41369,Eptesicus serotinus,0.007,0.033,-1,Echolocation,/mnt/ubna_data_02_mir/recover-20220922/UBNA_001/20220921_090000.WAV,Telephone Field,recover-20220922,001,1795
636.3025,636.3407,68437,81502,Rhinolophus ferrumequinum,0.02,0.02,-1,Echolocation,/mnt/ubna_data_02_mir/recover-20220922/UBNA_001/20220921_090000.WAV,Telephone Field,recover-20220922,001,1795
636.3045,636.315,23750,29381,Nyctalus leisleri,0.009,0.023,-1,Echolocation,/mnt/ubna_data_02_mir/recover-20220922/UBNA_001/20220921_090000.WAV,Telephone Field,recover-20220922,001,1795
636.3235,636.3586,68437,81582,Rhinolophus ferrumequinum,0.024,0.024,-1,Echolocation,/mnt/ubna_data_02_mir/recover-20220922/UBNA_001/20220921_090000.WAV,Telephone Field,recover-20220922,001,1795
636.3535,636.3951,68437,82977,Rhinolophus ferrumequinum,0.024,0.024,-1,Echolocation,/mnt/ubna_data_02_mir/recover-20220922/UBNA_001/20220921_090000.WAV,Telephone Field,recover-20220922,001,1795
636.3785,636.4219,68437,83139,Rhinolophus ferrumequinum,0.046,0.046,-1,Echolocation,/mnt/ubna_data_02_mir/recover-20220922/UBNA_001/20220921_090000.WAV,Telephone Field,recover-20220922,001,1795
636.3935,636.434,68437,83117,Rhinolophus ferrumequinum,0.028,0.028,-1,Echolocation,/mnt/ubna_data_02_mir/recover-20220922/UBNA_001/20220921_090000.WAV,Telephone Field,recover-20220922,001,1795
636.4105,636.4478,68437,81401,Rhinolophus ferrumequinum,0.021,0.021,-1,Echolocation,/mnt/ubna_data_02_mir/recover-20220922/UBNA_001/20220921_090000.WAV,Telephone Field,recover-20220922,001,1795
636.4315,636.4715,68437,82634,Rhinolophus ferrumequinum,0.024,0.024,-1,Echolocation,/mnt/ubna_data_02_mir/recover-20220922/UBNA_001/20220921_090000.WAV,Telephone Field,recover-20220922,001,1795
636.4325,636.4427,24609,31085,Eptesicus serotinus,0.011,0.031,-1,Echolocation,/mnt/ubna_data_02_mir/recover-20220922/UBNA_001/20220921_090000.WAV,Telephone Field,recover-20220922,001,1795
636.4965,636.5337,68437,82142,Rhinolophus ferrumequinum,0.03,0.03,-1,Echolocation,/mnt/ubna_data_02_mir/recover-20220922/UBNA_001/20220921_090000.WAV,Telephone Field,recover-20220922,001,1795
636.4995,636.5065,28046,41080,Eptesicus serotinus,0.007,0.026,-1,Echolocation,/mnt/ubna_data_02_mir/recover-20220922/UBNA_001/20220921_090000.WAV,Telephone Field,recover-20220922,001,1795
636.4995,636.5065,34921,43173,Myotis daubentonii,0.007,0.022,-1,Echolocation,/mnt/ubna_data_02_mir/recover-20220922/UBNA_001/20220921_090000.WAV,Telephone Field,recover-20220922,001,1795
636.5075,636.5473,68437,82495,Rhinolophus ferrumequinum,0.023,0.023,-1,Echolocation,/mnt/ubna_data_02_mir/recover-20220922/UBNA_001/20220921_090000.WAV,Telephone Field,recover-20220922,001,1795
636.5355,636.5463,22031,25701,Nyctalus leisleri,0.012,0.021,-1,Echolocation,/mnt/ubna_data_02_mir/recover-20220922/UBNA_001/20220921_090000.WAV,Telephone Field,recover-20220922,001,1795
636.5425,636.5843,68437,82685,Rhinolophus ferrumequinum,0.023,0.023,-1,Echolocation,/mnt/ubna_data_02_mir/recover-20220922/UBNA_001/20220921_090000.WAV,Telephone Field,recover-20220922,001,1795
636.5535,636.5959,68437,83096,Rhinolophus ferrumequinum,0.025,0.025,-1,Echolocation,/mnt/ubna_data_02_mir/recover-20220922/UBNA_001/20220921_090000.WAV,Telephone Field,recover-20220922,001,1795
636.5755,636.6154,68437,82561,Rhinolophus ferrumequinum,0.026,0.026,-1,Echolocation,/mnt/ubna_data_02_mir/recover-20220922/UBNA_001/20220921_090000.WAV,Telephone Field,recover-20220922,001,1795
636.6485,636.6834,68437,81750,Rhinolophus ferrumequinum,0.02,0.02,-1,Echolocation,/mnt/ubna_data_02_mir/recover-20220922/UBNA_001/20220921_090000.WAV,Telephone Field,recover-20220922,001,1795
636.6635,636.7024,68437,82842,Rhinolophus ferrumequinum,0.036,0.036,-1,Echolocation,/mnt/ubna_data_02_mir/recover-20220922/UBNA_001/20220921_090000.WAV,Telephone Field,recover-20220922,001,1795
636.6705,636.6788,28046,39259,Eptesicus serotinus,0.008,0.024,-1,Echolocation,/mnt/ubna_data_02_mir/recover-20220922/UBNA_001/20220921_090000.WAV,Telephone Field,recover-20220922,001,1795
636.6905,636.7269,68437,81523,Rhinolophus ferrumequinum,0.022,0.022,-1,Echolocation,/mnt/ubna_data_02_mir/recover-20220922/UBNA_001/20220921_090000.WAV,Telephone Field,recover-20220922,001,1795
636.7005,636.7378,68437,82080,Rhinolophus ferrumequinum,0.021,0.021,-1,Echolocation,/mnt/ubna_data_02_mir/recover-20220922/UBNA_001/20220921_090000.WAV,Telephone Field,recover-20220922,001,1795
636.7235,636.7342,22031,26650,Nyctalus leisleri,0.01,0.02,-1,Echolocation,/mnt/ubna_data_02_mir/recover-20220922/UBNA_001/20220921_090000.WAV,Telephone Field,recover-20220922,001,1795
636.7315,636.7424,23750,29609,Nyctalus leisleri,0.01,0.024,-1,Echolocation,/mnt/ubna_data_02_mir/recover-20220922/UBNA_001/20220921_090000.WAV,Telephone Field,recover-20220922,001,1795
636.7365,636.7704,68437,81070,Rhinolophus ferrumequinum,0.022,0.022,-1,Echolocation,/mnt/ubna_data_02_mir/recover-20220922/UBNA_001/20220921_090000.WAV,Telephone Field,recover-20220922,001,1795
636.7535,636.7876,68437,81124,Rhinolophus ferrumequinum,0.021,0.021,-1,Echolocation,/mnt/ubna_data_02_mir/recover-20220922/UBNA_001/20220921_090000.WAV,Telephone Field,recover-20220922,001,1795
636.7725,636.813,68437,82545,Rhinolophus ferrumequinum,0.028,0.028,-1,Echolocation,/mnt/ubna_data_02_mir/recover-20220922/UBNA_001/20220921_090000.WAV,Telephone Field,recover-20220922,001,1795
636.7975,636.8368,68437,83103,Rhinolophus ferrumequinum,0.025,0.025,-1,Echolocation,/mnt/ubna_data_02_mir/recover-20220922/UBNA_001/20220921_090000.WAV,Telephone Field,recover-20220922,001,1795
636.8095,636.8484,68437,82511,Rhinolophus ferrumequinum,0.021,0.021,-1,Echolocation,/mnt/ubna_data_02_mir/recover-20220922/UBNA_001/20220921_090000.WAV,Telephone Field,recover-20220922,001,1795
636.8335,636.8721,68437,81975,Rhinolophus ferrumequinum,0.021,0.021,-1,Echolocation,/mnt/ubna_data_02_mir/recover-20220922/UBNA_001/20220921_090000.WAV,Telephone Field,recover-20220922,001,1795
636.8505,636.8883,68437,81616,Rhinolophus ferrumequinum,0.023,0.023,-1,Echolocation,/mnt/ubna_data_02_mir/recover-20220922/UBNA_001/20220921_090000.WAV,Telephone Field,recover-20220922,001,1795
636.8645,636.9026,68437,81620,Rhinolophus ferrumequinum,0.021,0.021,-1,Echolocation,/mnt/ubna_data_02_mir/recover-20220922/UBNA_001/20220921_090000.WAV,Telephone Field,recover-20220922,001,1795
636.8695,636.8803,25468,31319,Nyctalus leisleri,0.014,0.036,-1,Echolocation,/mnt/ubna_data_02_mir/recover-20220922/UBNA_001/20220921_090000.WAV,Telephone Field,recover-20220922,001,1795
636.9025,636.9417,68437,82811,Rhinolophus ferrumequinum,0.028,0.028,-1,Echolocation,/mnt/ubna_data_02_mir/recover-20220922/UBNA_001/20220921_090000.WAV,Telephone Field,recover-20220922,001,1795
636.9155,636.9542,68437,81921,Rhinolophus ferrumequinum,0.026,0.026,-1,Echolocation,/mnt/ubna_data_02_mir/recover-20220922/UBNA_001/20220921_090000.WAV,Telephone Field,recover-20220922,001,1795
636.9195,636.9332,22890,27419,Nyctalus leisleri,0.017,0.029,-1,Echolocation,/mnt/ubna_data_02_mir/recover-20220922/UBNA_001/20220921_090000.WAV,Telephone Field,recover-20220922,001,1795
636.9285,636.9635,68437,81427,Rhinolophus ferrumequinum,0.022,0.022,-1,Echolocation,/mnt/ubna_data_02_mir/recover-20220922/UBNA_001/20220921_090000.WAV,Telephone Field,recover-20220922,001,1795
636.9485,636.9859,68437,82188,Rhinolophus ferrumequinum,0.022,0.022,-1,Echolocation,/mnt/ubna_data_02_mir/recover-20220922/UBNA_001/20220921_090000.WAV,Telephone Field,recover-20220922,001,1795
636.9645,637.0042,68437,82826,Rhinolophus ferrumequinum,0.028,0.028,-1,Echolocation,/mnt/ubna_data_02_mir/recover-20220922/UBNA_001/20220921_090000.WAV,Telephone Field,recover-20220922,001,1795
637.0035,637.0131,22031,27633,Nyctalus leisleri,0.008,0.02,-1,Echolocation,/mnt/ubna_data_02_mir/recover-20220922/UBNA_001/20220921_090000.WAV,Telephone Field,recover-20220922,001,1795
637.0385,637.079,68437,82702,Rhinolophus ferrumequinum,0.029,0.029,-1,Echolocation,/mnt/ubna_data_02_mir/recover-20220922/UBNA_001/20220921_090000.WAV,Telephone Field,recover-20220922,001,1795
637.0485,637.0922,68437,83507,Rhinolophus ferrumequinum,0.03,0.03,-1,Echolocation,/mnt/ubna_data_02_mir/recover-20220922/UBNA_001/20220921_090000.WAV,Telephone Field,recover-20220922,001,1795
637.0615,637.0802,16875,20830,Nyctalus noctula,0.013,0.02,-1,Echolocation,/mnt/ubna_data_02_mir/recover-20220922/UBNA_001/20220921_090000.WAV,Telephone Field,recover-20220922,001,1795
637.0775,637.1162,68437,82574,Rhinolophus ferrumequinum,0.024,0.024,-1,Echolocation,/mnt/ubna_data_02_mir/recover-20220922/UBNA_001/20220921_090000.WAV,Telephone Field,recover-20220922,001,1795
637.0965,637.1339,68437,81776,Rhinolophus ferrumequinum,0.021,0.021,-1,Echolocation,/mnt/ubna_data_02_mir/recover-20220922/UBNA_001/20220921_090000.WAV,Telephone Field,recover-20220922,001,1795
637.1405,637.1764,68437,81441,Rhinolophus ferrumequinum,0.02,0.02,-1,Echolocation,/mnt/ubna_data_02_mir/recover-20220922/UBNA_001/20220921_090000.WAV,Telephone Field,recover-20220922,001,1795
637.1485,637.1895,68437,82168,Rhinolophus ferrumequinum,0.023,0.023,-1,Echolocation,/mnt/ubna_data_02_mir/recover-20220922/UBNA_001/20220921_090000.WAV,Telephone Field,recover-20220922,001,1795
637.1795,637.2216,68437,83061,Rhinolophus ferrumequinum,0.03,0.03,-1,Echolocation,/mnt/ubna_data_02_mir/recover-20220922/UBNA_001/20220921_090000.WAV,Telephone Field,recover-20220922,001,1795
637.2005,637.2399,68437,82762,Rhinolophus ferrumequinum,0.028,0.028,-1,Echolocation,/mnt/ubna_data_02_mir/recover-20220922/UBNA_001/20220921_090000.WAV,Telephone Field,recover-20220922,001,1795
637.2135,637.2251,51250,54667,Pipistrellus pygmaeus,0.015,0.023,-1,Echolocation,/mnt/ubna_data_02_mir/recover-20220922/UBNA_001/20220921_090000.WAV,Telephone Field,recover-20220922,001,1795
637.2215,637.2605,68437,81435,Rhinolophus ferrumequinum,0.021,0.021,-1,Echolocation,/mnt/ubna_data_02_mir/recover-20220922/UBNA_001/20220921_090000.WAV,Telephone Field,recover-20220922,001,1795
637.2225,637.2313,28046,39055,Eptesicus serotinus,0.008,0.022,-1,Echolocation,/mnt/ubna_data_02_mir/recover-20220922/UBNA_001/20220921_090000.WAV,Telephone Field,recover-20220922,001,1795
637.2425,637.2799,68437,80992,Rhinolophus ferrumequinum,0.021,0.021,-1,Echolocation,/mnt/ubna_data_02_mir/recover-20220922/UBNA_001/20220921_090000.WAV,Telephone Field,recover-20220922,001,1795
637.2495,637.2584,28046,36141,Eptesicus serotinus,0.011,0.025,-1,Echolocation,/mnt/ubna_data_02_mir/recover-20220922/UBNA_001/20220921_090000.WAV,Telephone Field,recover-20220922,001,1795
637.2525,637.2873,68437,82213,Rhinolophus ferrumequinum,0.02,0.02,-1,Echolocation,/mnt/ubna_data_02_mir/recover-20220922/UBNA_001/20220921_090000.WAV,Telephone Field,recover-20220922,001,1795
637.2645,637.3013,68437,81718,Rhinolophus ferrumequinum,0.021,0.021,-1,Echolocation,/mnt/ubna_data_02_mir/recover-20220922/UBNA_001/20220921_090000.WAV,Telephone Field,recover-20220922,001,1795
637.2975,637.3314,68437,80377,Rhinolophus ferrumequinum,0.022,0.023,-1,Echolocation,/mnt/ubna_data_02_mir/recover-20220922/UBNA_001/20220921_090000.WAV,Telephone Field,recover-20220922,001,1795
637.3285,637.3647,68437,81907,Rhinolophus ferrumequinum,0.022,0.022,-1,Echolocation,/mnt/ubna_data_02_mir/recover-20220922/UBNA_001/20220921_090000.WAV,Telephone Field,recover-20220922,001,1795
637.3465,637.3833,68437,81628,Rhinolophus ferrumequinum,0.021,0.021,-1,Echolocation,/mnt/ubna_data_02_mir/recover-20220922/UBNA_001/20220921_090000.WAV,Telephone Field,recover-20220922,001,1795
637.3535,637.3626,25468,33110,Eptesicus serotinus,0.009,0.023,-1,Echolocation,/mnt/ubna_data_02_mir/recover-20220922/UBNA_001/20220921_090000.WAV,Telephone Field,recover-20220922,001,1795
637.3565,637.3942,68437,81718,Rhinolophus ferrumequinum,0.02,0.02,-1,Echolocation,/mnt/ubna_data_02_mir/recover-20220922/UBNA_001/20220921_090000.WAV,Telephone Field,recover-20220922,001,1795
637.3735,637.4095,68437,81550,Rhinolophus ferrumequinum,0.023,0.023,-1,Echolocation,/mnt/ubna_data_02_mir/recover-20220922/UBNA_001/20220921_090000.WAV,Telephone Field,recover-20220922,001,1795
637.3935,637.4333,68437,82852,Rhinolophus ferrumequinum,0.027,0.027,-1,Echolocation,/mnt/ubna_data_02_mir/recover-20220922/UBNA_001/20220921_090000.WAV,Telephone Field,recover-20220922,001,1795
637.4005,637.4112,24609,30603,Eptesicus serotinus,0.009,0.024,-1,Echolocation,/mnt/ubna_data_02_mir/recover-20220922/UBNA_001/20220921_090000.WAV,Telephone Field,recover-20220922,001,1795
637.4035,637.4409,68437,81789,Rhinolophus ferrumequinum,0.02,0.02,-1,Echolocation,/mnt/ubna_data_02_mir/recover-20220922/UBNA_001/20220921_090000.WAV,Telephone Field,recover-20220922,001,1795
637.4355,637.474,68437,82389,Rhinolophus ferrumequinum,0.023,0.023,-1,Echolocation,/mnt/ubna_data_02_mir/recover-20220922/UBNA_001/20220921_090000.WAV,Telephone Field,recover-20220922,001,1795
637.4435,637.4814,68437,81673,Rhinolophus ferrumequinum,0.022,0.022,-1,Echolocation,/mnt/ubna_data_02_mir/recover-20220922/UBNA_001/20220921_090000.WAV,Telephone Field,recover-20220922,001,1795
637.4815,637.4915,22890,27892,Nyctalus leisleri,0.009,0.02,-1,Echolocation,/mnt/ubna_data_02_mir/recover-20220922/UBNA_001/20220921_090000.WAV,Telephone Field,recover-20220922,001,1795
637.4905,637.5024,22890,27383,Nyctalus leisleri,0.011,0.021,-1,Echolocation,/mnt/ubna_data_02_mir/recover-20220922/UBNA_001/20220921_090000.WAV,Telephone Field,recover-20220922,001,1795
637.5225,637.5308,28046,39275,Eptesicus serotinus,0.008,0.021,-1,Echolocation,/mnt/ubna_data_02_mir/recover-20220922/UBNA_001/20220921_090000.WAV,Telephone Field,recover-20220922,001,1795
637.5315,637.5717,68437,82965,Rhinolophus ferrumequinum,0.027,0.027,-1,Echolocation,/mnt/ubna_data_02_mir/recover-20220922/UBNA_001/20220921_090000.WAV,Telephone Field,recover-20220922,001,1795
637.5335,637.5431,28046,37866,Eptesicus serotinus,0.008,0.021,-1,Echolocation,/mnt/ubna_data_02_mir/recover-20220922/UBNA_001/20220921_090000.WAV,Telephone Field,recover-20220922,001,1795
637.5485,637.5594,23750,29178,Nyctalus leisleri,0.01,0.022,-1,Echolocation,/mnt/ubna_data_02_mir/recover-20220922/UBNA_001/20220921_090000.WAV,Telephone Field,recover-20220922,001,1795
637.5675,637.5778,23750,29878,Nyctalus leisleri,0.009,0.021,-1,Echolocation,/mnt/ubna_data_02_mir/recover-20220922/UBNA_001/20220921_090000.WAV,Telephone Field,recover-20220922,001,1795
637.5695,637.6108,68437,83056,Rhinolophus ferrumequinum,0.035,0.035,-1,Echolocation,/mnt/ubna_data_02_mir/recover-20220922/UBNA_001/20220921_090000.WAV,Telephone Field,recover-20220922,001,1795
637.5795,637.5922,23750,28351,Nyctalus leisleri,0.013,0.025,-1,Echolocation,/mnt/ubna_data_02_mir/recover-20220922/UBNA_001/20220921_090000.WAV,Telephone Field,recover-20220922,001,1795
637.6045,637.6426,68437,82279,Rhinolophus ferrumequinum,0.028,0.028,-1,Echolocation,/mnt/ubna_data_02_mir/recover-20220922/UBNA_001/20220921_090000.WAV,Telephone Field,recover-20220922,001,1795
637.6175,637.6357,19453,22549,Nyctalus noctula,0.021,0.04,-1,Echolocation,/mnt/ubna_data_02_mir/recover-20220922/UBNA_001/20220921_090000.WAV,Telephone Field,recover-20220922,001,1795
637.6245,637.6655,68437,82127,Rhinolophus ferrumequinum,0.02,0.02,-1,Echolocation,/mnt/ubna_data_02_mir/recover-20220922/UBNA_001/20220921_090000.WAV,Telephone Field,recover-20220922,001,1795
637.6425,637.6808,68437,82280,Rhinolophus ferrumequinum,0.02,0.02,-1,Echolocation,/mnt/ubna_data_02_mir/recover-20220922/UBNA_001/20220921_090000.WAV,Telephone Field,recover-20220922,001,1795
637.6425,637.6566,51250,55169,Pipistrellus pygmaeus,0.017,0.029,-1,Echolocation,/mnt/ubna_data_02_mir/recover-20220922/UBNA_001/20220921_090000.WAV,Telephone Field,recover-20220922,001,1795
637.6665,637.6778,23750,28850,Nyctalus leisleri,0.013,0.029,-1,Echolocation,/mnt/ubna_data_02_mir/recover-20220922/UBNA_001/20220921_090000.WAV,Telephone Field,recover-20220922,001,1795
637.6815,637.716,68437,80236,Rhinolophus ferrumequinum,0.026,0.027,-1,Echolocation,/mnt/ubna_data_02_mir/recover-20220922/UBNA_001/20220921_090000.WAV,Telephone Field,recover-20220922,001,1795
637.6945,637.7004,26328,36896,Plecotus auritus,0.018,0.047,-1,Echolocation,/mnt/ubna_data_02_mir/recover-20220922/UBNA_001/20220921_090000.WAV,Telephone Field,recover-20220922,001,1795
637.7075,637.7429,68437,81558,Rhinolophus ferrumequinum,0.022,0.022,-1,Echolocation,/mnt/ubna_data_02_mir/recover-20220922/UBNA_001/20220921_090000.WAV,Telephone Field,recover-20220922,001,1795
637.7155,637.7519,68437,81920,Rhinolophus ferrumequinum,0.022,0.022,-1,Echolocation,/mnt/ubna_data_02_mir/recover-20220922/UBNA_001/20220921_090000.WAV,Telephone Field,recover-20220922,001,1795
637.7295,637.743,59843,65209,Pipistrellus pygmaeus,0.029,0.03,-1,Echolocation,/mnt/ubna_data_02_mir/recover-20220922/UBNA_001/20220921_090000.WAV,Telephone Field,recover-20220922,001,1795
637.7415,637.7774,68437,81653,Rhinolophus ferrumequinum,0.022,0.022,-1,Echolocation,/mnt/ubna_data_02_mir/recover-20220922/UBNA_001/20220921_090000.WAV,Telephone Field,recover-20220922,001,1795
637.7785,637.817,68437,81961,Rhinolophus ferrumequinum,0.022,0.022,-1,Echolocation,/mnt/ubna_data_02_mir/recover-20220922/UBNA_001/20220921_090000.WAV,Telephone Field,recover-20220922,001,1795
637.7825,637.7907,50390,58772,Pipistrellus pipistrellus,0.017,0.021,-1,Echolocation,/mnt/ubna_data_02_mir/recover-20220922/UBNA_001/20220921_090000.WAV,Telephone Field,recover-20220922,001,1795
637.7885,637.8248,68437,80985,Rhinolophus ferrumequinum,0.02,0.02,-1,Echolocation,/mnt/ubna_data_02_mir/recover-20220922/UBNA_001/20220921_090000.WAV,Telephone Field,recover-20220922,001,1795
637.8195,637.857,68437,82050,Rhinolophus ferrumequinum,0.02,0.02,-1,Echolocation,/mnt/ubna_data_02_mir/recover-20220922/UBNA_001/20220921_090000.WAV,Telephone Field,recover-20220922,001,1795
637.8465,637.8831,68437,81526,Rhinolophus ferrumequinum,0.023,0.023,-1,Echolocation,/mnt/ubna_data_02_mir/recover-20220922/UBNA_001/20220921_090000.WAV,Telephone Field,recover-20220922,001,1795
637.9085,637.9478,68437,82175,Rhinolophus ferrumequinum,0.021,0.021,-1,Echolocation,/mnt/ubna_data_02_mir/recover-20220922/UBNA_001/20220921_090000.WAV,Telephone Field,recover-20220922,001,1795
637.9425,637.9808,68437,82105,Rhinolophus ferrumequinum,0.023,0.023,-1,Echolocation,/mnt/ubna_data_02_mir/recover-20220922/UBNA_001/20220921_090000.WAV,Telephone Field,recover-20220922,001,1795
637.9485,637.9569,27187,35473,Eptesicus serotinus,0.01,0.023,-1,Echolocation,/mnt/ubna_data_02_mir/recover-20220922/UBNA_001/20220921_090000.WAV,Telephone Field,recover-20220922,001,1795
637.9605,637.9982,68437,81982,Rhinolophus ferrumequinum,0.021,0.021,-1,Echolocation,/mnt/ubna_data_02_mir/recover-20220922/UBNA_001/20220921_090000.WAV,Telephone Field,recover-20220922,001,1795
637.9895,637.9999,26328,34980,Eptesicus serotinus,0.012,0.025,-1,Echolocation,/mnt/ubna_data_02_mir/recover-20220922/UBNA_001/20220921_090000.WAV,Telephone Field,recover-20220922,001,1795
638.0015,638.0169,24609,30597,Nyctalus leisleri,0.018,0.047,-1,Echolocation,/mnt/ubna_data_02_mir/recover-20220922/UBNA_001/20220921_090000.WAV,Telephone Field,recover-20220922,001,1795
638.0015,638.034,69296,81661,Rhinolophus ferrumequinum,0.022,0.022,-1,Echolocation,/mnt/ubna_data_02_mir/recover-20220922/UBNA_001/20220921_090000.WAV,Telephone Field,recover-20220922,001,1795
638.0105,638.0503,68437,82257,Rhinolophus ferrumequinum,0.021,0.021,-1,Echolocation,/mnt/ubna_data_02_mir/recover-20220922/UBNA_001/20220921_090000.WAV,Telephone Field,recover-20220922,001,1795
638.0525,638.0904,68437,81539,Rhinolophus ferrumequinum,0.021,0.021,-1,Echolocation,/mnt/ubna_data_02_mir/recover-20220922/UBNA_001/20220921_090000.WAV,Telephone Field,recover-20220922,001,1795
638.0605,638.099,68437,82433,Rhinolophus ferrumequinum,0.023,0.023,-1,Echolocation,/mnt/ubna_data_02_mir/recover-20220922/UBNA_001/20220921_090000.WAV,Telephone Field,recover-20220922,001,1795
638.0785,638.0903,22890,27657,Nyctalus leisleri,0.014,0.025,-1,Echolocation,/mnt/ubna_data_02_mir/recover-20220922/UBNA_001/20220921_090000.WAV,Telephone Field,recover-20220922,001,1795
638.0835,638.1216,68437,81873,Rhinolophus ferrumequinum,0.025,0.025,-1,Echolocation,/mnt/ubna_data_02_mir/recover-20220922/UBNA_001/20220921_090000.WAV,Telephone Field,recover-20220922,001,1795
638.0905,638.0995,45234,52503,Pipistrellus pipistrellus,0.028,0.034,-1,Echolocation,/mnt/ubna_data_02_mir/recover-20220922/UBNA_001/20220921_090000.WAV,Telephone Field,recover-20220922,001,1795
638.1095,638.1208,24609,31134,Nyctalus leisleri,0.014,0.034,-1,Echolocation,/mnt/ubna_data_02_mir/recover-20220922/UBNA_001/20220921_090000.WAV,Telephone Field,recover-20220922,001,1795
638.1285,638.1351,28906,40802,Eptesicus serotinus,0.006,0.025,-1,Echolocation,/mnt/ubna_data_02_mir/recover-20220922/UBNA_001/20220921_090000.WAV,Telephone Field,recover-20220922,001,1795
638.1285,638.1358,24609,35920,Plecotus austriacus,0.009,0.024,-1,Echolocation,/mnt/ubna_data_02_mir/recover-20220922/UBNA_001/20220921_090000.WAV,Telephone Field,recover-20220922,001,1795
638.1325,638.1691,68437,81043,Rhinolophus ferrumequinum,0.02,0.02,-1,Echolocation,/mnt/ubna_data_02_mir/recover-20220922/UBNA_001/20220921_090000.WAV,Telephone Field,recover-20220922,001,1795
638.1365,638.15,22890,26936,Nyctalus leisleri,0.016,0.028,-1,Echolocation,/mnt/ubna_data_02_mir/recover-20220922/UBNA_001/20220921_090000.WAV,Telephone Field,recover-20220922,001,1795
638.1685,638.207,68437,81709,Rhinolophus ferrumequinum,0.023,0.023,-1,Echolocation,/mnt/ubna_data_02_mir/recover-20220922/UBNA_001/20220921_090000.WAV,Telephone Field,recover-20220922,001,1795
638.2105,638.249,68437,82316,Rhinolophus ferrumequinum,0.022,0.022,-1,Echolocation,/mnt/ubna_data_02_mir/recover-20220922/UBNA_001/20220921_090000.WAV,Telephone Field,recover-20220922,001,1795
638.2385,638.2781,68437,82570,Rhinolophus ferrumequinum,0.027,0.027,-1,Echolocation,/mnt/ubna_data_02_mir/recover-20220922/UBNA_001/20220921_090000.WAV,Telephone Field,recover-20220922,001,1795
638.2485,638.2577,28906,36517,Eptesicus serotinus,0.012,0.024,-1,Echolocation,/mnt/ubna_data_02_mir/recover-20220922/UBNA_001/20220921_090000.WAV,Telephone Field,recover-20220922,001,1795
638.2915,638.3271,68437,81902,Rhinolophus ferrumequinum,0.021,0.021,-1,Echolocation,/mnt/ubna_data_02_mir/recover-20220922/UBNA_001/20220921_090000.WAV,Telephone Field,recover-20220922,001,1795
638.3145,638.3543,68437,82311,Rhinolophus ferrumequinum,0.022,0.022,-1,Echolocation,/mnt/ubna_data_02_mir/recover-20220922/UBNA_001/20220921_090000.WAV,Telephone Field,recover-20220922,001,1795
638.3255,638.3605,68437,81256,Rhinolophus ferrumequinum,0.022,0.022,-1,Echolocation,/mnt/ubna_data_02_mir/recover-20220922/UBNA_001/20220921_090000.WAV,Telephone Field,recover-20220922,001,1795
638.3445,638.3823,68437,81718,Rhinolophus ferrumequinum,0.02,0.02,-1,Echolocation,/mnt/ubna_data_02_mir/recover-20220922/UBNA_001/20220921_090000.WAV,Telephone Field,recover-20220922,001,1795
638.3615,638.4017,68437,82452,Rhinolophus ferrumequinum,0.024,0.024,-1,Echolocation,/mnt/ubna_data_02_mir/recover-20220922/UBNA_001/20220921_090000.WAV,Telephone Field,recover-20220922,001,1795
638.3685,638.4098,68437,82388,Rhinolophus ferrumequinum,0.024,0.024,-1,Echolocation,/mnt/ubna_data_02_mir/recover-20220922/UBNA_001/20220921_090000.WAV,Telephone Field,recover-20220922,001,1795
638.3925,638.3998,27187,47035,Eptesicus serotinus,0.007,0.02,-1,Echolocation,/mnt/ubna_data_02_mir/recover-20220922/UBNA_001/20220921_090000.WAV,Telephone Field,recover-20220922,001,1795
638.3955,638.4364,68437,82863,Rhinolophus ferrumequinum,0.028,0.028,-1,Echolocation,/mnt/ubna_data_02_mir/recover-20220922/UBNA_001/20220921_090000.WAV,Telephone Field,recover-20220922,001,1795
638.4575,638.4786,16875,21169,Nyctalus noctula,0.016,0.023,-1,Echolocation,/mnt/ubna_data_02_mir/recover-20220922/UBNA_001/20220921_090000.WAV,Telephone Field,recover-20220922,001,1795
638.4765,638.5195,68437,83440,Rhinolophus ferrumequinum,0.055,0.055,-1,Echolocation,/mnt/ubna_data_02_mir/recover-20220922/UBNA_001/20220921_090000.WAV,Telephone Field,recover-20220922,001,1795
638.4985,638.5094,28906,36453,Eptesicus serotinus,0.01,0.023,-1,Echolocation,/mnt/ubna_data_02_mir/recover-20220922/UBNA_001/20220921_090000.WAV,Telephone Field,recover-20220922,001,1795
638.5015,638.5396,68437,81986,Rhinolophus ferrumequinum,0.022,0.022,-1,Echolocation,/mnt/ubna_data_02_mir/recover-20220922/UBNA_001/20220921_090000.WAV,Telephone Field,recover-20220922,001,1795
638.5085,638.5183,28046,35558,Eptesicus serotinus,0.009,0.022,-1,Echolocation,/mnt/ubna_data_02_mir/recover-20220922/UBNA_001/20220921_090000.WAV,Telephone Field,recover-20220922,001,1795
638.5215,638.5295,27187,39763,Eptesicus serotinus,0.01,0.024,-1,Echolocation,/mnt/ubna_data_02_mir/recover-20220922/UBNA_001/20220921_090000.WAV,Telephone Field,recover-20220922,001,1795
638.5245,638.5576,68437,81361,Rhinolophus ferrumequinum,0.02,0.02,-1,Echolocation,/mnt/ubna_data_02_mir/recover-20220922/UBNA_001/20220921_090000.WAV,Telephone Field,recover-20220922,001,1795
638.5425,638.5823,68437,82794,Rhinolophus ferrumequinum,0.026,0.026,-1,Echolocation,/mnt/ubna_data_02_mir/recover-20220922/UBNA_001/20220921_090000.WAV,Telephone Field,recover-20220922,001,1795
638.5645,638.573,23750,30563,Nyctalus leisleri,0.006,0.02,-1,Echolocation,/mnt/ubna_data_02_mir/recover-20220922/UBNA_001/20220921_090000.WAV,Telephone Field,recover-20220922,001,1795
638.6265,638.6644,68437,81870,Rhinolophus ferrumequinum,0.02,0.02,-1,Echolocation,/mnt/ubna_data_02_mir/recover-20220922/UBNA_001/20220921_090000.WAV,Telephone Field,recover-20220922,001,1795
638.6295,638.6371,28046,39564,Eptesicus serotinus,0.006,0.02,-1,Echolocation,/mnt/ubna_data_02_mir/recover-20220922/UBNA_001/20220921_090000.WAV,Telephone Field,recover-20220922,001,1795
638.6385,638.6488,23750,29508,Nyctalus leisleri,0.008,0.02,-1,Echolocation,/mnt/ubna_data_02_mir/recover-20220922/UBNA_001/20220921_090000.WAV,Telephone Field,recover-20220922,001,1795
638.6475,638.6584,23750,29172,Nyctalus leisleri,0.013,0.027,-1,Echolocation,/mnt/ubna_data_02_mir/recover-20220922/UBNA_001/20220921_090000.WAV,Telephone Field,recover-20220922,001,1795
638.6595,638.6953,68437,81114,Rhinolophus ferrumequinum,0.02,0.02,-1,Echolocation,/mnt/ubna_data_02_mir/recover-20220922/UBNA_001/20220921_090000.WAV,Telephone Field,recover-20220922,001,1795
638.6775,638.7168,68437,82629,Rhinolophus ferrumequinum,0.036,0.036,-1,Echolocation,/mnt/ubna_data_02_mir/recover-20220922/UBNA_001/20220921_090000.WAV,Telephone Field,recover-20220922,001,1795
638.6785,638.6873,28046,37484,Eptesicus serotinus,0.009,0.022,-1,Echolocation,/mnt/ubna_data_02_mir/recover-20220922/UBNA_001/20220921_090000.WAV,Telephone Field,recover-20220922,001,1795
638.6955,638.7383,68437,83531,Rhinolophus ferrumequinum,0.028,0.028,-1,Echolocation,/mnt/ubna_data_02_mir/recover-20220922/UBNA_001/20220921_090000.WAV,Telephone Field,recover-20220922,001,1795
638.7395,638.7463,25468,35288,Plecotus austriacus,0.008,0.025,-1,Echolocation,/mnt/ubna_data_02_mir/recover-20220922/UBNA_001/20220921_090000.WAV,Telephone Field,recover-20220922,001,1795
638.7535,638.7927,68437,82014,Rhinolophus ferrumequinum,0.022,0.022,-1,Echolocation,/mnt/ubna_data_02_mir/recover-20220922/UBNA_001/20220921_090000.WAV,Telephone Field,recover-20220922,001,1795
638.7905,638.8288,68437,82285,Rhinolophus ferrumequinum,0.024,0.024,-1,Echolocation,/mnt/ubna_data_02_mir/recover-20220922/UBNA_001/20220921_090000.WAV,Telephone Field,recover-20220922,001,1795
638.7995,638.8379,68437,82046,Rhinolophus ferrumequinum,0.021,0.021,-1,Echolocation,/mnt/ubna_data_02_mir/recover-20220922/UBNA_001/20220921_090000.WAV,Telephone Field,recover-20220922,001,1795
638.8255,638.8634,68437,82213,Rhinolophus ferrumequinum,0.02,0.02,-1,Echolocation,/mnt/ubna_data_02_mir/recover-20220922/UBNA_001/20220921_090000.WAV,Telephone Field,recover-20220922,001,1795
638.8395,638.8763,68437,81594,Rhinolophus ferrumequinum,0.02,0.021,-1,Echolocation,/mnt/ubna_data_02_mir/recover-20220922/UBNA_001/20220921_090000.WAV,Telephone Field,recover-20220922,001,1795
638.8485,638.8561,25468,34990,Eptesicus serotinus,0.007,0.02,-1,Echolocation,/mnt/ubna_data_02_mir/recover-20220922/UBNA_001/20220921_090000.WAV,Telephone Field,recover-20220922,001,1795
638.9015,638.9407,68437,82668,Rhinolophus ferrumequinum,0.021,0.021,-1,Echolocation,/mnt/ubna_data_02_mir/recover-20220922/UBNA_001/20220921_090000.WAV,Telephone Field,recover-20220922,001,1795
638.9265,638.9665,68437,82494,Rhinolophus ferrumequinum,0.022,0.022,-1,Echolocation,/mnt/ubna_data_02_mir/recover-20220922/UBNA_001/20220921_090000.WAV,Telephone Field,recover-20220922,001,1795
638.9525,638.9917,68437,82065,Rhinolophus ferrumequinum,0.021,0.021,-1,Echolocation,/mnt/ubna_data_02_mir/recover-20220922/UBNA_001/20220921_090000.WAV,Telephone Field,recover-20220922,001,1795
638.9555,638.9626,28046,43360,Eptesicus serotinus,0.006,0.022,-1,Echolocation,/mnt/ubna_data_02_mir/recover-20220922/UBNA_001/20220921_090000.WAV,Telephone Field,recover-20220922,001,1795
638.9735,638.9814,15156,27200,Plecotus auritus,0.014,0.024,-1,Echolocation,/mnt/ubna_data_02_mir/recover-20220922/UBNA_001/20220921_090000.WAV,Telephone Field,recover-20220922,001,1795
638.9775,638.9882,23750,30302,Nyctalus leisleri,0.008,0.021,-1,Echolocation,/mnt/ubna_data_02_mir/recover-20220922/UBNA_001/20220921_090000.WAV,Telephone Field,recover-20220922,001,1795
639.0165,639.0581999999999,68437,82495,Rhinolophus ferrumequinum,0.026,0.026,-1,Echolocation,/mnt/ubna_data_02_mir/recover-20220922/UBNA_001/20220921_090000.WAV,Telephone Field,recover-20220922,001,1795
639.0235,639.0317,28906,38291,Eptesicus serotinus,0.01,0.026,-1,Echolocation,/mnt/ubna_data_02_mir/recover-20220922/UBNA_001/20220921_090000.WAV,Telephone Field,recover-20220922,001,1795
639.0415,639.0817,68437,82583,Rhinolophus ferrumequinum,0.022,0.022,-1,Echolocation,/mnt/ubna_data_02_mir/recover-20220922/UBNA_001/20220921_090000.WAV,Telephone Field,recover-20220922,001,1795
639.0785,639.1191,68437,82670,Rhinolophus ferrumequinum,0.023,0.023,-1,Echolocation,/mnt/ubna_data_02_mir/recover-20220922/UBNA_001/20220921_090000.WAV,Telephone Field,recover-20220922,001,1795
639.0835,639.1225,68437,82473,Rhinolophus ferrumequinum,0.023,0.023,-1,Echolocation,/mnt/ubna_data_02_mir/recover-20220922/UBNA_001/20220921_090000.WAV,Telephone Field,recover-20220922,001,1795
639.0895,639.1004,23750,28798,Nyctalus leisleri,0.015,0.028,-1,Echolocation,/mnt/ubna_data_02_mir/recover-20220922/UBNA_001/20220921_090000.WAV,Telephone Field,recover-20220922,001,1795
639.1105,639.1464,68437,81528,Rhinolophus ferrumequinum,0.02,0.02,-1,Echolocation,/mnt/ubna_data_02_mir/recover-20220922/UBNA_001/20220921_090000.WAV,Telephone Field,recover-20220922,001,1795
639.1285,639.1684,68437,82105,Rhinolophus ferrumequinum,0.031,0.031,-1,Echolocation,/mnt/ubna_data_02_mir/recover-20220922/UBNA_001/20220921_090000.WAV,Telephone Field,recover-20220922,001,1795
639.1345,639.1444,29765,37436,Eptesicus serotinus,0.01,0.023,-1,Echolocation,/mnt/ubna_data_02_mir/recover-20220922/UBNA_001/20220921_090000.WAV,Telephone Field,recover-20220922,001,1795
639.1515,639.1916,68437,82774,Rhinolophus ferrumequinum,0.024,0.024,-1,Echolocation,/mnt/ubna_data_02_mir/recover-20220922/UBNA_001/20220921_090000.WAV,Telephone Field,recover-20220922,001,1795
639.1875,639.1944,25468,35141,Plecotus austriacus,0.006,0.021,-1,Echolocation,/mnt/ubna_data_02_mir/recover-20220922/UBNA_001/20220921_090000.WAV,Telephone Field,recover-20220922,001,1795
639.2325,639.2724,68437,82581,Rhinolophus ferrumequinum,0.022,0.022,-1,Echolocation,/mnt/ubna_data_02_mir/recover-20220922/UBNA_001/20220921_090000.WAV,Telephone Field,recover-20220922,001,1795
639.2595,639.2969,68437,82572,Rhinolophus ferrumequinum,0.033,0.033,-1,Echolocation,/mnt/ubna_data_02_mir/recover-20220922/UBNA_001/20220921_090000.WAV,Telephone Field,recover-20220922,001,1795
639.2685,639.3071,68437,82637,Rhinolophus ferrumequinum,0.026,0.026,-1,Echolocation,/mnt/ubna_data_02_mir/recover-20220922/UBNA_001/20220921_090000.WAV,Telephone Field,recover-20220922,001,1795
639.2765,639.2838,23750,31393,Plecotus austriacus,0.008,0.024,-1,Echolocation,/mnt/ubna_data_02_mir/recover-20220922/UBNA_001/20220921_090000.WAV,Telephone Field,recover-20220922,001,1795
639.2915,639.3009,28906,36049,Eptesicus serotinus,0.015,0.029,-1,Echolocation,/mnt/ubna_data_02_mir/recover-20220922/UBNA_001/20220921_090000.WAV,Telephone Field,recover-20220922,001,1795
639.2915,639.3277,68437,81408,Rhinolophus ferrumequinum,0.02,0.02,-1,Echolocation,/mnt/ubna_data_02_mir/recover-20220922/UBNA_001/20220921_090000.WAV,Telephone Field,recover-20220922,001,1795
639.3145,639.3259,28046,34436,Eptesicus serotinus,0.014,0.026,-1,Echolocation,/mnt/ubna_data_02_mir/recover-20220922/UBNA_001/20220921_090000.WAV,Telephone Field,recover-20220922,001,1795
639.3305,639.3716,68437,81961,Rhinolophus ferrumequinum,0.021,0.021,-1,Echolocation,/mnt/ubna_data_02_mir/recover-20220922/UBNA_001/20220921_090000.WAV,Telephone Field,recover-20220922,001,1795
639.3385,639.3484,28906,36494,Eptesicus serotinus,0.009,0.022,-1,Echolocation,/mnt/ubna_data_02_mir/recover-20220922/UBNA_001/20220921_090000.WAV,Telephone Field,recover-20220922,001,1795
639.3655,639.4039,68437,82154,Rhinolophus ferrumequinum,0.023,0.023,-1,Echolocation,/mnt/ubna_data_02_mir/recover-20220922/UBNA_001/20220921_090000.WAV,Telephone Field,recover-20220922,001,1795
639.3875,639.3952,28046,42572,Eptesicus serotinus,0.007,0.021,-1,Echolocation,/mnt/ubna_data_02_mir/recover-20220922/UBNA_001/20220921_090000.WAV,Telephone Field,recover-20220922,001,1795
639.3885,639.3988,36640,41862,Barbastellus barbastellus,0.009,0.032,-1,Echolocation,/mnt/ubna_data_02_mir/recover-20220922/UBNA_001/20220921_090000.WAV,Telephone Field,recover-20220922,001,1795
639.3905,639.4265,68437,82150,Rhinolophus ferrumequinum,0.02,0.02,-1,Echolocation,/mnt/ubna_data_02_mir/recover-20220922/UBNA_001/20220921_090000.WAV,Telephone Field,recover-20220922,001,1795
639.4155,639.4536,68437,82563,Rhinolophus ferrumequinum,0.021,0.021,-1,Echolocation,/mnt/ubna_data_02_mir/recover-20220922/UBNA_001/20220921_090000.WAV,Telephone Field,recover-20220922,001,1795
639.4275,639.4362,29765,37835,Eptesicus serotinus,0.008,0.023,-1,Echolocation,/mnt/ubna_data_02_mir/recover-20220922/UBNA_001/20220921_090000.WAV,Telephone Field,recover-20220922,001,1795
639.4325,639.4728,68437,83089,Rhinolophus ferrumequinum,0.02,0.02,-1,Echolocation,/mnt/ubna_data_02_mir/recover-20220922/UBNA_001/20220921_090000.WAV,Telephone Field,recover-20220922,001,1795
639.4545,639.4943,68437,82005,Rhinolophus ferrumequinum,0.022,0.022,-1,Echolocation,/mnt/ubna_data_02_mir/recover-20220922/UBNA_001/20220921_090000.WAV,Telephone Field,recover-20220922,001,1795
639.4915,639.5326,68437,82958,Rhinolophus ferrumequinum,0.037,0.037,-1,Echolocation,/mnt/ubna_data_02_mir/recover-20220922/UBNA_001/20220921_090000.WAV,Telephone Field,recover-20220922,001,1795
639.5075,639.5155,26328,34357,Eptesicus serotinus,0.007,0.021,-1,Echolocation,/mnt/ubna_data_02_mir/recover-20220922/UBNA_001/20220921_090000.WAV,Telephone Field,recover-20220922,001,1795
639.5165,639.5548,68437,82071,Rhinolophus ferrumequinum,0.021,0.021,-1,Echolocation,/mnt/ubna_data_02_mir/recover-20220922/UBNA_001/20220921_090000.WAV,Telephone Field,recover-20220922,001,1795
639.5715,639.5792,26328,35136,Eptesicus serotinus,0.007,0.02,-1,Echolocation,/mnt/ubna_data_02_mir/recover-20220922/UBNA_001/20220921_090000.WAV,Telephone Field,recover-20220922,001,1795
639.5955,639.6336,68437,81733,Rhinolophus ferrumequinum,0.022,0.022,-1,Echolocation,/mnt/ubna_data_02_mir/recover-20220922/UBNA_001/20220921_090000.WAV,Telephone Field,recover-20220922,001,1795
639.6125,639.6497,68437,81952,Rhinolophus ferrumequinum,0.022,0.022,-1,Echolocation,/mnt/ubna_data_02_mir/recover-20220922/UBNA_001/20220921_090000.WAV,Telephone Field,recover-20220922,001,1795
639.6645,639.6985,68437,81113,Rhinolophus ferrumequinum,0.021,0.021,-1,Echolocation,/mnt/ubna_data_02_mir/recover-20220922/UBNA_001/20220921_090000.WAV,Telephone Field,recover-20220922,001,1795
639.6955,639.7359,68437,82215,Rhinolophus ferrumequinum,0.023,0.023,-1,Echolocation,/mnt/ubna_data_02_mir/recover-20220922/UBNA_001/20220921_090000.WAV,Telephone Field,recover-20220922,001,1795
639.7745,639.8116,68437,82031,Rhinolophus ferrumequinum,0.02,0.02,-1,Echolocation,/mnt/ubna_data_02_mir/recover-20220922/UBNA_001/20220921_090000.WAV,Telephone Field,recover-20220922,001,1795
639.8035,639.8086,39218,52374,Myotis bechsteinii,0.005,0.022,-1,Echolocation,/mnt/ubna_data_02_mir/recover-20220922/UBNA_001/20220921_090000.WAV,Telephone Field,recover-20220922,001,1795
639.8035,639.8381,68437,81367,Rhinolophus ferrumequinum,0.021,0.021,-1,Echolocation,/mnt/ubna_data_02_mir/recover-20220922/UBNA_001/20220921_090000.WAV,Telephone Field,recover-20220922,001,1795
639.8095,639.8475,68437,81657,Rhinolophus ferrumequinum,0.022,0.022,-1,Echolocation,/mnt/ubna_data_02_mir/recover-20220922/UBNA_001/20220921_090000.WAV,Telephone Field,recover-20220922,001,1795
639.8635,639.8725,22890,28924,Nyctalus leisleri,0.008,0.021,-1,Echolocation,/mnt/ubna_data_02_mir/recover-20220922/UBNA_001/20220921_090000.WAV,Telephone Field,recover-20220922,001,1795
639.8905,639.932,68437,83003,Rhinolophus ferrumequinum,0.029,0.029,-1,Echolocation,/mnt/ubna_data_02_mir/recover-20220922/UBNA_001/20220921_090000.WAV,Telephone Field,recover-20220922,001,1795
639.9165,639.9513,68437,81152,Rhinolophus ferrumequinum,0.023,0.023,-1,Echolocation,/mnt/ubna_data_02_mir/recover-20220922/UBNA_001/20220921_090000.WAV,Telephone Field,recover-20220922,001,1795
639.9255,639.9633,68437,80971,Rhinolophus ferrumequinum,0.024,0.024,-1,Echolocation,/mnt/ubna_data_02_mir/recover-20220922/UBNA_001/20220921_090000.WAV,Telephone Field,recover-20220922,001,1795
639.9355,639.9462,22890,27398,Nyctalus leisleri,0.011,0.021,-1,Echolocation,/mnt/ubna_data_02_mir/recover-20220922/UBNA_001/20220921_090000.WAV,Telephone Field,recover-20220922,001,1795
640.0015,640.011,29765,36813,Eptesicus serotinus,0.008,0.025,-1,Echolocation,/mnt/ubna_data_02_mir/recover-20220922/UBNA_001/20220921_090000.WAV,Telephone Field,recover-20220922,001,1795
640.0015,640.033,68437,79158,Rhinolophus ferrumequinum,0.036,0.037,-1,Echolocation,/mnt/ubna_data_02_mir/recover-20220922/UBNA_001/20220921_090000.WAV,Telephone Field,recover-20220922,001,1795
640.0015,640.0105,23750,31201,Nyctalus leisleri,0.01,0.031,-1,Echolocation,/mnt/ubna_data_02_mir/recover-20220922/UBNA_001/20220921_090000.WAV,Telephone Field,recover-20220922,001,1795
640.0135,640.0243,24609,30951,Eptesicus serotinus,0.011,0.032,-1,Echolocation,/mnt/ubna_data_02_mir/recover-20220922/UBNA_001/20220921_090000.WAV,Telephone Field,recover-20220922,001,1795
640.0235,640.0603,68437,81387,Rhinolophus ferrumequinum,0.022,0.023,-1,Echolocation,/mnt/ubna_data_02_mir/recover-20220922/UBNA_001/20220921_090000.WAV,Telephone Field,recover-20220922,001,1795
640.0305,640.0679,68437,80884,Rhinolophus ferrumequinum,0.023,0.023,-1,Echolocation,/mnt/ubna_data_02_mir/recover-20220922/UBNA_001/20220921_090000.WAV,Telephone Field,recover-20220922,001,1795
640.0305,640.0426,22031,26196,Nyctalus leisleri,0.014,0.025,-1,Echolocation,/mnt/ubna_data_02_mir/recover-20220922/UBNA_001/20220921_090000.WAV,Telephone Field,recover-20220922,001,1795
640.0565,640.0969,68437,82590,Rhinolophus ferrumequinum,0.024,0.024,-1,Echolocation,/mnt/ubna_data_02_mir/recover-20220922/UBNA_001/20220921_090000.WAV,Telephone Field,recover-20220922,001,1795
640.0875,640.1291,68437,83240,Rhinolophus ferrumequinum,0.027,0.027,-1,Echolocation,/mnt/ubna_data_02_mir/recover-20220922/UBNA_001/20220921_090000.WAV,Telephone Field,recover-20220922,001,1795
640.1075,640.1471,68437,82800,Rhinolophus ferrumequinum,0.024,0.024,-1,Echolocation,/mnt/ubna_data_02_mir/recover-20220922/UBNA_001/20220921_090000.WAV,Telephone Field,recover-20220922,001,1795
640.1255,640.1388,28046,33659,Eptesicus serotinus,0.016,0.033,-1,Echolocation,/mnt/ubna_data_02_mir/recover-20220922/UBNA_001/20220921_090000.WAV,Telephone Field,recover-20220922,001,1795
640.1275,640.1677,68437,82438,Rhinolophus ferrumequinum,0.023,0.024,-1,Echolocation,/mnt/ubna_data_02_mir/recover-20220922/UBNA_001/20220921_090000.WAV,Telephone Field,recover-20220922,001,1795
640.1715,640.2111,68437,82423,Rhinolophus ferrumequinum,0.024,0.024,-1,Echolocation,/mnt/ubna_data_02_mir/recover-20220922/UBNA_001/20220921_090000.WAV,Telephone Field,recover-20220922,001,1795
640.2305,640.2417,24609,31996,Eptesicus serotinus,0.01,0.026,-1,Echolocation,/mnt/ubna_data_02_mir/recover-20220922/UBNA_001/20220921_090000.WAV,Telephone Field,recover-20220922,001,1795
640.2445,640.2825,68437,82042,Rhinolophus ferrumequinum,0.024,0.024,-1,Echolocation,/mnt/ubna_data_02_mir/recover-20220922/UBNA_001/20220921_090000.WAV,Telephone Field,recover-20220922,001,1795
640.2685,640.306,68437,81840,Rhinolophus ferrumequinum,0.022,0.022,-1,Echolocation,/mnt/ubna_data_02_mir/recover-20220922/UBNA_001/20220921_090000.WAV,Telephone Field,recover-20220922,001,1795
640.3095,640.3208,34921,45716,Eptesicus serotinus,0.004,0.023,-1,Echolocation,/mnt/ubna_data_02_mir/recover-20220922/UBNA_001/20220921_090000.WAV,Telephone Field,recover-20220922,001,1795
640.3115,640.3493,68437,81698,Rhinolophus ferrumequinum,0.021,0.021,-1,Echolocation,/mnt/ubna_data_02_mir/recover-20220922/UBNA_001/20220921_090000.WAV,Telephone Field,recover-20220922,001,1795
640.3515,640.3609,28046,37025,Eptesicus serotinus,0.009,0.023,-1,Echolocation,/mnt/ubna_data_02_mir/recover-20220922/UBNA_001/20220921_090000.WAV,Telephone Field,recover-20220922,001,1795
640.3635,640.3735,24609,30793,Nyctalus leisleri,0.009,0.023,-1,Echolocation,/mnt/ubna_data_02_mir/recover-20220922/UBNA_001/20220921_090000.WAV,Telephone Field,recover-20220922,001,1795
640.3845,640.4241,68437,81854,Rhinolophus ferrumequinum,0.023,0.023,-1,Echolocation,/mnt/ubna_data_02_mir/recover-20220922/UBNA_001/20220921_090000.WAV,Telephone Field,recover-20220922,001,1795
640.4275,640.4721,68437,83590,Rhinolophus ferrumequinum,0.039,0.039,-1,Echolocation,/mnt/ubna_data_02_mir/recover-20220922/UBNA_001/20220921_090000.WAV,Telephone Field,recover-20220922,001,1795
640.5005,640.537,68437,81398,Rhinolophus ferrumequinum,0.023,0.023,-1,Echolocation,/mnt/ubna_data_02_mir/recover-20220922/UBNA_001/20220921_090000.WAV,Telephone Field,recover-20220922,001,1795
640.5065,640.5443,68437,81523,Rhinolophus ferrumequinum,0.022,0.022,-1,Echolocation,/mnt/ubna_data_02_mir/recover-20220922/UBNA_001/20220921_090000.WAV,Telephone Field,recover-20220922,001,1795
640.5285,640.5391,45234,48127,Pipistrellus pipistrellus,0.027,0.029,-1,Echolocation,/mnt/ubna_data_02_mir/recover-20220922/UBNA_001/20220921_090000.WAV,Telephone Field,recover-20220922,001,1795
640.5305,640.5679,68437,81466,Rhinolophus ferrumequinum,0.023,0.023,-1,Echolocation,/mnt/ubna_data_02_mir/recover-20220922/UBNA_001/20220921_090000.WAV,Telephone Field,recover-20220922,001,1795
640.5385,640.5457,23750,33630,Plecotus austriacus,0.015,0.033,-1,Echolocation,/mnt/ubna_data_02_mir/recover-20220922/UBNA_001/20220921_090000.WAV,Telephone Field,recover-20220922,001,1795
640.5495,640.5879,68437,81719,Rhinolophus ferrumequinum,0.024,0.024,-1,Echolocation,/mnt/ubna_data_02_mir/recover-20220922/UBNA_001/20220921_090000.WAV,Telephone Field,recover-20220922,001,1795
640.5865,640.5951,27187,36809,Eptesicus serotinus,0.008,0.021,-1,Echolocation,/mnt/ubna_data_02_mir/recover-20220922/UBNA_001/20220921_090000.WAV,Telephone Field,recover-20220922,001,1795
640.7005,640.743,68437,82893,Rhinolophus ferrumequinum,0.026,0.026,-1,Echolocation,/mnt/ubna_data_02_mir/recover-20220922/UBNA_001/20220921_090000.WAV,Telephone Field,recover-20220922,001,1795
640.7245,640.7632,68437,81300,Rhinolophus ferrumequinum,0.023,0.023,-1,Echolocation,/mnt/ubna_data_02_mir/recover-20220922/UBNA_001/20220921_090000.WAV,Telephone Field,recover-20220922,001,1795
640.7355,640.7777,68437,82843,Rhinolophus ferrumequinum,0.024,0.024,-1,Echolocation,/mnt/ubna_data_02_mir/recover-20220922/UBNA_001/20220921_090000.WAV,Telephone Field,recover-20220922,001,1795
640.7395,640.7471,27187,37982,Eptesicus serotinus,0.006,0.021,-1,Echolocation,/mnt/ubna_data_02_mir/recover-20220922/UBNA_001/20220921_090000.WAV,Telephone Field,recover-20220922,001,1795
640.7615,640.7969,68437,81059,Rhinolophus ferrumequinum,0.033,0.033,-1,Echolocation,/mnt/ubna_data_02_mir/recover-20220922/UBNA_001/20220921_090000.WAV,Telephone Field,recover-20220922,001,1795
640.7645,640.7719,27187,39372,Eptesicus serotinus,0.006,0.022,-1,Echolocation,/mnt/ubna_data_02_mir/recover-20220922/UBNA_001/20220921_090000.WAV,Telephone Field,recover-20220922,001,1795
640.7695,640.7779,49531,53541,Pipistrellus pipistrellus,0.022,0.025,-1,Echolocation,/mnt/ubna_data_02_mir/recover-20220922/UBNA_001/20220921_090000.WAV,Telephone Field,recover-20220922,001,1795
640.7865,640.8256,68437,82171,Rhinolophus ferrumequinum,0.024,0.024,-1,Echolocation,/mnt/ubna_data_02_mir/recover-20220922/UBNA_001/20220921_090000.WAV,Telephone Field,recover-20220922,001,1795
640.7865,640.7935,27187,36747,Eptesicus serotinus,0.011,0.032,-1,Echolocation,/mnt/ubna_data_02_mir/recover-20220922/UBNA_001/20220921_090000.WAV,Telephone Field,recover-20220922,001,1795
640.8035,640.8241,20312,23932,Nyctalus noctula,0.027,0.06,-1,Echolocation,/mnt/ubna_data_02_mir/recover-20220922/UBNA_001/20220921_090000.WAV,Telephone Field,recover-20220922,001,1795
640.8255,640.8653,68437,82566,Rhinolophus ferrumequinum,0.024,0.024,-1,Echolocation,/mnt/ubna_data_02_mir/recover-20220922/UBNA_001/20220921_090000.WAV,Telephone Field,recover-20220922,001,1795
640.9055,640.9162,22031,27290,Nyctalus leisleri,0.012,0.027,-1,Echolocation,/mnt/ubna_data_02_mir/recover-20220922/UBNA_001/20220921_090000.WAV,Telephone Field,recover-20220922,001,1795
640.9355,640.951,29765,35441,Eptesicus serotinus,0.029,0.047,-1,Echolocation,/mnt/ubna_data_02_mir/recover-20220922/UBNA_001/20220921_090000.WAV,Telephone Field,recover-20220922,001,1795
640.9385,640.9779,68437,82069,Rhinolophus ferrumequinum,0.025,0.025,-1,Echolocation,/mnt/ubna_data_02_mir/recover-20220922/UBNA_001/20220921_090000.WAV,Telephone Field,recover-20220922,001,1795
640.9895,641.0271,68437,81501,Rhinolophus ferrumequinum,0.022,0.022,-1,Echolocation,/mnt/ubna_data_02_mir/recover-20220922/UBNA_001/20220921_090000.WAV,Telephone Field,recover-20220922,001,1795
641.0005,641.0384,68437,81007,Rhinolophus ferrumequinum,0.023,0.023,-1,Echolocation,/mnt/ubna_data_02_mir/recover-20220922/UBNA_001/20220921_090000.WAV,Telephone Field,recover-20220922,001,1795
641.0395,641.0492,22890,29587,Nyctalus leisleri,0.009,0.027,-1,Echolocation,/mnt/ubna_data_02_mir/recover-20220922/UBNA_001/20220921_090000.WAV,Telephone Field,recover-20220922,001,1795
641.1455,641.1559,22890,28909,Nyctalus leisleri,0.009,0.023,-1,Echolocation,/mnt/ubna_data_02_mir/recover-20220922/UBNA_001/20220921_090000.WAV,Telephone Field,recover-20220922,001,1795
641.1525,641.1626,22890,29493,Nyctalus leisleri,0.008,0.026,-1,Echolocation,/mnt/ubna_data_02_mir/recover-20220922/UBNA_001/20220921_090000.WAV,Telephone Field,recover-20220922,001,1795
641.1625,641.2064,68437,83890,Rhinolophus ferrumequinum,0.057,0.057,-1,Echolocation,/mnt/ubna_data_02_mir/recover-20220922/UBNA_001/20220921_090000.WAV,Telephone Field,recover-20220922,001,1795
641.2185,641.2581,68437,82279,Rhinolophus ferrumequinum,0.023,0.023,-1,Echolocation,/mnt/ubna_data_02_mir/recover-20220922/UBNA_001/20220921_090000.WAV,Telephone Field,recover-20220922,001,1795
641.2305,641.2697000000001,68437,82191,Rhinolophus ferrumequinum,0.022,0.022,-1,Echolocation,/mnt/ubna_data_02_mir/recover-20220922/UBNA_001/20220921_090000.WAV,Telephone Field,recover-20220922,001,1795
641.2685,641.3079,68437,82473,Rhinolophus ferrumequinum,0.024,0.024,-1,Echolocation,/mnt/ubna_data_02_mir/recover-20220922/UBNA_001/20220921_090000.WAV,Telephone Field,recover-20220922,001,1795
641.3245,641.3311,28906,39960,Eptesicus serotinus,0.006,0.025,-1,Echolocation,/mnt/ubna_data_02_mir/recover-20220922/UBNA_001/20220921_090000.WAV,Telephone Field,recover-20220922,001,1795
641.3485,641.3913,68437,82950,Rhinolophus ferrumequinum,0.023,0.023,-1,Echolocation,/mnt/ubna_data_02_mir/recover-20220922/UBNA_001/20220921_090000.WAV,Telephone Field,recover-20220922,001,1795
641.3715,641.4109,68437,82338,Rhinolophus ferrumequinum,0.024,0.024,-1,Echolocation,/mnt/ubna_data_02_mir/recover-20220922/UBNA_001/20220921_090000.WAV,Telephone Field,recover-20220922,001,1795
641.3835,641.4221,68437,82013,Rhinolophus ferrumequinum,0.022,0.022,-1,Echolocation,/mnt/ubna_data_02_mir/recover-20220922/UBNA_001/20220921_090000.WAV,Telephone Field,recover-20220922,001,1795
641.4375,641.4762,68437,82375,Rhinolophus ferrumequinum,0.028,0.028,-1,Echolocation,/mnt/ubna_data_02_mir/recover-20220922/UBNA_001/20220921_090000.WAV,Telephone Field,recover-20220922,001,1795
641.4645,641.5012,68437,81608,Rhinolophus ferrumequinum,0.024,0.025,-1,Echolocation,/mnt/ubna_data_02_mir/recover-20220922/UBNA_001/20220921_090000.WAV,Telephone Field,recover-20220922,001,1795
641.4715,641.4846,14296,19020,Nyctalus noctula,0.019,0.03,-1,Echolocation,/mnt/ubna_data_02_mir/recover-20220922/UBNA_001/20220921_090000.WAV,Telephone Field,recover-20220922,001,1795
641.4755,641.4836,28046,38829,Eptesicus serotinus,0.008,0.023,-1,Echolocation,/mnt/ubna_data_02_mir/recover-20220922/UBNA_001/20220921_090000.WAV,Telephone Field,recover-20220922,001,1795
641.5035,641.542,68437,82104,Rhinolophus ferrumequinum,0.023,0.023,-1,Echolocation,/mnt/ubna_data_02_mir/recover-20220922/UBNA_001/20220921_090000.WAV,Telephone Field,recover-20220922,001,1795
641.5095,641.5474,68437,81797,Rhinolophus ferrumequinum,0.022,0.022,-1,Echolocation,/mnt/ubna_data_02_mir/recover-20220922/UBNA_001/20220921_090000.WAV,Telephone Field,recover-20220922,001,1795
641.5215,641.5585,68437,81347,Rhinolophus ferrumequinum,0.025,0.025,-1,Echolocation,/mnt/ubna_data_02_mir/recover-20220922/UBNA_001/20220921_090000.WAV,Telephone Field,recover-20220922,001,1795
641.5345,641.5712,68437,81574,Rhinolophus ferrumequinum,0.022,0.023,-1,Echolocation,/mnt/ubna_data_02_mir/recover-20220922/UBNA_001/20220921_090000.WAV,Telephone Field,recover-20220922,001,1795
641.5395,641.5507,43515,46801,Pipistrellus pipistrellus,0.023,0.026,-1,Echolocation,/mnt/ubna_data_02_mir/recover-20220922/UBNA_001/20220921_090000.WAV,Telephone Field,recover-20220922,001,1795
641.5875,641.6307,68437,83230,Rhinolophus ferrumequinum,0.027,0.027,-1,Echolocation,/mnt/ubna_data_02_mir/recover-20220922/UBNA_001/20220921_090000.WAV,Telephone Field,recover-20220922,001,1795
641.6165,641.6316,15156,20679,Nyctalus noctula,0.018,0.026,-1,Echolocation,/mnt/ubna_data_02_mir/recover-20220922/UBNA_001/20220921_090000.WAV,Telephone Field,recover-20220922,001,1795
641.6465,641.6561,22890,28925,Nyctalus leisleri,0.008,0.022,-1,Echolocation,/mnt/ubna_data_02_mir/recover-20220922/UBNA_001/20220921_090000.WAV,Telephone Field,recover-20220922,001,1795
641.6465,641.6888,68437,83067,Rhinolophus ferrumequinum,0.027,0.027,-1,Echolocation,/mnt/ubna_data_02_mir/recover-20220922/UBNA_001/20220921_090000.WAV,Telephone Field,recover-20220922,001,1795
641.6475,641.6553,28906,40332,Eptesicus serotinus,0.008,0.026,-1,Echolocation,/mnt/ubna_data_02_mir/recover-20220922/UBNA_001/20220921_090000.WAV,Telephone Field,recover-20220922,001,1795
641.7145,641.7511,68437,81412,Rhinolophus ferrumequinum,0.025,0.025,-1,Echolocation,/mnt/ubna_data_02_mir/recover-20220922/UBNA_001/20220921_090000.WAV,Telephone Field,recover-20220922,001,1795
641.7475,641.7864,68437,82283,Rhinolophus ferrumequinum,0.028,0.028,-1,Echolocation,/mnt/ubna_data_02_mir/recover-20220922/UBNA_001/20220921_090000.WAV,Telephone Field,recover-20220922,001,1795
641.8225,641.8673,68437,82877,Rhinolophus ferrumequinum,0.027,0.027,-1,Echolocation,/mnt/ubna_data_02_mir/recover-20220922/UBNA_001/20220921_090000.WAV,Telephone Field,recover-20220922,001,1795
641.8525,641.8903,68437,81299,Rhinolophus ferrumequinum,0.021,0.022,-1,Echolocation,/mnt/ubna_data_02_mir/recover-20220922/UBNA_001/20220921_090000.WAV,Telephone Field,recover-20220922,001,1795
641.8575,641.8955,68437,81147,Rhinolophus ferrumequinum,0.022,0.022,-1,Echolocation,/mnt/ubna_data_02_mir/recover-20220922/UBNA_001/20220921_090000.WAV,Telephone Field,recover-20220922,001,1795
641.8725,641.8828,22890,28770,Nyctalus leisleri,0.009,0.023,-1,Echolocation,/mnt/ubna_data_02_mir/recover-20220922/UBNA_001/20220921_090000.WAV,Telephone Field,recover-20220922,001,1795
641.9135,641.9499,68437,81413,Rhinolophus ferrumequinum,0.032,0.032,-1,Echolocation,/mnt/ubna_data_02_mir/recover-20220922/UBNA_001/20220921_090000.WAV,Telephone Field,recover-20220922,001,1795
641.9395,641.9758,68437,82106,Rhinolophus ferrumequinum,0.023,0.023,-1,Echolocation,/mnt/ubna_data_02_mir/recover-20220922/UBNA_001/20220921_090000.WAV,Telephone Field,recover-20220922,001,1795
642.0015,642.0315,68437,80463,Rhinolophus ferrumequinum,0.026,0.026,-1,Echolocation,/mnt/ubna_data_02_mir/recover-20220922/UBNA_001/20220921_090000.WAV,Telephone Field,recover-20220922,001,1795
642.0015,642.0113,49531,54496,Pipistrellus pipistrellus,0.013,0.024,-1,Echolocation,/mnt/ubna_data_02_mir/recover-20220922/UBNA_001/20220921_090000.WAV,Telephone Field,recover-20220922,001,1795
642.0015,642.0094,25468,36475,Nyctalus leisleri,0.007,0.029,-1,Echolocation,/mnt/ubna_data_02_mir/recover-20220922/UBNA_001/20220921_090000.WAV,Telephone Field,recover-20220922,001,1795
642.0165,642.0566,68437,82425,Rhinolophus ferrumequinum,0.023,0.024,-1,Echolocation,/mnt/ubna_data_02_mir/recover-20220922/UBNA_001/20220921_090000.WAV,Telephone Field,recover-20220922,001,1795
642.0345,642.0701,68437,81670,Rhinolophus ferrumequinum,0.023,0.023,-1,Echolocation,/mnt/ubna_data_02_mir/recover-20220922/UBNA_001/20220921_090000.WAV,Telephone Field,recover-20220922,001,1795
642.0725,642.1121,68437,82413,Rhinolophus ferrumequinum,0.023,0.023,-1,Echolocation,/mnt/ubna_data_02_mir/recover-20220922/UBNA_001/20220921_090000.WAV,Telephone Field,recover-20220922,001,1795
642.0785,642.0893,22031,26941,Nyctalus leisleri,0.011,0.024,-1,Echolocation,/mnt/ubna_data_02_mir/recover-20220922/UBNA_001/20220921_090000.WAV,Telephone Field,recover-20220922,001,1795
642.0925,642.131,68437,82155,Rhinolophus ferrumequinum,0.023,0.023,-1,Echolocation,/mnt/ubna_data_02_mir/recover-20220922/UBNA_001/20220921_090000.WAV,Telephone Field,recover-20220922,001,1795
642.1105,642.1471,68437,81615,Rhinolophus ferrumequinum,0.026,0.026,-1,Echolocation,/mnt/ubna_data_02_mir/recover-20220922/UBNA_001/20220921_090000.WAV,Telephone Field,recover-20220922,001,1795
642.1245,642.1635,68437,82342,Rhinolophus ferrumequinum,0.022,0.023,-1,Echolocation,/mnt/ubna_data_02_mir/recover-20220922/UBNA_001/20220921_090000.WAV,Telephone Field,recover-20220922,001,1795
642.1325,642.1393,28906,38300,Eptesicus serotinus,0.007,0.024,-1,Echolocation,/mnt/ubna_data_02_mir/recover-20220922/UBNA_001/20220921_090000.WAV,Telephone Field,recover-20220922,001,1795
642.1335,642.1405,23750,32518,Plecotus austriacus,0.01,0.022,-1,Echolocation,/mnt/ubna_data_02_mir/recover-20220922/UBNA_001/20220921_090000.WAV,Telephone Field,recover-20220922,001,1795
642.1485,642.1903,68437,83106,Rhinolophus ferrumequinum,0.033,0.033,-1,Echolocation,/mnt/ubna_data_02_mir/recover-20220922/UBNA_001/20220921_090000.WAV,Telephone Field,recover-20220922,001,1795
642.2305,642.2391,40078,49314,Pipistrellus nathusii,0.015,0.04,-1,Echolocation,/mnt/ubna_data_02_mir/recover-20220922/UBNA_001/20220921_090000.WAV,Telephone Field,recover-20220922,001,1795
642.2415,642.2812,68437,82543,Rhinolophus ferrumequinum,0.023,0.023,-1,Echolocation,/mnt/ubna_data_02_mir/recover-20220922/UBNA_001/20220921_090000.WAV,Telephone Field,recover-20220922,001,1795
642.2815,642.2888,23750,34768,Plecotus austriacus,0.009,0.022,-1,Echolocation,/mnt/ubna_data_02_mir/recover-20220922/UBNA_001/20220921_090000.WAV,Telephone Field,recover-20220922,001,1795
642.2905,642.2996,47812,51079,Pipistrellus pipistrellus,0.052,0.054,-1,Echolocation,/mnt/ubna_data_02_mir/recover-20220922/UBNA_001/20220921_090000.WAV,Telephone Field,recover-20220922,001,1795
642.3095,642.3515,68437,83187,Rhinolophus ferrumequinum,0.03,0.031,-1,Echolocation,/mnt/ubna_data_02_mir/recover-20220922/UBNA_001/20220921_090000.WAV,Telephone Field,recover-20220922,001,1795
642.3275,642.3651,68437,82324,Rhinolophus ferrumequinum,0.022,0.022,-1,Echolocation,/mnt/ubna_data_02_mir/recover-20220922/UBNA_001/20220921_090000.WAV,Telephone Field,recover-20220922,001,1795
642.3495,642.3568,28046,40645,Eptesicus serotinus,0.007,0.022,-1,Echolocation,/mnt/ubna_data_02_mir/recover-20220922/UBNA_001/20220921_090000.WAV,Telephone Field,recover-20220922,001,1795
642.3655,642.4028,68437,80986,Rhinolophus ferrumequinum,0.026,0.026,-1,Echolocation,/mnt/ubna_data_02_mir/recover-20220922/UBNA_001/20220921_090000.WAV,Telephone Field,recover-20220922,001,1795
642.3665,642.3789,22890,27192,Nyctalus leisleri,0.013,0.024,-1,Echolocation,/mnt/ubna_data_02_mir/recover-20220922/UBNA_001/20220921_090000.WAV,Telephone Field,recover-20220922,001,1795
642.3765,642.3851,28046,38000,Eptesicus serotinus,0.01,0.024,-1,Echolocation,/mnt/ubna_data_02_mir/recover-20220922/UBNA_001/20220921_090000.WAV,Telephone Field,recover-20220922,001,1795
642.4655,642.5007,68437,80891,Rhinolophus ferrumequinum,0.022,0.022,-1,Echolocation,/mnt/ubna_data_02_mir/recover-20220922/UBNA_001/20220921_090000.WAV,Telephone Field,recover-20220922,001,1795
642.4725,642.4809,28906,37389,Eptesicus serotinus,0.007,0.023,-1,Echolocation,/mnt/ubna_data_02_mir/recover-20220922/UBNA_001/20220921_090000.WAV,Telephone Field,recover-20220922,001,1795
642.5045,642.5407,68437,81704,Rhinolophus ferrumequinum,0.024,0.024,-1,Echolocation,/mnt/ubna_data_02_mir/recover-20220922/UBNA_001/20220921_090000.WAV,Telephone Field,recover-20220922,001,1795
642.5395,642.578,68437,82116,Rhinolophus ferrumequinum,0.027,0.027,-1,Echolocation,/mnt/ubna_data_02_mir/recover-20220922/UBNA_001/20220921_090000.WAV,Telephone Field,recover-20220922,001,1795
642.5565,642.5659,28046,36407,Eptesicus serotinus,0.01,0.023,-1,Echolocation,/mnt/ubna_data_02_mir/recover-20220922/UBNA_001/20220921_090000.WAV,Telephone Field,recover-20220922,001,1795
642.5695,642.6056,68437,80914,Rhinolophus ferrumequinum,0.026,0.026,-1,Echolocation,/mnt/ubna_data_02_mir/recover-20220922/UBNA_001/20220921_090000.WAV,Telephone Field,recover-20220922,001,1795
642.5795,642.6174,68437,81733,Rhinolophus ferrumequinum,0.022,0.022,-1,Echolocation,/mnt/ubna_data_02_mir/recover-20220922/UBNA_001/20220921_090000.WAV,Telephone Field,recover-20220922,001,1795
642.5885,642.6258,68437,81863,Rhinolophus ferrumequinum,0.022,0.022,-1,Echolocation,/mnt/ubna_data_02_mir/recover-20220922/UBNA_001/20220921_090000.WAV,Telephone Field,recover-20220922,001,1795
642.6085,642.6475,68437,81647,Rhinolophus ferrumequinum,0.026,0.026,-1,Echolocation,/mnt/ubna_data_02_mir/recover-20220922/UBNA_001/20220921_090000.WAV,Telephone Field,recover-20220922,001,1795
642.6395,642.6776,68437,81926,Rhinolophus ferrumequinum,0.028,0.028,-1,Echolocation,/mnt/ubna_data_02_mir/recover-20220922/UBNA_001/20220921_090000.WAV,Telephone Field,recover-20220922,001,1795
642.6755,642.7141,68437,82550,Rhinolophus ferrumequinum,0.026,0.026,-1,Echolocation,/mnt/ubna_data_02_mir/recover-20220922/UBNA_001/20220921_090000.WAV,Telephone Field,recover-20220922,001,1795
642.7095,642.7461,68437,80941,Rhinolophus ferrumequinum,0.023,0.023,-1,Echolocation,/mnt/ubna_data_02_mir/recover-20220922/UBNA_001/20220921_090000.WAV,Telephone Field,recover-20220922,001,1795
642.7485,642.7899,68437,82512,Rhinolophus ferrumequinum,0.031,0.031,-1,Echolocation,/mnt/ubna_data_02_mir/recover-20220922/UBNA_001/20220921_090000.WAV,Telephone Field,recover-20220922,001,1795
642.7625,642.801,68437,82341,Rhinolophus ferrumequinum,0.026,0.027,-1,Echolocation,/mnt/ubna_data_02_mir/recover-20220922/UBNA_001/20220921_090000.WAV,Telephone Field,recover-20220922,001,1795
642.7895,642.8018,22890,27312,Nyctalus leisleri,0.016,0.028,-1,Echolocation,/mnt/ubna_data_02_mir/recover-20220922/UBNA_001/20220921_090000.WAV,Telephone Field,recover-20220922,001,1795
642.8155,642.8215,33203,46153,Myotis daubentonii,0.011,0.025,-1,Echolocation,/mnt/ubna_data_02_mir/recover-20220922/UBNA_001/20220921_090000.WAV,Telephone Field,recover-20220922,001,1795
642.8525,642.8913,68437,81875,Rhinolophus ferrumequinum,0.022,0.022,-1,Echolocation,/mnt/ubna_data_02_mir/recover-20220922/UBNA_001/20220921_090000.WAV,Telephone Field,recover-20220922,001,1795
642.8605,642.8977,68437,82199,Rhinolophus ferrumequinum,0.023,0.023,-1,Echolocation,/mnt/ubna_data_02_mir/recover-20220922/UBNA_001/20220921_090000.WAV,Telephone Field,recover-20220922,001,1795
642.8945,642.936,68437,83074,Rhinolophus ferrumequinum,0.03,0.03,-1,Echolocation,/mnt/ubna_data_02_mir/recover-20220922/UBNA_001/20220921_090000.WAV,Telephone Field,recover-20220922,001,1795
642.9095,642.9465,68437,81925,Rhinolophus ferrumequinum,0.022,0.022,-1,Echolocation,/mnt/ubna_data_02_mir/recover-20220922/UBNA_001/20220921_090000.WAV,Telephone Field,recover-20220922,001,1795
642.9315,642.9673,68437,81674,Rhinolophus ferrumequinum,0.024,0.024,-1,Echolocation,/mnt/ubna_data_02_mir/recover-20220922/UBNA_001/20220921_090000.WAV,Telephone Field,recover-20220922,001,1795
642.9425,642.9788,68437,81587,Rhinolophus ferrumequinum,0.023,0.023,-1,Echolocation,/mnt/ubna_data_02_mir/recover-20220922/UBNA_001/20220921_090000.WAV,Telephone Field,recover-20220922,001,1795
642.9685,643.0063,68437,82004,Rhinolophus ferrumequinum,0.025,0.025,-1,Echolocation,/mnt/ubna_data_02_mir/recover-20220922/UBNA_001/20220921_090000.WAV,Telephone Field,recover-20220922,001,1795
643.0195,643.059,68437,82427,Rhinolophus ferrumequinum,0.024,0.024,-1,Echolocation,/mnt/ubna_data_02_mir/recover-20220922/UBNA_001/20220921_090000.WAV,Telephone Field,recover-20220922,001,1795
643.0395,643.0774,68437,82092,Rhinolophus ferrumequinum,0.035,0.035,-1,Echolocation,/mnt/ubna_data_02_mir/recover-20220922/UBNA_001/20220921_090000.WAV,Telephone Field,recover-20220922,001,1795
643.0905,643.1303,68437,81812,Rhinolophus ferrumequinum,0.025,0.025,-1,Echolocation,/mnt/ubna_data_02_mir/recover-20220922/UBNA_001/20220921_090000.WAV,Telephone Field,recover-20220922,001,1795
643.1555,643.1628,28906,35732,Eptesicus serotinus,0.014,0.04,-1,Echolocation,/mnt/ubna_data_02_mir/recover-20220922/UBNA_001/20220921_090000.WAV,Telephone Field,recover-20220922,001,1795
643.1655,643.2067,68437,82861,Rhinolophus ferrumequinum,0.031,0.031,-1,Echolocation,/mnt/ubna_data_02_mir/recover-20220922/UBNA_001/20220921_090000.WAV,Telephone Field,recover-20220922,001,1795
643.1745,643.1856,43515,46302,Pipistrellus pipistrellus,0.025,0.028,-1,Echolocation,/mnt/ubna_data_02_mir/recover-20220922/UBNA_001/20220921_090000.WAV,Telephone Field,recover-20220922,001,1795
643.1745,643.2175,68437,82948,Rhinolophus ferrumequinum,0.025,0.025,-1,Echolocation,/mnt/ubna_data_02_mir/recover-20220922/UBNA_001/20220921_090000.WAV,Telephone Field,recover-20220922,001,1795
643.1885,643.1966,27187,39479,Eptesicus serotinus,0.007,0.023,-1,Echolocation,/mnt/ubna_data_02_mir/recover-20220922/UBNA_001/20220921_090000.WAV,Telephone Field,recover-20220922,001,1795
643.2025,643.2404,68437,82185,Rhinolophus ferrumequinum,0.022,0.022,-1,Echolocation,/mnt/ubna_data_02_mir/recover-20220922/UBNA_001/20220921_090000.WAV,Telephone Field,recover-20220922,001,1795
643.2215,643.2327,37500,42334,Pipistrellus nathusii,0.01,0.026,-1,Echolocation,/mnt/ubna_data_02_mir/recover-20220922/UBNA_001/20220921_090000.WAV,Telephone Field,recover-20220922,001,1795
643.2435,643.2837,68437,83015,Rhinolophus ferrumequinum,0.024,0.024,-1,Echolocation,/mnt/ubna_data_02_mir/recover-20220922/UBNA_001/20220921_090000.WAV,Telephone Field,recover-20220922,001,1795
643.2595,643.2998,68437,82111,Rhinolophus ferrumequinum,0.026,0.026,-1,Echolocation,/mnt/ubna_data_02_mir/recover-20220922/UBNA_001/20220921_090000.WAV,Telephone Field,recover-20220922,001,1795
643.2635,643.2703,27187,41315,Eptesicus serotinus,0.006,0.022,-1,Echolocation,/mnt/ubna_data_02_mir/recover-20220922/UBNA_001/20220921_090000.WAV,Telephone Field,recover-20220922,001,1795
643.2705,643.2826,22031,26004,Nyctalus leisleri,0.014,0.025,-1,Echolocation,/mnt/ubna_data_02_mir/recover-20220922/UBNA_001/20220921_090000.WAV,Telephone Field,recover-20220922,001,1795
643.2905,643.3259,68437,80586,Rhinolophus ferrumequinum,0.023,0.023,-1,Echolocation,/mnt/ubna_data_02_mir/recover-20220922/UBNA_001/20220921_090000.WAV,Telephone Field,recover-20220922,001,1795
643.3355,643.3763,68437,82613,Rhinolophus ferrumequinum,0.03,0.03,-1,Echolocation,/mnt/ubna_data_02_mir/recover-20220922/UBNA_001/20220921_090000.WAV,Telephone Field,recover-20220922,001,1795
643.3495,643.3869,68437,81552,Rhinolophus ferrumequinum,0.024,0.024,-1,Echolocation,/mnt/ubna_data_02_mir/recover-20220922/UBNA_001/20220921_090000.WAV,Telephone Field,recover-20220922,001,1795
643.3595,643.3677,27187,39091,Eptesicus serotinus,0.009,0.024,-1,Echolocation,/mnt/ubna_data_02_mir/recover-20220922/UBNA_001/20220921_090000.WAV,Telephone Field,recover-20220922,001,1795
643.3825,643.4215,68437,81711,Rhinolophus ferrumequinum,0.022,0.022,-1,Echolocation,/mnt/ubna_data_02_mir/recover-20220922/UBNA_001/20220921_090000.WAV,Telephone Field,recover-20220922,001,1795
643.4095,643.4179,27187,36091,Eptesicus serotinus,0.01,0.026,-1,Echolocation,/mnt/ubna_data_02_mir/recover-20220922/UBNA_001/20220921_090000.WAV,Telephone Field,recover-20220922,001,1795
643.4105,643.4496,68437,82220,Rhinolophus ferrumequinum,0.028,0.028,-1,Echolocation,/mnt/ubna_data_02_mir/recover-20220922/UBNA_001/20220921_090000.WAV,Telephone Field,recover-20220922,001,1795
643.4325,643.4454,28046,33510,Eptesicus serotinus,0.017,0.033,-1,Echolocation,/mnt/ubna_data_02_mir/recover-20220922/UBNA_001/20220921_090000.WAV,Telephone Field,recover-20220922,001,1795
643.4365,643.4745,68437,81985,Rhinolophus ferrumequinum,0.022,0.022,-1,Echolocation,/mnt/ubna_data_02_mir/recover-20220922/UBNA_001/20220921_090000.WAV,Telephone Field,recover-20220922,001,1795
643.4765,643.4864,28906,36428,Eptesicus serotinus,0.009,0.023,-1,Echolocation,/mnt/ubna_data_02_mir/recover-20220922/UBNA_001/20220921_090000.WAV,Telephone Field,recover-20220922,001,1795
643.4915,643.5043000000001,22031,27027,Nyctalus leisleri,0.013,0.028,-1,Echolocation,/mnt/ubna_data_02_mir/recover-20220922/UBNA_001/20220921_090000.WAV,Telephone Field,recover-20220922,001,1795
643.5035,643.5401,68437,81516,Rhinolophus ferrumequinum,0.029,0.029,-1,Echolocation,/mnt/ubna_data_02_mir/recover-20220922/UBNA_001/20220921_090000.WAV,Telephone Field,recover-20220922,001,1795
643.5105,643.5496,68437,82243,Rhinolophus ferrumequinum,0.025,0.025,-1,Echolocation,/mnt/ubna_data_02_mir/recover-20220922/UBNA_001/20220921_090000.WAV,Telephone Field,recover-20220922,001,1795
643.5175,643.5245,23750,32690,Plecotus austriacus,0.012,0.027,-1,Echolocation,/mnt/ubna_data_02_mir/recover-20220922/UBNA_001/20220921_090000.WAV,Telephone Field,recover-20220922,001,1795
643.5195,643.5597,68437,82360,Rhinolophus ferrumequinum,0.028,0.028,-1,Echolocation,/mnt/ubna_data_02_mir/recover-20220922/UBNA_001/20220921_090000.WAV,Telephone Field,recover-20220922,001,1795
643.5285,643.5681,68437,82429,Rhinolophus ferrumequinum,0.025,0.026,-1,Echolocation,/mnt/ubna_data_02_mir/recover-20220922/UBNA_001/20220921_090000.WAV,Telephone Field,recover-20220922,001,1795
643.5565,643.5628,28046,40621,Eptesicus serotinus,0.006,0.023,-1,Echolocation,/mnt/ubna_data_02_mir/recover-20220922/UBNA_001/20220921_090000.WAV,Telephone Field,recover-20220922,001,1795
643.5685,643.6064,68437,82484,Rhinolophus ferrumequinum,0.022,0.022,-1,Echolocation,/mnt/ubna_data_02_mir/recover-20220922/UBNA_001/20220921_090000.WAV,Telephone Field,recover-20220922,001,1795
643.5985,643.6374,68437,81845,Rhinolophus ferrumequinum,0.027,0.027,-1,Echolocation,/mnt/ubna_data_02_mir/recover-20220922/UBNA_001/20220921_090000.WAV,Telephone Field,recover-20220922,001,1795
643.6035,643.6119,28046,36950,Eptesicus serotinus,0.008,0.023,-1,Echolocation,/mnt/ubna_data_02_mir/recover-20220922/UBNA_001/20220921_090000.WAV,Telephone Field,recover-20220922,001,1795
643.6455,643.686,68437,82559,Rhinolophus ferrumequinum,0.024,0.024,-1,Echolocation,/mnt/ubna_data_02_mir/recover-20220922/UBNA_001/20220921_090000.WAV,Telephone Field,recover-20220922,001,1795
643.6695,643.7132,68437,83139,Rhinolophus ferrumequinum,0.033,0.033,-1,Echolocation,/mnt/ubna_data_02_mir/recover-20220922/UBNA_001/20220921_090000.WAV,Telephone Field,recover-20220922,001,1795
643.7465,643.7535,28906,38392,Eptesicus serotinus,0.006,0.023,-1,Echolocation,/mnt/ubna_data_02_mir/recover-20220922/UBNA_001/20220921_090000.WAV,Telephone Field,recover-20220922,001,1795
643.7805,643.8183,68437,81868,Rhinolophus ferrumequinum,0.023,0.023,-1,Echolocation,/mnt/ubna_data_02_mir/recover-20220922/UBNA_001/20220921_090000.WAV,Telephone Field,recover-20220922,001,1795
643.7945,643.8012,24609,34384,Plecotus austriacus,0.013,0.028,-1,Echolocation,/mnt/ubna_data_02_mir/recover-20220922/UBNA_001/20220921_090000.WAV,Telephone Field,recover-20220922,001,1795
643.8285,643.8706,68437,82079,Rhinolophus ferrumequinum,0.035,0.035,-1,Echolocation,/mnt/ubna_data_02_mir/recover-20220922/UBNA_001/20220921_090000.WAV,Telephone Field,recover-20220922,001,1795
643.8585,643.8979,68437,81879,Rhinolophus ferrumequinum,0.023,0.023,-1,Echolocation,/mnt/ubna_data_02_mir/recover-20220922/UBNA_001/20220921_090000.WAV,Telephone Field,recover-20220922,001,1795
643.8655,643.8729,26328,37501,Eptesicus serotinus,0.005,0.023,-1,Echolocation,/mnt/ubna_data_02_mir/recover-20220922/UBNA_001/20220921_090000.WAV,Telephone Field,recover-20220922,001,1795
643.8685,643.9052,68437,80766,Rhinolophus ferrumequinum,0.023,0.023,-1,Echolocation,/mnt/ubna_data_02_mir/recover-20220922/UBNA_001/20220921_090000.WAV,Telephone Field,recover-20220922,001,1795
643.8805,643.9103,68437,80593,Rhinolophus ferrumequinum,0.022,0.022,-1,Echolocation,/mnt/ubna_data_02_mir/recover-20220922/UBNA_001/20220921_090000.WAV,Telephone Field,recover-20220922,001,1795
643.8925,643.9007,27187,38295,Eptesicus serotinus,0.008,0.022,-1,Echolocation,/mnt/ubna_data_02_mir/recover-20220922/UBNA_001/20220921_090000.WAV,Telephone Field,recover-20220922,001,1795
643.8985,643.9389,68437,82993,Rhinolophus ferrumequinum,0.043,0.043,-1,Echolocation,/mnt/ubna_data_02_mir/recover-20220922/UBNA_001/20220921_090000.WAV,Telephone Field,recover-20220922,001,1795
643.9415,643.9494,27187,35423,Eptesicus serotinus,0.008,0.022,-1,Echolocation,/mnt/ubna_data_02_mir/recover-20220922/UBNA_001/20220921_090000.WAV,Telephone Field,recover-20220922,001,1795
643.9545,643.9959,68437,82633,Rhinolophus ferrumequinum,0.026,0.026,-1,Echolocation,/mnt/ubna_data_02_mir/recover-20220922/UBNA_001/20220921_090000.WAV,Telephone Field,recover-20220922,001,1795
644.0015,644.034,68437,79687,Rhinolophus ferrumequinum,0.037,0.037,-1,Echolocation,/mnt/ubna_data_02_mir/recover-20220922/UBNA_001/20220921_090000.WAV,Telephone Field,recover-20220922,001,1795
644.0015,644.011,22890,28769,Nyctalus leisleri,0.015,0.033,-1,Echolocation,/mnt/ubna_data_02_mir/recover-20220922/UBNA_001/20220921_090000.WAV,Telephone Field,recover-20220922,001,1795
644.0015,644.0135,53828,58460,Pipistrellus pygmaeus,0.033,0.037,-1,Echolocation,/mnt/ubna_data_02_mir/recover-20220922/UBNA_001/20220921_090000.WAV,Telephone Field,recover-20220922,001,1795
644.0015,644.0116,47812,53317,Pipistrellus pipistrellus,0.021,0.028,-1,Echolocation,/mnt/ubna_data_02_mir/recover-20220922/UBNA_001/20220921_090000.WAV,Telephone Field,recover-20220922,001,1795
644.0075,644.0484,68437,81595,Rhinolophus ferrumequinum,0.022,0.022,-1,Echolocation,/mnt/ubna_data_02_mir/recover-20220922/UBNA_001/20220921_090000.WAV,Telephone Field,recover-20220922,001,1795
644.0335,644.0736,68437,82059,Rhinolophus ferrumequinum,0.024,0.024,-1,Echolocation,/mnt/ubna_data_02_mir/recover-20220922/UBNA_001/20220921_090000.WAV,Telephone Field,recover-20220922,001,1795
644.0805,644.1198,68437,82261,Rhinolophus ferrumequinum,0.022,0.022,-1,Echolocation,/mnt/ubna_data_02_mir/recover-20220922/UBNA_001/20220921_090000.WAV,Telephone Field,recover-20220922,001,1795
644.0855,644.1234,68437,81764,Rhinolophus ferrumequinum,0.022,0.022,-1,Echolocation,/mnt/ubna_data_02_mir/recover-20220922/UBNA_001/20220921_090000.WAV,Telephone Field,recover-20220922,001,1795
644.1095,644.1478,68437,81643,Rhinolophus ferrumequinum,0.023,0.023,-1,Echolocation,/mnt/ubna_data_02_mir/recover-20220922/UBNA_001/20220921_090000.WAV,Telephone Field,recover-20220922,001,1795
644.1125,644.1192,55546,64140,Pipistrellus pygmaeus,0.029,0.03,-1,Echolocation,/mnt/ubna_data_02_mir/recover-20220922/UBNA_001/20220921_090000.WAV,Telephone Field,recover-20220922,001,1795
644.1345,644.1748,68437,81987,Rhinolophus ferrumequinum,0.023,0.023,-1,Echolocation,/mnt/ubna_data_02_mir/recover-20220922/UBNA_001/20220921_090000.WAV,Telephone Field,recover-20220922,001,1795
644.1415,644.1817,68437,82039,Rhinolophus ferrumequinum,0.023,0.023,-1,Echolocation,/mnt/ubna_data_02_mir/recover-20220922/UBNA_001/20220921_090000.WAV,Telephone Field,recover-20220922,001,1795
644.1725,644.2154,68437,82944,Rhinolophus ferrumequinum,0.035,0.035,-1,Echolocation,/mnt/ubna_data_02_mir/recover-20220922/UBNA_001/20220921_090000.WAV,Telephone Field,recover-20220922,001,1795
644.1755,644.185,22890,28909,Nyctalus leisleri,0.007,0.022,-1,Echolocation,/mnt/ubna_data_02_mir/recover-20220922/UBNA_001/20220921_090000.WAV,Telephone Field,recover-20220922,001,1795
644.2125,644.2219,45234,49834,Pipistrellus pipistrellus,0.026,0.028,-1,Echolocation,/mnt/ubna_data_02_mir/recover-20220922/UBNA_001/20220921_090000.WAV,Telephone Field,recover-20220922,001,1795
644.2415,644.2802,68437,82129,Rhinolophus ferrumequinum,0.022,0.022,-1,Echolocation,/mnt/ubna_data_02_mir/recover-20220922/UBNA_001/20220921_090000.WAV,Telephone Field,recover-20220922,001,1795
644.2615,644.3031,68437,83558,Rhinolophus ferrumequinum,0.04,0.04,-1,Echolocation,/mnt/ubna_data_02_mir/recover-20220922/UBNA_001/20220921_090000.WAV,Telephone Field,recover-20220922,001,1795
644.2725,644.2822,23750,30816,Nyctalus leisleri,0.007,0.023,-1,Echolocation,/mnt/ubna_data_02_mir/recover-20220922/UBNA_001/20220921_090000.WAV,Telephone Field,recover-20220922,001,1795
644.2875,644.3216,68437,81248,Rhinolophus ferrumequinum,0.022,0.022,-1,Echolocation,/mnt/ubna_data_02_mir/recover-20220922/UBNA_001/20220921_090000.WAV,Telephone Field,recover-20220922,001,1795
644.2875,644.2962,53828,60099,Pipistrellus pygmaeus,0.019,0.03,-1,Echolocation,/mnt/ubna_data_02_mir/recover-20220922/UBNA_001/20220921_090000.WAV,Telephone Field,recover-20220922,001,1795
644.2955,644.3034,23750,31513,Plecotus austriacus,0.008,0.022,-1,Echolocation,/mnt/ubna_data_02_mir/recover-20220922/UBNA_001/20220921_090000.WAV,Telephone Field,recover-20220922,001,1795
644.3175,644.355,68437,81827,Rhinolophus ferrumequinum,0.028,0.028,-1,Echolocation,/mnt/ubna_data_02_mir/recover-20220922/UBNA_001/20220921_090000.WAV,Telephone Field,recover-20220922,001,1795
644.3755,644.3824,26328,39118,Eptesicus serotinus,0.006,0.022,-1,Echolocation,/mnt/ubna_data_02_mir/recover-20220922/UBNA_001/20220921_090000.WAV,Telephone Field,recover-20220922,001,1795
644.3905,644.4354,68437,83761,Rhinolophus ferrumequinum,0.061,0.061,-1,Echolocation,/mnt/ubna_data_02_mir/recover-20220922/UBNA_001/20220921_090000.WAV,Telephone Field,recover-20220922,001,1795
644.4365,644.4502,22890,27849,Nyctalus leisleri,0.015,0.028,-1,Echolocation,/mnt/ubna_data_02_mir/recover-20220922/UBNA_001/20220921_090000.WAV,Telephone Field,recover-20220922,001,1795
644.4455,644.4818,68437,81592,Rhinolophus ferrumequinum,0.026,0.026,-1,Echolocation,/mnt/ubna_data_02_mir/recover-20220922/UBNA_001/20220921_090000.WAV,Telephone Field,recover-20220922,001,1795
644.4635,644.4723,48671,52550,Pipistrellus pipistrellus,0.029,0.032,-1,Echolocation,/mnt/ubna_data_02_mir/recover-20220922/UBNA_001/20220921_090000.WAV,Telephone Field,recover-20220922,001,1795
644.4655,644.4723,28046,39432,Eptesicus serotinus,0.006,0.023,-1,Echolocation,/mnt/ubna_data_02_mir/recover-20220922/UBNA_001/20220921_090000.WAV,Telephone Field,recover-20220922,001,1795
644.5345,644.5754,68437,82294,Rhinolophus ferrumequinum,0.039,0.039,-1,Echolocation,/mnt/ubna_data_02_mir/recover-20220922/UBNA_001/20220921_090000.WAV,Telephone Field,recover-20220922,001,1795
644.5535,644.5903,68437,80988,Rhinolophus ferrumequinum,0.023,0.023,-1,Echolocation,/mnt/ubna_data_02_mir/recover-20220922/UBNA_001/20220921_090000.WAV,Telephone Field,recover-20220922,001,1795
644.5835,644.6024,18593,21572,Nyctalus leisleri,0.012,0.025,-1,Echolocation,/mnt/ubna_data_02_mir/recover-20220922/UBNA_001/20220921_090000.WAV,Telephone Field,recover-20220922,001,1795
644.5865,644.6277,68437,82588,Rhinolophus ferrumequinum,0.026,0.026,-1,Echolocation,/mnt/ubna_data_02_mir/recover-20220922/UBNA_001/20220921_090000.WAV,Telephone Field,recover-20220922,001,1795
644.6095,644.6485,68437,82040,Rhinolophus ferrumequinum,0.023,0.024,-1,Echolocation,/mnt/ubna_data_02_mir/recover-20220922/UBNA_001/20220921_090000.WAV,Telephone Field,recover-20220922,001,1795
644.6515,644.6892,68437,82009,Rhinolophus ferrumequinum,0.022,0.022,-1,Echolocation,/mnt/ubna_data_02_mir/recover-20220922/UBNA_001/20220921_090000.WAV,Telephone Field,recover-20220922,001,1795
644.6705,644.7111,68437,82044,Rhinolophus ferrumequinum,0.022,0.022,-1,Echolocation,/mnt/ubna_data_02_mir/recover-20220922/UBNA_001/20220921_090000.WAV,Telephone Field,recover-20220922,001,1795
644.6715,644.6793,25468,34998,Eptesicus serotinus,0.008,0.028,-1,Echolocation,/mnt/ubna_data_02_mir/recover-20220922/UBNA_001/20220921_090000.WAV,Telephone Field,recover-20220922,001,1795
644.7075,644.7451,68437,81723,Rhinolophus ferrumequinum,0.025,0.025,-1,Echolocation,/mnt/ubna_data_02_mir/recover-20220922/UBNA_001/20220921_090000.WAV,Telephone Field,recover-20220922,001,1795
644.7185,644.756,68437,81642,Rhinolophus ferrumequinum,0.026,0.026,-1,Echolocation,/mnt/ubna_data_02_mir/recover-20220922/UBNA_001/20220921_090000.WAV,Telephone Field,recover-20220922,001,1795
644.7295,644.7428,23750,27935,Nyctalus leisleri,0.02,0.034,-1,Echolocation,/mnt/ubna_data_02_mir/recover-20220922/UBNA_001/20220921_090000.WAV,Telephone Field,recover-20220922,001,1795
644.7715,644.8126,68437,81965,Rhinolophus ferrumequinum,0.027,0.027,-1,Echolocation,/mnt/ubna_data_02_mir/recover-20220922/UBNA_001/20220921_090000.WAV,Telephone Field,recover-20220922,001,1795
644.7775,644.7849,27187,36459,Eptesicus serotinus,0.008,0.026,-1,Echolocation,/mnt/ubna_data_02_mir/recover-20220922/UBNA_001/20220921_090000.WAV,Telephone Field,recover-20220922,001,1795
644.7775,644.7874,14296,22549,Nyctalus noctula,0.012,0.024,-1,Echolocation,/mnt/ubna_data_02_mir/recover-20220922/UBNA_001/20220921_090000.WAV,Telephone Field,recover-20220922,001,1795
644.7795,644.8224,68437,82757,Rhinolophus ferrumequinum,0.026,0.026,-1,Echolocation,/mnt/ubna_data_02_mir/recover-20220922/UBNA_001/20220921_090000.WAV,Telephone Field,recover-20220922,001,1795
644.8065,644.8429,68437,81140,Rhinolophus ferrumequinum,0.021,0.021,-1,Echolocation,/mnt/ubna_data_02_mir/recover-20220922/UBNA_001/20220921_090000.WAV,Telephone Field,recover-20220922,001,1795
644.8205,644.8599,68437,81720,Rhinolophus ferrumequinum,0.022,0.022,-1,Echolocation,/mnt/ubna_data_02_mir/recover-20220922/UBNA_001/20220921_090000.WAV,Telephone Field,recover-20220922,001,1795
644.8275,644.8649,68437,81438,Rhinolophus ferrumequinum,0.022,0.022,-1,Echolocation,/mnt/ubna_data_02_mir/recover-20220922/UBNA_001/20220921_090000.WAV,Telephone Field,recover-20220922,001,1795
644.8315,644.8395,28906,38128,Eptesicus serotinus,0.008,0.025,-1,Echolocation,/mnt/ubna_data_02_mir/recover-20220922/UBNA_001/20220921_090000.WAV,Telephone Field,recover-20220922,001,1795
644.8435,644.8801,68437,81474,Rhinolophus ferrumequinum,0.024,0.024,-1,Echolocation,/mnt/ubna_data_02_mir/recover-20220922/UBNA_001/20220921_090000.WAV,Telephone Field,recover-20220922,001,1795
644.9085,644.949,68437,82605,Rhinolophus ferrumequinum,0.034,0.034,-1,Echolocation,/mnt/ubna_data_02_mir/recover-20220922/UBNA_001/20220921_090000.WAV,Telephone Field,recover-20220922,001,1795
644.9325,644.9702,68437,81624,Rhinolophus ferrumequinum,0.023,0.023,-1,Echolocation,/mnt/ubna_data_02_mir/recover-20220922/UBNA_001/20220921_090000.WAV,Telephone Field,recover-20220922,001,1795
644.9675,644.998,68437,80163,Rhinolophus ferrumequinum,0.031,0.032,-1,Echolocation,/mnt/ubna_data_02_mir/recover-20220922/UBNA_001/20220921_090000.WAV,Telephone Field,recover-20220922,001,1795
644.9845,644.9946,23750,30441,Nyctalus leisleri,0.008,0.022,-1,Echolocation,/mnt/ubna_data_02_mir/recover-20220922/UBNA_001/20220921_090000.WAV,Telephone Field,recover-20220922,001,1795
644.9955,645.0036,28906,36946,Eptesicus serotinus,0.008,0.023,-1,Echolocation,/mnt/ubna_data_02_mir/recover-20220922/UBNA_001/20220921_090000.WAV,Telephone Field,recover-20220922,001,1795
645.0055,645.0486,68437,83146,Rhinolophus ferrumequinum,0.034,0.034,-1,Echolocation,/mnt/ubna_data_02_mir/recover-20220922/UBNA_001/20220921_090000.WAV,Telephone Field,recover-20220922,001,1795
645.0235,645.0627,68437,82503,Rhinolophus ferrumequinum,0.023,0.023,-1,Echolocation,/mnt/ubna_data_02_mir/recover-20220922/UBNA_001/20220921_090000.WAV,Telephone Field,recover-20220922,001,1795
645.0305,645.0391,28046,37067,Eptesicus serotinus,0.009,0.023,-1,Echolocation,/mnt/ubna_data_02_mir/recover-20220922/UBNA_001/20220921_090000.WAV,Telephone Field,recover-20220922,001,1795
645.0555,645.0969,68437,82780,Rhinolophus ferrumequinum,0.025,0.025,-1,Echolocation,/mnt/ubna_data_02_mir/recover-20220922/UBNA_001/20220921_090000.WAV,Telephone Field,recover-20220922,001,1795
645.0625,645.1005,68437,82880,Rhinolophus ferrumequinum,0.022,0.022,-1,Echolocation,/mnt/ubna_data_02_mir/recover-20220922/UBNA_001/20220921_090000.WAV,Telephone Field,recover-20220922,001,1795
645.0775,645.1191,68437,82951,Rhinolophus ferrumequinum,0.029,0.029,-1,Echolocation,/mnt/ubna_data_02_mir/recover-20220922/UBNA_001/20220921_090000.WAV,Telephone Field,recover-20220922,001,1795
645.0865,645.1239,68437,81975,Rhinolophus ferrumequinum,0.024,0.024,-1,Echolocation,/mnt/ubna_data_02_mir/recover-20220922/UBNA_001/20220921_090000.WAV,Telephone Field,recover-20220922,001,1795
645.0955,645.1023,27187,42783,Eptesicus serotinus,0.006,0.023,-1,Echolocation,/mnt/ubna_data_02_mir/recover-20220922/UBNA_001/20220921_090000.WAV,Telephone Field,recover-20220922,001,1795
645.1065,645.1494,68437,83016,Rhinolophus ferrumequinum,0.025,0.025,-1,Echolocation,/mnt/ubna_data_02_mir/recover-20220922/UBNA_001/20220921_090000.WAV,Telephone Field,recover-20220922,001,1795
645.1235,645.163,68437,81942,Rhinolophus ferrumequinum,0.023,0.023,-1,Echolocation,/mnt/ubna_data_02_mir/recover-20220922/UBNA_001/20220921_090000.WAV,Telephone Field,recover-20220922,001,1795
645.1325,645.1433,24609,30134,Nyctalus leisleri,0.014,0.036,-1,Echolocation,/mnt/ubna_data_02_mir/recover-20220922/UBNA_001/20220921_090000.WAV,Telephone Field,recover-20220922,001,1795
645.1385,645.1751,68437,81324,Rhinolophus ferrumequinum,0.022,0.022,-1,Echolocation,/mnt/ubna_data_02_mir/recover-20220922/UBNA_001/20220921_090000.WAV,Telephone Field,recover-20220922,001,1795
645.1455,645.1812,68437,80548,Rhinolophus ferrumequinum,0.023,0.023,-1,Echolocation,/mnt/ubna_data_02_mir/recover-20220922/UBNA_001/20220921_090000.WAV,Telephone Field,recover-20220922,001,1795
645.1545,645.1638,28046,36685,Eptesicus serotinus,0.011,0.024,-1,Echolocation,/mnt/ubna_data_02_mir/recover-20220922/UBNA_001/20220921_090000.WAV,Telephone Field,recover-20220922,001,1795
645.1745,645.1831999999999,23750,31456,Plecotus austriacus,0.006,0.022,-1,Echolocation,/mnt/ubna_data_02_mir/recover-20220922/UBNA_001/20220921_090000.WAV,Telephone Field,recover-20220922,001,1795
645.1985,645.2374,68437,81667,Rhinolophus ferrumequinum,0.023,0.024,-1,Echolocation,/mnt/ubna_data_02_mir/recover-20220922/UBNA_001/20220921_090000.WAV,Telephone Field,recover-20220922,001,1795
645.2085,645.2199,23750,29519,Nyctalus leisleri,0.012,0.026,-1,Echolocation,/mnt/ubna_data_02_mir/recover-20220922/UBNA_001/20220921_090000.WAV,Telephone Field,recover-20220922,001,1795
645.2305,645.2655,68437,80247,Rhinolophus ferrumequinum,0.023,0.024,-1,Echolocation,/mnt/ubna_data_02_mir/recover-20220922/UBNA_001/20220921_090000.WAV,Telephone Field,recover-20220922,001,1795
645.2355,645.2711,68437,80767,Rhinolophus ferrumequinum,0.023,0.023,-1,Echolocation,/mnt/ubna_data_02_mir/recover-20220922/UBNA_001/20220921_090000.WAV,Telephone Field,recover-20220922,001,1795
645.2385,645.2444,28046,37929,Eptesicus serotinus,0.006,0.024,-1,Echolocation,/mnt/ubna_data_02_mir/recover-20220922/UBNA_001/20220921_090000.WAV,Telephone Field,recover-20220922,001,1795
645.2425,645.2817,68437,82260,Rhinolophus ferrumequinum,0.024,0.024,-1,Echolocation,/mnt/ubna_data_02_mir/recover-20220922/UBNA_001/20220921_090000.WAV,Telephone Field,recover-20220922,001,1795
645.2525,645.2633,22890,27557,Nyctalus leisleri,0.019,0.039,-1,Echolocation,/mnt/ubna_data_02_mir/recover-20220922/UBNA_001/20220921_090000.WAV,Telephone Field,recover-20220922,001,1795
645.2575,645.2961,68437,81598,Rhinolophus ferrumequinum,0.022,0.023,-1,Echolocation,/mnt/ubna_data_02_mir/recover-20220922/UBNA_001/20220921_090000.WAV,Telephone Field,recover-20220922,001,1795
645.3025,645.3418,68437,82499,Rhinolophus ferrumequinum,0.024,0.024,-1,Echolocation,/mnt/ubna_data_02_mir/recover-20220922/UBNA_001/20220921_090000.WAV,Telephone Field,recover-20220922,001,1795
645.3075,645.3182,22031,26999,Nyctalus leisleri,0.01,0.021,-1,Echolocation,/mnt/ubna_data_02_mir/recover-20220922/UBNA_001/20220921_090000.WAV,Telephone Field,recover-20220922,001,1795
645.3385,645.3473,28046,37961,Eptesicus serotinus,0.008,0.023,-1,Echolocation,/mnt/ubna_data_02_mir/recover-20220922/UBNA_001/20220921_090000.WAV,Telephone Field,recover-20220922,001,1795
645.3725,645.3797,55546,62736,Pipistrellus pygmaeus,0.016,0.022,-1,Echolocation,/mnt/ubna_data_02_mir/recover-20220922/UBNA_001/20220921_090000.WAV,Telephone Field,recover-20220922,001,1795
645.3915,645.4312,68437,82492,Rhinolophus ferrumequinum,0.023,0.023,-1,Echolocation,/mnt/ubna_data_02_mir/recover-20220922/UBNA_001/20220921_090000.WAV,Telephone Field,recover-20220922,001,1795
645.4135,645.4534,68437,82211,Rhinolophus ferrumequinum,0.022,0.022,-1,Echolocation,/mnt/ubna_data_02_mir/recover-20220922/UBNA_001/20220921_090000.WAV,Telephone Field,recover-20220922,001,1795
645.4685,645.5075,68437,81968,Rhinolophus ferrumequinum,0.024,0.024,-1,Echolocation,/mnt/ubna_data_02_mir/recover-20220922/UBNA_001/20220921_090000.WAV,Telephone Field,recover-20220922,001,1795
645.4855,645.5269,68437,82585,Rhinolophus ferrumequinum,0.026,0.026,-1,Echolocation,/mnt/ubna_data_02_mir/recover-20220922/UBNA_001/20220921_090000.WAV,Telephone Field,recover-20220922,001,1795
645.4895,645.5031,14296,20499,Nyctalus noctula,0.022,0.032,-1,Echolocation,/mnt/ubna_data_02_mir/recover-20220922/UBNA_001/20220921_090000.WAV,Telephone Field,recover-20220922,001,1795
645.5045,645.5427,68437,82454,Rhinolophus ferrumequinum,0.022,0.022,-1,Echolocation,/mnt/ubna_data_02_mir/recover-20220922/UBNA_001/20220921_090000.WAV,Telephone Field,recover-20220922,001,1795
645.5155,645.5232,28046,38704,Eptesicus serotinus,0.007,0.023,-1,Echolocation,/mnt/ubna_data_02_mir/recover-20220922/UBNA_001/20220921_090000.WAV,Telephone Field,recover-20220922,001,1795
645.5395,645.5769,68437,81419,Rhinolophus ferrumequinum,0.025,0.025,-1,Echolocation,/mnt/ubna_data_02_mir/recover-20220922/UBNA_001/20220921_090000.WAV,Telephone Field,recover-20220922,001,1795
645.5835,645.5958,23750,28377,Nyctalus leisleri,0.013,0.025,-1,Echolocation,/mnt/ubna_data_02_mir/recover-20220922/UBNA_001/20220921_090000.WAV,Telephone Field,recover-20220922,001,1795
645.6185,645.6544,68437,81134,Rhinolophus ferrumequinum,0.022,0.022,-1,Echolocation,/mnt/ubna_data_02_mir/recover-20220922/UBNA_001/20220921_090000.WAV,Telephone Field,recover-20220922,001,1795
645.6305,645.6412,23750,29451,Nyctalus leisleri,0.01,0.024,-1,Echolocation,/mnt/ubna_data_02_mir/recover-20220922/UBNA_001/20220921_090000.WAV,Telephone Field,recover-20220922,001,1795
645.6385,645.6497,23750,29374,Nyctalus leisleri,0.012,0.025,-1,Echolocation,/mnt/ubna_data_02_mir/recover-20220922/UBNA_001/20220921_090000.WAV,Telephone Field,recover-20220922,001,1795
645.6395,645.6772,68437,82005,Rhinolophus ferrumequinum,0.03,0.031,-1,Echolocation,/mnt/ubna_data_02_mir/recover-20220922/UBNA_001/20220921_090000.WAV,Telephone Field,recover-20220922,001,1795
645.6685,645.7057,68437,80444,Rhinolophus ferrumequinum,0.022,0.022,-1,Echolocation,/mnt/ubna_data_02_mir/recover-20220922/UBNA_001/20220921_090000.WAV,Telephone Field,recover-20220922,001,1795
645.6865,645.7251,68437,82529,Rhinolophus ferrumequinum,0.022,0.022,-1,Echolocation,/mnt/ubna_data_02_mir/recover-20220922/UBNA_001/20220921_090000.WAV,Telephone Field,recover-20220922,001,1795
645.7005,645.7112,23750,29237,Nyctalus leisleri,0.009,0.022,-1,Echolocation,/mnt/ubna_data_02_mir/recover-20220922/UBNA_001/20220921_090000.WAV,Telephone Field,recover-20220922,001,1795
645.7305,645.7687,68437,81473,Rhinolophus ferrumequinum,0.025,0.026,-1,Echolocation,/mnt/ubna_data_02_mir/recover-20220922/UBNA_001/20220921_090000.WAV,Telephone Field,recover-20220922,001,1795
645.7725,645.8109,68437,82261,Rhinolophus ferrumequinum,0.028,0.028,-1,Echolocation,/mnt/ubna_data_02_mir/recover-20220922/UBNA_001/20220921_090000.WAV,Telephone Field,recover-20220922,001,1795
645.7835,645.8213,68437,82841,Rhinolophus ferrumequinum,0.022,0.022,-1,Echolocation,/mnt/ubna_data_02_mir/recover-20220922/UBNA_001/20220921_090000.WAV,Telephone Field,recover-20220922,001,1795
645.8045,645.8424,68437,81511,Rhinolophus ferrumequinum,0.025,0.025,-1,Echolocation,/mnt/ubna_data_02_mir/recover-20220922/UBNA_001/20220921_090000.WAV,Telephone Field,recover-20220922,001,1795
645.8305,645.8373,27187,36701,Eptesicus serotinus,0.008,0.025,-1,Echolocation,/mnt/ubna_data_02_mir/recover-20220922/UBNA_001/20220921_090000.WAV,Telephone Field,recover-20220922,001,1795
645.8535,645.8911,68437,82002,Rhinolophus ferrumequinum,0.022,0.022,-1,Echolocation,/mnt/ubna_data_02_mir/recover-20220922/UBNA_001/20220921_090000.WAV,Telephone Field,recover-20220922,001,1795
645.8735,645.8821,25468,33105,Eptesicus serotinus,0.007,0.022,-1,Echolocation,/mnt/ubna_data_02_mir/recover-20220922/UBNA_001/20220921_090000.WAV,Telephone Field,recover-20220922,001,1795
645.8885,645.9308,68437,82770,Rhinolophus ferrumequinum,0.036,0.036,-1,Echolocation,/mnt/ubna_data_02_mir/recover-20220922/UBNA_001/20220921_090000.WAV,Telephone Field,recover-20220922,001,1795
646.0015,646.0095,22890,29671,Nyctalus leisleri,0.012,0.033,-1,Echolocation,/mnt/ubna_data_02_mir/recover-20220922/UBNA_001/20220921_090000.WAV,Telephone Field,recover-20220922,001,1795
646.0015,646.0117,47812,52536,Pipistrellus pipistrellus,0.023,0.027,-1,Echolocation,/mnt/ubna_data_02_mir/recover-20220922/UBNA_001/20220921_090000.WAV,Telephone Field,recover-20220922,001,1795
646.0015,646.0378,68437,79888,Rhinolophus ferrumequinum,0.038,0.038,-1,Echolocation,/mnt/ubna_data_02_mir/recover-20220922/UBNA_001/20220921_090000.WAV,Telephone Field,recover-20220922,001,1795
646.0085,646.0532,68437,83069,Rhinolophus ferrumequinum,0.052,0.052,-1,Echolocation,/mnt/ubna_data_02_mir/recover-20220922/UBNA_001/20220921_090000.WAV,Telephone Field,recover-20220922,001,1795
646.0085,646.0173,50390,56114,Pipistrellus pipistrellus,0.018,0.024,-1,Echolocation,/mnt/ubna_data_02_mir/recover-20220922/UBNA_001/20220921_090000.WAV,Telephone Field,recover-20220922,001,1795
646.0385,646.0767,68437,80906,Rhinolophus ferrumequinum,0.029,0.029,-1,Echolocation,/mnt/ubna_data_02_mir/recover-20220922/UBNA_001/20220921_090000.WAV,Telephone Field,recover-20220922,001,1795
646.0485,646.0914,68437,82649,Rhinolophus ferrumequinum,0.03,0.03,-1,Echolocation,/mnt/ubna_data_02_mir/recover-20220922/UBNA_001/20220921_090000.WAV,Telephone Field,recover-20220922,001,1795
646.1175,646.1569,68437,82555,Rhinolophus ferrumequinum,0.024,0.024,-1,Echolocation,/mnt/ubna_data_02_mir/recover-20220922/UBNA_001/20220921_090000.WAV,Telephone Field,recover-20220922,001,1795
646.1715,646.2095,68437,82098,Rhinolophus ferrumequinum,0.026,0.026,-1,Echolocation,/mnt/ubna_data_02_mir/recover-20220922/UBNA_001/20220921_090000.WAV,Telephone Field,recover-20220922,001,1795
646.2035,646.2427,68437,82635,Rhinolophus ferrumequinum,0.022,0.022,-1,Echolocation,/mnt/ubna_data_02_mir/recover-20220922/UBNA_001/20220921_090000.WAV,Telephone Field,recover-20220922,001,1795
646.2605,646.2989,68437,82094,Rhinolophus ferrumequinum,0.022,0.022,-1,Echolocation,/mnt/ubna_data_02_mir/recover-20220922/UBNA_001/20220921_090000.WAV,Telephone Field,recover-20220922,001,1795
646.2625,646.2707,27187,39172,Eptesicus serotinus,0.008,0.022,-1,Echolocation,/mnt/ubna_data_02_mir/recover-20220922/UBNA_001/20220921_090000.WAV,Telephone Field,recover-20220922,001,1795
646.2925,646.3302,68437,81753,Rhinolophus ferrumequinum,0.022,0.022,-1,Echolocation,/mnt/ubna_data_02_mir/recover-20220922/UBNA_001/20220921_090000.WAV,Telephone Field,recover-20220922,001,1795
646.3275,646.3663,68437,82187,Rhinolophus ferrumequinum,0.024,0.024,-1,Echolocation,/mnt/ubna_data_02_mir/recover-20220922/UBNA_001/20220921_090000.WAV,Telephone Field,recover-20220922,001,1795
646.3535,646.362,22890,30715,Plecotus austriacus,0.012,0.025,-1,Echolocation,/mnt/ubna_data_02_mir/recover-20220922/UBNA_001/20220921_090000.WAV,Telephone Field,recover-20220922,001,1795
646.3745,646.3805,49531,56475,Pipistrellus pipistrellus,0.022,0.026,-1,Echolocation,/mnt/ubna_data_02_mir/recover-20220922/UBNA_001/20220921_090000.WAV,Telephone Field,recover-20220922,001,1795
646.3955,646.4331,68437,81859,Rhinolophus ferrumequinum,0.022,0.022,-1,Echolocation,/mnt/ubna_data_02_mir/recover-20220922/UBNA_001/20220921_090000.WAV,Telephone Field,recover-20220922,001,1795
646.3955,646.4042,15156,24409,Plecotus auritus,0.009,0.022,-1,Echolocation,/mnt/ubna_data_02_mir/recover-20220922/UBNA_001/20220921_090000.WAV,Telephone Field,recover-20220922,001,1795
646.4445,646.4868,68437,82626,Rhinolophus ferrumequinum,0.023,0.023,-1,Echolocation,/mnt/ubna_data_02_mir/recover-20220922/UBNA_001/20220921_090000.WAV,Telephone Field,recover-20220922,001,1795
646.4465,646.4592,22890,28800,Nyctalus leisleri,0.025,0.051,-1,Echolocation,/mnt/ubna_data_02_mir/recover-20220922/UBNA_001/20220921_090000.WAV,Telephone Field,recover-20220922,001,1795
646.4635,646.5045,68437,83162,Rhinolophus ferrumequinum,0.022,0.022,-1,Echolocation,/mnt/ubna_data_02_mir/recover-20220922/UBNA_001/20220921_090000.WAV,Telephone Field,recover-20220922,001,1795
646.4845,646.5022,20312,22915,Nyctalus leisleri,0.029,0.049,-1,Echolocation,/mnt/ubna_data_02_mir/recover-20220922/UBNA_001/20220921_090000.WAV,Telephone Field,recover-20220922,001,1795
646.5045,646.5138,28046,38269,Eptesicus serotinus,0.009,0.023,-1,Echolocation,/mnt/ubna_data_02_mir/recover-20220922/UBNA_001/20220921_090000.WAV,Telephone Field,recover-20220922,001,1795
646.5155,646.5248,28046,36803,Eptesicus serotinus,0.009,0.025,-1,Echolocation,/mnt/ubna_data_02_mir/recover-20220922/UBNA_001/20220921_090000.WAV,Telephone Field,recover-20220922,001,1795
646.5365,646.577,68437,82862,Rhinolophus ferrumequinum,0.026,0.026,-1,Echolocation,/mnt/ubna_data_02_mir/recover-20220922/UBNA_001/20220921_090000.WAV,Telephone Field,recover-20220922,001,1795
646.5655,646.603,68437,81798,Rhinolophus ferrumequinum,0.023,0.023,-1,Echolocation,/mnt/ubna_data_02_mir/recover-20220922/UBNA_001/20220921_090000.WAV,Telephone Field,recover-20220922,001,1795
646.6445,646.6843,68437,82987,Rhinolophus ferrumequinum,0.03,0.03,-1,Echolocation,/mnt/ubna_data_02_mir/recover-20220922/UBNA_001/20220921_090000.WAV,Telephone Field,recover-20220922,001,1795
646.6785,646.6902,23750,28912,Nyctalus leisleri,0.012,0.023,-1,Echolocation,/mnt/ubna_data_02_mir/recover-20220922/UBNA_001/20220921_090000.WAV,Telephone Field,recover-20220922,001,1795
646.6785,646.7183,68437,82540,Rhinolophus ferrumequinum,0.024,0.024,-1,Echolocation,/mnt/ubna_data_02_mir/recover-20220922/UBNA_001/20220921_090000.WAV,Telephone Field,recover-20220922,001,1795
646.7025,646.7394,68437,82220,Rhinolophus ferrumequinum,0.028,0.028,-1,Echolocation,/mnt/ubna_data_02_mir/recover-20220922/UBNA_001/20220921_090000.WAV,Telephone Field,recover-20220922,001,1795
646.7135,646.7312,20312,22839,Nyctalus leisleri,0.014,0.022,-1,Echolocation,/mnt/ubna_data_02_mir/recover-20220922/UBNA_001/20220921_090000.WAV,Telephone Field,recover-20220922,001,1795
646.7155,646.7551,68437,82092,Rhinolophus ferrumequinum,0.022,0.022,-1,Echolocation,/mnt/ubna_data_02_mir/recover-20220922/UBNA_001/20220921_090000.WAV,Telephone Field,recover-20220922,001,1795
646.7535,646.7618,24609,32810,Plecotus austriacus,0.007,0.022,-1,Echolocation,/mnt/ubna_data_02_mir/recover-20220922/UBNA_001/20220921_090000.WAV,Telephone Field,recover-20220922,001,1795
646.7685,646.8062,68437,82141,Rhinolophus ferrumequinum,0.024,0.024,-1,Echolocation,/mnt/ubna_data_02_mir/recover-20220922/UBNA_001/20220921_090000.WAV,Telephone Field,recover-20220922,001,1795
646.7805,646.7889,28046,37690,Eptesicus serotinus,0.009,0.024,-1,Echolocation,/mnt/ubna_data_02_mir/recover-20220922/UBNA_001/20220921_090000.WAV,Telephone Field,recover-20220922,001,1795
646.7905,646.807,20312,22999,Nyctalus leisleri,0.016,0.027,-1,Echolocation,/mnt/ubna_data_02_mir/recover-20220922/UBNA_001/20220921_090000.WAV,Telephone Field,recover-20220922,001,1795
646.8085,646.8158,24609,33508,Plecotus austriacus,0.009,0.024,-1,Echolocation,/mnt/ubna_data_02_mir/recover-20220922/UBNA_001/20220921_090000.WAV,Telephone Field,recover-20220922,001,1795
646.8145,646.8513,68437,81395,Rhinolophus ferrumequinum,0.023,0.023,-1,Echolocation,/mnt/ubna_data_02_mir/recover-20220922/UBNA_001/20220921_090000.WAV,Telephone Field,recover-20220922,001,1795
646.8405,646.849,23750,31426,Plecotus austriacus,0.006,0.023,-1,Echolocation,/mnt/ubna_data_02_mir/recover-20220922/UBNA_001/20220921_090000.WAV,Telephone Field,recover-20220922,001,1795
646.8445,646.8851,68437,83001,Rhinolophus ferrumequinum,0.038,0.038,-1,Echolocation,/mnt/ubna_data_02_mir/recover-20220922/UBNA_001/20220921_090000.WAV,Telephone Field,recover-20220922,001,1795
646.8555,646.8922,68437,81611,Rhinolophus ferrumequinum,0.022,0.023,-1,Echolocation,/mnt/ubna_data_02_mir/recover-20220922/UBNA_001/20220921_090000.WAV,Telephone Field,recover-20220922,001,1795
646.8785,646.9198,68437,82924,Rhinolophus ferrumequinum,0.029,0.029,-1,Echolocation,/mnt/ubna_data_02_mir/recover-20220922/UBNA_001/20220921_090000.WAV,Telephone Field,recover-20220922,001,1795
646.9135,646.9529,68437,82744,Rhinolophus ferrumequinum,0.029,0.029,-1,Echolocation,/mnt/ubna_data_02_mir/recover-20220922/UBNA_001/20220921_090000.WAV,Telephone Field,recover-20220922,001,1795
646.9655,647.0046,68437,82809,Rhinolophus ferrumequinum,0.022,0.022,-1,Echolocation,/mnt/ubna_data_02_mir/recover-20220922/UBNA_001/20220921_090000.WAV,Telephone Field,recover-20220922,001,1795
646.9965,647.0066,22031,27902,Nyctalus leisleri,0.01,0.027,-1,Echolocation,/mnt/ubna_data_02_mir/recover-20220922/UBNA_001/20220921_090000.WAV,Telephone Field,recover-20220922,001,1795
647.0425,647.0834,68437,82361,Rhinolophus ferrumequinum,0.026,0.026,-1,Echolocation,/mnt/ubna_data_02_mir/recover-20220922/UBNA_001/20220921_090000.WAV,Telephone Field,recover-20220922,001,1795
647.0795,647.1189,68437,82442,Rhinolophus ferrumequinum,0.027,0.027,-1,Echolocation,/mnt/ubna_data_02_mir/recover-20220922/UBNA_001/20220921_090000.WAV,Telephone Field,recover-20220922,001,1795
647.1075,647.1443,68437,81198,Rhinolophus ferrumequinum,0.024,0.024,-1,Echolocation,/mnt/ubna_data_02_mir/recover-20220922/UBNA_001/20220921_090000.WAV,Telephone Field,recover-20220922,001,1795
647.1135,647.124,22890,28492,Nyctalus leisleri,0.01,0.023,-1,Echolocation,/mnt/ubna_data_02_mir/recover-20220922/UBNA_001/20220921_090000.WAV,Telephone Field,recover-20220922,001,1795
647.1225,647.1387,20312,23484,Nyctalus leisleri,0.014,0.025,-1,Echolocation,/mnt/ubna_data_02_mir/recover-20220922/UBNA_001/20220921_090000.WAV,Telephone Field,recover-20220922,001,1795
647.1465,647.1871,68437,82195,Rhinolophus ferrumequinum,0.028,0.028,-1,Echolocation,/mnt/ubna_data_02_mir/recover-20220922/UBNA_001/20220921_090000.WAV,Telephone Field,recover-20220922,001,1795
647.1805,647.1919,14296,19821,Nyctalus noctula,0.013,0.025,-1,Echolocation,/mnt/ubna_data_02_mir/recover-20220922/UBNA_001/20220921_090000.WAV,Telephone Field,recover-20220922,001,1795
647.1985,647.2066,28046,38320,Eptesicus serotinus,0.009,0.027,-1,Echolocation,/mnt/ubna_data_02_mir/recover-20220922/UBNA_001/20220921_090000.WAV,Telephone Field,recover-20220922,001,1795
647.2055,647.2443,68437,81802,Rhinolophus ferrumequinum,0.024,0.024,-1,Echolocation,/mnt/ubna_data_02_mir/recover-20220922/UBNA_001/20220921_090000.WAV,Telephone Field,recover-20220922,001,1795
647.2265,647.2644,68437,82246,Rhinolophus ferrumequinum,0.022,0.022,-1,Echolocation,/mnt/ubna_data_02_mir/recover-20220922/UBNA_001/20220921_090000.WAV,Telephone Field,recover-20220922,001,1795
647.2585,647.2974,68437,82419,Rhinolophus ferrumequinum,0.028,0.028,-1,Echolocation,/mnt/ubna_data_02_mir/recover-20220922/UBNA_001/20220921_090000.WAV,Telephone Field,recover-20220922,001,1795
647.2855,647.3285,68437,83053,Rhinolophus ferrumequinum,0.051,0.051,-1,Echolocation,/mnt/ubna_data_02_mir/recover-20220922/UBNA_001/20220921_090000.WAV,Telephone Field,recover-20220922,001,1795
647.3115,647.3462,68437,80958,Rhinolophus ferrumequinum,0.022,0.022,-1,Echolocation,/mnt/ubna_data_02_mir/recover-20220922/UBNA_001/20220921_090000.WAV,Telephone Field,recover-20220922,001,1795
647.3385,647.3475,24609,31983,Nyctalus leisleri,0.008,0.025,-1,Echolocation,/mnt/ubna_data_02_mir/recover-20220922/UBNA_001/20220921_090000.WAV,Telephone Field,recover-20220922,001,1795
647.3715,647.3792,27187,39275,Eptesicus serotinus,0.01,0.03,-1,Echolocation,/mnt/ubna_data_02_mir/recover-20220922/UBNA_001/20220921_090000.WAV,Telephone Field,recover-20220922,001,1795
647.3835,647.4211,68437,82305,Rhinolophus ferrumequinum,0.024,0.024,-1,Echolocation,/mnt/ubna_data_02_mir/recover-20220922/UBNA_001/20220921_090000.WAV,Telephone Field,recover-20220922,001,1795
647.3925,647.4038,28046,34503,Eptesicus serotinus,0.015,0.029,-1,Echolocation,/mnt/ubna_data_02_mir/recover-20220922/UBNA_001/20220921_090000.WAV,Telephone Field,recover-20220922,001,1795
647.4335,647.475,68437,82925,Rhinolophus ferrumequinum,0.027,0.027,-1,Echolocation,/mnt/ubna_data_02_mir/recover-20220922/UBNA_001/20220921_090000.WAV,Telephone Field,recover-20220922,001,1795
647.4605,647.4987,68437,81942,Rhinolophus ferrumequinum,0.023,0.023,-1,Echolocation,/mnt/ubna_data_02_mir/recover-20220922/UBNA_001/20220921_090000.WAV,Telephone Field,recover-20220922,001,1795
647.4685,647.5098,68437,82499,Rhinolophus ferrumequinum,0.025,0.025,-1,Echolocation,/mnt/ubna_data_02_mir/recover-20220922/UBNA_001/20220921_090000.WAV,Telephone Field,recover-20220922,001,1795
647.4885,647.4985,24609,31688,Eptesicus serotinus,0.009,0.024,-1,Echolocation,/mnt/ubna_data_02_mir/recover-20220922/UBNA_001/20220921_090000.WAV,Telephone Field,recover-20220922,001,1795
647.5115,647.5534,68437,82256,Rhinolophus ferrumequinum,0.035,0.035,-1,Echolocation,/mnt/ubna_data_02_mir/recover-20220922/UBNA_001/20220921_090000.WAV,Telephone Field,recover-20220922,001,1795
647.5565,647.567,22890,27698,Nyctalus leisleri,0.012,0.027,-1,Echolocation,/mnt/ubna_data_02_mir/recover-20220922/UBNA_001/20220921_090000.WAV,Telephone Field,recover-20220922,001,1795
647.5585,647.5947,68437,81850,Rhinolophus ferrumequinum,0.022,0.022,-1,Echolocation,/mnt/ubna_data_02_mir/recover-20220922/UBNA_001/20220921_090000.WAV,Telephone Field,recover-20220922,001,1795
647.5805,647.5896,23750,31041,Plecotus austriacus,0.008,0.027,-1,Echolocation,/mnt/ubna_data_02_mir/recover-20220922/UBNA_001/20220921_090000.WAV,Telephone Field,recover-20220922,001,1795
647.5885,647.6277,68437,82841,Rhinolophus ferrumequinum,0.028,0.028,-1,Echolocation,/mnt/ubna_data_02_mir/recover-20220922/UBNA_001/20220921_090000.WAV,Telephone Field,recover-20220922,001,1795
647.5905,647.5992,28046,37204,Eptesicus serotinus,0.009,0.022,-1,Echolocation,/mnt/ubna_data_02_mir/recover-20220922/UBNA_001/20220921_090000.WAV,Telephone Field,recover-20220922,001,1795
647.6265,647.6374,22890,27644,Nyctalus leisleri,0.016,0.03,-1,Echolocation,/mnt/ubna_data_02_mir/recover-20220922/UBNA_001/20220921_090000.WAV,Telephone Field,recover-20220922,001,1795
647.6555,647.6943,68437,82022,Rhinolophus ferrumequinum,0.022,0.022,-1,Echolocation,/mnt/ubna_data_02_mir/recover-20220922/UBNA_001/20220921_090000.WAV,Telephone Field,recover-20220922,001,1795
647.6695,647.6787,28046,36121,Eptesicus serotinus,0.011,0.026,-1,Echolocation,/mnt/ubna_data_02_mir/recover-20220922/UBNA_001/20220921_090000.WAV,Telephone Field,recover-20220922,001,1795
647.6695,647.7098,68437,82632,Rhinolophus ferrumequinum,0.03,0.03,-1,Echolocation,/mnt/ubna_data_02_mir/recover-20220922/UBNA_001/20220921_090000.WAV,Telephone Field,recover-20220922,001,1795
647.7385,647.7756,68437,81168,Rhinolophus ferrumequinum,0.024,0.024,-1,Echolocation,/mnt/ubna_data_02_mir/recover-20220922/UBNA_001/20220921_090000.WAV,Telephone Field,recover-20220922,001,1795
647.7645,647.8047,68437,82599,Rhinolophus ferrumequinum,0.024,0.024,-1,Echolocation,/mnt/ubna_data_02_mir/recover-20220922/UBNA_001/20220921_090000.WAV,Telephone Field,recover-20220922,001,1795
647.7755,647.7866,23750,29735,Nyctalus leisleri,0.012,0.027,-1,Echolocation,/mnt/ubna_data_02_mir/recover-20220922/UBNA_001/20220921_090000.WAV,Telephone Field,recover-20220922,001,1795
647.8295,647.8384,28906,37018,Eptesicus serotinus,0.008,0.022,-1,Echolocation,/mnt/ubna_data_02_mir/recover-20220922/UBNA_001/20220921_090000.WAV,Telephone Field,recover-20220922,001,1795
647.9205,647.958,68437,81926,Rhinolophus ferrumequinum,0.022,0.022,-1,Echolocation,/mnt/ubna_data_02_mir/recover-20220922/UBNA_001/20220921_090000.WAV,Telephone Field,recover-20220922,001,1795
648.0015,648.0172,18593,22435,Nyctalus leisleri,0.028,0.053,-1,Echolocation,/mnt/ubna_data_02_mir/recover-20220922/UBNA_001/20220921_090000.WAV,Telephone Field,recover-20220922,001,1795
648.0015,648.0091,26328,37693,Nyctalus leisleri,0.005,0.025,-1,Echolocation,/mnt/ubna_data_02_mir/recover-20220922/UBNA_001/20220921_090000.WAV,Telephone Field,recover-20220922,001,1795
648.0015,648.0108,48671,56921,Pipistrellus pipistrellus,0.021,0.027,-1,Echolocation,/mnt/ubna_data_02_mir/recover-20220922/UBNA_001/20220921_090000.WAV,Telephone Field,recover-20220922,001,1795
648.0015,648.0303,68437,81309,Rhinolophus ferrumequinum,0.031,0.032,-1,Echolocation,/mnt/ubna_data_02_mir/recover-20220922/UBNA_001/20220921_090000.WAV,Telephone Field,recover-20220922,001,1795
648.0175,648.0272,50390,55496,Pipistrellus pipistrellus,0.019,0.025,-1,Echolocation,/mnt/ubna_data_02_mir/recover-20220922/UBNA_001/20220921_090000.WAV,Telephone Field,recover-20220922,001,1795
648.0335,648.0444,23750,28724,Nyctalus leisleri,0.01,0.021,-1,Echolocation,/mnt/ubna_data_02_mir/recover-20220922/UBNA_001/20220921_090000.WAV,Telephone Field,recover-20220922,001,1795
648.0335,648.0711,68437,81653,Rhinolophus ferrumequinum,0.02,0.02,-1,Echolocation,/mnt/ubna_data_02_mir/recover-20220922/UBNA_001/20220921_090000.WAV,Telephone Field,recover-20220922,001,1795
648.0725,648.0794,27187,38938,Eptesicus serotinus,0.005,0.019,-1,Echolocation,/mnt/ubna_data_02_mir/recover-20220922/UBNA_001/20220921_090000.WAV,Telephone Field,recover-20220922,001,1795
648.1055,648.115,24609,31816,Eptesicus serotinus,0.009,0.028,-1,Echolocation,/mnt/ubna_data_02_mir/recover-20220922/UBNA_001/20220921_090000.WAV,Telephone Field,recover-20220922,001,1795
648.1765,648.2153,68437,82303,Rhinolophus ferrumequinum,0.025,0.025,-1,Echolocation,/mnt/ubna_data_02_mir/recover-20220922/UBNA_001/20220921_090000.WAV,Telephone Field,recover-20220922,001,1795
648.2185,648.2564,68437,81868,Rhinolophus ferrumequinum,0.021,0.021,-1,Echolocation,/mnt/ubna_data_02_mir/recover-20220922/UBNA_001/20220921_090000.WAV,Telephone Field,recover-20220922,001,1795
648.2535,648.2616,23750,31600,Plecotus austriacus,0.01,0.024,-1,Echolocation,/mnt/ubna_data_02_mir/recover-20220922/UBNA_001/20220921_090000.WAV,Telephone Field,recover-20220922,001,1795
648.2635,648.3032,68437,81974,Rhinolophus ferrumequinum,0.021,0.021,-1,Echolocation,/mnt/ubna_data_02_mir/recover-20220922/UBNA_001/20220921_090000.WAV,Telephone Field,recover-20220922,001,1795
648.2715,648.308,68437,81557,Rhinolophus ferrumequinum,0.021,0.021,-1,Echolocation,/mnt/ubna_data_02_mir/recover-20220922/UBNA_001/20220921_090000.WAV,Telephone Field,recover-20220922,001,1795
648.3615,648.3679,28046,38256,Eptesicus serotinus,0.01,0.037,-1,Echolocation,/mnt/ubna_data_02_mir/recover-20220922/UBNA_001/20220921_090000.WAV,Telephone Field,recover-20220922,001,1795
648.4265,648.4366,29765,38462,Eptesicus serotinus,0.008,0.019,-1,Echolocation,/mnt/ubna_data_02_mir/recover-20220922/UBNA_001/20220921_090000.WAV,Telephone Field,recover-20220922,001,1795
648.4285,648.4674,68437,82255,Rhinolophus ferrumequinum,0.022,0.022,-1,Echolocation,/mnt/ubna_data_02_mir/recover-20220922/UBNA_001/20220921_090000.WAV,Telephone Field,recover-20220922,001,1795
648.4435,648.4797,68437,81467,Rhinolophus ferrumequinum,0.02,0.02,-1,Echolocation,/mnt/ubna_data_02_mir/recover-20220922/UBNA_001/20220921_090000.WAV,Telephone Field,recover-20220922,001,1795
648.4545,648.4925,68437,83022,Rhinolophus ferrumequinum,0.029,0.029,-1,Echolocation,/mnt/ubna_data_02_mir/recover-20220922/UBNA_001/20220921_090000.WAV,Telephone Field,recover-20220922,001,1795
648.4555,648.4633,26328,35446,Eptesicus serotinus,0.008,0.024,-1,Echolocation,/mnt/ubna_data_02_mir/recover-20220922/UBNA_001/20220921_090000.WAV,Telephone Field,recover-20220922,001,1795
648.4615,648.4982,68437,82466,Rhinolophus ferrumequinum,0.027,0.027,-1,Echolocation,/mnt/ubna_data_02_mir/recover-20220922/UBNA_001/20220921_090000.WAV,Telephone Field,recover-20220922,001,1795
648.5175,648.5572,68437,82544,Rhinolophus ferrumequinum,0.02,0.02,-1,Echolocation,/mnt/ubna_data_02_mir/recover-20220922/UBNA_001/20220921_090000.WAV,Telephone Field,recover-20220922,001,1795
648.5525,648.5928,68437,82854,Rhinolophus ferrumequinum,0.02,0.02,-1,Echolocation,/mnt/ubna_data_02_mir/recover-20220922/UBNA_001/20220921_090000.WAV,Telephone Field,recover-20220922,001,1795
648.5825,648.6185,68437,80981,Rhinolophus ferrumequinum,0.02,0.02,-1,Echolocation,/mnt/ubna_data_02_mir/recover-20220922/UBNA_001/20220921_090000.WAV,Telephone Field,recover-20220922,001,1795
648.6765,648.7157,68437,82383,Rhinolophus ferrumequinum,0.019,0.019,-1,Echolocation,/mnt/ubna_data_02_mir/recover-20220922/UBNA_001/20220921_090000.WAV,Telephone Field,recover-20220922,001,1795
648.6895,648.6994,24609,31793,Nyctalus leisleri,0.008,0.024,-1,Echolocation,/mnt/ubna_data_02_mir/recover-20220922/UBNA_001/20220921_090000.WAV,Telephone Field,recover-20220922,001,1795
648.7165,648.7537,68437,81843,Rhinolophus ferrumequinum,0.02,0.021,-1,Echolocation,/mnt/ubna_data_02_mir/recover-20220922/UBNA_001/20220921_090000.WAV,Telephone Field,recover-20220922,001,1795
648.7725,648.8059,68437,80692,Rhinolophus ferrumequinum,0.021,0.021,-1,Echolocation,/mnt/ubna_data_02_mir/recover-20220922/UBNA_001/20220921_090000.WAV,Telephone Field,recover-20220922,001,1795
648.7815,648.8131,68437,80870,Rhinolophus ferrumequinum,0.021,0.022,-1,Echolocation,/mnt/ubna_data_02_mir/recover-20220922/UBNA_001/20220921_090000.WAV,Telephone Field,recover-20220922,001,1795
648.7865,648.7956,28046,38355,Eptesicus serotinus,0.009,0.022,-1,Echolocation,/mnt/ubna_data_02_mir/recover-20220922/UBNA_001/20220921_090000.WAV,Telephone Field,recover-20220922,001,1795
648.8065,648.8479,68437,83350,Rhinolophus ferrumequinum,0.025,0.025,-1,Echolocation,/mnt/ubna_data_02_mir/recover-20220922/UBNA_001/20220921_090000.WAV,Telephone Field,recover-20220922,001,1795
648.8115,648.8528,68437,82908,Rhinolophus ferrumequinum,0.025,0.025,-1,Echolocation,/mnt/ubna_data_02_mir/recover-20220922/UBNA_001/20220921_090000.WAV,Telephone Field,recover-20220922,001,1795
648.8485000000001,648.8867,68437,82058,Rhinolophus ferrumequinum,0.02,0.021,-1,Echolocation,/mnt/ubna_data_02_mir/recover-20220922/UBNA_001/20220921_090000.WAV,Telephone Field,recover-20220922,001,1795
648.8865,648.9254,68437,82107,Rhinolophus ferrumequinum,0.022,0.022,-1,Echolocation,/mnt/ubna_data_02_mir/recover-20220922/UBNA_001/20220921_090000.WAV,Telephone Field,recover-20220922,001,1795
648.8945,648.9335,68437,81422,Rhinolophus ferrumequinum,0.02,0.02,-1,Echolocation,/mnt/ubna_data_02_mir/recover-20220922/UBNA_001/20220921_090000.WAV,Telephone Field,recover-20220922,001,1795
648.9225,648.9308,28046,39837,Eptesicus serotinus,0.007,0.019,-1,Echolocation,/mnt/ubna_data_02_mir/recover-20220922/UBNA_001/20220921_090000.WAV,Telephone Field,recover-20220922,001,1795
649.0325,649.0426,25468,33039,Eptesicus serotinus,0.009,0.02,-1,Echolocation,/mnt/ubna_data_02_mir/recover-20220922/UBNA_001/20220921_090000.WAV,Telephone Field,recover-20220922,001,1795
649.0605,649.0691,28046,37604,Eptesicus serotinus,0.008,0.021,-1,Echolocation,/mnt/ubna_data_02_mir/recover-20220922/UBNA_001/20220921_090000.WAV,Telephone Field,recover-20220922,001,1795
649.1195,649.1608,68437,82929,Rhinolophus ferrumequinum,0.024,0.025,-1,Echolocation,/mnt/ubna_data_02_mir/recover-20220922/UBNA_001/20220921_090000.WAV,Telephone Field,recover-20220922,001,1795
649.1805,649.219,68437,81680,Rhinolophus ferrumequinum,0.02,0.02,-1,Echolocation,/mnt/ubna_data_02_mir/recover-20220922/UBNA_001/20220921_090000.WAV,Telephone Field,recover-20220922,001,1795
649.1955,649.233,68437,81299,Rhinolophus ferrumequinum,0.021,0.021,-1,Echolocation,/mnt/ubna_data_02_mir/recover-20220922/UBNA_001/20220921_090000.WAV,Telephone Field,recover-20220922,001,1795
649.2125,649.2535,68437,82628,Rhinolophus ferrumequinum,0.026,0.026,-1,Echolocation,/mnt/ubna_data_02_mir/recover-20220922/UBNA_001/20220921_090000.WAV,Telephone Field,recover-20220922,001,1795
649.2615,649.2995,68437,82242,Rhinolophus ferrumequinum,0.021,0.021,-1,Echolocation,/mnt/ubna_data_02_mir/recover-20220922/UBNA_001/20220921_090000.WAV,Telephone Field,recover-20220922,001,1795
649.2845,649.2942,23750,31319,Nyctalus leisleri,0.008,0.026,-1,Echolocation,/mnt/ubna_data_02_mir/recover-20220922/UBNA_001/20220921_090000.WAV,Telephone Field,recover-20220922,001,1795
649.2955,649.3341,68437,81990,Rhinolophus ferrumequinum,0.019,0.02,-1,Echolocation,/mnt/ubna_data_02_mir/recover-20220922/UBNA_001/20220921_090000.WAV,Telephone Field,recover-20220922,001,1795
649.3295,649.3396,28906,36196,Eptesicus serotinus,0.009,0.022,-1,Echolocation,/mnt/ubna_data_02_mir/recover-20220922/UBNA_001/20220921_090000.WAV,Telephone Field,recover-20220922,001,1795
649.3445,649.3815,68437,82054,Rhinolophus ferrumequinum,0.029,0.029,-1,Echolocation,/mnt/ubna_data_02_mir/recover-20220922/UBNA_001/20220921_090000.WAV,Telephone Field,recover-20220922,001,1795
649.3855,649.3926,24609,33877,Plecotus austriacus,0.011,0.027,-1,Echolocation,/mnt/ubna_data_02_mir/recover-20220922/UBNA_001/20220921_090000.WAV,Telephone Field,recover-20220922,001,1795
649.3855,649.392,29765,37659,Eptesicus serotinus,0.007,0.026,-1,Echolocation,/mnt/ubna_data_02_mir/recover-20220922/UBNA_001/20220921_090000.WAV,Telephone Field,recover-20220922,001,1795
649.4225,649.4601,68437,80704,Rhinolophus ferrumequinum,0.02,0.02,-1,Echolocation,/mnt/ubna_data_02_mir/recover-20220922/UBNA_001/20220921_090000.WAV,Telephone Field,recover-20220922,001,1795
649.4375,649.4456,28046,37435,Eptesicus serotinus,0.007,0.02,-1,Echolocation,/mnt/ubna_data_02_mir/recover-20220922/UBNA_001/20220921_090000.WAV,Telephone Field,recover-20220922,001,1795
649.4395,649.4762,68437,81927,Rhinolophus ferrumequinum,0.024,0.024,-1,Echolocation,/mnt/ubna_data_02_mir/recover-20220922/UBNA_001/20220921_090000.WAV,Telephone Field,recover-20220922,001,1795
649.4475,649.4572000000001,22031,26791,Nyctalus leisleri,0.009,0.021,-1,Echolocation,/mnt/ubna_data_02_mir/recover-20220922/UBNA_001/20220921_090000.WAV,Telephone Field,recover-20220922,001,1795
649.4705,649.4773,28046,38325,Eptesicus serotinus,0.009,0.032,-1,Echolocation,/mnt/ubna_data_02_mir/recover-20220922/UBNA_001/20220921_090000.WAV,Telephone Field,recover-20220922,001,1795
649.4745,649.5159,68437,82796,Rhinolophus ferrumequinum,0.022,0.022,-1,Echolocation,/mnt/ubna_data_02_mir/recover-20220922/UBNA_001/20220921_090000.WAV,Telephone Field,recover-20220922,001,1795
649.4915,649.5049,24609,29965,Nyctalus leisleri,0.013,0.029,-1,Echolocation,/mnt/ubna_data_02_mir/recover-20220922/UBNA_001/20220921_090000.WAV,Telephone Field,recover-20220922,001,1795
649.5155,649.5247,28046,38200,Eptesicus serotinus,0.008,0.019,-1,Echolocation,/mnt/ubna_data_02_mir/recover-20220922/UBNA_001/20220921_090000.WAV,Telephone Field,recover-20220922,001,1795
649.5505,649.5895,68437,81988,Rhinolophus ferrumequinum,0.021,0.021,-1,Echolocation,/mnt/ubna_data_02_mir/recover-20220922/UBNA_001/20220921_090000.WAV,Telephone Field,recover-20220922,001,1795
649.5705,649.6048,68437,81234,Rhinolophus ferrumequinum,0.023,0.023,-1,Echolocation,/mnt/ubna_data_02_mir/recover-20220922/UBNA_001/20220921_090000.WAV,Telephone Field,recover-20220922,001,1795
649.5805,649.5925,21171,25516,Nyctalus leisleri,0.013,0.026,-1,Echolocation,/mnt/ubna_data_02_mir/recover-20220922/UBNA_001/20220921_090000.WAV,Telephone Field,recover-20220922,001,1795
649.6065,649.6417,68437,80565,Rhinolophus ferrumequinum,0.022,0.022,-1,Echolocation,/mnt/ubna_data_02_mir/recover-20220922/UBNA_001/20220921_090000.WAV,Telephone Field,recover-20220922,001,1795
649.6215,649.6612,68437,82599,Rhinolophus ferrumequinum,0.021,0.021,-1,Echolocation,/mnt/ubna_data_02_mir/recover-20220922/UBNA_001/20220921_090000.WAV,Telephone Field,recover-20220922,001,1795
649.6495,649.6864,68437,81455,Rhinolophus ferrumequinum,0.02,0.02,-1,Echolocation,/mnt/ubna_data_02_mir/recover-20220922/UBNA_001/20220921_090000.WAV,Telephone Field,recover-20220922,001,1795
649.6805,649.7215,68437,82876,Rhinolophus ferrumequinum,0.023,0.023,-1,Echolocation,/mnt/ubna_data_02_mir/recover-20220922/UBNA_001/20220921_090000.WAV,Telephone Field,recover-20220922,001,1795
649.7255,649.7358,28046,37534,Eptesicus serotinus,0.013,0.026,-1,Echolocation,/mnt/ubna_data_02_mir/recover-20220922/UBNA_001/20220921_090000.WAV,Telephone Field,recover-20220922,001,1795
649.7275,649.7657,68437,81777,Rhinolophus ferrumequinum,0.019,0.02,-1,Echolocation,/mnt/ubna_data_02_mir/recover-20220922/UBNA_001/20220921_090000.WAV,Telephone Field,recover-20220922,001,1795
649.7415,649.7496,28046,37939,Eptesicus serotinus,0.007,0.019,-1,Echolocation,/mnt/ubna_data_02_mir/recover-20220922/UBNA_001/20220921_090000.WAV,Telephone Field,recover-20220922,001,1795
649.7785,649.8195,68437,82284,Rhinolophus ferrumequinum,0.021,0.021,-1,Echolocation,/mnt/ubna_data_02_mir/recover-20220922/UBNA_001/20220921_090000.WAV,Telephone Field,recover-20220922,001,1795
649.8065,649.848,68437,82544,Rhinolophus ferrumequinum,0.021,0.021,-1,Echolocation,/mnt/ubna_data_02_mir/recover-20220922/UBNA_001/20220921_090000.WAV,Telephone Field,recover-20220922,001,1795
649.8135,649.823,28906,36982,Eptesicus serotinus,0.008,0.022,-1,Echolocation,/mnt/ubna_data_02_mir/recover-20220922/UBNA_001/20220921_090000.WAV,Telephone Field,recover-20220922,001,1795
649.8205,649.8586,68437,82494,Rhinolophus ferrumequinum,0.022,0.022,-1,Echolocation,/mnt/ubna_data_02_mir/recover-20220922/UBNA_001/20220921_090000.WAV,Telephone Field,recover-20220922,001,1795
649.8265,649.8659,68437,82251,Rhinolophus ferrumequinum,0.021,0.021,-1,Echolocation,/mnt/ubna_data_02_mir/recover-20220922/UBNA_001/20220921_090000.WAV,Telephone Field,recover-20220922,001,1795
649.8395,649.8801,68437,82357,Rhinolophus ferrumequinum,0.02,0.02,-1,Echolocation,/mnt/ubna_data_02_mir/recover-20220922/UBNA_001/20220921_090000.WAV,Telephone Field,recover-20220922,001,1795
649.8495,649.8566,27187,38727,Eptesicus serotinus,0.006,0.02,-1,Echolocation,/mnt/ubna_data_02_mir/recover-20220922/UBNA_001/20220921_090000.WAV,Telephone Field,recover-20220922,001,1795
649.8505,649.8873,68437,82074,Rhinolophus ferrumequinum,0.022,0.022,-1,Echolocation,/mnt/ubna_data_02_mir/recover-20220922/UBNA_001/20220921_090000.WAV,Telephone Field,recover-20220922,001,1795
649.8815,649.8894,28046,40231,Eptesicus serotinus,0.006,0.02,-1,Echolocation,/mnt/ubna_data_02_mir/recover-20220922/UBNA_001/20220921_090000.WAV,Telephone Field,recover-20220922,001,1795
649.9095,649.949,68437,81823,Rhinolophus ferrumequinum,0.02,0.02,-1,Echolocation,/mnt/ubna_data_02_mir/recover-20220922/UBNA_001/20220921_090000.WAV,Telephone Field,recover-20220922,001,1795
649.9535,649.9945,68437,82736,Rhinolophus ferrumequinum,0.023,0.023,-1,Echolocation,/mnt/ubna_data_02_mir/recover-20220922/UBNA_001/20220921_090000.WAV,Telephone Field,recover-20220922,001,1795
649.9825,649.9912,23750,31744,Plecotus austriacus,0.006,0.022,-1,Echolocation,/mnt/ubna_data_02_mir/recover-20220922/UBNA_001/20220921_090000.WAV,Telephone Field,recover-20220922,001,1795
649.9825,649.9915,28906,39044,Eptesicus serotinus,0.009,0.023,-1,Echolocation,/mnt/ubna_data_02_mir/recover-20220922/UBNA_001/20220921_090000.WAV,Telephone Field,recover-20220922,001,1795
649.9855,649.9977,34921,40056,Pipistrellus nathusii,0.015,0.032,-1,Echolocation,/mnt/ubna_data_02_mir/recover-20220922/UBNA_001/20220921_090000.WAV,Telephone Field,recover-20220922,001,1795
650.0015,650.0181,53828,58777,Pipistrellus pygmaeus,0.061,0.072,-1,Echolocation,/mnt/ubna_data_02_mir/recover-20220922/UBNA_001/20220921_090000.WAV,Telephone Field,recover-20220922,001,1795
650.0015,650.0108,25468,31340,Nyctalus leisleri,0.012,0.03,-1,Echolocation,/mnt/ubna_data_02_mir/recover-20220922/UBNA_001/20220921_090000.WAV,Telephone Field,recover-20220922,001,1795
650.0015,650.0396,68437,80201,Rhinolophus ferrumequinum,0.165,0.165,-1,Echolocation,/mnt/ubna_data_02_mir/recover-20220922/UBNA_001/20220921_090000.WAV,Telephone Field,recover-20220922,001,1795
650.0015,650.0098,39218,46488,Pipistrellus nathusii,0.008,0.022,-1,Echolocation,/mnt/ubna_data_02_mir/recover-20220922/UBNA_001/20220921_090000.WAV,Telephone Field,recover-20220922,001,1795
650.0125,650.0201,25468,35442,Eptesicus serotinus,0.008,0.031,-1,Echolocation,/mnt/ubna_data_02_mir/recover-20220922/UBNA_001/20220921_090000.WAV,Telephone Field,recover-20220922,001,1795
650.0675,650.0763,26328,34564,Eptesicus serotinus,0.01,0.023,-1,Echolocation,/mnt/ubna_data_02_mir/recover-20220922/UBNA_001/20220921_090000.WAV,Telephone Field,recover-20220922,001,1795
650.0885,650.1336,68437,83818,Rhinolophus ferrumequinum,0.06,0.06,-1,Echolocation,/mnt/ubna_data_02_mir/recover-20220922/UBNA_001/20220921_090000.WAV,Telephone Field,recover-20220922,001,1795
650.0905,650.1033,22890,27813,Nyctalus leisleri,0.011,0.023,-1,Echolocation,/mnt/ubna_data_02_mir/recover-20220922/UBNA_001/20220921_090000.WAV,Telephone Field,recover-20220922,001,1795
650.1055,650.1401,68437,81312,Rhinolophus ferrumequinum,0.021,0.021,-1,Echolocation,/mnt/ubna_data_02_mir/recover-20220922/UBNA_001/20220921_090000.WAV,Telephone Field,recover-20220922,001,1795
650.1165,650.1373,18593,20944,Nyctalus noctula,0.016,0.032,-1,Echolocation,/mnt/ubna_data_02_mir/recover-20220922/UBNA_001/20220921_090000.WAV,Telephone Field,recover-20220922,001,1795
650.1905,650.2014,14296,19729,Nyctalus noctula,0.016,0.03,-1,Echolocation,/mnt/ubna_data_02_mir/recover-20220922/UBNA_001/20220921_090000.WAV,Telephone Field,recover-20220922,001,1795
650.2065,650.248,68437,83524,Rhinolophus ferrumequinum,0.027,0.027,-1,Echolocation,/mnt/ubna_data_02_mir/recover-20220922/UBNA_001/20220921_090000.WAV,Telephone Field,recover-20220922,001,1795
650.2125,650.2533,68437,82721,Rhinolophus ferrumequinum,0.025,0.025,-1,Echolocation,/mnt/ubna_data_02_mir/recover-20220922/UBNA_001/20220921_090000.WAV,Telephone Field,recover-20220922,001,1795
650.2145,650.2293999999999,24609,30342,Nyctalus leisleri,0.015,0.034,-1,Echolocation,/mnt/ubna_data_02_mir/recover-20220922/UBNA_001/20220921_090000.WAV,Telephone Field,recover-20220922,001,1795
650.2235000000001,650.2602,68437,82247,Rhinolophus ferrumequinum,0.022,0.022,-1,Echolocation,/mnt/ubna_data_02_mir/recover-20220922/UBNA_001/20220921_090000.WAV,Telephone Field,recover-20220922,001,1795
650.2375,650.2472,22031,27733,Plecotus austriacus,0.009,0.024,-1,Echolocation,/mnt/ubna_data_02_mir/recover-20220922/UBNA_001/20220921_090000.WAV,Telephone Field,recover-20220922,001,1795
650.2535,650.2610999999999,28046,36597,Eptesicus serotinus,0.018,0.041,-1,Echolocation,/mnt/ubna_data_02_mir/recover-20220922/UBNA_001/20220921_090000.WAV,Telephone Field,recover-20220922,001,1795
650.2615,650.3018,68437,82959,Rhinolophus ferrumequinum,0.025,0.025,-1,Echolocation,/mnt/ubna_data_02_mir/recover-20220922/UBNA_001/20220921_090000.WAV,Telephone Field,recover-20220922,001,1795
650.2955,650.3358,68437,82599,Rhinolophus ferrumequinum,0.026,0.026,-1,Echolocation,/mnt/ubna_data_02_mir/recover-20220922/UBNA_001/20220921_090000.WAV,Telephone Field,recover-20220922,001,1795
650.3105,650.3202,23750,30914,Plecotus austriacus,0.007,0.025,-1,Echolocation,/mnt/ubna_data_02_mir/recover-20220922/UBNA_001/20220921_090000.WAV,Telephone Field,recover-20220922,001,1795
650.3355,650.3733,68437,82328,Rhinolophus ferrumequinum,0.023,0.023,-1,Echolocation,/mnt/ubna_data_02_mir/recover-20220922/UBNA_001/20220921_090000.WAV,Telephone Field,recover-20220922,001,1795
650.3475,650.3853,68437,81858,Rhinolophus ferrumequinum,0.023,0.023,-1,Echolocation,/mnt/ubna_data_02_mir/recover-20220922/UBNA_001/20220921_090000.WAV,Telephone Field,recover-20220922,001,1795
650.3475,650.357,15156,21845,Nyctalus noctula,0.023,0.054,-1,Echolocation,/mnt/ubna_data_02_mir/recover-20220922/UBNA_001/20220921_090000.WAV,Telephone Field,recover-20220922,001,1795
650.3955,650.4033,28046,39785,Eptesicus serotinus,0.008,0.022,-1,Echolocation,/mnt/ubna_data_02_mir/recover-20220922/UBNA_001/20220921_090000.WAV,Telephone Field,recover-20220922,001,1795
650.4055,650.4423,68437,82215,Rhinolophus ferrumequinum,0.022,0.022,-1,Echolocation,/mnt/ubna_data_02_mir/recover-20220922/UBNA_001/20220921_090000.WAV,Telephone Field,recover-20220922,001,1795
650.4315,650.4514,17734,20971,Nyctalus noctula,0.023,0.036,-1,Echolocation,/mnt/ubna_data_02_mir/recover-20220922/UBNA_001/20220921_090000.WAV,Telephone Field,recover-20220922,001,1795
650.4665,650.4742,28906,40747,Eptesicus serotinus,0.011,0.026,-1,Echolocation,/mnt/ubna_data_02_mir/recover-20220922/UBNA_001/20220921_090000.WAV,Telephone Field,recover-20220922,001,1795
650.4715,650.5103,68437,82601,Rhinolophus ferrumequinum,0.023,0.023,-1,Echolocation,/mnt/ubna_data_02_mir/recover-20220922/UBNA_001/20220921_090000.WAV,Telephone Field,recover-20220922,001,1795
650.4945,650.5014,25468,34994,Plecotus austriacus,0.008,0.026,-1,Echolocation,/mnt/ubna_data_02_mir/recover-20220922/UBNA_001/20220921_090000.WAV,Telephone Field,recover-20220922,001,1795
650.5255,650.5647,68437,82281,Rhinolophus ferrumequinum,0.022,0.022,-1,Echolocation,/mnt/ubna_data_02_mir/recover-20220922/UBNA_001/20220921_090000.WAV,Telephone Field,recover-20220922,001,1795
650.5475,650.5824,68437,81821,Rhinolophus ferrumequinum,0.022,0.022,-1,Echolocation,/mnt/ubna_data_02_mir/recover-20220922/UBNA_001/20220921_090000.WAV,Telephone Field,recover-20220922,001,1795
650.5555,650.5698,14296,18919,Nyctalus noctula,0.024,0.036,-1,Echolocation,/mnt/ubna_data_02_mir/recover-20220922/UBNA_001/20220921_090000.WAV,Telephone Field,recover-20220922,001,1795
650.5625,650.6022,68437,82188,Rhinolophus ferrumequinum,0.031,0.031,-1,Echolocation,/mnt/ubna_data_02_mir/recover-20220922/UBNA_001/20220921_090000.WAV,Telephone Field,recover-20220922,001,1795
650.5775,650.5865,28906,38823,Eptesicus serotinus,0.008,0.022,-1,Echolocation,/mnt/ubna_data_02_mir/recover-20220922/UBNA_001/20220921_090000.WAV,Telephone Field,recover-20220922,001,1795
650.5945,650.6333,68437,81618,Rhinolophus ferrumequinum,0.021,0.021,-1,Echolocation,/mnt/ubna_data_02_mir/recover-20220922/UBNA_001/20220921_090000.WAV,Telephone Field,recover-20220922,001,1795
650.6095,650.618,47812,51111,Pipistrellus pipistrellus,0.022,0.023,-1,Echolocation,/mnt/ubna_data_02_mir/recover-20220922/UBNA_001/20220921_090000.WAV,Telephone Field,recover-20220922,001,1795
650.6355,650.6433,28046,39866,Eptesicus serotinus,0.007,0.021,-1,Echolocation,/mnt/ubna_data_02_mir/recover-20220922/UBNA_001/20220921_090000.WAV,Telephone Field,recover-20220922,001,1795
650.6645,650.6729,27187,36119,Eptesicus serotinus,0.017,0.036,-1,Echolocation,/mnt/ubna_data_02_mir/recover-20220922/UBNA_001/20220921_090000.WAV,Telephone Field,recover-20220922,001,1795
650.7025,650.7129,28906,35686,Eptesicus serotinus,0.014,0.028,-1,Echolocation,/mnt/ubna_data_02_mir/recover-20220922/UBNA_001/20220921_090000.WAV,Telephone Field,recover-20220922,001,1795
650.7355,650.7454,46953,51905,Pipistrellus pipistrellus,0.023,0.025,-1,Echolocation,/mnt/ubna_data_02_mir/recover-20220922/UBNA_001/20220921_090000.WAV,Telephone Field,recover-20220922,001,1795
650.7355,650.7721,68437,81535,Rhinolophus ferrumequinum,0.022,0.022,-1,Echolocation,/mnt/ubna_data_02_mir/recover-20220922/UBNA_001/20220921_090000.WAV,Telephone Field,recover-20220922,001,1795
650.7575,650.7936,68437,80160,Rhinolophus ferrumequinum,0.025,0.025,-1,Echolocation,/mnt/ubna_data_02_mir/recover-20220922/UBNA_001/20220921_090000.WAV,Telephone Field,recover-20220922,001,1795
650.7764999999999,650.8142,68437,82404,Rhinolophus ferrumequinum,0.028,0.028,-1,Echolocation,/mnt/ubna_data_02_mir/recover-20220922/UBNA_001/20220921_090000.WAV,Telephone Field,recover-20220922,001,1795
650.8075,650.8147,32343,40719,Myotis daubentonii,0.01,0.023,-1,Echolocation,/mnt/ubna_data_02_mir/recover-20220922/UBNA_001/20220921_090000.WAV,Telephone Field,recover-20220922,001,1795
650.8795,650.9171,68437,81929,Rhinolophus ferrumequinum,0.022,0.022,-1,Echolocation,/mnt/ubna_data_02_mir/recover-20220922/UBNA_001/20220921_090000.WAV,Telephone Field,recover-20220922,001,1795
650.9085,650.9452,68437,81361,Rhinolophus ferrumequinum,0.022,0.022,-1,Echolocation,/mnt/ubna_data_02_mir/recover-20220922/UBNA_001/20220921_090000.WAV,Telephone Field,recover-20220922,001,1795
650.9115,650.9193,28906,38021,Eptesicus serotinus,0.011,0.028,-1,Echolocation,/mnt/ubna_data_02_mir/recover-20220922/UBNA_001/20220921_090000.WAV,Telephone Field,recover-20220922,001,1795
650.9645,650.9757,22031,26757,Nyctalus leisleri,0.012,0.025,-1,Echolocation,/mnt/ubna_data_02_mir/recover-20220922/UBNA_001/20220921_090000.WAV,Telephone Field,recover-20220922,001,1795
650.9895,651.0253,68437,81780,Rhinolophus ferrumequinum,0.022,0.022,-1,Echolocation,/mnt/ubna_data_02_mir/recover-20220922/UBNA_001/20220921_090000.WAV,Telephone Field,recover-20220922,001,1795
650.9985,651.0352,68437,81912,Rhinolophus ferrumequinum,0.021,0.021,-1,Echolocation,/mnt/ubna_data_02_mir/recover-20220922/UBNA_001/20220921_090000.WAV,Telephone Field,recover-20220922,001,1795
651.0175,651.0296,47812,52183,Pipistrellus pipistrellus,0.03,0.035,-1,Echolocation,/mnt/ubna_data_02_mir/recover-20220922/UBNA_001/20220921_090000.WAV,Telephone Field,recover-20220922,001,1795
651.0235,651.0333,30625,39987,Eptesicus serotinus,0.009,0.026,-1,Echolocation,/mnt/ubna_data_02_mir/recover-20220922/UBNA_001/20220921_090000.WAV,Telephone Field,recover-20220922,001,1795
651.0405,651.0797,68437,82074,Rhinolophus ferrumequinum,0.023,0.023,-1,Echolocation,/mnt/ubna_data_02_mir/recover-20220922/UBNA_001/20220921_090000.WAV,Telephone Field,recover-20220922,001,1795
651.0525,651.061,28046,40073,Eptesicus serotinus,0.008,0.021,-1,Echolocation,/mnt/ubna_data_02_mir/recover-20220922/UBNA_001/20220921_090000.WAV,Telephone Field,recover-20220922,001,1795
651.0645,651.1006,68437,81651,Rhinolophus ferrumequinum,0.025,0.025,-1,Echolocation,/mnt/ubna_data_02_mir/recover-20220922/UBNA_001/20220921_090000.WAV,Telephone Field,recover-20220922,001,1795
651.0705,651.0798,27187,37891,Eptesicus serotinus,0.01,0.022,-1,Echolocation,/mnt/ubna_data_02_mir/recover-20220922/UBNA_001/20220921_090000.WAV,Telephone Field,recover-20220922,001,1795
651.1295,651.1671,68437,82196,Rhinolophus ferrumequinum,0.025,0.025,-1,Echolocation,/mnt/ubna_data_02_mir/recover-20220922/UBNA_001/20220921_090000.WAV,Telephone Field,recover-20220922,001,1795
651.1545,651.1646,25468,32025,Eptesicus serotinus,0.016,0.04,-1,Echolocation,/mnt/ubna_data_02_mir/recover-20220922/UBNA_001/20220921_090000.WAV,Telephone Field,recover-20220922,001,1795
651.1705,651.1799,27187,37372,Eptesicus serotinus,0.011,0.026,-1,Echolocation,/mnt/ubna_data_02_mir/recover-20220922/UBNA_001/20220921_090000.WAV,Telephone Field,recover-20220922,001,1795
651.1715,651.2111,68437,82824,Rhinolophus ferrumequinum,0.031,0.031,-1,Echolocation,/mnt/ubna_data_02_mir/recover-20220922/UBNA_001/20220921_090000.WAV,Telephone Field,recover-20220922,001,1795
651.2055,651.2151,44375,49514,Pipistrellus pipistrellus,0.014,0.021,-1,Echolocation,/mnt/ubna_data_02_mir/recover-20220922/UBNA_001/20220921_090000.WAV,Telephone Field,recover-20220922,001,1795
651.2455,651.2855,68437,82791,Rhinolophus ferrumequinum,0.023,0.023,-1,Echolocation,/mnt/ubna_data_02_mir/recover-20220922/UBNA_001/20220921_090000.WAV,Telephone Field,recover-20220922,001,1795
651.2665,651.2755,28906,37270,Eptesicus serotinus,0.008,0.023,-1,Echolocation,/mnt/ubna_data_02_mir/recover-20220922/UBNA_001/20220921_090000.WAV,Telephone Field,recover-20220922,001,1795
651.2975,651.3362,68437,82711,Rhinolophus ferrumequinum,0.028,0.028,-1,Echolocation,/mnt/ubna_data_02_mir/recover-20220922/UBNA_001/20220921_090000.WAV,Telephone Field,recover-20220922,001,1795
651.3055,651.3136,28906,40273,Eptesicus serotinus,0.008,0.022,-1,Echolocation,/mnt/ubna_data_02_mir/recover-20220922/UBNA_001/20220921_090000.WAV,Telephone Field,recover-20220922,001,1795
651.3105,651.3501,68437,82284,Rhinolophus ferrumequinum,0.024,0.024,-1,Echolocation,/mnt/ubna_data_02_mir/recover-20220922/UBNA_001/20220921_090000.WAV,Telephone Field,recover-20220922,001,1795
651.3435,651.3807,68437,81764,Rhinolophus ferrumequinum,0.022,0.022,-1,Echolocation,/mnt/ubna_data_02_mir/recover-20220922/UBNA_001/20220921_090000.WAV,Telephone Field,recover-20220922,001,1795
651.3485000000001,651.3617,42656,46202,Pipistrellus pipistrellus,0.023,0.037,-1,Echolocation,/mnt/ubna_data_02_mir/recover-20220922/UBNA_001/20220921_090000.WAV,Telephone Field,recover-20220922,001,1795
651.3575,651.3939,68437,81708,Rhinolophus ferrumequinum,0.023,0.023,-1,Echolocation,/mnt/ubna_data_02_mir/recover-20220922/UBNA_001/20220921_090000.WAV,Telephone Field,recover-20220922,001,1795
651.3725,651.4158,68437,82669,Rhinolophus ferrumequinum,0.033,0.033,-1,Echolocation,/mnt/ubna_data_02_mir/recover-20220922/UBNA_001/20220921_090000.WAV,Telephone Field,recover-20220922,001,1795
651.3875,651.4264000000001,68437,82860,Rhinolophus ferrumequinum,0.023,0.023,-1,Echolocation,/mnt/ubna_data_02_mir/recover-20220922/UBNA_001/20220921_090000.WAV,Telephone Field,recover-20220922,001,1795
651.4045,651.4395,68437,80994,Rhinolophus ferrumequinum,0.023,0.024,-1,Echolocation,/mnt/ubna_data_02_mir/recover-20220922/UBNA_001/20220921_090000.WAV,Telephone Field,recover-20220922,001,1795
651.4075,651.4159,22890,30278,Plecotus austriacus,0.011,0.024,-1,Echolocation,/mnt/ubna_data_02_mir/recover-20220922/UBNA_001/20220921_090000.WAV,Telephone Field,recover-20220922,001,1795
651.4155,651.4543,68437,82576,Rhinolophus ferrumequinum,0.025,0.025,-1,Echolocation,/mnt/ubna_data_02_mir/recover-20220922/UBNA_001/20220921_090000.WAV,Telephone Field,recover-20220922,001,1795
651.4275,651.4348,24609,33502,Plecotus austriacus,0.008,0.023,-1,Echolocation,/mnt/ubna_data_02_mir/recover-20220922/UBNA_001/20220921_090000.WAV,Telephone Field,recover-20220922,001,1795
651.4395,651.4771,68437,81936,Rhinolophus ferrumequinum,0.021,0.021,-1,Echolocation,/mnt/ubna_data_02_mir/recover-20220922/UBNA_001/20220921_090000.WAV,Telephone Field,recover-20220922,001,1795
651.4505,651.4916,68437,82503,Rhinolophus ferrumequinum,0.023,0.024,-1,Echolocation,/mnt/ubna_data_02_mir/recover-20220922/UBNA_001/20220921_090000.WAV,Telephone Field,recover-20220922,001,1795
651.4585,651.4984,68437,81998,Rhinolophus ferrumequinum,0.021,0.021,-1,Echolocation,/mnt/ubna_data_02_mir/recover-20220922/UBNA_001/20220921_090000.WAV,Telephone Field,recover-20220922,001,1795
651.4965,651.5083,28046,33518,Eptesicus serotinus,0.016,0.03,-1,Echolocation,/mnt/ubna_data_02_mir/recover-20220922/UBNA_001/20220921_090000.WAV,Telephone Field,recover-20220922,001,1795
651.5485,651.5581999999999,43515,51593,Pipistrellus pipistrellus,0.012,0.021,-1,Echolocation,/mnt/ubna_data_02_mir/recover-20220922/UBNA_001/20220921_090000.WAV,Telephone Field,recover-20220922,001,1795
651.5495,651.5587,19453,25140,Plecotus austriacus,0.011,0.024,-1,Echolocation,/mnt/ubna_data_02_mir/recover-20220922/UBNA_001/20220921_090000.WAV,Telephone Field,recover-20220922,001,1795
651.5565,651.5949,68437,82393,Rhinolophus ferrumequinum,0.022,0.022,-1,Echolocation,/mnt/ubna_data_02_mir/recover-20220922/UBNA_001/20220921_090000.WAV,Telephone Field,recover-20220922,001,1795
651.5695,651.5781,28906,38064,Eptesicus serotinus,0.008,0.022,-1,Echolocation,/mnt/ubna_data_02_mir/recover-20220922/UBNA_001/20220921_090000.WAV,Telephone Field,recover-20220922,001,1795
651.5785,651.6225,68437,83210,Rhinolophus ferrumequinum,0.023,0.023,-1,Echolocation,/mnt/ubna_data_02_mir/recover-20220922/UBNA_001/20220921_090000.WAV,Telephone Field,recover-20220922,001,1795
651.5905,651.6294,68437,82577,Rhinolophus ferrumequinum,0.022,0.022,-1,Echolocation,/mnt/ubna_data_02_mir/recover-20220922/UBNA_001/20220921_090000.WAV,Telephone Field,recover-20220922,001,1795
651.5965,651.6356,68437,81854,Rhinolophus ferrumequinum,0.022,0.022,-1,Echolocation,/mnt/ubna_data_02_mir/recover-20220922/UBNA_001/20220921_090000.WAV,Telephone Field,recover-20220922,001,1795
651.6205,651.6571,68437,81657,Rhinolophus ferrumequinum,0.024,0.024,-1,Echolocation,/mnt/ubna_data_02_mir/recover-20220922/UBNA_001/20220921_090000.WAV,Telephone Field,recover-20220922,001,1795
651.6395,651.6505,23750,29860,Nyctalus leisleri,0.01,0.024,-1,Echolocation,/mnt/ubna_data_02_mir/recover-20220922/UBNA_001/20220921_090000.WAV,Telephone Field,recover-20220922,001,1795
651.6655,651.6785,44375,48541,Pipistrellus pipistrellus,0.018,0.022,-1,Echolocation,/mnt/ubna_data_02_mir/recover-20220922/UBNA_001/20220921_090000.WAV,Telephone Field,recover-20220922,001,1795
651.6705,651.7088,68437,81663,Rhinolophus ferrumequinum,0.022,0.023,-1,Echolocation,/mnt/ubna_data_02_mir/recover-20220922/UBNA_001/20220921_090000.WAV,Telephone Field,recover-20220922,001,1795
651.6845,651.6957,23750,30046,Nyctalus leisleri,0.009,0.023,-1,Echolocation,/mnt/ubna_data_02_mir/recover-20220922/UBNA_001/20220921_090000.WAV,Telephone Field,recover-20220922,001,1795
651.6895,651.7264,68437,81663,Rhinolophus ferrumequinum,0.022,0.022,-1,Echolocation,/mnt/ubna_data_02_mir/recover-20220922/UBNA_001/20220921_090000.WAV,Telephone Field,recover-20220922,001,1795
651.6905,651.7011,24609,31959,Eptesicus serotinus,0.008,0.024,-1,Echolocation,/mnt/ubna_data_02_mir/recover-20220922/UBNA_001/20220921_090000.WAV,Telephone Field,recover-20220922,001,1795
651.7105,651.7493,68437,82013,Rhinolophus ferrumequinum,0.021,0.021,-1,Echolocation,/mnt/ubna_data_02_mir/recover-20220922/UBNA_001/20220921_090000.WAV,Telephone Field,recover-20220922,001,1795
651.7825,651.8206,68437,82448,Rhinolophus ferrumequinum,0.024,0.024,-1,Echolocation,/mnt/ubna_data_02_mir/recover-20220922/UBNA_001/20220921_090000.WAV,Telephone Field,recover-20220922,001,1795
651.8325,651.8692,68437,81694,Rhinolophus ferrumequinum,0.026,0.026,-1,Echolocation,/mnt/ubna_data_02_mir/recover-20220922/UBNA_001/20220921_090000.WAV,Telephone Field,recover-20220922,001,1795
651.8505,651.8589,28046,42362,Eptesicus serotinus,0.01,0.026,-1,Echolocation,/mnt/ubna_data_02_mir/recover-20220922/UBNA_001/20220921_090000.WAV,Telephone Field,recover-20220922,001,1795
651.8775,651.9181,68437,82474,Rhinolophus ferrumequinum,0.027,0.027,-1,Echolocation,/mnt/ubna_data_02_mir/recover-20220922/UBNA_001/20220921_090000.WAV,Telephone Field,recover-20220922,001,1795
651.8835,651.8984,14296,17865,Nyctalus noctula,0.021,0.034,-1,Echolocation,/mnt/ubna_data_02_mir/recover-20220922/UBNA_001/20220921_090000.WAV,Telephone Field,recover-20220922,001,1795
651.8895,651.9037,51250,55516,Pipistrellus pipistrellus,0.021,0.033,-1,Echolocation,/mnt/ubna_data_02_mir/recover-20220922/UBNA_001/20220921_090000.WAV,Telephone Field,recover-20220922,001,1795
651.9105,651.9195,27187,35825,Eptesicus serotinus,0.012,0.028,-1,Echolocation,/mnt/ubna_data_02_mir/recover-20220922/UBNA_001/20220921_090000.WAV,Telephone Field,recover-20220922,001,1795
651.9675,651.9753,28046,39466,Eptesicus serotinus,0.007,0.022,-1,Echolocation,/mnt/ubna_data_02_mir/recover-20220922/UBNA_001/20220921_090000.WAV,Telephone Field,recover-20220922,001,1795
652.0015,652.0112,23750,29658,Nyctalus leisleri,0.012,0.03,-1,Echolocation,/mnt/ubna_data_02_mir/recover-20220922/UBNA_001/20220921_090000.WAV,Telephone Field,recover-20220922,001,1795
652.0015,652.0357,68437,79731,Rhinolophus ferrumequinum,0.052,0.052,-1,Echolocation,/mnt/ubna_data_02_mir/recover-20220922/UBNA_001/20220921_090000.WAV,Telephone Field,recover-20220922,001,1795
652.0015,652.0106,48671,55173,Pipistrellus pipistrellus,0.015,0.022,-1,Echolocation,/mnt/ubna_data_02_mir/recover-20220922/UBNA_001/20220921_090000.WAV,Telephone Field,recover-20220922,001,1795
652.0135,652.052,68437,82348,Rhinolophus ferrumequinum,0.021,0.021,-1,Echolocation,/mnt/ubna_data_02_mir/recover-20220922/UBNA_001/20220921_090000.WAV,Telephone Field,recover-20220922,001,1795
652.0295,652.0358,13437,33413,Plecotus auritus,0.03,0.033,-1,Echolocation,/mnt/ubna_data_02_mir/recover-20220922/UBNA_001/20220921_090000.WAV,Telephone Field,recover-20220922,001,1795
652.0415,652.0815,68437,83086,Rhinolophus ferrumequinum,0.027,0.027,-1,Echolocation,/mnt/ubna_data_02_mir/recover-20220922/UBNA_001/20220921_090000.WAV,Telephone Field,recover-20220922,001,1795
652.0865,652.1258,68437,82053,Rhinolophus ferrumequinum,0.022,0.022,-1,Echolocation,/mnt/ubna_data_02_mir/recover-20220922/UBNA_001/20220921_090000.WAV,Telephone Field,recover-20220922,001,1795
652.0965,652.1345,68437,82000,Rhinolophus ferrumequinum,0.021,0.021,-1,Echolocation,/mnt/ubna_data_02_mir/recover-20220922/UBNA_001/20220921_090000.WAV,Telephone Field,recover-20220922,001,1795
652.1155,652.1257,23750,29385,Nyctalus leisleri,0.009,0.021,-1,Echolocation,/mnt/ubna_data_02_mir/recover-20220922/UBNA_001/20220921_090000.WAV,Telephone Field,recover-20220922,001,1795
652.1405,652.1781,68437,81935,Rhinolophus ferrumequinum,0.023,0.023,-1,Echolocation,/mnt/ubna_data_02_mir/recover-20220922/UBNA_001/20220921_090000.WAV,Telephone Field,recover-20220922,001,1795
652.1655,652.2024,68437,81420,Rhinolophus ferrumequinum,0.021,0.021,-1,Echolocation,/mnt/ubna_data_02_mir/recover-20220922/UBNA_001/20220921_090000.WAV,Telephone Field,recover-20220922,001,1795
652.2135,652.2515,68437,81937,Rhinolophus ferrumequinum,0.021,0.021,-1,Echolocation,/mnt/ubna_data_02_mir/recover-20220922/UBNA_001/20220921_090000.WAV,Telephone Field,recover-20220922,001,1795
652.2215,652.2317,28046,37661,Eptesicus serotinus,0.016,0.031,-1,Echolocation,/mnt/ubna_data_02_mir/recover-20220922/UBNA_001/20220921_090000.WAV,Telephone Field,recover-20220922,001,1795
652.2295,652.2663,68437,82007,Rhinolophus ferrumequinum,0.022,0.022,-1,Echolocation,/mnt/ubna_data_02_mir/recover-20220922/UBNA_001/20220921_090000.WAV,Telephone Field,recover-20220922,001,1795
652.2385,652.2485,21171,25767,Nyctalus leisleri,0.008,0.021,-1,Echolocation,/mnt/ubna_data_02_mir/recover-20220922/UBNA_001/20220921_090000.WAV,Telephone Field,recover-20220922,001,1795
652.2505,652.2627,50390,54698,Pipistrellus pipistrellus,0.03,0.035,-1,Echolocation,/mnt/ubna_data_02_mir/recover-20220922/UBNA_001/20220921_090000.WAV,Telephone Field,recover-20220922,001,1795
652.2625,652.3014000000001,68437,81842,Rhinolophus ferrumequinum,0.024,0.024,-1,Echolocation,/mnt/ubna_data_02_mir/recover-20220922/UBNA_001/20220921_090000.WAV,Telephone Field,recover-20220922,001,1795
652.2805,652.2899,21171,26409,Plecotus austriacus,0.01,0.024,-1,Echolocation,/mnt/ubna_data_02_mir/recover-20220922/UBNA_001/20220921_090000.WAV,Telephone Field,recover-20220922,001,1795
652.3145,652.3316,22031,25630,Nyctalus leisleri,0.032,0.058,-1,Echolocation,/mnt/ubna_data_02_mir/recover-20220922/UBNA_001/20220921_090000.WAV,Telephone Field,recover-20220922,001,1795
652.3225,652.3628,68437,83157,Rhinolophus ferrumequinum,0.034,0.034,-1,Echolocation,/mnt/ubna_data_02_mir/recover-20220922/UBNA_001/20220921_090000.WAV,Telephone Field,recover-20220922,001,1795
652.3375,652.3768,68437,81618,Rhinolophus ferrumequinum,0.021,0.022,-1,Echolocation,/mnt/ubna_data_02_mir/recover-20220922/UBNA_001/20220921_090000.WAV,Telephone Field,recover-20220922,001,1795
652.3605,652.4025,68437,83392,Rhinolophus ferrumequinum,0.023,0.023,-1,Echolocation,/mnt/ubna_data_02_mir/recover-20220922/UBNA_001/20220921_090000.WAV,Telephone Field,recover-20220922,001,1795
652.3715,652.4122,68437,83341,Rhinolophus ferrumequinum,0.023,0.023,-1,Echolocation,/mnt/ubna_data_02_mir/recover-20220922/UBNA_001/20220921_090000.WAV,Telephone Field,recover-20220922,001,1795
652.3715,652.3789,27187,38344,Eptesicus serotinus,0.008,0.024,-1,Echolocation,/mnt/ubna_data_02_mir/recover-20220922/UBNA_001/20220921_090000.WAV,Telephone Field,recover-20220922,001,1795
652.4135,652.4227,28046,40004,Eptesicus serotinus,0.008,0.021,-1,Echolocation,/mnt/ubna_data_02_mir/recover-20220922/UBNA_001/20220921_090000.WAV,Telephone Field,recover-20220922,001,1795
652.4175,652.4254,49531,57304,Pipistrellus pipistrellus,0.017,0.021,-1,Echolocation,/mnt/ubna_data_02_mir/recover-20220922/UBNA_001/20220921_090000.WAV,Telephone Field,recover-20220922,001,1795
652.4195,652.4271,27187,38427,Eptesicus serotinus,0.007,0.021,-1,Echolocation,/mnt/ubna_data_02_mir/recover-20220922/UBNA_001/20220921_090000.WAV,Telephone Field,recover-20220922,001,1795
652.4465,652.4547,23750,32155,Plecotus austriacus,0.015,0.035,-1,Echolocation,/mnt/ubna_data_02_mir/recover-20220922/UBNA_001/20220921_090000.WAV,Telephone Field,recover-20220922,001,1795
652.4505,652.4934,68437,82991,Rhinolophus ferrumequinum,0.029,0.029,-1,Echolocation,/mnt/ubna_data_02_mir/recover-20220922/UBNA_001/20220921_090000.WAV,Telephone Field,recover-20220922,001,1795
652.4595,652.4992,68437,82902,Rhinolophus ferrumequinum,0.024,0.024,-1,Echolocation,/mnt/ubna_data_02_mir/recover-20220922/UBNA_001/20220921_090000.WAV,Telephone Field,recover-20220922,001,1795
652.5115,652.5537,68437,82961,Rhinolophus ferrumequinum,0.03,0.03,-1,Echolocation,/mnt/ubna_data_02_mir/recover-20220922/UBNA_001/20220921_090000.WAV,Telephone Field,recover-20220922,001,1795
652.5415,652.5797,68437,81407,Rhinolophus ferrumequinum,0.021,0.021,-1,Echolocation,/mnt/ubna_data_02_mir/recover-20220922/UBNA_001/20220921_090000.WAV,Telephone Field,recover-20220922,001,1795
652.5555,652.5614,30625,42608,Myotis daubentonii,0.01,0.026,-1,Echolocation,/mnt/ubna_data_02_mir/recover-20220922/UBNA_001/20220921_090000.WAV,Telephone Field,recover-20220922,001,1795
652.5555,652.5613,26328,40243,Myotis nattereri,0.005,0.025,-1,Echolocation,/mnt/ubna_data_02_mir/recover-20220922/UBNA_001/20220921_090000.WAV,Telephone Field,recover-20220922,001,1795
652.5775,652.5874,22031,28085,Nyctalus leisleri,0.008,0.023,-1,Echolocation,/mnt/ubna_data_02_mir/recover-20220922/UBNA_001/20220921_090000.WAV,Telephone Field,recover-20220922,001,1795
652.6135,652.6486,68437,81204,Rhinolophus ferrumequinum,0.021,0.021,-1,Echolocation,/mnt/ubna_data_02_mir/recover-20220922/UBNA_001/20220921_090000.WAV,Telephone Field,recover-20220922,001,1795
652.6235,652.6598,68437,81020,Rhinolophus ferrumequinum,0.021,0.021,-1,Echolocation,/mnt/ubna_data_02_mir/recover-20220922/UBNA_001/20220921_090000.WAV,Telephone Field,recover-20220922,001,1795
652.6395,652.6794,68437,82747,Rhinolophus ferrumequinum,0.025,0.026,-1,Echolocation,/mnt/ubna_data_02_mir/recover-20220922/UBNA_001/20220921_090000.WAV,Telephone Field,recover-20220922,001,1795
652.6514999999999,652.6596,28906,38501,Eptesicus serotinus,0.007,0.022,-1,Echolocation,/mnt/ubna_data_02_mir/recover-20220922/UBNA_001/20220921_090000.WAV,Telephone Field,recover-20220922,001,1795
652.6855,652.6943,29765,37811,Eptesicus serotinus,0.007,0.024,-1,Echolocation,/mnt/ubna_data_02_mir/recover-20220922/UBNA_001/20220921_090000.WAV,Telephone Field,recover-20220922,001,1795
652.6975,652.7359,68437,81934,Rhinolophus ferrumequinum,0.021,0.021,-1,Echolocation,/mnt/ubna_data_02_mir/recover-20220922/UBNA_001/20220921_090000.WAV,Telephone Field,recover-20220922,001,1795
652.7145,652.7532,68437,81935,Rhinolophus ferrumequinum,0.021,0.021,-1,Echolocation,/mnt/ubna_data_02_mir/recover-20220922/UBNA_001/20220921_090000.WAV,Telephone Field,recover-20220922,001,1795
652.7635,652.8001,68437,80758,Rhinolophus ferrumequinum,0.021,0.021,-1,Echolocation,/mnt/ubna_data_02_mir/recover-20220922/UBNA_001/20220921_090000.WAV,Telephone Field,recover-20220922,001,1795
652.7985,652.8056,22890,30781,Plecotus austriacus,0.011,0.022,-1,Echolocation,/mnt/ubna_data_02_mir/recover-20220922/UBNA_001/20220921_090000.WAV,Telephone Field,recover-20220922,001,1795
652.8045,652.8457,68437,82903,Rhinolophus ferrumequinum,0.026,0.026,-1,Echolocation,/mnt/ubna_data_02_mir/recover-20220922/UBNA_001/20220921_090000.WAV,Telephone Field,recover-20220922,001,1795
652.8195,652.8285,28046,36686,Eptesicus serotinus,0.009,0.023,-1,Echolocation,/mnt/ubna_data_02_mir/recover-20220922/UBNA_001/20220921_090000.WAV,Telephone Field,recover-20220922,001,1795
652.8665,652.9079,68437,82611,Rhinolophus ferrumequinum,0.021,0.021,-1,Echolocation,/mnt/ubna_data_02_mir/recover-20220922/UBNA_001/20220921_090000.WAV,Telephone Field,recover-20220922,001,1795
652.8735,652.8793000000001,28046,39291,Eptesicus serotinus,0.005,0.023,-1,Echolocation,/mnt/ubna_data_02_mir/recover-20220922/UBNA_001/20220921_090000.WAV,Telephone Field,recover-20220922,001,1795
652.8875,652.9256,68437,81769,Rhinolophus ferrumequinum,0.021,0.021,-1,Echolocation,/mnt/ubna_data_02_mir/recover-20220922/UBNA_001/20220921_090000.WAV,Telephone Field,recover-20220922,001,1795
652.8885,652.8991,22890,27105,Nyctalus leisleri,0.013,0.023,-1,Echolocation,/mnt/ubna_data_02_mir/recover-20220922/UBNA_001/20220921_090000.WAV,Telephone Field,recover-20220922,001,1795
652.9145,652.95,68437,81665,Rhinolophus ferrumequinum,0.021,0.021,-1,Echolocation,/mnt/ubna_data_02_mir/recover-20220922/UBNA_001/20220921_090000.WAV,Telephone Field,recover-20220922,001,1795
652.9235,652.9646,68437,82907,Rhinolophus ferrumequinum,0.022,0.022,-1,Echolocation,/mnt/ubna_data_02_mir/recover-20220922/UBNA_001/20220921_090000.WAV,Telephone Field,recover-20220922,001,1795
652.9355,652.9739,68437,81225,Rhinolophus ferrumequinum,0.021,0.021,-1,Echolocation,/mnt/ubna_data_02_mir/recover-20220922/UBNA_001/20220921_090000.WAV,Telephone Field,recover-20220922,001,1795
652.9755,653.0161,68437,82746,Rhinolophus ferrumequinum,0.028,0.028,-1,Echolocation,/mnt/ubna_data_02_mir/recover-20220922/UBNA_001/20220921_090000.WAV,Telephone Field,recover-20220922,001,1795
652.9885,652.9981,28046,36412,Eptesicus serotinus,0.008,0.021,-1,Echolocation,/mnt/ubna_data_02_mir/recover-20220922/UBNA_001/20220921_090000.WAV,Telephone Field,recover-20220922,001,1795
653.0325,653.0701,68437,82548,Rhinolophus ferrumequinum,0.028,0.028,-1,Echolocation,/mnt/ubna_data_02_mir/recover-20220922/UBNA_001/20220921_090000.WAV,Telephone Field,recover-20220922,001,1795
653.0375,653.0475,22031,27097,Nyctalus leisleri,0.01,0.021,-1,Echolocation,/mnt/ubna_data_02_mir/recover-20220922/UBNA_001/20220921_090000.WAV,Telephone Field,recover-20220922,001,1795
653.0505,653.0856,68437,81412,Rhinolophus ferrumequinum,0.029,0.029,-1,Echolocation,/mnt/ubna_data_02_mir/recover-20220922/UBNA_001/20220921_090000.WAV,Telephone Field,recover-20220922,001,1795
653.0635,653.071,28046,37929,Eptesicus serotinus,0.006,0.021,-1,Echolocation,/mnt/ubna_data_02_mir/recover-20220922/UBNA_001/20220921_090000.WAV,Telephone Field,recover-20220922,001,1795
653.0805,653.1187,68437,81952,Rhinolophus ferrumequinum,0.021,0.021,-1,Echolocation,/mnt/ubna_data_02_mir/recover-20220922/UBNA_001/20220921_090000.WAV,Telephone Field,recover-20220922,001,1795
653.1205,653.1305,28906,36420,Eptesicus serotinus,0.011,0.024,-1,Echolocation,/mnt/ubna_data_02_mir/recover-20220922/UBNA_001/20220921_090000.WAV,Telephone Field,recover-20220922,001,1795
653.1785,653.2224,68437,83612,Rhinolophus ferrumequinum,0.035,0.035,-1,Echolocation,/mnt/ubna_data_02_mir/recover-20220922/UBNA_001/20220921_090000.WAV,Telephone Field,recover-20220922,001,1795
653.2285,653.2701,68437,82534,Rhinolophus ferrumequinum,0.024,0.024,-1,Echolocation,/mnt/ubna_data_02_mir/recover-20220922/UBNA_001/20220921_090000.WAV,Telephone Field,recover-20220922,001,1795
653.2345,653.2753,68437,82669,Rhinolophus ferrumequinum,0.024,0.024,-1,Echolocation,/mnt/ubna_data_02_mir/recover-20220922/UBNA_001/20220921_090000.WAV,Telephone Field,recover-20220922,001,1795
653.2375,653.2477,23750,29762,Nyctalus leisleri,0.009,0.021,-1,Echolocation,/mnt/ubna_data_02_mir/recover-20220922/UBNA_001/20220921_090000.WAV,Telephone Field,recover-20220922,001,1795
653.2455,653.2546,28046,37889,Eptesicus serotinus,0.008,0.022,-1,Echolocation,/mnt/ubna_data_02_mir/recover-20220922/UBNA_001/20220921_090000.WAV,Telephone Field,recover-20220922,001,1795
653.2665,653.2748,44375,54679,Pipistrellus pipistrellus,0.012,0.021,-1,Echolocation,/mnt/ubna_data_02_mir/recover-20220922/UBNA_001/20220921_090000.WAV,Telephone Field,recover-20220922,001,1795
653.2845,653.2942,28906,37822,Eptesicus serotinus,0.008,0.021,-1,Echolocation,/mnt/ubna_data_02_mir/recover-20220922/UBNA_001/20220921_090000.WAV,Telephone Field,recover-20220922,001,1795
653.2945,653.3336,68437,82261,Rhinolophus ferrumequinum,0.025,0.026,-1,Echolocation,/mnt/ubna_data_02_mir/recover-20220922/UBNA_001/20220921_090000.WAV,Telephone Field,recover-20220922,001,1795
653.3175,653.3569,68437,82593,Rhinolophus ferrumequinum,0.023,0.023,-1,Echolocation,/mnt/ubna_data_02_mir/recover-20220922/UBNA_001/20220921_090000.WAV,Telephone Field,recover-20220922,001,1795
653.3315,653.3409,26328,34999,Eptesicus serotinus,0.01,0.023,-1,Echolocation,/mnt/ubna_data_02_mir/recover-20220922/UBNA_001/20220921_090000.WAV,Telephone Field,recover-20220922,001,1795
653.3355,653.3713,68437,81243,Rhinolophus ferrumequinum,0.021,0.021,-1,Echolocation,/mnt/ubna_data_02_mir/recover-20220922/UBNA_001/20220921_090000.WAV,Telephone Field,recover-20220922,001,1795
653.3835,653.4211,68437,81801,Rhinolophus ferrumequinum,0.021,0.021,-1,Echolocation,/mnt/ubna_data_02_mir/recover-20220922/UBNA_001/20220921_090000.WAV,Telephone Field,recover-20220922,001,1795
653.3955,653.4366,68437,82771,Rhinolophus ferrumequinum,0.022,0.022,-1,Echolocation,/mnt/ubna_data_02_mir/recover-20220922/UBNA_001/20220921_090000.WAV,Telephone Field,recover-20220922,001,1795
653.3965,653.4032,26328,35896,Eptesicus serotinus,0.006,0.026,-1,Echolocation,/mnt/ubna_data_02_mir/recover-20220922/UBNA_001/20220921_090000.WAV,Telephone Field,recover-20220922,001,1795
653.4025,653.4421,68437,82667,Rhinolophus ferrumequinum,0.021,0.021,-1,Echolocation,/mnt/ubna_data_02_mir/recover-20220922/UBNA_001/20220921_090000.WAV,Telephone Field,recover-20220922,001,1795
653.4125,653.4521,68437,82850,Rhinolophus ferrumequinum,0.021,0.021,-1,Echolocation,/mnt/ubna_data_02_mir/recover-20220922/UBNA_001/20220921_090000.WAV,Telephone Field,recover-20220922,001,1795
653.4135,653.4227,53828,57638,Pipistrellus pygmaeus,0.025,0.028,-1,Echolocation,/mnt/ubna_data_02_mir/recover-20220922/UBNA_001/20220921_090000.WAV,Telephone Field,recover-20220922,001,1795
653.4195,653.4294,28046,36710,Eptesicus serotinus,0.009,0.021,-1,Echolocation,/mnt/ubna_data_02_mir/recover-20220922/UBNA_001/20220921_090000.WAV,Telephone Field,recover-20220922,001,1795
653.4495,653.4883,68437,81793,Rhinolophus ferrumequinum,0.042,0.042,-1,Echolocation,/mnt/ubna_data_02_mir/recover-20220922/UBNA_001/20220921_090000.WAV,Telephone Field,recover-20220922,001,1795
653.4735000000001,653.512,68437,82094,Rhinolophus ferrumequinum,0.021,0.021,-1,Echolocation,/mnt/ubna_data_02_mir/recover-20220922/UBNA_001/20220921_090000.WAV,Telephone Field,recover-20220922,001,1795
653.4825,653.5173,68437,80952,Rhinolophus ferrumequinum,0.021,0.021,-1,Echolocation,/mnt/ubna_data_02_mir/recover-20220922/UBNA_001/20220921_090000.WAV,Telephone Field,recover-20220922,001,1795
653.4995,653.5391,68437,82451,Rhinolophus ferrumequinum,0.024,0.024,-1,Echolocation,/mnt/ubna_data_02_mir/recover-20220922/UBNA_001/20220921_090000.WAV,Telephone Field,recover-20220922,001,1795
653.5395,653.5786,68437,81998,Rhinolophus ferrumequinum,0.024,0.024,-1,Echolocation,/mnt/ubna_data_02_mir/recover-20220922/UBNA_001/20220921_090000.WAV,Telephone Field,recover-20220922,001,1795
653.5665,653.5748,28046,38365,Eptesicus serotinus,0.009,0.024,-1,Echolocation,/mnt/ubna_data_02_mir/recover-20220922/UBNA_001/20220921_090000.WAV,Telephone Field,recover-20220922,001,1795
653.5915,653.6017,28046,35360,Eptesicus serotinus,0.01,0.023,-1,Echolocation,/mnt/ubna_data_02_mir/recover-20220922/UBNA_001/20220921_090000.WAV,Telephone Field,recover-20220922,001,1795
653.6065,653.6475,68437,82795,Rhinolophus ferrumequinum,0.025,0.025,-1,Echolocation,/mnt/ubna_data_02_mir/recover-20220922/UBNA_001/20220921_090000.WAV,Telephone Field,recover-20220922,001,1795
653.6085,653.618,28046,38247,Eptesicus serotinus,0.009,0.023,-1,Echolocation,/mnt/ubna_data_02_mir/recover-20220922/UBNA_001/20220921_090000.WAV,Telephone Field,recover-20220922,001,1795
653.7155,653.7577,68437,82926,Rhinolophus ferrumequinum,0.028,0.028,-1,Echolocation,/mnt/ubna_data_02_mir/recover-20220922/UBNA_001/20220921_090000.WAV,Telephone Field,recover-20220922,001,1795
653.7305,653.7724,68437,82557,Rhinolophus ferrumequinum,0.025,0.026,-1,Echolocation,/mnt/ubna_data_02_mir/recover-20220922/UBNA_001/20220921_090000.WAV,Telephone Field,recover-20220922,001,1795
653.7375,653.7816,68437,83497,Rhinolophus ferrumequinum,0.026,0.026,-1,Echolocation,/mnt/ubna_data_02_mir/recover-20220922/UBNA_001/20220921_090000.WAV,Telephone Field,recover-20220922,001,1795
653.7495,653.7575,46953,51267,Pipistrellus pipistrellus,0.027,0.029,-1,Echolocation,/mnt/ubna_data_02_mir/recover-20220922/UBNA_001/20220921_090000.WAV,Telephone Field,recover-20220922,001,1795
653.8145,653.8522,68437,81420,Rhinolophus ferrumequinum,0.022,0.022,-1,Echolocation,/mnt/ubna_data_02_mir/recover-20220922/UBNA_001/20220921_090000.WAV,Telephone Field,recover-20220922,001,1795
653.8395,653.8825,68437,83237,Rhinolophus ferrumequinum,0.028,0.028,-1,Echolocation,/mnt/ubna_data_02_mir/recover-20220922/UBNA_001/20220921_090000.WAV,Telephone Field,recover-20220922,001,1795
653.8485000000001,653.8878,68437,82574,Rhinolophus ferrumequinum,0.022,0.022,-1,Echolocation,/mnt/ubna_data_02_mir/recover-20220922/UBNA_001/20220921_090000.WAV,Telephone Field,recover-20220922,001,1795
653.8685,653.875,28046,41050,Eptesicus serotinus,0.007,0.028,-1,Echolocation,/mnt/ubna_data_02_mir/recover-20220922/UBNA_001/20220921_090000.WAV,Telephone Field,recover-20220922,001,1795
653.8985,653.9343,68437,82081,Rhinolophus ferrumequinum,0.021,0.021,-1,Echolocation,/mnt/ubna_data_02_mir/recover-20220922/UBNA_001/20220921_090000.WAV,Telephone Field,recover-20220922,001,1795
653.9235,653.9659,68437,83036,Rhinolophus ferrumequinum,0.025,0.025,-1,Echolocation,/mnt/ubna_data_02_mir/recover-20220922/UBNA_001/20220921_090000.WAV,Telephone Field,recover-20220922,001,1795
653.9345,653.9437,23750,31027,Nyctalus leisleri,0.009,0.027,-1,Echolocation,/mnt/ubna_data_02_mir/recover-20220922/UBNA_001/20220921_090000.WAV,Telephone Field,recover-20220922,001,1795
653.9365,653.9758,68437,82398,Rhinolophus ferrumequinum,0.021,0.021,-1,Echolocation,/mnt/ubna_data_02_mir/recover-20220922/UBNA_001/20220921_090000.WAV,Telephone Field,recover-20220922,001,1795
653.9445,653.9842,68437,82153,Rhinolophus ferrumequinum,0.022,0.022,-1,Echolocation,/mnt/ubna_data_02_mir/recover-20220922/UBNA_001/20220921_090000.WAV,Telephone Field,recover-20220922,001,1795
653.9635,653.9989,68437,81735,Rhinolophus ferrumequinum,0.022,0.023,-1,Echolocation,/mnt/ubna_data_02_mir/recover-20220922/UBNA_001/20220921_090000.WAV,Telephone Field,recover-20220922,001,1795
653.9835,653.9896,33203,48417,Myotis daubentonii,0.013,0.028,-1,Echolocation,/mnt/ubna_data_02_mir/recover-20220922/UBNA_001/20220921_090000.WAV,Telephone Field,recover-20220922,001,1795
653.9865,653.9942,23750,36567,Plecotus austriacus,0.008,0.023,-1,Echolocation,/mnt/ubna_data_02_mir/recover-20220922/UBNA_001/20220921_090000.WAV,Telephone Field,recover-20220922,001,1795
654.0015,654.0099,36640,45538,Pipistrellus nathusii,0.014,0.026,-1,Echolocation,/mnt/ubna_data_02_mir/recover-20220922/UBNA_001/20220921_090000.WAV,Telephone Field,recover-20220922,001,1795
654.0015,654.034,68437,80541,Rhinolophus ferrumequinum,0.032,0.032,-1,Echolocation,/mnt/ubna_data_02_mir/recover-20220922/UBNA_001/20220921_090000.WAV,Telephone Field,recover-20220922,001,1795
654.0015,654.0102,22890,30694,Nyctalus leisleri,0.013,0.038,-1,Echolocation,/mnt/ubna_data_02_mir/recover-20220922/UBNA_001/20220921_090000.WAV,Telephone Field,recover-20220922,001,1795
654.0015,654.0107,48671,52267,Pipistrellus pipistrellus,0.03,0.038,-1,Echolocation,/mnt/ubna_data_02_mir/recover-20220922/UBNA_001/20220921_090000.WAV,Telephone Field,recover-20220922,001,1795
654.0085,654.0509,68437,82667,Rhinolophus ferrumequinum,0.022,0.022,-1,Echolocation,/mnt/ubna_data_02_mir/recover-20220922/UBNA_001/20220921_090000.WAV,Telephone Field,recover-20220922,001,1795
654.0245,654.066,68437,82283,Rhinolophus ferrumequinum,0.023,0.023,-1,Echolocation,/mnt/ubna_data_02_mir/recover-20220922/UBNA_001/20220921_090000.WAV,Telephone Field,recover-20220922,001,1795
654.0395,654.0481,27187,37256,Eptesicus serotinus,0.007,0.021,-1,Echolocation,/mnt/ubna_data_02_mir/recover-20220922/UBNA_001/20220921_090000.WAV,Telephone Field,recover-20220922,001,1795
654.0705,654.0924,17734,20646,Nyctalus noctula,0.012,0.023,-1,Echolocation,/mnt/ubna_data_02_mir/recover-20220922/UBNA_001/20220921_090000.WAV,Telephone Field,recover-20220922,001,1795
654.0725,654.1112,68437,82439,Rhinolophus ferrumequinum,0.024,0.024,-1,Echolocation,/mnt/ubna_data_02_mir/recover-20220922/UBNA_001/20220921_090000.WAV,Telephone Field,recover-20220922,001,1795
654.0785,654.0859,28046,38702,Eptesicus serotinus,0.01,0.028,-1,Echolocation,/mnt/ubna_data_02_mir/recover-20220922/UBNA_001/20220921_090000.WAV,Telephone Field,recover-20220922,001,1795
654.1265,654.1356,28046,40427,Eptesicus serotinus,0.007,0.022,-1,Echolocation,/mnt/ubna_data_02_mir/recover-20220922/UBNA_001/20220921_090000.WAV,Telephone Field,recover-20220922,001,1795
654.2155,654.2363,19453,22104,Nyctalus leisleri,0.015,0.028,-1,Echolocation,/mnt/ubna_data_02_mir/recover-20220922/UBNA_001/20220921_090000.WAV,Telephone Field,recover-20220922,001,1795
654.2185,654.2588,68437,82330,Rhinolophus ferrumequinum,0.021,0.021,-1,Echolocation,/mnt/ubna_data_02_mir/recover-20220922/UBNA_001/20220921_090000.WAV,Telephone Field,recover-20220922,001,1795
654.2595,654.3013,68437,82679,Rhinolophus ferrumequinum,0.032,0.032,-1,Echolocation,/mnt/ubna_data_02_mir/recover-20220922/UBNA_001/20220921_090000.WAV,Telephone Field,recover-20220922,001,1795
654.2725,654.3138,68437,82353,Rhinolophus ferrumequinum,0.024,0.024,-1,Echolocation,/mnt/ubna_data_02_mir/recover-20220922/UBNA_001/20220921_090000.WAV,Telephone Field,recover-20220922,001,1795
654.2825,654.3251,68437,82835,Rhinolophus ferrumequinum,0.024,0.024,-1,Echolocation,/mnt/ubna_data_02_mir/recover-20220922/UBNA_001/20220921_090000.WAV,Telephone Field,recover-20220922,001,1795
654.2865,654.2947,27187,37865,Eptesicus serotinus,0.007,0.021,-1,Echolocation,/mnt/ubna_data_02_mir/recover-20220922/UBNA_001/20220921_090000.WAV,Telephone Field,recover-20220922,001,1795
654.3295,654.3715,68437,82518,Rhinolophus ferrumequinum,0.023,0.023,-1,Echolocation,/mnt/ubna_data_02_mir/recover-20220922/UBNA_001/20220921_090000.WAV,Telephone Field,recover-20220922,001,1795
654.3485000000001,654.3833,68437,80717,Rhinolophus ferrumequinum,0.021,0.021,-1,Echolocation,/mnt/ubna_data_02_mir/recover-20220922/UBNA_001/20220921_090000.WAV,Telephone Field,recover-20220922,001,1795
654.3995,654.4381,68437,82000,Rhinolophus ferrumequinum,0.022,0.022,-1,Echolocation,/mnt/ubna_data_02_mir/recover-20220922/UBNA_001/20220921_090000.WAV,Telephone Field,recover-20220922,001,1795
654.4195,654.4605,68437,82825,Rhinolophus ferrumequinum,0.024,0.024,-1,Echolocation,/mnt/ubna_data_02_mir/recover-20220922/UBNA_001/20220921_090000.WAV,Telephone Field,recover-20220922,001,1795
654.4235,654.4358,24609,30501,Nyctalus leisleri,0.016,0.036,-1,Echolocation,/mnt/ubna_data_02_mir/recover-20220922/UBNA_001/20220921_090000.WAV,Telephone Field,recover-20220922,001,1795
654.4405,654.4493,25468,34165,Eptesicus serotinus,0.008,0.023,-1,Echolocation,/mnt/ubna_data_02_mir/recover-20220922/UBNA_001/20220921_090000.WAV,Telephone Field,recover-20220922,001,1795
654.4405,654.4789,68437,82367,Rhinolophus ferrumequinum,0.025,0.026,-1,Echolocation,/mnt/ubna_data_02_mir/recover-20220922/UBNA_001/20220921_090000.WAV,Telephone Field,recover-20220922,001,1795
654.4555,654.4633,28906,40237,Eptesicus serotinus,0.008,0.029,-1,Echolocation,/mnt/ubna_data_02_mir/recover-20220922/UBNA_001/20220921_090000.WAV,Telephone Field,recover-20220922,001,1795
654.4945,654.5065,22890,27784,Nyctalus leisleri,0.01,0.021,-1,Echolocation,/mnt/ubna_data_02_mir/recover-20220922/UBNA_001/20220921_090000.WAV,Telephone Field,recover-20220922,001,1795
654.4965,654.5331,68437,81643,Rhinolophus ferrumequinum,0.021,0.021,-1,Echolocation,/mnt/ubna_data_02_mir/recover-20220922/UBNA_001/20220921_090000.WAV,Telephone Field,recover-20220922,001,1795
654.5055,654.5129,28046,37331,Eptesicus serotinus,0.006,0.021,-1,Echolocation,/mnt/ubna_data_02_mir/recover-20220922/UBNA_001/20220921_090000.WAV,Telephone Field,recover-20220922,001,1795
654.5325,654.5717,68437,82496,Rhinolophus ferrumequinum,0.033,0.033,-1,Echolocation,/mnt/ubna_data_02_mir/recover-20220922/UBNA_001/20220921_090000.WAV,Telephone Field,recover-20220922,001,1795
654.5555,654.5945,68437,82005,Rhinolophus ferrumequinum,0.027,0.027,-1,Echolocation,/mnt/ubna_data_02_mir/recover-20220922/UBNA_001/20220921_090000.WAV,Telephone Field,recover-20220922,001,1795
654.6005,654.6114,50390,55186,Pipistrellus pipistrellus,0.016,0.022,-1,Echolocation,/mnt/ubna_data_02_mir/recover-20220922/UBNA_001/20220921_090000.WAV,Telephone Field,recover-20220922,001,1795
654.6625,654.6723,26328,34242,Eptesicus serotinus,0.008,0.024,-1,Echolocation,/mnt/ubna_data_02_mir/recover-20220922/UBNA_001/20220921_090000.WAV,Telephone Field,recover-20220922,001,1795
654.7415,654.7814,68437,82621,Rhinolophus ferrumequinum,0.021,0.021,-1,Echolocation,/mnt/ubna_data_02_mir/recover-20220922/UBNA_001/20220921_090000.WAV,Telephone Field,recover-20220922,001,1795
654.7625,654.7706000000001,23750,31916,Plecotus austriacus,0.013,0.029,-1,Echolocation,/mnt/ubna_data_02_mir/recover-20220922/UBNA_001/20220921_090000.WAV,Telephone Field,recover-20220922,001,1795
654.7645,654.8025,68437,81860,Rhinolophus ferrumequinum,0.023,0.023,-1,Echolocation,/mnt/ubna_data_02_mir/recover-20220922/UBNA_001/20220921_090000.WAV,Telephone Field,recover-20220922,001,1795
654.8375,654.8467,28046,37024,Eptesicus serotinus,0.01,0.025,-1,Echolocation,/mnt/ubna_data_02_mir/recover-20220922/UBNA_001/20220921_090000.WAV,Telephone Field,recover-20220922,001,1795
654.8615,654.9012,68437,82213,Rhinolophus ferrumequinum,0.022,0.022,-1,Echolocation,/mnt/ubna_data_02_mir/recover-20220922/UBNA_001/20220921_090000.WAV,Telephone Field,recover-20220922,001,1795
654.8735,654.9110000000001,68437,81515,Rhinolophus ferrumequinum,0.023,0.023,-1,Echolocation,/mnt/ubna_data_02_mir/recover-20220922/UBNA_001/20220921_090000.WAV,Telephone Field,recover-20220922,001,1795
654.8785,654.8887,24609,30788,Nyctalus leisleri,0.008,0.021,-1,Echolocation,/mnt/ubna_data_02_mir/recover-20220922/UBNA_001/20220921_090000.WAV,Telephone Field,recover-20220922,001,1795
654.9315,654.9414,22890,29468,Nyctalus leisleri,0.027,0.093,-1,Echolocation,/mnt/ubna_data_02_mir/recover-20220922/UBNA_001/20220921_090000.WAV,Telephone Field,recover-20220922,001,1795
654.9465,654.987,68437,82544,Rhinolophus ferrumequinum,0.022,0.022,-1,Echolocation,/mnt/ubna_data_02_mir/recover-20220922/UBNA_001/20220921_090000.WAV,Telephone Field,recover-20220922,001,1795
654.9525,654.9601,46953,54181,Pipistrellus pipistrellus,0.024,0.027,-1,Echolocation,/mnt/ubna_data_02_mir/recover-20220922/UBNA_001/20220921_090000.WAV,Telephone Field,recover-20220922,001,1795
654.9615,654.9697,27187,38661,Eptesicus serotinus,0.007,0.021,-1,Echolocation,/mnt/ubna_data_02_mir/recover-20220922/UBNA_001/20220921_090000.WAV,Telephone Field,recover-20220922,001,1795
654.9805,655.0198,68437,82201,Rhinolophus ferrumequinum,0.021,0.021,-1,Echolocation,/mnt/ubna_data_02_mir/recover-20220922/UBNA_001/20220921_090000.WAV,Telephone Field,recover-20220922,001,1795
654.9885,654.9979,28046,37517,Eptesicus serotinus,0.009,0.023,-1,Echolocation,/mnt/ubna_data_02_mir/recover-20220922/UBNA_001/20220921_090000.WAV,Telephone Field,recover-20220922,001,1795
655.0135,655.0227,29765,40499,Eptesicus serotinus,0.007,0.021,-1,Echolocation,/mnt/ubna_data_02_mir/recover-20220922/UBNA_001/20220921_090000.WAV,Telephone Field,recover-20220922,001,1795
655.0225,655.0625,68437,82421,Rhinolophus ferrumequinum,0.021,0.021,-1,Echolocation,/mnt/ubna_data_02_mir/recover-20220922/UBNA_001/20220921_090000.WAV,Telephone Field,recover-20220922,001,1795
655.0455,655.0561,22890,27178,Nyctalus leisleri,0.014,0.025,-1,Echolocation,/mnt/ubna_data_02_mir/recover-20220922/UBNA_001/20220921_090000.WAV,Telephone Field,recover-20220922,001,1795
655.0675,655.0772,28906,37428,Eptesicus serotinus,0.01,0.025,-1,Echolocation,/mnt/ubna_data_02_mir/recover-20220922/UBNA_001/20220921_090000.WAV,Telephone Field,recover-20220922,001,1795
655.1885,655.2275,68437,81881,Rhinolophus ferrumequinum,0.021,0.021,-1,Echolocation,/mnt/ubna_data_02_mir/recover-20220922/UBNA_001/20220921_090000.WAV,Telephone Field,recover-20220922,001,1795
655.2085,655.218,23750,31216,Nyctalus leisleri,0.007,0.022,-1,Echolocation,/mnt/ubna_data_02_mir/recover-20220922/UBNA_001/20220921_090000.WAV,Telephone Field,recover-20220922,001,1795
655.2155,655.2246,23750,30941,Plecotus austriacus,0.007,0.021,-1,Echolocation,/mnt/ubna_data_02_mir/recover-20220922/UBNA_001/20220921_090000.WAV,Telephone Field,recover-20220922,001,1795
655.2165,655.2555,68437,82239,Rhinolophus ferrumequinum,0.021,0.021,-1,Echolocation,/mnt/ubna_data_02_mir/recover-20220922/UBNA_001/20220921_090000.WAV,Telephone Field,recover-20220922,001,1795
655.2455,655.2571,23750,29883,Nyctalus leisleri,0.011,0.025,-1,Echolocation,/mnt/ubna_data_02_mir/recover-20220922/UBNA_001/20220921_090000.WAV,Telephone Field,recover-20220922,001,1795
655.2895,655.2969,27187,38870,Eptesicus serotinus,0.012,0.036,-1,Echolocation,/mnt/ubna_data_02_mir/recover-20220922/UBNA_001/20220921_090000.WAV,Telephone Field,recover-20220922,001,1795
655.3315,655.3706999999999,68437,82039,Rhinolophus ferrumequinum,0.023,0.023,-1,Echolocation,/mnt/ubna_data_02_mir/recover-20220922/UBNA_001/20220921_090000.WAV,Telephone Field,recover-20220922,001,1795
655.3395,655.3755,68437,82107,Rhinolophus ferrumequinum,0.021,0.021,-1,Echolocation,/mnt/ubna_data_02_mir/recover-20220922/UBNA_001/20220921_090000.WAV,Telephone Field,recover-20220922,001,1795
655.3795,655.4173,68437,81891,Rhinolophus ferrumequinum,0.021,0.021,-1,Echolocation,/mnt/ubna_data_02_mir/recover-20220922/UBNA_001/20220921_090000.WAV,Telephone Field,recover-20220922,001,1795
655.4115,655.4507,68437,82182,Rhinolophus ferrumequinum,0.021,0.021,-1,Echolocation,/mnt/ubna_data_02_mir/recover-20220922/UBNA_001/20220921_090000.WAV,Telephone Field,recover-20220922,001,1795
655.4145,655.4242,28906,37629,Eptesicus serotinus,0.011,0.024,-1,Echolocation,/mnt/ubna_data_02_mir/recover-20220922/UBNA_001/20220921_090000.WAV,Telephone Field,recover-20220922,001,1795
655.4455,655.4852,68437,82443,Rhinolophus ferrumequinum,0.024,0.024,-1,Echolocation,/mnt/ubna_data_02_mir/recover-20220922/UBNA_001/20220921_090000.WAV,Telephone Field,recover-20220922,001,1795
655.4565,655.4687,34062,38940,Eptesicus serotinus,0.009,0.035,-1,Echolocation,/mnt/ubna_data_02_mir/recover-20220922/UBNA_001/20220921_090000.WAV,Telephone Field,recover-20220922,001,1795
655.4955,655.532,68437,81677,Rhinolophus ferrumequinum,0.021,0.021,-1,Echolocation,/mnt/ubna_data_02_mir/recover-20220922/UBNA_001/20220921_090000.WAV,Telephone Field,recover-20220922,001,1795
655.5215,655.5644,68437,82837,Rhinolophus ferrumequinum,0.029,0.029,-1,Echolocation,/mnt/ubna_data_02_mir/recover-20220922/UBNA_001/20220921_090000.WAV,Telephone Field,recover-20220922,001,1795
655.5295,655.5366,28906,38187,Eptesicus serotinus,0.009,0.027,-1,Echolocation,/mnt/ubna_data_02_mir/recover-20220922/UBNA_001/20220921_090000.WAV,Telephone Field,recover-20220922,001,1795
655.5495,655.5604,28046,35804,Eptesicus serotinus,0.011,0.024,-1,Echolocation,/mnt/ubna_data_02_mir/recover-20220922/UBNA_001/20220921_090000.WAV,Telephone Field,recover-20220922,001,1795
655.5515,655.5875,68437,81726,Rhinolophus ferrumequinum,0.021,0.021,-1,Echolocation,/mnt/ubna_data_02_mir/recover-20220922/UBNA_001/20220921_090000.WAV,Telephone Field,recover-20220922,001,1795
655.5875,655.6263,68437,81584,Rhinolophus ferrumequinum,0.022,0.022,-1,Echolocation,/mnt/ubna_data_02_mir/recover-20220922/UBNA_001/20220921_090000.WAV,Telephone Field,recover-20220922,001,1795
655.5985000000001,655.609,24609,32287,Nyctalus leisleri,0.017,0.049,-1,Echolocation,/mnt/ubna_data_02_mir/recover-20220922/UBNA_001/20220921_090000.WAV,Telephone Field,recover-20220922,001,1795
655.6065,655.6456000000001,68437,82408,Rhinolophus ferrumequinum,0.022,0.022,-1,Echolocation,/mnt/ubna_data_02_mir/recover-20220922/UBNA_001/20220921_090000.WAV,Telephone Field,recover-20220922,001,1795
655.6075,655.6201,23750,29400,Nyctalus leisleri,0.016,0.031,-1,Echolocation,/mnt/ubna_data_02_mir/recover-20220922/UBNA_001/20220921_090000.WAV,Telephone Field,recover-20220922,001,1795
655.6435,655.6516,28906,39525,Eptesicus serotinus,0.009,0.027,-1,Echolocation,/mnt/ubna_data_02_mir/recover-20220922/UBNA_001/20220921_090000.WAV,Telephone Field,recover-20220922,001,1795
655.6715,655.7099,68437,82384,Rhinolophus ferrumequinum,0.025,0.025,-1,Echolocation,/mnt/ubna_data_02_mir/recover-20220922/UBNA_001/20220921_090000.WAV,Telephone Field,recover-20220922,001,1795
655.6755,655.6831999999999,27187,39777,Eptesicus serotinus,0.008,0.023,-1,Echolocation,/mnt/ubna_data_02_mir/recover-20220922/UBNA_001/20220921_090000.WAV,Telephone Field,recover-20220922,001,1795
655.6935,655.7328,68437,82297,Rhinolophus ferrumequinum,0.021,0.021,-1,Echolocation,/mnt/ubna_data_02_mir/recover-20220922/UBNA_001/20220921_090000.WAV,Telephone Field,recover-20220922,001,1795
655.7145,655.7539,68437,82633,Rhinolophus ferrumequinum,0.026,0.026,-1,Echolocation,/mnt/ubna_data_02_mir/recover-20220922/UBNA_001/20220921_090000.WAV,Telephone Field,recover-20220922,001,1795
655.7295,655.7385,45234,50173,Pipistrellus pipistrellus,0.075,0.08,-1,Echolocation,/mnt/ubna_data_02_mir/recover-20220922/UBNA_001/20220921_090000.WAV,Telephone Field,recover-20220922,001,1795
655.7764999999999,655.818,68437,82348,Rhinolophus ferrumequinum,0.022,0.022,-1,Echolocation,/mnt/ubna_data_02_mir/recover-20220922/UBNA_001/20220921_090000.WAV,Telephone Field,recover-20220922,001,1795
655.7825,655.7926,23750,31450,Eptesicus serotinus,0.007,0.022,-1,Echolocation,/mnt/ubna_data_02_mir/recover-20220922/UBNA_001/20220921_090000.WAV,Telephone Field,recover-20220922,001,1795
655.8015,655.8462,68437,83176,Rhinolophus ferrumequinum,0.034,0.034,-1,Echolocation,/mnt/ubna_data_02_mir/recover-20220922/UBNA_001/20220921_090000.WAV,Telephone Field,recover-20220922,001,1795
655.8275,655.8362,28906,37051,Eptesicus serotinus,0.007,0.021,-1,Echolocation,/mnt/ubna_data_02_mir/recover-20220922/UBNA_001/20220921_090000.WAV,Telephone Field,recover-20220922,001,1795
655.8405,655.878,68437,81014,Rhinolophus ferrumequinum,0.022,0.022,-1,Echolocation,/mnt/ubna_data_02_mir/recover-20220922/UBNA_001/20220921_090000.WAV,Telephone Field,recover-20220922,001,1795
655.8765,655.8876,23750,30596,Nyctalus leisleri,0.01,0.028,-1,Echolocation,/mnt/ubna_data_02_mir/recover-20220922/UBNA_001/20220921_090000.WAV,Telephone Field,recover-20220922,001,1795
655.8845,655.8899,50390,55313,Pipistrellus pipistrellus,0.02,0.021,-1,Echolocation,/mnt/ubna_data_02_mir/recover-20220922/UBNA_001/20220921_090000.WAV,Telephone Field,recover-20220922,001,1795
655.9055,655.9148,28906,38997,Eptesicus serotinus,0.008,0.021,-1,Echolocation,/mnt/ubna_data_02_mir/recover-20220922/UBNA_001/20220921_090000.WAV,Telephone Field,recover-20220922,001,1795
655.9355,655.9477,24609,29975,Nyctalus leisleri,0.011,0.025,-1,Echolocation,/mnt/ubna_data_02_mir/recover-20220922/UBNA_001/20220921_090000.WAV,Telephone Field,recover-20220922,001,1795
655.9545,655.9628,28906,37447,Eptesicus serotinus,0.008,0.022,-1,Echolocation,/mnt/ubna_data_02_mir/recover-20220922/UBNA_001/20220921_090000.WAV,Telephone Field,recover-20220922,001,1795
655.9555,655.9654,22031,26872,Nyctalus leisleri,0.01,0.024,-1,Echolocation,/mnt/ubna_data_02_mir/recover-20220922/UBNA_001/20220921_090000.WAV,Telephone Field,recover-20220922,001,1795
656.0015,656.0092,25468,35477,Nyctalus leisleri,0.005,0.024,-1,Echolocation,/mnt/ubna_data_02_mir/recover-20220922/UBNA_001/20220921_090000.WAV,Telephone Field,recover-20220922,001,1795
656.0015,656.0333,69296,81386,Rhinolophus ferrumequinum,0.029,0.029,-1,Echolocation,/mnt/ubna_data_02_mir/recover-20220922/UBNA_001/20220921_090000.WAV,Telephone Field,recover-20220922,001,1795
656.0195,656.0284,46093,50189,Pipistrellus pipistrellus,0.022,0.024,-1,Echolocation,/mnt/ubna_data_02_mir/recover-20220922/UBNA_001/20220921_090000.WAV,Telephone Field,recover-20220922,001,1795
656.0305,656.0394,26328,34059,Eptesicus serotinus,0.011,0.028,-1,Echolocation,/mnt/ubna_data_02_mir/recover-20220922/UBNA_001/20220921_090000.WAV,Telephone Field,recover-20220922,001,1795
656.0645,656.0716,26328,38732,Eptesicus serotinus,0.006,0.024,-1,Echolocation,/mnt/ubna_data_02_mir/recover-20220922/UBNA_001/20220921_090000.WAV,Telephone Field,recover-20220922,001,1795
656.0695,656.0807,22890,27868,Nyctalus leisleri,0.011,0.023,-1,Echolocation,/mnt/ubna_data_02_mir/recover-20220922/UBNA_001/20220921_090000.WAV,Telephone Field,recover-20220922,001,1795
656.0935,656.1156,17734,20785,Nyctalus noctula,0.051,0.085,-1,Echolocation,/mnt/ubna_data_02_mir/recover-20220922/UBNA_001/20220921_090000.WAV,Telephone Field,recover-20220922,001,1795
656.1025,656.1427,68437,83163,Rhinolophus ferrumequinum,0.026,0.026,-1,Echolocation,/mnt/ubna_data_02_mir/recover-20220922/UBNA_001/20220921_090000.WAV,Telephone Field,recover-20220922,001,1795
656.1235,656.1342,22031,27102,Nyctalus leisleri,0.01,0.022,-1,Echolocation,/mnt/ubna_data_02_mir/recover-20220922/UBNA_001/20220921_090000.WAV,Telephone Field,recover-20220922,001,1795
656.1385,656.18,68437,82972,Rhinolophus ferrumequinum,0.025,0.025,-1,Echolocation,/mnt/ubna_data_02_mir/recover-20220922/UBNA_001/20220921_090000.WAV,Telephone Field,recover-20220922,001,1795
656.1655,656.2066,68437,82838,Rhinolophus ferrumequinum,0.022,0.022,-1,Echolocation,/mnt/ubna_data_02_mir/recover-20220922/UBNA_001/20220921_090000.WAV,Telephone Field,recover-20220922,001,1795
656.2125,656.2489,68437,81796,Rhinolophus ferrumequinum,0.023,0.023,-1,Echolocation,/mnt/ubna_data_02_mir/recover-20220922/UBNA_001/20220921_090000.WAV,Telephone Field,recover-20220922,001,1795
656.2215,656.2638,68437,82735,Rhinolophus ferrumequinum,0.03,0.03,-1,Echolocation,/mnt/ubna_data_02_mir/recover-20220922/UBNA_001/20220921_090000.WAV,Telephone Field,recover-20220922,001,1795
656.2525,656.26,13437,24838,Plecotus auritus,0.021,0.025,-1,Echolocation,/mnt/ubna_data_02_mir/recover-20220922/UBNA_001/20220921_090000.WAV,Telephone Field,recover-20220922,001,1795
656.2535,656.2916,68437,82289,Rhinolophus ferrumequinum,0.023,0.023,-1,Echolocation,/mnt/ubna_data_02_mir/recover-20220922/UBNA_001/20220921_090000.WAV,Telephone Field,recover-20220922,001,1795
656.2925,656.3351,68437,83205,Rhinolophus ferrumequinum,0.036,0.036,-1,Echolocation,/mnt/ubna_data_02_mir/recover-20220922/UBNA_001/20220921_090000.WAV,Telephone Field,recover-20220922,001,1795
656.3795,656.3897,28906,35869,Eptesicus serotinus,0.016,0.032,-1,Echolocation,/mnt/ubna_data_02_mir/recover-20220922/UBNA_001/20220921_090000.WAV,Telephone Field,recover-20220922,001,1795
656.4075,656.4477,68437,82972,Rhinolophus ferrumequinum,0.026,0.026,-1,Echolocation,/mnt/ubna_data_02_mir/recover-20220922/UBNA_001/20220921_090000.WAV,Telephone Field,recover-20220922,001,1795
656.4455,656.4551,28046,37726,Eptesicus serotinus,0.009,0.022,-1,Echolocation,/mnt/ubna_data_02_mir/recover-20220922/UBNA_001/20220921_090000.WAV,Telephone Field,recover-20220922,001,1795
656.4495,656.49,68437,82555,Rhinolophus ferrumequinum,0.024,0.024,-1,Echolocation,/mnt/ubna_data_02_mir/recover-20220922/UBNA_001/20220921_090000.WAV,Telephone Field,recover-20220922,001,1795
656.4625,656.472,28046,38030,Eptesicus serotinus,0.01,0.024,-1,Echolocation,/mnt/ubna_data_02_mir/recover-20220922/UBNA_001/20220921_090000.WAV,Telephone Field,recover-20220922,001,1795
656.5405,656.5808,68437,82504,Rhinolophus ferrumequinum,0.024,0.024,-1,Echolocation,/mnt/ubna_data_02_mir/recover-20220922/UBNA_001/20220921_090000.WAV,Telephone Field,recover-20220922,001,1795
656.5425,656.5526,28046,37489,Eptesicus serotinus,0.014,0.03,-1,Echolocation,/mnt/ubna_data_02_mir/recover-20220922/UBNA_001/20220921_090000.WAV,Telephone Field,recover-20220922,001,1795
656.6155,656.6537,68437,82114,Rhinolophus ferrumequinum,0.024,0.024,-1,Echolocation,/mnt/ubna_data_02_mir/recover-20220922/UBNA_001/20220921_090000.WAV,Telephone Field,recover-20220922,001,1795
656.6225,656.6323,23750,31057,Nyctalus leisleri,0.009,0.024,-1,Echolocation,/mnt/ubna_data_02_mir/recover-20220922/UBNA_001/20220921_090000.WAV,Telephone Field,recover-20220922,001,1795
656.6285,656.6382,27187,35061,Eptesicus serotinus,0.011,0.023,-1,Echolocation,/mnt/ubna_data_02_mir/recover-20220922/UBNA_001/20220921_090000.WAV,Telephone Field,recover-20220922,001,1795
656.6695,656.6767,28046,41119,Eptesicus serotinus,0.007,0.024,-1,Echolocation,/mnt/ubna_data_02_mir/recover-20220922/UBNA_001/20220921_090000.WAV,Telephone Field,recover-20220922,001,1795
656.7245,656.7312,23750,32656,Plecotus austriacus,0.013,0.03,-1,Echolocation,/mnt/ubna_data_02_mir/recover-20220922/UBNA_001/20220921_090000.WAV,Telephone Field,recover-20220922,001,1795
656.7485,656.7886,68437,82557,Rhinolophus ferrumequinum,0.024,0.024,-1,Echolocation,/mnt/ubna_data_02_mir/recover-20220922/UBNA_001/20220921_090000.WAV,Telephone Field,recover-20220922,001,1795
656.7705,656.8089,68437,81458,Rhinolophus ferrumequinum,0.024,0.024,-1,Echolocation,/mnt/ubna_data_02_mir/recover-20220922/UBNA_001/20220921_090000.WAV,Telephone Field,recover-20220922,001,1795
656.8045,656.8435,68437,82492,Rhinolophus ferrumequinum,0.024,0.024,-1,Echolocation,/mnt/ubna_data_02_mir/recover-20220922/UBNA_001/20220921_090000.WAV,Telephone Field,recover-20220922,001,1795
656.8515,656.8917,68437,82461,Rhinolophus ferrumequinum,0.028,0.028,-1,Echolocation,/mnt/ubna_data_02_mir/recover-20220922/UBNA_001/20220921_090000.WAV,Telephone Field,recover-20220922,001,1795
656.8925,656.9018,27187,36171,Eptesicus serotinus,0.011,0.025,-1,Echolocation,/mnt/ubna_data_02_mir/recover-20220922/UBNA_001/20220921_090000.WAV,Telephone Field,recover-20220922,001,1795
656.9575,656.9974,68437,83021,Rhinolophus ferrumequinum,0.031,0.031,-1,Echolocation,/mnt/ubna_data_02_mir/recover-20220922/UBNA_001/20220921_090000.WAV,Telephone Field,recover-20220922,001,1795
656.9935,656.9994,50390,57300,Pipistrellus pipistrellus,0.02,0.023,-1,Echolocation,/mnt/ubna_data_02_mir/recover-20220922/UBNA_001/20220921_090000.WAV,Telephone Field,recover-20220922,001,1795
657.0005,657.0113,14296,21334,Nyctalus noctula,0.014,0.026,-1,Echolocation,/mnt/ubna_data_02_mir/recover-20220922/UBNA_001/20220921_090000.WAV,Telephone Field,recover-20220922,001,1795
657.0405,657.0831000000001,68437,83090,Rhinolophus ferrumequinum,0.029,0.029,-1,Echolocation,/mnt/ubna_data_02_mir/recover-20220922/UBNA_001/20220921_090000.WAV,Telephone Field,recover-20220922,001,1795
657.0565,657.0661,24609,31109,Nyctalus leisleri,0.009,0.024,-1,Echolocation,/mnt/ubna_data_02_mir/recover-20220922/UBNA_001/20220921_090000.WAV,Telephone Field,recover-20220922,001,1795
657.0865,657.1268,68437,82233,Rhinolophus ferrumequinum,0.023,0.023,-1,Echolocation,/mnt/ubna_data_02_mir/recover-20220922/UBNA_001/20220921_090000.WAV,Telephone Field,recover-20220922,001,1795
657.1055,657.1134,50390,54941,Pipistrellus pipistrellus,0.024,0.029,-1,Echolocation,/mnt/ubna_data_02_mir/recover-20220922/UBNA_001/20220921_090000.WAV,Telephone Field,recover-20220922,001,1795
657.1115,657.1516,68437,82283,Rhinolophus ferrumequinum,0.03,0.03,-1,Echolocation,/mnt/ubna_data_02_mir/recover-20220922/UBNA_001/20220921_090000.WAV,Telephone Field,recover-20220922,001,1795
657.1275,657.1345,30625,43456,Myotis daubentonii,0.01,0.025,-1,Echolocation,/mnt/ubna_data_02_mir/recover-20220922/UBNA_001/20220921_090000.WAV,Telephone Field,recover-20220922,001,1795
657.1455,657.1854,68437,82968,Rhinolophus ferrumequinum,0.026,0.026,-1,Echolocation,/mnt/ubna_data_02_mir/recover-20220922/UBNA_001/20220921_090000.WAV,Telephone Field,recover-20220922,001,1795
657.1645,657.1998,68437,81275,Rhinolophus ferrumequinum,0.022,0.022,-1,Echolocation,/mnt/ubna_data_02_mir/recover-20220922/UBNA_001/20220921_090000.WAV,Telephone Field,recover-20220922,001,1795
657.1745,657.1925,20312,23413,Nyctalus leisleri,0.021,0.035,-1,Echolocation,/mnt/ubna_data_02_mir/recover-20220922/UBNA_001/20220921_090000.WAV,Telephone Field,recover-20220922,001,1795
657.1975,657.2074,28046,36147,Eptesicus serotinus,0.01,0.025,-1,Echolocation,/mnt/ubna_data_02_mir/recover-20220922/UBNA_001/20220921_090000.WAV,Telephone Field,recover-20220922,001,1795
657.2125,657.2192,34921,44183,Myotis daubentonii,0.018,0.045,-1,Echolocation,/mnt/ubna_data_02_mir/recover-20220922/UBNA_001/20220921_090000.WAV,Telephone Field,recover-20220922,001,1795
657.2365,657.244,22890,30849,Plecotus austriacus,0.013,0.026,-1,Echolocation,/mnt/ubna_data_02_mir/recover-20220922/UBNA_001/20220921_090000.WAV,Telephone Field,recover-20220922,001,1795
657.2485,657.2874,68437,82627,Rhinolophus ferrumequinum,0.026,0.026,-1,Echolocation,/mnt/ubna_data_02_mir/recover-20220922/UBNA_001/20220921_090000.WAV,Telephone Field,recover-20220922,001,1795
657.2585,657.2992,68437,82535,Rhinolophus ferrumequinum,0.025,0.025,-1,Echolocation,/mnt/ubna_data_02_mir/recover-20220922/UBNA_001/20220921_090000.WAV,Telephone Field,recover-20220922,001,1795
657.2645,657.2789,21171,24525,Nyctalus leisleri,0.015,0.023,-1,Echolocation,/mnt/ubna_data_02_mir/recover-20220922/UBNA_001/20220921_090000.WAV,Telephone Field,recover-20220922,001,1795
657.2995,657.3095,23750,31104,Nyctalus leisleri,0.009,0.026,-1,Echolocation,/mnt/ubna_data_02_mir/recover-20220922/UBNA_001/20220921_090000.WAV,Telephone Field,recover-20220922,001,1795
657.3195,657.3575,68437,82464,Rhinolophus ferrumequinum,0.027,0.027,-1,Echolocation,/mnt/ubna_data_02_mir/recover-20220922/UBNA_001/20220921_090000.WAV,Telephone Field,recover-20220922,001,1795
657.4014999999999,657.4396,68437,81681,Rhinolophus ferrumequinum,0.024,0.024,-1,Echolocation,/mnt/ubna_data_02_mir/recover-20220922/UBNA_001/20220921_090000.WAV,Telephone Field,recover-20220922,001,1795
657.4095,657.4473,68437,82297,Rhinolophus ferrumequinum,0.022,0.022,-1,Echolocation,/mnt/ubna_data_02_mir/recover-20220922/UBNA_001/20220921_090000.WAV,Telephone Field,recover-20220922,001,1795
657.4295,657.4366,49531,53667,Pipistrellus pipistrellus,0.03,0.034,-1,Echolocation,/mnt/ubna_data_02_mir/recover-20220922/UBNA_001/20220921_090000.WAV,Telephone Field,recover-20220922,001,1795
657.4545,657.4923,68437,81830,Rhinolophus ferrumequinum,0.025,0.026,-1,Echolocation,/mnt/ubna_data_02_mir/recover-20220922/UBNA_001/20220921_090000.WAV,Telephone Field,recover-20220922,001,1795
657.4795,657.4906,22890,28031,Nyctalus leisleri,0.011,0.023,-1,Echolocation,/mnt/ubna_data_02_mir/recover-20220922/UBNA_001/20220921_090000.WAV,Telephone Field,recover-20220922,001,1795
657.4845,657.4938,28046,38867,Eptesicus serotinus,0.009,0.023,-1,Echolocation,/mnt/ubna_data_02_mir/recover-20220922/UBNA_001/20220921_090000.WAV,Telephone Field,recover-20220922,001,1795
657.5215,657.5605,68437,82324,Rhinolophus ferrumequinum,0.03,0.03,-1,Echolocation,/mnt/ubna_data_02_mir/recover-20220922/UBNA_001/20220921_090000.WAV,Telephone Field,recover-20220922,001,1795
657.5275,657.5402,22031,25858,Nyctalus leisleri,0.013,0.023,-1,Echolocation,/mnt/ubna_data_02_mir/recover-20220922/UBNA_001/20220921_090000.WAV,Telephone Field,recover-20220922,001,1795
657.5765,657.5881,28906,36041,Eptesicus serotinus,0.013,0.03,-1,Echolocation,/mnt/ubna_data_02_mir/recover-20220922/UBNA_001/20220921_090000.WAV,Telephone Field,recover-20220922,001,1795
657.5805,657.6211,68437,82856,Rhinolophus ferrumequinum,0.024,0.024,-1,Echolocation,/mnt/ubna_data_02_mir/recover-20220922/UBNA_001/20220921_090000.WAV,Telephone Field,recover-20220922,001,1795
657.6115,657.6219,23750,29426,Nyctalus leisleri,0.011,0.027,-1,Echolocation,/mnt/ubna_data_02_mir/recover-20220922/UBNA_001/20220921_090000.WAV,Telephone Field,recover-20220922,001,1795
657.6225,657.6585,68437,81601,Rhinolophus ferrumequinum,0.029,0.029,-1,Echolocation,/mnt/ubna_data_02_mir/recover-20220922/UBNA_001/20220921_090000.WAV,Telephone Field,recover-20220922,001,1795
657.6405,657.648,27187,40924,Eptesicus serotinus,0.007,0.024,-1,Echolocation,/mnt/ubna_data_02_mir/recover-20220922/UBNA_001/20220921_090000.WAV,Telephone Field,recover-20220922,001,1795
657.6495,657.6562,28046,43078,Eptesicus serotinus,0.006,0.022,-1,Echolocation,/mnt/ubna_data_02_mir/recover-20220922/UBNA_001/20220921_090000.WAV,Telephone Field,recover-20220922,001,1795
657.7155,657.724,28046,39714,Eptesicus serotinus,0.011,0.027,-1,Echolocation,/mnt/ubna_data_02_mir/recover-20220922/UBNA_001/20220921_090000.WAV,Telephone Field,recover-20220922,001,1795
657.7545,657.797,68437,82414,Rhinolophus ferrumequinum,0.028,0.029,-1,Echolocation,/mnt/ubna_data_02_mir/recover-20220922/UBNA_001/20220921_090000.WAV,Telephone Field,recover-20220922,001,1795
657.7785,657.8153,68437,81514,Rhinolophus ferrumequinum,0.023,0.023,-1,Echolocation,/mnt/ubna_data_02_mir/recover-20220922/UBNA_001/20220921_090000.WAV,Telephone Field,recover-20220922,001,1795
657.8135,657.8247,14296,19406,Nyctalus noctula,0.023,0.044,-1,Echolocation,/mnt/ubna_data_02_mir/recover-20220922/UBNA_001/20220921_090000.WAV,Telephone Field,recover-20220922,001,1795
657.8255,657.8721,68437,83830,Rhinolophus ferrumequinum,0.043,0.043,-1,Echolocation,/mnt/ubna_data_02_mir/recover-20220922/UBNA_001/20220921_090000.WAV,Telephone Field,recover-20220922,001,1795
657.8315,657.8769,68437,83631,Rhinolophus ferrumequinum,0.043,0.043,-1,Echolocation,/mnt/ubna_data_02_mir/recover-20220922/UBNA_001/20220921_090000.WAV,Telephone Field,recover-20220922,001,1795
657.8995,657.9077,25468,33312,Eptesicus serotinus,0.008,0.023,-1,Echolocation,/mnt/ubna_data_02_mir/recover-20220922/UBNA_001/20220921_090000.WAV,Telephone Field,recover-20220922,001,1795
657.9365,657.9779,68437,82680,Rhinolophus ferrumequinum,0.03,0.03,-1,Echolocation,/mnt/ubna_data_02_mir/recover-20220922/UBNA_001/20220921_090000.WAV,Telephone Field,recover-20220922,001,1795
657.9845,657.9934,28906,40210,Eptesicus serotinus,0.008,0.022,-1,Echolocation,/mnt/ubna_data_02_mir/recover-20220922/UBNA_001/20220921_090000.WAV,Telephone Field,recover-20220922,001,1795
658.0015,658.032,68437,80115,Rhinolophus ferrumequinum,0.043,0.044,-1,Echolocation,/mnt/ubna_data_02_mir/recover-20220922/UBNA_001/20220921_090000.WAV,Telephone Field,recover-20220922,001,1795
658.0015,658.0095,24609,33649,Nyctalus leisleri,0.006,0.025,-1,Echolocation,/mnt/ubna_data_02_mir/recover-20220922/UBNA_001/20220921_090000.WAV,Telephone Field,recover-20220922,001,1795
658.0075,658.0458,68437,81906,Rhinolophus ferrumequinum,0.021,0.021,-1,Echolocation,/mnt/ubna_data_02_mir/recover-20220922/UBNA_001/20220921_090000.WAV,Telephone Field,recover-20220922,001,1795
658.0295,658.0708,68437,83247,Rhinolophus ferrumequinum,0.027,0.027,-1,Echolocation,/mnt/ubna_data_02_mir/recover-20220922/UBNA_001/20220921_090000.WAV,Telephone Field,recover-20220922,001,1795
658.0545,658.0952,68437,82539,Rhinolophus ferrumequinum,0.03,0.03,-1,Echolocation,/mnt/ubna_data_02_mir/recover-20220922/UBNA_001/20220921_090000.WAV,Telephone Field,recover-20220922,001,1795
658.0575,658.0668000000001,22890,30135,Plecotus austriacus,0.008,0.022,-1,Echolocation,/mnt/ubna_data_02_mir/recover-20220922/UBNA_001/20220921_090000.WAV,Telephone Field,recover-20220922,001,1795
658.1015,658.14,68437,81938,Rhinolophus ferrumequinum,0.02,0.02,-1,Echolocation,/mnt/ubna_data_02_mir/recover-20220922/UBNA_001/20220921_090000.WAV,Telephone Field,recover-20220922,001,1795
658.1215,658.1596,68437,82912,Rhinolophus ferrumequinum,0.021,0.021,-1,Echolocation,/mnt/ubna_data_02_mir/recover-20220922/UBNA_001/20220921_090000.WAV,Telephone Field,recover-20220922,001,1795
658.1545,658.1941,68437,82406,Rhinolophus ferrumequinum,0.024,0.024,-1,Echolocation,/mnt/ubna_data_02_mir/recover-20220922/UBNA_001/20220921_090000.WAV,Telephone Field,recover-20220922,001,1795
658.1755,658.1829,22890,31138,Plecotus austriacus,0.016,0.031,-1,Echolocation,/mnt/ubna_data_02_mir/recover-20220922/UBNA_001/20220921_090000.WAV,Telephone Field,recover-20220922,001,1795
658.1925,658.2306,68437,81253,Rhinolophus ferrumequinum,0.022,0.022,-1,Echolocation,/mnt/ubna_data_02_mir/recover-20220922/UBNA_001/20220921_090000.WAV,Telephone Field,recover-20220922,001,1795
658.2185,658.2568,68437,82712,Rhinolophus ferrumequinum,0.028,0.028,-1,Echolocation,/mnt/ubna_data_02_mir/recover-20220922/UBNA_001/20220921_090000.WAV,Telephone Field,recover-20220922,001,1795
658.2215,658.2293,27187,35807,Eptesicus serotinus,0.008,0.023,-1,Echolocation,/mnt/ubna_data_02_mir/recover-20220922/UBNA_001/20220921_090000.WAV,Telephone Field,recover-20220922,001,1795
658.2465,658.2873,68437,82890,Rhinolophus ferrumequinum,0.022,0.022,-1,Echolocation,/mnt/ubna_data_02_mir/recover-20220922/UBNA_001/20220921_090000.WAV,Telephone Field,recover-20220922,001,1795
658.2695,658.2868,20312,23523,Nyctalus leisleri,0.014,0.022,-1,Echolocation,/mnt/ubna_data_02_mir/recover-20220922/UBNA_001/20220921_090000.WAV,Telephone Field,recover-20220922,001,1795
658.2795,658.319,68437,81593,Rhinolophus ferrumequinum,0.027,0.027,-1,Echolocation,/mnt/ubna_data_02_mir/recover-20220922/UBNA_001/20220921_090000.WAV,Telephone Field,recover-20220922,001,1795
658.2835,658.2901,26328,38244,Eptesicus serotinus,0.005,0.021,-1,Echolocation,/mnt/ubna_data_02_mir/recover-20220922/UBNA_001/20220921_090000.WAV,Telephone Field,recover-20220922,001,1795
658.2905,658.3305,68437,83115,Rhinolophus ferrumequinum,0.039,0.039,-1,Echolocation,/mnt/ubna_data_02_mir/recover-20220922/UBNA_001/20220921_090000.WAV,Telephone Field,recover-20220922,001,1795
658.3165,658.3269,28906,36946,Eptesicus serotinus,0.015,0.027,-1,Echolocation,/mnt/ubna_data_02_mir/recover-20220922/UBNA_001/20220921_090000.WAV,Telephone Field,recover-20220922,001,1795
658.3295,658.3697,68437,82409,Rhinolophus ferrumequinum,0.021,0.021,-1,Echolocation,/mnt/ubna_data_02_mir/recover-20220922/UBNA_001/20220921_090000.WAV,Telephone Field,recover-20220922,001,1795
658.3555,658.3964,68437,82889,Rhinolophus ferrumequinum,0.022,0.022,-1,Echolocation,/mnt/ubna_data_02_mir/recover-20220922/UBNA_001/20220921_090000.WAV,Telephone Field,recover-20220922,001,1795
658.3695,658.3807,40937,45216,Pipistrellus nathusii,0.011,0.025,-1,Echolocation,/mnt/ubna_data_02_mir/recover-20220922/UBNA_001/20220921_090000.WAV,Telephone Field,recover-20220922,001,1795
658.3895,658.4255,68437,81075,Rhinolophus ferrumequinum,0.021,0.021,-1,Echolocation,/mnt/ubna_data_02_mir/recover-20220922/UBNA_001/20220921_090000.WAV,Telephone Field,recover-20220922,001,1795
658.4255,658.4647,68437,82120,Rhinolophus ferrumequinum,0.02,0.02,-1,Echolocation,/mnt/ubna_data_02_mir/recover-20220922/UBNA_001/20220921_090000.WAV,Telephone Field,recover-20220922,001,1795
658.4405,658.4475,26328,38269,Eptesicus serotinus,0.006,0.021,-1,Echolocation,/mnt/ubna_data_02_mir/recover-20220922/UBNA_001/20220921_090000.WAV,Telephone Field,recover-20220922,001,1795
658.4535,658.4915,68437,82279,Rhinolophus ferrumequinum,0.023,0.023,-1,Echolocation,/mnt/ubna_data_02_mir/recover-20220922/UBNA_001/20220921_090000.WAV,Telephone Field,recover-20220922,001,1795
658.4935,658.5319,68437,82450,Rhinolophus ferrumequinum,0.024,0.024,-1,Echolocation,/mnt/ubna_data_02_mir/recover-20220922/UBNA_001/20220921_090000.WAV,Telephone Field,recover-20220922,001,1795
658.5155,658.5247,28046,36667,Eptesicus serotinus,0.009,0.022,-1,Echolocation,/mnt/ubna_data_02_mir/recover-20220922/UBNA_001/20220921_090000.WAV,Telephone Field,recover-20220922,001,1795
658.5225,658.5624,68437,82233,Rhinolophus ferrumequinum,0.032,0.032,-1,Echolocation,/mnt/ubna_data_02_mir/recover-20220922/UBNA_001/20220921_090000.WAV,Telephone Field,recover-20220922,001,1795
658.5345,658.5453,23750,28691,Nyctalus leisleri,0.013,0.025,-1,Echolocation,/mnt/ubna_data_02_mir/recover-20220922/UBNA_001/20220921_090000.WAV,Telephone Field,recover-20220922,001,1795
658.5595,658.5934,68437,80951,Rhinolophus ferrumequinum,0.022,0.022,-1,Echolocation,/mnt/ubna_data_02_mir/recover-20220922/UBNA_001/20220921_090000.WAV,Telephone Field,recover-20220922,001,1795
658.5845,658.5912,27187,40824,Eptesicus serotinus,0.005,0.024,-1,Echolocation,/mnt/ubna_data_02_mir/recover-20220922/UBNA_001/20220921_090000.WAV,Telephone Field,recover-20220922,001,1795
658.5845,658.6229,68437,81311,Rhinolophus ferrumequinum,0.025,0.025,-1,Echolocation,/mnt/ubna_data_02_mir/recover-20220922/UBNA_001/20220921_090000.WAV,Telephone Field,recover-20220922,001,1795
658.5995,658.6095,24609,31801,Eptesicus serotinus,0.009,0.025,-1,Echolocation,/mnt/ubna_data_02_mir/recover-20220922/UBNA_001/20220921_090000.WAV,Telephone Field,recover-20220922,001,1795
658.6135,658.6459,68437,80346,Rhinolophus ferrumequinum,0.021,0.021,-1,Echolocation,/mnt/ubna_data_02_mir/recover-20220922/UBNA_001/20220921_090000.WAV,Telephone Field,recover-20220922,001,1795
658.6145,658.6264,25468,31610,Eptesicus serotinus,0.011,0.026,-1,Echolocation,/mnt/ubna_data_02_mir/recover-20220922/UBNA_001/20220921_090000.WAV,Telephone Field,recover-20220922,001,1795
658.6245,658.663,68437,82053,Rhinolophus ferrumequinum,0.024,0.024,-1,Echolocation,/mnt/ubna_data_02_mir/recover-20220922/UBNA_001/20220921_090000.WAV,Telephone Field,recover-20220922,001,1795
658.6295,658.6401,23750,29593,Nyctalus leisleri,0.01,0.023,-1,Echolocation,/mnt/ubna_data_02_mir/recover-20220922/UBNA_001/20220921_090000.WAV,Telephone Field,recover-20220922,001,1795
658.6365,658.6467,22890,28049,Nyctalus leisleri,0.011,0.024,-1,Echolocation,/mnt/ubna_data_02_mir/recover-20220922/UBNA_001/20220921_090000.WAV,Telephone Field,recover-20220922,001,1795
658.6995,658.7408,68437,82549,Rhinolophus ferrumequinum,0.025,0.025,-1,Echolocation,/mnt/ubna_data_02_mir/recover-20220922/UBNA_001/20220921_090000.WAV,Telephone Field,recover-20220922,001,1795
658.7305,658.7395,28906,38505,Eptesicus serotinus,0.009,0.025,-1,Echolocation,/mnt/ubna_data_02_mir/recover-20220922/UBNA_001/20220921_090000.WAV,Telephone Field,recover-20220922,001,1795
658.7665,658.8052,68437,82349,Rhinolophus ferrumequinum,0.022,0.022,-1,Echolocation,/mnt/ubna_data_02_mir/recover-20220922/UBNA_001/20220921_090000.WAV,Telephone Field,recover-20220922,001,1795
658.7695,658.7778,28046,39090,Eptesicus serotinus,0.007,0.022,-1,Echolocation,/mnt/ubna_data_02_mir/recover-20220922/UBNA_001/20220921_090000.WAV,Telephone Field,recover-20220922,001,1795
658.7955,658.8357,68437,82470,Rhinolophus ferrumequinum,0.026,0.026,-1,Echolocation,/mnt/ubna_data_02_mir/recover-20220922/UBNA_001/20220921_090000.WAV,Telephone Field,recover-20220922,001,1795
658.8155,658.8254,28906,35761,Eptesicus serotinus,0.01,0.024,-1,Echolocation,/mnt/ubna_data_02_mir/recover-20220922/UBNA_001/20220921_090000.WAV,Telephone Field,recover-20220922,001,1795
658.8315,658.8417,23750,29675,Nyctalus leisleri,0.009,0.022,-1,Echolocation,/mnt/ubna_data_02_mir/recover-20220922/UBNA_001/20220921_090000.WAV,Telephone Field,recover-20220922,001,1795
658.8385,658.8772,68437,82030,Rhinolophus ferrumequinum,0.021,0.021,-1,Echolocation,/mnt/ubna_data_02_mir/recover-20220922/UBNA_001/20220921_090000.WAV,Telephone Field,recover-20220922,001,1795
658.8465,658.8555,28046,37190,Eptesicus serotinus,0.009,0.021,-1,Echolocation,/mnt/ubna_data_02_mir/recover-20220922/UBNA_001/20220921_090000.WAV,Telephone Field,recover-20220922,001,1795
658.9085,658.9168999999999,26328,34183,Eptesicus serotinus,0.009,0.025,-1,Echolocation,/mnt/ubna_data_02_mir/recover-20220922/UBNA_001/20220921_090000.WAV,Telephone Field,recover-20220922,001,1795
658.9415,658.9792,68437,81904,Rhinolophus ferrumequinum,0.021,0.021,-1,Echolocation,/mnt/ubna_data_02_mir/recover-20220922/UBNA_001/20220921_090000.WAV,Telephone Field,recover-20220922,001,1795
658.9645,659.005,68437,83073,Rhinolophus ferrumequinum,0.027,0.027,-1,Echolocation,/mnt/ubna_data_02_mir/recover-20220922/UBNA_001/20220921_090000.WAV,Telephone Field,recover-20220922,001,1795
658.9845,659.0236,68437,81903,Rhinolophus ferrumequinum,0.022,0.022,-1,Echolocation,/mnt/ubna_data_02_mir/recover-20220922/UBNA_001/20220921_090000.WAV,Telephone Field,recover-20220922,001,1795
659.0285,659.0676,68437,82385,Rhinolophus ferrumequinum,0.022,0.022,-1,Echolocation,/mnt/ubna_data_02_mir/recover-20220922/UBNA_001/20220921_090000.WAV,Telephone Field,recover-20220922,001,1795
659.0425,659.0832,68437,82998,Rhinolophus ferrumequinum,0.027,0.027,-1,Echolocation,/mnt/ubna_data_02_mir/recover-20220922/UBNA_001/20220921_090000.WAV,Telephone Field,recover-20220922,001,1795
659.0465,659.0544,27187,38047,Eptesicus serotinus,0.01,0.024,-1,Echolocation,/mnt/ubna_data_02_mir/recover-20220922/UBNA_001/20220921_090000.WAV,Telephone Field,recover-20220922,001,1795
659.0825,659.1206,68437,82370,Rhinolophus ferrumequinum,0.022,0.022,-1,Echolocation,/mnt/ubna_data_02_mir/recover-20220922/UBNA_001/20220921_090000.WAV,Telephone Field,recover-20220922,001,1795
659.0925,659.103,22031,27085,Nyctalus leisleri,0.009,0.021,-1,Echolocation,/mnt/ubna_data_02_mir/recover-20220922/UBNA_001/20220921_090000.WAV,Telephone Field,recover-20220922,001,1795
659.1085,659.1475,68437,81715,Rhinolophus ferrumequinum,0.028,0.028,-1,Echolocation,/mnt/ubna_data_02_mir/recover-20220922/UBNA_001/20220921_090000.WAV,Telephone Field,recover-20220922,001,1795
659.1155,659.157,68437,82513,Rhinolophus ferrumequinum,0.031,0.032,-1,Echolocation,/mnt/ubna_data_02_mir/recover-20220922/UBNA_001/20220921_090000.WAV,Telephone Field,recover-20220922,001,1795
659.1475,659.1838,68437,81850,Rhinolophus ferrumequinum,0.021,0.022,-1,Echolocation,/mnt/ubna_data_02_mir/recover-20220922/UBNA_001/20220921_090000.WAV,Telephone Field,recover-20220922,001,1795
659.1695,659.2073,68437,82290,Rhinolophus ferrumequinum,0.026,0.026,-1,Echolocation,/mnt/ubna_data_02_mir/recover-20220922/UBNA_001/20220921_090000.WAV,Telephone Field,recover-20220922,001,1795
659.1725,659.1814,28906,36835,Eptesicus serotinus,0.009,0.023,-1,Echolocation,/mnt/ubna_data_02_mir/recover-20220922/UBNA_001/20220921_090000.WAV,Telephone Field,recover-20220922,001,1795
659.1865,659.1956,28906,37270,Eptesicus serotinus,0.009,0.023,-1,Echolocation,/mnt/ubna_data_02_mir/recover-20220922/UBNA_001/20220921_090000.WAV,Telephone Field,recover-20220922,001,1795
659.1905,659.2219,68437,80793,Rhinolophus ferrumequinum,0.02,0.021,-1,Echolocation,/mnt/ubna_data_02_mir/recover-20220922/UBNA_001/20220921_090000.WAV,Telephone Field,recover-20220922,001,1795
659.2285,659.267,68437,82069,Rhinolophus ferrumequinum,0.026,0.026,-1,Echolocation,/mnt/ubna_data_02_mir/recover-20220922/UBNA_001/20220921_090000.WAV,Telephone Field,recover-20220922,001,1795
659.2685,659.3128,68437,83325,Rhinolophus ferrumequinum,0.04,0.04,-1,Echolocation,/mnt/ubna_data_02_mir/recover-20220922/UBNA_001/20220921_090000.WAV,Telephone Field,recover-20220922,001,1795
659.2775,659.2859,28906,40139,Eptesicus serotinus,0.008,0.023,-1,Echolocation,/mnt/ubna_data_02_mir/recover-20220922/UBNA_001/20220921_090000.WAV,Telephone Field,recover-20220922,001,1795
659.2985,659.3384,68437,82047,Rhinolophus ferrumequinum,0.022,0.023,-1,Echolocation,/mnt/ubna_data_02_mir/recover-20220922/UBNA_001/20220921_090000.WAV,Telephone Field,recover-20220922,001,1795
659.3035,659.3426,68437,81919,Rhinolophus ferrumequinum,0.022,0.022,-1,Echolocation,/mnt/ubna_data_02_mir/recover-20220922/UBNA_001/20220921_090000.WAV,Telephone Field,recover-20220922,001,1795
659.3045,659.3126,32343,42712,Myotis daubentonii,0.008,0.022,-1,Echolocation,/mnt/ubna_data_02_mir/recover-20220922/UBNA_001/20220921_090000.WAV,Telephone Field,recover-20220922,001,1795
659.3325,659.3424,28046,36489,Eptesicus serotinus,0.01,0.024,-1,Echolocation,/mnt/ubna_data_02_mir/recover-20220922/UBNA_001/20220921_090000.WAV,Telephone Field,recover-20220922,001,1795
659.3325,659.3691,68437,81648,Rhinolophus ferrumequinum,0.022,0.022,-1,Echolocation,/mnt/ubna_data_02_mir/recover-20220922/UBNA_001/20220921_090000.WAV,Telephone Field,recover-20220922,001,1795
659.3535,659.3638,24609,29647,Nyctalus leisleri,0.009,0.021,-1,Echolocation,/mnt/ubna_data_02_mir/recover-20220922/UBNA_001/20220921_090000.WAV,Telephone Field,recover-20220922,001,1795
659.3655,659.4032,68437,81546,Rhinolophus ferrumequinum,0.021,0.021,-1,Echolocation,/mnt/ubna_data_02_mir/recover-20220922/UBNA_001/20220921_090000.WAV,Telephone Field,recover-20220922,001,1795
659.3965,659.4061,28046,37981,Eptesicus serotinus,0.009,0.02,-1,Echolocation,/mnt/ubna_data_02_mir/recover-20220922/UBNA_001/20220921_090000.WAV,Telephone Field,recover-20220922,001,1795
659.4085,659.4482,68437,81975,Rhinolophus ferrumequinum,0.021,0.021,-1,Echolocation,/mnt/ubna_data_02_mir/recover-20220922/UBNA_001/20220921_090000.WAV,Telephone Field,recover-20220922,001,1795
659.4155,659.4542,68437,82430,Rhinolophus ferrumequinum,0.021,0.021,-1,Echolocation,/mnt/ubna_data_02_mir/recover-20220922/UBNA_001/20220921_090000.WAV,Telephone Field,recover-20220922,001,1795
659.4375,659.4774,68437,81983,Rhinolophus ferrumequinum,0.024,0.024,-1,Echolocation,/mnt/ubna_data_02_mir/recover-20220922/UBNA_001/20220921_090000.WAV,Telephone Field,recover-20220922,001,1795
659.4895,659.4982,28046,37148,Eptesicus serotinus,0.009,0.022,-1,Echolocation,/mnt/ubna_data_02_mir/recover-20220922/UBNA_001/20220921_090000.WAV,Telephone Field,recover-20220922,001,1795
659.5235,659.5651,68437,82924,Rhinolophus ferrumequinum,0.029,0.029,-1,Echolocation,/mnt/ubna_data_02_mir/recover-20220922/UBNA_001/20220921_090000.WAV,Telephone Field,recover-20220922,001,1795
659.5385,659.5477,28046,35204,Eptesicus serotinus,0.02,0.04,-1,Echolocation,/mnt/ubna_data_02_mir/recover-20220922/UBNA_001/20220921_090000.WAV,Telephone Field,recover-20220922,001,1795
659.5545,659.5921,68437,81320,Rhinolophus ferrumequinum,0.021,0.021,-1,Echolocation,/mnt/ubna_data_02_mir/recover-20220922/UBNA_001/20220921_090000.WAV,Telephone Field,recover-20220922,001,1795
659.5665,659.5769,22890,28804,Nyctalus leisleri,0.009,0.021,-1,Echolocation,/mnt/ubna_data_02_mir/recover-20220922/UBNA_001/20220921_090000.WAV,Telephone Field,recover-20220922,001,1795
659.5695,659.5777,28046,40143,Eptesicus serotinus,0.007,0.021,-1,Echolocation,/mnt/ubna_data_02_mir/recover-20220922/UBNA_001/20220921_090000.WAV,Telephone Field,recover-20220922,001,1795
659.5985000000001,659.6360999999999,68437,82200,Rhinolophus ferrumequinum,0.023,0.023,-1,Echolocation,/mnt/ubna_data_02_mir/recover-20220922/UBNA_001/20220921_090000.WAV,Telephone Field,recover-20220922,001,1795
659.6065,659.6145,23750,31846,Plecotus austriacus,0.009,0.022,-1,Echolocation,/mnt/ubna_data_02_mir/recover-20220922/UBNA_001/20220921_090000.WAV,Telephone Field,recover-20220922,001,1795
659.6275,659.6635,68437,81093,Rhinolophus ferrumequinum,0.021,0.021,-1,Echolocation,/mnt/ubna_data_02_mir/recover-20220922/UBNA_001/20220921_090000.WAV,Telephone Field,recover-20220922,001,1795
659.6775,659.7156,68437,82048,Rhinolophus ferrumequinum,0.024,0.024,-1,Echolocation,/mnt/ubna_data_02_mir/recover-20220922/UBNA_001/20220921_090000.WAV,Telephone Field,recover-20220922,001,1795
659.7115,659.7179,23750,33032,Plecotus austriacus,0.012,0.029,-1,Echolocation,/mnt/ubna_data_02_mir/recover-20220922/UBNA_001/20220921_090000.WAV,Telephone Field,recover-20220922,001,1795
659.7595,659.7987,68437,82644,Rhinolophus ferrumequinum,0.028,0.028,-1,Echolocation,/mnt/ubna_data_02_mir/recover-20220922/UBNA_001/20220921_090000.WAV,Telephone Field,recover-20220922,001,1795
659.7795,659.7907,23750,30854,Nyctalus leisleri,0.011,0.027,-1,Echolocation,/mnt/ubna_data_02_mir/recover-20220922/UBNA_001/20220921_090000.WAV,Telephone Field,recover-20220922,001,1795
659.7915,659.8289,68437,81991,Rhinolophus ferrumequinum,0.021,0.021,-1,Echolocation,/mnt/ubna_data_02_mir/recover-20220922/UBNA_001/20220921_090000.WAV,Telephone Field,recover-20220922,001,1795
659.7955,659.8053,28906,36408,Eptesicus serotinus,0.01,0.025,-1,Echolocation,/mnt/ubna_data_02_mir/recover-20220922/UBNA_001/20220921_090000.WAV,Telephone Field,recover-20220922,001,1795
659.8755,659.8858,26328,33592,Eptesicus serotinus,0.012,0.028,-1,Echolocation,/mnt/ubna_data_02_mir/recover-20220922/UBNA_001/20220921_090000.WAV,Telephone Field,recover-20220922,001,1795
659.8905,659.9294,68437,81913,Rhinolophus ferrumequinum,0.024,0.024,-1,Echolocation,/mnt/ubna_data_02_mir/recover-20220922/UBNA_001/20220921_090000.WAV,Telephone Field,recover-20220922,001,1795
659.8985,659.9348,68437,81489,Rhinolophus ferrumequinum,0.02,0.02,-1,Echolocation,/mnt/ubna_data_02_mir/recover-20220922/UBNA_001/20220921_090000.WAV,Telephone Field,recover-20220922,001,1795
659.9105,659.9206,31484,42087,Eptesicus serotinus,0.007,0.022,-1,Echolocation,/mnt/ubna_data_02_mir/recover-20220922/UBNA_001/20220921_090000.WAV,Telephone Field,recover-20220922,001,1795
659.9385,659.9781,68437,82137,Rhinolophus ferrumequinum,0.021,0.021,-1,Echolocation,/mnt/ubna_data_02_mir/recover-20220922/UBNA_001/20220921_090000.WAV,Telephone Field,recover-20220922,001,1795
659.9885,659.9975,28046,39392,Eptesicus serotinus,0.008,0.023,-1,Echolocation,/mnt/ubna_data_02_mir/recover-20220922/UBNA_001/20220921_090000.WAV,Telephone Field,recover-20220922,001,1795
660.0015,660.0369,68437,80431,Rhinolophus ferrumequinum,0.029,0.029,-1,Echolocation,/mnt/ubna_data_02_mir/recover-20220922/UBNA_001/20220921_090000.WAV,Telephone Field,recover-20220922,001,1795
660.0015,660.0089,49531,53979,Pipistrellus pipistrellus,0.018,0.03,-1,Echolocation,/mnt/ubna_data_02_mir/recover-20220922/UBNA_001/20220921_090000.WAV,Telephone Field,recover-20220922,001,1795
660.0015,660.0094,24609,35494,Nyctalus leisleri,0.005,0.021,-1,Echolocation,/mnt/ubna_data_02_mir/recover-20220922/UBNA_001/20220921_090000.WAV,Telephone Field,recover-20220922,001,1795
660.0125,660.0253,53828,57915,Pipistrellus pygmaeus,0.022,0.024,-1,Echolocation,/mnt/ubna_data_02_mir/recover-20220922/UBNA_001/20220921_090000.WAV,Telephone Field,recover-20220922,001,1795
660.0155,660.0235,28906,37941,Eptesicus serotinus,0.006,0.021,-1,Echolocation,/mnt/ubna_data_02_mir/recover-20220922/UBNA_001/20220921_090000.WAV,Telephone Field,recover-20220922,001,1795
660.0265,660.0372,28046,35051,Eptesicus serotinus,0.009,0.021,-1,Echolocation,/mnt/ubna_data_02_mir/recover-20220922/UBNA_001/20220921_090000.WAV,Telephone Field,recover-20220922,001,1795
660.0455,660.0854,68437,82547,Rhinolophus ferrumequinum,0.022,0.022,-1,Echolocation,/mnt/ubna_data_02_mir/recover-20220922/UBNA_001/20220921_090000.WAV,Telephone Field,recover-20220922,001,1795
660.0665,660.1005,68437,80894,Rhinolophus ferrumequinum,0.036,0.036,-1,Echolocation,/mnt/ubna_data_02_mir/recover-20220922/UBNA_001/20220921_090000.WAV,Telephone Field,recover-20220922,001,1795
660.0815,660.1181,68437,82042,Rhinolophus ferrumequinum,0.025,0.025,-1,Echolocation,/mnt/ubna_data_02_mir/recover-20220922/UBNA_001/20220921_090000.WAV,Telephone Field,recover-20220922,001,1795
660.0895,660.1268,68437,81916,Rhinolophus ferrumequinum,0.021,0.021,-1,Echolocation,/mnt/ubna_data_02_mir/recover-20220922/UBNA_001/20220921_090000.WAV,Telephone Field,recover-20220922,001,1795
660.0925,660.1018,28046,37464,Eptesicus serotinus,0.009,0.022,-1,Echolocation,/mnt/ubna_data_02_mir/recover-20220922/UBNA_001/20220921_090000.WAV,Telephone Field,recover-20220922,001,1795
660.1105,660.151,68437,82853,Rhinolophus ferrumequinum,0.026,0.026,-1,Echolocation,/mnt/ubna_data_02_mir/recover-20220922/UBNA_001/20220921_090000.WAV,Telephone Field,recover-20220922,001,1795
660.1365,660.1444,28046,40025,Eptesicus serotinus,0.007,0.021,-1,Echolocation,/mnt/ubna_data_02_mir/recover-20220922/UBNA_001/20220921_090000.WAV,Telephone Field,recover-20220922,001,1795
660.1495,660.1878,68437,81922,Rhinolophus ferrumequinum,0.026,0.026,-1,Echolocation,/mnt/ubna_data_02_mir/recover-20220922/UBNA_001/20220921_090000.WAV,Telephone Field,recover-20220922,001,1795
660.1665,660.207,68437,82702,Rhinolophus ferrumequinum,0.025,0.026,-1,Echolocation,/mnt/ubna_data_02_mir/recover-20220922/UBNA_001/20220921_090000.WAV,Telephone Field,recover-20220922,001,1795
660.1975,660.2074,22031,27855,Nyctalus leisleri,0.008,0.021,-1,Echolocation,/mnt/ubna_data_02_mir/recover-20220922/UBNA_001/20220921_090000.WAV,Telephone Field,recover-20220922,001,1795
660.2025,660.2432,68437,82408,Rhinolophus ferrumequinum,0.021,0.021,-1,Echolocation,/mnt/ubna_data_02_mir/recover-20220922/UBNA_001/20220921_090000.WAV,Telephone Field,recover-20220922,001,1795
660.2055,660.2126,28046,41064,Eptesicus serotinus,0.006,0.023,-1,Echolocation,/mnt/ubna_data_02_mir/recover-20220922/UBNA_001/20220921_090000.WAV,Telephone Field,recover-20220922,001,1795
660.2085,660.2483,68437,82337,Rhinolophus ferrumequinum,0.021,0.021,-1,Echolocation,/mnt/ubna_data_02_mir/recover-20220922/UBNA_001/20220921_090000.WAV,Telephone Field,recover-20220922,001,1795
660.2375,660.2756,68437,80893,Rhinolophus ferrumequinum,0.022,0.022,-1,Echolocation,/mnt/ubna_data_02_mir/recover-20220922/UBNA_001/20220921_090000.WAV,Telephone Field,recover-20220922,001,1795
660.3045,660.3417,68437,81759,Rhinolophus ferrumequinum,0.023,0.023,-1,Echolocation,/mnt/ubna_data_02_mir/recover-20220922/UBNA_001/20220921_090000.WAV,Telephone Field,recover-20220922,001,1795
660.3195,660.3628,68437,82965,Rhinolophus ferrumequinum,0.042,0.042,-1,Echolocation,/mnt/ubna_data_02_mir/recover-20220922/UBNA_001/20220921_090000.WAV,Telephone Field,recover-20220922,001,1795
660.3585,660.3963,68437,81765,Rhinolophus ferrumequinum,0.023,0.023,-1,Echolocation,/mnt/ubna_data_02_mir/recover-20220922/UBNA_001/20220921_090000.WAV,Telephone Field,recover-20220922,001,1795
660.3635,660.3724,28046,37424,Eptesicus serotinus,0.008,0.021,-1,Echolocation,/mnt/ubna_data_02_mir/recover-20220922/UBNA_001/20220921_090000.WAV,Telephone Field,recover-20220922,001,1795
660.3675,660.4092,68437,82001,Rhinolophus ferrumequinum,0.023,0.023,-1,Echolocation,/mnt/ubna_data_02_mir/recover-20220922/UBNA_001/20220921_090000.WAV,Telephone Field,recover-20220922,001,1795
660.3895,660.433,68437,83507,Rhinolophus ferrumequinum,0.03,0.03,-1,Echolocation,/mnt/ubna_data_02_mir/recover-20220922/UBNA_001/20220921_090000.WAV,Telephone Field,recover-20220922,001,1795
660.3945,660.4065,22890,27803,Nyctalus leisleri,0.011,0.024,-1,Echolocation,/mnt/ubna_data_02_mir/recover-20220922/UBNA_001/20220921_090000.WAV,Telephone Field,recover-20220922,001,1795
660.4005,660.4115,44375,47022,Pipistrellus pipistrellus,0.032,0.035,-1,Echolocation,/mnt/ubna_data_02_mir/recover-20220922/UBNA_001/20220921_090000.WAV,Telephone Field,recover-20220922,001,1795
660.4165,660.4231,27187,41482,Eptesicus serotinus,0.005,0.021,-1,Echolocation,/mnt/ubna_data_02_mir/recover-20220922/UBNA_001/20220921_090000.WAV,Telephone Field,recover-20220922,001,1795
660.4545,660.4936,68437,82136,Rhinolophus ferrumequinum,0.022,0.022,-1,Echolocation,/mnt/ubna_data_02_mir/recover-20220922/UBNA_001/20220921_090000.WAV,Telephone Field,recover-20220922,001,1795
660.4955,660.5323,68437,81668,Rhinolophus ferrumequinum,0.022,0.022,-1,Echolocation,/mnt/ubna_data_02_mir/recover-20220922/UBNA_001/20220921_090000.WAV,Telephone Field,recover-20220922,001,1795
660.4995,660.5079,29765,38539,Myotis daubentonii,0.008,0.023,-1,Echolocation,/mnt/ubna_data_02_mir/recover-20220922/UBNA_001/20220921_090000.WAV,Telephone Field,recover-20220922,001,1795
660.5195,660.5303,28906,35078,Eptesicus serotinus,0.008,0.021,-1,Echolocation,/mnt/ubna_data_02_mir/recover-20220922/UBNA_001/20220921_090000.WAV,Telephone Field,recover-20220922,001,1795
660.5795,660.5874,30625,38726,Myotis daubentonii,0.008,0.025,-1,Echolocation,/mnt/ubna_data_02_mir/recover-20220922/UBNA_001/20220921_090000.WAV,Telephone Field,recover-20220922,001,1795
660.6235,660.6622,68437,82482,Rhinolophus ferrumequinum,0.026,0.026,-1,Echolocation,/mnt/ubna_data_02_mir/recover-20220922/UBNA_001/20220921_090000.WAV,Telephone Field,recover-20220922,001,1795
660.6555,660.6945,68437,82121,Rhinolophus ferrumequinum,0.029,0.03,-1,Echolocation,/mnt/ubna_data_02_mir/recover-20220922/UBNA_001/20220921_090000.WAV,Telephone Field,recover-20220922,001,1795
660.6715,660.6815,28046,37402,Eptesicus serotinus,0.012,0.029,-1,Echolocation,/mnt/ubna_data_02_mir/recover-20220922/UBNA_001/20220921_090000.WAV,Telephone Field,recover-20220922,001,1795
660.6985,660.738,68437,82496,Rhinolophus ferrumequinum,0.024,0.024,-1,Echolocation,/mnt/ubna_data_02_mir/recover-20220922/UBNA_001/20220921_090000.WAV,Telephone Field,recover-20220922,001,1795
660.7275,660.7711,68437,83196,Rhinolophus ferrumequinum,0.032,0.032,-1,Echolocation,/mnt/ubna_data_02_mir/recover-20220922/UBNA_001/20220921_090000.WAV,Telephone Field,recover-20220922,001,1795
660.7875,660.7954,45234,48897,Pipistrellus pipistrellus,0.033,0.035,-1,Echolocation,/mnt/ubna_data_02_mir/recover-20220922/UBNA_001/20220921_090000.WAV,Telephone Field,recover-20220922,001,1795
660.7885,660.798,22890,29345,Nyctalus leisleri,0.007,0.022,-1,Echolocation,/mnt/ubna_data_02_mir/recover-20220922/UBNA_001/20220921_090000.WAV,Telephone Field,recover-20220922,001,1795
660.8015,660.8435,68437,82967,Rhinolophus ferrumequinum,0.031,0.031,-1,Echolocation,/mnt/ubna_data_02_mir/recover-20220922/UBNA_001/20220921_090000.WAV,Telephone Field,recover-20220922,001,1795
660.8035,660.8114,30625,41766,Myotis daubentonii,0.007,0.022,-1,Echolocation,/mnt/ubna_data_02_mir/recover-20220922/UBNA_001/20220921_090000.WAV,Telephone Field,recover-20220922,001,1795
660.8345,660.8432,36640,45347,Myotis daubentonii,0.007,0.022,-1,Echolocation,/mnt/ubna_data_02_mir/recover-20220922/UBNA_001/20220921_090000.WAV,Telephone Field,recover-20220922,001,1795
660.8575,660.8939,68437,81852,Rhinolophus ferrumequinum,0.021,0.021,-1,Echolocation,/mnt/ubna_data_02_mir/recover-20220922/UBNA_001/20220921_090000.WAV,Telephone Field,recover-20220922,001,1795
660.8735,660.8803,26328,40104,Eptesicus serotinus,0.004,0.022,-1,Echolocation,/mnt/ubna_data_02_mir/recover-20220922/UBNA_001/20220921_090000.WAV,Telephone Field,recover-20220922,001,1795
660.9125,660.9209,28046,36597,Eptesicus serotinus,0.012,0.029,-1,Echolocation,/mnt/ubna_data_02_mir/recover-20220922/UBNA_001/20220921_090000.WAV,Telephone Field,recover-20220922,001,1795
660.9495,660.9882,68437,81627,Rhinolophus ferrumequinum,0.021,0.021,-1,Echolocation,/mnt/ubna_data_02_mir/recover-20220922/UBNA_001/20220921_090000.WAV,Telephone Field,recover-20220922,001,1795
661.0275,661.0666,68437,81991,Rhinolophus ferrumequinum,0.021,0.021,-1,Echolocation,/mnt/ubna_data_02_mir/recover-20220922/UBNA_001/20220921_090000.WAV,Telephone Field,recover-20220922,001,1795
661.0275,661.0364,28906,36920,Eptesicus serotinus,0.007,0.022,-1,Echolocation,/mnt/ubna_data_02_mir/recover-20220922/UBNA_001/20220921_090000.WAV,Telephone Field,recover-20220922,001,1795
661.0475,661.0849,68437,81776,Rhinolophus ferrumequinum,0.022,0.022,-1,Echolocation,/mnt/ubna_data_02_mir/recover-20220922/UBNA_001/20220921_090000.WAV,Telephone Field,recover-20220922,001,1795
661.0555,661.0956,68437,82092,Rhinolophus ferrumequinum,0.023,0.023,-1,Echolocation,/mnt/ubna_data_02_mir/recover-20220922/UBNA_001/20220921_090000.WAV,Telephone Field,recover-20220922,001,1795
661.0915,661.101,23750,30810,Nyctalus leisleri,0.008,0.025,-1,Echolocation,/mnt/ubna_data_02_mir/recover-20220922/UBNA_001/20220921_090000.WAV,Telephone Field,recover-20220922,001,1795
661.1235,661.1616,68437,82076,Rhinolophus ferrumequinum,0.024,0.024,-1,Echolocation,/mnt/ubna_data_02_mir/recover-20220922/UBNA_001/20220921_090000.WAV,Telephone Field,recover-20220922,001,1795
661.1795,661.2173,68437,81842,Rhinolophus ferrumequinum,0.021,0.021,-1,Echolocation,/mnt/ubna_data_02_mir/recover-20220922/UBNA_001/20220921_090000.WAV,Telephone Field,recover-20220922,001,1795
661.1855,661.226,68437,82056,Rhinolophus ferrumequinum,0.022,0.022,-1,Echolocation,/mnt/ubna_data_02_mir/recover-20220922/UBNA_001/20220921_090000.WAV,Telephone Field,recover-20220922,001,1795
661.2105,661.2479,68437,82418,Rhinolophus ferrumequinum,0.023,0.023,-1,Echolocation,/mnt/ubna_data_02_mir/recover-20220922/UBNA_001/20220921_090000.WAV,Telephone Field,recover-20220922,001,1795
661.2315,661.2368,39218,59856,Myotis mystacinus,0.011,0.025,-1,Echolocation,/mnt/ubna_data_02_mir/recover-20220922/UBNA_001/20220921_090000.WAV,Telephone Field,recover-20220922,001,1795
661.2545,661.2618,28046,40277,Eptesicus serotinus,0.006,0.021,-1,Echolocation,/mnt/ubna_data_02_mir/recover-20220922/UBNA_001/20220921_090000.WAV,Telephone Field,recover-20220922,001,1795
661.2725,661.3105,68437,82145,Rhinolophus ferrumequinum,0.022,0.022,-1,Echolocation,/mnt/ubna_data_02_mir/recover-20220922/UBNA_001/20220921_090000.WAV,Telephone Field,recover-20220922,001,1795
661.2965,661.3079,14296,19989,Nyctalus noctula,0.014,0.03,-1,Echolocation,/mnt/ubna_data_02_mir/recover-20220922/UBNA_001/20220921_090000.WAV,Telephone Field,recover-20220922,001,1795
661.2985,661.3335,68437,81665,Rhinolophus ferrumequinum,0.021,0.021,-1,Echolocation,/mnt/ubna_data_02_mir/recover-20220922/UBNA_001/20220921_090000.WAV,Telephone Field,recover-20220922,001,1795
661.3075,661.3438,68437,80924,Rhinolophus ferrumequinum,0.022,0.022,-1,Echolocation,/mnt/ubna_data_02_mir/recover-20220922/UBNA_001/20220921_090000.WAV,Telephone Field,recover-20220922,001,1795
661.3225,661.3314,28046,38029,Eptesicus serotinus,0.009,0.026,-1,Echolocation,/mnt/ubna_data_02_mir/recover-20220922/UBNA_001/20220921_090000.WAV,Telephone Field,recover-20220922,001,1795
661.3325,661.3693,68437,82207,Rhinolophus ferrumequinum,0.021,0.022,-1,Echolocation,/mnt/ubna_data_02_mir/recover-20220922/UBNA_001/20220921_090000.WAV,Telephone Field,recover-20220922,001,1795
661.3615,661.4011,68437,82068,Rhinolophus ferrumequinum,0.021,0.021,-1,Echolocation,/mnt/ubna_data_02_mir/recover-20220922/UBNA_001/20220921_090000.WAV,Telephone Field,recover-20220922,001,1795
661.3765,661.4208,68437,83234,Rhinolophus ferrumequinum,0.022,0.022,-1,Echolocation,/mnt/ubna_data_02_mir/recover-20220922/UBNA_001/20220921_090000.WAV,Telephone Field,recover-20220922,001,1795
661.3875,661.3982,23750,29622,Nyctalus leisleri,0.009,0.022,-1,Echolocation,/mnt/ubna_data_02_mir/recover-20220922/UBNA_001/20220921_090000.WAV,Telephone Field,recover-20220922,001,1795
661.3995,661.4086,26328,34534,Eptesicus serotinus,0.009,0.024,-1,Echolocation,/mnt/ubna_data_02_mir/recover-20220922/UBNA_001/20220921_090000.WAV,Telephone Field,recover-20220922,001,1795
661.4135,661.4561,68437,83083,Rhinolophus ferrumequinum,0.035,0.035,-1,Echolocation,/mnt/ubna_data_02_mir/recover-20220922/UBNA_001/20220921_090000.WAV,Telephone Field,recover-20220922,001,1795
661.4325,661.4431,23750,28917,Nyctalus leisleri,0.01,0.021,-1,Echolocation,/mnt/ubna_data_02_mir/recover-20220922/UBNA_001/20220921_090000.WAV,Telephone Field,recover-20220922,001,1795
661.4575,661.4697,24609,30224,Nyctalus leisleri,0.009,0.023,-1,Echolocation,/mnt/ubna_data_02_mir/recover-20220922/UBNA_001/20220921_090000.WAV,Telephone Field,recover-20220922,001,1795
661.4835,661.493,28046,37576,Eptesicus serotinus,0.009,0.022,-1,Echolocation,/mnt/ubna_data_02_mir/recover-20220922/UBNA_001/20220921_090000.WAV,Telephone Field,recover-20220922,001,1795
661.5385,661.577,68437,82147,Rhinolophus ferrumequinum,0.022,0.022,-1,Echolocation,/mnt/ubna_data_02_mir/recover-20220922/UBNA_001/20220921_090000.WAV,Telephone Field,recover-20220922,001,1795
661.5925,661.6295,68437,81719,Rhinolophus ferrumequinum,0.022,0.022,-1,Echolocation,/mnt/ubna_data_02_mir/recover-20220922/UBNA_001/20220921_090000.WAV,Telephone Field,recover-20220922,001,1795
661.6205,661.6597,68437,82441,Rhinolophus ferrumequinum,0.026,0.027,-1,Echolocation,/mnt/ubna_data_02_mir/recover-20220922/UBNA_001/20220921_090000.WAV,Telephone Field,recover-20220922,001,1795
661.6345,661.6418,27187,37556,Eptesicus serotinus,0.007,0.023,-1,Echolocation,/mnt/ubna_data_02_mir/recover-20220922/UBNA_001/20220921_090000.WAV,Telephone Field,recover-20220922,001,1795
661.6645,661.7029,68437,81849,Rhinolophus ferrumequinum,0.022,0.022,-1,Echolocation,/mnt/ubna_data_02_mir/recover-20220922/UBNA_001/20220921_090000.WAV,Telephone Field,recover-20220922,001,1795
661.6735,661.6803,26328,35801,Eptesicus serotinus,0.006,0.022,-1,Echolocation,/mnt/ubna_data_02_mir/recover-20220922/UBNA_001/20220921_090000.WAV,Telephone Field,recover-20220922,001,1795
661.7055,661.7385,68437,80541,Rhinolophus ferrumequinum,0.033,0.033,-1,Echolocation,/mnt/ubna_data_02_mir/recover-20220922/UBNA_001/20220921_090000.WAV,Telephone Field,recover-20220922,001,1795
661.7225,661.7334,28046,35596,Eptesicus serotinus,0.011,0.024,-1,Echolocation,/mnt/ubna_data_02_mir/recover-20220922/UBNA_001/20220921_090000.WAV,Telephone Field,recover-20220922,001,1795
661.7615,661.804,68437,82711,Rhinolophus ferrumequinum,0.026,0.026,-1,Echolocation,/mnt/ubna_data_02_mir/recover-20220922/UBNA_001/20220921_090000.WAV,Telephone Field,recover-20220922,001,1795
661.7675,661.8096,68437,83207,Rhinolophus ferrumequinum,0.025,0.025,-1,Echolocation,/mnt/ubna_data_02_mir/recover-20220922/UBNA_001/20220921_090000.WAV,Telephone Field,recover-20220922,001,1795
661.8155,661.8516,68437,81888,Rhinolophus ferrumequinum,0.021,0.021,-1,Echolocation,/mnt/ubna_data_02_mir/recover-20220922/UBNA_001/20220921_090000.WAV,Telephone Field,recover-20220922,001,1795
661.8155,661.8215,48671,56740,Pipistrellus pipistrellus,0.021,0.023,-1,Echolocation,/mnt/ubna_data_02_mir/recover-20220922/UBNA_001/20220921_090000.WAV,Telephone Field,recover-20220922,001,1795
661.8275,661.8676,68437,82121,Rhinolophus ferrumequinum,0.021,0.021,-1,Echolocation,/mnt/ubna_data_02_mir/recover-20220922/UBNA_001/20220921_090000.WAV,Telephone Field,recover-20220922,001,1795
661.8565,661.8927,68437,81364,Rhinolophus ferrumequinum,0.022,0.022,-1,Echolocation,/mnt/ubna_data_02_mir/recover-20220922/UBNA_001/20220921_090000.WAV,Telephone Field,recover-20220922,001,1795
661.8615,661.8692,28046,38698,Eptesicus serotinus,0.007,0.021,-1,Echolocation,/mnt/ubna_data_02_mir/recover-20220922/UBNA_001/20220921_090000.WAV,Telephone Field,recover-20220922,001,1795
661.9005,661.9371,68437,81488,Rhinolophus ferrumequinum,0.021,0.021,-1,Echolocation,/mnt/ubna_data_02_mir/recover-20220922/UBNA_001/20220921_090000.WAV,Telephone Field,recover-20220922,001,1795
661.9255,661.9456,19453,22941,Nyctalus noctula,0.021,0.037,-1,Echolocation,/mnt/ubna_data_02_mir/recover-20220922/UBNA_001/20220921_090000.WAV,Telephone Field,recover-20220922,001,1795
661.9285,661.9731,68437,83176,Rhinolophus ferrumequinum,0.037,0.037,-1,Echolocation,/mnt/ubna_data_02_mir/recover-20220922/UBNA_001/20220921_090000.WAV,Telephone Field,recover-20220922,001,1795
661.9485,661.9545,38359,54192,Myotis brandtii,0.006,0.021,-1,Echolocation,/mnt/ubna_data_02_mir/recover-20220922/UBNA_001/20220921_090000.WAV,Telephone Field,recover-20220922,001,1795
661.9655,661.9779,58984,64279,Pipistrellus pygmaeus,0.028,0.029,-1,Echolocation,/mnt/ubna_data_02_mir/recover-20220922/UBNA_001/20220921_090000.WAV,Telephone Field,recover-20220922,001,1795
661.9735,661.9806,27187,40248,Eptesicus serotinus,0.007,0.025,-1,Echolocation,/mnt/ubna_data_02_mir/recover-20220922/UBNA_001/20220921_090000.WAV,Telephone Field,recover-20220922,001,1795
662.0015,662.0102,26328,38195,Eptesicus serotinus,0.006,0.023,-1,Echolocation,/mnt/ubna_data_02_mir/recover-20220922/UBNA_001/20220921_090000.WAV,Telephone Field,recover-20220922,001,1795
662.0015,662.0333,68437,79349,Rhinolophus ferrumequinum,0.043,0.043,-1,Echolocation,/mnt/ubna_data_02_mir/recover-20220922/UBNA_001/20220921_090000.WAV,Telephone Field,recover-20220922,001,1795
662.0145,662.0566,68437,82658,Rhinolophus ferrumequinum,0.023,0.023,-1,Echolocation,/mnt/ubna_data_02_mir/recover-20220922/UBNA_001/20220921_090000.WAV,Telephone Field,recover-20220922,001,1795
662.0785,662.0879,24609,31902,Eptesicus serotinus,0.01,0.027,-1,Echolocation,/mnt/ubna_data_02_mir/recover-20220922/UBNA_001/20220921_090000.WAV,Telephone Field,recover-20220922,001,1795
662.0905,662.1297,68437,82350,Rhinolophus ferrumequinum,0.025,0.025,-1,Echolocation,/mnt/ubna_data_02_mir/recover-20220922/UBNA_001/20220921_090000.WAV,Telephone Field,recover-20220922,001,1795
662.1185,662.1599,68437,82593,Rhinolophus ferrumequinum,0.048,0.048,-1,Echolocation,/mnt/ubna_data_02_mir/recover-20220922/UBNA_001/20220921_090000.WAV,Telephone Field,recover-20220922,001,1795
662.1485,662.1607,22890,26582,Nyctalus leisleri,0.018,0.029,-1,Echolocation,/mnt/ubna_data_02_mir/recover-20220922/UBNA_001/20220921_090000.WAV,Telephone Field,recover-20220922,001,1795
662.1495,662.1915,68437,82853,Rhinolophus ferrumequinum,0.029,0.029,-1,Echolocation,/mnt/ubna_data_02_mir/recover-20220922/UBNA_001/20220921_090000.WAV,Telephone Field,recover-20220922,001,1795
662.2245,662.2349,22031,25918,Nyctalus leisleri,0.012,0.021,-1,Echolocation,/mnt/ubna_data_02_mir/recover-20220922/UBNA_001/20220921_090000.WAV,Telephone Field,recover-20220922,001,1795
662.2245,662.2671,68437,83076,Rhinolophus ferrumequinum,0.03,0.03,-1,Echolocation,/mnt/ubna_data_02_mir/recover-20220922/UBNA_001/20220921_090000.WAV,Telephone Field,recover-20220922,001,1795
662.2885,662.324,68437,81462,Rhinolophus ferrumequinum,0.021,0.021,-1,Echolocation,/mnt/ubna_data_02_mir/recover-20220922/UBNA_001/20220921_090000.WAV,Telephone Field,recover-20220922,001,1795
662.3015,662.3089,28906,38732,Eptesicus serotinus,0.007,0.024,-1,Echolocation,/mnt/ubna_data_02_mir/recover-20220922/UBNA_001/20220921_090000.WAV,Telephone Field,recover-20220922,001,1795
662.3265,662.3693,68437,82950,Rhinolophus ferrumequinum,0.026,0.026,-1,Echolocation,/mnt/ubna_data_02_mir/recover-20220922/UBNA_001/20220921_090000.WAV,Telephone Field,recover-20220922,001,1795
662.3395,662.3792,68437,83079,Rhinolophus ferrumequinum,0.026,0.026,-1,Echolocation,/mnt/ubna_data_02_mir/recover-20220922/UBNA_001/20220921_090000.WAV,Telephone Field,recover-20220922,001,1795
662.4045,662.4402,68437,81933,Rhinolophus ferrumequinum,0.023,0.023,-1,Echolocation,/mnt/ubna_data_02_mir/recover-20220922/UBNA_001/20220921_090000.WAV,Telephone Field,recover-20220922,001,1795
662.4165,662.4252,28906,39970,Eptesicus serotinus,0.009,0.025,-1,Echolocation,/mnt/ubna_data_02_mir/recover-20220922/UBNA_001/20220921_090000.WAV,Telephone Field,recover-20220922,001,1795
662.4275,662.4411,23750,28707,Nyctalus leisleri,0.013,0.027,-1,Echolocation,/mnt/ubna_data_02_mir/recover-20220922/UBNA_001/20220921_090000.WAV,Telephone Field,recover-20220922,001,1795
662.4275,662.4668,68437,82081,Rhinolophus ferrumequinum,0.029,0.029,-1,Echolocation,/mnt/ubna_data_02_mir/recover-20220922/UBNA_001/20220921_090000.WAV,Telephone Field,recover-20220922,001,1795
662.4425,662.4807,68437,81737,Rhinolophus ferrumequinum,0.022,0.022,-1,Echolocation,/mnt/ubna_data_02_mir/recover-20220922/UBNA_001/20220921_090000.WAV,Telephone Field,recover-20220922,001,1795
662.4775,662.5167,68437,82294,Rhinolophus ferrumequinum,0.029,0.029,-1,Echolocation,/mnt/ubna_data_02_mir/recover-20220922/UBNA_001/20220921_090000.WAV,Telephone Field,recover-20220922,001,1795
662.4825,662.5223,68437,82609,Rhinolophus ferrumequinum,0.028,0.028,-1,Echolocation,/mnt/ubna_data_02_mir/recover-20220922/UBNA_001/20220921_090000.WAV,Telephone Field,recover-20220922,001,1795
662.4915,662.503,27187,34136,Eptesicus serotinus,0.012,0.024,-1,Echolocation,/mnt/ubna_data_02_mir/recover-20220922/UBNA_001/20220921_090000.WAV,Telephone Field,recover-20220922,001,1795
662.4935,662.5321,68437,82582,Rhinolophus ferrumequinum,0.022,0.022,-1,Echolocation,/mnt/ubna_data_02_mir/recover-20220922/UBNA_001/20220921_090000.WAV,Telephone Field,recover-20220922,001,1795
662.5305,662.5703,68437,82561,Rhinolophus ferrumequinum,0.029,0.029,-1,Echolocation,/mnt/ubna_data_02_mir/recover-20220922/UBNA_001/20220921_090000.WAV,Telephone Field,recover-20220922,001,1795
662.5455,662.5815,68437,81140,Rhinolophus ferrumequinum,0.028,0.028,-1,Echolocation,/mnt/ubna_data_02_mir/recover-20220922/UBNA_001/20220921_090000.WAV,Telephone Field,recover-20220922,001,1795
662.5525,662.5906,68437,82234,Rhinolophus ferrumequinum,0.023,0.023,-1,Echolocation,/mnt/ubna_data_02_mir/recover-20220922/UBNA_001/20220921_090000.WAV,Telephone Field,recover-20220922,001,1795
662.5655,662.6065,68437,82776,Rhinolophus ferrumequinum,0.024,0.024,-1,Echolocation,/mnt/ubna_data_02_mir/recover-20220922/UBNA_001/20220921_090000.WAV,Telephone Field,recover-20220922,001,1795
662.5745,662.6168,68437,82864,Rhinolophus ferrumequinum,0.029,0.029,-1,Echolocation,/mnt/ubna_data_02_mir/recover-20220922/UBNA_001/20220921_090000.WAV,Telephone Field,recover-20220922,001,1795
662.5825,662.5923,26328,34611,Eptesicus serotinus,0.013,0.031,-1,Echolocation,/mnt/ubna_data_02_mir/recover-20220922/UBNA_001/20220921_090000.WAV,Telephone Field,recover-20220922,001,1795
662.6035,662.6441,68437,83169,Rhinolophus ferrumequinum,0.041,0.042,-1,Echolocation,/mnt/ubna_data_02_mir/recover-20220922/UBNA_001/20220921_090000.WAV,Telephone Field,recover-20220922,001,1795
662.6355,662.6804,68437,83660,Rhinolophus ferrumequinum,0.048,0.048,-1,Echolocation,/mnt/ubna_data_02_mir/recover-20220922/UBNA_001/20220921_090000.WAV,Telephone Field,recover-20220922,001,1795
662.6595,662.6948,68437,81666,Rhinolophus ferrumequinum,0.024,0.024,-1,Echolocation,/mnt/ubna_data_02_mir/recover-20220922/UBNA_001/20220921_090000.WAV,Telephone Field,recover-20220922,001,1795
662.6675,662.7016,68437,80888,Rhinolophus ferrumequinum,0.022,0.022,-1,Echolocation,/mnt/ubna_data_02_mir/recover-20220922/UBNA_001/20220921_090000.WAV,Telephone Field,recover-20220922,001,1795
662.7095,662.7471,68437,81620,Rhinolophus ferrumequinum,0.023,0.023,-1,Echolocation,/mnt/ubna_data_02_mir/recover-20220922/UBNA_001/20220921_090000.WAV,Telephone Field,recover-20220922,001,1795
662.7265,662.7656,68437,82654,Rhinolophus ferrumequinum,0.023,0.023,-1,Echolocation,/mnt/ubna_data_02_mir/recover-20220922/UBNA_001/20220921_090000.WAV,Telephone Field,recover-20220922,001,1795
662.7395,662.7825,68437,82679,Rhinolophus ferrumequinum,0.025,0.025,-1,Echolocation,/mnt/ubna_data_02_mir/recover-20220922/UBNA_001/20220921_090000.WAV,Telephone Field,recover-20220922,001,1795
662.7705,662.7769,26328,40054,Eptesicus serotinus,0.005,0.026,-1,Echolocation,/mnt/ubna_data_02_mir/recover-20220922/UBNA_001/20220921_090000.WAV,Telephone Field,recover-20220922,001,1795
662.7915,662.8006,24609,31154,Nyctalus leisleri,0.007,0.022,-1,Echolocation,/mnt/ubna_data_02_mir/recover-20220922/UBNA_001/20220921_090000.WAV,Telephone Field,recover-20220922,001,1795
662.7975,662.8367,68437,81680,Rhinolophus ferrumequinum,0.025,0.025,-1,Echolocation,/mnt/ubna_data_02_mir/recover-20220922/UBNA_001/20220921_090000.WAV,Telephone Field,recover-20220922,001,1795
662.8075,662.8443,68437,81928,Rhinolophus ferrumequinum,0.023,0.023,-1,Echolocation,/mnt/ubna_data_02_mir/recover-20220922/UBNA_001/20220921_090000.WAV,Telephone Field,recover-20220922,001,1795
662.8265,662.8651,68437,81980,Rhinolophus ferrumequinum,0.023,0.023,-1,Echolocation,/mnt/ubna_data_02_mir/recover-20220922/UBNA_001/20220921_090000.WAV,Telephone Field,recover-20220922,001,1795
662.8375,662.8446,23750,32850,Plecotus austriacus,0.017,0.033,-1,Echolocation,/mnt/ubna_data_02_mir/recover-20220922/UBNA_001/20220921_090000.WAV,Telephone Field,recover-20220922,001,1795
662.8385,662.8788,68437,82756,Rhinolophus ferrumequinum,0.024,0.024,-1,Echolocation,/mnt/ubna_data_02_mir/recover-20220922/UBNA_001/20220921_090000.WAV,Telephone Field,recover-20220922,001,1795
662.8645,662.877,23750,29260,Nyctalus leisleri,0.026,0.061,-1,Echolocation,/mnt/ubna_data_02_mir/recover-20220922/UBNA_001/20220921_090000.WAV,Telephone Field,recover-20220922,001,1795
662.8765,662.9174,68437,83328,Rhinolophus ferrumequinum,0.027,0.027,-1,Echolocation,/mnt/ubna_data_02_mir/recover-20220922/UBNA_001/20220921_090000.WAV,Telephone Field,recover-20220922,001,1795
662.8895,662.9266,68437,81609,Rhinolophus ferrumequinum,0.027,0.027,-1,Echolocation,/mnt/ubna_data_02_mir/recover-20220922/UBNA_001/20220921_090000.WAV,Telephone Field,recover-20220922,001,1795
662.9105,662.9305,18593,21586,Nyctalus noctula,0.015,0.031,-1,Echolocation,/mnt/ubna_data_02_mir/recover-20220922/UBNA_001/20220921_090000.WAV,Telephone Field,recover-20220922,001,1795
662.9175,662.9584,68437,82688,Rhinolophus ferrumequinum,0.023,0.023,-1,Echolocation,/mnt/ubna_data_02_mir/recover-20220922/UBNA_001/20220921_090000.WAV,Telephone Field,recover-20220922,001,1795
662.9395,662.9778,68437,82189,Rhinolophus ferrumequinum,0.021,0.021,-1,Echolocation,/mnt/ubna_data_02_mir/recover-20220922/UBNA_001/20220921_090000.WAV,Telephone Field,recover-20220922,001,1795
662.9725,663.0116,68437,81867,Rhinolophus ferrumequinum,0.023,0.023,-1,Echolocation,/mnt/ubna_data_02_mir/recover-20220922/UBNA_001/20220921_090000.WAV,Telephone Field,recover-20220922,001,1795
662.9965,663.0317,68437,81539,Rhinolophus ferrumequinum,0.024,0.024,-1,Echolocation,/mnt/ubna_data_02_mir/recover-20220922/UBNA_001/20220921_090000.WAV,Telephone Field,recover-20220922,001,1795
663.0115,663.0483,68437,81522,Rhinolophus ferrumequinum,0.022,0.022,-1,Echolocation,/mnt/ubna_data_02_mir/recover-20220922/UBNA_001/20220921_090000.WAV,Telephone Field,recover-20220922,001,1795
663.0125,663.0199,31484,44048,Myotis daubentonii,0.009,0.025,-1,Echolocation,/mnt/ubna_data_02_mir/recover-20220922/UBNA_001/20220921_090000.WAV,Telephone Field,recover-20220922,001,1795
663.0275,663.0668,68437,82609,Rhinolophus ferrumequinum,0.023,0.023,-1,Echolocation,/mnt/ubna_data_02_mir/recover-20220922/UBNA_001/20220921_090000.WAV,Telephone Field,recover-20220922,001,1795
663.0395,663.0479,22890,30103,Plecotus austriacus,0.008,0.022,-1,Echolocation,/mnt/ubna_data_02_mir/recover-20220922/UBNA_001/20220921_090000.WAV,Telephone Field,recover-20220922,001,1795
663.0415,663.0827,68437,82603,Rhinolophus ferrumequinum,0.028,0.028,-1,Echolocation,/mnt/ubna_data_02_mir/recover-20220922/UBNA_001/20220921_090000.WAV,Telephone Field,recover-20220922,001,1795
663.0655,663.0764,58125,63761,Pipistrellus pygmaeus,0.026,0.027,-1,Echolocation,/mnt/ubna_data_02_mir/recover-20220922/UBNA_001/20220921_090000.WAV,Telephone Field,recover-20220922,001,1795
663.0835,663.1239,68437,82843,Rhinolophus ferrumequinum,0.043,0.043,-1,Echolocation,/mnt/ubna_data_02_mir/recover-20220922/UBNA_001/20220921_090000.WAV,Telephone Field,recover-20220922,001,1795
663.1175,663.1586,68437,83080,Rhinolophus ferrumequinum,0.032,0.032,-1,Echolocation,/mnt/ubna_data_02_mir/recover-20220922/UBNA_001/20220921_090000.WAV,Telephone Field,recover-20220922,001,1795
663.1235,663.1334,22031,27567,Nyctalus leisleri,0.012,0.031,-1,Echolocation,/mnt/ubna_data_02_mir/recover-20220922/UBNA_001/20220921_090000.WAV,Telephone Field,recover-20220922,001,1795
663.1415,663.1762,68437,81663,Rhinolophus ferrumequinum,0.022,0.022,-1,Echolocation,/mnt/ubna_data_02_mir/recover-20220922/UBNA_001/20220921_090000.WAV,Telephone Field,recover-20220922,001,1795
663.1545,663.1655,23750,30570,Eptesicus serotinus,0.008,0.023,-1,Echolocation,/mnt/ubna_data_02_mir/recover-20220922/UBNA_001/20220921_090000.WAV,Telephone Field,recover-20220922,001,1795
663.1725,663.21,68437,81854,Rhinolophus ferrumequinum,0.025,0.025,-1,Echolocation,/mnt/ubna_data_02_mir/recover-20220922/UBNA_001/20220921_090000.WAV,Telephone Field,recover-20220922,001,1795
663.1745,663.1826,28046,40229,Eptesicus serotinus,0.007,0.023,-1,Echolocation,/mnt/ubna_data_02_mir/recover-20220922/UBNA_001/20220921_090000.WAV,Telephone Field,recover-20220922,001,1795
663.1825,663.2176,68437,80740,Rhinolophus ferrumequinum,0.021,0.022,-1,Echolocation,/mnt/ubna_data_02_mir/recover-20220922/UBNA_001/20220921_090000.WAV,Telephone Field,recover-20220922,001,1795
663.1895,663.2253,68437,80998,Rhinolophus ferrumequinum,0.022,0.022,-1,Echolocation,/mnt/ubna_data_02_mir/recover-20220922/UBNA_001/20220921_090000.WAV,Telephone Field,recover-20220922,001,1795
663.2005,663.2106,46093,49609,Pipistrellus pipistrellus,0.049,0.053,-1,Echolocation,/mnt/ubna_data_02_mir/recover-20220922/UBNA_001/20220921_090000.WAV,Telephone Field,recover-20220922,001,1795
663.2085,663.2272,16015,19830,Nyctalus noctula,0.028,0.039,-1,Echolocation,/mnt/ubna_data_02_mir/recover-20220922/UBNA_001/20220921_090000.WAV,Telephone Field,recover-20220922,001,1795
663.2455,663.289,68437,82934,Rhinolophus ferrumequinum,0.032,0.032,-1,Echolocation,/mnt/ubna_data_02_mir/recover-20220922/UBNA_001/20220921_090000.WAV,Telephone Field,recover-20220922,001,1795
663.2715,663.306,68437,81035,Rhinolophus ferrumequinum,0.022,0.022,-1,Echolocation,/mnt/ubna_data_02_mir/recover-20220922/UBNA_001/20220921_090000.WAV,Telephone Field,recover-20220922,001,1795
663.3425,663.3852,68437,83250,Rhinolophus ferrumequinum,0.043,0.044,-1,Echolocation,/mnt/ubna_data_02_mir/recover-20220922/UBNA_001/20220921_090000.WAV,Telephone Field,recover-20220922,001,1795
663.3535,663.3643,22890,27858,Nyctalus leisleri,0.011,0.022,-1,Echolocation,/mnt/ubna_data_02_mir/recover-20220922/UBNA_001/20220921_090000.WAV,Telephone Field,recover-20220922,001,1795
663.3845,663.4241,68437,82107,Rhinolophus ferrumequinum,0.023,0.023,-1,Echolocation,/mnt/ubna_data_02_mir/recover-20220922/UBNA_001/20220921_090000.WAV,Telephone Field,recover-20220922,001,1795
663.3905,663.4266,68437,81964,Rhinolophus ferrumequinum,0.027,0.027,-1,Echolocation,/mnt/ubna_data_02_mir/recover-20220922/UBNA_001/20220921_090000.WAV,Telephone Field,recover-20220922,001,1795
663.4235,663.4626,68437,81569,Rhinolophus ferrumequinum,0.024,0.024,-1,Echolocation,/mnt/ubna_data_02_mir/recover-20220922/UBNA_001/20220921_090000.WAV,Telephone Field,recover-20220922,001,1795
663.4395,663.4503,22890,28124,Nyctalus leisleri,0.012,0.024,-1,Echolocation,/mnt/ubna_data_02_mir/recover-20220922/UBNA_001/20220921_090000.WAV,Telephone Field,recover-20220922,001,1795
663.4515,663.4616,23750,31821,Nyctalus leisleri,0.009,0.027,-1,Echolocation,/mnt/ubna_data_02_mir/recover-20220922/UBNA_001/20220921_090000.WAV,Telephone Field,recover-20220922,001,1795
663.4635,663.5034,68437,82353,Rhinolophus ferrumequinum,0.023,0.023,-1,Echolocation,/mnt/ubna_data_02_mir/recover-20220922/UBNA_001/20220921_090000.WAV,Telephone Field,recover-20220922,001,1795
663.4805,663.4916,22031,27539,Nyctalus leisleri,0.024,0.068,-1,Echolocation,/mnt/ubna_data_02_mir/recover-20220922/UBNA_001/20220921_090000.WAV,Telephone Field,recover-20220922,001,1795
663.5015,663.542,68437,82694,Rhinolophus ferrumequinum,0.024,0.024,-1,Echolocation,/mnt/ubna_data_02_mir/recover-20220922/UBNA_001/20220921_090000.WAV,Telephone Field,recover-20220922,001,1795
663.5335,663.5694,68437,81485,Rhinolophus ferrumequinum,0.025,0.025,-1,Echolocation,/mnt/ubna_data_02_mir/recover-20220922/UBNA_001/20220921_090000.WAV,Telephone Field,recover-20220922,001,1795
663.5645,663.6004,68437,81211,Rhinolophus ferrumequinum,0.023,0.023,-1,Echolocation,/mnt/ubna_data_02_mir/recover-20220922/UBNA_001/20220921_090000.WAV,Telephone Field,recover-20220922,001,1795
663.5885,663.6269,68437,82107,Rhinolophus ferrumequinum,0.022,0.022,-1,Echolocation,/mnt/ubna_data_02_mir/recover-20220922/UBNA_001/20220921_090000.WAV,Telephone Field,recover-20220922,001,1795
663.6095,663.6493,68437,82698,Rhinolophus ferrumequinum,0.03,0.03,-1,Echolocation,/mnt/ubna_data_02_mir/recover-20220922/UBNA_001/20220921_090000.WAV,Telephone Field,recover-20220922,001,1795
663.6195,663.6279,23750,31328,Plecotus austriacus,0.007,0.022,-1,Echolocation,/mnt/ubna_data_02_mir/recover-20220922/UBNA_001/20220921_090000.WAV,Telephone Field,recover-20220922,001,1795
663.6305,663.6698,68437,82670,Rhinolophus ferrumequinum,0.025,0.025,-1,Echolocation,/mnt/ubna_data_02_mir/recover-20220922/UBNA_001/20220921_090000.WAV,Telephone Field,recover-20220922,001,1795
663.6705,663.7095,68437,82441,Rhinolophus ferrumequinum,0.026,0.026,-1,Echolocation,/mnt/ubna_data_02_mir/recover-20220922/UBNA_001/20220921_090000.WAV,Telephone Field,recover-20220922,001,1795
663.6765,663.684,22890,31735,Plecotus austriacus,0.015,0.03,-1,Echolocation,/mnt/ubna_data_02_mir/recover-20220922/UBNA_001/20220921_090000.WAV,Telephone Field,recover-20220922,001,1795
663.6835,663.6937,27187,34454,Eptesicus serotinus,0.012,0.027,-1,Echolocation,/mnt/ubna_data_02_mir/recover-20220922/UBNA_001/20220921_090000.WAV,Telephone Field,recover-20220922,001,1795
663.6995,663.7398,68437,82735,Rhinolophus ferrumequinum,0.023,0.023,-1,Echolocation,/mnt/ubna_data_02_mir/recover-20220922/UBNA_001/20220921_090000.WAV,Telephone Field,recover-20220922,001,1795
663.7175,663.7579,68437,82243,Rhinolophus ferrumequinum,0.023,0.023,-1,Echolocation,/mnt/ubna_data_02_mir/recover-20220922/UBNA_001/20220921_090000.WAV,Telephone Field,recover-20220922,001,1795
663.7395,663.7783,68437,82475,Rhinolophus ferrumequinum,0.023,0.023,-1,Echolocation,/mnt/ubna_data_02_mir/recover-20220922/UBNA_001/20220921_090000.WAV,Telephone Field,recover-20220922,001,1795
663.7835,663.8233,68437,82892,Rhinolophus ferrumequinum,0.023,0.023,-1,Echolocation,/mnt/ubna_data_02_mir/recover-20220922/UBNA_001/20220921_090000.WAV,Telephone Field,recover-20220922,001,1795
663.8065,663.8131,25468,34914,Plecotus austriacus,0.013,0.032,-1,Echolocation,/mnt/ubna_data_02_mir/recover-20220922/UBNA_001/20220921_090000.WAV,Telephone Field,recover-20220922,001,1795
663.8125,663.8507,68437,82490,Rhinolophus ferrumequinum,0.025,0.025,-1,Echolocation,/mnt/ubna_data_02_mir/recover-20220922/UBNA_001/20220921_090000.WAV,Telephone Field,recover-20220922,001,1795
663.8465,663.8571,35781,41804,Pipistrellus nathusii,0.008,0.028,-1,Echolocation,/mnt/ubna_data_02_mir/recover-20220922/UBNA_001/20220921_090000.WAV,Telephone Field,recover-20220922,001,1795
663.8565,663.8969,68437,82505,Rhinolophus ferrumequinum,0.023,0.023,-1,Echolocation,/mnt/ubna_data_02_mir/recover-20220922/UBNA_001/20220921_090000.WAV,Telephone Field,recover-20220922,001,1795
663.8995,663.9097,22031,27109,Nyctalus leisleri,0.011,0.025,-1,Echolocation,/mnt/ubna_data_02_mir/recover-20220922/UBNA_001/20220921_090000.WAV,Telephone Field,recover-20220922,001,1795
663.9235,663.9637,68437,82888,Rhinolophus ferrumequinum,0.027,0.027,-1,Echolocation,/mnt/ubna_data_02_mir/recover-20220922/UBNA_001/20220921_090000.WAV,Telephone Field,recover-20220922,001,1795
663.9505,663.9929,68437,82984,Rhinolophus ferrumequinum,0.035,0.035,-1,Echolocation,/mnt/ubna_data_02_mir/recover-20220922/UBNA_001/20220921_090000.WAV,Telephone Field,recover-20220922,001,1795
663.9515,663.9591,28906,39965,Eptesicus serotinus,0.008,0.029,-1,Echolocation,/mnt/ubna_data_02_mir/recover-20220922/UBNA_001/20220921_090000.WAV,Telephone Field,recover-20220922,001,1795
663.9785,663.9882,22890,29109,Nyctalus leisleri,0.009,0.023,-1,Echolocation,/mnt/ubna_data_02_mir/recover-20220922/UBNA_001/20220921_090000.WAV,Telephone Field,recover-20220922,001,1795
664.0015,664.0354,68437,80175,Rhinolophus ferrumequinum,0.029,0.03,-1,Echolocation,/mnt/ubna_data_02_mir/recover-20220922/UBNA_001/20220921_090000.WAV,Telephone Field,recover-20220922,001,1795
664.0015,664.0127,52968,58040,Pipistrellus pygmaeus,0.017,0.021,-1,Echolocation,/mnt/ubna_data_02_mir/recover-20220922/UBNA_001/20220921_090000.WAV,Telephone Field,recover-20220922,001,1795
664.0015,664.0112,22031,27285,Nyctalus leisleri,0.012,0.028,-1,Echolocation,/mnt/ubna_data_02_mir/recover-20220922/UBNA_001/20220921_090000.WAV,Telephone Field,recover-20220922,001,1795
664.0085,664.0532,68437,82590,Rhinolophus ferrumequinum,0.032,0.032,-1,Echolocation,/mnt/ubna_data_02_mir/recover-20220922/UBNA_001/20220921_090000.WAV,Telephone Field,recover-20220922,001,1795
664.0175,664.0281,22890,28077,Nyctalus leisleri,0.011,0.023,-1,Echolocation,/mnt/ubna_data_02_mir/recover-20220922/UBNA_001/20220921_090000.WAV,Telephone Field,recover-20220922,001,1795
664.0535,664.0645,22890,28477,Nyctalus leisleri,0.013,0.028,-1,Echolocation,/mnt/ubna_data_02_mir/recover-20220922/UBNA_001/20220921_090000.WAV,Telephone Field,recover-20220922,001,1795
664.1035,664.143,68437,82049,Rhinolophus ferrumequinum,0.02,0.021,-1,Echolocation,/mnt/ubna_data_02_mir/recover-20220922/UBNA_001/20220921_090000.WAV,Telephone Field,recover-20220922,001,1795
664.1375,664.1753,68437,82446,Rhinolophus ferrumequinum,0.023,0.023,-1,Echolocation,/mnt/ubna_data_02_mir/recover-20220922/UBNA_001/20220921_090000.WAV,Telephone Field,recover-20220922,001,1795
664.1455,664.1544,28046,36066,Eptesicus serotinus,0.007,0.021,-1,Echolocation,/mnt/ubna_data_02_mir/recover-20220922/UBNA_001/20220921_090000.WAV,Telephone Field,recover-20220922,001,1795
664.1985,664.2391,68437,82951,Rhinolophus ferrumequinum,0.026,0.026,-1,Echolocation,/mnt/ubna_data_02_mir/recover-20220922/UBNA_001/20220921_090000.WAV,Telephone Field,recover-20220922,001,1795
664.2045,664.2112,27187,40897,Eptesicus serotinus,0.006,0.023,-1,Echolocation,/mnt/ubna_data_02_mir/recover-20220922/UBNA_001/20220921_090000.WAV,Telephone Field,recover-20220922,001,1795
664.2155,664.2585,68437,83130,Rhinolophus ferrumequinum,0.029,0.029,-1,Echolocation,/mnt/ubna_data_02_mir/recover-20220922/UBNA_001/20220921_090000.WAV,Telephone Field,recover-20220922,001,1795
664.2575,664.2923,68437,80666,Rhinolophus ferrumequinum,0.023,0.023,-1,Echolocation,/mnt/ubna_data_02_mir/recover-20220922/UBNA_001/20220921_090000.WAV,Telephone Field,recover-20220922,001,1795
664.2755,664.2839,26328,36807,Eptesicus serotinus,0.007,0.022,-1,Echolocation,/mnt/ubna_data_02_mir/recover-20220922/UBNA_001/20220921_090000.WAV,Telephone Field,recover-20220922,001,1795
664.3045,664.3418,68437,81659,Rhinolophus ferrumequinum,0.02,0.02,-1,Echolocation,/mnt/ubna_data_02_mir/recover-20220922/UBNA_001/20220921_090000.WAV,Telephone Field,recover-20220922,001,1795
664.3165,664.3263,23750,29950,Nyctalus leisleri,0.008,0.021,-1,Echolocation,/mnt/ubna_data_02_mir/recover-20220922/UBNA_001/20220921_090000.WAV,Telephone Field,recover-20220922,001,1795
664.3205,664.3602,68437,82285,Rhinolophus ferrumequinum,0.027,0.027,-1,Echolocation,/mnt/ubna_data_02_mir/recover-20220922/UBNA_001/20220921_090000.WAV,Telephone Field,recover-20220922,001,1795
664.3485,664.3572,28046,39130,Eptesicus serotinus,0.008,0.022,-1,Echolocation,/mnt/ubna_data_02_mir/recover-20220922/UBNA_001/20220921_090000.WAV,Telephone Field,recover-20220922,001,1795
664.3585,664.368,27187,36781,Eptesicus serotinus,0.009,0.021,-1,Echolocation,/mnt/ubna_data_02_mir/recover-20220922/UBNA_001/20220921_090000.WAV,Telephone Field,recover-20220922,001,1795
664.3755,664.4125,68437,82244,Rhinolophus ferrumequinum,0.023,0.023,-1,Echolocation,/mnt/ubna_data_02_mir/recover-20220922/UBNA_001/20220921_090000.WAV,Telephone Field,recover-20220922,001,1795
664.4135,664.4509,68437,82023,Rhinolophus ferrumequinum,0.021,0.021,-1,Echolocation,/mnt/ubna_data_02_mir/recover-20220922/UBNA_001/20220921_090000.WAV,Telephone Field,recover-20220922,001,1795
664.4375,664.476,68437,81908,Rhinolophus ferrumequinum,0.024,0.024,-1,Echolocation,/mnt/ubna_data_02_mir/recover-20220922/UBNA_001/20220921_090000.WAV,Telephone Field,recover-20220922,001,1795
664.5165,664.5523,68437,81408,Rhinolophus ferrumequinum,0.023,0.023,-1,Echolocation,/mnt/ubna_data_02_mir/recover-20220922/UBNA_001/20220921_090000.WAV,Telephone Field,recover-20220922,001,1795
664.5225,664.5581,68437,81052,Rhinolophus ferrumequinum,0.023,0.023,-1,Echolocation,/mnt/ubna_data_02_mir/recover-20220922/UBNA_001/20220921_090000.WAV,Telephone Field,recover-20220922,001,1795
664.5455,664.5823,68437,82088,Rhinolophus ferrumequinum,0.021,0.021,-1,Echolocation,/mnt/ubna_data_02_mir/recover-20220922/UBNA_001/20220921_090000.WAV,Telephone Field,recover-20220922,001,1795
664.5745,664.6125,68437,82314,Rhinolophus ferrumequinum,0.027,0.027,-1,Echolocation,/mnt/ubna_data_02_mir/recover-20220922/UBNA_001/20220921_090000.WAV,Telephone Field,recover-20220922,001,1795
664.6095,664.6503,68437,82384,Rhinolophus ferrumequinum,0.025,0.025,-1,Echolocation,/mnt/ubna_data_02_mir/recover-20220922/UBNA_001/20220921_090000.WAV,Telephone Field,recover-20220922,001,1795
664.6255,664.6363,28906,36474,Eptesicus serotinus,0.01,0.023,-1,Echolocation,/mnt/ubna_data_02_mir/recover-20220922/UBNA_001/20220921_090000.WAV,Telephone Field,recover-20220922,001,1795
664.6635,664.6763,22890,26508,Nyctalus leisleri,0.014,0.023,-1,Echolocation,/mnt/ubna_data_02_mir/recover-20220922/UBNA_001/20220921_090000.WAV,Telephone Field,recover-20220922,001,1795
664.6845,664.6933,27187,35819,Eptesicus serotinus,0.012,0.026,-1,Echolocation,/mnt/ubna_data_02_mir/recover-20220922/UBNA_001/20220921_090000.WAV,Telephone Field,recover-20220922,001,1795
664.6865,664.7259,68437,82429,Rhinolophus ferrumequinum,0.028,0.028,-1,Echolocation,/mnt/ubna_data_02_mir/recover-20220922/UBNA_001/20220921_090000.WAV,Telephone Field,recover-20220922,001,1795
664.6955,664.7332,68437,82075,Rhinolophus ferrumequinum,0.023,0.023,-1,Echolocation,/mnt/ubna_data_02_mir/recover-20220922/UBNA_001/20220921_090000.WAV,Telephone Field,recover-20220922,001,1795
664.7215,664.7577,68437,82181,Rhinolophus ferrumequinum,0.026,0.026,-1,Echolocation,/mnt/ubna_data_02_mir/recover-20220922/UBNA_001/20220921_090000.WAV,Telephone Field,recover-20220922,001,1795
664.7495,664.7572,50390,55519,Pipistrellus pipistrellus,0.025,0.028,-1,Echolocation,/mnt/ubna_data_02_mir/recover-20220922/UBNA_001/20220921_090000.WAV,Telephone Field,recover-20220922,001,1795
664.7565,664.7939,68437,81759,Rhinolophus ferrumequinum,0.021,0.021,-1,Echolocation,/mnt/ubna_data_02_mir/recover-20220922/UBNA_001/20220921_090000.WAV,Telephone Field,recover-20220922,001,1795
664.7915,664.8016,28906,37487,Eptesicus serotinus,0.01,0.023,-1,Echolocation,/mnt/ubna_data_02_mir/recover-20220922/UBNA_001/20220921_090000.WAV,Telephone Field,recover-20220922,001,1795
664.8005,664.8349,68437,80658,Rhinolophus ferrumequinum,0.022,0.022,-1,Echolocation,/mnt/ubna_data_02_mir/recover-20220922/UBNA_001/20220921_090000.WAV,Telephone Field,recover-20220922,001,1795
664.8105,664.8458,68437,81618,Rhinolophus ferrumequinum,0.022,0.022,-1,Echolocation,/mnt/ubna_data_02_mir/recover-20220922/UBNA_001/20220921_090000.WAV,Telephone Field,recover-20220922,001,1795
664.8195,664.8288,50390,55176,Pipistrellus pipistrellus,0.022,0.026,-1,Echolocation,/mnt/ubna_data_02_mir/recover-20220922/UBNA_001/20220921_090000.WAV,Telephone Field,recover-20220922,001,1795
664.8665,664.9048,68437,81767,Rhinolophus ferrumequinum,0.022,0.022,-1,Echolocation,/mnt/ubna_data_02_mir/recover-20220922/UBNA_001/20220921_090000.WAV,Telephone Field,recover-20220922,001,1795
664.8705,664.8813,22031,25780,Nyctalus leisleri,0.012,0.021,-1,Echolocation,/mnt/ubna_data_02_mir/recover-20220922/UBNA_001/20220921_090000.WAV,Telephone Field,recover-20220922,001,1795
664.9055,664.9454,68437,82256,Rhinolophus ferrumequinum,0.021,0.022,-1,Echolocation,/mnt/ubna_data_02_mir/recover-20220922/UBNA_001/20220921_090000.WAV,Telephone Field,recover-20220922,001,1795
664.9725,665.0156,68437,82987,Rhinolophus ferrumequinum,0.027,0.027,-1,Echolocation,/mnt/ubna_data_02_mir/recover-20220922/UBNA_001/20220921_090000.WAV,Telephone Field,recover-20220922,001,1795
665.0175,665.054,68437,82332,Rhinolophus ferrumequinum,0.027,0.027,-1,Echolocation,/mnt/ubna_data_02_mir/recover-20220922/UBNA_001/20220921_090000.WAV,Telephone Field,recover-20220922,001,1795
665.0185,665.0248,28046,42453,Eptesicus serotinus,0.011,0.042,-1,Echolocation,/mnt/ubna_data_02_mir/recover-20220922/UBNA_001/20220921_090000.WAV,Telephone Field,recover-20220922,001,1795
665.0445,665.0539,28046,36522,Eptesicus serotinus,0.008,0.021,-1,Echolocation,/mnt/ubna_data_02_mir/recover-20220922/UBNA_001/20220921_090000.WAV,Telephone Field,recover-20220922,001,1795
665.0665,665.1088,68437,83374,Rhinolophus ferrumequinum,0.029,0.029,-1,Echolocation,/mnt/ubna_data_02_mir/recover-20220922/UBNA_001/20220921_090000.WAV,Telephone Field,recover-20220922,001,1795
665.0835,665.1252,68437,83008,Rhinolophus ferrumequinum,0.034,0.034,-1,Echolocation,/mnt/ubna_data_02_mir/recover-20220922/UBNA_001/20220921_090000.WAV,Telephone Field,recover-20220922,001,1795
665.0875,665.0965,14296,19326,Nyctalus noctula,0.015,0.032,-1,Echolocation,/mnt/ubna_data_02_mir/recover-20220922/UBNA_001/20220921_090000.WAV,Telephone Field,recover-20220922,001,1795
665.1495,665.1584,28046,37000,Eptesicus serotinus,0.009,0.023,-1,Echolocation,/mnt/ubna_data_02_mir/recover-20220922/UBNA_001/20220921_090000.WAV,Telephone Field,recover-20220922,001,1795
665.1635,665.2044,68437,82291,Rhinolophus ferrumequinum,0.024,0.024,-1,Echolocation,/mnt/ubna_data_02_mir/recover-20220922/UBNA_001/20220921_090000.WAV,Telephone Field,recover-20220922,001,1795
665.1765,665.2181,68437,82783,Rhinolophus ferrumequinum,0.03,0.03,-1,Echolocation,/mnt/ubna_data_02_mir/recover-20220922/UBNA_001/20220921_090000.WAV,Telephone Field,recover-20220922,001,1795
665.1975,665.2362,68437,82805,Rhinolophus ferrumequinum,0.021,0.021,-1,Echolocation,/mnt/ubna_data_02_mir/recover-20220922/UBNA_001/20220921_090000.WAV,Telephone Field,recover-20220922,001,1795
665.2265,665.2651,68437,82161,Rhinolophus ferrumequinum,0.021,0.021,-1,Echolocation,/mnt/ubna_data_02_mir/recover-20220922/UBNA_001/20220921_090000.WAV,Telephone Field,recover-20220922,001,1795
665.2525,665.2944,68437,82762,Rhinolophus ferrumequinum,0.036,0.036,-1,Echolocation,/mnt/ubna_data_02_mir/recover-20220922/UBNA_001/20220921_090000.WAV,Telephone Field,recover-20220922,001,1795
665.2645,665.2743,24609,30811,Eptesicus serotinus,0.014,0.04,-1,Echolocation,/mnt/ubna_data_02_mir/recover-20220922/UBNA_001/20220921_090000.WAV,Telephone Field,recover-20220922,001,1795
665.2865,665.3299,68437,83639,Rhinolophus ferrumequinum,0.041,0.041,-1,Echolocation,/mnt/ubna_data_02_mir/recover-20220922/UBNA_001/20220921_090000.WAV,Telephone Field,recover-20220922,001,1795
665.2985,665.3071,22031,29180,Plecotus austriacus,0.015,0.031,-1,Echolocation,/mnt/ubna_data_02_mir/recover-20220922/UBNA_001/20220921_090000.WAV,Telephone Field,recover-20220922,001,1795
665.3025,665.3432,68437,82890,Rhinolophus ferrumequinum,0.022,0.022,-1,Echolocation,/mnt/ubna_data_02_mir/recover-20220922/UBNA_001/20220921_090000.WAV,Telephone Field,recover-20220922,001,1795
665.3125,665.3519,68437,82138,Rhinolophus ferrumequinum,0.032,0.032,-1,Echolocation,/mnt/ubna_data_02_mir/recover-20220922/UBNA_001/20220921_090000.WAV,Telephone Field,recover-20220922,001,1795
665.3265,665.3331,50390,56021,Pipistrellus pipistrellus,0.031,0.034,-1,Echolocation,/mnt/ubna_data_02_mir/recover-20220922/UBNA_001/20220921_090000.WAV,Telephone Field,recover-20220922,001,1795
665.3315,665.3386,26328,41261,Eptesicus serotinus,0.006,0.022,-1,Echolocation,/mnt/ubna_data_02_mir/recover-20220922/UBNA_001/20220921_090000.WAV,Telephone Field,recover-20220922,001,1795
665.3395,665.3491,28906,37237,Eptesicus serotinus,0.012,0.027,-1,Echolocation,/mnt/ubna_data_02_mir/recover-20220922/UBNA_001/20220921_090000.WAV,Telephone Field,recover-20220922,001,1795
665.3405,665.3808,68437,82754,Rhinolophus ferrumequinum,0.021,0.021,-1,Echolocation,/mnt/ubna_data_02_mir/recover-20220922/UBNA_001/20220921_090000.WAV,Telephone Field,recover-20220922,001,1795
665.3635,665.4037,68437,82497,Rhinolophus ferrumequinum,0.023,0.023,-1,Echolocation,/mnt/ubna_data_02_mir/recover-20220922/UBNA_001/20220921_090000.WAV,Telephone Field,recover-20220922,001,1795
665.3725,665.4134,68437,82712,Rhinolophus ferrumequinum,0.023,0.023,-1,Echolocation,/mnt/ubna_data_02_mir/recover-20220922/UBNA_001/20220921_090000.WAV,Telephone Field,recover-20220922,001,1795
665.3805,665.4197,68437,82678,Rhinolophus ferrumequinum,0.022,0.022,-1,Echolocation,/mnt/ubna_data_02_mir/recover-20220922/UBNA_001/20220921_090000.WAV,Telephone Field,recover-20220922,001,1795
665.3905,665.432,68437,83073,Rhinolophus ferrumequinum,0.026,0.026,-1,Echolocation,/mnt/ubna_data_02_mir/recover-20220922/UBNA_001/20220921_090000.WAV,Telephone Field,recover-20220922,001,1795
665.4085,665.4166,28046,41531,Eptesicus serotinus,0.008,0.022,-1,Echolocation,/mnt/ubna_data_02_mir/recover-20220922/UBNA_001/20220921_090000.WAV,Telephone Field,recover-20220922,001,1795
665.4225,665.4319,28046,37207,Eptesicus serotinus,0.009,0.022,-1,Echolocation,/mnt/ubna_data_02_mir/recover-20220922/UBNA_001/20220921_090000.WAV,Telephone Field,recover-20220922,001,1795
665.4405,665.4806,68437,83110,Rhinolophus ferrumequinum,0.027,0.027,-1,Echolocation,/mnt/ubna_data_02_mir/recover-20220922/UBNA_001/20220921_090000.WAV,Telephone Field,recover-20220922,001,1795
665.4645,665.4716,28046,39088,Eptesicus serotinus,0.007,0.023,-1,Echolocation,/mnt/ubna_data_02_mir/recover-20220922/UBNA_001/20220921_090000.WAV,Telephone Field,recover-20220922,001,1795
665.4835,665.5185,68437,81758,Rhinolophus ferrumequinum,0.022,0.022,-1,Echolocation,/mnt/ubna_data_02_mir/recover-20220922/UBNA_001/20220921_090000.WAV,Telephone Field,recover-20220922,001,1795
665.5005,665.538,68437,81848,Rhinolophus ferrumequinum,0.027,0.027,-1,Echolocation,/mnt/ubna_data_02_mir/recover-20220922/UBNA_001/20220921_090000.WAV,Telephone Field,recover-20220922,001,1795
665.5045,665.5147,24609,30747,Nyctalus leisleri,0.01,0.026,-1,Echolocation,/mnt/ubna_data_02_mir/recover-20220922/UBNA_001/20220921_090000.WAV,Telephone Field,recover-20220922,001,1795
665.5275,665.5385,26328,32686,Eptesicus serotinus,0.012,0.027,-1,Echolocation,/mnt/ubna_data_02_mir/recover-20220922/UBNA_001/20220921_090000.WAV,Telephone Field,recover-20220922,001,1795
665.5495,665.5878,68437,82338,Rhinolophus ferrumequinum,0.021,0.021,-1,Echolocation,/mnt/ubna_data_02_mir/recover-20220922/UBNA_001/20220921_090000.WAV,Telephone Field,recover-20220922,001,1795
665.5765,665.6152,68437,82437,Rhinolophus ferrumequinum,0.02,0.02,-1,Echolocation,/mnt/ubna_data_02_mir/recover-20220922/UBNA_001/20220921_090000.WAV,Telephone Field,recover-20220922,001,1795
665.5865,665.6234,68437,82362,Rhinolophus ferrumequinum,0.023,0.023,-1,Echolocation,/mnt/ubna_data_02_mir/recover-20220922/UBNA_001/20220921_090000.WAV,Telephone Field,recover-20220922,001,1795
665.5915,665.6141,17734,20360,Nyctalus noctula,0.012,0.022,-1,Echolocation,/mnt/ubna_data_02_mir/recover-20220922/UBNA_001/20220921_090000.WAV,Telephone Field,recover-20220922,001,1795
665.6105,665.6179,50390,55546,Pipistrellus pipistrellus,0.018,0.02,-1,Echolocation,/mnt/ubna_data_02_mir/recover-20220922/UBNA_001/20220921_090000.WAV,Telephone Field,recover-20220922,001,1795
665.6215,665.6327,22031,26857,Nyctalus leisleri,0.01,0.021,-1,Echolocation,/mnt/ubna_data_02_mir/recover-20220922/UBNA_001/20220921_090000.WAV,Telephone Field,recover-20220922,001,1795
665.6215,665.6567,68437,82068,Rhinolophus ferrumequinum,0.022,0.022,-1,Echolocation,/mnt/ubna_data_02_mir/recover-20220922/UBNA_001/20220921_090000.WAV,Telephone Field,recover-20220922,001,1795
665.6395,665.6717,68437,80760,Rhinolophus ferrumequinum,0.021,0.022,-1,Echolocation,/mnt/ubna_data_02_mir/recover-20220922/UBNA_001/20220921_090000.WAV,Telephone Field,recover-20220922,001,1795
665.6465,665.6564,23750,30015,Nyctalus leisleri,0.009,0.022,-1,Echolocation,/mnt/ubna_data_02_mir/recover-20220922/UBNA_001/20220921_090000.WAV,Telephone Field,recover-20220922,001,1795
665.6605,665.6971,68437,81734,Rhinolophus ferrumequinum,0.023,0.023,-1,Echolocation,/mnt/ubna_data_02_mir/recover-20220922/UBNA_001/20220921_090000.WAV,Telephone Field,recover-20220922,001,1795
665.6845,665.693,28046,36994,Eptesicus serotinus,0.008,0.023,-1,Echolocation,/mnt/ubna_data_02_mir/recover-20220922/UBNA_001/20220921_090000.WAV,Telephone Field,recover-20220922,001,1795
665.6875,665.7294,68437,82921,Rhinolophus ferrumequinum,0.023,0.023,-1,Echolocation,/mnt/ubna_data_02_mir/recover-20220922/UBNA_001/20220921_090000.WAV,Telephone Field,recover-20220922,001,1795
665.7355,665.7751,68437,81901,Rhinolophus ferrumequinum,0.021,0.021,-1,Echolocation,/mnt/ubna_data_02_mir/recover-20220922/UBNA_001/20220921_090000.WAV,Telephone Field,recover-20220922,001,1795
665.7425,665.7797,68437,81758,Rhinolophus ferrumequinum,0.021,0.021,-1,Echolocation,/mnt/ubna_data_02_mir/recover-20220922/UBNA_001/20220921_090000.WAV,Telephone Field,recover-20220922,001,1795
665.7695,665.777,28046,38290,Eptesicus serotinus,0.006,0.021,-1,Echolocation,/mnt/ubna_data_02_mir/recover-20220922/UBNA_001/20220921_090000.WAV,Telephone Field,recover-20220922,001,1795
665.8195,665.8269,28046,37315,Eptesicus serotinus,0.006,0.022,-1,Echolocation,/mnt/ubna_data_02_mir/recover-20220922/UBNA_001/20220921_090000.WAV,Telephone Field,recover-20220922,001,1795
665.8385,665.8747,68437,82423,Rhinolophus ferrumequinum,0.022,0.022,-1,Echolocation,/mnt/ubna_data_02_mir/recover-20220922/UBNA_001/20220921_090000.WAV,Telephone Field,recover-20220922,001,1795
665.8475,665.8879,68437,82883,Rhinolophus ferrumequinum,0.022,0.022,-1,Echolocation,/mnt/ubna_data_02_mir/recover-20220922/UBNA_001/20220921_090000.WAV,Telephone Field,recover-20220922,001,1795
665.8535,665.8615,25468,34355,Eptesicus serotinus,0.006,0.021,-1,Echolocation,/mnt/ubna_data_02_mir/recover-20220922/UBNA_001/20220921_090000.WAV,Telephone Field,recover-20220922,001,1795
665.8955,665.9376,68437,83124,Rhinolophus ferrumequinum,0.033,0.033,-1,Echolocation,/mnt/ubna_data_02_mir/recover-20220922/UBNA_001/20220921_090000.WAV,Telephone Field,recover-20220922,001,1795
665.9035,665.9112,27187,41218,Eptesicus serotinus,0.008,0.024,-1,Echolocation,/mnt/ubna_data_02_mir/recover-20220922/UBNA_001/20220921_090000.WAV,Telephone Field,recover-20220922,001,1795
665.9405,665.9481,25468,34629,Eptesicus serotinus,0.007,0.02,-1,Echolocation,/mnt/ubna_data_02_mir/recover-20220922/UBNA_001/20220921_090000.WAV,Telephone Field,recover-20220922,001,1795
665.9685,665.9873,23750,26882,Nyctalus leisleri,0.077,0.115,-1,Echolocation,/mnt/ubna_data_02_mir/recover-20220922/UBNA_001/20220921_090000.WAV,Telephone Field,recover-20220922,001,1795
666.0015,666.0103,23750,30780,Nyctalus leisleri,0.012,0.031,-1,Echolocation,/mnt/ubna_data_02_mir/recover-20220922/UBNA_001/20220921_090000.WAV,Telephone Field,recover-20220922,001,1795
666.0015,666.0339,69296,81589,Rhinolophus ferrumequinum,0.039,0.039,-1,Echolocation,/mnt/ubna_data_02_mir/recover-20220922/UBNA_001/20220921_090000.WAV,Telephone Field,recover-20220922,001,1795
666.0015,666.0125,46953,53947,Pipistrellus pipistrellus,0.024,0.03,-1,Echolocation,/mnt/ubna_data_02_mir/recover-20220922/UBNA_001/20220921_090000.WAV,Telephone Field,recover-20220922,001,1795
666.0095,666.0511,68437,82142,Rhinolophus ferrumequinum,0.025,0.025,-1,Echolocation,/mnt/ubna_data_02_mir/recover-20220922/UBNA_001/20220921_090000.WAV,Telephone Field,recover-20220922,001,1795
666.0255,666.0335,23750,31186,Plecotus austriacus,0.005,0.021,-1,Echolocation,/mnt/ubna_data_02_mir/recover-20220922/UBNA_001/20220921_090000.WAV,Telephone Field,recover-20220922,001,1795
666.0435,666.0794,68437,81548,Rhinolophus ferrumequinum,0.021,0.021,-1,Echolocation,/mnt/ubna_data_02_mir/recover-20220922/UBNA_001/20220921_090000.WAV,Telephone Field,recover-20220922,001,1795
666.0505,666.0874,68437,81376,Rhinolophus ferrumequinum,0.021,0.021,-1,Echolocation,/mnt/ubna_data_02_mir/recover-20220922/UBNA_001/20220921_090000.WAV,Telephone Field,recover-20220922,001,1795
666.0615,666.1016,68437,82002,Rhinolophus ferrumequinum,0.037,0.037,-1,Echolocation,/mnt/ubna_data_02_mir/recover-20220922/UBNA_001/20220921_090000.WAV,Telephone Field,recover-20220922,001,1795
666.0665,666.0744,28046,40226,Eptesicus serotinus,0.007,0.022,-1,Echolocation,/mnt/ubna_data_02_mir/recover-20220922/UBNA_001/20220921_090000.WAV,Telephone Field,recover-20220922,001,1795
666.0975,666.1395,68437,82237,Rhinolophus ferrumequinum,0.022,0.022,-1,Echolocation,/mnt/ubna_data_02_mir/recover-20220922/UBNA_001/20220921_090000.WAV,Telephone Field,recover-20220922,001,1795
666.0995,666.109,28906,36983,Eptesicus serotinus,0.01,0.024,-1,Echolocation,/mnt/ubna_data_02_mir/recover-20220922/UBNA_001/20220921_090000.WAV,Telephone Field,recover-20220922,001,1795
666.1395,666.1817,68437,83784,Rhinolophus ferrumequinum,0.04,0.04,-1,Echolocation,/mnt/ubna_data_02_mir/recover-20220922/UBNA_001/20220921_090000.WAV,Telephone Field,recover-20220922,001,1795
666.1605,666.1669,44375,48490,Pipistrellus pipistrellus,0.021,0.023,-1,Echolocation,/mnt/ubna_data_02_mir/recover-20220922/UBNA_001/20220921_090000.WAV,Telephone Field,recover-20220922,001,1795
666.1965,666.2053,27187,37147,Eptesicus serotinus,0.008,0.022,-1,Echolocation,/mnt/ubna_data_02_mir/recover-20220922/UBNA_001/20220921_090000.WAV,Telephone Field,recover-20220922,001,1795
666.2415,666.2802,68437,81802,Rhinolophus ferrumequinum,0.022,0.022,-1,Echolocation,/mnt/ubna_data_02_mir/recover-20220922/UBNA_001/20220921_090000.WAV,Telephone Field,recover-20220922,001,1795
666.2805,666.2883,27187,36055,Eptesicus serotinus,0.014,0.037,-1,Echolocation,/mnt/ubna_data_02_mir/recover-20220922/UBNA_001/20220921_090000.WAV,Telephone Field,recover-20220922,001,1795
666.2905,666.3289,68437,82033,Rhinolophus ferrumequinum,0.022,0.022,-1,Echolocation,/mnt/ubna_data_02_mir/recover-20220922/UBNA_001/20220921_090000.WAV,Telephone Field,recover-20220922,001,1795
666.2975,666.3374,68437,82159,Rhinolophus ferrumequinum,0.021,0.021,-1,Echolocation,/mnt/ubna_data_02_mir/recover-20220922/UBNA_001/20220921_090000.WAV,Telephone Field,recover-20220922,001,1795
666.2985,666.308,22890,29215,Nyctalus leisleri,0.008,0.021,-1,Echolocation,/mnt/ubna_data_02_mir/recover-20220922/UBNA_001/20220921_090000.WAV,Telephone Field,recover-20220922,001,1795
666.3255,666.3644,68437,81772,Rhinolophus ferrumequinum,0.024,0.024,-1,Echolocation,/mnt/ubna_data_02_mir/recover-20220922/UBNA_001/20220921_090000.WAV,Telephone Field,recover-20220922,001,1795
666.3395,666.3505,24609,29037,Nyctalus leisleri,0.015,0.029,-1,Echolocation,/mnt/ubna_data_02_mir/recover-20220922/UBNA_001/20220921_090000.WAV,Telephone Field,recover-20220922,001,1795
666.3845,666.4186,68437,81272,Rhinolophus ferrumequinum,0.021,0.021,-1,Echolocation,/mnt/ubna_data_02_mir/recover-20220922/UBNA_001/20220921_090000.WAV,Telephone Field,recover-20220922,001,1795
666.4155,666.4512,68437,81022,Rhinolophus ferrumequinum,0.021,0.022,-1,Echolocation,/mnt/ubna_data_02_mir/recover-20220922/UBNA_001/20220921_090000.WAV,Telephone Field,recover-20220922,001,1795
666.4235,666.4621,68437,81574,Rhinolophus ferrumequinum,0.025,0.025,-1,Echolocation,/mnt/ubna_data_02_mir/recover-20220922/UBNA_001/20220921_090000.WAV,Telephone Field,recover-20220922,001,1795
666.4435,666.4508,27187,42603,Eptesicus serotinus,0.007,0.023,-1,Echolocation,/mnt/ubna_data_02_mir/recover-20220922/UBNA_001/20220921_090000.WAV,Telephone Field,recover-20220922,001,1795
666.4455,666.4857,68437,81944,Rhinolophus ferrumequinum,0.022,0.022,-1,Echolocation,/mnt/ubna_data_02_mir/recover-20220922/UBNA_001/20220921_090000.WAV,Telephone Field,recover-20220922,001,1795
666.4565,666.4982,68437,82550,Rhinolophus ferrumequinum,0.023,0.023,-1,Echolocation,/mnt/ubna_data_02_mir/recover-20220922/UBNA_001/20220921_090000.WAV,Telephone Field,recover-20220922,001,1795
666.4645,666.477,25468,31890,Eptesicus serotinus,0.013,0.03,-1,Echolocation,/mnt/ubna_data_02_mir/recover-20220922/UBNA_001/20220921_090000.WAV,Telephone Field,recover-20220922,001,1795
666.5005,666.538,68437,81626,Rhinolophus ferrumequinum,0.022,0.022,-1,Echolocation,/mnt/ubna_data_02_mir/recover-20220922/UBNA_001/20220921_090000.WAV,Telephone Field,recover-20220922,001,1795
666.5315,666.5724,68437,82249,Rhinolophus ferrumequinum,0.024,0.024,-1,Echolocation,/mnt/ubna_data_02_mir/recover-20220922/UBNA_001/20220921_090000.WAV,Telephone Field,recover-20220922,001,1795
666.5385,666.5465,25468,34502,Eptesicus serotinus,0.007,0.022,-1,Echolocation,/mnt/ubna_data_02_mir/recover-20220922/UBNA_001/20220921_090000.WAV,Telephone Field,recover-20220922,001,1795
666.5565,666.5982,68437,82832,Rhinolophus ferrumequinum,0.023,0.023,-1,Echolocation,/mnt/ubna_data_02_mir/recover-20220922/UBNA_001/20220921_090000.WAV,Telephone Field,recover-20220922,001,1795
666.5905,666.6292,68437,82403,Rhinolophus ferrumequinum,0.027,0.027,-1,Echolocation,/mnt/ubna_data_02_mir/recover-20220922/UBNA_001/20220921_090000.WAV,Telephone Field,recover-20220922,001,1795
666.5935,666.6024,28046,37876,Eptesicus serotinus,0.009,0.022,-1,Echolocation,/mnt/ubna_data_02_mir/recover-20220922/UBNA_001/20220921_090000.WAV,Telephone Field,recover-20220922,001,1795
666.6445,666.6545,22890,28775,Nyctalus leisleri,0.008,0.021,-1,Echolocation,/mnt/ubna_data_02_mir/recover-20220922/UBNA_001/20220921_090000.WAV,Telephone Field,recover-20220922,001,1795
666.6485,666.6877,68437,82399,Rhinolophus ferrumequinum,0.021,0.021,-1,Echolocation,/mnt/ubna_data_02_mir/recover-20220922/UBNA_001/20220921_090000.WAV,Telephone Field,recover-20220922,001,1795
666.6745,666.7123,68437,81565,Rhinolophus ferrumequinum,0.024,0.024,-1,Echolocation,/mnt/ubna_data_02_mir/recover-20220922/UBNA_001/20220921_090000.WAV,Telephone Field,recover-20220922,001,1795
666.6755,666.683,25468,38499,Eptesicus serotinus,0.006,0.024,-1,Echolocation,/mnt/ubna_data_02_mir/recover-20220922/UBNA_001/20220921_090000.WAV,Telephone Field,recover-20220922,001,1795
666.7065,666.7142,28046,37783,Eptesicus serotinus,0.008,0.027,-1,Echolocation,/mnt/ubna_data_02_mir/recover-20220922/UBNA_001/20220921_090000.WAV,Telephone Field,recover-20220922,001,1795
666.7325,666.7769,68437,83458,Rhinolophus ferrumequinum,0.054,0.054,-1,Echolocation,/mnt/ubna_data_02_mir/recover-20220922/UBNA_001/20220921_090000.WAV,Telephone Field,recover-20220922,001,1795
666.7715,666.8119,68437,82668,Rhinolophus ferrumequinum,0.021,0.021,-1,Echolocation,/mnt/ubna_data_02_mir/recover-20220922/UBNA_001/20220921_090000.WAV,Telephone Field,recover-20220922,001,1795
666.7775,666.8168,68437,82187,Rhinolophus ferrumequinum,0.022,0.022,-1,Echolocation,/mnt/ubna_data_02_mir/recover-20220922/UBNA_001/20220921_090000.WAV,Telephone Field,recover-20220922,001,1795
666.8215,666.8582,68437,81686,Rhinolophus ferrumequinum,0.021,0.021,-1,Echolocation,/mnt/ubna_data_02_mir/recover-20220922/UBNA_001/20220921_090000.WAV,Telephone Field,recover-20220922,001,1795
666.8325,666.8712,68437,81694,Rhinolophus ferrumequinum,0.021,0.021,-1,Echolocation,/mnt/ubna_data_02_mir/recover-20220922/UBNA_001/20220921_090000.WAV,Telephone Field,recover-20220922,001,1795
666.8515,666.8914,68437,82102,Rhinolophus ferrumequinum,0.023,0.023,-1,Echolocation,/mnt/ubna_data_02_mir/recover-20220922/UBNA_001/20220921_090000.WAV,Telephone Field,recover-20220922,001,1795
666.8665,666.9066,68437,82317,Rhinolophus ferrumequinum,0.021,0.021,-1,Echolocation,/mnt/ubna_data_02_mir/recover-20220922/UBNA_001/20220921_090000.WAV,Telephone Field,recover-20220922,001,1795
666.8695,666.8789,28046,37835,Eptesicus serotinus,0.008,0.021,-1,Echolocation,/mnt/ubna_data_02_mir/recover-20220922/UBNA_001/20220921_090000.WAV,Telephone Field,recover-20220922,001,1795
666.8795,666.8879,27187,37136,Eptesicus serotinus,0.008,0.022,-1,Echolocation,/mnt/ubna_data_02_mir/recover-20220922/UBNA_001/20220921_090000.WAV,Telephone Field,recover-20220922,001,1795
666.8875,666.895,24609,32506,Plecotus austriacus,0.006,0.021,-1,Echolocation,/mnt/ubna_data_02_mir/recover-20220922/UBNA_001/20220921_090000.WAV,Telephone Field,recover-20220922,001,1795
666.8915,666.9317,68437,82357,Rhinolophus ferrumequinum,0.022,0.022,-1,Echolocation,/mnt/ubna_data_02_mir/recover-20220922/UBNA_001/20220921_090000.WAV,Telephone Field,recover-20220922,001,1795
666.9635,666.9715,27187,36353,Eptesicus serotinus,0.006,0.022,-1,Echolocation,/mnt/ubna_data_02_mir/recover-20220922/UBNA_001/20220921_090000.WAV,Telephone Field,recover-20220922,001,1795
666.9755,667.0134,68437,82488,Rhinolophus ferrumequinum,0.022,0.022,-1,Echolocation,/mnt/ubna_data_02_mir/recover-20220922/UBNA_001/20220921_090000.WAV,Telephone Field,recover-20220922,001,1795
666.9965,667.0078,22890,28239,Nyctalus leisleri,0.012,0.025,-1,Echolocation,/mnt/ubna_data_02_mir/recover-20220922/UBNA_001/20220921_090000.WAV,Telephone Field,recover-20220922,001,1795
667.0145,667.0516,68437,81608,Rhinolophus ferrumequinum,0.021,0.021,-1,Echolocation,/mnt/ubna_data_02_mir/recover-20220922/UBNA_001/20220921_090000.WAV,Telephone Field,recover-20220922,001,1795
667.0415,667.0804,68437,82318,Rhinolophus ferrumequinum,0.022,0.022,-1,Echolocation,/mnt/ubna_data_02_mir/recover-20220922/UBNA_001/20220921_090000.WAV,Telephone Field,recover-20220922,001,1795
667.0505,667.0914,68437,82327,Rhinolophus ferrumequinum,0.022,0.022,-1,Echolocation,/mnt/ubna_data_02_mir/recover-20220922/UBNA_001/20220921_090000.WAV,Telephone Field,recover-20220922,001,1795
667.0585,667.1001,68437,82728,Rhinolophus ferrumequinum,0.023,0.023,-1,Echolocation,/mnt/ubna_data_02_mir/recover-20220922/UBNA_001/20220921_090000.WAV,Telephone Field,recover-20220922,001,1795
667.0645,667.1041,68437,82681,Rhinolophus ferrumequinum,0.022,0.022,-1,Echolocation,/mnt/ubna_data_02_mir/recover-20220922/UBNA_001/20220921_090000.WAV,Telephone Field,recover-20220922,001,1795
667.0985,667.1048,27187,43244,Eptesicus serotinus,0.006,0.022,-1,Echolocation,/mnt/ubna_data_02_mir/recover-20220922/UBNA_001/20220921_090000.WAV,Telephone Field,recover-20220922,001,1795
667.0995,667.1065,34062,42857,Myotis daubentonii,0.01,0.023,-1,Echolocation,/mnt/ubna_data_02_mir/recover-20220922/UBNA_001/20220921_090000.WAV,Telephone Field,recover-20220922,001,1795
667.1225,667.1344,23750,29413,Nyctalus leisleri,0.011,0.025,-1,Echolocation,/mnt/ubna_data_02_mir/recover-20220922/UBNA_001/20220921_090000.WAV,Telephone Field,recover-20220922,001,1795
667.1265,667.1665,68437,81769,Rhinolophus ferrumequinum,0.022,0.022,-1,Echolocation,/mnt/ubna_data_02_mir/recover-20220922/UBNA_001/20220921_090000.WAV,Telephone Field,recover-20220922,001,1795
667.1355,667.1416,24609,33769,Plecotus austriacus,0.01,0.025,-1,Echolocation,/mnt/ubna_data_02_mir/recover-20220922/UBNA_001/20220921_090000.WAV,Telephone Field,recover-20220922,001,1795
667.1465,667.1834,68437,81532,Rhinolophus ferrumequinum,0.022,0.022,-1,Echolocation,/mnt/ubna_data_02_mir/recover-20220922/UBNA_001/20220921_090000.WAV,Telephone Field,recover-20220922,001,1795
667.1515,667.1861,68437,81585,Rhinolophus ferrumequinum,0.022,0.022,-1,Echolocation,/mnt/ubna_data_02_mir/recover-20220922/UBNA_001/20220921_090000.WAV,Telephone Field,recover-20220922,001,1795
667.1615,667.2013,68437,82889,Rhinolophus ferrumequinum,0.024,0.024,-1,Echolocation,/mnt/ubna_data_02_mir/recover-20220922/UBNA_001/20220921_090000.WAV,Telephone Field,recover-20220922,001,1795
667.2035,667.2441,68437,81922,Rhinolophus ferrumequinum,0.026,0.027,-1,Echolocation,/mnt/ubna_data_02_mir/recover-20220922/UBNA_001/20220921_090000.WAV,Telephone Field,recover-20220922,001,1795
667.2295,667.2385,26328,33858,Eptesicus serotinus,0.03,0.058,-1,Echolocation,/mnt/ubna_data_02_mir/recover-20220922/UBNA_001/20220921_090000.WAV,Telephone Field,recover-20220922,001,1795
667.2335,667.2667,68437,80880,Rhinolophus ferrumequinum,0.021,0.021,-1,Echolocation,/mnt/ubna_data_02_mir/recover-20220922/UBNA_001/20220921_090000.WAV,Telephone Field,recover-20220922,001,1795
667.2535,667.2918,68437,82369,Rhinolophus ferrumequinum,0.022,0.022,-1,Echolocation,/mnt/ubna_data_02_mir/recover-20220922/UBNA_001/20220921_090000.WAV,Telephone Field,recover-20220922,001,1795
667.2845,667.298,22890,27236,Nyctalus leisleri,0.012,0.024,-1,Echolocation,/mnt/ubna_data_02_mir/recover-20220922/UBNA_001/20220921_090000.WAV,Telephone Field,recover-20220922,001,1795
667.3055,667.3184,23750,29472,Nyctalus leisleri,0.015,0.034,-1,Echolocation,/mnt/ubna_data_02_mir/recover-20220922/UBNA_001/20220921_090000.WAV,Telephone Field,recover-20220922,001,1795
667.3075,667.3497,68437,82845,Rhinolophus ferrumequinum,0.032,0.032,-1,Echolocation,/mnt/ubna_data_02_mir/recover-20220922/UBNA_001/20220921_090000.WAV,Telephone Field,recover-20220922,001,1795
667.3395,667.3831,68437,82803,Rhinolophus ferrumequinum,0.026,0.026,-1,Echolocation,/mnt/ubna_data_02_mir/recover-20220922/UBNA_001/20220921_090000.WAV,Telephone Field,recover-20220922,001,1795
667.3915,667.4313,68437,82494,Rhinolophus ferrumequinum,0.021,0.021,-1,Echolocation,/mnt/ubna_data_02_mir/recover-20220922/UBNA_001/20220921_090000.WAV,Telephone Field,recover-20220922,001,1795
667.4075,667.4171,30625,38561,Eptesicus serotinus,0.009,0.025,-1,Echolocation,/mnt/ubna_data_02_mir/recover-20220922/UBNA_001/20220921_090000.WAV,Telephone Field,recover-20220922,001,1795
667.4305,667.4675,68437,81919,Rhinolophus ferrumequinum,0.022,0.022,-1,Echolocation,/mnt/ubna_data_02_mir/recover-20220922/UBNA_001/20220921_090000.WAV,Telephone Field,recover-20220922,001,1795
667.4615,667.5029,68437,82942,Rhinolophus ferrumequinum,0.026,0.026,-1,Echolocation,/mnt/ubna_data_02_mir/recover-20220922/UBNA_001/20220921_090000.WAV,Telephone Field,recover-20220922,001,1795
667.4765,667.4845,28046,37616,Eptesicus serotinus,0.008,0.026,-1,Echolocation,/mnt/ubna_data_02_mir/recover-20220922/UBNA_001/20220921_090000.WAV,Telephone Field,recover-20220922,001,1795
667.5015,667.5111,28046,36600,Eptesicus serotinus,0.011,0.024,-1,Echolocation,/mnt/ubna_data_02_mir/recover-20220922/UBNA_001/20220921_090000.WAV,Telephone Field,recover-20220922,001,1795
667.5295,667.5694,68437,82186,Rhinolophus ferrumequinum,0.021,0.021,-1,Echolocation,/mnt/ubna_data_02_mir/recover-20220922/UBNA_001/20220921_090000.WAV,Telephone Field,recover-20220922,001,1795
667.5495,667.5834,68437,80296,Rhinolophus ferrumequinum,0.023,0.023,-1,Echolocation,/mnt/ubna_data_02_mir/recover-20220922/UBNA_001/20220921_090000.WAV,Telephone Field,recover-20220922,001,1795
667.5765,667.6117,68437,80931,Rhinolophus ferrumequinum,0.021,0.021,-1,Echolocation,/mnt/ubna_data_02_mir/recover-20220922/UBNA_001/20220921_090000.WAV,Telephone Field,recover-20220922,001,1795
667.5845,667.603,21171,24535,Nyctalus leisleri,0.014,0.024,-1,Echolocation,/mnt/ubna_data_02_mir/recover-20220922/UBNA_001/20220921_090000.WAV,Telephone Field,recover-20220922,001,1795
667.5895,667.6012,22890,27406,Nyctalus leisleri,0.013,0.025,-1,Echolocation,/mnt/ubna_data_02_mir/recover-20220922/UBNA_001/20220921_090000.WAV,Telephone Field,recover-20220922,001,1795
667.6005,667.6402,68437,82220,Rhinolophus ferrumequinum,0.023,0.023,-1,Echolocation,/mnt/ubna_data_02_mir/recover-20220922/UBNA_001/20220921_090000.WAV,Telephone Field,recover-20220922,001,1795
667.6115,667.6507,68437,82342,Rhinolophus ferrumequinum,0.021,0.021,-1,Echolocation,/mnt/ubna_data_02_mir/recover-20220922/UBNA_001/20220921_090000.WAV,Telephone Field,recover-20220922,001,1795
667.6195,667.6565,68437,81370,Rhinolophus ferrumequinum,0.021,0.021,-1,Echolocation,/mnt/ubna_data_02_mir/recover-20220922/UBNA_001/20220921_090000.WAV,Telephone Field,recover-20220922,001,1795
667.6205,667.6299,25468,33954,Eptesicus serotinus,0.011,0.025,-1,Echolocation,/mnt/ubna_data_02_mir/recover-20220922/UBNA_001/20220921_090000.WAV,Telephone Field,recover-20220922,001,1795
667.6915,667.7008,46093,52161,Pipistrellus pipistrellus,0.023,0.026,-1,Echolocation,/mnt/ubna_data_02_mir/recover-20220922/UBNA_001/20220921_090000.WAV,Telephone Field,recover-20220922,001,1795
667.7065,667.7174,23750,29976,Nyctalus leisleri,0.01,0.026,-1,Echolocation,/mnt/ubna_data_02_mir/recover-20220922/UBNA_001/20220921_090000.WAV,Telephone Field,recover-20220922,001,1795
667.7725,667.811,68437,82552,Rhinolophus ferrumequinum,0.021,0.021,-1,Echolocation,/mnt/ubna_data_02_mir/recover-20220922/UBNA_001/20220921_090000.WAV,Telephone Field,recover-20220922,001,1795
667.7775,667.8145,68437,81750,Rhinolophus ferrumequinum,0.021,0.021,-1,Echolocation,/mnt/ubna_data_02_mir/recover-20220922/UBNA_001/20220921_090000.WAV,Telephone Field,recover-20220922,001,1795
667.7905,667.8008,23750,30191,Nyctalus leisleri,0.009,0.023,-1,Echolocation,/mnt/ubna_data_02_mir/recover-20220922/UBNA_001/20220921_090000.WAV,Telephone Field,recover-20220922,001,1795
667.8015,667.8401,68437,82202,Rhinolophus ferrumequinum,0.022,0.022,-1,Echolocation,/mnt/ubna_data_02_mir/recover-20220922/UBNA_001/20220921_090000.WAV,Telephone Field,recover-20220922,001,1795
667.8055,667.8168,52109,57644,Pipistrellus pipistrellus,0.023,0.029,-1,Echolocation,/mnt/ubna_data_02_mir/recover-20220922/UBNA_001/20220921_090000.WAV,Telephone Field,recover-20220922,001,1795
667.8415,667.8517,28046,35235,Eptesicus serotinus,0.012,0.025,-1,Echolocation,/mnt/ubna_data_02_mir/recover-20220922/UBNA_001/20220921_090000.WAV,Telephone Field,recover-20220922,001,1795
667.8645,667.9049,68437,82473,Rhinolophus ferrumequinum,0.024,0.024,-1,Echolocation,/mnt/ubna_data_02_mir/recover-20220922/UBNA_001/20220921_090000.WAV,Telephone Field,recover-20220922,001,1795
667.8665,667.8745,26328,38511,Eptesicus serotinus,0.007,0.023,-1,Echolocation,/mnt/ubna_data_02_mir/recover-20220922/UBNA_001/20220921_090000.WAV,Telephone Field,recover-20220922,001,1795
667.8695,667.8788,15156,22600,Nyctalus noctula,0.008,0.021,-1,Echolocation,/mnt/ubna_data_02_mir/recover-20220922/UBNA_001/20220921_090000.WAV,Telephone Field,recover-20220922,001,1795
667.8925,667.9261,68437,80951,Rhinolophus ferrumequinum,0.021,0.021,-1,Echolocation,/mnt/ubna_data_02_mir/recover-20220922/UBNA_001/20220921_090000.WAV,Telephone Field,recover-20220922,001,1795
667.9885,667.9971,28046,37266,Eptesicus serotinus,0.007,0.024,-1,Echolocation,/mnt/ubna_data_02_mir/recover-20220922/UBNA_001/20220921_090000.WAV,Telephone Field,recover-20220922,001,1795
668.0015,668.0386,68437,79588,Rhinolophus ferrumequinum,0.045,0.045,-1,Echolocation,/mnt/ubna_data_02_mir/recover-20220922/UBNA_001/20220921_090000.WAV,Telephone Field,recover-20220922,001,1795
668.0015,668.011,48671,55248,Pipistrellus pipistrellus,0.017,0.024,-1,Echolocation,/mnt/ubna_data_02_mir/recover-20220922/UBNA_001/20220921_090000.WAV,Telephone Field,recover-20220922,001,1795
668.0015,668.0124,23750,31388,Nyctalus leisleri,0.009,0.031,-1,Echolocation,/mnt/ubna_data_02_mir/recover-20220922/UBNA_001/20220921_090000.WAV,Telephone Field,recover-20220922,001,1795
668.0075,668.0502,68437,83103,Rhinolophus ferrumequinum,0.031,0.031,-1,Echolocation,/mnt/ubna_data_02_mir/recover-20220922/UBNA_001/20220921_090000.WAV,Telephone Field,recover-20220922,001,1795
668.0805,668.0903,33203,42006,Eptesicus serotinus,0.005,0.022,-1,Echolocation,/mnt/ubna_data_02_mir/recover-20220922/UBNA_001/20220921_090000.WAV,Telephone Field,recover-20220922,001,1795
668.1035,668.1487,68437,83579,Rhinolophus ferrumequinum,0.037,0.037,-1,Echolocation,/mnt/ubna_data_02_mir/recover-20220922/UBNA_001/20220921_090000.WAV,Telephone Field,recover-20220922,001,1795
668.1335,668.1434,28906,38002,Eptesicus serotinus,0.008,0.021,-1,Echolocation,/mnt/ubna_data_02_mir/recover-20220922/UBNA_001/20220921_090000.WAV,Telephone Field,recover-20220922,001,1795
668.1905,668.1997,28046,38060,Eptesicus serotinus,0.01,0.024,-1,Echolocation,/mnt/ubna_data_02_mir/recover-20220922/UBNA_001/20220921_090000.WAV,Telephone Field,recover-20220922,001,1795
668.1995,668.2414,68437,82769,Rhinolophus ferrumequinum,0.029,0.029,-1,Echolocation,/mnt/ubna_data_02_mir/recover-20220922/UBNA_001/20220921_090000.WAV,Telephone Field,recover-20220922,001,1795
668.2435,668.2574,55546,60762,Pipistrellus pygmaeus,0.022,0.023,-1,Echolocation,/mnt/ubna_data_02_mir/recover-20220922/UBNA_001/20220921_090000.WAV,Telephone Field,recover-20220922,001,1795
668.2525,668.292,68437,82633,Rhinolophus ferrumequinum,0.02,0.021,-1,Echolocation,/mnt/ubna_data_02_mir/recover-20220922/UBNA_001/20220921_090000.WAV,Telephone Field,recover-20220922,001,1795
668.2575,668.2663,28046,36706,Eptesicus serotinus,0.011,0.025,-1,Echolocation,/mnt/ubna_data_02_mir/recover-20220922/UBNA_001/20220921_090000.WAV,Telephone Field,recover-20220922,001,1795
668.2835,668.2915,28906,38316,Eptesicus serotinus,0.007,0.021,-1,Echolocation,/mnt/ubna_data_02_mir/recover-20220922/UBNA_001/20220921_090000.WAV,Telephone Field,recover-20220922,001,1795
668.3075,668.3154,27187,38285,Eptesicus serotinus,0.009,0.025,-1,Echolocation,/mnt/ubna_data_02_mir/recover-20220922/UBNA_001/20220921_090000.WAV,Telephone Field,recover-20220922,001,1795
668.3095,668.3512,68437,82614,Rhinolophus ferrumequinum,0.021,0.021,-1,Echolocation,/mnt/ubna_data_02_mir/recover-20220922/UBNA_001/20220921_090000.WAV,Telephone Field,recover-20220922,001,1795
668.3295,668.3682,68437,82236,Rhinolophus ferrumequinum,0.022,0.022,-1,Echolocation,/mnt/ubna_data_02_mir/recover-20220922/UBNA_001/20220921_090000.WAV,Telephone Field,recover-20220922,001,1795
668.3605,668.3981,68437,81525,Rhinolophus ferrumequinum,0.022,0.022,-1,Echolocation,/mnt/ubna_data_02_mir/recover-20220922/UBNA_001/20220921_090000.WAV,Telephone Field,recover-20220922,001,1795
668.3695,668.4063,68437,81587,Rhinolophus ferrumequinum,0.022,0.022,-1,Echolocation,/mnt/ubna_data_02_mir/recover-20220922/UBNA_001/20220921_090000.WAV,Telephone Field,recover-20220922,001,1795
668.4295,668.4667,68437,81117,Rhinolophus ferrumequinum,0.021,0.021,-1,Echolocation,/mnt/ubna_data_02_mir/recover-20220922/UBNA_001/20220921_090000.WAV,Telephone Field,recover-20220922,001,1795
668.4435,668.4506,47812,52258,Pipistrellus pipistrellus,0.022,0.023,-1,Echolocation,/mnt/ubna_data_02_mir/recover-20220922/UBNA_001/20220921_090000.WAV,Telephone Field,recover-20220922,001,1795
668.4845,668.5276,68437,83255,Rhinolophus ferrumequinum,0.025,0.025,-1,Echolocation,/mnt/ubna_data_02_mir/recover-20220922/UBNA_001/20220921_090000.WAV,Telephone Field,recover-20220922,001,1795
668.5005,668.5092,22890,30233,Plecotus austriacus,0.011,0.024,-1,Echolocation,/mnt/ubna_data_02_mir/recover-20220922/UBNA_001/20220921_090000.WAV,Telephone Field,recover-20220922,001,1795
668.5235,668.5593,68437,81897,Rhinolophus ferrumequinum,0.023,0.023,-1,Echolocation,/mnt/ubna_data_02_mir/recover-20220922/UBNA_001/20220921_090000.WAV,Telephone Field,recover-20220922,001,1795
668.5355,668.5454,22890,28105,Nyctalus leisleri,0.009,0.021,-1,Echolocation,/mnt/ubna_data_02_mir/recover-20220922/UBNA_001/20220921_090000.WAV,Telephone Field,recover-20220922,001,1795
668.5645,668.6061,68437,82339,Rhinolophus ferrumequinum,0.021,0.021,-1,Echolocation,/mnt/ubna_data_02_mir/recover-20220922/UBNA_001/20220921_090000.WAV,Telephone Field,recover-20220922,001,1795
668.5735,668.5836,28906,35963,Eptesicus serotinus,0.009,0.022,-1,Echolocation,/mnt/ubna_data_02_mir/recover-20220922/UBNA_001/20220921_090000.WAV,Telephone Field,recover-20220922,001,1795
668.5995,668.6099,22890,28231,Nyctalus leisleri,0.009,0.021,-1,Echolocation,/mnt/ubna_data_02_mir/recover-20220922/UBNA_001/20220921_090000.WAV,Telephone Field,recover-20220922,001,1795
668.6235,668.6616,68437,81590,Rhinolophus ferrumequinum,0.02,0.02,-1,Echolocation,/mnt/ubna_data_02_mir/recover-20220922/UBNA_001/20220921_090000.WAV,Telephone Field,recover-20220922,001,1795
668.6455,668.6837,68437,82455,Rhinolophus ferrumequinum,0.025,0.025,-1,Echolocation,/mnt/ubna_data_02_mir/recover-20220922/UBNA_001/20220921_090000.WAV,Telephone Field,recover-20220922,001,1795
668.6715,668.7095,68437,81750,Rhinolophus ferrumequinum,0.022,0.022,-1,Echolocation,/mnt/ubna_data_02_mir/recover-20220922/UBNA_001/20220921_090000.WAV,Telephone Field,recover-20220922,001,1795
668.6955,668.7345,68437,82526,Rhinolophus ferrumequinum,0.026,0.026,-1,Echolocation,/mnt/ubna_data_02_mir/recover-20220922/UBNA_001/20220921_090000.WAV,Telephone Field,recover-20220922,001,1795
668.7095,668.7538,68437,83112,Rhinolophus ferrumequinum,0.038,0.038,-1,Echolocation,/mnt/ubna_data_02_mir/recover-20220922/UBNA_001/20220921_090000.WAV,Telephone Field,recover-20220922,001,1795
668.7525,668.7619,27187,37388,Eptesicus serotinus,0.009,0.02,-1,Echolocation,/mnt/ubna_data_02_mir/recover-20220922/UBNA_001/20220921_090000.WAV,Telephone Field,recover-20220922,001,1795
668.7545,668.7645,22890,29216,Nyctalus leisleri,0.007,0.02,-1,Echolocation,/mnt/ubna_data_02_mir/recover-20220922/UBNA_001/20220921_090000.WAV,Telephone Field,recover-20220922,001,1795
668.7905,668.8006,42656,45344,Pipistrellus pipistrellus,0.026,0.029,-1,Echolocation,/mnt/ubna_data_02_mir/recover-20220922/UBNA_001/20220921_090000.WAV,Telephone Field,recover-20220922,001,1795
668.8025,668.8388,68437,81379,Rhinolophus ferrumequinum,0.022,0.022,-1,Echolocation,/mnt/ubna_data_02_mir/recover-20220922/UBNA_001/20220921_090000.WAV,Telephone Field,recover-20220922,001,1795
668.8375,668.8472,28906,36402,Eptesicus serotinus,0.008,0.022,-1,Echolocation,/mnt/ubna_data_02_mir/recover-20220922/UBNA_001/20220921_090000.WAV,Telephone Field,recover-20220922,001,1795
668.8435,668.8843,68437,82574,Rhinolophus ferrumequinum,0.023,0.023,-1,Echolocation,/mnt/ubna_data_02_mir/recover-20220922/UBNA_001/20220921_090000.WAV,Telephone Field,recover-20220922,001,1795
668.8775,668.914,68437,80616,Rhinolophus ferrumequinum,0.02,0.021,-1,Echolocation,/mnt/ubna_data_02_mir/recover-20220922/UBNA_001/20220921_090000.WAV,Telephone Field,recover-20220922,001,1795
668.8925,668.9285,68437,80936,Rhinolophus ferrumequinum,0.026,0.026,-1,Echolocation,/mnt/ubna_data_02_mir/recover-20220922/UBNA_001/20220921_090000.WAV,Telephone Field,recover-20220922,001,1795
668.9105,668.9519,68437,82658,Rhinolophus ferrumequinum,0.023,0.023,-1,Echolocation,/mnt/ubna_data_02_mir/recover-20220922/UBNA_001/20220921_090000.WAV,Telephone Field,recover-20220922,001,1795
668.9265,668.9323,27187,36451,Plecotus auritus,0.016,0.041,-1,Echolocation,/mnt/ubna_data_02_mir/recover-20220922/UBNA_001/20220921_090000.WAV,Telephone Field,recover-20220922,001,1795
668.9355,668.9742,68437,81972,Rhinolophus ferrumequinum,0.022,0.022,-1,Echolocation,/mnt/ubna_data_02_mir/recover-20220922/UBNA_001/20220921_090000.WAV,Telephone Field,recover-20220922,001,1795
668.9545,668.9643,28046,38922,Eptesicus serotinus,0.009,0.021,-1,Echolocation,/mnt/ubna_data_02_mir/recover-20220922/UBNA_001/20220921_090000.WAV,Telephone Field,recover-20220922,001,1795
668.9575,668.9687,34062,40176,Eptesicus serotinus,0.009,0.028,-1,Echolocation,/mnt/ubna_data_02_mir/recover-20220922/UBNA_001/20220921_090000.WAV,Telephone Field,recover-20220922,001,1795
668.9625,668.9714,28046,37096,Eptesicus serotinus,0.008,0.023,-1,Echolocation,/mnt/ubna_data_02_mir/recover-20220922/UBNA_001/20220921_090000.WAV,Telephone Field,recover-20220922,001,1795
668.9845,668.9935,50390,55383,Pipistrellus pipistrellus,0.018,0.022,-1,Echolocation,/mnt/ubna_data_02_mir/recover-20220922/UBNA_001/20220921_090000.WAV,Telephone Field,recover-20220922,001,1795
668.9845,669.022,68437,81422,Rhinolophus ferrumequinum,0.022,0.022,-1,Echolocation,/mnt/ubna_data_02_mir/recover-20220922/UBNA_001/20220921_090000.WAV,Telephone Field,recover-20220922,001,1795
668.9905,669.0275,68437,81908,Rhinolophus ferrumequinum,0.023,0.023,-1,Echolocation,/mnt/ubna_data_02_mir/recover-20220922/UBNA_001/20220921_090000.WAV,Telephone Field,recover-20220922,001,1795
669.0115,669.0188,28046,39942,Eptesicus serotinus,0.008,0.027,-1,Echolocation,/mnt/ubna_data_02_mir/recover-20220922/UBNA_001/20220921_090000.WAV,Telephone Field,recover-20220922,001,1795
669.0805,669.1179,68437,81627,Rhinolophus ferrumequinum,0.022,0.022,-1,Echolocation,/mnt/ubna_data_02_mir/recover-20220922/UBNA_001/20220921_090000.WAV,Telephone Field,recover-20220922,001,1795
669.1235,669.163,68437,82190,Rhinolophus ferrumequinum,0.021,0.021,-1,Echolocation,/mnt/ubna_data_02_mir/recover-20220922/UBNA_001/20220921_090000.WAV,Telephone Field,recover-20220922,001,1795
669.1615,669.1982,68437,81732,Rhinolophus ferrumequinum,0.03,0.03,-1,Echolocation,/mnt/ubna_data_02_mir/recover-20220922/UBNA_001/20220921_090000.WAV,Telephone Field,recover-20220922,001,1795
669.1705,669.1791,28046,37580,Eptesicus serotinus,0.01,0.026,-1,Echolocation,/mnt/ubna_data_02_mir/recover-20220922/UBNA_001/20220921_090000.WAV,Telephone Field,recover-20220922,001,1795
669.2005,669.2091,25468,34208,Eptesicus serotinus,0.007,0.024,-1,Echolocation,/mnt/ubna_data_02_mir/recover-20220922/UBNA_001/20220921_090000.WAV,Telephone Field,recover-20220922,001,1795
669.2035,669.2447,68437,82222,Rhinolophus ferrumequinum,0.024,0.024,-1,Echolocation,/mnt/ubna_data_02_mir/recover-20220922/UBNA_001/20220921_090000.WAV,Telephone Field,recover-20220922,001,1795
669.2295,669.2696,68437,82290,Rhinolophus ferrumequinum,0.023,0.023,-1,Echolocation,/mnt/ubna_data_02_mir/recover-20220922/UBNA_001/20220921_090000.WAV,Telephone Field,recover-20220922,001,1795
669.2345,669.2761,68437,82748,Rhinolophus ferrumequinum,0.022,0.023,-1,Echolocation,/mnt/ubna_data_02_mir/recover-20220922/UBNA_001/20220921_090000.WAV,Telephone Field,recover-20220922,001,1795
669.2665,669.2756,28046,36394,Eptesicus serotinus,0.008,0.021,-1,Echolocation,/mnt/ubna_data_02_mir/recover-20220922/UBNA_001/20220921_090000.WAV,Telephone Field,recover-20220922,001,1795
669.2665,669.3067,68437,82358,Rhinolophus ferrumequinum,0.022,0.022,-1,Echolocation,/mnt/ubna_data_02_mir/recover-20220922/UBNA_001/20220921_090000.WAV,Telephone Field,recover-20220922,001,1795
669.2835,669.3228,68437,82029,Rhinolophus ferrumequinum,0.022,0.022,-1,Echolocation,/mnt/ubna_data_02_mir/recover-20220922/UBNA_001/20220921_090000.WAV,Telephone Field,recover-20220922,001,1795
669.2955,669.305,28906,40264,Eptesicus serotinus,0.009,0.021,-1,Echolocation,/mnt/ubna_data_02_mir/recover-20220922/UBNA_001/20220921_090000.WAV,Telephone Field,recover-20220922,001,1795
669.3025,669.3095,28906,39132,Eptesicus serotinus,0.006,0.022,-1,Echolocation,/mnt/ubna_data_02_mir/recover-20220922/UBNA_001/20220921_090000.WAV,Telephone Field,recover-20220922,001,1795
669.3035,669.3117,23750,31363,Plecotus austriacus,0.008,0.023,-1,Echolocation,/mnt/ubna_data_02_mir/recover-20220922/UBNA_001/20220921_090000.WAV,Telephone Field,recover-20220922,001,1795
669.3045,669.3405,68437,81687,Rhinolophus ferrumequinum,0.029,0.029,-1,Echolocation,/mnt/ubna_data_02_mir/recover-20220922/UBNA_001/20220921_090000.WAV,Telephone Field,recover-20220922,001,1795
669.3245,669.3339,28046,37510,Eptesicus serotinus,0.009,0.02,-1,Echolocation,/mnt/ubna_data_02_mir/recover-20220922/UBNA_001/20220921_090000.WAV,Telephone Field,recover-20220922,001,1795
669.4155,669.4544,68437,81432,Rhinolophus ferrumequinum,0.023,0.023,-1,Echolocation,/mnt/ubna_data_02_mir/recover-20220922/UBNA_001/20220921_090000.WAV,Telephone Field,recover-20220922,001,1795
669.4175,669.4261,23750,32312,Plecotus austriacus,0.011,0.029,-1,Echolocation,/mnt/ubna_data_02_mir/recover-20220922/UBNA_001/20220921_090000.WAV,Telephone Field,recover-20220922,001,1795
669.4285,669.4386,28906,36666,Eptesicus serotinus,0.009,0.021,-1,Echolocation,/mnt/ubna_data_02_mir/recover-20220922/UBNA_001/20220921_090000.WAV,Telephone Field,recover-20220922,001,1795
669.4435,669.4829,68437,82156,Rhinolophus ferrumequinum,0.023,0.023,-1,Echolocation,/mnt/ubna_data_02_mir/recover-20220922/UBNA_001/20220921_090000.WAV,Telephone Field,recover-20220922,001,1795
669.4655,669.4725,51250,57268,Pipistrellus pipistrellus,0.017,0.02,-1,Echolocation,/mnt/ubna_data_02_mir/recover-20220922/UBNA_001/20220921_090000.WAV,Telephone Field,recover-20220922,001,1795
669.4885,669.5235,68437,80652,Rhinolophus ferrumequinum,0.025,0.025,-1,Echolocation,/mnt/ubna_data_02_mir/recover-20220922/UBNA_001/20220921_090000.WAV,Telephone Field,recover-20220922,001,1795
669.4915,669.4992,28046,39021,Eptesicus serotinus,0.009,0.025,-1,Echolocation,/mnt/ubna_data_02_mir/recover-20220922/UBNA_001/20220921_090000.WAV,Telephone Field,recover-20220922,001,1795
669.5385,669.5813,68437,82852,Rhinolophus ferrumequinum,0.025,0.025,-1,Echolocation,/mnt/ubna_data_02_mir/recover-20220922/UBNA_001/20220921_090000.WAV,Telephone Field,recover-20220922,001,1795
669.5715,669.609,68437,81719,Rhinolophus ferrumequinum,0.023,0.023,-1,Echolocation,/mnt/ubna_data_02_mir/recover-20220922/UBNA_001/20220921_090000.WAV,Telephone Field,recover-20220922,001,1795
669.5725,669.5828,28046,34919,Eptesicus serotinus,0.008,0.021,-1,Echolocation,/mnt/ubna_data_02_mir/recover-20220922/UBNA_001/20220921_090000.WAV,Telephone Field,recover-20220922,001,1795
669.5865,669.6229,68437,81359,Rhinolophus ferrumequinum,0.021,0.021,-1,Echolocation,/mnt/ubna_data_02_mir/recover-20220922/UBNA_001/20220921_090000.WAV,Telephone Field,recover-20220922,001,1795
669.6235,669.665,68437,82860,Rhinolophus ferrumequinum,0.025,0.025,-1,Echolocation,/mnt/ubna_data_02_mir/recover-20220922/UBNA_001/20220921_090000.WAV,Telephone Field,recover-20220922,001,1795
669.6445,669.684,68437,81851,Rhinolophus ferrumequinum,0.024,0.024,-1,Echolocation,/mnt/ubna_data_02_mir/recover-20220922/UBNA_001/20220921_090000.WAV,Telephone Field,recover-20220922,001,1795
669.6705,669.7092,68437,82226,Rhinolophus ferrumequinum,0.02,0.02,-1,Echolocation,/mnt/ubna_data_02_mir/recover-20220922/UBNA_001/20220921_090000.WAV,Telephone Field,recover-20220922,001,1795
669.6845,669.728,68437,83172,Rhinolophus ferrumequinum,0.027,0.027,-1,Echolocation,/mnt/ubna_data_02_mir/recover-20220922/UBNA_001/20220921_090000.WAV,Telephone Field,recover-20220922,001,1795
669.6955,669.7045,28046,41586,Eptesicus serotinus,0.009,0.024,-1,Echolocation,/mnt/ubna_data_02_mir/recover-20220922/UBNA_001/20220921_090000.WAV,Telephone Field,recover-20220922,001,1795
669.7005,669.7091,32343,44439,Myotis daubentonii,0.01,0.024,-1,Echolocation,/mnt/ubna_data_02_mir/recover-20220922/UBNA_001/20220921_090000.WAV,Telephone Field,recover-20220922,001,1795
669.7185,669.7252,26328,38108,Eptesicus serotinus,0.006,0.023,-1,Echolocation,/mnt/ubna_data_02_mir/recover-20220922/UBNA_001/20220921_090000.WAV,Telephone Field,recover-20220922,001,1795
669.7185,669.7584,68437,82729,Rhinolophus ferrumequinum,0.022,0.022,-1,Echolocation,/mnt/ubna_data_02_mir/recover-20220922/UBNA_001/20220921_090000.WAV,Telephone Field,recover-20220922,001,1795
669.7525,669.7938,68437,82539,Rhinolophus ferrumequinum,0.024,0.024,-1,Echolocation,/mnt/ubna_data_02_mir/recover-20220922/UBNA_001/20220921_090000.WAV,Telephone Field,recover-20220922,001,1795
669.7905,669.7979,46953,51088,Pipistrellus pipistrellus,0.019,0.02,-1,Echolocation,/mnt/ubna_data_02_mir/recover-20220922/UBNA_001/20220921_090000.WAV,Telephone Field,recover-20220922,001,1795
669.7915,669.8,23750,31544,Plecotus austriacus,0.007,0.023,-1,Echolocation,/mnt/ubna_data_02_mir/recover-20220922/UBNA_001/20220921_090000.WAV,Telephone Field,recover-20220922,001,1795
669.7955,669.832,68437,81303,Rhinolophus ferrumequinum,0.029,0.029,-1,Echolocation,/mnt/ubna_data_02_mir/recover-20220922/UBNA_001/20220921_090000.WAV,Telephone Field,recover-20220922,001,1795
669.8405,669.8807,68437,82212,Rhinolophus ferrumequinum,0.023,0.023,-1,Echolocation,/mnt/ubna_data_02_mir/recover-20220922/UBNA_001/20220921_090000.WAV,Telephone Field,recover-20220922,001,1795
669.9475,669.9877,68437,82717,Rhinolophus ferrumequinum,0.028,0.028,-1,Echolocation,/mnt/ubna_data_02_mir/recover-20220922/UBNA_001/20220921_090000.WAV,Telephone Field,recover-20220922,001,1795
669.9595,669.9945,68437,81043,Rhinolophus ferrumequinum,0.02,0.02,-1,Echolocation,/mnt/ubna_data_02_mir/recover-20220922/UBNA_001/20220921_090000.WAV,Telephone Field,recover-20220922,001,1795
669.9765,669.9885,23750,28946,Nyctalus leisleri,0.013,0.027,-1,Echolocation,/mnt/ubna_data_02_mir/recover-20220922/UBNA_001/20220921_090000.WAV,Telephone Field,recover-20220922,001,1795
670.0015,670.0333,68437,80325,Rhinolophus ferrumequinum,0.046,0.047,-1,Echolocation,/mnt/ubna_data_02_mir/recover-20220922/UBNA_001/20220921_090000.WAV,Telephone Field,recover-20220922,001,1795
670.0015,670.0087,39218,48776,Myotis brandtii,0.007,0.024,-1,Echolocation,/mnt/ubna_data_02_mir/recover-20220922/UBNA_001/20220921_090000.WAV,Telephone Field,recover-20220922,001,1795
670.0015,670.0107,27187,34744,Nyctalus leisleri,0.01,0.03,-1,Echolocation,/mnt/ubna_data_02_mir/recover-20220922/UBNA_001/20220921_090000.WAV,Telephone Field,recover-20220922,001,1795
670.0075,670.046,68437,81505,Rhinolophus ferrumequinum,0.022,0.022,-1,Echolocation,/mnt/ubna_data_02_mir/recover-20220922/UBNA_001/20220921_090000.WAV,Telephone Field,recover-20220922,001,1795
670.0265,670.0671,68437,82108,Rhinolophus ferrumequinum,0.026,0.026,-1,Echolocation,/mnt/ubna_data_02_mir/recover-20220922/UBNA_001/20220921_090000.WAV,Telephone Field,recover-20220922,001,1795
670.0425,670.0819,68437,81754,Rhinolophus ferrumequinum,0.022,0.022,-1,Echolocation,/mnt/ubna_data_02_mir/recover-20220922/UBNA_001/20220921_090000.WAV,Telephone Field,recover-20220922,001,1795
670.0505,670.0594,27187,36054,Eptesicus serotinus,0.007,0.02,-1,Echolocation,/mnt/ubna_data_02_mir/recover-20220922/UBNA_001/20220921_090000.WAV,Telephone Field,recover-20220922,001,1795
670.0735,670.1148,68437,82739,Rhinolophus ferrumequinum,0.037,0.037,-1,Echolocation,/mnt/ubna_data_02_mir/recover-20220922/UBNA_001/20220921_090000.WAV,Telephone Field,recover-20220922,001,1795
670.1415,670.1814,68437,82787,Rhinolophus ferrumequinum,0.03,0.03,-1,Echolocation,/mnt/ubna_data_02_mir/recover-20220922/UBNA_001/20220921_090000.WAV,Telephone Field,recover-20220922,001,1795
670.1565,670.1899,68437,81240,Rhinolophus ferrumequinum,0.021,0.021,-1,Echolocation,/mnt/ubna_data_02_mir/recover-20220922/UBNA_001/20220921_090000.WAV,Telephone Field,recover-20220922,001,1795
670.1705,670.2114,68437,82585,Rhinolophus ferrumequinum,0.02,0.02,-1,Echolocation,/mnt/ubna_data_02_mir/recover-20220922/UBNA_001/20220921_090000.WAV,Telephone Field,recover-20220922,001,1795
670.1765,670.1859,28046,36258,Eptesicus serotinus,0.009,0.021,-1,Echolocation,/mnt/ubna_data_02_mir/recover-20220922/UBNA_001/20220921_090000.WAV,Telephone Field,recover-20220922,001,1795
670.1835,670.2223,68437,81867,Rhinolophus ferrumequinum,0.026,0.026,-1,Echolocation,/mnt/ubna_data_02_mir/recover-20220922/UBNA_001/20220921_090000.WAV,Telephone Field,recover-20220922,001,1795
670.1935,670.2318,68437,81942,Rhinolophus ferrumequinum,0.024,0.024,-1,Echolocation,/mnt/ubna_data_02_mir/recover-20220922/UBNA_001/20220921_090000.WAV,Telephone Field,recover-20220922,001,1795
670.1975,670.2047,28046,37470,Eptesicus serotinus,0.006,0.02,-1,Echolocation,/mnt/ubna_data_02_mir/recover-20220922/UBNA_001/20220921_090000.WAV,Telephone Field,recover-20220922,001,1795
670.2005,670.2394,68437,82133,Rhinolophus ferrumequinum,0.022,0.022,-1,Echolocation,/mnt/ubna_data_02_mir/recover-20220922/UBNA_001/20220921_090000.WAV,Telephone Field,recover-20220922,001,1795
670.2185,670.2568,68437,81909,Rhinolophus ferrumequinum,0.02,0.02,-1,Echolocation,/mnt/ubna_data_02_mir/recover-20220922/UBNA_001/20220921_090000.WAV,Telephone Field,recover-20220922,001,1795
670.2355,670.2712,68437,80918,Rhinolophus ferrumequinum,0.024,0.024,-1,Echolocation,/mnt/ubna_data_02_mir/recover-20220922/UBNA_001/20220921_090000.WAV,Telephone Field,recover-20220922,001,1795
670.2505,670.2903,68437,82125,Rhinolophus ferrumequinum,0.045,0.045,-1,Echolocation,/mnt/ubna_data_02_mir/recover-20220922/UBNA_001/20220921_090000.WAV,Telephone Field,recover-20220922,001,1795
670.2535,670.2624,28906,37701,Eptesicus serotinus,0.007,0.022,-1,Echolocation,/mnt/ubna_data_02_mir/recover-20220922/UBNA_001/20220921_090000.WAV,Telephone Field,recover-20220922,001,1795
670.2765,670.3175,68437,82781,Rhinolophus ferrumequinum,0.029,0.029,-1,Echolocation,/mnt/ubna_data_02_mir/recover-20220922/UBNA_001/20220921_090000.WAV,Telephone Field,recover-20220922,001,1795
670.2895,670.3291,68437,82487,Rhinolophus ferrumequinum,0.025,0.025,-1,Echolocation,/mnt/ubna_data_02_mir/recover-20220922/UBNA_001/20220921_090000.WAV,Telephone Field,recover-20220922,001,1795
670.2955,670.3345,68437,82717,Rhinolophus ferrumequinum,0.024,0.024,-1,Echolocation,/mnt/ubna_data_02_mir/recover-20220922/UBNA_001/20220921_090000.WAV,Telephone Field,recover-20220922,001,1795
670.3165,670.3288,32343,37793,Eptesicus serotinus,0.01,0.027,-1,Echolocation,/mnt/ubna_data_02_mir/recover-20220922/UBNA_001/20220921_090000.WAV,Telephone Field,recover-20220922,001,1795
670.3355,670.3733,68437,81707,Rhinolophus ferrumequinum,0.02,0.02,-1,Echolocation,/mnt/ubna_data_02_mir/recover-20220922/UBNA_001/20220921_090000.WAV,Telephone Field,recover-20220922,001,1795
670.3845,670.4224,68437,81602,Rhinolophus ferrumequinum,0.026,0.027,-1,Echolocation,/mnt/ubna_data_02_mir/recover-20220922/UBNA_001/20220921_090000.WAV,Telephone Field,recover-20220922,001,1795
670.3985,670.4084,27187,36557,Eptesicus serotinus,0.011,0.024,-1,Echolocation,/mnt/ubna_data_02_mir/recover-20220922/UBNA_001/20220921_090000.WAV,Telephone Field,recover-20220922,001,1795
670.3995,670.4382,68437,82235,Rhinolophus ferrumequinum,0.023,0.023,-1,Echolocation,/mnt/ubna_data_02_mir/recover-20220922/UBNA_001/20220921_090000.WAV,Telephone Field,recover-20220922,001,1795
670.4065,670.4136,28906,39720,Eptesicus serotinus,0.008,0.024,-1,Echolocation,/mnt/ubna_data_02_mir/recover-20220922/UBNA_001/20220921_090000.WAV,Telephone Field,recover-20220922,001,1795
670.4215,670.463,68437,83272,Rhinolophus ferrumequinum,0.034,0.034,-1,Echolocation,/mnt/ubna_data_02_mir/recover-20220922/UBNA_001/20220921_090000.WAV,Telephone Field,recover-20220922,001,1795
670.4345,670.442,27187,38698,Eptesicus serotinus,0.007,0.026,-1,Echolocation,/mnt/ubna_data_02_mir/recover-20220922/UBNA_001/20220921_090000.WAV,Telephone Field,recover-20220922,001,1795
670.4355,670.474,68437,81701,Rhinolophus ferrumequinum,0.021,0.021,-1,Echolocation,/mnt/ubna_data_02_mir/recover-20220922/UBNA_001/20220921_090000.WAV,Telephone Field,recover-20220922,001,1795
670.4365,670.442,34062,43412,Myotis daubentonii,0.01,0.022,-1,Echolocation,/mnt/ubna_data_02_mir/recover-20220922/UBNA_001/20220921_090000.WAV,Telephone Field,recover-20220922,001,1795
670.4505,670.4903,68437,82026,Rhinolophus ferrumequinum,0.024,0.024,-1,Echolocation,/mnt/ubna_data_02_mir/recover-20220922/UBNA_001/20220921_090000.WAV,Telephone Field,recover-20220922,001,1795
670.4605,670.5007,68437,82789,Rhinolophus ferrumequinum,0.044,0.044,-1,Echolocation,/mnt/ubna_data_02_mir/recover-20220922/UBNA_001/20220921_090000.WAV,Telephone Field,recover-20220922,001,1795
670.5175,670.5567,68437,82258,Rhinolophus ferrumequinum,0.024,0.024,-1,Echolocation,/mnt/ubna_data_02_mir/recover-20220922/UBNA_001/20220921_090000.WAV,Telephone Field,recover-20220922,001,1795
670.5245,670.5317,28046,37538,Eptesicus serotinus,0.006,0.02,-1,Echolocation,/mnt/ubna_data_02_mir/recover-20220922/UBNA_001/20220921_090000.WAV,Telephone Field,recover-20220922,001,1795
670.5265,670.5685,68437,82102,Rhinolophus ferrumequinum,0.032,0.032,-1,Echolocation,/mnt/ubna_data_02_mir/recover-20220922/UBNA_001/20220921_090000.WAV,Telephone Field,recover-20220922,001,1795
670.5515,670.5866,68437,81457,Rhinolophus ferrumequinum,0.022,0.022,-1,Echolocation,/mnt/ubna_data_02_mir/recover-20220922/UBNA_001/20220921_090000.WAV,Telephone Field,recover-20220922,001,1795
670.5605,670.6017,68437,82450,Rhinolophus ferrumequinum,0.022,0.022,-1,Echolocation,/mnt/ubna_data_02_mir/recover-20220922/UBNA_001/20220921_090000.WAV,Telephone Field,recover-20220922,001,1795
670.5825,670.6238,68437,82669,Rhinolophus ferrumequinum,0.024,0.024,-1,Echolocation,/mnt/ubna_data_02_mir/recover-20220922/UBNA_001/20220921_090000.WAV,Telephone Field,recover-20220922,001,1795
670.5995,670.6408,68437,82944,Rhinolophus ferrumequinum,0.028,0.028,-1,Echolocation,/mnt/ubna_data_02_mir/recover-20220922/UBNA_001/20220921_090000.WAV,Telephone Field,recover-20220922,001,1795
670.6035,670.611,27187,39182,Eptesicus serotinus,0.007,0.023,-1,Echolocation,/mnt/ubna_data_02_mir/recover-20220922/UBNA_001/20220921_090000.WAV,Telephone Field,recover-20220922,001,1795
670.6305,670.645,22890,27462,Nyctalus leisleri,0.016,0.028,-1,Echolocation,/mnt/ubna_data_02_mir/recover-20220922/UBNA_001/20220921_090000.WAV,Telephone Field,recover-20220922,001,1795
670.6355,670.6768,68437,82554,Rhinolophus ferrumequinum,0.026,0.026,-1,Echolocation,/mnt/ubna_data_02_mir/recover-20220922/UBNA_001/20220921_090000.WAV,Telephone Field,recover-20220922,001,1795
670.6585,670.667,26328,36776,Eptesicus serotinus,0.008,0.023,-1,Echolocation,/mnt/ubna_data_02_mir/recover-20220922/UBNA_001/20220921_090000.WAV,Telephone Field,recover-20220922,001,1795
670.6675,670.7072000000001,68437,82384,Rhinolophus ferrumequinum,0.023,0.023,-1,Echolocation,/mnt/ubna_data_02_mir/recover-20220922/UBNA_001/20220921_090000.WAV,Telephone Field,recover-20220922,001,1795
670.6925,670.7326,68437,82315,Rhinolophus ferrumequinum,0.024,0.024,-1,Echolocation,/mnt/ubna_data_02_mir/recover-20220922/UBNA_001/20220921_090000.WAV,Telephone Field,recover-20220922,001,1795
670.7185,670.7589,68437,82585,Rhinolophus ferrumequinum,0.023,0.023,-1,Echolocation,/mnt/ubna_data_02_mir/recover-20220922/UBNA_001/20220921_090000.WAV,Telephone Field,recover-20220922,001,1795
670.7195,670.7302,27187,34046,Eptesicus serotinus,0.011,0.022,-1,Echolocation,/mnt/ubna_data_02_mir/recover-20220922/UBNA_001/20220921_090000.WAV,Telephone Field,recover-20220922,001,1795
670.7515,670.7872,68437,81099,Rhinolophus ferrumequinum,0.02,0.021,-1,Echolocation,/mnt/ubna_data_02_mir/recover-20220922/UBNA_001/20220921_090000.WAV,Telephone Field,recover-20220922,001,1795
670.7855,670.8285,68437,82989,Rhinolophus ferrumequinum,0.027,0.027,-1,Echolocation,/mnt/ubna_data_02_mir/recover-20220922/UBNA_001/20220921_090000.WAV,Telephone Field,recover-20220922,001,1795
670.8035,670.8424,68437,82003,Rhinolophus ferrumequinum,0.024,0.024,-1,Echolocation,/mnt/ubna_data_02_mir/recover-20220922/UBNA_001/20220921_090000.WAV,Telephone Field,recover-20220922,001,1795
670.8035,670.8115,27187,35991,Eptesicus serotinus,0.011,0.029,-1,Echolocation,/mnt/ubna_data_02_mir/recover-20220922/UBNA_001/20220921_090000.WAV,Telephone Field,recover-20220922,001,1795
670.8185,670.8556,68437,81725,Rhinolophus ferrumequinum,0.023,0.023,-1,Echolocation,/mnt/ubna_data_02_mir/recover-20220922/UBNA_001/20220921_090000.WAV,Telephone Field,recover-20220922,001,1795
670.8255,670.8624,68437,81669,Rhinolophus ferrumequinum,0.021,0.021,-1,Echolocation,/mnt/ubna_data_02_mir/recover-20220922/UBNA_001/20220921_090000.WAV,Telephone Field,recover-20220922,001,1795
670.8375,670.8772,68437,81839,Rhinolophus ferrumequinum,0.02,0.021,-1,Echolocation,/mnt/ubna_data_02_mir/recover-20220922/UBNA_001/20220921_090000.WAV,Telephone Field,recover-20220922,001,1795
670.8405,670.8504,22890,29026,Nyctalus leisleri,0.009,0.023,-1,Echolocation,/mnt/ubna_data_02_mir/recover-20220922/UBNA_001/20220921_090000.WAV,Telephone Field,recover-20220922,001,1795
670.8465,670.8855,68437,81813,Rhinolophus ferrumequinum,0.022,0.022,-1,Echolocation,/mnt/ubna_data_02_mir/recover-20220922/UBNA_001/20220921_090000.WAV,Telephone Field,recover-20220922,001,1795
670.8825,670.9226,68437,82009,Rhinolophus ferrumequinum,0.022,0.022,-1,Echolocation,/mnt/ubna_data_02_mir/recover-20220922/UBNA_001/20220921_090000.WAV,Telephone Field,recover-20220922,001,1795
670.8895,670.9276,68437,82127,Rhinolophus ferrumequinum,0.02,0.02,-1,Echolocation,/mnt/ubna_data_02_mir/recover-20220922/UBNA_001/20220921_090000.WAV,Telephone Field,recover-20220922,001,1795
670.8905,670.8989,28046,38357,Eptesicus serotinus,0.007,0.022,-1,Echolocation,/mnt/ubna_data_02_mir/recover-20220922/UBNA_001/20220921_090000.WAV,Telephone Field,recover-20220922,001,1795
670.9115,670.9197,28046,37850,Eptesicus serotinus,0.008,0.021,-1,Echolocation,/mnt/ubna_data_02_mir/recover-20220922/UBNA_001/20220921_090000.WAV,Telephone Field,recover-20220922,001,1795
670.9255,670.9668,68437,83117,Rhinolophus ferrumequinum,0.024,0.024,-1,Echolocation,/mnt/ubna_data_02_mir/recover-20220922/UBNA_001/20220921_090000.WAV,Telephone Field,recover-20220922,001,1795
670.9565,670.9954,68437,82540,Rhinolophus ferrumequinum,0.025,0.025,-1,Echolocation,/mnt/ubna_data_02_mir/recover-20220922/UBNA_001/20220921_090000.WAV,Telephone Field,recover-20220922,001,1795
670.9625,670.97,28046,39876,Eptesicus serotinus,0.006,0.02,-1,Echolocation,/mnt/ubna_data_02_mir/recover-20220922/UBNA_001/20220921_090000.WAV,Telephone Field,recover-20220922,001,1795
670.9765,671.0121,68437,81109,Rhinolophus ferrumequinum,0.029,0.029,-1,Echolocation,/mnt/ubna_data_02_mir/recover-20220922/UBNA_001/20220921_090000.WAV,Telephone Field,recover-20220922,001,1795
670.9795,670.9907,22890,28074,Nyctalus leisleri,0.01,0.022,-1,Echolocation,/mnt/ubna_data_02_mir/recover-20220922/UBNA_001/20220921_090000.WAV,Telephone Field,recover-20220922,001,1795
670.9875,671.0247,68437,81768,Rhinolophus ferrumequinum,0.025,0.025,-1,Echolocation,/mnt/ubna_data_02_mir/recover-20220922/UBNA_001/20220921_090000.WAV,Telephone Field,recover-20220922,001,1795
671.0025,671.0111,27187,36264,Eptesicus serotinus,0.007,0.021,-1,Echolocation,/mnt/ubna_data_02_mir/recover-20220922/UBNA_001/20220921_090000.WAV,Telephone Field,recover-20220922,001,1795
671.0025,671.0125,22031,27512,Nyctalus leisleri,0.008,0.021,-1,Echolocation,/mnt/ubna_data_02_mir/recover-20220922/UBNA_001/20220921_090000.WAV,Telephone Field,recover-20220922,001,1795
671.0205,671.0604,68437,82752,Rhinolophus ferrumequinum,0.023,0.023,-1,Echolocation,/mnt/ubna_data_02_mir/recover-20220922/UBNA_001/20220921_090000.WAV,Telephone Field,recover-20220922,001,1795
671.0305,671.0709,68437,82217,Rhinolophus ferrumequinum,0.021,0.021,-1,Echolocation,/mnt/ubna_data_02_mir/recover-20220922/UBNA_001/20220921_090000.WAV,Telephone Field,recover-20220922,001,1795
671.0515,671.0578,27187,44410,Eptesicus serotinus,0.006,0.023,-1,Echolocation,/mnt/ubna_data_02_mir/recover-20220922/UBNA_001/20220921_090000.WAV,Telephone Field,recover-20220922,001,1795
671.0685,671.113,68437,83129,Rhinolophus ferrumequinum,0.032,0.032,-1,Echolocation,/mnt/ubna_data_02_mir/recover-20220922/UBNA_001/20220921_090000.WAV,Telephone Field,recover-20220922,001,1795
671.0825,671.1243,68437,82479,Rhinolophus ferrumequinum,0.024,0.024,-1,Echolocation,/mnt/ubna_data_02_mir/recover-20220922/UBNA_001/20220921_090000.WAV,Telephone Field,recover-20220922,001,1795
671.0975,671.1383,68437,82347,Rhinolophus ferrumequinum,0.033,0.033,-1,Echolocation,/mnt/ubna_data_02_mir/recover-20220922/UBNA_001/20220921_090000.WAV,Telephone Field,recover-20220922,001,1795
671.1405,671.1817,68437,82718,Rhinolophus ferrumequinum,0.024,0.024,-1,Echolocation,/mnt/ubna_data_02_mir/recover-20220922/UBNA_001/20220921_090000.WAV,Telephone Field,recover-20220922,001,1795
671.1465,671.1555,26328,37095,Eptesicus serotinus,0.007,0.02,-1,Echolocation,/mnt/ubna_data_02_mir/recover-20220922/UBNA_001/20220921_090000.WAV,Telephone Field,recover-20220922,001,1795
671.1875,671.2323,68437,83112,Rhinolophus ferrumequinum,0.094,0.094,-1,Echolocation,/mnt/ubna_data_02_mir/recover-20220922/UBNA_001/20220921_090000.WAV,Telephone Field,recover-20220922,001,1795
671.2155,671.252,68437,82007,Rhinolophus ferrumequinum,0.024,0.024,-1,Echolocation,/mnt/ubna_data_02_mir/recover-20220922/UBNA_001/20220921_090000.WAV,Telephone Field,recover-20220922,001,1795
671.2345,671.2723,68437,81423,Rhinolophus ferrumequinum,0.02,0.02,-1,Echolocation,/mnt/ubna_data_02_mir/recover-20220922/UBNA_001/20220921_090000.WAV,Telephone Field,recover-20220922,001,1795
671.2565,671.2915,68437,81202,Rhinolophus ferrumequinum,0.023,0.023,-1,Echolocation,/mnt/ubna_data_02_mir/recover-20220922/UBNA_001/20220921_090000.WAV,Telephone Field,recover-20220922,001,1795
671.2825,671.2897,50390,54934,Pipistrellus pipistrellus,0.024,0.026,-1,Echolocation,/mnt/ubna_data_02_mir/recover-20220922/UBNA_001/20220921_090000.WAV,Telephone Field,recover-20220922,001,1795
671.2975,671.3346,68437,81587,Rhinolophus ferrumequinum,0.021,0.021,-1,Echolocation,/mnt/ubna_data_02_mir/recover-20220922/UBNA_001/20220921_090000.WAV,Telephone Field,recover-20220922,001,1795
671.3125,671.3485,68437,80891,Rhinolophus ferrumequinum,0.02,0.02,-1,Echolocation,/mnt/ubna_data_02_mir/recover-20220922/UBNA_001/20220921_090000.WAV,Telephone Field,recover-20220922,001,1795
671.3325,671.372,68437,82482,Rhinolophus ferrumequinum,0.038,0.038,-1,Echolocation,/mnt/ubna_data_02_mir/recover-20220922/UBNA_001/20220921_090000.WAV,Telephone Field,recover-20220922,001,1795
671.3505,671.3594,50390,54325,Pipistrellus pipistrellus,0.021,0.025,-1,Echolocation,/mnt/ubna_data_02_mir/recover-20220922/UBNA_001/20220921_090000.WAV,Telephone Field,recover-20220922,001,1795
671.3735,671.3817,24609,32540,Eptesicus serotinus,0.006,0.023,-1,Echolocation,/mnt/ubna_data_02_mir/recover-20220922/UBNA_001/20220921_090000.WAV,Telephone Field,recover-20220922,001,1795
671.3875,671.4239,68437,81546,Rhinolophus ferrumequinum,0.022,0.022,-1,Echolocation,/mnt/ubna_data_02_mir/recover-20220922/UBNA_001/20220921_090000.WAV,Telephone Field,recover-20220922,001,1795
671.3935,671.4316,68437,81884,Rhinolophus ferrumequinum,0.021,0.021,-1,Echolocation,/mnt/ubna_data_02_mir/recover-20220922/UBNA_001/20220921_090000.WAV,Telephone Field,recover-20220922,001,1795
671.4195,671.4596,68437,82122,Rhinolophus ferrumequinum,0.023,0.023,-1,Echolocation,/mnt/ubna_data_02_mir/recover-20220922/UBNA_001/20220921_090000.WAV,Telephone Field,recover-20220922,001,1795
671.4225,671.4312,28046,36712,Eptesicus serotinus,0.007,0.02,-1,Echolocation,/mnt/ubna_data_02_mir/recover-20220922/UBNA_001/20220921_090000.WAV,Telephone Field,recover-20220922,001,1795
671.4465,671.4546,49531,56447,Pipistrellus pipistrellus,0.018,0.021,-1,Echolocation,/mnt/ubna_data_02_mir/recover-20220922/UBNA_001/20220921_090000.WAV,Telephone Field,recover-20220922,001,1795
671.4615,671.5012,68437,82210,Rhinolophus ferrumequinum,0.035,0.035,-1,Echolocation,/mnt/ubna_data_02_mir/recover-20220922/UBNA_001/20220921_090000.WAV,Telephone Field,recover-20220922,001,1795
671.4715,671.5111,68437,82347,Rhinolophus ferrumequinum,0.025,0.025,-1,Echolocation,/mnt/ubna_data_02_mir/recover-20220922/UBNA_001/20220921_090000.WAV,Telephone Field,recover-20220922,001,1795
671.4875,671.495,22890,31322,Plecotus austriacus,0.012,0.025,-1,Echolocation,/mnt/ubna_data_02_mir/recover-20220922/UBNA_001/20220921_090000.WAV,Telephone Field,recover-20220922,001,1795
671.5075,671.5467,68437,81845,Rhinolophus ferrumequinum,0.024,0.024,-1,Echolocation,/mnt/ubna_data_02_mir/recover-20220922/UBNA_001/20220921_090000.WAV,Telephone Field,recover-20220922,001,1795
671.5255,671.5657,68437,82722,Rhinolophus ferrumequinum,0.03,0.03,-1,Echolocation,/mnt/ubna_data_02_mir/recover-20220922/UBNA_001/20220921_090000.WAV,Telephone Field,recover-20220922,001,1795
671.5495,671.5875,68437,82270,Rhinolophus ferrumequinum,0.024,0.024,-1,Echolocation,/mnt/ubna_data_02_mir/recover-20220922/UBNA_001/20220921_090000.WAV,Telephone Field,recover-20220922,001,1795
671.5705,671.6077,68437,82068,Rhinolophus ferrumequinum,0.026,0.026,-1,Echolocation,/mnt/ubna_data_02_mir/recover-20220922/UBNA_001/20220921_090000.WAV,Telephone Field,recover-20220922,001,1795
671.5855,671.6184,68437,80713,Rhinolophus ferrumequinum,0.024,0.024,-1,Echolocation,/mnt/ubna_data_02_mir/recover-20220922/UBNA_001/20220921_090000.WAV,Telephone Field,recover-20220922,001,1795
671.6145,671.6243,24609,31528,Nyctalus leisleri,0.008,0.025,-1,Echolocation,/mnt/ubna_data_02_mir/recover-20220922/UBNA_001/20220921_090000.WAV,Telephone Field,recover-20220922,001,1795
671.6185,671.6614,68437,83152,Rhinolophus ferrumequinum,0.03,0.03,-1,Echolocation,/mnt/ubna_data_02_mir/recover-20220922/UBNA_001/20220921_090000.WAV,Telephone Field,recover-20220922,001,1795
671.6325,671.6688,68437,81728,Rhinolophus ferrumequinum,0.02,0.02,-1,Echolocation,/mnt/ubna_data_02_mir/recover-20220922/UBNA_001/20220921_090000.WAV,Telephone Field,recover-20220922,001,1795
671.6415,671.6803,68437,82391,Rhinolophus ferrumequinum,0.021,0.021,-1,Echolocation,/mnt/ubna_data_02_mir/recover-20220922/UBNA_001/20220921_090000.WAV,Telephone Field,recover-20220922,001,1795
671.6545,671.6935,68437,82247,Rhinolophus ferrumequinum,0.022,0.022,-1,Echolocation,/mnt/ubna_data_02_mir/recover-20220922/UBNA_001/20220921_090000.WAV,Telephone Field,recover-20220922,001,1795
671.6565,671.6727,22890,26293,Nyctalus leisleri,0.017,0.027,-1,Echolocation,/mnt/ubna_data_02_mir/recover-20220922/UBNA_001/20220921_090000.WAV,Telephone Field,recover-20220922,001,1795
671.6785,671.7156,68437,81329,Rhinolophus ferrumequinum,0.021,0.021,-1,Echolocation,/mnt/ubna_data_02_mir/recover-20220922/UBNA_001/20220921_090000.WAV,Telephone Field,recover-20220922,001,1795
671.6805,671.6912,25468,32378,Eptesicus serotinus,0.011,0.026,-1,Echolocation,/mnt/ubna_data_02_mir/recover-20220922/UBNA_001/20220921_090000.WAV,Telephone Field,recover-20220922,001,1795
671.6935,671.735,68437,82624,Rhinolophus ferrumequinum,0.026,0.026,-1,Echolocation,/mnt/ubna_data_02_mir/recover-20220922/UBNA_001/20220921_090000.WAV,Telephone Field,recover-20220922,001,1795
671.7065,671.7451,68437,81420,Rhinolophus ferrumequinum,0.022,0.022,-1,Echolocation,/mnt/ubna_data_02_mir/recover-20220922/UBNA_001/20220921_090000.WAV,Telephone Field,recover-20220922,001,1795
671.7175,671.7523,68437,81038,Rhinolophus ferrumequinum,0.022,0.022,-1,Echolocation,/mnt/ubna_data_02_mir/recover-20220922/UBNA_001/20220921_090000.WAV,Telephone Field,recover-20220922,001,1795
671.7335,671.7425,26328,35306,Eptesicus serotinus,0.007,0.021,-1,Echolocation,/mnt/ubna_data_02_mir/recover-20220922/UBNA_001/20220921_090000.WAV,Telephone Field,recover-20220922,001,1795
671.7465,671.7569,22890,29222,Nyctalus leisleri,0.012,0.029,-1,Echolocation,/mnt/ubna_data_02_mir/recover-20220922/UBNA_001/20220921_090000.WAV,Telephone Field,recover-20220922,001,1795
671.7605,671.7996,68437,82600,Rhinolophus ferrumequinum,0.03,0.03,-1,Echolocation,/mnt/ubna_data_02_mir/recover-20220922/UBNA_001/20220921_090000.WAV,Telephone Field,recover-20220922,001,1795
671.7855,671.7941,27187,38026,Eptesicus serotinus,0.007,0.021,-1,Echolocation,/mnt/ubna_data_02_mir/recover-20220922/UBNA_001/20220921_090000.WAV,Telephone Field,recover-20220922,001,1795
671.7905,671.8296,68437,81927,Rhinolophus ferrumequinum,0.025,0.025,-1,Echolocation,/mnt/ubna_data_02_mir/recover-20220922/UBNA_001/20220921_090000.WAV,Telephone Field,recover-20220922,001,1795
671.8005,671.8406,68437,82314,Rhinolophus ferrumequinum,0.033,0.033,-1,Echolocation,/mnt/ubna_data_02_mir/recover-20220922/UBNA_001/20220921_090000.WAV,Telephone Field,recover-20220922,001,1795
671.8265,671.8344,28046,37731,Eptesicus serotinus,0.009,0.025,-1,Echolocation,/mnt/ubna_data_02_mir/recover-20220922/UBNA_001/20220921_090000.WAV,Telephone Field,recover-20220922,001,1795
671.8365,671.8761,68437,82322,Rhinolophus ferrumequinum,0.023,0.023,-1,Echolocation,/mnt/ubna_data_02_mir/recover-20220922/UBNA_001/20220921_090000.WAV,Telephone Field,recover-20220922,001,1795
671.8615,671.8999,68437,82208,Rhinolophus ferrumequinum,0.027,0.027,-1,Echolocation,/mnt/ubna_data_02_mir/recover-20220922/UBNA_001/20220921_090000.WAV,Telephone Field,recover-20220922,001,1795
671.8785,671.8878,24609,32823,Eptesicus serotinus,0.007,0.024,-1,Echolocation,/mnt/ubna_data_02_mir/recover-20220922/UBNA_001/20220921_090000.WAV,Telephone Field,recover-20220922,001,1795
671.8935,671.9275,68437,80632,Rhinolophus ferrumequinum,0.022,0.022,-1,Echolocation,/mnt/ubna_data_02_mir/recover-20220922/UBNA_001/20220921_090000.WAV,Telephone Field,recover-20220922,001,1795
671.9085,671.9466,68437,82348,Rhinolophus ferrumequinum,0.028,0.028,-1,Echolocation,/mnt/ubna_data_02_mir/recover-20220922/UBNA_001/20220921_090000.WAV,Telephone Field,recover-20220922,001,1795
671.9115,671.9188,27187,39652,Eptesicus serotinus,0.007,0.021,-1,Echolocation,/mnt/ubna_data_02_mir/recover-20220922/UBNA_001/20220921_090000.WAV,Telephone Field,recover-20220922,001,1795
671.9285,671.9662,68437,82292,Rhinolophus ferrumequinum,0.025,0.025,-1,Echolocation,/mnt/ubna_data_02_mir/recover-20220922/UBNA_001/20220921_090000.WAV,Telephone Field,recover-20220922,001,1795
671.9475,671.9869,68437,82226,Rhinolophus ferrumequinum,0.021,0.021,-1,Echolocation,/mnt/ubna_data_02_mir/recover-20220922/UBNA_001/20220921_090000.WAV,Telephone Field,recover-20220922,001,1795
672.0015,672.0125,23750,30145,Nyctalus leisleri,0.015,0.037,-1,Echolocation,/mnt/ubna_data_02_mir/recover-20220922/UBNA_001/20220921_090000.WAV,Telephone Field,recover-20220922,001,1795
672.0015,672.0348,69296,81752,Rhinolophus ferrumequinum,0.037,0.037,-1,Echolocation,/mnt/ubna_data_02_mir/recover-20220922/UBNA_001/20220921_090000.WAV,Telephone Field,recover-20220922,001,1795
672.0635,672.1032,68437,82245,Rhinolophus ferrumequinum,0.021,0.021,-1,Echolocation,/mnt/ubna_data_02_mir/recover-20220922/UBNA_001/20220921_090000.WAV,Telephone Field,recover-20220922,001,1795
672.0845,672.1236,68437,81489,Rhinolophus ferrumequinum,0.02,0.021,-1,Echolocation,/mnt/ubna_data_02_mir/recover-20220922/UBNA_001/20220921_090000.WAV,Telephone Field,recover-20220922,001,1795
672.0865,672.1008,22031,25536,Nyctalus leisleri,0.021,0.034,-1,Echolocation,/mnt/ubna_data_02_mir/recover-20220922/UBNA_001/20220921_090000.WAV,Telephone Field,recover-20220922,001,1795
672.0915,672.131,68437,82435,Rhinolophus ferrumequinum,0.023,0.023,-1,Echolocation,/mnt/ubna_data_02_mir/recover-20220922/UBNA_001/20220921_090000.WAV,Telephone Field,recover-20220922,001,1795
672.1095,672.12,44375,47769,Pipistrellus pipistrellus,0.023,0.024,-1,Echolocation,/mnt/ubna_data_02_mir/recover-20220922/UBNA_001/20220921_090000.WAV,Telephone Field,recover-20220922,001,1795
672.1125,672.1501,68437,81658,Rhinolophus ferrumequinum,0.022,0.022,-1,Echolocation,/mnt/ubna_data_02_mir/recover-20220922/UBNA_001/20220921_090000.WAV,Telephone Field,recover-20220922,001,1795
672.1265,672.1614,68437,81312,Rhinolophus ferrumequinum,0.021,0.021,-1,Echolocation,/mnt/ubna_data_02_mir/recover-20220922/UBNA_001/20220921_090000.WAV,Telephone Field,recover-20220922,001,1795
672.1455,672.1843,68437,81791,Rhinolophus ferrumequinum,0.02,0.02,-1,Echolocation,/mnt/ubna_data_02_mir/recover-20220922/UBNA_001/20220921_090000.WAV,Telephone Field,recover-20220922,001,1795
672.1945,672.2357,68437,82146,Rhinolophus ferrumequinum,0.022,0.022,-1,Echolocation,/mnt/ubna_data_02_mir/recover-20220922/UBNA_001/20220921_090000.WAV,Telephone Field,recover-20220922,001,1795
672.2205,672.258,68437,81575,Rhinolophus ferrumequinum,0.022,0.022,-1,Echolocation,/mnt/ubna_data_02_mir/recover-20220922/UBNA_001/20220921_090000.WAV,Telephone Field,recover-20220922,001,1795
672.2395,672.2484,31484,39336,Eptesicus serotinus,0.006,0.02,-1,Echolocation,/mnt/ubna_data_02_mir/recover-20220922/UBNA_001/20220921_090000.WAV,Telephone Field,recover-20220922,001,1795
672.2515,672.2885,68437,81124,Rhinolophus ferrumequinum,0.022,0.022,-1,Echolocation,/mnt/ubna_data_02_mir/recover-20220922/UBNA_001/20220921_090000.WAV,Telephone Field,recover-20220922,001,1795
672.2675,672.3069,68437,81464,Rhinolophus ferrumequinum,0.022,0.022,-1,Echolocation,/mnt/ubna_data_02_mir/recover-20220922/UBNA_001/20220921_090000.WAV,Telephone Field,recover-20220922,001,1795
672.2945,672.3316,68437,81816,Rhinolophus ferrumequinum,0.022,0.022,-1,Echolocation,/mnt/ubna_data_02_mir/recover-20220922/UBNA_001/20220921_090000.WAV,Telephone Field,recover-20220922,001,1795
672.3025,672.3399,68437,81703,Rhinolophus ferrumequinum,0.022,0.022,-1,Echolocation,/mnt/ubna_data_02_mir/recover-20220922/UBNA_001/20220921_090000.WAV,Telephone Field,recover-20220922,001,1795
672.3355,672.346,22890,28346,Nyctalus leisleri,0.011,0.025,-1,Echolocation,/mnt/ubna_data_02_mir/recover-20220922/UBNA_001/20220921_090000.WAV,Telephone Field,recover-20220922,001,1795
672.3425,672.3524,23750,29683,Nyctalus leisleri,0.009,0.022,-1,Echolocation,/mnt/ubna_data_02_mir/recover-20220922/UBNA_001/20220921_090000.WAV,Telephone Field,recover-20220922,001,1795
672.3535,672.3853,68437,79615,Rhinolophus ferrumequinum,0.02,0.021,-1,Echolocation,/mnt/ubna_data_02_mir/recover-20220922/UBNA_001/20220921_090000.WAV,Telephone Field,recover-20220922,001,1795
672.3695,672.4071,68437,81677,Rhinolophus ferrumequinum,0.02,0.02,-1,Echolocation,/mnt/ubna_data_02_mir/recover-20220922/UBNA_001/20220921_090000.WAV,Telephone Field,recover-20220922,001,1795
672.4005,672.4425,68437,82718,Rhinolophus ferrumequinum,0.029,0.029,-1,Echolocation,/mnt/ubna_data_02_mir/recover-20220922/UBNA_001/20220921_090000.WAV,Telephone Field,recover-20220922,001,1795
672.4175,672.428,23750,29162,Nyctalus leisleri,0.009,0.02,-1,Echolocation,/mnt/ubna_data_02_mir/recover-20220922/UBNA_001/20220921_090000.WAV,Telephone Field,recover-20220922,001,1795
672.4825,672.5235,68437,82365,Rhinolophus ferrumequinum,0.022,0.022,-1,Echolocation,/mnt/ubna_data_02_mir/recover-20220922/UBNA_001/20220921_090000.WAV,Telephone Field,recover-20220922,001,1795
672.5085,672.519,28906,37431,Eptesicus serotinus,0.011,0.025,-1,Echolocation,/mnt/ubna_data_02_mir/recover-20220922/UBNA_001/20220921_090000.WAV,Telephone Field,recover-20220922,001,1795
672.5165,672.525,28906,38452,Eptesicus serotinus,0.007,0.022,-1,Echolocation,/mnt/ubna_data_02_mir/recover-20220922/UBNA_001/20220921_090000.WAV,Telephone Field,recover-20220922,001,1795
672.5225,672.5332,35781,40161,Pipistrellus nathusii,0.024,0.042,-1,Echolocation,/mnt/ubna_data_02_mir/recover-20220922/UBNA_001/20220921_090000.WAV,Telephone Field,recover-20220922,001,1795
672.5565,672.5671,43515,50770,Pipistrellus pipistrellus,0.013,0.024,-1,Echolocation,/mnt/ubna_data_02_mir/recover-20220922/UBNA_001/20220921_090000.WAV,Telephone Field,recover-20220922,001,1795
672.5675,672.6039,68437,80822,Rhinolophus ferrumequinum,0.022,0.022,-1,Echolocation,/mnt/ubna_data_02_mir/recover-20220922/UBNA_001/20220921_090000.WAV,Telephone Field,recover-20220922,001,1795
672.5885,672.6005,22890,27962,Nyctalus leisleri,0.015,0.032,-1,Echolocation,/mnt/ubna_data_02_mir/recover-20220922/UBNA_001/20220921_090000.WAV,Telephone Field,recover-20220922,001,1795
672.5895,672.6292,68437,82502,Rhinolophus ferrumequinum,0.027,0.027,-1,Echolocation,/mnt/ubna_data_02_mir/recover-20220922/UBNA_001/20220921_090000.WAV,Telephone Field,recover-20220922,001,1795
672.6295,672.6684,68437,82128,Rhinolophus ferrumequinum,0.021,0.021,-1,Echolocation,/mnt/ubna_data_02_mir/recover-20220922/UBNA_001/20220921_090000.WAV,Telephone Field,recover-20220922,001,1795
672.6695,672.7065,68437,81882,Rhinolophus ferrumequinum,0.023,0.023,-1,Echolocation,/mnt/ubna_data_02_mir/recover-20220922/UBNA_001/20220921_090000.WAV,Telephone Field,recover-20220922,001,1795
672.6795,672.7197,68437,82401,Rhinolophus ferrumequinum,0.023,0.023,-1,Echolocation,/mnt/ubna_data_02_mir/recover-20220922/UBNA_001/20220921_090000.WAV,Telephone Field,recover-20220922,001,1795
672.7005,672.7422,68437,83025,Rhinolophus ferrumequinum,0.025,0.025,-1,Echolocation,/mnt/ubna_data_02_mir/recover-20220922/UBNA_001/20220921_090000.WAV,Telephone Field,recover-20220922,001,1795
672.8035,672.8113,28046,41171,Eptesicus serotinus,0.007,0.021,-1,Echolocation,/mnt/ubna_data_02_mir/recover-20220922/UBNA_001/20220921_090000.WAV,Telephone Field,recover-20220922,001,1795
672.8295,672.8401,23750,29385,Nyctalus leisleri,0.009,0.022,-1,Echolocation,/mnt/ubna_data_02_mir/recover-20220922/UBNA_001/20220921_090000.WAV,Telephone Field,recover-20220922,001,1795
672.8295,672.8667,68437,81479,Rhinolophus ferrumequinum,0.022,0.022,-1,Echolocation,/mnt/ubna_data_02_mir/recover-20220922/UBNA_001/20220921_090000.WAV,Telephone Field,recover-20220922,001,1795
672.8455,672.8549,24609,32438,Nyctalus leisleri,0.007,0.024,-1,Echolocation,/mnt/ubna_data_02_mir/recover-20220922/UBNA_001/20220921_090000.WAV,Telephone Field,recover-20220922,001,1795
672.8585,672.8959,68437,82037,Rhinolophus ferrumequinum,0.022,0.022,-1,Echolocation,/mnt/ubna_data_02_mir/recover-20220922/UBNA_001/20220921_090000.WAV,Telephone Field,recover-20220922,001,1795
672.8725,672.9119,68437,82101,Rhinolophus ferrumequinum,0.021,0.021,-1,Echolocation,/mnt/ubna_data_02_mir/recover-20220922/UBNA_001/20220921_090000.WAV,Telephone Field,recover-20220922,001,1795
672.9475,672.9842,68437,80913,Rhinolophus ferrumequinum,0.021,0.021,-1,Echolocation,/mnt/ubna_data_02_mir/recover-20220922/UBNA_001/20220921_090000.WAV,Telephone Field,recover-20220922,001,1795
673.0015,673.0119,23750,29836,Nyctalus leisleri,0.009,0.022,-1,Echolocation,/mnt/ubna_data_02_mir/recover-20220922/UBNA_001/20220921_090000.WAV,Telephone Field,recover-20220922,001,1795
673.0365,673.0447,28046,39249,Eptesicus serotinus,0.007,0.021,-1,Echolocation,/mnt/ubna_data_02_mir/recover-20220922/UBNA_001/20220921_090000.WAV,Telephone Field,recover-20220922,001,1795
673.0635,673.1032,68437,82636,Rhinolophus ferrumequinum,0.024,0.024,-1,Echolocation,/mnt/ubna_data_02_mir/recover-20220922/UBNA_001/20220921_090000.WAV,Telephone Field,recover-20220922,001,1795
673.1125,673.1541,68437,82740,Rhinolophus ferrumequinum,0.026,0.026,-1,Echolocation,/mnt/ubna_data_02_mir/recover-20220922/UBNA_001/20220921_090000.WAV,Telephone Field,recover-20220922,001,1795
673.1315,673.1514,19453,22741,Nyctalus noctula,0.011,0.02,-1,Echolocation,/mnt/ubna_data_02_mir/recover-20220922/UBNA_001/20220921_090000.WAV,Telephone Field,recover-20220922,001,1795
673.1635,673.2037,68437,82627,Rhinolophus ferrumequinum,0.025,0.025,-1,Echolocation,/mnt/ubna_data_02_mir/recover-20220922/UBNA_001/20220921_090000.WAV,Telephone Field,recover-20220922,001,1795
673.1935,673.2002,24609,34060,Plecotus austriacus,0.01,0.025,-1,Echolocation,/mnt/ubna_data_02_mir/recover-20220922/UBNA_001/20220921_090000.WAV,Telephone Field,recover-20220922,001,1795
673.2215,673.2636,68437,82658,Rhinolophus ferrumequinum,0.023,0.023,-1,Echolocation,/mnt/ubna_data_02_mir/recover-20220922/UBNA_001/20220921_090000.WAV,Telephone Field,recover-20220922,001,1795
673.2415,673.2839,68437,82656,Rhinolophus ferrumequinum,0.024,0.024,-1,Echolocation,/mnt/ubna_data_02_mir/recover-20220922/UBNA_001/20220921_090000.WAV,Telephone Field,recover-20220922,001,1795
673.2855,673.2958,22890,28506,Nyctalus leisleri,0.01,0.024,-1,Echolocation,/mnt/ubna_data_02_mir/recover-20220922/UBNA_001/20220921_090000.WAV,Telephone Field,recover-20220922,001,1795
673.2975,673.3362,68437,82104,Rhinolophus ferrumequinum,0.02,0.021,-1,Echolocation,/mnt/ubna_data_02_mir/recover-20220922/UBNA_001/20220921_090000.WAV,Telephone Field,recover-20220922,001,1795
673.3275,673.3385,22890,28263,Nyctalus leisleri,0.01,0.023,-1,Echolocation,/mnt/ubna_data_02_mir/recover-20220922/UBNA_001/20220921_090000.WAV,Telephone Field,recover-20220922,001,1795
673.3275,673.3686,68437,82521,Rhinolophus ferrumequinum,0.021,0.021,-1,Echolocation,/mnt/ubna_data_02_mir/recover-20220922/UBNA_001/20220921_090000.WAV,Telephone Field,recover-20220922,001,1795
673.3355,673.3771,68437,82428,Rhinolophus ferrumequinum,0.021,0.021,-1,Echolocation,/mnt/ubna_data_02_mir/recover-20220922/UBNA_001/20220921_090000.WAV,Telephone Field,recover-20220922,001,1795
673.3545,673.3956,68437,82600,Rhinolophus ferrumequinum,0.022,0.022,-1,Echolocation,/mnt/ubna_data_02_mir/recover-20220922/UBNA_001/20220921_090000.WAV,Telephone Field,recover-20220922,001,1795
673.3805,673.4164,68437,81147,Rhinolophus ferrumequinum,0.021,0.021,-1,Echolocation,/mnt/ubna_data_02_mir/recover-20220922/UBNA_001/20220921_090000.WAV,Telephone Field,recover-20220922,001,1795
673.3835,673.3914,28046,44918,Eptesicus serotinus,0.01,0.028,-1,Echolocation,/mnt/ubna_data_02_mir/recover-20220922/UBNA_001/20220921_090000.WAV,Telephone Field,recover-20220922,001,1795
673.3945,673.4337,68437,82113,Rhinolophus ferrumequinum,0.021,0.021,-1,Echolocation,/mnt/ubna_data_02_mir/recover-20220922/UBNA_001/20220921_090000.WAV,Telephone Field,recover-20220922,001,1795
673.4385,673.4751,68437,81825,Rhinolophus ferrumequinum,0.02,0.021,-1,Echolocation,/mnt/ubna_data_02_mir/recover-20220922/UBNA_001/20220921_090000.WAV,Telephone Field,recover-20220922,001,1795
673.4655,673.5059,68437,82312,Rhinolophus ferrumequinum,0.022,0.022,-1,Echolocation,/mnt/ubna_data_02_mir/recover-20220922/UBNA_001/20220921_090000.WAV,Telephone Field,recover-20220922,001,1795
673.4775,673.517,68437,81979,Rhinolophus ferrumequinum,0.021,0.021,-1,Echolocation,/mnt/ubna_data_02_mir/recover-20220922/UBNA_001/20220921_090000.WAV,Telephone Field,recover-20220922,001,1795
673.4815,673.4929,23750,29145,Nyctalus leisleri,0.013,0.028,-1,Echolocation,/mnt/ubna_data_02_mir/recover-20220922/UBNA_001/20220921_090000.WAV,Telephone Field,recover-20220922,001,1795
673.4965,673.5088,45234,48415,Pipistrellus pipistrellus,0.02,0.023,-1,Echolocation,/mnt/ubna_data_02_mir/recover-20220922/UBNA_001/20220921_090000.WAV,Telephone Field,recover-20220922,001,1795
673.5125,673.5532,68437,82686,Rhinolophus ferrumequinum,0.023,0.023,-1,Echolocation,/mnt/ubna_data_02_mir/recover-20220922/UBNA_001/20220921_090000.WAV,Telephone Field,recover-20220922,001,1795
673.5215,673.5605,68437,81843,Rhinolophus ferrumequinum,0.023,0.024,-1,Echolocation,/mnt/ubna_data_02_mir/recover-20220922/UBNA_001/20220921_090000.WAV,Telephone Field,recover-20220922,001,1795
673.5605,673.5986,68437,81709,Rhinolophus ferrumequinum,0.023,0.023,-1,Echolocation,/mnt/ubna_data_02_mir/recover-20220922/UBNA_001/20220921_090000.WAV,Telephone Field,recover-20220922,001,1795
673.5745,673.6151,68437,82132,Rhinolophus ferrumequinum,0.022,0.022,-1,Echolocation,/mnt/ubna_data_02_mir/recover-20220922/UBNA_001/20220921_090000.WAV,Telephone Field,recover-20220922,001,1795
673.5965,673.6342,68437,81808,Rhinolophus ferrumequinum,0.024,0.024,-1,Echolocation,/mnt/ubna_data_02_mir/recover-20220922/UBNA_001/20220921_090000.WAV,Telephone Field,recover-20220922,001,1795
673.6025,673.6406,68437,81802,Rhinolophus ferrumequinum,0.02,0.021,-1,Echolocation,/mnt/ubna_data_02_mir/recover-20220922/UBNA_001/20220921_090000.WAV,Telephone Field,recover-20220922,001,1795
673.6275,673.6669,68437,82149,Rhinolophus ferrumequinum,0.023,0.023,-1,Echolocation,/mnt/ubna_data_02_mir/recover-20220922/UBNA_001/20220921_090000.WAV,Telephone Field,recover-20220922,001,1795
673.6845,673.7241,68437,82047,Rhinolophus ferrumequinum,0.02,0.02,-1,Echolocation,/mnt/ubna_data_02_mir/recover-20220922/UBNA_001/20220921_090000.WAV,Telephone Field,recover-20220922,001,1795
673.6955,673.7331,68437,82576,Rhinolophus ferrumequinum,0.021,0.021,-1,Echolocation,/mnt/ubna_data_02_mir/recover-20220922/UBNA_001/20220921_090000.WAV,Telephone Field,recover-20220922,001,1795
673.7025,673.7436,68437,82507,Rhinolophus ferrumequinum,0.024,0.024,-1,Echolocation,/mnt/ubna_data_02_mir/recover-20220922/UBNA_001/20220921_090000.WAV,Telephone Field,recover-20220922,001,1795
673.7255,673.7366,22890,27436,Nyctalus leisleri,0.012,0.022,-1,Echolocation,/mnt/ubna_data_02_mir/recover-20220922/UBNA_001/20220921_090000.WAV,Telephone Field,recover-20220922,001,1795
673.7275,673.7695,68437,82453,Rhinolophus ferrumequinum,0.022,0.022,-1,Echolocation,/mnt/ubna_data_02_mir/recover-20220922/UBNA_001/20220921_090000.WAV,Telephone Field,recover-20220922,001,1795
673.7475,673.7548,28046,37949,Eptesicus serotinus,0.008,0.023,-1,Echolocation,/mnt/ubna_data_02_mir/recover-20220922/UBNA_001/20220921_090000.WAV,Telephone Field,recover-20220922,001,1795
673.8015,673.8412,68437,82298,Rhinolophus ferrumequinum,0.022,0.022,-1,Echolocation,/mnt/ubna_data_02_mir/recover-20220922/UBNA_001/20220921_090000.WAV,Telephone Field,recover-20220922,001,1795
673.8095,673.8203,23750,28966,Nyctalus leisleri,0.012,0.026,-1,Echolocation,/mnt/ubna_data_02_mir/recover-20220922/UBNA_001/20220921_090000.WAV,Telephone Field,recover-20220922,001,1795
673.8145,673.8524,68437,81659,Rhinolophus ferrumequinum,0.021,0.021,-1,Echolocation,/mnt/ubna_data_02_mir/recover-20220922/UBNA_001/20220921_090000.WAV,Telephone Field,recover-20220922,001,1795
673.8405,673.8809,68437,81490,Rhinolophus ferrumequinum,0.023,0.023,-1,Echolocation,/mnt/ubna_data_02_mir/recover-20220922/UBNA_001/20220921_090000.WAV,Telephone Field,recover-20220922,001,1795
673.8765,673.8842,28046,37416,Eptesicus serotinus,0.008,0.021,-1,Echolocation,/mnt/ubna_data_02_mir/recover-20220922/UBNA_001/20220921_090000.WAV,Telephone Field,recover-20220922,001,1795
673.9575,673.9687,28046,34353,Eptesicus serotinus,0.03,0.05,-1,Echolocation,/mnt/ubna_data_02_mir/recover-20220922/UBNA_001/20220921_090000.WAV,Telephone Field,recover-20220922,001,1795
673.9655,673.9983,67578,78626,Rhinolophus ferrumequinum,0.02,0.02,-1,Echolocation,/mnt/ubna_data_02_mir/recover-20220922/UBNA_001/20220921_090000.WAV,Telephone Field,recover-20220922,001,1795
673.9835,673.9916,26328,37678,Eptesicus serotinus,0.012,0.032,-1,Echolocation,/mnt/ubna_data_02_mir/recover-20220922/UBNA_001/20220921_090000.WAV,Telephone Field,recover-20220922,001,1795
674.0015,674.0366,68437,79561,Rhinolophus ferrumequinum,0.055,0.056,-1,Echolocation,/mnt/ubna_data_02_mir/recover-20220922/UBNA_001/20220921_090000.WAV,Telephone Field,recover-20220922,001,1795
674.0015,674.0103,46953,53410,Pipistrellus pipistrellus,0.014,0.022,-1,Echolocation,/mnt/ubna_data_02_mir/recover-20220922/UBNA_001/20220921_090000.WAV,Telephone Field,recover-20220922,001,1795
674.0015,674.0105,23750,30587,Nyctalus leisleri,0.012,0.034,-1,Echolocation,/mnt/ubna_data_02_mir/recover-20220922/UBNA_001/20220921_090000.WAV,Telephone Field,recover-20220922,001,1795
674.0325,674.0394,24609,40237,Myotis nattereri,0.006,0.021,-1,Echolocation,/mnt/ubna_data_02_mir/recover-20220922/UBNA_001/20220921_090000.WAV,Telephone Field,recover-20220922,001,1795
674.0475,674.0546,28046,38146,Eptesicus serotinus,0.006,0.022,-1,Echolocation,/mnt/ubna_data_02_mir/recover-20220922/UBNA_001/20220921_090000.WAV,Telephone Field,recover-20220922,001,1795
674.0575,674.0962,68437,82534,Rhinolophus ferrumequinum,0.022,0.022,-1,Echolocation,/mnt/ubna_data_02_mir/recover-20220922/UBNA_001/20220921_090000.WAV,Telephone Field,recover-20220922,001,1795
674.0755,674.1162,68437,82753,Rhinolophus ferrumequinum,0.029,0.029,-1,Echolocation,/mnt/ubna_data_02_mir/recover-20220922/UBNA_001/20220921_090000.WAV,Telephone Field,recover-20220922,001,1795
674.0755,674.0826,47812,51162,Pipistrellus pipistrellus,0.022,0.023,-1,Echolocation,/mnt/ubna_data_02_mir/recover-20220922/UBNA_001/20220921_090000.WAV,Telephone Field,recover-20220922,001,1795
674.0875,674.094,24609,34434,Plecotus austriacus,0.024,0.05,-1,Echolocation,/mnt/ubna_data_02_mir/recover-20220922/UBNA_001/20220921_090000.WAV,Telephone Field,recover-20220922,001,1795
674.0955,674.1357,68437,82454,Rhinolophus ferrumequinum,0.023,0.023,-1,Echolocation,/mnt/ubna_data_02_mir/recover-20220922/UBNA_001/20220921_090000.WAV,Telephone Field,recover-20220922,001,1795
674.1365,674.1756,68437,82046,Rhinolophus ferrumequinum,0.023,0.023,-1,Echolocation,/mnt/ubna_data_02_mir/recover-20220922/UBNA_001/20220921_090000.WAV,Telephone Field,recover-20220922,001,1795
674.1365,674.1462,45234,48677,Pipistrellus pipistrellus,0.025,0.027,-1,Echolocation,/mnt/ubna_data_02_mir/recover-20220922/UBNA_001/20220921_090000.WAV,Telephone Field,recover-20220922,001,1795
674.1695,674.1758,25468,39337,Myotis nattereri,0.005,0.022,-1,Echolocation,/mnt/ubna_data_02_mir/recover-20220922/UBNA_001/20220921_090000.WAV,Telephone Field,recover-20220922,001,1795
674.1955,674.2309,68437,81855,Rhinolophus ferrumequinum,0.036,0.036,-1,Echolocation,/mnt/ubna_data_02_mir/recover-20220922/UBNA_001/20220921_090000.WAV,Telephone Field,recover-20220922,001,1795
674.2045,674.2415,68437,81556,Rhinolophus ferrumequinum,0.022,0.022,-1,Echolocation,/mnt/ubna_data_02_mir/recover-20220922/UBNA_001/20220921_090000.WAV,Telephone Field,recover-20220922,001,1795
674.2235,674.2637,68437,82443,Rhinolophus ferrumequinum,0.028,0.028,-1,Echolocation,/mnt/ubna_data_02_mir/recover-20220922/UBNA_001/20220921_090000.WAV,Telephone Field,recover-20220922,001,1795
674.3015,674.3099,27187,39971,Eptesicus serotinus,0.007,0.02,-1,Echolocation,/mnt/ubna_data_02_mir/recover-20220922/UBNA_001/20220921_090000.WAV,Telephone Field,recover-20220922,001,1795
674.3185,674.3579,68437,81811,Rhinolophus ferrumequinum,0.023,0.023,-1,Echolocation,/mnt/ubna_data_02_mir/recover-20220922/UBNA_001/20220921_090000.WAV,Telephone Field,recover-20220922,001,1795
674.3355,674.3741,68437,81623,Rhinolophus ferrumequinum,0.02,0.02,-1,Echolocation,/mnt/ubna_data_02_mir/recover-20220922/UBNA_001/20220921_090000.WAV,Telephone Field,recover-20220922,001,1795
674.3355,674.3486,23750,28265,Nyctalus leisleri,0.14,0.272,-1,Echolocation,/mnt/ubna_data_02_mir/recover-20220922/UBNA_001/20220921_090000.WAV,Telephone Field,recover-20220922,001,1795
674.3555,674.3955,68437,82450,Rhinolophus ferrumequinum,0.022,0.022,-1,Echolocation,/mnt/ubna_data_02_mir/recover-20220922/UBNA_001/20220921_090000.WAV,Telephone Field,recover-20220922,001,1795
674.3565,674.3664,28906,39490,Eptesicus serotinus,0.008,0.021,-1,Echolocation,/mnt/ubna_data_02_mir/recover-20220922/UBNA_001/20220921_090000.WAV,Telephone Field,recover-20220922,001,1795
674.3615,674.3702,28046,39971,Eptesicus serotinus,0.007,0.021,-1,Echolocation,/mnt/ubna_data_02_mir/recover-20220922/UBNA_001/20220921_090000.WAV,Telephone Field,recover-20220922,001,1795
674.3875,674.3964,27187,35686,Eptesicus serotinus,0.008,0.02,-1,Echolocation,/mnt/ubna_data_02_mir/recover-20220922/UBNA_001/20220921_090000.WAV,Telephone Field,recover-20220922,001,1795
674.3915,674.4303,68437,82304,Rhinolophus ferrumequinum,0.025,0.025,-1,Echolocation,/mnt/ubna_data_02_mir/recover-20220922/UBNA_001/20220921_090000.WAV,Telephone Field,recover-20220922,001,1795
674.4385,674.476,68437,81540,Rhinolophus ferrumequinum,0.02,0.02,-1,Echolocation,/mnt/ubna_data_02_mir/recover-20220922/UBNA_001/20220921_090000.WAV,Telephone Field,recover-20220922,001,1795
674.4645,674.4763,22890,27919,Nyctalus leisleri,0.013,0.026,-1,Echolocation,/mnt/ubna_data_02_mir/recover-20220922/UBNA_001/20220921_090000.WAV,Telephone Field,recover-20220922,001,1795
674.4735,674.4899,21171,24152,Nyctalus leisleri,0.014,0.021,-1,Echolocation,/mnt/ubna_data_02_mir/recover-20220922/UBNA_001/20220921_090000.WAV,Telephone Field,recover-20220922,001,1795
674.4805,674.5162,68437,80755,Rhinolophus ferrumequinum,0.02,0.02,-1,Echolocation,/mnt/ubna_data_02_mir/recover-20220922/UBNA_001/20220921_090000.WAV,Telephone Field,recover-20220922,001,1795
674.4935,674.5331,68437,81848,Rhinolophus ferrumequinum,0.022,0.022,-1,Echolocation,/mnt/ubna_data_02_mir/recover-20220922/UBNA_001/20220921_090000.WAV,Telephone Field,recover-20220922,001,1795
674.4975,674.5058,48671,52885,Pipistrellus pipistrellus,0.025,0.027,-1,Echolocation,/mnt/ubna_data_02_mir/recover-20220922/UBNA_001/20220921_090000.WAV,Telephone Field,recover-20220922,001,1795
674.5775,674.5841,28046,44671,Eptesicus serotinus,0.007,0.024,-1,Echolocation,/mnt/ubna_data_02_mir/recover-20220922/UBNA_001/20220921_090000.WAV,Telephone Field,recover-20220922,001,1795
674.5885,674.6287,68437,82191,Rhinolophus ferrumequinum,0.023,0.023,-1,Echolocation,/mnt/ubna_data_02_mir/recover-20220922/UBNA_001/20220921_090000.WAV,Telephone Field,recover-20220922,001,1795
674.6195,674.6369,19453,22581,Nyctalus leisleri,0.015,0.027,-1,Echolocation,/mnt/ubna_data_02_mir/recover-20220922/UBNA_001/20220921_090000.WAV,Telephone Field,recover-20220922,001,1795
674.6365,674.6739,68437,82101,Rhinolophus ferrumequinum,0.023,0.023,-1,Echolocation,/mnt/ubna_data_02_mir/recover-20220922/UBNA_001/20220921_090000.WAV,Telephone Field,recover-20220922,001,1795
674.6415,674.6808,68437,82486,Rhinolophus ferrumequinum,0.024,0.024,-1,Echolocation,/mnt/ubna_data_02_mir/recover-20220922/UBNA_001/20220921_090000.WAV,Telephone Field,recover-20220922,001,1795
674.6785,674.7183,68437,82193,Rhinolophus ferrumequinum,0.024,0.025,-1,Echolocation,/mnt/ubna_data_02_mir/recover-20220922/UBNA_001/20220921_090000.WAV,Telephone Field,recover-20220922,001,1795
674.6845,674.7244,68437,82525,Rhinolophus ferrumequinum,0.025,0.025,-1,Echolocation,/mnt/ubna_data_02_mir/recover-20220922/UBNA_001/20220921_090000.WAV,Telephone Field,recover-20220922,001,1795
674.6965,674.7029,28046,41893,Eptesicus serotinus,0.007,0.026,-1,Echolocation,/mnt/ubna_data_02_mir/recover-20220922/UBNA_001/20220921_090000.WAV,Telephone Field,recover-20220922,001,1795
674.7125,674.7511,68437,82434,Rhinolophus ferrumequinum,0.022,0.022,-1,Echolocation,/mnt/ubna_data_02_mir/recover-20220922/UBNA_001/20220921_090000.WAV,Telephone Field,recover-20220922,001,1795
674.7355,674.7735,68437,82055,Rhinolophus ferrumequinum,0.024,0.024,-1,Echolocation,/mnt/ubna_data_02_mir/recover-20220922/UBNA_001/20220921_090000.WAV,Telephone Field,recover-20220922,001,1795
674.7565,674.7647,28046,40926,Eptesicus serotinus,0.007,0.02,-1,Echolocation,/mnt/ubna_data_02_mir/recover-20220922/UBNA_001/20220921_090000.WAV,Telephone Field,recover-20220922,001,1795
674.7575,674.7963,68437,82230,Rhinolophus ferrumequinum,0.026,0.026,-1,Echolocation,/mnt/ubna_data_02_mir/recover-20220922/UBNA_001/20220921_090000.WAV,Telephone Field,recover-20220922,001,1795
674.7695,674.7794,28046,38536,Eptesicus serotinus,0.01,0.023,-1,Echolocation,/mnt/ubna_data_02_mir/recover-20220922/UBNA_001/20220921_090000.WAV,Telephone Field,recover-20220922,001,1795
674.7775,674.7842,29765,38685,Eptesicus serotinus,0.007,0.026,-1,Echolocation,/mnt/ubna_data_02_mir/recover-20220922/UBNA_001/20220921_090000.WAV,Telephone Field,recover-20220922,001,1795
674.8075,674.8474,68437,82350,Rhinolophus ferrumequinum,0.026,0.026,-1,Echolocation,/mnt/ubna_data_02_mir/recover-20220922/UBNA_001/20220921_090000.WAV,Telephone Field,recover-20220922,001,1795
674.8445,674.855,22890,28692,Nyctalus leisleri,0.01,0.023,-1,Echolocation,/mnt/ubna_data_02_mir/recover-20220922/UBNA_001/20220921_090000.WAV,Telephone Field,recover-20220922,001,1795
674.8515,674.8888,68437,81868,Rhinolophus ferrumequinum,0.025,0.025,-1,Echolocation,/mnt/ubna_data_02_mir/recover-20220922/UBNA_001/20220921_090000.WAV,Telephone Field,recover-20220922,001,1795
674.8625,674.8755,24609,29115,Nyctalus leisleri,0.012,0.026,-1,Echolocation,/mnt/ubna_data_02_mir/recover-20220922/UBNA_001/20220921_090000.WAV,Telephone Field,recover-20220922,001,1795
674.8785,674.9158,68437,82371,Rhinolophus ferrumequinum,0.021,0.021,-1,Echolocation,/mnt/ubna_data_02_mir/recover-20220922/UBNA_001/20220921_090000.WAV,Telephone Field,recover-20220922,001,1795
674.8945,674.933,68437,81831,Rhinolophus ferrumequinum,0.023,0.023,-1,Echolocation,/mnt/ubna_data_02_mir/recover-20220922/UBNA_001/20220921_090000.WAV,Telephone Field,recover-20220922,001,1795
674.9065,674.9401,68437,80927,Rhinolophus ferrumequinum,0.021,0.021,-1,Echolocation,/mnt/ubna_data_02_mir/recover-20220922/UBNA_001/20220921_090000.WAV,Telephone Field,recover-20220922,001,1795
674.9285,674.9656,68437,81690,Rhinolophus ferrumequinum,0.026,0.026,-1,Echolocation,/mnt/ubna_data_02_mir/recover-20220922/UBNA_001/20220921_090000.WAV,Telephone Field,recover-20220922,001,1795
674.9295,674.9386,28046,39699,Eptesicus serotinus,0.009,0.024,-1,Echolocation,/mnt/ubna_data_02_mir/recover-20220922/UBNA_001/20220921_090000.WAV,Telephone Field,recover-20220922,001,1795
674.9565,674.9684,26328,33091,Eptesicus serotinus,0.013,0.026,-1,Echolocation,/mnt/ubna_data_02_mir/recover-20220922/UBNA_001/20220921_090000.WAV,Telephone Field,recover-20220922,001,1795
674.9615,675.0034,68437,82570,Rhinolophus ferrumequinum,0.022,0.022,-1,Echolocation,/mnt/ubna_data_02_mir/recover-20220922/UBNA_001/20220921_090000.WAV,Telephone Field,recover-20220922,001,1795
675.0435,675.0782,68437,81412,Rhinolophus ferrumequinum,0.021,0.021,-1,Echolocation,/mnt/ubna_data_02_mir/recover-20220922/UBNA_001/20220921_090000.WAV,Telephone Field,recover-20220922,001,1795
675.0715,675.1091,68437,81327,Rhinolophus ferrumequinum,0.025,0.025,-1,Echolocation,/mnt/ubna_data_02_mir/recover-20220922/UBNA_001/20220921_090000.WAV,Telephone Field,recover-20220922,001,1795
675.0925,675.1371,68437,84056,Rhinolophus ferrumequinum,0.035,0.035,-1,Echolocation,/mnt/ubna_data_02_mir/recover-20220922/UBNA_001/20220921_090000.WAV,Telephone Field,recover-20220922,001,1795
675.1165,675.152,68437,81775,Rhinolophus ferrumequinum,0.023,0.023,-1,Echolocation,/mnt/ubna_data_02_mir/recover-20220922/UBNA_001/20220921_090000.WAV,Telephone Field,recover-20220922,001,1795
675.1345,675.1438,28046,38325,Eptesicus serotinus,0.011,0.028,-1,Echolocation,/mnt/ubna_data_02_mir/recover-20220922/UBNA_001/20220921_090000.WAV,Telephone Field,recover-20220922,001,1795
675.1405,675.1783,68437,81707,Rhinolophus ferrumequinum,0.021,0.021,-1,Echolocation,/mnt/ubna_data_02_mir/recover-20220922/UBNA_001/20220921_090000.WAV,Telephone Field,recover-20220922,001,1795
675.1485,675.1876,68437,82443,Rhinolophus ferrumequinum,0.022,0.022,-1,Echolocation,/mnt/ubna_data_02_mir/recover-20220922/UBNA_001/20220921_090000.WAV,Telephone Field,recover-20220922,001,1795
675.2125,675.223,28906,37350,Eptesicus serotinus,0.008,0.022,-1,Echolocation,/mnt/ubna_data_02_mir/recover-20220922/UBNA_001/20220921_090000.WAV,Telephone Field,recover-20220922,001,1795
675.2395,675.281,68437,82588,Rhinolophus ferrumequinum,0.022,0.022,-1,Echolocation,/mnt/ubna_data_02_mir/recover-20220922/UBNA_001/20220921_090000.WAV,Telephone Field,recover-20220922,001,1795
675.2605,675.2964,68437,79858,Rhinolophus ferrumequinum,0.022,0.022,-1,Echolocation,/mnt/ubna_data_02_mir/recover-20220922/UBNA_001/20220921_090000.WAV,Telephone Field,recover-20220922,001,1795
675.2955,675.333,68437,82285,Rhinolophus ferrumequinum,0.021,0.022,-1,Echolocation,/mnt/ubna_data_02_mir/recover-20220922/UBNA_001/20220921_090000.WAV,Telephone Field,recover-20220922,001,1795
675.3415,675.3798,68437,82225,Rhinolophus ferrumequinum,0.022,0.022,-1,Echolocation,/mnt/ubna_data_02_mir/recover-20220922/UBNA_001/20220921_090000.WAV,Telephone Field,recover-20220922,001,1795
675.3605,675.4021,68437,82904,Rhinolophus ferrumequinum,0.026,0.026,-1,Echolocation,/mnt/ubna_data_02_mir/recover-20220922/UBNA_001/20220921_090000.WAV,Telephone Field,recover-20220922,001,1795
675.3605,675.3717,55546,60161,Pipistrellus pygmaeus,0.02,0.023,-1,Echolocation,/mnt/ubna_data_02_mir/recover-20220922/UBNA_001/20220921_090000.WAV,Telephone Field,recover-20220922,001,1795
675.3615,675.3704,28906,37330,Eptesicus serotinus,0.009,0.024,-1,Echolocation,/mnt/ubna_data_02_mir/recover-20220922/UBNA_001/20220921_090000.WAV,Telephone Field,recover-20220922,001,1795
675.3895,675.3998,23750,30503,Nyctalus leisleri,0.008,0.021,-1,Echolocation,/mnt/ubna_data_02_mir/recover-20220922/UBNA_001/20220921_090000.WAV,Telephone Field,recover-20220922,001,1795
675.4125,675.4196,28046,40533,Eptesicus serotinus,0.006,0.021,-1,Echolocation,/mnt/ubna_data_02_mir/recover-20220922/UBNA_001/20220921_090000.WAV,Telephone Field,recover-20220922,001,1795
675.4445,675.4885,68437,83711,Rhinolophus ferrumequinum,0.029,0.029,-1,Echolocation,/mnt/ubna_data_02_mir/recover-20220922/UBNA_001/20220921_090000.WAV,Telephone Field,recover-20220922,001,1795
675.4515,675.4612,28046,36646,Eptesicus serotinus,0.009,0.022,-1,Echolocation,/mnt/ubna_data_02_mir/recover-20220922/UBNA_001/20220921_090000.WAV,Telephone Field,recover-20220922,001,1795
675.4705,675.5125,68437,82835,Rhinolophus ferrumequinum,0.024,0.025,-1,Echolocation,/mnt/ubna_data_02_mir/recover-20220922/UBNA_001/20220921_090000.WAV,Telephone Field,recover-20220922,001,1795
675.4945,675.5018,27187,39527,Eptesicus serotinus,0.008,0.026,-1,Echolocation,/mnt/ubna_data_02_mir/recover-20220922/UBNA_001/20220921_090000.WAV,Telephone Field,recover-20220922,001,1795
675.5025,675.54,68437,81856,Rhinolophus ferrumequinum,0.021,0.021,-1,Echolocation,/mnt/ubna_data_02_mir/recover-20220922/UBNA_001/20220921_090000.WAV,Telephone Field,recover-20220922,001,1795
675.5215,675.562,68437,82778,Rhinolophus ferrumequinum,0.021,0.021,-1,Echolocation,/mnt/ubna_data_02_mir/recover-20220922/UBNA_001/20220921_090000.WAV,Telephone Field,recover-20220922,001,1795
675.5385,675.573,68437,81237,Rhinolophus ferrumequinum,0.021,0.021,-1,Echolocation,/mnt/ubna_data_02_mir/recover-20220922/UBNA_001/20220921_090000.WAV,Telephone Field,recover-20220922,001,1795
675.5455,675.5823,68437,81916,Rhinolophus ferrumequinum,0.021,0.021,-1,Echolocation,/mnt/ubna_data_02_mir/recover-20220922/UBNA_001/20220921_090000.WAV,Telephone Field,recover-20220922,001,1795
675.5855,675.6234,68437,81466,Rhinolophus ferrumequinum,0.021,0.021,-1,Echolocation,/mnt/ubna_data_02_mir/recover-20220922/UBNA_001/20220921_090000.WAV,Telephone Field,recover-20220922,001,1795
675.5925,675.6007,27187,38944,Eptesicus serotinus,0.008,0.022,-1,Echolocation,/mnt/ubna_data_02_mir/recover-20220922/UBNA_001/20220921_090000.WAV,Telephone Field,recover-20220922,001,1795
675.6115,675.649,68437,81725,Rhinolophus ferrumequinum,0.022,0.022,-1,Echolocation,/mnt/ubna_data_02_mir/recover-20220922/UBNA_001/20220921_090000.WAV,Telephone Field,recover-20220922,001,1795
675.6335,675.6738,68437,82289,Rhinolophus ferrumequinum,0.021,0.021,-1,Echolocation,/mnt/ubna_data_02_mir/recover-20220922/UBNA_001/20220921_090000.WAV,Telephone Field,recover-20220922,001,1795
675.6395,675.6529,55546,60524,Pipistrellus pygmaeus,0.024,0.026,-1,Echolocation,/mnt/ubna_data_02_mir/recover-20220922/UBNA_001/20220921_090000.WAV,Telephone Field,recover-20220922,001,1795
675.6795,675.6887,25468,33033,Eptesicus serotinus,0.008,0.024,-1,Echolocation,/mnt/ubna_data_02_mir/recover-20220922/UBNA_001/20220921_090000.WAV,Telephone Field,recover-20220922,001,1795
675.6955,675.7033,28046,43375,Eptesicus serotinus,0.009,0.025,-1,Echolocation,/mnt/ubna_data_02_mir/recover-20220922/UBNA_001/20220921_090000.WAV,Telephone Field,recover-20220922,001,1795
675.6985,675.7106,40937,44289,Pipistrellus nathusii,0.077,0.101,-1,Echolocation,/mnt/ubna_data_02_mir/recover-20220922/UBNA_001/20220921_090000.WAV,Telephone Field,recover-20220922,001,1795
675.7215,675.761,68437,82364,Rhinolophus ferrumequinum,0.021,0.021,-1,Echolocation,/mnt/ubna_data_02_mir/recover-20220922/UBNA_001/20220921_090000.WAV,Telephone Field,recover-20220922,001,1795
675.7355,675.7436,28046,38873,Eptesicus serotinus,0.007,0.021,-1,Echolocation,/mnt/ubna_data_02_mir/recover-20220922/UBNA_001/20220921_090000.WAV,Telephone Field,recover-20220922,001,1795
675.7595,675.8021,68437,82445,Rhinolophus ferrumequinum,0.036,0.036,-1,Echolocation,/mnt/ubna_data_02_mir/recover-20220922/UBNA_001/20220921_090000.WAV,Telephone Field,recover-20220922,001,1795
675.7745,675.8109,68437,82245,Rhinolophus ferrumequinum,0.023,0.023,-1,Echolocation,/mnt/ubna_data_02_mir/recover-20220922/UBNA_001/20220921_090000.WAV,Telephone Field,recover-20220922,001,1795
675.7975,675.8049,26328,42262,Eptesicus serotinus,0.007,0.022,-1,Echolocation,/mnt/ubna_data_02_mir/recover-20220922/UBNA_001/20220921_090000.WAV,Telephone Field,recover-20220922,001,1795
675.8365,675.8462,28906,36580,Eptesicus serotinus,0.085,0.122,-1,Echolocation,/mnt/ubna_data_02_mir/recover-20220922/UBNA_001/20220921_090000.WAV,Telephone Field,recover-20220922,001,1795
675.8415,675.8789,68437,81798,Rhinolophus ferrumequinum,0.023,0.023,-1,Echolocation,/mnt/ubna_data_02_mir/recover-20220922/UBNA_001/20220921_090000.WAV,Telephone Field,recover-20220922,001,1795
675.8555,675.8642,24609,31817,Eptesicus serotinus,0.006,0.021,-1,Echolocation,/mnt/ubna_data_02_mir/recover-20220922/UBNA_001/20220921_090000.WAV,Telephone Field,recover-20220922,001,1795
675.8605,675.9019,68437,82816,Rhinolophus ferrumequinum,0.02,0.02,-1,Echolocation,/mnt/ubna_data_02_mir/recover-20220922/UBNA_001/20220921_090000.WAV,Telephone Field,recover-20220922,001,1795
675.9115,675.9499,68437,82339,Rhinolophus ferrumequinum,0.02,0.021,-1,Echolocation,/mnt/ubna_data_02_mir/recover-20220922/UBNA_001/20220921_090000.WAV,Telephone Field,recover-20220922,001,1795
675.9185,675.9561,68437,82582,Rhinolophus ferrumequinum,0.021,0.021,-1,Echolocation,/mnt/ubna_data_02_mir/recover-20220922/UBNA_001/20220921_090000.WAV,Telephone Field,recover-20220922,001,1795
675.9465,675.9822,68437,81685,Rhinolophus ferrumequinum,0.02,0.02,-1,Echolocation,/mnt/ubna_data_02_mir/recover-20220922/UBNA_001/20220921_090000.WAV,Telephone Field,recover-20220922,001,1795
676.0015,676.0159,16875,22598,Nyctalus noctula,0.014,0.033,-1,Echolocation,/mnt/ubna_data_02_mir/recover-20220922/UBNA_001/20220921_090000.WAV,Telephone Field,recover-20220922,001,1795
676.0025,676.0423,68437,81959,Rhinolophus ferrumequinum,0.033,0.034,-1,Echolocation,/mnt/ubna_data_02_mir/recover-20220922/UBNA_001/20220921_090000.WAV,Telephone Field,recover-20220922,001,1795
676.0075,676.0488,68437,81530,Rhinolophus ferrumequinum,0.022,0.022,-1,Echolocation,/mnt/ubna_data_02_mir/recover-20220922/UBNA_001/20220921_090000.WAV,Telephone Field,recover-20220922,001,1795
676.0075,676.0164,14296,21878,Plecotus auritus,0.019,0.037,-1,Echolocation,/mnt/ubna_data_02_mir/recover-20220922/UBNA_001/20220921_090000.WAV,Telephone Field,recover-20220922,001,1795
676.0205,676.0601,68437,82097,Rhinolophus ferrumequinum,0.025,0.026,-1,Echolocation,/mnt/ubna_data_02_mir/recover-20220922/UBNA_001/20220921_090000.WAV,Telephone Field,recover-20220922,001,1795
676.0335,676.0418,25468,33597,Eptesicus serotinus,0.007,0.021,-1,Echolocation,/mnt/ubna_data_02_mir/recover-20220922/UBNA_001/20220921_090000.WAV,Telephone Field,recover-20220922,001,1795
676.0525,676.0907,68437,82625,Rhinolophus ferrumequinum,0.024,0.024,-1,Echolocation,/mnt/ubna_data_02_mir/recover-20220922/UBNA_001/20220921_090000.WAV,Telephone Field,recover-20220922,001,1795
676.0605,676.0974,68437,82047,Rhinolophus ferrumequinum,0.021,0.021,-1,Echolocation,/mnt/ubna_data_02_mir/recover-20220922/UBNA_001/20220921_090000.WAV,Telephone Field,recover-20220922,001,1795
676.0685,676.0767,28046,38179,Eptesicus serotinus,0.008,0.021,-1,Echolocation,/mnt/ubna_data_02_mir/recover-20220922/UBNA_001/20220921_090000.WAV,Telephone Field,recover-20220922,001,1795
676.0955,676.1034,23750,31616,Plecotus austriacus,0.008,0.023,-1,Echolocation,/mnt/ubna_data_02_mir/recover-20220922/UBNA_001/20220921_090000.WAV,Telephone Field,recover-20220922,001,1795
676.1695,676.2108,68437,83059,Rhinolophus ferrumequinum,0.03,0.03,-1,Echolocation,/mnt/ubna_data_02_mir/recover-20220922/UBNA_001/20220921_090000.WAV,Telephone Field,recover-20220922,001,1795
676.2045,676.244,68437,81975,Rhinolophus ferrumequinum,0.023,0.023,-1,Echolocation,/mnt/ubna_data_02_mir/recover-20220922/UBNA_001/20220921_090000.WAV,Telephone Field,recover-20220922,001,1795
676.2325,676.2707,68437,81900,Rhinolophus ferrumequinum,0.023,0.023,-1,Echolocation,/mnt/ubna_data_02_mir/recover-20220922/UBNA_001/20220921_090000.WAV,Telephone Field,recover-20220922,001,1795
676.2355,676.2449,27187,35910,Eptesicus serotinus,0.009,0.022,-1,Echolocation,/mnt/ubna_data_02_mir/recover-20220922/UBNA_001/20220921_090000.WAV,Telephone Field,recover-20220922,001,1795
676.2615,676.2999,68437,82655,Rhinolophus ferrumequinum,0.031,0.031,-1,Echolocation,/mnt/ubna_data_02_mir/recover-20220922/UBNA_001/20220921_090000.WAV,Telephone Field,recover-20220922,001,1795
676.2695,676.2796,23750,30199,Nyctalus leisleri,0.008,0.022,-1,Echolocation,/mnt/ubna_data_02_mir/recover-20220922/UBNA_001/20220921_090000.WAV,Telephone Field,recover-20220922,001,1795
676.2845,676.3235,68437,82407,Rhinolophus ferrumequinum,0.022,0.022,-1,Echolocation,/mnt/ubna_data_02_mir/recover-20220922/UBNA_001/20220921_090000.WAV,Telephone Field,recover-20220922,001,1795
676.3095,676.3265,22031,26323,Nyctalus leisleri,0.016,0.029,-1,Echolocation,/mnt/ubna_data_02_mir/recover-20220922/UBNA_001/20220921_090000.WAV,Telephone Field,recover-20220922,001,1795
676.3165,676.3273,23750,28986,Nyctalus leisleri,0.013,0.028,-1,Echolocation,/mnt/ubna_data_02_mir/recover-20220922/UBNA_001/20220921_090000.WAV,Telephone Field,recover-20220922,001,1795
676.3565,676.3665,24609,31851,Eptesicus serotinus,0.008,0.021,-1,Echolocation,/mnt/ubna_data_02_mir/recover-20220922/UBNA_001/20220921_090000.WAV,Telephone Field,recover-20220922,001,1795
676.3655,676.4043,68437,81811,Rhinolophus ferrumequinum,0.025,0.025,-1,Echolocation,/mnt/ubna_data_02_mir/recover-20220922/UBNA_001/20220921_090000.WAV,Telephone Field,recover-20220922,001,1795
676.4045,676.4435,68437,81658,Rhinolophus ferrumequinum,0.03,0.03,-1,Echolocation,/mnt/ubna_data_02_mir/recover-20220922/UBNA_001/20220921_090000.WAV,Telephone Field,recover-20220922,001,1795
676.4425,676.4532,47812,51699,Pipistrellus pipistrellus,0.022,0.025,-1,Echolocation,/mnt/ubna_data_02_mir/recover-20220922/UBNA_001/20220921_090000.WAV,Telephone Field,recover-20220922,001,1795
676.4515,676.4601,27187,39939,Eptesicus serotinus,0.008,0.021,-1,Echolocation,/mnt/ubna_data_02_mir/recover-20220922/UBNA_001/20220921_090000.WAV,Telephone Field,recover-20220922,001,1795
676.4635,676.4704,28046,39879,Eptesicus serotinus,0.007,0.025,-1,Echolocation,/mnt/ubna_data_02_mir/recover-20220922/UBNA_001/20220921_090000.WAV,Telephone Field,recover-20220922,001,1795
676.5435,676.5533,24609,31781,Nyctalus leisleri,0.013,0.037,-1,Echolocation,/mnt/ubna_data_02_mir/recover-20220922/UBNA_001/20220921_090000.WAV,Telephone Field,recover-20220922,001,1795
676.5435,676.5851,68437,82697,Rhinolophus ferrumequinum,0.027,0.027,-1,Echolocation,/mnt/ubna_data_02_mir/recover-20220922/UBNA_001/20220921_090000.WAV,Telephone Field,recover-20220922,001,1795
676.5935,676.6303,68437,82102,Rhinolophus ferrumequinum,0.021,0.021,-1,Echolocation,/mnt/ubna_data_02_mir/recover-20220922/UBNA_001/20220921_090000.WAV,Telephone Field,recover-20220922,001,1795
676.6025,676.6128,22890,29576,Nyctalus leisleri,0.01,0.028,-1,Echolocation,/mnt/ubna_data_02_mir/recover-20220922/UBNA_001/20220921_090000.WAV,Telephone Field,recover-20220922,001,1795
676.6275,676.6682,68437,82936,Rhinolophus ferrumequinum,0.022,0.022,-1,Echolocation,/mnt/ubna_data_02_mir/recover-20220922/UBNA_001/20220921_090000.WAV,Telephone Field,recover-20220922,001,1795
676.6545,676.6977,68437,82808,Rhinolophus ferrumequinum,0.021,0.021,-1,Echolocation,/mnt/ubna_data_02_mir/recover-20220922/UBNA_001/20220921_090000.WAV,Telephone Field,recover-20220922,001,1795
676.6895,676.7258,68437,81722,Rhinolophus ferrumequinum,0.021,0.021,-1,Echolocation,/mnt/ubna_data_02_mir/recover-20220922/UBNA_001/20220921_090000.WAV,Telephone Field,recover-20220922,001,1795
676.6915,676.6988,27187,37460,Eptesicus serotinus,0.01,0.028,-1,Echolocation,/mnt/ubna_data_02_mir/recover-20220922/UBNA_001/20220921_090000.WAV,Telephone Field,recover-20220922,001,1795
676.7135,676.7233,28906,35774,Eptesicus serotinus,0.011,0.026,-1,Echolocation,/mnt/ubna_data_02_mir/recover-20220922/UBNA_001/20220921_090000.WAV,Telephone Field,recover-20220922,001,1795
676.7445,676.7529,24609,33202,Eptesicus serotinus,0.009,0.035,-1,Echolocation,/mnt/ubna_data_02_mir/recover-20220922/UBNA_001/20220921_090000.WAV,Telephone Field,recover-20220922,001,1795
676.8015,676.8383,68437,82273,Rhinolophus ferrumequinum,0.022,0.022,-1,Echolocation,/mnt/ubna_data_02_mir/recover-20220922/UBNA_001/20220921_090000.WAV,Telephone Field,recover-20220922,001,1795
676.8165,676.8264,47812,50861,Pipistrellus pipistrellus,0.024,0.027,-1,Echolocation,/mnt/ubna_data_02_mir/recover-20220922/UBNA_001/20220921_090000.WAV,Telephone Field,recover-20220922,001,1795
676.8325,676.8453,28906,35478,Eptesicus serotinus,0.018,0.029,-1,Echolocation,/mnt/ubna_data_02_mir/recover-20220922/UBNA_001/20220921_090000.WAV,Telephone Field,recover-20220922,001,1795
676.8725,676.9111,68437,81643,Rhinolophus ferrumequinum,0.028,0.028,-1,Echolocation,/mnt/ubna_data_02_mir/recover-20220922/UBNA_001/20220921_090000.WAV,Telephone Field,recover-20220922,001,1795
676.8905,676.9294,68437,81820,Rhinolophus ferrumequinum,0.026,0.027,-1,Echolocation,/mnt/ubna_data_02_mir/recover-20220922/UBNA_001/20220921_090000.WAV,Telephone Field,recover-20220922,001,1795
676.9125,676.9571,68437,83780,Rhinolophus ferrumequinum,0.056,0.056,-1,Echolocation,/mnt/ubna_data_02_mir/recover-20220922/UBNA_001/20220921_090000.WAV,Telephone Field,recover-20220922,001,1795
676.9195,676.9375,16875,21226,Nyctalus noctula,0.015,0.022,-1,Echolocation,/mnt/ubna_data_02_mir/recover-20220922/UBNA_001/20220921_090000.WAV,Telephone Field,recover-20220922,001,1795
676.9395,676.9776,68437,82655,Rhinolophus ferrumequinum,0.022,0.022,-1,Echolocation,/mnt/ubna_data_02_mir/recover-20220922/UBNA_001/20220921_090000.WAV,Telephone Field,recover-20220922,001,1795
676.9465,676.957,28046,35846,Eptesicus serotinus,0.02,0.035,-1,Echolocation,/mnt/ubna_data_02_mir/recover-20220922/UBNA_001/20220921_090000.WAV,Telephone Field,recover-20220922,001,1795
676.9485,676.9854,68437,81659,Rhinolophus ferrumequinum,0.021,0.022,-1,Echolocation,/mnt/ubna_data_02_mir/recover-20220922/UBNA_001/20220921_090000.WAV,Telephone Field,recover-20220922,001,1795
676.9525,676.9651,40078,43769,Pipistrellus nathusii,0.043,0.06,-1,Echolocation,/mnt/ubna_data_02_mir/recover-20220922/UBNA_001/20220921_090000.WAV,Telephone Field,recover-20220922,001,1795
676.9825,677.0211,68437,81048,Rhinolophus ferrumequinum,0.021,0.021,-1,Echolocation,/mnt/ubna_data_02_mir/recover-20220922/UBNA_001/20220921_090000.WAV,Telephone Field,recover-20220922,001,1795
676.9935,677.0248,68437,81061,Rhinolophus ferrumequinum,0.022,0.022,-1,Echolocation,/mnt/ubna_data_02_mir/recover-20220922/UBNA_001/20220921_090000.WAV,Telephone Field,recover-20220922,001,1795
677.0264999999999,677.0346,27187,39037,Eptesicus serotinus,0.008,0.023,-1,Echolocation,/mnt/ubna_data_02_mir/recover-20220922/UBNA_001/20220921_090000.WAV,Telephone Field,recover-20220922,001,1795
677.0355,677.0734,68437,81943,Rhinolophus ferrumequinum,0.021,0.021,-1,Echolocation,/mnt/ubna_data_02_mir/recover-20220922/UBNA_001/20220921_090000.WAV,Telephone Field,recover-20220922,001,1795
677.0415,677.0518,22890,29485,Nyctalus leisleri,0.009,0.027,-1,Echolocation,/mnt/ubna_data_02_mir/recover-20220922/UBNA_001/20220921_090000.WAV,Telephone Field,recover-20220922,001,1795
677.0875,677.1256,68437,81820,Rhinolophus ferrumequinum,0.021,0.021,-1,Echolocation,/mnt/ubna_data_02_mir/recover-20220922/UBNA_001/20220921_090000.WAV,Telephone Field,recover-20220922,001,1795
677.0905,677.1074,21171,24860,Nyctalus leisleri,0.014,0.024,-1,Echolocation,/mnt/ubna_data_02_mir/recover-20220922/UBNA_001/20220921_090000.WAV,Telephone Field,recover-20220922,001,1795
677.0955,677.1122,20312,23792,Nyctalus leisleri,0.014,0.024,-1,Echolocation,/mnt/ubna_data_02_mir/recover-20220922/UBNA_001/20220921_090000.WAV,Telephone Field,recover-20220922,001,1795
677.1115,677.1202,27187,40548,Eptesicus serotinus,0.008,0.021,-1,Echolocation,/mnt/ubna_data_02_mir/recover-20220922/UBNA_001/20220921_090000.WAV,Telephone Field,recover-20220922,001,1795
677.1125,677.1506,68437,82312,Rhinolophus ferrumequinum,0.022,0.022,-1,Echolocation,/mnt/ubna_data_02_mir/recover-20220922/UBNA_001/20220921_090000.WAV,Telephone Field,recover-20220922,001,1795
677.1305,677.1712,68437,83198,Rhinolophus ferrumequinum,0.032,0.032,-1,Echolocation,/mnt/ubna_data_02_mir/recover-20220922/UBNA_001/20220921_090000.WAV,Telephone Field,recover-20220922,001,1795
677.1955,677.232,68437,81577,Rhinolophus ferrumequinum,0.023,0.023,-1,Echolocation,/mnt/ubna_data_02_mir/recover-20220922/UBNA_001/20220921_090000.WAV,Telephone Field,recover-20220922,001,1795
677.2055,677.2436,68437,82701,Rhinolophus ferrumequinum,0.022,0.022,-1,Echolocation,/mnt/ubna_data_02_mir/recover-20220922/UBNA_001/20220921_090000.WAV,Telephone Field,recover-20220922,001,1795
677.2265,677.267,68437,82551,Rhinolophus ferrumequinum,0.022,0.022,-1,Echolocation,/mnt/ubna_data_02_mir/recover-20220922/UBNA_001/20220921_090000.WAV,Telephone Field,recover-20220922,001,1795
677.2725,677.3085,68437,82680,Rhinolophus ferrumequinum,0.033,0.033,-1,Echolocation,/mnt/ubna_data_02_mir/recover-20220922/UBNA_001/20220921_090000.WAV,Telephone Field,recover-20220922,001,1795
677.2764999999999,677.2899,24609,30501,Eptesicus serotinus,0.017,0.04,-1,Echolocation,/mnt/ubna_data_02_mir/recover-20220922/UBNA_001/20220921_090000.WAV,Telephone Field,recover-20220922,001,1795
677.3475,677.3848,68437,82209,Rhinolophus ferrumequinum,0.029,0.029,-1,Echolocation,/mnt/ubna_data_02_mir/recover-20220922/UBNA_001/20220921_090000.WAV,Telephone Field,recover-20220922,001,1795
677.3965,677.4356,68437,82663,Rhinolophus ferrumequinum,0.03,0.03,-1,Echolocation,/mnt/ubna_data_02_mir/recover-20220922/UBNA_001/20220921_090000.WAV,Telephone Field,recover-20220922,001,1795
677.4155,677.4228,22890,30993,Plecotus austriacus,0.013,0.028,-1,Echolocation,/mnt/ubna_data_02_mir/recover-20220922/UBNA_001/20220921_090000.WAV,Telephone Field,recover-20220922,001,1795
677.4305,677.4678,68437,81432,Rhinolophus ferrumequinum,0.022,0.022,-1,Echolocation,/mnt/ubna_data_02_mir/recover-20220922/UBNA_001/20220921_090000.WAV,Telephone Field,recover-20220922,001,1795
677.4475,677.4654,20312,24658,Nyctalus noctula,0.018,0.038,-1,Echolocation,/mnt/ubna_data_02_mir/recover-20220922/UBNA_001/20220921_090000.WAV,Telephone Field,recover-20220922,001,1795
677.4775,677.5163,68437,82668,Rhinolophus ferrumequinum,0.028,0.028,-1,Echolocation,/mnt/ubna_data_02_mir/recover-20220922/UBNA_001/20220921_090000.WAV,Telephone Field,recover-20220922,001,1795
677.4815,677.4896,28046,38071,Eptesicus serotinus,0.007,0.021,-1,Echolocation,/mnt/ubna_data_02_mir/recover-20220922/UBNA_001/20220921_090000.WAV,Telephone Field,recover-20220922,001,1795
677.5055,677.5121,29765,39558,Eptesicus serotinus,0.016,0.043,-1,Echolocation,/mnt/ubna_data_02_mir/recover-20220922/UBNA_001/20220921_090000.WAV,Telephone Field,recover-20220922,001,1795
677.5385,677.5515,25468,31783,Eptesicus serotinus,0.017,0.032,-1,Echolocation,/mnt/ubna_data_02_mir/recover-20220922/UBNA_001/20220921_090000.WAV,Telephone Field,recover-20220922,001,1795
677.5455,677.5844,68437,82669,Rhinolophus ferrumequinum,0.029,0.029,-1,Echolocation,/mnt/ubna_data_02_mir/recover-20220922/UBNA_001/20220921_090000.WAV,Telephone Field,recover-20220922,001,1795
677.5725,677.6095,68437,81343,Rhinolophus ferrumequinum,0.025,0.025,-1,Echolocation,/mnt/ubna_data_02_mir/recover-20220922/UBNA_001/20220921_090000.WAV,Telephone Field,recover-20220922,001,1795
677.5745,677.5837,28906,37548,Eptesicus serotinus,0.008,0.021,-1,Echolocation,/mnt/ubna_data_02_mir/recover-20220922/UBNA_001/20220921_090000.WAV,Telephone Field,recover-20220922,001,1795
677.6245,677.666,68437,82742,Rhinolophus ferrumequinum,0.028,0.028,-1,Echolocation,/mnt/ubna_data_02_mir/recover-20220922/UBNA_001/20220921_090000.WAV,Telephone Field,recover-20220922,001,1795
677.6795,677.6874,23750,32567,Plecotus austriacus,0.01,0.024,-1,Echolocation,/mnt/ubna_data_02_mir/recover-20220922/UBNA_001/20220921_090000.WAV,Telephone Field,recover-20220922,001,1795
677.7005,677.7148,44375,47017,Pipistrellus pipistrellus,0.043,0.051,-1,Echolocation,/mnt/ubna_data_02_mir/recover-20220922/UBNA_001/20220921_090000.WAV,Telephone Field,recover-20220922,001,1795
677.7545,677.7621,28046,41999,Eptesicus serotinus,0.007,0.022,-1,Echolocation,/mnt/ubna_data_02_mir/recover-20220922/UBNA_001/20220921_090000.WAV,Telephone Field,recover-20220922,001,1795
677.7785,677.8127,68437,81361,Rhinolophus ferrumequinum,0.022,0.022,-1,Echolocation,/mnt/ubna_data_02_mir/recover-20220922/UBNA_001/20220921_090000.WAV,Telephone Field,recover-20220922,001,1795
677.7995,677.835,68437,81651,Rhinolophus ferrumequinum,0.022,0.022,-1,Echolocation,/mnt/ubna_data_02_mir/recover-20220922/UBNA_001/20220921_090000.WAV,Telephone Field,recover-20220922,001,1795
677.8525,677.8882,68437,81713,Rhinolophus ferrumequinum,0.036,0.036,-1,Echolocation,/mnt/ubna_data_02_mir/recover-20220922/UBNA_001/20220921_090000.WAV,Telephone Field,recover-20220922,001,1795
677.8625,677.9023,68437,81976,Rhinolophus ferrumequinum,0.024,0.025,-1,Echolocation,/mnt/ubna_data_02_mir/recover-20220922/UBNA_001/20220921_090000.WAV,Telephone Field,recover-20220922,001,1795
677.9195,677.9611,68437,82765,Rhinolophus ferrumequinum,0.027,0.027,-1,Echolocation,/mnt/ubna_data_02_mir/recover-20220922/UBNA_001/20220921_090000.WAV,Telephone Field,recover-20220922,001,1795
677.9385,677.9463,23750,32874,Plecotus austriacus,0.008,0.022,-1,Echolocation,/mnt/ubna_data_02_mir/recover-20220922/UBNA_001/20220921_090000.WAV,Telephone Field,recover-20220922,001,1795
677.9535,677.9909,68437,81940,Rhinolophus ferrumequinum,0.022,0.022,-1,Echolocation,/mnt/ubna_data_02_mir/recover-20220922/UBNA_001/20220921_090000.WAV,Telephone Field,recover-20220922,001,1795
677.9575,677.9666,49531,53689,Pipistrellus pipistrellus,0.024,0.029,-1,Echolocation,/mnt/ubna_data_02_mir/recover-20220922/UBNA_001/20220921_090000.WAV,Telephone Field,recover-20220922,001,1795
677.9825,677.9923,22890,29240,Nyctalus leisleri,0.008,0.021,-1,Echolocation,/mnt/ubna_data_02_mir/recover-20220922/UBNA_001/20220921_090000.WAV,Telephone Field,recover-20220922,001,1795
678.0015,678.0345,69296,81206,Rhinolophus ferrumequinum,0.03,0.03,-1,Echolocation,/mnt/ubna_data_02_mir/recover-20220922/UBNA_001/20220921_090000.WAV,Telephone Field,recover-20220922,001,1795
678.0015,678.0115,27187,35597,Eptesicus serotinus,0.011,0.032,-1,Echolocation,/mnt/ubna_data_02_mir/recover-20220922/UBNA_001/20220921_090000.WAV,Telephone Field,recover-20220922,001,1795
678.0085,678.0477,68437,80858,Rhinolophus ferrumequinum,0.023,0.023,-1,Echolocation,/mnt/ubna_data_02_mir/recover-20220922/UBNA_001/20220921_090000.WAV,Telephone Field,recover-20220922,001,1795
678.0475,678.0553,28906,40944,Eptesicus serotinus,0.009,0.023,-1,Echolocation,/mnt/ubna_data_02_mir/recover-20220922/UBNA_001/20220921_090000.WAV,Telephone Field,recover-20220922,001,1795
678.0605,678.1012,68437,82642,Rhinolophus ferrumequinum,0.025,0.025,-1,Echolocation,/mnt/ubna_data_02_mir/recover-20220922/UBNA_001/20220921_090000.WAV,Telephone Field,recover-20220922,001,1795
678.0715,678.0808,28046,38250,Eptesicus serotinus,0.009,0.024,-1,Echolocation,/mnt/ubna_data_02_mir/recover-20220922/UBNA_001/20220921_090000.WAV,Telephone Field,recover-20220922,001,1795
678.0865,678.1274,68437,81895,Rhinolophus ferrumequinum,0.025,0.025,-1,Echolocation,/mnt/ubna_data_02_mir/recover-20220922/UBNA_001/20220921_090000.WAV,Telephone Field,recover-20220922,001,1795
678.1195,678.1576,68437,81666,Rhinolophus ferrumequinum,0.022,0.022,-1,Echolocation,/mnt/ubna_data_02_mir/recover-20220922/UBNA_001/20220921_090000.WAV,Telephone Field,recover-20220922,001,1795
678.1295,678.1654,68437,81497,Rhinolophus ferrumequinum,0.021,0.022,-1,Echolocation,/mnt/ubna_data_02_mir/recover-20220922/UBNA_001/20220921_090000.WAV,Telephone Field,recover-20220922,001,1795
678.1305,678.149,21171,24295,Nyctalus leisleri,0.013,0.023,-1,Echolocation,/mnt/ubna_data_02_mir/recover-20220922/UBNA_001/20220921_090000.WAV,Telephone Field,recover-20220922,001,1795
678.1365,678.1471,23750,29207,Nyctalus leisleri,0.01,0.022,-1,Echolocation,/mnt/ubna_data_02_mir/recover-20220922/UBNA_001/20220921_090000.WAV,Telephone Field,recover-20220922,001,1795
678.1385,678.1796,68437,82775,Rhinolophus ferrumequinum,0.024,0.024,-1,Echolocation,/mnt/ubna_data_02_mir/recover-20220922/UBNA_001/20220921_090000.WAV,Telephone Field,recover-20220922,001,1795
678.1575,678.1991,68437,83080,Rhinolophus ferrumequinum,0.026,0.027,-1,Echolocation,/mnt/ubna_data_02_mir/recover-20220922/UBNA_001/20220921_090000.WAV,Telephone Field,recover-20220922,001,1795
678.1915,678.2307,68437,82129,Rhinolophus ferrumequinum,0.022,0.022,-1,Echolocation,/mnt/ubna_data_02_mir/recover-20220922/UBNA_001/20220921_090000.WAV,Telephone Field,recover-20220922,001,1795
678.2055,678.2445,68437,82008,Rhinolophus ferrumequinum,0.022,0.022,-1,Echolocation,/mnt/ubna_data_02_mir/recover-20220922/UBNA_001/20220921_090000.WAV,Telephone Field,recover-20220922,001,1795
678.2155,678.2525,68437,81731,Rhinolophus ferrumequinum,0.022,0.022,-1,Echolocation,/mnt/ubna_data_02_mir/recover-20220922/UBNA_001/20220921_090000.WAV,Telephone Field,recover-20220922,001,1795
678.2225,678.261,68437,81763,Rhinolophus ferrumequinum,0.022,0.023,-1,Echolocation,/mnt/ubna_data_02_mir/recover-20220922/UBNA_001/20220921_090000.WAV,Telephone Field,recover-20220922,001,1795
678.2265,678.2333,46093,51432,Pipistrellus pipistrellus,0.04,0.042,-1,Echolocation,/mnt/ubna_data_02_mir/recover-20220922/UBNA_001/20220921_090000.WAV,Telephone Field,recover-20220922,001,1795
678.2465,678.2876,68437,82636,Rhinolophus ferrumequinum,0.023,0.023,-1,Echolocation,/mnt/ubna_data_02_mir/recover-20220922/UBNA_001/20220921_090000.WAV,Telephone Field,recover-20220922,001,1795
678.2915,678.3285,68437,82041,Rhinolophus ferrumequinum,0.022,0.022,-1,Echolocation,/mnt/ubna_data_02_mir/recover-20220922/UBNA_001/20220921_090000.WAV,Telephone Field,recover-20220922,001,1795
678.2945,678.3025,28046,41581,Eptesicus serotinus,0.008,0.022,-1,Echolocation,/mnt/ubna_data_02_mir/recover-20220922/UBNA_001/20220921_090000.WAV,Telephone Field,recover-20220922,001,1795
678.3105,678.3209,27187,34286,Eptesicus serotinus,0.012,0.024,-1,Echolocation,/mnt/ubna_data_02_mir/recover-20220922/UBNA_001/20220921_090000.WAV,Telephone Field,recover-20220922,001,1795
678.3515,678.3863,68437,81271,Rhinolophus ferrumequinum,0.022,0.022,-1,Echolocation,/mnt/ubna_data_02_mir/recover-20220922/UBNA_001/20220921_090000.WAV,Telephone Field,recover-20220922,001,1795
678.3615,678.3701,28906,36558,Eptesicus serotinus,0.01,0.028,-1,Echolocation,/mnt/ubna_data_02_mir/recover-20220922/UBNA_001/20220921_090000.WAV,Telephone Field,recover-20220922,001,1795
678.3915,678.3992,28046,49816,Eptesicus serotinus,0.009,0.024,-1,Echolocation,/mnt/ubna_data_02_mir/recover-20220922/UBNA_001/20220921_090000.WAV,Telephone Field,recover-20220922,001,1795
678.4375,678.4481,22890,29286,Nyctalus leisleri,0.01,0.025,-1,Echolocation,/mnt/ubna_data_02_mir/recover-20220922/UBNA_001/20220921_090000.WAV,Telephone Field,recover-20220922,001,1795
678.4535,678.4933,68437,82417,Rhinolophus ferrumequinum,0.027,0.027,-1,Echolocation,/mnt/ubna_data_02_mir/recover-20220922/UBNA_001/20220921_090000.WAV,Telephone Field,recover-20220922,001,1795
678.4715,678.5091,68437,81795,Rhinolophus ferrumequinum,0.022,0.022,-1,Echolocation,/mnt/ubna_data_02_mir/recover-20220922/UBNA_001/20220921_090000.WAV,Telephone Field,recover-20220922,001,1795
678.4845,678.4925,23750,32124,Plecotus austriacus,0.008,0.023,-1,Echolocation,/mnt/ubna_data_02_mir/recover-20220922/UBNA_001/20220921_090000.WAV,Telephone Field,recover-20220922,001,1795
678.5205,678.5577,68437,81766,Rhinolophus ferrumequinum,0.024,0.024,-1,Echolocation,/mnt/ubna_data_02_mir/recover-20220922/UBNA_001/20220921_090000.WAV,Telephone Field,recover-20220922,001,1795
678.5565,678.595,68437,82121,Rhinolophus ferrumequinum,0.026,0.026,-1,Echolocation,/mnt/ubna_data_02_mir/recover-20220922/UBNA_001/20220921_090000.WAV,Telephone Field,recover-20220922,001,1795
678.5695,678.5768,22890,31142,Plecotus austriacus,0.011,0.023,-1,Echolocation,/mnt/ubna_data_02_mir/recover-20220922/UBNA_001/20220921_090000.WAV,Telephone Field,recover-20220922,001,1795
678.6055,678.6469,68437,82850,Rhinolophus ferrumequinum,0.031,0.031,-1,Echolocation,/mnt/ubna_data_02_mir/recover-20220922/UBNA_001/20220921_090000.WAV,Telephone Field,recover-20220922,001,1795
678.6555,678.6681,14296,21763,Nyctalus noctula,0.019,0.03,-1,Echolocation,/mnt/ubna_data_02_mir/recover-20220922/UBNA_001/20220921_090000.WAV,Telephone Field,recover-20220922,001,1795
678.6595,678.6985999999999,68437,82098,Rhinolophus ferrumequinum,0.023,0.023,-1,Echolocation,/mnt/ubna_data_02_mir/recover-20220922/UBNA_001/20220921_090000.WAV,Telephone Field,recover-20220922,001,1795
678.6725,678.6808,28046,38253,Eptesicus serotinus,0.009,0.025,-1,Echolocation,/mnt/ubna_data_02_mir/recover-20220922/UBNA_001/20220921_090000.WAV,Telephone Field,recover-20220922,001,1795
678.6725,678.711,68437,82174,Rhinolophus ferrumequinum,0.022,0.022,-1,Echolocation,/mnt/ubna_data_02_mir/recover-20220922/UBNA_001/20220921_090000.WAV,Telephone Field,recover-20220922,001,1795
678.6905,678.7292,68437,82082,Rhinolophus ferrumequinum,0.025,0.025,-1,Echolocation,/mnt/ubna_data_02_mir/recover-20220922/UBNA_001/20220921_090000.WAV,Telephone Field,recover-20220922,001,1795
678.7135,678.7506,68437,81844,Rhinolophus ferrumequinum,0.024,0.024,-1,Echolocation,/mnt/ubna_data_02_mir/recover-20220922/UBNA_001/20220921_090000.WAV,Telephone Field,recover-20220922,001,1795
678.7185,678.7279,29765,40282,Eptesicus serotinus,0.009,0.023,-1,Echolocation,/mnt/ubna_data_02_mir/recover-20220922/UBNA_001/20220921_090000.WAV,Telephone Field,recover-20220922,001,1795
678.7405,678.7481,28046,39875,Eptesicus serotinus,0.007,0.022,-1,Echolocation,/mnt/ubna_data_02_mir/recover-20220922/UBNA_001/20220921_090000.WAV,Telephone Field,recover-20220922,001,1795
678.7405,678.75,22890,29449,Nyctalus leisleri,0.008,0.022,-1,Echolocation,/mnt/ubna_data_02_mir/recover-20220922/UBNA_001/20220921_090000.WAV,Telephone Field,recover-20220922,001,1795
678.7525,678.7609,23750,31971,Eptesicus serotinus,0.006,0.022,-1,Echolocation,/mnt/ubna_data_02_mir/recover-20220922/UBNA_001/20220921_090000.WAV,Telephone Field,recover-20220922,001,1795
678.7635,678.8044,68437,82691,Rhinolophus ferrumequinum,0.025,0.025,-1,Echolocation,/mnt/ubna_data_02_mir/recover-20220922/UBNA_001/20220921_090000.WAV,Telephone Field,recover-20220922,001,1795
678.7695,678.8109,68437,82753,Rhinolophus ferrumequinum,0.024,0.024,-1,Echolocation,/mnt/ubna_data_02_mir/recover-20220922/UBNA_001/20220921_090000.WAV,Telephone Field,recover-20220922,001,1795
678.7965,678.836,68437,81975,Rhinolophus ferrumequinum,0.025,0.025,-1,Echolocation,/mnt/ubna_data_02_mir/recover-20220922/UBNA_001/20220921_090000.WAV,Telephone Field,recover-20220922,001,1795
678.8125,678.853,68437,82820,Rhinolophus ferrumequinum,0.022,0.022,-1,Echolocation,/mnt/ubna_data_02_mir/recover-20220922/UBNA_001/20220921_090000.WAV,Telephone Field,recover-20220922,001,1795
678.8215,678.8624,68437,82810,Rhinolophus ferrumequinum,0.026,0.026,-1,Echolocation,/mnt/ubna_data_02_mir/recover-20220922/UBNA_001/20220921_090000.WAV,Telephone Field,recover-20220922,001,1795
678.8535,678.8899,68437,81775,Rhinolophus ferrumequinum,0.023,0.023,-1,Echolocation,/mnt/ubna_data_02_mir/recover-20220922/UBNA_001/20220921_090000.WAV,Telephone Field,recover-20220922,001,1795
678.8795,678.8883,28906,36910,Eptesicus serotinus,0.016,0.032,-1,Echolocation,/mnt/ubna_data_02_mir/recover-20220922/UBNA_001/20220921_090000.WAV,Telephone Field,recover-20220922,001,1795
678.9095,678.918,28906,36462,Eptesicus serotinus,0.013,0.03,-1,Echolocation,/mnt/ubna_data_02_mir/recover-20220922/UBNA_001/20220921_090000.WAV,Telephone Field,recover-20220922,001,1795
678.9375,678.9476,28906,36994,Eptesicus serotinus,0.009,0.023,-1,Echolocation,/mnt/ubna_data_02_mir/recover-20220922/UBNA_001/20220921_090000.WAV,Telephone Field,recover-20220922,001,1795
678.9685,678.9789,22890,28172,Nyctalus leisleri,0.01,0.022,-1,Echolocation,/mnt/ubna_data_02_mir/recover-20220922/UBNA_001/20220921_090000.WAV,Telephone Field,recover-20220922,001,1795
679.0235,679.0578,68437,81289,Rhinolophus ferrumequinum,0.023,0.023,-1,Echolocation,/mnt/ubna_data_02_mir/recover-20220922/UBNA_001/20220921_090000.WAV,Telephone Field,recover-20220922,001,1795
679.0705,679.1073,68437,81585,Rhinolophus ferrumequinum,0.022,0.022,-1,Echolocation,/mnt/ubna_data_02_mir/recover-20220922/UBNA_001/20220921_090000.WAV,Telephone Field,recover-20220922,001,1795
679.0715,679.08,28046,39189,Eptesicus serotinus,0.009,0.025,-1,Echolocation,/mnt/ubna_data_02_mir/recover-20220922/UBNA_001/20220921_090000.WAV,Telephone Field,recover-20220922,001,1795
679.1525,679.1938,68437,82483,Rhinolophus ferrumequinum,0.027,0.027,-1,Echolocation,/mnt/ubna_data_02_mir/recover-20220922/UBNA_001/20220921_090000.WAV,Telephone Field,recover-20220922,001,1795
679.1975,679.2158,21171,24893,Nyctalus leisleri,0.02,0.043,-1,Echolocation,/mnt/ubna_data_02_mir/recover-20220922/UBNA_001/20220921_090000.WAV,Telephone Field,recover-20220922,001,1795
679.2115,679.2522,68437,82117,Rhinolophus ferrumequinum,0.022,0.022,-1,Echolocation,/mnt/ubna_data_02_mir/recover-20220922/UBNA_001/20220921_090000.WAV,Telephone Field,recover-20220922,001,1795
679.2375,679.2743,68437,82000,Rhinolophus ferrumequinum,0.023,0.023,-1,Echolocation,/mnt/ubna_data_02_mir/recover-20220922/UBNA_001/20220921_090000.WAV,Telephone Field,recover-20220922,001,1795
679.2965,679.3368,68437,82347,Rhinolophus ferrumequinum,0.022,0.022,-1,Echolocation,/mnt/ubna_data_02_mir/recover-20220922/UBNA_001/20220921_090000.WAV,Telephone Field,recover-20220922,001,1795
679.3095,679.325,22031,25138,Nyctalus leisleri,0.014,0.024,-1,Echolocation,/mnt/ubna_data_02_mir/recover-20220922/UBNA_001/20220921_090000.WAV,Telephone Field,recover-20220922,001,1795
679.3355,679.3775,68437,83040,Rhinolophus ferrumequinum,0.03,0.03,-1,Echolocation,/mnt/ubna_data_02_mir/recover-20220922/UBNA_001/20220921_090000.WAV,Telephone Field,recover-20220922,001,1795
679.3565,679.3632,46093,51641,Pipistrellus pipistrellus,0.024,0.025,-1,Echolocation,/mnt/ubna_data_02_mir/recover-20220922/UBNA_001/20220921_090000.WAV,Telephone Field,recover-20220922,001,1795
679.3565,679.3645,28046,39129,Eptesicus serotinus,0.008,0.022,-1,Echolocation,/mnt/ubna_data_02_mir/recover-20220922/UBNA_001/20220921_090000.WAV,Telephone Field,recover-20220922,001,1795
679.3625,679.397,68437,80849,Rhinolophus ferrumequinum,0.023,0.023,-1,Echolocation,/mnt/ubna_data_02_mir/recover-20220922/UBNA_001/20220921_090000.WAV,Telephone Field,recover-20220922,001,1795
679.3805,679.4189,68437,81247,Rhinolophus ferrumequinum,0.022,0.022,-1,Echolocation,/mnt/ubna_data_02_mir/recover-20220922/UBNA_001/20220921_090000.WAV,Telephone Field,recover-20220922,001,1795
679.4315,679.4683,68437,81457,Rhinolophus ferrumequinum,0.024,0.024,-1,Echolocation,/mnt/ubna_data_02_mir/recover-20220922/UBNA_001/20220921_090000.WAV,Telephone Field,recover-20220922,001,1795
679.4935,679.5015,28906,39590,Eptesicus serotinus,0.007,0.022,-1,Echolocation,/mnt/ubna_data_02_mir/recover-20220922/UBNA_001/20220921_090000.WAV,Telephone Field,recover-20220922,001,1795
679.5075,679.5503,68437,82225,Rhinolophus ferrumequinum,0.024,0.024,-1,Echolocation,/mnt/ubna_data_02_mir/recover-20220922/UBNA_001/20220921_090000.WAV,Telephone Field,recover-20220922,001,1795
679.5305,679.5689,68437,81681,Rhinolophus ferrumequinum,0.022,0.022,-1,Echolocation,/mnt/ubna_data_02_mir/recover-20220922/UBNA_001/20220921_090000.WAV,Telephone Field,recover-20220922,001,1795
679.5495,679.5895,68437,82241,Rhinolophus ferrumequinum,0.022,0.022,-1,Echolocation,/mnt/ubna_data_02_mir/recover-20220922/UBNA_001/20220921_090000.WAV,Telephone Field,recover-20220922,001,1795
679.5705,679.5822000000001,43515,50559,Pipistrellus pipistrellus,0.027,0.036,-1,Echolocation,/mnt/ubna_data_02_mir/recover-20220922/UBNA_001/20220921_090000.WAV,Telephone Field,recover-20220922,001,1795
679.5925,679.6007,28906,38928,Eptesicus serotinus,0.007,0.022,-1,Echolocation,/mnt/ubna_data_02_mir/recover-20220922/UBNA_001/20220921_090000.WAV,Telephone Field,recover-20220922,001,1795
679.5935,679.6008,23750,31933,Plecotus austriacus,0.009,0.022,-1,Echolocation,/mnt/ubna_data_02_mir/recover-20220922/UBNA_001/20220921_090000.WAV,Telephone Field,recover-20220922,001,1795
679.6105,679.6494,68437,82441,Rhinolophus ferrumequinum,0.024,0.024,-1,Echolocation,/mnt/ubna_data_02_mir/recover-20220922/UBNA_001/20220921_090000.WAV,Telephone Field,recover-20220922,001,1795
679.6205,679.6305,24609,31622,Eptesicus serotinus,0.008,0.024,-1,Echolocation,/mnt/ubna_data_02_mir/recover-20220922/UBNA_001/20220921_090000.WAV,Telephone Field,recover-20220922,001,1795
679.6445,679.652,27187,38741,Eptesicus serotinus,0.007,0.022,-1,Echolocation,/mnt/ubna_data_02_mir/recover-20220922/UBNA_001/20220921_090000.WAV,Telephone Field,recover-20220922,001,1795
679.6745,679.6869,43515,47851,Pipistrellus pipistrellus,0.029,0.042,-1,Echolocation,/mnt/ubna_data_02_mir/recover-20220922/UBNA_001/20220921_090000.WAV,Telephone Field,recover-20220922,001,1795
679.7055,679.7475,68437,82682,Rhinolophus ferrumequinum,0.022,0.022,-1,Echolocation,/mnt/ubna_data_02_mir/recover-20220922/UBNA_001/20220921_090000.WAV,Telephone Field,recover-20220922,001,1795
679.7155,679.7586,68437,83329,Rhinolophus ferrumequinum,0.028,0.028,-1,Echolocation,/mnt/ubna_data_02_mir/recover-20220922/UBNA_001/20220921_090000.WAV,Telephone Field,recover-20220922,001,1795
679.7525,679.7906,68437,81826,Rhinolophus ferrumequinum,0.023,0.023,-1,Echolocation,/mnt/ubna_data_02_mir/recover-20220922/UBNA_001/20220921_090000.WAV,Telephone Field,recover-20220922,001,1795
679.8055,679.8439,68437,81740,Rhinolophus ferrumequinum,0.027,0.028,-1,Echolocation,/mnt/ubna_data_02_mir/recover-20220922/UBNA_001/20220921_090000.WAV,Telephone Field,recover-20220922,001,1795
679.8375,679.8444,24609,36621,Plecotus austriacus,0.008,0.024,-1,Echolocation,/mnt/ubna_data_02_mir/recover-20220922/UBNA_001/20220921_090000.WAV,Telephone Field,recover-20220922,001,1795
679.8465,679.8551,28046,38218,Eptesicus serotinus,0.009,0.024,-1,Echolocation,/mnt/ubna_data_02_mir/recover-20220922/UBNA_001/20220921_090000.WAV,Telephone Field,recover-20220922,001,1795
679.8485000000001,679.8877,68437,82306,Rhinolophus ferrumequinum,0.024,0.024,-1,Echolocation,/mnt/ubna_data_02_mir/recover-20220922/UBNA_001/20220921_090000.WAV,Telephone Field,recover-20220922,001,1795
679.8555,679.8965,68437,82555,Rhinolophus ferrumequinum,0.022,0.022,-1,Echolocation,/mnt/ubna_data_02_mir/recover-20220922/UBNA_001/20220921_090000.WAV,Telephone Field,recover-20220922,001,1795
679.8865,679.9262,68437,82532,Rhinolophus ferrumequinum,0.023,0.023,-1,Echolocation,/mnt/ubna_data_02_mir/recover-20220922/UBNA_001/20220921_090000.WAV,Telephone Field,recover-20220922,001,1795
679.9045,679.9433,68437,82477,Rhinolophus ferrumequinum,0.022,0.022,-1,Echolocation,/mnt/ubna_data_02_mir/recover-20220922/UBNA_001/20220921_090000.WAV,Telephone Field,recover-20220922,001,1795
679.9435,679.9516,30625,40502,Eptesicus serotinus,0.008,0.024,-1,Echolocation,/mnt/ubna_data_02_mir/recover-20220922/UBNA_001/20220921_090000.WAV,Telephone Field,recover-20220922,001,1795
679.9555,679.9925,68437,81430,Rhinolophus ferrumequinum,0.022,0.022,-1,Echolocation,/mnt/ubna_data_02_mir/recover-20220922/UBNA_001/20220921_090000.WAV,Telephone Field,recover-20220922,001,1795
679.9795,679.988,28046,37405,Eptesicus serotinus,0.013,0.03,-1,Echolocation,/mnt/ubna_data_02_mir/recover-20220922/UBNA_001/20220921_090000.WAV,Telephone Field,recover-20220922,001,1795
680.0015,680.0106,23750,31304,Nyctalus leisleri,0.008,0.025,-1,Echolocation,/mnt/ubna_data_02_mir/recover-20220922/UBNA_001/20220921_090000.WAV,Telephone Field,recover-20220922,001,1795
680.0015,680.0305,69296,82049,Rhinolophus ferrumequinum,0.03,0.03,-1,Echolocation,/mnt/ubna_data_02_mir/recover-20220922/UBNA_001/20220921_090000.WAV,Telephone Field,recover-20220922,001,1795
680.0145,680.0499,68437,81876,Rhinolophus ferrumequinum,0.021,0.021,-1,Echolocation,/mnt/ubna_data_02_mir/recover-20220922/UBNA_001/20220921_090000.WAV,Telephone Field,recover-20220922,001,1795
680.0175,680.0272,26328,34833,Eptesicus serotinus,0.012,0.025,-1,Echolocation,/mnt/ubna_data_02_mir/recover-20220922/UBNA_001/20220921_090000.WAV,Telephone Field,recover-20220922,001,1795
680.0695,680.1082,68437,82389,Rhinolophus ferrumequinum,0.021,0.021,-1,Echolocation,/mnt/ubna_data_02_mir/recover-20220922/UBNA_001/20220921_090000.WAV,Telephone Field,recover-20220922,001,1795
680.0735,680.0812,25468,34089,Eptesicus serotinus,0.006,0.02,-1,Echolocation,/mnt/ubna_data_02_mir/recover-20220922/UBNA_001/20220921_090000.WAV,Telephone Field,recover-20220922,001,1795
680.1315,680.1406,28046,37684,Eptesicus serotinus,0.009,0.022,-1,Echolocation,/mnt/ubna_data_02_mir/recover-20220922/UBNA_001/20220921_090000.WAV,Telephone Field,recover-20220922,001,1795
680.1395,680.1781,68437,81996,Rhinolophus ferrumequinum,0.022,0.022,-1,Echolocation,/mnt/ubna_data_02_mir/recover-20220922/UBNA_001/20220921_090000.WAV,Telephone Field,recover-20220922,001,1795
680.1585,680.1745,55546,60346,Pipistrellus pygmaeus,0.038,0.042,-1,Echolocation,/mnt/ubna_data_02_mir/recover-20220922/UBNA_001/20220921_090000.WAV,Telephone Field,recover-20220922,001,1795
680.1785,680.1866,30625,42789,Myotis daubentonii,0.006,0.021,-1,Echolocation,/mnt/ubna_data_02_mir/recover-20220922/UBNA_001/20220921_090000.WAV,Telephone Field,recover-20220922,001,1795
680.1845,680.195,22890,27769,Nyctalus leisleri,0.011,0.022,-1,Echolocation,/mnt/ubna_data_02_mir/recover-20220922/UBNA_001/20220921_090000.WAV,Telephone Field,recover-20220922,001,1795
680.2025,680.2385,68437,81542,Rhinolophus ferrumequinum,0.024,0.024,-1,Echolocation,/mnt/ubna_data_02_mir/recover-20220922/UBNA_001/20220921_090000.WAV,Telephone Field,recover-20220922,001,1795
680.2275,680.2696,68437,82903,Rhinolophus ferrumequinum,0.023,0.023,-1,Echolocation,/mnt/ubna_data_02_mir/recover-20220922/UBNA_001/20220921_090000.WAV,Telephone Field,recover-20220922,001,1795
680.2315,680.2384,46093,57681,Pipistrellus pipistrellus,0.012,0.021,-1,Echolocation,/mnt/ubna_data_02_mir/recover-20220922/UBNA_001/20220921_090000.WAV,Telephone Field,recover-20220922,001,1795
680.2525,680.289,68437,81553,Rhinolophus ferrumequinum,0.022,0.022,-1,Echolocation,/mnt/ubna_data_02_mir/recover-20220922/UBNA_001/20220921_090000.WAV,Telephone Field,recover-20220922,001,1795
680.2764999999999,680.2872,23750,30211,Nyctalus leisleri,0.009,0.026,-1,Echolocation,/mnt/ubna_data_02_mir/recover-20220922/UBNA_001/20220921_090000.WAV,Telephone Field,recover-20220922,001,1795
680.2975,680.3355,68437,81928,Rhinolophus ferrumequinum,0.021,0.021,-1,Echolocation,/mnt/ubna_data_02_mir/recover-20220922/UBNA_001/20220921_090000.WAV,Telephone Field,recover-20220922,001,1795
680.3375,680.3773,68437,83253,Rhinolophus ferrumequinum,0.033,0.033,-1,Echolocation,/mnt/ubna_data_02_mir/recover-20220922/UBNA_001/20220921_090000.WAV,Telephone Field,recover-20220922,001,1795
680.3545,680.394,68437,81742,Rhinolophus ferrumequinum,0.021,0.021,-1,Echolocation,/mnt/ubna_data_02_mir/recover-20220922/UBNA_001/20220921_090000.WAV,Telephone Field,recover-20220922,001,1795
680.3745,680.4146,68437,82359,Rhinolophus ferrumequinum,0.024,0.024,-1,Echolocation,/mnt/ubna_data_02_mir/recover-20220922/UBNA_001/20220921_090000.WAV,Telephone Field,recover-20220922,001,1795
680.4145,680.4539,68437,81867,Rhinolophus ferrumequinum,0.021,0.021,-1,Echolocation,/mnt/ubna_data_02_mir/recover-20220922/UBNA_001/20220921_090000.WAV,Telephone Field,recover-20220922,001,1795
680.4255,680.4641,68437,82637,Rhinolophus ferrumequinum,0.023,0.023,-1,Echolocation,/mnt/ubna_data_02_mir/recover-20220922/UBNA_001/20220921_090000.WAV,Telephone Field,recover-20220922,001,1795
680.4355,680.4732,68437,82480,Rhinolophus ferrumequinum,0.024,0.024,-1,Echolocation,/mnt/ubna_data_02_mir/recover-20220922/UBNA_001/20220921_090000.WAV,Telephone Field,recover-20220922,001,1795
680.4525,680.4936,68437,82622,Rhinolophus ferrumequinum,0.028,0.028,-1,Echolocation,/mnt/ubna_data_02_mir/recover-20220922/UBNA_001/20220921_090000.WAV,Telephone Field,recover-20220922,001,1795
680.4875,680.4963,27187,36573,Eptesicus serotinus,0.008,0.021,-1,Echolocation,/mnt/ubna_data_02_mir/recover-20220922/UBNA_001/20220921_090000.WAV,Telephone Field,recover-20220922,001,1795
680.5105,680.5203,22890,28916,Nyctalus leisleri,0.009,0.024,-1,Echolocation,/mnt/ubna_data_02_mir/recover-20220922/UBNA_001/20220921_090000.WAV,Telephone Field,recover-20220922,001,1795
680.5255,680.5665,68437,82398,Rhinolophus ferrumequinum,0.031,0.031,-1,Echolocation,/mnt/ubna_data_02_mir/recover-20220922/UBNA_001/20220921_090000.WAV,Telephone Field,recover-20220922,001,1795
680.5555,680.5932,68437,81525,Rhinolophus ferrumequinum,0.023,0.023,-1,Echolocation,/mnt/ubna_data_02_mir/recover-20220922/UBNA_001/20220921_090000.WAV,Telephone Field,recover-20220922,001,1795
680.6035,680.6162,23750,28895,Nyctalus leisleri,0.012,0.025,-1,Echolocation,/mnt/ubna_data_02_mir/recover-20220922/UBNA_001/20220921_090000.WAV,Telephone Field,recover-20220922,001,1795
680.6205,680.6306,21171,26193,Nyctalus leisleri,0.009,0.023,-1,Echolocation,/mnt/ubna_data_02_mir/recover-20220922/UBNA_001/20220921_090000.WAV,Telephone Field,recover-20220922,001,1795
680.6235,680.659,68437,81532,Rhinolophus ferrumequinum,0.024,0.024,-1,Echolocation,/mnt/ubna_data_02_mir/recover-20220922/UBNA_001/20220921_090000.WAV,Telephone Field,recover-20220922,001,1795
680.6415,680.677,68437,81345,Rhinolophus ferrumequinum,0.021,0.021,-1,Echolocation,/mnt/ubna_data_02_mir/recover-20220922/UBNA_001/20220921_090000.WAV,Telephone Field,recover-20220922,001,1795
680.6505,680.6877,68437,81887,Rhinolophus ferrumequinum,0.021,0.021,-1,Echolocation,/mnt/ubna_data_02_mir/recover-20220922/UBNA_001/20220921_090000.WAV,Telephone Field,recover-20220922,001,1795
680.6885,680.7349,68437,83607,Rhinolophus ferrumequinum,0.046,0.046,-1,Echolocation,/mnt/ubna_data_02_mir/recover-20220922/UBNA_001/20220921_090000.WAV,Telephone Field,recover-20220922,001,1795
680.7185,680.7571,68437,82355,Rhinolophus ferrumequinum,0.031,0.031,-1,Echolocation,/mnt/ubna_data_02_mir/recover-20220922/UBNA_001/20220921_090000.WAV,Telephone Field,recover-20220922,001,1795
680.7555,680.794,68437,82121,Rhinolophus ferrumequinum,0.021,0.021,-1,Echolocation,/mnt/ubna_data_02_mir/recover-20220922/UBNA_001/20220921_090000.WAV,Telephone Field,recover-20220922,001,1795
680.7715,680.8128,68437,82890,Rhinolophus ferrumequinum,0.025,0.026,-1,Echolocation,/mnt/ubna_data_02_mir/recover-20220922/UBNA_001/20220921_090000.WAV,Telephone Field,recover-20220922,001,1795
680.7865,680.83,68437,82811,Rhinolophus ferrumequinum,0.027,0.027,-1,Echolocation,/mnt/ubna_data_02_mir/recover-20220922/UBNA_001/20220921_090000.WAV,Telephone Field,recover-20220922,001,1795
680.7875,680.7957,28046,38457,Eptesicus serotinus,0.007,0.021,-1,Echolocation,/mnt/ubna_data_02_mir/recover-20220922/UBNA_001/20220921_090000.WAV,Telephone Field,recover-20220922,001,1795
680.8135,680.8541,68437,82771,Rhinolophus ferrumequinum,0.03,0.03,-1,Echolocation,/mnt/ubna_data_02_mir/recover-20220922/UBNA_001/20220921_090000.WAV,Telephone Field,recover-20220922,001,1795
680.8265,680.8359,28906,40132,Eptesicus serotinus,0.009,0.023,-1,Echolocation,/mnt/ubna_data_02_mir/recover-20220922/UBNA_001/20220921_090000.WAV,Telephone Field,recover-20220922,001,1795
680.8345,680.8716,68437,81571,Rhinolophus ferrumequinum,0.025,0.025,-1,Echolocation,/mnt/ubna_data_02_mir/recover-20220922/UBNA_001/20220921_090000.WAV,Telephone Field,recover-20220922,001,1795
680.8445,680.8548,23750,29171,Nyctalus leisleri,0.009,0.021,-1,Echolocation,/mnt/ubna_data_02_mir/recover-20220922/UBNA_001/20220921_090000.WAV,Telephone Field,recover-20220922,001,1795
680.8705,680.8789,26328,34904,Eptesicus serotinus,0.01,0.026,-1,Echolocation,/mnt/ubna_data_02_mir/recover-20220922/UBNA_001/20220921_090000.WAV,Telephone Field,recover-20220922,001,1795
680.8735,680.9092,68437,81438,Rhinolophus ferrumequinum,0.023,0.023,-1,Echolocation,/mnt/ubna_data_02_mir/recover-20220922/UBNA_001/20220921_090000.WAV,Telephone Field,recover-20220922,001,1795
680.8815,680.9168,68437,80590,Rhinolophus ferrumequinum,0.022,0.022,-1,Echolocation,/mnt/ubna_data_02_mir/recover-20220922/UBNA_001/20220921_090000.WAV,Telephone Field,recover-20220922,001,1795
680.8935,680.9298,68437,80718,Rhinolophus ferrumequinum,0.023,0.023,-1,Echolocation,/mnt/ubna_data_02_mir/recover-20220922/UBNA_001/20220921_090000.WAV,Telephone Field,recover-20220922,001,1795
680.9095,680.9195,22890,27803,Nyctalus leisleri,0.009,0.021,-1,Echolocation,/mnt/ubna_data_02_mir/recover-20220922/UBNA_001/20220921_090000.WAV,Telephone Field,recover-20220922,001,1795
680.9505,680.9901,68437,82343,Rhinolophus ferrumequinum,0.023,0.023,-1,Echolocation,/mnt/ubna_data_02_mir/recover-20220922/UBNA_001/20220921_090000.WAV,Telephone Field,recover-20220922,001,1795
680.9935,681.0347,68437,82880,Rhinolophus ferrumequinum,0.027,0.027,-1,Echolocation,/mnt/ubna_data_02_mir/recover-20220922/UBNA_001/20220921_090000.WAV,Telephone Field,recover-20220922,001,1795
681.0215,681.058,68437,82239,Rhinolophus ferrumequinum,0.024,0.024,-1,Echolocation,/mnt/ubna_data_02_mir/recover-20220922/UBNA_001/20220921_090000.WAV,Telephone Field,recover-20220922,001,1795
681.0215,681.0312,22890,28884,Nyctalus leisleri,0.01,0.026,-1,Echolocation,/mnt/ubna_data_02_mir/recover-20220922/UBNA_001/20220921_090000.WAV,Telephone Field,recover-20220922,001,1795
681.0595,681.1029,68437,83306,Rhinolophus ferrumequinum,0.035,0.035,-1,Echolocation,/mnt/ubna_data_02_mir/recover-20220922/UBNA_001/20220921_090000.WAV,Telephone Field,recover-20220922,001,1795
681.1245,681.1606,68437,81654,Rhinolophus ferrumequinum,0.022,0.022,-1,Echolocation,/mnt/ubna_data_02_mir/recover-20220922/UBNA_001/20220921_090000.WAV,Telephone Field,recover-20220922,001,1795
681.1895,681.2312,68437,82854,Rhinolophus ferrumequinum,0.032,0.032,-1,Echolocation,/mnt/ubna_data_02_mir/recover-20220922/UBNA_001/20220921_090000.WAV,Telephone Field,recover-20220922,001,1795
681.1905,681.2016,24609,30758,Nyctalus leisleri,0.008,0.023,-1,Echolocation,/mnt/ubna_data_02_mir/recover-20220922/UBNA_001/20220921_090000.WAV,Telephone Field,recover-20220922,001,1795
681.2145,681.2529,68437,81460,Rhinolophus ferrumequinum,0.024,0.024,-1,Echolocation,/mnt/ubna_data_02_mir/recover-20220922/UBNA_001/20220921_090000.WAV,Telephone Field,recover-20220922,001,1795
681.2385,681.2486,28906,36418,Eptesicus serotinus,0.009,0.023,-1,Echolocation,/mnt/ubna_data_02_mir/recover-20220922/UBNA_001/20220921_090000.WAV,Telephone Field,recover-20220922,001,1795
681.2395,681.2523,34062,38926,Pipistrellus nathusii,0.009,0.03,-1,Echolocation,/mnt/ubna_data_02_mir/recover-20220922/UBNA_001/20220921_090000.WAV,Telephone Field,recover-20220922,001,1795
681.3325,681.3752,68437,82862,Rhinolophus ferrumequinum,0.027,0.027,-1,Echolocation,/mnt/ubna_data_02_mir/recover-20220922/UBNA_001/20220921_090000.WAV,Telephone Field,recover-20220922,001,1795
681.3445,681.3808,68437,82202,Rhinolophus ferrumequinum,0.022,0.022,-1,Echolocation,/mnt/ubna_data_02_mir/recover-20220922/UBNA_001/20220921_090000.WAV,Telephone Field,recover-20220922,001,1795
681.3825,681.4192,68437,81756,Rhinolophus ferrumequinum,0.021,0.021,-1,Echolocation,/mnt/ubna_data_02_mir/recover-20220922/UBNA_001/20220921_090000.WAV,Telephone Field,recover-20220922,001,1795
681.3905,681.4263,68437,81418,Rhinolophus ferrumequinum,0.021,0.021,-1,Echolocation,/mnt/ubna_data_02_mir/recover-20220922/UBNA_001/20220921_090000.WAV,Telephone Field,recover-20220922,001,1795
681.4005,681.4361,68437,81154,Rhinolophus ferrumequinum,0.023,0.023,-1,Echolocation,/mnt/ubna_data_02_mir/recover-20220922/UBNA_001/20220921_090000.WAV,Telephone Field,recover-20220922,001,1795
681.4085,681.4475,68437,81703,Rhinolophus ferrumequinum,0.021,0.021,-1,Echolocation,/mnt/ubna_data_02_mir/recover-20220922/UBNA_001/20220921_090000.WAV,Telephone Field,recover-20220922,001,1795
681.4385,681.4443,46093,53869,Pipistrellus pipistrellus,0.02,0.023,-1,Echolocation,/mnt/ubna_data_02_mir/recover-20220922/UBNA_001/20220921_090000.WAV,Telephone Field,recover-20220922,001,1795
681.4385,681.4757,68437,81661,Rhinolophus ferrumequinum,0.025,0.025,-1,Echolocation,/mnt/ubna_data_02_mir/recover-20220922/UBNA_001/20220921_090000.WAV,Telephone Field,recover-20220922,001,1795
681.4495,681.4611,27187,33527,Eptesicus serotinus,0.013,0.029,-1,Echolocation,/mnt/ubna_data_02_mir/recover-20220922/UBNA_001/20220921_090000.WAV,Telephone Field,recover-20220922,001,1795
681.4575,681.4949,68437,82037,Rhinolophus ferrumequinum,0.021,0.021,-1,Echolocation,/mnt/ubna_data_02_mir/recover-20220922/UBNA_001/20220921_090000.WAV,Telephone Field,recover-20220922,001,1795
681.4675,681.4777,28906,37545,Eptesicus serotinus,0.012,0.025,-1,Echolocation,/mnt/ubna_data_02_mir/recover-20220922/UBNA_001/20220921_090000.WAV,Telephone Field,recover-20220922,001,1795
681.4825,681.4902,28906,39072,Eptesicus serotinus,0.009,0.026,-1,Echolocation,/mnt/ubna_data_02_mir/recover-20220922/UBNA_001/20220921_090000.WAV,Telephone Field,recover-20220922,001,1795
681.5075,681.5454,68437,81793,Rhinolophus ferrumequinum,0.02,0.02,-1,Echolocation,/mnt/ubna_data_02_mir/recover-20220922/UBNA_001/20220921_090000.WAV,Telephone Field,recover-20220922,001,1795
681.5195,681.556,68437,80819,Rhinolophus ferrumequinum,0.021,0.021,-1,Echolocation,/mnt/ubna_data_02_mir/recover-20220922/UBNA_001/20220921_090000.WAV,Telephone Field,recover-20220922,001,1795
681.5415,681.5818,68437,81930,Rhinolophus ferrumequinum,0.025,0.025,-1,Echolocation,/mnt/ubna_data_02_mir/recover-20220922/UBNA_001/20220921_090000.WAV,Telephone Field,recover-20220922,001,1795
681.5495,681.5908,68437,82183,Rhinolophus ferrumequinum,0.024,0.024,-1,Echolocation,/mnt/ubna_data_02_mir/recover-20220922/UBNA_001/20220921_090000.WAV,Telephone Field,recover-20220922,001,1795
681.5555,681.5643,28046,38821,Eptesicus serotinus,0.008,0.021,-1,Echolocation,/mnt/ubna_data_02_mir/recover-20220922/UBNA_001/20220921_090000.WAV,Telephone Field,recover-20220922,001,1795
681.5745,681.6135,68437,82432,Rhinolophus ferrumequinum,0.021,0.021,-1,Echolocation,/mnt/ubna_data_02_mir/recover-20220922/UBNA_001/20220921_090000.WAV,Telephone Field,recover-20220922,001,1795
681.5795,681.6153,68437,81847,Rhinolophus ferrumequinum,0.02,0.02,-1,Echolocation,/mnt/ubna_data_02_mir/recover-20220922/UBNA_001/20220921_090000.WAV,Telephone Field,recover-20220922,001,1795
681.5835,681.5908,28046,38456,Eptesicus serotinus,0.007,0.021,-1,Echolocation,/mnt/ubna_data_02_mir/recover-20220922/UBNA_001/20220921_090000.WAV,Telephone Field,recover-20220922,001,1795
681.6075,681.6471,68437,81883,Rhinolophus ferrumequinum,0.023,0.023,-1,Echolocation,/mnt/ubna_data_02_mir/recover-20220922/UBNA_001/20220921_090000.WAV,Telephone Field,recover-20220922,001,1795
681.6185,681.6561,68437,82428,Rhinolophus ferrumequinum,0.021,0.021,-1,Echolocation,/mnt/ubna_data_02_mir/recover-20220922/UBNA_001/20220921_090000.WAV,Telephone Field,recover-20220922,001,1795
681.6395,681.6527,22031,27077,Nyctalus leisleri,0.052,0.113,-1,Echolocation,/mnt/ubna_data_02_mir/recover-20220922/UBNA_001/20220921_090000.WAV,Telephone Field,recover-20220922,001,1795
681.6585,681.6999,68437,82932,Rhinolophus ferrumequinum,0.031,0.031,-1,Echolocation,/mnt/ubna_data_02_mir/recover-20220922/UBNA_001/20220921_090000.WAV,Telephone Field,recover-20220922,001,1795
681.6865,681.7235000000001,68437,81804,Rhinolophus ferrumequinum,0.023,0.023,-1,Echolocation,/mnt/ubna_data_02_mir/recover-20220922/UBNA_001/20220921_090000.WAV,Telephone Field,recover-20220922,001,1795
681.6955,681.736,68437,82453,Rhinolophus ferrumequinum,0.023,0.023,-1,Echolocation,/mnt/ubna_data_02_mir/recover-20220922/UBNA_001/20220921_090000.WAV,Telephone Field,recover-20220922,001,1795
681.7035,681.7417,68437,82389,Rhinolophus ferrumequinum,0.024,0.024,-1,Echolocation,/mnt/ubna_data_02_mir/recover-20220922/UBNA_001/20220921_090000.WAV,Telephone Field,recover-20220922,001,1795
681.7105,681.7507,68437,82248,Rhinolophus ferrumequinum,0.027,0.027,-1,Echolocation,/mnt/ubna_data_02_mir/recover-20220922/UBNA_001/20220921_090000.WAV,Telephone Field,recover-20220922,001,1795
681.7115,681.7188,28046,38522,Eptesicus serotinus,0.007,0.022,-1,Echolocation,/mnt/ubna_data_02_mir/recover-20220922/UBNA_001/20220921_090000.WAV,Telephone Field,recover-20220922,001,1795
681.7225,681.7632,68437,82873,Rhinolophus ferrumequinum,0.033,0.033,-1,Echolocation,/mnt/ubna_data_02_mir/recover-20220922/UBNA_001/20220921_090000.WAV,Telephone Field,recover-20220922,001,1795
681.7475,681.7647,20312,23774,Nyctalus leisleri,0.011,0.022,-1,Echolocation,/mnt/ubna_data_02_mir/recover-20220922/UBNA_001/20220921_090000.WAV,Telephone Field,recover-20220922,001,1795
681.7525,681.761,28046,37494,Eptesicus serotinus,0.009,0.022,-1,Echolocation,/mnt/ubna_data_02_mir/recover-20220922/UBNA_001/20220921_090000.WAV,Telephone Field,recover-20220922,001,1795
681.7665,681.8057,68437,82493,Rhinolophus ferrumequinum,0.023,0.023,-1,Echolocation,/mnt/ubna_data_02_mir/recover-20220922/UBNA_001/20220921_090000.WAV,Telephone Field,recover-20220922,001,1795
681.7735,681.7862,22031,25920,Nyctalus leisleri,0.013,0.022,-1,Echolocation,/mnt/ubna_data_02_mir/recover-20220922/UBNA_001/20220921_090000.WAV,Telephone Field,recover-20220922,001,1795
681.7925,681.8317,68437,82071,Rhinolophus ferrumequinum,0.024,0.024,-1,Echolocation,/mnt/ubna_data_02_mir/recover-20220922/UBNA_001/20220921_090000.WAV,Telephone Field,recover-20220922,001,1795
681.7965,681.8044,28046,39020,Eptesicus serotinus,0.01,0.025,-1,Echolocation,/mnt/ubna_data_02_mir/recover-20220922/UBNA_001/20220921_090000.WAV,Telephone Field,recover-20220922,001,1795
681.8225,681.8616,68437,82649,Rhinolophus ferrumequinum,0.023,0.023,-1,Echolocation,/mnt/ubna_data_02_mir/recover-20220922/UBNA_001/20220921_090000.WAV,Telephone Field,recover-20220922,001,1795
681.8275,681.8345,28046,40164,Eptesicus serotinus,0.006,0.02,-1,Echolocation,/mnt/ubna_data_02_mir/recover-20220922/UBNA_001/20220921_090000.WAV,Telephone Field,recover-20220922,001,1795
681.8455,681.8823,68437,82205,Rhinolophus ferrumequinum,0.027,0.027,-1,Echolocation,/mnt/ubna_data_02_mir/recover-20220922/UBNA_001/20220921_090000.WAV,Telephone Field,recover-20220922,001,1795
681.8785,681.9188,68437,82248,Rhinolophus ferrumequinum,0.024,0.024,-1,Echolocation,/mnt/ubna_data_02_mir/recover-20220922/UBNA_001/20220921_090000.WAV,Telephone Field,recover-20220922,001,1795
681.8865,681.9294,68437,82364,Rhinolophus ferrumequinum,0.021,0.021,-1,Echolocation,/mnt/ubna_data_02_mir/recover-20220922/UBNA_001/20220921_090000.WAV,Telephone Field,recover-20220922,001,1795
681.8885,681.9093,17734,21993,Nyctalus noctula,0.014,0.021,-1,Echolocation,/mnt/ubna_data_02_mir/recover-20220922/UBNA_001/20220921_090000.WAV,Telephone Field,recover-20220922,001,1795
681.9095,681.9215,28906,35231,Eptesicus serotinus,0.013,0.026,-1,Echolocation,/mnt/ubna_data_02_mir/recover-20220922/UBNA_001/20220921_090000.WAV,Telephone Field,recover-20220922,001,1795
681.9425,681.9836,68437,82219,Rhinolophus ferrumequinum,0.022,0.022,-1,Echolocation,/mnt/ubna_data_02_mir/recover-20220922/UBNA_001/20220921_090000.WAV,Telephone Field,recover-20220922,001,1795
681.9485,681.9566,28906,40761,Eptesicus serotinus,0.008,0.028,-1,Echolocation,/mnt/ubna_data_02_mir/recover-20220922/UBNA_001/20220921_090000.WAV,Telephone Field,recover-20220922,001,1795
681.9825,681.9918,24609,31876,Eptesicus serotinus,0.009,0.025,-1,Echolocation,/mnt/ubna_data_02_mir/recover-20220922/UBNA_001/20220921_090000.WAV,Telephone Field,recover-20220922,001,1795
681.9905,681.9994,28046,41499,Eptesicus serotinus,0.008,0.021,-1,Echolocation,/mnt/ubna_data_02_mir/recover-20220922/UBNA_001/20220921_090000.WAV,Telephone Field,recover-20220922,001,1795
682.0015,682.0106,23750,30961,Nyctalus leisleri,0.011,0.029,-1,Echolocation,/mnt/ubna_data_02_mir/recover-20220922/UBNA_001/20220921_090000.WAV,Telephone Field,recover-20220922,001,1795
682.0015,682.0294,69296,80304,Rhinolophus ferrumequinum,0.032,0.032,-1,Echolocation,/mnt/ubna_data_02_mir/recover-20220922/UBNA_001/20220921_090000.WAV,Telephone Field,recover-20220922,001,1795
682.0165,682.027,23750,29814,Nyctalus leisleri,0.009,0.022,-1,Echolocation,/mnt/ubna_data_02_mir/recover-20220922/UBNA_001/20220921_090000.WAV,Telephone Field,recover-20220922,001,1795
682.0235,682.0316,28046,38126,Eptesicus serotinus,0.007,0.022,-1,Echolocation,/mnt/ubna_data_02_mir/recover-20220922/UBNA_001/20220921_090000.WAV,Telephone Field,recover-20220922,001,1795
682.0415,682.0807,68437,82056,Rhinolophus ferrumequinum,0.022,0.022,-1,Echolocation,/mnt/ubna_data_02_mir/recover-20220922/UBNA_001/20220921_090000.WAV,Telephone Field,recover-20220922,001,1795
682.0675,682.0749,26328,35564,Eptesicus serotinus,0.009,0.029,-1,Echolocation,/mnt/ubna_data_02_mir/recover-20220922/UBNA_001/20220921_090000.WAV,Telephone Field,recover-20220922,001,1795
682.1295,682.1442,22031,25816,Nyctalus leisleri,0.013,0.021,-1,Echolocation,/mnt/ubna_data_02_mir/recover-20220922/UBNA_001/20220921_090000.WAV,Telephone Field,recover-20220922,001,1795
682.1405,682.1514,23750,29915,Nyctalus leisleri,0.011,0.024,-1,Echolocation,/mnt/ubna_data_02_mir/recover-20220922/UBNA_001/20220921_090000.WAV,Telephone Field,recover-20220922,001,1795
682.1514999999999,682.1931,68437,83268,Rhinolophus ferrumequinum,0.047,0.047,-1,Echolocation,/mnt/ubna_data_02_mir/recover-20220922/UBNA_001/20220921_090000.WAV,Telephone Field,recover-20220922,001,1795
682.1514999999999,682.1609,28046,36307,Eptesicus serotinus,0.008,0.022,-1,Echolocation,/mnt/ubna_data_02_mir/recover-20220922/UBNA_001/20220921_090000.WAV,Telephone Field,recover-20220922,001,1795
682.1935,682.2044,23750,29716,Nyctalus leisleri,0.012,0.026,-1,Echolocation,/mnt/ubna_data_02_mir/recover-20220922/UBNA_001/20220921_090000.WAV,Telephone Field,recover-20220922,001,1795
682.2675,682.2752,28046,41054,Eptesicus serotinus,0.006,0.022,-1,Echolocation,/mnt/ubna_data_02_mir/recover-20220922/UBNA_001/20220921_090000.WAV,Telephone Field,recover-20220922,001,1795
682.2855,682.3269,68437,82460,Rhinolophus ferrumequinum,0.022,0.022,-1,Echolocation,/mnt/ubna_data_02_mir/recover-20220922/UBNA_001/20220921_090000.WAV,Telephone Field,recover-20220922,001,1795
682.2975,682.3399,68437,82759,Rhinolophus ferrumequinum,0.032,0.032,-1,Echolocation,/mnt/ubna_data_02_mir/recover-20220922/UBNA_001/20220921_090000.WAV,Telephone Field,recover-20220922,001,1795
682.3155,682.3603,68437,83489,Rhinolophus ferrumequinum,0.026,0.026,-1,Echolocation,/mnt/ubna_data_02_mir/recover-20220922/UBNA_001/20220921_090000.WAV,Telephone Field,recover-20220922,001,1795
682.3225,682.3324,28046,38340,Eptesicus serotinus,0.01,0.025,-1,Echolocation,/mnt/ubna_data_02_mir/recover-20220922/UBNA_001/20220921_090000.WAV,Telephone Field,recover-20220922,001,1795
682.3295,682.3368,37500,46090,Myotis daubentonii,0.008,0.021,-1,Echolocation,/mnt/ubna_data_02_mir/recover-20220922/UBNA_001/20220921_090000.WAV,Telephone Field,recover-20220922,001,1795
682.3735,682.4134,68437,82213,Rhinolophus ferrumequinum,0.027,0.027,-1,Echolocation,/mnt/ubna_data_02_mir/recover-20220922/UBNA_001/20220921_090000.WAV,Telephone Field,recover-20220922,001,1795
682.4005,682.4429,68437,83370,Rhinolophus ferrumequinum,0.029,0.029,-1,Echolocation,/mnt/ubna_data_02_mir/recover-20220922/UBNA_001/20220921_090000.WAV,Telephone Field,recover-20220922,001,1795
682.4205,682.4605,68437,82689,Rhinolophus ferrumequinum,0.022,0.022,-1,Echolocation,/mnt/ubna_data_02_mir/recover-20220922/UBNA_001/20220921_090000.WAV,Telephone Field,recover-20220922,001,1795
682.4645,682.4766,22890,27440,Nyctalus leisleri,0.012,0.023,-1,Echolocation,/mnt/ubna_data_02_mir/recover-20220922/UBNA_001/20220921_090000.WAV,Telephone Field,recover-20220922,001,1795
682.4915,682.5287,68437,82152,Rhinolophus ferrumequinum,0.022,0.022,-1,Echolocation,/mnt/ubna_data_02_mir/recover-20220922/UBNA_001/20220921_090000.WAV,Telephone Field,recover-20220922,001,1795
682.5075,682.5173,24609,30974,Nyctalus leisleri,0.011,0.026,-1,Echolocation,/mnt/ubna_data_02_mir/recover-20220922/UBNA_001/20220921_090000.WAV,Telephone Field,recover-20220922,001,1795
682.5375,682.5751,68437,81461,Rhinolophus ferrumequinum,0.026,0.026,-1,Echolocation,/mnt/ubna_data_02_mir/recover-20220922/UBNA_001/20220921_090000.WAV,Telephone Field,recover-20220922,001,1795
682.5555,682.597,68437,82701,Rhinolophus ferrumequinum,0.025,0.025,-1,Echolocation,/mnt/ubna_data_02_mir/recover-20220922/UBNA_001/20220921_090000.WAV,Telephone Field,recover-20220922,001,1795
682.5785,682.6162,68437,82684,Rhinolophus ferrumequinum,0.024,0.024,-1,Echolocation,/mnt/ubna_data_02_mir/recover-20220922/UBNA_001/20220921_090000.WAV,Telephone Field,recover-20220922,001,1795
682.5785,682.5886,28046,35390,Eptesicus serotinus,0.021,0.038,-1,Echolocation,/mnt/ubna_data_02_mir/recover-20220922/UBNA_001/20220921_090000.WAV,Telephone Field,recover-20220922,001,1795
682.6215,682.6626,68437,82975,Rhinolophus ferrumequinum,0.022,0.022,-1,Echolocation,/mnt/ubna_data_02_mir/recover-20220922/UBNA_001/20220921_090000.WAV,Telephone Field,recover-20220922,001,1795
682.6375,682.6459,48671,53063,Pipistrellus pipistrellus,0.039,0.041,-1,Echolocation,/mnt/ubna_data_02_mir/recover-20220922/UBNA_001/20220921_090000.WAV,Telephone Field,recover-20220922,001,1795
682.6955,682.7334,68437,82142,Rhinolophus ferrumequinum,0.023,0.023,-1,Echolocation,/mnt/ubna_data_02_mir/recover-20220922/UBNA_001/20220921_090000.WAV,Telephone Field,recover-20220922,001,1795
682.6995,682.7069,26328,39293,Eptesicus serotinus,0.005,0.022,-1,Echolocation,/mnt/ubna_data_02_mir/recover-20220922/UBNA_001/20220921_090000.WAV,Telephone Field,recover-20220922,001,1795
682.7045,682.7136,27187,35661,Eptesicus serotinus,0.007,0.022,-1,Echolocation,/mnt/ubna_data_02_mir/recover-20220922/UBNA_001/20220921_090000.WAV,Telephone Field,recover-20220922,001,1795
682.7115,682.7502,68437,81741,Rhinolophus ferrumequinum,0.021,0.022,-1,Echolocation,/mnt/ubna_data_02_mir/recover-20220922/UBNA_001/20220921_090000.WAV,Telephone Field,recover-20220922,001,1795
682.7375,682.7449,28046,36998,Eptesicus serotinus,0.007,0.022,-1,Echolocation,/mnt/ubna_data_02_mir/recover-20220922/UBNA_001/20220921_090000.WAV,Telephone Field,recover-20220922,001,1795
682.7455,682.7813,68437,81107,Rhinolophus ferrumequinum,0.022,0.022,-1,Echolocation,/mnt/ubna_data_02_mir/recover-20220922/UBNA_001/20220921_090000.WAV,Telephone Field,recover-20220922,001,1795
682.8195,682.8598,68437,82530,Rhinolophus ferrumequinum,0.024,0.024,-1,Echolocation,/mnt/ubna_data_02_mir/recover-20220922/UBNA_001/20220921_090000.WAV,Telephone Field,recover-20220922,001,1795
682.8325,682.8729,68437,81979,Rhinolophus ferrumequinum,0.023,0.023,-1,Echolocation,/mnt/ubna_data_02_mir/recover-20220922/UBNA_001/20220921_090000.WAV,Telephone Field,recover-20220922,001,1795
682.8375,682.845,28046,38414,Eptesicus serotinus,0.009,0.025,-1,Echolocation,/mnt/ubna_data_02_mir/recover-20220922/UBNA_001/20220921_090000.WAV,Telephone Field,recover-20220922,001,1795
682.8545,682.89,68437,81099,Rhinolophus ferrumequinum,0.022,0.022,-1,Echolocation,/mnt/ubna_data_02_mir/recover-20220922/UBNA_001/20220921_090000.WAV,Telephone Field,recover-20220922,001,1795
682.8635,682.8736,22031,27245,Nyctalus leisleri,0.009,0.021,-1,Echolocation,/mnt/ubna_data_02_mir/recover-20220922/UBNA_001/20220921_090000.WAV,Telephone Field,recover-20220922,001,1795
682.8645,682.9055,68437,81914,Rhinolophus ferrumequinum,0.022,0.022,-1,Echolocation,/mnt/ubna_data_02_mir/recover-20220922/UBNA_001/20220921_090000.WAV,Telephone Field,recover-20220922,001,1795
682.8765,682.8877,22031,26958,Nyctalus leisleri,0.011,0.025,-1,Echolocation,/mnt/ubna_data_02_mir/recover-20220922/UBNA_001/20220921_090000.WAV,Telephone Field,recover-20220922,001,1795
682.9105,682.9459,68437,81489,Rhinolophus ferrumequinum,0.022,0.022,-1,Echolocation,/mnt/ubna_data_02_mir/recover-20220922/UBNA_001/20220921_090000.WAV,Telephone Field,recover-20220922,001,1795
682.9105,682.9194,28046,37121,Eptesicus serotinus,0.008,0.023,-1,Echolocation,/mnt/ubna_data_02_mir/recover-20220922/UBNA_001/20220921_090000.WAV,Telephone Field,recover-20220922,001,1795
682.9215,682.9293,28046,36788,Eptesicus serotinus,0.007,0.021,-1,Echolocation,/mnt/ubna_data_02_mir/recover-20220922/UBNA_001/20220921_090000.WAV,Telephone Field,recover-20220922,001,1795
682.9405,682.9781,68437,82146,Rhinolophus ferrumequinum,0.021,0.021,-1,Echolocation,/mnt/ubna_data_02_mir/recover-20220922/UBNA_001/20220921_090000.WAV,Telephone Field,recover-20220922,001,1795
682.9645,683.0027,68437,81804,Rhinolophus ferrumequinum,0.021,0.021,-1,Echolocation,/mnt/ubna_data_02_mir/recover-20220922/UBNA_001/20220921_090000.WAV,Telephone Field,recover-20220922,001,1795
683.0025,683.0102,28046,40894,Eptesicus serotinus,0.008,0.025,-1,Echolocation,/mnt/ubna_data_02_mir/recover-20220922/UBNA_001/20220921_090000.WAV,Telephone Field,recover-20220922,001,1795
683.0075,683.0141,23750,32949,Plecotus austriacus,0.011,0.025,-1,Echolocation,/mnt/ubna_data_02_mir/recover-20220922/UBNA_001/20220921_090000.WAV,Telephone Field,recover-20220922,001,1795
683.0285,683.067,68437,82019,Rhinolophus ferrumequinum,0.024,0.024,-1,Echolocation,/mnt/ubna_data_02_mir/recover-20220922/UBNA_001/20220921_090000.WAV,Telephone Field,recover-20220922,001,1795
683.0395,683.0808,68437,82905,Rhinolophus ferrumequinum,0.03,0.03,-1,Echolocation,/mnt/ubna_data_02_mir/recover-20220922/UBNA_001/20220921_090000.WAV,Telephone Field,recover-20220922,001,1795
683.0715,683.1083,68437,82273,Rhinolophus ferrumequinum,0.026,0.026,-1,Echolocation,/mnt/ubna_data_02_mir/recover-20220922/UBNA_001/20220921_090000.WAV,Telephone Field,recover-20220922,001,1795
683.1285,683.1658,68437,81861,Rhinolophus ferrumequinum,0.021,0.022,-1,Echolocation,/mnt/ubna_data_02_mir/recover-20220922/UBNA_001/20220921_090000.WAV,Telephone Field,recover-20220922,001,1795
683.1525,683.1602,28046,38841,Eptesicus serotinus,0.006,0.021,-1,Echolocation,/mnt/ubna_data_02_mir/recover-20220922/UBNA_001/20220921_090000.WAV,Telephone Field,recover-20220922,001,1795
683.1685,683.1799,22031,25587,Nyctalus leisleri,0.013,0.022,-1,Echolocation,/mnt/ubna_data_02_mir/recover-20220922/UBNA_001/20220921_090000.WAV,Telephone Field,recover-20220922,001,1795
683.2245,683.2613,68437,81254,Rhinolophus ferrumequinum,0.031,0.031,-1,Echolocation,/mnt/ubna_data_02_mir/recover-20220922/UBNA_001/20220921_090000.WAV,Telephone Field,recover-20220922,001,1795
683.2375,683.2728,68437,80782,Rhinolophus ferrumequinum,0.022,0.022,-1,Echolocation,/mnt/ubna_data_02_mir/recover-20220922/UBNA_001/20220921_090000.WAV,Telephone Field,recover-20220922,001,1795
683.2405,683.2536,22031,26473,Nyctalus leisleri,0.014,0.027,-1,Echolocation,/mnt/ubna_data_02_mir/recover-20220922/UBNA_001/20220921_090000.WAV,Telephone Field,recover-20220922,001,1795
683.2505,683.2604,23750,29618,Nyctalus leisleri,0.009,0.022,-1,Echolocation,/mnt/ubna_data_02_mir/recover-20220922/UBNA_001/20220921_090000.WAV,Telephone Field,recover-20220922,001,1795
683.3035,683.3477,68437,83341,Rhinolophus ferrumequinum,0.034,0.034,-1,Echolocation,/mnt/ubna_data_02_mir/recover-20220922/UBNA_001/20220921_090000.WAV,Telephone Field,recover-20220922,001,1795
683.3445,683.3836,68437,82151,Rhinolophus ferrumequinum,0.022,0.022,-1,Echolocation,/mnt/ubna_data_02_mir/recover-20220922/UBNA_001/20220921_090000.WAV,Telephone Field,recover-20220922,001,1795
683.3605,683.4,68437,82138,Rhinolophus ferrumequinum,0.022,0.022,-1,Echolocation,/mnt/ubna_data_02_mir/recover-20220922/UBNA_001/20220921_090000.WAV,Telephone Field,recover-20220922,001,1795
683.3935,683.4333,68437,81573,Rhinolophus ferrumequinum,0.023,0.023,-1,Echolocation,/mnt/ubna_data_02_mir/recover-20220922/UBNA_001/20220921_090000.WAV,Telephone Field,recover-20220922,001,1795
683.4145,683.4234,27187,35631,Eptesicus serotinus,0.009,0.024,-1,Echolocation,/mnt/ubna_data_02_mir/recover-20220922/UBNA_001/20220921_090000.WAV,Telephone Field,recover-20220922,001,1795
683.4165,683.4556,68437,81884,Rhinolophus ferrumequinum,0.022,0.022,-1,Echolocation,/mnt/ubna_data_02_mir/recover-20220922/UBNA_001/20220921_090000.WAV,Telephone Field,recover-20220922,001,1795
683.4245,683.4613,68437,82292,Rhinolophus ferrumequinum,0.023,0.023,-1,Echolocation,/mnt/ubna_data_02_mir/recover-20220922/UBNA_001/20220921_090000.WAV,Telephone Field,recover-20220922,001,1795
683.4375,683.4802,68437,82905,Rhinolophus ferrumequinum,0.043,0.043,-1,Echolocation,/mnt/ubna_data_02_mir/recover-20220922/UBNA_001/20220921_090000.WAV,Telephone Field,recover-20220922,001,1795
683.4765,683.4869,22031,26888,Nyctalus leisleri,0.01,0.021,-1,Echolocation,/mnt/ubna_data_02_mir/recover-20220922/UBNA_001/20220921_090000.WAV,Telephone Field,recover-20220922,001,1795
683.5045,683.5443,68437,82531,Rhinolophus ferrumequinum,0.023,0.023,-1,Echolocation,/mnt/ubna_data_02_mir/recover-20220922/UBNA_001/20220921_090000.WAV,Telephone Field,recover-20220922,001,1795
683.5045,683.5143,22890,28284,Nyctalus leisleri,0.01,0.021,-1,Echolocation,/mnt/ubna_data_02_mir/recover-20220922/UBNA_001/20220921_090000.WAV,Telephone Field,recover-20220922,001,1795
683.5105,683.5176,47812,51390,Pipistrellus pipistrellus,0.021,0.022,-1,Echolocation,/mnt/ubna_data_02_mir/recover-20220922/UBNA_001/20220921_090000.WAV,Telephone Field,recover-20220922,001,1795
683.5215,683.5327,23750,30425,Nyctalus leisleri,0.011,0.029,-1,Echolocation,/mnt/ubna_data_02_mir/recover-20220922/UBNA_001/20220921_090000.WAV,Telephone Field,recover-20220922,001,1795
683.5535,683.5892,68437,81272,Rhinolophus ferrumequinum,0.021,0.021,-1,Echolocation,/mnt/ubna_data_02_mir/recover-20220922/UBNA_001/20220921_090000.WAV,Telephone Field,recover-20220922,001,1795
683.6045,683.6485,68437,82967,Rhinolophus ferrumequinum,0.035,0.035,-1,Echolocation,/mnt/ubna_data_02_mir/recover-20220922/UBNA_001/20220921_090000.WAV,Telephone Field,recover-20220922,001,1795
683.6445,683.6782,68437,80818,Rhinolophus ferrumequinum,0.023,0.023,-1,Echolocation,/mnt/ubna_data_02_mir/recover-20220922/UBNA_001/20220921_090000.WAV,Telephone Field,recover-20220922,001,1795
683.6935,683.7375,68437,83131,Rhinolophus ferrumequinum,0.052,0.052,-1,Echolocation,/mnt/ubna_data_02_mir/recover-20220922/UBNA_001/20220921_090000.WAV,Telephone Field,recover-20220922,001,1795
683.7095,683.7204,22031,26853,Nyctalus leisleri,0.01,0.021,-1,Echolocation,/mnt/ubna_data_02_mir/recover-20220922/UBNA_001/20220921_090000.WAV,Telephone Field,recover-20220922,001,1795
683.7225,683.7632,68437,83341,Rhinolophus ferrumequinum,0.025,0.025,-1,Echolocation,/mnt/ubna_data_02_mir/recover-20220922/UBNA_001/20220921_090000.WAV,Telephone Field,recover-20220922,001,1795
683.7705,683.7809,28046,37119,Eptesicus serotinus,0.01,0.023,-1,Echolocation,/mnt/ubna_data_02_mir/recover-20220922/UBNA_001/20220921_090000.WAV,Telephone Field,recover-20220922,001,1795
683.8315,683.8721,68437,81843,Rhinolophus ferrumequinum,0.022,0.022,-1,Echolocation,/mnt/ubna_data_02_mir/recover-20220922/UBNA_001/20220921_090000.WAV,Telephone Field,recover-20220922,001,1795
683.8355,683.8502,23750,29185,Nyctalus leisleri,0.016,0.033,-1,Echolocation,/mnt/ubna_data_02_mir/recover-20220922/UBNA_001/20220921_090000.WAV,Telephone Field,recover-20220922,001,1795
683.8365,683.8738,68437,81477,Rhinolophus ferrumequinum,0.022,0.022,-1,Echolocation,/mnt/ubna_data_02_mir/recover-20220922/UBNA_001/20220921_090000.WAV,Telephone Field,recover-20220922,001,1795
683.8475,683.8879,68437,82084,Rhinolophus ferrumequinum,0.025,0.025,-1,Echolocation,/mnt/ubna_data_02_mir/recover-20220922/UBNA_001/20220921_090000.WAV,Telephone Field,recover-20220922,001,1795
683.8515,683.8599,51250,55738,Pipistrellus pipistrellus,0.022,0.027,-1,Echolocation,/mnt/ubna_data_02_mir/recover-20220922/UBNA_001/20220921_090000.WAV,Telephone Field,recover-20220922,001,1795
683.8595,683.8674,28046,35395,Eptesicus serotinus,0.015,0.036,-1,Echolocation,/mnt/ubna_data_02_mir/recover-20220922/UBNA_001/20220921_090000.WAV,Telephone Field,recover-20220922,001,1795
683.9095,683.9464,68437,81864,Rhinolophus ferrumequinum,0.021,0.021,-1,Echolocation,/mnt/ubna_data_02_mir/recover-20220922/UBNA_001/20220921_090000.WAV,Telephone Field,recover-20220922,001,1795
683.9525,683.9917,68437,82503,Rhinolophus ferrumequinum,0.023,0.024,-1,Echolocation,/mnt/ubna_data_02_mir/recover-20220922/UBNA_001/20220921_090000.WAV,Telephone Field,recover-20220922,001,1795
683.9825,683.9917,27187,36422,Eptesicus serotinus,0.009,0.021,-1,Echolocation,/mnt/ubna_data_02_mir/recover-20220922/UBNA_001/20220921_090000.WAV,Telephone Field,recover-20220922,001,1795
684.0015,684.0092,26328,38816,Eptesicus serotinus,0.01,0.047,-1,Echolocation,/mnt/ubna_data_02_mir/recover-20220922/UBNA_001/20220921_090000.WAV,Telephone Field,recover-20220922,001,1795
684.0015,684.0098,45234,50087,Pipistrellus pipistrellus,0.019,0.024,-1,Echolocation,/mnt/ubna_data_02_mir/recover-20220922/UBNA_001/20220921_090000.WAV,Telephone Field,recover-20220922,001,1795
684.0015,684.0349,68437,79626,Rhinolophus ferrumequinum,0.039,0.04,-1,Echolocation,/mnt/ubna_data_02_mir/recover-20220922/UBNA_001/20220921_090000.WAV,Telephone Field,recover-20220922,001,1795
684.0125,684.0537,68437,82478,Rhinolophus ferrumequinum,0.029,0.029,-1,Echolocation,/mnt/ubna_data_02_mir/recover-20220922/UBNA_001/20220921_090000.WAV,Telephone Field,recover-20220922,001,1795
684.0195,684.0616,68437,82275,Rhinolophus ferrumequinum,0.024,0.024,-1,Echolocation,/mnt/ubna_data_02_mir/recover-20220922/UBNA_001/20220921_090000.WAV,Telephone Field,recover-20220922,001,1795
684.0195,684.0268,27187,39613,Eptesicus serotinus,0.009,0.023,-1,Echolocation,/mnt/ubna_data_02_mir/recover-20220922/UBNA_001/20220921_090000.WAV,Telephone Field,recover-20220922,001,1795
684.0195,684.0272,31484,41752,Myotis daubentonii,0.006,0.023,-1,Echolocation,/mnt/ubna_data_02_mir/recover-20220922/UBNA_001/20220921_090000.WAV,Telephone Field,recover-20220922,001,1795
684.0245,684.0659,68437,81979,Rhinolophus ferrumequinum,0.023,0.023,-1,Echolocation,/mnt/ubna_data_02_mir/recover-20220922/UBNA_001/20220921_090000.WAV,Telephone Field,recover-20220922,001,1795
684.0315,684.0396,28046,37852,Eptesicus serotinus,0.008,0.024,-1,Echolocation,/mnt/ubna_data_02_mir/recover-20220922/UBNA_001/20220921_090000.WAV,Telephone Field,recover-20220922,001,1795
684.0335,684.0442,33203,38757,Barbastellus barbastellus,0.006,0.026,-1,Echolocation,/mnt/ubna_data_02_mir/recover-20220922/UBNA_001/20220921_090000.WAV,Telephone Field,recover-20220922,001,1795
684.0535,684.0634,28046,35869,Eptesicus serotinus,0.013,0.026,-1,Echolocation,/mnt/ubna_data_02_mir/recover-20220922/UBNA_001/20220921_090000.WAV,Telephone Field,recover-20220922,001,1795
684.0555,684.0955,68437,82210,Rhinolophus ferrumequinum,0.022,0.022,-1,Echolocation,/mnt/ubna_data_02_mir/recover-20220922/UBNA_001/20220921_090000.WAV,Telephone Field,recover-20220922,001,1795
684.0575,684.0722,44375,47388,Pipistrellus pipistrellus,0.043,0.051,-1,Echolocation,/mnt/ubna_data_02_mir/recover-20220922/UBNA_001/20220921_090000.WAV,Telephone Field,recover-20220922,001,1795
684.0685,684.107,68437,81908,Rhinolophus ferrumequinum,0.024,0.024,-1,Echolocation,/mnt/ubna_data_02_mir/recover-20220922/UBNA_001/20220921_090000.WAV,Telephone Field,recover-20220922,001,1795
684.0795,684.1204,68437,82476,Rhinolophus ferrumequinum,0.023,0.023,-1,Echolocation,/mnt/ubna_data_02_mir/recover-20220922/UBNA_001/20220921_090000.WAV,Telephone Field,recover-20220922,001,1795
684.0875,684.1299,68437,82551,Rhinolophus ferrumequinum,0.022,0.022,-1,Echolocation,/mnt/ubna_data_02_mir/recover-20220922/UBNA_001/20220921_090000.WAV,Telephone Field,recover-20220922,001,1795
684.0945,684.1355,68437,82768,Rhinolophus ferrumequinum,0.023,0.023,-1,Echolocation,/mnt/ubna_data_02_mir/recover-20220922/UBNA_001/20220921_090000.WAV,Telephone Field,recover-20220922,001,1795
684.1075,684.1451,68437,81417,Rhinolophus ferrumequinum,0.023,0.023,-1,Echolocation,/mnt/ubna_data_02_mir/recover-20220922/UBNA_001/20220921_090000.WAV,Telephone Field,recover-20220922,001,1795
684.1195,684.1302,22031,26445,Nyctalus leisleri,0.014,0.025,-1,Echolocation,/mnt/ubna_data_02_mir/recover-20220922/UBNA_001/20220921_090000.WAV,Telephone Field,recover-20220922,001,1795
684.1725,684.2123,68437,83078,Rhinolophus ferrumequinum,0.028,0.028,-1,Echolocation,/mnt/ubna_data_02_mir/recover-20220922/UBNA_001/20220921_090000.WAV,Telephone Field,recover-20220922,001,1795
684.1895,684.2029,58984,64222,Pipistrellus pygmaeus,0.036,0.036,-1,Echolocation,/mnt/ubna_data_02_mir/recover-20220922/UBNA_001/20220921_090000.WAV,Telephone Field,recover-20220922,001,1795
684.2075,684.2476,68437,82695,Rhinolophus ferrumequinum,0.025,0.025,-1,Echolocation,/mnt/ubna_data_02_mir/recover-20220922/UBNA_001/20220921_090000.WAV,Telephone Field,recover-20220922,001,1795
684.2135,684.2508,68437,81824,Rhinolophus ferrumequinum,0.025,0.025,-1,Echolocation,/mnt/ubna_data_02_mir/recover-20220922/UBNA_001/20220921_090000.WAV,Telephone Field,recover-20220922,001,1795
684.2425,684.2821,68437,82144,Rhinolophus ferrumequinum,0.022,0.022,-1,Echolocation,/mnt/ubna_data_02_mir/recover-20220922/UBNA_001/20220921_090000.WAV,Telephone Field,recover-20220922,001,1795
684.2515,684.2561,38359,52940,Myotis bechsteinii,0.005,0.022,-1,Echolocation,/mnt/ubna_data_02_mir/recover-20220922/UBNA_001/20220921_090000.WAV,Telephone Field,recover-20220922,001,1795
684.2745,684.3107,68437,82086,Rhinolophus ferrumequinum,0.021,0.021,-1,Echolocation,/mnt/ubna_data_02_mir/recover-20220922/UBNA_001/20220921_090000.WAV,Telephone Field,recover-20220922,001,1795
684.3115,684.3474,68437,82094,Rhinolophus ferrumequinum,0.023,0.023,-1,Echolocation,/mnt/ubna_data_02_mir/recover-20220922/UBNA_001/20220921_090000.WAV,Telephone Field,recover-20220922,001,1795
684.3705,684.4106,68437,82168,Rhinolophus ferrumequinum,0.021,0.021,-1,Echolocation,/mnt/ubna_data_02_mir/recover-20220922/UBNA_001/20220921_090000.WAV,Telephone Field,recover-20220922,001,1795
684.3755,684.4158,68437,82519,Rhinolophus ferrumequinum,0.021,0.021,-1,Echolocation,/mnt/ubna_data_02_mir/recover-20220922/UBNA_001/20220921_090000.WAV,Telephone Field,recover-20220922,001,1795
684.3835,684.4225,68437,82654,Rhinolophus ferrumequinum,0.022,0.022,-1,Echolocation,/mnt/ubna_data_02_mir/recover-20220922/UBNA_001/20220921_090000.WAV,Telephone Field,recover-20220922,001,1795
684.4075,684.4447,68437,81961,Rhinolophus ferrumequinum,0.032,0.032,-1,Echolocation,/mnt/ubna_data_02_mir/recover-20220922/UBNA_001/20220921_090000.WAV,Telephone Field,recover-20220922,001,1795
684.4285,684.4663,68437,81940,Rhinolophus ferrumequinum,0.021,0.021,-1,Echolocation,/mnt/ubna_data_02_mir/recover-20220922/UBNA_001/20220921_090000.WAV,Telephone Field,recover-20220922,001,1795
684.4345,684.4425,28906,38873,Eptesicus serotinus,0.007,0.021,-1,Echolocation,/mnt/ubna_data_02_mir/recover-20220922/UBNA_001/20220921_090000.WAV,Telephone Field,recover-20220922,001,1795
684.4865,684.5275,68437,83122,Rhinolophus ferrumequinum,0.035,0.035,-1,Echolocation,/mnt/ubna_data_02_mir/recover-20220922/UBNA_001/20220921_090000.WAV,Telephone Field,recover-20220922,001,1795
684.5165,684.5515,68437,81290,Rhinolophus ferrumequinum,0.021,0.021,-1,Echolocation,/mnt/ubna_data_02_mir/recover-20220922/UBNA_001/20220921_090000.WAV,Telephone Field,recover-20220922,001,1795
684.5425,684.5494,24609,33902,Plecotus austriacus,0.007,0.022,-1,Echolocation,/mnt/ubna_data_02_mir/recover-20220922/UBNA_001/20220921_090000.WAV,Telephone Field,recover-20220922,001,1795
684.5455,684.5848,68437,83028,Rhinolophus ferrumequinum,0.026,0.026,-1,Echolocation,/mnt/ubna_data_02_mir/recover-20220922/UBNA_001/20220921_090000.WAV,Telephone Field,recover-20220922,001,1795
684.5545,684.5966,68437,83321,Rhinolophus ferrumequinum,0.036,0.036,-1,Echolocation,/mnt/ubna_data_02_mir/recover-20220922/UBNA_001/20220921_090000.WAV,Telephone Field,recover-20220922,001,1795
684.5555,684.5642,37500,44008,Pipistrellus nathusii,0.011,0.026,-1,Echolocation,/mnt/ubna_data_02_mir/recover-20220922/UBNA_001/20220921_090000.WAV,Telephone Field,recover-20220922,001,1795
684.5745,684.6109,68437,81590,Rhinolophus ferrumequinum,0.021,0.021,-1,Echolocation,/mnt/ubna_data_02_mir/recover-20220922/UBNA_001/20220921_090000.WAV,Telephone Field,recover-20220922,001,1795
684.5835,684.5906,25468,34539,Plecotus austriacus,0.007,0.025,-1,Echolocation,/mnt/ubna_data_02_mir/recover-20220922/UBNA_001/20220921_090000.WAV,Telephone Field,recover-20220922,001,1795
684.5965,684.6325,68437,82209,Rhinolophus ferrumequinum,0.021,0.021,-1,Echolocation,/mnt/ubna_data_02_mir/recover-20220922/UBNA_001/20220921_090000.WAV,Telephone Field,recover-20220922,001,1795
684.6115,684.62,26328,33922,Eptesicus serotinus,0.008,0.022,-1,Echolocation,/mnt/ubna_data_02_mir/recover-20220922/UBNA_001/20220921_090000.WAV,Telephone Field,recover-20220922,001,1795
684.6505,684.6592,28046,37231,Eptesicus serotinus,0.011,0.026,-1,Echolocation,/mnt/ubna_data_02_mir/recover-20220922/UBNA_001/20220921_090000.WAV,Telephone Field,recover-20220922,001,1795
684.6505,684.6887,68437,81413,Rhinolophus ferrumequinum,0.021,0.021,-1,Echolocation,/mnt/ubna_data_02_mir/recover-20220922/UBNA_001/20220921_090000.WAV,Telephone Field,recover-20220922,001,1795
684.6795,684.7184,68437,81902,Rhinolophus ferrumequinum,0.025,0.025,-1,Echolocation,/mnt/ubna_data_02_mir/recover-20220922/UBNA_001/20220921_090000.WAV,Telephone Field,recover-20220922,001,1795
684.7205,684.7591,68437,82378,Rhinolophus ferrumequinum,0.024,0.024,-1,Echolocation,/mnt/ubna_data_02_mir/recover-20220922/UBNA_001/20220921_090000.WAV,Telephone Field,recover-20220922,001,1795
684.7395,684.7489,22890,29022,Plecotus austriacus,0.011,0.029,-1,Echolocation,/mnt/ubna_data_02_mir/recover-20220922/UBNA_001/20220921_090000.WAV,Telephone Field,recover-20220922,001,1795
684.7445,684.7543000000001,49531,53685,Pipistrellus pipistrellus,0.021,0.025,-1,Echolocation,/mnt/ubna_data_02_mir/recover-20220922/UBNA_001/20220921_090000.WAV,Telephone Field,recover-20220922,001,1795
684.7855,684.7975,45234,48893,Pipistrellus pipistrellus,0.018,0.023,-1,Echolocation,/mnt/ubna_data_02_mir/recover-20220922/UBNA_001/20220921_090000.WAV,Telephone Field,recover-20220922,001,1795
684.7865,684.7944,23750,31959,Plecotus austriacus,0.009,0.023,-1,Echolocation,/mnt/ubna_data_02_mir/recover-20220922/UBNA_001/20220921_090000.WAV,Telephone Field,recover-20220922,001,1795
684.7865,684.8284,68437,83575,Rhinolophus ferrumequinum,0.029,0.029,-1,Echolocation,/mnt/ubna_data_02_mir/recover-20220922/UBNA_001/20220921_090000.WAV,Telephone Field,recover-20220922,001,1795
684.7875,684.7945,28906,41421,Eptesicus serotinus,0.007,0.023,-1,Echolocation,/mnt/ubna_data_02_mir/recover-20220922/UBNA_001/20220921_090000.WAV,Telephone Field,recover-20220922,001,1795
684.8305,684.8691,68437,82531,Rhinolophus ferrumequinum,0.022,0.022,-1,Echolocation,/mnt/ubna_data_02_mir/recover-20220922/UBNA_001/20220921_090000.WAV,Telephone Field,recover-20220922,001,1795
684.8495,684.8579,27187,38903,Eptesicus serotinus,0.008,0.021,-1,Echolocation,/mnt/ubna_data_02_mir/recover-20220922/UBNA_001/20220921_090000.WAV,Telephone Field,recover-20220922,001,1795
684.8955,684.9042,42656,48447,Pipistrellus pipistrellus,0.019,0.025,-1,Echolocation,/mnt/ubna_data_02_mir/recover-20220922/UBNA_001/20220921_090000.WAV,Telephone Field,recover-20220922,001,1795
684.8975,684.9374,68437,82121,Rhinolophus ferrumequinum,0.021,0.021,-1,Echolocation,/mnt/ubna_data_02_mir/recover-20220922/UBNA_001/20220921_090000.WAV,Telephone Field,recover-20220922,001,1795
684.8975,684.9082,23750,29636,Nyctalus leisleri,0.019,0.043,-1,Echolocation,/mnt/ubna_data_02_mir/recover-20220922/UBNA_001/20220921_090000.WAV,Telephone Field,recover-20220922,001,1795
684.9035,684.9432,68437,82249,Rhinolophus ferrumequinum,0.022,0.022,-1,Echolocation,/mnt/ubna_data_02_mir/recover-20220922/UBNA_001/20220921_090000.WAV,Telephone Field,recover-20220922,001,1795
684.9245,684.933,47812,51844,Pipistrellus pipistrellus,0.022,0.023,-1,Echolocation,/mnt/ubna_data_02_mir/recover-20220922/UBNA_001/20220921_090000.WAV,Telephone Field,recover-20220922,001,1795
684.9535,684.9601,22890,32273,Plecotus austriacus,0.01,0.022,-1,Echolocation,/mnt/ubna_data_02_mir/recover-20220922/UBNA_001/20220921_090000.WAV,Telephone Field,recover-20220922,001,1795
684.9545,684.9636,31484,38656,Barbastellus barbastellus,0.012,0.03,-1,Echolocation,/mnt/ubna_data_02_mir/recover-20220922/UBNA_001/20220921_090000.WAV,Telephone Field,recover-20220922,001,1795
684.9555,684.9948,68437,82436,Rhinolophus ferrumequinum,0.026,0.026,-1,Echolocation,/mnt/ubna_data_02_mir/recover-20220922/UBNA_001/20220921_090000.WAV,Telephone Field,recover-20220922,001,1795
684.9755,685.0093,68437,81343,Rhinolophus ferrumequinum,0.021,0.021,-1,Echolocation,/mnt/ubna_data_02_mir/recover-20220922/UBNA_001/20220921_090000.WAV,Telephone Field,recover-20220922,001,1795
684.9845,685.0203,68437,80328,Rhinolophus ferrumequinum,0.022,0.022,-1,Echolocation,/mnt/ubna_data_02_mir/recover-20220922/UBNA_001/20220921_090000.WAV,Telephone Field,recover-20220922,001,1795
685.0145,685.0218,28046,40282,Eptesicus serotinus,0.007,0.025,-1,Echolocation,/mnt/ubna_data_02_mir/recover-20220922/UBNA_001/20220921_090000.WAV,Telephone Field,recover-20220922,001,1795
685.0345,685.046,55546,61603,Pipistrellus pygmaeus,0.02,0.021,-1,Echolocation,/mnt/ubna_data_02_mir/recover-20220922/UBNA_001/20220921_090000.WAV,Telephone Field,recover-20220922,001,1795
685.0425,685.0803,68437,81930,Rhinolophus ferrumequinum,0.027,0.027,-1,Echolocation,/mnt/ubna_data_02_mir/recover-20220922/UBNA_001/20220921_090000.WAV,Telephone Field,recover-20220922,001,1795
685.0555,685.0648,27187,35610,Eptesicus serotinus,0.011,0.023,-1,Echolocation,/mnt/ubna_data_02_mir/recover-20220922/UBNA_001/20220921_090000.WAV,Telephone Field,recover-20220922,001,1795
685.0775,685.1136,68437,81761,Rhinolophus ferrumequinum,0.023,0.023,-1,Echolocation,/mnt/ubna_data_02_mir/recover-20220922/UBNA_001/20220921_090000.WAV,Telephone Field,recover-20220922,001,1795
685.1175,685.1557,68437,82350,Rhinolophus ferrumequinum,0.023,0.023,-1,Echolocation,/mnt/ubna_data_02_mir/recover-20220922/UBNA_001/20220921_090000.WAV,Telephone Field,recover-20220922,001,1795
685.1365,685.1767,68437,82486,Rhinolophus ferrumequinum,0.021,0.021,-1,Echolocation,/mnt/ubna_data_02_mir/recover-20220922/UBNA_001/20220921_090000.WAV,Telephone Field,recover-20220922,001,1795
685.1445,685.1561,27187,33522,Eptesicus serotinus,0.011,0.023,-1,Echolocation,/mnt/ubna_data_02_mir/recover-20220922/UBNA_001/20220921_090000.WAV,Telephone Field,recover-20220922,001,1795
685.1514999999999,685.1629,25468,30705,Nyctalus leisleri,0.009,0.022,-1,Echolocation,/mnt/ubna_data_02_mir/recover-20220922/UBNA_001/20220921_090000.WAV,Telephone Field,recover-20220922,001,1795
685.1715,685.1816,22031,27449,Nyctalus leisleri,0.01,0.024,-1,Echolocation,/mnt/ubna_data_02_mir/recover-20220922/UBNA_001/20220921_090000.WAV,Telephone Field,recover-20220922,001,1795
685.1935,685.2331,68437,82187,Rhinolophus ferrumequinum,0.023,0.023,-1,Echolocation,/mnt/ubna_data_02_mir/recover-20220922/UBNA_001/20220921_090000.WAV,Telephone Field,recover-20220922,001,1795
685.2665,685.276,28906,36683,Eptesicus serotinus,0.008,0.022,-1,Echolocation,/mnt/ubna_data_02_mir/recover-20220922/UBNA_001/20220921_090000.WAV,Telephone Field,recover-20220922,001,1795
685.2764999999999,685.2874,22031,26571,Nyctalus leisleri,0.011,0.022,-1,Echolocation,/mnt/ubna_data_02_mir/recover-20220922/UBNA_001/20220921_090000.WAV,Telephone Field,recover-20220922,001,1795
685.2805,685.2884,27187,38458,Eptesicus serotinus,0.006,0.021,-1,Echolocation,/mnt/ubna_data_02_mir/recover-20220922/UBNA_001/20220921_090000.WAV,Telephone Field,recover-20220922,001,1795
685.2915,685.3006,28906,37161,Eptesicus serotinus,0.014,0.03,-1,Echolocation,/mnt/ubna_data_02_mir/recover-20220922/UBNA_001/20220921_090000.WAV,Telephone Field,recover-20220922,001,1795
685.3145,685.3515,68437,82074,Rhinolophus ferrumequinum,0.023,0.023,-1,Echolocation,/mnt/ubna_data_02_mir/recover-20220922/UBNA_001/20220921_090000.WAV,Telephone Field,recover-20220922,001,1795
685.3265,685.3374,28046,36387,Eptesicus serotinus,0.021,0.035,-1,Echolocation,/mnt/ubna_data_02_mir/recover-20220922/UBNA_001/20220921_090000.WAV,Telephone Field,recover-20220922,001,1795
685.3505,685.3593,25468,33805,Eptesicus serotinus,0.008,0.022,-1,Echolocation,/mnt/ubna_data_02_mir/recover-20220922/UBNA_001/20220921_090000.WAV,Telephone Field,recover-20220922,001,1795
685.3565,685.3958,68437,82157,Rhinolophus ferrumequinum,0.025,0.026,-1,Echolocation,/mnt/ubna_data_02_mir/recover-20220922/UBNA_001/20220921_090000.WAV,Telephone Field,recover-20220922,001,1795
685.3595,685.3692,26328,34432,Eptesicus serotinus,0.011,0.024,-1,Echolocation,/mnt/ubna_data_02_mir/recover-20220922/UBNA_001/20220921_090000.WAV,Telephone Field,recover-20220922,001,1795
685.3745,685.3824,28046,40603,Eptesicus serotinus,0.008,0.023,-1,Echolocation,/mnt/ubna_data_02_mir/recover-20220922/UBNA_001/20220921_090000.WAV,Telephone Field,recover-20220922,001,1795
685.4315,685.4429,28046,36387,Eptesicus serotinus,0.017,0.031,-1,Echolocation,/mnt/ubna_data_02_mir/recover-20220922/UBNA_001/20220921_090000.WAV,Telephone Field,recover-20220922,001,1795
685.4525,685.489,68437,81763,Rhinolophus ferrumequinum,0.021,0.021,-1,Echolocation,/mnt/ubna_data_02_mir/recover-20220922/UBNA_001/20220921_090000.WAV,Telephone Field,recover-20220922,001,1795
685.4765,685.5147,68437,82650,Rhinolophus ferrumequinum,0.026,0.026,-1,Echolocation,/mnt/ubna_data_02_mir/recover-20220922/UBNA_001/20220921_090000.WAV,Telephone Field,recover-20220922,001,1795
685.4815,685.52,68437,82562,Rhinolophus ferrumequinum,0.027,0.027,-1,Echolocation,/mnt/ubna_data_02_mir/recover-20220922/UBNA_001/20220921_090000.WAV,Telephone Field,recover-20220922,001,1795
685.5035,685.5452,68437,83026,Rhinolophus ferrumequinum,0.026,0.026,-1,Echolocation,/mnt/ubna_data_02_mir/recover-20220922/UBNA_001/20220921_090000.WAV,Telephone Field,recover-20220922,001,1795
685.5055,685.5139,44375,53355,Pipistrellus pipistrellus,0.017,0.025,-1,Echolocation,/mnt/ubna_data_02_mir/recover-20220922/UBNA_001/20220921_090000.WAV,Telephone Field,recover-20220922,001,1795
685.5315,685.5683,68437,81736,Rhinolophus ferrumequinum,0.022,0.022,-1,Echolocation,/mnt/ubna_data_02_mir/recover-20220922/UBNA_001/20220921_090000.WAV,Telephone Field,recover-20220922,001,1795
685.5565,685.5967,68437,82628,Rhinolophus ferrumequinum,0.022,0.022,-1,Echolocation,/mnt/ubna_data_02_mir/recover-20220922/UBNA_001/20220921_090000.WAV,Telephone Field,recover-20220922,001,1795
685.6415,685.6825,68437,82913,Rhinolophus ferrumequinum,0.035,0.035,-1,Echolocation,/mnt/ubna_data_02_mir/recover-20220922/UBNA_001/20220921_090000.WAV,Telephone Field,recover-20220922,001,1795
685.6795,685.7171,68437,82103,Rhinolophus ferrumequinum,0.021,0.022,-1,Echolocation,/mnt/ubna_data_02_mir/recover-20220922/UBNA_001/20220921_090000.WAV,Telephone Field,recover-20220922,001,1795
685.6945,685.7333,68437,82342,Rhinolophus ferrumequinum,0.022,0.022,-1,Echolocation,/mnt/ubna_data_02_mir/recover-20220922/UBNA_001/20220921_090000.WAV,Telephone Field,recover-20220922,001,1795
685.7215,685.7632,68437,82664,Rhinolophus ferrumequinum,0.025,0.025,-1,Echolocation,/mnt/ubna_data_02_mir/recover-20220922/UBNA_001/20220921_090000.WAV,Telephone Field,recover-20220922,001,1795
685.7375,685.7472,51250,57900,Pipistrellus pipistrellus,0.023,0.033,-1,Echolocation,/mnt/ubna_data_02_mir/recover-20220922/UBNA_001/20220921_090000.WAV,Telephone Field,recover-20220922,001,1795
685.7595,685.7967,68437,81593,Rhinolophus ferrumequinum,0.025,0.025,-1,Echolocation,/mnt/ubna_data_02_mir/recover-20220922/UBNA_001/20220921_090000.WAV,Telephone Field,recover-20220922,001,1795
685.7815,685.8207,68437,82683,Rhinolophus ferrumequinum,0.028,0.029,-1,Echolocation,/mnt/ubna_data_02_mir/recover-20220922/UBNA_001/20220921_090000.WAV,Telephone Field,recover-20220922,001,1795
685.7905,685.8335,68437,83582,Rhinolophus ferrumequinum,0.034,0.034,-1,Echolocation,/mnt/ubna_data_02_mir/recover-20220922/UBNA_001/20220921_090000.WAV,Telephone Field,recover-20220922,001,1795
685.8025,685.8425,68437,82228,Rhinolophus ferrumequinum,0.025,0.025,-1,Echolocation,/mnt/ubna_data_02_mir/recover-20220922/UBNA_001/20220921_090000.WAV,Telephone Field,recover-20220922,001,1795
685.8205,685.8564,68437,81921,Rhinolophus ferrumequinum,0.022,0.022,-1,Echolocation,/mnt/ubna_data_02_mir/recover-20220922/UBNA_001/20220921_090000.WAV,Telephone Field,recover-20220922,001,1795
685.8285,685.8673,68437,82320,Rhinolophus ferrumequinum,0.024,0.024,-1,Echolocation,/mnt/ubna_data_02_mir/recover-20220922/UBNA_001/20220921_090000.WAV,Telephone Field,recover-20220922,001,1795
685.8485000000001,685.884,68437,81812,Rhinolophus ferrumequinum,0.022,0.022,-1,Echolocation,/mnt/ubna_data_02_mir/recover-20220922/UBNA_001/20220921_090000.WAV,Telephone Field,recover-20220922,001,1795
685.8795,685.9166,68437,82362,Rhinolophus ferrumequinum,0.024,0.024,-1,Echolocation,/mnt/ubna_data_02_mir/recover-20220922/UBNA_001/20220921_090000.WAV,Telephone Field,recover-20220922,001,1795
685.8875,685.8984,22890,28400,Nyctalus leisleri,0.009,0.022,-1,Echolocation,/mnt/ubna_data_02_mir/recover-20220922/UBNA_001/20220921_090000.WAV,Telephone Field,recover-20220922,001,1795
685.9005,685.9383,68437,82073,Rhinolophus ferrumequinum,0.024,0.024,-1,Echolocation,/mnt/ubna_data_02_mir/recover-20220922/UBNA_001/20220921_090000.WAV,Telephone Field,recover-20220922,001,1795
685.9075,685.9147,28046,36479,Eptesicus serotinus,0.008,0.021,-1,Echolocation,/mnt/ubna_data_02_mir/recover-20220922/UBNA_001/20220921_090000.WAV,Telephone Field,recover-20220922,001,1795
686.0015,686.0121,46093,51693,Pipistrellus pipistrellus,0.022,0.027,-1,Echolocation,/mnt/ubna_data_02_mir/recover-20220922/UBNA_001/20220921_090000.WAV,Telephone Field,recover-20220922,001,1795
686.0015,686.0105,25468,35557,Nyctalus leisleri,0.007,0.025,-1,Echolocation,/mnt/ubna_data_02_mir/recover-20220922/UBNA_001/20220921_090000.WAV,Telephone Field,recover-20220922,001,1795
686.0015,686.0329,68437,80027,Rhinolophus ferrumequinum,0.038,0.039,-1,Echolocation,/mnt/ubna_data_02_mir/recover-20220922/UBNA_001/20220921_090000.WAV,Telephone Field,recover-20220922,001,1795
686.0015,686.0121,21171,26890,Nyctalus leisleri,0.009,0.022,-1,Echolocation,/mnt/ubna_data_02_mir/recover-20220922/UBNA_001/20220921_090000.WAV,Telephone Field,recover-20220922,001,1795
686.0155,686.0572,68437,83352,Rhinolophus ferrumequinum,0.024,0.024,-1,Echolocation,/mnt/ubna_data_02_mir/recover-20220922/UBNA_001/20220921_090000.WAV,Telephone Field,recover-20220922,001,1795
686.0695,686.106,68437,81459,Rhinolophus ferrumequinum,0.023,0.023,-1,Echolocation,/mnt/ubna_data_02_mir/recover-20220922/UBNA_001/20220921_090000.WAV,Telephone Field,recover-20220922,001,1795
686.0905,686.0982,26328,39023,Eptesicus serotinus,0.006,0.021,-1,Echolocation,/mnt/ubna_data_02_mir/recover-20220922/UBNA_001/20220921_090000.WAV,Telephone Field,recover-20220922,001,1795
686.0925,686.1321,68437,83173,Rhinolophus ferrumequinum,0.028,0.028,-1,Echolocation,/mnt/ubna_data_02_mir/recover-20220922/UBNA_001/20220921_090000.WAV,Telephone Field,recover-20220922,001,1795
686.1405,686.1795,68437,82101,Rhinolophus ferrumequinum,0.023,0.023,-1,Echolocation,/mnt/ubna_data_02_mir/recover-20220922/UBNA_001/20220921_090000.WAV,Telephone Field,recover-20220922,001,1795
686.1825,686.2207,68437,82166,Rhinolophus ferrumequinum,0.02,0.02,-1,Echolocation,/mnt/ubna_data_02_mir/recover-20220922/UBNA_001/20220921_090000.WAV,Telephone Field,recover-20220922,001,1795
686.1965,686.2301,68437,81058,Rhinolophus ferrumequinum,0.025,0.025,-1,Echolocation,/mnt/ubna_data_02_mir/recover-20220922/UBNA_001/20220921_090000.WAV,Telephone Field,recover-20220922,001,1795
686.2285,686.2369,27187,38174,Eptesicus serotinus,0.007,0.02,-1,Echolocation,/mnt/ubna_data_02_mir/recover-20220922/UBNA_001/20220921_090000.WAV,Telephone Field,recover-20220922,001,1795
686.2355,686.2737,68437,82229,Rhinolophus ferrumequinum,0.021,0.021,-1,Echolocation,/mnt/ubna_data_02_mir/recover-20220922/UBNA_001/20220921_090000.WAV,Telephone Field,recover-20220922,001,1795
686.2455,686.2554,22890,28953,Nyctalus leisleri,0.007,0.021,-1,Echolocation,/mnt/ubna_data_02_mir/recover-20220922/UBNA_001/20220921_090000.WAV,Telephone Field,recover-20220922,001,1795
686.2705,686.3102,68437,82397,Rhinolophus ferrumequinum,0.024,0.024,-1,Echolocation,/mnt/ubna_data_02_mir/recover-20220922/UBNA_001/20220921_090000.WAV,Telephone Field,recover-20220922,001,1795
686.3335,686.3444,23750,30779,Eptesicus serotinus,0.009,0.025,-1,Echolocation,/mnt/ubna_data_02_mir/recover-20220922/UBNA_001/20220921_090000.WAV,Telephone Field,recover-20220922,001,1795
686.3365,686.3732,68437,81500,Rhinolophus ferrumequinum,0.021,0.021,-1,Echolocation,/mnt/ubna_data_02_mir/recover-20220922/UBNA_001/20220921_090000.WAV,Telephone Field,recover-20220922,001,1795
686.3935,686.433,68437,82245,Rhinolophus ferrumequinum,0.023,0.023,-1,Echolocation,/mnt/ubna_data_02_mir/recover-20220922/UBNA_001/20220921_090000.WAV,Telephone Field,recover-20220922,001,1795
686.4135,686.4554,68437,83096,Rhinolophus ferrumequinum,0.03,0.03,-1,Echolocation,/mnt/ubna_data_02_mir/recover-20220922/UBNA_001/20220921_090000.WAV,Telephone Field,recover-20220922,001,1795
686.4415,686.4793999999999,68437,81756,Rhinolophus ferrumequinum,0.022,0.022,-1,Echolocation,/mnt/ubna_data_02_mir/recover-20220922/UBNA_001/20220921_090000.WAV,Telephone Field,recover-20220922,001,1795
686.4725,686.4929,19453,22301,Nyctalus leisleri,0.013,0.025,-1,Echolocation,/mnt/ubna_data_02_mir/recover-20220922/UBNA_001/20220921_090000.WAV,Telephone Field,recover-20220922,001,1795
686.5025,686.544,68437,82458,Rhinolophus ferrumequinum,0.023,0.023,-1,Echolocation,/mnt/ubna_data_02_mir/recover-20220922/UBNA_001/20220921_090000.WAV,Telephone Field,recover-20220922,001,1795
686.5025,686.5132,37500,42200,Pipistrellus nathusii,0.017,0.026,-1,Echolocation,/mnt/ubna_data_02_mir/recover-20220922/UBNA_001/20220921_090000.WAV,Telephone Field,recover-20220922,001,1795
686.5295,686.5423,28906,35329,Eptesicus serotinus,0.031,0.047,-1,Echolocation,/mnt/ubna_data_02_mir/recover-20220922/UBNA_001/20220921_090000.WAV,Telephone Field,recover-20220922,001,1795
686.5495,686.5595,48671,52613,Pipistrellus pipistrellus,0.03,0.034,-1,Echolocation,/mnt/ubna_data_02_mir/recover-20220922/UBNA_001/20220921_090000.WAV,Telephone Field,recover-20220922,001,1795
686.5605,686.5975,68437,81263,Rhinolophus ferrumequinum,0.021,0.021,-1,Echolocation,/mnt/ubna_data_02_mir/recover-20220922/UBNA_001/20220921_090000.WAV,Telephone Field,recover-20220922,001,1795
686.5645,686.5735,16015,23349,Plecotus austriacus,0.013,0.034,-1,Echolocation,/mnt/ubna_data_02_mir/recover-20220922/UBNA_001/20220921_090000.WAV,Telephone Field,recover-20220922,001,1795
686.5725,686.5805,28046,41057,Eptesicus serotinus,0.008,0.023,-1,Echolocation,/mnt/ubna_data_02_mir/recover-20220922/UBNA_001/20220921_090000.WAV,Telephone Field,recover-20220922,001,1795
686.5805,686.621,68437,82481,Rhinolophus ferrumequinum,0.021,0.021,-1,Echolocation,/mnt/ubna_data_02_mir/recover-20220922/UBNA_001/20220921_090000.WAV,Telephone Field,recover-20220922,001,1795
686.5815,686.5903,28046,36964,Eptesicus serotinus,0.011,0.029,-1,Echolocation,/mnt/ubna_data_02_mir/recover-20220922/UBNA_001/20220921_090000.WAV,Telephone Field,recover-20220922,001,1795
686.5975,686.6378,68437,82939,Rhinolophus ferrumequinum,0.023,0.023,-1,Echolocation,/mnt/ubna_data_02_mir/recover-20220922/UBNA_001/20220921_090000.WAV,Telephone Field,recover-20220922,001,1795
686.6055,686.6129,28046,40175,Eptesicus serotinus,0.009,0.026,-1,Echolocation,/mnt/ubna_data_02_mir/recover-20220922/UBNA_001/20220921_090000.WAV,Telephone Field,recover-20220922,001,1795
686.6365,686.6764000000001,68437,81946,Rhinolophus ferrumequinum,0.022,0.022,-1,Echolocation,/mnt/ubna_data_02_mir/recover-20220922/UBNA_001/20220921_090000.WAV,Telephone Field,recover-20220922,001,1795
686.6445,686.6851,68437,82348,Rhinolophus ferrumequinum,0.022,0.022,-1,Echolocation,/mnt/ubna_data_02_mir/recover-20220922/UBNA_001/20220921_090000.WAV,Telephone Field,recover-20220922,001,1795
686.6555,686.6639,28046,37300,Eptesicus serotinus,0.007,0.021,-1,Echolocation,/mnt/ubna_data_02_mir/recover-20220922/UBNA_001/20220921_090000.WAV,Telephone Field,recover-20220922,001,1795
686.6675,686.7071,68437,82126,Rhinolophus ferrumequinum,0.021,0.021,-1,Echolocation,/mnt/ubna_data_02_mir/recover-20220922/UBNA_001/20220921_090000.WAV,Telephone Field,recover-20220922,001,1795
686.6685,686.6788,23750,29748,Nyctalus leisleri,0.008,0.02,-1,Echolocation,/mnt/ubna_data_02_mir/recover-20220922/UBNA_001/20220921_090000.WAV,Telephone Field,recover-20220922,001,1795
686.6855,686.7244,68437,82614,Rhinolophus ferrumequinum,0.021,0.021,-1,Echolocation,/mnt/ubna_data_02_mir/recover-20220922/UBNA_001/20220921_090000.WAV,Telephone Field,recover-20220922,001,1795
686.7115,686.7472,68437,81329,Rhinolophus ferrumequinum,0.021,0.021,-1,Echolocation,/mnt/ubna_data_02_mir/recover-20220922/UBNA_001/20220921_090000.WAV,Telephone Field,recover-20220922,001,1795
686.7165,686.7234,28046,37407,Eptesicus serotinus,0.006,0.023,-1,Echolocation,/mnt/ubna_data_02_mir/recover-20220922/UBNA_001/20220921_090000.WAV,Telephone Field,recover-20220922,001,1795
686.7455,686.7569,23750,29774,Nyctalus leisleri,0.011,0.025,-1,Echolocation,/mnt/ubna_data_02_mir/recover-20220922/UBNA_001/20220921_090000.WAV,Telephone Field,recover-20220922,001,1795
686.7715,686.7811,28046,36598,Eptesicus serotinus,0.009,0.021,-1,Echolocation,/mnt/ubna_data_02_mir/recover-20220922/UBNA_001/20220921_090000.WAV,Telephone Field,recover-20220922,001,1795
686.7955,686.8302,68437,80836,Rhinolophus ferrumequinum,0.027,0.027,-1,Echolocation,/mnt/ubna_data_02_mir/recover-20220922/UBNA_001/20220921_090000.WAV,Telephone Field,recover-20220922,001,1795
686.8495,686.8908,68437,82978,Rhinolophus ferrumequinum,0.022,0.022,-1,Echolocation,/mnt/ubna_data_02_mir/recover-20220922/UBNA_001/20220921_090000.WAV,Telephone Field,recover-20220922,001,1795
686.8705,686.8808,28046,40601,Eptesicus serotinus,0.012,0.026,-1,Echolocation,/mnt/ubna_data_02_mir/recover-20220922/UBNA_001/20220921_090000.WAV,Telephone Field,recover-20220922,001,1795
686.8745,686.9142,68437,82028,Rhinolophus ferrumequinum,0.026,0.026,-1,Echolocation,/mnt/ubna_data_02_mir/recover-20220922/UBNA_001/20220921_090000.WAV,Telephone Field,recover-20220922,001,1795
686.9905,687.0298,68437,82182,Rhinolophus ferrumequinum,0.021,0.021,-1,Echolocation,/mnt/ubna_data_02_mir/recover-20220922/UBNA_001/20220921_090000.WAV,Telephone Field,recover-20220922,001,1795
687.0055,687.0464,68437,83026,Rhinolophus ferrumequinum,0.028,0.028,-1,Echolocation,/mnt/ubna_data_02_mir/recover-20220922/UBNA_001/20220921_090000.WAV,Telephone Field,recover-20220922,001,1795
687.0155,687.0537,68437,81521,Rhinolophus ferrumequinum,0.023,0.023,-1,Echolocation,/mnt/ubna_data_02_mir/recover-20220922/UBNA_001/20220921_090000.WAV,Telephone Field,recover-20220922,001,1795
687.0175,687.0255,25468,34155,Eptesicus serotinus,0.007,0.021,-1,Echolocation,/mnt/ubna_data_02_mir/recover-20220922/UBNA_001/20220921_090000.WAV,Telephone Field,recover-20220922,001,1795
687.0365,687.0758,68437,81800,Rhinolophus ferrumequinum,0.021,0.021,-1,Echolocation,/mnt/ubna_data_02_mir/recover-20220922/UBNA_001/20220921_090000.WAV,Telephone Field,recover-20220922,001,1795
687.0465,687.055,27187,36497,Eptesicus serotinus,0.007,0.021,-1,Echolocation,/mnt/ubna_data_02_mir/recover-20220922/UBNA_001/20220921_090000.WAV,Telephone Field,recover-20220922,001,1795
687.0555,687.0639,28046,36712,Eptesicus serotinus,0.007,0.021,-1,Echolocation,/mnt/ubna_data_02_mir/recover-20220922/UBNA_001/20220921_090000.WAV,Telephone Field,recover-20220922,001,1795
687.0685,687.1089,68437,82289,Rhinolophus ferrumequinum,0.026,0.026,-1,Echolocation,/mnt/ubna_data_02_mir/recover-20220922/UBNA_001/20220921_090000.WAV,Telephone Field,recover-20220922,001,1795
687.0925,687.1322,68437,82992,Rhinolophus ferrumequinum,0.025,0.025,-1,Echolocation,/mnt/ubna_data_02_mir/recover-20220922/UBNA_001/20220921_090000.WAV,Telephone Field,recover-20220922,001,1795
687.1035,687.1113,27187,38220,Eptesicus serotinus,0.007,0.022,-1,Echolocation,/mnt/ubna_data_02_mir/recover-20220922/UBNA_001/20220921_090000.WAV,Telephone Field,recover-20220922,001,1795
687.1295,687.1383,49531,55333,Pipistrellus pipistrellus,0.017,0.021,-1,Echolocation,/mnt/ubna_data_02_mir/recover-20220922/UBNA_001/20220921_090000.WAV,Telephone Field,recover-20220922,001,1795
687.1305,687.1722,68437,82262,Rhinolophus ferrumequinum,0.021,0.021,-1,Echolocation,/mnt/ubna_data_02_mir/recover-20220922/UBNA_001/20220921_090000.WAV,Telephone Field,recover-20220922,001,1795
687.1595,687.202,68437,82972,Rhinolophus ferrumequinum,0.022,0.022,-1,Echolocation,/mnt/ubna_data_02_mir/recover-20220922/UBNA_001/20220921_090000.WAV,Telephone Field,recover-20220922,001,1795
687.1765,687.1843,28046,40023,Eptesicus serotinus,0.007,0.022,-1,Echolocation,/mnt/ubna_data_02_mir/recover-20220922/UBNA_001/20220921_090000.WAV,Telephone Field,recover-20220922,001,1795
687.2195,687.227,27187,37493,Eptesicus serotinus,0.007,0.021,-1,Echolocation,/mnt/ubna_data_02_mir/recover-20220922/UBNA_001/20220921_090000.WAV,Telephone Field,recover-20220922,001,1795
687.2315,687.2708,68437,82198,Rhinolophus ferrumequinum,0.025,0.025,-1,Echolocation,/mnt/ubna_data_02_mir/recover-20220922/UBNA_001/20220921_090000.WAV,Telephone Field,recover-20220922,001,1795
687.2445,687.284,68437,82253,Rhinolophus ferrumequinum,0.021,0.021,-1,Echolocation,/mnt/ubna_data_02_mir/recover-20220922/UBNA_001/20220921_090000.WAV,Telephone Field,recover-20220922,001,1795
687.2715,687.3092,68437,80682,Rhinolophus ferrumequinum,0.024,0.024,-1,Echolocation,/mnt/ubna_data_02_mir/recover-20220922/UBNA_001/20220921_090000.WAV,Telephone Field,recover-20220922,001,1795
687.2805,687.3234,68437,82689,Rhinolophus ferrumequinum,0.067,0.067,-1,Echolocation,/mnt/ubna_data_02_mir/recover-20220922/UBNA_001/20220921_090000.WAV,Telephone Field,recover-20220922,001,1795
687.3055,687.3148,27187,37769,Eptesicus serotinus,0.008,0.022,-1,Echolocation,/mnt/ubna_data_02_mir/recover-20220922/UBNA_001/20220921_090000.WAV,Telephone Field,recover-20220922,001,1795
687.3325,687.3747,68437,82938,Rhinolophus ferrumequinum,0.028,0.028,-1,Echolocation,/mnt/ubna_data_02_mir/recover-20220922/UBNA_001/20220921_090000.WAV,Telephone Field,recover-20220922,001,1795
687.3465,687.3537,28046,38711,Eptesicus serotinus,0.017,0.039,-1,Echolocation,/mnt/ubna_data_02_mir/recover-20220922/UBNA_001/20220921_090000.WAV,Telephone Field,recover-20220922,001,1795
687.3735,687.4127,68437,82204,Rhinolophus ferrumequinum,0.022,0.022,-1,Echolocation,/mnt/ubna_data_02_mir/recover-20220922/UBNA_001/20220921_090000.WAV,Telephone Field,recover-20220922,001,1795
687.4125,687.4511,68437,82291,Rhinolophus ferrumequinum,0.021,0.021,-1,Echolocation,/mnt/ubna_data_02_mir/recover-20220922/UBNA_001/20220921_090000.WAV,Telephone Field,recover-20220922,001,1795
687.4305,687.4717,68437,82735,Rhinolophus ferrumequinum,0.024,0.024,-1,Echolocation,/mnt/ubna_data_02_mir/recover-20220922/UBNA_001/20220921_090000.WAV,Telephone Field,recover-20220922,001,1795
687.4595,687.4694,22890,28570,Nyctalus leisleri,0.008,0.021,-1,Echolocation,/mnt/ubna_data_02_mir/recover-20220922/UBNA_001/20220921_090000.WAV,Telephone Field,recover-20220922,001,1795
687.4645,687.5045,68437,82433,Rhinolophus ferrumequinum,0.023,0.023,-1,Echolocation,/mnt/ubna_data_02_mir/recover-20220922/UBNA_001/20220921_090000.WAV,Telephone Field,recover-20220922,001,1795
687.5245,687.5349,22890,27955,Nyctalus leisleri,0.01,0.021,-1,Echolocation,/mnt/ubna_data_02_mir/recover-20220922/UBNA_001/20220921_090000.WAV,Telephone Field,recover-20220922,001,1795
687.5355,687.5783,68437,83102,Rhinolophus ferrumequinum,0.041,0.041,-1,Echolocation,/mnt/ubna_data_02_mir/recover-20220922/UBNA_001/20220921_090000.WAV,Telephone Field,recover-20220922,001,1795
687.5415,687.5531,26328,33222,Eptesicus serotinus,0.017,0.033,-1,Echolocation,/mnt/ubna_data_02_mir/recover-20220922/UBNA_001/20220921_090000.WAV,Telephone Field,recover-20220922,001,1795
687.5875,687.6288,68437,82107,Rhinolophus ferrumequinum,0.021,0.021,-1,Echolocation,/mnt/ubna_data_02_mir/recover-20220922/UBNA_001/20220921_090000.WAV,Telephone Field,recover-20220922,001,1795
687.6035,687.6109,45234,49449,Pipistrellus pipistrellus,0.023,0.024,-1,Echolocation,/mnt/ubna_data_02_mir/recover-20220922/UBNA_001/20220921_090000.WAV,Telephone Field,recover-20220922,001,1795
687.6115,687.6505,68437,82395,Rhinolophus ferrumequinum,0.021,0.021,-1,Echolocation,/mnt/ubna_data_02_mir/recover-20220922/UBNA_001/20220921_090000.WAV,Telephone Field,recover-20220922,001,1795
687.6345,687.6424,27187,37618,Eptesicus serotinus,0.007,0.021,-1,Echolocation,/mnt/ubna_data_02_mir/recover-20220922/UBNA_001/20220921_090000.WAV,Telephone Field,recover-20220922,001,1795
687.6545,687.6668999999999,57265,62433,Pipistrellus pygmaeus,0.023,0.024,-1,Echolocation,/mnt/ubna_data_02_mir/recover-20220922/UBNA_001/20220921_090000.WAV,Telephone Field,recover-20220922,001,1795
687.6625,687.7017,68437,81448,Rhinolophus ferrumequinum,0.022,0.022,-1,Echolocation,/mnt/ubna_data_02_mir/recover-20220922/UBNA_001/20220921_090000.WAV,Telephone Field,recover-20220922,001,1795
687.6875,687.6953,46093,49568,Pipistrellus pipistrellus,0.024,0.025,-1,Echolocation,/mnt/ubna_data_02_mir/recover-20220922/UBNA_001/20220921_090000.WAV,Telephone Field,recover-20220922,001,1795
687.7315,687.7678,68437,81204,Rhinolophus ferrumequinum,0.026,0.026,-1,Echolocation,/mnt/ubna_data_02_mir/recover-20220922/UBNA_001/20220921_090000.WAV,Telephone Field,recover-20220922,001,1795
687.7705,687.812,68437,82393,Rhinolophus ferrumequinum,0.022,0.022,-1,Echolocation,/mnt/ubna_data_02_mir/recover-20220922/UBNA_001/20220921_090000.WAV,Telephone Field,recover-20220922,001,1795
687.8025,687.812,27187,38271,Eptesicus serotinus,0.011,0.026,-1,Echolocation,/mnt/ubna_data_02_mir/recover-20220922/UBNA_001/20220921_090000.WAV,Telephone Field,recover-20220922,001,1795
687.8635,687.8706999999999,28046,36758,Eptesicus serotinus,0.007,0.025,-1,Echolocation,/mnt/ubna_data_02_mir/recover-20220922/UBNA_001/20220921_090000.WAV,Telephone Field,recover-20220922,001,1795
687.8755,687.9182,68437,82922,Rhinolophus ferrumequinum,0.032,0.032,-1,Echolocation,/mnt/ubna_data_02_mir/recover-20220922/UBNA_001/20220921_090000.WAV,Telephone Field,recover-20220922,001,1795
687.9005,687.9436,68437,83595,Rhinolophus ferrumequinum,0.027,0.027,-1,Echolocation,/mnt/ubna_data_02_mir/recover-20220922/UBNA_001/20220921_090000.WAV,Telephone Field,recover-20220922,001,1795
687.9185,687.9256,23750,32102,Plecotus austriacus,0.01,0.024,-1,Echolocation,/mnt/ubna_data_02_mir/recover-20220922/UBNA_001/20220921_090000.WAV,Telephone Field,recover-20220922,001,1795
687.9285,687.937,28046,40432,Eptesicus serotinus,0.007,0.02,-1,Echolocation,/mnt/ubna_data_02_mir/recover-20220922/UBNA_001/20220921_090000.WAV,Telephone Field,recover-20220922,001,1795
687.9555,687.9937,68437,81933,Rhinolophus ferrumequinum,0.022,0.022,-1,Echolocation,/mnt/ubna_data_02_mir/recover-20220922/UBNA_001/20220921_090000.WAV,Telephone Field,recover-20220922,001,1795
687.9865,687.9949,32343,40021,Myotis daubentonii,0.007,0.025,-1,Echolocation,/mnt/ubna_data_02_mir/recover-20220922/UBNA_001/20220921_090000.WAV,Telephone Field,recover-20220922,001,1795
688.0015,688.0139,24609,30517,Nyctalus leisleri,0.019,0.042,-1,Echolocation,/mnt/ubna_data_02_mir/recover-20220922/UBNA_001/20220921_090000.WAV,Telephone Field,recover-20220922,001,1795
688.0015,688.0087,38359,49175,Myotis daubentonii,0.007,0.023,-1,Echolocation,/mnt/ubna_data_02_mir/recover-20220922/UBNA_001/20220921_090000.WAV,Telephone Field,recover-20220922,001,1795
688.0085,688.0196,24609,30328,Nyctalus leisleri,0.017,0.037,-1,Echolocation,/mnt/ubna_data_02_mir/recover-20220922/UBNA_001/20220921_090000.WAV,Telephone Field,recover-20220922,001,1795
688.0245,688.0352,27187,34311,Eptesicus serotinus,0.011,0.025,-1,Echolocation,/mnt/ubna_data_02_mir/recover-20220922/UBNA_001/20220921_090000.WAV,Telephone Field,recover-20220922,001,1795
688.0325,688.0706,68437,82192,Rhinolophus ferrumequinum,0.023,0.023,-1,Echolocation,/mnt/ubna_data_02_mir/recover-20220922/UBNA_001/20220921_090000.WAV,Telephone Field,recover-20220922,001,1795
688.0395,688.0487,28046,37599,Eptesicus serotinus,0.008,0.023,-1,Echolocation,/mnt/ubna_data_02_mir/recover-20220922/UBNA_001/20220921_090000.WAV,Telephone Field,recover-20220922,001,1795
688.0615,688.0718,22890,27374,Nyctalus leisleri,0.013,0.024,-1,Echolocation,/mnt/ubna_data_02_mir/recover-20220922/UBNA_001/20220921_090000.WAV,Telephone Field,recover-20220922,001,1795
688.0635,688.1045,68437,82518,Rhinolophus ferrumequinum,0.023,0.023,-1,Echolocation,/mnt/ubna_data_02_mir/recover-20220922/UBNA_001/20220921_090000.WAV,Telephone Field,recover-20220922,001,1795
688.0955,688.1039,27187,40567,Eptesicus serotinus,0.01,0.026,-1,Echolocation,/mnt/ubna_data_02_mir/recover-20220922/UBNA_001/20220921_090000.WAV,Telephone Field,recover-20220922,001,1795
688.0975,688.1042,34921,42135,Myotis daubentonii,0.009,0.024,-1,Echolocation,/mnt/ubna_data_02_mir/recover-20220922/UBNA_001/20220921_090000.WAV,Telephone Field,recover-20220922,001,1795
688.1035,688.1395,68437,81618,Rhinolophus ferrumequinum,0.025,0.025,-1,Echolocation,/mnt/ubna_data_02_mir/recover-20220922/UBNA_001/20220921_090000.WAV,Telephone Field,recover-20220922,001,1795
688.1095,688.1183,45234,49220,Pipistrellus pipistrellus,0.033,0.035,-1,Echolocation,/mnt/ubna_data_02_mir/recover-20220922/UBNA_001/20220921_090000.WAV,Telephone Field,recover-20220922,001,1795
688.1175,688.1558,68437,82499,Rhinolophus ferrumequinum,0.03,0.03,-1,Echolocation,/mnt/ubna_data_02_mir/recover-20220922/UBNA_001/20220921_090000.WAV,Telephone Field,recover-20220922,001,1795
688.1545,688.167,28046,34064,Eptesicus serotinus,0.015,0.029,-1,Echolocation,/mnt/ubna_data_02_mir/recover-20220922/UBNA_001/20220921_090000.WAV,Telephone Field,recover-20220922,001,1795
688.1895,688.2244,68437,81566,Rhinolophus ferrumequinum,0.023,0.023,-1,Echolocation,/mnt/ubna_data_02_mir/recover-20220922/UBNA_001/20220921_090000.WAV,Telephone Field,recover-20220922,001,1795
688.2075,688.2479,68437,81440,Rhinolophus ferrumequinum,0.022,0.022,-1,Echolocation,/mnt/ubna_data_02_mir/recover-20220922/UBNA_001/20220921_090000.WAV,Telephone Field,recover-20220922,001,1795
688.2165,688.2286,49531,52855,Pipistrellus pipistrellus,0.02,0.028,-1,Echolocation,/mnt/ubna_data_02_mir/recover-20220922/UBNA_001/20220921_090000.WAV,Telephone Field,recover-20220922,001,1795
688.2175,688.2586,68437,82580,Rhinolophus ferrumequinum,0.025,0.025,-1,Echolocation,/mnt/ubna_data_02_mir/recover-20220922/UBNA_001/20220921_090000.WAV,Telephone Field,recover-20220922,001,1795
688.2795,688.3171,68437,81474,Rhinolophus ferrumequinum,0.022,0.022,-1,Echolocation,/mnt/ubna_data_02_mir/recover-20220922/UBNA_001/20220921_090000.WAV,Telephone Field,recover-20220922,001,1795
688.2885,688.327,68437,81740,Rhinolophus ferrumequinum,0.027,0.027,-1,Echolocation,/mnt/ubna_data_02_mir/recover-20220922/UBNA_001/20220921_090000.WAV,Telephone Field,recover-20220922,001,1795
688.3135,688.349,68437,81723,Rhinolophus ferrumequinum,0.022,0.022,-1,Echolocation,/mnt/ubna_data_02_mir/recover-20220922/UBNA_001/20220921_090000.WAV,Telephone Field,recover-20220922,001,1795
688.3305,688.3475,21171,25334,Nyctalus leisleri,0.02,0.038,-1,Echolocation,/mnt/ubna_data_02_mir/recover-20220922/UBNA_001/20220921_090000.WAV,Telephone Field,recover-20220922,001,1795
688.3665,688.3758,28046,39446,Eptesicus serotinus,0.009,0.025,-1,Echolocation,/mnt/ubna_data_02_mir/recover-20220922/UBNA_001/20220921_090000.WAV,Telephone Field,recover-20220922,001,1795
688.4025,688.4398,68437,81674,Rhinolophus ferrumequinum,0.023,0.023,-1,Echolocation,/mnt/ubna_data_02_mir/recover-20220922/UBNA_001/20220921_090000.WAV,Telephone Field,recover-20220922,001,1795
688.4085,688.4464,68437,82243,Rhinolophus ferrumequinum,0.023,0.023,-1,Echolocation,/mnt/ubna_data_02_mir/recover-20220922/UBNA_001/20220921_090000.WAV,Telephone Field,recover-20220922,001,1795
688.4165,688.4548,68437,82487,Rhinolophus ferrumequinum,0.022,0.022,-1,Echolocation,/mnt/ubna_data_02_mir/recover-20220922/UBNA_001/20220921_090000.WAV,Telephone Field,recover-20220922,001,1795
688.4225,688.4322,27187,35756,Eptesicus serotinus,0.01,0.026,-1,Echolocation,/mnt/ubna_data_02_mir/recover-20220922/UBNA_001/20220921_090000.WAV,Telephone Field,recover-20220922,001,1795
688.4435,688.4816,68437,82151,Rhinolophus ferrumequinum,0.023,0.023,-1,Echolocation,/mnt/ubna_data_02_mir/recover-20220922/UBNA_001/20220921_090000.WAV,Telephone Field,recover-20220922,001,1795
688.4635,688.5034,68437,83136,Rhinolophus ferrumequinum,0.042,0.042,-1,Echolocation,/mnt/ubna_data_02_mir/recover-20220922/UBNA_001/20220921_090000.WAV,Telephone Field,recover-20220922,001,1795
688.4995,688.5403,68437,83182,Rhinolophus ferrumequinum,0.041,0.041,-1,Echolocation,/mnt/ubna_data_02_mir/recover-20220922/UBNA_001/20220921_090000.WAV,Telephone Field,recover-20220922,001,1795
688.5105,688.5518,68437,82492,Rhinolophus ferrumequinum,0.023,0.023,-1,Echolocation,/mnt/ubna_data_02_mir/recover-20220922/UBNA_001/20220921_090000.WAV,Telephone Field,recover-20220922,001,1795
688.5285,688.5397,37500,43612,Pipistrellus nathusii,0.021,0.036,-1,Echolocation,/mnt/ubna_data_02_mir/recover-20220922/UBNA_001/20220921_090000.WAV,Telephone Field,recover-20220922,001,1795
688.5535,688.5894,68437,81304,Rhinolophus ferrumequinum,0.033,0.033,-1,Echolocation,/mnt/ubna_data_02_mir/recover-20220922/UBNA_001/20220921_090000.WAV,Telephone Field,recover-20220922,001,1795
688.5715,688.5795,28906,38627,Eptesicus serotinus,0.008,0.027,-1,Echolocation,/mnt/ubna_data_02_mir/recover-20220922/UBNA_001/20220921_090000.WAV,Telephone Field,recover-20220922,001,1795
688.5835,688.6231,68437,82678,Rhinolophus ferrumequinum,0.028,0.028,-1,Echolocation,/mnt/ubna_data_02_mir/recover-20220922/UBNA_001/20220921_090000.WAV,Telephone Field,recover-20220922,001,1795
688.5935,688.6331,68437,82832,Rhinolophus ferrumequinum,0.033,0.033,-1,Echolocation,/mnt/ubna_data_02_mir/recover-20220922/UBNA_001/20220921_090000.WAV,Telephone Field,recover-20220922,001,1795
688.6125,688.6214,28046,39495,Eptesicus serotinus,0.008,0.023,-1,Echolocation,/mnt/ubna_data_02_mir/recover-20220922/UBNA_001/20220921_090000.WAV,Telephone Field,recover-20220922,001,1795
688.6325,688.6728,68437,82030,Rhinolophus ferrumequinum,0.022,0.022,-1,Echolocation,/mnt/ubna_data_02_mir/recover-20220922/UBNA_001/20220921_090000.WAV,Telephone Field,recover-20220922,001,1795
688.6385,688.6458,28046,37216,Eptesicus serotinus,0.009,0.027,-1,Echolocation,/mnt/ubna_data_02_mir/recover-20220922/UBNA_001/20220921_090000.WAV,Telephone Field,recover-20220922,001,1795
688.6915,688.7324,68437,82379,Rhinolophus ferrumequinum,0.029,0.029,-1,Echolocation,/mnt/ubna_data_02_mir/recover-20220922/UBNA_001/20220921_090000.WAV,Telephone Field,recover-20220922,001,1795
688.7265,688.7635,68437,82285,Rhinolophus ferrumequinum,0.023,0.023,-1,Echolocation,/mnt/ubna_data_02_mir/recover-20220922/UBNA_001/20220921_090000.WAV,Telephone Field,recover-20220922,001,1795
688.7625,688.8002,68437,82020,Rhinolophus ferrumequinum,0.022,0.022,-1,Echolocation,/mnt/ubna_data_02_mir/recover-20220922/UBNA_001/20220921_090000.WAV,Telephone Field,recover-20220922,001,1795
688.7655,688.7781,26328,32111,Eptesicus serotinus,0.01,0.025,-1,Echolocation,/mnt/ubna_data_02_mir/recover-20220922/UBNA_001/20220921_090000.WAV,Telephone Field,recover-20220922,001,1795
688.7975,688.8385,68437,82333,Rhinolophus ferrumequinum,0.034,0.034,-1,Echolocation,/mnt/ubna_data_02_mir/recover-20220922/UBNA_001/20220921_090000.WAV,Telephone Field,recover-20220922,001,1795
688.8095,688.8175,23750,32671,Plecotus austriacus,0.012,0.028,-1,Echolocation,/mnt/ubna_data_02_mir/recover-20220922/UBNA_001/20220921_090000.WAV,Telephone Field,recover-20220922,001,1795
688.8215,688.8609,68437,82509,Rhinolophus ferrumequinum,0.024,0.024,-1,Echolocation,/mnt/ubna_data_02_mir/recover-20220922/UBNA_001/20220921_090000.WAV,Telephone Field,recover-20220922,001,1795
688.8325,688.8441,23750,29220,Nyctalus leisleri,0.011,0.024,-1,Echolocation,/mnt/ubna_data_02_mir/recover-20220922/UBNA_001/20220921_090000.WAV,Telephone Field,recover-20220922,001,1795
688.8405,688.848,48671,53080,Pipistrellus pipistrellus,0.02,0.022,-1,Echolocation,/mnt/ubna_data_02_mir/recover-20220922/UBNA_001/20220921_090000.WAV,Telephone Field,recover-20220922,001,1795
688.8525,688.8911,68437,82375,Rhinolophus ferrumequinum,0.024,0.024,-1,Echolocation,/mnt/ubna_data_02_mir/recover-20220922/UBNA_001/20220921_090000.WAV,Telephone Field,recover-20220922,001,1795
688.8825,688.8977,22890,27054,Nyctalus leisleri,0.017,0.028,-1,Echolocation,/mnt/ubna_data_02_mir/recover-20220922/UBNA_001/20220921_090000.WAV,Telephone Field,recover-20220922,001,1795
688.9485,688.9867,68437,81938,Rhinolophus ferrumequinum,0.024,0.024,-1,Echolocation,/mnt/ubna_data_02_mir/recover-20220922/UBNA_001/20220921_090000.WAV,Telephone Field,recover-20220922,001,1795
688.9765,688.9879,44375,48095,Pipistrellus pipistrellus,0.022,0.025,-1,Echolocation,/mnt/ubna_data_02_mir/recover-20220922/UBNA_001/20220921_090000.WAV,Telephone Field,recover-20220922,001,1795
689.0005,689.0371,68437,80962,Rhinolophus ferrumequinum,0.023,0.023,-1,Echolocation,/mnt/ubna_data_02_mir/recover-20220922/UBNA_001/20220921_090000.WAV,Telephone Field,recover-20220922,001,1795
689.0015,689.0106,28046,36086,Eptesicus serotinus,0.008,0.023,-1,Echolocation,/mnt/ubna_data_02_mir/recover-20220922/UBNA_001/20220921_090000.WAV,Telephone Field,recover-20220922,001,1795
689.0395,689.05,22890,28469,Nyctalus leisleri,0.013,0.027,-1,Echolocation,/mnt/ubna_data_02_mir/recover-20220922/UBNA_001/20220921_090000.WAV,Telephone Field,recover-20220922,001,1795
689.0405,689.0477,27187,38887,Eptesicus serotinus,0.007,0.026,-1,Echolocation,/mnt/ubna_data_02_mir/recover-20220922/UBNA_001/20220921_090000.WAV,Telephone Field,recover-20220922,001,1795
689.0425,689.0786,68437,81831,Rhinolophus ferrumequinum,0.023,0.023,-1,Echolocation,/mnt/ubna_data_02_mir/recover-20220922/UBNA_001/20220921_090000.WAV,Telephone Field,recover-20220922,001,1795
689.0735,689.1155,68437,82725,Rhinolophus ferrumequinum,0.032,0.032,-1,Echolocation,/mnt/ubna_data_02_mir/recover-20220922/UBNA_001/20220921_090000.WAV,Telephone Field,recover-20220922,001,1795
689.1185,689.1581,68437,82211,Rhinolophus ferrumequinum,0.022,0.022,-1,Echolocation,/mnt/ubna_data_02_mir/recover-20220922/UBNA_001/20220921_090000.WAV,Telephone Field,recover-20220922,001,1795
689.1265,689.1366,28906,36371,Eptesicus serotinus,0.01,0.026,-1,Echolocation,/mnt/ubna_data_02_mir/recover-20220922/UBNA_001/20220921_090000.WAV,Telephone Field,recover-20220922,001,1795
689.1325,689.1733,68437,82965,Rhinolophus ferrumequinum,0.022,0.022,-1,Echolocation,/mnt/ubna_data_02_mir/recover-20220922/UBNA_001/20220921_090000.WAV,Telephone Field,recover-20220922,001,1795
689.1495,689.1559,13437,29250,Plecotus auritus,0.024,0.025,-1,Echolocation,/mnt/ubna_data_02_mir/recover-20220922/UBNA_001/20220921_090000.WAV,Telephone Field,recover-20220922,001,1795
689.1725,689.2131,68437,82259,Rhinolophus ferrumequinum,0.024,0.025,-1,Echolocation,/mnt/ubna_data_02_mir/recover-20220922/UBNA_001/20220921_090000.WAV,Telephone Field,recover-20220922,001,1795
689.1895,689.2282,68437,82014,Rhinolophus ferrumequinum,0.031,0.031,-1,Echolocation,/mnt/ubna_data_02_mir/recover-20220922/UBNA_001/20220921_090000.WAV,Telephone Field,recover-20220922,001,1795
689.2005,689.2094,23750,30648,Nyctalus leisleri,0.008,0.022,-1,Echolocation,/mnt/ubna_data_02_mir/recover-20220922/UBNA_001/20220921_090000.WAV,Telephone Field,recover-20220922,001,1795
689.2345,689.2717,68437,81554,Rhinolophus ferrumequinum,0.023,0.024,-1,Echolocation,/mnt/ubna_data_02_mir/recover-20220922/UBNA_001/20220921_090000.WAV,Telephone Field,recover-20220922,001,1795
689.2455,689.265,19453,22422,Nyctalus leisleri,0.017,0.034,-1,Echolocation,/mnt/ubna_data_02_mir/recover-20220922/UBNA_001/20220921_090000.WAV,Telephone Field,recover-20220922,001,1795
689.2975,689.336,68437,81704,Rhinolophus ferrumequinum,0.022,0.022,-1,Echolocation,/mnt/ubna_data_02_mir/recover-20220922/UBNA_001/20220921_090000.WAV,Telephone Field,recover-20220922,001,1795
689.3175,689.3288,44375,48412,Pipistrellus pipistrellus,0.03,0.034,-1,Echolocation,/mnt/ubna_data_02_mir/recover-20220922/UBNA_001/20220921_090000.WAV,Telephone Field,recover-20220922,001,1795
689.3235,689.3335,28046,36004,Eptesicus serotinus,0.009,0.022,-1,Echolocation,/mnt/ubna_data_02_mir/recover-20220922/UBNA_001/20220921_090000.WAV,Telephone Field,recover-20220922,001,1795
689.3265,689.3665,68437,82591,Rhinolophus ferrumequinum,0.024,0.024,-1,Echolocation,/mnt/ubna_data_02_mir/recover-20220922/UBNA_001/20220921_090000.WAV,Telephone Field,recover-20220922,001,1795
689.3555,689.3948,68437,82333,Rhinolophus ferrumequinum,0.022,0.022,-1,Echolocation,/mnt/ubna_data_02_mir/recover-20220922/UBNA_001/20220921_090000.WAV,Telephone Field,recover-20220922,001,1795
689.3705,689.38,28906,36299,Eptesicus serotinus,0.008,0.022,-1,Echolocation,/mnt/ubna_data_02_mir/recover-20220922/UBNA_001/20220921_090000.WAV,Telephone Field,recover-20220922,001,1795
689.3975,689.4389,68437,82908,Rhinolophus ferrumequinum,0.023,0.023,-1,Echolocation,/mnt/ubna_data_02_mir/recover-20220922/UBNA_001/20220921_090000.WAV,Telephone Field,recover-20220922,001,1795
689.4385,689.4469,28046,38874,Eptesicus serotinus,0.009,0.027,-1,Echolocation,/mnt/ubna_data_02_mir/recover-20220922/UBNA_001/20220921_090000.WAV,Telephone Field,recover-20220922,001,1795
689.4395,689.4798,68437,82495,Rhinolophus ferrumequinum,0.023,0.023,-1,Echolocation,/mnt/ubna_data_02_mir/recover-20220922/UBNA_001/20220921_090000.WAV,Telephone Field,recover-20220922,001,1795
689.4935,689.5037,38359,46996,Pipistrellus nathusii,0.008,0.023,-1,Echolocation,/mnt/ubna_data_02_mir/recover-20220922/UBNA_001/20220921_090000.WAV,Telephone Field,recover-20220922,001,1795
689.4975,689.5047,25468,41390,Eptesicus serotinus,0.006,0.022,-1,Echolocation,/mnt/ubna_data_02_mir/recover-20220922/UBNA_001/20220921_090000.WAV,Telephone Field,recover-20220922,001,1795
689.5235,689.5642,68437,82707,Rhinolophus ferrumequinum,0.029,0.029,-1,Echolocation,/mnt/ubna_data_02_mir/recover-20220922/UBNA_001/20220921_090000.WAV,Telephone Field,recover-20220922,001,1795
689.5535,689.5602,46953,52017,Pipistrellus pipistrellus,0.023,0.024,-1,Echolocation,/mnt/ubna_data_02_mir/recover-20220922/UBNA_001/20220921_090000.WAV,Telephone Field,recover-20220922,001,1795
689.5655,689.6083,68437,82842,Rhinolophus ferrumequinum,0.036,0.036,-1,Echolocation,/mnt/ubna_data_02_mir/recover-20220922/UBNA_001/20220921_090000.WAV,Telephone Field,recover-20220922,001,1795
689.5735,689.6128,68437,82845,Rhinolophus ferrumequinum,0.022,0.022,-1,Echolocation,/mnt/ubna_data_02_mir/recover-20220922/UBNA_001/20220921_090000.WAV,Telephone Field,recover-20220922,001,1795
689.5745,689.5852,27187,34853,Eptesicus serotinus,0.019,0.042,-1,Echolocation,/mnt/ubna_data_02_mir/recover-20220922/UBNA_001/20220921_090000.WAV,Telephone Field,recover-20220922,001,1795
689.6505,689.6883,68437,82119,Rhinolophus ferrumequinum,0.023,0.023,-1,Echolocation,/mnt/ubna_data_02_mir/recover-20220922/UBNA_001/20220921_090000.WAV,Telephone Field,recover-20220922,001,1795
689.6825,689.6911,28046,38858,Eptesicus serotinus,0.008,0.022,-1,Echolocation,/mnt/ubna_data_02_mir/recover-20220922/UBNA_001/20220921_090000.WAV,Telephone Field,recover-20220922,001,1795
689.7055,689.7476,68437,82737,Rhinolophus ferrumequinum,0.028,0.028,-1,Echolocation,/mnt/ubna_data_02_mir/recover-20220922/UBNA_001/20220921_090000.WAV,Telephone Field,recover-20220922,001,1795
689.7525,689.7929,68437,82268,Rhinolophus ferrumequinum,0.024,0.024,-1,Echolocation,/mnt/ubna_data_02_mir/recover-20220922/UBNA_001/20220921_090000.WAV,Telephone Field,recover-20220922,001,1795
689.7675,689.8035,68437,81356,Rhinolophus ferrumequinum,0.023,0.023,-1,Echolocation,/mnt/ubna_data_02_mir/recover-20220922/UBNA_001/20220921_090000.WAV,Telephone Field,recover-20220922,001,1795
689.7885,689.7966,46093,50091,Pipistrellus pipistrellus,0.037,0.039,-1,Echolocation,/mnt/ubna_data_02_mir/recover-20220922/UBNA_001/20220921_090000.WAV,Telephone Field,recover-20220922,001,1795
689.7905,689.8291,68437,82021,Rhinolophus ferrumequinum,0.022,0.022,-1,Echolocation,/mnt/ubna_data_02_mir/recover-20220922/UBNA_001/20220921_090000.WAV,Telephone Field,recover-20220922,001,1795
689.8125,689.8508,68437,82163,Rhinolophus ferrumequinum,0.025,0.025,-1,Echolocation,/mnt/ubna_data_02_mir/recover-20220922/UBNA_001/20220921_090000.WAV,Telephone Field,recover-20220922,001,1795
689.8315,689.8684,68437,81784,Rhinolophus ferrumequinum,0.024,0.024,-1,Echolocation,/mnt/ubna_data_02_mir/recover-20220922/UBNA_001/20220921_090000.WAV,Telephone Field,recover-20220922,001,1795
689.8495,689.8893,68437,82383,Rhinolophus ferrumequinum,0.026,0.026,-1,Echolocation,/mnt/ubna_data_02_mir/recover-20220922/UBNA_001/20220921_090000.WAV,Telephone Field,recover-20220922,001,1795
689.8995,689.9452,68437,83546,Rhinolophus ferrumequinum,0.055,0.055,-1,Echolocation,/mnt/ubna_data_02_mir/recover-20220922/UBNA_001/20220921_090000.WAV,Telephone Field,recover-20220922,001,1795
689.9125,689.9197,23750,32337,Plecotus austriacus,0.011,0.025,-1,Echolocation,/mnt/ubna_data_02_mir/recover-20220922/UBNA_001/20220921_090000.WAV,Telephone Field,recover-20220922,001,1795
689.9385,689.9796,68437,82786,Rhinolophus ferrumequinum,0.026,0.026,-1,Echolocation,/mnt/ubna_data_02_mir/recover-20220922/UBNA_001/20220921_090000.WAV,Telephone Field,recover-20220922,001,1795
689.9435,689.9541,27187,35755,Eptesicus serotinus,0.011,0.022,-1,Echolocation,/mnt/ubna_data_02_mir/recover-20220922/UBNA_001/20220921_090000.WAV,Telephone Field,recover-20220922,001,1795
689.9765,689.9845,28046,37928,Eptesicus serotinus,0.008,0.023,-1,Echolocation,/mnt/ubna_data_02_mir/recover-20220922/UBNA_001/20220921_090000.WAV,Telephone Field,recover-20220922,001,1795
689.9865,689.9958,27187,38339,Eptesicus serotinus,0.009,0.022,-1,Echolocation,/mnt/ubna_data_02_mir/recover-20220922/UBNA_001/20220921_090000.WAV,Telephone Field,recover-20220922,001,1795
690.0015,690.0117,22031,27525,Nyctalus leisleri,0.016,0.034,-1,Echolocation,/mnt/ubna_data_02_mir/recover-20220922/UBNA_001/20220921_090000.WAV,Telephone Field,recover-20220922,001,1795
690.0015,690.0356,68437,79775,Rhinolophus ferrumequinum,0.038,0.038,-1,Echolocation,/mnt/ubna_data_02_mir/recover-20220922/UBNA_001/20220921_090000.WAV,Telephone Field,recover-20220922,001,1795
690.0125,690.0546,68437,82003,Rhinolophus ferrumequinum,0.021,0.021,-1,Echolocation,/mnt/ubna_data_02_mir/recover-20220922/UBNA_001/20220921_090000.WAV,Telephone Field,recover-20220922,001,1795
690.0315,690.0699,68437,82447,Rhinolophus ferrumequinum,0.022,0.022,-1,Echolocation,/mnt/ubna_data_02_mir/recover-20220922/UBNA_001/20220921_090000.WAV,Telephone Field,recover-20220922,001,1795
690.0545,690.0747,21171,24510,Nyctalus leisleri,0.025,0.05,-1,Echolocation,/mnt/ubna_data_02_mir/recover-20220922/UBNA_001/20220921_090000.WAV,Telephone Field,recover-20220922,001,1795
690.0675,690.0814,23750,27858,Nyctalus leisleri,0.019,0.033,-1,Echolocation,/mnt/ubna_data_02_mir/recover-20220922/UBNA_001/20220921_090000.WAV,Telephone Field,recover-20220922,001,1795
690.0685,690.1078,68437,82464,Rhinolophus ferrumequinum,0.023,0.023,-1,Echolocation,/mnt/ubna_data_02_mir/recover-20220922/UBNA_001/20220921_090000.WAV,Telephone Field,recover-20220922,001,1795
690.0835,690.124,68437,82157,Rhinolophus ferrumequinum,0.022,0.022,-1,Echolocation,/mnt/ubna_data_02_mir/recover-20220922/UBNA_001/20220921_090000.WAV,Telephone Field,recover-20220922,001,1795
690.0865,690.0971,28906,34475,Eptesicus serotinus,0.021,0.04,-1,Echolocation,/mnt/ubna_data_02_mir/recover-20220922/UBNA_001/20220921_090000.WAV,Telephone Field,recover-20220922,001,1795
690.0975,690.1374,68437,82271,Rhinolophus ferrumequinum,0.021,0.021,-1,Echolocation,/mnt/ubna_data_02_mir/recover-20220922/UBNA_001/20220921_090000.WAV,Telephone Field,recover-20220922,001,1795
690.1495,690.1888,68437,82357,Rhinolophus ferrumequinum,0.024,0.024,-1,Echolocation,/mnt/ubna_data_02_mir/recover-20220922/UBNA_001/20220921_090000.WAV,Telephone Field,recover-20220922,001,1795
690.1725,690.2105,68437,81975,Rhinolophus ferrumequinum,0.021,0.022,-1,Echolocation,/mnt/ubna_data_02_mir/recover-20220922/UBNA_001/20220921_090000.WAV,Telephone Field,recover-20220922,001,1795
690.1815,690.2197,68437,81947,Rhinolophus ferrumequinum,0.022,0.022,-1,Echolocation,/mnt/ubna_data_02_mir/recover-20220922/UBNA_001/20220921_090000.WAV,Telephone Field,recover-20220922,001,1795
690.2085,690.251,68437,82691,Rhinolophus ferrumequinum,0.034,0.034,-1,Echolocation,/mnt/ubna_data_02_mir/recover-20220922/UBNA_001/20220921_090000.WAV,Telephone Field,recover-20220922,001,1795
690.2155,690.2252,22890,28790,Nyctalus leisleri,0.008,0.021,-1,Echolocation,/mnt/ubna_data_02_mir/recover-20220922/UBNA_001/20220921_090000.WAV,Telephone Field,recover-20220922,001,1795
690.2375,690.278,68437,82482,Rhinolophus ferrumequinum,0.027,0.027,-1,Echolocation,/mnt/ubna_data_02_mir/recover-20220922/UBNA_001/20220921_090000.WAV,Telephone Field,recover-20220922,001,1795
690.2625,690.3045,68437,83181,Rhinolophus ferrumequinum,0.036,0.036,-1,Echolocation,/mnt/ubna_data_02_mir/recover-20220922/UBNA_001/20220921_090000.WAV,Telephone Field,recover-20220922,001,1795
690.2955,690.303,24609,33956,Plecotus austriacus,0.01,0.027,-1,Echolocation,/mnt/ubna_data_02_mir/recover-20220922/UBNA_001/20220921_090000.WAV,Telephone Field,recover-20220922,001,1795
690.3045,690.3465,68437,83144,Rhinolophus ferrumequinum,0.024,0.024,-1,Echolocation,/mnt/ubna_data_02_mir/recover-20220922/UBNA_001/20220921_090000.WAV,Telephone Field,recover-20220922,001,1795
690.3175,690.3607,68437,83273,Rhinolophus ferrumequinum,0.024,0.024,-1,Echolocation,/mnt/ubna_data_02_mir/recover-20220922/UBNA_001/20220921_090000.WAV,Telephone Field,recover-20220922,001,1795
690.3195,690.3287,47812,53211,Pipistrellus pipistrellus,0.03,0.036,-1,Echolocation,/mnt/ubna_data_02_mir/recover-20220922/UBNA_001/20220921_090000.WAV,Telephone Field,recover-20220922,001,1795
690.3615,690.3998,68437,81519,Rhinolophus ferrumequinum,0.021,0.022,-1,Echolocation,/mnt/ubna_data_02_mir/recover-20220922/UBNA_001/20220921_090000.WAV,Telephone Field,recover-20220922,001,1795
690.3645,690.3727,28046,38052,Eptesicus serotinus,0.008,0.023,-1,Echolocation,/mnt/ubna_data_02_mir/recover-20220922/UBNA_001/20220921_090000.WAV,Telephone Field,recover-20220922,001,1795
690.3735,690.4102,68437,81344,Rhinolophus ferrumequinum,0.022,0.022,-1,Echolocation,/mnt/ubna_data_02_mir/recover-20220922/UBNA_001/20220921_090000.WAV,Telephone Field,recover-20220922,001,1795
690.3915,690.4339,68437,83113,Rhinolophus ferrumequinum,0.036,0.036,-1,Echolocation,/mnt/ubna_data_02_mir/recover-20220922/UBNA_001/20220921_090000.WAV,Telephone Field,recover-20220922,001,1795
690.4165,690.4552,68437,81436,Rhinolophus ferrumequinum,0.022,0.022,-1,Echolocation,/mnt/ubna_data_02_mir/recover-20220922/UBNA_001/20220921_090000.WAV,Telephone Field,recover-20220922,001,1795
690.4505,690.4944,68437,83383,Rhinolophus ferrumequinum,0.033,0.033,-1,Echolocation,/mnt/ubna_data_02_mir/recover-20220922/UBNA_001/20220921_090000.WAV,Telephone Field,recover-20220922,001,1795
690.4765,690.5159,68437,82365,Rhinolophus ferrumequinum,0.021,0.021,-1,Echolocation,/mnt/ubna_data_02_mir/recover-20220922/UBNA_001/20220921_090000.WAV,Telephone Field,recover-20220922,001,1795
690.4875,690.5286,68437,82261,Rhinolophus ferrumequinum,0.021,0.021,-1,Echolocation,/mnt/ubna_data_02_mir/recover-20220922/UBNA_001/20220921_090000.WAV,Telephone Field,recover-20220922,001,1795
690.5125,690.5228,24609,31813,Nyctalus leisleri,0.008,0.022,-1,Echolocation,/mnt/ubna_data_02_mir/recover-20220922/UBNA_001/20220921_090000.WAV,Telephone Field,recover-20220922,001,1795
690.5345,690.5438,24609,32034,Nyctalus leisleri,0.007,0.022,-1,Echolocation,/mnt/ubna_data_02_mir/recover-20220922/UBNA_001/20220921_090000.WAV,Telephone Field,recover-20220922,001,1795
690.5375,690.5784,68437,82675,Rhinolophus ferrumequinum,0.025,0.025,-1,Echolocation,/mnt/ubna_data_02_mir/recover-20220922/UBNA_001/20220921_090000.WAV,Telephone Field,recover-20220922,001,1795
690.5435,690.5544,25468,30925,Nyctalus leisleri,0.008,0.021,-1,Echolocation,/mnt/ubna_data_02_mir/recover-20220922/UBNA_001/20220921_090000.WAV,Telephone Field,recover-20220922,001,1795
690.5565,690.5949,68437,82386,Rhinolophus ferrumequinum,0.022,0.023,-1,Echolocation,/mnt/ubna_data_02_mir/recover-20220922/UBNA_001/20220921_090000.WAV,Telephone Field,recover-20220922,001,1795
690.5745,690.6117,68437,81044,Rhinolophus ferrumequinum,0.023,0.023,-1,Echolocation,/mnt/ubna_data_02_mir/recover-20220922/UBNA_001/20220921_090000.WAV,Telephone Field,recover-20220922,001,1795
690.5745,690.5959,20312,24022,Nyctalus noctula,0.029,0.064,-1,Echolocation,/mnt/ubna_data_02_mir/recover-20220922/UBNA_001/20220921_090000.WAV,Telephone Field,recover-20220922,001,1795
690.5895,690.6302,68437,82136,Rhinolophus ferrumequinum,0.049,0.049,-1,Echolocation,/mnt/ubna_data_02_mir/recover-20220922/UBNA_001/20220921_090000.WAV,Telephone Field,recover-20220922,001,1795
690.5955,690.607,44375,47632,Pipistrellus pipistrellus,0.021,0.023,-1,Echolocation,/mnt/ubna_data_02_mir/recover-20220922/UBNA_001/20220921_090000.WAV,Telephone Field,recover-20220922,001,1795
690.6225,690.6629,68437,83021,Rhinolophus ferrumequinum,0.026,0.026,-1,Echolocation,/mnt/ubna_data_02_mir/recover-20220922/UBNA_001/20220921_090000.WAV,Telephone Field,recover-20220922,001,1795
690.6495,690.6595,23750,30127,Nyctalus leisleri,0.008,0.025,-1,Echolocation,/mnt/ubna_data_02_mir/recover-20220922/UBNA_001/20220921_090000.WAV,Telephone Field,recover-20220922,001,1795
690.6695,690.7077,68437,81451,Rhinolophus ferrumequinum,0.021,0.021,-1,Echolocation,/mnt/ubna_data_02_mir/recover-20220922/UBNA_001/20220921_090000.WAV,Telephone Field,recover-20220922,001,1795
690.6985,690.7376,68437,82183,Rhinolophus ferrumequinum,0.021,0.022,-1,Echolocation,/mnt/ubna_data_02_mir/recover-20220922/UBNA_001/20220921_090000.WAV,Telephone Field,recover-20220922,001,1795
690.7145,690.7527,68437,81592,Rhinolophus ferrumequinum,0.021,0.021,-1,Echolocation,/mnt/ubna_data_02_mir/recover-20220922/UBNA_001/20220921_090000.WAV,Telephone Field,recover-20220922,001,1795
690.7285,690.7401,22890,27740,Nyctalus leisleri,0.014,0.027,-1,Echolocation,/mnt/ubna_data_02_mir/recover-20220922/UBNA_001/20220921_090000.WAV,Telephone Field,recover-20220922,001,1795
690.7335,690.7651,68437,80387,Rhinolophus ferrumequinum,0.021,0.021,-1,Echolocation,/mnt/ubna_data_02_mir/recover-20220922/UBNA_001/20220921_090000.WAV,Telephone Field,recover-20220922,001,1795
690.7735,690.8145,68437,82268,Rhinolophus ferrumequinum,0.023,0.023,-1,Echolocation,/mnt/ubna_data_02_mir/recover-20220922/UBNA_001/20220921_090000.WAV,Telephone Field,recover-20220922,001,1795
690.7975,690.8399,68437,83079,Rhinolophus ferrumequinum,0.03,0.03,-1,Echolocation,/mnt/ubna_data_02_mir/recover-20220922/UBNA_001/20220921_090000.WAV,Telephone Field,recover-20220922,001,1795
690.8015,690.8089,28046,38658,Eptesicus serotinus,0.006,0.023,-1,Echolocation,/mnt/ubna_data_02_mir/recover-20220922/UBNA_001/20220921_090000.WAV,Telephone Field,recover-20220922,001,1795
690.8035,690.8134,22031,27531,Nyctalus leisleri,0.008,0.021,-1,Echolocation,/mnt/ubna_data_02_mir/recover-20220922/UBNA_001/20220921_090000.WAV,Telephone Field,recover-20220922,001,1795
690.8155,690.8556,68437,82455,Rhinolophus ferrumequinum,0.023,0.023,-1,Echolocation,/mnt/ubna_data_02_mir/recover-20220922/UBNA_001/20220921_090000.WAV,Telephone Field,recover-20220922,001,1795
690.8255,690.866,68437,82301,Rhinolophus ferrumequinum,0.021,0.021,-1,Echolocation,/mnt/ubna_data_02_mir/recover-20220922/UBNA_001/20220921_090000.WAV,Telephone Field,recover-20220922,001,1795
690.8315,690.8682,68437,81610,Rhinolophus ferrumequinum,0.021,0.021,-1,Echolocation,/mnt/ubna_data_02_mir/recover-20220922/UBNA_001/20220921_090000.WAV,Telephone Field,recover-20220922,001,1795
690.8425,690.8823,68437,82513,Rhinolophus ferrumequinum,0.021,0.021,-1,Echolocation,/mnt/ubna_data_02_mir/recover-20220922/UBNA_001/20220921_090000.WAV,Telephone Field,recover-20220922,001,1795
690.8485,690.8868,68437,82565,Rhinolophus ferrumequinum,0.021,0.021,-1,Echolocation,/mnt/ubna_data_02_mir/recover-20220922/UBNA_001/20220921_090000.WAV,Telephone Field,recover-20220922,001,1795
690.8965,690.9373,68437,82516,Rhinolophus ferrumequinum,0.025,0.025,-1,Echolocation,/mnt/ubna_data_02_mir/recover-20220922/UBNA_001/20220921_090000.WAV,Telephone Field,recover-20220922,001,1795
690.9195,690.9264,26328,42230,Eptesicus serotinus,0.007,0.023,-1,Echolocation,/mnt/ubna_data_02_mir/recover-20220922/UBNA_001/20220921_090000.WAV,Telephone Field,recover-20220922,001,1795
690.9205,690.9631,68437,82877,Rhinolophus ferrumequinum,0.034,0.034,-1,Echolocation,/mnt/ubna_data_02_mir/recover-20220922/UBNA_001/20220921_090000.WAV,Telephone Field,recover-20220922,001,1795
690.9205,690.9272,33203,42118,Myotis daubentonii,0.009,0.024,-1,Echolocation,/mnt/ubna_data_02_mir/recover-20220922/UBNA_001/20220921_090000.WAV,Telephone Field,recover-20220922,001,1795
690.9355,690.9741,68437,82083,Rhinolophus ferrumequinum,0.023,0.023,-1,Echolocation,/mnt/ubna_data_02_mir/recover-20220922/UBNA_001/20220921_090000.WAV,Telephone Field,recover-20220922,001,1795
690.9825,691.021,68437,82026,Rhinolophus ferrumequinum,0.021,0.021,-1,Echolocation,/mnt/ubna_data_02_mir/recover-20220922/UBNA_001/20220921_090000.WAV,Telephone Field,recover-20220922,001,1795
690.9925,691.0029,22890,27744,Nyctalus leisleri,0.011,0.022,-1,Echolocation,/mnt/ubna_data_02_mir/recover-20220922/UBNA_001/20220921_090000.WAV,Telephone Field,recover-20220922,001,1795
691.0215,691.0299,28046,38696,Eptesicus serotinus,0.008,0.022,-1,Echolocation,/mnt/ubna_data_02_mir/recover-20220922/UBNA_001/20220921_090000.WAV,Telephone Field,recover-20220922,001,1795
691.0325,691.0729,68437,82612,Rhinolophus ferrumequinum,0.028,0.028,-1,Echolocation,/mnt/ubna_data_02_mir/recover-20220922/UBNA_001/20220921_090000.WAV,Telephone Field,recover-20220922,001,1795
691.0645,691.1038,68437,81984,Rhinolophus ferrumequinum,0.024,0.024,-1,Echolocation,/mnt/ubna_data_02_mir/recover-20220922/UBNA_001/20220921_090000.WAV,Telephone Field,recover-20220922,001,1795
691.1085,691.1486,68437,82690,Rhinolophus ferrumequinum,0.022,0.022,-1,Echolocation,/mnt/ubna_data_02_mir/recover-20220922/UBNA_001/20220921_090000.WAV,Telephone Field,recover-20220922,001,1795
691.1335,691.172,68437,81758,Rhinolophus ferrumequinum,0.028,0.028,-1,Echolocation,/mnt/ubna_data_02_mir/recover-20220922/UBNA_001/20220921_090000.WAV,Telephone Field,recover-20220922,001,1795
691.1465,691.1857,68437,81483,Rhinolophus ferrumequinum,0.023,0.023,-1,Echolocation,/mnt/ubna_data_02_mir/recover-20220922/UBNA_001/20220921_090000.WAV,Telephone Field,recover-20220922,001,1795
691.1725,691.2124,68437,81973,Rhinolophus ferrumequinum,0.024,0.024,-1,Echolocation,/mnt/ubna_data_02_mir/recover-20220922/UBNA_001/20220921_090000.WAV,Telephone Field,recover-20220922,001,1795
691.1855,691.2262,68437,82483,Rhinolophus ferrumequinum,0.023,0.023,-1,Echolocation,/mnt/ubna_data_02_mir/recover-20220922/UBNA_001/20220921_090000.WAV,Telephone Field,recover-20220922,001,1795
691.1855,691.1969,26328,33371,Eptesicus serotinus,0.018,0.035,-1,Echolocation,/mnt/ubna_data_02_mir/recover-20220922/UBNA_001/20220921_090000.WAV,Telephone Field,recover-20220922,001,1795
691.1955,691.2374,68437,82671,Rhinolophus ferrumequinum,0.023,0.023,-1,Echolocation,/mnt/ubna_data_02_mir/recover-20220922/UBNA_001/20220921_090000.WAV,Telephone Field,recover-20220922,001,1795
691.1995,691.2066,23750,32889,Plecotus austriacus,0.016,0.037,-1,Echolocation,/mnt/ubna_data_02_mir/recover-20220922/UBNA_001/20220921_090000.WAV,Telephone Field,recover-20220922,001,1795
691.2025,691.2449,68437,82856,Rhinolophus ferrumequinum,0.025,0.025,-1,Echolocation,/mnt/ubna_data_02_mir/recover-20220922/UBNA_001/20220921_090000.WAV,Telephone Field,recover-20220922,001,1795
691.2215,691.2298,46953,50662,Pipistrellus pipistrellus,0.02,0.022,-1,Echolocation,/mnt/ubna_data_02_mir/recover-20220922/UBNA_001/20220921_090000.WAV,Telephone Field,recover-20220922,001,1795
691.2505,691.2872,68437,81380,Rhinolophus ferrumequinum,0.022,0.022,-1,Echolocation,/mnt/ubna_data_02_mir/recover-20220922/UBNA_001/20220921_090000.WAV,Telephone Field,recover-20220922,001,1795
691.2565,691.2921,68437,81101,Rhinolophus ferrumequinum,0.022,0.022,-1,Echolocation,/mnt/ubna_data_02_mir/recover-20220922/UBNA_001/20220921_090000.WAV,Telephone Field,recover-20220922,001,1795
691.2685,691.3051,68437,81920,Rhinolophus ferrumequinum,0.022,0.022,-1,Echolocation,/mnt/ubna_data_02_mir/recover-20220922/UBNA_001/20220921_090000.WAV,Telephone Field,recover-20220922,001,1795
691.2965,691.3037,28046,37498,Eptesicus serotinus,0.008,0.023,-1,Echolocation,/mnt/ubna_data_02_mir/recover-20220922/UBNA_001/20220921_090000.WAV,Telephone Field,recover-20220922,001,1795
691.3005,691.3382,68437,82084,Rhinolophus ferrumequinum,0.023,0.023,-1,Echolocation,/mnt/ubna_data_02_mir/recover-20220922/UBNA_001/20220921_090000.WAV,Telephone Field,recover-20220922,001,1795
691.3245,691.3318,22890,31359,Plecotus austriacus,0.012,0.028,-1,Echolocation,/mnt/ubna_data_02_mir/recover-20220922/UBNA_001/20220921_090000.WAV,Telephone Field,recover-20220922,001,1795
691.3455,691.3538,23750,31556,Plecotus austriacus,0.008,0.024,-1,Echolocation,/mnt/ubna_data_02_mir/recover-20220922/UBNA_001/20220921_090000.WAV,Telephone Field,recover-20220922,001,1795
691.3635,691.374,28906,36114,Eptesicus serotinus,0.01,0.023,-1,Echolocation,/mnt/ubna_data_02_mir/recover-20220922/UBNA_001/20220921_090000.WAV,Telephone Field,recover-20220922,001,1795
691.3695,691.3796,28906,35908,Eptesicus serotinus,0.009,0.023,-1,Echolocation,/mnt/ubna_data_02_mir/recover-20220922/UBNA_001/20220921_090000.WAV,Telephone Field,recover-20220922,001,1795
691.3995,691.4368,68437,81119,Rhinolophus ferrumequinum,0.024,0.024,-1,Echolocation,/mnt/ubna_data_02_mir/recover-20220922/UBNA_001/20220921_090000.WAV,Telephone Field,recover-20220922,001,1795
691.4495,691.487,68437,81701,Rhinolophus ferrumequinum,0.021,0.021,-1,Echolocation,/mnt/ubna_data_02_mir/recover-20220922/UBNA_001/20220921_090000.WAV,Telephone Field,recover-20220922,001,1795
691.4785,691.5186,68437,82487,Rhinolophus ferrumequinum,0.026,0.026,-1,Echolocation,/mnt/ubna_data_02_mir/recover-20220922/UBNA_001/20220921_090000.WAV,Telephone Field,recover-20220922,001,1795
691.5005,691.5111,39218,43641,Pipistrellus nathusii,0.008,0.021,-1,Echolocation,/mnt/ubna_data_02_mir/recover-20220922/UBNA_001/20220921_090000.WAV,Telephone Field,recover-20220922,001,1795
691.5045,691.5406,68437,81540,Rhinolophus ferrumequinum,0.021,0.021,-1,Echolocation,/mnt/ubna_data_02_mir/recover-20220922/UBNA_001/20220921_090000.WAV,Telephone Field,recover-20220922,001,1795
691.5395,691.5787,68437,82421,Rhinolophus ferrumequinum,0.023,0.023,-1,Echolocation,/mnt/ubna_data_02_mir/recover-20220922/UBNA_001/20220921_090000.WAV,Telephone Field,recover-20220922,001,1795
691.5425,691.5524,22031,27282,Nyctalus leisleri,0.009,0.022,-1,Echolocation,/mnt/ubna_data_02_mir/recover-20220922/UBNA_001/20220921_090000.WAV,Telephone Field,recover-20220922,001,1795
691.5605,691.6,68437,82317,Rhinolophus ferrumequinum,0.021,0.022,-1,Echolocation,/mnt/ubna_data_02_mir/recover-20220922/UBNA_001/20220921_090000.WAV,Telephone Field,recover-20220922,001,1795
691.5895,691.6274,68437,82329,Rhinolophus ferrumequinum,0.026,0.026,-1,Echolocation,/mnt/ubna_data_02_mir/recover-20220922/UBNA_001/20220921_090000.WAV,Telephone Field,recover-20220922,001,1795
691.6115,691.6516,68437,82524,Rhinolophus ferrumequinum,0.021,0.021,-1,Echolocation,/mnt/ubna_data_02_mir/recover-20220922/UBNA_001/20220921_090000.WAV,Telephone Field,recover-20220922,001,1795
691.6485,691.6931,68437,83399,Rhinolophus ferrumequinum,0.041,0.041,-1,Echolocation,/mnt/ubna_data_02_mir/recover-20220922/UBNA_001/20220921_090000.WAV,Telephone Field,recover-20220922,001,1795
691.6645,691.6726,23750,32171,Plecotus austriacus,0.01,0.024,-1,Echolocation,/mnt/ubna_data_02_mir/recover-20220922/UBNA_001/20220921_090000.WAV,Telephone Field,recover-20220922,001,1795
691.6775,691.7162,68437,82004,Rhinolophus ferrumequinum,0.021,0.021,-1,Echolocation,/mnt/ubna_data_02_mir/recover-20220922/UBNA_001/20220921_090000.WAV,Telephone Field,recover-20220922,001,1795
691.6935,691.7022,29765,39249,Eptesicus serotinus,0.008,0.022,-1,Echolocation,/mnt/ubna_data_02_mir/recover-20220922/UBNA_001/20220921_090000.WAV,Telephone Field,recover-20220922,001,1795
691.7215,691.7674,68437,83579,Rhinolophus ferrumequinum,0.057,0.057,-1,Echolocation,/mnt/ubna_data_02_mir/recover-20220922/UBNA_001/20220921_090000.WAV,Telephone Field,recover-20220922,001,1795
691.7445,691.7792,68437,81938,Rhinolophus ferrumequinum,0.021,0.021,-1,Echolocation,/mnt/ubna_data_02_mir/recover-20220922/UBNA_001/20220921_090000.WAV,Telephone Field,recover-20220922,001,1795
691.7665,691.8021,68437,81339,Rhinolophus ferrumequinum,0.021,0.021,-1,Echolocation,/mnt/ubna_data_02_mir/recover-20220922/UBNA_001/20220921_090000.WAV,Telephone Field,recover-20220922,001,1795
691.7675,691.7772,28906,37548,Eptesicus serotinus,0.013,0.028,-1,Echolocation,/mnt/ubna_data_02_mir/recover-20220922/UBNA_001/20220921_090000.WAV,Telephone Field,recover-20220922,001,1795
691.7895,691.8009,23750,29120,Nyctalus leisleri,0.011,0.026,-1,Echolocation,/mnt/ubna_data_02_mir/recover-20220922/UBNA_001/20220921_090000.WAV,Telephone Field,recover-20220922,001,1795
691.8175,691.8262,28906,36728,Eptesicus serotinus,0.013,0.029,-1,Echolocation,/mnt/ubna_data_02_mir/recover-20220922/UBNA_001/20220921_090000.WAV,Telephone Field,recover-20220922,001,1795
691.8215,691.8634,68437,82502,Rhinolophus ferrumequinum,0.031,0.031,-1,Echolocation,/mnt/ubna_data_02_mir/recover-20220922/UBNA_001/20220921_090000.WAV,Telephone Field,recover-20220922,001,1795
691.8475,691.8579,26328,32784,Eptesicus serotinus,0.018,0.037,-1,Echolocation,/mnt/ubna_data_02_mir/recover-20220922/UBNA_001/20220921_090000.WAV,Telephone Field,recover-20220922,001,1795
691.8555,691.8931,68437,81700,Rhinolophus ferrumequinum,0.023,0.023,-1,Echolocation,/mnt/ubna_data_02_mir/recover-20220922/UBNA_001/20220921_090000.WAV,Telephone Field,recover-20220922,001,1795
691.8825,691.9246,68437,83242,Rhinolophus ferrumequinum,0.041,0.041,-1,Echolocation,/mnt/ubna_data_02_mir/recover-20220922/UBNA_001/20220921_090000.WAV,Telephone Field,recover-20220922,001,1795
691.9075,691.9187,23750,28854,Nyctalus leisleri,0.01,0.022,-1,Echolocation,/mnt/ubna_data_02_mir/recover-20220922/UBNA_001/20220921_090000.WAV,Telephone Field,recover-20220922,001,1795
691.9165,691.9578,68437,82912,Rhinolophus ferrumequinum,0.023,0.023,-1,Echolocation,/mnt/ubna_data_02_mir/recover-20220922/UBNA_001/20220921_090000.WAV,Telephone Field,recover-20220922,001,1795
691.9465,691.987,68437,82927,Rhinolophus ferrumequinum,0.024,0.024,-1,Echolocation,/mnt/ubna_data_02_mir/recover-20220922/UBNA_001/20220921_090000.WAV,Telephone Field,recover-20220922,001,1795
691.9605,691.9994,68437,81644,Rhinolophus ferrumequinum,0.021,0.022,-1,Echolocation,/mnt/ubna_data_02_mir/recover-20220922/UBNA_001/20220921_090000.WAV,Telephone Field,recover-20220922,001,1795
692.0015,692.0096,25468,36616,Nyctalus leisleri,0.006,0.025,-1,Echolocation,/mnt/ubna_data_02_mir/recover-20220922/UBNA_001/20220921_090000.WAV,Telephone Field,recover-20220922,001,1795
692.0015,692.0348,68437,80508,Rhinolophus ferrumequinum,0.044,0.044,-1,Echolocation,/mnt/ubna_data_02_mir/recover-20220922/UBNA_001/20220921_090000.WAV,Telephone Field,recover-20220922,001,1795
692.0165,692.0271,22890,27398,Nyctalus leisleri,0.011,0.021,-1,Echolocation,/mnt/ubna_data_02_mir/recover-20220922/UBNA_001/20220921_090000.WAV,Telephone Field,recover-20220922,001,1795
692.0365,692.0743,68437,81924,Rhinolophus ferrumequinum,0.022,0.022,-1,Echolocation,/mnt/ubna_data_02_mir/recover-20220922/UBNA_001/20220921_090000.WAV,Telephone Field,recover-20220922,001,1795
692.0465,692.0549,26328,34895,Eptesicus serotinus,0.01,0.026,-1,Echolocation,/mnt/ubna_data_02_mir/recover-20220922/UBNA_001/20220921_090000.WAV,Telephone Field,recover-20220922,001,1795
692.0915,692.0996,48671,52555,Pipistrellus pipistrellus,0.021,0.023,-1,Echolocation,/mnt/ubna_data_02_mir/recover-20220922/UBNA_001/20220921_090000.WAV,Telephone Field,recover-20220922,001,1795
692.0925,692.0997,28906,39287,Eptesicus serotinus,0.006,0.022,-1,Echolocation,/mnt/ubna_data_02_mir/recover-20220922/UBNA_001/20220921_090000.WAV,Telephone Field,recover-20220922,001,1795
692.0945,692.1056,22031,26648,Nyctalus leisleri,0.011,0.021,-1,Echolocation,/mnt/ubna_data_02_mir/recover-20220922/UBNA_001/20220921_090000.WAV,Telephone Field,recover-20220922,001,1795
692.1145,692.1543,68437,82287,Rhinolophus ferrumequinum,0.025,0.025,-1,Echolocation,/mnt/ubna_data_02_mir/recover-20220922/UBNA_001/20220921_090000.WAV,Telephone Field,recover-20220922,001,1795
692.1215,692.1602,68437,82516,Rhinolophus ferrumequinum,0.024,0.024,-1,Echolocation,/mnt/ubna_data_02_mir/recover-20220922/UBNA_001/20220921_090000.WAV,Telephone Field,recover-20220922,001,1795
692.1225,692.1322,28046,36322,Eptesicus serotinus,0.011,0.024,-1,Echolocation,/mnt/ubna_data_02_mir/recover-20220922/UBNA_001/20220921_090000.WAV,Telephone Field,recover-20220922,001,1795
692.1535,692.1652,22890,27576,Nyctalus leisleri,0.014,0.027,-1,Echolocation,/mnt/ubna_data_02_mir/recover-20220922/UBNA_001/20220921_090000.WAV,Telephone Field,recover-20220922,001,1795
692.1545,692.1644,46093,49997,Pipistrellus pipistrellus,0.021,0.024,-1,Echolocation,/mnt/ubna_data_02_mir/recover-20220922/UBNA_001/20220921_090000.WAV,Telephone Field,recover-20220922,001,1795
692.1695,692.2147,68437,83313,Rhinolophus ferrumequinum,0.042,0.042,-1,Echolocation,/mnt/ubna_data_02_mir/recover-20220922/UBNA_001/20220921_090000.WAV,Telephone Field,recover-20220922,001,1795
692.2005,692.2101,23750,30785,Nyctalus leisleri,0.008,0.023,-1,Echolocation,/mnt/ubna_data_02_mir/recover-20220922/UBNA_001/20220921_090000.WAV,Telephone Field,recover-20220922,001,1795
692.2155,692.2568,68437,82305,Rhinolophus ferrumequinum,0.025,0.025,-1,Echolocation,/mnt/ubna_data_02_mir/recover-20220922/UBNA_001/20220921_090000.WAV,Telephone Field,recover-20220922,001,1795
692.2195,692.2289,28906,37911,Eptesicus serotinus,0.011,0.027,-1,Echolocation,/mnt/ubna_data_02_mir/recover-20220922/UBNA_001/20220921_090000.WAV,Telephone Field,recover-20220922,001,1795
692.2635,692.304,68437,82764,Rhinolophus ferrumequinum,0.022,0.022,-1,Echolocation,/mnt/ubna_data_02_mir/recover-20220922/UBNA_001/20220921_090000.WAV,Telephone Field,recover-20220922,001,1795
692.2825,692.3224,68437,82381,Rhinolophus ferrumequinum,0.021,0.021,-1,Echolocation,/mnt/ubna_data_02_mir/recover-20220922/UBNA_001/20220921_090000.WAV,Telephone Field,recover-20220922,001,1795
692.3475,692.3865,68437,81937,Rhinolophus ferrumequinum,0.024,0.024,-1,Echolocation,/mnt/ubna_data_02_mir/recover-20220922/UBNA_001/20220921_090000.WAV,Telephone Field,recover-20220922,001,1795
692.3645,692.405,68437,82511,Rhinolophus ferrumequinum,0.031,0.031,-1,Echolocation,/mnt/ubna_data_02_mir/recover-20220922/UBNA_001/20220921_090000.WAV,Telephone Field,recover-20220922,001,1795
692.3715,692.3797,28906,38416,Eptesicus serotinus,0.008,0.022,-1,Echolocation,/mnt/ubna_data_02_mir/recover-20220922/UBNA_001/20220921_090000.WAV,Telephone Field,recover-20220922,001,1795
692.3765,692.3869,22890,28287,Nyctalus leisleri,0.011,0.022,-1,Echolocation,/mnt/ubna_data_02_mir/recover-20220922/UBNA_001/20220921_090000.WAV,Telephone Field,recover-20220922,001,1795
692.3865,692.3994,24609,29595,Nyctalus leisleri,0.017,0.035,-1,Echolocation,/mnt/ubna_data_02_mir/recover-20220922/UBNA_001/20220921_090000.WAV,Telephone Field,recover-20220922,001,1795
692.3925,692.4357,68437,82993,Rhinolophus ferrumequinum,0.039,0.039,-1,Echolocation,/mnt/ubna_data_02_mir/recover-20220922/UBNA_001/20220921_090000.WAV,Telephone Field,recover-20220922,001,1795
692.4245,692.4345,25468,32538,Eptesicus serotinus,0.009,0.024,-1,Echolocation,/mnt/ubna_data_02_mir/recover-20220922/UBNA_001/20220921_090000.WAV,Telephone Field,recover-20220922,001,1795
692.4315,692.4722,68437,82899,Rhinolophus ferrumequinum,0.031,0.031,-1,Echolocation,/mnt/ubna_data_02_mir/recover-20220922/UBNA_001/20220921_090000.WAV,Telephone Field,recover-20220922,001,1795
692.4625,692.4743,23750,29414,Nyctalus leisleri,0.014,0.03,-1,Echolocation,/mnt/ubna_data_02_mir/recover-20220922/UBNA_001/20220921_090000.WAV,Telephone Field,recover-20220922,001,1795
692.4845,692.5247,68437,82635,Rhinolophus ferrumequinum,0.023,0.023,-1,Echolocation,/mnt/ubna_data_02_mir/recover-20220922/UBNA_001/20220921_090000.WAV,Telephone Field,recover-20220922,001,1795
692.5005,692.5096,28906,38603,Eptesicus serotinus,0.008,0.021,-1,Echolocation,/mnt/ubna_data_02_mir/recover-20220922/UBNA_001/20220921_090000.WAV,Telephone Field,recover-20220922,001,1795
692.5245,692.5631,68437,82087,Rhinolophus ferrumequinum,0.022,0.022,-1,Echolocation,/mnt/ubna_data_02_mir/recover-20220922/UBNA_001/20220921_090000.WAV,Telephone Field,recover-20220922,001,1795
692.5375,692.5476,24609,30775,Nyctalus leisleri,0.008,0.022,-1,Echolocation,/mnt/ubna_data_02_mir/recover-20220922/UBNA_001/20220921_090000.WAV,Telephone Field,recover-20220922,001,1795
692.5915,692.629,68437,81776,Rhinolophus ferrumequinum,0.021,0.021,-1,Echolocation,/mnt/ubna_data_02_mir/recover-20220922/UBNA_001/20220921_090000.WAV,Telephone Field,recover-20220922,001,1795
692.5935,692.6012,26328,38889,Eptesicus serotinus,0.007,0.024,-1,Echolocation,/mnt/ubna_data_02_mir/recover-20220922/UBNA_001/20220921_090000.WAV,Telephone Field,recover-20220922,001,1795
692.6565,692.6641,26328,37034,Eptesicus serotinus,0.007,0.021,-1,Echolocation,/mnt/ubna_data_02_mir/recover-20220922/UBNA_001/20220921_090000.WAV,Telephone Field,recover-20220922,001,1795
692.6815,692.6903,28906,37452,Eptesicus serotinus,0.008,0.023,-1,Echolocation,/mnt/ubna_data_02_mir/recover-20220922/UBNA_001/20220921_090000.WAV,Telephone Field,recover-20220922,001,1795
692.7495,692.7882,68437,82440,Rhinolophus ferrumequinum,0.024,0.024,-1,Echolocation,/mnt/ubna_data_02_mir/recover-20220922/UBNA_001/20220921_090000.WAV,Telephone Field,recover-20220922,001,1795
692.7545,692.762,28906,39450,Eptesicus serotinus,0.007,0.024,-1,Echolocation,/mnt/ubna_data_02_mir/recover-20220922/UBNA_001/20220921_090000.WAV,Telephone Field,recover-20220922,001,1795
692.7615,692.8008,68437,81060,Rhinolophus ferrumequinum,0.022,0.022,-1,Echolocation,/mnt/ubna_data_02_mir/recover-20220922/UBNA_001/20220921_090000.WAV,Telephone Field,recover-20220922,001,1795
692.7935,692.8331,68437,82308,Rhinolophus ferrumequinum,0.024,0.024,-1,Echolocation,/mnt/ubna_data_02_mir/recover-20220922/UBNA_001/20220921_090000.WAV,Telephone Field,recover-20220922,001,1795
692.8025,692.839,68437,81541,Rhinolophus ferrumequinum,0.022,0.022,-1,Echolocation,/mnt/ubna_data_02_mir/recover-20220922/UBNA_001/20220921_090000.WAV,Telephone Field,recover-20220922,001,1795
692.8295,692.8693,68437,82265,Rhinolophus ferrumequinum,0.022,0.022,-1,Echolocation,/mnt/ubna_data_02_mir/recover-20220922/UBNA_001/20220921_090000.WAV,Telephone Field,recover-20220922,001,1795
692.8315,692.8412,28046,35978,Eptesicus serotinus,0.008,0.021,-1,Echolocation,/mnt/ubna_data_02_mir/recover-20220922/UBNA_001/20220921_090000.WAV,Telephone Field,recover-20220922,001,1795
692.8535,692.8631,22890,29078,Nyctalus leisleri,0.009,0.022,-1,Echolocation,/mnt/ubna_data_02_mir/recover-20220922/UBNA_001/20220921_090000.WAV,Telephone Field,recover-20220922,001,1795
692.8625,692.8732,22890,27671,Nyctalus leisleri,0.012,0.023,-1,Echolocation,/mnt/ubna_data_02_mir/recover-20220922/UBNA_001/20220921_090000.WAV,Telephone Field,recover-20220922,001,1795
692.8865,692.9247,68437,82065,Rhinolophus ferrumequinum,0.024,0.024,-1,Echolocation,/mnt/ubna_data_02_mir/recover-20220922/UBNA_001/20220921_090000.WAV,Telephone Field,recover-20220922,001,1795
692.9035,692.9245,19453,22462,Nyctalus leisleri,0.011,0.023,-1,Echolocation,/mnt/ubna_data_02_mir/recover-20220922/UBNA_001/20220921_090000.WAV,Telephone Field,recover-20220922,001,1795
692.9425,692.9808,68437,81717,Rhinolophus ferrumequinum,0.023,0.023,-1,Echolocation,/mnt/ubna_data_02_mir/recover-20220922/UBNA_001/20220921_090000.WAV,Telephone Field,recover-20220922,001,1795
692.9555,692.995,68437,81988,Rhinolophus ferrumequinum,0.022,0.022,-1,Echolocation,/mnt/ubna_data_02_mir/recover-20220922/UBNA_001/20220921_090000.WAV,Telephone Field,recover-20220922,001,1795
692.9695,693.0072,68437,81613,Rhinolophus ferrumequinum,0.022,0.022,-1,Echolocation,/mnt/ubna_data_02_mir/recover-20220922/UBNA_001/20220921_090000.WAV,Telephone Field,recover-20220922,001,1795
692.9765,693.013,68437,81752,Rhinolophus ferrumequinum,0.025,0.025,-1,Echolocation,/mnt/ubna_data_02_mir/recover-20220922/UBNA_001/20220921_090000.WAV,Telephone Field,recover-20220922,001,1795
692.9865,693.0255,68437,82127,Rhinolophus ferrumequinum,0.022,0.022,-1,Echolocation,/mnt/ubna_data_02_mir/recover-20220922/UBNA_001/20220921_090000.WAV,Telephone Field,recover-20220922,001,1795
693.0375,693.0795,68437,82839,Rhinolophus ferrumequinum,0.029,0.029,-1,Echolocation,/mnt/ubna_data_02_mir/recover-20220922/UBNA_001/20220921_090000.WAV,Telephone Field,recover-20220922,001,1795
693.0565,693.0972,68437,82370,Rhinolophus ferrumequinum,0.023,0.023,-1,Echolocation,/mnt/ubna_data_02_mir/recover-20220922/UBNA_001/20220921_090000.WAV,Telephone Field,recover-20220922,001,1795
693.0625,693.1035,68437,82728,Rhinolophus ferrumequinum,0.023,0.023,-1,Echolocation,/mnt/ubna_data_02_mir/recover-20220922/UBNA_001/20220921_090000.WAV,Telephone Field,recover-20220922,001,1795
693.0695,693.1089,68437,82607,Rhinolophus ferrumequinum,0.022,0.022,-1,Echolocation,/mnt/ubna_data_02_mir/recover-20220922/UBNA_001/20220921_090000.WAV,Telephone Field,recover-20220922,001,1795
693.0765,693.0841,28906,39193,Eptesicus serotinus,0.007,0.023,-1,Echolocation,/mnt/ubna_data_02_mir/recover-20220922/UBNA_001/20220921_090000.WAV,Telephone Field,recover-20220922,001,1795
693.1125,693.1516,68437,81953,Rhinolophus ferrumequinum,0.028,0.028,-1,Echolocation,/mnt/ubna_data_02_mir/recover-20220922/UBNA_001/20220921_090000.WAV,Telephone Field,recover-20220922,001,1795
693.1135,693.1207,50390,55255,Pipistrellus pipistrellus,0.022,0.025,-1,Echolocation,/mnt/ubna_data_02_mir/recover-20220922/UBNA_001/20220921_090000.WAV,Telephone Field,recover-20220922,001,1795
693.1445,693.1848,68437,82281,Rhinolophus ferrumequinum,0.025,0.025,-1,Echolocation,/mnt/ubna_data_02_mir/recover-20220922/UBNA_001/20220921_090000.WAV,Telephone Field,recover-20220922,001,1795
693.1575,693.1671,28906,37891,Eptesicus serotinus,0.008,0.023,-1,Echolocation,/mnt/ubna_data_02_mir/recover-20220922/UBNA_001/20220921_090000.WAV,Telephone Field,recover-20220922,001,1795
693.1805,693.2014,18593,21505,Nyctalus noctula,0.012,0.023,-1,Echolocation,/mnt/ubna_data_02_mir/recover-20220922/UBNA_001/20220921_090000.WAV,Telephone Field,recover-20220922,001,1795
693.2055,693.2167,28906,35723,Eptesicus serotinus,0.012,0.026,-1,Echolocation,/mnt/ubna_data_02_mir/recover-20220922/UBNA_001/20220921_090000.WAV,Telephone Field,recover-20220922,001,1795
693.2235,693.2618,68437,81909,Rhinolophus ferrumequinum,0.023,0.023,-1,Echolocation,/mnt/ubna_data_02_mir/recover-20220922/UBNA_001/20220921_090000.WAV,Telephone Field,recover-20220922,001,1795
693.2415,693.2793,68437,82004,Rhinolophus ferrumequinum,0.021,0.021,-1,Echolocation,/mnt/ubna_data_02_mir/recover-20220922/UBNA_001/20220921_090000.WAV,Telephone Field,recover-20220922,001,1795
693.2505,693.2913,68437,81846,Rhinolophus ferrumequinum,0.024,0.024,-1,Echolocation,/mnt/ubna_data_02_mir/recover-20220922/UBNA_001/20220921_090000.WAV,Telephone Field,recover-20220922,001,1795
693.2575,693.299,68437,82623,Rhinolophus ferrumequinum,0.026,0.026,-1,Echolocation,/mnt/ubna_data_02_mir/recover-20220922/UBNA_001/20220921_090000.WAV,Telephone Field,recover-20220922,001,1795
693.2675,693.3064,68437,81784,Rhinolophus ferrumequinum,0.022,0.022,-1,Echolocation,/mnt/ubna_data_02_mir/recover-20220922/UBNA_001/20220921_090000.WAV,Telephone Field,recover-20220922,001,1795
693.2685,693.2763,26328,34693,Eptesicus serotinus,0.007,0.023,-1,Echolocation,/mnt/ubna_data_02_mir/recover-20220922/UBNA_001/20220921_090000.WAV,Telephone Field,recover-20220922,001,1795
693.2765,693.3131,68437,81437,Rhinolophus ferrumequinum,0.024,0.024,-1,Echolocation,/mnt/ubna_data_02_mir/recover-20220922/UBNA_001/20220921_090000.WAV,Telephone Field,recover-20220922,001,1795
693.2765,693.2885,22890,27128,Nyctalus leisleri,0.014,0.024,-1,Echolocation,/mnt/ubna_data_02_mir/recover-20220922/UBNA_001/20220921_090000.WAV,Telephone Field,recover-20220922,001,1795
693.3065,693.3144,27187,38914,Eptesicus serotinus,0.008,0.024,-1,Echolocation,/mnt/ubna_data_02_mir/recover-20220922/UBNA_001/20220921_090000.WAV,Telephone Field,recover-20220922,001,1795
693.3165,693.325,28906,37748,Eptesicus serotinus,0.008,0.023,-1,Echolocation,/mnt/ubna_data_02_mir/recover-20220922/UBNA_001/20220921_090000.WAV,Telephone Field,recover-20220922,001,1795
693.3395,693.3814,68437,82494,Rhinolophus ferrumequinum,0.022,0.022,-1,Echolocation,/mnt/ubna_data_02_mir/recover-20220922/UBNA_001/20220921_090000.WAV,Telephone Field,recover-20220922,001,1795
693.3915,693.4306,68437,82410,Rhinolophus ferrumequinum,0.027,0.027,-1,Echolocation,/mnt/ubna_data_02_mir/recover-20220922/UBNA_001/20220921_090000.WAV,Telephone Field,recover-20220922,001,1795
693.4085,693.4193,23750,29655,Nyctalus leisleri,0.013,0.03,-1,Echolocation,/mnt/ubna_data_02_mir/recover-20220922/UBNA_001/20220921_090000.WAV,Telephone Field,recover-20220922,001,1795
693.4305,693.4685,68437,81633,Rhinolophus ferrumequinum,0.023,0.024,-1,Echolocation,/mnt/ubna_data_02_mir/recover-20220922/UBNA_001/20220921_090000.WAV,Telephone Field,recover-20220922,001,1795
693.4425,693.479,68437,80913,Rhinolophus ferrumequinum,0.021,0.021,-1,Echolocation,/mnt/ubna_data_02_mir/recover-20220922/UBNA_001/20220921_090000.WAV,Telephone Field,recover-20220922,001,1795
693.4565,693.4682,36640,41741,Pipistrellus nathusii,0.009,0.023,-1,Echolocation,/mnt/ubna_data_02_mir/recover-20220922/UBNA_001/20220921_090000.WAV,Telephone Field,recover-20220922,001,1795
693.4575,693.4659,27187,38481,Eptesicus serotinus,0.008,0.023,-1,Echolocation,/mnt/ubna_data_02_mir/recover-20220922/UBNA_001/20220921_090000.WAV,Telephone Field,recover-20220922,001,1795
693.5155,693.5528,68437,81854,Rhinolophus ferrumequinum,0.021,0.021,-1,Echolocation,/mnt/ubna_data_02_mir/recover-20220922/UBNA_001/20220921_090000.WAV,Telephone Field,recover-20220922,001,1795
693.5305,693.5695,68437,81887,Rhinolophus ferrumequinum,0.022,0.022,-1,Echolocation,/mnt/ubna_data_02_mir/recover-20220922/UBNA_001/20220921_090000.WAV,Telephone Field,recover-20220922,001,1795
693.5455,693.5632,16015,20618,Nyctalus noctula,0.038,0.05,-1,Echolocation,/mnt/ubna_data_02_mir/recover-20220922/UBNA_001/20220921_090000.WAV,Telephone Field,recover-20220922,001,1795
693.5585,693.5976,68437,81963,Rhinolophus ferrumequinum,0.022,0.022,-1,Echolocation,/mnt/ubna_data_02_mir/recover-20220922/UBNA_001/20220921_090000.WAV,Telephone Field,recover-20220922,001,1795
693.5595,693.571,23750,29072,Nyctalus leisleri,0.011,0.025,-1,Echolocation,/mnt/ubna_data_02_mir/recover-20220922/UBNA_001/20220921_090000.WAV,Telephone Field,recover-20220922,001,1795
693.5695,693.581,26328,33516,Eptesicus serotinus,0.011,0.024,-1,Echolocation,/mnt/ubna_data_02_mir/recover-20220922/UBNA_001/20220921_090000.WAV,Telephone Field,recover-20220922,001,1795
693.5745,693.5847,26328,33374,Eptesicus serotinus,0.009,0.024,-1,Echolocation,/mnt/ubna_data_02_mir/recover-20220922/UBNA_001/20220921_090000.WAV,Telephone Field,recover-20220922,001,1795
693.5865,693.6237,68437,81394,Rhinolophus ferrumequinum,0.023,0.023,-1,Echolocation,/mnt/ubna_data_02_mir/recover-20220922/UBNA_001/20220921_090000.WAV,Telephone Field,recover-20220922,001,1795
693.6315,693.6696,68437,82033,Rhinolophus ferrumequinum,0.022,0.022,-1,Echolocation,/mnt/ubna_data_02_mir/recover-20220922/UBNA_001/20220921_090000.WAV,Telephone Field,recover-20220922,001,1795
693.6415,693.6813,68437,82322,Rhinolophus ferrumequinum,0.023,0.024,-1,Echolocation,/mnt/ubna_data_02_mir/recover-20220922/UBNA_001/20220921_090000.WAV,Telephone Field,recover-20220922,001,1795
693.6575,693.6654,28906,37374,Eptesicus serotinus,0.007,0.024,-1,Echolocation,/mnt/ubna_data_02_mir/recover-20220922/UBNA_001/20220921_090000.WAV,Telephone Field,recover-20220922,001,1795
693.6715,693.6842,23750,30349,Nyctalus leisleri,0.016,0.04,-1,Echolocation,/mnt/ubna_data_02_mir/recover-20220922/UBNA_001/20220921_090000.WAV,Telephone Field,recover-20220922,001,1795
693.6865,693.7283,68437,82783,Rhinolophus ferrumequinum,0.038,0.039,-1,Echolocation,/mnt/ubna_data_02_mir/recover-20220922/UBNA_001/20220921_090000.WAV,Telephone Field,recover-20220922,001,1795
693.7175,693.7537,68437,80866,Rhinolophus ferrumequinum,0.024,0.024,-1,Echolocation,/mnt/ubna_data_02_mir/recover-20220922/UBNA_001/20220921_090000.WAV,Telephone Field,recover-20220922,001,1795
693.7255,693.7388,23750,27770,Nyctalus leisleri,0.028,0.047,-1,Echolocation,/mnt/ubna_data_02_mir/recover-20220922/UBNA_001/20220921_090000.WAV,Telephone Field,recover-20220922,001,1795
693.7575,693.7652,28906,41814,Eptesicus serotinus,0.007,0.023,-1,Echolocation,/mnt/ubna_data_02_mir/recover-20220922/UBNA_001/20220921_090000.WAV,Telephone Field,recover-20220922,001,1795
693.7795,693.8179,68437,81434,Rhinolophus ferrumequinum,0.022,0.022,-1,Echolocation,/mnt/ubna_data_02_mir/recover-20220922/UBNA_001/20220921_090000.WAV,Telephone Field,recover-20220922,001,1795
693.8205,693.8617,68437,82513,Rhinolophus ferrumequinum,0.033,0.033,-1,Echolocation,/mnt/ubna_data_02_mir/recover-20220922/UBNA_001/20220921_090000.WAV,Telephone Field,recover-20220922,001,1795
693.8415,693.8528,22890,27994,Nyctalus leisleri,0.01,0.021,-1,Echolocation,/mnt/ubna_data_02_mir/recover-20220922/UBNA_001/20220921_090000.WAV,Telephone Field,recover-20220922,001,1795
693.8675,693.9095,68437,83028,Rhinolophus ferrumequinum,0.038,0.038,-1,Echolocation,/mnt/ubna_data_02_mir/recover-20220922/UBNA_001/20220921_090000.WAV,Telephone Field,recover-20220922,001,1795
693.8985,693.9389,68437,82365,Rhinolophus ferrumequinum,0.033,0.033,-1,Echolocation,/mnt/ubna_data_02_mir/recover-20220922/UBNA_001/20220921_090000.WAV,Telephone Field,recover-20220922,001,1795
693.8985,693.9094,22890,27046,Nyctalus leisleri,0.013,0.023,-1,Echolocation,/mnt/ubna_data_02_mir/recover-20220922/UBNA_001/20220921_090000.WAV,Telephone Field,recover-20220922,001,1795
693.9145,693.9234,28046,39665,Eptesicus serotinus,0.009,0.023,-1,Echolocation,/mnt/ubna_data_02_mir/recover-20220922/UBNA_001/20220921_090000.WAV,Telephone Field,recover-20220922,001,1795
693.9285,693.9368,28046,39101,Eptesicus serotinus,0.008,0.021,-1,Echolocation,/mnt/ubna_data_02_mir/recover-20220922/UBNA_001/20220921_090000.WAV,Telephone Field,recover-20220922,001,1795
693.9745,693.985,43515,47703,Pipistrellus pipistrellus,0.024,0.029,-1,Echolocation,/mnt/ubna_data_02_mir/recover-20220922/UBNA_001/20220921_090000.WAV,Telephone Field,recover-20220922,001,1795
693.9795,693.988,24609,33256,Plecotus austriacus,0.008,0.029,-1,Echolocation,/mnt/ubna_data_02_mir/recover-20220922/UBNA_001/20220921_090000.WAV,Telephone Field,recover-20220922,001,1795
694.0015,694.012,22031,28427,Nyctalus leisleri,0.01,0.029,-1,Echolocation,/mnt/ubna_data_02_mir/recover-20220922/UBNA_001/20220921_090000.WAV,Telephone Field,recover-20220922,001,1795
694.0015,694.0278,69296,80201,Rhinolophus ferrumequinum,0.033,0.033,-1,Echolocation,/mnt/ubna_data_02_mir/recover-20220922/UBNA_001/20220921_090000.WAV,Telephone Field,recover-20220922,001,1795
694.0125,694.0232,23750,29366,Nyctalus leisleri,0.011,0.025,-1,Echolocation,/mnt/ubna_data_02_mir/recover-20220922/UBNA_001/20220921_090000.WAV,Telephone Field,recover-20220922,001,1795
694.0495,694.0902,68437,83030,Rhinolophus ferrumequinum,0.023,0.023,-1,Echolocation,/mnt/ubna_data_02_mir/recover-20220922/UBNA_001/20220921_090000.WAV,Telephone Field,recover-20220922,001,1795
694.0585,694.0656,23750,32183,Plecotus austriacus,0.012,0.026,-1,Echolocation,/mnt/ubna_data_02_mir/recover-20220922/UBNA_001/20220921_090000.WAV,Telephone Field,recover-20220922,001,1795
694.0915,694.1298,68437,82102,Rhinolophus ferrumequinum,0.026,0.026,-1,Echolocation,/mnt/ubna_data_02_mir/recover-20220922/UBNA_001/20220921_090000.WAV,Telephone Field,recover-20220922,001,1795
694.1015,694.1394,68437,81743,Rhinolophus ferrumequinum,0.021,0.021,-1,Echolocation,/mnt/ubna_data_02_mir/recover-20220922/UBNA_001/20220921_090000.WAV,Telephone Field,recover-20220922,001,1795
694.1015,694.1149,23750,28301,Nyctalus leisleri,0.021,0.04,-1,Echolocation,/mnt/ubna_data_02_mir/recover-20220922/UBNA_001/20220921_090000.WAV,Telephone Field,recover-20220922,001,1795
694.1085,694.1464,68437,82046,Rhinolophus ferrumequinum,0.02,0.021,-1,Echolocation,/mnt/ubna_data_02_mir/recover-20220922/UBNA_001/20220921_090000.WAV,Telephone Field,recover-20220922,001,1795
694.1365,694.1779,68437,82586,Rhinolophus ferrumequinum,0.024,0.024,-1,Echolocation,/mnt/ubna_data_02_mir/recover-20220922/UBNA_001/20220921_090000.WAV,Telephone Field,recover-20220922,001,1795
694.1645,694.2055,68437,82616,Rhinolophus ferrumequinum,0.026,0.026,-1,Echolocation,/mnt/ubna_data_02_mir/recover-20220922/UBNA_001/20220921_090000.WAV,Telephone Field,recover-20220922,001,1795
694.2445,694.2808,68437,81404,Rhinolophus ferrumequinum,0.024,0.024,-1,Echolocation,/mnt/ubna_data_02_mir/recover-20220922/UBNA_001/20220921_090000.WAV,Telephone Field,recover-20220922,001,1795
694.2675,694.3085,68437,81750,Rhinolophus ferrumequinum,0.023,0.023,-1,Echolocation,/mnt/ubna_data_02_mir/recover-20220922/UBNA_001/20220921_090000.WAV,Telephone Field,recover-20220922,001,1795
694.2995,694.3086,28906,37169,Eptesicus serotinus,0.008,0.021,-1,Echolocation,/mnt/ubna_data_02_mir/recover-20220922/UBNA_001/20220921_090000.WAV,Telephone Field,recover-20220922,001,1795
694.3095,694.3472,68437,81907,Rhinolophus ferrumequinum,0.021,0.021,-1,Echolocation,/mnt/ubna_data_02_mir/recover-20220922/UBNA_001/20220921_090000.WAV,Telephone Field,recover-20220922,001,1795
694.3325,694.3707,68437,81917,Rhinolophus ferrumequinum,0.024,0.024,-1,Echolocation,/mnt/ubna_data_02_mir/recover-20220922/UBNA_001/20220921_090000.WAV,Telephone Field,recover-20220922,001,1795
694.3545,694.3627,28906,37271,Eptesicus serotinus,0.009,0.023,-1,Echolocation,/mnt/ubna_data_02_mir/recover-20220922/UBNA_001/20220921_090000.WAV,Telephone Field,recover-20220922,001,1795
694.3575,694.396,68437,82029,Rhinolophus ferrumequinum,0.021,0.021,-1,Echolocation,/mnt/ubna_data_02_mir/recover-20220922/UBNA_001/20220921_090000.WAV,Telephone Field,recover-20220922,001,1795
694.3695,694.408,68437,81116,Rhinolophus ferrumequinum,0.02,0.02,-1,Echolocation,/mnt/ubna_data_02_mir/recover-20220922/UBNA_001/20220921_090000.WAV,Telephone Field,recover-20220922,001,1795
694.3755,694.383,28046,41427,Eptesicus serotinus,0.007,0.022,-1,Echolocation,/mnt/ubna_data_02_mir/recover-20220922/UBNA_001/20220921_090000.WAV,Telephone Field,recover-20220922,001,1795
694.3995,694.4332,68437,80765,Rhinolophus ferrumequinum,0.021,0.021,-1,Echolocation,/mnt/ubna_data_02_mir/recover-20220922/UBNA_001/20220921_090000.WAV,Telephone Field,recover-20220922,001,1795
694.4075,694.4432,68437,80976,Rhinolophus ferrumequinum,0.02,0.021,-1,Echolocation,/mnt/ubna_data_02_mir/recover-20220922/UBNA_001/20220921_090000.WAV,Telephone Field,recover-20220922,001,1795
694.4625,694.5024,68437,82898,Rhinolophus ferrumequinum,0.023,0.023,-1,Echolocation,/mnt/ubna_data_02_mir/recover-20220922/UBNA_001/20220921_090000.WAV,Telephone Field,recover-20220922,001,1795
694.4755,694.5145,68437,81756,Rhinolophus ferrumequinum,0.02,0.02,-1,Echolocation,/mnt/ubna_data_02_mir/recover-20220922/UBNA_001/20220921_090000.WAV,Telephone Field,recover-20220922,001,1795
694.4925,694.5012,28046,39881,Eptesicus serotinus,0.007,0.022,-1,Echolocation,/mnt/ubna_data_02_mir/recover-20220922/UBNA_001/20220921_090000.WAV,Telephone Field,recover-20220922,001,1795
694.5285,694.5657,68437,82201,Rhinolophus ferrumequinum,0.025,0.025,-1,Echolocation,/mnt/ubna_data_02_mir/recover-20220922/UBNA_001/20220921_090000.WAV,Telephone Field,recover-20220922,001,1795
694.5305,694.5365,28046,44025,Eptesicus serotinus,0.009,0.04,-1,Echolocation,/mnt/ubna_data_02_mir/recover-20220922/UBNA_001/20220921_090000.WAV,Telephone Field,recover-20220922,001,1795
694.5345,694.5736,68437,82199,Rhinolophus ferrumequinum,0.023,0.023,-1,Echolocation,/mnt/ubna_data_02_mir/recover-20220922/UBNA_001/20220921_090000.WAV,Telephone Field,recover-20220922,001,1795
694.5515,694.5609,28046,35887,Eptesicus serotinus,0.011,0.024,-1,Echolocation,/mnt/ubna_data_02_mir/recover-20220922/UBNA_001/20220921_090000.WAV,Telephone Field,recover-20220922,001,1795
694.5985,694.6352,68437,81884,Rhinolophus ferrumequinum,0.021,0.021,-1,Echolocation,/mnt/ubna_data_02_mir/recover-20220922/UBNA_001/20220921_090000.WAV,Telephone Field,recover-20220922,001,1795
694.6265,694.6349,28906,37684,Eptesicus serotinus,0.008,0.021,-1,Echolocation,/mnt/ubna_data_02_mir/recover-20220922/UBNA_001/20220921_090000.WAV,Telephone Field,recover-20220922,001,1795
694.6415,694.6799,68437,81820,Rhinolophus ferrumequinum,0.021,0.021,-1,Echolocation,/mnt/ubna_data_02_mir/recover-20220922/UBNA_001/20220921_090000.WAV,Telephone Field,recover-20220922,001,1795
694.6505,694.6923,68437,82670,Rhinolophus ferrumequinum,0.024,0.024,-1,Echolocation,/mnt/ubna_data_02_mir/recover-20220922/UBNA_001/20220921_090000.WAV,Telephone Field,recover-20220922,001,1795
694.6535,694.6656,28046,34003,Eptesicus serotinus,0.013,0.026,-1,Echolocation,/mnt/ubna_data_02_mir/recover-20220922/UBNA_001/20220921_090000.WAV,Telephone Field,recover-20220922,001,1795
694.6755,694.714,68437,82191,Rhinolophus ferrumequinum,0.022,0.022,-1,Echolocation,/mnt/ubna_data_02_mir/recover-20220922/UBNA_001/20220921_090000.WAV,Telephone Field,recover-20220922,001,1795
694.6835,694.7219,68437,81513,Rhinolophus ferrumequinum,0.02,0.02,-1,Echolocation,/mnt/ubna_data_02_mir/recover-20220922/UBNA_001/20220921_090000.WAV,Telephone Field,recover-20220922,001,1795
694.6895,694.696,34921,44284,Myotis daubentonii,0.007,0.021,-1,Echolocation,/mnt/ubna_data_02_mir/recover-20220922/UBNA_001/20220921_090000.WAV,Telephone Field,recover-20220922,001,1795
694.7375,694.7778,68437,83005,Rhinolophus ferrumequinum,0.024,0.024,-1,Echolocation,/mnt/ubna_data_02_mir/recover-20220922/UBNA_001/20220921_090000.WAV,Telephone Field,recover-20220922,001,1795
694.7415,694.7497,26328,34891,Eptesicus serotinus,0.008,0.023,-1,Echolocation,/mnt/ubna_data_02_mir/recover-20220922/UBNA_001/20220921_090000.WAV,Telephone Field,recover-20220922,001,1795
694.7725,694.7823,28046,36140,Eptesicus serotinus,0.01,0.023,-1,Echolocation,/mnt/ubna_data_02_mir/recover-20220922/UBNA_001/20220921_090000.WAV,Telephone Field,recover-20220922,001,1795
694.7815,694.8242,68437,83264,Rhinolophus ferrumequinum,0.028,0.028,-1,Echolocation,/mnt/ubna_data_02_mir/recover-20220922/UBNA_001/20220921_090000.WAV,Telephone Field,recover-20220922,001,1795
694.8055,694.8136,28046,41339,Eptesicus serotinus,0.007,0.022,-1,Echolocation,/mnt/ubna_data_02_mir/recover-20220922/UBNA_001/20220921_090000.WAV,Telephone Field,recover-20220922,001,1795
694.8295,694.8715,68437,82694,Rhinolophus ferrumequinum,0.024,0.024,-1,Echolocation,/mnt/ubna_data_02_mir/recover-20220922/UBNA_001/20220921_090000.WAV,Telephone Field,recover-20220922,001,1795
694.8535,694.8895,68437,81084,Rhinolophus ferrumequinum,0.024,0.024,-1,Echolocation,/mnt/ubna_data_02_mir/recover-20220922/UBNA_001/20220921_090000.WAV,Telephone Field,recover-20220922,001,1795
694.8675,694.8737,28046,38406,Eptesicus serotinus,0.006,0.028,-1,Echolocation,/mnt/ubna_data_02_mir/recover-20220922/UBNA_001/20220921_090000.WAV,Telephone Field,recover-20220922,001,1795
694.8825,694.9199,68437,82020,Rhinolophus ferrumequinum,0.02,0.02,-1,Echolocation,/mnt/ubna_data_02_mir/recover-20220922/UBNA_001/20220921_090000.WAV,Telephone Field,recover-20220922,001,1795
694.8955,694.904,28906,39503,Eptesicus serotinus,0.007,0.021,-1,Echolocation,/mnt/ubna_data_02_mir/recover-20220922/UBNA_001/20220921_090000.WAV,Telephone Field,recover-20220922,001,1795
694.9095,694.9484,68437,82701,Rhinolophus ferrumequinum,0.023,0.023,-1,Echolocation,/mnt/ubna_data_02_mir/recover-20220922/UBNA_001/20220921_090000.WAV,Telephone Field,recover-20220922,001,1795
694.9115,694.9263,22031,25923,Nyctalus leisleri,0.014,0.025,-1,Echolocation,/mnt/ubna_data_02_mir/recover-20220922/UBNA_001/20220921_090000.WAV,Telephone Field,recover-20220922,001,1795
694.9205,694.9577,68437,81769,Rhinolophus ferrumequinum,0.02,0.02,-1,Echolocation,/mnt/ubna_data_02_mir/recover-20220922/UBNA_001/20220921_090000.WAV,Telephone Field,recover-20220922,001,1795
694.9325,694.973,68437,82641,Rhinolophus ferrumequinum,0.022,0.022,-1,Echolocation,/mnt/ubna_data_02_mir/recover-20220922/UBNA_001/20220921_090000.WAV,Telephone Field,recover-20220922,001,1795
694.9455,694.9815,68437,81638,Rhinolophus ferrumequinum,0.023,0.024,-1,Echolocation,/mnt/ubna_data_02_mir/recover-20220922/UBNA_001/20220921_090000.WAV,Telephone Field,recover-20220922,001,1795
694.9665,695.0064,68437,81749,Rhinolophus ferrumequinum,0.024,0.024,-1,Echolocation,/mnt/ubna_data_02_mir/recover-20220922/UBNA_001/20220921_090000.WAV,Telephone Field,recover-20220922,001,1795
694.9715,694.9812,22890,29211,Nyctalus leisleri,0.007,0.02,-1,Echolocation,/mnt/ubna_data_02_mir/recover-20220922/UBNA_001/20220921_090000.WAV,Telephone Field,recover-20220922,001,1795
694.9795,694.9938,21171,24366,Nyctalus leisleri,0.013,0.021,-1,Echolocation,/mnt/ubna_data_02_mir/recover-20220922/UBNA_001/20220921_090000.WAV,Telephone Field,recover-20220922,001,1795
694.9895,695.0317,68437,83164,Rhinolophus ferrumequinum,0.03,0.03,-1,Echolocation,/mnt/ubna_data_02_mir/recover-20220922/UBNA_001/20220921_090000.WAV,Telephone Field,recover-20220922,001,1795
695.0435,695.0508,28906,39709,Eptesicus serotinus,0.006,0.024,-1,Echolocation,/mnt/ubna_data_02_mir/recover-20220922/UBNA_001/20220921_090000.WAV,Telephone Field,recover-20220922,001,1795
695.0565,695.0952,68437,82046,Rhinolophus ferrumequinum,0.022,0.022,-1,Echolocation,/mnt/ubna_data_02_mir/recover-20220922/UBNA_001/20220921_090000.WAV,Telephone Field,recover-20220922,001,1795
695.0765,695.0867,24609,31946,Nyctalus leisleri,0.009,0.027,-1,Echolocation,/mnt/ubna_data_02_mir/recover-20220922/UBNA_001/20220921_090000.WAV,Telephone Field,recover-20220922,001,1795
695.0895,695.1267,68437,81890,Rhinolophus ferrumequinum,0.021,0.021,-1,Echolocation,/mnt/ubna_data_02_mir/recover-20220922/UBNA_001/20220921_090000.WAV,Telephone Field,recover-20220922,001,1795
695.1015,695.1394,68437,82126,Rhinolophus ferrumequinum,0.021,0.021,-1,Echolocation,/mnt/ubna_data_02_mir/recover-20220922/UBNA_001/20220921_090000.WAV,Telephone Field,recover-20220922,001,1795
695.1185,695.159,68437,82792,Rhinolophus ferrumequinum,0.023,0.024,-1,Echolocation,/mnt/ubna_data_02_mir/recover-20220922/UBNA_001/20220921_090000.WAV,Telephone Field,recover-20220922,001,1795
695.1275,695.1695,68437,82626,Rhinolophus ferrumequinum,0.03,0.03,-1,Echolocation,/mnt/ubna_data_02_mir/recover-20220922/UBNA_001/20220921_090000.WAV,Telephone Field,recover-20220922,001,1795
695.2035,695.2449,68437,82735,Rhinolophus ferrumequinum,0.023,0.023,-1,Echolocation,/mnt/ubna_data_02_mir/recover-20220922/UBNA_001/20220921_090000.WAV,Telephone Field,recover-20220922,001,1795
695.2095,695.2178,28046,35099,Eptesicus serotinus,0.027,0.061,-1,Echolocation,/mnt/ubna_data_02_mir/recover-20220922/UBNA_001/20220921_090000.WAV,Telephone Field,recover-20220922,001,1795
695.2245,695.2626,68437,81994,Rhinolophus ferrumequinum,0.023,0.023,-1,Echolocation,/mnt/ubna_data_02_mir/recover-20220922/UBNA_001/20220921_090000.WAV,Telephone Field,recover-20220922,001,1795
695.2365,695.2792,68437,83024,Rhinolophus ferrumequinum,0.028,0.028,-1,Echolocation,/mnt/ubna_data_02_mir/recover-20220922/UBNA_001/20220921_090000.WAV,Telephone Field,recover-20220922,001,1795
695.2585,695.3005,68437,82868,Rhinolophus ferrumequinum,0.026,0.026,-1,Echolocation,/mnt/ubna_data_02_mir/recover-20220922/UBNA_001/20220921_090000.WAV,Telephone Field,recover-20220922,001,1795
695.2875,695.2957,28046,39192,Eptesicus serotinus,0.008,0.021,-1,Echolocation,/mnt/ubna_data_02_mir/recover-20220922/UBNA_001/20220921_090000.WAV,Telephone Field,recover-20220922,001,1795
695.3025,695.3435,68437,82397,Rhinolophus ferrumequinum,0.023,0.023,-1,Echolocation,/mnt/ubna_data_02_mir/recover-20220922/UBNA_001/20220921_090000.WAV,Telephone Field,recover-20220922,001,1795
695.3095,695.3504,68437,82319,Rhinolophus ferrumequinum,0.023,0.023,-1,Echolocation,/mnt/ubna_data_02_mir/recover-20220922/UBNA_001/20220921_090000.WAV,Telephone Field,recover-20220922,001,1795
695.3255,695.3655,68437,82403,Rhinolophus ferrumequinum,0.022,0.022,-1,Echolocation,/mnt/ubna_data_02_mir/recover-20220922/UBNA_001/20220921_090000.WAV,Telephone Field,recover-20220922,001,1795
695.3405,695.3801,68437,82365,Rhinolophus ferrumequinum,0.022,0.022,-1,Echolocation,/mnt/ubna_data_02_mir/recover-20220922/UBNA_001/20220921_090000.WAV,Telephone Field,recover-20220922,001,1795
695.3485,695.3875,68437,82115,Rhinolophus ferrumequinum,0.021,0.021,-1,Echolocation,/mnt/ubna_data_02_mir/recover-20220922/UBNA_001/20220921_090000.WAV,Telephone Field,recover-20220922,001,1795
695.3685,695.3775,28906,37080,Eptesicus serotinus,0.01,0.027,-1,Echolocation,/mnt/ubna_data_02_mir/recover-20220922/UBNA_001/20220921_090000.WAV,Telephone Field,recover-20220922,001,1795
695.4025,695.4432,68437,82237,Rhinolophus ferrumequinum,0.021,0.021,-1,Echolocation,/mnt/ubna_data_02_mir/recover-20220922/UBNA_001/20220921_090000.WAV,Telephone Field,recover-20220922,001,1795
695.4165,695.4579,68437,82822,Rhinolophus ferrumequinum,0.022,0.022,-1,Echolocation,/mnt/ubna_data_02_mir/recover-20220922/UBNA_001/20220921_090000.WAV,Telephone Field,recover-20220922,001,1795
695.4175,695.4264,28046,38666,Eptesicus serotinus,0.008,0.021,-1,Echolocation,/mnt/ubna_data_02_mir/recover-20220922/UBNA_001/20220921_090000.WAV,Telephone Field,recover-20220922,001,1795
695.4315,695.4389,26328,37652,Eptesicus serotinus,0.007,0.021,-1,Echolocation,/mnt/ubna_data_02_mir/recover-20220922/UBNA_001/20220921_090000.WAV,Telephone Field,recover-20220922,001,1795
695.4535,695.4883,68437,81142,Rhinolophus ferrumequinum,0.022,0.022,-1,Echolocation,/mnt/ubna_data_02_mir/recover-20220922/UBNA_001/20220921_090000.WAV,Telephone Field,recover-20220922,001,1795
695.4575,695.4667,25468,32888,Eptesicus serotinus,0.008,0.021,-1,Echolocation,/mnt/ubna_data_02_mir/recover-20220922/UBNA_001/20220921_090000.WAV,Telephone Field,recover-20220922,001,1795
695.4625,695.5008,68437,81576,Rhinolophus ferrumequinum,0.024,0.024,-1,Echolocation,/mnt/ubna_data_02_mir/recover-20220922/UBNA_001/20220921_090000.WAV,Telephone Field,recover-20220922,001,1795
695.4695,695.5105,68437,82231,Rhinolophus ferrumequinum,0.023,0.023,-1,Echolocation,/mnt/ubna_data_02_mir/recover-20220922/UBNA_001/20220921_090000.WAV,Telephone Field,recover-20220922,001,1795
695.4745,695.4865,22890,27739,Nyctalus leisleri,0.014,0.026,-1,Echolocation,/mnt/ubna_data_02_mir/recover-20220922/UBNA_001/20220921_090000.WAV,Telephone Field,recover-20220922,001,1795
695.5075,695.5471,68437,82025,Rhinolophus ferrumequinum,0.023,0.023,-1,Echolocation,/mnt/ubna_data_02_mir/recover-20220922/UBNA_001/20220921_090000.WAV,Telephone Field,recover-20220922,001,1795
695.5525,695.591,68437,82626,Rhinolophus ferrumequinum,0.025,0.025,-1,Echolocation,/mnt/ubna_data_02_mir/recover-20220922/UBNA_001/20220921_090000.WAV,Telephone Field,recover-20220922,001,1795
695.5735,695.6118,68437,81609,Rhinolophus ferrumequinum,0.021,0.021,-1,Echolocation,/mnt/ubna_data_02_mir/recover-20220922/UBNA_001/20220921_090000.WAV,Telephone Field,recover-20220922,001,1795
695.5845,695.5929,28906,40885,Eptesicus serotinus,0.008,0.022,-1,Echolocation,/mnt/ubna_data_02_mir/recover-20220922/UBNA_001/20220921_090000.WAV,Telephone Field,recover-20220922,001,1795
695.6005,695.6378,68437,81072,Rhinolophus ferrumequinum,0.038,0.039,-1,Echolocation,/mnt/ubna_data_02_mir/recover-20220922/UBNA_001/20220921_090000.WAV,Telephone Field,recover-20220922,001,1795
695.6325,695.6423,28906,37405,Eptesicus serotinus,0.009,0.022,-1,Echolocation,/mnt/ubna_data_02_mir/recover-20220922/UBNA_001/20220921_090000.WAV,Telephone Field,recover-20220922,001,1795
695.6525,695.6897,68437,81434,Rhinolophus ferrumequinum,0.026,0.026,-1,Echolocation,/mnt/ubna_data_02_mir/recover-20220922/UBNA_001/20220921_090000.WAV,Telephone Field,recover-20220922,001,1795
695.6965,695.7362,68437,82403,Rhinolophus ferrumequinum,0.021,0.021,-1,Echolocation,/mnt/ubna_data_02_mir/recover-20220922/UBNA_001/20220921_090000.WAV,Telephone Field,recover-20220922,001,1795
695.7225,695.7325,27187,36916,Eptesicus serotinus,0.011,0.025,-1,Echolocation,/mnt/ubna_data_02_mir/recover-20220922/UBNA_001/20220921_090000.WAV,Telephone Field,recover-20220922,001,1795
695.7585,695.7961,68437,81746,Rhinolophus ferrumequinum,0.021,0.021,-1,Echolocation,/mnt/ubna_data_02_mir/recover-20220922/UBNA_001/20220921_090000.WAV,Telephone Field,recover-20220922,001,1795
695.7845,695.8231,68437,82165,Rhinolophus ferrumequinum,0.021,0.021,-1,Echolocation,/mnt/ubna_data_02_mir/recover-20220922/UBNA_001/20220921_090000.WAV,Telephone Field,recover-20220922,001,1795
695.7915,695.8289,68437,81924,Rhinolophus ferrumequinum,0.021,0.022,-1,Echolocation,/mnt/ubna_data_02_mir/recover-20220922/UBNA_001/20220921_090000.WAV,Telephone Field,recover-20220922,001,1795
695.8175,695.8595,68437,83264,Rhinolophus ferrumequinum,0.023,0.023,-1,Echolocation,/mnt/ubna_data_02_mir/recover-20220922/UBNA_001/20220921_090000.WAV,Telephone Field,recover-20220922,001,1795
695.8505,695.8894,68437,81901,Rhinolophus ferrumequinum,0.02,0.02,-1,Echolocation,/mnt/ubna_data_02_mir/recover-20220922/UBNA_001/20220921_090000.WAV,Telephone Field,recover-20220922,001,1795
695.8655,695.9044,68437,82229,Rhinolophus ferrumequinum,0.021,0.021,-1,Echolocation,/mnt/ubna_data_02_mir/recover-20220922/UBNA_001/20220921_090000.WAV,Telephone Field,recover-20220922,001,1795
695.9095,695.9477,68437,81672,Rhinolophus ferrumequinum,0.024,0.024,-1,Echolocation,/mnt/ubna_data_02_mir/recover-20220922/UBNA_001/20220921_090000.WAV,Telephone Field,recover-20220922,001,1795
695.9825,695.9923,22031,28134,Plecotus austriacus,0.008,0.022,-1,Echolocation,/mnt/ubna_data_02_mir/recover-20220922/UBNA_001/20220921_090000.WAV,Telephone Field,recover-20220922,001,1795
695.9835,695.992,43515,52568,Pipistrellus pipistrellus,0.013,0.023,-1,Echolocation,/mnt/ubna_data_02_mir/recover-20220922/UBNA_001/20220921_090000.WAV,Telephone Field,recover-20220922,001,1795
696.0015,696.0101,24609,33289,Nyctalus leisleri,0.008,0.028,-1,Echolocation,/mnt/ubna_data_02_mir/recover-20220922/UBNA_001/20220921_090000.WAV,Telephone Field,recover-20220922,001,1795
696.0015,696.0363,68437,80085,Rhinolophus ferrumequinum,0.04,0.041,-1,Echolocation,/mnt/ubna_data_02_mir/recover-20220922/UBNA_001/20220921_090000.WAV,Telephone Field,recover-20220922,001,1795
696.0105,696.0173,52109,56470,Pipistrellus pipistrellus,0.023,0.029,-1,Echolocation,/mnt/ubna_data_02_mir/recover-20220922/UBNA_001/20220921_090000.WAV,Telephone Field,recover-20220922,001,1795
696.0475,696.0555,25468,34010,Eptesicus serotinus,0.006,0.022,-1,Echolocation,/mnt/ubna_data_02_mir/recover-20220922/UBNA_001/20220921_090000.WAV,Telephone Field,recover-20220922,001,1795
696.0645,696.0734,31484,40972,Eptesicus serotinus,0.01,0.028,-1,Echolocation,/mnt/ubna_data_02_mir/recover-20220922/UBNA_001/20220921_090000.WAV,Telephone Field,recover-20220922,001,1795
696.0665,696.1061,68437,82029,Rhinolophus ferrumequinum,0.024,0.024,-1,Echolocation,/mnt/ubna_data_02_mir/recover-20220922/UBNA_001/20220921_090000.WAV,Telephone Field,recover-20220922,001,1795
696.0875,696.0966,24609,31607,Nyctalus leisleri,0.007,0.022,-1,Echolocation,/mnt/ubna_data_02_mir/recover-20220922/UBNA_001/20220921_090000.WAV,Telephone Field,recover-20220922,001,1795
696.1205,696.1617,68437,82741,Rhinolophus ferrumequinum,0.029,0.029,-1,Echolocation,/mnt/ubna_data_02_mir/recover-20220922/UBNA_001/20220921_090000.WAV,Telephone Field,recover-20220922,001,1795
696.1315,696.1706,68437,82065,Rhinolophus ferrumequinum,0.024,0.024,-1,Echolocation,/mnt/ubna_data_02_mir/recover-20220922/UBNA_001/20220921_090000.WAV,Telephone Field,recover-20220922,001,1795
696.1945,696.2342,68437,82279,Rhinolophus ferrumequinum,0.023,0.024,-1,Echolocation,/mnt/ubna_data_02_mir/recover-20220922/UBNA_001/20220921_090000.WAV,Telephone Field,recover-20220922,001,1795
696.2215,696.2643,68437,82806,Rhinolophus ferrumequinum,0.032,0.032,-1,Echolocation,/mnt/ubna_data_02_mir/recover-20220922/UBNA_001/20220921_090000.WAV,Telephone Field,recover-20220922,001,1795
696.2295,696.2374,25468,34604,Eptesicus serotinus,0.009,0.031,-1,Echolocation,/mnt/ubna_data_02_mir/recover-20220922/UBNA_001/20220921_090000.WAV,Telephone Field,recover-20220922,001,1795
696.2875,696.2943,23750,33219,Plecotus austriacus,0.019,0.037,-1,Echolocation,/mnt/ubna_data_02_mir/recover-20220922/UBNA_001/20220921_090000.WAV,Telephone Field,recover-20220922,001,1795
696.2885,696.3281,68437,82068,Rhinolophus ferrumequinum,0.023,0.023,-1,Echolocation,/mnt/ubna_data_02_mir/recover-20220922/UBNA_001/20220921_090000.WAV,Telephone Field,recover-20220922,001,1795
696.3225,696.3603,68437,81815,Rhinolophus ferrumequinum,0.022,0.022,-1,Echolocation,/mnt/ubna_data_02_mir/recover-20220922/UBNA_001/20220921_090000.WAV,Telephone Field,recover-20220922,001,1795
696.3615,696.401,68437,81862,Rhinolophus ferrumequinum,0.024,0.024,-1,Echolocation,/mnt/ubna_data_02_mir/recover-20220922/UBNA_001/20220921_090000.WAV,Telephone Field,recover-20220922,001,1795
696.3865,696.4279,68437,82673,Rhinolophus ferrumequinum,0.022,0.022,-1,Echolocation,/mnt/ubna_data_02_mir/recover-20220922/UBNA_001/20220921_090000.WAV,Telephone Field,recover-20220922,001,1795
696.3905,696.398,27187,42861,Eptesicus serotinus,0.007,0.023,-1,Echolocation,/mnt/ubna_data_02_mir/recover-20220922/UBNA_001/20220921_090000.WAV,Telephone Field,recover-20220922,001,1795
696.4165,696.4555,68437,81998,Rhinolophus ferrumequinum,0.027,0.027,-1,Echolocation,/mnt/ubna_data_02_mir/recover-20220922/UBNA_001/20220921_090000.WAV,Telephone Field,recover-20220922,001,1795
696.4345,696.4754,68437,82722,Rhinolophus ferrumequinum,0.025,0.025,-1,Echolocation,/mnt/ubna_data_02_mir/recover-20220922/UBNA_001/20220921_090000.WAV,Telephone Field,recover-20220922,001,1795
696.4455,696.4861,68437,82482,Rhinolophus ferrumequinum,0.023,0.023,-1,Echolocation,/mnt/ubna_data_02_mir/recover-20220922/UBNA_001/20220921_090000.WAV,Telephone Field,recover-20220922,001,1795
696.4485,696.4582,26328,35658,Eptesicus serotinus,0.005,0.022,-1,Echolocation,/mnt/ubna_data_02_mir/recover-20220922/UBNA_001/20220921_090000.WAV,Telephone Field,recover-20220922,001,1795
696.4735,696.4815,28046,39722,Eptesicus serotinus,0.007,0.022,-1,Echolocation,/mnt/ubna_data_02_mir/recover-20220922/UBNA_001/20220921_090000.WAV,Telephone Field,recover-20220922,001,1795
696.4875,696.4945,28046,39829,Eptesicus serotinus,0.008,0.026,-1,Echolocation,/mnt/ubna_data_02_mir/recover-20220922/UBNA_001/20220921_090000.WAV,Telephone Field,recover-20220922,001,1795
696.4885,696.5348,68437,83727,Rhinolophus ferrumequinum,0.046,0.046,-1,Echolocation,/mnt/ubna_data_02_mir/recover-20220922/UBNA_001/20220921_090000.WAV,Telephone Field,recover-20220922,001,1795
696.5165,696.5538,68437,82280,Rhinolophus ferrumequinum,0.021,0.021,-1,Echolocation,/mnt/ubna_data_02_mir/recover-20220922/UBNA_001/20220921_090000.WAV,Telephone Field,recover-20220922,001,1795
696.5215,696.5311,28906,35720,Eptesicus serotinus,0.012,0.028,-1,Echolocation,/mnt/ubna_data_02_mir/recover-20220922/UBNA_001/20220921_090000.WAV,Telephone Field,recover-20220922,001,1795
696.5235,696.5635,68437,81944,Rhinolophus ferrumequinum,0.021,0.021,-1,Echolocation,/mnt/ubna_data_02_mir/recover-20220922/UBNA_001/20220921_090000.WAV,Telephone Field,recover-20220922,001,1795
696.5425,696.5658,19453,22583,Nyctalus noctula,0.017,0.034,-1,Echolocation,/mnt/ubna_data_02_mir/recover-20220922/UBNA_001/20220921_090000.WAV,Telephone Field,recover-20220922,001,1795
696.5475,696.5564,47812,52246,Pipistrellus pipistrellus,0.036,0.038,-1,Echolocation,/mnt/ubna_data_02_mir/recover-20220922/UBNA_001/20220921_090000.WAV,Telephone Field,recover-20220922,001,1795
696.5755,696.5817,23750,33799,Plecotus austriacus,0.016,0.029,-1,Echolocation,/mnt/ubna_data_02_mir/recover-20220922/UBNA_001/20220921_090000.WAV,Telephone Field,recover-20220922,001,1795
696.6115,696.6482,68437,82159,Rhinolophus ferrumequinum,0.027,0.027,-1,Echolocation,/mnt/ubna_data_02_mir/recover-20220922/UBNA_001/20220921_090000.WAV,Telephone Field,recover-20220922,001,1795
696.7005,696.738,68437,82201,Rhinolophus ferrumequinum,0.022,0.023,-1,Echolocation,/mnt/ubna_data_02_mir/recover-20220922/UBNA_001/20220921_090000.WAV,Telephone Field,recover-20220922,001,1795
696.7095,696.7501,68437,82168,Rhinolophus ferrumequinum,0.023,0.023,-1,Echolocation,/mnt/ubna_data_02_mir/recover-20220922/UBNA_001/20220921_090000.WAV,Telephone Field,recover-20220922,001,1795
696.7235,696.7318,22890,30517,Plecotus austriacus,0.014,0.027,-1,Echolocation,/mnt/ubna_data_02_mir/recover-20220922/UBNA_001/20220921_090000.WAV,Telephone Field,recover-20220922,001,1795
696.7305,696.768,68437,82758,Rhinolophus ferrumequinum,0.024,0.024,-1,Echolocation,/mnt/ubna_data_02_mir/recover-20220922/UBNA_001/20220921_090000.WAV,Telephone Field,recover-20220922,001,1795
696.7445,696.7548,26328,34213,Eptesicus serotinus,0.01,0.022,-1,Echolocation,/mnt/ubna_data_02_mir/recover-20220922/UBNA_001/20220921_090000.WAV,Telephone Field,recover-20220922,001,1795
696.7745,696.7845,22890,28872,Nyctalus leisleri,0.01,0.025,-1,Echolocation,/mnt/ubna_data_02_mir/recover-20220922/UBNA_001/20220921_090000.WAV,Telephone Field,recover-20220922,001,1795
696.7775,696.7878,28906,36154,Eptesicus serotinus,0.016,0.031,-1,Echolocation,/mnt/ubna_data_02_mir/recover-20220922/UBNA_001/20220921_090000.WAV,Telephone Field,recover-20220922,001,1795
696.7945,696.8371,68437,82853,Rhinolophus ferrumequinum,0.024,0.024,-1,Echolocation,/mnt/ubna_data_02_mir/recover-20220922/UBNA_001/20220921_090000.WAV,Telephone Field,recover-20220922,001,1795
696.8175,696.862,68437,83689,Rhinolophus ferrumequinum,0.034,0.034,-1,Echolocation,/mnt/ubna_data_02_mir/recover-20220922/UBNA_001/20220921_090000.WAV,Telephone Field,recover-20220922,001,1795
696.8375,696.8771,68437,82577,Rhinolophus ferrumequinum,0.024,0.024,-1,Echolocation,/mnt/ubna_data_02_mir/recover-20220922/UBNA_001/20220921_090000.WAV,Telephone Field,recover-20220922,001,1795
696.8455,696.8815,68437,82326,Rhinolophus ferrumequinum,0.021,0.022,-1,Echolocation,/mnt/ubna_data_02_mir/recover-20220922/UBNA_001/20220921_090000.WAV,Telephone Field,recover-20220922,001,1795
696.8465,696.8536,32343,41732,Myotis daubentonii,0.012,0.028,-1,Echolocation,/mnt/ubna_data_02_mir/recover-20220922/UBNA_001/20220921_090000.WAV,Telephone Field,recover-20220922,001,1795
696.9095,696.9487,68437,82029,Rhinolophus ferrumequinum,0.038,0.038,-1,Echolocation,/mnt/ubna_data_02_mir/recover-20220922/UBNA_001/20220921_090000.WAV,Telephone Field,recover-20220922,001,1795
696.9605,696.9987,68437,81847,Rhinolophus ferrumequinum,0.022,0.022,-1,Echolocation,/mnt/ubna_data_02_mir/recover-20220922/UBNA_001/20220921_090000.WAV,Telephone Field,recover-20220922,001,1795
696.9655,696.976,29765,37631,Eptesicus serotinus,0.012,0.028,-1,Echolocation,/mnt/ubna_data_02_mir/recover-20220922/UBNA_001/20220921_090000.WAV,Telephone Field,recover-20220922,001,1795
696.9675,697.006,68437,82289,Rhinolophus ferrumequinum,0.023,0.023,-1,Echolocation,/mnt/ubna_data_02_mir/recover-20220922/UBNA_001/20220921_090000.WAV,Telephone Field,recover-20220922,001,1795
697.0005,697.0089,28906,38600,Eptesicus serotinus,0.007,0.023,-1,Echolocation,/mnt/ubna_data_02_mir/recover-20220922/UBNA_001/20220921_090000.WAV,Telephone Field,recover-20220922,001,1795
697.0105,697.0525,68437,83025,Rhinolophus ferrumequinum,0.031,0.031,-1,Echolocation,/mnt/ubna_data_02_mir/recover-20220922/UBNA_001/20220921_090000.WAV,Telephone Field,recover-20220922,001,1795
697.0485,697.0856,68437,81189,Rhinolophus ferrumequinum,0.023,0.023,-1,Echolocation,/mnt/ubna_data_02_mir/recover-20220922/UBNA_001/20220921_090000.WAV,Telephone Field,recover-20220922,001,1795
697.0595,697.0966,68437,82140,Rhinolophus ferrumequinum,0.023,0.023,-1,Echolocation,/mnt/ubna_data_02_mir/recover-20220922/UBNA_001/20220921_090000.WAV,Telephone Field,recover-20220922,001,1795
697.0875,697.0948,28046,38804,Eptesicus serotinus,0.009,0.03,-1,Echolocation,/mnt/ubna_data_02_mir/recover-20220922/UBNA_001/20220921_090000.WAV,Telephone Field,recover-20220922,001,1795
697.1555,697.1906,68437,80621,Rhinolophus ferrumequinum,0.022,0.022,-1,Echolocation,/mnt/ubna_data_02_mir/recover-20220922/UBNA_001/20220921_090000.WAV,Telephone Field,recover-20220922,001,1795
697.2115,697.2506,68437,82395,Rhinolophus ferrumequinum,0.023,0.023,-1,Echolocation,/mnt/ubna_data_02_mir/recover-20220922/UBNA_001/20220921_090000.WAV,Telephone Field,recover-20220922,001,1795
697.2125,697.2225,22890,28426,Nyctalus leisleri,0.01,0.024,-1,Echolocation,/mnt/ubna_data_02_mir/recover-20220922/UBNA_001/20220921_090000.WAV,Telephone Field,recover-20220922,001,1795
697.2185,697.2573,68437,82313,Rhinolophus ferrumequinum,0.024,0.024,-1,Echolocation,/mnt/ubna_data_02_mir/recover-20220922/UBNA_001/20220921_090000.WAV,Telephone Field,recover-20220922,001,1795
697.2315,697.2385,24609,33863,Plecotus austriacus,0.009,0.023,-1,Echolocation,/mnt/ubna_data_02_mir/recover-20220922/UBNA_001/20220921_090000.WAV,Telephone Field,recover-20220922,001,1795
697.2485,697.2832,68437,80983,Rhinolophus ferrumequinum,0.024,0.024,-1,Echolocation,/mnt/ubna_data_02_mir/recover-20220922/UBNA_001/20220921_090000.WAV,Telephone Field,recover-20220922,001,1795
697.2535,697.2879,68437,80491,Rhinolophus ferrumequinum,0.023,0.023,-1,Echolocation,/mnt/ubna_data_02_mir/recover-20220922/UBNA_001/20220921_090000.WAV,Telephone Field,recover-20220922,001,1795
697.2755,697.3121,68437,81931,Rhinolophus ferrumequinum,0.025,0.025,-1,Echolocation,/mnt/ubna_data_02_mir/recover-20220922/UBNA_001/20220921_090000.WAV,Telephone Field,recover-20220922,001,1795
697.2875,697.2962,47812,51420,Pipistrellus pipistrellus,0.021,0.023,-1,Echolocation,/mnt/ubna_data_02_mir/recover-20220922/UBNA_001/20220921_090000.WAV,Telephone Field,recover-20220922,001,1795
697.2915,697.2986,27187,41093,Eptesicus serotinus,0.006,0.022,-1,Echolocation,/mnt/ubna_data_02_mir/recover-20220922/UBNA_001/20220921_090000.WAV,Telephone Field,recover-20220922,001,1795
697.3245,697.3615,68437,81443,Rhinolophus ferrumequinum,0.021,0.021,-1,Echolocation,/mnt/ubna_data_02_mir/recover-20220922/UBNA_001/20220921_090000.WAV,Telephone Field,recover-20220922,001,1795
697.3425,697.3501,22890,31409,Plecotus austriacus,0.015,0.028,-1,Echolocation,/mnt/ubna_data_02_mir/recover-20220922/UBNA_001/20220921_090000.WAV,Telephone Field,recover-20220922,001,1795
697.3625,697.3795,22031,26046,Nyctalus leisleri,0.015,0.025,-1,Echolocation,/mnt/ubna_data_02_mir/recover-20220922/UBNA_001/20220921_090000.WAV,Telephone Field,recover-20220922,001,1795
697.3625,697.4065,68437,83367,Rhinolophus ferrumequinum,0.028,0.028,-1,Echolocation,/mnt/ubna_data_02_mir/recover-20220922/UBNA_001/20220921_090000.WAV,Telephone Field,recover-20220922,001,1795
697.4245,697.4355,23750,29352,Nyctalus leisleri,0.009,0.021,-1,Echolocation,/mnt/ubna_data_02_mir/recover-20220922/UBNA_001/20220921_090000.WAV,Telephone Field,recover-20220922,001,1795
697.4315,697.4737,68437,82770,Rhinolophus ferrumequinum,0.023,0.023,-1,Echolocation,/mnt/ubna_data_02_mir/recover-20220922/UBNA_001/20220921_090000.WAV,Telephone Field,recover-20220922,001,1795
697.4335,697.4467,22890,26534,Nyctalus leisleri,0.013,0.022,-1,Echolocation,/mnt/ubna_data_02_mir/recover-20220922/UBNA_001/20220921_090000.WAV,Telephone Field,recover-20220922,001,1795
697.4995,697.5396,68437,82288,Rhinolophus ferrumequinum,0.023,0.023,-1,Echolocation,/mnt/ubna_data_02_mir/recover-20220922/UBNA_001/20220921_090000.WAV,Telephone Field,recover-20220922,001,1795
697.5105,697.5204,28046,36509,Eptesicus serotinus,0.013,0.029,-1,Echolocation,/mnt/ubna_data_02_mir/recover-20220922/UBNA_001/20220921_090000.WAV,Telephone Field,recover-20220922,001,1795
697.5265,697.5662,68437,82810,Rhinolophus ferrumequinum,0.034,0.034,-1,Echolocation,/mnt/ubna_data_02_mir/recover-20220922/UBNA_001/20220921_090000.WAV,Telephone Field,recover-20220922,001,1795
697.5575,697.5955,68437,82091,Rhinolophus ferrumequinum,0.023,0.023,-1,Echolocation,/mnt/ubna_data_02_mir/recover-20220922/UBNA_001/20220921_090000.WAV,Telephone Field,recover-20220922,001,1795
697.5815,697.5903,28906,38481,Eptesicus serotinus,0.008,0.022,-1,Echolocation,/mnt/ubna_data_02_mir/recover-20220922/UBNA_001/20220921_090000.WAV,Telephone Field,recover-20220922,001,1795
697.5825,697.6206,68437,81544,Rhinolophus ferrumequinum,0.022,0.022,-1,Echolocation,/mnt/ubna_data_02_mir/recover-20220922/UBNA_001/20220921_090000.WAV,Telephone Field,recover-20220922,001,1795
697.6055,697.6414,68437,80665,Rhinolophus ferrumequinum,0.023,0.024,-1,Echolocation,/mnt/ubna_data_02_mir/recover-20220922/UBNA_001/20220921_090000.WAV,Telephone Field,recover-20220922,001,1795
697.6295,697.6369,23750,32348,Plecotus austriacus,0.01,0.023,-1,Echolocation,/mnt/ubna_data_02_mir/recover-20220922/UBNA_001/20220921_090000.WAV,Telephone Field,recover-20220922,001,1795
697.6475,697.6888,68437,82424,Rhinolophus ferrumequinum,0.025,0.025,-1,Echolocation,/mnt/ubna_data_02_mir/recover-20220922/UBNA_001/20220921_090000.WAV,Telephone Field,recover-20220922,001,1795
697.7165,697.7573,68437,82217,Rhinolophus ferrumequinum,0.026,0.026,-1,Echolocation,/mnt/ubna_data_02_mir/recover-20220922/UBNA_001/20220921_090000.WAV,Telephone Field,recover-20220922,001,1795
697.7235,697.7317,28046,38044,Eptesicus serotinus,0.008,0.024,-1,Echolocation,/mnt/ubna_data_02_mir/recover-20220922/UBNA_001/20220921_090000.WAV,Telephone Field,recover-20220922,001,1795
697.7345,697.7751,68437,82891,Rhinolophus ferrumequinum,0.027,0.027,-1,Echolocation,/mnt/ubna_data_02_mir/recover-20220922/UBNA_001/20220921_090000.WAV,Telephone Field,recover-20220922,001,1795
697.7675,697.8083,68437,82533,Rhinolophus ferrumequinum,0.025,0.025,-1,Echolocation,/mnt/ubna_data_02_mir/recover-20220922/UBNA_001/20220921_090000.WAV,Telephone Field,recover-20220922,001,1795
697.8155,697.8556,68437,82557,Rhinolophus ferrumequinum,0.021,0.021,-1,Echolocation,/mnt/ubna_data_02_mir/recover-20220922/UBNA_001/20220921_090000.WAV,Telephone Field,recover-20220922,001,1795
697.8395,697.8475,28046,39554,Eptesicus serotinus,0.008,0.023,-1,Echolocation,/mnt/ubna_data_02_mir/recover-20220922/UBNA_001/20220921_090000.WAV,Telephone Field,recover-20220922,001,1795
697.9045,697.9411,68437,81461,Rhinolophus ferrumequinum,0.021,0.021,-1,Echolocation,/mnt/ubna_data_02_mir/recover-20220922/UBNA_001/20220921_090000.WAV,Telephone Field,recover-20220922,001,1795
697.9125,697.9258,24609,30002,Nyctalus leisleri,0.021,0.043,-1,Echolocation,/mnt/ubna_data_02_mir/recover-20220922/UBNA_001/20220921_090000.WAV,Telephone Field,recover-20220922,001,1795
697.9245,697.962,68437,81681,Rhinolophus ferrumequinum,0.023,0.023,-1,Echolocation,/mnt/ubna_data_02_mir/recover-20220922/UBNA_001/20220921_090000.WAV,Telephone Field,recover-20220922,001,1795
698.0015,698.009,24609,34590,Plecotus austriacus,0.007,0.028,-1,Echolocation,/mnt/ubna_data_02_mir/recover-20220922/UBNA_001/20220921_090000.WAV,Telephone Field,recover-20220922,001,1795
698.0015,698.0341,69296,80858,Rhinolophus ferrumequinum,0.024,0.024,-1,Echolocation,/mnt/ubna_data_02_mir/recover-20220922/UBNA_001/20220921_090000.WAV,Telephone Field,recover-20220922,001,1795
698.0185,698.0586,68437,81918,Rhinolophus ferrumequinum,0.023,0.023,-1,Echolocation,/mnt/ubna_data_02_mir/recover-20220922/UBNA_001/20220921_090000.WAV,Telephone Field,recover-20220922,001,1795
698.0255,698.0325,26328,35709,Eptesicus serotinus,0.006,0.021,-1,Echolocation,/mnt/ubna_data_02_mir/recover-20220922/UBNA_001/20220921_090000.WAV,Telephone Field,recover-20220922,001,1795
698.0255,698.0649,68437,81643,Rhinolophus ferrumequinum,0.023,0.023,-1,Echolocation,/mnt/ubna_data_02_mir/recover-20220922/UBNA_001/20220921_090000.WAV,Telephone Field,recover-20220922,001,1795
698.0355,698.0772,68437,83081,Rhinolophus ferrumequinum,0.025,0.025,-1,Echolocation,/mnt/ubna_data_02_mir/recover-20220922/UBNA_001/20220921_090000.WAV,Telephone Field,recover-20220922,001,1795
698.0735,698.1115,68437,81510,Rhinolophus ferrumequinum,0.021,0.021,-1,Echolocation,/mnt/ubna_data_02_mir/recover-20220922/UBNA_001/20220921_090000.WAV,Telephone Field,recover-20220922,001,1795
698.0805,698.0906,24609,32162,Eptesicus serotinus,0.007,0.021,-1,Echolocation,/mnt/ubna_data_02_mir/recover-20220922/UBNA_001/20220921_090000.WAV,Telephone Field,recover-20220922,001,1795
698.1095,698.1246,55546,61062,Pipistrellus pygmaeus,0.022,0.024,-1,Echolocation,/mnt/ubna_data_02_mir/recover-20220922/UBNA_001/20220921_090000.WAV,Telephone Field,recover-20220922,001,1795
698.1155,698.1282,22031,26368,Nyctalus leisleri,0.012,0.022,-1,Echolocation,/mnt/ubna_data_02_mir/recover-20220922/UBNA_001/20220921_090000.WAV,Telephone Field,recover-20220922,001,1795
698.1435,698.1829,68437,82231,Rhinolophus ferrumequinum,0.026,0.026,-1,Echolocation,/mnt/ubna_data_02_mir/recover-20220922/UBNA_001/20220921_090000.WAV,Telephone Field,recover-20220922,001,1795
698.1635,698.2025,68437,81901,Rhinolophus ferrumequinum,0.023,0.023,-1,Echolocation,/mnt/ubna_data_02_mir/recover-20220922/UBNA_001/20220921_090000.WAV,Telephone Field,recover-20220922,001,1795
698.1685,698.1786,28046,34567,Eptesicus serotinus,0.013,0.03,-1,Echolocation,/mnt/ubna_data_02_mir/recover-20220922/UBNA_001/20220921_090000.WAV,Telephone Field,recover-20220922,001,1795
698.1835,698.1905,28046,40726,Eptesicus serotinus,0.008,0.026,-1,Echolocation,/mnt/ubna_data_02_mir/recover-20220922/UBNA_001/20220921_090000.WAV,Telephone Field,recover-20220922,001,1795
698.2095,698.2184,22890,29431,Plecotus austriacus,0.007,0.021,-1,Echolocation,/mnt/ubna_data_02_mir/recover-20220922/UBNA_001/20220921_090000.WAV,Telephone Field,recover-20220922,001,1795
698.2245,698.2622,68437,82223,Rhinolophus ferrumequinum,0.022,0.022,-1,Echolocation,/mnt/ubna_data_02_mir/recover-20220922/UBNA_001/20220921_090000.WAV,Telephone Field,recover-20220922,001,1795
698.2305,698.2692,68437,82370,Rhinolophus ferrumequinum,0.023,0.023,-1,Echolocation,/mnt/ubna_data_02_mir/recover-20220922/UBNA_001/20220921_090000.WAV,Telephone Field,recover-20220922,001,1795
698.2435,698.2786,68437,81498,Rhinolophus ferrumequinum,0.026,0.026,-1,Echolocation,/mnt/ubna_data_02_mir/recover-20220922/UBNA_001/20220921_090000.WAV,Telephone Field,recover-20220922,001,1795
698.2745,698.2833,26328,39499,Eptesicus serotinus,0.009,0.026,-1,Echolocation,/mnt/ubna_data_02_mir/recover-20220922/UBNA_001/20220921_090000.WAV,Telephone Field,recover-20220922,001,1795
698.2985,698.3129,21171,24894,Nyctalus leisleri,0.017,0.035,-1,Echolocation,/mnt/ubna_data_02_mir/recover-20220922/UBNA_001/20220921_090000.WAV,Telephone Field,recover-20220922,001,1795
698.3015,698.3401,68437,81934,Rhinolophus ferrumequinum,0.024,0.024,-1,Echolocation,/mnt/ubna_data_02_mir/recover-20220922/UBNA_001/20220921_090000.WAV,Telephone Field,recover-20220922,001,1795
698.3255,698.3634,68437,81923,Rhinolophus ferrumequinum,0.022,0.022,-1,Echolocation,/mnt/ubna_data_02_mir/recover-20220922/UBNA_001/20220921_090000.WAV,Telephone Field,recover-20220922,001,1795
698.3525,698.3615,28046,36505,Eptesicus serotinus,0.013,0.027,-1,Echolocation,/mnt/ubna_data_02_mir/recover-20220922/UBNA_001/20220921_090000.WAV,Telephone Field,recover-20220922,001,1795
698.3655,698.373,47812,52859,Pipistrellus pipistrellus,0.033,0.035,-1,Echolocation,/mnt/ubna_data_02_mir/recover-20220922/UBNA_001/20220921_090000.WAV,Telephone Field,recover-20220922,001,1795
698.4025,698.438,68437,81359,Rhinolophus ferrumequinum,0.025,0.025,-1,Echolocation,/mnt/ubna_data_02_mir/recover-20220922/UBNA_001/20220921_090000.WAV,Telephone Field,recover-20220922,001,1795
698.4115,698.4206,23750,30848,Nyctalus leisleri,0.007,0.021,-1,Echolocation,/mnt/ubna_data_02_mir/recover-20220922/UBNA_001/20220921_090000.WAV,Telephone Field,recover-20220922,001,1795
698.4245,698.4315,33203,45095,Myotis daubentonii,0.008,0.024,-1,Echolocation,/mnt/ubna_data_02_mir/recover-20220922/UBNA_001/20220921_090000.WAV,Telephone Field,recover-20220922,001,1795
698.4355,698.4749,68437,82283,Rhinolophus ferrumequinum,0.022,0.022,-1,Echolocation,/mnt/ubna_data_02_mir/recover-20220922/UBNA_001/20220921_090000.WAV,Telephone Field,recover-20220922,001,1795
698.4915,698.5295,68437,81951,Rhinolophus ferrumequinum,0.024,0.024,-1,Echolocation,/mnt/ubna_data_02_mir/recover-20220922/UBNA_001/20220921_090000.WAV,Telephone Field,recover-20220922,001,1795
698.5415,698.5824,68437,82852,Rhinolophus ferrumequinum,0.022,0.022,-1,Echolocation,/mnt/ubna_data_02_mir/recover-20220922/UBNA_001/20220921_090000.WAV,Telephone Field,recover-20220922,001,1795
698.5795,698.6197,68437,82582,Rhinolophus ferrumequinum,0.025,0.025,-1,Echolocation,/mnt/ubna_data_02_mir/recover-20220922/UBNA_001/20220921_090000.WAV,Telephone Field,recover-20220922,001,1795
698.6145,698.6558,68437,82807,Rhinolophus ferrumequinum,0.025,0.025,-1,Echolocation,/mnt/ubna_data_02_mir/recover-20220922/UBNA_001/20220921_090000.WAV,Telephone Field,recover-20220922,001,1795
698.6465,698.6852,68437,81984,Rhinolophus ferrumequinum,0.022,0.022,-1,Echolocation,/mnt/ubna_data_02_mir/recover-20220922/UBNA_001/20220921_090000.WAV,Telephone Field,recover-20220922,001,1795
698.6765,698.6833,28906,40344,Eptesicus serotinus,0.007,0.024,-1,Echolocation,/mnt/ubna_data_02_mir/recover-20220922/UBNA_001/20220921_090000.WAV,Telephone Field,recover-20220922,001,1795
698.6795,698.7161,68437,81314,Rhinolophus ferrumequinum,0.023,0.023,-1,Echolocation,/mnt/ubna_data_02_mir/recover-20220922/UBNA_001/20220921_090000.WAV,Telephone Field,recover-20220922,001,1795
698.7075,698.7145,28046,39305,Eptesicus serotinus,0.007,0.022,-1,Echolocation,/mnt/ubna_data_02_mir/recover-20220922/UBNA_001/20220921_090000.WAV,Telephone Field,recover-20220922,001,1795
698.7265,698.7637,68437,81911,Rhinolophus ferrumequinum,0.021,0.021,-1,Echolocation,/mnt/ubna_data_02_mir/recover-20220922/UBNA_001/20220921_090000.WAV,Telephone Field,recover-20220922,001,1795
698.7525,698.7599,28046,39327,Eptesicus serotinus,0.007,0.022,-1,Echolocation,/mnt/ubna_data_02_mir/recover-20220922/UBNA_001/20220921_090000.WAV,Telephone Field,recover-20220922,001,1795
698.7645,698.7842,18593,22306,Nyctalus noctula,0.016,0.026,-1,Echolocation,/mnt/ubna_data_02_mir/recover-20220922/UBNA_001/20220921_090000.WAV,Telephone Field,recover-20220922,001,1795
698.7725,698.7798,27187,39077,Eptesicus serotinus,0.006,0.021,-1,Echolocation,/mnt/ubna_data_02_mir/recover-20220922/UBNA_001/20220921_090000.WAV,Telephone Field,recover-20220922,001,1795
698.7765,698.8186,68437,82912,Rhinolophus ferrumequinum,0.022,0.022,-1,Echolocation,/mnt/ubna_data_02_mir/recover-20220922/UBNA_001/20220921_090000.WAV,Telephone Field,recover-20220922,001,1795
698.7985,698.8378,68437,82338,Rhinolophus ferrumequinum,0.021,0.021,-1,Echolocation,/mnt/ubna_data_02_mir/recover-20220922/UBNA_001/20220921_090000.WAV,Telephone Field,recover-20220922,001,1795
698.8205,698.8556,68437,82336,Rhinolophus ferrumequinum,0.024,0.024,-1,Echolocation,/mnt/ubna_data_02_mir/recover-20220922/UBNA_001/20220921_090000.WAV,Telephone Field,recover-20220922,001,1795
698.8575,698.8703,22890,27023,Nyctalus leisleri,0.024,0.041,-1,Echolocation,/mnt/ubna_data_02_mir/recover-20220922/UBNA_001/20220921_090000.WAV,Telephone Field,recover-20220922,001,1795
698.8855,698.9239,68437,82422,Rhinolophus ferrumequinum,0.024,0.024,-1,Echolocation,/mnt/ubna_data_02_mir/recover-20220922/UBNA_001/20220921_090000.WAV,Telephone Field,recover-20220922,001,1795
698.8915,698.8992,28046,40479,Eptesicus serotinus,0.008,0.024,-1,Echolocation,/mnt/ubna_data_02_mir/recover-20220922/UBNA_001/20220921_090000.WAV,Telephone Field,recover-20220922,001,1795
698.9045,698.9116,56406,61086,Pipistrellus pygmaeus,0.03,0.03,-1,Echolocation,/mnt/ubna_data_02_mir/recover-20220922/UBNA_001/20220921_090000.WAV,Telephone Field,recover-20220922,001,1795
698.9305,698.9681,68437,81818,Rhinolophus ferrumequinum,0.021,0.021,-1,Echolocation,/mnt/ubna_data_02_mir/recover-20220922/UBNA_001/20220921_090000.WAV,Telephone Field,recover-20220922,001,1795
698.9515,698.9896,68437,82537,Rhinolophus ferrumequinum,0.021,0.021,-1,Echolocation,/mnt/ubna_data_02_mir/recover-20220922/UBNA_001/20220921_090000.WAV,Telephone Field,recover-20220922,001,1795
698.9655,699.0054,68437,82414,Rhinolophus ferrumequinum,0.021,0.021,-1,Echolocation,/mnt/ubna_data_02_mir/recover-20220922/UBNA_001/20220921_090000.WAV,Telephone Field,recover-20220922,001,1795
698.9855,698.9973,22031,25838,Nyctalus leisleri,0.012,0.021,-1,Echolocation,/mnt/ubna_data_02_mir/recover-20220922/UBNA_001/20220921_090000.WAV,Telephone Field,recover-20220922,001,1795
699.0055,699.0484,68437,83192,Rhinolophus ferrumequinum,0.04,0.04,-1,Echolocation,/mnt/ubna_data_02_mir/recover-20220922/UBNA_001/20220921_090000.WAV,Telephone Field,recover-20220922,001,1795
699.0605,699.1041,68437,83169,Rhinolophus ferrumequinum,0.036,0.036,-1,Echolocation,/mnt/ubna_data_02_mir/recover-20220922/UBNA_001/20220921_090000.WAV,Telephone Field,recover-20220922,001,1795
699.1075,699.145,68437,81819,Rhinolophus ferrumequinum,0.021,0.021,-1,Echolocation,/mnt/ubna_data_02_mir/recover-20220922/UBNA_001/20220921_090000.WAV,Telephone Field,recover-20220922,001,1795
699.1375,699.1793,68437,82904,Rhinolophus ferrumequinum,0.029,0.029,-1,Echolocation,/mnt/ubna_data_02_mir/recover-20220922/UBNA_001/20220921_090000.WAV,Telephone Field,recover-20220922,001,1795
699.1805,699.2158,68437,81641,Rhinolophus ferrumequinum,0.021,0.021,-1,Echolocation,/mnt/ubna_data_02_mir/recover-20220922/UBNA_001/20220921_090000.WAV,Telephone Field,recover-20220922,001,1795
699.1895,699.1985,45234,52841,Pipistrellus pipistrellus,0.02,0.023,-1,Echolocation,/mnt/ubna_data_02_mir/recover-20220922/UBNA_001/20220921_090000.WAV,Telephone Field,recover-20220922,001,1795
699.2075,699.2456,68437,82438,Rhinolophus ferrumequinum,0.022,0.022,-1,Echolocation,/mnt/ubna_data_02_mir/recover-20220922/UBNA_001/20220921_090000.WAV,Telephone Field,recover-20220922,001,1795
699.2355,699.2749,68437,82509,Rhinolophus ferrumequinum,0.023,0.023,-1,Echolocation,/mnt/ubna_data_02_mir/recover-20220922/UBNA_001/20220921_090000.WAV,Telephone Field,recover-20220922,001,1795
699.2455,699.2841,68437,81860,Rhinolophus ferrumequinum,0.022,0.022,-1,Echolocation,/mnt/ubna_data_02_mir/recover-20220922/UBNA_001/20220921_090000.WAV,Telephone Field,recover-20220922,001,1795
699.3005,699.3408,68437,82330,Rhinolophus ferrumequinum,0.021,0.021,-1,Echolocation,/mnt/ubna_data_02_mir/recover-20220922/UBNA_001/20220921_090000.WAV,Telephone Field,recover-20220922,001,1795
699.3035,699.3132,22890,29827,Nyctalus leisleri,0.007,0.022,-1,Echolocation,/mnt/ubna_data_02_mir/recover-20220922/UBNA_001/20220921_090000.WAV,Telephone Field,recover-20220922,001,1795
699.3085,699.3479,68437,82127,Rhinolophus ferrumequinum,0.021,0.021,-1,Echolocation,/mnt/ubna_data_02_mir/recover-20220922/UBNA_001/20220921_090000.WAV,Telephone Field,recover-20220922,001,1795
699.3295,699.3729,68437,83438,Rhinolophus ferrumequinum,0.031,0.031,-1,Echolocation,/mnt/ubna_data_02_mir/recover-20220922/UBNA_001/20220921_090000.WAV,Telephone Field,recover-20220922,001,1795
699.3625,699.3729,23750,29267,Nyctalus leisleri,0.009,0.021,-1,Echolocation,/mnt/ubna_data_02_mir/recover-20220922/UBNA_001/20220921_090000.WAV,Telephone Field,recover-20220922,001,1795
699.3775,699.4182,68437,82514,Rhinolophus ferrumequinum,0.024,0.024,-1,Echolocation,/mnt/ubna_data_02_mir/recover-20220922/UBNA_001/20220921_090000.WAV,Telephone Field,recover-20220922,001,1795
699.3945,699.4342,68437,82268,Rhinolophus ferrumequinum,0.022,0.023,-1,Echolocation,/mnt/ubna_data_02_mir/recover-20220922/UBNA_001/20220921_090000.WAV,Telephone Field,recover-20220922,001,1795
699.4165,699.4498,68437,80447,Rhinolophus ferrumequinum,0.021,0.021,-1,Echolocation,/mnt/ubna_data_02_mir/recover-20220922/UBNA_001/20220921_090000.WAV,Telephone Field,recover-20220922,001,1795
699.4225,699.457,68437,81348,Rhinolophus ferrumequinum,0.021,0.021,-1,Echolocation,/mnt/ubna_data_02_mir/recover-20220922/UBNA_001/20220921_090000.WAV,Telephone Field,recover-20220922,001,1795
699.4445,699.4862,68437,82515,Rhinolophus ferrumequinum,0.028,0.028,-1,Echolocation,/mnt/ubna_data_02_mir/recover-20220922/UBNA_001/20220921_090000.WAV,Telephone Field,recover-20220922,001,1795
699.4485,699.4616,45234,48188,Pipistrellus pipistrellus,0.031,0.034,-1,Echolocation,/mnt/ubna_data_02_mir/recover-20220922/UBNA_001/20220921_090000.WAV,Telephone Field,recover-20220922,001,1795
699.4665,699.5023,68437,81527,Rhinolophus ferrumequinum,0.022,0.022,-1,Echolocation,/mnt/ubna_data_02_mir/recover-20220922/UBNA_001/20220921_090000.WAV,Telephone Field,recover-20220922,001,1795
699.4765,699.4844,28906,37583,Eptesicus serotinus,0.008,0.023,-1,Echolocation,/mnt/ubna_data_02_mir/recover-20220922/UBNA_001/20220921_090000.WAV,Telephone Field,recover-20220922,001,1795
699.5105,699.5495,68437,82364,Rhinolophus ferrumequinum,0.022,0.022,-1,Echolocation,/mnt/ubna_data_02_mir/recover-20220922/UBNA_001/20220921_090000.WAV,Telephone Field,recover-20220922,001,1795
699.5345,699.542,27187,39990,Eptesicus serotinus,0.007,0.022,-1,Echolocation,/mnt/ubna_data_02_mir/recover-20220922/UBNA_001/20220921_090000.WAV,Telephone Field,recover-20220922,001,1795
699.5635,699.6047,68437,82314,Rhinolophus ferrumequinum,0.023,0.023,-1,Echolocation,/mnt/ubna_data_02_mir/recover-20220922/UBNA_001/20220921_090000.WAV,Telephone Field,recover-20220922,001,1795
699.5915,699.6316,68437,82250,Rhinolophus ferrumequinum,0.023,0.023,-1,Echolocation,/mnt/ubna_data_02_mir/recover-20220922/UBNA_001/20220921_090000.WAV,Telephone Field,recover-20220922,001,1795
699.6025,699.6109,30625,39591,Eptesicus serotinus,0.009,0.023,-1,Echolocation,/mnt/ubna_data_02_mir/recover-20220922/UBNA_001/20220921_090000.WAV,Telephone Field,recover-20220922,001,1795
699.6375,699.6764,68437,82487,Rhinolophus ferrumequinum,0.022,0.022,-1,Echolocation,/mnt/ubna_data_02_mir/recover-20220922/UBNA_001/20220921_090000.WAV,Telephone Field,recover-20220922,001,1795
699.6405,699.6491,28906,37584,Eptesicus serotinus,0.007,0.021,-1,Echolocation,/mnt/ubna_data_02_mir/recover-20220922/UBNA_001/20220921_090000.WAV,Telephone Field,recover-20220922,001,1795
699.6625,699.7033,68437,82655,Rhinolophus ferrumequinum,0.023,0.023,-1,Echolocation,/mnt/ubna_data_02_mir/recover-20220922/UBNA_001/20220921_090000.WAV,Telephone Field,recover-20220922,001,1795
699.6775,699.7195,68437,82769,Rhinolophus ferrumequinum,0.023,0.023,-1,Echolocation,/mnt/ubna_data_02_mir/recover-20220922/UBNA_001/20220921_090000.WAV,Telephone Field,recover-20220922,001,1795
699.6805,699.6888,28906,37487,Eptesicus serotinus,0.007,0.022,-1,Echolocation,/mnt/ubna_data_02_mir/recover-20220922/UBNA_001/20220921_090000.WAV,Telephone Field,recover-20220922,001,1795
699.7255,699.7331,28046,43273,Eptesicus serotinus,0.008,0.024,-1,Echolocation,/mnt/ubna_data_02_mir/recover-20220922/UBNA_001/20220921_090000.WAV,Telephone Field,recover-20220922,001,1795
699.7605,699.7997,68437,81467,Rhinolophus ferrumequinum,0.023,0.023,-1,Echolocation,/mnt/ubna_data_02_mir/recover-20220922/UBNA_001/20220921_090000.WAV,Telephone Field,recover-20220922,001,1795
699.7895,699.8307,68437,82567,Rhinolophus ferrumequinum,0.029,0.029,-1,Echolocation,/mnt/ubna_data_02_mir/recover-20220922/UBNA_001/20220921_090000.WAV,Telephone Field,recover-20220922,001,1795
699.8075,699.8223,32343,36810,Eptesicus serotinus,0.013,0.042,-1,Echolocation,/mnt/ubna_data_02_mir/recover-20220922/UBNA_001/20220921_090000.WAV,Telephone Field,recover-20220922,001,1795
699.8375,699.8759,68437,82506,Rhinolophus ferrumequinum,0.022,0.023,-1,Echolocation,/mnt/ubna_data_02_mir/recover-20220922/UBNA_001/20220921_090000.WAV,Telephone Field,recover-20220922,001,1795
699.8575,699.8969,68437,82296,Rhinolophus ferrumequinum,0.021,0.021,-1,Echolocation,/mnt/ubna_data_02_mir/recover-20220922/UBNA_001/20220921_090000.WAV,Telephone Field,recover-20220922,001,1795
699.8715,699.9142,68437,82887,Rhinolophus ferrumequinum,0.025,0.025,-1,Echolocation,/mnt/ubna_data_02_mir/recover-20220922/UBNA_001/20220921_090000.WAV,Telephone Field,recover-20220922,001,1795
699.8935,699.9338,68437,82589,Rhinolophus ferrumequinum,0.034,0.034,-1,Echolocation,/mnt/ubna_data_02_mir/recover-20220922/UBNA_001/20220921_090000.WAV,Telephone Field,recover-20220922,001,1795
700.0015,700.0091,24609,33308,Nyctalus leisleri,0.006,0.025,-1,Echolocation,/mnt/ubna_data_02_mir/recover-20220922/UBNA_001/20220921_090000.WAV,Telephone Field,recover-20220922,001,1795
700.0015,700.0124,48671,57190,Pipistrellus pipistrellus,0.015,0.024,-1,Echolocation,/mnt/ubna_data_02_mir/recover-20220922/UBNA_001/20220921_090000.WAV,Telephone Field,recover-20220922,001,1795
700.0015,700.0302,69296,81761,Rhinolophus ferrumequinum,0.031,0.031,-1,Echolocation,/mnt/ubna_data_02_mir/recover-20220922/UBNA_001/20220921_090000.WAV,Telephone Field,recover-20220922,001,1795
700.0145,700.022,51250,56951,Pipistrellus pipistrellus,0.021,0.026,-1,Echolocation,/mnt/ubna_data_02_mir/recover-20220922/UBNA_001/20220921_090000.WAV,Telephone Field,recover-20220922,001,1795
700.0175,700.0268,27187,37744,Eptesicus serotinus,0.013,0.028,-1,Echolocation,/mnt/ubna_data_02_mir/recover-20220922/UBNA_001/20220921_090000.WAV,Telephone Field,recover-20220922,001,1795
700.0585,700.0997,68437,82285,Rhinolophus ferrumequinum,0.024,0.024,-1,Echolocation,/mnt/ubna_data_02_mir/recover-20220922/UBNA_001/20220921_090000.WAV,Telephone Field,recover-20220922,001,1795
700.0665,700.1076,68437,82856,Rhinolophus ferrumequinum,0.024,0.024,-1,Echolocation,/mnt/ubna_data_02_mir/recover-20220922/UBNA_001/20220921_090000.WAV,Telephone Field,recover-20220922,001,1795
700.0715,700.0821,26328,32360,Eptesicus serotinus,0.036,0.075,-1,Echolocation,/mnt/ubna_data_02_mir/recover-20220922/UBNA_001/20220921_090000.WAV,Telephone Field,recover-20220922,001,1795
700.0915,700.1274,68437,81458,Rhinolophus ferrumequinum,0.023,0.023,-1,Echolocation,/mnt/ubna_data_02_mir/recover-20220922/UBNA_001/20220921_090000.WAV,Telephone Field,recover-20220922,001,1795
700.1005,700.1416,68437,82645,Rhinolophus ferrumequinum,0.021,0.021,-1,Echolocation,/mnt/ubna_data_02_mir/recover-20220922/UBNA_001/20220921_090000.WAV,Telephone Field,recover-20220922,001,1795
700.1145,700.1529,68437,82048,Rhinolophus ferrumequinum,0.027,0.027,-1,Echolocation,/mnt/ubna_data_02_mir/recover-20220922/UBNA_001/20220921_090000.WAV,Telephone Field,recover-20220922,001,1795
700.1325,700.1708,68437,82090,Rhinolophus ferrumequinum,0.022,0.022,-1,Echolocation,/mnt/ubna_data_02_mir/recover-20220922/UBNA_001/20220921_090000.WAV,Telephone Field,recover-20220922,001,1795
700.1415,700.147,40078,50706,Myotis daubentonii,0.008,0.021,-1,Echolocation,/mnt/ubna_data_02_mir/recover-20220922/UBNA_001/20220921_090000.WAV,Telephone Field,recover-20220922,001,1795
700.1545,700.1937,68437,82102,Rhinolophus ferrumequinum,0.027,0.027,-1,Echolocation,/mnt/ubna_data_02_mir/recover-20220922/UBNA_001/20220921_090000.WAV,Telephone Field,recover-20220922,001,1795
700.2445,700.2507,25468,35498,Plecotus austriacus,0.011,0.034,-1,Echolocation,/mnt/ubna_data_02_mir/recover-20220922/UBNA_001/20220921_090000.WAV,Telephone Field,recover-20220922,001,1795
700.2665,700.3032,68437,81511,Rhinolophus ferrumequinum,0.024,0.024,-1,Echolocation,/mnt/ubna_data_02_mir/recover-20220922/UBNA_001/20220921_090000.WAV,Telephone Field,recover-20220922,001,1795
700.2805,700.289,28046,40347,Eptesicus serotinus,0.009,0.023,-1,Echolocation,/mnt/ubna_data_02_mir/recover-20220922/UBNA_001/20220921_090000.WAV,Telephone Field,recover-20220922,001,1795
700.2825,700.2902,46953,51476,Pipistrellus pipistrellus,0.027,0.029,-1,Echolocation,/mnt/ubna_data_02_mir/recover-20220922/UBNA_001/20220921_090000.WAV,Telephone Field,recover-20220922,001,1795
700.2835,700.3198,68437,81031,Rhinolophus ferrumequinum,0.022,0.022,-1,Echolocation,/mnt/ubna_data_02_mir/recover-20220922/UBNA_001/20220921_090000.WAV,Telephone Field,recover-20220922,001,1795
700.3065,700.317,26328,34253,Eptesicus serotinus,0.017,0.034,-1,Echolocation,/mnt/ubna_data_02_mir/recover-20220922/UBNA_001/20220921_090000.WAV,Telephone Field,recover-20220922,001,1795
700.3285,700.3651,68437,81260,Rhinolophus ferrumequinum,0.03,0.03,-1,Echolocation,/mnt/ubna_data_02_mir/recover-20220922/UBNA_001/20220921_090000.WAV,Telephone Field,recover-20220922,001,1795
700.3755,700.4124,68437,81553,Rhinolophus ferrumequinum,0.032,0.032,-1,Echolocation,/mnt/ubna_data_02_mir/recover-20220922/UBNA_001/20220921_090000.WAV,Telephone Field,recover-20220922,001,1795
700.3855,700.3929,28906,39118,Eptesicus serotinus,0.007,0.025,-1,Echolocation,/mnt/ubna_data_02_mir/recover-20220922/UBNA_001/20220921_090000.WAV,Telephone Field,recover-20220922,001,1795
700.4175,700.4552,68437,82253,Rhinolophus ferrumequinum,0.024,0.024,-1,Echolocation,/mnt/ubna_data_02_mir/recover-20220922/UBNA_001/20220921_090000.WAV,Telephone Field,recover-20220922,001,1795
700.4605,700.4968,68437,81307,Rhinolophus ferrumequinum,0.023,0.023,-1,Echolocation,/mnt/ubna_data_02_mir/recover-20220922/UBNA_001/20220921_090000.WAV,Telephone Field,recover-20220922,001,1795
700.4755,700.4857,22031,27848,Nyctalus leisleri,0.009,0.022,-1,Echolocation,/mnt/ubna_data_02_mir/recover-20220922/UBNA_001/20220921_090000.WAV,Telephone Field,recover-20220922,001,1795
700.4775,700.5216,68437,83413,Rhinolophus ferrumequinum,0.035,0.035,-1,Echolocation,/mnt/ubna_data_02_mir/recover-20220922/UBNA_001/20220921_090000.WAV,Telephone Field,recover-20220922,001,1795
700.4805,700.4894,28906,40797,Eptesicus serotinus,0.008,0.021,-1,Echolocation,/mnt/ubna_data_02_mir/recover-20220922/UBNA_001/20220921_090000.WAV,Telephone Field,recover-20220922,001,1795
700.5045,700.5179,23750,28449,Nyctalus leisleri,0.015,0.03,-1,Echolocation,/mnt/ubna_data_02_mir/recover-20220922/UBNA_001/20220921_090000.WAV,Telephone Field,recover-20220922,001,1795
700.5055,700.5495,68437,83395,Rhinolophus ferrumequinum,0.046,0.046,-1,Echolocation,/mnt/ubna_data_02_mir/recover-20220922/UBNA_001/20220921_090000.WAV,Telephone Field,recover-20220922,001,1795
700.5605,700.5721,28906,34577,Eptesicus serotinus,0.024,0.042,-1,Echolocation,/mnt/ubna_data_02_mir/recover-20220922/UBNA_001/20220921_090000.WAV,Telephone Field,recover-20220922,001,1795
700.5635,700.6037,68437,82123,Rhinolophus ferrumequinum,0.025,0.026,-1,Echolocation,/mnt/ubna_data_02_mir/recover-20220922/UBNA_001/20220921_090000.WAV,Telephone Field,recover-20220922,001,1795
700.6045,700.6196,22031,25620,Nyctalus leisleri,0.038,0.065,-1,Echolocation,/mnt/ubna_data_02_mir/recover-20220922/UBNA_001/20220921_090000.WAV,Telephone Field,recover-20220922,001,1795
700.6365,700.6732,68437,81701,Rhinolophus ferrumequinum,0.024,0.024,-1,Echolocation,/mnt/ubna_data_02_mir/recover-20220922/UBNA_001/20220921_090000.WAV,Telephone Field,recover-20220922,001,1795
700.6455,700.6537,25468,34006,Eptesicus serotinus,0.006,0.021,-1,Echolocation,/mnt/ubna_data_02_mir/recover-20220922/UBNA_001/20220921_090000.WAV,Telephone Field,recover-20220922,001,1795
700.7055,700.7456999999999,68437,82130,Rhinolophus ferrumequinum,0.021,0.021,-1,Echolocation,/mnt/ubna_data_02_mir/recover-20220922/UBNA_001/20220921_090000.WAV,Telephone Field,recover-20220922,001,1795
700.7245,700.7318,26328,35018,Eptesicus serotinus,0.006,0.021,-1,Echolocation,/mnt/ubna_data_02_mir/recover-20220922/UBNA_001/20220921_090000.WAV,Telephone Field,recover-20220922,001,1795
700.7405,700.7835,68437,83144,Rhinolophus ferrumequinum,0.036,0.036,-1,Echolocation,/mnt/ubna_data_02_mir/recover-20220922/UBNA_001/20220921_090000.WAV,Telephone Field,recover-20220922,001,1795
700.7465,700.7889,68437,83550,Rhinolophus ferrumequinum,0.031,0.031,-1,Echolocation,/mnt/ubna_data_02_mir/recover-20220922/UBNA_001/20220921_090000.WAV,Telephone Field,recover-20220922,001,1795
700.7685,700.7758,25468,34724,Eptesicus serotinus,0.006,0.023,-1,Echolocation,/mnt/ubna_data_02_mir/recover-20220922/UBNA_001/20220921_090000.WAV,Telephone Field,recover-20220922,001,1795
700.7925,700.8029,25468,33521,Eptesicus serotinus,0.011,0.023,-1,Echolocation,/mnt/ubna_data_02_mir/recover-20220922/UBNA_001/20220921_090000.WAV,Telephone Field,recover-20220922,001,1795
700.7925,700.8357,68437,83154,Rhinolophus ferrumequinum,0.029,0.029,-1,Echolocation,/mnt/ubna_data_02_mir/recover-20220922/UBNA_001/20220921_090000.WAV,Telephone Field,recover-20220922,001,1795
700.8385,700.8789,68437,82607,Rhinolophus ferrumequinum,0.034,0.034,-1,Echolocation,/mnt/ubna_data_02_mir/recover-20220922/UBNA_001/20220921_090000.WAV,Telephone Field,recover-20220922,001,1795
700.8615,700.8981,68437,81226,Rhinolophus ferrumequinum,0.021,0.021,-1,Echolocation,/mnt/ubna_data_02_mir/recover-20220922/UBNA_001/20220921_090000.WAV,Telephone Field,recover-20220922,001,1795
700.8755,700.9133,68437,81842,Rhinolophus ferrumequinum,0.029,0.029,-1,Echolocation,/mnt/ubna_data_02_mir/recover-20220922/UBNA_001/20220921_090000.WAV,Telephone Field,recover-20220922,001,1795
700.9205,700.9575,68437,82068,Rhinolophus ferrumequinum,0.022,0.022,-1,Echolocation,/mnt/ubna_data_02_mir/recover-20220922/UBNA_001/20220921_090000.WAV,Telephone Field,recover-20220922,001,1795
700.9415,700.9826,68437,82746,Rhinolophus ferrumequinum,0.023,0.023,-1,Echolocation,/mnt/ubna_data_02_mir/recover-20220922/UBNA_001/20220921_090000.WAV,Telephone Field,recover-20220922,001,1795
700.9675,701.011,68437,83479,Rhinolophus ferrumequinum,0.039,0.039,-1,Echolocation,/mnt/ubna_data_02_mir/recover-20220922/UBNA_001/20220921_090000.WAV,Telephone Field,recover-20220922,001,1795
700.9885,701.027,68437,81830,Rhinolophus ferrumequinum,0.021,0.021,-1,Echolocation,/mnt/ubna_data_02_mir/recover-20220922/UBNA_001/20220921_090000.WAV,Telephone Field,recover-20220922,001,1795
701.0165,701.0561,68437,81820,Rhinolophus ferrumequinum,0.026,0.026,-1,Echolocation,/mnt/ubna_data_02_mir/recover-20220922/UBNA_001/20220921_090000.WAV,Telephone Field,recover-20220922,001,1795
701.0305,701.0431,26328,31884,Nyctalus leisleri,0.012,0.028,-1,Echolocation,/mnt/ubna_data_02_mir/recover-20220922/UBNA_001/20220921_090000.WAV,Telephone Field,recover-20220922,001,1795
701.0425,701.0801,68437,81797,Rhinolophus ferrumequinum,0.023,0.023,-1,Echolocation,/mnt/ubna_data_02_mir/recover-20220922/UBNA_001/20220921_090000.WAV,Telephone Field,recover-20220922,001,1795
701.0545,701.0744,20312,23212,Nyctalus leisleri,0.012,0.021,-1,Echolocation,/mnt/ubna_data_02_mir/recover-20220922/UBNA_001/20220921_090000.WAV,Telephone Field,recover-20220922,001,1795
701.0595,701.1023,68437,82806,Rhinolophus ferrumequinum,0.035,0.035,-1,Echolocation,/mnt/ubna_data_02_mir/recover-20220922/UBNA_001/20220921_090000.WAV,Telephone Field,recover-20220922,001,1795
701.0665,701.0776,23750,27895,Nyctalus leisleri,0.013,0.024,-1,Echolocation,/mnt/ubna_data_02_mir/recover-20220922/UBNA_001/20220921_090000.WAV,Telephone Field,recover-20220922,001,1795
701.0915,701.1308,68437,81459,Rhinolophus ferrumequinum,0.026,0.026,-1,Echolocation,/mnt/ubna_data_02_mir/recover-20220922/UBNA_001/20220921_090000.WAV,Telephone Field,recover-20220922,001,1795
701.0955,701.1025,28906,38550,Eptesicus serotinus,0.006,0.022,-1,Echolocation,/mnt/ubna_data_02_mir/recover-20220922/UBNA_001/20220921_090000.WAV,Telephone Field,recover-20220922,001,1795
701.0965,701.1051,22031,28681,Plecotus austriacus,0.012,0.025,-1,Echolocation,/mnt/ubna_data_02_mir/recover-20220922/UBNA_001/20220921_090000.WAV,Telephone Field,recover-20220922,001,1795
701.1295,701.1697,68437,82193,Rhinolophus ferrumequinum,0.023,0.023,-1,Echolocation,/mnt/ubna_data_02_mir/recover-20220922/UBNA_001/20220921_090000.WAV,Telephone Field,recover-20220922,001,1795
701.1495,701.1597,28906,35244,Eptesicus serotinus,0.012,0.025,-1,Echolocation,/mnt/ubna_data_02_mir/recover-20220922/UBNA_001/20220921_090000.WAV,Telephone Field,recover-20220922,001,1795
701.1705,701.2148,68437,83416,Rhinolophus ferrumequinum,0.032,0.032,-1,Echolocation,/mnt/ubna_data_02_mir/recover-20220922/UBNA_001/20220921_090000.WAV,Telephone Field,recover-20220922,001,1795
701.1825,701.19,27187,40027,Eptesicus serotinus,0.007,0.023,-1,Echolocation,/mnt/ubna_data_02_mir/recover-20220922/UBNA_001/20220921_090000.WAV,Telephone Field,recover-20220922,001,1795
701.2215,701.2594,68437,82129,Rhinolophus ferrumequinum,0.021,0.021,-1,Echolocation,/mnt/ubna_data_02_mir/recover-20220922/UBNA_001/20220921_090000.WAV,Telephone Field,recover-20220922,001,1795
701.2595,701.2971,68437,81680,Rhinolophus ferrumequinum,0.021,0.021,-1,Echolocation,/mnt/ubna_data_02_mir/recover-20220922/UBNA_001/20220921_090000.WAV,Telephone Field,recover-20220922,001,1795
701.2815,701.3177,68437,82405,Rhinolophus ferrumequinum,0.027,0.027,-1,Echolocation,/mnt/ubna_data_02_mir/recover-20220922/UBNA_001/20220921_090000.WAV,Telephone Field,recover-20220922,001,1795
701.3015,701.3419,68437,82909,Rhinolophus ferrumequinum,0.025,0.025,-1,Echolocation,/mnt/ubna_data_02_mir/recover-20220922/UBNA_001/20220921_090000.WAV,Telephone Field,recover-20220922,001,1795
701.3155,701.3534,68437,82664,Rhinolophus ferrumequinum,0.026,0.026,-1,Echolocation,/mnt/ubna_data_02_mir/recover-20220922/UBNA_001/20220921_090000.WAV,Telephone Field,recover-20220922,001,1795
701.3285,701.3375,22890,29745,Nyctalus leisleri,0.007,0.022,-1,Echolocation,/mnt/ubna_data_02_mir/recover-20220922/UBNA_001/20220921_090000.WAV,Telephone Field,recover-20220922,001,1795
701.3365,701.3466,22890,28442,Nyctalus leisleri,0.009,0.022,-1,Echolocation,/mnt/ubna_data_02_mir/recover-20220922/UBNA_001/20220921_090000.WAV,Telephone Field,recover-20220922,001,1795
701.3475,701.3818,68437,81288,Rhinolophus ferrumequinum,0.021,0.021,-1,Echolocation,/mnt/ubna_data_02_mir/recover-20220922/UBNA_001/20220921_090000.WAV,Telephone Field,recover-20220922,001,1795
701.3995,701.4379,68437,82331,Rhinolophus ferrumequinum,0.022,0.022,-1,Echolocation,/mnt/ubna_data_02_mir/recover-20220922/UBNA_001/20220921_090000.WAV,Telephone Field,recover-20220922,001,1795
701.4745,701.5111,68437,80941,Rhinolophus ferrumequinum,0.025,0.025,-1,Echolocation,/mnt/ubna_data_02_mir/recover-20220922/UBNA_001/20220921_090000.WAV,Telephone Field,recover-20220922,001,1795
701.4905,701.5312,68437,82507,Rhinolophus ferrumequinum,0.024,0.024,-1,Echolocation,/mnt/ubna_data_02_mir/recover-20220922/UBNA_001/20220921_090000.WAV,Telephone Field,recover-20220922,001,1795
701.5095,701.548,68437,82071,Rhinolophus ferrumequinum,0.021,0.021,-1,Echolocation,/mnt/ubna_data_02_mir/recover-20220922/UBNA_001/20220921_090000.WAV,Telephone Field,recover-20220922,001,1795
701.5255,701.565,68437,82546,Rhinolophus ferrumequinum,0.024,0.024,-1,Echolocation,/mnt/ubna_data_02_mir/recover-20220922/UBNA_001/20220921_090000.WAV,Telephone Field,recover-20220922,001,1795
701.5335,701.5722,68437,82296,Rhinolophus ferrumequinum,0.025,0.025,-1,Echolocation,/mnt/ubna_data_02_mir/recover-20220922/UBNA_001/20220921_090000.WAV,Telephone Field,recover-20220922,001,1795
701.5615,701.6011,68437,82446,Rhinolophus ferrumequinum,0.031,0.031,-1,Echolocation,/mnt/ubna_data_02_mir/recover-20220922/UBNA_001/20220921_090000.WAV,Telephone Field,recover-20220922,001,1795
701.5845,701.628,68437,83660,Rhinolophus ferrumequinum,0.039,0.039,-1,Echolocation,/mnt/ubna_data_02_mir/recover-20220922/UBNA_001/20220921_090000.WAV,Telephone Field,recover-20220922,001,1795
701.6075,701.6167,28046,36418,Eptesicus serotinus,0.008,0.023,-1,Echolocation,/mnt/ubna_data_02_mir/recover-20220922/UBNA_001/20220921_090000.WAV,Telephone Field,recover-20220922,001,1795
701.6285,701.6694,68437,82493,Rhinolophus ferrumequinum,0.023,0.023,-1,Echolocation,/mnt/ubna_data_02_mir/recover-20220922/UBNA_001/20220921_090000.WAV,Telephone Field,recover-20220922,001,1795
701.6425,701.6505,26328,39955,Eptesicus serotinus,0.007,0.022,-1,Echolocation,/mnt/ubna_data_02_mir/recover-20220922/UBNA_001/20220921_090000.WAV,Telephone Field,recover-20220922,001,1795
701.6715,701.6809,22890,30814,Eptesicus serotinus,0.04,0.128,-1,Echolocation,/mnt/ubna_data_02_mir/recover-20220922/UBNA_001/20220921_090000.WAV,Telephone Field,recover-20220922,001,1795
701.7005,701.7414,68437,82689,Rhinolophus ferrumequinum,0.027,0.027,-1,Echolocation,/mnt/ubna_data_02_mir/recover-20220922/UBNA_001/20220921_090000.WAV,Telephone Field,recover-20220922,001,1795
701.7085,701.7262,20312,24022,Nyctalus leisleri,0.011,0.023,-1,Echolocation,/mnt/ubna_data_02_mir/recover-20220922/UBNA_001/20220921_090000.WAV,Telephone Field,recover-20220922,001,1795
701.7105,701.7507,68437,82349,Rhinolophus ferrumequinum,0.022,0.022,-1,Echolocation,/mnt/ubna_data_02_mir/recover-20220922/UBNA_001/20220921_090000.WAV,Telephone Field,recover-20220922,001,1795
701.7335,701.773,68437,82249,Rhinolophus ferrumequinum,0.021,0.021,-1,Echolocation,/mnt/ubna_data_02_mir/recover-20220922/UBNA_001/20220921_090000.WAV,Telephone Field,recover-20220922,001,1795
701.7515,701.7906,68437,82251,Rhinolophus ferrumequinum,0.024,0.024,-1,Echolocation,/mnt/ubna_data_02_mir/recover-20220922/UBNA_001/20220921_090000.WAV,Telephone Field,recover-20220922,001,1795
701.7885,701.8264,68437,81840,Rhinolophus ferrumequinum,0.029,0.029,-1,Echolocation,/mnt/ubna_data_02_mir/recover-20220922/UBNA_001/20220921_090000.WAV,Telephone Field,recover-20220922,001,1795
701.8105,701.8509,68437,82375,Rhinolophus ferrumequinum,0.025,0.025,-1,Echolocation,/mnt/ubna_data_02_mir/recover-20220922/UBNA_001/20220921_090000.WAV,Telephone Field,recover-20220922,001,1795
701.8365,701.8754,68437,82152,Rhinolophus ferrumequinum,0.021,0.021,-1,Echolocation,/mnt/ubna_data_02_mir/recover-20220922/UBNA_001/20220921_090000.WAV,Telephone Field,recover-20220922,001,1795
701.8395,701.8516,24609,32000,Eptesicus serotinus,0.021,0.056,-1,Echolocation,/mnt/ubna_data_02_mir/recover-20220922/UBNA_001/20220921_090000.WAV,Telephone Field,recover-20220922,001,1795
701.8615,701.8953,68437,81206,Rhinolophus ferrumequinum,0.022,0.022,-1,Echolocation,/mnt/ubna_data_02_mir/recover-20220922/UBNA_001/20220921_090000.WAV,Telephone Field,recover-20220922,001,1795
701.8855,701.9255,68437,82293,Rhinolophus ferrumequinum,0.045,0.045,-1,Echolocation,/mnt/ubna_data_02_mir/recover-20220922/UBNA_001/20220921_090000.WAV,Telephone Field,recover-20220922,001,1795
701.9005,701.9098,28906,37650,Eptesicus serotinus,0.012,0.026,-1,Echolocation,/mnt/ubna_data_02_mir/recover-20220922/UBNA_001/20220921_090000.WAV,Telephone Field,recover-20220922,001,1795
701.9235,701.9572000000001,68437,79957,Rhinolophus ferrumequinum,0.024,0.024,-1,Echolocation,/mnt/ubna_data_02_mir/recover-20220922/UBNA_001/20220921_090000.WAV,Telephone Field,recover-20220922,001,1795
701.9855,701.9955,28046,40441,Eptesicus serotinus,0.011,0.025,-1,Echolocation,/mnt/ubna_data_02_mir/recover-20220922/UBNA_001/20220921_090000.WAV,Telephone Field,recover-20220922,001,1795
702.0015,702.0347,69296,81764,Rhinolophus ferrumequinum,0.024,0.024,-1,Echolocation,/mnt/ubna_data_02_mir/recover-20220922/UBNA_001/20220921_090000.WAV,Telephone Field,recover-20220922,001,1795
702.0015,702.0104,27187,36002,Eptesicus serotinus,0.008,0.028,-1,Echolocation,/mnt/ubna_data_02_mir/recover-20220922/UBNA_001/20220921_090000.WAV,Telephone Field,recover-20220922,001,1795
702.0605,702.1004,68437,82144,Rhinolophus ferrumequinum,0.026,0.026,-1,Echolocation,/mnt/ubna_data_02_mir/recover-20220922/UBNA_001/20220921_090000.WAV,Telephone Field,recover-20220922,001,1795
702.0645,702.071,24609,39088,Plecotus austriacus,0.006,0.023,-1,Echolocation,/mnt/ubna_data_02_mir/recover-20220922/UBNA_001/20220921_090000.WAV,Telephone Field,recover-20220922,001,1795
702.0695,702.1068,68437,82473,Rhinolophus ferrumequinum,0.022,0.022,-1,Echolocation,/mnt/ubna_data_02_mir/recover-20220922/UBNA_001/20220921_090000.WAV,Telephone Field,recover-20220922,001,1795
702.0745,702.1132,68437,81846,Rhinolophus ferrumequinum,0.022,0.022,-1,Echolocation,/mnt/ubna_data_02_mir/recover-20220922/UBNA_001/20220921_090000.WAV,Telephone Field,recover-20220922,001,1795
702.0805,702.089,28046,36422,Eptesicus serotinus,0.008,0.024,-1,Echolocation,/mnt/ubna_data_02_mir/recover-20220922/UBNA_001/20220921_090000.WAV,Telephone Field,recover-20220922,001,1795
702.1195,702.1272,23750,32759,Plecotus austriacus,0.01,0.024,-1,Echolocation,/mnt/ubna_data_02_mir/recover-20220922/UBNA_001/20220921_090000.WAV,Telephone Field,recover-20220922,001,1795
702.1245,702.1655,68437,83227,Rhinolophus ferrumequinum,0.025,0.025,-1,Echolocation,/mnt/ubna_data_02_mir/recover-20220922/UBNA_001/20220921_090000.WAV,Telephone Field,recover-20220922,001,1795
702.1335,702.1428,28046,36301,Eptesicus serotinus,0.009,0.022,-1,Echolocation,/mnt/ubna_data_02_mir/recover-20220922/UBNA_001/20220921_090000.WAV,Telephone Field,recover-20220922,001,1795
702.1365,702.1446,23750,31999,Plecotus austriacus,0.007,0.022,-1,Echolocation,/mnt/ubna_data_02_mir/recover-20220922/UBNA_001/20220921_090000.WAV,Telephone Field,recover-20220922,001,1795
702.2015,702.2411,68437,82294,Rhinolophus ferrumequinum,0.022,0.022,-1,Echolocation,/mnt/ubna_data_02_mir/recover-20220922/UBNA_001/20220921_090000.WAV,Telephone Field,recover-20220922,001,1795
702.2215,702.2624,68437,82540,Rhinolophus ferrumequinum,0.024,0.024,-1,Echolocation,/mnt/ubna_data_02_mir/recover-20220922/UBNA_001/20220921_090000.WAV,Telephone Field,recover-20220922,001,1795
702.3055,702.3161,25468,33456,Eptesicus serotinus,0.011,0.025,-1,Echolocation,/mnt/ubna_data_02_mir/recover-20220922/UBNA_001/20220921_090000.WAV,Telephone Field,recover-20220922,001,1795
702.3385,702.3469,28046,39483,Eptesicus serotinus,0.008,0.021,-1,Echolocation,/mnt/ubna_data_02_mir/recover-20220922/UBNA_001/20220921_090000.WAV,Telephone Field,recover-20220922,001,1795
702.3445,702.3862,68437,82881,Rhinolophus ferrumequinum,0.026,0.026,-1,Echolocation,/mnt/ubna_data_02_mir/recover-20220922/UBNA_001/20220921_090000.WAV,Telephone Field,recover-20220922,001,1795
702.3985,702.4326,68437,81080,Rhinolophus ferrumequinum,0.021,0.021,-1,Echolocation,/mnt/ubna_data_02_mir/recover-20220922/UBNA_001/20220921_090000.WAV,Telephone Field,recover-20220922,001,1795
702.4135,702.4543,68437,82799,Rhinolophus ferrumequinum,0.023,0.023,-1,Echolocation,/mnt/ubna_data_02_mir/recover-20220922/UBNA_001/20220921_090000.WAV,Telephone Field,recover-20220922,001,1795
702.4145,702.423,28046,38165,Eptesicus serotinus,0.008,0.021,-1,Echolocation,/mnt/ubna_data_02_mir/recover-20220922/UBNA_001/20220921_090000.WAV,Telephone Field,recover-20220922,001,1795
702.4605,702.4696,28906,36882,Eptesicus serotinus,0.009,0.023,-1,Echolocation,/mnt/ubna_data_02_mir/recover-20220922/UBNA_001/20220921_090000.WAV,Telephone Field,recover-20220922,001,1795
702.5105,702.5196,28046,40282,Eptesicus serotinus,0.009,0.022,-1,Echolocation,/mnt/ubna_data_02_mir/recover-20220922/UBNA_001/20220921_090000.WAV,Telephone Field,recover-20220922,001,1795
702.5155,702.5259,22890,28343,Nyctalus leisleri,0.01,0.022,-1,Echolocation,/mnt/ubna_data_02_mir/recover-20220922/UBNA_001/20220921_090000.WAV,Telephone Field,recover-20220922,001,1795
702.5255,702.5652,68437,82774,Rhinolophus ferrumequinum,0.042,0.042,-1,Echolocation,/mnt/ubna_data_02_mir/recover-20220922/UBNA_001/20220921_090000.WAV,Telephone Field,recover-20220922,001,1795
702.5685,702.576,26328,40137,Eptesicus serotinus,0.007,0.024,-1,Echolocation,/mnt/ubna_data_02_mir/recover-20220922/UBNA_001/20220921_090000.WAV,Telephone Field,recover-20220922,001,1795
702.5995,702.6407,68437,82702,Rhinolophus ferrumequinum,0.022,0.022,-1,Echolocation,/mnt/ubna_data_02_mir/recover-20220922/UBNA_001/20220921_090000.WAV,Telephone Field,recover-20220922,001,1795
702.6355,702.6748,68437,82675,Rhinolophus ferrumequinum,0.025,0.025,-1,Echolocation,/mnt/ubna_data_02_mir/recover-20220922/UBNA_001/20220921_090000.WAV,Telephone Field,recover-20220922,001,1795
702.6445,702.6849,68437,82636,Rhinolophus ferrumequinum,0.022,0.022,-1,Echolocation,/mnt/ubna_data_02_mir/recover-20220922/UBNA_001/20220921_090000.WAV,Telephone Field,recover-20220922,001,1795
702.6905,702.733,68437,82636,Rhinolophus ferrumequinum,0.025,0.025,-1,Echolocation,/mnt/ubna_data_02_mir/recover-20220922/UBNA_001/20220921_090000.WAV,Telephone Field,recover-20220922,001,1795
702.7505,702.7611,23750,29450,Nyctalus leisleri,0.01,0.023,-1,Echolocation,/mnt/ubna_data_02_mir/recover-20220922/UBNA_001/20220921_090000.WAV,Telephone Field,recover-20220922,001,1795
702.7725,702.8141,68437,82865,Rhinolophus ferrumequinum,0.026,0.026,-1,Echolocation,/mnt/ubna_data_02_mir/recover-20220922/UBNA_001/20220921_090000.WAV,Telephone Field,recover-20220922,001,1795
702.8005,702.84,68437,82144,Rhinolophus ferrumequinum,0.023,0.023,-1,Echolocation,/mnt/ubna_data_02_mir/recover-20220922/UBNA_001/20220921_090000.WAV,Telephone Field,recover-20220922,001,1795
702.8025,702.8135,28906,36400,Eptesicus serotinus,0.01,0.022,-1,Echolocation,/mnt/ubna_data_02_mir/recover-20220922/UBNA_001/20220921_090000.WAV,Telephone Field,recover-20220922,001,1795
702.8355,702.8466,23750,28849,Nyctalus leisleri,0.013,0.028,-1,Echolocation,/mnt/ubna_data_02_mir/recover-20220922/UBNA_001/20220921_090000.WAV,Telephone Field,recover-20220922,001,1795
702.8505,702.8889,68437,81977,Rhinolophus ferrumequinum,0.023,0.023,-1,Echolocation,/mnt/ubna_data_02_mir/recover-20220922/UBNA_001/20220921_090000.WAV,Telephone Field,recover-20220922,001,1795
702.8775,702.9182,68437,82788,Rhinolophus ferrumequinum,0.024,0.024,-1,Echolocation,/mnt/ubna_data_02_mir/recover-20220922/UBNA_001/20220921_090000.WAV,Telephone Field,recover-20220922,001,1795
702.8965,702.9068,24609,31272,Eptesicus serotinus,0.008,0.023,-1,Echolocation,/mnt/ubna_data_02_mir/recover-20220922/UBNA_001/20220921_090000.WAV,Telephone Field,recover-20220922,001,1795
702.9105,702.9207,44375,47267,Pipistrellus pipistrellus,0.022,0.024,-1,Echolocation,/mnt/ubna_data_02_mir/recover-20220922/UBNA_001/20220921_090000.WAV,Telephone Field,recover-20220922,001,1795
702.9205,702.9298,24609,31629,Nyctalus leisleri,0.007,0.023,-1,Echolocation,/mnt/ubna_data_02_mir/recover-20220922/UBNA_001/20220921_090000.WAV,Telephone Field,recover-20220922,001,1795
702.9295,702.9728,68437,82770,Rhinolophus ferrumequinum,0.034,0.034,-1,Echolocation,/mnt/ubna_data_02_mir/recover-20220922/UBNA_001/20220921_090000.WAV,Telephone Field,recover-20220922,001,1795
702.9555,702.9937,68437,81812,Rhinolophus ferrumequinum,0.023,0.023,-1,Echolocation,/mnt/ubna_data_02_mir/recover-20220922/UBNA_001/20220921_090000.WAV,Telephone Field,recover-20220922,001,1795
702.9615,702.9719,22890,28137,Nyctalus leisleri,0.01,0.021,-1,Echolocation,/mnt/ubna_data_02_mir/recover-20220922/UBNA_001/20220921_090000.WAV,Telephone Field,recover-20220922,001,1795
702.9765,703.0166,68437,82701,Rhinolophus ferrumequinum,0.024,0.024,-1,Echolocation,/mnt/ubna_data_02_mir/recover-20220922/UBNA_001/20220921_090000.WAV,Telephone Field,recover-20220922,001,1795
702.9955,703.0379,68437,83074,Rhinolophus ferrumequinum,0.036,0.036,-1,Echolocation,/mnt/ubna_data_02_mir/recover-20220922/UBNA_001/20220921_090000.WAV,Telephone Field,recover-20220922,001,1795
703.0405,703.0831,68437,83490,Rhinolophus ferrumequinum,0.032,0.032,-1,Echolocation,/mnt/ubna_data_02_mir/recover-20220922/UBNA_001/20220921_090000.WAV,Telephone Field,recover-20220922,001,1795
703.0455,703.0565,28906,36161,Eptesicus serotinus,0.014,0.027,-1,Echolocation,/mnt/ubna_data_02_mir/recover-20220922/UBNA_001/20220921_090000.WAV,Telephone Field,recover-20220922,001,1795
703.0885,703.1247,68437,81951,Rhinolophus ferrumequinum,0.021,0.022,-1,Echolocation,/mnt/ubna_data_02_mir/recover-20220922/UBNA_001/20220921_090000.WAV,Telephone Field,recover-20220922,001,1795
703.1135,703.1493,68437,81507,Rhinolophus ferrumequinum,0.022,0.022,-1,Echolocation,/mnt/ubna_data_02_mir/recover-20220922/UBNA_001/20220921_090000.WAV,Telephone Field,recover-20220922,001,1795
703.1625,703.175,51250,55393,Pipistrellus pygmaeus,0.012,0.023,-1,Echolocation,/mnt/ubna_data_02_mir/recover-20220922/UBNA_001/20220921_090000.WAV,Telephone Field,recover-20220922,001,1795
703.1675,703.177,22890,30048,Plecotus austriacus,0.007,0.021,-1,Echolocation,/mnt/ubna_data_02_mir/recover-20220922/UBNA_001/20220921_090000.WAV,Telephone Field,recover-20220922,001,1795
703.1835,703.1933,22890,29731,Nyctalus leisleri,0.027,0.103,-1,Echolocation,/mnt/ubna_data_02_mir/recover-20220922/UBNA_001/20220921_090000.WAV,Telephone Field,recover-20220922,001,1795
703.2165,703.2577,68437,82850,Rhinolophus ferrumequinum,0.024,0.024,-1,Echolocation,/mnt/ubna_data_02_mir/recover-20220922/UBNA_001/20220921_090000.WAV,Telephone Field,recover-20220922,001,1795
703.2285,703.2431,15156,20393,Nyctalus noctula,0.036,0.05,-1,Echolocation,/mnt/ubna_data_02_mir/recover-20220922/UBNA_001/20220921_090000.WAV,Telephone Field,recover-20220922,001,1795
703.2505,703.2906,68437,82760,Rhinolophus ferrumequinum,0.023,0.023,-1,Echolocation,/mnt/ubna_data_02_mir/recover-20220922/UBNA_001/20220921_090000.WAV,Telephone Field,recover-20220922,001,1795
703.2695,703.2794,25468,34507,Eptesicus serotinus,0.01,0.023,-1,Echolocation,/mnt/ubna_data_02_mir/recover-20220922/UBNA_001/20220921_090000.WAV,Telephone Field,recover-20220922,001,1795
703.2705,703.3132,68437,83164,Rhinolophus ferrumequinum,0.027,0.027,-1,Echolocation,/mnt/ubna_data_02_mir/recover-20220922/UBNA_001/20220921_090000.WAV,Telephone Field,recover-20220922,001,1795
703.3165,703.3244,27187,38755,Eptesicus serotinus,0.007,0.021,-1,Echolocation,/mnt/ubna_data_02_mir/recover-20220922/UBNA_001/20220921_090000.WAV,Telephone Field,recover-20220922,001,1795
703.3335,703.3757,68437,83048,Rhinolophus ferrumequinum,0.034,0.034,-1,Echolocation,/mnt/ubna_data_02_mir/recover-20220922/UBNA_001/20220921_090000.WAV,Telephone Field,recover-20220922,001,1795
703.3945,703.436,68437,83143,Rhinolophus ferrumequinum,0.026,0.026,-1,Echolocation,/mnt/ubna_data_02_mir/recover-20220922/UBNA_001/20220921_090000.WAV,Telephone Field,recover-20220922,001,1795
703.4265,703.4367,28046,36093,Eptesicus serotinus,0.01,0.025,-1,Echolocation,/mnt/ubna_data_02_mir/recover-20220922/UBNA_001/20220921_090000.WAV,Telephone Field,recover-20220922,001,1795
703.4475,703.4829,68437,81317,Rhinolophus ferrumequinum,0.022,0.022,-1,Echolocation,/mnt/ubna_data_02_mir/recover-20220922/UBNA_001/20220921_090000.WAV,Telephone Field,recover-20220922,001,1795
703.4555,703.4898,68437,81439,Rhinolophus ferrumequinum,0.021,0.021,-1,Echolocation,/mnt/ubna_data_02_mir/recover-20220922/UBNA_001/20220921_090000.WAV,Telephone Field,recover-20220922,001,1795
703.4785,703.5171,68437,81482,Rhinolophus ferrumequinum,0.03,0.03,-1,Echolocation,/mnt/ubna_data_02_mir/recover-20220922/UBNA_001/20220921_090000.WAV,Telephone Field,recover-20220922,001,1795
703.4815,703.4936,15156,22401,Nyctalus noctula,0.014,0.024,-1,Echolocation,/mnt/ubna_data_02_mir/recover-20220922/UBNA_001/20220921_090000.WAV,Telephone Field,recover-20220922,001,1795
703.4825,703.491,28046,38588,Eptesicus serotinus,0.008,0.022,-1,Echolocation,/mnt/ubna_data_02_mir/recover-20220922/UBNA_001/20220921_090000.WAV,Telephone Field,recover-20220922,001,1795
703.5235,703.5337,28046,34855,Eptesicus serotinus,0.01,0.022,-1,Echolocation,/mnt/ubna_data_02_mir/recover-20220922/UBNA_001/20220921_090000.WAV,Telephone Field,recover-20220922,001,1795
703.5315,703.566,68437,81270,Rhinolophus ferrumequinum,0.023,0.023,-1,Echolocation,/mnt/ubna_data_02_mir/recover-20220922/UBNA_001/20220921_090000.WAV,Telephone Field,recover-20220922,001,1795
703.5345,703.5401,38359,62390,Myotis mystacinus,0.009,0.026,-1,Echolocation,/mnt/ubna_data_02_mir/recover-20220922/UBNA_001/20220921_090000.WAV,Telephone Field,recover-20220922,001,1795
703.5365,703.5437,25468,41614,Eptesicus serotinus,0.006,0.023,-1,Echolocation,/mnt/ubna_data_02_mir/recover-20220922/UBNA_001/20220921_090000.WAV,Telephone Field,recover-20220922,001,1795
703.5505,703.5646,15156,19963,Nyctalus noctula,0.038,0.053,-1,Echolocation,/mnt/ubna_data_02_mir/recover-20220922/UBNA_001/20220921_090000.WAV,Telephone Field,recover-20220922,001,1795
703.5595,703.5972,68437,81699,Rhinolophus ferrumequinum,0.021,0.022,-1,Echolocation,/mnt/ubna_data_02_mir/recover-20220922/UBNA_001/20220921_090000.WAV,Telephone Field,recover-20220922,001,1795
703.5885,703.6293000000001,68437,82843,Rhinolophus ferrumequinum,0.027,0.028,-1,Echolocation,/mnt/ubna_data_02_mir/recover-20220922/UBNA_001/20220921_090000.WAV,Telephone Field,recover-20220922,001,1795
703.6005,703.6414,68437,82292,Rhinolophus ferrumequinum,0.023,0.023,-1,Echolocation,/mnt/ubna_data_02_mir/recover-20220922/UBNA_001/20220921_090000.WAV,Telephone Field,recover-20220922,001,1795
703.6225,703.6292,50390,55788,Pipistrellus pipistrellus,0.022,0.025,-1,Echolocation,/mnt/ubna_data_02_mir/recover-20220922/UBNA_001/20220921_090000.WAV,Telephone Field,recover-20220922,001,1795
703.6485,703.658,25468,33777,Eptesicus serotinus,0.009,0.021,-1,Echolocation,/mnt/ubna_data_02_mir/recover-20220922/UBNA_001/20220921_090000.WAV,Telephone Field,recover-20220922,001,1795
703.6515,703.689,68437,82205,Rhinolophus ferrumequinum,0.028,0.028,-1,Echolocation,/mnt/ubna_data_02_mir/recover-20220922/UBNA_001/20220921_090000.WAV,Telephone Field,recover-20220922,001,1795
703.6545,703.6633,28906,37645,Eptesicus serotinus,0.007,0.021,-1,Echolocation,/mnt/ubna_data_02_mir/recover-20220922/UBNA_001/20220921_090000.WAV,Telephone Field,recover-20220922,001,1795
703.6935,703.7328,68437,82135,Rhinolophus ferrumequinum,0.022,0.022,-1,Echolocation,/mnt/ubna_data_02_mir/recover-20220922/UBNA_001/20220921_090000.WAV,Telephone Field,recover-20220922,001,1795
703.7205,703.7584,68437,81916,Rhinolophus ferrumequinum,0.021,0.021,-1,Echolocation,/mnt/ubna_data_02_mir/recover-20220922/UBNA_001/20220921_090000.WAV,Telephone Field,recover-20220922,001,1795
703.7385,703.7485,28046,37872,Eptesicus serotinus,0.011,0.024,-1,Echolocation,/mnt/ubna_data_02_mir/recover-20220922/UBNA_001/20220921_090000.WAV,Telephone Field,recover-20220922,001,1795
703.7665,703.8007,68437,81561,Rhinolophus ferrumequinum,0.025,0.025,-1,Echolocation,/mnt/ubna_data_02_mir/recover-20220922/UBNA_001/20220921_090000.WAV,Telephone Field,recover-20220922,001,1795
703.7875,703.8299,68437,83117,Rhinolophus ferrumequinum,0.022,0.022,-1,Echolocation,/mnt/ubna_data_02_mir/recover-20220922/UBNA_001/20220921_090000.WAV,Telephone Field,recover-20220922,001,1795
703.7955,703.8361,68437,82277,Rhinolophus ferrumequinum,0.022,0.022,-1,Echolocation,/mnt/ubna_data_02_mir/recover-20220922/UBNA_001/20220921_090000.WAV,Telephone Field,recover-20220922,001,1795
703.8025,703.8406,68437,82235,Rhinolophus ferrumequinum,0.021,0.021,-1,Echolocation,/mnt/ubna_data_02_mir/recover-20220922/UBNA_001/20220921_090000.WAV,Telephone Field,recover-20220922,001,1795
703.8265,703.8662,68437,82696,Rhinolophus ferrumequinum,0.023,0.023,-1,Echolocation,/mnt/ubna_data_02_mir/recover-20220922/UBNA_001/20220921_090000.WAV,Telephone Field,recover-20220922,001,1795
703.8345,703.8422,50390,55853,Pipistrellus pipistrellus,0.022,0.026,-1,Echolocation,/mnt/ubna_data_02_mir/recover-20220922/UBNA_001/20220921_090000.WAV,Telephone Field,recover-20220922,001,1795
703.8505,703.8913,68437,82585,Rhinolophus ferrumequinum,0.023,0.023,-1,Echolocation,/mnt/ubna_data_02_mir/recover-20220922/UBNA_001/20220921_090000.WAV,Telephone Field,recover-20220922,001,1795
703.8525,703.86,25468,37575,Eptesicus serotinus,0.005,0.021,-1,Echolocation,/mnt/ubna_data_02_mir/recover-20220922/UBNA_001/20220921_090000.WAV,Telephone Field,recover-20220922,001,1795
703.8685,703.9083,68437,82242,Rhinolophus ferrumequinum,0.022,0.022,-1,Echolocation,/mnt/ubna_data_02_mir/recover-20220922/UBNA_001/20220921_090000.WAV,Telephone Field,recover-20220922,001,1795
703.8775,703.9156,68437,82002,Rhinolophus ferrumequinum,0.021,0.021,-1,Echolocation,/mnt/ubna_data_02_mir/recover-20220922/UBNA_001/20220921_090000.WAV,Telephone Field,recover-20220922,001,1795
703.9015,703.9424,68437,82751,Rhinolophus ferrumequinum,0.025,0.025,-1,Echolocation,/mnt/ubna_data_02_mir/recover-20220922/UBNA_001/20220921_090000.WAV,Telephone Field,recover-20220922,001,1795
703.9095,703.9494,68437,82841,Rhinolophus ferrumequinum,0.026,0.026,-1,Echolocation,/mnt/ubna_data_02_mir/recover-20220922/UBNA_001/20220921_090000.WAV,Telephone Field,recover-20220922,001,1795
703.9545,703.9664,22890,28503,Nyctalus leisleri,0.01,0.022,-1,Echolocation,/mnt/ubna_data_02_mir/recover-20220922/UBNA_001/20220921_090000.WAV,Telephone Field,recover-20220922,001,1795
703.9555,703.9653,54687,59058,Pipistrellus pygmaeus,0.032,0.033,-1,Echolocation,/mnt/ubna_data_02_mir/recover-20220922/UBNA_001/20220921_090000.WAV,Telephone Field,recover-20220922,001,1795
703.9615,703.9752,22890,26971,Nyctalus leisleri,0.013,0.024,-1,Echolocation,/mnt/ubna_data_02_mir/recover-20220922/UBNA_001/20220921_090000.WAV,Telephone Field,recover-20220922,001,1795
704.0015,704.0105,26328,33347,Nyctalus leisleri,0.025,0.062,-1,Echolocation,/mnt/ubna_data_02_mir/recover-20220922/UBNA_001/20220921_090000.WAV,Telephone Field,recover-20220922,001,1795
704.0445,704.0518,26328,38482,Eptesicus serotinus,0.006,0.022,-1,Echolocation,/mnt/ubna_data_02_mir/recover-20220922/UBNA_001/20220921_090000.WAV,Telephone Field,recover-20220922,001,1795
704.0525,704.0918,68437,82455,Rhinolophus ferrumequinum,0.023,0.023,-1,Echolocation,/mnt/ubna_data_02_mir/recover-20220922/UBNA_001/20220921_090000.WAV,Telephone Field,recover-20220922,001,1795
704.0635,704.0738,24609,30989,Nyctalus leisleri,0.009,0.024,-1,Echolocation,/mnt/ubna_data_02_mir/recover-20220922/UBNA_001/20220921_090000.WAV,Telephone Field,recover-20220922,001,1795
704.0905,704.0998,28906,37010,Eptesicus serotinus,0.008,0.022,-1,Echolocation,/mnt/ubna_data_02_mir/recover-20220922/UBNA_001/20220921_090000.WAV,Telephone Field,recover-20220922,001,1795
704.1135,704.1201,23750,32799,Plecotus austriacus,0.011,0.025,-1,Echolocation,/mnt/ubna_data_02_mir/recover-20220922/UBNA_001/20220921_090000.WAV,Telephone Field,recover-20220922,001,1795
704.1145,704.1485,68437,80918,Rhinolophus ferrumequinum,0.022,0.022,-1,Echolocation,/mnt/ubna_data_02_mir/recover-20220922/UBNA_001/20220921_090000.WAV,Telephone Field,recover-20220922,001,1795
704.1205,704.1567,68437,81860,Rhinolophus ferrumequinum,0.022,0.022,-1,Echolocation,/mnt/ubna_data_02_mir/recover-20220922/UBNA_001/20220921_090000.WAV,Telephone Field,recover-20220922,001,1795
704.1465,704.1559,45234,48508,Pipistrellus pipistrellus,0.028,0.03,-1,Echolocation,/mnt/ubna_data_02_mir/recover-20220922/UBNA_001/20220921_090000.WAV,Telephone Field,recover-20220922,001,1795
704.1485,704.162,22890,26879,Nyctalus leisleri,0.016,0.027,-1,Echolocation,/mnt/ubna_data_02_mir/recover-20220922/UBNA_001/20220921_090000.WAV,Telephone Field,recover-20220922,001,1795
704.1575,704.1926,68437,81395,Rhinolophus ferrumequinum,0.027,0.027,-1,Echolocation,/mnt/ubna_data_02_mir/recover-20220922/UBNA_001/20220921_090000.WAV,Telephone Field,recover-20220922,001,1795
704.1665,704.176,28906,36805,Eptesicus serotinus,0.012,0.025,-1,Echolocation,/mnt/ubna_data_02_mir/recover-20220922/UBNA_001/20220921_090000.WAV,Telephone Field,recover-20220922,001,1795
704.2165,704.2522,68437,81108,Rhinolophus ferrumequinum,0.022,0.022,-1,Echolocation,/mnt/ubna_data_02_mir/recover-20220922/UBNA_001/20220921_090000.WAV,Telephone Field,recover-20220922,001,1795
704.2205,704.2292,27187,36158,Eptesicus serotinus,0.008,0.024,-1,Echolocation,/mnt/ubna_data_02_mir/recover-20220922/UBNA_001/20220921_090000.WAV,Telephone Field,recover-20220922,001,1795
704.2295,704.264,68437,81719,Rhinolophus ferrumequinum,0.024,0.024,-1,Echolocation,/mnt/ubna_data_02_mir/recover-20220922/UBNA_001/20220921_090000.WAV,Telephone Field,recover-20220922,001,1795
704.2655,704.2762,22890,29204,Nyctalus leisleri,0.012,0.029,-1,Echolocation,/mnt/ubna_data_02_mir/recover-20220922/UBNA_001/20220921_090000.WAV,Telephone Field,recover-20220922,001,1795
704.2785,704.3157,68437,82125,Rhinolophus ferrumequinum,0.023,0.023,-1,Echolocation,/mnt/ubna_data_02_mir/recover-20220922/UBNA_001/20220921_090000.WAV,Telephone Field,recover-20220922,001,1795
704.2845,704.2959,24609,30151,Nyctalus leisleri,0.01,0.026,-1,Echolocation,/mnt/ubna_data_02_mir/recover-20220922/UBNA_001/20220921_090000.WAV,Telephone Field,recover-20220922,001,1795
704.3125,704.3533,68437,82944,Rhinolophus ferrumequinum,0.025,0.025,-1,Echolocation,/mnt/ubna_data_02_mir/recover-20220922/UBNA_001/20220921_090000.WAV,Telephone Field,recover-20220922,001,1795
704.3275,704.3358,25468,36101,Eptesicus serotinus,0.008,0.022,-1,Echolocation,/mnt/ubna_data_02_mir/recover-20220922/UBNA_001/20220921_090000.WAV,Telephone Field,recover-20220922,001,1795
704.3645,704.3772,22031,26015,Nyctalus leisleri,0.014,0.023,-1,Echolocation,/mnt/ubna_data_02_mir/recover-20220922/UBNA_001/20220921_090000.WAV,Telephone Field,recover-20220922,001,1795
704.3845,704.4261,68437,82910,Rhinolophus ferrumequinum,0.027,0.027,-1,Echolocation,/mnt/ubna_data_02_mir/recover-20220922/UBNA_001/20220921_090000.WAV,Telephone Field,recover-20220922,001,1795
704.3865,704.3947000000001,49531,55866,Pipistrellus pipistrellus,0.022,0.025,-1,Echolocation,/mnt/ubna_data_02_mir/recover-20220922/UBNA_001/20220921_090000.WAV,Telephone Field,recover-20220922,001,1795
704.4035,704.4426,68437,81974,Rhinolophus ferrumequinum,0.022,0.022,-1,Echolocation,/mnt/ubna_data_02_mir/recover-20220922/UBNA_001/20220921_090000.WAV,Telephone Field,recover-20220922,001,1795
704.4385,704.4578,17734,21741,Nyctalus noctula,0.05,0.068,-1,Echolocation,/mnt/ubna_data_02_mir/recover-20220922/UBNA_001/20220921_090000.WAV,Telephone Field,recover-20220922,001,1795
704.4535,704.494,68437,82576,Rhinolophus ferrumequinum,0.022,0.022,-1,Echolocation,/mnt/ubna_data_02_mir/recover-20220922/UBNA_001/20220921_090000.WAV,Telephone Field,recover-20220922,001,1795
704.4755,704.4831,23750,31826,Plecotus austriacus,0.008,0.023,-1,Echolocation,/mnt/ubna_data_02_mir/recover-20220922/UBNA_001/20220921_090000.WAV,Telephone Field,recover-20220922,001,1795
704.4795,704.5187,68437,82327,Rhinolophus ferrumequinum,0.021,0.021,-1,Echolocation,/mnt/ubna_data_02_mir/recover-20220922/UBNA_001/20220921_090000.WAV,Telephone Field,recover-20220922,001,1795
704.4815,704.4886,50390,56033,Pipistrellus pipistrellus,0.03,0.033,-1,Echolocation,/mnt/ubna_data_02_mir/recover-20220922/UBNA_001/20220921_090000.WAV,Telephone Field,recover-20220922,001,1795
704.4965,704.5387,68437,82425,Rhinolophus ferrumequinum,0.021,0.021,-1,Echolocation,/mnt/ubna_data_02_mir/recover-20220922/UBNA_001/20220921_090000.WAV,Telephone Field,recover-20220922,001,1795
704.5145,704.5505,68437,81305,Rhinolophus ferrumequinum,0.023,0.023,-1,Echolocation,/mnt/ubna_data_02_mir/recover-20220922/UBNA_001/20220921_090000.WAV,Telephone Field,recover-20220922,001,1795
704.5355,704.5437,27187,36629,Eptesicus serotinus,0.007,0.021,-1,Echolocation,/mnt/ubna_data_02_mir/recover-20220922/UBNA_001/20220921_090000.WAV,Telephone Field,recover-20220922,001,1795
704.5555,704.5953,68437,82279,Rhinolophus ferrumequinum,0.049,0.049,-1,Echolocation,/mnt/ubna_data_02_mir/recover-20220922/UBNA_001/20220921_090000.WAV,Telephone Field,recover-20220922,001,1795
704.5955,704.6322,68437,82407,Rhinolophus ferrumequinum,0.024,0.024,-1,Echolocation,/mnt/ubna_data_02_mir/recover-20220922/UBNA_001/20220921_090000.WAV,Telephone Field,recover-20220922,001,1795
704.6015,704.6086,28046,40577,Eptesicus serotinus,0.007,0.023,-1,Echolocation,/mnt/ubna_data_02_mir/recover-20220922/UBNA_001/20220921_090000.WAV,Telephone Field,recover-20220922,001,1795
704.6335,704.6406,27187,39524,Eptesicus serotinus,0.006,0.022,-1,Echolocation,/mnt/ubna_data_02_mir/recover-20220922/UBNA_001/20220921_090000.WAV,Telephone Field,recover-20220922,001,1795
704.6365,704.6742,68437,81626,Rhinolophus ferrumequinum,0.037,0.037,-1,Echolocation,/mnt/ubna_data_02_mir/recover-20220922/UBNA_001/20220921_090000.WAV,Telephone Field,recover-20220922,001,1795
704.7005,704.7428,68437,82943,Rhinolophus ferrumequinum,0.032,0.032,-1,Echolocation,/mnt/ubna_data_02_mir/recover-20220922/UBNA_001/20220921_090000.WAV,Telephone Field,recover-20220922,001,1795
704.7035,704.7106,28046,41222,Eptesicus serotinus,0.007,0.022,-1,Echolocation,/mnt/ubna_data_02_mir/recover-20220922/UBNA_001/20220921_090000.WAV,Telephone Field,recover-20220922,001,1795
704.7185,704.76,68437,82545,Rhinolophus ferrumequinum,0.029,0.029,-1,Echolocation,/mnt/ubna_data_02_mir/recover-20220922/UBNA_001/20220921_090000.WAV,Telephone Field,recover-20220922,001,1795
704.7255,704.7618,68437,81677,Rhinolophus ferrumequinum,0.023,0.024,-1,Echolocation,/mnt/ubna_data_02_mir/recover-20220922/UBNA_001/20220921_090000.WAV,Telephone Field,recover-20220922,001,1795
704.7515,704.7947,68437,83230,Rhinolophus ferrumequinum,0.041,0.041,-1,Echolocation,/mnt/ubna_data_02_mir/recover-20220922/UBNA_001/20220921_090000.WAV,Telephone Field,recover-20220922,001,1795
704.7835,704.8236,68437,82122,Rhinolophus ferrumequinum,0.026,0.026,-1,Echolocation,/mnt/ubna_data_02_mir/recover-20220922/UBNA_001/20220921_090000.WAV,Telephone Field,recover-20220922,001,1795
704.8095,704.8492,68437,82324,Rhinolophus ferrumequinum,0.029,0.029,-1,Echolocation,/mnt/ubna_data_02_mir/recover-20220922/UBNA_001/20220921_090000.WAV,Telephone Field,recover-20220922,001,1795
704.9055,704.9169,22031,26381,Nyctalus leisleri,0.012,0.024,-1,Echolocation,/mnt/ubna_data_02_mir/recover-20220922/UBNA_001/20220921_090000.WAV,Telephone Field,recover-20220922,001,1795
704.9125,704.954,68437,82779,Rhinolophus ferrumequinum,0.031,0.031,-1,Echolocation,/mnt/ubna_data_02_mir/recover-20220922/UBNA_001/20220921_090000.WAV,Telephone Field,recover-20220922,001,1795
704.9945,705.0309,68437,81642,Rhinolophus ferrumequinum,0.027,0.027,-1,Echolocation,/mnt/ubna_data_02_mir/recover-20220922/UBNA_001/20220921_090000.WAV,Telephone Field,recover-20220922,001,1795
704.9985,705.0043000000001,30625,42838,Barbastellus barbastellus,0.009,0.032,-1,Echolocation,/mnt/ubna_data_02_mir/recover-20220922/UBNA_001/20220921_090000.WAV,Telephone Field,recover-20220922,001,1795
705.0505,705.089,68437,81903,Rhinolophus ferrumequinum,0.024,0.024,-1,Echolocation,/mnt/ubna_data_02_mir/recover-20220922/UBNA_001/20220921_090000.WAV,Telephone Field,recover-20220922,001,1795
705.0605,705.0999,68437,82387,Rhinolophus ferrumequinum,0.023,0.024,-1,Echolocation,/mnt/ubna_data_02_mir/recover-20220922/UBNA_001/20220921_090000.WAV,Telephone Field,recover-20220922,001,1795
705.0775,705.114,68437,82085,Rhinolophus ferrumequinum,0.023,0.023,-1,Echolocation,/mnt/ubna_data_02_mir/recover-20220922/UBNA_001/20220921_090000.WAV,Telephone Field,recover-20220922,001,1795
705.0875,705.0934,49531,55794,Pipistrellus pipistrellus,0.03,0.032,-1,Echolocation,/mnt/ubna_data_02_mir/recover-20220922/UBNA_001/20220921_090000.WAV,Telephone Field,recover-20220922,001,1795
705.0885,705.1275,68437,82563,Rhinolophus ferrumequinum,0.023,0.023,-1,Echolocation,/mnt/ubna_data_02_mir/recover-20220922/UBNA_001/20220921_090000.WAV,Telephone Field,recover-20220922,001,1795
705.1285,705.1452,16015,19915,Nyctalus noctula,0.033,0.046,-1,Echolocation,/mnt/ubna_data_02_mir/recover-20220922/UBNA_001/20220921_090000.WAV,Telephone Field,recover-20220922,001,1795
705.1305,705.1682,68437,81886,Rhinolophus ferrumequinum,0.023,0.023,-1,Echolocation,/mnt/ubna_data_02_mir/recover-20220922/UBNA_001/20220921_090000.WAV,Telephone Field,recover-20220922,001,1795
705.1455,705.1851,68437,82227,Rhinolophus ferrumequinum,0.028,0.028,-1,Echolocation,/mnt/ubna_data_02_mir/recover-20220922/UBNA_001/20220921_090000.WAV,Telephone Field,recover-20220922,001,1795
705.1515,705.1612,43515,55147,Pipistrellus pipistrellus,0.012,0.022,-1,Echolocation,/mnt/ubna_data_02_mir/recover-20220922/UBNA_001/20220921_090000.WAV,Telephone Field,recover-20220922,001,1795
705.1545,705.1636,22890,30928,Plecotus austriacus,0.01,0.028,-1,Echolocation,/mnt/ubna_data_02_mir/recover-20220922/UBNA_001/20220921_090000.WAV,Telephone Field,recover-20220922,001,1795
705.1685,705.2038,68437,81281,Rhinolophus ferrumequinum,0.023,0.023,-1,Echolocation,/mnt/ubna_data_02_mir/recover-20220922/UBNA_001/20220921_090000.WAV,Telephone Field,recover-20220922,001,1795
705.1805,705.2188,68437,81330,Rhinolophus ferrumequinum,0.026,0.026,-1,Echolocation,/mnt/ubna_data_02_mir/recover-20220922/UBNA_001/20220921_090000.WAV,Telephone Field,recover-20220922,001,1795
705.1935,705.2043,24609,30710,Nyctalus leisleri,0.011,0.028,-1,Echolocation,/mnt/ubna_data_02_mir/recover-20220922/UBNA_001/20220921_090000.WAV,Telephone Field,recover-20220922,001,1795
705.2155,705.2566,68437,82714,Rhinolophus ferrumequinum,0.026,0.026,-1,Echolocation,/mnt/ubna_data_02_mir/recover-20220922/UBNA_001/20220921_090000.WAV,Telephone Field,recover-20220922,001,1795
705.2485,705.2579,27187,35139,Eptesicus serotinus,0.009,0.022,-1,Echolocation,/mnt/ubna_data_02_mir/recover-20220922/UBNA_001/20220921_090000.WAV,Telephone Field,recover-20220922,001,1795
705.2525,705.2924,68437,82130,Rhinolophus ferrumequinum,0.023,0.023,-1,Echolocation,/mnt/ubna_data_02_mir/recover-20220922/UBNA_001/20220921_090000.WAV,Telephone Field,recover-20220922,001,1795
705.2745,705.2813,50390,55063,Pipistrellus pipistrellus,0.022,0.025,-1,Echolocation,/mnt/ubna_data_02_mir/recover-20220922/UBNA_001/20220921_090000.WAV,Telephone Field,recover-20220922,001,1795
705.2935,705.3346,68437,82479,Rhinolophus ferrumequinum,0.038,0.038,-1,Echolocation,/mnt/ubna_data_02_mir/recover-20220922/UBNA_001/20220921_090000.WAV,Telephone Field,recover-20220922,001,1795
705.3265,705.3667,68437,82331,Rhinolophus ferrumequinum,0.024,0.024,-1,Echolocation,/mnt/ubna_data_02_mir/recover-20220922/UBNA_001/20220921_090000.WAV,Telephone Field,recover-20220922,001,1795
705.3645,705.3741,24609,32554,Eptesicus serotinus,0.008,0.024,-1,Echolocation,/mnt/ubna_data_02_mir/recover-20220922/UBNA_001/20220921_090000.WAV,Telephone Field,recover-20220922,001,1795
705.3665,705.4043,68437,81761,Rhinolophus ferrumequinum,0.023,0.023,-1,Echolocation,/mnt/ubna_data_02_mir/recover-20220922/UBNA_001/20220921_090000.WAV,Telephone Field,recover-20220922,001,1795
705.3715,705.3807,28046,38421,Eptesicus serotinus,0.01,0.024,-1,Echolocation,/mnt/ubna_data_02_mir/recover-20220922/UBNA_001/20220921_090000.WAV,Telephone Field,recover-20220922,001,1795
705.3915,705.4325,68437,83002,Rhinolophus ferrumequinum,0.028,0.028,-1,Echolocation,/mnt/ubna_data_02_mir/recover-20220922/UBNA_001/20220921_090000.WAV,Telephone Field,recover-20220922,001,1795
705.3985,705.4077,25468,32374,Eptesicus serotinus,0.008,0.022,-1,Echolocation,/mnt/ubna_data_02_mir/recover-20220922/UBNA_001/20220921_090000.WAV,Telephone Field,recover-20220922,001,1795
705.4275,705.4428,51250,54660,Pipistrellus pygmaeus,0.019,0.026,-1,Echolocation,/mnt/ubna_data_02_mir/recover-20220922/UBNA_001/20220921_090000.WAV,Telephone Field,recover-20220922,001,1795
705.4315,705.4703,68437,82489,Rhinolophus ferrumequinum,0.022,0.022,-1,Echolocation,/mnt/ubna_data_02_mir/recover-20220922/UBNA_001/20220921_090000.WAV,Telephone Field,recover-20220922,001,1795
705.4455,705.4538,28046,38097,Eptesicus serotinus,0.009,0.025,-1,Echolocation,/mnt/ubna_data_02_mir/recover-20220922/UBNA_001/20220921_090000.WAV,Telephone Field,recover-20220922,001,1795
705.4505,705.4589,23750,31503,Plecotus austriacus,0.008,0.024,-1,Echolocation,/mnt/ubna_data_02_mir/recover-20220922/UBNA_001/20220921_090000.WAV,Telephone Field,recover-20220922,001,1795
705.4555,705.4956999999999,68437,82484,Rhinolophus ferrumequinum,0.026,0.026,-1,Echolocation,/mnt/ubna_data_02_mir/recover-20220922/UBNA_001/20220921_090000.WAV,Telephone Field,recover-20220922,001,1795
705.5085,705.5476,68437,82147,Rhinolophus ferrumequinum,0.022,0.022,-1,Echolocation,/mnt/ubna_data_02_mir/recover-20220922/UBNA_001/20220921_090000.WAV,Telephone Field,recover-20220922,001,1795
705.5295,705.5684,68437,81866,Rhinolophus ferrumequinum,0.022,0.022,-1,Echolocation,/mnt/ubna_data_02_mir/recover-20220922/UBNA_001/20220921_090000.WAV,Telephone Field,recover-20220922,001,1795
705.5395,705.5498,56406,61449,Pipistrellus pygmaeus,0.022,0.022,-1,Echolocation,/mnt/ubna_data_02_mir/recover-20220922/UBNA_001/20220921_090000.WAV,Telephone Field,recover-20220922,001,1795
705.5515,705.5592,26328,35176,Eptesicus serotinus,0.008,0.024,-1,Echolocation,/mnt/ubna_data_02_mir/recover-20220922/UBNA_001/20220921_090000.WAV,Telephone Field,recover-20220922,001,1795
705.5775,705.6102,68437,80619,Rhinolophus ferrumequinum,0.022,0.022,-1,Echolocation,/mnt/ubna_data_02_mir/recover-20220922/UBNA_001/20220921_090000.WAV,Telephone Field,recover-20220922,001,1795
705.5855,705.5923,28046,39688,Eptesicus serotinus,0.008,0.025,-1,Echolocation,/mnt/ubna_data_02_mir/recover-20220922/UBNA_001/20220921_090000.WAV,Telephone Field,recover-20220922,001,1795
705.6095,705.6466,68437,81864,Rhinolophus ferrumequinum,0.025,0.025,-1,Echolocation,/mnt/ubna_data_02_mir/recover-20220922/UBNA_001/20220921_090000.WAV,Telephone Field,recover-20220922,001,1795
705.6335,705.6715,68437,81919,Rhinolophus ferrumequinum,0.022,0.022,-1,Echolocation,/mnt/ubna_data_02_mir/recover-20220922/UBNA_001/20220921_090000.WAV,Telephone Field,recover-20220922,001,1795
705.6575,705.6962,68437,82084,Rhinolophus ferrumequinum,0.022,0.022,-1,Echolocation,/mnt/ubna_data_02_mir/recover-20220922/UBNA_001/20220921_090000.WAV,Telephone Field,recover-20220922,001,1795
705.6665,705.7063,68437,82526,Rhinolophus ferrumequinum,0.022,0.022,-1,Echolocation,/mnt/ubna_data_02_mir/recover-20220922/UBNA_001/20220921_090000.WAV,Telephone Field,recover-20220922,001,1795
705.6865,705.7282,68437,83080,Rhinolophus ferrumequinum,0.032,0.032,-1,Echolocation,/mnt/ubna_data_02_mir/recover-20220922/UBNA_001/20220921_090000.WAV,Telephone Field,recover-20220922,001,1795
705.6995,705.7436,68437,83117,Rhinolophus ferrumequinum,0.025,0.025,-1,Echolocation,/mnt/ubna_data_02_mir/recover-20220922/UBNA_001/20220921_090000.WAV,Telephone Field,recover-20220922,001,1795
705.7165,705.757,68437,82911,Rhinolophus ferrumequinum,0.025,0.026,-1,Echolocation,/mnt/ubna_data_02_mir/recover-20220922/UBNA_001/20220921_090000.WAV,Telephone Field,recover-20220922,001,1795
705.7235,705.7337,23750,29762,Nyctalus leisleri,0.008,0.023,-1,Echolocation,/mnt/ubna_data_02_mir/recover-20220922/UBNA_001/20220921_090000.WAV,Telephone Field,recover-20220922,001,1795
705.7335,705.7411,48671,52807,Pipistrellus pipistrellus,0.035,0.038,-1,Echolocation,/mnt/ubna_data_02_mir/recover-20220922/UBNA_001/20220921_090000.WAV,Telephone Field,recover-20220922,001,1795
705.7595,705.8016,68437,82698,Rhinolophus ferrumequinum,0.033,0.033,-1,Echolocation,/mnt/ubna_data_02_mir/recover-20220922/UBNA_001/20220921_090000.WAV,Telephone Field,recover-20220922,001,1795
705.7835,705.8187,68437,81544,Rhinolophus ferrumequinum,0.023,0.023,-1,Echolocation,/mnt/ubna_data_02_mir/recover-20220922/UBNA_001/20220921_090000.WAV,Telephone Field,recover-20220922,001,1795
705.7845,705.7916,28906,38449,Eptesicus serotinus,0.009,0.029,-1,Echolocation,/mnt/ubna_data_02_mir/recover-20220922/UBNA_001/20220921_090000.WAV,Telephone Field,recover-20220922,001,1795
705.8315,705.8686,68437,81994,Rhinolophus ferrumequinum,0.025,0.025,-1,Echolocation,/mnt/ubna_data_02_mir/recover-20220922/UBNA_001/20220921_090000.WAV,Telephone Field,recover-20220922,001,1795
705.8605,705.8955,68437,81877,Rhinolophus ferrumequinum,0.022,0.022,-1,Echolocation,/mnt/ubna_data_02_mir/recover-20220922/UBNA_001/20220921_090000.WAV,Telephone Field,recover-20220922,001,1795
705.9395,705.9773,68437,81855,Rhinolophus ferrumequinum,0.022,0.022,-1,Echolocation,/mnt/ubna_data_02_mir/recover-20220922/UBNA_001/20220921_090000.WAV,Telephone Field,recover-20220922,001,1795
705.9545,705.9928,68437,82160,Rhinolophus ferrumequinum,0.022,0.022,-1,Echolocation,/mnt/ubna_data_02_mir/recover-20220922/UBNA_001/20220921_090000.WAV,Telephone Field,recover-20220922,001,1795
705.9645,705.9974,68437,81698,Rhinolophus ferrumequinum,0.021,0.022,-1,Echolocation,/mnt/ubna_data_02_mir/recover-20220922/UBNA_001/20220921_090000.WAV,Telephone Field,recover-20220922,001,1795
705.9825,705.992,28046,37063,Eptesicus serotinus,0.01,0.022,-1,Echolocation,/mnt/ubna_data_02_mir/recover-20220922/UBNA_001/20220921_090000.WAV,Telephone Field,recover-20220922,001,1795
706.0015,706.0328,68437,80402,Rhinolophus ferrumequinum,0.037,0.037,-1,Echolocation,/mnt/ubna_data_02_mir/recover-20220922/UBNA_001/20220921_090000.WAV,Telephone Field,recover-20220922,001,1795
706.0015,706.0102,27187,37932,Eptesicus serotinus,0.008,0.027,-1,Echolocation,/mnt/ubna_data_02_mir/recover-20220922/UBNA_001/20220921_090000.WAV,Telephone Field,recover-20220922,001,1795
706.0105,706.0548,68437,83208,Rhinolophus ferrumequinum,0.024,0.024,-1,Echolocation,/mnt/ubna_data_02_mir/recover-20220922/UBNA_001/20220921_090000.WAV,Telephone Field,recover-20220922,001,1795
706.0425,706.081,68437,82264,Rhinolophus ferrumequinum,0.025,0.025,-1,Echolocation,/mnt/ubna_data_02_mir/recover-20220922/UBNA_001/20220921_090000.WAV,Telephone Field,recover-20220922,001,1795
706.0765,706.0875,22890,29239,Nyctalus leisleri,0.009,0.023,-1,Echolocation,/mnt/ubna_data_02_mir/recover-20220922/UBNA_001/20220921_090000.WAV,Telephone Field,recover-20220922,001,1795
706.1015,706.1408,68437,80917,Rhinolophus ferrumequinum,0.026,0.026,-1,Echolocation,/mnt/ubna_data_02_mir/recover-20220922/UBNA_001/20220921_090000.WAV,Telephone Field,recover-20220922,001,1795
706.1025,706.1117,45234,52739,Pipistrellus pipistrellus,0.016,0.025,-1,Echolocation,/mnt/ubna_data_02_mir/recover-20220922/UBNA_001/20220921_090000.WAV,Telephone Field,recover-20220922,001,1795
706.1075,706.1173,30625,39579,Eptesicus serotinus,0.009,0.029,-1,Echolocation,/mnt/ubna_data_02_mir/recover-20220922/UBNA_001/20220921_090000.WAV,Telephone Field,recover-20220922,001,1795
706.1355,706.1723,68437,81956,Rhinolophus ferrumequinum,0.026,0.026,-1,Echolocation,/mnt/ubna_data_02_mir/recover-20220922/UBNA_001/20220921_090000.WAV,Telephone Field,recover-20220922,001,1795
706.1505,706.1598,24609,32145,Eptesicus serotinus,0.007,0.023,-1,Echolocation,/mnt/ubna_data_02_mir/recover-20220922/UBNA_001/20220921_090000.WAV,Telephone Field,recover-20220922,001,1795
706.1955,706.2352,68437,82403,Rhinolophus ferrumequinum,0.039,0.039,-1,Echolocation,/mnt/ubna_data_02_mir/recover-20220922/UBNA_001/20220921_090000.WAV,Telephone Field,recover-20220922,001,1795
706.2055,706.2417,68437,81477,Rhinolophus ferrumequinum,0.023,0.023,-1,Echolocation,/mnt/ubna_data_02_mir/recover-20220922/UBNA_001/20220921_090000.WAV,Telephone Field,recover-20220922,001,1795
706.2145,706.2282,28906,35735,Eptesicus serotinus,0.019,0.032,-1,Echolocation,/mnt/ubna_data_02_mir/recover-20220922/UBNA_001/20220921_090000.WAV,Telephone Field,recover-20220922,001,1795
706.2255,706.2648,68437,82616,Rhinolophus ferrumequinum,0.028,0.028,-1,Echolocation,/mnt/ubna_data_02_mir/recover-20220922/UBNA_001/20220921_090000.WAV,Telephone Field,recover-20220922,001,1795
706.2555,706.2934,68437,82118,Rhinolophus ferrumequinum,0.026,0.026,-1,Echolocation,/mnt/ubna_data_02_mir/recover-20220922/UBNA_001/20220921_090000.WAV,Telephone Field,recover-20220922,001,1795
706.2705,706.2802,27187,35737,Eptesicus serotinus,0.01,0.025,-1,Echolocation,/mnt/ubna_data_02_mir/recover-20220922/UBNA_001/20220921_090000.WAV,Telephone Field,recover-20220922,001,1795
706.2865,706.297,28906,36066,Eptesicus serotinus,0.012,0.026,-1,Echolocation,/mnt/ubna_data_02_mir/recover-20220922/UBNA_001/20220921_090000.WAV,Telephone Field,recover-20220922,001,1795
706.3035,706.3402,68437,81280,Rhinolophus ferrumequinum,0.023,0.023,-1,Echolocation,/mnt/ubna_data_02_mir/recover-20220922/UBNA_001/20220921_090000.WAV,Telephone Field,recover-20220922,001,1795
706.3395,706.3762,68437,82118,Rhinolophus ferrumequinum,0.026,0.026,-1,Echolocation,/mnt/ubna_data_02_mir/recover-20220922/UBNA_001/20220921_090000.WAV,Telephone Field,recover-20220922,001,1795
706.3435,706.3528,27187,35983,Eptesicus serotinus,0.009,0.023,-1,Echolocation,/mnt/ubna_data_02_mir/recover-20220922/UBNA_001/20220921_090000.WAV,Telephone Field,recover-20220922,001,1795
706.3765,706.4161,68437,82467,Rhinolophus ferrumequinum,0.025,0.025,-1,Echolocation,/mnt/ubna_data_02_mir/recover-20220922/UBNA_001/20220921_090000.WAV,Telephone Field,recover-20220922,001,1795
706.4195,706.4611,68437,83155,Rhinolophus ferrumequinum,0.033,0.033,-1,Echolocation,/mnt/ubna_data_02_mir/recover-20220922/UBNA_001/20220921_090000.WAV,Telephone Field,recover-20220922,001,1795
706.4495,706.4904,68437,82773,Rhinolophus ferrumequinum,0.028,0.028,-1,Echolocation,/mnt/ubna_data_02_mir/recover-20220922/UBNA_001/20220921_090000.WAV,Telephone Field,recover-20220922,001,1795
706.4575,706.4959,68437,82774,Rhinolophus ferrumequinum,0.036,0.036,-1,Echolocation,/mnt/ubna_data_02_mir/recover-20220922/UBNA_001/20220921_090000.WAV,Telephone Field,recover-20220922,001,1795
706.4715,706.5126,68437,82490,Rhinolophus ferrumequinum,0.023,0.023,-1,Echolocation,/mnt/ubna_data_02_mir/recover-20220922/UBNA_001/20220921_090000.WAV,Telephone Field,recover-20220922,001,1795
706.4875,706.5027,33203,36836,Pipistrellus nathusii,0.012,0.038,-1,Echolocation,/mnt/ubna_data_02_mir/recover-20220922/UBNA_001/20220921_090000.WAV,Telephone Field,recover-20220922,001,1795
706.5525,706.5935,68437,82582,Rhinolophus ferrumequinum,0.031,0.031,-1,Echolocation,/mnt/ubna_data_02_mir/recover-20220922/UBNA_001/20220921_090000.WAV,Telephone Field,recover-20220922,001,1795
706.5795,706.6197,68437,82437,Rhinolophus ferrumequinum,0.023,0.023,-1,Echolocation,/mnt/ubna_data_02_mir/recover-20220922/UBNA_001/20220921_090000.WAV,Telephone Field,recover-20220922,001,1795
706.6365,706.6473,28046,36160,Eptesicus serotinus,0.014,0.028,-1,Echolocation,/mnt/ubna_data_02_mir/recover-20220922/UBNA_001/20220921_090000.WAV,Telephone Field,recover-20220922,001,1795
706.6375,706.6465,40937,50818,Pipistrellus nathusii,0.009,0.028,-1,Echolocation,/mnt/ubna_data_02_mir/recover-20220922/UBNA_001/20220921_090000.WAV,Telephone Field,recover-20220922,001,1795
706.6375,706.6817,68437,83099,Rhinolophus ferrumequinum,0.03,0.03,-1,Echolocation,/mnt/ubna_data_02_mir/recover-20220922/UBNA_001/20220921_090000.WAV,Telephone Field,recover-20220922,001,1795
706.6775,706.6897,22890,26685,Nyctalus leisleri,0.014,0.024,-1,Echolocation,/mnt/ubna_data_02_mir/recover-20220922/UBNA_001/20220921_090000.WAV,Telephone Field,recover-20220922,001,1795
706.6885,706.7266,68437,82635,Rhinolophus ferrumequinum,0.029,0.029,-1,Echolocation,/mnt/ubna_data_02_mir/recover-20220922/UBNA_001/20220921_090000.WAV,Telephone Field,recover-20220922,001,1795
706.7165,706.7571,68437,82283,Rhinolophus ferrumequinum,0.025,0.026,-1,Echolocation,/mnt/ubna_data_02_mir/recover-20220922/UBNA_001/20220921_090000.WAV,Telephone Field,recover-20220922,001,1795
706.7225,706.7336,47812,51871,Pipistrellus pipistrellus,0.036,0.039,-1,Echolocation,/mnt/ubna_data_02_mir/recover-20220922/UBNA_001/20220921_090000.WAV,Telephone Field,recover-20220922,001,1795
706.7245,706.765,68437,82233,Rhinolophus ferrumequinum,0.024,0.024,-1,Echolocation,/mnt/ubna_data_02_mir/recover-20220922/UBNA_001/20220921_090000.WAV,Telephone Field,recover-20220922,001,1795
706.7425,706.7511,26328,35165,Eptesicus serotinus,0.009,0.023,-1,Echolocation,/mnt/ubna_data_02_mir/recover-20220922/UBNA_001/20220921_090000.WAV,Telephone Field,recover-20220922,001,1795
706.7675,706.776,46093,50222,Pipistrellus pipistrellus,0.023,0.024,-1,Echolocation,/mnt/ubna_data_02_mir/recover-20220922/UBNA_001/20220921_090000.WAV,Telephone Field,recover-20220922,001,1795
706.7764999999999,706.8154,68437,82083,Rhinolophus ferrumequinum,0.045,0.045,-1,Echolocation,/mnt/ubna_data_02_mir/recover-20220922/UBNA_001/20220921_090000.WAV,Telephone Field,recover-20220922,001,1795
706.8195,706.8269,28046,39778,Eptesicus serotinus,0.007,0.023,-1,Echolocation,/mnt/ubna_data_02_mir/recover-20220922/UBNA_001/20220921_090000.WAV,Telephone Field,recover-20220922,001,1795
706.8225,706.8581,68437,80991,Rhinolophus ferrumequinum,0.022,0.022,-1,Echolocation,/mnt/ubna_data_02_mir/recover-20220922/UBNA_001/20220921_090000.WAV,Telephone Field,recover-20220922,001,1795
706.8255,706.834,28046,37879,Eptesicus serotinus,0.008,0.022,-1,Echolocation,/mnt/ubna_data_02_mir/recover-20220922/UBNA_001/20220921_090000.WAV,Telephone Field,recover-20220922,001,1795
706.8275,706.8603,68437,80949,Rhinolophus ferrumequinum,0.023,0.023,-1,Echolocation,/mnt/ubna_data_02_mir/recover-20220922/UBNA_001/20220921_090000.WAV,Telephone Field,recover-20220922,001,1795
706.8425,706.8753,68437,80671,Rhinolophus ferrumequinum,0.022,0.022,-1,Echolocation,/mnt/ubna_data_02_mir/recover-20220922/UBNA_001/20220921_090000.WAV,Telephone Field,recover-20220922,001,1795
706.8955,706.9364,68437,82841,Rhinolophus ferrumequinum,0.022,0.023,-1,Echolocation,/mnt/ubna_data_02_mir/recover-20220922/UBNA_001/20220921_090000.WAV,Telephone Field,recover-20220922,001,1795
706.8995,706.9081,23750,31187,Plecotus austriacus,0.008,0.023,-1,Echolocation,/mnt/ubna_data_02_mir/recover-20220922/UBNA_001/20220921_090000.WAV,Telephone Field,recover-20220922,001,1795
706.9265,706.9643,68437,81468,Rhinolophus ferrumequinum,0.03,0.03,-1,Echolocation,/mnt/ubna_data_02_mir/recover-20220922/UBNA_001/20220921_090000.WAV,Telephone Field,recover-20220922,001,1795
706.9595,706.97,28046,35579,Eptesicus serotinus,0.012,0.024,-1,Echolocation,/mnt/ubna_data_02_mir/recover-20220922/UBNA_001/20220921_090000.WAV,Telephone Field,recover-20220922,001,1795
706.9835,706.991,28906,40919,Eptesicus serotinus,0.008,0.025,-1,Echolocation,/mnt/ubna_data_02_mir/recover-20220922/UBNA_001/20220921_090000.WAV,Telephone Field,recover-20220922,001,1795
707.0325,707.0705,68437,81202,Rhinolophus ferrumequinum,0.023,0.023,-1,Echolocation,/mnt/ubna_data_02_mir/recover-20220922/UBNA_001/20220921_090000.WAV,Telephone Field,recover-20220922,001,1795
707.0815,707.1192,68437,81816,Rhinolophus ferrumequinum,0.023,0.023,-1,Echolocation,/mnt/ubna_data_02_mir/recover-20220922/UBNA_001/20220921_090000.WAV,Telephone Field,recover-20220922,001,1795
707.0855,707.1005,27187,31354,Nyctalus leisleri,0.037,0.075,-1,Echolocation,/mnt/ubna_data_02_mir/recover-20220922/UBNA_001/20220921_090000.WAV,Telephone Field,recover-20220922,001,1795
707.0995,707.1348,68437,81013,Rhinolophus ferrumequinum,0.024,0.024,-1,Echolocation,/mnt/ubna_data_02_mir/recover-20220922/UBNA_001/20220921_090000.WAV,Telephone Field,recover-20220922,001,1795
707.1115,707.1542,68437,82542,Rhinolophus ferrumequinum,0.034,0.034,-1,Echolocation,/mnt/ubna_data_02_mir/recover-20220922/UBNA_001/20220921_090000.WAV,Telephone Field,recover-20220922,001,1795
707.1275,707.1378,46093,52153,Pipistrellus pipistrellus,0.024,0.028,-1,Echolocation,/mnt/ubna_data_02_mir/recover-20220922/UBNA_001/20220921_090000.WAV,Telephone Field,recover-20220922,001,1795
707.1615,707.1996,68437,82051,Rhinolophus ferrumequinum,0.023,0.023,-1,Echolocation,/mnt/ubna_data_02_mir/recover-20220922/UBNA_001/20220921_090000.WAV,Telephone Field,recover-20220922,001,1795
707.1745,707.2148,68437,82299,Rhinolophus ferrumequinum,0.03,0.03,-1,Echolocation,/mnt/ubna_data_02_mir/recover-20220922/UBNA_001/20220921_090000.WAV,Telephone Field,recover-20220922,001,1795
707.2025,707.2148,23750,28400,Nyctalus leisleri,0.019,0.035,-1,Echolocation,/mnt/ubna_data_02_mir/recover-20220922/UBNA_001/20220921_090000.WAV,Telephone Field,recover-20220922,001,1795
707.2035,707.2467,68437,82788,Rhinolophus ferrumequinum,0.029,0.029,-1,Echolocation,/mnt/ubna_data_02_mir/recover-20220922/UBNA_001/20220921_090000.WAV,Telephone Field,recover-20220922,001,1795
707.2685,707.2767,40937,51403,Pipistrellus nathusii,0.005,0.024,-1,Echolocation,/mnt/ubna_data_02_mir/recover-20220922/UBNA_001/20220921_090000.WAV,Telephone Field,recover-20220922,001,1795
707.2695,707.2761,46093,54228,Pipistrellus pipistrellus,0.024,0.027,-1,Echolocation,/mnt/ubna_data_02_mir/recover-20220922/UBNA_001/20220921_090000.WAV,Telephone Field,recover-20220922,001,1795
707.2905,707.3298,68437,82143,Rhinolophus ferrumequinum,0.023,0.023,-1,Echolocation,/mnt/ubna_data_02_mir/recover-20220922/UBNA_001/20220921_090000.WAV,Telephone Field,recover-20220922,001,1795
707.2905,707.3003,27187,34231,Eptesicus serotinus,0.01,0.024,-1,Echolocation,/mnt/ubna_data_02_mir/recover-20220922/UBNA_001/20220921_090000.WAV,Telephone Field,recover-20220922,001,1795
707.3275,707.3396,28906,34794,Eptesicus serotinus,0.02,0.036,-1,Echolocation,/mnt/ubna_data_02_mir/recover-20220922/UBNA_001/20220921_090000.WAV,Telephone Field,recover-20220922,001,1795
707.3285,707.3693,68437,82754,Rhinolophus ferrumequinum,0.03,0.03,-1,Echolocation,/mnt/ubna_data_02_mir/recover-20220922/UBNA_001/20220921_090000.WAV,Telephone Field,recover-20220922,001,1795
707.3595,707.3674,49531,53698,Pipistrellus pipistrellus,0.028,0.031,-1,Echolocation,/mnt/ubna_data_02_mir/recover-20220922/UBNA_001/20220921_090000.WAV,Telephone Field,recover-20220922,001,1795
707.3775,707.3852,28046,43643,Eptesicus serotinus,0.009,0.026,-1,Echolocation,/mnt/ubna_data_02_mir/recover-20220922/UBNA_001/20220921_090000.WAV,Telephone Field,recover-20220922,001,1795
707.3805,707.4171,68437,82139,Rhinolophus ferrumequinum,0.024,0.024,-1,Echolocation,/mnt/ubna_data_02_mir/recover-20220922/UBNA_001/20220921_090000.WAV,Telephone Field,recover-20220922,001,1795
707.3865,707.4246,68437,82025,Rhinolophus ferrumequinum,0.023,0.024,-1,Echolocation,/mnt/ubna_data_02_mir/recover-20220922/UBNA_001/20220921_090000.WAV,Telephone Field,recover-20220922,001,1795
707.4014999999999,707.4123,28906,36199,Eptesicus serotinus,0.01,0.022,-1,Echolocation,/mnt/ubna_data_02_mir/recover-20220922/UBNA_001/20220921_090000.WAV,Telephone Field,recover-20220922,001,1795
707.4035,707.4421,68437,82515,Rhinolophus ferrumequinum,0.03,0.03,-1,Echolocation,/mnt/ubna_data_02_mir/recover-20220922/UBNA_001/20220921_090000.WAV,Telephone Field,recover-20220922,001,1795
707.4075,707.4176,28906,36488,Eptesicus serotinus,0.01,0.023,-1,Echolocation,/mnt/ubna_data_02_mir/recover-20220922/UBNA_001/20220921_090000.WAV,Telephone Field,recover-20220922,001,1795
707.4425,707.45,27187,39648,Eptesicus serotinus,0.006,0.029,-1,Echolocation,/mnt/ubna_data_02_mir/recover-20220922/UBNA_001/20220921_090000.WAV,Telephone Field,recover-20220922,001,1795
707.4655,707.4741,23750,32739,Plecotus austriacus,0.013,0.042,-1,Echolocation,/mnt/ubna_data_02_mir/recover-20220922/UBNA_001/20220921_090000.WAV,Telephone Field,recover-20220922,001,1795
707.4715,707.5115,68437,82774,Rhinolophus ferrumequinum,0.023,0.023,-1,Echolocation,/mnt/ubna_data_02_mir/recover-20220922/UBNA_001/20220921_090000.WAV,Telephone Field,recover-20220922,001,1795
707.4805,707.5217,68437,82739,Rhinolophus ferrumequinum,0.023,0.023,-1,Echolocation,/mnt/ubna_data_02_mir/recover-20220922/UBNA_001/20220921_090000.WAV,Telephone Field,recover-20220922,001,1795
707.5035,707.5447,68437,82785,Rhinolophus ferrumequinum,0.027,0.027,-1,Echolocation,/mnt/ubna_data_02_mir/recover-20220922/UBNA_001/20220921_090000.WAV,Telephone Field,recover-20220922,001,1795
707.5335,707.5425,28906,37756,Eptesicus serotinus,0.01,0.028,-1,Echolocation,/mnt/ubna_data_02_mir/recover-20220922/UBNA_001/20220921_090000.WAV,Telephone Field,recover-20220922,001,1795
707.5535,707.5662,22890,27300,Nyctalus leisleri,0.024,0.044,-1,Echolocation,/mnt/ubna_data_02_mir/recover-20220922/UBNA_001/20220921_090000.WAV,Telephone Field,recover-20220922,001,1795
707.5695,707.6088,68437,81215,Rhinolophus ferrumequinum,0.03,0.03,-1,Echolocation,/mnt/ubna_data_02_mir/recover-20220922/UBNA_001/20220921_090000.WAV,Telephone Field,recover-20220922,001,1795
707.5765,707.5859,28046,36711,Eptesicus serotinus,0.009,0.024,-1,Echolocation,/mnt/ubna_data_02_mir/recover-20220922/UBNA_001/20220921_090000.WAV,Telephone Field,recover-20220922,001,1795
707.6005,707.6396,68437,81883,Rhinolophus ferrumequinum,0.023,0.023,-1,Echolocation,/mnt/ubna_data_02_mir/recover-20220922/UBNA_001/20220921_090000.WAV,Telephone Field,recover-20220922,001,1795
707.6165,707.6581,68437,82801,Rhinolophus ferrumequinum,0.024,0.024,-1,Echolocation,/mnt/ubna_data_02_mir/recover-20220922/UBNA_001/20220921_090000.WAV,Telephone Field,recover-20220922,001,1795
707.6335,707.6413,28046,39102,Eptesicus serotinus,0.008,0.023,-1,Echolocation,/mnt/ubna_data_02_mir/recover-20220922/UBNA_001/20220921_090000.WAV,Telephone Field,recover-20220922,001,1795
707.6595,707.6976,68437,81638,Rhinolophus ferrumequinum,0.023,0.024,-1,Echolocation,/mnt/ubna_data_02_mir/recover-20220922/UBNA_001/20220921_090000.WAV,Telephone Field,recover-20220922,001,1795
707.7465,707.7845,68437,82328,Rhinolophus ferrumequinum,0.029,0.029,-1,Echolocation,/mnt/ubna_data_02_mir/recover-20220922/UBNA_001/20220921_090000.WAV,Telephone Field,recover-20220922,001,1795
707.7495,707.7619,28906,36742,Eptesicus serotinus,0.017,0.032,-1,Echolocation,/mnt/ubna_data_02_mir/recover-20220922/UBNA_001/20220921_090000.WAV,Telephone Field,recover-20220922,001,1795
707.7695,707.7767,27187,43326,Eptesicus serotinus,0.008,0.026,-1,Echolocation,/mnt/ubna_data_02_mir/recover-20220922/UBNA_001/20220921_090000.WAV,Telephone Field,recover-20220922,001,1795
707.7705,707.8116,68437,82792,Rhinolophus ferrumequinum,0.026,0.026,-1,Echolocation,/mnt/ubna_data_02_mir/recover-20220922/UBNA_001/20220921_090000.WAV,Telephone Field,recover-20220922,001,1795
707.8335,707.8418,29765,40892,Myotis daubentonii,0.007,0.023,-1,Echolocation,/mnt/ubna_data_02_mir/recover-20220922/UBNA_001/20220921_090000.WAV,Telephone Field,recover-20220922,001,1795
707.8355,707.8766,68437,82393,Rhinolophus ferrumequinum,0.026,0.026,-1,Echolocation,/mnt/ubna_data_02_mir/recover-20220922/UBNA_001/20220921_090000.WAV,Telephone Field,recover-20220922,001,1795
707.8455,707.8860999999999,68437,82651,Rhinolophus ferrumequinum,0.027,0.027,-1,Echolocation,/mnt/ubna_data_02_mir/recover-20220922/UBNA_001/20220921_090000.WAV,Telephone Field,recover-20220922,001,1795
707.8945,707.9009,45234,50595,Pipistrellus pipistrellus,0.022,0.024,-1,Echolocation,/mnt/ubna_data_02_mir/recover-20220922/UBNA_001/20220921_090000.WAV,Telephone Field,recover-20220922,001,1795
707.9005,707.9327,68437,80210,Rhinolophus ferrumequinum,0.022,0.023,-1,Echolocation,/mnt/ubna_data_02_mir/recover-20220922/UBNA_001/20220921_090000.WAV,Telephone Field,recover-20220922,001,1795
707.9105,707.922,24609,29529,Nyctalus leisleri,0.011,0.024,-1,Echolocation,/mnt/ubna_data_02_mir/recover-20220922/UBNA_001/20220921_090000.WAV,Telephone Field,recover-20220922,001,1795
707.9215,707.9613,68437,82611,Rhinolophus ferrumequinum,0.026,0.026,-1,Echolocation,/mnt/ubna_data_02_mir/recover-20220922/UBNA_001/20220921_090000.WAV,Telephone Field,recover-20220922,001,1795
707.9695,707.9787,28906,38419,Eptesicus serotinus,0.009,0.023,-1,Echolocation,/mnt/ubna_data_02_mir/recover-20220922/UBNA_001/20220921_090000.WAV,Telephone Field,recover-20220922,001,1795
708.0015,708.0171,20312,25545,Nyctalus leisleri,0.016,0.041,-1,Echolocation,/mnt/ubna_data_02_mir/recover-20220922/UBNA_001/20220921_090000.WAV,Telephone Field,recover-20220922,001,1795
708.0015,708.0108,26328,35809,Eptesicus serotinus,0.009,0.032,-1,Echolocation,/mnt/ubna_data_02_mir/recover-20220922/UBNA_001/20220921_090000.WAV,Telephone Field,recover-20220922,001,1795
708.0015,708.0332,68437,80744,Rhinolophus ferrumequinum,0.028,0.028,-1,Echolocation,/mnt/ubna_data_02_mir/recover-20220922/UBNA_001/20220921_090000.WAV,Telephone Field,recover-20220922,001,1795
708.0525,708.0876,68437,80995,Rhinolophus ferrumequinum,0.024,0.024,-1,Echolocation,/mnt/ubna_data_02_mir/recover-20220922/UBNA_001/20220921_090000.WAV,Telephone Field,recover-20220922,001,1795
708.0555,708.0651,28906,36929,Eptesicus serotinus,0.008,0.022,-1,Echolocation,/mnt/ubna_data_02_mir/recover-20220922/UBNA_001/20220921_090000.WAV,Telephone Field,recover-20220922,001,1795
708.0585,708.0933,68437,80546,Rhinolophus ferrumequinum,0.024,0.024,-1,Echolocation,/mnt/ubna_data_02_mir/recover-20220922/UBNA_001/20220921_090000.WAV,Telephone Field,recover-20220922,001,1795
708.0605,708.0704,22890,29055,Nyctalus leisleri,0.009,0.023,-1,Echolocation,/mnt/ubna_data_02_mir/recover-20220922/UBNA_001/20220921_090000.WAV,Telephone Field,recover-20220922,001,1795
708.0845,708.1224,68437,81699,Rhinolophus ferrumequinum,0.022,0.022,-1,Echolocation,/mnt/ubna_data_02_mir/recover-20220922/UBNA_001/20220921_090000.WAV,Telephone Field,recover-20220922,001,1795
708.0925,708.1304,68437,81696,Rhinolophus ferrumequinum,0.022,0.022,-1,Echolocation,/mnt/ubna_data_02_mir/recover-20220922/UBNA_001/20220921_090000.WAV,Telephone Field,recover-20220922,001,1795
708.0985000000001,708.1371,68437,81855,Rhinolophus ferrumequinum,0.022,0.022,-1,Echolocation,/mnt/ubna_data_02_mir/recover-20220922/UBNA_001/20220921_090000.WAV,Telephone Field,recover-20220922,001,1795
708.1185,708.1574,68437,81863,Rhinolophus ferrumequinum,0.022,0.022,-1,Echolocation,/mnt/ubna_data_02_mir/recover-20220922/UBNA_001/20220921_090000.WAV,Telephone Field,recover-20220922,001,1795
708.1225,708.1368,24609,30416,Nyctalus leisleri,0.012,0.028,-1,Echolocation,/mnt/ubna_data_02_mir/recover-20220922/UBNA_001/20220921_090000.WAV,Telephone Field,recover-20220922,001,1795
708.1255,708.1654,68437,81859,Rhinolophus ferrumequinum,0.025,0.025,-1,Echolocation,/mnt/ubna_data_02_mir/recover-20220922/UBNA_001/20220921_090000.WAV,Telephone Field,recover-20220922,001,1795
708.1505,708.1632,22031,25922,Nyctalus leisleri,0.013,0.021,-1,Echolocation,/mnt/ubna_data_02_mir/recover-20220922/UBNA_001/20220921_090000.WAV,Telephone Field,recover-20220922,001,1795
708.1695,708.1803,27187,34552,Eptesicus serotinus,0.014,0.028,-1,Echolocation,/mnt/ubna_data_02_mir/recover-20220922/UBNA_001/20220921_090000.WAV,Telephone Field,recover-20220922,001,1795
708.1785,708.1891,28046,35655,Eptesicus serotinus,0.011,0.025,-1,Echolocation,/mnt/ubna_data_02_mir/recover-20220922/UBNA_001/20220921_090000.WAV,Telephone Field,recover-20220922,001,1795
708.2115,708.2498,68437,81993,Rhinolophus ferrumequinum,0.021,0.021,-1,Echolocation,/mnt/ubna_data_02_mir/recover-20220922/UBNA_001/20220921_090000.WAV,Telephone Field,recover-20220922,001,1795
708.2185,708.2546,68437,81533,Rhinolophus ferrumequinum,0.021,0.021,-1,Echolocation,/mnt/ubna_data_02_mir/recover-20220922/UBNA_001/20220921_090000.WAV,Telephone Field,recover-20220922,001,1795
708.2245,708.2327,28046,43450,Eptesicus serotinus,0.01,0.026,-1,Echolocation,/mnt/ubna_data_02_mir/recover-20220922/UBNA_001/20220921_090000.WAV,Telephone Field,recover-20220922,001,1795
708.2245,708.2304,36640,47414,Myotis daubentonii,0.01,0.025,-1,Echolocation,/mnt/ubna_data_02_mir/recover-20220922/UBNA_001/20220921_090000.WAV,Telephone Field,recover-20220922,001,1795
708.2315,708.2704,68437,82642,Rhinolophus ferrumequinum,0.024,0.024,-1,Echolocation,/mnt/ubna_data_02_mir/recover-20220922/UBNA_001/20220921_090000.WAV,Telephone Field,recover-20220922,001,1795
708.2345,708.2451,26328,32438,Eptesicus serotinus,0.011,0.024,-1,Echolocation,/mnt/ubna_data_02_mir/recover-20220922/UBNA_001/20220921_090000.WAV,Telephone Field,recover-20220922,001,1795
708.2535,708.2591,51250,57466,Pipistrellus pipistrellus,0.022,0.026,-1,Echolocation,/mnt/ubna_data_02_mir/recover-20220922/UBNA_001/20220921_090000.WAV,Telephone Field,recover-20220922,001,1795
708.2575,708.267,28906,36963,Eptesicus serotinus,0.009,0.023,-1,Echolocation,/mnt/ubna_data_02_mir/recover-20220922/UBNA_001/20220921_090000.WAV,Telephone Field,recover-20220922,001,1795
708.2805,708.2889,46093,51853,Pipistrellus pipistrellus,0.017,0.021,-1,Echolocation,/mnt/ubna_data_02_mir/recover-20220922/UBNA_001/20220921_090000.WAV,Telephone Field,recover-20220922,001,1795
708.2955,708.3035,28046,39931,Eptesicus serotinus,0.007,0.021,-1,Echolocation,/mnt/ubna_data_02_mir/recover-20220922/UBNA_001/20220921_090000.WAV,Telephone Field,recover-20220922,001,1795
708.3225,708.3329,26328,33577,Eptesicus serotinus,0.014,0.028,-1,Echolocation,/mnt/ubna_data_02_mir/recover-20220922/UBNA_001/20220921_090000.WAV,Telephone Field,recover-20220922,001,1795
708.3395,708.3807,68437,82945,Rhinolophus ferrumequinum,0.054,0.054,-1,Echolocation,/mnt/ubna_data_02_mir/recover-20220922/UBNA_001/20220921_090000.WAV,Telephone Field,recover-20220922,001,1795
708.3735,708.4129,68437,82653,Rhinolophus ferrumequinum,0.021,0.021,-1,Echolocation,/mnt/ubna_data_02_mir/recover-20220922/UBNA_001/20220921_090000.WAV,Telephone Field,recover-20220922,001,1795
708.3845,708.4241,68437,81937,Rhinolophus ferrumequinum,0.021,0.021,-1,Echolocation,/mnt/ubna_data_02_mir/recover-20220922/UBNA_001/20220921_090000.WAV,Telephone Field,recover-20220922,001,1795
708.4005,708.4402,68437,82277,Rhinolophus ferrumequinum,0.025,0.025,-1,Echolocation,/mnt/ubna_data_02_mir/recover-20220922/UBNA_001/20220921_090000.WAV,Telephone Field,recover-20220922,001,1795
708.4555,708.4966,68437,82806,Rhinolophus ferrumequinum,0.022,0.022,-1,Echolocation,/mnt/ubna_data_02_mir/recover-20220922/UBNA_001/20220921_090000.WAV,Telephone Field,recover-20220922,001,1795
708.4715,708.4793,23750,31905,Plecotus austriacus,0.008,0.022,-1,Echolocation,/mnt/ubna_data_02_mir/recover-20220922/UBNA_001/20220921_090000.WAV,Telephone Field,recover-20220922,001,1795
708.5365,708.5459,28046,36893,Eptesicus serotinus,0.007,0.022,-1,Echolocation,/mnt/ubna_data_02_mir/recover-20220922/UBNA_001/20220921_090000.WAV,Telephone Field,recover-20220922,001,1795
708.5425,708.5843,68437,82386,Rhinolophus ferrumequinum,0.022,0.022,-1,Echolocation,/mnt/ubna_data_02_mir/recover-20220922/UBNA_001/20220921_090000.WAV,Telephone Field,recover-20220922,001,1795
708.5985000000001,708.6382,68437,82430,Rhinolophus ferrumequinum,0.023,0.023,-1,Echolocation,/mnt/ubna_data_02_mir/recover-20220922/UBNA_001/20220921_090000.WAV,Telephone Field,recover-20220922,001,1795
708.6175,708.6274,24609,31958,Nyctalus leisleri,0.007,0.021,-1,Echolocation,/mnt/ubna_data_02_mir/recover-20220922/UBNA_001/20220921_090000.WAV,Telephone Field,recover-20220922,001,1795
708.6215,708.6618,68437,82032,Rhinolophus ferrumequinum,0.023,0.023,-1,Echolocation,/mnt/ubna_data_02_mir/recover-20220922/UBNA_001/20220921_090000.WAV,Telephone Field,recover-20220922,001,1795
708.6665,708.7002,68437,81368,Rhinolophus ferrumequinum,0.021,0.021,-1,Echolocation,/mnt/ubna_data_02_mir/recover-20220922/UBNA_001/20220921_090000.WAV,Telephone Field,recover-20220922,001,1795
708.6925,708.7007,27187,38162,Eptesicus serotinus,0.008,0.022,-1,Echolocation,/mnt/ubna_data_02_mir/recover-20220922/UBNA_001/20220921_090000.WAV,Telephone Field,recover-20220922,001,1795
708.6985,708.7073,24609,32738,Nyctalus leisleri,0.006,0.021,-1,Echolocation,/mnt/ubna_data_02_mir/recover-20220922/UBNA_001/20220921_090000.WAV,Telephone Field,recover-20220922,001,1795
708.7205,708.7295,28906,38771,Eptesicus serotinus,0.008,0.022,-1,Echolocation,/mnt/ubna_data_02_mir/recover-20220922/UBNA_001/20220921_090000.WAV,Telephone Field,recover-20220922,001,1795
708.7255,708.7673,68437,82493,Rhinolophus ferrumequinum,0.027,0.027,-1,Echolocation,/mnt/ubna_data_02_mir/recover-20220922/UBNA_001/20220921_090000.WAV,Telephone Field,recover-20220922,001,1795
708.7385,708.7488,27187,34884,Eptesicus serotinus,0.01,0.022,-1,Echolocation,/mnt/ubna_data_02_mir/recover-20220922/UBNA_001/20220921_090000.WAV,Telephone Field,recover-20220922,001,1795
708.7445,708.7544,26328,33217,Eptesicus serotinus,0.008,0.022,-1,Echolocation,/mnt/ubna_data_02_mir/recover-20220922/UBNA_001/20220921_090000.WAV,Telephone Field,recover-20220922,001,1795
708.7455,708.757,46093,48981,Pipistrellus pipistrellus,0.052,0.055,-1,Echolocation,/mnt/ubna_data_02_mir/recover-20220922/UBNA_001/20220921_090000.WAV,Telephone Field,recover-20220922,001,1795
708.7795,708.8181,68437,81557,Rhinolophus ferrumequinum,0.024,0.024,-1,Echolocation,/mnt/ubna_data_02_mir/recover-20220922/UBNA_001/20220921_090000.WAV,Telephone Field,recover-20220922,001,1795
708.7835,708.7939,22031,26711,Nyctalus leisleri,0.011,0.023,-1,Echolocation,/mnt/ubna_data_02_mir/recover-20220922/UBNA_001/20220921_090000.WAV,Telephone Field,recover-20220922,001,1795
708.8195,708.858,68437,81644,Rhinolophus ferrumequinum,0.021,0.021,-1,Echolocation,/mnt/ubna_data_02_mir/recover-20220922/UBNA_001/20220921_090000.WAV,Telephone Field,recover-20220922,001,1795
708.8515,708.8634,23750,28777,Nyctalus leisleri,0.014,0.027,-1,Echolocation,/mnt/ubna_data_02_mir/recover-20220922/UBNA_001/20220921_090000.WAV,Telephone Field,recover-20220922,001,1795
708.8685,708.8781,28906,37752,Eptesicus serotinus,0.014,0.028,-1,Echolocation,/mnt/ubna_data_02_mir/recover-20220922/UBNA_001/20220921_090000.WAV,Telephone Field,recover-20220922,001,1795
708.8715,708.9091,68437,82011,Rhinolophus ferrumequinum,0.021,0.021,-1,Echolocation,/mnt/ubna_data_02_mir/recover-20220922/UBNA_001/20220921_090000.WAV,Telephone Field,recover-20220922,001,1795
708.8995,708.9417,68437,82493,Rhinolophus ferrumequinum,0.039,0.039,-1,Echolocation,/mnt/ubna_data_02_mir/recover-20220922/UBNA_001/20220921_090000.WAV,Telephone Field,recover-20220922,001,1795
708.9225,708.9325,47812,53080,Pipistrellus pipistrellus,0.024,0.026,-1,Echolocation,/mnt/ubna_data_02_mir/recover-20220922/UBNA_001/20220921_090000.WAV,Telephone Field,recover-20220922,001,1795
708.9585,709.0027,68437,83072,Rhinolophus ferrumequinum,0.032,0.032,-1,Echolocation,/mnt/ubna_data_02_mir/recover-20220922/UBNA_001/20220921_090000.WAV,Telephone Field,recover-20220922,001,1795
708.9945,709.0311,68437,81845,Rhinolophus ferrumequinum,0.021,0.021,-1,Echolocation,/mnt/ubna_data_02_mir/recover-20220922/UBNA_001/20220921_090000.WAV,Telephone Field,recover-20220922,001,1795
709.0295,709.0388,28046,37438,Eptesicus serotinus,0.009,0.022,-1,Echolocation,/mnt/ubna_data_02_mir/recover-20220922/UBNA_001/20220921_090000.WAV,Telephone Field,recover-20220922,001,1795
709.0605,709.1005,68437,82863,Rhinolophus ferrumequinum,0.025,0.025,-1,Echolocation,/mnt/ubna_data_02_mir/recover-20220922/UBNA_001/20220921_090000.WAV,Telephone Field,recover-20220922,001,1795
709.0845,709.122,68437,81860,Rhinolophus ferrumequinum,0.023,0.023,-1,Echolocation,/mnt/ubna_data_02_mir/recover-20220922/UBNA_001/20220921_090000.WAV,Telephone Field,recover-20220922,001,1795
709.0895,709.0978,46953,50668,Pipistrellus pipistrellus,0.041,0.043,-1,Echolocation,/mnt/ubna_data_02_mir/recover-20220922/UBNA_001/20220921_090000.WAV,Telephone Field,recover-20220922,001,1795
709.1135,709.1526,68437,81727,Rhinolophus ferrumequinum,0.021,0.021,-1,Echolocation,/mnt/ubna_data_02_mir/recover-20220922/UBNA_001/20220921_090000.WAV,Telephone Field,recover-20220922,001,1795
709.1355,709.1442,28906,39979,Eptesicus serotinus,0.008,0.023,-1,Echolocation,/mnt/ubna_data_02_mir/recover-20220922/UBNA_001/20220921_090000.WAV,Telephone Field,recover-20220922,001,1795
709.1555,709.1984,68437,82673,Rhinolophus ferrumequinum,0.03,0.03,-1,Echolocation,/mnt/ubna_data_02_mir/recover-20220922/UBNA_001/20220921_090000.WAV,Telephone Field,recover-20220922,001,1795
709.1665,709.207,68437,82410,Rhinolophus ferrumequinum,0.021,0.021,-1,Echolocation,/mnt/ubna_data_02_mir/recover-20220922/UBNA_001/20220921_090000.WAV,Telephone Field,recover-20220922,001,1795
709.1785,709.1889,22890,27474,Nyctalus leisleri,0.011,0.021,-1,Echolocation,/mnt/ubna_data_02_mir/recover-20220922/UBNA_001/20220921_090000.WAV,Telephone Field,recover-20220922,001,1795
709.1865,709.2269,68437,82267,Rhinolophus ferrumequinum,0.022,0.022,-1,Echolocation,/mnt/ubna_data_02_mir/recover-20220922/UBNA_001/20220921_090000.WAV,Telephone Field,recover-20220922,001,1795
709.1875,709.1974,22890,27814,Nyctalus leisleri,0.011,0.023,-1,Echolocation,/mnt/ubna_data_02_mir/recover-20220922/UBNA_001/20220921_090000.WAV,Telephone Field,recover-20220922,001,1795
709.1925,709.2331,68437,82665,Rhinolophus ferrumequinum,0.022,0.022,-1,Echolocation,/mnt/ubna_data_02_mir/recover-20220922/UBNA_001/20220921_090000.WAV,Telephone Field,recover-20220922,001,1795
709.2025,709.2106,28046,39054,Eptesicus serotinus,0.008,0.024,-1,Echolocation,/mnt/ubna_data_02_mir/recover-20220922/UBNA_001/20220921_090000.WAV,Telephone Field,recover-20220922,001,1795
709.2285,709.2668,68437,81828,Rhinolophus ferrumequinum,0.022,0.022,-1,Echolocation,/mnt/ubna_data_02_mir/recover-20220922/UBNA_001/20220921_090000.WAV,Telephone Field,recover-20220922,001,1795
709.2355,709.2699,68437,81302,Rhinolophus ferrumequinum,0.021,0.021,-1,Echolocation,/mnt/ubna_data_02_mir/recover-20220922/UBNA_001/20220921_090000.WAV,Telephone Field,recover-20220922,001,1795
709.2685,709.3055,68437,81431,Rhinolophus ferrumequinum,0.021,0.021,-1,Echolocation,/mnt/ubna_data_02_mir/recover-20220922/UBNA_001/20220921_090000.WAV,Telephone Field,recover-20220922,001,1795
709.2845,709.2964,24609,30288,Nyctalus leisleri,0.013,0.031,-1,Echolocation,/mnt/ubna_data_02_mir/recover-20220922/UBNA_001/20220921_090000.WAV,Telephone Field,recover-20220922,001,1795
709.2925,709.3319,68437,81934,Rhinolophus ferrumequinum,0.025,0.025,-1,Echolocation,/mnt/ubna_data_02_mir/recover-20220922/UBNA_001/20220921_090000.WAV,Telephone Field,recover-20220922,001,1795
709.3055,709.3154,22890,28937,Nyctalus leisleri,0.008,0.022,-1,Echolocation,/mnt/ubna_data_02_mir/recover-20220922/UBNA_001/20220921_090000.WAV,Telephone Field,recover-20220922,001,1795
709.3345,709.3706,68437,81432,Rhinolophus ferrumequinum,0.021,0.021,-1,Echolocation,/mnt/ubna_data_02_mir/recover-20220922/UBNA_001/20220921_090000.WAV,Telephone Field,recover-20220922,001,1795
709.3365,709.3472,22890,27102,Nyctalus leisleri,0.012,0.022,-1,Echolocation,/mnt/ubna_data_02_mir/recover-20220922/UBNA_001/20220921_090000.WAV,Telephone Field,recover-20220922,001,1795
709.3465,709.3549,28046,38546,Eptesicus serotinus,0.007,0.021,-1,Echolocation,/mnt/ubna_data_02_mir/recover-20220922/UBNA_001/20220921_090000.WAV,Telephone Field,recover-20220922,001,1795
709.3555,709.3894,68437,80710,Rhinolophus ferrumequinum,0.021,0.021,-1,Echolocation,/mnt/ubna_data_02_mir/recover-20220922/UBNA_001/20220921_090000.WAV,Telephone Field,recover-20220922,001,1795
709.3775,709.3866,27187,37209,Eptesicus serotinus,0.008,0.023,-1,Echolocation,/mnt/ubna_data_02_mir/recover-20220922/UBNA_001/20220921_090000.WAV,Telephone Field,recover-20220922,001,1795
709.3975,709.4387,68437,82725,Rhinolophus ferrumequinum,0.027,0.027,-1,Echolocation,/mnt/ubna_data_02_mir/recover-20220922/UBNA_001/20220921_090000.WAV,Telephone Field,recover-20220922,001,1795
709.4075,709.4478,68437,82558,Rhinolophus ferrumequinum,0.021,0.021,-1,Echolocation,/mnt/ubna_data_02_mir/recover-20220922/UBNA_001/20220921_090000.WAV,Telephone Field,recover-20220922,001,1795
709.4325,709.4443,37500,42080,Pipistrellus nathusii,0.011,0.026,-1,Echolocation,/mnt/ubna_data_02_mir/recover-20220922/UBNA_001/20220921_090000.WAV,Telephone Field,recover-20220922,001,1795
709.4405,709.4741,68437,81473,Rhinolophus ferrumequinum,0.021,0.021,-1,Echolocation,/mnt/ubna_data_02_mir/recover-20220922/UBNA_001/20220921_090000.WAV,Telephone Field,recover-20220922,001,1795
709.4615,709.4689,23750,32099,Plecotus austriacus,0.01,0.023,-1,Echolocation,/mnt/ubna_data_02_mir/recover-20220922/UBNA_001/20220921_090000.WAV,Telephone Field,recover-20220922,001,1795
709.4775,709.4859,28046,39009,Eptesicus serotinus,0.008,0.021,-1,Echolocation,/mnt/ubna_data_02_mir/recover-20220922/UBNA_001/20220921_090000.WAV,Telephone Field,recover-20220922,001,1795
709.5025,709.5431,68437,82303,Rhinolophus ferrumequinum,0.023,0.023,-1,Echolocation,/mnt/ubna_data_02_mir/recover-20220922/UBNA_001/20220921_090000.WAV,Telephone Field,recover-20220922,001,1795
709.5185,709.5599,68437,82336,Rhinolophus ferrumequinum,0.021,0.021,-1,Echolocation,/mnt/ubna_data_02_mir/recover-20220922/UBNA_001/20220921_090000.WAV,Telephone Field,recover-20220922,001,1795
709.5485,709.5848,68437,82241,Rhinolophus ferrumequinum,0.023,0.023,-1,Echolocation,/mnt/ubna_data_02_mir/recover-20220922/UBNA_001/20220921_090000.WAV,Telephone Field,recover-20220922,001,1795
709.5715,709.5811,29765,37546,Eptesicus serotinus,0.007,0.021,-1,Echolocation,/mnt/ubna_data_02_mir/recover-20220922/UBNA_001/20220921_090000.WAV,Telephone Field,recover-20220922,001,1795
709.5955,709.6329,68437,81896,Rhinolophus ferrumequinum,0.023,0.023,-1,Echolocation,/mnt/ubna_data_02_mir/recover-20220922/UBNA_001/20220921_090000.WAV,Telephone Field,recover-20220922,001,1795
709.6135,709.6228,44375,50438,Pipistrellus pipistrellus,0.021,0.024,-1,Echolocation,/mnt/ubna_data_02_mir/recover-20220922/UBNA_001/20220921_090000.WAV,Telephone Field,recover-20220922,001,1795
709.6355,709.6737,68437,81668,Rhinolophus ferrumequinum,0.028,0.028,-1,Echolocation,/mnt/ubna_data_02_mir/recover-20220922/UBNA_001/20220921_090000.WAV,Telephone Field,recover-20220922,001,1795
709.6605,709.7002,68437,82318,Rhinolophus ferrumequinum,0.021,0.021,-1,Echolocation,/mnt/ubna_data_02_mir/recover-20220922/UBNA_001/20220921_090000.WAV,Telephone Field,recover-20220922,001,1795
709.6915,709.7279,68437,81647,Rhinolophus ferrumequinum,0.024,0.024,-1,Echolocation,/mnt/ubna_data_02_mir/recover-20220922/UBNA_001/20220921_090000.WAV,Telephone Field,recover-20220922,001,1795
709.6985,709.7403,68437,82737,Rhinolophus ferrumequinum,0.025,0.025,-1,Echolocation,/mnt/ubna_data_02_mir/recover-20220922/UBNA_001/20220921_090000.WAV,Telephone Field,recover-20220922,001,1795
709.7295,709.7405,23750,29879,Nyctalus leisleri,0.009,0.022,-1,Echolocation,/mnt/ubna_data_02_mir/recover-20220922/UBNA_001/20220921_090000.WAV,Telephone Field,recover-20220922,001,1795
709.7455,709.7865,68437,82172,Rhinolophus ferrumequinum,0.027,0.027,-1,Echolocation,/mnt/ubna_data_02_mir/recover-20220922/UBNA_001/20220921_090000.WAV,Telephone Field,recover-20220922,001,1795
709.7865,709.7963,27187,35349,Eptesicus serotinus,0.009,0.021,-1,Echolocation,/mnt/ubna_data_02_mir/recover-20220922/UBNA_001/20220921_090000.WAV,Telephone Field,recover-20220922,001,1795
709.7975,709.8076,28906,35810,Eptesicus serotinus,0.009,0.022,-1,Echolocation,/mnt/ubna_data_02_mir/recover-20220922/UBNA_001/20220921_090000.WAV,Telephone Field,recover-20220922,001,1795
709.8165,709.8266,24609,32125,Eptesicus serotinus,0.01,0.027,-1,Echolocation,/mnt/ubna_data_02_mir/recover-20220922/UBNA_001/20220921_090000.WAV,Telephone Field,recover-20220922,001,1795
709.8415,709.853,23750,28201,Nyctalus leisleri,0.025,0.052,-1,Echolocation,/mnt/ubna_data_02_mir/recover-20220922/UBNA_001/20220921_090000.WAV,Telephone Field,recover-20220922,001,1795
709.8515,709.8874,68437,81610,Rhinolophus ferrumequinum,0.027,0.027,-1,Echolocation,/mnt/ubna_data_02_mir/recover-20220922/UBNA_001/20220921_090000.WAV,Telephone Field,recover-20220922,001,1795
709.8755,709.9148,68437,81803,Rhinolophus ferrumequinum,0.027,0.027,-1,Echolocation,/mnt/ubna_data_02_mir/recover-20220922/UBNA_001/20220921_090000.WAV,Telephone Field,recover-20220922,001,1795
709.8845,709.9248,68437,82153,Rhinolophus ferrumequinum,0.021,0.021,-1,Echolocation,/mnt/ubna_data_02_mir/recover-20220922/UBNA_001/20220921_090000.WAV,Telephone Field,recover-20220922,001,1795
709.9155,709.9248,23750,30210,Nyctalus leisleri,0.007,0.021,-1,Echolocation,/mnt/ubna_data_02_mir/recover-20220922/UBNA_001/20220921_090000.WAV,Telephone Field,recover-20220922,001,1795
709.9185,709.9559,68437,80543,Rhinolophus ferrumequinum,0.025,0.026,-1,Echolocation,/mnt/ubna_data_02_mir/recover-20220922/UBNA_001/20220921_090000.WAV,Telephone Field,recover-20220922,001,1795
709.9305,709.9665,68437,81334,Rhinolophus ferrumequinum,0.024,0.024,-1,Echolocation,/mnt/ubna_data_02_mir/recover-20220922/UBNA_001/20220921_090000.WAV,Telephone Field,recover-20220922,001,1795
709.9455,709.9844,68437,81824,Rhinolophus ferrumequinum,0.031,0.031,-1,Echolocation,/mnt/ubna_data_02_mir/recover-20220922/UBNA_001/20220921_090000.WAV,Telephone Field,recover-20220922,001,1795
709.9585,709.9697,24609,29871,Nyctalus leisleri,0.01,0.022,-1,Echolocation,/mnt/ubna_data_02_mir/recover-20220922/UBNA_001/20220921_090000.WAV,Telephone Field,recover-20220922,001,1795
710.0015,710.0102,23750,30561,Nyctalus leisleri,0.009,0.028,-1,Echolocation,/mnt/ubna_data_02_mir/recover-20220922/UBNA_001/20220921_090000.WAV,Telephone Field,recover-20220922,001,1795
710.0015,710.0344,68437,79767,Rhinolophus ferrumequinum,0.041,0.042,-1,Echolocation,/mnt/ubna_data_02_mir/recover-20220922/UBNA_001/20220921_090000.WAV,Telephone Field,recover-20220922,001,1795
710.1035,710.1443,68437,82810,Rhinolophus ferrumequinum,0.041,0.041,-1,Echolocation,/mnt/ubna_data_02_mir/recover-20220922/UBNA_001/20220921_090000.WAV,Telephone Field,recover-20220922,001,1795
710.1385,710.1731,68437,81770,Rhinolophus ferrumequinum,0.022,0.022,-1,Echolocation,/mnt/ubna_data_02_mir/recover-20220922/UBNA_001/20220921_090000.WAV,Telephone Field,recover-20220922,001,1795
710.2055,710.2124,28906,42236,Eptesicus serotinus,0.008,0.028,-1,Echolocation,/mnt/ubna_data_02_mir/recover-20220922/UBNA_001/20220921_090000.WAV,Telephone Field,recover-20220922,001,1795
710.2105,710.2483,68437,81395,Rhinolophus ferrumequinum,0.022,0.022,-1,Echolocation,/mnt/ubna_data_02_mir/recover-20220922/UBNA_001/20220921_090000.WAV,Telephone Field,recover-20220922,001,1795
710.2115,710.2228,49531,53445,Pipistrellus pipistrellus,0.045,0.051,-1,Echolocation,/mnt/ubna_data_02_mir/recover-20220922/UBNA_001/20220921_090000.WAV,Telephone Field,recover-20220922,001,1795
710.2435,710.2505,24609,33883,Plecotus austriacus,0.008,0.023,-1,Echolocation,/mnt/ubna_data_02_mir/recover-20220922/UBNA_001/20220921_090000.WAV,Telephone Field,recover-20220922,001,1795
710.2865,710.3269,68437,82828,Rhinolophus ferrumequinum,0.025,0.025,-1,Echolocation,/mnt/ubna_data_02_mir/recover-20220922/UBNA_001/20220921_090000.WAV,Telephone Field,recover-20220922,001,1795
710.2895,710.2974,23750,32347,Plecotus austriacus,0.014,0.035,-1,Echolocation,/mnt/ubna_data_02_mir/recover-20220922/UBNA_001/20220921_090000.WAV,Telephone Field,recover-20220922,001,1795
710.3125,710.3196,28906,39371,Eptesicus serotinus,0.007,0.026,-1,Echolocation,/mnt/ubna_data_02_mir/recover-20220922/UBNA_001/20220921_090000.WAV,Telephone Field,recover-20220922,001,1795
710.3705,710.3786,29765,38193,Eptesicus serotinus,0.009,0.025,-1,Echolocation,/mnt/ubna_data_02_mir/recover-20220922/UBNA_001/20220921_090000.WAV,Telephone Field,recover-20220922,001,1795
710.3855,710.4003,43515,45980,Pipistrellus pipistrellus,0.068,0.072,-1,Echolocation,/mnt/ubna_data_02_mir/recover-20220922/UBNA_001/20220921_090000.WAV,Telephone Field,recover-20220922,001,1795
710.4105,710.4502,68437,81937,Rhinolophus ferrumequinum,0.024,0.024,-1,Echolocation,/mnt/ubna_data_02_mir/recover-20220922/UBNA_001/20220921_090000.WAV,Telephone Field,recover-20220922,001,1795
710.4175,710.4268,49531,54612,Pipistrellus pipistrellus,0.019,0.023,-1,Echolocation,/mnt/ubna_data_02_mir/recover-20220922/UBNA_001/20220921_090000.WAV,Telephone Field,recover-20220922,001,1795
710.4455,710.4862,68437,82522,Rhinolophus ferrumequinum,0.024,0.024,-1,Echolocation,/mnt/ubna_data_02_mir/recover-20220922/UBNA_001/20220921_090000.WAV,Telephone Field,recover-20220922,001,1795
710.5465,710.5565,27187,33858,Eptesicus serotinus,0.013,0.032,-1,Echolocation,/mnt/ubna_data_02_mir/recover-20220922/UBNA_001/20220921_090000.WAV,Telephone Field,recover-20220922,001,1795
710.5895,710.5981,22890,30493,Plecotus austriacus,0.01,0.025,-1,Echolocation,/mnt/ubna_data_02_mir/recover-20220922/UBNA_001/20220921_090000.WAV,Telephone Field,recover-20220922,001,1795
710.6155,710.6559,68437,82979,Rhinolophus ferrumequinum,0.027,0.027,-1,Echolocation,/mnt/ubna_data_02_mir/recover-20220922/UBNA_001/20220921_090000.WAV,Telephone Field,recover-20220922,001,1795
710.6495,710.6591,23750,30550,Nyctalus leisleri,0.008,0.024,-1,Echolocation,/mnt/ubna_data_02_mir/recover-20220922/UBNA_001/20220921_090000.WAV,Telephone Field,recover-20220922,001,1795
710.6565,710.6649,28046,37239,Eptesicus serotinus,0.008,0.024,-1,Echolocation,/mnt/ubna_data_02_mir/recover-20220922/UBNA_001/20220921_090000.WAV,Telephone Field,recover-20220922,001,1795
710.6875,710.7258,68437,82154,Rhinolophus ferrumequinum,0.022,0.022,-1,Echolocation,/mnt/ubna_data_02_mir/recover-20220922/UBNA_001/20220921_090000.WAV,Telephone Field,recover-20220922,001,1795
710.7055,710.7138,29765,38752,Eptesicus serotinus,0.008,0.023,-1,Echolocation,/mnt/ubna_data_02_mir/recover-20220922/UBNA_001/20220921_090000.WAV,Telephone Field,recover-20220922,001,1795
710.7125,710.7514,68437,82425,Rhinolophus ferrumequinum,0.023,0.023,-1,Echolocation,/mnt/ubna_data_02_mir/recover-20220922/UBNA_001/20220921_090000.WAV,Telephone Field,recover-20220922,001,1795
710.7225,710.7627,68437,82818,Rhinolophus ferrumequinum,0.022,0.022,-1,Echolocation,/mnt/ubna_data_02_mir/recover-20220922/UBNA_001/20220921_090000.WAV,Telephone Field,recover-20220922,001,1795
710.7295,710.7696,68437,82875,Rhinolophus ferrumequinum,0.023,0.023,-1,Echolocation,/mnt/ubna_data_02_mir/recover-20220922/UBNA_001/20220921_090000.WAV,Telephone Field,recover-20220922,001,1795
710.8115,710.8526,68437,82871,Rhinolophus ferrumequinum,0.034,0.034,-1,Echolocation,/mnt/ubna_data_02_mir/recover-20220922/UBNA_001/20220921_090000.WAV,Telephone Field,recover-20220922,001,1795
710.8545,710.8618,26328,36460,Eptesicus serotinus,0.008,0.026,-1,Echolocation,/mnt/ubna_data_02_mir/recover-20220922/UBNA_001/20220921_090000.WAV,Telephone Field,recover-20220922,001,1795
710.9105,710.9183,22890,30095,Plecotus austriacus,0.01,0.023,-1,Echolocation,/mnt/ubna_data_02_mir/recover-20220922/UBNA_001/20220921_090000.WAV,Telephone Field,recover-20220922,001,1795
710.9155,710.9522,68437,81236,Rhinolophus ferrumequinum,0.024,0.024,-1,Echolocation,/mnt/ubna_data_02_mir/recover-20220922/UBNA_001/20220921_090000.WAV,Telephone Field,recover-20220922,001,1795
710.9405,710.9498,44375,47617,Pipistrellus pipistrellus,0.036,0.038,-1,Echolocation,/mnt/ubna_data_02_mir/recover-20220922/UBNA_001/20220921_090000.WAV,Telephone Field,recover-20220922,001,1795
710.9435,710.95,28906,41639,Eptesicus serotinus,0.007,0.026,-1,Echolocation,/mnt/ubna_data_02_mir/recover-20220922/UBNA_001/20220921_090000.WAV,Telephone Field,recover-20220922,001,1795
710.9565,710.9953,68437,82852,Rhinolophus ferrumequinum,0.023,0.023,-1,Echolocation,/mnt/ubna_data_02_mir/recover-20220922/UBNA_001/20220921_090000.WAV,Telephone Field,recover-20220922,001,1795
710.9935,711.0307,68437,81858,Rhinolophus ferrumequinum,0.023,0.023,-1,Echolocation,/mnt/ubna_data_02_mir/recover-20220922/UBNA_001/20220921_090000.WAV,Telephone Field,recover-20220922,001,1795
711.0025,711.0396,68437,81714,Rhinolophus ferrumequinum,0.022,0.022,-1,Echolocation,/mnt/ubna_data_02_mir/recover-20220922/UBNA_001/20220921_090000.WAV,Telephone Field,recover-20220922,001,1795
711.0155,711.0541,68437,82301,Rhinolophus ferrumequinum,0.025,0.025,-1,Echolocation,/mnt/ubna_data_02_mir/recover-20220922/UBNA_001/20220921_090000.WAV,Telephone Field,recover-20220922,001,1795
711.0205,711.0288,28906,38166,Eptesicus serotinus,0.008,0.023,-1,Echolocation,/mnt/ubna_data_02_mir/recover-20220922/UBNA_001/20220921_090000.WAV,Telephone Field,recover-20220922,001,1795
711.0245,711.0574,68437,81498,Rhinolophus ferrumequinum,0.022,0.023,-1,Echolocation,/mnt/ubna_data_02_mir/recover-20220922/UBNA_001/20220921_090000.WAV,Telephone Field,recover-20220922,001,1795
711.0335,711.0449,23750,28303,Nyctalus leisleri,0.02,0.034,-1,Echolocation,/mnt/ubna_data_02_mir/recover-20220922/UBNA_001/20220921_090000.WAV,Telephone Field,recover-20220922,001,1795
711.0445,711.0822000000001,68437,81929,Rhinolophus ferrumequinum,0.024,0.024,-1,Echolocation,/mnt/ubna_data_02_mir/recover-20220922/UBNA_001/20220921_090000.WAV,Telephone Field,recover-20220922,001,1795
711.0785,711.0895,29765,35831,Eptesicus serotinus,0.017,0.034,-1,Echolocation,/mnt/ubna_data_02_mir/recover-20220922/UBNA_001/20220921_090000.WAV,Telephone Field,recover-20220922,001,1795
711.0955,711.1329,68437,82105,Rhinolophus ferrumequinum,0.023,0.023,-1,Echolocation,/mnt/ubna_data_02_mir/recover-20220922/UBNA_001/20220921_090000.WAV,Telephone Field,recover-20220922,001,1795
711.1285,711.1636,68437,80958,Rhinolophus ferrumequinum,0.023,0.023,-1,Echolocation,/mnt/ubna_data_02_mir/recover-20220922/UBNA_001/20220921_090000.WAV,Telephone Field,recover-20220922,001,1795
711.1595,711.1985,68437,82657,Rhinolophus ferrumequinum,0.023,0.023,-1,Echolocation,/mnt/ubna_data_02_mir/recover-20220922/UBNA_001/20220921_090000.WAV,Telephone Field,recover-20220922,001,1795
711.1895,711.2305,68437,82285,Rhinolophus ferrumequinum,0.023,0.023,-1,Echolocation,/mnt/ubna_data_02_mir/recover-20220922/UBNA_001/20220921_090000.WAV,Telephone Field,recover-20220922,001,1795
711.2365,711.2735,68437,81745,Rhinolophus ferrumequinum,0.024,0.024,-1,Echolocation,/mnt/ubna_data_02_mir/recover-20220922/UBNA_001/20220921_090000.WAV,Telephone Field,recover-20220922,001,1795
711.2975,711.3351,68437,81733,Rhinolophus ferrumequinum,0.026,0.026,-1,Echolocation,/mnt/ubna_data_02_mir/recover-20220922/UBNA_001/20220921_090000.WAV,Telephone Field,recover-20220922,001,1795
711.3105,711.3214,55546,63922,Pipistrellus pygmaeus,0.023,0.023,-1,Echolocation,/mnt/ubna_data_02_mir/recover-20220922/UBNA_001/20220921_090000.WAV,Telephone Field,recover-20220922,001,1795
711.3275,711.3672,68437,82991,Rhinolophus ferrumequinum,0.025,0.025,-1,Echolocation,/mnt/ubna_data_02_mir/recover-20220922/UBNA_001/20220921_090000.WAV,Telephone Field,recover-20220922,001,1795
711.3295,711.3388,28906,36925,Eptesicus serotinus,0.008,0.023,-1,Echolocation,/mnt/ubna_data_02_mir/recover-20220922/UBNA_001/20220921_090000.WAV,Telephone Field,recover-20220922,001,1795
711.3455,711.3842,68437,82209,Rhinolophus ferrumequinum,0.024,0.024,-1,Echolocation,/mnt/ubna_data_02_mir/recover-20220922/UBNA_001/20220921_090000.WAV,Telephone Field,recover-20220922,001,1795
711.3735,711.3862,22031,25935,Nyctalus leisleri,0.013,0.023,-1,Echolocation,/mnt/ubna_data_02_mir/recover-20220922/UBNA_001/20220921_090000.WAV,Telephone Field,recover-20220922,001,1795
711.4265,711.4325,25468,40662,Plecotus austriacus,0.009,0.029,-1,Echolocation,/mnt/ubna_data_02_mir/recover-20220922/UBNA_001/20220921_090000.WAV,Telephone Field,recover-20220922,001,1795
711.4395,711.477,68437,81606,Rhinolophus ferrumequinum,0.025,0.025,-1,Echolocation,/mnt/ubna_data_02_mir/recover-20220922/UBNA_001/20220921_090000.WAV,Telephone Field,recover-20220922,001,1795
711.4465,711.4839,68437,81643,Rhinolophus ferrumequinum,0.024,0.024,-1,Echolocation,/mnt/ubna_data_02_mir/recover-20220922/UBNA_001/20220921_090000.WAV,Telephone Field,recover-20220922,001,1795
711.4745,711.4875,44375,50526,Pipistrellus pipistrellus,0.023,0.031,-1,Echolocation,/mnt/ubna_data_02_mir/recover-20220922/UBNA_001/20220921_090000.WAV,Telephone Field,recover-20220922,001,1795
711.4785,711.4863,24609,33944,Plecotus austriacus,0.006,0.022,-1,Echolocation,/mnt/ubna_data_02_mir/recover-20220922/UBNA_001/20220921_090000.WAV,Telephone Field,recover-20220922,001,1795
711.5035,711.5434,68437,82872,Rhinolophus ferrumequinum,0.027,0.027,-1,Echolocation,/mnt/ubna_data_02_mir/recover-20220922/UBNA_001/20220921_090000.WAV,Telephone Field,recover-20220922,001,1795
711.5255,711.5369,23750,29043,Nyctalus leisleri,0.013,0.026,-1,Echolocation,/mnt/ubna_data_02_mir/recover-20220922/UBNA_001/20220921_090000.WAV,Telephone Field,recover-20220922,001,1795
711.5565,711.5666,22031,27430,Nyctalus leisleri,0.009,0.022,-1,Echolocation,/mnt/ubna_data_02_mir/recover-20220922/UBNA_001/20220921_090000.WAV,Telephone Field,recover-20220922,001,1795
711.5605,711.5972,68437,81935,Rhinolophus ferrumequinum,0.024,0.024,-1,Echolocation,/mnt/ubna_data_02_mir/recover-20220922/UBNA_001/20220921_090000.WAV,Telephone Field,recover-20220922,001,1795
711.5755,711.587,22031,26376,Nyctalus leisleri,0.013,0.024,-1,Echolocation,/mnt/ubna_data_02_mir/recover-20220922/UBNA_001/20220921_090000.WAV,Telephone Field,recover-20220922,001,1795
711.5765,711.6154,68437,82507,Rhinolophus ferrumequinum,0.023,0.023,-1,Echolocation,/mnt/ubna_data_02_mir/recover-20220922/UBNA_001/20220921_090000.WAV,Telephone Field,recover-20220922,001,1795
711.5935,711.6346,68437,82445,Rhinolophus ferrumequinum,0.024,0.024,-1,Echolocation,/mnt/ubna_data_02_mir/recover-20220922/UBNA_001/20220921_090000.WAV,Telephone Field,recover-20220922,001,1795
711.6325,711.642,27187,36199,Eptesicus serotinus,0.012,0.026,-1,Echolocation,/mnt/ubna_data_02_mir/recover-20220922/UBNA_001/20220921_090000.WAV,Telephone Field,recover-20220922,001,1795
711.6505,711.6612,23750,30002,Nyctalus leisleri,0.011,0.025,-1,Echolocation,/mnt/ubna_data_02_mir/recover-20220922/UBNA_001/20220921_090000.WAV,Telephone Field,recover-20220922,001,1795
711.7155,711.7243,22890,31268,Plecotus austriacus,0.018,0.042,-1,Echolocation,/mnt/ubna_data_02_mir/recover-20220922/UBNA_001/20220921_090000.WAV,Telephone Field,recover-20220922,001,1795
711.7635,711.7705,24609,33113,Plecotus austriacus,0.008,0.023,-1,Echolocation,/mnt/ubna_data_02_mir/recover-20220922/UBNA_001/20220921_090000.WAV,Telephone Field,recover-20220922,001,1795
711.7715,711.8062,68437,81324,Rhinolophus ferrumequinum,0.022,0.022,-1,Echolocation,/mnt/ubna_data_02_mir/recover-20220922/UBNA_001/20220921_090000.WAV,Telephone Field,recover-20220922,001,1795
711.8025,711.8382,68437,82203,Rhinolophus ferrumequinum,0.023,0.023,-1,Echolocation,/mnt/ubna_data_02_mir/recover-20220922/UBNA_001/20220921_090000.WAV,Telephone Field,recover-20220922,001,1795
711.8065,711.816,24609,32098,Nyctalus leisleri,0.007,0.022,-1,Echolocation,/mnt/ubna_data_02_mir/recover-20220922/UBNA_001/20220921_090000.WAV,Telephone Field,recover-20220922,001,1795
711.8195,711.8314,26328,32837,Eptesicus serotinus,0.01,0.026,-1,Echolocation,/mnt/ubna_data_02_mir/recover-20220922/UBNA_001/20220921_090000.WAV,Telephone Field,recover-20220922,001,1795
711.8355,711.8467,28906,36431,Eptesicus serotinus,0.017,0.031,-1,Echolocation,/mnt/ubna_data_02_mir/recover-20220922/UBNA_001/20220921_090000.WAV,Telephone Field,recover-20220922,001,1795
711.9335,711.9554,16875,19513,Nyctalus noctula,0.014,0.024,-1,Echolocation,/mnt/ubna_data_02_mir/recover-20220922/UBNA_001/20220921_090000.WAV,Telephone Field,recover-20220922,001,1795
711.9585,711.9893,68437,81025,Rhinolophus ferrumequinum,0.023,0.023,-1,Echolocation,/mnt/ubna_data_02_mir/recover-20220922/UBNA_001/20220921_090000.WAV,Telephone Field,recover-20220922,001,1795
711.9855,711.9947,28046,38145,Eptesicus serotinus,0.009,0.024,-1,Echolocation,/mnt/ubna_data_02_mir/recover-20220922/UBNA_001/20220921_090000.WAV,Telephone Field,recover-20220922,001,1795
712.0015,712.0099,47812,53735,Pipistrellus pipistrellus,0.014,0.021,-1,Echolocation,/mnt/ubna_data_02_mir/recover-20220922/UBNA_001/20220921_090000.WAV,Telephone Field,recover-20220922,001,1795
712.0015,712.034,69296,81124,Rhinolophus ferrumequinum,0.032,0.032,-1,Echolocation,/mnt/ubna_data_02_mir/recover-20220922/UBNA_001/20220921_090000.WAV,Telephone Field,recover-20220922,001,1795
712.0015,712.0112,22031,27963,Nyctalus leisleri,0.011,0.028,-1,Echolocation,/mnt/ubna_data_02_mir/recover-20220922/UBNA_001/20220921_090000.WAV,Telephone Field,recover-20220922,001,1795
712.0195,712.0283,26328,34622,Eptesicus serotinus,0.012,0.027,-1,Echolocation,/mnt/ubna_data_02_mir/recover-20220922/UBNA_001/20220921_090000.WAV,Telephone Field,recover-20220922,001,1795
712.0745,712.1123,68437,81101,Rhinolophus ferrumequinum,0.021,0.021,-1,Echolocation,/mnt/ubna_data_02_mir/recover-20220922/UBNA_001/20220921_090000.WAV,Telephone Field,recover-20220922,001,1795
712.1135,712.1526,68437,81518,Rhinolophus ferrumequinum,0.023,0.023,-1,Echolocation,/mnt/ubna_data_02_mir/recover-20220922/UBNA_001/20220921_090000.WAV,Telephone Field,recover-20220922,001,1795
712.1475,712.1575,27187,35541,Eptesicus serotinus,0.02,0.037,-1,Echolocation,/mnt/ubna_data_02_mir/recover-20220922/UBNA_001/20220921_090000.WAV,Telephone Field,recover-20220922,001,1795
712.1785,712.2183,68437,82048,Rhinolophus ferrumequinum,0.024,0.024,-1,Echolocation,/mnt/ubna_data_02_mir/recover-20220922/UBNA_001/20220921_090000.WAV,Telephone Field,recover-20220922,001,1795
712.2425,712.2811,68437,82112,Rhinolophus ferrumequinum,0.022,0.022,-1,Echolocation,/mnt/ubna_data_02_mir/recover-20220922/UBNA_001/20220921_090000.WAV,Telephone Field,recover-20220922,001,1795
712.2545,712.2922,68437,82278,Rhinolophus ferrumequinum,0.021,0.021,-1,Echolocation,/mnt/ubna_data_02_mir/recover-20220922/UBNA_001/20220921_090000.WAV,Telephone Field,recover-20220922,001,1795
712.2735,712.3174,68437,83362,Rhinolophus ferrumequinum,0.031,0.031,-1,Echolocation,/mnt/ubna_data_02_mir/recover-20220922/UBNA_001/20220921_090000.WAV,Telephone Field,recover-20220922,001,1795
712.2985,712.3101,46953,50416,Pipistrellus pipistrellus,0.023,0.025,-1,Echolocation,/mnt/ubna_data_02_mir/recover-20220922/UBNA_001/20220921_090000.WAV,Telephone Field,recover-20220922,001,1795
712.3295,712.3693,68437,82366,Rhinolophus ferrumequinum,0.026,0.026,-1,Echolocation,/mnt/ubna_data_02_mir/recover-20220922/UBNA_001/20220921_090000.WAV,Telephone Field,recover-20220922,001,1795
712.3425,712.3796,68437,81597,Rhinolophus ferrumequinum,0.021,0.021,-1,Echolocation,/mnt/ubna_data_02_mir/recover-20220922/UBNA_001/20220921_090000.WAV,Telephone Field,recover-20220922,001,1795
712.3615,712.3691,28046,37456,Eptesicus serotinus,0.007,0.023,-1,Echolocation,/mnt/ubna_data_02_mir/recover-20220922/UBNA_001/20220921_090000.WAV,Telephone Field,recover-20220922,001,1795
712.3745,712.4127,68437,82189,Rhinolophus ferrumequinum,0.026,0.026,-1,Echolocation,/mnt/ubna_data_02_mir/recover-20220922/UBNA_001/20220921_090000.WAV,Telephone Field,recover-20220922,001,1795
712.3855,712.426,68437,82143,Rhinolophus ferrumequinum,0.024,0.024,-1,Echolocation,/mnt/ubna_data_02_mir/recover-20220922/UBNA_001/20220921_090000.WAV,Telephone Field,recover-20220922,001,1795
712.3935,712.4011,27187,38091,Eptesicus serotinus,0.007,0.022,-1,Echolocation,/mnt/ubna_data_02_mir/recover-20220922/UBNA_001/20220921_090000.WAV,Telephone Field,recover-20220922,001,1795
712.4014999999999,712.4383,68437,81572,Rhinolophus ferrumequinum,0.023,0.023,-1,Echolocation,/mnt/ubna_data_02_mir/recover-20220922/UBNA_001/20220921_090000.WAV,Telephone Field,recover-20220922,001,1795
712.4105,712.4482,68437,81767,Rhinolophus ferrumequinum,0.028,0.028,-1,Echolocation,/mnt/ubna_data_02_mir/recover-20220922/UBNA_001/20220921_090000.WAV,Telephone Field,recover-20220922,001,1795
712.4215,712.4632,68437,82362,Rhinolophus ferrumequinum,0.023,0.023,-1,Echolocation,/mnt/ubna_data_02_mir/recover-20220922/UBNA_001/20220921_090000.WAV,Telephone Field,recover-20220922,001,1795
712.4675,712.4757,28046,39706,Eptesicus serotinus,0.008,0.022,-1,Echolocation,/mnt/ubna_data_02_mir/recover-20220922/UBNA_001/20220921_090000.WAV,Telephone Field,recover-20220922,001,1795
712.4805,712.5185,68437,81556,Rhinolophus ferrumequinum,0.022,0.022,-1,Echolocation,/mnt/ubna_data_02_mir/recover-20220922/UBNA_001/20220921_090000.WAV,Telephone Field,recover-20220922,001,1795
712.5415,712.5772,68437,81313,Rhinolophus ferrumequinum,0.022,0.023,-1,Echolocation,/mnt/ubna_data_02_mir/recover-20220922/UBNA_001/20220921_090000.WAV,Telephone Field,recover-20220922,001,1795
712.6265,712.6662,68437,82681,Rhinolophus ferrumequinum,0.027,0.027,-1,Echolocation,/mnt/ubna_data_02_mir/recover-20220922/UBNA_001/20220921_090000.WAV,Telephone Field,recover-20220922,001,1795
712.6645,712.7033,68437,82508,Rhinolophus ferrumequinum,0.026,0.026,-1,Echolocation,/mnt/ubna_data_02_mir/recover-20220922/UBNA_001/20220921_090000.WAV,Telephone Field,recover-20220922,001,1795
712.6885,712.7279,68437,82665,Rhinolophus ferrumequinum,0.022,0.022,-1,Echolocation,/mnt/ubna_data_02_mir/recover-20220922/UBNA_001/20220921_090000.WAV,Telephone Field,recover-20220922,001,1795
712.7005,712.7081000000001,28046,39487,Eptesicus serotinus,0.008,0.022,-1,Echolocation,/mnt/ubna_data_02_mir/recover-20220922/UBNA_001/20220921_090000.WAV,Telephone Field,recover-20220922,001,1795
712.7135,712.7573,68437,83078,Rhinolophus ferrumequinum,0.03,0.03,-1,Echolocation,/mnt/ubna_data_02_mir/recover-20220922/UBNA_001/20220921_090000.WAV,Telephone Field,recover-20220922,001,1795
712.7245,712.733,28046,37650,Eptesicus serotinus,0.009,0.022,-1,Echolocation,/mnt/ubna_data_02_mir/recover-20220922/UBNA_001/20220921_090000.WAV,Telephone Field,recover-20220922,001,1795
712.7525,712.7607,25468,36771,Eptesicus serotinus,0.01,0.03,-1,Echolocation,/mnt/ubna_data_02_mir/recover-20220922/UBNA_001/20220921_090000.WAV,Telephone Field,recover-20220922,001,1795
712.7535,712.7608,31484,41993,Myotis daubentonii,0.011,0.027,-1,Echolocation,/mnt/ubna_data_02_mir/recover-20220922/UBNA_001/20220921_090000.WAV,Telephone Field,recover-20220922,001,1795
712.7565,712.7969,68437,82053,Rhinolophus ferrumequinum,0.04,0.04,-1,Echolocation,/mnt/ubna_data_02_mir/recover-20220922/UBNA_001/20220921_090000.WAV,Telephone Field,recover-20220922,001,1795
712.7685,712.7805,26328,32799,Eptesicus serotinus,0.011,0.026,-1,Echolocation,/mnt/ubna_data_02_mir/recover-20220922/UBNA_001/20220921_090000.WAV,Telephone Field,recover-20220922,001,1795
712.7775,712.8162,68437,82646,Rhinolophus ferrumequinum,0.027,0.027,-1,Echolocation,/mnt/ubna_data_02_mir/recover-20220922/UBNA_001/20220921_090000.WAV,Telephone Field,recover-20220922,001,1795
712.7775,712.7886,28906,34212,Eptesicus serotinus,0.009,0.024,-1,Echolocation,/mnt/ubna_data_02_mir/recover-20220922/UBNA_001/20220921_090000.WAV,Telephone Field,recover-20220922,001,1795
712.7955,712.8023,27187,37198,Eptesicus serotinus,0.008,0.026,-1,Echolocation,/mnt/ubna_data_02_mir/recover-20220922/UBNA_001/20220921_090000.WAV,Telephone Field,recover-20220922,001,1795
712.8155,712.8568,68437,83027,Rhinolophus ferrumequinum,0.026,0.026,-1,Echolocation,/mnt/ubna_data_02_mir/recover-20220922/UBNA_001/20220921_090000.WAV,Telephone Field,recover-20220922,001,1795
712.8265,712.8368,27187,35834,Eptesicus serotinus,0.011,0.024,-1,Echolocation,/mnt/ubna_data_02_mir/recover-20220922/UBNA_001/20220921_090000.WAV,Telephone Field,recover-20220922,001,1795
712.8345,712.8454,27187,35070,Eptesicus serotinus,0.013,0.026,-1,Echolocation,/mnt/ubna_data_02_mir/recover-20220922/UBNA_001/20220921_090000.WAV,Telephone Field,recover-20220922,001,1795
712.8425,712.8513,27187,37299,Eptesicus serotinus,0.009,0.026,-1,Echolocation,/mnt/ubna_data_02_mir/recover-20220922/UBNA_001/20220921_090000.WAV,Telephone Field,recover-20220922,001,1795
712.8745,712.9151,68437,82987,Rhinolophus ferrumequinum,0.025,0.025,-1,Echolocation,/mnt/ubna_data_02_mir/recover-20220922/UBNA_001/20220921_090000.WAV,Telephone Field,recover-20220922,001,1795
712.9145,712.9219,34062,41872,Myotis daubentonii,0.01,0.025,-1,Echolocation,/mnt/ubna_data_02_mir/recover-20220922/UBNA_001/20220921_090000.WAV,Telephone Field,recover-20220922,001,1795
712.9185,712.9272,15156,23056,Plecotus auritus,0.013,0.028,-1,Echolocation,/mnt/ubna_data_02_mir/recover-20220922/UBNA_001/20220921_090000.WAV,Telephone Field,recover-20220922,001,1795
712.9605,713.0002,68437,82124,Rhinolophus ferrumequinum,0.023,0.023,-1,Echolocation,/mnt/ubna_data_02_mir/recover-20220922/UBNA_001/20220921_090000.WAV,Telephone Field,recover-20220922,001,1795
712.9705,713.0095,68437,82489,Rhinolophus ferrumequinum,0.034,0.034,-1,Echolocation,/mnt/ubna_data_02_mir/recover-20220922/UBNA_001/20220921_090000.WAV,Telephone Field,recover-20220922,001,1795
712.9785,713.014,68437,81138,Rhinolophus ferrumequinum,0.021,0.021,-1,Echolocation,/mnt/ubna_data_02_mir/recover-20220922/UBNA_001/20220921_090000.WAV,Telephone Field,recover-20220922,001,1795
713.0005,713.0110999999999,22031,26331,Nyctalus leisleri,0.011,0.022,-1,Echolocation,/mnt/ubna_data_02_mir/recover-20220922/UBNA_001/20220921_090000.WAV,Telephone Field,recover-20220922,001,1795
713.0115,713.0186,28046,37799,Eptesicus serotinus,0.006,0.022,-1,Echolocation,/mnt/ubna_data_02_mir/recover-20220922/UBNA_001/20220921_090000.WAV,Telephone Field,recover-20220922,001,1795
713.0485,713.0595,22031,27555,Nyctalus leisleri,0.029,0.069,-1,Echolocation,/mnt/ubna_data_02_mir/recover-20220922/UBNA_001/20220921_090000.WAV,Telephone Field,recover-20220922,001,1795
713.0685,713.1064,68437,81922,Rhinolophus ferrumequinum,0.022,0.022,-1,Echolocation,/mnt/ubna_data_02_mir/recover-20220922/UBNA_001/20220921_090000.WAV,Telephone Field,recover-20220922,001,1795
713.1025,713.1416,68437,81582,Rhinolophus ferrumequinum,0.023,0.023,-1,Echolocation,/mnt/ubna_data_02_mir/recover-20220922/UBNA_001/20220921_090000.WAV,Telephone Field,recover-20220922,001,1795
713.1065,713.1152,43515,53026,Pipistrellus pipistrellus,0.015,0.024,-1,Echolocation,/mnt/ubna_data_02_mir/recover-20220922/UBNA_001/20220921_090000.WAV,Telephone Field,recover-20220922,001,1795
713.1075,713.1162,36640,43985,Pipistrellus nathusii,0.013,0.027,-1,Echolocation,/mnt/ubna_data_02_mir/recover-20220922/UBNA_001/20220921_090000.WAV,Telephone Field,recover-20220922,001,1795
713.1105,713.1188,27187,38191,Eptesicus serotinus,0.008,0.023,-1,Echolocation,/mnt/ubna_data_02_mir/recover-20220922/UBNA_001/20220921_090000.WAV,Telephone Field,recover-20220922,001,1795
713.1115,713.1517,68437,82517,Rhinolophus ferrumequinum,0.021,0.021,-1,Echolocation,/mnt/ubna_data_02_mir/recover-20220922/UBNA_001/20220921_090000.WAV,Telephone Field,recover-20220922,001,1795
713.1255,713.168,68437,83062,Rhinolophus ferrumequinum,0.023,0.023,-1,Echolocation,/mnt/ubna_data_02_mir/recover-20220922/UBNA_001/20220921_090000.WAV,Telephone Field,recover-20220922,001,1795
713.1365,713.1438,44375,51369,Pipistrellus pipistrellus,0.018,0.022,-1,Echolocation,/mnt/ubna_data_02_mir/recover-20220922/UBNA_001/20220921_090000.WAV,Telephone Field,recover-20220922,001,1795
713.1385,713.1797,68437,82723,Rhinolophus ferrumequinum,0.026,0.026,-1,Echolocation,/mnt/ubna_data_02_mir/recover-20220922/UBNA_001/20220921_090000.WAV,Telephone Field,recover-20220922,001,1795
713.1605,713.2001,68437,82462,Rhinolophus ferrumequinum,0.022,0.022,-1,Echolocation,/mnt/ubna_data_02_mir/recover-20220922/UBNA_001/20220921_090000.WAV,Telephone Field,recover-20220922,001,1795
713.1675,713.2081000000001,68437,82312,Rhinolophus ferrumequinum,0.022,0.022,-1,Echolocation,/mnt/ubna_data_02_mir/recover-20220922/UBNA_001/20220921_090000.WAV,Telephone Field,recover-20220922,001,1795
713.1825,713.2212,68437,81804,Rhinolophus ferrumequinum,0.022,0.022,-1,Echolocation,/mnt/ubna_data_02_mir/recover-20220922/UBNA_001/20220921_090000.WAV,Telephone Field,recover-20220922,001,1795
713.1925,713.1989,46093,50351,Pipistrellus pipistrellus,0.051,0.053,-1,Echolocation,/mnt/ubna_data_02_mir/recover-20220922/UBNA_001/20220921_090000.WAV,Telephone Field,recover-20220922,001,1795
713.2045,713.243,68437,82517,Rhinolophus ferrumequinum,0.021,0.021,-1,Echolocation,/mnt/ubna_data_02_mir/recover-20220922/UBNA_001/20220921_090000.WAV,Telephone Field,recover-20220922,001,1795
713.2945,713.3336,68437,81759,Rhinolophus ferrumequinum,0.022,0.022,-1,Echolocation,/mnt/ubna_data_02_mir/recover-20220922/UBNA_001/20220921_090000.WAV,Telephone Field,recover-20220922,001,1795
713.3835,713.3923,26328,35556,Eptesicus serotinus,0.012,0.027,-1,Echolocation,/mnt/ubna_data_02_mir/recover-20220922/UBNA_001/20220921_090000.WAV,Telephone Field,recover-20220922,001,1795
713.4035,713.4458,68437,82699,Rhinolophus ferrumequinum,0.024,0.024,-1,Echolocation,/mnt/ubna_data_02_mir/recover-20220922/UBNA_001/20220921_090000.WAV,Telephone Field,recover-20220922,001,1795
713.4255,713.4626,68437,81741,Rhinolophus ferrumequinum,0.021,0.021,-1,Echolocation,/mnt/ubna_data_02_mir/recover-20220922/UBNA_001/20220921_090000.WAV,Telephone Field,recover-20220922,001,1795
713.4535,713.4898,68437,81626,Rhinolophus ferrumequinum,0.021,0.021,-1,Echolocation,/mnt/ubna_data_02_mir/recover-20220922/UBNA_001/20220921_090000.WAV,Telephone Field,recover-20220922,001,1795
713.4605,713.4969,68437,81631,Rhinolophus ferrumequinum,0.022,0.022,-1,Echolocation,/mnt/ubna_data_02_mir/recover-20220922/UBNA_001/20220921_090000.WAV,Telephone Field,recover-20220922,001,1795
713.4625,713.4723,28046,36587,Eptesicus serotinus,0.009,0.021,-1,Echolocation,/mnt/ubna_data_02_mir/recover-20220922/UBNA_001/20220921_090000.WAV,Telephone Field,recover-20220922,001,1795
713.4785,713.4874,28906,41065,Eptesicus serotinus,0.01,0.026,-1,Echolocation,/mnt/ubna_data_02_mir/recover-20220922/UBNA_001/20220921_090000.WAV,Telephone Field,recover-20220922,001,1795
713.5185,713.5572,68437,82394,Rhinolophus ferrumequinum,0.022,0.022,-1,Echolocation,/mnt/ubna_data_02_mir/recover-20220922/UBNA_001/20220921_090000.WAV,Telephone Field,recover-20220922,001,1795
713.5545,713.5648,27187,34916,Eptesicus serotinus,0.009,0.022,-1,Echolocation,/mnt/ubna_data_02_mir/recover-20220922/UBNA_001/20220921_090000.WAV,Telephone Field,recover-20220922,001,1795
713.5775,713.6167,68437,81996,Rhinolophus ferrumequinum,0.022,0.022,-1,Echolocation,/mnt/ubna_data_02_mir/recover-20220922/UBNA_001/20220921_090000.WAV,Telephone Field,recover-20220922,001,1795
713.5855,713.6238,68437,82328,Rhinolophus ferrumequinum,0.021,0.021,-1,Echolocation,/mnt/ubna_data_02_mir/recover-20220922/UBNA_001/20220921_090000.WAV,Telephone Field,recover-20220922,001,1795
713.5955,713.6386,68437,83054,Rhinolophus ferrumequinum,0.024,0.024,-1,Echolocation,/mnt/ubna_data_02_mir/recover-20220922/UBNA_001/20220921_090000.WAV,Telephone Field,recover-20220922,001,1795
713.6195,713.6417,16875,20807,Nyctalus noctula,0.016,0.024,-1,Echolocation,/mnt/ubna_data_02_mir/recover-20220922/UBNA_001/20220921_090000.WAV,Telephone Field,recover-20220922,001,1795
713.6465,713.6552,23750,30573,Plecotus austriacus,0.006,0.023,-1,Echolocation,/mnt/ubna_data_02_mir/recover-20220922/UBNA_001/20220921_090000.WAV,Telephone Field,recover-20220922,001,1795
713.6915,713.7317,68437,82493,Rhinolophus ferrumequinum,0.024,0.024,-1,Echolocation,/mnt/ubna_data_02_mir/recover-20220922/UBNA_001/20220921_090000.WAV,Telephone Field,recover-20220922,001,1795
713.6995,713.71,28046,35159,Eptesicus serotinus,0.012,0.026,-1,Echolocation,/mnt/ubna_data_02_mir/recover-20220922/UBNA_001/20220921_090000.WAV,Telephone Field,recover-20220922,001,1795
713.7195,713.7584,68437,81733,Rhinolophus ferrumequinum,0.021,0.021,-1,Echolocation,/mnt/ubna_data_02_mir/recover-20220922/UBNA_001/20220921_090000.WAV,Telephone Field,recover-20220922,001,1795
713.7205,713.7289,28906,38066,Eptesicus serotinus,0.007,0.023,-1,Echolocation,/mnt/ubna_data_02_mir/recover-20220922/UBNA_001/20220921_090000.WAV,Telephone Field,recover-20220922,001,1795
713.7325,713.7727,68437,83150,Rhinolophus ferrumequinum,0.023,0.023,-1,Echolocation,/mnt/ubna_data_02_mir/recover-20220922/UBNA_001/20220921_090000.WAV,Telephone Field,recover-20220922,001,1795
713.7665,713.7769,28906,35554,Eptesicus serotinus,0.022,0.044,-1,Echolocation,/mnt/ubna_data_02_mir/recover-20220922/UBNA_001/20220921_090000.WAV,Telephone Field,recover-20220922,001,1795
713.7835,713.819,68437,81703,Rhinolophus ferrumequinum,0.021,0.021,-1,Echolocation,/mnt/ubna_data_02_mir/recover-20220922/UBNA_001/20220921_090000.WAV,Telephone Field,recover-20220922,001,1795
713.8085,713.8178,28046,36646,Eptesicus serotinus,0.01,0.026,-1,Echolocation,/mnt/ubna_data_02_mir/recover-20220922/UBNA_001/20220921_090000.WAV,Telephone Field,recover-20220922,001,1795
713.8435,713.8827,68437,82106,Rhinolophus ferrumequinum,0.022,0.022,-1,Echolocation,/mnt/ubna_data_02_mir/recover-20220922/UBNA_001/20220921_090000.WAV,Telephone Field,recover-20220922,001,1795
713.8685,713.9088,68437,83075,Rhinolophus ferrumequinum,0.043,0.043,-1,Echolocation,/mnt/ubna_data_02_mir/recover-20220922/UBNA_001/20220921_090000.WAV,Telephone Field,recover-20220922,001,1795
713.8785,713.8868,28046,37291,Eptesicus serotinus,0.007,0.022,-1,Echolocation,/mnt/ubna_data_02_mir/recover-20220922/UBNA_001/20220921_090000.WAV,Telephone Field,recover-20220922,001,1795
713.8965,713.9045,23750,31416,Plecotus austriacus,0.007,0.021,-1,Echolocation,/mnt/ubna_data_02_mir/recover-20220922/UBNA_001/20220921_090000.WAV,Telephone Field,recover-20220922,001,1795
713.9455,713.983,68437,81368,Rhinolophus ferrumequinum,0.022,0.023,-1,Echolocation,/mnt/ubna_data_02_mir/recover-20220922/UBNA_001/20220921_090000.WAV,Telephone Field,recover-20220922,001,1795
713.9825,713.9918,22031,28763,Plecotus austriacus,0.009,0.023,-1,Echolocation,/mnt/ubna_data_02_mir/recover-20220922/UBNA_001/20220921_090000.WAV,Telephone Field,recover-20220922,001,1795
714.0015,714.0104,22031,27895,Nyctalus leisleri,0.01,0.027,-1,Echolocation,/mnt/ubna_data_02_mir/recover-20220922/UBNA_001/20220921_090000.WAV,Telephone Field,recover-20220922,001,1795
714.0155,714.0581,68437,82882,Rhinolophus ferrumequinum,0.023,0.023,-1,Echolocation,/mnt/ubna_data_02_mir/recover-20220922/UBNA_001/20220921_090000.WAV,Telephone Field,recover-20220922,001,1795
714.0385,714.0793,68437,82898,Rhinolophus ferrumequinum,0.024,0.024,-1,Echolocation,/mnt/ubna_data_02_mir/recover-20220922/UBNA_001/20220921_090000.WAV,Telephone Field,recover-20220922,001,1795
714.0515,714.0586,34062,43207,Myotis daubentonii,0.012,0.023,-1,Echolocation,/mnt/ubna_data_02_mir/recover-20220922/UBNA_001/20220921_090000.WAV,Telephone Field,recover-20220922,001,1795
714.0515,714.0594,27187,40072,Eptesicus serotinus,0.009,0.024,-1,Echolocation,/mnt/ubna_data_02_mir/recover-20220922/UBNA_001/20220921_090000.WAV,Telephone Field,recover-20220922,001,1795
714.0695,714.0782,23750,30902,Plecotus austriacus,0.007,0.021,-1,Echolocation,/mnt/ubna_data_02_mir/recover-20220922/UBNA_001/20220921_090000.WAV,Telephone Field,recover-20220922,001,1795
714.0855,714.123,68437,81971,Rhinolophus ferrumequinum,0.021,0.021,-1,Echolocation,/mnt/ubna_data_02_mir/recover-20220922/UBNA_001/20220921_090000.WAV,Telephone Field,recover-20220922,001,1795
714.0885,714.0952,45234,49295,Pipistrellus pipistrellus,0.023,0.024,-1,Echolocation,/mnt/ubna_data_02_mir/recover-20220922/UBNA_001/20220921_090000.WAV,Telephone Field,recover-20220922,001,1795
714.0905,714.0988,28046,39025,Eptesicus serotinus,0.008,0.024,-1,Echolocation,/mnt/ubna_data_02_mir/recover-20220922/UBNA_001/20220921_090000.WAV,Telephone Field,recover-20220922,001,1795
714.1155,714.1534,68437,81452,Rhinolophus ferrumequinum,0.021,0.021,-1,Echolocation,/mnt/ubna_data_02_mir/recover-20220922/UBNA_001/20220921_090000.WAV,Telephone Field,recover-20220922,001,1795
714.1395,714.1799,68437,82556,Rhinolophus ferrumequinum,0.022,0.022,-1,Echolocation,/mnt/ubna_data_02_mir/recover-20220922/UBNA_001/20220921_090000.WAV,Telephone Field,recover-20220922,001,1795
714.1405,714.1521,27187,34676,Eptesicus serotinus,0.018,0.031,-1,Echolocation,/mnt/ubna_data_02_mir/recover-20220922/UBNA_001/20220921_090000.WAV,Telephone Field,recover-20220922,001,1795
714.1445,714.1573,56406,61101,Pipistrellus pygmaeus,0.021,0.022,-1,Echolocation,/mnt/ubna_data_02_mir/recover-20220922/UBNA_001/20220921_090000.WAV,Telephone Field,recover-20220922,001,1795
714.1615,714.1974,68437,82005,Rhinolophus ferrumequinum,0.028,0.028,-1,Echolocation,/mnt/ubna_data_02_mir/recover-20220922/UBNA_001/20220921_090000.WAV,Telephone Field,recover-20220922,001,1795
714.2115,714.2479,68437,81379,Rhinolophus ferrumequinum,0.022,0.022,-1,Echolocation,/mnt/ubna_data_02_mir/recover-20220922/UBNA_001/20220921_090000.WAV,Telephone Field,recover-20220922,001,1795
714.2215,714.2626,68437,82695,Rhinolophus ferrumequinum,0.029,0.029,-1,Echolocation,/mnt/ubna_data_02_mir/recover-20220922/UBNA_001/20220921_090000.WAV,Telephone Field,recover-20220922,001,1795
714.2385,714.2752,68437,82097,Rhinolophus ferrumequinum,0.022,0.022,-1,Echolocation,/mnt/ubna_data_02_mir/recover-20220922/UBNA_001/20220921_090000.WAV,Telephone Field,recover-20220922,001,1795
714.2395,714.2485,28046,36197,Eptesicus serotinus,0.008,0.023,-1,Echolocation,/mnt/ubna_data_02_mir/recover-20220922/UBNA_001/20220921_090000.WAV,Telephone Field,recover-20220922,001,1795
714.2965,714.3044,27187,39473,Eptesicus serotinus,0.007,0.021,-1,Echolocation,/mnt/ubna_data_02_mir/recover-20220922/UBNA_001/20220921_090000.WAV,Telephone Field,recover-20220922,001,1795
714.3005,714.3416,68437,82642,Rhinolophus ferrumequinum,0.023,0.023,-1,Echolocation,/mnt/ubna_data_02_mir/recover-20220922/UBNA_001/20220921_090000.WAV,Telephone Field,recover-20220922,001,1795
714.3325,714.3708,68437,81934,Rhinolophus ferrumequinum,0.023,0.023,-1,Echolocation,/mnt/ubna_data_02_mir/recover-20220922/UBNA_001/20220921_090000.WAV,Telephone Field,recover-20220922,001,1795
714.3405,714.3795,68437,81848,Rhinolophus ferrumequinum,0.023,0.023,-1,Echolocation,/mnt/ubna_data_02_mir/recover-20220922/UBNA_001/20220921_090000.WAV,Telephone Field,recover-20220922,001,1795
714.3475,714.3877,68437,82125,Rhinolophus ferrumequinum,0.022,0.022,-1,Echolocation,/mnt/ubna_data_02_mir/recover-20220922/UBNA_001/20220921_090000.WAV,Telephone Field,recover-20220922,001,1795
714.3545,714.3895,68437,81375,Rhinolophus ferrumequinum,0.021,0.021,-1,Echolocation,/mnt/ubna_data_02_mir/recover-20220922/UBNA_001/20220921_090000.WAV,Telephone Field,recover-20220922,001,1795
714.3935,714.4275,68437,81174,Rhinolophus ferrumequinum,0.024,0.024,-1,Echolocation,/mnt/ubna_data_02_mir/recover-20220922/UBNA_001/20220921_090000.WAV,Telephone Field,recover-20220922,001,1795
714.4025,714.4104,27187,40202,Eptesicus serotinus,0.007,0.021,-1,Echolocation,/mnt/ubna_data_02_mir/recover-20220922/UBNA_001/20220921_090000.WAV,Telephone Field,recover-20220922,001,1795
714.4235,714.4339,23750,29365,Nyctalus leisleri,0.009,0.022,-1,Echolocation,/mnt/ubna_data_02_mir/recover-20220922/UBNA_001/20220921_090000.WAV,Telephone Field,recover-20220922,001,1795
714.4395,714.447,23750,32631,Plecotus austriacus,0.01,0.024,-1,Echolocation,/mnt/ubna_data_02_mir/recover-20220922/UBNA_001/20220921_090000.WAV,Telephone Field,recover-20220922,001,1795
714.4685,714.5073,68437,82681,Rhinolophus ferrumequinum,0.023,0.023,-1,Echolocation,/mnt/ubna_data_02_mir/recover-20220922/UBNA_001/20220921_090000.WAV,Telephone Field,recover-20220922,001,1795
714.4775,714.4852,28046,39647,Eptesicus serotinus,0.007,0.023,-1,Echolocation,/mnt/ubna_data_02_mir/recover-20220922/UBNA_001/20220921_090000.WAV,Telephone Field,recover-20220922,001,1795
714.4775,714.5153,68437,82406,Rhinolophus ferrumequinum,0.023,0.023,-1,Echolocation,/mnt/ubna_data_02_mir/recover-20220922/UBNA_001/20220921_090000.WAV,Telephone Field,recover-20220922,001,1795
714.4875,714.5293,68437,82562,Rhinolophus ferrumequinum,0.024,0.024,-1,Echolocation,/mnt/ubna_data_02_mir/recover-20220922/UBNA_001/20220921_090000.WAV,Telephone Field,recover-20220922,001,1795
714.5445,714.5823,68437,81876,Rhinolophus ferrumequinum,0.022,0.022,-1,Echolocation,/mnt/ubna_data_02_mir/recover-20220922/UBNA_001/20220921_090000.WAV,Telephone Field,recover-20220922,001,1795
714.5665,714.6064,68437,82373,Rhinolophus ferrumequinum,0.029,0.029,-1,Echolocation,/mnt/ubna_data_02_mir/recover-20220922/UBNA_001/20220921_090000.WAV,Telephone Field,recover-20220922,001,1795
714.5975,714.6069,30625,39545,Eptesicus serotinus,0.007,0.024,-1,Echolocation,/mnt/ubna_data_02_mir/recover-20220922/UBNA_001/20220921_090000.WAV,Telephone Field,recover-20220922,001,1795
714.6395,714.6793,68437,82191,Rhinolophus ferrumequinum,0.022,0.022,-1,Echolocation,/mnt/ubna_data_02_mir/recover-20220922/UBNA_001/20220921_090000.WAV,Telephone Field,recover-20220922,001,1795
714.6545,714.6927,68437,82052,Rhinolophus ferrumequinum,0.024,0.024,-1,Echolocation,/mnt/ubna_data_02_mir/recover-20220922/UBNA_001/20220921_090000.WAV,Telephone Field,recover-20220922,001,1795
714.6805,714.691,27187,34821,Eptesicus serotinus,0.011,0.022,-1,Echolocation,/mnt/ubna_data_02_mir/recover-20220922/UBNA_001/20220921_090000.WAV,Telephone Field,recover-20220922,001,1795
714.7145,714.729,22890,26632,Nyctalus leisleri,0.021,0.034,-1,Echolocation,/mnt/ubna_data_02_mir/recover-20220922/UBNA_001/20220921_090000.WAV,Telephone Field,recover-20220922,001,1795
714.7225,714.7628,68437,82082,Rhinolophus ferrumequinum,0.044,0.044,-1,Echolocation,/mnt/ubna_data_02_mir/recover-20220922/UBNA_001/20220921_090000.WAV,Telephone Field,recover-20220922,001,1795
714.7535,714.7635,51250,55861,Pipistrellus pipistrellus,0.032,0.038,-1,Echolocation,/mnt/ubna_data_02_mir/recover-20220922/UBNA_001/20220921_090000.WAV,Telephone Field,recover-20220922,001,1795
714.7795,714.8199,68437,82546,Rhinolophus ferrumequinum,0.025,0.025,-1,Echolocation,/mnt/ubna_data_02_mir/recover-20220922/UBNA_001/20220921_090000.WAV,Telephone Field,recover-20220922,001,1795
714.7915,714.8317,68437,82957,Rhinolophus ferrumequinum,0.027,0.027,-1,Echolocation,/mnt/ubna_data_02_mir/recover-20220922/UBNA_001/20220921_090000.WAV,Telephone Field,recover-20220922,001,1795
714.8305,714.8403,28046,39067,Eptesicus serotinus,0.008,0.022,-1,Echolocation,/mnt/ubna_data_02_mir/recover-20220922/UBNA_001/20220921_090000.WAV,Telephone Field,recover-20220922,001,1795
714.8485000000001,714.8586,22890,28877,Nyctalus leisleri,0.01,0.026,-1,Echolocation,/mnt/ubna_data_02_mir/recover-20220922/UBNA_001/20220921_090000.WAV,Telephone Field,recover-20220922,001,1795
714.8545,714.8947000000001,68437,82749,Rhinolophus ferrumequinum,0.027,0.027,-1,Echolocation,/mnt/ubna_data_02_mir/recover-20220922/UBNA_001/20220921_090000.WAV,Telephone Field,recover-20220922,001,1795
714.8565,714.8663,51250,56492,Pipistrellus pipistrellus,0.023,0.027,-1,Echolocation,/mnt/ubna_data_02_mir/recover-20220922/UBNA_001/20220921_090000.WAV,Telephone Field,recover-20220922,001,1795
714.8775,714.9168,68437,82320,Rhinolophus ferrumequinum,0.031,0.031,-1,Echolocation,/mnt/ubna_data_02_mir/recover-20220922/UBNA_001/20220921_090000.WAV,Telephone Field,recover-20220922,001,1795
714.9045,714.9448,68437,82807,Rhinolophus ferrumequinum,0.024,0.024,-1,Echolocation,/mnt/ubna_data_02_mir/recover-20220922/UBNA_001/20220921_090000.WAV,Telephone Field,recover-20220922,001,1795
714.9235,714.9315,42656,45534,Pipistrellus pipistrellus,0.025,0.028,-1,Echolocation,/mnt/ubna_data_02_mir/recover-20220922/UBNA_001/20220921_090000.WAV,Telephone Field,recover-20220922,001,1795
714.9735000000001,714.9852,24609,31019,Nyctalus leisleri,0.016,0.039,-1,Echolocation,/mnt/ubna_data_02_mir/recover-20220922/UBNA_001/20220921_090000.WAV,Telephone Field,recover-20220922,001,1795
715.0085,715.0209,25468,31676,Eptesicus serotinus,0.014,0.031,-1,Echolocation,/mnt/ubna_data_02_mir/recover-20220922/UBNA_001/20220921_090000.WAV,Telephone Field,recover-20220922,001,1795
715.0095,715.0447,68437,80469,Rhinolophus ferrumequinum,0.029,0.029,-1,Echolocation,/mnt/ubna_data_02_mir/recover-20220922/UBNA_001/20220921_090000.WAV,Telephone Field,recover-20220922,001,1795
715.0465,715.0856,68437,81736,Rhinolophus ferrumequinum,0.021,0.022,-1,Echolocation,/mnt/ubna_data_02_mir/recover-20220922/UBNA_001/20220921_090000.WAV,Telephone Field,recover-20220922,001,1795
715.0775,715.1152,68437,81898,Rhinolophus ferrumequinum,0.022,0.022,-1,Echolocation,/mnt/ubna_data_02_mir/recover-20220922/UBNA_001/20220921_090000.WAV,Telephone Field,recover-20220922,001,1795
715.0835,715.0981,15156,20749,Nyctalus noctula,0.029,0.04,-1,Echolocation,/mnt/ubna_data_02_mir/recover-20220922/UBNA_001/20220921_090000.WAV,Telephone Field,recover-20220922,001,1795
715.1145,715.1244,28046,36023,Eptesicus serotinus,0.009,0.023,-1,Echolocation,/mnt/ubna_data_02_mir/recover-20220922/UBNA_001/20220921_090000.WAV,Telephone Field,recover-20220922,001,1795
715.1475,715.1859,68437,82382,Rhinolophus ferrumequinum,0.022,0.022,-1,Echolocation,/mnt/ubna_data_02_mir/recover-20220922/UBNA_001/20220921_090000.WAV,Telephone Field,recover-20220922,001,1795
715.1525,715.1629,22890,28188,Nyctalus leisleri,0.014,0.031,-1,Echolocation,/mnt/ubna_data_02_mir/recover-20220922/UBNA_001/20220921_090000.WAV,Telephone Field,recover-20220922,001,1795
715.1645,715.2077,68437,83113,Rhinolophus ferrumequinum,0.034,0.034,-1,Echolocation,/mnt/ubna_data_02_mir/recover-20220922/UBNA_001/20220921_090000.WAV,Telephone Field,recover-20220922,001,1795
715.1785,715.2176,68437,82193,Rhinolophus ferrumequinum,0.022,0.022,-1,Echolocation,/mnt/ubna_data_02_mir/recover-20220922/UBNA_001/20220921_090000.WAV,Telephone Field,recover-20220922,001,1795
715.1875,715.2276,68437,82707,Rhinolophus ferrumequinum,0.023,0.023,-1,Echolocation,/mnt/ubna_data_02_mir/recover-20220922/UBNA_001/20220921_090000.WAV,Telephone Field,recover-20220922,001,1795
715.1985,715.2383,68437,82195,Rhinolophus ferrumequinum,0.023,0.023,-1,Echolocation,/mnt/ubna_data_02_mir/recover-20220922/UBNA_001/20220921_090000.WAV,Telephone Field,recover-20220922,001,1795
715.2155,715.225,23750,31845,Plecotus austriacus,0.008,0.029,-1,Echolocation,/mnt/ubna_data_02_mir/recover-20220922/UBNA_001/20220921_090000.WAV,Telephone Field,recover-20220922,001,1795
715.2175,715.2557,68437,81939,Rhinolophus ferrumequinum,0.023,0.023,-1,Echolocation,/mnt/ubna_data_02_mir/recover-20220922/UBNA_001/20220921_090000.WAV,Telephone Field,recover-20220922,001,1795
715.2275,715.2367,28906,38327,Eptesicus serotinus,0.009,0.023,-1,Echolocation,/mnt/ubna_data_02_mir/recover-20220922/UBNA_001/20220921_090000.WAV,Telephone Field,recover-20220922,001,1795
715.2305,715.2647,68437,80193,Rhinolophus ferrumequinum,0.023,0.023,-1,Echolocation,/mnt/ubna_data_02_mir/recover-20220922/UBNA_001/20220921_090000.WAV,Telephone Field,recover-20220922,001,1795
715.2565,715.2973,68437,82622,Rhinolophus ferrumequinum,0.025,0.025,-1,Echolocation,/mnt/ubna_data_02_mir/recover-20220922/UBNA_001/20220921_090000.WAV,Telephone Field,recover-20220922,001,1795
715.2645,715.3051,68437,82623,Rhinolophus ferrumequinum,0.021,0.022,-1,Echolocation,/mnt/ubna_data_02_mir/recover-20220922/UBNA_001/20220921_090000.WAV,Telephone Field,recover-20220922,001,1795
715.2775,715.29,23750,29691,Nyctalus leisleri,0.013,0.03,-1,Echolocation,/mnt/ubna_data_02_mir/recover-20220922/UBNA_001/20220921_090000.WAV,Telephone Field,recover-20220922,001,1795
715.2795,715.3166,68437,81997,Rhinolophus ferrumequinum,0.023,0.023,-1,Echolocation,/mnt/ubna_data_02_mir/recover-20220922/UBNA_001/20220921_090000.WAV,Telephone Field,recover-20220922,001,1795
715.2935,715.3315,68437,81714,Rhinolophus ferrumequinum,0.022,0.022,-1,Echolocation,/mnt/ubna_data_02_mir/recover-20220922/UBNA_001/20220921_090000.WAV,Telephone Field,recover-20220922,001,1795
715.3165,715.3343,20312,23467,Nyctalus leisleri,0.022,0.041,-1,Echolocation,/mnt/ubna_data_02_mir/recover-20220922/UBNA_001/20220921_090000.WAV,Telephone Field,recover-20220922,001,1795
715.3185,715.3604,68437,82883,Rhinolophus ferrumequinum,0.025,0.025,-1,Echolocation,/mnt/ubna_data_02_mir/recover-20220922/UBNA_001/20220921_090000.WAV,Telephone Field,recover-20220922,001,1795
715.3845,715.3926,27187,38314,Eptesicus serotinus,0.007,0.021,-1,Echolocation,/mnt/ubna_data_02_mir/recover-20220922/UBNA_001/20220921_090000.WAV,Telephone Field,recover-20220922,001,1795
715.4225,715.4335,23750,29886,Nyctalus leisleri,0.01,0.024,-1,Echolocation,/mnt/ubna_data_02_mir/recover-20220922/UBNA_001/20220921_090000.WAV,Telephone Field,recover-20220922,001,1795
715.4345,715.4734,68437,81876,Rhinolophus ferrumequinum,0.021,0.022,-1,Echolocation,/mnt/ubna_data_02_mir/recover-20220922/UBNA_001/20220921_090000.WAV,Telephone Field,recover-20220922,001,1795
715.4445,715.4811,68437,82178,Rhinolophus ferrumequinum,0.025,0.025,-1,Echolocation,/mnt/ubna_data_02_mir/recover-20220922/UBNA_001/20220921_090000.WAV,Telephone Field,recover-20220922,001,1795
715.5145,715.5245,24609,31524,Eptesicus serotinus,0.009,0.025,-1,Echolocation,/mnt/ubna_data_02_mir/recover-20220922/UBNA_001/20220921_090000.WAV,Telephone Field,recover-20220922,001,1795
715.5725,715.6092,68437,81647,Rhinolophus ferrumequinum,0.022,0.022,-1,Echolocation,/mnt/ubna_data_02_mir/recover-20220922/UBNA_001/20220921_090000.WAV,Telephone Field,recover-20220922,001,1795
715.5725,715.5812,35781,42603,Barbastellus barbastellus,0.02,0.047,-1,Echolocation,/mnt/ubna_data_02_mir/recover-20220922/UBNA_001/20220921_090000.WAV,Telephone Field,recover-20220922,001,1795
715.6185,715.6571,68437,82897,Rhinolophus ferrumequinum,0.023,0.023,-1,Echolocation,/mnt/ubna_data_02_mir/recover-20220922/UBNA_001/20220921_090000.WAV,Telephone Field,recover-20220922,001,1795
715.6785,715.719,68437,82237,Rhinolophus ferrumequinum,0.023,0.023,-1,Echolocation,/mnt/ubna_data_02_mir/recover-20220922/UBNA_001/20220921_090000.WAV,Telephone Field,recover-20220922,001,1795
715.7035,715.7406,68437,81478,Rhinolophus ferrumequinum,0.022,0.022,-1,Echolocation,/mnt/ubna_data_02_mir/recover-20220922/UBNA_001/20220921_090000.WAV,Telephone Field,recover-20220922,001,1795
715.7125,715.7522,68437,82236,Rhinolophus ferrumequinum,0.023,0.023,-1,Echolocation,/mnt/ubna_data_02_mir/recover-20220922/UBNA_001/20220921_090000.WAV,Telephone Field,recover-20220922,001,1795
715.7275,715.7656,68437,82191,Rhinolophus ferrumequinum,0.023,0.023,-1,Echolocation,/mnt/ubna_data_02_mir/recover-20220922/UBNA_001/20220921_090000.WAV,Telephone Field,recover-20220922,001,1795
715.7365,715.7479,23750,28952,Nyctalus leisleri,0.015,0.032,-1,Echolocation,/mnt/ubna_data_02_mir/recover-20220922/UBNA_001/20220921_090000.WAV,Telephone Field,recover-20220922,001,1795
715.7565,715.7767,19453,23003,Nyctalus noctula,0.016,0.03,-1,Echolocation,/mnt/ubna_data_02_mir/recover-20220922/UBNA_001/20220921_090000.WAV,Telephone Field,recover-20220922,001,1795
715.7915,715.8297,68437,82166,Rhinolophus ferrumequinum,0.022,0.022,-1,Echolocation,/mnt/ubna_data_02_mir/recover-20220922/UBNA_001/20220921_090000.WAV,Telephone Field,recover-20220922,001,1795
715.7925,715.8008,44375,50299,Pipistrellus pipistrellus,0.022,0.027,-1,Echolocation,/mnt/ubna_data_02_mir/recover-20220922/UBNA_001/20220921_090000.WAV,Telephone Field,recover-20220922,001,1795
715.8035,715.8443,68437,82310,Rhinolophus ferrumequinum,0.033,0.033,-1,Echolocation,/mnt/ubna_data_02_mir/recover-20220922/UBNA_001/20220921_090000.WAV,Telephone Field,recover-20220922,001,1795
715.8225,715.8297,26328,43288,Eptesicus serotinus,0.008,0.025,-1,Echolocation,/mnt/ubna_data_02_mir/recover-20220922/UBNA_001/20220921_090000.WAV,Telephone Field,recover-20220922,001,1795
715.8445,715.8816,68437,81664,Rhinolophus ferrumequinum,0.032,0.032,-1,Echolocation,/mnt/ubna_data_02_mir/recover-20220922/UBNA_001/20220921_090000.WAV,Telephone Field,recover-20220922,001,1795
715.8735,715.8808,27187,40961,Eptesicus serotinus,0.007,0.022,-1,Echolocation,/mnt/ubna_data_02_mir/recover-20220922/UBNA_001/20220921_090000.WAV,Telephone Field,recover-20220922,001,1795
715.8985,715.9384,68437,81741,Rhinolophus ferrumequinum,0.022,0.022,-1,Echolocation,/mnt/ubna_data_02_mir/recover-20220922/UBNA_001/20220921_090000.WAV,Telephone Field,recover-20220922,001,1795
715.8995,715.9101,23750,30292,Nyctalus leisleri,0.009,0.028,-1,Echolocation,/mnt/ubna_data_02_mir/recover-20220922/UBNA_001/20220921_090000.WAV,Telephone Field,recover-20220922,001,1795
715.9065,715.9162,28906,37578,Eptesicus serotinus,0.009,0.021,-1,Echolocation,/mnt/ubna_data_02_mir/recover-20220922/UBNA_001/20220921_090000.WAV,Telephone Field,recover-20220922,001,1795
715.9425,715.9599,16015,22176,Nyctalus noctula,0.016,0.022,-1,Echolocation,/mnt/ubna_data_02_mir/recover-20220922/UBNA_001/20220921_090000.WAV,Telephone Field,recover-20220922,001,1795
715.9455,715.9525,27187,38618,Eptesicus serotinus,0.007,0.023,-1,Echolocation,/mnt/ubna_data_02_mir/recover-20220922/UBNA_001/20220921_090000.WAV,Telephone Field,recover-20220922,001,1795
716.0015,716.0342,68437,81281,Rhinolophus ferrumequinum,0.055,0.055,-1,Echolocation,/mnt/ubna_data_02_mir/recover-20220922/UBNA_001/20220921_090000.WAV,Telephone Field,recover-20220922,001,1795
716.0015,716.0151,17734,23213,Nyctalus noctula,0.01,0.022,-1,Echolocation,/mnt/ubna_data_02_mir/recover-20220922/UBNA_001/20220921_090000.WAV,Telephone Field,recover-20220922,001,1795
716.0015,716.0107,29765,41961,Eptesicus serotinus,0.006,0.022,-1,Echolocation,/mnt/ubna_data_02_mir/recover-20220922/UBNA_001/20220921_090000.WAV,Telephone Field,recover-20220922,001,1795
716.0015,716.0093,25468,38390,Nyctalus leisleri,0.004,0.022,-1,Echolocation,/mnt/ubna_data_02_mir/recover-20220922/UBNA_001/20220921_090000.WAV,Telephone Field,recover-20220922,001,1795
716.0015,716.0088,48671,56254,Pipistrellus pipistrellus,0.013,0.021,-1,Echolocation,/mnt/ubna_data_02_mir/recover-20220922/UBNA_001/20220921_090000.WAV,Telephone Field,recover-20220922,001,1795
716.0025,716.0162,63281,71262,Pipistrellus pygmaeus,0.079,0.08,-1,Echolocation,/mnt/ubna_data_02_mir/recover-20220922/UBNA_001/20220921_090000.WAV,Telephone Field,recover-20220922,001,1795
716.0615,716.1015,68437,82408,Rhinolophus ferrumequinum,0.023,0.023,-1,Echolocation,/mnt/ubna_data_02_mir/recover-20220922/UBNA_001/20220921_090000.WAV,Telephone Field,recover-20220922,001,1795
716.0905,716.1288,68437,82437,Rhinolophus ferrumequinum,0.029,0.029,-1,Echolocation,/mnt/ubna_data_02_mir/recover-20220922/UBNA_001/20220921_090000.WAV,Telephone Field,recover-20220922,001,1795
716.1045,716.1458,68437,83274,Rhinolophus ferrumequinum,0.027,0.027,-1,Echolocation,/mnt/ubna_data_02_mir/recover-20220922/UBNA_001/20220921_090000.WAV,Telephone Field,recover-20220922,001,1795
716.1105,716.1514999999999,68437,83478,Rhinolophus ferrumequinum,0.026,0.026,-1,Echolocation,/mnt/ubna_data_02_mir/recover-20220922/UBNA_001/20220921_090000.WAV,Telephone Field,recover-20220922,001,1795
716.1115,716.1168,52109,59648,Pipistrellus pipistrellus,0.02,0.026,-1,Echolocation,/mnt/ubna_data_02_mir/recover-20220922/UBNA_001/20220921_090000.WAV,Telephone Field,recover-20220922,001,1795
716.1435,716.1817,68437,82173,Rhinolophus ferrumequinum,0.022,0.022,-1,Echolocation,/mnt/ubna_data_02_mir/recover-20220922/UBNA_001/20220921_090000.WAV,Telephone Field,recover-20220922,001,1795
716.1455,716.1524,23750,32015,Plecotus austriacus,0.01,0.022,-1,Echolocation,/mnt/ubna_data_02_mir/recover-20220922/UBNA_001/20220921_090000.WAV,Telephone Field,recover-20220922,001,1795
716.1525,716.1936,68437,82686,Rhinolophus ferrumequinum,0.022,0.022,-1,Echolocation,/mnt/ubna_data_02_mir/recover-20220922/UBNA_001/20220921_090000.WAV,Telephone Field,recover-20220922,001,1795
716.1905,716.2327,68437,82972,Rhinolophus ferrumequinum,0.025,0.025,-1,Echolocation,/mnt/ubna_data_02_mir/recover-20220922/UBNA_001/20220921_090000.WAV,Telephone Field,recover-20220922,001,1795
716.2155,716.2356,21171,24640,Nyctalus leisleri,0.025,0.05,-1,Echolocation,/mnt/ubna_data_02_mir/recover-20220922/UBNA_001/20220921_090000.WAV,Telephone Field,recover-20220922,001,1795
716.2215,716.2642,68437,82868,Rhinolophus ferrumequinum,0.023,0.023,-1,Echolocation,/mnt/ubna_data_02_mir/recover-20220922/UBNA_001/20220921_090000.WAV,Telephone Field,recover-20220922,001,1795
716.2415,716.2819,68437,82782,Rhinolophus ferrumequinum,0.027,0.027,-1,Echolocation,/mnt/ubna_data_02_mir/recover-20220922/UBNA_001/20220921_090000.WAV,Telephone Field,recover-20220922,001,1795
716.2525,716.2903,68437,81592,Rhinolophus ferrumequinum,0.021,0.021,-1,Echolocation,/mnt/ubna_data_02_mir/recover-20220922/UBNA_001/20220921_090000.WAV,Telephone Field,recover-20220922,001,1795
716.2745,716.3139,68437,82352,Rhinolophus ferrumequinum,0.021,0.021,-1,Echolocation,/mnt/ubna_data_02_mir/recover-20220922/UBNA_001/20220921_090000.WAV,Telephone Field,recover-20220922,001,1795
716.2865,716.294,25468,34187,Eptesicus serotinus,0.005,0.021,-1,Echolocation,/mnt/ubna_data_02_mir/recover-20220922/UBNA_001/20220921_090000.WAV,Telephone Field,recover-20220922,001,1795
716.3155,716.3235,28906,39532,Eptesicus serotinus,0.007,0.021,-1,Echolocation,/mnt/ubna_data_02_mir/recover-20220922/UBNA_001/20220921_090000.WAV,Telephone Field,recover-20220922,001,1795
716.3205,716.3587,68437,81618,Rhinolophus ferrumequinum,0.037,0.037,-1,Echolocation,/mnt/ubna_data_02_mir/recover-20220922/UBNA_001/20220921_090000.WAV,Telephone Field,recover-20220922,001,1795
716.3465,716.3881,68437,82313,Rhinolophus ferrumequinum,0.046,0.046,-1,Echolocation,/mnt/ubna_data_02_mir/recover-20220922/UBNA_001/20220921_090000.WAV,Telephone Field,recover-20220922,001,1795
716.3635,716.4045,68437,82242,Rhinolophus ferrumequinum,0.022,0.022,-1,Echolocation,/mnt/ubna_data_02_mir/recover-20220922/UBNA_001/20220921_090000.WAV,Telephone Field,recover-20220922,001,1795
716.3645,716.3737,25468,34785,Eptesicus serotinus,0.008,0.021,-1,Echolocation,/mnt/ubna_data_02_mir/recover-20220922/UBNA_001/20220921_090000.WAV,Telephone Field,recover-20220922,001,1795
716.3715,716.4116,68437,82307,Rhinolophus ferrumequinum,0.022,0.022,-1,Echolocation,/mnt/ubna_data_02_mir/recover-20220922/UBNA_001/20220921_090000.WAV,Telephone Field,recover-20220922,001,1795
716.4075,716.4494,68437,82979,Rhinolophus ferrumequinum,0.039,0.039,-1,Echolocation,/mnt/ubna_data_02_mir/recover-20220922/UBNA_001/20220921_090000.WAV,Telephone Field,recover-20220922,001,1795
716.4475,716.4861,68437,81919,Rhinolophus ferrumequinum,0.021,0.021,-1,Echolocation,/mnt/ubna_data_02_mir/recover-20220922/UBNA_001/20220921_090000.WAV,Telephone Field,recover-20220922,001,1795
716.4535,716.4625,28046,36895,Eptesicus serotinus,0.009,0.022,-1,Echolocation,/mnt/ubna_data_02_mir/recover-20220922/UBNA_001/20220921_090000.WAV,Telephone Field,recover-20220922,001,1795
716.4755,716.5153,68437,82310,Rhinolophus ferrumequinum,0.022,0.022,-1,Echolocation,/mnt/ubna_data_02_mir/recover-20220922/UBNA_001/20220921_090000.WAV,Telephone Field,recover-20220922,001,1795
716.5185,716.5272,25468,32552,Eptesicus serotinus,0.007,0.024,-1,Echolocation,/mnt/ubna_data_02_mir/recover-20220922/UBNA_001/20220921_090000.WAV,Telephone Field,recover-20220922,001,1795
716.5345,716.5769,68437,82512,Rhinolophus ferrumequinum,0.029,0.03,-1,Echolocation,/mnt/ubna_data_02_mir/recover-20220922/UBNA_001/20220921_090000.WAV,Telephone Field,recover-20220922,001,1795
716.5635,716.6014,68437,81474,Rhinolophus ferrumequinum,0.022,0.022,-1,Echolocation,/mnt/ubna_data_02_mir/recover-20220922/UBNA_001/20220921_090000.WAV,Telephone Field,recover-20220922,001,1795
716.5855,716.6253,68437,81833,Rhinolophus ferrumequinum,0.023,0.023,-1,Echolocation,/mnt/ubna_data_02_mir/recover-20220922/UBNA_001/20220921_090000.WAV,Telephone Field,recover-20220922,001,1795
716.6125,716.6514999999999,68437,81998,Rhinolophus ferrumequinum,0.023,0.023,-1,Echolocation,/mnt/ubna_data_02_mir/recover-20220922/UBNA_001/20220921_090000.WAV,Telephone Field,recover-20220922,001,1795
716.6265,716.6352,28046,36267,Eptesicus serotinus,0.012,0.027,-1,Echolocation,/mnt/ubna_data_02_mir/recover-20220922/UBNA_001/20220921_090000.WAV,Telephone Field,recover-20220922,001,1795
716.6455,716.6837,68437,82371,Rhinolophus ferrumequinum,0.022,0.022,-1,Echolocation,/mnt/ubna_data_02_mir/recover-20220922/UBNA_001/20220921_090000.WAV,Telephone Field,recover-20220922,001,1795
716.6625,716.6804,23750,28029,Nyctalus leisleri,0.014,0.026,-1,Echolocation,/mnt/ubna_data_02_mir/recover-20220922/UBNA_001/20220921_090000.WAV,Telephone Field,recover-20220922,001,1795
716.6645,716.7002,68437,81107,Rhinolophus ferrumequinum,0.025,0.026,-1,Echolocation,/mnt/ubna_data_02_mir/recover-20220922/UBNA_001/20220921_090000.WAV,Telephone Field,recover-20220922,001,1795
716.6715,716.6881,22890,26229,Nyctalus leisleri,0.017,0.026,-1,Echolocation,/mnt/ubna_data_02_mir/recover-20220922/UBNA_001/20220921_090000.WAV,Telephone Field,recover-20220922,001,1795
716.6885,716.7265,68437,82278,Rhinolophus ferrumequinum,0.028,0.028,-1,Echolocation,/mnt/ubna_data_02_mir/recover-20220922/UBNA_001/20220921_090000.WAV,Telephone Field,recover-20220922,001,1795
716.6985,716.7085,27187,36329,Eptesicus serotinus,0.012,0.026,-1,Echolocation,/mnt/ubna_data_02_mir/recover-20220922/UBNA_001/20220921_090000.WAV,Telephone Field,recover-20220922,001,1795
716.7005,716.7373,68437,81581,Rhinolophus ferrumequinum,0.021,0.022,-1,Echolocation,/mnt/ubna_data_02_mir/recover-20220922/UBNA_001/20220921_090000.WAV,Telephone Field,recover-20220922,001,1795
716.7105,716.7205,26328,34708,Eptesicus serotinus,0.01,0.025,-1,Echolocation,/mnt/ubna_data_02_mir/recover-20220922/UBNA_001/20220921_090000.WAV,Telephone Field,recover-20220922,001,1795
716.7235000000001,716.7626,68437,82214,Rhinolophus ferrumequinum,0.022,0.022,-1,Echolocation,/mnt/ubna_data_02_mir/recover-20220922/UBNA_001/20220921_090000.WAV,Telephone Field,recover-20220922,001,1795
716.7295,716.7374,27187,39034,Eptesicus serotinus,0.008,0.023,-1,Echolocation,/mnt/ubna_data_02_mir/recover-20220922/UBNA_001/20220921_090000.WAV,Telephone Field,recover-20220922,001,1795
716.7315,716.7741,68437,82736,Rhinolophus ferrumequinum,0.022,0.022,-1,Echolocation,/mnt/ubna_data_02_mir/recover-20220922/UBNA_001/20220921_090000.WAV,Telephone Field,recover-20220922,001,1795
716.7385,716.7485,22890,28279,Nyctalus leisleri,0.009,0.022,-1,Echolocation,/mnt/ubna_data_02_mir/recover-20220922/UBNA_001/20220921_090000.WAV,Telephone Field,recover-20220922,001,1795
716.7535,716.7934,68437,82137,Rhinolophus ferrumequinum,0.022,0.022,-1,Echolocation,/mnt/ubna_data_02_mir/recover-20220922/UBNA_001/20220921_090000.WAV,Telephone Field,recover-20220922,001,1795
716.7905,716.8251,68437,80940,Rhinolophus ferrumequinum,0.022,0.022,-1,Echolocation,/mnt/ubna_data_02_mir/recover-20220922/UBNA_001/20220921_090000.WAV,Telephone Field,recover-20220922,001,1795
716.7975,716.8054,28046,40416,Eptesicus serotinus,0.01,0.03,-1,Echolocation,/mnt/ubna_data_02_mir/recover-20220922/UBNA_001/20220921_090000.WAV,Telephone Field,recover-20220922,001,1795
716.8025,716.8397,68437,82113,Rhinolophus ferrumequinum,0.021,0.021,-1,Echolocation,/mnt/ubna_data_02_mir/recover-20220922/UBNA_001/20220921_090000.WAV,Telephone Field,recover-20220922,001,1795
716.8255,716.8633,68437,81849,Rhinolophus ferrumequinum,0.021,0.022,-1,Echolocation,/mnt/ubna_data_02_mir/recover-20220922/UBNA_001/20220921_090000.WAV,Telephone Field,recover-20220922,001,1795
716.8645,716.9034,68437,81881,Rhinolophus ferrumequinum,0.027,0.027,-1,Echolocation,/mnt/ubna_data_02_mir/recover-20220922/UBNA_001/20220921_090000.WAV,Telephone Field,recover-20220922,001,1795
716.8835,716.8942,23750,28905,Nyctalus leisleri,0.015,0.03,-1,Echolocation,/mnt/ubna_data_02_mir/recover-20220922/UBNA_001/20220921_090000.WAV,Telephone Field,recover-20220922,001,1795
716.8915,716.9337,68437,83180,Rhinolophus ferrumequinum,0.051,0.051,-1,Echolocation,/mnt/ubna_data_02_mir/recover-20220922/UBNA_001/20220921_090000.WAV,Telephone Field,recover-20220922,001,1795
716.9235,716.9627,68437,82305,Rhinolophus ferrumequinum,0.023,0.023,-1,Echolocation,/mnt/ubna_data_02_mir/recover-20220922/UBNA_001/20220921_090000.WAV,Telephone Field,recover-20220922,001,1795
716.9515,716.9599,47812,55685,Pipistrellus pipistrellus,0.019,0.021,-1,Echolocation,/mnt/ubna_data_02_mir/recover-20220922/UBNA_001/20220921_090000.WAV,Telephone Field,recover-20220922,001,1795
716.9535,716.9933,68437,81822,Rhinolophus ferrumequinum,0.025,0.025,-1,Echolocation,/mnt/ubna_data_02_mir/recover-20220922/UBNA_001/20220921_090000.WAV,Telephone Field,recover-20220922,001,1795
716.9845,717.0233,68437,82383,Rhinolophus ferrumequinum,0.022,0.022,-1,Echolocation,/mnt/ubna_data_02_mir/recover-20220922/UBNA_001/20220921_090000.WAV,Telephone Field,recover-20220922,001,1795
716.9855,716.9959,25468,33624,Eptesicus serotinus,0.011,0.023,-1,Echolocation,/mnt/ubna_data_02_mir/recover-20220922/UBNA_001/20220921_090000.WAV,Telephone Field,recover-20220922,001,1795
716.9985,717.0095,28046,35374,Eptesicus serotinus,0.012,0.024,-1,Echolocation,/mnt/ubna_data_02_mir/recover-20220922/UBNA_001/20220921_090000.WAV,Telephone Field,recover-20220922,001,1795
717.0305,717.0693,68437,81847,Rhinolophus ferrumequinum,0.035,0.035,-1,Echolocation,/mnt/ubna_data_02_mir/recover-20220922/UBNA_001/20220921_090000.WAV,Telephone Field,recover-20220922,001,1795
717.0515,717.0614,28906,37608,Eptesicus serotinus,0.011,0.025,-1,Echolocation,/mnt/ubna_data_02_mir/recover-20220922/UBNA_001/20220921_090000.WAV,Telephone Field,recover-20220922,001,1795
717.0655,717.1041,68437,81257,Rhinolophus ferrumequinum,0.022,0.022,-1,Echolocation,/mnt/ubna_data_02_mir/recover-20220922/UBNA_001/20220921_090000.WAV,Telephone Field,recover-20220922,001,1795
717.1355,717.1733,68437,82199,Rhinolophus ferrumequinum,0.021,0.021,-1,Echolocation,/mnt/ubna_data_02_mir/recover-20220922/UBNA_001/20220921_090000.WAV,Telephone Field,recover-20220922,001,1795
717.1465,717.1837,68437,81917,Rhinolophus ferrumequinum,0.022,0.022,-1,Echolocation,/mnt/ubna_data_02_mir/recover-20220922/UBNA_001/20220921_090000.WAV,Telephone Field,recover-20220922,001,1795
717.1775,717.2191,68437,82900,Rhinolophus ferrumequinum,0.027,0.027,-1,Echolocation,/mnt/ubna_data_02_mir/recover-20220922/UBNA_001/20220921_090000.WAV,Telephone Field,recover-20220922,001,1795
717.2045,717.215,28046,34812,Eptesicus serotinus,0.01,0.022,-1,Echolocation,/mnt/ubna_data_02_mir/recover-20220922/UBNA_001/20220921_090000.WAV,Telephone Field,recover-20220922,001,1795
717.2125,717.2537,68437,82492,Rhinolophus ferrumequinum,0.021,0.021,-1,Echolocation,/mnt/ubna_data_02_mir/recover-20220922/UBNA_001/20220921_090000.WAV,Telephone Field,recover-20220922,001,1795
717.2325,717.275,68437,82999,Rhinolophus ferrumequinum,0.026,0.026,-1,Echolocation,/mnt/ubna_data_02_mir/recover-20220922/UBNA_001/20220921_090000.WAV,Telephone Field,recover-20220922,001,1795
717.2385,717.2493,28046,35394,Eptesicus serotinus,0.009,0.022,-1,Echolocation,/mnt/ubna_data_02_mir/recover-20220922/UBNA_001/20220921_090000.WAV,Telephone Field,recover-20220922,001,1795
717.2875,717.3254,68437,82078,Rhinolophus ferrumequinum,0.025,0.025,-1,Echolocation,/mnt/ubna_data_02_mir/recover-20220922/UBNA_001/20220921_090000.WAV,Telephone Field,recover-20220922,001,1795
717.3035,717.3439,68437,82123,Rhinolophus ferrumequinum,0.024,0.024,-1,Echolocation,/mnt/ubna_data_02_mir/recover-20220922/UBNA_001/20220921_090000.WAV,Telephone Field,recover-20220922,001,1795
717.3085,717.3505,68437,82558,Rhinolophus ferrumequinum,0.024,0.024,-1,Echolocation,/mnt/ubna_data_02_mir/recover-20220922/UBNA_001/20220921_090000.WAV,Telephone Field,recover-20220922,001,1795
717.3135,717.3244,23750,29194,Nyctalus leisleri,0.01,0.024,-1,Echolocation,/mnt/ubna_data_02_mir/recover-20220922/UBNA_001/20220921_090000.WAV,Telephone Field,recover-20220922,001,1795
717.3345,717.373,68437,81412,Rhinolophus ferrumequinum,0.024,0.024,-1,Echolocation,/mnt/ubna_data_02_mir/recover-20220922/UBNA_001/20220921_090000.WAV,Telephone Field,recover-20220922,001,1795
717.3395,717.3528,22031,26252,Nyctalus leisleri,0.014,0.025,-1,Echolocation,/mnt/ubna_data_02_mir/recover-20220922/UBNA_001/20220921_090000.WAV,Telephone Field,recover-20220922,001,1795
717.3395,717.3458,32343,48006,Myotis daubentonii,0.009,0.021,-1,Echolocation,/mnt/ubna_data_02_mir/recover-20220922/UBNA_001/20220921_090000.WAV,Telephone Field,recover-20220922,001,1795
717.3755,717.4102,68437,81681,Rhinolophus ferrumequinum,0.021,0.021,-1,Echolocation,/mnt/ubna_data_02_mir/recover-20220922/UBNA_001/20220921_090000.WAV,Telephone Field,recover-20220922,001,1795
717.3935,717.4019,27187,35795,Eptesicus serotinus,0.013,0.029,-1,Echolocation,/mnt/ubna_data_02_mir/recover-20220922/UBNA_001/20220921_090000.WAV,Telephone Field,recover-20220922,001,1795
717.3965,717.4375,68437,82820,Rhinolophus ferrumequinum,0.027,0.027,-1,Echolocation,/mnt/ubna_data_02_mir/recover-20220922/UBNA_001/20220921_090000.WAV,Telephone Field,recover-20220922,001,1795
717.4175,717.4292,26328,30831,Nyctalus leisleri,0.01,0.024,-1,Echolocation,/mnt/ubna_data_02_mir/recover-20220922/UBNA_001/20220921_090000.WAV,Telephone Field,recover-20220922,001,1795
717.4345,717.4737,68437,82567,Rhinolophus ferrumequinum,0.026,0.026,-1,Echolocation,/mnt/ubna_data_02_mir/recover-20220922/UBNA_001/20220921_090000.WAV,Telephone Field,recover-20220922,001,1795
717.4705,717.5086,68437,81519,Rhinolophus ferrumequinum,0.022,0.022,-1,Echolocation,/mnt/ubna_data_02_mir/recover-20220922/UBNA_001/20220921_090000.WAV,Telephone Field,recover-20220922,001,1795
717.4845,717.5215,68437,81812,Rhinolophus ferrumequinum,0.021,0.021,-1,Echolocation,/mnt/ubna_data_02_mir/recover-20220922/UBNA_001/20220921_090000.WAV,Telephone Field,recover-20220922,001,1795
717.5155,717.554,68437,82051,Rhinolophus ferrumequinum,0.022,0.022,-1,Echolocation,/mnt/ubna_data_02_mir/recover-20220922/UBNA_001/20220921_090000.WAV,Telephone Field,recover-20220922,001,1795
717.5365,717.549,22890,28080,Nyctalus leisleri,0.012,0.025,-1,Echolocation,/mnt/ubna_data_02_mir/recover-20220922/UBNA_001/20220921_090000.WAV,Telephone Field,recover-20220922,001,1795
717.5835,717.6164,68437,80584,Rhinolophus ferrumequinum,0.031,0.032,-1,Echolocation,/mnt/ubna_data_02_mir/recover-20220922/UBNA_001/20220921_090000.WAV,Telephone Field,recover-20220922,001,1795
717.6235,717.663,68437,82394,Rhinolophus ferrumequinum,0.022,0.022,-1,Echolocation,/mnt/ubna_data_02_mir/recover-20220922/UBNA_001/20220921_090000.WAV,Telephone Field,recover-20220922,001,1795
717.6425,717.6481,48671,54559,Pipistrellus pipistrellus,0.026,0.027,-1,Echolocation,/mnt/ubna_data_02_mir/recover-20220922/UBNA_001/20220921_090000.WAV,Telephone Field,recover-20220922,001,1795
717.6835,717.7194,68437,81397,Rhinolophus ferrumequinum,0.023,0.023,-1,Echolocation,/mnt/ubna_data_02_mir/recover-20220922/UBNA_001/20220921_090000.WAV,Telephone Field,recover-20220922,001,1795
717.6955,717.7063,23750,29229,Nyctalus leisleri,0.01,0.022,-1,Echolocation,/mnt/ubna_data_02_mir/recover-20220922/UBNA_001/20220921_090000.WAV,Telephone Field,recover-20220922,001,1795
717.7085,717.7506,68437,83270,Rhinolophus ferrumequinum,0.032,0.032,-1,Echolocation,/mnt/ubna_data_02_mir/recover-20220922/UBNA_001/20220921_090000.WAV,Telephone Field,recover-20220922,001,1795
717.7095,717.7198,23750,29445,Nyctalus leisleri,0.012,0.026,-1,Echolocation,/mnt/ubna_data_02_mir/recover-20220922/UBNA_001/20220921_090000.WAV,Telephone Field,recover-20220922,001,1795
717.7335,717.7726,68437,82383,Rhinolophus ferrumequinum,0.024,0.024,-1,Echolocation,/mnt/ubna_data_02_mir/recover-20220922/UBNA_001/20220921_090000.WAV,Telephone Field,recover-20220922,001,1795
717.7355,717.7445,28046,37395,Eptesicus serotinus,0.008,0.022,-1,Echolocation,/mnt/ubna_data_02_mir/recover-20220922/UBNA_001/20220921_090000.WAV,Telephone Field,recover-20220922,001,1795
717.7455,717.78,68437,80741,Rhinolophus ferrumequinum,0.022,0.022,-1,Echolocation,/mnt/ubna_data_02_mir/recover-20220922/UBNA_001/20220921_090000.WAV,Telephone Field,recover-20220922,001,1795
717.7675,717.7743,28906,40541,Eptesicus serotinus,0.007,0.025,-1,Echolocation,/mnt/ubna_data_02_mir/recover-20220922/UBNA_001/20220921_090000.WAV,Telephone Field,recover-20220922,001,1795
717.7685,717.7773,44375,47701,Pipistrellus pipistrellus,0.029,0.031,-1,Echolocation,/mnt/ubna_data_02_mir/recover-20220922/UBNA_001/20220921_090000.WAV,Telephone Field,recover-20220922,001,1795
717.7875,717.7947,24609,33552,Plecotus austriacus,0.012,0.028,-1,Echolocation,/mnt/ubna_data_02_mir/recover-20220922/UBNA_001/20220921_090000.WAV,Telephone Field,recover-20220922,001,1795
717.7935,717.832,68437,81992,Rhinolophus ferrumequinum,0.025,0.025,-1,Echolocation,/mnt/ubna_data_02_mir/recover-20220922/UBNA_001/20220921_090000.WAV,Telephone Field,recover-20220922,001,1795
717.8085,717.8481,68437,81668,Rhinolophus ferrumequinum,0.025,0.025,-1,Echolocation,/mnt/ubna_data_02_mir/recover-20220922/UBNA_001/20220921_090000.WAV,Telephone Field,recover-20220922,001,1795
717.8455,717.8895,68437,83115,Rhinolophus ferrumequinum,0.036,0.036,-1,Echolocation,/mnt/ubna_data_02_mir/recover-20220922/UBNA_001/20220921_090000.WAV,Telephone Field,recover-20220922,001,1795
717.9035,717.9142,28046,34635,Eptesicus serotinus,0.018,0.033,-1,Echolocation,/mnt/ubna_data_02_mir/recover-20220922/UBNA_001/20220921_090000.WAV,Telephone Field,recover-20220922,001,1795
717.9205,717.9297,47812,51119,Pipistrellus pipistrellus,0.021,0.023,-1,Echolocation,/mnt/ubna_data_02_mir/recover-20220922/UBNA_001/20220921_090000.WAV,Telephone Field,recover-20220922,001,1795
717.9525,717.9911,68437,82123,Rhinolophus ferrumequinum,0.023,0.023,-1,Echolocation,/mnt/ubna_data_02_mir/recover-20220922/UBNA_001/20220921_090000.WAV,Telephone Field,recover-20220922,001,1795
718.0015,718.0085,47812,54987,Pipistrellus pipistrellus,0.017,0.022,-1,Echolocation,/mnt/ubna_data_02_mir/recover-20220922/UBNA_001/20220921_090000.WAV,Telephone Field,recover-20220922,001,1795
718.0015,718.0105,26328,35981,Eptesicus serotinus,0.007,0.025,-1,Echolocation,/mnt/ubna_data_02_mir/recover-20220922/UBNA_001/20220921_090000.WAV,Telephone Field,recover-20220922,001,1795
718.0015,718.0385,69296,81825,Rhinolophus ferrumequinum,0.043,0.043,-1,Echolocation,/mnt/ubna_data_02_mir/recover-20220922/UBNA_001/20220921_090000.WAV,Telephone Field,recover-20220922,001,1795
718.0015,718.0107,22031,27979,Nyctalus leisleri,0.008,0.023,-1,Echolocation,/mnt/ubna_data_02_mir/recover-20220922/UBNA_001/20220921_090000.WAV,Telephone Field,recover-20220922,001,1795
718.0095,718.0509,68437,82757,Rhinolophus ferrumequinum,0.024,0.024,-1,Echolocation,/mnt/ubna_data_02_mir/recover-20220922/UBNA_001/20220921_090000.WAV,Telephone Field,recover-20220922,001,1795
718.0125,718.0207,27187,41498,Eptesicus serotinus,0.008,0.022,-1,Echolocation,/mnt/ubna_data_02_mir/recover-20220922/UBNA_001/20220921_090000.WAV,Telephone Field,recover-20220922,001,1795
718.0355,718.0513,20312,23235,Nyctalus leisleri,0.014,0.022,-1,Echolocation,/mnt/ubna_data_02_mir/recover-20220922/UBNA_001/20220921_090000.WAV,Telephone Field,recover-20220922,001,1795
718.0425,718.0793,68437,81434,Rhinolophus ferrumequinum,0.024,0.024,-1,Echolocation,/mnt/ubna_data_02_mir/recover-20220922/UBNA_001/20220921_090000.WAV,Telephone Field,recover-20220922,001,1795
718.1005,718.1373,68437,81224,Rhinolophus ferrumequinum,0.022,0.022,-1,Echolocation,/mnt/ubna_data_02_mir/recover-20220922/UBNA_001/20220921_090000.WAV,Telephone Field,recover-20220922,001,1795
718.1055,718.143,68437,81735,Rhinolophus ferrumequinum,0.024,0.024,-1,Echolocation,/mnt/ubna_data_02_mir/recover-20220922/UBNA_001/20220921_090000.WAV,Telephone Field,recover-20220922,001,1795
718.1345,718.1444,23750,30868,Eptesicus serotinus,0.008,0.023,-1,Echolocation,/mnt/ubna_data_02_mir/recover-20220922/UBNA_001/20220921_090000.WAV,Telephone Field,recover-20220922,001,1795
718.1615,718.1713,24609,32662,Eptesicus serotinus,0.008,0.023,-1,Echolocation,/mnt/ubna_data_02_mir/recover-20220922/UBNA_001/20220921_090000.WAV,Telephone Field,recover-20220922,001,1795
718.1815,718.2207,68437,82182,Rhinolophus ferrumequinum,0.024,0.024,-1,Echolocation,/mnt/ubna_data_02_mir/recover-20220922/UBNA_001/20220921_090000.WAV,Telephone Field,recover-20220922,001,1795
718.2235000000001,718.2307,31484,43863,Myotis daubentonii,0.013,0.025,-1,Echolocation,/mnt/ubna_data_02_mir/recover-20220922/UBNA_001/20220921_090000.WAV,Telephone Field,recover-20220922,001,1795
718.2605,718.2971,68437,81901,Rhinolophus ferrumequinum,0.021,0.021,-1,Echolocation,/mnt/ubna_data_02_mir/recover-20220922/UBNA_001/20220921_090000.WAV,Telephone Field,recover-20220922,001,1795
718.2825,718.3209,68437,82189,Rhinolophus ferrumequinum,0.023,0.023,-1,Echolocation,/mnt/ubna_data_02_mir/recover-20220922/UBNA_001/20220921_090000.WAV,Telephone Field,recover-20220922,001,1795
718.2955,718.3342,68437,81993,Rhinolophus ferrumequinum,0.026,0.026,-1,Echolocation,/mnt/ubna_data_02_mir/recover-20220922/UBNA_001/20220921_090000.WAV,Telephone Field,recover-20220922,001,1795
718.3165,718.3533,68437,81924,Rhinolophus ferrumequinum,0.022,0.022,-1,Echolocation,/mnt/ubna_data_02_mir/recover-20220922/UBNA_001/20220921_090000.WAV,Telephone Field,recover-20220922,001,1795
718.3465,718.3548,27187,38040,Eptesicus serotinus,0.008,0.023,-1,Echolocation,/mnt/ubna_data_02_mir/recover-20220922/UBNA_001/20220921_090000.WAV,Telephone Field,recover-20220922,001,1795
718.4115,718.4511,68437,82374,Rhinolophus ferrumequinum,0.021,0.021,-1,Echolocation,/mnt/ubna_data_02_mir/recover-20220922/UBNA_001/20220921_090000.WAV,Telephone Field,recover-20220922,001,1795
718.4125,718.4233,23750,30366,Nyctalus leisleri,0.01,0.027,-1,Echolocation,/mnt/ubna_data_02_mir/recover-20220922/UBNA_001/20220921_090000.WAV,Telephone Field,recover-20220922,001,1795
718.4595,718.4996,68437,82396,Rhinolophus ferrumequinum,0.033,0.033,-1,Echolocation,/mnt/ubna_data_02_mir/recover-20220922/UBNA_001/20220921_090000.WAV,Telephone Field,recover-20220922,001,1795
718.4665,718.4777,28046,34420,Eptesicus serotinus,0.015,0.028,-1,Echolocation,/mnt/ubna_data_02_mir/recover-20220922/UBNA_001/20220921_090000.WAV,Telephone Field,recover-20220922,001,1795
718.4915,718.5306,68437,82519,Rhinolophus ferrumequinum,0.024,0.024,-1,Echolocation,/mnt/ubna_data_02_mir/recover-20220922/UBNA_001/20220921_090000.WAV,Telephone Field,recover-20220922,001,1795
718.5195,718.529,22890,29103,Nyctalus leisleri,0.009,0.025,-1,Echolocation,/mnt/ubna_data_02_mir/recover-20220922/UBNA_001/20220921_090000.WAV,Telephone Field,recover-20220922,001,1795
718.5335,718.5748,68437,82661,Rhinolophus ferrumequinum,0.026,0.026,-1,Echolocation,/mnt/ubna_data_02_mir/recover-20220922/UBNA_001/20220921_090000.WAV,Telephone Field,recover-20220922,001,1795
718.5545,718.5933,68437,82275,Rhinolophus ferrumequinum,0.023,0.024,-1,Echolocation,/mnt/ubna_data_02_mir/recover-20220922/UBNA_001/20220921_090000.WAV,Telephone Field,recover-20220922,001,1795
718.5775,718.5868,28046,36680,Eptesicus serotinus,0.008,0.021,-1,Echolocation,/mnt/ubna_data_02_mir/recover-20220922/UBNA_001/20220921_090000.WAV,Telephone Field,recover-20220922,001,1795
718.5775,718.6167,68437,82512,Rhinolophus ferrumequinum,0.03,0.03,-1,Echolocation,/mnt/ubna_data_02_mir/recover-20220922/UBNA_001/20220921_090000.WAV,Telephone Field,recover-20220922,001,1795
718.5965,718.6067,26328,34333,Eptesicus serotinus,0.014,0.027,-1,Echolocation,/mnt/ubna_data_02_mir/recover-20220922/UBNA_001/20220921_090000.WAV,Telephone Field,recover-20220922,001,1795
718.6225,718.659,68437,81412,Rhinolophus ferrumequinum,0.021,0.021,-1,Echolocation,/mnt/ubna_data_02_mir/recover-20220922/UBNA_001/20220921_090000.WAV,Telephone Field,recover-20220922,001,1795
718.6435,718.6828,68437,81955,Rhinolophus ferrumequinum,0.022,0.022,-1,Echolocation,/mnt/ubna_data_02_mir/recover-20220922/UBNA_001/20220921_090000.WAV,Telephone Field,recover-20220922,001,1795
718.7025,718.7148,42656,50571,Pipistrellus pipistrellus,0.018,0.038,-1,Echolocation,/mnt/ubna_data_02_mir/recover-20220922/UBNA_001/20220921_090000.WAV,Telephone Field,recover-20220922,001,1795
718.7035,718.713,28046,36667,Eptesicus serotinus,0.013,0.027,-1,Echolocation,/mnt/ubna_data_02_mir/recover-20220922/UBNA_001/20220921_090000.WAV,Telephone Field,recover-20220922,001,1795
718.7135,718.7236,22031,26833,Nyctalus leisleri,0.011,0.023,-1,Echolocation,/mnt/ubna_data_02_mir/recover-20220922/UBNA_001/20220921_090000.WAV,Telephone Field,recover-20220922,001,1795
718.7235000000001,718.7603,68437,81332,Rhinolophus ferrumequinum,0.021,0.021,-1,Echolocation,/mnt/ubna_data_02_mir/recover-20220922/UBNA_001/20220921_090000.WAV,Telephone Field,recover-20220922,001,1795
718.7575,718.7972,68437,81815,Rhinolophus ferrumequinum,0.028,0.028,-1,Echolocation,/mnt/ubna_data_02_mir/recover-20220922/UBNA_001/20220921_090000.WAV,Telephone Field,recover-20220922,001,1795
718.7875,718.8244,68437,81973,Rhinolophus ferrumequinum,0.022,0.022,-1,Echolocation,/mnt/ubna_data_02_mir/recover-20220922/UBNA_001/20220921_090000.WAV,Telephone Field,recover-20220922,001,1795
718.8135,718.8248,22890,28558,Nyctalus leisleri,0.014,0.031,-1,Echolocation,/mnt/ubna_data_02_mir/recover-20220922/UBNA_001/20220921_090000.WAV,Telephone Field,recover-20220922,001,1795
718.8385,718.8789,68437,82891,Rhinolophus ferrumequinum,0.034,0.034,-1,Echolocation,/mnt/ubna_data_02_mir/recover-20220922/UBNA_001/20220921_090000.WAV,Telephone Field,recover-20220922,001,1795
718.8645,718.9064,68437,83006,Rhinolophus ferrumequinum,0.022,0.022,-1,Echolocation,/mnt/ubna_data_02_mir/recover-20220922/UBNA_001/20220921_090000.WAV,Telephone Field,recover-20220922,001,1795
718.8745,718.8854,23750,30004,Nyctalus leisleri,0.01,0.025,-1,Echolocation,/mnt/ubna_data_02_mir/recover-20220922/UBNA_001/20220921_090000.WAV,Telephone Field,recover-20220922,001,1795
718.8845,718.8924,28046,40553,Eptesicus serotinus,0.007,0.022,-1,Echolocation,/mnt/ubna_data_02_mir/recover-20220922/UBNA_001/20220921_090000.WAV,Telephone Field,recover-20220922,001,1795
718.8935,718.9345,68437,83129,Rhinolophus ferrumequinum,0.027,0.027,-1,Echolocation,/mnt/ubna_data_02_mir/recover-20220922/UBNA_001/20220921_090000.WAV,Telephone Field,recover-20220922,001,1795
718.9255,718.934,28046,41943,Eptesicus serotinus,0.008,0.022,-1,Echolocation,/mnt/ubna_data_02_mir/recover-20220922/UBNA_001/20220921_090000.WAV,Telephone Field,recover-20220922,001,1795
718.9415,718.9804,68437,81916,Rhinolophus ferrumequinum,0.026,0.027,-1,Echolocation,/mnt/ubna_data_02_mir/recover-20220922/UBNA_001/20220921_090000.WAV,Telephone Field,recover-20220922,001,1795
718.9985,719.0081,28046,37280,Eptesicus serotinus,0.01,0.023,-1,Echolocation,/mnt/ubna_data_02_mir/recover-20220922/UBNA_001/20220921_090000.WAV,Telephone Field,recover-20220922,001,1795
719.0065,719.0157,28906,38201,Eptesicus serotinus,0.008,0.022,-1,Echolocation,/mnt/ubna_data_02_mir/recover-20220922/UBNA_001/20220921_090000.WAV,Telephone Field,recover-20220922,001,1795
719.0305,719.0691,68437,82021,Rhinolophus ferrumequinum,0.026,0.026,-1,Echolocation,/mnt/ubna_data_02_mir/recover-20220922/UBNA_001/20220921_090000.WAV,Telephone Field,recover-20220922,001,1795
719.0395,719.0459,28046,43089,Eptesicus serotinus,0.01,0.035,-1,Echolocation,/mnt/ubna_data_02_mir/recover-20220922/UBNA_001/20220921_090000.WAV,Telephone Field,recover-20220922,001,1795
719.0775,719.0846,28046,41813,Eptesicus serotinus,0.008,0.025,-1,Echolocation,/mnt/ubna_data_02_mir/recover-20220922/UBNA_001/20220921_090000.WAV,Telephone Field,recover-20220922,001,1795
719.1735,719.2131,68437,82087,Rhinolophus ferrumequinum,0.024,0.024,-1,Echolocation,/mnt/ubna_data_02_mir/recover-20220922/UBNA_001/20220921_090000.WAV,Telephone Field,recover-20220922,001,1795
719.1755,719.1833,24609,33662,Eptesicus serotinus,0.006,0.022,-1,Echolocation,/mnt/ubna_data_02_mir/recover-20220922/UBNA_001/20220921_090000.WAV,Telephone Field,recover-20220922,001,1795
719.1845,719.2216,68437,82158,Rhinolophus ferrumequinum,0.022,0.022,-1,Echolocation,/mnt/ubna_data_02_mir/recover-20220922/UBNA_001/20220921_090000.WAV,Telephone Field,recover-20220922,001,1795
719.1975,719.2314,68437,81441,Rhinolophus ferrumequinum,0.024,0.024,-1,Echolocation,/mnt/ubna_data_02_mir/recover-20220922/UBNA_001/20220921_090000.WAV,Telephone Field,recover-20220922,001,1795
719.2045,719.2103,32343,43228,Myotis daubentonii,0.013,0.028,-1,Echolocation,/mnt/ubna_data_02_mir/recover-20220922/UBNA_001/20220921_090000.WAV,Telephone Field,recover-20220922,001,1795
719.2555,719.2636,46093,50718,Pipistrellus pipistrellus,0.022,0.023,-1,Echolocation,/mnt/ubna_data_02_mir/recover-20220922/UBNA_001/20220921_090000.WAV,Telephone Field,recover-20220922,001,1795
719.2715,719.3108,68437,82773,Rhinolophus ferrumequinum,0.021,0.021,-1,Echolocation,/mnt/ubna_data_02_mir/recover-20220922/UBNA_001/20220921_090000.WAV,Telephone Field,recover-20220922,001,1795
719.3135,719.3331000000001,16015,19856,Nyctalus noctula,0.028,0.038,-1,Echolocation,/mnt/ubna_data_02_mir/recover-20220922/UBNA_001/20220921_090000.WAV,Telephone Field,recover-20220922,001,1795
719.3255,719.3631,68437,81792,Rhinolophus ferrumequinum,0.025,0.025,-1,Echolocation,/mnt/ubna_data_02_mir/recover-20220922/UBNA_001/20220921_090000.WAV,Telephone Field,recover-20220922,001,1795
719.3925,719.4309,68437,82301,Rhinolophus ferrumequinum,0.024,0.024,-1,Echolocation,/mnt/ubna_data_02_mir/recover-20220922/UBNA_001/20220921_090000.WAV,Telephone Field,recover-20220922,001,1795
719.4065,719.443,68437,80917,Rhinolophus ferrumequinum,0.022,0.022,-1,Echolocation,/mnt/ubna_data_02_mir/recover-20220922/UBNA_001/20220921_090000.WAV,Telephone Field,recover-20220922,001,1795
719.4635,719.5043000000001,68437,82864,Rhinolophus ferrumequinum,0.036,0.036,-1,Echolocation,/mnt/ubna_data_02_mir/recover-20220922/UBNA_001/20220921_090000.WAV,Telephone Field,recover-20220922,001,1795
719.4835,719.5194,68437,81585,Rhinolophus ferrumequinum,0.021,0.021,-1,Echolocation,/mnt/ubna_data_02_mir/recover-20220922/UBNA_001/20220921_090000.WAV,Telephone Field,recover-20220922,001,1795
719.5015,719.5401,68437,82591,Rhinolophus ferrumequinum,0.025,0.025,-1,Echolocation,/mnt/ubna_data_02_mir/recover-20220922/UBNA_001/20220921_090000.WAV,Telephone Field,recover-20220922,001,1795
719.5495,719.566,22031,25348,Nyctalus leisleri,0.03,0.048,-1,Echolocation,/mnt/ubna_data_02_mir/recover-20220922/UBNA_001/20220921_090000.WAV,Telephone Field,recover-20220922,001,1795
719.5845,719.6294,68437,83485,Rhinolophus ferrumequinum,0.039,0.039,-1,Echolocation,/mnt/ubna_data_02_mir/recover-20220922/UBNA_001/20220921_090000.WAV,Telephone Field,recover-20220922,001,1795
719.6075,719.618,23750,29523,Nyctalus leisleri,0.012,0.026,-1,Echolocation,/mnt/ubna_data_02_mir/recover-20220922/UBNA_001/20220921_090000.WAV,Telephone Field,recover-20220922,001,1795
719.6285,719.6663,68437,82276,Rhinolophus ferrumequinum,0.023,0.023,-1,Echolocation,/mnt/ubna_data_02_mir/recover-20220922/UBNA_001/20220921_090000.WAV,Telephone Field,recover-20220922,001,1795
719.6385,719.6493,23750,29392,Nyctalus leisleri,0.01,0.023,-1,Echolocation,/mnt/ubna_data_02_mir/recover-20220922/UBNA_001/20220921_090000.WAV,Telephone Field,recover-20220922,001,1795
719.6435,719.6539,38359,43079,Pipistrellus nathusii,0.013,0.022,-1,Echolocation,/mnt/ubna_data_02_mir/recover-20220922/UBNA_001/20220921_090000.WAV,Telephone Field,recover-20220922,001,1795
719.6705,719.7112,68437,82482,Rhinolophus ferrumequinum,0.023,0.023,-1,Echolocation,/mnt/ubna_data_02_mir/recover-20220922/UBNA_001/20220921_090000.WAV,Telephone Field,recover-20220922,001,1795
719.7205,719.7565,68437,81557,Rhinolophus ferrumequinum,0.021,0.021,-1,Echolocation,/mnt/ubna_data_02_mir/recover-20220922/UBNA_001/20220921_090000.WAV,Telephone Field,recover-20220922,001,1795
719.7365,719.7737,68437,81475,Rhinolophus ferrumequinum,0.021,0.021,-1,Echolocation,/mnt/ubna_data_02_mir/recover-20220922/UBNA_001/20220921_090000.WAV,Telephone Field,recover-20220922,001,1795
719.7525,719.7612,28046,38218,Eptesicus serotinus,0.008,0.022,-1,Echolocation,/mnt/ubna_data_02_mir/recover-20220922/UBNA_001/20220921_090000.WAV,Telephone Field,recover-20220922,001,1795
719.7825,719.7907,26328,35678,Eptesicus serotinus,0.009,0.024,-1,Echolocation,/mnt/ubna_data_02_mir/recover-20220922/UBNA_001/20220921_090000.WAV,Telephone Field,recover-20220922,001,1795
719.8255,719.8637,68437,82575,Rhinolophus ferrumequinum,0.022,0.022,-1,Echolocation,/mnt/ubna_data_02_mir/recover-20220922/UBNA_001/20220921_090000.WAV,Telephone Field,recover-20220922,001,1795
719.8505,719.8579,26328,39272,Eptesicus serotinus,0.006,0.023,-1,Echolocation,/mnt/ubna_data_02_mir/recover-20220922/UBNA_001/20220921_090000.WAV,Telephone Field,recover-20220922,001,1795
719.8685,719.877,28046,39946,Eptesicus serotinus,0.008,0.022,-1,Echolocation,/mnt/ubna_data_02_mir/recover-20220922/UBNA_001/20220921_090000.WAV,Telephone Field,recover-20220922,001,1795
719.8985,719.9072,26328,35895,Eptesicus serotinus,0.01,0.023,-1,Echolocation,/mnt/ubna_data_02_mir/recover-20220922/UBNA_001/20220921_090000.WAV,Telephone Field,recover-20220922,001,1795
719.9095,719.9189,28906,37244,Eptesicus serotinus,0.009,0.024,-1,Echolocation,/mnt/ubna_data_02_mir/recover-20220922/UBNA_001/20220921_090000.WAV,Telephone Field,recover-20220922,001,1795
719.9195,719.9562,68437,82293,Rhinolophus ferrumequinum,0.026,0.026,-1,Echolocation,/mnt/ubna_data_02_mir/recover-20220922/UBNA_001/20220921_090000.WAV,Telephone Field,recover-20220922,001,1795
719.9575,719.998,68437,82322,Rhinolophus ferrumequinum,0.022,0.022,-1,Echolocation,/mnt/ubna_data_02_mir/recover-20220922/UBNA_001/20220921_090000.WAV,Telephone Field,recover-20220922,001,1795
720.0015,720.01,24609,33831,Nyctalus leisleri,0.007,0.027,-1,Echolocation,/mnt/ubna_data_02_mir/recover-20220922/UBNA_001/20220921_090000.WAV,Telephone Field,recover-20220922,001,1795
720.0015,720.0112,40078,44794,Pipistrellus nathusii,0.026,0.036,-1,Echolocation,/mnt/ubna_data_02_mir/recover-20220922/UBNA_001/20220921_090000.WAV,Telephone Field,recover-20220922,001,1795
720.0015,720.0317,68437,80210,Rhinolophus ferrumequinum,0.037,0.038,-1,Echolocation,/mnt/ubna_data_02_mir/recover-20220922/UBNA_001/20220921_090000.WAV,Telephone Field,recover-20220922,001,1795
720.0145,720.0249,24609,30615,Eptesicus serotinus,0.009,0.024,-1,Echolocation,/mnt/ubna_data_02_mir/recover-20220922/UBNA_001/20220921_090000.WAV,Telephone Field,recover-20220922,001,1795
720.0525,720.0932,68437,82215,Rhinolophus ferrumequinum,0.026,0.026,-1,Echolocation,/mnt/ubna_data_02_mir/recover-20220922/UBNA_001/20220921_090000.WAV,Telephone Field,recover-20220922,001,1795
720.0705,720.1081,68437,81899,Rhinolophus ferrumequinum,0.021,0.021,-1,Echolocation,/mnt/ubna_data_02_mir/recover-20220922/UBNA_001/20220921_090000.WAV,Telephone Field,recover-20220922,001,1795
720.1195,720.1569,68437,82031,Rhinolophus ferrumequinum,0.022,0.022,-1,Echolocation,/mnt/ubna_data_02_mir/recover-20220922/UBNA_001/20220921_090000.WAV,Telephone Field,recover-20220922,001,1795
720.1375,720.1491,23750,29529,Nyctalus leisleri,0.01,0.023,-1,Echolocation,/mnt/ubna_data_02_mir/recover-20220922/UBNA_001/20220921_090000.WAV,Telephone Field,recover-20220922,001,1795
720.1455,720.1557,25468,31944,Eptesicus serotinus,0.009,0.022,-1,Echolocation,/mnt/ubna_data_02_mir/recover-20220922/UBNA_001/20220921_090000.WAV,Telephone Field,recover-20220922,001,1795
720.1935,720.231,68437,82336,Rhinolophus ferrumequinum,0.033,0.033,-1,Echolocation,/mnt/ubna_data_02_mir/recover-20220922/UBNA_001/20220921_090000.WAV,Telephone Field,recover-20220922,001,1795
720.1985,720.2081,26328,35979,Eptesicus serotinus,0.009,0.023,-1,Echolocation,/mnt/ubna_data_02_mir/recover-20220922/UBNA_001/20220921_090000.WAV,Telephone Field,recover-20220922,001,1795
720.2115,720.2213,28046,36757,Eptesicus serotinus,0.009,0.023,-1,Echolocation,/mnt/ubna_data_02_mir/recover-20220922/UBNA_001/20220921_090000.WAV,Telephone Field,recover-20220922,001,1795
720.2425,720.2506,28046,39091,Eptesicus serotinus,0.007,0.021,-1,Echolocation,/mnt/ubna_data_02_mir/recover-20220922/UBNA_001/20220921_090000.WAV,Telephone Field,recover-20220922,001,1795
720.2505,720.2909,68437,82812,Rhinolophus ferrumequinum,0.027,0.027,-1,Echolocation,/mnt/ubna_data_02_mir/recover-20220922/UBNA_001/20220921_090000.WAV,Telephone Field,recover-20220922,001,1795
720.2775,720.3168,68437,82377,Rhinolophus ferrumequinum,0.021,0.021,-1,Echolocation,/mnt/ubna_data_02_mir/recover-20220922/UBNA_001/20220921_090000.WAV,Telephone Field,recover-20220922,001,1795
720.2835,720.3208,68437,82154,Rhinolophus ferrumequinum,0.021,0.021,-1,Echolocation,/mnt/ubna_data_02_mir/recover-20220922/UBNA_001/20220921_090000.WAV,Telephone Field,recover-20220922,001,1795
720.3125,720.324,28046,34812,Eptesicus serotinus,0.013,0.025,-1,Echolocation,/mnt/ubna_data_02_mir/recover-20220922/UBNA_001/20220921_090000.WAV,Telephone Field,recover-20220922,001,1795
720.3325,720.3432,22890,28439,Nyctalus leisleri,0.012,0.024,-1,Echolocation,/mnt/ubna_data_02_mir/recover-20220922/UBNA_001/20220921_090000.WAV,Telephone Field,recover-20220922,001,1795
720.3365,720.3768,68437,82877,Rhinolophus ferrumequinum,0.023,0.024,-1,Echolocation,/mnt/ubna_data_02_mir/recover-20220922/UBNA_001/20220921_090000.WAV,Telephone Field,recover-20220922,001,1795
720.3765,720.3866,23750,30687,Nyctalus leisleri,0.008,0.022,-1,Echolocation,/mnt/ubna_data_02_mir/recover-20220922/UBNA_001/20220921_090000.WAV,Telephone Field,recover-20220922,001,1795
720.4005,720.4386,68437,82394,Rhinolophus ferrumequinum,0.025,0.025,-1,Echolocation,/mnt/ubna_data_02_mir/recover-20220922/UBNA_001/20220921_090000.WAV,Telephone Field,recover-20220922,001,1795
720.4015,720.4116,22890,29859,Nyctalus leisleri,0.008,0.023,-1,Echolocation,/mnt/ubna_data_02_mir/recover-20220922/UBNA_001/20220921_090000.WAV,Telephone Field,recover-20220922,001,1795
720.4095,720.448,68437,82101,Rhinolophus ferrumequinum,0.022,0.022,-1,Echolocation,/mnt/ubna_data_02_mir/recover-20220922/UBNA_001/20220921_090000.WAV,Telephone Field,recover-20220922,001,1795
720.4425,720.4822,68437,82416,Rhinolophus ferrumequinum,0.023,0.023,-1,Echolocation,/mnt/ubna_data_02_mir/recover-20220922/UBNA_001/20220921_090000.WAV,Telephone Field,recover-20220922,001,1795
720.4645,720.4763,27187,34431,Eptesicus serotinus,0.014,0.027,-1,Echolocation,/mnt/ubna_data_02_mir/recover-20220922/UBNA_001/20220921_090000.WAV,Telephone Field,recover-20220922,001,1795
720.4675,720.4769,49531,55713,Pipistrellus pipistrellus,0.046,0.053,-1,Echolocation,/mnt/ubna_data_02_mir/recover-20220922/UBNA_001/20220921_090000.WAV,Telephone Field,recover-20220922,001,1795
720.4915,720.5329,68437,82410,Rhinolophus ferrumequinum,0.024,0.024,-1,Echolocation,/mnt/ubna_data_02_mir/recover-20220922/UBNA_001/20220921_090000.WAV,Telephone Field,recover-20220922,001,1795
720.5355,720.5732,68437,81274,Rhinolophus ferrumequinum,0.024,0.024,-1,Echolocation,/mnt/ubna_data_02_mir/recover-20220922/UBNA_001/20220921_090000.WAV,Telephone Field,recover-20220922,001,1795
720.5415,720.58,68437,82143,Rhinolophus ferrumequinum,0.023,0.023,-1,Echolocation,/mnt/ubna_data_02_mir/recover-20220922/UBNA_001/20220921_090000.WAV,Telephone Field,recover-20220922,001,1795
720.5505,720.5896,68437,82464,Rhinolophus ferrumequinum,0.023,0.024,-1,Echolocation,/mnt/ubna_data_02_mir/recover-20220922/UBNA_001/20220921_090000.WAV,Telephone Field,recover-20220922,001,1795
720.5515,720.5625,28046,35005,Eptesicus serotinus,0.014,0.027,-1,Echolocation,/mnt/ubna_data_02_mir/recover-20220922/UBNA_001/20220921_090000.WAV,Telephone Field,recover-20220922,001,1795
720.5715,720.5779,28046,40900,Eptesicus serotinus,0.007,0.028,-1,Echolocation,/mnt/ubna_data_02_mir/recover-20220922/UBNA_001/20220921_090000.WAV,Telephone Field,recover-20220922,001,1795
720.5885,720.6308,68437,82806,Rhinolophus ferrumequinum,0.033,0.033,-1,Echolocation,/mnt/ubna_data_02_mir/recover-20220922/UBNA_001/20220921_090000.WAV,Telephone Field,recover-20220922,001,1795
720.6115,720.652,68437,82802,Rhinolophus ferrumequinum,0.028,0.028,-1,Echolocation,/mnt/ubna_data_02_mir/recover-20220922/UBNA_001/20220921_090000.WAV,Telephone Field,recover-20220922,001,1795
720.6195,720.6617,68437,83332,Rhinolophus ferrumequinum,0.032,0.032,-1,Echolocation,/mnt/ubna_data_02_mir/recover-20220922/UBNA_001/20220921_090000.WAV,Telephone Field,recover-20220922,001,1795
720.6275,720.6689,68437,83014,Rhinolophus ferrumequinum,0.029,0.029,-1,Echolocation,/mnt/ubna_data_02_mir/recover-20220922/UBNA_001/20220921_090000.WAV,Telephone Field,recover-20220922,001,1795
720.6605,720.6999,68437,82165,Rhinolophus ferrumequinum,0.033,0.033,-1,Echolocation,/mnt/ubna_data_02_mir/recover-20220922/UBNA_001/20220921_090000.WAV,Telephone Field,recover-20220922,001,1795
720.6705,720.6784,27187,38322,Eptesicus serotinus,0.01,0.028,-1,Echolocation,/mnt/ubna_data_02_mir/recover-20220922/UBNA_001/20220921_090000.WAV,Telephone Field,recover-20220922,001,1795
720.6725,720.7128,68437,82812,Rhinolophus ferrumequinum,0.023,0.023,-1,Echolocation,/mnt/ubna_data_02_mir/recover-20220922/UBNA_001/20220921_090000.WAV,Telephone Field,recover-20220922,001,1795
720.7105,720.7472,68437,81821,Rhinolophus ferrumequinum,0.027,0.027,-1,Echolocation,/mnt/ubna_data_02_mir/recover-20220922/UBNA_001/20220921_090000.WAV,Telephone Field,recover-20220922,001,1795
720.7235,720.7399,21171,24166,Nyctalus leisleri,0.013,0.022,-1,Echolocation,/mnt/ubna_data_02_mir/recover-20220922/UBNA_001/20220921_090000.WAV,Telephone Field,recover-20220922,001,1795
720.7425,720.7828,68437,82236,Rhinolophus ferrumequinum,0.024,0.024,-1,Echolocation,/mnt/ubna_data_02_mir/recover-20220922/UBNA_001/20220921_090000.WAV,Telephone Field,recover-20220922,001,1795
720.7925,720.8323,68437,83000,Rhinolophus ferrumequinum,0.029,0.029,-1,Echolocation,/mnt/ubna_data_02_mir/recover-20220922/UBNA_001/20220921_090000.WAV,Telephone Field,recover-20220922,001,1795
720.8165,720.824,22031,30036,Plecotus austriacus,0.016,0.031,-1,Echolocation,/mnt/ubna_data_02_mir/recover-20220922/UBNA_001/20220921_090000.WAV,Telephone Field,recover-20220922,001,1795
720.8385,720.8533,20312,25143,Nyctalus noctula,0.015,0.037,-1,Echolocation,/mnt/ubna_data_02_mir/recover-20220922/UBNA_001/20220921_090000.WAV,Telephone Field,recover-20220922,001,1795
720.8415,720.8789,68437,81286,Rhinolophus ferrumequinum,0.023,0.023,-1,Echolocation,/mnt/ubna_data_02_mir/recover-20220922/UBNA_001/20220921_090000.WAV,Telephone Field,recover-20220922,001,1795
720.8695,720.8765,28046,42817,Eptesicus serotinus,0.006,0.022,-1,Echolocation,/mnt/ubna_data_02_mir/recover-20220922/UBNA_001/20220921_090000.WAV,Telephone Field,recover-20220922,001,1795
720.9035,720.9411,68437,82098,Rhinolophus ferrumequinum,0.022,0.022,-1,Echolocation,/mnt/ubna_data_02_mir/recover-20220922/UBNA_001/20220921_090000.WAV,Telephone Field,recover-20220922,001,1795
720.9475,720.9592,22031,26259,Nyctalus leisleri,0.013,0.023,-1,Echolocation,/mnt/ubna_data_02_mir/recover-20220922/UBNA_001/20220921_090000.WAV,Telephone Field,recover-20220922,001,1795
720.9595,720.9685,46953,51871,Pipistrellus pipistrellus,0.022,0.023,-1,Echolocation,/mnt/ubna_data_02_mir/recover-20220922/UBNA_001/20220921_090000.WAV,Telephone Field,recover-20220922,001,1795
720.9875,721.0309,68437,83398,Rhinolophus ferrumequinum,0.082,0.082,-1,Echolocation,/mnt/ubna_data_02_mir/recover-20220922/UBNA_001/20220921_090000.WAV,Telephone Field,recover-20220922,001,1795
721.0155,721.0559,68437,83218,Rhinolophus ferrumequinum,0.026,0.026,-1,Echolocation,/mnt/ubna_data_02_mir/recover-20220922/UBNA_001/20220921_090000.WAV,Telephone Field,recover-20220922,001,1795
721.0305,721.0695,68437,82192,Rhinolophus ferrumequinum,0.022,0.022,-1,Echolocation,/mnt/ubna_data_02_mir/recover-20220922/UBNA_001/20220921_090000.WAV,Telephone Field,recover-20220922,001,1795
721.0375,721.0461,27187,39339,Eptesicus serotinus,0.009,0.023,-1,Echolocation,/mnt/ubna_data_02_mir/recover-20220922/UBNA_001/20220921_090000.WAV,Telephone Field,recover-20220922,001,1795
721.0375,721.0752,68437,82093,Rhinolophus ferrumequinum,0.022,0.022,-1,Echolocation,/mnt/ubna_data_02_mir/recover-20220922/UBNA_001/20220921_090000.WAV,Telephone Field,recover-20220922,001,1795
721.0625,721.099,68437,81609,Rhinolophus ferrumequinum,0.022,0.022,-1,Echolocation,/mnt/ubna_data_02_mir/recover-20220922/UBNA_001/20220921_090000.WAV,Telephone Field,recover-20220922,001,1795
721.0915,721.1282,68437,81961,Rhinolophus ferrumequinum,0.022,0.022,-1,Echolocation,/mnt/ubna_data_02_mir/recover-20220922/UBNA_001/20220921_090000.WAV,Telephone Field,recover-20220922,001,1795
721.1045,721.1417,68437,81492,Rhinolophus ferrumequinum,0.022,0.022,-1,Echolocation,/mnt/ubna_data_02_mir/recover-20220922/UBNA_001/20220921_090000.WAV,Telephone Field,recover-20220922,001,1795
721.1065,721.118,23750,29312,Nyctalus leisleri,0.012,0.025,-1,Echolocation,/mnt/ubna_data_02_mir/recover-20220922/UBNA_001/20220921_090000.WAV,Telephone Field,recover-20220922,001,1795
721.1435,721.1792,68437,81961,Rhinolophus ferrumequinum,0.023,0.023,-1,Echolocation,/mnt/ubna_data_02_mir/recover-20220922/UBNA_001/20220921_090000.WAV,Telephone Field,recover-20220922,001,1795
721.1865,721.2273,68437,82885,Rhinolophus ferrumequinum,0.024,0.024,-1,Echolocation,/mnt/ubna_data_02_mir/recover-20220922/UBNA_001/20220921_090000.WAV,Telephone Field,recover-20220922,001,1795
721.1875,721.1992,23750,29188,Nyctalus leisleri,0.014,0.028,-1,Echolocation,/mnt/ubna_data_02_mir/recover-20220922/UBNA_001/20220921_090000.WAV,Telephone Field,recover-20220922,001,1795
721.2035,721.2413,68437,81912,Rhinolophus ferrumequinum,0.023,0.023,-1,Echolocation,/mnt/ubna_data_02_mir/recover-20220922/UBNA_001/20220921_090000.WAV,Telephone Field,recover-20220922,001,1795
721.2115,721.251,68437,82555,Rhinolophus ferrumequinum,0.025,0.025,-1,Echolocation,/mnt/ubna_data_02_mir/recover-20220922/UBNA_001/20220921_090000.WAV,Telephone Field,recover-20220922,001,1795
721.2535,721.2627,40937,48908,Pipistrellus nathusii,0.007,0.023,-1,Echolocation,/mnt/ubna_data_02_mir/recover-20220922/UBNA_001/20220921_090000.WAV,Telephone Field,recover-20220922,001,1795
721.2775,721.2862,23750,32028,Plecotus austriacus,0.008,0.025,-1,Echolocation,/mnt/ubna_data_02_mir/recover-20220922/UBNA_001/20220921_090000.WAV,Telephone Field,recover-20220922,001,1795
721.2875,721.324,68437,81594,Rhinolophus ferrumequinum,0.021,0.021,-1,Echolocation,/mnt/ubna_data_02_mir/recover-20220922/UBNA_001/20220921_090000.WAV,Telephone Field,recover-20220922,001,1795
721.2915,721.3014,14296,20674,Nyctalus noctula,0.009,0.023,-1,Echolocation,/mnt/ubna_data_02_mir/recover-20220922/UBNA_001/20220921_090000.WAV,Telephone Field,recover-20220922,001,1795
721.3115,721.3457,68437,81236,Rhinolophus ferrumequinum,0.021,0.022,-1,Echolocation,/mnt/ubna_data_02_mir/recover-20220922/UBNA_001/20220921_090000.WAV,Telephone Field,recover-20220922,001,1795
721.3625,721.3991,68437,81186,Rhinolophus ferrumequinum,0.022,0.022,-1,Echolocation,/mnt/ubna_data_02_mir/recover-20220922/UBNA_001/20220921_090000.WAV,Telephone Field,recover-20220922,001,1795
721.3825,721.3886,27187,43414,Myotis daubentonii,0.006,0.029,-1,Echolocation,/mnt/ubna_data_02_mir/recover-20220922/UBNA_001/20220921_090000.WAV,Telephone Field,recover-20220922,001,1795
721.4055,721.441,68437,81708,Rhinolophus ferrumequinum,0.022,0.022,-1,Echolocation,/mnt/ubna_data_02_mir/recover-20220922/UBNA_001/20220921_090000.WAV,Telephone Field,recover-20220922,001,1795
721.4065,721.4157,26328,36712,Eptesicus serotinus,0.01,0.024,-1,Echolocation,/mnt/ubna_data_02_mir/recover-20220922/UBNA_001/20220921_090000.WAV,Telephone Field,recover-20220922,001,1795
721.4345,721.473,68437,82415,Rhinolophus ferrumequinum,0.04,0.04,-1,Echolocation,/mnt/ubna_data_02_mir/recover-20220922/UBNA_001/20220921_090000.WAV,Telephone Field,recover-20220922,001,1795
721.4475,721.459,43515,47327,Pipistrellus pipistrellus,0.022,0.025,-1,Echolocation,/mnt/ubna_data_02_mir/recover-20220922/UBNA_001/20220921_090000.WAV,Telephone Field,recover-20220922,001,1795
721.4935,721.5367,68437,82982,Rhinolophus ferrumequinum,0.04,0.04,-1,Echolocation,/mnt/ubna_data_02_mir/recover-20220922/UBNA_001/20220921_090000.WAV,Telephone Field,recover-20220922,001,1795
721.4975,721.5091,22890,28121,Nyctalus leisleri,0.014,0.027,-1,Echolocation,/mnt/ubna_data_02_mir/recover-20220922/UBNA_001/20220921_090000.WAV,Telephone Field,recover-20220922,001,1795
721.5105,721.5183,23750,32379,Plecotus austriacus,0.009,0.025,-1,Echolocation,/mnt/ubna_data_02_mir/recover-20220922/UBNA_001/20220921_090000.WAV,Telephone Field,recover-20220922,001,1795
721.5545,721.594,68437,81888,Rhinolophus ferrumequinum,0.026,0.026,-1,Echolocation,/mnt/ubna_data_02_mir/recover-20220922/UBNA_001/20220921_090000.WAV,Telephone Field,recover-20220922,001,1795
721.5635,721.6027,68437,82512,Rhinolophus ferrumequinum,0.029,0.029,-1,Echolocation,/mnt/ubna_data_02_mir/recover-20220922/UBNA_001/20220921_090000.WAV,Telephone Field,recover-20220922,001,1795
721.6135,721.6505,68437,81974,Rhinolophus ferrumequinum,0.039,0.039,-1,Echolocation,/mnt/ubna_data_02_mir/recover-20220922/UBNA_001/20220921_090000.WAV,Telephone Field,recover-20220922,001,1795
721.6575,721.7014,68437,83705,Rhinolophus ferrumequinum,0.046,0.046,-1,Echolocation,/mnt/ubna_data_02_mir/recover-20220922/UBNA_001/20220921_090000.WAV,Telephone Field,recover-20220922,001,1795
721.6855,721.7251,68437,82453,Rhinolophus ferrumequinum,0.027,0.027,-1,Echolocation,/mnt/ubna_data_02_mir/recover-20220922/UBNA_001/20220921_090000.WAV,Telephone Field,recover-20220922,001,1795
721.7005,721.7369,68437,82388,Rhinolophus ferrumequinum,0.031,0.031,-1,Echolocation,/mnt/ubna_data_02_mir/recover-20220922/UBNA_001/20220921_090000.WAV,Telephone Field,recover-20220922,001,1795
721.7085,721.7474,68437,82592,Rhinolophus ferrumequinum,0.023,0.023,-1,Echolocation,/mnt/ubna_data_02_mir/recover-20220922/UBNA_001/20220921_090000.WAV,Telephone Field,recover-20220922,001,1795
721.7265,721.7608,68437,80995,Rhinolophus ferrumequinum,0.021,0.021,-1,Echolocation,/mnt/ubna_data_02_mir/recover-20220922/UBNA_001/20220921_090000.WAV,Telephone Field,recover-20220922,001,1795
721.7275,721.7335,45234,49599,Pipistrellus pipistrellus,0.02,0.022,-1,Echolocation,/mnt/ubna_data_02_mir/recover-20220922/UBNA_001/20220921_090000.WAV,Telephone Field,recover-20220922,001,1795
721.7275,721.735,28046,44059,Eptesicus serotinus,0.007,0.022,-1,Echolocation,/mnt/ubna_data_02_mir/recover-20220922/UBNA_001/20220921_090000.WAV,Telephone Field,recover-20220922,001,1795
721.7965,721.835,68437,82291,Rhinolophus ferrumequinum,0.022,0.022,-1,Echolocation,/mnt/ubna_data_02_mir/recover-20220922/UBNA_001/20220921_090000.WAV,Telephone Field,recover-20220922,001,1795
721.8285,721.8703,68437,83098,Rhinolophus ferrumequinum,0.032,0.032,-1,Echolocation,/mnt/ubna_data_02_mir/recover-20220922/UBNA_001/20220921_090000.WAV,Telephone Field,recover-20220922,001,1795
721.8445,721.853,28046,39728,Eptesicus serotinus,0.01,0.026,-1,Echolocation,/mnt/ubna_data_02_mir/recover-20220922/UBNA_001/20220921_090000.WAV,Telephone Field,recover-20220922,001,1795
721.8675,721.9059,68437,82400,Rhinolophus ferrumequinum,0.029,0.029,-1,Echolocation,/mnt/ubna_data_02_mir/recover-20220922/UBNA_001/20220921_090000.WAV,Telephone Field,recover-20220922,001,1795
721.8855,721.9287,68437,83027,Rhinolophus ferrumequinum,0.042,0.042,-1,Echolocation,/mnt/ubna_data_02_mir/recover-20220922/UBNA_001/20220921_090000.WAV,Telephone Field,recover-20220922,001,1795
721.9315,721.9378,28046,38760,Eptesicus serotinus,0.014,0.045,-1,Echolocation,/mnt/ubna_data_02_mir/recover-20220922/UBNA_001/20220921_090000.WAV,Telephone Field,recover-20220922,001,1795
722.0015,722.009,25468,36825,Nyctalus leisleri,0.005,0.025,-1,Echolocation,/mnt/ubna_data_02_mir/recover-20220922/UBNA_001/20220921_090000.WAV,Telephone Field,recover-20220922,001,1795
722.0015,722.011,47812,55208,Pipistrellus pipistrellus,0.016,0.023,-1,Echolocation,/mnt/ubna_data_02_mir/recover-20220922/UBNA_001/20220921_090000.WAV,Telephone Field,recover-20220922,001,1795
722.0355,722.0448,28906,37093,Eptesicus serotinus,0.008,0.022,-1,Echolocation,/mnt/ubna_data_02_mir/recover-20220922/UBNA_001/20220921_090000.WAV,Telephone Field,recover-20220922,001,1795
722.0415,722.0483,48671,56075,Pipistrellus pipistrellus,0.019,0.022,-1,Echolocation,/mnt/ubna_data_02_mir/recover-20220922/UBNA_001/20220921_090000.WAV,Telephone Field,recover-20220922,001,1795
722.0795,722.1168,68437,82005,Rhinolophus ferrumequinum,0.021,0.021,-1,Echolocation,/mnt/ubna_data_02_mir/recover-20220922/UBNA_001/20220921_090000.WAV,Telephone Field,recover-20220922,001,1795
722.0995,722.1421,68437,82655,Rhinolophus ferrumequinum,0.028,0.028,-1,Echolocation,/mnt/ubna_data_02_mir/recover-20220922/UBNA_001/20220921_090000.WAV,Telephone Field,recover-20220922,001,1795
722.1095,722.1484,68437,82045,Rhinolophus ferrumequinum,0.023,0.023,-1,Echolocation,/mnt/ubna_data_02_mir/recover-20220922/UBNA_001/20220921_090000.WAV,Telephone Field,recover-20220922,001,1795
722.1345,722.175,68437,82659,Rhinolophus ferrumequinum,0.023,0.023,-1,Echolocation,/mnt/ubna_data_02_mir/recover-20220922/UBNA_001/20220921_090000.WAV,Telephone Field,recover-20220922,001,1795
722.2015,722.2117,25468,31898,Eptesicus serotinus,0.009,0.025,-1,Echolocation,/mnt/ubna_data_02_mir/recover-20220922/UBNA_001/20220921_090000.WAV,Telephone Field,recover-20220922,001,1795
722.2225,722.2657,68437,83342,Rhinolophus ferrumequinum,0.032,0.032,-1,Echolocation,/mnt/ubna_data_02_mir/recover-20220922/UBNA_001/20220921_090000.WAV,Telephone Field,recover-20220922,001,1795
722.2305,722.2403,26328,33561,Eptesicus serotinus,0.01,0.022,-1,Echolocation,/mnt/ubna_data_02_mir/recover-20220922/UBNA_001/20220921_090000.WAV,Telephone Field,recover-20220922,001,1795
722.2595,722.2682,23750,31843,Plecotus austriacus,0.006,0.023,-1,Echolocation,/mnt/ubna_data_02_mir/recover-20220922/UBNA_001/20220921_090000.WAV,Telephone Field,recover-20220922,001,1795
722.3005,722.3099,28046,37230,Eptesicus serotinus,0.012,0.025,-1,Echolocation,/mnt/ubna_data_02_mir/recover-20220922/UBNA_001/20220921_090000.WAV,Telephone Field,recover-20220922,001,1795
722.3095,722.349,68437,82172,Rhinolophus ferrumequinum,0.022,0.022,-1,Echolocation,/mnt/ubna_data_02_mir/recover-20220922/UBNA_001/20220921_090000.WAV,Telephone Field,recover-20220922,001,1795
722.3295,722.3702,68437,82118,Rhinolophus ferrumequinum,0.024,0.024,-1,Echolocation,/mnt/ubna_data_02_mir/recover-20220922/UBNA_001/20220921_090000.WAV,Telephone Field,recover-20220922,001,1795
722.3295,722.3374,51250,57802,Pipistrellus pipistrellus,0.018,0.024,-1,Echolocation,/mnt/ubna_data_02_mir/recover-20220922/UBNA_001/20220921_090000.WAV,Telephone Field,recover-20220922,001,1795
722.3425,722.3504,28046,40029,Eptesicus serotinus,0.01,0.029,-1,Echolocation,/mnt/ubna_data_02_mir/recover-20220922/UBNA_001/20220921_090000.WAV,Telephone Field,recover-20220922,001,1795
722.3455,722.3834,68437,81974,Rhinolophus ferrumequinum,0.021,0.021,-1,Echolocation,/mnt/ubna_data_02_mir/recover-20220922/UBNA_001/20220921_090000.WAV,Telephone Field,recover-20220922,001,1795
722.3865,722.4277,68437,82842,Rhinolophus ferrumequinum,0.042,0.042,-1,Echolocation,/mnt/ubna_data_02_mir/recover-20220922/UBNA_001/20220921_090000.WAV,Telephone Field,recover-20220922,001,1795
722.4605,722.4982,68437,82142,Rhinolophus ferrumequinum,0.021,0.021,-1,Echolocation,/mnt/ubna_data_02_mir/recover-20220922/UBNA_001/20220921_090000.WAV,Telephone Field,recover-20220922,001,1795
722.4795,722.5186,68437,82732,Rhinolophus ferrumequinum,0.023,0.023,-1,Echolocation,/mnt/ubna_data_02_mir/recover-20220922/UBNA_001/20220921_090000.WAV,Telephone Field,recover-20220922,001,1795
722.5125,722.5484,68437,81781,Rhinolophus ferrumequinum,0.021,0.021,-1,Echolocation,/mnt/ubna_data_02_mir/recover-20220922/UBNA_001/20220921_090000.WAV,Telephone Field,recover-20220922,001,1795
722.5235,722.5631,68437,82181,Rhinolophus ferrumequinum,0.024,0.024,-1,Echolocation,/mnt/ubna_data_02_mir/recover-20220922/UBNA_001/20220921_090000.WAV,Telephone Field,recover-20220922,001,1795
722.5315,722.5405,27187,36407,Eptesicus serotinus,0.018,0.036,-1,Echolocation,/mnt/ubna_data_02_mir/recover-20220922/UBNA_001/20220921_090000.WAV,Telephone Field,recover-20220922,001,1795
722.5395,722.5508,14296,19787,Nyctalus noctula,0.013,0.025,-1,Echolocation,/mnt/ubna_data_02_mir/recover-20220922/UBNA_001/20220921_090000.WAV,Telephone Field,recover-20220922,001,1795
722.5615,722.5688,28046,39454,Eptesicus serotinus,0.007,0.022,-1,Echolocation,/mnt/ubna_data_02_mir/recover-20220922/UBNA_001/20220921_090000.WAV,Telephone Field,recover-20220922,001,1795
722.5795,722.6109,68437,80144,Rhinolophus ferrumequinum,0.024,0.024,-1,Echolocation,/mnt/ubna_data_02_mir/recover-20220922/UBNA_001/20220921_090000.WAV,Telephone Field,recover-20220922,001,1795
722.6005,722.6355,68437,81045,Rhinolophus ferrumequinum,0.021,0.021,-1,Echolocation,/mnt/ubna_data_02_mir/recover-20220922/UBNA_001/20220921_090000.WAV,Telephone Field,recover-20220922,001,1795
722.6295,722.6741,68437,82845,Rhinolophus ferrumequinum,0.024,0.024,-1,Echolocation,/mnt/ubna_data_02_mir/recover-20220922/UBNA_001/20220921_090000.WAV,Telephone Field,recover-20220922,001,1795
722.6685,722.708,68437,82692,Rhinolophus ferrumequinum,0.024,0.024,-1,Echolocation,/mnt/ubna_data_02_mir/recover-20220922/UBNA_001/20220921_090000.WAV,Telephone Field,recover-20220922,001,1795
722.6825,722.6933,23750,30400,Nyctalus leisleri,0.01,0.027,-1,Echolocation,/mnt/ubna_data_02_mir/recover-20220922/UBNA_001/20220921_090000.WAV,Telephone Field,recover-20220922,001,1795
722.7085,722.7453,68437,80838,Rhinolophus ferrumequinum,0.024,0.024,-1,Echolocation,/mnt/ubna_data_02_mir/recover-20220922/UBNA_001/20220921_090000.WAV,Telephone Field,recover-20220922,001,1795
722.7175,722.754,68437,81643,Rhinolophus ferrumequinum,0.021,0.021,-1,Echolocation,/mnt/ubna_data_02_mir/recover-20220922/UBNA_001/20220921_090000.WAV,Telephone Field,recover-20220922,001,1795
722.7245,722.7603,68437,81562,Rhinolophus ferrumequinum,0.021,0.021,-1,Echolocation,/mnt/ubna_data_02_mir/recover-20220922/UBNA_001/20220921_090000.WAV,Telephone Field,recover-20220922,001,1795
722.7735,722.7832,23750,30138,Nyctalus leisleri,0.01,0.026,-1,Echolocation,/mnt/ubna_data_02_mir/recover-20220922/UBNA_001/20220921_090000.WAV,Telephone Field,recover-20220922,001,1795
722.7855,722.8237,68437,82103,Rhinolophus ferrumequinum,0.022,0.022,-1,Echolocation,/mnt/ubna_data_02_mir/recover-20220922/UBNA_001/20220921_090000.WAV,Telephone Field,recover-20220922,001,1795
722.7985,722.8078,27187,38769,Eptesicus serotinus,0.009,0.022,-1,Echolocation,/mnt/ubna_data_02_mir/recover-20220922/UBNA_001/20220921_090000.WAV,Telephone Field,recover-20220922,001,1795
722.8185,722.8578,68437,82168,Rhinolophus ferrumequinum,0.021,0.021,-1,Echolocation,/mnt/ubna_data_02_mir/recover-20220922/UBNA_001/20220921_090000.WAV,Telephone Field,recover-20220922,001,1795
722.8255,722.8336,27187,42461,Eptesicus serotinus,0.008,0.022,-1,Echolocation,/mnt/ubna_data_02_mir/recover-20220922/UBNA_001/20220921_090000.WAV,Telephone Field,recover-20220922,001,1795
722.8515,722.8913,68437,81917,Rhinolophus ferrumequinum,0.022,0.022,-1,Echolocation,/mnt/ubna_data_02_mir/recover-20220922/UBNA_001/20220921_090000.WAV,Telephone Field,recover-20220922,001,1795
722.8695,722.9072,68437,81770,Rhinolophus ferrumequinum,0.022,0.022,-1,Echolocation,/mnt/ubna_data_02_mir/recover-20220922/UBNA_001/20220921_090000.WAV,Telephone Field,recover-20220922,001,1795
722.8825,722.891,27187,37992,Eptesicus serotinus,0.008,0.021,-1,Echolocation,/mnt/ubna_data_02_mir/recover-20220922/UBNA_001/20220921_090000.WAV,Telephone Field,recover-20220922,001,1795
722.8935,722.9324,68437,81932,Rhinolophus ferrumequinum,0.021,0.021,-1,Echolocation,/mnt/ubna_data_02_mir/recover-20220922/UBNA_001/20220921_090000.WAV,Telephone Field,recover-20220922,001,1795
722.9245,722.9665,68437,83004,Rhinolophus ferrumequinum,0.031,0.031,-1,Echolocation,/mnt/ubna_data_02_mir/recover-20220922/UBNA_001/20220921_090000.WAV,Telephone Field,recover-20220922,001,1795
722.9615,723.0057,68437,83501,Rhinolophus ferrumequinum,0.025,0.025,-1,Echolocation,/mnt/ubna_data_02_mir/recover-20220922/UBNA_001/20220921_090000.WAV,Telephone Field,recover-20220922,001,1795
722.9725,723.0129,68437,82583,Rhinolophus ferrumequinum,0.023,0.023,-1,Echolocation,/mnt/ubna_data_02_mir/recover-20220922/UBNA_001/20220921_090000.WAV,Telephone Field,recover-20220922,001,1795
722.9845,722.9926,23750,31830,Plecotus austriacus,0.01,0.026,-1,Echolocation,/mnt/ubna_data_02_mir/recover-20220922/UBNA_001/20220921_090000.WAV,Telephone Field,recover-20220922,001,1795
722.9885,723.0272,68437,82711,Rhinolophus ferrumequinum,0.021,0.021,-1,Echolocation,/mnt/ubna_data_02_mir/recover-20220922/UBNA_001/20220921_090000.WAV,Telephone Field,recover-20220922,001,1795
723.0155,723.0254,25468,33288,Eptesicus serotinus,0.01,0.023,-1,Echolocation,/mnt/ubna_data_02_mir/recover-20220922/UBNA_001/20220921_090000.WAV,Telephone Field,recover-20220922,001,1795
723.0275,723.0353,28046,38650,Eptesicus serotinus,0.008,0.024,-1,Echolocation,/mnt/ubna_data_02_mir/recover-20220922/UBNA_001/20220921_090000.WAV,Telephone Field,recover-20220922,001,1795
723.0545,723.0945,68437,82503,Rhinolophus ferrumequinum,0.024,0.024,-1,Echolocation,/mnt/ubna_data_02_mir/recover-20220922/UBNA_001/20220921_090000.WAV,Telephone Field,recover-20220922,001,1795
723.1105,723.1186,27187,38499,Eptesicus serotinus,0.011,0.028,-1,Echolocation,/mnt/ubna_data_02_mir/recover-20220922/UBNA_001/20220921_090000.WAV,Telephone Field,recover-20220922,001,1795
723.1545,723.1934,68437,81994,Rhinolophus ferrumequinum,0.024,0.024,-1,Echolocation,/mnt/ubna_data_02_mir/recover-20220922/UBNA_001/20220921_090000.WAV,Telephone Field,recover-20220922,001,1795
723.1575,723.1665,27187,40015,Eptesicus serotinus,0.009,0.022,-1,Echolocation,/mnt/ubna_data_02_mir/recover-20220922/UBNA_001/20220921_090000.WAV,Telephone Field,recover-20220922,001,1795
723.1695,723.1804,23750,29331,Nyctalus leisleri,0.01,0.023,-1,Echolocation,/mnt/ubna_data_02_mir/recover-20220922/UBNA_001/20220921_090000.WAV,Telephone Field,recover-20220922,001,1795
723.2085,723.2201,28046,34743,Eptesicus serotinus,0.015,0.028,-1,Echolocation,/mnt/ubna_data_02_mir/recover-20220922/UBNA_001/20220921_090000.WAV,Telephone Field,recover-20220922,001,1795
723.2115,723.2497,68437,82217,Rhinolophus ferrumequinum,0.036,0.036,-1,Echolocation,/mnt/ubna_data_02_mir/recover-20220922/UBNA_001/20220921_090000.WAV,Telephone Field,recover-20220922,001,1795
723.2515,723.2918,68437,82744,Rhinolophus ferrumequinum,0.025,0.025,-1,Echolocation,/mnt/ubna_data_02_mir/recover-20220922/UBNA_001/20220921_090000.WAV,Telephone Field,recover-20220922,001,1795
723.2635,723.304,68437,82617,Rhinolophus ferrumequinum,0.021,0.021,-1,Echolocation,/mnt/ubna_data_02_mir/recover-20220922/UBNA_001/20220921_090000.WAV,Telephone Field,recover-20220922,001,1795
723.2695,723.3101,68437,82518,Rhinolophus ferrumequinum,0.021,0.021,-1,Echolocation,/mnt/ubna_data_02_mir/recover-20220922/UBNA_001/20220921_090000.WAV,Telephone Field,recover-20220922,001,1795
723.2735,723.2828,28906,38158,Eptesicus serotinus,0.01,0.023,-1,Echolocation,/mnt/ubna_data_02_mir/recover-20220922/UBNA_001/20220921_090000.WAV,Telephone Field,recover-20220922,001,1795
723.2905,723.2999,28046,36956,Eptesicus serotinus,0.01,0.024,-1,Echolocation,/mnt/ubna_data_02_mir/recover-20220922/UBNA_001/20220921_090000.WAV,Telephone Field,recover-20220922,001,1795
723.2965,723.3361,68437,82528,Rhinolophus ferrumequinum,0.033,0.033,-1,Echolocation,/mnt/ubna_data_02_mir/recover-20220922/UBNA_001/20220921_090000.WAV,Telephone Field,recover-20220922,001,1795
723.3105,723.3543,68437,83264,Rhinolophus ferrumequinum,0.025,0.025,-1,Echolocation,/mnt/ubna_data_02_mir/recover-20220922/UBNA_001/20220921_090000.WAV,Telephone Field,recover-20220922,001,1795
723.3225,723.3332,22890,27684,Nyctalus leisleri,0.011,0.023,-1,Echolocation,/mnt/ubna_data_02_mir/recover-20220922/UBNA_001/20220921_090000.WAV,Telephone Field,recover-20220922,001,1795
723.3255,723.3655,68437,82036,Rhinolophus ferrumequinum,0.022,0.022,-1,Echolocation,/mnt/ubna_data_02_mir/recover-20220922/UBNA_001/20220921_090000.WAV,Telephone Field,recover-20220922,001,1795
723.3315,723.3703,68437,82256,Rhinolophus ferrumequinum,0.023,0.023,-1,Echolocation,/mnt/ubna_data_02_mir/recover-20220922/UBNA_001/20220921_090000.WAV,Telephone Field,recover-20220922,001,1795
723.3565,723.394,68437,81845,Rhinolophus ferrumequinum,0.021,0.021,-1,Echolocation,/mnt/ubna_data_02_mir/recover-20220922/UBNA_001/20220921_090000.WAV,Telephone Field,recover-20220922,001,1795
723.3705,723.3813,23750,29367,Nyctalus leisleri,0.011,0.026,-1,Echolocation,/mnt/ubna_data_02_mir/recover-20220922/UBNA_001/20220921_090000.WAV,Telephone Field,recover-20220922,001,1795
723.3765,723.4155,68437,82059,Rhinolophus ferrumequinum,0.021,0.021,-1,Echolocation,/mnt/ubna_data_02_mir/recover-20220922/UBNA_001/20220921_090000.WAV,Telephone Field,recover-20220922,001,1795
723.4385,723.4467,25468,34782,Eptesicus serotinus,0.008,0.026,-1,Echolocation,/mnt/ubna_data_02_mir/recover-20220922/UBNA_001/20220921_090000.WAV,Telephone Field,recover-20220922,001,1795
723.4525,723.4884,68437,80677,Rhinolophus ferrumequinum,0.021,0.021,-1,Echolocation,/mnt/ubna_data_02_mir/recover-20220922/UBNA_001/20220921_090000.WAV,Telephone Field,recover-20220922,001,1795
723.4865,723.4974,22890,27659,Nyctalus leisleri,0.01,0.022,-1,Echolocation,/mnt/ubna_data_02_mir/recover-20220922/UBNA_001/20220921_090000.WAV,Telephone Field,recover-20220922,001,1795
723.5215,723.5606,68437,81491,Rhinolophus ferrumequinum,0.025,0.025,-1,Echolocation,/mnt/ubna_data_02_mir/recover-20220922/UBNA_001/20220921_090000.WAV,Telephone Field,recover-20220922,001,1795
723.5475,723.5551,27187,38653,Eptesicus serotinus,0.007,0.022,-1,Echolocation,/mnt/ubna_data_02_mir/recover-20220922/UBNA_001/20220921_090000.WAV,Telephone Field,recover-20220922,001,1795
723.5745,723.6138,68437,81765,Rhinolophus ferrumequinum,0.022,0.023,-1,Echolocation,/mnt/ubna_data_02_mir/recover-20220922/UBNA_001/20220921_090000.WAV,Telephone Field,recover-20220922,001,1795
723.5805,723.5891,28046,38099,Eptesicus serotinus,0.009,0.024,-1,Echolocation,/mnt/ubna_data_02_mir/recover-20220922/UBNA_001/20220921_090000.WAV,Telephone Field,recover-20220922,001,1795
723.5855,723.595,28046,37160,Eptesicus serotinus,0.009,0.023,-1,Echolocation,/mnt/ubna_data_02_mir/recover-20220922/UBNA_001/20220921_090000.WAV,Telephone Field,recover-20220922,001,1795
723.6015,723.6104,50390,56024,Pipistrellus pipistrellus,0.019,0.022,-1,Echolocation,/mnt/ubna_data_02_mir/recover-20220922/UBNA_001/20220921_090000.WAV,Telephone Field,recover-20220922,001,1795
723.6195,723.6576,68437,82163,Rhinolophus ferrumequinum,0.022,0.022,-1,Echolocation,/mnt/ubna_data_02_mir/recover-20220922/UBNA_001/20220921_090000.WAV,Telephone Field,recover-20220922,001,1795
723.6315,723.6748,68437,82434,Rhinolophus ferrumequinum,0.024,0.024,-1,Echolocation,/mnt/ubna_data_02_mir/recover-20220922/UBNA_001/20220921_090000.WAV,Telephone Field,recover-20220922,001,1795
723.6405,723.683,68437,83112,Rhinolophus ferrumequinum,0.025,0.025,-1,Echolocation,/mnt/ubna_data_02_mir/recover-20220922/UBNA_001/20220921_090000.WAV,Telephone Field,recover-20220922,001,1795
723.6505,723.6585,27187,40173,Eptesicus serotinus,0.009,0.025,-1,Echolocation,/mnt/ubna_data_02_mir/recover-20220922/UBNA_001/20220921_090000.WAV,Telephone Field,recover-20220922,001,1795
723.6895,723.7322,68437,83092,Rhinolophus ferrumequinum,0.031,0.031,-1,Echolocation,/mnt/ubna_data_02_mir/recover-20220922/UBNA_001/20220921_090000.WAV,Telephone Field,recover-20220922,001,1795
723.6995,723.7129,15156,20206,Nyctalus noctula,0.017,0.027,-1,Echolocation,/mnt/ubna_data_02_mir/recover-20220922/UBNA_001/20220921_090000.WAV,Telephone Field,recover-20220922,001,1795
723.7005,723.713,28906,35906,Eptesicus serotinus,0.016,0.028,-1,Echolocation,/mnt/ubna_data_02_mir/recover-20220922/UBNA_001/20220921_090000.WAV,Telephone Field,recover-20220922,001,1795
723.7405,723.7807,68437,82687,Rhinolophus ferrumequinum,0.037,0.037,-1,Echolocation,/mnt/ubna_data_02_mir/recover-20220922/UBNA_001/20220921_090000.WAV,Telephone Field,recover-20220922,001,1795
723.7615,723.7984,68437,81017,Rhinolophus ferrumequinum,0.022,0.022,-1,Echolocation,/mnt/ubna_data_02_mir/recover-20220922/UBNA_001/20220921_090000.WAV,Telephone Field,recover-20220922,001,1795
723.8035,723.8113,28046,40628,Eptesicus serotinus,0.008,0.024,-1,Echolocation,/mnt/ubna_data_02_mir/recover-20220922/UBNA_001/20220921_090000.WAV,Telephone Field,recover-20220922,001,1795
723.8485,723.8869,68437,82237,Rhinolophus ferrumequinum,0.024,0.024,-1,Echolocation,/mnt/ubna_data_02_mir/recover-20220922/UBNA_001/20220921_090000.WAV,Telephone Field,recover-20220922,001,1795
723.8885,723.8963,27187,37975,Eptesicus serotinus,0.007,0.021,-1,Echolocation,/mnt/ubna_data_02_mir/recover-20220922/UBNA_001/20220921_090000.WAV,Telephone Field,recover-20220922,001,1795
723.9075,723.9485,68437,81892,Rhinolophus ferrumequinum,0.028,0.028,-1,Echolocation,/mnt/ubna_data_02_mir/recover-20220922/UBNA_001/20220921_090000.WAV,Telephone Field,recover-20220922,001,1795
723.9335,723.9776,68437,83422,Rhinolophus ferrumequinum,0.033,0.033,-1,Echolocation,/mnt/ubna_data_02_mir/recover-20220922/UBNA_001/20220921_090000.WAV,Telephone Field,recover-20220922,001,1795
723.9475,723.9561,27187,40334,Eptesicus serotinus,0.008,0.021,-1,Echolocation,/mnt/ubna_data_02_mir/recover-20220922/UBNA_001/20220921_090000.WAV,Telephone Field,recover-20220922,001,1795
723.9685,723.9778,24609,32773,Eptesicus serotinus,0.006,0.023,-1,Echolocation,/mnt/ubna_data_02_mir/recover-20220922/UBNA_001/20220921_090000.WAV,Telephone Field,recover-20220922,001,1795
723.9865,723.9941,25468,37040,Eptesicus serotinus,0.006,0.022,-1,Echolocation,/mnt/ubna_data_02_mir/recover-20220922/UBNA_001/20220921_090000.WAV,Telephone Field,recover-20220922,001,1795
724.0015,724.0331,68437,79721,Rhinolophus ferrumequinum,0.048,0.048,-1,Echolocation,/mnt/ubna_data_02_mir/recover-20220922/UBNA_001/20220921_090000.WAV,Telephone Field,recover-20220922,001,1795
724.0015,724.0095,46953,53961,Pipistrellus pipistrellus,0.02,0.025,-1,Echolocation,/mnt/ubna_data_02_mir/recover-20220922/UBNA_001/20220921_090000.WAV,Telephone Field,recover-20220922,001,1795
724.0015,724.0089,25468,35176,Nyctalus leisleri,0.006,0.025,-1,Echolocation,/mnt/ubna_data_02_mir/recover-20220922/UBNA_001/20220921_090000.WAV,Telephone Field,recover-20220922,001,1795
724.0075,724.0469,68437,81817,Rhinolophus ferrumequinum,0.021,0.021,-1,Echolocation,/mnt/ubna_data_02_mir/recover-20220922/UBNA_001/20220921_090000.WAV,Telephone Field,recover-20220922,001,1795
724.0155,724.0212,24609,38510,Plecotus austriacus,0.012,0.035,-1,Echolocation,/mnt/ubna_data_02_mir/recover-20220922/UBNA_001/20220921_090000.WAV,Telephone Field,recover-20220922,001,1795
724.0545,724.0913,68437,81594,Rhinolophus ferrumequinum,0.023,0.023,-1,Echolocation,/mnt/ubna_data_02_mir/recover-20220922/UBNA_001/20220921_090000.WAV,Telephone Field,recover-20220922,001,1795
724.0815,724.1132,68437,80519,Rhinolophus ferrumequinum,0.021,0.021,-1,Echolocation,/mnt/ubna_data_02_mir/recover-20220922/UBNA_001/20220921_090000.WAV,Telephone Field,recover-20220922,001,1795
724.1135,724.1213,27187,40037,Eptesicus serotinus,0.007,0.021,-1,Echolocation,/mnt/ubna_data_02_mir/recover-20220922/UBNA_001/20220921_090000.WAV,Telephone Field,recover-20220922,001,1795
724.1455,724.1846,68437,82552,Rhinolophus ferrumequinum,0.024,0.024,-1,Echolocation,/mnt/ubna_data_02_mir/recover-20220922/UBNA_001/20220921_090000.WAV,Telephone Field,recover-20220922,001,1795
724.1535,724.1643,22890,28335,Nyctalus leisleri,0.013,0.029,-1,Echolocation,/mnt/ubna_data_02_mir/recover-20220922/UBNA_001/20220921_090000.WAV,Telephone Field,recover-20220922,001,1795
724.1635,724.205,68437,82863,Rhinolophus ferrumequinum,0.03,0.03,-1,Echolocation,/mnt/ubna_data_02_mir/recover-20220922/UBNA_001/20220921_090000.WAV,Telephone Field,recover-20220922,001,1795
724.1795,724.1859,34921,44654,Myotis daubentonii,0.008,0.023,-1,Echolocation,/mnt/ubna_data_02_mir/recover-20220922/UBNA_001/20220921_090000.WAV,Telephone Field,recover-20220922,001,1795
724.1805,724.1872,28046,44171,Eptesicus serotinus,0.007,0.023,-1,Echolocation,/mnt/ubna_data_02_mir/recover-20220922/UBNA_001/20220921_090000.WAV,Telephone Field,recover-20220922,001,1795
724.1875,724.1944,28046,38825,Eptesicus serotinus,0.006,0.021,-1,Echolocation,/mnt/ubna_data_02_mir/recover-20220922/UBNA_001/20220921_090000.WAV,Telephone Field,recover-20220922,001,1795
724.1915,724.2321,68437,82505,Rhinolophus ferrumequinum,0.023,0.023,-1,Echolocation,/mnt/ubna_data_02_mir/recover-20220922/UBNA_001/20220921_090000.WAV,Telephone Field,recover-20220922,001,1795
724.2115,724.254,68437,82969,Rhinolophus ferrumequinum,0.022,0.022,-1,Echolocation,/mnt/ubna_data_02_mir/recover-20220922/UBNA_001/20220921_090000.WAV,Telephone Field,recover-20220922,001,1795
724.2595,724.2934,68437,81317,Rhinolophus ferrumequinum,0.021,0.021,-1,Echolocation,/mnt/ubna_data_02_mir/recover-20220922/UBNA_001/20220921_090000.WAV,Telephone Field,recover-20220922,001,1795
724.2715,724.2812,37500,42990,Barbastellus barbastellus,0.005,0.021,-1,Echolocation,/mnt/ubna_data_02_mir/recover-20220922/UBNA_001/20220921_090000.WAV,Telephone Field,recover-20220922,001,1795
724.2825,724.3206,68437,81939,Rhinolophus ferrumequinum,0.026,0.026,-1,Echolocation,/mnt/ubna_data_02_mir/recover-20220922/UBNA_001/20220921_090000.WAV,Telephone Field,recover-20220922,001,1795
724.3045,724.3136,25468,33533,Eptesicus serotinus,0.008,0.022,-1,Echolocation,/mnt/ubna_data_02_mir/recover-20220922/UBNA_001/20220921_090000.WAV,Telephone Field,recover-20220922,001,1795
724.3235,724.3345,23750,29779,Nyctalus leisleri,0.009,0.024,-1,Echolocation,/mnt/ubna_data_02_mir/recover-20220922/UBNA_001/20220921_090000.WAV,Telephone Field,recover-20220922,001,1795
724.3915,724.4302,68437,82124,Rhinolophus ferrumequinum,0.025,0.025,-1,Echolocation,/mnt/ubna_data_02_mir/recover-20220922/UBNA_001/20220921_090000.WAV,Telephone Field,recover-20220922,001,1795
724.3935,724.401,23750,32147,Plecotus austriacus,0.009,0.023,-1,Echolocation,/mnt/ubna_data_02_mir/recover-20220922/UBNA_001/20220921_090000.WAV,Telephone Field,recover-20220922,001,1795
724.3955,724.4044,42656,46402,Pipistrellus pipistrellus,0.031,0.035,-1,Echolocation,/mnt/ubna_data_02_mir/recover-20220922/UBNA_001/20220921_090000.WAV,Telephone Field,recover-20220922,001,1795
724.4215,724.4586,68437,82068,Rhinolophus ferrumequinum,0.023,0.023,-1,Echolocation,/mnt/ubna_data_02_mir/recover-20220922/UBNA_001/20220921_090000.WAV,Telephone Field,recover-20220922,001,1795
724.4345,724.4427,25468,34001,Eptesicus serotinus,0.007,0.021,-1,Echolocation,/mnt/ubna_data_02_mir/recover-20220922/UBNA_001/20220921_090000.WAV,Telephone Field,recover-20220922,001,1795
724.4505,724.4643,51250,55368,Pipistrellus pipistrellus,0.016,0.028,-1,Echolocation,/mnt/ubna_data_02_mir/recover-20220922/UBNA_001/20220921_090000.WAV,Telephone Field,recover-20220922,001,1795
724.4685,724.5066,68437,81722,Rhinolophus ferrumequinum,0.023,0.023,-1,Echolocation,/mnt/ubna_data_02_mir/recover-20220922/UBNA_001/20220921_090000.WAV,Telephone Field,recover-20220922,001,1795
724.4775,724.4873,23750,29778,Nyctalus leisleri,0.008,0.021,-1,Echolocation,/mnt/ubna_data_02_mir/recover-20220922/UBNA_001/20220921_090000.WAV,Telephone Field,recover-20220922,001,1795
724.4945,724.5319,68437,81569,Rhinolophus ferrumequinum,0.021,0.021,-1,Echolocation,/mnt/ubna_data_02_mir/recover-20220922/UBNA_001/20220921_090000.WAV,Telephone Field,recover-20220922,001,1795
724.5095,724.5309,19453,22362,Nyctalus noctula,0.018,0.038,-1,Echolocation,/mnt/ubna_data_02_mir/recover-20220922/UBNA_001/20220921_090000.WAV,Telephone Field,recover-20220922,001,1795
724.5625,724.6003,68437,81855,Rhinolophus ferrumequinum,0.021,0.021,-1,Echolocation,/mnt/ubna_data_02_mir/recover-20220922/UBNA_001/20220921_090000.WAV,Telephone Field,recover-20220922,001,1795
724.5705,724.6112,68437,82401,Rhinolophus ferrumequinum,0.022,0.022,-1,Echolocation,/mnt/ubna_data_02_mir/recover-20220922/UBNA_001/20220921_090000.WAV,Telephone Field,recover-20220922,001,1795
724.6025,724.6396,68437,81700,Rhinolophus ferrumequinum,0.021,0.021,-1,Echolocation,/mnt/ubna_data_02_mir/recover-20220922/UBNA_001/20220921_090000.WAV,Telephone Field,recover-20220922,001,1795
724.6235,724.6627,68437,81848,Rhinolophus ferrumequinum,0.044,0.044,-1,Echolocation,/mnt/ubna_data_02_mir/recover-20220922/UBNA_001/20220921_090000.WAV,Telephone Field,recover-20220922,001,1795
724.6365,724.6747,68437,81926,Rhinolophus ferrumequinum,0.023,0.023,-1,Echolocation,/mnt/ubna_data_02_mir/recover-20220922/UBNA_001/20220921_090000.WAV,Telephone Field,recover-20220922,001,1795
724.6455,724.6556,22890,29512,Nyctalus leisleri,0.009,0.027,-1,Echolocation,/mnt/ubna_data_02_mir/recover-20220922/UBNA_001/20220921_090000.WAV,Telephone Field,recover-20220922,001,1795
724.6695,724.7087,68437,81950,Rhinolophus ferrumequinum,0.022,0.022,-1,Echolocation,/mnt/ubna_data_02_mir/recover-20220922/UBNA_001/20220921_090000.WAV,Telephone Field,recover-20220922,001,1795
724.6735,724.6804,45234,53912,Pipistrellus pipistrellus,0.026,0.032,-1,Echolocation,/mnt/ubna_data_02_mir/recover-20220922/UBNA_001/20220921_090000.WAV,Telephone Field,recover-20220922,001,1795
724.6985,724.7074,27187,35404,Eptesicus serotinus,0.01,0.022,-1,Echolocation,/mnt/ubna_data_02_mir/recover-20220922/UBNA_001/20220921_090000.WAV,Telephone Field,recover-20220922,001,1795
724.7305,724.7379,28906,39924,Eptesicus serotinus,0.007,0.022,-1,Echolocation,/mnt/ubna_data_02_mir/recover-20220922/UBNA_001/20220921_090000.WAV,Telephone Field,recover-20220922,001,1795
724.7415,724.7821,68437,82675,Rhinolophus ferrumequinum,0.036,0.036,-1,Echolocation,/mnt/ubna_data_02_mir/recover-20220922/UBNA_001/20220921_090000.WAV,Telephone Field,recover-20220922,001,1795
724.7675,724.7764,25468,33240,Eptesicus serotinus,0.007,0.022,-1,Echolocation,/mnt/ubna_data_02_mir/recover-20220922/UBNA_001/20220921_090000.WAV,Telephone Field,recover-20220922,001,1795
724.7755,724.7863,23750,29862,Nyctalus leisleri,0.009,0.023,-1,Echolocation,/mnt/ubna_data_02_mir/recover-20220922/UBNA_001/20220921_090000.WAV,Telephone Field,recover-20220922,001,1795
724.7775,724.8174,68437,82256,Rhinolophus ferrumequinum,0.022,0.022,-1,Echolocation,/mnt/ubna_data_02_mir/recover-20220922/UBNA_001/20220921_090000.WAV,Telephone Field,recover-20220922,001,1795
724.8005,724.8392,68437,82265,Rhinolophus ferrumequinum,0.021,0.021,-1,Echolocation,/mnt/ubna_data_02_mir/recover-20220922/UBNA_001/20220921_090000.WAV,Telephone Field,recover-20220922,001,1795
724.8115,724.8222,24609,32250,Eptesicus serotinus,0.01,0.028,-1,Echolocation,/mnt/ubna_data_02_mir/recover-20220922/UBNA_001/20220921_090000.WAV,Telephone Field,recover-20220922,001,1795
724.8275,724.866,68437,82367,Rhinolophus ferrumequinum,0.021,0.021,-1,Echolocation,/mnt/ubna_data_02_mir/recover-20220922/UBNA_001/20220921_090000.WAV,Telephone Field,recover-20220922,001,1795
724.8435,724.8834,68437,82198,Rhinolophus ferrumequinum,0.023,0.023,-1,Echolocation,/mnt/ubna_data_02_mir/recover-20220922/UBNA_001/20220921_090000.WAV,Telephone Field,recover-20220922,001,1795
724.8535,724.8958,68437,83146,Rhinolophus ferrumequinum,0.032,0.032,-1,Echolocation,/mnt/ubna_data_02_mir/recover-20220922/UBNA_001/20220921_090000.WAV,Telephone Field,recover-20220922,001,1795
724.8595,724.8699,23750,29627,Nyctalus leisleri,0.011,0.027,-1,Echolocation,/mnt/ubna_data_02_mir/recover-20220922/UBNA_001/20220921_090000.WAV,Telephone Field,recover-20220922,001,1795
724.8745,724.914,68437,82335,Rhinolophus ferrumequinum,0.023,0.023,-1,Echolocation,/mnt/ubna_data_02_mir/recover-20220922/UBNA_001/20220921_090000.WAV,Telephone Field,recover-20220922,001,1795
724.8875,724.8947000000001,28906,41538,Eptesicus serotinus,0.006,0.022,-1,Echolocation,/mnt/ubna_data_02_mir/recover-20220922/UBNA_001/20220921_090000.WAV,Telephone Field,recover-20220922,001,1795
724.8885,724.9269,68437,82281,Rhinolophus ferrumequinum,0.023,0.023,-1,Echolocation,/mnt/ubna_data_02_mir/recover-20220922/UBNA_001/20220921_090000.WAV,Telephone Field,recover-20220922,001,1795
724.9155,724.9234,24609,33325,Eptesicus serotinus,0.006,0.022,-1,Echolocation,/mnt/ubna_data_02_mir/recover-20220922/UBNA_001/20220921_090000.WAV,Telephone Field,recover-20220922,001,1795
724.9615,724.9724,44375,48766,Pipistrellus pipistrellus,0.02,0.026,-1,Echolocation,/mnt/ubna_data_02_mir/recover-20220922/UBNA_001/20220921_090000.WAV,Telephone Field,recover-20220922,001,1795
724.9775,724.9883,22890,28500,Nyctalus leisleri,0.011,0.024,-1,Echolocation,/mnt/ubna_data_02_mir/recover-20220922/UBNA_001/20220921_090000.WAV,Telephone Field,recover-20220922,001,1795
725.0045,725.0418,68437,81462,Rhinolophus ferrumequinum,0.021,0.021,-1,Echolocation,/mnt/ubna_data_02_mir/recover-20220922/UBNA_001/20220921_090000.WAV,Telephone Field,recover-20220922,001,1795
725.0715,725.0819,22890,28136,Nyctalus leisleri,0.01,0.021,-1,Echolocation,/mnt/ubna_data_02_mir/recover-20220922/UBNA_001/20220921_090000.WAV,Telephone Field,recover-20220922,001,1795
725.0855,725.1253,68437,82294,Rhinolophus ferrumequinum,0.025,0.025,-1,Echolocation,/mnt/ubna_data_02_mir/recover-20220922/UBNA_001/20220921_090000.WAV,Telephone Field,recover-20220922,001,1795
725.0935,725.1015,22890,31147,Plecotus austriacus,0.01,0.023,-1,Echolocation,/mnt/ubna_data_02_mir/recover-20220922/UBNA_001/20220921_090000.WAV,Telephone Field,recover-20220922,001,1795
725.1105,725.1183,23750,31898,Plecotus austriacus,0.009,0.024,-1,Echolocation,/mnt/ubna_data_02_mir/recover-20220922/UBNA_001/20220921_090000.WAV,Telephone Field,recover-20220922,001,1795
725.1305,725.1697,68437,82569,Rhinolophus ferrumequinum,0.033,0.033,-1,Echolocation,/mnt/ubna_data_02_mir/recover-20220922/UBNA_001/20220921_090000.WAV,Telephone Field,recover-20220922,001,1795
725.1595,725.1677,28906,35016,Eptesicus serotinus,0.045,0.089,-1,Echolocation,/mnt/ubna_data_02_mir/recover-20220922/UBNA_001/20220921_090000.WAV,Telephone Field,recover-20220922,001,1795
725.1865,725.2273,68437,81963,Rhinolophus ferrumequinum,0.022,0.022,-1,Echolocation,/mnt/ubna_data_02_mir/recover-20220922/UBNA_001/20220921_090000.WAV,Telephone Field,recover-20220922,001,1795
725.1925,725.2039,22031,26513,Nyctalus leisleri,0.012,0.023,-1,Echolocation,/mnt/ubna_data_02_mir/recover-20220922/UBNA_001/20220921_090000.WAV,Telephone Field,recover-20220922,001,1795
725.2005,725.2091,28046,37621,Eptesicus serotinus,0.008,0.021,-1,Echolocation,/mnt/ubna_data_02_mir/recover-20220922/UBNA_001/20220921_090000.WAV,Telephone Field,recover-20220922,001,1795
725.2105,725.2473,68437,81334,Rhinolophus ferrumequinum,0.021,0.022,-1,Echolocation,/mnt/ubna_data_02_mir/recover-20220922/UBNA_001/20220921_090000.WAV,Telephone Field,recover-20220922,001,1795
725.2215,725.2313,28906,36465,Eptesicus serotinus,0.008,0.021,-1,Echolocation,/mnt/ubna_data_02_mir/recover-20220922/UBNA_001/20220921_090000.WAV,Telephone Field,recover-20220922,001,1795
725.2285,725.2632,68437,82024,Rhinolophus ferrumequinum,0.022,0.022,-1,Echolocation,/mnt/ubna_data_02_mir/recover-20220922/UBNA_001/20220921_090000.WAV,Telephone Field,recover-20220922,001,1795
725.2325,725.244,23750,28635,Nyctalus leisleri,0.01,0.021,-1,Echolocation,/mnt/ubna_data_02_mir/recover-20220922/UBNA_001/20220921_090000.WAV,Telephone Field,recover-20220922,001,1795
725.2575,725.2907,67578,78459,Rhinolophus ferrumequinum,0.025,0.026,-1,Echolocation,/mnt/ubna_data_02_mir/recover-20220922/UBNA_001/20220921_090000.WAV,Telephone Field,recover-20220922,001,1795
725.2755,725.3148,68437,82331,Rhinolophus ferrumequinum,0.022,0.022,-1,Echolocation,/mnt/ubna_data_02_mir/recover-20220922/UBNA_001/20220921_090000.WAV,Telephone Field,recover-20220922,001,1795
725.3035,725.3397,68437,81218,Rhinolophus ferrumequinum,0.023,0.023,-1,Echolocation,/mnt/ubna_data_02_mir/recover-20220922/UBNA_001/20220921_090000.WAV,Telephone Field,recover-20220922,001,1795
725.3375,725.3761,68437,81746,Rhinolophus ferrumequinum,0.021,0.021,-1,Echolocation,/mnt/ubna_data_02_mir/recover-20220922/UBNA_001/20220921_090000.WAV,Telephone Field,recover-20220922,001,1795
725.3545,725.3966,68437,83125,Rhinolophus ferrumequinum,0.028,0.028,-1,Echolocation,/mnt/ubna_data_02_mir/recover-20220922/UBNA_001/20220921_090000.WAV,Telephone Field,recover-20220922,001,1795
725.3595,725.3718,23750,30388,Nyctalus leisleri,0.018,0.043,-1,Echolocation,/mnt/ubna_data_02_mir/recover-20220922/UBNA_001/20220921_090000.WAV,Telephone Field,recover-20220922,001,1795
725.4305,725.4711,68437,82033,Rhinolophus ferrumequinum,0.029,0.029,-1,Echolocation,/mnt/ubna_data_02_mir/recover-20220922/UBNA_001/20220921_090000.WAV,Telephone Field,recover-20220922,001,1795
725.4535,725.4898,68437,81682,Rhinolophus ferrumequinum,0.021,0.021,-1,Echolocation,/mnt/ubna_data_02_mir/recover-20220922/UBNA_001/20220921_090000.WAV,Telephone Field,recover-20220922,001,1795
725.4715,725.5109,68437,82738,Rhinolophus ferrumequinum,0.03,0.03,-1,Echolocation,/mnt/ubna_data_02_mir/recover-20220922/UBNA_001/20220921_090000.WAV,Telephone Field,recover-20220922,001,1795
725.4785,725.4871,24609,31937,Eptesicus serotinus,0.007,0.024,-1,Echolocation,/mnt/ubna_data_02_mir/recover-20220922/UBNA_001/20220921_090000.WAV,Telephone Field,recover-20220922,001,1795
725.4915,725.5306,68437,82260,Rhinolophus ferrumequinum,0.022,0.022,-1,Echolocation,/mnt/ubna_data_02_mir/recover-20220922/UBNA_001/20220921_090000.WAV,Telephone Field,recover-20220922,001,1795
725.4955,725.5028,28046,36891,Eptesicus serotinus,0.032,0.063,-1,Echolocation,/mnt/ubna_data_02_mir/recover-20220922/UBNA_001/20220921_090000.WAV,Telephone Field,recover-20220922,001,1795
725.5375,725.578,68437,82606,Rhinolophus ferrumequinum,0.022,0.022,-1,Echolocation,/mnt/ubna_data_02_mir/recover-20220922/UBNA_001/20220921_090000.WAV,Telephone Field,recover-20220922,001,1795
725.5425,725.5515,46953,52805,Pipistrellus pipistrellus,0.028,0.033,-1,Echolocation,/mnt/ubna_data_02_mir/recover-20220922/UBNA_001/20220921_090000.WAV,Telephone Field,recover-20220922,001,1795
725.5435,725.5835,68437,82495,Rhinolophus ferrumequinum,0.022,0.022,-1,Echolocation,/mnt/ubna_data_02_mir/recover-20220922/UBNA_001/20220921_090000.WAV,Telephone Field,recover-20220922,001,1795
725.5765,725.6169,68437,82630,Rhinolophus ferrumequinum,0.027,0.028,-1,Echolocation,/mnt/ubna_data_02_mir/recover-20220922/UBNA_001/20220921_090000.WAV,Telephone Field,recover-20220922,001,1795
725.5965,725.6052,55546,61915,Pipistrellus pygmaeus,0.024,0.026,-1,Echolocation,/mnt/ubna_data_02_mir/recover-20220922/UBNA_001/20220921_090000.WAV,Telephone Field,recover-20220922,001,1795
725.6245,725.6629,68437,81878,Rhinolophus ferrumequinum,0.021,0.021,-1,Echolocation,/mnt/ubna_data_02_mir/recover-20220922/UBNA_001/20220921_090000.WAV,Telephone Field,recover-20220922,001,1795
725.6645,725.7034,68437,81758,Rhinolophus ferrumequinum,0.022,0.023,-1,Echolocation,/mnt/ubna_data_02_mir/recover-20220922/UBNA_001/20220921_090000.WAV,Telephone Field,recover-20220922,001,1795
725.6675,725.6767,27187,37714,Eptesicus serotinus,0.011,0.024,-1,Echolocation,/mnt/ubna_data_02_mir/recover-20220922/UBNA_001/20220921_090000.WAV,Telephone Field,recover-20220922,001,1795
725.6735,725.714,68437,82696,Rhinolophus ferrumequinum,0.024,0.024,-1,Echolocation,/mnt/ubna_data_02_mir/recover-20220922/UBNA_001/20220921_090000.WAV,Telephone Field,recover-20220922,001,1795
725.6935,725.7009,28046,40948,Eptesicus serotinus,0.006,0.021,-1,Echolocation,/mnt/ubna_data_02_mir/recover-20220922/UBNA_001/20220921_090000.WAV,Telephone Field,recover-20220922,001,1795
725.6955,725.7354,68437,82298,Rhinolophus ferrumequinum,0.021,0.021,-1,Echolocation,/mnt/ubna_data_02_mir/recover-20220922/UBNA_001/20220921_090000.WAV,Telephone Field,recover-20220922,001,1795
725.7155,725.7546,68437,82222,Rhinolophus ferrumequinum,0.022,0.022,-1,Echolocation,/mnt/ubna_data_02_mir/recover-20220922/UBNA_001/20220921_090000.WAV,Telephone Field,recover-20220922,001,1795
725.7495,725.7561,51250,58535,Pipistrellus pipistrellus,0.022,0.026,-1,Echolocation,/mnt/ubna_data_02_mir/recover-20220922/UBNA_001/20220921_090000.WAV,Telephone Field,recover-20220922,001,1795
725.7525,725.7892,68437,82439,Rhinolophus ferrumequinum,0.023,0.023,-1,Echolocation,/mnt/ubna_data_02_mir/recover-20220922/UBNA_001/20220921_090000.WAV,Telephone Field,recover-20220922,001,1795
725.7625,725.8039,68437,82704,Rhinolophus ferrumequinum,0.025,0.025,-1,Echolocation,/mnt/ubna_data_02_mir/recover-20220922/UBNA_001/20220921_090000.WAV,Telephone Field,recover-20220922,001,1795
725.7655,725.7717,27187,43086,Eptesicus serotinus,0.006,0.026,-1,Echolocation,/mnt/ubna_data_02_mir/recover-20220922/UBNA_001/20220921_090000.WAV,Telephone Field,recover-20220922,001,1795
725.7835,725.8279,68437,83490,Rhinolophus ferrumequinum,0.036,0.036,-1,Echolocation,/mnt/ubna_data_02_mir/recover-20220922/UBNA_001/20220921_090000.WAV,Telephone Field,recover-20220922,001,1795
725.8355,725.875,68437,81794,Rhinolophus ferrumequinum,0.024,0.024,-1,Echolocation,/mnt/ubna_data_02_mir/recover-20220922/UBNA_001/20220921_090000.WAV,Telephone Field,recover-20220922,001,1795
725.8555,725.8918,68437,81755,Rhinolophus ferrumequinum,0.021,0.021,-1,Echolocation,/mnt/ubna_data_02_mir/recover-20220922/UBNA_001/20220921_090000.WAV,Telephone Field,recover-20220922,001,1795
725.9105,725.9487,68437,81933,Rhinolophus ferrumequinum,0.023,0.023,-1,Echolocation,/mnt/ubna_data_02_mir/recover-20220922/UBNA_001/20220921_090000.WAV,Telephone Field,recover-20220922,001,1795
725.9165,725.9552,68437,82062,Rhinolophus ferrumequinum,0.023,0.023,-1,Echolocation,/mnt/ubna_data_02_mir/recover-20220922/UBNA_001/20220921_090000.WAV,Telephone Field,recover-20220922,001,1795
725.9305,725.9712,68437,82639,Rhinolophus ferrumequinum,0.021,0.021,-1,Echolocation,/mnt/ubna_data_02_mir/recover-20220922/UBNA_001/20220921_090000.WAV,Telephone Field,recover-20220922,001,1795
725.9455,725.9556,26328,34336,Eptesicus serotinus,0.01,0.023,-1,Echolocation,/mnt/ubna_data_02_mir/recover-20220922/UBNA_001/20220921_090000.WAV,Telephone Field,recover-20220922,001,1795
725.9625,725.9978,68437,81231,Rhinolophus ferrumequinum,0.021,0.021,-1,Echolocation,/mnt/ubna_data_02_mir/recover-20220922/UBNA_001/20220921_090000.WAV,Telephone Field,recover-20220922,001,1795
725.9805,725.9882,50390,56833,Pipistrellus pipistrellus,0.018,0.023,-1,Echolocation,/mnt/ubna_data_02_mir/recover-20220922/UBNA_001/20220921_090000.WAV,Telephone Field,recover-20220922,001,1795
725.9845,725.9937,28046,39006,Eptesicus serotinus,0.009,0.023,-1,Echolocation,/mnt/ubna_data_02_mir/recover-20220922/UBNA_001/20220921_090000.WAV,Telephone Field,recover-20220922,001,1795
726.0015,726.0121,47812,53688,Pipistrellus pipistrellus,0.017,0.023,-1,Echolocation,/mnt/ubna_data_02_mir/recover-20220922/UBNA_001/20220921_090000.WAV,Telephone Field,recover-20220922,001,1795
726.0015,726.0344,69296,80174,Rhinolophus ferrumequinum,0.045,0.045,-1,Echolocation,/mnt/ubna_data_02_mir/recover-20220922/UBNA_001/20220921_090000.WAV,Telephone Field,recover-20220922,001,1795
726.0015,726.0127,34921,41194,Eptesicus serotinus,0.007,0.026,-1,Echolocation,/mnt/ubna_data_02_mir/recover-20220922/UBNA_001/20220921_090000.WAV,Telephone Field,recover-20220922,001,1795
726.0015,726.0088,25468,38914,Eptesicus serotinus,0.006,0.033,-1,Echolocation,/mnt/ubna_data_02_mir/recover-20220922/UBNA_001/20220921_090000.WAV,Telephone Field,recover-20220922,001,1795
726.0075,726.015,27187,40889,Eptesicus serotinus,0.011,0.035,-1,Echolocation,/mnt/ubna_data_02_mir/recover-20220922/UBNA_001/20220921_090000.WAV,Telephone Field,recover-20220922,001,1795
726.0095,726.0532,68437,82089,Rhinolophus ferrumequinum,0.027,0.027,-1,Echolocation,/mnt/ubna_data_02_mir/recover-20220922/UBNA_001/20220921_090000.WAV,Telephone Field,recover-20220922,001,1795
726.0185,726.0612,68437,82858,Rhinolophus ferrumequinum,0.025,0.025,-1,Echolocation,/mnt/ubna_data_02_mir/recover-20220922/UBNA_001/20220921_090000.WAV,Telephone Field,recover-20220922,001,1795
726.0275,726.0699,68437,83123,Rhinolophus ferrumequinum,0.024,0.024,-1,Echolocation,/mnt/ubna_data_02_mir/recover-20220922/UBNA_001/20220921_090000.WAV,Telephone Field,recover-20220922,001,1795
726.0425,726.0511,28906,37246,Eptesicus serotinus,0.006,0.02,-1,Echolocation,/mnt/ubna_data_02_mir/recover-20220922/UBNA_001/20220921_090000.WAV,Telephone Field,recover-20220922,001,1795
726.0525,726.0911,68437,82227,Rhinolophus ferrumequinum,0.022,0.022,-1,Echolocation,/mnt/ubna_data_02_mir/recover-20220922/UBNA_001/20220921_090000.WAV,Telephone Field,recover-20220922,001,1795
726.0605,726.1021,68437,82733,Rhinolophus ferrumequinum,0.025,0.025,-1,Echolocation,/mnt/ubna_data_02_mir/recover-20220922/UBNA_001/20220921_090000.WAV,Telephone Field,recover-20220922,001,1795
726.0715,726.113,68437,82803,Rhinolophus ferrumequinum,0.027,0.027,-1,Echolocation,/mnt/ubna_data_02_mir/recover-20220922/UBNA_001/20220921_090000.WAV,Telephone Field,recover-20220922,001,1795
726.1295,726.1725,68437,82367,Rhinolophus ferrumequinum,0.028,0.028,-1,Echolocation,/mnt/ubna_data_02_mir/recover-20220922/UBNA_001/20220921_090000.WAV,Telephone Field,recover-20220922,001,1795
726.1685,726.2095,68437,82538,Rhinolophus ferrumequinum,0.022,0.022,-1,Echolocation,/mnt/ubna_data_02_mir/recover-20220922/UBNA_001/20220921_090000.WAV,Telephone Field,recover-20220922,001,1795
726.1945,726.2046,31484,37503,Eptesicus serotinus,0.016,0.041,-1,Echolocation,/mnt/ubna_data_02_mir/recover-20220922/UBNA_001/20220921_090000.WAV,Telephone Field,recover-20220922,001,1795
726.2075,726.2478,68437,82426,Rhinolophus ferrumequinum,0.022,0.022,-1,Echolocation,/mnt/ubna_data_02_mir/recover-20220922/UBNA_001/20220921_090000.WAV,Telephone Field,recover-20220922,001,1795
726.2155,726.2545,68437,82181,Rhinolophus ferrumequinum,0.021,0.021,-1,Echolocation,/mnt/ubna_data_02_mir/recover-20220922/UBNA_001/20220921_090000.WAV,Telephone Field,recover-20220922,001,1795
726.2265,726.2654,68437,81700,Rhinolophus ferrumequinum,0.022,0.022,-1,Echolocation,/mnt/ubna_data_02_mir/recover-20220922/UBNA_001/20220921_090000.WAV,Telephone Field,recover-20220922,001,1795
726.2355,726.2447,25468,32914,Eptesicus serotinus,0.008,0.023,-1,Echolocation,/mnt/ubna_data_02_mir/recover-20220922/UBNA_001/20220921_090000.WAV,Telephone Field,recover-20220922,001,1795
726.2765,726.2835,26328,41026,Eptesicus serotinus,0.006,0.02,-1,Echolocation,/mnt/ubna_data_02_mir/recover-20220922/UBNA_001/20220921_090000.WAV,Telephone Field,recover-20220922,001,1795
726.2795,726.3181,68437,82541,Rhinolophus ferrumequinum,0.023,0.023,-1,Echolocation,/mnt/ubna_data_02_mir/recover-20220922/UBNA_001/20220921_090000.WAV,Telephone Field,recover-20220922,001,1795
726.2945,726.3073,37500,42561,Pipistrellus nathusii,0.01,0.02,-1,Echolocation,/mnt/ubna_data_02_mir/recover-20220922/UBNA_001/20220921_090000.WAV,Telephone Field,recover-20220922,001,1795
726.2955,726.3332,68437,81959,Rhinolophus ferrumequinum,0.026,0.026,-1,Echolocation,/mnt/ubna_data_02_mir/recover-20220922/UBNA_001/20220921_090000.WAV,Telephone Field,recover-20220922,001,1795
726.3195,726.3608,68437,82851,Rhinolophus ferrumequinum,0.027,0.027,-1,Echolocation,/mnt/ubna_data_02_mir/recover-20220922/UBNA_001/20220921_090000.WAV,Telephone Field,recover-20220922,001,1795
726.3505,726.3897,68437,82215,Rhinolophus ferrumequinum,0.023,0.023,-1,Echolocation,/mnt/ubna_data_02_mir/recover-20220922/UBNA_001/20220921_090000.WAV,Telephone Field,recover-20220922,001,1795
726.3585,726.397,68437,82569,Rhinolophus ferrumequinum,0.023,0.023,-1,Echolocation,/mnt/ubna_data_02_mir/recover-20220922/UBNA_001/20220921_090000.WAV,Telephone Field,recover-20220922,001,1795
726.3705,726.378,48671,55355,Pipistrellus pipistrellus,0.019,0.021,-1,Echolocation,/mnt/ubna_data_02_mir/recover-20220922/UBNA_001/20220921_090000.WAV,Telephone Field,recover-20220922,001,1795
726.3905,726.4318,68437,82907,Rhinolophus ferrumequinum,0.03,0.03,-1,Echolocation,/mnt/ubna_data_02_mir/recover-20220922/UBNA_001/20220921_090000.WAV,Telephone Field,recover-20220922,001,1795
726.4745,726.482,26328,34953,Eptesicus serotinus,0.011,0.032,-1,Echolocation,/mnt/ubna_data_02_mir/recover-20220922/UBNA_001/20220921_090000.WAV,Telephone Field,recover-20220922,001,1795
726.5145,726.5225,27187,39154,Eptesicus serotinus,0.007,0.02,-1,Echolocation,/mnt/ubna_data_02_mir/recover-20220922/UBNA_001/20220921_090000.WAV,Telephone Field,recover-20220922,001,1795
726.5295,726.5737,68437,83614,Rhinolophus ferrumequinum,0.04,0.04,-1,Echolocation,/mnt/ubna_data_02_mir/recover-20220922/UBNA_001/20220921_090000.WAV,Telephone Field,recover-20220922,001,1795
726.5345,726.5779,68437,83386,Rhinolophus ferrumequinum,0.04,0.04,-1,Echolocation,/mnt/ubna_data_02_mir/recover-20220922/UBNA_001/20220921_090000.WAV,Telephone Field,recover-20220922,001,1795
726.5435,726.5563,37500,42069,Pipistrellus nathusii,0.016,0.029,-1,Echolocation,/mnt/ubna_data_02_mir/recover-20220922/UBNA_001/20220921_090000.WAV,Telephone Field,recover-20220922,001,1795
726.5485,726.5601,23750,29956,Nyctalus leisleri,0.012,0.026,-1,Echolocation,/mnt/ubna_data_02_mir/recover-20220922/UBNA_001/20220921_090000.WAV,Telephone Field,recover-20220922,001,1795
726.5545,726.5657,25468,31724,Nyctalus leisleri,0.01,0.026,-1,Echolocation,/mnt/ubna_data_02_mir/recover-20220922/UBNA_001/20220921_090000.WAV,Telephone Field,recover-20220922,001,1795
726.5775,726.6129,68437,82301,Rhinolophus ferrumequinum,0.023,0.023,-1,Echolocation,/mnt/ubna_data_02_mir/recover-20220922/UBNA_001/20220921_090000.WAV,Telephone Field,recover-20220922,001,1795
726.5835,726.6213,68437,82111,Rhinolophus ferrumequinum,0.022,0.022,-1,Echolocation,/mnt/ubna_data_02_mir/recover-20220922/UBNA_001/20220921_090000.WAV,Telephone Field,recover-20220922,001,1795
726.6035,726.639,68437,81217,Rhinolophus ferrumequinum,0.023,0.023,-1,Echolocation,/mnt/ubna_data_02_mir/recover-20220922/UBNA_001/20220921_090000.WAV,Telephone Field,recover-20220922,001,1795
726.6395,726.6782,68437,82254,Rhinolophus ferrumequinum,0.02,0.02,-1,Echolocation,/mnt/ubna_data_02_mir/recover-20220922/UBNA_001/20220921_090000.WAV,Telephone Field,recover-20220922,001,1795
726.6565,726.6666,28906,38166,Eptesicus serotinus,0.009,0.022,-1,Echolocation,/mnt/ubna_data_02_mir/recover-20220922/UBNA_001/20220921_090000.WAV,Telephone Field,recover-20220922,001,1795
726.6655,726.7056,68437,83182,Rhinolophus ferrumequinum,0.03,0.03,-1,Echolocation,/mnt/ubna_data_02_mir/recover-20220922/UBNA_001/20220921_090000.WAV,Telephone Field,recover-20220922,001,1795
726.6675,726.6756,28906,39661,Eptesicus serotinus,0.008,0.024,-1,Echolocation,/mnt/ubna_data_02_mir/recover-20220922/UBNA_001/20220921_090000.WAV,Telephone Field,recover-20220922,001,1795
726.6735,726.7153,68437,83043,Rhinolophus ferrumequinum,0.028,0.028,-1,Echolocation,/mnt/ubna_data_02_mir/recover-20220922/UBNA_001/20220921_090000.WAV,Telephone Field,recover-20220922,001,1795
726.7055,726.7448,68437,81540,Rhinolophus ferrumequinum,0.025,0.026,-1,Echolocation,/mnt/ubna_data_02_mir/recover-20220922/UBNA_001/20220921_090000.WAV,Telephone Field,recover-20220922,001,1795
726.7175,726.7566,68437,82595,Rhinolophus ferrumequinum,0.023,0.023,-1,Echolocation,/mnt/ubna_data_02_mir/recover-20220922/UBNA_001/20220921_090000.WAV,Telephone Field,recover-20220922,001,1795
726.7625,726.803,68437,82048,Rhinolophus ferrumequinum,0.022,0.022,-1,Echolocation,/mnt/ubna_data_02_mir/recover-20220922/UBNA_001/20220921_090000.WAV,Telephone Field,recover-20220922,001,1795
726.7705,726.8116,68437,82339,Rhinolophus ferrumequinum,0.023,0.023,-1,Echolocation,/mnt/ubna_data_02_mir/recover-20220922/UBNA_001/20220921_090000.WAV,Telephone Field,recover-20220922,001,1795
726.7725,726.7822,28046,37743,Eptesicus serotinus,0.009,0.023,-1,Echolocation,/mnt/ubna_data_02_mir/recover-20220922/UBNA_001/20220921_090000.WAV,Telephone Field,recover-20220922,001,1795
726.7735,726.7857,33203,39293,Eptesicus serotinus,0.008,0.025,-1,Echolocation,/mnt/ubna_data_02_mir/recover-20220922/UBNA_001/20220921_090000.WAV,Telephone Field,recover-20220922,001,1795
726.7945,726.8369,68437,82551,Rhinolophus ferrumequinum,0.027,0.027,-1,Echolocation,/mnt/ubna_data_02_mir/recover-20220922/UBNA_001/20220921_090000.WAV,Telephone Field,recover-20220922,001,1795
726.8115,726.8231,22890,27956,Nyctalus leisleri,0.011,0.022,-1,Echolocation,/mnt/ubna_data_02_mir/recover-20220922/UBNA_001/20220921_090000.WAV,Telephone Field,recover-20220922,001,1795
726.8785,726.9167,68437,82244,Rhinolophus ferrumequinum,0.022,0.022,-1,Echolocation,/mnt/ubna_data_02_mir/recover-20220922/UBNA_001/20220921_090000.WAV,Telephone Field,recover-20220922,001,1795
726.8795,726.8877,28046,38403,Eptesicus serotinus,0.007,0.021,-1,Echolocation,/mnt/ubna_data_02_mir/recover-20220922/UBNA_001/20220921_090000.WAV,Telephone Field,recover-20220922,001,1795
726.8925,726.932,68437,82097,Rhinolophus ferrumequinum,0.03,0.03,-1,Echolocation,/mnt/ubna_data_02_mir/recover-20220922/UBNA_001/20220921_090000.WAV,Telephone Field,recover-20220922,001,1795
726.9035,726.9415,68437,81956,Rhinolophus ferrumequinum,0.023,0.023,-1,Echolocation,/mnt/ubna_data_02_mir/recover-20220922/UBNA_001/20220921_090000.WAV,Telephone Field,recover-20220922,001,1795
726.9035,726.9141,50390,54078,Pipistrellus pipistrellus,0.018,0.025,-1,Echolocation,/mnt/ubna_data_02_mir/recover-20220922/UBNA_001/20220921_090000.WAV,Telephone Field,recover-20220922,001,1795
726.9425,726.9529,22890,27394,Nyctalus leisleri,0.011,0.021,-1,Echolocation,/mnt/ubna_data_02_mir/recover-20220922/UBNA_001/20220921_090000.WAV,Telephone Field,recover-20220922,001,1795
726.9585,726.998,68437,82597,Rhinolophus ferrumequinum,0.022,0.022,-1,Echolocation,/mnt/ubna_data_02_mir/recover-20220922/UBNA_001/20220921_090000.WAV,Telephone Field,recover-20220922,001,1795
726.9985,727.0348,68437,81874,Rhinolophus ferrumequinum,0.02,0.021,-1,Echolocation,/mnt/ubna_data_02_mir/recover-20220922/UBNA_001/20220921_090000.WAV,Telephone Field,recover-20220922,001,1795
727.0095,727.0502,68437,82740,Rhinolophus ferrumequinum,0.024,0.024,-1,Echolocation,/mnt/ubna_data_02_mir/recover-20220922/UBNA_001/20220921_090000.WAV,Telephone Field,recover-20220922,001,1795
727.0445,727.0536,22890,29267,Nyctalus leisleri,0.007,0.02,-1,Echolocation,/mnt/ubna_data_02_mir/recover-20220922/UBNA_001/20220921_090000.WAV,Telephone Field,recover-20220922,001,1795
727.0475,727.087,68437,81754,Rhinolophus ferrumequinum,0.021,0.021,-1,Echolocation,/mnt/ubna_data_02_mir/recover-20220922/UBNA_001/20220921_090000.WAV,Telephone Field,recover-20220922,001,1795
727.0735,727.1112,68437,82632,Rhinolophus ferrumequinum,0.021,0.021,-1,Echolocation,/mnt/ubna_data_02_mir/recover-20220922/UBNA_001/20220921_090000.WAV,Telephone Field,recover-20220922,001,1795
727.1035,727.112,26328,35429,Eptesicus serotinus,0.008,0.022,-1,Echolocation,/mnt/ubna_data_02_mir/recover-20220922/UBNA_001/20220921_090000.WAV,Telephone Field,recover-20220922,001,1795
727.1125,727.152,68437,82839,Rhinolophus ferrumequinum,0.023,0.023,-1,Echolocation,/mnt/ubna_data_02_mir/recover-20220922/UBNA_001/20220921_090000.WAV,Telephone Field,recover-20220922,001,1795
727.1275,727.1676,68437,82296,Rhinolophus ferrumequinum,0.031,0.031,-1,Echolocation,/mnt/ubna_data_02_mir/recover-20220922/UBNA_001/20220921_090000.WAV,Telephone Field,recover-20220922,001,1795
727.1515,727.1584,27187,40515,Eptesicus serotinus,0.006,0.022,-1,Echolocation,/mnt/ubna_data_02_mir/recover-20220922/UBNA_001/20220921_090000.WAV,Telephone Field,recover-20220922,001,1795
727.1795,727.2192,68437,82308,Rhinolophus ferrumequinum,0.023,0.023,-1,Echolocation,/mnt/ubna_data_02_mir/recover-20220922/UBNA_001/20220921_090000.WAV,Telephone Field,recover-20220922,001,1795
727.1815,727.1908,28046,38287,Eptesicus serotinus,0.008,0.021,-1,Echolocation,/mnt/ubna_data_02_mir/recover-20220922/UBNA_001/20220921_090000.WAV,Telephone Field,recover-20220922,001,1795
727.1935,727.2275,68437,80394,Rhinolophus ferrumequinum,0.02,0.02,-1,Echolocation,/mnt/ubna_data_02_mir/recover-20220922/UBNA_001/20220921_090000.WAV,Telephone Field,recover-20220922,001,1795
727.2115,727.2582,68437,83205,Rhinolophus ferrumequinum,0.054,0.054,-1,Echolocation,/mnt/ubna_data_02_mir/recover-20220922/UBNA_001/20220921_090000.WAV,Telephone Field,recover-20220922,001,1795
727.2175,727.2308,22031,25932,Nyctalus leisleri,0.014,0.024,-1,Echolocation,/mnt/ubna_data_02_mir/recover-20220922/UBNA_001/20220921_090000.WAV,Telephone Field,recover-20220922,001,1795
727.2385,727.2458,28046,42801,Eptesicus serotinus,0.006,0.022,-1,Echolocation,/mnt/ubna_data_02_mir/recover-20220922/UBNA_001/20220921_090000.WAV,Telephone Field,recover-20220922,001,1795
727.2495,727.2865,68437,81812,Rhinolophus ferrumequinum,0.021,0.021,-1,Echolocation,/mnt/ubna_data_02_mir/recover-20220922/UBNA_001/20220921_090000.WAV,Telephone Field,recover-20220922,001,1795
727.2745,727.314,68437,82145,Rhinolophus ferrumequinum,0.025,0.025,-1,Echolocation,/mnt/ubna_data_02_mir/recover-20220922/UBNA_001/20220921_090000.WAV,Telephone Field,recover-20220922,001,1795
727.2865,727.3231,68437,81060,Rhinolophus ferrumequinum,0.021,0.021,-1,Echolocation,/mnt/ubna_data_02_mir/recover-20220922/UBNA_001/20220921_090000.WAV,Telephone Field,recover-20220922,001,1795
727.3185,727.359,68437,82565,Rhinolophus ferrumequinum,0.024,0.024,-1,Echolocation,/mnt/ubna_data_02_mir/recover-20220922/UBNA_001/20220921_090000.WAV,Telephone Field,recover-20220922,001,1795
727.3205,727.3278,27187,41226,Eptesicus serotinus,0.008,0.026,-1,Echolocation,/mnt/ubna_data_02_mir/recover-20220922/UBNA_001/20220921_090000.WAV,Telephone Field,recover-20220922,001,1795
727.3465,727.3853,68437,81706,Rhinolophus ferrumequinum,0.031,0.031,-1,Echolocation,/mnt/ubna_data_02_mir/recover-20220922/UBNA_001/20220921_090000.WAV,Telephone Field,recover-20220922,001,1795
727.3775,727.4184,68437,82477,Rhinolophus ferrumequinum,0.023,0.023,-1,Echolocation,/mnt/ubna_data_02_mir/recover-20220922/UBNA_001/20220921_090000.WAV,Telephone Field,recover-20220922,001,1795
727.3995,727.4423,68437,82701,Rhinolophus ferrumequinum,0.025,0.025,-1,Echolocation,/mnt/ubna_data_02_mir/recover-20220922/UBNA_001/20220921_090000.WAV,Telephone Field,recover-20220922,001,1795
727.4395,727.4814,68437,82744,Rhinolophus ferrumequinum,0.031,0.031,-1,Echolocation,/mnt/ubna_data_02_mir/recover-20220922/UBNA_001/20220921_090000.WAV,Telephone Field,recover-20220922,001,1795
727.4515,727.4633,22890,27717,Nyctalus leisleri,0.01,0.021,-1,Echolocation,/mnt/ubna_data_02_mir/recover-20220922/UBNA_001/20220921_090000.WAV,Telephone Field,recover-20220922,001,1795
727.4835,727.5204,68437,81856,Rhinolophus ferrumequinum,0.023,0.023,-1,Echolocation,/mnt/ubna_data_02_mir/recover-20220922/UBNA_001/20220921_090000.WAV,Telephone Field,recover-20220922,001,1795
727.4895,727.527,68437,81708,Rhinolophus ferrumequinum,0.021,0.021,-1,Echolocation,/mnt/ubna_data_02_mir/recover-20220922/UBNA_001/20220921_090000.WAV,Telephone Field,recover-20220922,001,1795
727.5605,727.5698,46953,53057,Pipistrellus pipistrellus,0.018,0.021,-1,Echolocation,/mnt/ubna_data_02_mir/recover-20220922/UBNA_001/20220921_090000.WAV,Telephone Field,recover-20220922,001,1795
727.5615,727.5989,68437,81799,Rhinolophus ferrumequinum,0.022,0.022,-1,Echolocation,/mnt/ubna_data_02_mir/recover-20220922/UBNA_001/20220921_090000.WAV,Telephone Field,recover-20220922,001,1795
727.5845,727.6225,68437,81576,Rhinolophus ferrumequinum,0.021,0.021,-1,Echolocation,/mnt/ubna_data_02_mir/recover-20220922/UBNA_001/20220921_090000.WAV,Telephone Field,recover-20220922,001,1795
727.6345,727.6415,28046,37560,Eptesicus serotinus,0.006,0.023,-1,Echolocation,/mnt/ubna_data_02_mir/recover-20220922/UBNA_001/20220921_090000.WAV,Telephone Field,recover-20220922,001,1795
727.6465,727.6842,68437,82525,Rhinolophus ferrumequinum,0.021,0.021,-1,Echolocation,/mnt/ubna_data_02_mir/recover-20220922/UBNA_001/20220921_090000.WAV,Telephone Field,recover-20220922,001,1795
727.6675,727.7054,68437,82072,Rhinolophus ferrumequinum,0.028,0.028,-1,Echolocation,/mnt/ubna_data_02_mir/recover-20220922/UBNA_001/20220921_090000.WAV,Telephone Field,recover-20220922,001,1795
727.6695,727.6771,26328,35366,Eptesicus serotinus,0.006,0.021,-1,Echolocation,/mnt/ubna_data_02_mir/recover-20220922/UBNA_001/20220921_090000.WAV,Telephone Field,recover-20220922,001,1795
727.6765,727.7133,68437,81613,Rhinolophus ferrumequinum,0.021,0.021,-1,Echolocation,/mnt/ubna_data_02_mir/recover-20220922/UBNA_001/20220921_090000.WAV,Telephone Field,recover-20220922,001,1795
727.6925,727.7335,68437,82795,Rhinolophus ferrumequinum,0.03,0.03,-1,Echolocation,/mnt/ubna_data_02_mir/recover-20220922/UBNA_001/20220921_090000.WAV,Telephone Field,recover-20220922,001,1795
727.6955,727.7058,24609,31377,Nyctalus leisleri,0.008,0.023,-1,Echolocation,/mnt/ubna_data_02_mir/recover-20220922/UBNA_001/20220921_090000.WAV,Telephone Field,recover-20220922,001,1795
727.7885,727.7962,26328,34952,Eptesicus serotinus,0.006,0.021,-1,Echolocation,/mnt/ubna_data_02_mir/recover-20220922/UBNA_001/20220921_090000.WAV,Telephone Field,recover-20220922,001,1795
727.8165,727.8546,68437,81768,Rhinolophus ferrumequinum,0.023,0.023,-1,Echolocation,/mnt/ubna_data_02_mir/recover-20220922/UBNA_001/20220921_090000.WAV,Telephone Field,recover-20220922,001,1795
727.8575,727.8971,68437,81993,Rhinolophus ferrumequinum,0.025,0.025,-1,Echolocation,/mnt/ubna_data_02_mir/recover-20220922/UBNA_001/20220921_090000.WAV,Telephone Field,recover-20220922,001,1795
727.8815,727.927,68437,83608,Rhinolophus ferrumequinum,0.052,0.052,-1,Echolocation,/mnt/ubna_data_02_mir/recover-20220922/UBNA_001/20220921_090000.WAV,Telephone Field,recover-20220922,001,1795
727.9195,727.9564,68437,81608,Rhinolophus ferrumequinum,0.025,0.025,-1,Echolocation,/mnt/ubna_data_02_mir/recover-20220922/UBNA_001/20220921_090000.WAV,Telephone Field,recover-20220922,001,1795
727.9265,727.9658,68437,82673,Rhinolophus ferrumequinum,0.027,0.027,-1,Echolocation,/mnt/ubna_data_02_mir/recover-20220922/UBNA_001/20220921_090000.WAV,Telephone Field,recover-20220922,001,1795
727.9425,727.9826,68437,82469,Rhinolophus ferrumequinum,0.023,0.023,-1,Echolocation,/mnt/ubna_data_02_mir/recover-20220922/UBNA_001/20220921_090000.WAV,Telephone Field,recover-20220922,001,1795
727.9535,727.9645,26328,33458,Eptesicus serotinus,0.011,0.029,-1,Echolocation,/mnt/ubna_data_02_mir/recover-20220922/UBNA_001/20220921_090000.WAV,Telephone Field,recover-20220922,001,1795
727.9545,727.9936,68437,82796,Rhinolophus ferrumequinum,0.022,0.022,-1,Echolocation,/mnt/ubna_data_02_mir/recover-20220922/UBNA_001/20220921_090000.WAV,Telephone Field,recover-20220922,001,1795
727.9775,727.9856,28046,38250,Eptesicus serotinus,0.007,0.021,-1,Echolocation,/mnt/ubna_data_02_mir/recover-20220922/UBNA_001/20220921_090000.WAV,Telephone Field,recover-20220922,001,1795
728.0015,728.0327,68437,79233,Rhinolophus ferrumequinum,0.021,0.021,-1,Echolocation,/mnt/ubna_data_02_mir/recover-20220922/UBNA_001/20220921_090000.WAV,Telephone Field,recover-20220922,001,1795
728.0015,728.0099,25468,34174,Eptesicus serotinus,0.007,0.024,-1,Echolocation,/mnt/ubna_data_02_mir/recover-20220922/UBNA_001/20220921_090000.WAV,Telephone Field,recover-20220922,001,1795
728.0095,728.0182,27187,42308,Eptesicus serotinus,0.009,0.022,-1,Echolocation,/mnt/ubna_data_02_mir/recover-20220922/UBNA_001/20220921_090000.WAV,Telephone Field,recover-20220922,001,1795
728.0155,728.0549,68437,82515,Rhinolophus ferrumequinum,0.022,0.022,-1,Echolocation,/mnt/ubna_data_02_mir/recover-20220922/UBNA_001/20220921_090000.WAV,Telephone Field,recover-20220922,001,1795
728.0205,728.0572,68437,81780,Rhinolophus ferrumequinum,0.022,0.022,-1,Echolocation,/mnt/ubna_data_02_mir/recover-20220922/UBNA_001/20220921_090000.WAV,Telephone Field,recover-20220922,001,1795
728.0255,728.062,68437,81877,Rhinolophus ferrumequinum,0.022,0.022,-1,Echolocation,/mnt/ubna_data_02_mir/recover-20220922/UBNA_001/20220921_090000.WAV,Telephone Field,recover-20220922,001,1795
728.0605,728.0972,68437,81698,Rhinolophus ferrumequinum,0.025,0.025,-1,Echolocation,/mnt/ubna_data_02_mir/recover-20220922/UBNA_001/20220921_090000.WAV,Telephone Field,recover-20220922,001,1795
728.0725,728.0815,22890,29583,Plecotus austriacus,0.007,0.022,-1,Echolocation,/mnt/ubna_data_02_mir/recover-20220922/UBNA_001/20220921_090000.WAV,Telephone Field,recover-20220922,001,1795
728.1275,728.1354,27187,38633,Eptesicus serotinus,0.007,0.021,-1,Echolocation,/mnt/ubna_data_02_mir/recover-20220922/UBNA_001/20220921_090000.WAV,Telephone Field,recover-20220922,001,1795
728.1435,728.1526,28046,37801,Eptesicus serotinus,0.008,0.021,-1,Echolocation,/mnt/ubna_data_02_mir/recover-20220922/UBNA_001/20220921_090000.WAV,Telephone Field,recover-20220922,001,1795
728.1445,728.1838,68437,81858,Rhinolophus ferrumequinum,0.022,0.022,-1,Echolocation,/mnt/ubna_data_02_mir/recover-20220922/UBNA_001/20220921_090000.WAV,Telephone Field,recover-20220922,001,1795
728.1845,728.2229,68437,81734,Rhinolophus ferrumequinum,0.021,0.021,-1,Echolocation,/mnt/ubna_data_02_mir/recover-20220922/UBNA_001/20220921_090000.WAV,Telephone Field,recover-20220922,001,1795
728.1925,728.2301,68437,82322,Rhinolophus ferrumequinum,0.021,0.021,-1,Echolocation,/mnt/ubna_data_02_mir/recover-20220922/UBNA_001/20220921_090000.WAV,Telephone Field,recover-20220922,001,1795
728.2745,728.285,22890,28395,Nyctalus leisleri,0.01,0.023,-1,Echolocation,/mnt/ubna_data_02_mir/recover-20220922/UBNA_001/20220921_090000.WAV,Telephone Field,recover-20220922,001,1795
728.3115,728.3229,44375,47937,Pipistrellus pipistrellus,0.018,0.021,-1,Echolocation,/mnt/ubna_data_02_mir/recover-20220922/UBNA_001/20220921_090000.WAV,Telephone Field,recover-20220922,001,1795
728.3175,728.3576,68437,82549,Rhinolophus ferrumequinum,0.03,0.03,-1,Echolocation,/mnt/ubna_data_02_mir/recover-20220922/UBNA_001/20220921_090000.WAV,Telephone Field,recover-20220922,001,1795
728.3185,728.3272,28046,38299,Eptesicus serotinus,0.007,0.022,-1,Echolocation,/mnt/ubna_data_02_mir/recover-20220922/UBNA_001/20220921_090000.WAV,Telephone Field,recover-20220922,001,1795
728.3745,728.4112,68437,81605,Rhinolophus ferrumequinum,0.021,0.021,-1,Echolocation,/mnt/ubna_data_02_mir/recover-20220922/UBNA_001/20220921_090000.WAV,Telephone Field,recover-20220922,001,1795
728.3835,728.4199,68437,81243,Rhinolophus ferrumequinum,0.021,0.021,-1,Echolocation,/mnt/ubna_data_02_mir/recover-20220922/UBNA_001/20220921_090000.WAV,Telephone Field,recover-20220922,001,1795
728.3925,728.4323,68437,82145,Rhinolophus ferrumequinum,0.021,0.021,-1,Echolocation,/mnt/ubna_data_02_mir/recover-20220922/UBNA_001/20220921_090000.WAV,Telephone Field,recover-20220922,001,1795
728.4525,728.4643,22890,27156,Nyctalus leisleri,0.012,0.021,-1,Echolocation,/mnt/ubna_data_02_mir/recover-20220922/UBNA_001/20220921_090000.WAV,Telephone Field,recover-20220922,001,1795
728.4635,728.5011,68437,81795,Rhinolophus ferrumequinum,0.026,0.026,-1,Echolocation,/mnt/ubna_data_02_mir/recover-20220922/UBNA_001/20220921_090000.WAV,Telephone Field,recover-20220922,001,1795
728.5285,728.5686,68437,82380,Rhinolophus ferrumequinum,0.027,0.027,-1,Echolocation,/mnt/ubna_data_02_mir/recover-20220922/UBNA_001/20220921_090000.WAV,Telephone Field,recover-20220922,001,1795
728.5835,728.6223,68437,81872,Rhinolophus ferrumequinum,0.021,0.021,-1,Echolocation,/mnt/ubna_data_02_mir/recover-20220922/UBNA_001/20220921_090000.WAV,Telephone Field,recover-20220922,001,1795
728.5895,728.6006,22890,27996,Nyctalus leisleri,0.01,0.021,-1,Echolocation,/mnt/ubna_data_02_mir/recover-20220922/UBNA_001/20220921_090000.WAV,Telephone Field,recover-20220922,001,1795
728.6005,728.6116,22031,26534,Nyctalus leisleri,0.012,0.021,-1,Echolocation,/mnt/ubna_data_02_mir/recover-20220922/UBNA_001/20220921_090000.WAV,Telephone Field,recover-20220922,001,1795
728.6315,728.6398,48671,52385,Pipistrellus pipistrellus,0.024,0.027,-1,Echolocation,/mnt/ubna_data_02_mir/recover-20220922/UBNA_001/20220921_090000.WAV,Telephone Field,recover-20220922,001,1795
728.6405,728.6498,24609,32065,Eptesicus serotinus,0.007,0.021,-1,Echolocation,/mnt/ubna_data_02_mir/recover-20220922/UBNA_001/20220921_090000.WAV,Telephone Field,recover-20220922,001,1795
728.6895,728.6974,28046,37524,Eptesicus serotinus,0.013,0.029,-1,Echolocation,/mnt/ubna_data_02_mir/recover-20220922/UBNA_001/20220921_090000.WAV,Telephone Field,recover-20220922,001,1795
728.6985,728.7368,68437,82267,Rhinolophus ferrumequinum,0.025,0.025,-1,Echolocation,/mnt/ubna_data_02_mir/recover-20220922/UBNA_001/20220921_090000.WAV,Telephone Field,recover-20220922,001,1795
728.7125,728.7207,34062,41459,Myotis daubentonii,0.008,0.025,-1,Echolocation,/mnt/ubna_data_02_mir/recover-20220922/UBNA_001/20220921_090000.WAV,Telephone Field,recover-20220922,001,1795
728.7405,728.7753,68437,81568,Rhinolophus ferrumequinum,0.026,0.026,-1,Echolocation,/mnt/ubna_data_02_mir/recover-20220922/UBNA_001/20220921_090000.WAV,Telephone Field,recover-20220922,001,1795
728.7585,728.7681,28906,37125,Eptesicus serotinus,0.009,0.022,-1,Echolocation,/mnt/ubna_data_02_mir/recover-20220922/UBNA_001/20220921_090000.WAV,Telephone Field,recover-20220922,001,1795
728.7975,728.8368,68437,82448,Rhinolophus ferrumequinum,0.022,0.022,-1,Echolocation,/mnt/ubna_data_02_mir/recover-20220922/UBNA_001/20220921_090000.WAV,Telephone Field,recover-20220922,001,1795
728.8065,728.8185,22890,28060,Nyctalus leisleri,0.013,0.025,-1,Echolocation,/mnt/ubna_data_02_mir/recover-20220922/UBNA_001/20220921_090000.WAV,Telephone Field,recover-20220922,001,1795
728.8085,728.8465,68437,81903,Rhinolophus ferrumequinum,0.029,0.029,-1,Echolocation,/mnt/ubna_data_02_mir/recover-20220922/UBNA_001/20220921_090000.WAV,Telephone Field,recover-20220922,001,1795
728.8305,728.8743,68437,82674,Rhinolophus ferrumequinum,0.022,0.022,-1,Echolocation,/mnt/ubna_data_02_mir/recover-20220922/UBNA_001/20220921_090000.WAV,Telephone Field,recover-20220922,001,1795
728.8495,728.8887,68437,81805,Rhinolophus ferrumequinum,0.022,0.022,-1,Echolocation,/mnt/ubna_data_02_mir/recover-20220922/UBNA_001/20220921_090000.WAV,Telephone Field,recover-20220922,001,1795
728.8785,728.8878,27187,35568,Eptesicus serotinus,0.01,0.023,-1,Echolocation,/mnt/ubna_data_02_mir/recover-20220922/UBNA_001/20220921_090000.WAV,Telephone Field,recover-20220922,001,1795
728.9015,728.9164,14296,18221,Nyctalus noctula,0.013,0.021,-1,Echolocation,/mnt/ubna_data_02_mir/recover-20220922/UBNA_001/20220921_090000.WAV,Telephone Field,recover-20220922,001,1795
728.9105,728.9194,26328,35072,Eptesicus serotinus,0.012,0.029,-1,Echolocation,/mnt/ubna_data_02_mir/recover-20220922/UBNA_001/20220921_090000.WAV,Telephone Field,recover-20220922,001,1795
728.9235,728.9644,68437,82579,Rhinolophus ferrumequinum,0.021,0.021,-1,Echolocation,/mnt/ubna_data_02_mir/recover-20220922/UBNA_001/20220921_090000.WAV,Telephone Field,recover-20220922,001,1795
728.9355,728.9457,22890,27879,Nyctalus leisleri,0.011,0.022,-1,Echolocation,/mnt/ubna_data_02_mir/recover-20220922/UBNA_001/20220921_090000.WAV,Telephone Field,recover-20220922,001,1795
728.9395,728.9492,28906,36236,Eptesicus serotinus,0.008,0.022,-1,Echolocation,/mnt/ubna_data_02_mir/recover-20220922/UBNA_001/20220921_090000.WAV,Telephone Field,recover-20220922,001,1795
728.9445,728.9774,68437,80854,Rhinolophus ferrumequinum,0.023,0.023,-1,Echolocation,/mnt/ubna_data_02_mir/recover-20220922/UBNA_001/20220921_090000.WAV,Telephone Field,recover-20220922,001,1795
728.9755,729.0159,68437,82451,Rhinolophus ferrumequinum,0.022,0.022,-1,Echolocation,/mnt/ubna_data_02_mir/recover-20220922/UBNA_001/20220921_090000.WAV,Telephone Field,recover-20220922,001,1795
729.0005,729.0084,24609,33603,Plecotus austriacus,0.012,0.031,-1,Echolocation,/mnt/ubna_data_02_mir/recover-20220922/UBNA_001/20220921_090000.WAV,Telephone Field,recover-20220922,001,1795
729.0585,729.0996,68437,82812,Rhinolophus ferrumequinum,0.025,0.025,-1,Echolocation,/mnt/ubna_data_02_mir/recover-20220922/UBNA_001/20220921_090000.WAV,Telephone Field,recover-20220922,001,1795
729.0755,729.1145,68437,82124,Rhinolophus ferrumequinum,0.024,0.024,-1,Echolocation,/mnt/ubna_data_02_mir/recover-20220922/UBNA_001/20220921_090000.WAV,Telephone Field,recover-20220922,001,1795
729.0945,729.1044,28046,36768,Eptesicus serotinus,0.018,0.035,-1,Echolocation,/mnt/ubna_data_02_mir/recover-20220922/UBNA_001/20220921_090000.WAV,Telephone Field,recover-20220922,001,1795
729.1145,729.1221,47812,51895,Pipistrellus pipistrellus,0.021,0.022,-1,Echolocation,/mnt/ubna_data_02_mir/recover-20220922/UBNA_001/20220921_090000.WAV,Telephone Field,recover-20220922,001,1795
729.1175,729.1558,68437,82217,Rhinolophus ferrumequinum,0.022,0.022,-1,Echolocation,/mnt/ubna_data_02_mir/recover-20220922/UBNA_001/20220921_090000.WAV,Telephone Field,recover-20220922,001,1795
729.1295,729.1668,68437,81815,Rhinolophus ferrumequinum,0.021,0.021,-1,Echolocation,/mnt/ubna_data_02_mir/recover-20220922/UBNA_001/20220921_090000.WAV,Telephone Field,recover-20220922,001,1795
729.1585,729.1967,68437,82130,Rhinolophus ferrumequinum,0.023,0.023,-1,Echolocation,/mnt/ubna_data_02_mir/recover-20220922/UBNA_001/20220921_090000.WAV,Telephone Field,recover-20220922,001,1795
729.1765,729.185,28046,38859,Eptesicus serotinus,0.008,0.021,-1,Echolocation,/mnt/ubna_data_02_mir/recover-20220922/UBNA_001/20220921_090000.WAV,Telephone Field,recover-20220922,001,1795
729.1895,729.2297,68437,82278,Rhinolophus ferrumequinum,0.022,0.022,-1,Echolocation,/mnt/ubna_data_02_mir/recover-20220922/UBNA_001/20220921_090000.WAV,Telephone Field,recover-20220922,001,1795
729.1975,729.2371,68437,82558,Rhinolophus ferrumequinum,0.021,0.021,-1,Echolocation,/mnt/ubna_data_02_mir/recover-20220922/UBNA_001/20220921_090000.WAV,Telephone Field,recover-20220922,001,1795
729.2035,729.2438,68437,82319,Rhinolophus ferrumequinum,0.021,0.021,-1,Echolocation,/mnt/ubna_data_02_mir/recover-20220922/UBNA_001/20220921_090000.WAV,Telephone Field,recover-20220922,001,1795
729.2435,729.2811,68437,81882,Rhinolophus ferrumequinum,0.021,0.021,-1,Echolocation,/mnt/ubna_data_02_mir/recover-20220922/UBNA_001/20220921_090000.WAV,Telephone Field,recover-20220922,001,1795
729.2645,729.303,68437,82040,Rhinolophus ferrumequinum,0.021,0.021,-1,Echolocation,/mnt/ubna_data_02_mir/recover-20220922/UBNA_001/20220921_090000.WAV,Telephone Field,recover-20220922,001,1795
729.2705,729.3095,68437,82238,Rhinolophus ferrumequinum,0.022,0.022,-1,Echolocation,/mnt/ubna_data_02_mir/recover-20220922/UBNA_001/20220921_090000.WAV,Telephone Field,recover-20220922,001,1795
729.3035,729.3136,22031,27500,Nyctalus leisleri,0.008,0.021,-1,Echolocation,/mnt/ubna_data_02_mir/recover-20220922/UBNA_001/20220921_090000.WAV,Telephone Field,recover-20220922,001,1795
729.3225,729.3612,68437,82220,Rhinolophus ferrumequinum,0.029,0.029,-1,Echolocation,/mnt/ubna_data_02_mir/recover-20220922/UBNA_001/20220921_090000.WAV,Telephone Field,recover-20220922,001,1795
729.3395,729.3769,68437,81695,Rhinolophus ferrumequinum,0.026,0.026,-1,Echolocation,/mnt/ubna_data_02_mir/recover-20220922/UBNA_001/20220921_090000.WAV,Telephone Field,recover-20220922,001,1795
729.3535,729.3916,68437,81924,Rhinolophus ferrumequinum,0.021,0.021,-1,Echolocation,/mnt/ubna_data_02_mir/recover-20220922/UBNA_001/20220921_090000.WAV,Telephone Field,recover-20220922,001,1795
729.3935,729.4299,68437,80796,Rhinolophus ferrumequinum,0.022,0.022,-1,Echolocation,/mnt/ubna_data_02_mir/recover-20220922/UBNA_001/20220921_090000.WAV,Telephone Field,recover-20220922,001,1795
729.4235,729.4664,68437,83143,Rhinolophus ferrumequinum,0.032,0.032,-1,Echolocation,/mnt/ubna_data_02_mir/recover-20220922/UBNA_001/20220921_090000.WAV,Telephone Field,recover-20220922,001,1795
729.4565,729.5,68437,82579,Rhinolophus ferrumequinum,0.027,0.027,-1,Echolocation,/mnt/ubna_data_02_mir/recover-20220922/UBNA_001/20220921_090000.WAV,Telephone Field,recover-20220922,001,1795
729.4585,729.4691,23750,29797,Nyctalus leisleri,0.013,0.031,-1,Echolocation,/mnt/ubna_data_02_mir/recover-20220922/UBNA_001/20220921_090000.WAV,Telephone Field,recover-20220922,001,1795
729.4725,729.5116,68437,81721,Rhinolophus ferrumequinum,0.023,0.024,-1,Echolocation,/mnt/ubna_data_02_mir/recover-20220922/UBNA_001/20220921_090000.WAV,Telephone Field,recover-20220922,001,1795
729.5025,729.517,21171,25406,Nyctalus leisleri,0.012,0.025,-1,Echolocation,/mnt/ubna_data_02_mir/recover-20220922/UBNA_001/20220921_090000.WAV,Telephone Field,recover-20220922,001,1795
729.5045,729.5124,28046,40728,Eptesicus serotinus,0.007,0.023,-1,Echolocation,/mnt/ubna_data_02_mir/recover-20220922/UBNA_001/20220921_090000.WAV,Telephone Field,recover-20220922,001,1795
729.5265,729.57,68437,83376,Rhinolophus ferrumequinum,0.036,0.036,-1,Echolocation,/mnt/ubna_data_02_mir/recover-20220922/UBNA_001/20220921_090000.WAV,Telephone Field,recover-20220922,001,1795
729.5305,729.5395,28906,40141,Eptesicus serotinus,0.009,0.024,-1,Echolocation,/mnt/ubna_data_02_mir/recover-20220922/UBNA_001/20220921_090000.WAV,Telephone Field,recover-20220922,001,1795
729.5485,729.5573,25468,34136,Eptesicus serotinus,0.013,0.033,-1,Echolocation,/mnt/ubna_data_02_mir/recover-20220922/UBNA_001/20220921_090000.WAV,Telephone Field,recover-20220922,001,1795
729.5565,729.5952,68437,82108,Rhinolophus ferrumequinum,0.021,0.021,-1,Echolocation,/mnt/ubna_data_02_mir/recover-20220922/UBNA_001/20220921_090000.WAV,Telephone Field,recover-20220922,001,1795
729.6125,729.65,68437,82033,Rhinolophus ferrumequinum,0.021,0.021,-1,Echolocation,/mnt/ubna_data_02_mir/recover-20220922/UBNA_001/20220921_090000.WAV,Telephone Field,recover-20220922,001,1795
729.6205,729.6599,68437,82678,Rhinolophus ferrumequinum,0.024,0.024,-1,Echolocation,/mnt/ubna_data_02_mir/recover-20220922/UBNA_001/20220921_090000.WAV,Telephone Field,recover-20220922,001,1795
729.6285,729.6366,28046,37163,Eptesicus serotinus,0.007,0.023,-1,Echolocation,/mnt/ubna_data_02_mir/recover-20220922/UBNA_001/20220921_090000.WAV,Telephone Field,recover-20220922,001,1795
729.6375,729.6464,23750,30280,Plecotus austriacus,0.007,0.024,-1,Echolocation,/mnt/ubna_data_02_mir/recover-20220922/UBNA_001/20220921_090000.WAV,Telephone Field,recover-20220922,001,1795
729.6675,729.7066,68437,81892,Rhinolophus ferrumequinum,0.023,0.023,-1,Echolocation,/mnt/ubna_data_02_mir/recover-20220922/UBNA_001/20220921_090000.WAV,Telephone Field,recover-20220922,001,1795
729.7095,729.7256,52968,57619,Pipistrellus pygmaeus,0.026,0.03,-1,Echolocation,/mnt/ubna_data_02_mir/recover-20220922/UBNA_001/20220921_090000.WAV,Telephone Field,recover-20220922,001,1795
729.7215,729.7616,68437,82236,Rhinolophus ferrumequinum,0.021,0.021,-1,Echolocation,/mnt/ubna_data_02_mir/recover-20220922/UBNA_001/20220921_090000.WAV,Telephone Field,recover-20220922,001,1795
729.7605,729.7971,68437,82055,Rhinolophus ferrumequinum,0.023,0.023,-1,Echolocation,/mnt/ubna_data_02_mir/recover-20220922/UBNA_001/20220921_090000.WAV,Telephone Field,recover-20220922,001,1795
729.7795,729.7878,28046,37484,Eptesicus serotinus,0.007,0.022,-1,Echolocation,/mnt/ubna_data_02_mir/recover-20220922/UBNA_001/20220921_090000.WAV,Telephone Field,recover-20220922,001,1795
729.7935,729.8,28046,38195,Eptesicus serotinus,0.006,0.023,-1,Echolocation,/mnt/ubna_data_02_mir/recover-20220922/UBNA_001/20220921_090000.WAV,Telephone Field,recover-20220922,001,1795
729.7985,729.8369,68437,81954,Rhinolophus ferrumequinum,0.025,0.025,-1,Echolocation,/mnt/ubna_data_02_mir/recover-20220922/UBNA_001/20220921_090000.WAV,Telephone Field,recover-20220922,001,1795
729.8155,729.8259,28906,36435,Eptesicus serotinus,0.009,0.023,-1,Echolocation,/mnt/ubna_data_02_mir/recover-20220922/UBNA_001/20220921_090000.WAV,Telephone Field,recover-20220922,001,1795
729.8235,729.8605,68437,81874,Rhinolophus ferrumequinum,0.021,0.021,-1,Echolocation,/mnt/ubna_data_02_mir/recover-20220922/UBNA_001/20220921_090000.WAV,Telephone Field,recover-20220922,001,1795
729.8525,729.8913,68437,82403,Rhinolophus ferrumequinum,0.021,0.021,-1,Echolocation,/mnt/ubna_data_02_mir/recover-20220922/UBNA_001/20220921_090000.WAV,Telephone Field,recover-20220922,001,1795
729.8845,729.9238,68437,82586,Rhinolophus ferrumequinum,0.025,0.025,-1,Echolocation,/mnt/ubna_data_02_mir/recover-20220922/UBNA_001/20220921_090000.WAV,Telephone Field,recover-20220922,001,1795
729.8935,729.9311,68437,82212,Rhinolophus ferrumequinum,0.022,0.022,-1,Echolocation,/mnt/ubna_data_02_mir/recover-20220922/UBNA_001/20220921_090000.WAV,Telephone Field,recover-20220922,001,1795
729.9395,729.9792,68437,82050,Rhinolophus ferrumequinum,0.024,0.024,-1,Echolocation,/mnt/ubna_data_02_mir/recover-20220922/UBNA_001/20220921_090000.WAV,Telephone Field,recover-20220922,001,1795
729.9855,729.9969,23750,30433,Nyctalus leisleri,0.015,0.039,-1,Echolocation,/mnt/ubna_data_02_mir/recover-20220922/UBNA_001/20220921_090000.WAV,Telephone Field,recover-20220922,001,1795
730.0015,730.0108,22890,29092,Nyctalus leisleri,0.01,0.025,-1,Echolocation,/mnt/ubna_data_02_mir/recover-20220922/UBNA_001/20220921_090000.WAV,Telephone Field,recover-20220922,001,1795
730.0015,730.0112,47812,54440,Pipistrellus pipistrellus,0.023,0.029,-1,Echolocation,/mnt/ubna_data_02_mir/recover-20220922/UBNA_001/20220921_090000.WAV,Telephone Field,recover-20220922,001,1795
730.0015,730.0314,69296,81174,Rhinolophus ferrumequinum,0.027,0.027,-1,Echolocation,/mnt/ubna_data_02_mir/recover-20220922/UBNA_001/20220921_090000.WAV,Telephone Field,recover-20220922,001,1795
730.0655,730.0752,23750,31005,Nyctalus leisleri,0.01,0.027,-1,Echolocation,/mnt/ubna_data_02_mir/recover-20220922/UBNA_001/20220921_090000.WAV,Telephone Field,recover-20220922,001,1795
730.1015,730.1411,68437,82170,Rhinolophus ferrumequinum,0.029,0.029,-1,Echolocation,/mnt/ubna_data_02_mir/recover-20220922/UBNA_001/20220921_090000.WAV,Telephone Field,recover-20220922,001,1795
730.1065,730.1174,28046,35600,Eptesicus serotinus,0.015,0.03,-1,Echolocation,/mnt/ubna_data_02_mir/recover-20220922/UBNA_001/20220921_090000.WAV,Telephone Field,recover-20220922,001,1795
730.1305,730.1418,28906,36108,Eptesicus serotinus,0.018,0.031,-1,Echolocation,/mnt/ubna_data_02_mir/recover-20220922/UBNA_001/20220921_090000.WAV,Telephone Field,recover-20220922,001,1795
730.1325,730.1733,68437,82832,Rhinolophus ferrumequinum,0.023,0.023,-1,Echolocation,/mnt/ubna_data_02_mir/recover-20220922/UBNA_001/20220921_090000.WAV,Telephone Field,recover-20220922,001,1795
730.1545,730.1948,68437,82469,Rhinolophus ferrumequinum,0.024,0.024,-1,Echolocation,/mnt/ubna_data_02_mir/recover-20220922/UBNA_001/20220921_090000.WAV,Telephone Field,recover-20220922,001,1795
730.1625,730.2025,68437,81999,Rhinolophus ferrumequinum,0.026,0.026,-1,Echolocation,/mnt/ubna_data_02_mir/recover-20220922/UBNA_001/20220921_090000.WAV,Telephone Field,recover-20220922,001,1795
730.1865,730.1957,24609,33179,Nyctalus leisleri,0.007,0.024,-1,Echolocation,/mnt/ubna_data_02_mir/recover-20220922/UBNA_001/20220921_090000.WAV,Telephone Field,recover-20220922,001,1795
730.1925,730.2319,68437,82567,Rhinolophus ferrumequinum,0.029,0.029,-1,Echolocation,/mnt/ubna_data_02_mir/recover-20220922/UBNA_001/20220921_090000.WAV,Telephone Field,recover-20220922,001,1795
730.2065,730.2122,37500,45637,Myotis daubentonii,0.011,0.031,-1,Echolocation,/mnt/ubna_data_02_mir/recover-20220922/UBNA_001/20220921_090000.WAV,Telephone Field,recover-20220922,001,1795
730.2085,730.2146,28046,44904,Myotis daubentonii,0.012,0.04,-1,Echolocation,/mnt/ubna_data_02_mir/recover-20220922/UBNA_001/20220921_090000.WAV,Telephone Field,recover-20220922,001,1795
730.2125,730.2527,68437,82550,Rhinolophus ferrumequinum,0.022,0.022,-1,Echolocation,/mnt/ubna_data_02_mir/recover-20220922/UBNA_001/20220921_090000.WAV,Telephone Field,recover-20220922,001,1795
730.2325,730.2737,68437,82817,Rhinolophus ferrumequinum,0.024,0.024,-1,Echolocation,/mnt/ubna_data_02_mir/recover-20220922/UBNA_001/20220921_090000.WAV,Telephone Field,recover-20220922,001,1795
730.2525,730.2923,68437,82167,Rhinolophus ferrumequinum,0.023,0.023,-1,Echolocation,/mnt/ubna_data_02_mir/recover-20220922/UBNA_001/20220921_090000.WAV,Telephone Field,recover-20220922,001,1795
730.2595,730.2992,68437,82301,Rhinolophus ferrumequinum,0.025,0.025,-1,Echolocation,/mnt/ubna_data_02_mir/recover-20220922/UBNA_001/20220921_090000.WAV,Telephone Field,recover-20220922,001,1795
730.2815,730.3198,68437,82214,Rhinolophus ferrumequinum,0.025,0.025,-1,Echolocation,/mnt/ubna_data_02_mir/recover-20220922/UBNA_001/20220921_090000.WAV,Telephone Field,recover-20220922,001,1795
730.3005,730.337,68437,81243,Rhinolophus ferrumequinum,0.022,0.022,-1,Echolocation,/mnt/ubna_data_02_mir/recover-20220922/UBNA_001/20220921_090000.WAV,Telephone Field,recover-20220922,001,1795
730.3015,730.312,24609,31361,Nyctalus leisleri,0.008,0.022,-1,Echolocation,/mnt/ubna_data_02_mir/recover-20220922/UBNA_001/20220921_090000.WAV,Telephone Field,recover-20220922,001,1795
730.3285,730.3648,68437,80660,Rhinolophus ferrumequinum,0.024,0.024,-1,Echolocation,/mnt/ubna_data_02_mir/recover-20220922/UBNA_001/20220921_090000.WAV,Telephone Field,recover-20220922,001,1795
730.3295,730.3405,22890,28455,Nyctalus leisleri,0.013,0.027,-1,Echolocation,/mnt/ubna_data_02_mir/recover-20220922/UBNA_001/20220921_090000.WAV,Telephone Field,recover-20220922,001,1795
730.3585,730.379,18593,21502,Nyctalus noctula,0.012,0.024,-1,Echolocation,/mnt/ubna_data_02_mir/recover-20220922/UBNA_001/20220921_090000.WAV,Telephone Field,recover-20220922,001,1795
730.3615,730.3703,45234,56469,Pipistrellus pipistrellus,0.015,0.023,-1,Echolocation,/mnt/ubna_data_02_mir/recover-20220922/UBNA_001/20220921_090000.WAV,Telephone Field,recover-20220922,001,1795
730.3645,730.3745,28906,40038,Eptesicus serotinus,0.013,0.028,-1,Echolocation,/mnt/ubna_data_02_mir/recover-20220922/UBNA_001/20220921_090000.WAV,Telephone Field,recover-20220922,001,1795
730.3925,730.399,31484,44817,Myotis daubentonii,0.013,0.028,-1,Echolocation,/mnt/ubna_data_02_mir/recover-20220922/UBNA_001/20220921_090000.WAV,Telephone Field,recover-20220922,001,1795
730.4035,730.4408,68437,81936,Rhinolophus ferrumequinum,0.024,0.024,-1,Echolocation,/mnt/ubna_data_02_mir/recover-20220922/UBNA_001/20220921_090000.WAV,Telephone Field,recover-20220922,001,1795
730.4155,730.423,27187,38112,Eptesicus serotinus,0.007,0.024,-1,Echolocation,/mnt/ubna_data_02_mir/recover-20220922/UBNA_001/20220921_090000.WAV,Telephone Field,recover-20220922,001,1795
730.4235,730.4613,68437,81315,Rhinolophus ferrumequinum,0.023,0.023,-1,Echolocation,/mnt/ubna_data_02_mir/recover-20220922/UBNA_001/20220921_090000.WAV,Telephone Field,recover-20220922,001,1795
730.4455,730.4835,68437,82044,Rhinolophus ferrumequinum,0.027,0.027,-1,Echolocation,/mnt/ubna_data_02_mir/recover-20220922/UBNA_001/20220921_090000.WAV,Telephone Field,recover-20220922,001,1795
730.4485,730.4574,27187,37844,Eptesicus serotinus,0.009,0.024,-1,Echolocation,/mnt/ubna_data_02_mir/recover-20220922/UBNA_001/20220921_090000.WAV,Telephone Field,recover-20220922,001,1795
730.4745,730.484,28906,37282,Eptesicus serotinus,0.009,0.023,-1,Echolocation,/mnt/ubna_data_02_mir/recover-20220922/UBNA_001/20220921_090000.WAV,Telephone Field,recover-20220922,001,1795
730.5095,730.5182,28906,38517,Eptesicus serotinus,0.009,0.027,-1,Echolocation,/mnt/ubna_data_02_mir/recover-20220922/UBNA_001/20220921_090000.WAV,Telephone Field,recover-20220922,001,1795
730.5165,730.5566,68437,82421,Rhinolophus ferrumequinum,0.024,0.024,-1,Echolocation,/mnt/ubna_data_02_mir/recover-20220922/UBNA_001/20220921_090000.WAV,Telephone Field,recover-20220922,001,1795
730.5435,730.5543,22890,28468,Nyctalus leisleri,0.011,0.024,-1,Echolocation,/mnt/ubna_data_02_mir/recover-20220922/UBNA_001/20220921_090000.WAV,Telephone Field,recover-20220922,001,1795
730.5435,730.5837,68437,82314,Rhinolophus ferrumequinum,0.026,0.026,-1,Echolocation,/mnt/ubna_data_02_mir/recover-20220922/UBNA_001/20220921_090000.WAV,Telephone Field,recover-20220922,001,1795
730.5735,730.6172,68437,82973,Rhinolophus ferrumequinum,0.025,0.025,-1,Echolocation,/mnt/ubna_data_02_mir/recover-20220922/UBNA_001/20220921_090000.WAV,Telephone Field,recover-20220922,001,1795
730.5825,730.6223,68437,83077,Rhinolophus ferrumequinum,0.026,0.026,-1,Echolocation,/mnt/ubna_data_02_mir/recover-20220922/UBNA_001/20220921_090000.WAV,Telephone Field,recover-20220922,001,1795
730.6065,730.6432,68437,81618,Rhinolophus ferrumequinum,0.024,0.024,-1,Echolocation,/mnt/ubna_data_02_mir/recover-20220922/UBNA_001/20220921_090000.WAV,Telephone Field,recover-20220922,001,1795
730.6325,730.6721,68437,82332,Rhinolophus ferrumequinum,0.024,0.024,-1,Echolocation,/mnt/ubna_data_02_mir/recover-20220922/UBNA_001/20220921_090000.WAV,Telephone Field,recover-20220922,001,1795
730.6555,730.7008,68437,83809,Rhinolophus ferrumequinum,0.047,0.047,-1,Echolocation,/mnt/ubna_data_02_mir/recover-20220922/UBNA_001/20220921_090000.WAV,Telephone Field,recover-20220922,001,1795
730.6665,730.7129,68437,84101,Rhinolophus ferrumequinum,0.054,0.054,-1,Echolocation,/mnt/ubna_data_02_mir/recover-20220922/UBNA_001/20220921_090000.WAV,Telephone Field,recover-20220922,001,1795
730.6835,730.7255,68437,82481,Rhinolophus ferrumequinum,0.025,0.025,-1,Echolocation,/mnt/ubna_data_02_mir/recover-20220922/UBNA_001/20220921_090000.WAV,Telephone Field,recover-20220922,001,1795
730.7405,730.7539,22031,26613,Nyctalus leisleri,0.011,0.023,-1,Echolocation,/mnt/ubna_data_02_mir/recover-20220922/UBNA_001/20220921_090000.WAV,Telephone Field,recover-20220922,001,1795
730.7465,730.7849,68437,82506,Rhinolophus ferrumequinum,0.03,0.03,-1,Echolocation,/mnt/ubna_data_02_mir/recover-20220922/UBNA_001/20220921_090000.WAV,Telephone Field,recover-20220922,001,1795
730.7625,730.8058,68437,83188,Rhinolophus ferrumequinum,0.031,0.031,-1,Echolocation,/mnt/ubna_data_02_mir/recover-20220922/UBNA_001/20220921_090000.WAV,Telephone Field,recover-20220922,001,1795
730.7825,730.8193,68437,81320,Rhinolophus ferrumequinum,0.023,0.023,-1,Echolocation,/mnt/ubna_data_02_mir/recover-20220922/UBNA_001/20220921_090000.WAV,Telephone Field,recover-20220922,001,1795
730.7895,730.8279,68437,82046,Rhinolophus ferrumequinum,0.023,0.023,-1,Echolocation,/mnt/ubna_data_02_mir/recover-20220922/UBNA_001/20220921_090000.WAV,Telephone Field,recover-20220922,001,1795
730.8015,730.8123,23750,30082,Nyctalus leisleri,0.013,0.029,-1,Echolocation,/mnt/ubna_data_02_mir/recover-20220922/UBNA_001/20220921_090000.WAV,Telephone Field,recover-20220922,001,1795
730.8565,730.8914,68437,81429,Rhinolophus ferrumequinum,0.023,0.023,-1,Echolocation,/mnt/ubna_data_02_mir/recover-20220922/UBNA_001/20220921_090000.WAV,Telephone Field,recover-20220922,001,1795
730.8605,730.8684,28046,38751,Eptesicus serotinus,0.008,0.024,-1,Echolocation,/mnt/ubna_data_02_mir/recover-20220922/UBNA_001/20220921_090000.WAV,Telephone Field,recover-20220922,001,1795
730.8635,730.9005,68437,81744,Rhinolophus ferrumequinum,0.023,0.023,-1,Echolocation,/mnt/ubna_data_02_mir/recover-20220922/UBNA_001/20220921_090000.WAV,Telephone Field,recover-20220922,001,1795
730.8955,730.9026,26328,35953,Eptesicus serotinus,0.008,0.03,-1,Echolocation,/mnt/ubna_data_02_mir/recover-20220922/UBNA_001/20220921_090000.WAV,Telephone Field,recover-20220922,001,1795
730.9235,730.9322,27187,37729,Eptesicus serotinus,0.009,0.026,-1,Echolocation,/mnt/ubna_data_02_mir/recover-20220922/UBNA_001/20220921_090000.WAV,Telephone Field,recover-20220922,001,1795
730.9235,730.9541,68437,80214,Rhinolophus ferrumequinum,0.025,0.025,-1,Echolocation,/mnt/ubna_data_02_mir/recover-20220922/UBNA_001/20220921_090000.WAV,Telephone Field,recover-20220922,001,1795
730.9535,730.9931,68437,82253,Rhinolophus ferrumequinum,0.025,0.025,-1,Echolocation,/mnt/ubna_data_02_mir/recover-20220922/UBNA_001/20220921_090000.WAV,Telephone Field,recover-20220922,001,1795
731.0475,731.0583,22890,28289,Nyctalus leisleri,0.012,0.025,-1,Echolocation,/mnt/ubna_data_02_mir/recover-20220922/UBNA_001/20220921_090000.WAV,Telephone Field,recover-20220922,001,1795
731.0845,731.1224,68437,81931,Rhinolophus ferrumequinum,0.027,0.027,-1,Echolocation,/mnt/ubna_data_02_mir/recover-20220922/UBNA_001/20220921_090000.WAV,Telephone Field,recover-20220922,001,1795
731.1145,731.1218,23750,33349,Plecotus austriacus,0.017,0.034,-1,Echolocation,/mnt/ubna_data_02_mir/recover-20220922/UBNA_001/20220921_090000.WAV,Telephone Field,recover-20220922,001,1795
731.1395,731.1804,68437,82779,Rhinolophus ferrumequinum,0.029,0.029,-1,Echolocation,/mnt/ubna_data_02_mir/recover-20220922/UBNA_001/20220921_090000.WAV,Telephone Field,recover-20220922,001,1795
731.1825,731.2213,68437,82156,Rhinolophus ferrumequinum,0.023,0.023,-1,Echolocation,/mnt/ubna_data_02_mir/recover-20220922/UBNA_001/20220921_090000.WAV,Telephone Field,recover-20220922,001,1795
731.2135,731.2483,68437,80921,Rhinolophus ferrumequinum,0.027,0.027,-1,Echolocation,/mnt/ubna_data_02_mir/recover-20220922/UBNA_001/20220921_090000.WAV,Telephone Field,recover-20220922,001,1795
731.2175,731.2253,46953,56115,Pipistrellus pipistrellus,0.017,0.024,-1,Echolocation,/mnt/ubna_data_02_mir/recover-20220922/UBNA_001/20220921_090000.WAV,Telephone Field,recover-20220922,001,1795
731.2255,731.2372,55546,60181,Pipistrellus pygmaeus,0.023,0.024,-1,Echolocation,/mnt/ubna_data_02_mir/recover-20220922/UBNA_001/20220921_090000.WAV,Telephone Field,recover-20220922,001,1795
731.3185,731.3554,68437,81922,Rhinolophus ferrumequinum,0.022,0.023,-1,Echolocation,/mnt/ubna_data_02_mir/recover-20220922/UBNA_001/20220921_090000.WAV,Telephone Field,recover-20220922,001,1795
731.3735,731.4138,68437,82830,Rhinolophus ferrumequinum,0.031,0.031,-1,Echolocation,/mnt/ubna_data_02_mir/recover-20220922/UBNA_001/20220921_090000.WAV,Telephone Field,recover-20220922,001,1795
731.4135,731.4528,68437,81749,Rhinolophus ferrumequinum,0.023,0.023,-1,Echolocation,/mnt/ubna_data_02_mir/recover-20220922/UBNA_001/20220921_090000.WAV,Telephone Field,recover-20220922,001,1795
731.4155,731.4265,22890,28478,Nyctalus leisleri,0.01,0.022,-1,Echolocation,/mnt/ubna_data_02_mir/recover-20220922/UBNA_001/20220921_090000.WAV,Telephone Field,recover-20220922,001,1795
731.4195,731.4274,47812,55130,Pipistrellus pipistrellus,0.024,0.026,-1,Echolocation,/mnt/ubna_data_02_mir/recover-20220922/UBNA_001/20220921_090000.WAV,Telephone Field,recover-20220922,001,1795
731.4305,731.443,30625,35345,Eptesicus serotinus,0.013,0.033,-1,Echolocation,/mnt/ubna_data_02_mir/recover-20220922/UBNA_001/20220921_090000.WAV,Telephone Field,recover-20220922,001,1795
731.4725,731.5096,68437,81510,Rhinolophus ferrumequinum,0.033,0.033,-1,Echolocation,/mnt/ubna_data_02_mir/recover-20220922/UBNA_001/20220921_090000.WAV,Telephone Field,recover-20220922,001,1795
731.4755,731.4842,26328,34666,Eptesicus serotinus,0.01,0.026,-1,Echolocation,/mnt/ubna_data_02_mir/recover-20220922/UBNA_001/20220921_090000.WAV,Telephone Field,recover-20220922,001,1795
731.4795,731.5197000000001,68437,82647,Rhinolophus ferrumequinum,0.026,0.026,-1,Echolocation,/mnt/ubna_data_02_mir/recover-20220922/UBNA_001/20220921_090000.WAV,Telephone Field,recover-20220922,001,1795
731.5145,731.5552,68437,82496,Rhinolophus ferrumequinum,0.027,0.027,-1,Echolocation,/mnt/ubna_data_02_mir/recover-20220922/UBNA_001/20220921_090000.WAV,Telephone Field,recover-20220922,001,1795
731.5565,731.5684,55546,60287,Pipistrellus pygmaeus,0.028,0.03,-1,Echolocation,/mnt/ubna_data_02_mir/recover-20220922/UBNA_001/20220921_090000.WAV,Telephone Field,recover-20220922,001,1795
731.5665,731.6061,68437,82216,Rhinolophus ferrumequinum,0.027,0.028,-1,Echolocation,/mnt/ubna_data_02_mir/recover-20220922/UBNA_001/20220921_090000.WAV,Telephone Field,recover-20220922,001,1795
731.5845,731.5932,25468,33640,Eptesicus serotinus,0.01,0.025,-1,Echolocation,/mnt/ubna_data_02_mir/recover-20220922/UBNA_001/20220921_090000.WAV,Telephone Field,recover-20220922,001,1795
731.6095,731.6486,68437,82110,Rhinolophus ferrumequinum,0.023,0.023,-1,Echolocation,/mnt/ubna_data_02_mir/recover-20220922/UBNA_001/20220921_090000.WAV,Telephone Field,recover-20220922,001,1795
731.6285,731.6398,22890,27155,Nyctalus leisleri,0.015,0.026,-1,Echolocation,/mnt/ubna_data_02_mir/recover-20220922/UBNA_001/20220921_090000.WAV,Telephone Field,recover-20220922,001,1795
731.6385,731.6825,68437,83220,Rhinolophus ferrumequinum,0.042,0.042,-1,Echolocation,/mnt/ubna_data_02_mir/recover-20220922/UBNA_001/20220921_090000.WAV,Telephone Field,recover-20220922,001,1795
731.6575,731.6725,16875,22128,Nyctalus noctula,0.041,0.061,-1,Echolocation,/mnt/ubna_data_02_mir/recover-20220922/UBNA_001/20220921_090000.WAV,Telephone Field,recover-20220922,001,1795
731.6595,731.6692,23750,29359,Nyctalus leisleri,0.009,0.024,-1,Echolocation,/mnt/ubna_data_02_mir/recover-20220922/UBNA_001/20220921_090000.WAV,Telephone Field,recover-20220922,001,1795
731.6915,731.73,68437,82266,Rhinolophus ferrumequinum,0.024,0.024,-1,Echolocation,/mnt/ubna_data_02_mir/recover-20220922/UBNA_001/20220921_090000.WAV,Telephone Field,recover-20220922,001,1795
731.6985,731.7375,68437,82170,Rhinolophus ferrumequinum,0.024,0.024,-1,Echolocation,/mnt/ubna_data_02_mir/recover-20220922/UBNA_001/20220921_090000.WAV,Telephone Field,recover-20220922,001,1795
731.7165,731.7543000000001,68437,82354,Rhinolophus ferrumequinum,0.023,0.023,-1,Echolocation,/mnt/ubna_data_02_mir/recover-20220922/UBNA_001/20220921_090000.WAV,Telephone Field,recover-20220922,001,1795
731.7575,731.7998,68437,83262,Rhinolophus ferrumequinum,0.03,0.03,-1,Echolocation,/mnt/ubna_data_02_mir/recover-20220922/UBNA_001/20220921_090000.WAV,Telephone Field,recover-20220922,001,1795
731.7665,731.8085,68437,83035,Rhinolophus ferrumequinum,0.027,0.027,-1,Echolocation,/mnt/ubna_data_02_mir/recover-20220922/UBNA_001/20220921_090000.WAV,Telephone Field,recover-20220922,001,1795
731.8165,731.8234,28046,39978,Eptesicus serotinus,0.006,0.024,-1,Echolocation,/mnt/ubna_data_02_mir/recover-20220922/UBNA_001/20220921_090000.WAV,Telephone Field,recover-20220922,001,1795
731.8255,731.8619,68437,81330,Rhinolophus ferrumequinum,0.024,0.024,-1,Echolocation,/mnt/ubna_data_02_mir/recover-20220922/UBNA_001/20220921_090000.WAV,Telephone Field,recover-20220922,001,1795
731.8725,731.8804,24609,33631,Plecotus austriacus,0.016,0.042,-1,Echolocation,/mnt/ubna_data_02_mir/recover-20220922/UBNA_001/20220921_090000.WAV,Telephone Field,recover-20220922,001,1795
731.8865,731.9224,68437,81432,Rhinolophus ferrumequinum,0.027,0.027,-1,Echolocation,/mnt/ubna_data_02_mir/recover-20220922/UBNA_001/20220921_090000.WAV,Telephone Field,recover-20220922,001,1795
731.9205,731.9624,68437,82743,Rhinolophus ferrumequinum,0.028,0.028,-1,Echolocation,/mnt/ubna_data_02_mir/recover-20220922/UBNA_001/20220921_090000.WAV,Telephone Field,recover-20220922,001,1795
732.0015,732.0117,55546,61273,Pipistrellus pygmaeus,0.031,0.033,-1,Echolocation,/mnt/ubna_data_02_mir/recover-20220922/UBNA_001/20220921_090000.WAV,Telephone Field,recover-20220922,001,1795
732.0015,732.0112,23750,31245,Nyctalus leisleri,0.009,0.027,-1,Echolocation,/mnt/ubna_data_02_mir/recover-20220922/UBNA_001/20220921_090000.WAV,Telephone Field,recover-20220922,001,1795
732.0015,732.0349,68437,80122,Rhinolophus ferrumequinum,0.03,0.03,-1,Echolocation,/mnt/ubna_data_02_mir/recover-20220922/UBNA_001/20220921_090000.WAV,Telephone Field,recover-20220922,001,1795
732.0095,732.0546,68437,82664,Rhinolophus ferrumequinum,0.023,0.023,-1,Echolocation,/mnt/ubna_data_02_mir/recover-20220922/UBNA_001/20220921_090000.WAV,Telephone Field,recover-20220922,001,1795
732.0115,732.0207,28046,35886,Eptesicus serotinus,0.009,0.024,-1,Echolocation,/mnt/ubna_data_02_mir/recover-20220922/UBNA_001/20220921_090000.WAV,Telephone Field,recover-20220922,001,1795
732.0125,732.0296,19453,23244,Nyctalus noctula,0.014,0.031,-1,Echolocation,/mnt/ubna_data_02_mir/recover-20220922/UBNA_001/20220921_090000.WAV,Telephone Field,recover-20220922,001,1795
732.0185,732.0588,68437,82513,Rhinolophus ferrumequinum,0.024,0.024,-1,Echolocation,/mnt/ubna_data_02_mir/recover-20220922/UBNA_001/20220921_090000.WAV,Telephone Field,recover-20220922,001,1795
732.0265,732.0627,68437,81149,Rhinolophus ferrumequinum,0.027,0.027,-1,Echolocation,/mnt/ubna_data_02_mir/recover-20220922/UBNA_001/20220921_090000.WAV,Telephone Field,recover-20220922,001,1795
732.0475,732.0609,28906,35442,Eptesicus serotinus,0.018,0.029,-1,Echolocation,/mnt/ubna_data_02_mir/recover-20220922/UBNA_001/20220921_090000.WAV,Telephone Field,recover-20220922,001,1795
732.0575,732.0951,68437,81264,Rhinolophus ferrumequinum,0.024,0.024,-1,Echolocation,/mnt/ubna_data_02_mir/recover-20220922/UBNA_001/20220921_090000.WAV,Telephone Field,recover-20220922,001,1795
732.0615,732.07,28046,38319,Eptesicus serotinus,0.008,0.023,-1,Echolocation,/mnt/ubna_data_02_mir/recover-20220922/UBNA_001/20220921_090000.WAV,Telephone Field,recover-20220922,001,1795
732.0685,732.1062,68437,81920,Rhinolophus ferrumequinum,0.025,0.025,-1,Echolocation,/mnt/ubna_data_02_mir/recover-20220922/UBNA_001/20220921_090000.WAV,Telephone Field,recover-20220922,001,1795
732.0795,732.1199,68437,83180,Rhinolophus ferrumequinum,0.031,0.031,-1,Echolocation,/mnt/ubna_data_02_mir/recover-20220922/UBNA_001/20220921_090000.WAV,Telephone Field,recover-20220922,001,1795
732.0815,732.1027,21171,24825,Nyctalus leisleri,0.021,0.041,-1,Echolocation,/mnt/ubna_data_02_mir/recover-20220922/UBNA_001/20220921_090000.WAV,Telephone Field,recover-20220922,001,1795
732.0865,732.0946,44375,48338,Pipistrellus pipistrellus,0.024,0.027,-1,Echolocation,/mnt/ubna_data_02_mir/recover-20220922/UBNA_001/20220921_090000.WAV,Telephone Field,recover-20220922,001,1795
732.0915,732.134,68437,83498,Rhinolophus ferrumequinum,0.027,0.027,-1,Echolocation,/mnt/ubna_data_02_mir/recover-20220922/UBNA_001/20220921_090000.WAV,Telephone Field,recover-20220922,001,1795
732.1105,732.1193,28906,36526,Eptesicus serotinus,0.01,0.023,-1,Echolocation,/mnt/ubna_data_02_mir/recover-20220922/UBNA_001/20220921_090000.WAV,Telephone Field,recover-20220922,001,1795
732.1205,732.1647,68437,82850,Rhinolophus ferrumequinum,0.039,0.039,-1,Echolocation,/mnt/ubna_data_02_mir/recover-20220922/UBNA_001/20220921_090000.WAV,Telephone Field,recover-20220922,001,1795
732.1595,732.1977,68437,82105,Rhinolophus ferrumequinum,0.023,0.023,-1,Echolocation,/mnt/ubna_data_02_mir/recover-20220922/UBNA_001/20220921_090000.WAV,Telephone Field,recover-20220922,001,1795
732.1695,732.1788,39218,44530,Pipistrellus nathusii,0.011,0.032,-1,Echolocation,/mnt/ubna_data_02_mir/recover-20220922/UBNA_001/20220921_090000.WAV,Telephone Field,recover-20220922,001,1795
732.1785,732.2151,68437,82213,Rhinolophus ferrumequinum,0.028,0.028,-1,Echolocation,/mnt/ubna_data_02_mir/recover-20220922/UBNA_001/20220921_090000.WAV,Telephone Field,recover-20220922,001,1795
732.1955,732.2047,44375,49374,Pipistrellus pipistrellus,0.024,0.027,-1,Echolocation,/mnt/ubna_data_02_mir/recover-20220922/UBNA_001/20220921_090000.WAV,Telephone Field,recover-20220922,001,1795
732.2055,732.245,68437,82861,Rhinolophus ferrumequinum,0.024,0.024,-1,Echolocation,/mnt/ubna_data_02_mir/recover-20220922/UBNA_001/20220921_090000.WAV,Telephone Field,recover-20220922,001,1795
732.2225,732.2645,68437,83187,Rhinolophus ferrumequinum,0.033,0.034,-1,Echolocation,/mnt/ubna_data_02_mir/recover-20220922/UBNA_001/20220921_090000.WAV,Telephone Field,recover-20220922,001,1795
732.2345,732.2743,68437,82555,Rhinolophus ferrumequinum,0.022,0.022,-1,Echolocation,/mnt/ubna_data_02_mir/recover-20220922/UBNA_001/20220921_090000.WAV,Telephone Field,recover-20220922,001,1795
732.2415,732.2781,68437,82098,Rhinolophus ferrumequinum,0.023,0.023,-1,Echolocation,/mnt/ubna_data_02_mir/recover-20220922/UBNA_001/20220921_090000.WAV,Telephone Field,recover-20220922,001,1795
732.2575,732.2961,68437,82302,Rhinolophus ferrumequinum,0.028,0.028,-1,Echolocation,/mnt/ubna_data_02_mir/recover-20220922/UBNA_001/20220921_090000.WAV,Telephone Field,recover-20220922,001,1795
732.3225,732.36,68437,82246,Rhinolophus ferrumequinum,0.026,0.026,-1,Echolocation,/mnt/ubna_data_02_mir/recover-20220922/UBNA_001/20220921_090000.WAV,Telephone Field,recover-20220922,001,1795
732.3285,732.3402,38359,41791,Pipistrellus nathusii,0.091,0.109,-1,Echolocation,/mnt/ubna_data_02_mir/recover-20220922/UBNA_001/20220921_090000.WAV,Telephone Field,recover-20220922,001,1795
732.3285,732.3384,23750,30491,Nyctalus leisleri,0.008,0.024,-1,Echolocation,/mnt/ubna_data_02_mir/recover-20220922/UBNA_001/20220921_090000.WAV,Telephone Field,recover-20220922,001,1795
732.3385,732.3782,68437,82442,Rhinolophus ferrumequinum,0.024,0.024,-1,Echolocation,/mnt/ubna_data_02_mir/recover-20220922/UBNA_001/20220921_090000.WAV,Telephone Field,recover-20220922,001,1795
732.3575,732.3951,68437,82010,Rhinolophus ferrumequinum,0.03,0.031,-1,Echolocation,/mnt/ubna_data_02_mir/recover-20220922/UBNA_001/20220921_090000.WAV,Telephone Field,recover-20220922,001,1795
732.3725,732.4128,68437,82453,Rhinolophus ferrumequinum,0.025,0.025,-1,Echolocation,/mnt/ubna_data_02_mir/recover-20220922/UBNA_001/20220921_090000.WAV,Telephone Field,recover-20220922,001,1795
732.3925,732.4323,68437,81914,Rhinolophus ferrumequinum,0.026,0.026,-1,Echolocation,/mnt/ubna_data_02_mir/recover-20220922/UBNA_001/20220921_090000.WAV,Telephone Field,recover-20220922,001,1795
732.4015,732.4369,68437,81422,Rhinolophus ferrumequinum,0.025,0.025,-1,Echolocation,/mnt/ubna_data_02_mir/recover-20220922/UBNA_001/20220921_090000.WAV,Telephone Field,recover-20220922,001,1795
732.4135,732.4521,68437,82127,Rhinolophus ferrumequinum,0.023,0.023,-1,Echolocation,/mnt/ubna_data_02_mir/recover-20220922/UBNA_001/20220921_090000.WAV,Telephone Field,recover-20220922,001,1795
732.4315,732.4717,68437,82525,Rhinolophus ferrumequinum,0.023,0.023,-1,Echolocation,/mnt/ubna_data_02_mir/recover-20220922/UBNA_001/20220921_090000.WAV,Telephone Field,recover-20220922,001,1795
732.4585,732.4669,26328,38983,Eptesicus serotinus,0.007,0.023,-1,Echolocation,/mnt/ubna_data_02_mir/recover-20220922/UBNA_001/20220921_090000.WAV,Telephone Field,recover-20220922,001,1795
732.4755,732.5163,68437,83077,Rhinolophus ferrumequinum,0.034,0.034,-1,Echolocation,/mnt/ubna_data_02_mir/recover-20220922/UBNA_001/20220921_090000.WAV,Telephone Field,recover-20220922,001,1795
732.4845,732.527,68437,82545,Rhinolophus ferrumequinum,0.028,0.028,-1,Echolocation,/mnt/ubna_data_02_mir/recover-20220922/UBNA_001/20220921_090000.WAV,Telephone Field,recover-20220922,001,1795
732.5015,732.5402,68437,82578,Rhinolophus ferrumequinum,0.025,0.025,-1,Echolocation,/mnt/ubna_data_02_mir/recover-20220922/UBNA_001/20220921_090000.WAV,Telephone Field,recover-20220922,001,1795
732.5335,732.5447,27187,34426,Eptesicus serotinus,0.013,0.026,-1,Echolocation,/mnt/ubna_data_02_mir/recover-20220922/UBNA_001/20220921_090000.WAV,Telephone Field,recover-20220922,001,1795
732.6115,732.6215,25468,32054,Nyctalus leisleri,0.015,0.041,-1,Echolocation,/mnt/ubna_data_02_mir/recover-20220922/UBNA_001/20220921_090000.WAV,Telephone Field,recover-20220922,001,1795
732.6155,732.6575,68437,82458,Rhinolophus ferrumequinum,0.03,0.03,-1,Echolocation,/mnt/ubna_data_02_mir/recover-20220922/UBNA_001/20220921_090000.WAV,Telephone Field,recover-20220922,001,1795
732.6335,732.6445,22890,27799,Nyctalus leisleri,0.011,0.023,-1,Echolocation,/mnt/ubna_data_02_mir/recover-20220922/UBNA_001/20220921_090000.WAV,Telephone Field,recover-20220922,001,1795
732.6355,732.67,68437,81131,Rhinolophus ferrumequinum,0.023,0.023,-1,Echolocation,/mnt/ubna_data_02_mir/recover-20220922/UBNA_001/20220921_090000.WAV,Telephone Field,recover-20220922,001,1795
732.6525,732.6911,68437,81932,Rhinolophus ferrumequinum,0.026,0.026,-1,Echolocation,/mnt/ubna_data_02_mir/recover-20220922/UBNA_001/20220921_090000.WAV,Telephone Field,recover-20220922,001,1795
732.6635,732.7022,68437,81982,Rhinolophus ferrumequinum,0.024,0.024,-1,Echolocation,/mnt/ubna_data_02_mir/recover-20220922/UBNA_001/20220921_090000.WAV,Telephone Field,recover-20220922,001,1795
732.6925,732.7375,68437,83956,Rhinolophus ferrumequinum,0.056,0.056,-1,Echolocation,/mnt/ubna_data_02_mir/recover-20220922/UBNA_001/20220921_090000.WAV,Telephone Field,recover-20220922,001,1795
732.7345,732.7453,23750,29090,Nyctalus leisleri,0.01,0.024,-1,Echolocation,/mnt/ubna_data_02_mir/recover-20220922/UBNA_001/20220921_090000.WAV,Telephone Field,recover-20220922,001,1795
732.7385,732.7762,68437,82284,Rhinolophus ferrumequinum,0.031,0.031,-1,Echolocation,/mnt/ubna_data_02_mir/recover-20220922/UBNA_001/20220921_090000.WAV,Telephone Field,recover-20220922,001,1795
732.7625,732.8029,68437,82577,Rhinolophus ferrumequinum,0.036,0.036,-1,Echolocation,/mnt/ubna_data_02_mir/recover-20220922/UBNA_001/20220921_090000.WAV,Telephone Field,recover-20220922,001,1795
732.7895,732.8005,23750,30087,Nyctalus leisleri,0.01,0.026,-1,Echolocation,/mnt/ubna_data_02_mir/recover-20220922/UBNA_001/20220921_090000.WAV,Telephone Field,recover-20220922,001,1795
732.7915,732.8327,68437,83454,Rhinolophus ferrumequinum,0.038,0.038,-1,Echolocation,/mnt/ubna_data_02_mir/recover-20220922/UBNA_001/20220921_090000.WAV,Telephone Field,recover-20220922,001,1795
732.7955,732.8005,38359,59754,Myotis mystacinus,0.008,0.023,-1,Echolocation,/mnt/ubna_data_02_mir/recover-20220922/UBNA_001/20220921_090000.WAV,Telephone Field,recover-20220922,001,1795
732.8115,732.8508,68437,82508,Rhinolophus ferrumequinum,0.023,0.023,-1,Echolocation,/mnt/ubna_data_02_mir/recover-20220922/UBNA_001/20220921_090000.WAV,Telephone Field,recover-20220922,001,1795
732.8275,732.8367,28046,37555,Eptesicus serotinus,0.008,0.023,-1,Echolocation,/mnt/ubna_data_02_mir/recover-20220922/UBNA_001/20220921_090000.WAV,Telephone Field,recover-20220922,001,1795
732.8385,732.8469,28046,36768,Eptesicus serotinus,0.009,0.023,-1,Echolocation,/mnt/ubna_data_02_mir/recover-20220922/UBNA_001/20220921_090000.WAV,Telephone Field,recover-20220922,001,1795
732.8385,732.8767,68437,81699,Rhinolophus ferrumequinum,0.023,0.023,-1,Echolocation,/mnt/ubna_data_02_mir/recover-20220922/UBNA_001/20220921_090000.WAV,Telephone Field,recover-20220922,001,1795
732.8535,732.8903,68437,82011,Rhinolophus ferrumequinum,0.029,0.029,-1,Echolocation,/mnt/ubna_data_02_mir/recover-20220922/UBNA_001/20220921_090000.WAV,Telephone Field,recover-20220922,001,1795
732.8555,732.8626,28046,37890,Eptesicus serotinus,0.01,0.03,-1,Echolocation,/mnt/ubna_data_02_mir/recover-20220922/UBNA_001/20220921_090000.WAV,Telephone Field,recover-20220922,001,1795
732.8615,732.901,68437,82193,Rhinolophus ferrumequinum,0.028,0.028,-1,Echolocation,/mnt/ubna_data_02_mir/recover-20220922/UBNA_001/20220921_090000.WAV,Telephone Field,recover-20220922,001,1795
732.8915,732.935,68437,83402,Rhinolophus ferrumequinum,0.033,0.033,-1,Echolocation,/mnt/ubna_data_02_mir/recover-20220922/UBNA_001/20220921_090000.WAV,Telephone Field,recover-20220922,001,1795
732.9035,732.9184,22031,25722,Nyctalus leisleri,0.014,0.024,-1,Echolocation,/mnt/ubna_data_02_mir/recover-20220922/UBNA_001/20220921_090000.WAV,Telephone Field,recover-20220922,001,1795
732.9415,732.9619,18593,21557,Nyctalus noctula,0.016,0.029,-1,Echolocation,/mnt/ubna_data_02_mir/recover-20220922/UBNA_001/20220921_090000.WAV,Telephone Field,recover-20220922,001,1795
732.9485,732.987,68437,82376,Rhinolophus ferrumequinum,0.025,0.025,-1,Echolocation,/mnt/ubna_data_02_mir/recover-20220922/UBNA_001/20220921_090000.WAV,Telephone Field,recover-20220922,001,1795
732.9945,733.0314,68437,81124,Rhinolophus ferrumequinum,0.024,0.024,-1,Echolocation,/mnt/ubna_data_02_mir/recover-20220922/UBNA_001/20220921_090000.WAV,Telephone Field,recover-20220922,001,1795
733.0055,733.0469,68437,82831,Rhinolophus ferrumequinum,0.023,0.023,-1,Echolocation,/mnt/ubna_data_02_mir/recover-20220922/UBNA_001/20220921_090000.WAV,Telephone Field,recover-20220922,001,1795
733.0205,733.0606,68437,82684,Rhinolophus ferrumequinum,0.037,0.037,-1,Echolocation,/mnt/ubna_data_02_mir/recover-20220922/UBNA_001/20220921_090000.WAV,Telephone Field,recover-20220922,001,1795
733.0475,733.0855,68437,81858,Rhinolophus ferrumequinum,0.033,0.033,-1,Echolocation,/mnt/ubna_data_02_mir/recover-20220922/UBNA_001/20220921_090000.WAV,Telephone Field,recover-20220922,001,1795
733.0585,733.0971,68437,82155,Rhinolophus ferrumequinum,0.023,0.023,-1,Echolocation,/mnt/ubna_data_02_mir/recover-20220922/UBNA_001/20220921_090000.WAV,Telephone Field,recover-20220922,001,1795
733.0905,733.1268,68437,81531,Rhinolophus ferrumequinum,0.03,0.03,-1,Echolocation,/mnt/ubna_data_02_mir/recover-20220922/UBNA_001/20220921_090000.WAV,Telephone Field,recover-20220922,001,1795
733.1005,733.1104,28046,35273,Eptesicus serotinus,0.011,0.023,-1,Echolocation,/mnt/ubna_data_02_mir/recover-20220922/UBNA_001/20220921_090000.WAV,Telephone Field,recover-20220922,001,1795
733.1035,733.1378,68437,80248,Rhinolophus ferrumequinum,0.033,0.033,-1,Echolocation,/mnt/ubna_data_02_mir/recover-20220922/UBNA_001/20220921_090000.WAV,Telephone Field,recover-20220922,001,1795
733.1115,733.1455,68437,81358,Rhinolophus ferrumequinum,0.025,0.025,-1,Echolocation,/mnt/ubna_data_02_mir/recover-20220922/UBNA_001/20220921_090000.WAV,Telephone Field,recover-20220922,001,1795
733.1835,733.193,23750,31005,Nyctalus leisleri,0.008,0.025,-1,Echolocation,/mnt/ubna_data_02_mir/recover-20220922/UBNA_001/20220921_090000.WAV,Telephone Field,recover-20220922,001,1795
733.1895,733.2275,68437,82302,Rhinolophus ferrumequinum,0.028,0.028,-1,Echolocation,/mnt/ubna_data_02_mir/recover-20220922/UBNA_001/20220921_090000.WAV,Telephone Field,recover-20220922,001,1795
733.1985,733.2417,68437,83334,Rhinolophus ferrumequinum,0.034,0.034,-1,Echolocation,/mnt/ubna_data_02_mir/recover-20220922/UBNA_001/20220921_090000.WAV,Telephone Field,recover-20220922,001,1795
733.2255,733.2657,68437,82662,Rhinolophus ferrumequinum,0.023,0.023,-1,Echolocation,/mnt/ubna_data_02_mir/recover-20220922/UBNA_001/20220921_090000.WAV,Telephone Field,recover-20220922,001,1795
733.2345,733.2738,68437,82017,Rhinolophus ferrumequinum,0.028,0.028,-1,Echolocation,/mnt/ubna_data_02_mir/recover-20220922/UBNA_001/20220921_090000.WAV,Telephone Field,recover-20220922,001,1795
733.2555,733.2965,68437,82065,Rhinolophus ferrumequinum,0.026,0.026,-1,Echolocation,/mnt/ubna_data_02_mir/recover-20220922/UBNA_001/20220921_090000.WAV,Telephone Field,recover-20220922,001,1795
733.2895,733.334,68437,83086,Rhinolophus ferrumequinum,0.025,0.025,-1,Echolocation,/mnt/ubna_data_02_mir/recover-20220922/UBNA_001/20220921_090000.WAV,Telephone Field,recover-20220922,001,1795
733.3305,733.3418,27187,35178,Eptesicus serotinus,0.011,0.024,-1,Echolocation,/mnt/ubna_data_02_mir/recover-20220922/UBNA_001/20220921_090000.WAV,Telephone Field,recover-20220922,001,1795
733.3465,733.359,22031,27337,Nyctalus leisleri,0.013,0.027,-1,Echolocation,/mnt/ubna_data_02_mir/recover-20220922/UBNA_001/20220921_090000.WAV,Telephone Field,recover-20220922,001,1795
733.3465,733.3822,68437,80756,Rhinolophus ferrumequinum,0.023,0.023,-1,Echolocation,/mnt/ubna_data_02_mir/recover-20220922/UBNA_001/20220921_090000.WAV,Telephone Field,recover-20220922,001,1795
733.3635,733.4031,68437,82074,Rhinolophus ferrumequinum,0.024,0.024,-1,Echolocation,/mnt/ubna_data_02_mir/recover-20220922/UBNA_001/20220921_090000.WAV,Telephone Field,recover-20220922,001,1795
733.3845,733.4245,68437,82825,Rhinolophus ferrumequinum,0.025,0.025,-1,Echolocation,/mnt/ubna_data_02_mir/recover-20220922/UBNA_001/20220921_090000.WAV,Telephone Field,recover-20220922,001,1795
733.4075,733.4486,68437,82587,Rhinolophus ferrumequinum,0.029,0.03,-1,Echolocation,/mnt/ubna_data_02_mir/recover-20220922/UBNA_001/20220921_090000.WAV,Telephone Field,recover-20220922,001,1795
733.4505,733.4926,68437,82506,Rhinolophus ferrumequinum,0.035,0.035,-1,Echolocation,/mnt/ubna_data_02_mir/recover-20220922/UBNA_001/20220921_090000.WAV,Telephone Field,recover-20220922,001,1795
733.4585,733.468,28906,40371,Eptesicus serotinus,0.008,0.024,-1,Echolocation,/mnt/ubna_data_02_mir/recover-20220922/UBNA_001/20220921_090000.WAV,Telephone Field,recover-20220922,001,1795
733.4645,733.4723,28046,39372,Eptesicus serotinus,0.007,0.023,-1,Echolocation,/mnt/ubna_data_02_mir/recover-20220922/UBNA_001/20220921_090000.WAV,Telephone Field,recover-20220922,001,1795
733.5095,733.5517,68437,83396,Rhinolophus ferrumequinum,0.049,0.049,-1,Echolocation,/mnt/ubna_data_02_mir/recover-20220922/UBNA_001/20220921_090000.WAV,Telephone Field,recover-20220922,001,1795
733.5235,733.5339,22031,27546,Nyctalus leisleri,0.01,0.024,-1,Echolocation,/mnt/ubna_data_02_mir/recover-20220922/UBNA_001/20220921_090000.WAV,Telephone Field,recover-20220922,001,1795
733.5345,733.5454,24609,31616,Eptesicus serotinus,0.009,0.024,-1,Echolocation,/mnt/ubna_data_02_mir/recover-20220922/UBNA_001/20220921_090000.WAV,Telephone Field,recover-20220922,001,1795
733.5485,733.5886,68437,82727,Rhinolophus ferrumequinum,0.025,0.025,-1,Echolocation,/mnt/ubna_data_02_mir/recover-20220922/UBNA_001/20220921_090000.WAV,Telephone Field,recover-20220922,001,1795
733.5685,733.6098,68437,82649,Rhinolophus ferrumequinum,0.034,0.034,-1,Echolocation,/mnt/ubna_data_02_mir/recover-20220922/UBNA_001/20220921_090000.WAV,Telephone Field,recover-20220922,001,1795
733.6185,733.6621,68437,83145,Rhinolophus ferrumequinum,0.059,0.059,-1,Echolocation,/mnt/ubna_data_02_mir/recover-20220922/UBNA_001/20220921_090000.WAV,Telephone Field,recover-20220922,001,1795
733.6405,733.6503,26328,34764,Eptesicus serotinus,0.009,0.023,-1,Echolocation,/mnt/ubna_data_02_mir/recover-20220922/UBNA_001/20220921_090000.WAV,Telephone Field,recover-20220922,001,1795
733.6415,733.6817,68437,82515,Rhinolophus ferrumequinum,0.03,0.03,-1,Echolocation,/mnt/ubna_data_02_mir/recover-20220922/UBNA_001/20220921_090000.WAV,Telephone Field,recover-20220922,001,1795
733.6545,733.6921,68437,81766,Rhinolophus ferrumequinum,0.023,0.024,-1,Echolocation,/mnt/ubna_data_02_mir/recover-20220922/UBNA_001/20220921_090000.WAV,Telephone Field,recover-20220922,001,1795
733.6605,733.6979,68437,81803,Rhinolophus ferrumequinum,0.023,0.023,-1,Echolocation,/mnt/ubna_data_02_mir/recover-20220922/UBNA_001/20220921_090000.WAV,Telephone Field,recover-20220922,001,1795
733.6955,733.7318,68437,81343,Rhinolophus ferrumequinum,0.023,0.023,-1,Echolocation,/mnt/ubna_data_02_mir/recover-20220922/UBNA_001/20220921_090000.WAV,Telephone Field,recover-20220922,001,1795
733.7165,733.725,28906,38067,Eptesicus serotinus,0.012,0.029,-1,Echolocation,/mnt/ubna_data_02_mir/recover-20220922/UBNA_001/20220921_090000.WAV,Telephone Field,recover-20220922,001,1795
733.7185,733.7602,68437,83480,Rhinolophus ferrumequinum,0.026,0.026,-1,Echolocation,/mnt/ubna_data_02_mir/recover-20220922/UBNA_001/20220921_090000.WAV,Telephone Field,recover-20220922,001,1795
733.7365,733.7749,68437,82428,Rhinolophus ferrumequinum,0.023,0.023,-1,Echolocation,/mnt/ubna_data_02_mir/recover-20220922/UBNA_001/20220921_090000.WAV,Telephone Field,recover-20220922,001,1795
733.7465,733.7874,68437,82816,Rhinolophus ferrumequinum,0.032,0.032,-1,Echolocation,/mnt/ubna_data_02_mir/recover-20220922/UBNA_001/20220921_090000.WAV,Telephone Field,recover-20220922,001,1795
733.7865,733.8306,68437,83260,Rhinolophus ferrumequinum,0.035,0.035,-1,Echolocation,/mnt/ubna_data_02_mir/recover-20220922/UBNA_001/20220921_090000.WAV,Telephone Field,recover-20220922,001,1795
733.8015,733.8411,68437,82016,Rhinolophus ferrumequinum,0.024,0.024,-1,Echolocation,/mnt/ubna_data_02_mir/recover-20220922/UBNA_001/20220921_090000.WAV,Telephone Field,recover-20220922,001,1795
733.8475,733.8846,68437,81277,Rhinolophus ferrumequinum,0.028,0.028,-1,Echolocation,/mnt/ubna_data_02_mir/recover-20220922/UBNA_001/20220921_090000.WAV,Telephone Field,recover-20220922,001,1795
733.8565,733.8961,68437,82064,Rhinolophus ferrumequinum,0.033,0.033,-1,Echolocation,/mnt/ubna_data_02_mir/recover-20220922/UBNA_001/20220921_090000.WAV,Telephone Field,recover-20220922,001,1795
733.8965,733.9362,68437,82772,Rhinolophus ferrumequinum,0.022,0.022,-1,Echolocation,/mnt/ubna_data_02_mir/recover-20220922/UBNA_001/20220921_090000.WAV,Telephone Field,recover-20220922,001,1795
733.9395,733.9814,68437,83040,Rhinolophus ferrumequinum,0.047,0.047,-1,Echolocation,/mnt/ubna_data_02_mir/recover-20220922/UBNA_001/20220921_090000.WAV,Telephone Field,recover-20220922,001,1795
733.9415,733.9511,28046,37580,Eptesicus serotinus,0.01,0.023,-1,Echolocation,/mnt/ubna_data_02_mir/recover-20220922/UBNA_001/20220921_090000.WAV,Telephone Field,recover-20220922,001,1795
733.9505,733.9582,23750,32756,Plecotus austriacus,0.013,0.028,-1,Echolocation,/mnt/ubna_data_02_mir/recover-20220922/UBNA_001/20220921_090000.WAV,Telephone Field,recover-20220922,001,1795
734.0015,734.0357,68437,80240,Rhinolophus ferrumequinum,0.045,0.045,-1,Echolocation,/mnt/ubna_data_02_mir/recover-20220922/UBNA_001/20220921_090000.WAV,Telephone Field,recover-20220922,001,1795
734.0015,734.0101,28046,37292,Eptesicus serotinus,0.008,0.026,-1,Echolocation,/mnt/ubna_data_02_mir/recover-20220922/UBNA_001/20220921_090000.WAV,Telephone Field,recover-20220922,001,1795
734.0015,734.0158,20312,25143,Nyctalus leisleri,0.011,0.026,-1,Echolocation,/mnt/ubna_data_02_mir/recover-20220922/UBNA_001/20220921_090000.WAV,Telephone Field,recover-20220922,001,1795
734.0125,734.0519,68437,82211,Rhinolophus ferrumequinum,0.024,0.024,-1,Echolocation,/mnt/ubna_data_02_mir/recover-20220922/UBNA_001/20220921_090000.WAV,Telephone Field,recover-20220922,001,1795
734.0225,734.0621,68437,82419,Rhinolophus ferrumequinum,0.022,0.022,-1,Echolocation,/mnt/ubna_data_02_mir/recover-20220922/UBNA_001/20220921_090000.WAV,Telephone Field,recover-20220922,001,1795
734.0555,734.0975,68437,82952,Rhinolophus ferrumequinum,0.027,0.027,-1,Echolocation,/mnt/ubna_data_02_mir/recover-20220922/UBNA_001/20220921_090000.WAV,Telephone Field,recover-20220922,001,1795
734.0635,734.0733,28906,37584,Eptesicus serotinus,0.012,0.025,-1,Echolocation,/mnt/ubna_data_02_mir/recover-20220922/UBNA_001/20220921_090000.WAV,Telephone Field,recover-20220922,001,1795
734.0845,734.1244,68437,82913,Rhinolophus ferrumequinum,0.024,0.024,-1,Echolocation,/mnt/ubna_data_02_mir/recover-20220922/UBNA_001/20220921_090000.WAV,Telephone Field,recover-20220922,001,1795
734.0955,734.1367,68437,82691,Rhinolophus ferrumequinum,0.024,0.024,-1,Echolocation,/mnt/ubna_data_02_mir/recover-20220922/UBNA_001/20220921_090000.WAV,Telephone Field,recover-20220922,001,1795
734.0995,734.1059,32343,46038,Myotis daubentonii,0.008,0.022,-1,Echolocation,/mnt/ubna_data_02_mir/recover-20220922/UBNA_001/20220921_090000.WAV,Telephone Field,recover-20220922,001,1795
734.0995,734.1066,28046,40415,Eptesicus serotinus,0.007,0.024,-1,Echolocation,/mnt/ubna_data_02_mir/recover-20220922/UBNA_001/20220921_090000.WAV,Telephone Field,recover-20220922,001,1795
734.1075,734.1464,68437,82141,Rhinolophus ferrumequinum,0.022,0.022,-1,Echolocation,/mnt/ubna_data_02_mir/recover-20220922/UBNA_001/20220921_090000.WAV,Telephone Field,recover-20220922,001,1795
734.1255,734.1329,28046,39720,Eptesicus serotinus,0.006,0.022,-1,Echolocation,/mnt/ubna_data_02_mir/recover-20220922/UBNA_001/20220921_090000.WAV,Telephone Field,recover-20220922,001,1795
734.1325,734.1425,50390,55314,Pipistrellus pipistrellus,0.025,0.029,-1,Echolocation,/mnt/ubna_data_02_mir/recover-20220922/UBNA_001/20220921_090000.WAV,Telephone Field,recover-20220922,001,1795
734.1635,734.1744,23750,29191,Nyctalus leisleri,0.01,0.022,-1,Echolocation,/mnt/ubna_data_02_mir/recover-20220922/UBNA_001/20220921_090000.WAV,Telephone Field,recover-20220922,001,1795
734.2225,734.2615,68437,81949,Rhinolophus ferrumequinum,0.022,0.022,-1,Echolocation,/mnt/ubna_data_02_mir/recover-20220922/UBNA_001/20220921_090000.WAV,Telephone Field,recover-20220922,001,1795
734.2455,734.284,68437,82122,Rhinolophus ferrumequinum,0.023,0.023,-1,Echolocation,/mnt/ubna_data_02_mir/recover-20220922/UBNA_001/20220921_090000.WAV,Telephone Field,recover-20220922,001,1795
734.2595,734.2975,68437,82527,Rhinolophus ferrumequinum,0.022,0.022,-1,Echolocation,/mnt/ubna_data_02_mir/recover-20220922/UBNA_001/20220921_090000.WAV,Telephone Field,recover-20220922,001,1795
734.2675,734.2763,27187,36224,Eptesicus serotinus,0.021,0.042,-1,Echolocation,/mnt/ubna_data_02_mir/recover-20220922/UBNA_001/20220921_090000.WAV,Telephone Field,recover-20220922,001,1795
734.2945,734.3021,50390,54284,Pipistrellus pipistrellus,0.021,0.023,-1,Echolocation,/mnt/ubna_data_02_mir/recover-20220922/UBNA_001/20220921_090000.WAV,Telephone Field,recover-20220922,001,1795
734.2975,734.3064,28046,39483,Eptesicus serotinus,0.009,0.024,-1,Echolocation,/mnt/ubna_data_02_mir/recover-20220922/UBNA_001/20220921_090000.WAV,Telephone Field,recover-20220922,001,1795
734.3205,734.3579,68437,80909,Rhinolophus ferrumequinum,0.022,0.022,-1,Echolocation,/mnt/ubna_data_02_mir/recover-20220922/UBNA_001/20220921_090000.WAV,Telephone Field,recover-20220922,001,1795
734.3205,734.3309,28906,37317,Eptesicus serotinus,0.01,0.023,-1,Echolocation,/mnt/ubna_data_02_mir/recover-20220922/UBNA_001/20220921_090000.WAV,Telephone Field,recover-20220922,001,1795
734.3505,734.3578,28046,38744,Eptesicus serotinus,0.008,0.028,-1,Echolocation,/mnt/ubna_data_02_mir/recover-20220922/UBNA_001/20220921_090000.WAV,Telephone Field,recover-20220922,001,1795
734.3785,734.4197,68437,83049,Rhinolophus ferrumequinum,0.024,0.024,-1,Echolocation,/mnt/ubna_data_02_mir/recover-20220922/UBNA_001/20220921_090000.WAV,Telephone Field,recover-20220922,001,1795
734.3905,734.4345,68437,82522,Rhinolophus ferrumequinum,0.023,0.023,-1,Echolocation,/mnt/ubna_data_02_mir/recover-20220922/UBNA_001/20220921_090000.WAV,Telephone Field,recover-20220922,001,1795
734.4075,734.4475,68437,81817,Rhinolophus ferrumequinum,0.022,0.022,-1,Echolocation,/mnt/ubna_data_02_mir/recover-20220922/UBNA_001/20220921_090000.WAV,Telephone Field,recover-20220922,001,1795
734.4175,734.457,68437,82597,Rhinolophus ferrumequinum,0.024,0.024,-1,Echolocation,/mnt/ubna_data_02_mir/recover-20220922/UBNA_001/20220921_090000.WAV,Telephone Field,recover-20220922,001,1795
734.4335,734.4748,68437,82282,Rhinolophus ferrumequinum,0.022,0.022,-1,Echolocation,/mnt/ubna_data_02_mir/recover-20220922/UBNA_001/20220921_090000.WAV,Telephone Field,recover-20220922,001,1795
734.4605,734.5047,68437,82889,Rhinolophus ferrumequinum,0.046,0.046,-1,Echolocation,/mnt/ubna_data_02_mir/recover-20220922/UBNA_001/20220921_090000.WAV,Telephone Field,recover-20220922,001,1795
734.4935,734.5291,68437,81592,Rhinolophus ferrumequinum,0.024,0.025,-1,Echolocation,/mnt/ubna_data_02_mir/recover-20220922/UBNA_001/20220921_090000.WAV,Telephone Field,recover-20220922,001,1795
734.5005,734.5092,25468,34101,Eptesicus serotinus,0.009,0.025,-1,Echolocation,/mnt/ubna_data_02_mir/recover-20220922/UBNA_001/20220921_090000.WAV,Telephone Field,recover-20220922,001,1795
734.5015,734.5382,68437,81152,Rhinolophus ferrumequinum,0.023,0.024,-1,Echolocation,/mnt/ubna_data_02_mir/recover-20220922/UBNA_001/20220921_090000.WAV,Telephone Field,recover-20220922,001,1795
734.5515,734.5921,68437,82708,Rhinolophus ferrumequinum,0.025,0.025,-1,Echolocation,/mnt/ubna_data_02_mir/recover-20220922/UBNA_001/20220921_090000.WAV,Telephone Field,recover-20220922,001,1795
734.5565,734.5942,68437,82523,Rhinolophus ferrumequinum,0.024,0.024,-1,Echolocation,/mnt/ubna_data_02_mir/recover-20220922/UBNA_001/20220921_090000.WAV,Telephone Field,recover-20220922,001,1795
734.6285,734.6395,22890,28625,Nyctalus leisleri,0.012,0.026,-1,Echolocation,/mnt/ubna_data_02_mir/recover-20220922/UBNA_001/20220921_090000.WAV,Telephone Field,recover-20220922,001,1795
734.6315,734.6398,28906,38495,Eptesicus serotinus,0.007,0.025,-1,Echolocation,/mnt/ubna_data_02_mir/recover-20220922/UBNA_001/20220921_090000.WAV,Telephone Field,recover-20220922,001,1795
734.6845,734.6976,22890,27216,Nyctalus leisleri,0.014,0.025,-1,Echolocation,/mnt/ubna_data_02_mir/recover-20220922/UBNA_001/20220921_090000.WAV,Telephone Field,recover-20220922,001,1795
734.6945,734.7342,68437,82450,Rhinolophus ferrumequinum,0.024,0.024,-1,Echolocation,/mnt/ubna_data_02_mir/recover-20220922/UBNA_001/20220921_090000.WAV,Telephone Field,recover-20220922,001,1795
734.7075,734.7447,68437,82636,Rhinolophus ferrumequinum,0.022,0.022,-1,Echolocation,/mnt/ubna_data_02_mir/recover-20220922/UBNA_001/20220921_090000.WAV,Telephone Field,recover-20220922,001,1795
734.7335,734.7693,68437,81838,Rhinolophus ferrumequinum,0.023,0.023,-1,Echolocation,/mnt/ubna_data_02_mir/recover-20220922/UBNA_001/20220921_090000.WAV,Telephone Field,recover-20220922,001,1795
734.7945,734.8346,68437,82083,Rhinolophus ferrumequinum,0.022,0.022,-1,Echolocation,/mnt/ubna_data_02_mir/recover-20220922/UBNA_001/20220921_090000.WAV,Telephone Field,recover-20220922,001,1795
734.8425,734.8779,68437,81600,Rhinolophus ferrumequinum,0.029,0.029,-1,Echolocation,/mnt/ubna_data_02_mir/recover-20220922/UBNA_001/20220921_090000.WAV,Telephone Field,recover-20220922,001,1795
734.8625,734.8736,23750,29672,Nyctalus leisleri,0.012,0.025,-1,Echolocation,/mnt/ubna_data_02_mir/recover-20220922/UBNA_001/20220921_090000.WAV,Telephone Field,recover-20220922,001,1795
734.8645,734.9045,68437,82709,Rhinolophus ferrumequinum,0.023,0.023,-1,Echolocation,/mnt/ubna_data_02_mir/recover-20220922/UBNA_001/20220921_090000.WAV,Telephone Field,recover-20220922,001,1795
734.8735,734.9118,68437,81621,Rhinolophus ferrumequinum,0.022,0.022,-1,Echolocation,/mnt/ubna_data_02_mir/recover-20220922/UBNA_001/20220921_090000.WAV,Telephone Field,recover-20220922,001,1795
734.8905,734.8976,23750,32875,Plecotus austriacus,0.012,0.026,-1,Echolocation,/mnt/ubna_data_02_mir/recover-20220922/UBNA_001/20220921_090000.WAV,Telephone Field,recover-20220922,001,1795
734.9015,734.91,46953,55978,Pipistrellus pipistrellus,0.02,0.024,-1,Echolocation,/mnt/ubna_data_02_mir/recover-20220922/UBNA_001/20220921_090000.WAV,Telephone Field,recover-20220922,001,1795
734.9745,734.9829,28906,39676,Eptesicus serotinus,0.008,0.025,-1,Echolocation,/mnt/ubna_data_02_mir/recover-20220922/UBNA_001/20220921_090000.WAV,Telephone Field,recover-20220922,001,1795
735.0085,735.0171,26328,38605,Eptesicus serotinus,0.008,0.023,-1,Echolocation,/mnt/ubna_data_02_mir/recover-20220922/UBNA_001/20220921_090000.WAV,Telephone Field,recover-20220922,001,1795
735.0095,735.0524,68437,82823,Rhinolophus ferrumequinum,0.027,0.027,-1,Echolocation,/mnt/ubna_data_02_mir/recover-20220922/UBNA_001/20220921_090000.WAV,Telephone Field,recover-20220922,001,1795
735.0335,735.0771,68437,83031,Rhinolophus ferrumequinum,0.029,0.029,-1,Echolocation,/mnt/ubna_data_02_mir/recover-20220922/UBNA_001/20220921_090000.WAV,Telephone Field,recover-20220922,001,1795
735.0485,735.0663,18593,22701,Nyctalus noctula,0.013,0.022,-1,Echolocation,/mnt/ubna_data_02_mir/recover-20220922/UBNA_001/20220921_090000.WAV,Telephone Field,recover-20220922,001,1795
735.0505,735.0907,68437,82481,Rhinolophus ferrumequinum,0.024,0.024,-1,Echolocation,/mnt/ubna_data_02_mir/recover-20220922/UBNA_001/20220921_090000.WAV,Telephone Field,recover-20220922,001,1795
735.0795,735.1194,68437,82024,Rhinolophus ferrumequinum,0.023,0.023,-1,Echolocation,/mnt/ubna_data_02_mir/recover-20220922/UBNA_001/20220921_090000.WAV,Telephone Field,recover-20220922,001,1795
735.1215,735.1561,68437,80436,Rhinolophus ferrumequinum,0.022,0.022,-1,Echolocation,/mnt/ubna_data_02_mir/recover-20220922/UBNA_001/20220921_090000.WAV,Telephone Field,recover-20220922,001,1795
735.1315,735.1706,68437,82364,Rhinolophus ferrumequinum,0.025,0.025,-1,Echolocation,/mnt/ubna_data_02_mir/recover-20220922/UBNA_001/20220921_090000.WAV,Telephone Field,recover-20220922,001,1795
735.1585,735.1695,23750,29346,Nyctalus leisleri,0.011,0.022,-1,Echolocation,/mnt/ubna_data_02_mir/recover-20220922/UBNA_001/20220921_090000.WAV,Telephone Field,recover-20220922,001,1795
735.1835,735.224,68437,82112,Rhinolophus ferrumequinum,0.023,0.023,-1,Echolocation,/mnt/ubna_data_02_mir/recover-20220922/UBNA_001/20220921_090000.WAV,Telephone Field,recover-20220922,001,1795
735.2035,735.2119,46953,50739,Pipistrellus pipistrellus,0.026,0.027,-1,Echolocation,/mnt/ubna_data_02_mir/recover-20220922/UBNA_001/20220921_090000.WAV,Telephone Field,recover-20220922,001,1795
735.2295,735.2706,68437,82423,Rhinolophus ferrumequinum,0.022,0.022,-1,Echolocation,/mnt/ubna_data_02_mir/recover-20220922/UBNA_001/20220921_090000.WAV,Telephone Field,recover-20220922,001,1795
735.2495,735.2674,23750,27999,Nyctalus leisleri,0.018,0.031,-1,Echolocation,/mnt/ubna_data_02_mir/recover-20220922/UBNA_001/20220921_090000.WAV,Telephone Field,recover-20220922,001,1795
735.2605,735.2722,23750,29392,Nyctalus leisleri,0.015,0.03,-1,Echolocation,/mnt/ubna_data_02_mir/recover-20220922/UBNA_001/20220921_090000.WAV,Telephone Field,recover-20220922,001,1795
735.2815,735.3204,68437,82517,Rhinolophus ferrumequinum,0.031,0.031,-1,Echolocation,/mnt/ubna_data_02_mir/recover-20220922/UBNA_001/20220921_090000.WAV,Telephone Field,recover-20220922,001,1795
735.3435,735.3817,68437,80819,Rhinolophus ferrumequinum,0.023,0.023,-1,Echolocation,/mnt/ubna_data_02_mir/recover-20220922/UBNA_001/20220921_090000.WAV,Telephone Field,recover-20220922,001,1795
735.3675,735.3752,28046,39128,Eptesicus serotinus,0.007,0.022,-1,Echolocation,/mnt/ubna_data_02_mir/recover-20220922/UBNA_001/20220921_090000.WAV,Telephone Field,recover-20220922,001,1795
735.3845,735.4242,68437,82543,Rhinolophus ferrumequinum,0.023,0.023,-1,Echolocation,/mnt/ubna_data_02_mir/recover-20220922/UBNA_001/20220921_090000.WAV,Telephone Field,recover-20220922,001,1795
735.3915,735.4298,68437,82482,Rhinolophus ferrumequinum,0.023,0.023,-1,Echolocation,/mnt/ubna_data_02_mir/recover-20220922/UBNA_001/20220921_090000.WAV,Telephone Field,recover-20220922,001,1795
735.4015,735.4094,28906,37919,Eptesicus serotinus,0.007,0.022,-1,Echolocation,/mnt/ubna_data_02_mir/recover-20220922/UBNA_001/20220921_090000.WAV,Telephone Field,recover-20220922,001,1795
735.4125,735.4554,68437,82874,Rhinolophus ferrumequinum,0.025,0.025,-1,Echolocation,/mnt/ubna_data_02_mir/recover-20220922/UBNA_001/20220921_090000.WAV,Telephone Field,recover-20220922,001,1795
735.5215,735.5291,28046,39646,Eptesicus serotinus,0.01,0.027,-1,Echolocation,/mnt/ubna_data_02_mir/recover-20220922/UBNA_001/20220921_090000.WAV,Telephone Field,recover-20220922,001,1795
735.5245,735.5611,68437,81423,Rhinolophus ferrumequinum,0.022,0.022,-1,Echolocation,/mnt/ubna_data_02_mir/recover-20220922/UBNA_001/20220921_090000.WAV,Telephone Field,recover-20220922,001,1795
735.5485,735.5576,44375,48212,Pipistrellus pipistrellus,0.039,0.041,-1,Echolocation,/mnt/ubna_data_02_mir/recover-20220922/UBNA_001/20220921_090000.WAV,Telephone Field,recover-20220922,001,1795
735.5635,735.6043,68437,83217,Rhinolophus ferrumequinum,0.031,0.031,-1,Echolocation,/mnt/ubna_data_02_mir/recover-20220922/UBNA_001/20220921_090000.WAV,Telephone Field,recover-20220922,001,1795
735.5825,735.5938,22890,28655,Nyctalus leisleri,0.01,0.023,-1,Echolocation,/mnt/ubna_data_02_mir/recover-20220922/UBNA_001/20220921_090000.WAV,Telephone Field,recover-20220922,001,1795
735.5875,735.621,68437,80275,Rhinolophus ferrumequinum,0.026,0.026,-1,Echolocation,/mnt/ubna_data_02_mir/recover-20220922/UBNA_001/20220921_090000.WAV,Telephone Field,recover-20220922,001,1795
735.6205,735.6578,68437,81460,Rhinolophus ferrumequinum,0.022,0.022,-1,Echolocation,/mnt/ubna_data_02_mir/recover-20220922/UBNA_001/20220921_090000.WAV,Telephone Field,recover-20220922,001,1795
735.7295,735.7695,68437,82387,Rhinolophus ferrumequinum,0.023,0.023,-1,Echolocation,/mnt/ubna_data_02_mir/recover-20220922/UBNA_001/20220921_090000.WAV,Telephone Field,recover-20220922,001,1795
735.7595,735.8,68437,82279,Rhinolophus ferrumequinum,0.025,0.025,-1,Echolocation,/mnt/ubna_data_02_mir/recover-20220922/UBNA_001/20220921_090000.WAV,Telephone Field,recover-20220922,001,1795
735.7665,735.8042,68437,81902,Rhinolophus ferrumequinum,0.023,0.023,-1,Echolocation,/mnt/ubna_data_02_mir/recover-20220922/UBNA_001/20220921_090000.WAV,Telephone Field,recover-20220922,001,1795
735.7775,735.8173,68437,82408,Rhinolophus ferrumequinum,0.022,0.022,-1,Echolocation,/mnt/ubna_data_02_mir/recover-20220922/UBNA_001/20220921_090000.WAV,Telephone Field,recover-20220922,001,1795
735.8005,735.8162,22031,25968,Nyctalus leisleri,0.026,0.048,-1,Echolocation,/mnt/ubna_data_02_mir/recover-20220922/UBNA_001/20220921_090000.WAV,Telephone Field,recover-20220922,001,1795
735.8185,735.8602,68437,82496,Rhinolophus ferrumequinum,0.031,0.031,-1,Echolocation,/mnt/ubna_data_02_mir/recover-20220922/UBNA_001/20220921_090000.WAV,Telephone Field,recover-20220922,001,1795
735.8555,735.8979,68437,83126,Rhinolophus ferrumequinum,0.036,0.036,-1,Echolocation,/mnt/ubna_data_02_mir/recover-20220922/UBNA_001/20220921_090000.WAV,Telephone Field,recover-20220922,001,1795
735.8855,735.9237,68437,82274,Rhinolophus ferrumequinum,0.024,0.024,-1,Echolocation,/mnt/ubna_data_02_mir/recover-20220922/UBNA_001/20220921_090000.WAV,Telephone Field,recover-20220922,001,1795
735.9015,735.9447,68437,83072,Rhinolophus ferrumequinum,0.044,0.044,-1,Echolocation,/mnt/ubna_data_02_mir/recover-20220922/UBNA_001/20220921_090000.WAV,Telephone Field,recover-20220922,001,1795
735.9825,735.9887,44375,52287,Pipistrellus pipistrellus,0.019,0.024,-1,Echolocation,/mnt/ubna_data_02_mir/recover-20220922/UBNA_001/20220921_090000.WAV,Telephone Field,recover-20220922,001,1795
735.9855,735.9978,22031,26668,Nyctalus leisleri,0.012,0.024,-1,Echolocation,/mnt/ubna_data_02_mir/recover-20220922/UBNA_001/20220921_090000.WAV,Telephone Field,recover-20220922,001,1795
736.0015,736.0386,68437,80000,Rhinolophus ferrumequinum,0.066,0.067,-1,Echolocation,/mnt/ubna_data_02_mir/recover-20220922/UBNA_001/20220921_090000.WAV,Telephone Field,recover-20220922,001,1795
736.0015,736.0099,47812,53150,Pipistrellus pipistrellus,0.019,0.023,-1,Echolocation,/mnt/ubna_data_02_mir/recover-20220922/UBNA_001/20220921_090000.WAV,Telephone Field,recover-20220922,001,1795
736.0015,736.0093,22890,30806,Nyctalus leisleri,0.008,0.028,-1,Echolocation,/mnt/ubna_data_02_mir/recover-20220922/UBNA_001/20220921_090000.WAV,Telephone Field,recover-20220922,001,1795
736.0075,736.0532,68437,83239,Rhinolophus ferrumequinum,0.03,0.03,-1,Echolocation,/mnt/ubna_data_02_mir/recover-20220922/UBNA_001/20220921_090000.WAV,Telephone Field,recover-20220922,001,1795
736.0285,736.0672,68437,82150,Rhinolophus ferrumequinum,0.024,0.024,-1,Echolocation,/mnt/ubna_data_02_mir/recover-20220922/UBNA_001/20220921_090000.WAV,Telephone Field,recover-20220922,001,1795
736.0535,736.0922,68437,82161,Rhinolophus ferrumequinum,0.036,0.036,-1,Echolocation,/mnt/ubna_data_02_mir/recover-20220922/UBNA_001/20220921_090000.WAV,Telephone Field,recover-20220922,001,1795
736.0715,736.0829,23750,28815,Nyctalus leisleri,0.013,0.026,-1,Echolocation,/mnt/ubna_data_02_mir/recover-20220922/UBNA_001/20220921_090000.WAV,Telephone Field,recover-20220922,001,1795
736.0995,736.1372,68437,82017,Rhinolophus ferrumequinum,0.027,0.027,-1,Echolocation,/mnt/ubna_data_02_mir/recover-20220922/UBNA_001/20220921_090000.WAV,Telephone Field,recover-20220922,001,1795
736.1105,736.1196,28906,36826,Eptesicus serotinus,0.011,0.025,-1,Echolocation,/mnt/ubna_data_02_mir/recover-20220922/UBNA_001/20220921_090000.WAV,Telephone Field,recover-20220922,001,1795
736.1265,736.1366,28906,35975,Eptesicus serotinus,0.008,0.024,-1,Echolocation,/mnt/ubna_data_02_mir/recover-20220922/UBNA_001/20220921_090000.WAV,Telephone Field,recover-20220922,001,1795
736.1685,736.2073,68437,82208,Rhinolophus ferrumequinum,0.026,0.026,-1,Echolocation,/mnt/ubna_data_02_mir/recover-20220922/UBNA_001/20220921_090000.WAV,Telephone Field,recover-20220922,001,1795
736.1895,736.2266,68437,82001,Rhinolophus ferrumequinum,0.026,0.026,-1,Echolocation,/mnt/ubna_data_02_mir/recover-20220922/UBNA_001/20220921_090000.WAV,Telephone Field,recover-20220922,001,1795
736.2095,736.2164,28046,41108,Eptesicus serotinus,0.008,0.029,-1,Echolocation,/mnt/ubna_data_02_mir/recover-20220922/UBNA_001/20220921_090000.WAV,Telephone Field,recover-20220922,001,1795
736.2545,736.2892,68437,80438,Rhinolophus ferrumequinum,0.038,0.038,-1,Echolocation,/mnt/ubna_data_02_mir/recover-20220922/UBNA_001/20220921_090000.WAV,Telephone Field,recover-20220922,001,1795
736.2845,736.3224,68437,82214,Rhinolophus ferrumequinum,0.026,0.026,-1,Echolocation,/mnt/ubna_data_02_mir/recover-20220922/UBNA_001/20220921_090000.WAV,Telephone Field,recover-20220922,001,1795
736.3195,736.327,27187,39768,Eptesicus serotinus,0.007,0.023,-1,Echolocation,/mnt/ubna_data_02_mir/recover-20220922/UBNA_001/20220921_090000.WAV,Telephone Field,recover-20220922,001,1795
736.3255,736.3626,68437,81589,Rhinolophus ferrumequinum,0.023,0.023,-1,Echolocation,/mnt/ubna_data_02_mir/recover-20220922/UBNA_001/20220921_090000.WAV,Telephone Field,recover-20220922,001,1795
736.3435,736.386,68437,83171,Rhinolophus ferrumequinum,0.027,0.027,-1,Echolocation,/mnt/ubna_data_02_mir/recover-20220922/UBNA_001/20220921_090000.WAV,Telephone Field,recover-20220922,001,1795
736.3625,736.4009,68437,81608,Rhinolophus ferrumequinum,0.022,0.022,-1,Echolocation,/mnt/ubna_data_02_mir/recover-20220922/UBNA_001/20220921_090000.WAV,Telephone Field,recover-20220922,001,1795
736.3835,736.3923,22890,29995,Plecotus austriacus,0.01,0.023,-1,Echolocation,/mnt/ubna_data_02_mir/recover-20220922/UBNA_001/20220921_090000.WAV,Telephone Field,recover-20220922,001,1795
736.3925,736.4057,45234,47880,Pipistrellus pipistrellus,0.037,0.041,-1,Echolocation,/mnt/ubna_data_02_mir/recover-20220922/UBNA_001/20220921_090000.WAV,Telephone Field,recover-20220922,001,1795
736.3985,736.4376,68437,81518,Rhinolophus ferrumequinum,0.025,0.025,-1,Echolocation,/mnt/ubna_data_02_mir/recover-20220922/UBNA_001/20220921_090000.WAV,Telephone Field,recover-20220922,001,1795
736.4085,736.4491,68437,82291,Rhinolophus ferrumequinum,0.022,0.022,-1,Echolocation,/mnt/ubna_data_02_mir/recover-20220922/UBNA_001/20220921_090000.WAV,Telephone Field,recover-20220922,001,1795
736.4085,736.4193,28906,38681,Eptesicus serotinus,0.013,0.027,-1,Echolocation,/mnt/ubna_data_02_mir/recover-20220922/UBNA_001/20220921_090000.WAV,Telephone Field,recover-20220922,001,1795
736.4195,736.4298,28906,36825,Eptesicus serotinus,0.013,0.028,-1,Echolocation,/mnt/ubna_data_02_mir/recover-20220922/UBNA_001/20220921_090000.WAV,Telephone Field,recover-20220922,001,1795
736.4405,736.4805,68437,81637,Rhinolophus ferrumequinum,0.023,0.023,-1,Echolocation,/mnt/ubna_data_02_mir/recover-20220922/UBNA_001/20220921_090000.WAV,Telephone Field,recover-20220922,001,1795
736.4495,736.4885,68437,82257,Rhinolophus ferrumequinum,0.037,0.037,-1,Echolocation,/mnt/ubna_data_02_mir/recover-20220922/UBNA_001/20220921_090000.WAV,Telephone Field,recover-20220922,001,1795
736.5115,736.5483,68437,81529,Rhinolophus ferrumequinum,0.024,0.024,-1,Echolocation,/mnt/ubna_data_02_mir/recover-20220922/UBNA_001/20220921_090000.WAV,Telephone Field,recover-20220922,001,1795
736.5325,736.5404,23750,32465,Plecotus austriacus,0.009,0.023,-1,Echolocation,/mnt/ubna_data_02_mir/recover-20220922/UBNA_001/20220921_090000.WAV,Telephone Field,recover-20220922,001,1795
736.5325,736.573,68437,82538,Rhinolophus ferrumequinum,0.024,0.024,-1,Echolocation,/mnt/ubna_data_02_mir/recover-20220922/UBNA_001/20220921_090000.WAV,Telephone Field,recover-20220922,001,1795
736.5925,736.6013,23750,32235,Plecotus austriacus,0.011,0.032,-1,Echolocation,/mnt/ubna_data_02_mir/recover-20220922/UBNA_001/20220921_090000.WAV,Telephone Field,recover-20220922,001,1795
736.6105,736.6511,68437,82575,Rhinolophus ferrumequinum,0.031,0.031,-1,Echolocation,/mnt/ubna_data_02_mir/recover-20220922/UBNA_001/20220921_090000.WAV,Telephone Field,recover-20220922,001,1795
736.6425,736.682,68437,82556,Rhinolophus ferrumequinum,0.032,0.032,-1,Echolocation,/mnt/ubna_data_02_mir/recover-20220922/UBNA_001/20220921_090000.WAV,Telephone Field,recover-20220922,001,1795
736.6825,736.6899,28046,40226,Eptesicus serotinus,0.007,0.024,-1,Echolocation,/mnt/ubna_data_02_mir/recover-20220922/UBNA_001/20220921_090000.WAV,Telephone Field,recover-20220922,001,1795
736.6885,736.6984,21171,26314,Nyctalus leisleri,0.009,0.024,-1,Echolocation,/mnt/ubna_data_02_mir/recover-20220922/UBNA_001/20220921_090000.WAV,Telephone Field,recover-20220922,001,1795
736.7105,736.753,68437,82781,Rhinolophus ferrumequinum,0.025,0.025,-1,Echolocation,/mnt/ubna_data_02_mir/recover-20220922/UBNA_001/20220921_090000.WAV,Telephone Field,recover-20220922,001,1795
736.7165,736.7232,24609,38151,Plecotus austriacus,0.01,0.028,-1,Echolocation,/mnt/ubna_data_02_mir/recover-20220922/UBNA_001/20220921_090000.WAV,Telephone Field,recover-20220922,001,1795
736.7465,736.7586,29765,36475,Eptesicus serotinus,0.011,0.026,-1,Echolocation,/mnt/ubna_data_02_mir/recover-20220922/UBNA_001/20220921_090000.WAV,Telephone Field,recover-20220922,001,1795
736.7575,736.7938,68437,81944,Rhinolophus ferrumequinum,0.023,0.024,-1,Echolocation,/mnt/ubna_data_02_mir/recover-20220922/UBNA_001/20220921_090000.WAV,Telephone Field,recover-20220922,001,1795
736.7805,736.8196,68437,81834,Rhinolophus ferrumequinum,0.023,0.023,-1,Echolocation,/mnt/ubna_data_02_mir/recover-20220922/UBNA_001/20220921_090000.WAV,Telephone Field,recover-20220922,001,1795
736.8085,736.8457,68437,81806,Rhinolophus ferrumequinum,0.022,0.022,-1,Echolocation,/mnt/ubna_data_02_mir/recover-20220922/UBNA_001/20220921_090000.WAV,Telephone Field,recover-20220922,001,1795
736.8305,736.8689,68437,82501,Rhinolophus ferrumequinum,0.026,0.026,-1,Echolocation,/mnt/ubna_data_02_mir/recover-20220922/UBNA_001/20220921_090000.WAV,Telephone Field,recover-20220922,001,1795
736.8415,736.8817,68437,82154,Rhinolophus ferrumequinum,0.022,0.022,-1,Echolocation,/mnt/ubna_data_02_mir/recover-20220922/UBNA_001/20220921_090000.WAV,Telephone Field,recover-20220922,001,1795
736.8465,736.8845,68437,81809,Rhinolophus ferrumequinum,0.022,0.022,-1,Echolocation,/mnt/ubna_data_02_mir/recover-20220922/UBNA_001/20220921_090000.WAV,Telephone Field,recover-20220922,001,1795
736.8795,736.9195,68437,82892,Rhinolophus ferrumequinum,0.027,0.027,-1,Echolocation,/mnt/ubna_data_02_mir/recover-20220922/UBNA_001/20220921_090000.WAV,Telephone Field,recover-20220922,001,1795
736.9005,736.9383,68437,81815,Rhinolophus ferrumequinum,0.022,0.022,-1,Echolocation,/mnt/ubna_data_02_mir/recover-20220922/UBNA_001/20220921_090000.WAV,Telephone Field,recover-20220922,001,1795
736.9065,736.9435,68437,81823,Rhinolophus ferrumequinum,0.023,0.023,-1,Echolocation,/mnt/ubna_data_02_mir/recover-20220922/UBNA_001/20220921_090000.WAV,Telephone Field,recover-20220922,001,1795
736.9275,736.9665,68437,82235,Rhinolophus ferrumequinum,0.025,0.025,-1,Echolocation,/mnt/ubna_data_02_mir/recover-20220922/UBNA_001/20220921_090000.WAV,Telephone Field,recover-20220922,001,1795
736.9455,736.9798,68437,81382,Rhinolophus ferrumequinum,0.024,0.024,-1,Echolocation,/mnt/ubna_data_02_mir/recover-20220922/UBNA_001/20220921_090000.WAV,Telephone Field,recover-20220922,001,1795
736.9935,737.0323,68437,82874,Rhinolophus ferrumequinum,0.028,0.028,-1,Echolocation,/mnt/ubna_data_02_mir/recover-20220922/UBNA_001/20220921_090000.WAV,Telephone Field,recover-20220922,001,1795
737.0005,737.0402,68437,82982,Rhinolophus ferrumequinum,0.027,0.027,-1,Echolocation,/mnt/ubna_data_02_mir/recover-20220922/UBNA_001/20220921_090000.WAV,Telephone Field,recover-20220922,001,1795
737.0325,737.0724,68437,82719,Rhinolophus ferrumequinum,0.029,0.029,-1,Echolocation,/mnt/ubna_data_02_mir/recover-20220922/UBNA_001/20220921_090000.WAV,Telephone Field,recover-20220922,001,1795
737.0515,737.0882,68437,82036,Rhinolophus ferrumequinum,0.023,0.023,-1,Echolocation,/mnt/ubna_data_02_mir/recover-20220922/UBNA_001/20220921_090000.WAV,Telephone Field,recover-20220922,001,1795
737.0605,737.1024,68437,83218,Rhinolophus ferrumequinum,0.035,0.035,-1,Echolocation,/mnt/ubna_data_02_mir/recover-20220922/UBNA_001/20220921_090000.WAV,Telephone Field,recover-20220922,001,1795
737.0825,737.1177,68437,80837,Rhinolophus ferrumequinum,0.023,0.023,-1,Echolocation,/mnt/ubna_data_02_mir/recover-20220922/UBNA_001/20220921_090000.WAV,Telephone Field,recover-20220922,001,1795
737.1075,737.1476,68437,82226,Rhinolophus ferrumequinum,0.022,0.022,-1,Echolocation,/mnt/ubna_data_02_mir/recover-20220922/UBNA_001/20220921_090000.WAV,Telephone Field,recover-20220922,001,1795
737.1145,737.154,68437,82601,Rhinolophus ferrumequinum,0.023,0.023,-1,Echolocation,/mnt/ubna_data_02_mir/recover-20220922/UBNA_001/20220921_090000.WAV,Telephone Field,recover-20220922,001,1795
737.1425,737.1792,68437,81255,Rhinolophus ferrumequinum,0.042,0.042,-1,Echolocation,/mnt/ubna_data_02_mir/recover-20220922/UBNA_001/20220921_090000.WAV,Telephone Field,recover-20220922,001,1795
737.1525,737.1888,68437,82104,Rhinolophus ferrumequinum,0.025,0.025,-1,Echolocation,/mnt/ubna_data_02_mir/recover-20220922/UBNA_001/20220921_090000.WAV,Telephone Field,recover-20220922,001,1795
737.1625,737.2035,68437,82736,Rhinolophus ferrumequinum,0.033,0.033,-1,Echolocation,/mnt/ubna_data_02_mir/recover-20220922/UBNA_001/20220921_090000.WAV,Telephone Field,recover-20220922,001,1795
737.1795,737.1864,28046,41438,Eptesicus serotinus,0.007,0.027,-1,Echolocation,/mnt/ubna_data_02_mir/recover-20220922/UBNA_001/20220921_090000.WAV,Telephone Field,recover-20220922,001,1795
737.1905,737.2322,68437,83281,Rhinolophus ferrumequinum,0.036,0.036,-1,Echolocation,/mnt/ubna_data_02_mir/recover-20220922/UBNA_001/20220921_090000.WAV,Telephone Field,recover-20220922,001,1795
737.2255,737.2633,68437,82293,Rhinolophus ferrumequinum,0.031,0.031,-1,Echolocation,/mnt/ubna_data_02_mir/recover-20220922/UBNA_001/20220921_090000.WAV,Telephone Field,recover-20220922,001,1795
737.2385,737.2841,68437,83952,Rhinolophus ferrumequinum,0.061,0.061,-1,Echolocation,/mnt/ubna_data_02_mir/recover-20220922/UBNA_001/20220921_090000.WAV,Telephone Field,recover-20220922,001,1795
737.2565,737.2952,68437,82222,Rhinolophus ferrumequinum,0.024,0.024,-1,Echolocation,/mnt/ubna_data_02_mir/recover-20220922/UBNA_001/20220921_090000.WAV,Telephone Field,recover-20220922,001,1795
737.2735,737.3121,68437,81806,Rhinolophus ferrumequinum,0.024,0.024,-1,Echolocation,/mnt/ubna_data_02_mir/recover-20220922/UBNA_001/20220921_090000.WAV,Telephone Field,recover-20220922,001,1795
737.2795,737.2871,24609,33457,Plecotus austriacus,0.012,0.032,-1,Echolocation,/mnt/ubna_data_02_mir/recover-20220922/UBNA_001/20220921_090000.WAV,Telephone Field,recover-20220922,001,1795
737.2905,737.3006,24609,30616,Nyctalus leisleri,0.009,0.023,-1,Echolocation,/mnt/ubna_data_02_mir/recover-20220922/UBNA_001/20220921_090000.WAV,Telephone Field,recover-20220922,001,1795
737.3415,737.3565,22031,27617,Nyctalus leisleri,0.049,0.113,-1,Echolocation,/mnt/ubna_data_02_mir/recover-20220922/UBNA_001/20220921_090000.WAV,Telephone Field,recover-20220922,001,1795
737.3425,737.3818,68437,81983,Rhinolophus ferrumequinum,0.023,0.023,-1,Echolocation,/mnt/ubna_data_02_mir/recover-20220922/UBNA_001/20220921_090000.WAV,Telephone Field,recover-20220922,001,1795
737.3655,737.4045,68437,82174,Rhinolophus ferrumequinum,0.025,0.025,-1,Echolocation,/mnt/ubna_data_02_mir/recover-20220922/UBNA_001/20220921_090000.WAV,Telephone Field,recover-20220922,001,1795
737.3875,737.4249,68437,81376,Rhinolophus ferrumequinum,0.023,0.023,-1,Echolocation,/mnt/ubna_data_02_mir/recover-20220922/UBNA_001/20220921_090000.WAV,Telephone Field,recover-20220922,001,1795
737.4075,737.4451,68437,82232,Rhinolophus ferrumequinum,0.026,0.026,-1,Echolocation,/mnt/ubna_data_02_mir/recover-20220922/UBNA_001/20220921_090000.WAV,Telephone Field,recover-20220922,001,1795
737.4105,737.4203,34062,39851,Barbastellus barbastellus,0.006,0.023,-1,Echolocation,/mnt/ubna_data_02_mir/recover-20220922/UBNA_001/20220921_090000.WAV,Telephone Field,recover-20220922,001,1795
737.4255,737.462,68437,81822,Rhinolophus ferrumequinum,0.027,0.027,-1,Echolocation,/mnt/ubna_data_02_mir/recover-20220922/UBNA_001/20220921_090000.WAV,Telephone Field,recover-20220922,001,1795
737.4515,737.4888,68437,81989,Rhinolophus ferrumequinum,0.024,0.024,-1,Echolocation,/mnt/ubna_data_02_mir/recover-20220922/UBNA_001/20220921_090000.WAV,Telephone Field,recover-20220922,001,1795
737.4705,737.5105,68437,82907,Rhinolophus ferrumequinum,0.031,0.031,-1,Echolocation,/mnt/ubna_data_02_mir/recover-20220922/UBNA_001/20220921_090000.WAV,Telephone Field,recover-20220922,001,1795
737.5105,737.5515,68437,82096,Rhinolophus ferrumequinum,0.026,0.026,-1,Echolocation,/mnt/ubna_data_02_mir/recover-20220922/UBNA_001/20220921_090000.WAV,Telephone Field,recover-20220922,001,1795
737.5135,737.5235,22890,28606,Nyctalus leisleri,0.009,0.023,-1,Echolocation,/mnt/ubna_data_02_mir/recover-20220922/UBNA_001/20220921_090000.WAV,Telephone Field,recover-20220922,001,1795
737.5345,737.5754,68437,82159,Rhinolophus ferrumequinum,0.045,0.045,-1,Echolocation,/mnt/ubna_data_02_mir/recover-20220922/UBNA_001/20220921_090000.WAV,Telephone Field,recover-20220922,001,1795
737.5715,737.5805,27187,37290,Eptesicus serotinus,0.01,0.025,-1,Echolocation,/mnt/ubna_data_02_mir/recover-20220922/UBNA_001/20220921_090000.WAV,Telephone Field,recover-20220922,001,1795
737.5915,737.6345,68437,83120,Rhinolophus ferrumequinum,0.036,0.036,-1,Echolocation,/mnt/ubna_data_02_mir/recover-20220922/UBNA_001/20220921_090000.WAV,Telephone Field,recover-20220922,001,1795
737.6115,737.6221,33203,39248,Eptesicus serotinus,0.007,0.025,-1,Echolocation,/mnt/ubna_data_02_mir/recover-20220922/UBNA_001/20220921_090000.WAV,Telephone Field,recover-20220922,001,1795
737.6135,737.6243,28046,35844,Eptesicus serotinus,0.014,0.03,-1,Echolocation,/mnt/ubna_data_02_mir/recover-20220922/UBNA_001/20220921_090000.WAV,Telephone Field,recover-20220922,001,1795
737.6875,737.7214,68437,80086,Rhinolophus ferrumequinum,0.027,0.028,-1,Echolocation,/mnt/ubna_data_02_mir/recover-20220922/UBNA_001/20220921_090000.WAV,Telephone Field,recover-20220922,001,1795
737.6965,737.7287,68437,79788,Rhinolophus ferrumequinum,0.024,0.025,-1,Echolocation,/mnt/ubna_data_02_mir/recover-20220922/UBNA_001/20220921_090000.WAV,Telephone Field,recover-20220922,001,1795
737.7075,737.7456,68437,82561,Rhinolophus ferrumequinum,0.023,0.023,-1,Echolocation,/mnt/ubna_data_02_mir/recover-20220922/UBNA_001/20220921_090000.WAV,Telephone Field,recover-20220922,001,1795
737.7255,737.7375,33203,37375,Nyctalus leisleri,0.006,0.025,-1,Echolocation,/mnt/ubna_data_02_mir/recover-20220922/UBNA_001/20220921_090000.WAV,Telephone Field,recover-20220922,001,1795
737.7515,737.7574,28906,41949,Myotis daubentonii,0.007,0.034,-1,Echolocation,/mnt/ubna_data_02_mir/recover-20220922/UBNA_001/20220921_090000.WAV,Telephone Field,recover-20220922,001,1795
737.7635,737.8042,68437,82976,Rhinolophus ferrumequinum,0.041,0.041,-1,Echolocation,/mnt/ubna_data_02_mir/recover-20220922/UBNA_001/20220921_090000.WAV,Telephone Field,recover-20220922,001,1795
737.7735,737.7842,24609,29941,Nyctalus leisleri,0.016,0.034,-1,Echolocation,/mnt/ubna_data_02_mir/recover-20220922/UBNA_001/20220921_090000.WAV,Telephone Field,recover-20220922,001,1795
737.7905,737.8308,68437,82905,Rhinolophus ferrumequinum,0.034,0.034,-1,Echolocation,/mnt/ubna_data_02_mir/recover-20220922/UBNA_001/20220921_090000.WAV,Telephone Field,recover-20220922,001,1795
737.8645,737.9061,68437,82711,Rhinolophus ferrumequinum,0.04,0.04,-1,Echolocation,/mnt/ubna_data_02_mir/recover-20220922/UBNA_001/20220921_090000.WAV,Telephone Field,recover-20220922,001,1795
737.9025,737.9394,68437,81158,Rhinolophus ferrumequinum,0.025,0.025,-1,Echolocation,/mnt/ubna_data_02_mir/recover-20220922/UBNA_001/20220921_090000.WAV,Telephone Field,recover-20220922,001,1795
737.9355,737.9428,23750,34622,Plecotus austriacus,0.013,0.03,-1,Echolocation,/mnt/ubna_data_02_mir/recover-20220922/UBNA_001/20220921_090000.WAV,Telephone Field,recover-20220922,001,1795
737.9565,737.9946,68437,82279,Rhinolophus ferrumequinum,0.025,0.025,-1,Echolocation,/mnt/ubna_data_02_mir/recover-20220922/UBNA_001/20220921_090000.WAV,Telephone Field,recover-20220922,001,1795
737.9845,737.9926,27187,37590,Eptesicus serotinus,0.007,0.023,-1,Echolocation,/mnt/ubna_data_02_mir/recover-20220922/UBNA_001/20220921_090000.WAV,Telephone Field,recover-20220922,001,1795
738.0015,738.0104,47812,52947,Pipistrellus pipistrellus,0.028,0.032,-1,Echolocation,/mnt/ubna_data_02_mir/recover-20220922/UBNA_001/20220921_090000.WAV,Telephone Field,recover-20220922,001,1795
738.0015,738.0098,24609,32555,Nyctalus leisleri,0.009,0.026,-1,Echolocation,/mnt/ubna_data_02_mir/recover-20220922/UBNA_001/20220921_090000.WAV,Telephone Field,recover-20220922,001,1795
738.0015,738.0335,68437,79458,Rhinolophus ferrumequinum,0.03,0.03,-1,Echolocation,/mnt/ubna_data_02_mir/recover-20220922/UBNA_001/20220921_090000.WAV,Telephone Field,recover-20220922,001,1795
738.0255,738.0343,28046,37914,Eptesicus serotinus,0.008,0.023,-1,Echolocation,/mnt/ubna_data_02_mir/recover-20220922/UBNA_001/20220921_090000.WAV,Telephone Field,recover-20220922,001,1795
738.0465,738.0821,68437,80727,Rhinolophus ferrumequinum,0.022,0.022,-1,Echolocation,/mnt/ubna_data_02_mir/recover-20220922/UBNA_001/20220921_090000.WAV,Telephone Field,recover-20220922,001,1795
738.0595,738.0985000000001,68437,82149,Rhinolophus ferrumequinum,0.021,0.021,-1,Echolocation,/mnt/ubna_data_02_mir/recover-20220922/UBNA_001/20220921_090000.WAV,Telephone Field,recover-20220922,001,1795
738.0655,738.1063,68437,82635,Rhinolophus ferrumequinum,0.021,0.021,-1,Echolocation,/mnt/ubna_data_02_mir/recover-20220922/UBNA_001/20220921_090000.WAV,Telephone Field,recover-20220922,001,1795
738.0675,738.0753,49531,55255,Pipistrellus pipistrellus,0.024,0.025,-1,Echolocation,/mnt/ubna_data_02_mir/recover-20220922/UBNA_001/20220921_090000.WAV,Telephone Field,recover-20220922,001,1795
738.0755,738.0838,28046,39881,Eptesicus serotinus,0.008,0.021,-1,Echolocation,/mnt/ubna_data_02_mir/recover-20220922/UBNA_001/20220921_090000.WAV,Telephone Field,recover-20220922,001,1795
738.1115,738.1514,68437,82134,Rhinolophus ferrumequinum,0.024,0.024,-1,Echolocation,/mnt/ubna_data_02_mir/recover-20220922/UBNA_001/20220921_090000.WAV,Telephone Field,recover-20220922,001,1795
738.1325,738.1707,68437,80747,Rhinolophus ferrumequinum,0.052,0.052,-1,Echolocation,/mnt/ubna_data_02_mir/recover-20220922/UBNA_001/20220921_090000.WAV,Telephone Field,recover-20220922,001,1795
738.1425,738.1545,23750,29026,Nyctalus leisleri,0.022,0.045,-1,Echolocation,/mnt/ubna_data_02_mir/recover-20220922/UBNA_001/20220921_090000.WAV,Telephone Field,recover-20220922,001,1795
738.1715,738.2111,68437,82437,Rhinolophus ferrumequinum,0.024,0.024,-1,Echolocation,/mnt/ubna_data_02_mir/recover-20220922/UBNA_001/20220921_090000.WAV,Telephone Field,recover-20220922,001,1795
738.1715,738.1831,23750,28364,Nyctalus leisleri,0.015,0.028,-1,Echolocation,/mnt/ubna_data_02_mir/recover-20220922/UBNA_001/20220921_090000.WAV,Telephone Field,recover-20220922,001,1795
738.2125,738.2504,68437,81828,Rhinolophus ferrumequinum,0.025,0.025,-1,Echolocation,/mnt/ubna_data_02_mir/recover-20220922/UBNA_001/20220921_090000.WAV,Telephone Field,recover-20220922,001,1795
738.2475,738.2849,68437,81755,Rhinolophus ferrumequinum,0.022,0.022,-1,Echolocation,/mnt/ubna_data_02_mir/recover-20220922/UBNA_001/20220921_090000.WAV,Telephone Field,recover-20220922,001,1795
738.2505,738.2559,50390,59004,Pipistrellus pipistrellus,0.018,0.021,-1,Echolocation,/mnt/ubna_data_02_mir/recover-20220922/UBNA_001/20220921_090000.WAV,Telephone Field,recover-20220922,001,1795
738.2645,738.3049,68437,82238,Rhinolophus ferrumequinum,0.022,0.022,-1,Echolocation,/mnt/ubna_data_02_mir/recover-20220922/UBNA_001/20220921_090000.WAV,Telephone Field,recover-20220922,001,1795
738.2885,738.3252,68437,81561,Rhinolophus ferrumequinum,0.022,0.022,-1,Echolocation,/mnt/ubna_data_02_mir/recover-20220922/UBNA_001/20220921_090000.WAV,Telephone Field,recover-20220922,001,1795
738.3025,738.3128,22031,26773,Nyctalus leisleri,0.01,0.021,-1,Echolocation,/mnt/ubna_data_02_mir/recover-20220922/UBNA_001/20220921_090000.WAV,Telephone Field,recover-20220922,001,1795
738.3355,738.3717,68437,81140,Rhinolophus ferrumequinum,0.022,0.022,-1,Echolocation,/mnt/ubna_data_02_mir/recover-20220922/UBNA_001/20220921_090000.WAV,Telephone Field,recover-20220922,001,1795
738.3445,738.385,68437,82673,Rhinolophus ferrumequinum,0.021,0.021,-1,Echolocation,/mnt/ubna_data_02_mir/recover-20220922/UBNA_001/20220921_090000.WAV,Telephone Field,recover-20220922,001,1795
738.3665,738.374,28046,39189,Eptesicus serotinus,0.008,0.027,-1,Echolocation,/mnt/ubna_data_02_mir/recover-20220922/UBNA_001/20220921_090000.WAV,Telephone Field,recover-20220922,001,1795
738.3735,738.3831,15156,22177,Nyctalus noctula,0.008,0.022,-1,Echolocation,/mnt/ubna_data_02_mir/recover-20220922/UBNA_001/20220921_090000.WAV,Telephone Field,recover-20220922,001,1795
738.3965,738.435,68437,82054,Rhinolophus ferrumequinum,0.022,0.022,-1,Echolocation,/mnt/ubna_data_02_mir/recover-20220922/UBNA_001/20220921_090000.WAV,Telephone Field,recover-20220922,001,1795
738.4235,738.4308,27187,40623,Eptesicus serotinus,0.007,0.024,-1,Echolocation,/mnt/ubna_data_02_mir/recover-20220922/UBNA_001/20220921_090000.WAV,Telephone Field,recover-20220922,001,1795
738.4875,738.4954,28906,37347,Eptesicus serotinus,0.009,0.024,-1,Echolocation,/mnt/ubna_data_02_mir/recover-20220922/UBNA_001/20220921_090000.WAV,Telephone Field,recover-20220922,001,1795
738.5345,738.5701,68437,80704,Rhinolophus ferrumequinum,0.023,0.023,-1,Echolocation,/mnt/ubna_data_02_mir/recover-20220922/UBNA_001/20220921_090000.WAV,Telephone Field,recover-20220922,001,1795
738.5845,738.5918,27187,39544,Eptesicus serotinus,0.007,0.023,-1,Echolocation,/mnt/ubna_data_02_mir/recover-20220922/UBNA_001/20220921_090000.WAV,Telephone Field,recover-20220922,001,1795
738.5905,738.5996,22890,29687,Plecotus austriacus,0.006,0.021,-1,Echolocation,/mnt/ubna_data_02_mir/recover-20220922/UBNA_001/20220921_090000.WAV,Telephone Field,recover-20220922,001,1795
738.6155,738.6543,68437,81988,Rhinolophus ferrumequinum,0.021,0.021,-1,Echolocation,/mnt/ubna_data_02_mir/recover-20220922/UBNA_001/20220921_090000.WAV,Telephone Field,recover-20220922,001,1795
738.6345,738.6761,68437,82649,Rhinolophus ferrumequinum,0.024,0.024,-1,Echolocation,/mnt/ubna_data_02_mir/recover-20220922/UBNA_001/20220921_090000.WAV,Telephone Field,recover-20220922,001,1795
738.6425,738.6508,28906,39652,Eptesicus serotinus,0.009,0.026,-1,Echolocation,/mnt/ubna_data_02_mir/recover-20220922/UBNA_001/20220921_090000.WAV,Telephone Field,recover-20220922,001,1795
738.6475,738.6842,68437,81707,Rhinolophus ferrumequinum,0.022,0.022,-1,Echolocation,/mnt/ubna_data_02_mir/recover-20220922/UBNA_001/20220921_090000.WAV,Telephone Field,recover-20220922,001,1795
738.7005,738.7389000000001,68437,81908,Rhinolophus ferrumequinum,0.022,0.022,-1,Echolocation,/mnt/ubna_data_02_mir/recover-20220922/UBNA_001/20220921_090000.WAV,Telephone Field,recover-20220922,001,1795
738.7115,738.7516,68437,82674,Rhinolophus ferrumequinum,0.023,0.023,-1,Echolocation,/mnt/ubna_data_02_mir/recover-20220922/UBNA_001/20220921_090000.WAV,Telephone Field,recover-20220922,001,1795
738.7125,738.7216,28906,39006,Eptesicus serotinus,0.011,0.025,-1,Echolocation,/mnt/ubna_data_02_mir/recover-20220922/UBNA_001/20220921_090000.WAV,Telephone Field,recover-20220922,001,1795
738.7285,738.7373,28906,38475,Eptesicus serotinus,0.008,0.022,-1,Echolocation,/mnt/ubna_data_02_mir/recover-20220922/UBNA_001/20220921_090000.WAV,Telephone Field,recover-20220922,001,1795
738.7355,738.7714,68437,81589,Rhinolophus ferrumequinum,0.021,0.021,-1,Echolocation,/mnt/ubna_data_02_mir/recover-20220922/UBNA_001/20220921_090000.WAV,Telephone Field,recover-20220922,001,1795
738.7755,738.7834,48671,56108,Pipistrellus pipistrellus,0.021,0.024,-1,Echolocation,/mnt/ubna_data_02_mir/recover-20220922/UBNA_001/20220921_090000.WAV,Telephone Field,recover-20220922,001,1795
738.7785,738.7884,28906,38310,Eptesicus serotinus,0.01,0.024,-1,Echolocation,/mnt/ubna_data_02_mir/recover-20220922/UBNA_001/20220921_090000.WAV,Telephone Field,recover-20220922,001,1795
738.7925,738.8344,68437,82918,Rhinolophus ferrumequinum,0.027,0.027,-1,Echolocation,/mnt/ubna_data_02_mir/recover-20220922/UBNA_001/20220921_090000.WAV,Telephone Field,recover-20220922,001,1795
738.8005,738.8107,23750,30340,Nyctalus leisleri,0.008,0.021,-1,Echolocation,/mnt/ubna_data_02_mir/recover-20220922/UBNA_001/20220921_090000.WAV,Telephone Field,recover-20220922,001,1795
738.8225,738.8358,40078,42872,Pipistrellus nathusii,0.069,0.091,-1,Echolocation,/mnt/ubna_data_02_mir/recover-20220922/UBNA_001/20220921_090000.WAV,Telephone Field,recover-20220922,001,1795
738.8485000000001,738.8554,26328,38870,Eptesicus serotinus,0.005,0.023,-1,Echolocation,/mnt/ubna_data_02_mir/recover-20220922/UBNA_001/20220921_090000.WAV,Telephone Field,recover-20220922,001,1795
738.8525,738.894,68437,82998,Rhinolophus ferrumequinum,0.027,0.027,-1,Echolocation,/mnt/ubna_data_02_mir/recover-20220922/UBNA_001/20220921_090000.WAV,Telephone Field,recover-20220922,001,1795
738.8995,738.9392,68437,82026,Rhinolophus ferrumequinum,0.025,0.025,-1,Echolocation,/mnt/ubna_data_02_mir/recover-20220922/UBNA_001/20220921_090000.WAV,Telephone Field,recover-20220922,001,1795
738.9085,738.9495,68437,82604,Rhinolophus ferrumequinum,0.028,0.028,-1,Echolocation,/mnt/ubna_data_02_mir/recover-20220922/UBNA_001/20220921_090000.WAV,Telephone Field,recover-20220922,001,1795
738.9285,738.9627,68437,80336,Rhinolophus ferrumequinum,0.023,0.023,-1,Echolocation,/mnt/ubna_data_02_mir/recover-20220922/UBNA_001/20220921_090000.WAV,Telephone Field,recover-20220922,001,1795
738.9465,738.9833,68437,81842,Rhinolophus ferrumequinum,0.023,0.023,-1,Echolocation,/mnt/ubna_data_02_mir/recover-20220922/UBNA_001/20220921_090000.WAV,Telephone Field,recover-20220922,001,1795
738.9485,738.9598,23750,29546,Nyctalus leisleri,0.011,0.027,-1,Echolocation,/mnt/ubna_data_02_mir/recover-20220922/UBNA_001/20220921_090000.WAV,Telephone Field,recover-20220922,001,1795
738.9605,738.9711,28906,35685,Eptesicus serotinus,0.008,0.022,-1,Echolocation,/mnt/ubna_data_02_mir/recover-20220922/UBNA_001/20220921_090000.WAV,Telephone Field,recover-20220922,001,1795
738.9645,739.0018,68437,82036,Rhinolophus ferrumequinum,0.029,0.029,-1,Echolocation,/mnt/ubna_data_02_mir/recover-20220922/UBNA_001/20220921_090000.WAV,Telephone Field,recover-20220922,001,1795
738.9935,739.03,68437,81317,Rhinolophus ferrumequinum,0.021,0.021,-1,Echolocation,/mnt/ubna_data_02_mir/recover-20220922/UBNA_001/20220921_090000.WAV,Telephone Field,recover-20220922,001,1795
739.0285,739.0396,28906,36095,Eptesicus serotinus,0.01,0.021,-1,Echolocation,/mnt/ubna_data_02_mir/recover-20220922/UBNA_001/20220921_090000.WAV,Telephone Field,recover-20220922,001,1795
739.0505,739.0875,68437,81676,Rhinolophus ferrumequinum,0.023,0.023,-1,Echolocation,/mnt/ubna_data_02_mir/recover-20220922/UBNA_001/20220921_090000.WAV,Telephone Field,recover-20220922,001,1795
739.1055,739.1419,68437,81894,Rhinolophus ferrumequinum,0.023,0.023,-1,Echolocation,/mnt/ubna_data_02_mir/recover-20220922/UBNA_001/20220921_090000.WAV,Telephone Field,recover-20220922,001,1795
739.1185,739.1289,28906,36632,Eptesicus serotinus,0.01,0.024,-1,Echolocation,/mnt/ubna_data_02_mir/recover-20220922/UBNA_001/20220921_090000.WAV,Telephone Field,recover-20220922,001,1795
739.1355,739.1733,68437,81722,Rhinolophus ferrumequinum,0.023,0.023,-1,Echolocation,/mnt/ubna_data_02_mir/recover-20220922/UBNA_001/20220921_090000.WAV,Telephone Field,recover-20220922,001,1795
739.1565,739.1679,23750,29192,Nyctalus leisleri,0.012,0.024,-1,Echolocation,/mnt/ubna_data_02_mir/recover-20220922/UBNA_001/20220921_090000.WAV,Telephone Field,recover-20220922,001,1795
739.1605,739.199,68437,82219,Rhinolophus ferrumequinum,0.022,0.022,-1,Echolocation,/mnt/ubna_data_02_mir/recover-20220922/UBNA_001/20220921_090000.WAV,Telephone Field,recover-20220922,001,1795
739.1675,739.2048,68437,81642,Rhinolophus ferrumequinum,0.022,0.022,-1,Echolocation,/mnt/ubna_data_02_mir/recover-20220922/UBNA_001/20220921_090000.WAV,Telephone Field,recover-20220922,001,1795
739.1835,739.1944,28046,35053,Eptesicus serotinus,0.012,0.025,-1,Echolocation,/mnt/ubna_data_02_mir/recover-20220922/UBNA_001/20220921_090000.WAV,Telephone Field,recover-20220922,001,1795
739.1945,739.2344,68437,82922,Rhinolophus ferrumequinum,0.028,0.028,-1,Echolocation,/mnt/ubna_data_02_mir/recover-20220922/UBNA_001/20220921_090000.WAV,Telephone Field,recover-20220922,001,1795
739.2415,739.2773,68437,81203,Rhinolophus ferrumequinum,0.021,0.021,-1,Echolocation,/mnt/ubna_data_02_mir/recover-20220922/UBNA_001/20220921_090000.WAV,Telephone Field,recover-20220922,001,1795
739.2695,739.2777,28906,38720,Eptesicus serotinus,0.007,0.021,-1,Echolocation,/mnt/ubna_data_02_mir/recover-20220922/UBNA_001/20220921_090000.WAV,Telephone Field,recover-20220922,001,1795
739.2975,739.3385,68437,82250,Rhinolophus ferrumequinum,0.03,0.03,-1,Echolocation,/mnt/ubna_data_02_mir/recover-20220922/UBNA_001/20220921_090000.WAV,Telephone Field,recover-20220922,001,1795
739.3065,739.3149,28906,38022,Eptesicus serotinus,0.008,0.023,-1,Echolocation,/mnt/ubna_data_02_mir/recover-20220922/UBNA_001/20220921_090000.WAV,Telephone Field,recover-20220922,001,1795
739.3875,739.4264000000001,68437,81606,Rhinolophus ferrumequinum,0.023,0.023,-1,Echolocation,/mnt/ubna_data_02_mir/recover-20220922/UBNA_001/20220921_090000.WAV,Telephone Field,recover-20220922,001,1795
739.3955,739.432,68437,81196,Rhinolophus ferrumequinum,0.023,0.023,-1,Echolocation,/mnt/ubna_data_02_mir/recover-20220922/UBNA_001/20220921_090000.WAV,Telephone Field,recover-20220922,001,1795
739.4155,739.4509,68437,81924,Rhinolophus ferrumequinum,0.024,0.024,-1,Echolocation,/mnt/ubna_data_02_mir/recover-20220922/UBNA_001/20220921_090000.WAV,Telephone Field,recover-20220922,001,1795
739.4345,739.4765,68437,82728,Rhinolophus ferrumequinum,0.033,0.033,-1,Echolocation,/mnt/ubna_data_02_mir/recover-20220922/UBNA_001/20220921_090000.WAV,Telephone Field,recover-20220922,001,1795
739.4715,739.5137,68437,83171,Rhinolophus ferrumequinum,0.024,0.024,-1,Echolocation,/mnt/ubna_data_02_mir/recover-20220922/UBNA_001/20220921_090000.WAV,Telephone Field,recover-20220922,001,1795
739.5155,739.5245,28046,38073,Eptesicus serotinus,0.009,0.023,-1,Echolocation,/mnt/ubna_data_02_mir/recover-20220922/UBNA_001/20220921_090000.WAV,Telephone Field,recover-20220922,001,1795
739.5375,739.5763,68437,81937,Rhinolophus ferrumequinum,0.021,0.021,-1,Echolocation,/mnt/ubna_data_02_mir/recover-20220922/UBNA_001/20220921_090000.WAV,Telephone Field,recover-20220922,001,1795
739.5415,739.5504,26328,35166,Eptesicus serotinus,0.008,0.022,-1,Echolocation,/mnt/ubna_data_02_mir/recover-20220922/UBNA_001/20220921_090000.WAV,Telephone Field,recover-20220922,001,1795
739.5765,739.6188,68437,82905,Rhinolophus ferrumequinum,0.025,0.025,-1,Echolocation,/mnt/ubna_data_02_mir/recover-20220922/UBNA_001/20220921_090000.WAV,Telephone Field,recover-20220922,001,1795
739.5785,739.5885,28906,37262,Eptesicus serotinus,0.021,0.042,-1,Echolocation,/mnt/ubna_data_02_mir/recover-20220922/UBNA_001/20220921_090000.WAV,Telephone Field,recover-20220922,001,1795
739.6045,739.6456000000001,68437,82782,Rhinolophus ferrumequinum,0.043,0.043,-1,Echolocation,/mnt/ubna_data_02_mir/recover-20220922/UBNA_001/20220921_090000.WAV,Telephone Field,recover-20220922,001,1795
739.6115,739.6187,28046,40238,Eptesicus serotinus,0.008,0.028,-1,Echolocation,/mnt/ubna_data_02_mir/recover-20220922/UBNA_001/20220921_090000.WAV,Telephone Field,recover-20220922,001,1795
739.6265,739.6682,68437,82072,Rhinolophus ferrumequinum,0.024,0.024,-1,Echolocation,/mnt/ubna_data_02_mir/recover-20220922/UBNA_001/20220921_090000.WAV,Telephone Field,recover-20220922,001,1795
739.6315,739.6426,23750,29815,Nyctalus leisleri,0.011,0.026,-1,Echolocation,/mnt/ubna_data_02_mir/recover-20220922/UBNA_001/20220921_090000.WAV,Telephone Field,recover-20220922,001,1795
739.6335,739.6742,68437,82455,Rhinolophus ferrumequinum,0.021,0.021,-1,Echolocation,/mnt/ubna_data_02_mir/recover-20220922/UBNA_001/20220921_090000.WAV,Telephone Field,recover-20220922,001,1795
739.6485,739.6574,26328,35115,Eptesicus serotinus,0.008,0.021,-1,Echolocation,/mnt/ubna_data_02_mir/recover-20220922/UBNA_001/20220921_090000.WAV,Telephone Field,recover-20220922,001,1795
739.6535,739.6973,68437,83111,Rhinolophus ferrumequinum,0.028,0.028,-1,Echolocation,/mnt/ubna_data_02_mir/recover-20220922/UBNA_001/20220921_090000.WAV,Telephone Field,recover-20220922,001,1795
739.6585,739.6677999999999,43515,54462,Pipistrellus pipistrellus,0.014,0.024,-1,Echolocation,/mnt/ubna_data_02_mir/recover-20220922/UBNA_001/20220921_090000.WAV,Telephone Field,recover-20220922,001,1795
739.6655,739.7028,68437,81813,Rhinolophus ferrumequinum,0.021,0.021,-1,Echolocation,/mnt/ubna_data_02_mir/recover-20220922/UBNA_001/20220921_090000.WAV,Telephone Field,recover-20220922,001,1795
739.7235000000001,739.7344,22890,28310,Nyctalus leisleri,0.011,0.022,-1,Echolocation,/mnt/ubna_data_02_mir/recover-20220922/UBNA_001/20220921_090000.WAV,Telephone Field,recover-20220922,001,1795
739.7275,739.7655,68437,82417,Rhinolophus ferrumequinum,0.023,0.023,-1,Echolocation,/mnt/ubna_data_02_mir/recover-20220922/UBNA_001/20220921_090000.WAV,Telephone Field,recover-20220922,001,1795
739.7475,739.7841,68437,81560,Rhinolophus ferrumequinum,0.023,0.023,-1,Echolocation,/mnt/ubna_data_02_mir/recover-20220922/UBNA_001/20220921_090000.WAV,Telephone Field,recover-20220922,001,1795
739.7745,739.8146,68437,82332,Rhinolophus ferrumequinum,0.021,0.021,-1,Echolocation,/mnt/ubna_data_02_mir/recover-20220922/UBNA_001/20220921_090000.WAV,Telephone Field,recover-20220922,001,1795
739.7805,739.8196,68437,82215,Rhinolophus ferrumequinum,0.021,0.021,-1,Echolocation,/mnt/ubna_data_02_mir/recover-20220922/UBNA_001/20220921_090000.WAV,Telephone Field,recover-20220922,001,1795
739.8025,739.815,47812,52161,Pipistrellus pipistrellus,0.039,0.043,-1,Echolocation,/mnt/ubna_data_02_mir/recover-20220922/UBNA_001/20220921_090000.WAV,Telephone Field,recover-20220922,001,1795
739.8305,739.8682,68437,82106,Rhinolophus ferrumequinum,0.021,0.021,-1,Echolocation,/mnt/ubna_data_02_mir/recover-20220922/UBNA_001/20220921_090000.WAV,Telephone Field,recover-20220922,001,1795
739.8695,739.907,68437,81912,Rhinolophus ferrumequinum,0.024,0.024,-1,Echolocation,/mnt/ubna_data_02_mir/recover-20220922/UBNA_001/20220921_090000.WAV,Telephone Field,recover-20220922,001,1795
739.8925,739.9057,17734,23247,Nyctalus noctula,0.036,0.065,-1,Echolocation,/mnt/ubna_data_02_mir/recover-20220922/UBNA_001/20220921_090000.WAV,Telephone Field,recover-20220922,001,1795
739.9235,739.9319,28906,37152,Eptesicus serotinus,0.008,0.024,-1,Echolocation,/mnt/ubna_data_02_mir/recover-20220922/UBNA_001/20220921_090000.WAV,Telephone Field,recover-20220922,001,1795
739.9345,739.9751,68437,82562,Rhinolophus ferrumequinum,0.022,0.022,-1,Echolocation,/mnt/ubna_data_02_mir/recover-20220922/UBNA_001/20220921_090000.WAV,Telephone Field,recover-20220922,001,1795
739.9355,739.9412,34062,42988,Myotis daubentonii,0.022,0.055,-1,Echolocation,/mnt/ubna_data_02_mir/recover-20220922/UBNA_001/20220921_090000.WAV,Telephone Field,recover-20220922,001,1795
739.9415,739.9813,68437,82430,Rhinolophus ferrumequinum,0.023,0.023,-1,Echolocation,/mnt/ubna_data_02_mir/recover-20220922/UBNA_001/20220921_090000.WAV,Telephone Field,recover-20220922,001,1795
739.9475,739.9845,68437,82345,Rhinolophus ferrumequinum,0.027,0.027,-1,Echolocation,/mnt/ubna_data_02_mir/recover-20220922/UBNA_001/20220921_090000.WAV,Telephone Field,recover-20220922,001,1795
740.0015,740.0345,69296,81385,Rhinolophus ferrumequinum,0.062,0.062,-1,Echolocation,/mnt/ubna_data_02_mir/recover-20220922/UBNA_001/20220921_090000.WAV,Telephone Field,recover-20220922,001,1795
740.0015,740.011,22031,28016,Nyctalus leisleri,0.011,0.028,-1,Echolocation,/mnt/ubna_data_02_mir/recover-20220922/UBNA_001/20220921_090000.WAV,Telephone Field,recover-20220922,001,1795
740.0095,740.0502,68437,82518,Rhinolophus ferrumequinum,0.023,0.023,-1,Echolocation,/mnt/ubna_data_02_mir/recover-20220922/UBNA_001/20220921_090000.WAV,Telephone Field,recover-20220922,001,1795
740.0165,740.0251,25468,33780,Eptesicus serotinus,0.009,0.024,-1,Echolocation,/mnt/ubna_data_02_mir/recover-20220922/UBNA_001/20220921_090000.WAV,Telephone Field,recover-20220922,001,1795
740.0185,740.0613,68437,82963,Rhinolophus ferrumequinum,0.026,0.026,-1,Echolocation,/mnt/ubna_data_02_mir/recover-20220922/UBNA_001/20220921_090000.WAV,Telephone Field,recover-20220922,001,1795
740.0595,740.0692,28046,38618,Eptesicus serotinus,0.008,0.022,-1,Echolocation,/mnt/ubna_data_02_mir/recover-20220922/UBNA_001/20220921_090000.WAV,Telephone Field,recover-20220922,001,1795
740.0915,740.1323,68437,82648,Rhinolophus ferrumequinum,0.024,0.024,-1,Echolocation,/mnt/ubna_data_02_mir/recover-20220922/UBNA_001/20220921_090000.WAV,Telephone Field,recover-20220922,001,1795
740.1375,740.1817,68437,82849,Rhinolophus ferrumequinum,0.049,0.049,-1,Echolocation,/mnt/ubna_data_02_mir/recover-20220922/UBNA_001/20220921_090000.WAV,Telephone Field,recover-20220922,001,1795
740.1775,740.2161,68437,82415,Rhinolophus ferrumequinum,0.025,0.025,-1,Echolocation,/mnt/ubna_data_02_mir/recover-20220922/UBNA_001/20220921_090000.WAV,Telephone Field,recover-20220922,001,1795
740.1795,740.1883,23750,32074,Plecotus austriacus,0.012,0.032,-1,Echolocation,/mnt/ubna_data_02_mir/recover-20220922/UBNA_001/20220921_090000.WAV,Telephone Field,recover-20220922,001,1795
740.2295,740.2693,68437,82336,Rhinolophus ferrumequinum,0.023,0.023,-1,Echolocation,/mnt/ubna_data_02_mir/recover-20220922/UBNA_001/20220921_090000.WAV,Telephone Field,recover-20220922,001,1795
740.2645,740.303,68437,81866,Rhinolophus ferrumequinum,0.023,0.023,-1,Echolocation,/mnt/ubna_data_02_mir/recover-20220922/UBNA_001/20220921_090000.WAV,Telephone Field,recover-20220922,001,1795
740.2835,740.3234,68437,82851,Rhinolophus ferrumequinum,0.024,0.024,-1,Echolocation,/mnt/ubna_data_02_mir/recover-20220922/UBNA_001/20220921_090000.WAV,Telephone Field,recover-20220922,001,1795
740.3055,740.3364,68437,81161,Rhinolophus ferrumequinum,0.029,0.029,-1,Echolocation,/mnt/ubna_data_02_mir/recover-20220922/UBNA_001/20220921_090000.WAV,Telephone Field,recover-20220922,001,1795
740.3355,740.3704,68437,81314,Rhinolophus ferrumequinum,0.022,0.022,-1,Echolocation,/mnt/ubna_data_02_mir/recover-20220922/UBNA_001/20220921_090000.WAV,Telephone Field,recover-20220922,001,1795
740.3595,740.3674,46093,54115,Pipistrellus pipistrellus,0.015,0.024,-1,Echolocation,/mnt/ubna_data_02_mir/recover-20220922/UBNA_001/20220921_090000.WAV,Telephone Field,recover-20220922,001,1795
740.3635,740.4068,68437,83492,Rhinolophus ferrumequinum,0.033,0.033,-1,Echolocation,/mnt/ubna_data_02_mir/recover-20220922/UBNA_001/20220921_090000.WAV,Telephone Field,recover-20220922,001,1795
740.3635,740.3724,27187,38471,Eptesicus serotinus,0.009,0.024,-1,Echolocation,/mnt/ubna_data_02_mir/recover-20220922/UBNA_001/20220921_090000.WAV,Telephone Field,recover-20220922,001,1795
740.4265,740.4375,25468,33804,Eptesicus serotinus,0.013,0.025,-1,Echolocation,/mnt/ubna_data_02_mir/recover-20220922/UBNA_001/20220921_090000.WAV,Telephone Field,recover-20220922,001,1795
740.4295,740.469,68437,82767,Rhinolophus ferrumequinum,0.023,0.023,-1,Echolocation,/mnt/ubna_data_02_mir/recover-20220922/UBNA_001/20220921_090000.WAV,Telephone Field,recover-20220922,001,1795
740.4355,740.4437,27187,35884,Eptesicus serotinus,0.014,0.031,-1,Echolocation,/mnt/ubna_data_02_mir/recover-20220922/UBNA_001/20220921_090000.WAV,Telephone Field,recover-20220922,001,1795
740.4425,740.4851,68437,83170,Rhinolophus ferrumequinum,0.028,0.028,-1,Echolocation,/mnt/ubna_data_02_mir/recover-20220922/UBNA_001/20220921_090000.WAV,Telephone Field,recover-20220922,001,1795
740.4765,740.4889000000001,32343,36969,Eptesicus serotinus,0.01,0.035,-1,Echolocation,/mnt/ubna_data_02_mir/recover-20220922/UBNA_001/20220921_090000.WAV,Telephone Field,recover-20220922,001,1795
740.4825,740.5213,68437,81913,Rhinolophus ferrumequinum,0.023,0.023,-1,Echolocation,/mnt/ubna_data_02_mir/recover-20220922/UBNA_001/20220921_090000.WAV,Telephone Field,recover-20220922,001,1795
740.4895,740.5025,22031,25699,Nyctalus leisleri,0.014,0.023,-1,Echolocation,/mnt/ubna_data_02_mir/recover-20220922/UBNA_001/20220921_090000.WAV,Telephone Field,recover-20220922,001,1795
740.4995,740.5208,19453,22327,Nyctalus leisleri,0.013,0.024,-1,Echolocation,/mnt/ubna_data_02_mir/recover-20220922/UBNA_001/20220921_090000.WAV,Telephone Field,recover-20220922,001,1795
740.5095,740.5201,22031,26909,Nyctalus leisleri,0.011,0.023,-1,Echolocation,/mnt/ubna_data_02_mir/recover-20220922/UBNA_001/20220921_090000.WAV,Telephone Field,recover-20220922,001,1795
740.5325,740.5415,27187,37916,Eptesicus serotinus,0.01,0.025,-1,Echolocation,/mnt/ubna_data_02_mir/recover-20220922/UBNA_001/20220921_090000.WAV,Telephone Field,recover-20220922,001,1795
740.5665,740.575,28046,37703,Eptesicus serotinus,0.009,0.025,-1,Echolocation,/mnt/ubna_data_02_mir/recover-20220922/UBNA_001/20220921_090000.WAV,Telephone Field,recover-20220922,001,1795
740.5775,740.6166,68437,83059,Rhinolophus ferrumequinum,0.023,0.023,-1,Echolocation,/mnt/ubna_data_02_mir/recover-20220922/UBNA_001/20220921_090000.WAV,Telephone Field,recover-20220922,001,1795
740.6075,740.646,68437,82039,Rhinolophus ferrumequinum,0.025,0.025,-1,Echolocation,/mnt/ubna_data_02_mir/recover-20220922/UBNA_001/20220921_090000.WAV,Telephone Field,recover-20220922,001,1795
740.6565,740.6965,68437,82440,Rhinolophus ferrumequinum,0.023,0.023,-1,Echolocation,/mnt/ubna_data_02_mir/recover-20220922/UBNA_001/20220921_090000.WAV,Telephone Field,recover-20220922,001,1795
740.6855,740.695,28906,37130,Eptesicus serotinus,0.009,0.023,-1,Echolocation,/mnt/ubna_data_02_mir/recover-20220922/UBNA_001/20220921_090000.WAV,Telephone Field,recover-20220922,001,1795
740.7075,740.7468,68437,82639,Rhinolophus ferrumequinum,0.024,0.024,-1,Echolocation,/mnt/ubna_data_02_mir/recover-20220922/UBNA_001/20220921_090000.WAV,Telephone Field,recover-20220922,001,1795
740.7155,740.7535,68437,82695,Rhinolophus ferrumequinum,0.03,0.03,-1,Echolocation,/mnt/ubna_data_02_mir/recover-20220922/UBNA_001/20220921_090000.WAV,Telephone Field,recover-20220922,001,1795
740.7785,740.8208,68437,82384,Rhinolophus ferrumequinum,0.033,0.033,-1,Echolocation,/mnt/ubna_data_02_mir/recover-20220922/UBNA_001/20220921_090000.WAV,Telephone Field,recover-20220922,001,1795
740.8355,740.8753,68437,82804,Rhinolophus ferrumequinum,0.035,0.036,-1,Echolocation,/mnt/ubna_data_02_mir/recover-20220922/UBNA_001/20220921_090000.WAV,Telephone Field,recover-20220922,001,1795
740.8385,740.8495,22890,27369,Nyctalus leisleri,0.013,0.024,-1,Echolocation,/mnt/ubna_data_02_mir/recover-20220922/UBNA_001/20220921_090000.WAV,Telephone Field,recover-20220922,001,1795
740.8545,740.8637,28046,36831,Eptesicus serotinus,0.009,0.025,-1,Echolocation,/mnt/ubna_data_02_mir/recover-20220922/UBNA_001/20220921_090000.WAV,Telephone Field,recover-20220922,001,1795
740.8555,740.8951,68437,82811,Rhinolophus ferrumequinum,0.026,0.026,-1,Echolocation,/mnt/ubna_data_02_mir/recover-20220922/UBNA_001/20220921_090000.WAV,Telephone Field,recover-20220922,001,1795
740.8765,740.9187,68437,82822,Rhinolophus ferrumequinum,0.027,0.027,-1,Echolocation,/mnt/ubna_data_02_mir/recover-20220922/UBNA_001/20220921_090000.WAV,Telephone Field,recover-20220922,001,1795
740.9275,740.9614,68437,81144,Rhinolophus ferrumequinum,0.024,0.024,-1,Echolocation,/mnt/ubna_data_02_mir/recover-20220922/UBNA_001/20220921_090000.WAV,Telephone Field,recover-20220922,001,1795
740.9365,740.9701,68437,81339,Rhinolophus ferrumequinum,0.022,0.022,-1,Echolocation,/mnt/ubna_data_02_mir/recover-20220922/UBNA_001/20220921_090000.WAV,Telephone Field,recover-20220922,001,1795
740.9515,740.9928,68437,82773,Rhinolophus ferrumequinum,0.029,0.029,-1,Echolocation,/mnt/ubna_data_02_mir/recover-20220922/UBNA_001/20220921_090000.WAV,Telephone Field,recover-20220922,001,1795
740.9755,741.0117,68437,81906,Rhinolophus ferrumequinum,0.022,0.022,-1,Echolocation,/mnt/ubna_data_02_mir/recover-20220922/UBNA_001/20220921_090000.WAV,Telephone Field,recover-20220922,001,1795
741.0155,741.0581999999999,68437,82947,Rhinolophus ferrumequinum,0.031,0.031,-1,Echolocation,/mnt/ubna_data_02_mir/recover-20220922/UBNA_001/20220921_090000.WAV,Telephone Field,recover-20220922,001,1795
741.0285,741.0389,22031,27261,Nyctalus leisleri,0.01,0.022,-1,Echolocation,/mnt/ubna_data_02_mir/recover-20220922/UBNA_001/20220921_090000.WAV,Telephone Field,recover-20220922,001,1795
741.0355,741.0755,68437,82202,Rhinolophus ferrumequinum,0.024,0.024,-1,Echolocation,/mnt/ubna_data_02_mir/recover-20220922/UBNA_001/20220921_090000.WAV,Telephone Field,recover-20220922,001,1795
741.0445,741.0552,22890,27302,Nyctalus leisleri,0.012,0.023,-1,Echolocation,/mnt/ubna_data_02_mir/recover-20220922/UBNA_001/20220921_090000.WAV,Telephone Field,recover-20220922,001,1795
741.0605,741.0746,22031,26525,Nyctalus leisleri,0.017,0.032,-1,Echolocation,/mnt/ubna_data_02_mir/recover-20220922/UBNA_001/20220921_090000.WAV,Telephone Field,recover-20220922,001,1795
741.0615,741.1001,68437,81927,Rhinolophus ferrumequinum,0.022,0.022,-1,Echolocation,/mnt/ubna_data_02_mir/recover-20220922/UBNA_001/20220921_090000.WAV,Telephone Field,recover-20220922,001,1795
741.0705,741.1097,68437,82468,Rhinolophus ferrumequinum,0.023,0.023,-1,Echolocation,/mnt/ubna_data_02_mir/recover-20220922/UBNA_001/20220921_090000.WAV,Telephone Field,recover-20220922,001,1795
741.0855,741.1246,68437,82541,Rhinolophus ferrumequinum,0.025,0.025,-1,Echolocation,/mnt/ubna_data_02_mir/recover-20220922/UBNA_001/20220921_090000.WAV,Telephone Field,recover-20220922,001,1795
741.1315,741.1409,24609,31978,Eptesicus serotinus,0.007,0.022,-1,Echolocation,/mnt/ubna_data_02_mir/recover-20220922/UBNA_001/20220921_090000.WAV,Telephone Field,recover-20220922,001,1795
741.1495,741.185,68437,82009,Rhinolophus ferrumequinum,0.024,0.025,-1,Echolocation,/mnt/ubna_data_02_mir/recover-20220922/UBNA_001/20220921_090000.WAV,Telephone Field,recover-20220922,001,1795
741.1605,741.1981,68437,81951,Rhinolophus ferrumequinum,0.022,0.022,-1,Echolocation,/mnt/ubna_data_02_mir/recover-20220922/UBNA_001/20220921_090000.WAV,Telephone Field,recover-20220922,001,1795
741.1765,741.2153,68437,82209,Rhinolophus ferrumequinum,0.025,0.025,-1,Echolocation,/mnt/ubna_data_02_mir/recover-20220922/UBNA_001/20220921_090000.WAV,Telephone Field,recover-20220922,001,1795
741.2315,741.2399,28906,39175,Eptesicus serotinus,0.007,0.022,-1,Echolocation,/mnt/ubna_data_02_mir/recover-20220922/UBNA_001/20220921_090000.WAV,Telephone Field,recover-20220922,001,1795
741.2445,741.2549,24609,30628,Nyctalus leisleri,0.009,0.023,-1,Echolocation,/mnt/ubna_data_02_mir/recover-20220922/UBNA_001/20220921_090000.WAV,Telephone Field,recover-20220922,001,1795
741.2535,741.2943,68437,82320,Rhinolophus ferrumequinum,0.034,0.034,-1,Echolocation,/mnt/ubna_data_02_mir/recover-20220922/UBNA_001/20220921_090000.WAV,Telephone Field,recover-20220922,001,1795
741.2705,741.3074,68437,82278,Rhinolophus ferrumequinum,0.023,0.023,-1,Echolocation,/mnt/ubna_data_02_mir/recover-20220922/UBNA_001/20220921_090000.WAV,Telephone Field,recover-20220922,001,1795
741.2815,741.3196,68437,82424,Rhinolophus ferrumequinum,0.025,0.025,-1,Echolocation,/mnt/ubna_data_02_mir/recover-20220922/UBNA_001/20220921_090000.WAV,Telephone Field,recover-20220922,001,1795
741.2975,741.3335,68437,80990,Rhinolophus ferrumequinum,0.026,0.026,-1,Echolocation,/mnt/ubna_data_02_mir/recover-20220922/UBNA_001/20220921_090000.WAV,Telephone Field,recover-20220922,001,1795
741.3305,741.3706999999999,68437,82019,Rhinolophus ferrumequinum,0.024,0.024,-1,Echolocation,/mnt/ubna_data_02_mir/recover-20220922/UBNA_001/20220921_090000.WAV,Telephone Field,recover-20220922,001,1795
741.3645,741.4041,68437,82197,Rhinolophus ferrumequinum,0.03,0.03,-1,Echolocation,/mnt/ubna_data_02_mir/recover-20220922/UBNA_001/20220921_090000.WAV,Telephone Field,recover-20220922,001,1795
741.3965,741.4067,24609,31676,Eptesicus serotinus,0.009,0.023,-1,Echolocation,/mnt/ubna_data_02_mir/recover-20220922/UBNA_001/20220921_090000.WAV,Telephone Field,recover-20220922,001,1795
741.4115,741.4493,68437,82076,Rhinolophus ferrumequinum,0.022,0.022,-1,Echolocation,/mnt/ubna_data_02_mir/recover-20220922/UBNA_001/20220921_090000.WAV,Telephone Field,recover-20220922,001,1795
741.4535,741.4923,68437,82540,Rhinolophus ferrumequinum,0.024,0.024,-1,Echolocation,/mnt/ubna_data_02_mir/recover-20220922/UBNA_001/20220921_090000.WAV,Telephone Field,recover-20220922,001,1795
741.4735000000001,741.5132,68437,82562,Rhinolophus ferrumequinum,0.026,0.026,-1,Echolocation,/mnt/ubna_data_02_mir/recover-20220922/UBNA_001/20220921_090000.WAV,Telephone Field,recover-20220922,001,1795
741.5055,741.5421,68437,81196,Rhinolophus ferrumequinum,0.026,0.026,-1,Echolocation,/mnt/ubna_data_02_mir/recover-20220922/UBNA_001/20220921_090000.WAV,Telephone Field,recover-20220922,001,1795
741.5205,741.5605,68437,82525,Rhinolophus ferrumequinum,0.032,0.032,-1,Echolocation,/mnt/ubna_data_02_mir/recover-20220922/UBNA_001/20220921_090000.WAV,Telephone Field,recover-20220922,001,1795
741.5264999999999,741.5393,23750,28951,Nyctalus leisleri,0.012,0.026,-1,Echolocation,/mnt/ubna_data_02_mir/recover-20220922/UBNA_001/20220921_090000.WAV,Telephone Field,recover-20220922,001,1795
741.5345,741.5438,28046,36093,Eptesicus serotinus,0.009,0.025,-1,Echolocation,/mnt/ubna_data_02_mir/recover-20220922/UBNA_001/20220921_090000.WAV,Telephone Field,recover-20220922,001,1795
741.5445,741.5529,51250,56654,Pipistrellus pipistrellus,0.018,0.023,-1,Echolocation,/mnt/ubna_data_02_mir/recover-20220922/UBNA_001/20220921_090000.WAV,Telephone Field,recover-20220922,001,1795
741.5645,741.6016,68437,81233,Rhinolophus ferrumequinum,0.025,0.025,-1,Echolocation,/mnt/ubna_data_02_mir/recover-20220922/UBNA_001/20220921_090000.WAV,Telephone Field,recover-20220922,001,1795
741.5715,741.5873,23750,28702,Nyctalus leisleri,0.016,0.031,-1,Echolocation,/mnt/ubna_data_02_mir/recover-20220922/UBNA_001/20220921_090000.WAV,Telephone Field,recover-20220922,001,1795
741.6145,741.6243,26328,34866,Eptesicus serotinus,0.012,0.026,-1,Echolocation,/mnt/ubna_data_02_mir/recover-20220922/UBNA_001/20220921_090000.WAV,Telephone Field,recover-20220922,001,1795
741.6225,741.631,55546,61427,Pipistrellus pygmaeus,0.022,0.023,-1,Echolocation,/mnt/ubna_data_02_mir/recover-20220922/UBNA_001/20220921_090000.WAV,Telephone Field,recover-20220922,001,1795
741.6615,741.7043,68437,82990,Rhinolophus ferrumequinum,0.031,0.031,-1,Echolocation,/mnt/ubna_data_02_mir/recover-20220922/UBNA_001/20220921_090000.WAV,Telephone Field,recover-20220922,001,1795
741.6625,741.6723,14296,19662,Nyctalus noctula,0.013,0.029,-1,Echolocation,/mnt/ubna_data_02_mir/recover-20220922/UBNA_001/20220921_090000.WAV,Telephone Field,recover-20220922,001,1795
741.6845,741.6923,26328,36046,Eptesicus serotinus,0.008,0.022,-1,Echolocation,/mnt/ubna_data_02_mir/recover-20220922/UBNA_001/20220921_090000.WAV,Telephone Field,recover-20220922,001,1795
741.7065,741.7168,22890,28127,Nyctalus leisleri,0.014,0.036,-1,Echolocation,/mnt/ubna_data_02_mir/recover-20220922/UBNA_001/20220921_090000.WAV,Telephone Field,recover-20220922,001,1795
741.7175,741.7514,68437,81010,Rhinolophus ferrumequinum,0.022,0.023,-1,Echolocation,/mnt/ubna_data_02_mir/recover-20220922/UBNA_001/20220921_090000.WAV,Telephone Field,recover-20220922,001,1795
741.7415,741.749,28046,38114,Eptesicus serotinus,0.007,0.022,-1,Echolocation,/mnt/ubna_data_02_mir/recover-20220922/UBNA_001/20220921_090000.WAV,Telephone Field,recover-20220922,001,1795
741.7775,741.787,28906,37380,Eptesicus serotinus,0.009,0.022,-1,Echolocation,/mnt/ubna_data_02_mir/recover-20220922/UBNA_001/20220921_090000.WAV,Telephone Field,recover-20220922,001,1795
741.7855,741.8238,68437,81736,Rhinolophus ferrumequinum,0.022,0.022,-1,Echolocation,/mnt/ubna_data_02_mir/recover-20220922/UBNA_001/20220921_090000.WAV,Telephone Field,recover-20220922,001,1795
741.7955,741.8363,68437,82539,Rhinolophus ferrumequinum,0.029,0.029,-1,Echolocation,/mnt/ubna_data_02_mir/recover-20220922/UBNA_001/20220921_090000.WAV,Telephone Field,recover-20220922,001,1795
741.8005,741.8083,25468,34447,Eptesicus serotinus,0.007,0.023,-1,Echolocation,/mnt/ubna_data_02_mir/recover-20220922/UBNA_001/20220921_090000.WAV,Telephone Field,recover-20220922,001,1795
741.8055,741.8476,68437,83117,Rhinolophus ferrumequinum,0.028,0.028,-1,Echolocation,/mnt/ubna_data_02_mir/recover-20220922/UBNA_001/20220921_090000.WAV,Telephone Field,recover-20220922,001,1795
741.8185,741.8266,28046,38626,Eptesicus serotinus,0.008,0.023,-1,Echolocation,/mnt/ubna_data_02_mir/recover-20220922/UBNA_001/20220921_090000.WAV,Telephone Field,recover-20220922,001,1795
741.8405,741.8524,26328,32699,Eptesicus serotinus,0.012,0.025,-1,Echolocation,/mnt/ubna_data_02_mir/recover-20220922/UBNA_001/20220921_090000.WAV,Telephone Field,recover-20220922,001,1795
741.8555,741.8915,68437,81631,Rhinolophus ferrumequinum,0.023,0.023,-1,Echolocation,/mnt/ubna_data_02_mir/recover-20220922/UBNA_001/20220921_090000.WAV,Telephone Field,recover-20220922,001,1795
741.8695,741.885,22031,25828,Nyctalus leisleri,0.015,0.027,-1,Echolocation,/mnt/ubna_data_02_mir/recover-20220922/UBNA_001/20220921_090000.WAV,Telephone Field,recover-20220922,001,1795
741.8705,741.9082,68437,81242,Rhinolophus ferrumequinum,0.026,0.027,-1,Echolocation,/mnt/ubna_data_02_mir/recover-20220922/UBNA_001/20220921_090000.WAV,Telephone Field,recover-20220922,001,1795
741.8745,741.8953,19453,22346,Nyctalus leisleri,0.013,0.028,-1,Echolocation,/mnt/ubna_data_02_mir/recover-20220922/UBNA_001/20220921_090000.WAV,Telephone Field,recover-20220922,001,1795
741.8765,741.9145,68437,81659,Rhinolophus ferrumequinum,0.023,0.023,-1,Echolocation,/mnt/ubna_data_02_mir/recover-20220922/UBNA_001/20220921_090000.WAV,Telephone Field,recover-20220922,001,1795
741.8805,741.8874,25468,38591,Eptesicus serotinus,0.005,0.024,-1,Echolocation,/mnt/ubna_data_02_mir/recover-20220922/UBNA_001/20220921_090000.WAV,Telephone Field,recover-20220922,001,1795
741.9125,741.9317,22031,26320,Nyctalus noctula,0.138,0.264,-1,Echolocation,/mnt/ubna_data_02_mir/recover-20220922/UBNA_001/20220921_090000.WAV,Telephone Field,recover-20220922,001,1795
741.9355,741.9773,68437,82823,Rhinolophus ferrumequinum,0.031,0.031,-1,Echolocation,/mnt/ubna_data_02_mir/recover-20220922/UBNA_001/20220921_090000.WAV,Telephone Field,recover-20220922,001,1795
741.9395,741.9482,50390,60444,Pipistrellus pipistrellus,0.018,0.024,-1,Echolocation,/mnt/ubna_data_02_mir/recover-20220922/UBNA_001/20220921_090000.WAV,Telephone Field,recover-20220922,001,1795
741.9685,741.9785,28046,38157,Eptesicus serotinus,0.011,0.025,-1,Echolocation,/mnt/ubna_data_02_mir/recover-20220922/UBNA_001/20220921_090000.WAV,Telephone Field,recover-20220922,001,1795
741.9845,741.9954,22890,28742,Nyctalus leisleri,0.01,0.023,-1,Echolocation,/mnt/ubna_data_02_mir/recover-20220922/UBNA_001/20220921_090000.WAV,Telephone Field,recover-20220922,001,1795
742.0015,742.0378,68437,80229,Rhinolophus ferrumequinum,0.06,0.06,-1,Echolocation,/mnt/ubna_data_02_mir/recover-20220922/UBNA_001/20220921_090000.WAV,Telephone Field,recover-20220922,001,1795
742.0015,742.0125,23750,29875,Nyctalus leisleri,0.015,0.033,-1,Echolocation,/mnt/ubna_data_02_mir/recover-20220922/UBNA_001/20220921_090000.WAV,Telephone Field,recover-20220922,001,1795
742.0015,742.0101,46953,51900,Pipistrellus pipistrellus,0.015,0.023,-1,Echolocation,/mnt/ubna_data_02_mir/recover-20220922/UBNA_001/20220921_090000.WAV,Telephone Field,recover-20220922,001,1795
742.0075,742.0511,68437,83166,Rhinolophus ferrumequinum,0.027,0.027,-1,Echolocation,/mnt/ubna_data_02_mir/recover-20220922/UBNA_001/20220921_090000.WAV,Telephone Field,recover-20220922,001,1795
742.0465,742.0853,68437,82001,Rhinolophus ferrumequinum,0.021,0.021,-1,Echolocation,/mnt/ubna_data_02_mir/recover-20220922/UBNA_001/20220921_090000.WAV,Telephone Field,recover-20220922,001,1795
742.0815,742.1241,68437,82996,Rhinolophus ferrumequinum,0.026,0.026,-1,Echolocation,/mnt/ubna_data_02_mir/recover-20220922/UBNA_001/20220921_090000.WAV,Telephone Field,recover-20220922,001,1795
742.0895,742.0974,28046,38044,Eptesicus serotinus,0.007,0.022,-1,Echolocation,/mnt/ubna_data_02_mir/recover-20220922/UBNA_001/20220921_090000.WAV,Telephone Field,recover-20220922,001,1795
742.1555,742.1947,68437,82551,Rhinolophus ferrumequinum,0.022,0.022,-1,Echolocation,/mnt/ubna_data_02_mir/recover-20220922/UBNA_001/20220921_090000.WAV,Telephone Field,recover-20220922,001,1795
742.1745,742.1831999999999,24609,32076,Eptesicus serotinus,0.007,0.021,-1,Echolocation,/mnt/ubna_data_02_mir/recover-20220922/UBNA_001/20220921_090000.WAV,Telephone Field,recover-20220922,001,1795
742.2595,742.268,27187,35673,Eptesicus serotinus,0.008,0.023,-1,Echolocation,/mnt/ubna_data_02_mir/recover-20220922/UBNA_001/20220921_090000.WAV,Telephone Field,recover-20220922,001,1795
742.2715,742.3131,68437,82573,Rhinolophus ferrumequinum,0.023,0.023,-1,Echolocation,/mnt/ubna_data_02_mir/recover-20220922/UBNA_001/20220921_090000.WAV,Telephone Field,recover-20220922,001,1795
742.2825,742.32,68437,81885,Rhinolophus ferrumequinum,0.022,0.022,-1,Echolocation,/mnt/ubna_data_02_mir/recover-20220922/UBNA_001/20220921_090000.WAV,Telephone Field,recover-20220922,001,1795
742.2835,742.2955,28046,34646,Eptesicus serotinus,0.013,0.024,-1,Echolocation,/mnt/ubna_data_02_mir/recover-20220922/UBNA_001/20220921_090000.WAV,Telephone Field,recover-20220922,001,1795
742.3155,742.3554,68437,82605,Rhinolophus ferrumequinum,0.031,0.031,-1,Echolocation,/mnt/ubna_data_02_mir/recover-20220922/UBNA_001/20220921_090000.WAV,Telephone Field,recover-20220922,001,1795
742.3225,742.3624,68437,82378,Rhinolophus ferrumequinum,0.023,0.023,-1,Echolocation,/mnt/ubna_data_02_mir/recover-20220922/UBNA_001/20220921_090000.WAV,Telephone Field,recover-20220922,001,1795
742.3315,742.3704,68437,82326,Rhinolophus ferrumequinum,0.023,0.023,-1,Echolocation,/mnt/ubna_data_02_mir/recover-20220922/UBNA_001/20220921_090000.WAV,Telephone Field,recover-20220922,001,1795
742.3435,742.3511,24609,33506,Plecotus austriacus,0.014,0.034,-1,Echolocation,/mnt/ubna_data_02_mir/recover-20220922/UBNA_001/20220921_090000.WAV,Telephone Field,recover-20220922,001,1795
742.3955,742.4326,68437,82074,Rhinolophus ferrumequinum,0.03,0.03,-1,Echolocation,/mnt/ubna_data_02_mir/recover-20220922/UBNA_001/20220921_090000.WAV,Telephone Field,recover-20220922,001,1795
742.4205,742.4618,68437,82708,Rhinolophus ferrumequinum,0.026,0.026,-1,Echolocation,/mnt/ubna_data_02_mir/recover-20220922/UBNA_001/20220921_090000.WAV,Telephone Field,recover-20220922,001,1795
742.4725,742.5177,68437,83733,Rhinolophus ferrumequinum,0.047,0.047,-1,Echolocation,/mnt/ubna_data_02_mir/recover-20220922/UBNA_001/20220921_090000.WAV,Telephone Field,recover-20220922,001,1795
742.5035,742.5417,68437,81151,Rhinolophus ferrumequinum,0.031,0.031,-1,Echolocation,/mnt/ubna_data_02_mir/recover-20220922/UBNA_001/20220921_090000.WAV,Telephone Field,recover-20220922,001,1795
742.5085,742.5189,24609,31018,Eptesicus serotinus,0.008,0.023,-1,Echolocation,/mnt/ubna_data_02_mir/recover-20220922/UBNA_001/20220921_090000.WAV,Telephone Field,recover-20220922,001,1795
742.5245,742.5615,68437,82049,Rhinolophus ferrumequinum,0.021,0.021,-1,Echolocation,/mnt/ubna_data_02_mir/recover-20220922/UBNA_001/20220921_090000.WAV,Telephone Field,recover-20220922,001,1795
742.5385,742.5783,68437,82759,Rhinolophus ferrumequinum,0.028,0.028,-1,Echolocation,/mnt/ubna_data_02_mir/recover-20220922/UBNA_001/20220921_090000.WAV,Telephone Field,recover-20220922,001,1795
742.5625,742.5709,22890,30343,Plecotus austriacus,0.008,0.021,-1,Echolocation,/mnt/ubna_data_02_mir/recover-20220922/UBNA_001/20220921_090000.WAV,Telephone Field,recover-20220922,001,1795
742.5915,742.6309,68437,82922,Rhinolophus ferrumequinum,0.036,0.036,-1,Echolocation,/mnt/ubna_data_02_mir/recover-20220922/UBNA_001/20220921_090000.WAV,Telephone Field,recover-20220922,001,1795
742.6095,742.6168,51250,56136,Pipistrellus pipistrellus,0.021,0.025,-1,Echolocation,/mnt/ubna_data_02_mir/recover-20220922/UBNA_001/20220921_090000.WAV,Telephone Field,recover-20220922,001,1795
742.6185,742.6566,68437,81313,Rhinolophus ferrumequinum,0.026,0.026,-1,Echolocation,/mnt/ubna_data_02_mir/recover-20220922/UBNA_001/20220921_090000.WAV,Telephone Field,recover-20220922,001,1795
742.6305,742.6385,27187,37864,Eptesicus serotinus,0.007,0.021,-1,Echolocation,/mnt/ubna_data_02_mir/recover-20220922/UBNA_001/20220921_090000.WAV,Telephone Field,recover-20220922,001,1795
742.6445,742.6852,68437,81911,Rhinolophus ferrumequinum,0.022,0.022,-1,Echolocation,/mnt/ubna_data_02_mir/recover-20220922/UBNA_001/20220921_090000.WAV,Telephone Field,recover-20220922,001,1795
742.6565,742.6985,68437,82585,Rhinolophus ferrumequinum,0.024,0.024,-1,Echolocation,/mnt/ubna_data_02_mir/recover-20220922/UBNA_001/20220921_090000.WAV,Telephone Field,recover-20220922,001,1795
742.7265,742.7337,27187,37283,Eptesicus serotinus,0.009,0.025,-1,Echolocation,/mnt/ubna_data_02_mir/recover-20220922/UBNA_001/20220921_090000.WAV,Telephone Field,recover-20220922,001,1795
742.7285,742.765,68437,81093,Rhinolophus ferrumequinum,0.023,0.023,-1,Echolocation,/mnt/ubna_data_02_mir/recover-20220922/UBNA_001/20220921_090000.WAV,Telephone Field,recover-20220922,001,1795
742.7475,742.7864,68437,82493,Rhinolophus ferrumequinum,0.025,0.025,-1,Echolocation,/mnt/ubna_data_02_mir/recover-20220922/UBNA_001/20220921_090000.WAV,Telephone Field,recover-20220922,001,1795
742.7545,742.7935,68437,82554,Rhinolophus ferrumequinum,0.022,0.022,-1,Echolocation,/mnt/ubna_data_02_mir/recover-20220922/UBNA_001/20220921_090000.WAV,Telephone Field,recover-20220922,001,1795
742.8145,742.8559,68437,82932,Rhinolophus ferrumequinum,0.025,0.025,-1,Echolocation,/mnt/ubna_data_02_mir/recover-20220922/UBNA_001/20220921_090000.WAV,Telephone Field,recover-20220922,001,1795
742.8275,742.8348,28906,39716,Eptesicus serotinus,0.008,0.026,-1,Echolocation,/mnt/ubna_data_02_mir/recover-20220922/UBNA_001/20220921_090000.WAV,Telephone Field,recover-20220922,001,1795
742.8485000000001,742.8688,18593,21894,Nyctalus noctula,0.013,0.025,-1,Echolocation,/mnt/ubna_data_02_mir/recover-20220922/UBNA_001/20220921_090000.WAV,Telephone Field,recover-20220922,001,1795
742.8525,742.8925,68437,82881,Rhinolophus ferrumequinum,0.038,0.038,-1,Echolocation,/mnt/ubna_data_02_mir/recover-20220922/UBNA_001/20220921_090000.WAV,Telephone Field,recover-20220922,001,1795
742.8635,742.9044,68437,82616,Rhinolophus ferrumequinum,0.023,0.023,-1,Echolocation,/mnt/ubna_data_02_mir/recover-20220922/UBNA_001/20220921_090000.WAV,Telephone Field,recover-20220922,001,1795
742.8825,742.8941,24609,30537,Nyctalus leisleri,0.01,0.027,-1,Echolocation,/mnt/ubna_data_02_mir/recover-20220922/UBNA_001/20220921_090000.WAV,Telephone Field,recover-20220922,001,1795
742.9695,743.0082,68437,82265,Rhinolophus ferrumequinum,0.024,0.024,-1,Echolocation,/mnt/ubna_data_02_mir/recover-20220922/UBNA_001/20220921_090000.WAV,Telephone Field,recover-20220922,001,1795
742.9935,743.0037,28906,36620,Eptesicus serotinus,0.011,0.027,-1,Echolocation,/mnt/ubna_data_02_mir/recover-20220922/UBNA_001/20220921_090000.WAV,Telephone Field,recover-20220922,001,1795
743.0175,743.0277,45234,49090,Pipistrellus pipistrellus,0.024,0.027,-1,Echolocation,/mnt/ubna_data_02_mir/recover-20220922/UBNA_001/20220921_090000.WAV,Telephone Field,recover-20220922,001,1795
743.0185,743.0548,68437,81109,Rhinolophus ferrumequinum,0.021,0.021,-1,Echolocation,/mnt/ubna_data_02_mir/recover-20220922/UBNA_001/20220921_090000.WAV,Telephone Field,recover-20220922,001,1795
743.0365,743.0759,68437,81992,Rhinolophus ferrumequinum,0.021,0.021,-1,Echolocation,/mnt/ubna_data_02_mir/recover-20220922/UBNA_001/20220921_090000.WAV,Telephone Field,recover-20220922,001,1795
743.0735,743.0834,24609,32247,Eptesicus serotinus,0.008,0.022,-1,Echolocation,/mnt/ubna_data_02_mir/recover-20220922/UBNA_001/20220921_090000.WAV,Telephone Field,recover-20220922,001,1795
743.1085,743.1475,68437,81722,Rhinolophus ferrumequinum,0.023,0.023,-1,Echolocation,/mnt/ubna_data_02_mir/recover-20220922/UBNA_001/20220921_090000.WAV,Telephone Field,recover-20220922,001,1795
743.1475,743.1849,68437,81618,Rhinolophus ferrumequinum,0.028,0.028,-1,Echolocation,/mnt/ubna_data_02_mir/recover-20220922/UBNA_001/20220921_090000.WAV,Telephone Field,recover-20220922,001,1795
743.1555,743.1657,28906,36870,Eptesicus serotinus,0.011,0.025,-1,Echolocation,/mnt/ubna_data_02_mir/recover-20220922/UBNA_001/20220921_090000.WAV,Telephone Field,recover-20220922,001,1795
743.1815,743.2217,68437,82076,Rhinolophus ferrumequinum,0.033,0.033,-1,Echolocation,/mnt/ubna_data_02_mir/recover-20220922/UBNA_001/20220921_090000.WAV,Telephone Field,recover-20220922,001,1795
743.2115,743.2258,26328,30686,Nyctalus leisleri,0.026,0.056,-1,Echolocation,/mnt/ubna_data_02_mir/recover-20220922/UBNA_001/20220921_090000.WAV,Telephone Field,recover-20220922,001,1795
743.2425,743.252,28046,38499,Eptesicus serotinus,0.013,0.031,-1,Echolocation,/mnt/ubna_data_02_mir/recover-20220922/UBNA_001/20220921_090000.WAV,Telephone Field,recover-20220922,001,1795
743.2555,743.2957,68437,82741,Rhinolophus ferrumequinum,0.022,0.022,-1,Echolocation,/mnt/ubna_data_02_mir/recover-20220922/UBNA_001/20220921_090000.WAV,Telephone Field,recover-20220922,001,1795
743.2905,743.3295,68437,81655,Rhinolophus ferrumequinum,0.023,0.023,-1,Echolocation,/mnt/ubna_data_02_mir/recover-20220922/UBNA_001/20220921_090000.WAV,Telephone Field,recover-20220922,001,1795
743.3235,743.3342,22890,27345,Nyctalus leisleri,0.012,0.022,-1,Echolocation,/mnt/ubna_data_02_mir/recover-20220922/UBNA_001/20220921_090000.WAV,Telephone Field,recover-20220922,001,1795
743.3375,743.3459,23750,31981,Plecotus austriacus,0.007,0.022,-1,Echolocation,/mnt/ubna_data_02_mir/recover-20220922/UBNA_001/20220921_090000.WAV,Telephone Field,recover-20220922,001,1795
743.3395,743.382,68437,83013,Rhinolophus ferrumequinum,0.028,0.028,-1,Echolocation,/mnt/ubna_data_02_mir/recover-20220922/UBNA_001/20220921_090000.WAV,Telephone Field,recover-20220922,001,1795
743.3605,743.3703,28046,37631,Eptesicus serotinus,0.009,0.022,-1,Echolocation,/mnt/ubna_data_02_mir/recover-20220922/UBNA_001/20220921_090000.WAV,Telephone Field,recover-20220922,001,1795
743.3755,743.3875,38359,42290,Pipistrellus nathusii,0.014,0.023,-1,Echolocation,/mnt/ubna_data_02_mir/recover-20220922/UBNA_001/20220921_090000.WAV,Telephone Field,recover-20220922,001,1795
743.4035,743.4442,68437,82620,Rhinolophus ferrumequinum,0.031,0.031,-1,Echolocation,/mnt/ubna_data_02_mir/recover-20220922/UBNA_001/20220921_090000.WAV,Telephone Field,recover-20220922,001,1795
743.4455,743.4831,68437,82422,Rhinolophus ferrumequinum,0.028,0.028,-1,Echolocation,/mnt/ubna_data_02_mir/recover-20220922/UBNA_001/20220921_090000.WAV,Telephone Field,recover-20220922,001,1795
743.4705,743.5076,68437,81981,Rhinolophus ferrumequinum,0.025,0.025,-1,Echolocation,/mnt/ubna_data_02_mir/recover-20220922/UBNA_001/20220921_090000.WAV,Telephone Field,recover-20220922,001,1795
743.4815,743.4891,28046,38437,Eptesicus serotinus,0.007,0.022,-1,Echolocation,/mnt/ubna_data_02_mir/recover-20220922/UBNA_001/20220921_090000.WAV,Telephone Field,recover-20220922,001,1795
743.5755,743.6169,68437,82869,Rhinolophus ferrumequinum,0.029,0.029,-1,Echolocation,/mnt/ubna_data_02_mir/recover-20220922/UBNA_001/20220921_090000.WAV,Telephone Field,recover-20220922,001,1795
743.5895,743.6256,68437,80912,Rhinolophus ferrumequinum,0.021,0.021,-1,Echolocation,/mnt/ubna_data_02_mir/recover-20220922/UBNA_001/20220921_090000.WAV,Telephone Field,recover-20220922,001,1795
743.5915,743.601,22890,29426,Nyctalus leisleri,0.008,0.024,-1,Echolocation,/mnt/ubna_data_02_mir/recover-20220922/UBNA_001/20220921_090000.WAV,Telephone Field,recover-20220922,001,1795
743.5985000000001,743.636,68437,81533,Rhinolophus ferrumequinum,0.022,0.022,-1,Echolocation,/mnt/ubna_data_02_mir/recover-20220922/UBNA_001/20220921_090000.WAV,Telephone Field,recover-20220922,001,1795
743.6065,743.6477,68437,82755,Rhinolophus ferrumequinum,0.023,0.023,-1,Echolocation,/mnt/ubna_data_02_mir/recover-20220922/UBNA_001/20220921_090000.WAV,Telephone Field,recover-20220922,001,1795
743.6445,743.653,47812,55071,Pipistrellus pipistrellus,0.029,0.031,-1,Echolocation,/mnt/ubna_data_02_mir/recover-20220922/UBNA_001/20220921_090000.WAV,Telephone Field,recover-20220922,001,1795
743.6445,743.6888,68437,83394,Rhinolophus ferrumequinum,0.031,0.031,-1,Echolocation,/mnt/ubna_data_02_mir/recover-20220922/UBNA_001/20220921_090000.WAV,Telephone Field,recover-20220922,001,1795
743.6755,743.711,68437,81011,Rhinolophus ferrumequinum,0.022,0.022,-1,Echolocation,/mnt/ubna_data_02_mir/recover-20220922/UBNA_001/20220921_090000.WAV,Telephone Field,recover-20220922,001,1795
743.6825,743.6936,22890,27861,Nyctalus leisleri,0.012,0.024,-1,Echolocation,/mnt/ubna_data_02_mir/recover-20220922/UBNA_001/20220921_090000.WAV,Telephone Field,recover-20220922,001,1795
743.7335,743.7743,68437,82474,Rhinolophus ferrumequinum,0.022,0.022,-1,Echolocation,/mnt/ubna_data_02_mir/recover-20220922/UBNA_001/20220921_090000.WAV,Telephone Field,recover-20220922,001,1795
743.7555,743.798,68437,83008,Rhinolophus ferrumequinum,0.025,0.025,-1,Echolocation,/mnt/ubna_data_02_mir/recover-20220922/UBNA_001/20220921_090000.WAV,Telephone Field,recover-20220922,001,1795
743.7875,743.8287,68437,82821,Rhinolophus ferrumequinum,0.023,0.023,-1,Echolocation,/mnt/ubna_data_02_mir/recover-20220922/UBNA_001/20220921_090000.WAV,Telephone Field,recover-20220922,001,1795
743.7985,743.8088,22890,28270,Nyctalus leisleri,0.01,0.023,-1,Echolocation,/mnt/ubna_data_02_mir/recover-20220922/UBNA_001/20220921_090000.WAV,Telephone Field,recover-20220922,001,1795
743.8125,743.854,68437,82629,Rhinolophus ferrumequinum,0.032,0.032,-1,Echolocation,/mnt/ubna_data_02_mir/recover-20220922/UBNA_001/20220921_090000.WAV,Telephone Field,recover-20220922,001,1795
743.8475,743.8864,68437,82191,Rhinolophus ferrumequinum,0.021,0.021,-1,Echolocation,/mnt/ubna_data_02_mir/recover-20220922/UBNA_001/20220921_090000.WAV,Telephone Field,recover-20220922,001,1795
743.8585,743.8688,31484,42064,Eptesicus serotinus,0.006,0.022,-1,Echolocation,/mnt/ubna_data_02_mir/recover-20220922/UBNA_001/20220921_090000.WAV,Telephone Field,recover-20220922,001,1795
743.8795,743.9136,68437,81386,Rhinolophus ferrumequinum,0.025,0.025,-1,Echolocation,/mnt/ubna_data_02_mir/recover-20220922/UBNA_001/20220921_090000.WAV,Telephone Field,recover-20220922,001,1795
743.8875,743.927,68437,82047,Rhinolophus ferrumequinum,0.021,0.021,-1,Echolocation,/mnt/ubna_data_02_mir/recover-20220922/UBNA_001/20220921_090000.WAV,Telephone Field,recover-20220922,001,1795
743.9095,743.948,68437,81970,Rhinolophus ferrumequinum,0.021,0.021,-1,Echolocation,/mnt/ubna_data_02_mir/recover-20220922/UBNA_001/20220921_090000.WAV,Telephone Field,recover-20220922,001,1795
743.9495,743.9882,68437,82870,Rhinolophus ferrumequinum,0.024,0.024,-1,Echolocation,/mnt/ubna_data_02_mir/recover-20220922/UBNA_001/20220921_090000.WAV,Telephone Field,recover-20220922,001,1795
743.9745,743.984,42656,47496,Pipistrellus nathusii,0.026,0.047,-1,Echolocation,/mnt/ubna_data_02_mir/recover-20220922/UBNA_001/20220921_090000.WAV,Telephone Field,recover-20220922,001,1795
744.0015,744.0097,45234,50085,Pipistrellus pipistrellus,0.016,0.022,-1,Echolocation,/mnt/ubna_data_02_mir/recover-20220922/UBNA_001/20220921_090000.WAV,Telephone Field,recover-20220922,001,1795
744.0015,744.0329,69296,82343,Rhinolophus ferrumequinum,0.043,0.043,-1,Echolocation,/mnt/ubna_data_02_mir/recover-20220922/UBNA_001/20220921_090000.WAV,Telephone Field,recover-20220922,001,1795
744.0015,744.0141,21171,26216,Nyctalus leisleri,0.017,0.04,-1,Echolocation,/mnt/ubna_data_02_mir/recover-20220922/UBNA_001/20220921_090000.WAV,Telephone Field,recover-20220922,001,1795
744.0085,744.0507,68437,81548,Rhinolophus ferrumequinum,0.021,0.021,-1,Echolocation,/mnt/ubna_data_02_mir/recover-20220922/UBNA_001/20220921_090000.WAV,Telephone Field,recover-20220922,001,1795
744.0135,744.0553,68437,82476,Rhinolophus ferrumequinum,0.021,0.021,-1,Echolocation,/mnt/ubna_data_02_mir/recover-20220922/UBNA_001/20220921_090000.WAV,Telephone Field,recover-20220922,001,1795
744.0595,744.0981,68437,82460,Rhinolophus ferrumequinum,0.023,0.023,-1,Echolocation,/mnt/ubna_data_02_mir/recover-20220922/UBNA_001/20220921_090000.WAV,Telephone Field,recover-20220922,001,1795
744.0855,744.1226,68437,81886,Rhinolophus ferrumequinum,0.022,0.022,-1,Echolocation,/mnt/ubna_data_02_mir/recover-20220922/UBNA_001/20220921_090000.WAV,Telephone Field,recover-20220922,001,1795
744.1055,744.1111,24609,35926,Plecotus austriacus,0.02,0.042,-1,Echolocation,/mnt/ubna_data_02_mir/recover-20220922/UBNA_001/20220921_090000.WAV,Telephone Field,recover-20220922,001,1795
744.1155,744.1234,27187,36149,Eptesicus serotinus,0.007,0.021,-1,Echolocation,/mnt/ubna_data_02_mir/recover-20220922/UBNA_001/20220921_090000.WAV,Telephone Field,recover-20220922,001,1795
744.1475,744.1869,68437,82780,Rhinolophus ferrumequinum,0.031,0.031,-1,Echolocation,/mnt/ubna_data_02_mir/recover-20220922/UBNA_001/20220921_090000.WAV,Telephone Field,recover-20220922,001,1795
744.1575,744.198,68437,81968,Rhinolophus ferrumequinum,0.022,0.022,-1,Echolocation,/mnt/ubna_data_02_mir/recover-20220922/UBNA_001/20220921_090000.WAV,Telephone Field,recover-20220922,001,1795
744.1675,744.2072000000001,68437,83168,Rhinolophus ferrumequinum,0.022,0.022,-1,Echolocation,/mnt/ubna_data_02_mir/recover-20220922/UBNA_001/20220921_090000.WAV,Telephone Field,recover-20220922,001,1795
744.1885,744.2271,68437,81827,Rhinolophus ferrumequinum,0.022,0.022,-1,Echolocation,/mnt/ubna_data_02_mir/recover-20220922/UBNA_001/20220921_090000.WAV,Telephone Field,recover-20220922,001,1795
744.1905,744.2016,15156,21733,Nyctalus noctula,0.016,0.028,-1,Echolocation,/mnt/ubna_data_02_mir/recover-20220922/UBNA_001/20220921_090000.WAV,Telephone Field,recover-20220922,001,1795
744.1965,744.2353,68437,81885,Rhinolophus ferrumequinum,0.022,0.022,-1,Echolocation,/mnt/ubna_data_02_mir/recover-20220922/UBNA_001/20220921_090000.WAV,Telephone Field,recover-20220922,001,1795
744.2235000000001,744.2633,68437,82661,Rhinolophus ferrumequinum,0.026,0.026,-1,Echolocation,/mnt/ubna_data_02_mir/recover-20220922/UBNA_001/20220921_090000.WAV,Telephone Field,recover-20220922,001,1795
744.2385,744.2504,22031,25826,Nyctalus leisleri,0.012,0.021,-1,Echolocation,/mnt/ubna_data_02_mir/recover-20220922/UBNA_001/20220921_090000.WAV,Telephone Field,recover-20220922,001,1795
744.2475,744.2838,68437,81576,Rhinolophus ferrumequinum,0.021,0.022,-1,Echolocation,/mnt/ubna_data_02_mir/recover-20220922/UBNA_001/20220921_090000.WAV,Telephone Field,recover-20220922,001,1795
744.2535,744.2642,27187,36920,Eptesicus serotinus,0.012,0.024,-1,Echolocation,/mnt/ubna_data_02_mir/recover-20220922/UBNA_001/20220921_090000.WAV,Telephone Field,recover-20220922,001,1795
744.2995,744.3362,68437,80991,Rhinolophus ferrumequinum,0.021,0.021,-1,Echolocation,/mnt/ubna_data_02_mir/recover-20220922/UBNA_001/20220921_090000.WAV,Telephone Field,recover-20220922,001,1795
744.3035,744.3148,23750,29986,Nyctalus leisleri,0.012,0.029,-1,Echolocation,/mnt/ubna_data_02_mir/recover-20220922/UBNA_001/20220921_090000.WAV,Telephone Field,recover-20220922,001,1795
744.3645,744.406,68437,83207,Rhinolophus ferrumequinum,0.035,0.035,-1,Echolocation,/mnt/ubna_data_02_mir/recover-20220922/UBNA_001/20220921_090000.WAV,Telephone Field,recover-20220922,001,1795
744.3875,744.4272,68437,82597,Rhinolophus ferrumequinum,0.026,0.026,-1,Echolocation,/mnt/ubna_data_02_mir/recover-20220922/UBNA_001/20220921_090000.WAV,Telephone Field,recover-20220922,001,1795
744.4055,744.416,22031,27243,Nyctalus leisleri,0.01,0.024,-1,Echolocation,/mnt/ubna_data_02_mir/recover-20220922/UBNA_001/20220921_090000.WAV,Telephone Field,recover-20220922,001,1795
744.4445,744.4843,68437,82289,Rhinolophus ferrumequinum,0.03,0.03,-1,Echolocation,/mnt/ubna_data_02_mir/recover-20220922/UBNA_001/20220921_090000.WAV,Telephone Field,recover-20220922,001,1795
744.4475,744.4549,22890,30680,Plecotus austriacus,0.01,0.022,-1,Echolocation,/mnt/ubna_data_02_mir/recover-20220922/UBNA_001/20220921_090000.WAV,Telephone Field,recover-20220922,001,1795
744.4635,744.5041,68437,82819,Rhinolophus ferrumequinum,0.031,0.031,-1,Echolocation,/mnt/ubna_data_02_mir/recover-20220922/UBNA_001/20220921_090000.WAV,Telephone Field,recover-20220922,001,1795
744.4925,744.503,22890,28778,Nyctalus leisleri,0.01,0.026,-1,Echolocation,/mnt/ubna_data_02_mir/recover-20220922/UBNA_001/20220921_090000.WAV,Telephone Field,recover-20220922,001,1795
744.5035,744.5108,27187,41093,Eptesicus serotinus,0.006,0.021,-1,Echolocation,/mnt/ubna_data_02_mir/recover-20220922/UBNA_001/20220921_090000.WAV,Telephone Field,recover-20220922,001,1795
744.5405,744.581,68437,82603,Rhinolophus ferrumequinum,0.027,0.027,-1,Echolocation,/mnt/ubna_data_02_mir/recover-20220922/UBNA_001/20220921_090000.WAV,Telephone Field,recover-20220922,001,1795
744.5475,744.5554,27187,37352,Eptesicus serotinus,0.009,0.024,-1,Echolocation,/mnt/ubna_data_02_mir/recover-20220922/UBNA_001/20220921_090000.WAV,Telephone Field,recover-20220922,001,1795
744.5735,744.6148,68437,82800,Rhinolophus ferrumequinum,0.024,0.024,-1,Echolocation,/mnt/ubna_data_02_mir/recover-20220922/UBNA_001/20220921_090000.WAV,Telephone Field,recover-20220922,001,1795
744.6365,744.649,23750,29234,Nyctalus leisleri,0.015,0.031,-1,Echolocation,/mnt/ubna_data_02_mir/recover-20220922/UBNA_001/20220921_090000.WAV,Telephone Field,recover-20220922,001,1795
744.6425,744.6809,68437,82325,Rhinolophus ferrumequinum,0.023,0.023,-1,Echolocation,/mnt/ubna_data_02_mir/recover-20220922/UBNA_001/20220921_090000.WAV,Telephone Field,recover-20220922,001,1795
744.6975,744.7331,68437,81528,Rhinolophus ferrumequinum,0.021,0.021,-1,Echolocation,/mnt/ubna_data_02_mir/recover-20220922/UBNA_001/20220921_090000.WAV,Telephone Field,recover-20220922,001,1795
744.7655,744.8039,68437,82297,Rhinolophus ferrumequinum,0.021,0.021,-1,Echolocation,/mnt/ubna_data_02_mir/recover-20220922/UBNA_001/20220921_090000.WAV,Telephone Field,recover-20220922,001,1795
744.7715,744.7818,22890,28448,Nyctalus leisleri,0.011,0.025,-1,Echolocation,/mnt/ubna_data_02_mir/recover-20220922/UBNA_001/20220921_090000.WAV,Telephone Field,recover-20220922,001,1795
744.7845,744.8243,68437,82763,Rhinolophus ferrumequinum,0.022,0.022,-1,Echolocation,/mnt/ubna_data_02_mir/recover-20220922/UBNA_001/20220921_090000.WAV,Telephone Field,recover-20220922,001,1795
744.7995,744.838,68437,81718,Rhinolophus ferrumequinum,0.023,0.023,-1,Echolocation,/mnt/ubna_data_02_mir/recover-20220922/UBNA_001/20220921_090000.WAV,Telephone Field,recover-20220922,001,1795
744.8105,744.8494,68437,81589,Rhinolophus ferrumequinum,0.023,0.023,-1,Echolocation,/mnt/ubna_data_02_mir/recover-20220922/UBNA_001/20220921_090000.WAV,Telephone Field,recover-20220922,001,1795
744.8195,744.8296,26328,34916,Eptesicus serotinus,0.009,0.022,-1,Echolocation,/mnt/ubna_data_02_mir/recover-20220922/UBNA_001/20220921_090000.WAV,Telephone Field,recover-20220922,001,1795
744.8365,744.8447,23750,32051,Plecotus austriacus,0.007,0.022,-1,Echolocation,/mnt/ubna_data_02_mir/recover-20220922/UBNA_001/20220921_090000.WAV,Telephone Field,recover-20220922,001,1795
744.8385,744.8748,68437,81920,Rhinolophus ferrumequinum,0.021,0.021,-1,Echolocation,/mnt/ubna_data_02_mir/recover-20220922/UBNA_001/20220921_090000.WAV,Telephone Field,recover-20220922,001,1795
744.8585,744.8652,28046,45891,Eptesicus serotinus,0.008,0.028,-1,Echolocation,/mnt/ubna_data_02_mir/recover-20220922/UBNA_001/20220921_090000.WAV,Telephone Field,recover-20220922,001,1795
744.8715,744.879,28046,40051,Eptesicus serotinus,0.008,0.023,-1,Echolocation,/mnt/ubna_data_02_mir/recover-20220922/UBNA_001/20220921_090000.WAV,Telephone Field,recover-20220922,001,1795
744.8725,744.9122,68437,82437,Rhinolophus ferrumequinum,0.024,0.024,-1,Echolocation,/mnt/ubna_data_02_mir/recover-20220922/UBNA_001/20220921_090000.WAV,Telephone Field,recover-20220922,001,1795
744.8785,744.9177999999999,68437,82199,Rhinolophus ferrumequinum,0.022,0.022,-1,Echolocation,/mnt/ubna_data_02_mir/recover-20220922/UBNA_001/20220921_090000.WAV,Telephone Field,recover-20220922,001,1795
744.8985,744.941,68437,83081,Rhinolophus ferrumequinum,0.034,0.034,-1,Echolocation,/mnt/ubna_data_02_mir/recover-20220922/UBNA_001/20220921_090000.WAV,Telephone Field,recover-20220922,001,1795
744.9215,744.9308,24609,32863,Eptesicus serotinus,0.008,0.024,-1,Echolocation,/mnt/ubna_data_02_mir/recover-20220922/UBNA_001/20220921_090000.WAV,Telephone Field,recover-20220922,001,1795
744.9355,744.9746,68437,82055,Rhinolophus ferrumequinum,0.022,0.022,-1,Echolocation,/mnt/ubna_data_02_mir/recover-20220922/UBNA_001/20220921_090000.WAV,Telephone Field,recover-20220922,001,1795
744.9425,744.9509,22890,30147,Plecotus austriacus,0.008,0.022,-1,Echolocation,/mnt/ubna_data_02_mir/recover-20220922/UBNA_001/20220921_090000.WAV,Telephone Field,recover-20220922,001,1795
744.9555,744.9655,28046,36273,Eptesicus serotinus,0.009,0.021,-1,Echolocation,/mnt/ubna_data_02_mir/recover-20220922/UBNA_001/20220921_090000.WAV,Telephone Field,recover-20220922,001,1795
744.9875,744.9964,24609,31362,Plecotus austriacus,0.009,0.027,-1,Echolocation,/mnt/ubna_data_02_mir/recover-20220922/UBNA_001/20220921_090000.WAV,Telephone Field,recover-20220922,001,1795
745.0185,745.0569,68437,82164,Rhinolophus ferrumequinum,0.023,0.023,-1,Echolocation,/mnt/ubna_data_02_mir/recover-20220922/UBNA_001/20220921_090000.WAV,Telephone Field,recover-20220922,001,1795
745.0325,745.0678,68437,82065,Rhinolophus ferrumequinum,0.022,0.022,-1,Echolocation,/mnt/ubna_data_02_mir/recover-20220922/UBNA_001/20220921_090000.WAV,Telephone Field,recover-20220922,001,1795
745.0565,745.0964,68437,81993,Rhinolophus ferrumequinum,0.022,0.022,-1,Echolocation,/mnt/ubna_data_02_mir/recover-20220922/UBNA_001/20220921_090000.WAV,Telephone Field,recover-20220922,001,1795
745.0575,745.0676,23750,29747,Nyctalus leisleri,0.008,0.022,-1,Echolocation,/mnt/ubna_data_02_mir/recover-20220922/UBNA_001/20220921_090000.WAV,Telephone Field,recover-20220922,001,1795
745.0895,745.1257,68437,81987,Rhinolophus ferrumequinum,0.022,0.022,-1,Echolocation,/mnt/ubna_data_02_mir/recover-20220922/UBNA_001/20220921_090000.WAV,Telephone Field,recover-20220922,001,1795
745.1295,745.1688,68437,82563,Rhinolophus ferrumequinum,0.022,0.022,-1,Echolocation,/mnt/ubna_data_02_mir/recover-20220922/UBNA_001/20220921_090000.WAV,Telephone Field,recover-20220922,001,1795
745.1295,745.1382,24609,33014,Eptesicus serotinus,0.006,0.022,-1,Echolocation,/mnt/ubna_data_02_mir/recover-20220922/UBNA_001/20220921_090000.WAV,Telephone Field,recover-20220922,001,1795
745.1695,745.1805,23750,29797,Nyctalus leisleri,0.01,0.024,-1,Echolocation,/mnt/ubna_data_02_mir/recover-20220922/UBNA_001/20220921_090000.WAV,Telephone Field,recover-20220922,001,1795
745.1845,745.2211,68437,81946,Rhinolophus ferrumequinum,0.022,0.022,-1,Echolocation,/mnt/ubna_data_02_mir/recover-20220922/UBNA_001/20220921_090000.WAV,Telephone Field,recover-20220922,001,1795
745.2045,745.2132,25468,36330,Eptesicus serotinus,0.01,0.024,-1,Echolocation,/mnt/ubna_data_02_mir/recover-20220922/UBNA_001/20220921_090000.WAV,Telephone Field,recover-20220922,001,1795
745.2095,745.2491,68437,82226,Rhinolophus ferrumequinum,0.031,0.031,-1,Echolocation,/mnt/ubna_data_02_mir/recover-20220922/UBNA_001/20220921_090000.WAV,Telephone Field,recover-20220922,001,1795
745.2135,745.2234,22890,29161,Nyctalus leisleri,0.008,0.021,-1,Echolocation,/mnt/ubna_data_02_mir/recover-20220922/UBNA_001/20220921_090000.WAV,Telephone Field,recover-20220922,001,1795
745.2525,745.2918999999999,68437,81754,Rhinolophus ferrumequinum,0.024,0.024,-1,Echolocation,/mnt/ubna_data_02_mir/recover-20220922/UBNA_001/20220921_090000.WAV,Telephone Field,recover-20220922,001,1795
745.2715,745.3074,68437,81395,Rhinolophus ferrumequinum,0.022,0.022,-1,Echolocation,/mnt/ubna_data_02_mir/recover-20220922/UBNA_001/20220921_090000.WAV,Telephone Field,recover-20220922,001,1795
745.3015,745.3406,68437,82582,Rhinolophus ferrumequinum,0.021,0.021,-1,Echolocation,/mnt/ubna_data_02_mir/recover-20220922/UBNA_001/20220921_090000.WAV,Telephone Field,recover-20220922,001,1795
745.3325,745.3408,28906,38650,Eptesicus serotinus,0.011,0.03,-1,Echolocation,/mnt/ubna_data_02_mir/recover-20220922/UBNA_001/20220921_090000.WAV,Telephone Field,recover-20220922,001,1795
745.3435,745.3837,68437,82010,Rhinolophus ferrumequinum,0.021,0.021,-1,Echolocation,/mnt/ubna_data_02_mir/recover-20220922/UBNA_001/20220921_090000.WAV,Telephone Field,recover-20220922,001,1795
745.3505,745.3611,27187,34924,Eptesicus serotinus,0.023,0.041,-1,Echolocation,/mnt/ubna_data_02_mir/recover-20220922/UBNA_001/20220921_090000.WAV,Telephone Field,recover-20220922,001,1795
745.3695,745.4089,68437,82016,Rhinolophus ferrumequinum,0.022,0.022,-1,Echolocation,/mnt/ubna_data_02_mir/recover-20220922/UBNA_001/20220921_090000.WAV,Telephone Field,recover-20220922,001,1795
745.3795,745.3882,24609,32474,Eptesicus serotinus,0.007,0.023,-1,Echolocation,/mnt/ubna_data_02_mir/recover-20220922/UBNA_001/20220921_090000.WAV,Telephone Field,recover-20220922,001,1795
745.3825,745.4231,68437,82469,Rhinolophus ferrumequinum,0.023,0.023,-1,Echolocation,/mnt/ubna_data_02_mir/recover-20220922/UBNA_001/20220921_090000.WAV,Telephone Field,recover-20220922,001,1795
745.4685,745.506,68437,81277,Rhinolophus ferrumequinum,0.024,0.024,-1,Echolocation,/mnt/ubna_data_02_mir/recover-20220922/UBNA_001/20220921_090000.WAV,Telephone Field,recover-20220922,001,1795
745.4715,745.4784,26328,36145,Eptesicus serotinus,0.008,0.024,-1,Echolocation,/mnt/ubna_data_02_mir/recover-20220922/UBNA_001/20220921_090000.WAV,Telephone Field,recover-20220922,001,1795
745.4795,745.5155,68437,81699,Rhinolophus ferrumequinum,0.022,0.022,-1,Echolocation,/mnt/ubna_data_02_mir/recover-20220922/UBNA_001/20220921_090000.WAV,Telephone Field,recover-20220922,001,1795
745.4905,745.5279,68437,81976,Rhinolophus ferrumequinum,0.023,0.023,-1,Echolocation,/mnt/ubna_data_02_mir/recover-20220922/UBNA_001/20220921_090000.WAV,Telephone Field,recover-20220922,001,1795
745.5285,745.5656,68437,81892,Rhinolophus ferrumequinum,0.025,0.025,-1,Echolocation,/mnt/ubna_data_02_mir/recover-20220922/UBNA_001/20220921_090000.WAV,Telephone Field,recover-20220922,001,1795
745.5355,745.5466,22890,27893,Nyctalus leisleri,0.01,0.021,-1,Echolocation,/mnt/ubna_data_02_mir/recover-20220922/UBNA_001/20220921_090000.WAV,Telephone Field,recover-20220922,001,1795
745.5485,745.5879,68437,82579,Rhinolophus ferrumequinum,0.021,0.021,-1,Echolocation,/mnt/ubna_data_02_mir/recover-20220922/UBNA_001/20220921_090000.WAV,Telephone Field,recover-20220922,001,1795
745.5635,745.572,50390,55152,Pipistrellus pipistrellus,0.028,0.032,-1,Echolocation,/mnt/ubna_data_02_mir/recover-20220922/UBNA_001/20220921_090000.WAV,Telephone Field,recover-20220922,001,1795
745.5885,745.6324,68437,83212,Rhinolophus ferrumequinum,0.033,0.033,-1,Echolocation,/mnt/ubna_data_02_mir/recover-20220922/UBNA_001/20220921_090000.WAV,Telephone Field,recover-20220922,001,1795
745.5965,745.6064,24609,31510,Nyctalus leisleri,0.007,0.021,-1,Echolocation,/mnt/ubna_data_02_mir/recover-20220922/UBNA_001/20220921_090000.WAV,Telephone Field,recover-20220922,001,1795
745.5985000000001,745.6076,28906,37438,Eptesicus serotinus,0.007,0.021,-1,Echolocation,/mnt/ubna_data_02_mir/recover-20220922/UBNA_001/20220921_090000.WAV,Telephone Field,recover-20220922,001,1795
745.6005,745.6429,68437,83128,Rhinolophus ferrumequinum,0.027,0.027,-1,Echolocation,/mnt/ubna_data_02_mir/recover-20220922/UBNA_001/20220921_090000.WAV,Telephone Field,recover-20220922,001,1795
745.6445,745.683,68437,81439,Rhinolophus ferrumequinum,0.022,0.022,-1,Echolocation,/mnt/ubna_data_02_mir/recover-20220922/UBNA_001/20220921_090000.WAV,Telephone Field,recover-20220922,001,1795
745.6505,745.6915,68437,82167,Rhinolophus ferrumequinum,0.022,0.022,-1,Echolocation,/mnt/ubna_data_02_mir/recover-20220922/UBNA_001/20220921_090000.WAV,Telephone Field,recover-20220922,001,1795
745.6665,745.7054,68437,82556,Rhinolophus ferrumequinum,0.022,0.022,-1,Echolocation,/mnt/ubna_data_02_mir/recover-20220922/UBNA_001/20220921_090000.WAV,Telephone Field,recover-20220922,001,1795
745.6955,745.7281,68437,80396,Rhinolophus ferrumequinum,0.021,0.022,-1,Echolocation,/mnt/ubna_data_02_mir/recover-20220922/UBNA_001/20220921_090000.WAV,Telephone Field,recover-20220922,001,1795
745.7205,745.7367,16875,21850,Nyctalus noctula,0.059,0.08,-1,Echolocation,/mnt/ubna_data_02_mir/recover-20220922/UBNA_001/20220921_090000.WAV,Telephone Field,recover-20220922,001,1795
745.7295,745.7706000000001,68437,82956,Rhinolophus ferrumequinum,0.024,0.024,-1,Echolocation,/mnt/ubna_data_02_mir/recover-20220922/UBNA_001/20220921_090000.WAV,Telephone Field,recover-20220922,001,1795
745.7545,745.7968,68437,83219,Rhinolophus ferrumequinum,0.024,0.024,-1,Echolocation,/mnt/ubna_data_02_mir/recover-20220922/UBNA_001/20220921_090000.WAV,Telephone Field,recover-20220922,001,1795
745.7755,745.7834,27187,38855,Eptesicus serotinus,0.008,0.022,-1,Echolocation,/mnt/ubna_data_02_mir/recover-20220922/UBNA_001/20220921_090000.WAV,Telephone Field,recover-20220922,001,1795
745.7955,745.8048,28906,38127,Eptesicus serotinus,0.009,0.023,-1,Echolocation,/mnt/ubna_data_02_mir/recover-20220922/UBNA_001/20220921_090000.WAV,Telephone Field,recover-20220922,001,1795
745.8055,745.8486,68437,83576,Rhinolophus ferrumequinum,0.033,0.033,-1,Echolocation,/mnt/ubna_data_02_mir/recover-20220922/UBNA_001/20220921_090000.WAV,Telephone Field,recover-20220922,001,1795
745.8105,745.8193,28046,39402,Eptesicus serotinus,0.008,0.022,-1,Echolocation,/mnt/ubna_data_02_mir/recover-20220922/UBNA_001/20220921_090000.WAV,Telephone Field,recover-20220922,001,1795
745.8595,745.8709,22031,25941,Nyctalus leisleri,0.013,0.022,-1,Echolocation,/mnt/ubna_data_02_mir/recover-20220922/UBNA_001/20220921_090000.WAV,Telephone Field,recover-20220922,001,1795
745.8805,745.8866,24609,40437,Myotis nattereri,0.008,0.024,-1,Echolocation,/mnt/ubna_data_02_mir/recover-20220922/UBNA_001/20220921_090000.WAV,Telephone Field,recover-20220922,001,1795
745.8885,745.9263,68437,82301,Rhinolophus ferrumequinum,0.027,0.027,-1,Echolocation,/mnt/ubna_data_02_mir/recover-20220922/UBNA_001/20220921_090000.WAV,Telephone Field,recover-20220922,001,1795
745.9055,745.9132,50390,54663,Pipistrellus pipistrellus,0.025,0.029,-1,Echolocation,/mnt/ubna_data_02_mir/recover-20220922/UBNA_001/20220921_090000.WAV,Telephone Field,recover-20220922,001,1795
745.9785,745.9886,26328,36251,Eptesicus serotinus,0.01,0.021,-1,Echolocation,/mnt/ubna_data_02_mir/recover-20220922/UBNA_001/20220921_090000.WAV,Telephone Field,recover-20220922,001,1795
746.0015,746.0360000000001,69296,81827,Rhinolophus ferrumequinum,0.027,0.027,-1,Echolocation,/mnt/ubna_data_02_mir/recover-20220922/UBNA_001/20220921_090000.WAV,Telephone Field,recover-20220922,001,1795
746.0015,746.0156,19453,24572,Nyctalus leisleri,0.011,0.023,-1,Echolocation,/mnt/ubna_data_02_mir/recover-20220922/UBNA_001/20220921_090000.WAV,Telephone Field,recover-20220922,001,1795
746.0145,746.0572,68437,83221,Rhinolophus ferrumequinum,0.038,0.038,-1,Echolocation,/mnt/ubna_data_02_mir/recover-20220922/UBNA_001/20220921_090000.WAV,Telephone Field,recover-20220922,001,1795
746.0465,746.0889,68437,83118,Rhinolophus ferrumequinum,0.041,0.041,-1,Echolocation,/mnt/ubna_data_02_mir/recover-20220922/UBNA_001/20220921_090000.WAV,Telephone Field,recover-20220922,001,1795
746.0835,746.1244,68437,81813,Rhinolophus ferrumequinum,0.024,0.024,-1,Echolocation,/mnt/ubna_data_02_mir/recover-20220922/UBNA_001/20220921_090000.WAV,Telephone Field,recover-20220922,001,1795
746.0975,746.1047,23750,32191,Plecotus austriacus,0.011,0.023,-1,Echolocation,/mnt/ubna_data_02_mir/recover-20220922/UBNA_001/20220921_090000.WAV,Telephone Field,recover-20220922,001,1795
746.1405,746.1849,68437,83314,Rhinolophus ferrumequinum,0.034,0.034,-1,Echolocation,/mnt/ubna_data_02_mir/recover-20220922/UBNA_001/20220921_090000.WAV,Telephone Field,recover-20220922,001,1795
746.1615,746.1718,28046,36247,Eptesicus serotinus,0.01,0.022,-1,Echolocation,/mnt/ubna_data_02_mir/recover-20220922/UBNA_001/20220921_090000.WAV,Telephone Field,recover-20220922,001,1795
746.1635,746.2068,68437,83106,Rhinolophus ferrumequinum,0.031,0.031,-1,Echolocation,/mnt/ubna_data_02_mir/recover-20220922/UBNA_001/20220921_090000.WAV,Telephone Field,recover-20220922,001,1795
746.1905,746.1999,28046,38056,Eptesicus serotinus,0.009,0.024,-1,Echolocation,/mnt/ubna_data_02_mir/recover-20220922/UBNA_001/20220921_090000.WAV,Telephone Field,recover-20220922,001,1795
746.2335,746.2442,28906,35817,Eptesicus serotinus,0.01,0.022,-1,Echolocation,/mnt/ubna_data_02_mir/recover-20220922/UBNA_001/20220921_090000.WAV,Telephone Field,recover-20220922,001,1795
746.2425,746.2849,68437,82557,Rhinolophus ferrumequinum,0.022,0.022,-1,Echolocation,/mnt/ubna_data_02_mir/recover-20220922/UBNA_001/20220921_090000.WAV,Telephone Field,recover-20220922,001,1795
746.2835,746.3253,68437,82802,Rhinolophus ferrumequinum,0.028,0.028,-1,Echolocation,/mnt/ubna_data_02_mir/recover-20220922/UBNA_001/20220921_090000.WAV,Telephone Field,recover-20220922,001,1795
746.3045,746.3424,68437,81737,Rhinolophus ferrumequinum,0.022,0.022,-1,Echolocation,/mnt/ubna_data_02_mir/recover-20220922/UBNA_001/20220921_090000.WAV,Telephone Field,recover-20220922,001,1795
746.3385,746.382,68437,82870,Rhinolophus ferrumequinum,0.026,0.026,-1,Echolocation,/mnt/ubna_data_02_mir/recover-20220922/UBNA_001/20220921_090000.WAV,Telephone Field,recover-20220922,001,1795
746.3615,746.4011,68437,82329,Rhinolophus ferrumequinum,0.023,0.023,-1,Echolocation,/mnt/ubna_data_02_mir/recover-20220922/UBNA_001/20220921_090000.WAV,Telephone Field,recover-20220922,001,1795
746.4055,746.4157,28046,36369,Eptesicus serotinus,0.008,0.021,-1,Echolocation,/mnt/ubna_data_02_mir/recover-20220922/UBNA_001/20220921_090000.WAV,Telephone Field,recover-20220922,001,1795
746.4235,746.4616,68437,81806,Rhinolophus ferrumequinum,0.024,0.024,-1,Echolocation,/mnt/ubna_data_02_mir/recover-20220922/UBNA_001/20220921_090000.WAV,Telephone Field,recover-20220922,001,1795
746.4355,746.4717,68437,81964,Rhinolophus ferrumequinum,0.025,0.025,-1,Echolocation,/mnt/ubna_data_02_mir/recover-20220922/UBNA_001/20220921_090000.WAV,Telephone Field,recover-20220922,001,1795
746.4685,746.5048,68437,82150,Rhinolophus ferrumequinum,0.036,0.036,-1,Echolocation,/mnt/ubna_data_02_mir/recover-20220922/UBNA_001/20220921_090000.WAV,Telephone Field,recover-20220922,001,1795
746.4785,746.4902,28046,34998,Eptesicus serotinus,0.021,0.039,-1,Echolocation,/mnt/ubna_data_02_mir/recover-20220922/UBNA_001/20220921_090000.WAV,Telephone Field,recover-20220922,001,1795
746.4935,746.502,28046,38529,Eptesicus serotinus,0.009,0.025,-1,Echolocation,/mnt/ubna_data_02_mir/recover-20220922/UBNA_001/20220921_090000.WAV,Telephone Field,recover-20220922,001,1795
746.5035,746.5423,68437,82205,Rhinolophus ferrumequinum,0.024,0.024,-1,Echolocation,/mnt/ubna_data_02_mir/recover-20220922/UBNA_001/20220921_090000.WAV,Telephone Field,recover-20220922,001,1795
746.5155,746.5539,68437,82094,Rhinolophus ferrumequinum,0.023,0.023,-1,Echolocation,/mnt/ubna_data_02_mir/recover-20220922/UBNA_001/20220921_090000.WAV,Telephone Field,recover-20220922,001,1795
746.5765,746.6182,68437,83439,Rhinolophus ferrumequinum,0.022,0.022,-1,Echolocation,/mnt/ubna_data_02_mir/recover-20220922/UBNA_001/20220921_090000.WAV,Telephone Field,recover-20220922,001,1795
746.5775,746.5859,28046,37536,Eptesicus serotinus,0.008,0.022,-1,Echolocation,/mnt/ubna_data_02_mir/recover-20220922/UBNA_001/20220921_090000.WAV,Telephone Field,recover-20220922,001,1795
746.5845,746.6281,68437,82876,Rhinolophus ferrumequinum,0.023,0.023,-1,Echolocation,/mnt/ubna_data_02_mir/recover-20220922/UBNA_001/20220921_090000.WAV,Telephone Field,recover-20220922,001,1795
746.6015,746.6084,46093,49590,Pipistrellus pipistrellus,0.024,0.024,-1,Echolocation,/mnt/ubna_data_02_mir/recover-20220922/UBNA_001/20220921_090000.WAV,Telephone Field,recover-20220922,001,1795
746.6445,746.6848,68437,82354,Rhinolophus ferrumequinum,0.022,0.022,-1,Echolocation,/mnt/ubna_data_02_mir/recover-20220922/UBNA_001/20220921_090000.WAV,Telephone Field,recover-20220922,001,1795
746.6845,746.7229,68437,81605,Rhinolophus ferrumequinum,0.022,0.022,-1,Echolocation,/mnt/ubna_data_02_mir/recover-20220922/UBNA_001/20220921_090000.WAV,Telephone Field,recover-20220922,001,1795
746.7425,746.7805,68437,82224,Rhinolophus ferrumequinum,0.024,0.024,-1,Echolocation,/mnt/ubna_data_02_mir/recover-20220922/UBNA_001/20220921_090000.WAV,Telephone Field,recover-20220922,001,1795
746.7815,746.8198,68437,81418,Rhinolophus ferrumequinum,0.021,0.021,-1,Echolocation,/mnt/ubna_data_02_mir/recover-20220922/UBNA_001/20220921_090000.WAV,Telephone Field,recover-20220922,001,1795
746.8175,746.8568,68437,82077,Rhinolophus ferrumequinum,0.023,0.023,-1,Echolocation,/mnt/ubna_data_02_mir/recover-20220922/UBNA_001/20220921_090000.WAV,Telephone Field,recover-20220922,001,1795
746.8415,746.8496,27187,37473,Eptesicus serotinus,0.007,0.022,-1,Echolocation,/mnt/ubna_data_02_mir/recover-20220922/UBNA_001/20220921_090000.WAV,Telephone Field,recover-20220922,001,1795
746.8825,746.922,68437,81382,Rhinolophus ferrumequinum,0.022,0.022,-1,Echolocation,/mnt/ubna_data_02_mir/recover-20220922/UBNA_001/20220921_090000.WAV,Telephone Field,recover-20220922,001,1795
746.8915,746.93,68437,81402,Rhinolophus ferrumequinum,0.023,0.023,-1,Echolocation,/mnt/ubna_data_02_mir/recover-20220922/UBNA_001/20220921_090000.WAV,Telephone Field,recover-20220922,001,1795
746.9025,746.9133,23750,29589,Nyctalus leisleri,0.011,0.026,-1,Echolocation,/mnt/ubna_data_02_mir/recover-20220922/UBNA_001/20220921_090000.WAV,Telephone Field,recover-20220922,001,1795
746.9165,746.9271,27187,34820,Eptesicus serotinus,0.009,0.022,-1,Echolocation,/mnt/ubna_data_02_mir/recover-20220922/UBNA_001/20220921_090000.WAV,Telephone Field,recover-20220922,001,1795
746.9395,746.9789,68437,82760,Rhinolophus ferrumequinum,0.028,0.028,-1,Echolocation,/mnt/ubna_data_02_mir/recover-20220922/UBNA_001/20220921_090000.WAV,Telephone Field,recover-20220922,001,1795
746.9515,746.99,68437,81441,Rhinolophus ferrumequinum,0.024,0.024,-1,Echolocation,/mnt/ubna_data_02_mir/recover-20220922/UBNA_001/20220921_090000.WAV,Telephone Field,recover-20220922,001,1795
746.9635,747.0025,68437,82279,Rhinolophus ferrumequinum,0.021,0.022,-1,Echolocation,/mnt/ubna_data_02_mir/recover-20220922/UBNA_001/20220921_090000.WAV,Telephone Field,recover-20220922,001,1795
746.9705,747.009,68437,82396,Rhinolophus ferrumequinum,0.023,0.023,-1,Echolocation,/mnt/ubna_data_02_mir/recover-20220922/UBNA_001/20220921_090000.WAV,Telephone Field,recover-20220922,001,1795
747.0175,747.0559,68437,81975,Rhinolophus ferrumequinum,0.029,0.029,-1,Echolocation,/mnt/ubna_data_02_mir/recover-20220922/UBNA_001/20220921_090000.WAV,Telephone Field,recover-20220922,001,1795
747.0315,747.0389,26328,40099,Eptesicus serotinus,0.007,0.025,-1,Echolocation,/mnt/ubna_data_02_mir/recover-20220922/UBNA_001/20220921_090000.WAV,Telephone Field,recover-20220922,001,1795
747.0695,747.1117,68437,82876,Rhinolophus ferrumequinum,0.022,0.022,-1,Echolocation,/mnt/ubna_data_02_mir/recover-20220922/UBNA_001/20220921_090000.WAV,Telephone Field,recover-20220922,001,1795
747.1055,747.1444,68437,81761,Rhinolophus ferrumequinum,0.022,0.023,-1,Echolocation,/mnt/ubna_data_02_mir/recover-20220922/UBNA_001/20220921_090000.WAV,Telephone Field,recover-20220922,001,1795
747.1115,747.12,28046,38621,Eptesicus serotinus,0.007,0.022,-1,Echolocation,/mnt/ubna_data_02_mir/recover-20220922/UBNA_001/20220921_090000.WAV,Telephone Field,recover-20220922,001,1795
747.1145,747.1248,22031,27684,Nyctalus leisleri,0.009,0.022,-1,Echolocation,/mnt/ubna_data_02_mir/recover-20220922/UBNA_001/20220921_090000.WAV,Telephone Field,recover-20220922,001,1795
747.1435,747.1823,68437,82401,Rhinolophus ferrumequinum,0.022,0.022,-1,Echolocation,/mnt/ubna_data_02_mir/recover-20220922/UBNA_001/20220921_090000.WAV,Telephone Field,recover-20220922,001,1795
747.1765,747.1862,28046,38282,Eptesicus serotinus,0.009,0.023,-1,Echolocation,/mnt/ubna_data_02_mir/recover-20220922/UBNA_001/20220921_090000.WAV,Telephone Field,recover-20220922,001,1795
747.1975,747.2059,28046,38525,Eptesicus serotinus,0.008,0.022,-1,Echolocation,/mnt/ubna_data_02_mir/recover-20220922/UBNA_001/20220921_090000.WAV,Telephone Field,recover-20220922,001,1795
747.2305,747.2668,68437,81234,Rhinolophus ferrumequinum,0.024,0.024,-1,Echolocation,/mnt/ubna_data_02_mir/recover-20220922/UBNA_001/20220921_090000.WAV,Telephone Field,recover-20220922,001,1795
747.2625,747.2763,23750,29167,Nyctalus leisleri,0.021,0.041,-1,Echolocation,/mnt/ubna_data_02_mir/recover-20220922/UBNA_001/20220921_090000.WAV,Telephone Field,recover-20220922,001,1795
747.2855,747.3257,68437,82497,Rhinolophus ferrumequinum,0.026,0.026,-1,Echolocation,/mnt/ubna_data_02_mir/recover-20220922/UBNA_001/20220921_090000.WAV,Telephone Field,recover-20220922,001,1795
747.3605,747.401,68437,82437,Rhinolophus ferrumequinum,0.034,0.034,-1,Echolocation,/mnt/ubna_data_02_mir/recover-20220922/UBNA_001/20220921_090000.WAV,Telephone Field,recover-20220922,001,1795
747.3825,747.4242,68437,82691,Rhinolophus ferrumequinum,0.033,0.034,-1,Echolocation,/mnt/ubna_data_02_mir/recover-20220922/UBNA_001/20220921_090000.WAV,Telephone Field,recover-20220922,001,1795
747.4095,747.4495,68437,82648,Rhinolophus ferrumequinum,0.027,0.028,-1,Echolocation,/mnt/ubna_data_02_mir/recover-20220922/UBNA_001/20220921_090000.WAV,Telephone Field,recover-20220922,001,1795
747.4165,747.4259,22031,28427,Plecotus austriacus,0.01,0.025,-1,Echolocation,/mnt/ubna_data_02_mir/recover-20220922/UBNA_001/20220921_090000.WAV,Telephone Field,recover-20220922,001,1795
747.4305,747.4386,28046,36717,Eptesicus serotinus,0.007,0.021,-1,Echolocation,/mnt/ubna_data_02_mir/recover-20220922/UBNA_001/20220921_090000.WAV,Telephone Field,recover-20220922,001,1795
747.4475,747.4855,68437,81835,Rhinolophus ferrumequinum,0.023,0.023,-1,Echolocation,/mnt/ubna_data_02_mir/recover-20220922/UBNA_001/20220921_090000.WAV,Telephone Field,recover-20220922,001,1795
747.4475,747.4577,28906,37126,Eptesicus serotinus,0.009,0.021,-1,Echolocation,/mnt/ubna_data_02_mir/recover-20220922/UBNA_001/20220921_090000.WAV,Telephone Field,recover-20220922,001,1795
747.4625,747.5048,68437,82439,Rhinolophus ferrumequinum,0.033,0.033,-1,Echolocation,/mnt/ubna_data_02_mir/recover-20220922/UBNA_001/20220921_090000.WAV,Telephone Field,recover-20220922,001,1795
747.5055,747.5476,68437,83135,Rhinolophus ferrumequinum,0.033,0.033,-1,Echolocation,/mnt/ubna_data_02_mir/recover-20220922/UBNA_001/20220921_090000.WAV,Telephone Field,recover-20220922,001,1795
747.5185,747.5272,27187,36509,Eptesicus serotinus,0.008,0.021,-1,Echolocation,/mnt/ubna_data_02_mir/recover-20220922/UBNA_001/20220921_090000.WAV,Telephone Field,recover-20220922,001,1795
747.5355,747.5754,68437,82552,Rhinolophus ferrumequinum,0.025,0.025,-1,Echolocation,/mnt/ubna_data_02_mir/recover-20220922/UBNA_001/20220921_090000.WAV,Telephone Field,recover-20220922,001,1795
747.5635,747.5723,28046,36300,Eptesicus serotinus,0.008,0.023,-1,Echolocation,/mnt/ubna_data_02_mir/recover-20220922/UBNA_001/20220921_090000.WAV,Telephone Field,recover-20220922,001,1795
747.5665,747.6083,68437,82945,Rhinolophus ferrumequinum,0.042,0.042,-1,Echolocation,/mnt/ubna_data_02_mir/recover-20220922/UBNA_001/20220921_090000.WAV,Telephone Field,recover-20220922,001,1795
747.6045,747.616,22031,25995,Nyctalus leisleri,0.014,0.023,-1,Echolocation,/mnt/ubna_data_02_mir/recover-20220922/UBNA_001/20220921_090000.WAV,Telephone Field,recover-20220922,001,1795
747.6685,747.7099,68437,82946,Rhinolophus ferrumequinum,0.021,0.021,-1,Echolocation,/mnt/ubna_data_02_mir/recover-20220922/UBNA_001/20220921_090000.WAV,Telephone Field,recover-20220922,001,1795
747.6745,747.715,68437,82735,Rhinolophus ferrumequinum,0.021,0.021,-1,Echolocation,/mnt/ubna_data_02_mir/recover-20220922/UBNA_001/20220921_090000.WAV,Telephone Field,recover-20220922,001,1795
747.6835,747.7213,68437,82179,Rhinolophus ferrumequinum,0.022,0.022,-1,Echolocation,/mnt/ubna_data_02_mir/recover-20220922/UBNA_001/20220921_090000.WAV,Telephone Field,recover-20220922,001,1795
747.6885,747.7006,53828,58105,Pipistrellus pygmaeus,0.019,0.023,-1,Echolocation,/mnt/ubna_data_02_mir/recover-20220922/UBNA_001/20220921_090000.WAV,Telephone Field,recover-20220922,001,1795
747.6895,747.7075,20312,23535,Nyctalus leisleri,0.017,0.029,-1,Echolocation,/mnt/ubna_data_02_mir/recover-20220922/UBNA_001/20220921_090000.WAV,Telephone Field,recover-20220922,001,1795
747.7095,747.7178,27187,37200,Eptesicus serotinus,0.007,0.022,-1,Echolocation,/mnt/ubna_data_02_mir/recover-20220922/UBNA_001/20220921_090000.WAV,Telephone Field,recover-20220922,001,1795
747.7605,747.7992,68437,82042,Rhinolophus ferrumequinum,0.023,0.023,-1,Echolocation,/mnt/ubna_data_02_mir/recover-20220922/UBNA_001/20220921_090000.WAV,Telephone Field,recover-20220922,001,1795
747.7685,747.778,28046,36341,Eptesicus serotinus,0.009,0.023,-1,Echolocation,/mnt/ubna_data_02_mir/recover-20220922/UBNA_001/20220921_090000.WAV,Telephone Field,recover-20220922,001,1795
747.7915,747.8324,68437,83049,Rhinolophus ferrumequinum,0.024,0.024,-1,Echolocation,/mnt/ubna_data_02_mir/recover-20220922/UBNA_001/20220921_090000.WAV,Telephone Field,recover-20220922,001,1795
747.8505,747.89,68437,82363,Rhinolophus ferrumequinum,0.021,0.021,-1,Echolocation,/mnt/ubna_data_02_mir/recover-20220922/UBNA_001/20220921_090000.WAV,Telephone Field,recover-20220922,001,1795
747.8885,747.8976,45234,50097,Pipistrellus pipistrellus,0.03,0.033,-1,Echolocation,/mnt/ubna_data_02_mir/recover-20220922/UBNA_001/20220921_090000.WAV,Telephone Field,recover-20220922,001,1795
747.8885,747.9275,68437,82036,Rhinolophus ferrumequinum,0.022,0.022,-1,Echolocation,/mnt/ubna_data_02_mir/recover-20220922/UBNA_001/20220921_090000.WAV,Telephone Field,recover-20220922,001,1795
747.9045,747.9143,28046,35795,Eptesicus serotinus,0.009,0.021,-1,Echolocation,/mnt/ubna_data_02_mir/recover-20220922/UBNA_001/20220921_090000.WAV,Telephone Field,recover-20220922,001,1795
747.9285,747.9359,47812,51745,Pipistrellus pipistrellus,0.027,0.028,-1,Echolocation,/mnt/ubna_data_02_mir/recover-20220922/UBNA_001/20220921_090000.WAV,Telephone Field,recover-20220922,001,1795
748.0015,748.0089,44375,50932,Pipistrellus pipistrellus,0.022,0.029,-1,Echolocation,/mnt/ubna_data_02_mir/recover-20220922/UBNA_001/20220921_090000.WAV,Telephone Field,recover-20220922,001,1795
748.0015,748.0093,25468,35062,Nyctalus leisleri,0.006,0.021,-1,Echolocation,/mnt/ubna_data_02_mir/recover-20220922/UBNA_001/20220921_090000.WAV,Telephone Field,recover-20220922,001,1795
748.0015,748.0148,19453,24027,Nyctalus leisleri,0.011,0.023,-1,Echolocation,/mnt/ubna_data_02_mir/recover-20220922/UBNA_001/20220921_090000.WAV,Telephone Field,recover-20220922,001,1795
748.0015,748.0314,68437,80071,Rhinolophus ferrumequinum,0.032,0.033,-1,Echolocation,/mnt/ubna_data_02_mir/recover-20220922/UBNA_001/20220921_090000.WAV,Telephone Field,recover-20220922,001,1795
748.0125,748.0524,68437,82092,Rhinolophus ferrumequinum,0.025,0.025,-1,Echolocation,/mnt/ubna_data_02_mir/recover-20220922/UBNA_001/20220921_090000.WAV,Telephone Field,recover-20220922,001,1795
748.0225,748.0293,26328,38143,Eptesicus serotinus,0.006,0.022,-1,Echolocation,/mnt/ubna_data_02_mir/recover-20220922/UBNA_001/20220921_090000.WAV,Telephone Field,recover-20220922,001,1795
748.0875,748.1256,68437,82049,Rhinolophus ferrumequinum,0.021,0.021,-1,Echolocation,/mnt/ubna_data_02_mir/recover-20220922/UBNA_001/20220921_090000.WAV,Telephone Field,recover-20220922,001,1795
748.1185,748.1604,68437,83058,Rhinolophus ferrumequinum,0.032,0.032,-1,Echolocation,/mnt/ubna_data_02_mir/recover-20220922/UBNA_001/20220921_090000.WAV,Telephone Field,recover-20220922,001,1795
748.1305,748.1376,47812,53169,Pipistrellus pipistrellus,0.019,0.021,-1,Echolocation,/mnt/ubna_data_02_mir/recover-20220922/UBNA_001/20220921_090000.WAV,Telephone Field,recover-20220922,001,1795
748.1855,748.2238,68437,81790,Rhinolophus ferrumequinum,0.021,0.021,-1,Echolocation,/mnt/ubna_data_02_mir/recover-20220922/UBNA_001/20220921_090000.WAV,Telephone Field,recover-20220922,001,1795
748.1995,748.2397,68437,82659,Rhinolophus ferrumequinum,0.022,0.022,-1,Echolocation,/mnt/ubna_data_02_mir/recover-20220922/UBNA_001/20220921_090000.WAV,Telephone Field,recover-20220922,001,1795
748.2145,748.2238,24609,31730,Eptesicus serotinus,0.008,0.02,-1,Echolocation,/mnt/ubna_data_02_mir/recover-20220922/UBNA_001/20220921_090000.WAV,Telephone Field,recover-20220922,001,1795
748.2255,748.2352,27187,39891,Eptesicus serotinus,0.009,0.021,-1,Echolocation,/mnt/ubna_data_02_mir/recover-20220922/UBNA_001/20220921_090000.WAV,Telephone Field,recover-20220922,001,1795
748.2475,748.2565,27187,36078,Eptesicus serotinus,0.009,0.021,-1,Echolocation,/mnt/ubna_data_02_mir/recover-20220922/UBNA_001/20220921_090000.WAV,Telephone Field,recover-20220922,001,1795
748.2785,748.3153,68437,81941,Rhinolophus ferrumequinum,0.037,0.037,-1,Echolocation,/mnt/ubna_data_02_mir/recover-20220922/UBNA_001/20220921_090000.WAV,Telephone Field,recover-20220922,001,1795
748.3135,748.3252,13437,19645,Nyctalus noctula,0.013,0.027,-1,Echolocation,/mnt/ubna_data_02_mir/recover-20220922/UBNA_001/20220921_090000.WAV,Telephone Field,recover-20220922,001,1795
748.3225,748.3332,44375,50144,Pipistrellus pipistrellus,0.019,0.024,-1,Echolocation,/mnt/ubna_data_02_mir/recover-20220922/UBNA_001/20220921_090000.WAV,Telephone Field,recover-20220922,001,1795
748.3635,748.4024,68437,82467,Rhinolophus ferrumequinum,0.024,0.024,-1,Echolocation,/mnt/ubna_data_02_mir/recover-20220922/UBNA_001/20220921_090000.WAV,Telephone Field,recover-20220922,001,1795
748.3935,748.4336,68437,82216,Rhinolophus ferrumequinum,0.021,0.021,-1,Echolocation,/mnt/ubna_data_02_mir/recover-20220922/UBNA_001/20220921_090000.WAV,Telephone Field,recover-20220922,001,1795
748.4035,748.4468,68437,82829,Rhinolophus ferrumequinum,0.026,0.026,-1,Echolocation,/mnt/ubna_data_02_mir/recover-20220922/UBNA_001/20220921_090000.WAV,Telephone Field,recover-20220922,001,1795
748.4305,748.4725,68437,83008,Rhinolophus ferrumequinum,0.024,0.024,-1,Echolocation,/mnt/ubna_data_02_mir/recover-20220922/UBNA_001/20220921_090000.WAV,Telephone Field,recover-20220922,001,1795
748.4415,748.454,22031,26306,Nyctalus leisleri,0.014,0.024,-1,Echolocation,/mnt/ubna_data_02_mir/recover-20220922/UBNA_001/20220921_090000.WAV,Telephone Field,recover-20220922,001,1795
748.4435,748.4493,28046,42361,Eptesicus serotinus,0.005,0.026,-1,Echolocation,/mnt/ubna_data_02_mir/recover-20220922/UBNA_001/20220921_090000.WAV,Telephone Field,recover-20220922,001,1795
748.4575,748.4681,22890,27992,Nyctalus leisleri,0.011,0.024,-1,Echolocation,/mnt/ubna_data_02_mir/recover-20220922/UBNA_001/20220921_090000.WAV,Telephone Field,recover-20220922,001,1795
748.4645,748.5061,68437,82790,Rhinolophus ferrumequinum,0.027,0.027,-1,Echolocation,/mnt/ubna_data_02_mir/recover-20220922/UBNA_001/20220921_090000.WAV,Telephone Field,recover-20220922,001,1795
748.4875,748.5257,68437,81814,Rhinolophus ferrumequinum,0.021,0.021,-1,Echolocation,/mnt/ubna_data_02_mir/recover-20220922/UBNA_001/20220921_090000.WAV,Telephone Field,recover-20220922,001,1795
748.5305,748.5678,68437,81878,Rhinolophus ferrumequinum,0.023,0.023,-1,Echolocation,/mnt/ubna_data_02_mir/recover-20220922/UBNA_001/20220921_090000.WAV,Telephone Field,recover-20220922,001,1795
748.5335,748.5436,22890,29324,Nyctalus leisleri,0.008,0.022,-1,Echolocation,/mnt/ubna_data_02_mir/recover-20220922/UBNA_001/20220921_090000.WAV,Telephone Field,recover-20220922,001,1795
748.5425,748.55,28046,39034,Eptesicus serotinus,0.007,0.022,-1,Echolocation,/mnt/ubna_data_02_mir/recover-20220922/UBNA_001/20220921_090000.WAV,Telephone Field,recover-20220922,001,1795
748.5595,748.6008,68437,82964,Rhinolophus ferrumequinum,0.029,0.029,-1,Echolocation,/mnt/ubna_data_02_mir/recover-20220922/UBNA_001/20220921_090000.WAV,Telephone Field,recover-20220922,001,1795
748.5665,748.6066,68437,82422,Rhinolophus ferrumequinum,0.024,0.024,-1,Echolocation,/mnt/ubna_data_02_mir/recover-20220922/UBNA_001/20220921_090000.WAV,Telephone Field,recover-20220922,001,1795
748.5665,748.5773,22031,26246,Nyctalus leisleri,0.012,0.021,-1,Echolocation,/mnt/ubna_data_02_mir/recover-20220922/UBNA_001/20220921_090000.WAV,Telephone Field,recover-20220922,001,1795
748.5965,748.6334,68437,82335,Rhinolophus ferrumequinum,0.021,0.021,-1,Echolocation,/mnt/ubna_data_02_mir/recover-20220922/UBNA_001/20220921_090000.WAV,Telephone Field,recover-20220922,001,1795
748.6245,748.6360999999999,28906,36252,Eptesicus serotinus,0.017,0.033,-1,Echolocation,/mnt/ubna_data_02_mir/recover-20220922/UBNA_001/20220921_090000.WAV,Telephone Field,recover-20220922,001,1795
748.6655,748.7031,68437,82023,Rhinolophus ferrumequinum,0.022,0.022,-1,Echolocation,/mnt/ubna_data_02_mir/recover-20220922/UBNA_001/20220921_090000.WAV,Telephone Field,recover-20220922,001,1795
748.6835,748.7202,68437,81866,Rhinolophus ferrumequinum,0.022,0.022,-1,Echolocation,/mnt/ubna_data_02_mir/recover-20220922/UBNA_001/20220921_090000.WAV,Telephone Field,recover-20220922,001,1795
748.6915,748.7291,68437,81311,Rhinolophus ferrumequinum,0.021,0.021,-1,Echolocation,/mnt/ubna_data_02_mir/recover-20220922/UBNA_001/20220921_090000.WAV,Telephone Field,recover-20220922,001,1795
748.7045,748.7456,68437,82656,Rhinolophus ferrumequinum,0.03,0.03,-1,Echolocation,/mnt/ubna_data_02_mir/recover-20220922/UBNA_001/20220921_090000.WAV,Telephone Field,recover-20220922,001,1795
748.7135,748.7521,68437,82482,Rhinolophus ferrumequinum,0.022,0.022,-1,Echolocation,/mnt/ubna_data_02_mir/recover-20220922/UBNA_001/20220921_090000.WAV,Telephone Field,recover-20220922,001,1795
748.7265,748.7447,21171,24300,Nyctalus leisleri,0.024,0.042,-1,Echolocation,/mnt/ubna_data_02_mir/recover-20220922/UBNA_001/20220921_090000.WAV,Telephone Field,recover-20220922,001,1795
748.7525,748.766,23750,29350,Nyctalus leisleri,0.015,0.032,-1,Echolocation,/mnt/ubna_data_02_mir/recover-20220922/UBNA_001/20220921_090000.WAV,Telephone Field,recover-20220922,001,1795
748.7875,748.8292,68437,82628,Rhinolophus ferrumequinum,0.032,0.032,-1,Echolocation,/mnt/ubna_data_02_mir/recover-20220922/UBNA_001/20220921_090000.WAV,Telephone Field,recover-20220922,001,1795
748.8005,748.8117,23750,30814,Nyctalus leisleri,0.007,0.022,-1,Echolocation,/mnt/ubna_data_02_mir/recover-20220922/UBNA_001/20220921_090000.WAV,Telephone Field,recover-20220922,001,1795
748.8365,748.8762,68437,81823,Rhinolophus ferrumequinum,0.02,0.02,-1,Echolocation,/mnt/ubna_data_02_mir/recover-20220922/UBNA_001/20220921_090000.WAV,Telephone Field,recover-20220922,001,1795
748.8585,748.8964,68437,80964,Rhinolophus ferrumequinum,0.024,0.024,-1,Echolocation,/mnt/ubna_data_02_mir/recover-20220922/UBNA_001/20220921_090000.WAV,Telephone Field,recover-20220922,001,1795
748.8595,748.8699,28906,36046,Eptesicus serotinus,0.012,0.026,-1,Echolocation,/mnt/ubna_data_02_mir/recover-20220922/UBNA_001/20220921_090000.WAV,Telephone Field,recover-20220922,001,1795
748.8665,748.9049,68437,82314,Rhinolophus ferrumequinum,0.022,0.022,-1,Echolocation,/mnt/ubna_data_02_mir/recover-20220922/UBNA_001/20220921_090000.WAV,Telephone Field,recover-20220922,001,1795
748.8725,748.9099,68437,82087,Rhinolophus ferrumequinum,0.021,0.021,-1,Echolocation,/mnt/ubna_data_02_mir/recover-20220922/UBNA_001/20220921_090000.WAV,Telephone Field,recover-20220922,001,1795
748.8925,748.9293,68437,81876,Rhinolophus ferrumequinum,0.022,0.022,-1,Echolocation,/mnt/ubna_data_02_mir/recover-20220922/UBNA_001/20220921_090000.WAV,Telephone Field,recover-20220922,001,1795
748.8945,748.9046,28046,37540,Eptesicus serotinus,0.009,0.023,-1,Echolocation,/mnt/ubna_data_02_mir/recover-20220922/UBNA_001/20220921_090000.WAV,Telephone Field,recover-20220922,001,1795
748.9395,748.9799,68437,82329,Rhinolophus ferrumequinum,0.022,0.022,-1,Echolocation,/mnt/ubna_data_02_mir/recover-20220922/UBNA_001/20220921_090000.WAV,Telephone Field,recover-20220922,001,1795
748.9415,748.9485999999999,26328,38877,Eptesicus serotinus,0.006,0.021,-1,Echolocation,/mnt/ubna_data_02_mir/recover-20220922/UBNA_001/20220921_090000.WAV,Telephone Field,recover-20220922,001,1795
748.9455,748.9846,68437,82828,Rhinolophus ferrumequinum,0.024,0.024,-1,Echolocation,/mnt/ubna_data_02_mir/recover-20220922/UBNA_001/20220921_090000.WAV,Telephone Field,recover-20220922,001,1795
748.9805,748.9884,28046,40729,Eptesicus serotinus,0.008,0.021,-1,Echolocation,/mnt/ubna_data_02_mir/recover-20220922/UBNA_001/20220921_090000.WAV,Telephone Field,recover-20220922,001,1795
748.9855,749.0209,68437,81937,Rhinolophus ferrumequinum,0.022,0.022,-1,Echolocation,/mnt/ubna_data_02_mir/recover-20220922/UBNA_001/20220921_090000.WAV,Telephone Field,recover-20220922,001,1795
749.0085,749.0468,68437,82668,Rhinolophus ferrumequinum,0.02,0.021,-1,Echolocation,/mnt/ubna_data_02_mir/recover-20220922/UBNA_001/20220921_090000.WAV,Telephone Field,recover-20220922,001,1795
749.0675,749.0768,25468,32922,Eptesicus serotinus,0.012,0.028,-1,Echolocation,/mnt/ubna_data_02_mir/recover-20220922/UBNA_001/20220921_090000.WAV,Telephone Field,recover-20220922,001,1795
749.0835,749.1223,68437,82679,Rhinolophus ferrumequinum,0.021,0.021,-1,Echolocation,/mnt/ubna_data_02_mir/recover-20220922/UBNA_001/20220921_090000.WAV,Telephone Field,recover-20220922,001,1795
749.1105,749.1218,22031,26707,Nyctalus leisleri,0.012,0.024,-1,Echolocation,/mnt/ubna_data_02_mir/recover-20220922/UBNA_001/20220921_090000.WAV,Telephone Field,recover-20220922,001,1795
749.1295,749.1747,68437,83521,Rhinolophus ferrumequinum,0.054,0.054,-1,Echolocation,/mnt/ubna_data_02_mir/recover-20220922/UBNA_001/20220921_090000.WAV,Telephone Field,recover-20220922,001,1795
749.1535,749.1933,68437,81665,Rhinolophus ferrumequinum,0.023,0.023,-1,Echolocation,/mnt/ubna_data_02_mir/recover-20220922/UBNA_001/20220921_090000.WAV,Telephone Field,recover-20220922,001,1795
749.1585,749.1686,25468,33453,Eptesicus serotinus,0.01,0.021,-1,Echolocation,/mnt/ubna_data_02_mir/recover-20220922/UBNA_001/20220921_090000.WAV,Telephone Field,recover-20220922,001,1795
749.1595,749.1997,68437,82214,Rhinolophus ferrumequinum,0.023,0.023,-1,Echolocation,/mnt/ubna_data_02_mir/recover-20220922/UBNA_001/20220921_090000.WAV,Telephone Field,recover-20220922,001,1795
749.1835,749.1922,27187,37871,Eptesicus serotinus,0.009,0.02,-1,Echolocation,/mnt/ubna_data_02_mir/recover-20220922/UBNA_001/20220921_090000.WAV,Telephone Field,recover-20220922,001,1795
749.2215,749.2612,68437,82261,Rhinolophus ferrumequinum,0.021,0.021,-1,Echolocation,/mnt/ubna_data_02_mir/recover-20220922/UBNA_001/20220921_090000.WAV,Telephone Field,recover-20220922,001,1795
749.2365,749.2737,68437,82461,Rhinolophus ferrumequinum,0.022,0.022,-1,Echolocation,/mnt/ubna_data_02_mir/recover-20220922/UBNA_001/20220921_090000.WAV,Telephone Field,recover-20220922,001,1795
749.2775,749.3182,68437,82665,Rhinolophus ferrumequinum,0.027,0.027,-1,Echolocation,/mnt/ubna_data_02_mir/recover-20220922/UBNA_001/20220921_090000.WAV,Telephone Field,recover-20220922,001,1795
749.2795,749.2907,28906,35521,Eptesicus serotinus,0.01,0.021,-1,Echolocation,/mnt/ubna_data_02_mir/recover-20220922/UBNA_001/20220921_090000.WAV,Telephone Field,recover-20220922,001,1795
749.2815,749.2918999999999,23750,29477,Nyctalus leisleri,0.008,0.021,-1,Echolocation,/mnt/ubna_data_02_mir/recover-20220922/UBNA_001/20220921_090000.WAV,Telephone Field,recover-20220922,001,1795
749.2865,749.297,26328,32986,Eptesicus serotinus,0.009,0.022,-1,Echolocation,/mnt/ubna_data_02_mir/recover-20220922/UBNA_001/20220921_090000.WAV,Telephone Field,recover-20220922,001,1795
749.3115,749.3214,35781,40671,Barbastellus barbastellus,0.007,0.023,-1,Echolocation,/mnt/ubna_data_02_mir/recover-20220922/UBNA_001/20220921_090000.WAV,Telephone Field,recover-20220922,001,1795
749.3115,749.3196,28046,40059,Eptesicus serotinus,0.008,0.023,-1,Echolocation,/mnt/ubna_data_02_mir/recover-20220922/UBNA_001/20220921_090000.WAV,Telephone Field,recover-20220922,001,1795
749.3455,749.3838,68437,82475,Rhinolophus ferrumequinum,0.024,0.024,-1,Echolocation,/mnt/ubna_data_02_mir/recover-20220922/UBNA_001/20220921_090000.WAV,Telephone Field,recover-20220922,001,1795
749.3585,749.3955,68437,81716,Rhinolophus ferrumequinum,0.022,0.022,-1,Echolocation,/mnt/ubna_data_02_mir/recover-20220922/UBNA_001/20220921_090000.WAV,Telephone Field,recover-20220922,001,1795
749.3905,749.4297,68437,82422,Rhinolophus ferrumequinum,0.021,0.021,-1,Echolocation,/mnt/ubna_data_02_mir/recover-20220922/UBNA_001/20220921_090000.WAV,Telephone Field,recover-20220922,001,1795
749.3955,749.405,24609,31875,Eptesicus serotinus,0.007,0.021,-1,Echolocation,/mnt/ubna_data_02_mir/recover-20220922/UBNA_001/20220921_090000.WAV,Telephone Field,recover-20220922,001,1795
749.4205,749.4344,22031,25882,Nyctalus leisleri,0.012,0.021,-1,Echolocation,/mnt/ubna_data_02_mir/recover-20220922/UBNA_001/20220921_090000.WAV,Telephone Field,recover-20220922,001,1795
749.4385,749.4765,68437,81896,Rhinolophus ferrumequinum,0.023,0.023,-1,Echolocation,/mnt/ubna_data_02_mir/recover-20220922/UBNA_001/20220921_090000.WAV,Telephone Field,recover-20220922,001,1795
749.4715,749.5124,68437,82836,Rhinolophus ferrumequinum,0.025,0.025,-1,Echolocation,/mnt/ubna_data_02_mir/recover-20220922/UBNA_001/20220921_090000.WAV,Telephone Field,recover-20220922,001,1795
749.4835,749.5219,68437,82282,Rhinolophus ferrumequinum,0.024,0.024,-1,Echolocation,/mnt/ubna_data_02_mir/recover-20220922/UBNA_001/20220921_090000.WAV,Telephone Field,recover-20220922,001,1795
749.5075,749.5465,68437,81978,Rhinolophus ferrumequinum,0.021,0.021,-1,Echolocation,/mnt/ubna_data_02_mir/recover-20220922/UBNA_001/20220921_090000.WAV,Telephone Field,recover-20220922,001,1795
749.5505,749.592,68437,82571,Rhinolophus ferrumequinum,0.03,0.03,-1,Echolocation,/mnt/ubna_data_02_mir/recover-20220922/UBNA_001/20220921_090000.WAV,Telephone Field,recover-20220922,001,1795
749.5845,749.6214,68437,81777,Rhinolophus ferrumequinum,0.02,0.02,-1,Echolocation,/mnt/ubna_data_02_mir/recover-20220922/UBNA_001/20220921_090000.WAV,Telephone Field,recover-20220922,001,1795
749.6025,749.6395,68437,80116,Rhinolophus ferrumequinum,0.021,0.021,-1,Echolocation,/mnt/ubna_data_02_mir/recover-20220922/UBNA_001/20220921_090000.WAV,Telephone Field,recover-20220922,001,1795
749.6085,749.6437,68437,80974,Rhinolophus ferrumequinum,0.023,0.023,-1,Echolocation,/mnt/ubna_data_02_mir/recover-20220922/UBNA_001/20220921_090000.WAV,Telephone Field,recover-20220922,001,1795
749.6105,749.6208,22031,27071,Nyctalus leisleri,0.01,0.023,-1,Echolocation,/mnt/ubna_data_02_mir/recover-20220922/UBNA_001/20220921_090000.WAV,Telephone Field,recover-20220922,001,1795
749.6175,749.6567,68437,82178,Rhinolophus ferrumequinum,0.022,0.022,-1,Echolocation,/mnt/ubna_data_02_mir/recover-20220922/UBNA_001/20220921_090000.WAV,Telephone Field,recover-20220922,001,1795
749.6475,749.6867,68437,82843,Rhinolophus ferrumequinum,0.022,0.022,-1,Echolocation,/mnt/ubna_data_02_mir/recover-20220922/UBNA_001/20220921_090000.WAV,Telephone Field,recover-20220922,001,1795
749.6705,749.7073,68437,81956,Rhinolophus ferrumequinum,0.025,0.025,-1,Echolocation,/mnt/ubna_data_02_mir/recover-20220922/UBNA_001/20220921_090000.WAV,Telephone Field,recover-20220922,001,1795
749.7025,749.7405,68437,82450,Rhinolophus ferrumequinum,0.021,0.021,-1,Echolocation,/mnt/ubna_data_02_mir/recover-20220922/UBNA_001/20220921_090000.WAV,Telephone Field,recover-20220922,001,1795
749.7405,749.7815,68437,82683,Rhinolophus ferrumequinum,0.023,0.023,-1,Echolocation,/mnt/ubna_data_02_mir/recover-20220922/UBNA_001/20220921_090000.WAV,Telephone Field,recover-20220922,001,1795
749.7825,749.8207,68437,81823,Rhinolophus ferrumequinum,0.031,0.031,-1,Echolocation,/mnt/ubna_data_02_mir/recover-20220922/UBNA_001/20220921_090000.WAV,Telephone Field,recover-20220922,001,1795
749.8035,749.8138,28906,39125,Eptesicus serotinus,0.008,0.021,-1,Echolocation,/mnt/ubna_data_02_mir/recover-20220922/UBNA_001/20220921_090000.WAV,Telephone Field,recover-20220922,001,1795
749.8065,749.8497,68437,83059,Rhinolophus ferrumequinum,0.048,0.049,-1,Echolocation,/mnt/ubna_data_02_mir/recover-20220922/UBNA_001/20220921_090000.WAV,Telephone Field,recover-20220922,001,1795
749.8175,749.8257,29765,38490,Eptesicus serotinus,0.012,0.027,-1,Echolocation,/mnt/ubna_data_02_mir/recover-20220922/UBNA_001/20220921_090000.WAV,Telephone Field,recover-20220922,001,1795
749.8735,749.8824,46953,50097,Pipistrellus pipistrellus,0.019,0.021,-1,Echolocation,/mnt/ubna_data_02_mir/recover-20220922/UBNA_001/20220921_090000.WAV,Telephone Field,recover-20220922,001,1795
749.8745,749.9154,68437,82407,Rhinolophus ferrumequinum,0.023,0.023,-1,Echolocation,/mnt/ubna_data_02_mir/recover-20220922/UBNA_001/20220921_090000.WAV,Telephone Field,recover-20220922,001,1795
749.9005,749.939,68437,81703,Rhinolophus ferrumequinum,0.021,0.021,-1,Echolocation,/mnt/ubna_data_02_mir/recover-20220922/UBNA_001/20220921_090000.WAV,Telephone Field,recover-20220922,001,1795
749.9275,749.9657,68437,81069,Rhinolophus ferrumequinum,0.023,0.024,-1,Echolocation,/mnt/ubna_data_02_mir/recover-20220922/UBNA_001/20220921_090000.WAV,Telephone Field,recover-20220922,001,1795
749.9585,749.9969,68437,82024,Rhinolophus ferrumequinum,0.023,0.023,-1,Echolocation,/mnt/ubna_data_02_mir/recover-20220922/UBNA_001/20220921_090000.WAV,Telephone Field,recover-20220922,001,1795
749.9845,749.9954,29765,37049,Eptesicus serotinus,0.013,0.029,-1,Echolocation,/mnt/ubna_data_02_mir/recover-20220922/UBNA_001/20220921_090000.WAV,Telephone Field,recover-20220922,001,1795
750.0015,750.012,48671,55134,Pipistrellus pipistrellus,0.021,0.027,-1,Echolocation,/mnt/ubna_data_02_mir/recover-20220922/UBNA_001/20220921_090000.WAV,Telephone Field,recover-20220922,001,1795
750.0015,750.0143,20312,24547,Nyctalus leisleri,0.016,0.029,-1,Echolocation,/mnt/ubna_data_02_mir/recover-20220922/UBNA_001/20220921_090000.WAV,Telephone Field,recover-20220922,001,1795
750.0015,750.0346,68437,79566,Rhinolophus ferrumequinum,0.022,0.022,-1,Echolocation,/mnt/ubna_data_02_mir/recover-20220922/UBNA_001/20220921_090000.WAV,Telephone Field,recover-20220922,001,1795
750.0015,750.0082,25468,37185,Plecotus austriacus,0.005,0.025,-1,Echolocation,/mnt/ubna_data_02_mir/recover-20220922/UBNA_001/20220921_090000.WAV,Telephone Field,recover-20220922,001,1795
750.0085,750.0522,68437,82567,Rhinolophus ferrumequinum,0.031,0.031,-1,Echolocation,/mnt/ubna_data_02_mir/recover-20220922/UBNA_001/20220921_090000.WAV,Telephone Field,recover-20220922,001,1795
750.0335,750.0722,68437,82463,Rhinolophus ferrumequinum,0.022,0.022,-1,Echolocation,/mnt/ubna_data_02_mir/recover-20220922/UBNA_001/20220921_090000.WAV,Telephone Field,recover-20220922,001,1795
750.0395,750.0493,47812,52728,Pipistrellus pipistrellus,0.036,0.037,-1,Echolocation,/mnt/ubna_data_02_mir/recover-20220922/UBNA_001/20220921_090000.WAV,Telephone Field,recover-20220922,001,1795
750.0585,750.0966,68437,81531,Rhinolophus ferrumequinum,0.022,0.022,-1,Echolocation,/mnt/ubna_data_02_mir/recover-20220922/UBNA_001/20220921_090000.WAV,Telephone Field,recover-20220922,001,1795
750.0955,750.1341,68437,82806,Rhinolophus ferrumequinum,0.024,0.024,-1,Echolocation,/mnt/ubna_data_02_mir/recover-20220922/UBNA_001/20220921_090000.WAV,Telephone Field,recover-20220922,001,1795
750.1015,750.1414,68437,82743,Rhinolophus ferrumequinum,0.025,0.025,-1,Echolocation,/mnt/ubna_data_02_mir/recover-20220922/UBNA_001/20220921_090000.WAV,Telephone Field,recover-20220922,001,1795
750.1085,750.1164,30625,41210,Myotis daubentonii,0.009,0.028,-1,Echolocation,/mnt/ubna_data_02_mir/recover-20220922/UBNA_001/20220921_090000.WAV,Telephone Field,recover-20220922,001,1795
750.1125,750.1522,68437,82845,Rhinolophus ferrumequinum,0.023,0.023,-1,Echolocation,/mnt/ubna_data_02_mir/recover-20220922/UBNA_001/20220921_090000.WAV,Telephone Field,recover-20220922,001,1795
750.1245,750.1662,68437,82847,Rhinolophus ferrumequinum,0.026,0.026,-1,Echolocation,/mnt/ubna_data_02_mir/recover-20220922/UBNA_001/20220921_090000.WAV,Telephone Field,recover-20220922,001,1795
750.1455,750.1834,68437,81747,Rhinolophus ferrumequinum,0.022,0.022,-1,Echolocation,/mnt/ubna_data_02_mir/recover-20220922/UBNA_001/20220921_090000.WAV,Telephone Field,recover-20220922,001,1795
750.1645,750.1728,23750,31234,Plecotus austriacus,0.009,0.023,-1,Echolocation,/mnt/ubna_data_02_mir/recover-20220922/UBNA_001/20220921_090000.WAV,Telephone Field,recover-20220922,001,1795
750.1685,750.2098,68437,82269,Rhinolophus ferrumequinum,0.025,0.025,-1,Echolocation,/mnt/ubna_data_02_mir/recover-20220922/UBNA_001/20220921_090000.WAV,Telephone Field,recover-20220922,001,1795
750.1735,750.2139,68437,82394,Rhinolophus ferrumequinum,0.024,0.024,-1,Echolocation,/mnt/ubna_data_02_mir/recover-20220922/UBNA_001/20220921_090000.WAV,Telephone Field,recover-20220922,001,1795
750.1875,750.2284,68437,82697,Rhinolophus ferrumequinum,0.028,0.028,-1,Echolocation,/mnt/ubna_data_02_mir/recover-20220922/UBNA_001/20220921_090000.WAV,Telephone Field,recover-20220922,001,1795
750.1885,750.1987,28046,35868,Eptesicus serotinus,0.009,0.023,-1,Echolocation,/mnt/ubna_data_02_mir/recover-20220922/UBNA_001/20220921_090000.WAV,Telephone Field,recover-20220922,001,1795
750.2105,750.2522,68437,82158,Rhinolophus ferrumequinum,0.029,0.029,-1,Echolocation,/mnt/ubna_data_02_mir/recover-20220922/UBNA_001/20220921_090000.WAV,Telephone Field,recover-20220922,001,1795
750.2205,750.2583,68437,82085,Rhinolophus ferrumequinum,0.027,0.027,-1,Echolocation,/mnt/ubna_data_02_mir/recover-20220922/UBNA_001/20220921_090000.WAV,Telephone Field,recover-20220922,001,1795
750.2245,750.2325,49531,54277,Pipistrellus pipistrellus,0.023,0.025,-1,Echolocation,/mnt/ubna_data_02_mir/recover-20220922/UBNA_001/20220921_090000.WAV,Telephone Field,recover-20220922,001,1795
750.2305,750.2692,68437,82254,Rhinolophus ferrumequinum,0.025,0.025,-1,Echolocation,/mnt/ubna_data_02_mir/recover-20220922/UBNA_001/20220921_090000.WAV,Telephone Field,recover-20220922,001,1795
750.2605,750.2986,68437,81965,Rhinolophus ferrumequinum,0.022,0.022,-1,Echolocation,/mnt/ubna_data_02_mir/recover-20220922/UBNA_001/20220921_090000.WAV,Telephone Field,recover-20220922,001,1795
750.2685,750.3052,68437,81517,Rhinolophus ferrumequinum,0.021,0.022,-1,Echolocation,/mnt/ubna_data_02_mir/recover-20220922/UBNA_001/20220921_090000.WAV,Telephone Field,recover-20220922,001,1795
750.3205,750.3575,68437,81404,Rhinolophus ferrumequinum,0.022,0.022,-1,Echolocation,/mnt/ubna_data_02_mir/recover-20220922/UBNA_001/20220921_090000.WAV,Telephone Field,recover-20220922,001,1795
750.3355,750.345,28906,36902,Eptesicus serotinus,0.009,0.022,-1,Echolocation,/mnt/ubna_data_02_mir/recover-20220922/UBNA_001/20220921_090000.WAV,Telephone Field,recover-20220922,001,1795
750.3435,750.3519,28906,36725,Eptesicus serotinus,0.007,0.022,-1,Echolocation,/mnt/ubna_data_02_mir/recover-20220922/UBNA_001/20220921_090000.WAV,Telephone Field,recover-20220922,001,1795
750.3715,750.4116,68437,82762,Rhinolophus ferrumequinum,0.027,0.027,-1,Echolocation,/mnt/ubna_data_02_mir/recover-20220922/UBNA_001/20220921_090000.WAV,Telephone Field,recover-20220922,001,1795
750.4065,750.4449,68437,82292,Rhinolophus ferrumequinum,0.032,0.033,-1,Echolocation,/mnt/ubna_data_02_mir/recover-20220922/UBNA_001/20220921_090000.WAV,Telephone Field,recover-20220922,001,1795
750.4195,750.4279,28906,40398,Eptesicus serotinus,0.007,0.022,-1,Echolocation,/mnt/ubna_data_02_mir/recover-20220922/UBNA_001/20220921_090000.WAV,Telephone Field,recover-20220922,001,1795
750.4235,750.4651,68437,82782,Rhinolophus ferrumequinum,0.035,0.035,-1,Echolocation,/mnt/ubna_data_02_mir/recover-20220922/UBNA_001/20220921_090000.WAV,Telephone Field,recover-20220922,001,1795
750.4625,750.5,68437,82372,Rhinolophus ferrumequinum,0.029,0.029,-1,Echolocation,/mnt/ubna_data_02_mir/recover-20220922/UBNA_001/20220921_090000.WAV,Telephone Field,recover-20220922,001,1795
750.4885,750.5279,68437,82622,Rhinolophus ferrumequinum,0.023,0.023,-1,Echolocation,/mnt/ubna_data_02_mir/recover-20220922/UBNA_001/20220921_090000.WAV,Telephone Field,recover-20220922,001,1795
750.5135,750.5529,68437,82623,Rhinolophus ferrumequinum,0.023,0.023,-1,Echolocation,/mnt/ubna_data_02_mir/recover-20220922/UBNA_001/20220921_090000.WAV,Telephone Field,recover-20220922,001,1795
750.5365,750.5464,22031,27254,Nyctalus leisleri,0.009,0.022,-1,Echolocation,/mnt/ubna_data_02_mir/recover-20220922/UBNA_001/20220921_090000.WAV,Telephone Field,recover-20220922,001,1795
750.5545,750.593,68437,82161,Rhinolophus ferrumequinum,0.022,0.022,-1,Echolocation,/mnt/ubna_data_02_mir/recover-20220922/UBNA_001/20220921_090000.WAV,Telephone Field,recover-20220922,001,1795
750.5605,750.5983,68437,82082,Rhinolophus ferrumequinum,0.022,0.022,-1,Echolocation,/mnt/ubna_data_02_mir/recover-20220922/UBNA_001/20220921_090000.WAV,Telephone Field,recover-20220922,001,1795
750.5735,750.611,68437,81444,Rhinolophus ferrumequinum,0.022,0.022,-1,Echolocation,/mnt/ubna_data_02_mir/recover-20220922/UBNA_001/20220921_090000.WAV,Telephone Field,recover-20220922,001,1795
750.5805,750.6162,68437,82474,Rhinolophus ferrumequinum,0.021,0.021,-1,Echolocation,/mnt/ubna_data_02_mir/recover-20220922/UBNA_001/20220921_090000.WAV,Telephone Field,recover-20220922,001,1795
750.5825,750.5928,24609,30633,Nyctalus leisleri,0.01,0.027,-1,Echolocation,/mnt/ubna_data_02_mir/recover-20220922/UBNA_001/20220921_090000.WAV,Telephone Field,recover-20220922,001,1795
750.6115,750.6243,22890,27272,Nyctalus leisleri,0.014,0.024,-1,Echolocation,/mnt/ubna_data_02_mir/recover-20220922/UBNA_001/20220921_090000.WAV,Telephone Field,recover-20220922,001,1795
750.6195,750.6598,68437,82758,Rhinolophus ferrumequinum,0.029,0.029,-1,Echolocation,/mnt/ubna_data_02_mir/recover-20220922/UBNA_001/20220921_090000.WAV,Telephone Field,recover-20220922,001,1795
750.6505,750.6879,68437,81675,Rhinolophus ferrumequinum,0.023,0.023,-1,Echolocation,/mnt/ubna_data_02_mir/recover-20220922/UBNA_001/20220921_090000.WAV,Telephone Field,recover-20220922,001,1795
750.6765,750.6842,22890,30049,Plecotus austriacus,0.011,0.023,-1,Echolocation,/mnt/ubna_data_02_mir/recover-20220922/UBNA_001/20220921_090000.WAV,Telephone Field,recover-20220922,001,1795
750.6805,750.7173,68437,82110,Rhinolophus ferrumequinum,0.022,0.022,-1,Echolocation,/mnt/ubna_data_02_mir/recover-20220922/UBNA_001/20220921_090000.WAV,Telephone Field,recover-20220922,001,1795
750.7015,750.7135,27187,31919,Nyctalus leisleri,0.015,0.036,-1,Echolocation,/mnt/ubna_data_02_mir/recover-20220922/UBNA_001/20220921_090000.WAV,Telephone Field,recover-20220922,001,1795
750.7215,750.7619,68437,82603,Rhinolophus ferrumequinum,0.027,0.027,-1,Echolocation,/mnt/ubna_data_02_mir/recover-20220922/UBNA_001/20220921_090000.WAV,Telephone Field,recover-20220922,001,1795
750.7575,750.7987,68437,82761,Rhinolophus ferrumequinum,0.025,0.025,-1,Echolocation,/mnt/ubna_data_02_mir/recover-20220922/UBNA_001/20220921_090000.WAV,Telephone Field,recover-20220922,001,1795
750.7585,750.7665,28046,40655,Eptesicus serotinus,0.009,0.026,-1,Echolocation,/mnt/ubna_data_02_mir/recover-20220922/UBNA_001/20220921_090000.WAV,Telephone Field,recover-20220922,001,1795
750.7675,750.8093,68437,82513,Rhinolophus ferrumequinum,0.028,0.028,-1,Echolocation,/mnt/ubna_data_02_mir/recover-20220922/UBNA_001/20220921_090000.WAV,Telephone Field,recover-20220922,001,1795
750.7815,750.8191,68437,81834,Rhinolophus ferrumequinum,0.033,0.033,-1,Echolocation,/mnt/ubna_data_02_mir/recover-20220922/UBNA_001/20220921_090000.WAV,Telephone Field,recover-20220922,001,1795
750.7875,750.8005,27187,32948,Eptesicus serotinus,0.081,0.129,-1,Echolocation,/mnt/ubna_data_02_mir/recover-20220922/UBNA_001/20220921_090000.WAV,Telephone Field,recover-20220922,001,1795
750.7945,750.832,68437,81625,Rhinolophus ferrumequinum,0.021,0.022,-1,Echolocation,/mnt/ubna_data_02_mir/recover-20220922/UBNA_001/20220921_090000.WAV,Telephone Field,recover-20220922,001,1795
750.8255,750.865,68437,82055,Rhinolophus ferrumequinum,0.034,0.034,-1,Echolocation,/mnt/ubna_data_02_mir/recover-20220922/UBNA_001/20220921_090000.WAV,Telephone Field,recover-20220922,001,1795
750.8725,750.9134,68437,83028,Rhinolophus ferrumequinum,0.029,0.029,-1,Echolocation,/mnt/ubna_data_02_mir/recover-20220922/UBNA_001/20220921_090000.WAV,Telephone Field,recover-20220922,001,1795
750.8875,750.9288,68437,83007,Rhinolophus ferrumequinum,0.027,0.027,-1,Echolocation,/mnt/ubna_data_02_mir/recover-20220922/UBNA_001/20220921_090000.WAV,Telephone Field,recover-20220922,001,1795
750.9275,750.9707,68437,83274,Rhinolophus ferrumequinum,0.046,0.046,-1,Echolocation,/mnt/ubna_data_02_mir/recover-20220922/UBNA_001/20220921_090000.WAV,Telephone Field,recover-20220922,001,1795
750.9395,750.9469,28046,39473,Eptesicus serotinus,0.007,0.022,-1,Echolocation,/mnt/ubna_data_02_mir/recover-20220922/UBNA_001/20220921_090000.WAV,Telephone Field,recover-20220922,001,1795
750.9615,750.9703,23750,31746,Plecotus austriacus,0.008,0.024,-1,Echolocation,/mnt/ubna_data_02_mir/recover-20220922/UBNA_001/20220921_090000.WAV,Telephone Field,recover-20220922,001,1795
751.0025,751.0164,56406,61998,Pipistrellus pygmaeus,0.021,0.022,-1,Echolocation,/mnt/ubna_data_02_mir/recover-20220922/UBNA_001/20220921_090000.WAV,Telephone Field,recover-20220922,001,1795
751.0155,751.027,28046,34345,Eptesicus serotinus,0.022,0.041,-1,Echolocation,/mnt/ubna_data_02_mir/recover-20220922/UBNA_001/20220921_090000.WAV,Telephone Field,recover-20220922,001,1795
751.0275,751.0641,68437,82374,Rhinolophus ferrumequinum,0.024,0.024,-1,Echolocation,/mnt/ubna_data_02_mir/recover-20220922/UBNA_001/20220921_090000.WAV,Telephone Field,recover-20220922,001,1795
751.0805,751.118,68437,81937,Rhinolophus ferrumequinum,0.023,0.024,-1,Echolocation,/mnt/ubna_data_02_mir/recover-20220922/UBNA_001/20220921_090000.WAV,Telephone Field,recover-20220922,001,1795
751.0895,751.1295,68437,82427,Rhinolophus ferrumequinum,0.025,0.025,-1,Echolocation,/mnt/ubna_data_02_mir/recover-20220922/UBNA_001/20220921_090000.WAV,Telephone Field,recover-20220922,001,1795
751.1005,751.1428,68437,83031,Rhinolophus ferrumequinum,0.039,0.039,-1,Echolocation,/mnt/ubna_data_02_mir/recover-20220922/UBNA_001/20220921_090000.WAV,Telephone Field,recover-20220922,001,1795
751.1455,751.1852,68437,82632,Rhinolophus ferrumequinum,0.023,0.023,-1,Echolocation,/mnt/ubna_data_02_mir/recover-20220922/UBNA_001/20220921_090000.WAV,Telephone Field,recover-20220922,001,1795
751.1595,751.1984,68437,81770,Rhinolophus ferrumequinum,0.023,0.023,-1,Echolocation,/mnt/ubna_data_02_mir/recover-20220922/UBNA_001/20220921_090000.WAV,Telephone Field,recover-20220922,001,1795
751.1685,751.1779,22890,29853,Nyctalus leisleri,0.008,0.024,-1,Echolocation,/mnt/ubna_data_02_mir/recover-20220922/UBNA_001/20220921_090000.WAV,Telephone Field,recover-20220922,001,1795
751.1745,751.2143,68437,82508,Rhinolophus ferrumequinum,0.025,0.025,-1,Echolocation,/mnt/ubna_data_02_mir/recover-20220922/UBNA_001/20220921_090000.WAV,Telephone Field,recover-20220922,001,1795
751.2045,751.2165,23750,29184,Nyctalus leisleri,0.014,0.029,-1,Echolocation,/mnt/ubna_data_02_mir/recover-20220922/UBNA_001/20220921_090000.WAV,Telephone Field,recover-20220922,001,1795
751.2225,751.2625,68437,82997,Rhinolophus ferrumequinum,0.029,0.029,-1,Echolocation,/mnt/ubna_data_02_mir/recover-20220922/UBNA_001/20220921_090000.WAV,Telephone Field,recover-20220922,001,1795
751.2435,751.2805,68437,82602,Rhinolophus ferrumequinum,0.024,0.024,-1,Echolocation,/mnt/ubna_data_02_mir/recover-20220922/UBNA_001/20220921_090000.WAV,Telephone Field,recover-20220922,001,1795
751.2585,751.2949,68437,82067,Rhinolophus ferrumequinum,0.024,0.024,-1,Echolocation,/mnt/ubna_data_02_mir/recover-20220922/UBNA_001/20220921_090000.WAV,Telephone Field,recover-20220922,001,1795
751.2645,751.302,68437,82305,Rhinolophus ferrumequinum,0.024,0.024,-1,Echolocation,/mnt/ubna_data_02_mir/recover-20220922/UBNA_001/20220921_090000.WAV,Telephone Field,recover-20220922,001,1795
751.2855,751.323,68437,81857,Rhinolophus ferrumequinum,0.022,0.023,-1,Echolocation,/mnt/ubna_data_02_mir/recover-20220922/UBNA_001/20220921_090000.WAV,Telephone Field,recover-20220922,001,1795
751.3175,751.3593,68437,82529,Rhinolophus ferrumequinum,0.035,0.035,-1,Echolocation,/mnt/ubna_data_02_mir/recover-20220922/UBNA_001/20220921_090000.WAV,Telephone Field,recover-20220922,001,1795
751.3255,751.3362,23750,29810,Nyctalus leisleri,0.009,0.022,-1,Echolocation,/mnt/ubna_data_02_mir/recover-20220922/UBNA_001/20220921_090000.WAV,Telephone Field,recover-20220922,001,1795
751.3385,751.3492,22031,26562,Nyctalus leisleri,0.012,0.023,-1,Echolocation,/mnt/ubna_data_02_mir/recover-20220922/UBNA_001/20220921_090000.WAV,Telephone Field,recover-20220922,001,1795
751.3445,751.3857,68437,82348,Rhinolophus ferrumequinum,0.024,0.024,-1,Echolocation,/mnt/ubna_data_02_mir/recover-20220922/UBNA_001/20220921_090000.WAV,Telephone Field,recover-20220922,001,1795
751.3615,751.3995,68437,81884,Rhinolophus ferrumequinum,0.023,0.023,-1,Echolocation,/mnt/ubna_data_02_mir/recover-20220922/UBNA_001/20220921_090000.WAV,Telephone Field,recover-20220922,001,1795
751.3875,751.4256,68437,82637,Rhinolophus ferrumequinum,0.036,0.036,-1,Echolocation,/mnt/ubna_data_02_mir/recover-20220922/UBNA_001/20220921_090000.WAV,Telephone Field,recover-20220922,001,1795
751.4275,751.4724,68437,83535,Rhinolophus ferrumequinum,0.05,0.05,-1,Echolocation,/mnt/ubna_data_02_mir/recover-20220922/UBNA_001/20220921_090000.WAV,Telephone Field,recover-20220922,001,1795
751.4675,751.5075,68437,82980,Rhinolophus ferrumequinum,0.023,0.023,-1,Echolocation,/mnt/ubna_data_02_mir/recover-20220922/UBNA_001/20220921_090000.WAV,Telephone Field,recover-20220922,001,1795
751.4905,751.5287,68437,82102,Rhinolophus ferrumequinum,0.022,0.022,-1,Echolocation,/mnt/ubna_data_02_mir/recover-20220922/UBNA_001/20220921_090000.WAV,Telephone Field,recover-20220922,001,1795
751.4965,751.5068,22031,28839,Plecotus austriacus,0.006,0.023,-1,Echolocation,/mnt/ubna_data_02_mir/recover-20220922/UBNA_001/20220921_090000.WAV,Telephone Field,recover-20220922,001,1795
751.5025,751.5108,28046,38778,Eptesicus serotinus,0.009,0.024,-1,Echolocation,/mnt/ubna_data_02_mir/recover-20220922/UBNA_001/20220921_090000.WAV,Telephone Field,recover-20220922,001,1795
751.5305,751.5716,68437,82948,Rhinolophus ferrumequinum,0.029,0.029,-1,Echolocation,/mnt/ubna_data_02_mir/recover-20220922/UBNA_001/20220921_090000.WAV,Telephone Field,recover-20220922,001,1795
751.5395,751.5785,68437,82458,Rhinolophus ferrumequinum,0.036,0.036,-1,Echolocation,/mnt/ubna_data_02_mir/recover-20220922/UBNA_001/20220921_090000.WAV,Telephone Field,recover-20220922,001,1795
751.5635,751.5982,68437,81512,Rhinolophus ferrumequinum,0.021,0.022,-1,Echolocation,/mnt/ubna_data_02_mir/recover-20220922/UBNA_001/20220921_090000.WAV,Telephone Field,recover-20220922,001,1795
751.5835,751.6219,68437,82473,Rhinolophus ferrumequinum,0.023,0.023,-1,Echolocation,/mnt/ubna_data_02_mir/recover-20220922/UBNA_001/20220921_090000.WAV,Telephone Field,recover-20220922,001,1795
751.6005,751.645,68437,83943,Rhinolophus ferrumequinum,0.053,0.053,-1,Echolocation,/mnt/ubna_data_02_mir/recover-20220922/UBNA_001/20220921_090000.WAV,Telephone Field,recover-20220922,001,1795
751.6265,751.6637,68437,81754,Rhinolophus ferrumequinum,0.023,0.024,-1,Echolocation,/mnt/ubna_data_02_mir/recover-20220922/UBNA_001/20220921_090000.WAV,Telephone Field,recover-20220922,001,1795
751.6295,751.6433,21171,26159,Nyctalus leisleri,0.013,0.034,-1,Echolocation,/mnt/ubna_data_02_mir/recover-20220922/UBNA_001/20220921_090000.WAV,Telephone Field,recover-20220922,001,1795
751.6575,751.6982,68437,82835,Rhinolophus ferrumequinum,0.026,0.026,-1,Echolocation,/mnt/ubna_data_02_mir/recover-20220922/UBNA_001/20220921_090000.WAV,Telephone Field,recover-20220922,001,1795
751.6625,751.7026,68437,83133,Rhinolophus ferrumequinum,0.025,0.025,-1,Echolocation,/mnt/ubna_data_02_mir/recover-20220922/UBNA_001/20220921_090000.WAV,Telephone Field,recover-20220922,001,1795
751.6745,751.6889,21171,24715,Nyctalus leisleri,0.014,0.023,-1,Echolocation,/mnt/ubna_data_02_mir/recover-20220922/UBNA_001/20220921_090000.WAV,Telephone Field,recover-20220922,001,1795
751.7035,751.7424,68437,82226,Rhinolophus ferrumequinum,0.031,0.031,-1,Echolocation,/mnt/ubna_data_02_mir/recover-20220922/UBNA_001/20220921_090000.WAV,Telephone Field,recover-20220922,001,1795
751.7105,751.7495,68437,82739,Rhinolophus ferrumequinum,0.027,0.027,-1,Echolocation,/mnt/ubna_data_02_mir/recover-20220922/UBNA_001/20220921_090000.WAV,Telephone Field,recover-20220922,001,1795
751.7225,751.76,68437,81550,Rhinolophus ferrumequinum,0.022,0.022,-1,Echolocation,/mnt/ubna_data_02_mir/recover-20220922/UBNA_001/20220921_090000.WAV,Telephone Field,recover-20220922,001,1795
751.7315,751.7713,68437,81720,Rhinolophus ferrumequinum,0.022,0.022,-1,Echolocation,/mnt/ubna_data_02_mir/recover-20220922/UBNA_001/20220921_090000.WAV,Telephone Field,recover-20220922,001,1795
751.7405,751.7802,68437,82627,Rhinolophus ferrumequinum,0.027,0.027,-1,Echolocation,/mnt/ubna_data_02_mir/recover-20220922/UBNA_001/20220921_090000.WAV,Telephone Field,recover-20220922,001,1795
751.7565,751.7975,68437,82752,Rhinolophus ferrumequinum,0.035,0.035,-1,Echolocation,/mnt/ubna_data_02_mir/recover-20220922/UBNA_001/20220921_090000.WAV,Telephone Field,recover-20220922,001,1795
751.7715,751.805,68437,81770,Rhinolophus ferrumequinum,0.024,0.024,-1,Echolocation,/mnt/ubna_data_02_mir/recover-20220922/UBNA_001/20220921_090000.WAV,Telephone Field,recover-20220922,001,1795
751.7995,751.8437,68437,83564,Rhinolophus ferrumequinum,0.056,0.056,-1,Echolocation,/mnt/ubna_data_02_mir/recover-20220922/UBNA_001/20220921_090000.WAV,Telephone Field,recover-20220922,001,1795
751.8285,751.8373,22890,30224,Plecotus austriacus,0.009,0.024,-1,Echolocation,/mnt/ubna_data_02_mir/recover-20220922/UBNA_001/20220921_090000.WAV,Telephone Field,recover-20220922,001,1795
751.8475,751.8867,68437,82688,Rhinolophus ferrumequinum,0.029,0.03,-1,Echolocation,/mnt/ubna_data_02_mir/recover-20220922/UBNA_001/20220921_090000.WAV,Telephone Field,recover-20220922,001,1795
751.8695,751.9123,68437,82918,Rhinolophus ferrumequinum,0.023,0.023,-1,Echolocation,/mnt/ubna_data_02_mir/recover-20220922/UBNA_001/20220921_090000.WAV,Telephone Field,recover-20220922,001,1795
751.8975,751.9057,28046,39054,Eptesicus serotinus,0.008,0.023,-1,Echolocation,/mnt/ubna_data_02_mir/recover-20220922/UBNA_001/20220921_090000.WAV,Telephone Field,recover-20220922,001,1795
751.8985,751.937,68437,82123,Rhinolophus ferrumequinum,0.022,0.022,-1,Echolocation,/mnt/ubna_data_02_mir/recover-20220922/UBNA_001/20220921_090000.WAV,Telephone Field,recover-20220922,001,1795
751.9055,751.9443,68437,82204,Rhinolophus ferrumequinum,0.022,0.022,-1,Echolocation,/mnt/ubna_data_02_mir/recover-20220922/UBNA_001/20220921_090000.WAV,Telephone Field,recover-20220922,001,1795
751.9105,751.9504,68437,81983,Rhinolophus ferrumequinum,0.022,0.022,-1,Echolocation,/mnt/ubna_data_02_mir/recover-20220922/UBNA_001/20220921_090000.WAV,Telephone Field,recover-20220922,001,1795
751.9145,751.9244,24609,32001,Eptesicus serotinus,0.008,0.022,-1,Echolocation,/mnt/ubna_data_02_mir/recover-20220922/UBNA_001/20220921_090000.WAV,Telephone Field,recover-20220922,001,1795
751.9255,751.9675,68437,83110,Rhinolophus ferrumequinum,0.023,0.023,-1,Echolocation,/mnt/ubna_data_02_mir/recover-20220922/UBNA_001/20220921_090000.WAV,Telephone Field,recover-20220922,001,1795
751.9355,751.9488,28906,35921,Eptesicus serotinus,0.02,0.031,-1,Echolocation,/mnt/ubna_data_02_mir/recover-20220922/UBNA_001/20220921_090000.WAV,Telephone Field,recover-20220922,001,1795
751.9355,751.9767,68437,82515,Rhinolophus ferrumequinum,0.022,0.022,-1,Echolocation,/mnt/ubna_data_02_mir/recover-20220922/UBNA_001/20220921_090000.WAV,Telephone Field,recover-20220922,001,1795
751.9555,751.9956,68437,82101,Rhinolophus ferrumequinum,0.024,0.024,-1,Echolocation,/mnt/ubna_data_02_mir/recover-20220922/UBNA_001/20220921_090000.WAV,Telephone Field,recover-20220922,001,1795
751.9815,751.9895,26328,35203,Eptesicus serotinus,0.011,0.027,-1,Echolocation,/mnt/ubna_data_02_mir/recover-20220922/UBNA_001/20220921_090000.WAV,Telephone Field,recover-20220922,001,1795
752.0015,752.0345,69296,81551,Rhinolophus ferrumequinum,0.034,0.034,-1,Echolocation,/mnt/ubna_data_02_mir/recover-20220922/UBNA_001/20220921_090000.WAV,Telephone Field,recover-20220922,001,1795
752.0015,752.0095,46953,53940,Pipistrellus pipistrellus,0.018,0.025,-1,Echolocation,/mnt/ubna_data_02_mir/recover-20220922/UBNA_001/20220921_090000.WAV,Telephone Field,recover-20220922,001,1795
752.0015,752.011,25468,32154,Nyctalus leisleri,0.017,0.039,-1,Echolocation,/mnt/ubna_data_02_mir/recover-20220922/UBNA_001/20220921_090000.WAV,Telephone Field,recover-20220922,001,1795
752.0135,752.0523,68437,81799,Rhinolophus ferrumequinum,0.023,0.023,-1,Echolocation,/mnt/ubna_data_02_mir/recover-20220922/UBNA_001/20220921_090000.WAV,Telephone Field,recover-20220922,001,1795
752.0275,752.064,68437,80971,Rhinolophus ferrumequinum,0.022,0.022,-1,Echolocation,/mnt/ubna_data_02_mir/recover-20220922/UBNA_001/20220921_090000.WAV,Telephone Field,recover-20220922,001,1795
752.0405,752.0507,22890,28719,Nyctalus leisleri,0.011,0.024,-1,Echolocation,/mnt/ubna_data_02_mir/recover-20220922/UBNA_001/20220921_090000.WAV,Telephone Field,recover-20220922,001,1795
752.0875,752.1258,68437,82264,Rhinolophus ferrumequinum,0.024,0.025,-1,Echolocation,/mnt/ubna_data_02_mir/recover-20220922/UBNA_001/20220921_090000.WAV,Telephone Field,recover-20220922,001,1795
752.1105,752.1481,68437,81859,Rhinolophus ferrumequinum,0.022,0.022,-1,Echolocation,/mnt/ubna_data_02_mir/recover-20220922/UBNA_001/20220921_090000.WAV,Telephone Field,recover-20220922,001,1795
752.1325,752.1707,68437,82181,Rhinolophus ferrumequinum,0.03,0.03,-1,Echolocation,/mnt/ubna_data_02_mir/recover-20220922/UBNA_001/20220921_090000.WAV,Telephone Field,recover-20220922,001,1795
752.1565,752.1957,68437,82553,Rhinolophus ferrumequinum,0.027,0.027,-1,Echolocation,/mnt/ubna_data_02_mir/recover-20220922/UBNA_001/20220921_090000.WAV,Telephone Field,recover-20220922,001,1795
752.1635,752.2021,68437,81728,Rhinolophus ferrumequinum,0.022,0.022,-1,Echolocation,/mnt/ubna_data_02_mir/recover-20220922/UBNA_001/20220921_090000.WAV,Telephone Field,recover-20220922,001,1795
752.1645,752.1731,28906,38525,Eptesicus serotinus,0.008,0.022,-1,Echolocation,/mnt/ubna_data_02_mir/recover-20220922/UBNA_001/20220921_090000.WAV,Telephone Field,recover-20220922,001,1795
752.2015,752.2426,68437,82363,Rhinolophus ferrumequinum,0.022,0.022,-1,Echolocation,/mnt/ubna_data_02_mir/recover-20220922/UBNA_001/20220921_090000.WAV,Telephone Field,recover-20220922,001,1795
752.2135,752.2526,68437,82147,Rhinolophus ferrumequinum,0.023,0.023,-1,Echolocation,/mnt/ubna_data_02_mir/recover-20220922/UBNA_001/20220921_090000.WAV,Telephone Field,recover-20220922,001,1795
752.2265,752.2658,68437,81784,Rhinolophus ferrumequinum,0.022,0.022,-1,Echolocation,/mnt/ubna_data_02_mir/recover-20220922/UBNA_001/20220921_090000.WAV,Telephone Field,recover-20220922,001,1795
752.2325,752.2721,68437,82480,Rhinolophus ferrumequinum,0.023,0.023,-1,Echolocation,/mnt/ubna_data_02_mir/recover-20220922/UBNA_001/20220921_090000.WAV,Telephone Field,recover-20220922,001,1795
752.2375,752.2472,28046,36330,Eptesicus serotinus,0.011,0.025,-1,Echolocation,/mnt/ubna_data_02_mir/recover-20220922/UBNA_001/20220921_090000.WAV,Telephone Field,recover-20220922,001,1795
752.2715,752.3131,68437,83193,Rhinolophus ferrumequinum,0.028,0.028,-1,Echolocation,/mnt/ubna_data_02_mir/recover-20220922/UBNA_001/20220921_090000.WAV,Telephone Field,recover-20220922,001,1795
752.2945,752.3328,68437,82185,Rhinolophus ferrumequinum,0.024,0.024,-1,Echolocation,/mnt/ubna_data_02_mir/recover-20220922/UBNA_001/20220921_090000.WAV,Telephone Field,recover-20220922,001,1795
752.2985,752.3093,22031,26900,Nyctalus leisleri,0.012,0.027,-1,Echolocation,/mnt/ubna_data_02_mir/recover-20220922/UBNA_001/20220921_090000.WAV,Telephone Field,recover-20220922,001,1795
752.3315,752.3419,23750,29641,Nyctalus leisleri,0.011,0.029,-1,Echolocation,/mnt/ubna_data_02_mir/recover-20220922/UBNA_001/20220921_090000.WAV,Telephone Field,recover-20220922,001,1795
752.3415,752.3536,28906,34348,Eptesicus serotinus,0.016,0.034,-1,Echolocation,/mnt/ubna_data_02_mir/recover-20220922/UBNA_001/20220921_090000.WAV,Telephone Field,recover-20220922,001,1795
752.3515,752.3641,22890,27364,Nyctalus leisleri,0.018,0.031,-1,Echolocation,/mnt/ubna_data_02_mir/recover-20220922/UBNA_001/20220921_090000.WAV,Telephone Field,recover-20220922,001,1795
752.4085,752.4196,28046,36036,Eptesicus serotinus,0.011,0.025,-1,Echolocation,/mnt/ubna_data_02_mir/recover-20220922/UBNA_001/20220921_090000.WAV,Telephone Field,recover-20220922,001,1795
752.4325,752.4705,68437,81211,Rhinolophus ferrumequinum,0.024,0.024,-1,Echolocation,/mnt/ubna_data_02_mir/recover-20220922/UBNA_001/20220921_090000.WAV,Telephone Field,recover-20220922,001,1795
752.4345,752.4446,42656,47758,Pipistrellus pipistrellus,0.019,0.023,-1,Echolocation,/mnt/ubna_data_02_mir/recover-20220922/UBNA_001/20220921_090000.WAV,Telephone Field,recover-20220922,001,1795
752.4355,752.4424,28046,40148,Eptesicus serotinus,0.008,0.026,-1,Echolocation,/mnt/ubna_data_02_mir/recover-20220922/UBNA_001/20220921_090000.WAV,Telephone Field,recover-20220922,001,1795
752.4515,752.4883,68437,81490,Rhinolophus ferrumequinum,0.024,0.024,-1,Echolocation,/mnt/ubna_data_02_mir/recover-20220922/UBNA_001/20220921_090000.WAV,Telephone Field,recover-20220922,001,1795
752.4655,752.4779,28906,34760,Eptesicus serotinus,0.058,0.091,-1,Echolocation,/mnt/ubna_data_02_mir/recover-20220922/UBNA_001/20220921_090000.WAV,Telephone Field,recover-20220922,001,1795
752.4685,752.4807,51250,55647,Pipistrellus pipistrellus,0.025,0.031,-1,Echolocation,/mnt/ubna_data_02_mir/recover-20220922/UBNA_001/20220921_090000.WAV,Telephone Field,recover-20220922,001,1795
752.4895,752.5323,68437,82668,Rhinolophus ferrumequinum,0.029,0.029,-1,Echolocation,/mnt/ubna_data_02_mir/recover-20220922/UBNA_001/20220921_090000.WAV,Telephone Field,recover-20220922,001,1795
752.4955,752.506,25468,32941,Eptesicus serotinus,0.009,0.022,-1,Echolocation,/mnt/ubna_data_02_mir/recover-20220922/UBNA_001/20220921_090000.WAV,Telephone Field,recover-20220922,001,1795
752.5115,752.5211,28046,37670,Eptesicus serotinus,0.011,0.027,-1,Echolocation,/mnt/ubna_data_02_mir/recover-20220922/UBNA_001/20220921_090000.WAV,Telephone Field,recover-20220922,001,1795
752.5215,752.5598,68437,81490,Rhinolophus ferrumequinum,0.024,0.024,-1,Echolocation,/mnt/ubna_data_02_mir/recover-20220922/UBNA_001/20220921_090000.WAV,Telephone Field,recover-20220922,001,1795
752.5385,752.5768,68437,82060,Rhinolophus ferrumequinum,0.022,0.022,-1,Echolocation,/mnt/ubna_data_02_mir/recover-20220922/UBNA_001/20220921_090000.WAV,Telephone Field,recover-20220922,001,1795
752.5545,752.5938,68437,82336,Rhinolophus ferrumequinum,0.023,0.023,-1,Echolocation,/mnt/ubna_data_02_mir/recover-20220922/UBNA_001/20220921_090000.WAV,Telephone Field,recover-20220922,001,1795
752.6135,752.6244,24609,29783,Nyctalus leisleri,0.02,0.043,-1,Echolocation,/mnt/ubna_data_02_mir/recover-20220922/UBNA_001/20220921_090000.WAV,Telephone Field,recover-20220922,001,1795
752.6275,752.6644,68437,81857,Rhinolophus ferrumequinum,0.025,0.026,-1,Echolocation,/mnt/ubna_data_02_mir/recover-20220922/UBNA_001/20220921_090000.WAV,Telephone Field,recover-20220922,001,1795
752.6455,752.6569,23750,29877,Nyctalus leisleri,0.01,0.026,-1,Echolocation,/mnt/ubna_data_02_mir/recover-20220922/UBNA_001/20220921_090000.WAV,Telephone Field,recover-20220922,001,1795
752.6665,752.7095,68437,82437,Rhinolophus ferrumequinum,0.033,0.033,-1,Echolocation,/mnt/ubna_data_02_mir/recover-20220922/UBNA_001/20220921_090000.WAV,Telephone Field,recover-20220922,001,1795
752.7055,752.7252,18593,22353,Nyctalus noctula,0.031,0.054,-1,Echolocation,/mnt/ubna_data_02_mir/recover-20220922/UBNA_001/20220921_090000.WAV,Telephone Field,recover-20220922,001,1795
752.7085,752.7491,68437,82840,Rhinolophus ferrumequinum,0.036,0.036,-1,Echolocation,/mnt/ubna_data_02_mir/recover-20220922/UBNA_001/20220921_090000.WAV,Telephone Field,recover-20220922,001,1795
752.7315,752.7679,68437,81745,Rhinolophus ferrumequinum,0.022,0.022,-1,Echolocation,/mnt/ubna_data_02_mir/recover-20220922/UBNA_001/20220921_090000.WAV,Telephone Field,recover-20220922,001,1795
752.8065,752.8172,28046,35651,Eptesicus serotinus,0.035,0.057,-1,Echolocation,/mnt/ubna_data_02_mir/recover-20220922/UBNA_001/20220921_090000.WAV,Telephone Field,recover-20220922,001,1795
752.8755,752.8869,22890,27511,Nyctalus leisleri,0.013,0.024,-1,Echolocation,/mnt/ubna_data_02_mir/recover-20220922/UBNA_001/20220921_090000.WAV,Telephone Field,recover-20220922,001,1795
752.9385,752.9726,68437,80454,Rhinolophus ferrumequinum,0.021,0.022,-1,Echolocation,/mnt/ubna_data_02_mir/recover-20220922/UBNA_001/20220921_090000.WAV,Telephone Field,recover-20220922,001,1795
753.0095,753.0212,22031,25742,Nyctalus leisleri,0.014,0.022,-1,Echolocation,/mnt/ubna_data_02_mir/recover-20220922/UBNA_001/20220921_090000.WAV,Telephone Field,recover-20220922,001,1795
753.0125,753.0519,68437,81984,Rhinolophus ferrumequinum,0.024,0.024,-1,Echolocation,/mnt/ubna_data_02_mir/recover-20220922/UBNA_001/20220921_090000.WAV,Telephone Field,recover-20220922,001,1795
753.0305,753.069,68437,82480,Rhinolophus ferrumequinum,0.025,0.025,-1,Echolocation,/mnt/ubna_data_02_mir/recover-20220922/UBNA_001/20220921_090000.WAV,Telephone Field,recover-20220922,001,1795
753.0515,753.0947,68437,82884,Rhinolophus ferrumequinum,0.032,0.032,-1,Echolocation,/mnt/ubna_data_02_mir/recover-20220922/UBNA_001/20220921_090000.WAV,Telephone Field,recover-20220922,001,1795
753.0595,753.0708,28046,34740,Eptesicus serotinus,0.017,0.03,-1,Echolocation,/mnt/ubna_data_02_mir/recover-20220922/UBNA_001/20220921_090000.WAV,Telephone Field,recover-20220922,001,1795
753.0865,753.1272,68437,82761,Rhinolophus ferrumequinum,0.028,0.028,-1,Echolocation,/mnt/ubna_data_02_mir/recover-20220922/UBNA_001/20220921_090000.WAV,Telephone Field,recover-20220922,001,1795
753.1705,753.1782,23750,32260,Plecotus austriacus,0.013,0.03,-1,Echolocation,/mnt/ubna_data_02_mir/recover-20220922/UBNA_001/20220921_090000.WAV,Telephone Field,recover-20220922,001,1795
753.1715,753.1792,28906,39237,Eptesicus serotinus,0.007,0.025,-1,Echolocation,/mnt/ubna_data_02_mir/recover-20220922/UBNA_001/20220921_090000.WAV,Telephone Field,recover-20220922,001,1795
753.1995,753.2082,23750,30953,Plecotus austriacus,0.007,0.023,-1,Echolocation,/mnt/ubna_data_02_mir/recover-20220922/UBNA_001/20220921_090000.WAV,Telephone Field,recover-20220922,001,1795
753.2075,753.2446,68437,81532,Rhinolophus ferrumequinum,0.026,0.026,-1,Echolocation,/mnt/ubna_data_02_mir/recover-20220922/UBNA_001/20220921_090000.WAV,Telephone Field,recover-20220922,001,1795
753.2295,753.267,68437,81945,Rhinolophus ferrumequinum,0.023,0.023,-1,Echolocation,/mnt/ubna_data_02_mir/recover-20220922/UBNA_001/20220921_090000.WAV,Telephone Field,recover-20220922,001,1795
753.2695,753.2775,28906,37730,Eptesicus serotinus,0.009,0.025,-1,Echolocation,/mnt/ubna_data_02_mir/recover-20220922/UBNA_001/20220921_090000.WAV,Telephone Field,recover-20220922,001,1795
753.2905,753.3269,68437,81455,Rhinolophus ferrumequinum,0.021,0.022,-1,Echolocation,/mnt/ubna_data_02_mir/recover-20220922/UBNA_001/20220921_090000.WAV,Telephone Field,recover-20220922,001,1795
753.2945,753.305,22031,27380,Nyctalus leisleri,0.009,0.023,-1,Echolocation,/mnt/ubna_data_02_mir/recover-20220922/UBNA_001/20220921_090000.WAV,Telephone Field,recover-20220922,001,1795
753.3165,753.3554,68437,81643,Rhinolophus ferrumequinum,0.024,0.024,-1,Echolocation,/mnt/ubna_data_02_mir/recover-20220922/UBNA_001/20220921_090000.WAV,Telephone Field,recover-20220922,001,1795
753.3195,753.3387,21171,24518,Nyctalus leisleri,0.027,0.049,-1,Echolocation,/mnt/ubna_data_02_mir/recover-20220922/UBNA_001/20220921_090000.WAV,Telephone Field,recover-20220922,001,1795
753.3795,753.4227,68437,82994,Rhinolophus ferrumequinum,0.029,0.029,-1,Echolocation,/mnt/ubna_data_02_mir/recover-20220922/UBNA_001/20220921_090000.WAV,Telephone Field,recover-20220922,001,1795
753.4005,753.4104,23750,30277,Nyctalus leisleri,0.012,0.031,-1,Echolocation,/mnt/ubna_data_02_mir/recover-20220922/UBNA_001/20220921_090000.WAV,Telephone Field,recover-20220922,001,1795
753.4115,753.4484,68437,81486,Rhinolophus ferrumequinum,0.024,0.024,-1,Echolocation,/mnt/ubna_data_02_mir/recover-20220922/UBNA_001/20220921_090000.WAV,Telephone Field,recover-20220922,001,1795
753.4285,753.4396,28046,34968,Eptesicus serotinus,0.021,0.04,-1,Echolocation,/mnt/ubna_data_02_mir/recover-20220922/UBNA_001/20220921_090000.WAV,Telephone Field,recover-20220922,001,1795
753.4315,753.4698,68437,81640,Rhinolophus ferrumequinum,0.022,0.022,-1,Echolocation,/mnt/ubna_data_02_mir/recover-20220922/UBNA_001/20220921_090000.WAV,Telephone Field,recover-20220922,001,1795
753.4685,753.4766,23750,31650,Plecotus austriacus,0.011,0.028,-1,Echolocation,/mnt/ubna_data_02_mir/recover-20220922/UBNA_001/20220921_090000.WAV,Telephone Field,recover-20220922,001,1795
753.4685,753.4764,28906,36891,Eptesicus serotinus,0.01,0.028,-1,Echolocation,/mnt/ubna_data_02_mir/recover-20220922/UBNA_001/20220921_090000.WAV,Telephone Field,recover-20220922,001,1795
753.4925,753.5013,26328,33537,Eptesicus serotinus,0.01,0.029,-1,Echolocation,/mnt/ubna_data_02_mir/recover-20220922/UBNA_001/20220921_090000.WAV,Telephone Field,recover-20220922,001,1795
753.4945,753.537,68437,82557,Rhinolophus ferrumequinum,0.044,0.044,-1,Echolocation,/mnt/ubna_data_02_mir/recover-20220922/UBNA_001/20220921_090000.WAV,Telephone Field,recover-20220922,001,1795
753.5275,753.538,44375,48217,Pipistrellus pipistrellus,0.033,0.036,-1,Echolocation,/mnt/ubna_data_02_mir/recover-20220922/UBNA_001/20220921_090000.WAV,Telephone Field,recover-20220922,001,1795
753.5485,753.5563,28046,37429,Eptesicus serotinus,0.012,0.036,-1,Echolocation,/mnt/ubna_data_02_mir/recover-20220922/UBNA_001/20220921_090000.WAV,Telephone Field,recover-20220922,001,1795
753.5695,753.6116,68437,82350,Rhinolophus ferrumequinum,0.023,0.023,-1,Echolocation,/mnt/ubna_data_02_mir/recover-20220922/UBNA_001/20220921_090000.WAV,Telephone Field,recover-20220922,001,1795
753.5915,753.6308,68437,82117,Rhinolophus ferrumequinum,0.022,0.022,-1,Echolocation,/mnt/ubna_data_02_mir/recover-20220922/UBNA_001/20220921_090000.WAV,Telephone Field,recover-20220922,001,1795
753.6275,753.668,68437,82429,Rhinolophus ferrumequinum,0.048,0.048,-1,Echolocation,/mnt/ubna_data_02_mir/recover-20220922/UBNA_001/20220921_090000.WAV,Telephone Field,recover-20220922,001,1795
753.6395,753.6795,68437,82558,Rhinolophus ferrumequinum,0.022,0.022,-1,Echolocation,/mnt/ubna_data_02_mir/recover-20220922/UBNA_001/20220921_090000.WAV,Telephone Field,recover-20220922,001,1795
753.6885,753.7291,68437,82897,Rhinolophus ferrumequinum,0.032,0.032,-1,Echolocation,/mnt/ubna_data_02_mir/recover-20220922/UBNA_001/20220921_090000.WAV,Telephone Field,recover-20220922,001,1795
753.7315,753.7738,68437,82881,Rhinolophus ferrumequinum,0.033,0.033,-1,Echolocation,/mnt/ubna_data_02_mir/recover-20220922/UBNA_001/20220921_090000.WAV,Telephone Field,recover-20220922,001,1795
753.7615,753.7716,23750,29756,Nyctalus leisleri,0.012,0.026,-1,Echolocation,/mnt/ubna_data_02_mir/recover-20220922/UBNA_001/20220921_090000.WAV,Telephone Field,recover-20220922,001,1795
753.8015,753.8428,68437,82822,Rhinolophus ferrumequinum,0.035,0.035,-1,Echolocation,/mnt/ubna_data_02_mir/recover-20220922/UBNA_001/20220921_090000.WAV,Telephone Field,recover-20220922,001,1795
753.8135,753.8241,27187,34496,Eptesicus serotinus,0.026,0.049,-1,Echolocation,/mnt/ubna_data_02_mir/recover-20220922/UBNA_001/20220921_090000.WAV,Telephone Field,recover-20220922,001,1795
753.8805,753.9137,68437,81009,Rhinolophus ferrumequinum,0.022,0.022,-1,Echolocation,/mnt/ubna_data_02_mir/recover-20220922/UBNA_001/20220921_090000.WAV,Telephone Field,recover-20220922,001,1795
753.8945,753.9307,68437,80848,Rhinolophus ferrumequinum,0.029,0.029,-1,Echolocation,/mnt/ubna_data_02_mir/recover-20220922/UBNA_001/20220921_090000.WAV,Telephone Field,recover-20220922,001,1795
753.9065,753.9443,68437,81581,Rhinolophus ferrumequinum,0.022,0.022,-1,Echolocation,/mnt/ubna_data_02_mir/recover-20220922/UBNA_001/20220921_090000.WAV,Telephone Field,recover-20220922,001,1795
753.9075,753.9149,25468,34698,Eptesicus serotinus,0.006,0.022,-1,Echolocation,/mnt/ubna_data_02_mir/recover-20220922/UBNA_001/20220921_090000.WAV,Telephone Field,recover-20220922,001,1795
753.9545,753.9949,68437,81889,Rhinolophus ferrumequinum,0.024,0.024,-1,Echolocation,/mnt/ubna_data_02_mir/recover-20220922/UBNA_001/20220921_090000.WAV,Telephone Field,recover-20220922,001,1795
753.9705,753.9882,21171,25360,Nyctalus leisleri,0.022,0.047,-1,Echolocation,/mnt/ubna_data_02_mir/recover-20220922/UBNA_001/20220921_090000.WAV,Telephone Field,recover-20220922,001,1795
754.0015,754.0088,24609,35504,Plecotus austriacus,0.008,0.028,-1,Echolocation,/mnt/ubna_data_02_mir/recover-20220922/UBNA_001/20220921_090000.WAV,Telephone Field,recover-20220922,001,1795
754.0015,754.0357,68437,80311,Rhinolophus ferrumequinum,0.027,0.027,-1,Echolocation,/mnt/ubna_data_02_mir/recover-20220922/UBNA_001/20220921_090000.WAV,Telephone Field,recover-20220922,001,1795
754.0075,754.0516,68437,82041,Rhinolophus ferrumequinum,0.023,0.023,-1,Echolocation,/mnt/ubna_data_02_mir/recover-20220922/UBNA_001/20220921_090000.WAV,Telephone Field,recover-20220922,001,1795
754.0315,754.0392,28046,38167,Eptesicus serotinus,0.007,0.021,-1,Echolocation,/mnt/ubna_data_02_mir/recover-20220922/UBNA_001/20220921_090000.WAV,Telephone Field,recover-20220922,001,1795
754.0565,754.0958,68437,82318,Rhinolophus ferrumequinum,0.025,0.025,-1,Echolocation,/mnt/ubna_data_02_mir/recover-20220922/UBNA_001/20220921_090000.WAV,Telephone Field,recover-20220922,001,1795
754.1005,754.1393,68437,81574,Rhinolophus ferrumequinum,0.021,0.021,-1,Echolocation,/mnt/ubna_data_02_mir/recover-20220922/UBNA_001/20220921_090000.WAV,Telephone Field,recover-20220922,001,1795
754.1055,754.143,68437,81931,Rhinolophus ferrumequinum,0.021,0.021,-1,Echolocation,/mnt/ubna_data_02_mir/recover-20220922/UBNA_001/20220921_090000.WAV,Telephone Field,recover-20220922,001,1795
754.1225,754.1646,68437,82246,Rhinolophus ferrumequinum,0.024,0.024,-1,Echolocation,/mnt/ubna_data_02_mir/recover-20220922/UBNA_001/20220921_090000.WAV,Telephone Field,recover-20220922,001,1795
754.1805,754.193,22890,27260,Nyctalus leisleri,0.019,0.033,-1,Echolocation,/mnt/ubna_data_02_mir/recover-20220922/UBNA_001/20220921_090000.WAV,Telephone Field,recover-20220922,001,1795
754.1945,754.235,68437,82424,Rhinolophus ferrumequinum,0.022,0.022,-1,Echolocation,/mnt/ubna_data_02_mir/recover-20220922/UBNA_001/20220921_090000.WAV,Telephone Field,recover-20220922,001,1795
754.2035,754.241,68437,81609,Rhinolophus ferrumequinum,0.021,0.021,-1,Echolocation,/mnt/ubna_data_02_mir/recover-20220922/UBNA_001/20220921_090000.WAV,Telephone Field,recover-20220922,001,1795
754.2275,754.2723,68437,83851,Rhinolophus ferrumequinum,0.031,0.031,-1,Echolocation,/mnt/ubna_data_02_mir/recover-20220922/UBNA_001/20220921_090000.WAV,Telephone Field,recover-20220922,001,1795
754.2405,754.2519,22890,27700,Nyctalus leisleri,0.012,0.024,-1,Echolocation,/mnt/ubna_data_02_mir/recover-20220922/UBNA_001/20220921_090000.WAV,Telephone Field,recover-20220922,001,1795
754.2595,754.3051,68437,83483,Rhinolophus ferrumequinum,0.056,0.056,-1,Echolocation,/mnt/ubna_data_02_mir/recover-20220922/UBNA_001/20220921_090000.WAV,Telephone Field,recover-20220922,001,1795
754.2765,754.3147,68437,81333,Rhinolophus ferrumequinum,0.021,0.021,-1,Echolocation,/mnt/ubna_data_02_mir/recover-20220922/UBNA_001/20220921_090000.WAV,Telephone Field,recover-20220922,001,1795
754.3115,754.3181,28046,40756,Eptesicus serotinus,0.006,0.022,-1,Echolocation,/mnt/ubna_data_02_mir/recover-20220922/UBNA_001/20220921_090000.WAV,Telephone Field,recover-20220922,001,1795
754.3135,754.3516,68437,82189,Rhinolophus ferrumequinum,0.022,0.022,-1,Echolocation,/mnt/ubna_data_02_mir/recover-20220922/UBNA_001/20220921_090000.WAV,Telephone Field,recover-20220922,001,1795
754.3285,754.3378,24609,32132,Eptesicus serotinus,0.007,0.024,-1,Echolocation,/mnt/ubna_data_02_mir/recover-20220922/UBNA_001/20220921_090000.WAV,Telephone Field,recover-20220922,001,1795
754.3495,754.3878,68437,82197,Rhinolophus ferrumequinum,0.026,0.026,-1,Echolocation,/mnt/ubna_data_02_mir/recover-20220922/UBNA_001/20220921_090000.WAV,Telephone Field,recover-20220922,001,1795
754.3585,754.3737,22031,25369,Nyctalus leisleri,0.015,0.024,-1,Echolocation,/mnt/ubna_data_02_mir/recover-20220922/UBNA_001/20220921_090000.WAV,Telephone Field,recover-20220922,001,1795
754.4085,754.4186,26328,33781,Eptesicus serotinus,0.01,0.026,-1,Echolocation,/mnt/ubna_data_02_mir/recover-20220922/UBNA_001/20220921_090000.WAV,Telephone Field,recover-20220922,001,1795
754.4415,754.4797,68437,81926,Rhinolophus ferrumequinum,0.022,0.022,-1,Echolocation,/mnt/ubna_data_02_mir/recover-20220922/UBNA_001/20220921_090000.WAV,Telephone Field,recover-20220922,001,1795
754.4445,754.4538,28906,36471,Eptesicus serotinus,0.008,0.022,-1,Echolocation,/mnt/ubna_data_02_mir/recover-20220922/UBNA_001/20220921_090000.WAV,Telephone Field,recover-20220922,001,1795
754.4765,754.5159,68437,81944,Rhinolophus ferrumequinum,0.023,0.023,-1,Echolocation,/mnt/ubna_data_02_mir/recover-20220922/UBNA_001/20220921_090000.WAV,Telephone Field,recover-20220922,001,1795
754.4905,754.5269,68437,81901,Rhinolophus ferrumequinum,0.021,0.021,-1,Echolocation,/mnt/ubna_data_02_mir/recover-20220922/UBNA_001/20220921_090000.WAV,Telephone Field,recover-20220922,001,1795
754.5165,754.5558,68437,81873,Rhinolophus ferrumequinum,0.023,0.023,-1,Echolocation,/mnt/ubna_data_02_mir/recover-20220922/UBNA_001/20220921_090000.WAV,Telephone Field,recover-20220922,001,1795
754.5185,754.5256,26328,43349,Eptesicus serotinus,0.006,0.021,-1,Echolocation,/mnt/ubna_data_02_mir/recover-20220922/UBNA_001/20220921_090000.WAV,Telephone Field,recover-20220922,001,1795
754.5455,754.586,68437,82059,Rhinolophus ferrumequinum,0.02,0.02,-1,Echolocation,/mnt/ubna_data_02_mir/recover-20220922/UBNA_001/20220921_090000.WAV,Telephone Field,recover-20220922,001,1795
754.5615,754.5999,68437,81890,Rhinolophus ferrumequinum,0.02,0.021,-1,Echolocation,/mnt/ubna_data_02_mir/recover-20220922/UBNA_001/20220921_090000.WAV,Telephone Field,recover-20220922,001,1795
754.5785,754.6189,68437,82594,Rhinolophus ferrumequinum,0.027,0.027,-1,Echolocation,/mnt/ubna_data_02_mir/recover-20220922/UBNA_001/20220921_090000.WAV,Telephone Field,recover-20220922,001,1795
754.5885,754.6274,68437,81868,Rhinolophus ferrumequinum,0.02,0.02,-1,Echolocation,/mnt/ubna_data_02_mir/recover-20220922/UBNA_001/20220921_090000.WAV,Telephone Field,recover-20220922,001,1795
754.5965,754.6064,28906,37503,Eptesicus serotinus,0.01,0.024,-1,Echolocation,/mnt/ubna_data_02_mir/recover-20220922/UBNA_001/20220921_090000.WAV,Telephone Field,recover-20220922,001,1795
754.6095,754.6455,68437,82210,Rhinolophus ferrumequinum,0.023,0.023,-1,Echolocation,/mnt/ubna_data_02_mir/recover-20220922/UBNA_001/20220921_090000.WAV,Telephone Field,recover-20220922,001,1795
754.6875,754.7275,68437,82274,Rhinolophus ferrumequinum,0.039,0.039,-1,Echolocation,/mnt/ubna_data_02_mir/recover-20220922/UBNA_001/20220921_090000.WAV,Telephone Field,recover-20220922,001,1795
754.7235,754.7344,22031,27048,Nyctalus leisleri,0.01,0.023,-1,Echolocation,/mnt/ubna_data_02_mir/recover-20220922/UBNA_001/20220921_090000.WAV,Telephone Field,recover-20220922,001,1795
754.7625,754.8018,68437,82603,Rhinolophus ferrumequinum,0.027,0.027,-1,Echolocation,/mnt/ubna_data_02_mir/recover-20220922/UBNA_001/20220921_090000.WAV,Telephone Field,recover-20220922,001,1795
754.7715,754.7792,27187,37212,Eptesicus serotinus,0.01,0.026,-1,Echolocation,/mnt/ubna_data_02_mir/recover-20220922/UBNA_001/20220921_090000.WAV,Telephone Field,recover-20220922,001,1795
754.8085,754.8475,68437,81973,Rhinolophus ferrumequinum,0.02,0.02,-1,Echolocation,/mnt/ubna_data_02_mir/recover-20220922/UBNA_001/20220921_090000.WAV,Telephone Field,recover-20220922,001,1795
754.8345,754.8677,68437,80399,Rhinolophus ferrumequinum,0.021,0.021,-1,Echolocation,/mnt/ubna_data_02_mir/recover-20220922/UBNA_001/20220921_090000.WAV,Telephone Field,recover-20220922,001,1795
754.8405,754.8491,28906,40583,Eptesicus serotinus,0.009,0.024,-1,Echolocation,/mnt/ubna_data_02_mir/recover-20220922/UBNA_001/20220921_090000.WAV,Telephone Field,recover-20220922,001,1795
754.8715,754.9076,68437,81086,Rhinolophus ferrumequinum,0.02,0.02,-1,Echolocation,/mnt/ubna_data_02_mir/recover-20220922/UBNA_001/20220921_090000.WAV,Telephone Field,recover-20220922,001,1795
754.8855,754.9258,68437,82473,Rhinolophus ferrumequinum,0.024,0.024,-1,Echolocation,/mnt/ubna_data_02_mir/recover-20220922/UBNA_001/20220921_090000.WAV,Telephone Field,recover-20220922,001,1795
754.8925,754.9332,68437,82769,Rhinolophus ferrumequinum,0.025,0.025,-1,Echolocation,/mnt/ubna_data_02_mir/recover-20220922/UBNA_001/20220921_090000.WAV,Telephone Field,recover-20220922,001,1795
754.8985,754.9411,68437,82559,Rhinolophus ferrumequinum,0.023,0.023,-1,Echolocation,/mnt/ubna_data_02_mir/recover-20220922/UBNA_001/20220921_090000.WAV,Telephone Field,recover-20220922,001,1795
754.9275,754.9719,68437,83523,Rhinolophus ferrumequinum,0.032,0.032,-1,Echolocation,/mnt/ubna_data_02_mir/recover-20220922/UBNA_001/20220921_090000.WAV,Telephone Field,recover-20220922,001,1795
754.9415,754.9506,27187,37119,Eptesicus serotinus,0.008,0.021,-1,Echolocation,/mnt/ubna_data_02_mir/recover-20220922/UBNA_001/20220921_090000.WAV,Telephone Field,recover-20220922,001,1795
754.9525,754.9908,68437,81750,Rhinolophus ferrumequinum,0.021,0.021,-1,Echolocation,/mnt/ubna_data_02_mir/recover-20220922/UBNA_001/20220921_090000.WAV,Telephone Field,recover-20220922,001,1795
754.9905,755.0294,68437,81935,Rhinolophus ferrumequinum,0.021,0.021,-1,Echolocation,/mnt/ubna_data_02_mir/recover-20220922/UBNA_001/20220921_090000.WAV,Telephone Field,recover-20220922,001,1795
755.0285,755.0698,68437,83145,Rhinolophus ferrumequinum,0.022,0.022,-1,Echolocation,/mnt/ubna_data_02_mir/recover-20220922/UBNA_001/20220921_090000.WAV,Telephone Field,recover-20220922,001,1795
755.0425,755.0838,68437,82705,Rhinolophus ferrumequinum,0.024,0.024,-1,Echolocation,/mnt/ubna_data_02_mir/recover-20220922/UBNA_001/20220921_090000.WAV,Telephone Field,recover-20220922,001,1795
755.0595,755.0676,22890,30155,Plecotus austriacus,0.009,0.021,-1,Echolocation,/mnt/ubna_data_02_mir/recover-20220922/UBNA_001/20220921_090000.WAV,Telephone Field,recover-20220922,001,1795
755.0845,755.1248,68437,82149,Rhinolophus ferrumequinum,0.021,0.021,-1,Echolocation,/mnt/ubna_data_02_mir/recover-20220922/UBNA_001/20220921_090000.WAV,Telephone Field,recover-20220922,001,1795
755.0995,755.1097,14296,20675,Nyctalus noctula,0.011,0.023,-1,Echolocation,/mnt/ubna_data_02_mir/recover-20220922/UBNA_001/20220921_090000.WAV,Telephone Field,recover-20220922,001,1795
755.1075,755.1458,68437,81681,Rhinolophus ferrumequinum,0.02,0.02,-1,Echolocation,/mnt/ubna_data_02_mir/recover-20220922/UBNA_001/20220921_090000.WAV,Telephone Field,recover-20220922,001,1795
755.1155,755.1554,68437,82584,Rhinolophus ferrumequinum,0.022,0.022,-1,Echolocation,/mnt/ubna_data_02_mir/recover-20220922/UBNA_001/20220921_090000.WAV,Telephone Field,recover-20220922,001,1795
755.1185,755.1249,24609,34745,Plecotus austriacus,0.01,0.024,-1,Echolocation,/mnt/ubna_data_02_mir/recover-20220922/UBNA_001/20220921_090000.WAV,Telephone Field,recover-20220922,001,1795
755.1385,755.1766,68437,81454,Rhinolophus ferrumequinum,0.022,0.022,-1,Echolocation,/mnt/ubna_data_02_mir/recover-20220922/UBNA_001/20220921_090000.WAV,Telephone Field,recover-20220922,001,1795
755.1605,755.2016,68437,82661,Rhinolophus ferrumequinum,0.024,0.024,-1,Echolocation,/mnt/ubna_data_02_mir/recover-20220922/UBNA_001/20220921_090000.WAV,Telephone Field,recover-20220922,001,1795
755.1615,755.1709,55546,60555,Pipistrellus pygmaeus,0.025,0.027,-1,Echolocation,/mnt/ubna_data_02_mir/recover-20220922/UBNA_001/20220921_090000.WAV,Telephone Field,recover-20220922,001,1795
755.1735,755.212,68437,81654,Rhinolophus ferrumequinum,0.026,0.026,-1,Echolocation,/mnt/ubna_data_02_mir/recover-20220922/UBNA_001/20220921_090000.WAV,Telephone Field,recover-20220922,001,1795
755.1825,755.1904,28906,38902,Eptesicus serotinus,0.006,0.021,-1,Echolocation,/mnt/ubna_data_02_mir/recover-20220922/UBNA_001/20220921_090000.WAV,Telephone Field,recover-20220922,001,1795
755.1915,755.2313,68437,82618,Rhinolophus ferrumequinum,0.022,0.022,-1,Echolocation,/mnt/ubna_data_02_mir/recover-20220922/UBNA_001/20220921_090000.WAV,Telephone Field,recover-20220922,001,1795
755.2305,755.2697000000001,68437,82367,Rhinolophus ferrumequinum,0.022,0.022,-1,Echolocation,/mnt/ubna_data_02_mir/recover-20220922/UBNA_001/20220921_090000.WAV,Telephone Field,recover-20220922,001,1795
755.2435,755.2823,68437,81908,Rhinolophus ferrumequinum,0.021,0.021,-1,Echolocation,/mnt/ubna_data_02_mir/recover-20220922/UBNA_001/20220921_090000.WAV,Telephone Field,recover-20220922,001,1795
755.2715,755.3106,68437,81805,Rhinolophus ferrumequinum,0.02,0.021,-1,Echolocation,/mnt/ubna_data_02_mir/recover-20220922/UBNA_001/20220921_090000.WAV,Telephone Field,recover-20220922,001,1795
755.2895,755.3258,68437,81260,Rhinolophus ferrumequinum,0.021,0.021,-1,Echolocation,/mnt/ubna_data_02_mir/recover-20220922/UBNA_001/20220921_090000.WAV,Telephone Field,recover-20220922,001,1795
755.3235,755.3615,68437,81614,Rhinolophus ferrumequinum,0.021,0.021,-1,Echolocation,/mnt/ubna_data_02_mir/recover-20220922/UBNA_001/20220921_090000.WAV,Telephone Field,recover-20220922,001,1795
755.3515,755.394,68437,82997,Rhinolophus ferrumequinum,0.025,0.025,-1,Echolocation,/mnt/ubna_data_02_mir/recover-20220922/UBNA_001/20220921_090000.WAV,Telephone Field,recover-20220922,001,1795
755.3795,755.4194,68437,82650,Rhinolophus ferrumequinum,0.023,0.023,-1,Echolocation,/mnt/ubna_data_02_mir/recover-20220922/UBNA_001/20220921_090000.WAV,Telephone Field,recover-20220922,001,1795
755.4105,755.4556,68437,83385,Rhinolophus ferrumequinum,0.029,0.029,-1,Echolocation,/mnt/ubna_data_02_mir/recover-20220922/UBNA_001/20220921_090000.WAV,Telephone Field,recover-20220922,001,1795
755.4355,755.4765,68437,82192,Rhinolophus ferrumequinum,0.022,0.022,-1,Echolocation,/mnt/ubna_data_02_mir/recover-20220922/UBNA_001/20220921_090000.WAV,Telephone Field,recover-20220922,001,1795
755.4515,755.4907,68437,82496,Rhinolophus ferrumequinum,0.021,0.021,-1,Echolocation,/mnt/ubna_data_02_mir/recover-20220922/UBNA_001/20220921_090000.WAV,Telephone Field,recover-20220922,001,1795
755.4535,755.4612,25468,35062,Eptesicus serotinus,0.008,0.032,-1,Echolocation,/mnt/ubna_data_02_mir/recover-20220922/UBNA_001/20220921_090000.WAV,Telephone Field,recover-20220922,001,1795
755.4775,755.5172,68437,82527,Rhinolophus ferrumequinum,0.022,0.022,-1,Echolocation,/mnt/ubna_data_02_mir/recover-20220922/UBNA_001/20220921_090000.WAV,Telephone Field,recover-20220922,001,1795
755.4775,755.4868,28046,35269,Eptesicus serotinus,0.009,0.022,-1,Echolocation,/mnt/ubna_data_02_mir/recover-20220922/UBNA_001/20220921_090000.WAV,Telephone Field,recover-20220922,001,1795
755.5115,755.5537,68437,82404,Rhinolophus ferrumequinum,0.021,0.021,-1,Echolocation,/mnt/ubna_data_02_mir/recover-20220922/UBNA_001/20220921_090000.WAV,Telephone Field,recover-20220922,001,1795
755.5185,755.5606,68437,82373,Rhinolophus ferrumequinum,0.022,0.022,-1,Echolocation,/mnt/ubna_data_02_mir/recover-20220922/UBNA_001/20220921_090000.WAV,Telephone Field,recover-20220922,001,1795
755.5365,755.5499,31484,36603,Eptesicus serotinus,0.012,0.031,-1,Echolocation,/mnt/ubna_data_02_mir/recover-20220922/UBNA_001/20220921_090000.WAV,Telephone Field,recover-20220922,001,1795
755.5595,755.6031,68437,83569,Rhinolophus ferrumequinum,0.036,0.036,-1,Echolocation,/mnt/ubna_data_02_mir/recover-20220922/UBNA_001/20220921_090000.WAV,Telephone Field,recover-20220922,001,1795
755.5685,755.6106,68437,83269,Rhinolophus ferrumequinum,0.028,0.028,-1,Echolocation,/mnt/ubna_data_02_mir/recover-20220922/UBNA_001/20220921_090000.WAV,Telephone Field,recover-20220922,001,1795
755.5785,755.5883,23750,30209,Nyctalus leisleri,0.008,0.022,-1,Echolocation,/mnt/ubna_data_02_mir/recover-20220922/UBNA_001/20220921_090000.WAV,Telephone Field,recover-20220922,001,1795
755.5905,755.6305,68437,82062,Rhinolophus ferrumequinum,0.02,0.02,-1,Echolocation,/mnt/ubna_data_02_mir/recover-20220922/UBNA_001/20220921_090000.WAV,Telephone Field,recover-20220922,001,1795
755.6115,755.6226,28046,34779,Eptesicus serotinus,0.015,0.029,-1,Echolocation,/mnt/ubna_data_02_mir/recover-20220922/UBNA_001/20220921_090000.WAV,Telephone Field,recover-20220922,001,1795
755.6385,755.6744,68437,81465,Rhinolophus ferrumequinum,0.022,0.022,-1,Echolocation,/mnt/ubna_data_02_mir/recover-20220922/UBNA_001/20220921_090000.WAV,Telephone Field,recover-20220922,001,1795
755.6445,755.681,68437,81943,Rhinolophus ferrumequinum,0.022,0.022,-1,Echolocation,/mnt/ubna_data_02_mir/recover-20220922/UBNA_001/20220921_090000.WAV,Telephone Field,recover-20220922,001,1795
755.6515,755.6624,28906,36305,Eptesicus serotinus,0.009,0.022,-1,Echolocation,/mnt/ubna_data_02_mir/recover-20220922/UBNA_001/20220921_090000.WAV,Telephone Field,recover-20220922,001,1795
755.6655,755.7062,68437,82862,Rhinolophus ferrumequinum,0.03,0.03,-1,Echolocation,/mnt/ubna_data_02_mir/recover-20220922/UBNA_001/20220921_090000.WAV,Telephone Field,recover-20220922,001,1795
755.6805,755.6902,24609,32101,Eptesicus serotinus,0.008,0.023,-1,Echolocation,/mnt/ubna_data_02_mir/recover-20220922/UBNA_001/20220921_090000.WAV,Telephone Field,recover-20220922,001,1795
755.6905,755.7276,68437,81966,Rhinolophus ferrumequinum,0.022,0.022,-1,Echolocation,/mnt/ubna_data_02_mir/recover-20220922/UBNA_001/20220921_090000.WAV,Telephone Field,recover-20220922,001,1795
755.7195,755.7573,68437,81670,Rhinolophus ferrumequinum,0.021,0.021,-1,Echolocation,/mnt/ubna_data_02_mir/recover-20220922/UBNA_001/20220921_090000.WAV,Telephone Field,recover-20220922,001,1795
755.7335,755.7724,68437,82499,Rhinolophus ferrumequinum,0.022,0.022,-1,Echolocation,/mnt/ubna_data_02_mir/recover-20220922/UBNA_001/20220921_090000.WAV,Telephone Field,recover-20220922,001,1795
755.7765,755.8147,68437,81875,Rhinolophus ferrumequinum,0.022,0.023,-1,Echolocation,/mnt/ubna_data_02_mir/recover-20220922/UBNA_001/20220921_090000.WAV,Telephone Field,recover-20220922,001,1795
755.7925,755.8295,68437,81324,Rhinolophus ferrumequinum,0.023,0.023,-1,Echolocation,/mnt/ubna_data_02_mir/recover-20220922/UBNA_001/20220921_090000.WAV,Telephone Field,recover-20220922,001,1795
755.8115,755.8508,68437,81856,Rhinolophus ferrumequinum,0.023,0.023,-1,Echolocation,/mnt/ubna_data_02_mir/recover-20220922/UBNA_001/20220921_090000.WAV,Telephone Field,recover-20220922,001,1795
755.8275,755.8661,68437,82445,Rhinolophus ferrumequinum,0.021,0.021,-1,Echolocation,/mnt/ubna_data_02_mir/recover-20220922/UBNA_001/20220921_090000.WAV,Telephone Field,recover-20220922,001,1795
755.8375,755.8457,25468,33323,Eptesicus serotinus,0.008,0.022,-1,Echolocation,/mnt/ubna_data_02_mir/recover-20220922/UBNA_001/20220921_090000.WAV,Telephone Field,recover-20220922,001,1795
755.8595,755.897,68437,81713,Rhinolophus ferrumequinum,0.021,0.021,-1,Echolocation,/mnt/ubna_data_02_mir/recover-20220922/UBNA_001/20220921_090000.WAV,Telephone Field,recover-20220922,001,1795
755.8815,755.8892,24609,32717,Plecotus austriacus,0.007,0.022,-1,Echolocation,/mnt/ubna_data_02_mir/recover-20220922/UBNA_001/20220921_090000.WAV,Telephone Field,recover-20220922,001,1795
755.8935,755.9351,68437,82566,Rhinolophus ferrumequinum,0.024,0.024,-1,Echolocation,/mnt/ubna_data_02_mir/recover-20220922/UBNA_001/20220921_090000.WAV,Telephone Field,recover-20220922,001,1795
755.8935,755.9015,27187,38353,Eptesicus serotinus,0.006,0.02,-1,Echolocation,/mnt/ubna_data_02_mir/recover-20220922/UBNA_001/20220921_090000.WAV,Telephone Field,recover-20220922,001,1795
755.9205,755.9296,29765,39457,Eptesicus serotinus,0.008,0.026,-1,Echolocation,/mnt/ubna_data_02_mir/recover-20220922/UBNA_001/20220921_090000.WAV,Telephone Field,recover-20220922,001,1795
755.9355,755.9763,68437,82738,Rhinolophus ferrumequinum,0.023,0.023,-1,Echolocation,/mnt/ubna_data_02_mir/recover-20220922/UBNA_001/20220921_090000.WAV,Telephone Field,recover-20220922,001,1795
755.9435,755.9857,68437,82891,Rhinolophus ferrumequinum,0.024,0.024,-1,Echolocation,/mnt/ubna_data_02_mir/recover-20220922/UBNA_001/20220921_090000.WAV,Telephone Field,recover-20220922,001,1795
755.9595,755.9991,68437,81883,Rhinolophus ferrumequinum,0.022,0.022,-1,Echolocation,/mnt/ubna_data_02_mir/recover-20220922/UBNA_001/20220921_090000.WAV,Telephone Field,recover-20220922,001,1795
755.9655,755.9731,28046,38563,Eptesicus serotinus,0.008,0.024,-1,Echolocation,/mnt/ubna_data_02_mir/recover-20220922/UBNA_001/20220921_090000.WAV,Telephone Field,recover-20220922,001,1795
756.0015,756.0091,25468,34241,Plecotus austriacus,0.008,0.031,-1,Echolocation,/mnt/ubna_data_02_mir/recover-20220922/UBNA_001/20220921_090000.WAV,Telephone Field,recover-20220922,001,1795
756.0015,756.0341,68437,79206,Rhinolophus ferrumequinum,0.042,0.042,-1,Echolocation,/mnt/ubna_data_02_mir/recover-20220922/UBNA_001/20220921_090000.WAV,Telephone Field,recover-20220922,001,1795
756.0015,756.0115,45234,51202,Pipistrellus pipistrellus,0.018,0.023,-1,Echolocation,/mnt/ubna_data_02_mir/recover-20220922/UBNA_001/20220921_090000.WAV,Telephone Field,recover-20220922,001,1795
756.0265,756.0679,68437,82882,Rhinolophus ferrumequinum,0.039,0.039,-1,Echolocation,/mnt/ubna_data_02_mir/recover-20220922/UBNA_001/20220921_090000.WAV,Telephone Field,recover-20220922,001,1795
756.0735,756.0868,22031,26442,Nyctalus leisleri,0.015,0.027,-1,Echolocation,/mnt/ubna_data_02_mir/recover-20220922/UBNA_001/20220921_090000.WAV,Telephone Field,recover-20220922,001,1795
756.0925,756.1018,27187,37478,Eptesicus serotinus,0.008,0.023,-1,Echolocation,/mnt/ubna_data_02_mir/recover-20220922/UBNA_001/20220921_090000.WAV,Telephone Field,recover-20220922,001,1795
756.0925,756.1307,68437,81650,Rhinolophus ferrumequinum,0.025,0.025,-1,Echolocation,/mnt/ubna_data_02_mir/recover-20220922/UBNA_001/20220921_090000.WAV,Telephone Field,recover-20220922,001,1795
756.1145,756.1246,24609,30833,Nyctalus leisleri,0.008,0.021,-1,Echolocation,/mnt/ubna_data_02_mir/recover-20220922/UBNA_001/20220921_090000.WAV,Telephone Field,recover-20220922,001,1795
756.1155,756.1503,68437,81202,Rhinolophus ferrumequinum,0.023,0.023,-1,Echolocation,/mnt/ubna_data_02_mir/recover-20220922/UBNA_001/20220921_090000.WAV,Telephone Field,recover-20220922,001,1795
756.1165,756.1266,44375,49935,Pipistrellus pipistrellus,0.021,0.024,-1,Echolocation,/mnt/ubna_data_02_mir/recover-20220922/UBNA_001/20220921_090000.WAV,Telephone Field,recover-20220922,001,1795
756.1305,756.1699,68437,82348,Rhinolophus ferrumequinum,0.024,0.024,-1,Echolocation,/mnt/ubna_data_02_mir/recover-20220922/UBNA_001/20220921_090000.WAV,Telephone Field,recover-20220922,001,1795
756.1715,756.2057,68437,81069,Rhinolophus ferrumequinum,0.024,0.024,-1,Echolocation,/mnt/ubna_data_02_mir/recover-20220922/UBNA_001/20220921_090000.WAV,Telephone Field,recover-20220922,001,1795
756.1895,756.1994,24609,32172,Nyctalus leisleri,0.008,0.024,-1,Echolocation,/mnt/ubna_data_02_mir/recover-20220922/UBNA_001/20220921_090000.WAV,Telephone Field,recover-20220922,001,1795
756.2015,756.2104,28046,36908,Eptesicus serotinus,0.008,0.023,-1,Echolocation,/mnt/ubna_data_02_mir/recover-20220922/UBNA_001/20220921_090000.WAV,Telephone Field,recover-20220922,001,1795
756.2595,756.2987,68437,82196,Rhinolophus ferrumequinum,0.022,0.022,-1,Echolocation,/mnt/ubna_data_02_mir/recover-20220922/UBNA_001/20220921_090000.WAV,Telephone Field,recover-20220922,001,1795
756.2715,756.3095,68437,82485,Rhinolophus ferrumequinum,0.024,0.024,-1,Echolocation,/mnt/ubna_data_02_mir/recover-20220922/UBNA_001/20220921_090000.WAV,Telephone Field,recover-20220922,001,1795
756.2825,756.2934,22890,27067,Nyctalus leisleri,0.014,0.026,-1,Echolocation,/mnt/ubna_data_02_mir/recover-20220922/UBNA_001/20220921_090000.WAV,Telephone Field,recover-20220922,001,1795
756.2955,756.3301,68437,80999,Rhinolophus ferrumequinum,0.022,0.022,-1,Echolocation,/mnt/ubna_data_02_mir/recover-20220922/UBNA_001/20220921_090000.WAV,Telephone Field,recover-20220922,001,1795
756.3115,756.3462,68437,81692,Rhinolophus ferrumequinum,0.021,0.022,-1,Echolocation,/mnt/ubna_data_02_mir/recover-20220922/UBNA_001/20220921_090000.WAV,Telephone Field,recover-20220922,001,1795
756.3625,756.4,68437,82178,Rhinolophus ferrumequinum,0.022,0.022,-1,Echolocation,/mnt/ubna_data_02_mir/recover-20220922/UBNA_001/20220921_090000.WAV,Telephone Field,recover-20220922,001,1795
756.3745,756.3841,24609,32546,Nyctalus leisleri,0.006,0.022,-1,Echolocation,/mnt/ubna_data_02_mir/recover-20220922/UBNA_001/20220921_090000.WAV,Telephone Field,recover-20220922,001,1795
756.3765,756.4162,68437,82817,Rhinolophus ferrumequinum,0.026,0.026,-1,Echolocation,/mnt/ubna_data_02_mir/recover-20220922/UBNA_001/20220921_090000.WAV,Telephone Field,recover-20220922,001,1795
756.3925,756.4296,68437,81779,Rhinolophus ferrumequinum,0.023,0.023,-1,Echolocation,/mnt/ubna_data_02_mir/recover-20220922/UBNA_001/20220921_090000.WAV,Telephone Field,recover-20220922,001,1795
756.3995,756.4389,68437,82142,Rhinolophus ferrumequinum,0.022,0.022,-1,Echolocation,/mnt/ubna_data_02_mir/recover-20220922/UBNA_001/20220921_090000.WAV,Telephone Field,recover-20220922,001,1795
756.4115,756.4205,28906,39203,Eptesicus serotinus,0.008,0.023,-1,Echolocation,/mnt/ubna_data_02_mir/recover-20220922/UBNA_001/20220921_090000.WAV,Telephone Field,recover-20220922,001,1795
756.4295,756.4389,24609,31953,Nyctalus leisleri,0.007,0.022,-1,Echolocation,/mnt/ubna_data_02_mir/recover-20220922/UBNA_001/20220921_090000.WAV,Telephone Field,recover-20220922,001,1795
756.4665,756.48,22890,27613,Nyctalus leisleri,0.014,0.026,-1,Echolocation,/mnt/ubna_data_02_mir/recover-20220922/UBNA_001/20220921_090000.WAV,Telephone Field,recover-20220922,001,1795
756.4675,756.5053,68437,81969,Rhinolophus ferrumequinum,0.023,0.024,-1,Echolocation,/mnt/ubna_data_02_mir/recover-20220922/UBNA_001/20220921_090000.WAV,Telephone Field,recover-20220922,001,1795
756.4745,756.4849,24609,31633,Nyctalus leisleri,0.011,0.028,-1,Echolocation,/mnt/ubna_data_02_mir/recover-20220922/UBNA_001/20220921_090000.WAV,Telephone Field,recover-20220922,001,1795
756.4825,756.5218,68437,82299,Rhinolophus ferrumequinum,0.035,0.035,-1,Echolocation,/mnt/ubna_data_02_mir/recover-20220922/UBNA_001/20220921_090000.WAV,Telephone Field,recover-20220922,001,1795
756.4905,756.5298,68437,81928,Rhinolophus ferrumequinum,0.023,0.023,-1,Echolocation,/mnt/ubna_data_02_mir/recover-20220922/UBNA_001/20220921_090000.WAV,Telephone Field,recover-20220922,001,1795
756.4995,756.5098,44375,48751,Pipistrellus pipistrellus,0.027,0.028,-1,Echolocation,/mnt/ubna_data_02_mir/recover-20220922/UBNA_001/20220921_090000.WAV,Telephone Field,recover-20220922,001,1795
756.5035,756.5169,22031,26511,Nyctalus leisleri,0.017,0.035,-1,Echolocation,/mnt/ubna_data_02_mir/recover-20220922/UBNA_001/20220921_090000.WAV,Telephone Field,recover-20220922,001,1795
756.5585,756.5942,68437,81120,Rhinolophus ferrumequinum,0.022,0.022,-1,Echolocation,/mnt/ubna_data_02_mir/recover-20220922/UBNA_001/20220921_090000.WAV,Telephone Field,recover-20220922,001,1795
756.5815,756.5916,23750,30013,Nyctalus leisleri,0.011,0.028,-1,Echolocation,/mnt/ubna_data_02_mir/recover-20220922/UBNA_001/20220921_090000.WAV,Telephone Field,recover-20220922,001,1795
756.6185,756.657,68437,82379,Rhinolophus ferrumequinum,0.022,0.022,-1,Echolocation,/mnt/ubna_data_02_mir/recover-20220922/UBNA_001/20220921_090000.WAV,Telephone Field,recover-20220922,001,1795
756.6565,756.6939,68437,82168,Rhinolophus ferrumequinum,0.023,0.023,-1,Echolocation,/mnt/ubna_data_02_mir/recover-20220922/UBNA_001/20220921_090000.WAV,Telephone Field,recover-20220922,001,1795
756.6885,756.7294,68437,82643,Rhinolophus ferrumequinum,0.028,0.028,-1,Echolocation,/mnt/ubna_data_02_mir/recover-20220922/UBNA_001/20220921_090000.WAV,Telephone Field,recover-20220922,001,1795
756.7255,756.7615,68437,81904,Rhinolophus ferrumequinum,0.024,0.024,-1,Echolocation,/mnt/ubna_data_02_mir/recover-20220922/UBNA_001/20220921_090000.WAV,Telephone Field,recover-20220922,001,1795
756.7255,756.7342,27187,35269,Eptesicus serotinus,0.019,0.039,-1,Echolocation,/mnt/ubna_data_02_mir/recover-20220922/UBNA_001/20220921_090000.WAV,Telephone Field,recover-20220922,001,1795
756.7495,756.7884,68437,82044,Rhinolophus ferrumequinum,0.022,0.023,-1,Echolocation,/mnt/ubna_data_02_mir/recover-20220922/UBNA_001/20220921_090000.WAV,Telephone Field,recover-20220922,001,1795
756.7555,756.7941,68437,82391,Rhinolophus ferrumequinum,0.021,0.021,-1,Echolocation,/mnt/ubna_data_02_mir/recover-20220922/UBNA_001/20220921_090000.WAV,Telephone Field,recover-20220922,001,1795
756.7775,756.818,68437,82722,Rhinolophus ferrumequinum,0.033,0.033,-1,Echolocation,/mnt/ubna_data_02_mir/recover-20220922/UBNA_001/20220921_090000.WAV,Telephone Field,recover-20220922,001,1795
756.8035,756.8109,28046,42118,Eptesicus serotinus,0.006,0.022,-1,Echolocation,/mnt/ubna_data_02_mir/recover-20220922/UBNA_001/20220921_090000.WAV,Telephone Field,recover-20220922,001,1795
756.8095,756.8472,68437,81649,Rhinolophus ferrumequinum,0.024,0.024,-1,Echolocation,/mnt/ubna_data_02_mir/recover-20220922/UBNA_001/20220921_090000.WAV,Telephone Field,recover-20220922,001,1795
756.8575,756.8974,68437,81612,Rhinolophus ferrumequinum,0.023,0.023,-1,Echolocation,/mnt/ubna_data_02_mir/recover-20220922/UBNA_001/20220921_090000.WAV,Telephone Field,recover-20220922,001,1795
756.8675,756.8795,51250,56530,Pipistrellus pipistrellus,0.046,0.054,-1,Echolocation,/mnt/ubna_data_02_mir/recover-20220922/UBNA_001/20220921_090000.WAV,Telephone Field,recover-20220922,001,1795
756.8845,756.923,68437,81580,Rhinolophus ferrumequinum,0.024,0.025,-1,Echolocation,/mnt/ubna_data_02_mir/recover-20220922/UBNA_001/20220921_090000.WAV,Telephone Field,recover-20220922,001,1795
756.8935,756.903,47812,50943,Pipistrellus pipistrellus,0.032,0.034,-1,Echolocation,/mnt/ubna_data_02_mir/recover-20220922/UBNA_001/20220921_090000.WAV,Telephone Field,recover-20220922,001,1795
756.8955,756.9086,22031,26162,Nyctalus leisleri,0.014,0.024,-1,Echolocation,/mnt/ubna_data_02_mir/recover-20220922/UBNA_001/20220921_090000.WAV,Telephone Field,recover-20220922,001,1795
756.9135,756.9515,68437,81654,Rhinolophus ferrumequinum,0.025,0.025,-1,Echolocation,/mnt/ubna_data_02_mir/recover-20220922/UBNA_001/20220921_090000.WAV,Telephone Field,recover-20220922,001,1795
756.9565,756.9713,23750,27667,Nyctalus leisleri,0.014,0.026,-1,Echolocation,/mnt/ubna_data_02_mir/recover-20220922/UBNA_001/20220921_090000.WAV,Telephone Field,recover-20220922,001,1795
756.9915,756.998,27187,38118,Eptesicus serotinus,0.005,0.023,-1,Echolocation,/mnt/ubna_data_02_mir/recover-20220922/UBNA_001/20220921_090000.WAV,Telephone Field,recover-20220922,001,1795
756.9915,757.0172,17734,20907,Nyctalus noctula,0.051,0.072,-1,Echolocation,/mnt/ubna_data_02_mir/recover-20220922/UBNA_001/20220921_090000.WAV,Telephone Field,recover-20220922,001,1795
756.9935,757.0303,68437,82378,Rhinolophus ferrumequinum,0.023,0.023,-1,Echolocation,/mnt/ubna_data_02_mir/recover-20220922/UBNA_001/20220921_090000.WAV,Telephone Field,recover-20220922,001,1795
756.9985,757.0178,19453,22832,Nyctalus noctula,0.044,0.089,-1,Echolocation,/mnt/ubna_data_02_mir/recover-20220922/UBNA_001/20220921_090000.WAV,Telephone Field,recover-20220922,001,1795
757.0155,757.0538,68437,82218,Rhinolophus ferrumequinum,0.022,0.022,-1,Echolocation,/mnt/ubna_data_02_mir/recover-20220922/UBNA_001/20220921_090000.WAV,Telephone Field,recover-20220922,001,1795
757.0405,757.0508,23750,29716,Nyctalus leisleri,0.009,0.023,-1,Echolocation,/mnt/ubna_data_02_mir/recover-20220922/UBNA_001/20220921_090000.WAV,Telephone Field,recover-20220922,001,1795
757.0475,757.0569,27187,34659,Eptesicus serotinus,0.009,0.022,-1,Echolocation,/mnt/ubna_data_02_mir/recover-20220922/UBNA_001/20220921_090000.WAV,Telephone Field,recover-20220922,001,1795
757.0725,757.0828,28906,36758,Eptesicus serotinus,0.013,0.028,-1,Echolocation,/mnt/ubna_data_02_mir/recover-20220922/UBNA_001/20220921_090000.WAV,Telephone Field,recover-20220922,001,1795
757.0745,757.085,44375,49612,Pipistrellus pipistrellus,0.036,0.041,-1,Echolocation,/mnt/ubna_data_02_mir/recover-20220922/UBNA_001/20220921_090000.WAV,Telephone Field,recover-20220922,001,1795
757.1095,757.1246,20312,23492,Nyctalus leisleri,0.014,0.022,-1,Echolocation,/mnt/ubna_data_02_mir/recover-20220922/UBNA_001/20220921_090000.WAV,Telephone Field,recover-20220922,001,1795
757.1445,757.1591,22031,25914,Nyctalus leisleri,0.014,0.024,-1,Echolocation,/mnt/ubna_data_02_mir/recover-20220922/UBNA_001/20220921_090000.WAV,Telephone Field,recover-20220922,001,1795
757.1895,757.227,68437,81828,Rhinolophus ferrumequinum,0.028,0.028,-1,Echolocation,/mnt/ubna_data_02_mir/recover-20220922/UBNA_001/20220921_090000.WAV,Telephone Field,recover-20220922,001,1795
757.2015,757.2086,26328,39681,Eptesicus serotinus,0.006,0.022,-1,Echolocation,/mnt/ubna_data_02_mir/recover-20220922/UBNA_001/20220921_090000.WAV,Telephone Field,recover-20220922,001,1795
757.2265,757.2342,28046,37581,Eptesicus serotinus,0.009,0.024,-1,Echolocation,/mnt/ubna_data_02_mir/recover-20220922/UBNA_001/20220921_090000.WAV,Telephone Field,recover-20220922,001,1795
757.2435,757.2538,28906,37122,Eptesicus serotinus,0.012,0.025,-1,Echolocation,/mnt/ubna_data_02_mir/recover-20220922/UBNA_001/20220921_090000.WAV,Telephone Field,recover-20220922,001,1795
757.2475,757.2859,68437,82194,Rhinolophus ferrumequinum,0.026,0.026,-1,Echolocation,/mnt/ubna_data_02_mir/recover-20220922/UBNA_001/20220921_090000.WAV,Telephone Field,recover-20220922,001,1795
757.2795,757.3215,68437,82375,Rhinolophus ferrumequinum,0.053,0.053,-1,Echolocation,/mnt/ubna_data_02_mir/recover-20220922/UBNA_001/20220921_090000.WAV,Telephone Field,recover-20220922,001,1795
757.3155,757.3234,28046,40301,Eptesicus serotinus,0.009,0.028,-1,Echolocation,/mnt/ubna_data_02_mir/recover-20220922/UBNA_001/20220921_090000.WAV,Telephone Field,recover-20220922,001,1795
757.3155,757.3215,34921,44737,Myotis daubentonii,0.009,0.023,-1,Echolocation,/mnt/ubna_data_02_mir/recover-20220922/UBNA_001/20220921_090000.WAV,Telephone Field,recover-20220922,001,1795
757.3275,757.3674,68437,82129,Rhinolophus ferrumequinum,0.025,0.025,-1,Echolocation,/mnt/ubna_data_02_mir/recover-20220922/UBNA_001/20220921_090000.WAV,Telephone Field,recover-20220922,001,1795
757.3715,757.4118,68437,82336,Rhinolophus ferrumequinum,0.022,0.022,-1,Echolocation,/mnt/ubna_data_02_mir/recover-20220922/UBNA_001/20220921_090000.WAV,Telephone Field,recover-20220922,001,1795
757.4185,757.459,68437,82402,Rhinolophus ferrumequinum,0.022,0.022,-1,Echolocation,/mnt/ubna_data_02_mir/recover-20220922/UBNA_001/20220921_090000.WAV,Telephone Field,recover-20220922,001,1795
757.4245,757.4642,68437,82474,Rhinolophus ferrumequinum,0.022,0.022,-1,Echolocation,/mnt/ubna_data_02_mir/recover-20220922/UBNA_001/20220921_090000.WAV,Telephone Field,recover-20220922,001,1795
757.4475,757.4569,28906,37416,Eptesicus serotinus,0.011,0.027,-1,Echolocation,/mnt/ubna_data_02_mir/recover-20220922/UBNA_001/20220921_090000.WAV,Telephone Field,recover-20220922,001,1795
757.4555,757.4942,68437,81832,Rhinolophus ferrumequinum,0.023,0.023,-1,Echolocation,/mnt/ubna_data_02_mir/recover-20220922/UBNA_001/20220921_090000.WAV,Telephone Field,recover-20220922,001,1795
757.4635,757.4721,28046,36022,Eptesicus serotinus,0.021,0.044,-1,Echolocation,/mnt/ubna_data_02_mir/recover-20220922/UBNA_001/20220921_090000.WAV,Telephone Field,recover-20220922,001,1795
757.4665,757.5029,68437,81571,Rhinolophus ferrumequinum,0.022,0.022,-1,Echolocation,/mnt/ubna_data_02_mir/recover-20220922/UBNA_001/20220921_090000.WAV,Telephone Field,recover-20220922,001,1795
757.5155,757.5542,68437,82358,Rhinolophus ferrumequinum,0.021,0.022,-1,Echolocation,/mnt/ubna_data_02_mir/recover-20220922/UBNA_001/20220921_090000.WAV,Telephone Field,recover-20220922,001,1795
757.5255,757.5375,23750,28136,Nyctalus leisleri,0.016,0.029,-1,Echolocation,/mnt/ubna_data_02_mir/recover-20220922/UBNA_001/20220921_090000.WAV,Telephone Field,recover-20220922,001,1795
757.5405,757.5488,28046,39305,Eptesicus serotinus,0.008,0.023,-1,Echolocation,/mnt/ubna_data_02_mir/recover-20220922/UBNA_001/20220921_090000.WAV,Telephone Field,recover-20220922,001,1795
757.5485,757.5586,28906,36399,Eptesicus serotinus,0.009,0.022,-1,Echolocation,/mnt/ubna_data_02_mir/recover-20220922/UBNA_001/20220921_090000.WAV,Telephone Field,recover-20220922,001,1795
757.5535,757.5638,22031,27125,Nyctalus leisleri,0.01,0.023,-1,Echolocation,/mnt/ubna_data_02_mir/recover-20220922/UBNA_001/20220921_090000.WAV,Telephone Field,recover-20220922,001,1795
757.5635,757.6021,68437,82680,Rhinolophus ferrumequinum,0.025,0.025,-1,Echolocation,/mnt/ubna_data_02_mir/recover-20220922/UBNA_001/20220921_090000.WAV,Telephone Field,recover-20220922,001,1795
757.5685,757.5792,22890,28026,Nyctalus leisleri,0.012,0.026,-1,Echolocation,/mnt/ubna_data_02_mir/recover-20220922/UBNA_001/20220921_090000.WAV,Telephone Field,recover-20220922,001,1795
757.5855,757.5943,28046,37283,Eptesicus serotinus,0.012,0.026,-1,Echolocation,/mnt/ubna_data_02_mir/recover-20220922/UBNA_001/20220921_090000.WAV,Telephone Field,recover-20220922,001,1795
757.6135,757.6511,68437,81761,Rhinolophus ferrumequinum,0.022,0.023,-1,Echolocation,/mnt/ubna_data_02_mir/recover-20220922/UBNA_001/20220921_090000.WAV,Telephone Field,recover-20220922,001,1795
757.6515,757.6629,26328,33235,Eptesicus serotinus,0.01,0.023,-1,Echolocation,/mnt/ubna_data_02_mir/recover-20220922/UBNA_001/20220921_090000.WAV,Telephone Field,recover-20220922,001,1795
757.6555,757.6962,68437,82635,Rhinolophus ferrumequinum,0.023,0.023,-1,Echolocation,/mnt/ubna_data_02_mir/recover-20220922/UBNA_001/20220921_090000.WAV,Telephone Field,recover-20220922,001,1795
757.6805,757.7213,68437,83239,Rhinolophus ferrumequinum,0.043,0.043,-1,Echolocation,/mnt/ubna_data_02_mir/recover-20220922/UBNA_001/20220921_090000.WAV,Telephone Field,recover-20220922,001,1795
757.6965,757.7041,24609,33721,Plecotus austriacus,0.01,0.026,-1,Echolocation,/mnt/ubna_data_02_mir/recover-20220922/UBNA_001/20220921_090000.WAV,Telephone Field,recover-20220922,001,1795
757.7235,757.76,68437,81690,Rhinolophus ferrumequinum,0.024,0.024,-1,Echolocation,/mnt/ubna_data_02_mir/recover-20220922/UBNA_001/20220921_090000.WAV,Telephone Field,recover-20220922,001,1795
757.7405,757.7813,68437,82076,Rhinolophus ferrumequinum,0.025,0.025,-1,Echolocation,/mnt/ubna_data_02_mir/recover-20220922/UBNA_001/20220921_090000.WAV,Telephone Field,recover-20220922,001,1795
757.7515,757.7908,68437,82213,Rhinolophus ferrumequinum,0.021,0.022,-1,Echolocation,/mnt/ubna_data_02_mir/recover-20220922/UBNA_001/20220921_090000.WAV,Telephone Field,recover-20220922,001,1795
757.7705,757.8106,68437,82163,Rhinolophus ferrumequinum,0.026,0.026,-1,Echolocation,/mnt/ubna_data_02_mir/recover-20220922/UBNA_001/20220921_090000.WAV,Telephone Field,recover-20220922,001,1795
757.7805,757.7888,25468,34065,Eptesicus serotinus,0.007,0.022,-1,Echolocation,/mnt/ubna_data_02_mir/recover-20220922/UBNA_001/20220921_090000.WAV,Telephone Field,recover-20220922,001,1795
757.7965,757.8374,68437,82681,Rhinolophus ferrumequinum,0.044,0.044,-1,Echolocation,/mnt/ubna_data_02_mir/recover-20220922/UBNA_001/20220921_090000.WAV,Telephone Field,recover-20220922,001,1795
757.8225,757.8574,68437,81134,Rhinolophus ferrumequinum,0.027,0.027,-1,Echolocation,/mnt/ubna_data_02_mir/recover-20220922/UBNA_001/20220921_090000.WAV,Telephone Field,recover-20220922,001,1795
757.8345,757.8739,68437,81934,Rhinolophus ferrumequinum,0.024,0.024,-1,Echolocation,/mnt/ubna_data_02_mir/recover-20220922/UBNA_001/20220921_090000.WAV,Telephone Field,recover-20220922,001,1795
757.8725,757.8888,21171,24520,Nyctalus leisleri,0.022,0.04,-1,Echolocation,/mnt/ubna_data_02_mir/recover-20220922/UBNA_001/20220921_090000.WAV,Telephone Field,recover-20220922,001,1795
757.8875,757.924,68437,80938,Rhinolophus ferrumequinum,0.023,0.023,-1,Echolocation,/mnt/ubna_data_02_mir/recover-20220922/UBNA_001/20220921_090000.WAV,Telephone Field,recover-20220922,001,1795
757.8885,757.9008,37500,41354,Pipistrellus nathusii,0.015,0.027,-1,Echolocation,/mnt/ubna_data_02_mir/recover-20220922/UBNA_001/20220921_090000.WAV,Telephone Field,recover-20220922,001,1795
757.9175,757.9278,25468,33191,Eptesicus serotinus,0.013,0.032,-1,Echolocation,/mnt/ubna_data_02_mir/recover-20220922/UBNA_001/20220921_090000.WAV,Telephone Field,recover-20220922,001,1795
757.9325,757.9508,19453,22022,Nyctalus leisleri,0.012,0.021,-1,Echolocation,/mnt/ubna_data_02_mir/recover-20220922/UBNA_001/20220921_090000.WAV,Telephone Field,recover-20220922,001,1795
757.9355,757.9759,68437,82440,Rhinolophus ferrumequinum,0.025,0.025,-1,Echolocation,/mnt/ubna_data_02_mir/recover-20220922/UBNA_001/20220921_090000.WAV,Telephone Field,recover-20220922,001,1795
757.9365,757.9463,44375,47872,Pipistrellus pipistrellus,0.024,0.026,-1,Echolocation,/mnt/ubna_data_02_mir/recover-20220922/UBNA_001/20220921_090000.WAV,Telephone Field,recover-20220922,001,1795
757.9845,757.9942,28046,37464,Eptesicus serotinus,0.008,0.023,-1,Echolocation,/mnt/ubna_data_02_mir/recover-20220922/UBNA_001/20220921_090000.WAV,Telephone Field,recover-20220922,001,1795
758.0015,758.0095,26328,38599,Eptesicus serotinus,0.005,0.023,-1,Echolocation,/mnt/ubna_data_02_mir/recover-20220922/UBNA_001/20220921_090000.WAV,Telephone Field,recover-20220922,001,1795
758.0015,758.0367,68437,80644,Rhinolophus ferrumequinum,0.04,0.04,-1,Echolocation,/mnt/ubna_data_02_mir/recover-20220922/UBNA_001/20220921_090000.WAV,Telephone Field,recover-20220922,001,1795
758.0015,758.0079,48671,53907,Pipistrellus pipistrellus,0.015,0.021,-1,Echolocation,/mnt/ubna_data_02_mir/recover-20220922/UBNA_001/20220921_090000.WAV,Telephone Field,recover-20220922,001,1795
758.0075,758.0519,68437,82357,Rhinolophus ferrumequinum,0.021,0.021,-1,Echolocation,/mnt/ubna_data_02_mir/recover-20220922/UBNA_001/20220921_090000.WAV,Telephone Field,recover-20220922,001,1795
758.0185,758.0288,23750,28927,Nyctalus leisleri,0.01,0.021,-1,Echolocation,/mnt/ubna_data_02_mir/recover-20220922/UBNA_001/20220921_090000.WAV,Telephone Field,recover-20220922,001,1795
758.0355,758.0764,68437,82568,Rhinolophus ferrumequinum,0.027,0.027,-1,Echolocation,/mnt/ubna_data_02_mir/recover-20220922/UBNA_001/20220921_090000.WAV,Telephone Field,recover-20220922,001,1795
758.0435,758.0838,68437,82651,Rhinolophus ferrumequinum,0.024,0.024,-1,Echolocation,/mnt/ubna_data_02_mir/recover-20220922/UBNA_001/20220921_090000.WAV,Telephone Field,recover-20220922,001,1795
758.0625,758.0724,28906,36973,Eptesicus serotinus,0.008,0.02,-1,Echolocation,/mnt/ubna_data_02_mir/recover-20220922/UBNA_001/20220921_090000.WAV,Telephone Field,recover-20220922,001,1795
758.0675,758.1057,68437,81882,Rhinolophus ferrumequinum,0.022,0.022,-1,Echolocation,/mnt/ubna_data_02_mir/recover-20220922/UBNA_001/20220921_090000.WAV,Telephone Field,recover-20220922,001,1795
758.0855,758.1243,68437,82217,Rhinolophus ferrumequinum,0.023,0.023,-1,Echolocation,/mnt/ubna_data_02_mir/recover-20220922/UBNA_001/20220921_090000.WAV,Telephone Field,recover-20220922,001,1795
758.1105,758.149,68437,82415,Rhinolophus ferrumequinum,0.023,0.023,-1,Echolocation,/mnt/ubna_data_02_mir/recover-20220922/UBNA_001/20220921_090000.WAV,Telephone Field,recover-20220922,001,1795
758.1195,758.158,68437,81609,Rhinolophus ferrumequinum,0.021,0.021,-1,Echolocation,/mnt/ubna_data_02_mir/recover-20220922/UBNA_001/20220921_090000.WAV,Telephone Field,recover-20220922,001,1795
758.1415,758.1799,68437,82161,Rhinolophus ferrumequinum,0.02,0.02,-1,Echolocation,/mnt/ubna_data_02_mir/recover-20220922/UBNA_001/20220921_090000.WAV,Telephone Field,recover-20220922,001,1795
758.1455,758.1551,28906,37603,Eptesicus serotinus,0.008,0.023,-1,Echolocation,/mnt/ubna_data_02_mir/recover-20220922/UBNA_001/20220921_090000.WAV,Telephone Field,recover-20220922,001,1795
758.1565,758.1934,68437,81119,Rhinolophus ferrumequinum,0.021,0.021,-1,Echolocation,/mnt/ubna_data_02_mir/recover-20220922/UBNA_001/20220921_090000.WAV,Telephone Field,recover-20220922,001,1795
758.1865,758.2256,68437,81982,Rhinolophus ferrumequinum,0.021,0.021,-1,Echolocation,/mnt/ubna_data_02_mir/recover-20220922/UBNA_001/20220921_090000.WAV,Telephone Field,recover-20220922,001,1795
758.2075,758.2472,68437,82172,Rhinolophus ferrumequinum,0.023,0.023,-1,Echolocation,/mnt/ubna_data_02_mir/recover-20220922/UBNA_001/20220921_090000.WAV,Telephone Field,recover-20220922,001,1795
758.2165,758.2255,45234,52027,Pipistrellus pipistrellus,0.022,0.024,-1,Echolocation,/mnt/ubna_data_02_mir/recover-20220922/UBNA_001/20220921_090000.WAV,Telephone Field,recover-20220922,001,1795
758.2285,758.2371,32343,40986,Myotis daubentonii,0.007,0.023,-1,Echolocation,/mnt/ubna_data_02_mir/recover-20220922/UBNA_001/20220921_090000.WAV,Telephone Field,recover-20220922,001,1795
758.2485,758.2557,24609,33950,Plecotus austriacus,0.009,0.022,-1,Echolocation,/mnt/ubna_data_02_mir/recover-20220922/UBNA_001/20220921_090000.WAV,Telephone Field,recover-20220922,001,1795
758.2495,758.2884,68437,82401,Rhinolophus ferrumequinum,0.024,0.025,-1,Echolocation,/mnt/ubna_data_02_mir/recover-20220922/UBNA_001/20220921_090000.WAV,Telephone Field,recover-20220922,001,1795
758.2545,758.2941,68437,83268,Rhinolophus ferrumequinum,0.024,0.024,-1,Echolocation,/mnt/ubna_data_02_mir/recover-20220922/UBNA_001/20220921_090000.WAV,Telephone Field,recover-20220922,001,1795
758.2715,758.3108,68437,81662,Rhinolophus ferrumequinum,0.021,0.021,-1,Echolocation,/mnt/ubna_data_02_mir/recover-20220922/UBNA_001/20220921_090000.WAV,Telephone Field,recover-20220922,001,1795
758.2885,758.2996,39218,42918,Pipistrellus nathusii,0.014,0.023,-1,Echolocation,/mnt/ubna_data_02_mir/recover-20220922/UBNA_001/20220921_090000.WAV,Telephone Field,recover-20220922,001,1795
758.2945,758.3046,23750,29647,Nyctalus leisleri,0.01,0.023,-1,Echolocation,/mnt/ubna_data_02_mir/recover-20220922/UBNA_001/20220921_090000.WAV,Telephone Field,recover-20220922,001,1795
758.2975,758.3386,68437,82982,Rhinolophus ferrumequinum,0.033,0.033,-1,Echolocation,/mnt/ubna_data_02_mir/recover-20220922/UBNA_001/20220921_090000.WAV,Telephone Field,recover-20220922,001,1795
758.3365,758.3816,68437,83608,Rhinolophus ferrumequinum,0.041,0.041,-1,Echolocation,/mnt/ubna_data_02_mir/recover-20220922/UBNA_001/20220921_090000.WAV,Telephone Field,recover-20220922,001,1795
758.3665,758.407,68437,82743,Rhinolophus ferrumequinum,0.03,0.03,-1,Echolocation,/mnt/ubna_data_02_mir/recover-20220922/UBNA_001/20220921_090000.WAV,Telephone Field,recover-20220922,001,1795
758.3855,758.4227,68437,81355,Rhinolophus ferrumequinum,0.021,0.021,-1,Echolocation,/mnt/ubna_data_02_mir/recover-20220922/UBNA_001/20220921_090000.WAV,Telephone Field,recover-20220922,001,1795
758.3985,758.4348,68437,81176,Rhinolophus ferrumequinum,0.021,0.021,-1,Echolocation,/mnt/ubna_data_02_mir/recover-20220922/UBNA_001/20220921_090000.WAV,Telephone Field,recover-20220922,001,1795
758.4235,758.4632,68437,82266,Rhinolophus ferrumequinum,0.024,0.024,-1,Echolocation,/mnt/ubna_data_02_mir/recover-20220922/UBNA_001/20220921_090000.WAV,Telephone Field,recover-20220922,001,1795
758.4395,758.4791,68437,82194,Rhinolophus ferrumequinum,0.022,0.022,-1,Echolocation,/mnt/ubna_data_02_mir/recover-20220922/UBNA_001/20220921_090000.WAV,Telephone Field,recover-20220922,001,1795
758.4575,758.4989,68437,82708,Rhinolophus ferrumequinum,0.022,0.022,-1,Echolocation,/mnt/ubna_data_02_mir/recover-20220922/UBNA_001/20220921_090000.WAV,Telephone Field,recover-20220922,001,1795
758.4715,758.4865,26328,30614,Nyctalus leisleri,0.023,0.052,-1,Echolocation,/mnt/ubna_data_02_mir/recover-20220922/UBNA_001/20220921_090000.WAV,Telephone Field,recover-20220922,001,1795
758.4725,758.5137,68437,82699,Rhinolophus ferrumequinum,0.03,0.03,-1,Echolocation,/mnt/ubna_data_02_mir/recover-20220922/UBNA_001/20220921_090000.WAV,Telephone Field,recover-20220922,001,1795
758.4835,758.491,27187,36564,Eptesicus serotinus,0.009,0.027,-1,Echolocation,/mnt/ubna_data_02_mir/recover-20220922/UBNA_001/20220921_090000.WAV,Telephone Field,recover-20220922,001,1795
758.5085,758.5462,68437,81998,Rhinolophus ferrumequinum,0.021,0.021,-1,Echolocation,/mnt/ubna_data_02_mir/recover-20220922/UBNA_001/20220921_090000.WAV,Telephone Field,recover-20220922,001,1795
758.5175,758.5275,28046,36859,Eptesicus serotinus,0.011,0.027,-1,Echolocation,/mnt/ubna_data_02_mir/recover-20220922/UBNA_001/20220921_090000.WAV,Telephone Field,recover-20220922,001,1795
758.5365,758.5768,68437,82610,Rhinolophus ferrumequinum,0.03,0.03,-1,Echolocation,/mnt/ubna_data_02_mir/recover-20220922/UBNA_001/20220921_090000.WAV,Telephone Field,recover-20220922,001,1795
758.5675,758.6131,68437,83705,Rhinolophus ferrumequinum,0.039,0.039,-1,Echolocation,/mnt/ubna_data_02_mir/recover-20220922/UBNA_001/20220921_090000.WAV,Telephone Field,recover-20220922,001,1795
758.5875,758.5964,24609,32418,Nyctalus leisleri,0.006,0.02,-1,Echolocation,/mnt/ubna_data_02_mir/recover-20220922/UBNA_001/20220921_090000.WAV,Telephone Field,recover-20220922,001,1795
758.5945,758.6046,23750,29542,Nyctalus leisleri,0.01,0.024,-1,Echolocation,/mnt/ubna_data_02_mir/recover-20220922/UBNA_001/20220921_090000.WAV,Telephone Field,recover-20220922,001,1795
758.5995,758.6402,68437,83163,Rhinolophus ferrumequinum,0.03,0.03,-1,Echolocation,/mnt/ubna_data_02_mir/recover-20220922/UBNA_001/20220921_090000.WAV,Telephone Field,recover-20220922,001,1795
758.6235,758.6609,68437,81703,Rhinolophus ferrumequinum,0.023,0.023,-1,Echolocation,/mnt/ubna_data_02_mir/recover-20220922/UBNA_001/20220921_090000.WAV,Telephone Field,recover-20220922,001,1795
758.6275,758.6352,28906,38595,Eptesicus serotinus,0.009,0.026,-1,Echolocation,/mnt/ubna_data_02_mir/recover-20220922/UBNA_001/20220921_090000.WAV,Telephone Field,recover-20220922,001,1795
758.6655,758.6751,28046,38541,Eptesicus serotinus,0.009,0.023,-1,Echolocation,/mnt/ubna_data_02_mir/recover-20220922/UBNA_001/20220921_090000.WAV,Telephone Field,recover-20220922,001,1795
758.6685,758.7072000000001,68437,82029,Rhinolophus ferrumequinum,0.025,0.025,-1,Echolocation,/mnt/ubna_data_02_mir/recover-20220922/UBNA_001/20220921_090000.WAV,Telephone Field,recover-20220922,001,1795
758.6995,758.7331,68437,80827,Rhinolophus ferrumequinum,0.021,0.021,-1,Echolocation,/mnt/ubna_data_02_mir/recover-20220922/UBNA_001/20220921_090000.WAV,Telephone Field,recover-20220922,001,1795
758.7065,758.7421,68437,81343,Rhinolophus ferrumequinum,0.021,0.021,-1,Echolocation,/mnt/ubna_data_02_mir/recover-20220922/UBNA_001/20220921_090000.WAV,Telephone Field,recover-20220922,001,1795
758.7255,758.7668,68437,82594,Rhinolophus ferrumequinum,0.038,0.038,-1,Echolocation,/mnt/ubna_data_02_mir/recover-20220922/UBNA_001/20220921_090000.WAV,Telephone Field,recover-20220922,001,1795
758.7285,758.7371,27187,35975,Eptesicus serotinus,0.012,0.026,-1,Echolocation,/mnt/ubna_data_02_mir/recover-20220922/UBNA_001/20220921_090000.WAV,Telephone Field,recover-20220922,001,1795
758.7695,758.8117,68437,82625,Rhinolophus ferrumequinum,0.021,0.021,-1,Echolocation,/mnt/ubna_data_02_mir/recover-20220922/UBNA_001/20220921_090000.WAV,Telephone Field,recover-20220922,001,1795
758.7755,758.8162,68437,82666,Rhinolophus ferrumequinum,0.021,0.021,-1,Echolocation,/mnt/ubna_data_02_mir/recover-20220922/UBNA_001/20220921_090000.WAV,Telephone Field,recover-20220922,001,1795
758.7765,758.7896,24609,28908,Nyctalus leisleri,0.02,0.038,-1,Echolocation,/mnt/ubna_data_02_mir/recover-20220922/UBNA_001/20220921_090000.WAV,Telephone Field,recover-20220922,001,1795
758.7935,758.8007,50390,55190,Pipistrellus pipistrellus,0.037,0.04,-1,Echolocation,/mnt/ubna_data_02_mir/recover-20220922/UBNA_001/20220921_090000.WAV,Telephone Field,recover-20220922,001,1795
758.8155,758.8552999999999,68437,81812,Rhinolophus ferrumequinum,0.024,0.024,-1,Echolocation,/mnt/ubna_data_02_mir/recover-20220922/UBNA_001/20220921_090000.WAV,Telephone Field,recover-20220922,001,1795
758.8315,758.8658,68437,80319,Rhinolophus ferrumequinum,0.025,0.025,-1,Echolocation,/mnt/ubna_data_02_mir/recover-20220922/UBNA_001/20220921_090000.WAV,Telephone Field,recover-20220922,001,1795
758.8625,758.9018,68437,82407,Rhinolophus ferrumequinum,0.02,0.02,-1,Echolocation,/mnt/ubna_data_02_mir/recover-20220922/UBNA_001/20220921_090000.WAV,Telephone Field,recover-20220922,001,1795
758.8825,758.9212,68437,81928,Rhinolophus ferrumequinum,0.023,0.023,-1,Echolocation,/mnt/ubna_data_02_mir/recover-20220922/UBNA_001/20220921_090000.WAV,Telephone Field,recover-20220922,001,1795
758.9095,758.9471,68437,81526,Rhinolophus ferrumequinum,0.031,0.031,-1,Echolocation,/mnt/ubna_data_02_mir/recover-20220922/UBNA_001/20220921_090000.WAV,Telephone Field,recover-20220922,001,1795
758.9185,758.9573,68437,82140,Rhinolophus ferrumequinum,0.031,0.031,-1,Echolocation,/mnt/ubna_data_02_mir/recover-20220922/UBNA_001/20220921_090000.WAV,Telephone Field,recover-20220922,001,1795
758.9505,758.9611,28046,35474,Eptesicus serotinus,0.012,0.025,-1,Echolocation,/mnt/ubna_data_02_mir/recover-20220922/UBNA_001/20220921_090000.WAV,Telephone Field,recover-20220922,001,1795
758.9695,759.007,68437,81800,Rhinolophus ferrumequinum,0.023,0.023,-1,Echolocation,/mnt/ubna_data_02_mir/recover-20220922/UBNA_001/20220921_090000.WAV,Telephone Field,recover-20220922,001,1795
758.9835,759.0257,68437,83193,Rhinolophus ferrumequinum,0.033,0.033,-1,Echolocation,/mnt/ubna_data_02_mir/recover-20220922/UBNA_001/20220921_090000.WAV,Telephone Field,recover-20220922,001,1795
759.0055,759.0423,68437,81370,Rhinolophus ferrumequinum,0.023,0.023,-1,Echolocation,/mnt/ubna_data_02_mir/recover-20220922/UBNA_001/20220921_090000.WAV,Telephone Field,recover-20220922,001,1795
759.0135,759.021,28046,37605,Eptesicus serotinus,0.006,0.021,-1,Echolocation,/mnt/ubna_data_02_mir/recover-20220922/UBNA_001/20220921_090000.WAV,Telephone Field,recover-20220922,001,1795
759.0155,759.0532,68437,82097,Rhinolophus ferrumequinum,0.023,0.023,-1,Echolocation,/mnt/ubna_data_02_mir/recover-20220922/UBNA_001/20220921_090000.WAV,Telephone Field,recover-20220922,001,1795
759.0345,759.0761,68437,82541,Rhinolophus ferrumequinum,0.029,0.029,-1,Echolocation,/mnt/ubna_data_02_mir/recover-20220922/UBNA_001/20220921_090000.WAV,Telephone Field,recover-20220922,001,1795
759.0555,759.0652,22031,27503,Nyctalus leisleri,0.008,0.022,-1,Echolocation,/mnt/ubna_data_02_mir/recover-20220922/UBNA_001/20220921_090000.WAV,Telephone Field,recover-20220922,001,1795
759.0725,759.1156,68437,82995,Rhinolophus ferrumequinum,0.04,0.04,-1,Echolocation,/mnt/ubna_data_02_mir/recover-20220922/UBNA_001/20220921_090000.WAV,Telephone Field,recover-20220922,001,1795
759.0935,759.1353,68437,82706,Rhinolophus ferrumequinum,0.027,0.027,-1,Echolocation,/mnt/ubna_data_02_mir/recover-20220922/UBNA_001/20220921_090000.WAV,Telephone Field,recover-20220922,001,1795
759.1825,759.2223,68437,82547,Rhinolophus ferrumequinum,0.033,0.033,-1,Echolocation,/mnt/ubna_data_02_mir/recover-20220922/UBNA_001/20220921_090000.WAV,Telephone Field,recover-20220922,001,1795
759.1965,759.2064,28046,35735,Eptesicus serotinus,0.008,0.02,-1,Echolocation,/mnt/ubna_data_02_mir/recover-20220922/UBNA_001/20220921_090000.WAV,Telephone Field,recover-20220922,001,1795
759.2065,759.2151,28046,37928,Eptesicus serotinus,0.009,0.025,-1,Echolocation,/mnt/ubna_data_02_mir/recover-20220922/UBNA_001/20220921_090000.WAV,Telephone Field,recover-20220922,001,1795
759.2095,759.2467,68437,82408,Rhinolophus ferrumequinum,0.034,0.034,-1,Echolocation,/mnt/ubna_data_02_mir/recover-20220922/UBNA_001/20220921_090000.WAV,Telephone Field,recover-20220922,001,1795
759.2375,759.2757,68437,82274,Rhinolophus ferrumequinum,0.021,0.021,-1,Echolocation,/mnt/ubna_data_02_mir/recover-20220922/UBNA_001/20220921_090000.WAV,Telephone Field,recover-20220922,001,1795
759.2625,759.3054,68437,83193,Rhinolophus ferrumequinum,0.033,0.033,-1,Echolocation,/mnt/ubna_data_02_mir/recover-20220922/UBNA_001/20220921_090000.WAV,Telephone Field,recover-20220922,001,1795
759.2955,759.3367,68437,82741,Rhinolophus ferrumequinum,0.036,0.036,-1,Echolocation,/mnt/ubna_data_02_mir/recover-20220922/UBNA_001/20220921_090000.WAV,Telephone Field,recover-20220922,001,1795
759.3025,759.3412,68437,81786,Rhinolophus ferrumequinum,0.033,0.033,-1,Echolocation,/mnt/ubna_data_02_mir/recover-20220922/UBNA_001/20220921_090000.WAV,Telephone Field,recover-20220922,001,1795
759.3105,759.3224,24609,30510,Nyctalus leisleri,0.01,0.023,-1,Echolocation,/mnt/ubna_data_02_mir/recover-20220922/UBNA_001/20220921_090000.WAV,Telephone Field,recover-20220922,001,1795
759.3415,759.3792,68437,81419,Rhinolophus ferrumequinum,0.026,0.026,-1,Echolocation,/mnt/ubna_data_02_mir/recover-20220922/UBNA_001/20220921_090000.WAV,Telephone Field,recover-20220922,001,1795
759.3415,759.3517,24609,31820,Nyctalus leisleri,0.012,0.032,-1,Echolocation,/mnt/ubna_data_02_mir/recover-20220922/UBNA_001/20220921_090000.WAV,Telephone Field,recover-20220922,001,1795
759.3585,759.3945,68437,81273,Rhinolophus ferrumequinum,0.021,0.021,-1,Echolocation,/mnt/ubna_data_02_mir/recover-20220922/UBNA_001/20220921_090000.WAV,Telephone Field,recover-20220922,001,1795
759.3915,759.4042,23750,29041,Nyctalus leisleri,0.016,0.034,-1,Echolocation,/mnt/ubna_data_02_mir/recover-20220922/UBNA_001/20220921_090000.WAV,Telephone Field,recover-20220922,001,1795
759.3925,759.433,68437,82957,Rhinolophus ferrumequinum,0.036,0.037,-1,Echolocation,/mnt/ubna_data_02_mir/recover-20220922/UBNA_001/20220921_090000.WAV,Telephone Field,recover-20220922,001,1795
759.4035,759.4462,68437,83096,Rhinolophus ferrumequinum,0.03,0.03,-1,Echolocation,/mnt/ubna_data_02_mir/recover-20220922/UBNA_001/20220921_090000.WAV,Telephone Field,recover-20220922,001,1795
759.4285,759.4682,68437,81812,Rhinolophus ferrumequinum,0.024,0.024,-1,Echolocation,/mnt/ubna_data_02_mir/recover-20220922/UBNA_001/20220921_090000.WAV,Telephone Field,recover-20220922,001,1795
759.4595,759.4998,68437,82370,Rhinolophus ferrumequinum,0.023,0.023,-1,Echolocation,/mnt/ubna_data_02_mir/recover-20220922/UBNA_001/20220921_090000.WAV,Telephone Field,recover-20220922,001,1795
759.4845,759.5233,68437,82363,Rhinolophus ferrumequinum,0.023,0.023,-1,Echolocation,/mnt/ubna_data_02_mir/recover-20220922/UBNA_001/20220921_090000.WAV,Telephone Field,recover-20220922,001,1795
759.4915,759.5322,68437,82640,Rhinolophus ferrumequinum,0.023,0.023,-1,Echolocation,/mnt/ubna_data_02_mir/recover-20220922/UBNA_001/20220921_090000.WAV,Telephone Field,recover-20220922,001,1795
759.5015,759.5409,68437,81787,Rhinolophus ferrumequinum,0.027,0.027,-1,Echolocation,/mnt/ubna_data_02_mir/recover-20220922/UBNA_001/20220921_090000.WAV,Telephone Field,recover-20220922,001,1795
759.5145,759.5272,22890,26845,Nyctalus leisleri,0.013,0.023,-1,Echolocation,/mnt/ubna_data_02_mir/recover-20220922/UBNA_001/20220921_090000.WAV,Telephone Field,recover-20220922,001,1795
759.5195,759.5609,68437,82779,Rhinolophus ferrumequinum,0.024,0.024,-1,Echolocation,/mnt/ubna_data_02_mir/recover-20220922/UBNA_001/20220921_090000.WAV,Telephone Field,recover-20220922,001,1795
759.5405,759.5476,28046,38621,Eptesicus serotinus,0.007,0.023,-1,Echolocation,/mnt/ubna_data_02_mir/recover-20220922/UBNA_001/20220921_090000.WAV,Telephone Field,recover-20220922,001,1795
759.5505,759.59,68437,81613,Rhinolophus ferrumequinum,0.025,0.025,-1,Echolocation,/mnt/ubna_data_02_mir/recover-20220922/UBNA_001/20220921_090000.WAV,Telephone Field,recover-20220922,001,1795
759.5695,759.6084,68437,82194,Rhinolophus ferrumequinum,0.021,0.021,-1,Echolocation,/mnt/ubna_data_02_mir/recover-20220922/UBNA_001/20220921_090000.WAV,Telephone Field,recover-20220922,001,1795
759.5885,759.632,68437,83066,Rhinolophus ferrumequinum,0.049,0.049,-1,Echolocation,/mnt/ubna_data_02_mir/recover-20220922/UBNA_001/20220921_090000.WAV,Telephone Field,recover-20220922,001,1795
759.6205,759.6597,68437,82364,Rhinolophus ferrumequinum,0.026,0.026,-1,Echolocation,/mnt/ubna_data_02_mir/recover-20220922/UBNA_001/20220921_090000.WAV,Telephone Field,recover-20220922,001,1795
759.6225,759.6352,22031,25504,Nyctalus leisleri,0.014,0.022,-1,Echolocation,/mnt/ubna_data_02_mir/recover-20220922/UBNA_001/20220921_090000.WAV,Telephone Field,recover-20220922,001,1795
759.6385,759.6762,68437,81980,Rhinolophus ferrumequinum,0.022,0.022,-1,Echolocation,/mnt/ubna_data_02_mir/recover-20220922/UBNA_001/20220921_090000.WAV,Telephone Field,recover-20220922,001,1795
759.6475,759.6845,68437,82092,Rhinolophus ferrumequinum,0.023,0.023,-1,Echolocation,/mnt/ubna_data_02_mir/recover-20220922/UBNA_001/20220921_090000.WAV,Telephone Field,recover-20220922,001,1795
759.6675,759.7076,68437,82553,Rhinolophus ferrumequinum,0.035,0.035,-1,Echolocation,/mnt/ubna_data_02_mir/recover-20220922/UBNA_001/20220921_090000.WAV,Telephone Field,recover-20220922,001,1795
759.7045,759.7451,68437,82391,Rhinolophus ferrumequinum,0.022,0.022,-1,Echolocation,/mnt/ubna_data_02_mir/recover-20220922/UBNA_001/20220921_090000.WAV,Telephone Field,recover-20220922,001,1795
759.7105,759.7488,68437,82619,Rhinolophus ferrumequinum,0.023,0.023,-1,Echolocation,/mnt/ubna_data_02_mir/recover-20220922/UBNA_001/20220921_090000.WAV,Telephone Field,recover-20220922,001,1795
759.7195,759.7602,68437,82485,Rhinolophus ferrumequinum,0.025,0.025,-1,Echolocation,/mnt/ubna_data_02_mir/recover-20220922/UBNA_001/20220921_090000.WAV,Telephone Field,recover-20220922,001,1795
759.7385,759.7813,68437,83022,Rhinolophus ferrumequinum,0.034,0.034,-1,Echolocation,/mnt/ubna_data_02_mir/recover-20220922/UBNA_001/20220921_090000.WAV,Telephone Field,recover-20220922,001,1795
759.7545,759.7966,68437,83006,Rhinolophus ferrumequinum,0.03,0.03,-1,Echolocation,/mnt/ubna_data_02_mir/recover-20220922/UBNA_001/20220921_090000.WAV,Telephone Field,recover-20220922,001,1795
759.7865,759.8279,68437,82667,Rhinolophus ferrumequinum,0.031,0.031,-1,Echolocation,/mnt/ubna_data_02_mir/recover-20220922/UBNA_001/20220921_090000.WAV,Telephone Field,recover-20220922,001,1795
759.8185,759.8594,68437,82547,Rhinolophus ferrumequinum,0.029,0.029,-1,Echolocation,/mnt/ubna_data_02_mir/recover-20220922/UBNA_001/20220921_090000.WAV,Telephone Field,recover-20220922,001,1795
759.8345,759.8701,68437,81449,Rhinolophus ferrumequinum,0.022,0.022,-1,Echolocation,/mnt/ubna_data_02_mir/recover-20220922/UBNA_001/20220921_090000.WAV,Telephone Field,recover-20220922,001,1795
759.8425,759.879,68437,81658,Rhinolophus ferrumequinum,0.021,0.021,-1,Echolocation,/mnt/ubna_data_02_mir/recover-20220922/UBNA_001/20220921_090000.WAV,Telephone Field,recover-20220922,001,1795
759.8605,759.9009,68437,81961,Rhinolophus ferrumequinum,0.022,0.022,-1,Echolocation,/mnt/ubna_data_02_mir/recover-20220922/UBNA_001/20220921_090000.WAV,Telephone Field,recover-20220922,001,1795
759.8855,759.9239,68437,82089,Rhinolophus ferrumequinum,0.02,0.02,-1,Echolocation,/mnt/ubna_data_02_mir/recover-20220922/UBNA_001/20220921_090000.WAV,Telephone Field,recover-20220922,001,1795
759.9215,759.9612,68437,82094,Rhinolophus ferrumequinum,0.023,0.023,-1,Echolocation,/mnt/ubna_data_02_mir/recover-20220922/UBNA_001/20220921_090000.WAV,Telephone Field,recover-20220922,001,1795
759.9345,759.9734,68437,81149,Rhinolophus ferrumequinum,0.023,0.023,-1,Echolocation,/mnt/ubna_data_02_mir/recover-20220922/UBNA_001/20220921_090000.WAV,Telephone Field,recover-20220922,001,1795
759.9425,759.9826,68437,82400,Rhinolophus ferrumequinum,0.023,0.023,-1,Echolocation,/mnt/ubna_data_02_mir/recover-20220922/UBNA_001/20220921_090000.WAV,Telephone Field,recover-20220922,001,1795
759.9745,759.9834,28906,37844,Eptesicus serotinus,0.009,0.023,-1,Echolocation,/mnt/ubna_data_02_mir/recover-20220922/UBNA_001/20220921_090000.WAV,Telephone Field,recover-20220922,001,1795
760.0015,760.0386,68437,80631,Rhinolophus ferrumequinum,0.113,0.113,-1,Echolocation,/mnt/ubna_data_02_mir/recover-20220922/UBNA_001/20220921_090000.WAV,Telephone Field,recover-20220922,001,1795
760.0015,760.0097,24609,33267,Nyctalus leisleri,0.007,0.023,-1,Echolocation,/mnt/ubna_data_02_mir/recover-20220922/UBNA_001/20220921_090000.WAV,Telephone Field,recover-20220922,001,1795
760.0085,760.0544,68437,83146,Rhinolophus ferrumequinum,0.036,0.036,-1,Echolocation,/mnt/ubna_data_02_mir/recover-20220922/UBNA_001/20220921_090000.WAV,Telephone Field,recover-20220922,001,1795
760.0515,760.0931,68437,83158,Rhinolophus ferrumequinum,0.028,0.028,-1,Echolocation,/mnt/ubna_data_02_mir/recover-20220922/UBNA_001/20220921_090000.WAV,Telephone Field,recover-20220922,001,1795
760.1065,760.1451,68437,81989,Rhinolophus ferrumequinum,0.023,0.023,-1,Echolocation,/mnt/ubna_data_02_mir/recover-20220922/UBNA_001/20220921_090000.WAV,Telephone Field,recover-20220922,001,1795
760.1365,760.1746,68437,81983,Rhinolophus ferrumequinum,0.021,0.021,-1,Echolocation,/mnt/ubna_data_02_mir/recover-20220922/UBNA_001/20220921_090000.WAV,Telephone Field,recover-20220922,001,1795
760.1375,760.1477,23750,30367,Nyctalus leisleri,0.008,0.022,-1,Echolocation,/mnt/ubna_data_02_mir/recover-20220922/UBNA_001/20220921_090000.WAV,Telephone Field,recover-20220922,001,1795
760.1465,760.1592,14296,19891,Nyctalus noctula,0.016,0.025,-1,Echolocation,/mnt/ubna_data_02_mir/recover-20220922/UBNA_001/20220921_090000.WAV,Telephone Field,recover-20220922,001,1795
760.1525,760.1603,51250,56821,Pipistrellus pipistrellus,0.024,0.028,-1,Echolocation,/mnt/ubna_data_02_mir/recover-20220922/UBNA_001/20220921_090000.WAV,Telephone Field,recover-20220922,001,1795
760.1745,760.1818,28906,41139,Eptesicus serotinus,0.007,0.026,-1,Echolocation,/mnt/ubna_data_02_mir/recover-20220922/UBNA_001/20220921_090000.WAV,Telephone Field,recover-20220922,001,1795
760.2085,760.2164,34921,41983,Myotis daubentonii,0.006,0.021,-1,Echolocation,/mnt/ubna_data_02_mir/recover-20220922/UBNA_001/20220921_090000.WAV,Telephone Field,recover-20220922,001,1795
760.2235,760.2641,68437,82803,Rhinolophus ferrumequinum,0.026,0.026,-1,Echolocation,/mnt/ubna_data_02_mir/recover-20220922/UBNA_001/20220921_090000.WAV,Telephone Field,recover-20220922,001,1795
760.2315,760.2399,28046,37135,Eptesicus serotinus,0.007,0.021,-1,Echolocation,/mnt/ubna_data_02_mir/recover-20220922/UBNA_001/20220921_090000.WAV,Telephone Field,recover-20220922,001,1795
760.2345,760.2454,22890,28389,Nyctalus leisleri,0.01,0.022,-1,Echolocation,/mnt/ubna_data_02_mir/recover-20220922/UBNA_001/20220921_090000.WAV,Telephone Field,recover-20220922,001,1795
760.2405,760.2515,23750,29084,Nyctalus leisleri,0.01,0.022,-1,Echolocation,/mnt/ubna_data_02_mir/recover-20220922/UBNA_001/20220921_090000.WAV,Telephone Field,recover-20220922,001,1795
760.2835,760.291,28046,38757,Eptesicus serotinus,0.01,0.026,-1,Echolocation,/mnt/ubna_data_02_mir/recover-20220922/UBNA_001/20220921_090000.WAV,Telephone Field,recover-20220922,001,1795
760.2965,760.3362,68437,82391,Rhinolophus ferrumequinum,0.022,0.022,-1,Echolocation,/mnt/ubna_data_02_mir/recover-20220922/UBNA_001/20220921_090000.WAV,Telephone Field,recover-20220922,001,1795
760.3835,760.4224,68437,82477,Rhinolophus ferrumequinum,0.022,0.022,-1,Echolocation,/mnt/ubna_data_02_mir/recover-20220922/UBNA_001/20220921_090000.WAV,Telephone Field,recover-20220922,001,1795
760.3935,760.4325,68437,81562,Rhinolophus ferrumequinum,0.025,0.025,-1,Echolocation,/mnt/ubna_data_02_mir/recover-20220922/UBNA_001/20220921_090000.WAV,Telephone Field,recover-20220922,001,1795
760.4355,760.4436,50390,55024,Pipistrellus pipistrellus,0.024,0.027,-1,Echolocation,/mnt/ubna_data_02_mir/recover-20220922/UBNA_001/20220921_090000.WAV,Telephone Field,recover-20220922,001,1795
760.4435,760.4831,68437,81961,Rhinolophus ferrumequinum,0.022,0.022,-1,Echolocation,/mnt/ubna_data_02_mir/recover-20220922/UBNA_001/20220921_090000.WAV,Telephone Field,recover-20220922,001,1795
760.4555,760.4978,68437,82626,Rhinolophus ferrumequinum,0.026,0.026,-1,Echolocation,/mnt/ubna_data_02_mir/recover-20220922/UBNA_001/20220921_090000.WAV,Telephone Field,recover-20220922,001,1795
760.4725,760.482,28046,37196,Eptesicus serotinus,0.014,0.027,-1,Echolocation,/mnt/ubna_data_02_mir/recover-20220922/UBNA_001/20220921_090000.WAV,Telephone Field,recover-20220922,001,1795
760.4725,760.5111,68437,81783,Rhinolophus ferrumequinum,0.023,0.023,-1,Echolocation,/mnt/ubna_data_02_mir/recover-20220922/UBNA_001/20220921_090000.WAV,Telephone Field,recover-20220922,001,1795
760.4795,760.5189,68437,82459,Rhinolophus ferrumequinum,0.026,0.026,-1,Echolocation,/mnt/ubna_data_02_mir/recover-20220922/UBNA_001/20220921_090000.WAV,Telephone Field,recover-20220922,001,1795
760.4915,760.5279,68437,81298,Rhinolophus ferrumequinum,0.021,0.021,-1,Echolocation,/mnt/ubna_data_02_mir/recover-20220922/UBNA_001/20220921_090000.WAV,Telephone Field,recover-20220922,001,1795
760.5225,760.5301,28906,37859,Eptesicus serotinus,0.011,0.029,-1,Echolocation,/mnt/ubna_data_02_mir/recover-20220922/UBNA_001/20220921_090000.WAV,Telephone Field,recover-20220922,001,1795
760.5325,760.5756,68437,82727,Rhinolophus ferrumequinum,0.027,0.027,-1,Echolocation,/mnt/ubna_data_02_mir/recover-20220922/UBNA_001/20220921_090000.WAV,Telephone Field,recover-20220922,001,1795
760.5465,760.554,49531,55337,Pipistrellus pipistrellus,0.02,0.022,-1,Echolocation,/mnt/ubna_data_02_mir/recover-20220922/UBNA_001/20220921_090000.WAV,Telephone Field,recover-20220922,001,1795
760.5575,760.5976,68437,82721,Rhinolophus ferrumequinum,0.021,0.021,-1,Echolocation,/mnt/ubna_data_02_mir/recover-20220922/UBNA_001/20220921_090000.WAV,Telephone Field,recover-20220922,001,1795
760.5675,760.6051,68437,82111,Rhinolophus ferrumequinum,0.023,0.023,-1,Echolocation,/mnt/ubna_data_02_mir/recover-20220922/UBNA_001/20220921_090000.WAV,Telephone Field,recover-20220922,001,1795
760.5915,760.6305,68437,82455,Rhinolophus ferrumequinum,0.023,0.023,-1,Echolocation,/mnt/ubna_data_02_mir/recover-20220922/UBNA_001/20220921_090000.WAV,Telephone Field,recover-20220922,001,1795
760.6145,760.6234,28046,37992,Eptesicus serotinus,0.009,0.024,-1,Echolocation,/mnt/ubna_data_02_mir/recover-20220922/UBNA_001/20220921_090000.WAV,Telephone Field,recover-20220922,001,1795
760.6245,760.6654,68437,82584,Rhinolophus ferrumequinum,0.022,0.022,-1,Echolocation,/mnt/ubna_data_02_mir/recover-20220922/UBNA_001/20220921_090000.WAV,Telephone Field,recover-20220922,001,1795
760.6595,760.6985,68437,81894,Rhinolophus ferrumequinum,0.023,0.023,-1,Echolocation,/mnt/ubna_data_02_mir/recover-20220922/UBNA_001/20220921_090000.WAV,Telephone Field,recover-20220922,001,1795
760.6825,760.6904,26328,36299,Eptesicus serotinus,0.009,0.023,-1,Echolocation,/mnt/ubna_data_02_mir/recover-20220922/UBNA_001/20220921_090000.WAV,Telephone Field,recover-20220922,001,1795
760.6845,760.724,68437,82438,Rhinolophus ferrumequinum,0.025,0.025,-1,Echolocation,/mnt/ubna_data_02_mir/recover-20220922/UBNA_001/20220921_090000.WAV,Telephone Field,recover-20220922,001,1795
760.7345,760.7738,68437,81399,Rhinolophus ferrumequinum,0.022,0.022,-1,Echolocation,/mnt/ubna_data_02_mir/recover-20220922/UBNA_001/20220921_090000.WAV,Telephone Field,recover-20220922,001,1795
760.7455,760.7561,23750,30069,Nyctalus leisleri,0.009,0.024,-1,Echolocation,/mnt/ubna_data_02_mir/recover-20220922/UBNA_001/20220921_090000.WAV,Telephone Field,recover-20220922,001,1795
760.7635,760.805,68437,83090,Rhinolophus ferrumequinum,0.026,0.027,-1,Echolocation,/mnt/ubna_data_02_mir/recover-20220922/UBNA_001/20220921_090000.WAV,Telephone Field,recover-20220922,001,1795
760.8035,760.847,68437,82992,Rhinolophus ferrumequinum,0.028,0.028,-1,Echolocation,/mnt/ubna_data_02_mir/recover-20220922/UBNA_001/20220921_090000.WAV,Telephone Field,recover-20220922,001,1795
760.8185,760.8274,28046,38315,Eptesicus serotinus,0.009,0.023,-1,Echolocation,/mnt/ubna_data_02_mir/recover-20220922/UBNA_001/20220921_090000.WAV,Telephone Field,recover-20220922,001,1795
760.8195,760.8611,68437,82991,Rhinolophus ferrumequinum,0.029,0.029,-1,Echolocation,/mnt/ubna_data_02_mir/recover-20220922/UBNA_001/20220921_090000.WAV,Telephone Field,recover-20220922,001,1795
760.8295,760.8393,28906,36968,Eptesicus serotinus,0.012,0.027,-1,Echolocation,/mnt/ubna_data_02_mir/recover-20220922/UBNA_001/20220921_090000.WAV,Telephone Field,recover-20220922,001,1795
760.8755,760.9149,68437,82248,Rhinolophus ferrumequinum,0.023,0.023,-1,Echolocation,/mnt/ubna_data_02_mir/recover-20220922/UBNA_001/20220921_090000.WAV,Telephone Field,recover-20220922,001,1795
760.8995,760.9356,68437,80689,Rhinolophus ferrumequinum,0.022,0.022,-1,Echolocation,/mnt/ubna_data_02_mir/recover-20220922/UBNA_001/20220921_090000.WAV,Telephone Field,recover-20220922,001,1795
760.9075,760.9457,68437,81529,Rhinolophus ferrumequinum,0.022,0.022,-1,Echolocation,/mnt/ubna_data_02_mir/recover-20220922/UBNA_001/20220921_090000.WAV,Telephone Field,recover-20220922,001,1795
760.9155,760.923,25468,35393,Eptesicus serotinus,0.008,0.027,-1,Echolocation,/mnt/ubna_data_02_mir/recover-20220922/UBNA_001/20220921_090000.WAV,Telephone Field,recover-20220922,001,1795
760.9405,760.9828,68437,82733,Rhinolophus ferrumequinum,0.025,0.025,-1,Echolocation,/mnt/ubna_data_02_mir/recover-20220922/UBNA_001/20220921_090000.WAV,Telephone Field,recover-20220922,001,1795
760.9415,760.9555,35781,40510,Pipistrellus nathusii,0.017,0.043,-1,Echolocation,/mnt/ubna_data_02_mir/recover-20220922/UBNA_001/20220921_090000.WAV,Telephone Field,recover-20220922,001,1795
760.9545,760.9954,68437,82611,Rhinolophus ferrumequinum,0.023,0.023,-1,Echolocation,/mnt/ubna_data_02_mir/recover-20220922/UBNA_001/20220921_090000.WAV,Telephone Field,recover-20220922,001,1795
760.9565,760.9676,50390,53733,Pipistrellus pipistrellus,0.027,0.032,-1,Echolocation,/mnt/ubna_data_02_mir/recover-20220922/UBNA_001/20220921_090000.WAV,Telephone Field,recover-20220922,001,1795
760.9615,760.9728,22031,26363,Nyctalus leisleri,0.012,0.022,-1,Echolocation,/mnt/ubna_data_02_mir/recover-20220922/UBNA_001/20220921_090000.WAV,Telephone Field,recover-20220922,001,1795
760.9815,761.0169,68437,80510,Rhinolophus ferrumequinum,0.026,0.026,-1,Echolocation,/mnt/ubna_data_02_mir/recover-20220922/UBNA_001/20220921_090000.WAV,Telephone Field,recover-20220922,001,1795
761.0615,761.0983,68437,81723,Rhinolophus ferrumequinum,0.023,0.023,-1,Echolocation,/mnt/ubna_data_02_mir/recover-20220922/UBNA_001/20220921_090000.WAV,Telephone Field,recover-20220922,001,1795
761.1125,761.1475,68437,81109,Rhinolophus ferrumequinum,0.023,0.023,-1,Echolocation,/mnt/ubna_data_02_mir/recover-20220922/UBNA_001/20220921_090000.WAV,Telephone Field,recover-20220922,001,1795
761.1715,761.1792,28046,37202,Eptesicus serotinus,0.008,0.022,-1,Echolocation,/mnt/ubna_data_02_mir/recover-20220922/UBNA_001/20220921_090000.WAV,Telephone Field,recover-20220922,001,1795
761.1765,761.2171,68437,83161,Rhinolophus ferrumequinum,0.028,0.028,-1,Echolocation,/mnt/ubna_data_02_mir/recover-20220922/UBNA_001/20220921_090000.WAV,Telephone Field,recover-20220922,001,1795
761.1865,761.1969,27187,34253,Eptesicus serotinus,0.015,0.03,-1,Echolocation,/mnt/ubna_data_02_mir/recover-20220922/UBNA_001/20220921_090000.WAV,Telephone Field,recover-20220922,001,1795
761.1915,761.2034,32343,37322,Eptesicus serotinus,0.014,0.04,-1,Echolocation,/mnt/ubna_data_02_mir/recover-20220922/UBNA_001/20220921_090000.WAV,Telephone Field,recover-20220922,001,1795
761.2235,761.2626,68437,82374,Rhinolophus ferrumequinum,0.023,0.023,-1,Echolocation,/mnt/ubna_data_02_mir/recover-20220922/UBNA_001/20220921_090000.WAV,Telephone Field,recover-20220922,001,1795
761.2285,761.2359,50390,54581,Pipistrellus pipistrellus,0.032,0.035,-1,Echolocation,/mnt/ubna_data_02_mir/recover-20220922/UBNA_001/20220921_090000.WAV,Telephone Field,recover-20220922,001,1795
761.2565,761.2918,68437,81345,Rhinolophus ferrumequinum,0.022,0.022,-1,Echolocation,/mnt/ubna_data_02_mir/recover-20220922/UBNA_001/20220921_090000.WAV,Telephone Field,recover-20220922,001,1795
761.2575,761.2659,28046,38235,Eptesicus serotinus,0.007,0.021,-1,Echolocation,/mnt/ubna_data_02_mir/recover-20220922/UBNA_001/20220921_090000.WAV,Telephone Field,recover-20220922,001,1795
761.3425,761.3498,25468,34777,Plecotus austriacus,0.007,0.028,-1,Echolocation,/mnt/ubna_data_02_mir/recover-20220922/UBNA_001/20220921_090000.WAV,Telephone Field,recover-20220922,001,1795
761.3545,761.3965,68437,83016,Rhinolophus ferrumequinum,0.024,0.024,-1,Echolocation,/mnt/ubna_data_02_mir/recover-20220922/UBNA_001/20220921_090000.WAV,Telephone Field,recover-20220922,001,1795
761.3555,761.3638,27187,37991,Eptesicus serotinus,0.007,0.022,-1,Echolocation,/mnt/ubna_data_02_mir/recover-20220922/UBNA_001/20220921_090000.WAV,Telephone Field,recover-20220922,001,1795
761.3615,761.4006,68437,82443,Rhinolophus ferrumequinum,0.024,0.024,-1,Echolocation,/mnt/ubna_data_02_mir/recover-20220922/UBNA_001/20220921_090000.WAV,Telephone Field,recover-20220922,001,1795
761.4115,761.4518,68437,82639,Rhinolophus ferrumequinum,0.022,0.023,-1,Echolocation,/mnt/ubna_data_02_mir/recover-20220922/UBNA_001/20220921_090000.WAV,Telephone Field,recover-20220922,001,1795
761.4175,761.4255,48671,55047,Pipistrellus pipistrellus,0.03,0.031,-1,Echolocation,/mnt/ubna_data_02_mir/recover-20220922/UBNA_001/20220921_090000.WAV,Telephone Field,recover-20220922,001,1795
761.4355,761.4431,28046,38357,Eptesicus serotinus,0.008,0.024,-1,Echolocation,/mnt/ubna_data_02_mir/recover-20220922/UBNA_001/20220921_090000.WAV,Telephone Field,recover-20220922,001,1795
761.4565,761.4934,68437,81638,Rhinolophus ferrumequinum,0.023,0.023,-1,Echolocation,/mnt/ubna_data_02_mir/recover-20220922/UBNA_001/20220921_090000.WAV,Telephone Field,recover-20220922,001,1795
761.4585,761.4662,28046,41797,Eptesicus serotinus,0.008,0.022,-1,Echolocation,/mnt/ubna_data_02_mir/recover-20220922/UBNA_001/20220921_090000.WAV,Telephone Field,recover-20220922,001,1795
761.4925,761.5331,68437,82156,Rhinolophus ferrumequinum,0.022,0.022,-1,Echolocation,/mnt/ubna_data_02_mir/recover-20220922/UBNA_001/20220921_090000.WAV,Telephone Field,recover-20220922,001,1795
761.5115,761.5194,26328,34940,Eptesicus serotinus,0.008,0.021,-1,Echolocation,/mnt/ubna_data_02_mir/recover-20220922/UBNA_001/20220921_090000.WAV,Telephone Field,recover-20220922,001,1795
761.5185,761.5581,68437,82506,Rhinolophus ferrumequinum,0.021,0.021,-1,Echolocation,/mnt/ubna_data_02_mir/recover-20220922/UBNA_001/20220921_090000.WAV,Telephone Field,recover-20220922,001,1795
761.5625,761.6056,68437,82822,Rhinolophus ferrumequinum,0.034,0.034,-1,Echolocation,/mnt/ubna_data_02_mir/recover-20220922/UBNA_001/20220921_090000.WAV,Telephone Field,recover-20220922,001,1795
761.5875,761.6276,68437,82574,Rhinolophus ferrumequinum,0.022,0.022,-1,Echolocation,/mnt/ubna_data_02_mir/recover-20220922/UBNA_001/20220921_090000.WAV,Telephone Field,recover-20220922,001,1795
761.5965,761.6071,22890,29120,Nyctalus leisleri,0.01,0.026,-1,Echolocation,/mnt/ubna_data_02_mir/recover-20220922/UBNA_001/20220921_090000.WAV,Telephone Field,recover-20220922,001,1795
761.6195,761.6593,68437,82059,Rhinolophus ferrumequinum,0.024,0.024,-1,Echolocation,/mnt/ubna_data_02_mir/recover-20220922/UBNA_001/20220921_090000.WAV,Telephone Field,recover-20220922,001,1795
761.6565,761.6961,68437,82074,Rhinolophus ferrumequinum,0.024,0.024,-1,Echolocation,/mnt/ubna_data_02_mir/recover-20220922/UBNA_001/20220921_090000.WAV,Telephone Field,recover-20220922,001,1795
761.6785,761.7158,68437,80845,Rhinolophus ferrumequinum,0.022,0.022,-1,Echolocation,/mnt/ubna_data_02_mir/recover-20220922/UBNA_001/20220921_090000.WAV,Telephone Field,recover-20220922,001,1795
761.7045,761.7391,68437,81121,Rhinolophus ferrumequinum,0.023,0.023,-1,Echolocation,/mnt/ubna_data_02_mir/recover-20220922/UBNA_001/20220921_090000.WAV,Telephone Field,recover-20220922,001,1795
761.7595,761.7683,25468,35093,Eptesicus serotinus,0.008,0.022,-1,Echolocation,/mnt/ubna_data_02_mir/recover-20220922/UBNA_001/20220921_090000.WAV,Telephone Field,recover-20220922,001,1795
761.7735,761.7836,28046,36003,Eptesicus serotinus,0.011,0.022,-1,Echolocation,/mnt/ubna_data_02_mir/recover-20220922/UBNA_001/20220921_090000.WAV,Telephone Field,recover-20220922,001,1795
761.8025,761.8218,20312,23257,Nyctalus leisleri,0.013,0.021,-1,Echolocation,/mnt/ubna_data_02_mir/recover-20220922/UBNA_001/20220921_090000.WAV,Telephone Field,recover-20220922,001,1795
761.8285,761.8685,68437,81915,Rhinolophus ferrumequinum,0.021,0.021,-1,Echolocation,/mnt/ubna_data_02_mir/recover-20220922/UBNA_001/20220921_090000.WAV,Telephone Field,recover-20220922,001,1795
761.8525,761.8943,68437,82557,Rhinolophus ferrumequinum,0.021,0.021,-1,Echolocation,/mnt/ubna_data_02_mir/recover-20220922/UBNA_001/20220921_090000.WAV,Telephone Field,recover-20220922,001,1795
761.8725,761.8805,46953,53977,Pipistrellus pipistrellus,0.027,0.029,-1,Echolocation,/mnt/ubna_data_02_mir/recover-20220922/UBNA_001/20220921_090000.WAV,Telephone Field,recover-20220922,001,1795
761.9005,761.9452,68437,83690,Rhinolophus ferrumequinum,0.037,0.037,-1,Echolocation,/mnt/ubna_data_02_mir/recover-20220922/UBNA_001/20220921_090000.WAV,Telephone Field,recover-20220922,001,1795
761.9275,761.969,68437,82522,Rhinolophus ferrumequinum,0.021,0.021,-1,Echolocation,/mnt/ubna_data_02_mir/recover-20220922/UBNA_001/20220921_090000.WAV,Telephone Field,recover-20220922,001,1795
761.9285,761.9351,25468,36520,Plecotus austriacus,0.01,0.034,-1,Echolocation,/mnt/ubna_data_02_mir/recover-20220922/UBNA_001/20220921_090000.WAV,Telephone Field,recover-20220922,001,1795
761.9375,761.9469,27187,35010,Eptesicus serotinus,0.009,0.021,-1,Echolocation,/mnt/ubna_data_02_mir/recover-20220922/UBNA_001/20220921_090000.WAV,Telephone Field,recover-20220922,001,1795
761.9535,761.9907,68437,81656,Rhinolophus ferrumequinum,0.021,0.021,-1,Echolocation,/mnt/ubna_data_02_mir/recover-20220922/UBNA_001/20220921_090000.WAV,Telephone Field,recover-20220922,001,1795
761.9785,761.9917,28906,34846,Eptesicus serotinus,0.016,0.028,-1,Echolocation,/mnt/ubna_data_02_mir/recover-20220922/UBNA_001/20220921_090000.WAV,Telephone Field,recover-20220922,001,1795
762.0015,762.0109,29765,39934,Eptesicus serotinus,0.008,0.027,-1,Echolocation,/mnt/ubna_data_02_mir/recover-20220922/UBNA_001/20220921_090000.WAV,Telephone Field,recover-20220922,001,1795
762.0015,762.0097,25468,36945,Eptesicus serotinus,0.007,0.027,-1,Echolocation,/mnt/ubna_data_02_mir/recover-20220922/UBNA_001/20220921_090000.WAV,Telephone Field,recover-20220922,001,1795
762.0015,762.0164,19453,24219,Nyctalus leisleri,0.011,0.025,-1,Echolocation,/mnt/ubna_data_02_mir/recover-20220922/UBNA_001/20220921_090000.WAV,Telephone Field,recover-20220922,001,1795
762.0015,762.033,69296,81286,Rhinolophus ferrumequinum,0.036,0.036,-1,Echolocation,/mnt/ubna_data_02_mir/recover-20220922/UBNA_001/20220921_090000.WAV,Telephone Field,recover-20220922,001,1795
762.0145,762.0226,24609,32747,Plecotus austriacus,0.006,0.022,-1,Echolocation,/mnt/ubna_data_02_mir/recover-20220922/UBNA_001/20220921_090000.WAV,Telephone Field,recover-20220922,001,1795
762.0365,762.0736,68437,81237,Rhinolophus ferrumequinum,0.021,0.021,-1,Echolocation,/mnt/ubna_data_02_mir/recover-20220922/UBNA_001/20220921_090000.WAV,Telephone Field,recover-20220922,001,1795
762.1065,762.1451,68437,82130,Rhinolophus ferrumequinum,0.021,0.021,-1,Echolocation,/mnt/ubna_data_02_mir/recover-20220922/UBNA_001/20220921_090000.WAV,Telephone Field,recover-20220922,001,1795
762.1085,762.1172,27187,35661,Eptesicus serotinus,0.012,0.029,-1,Echolocation,/mnt/ubna_data_02_mir/recover-20220922/UBNA_001/20220921_090000.WAV,Telephone Field,recover-20220922,001,1795
762.1535,762.1933,68437,82426,Rhinolophus ferrumequinum,0.021,0.021,-1,Echolocation,/mnt/ubna_data_02_mir/recover-20220922/UBNA_001/20220921_090000.WAV,Telephone Field,recover-20220922,001,1795
762.1685,762.2064,68437,82047,Rhinolophus ferrumequinum,0.021,0.021,-1,Echolocation,/mnt/ubna_data_02_mir/recover-20220922/UBNA_001/20220921_090000.WAV,Telephone Field,recover-20220922,001,1795
762.1795,762.1894,28906,37148,Eptesicus serotinus,0.01,0.025,-1,Echolocation,/mnt/ubna_data_02_mir/recover-20220922/UBNA_001/20220921_090000.WAV,Telephone Field,recover-20220922,001,1795
762.2045,762.2436,68437,81933,Rhinolophus ferrumequinum,0.043,0.043,-1,Echolocation,/mnt/ubna_data_02_mir/recover-20220922/UBNA_001/20220921_090000.WAV,Telephone Field,recover-20220922,001,1795
762.2075,762.2171,22890,28361,Nyctalus leisleri,0.009,0.021,-1,Echolocation,/mnt/ubna_data_02_mir/recover-20220922/UBNA_001/20220921_090000.WAV,Telephone Field,recover-20220922,001,1795
762.2105,762.2195,28906,39274,Eptesicus serotinus,0.008,0.021,-1,Echolocation,/mnt/ubna_data_02_mir/recover-20220922/UBNA_001/20220921_090000.WAV,Telephone Field,recover-20220922,001,1795
762.2175,762.2573,68437,82376,Rhinolophus ferrumequinum,0.026,0.026,-1,Echolocation,/mnt/ubna_data_02_mir/recover-20220922/UBNA_001/20220921_090000.WAV,Telephone Field,recover-20220922,001,1795
762.2385,762.2766,68437,82467,Rhinolophus ferrumequinum,0.021,0.021,-1,Echolocation,/mnt/ubna_data_02_mir/recover-20220922/UBNA_001/20220921_090000.WAV,Telephone Field,recover-20220922,001,1795
762.2495,762.2876,68437,82461,Rhinolophus ferrumequinum,0.022,0.022,-1,Echolocation,/mnt/ubna_data_02_mir/recover-20220922/UBNA_001/20220921_090000.WAV,Telephone Field,recover-20220922,001,1795
762.2615,762.3006,68437,82535,Rhinolophus ferrumequinum,0.023,0.023,-1,Echolocation,/mnt/ubna_data_02_mir/recover-20220922/UBNA_001/20220921_090000.WAV,Telephone Field,recover-20220922,001,1795
762.2845,762.3241,68437,82043,Rhinolophus ferrumequinum,0.022,0.022,-1,Echolocation,/mnt/ubna_data_02_mir/recover-20220922/UBNA_001/20220921_090000.WAV,Telephone Field,recover-20220922,001,1795
762.2975,762.3353,68437,81493,Rhinolophus ferrumequinum,0.021,0.021,-1,Echolocation,/mnt/ubna_data_02_mir/recover-20220922/UBNA_001/20220921_090000.WAV,Telephone Field,recover-20220922,001,1795
762.3175,762.3533,68437,81213,Rhinolophus ferrumequinum,0.022,0.022,-1,Echolocation,/mnt/ubna_data_02_mir/recover-20220922/UBNA_001/20220921_090000.WAV,Telephone Field,recover-20220922,001,1795
762.3185,762.3292,22890,27986,Nyctalus leisleri,0.01,0.021,-1,Echolocation,/mnt/ubna_data_02_mir/recover-20220922/UBNA_001/20220921_090000.WAV,Telephone Field,recover-20220922,001,1795
762.3265,762.3669,68437,82488,Rhinolophus ferrumequinum,0.024,0.024,-1,Echolocation,/mnt/ubna_data_02_mir/recover-20220922/UBNA_001/20220921_090000.WAV,Telephone Field,recover-20220922,001,1795
762.3415,762.3528,28906,34590,Eptesicus serotinus,0.011,0.023,-1,Echolocation,/mnt/ubna_data_02_mir/recover-20220922/UBNA_001/20220921_090000.WAV,Telephone Field,recover-20220922,001,1795
762.3795,762.3915,43515,47459,Pipistrellus pipistrellus,0.027,0.033,-1,Echolocation,/mnt/ubna_data_02_mir/recover-20220922/UBNA_001/20220921_090000.WAV,Telephone Field,recover-20220922,001,1795
762.4075,762.4168,28906,37608,Eptesicus serotinus,0.009,0.024,-1,Echolocation,/mnt/ubna_data_02_mir/recover-20220922/UBNA_001/20220921_090000.WAV,Telephone Field,recover-20220922,001,1795
762.4175,762.4575,68437,82453,Rhinolophus ferrumequinum,0.024,0.024,-1,Echolocation,/mnt/ubna_data_02_mir/recover-20220922/UBNA_001/20220921_090000.WAV,Telephone Field,recover-20220922,001,1795
762.4405,762.4756,68437,80186,Rhinolophus ferrumequinum,0.021,0.022,-1,Echolocation,/mnt/ubna_data_02_mir/recover-20220922/UBNA_001/20220921_090000.WAV,Telephone Field,recover-20220922,001,1795
762.4605,762.4723,21171,24927,Nyctalus leisleri,0.012,0.021,-1,Echolocation,/mnt/ubna_data_02_mir/recover-20220922/UBNA_001/20220921_090000.WAV,Telephone Field,recover-20220922,001,1795
762.4795,762.4881,23750,32185,Plecotus austriacus,0.009,0.027,-1,Echolocation,/mnt/ubna_data_02_mir/recover-20220922/UBNA_001/20220921_090000.WAV,Telephone Field,recover-20220922,001,1795
762.4795,762.4895,30625,38164,Eptesicus serotinus,0.013,0.029,-1,Echolocation,/mnt/ubna_data_02_mir/recover-20220922/UBNA_001/20220921_090000.WAV,Telephone Field,recover-20220922,001,1795
762.4975,762.5405,68437,83086,Rhinolophus ferrumequinum,0.048,0.048,-1,Echolocation,/mnt/ubna_data_02_mir/recover-20220922/UBNA_001/20220921_090000.WAV,Telephone Field,recover-20220922,001,1795
762.5085,762.5176,22890,29578,Nyctalus leisleri,0.008,0.025,-1,Echolocation,/mnt/ubna_data_02_mir/recover-20220922/UBNA_001/20220921_090000.WAV,Telephone Field,recover-20220922,001,1795
762.5195,762.5543,67578,78402,Rhinolophus ferrumequinum,0.024,0.024,-1,Echolocation,/mnt/ubna_data_02_mir/recover-20220922/UBNA_001/20220921_090000.WAV,Telephone Field,recover-20220922,001,1795
762.5315,762.5694,68437,82125,Rhinolophus ferrumequinum,0.024,0.024,-1,Echolocation,/mnt/ubna_data_02_mir/recover-20220922/UBNA_001/20220921_090000.WAV,Telephone Field,recover-20220922,001,1795
762.5505,762.564,38359,43241,Pipistrellus nathusii,0.016,0.029,-1,Echolocation,/mnt/ubna_data_02_mir/recover-20220922/UBNA_001/20220921_090000.WAV,Telephone Field,recover-20220922,001,1795
762.5725,762.5823,26328,33957,Eptesicus serotinus,0.009,0.022,-1,Echolocation,/mnt/ubna_data_02_mir/recover-20220922/UBNA_001/20220921_090000.WAV,Telephone Field,recover-20220922,001,1795
762.5795,762.6211,68437,82620,Rhinolophus ferrumequinum,0.024,0.024,-1,Echolocation,/mnt/ubna_data_02_mir/recover-20220922/UBNA_001/20220921_090000.WAV,Telephone Field,recover-20220922,001,1795
762.5945,762.6315,68437,82033,Rhinolophus ferrumequinum,0.021,0.021,-1,Echolocation,/mnt/ubna_data_02_mir/recover-20220922/UBNA_001/20220921_090000.WAV,Telephone Field,recover-20220922,001,1795
762.6205,762.6656,68437,83213,Rhinolophus ferrumequinum,0.042,0.042,-1,Echolocation,/mnt/ubna_data_02_mir/recover-20220922/UBNA_001/20220921_090000.WAV,Telephone Field,recover-20220922,001,1795
762.6535,762.6946,68437,82387,Rhinolophus ferrumequinum,0.022,0.022,-1,Echolocation,/mnt/ubna_data_02_mir/recover-20220922/UBNA_001/20220921_090000.WAV,Telephone Field,recover-20220922,001,1795
762.7085,762.7189,23750,28986,Nyctalus leisleri,0.01,0.023,-1,Echolocation,/mnt/ubna_data_02_mir/recover-20220922/UBNA_001/20220921_090000.WAV,Telephone Field,recover-20220922,001,1795
762.7325,762.7708,68437,81755,Rhinolophus ferrumequinum,0.021,0.021,-1,Echolocation,/mnt/ubna_data_02_mir/recover-20220922/UBNA_001/20220921_090000.WAV,Telephone Field,recover-20220922,001,1795
762.7595,762.8009,68437,82681,Rhinolophus ferrumequinum,0.031,0.031,-1,Echolocation,/mnt/ubna_data_02_mir/recover-20220922/UBNA_001/20220921_090000.WAV,Telephone Field,recover-20220922,001,1795
762.7745,762.8122,68437,82018,Rhinolophus ferrumequinum,0.022,0.022,-1,Echolocation,/mnt/ubna_data_02_mir/recover-20220922/UBNA_001/20220921_090000.WAV,Telephone Field,recover-20220922,001,1795
762.7925,762.8008,27187,36170,Eptesicus serotinus,0.015,0.034,-1,Echolocation,/mnt/ubna_data_02_mir/recover-20220922/UBNA_001/20220921_090000.WAV,Telephone Field,recover-20220922,001,1795
762.8025,762.8412,68437,82000,Rhinolophus ferrumequinum,0.021,0.021,-1,Echolocation,/mnt/ubna_data_02_mir/recover-20220922/UBNA_001/20220921_090000.WAV,Telephone Field,recover-20220922,001,1795
762.8535,762.8944,68437,82997,Rhinolophus ferrumequinum,0.027,0.027,-1,Echolocation,/mnt/ubna_data_02_mir/recover-20220922/UBNA_001/20220921_090000.WAV,Telephone Field,recover-20220922,001,1795
762.8975,762.9095,14296,19373,Nyctalus noctula,0.018,0.029,-1,Echolocation,/mnt/ubna_data_02_mir/recover-20220922/UBNA_001/20220921_090000.WAV,Telephone Field,recover-20220922,001,1795
762.9235,762.9681,68437,83118,Rhinolophus ferrumequinum,0.028,0.028,-1,Echolocation,/mnt/ubna_data_02_mir/recover-20220922/UBNA_001/20220921_090000.WAV,Telephone Field,recover-20220922,001,1795
762.9285,762.9391,22031,26448,Nyctalus leisleri,0.011,0.021,-1,Echolocation,/mnt/ubna_data_02_mir/recover-20220922/UBNA_001/20220921_090000.WAV,Telephone Field,recover-20220922,001,1795
762.9445,762.9855,68437,82517,Rhinolophus ferrumequinum,0.023,0.023,-1,Echolocation,/mnt/ubna_data_02_mir/recover-20220922/UBNA_001/20220921_090000.WAV,Telephone Field,recover-20220922,001,1795
762.9635,762.9719,24609,33132,Plecotus austriacus,0.007,0.024,-1,Echolocation,/mnt/ubna_data_02_mir/recover-20220922/UBNA_001/20220921_090000.WAV,Telephone Field,recover-20220922,001,1795
762.9645,762.9713,28906,37844,Eptesicus serotinus,0.007,0.023,-1,Echolocation,/mnt/ubna_data_02_mir/recover-20220922/UBNA_001/20220921_090000.WAV,Telephone Field,recover-20220922,001,1795
762.9785,762.9888,34062,41407,Eptesicus serotinus,0.006,0.021,-1,Echolocation,/mnt/ubna_data_02_mir/recover-20220922/UBNA_001/20220921_090000.WAV,Telephone Field,recover-20220922,001,1795
762.9915,763.0316,68437,82525,Rhinolophus ferrumequinum,0.025,0.025,-1,Echolocation,/mnt/ubna_data_02_mir/recover-20220922/UBNA_001/20220921_090000.WAV,Telephone Field,recover-20220922,001,1795
762.9945,763.0045,37500,43120,Pipistrellus nathusii,0.004,0.021,-1,Echolocation,/mnt/ubna_data_02_mir/recover-20220922/UBNA_001/20220921_090000.WAV,Telephone Field,recover-20220922,001,1795
763.0285,763.0708,68437,82950,Rhinolophus ferrumequinum,0.046,0.046,-1,Echolocation,/mnt/ubna_data_02_mir/recover-20220922/UBNA_001/20220921_090000.WAV,Telephone Field,recover-20220922,001,1795
763.0365,763.0472,25468,32160,Eptesicus serotinus,0.009,0.021,-1,Echolocation,/mnt/ubna_data_02_mir/recover-20220922/UBNA_001/20220921_090000.WAV,Telephone Field,recover-20220922,001,1795
763.0635,763.0713,23750,31698,Plecotus austriacus,0.008,0.022,-1,Echolocation,/mnt/ubna_data_02_mir/recover-20220922/UBNA_001/20220921_090000.WAV,Telephone Field,recover-20220922,001,1795
763.0875,763.0982,23750,29670,Nyctalus leisleri,0.008,0.022,-1,Echolocation,/mnt/ubna_data_02_mir/recover-20220922/UBNA_001/20220921_090000.WAV,Telephone Field,recover-20220922,001,1795
763.0895,763.127,68437,82123,Rhinolophus ferrumequinum,0.024,0.024,-1,Echolocation,/mnt/ubna_data_02_mir/recover-20220922/UBNA_001/20220921_090000.WAV,Telephone Field,recover-20220922,001,1795
763.1095,763.1528,68437,83091,Rhinolophus ferrumequinum,0.027,0.027,-1,Echolocation,/mnt/ubna_data_02_mir/recover-20220922/UBNA_001/20220921_090000.WAV,Telephone Field,recover-20220922,001,1795
763.1405,763.1824,68437,83180,Rhinolophus ferrumequinum,0.034,0.034,-1,Echolocation,/mnt/ubna_data_02_mir/recover-20220922/UBNA_001/20220921_090000.WAV,Telephone Field,recover-20220922,001,1795
763.1435,763.1538,47812,51561,Pipistrellus pipistrellus,0.023,0.026,-1,Echolocation,/mnt/ubna_data_02_mir/recover-20220922/UBNA_001/20220921_090000.WAV,Telephone Field,recover-20220922,001,1795
763.1785,763.2176,68437,82564,Rhinolophus ferrumequinum,0.022,0.022,-1,Echolocation,/mnt/ubna_data_02_mir/recover-20220922/UBNA_001/20220921_090000.WAV,Telephone Field,recover-20220922,001,1795
763.1855,763.2287,68437,83062,Rhinolophus ferrumequinum,0.024,0.024,-1,Echolocation,/mnt/ubna_data_02_mir/recover-20220922/UBNA_001/20220921_090000.WAV,Telephone Field,recover-20220922,001,1795
763.2295,763.2656,68437,81602,Rhinolophus ferrumequinum,0.021,0.021,-1,Echolocation,/mnt/ubna_data_02_mir/recover-20220922/UBNA_001/20220921_090000.WAV,Telephone Field,recover-20220922,001,1795
763.2435,763.2831,68437,82517,Rhinolophus ferrumequinum,0.025,0.025,-1,Echolocation,/mnt/ubna_data_02_mir/recover-20220922/UBNA_001/20220921_090000.WAV,Telephone Field,recover-20220922,001,1795
763.2435,763.262,20312,24008,Nyctalus leisleri,0.013,0.024,-1,Echolocation,/mnt/ubna_data_02_mir/recover-20220922/UBNA_001/20220921_090000.WAV,Telephone Field,recover-20220922,001,1795
763.2495,763.2582,24609,32775,Plecotus austriacus,0.006,0.024,-1,Echolocation,/mnt/ubna_data_02_mir/recover-20220922/UBNA_001/20220921_090000.WAV,Telephone Field,recover-20220922,001,1795
763.2615,763.3031,68437,82760,Rhinolophus ferrumequinum,0.038,0.038,-1,Echolocation,/mnt/ubna_data_02_mir/recover-20220922/UBNA_001/20220921_090000.WAV,Telephone Field,recover-20220922,001,1795
763.2615,763.2702,28906,40202,Eptesicus serotinus,0.008,0.022,-1,Echolocation,/mnt/ubna_data_02_mir/recover-20220922/UBNA_001/20220921_090000.WAV,Telephone Field,recover-20220922,001,1795
763.2765,763.3167,68437,82676,Rhinolophus ferrumequinum,0.023,0.023,-1,Echolocation,/mnt/ubna_data_02_mir/recover-20220922/UBNA_001/20220921_090000.WAV,Telephone Field,recover-20220922,001,1795
763.2885,763.2998,28906,34914,Eptesicus serotinus,0.013,0.025,-1,Echolocation,/mnt/ubna_data_02_mir/recover-20220922/UBNA_001/20220921_090000.WAV,Telephone Field,recover-20220922,001,1795
763.3075,763.3448,68437,81677,Rhinolophus ferrumequinum,0.023,0.023,-1,Echolocation,/mnt/ubna_data_02_mir/recover-20220922/UBNA_001/20220921_090000.WAV,Telephone Field,recover-20220922,001,1795
763.3565,763.3919,68437,80053,Rhinolophus ferrumequinum,0.021,0.021,-1,Echolocation,/mnt/ubna_data_02_mir/recover-20220922/UBNA_001/20220921_090000.WAV,Telephone Field,recover-20220922,001,1795
763.4075,763.4181,23750,30714,Nyctalus leisleri,0.009,0.027,-1,Echolocation,/mnt/ubna_data_02_mir/recover-20220922/UBNA_001/20220921_090000.WAV,Telephone Field,recover-20220922,001,1795
763.4175,763.4582,68437,82548,Rhinolophus ferrumequinum,0.024,0.024,-1,Echolocation,/mnt/ubna_data_02_mir/recover-20220922/UBNA_001/20220921_090000.WAV,Telephone Field,recover-20220922,001,1795
763.4285,763.4411,53828,57611,Pipistrellus pygmaeus,0.017,0.021,-1,Echolocation,/mnt/ubna_data_02_mir/recover-20220922/UBNA_001/20220921_090000.WAV,Telephone Field,recover-20220922,001,1795
763.4365,763.4449,27187,39901,Eptesicus serotinus,0.007,0.023,-1,Echolocation,/mnt/ubna_data_02_mir/recover-20220922/UBNA_001/20220921_090000.WAV,Telephone Field,recover-20220922,001,1795
763.4605,763.4688,28046,38588,Eptesicus serotinus,0.007,0.021,-1,Echolocation,/mnt/ubna_data_02_mir/recover-20220922/UBNA_001/20220921_090000.WAV,Telephone Field,recover-20220922,001,1795
763.4945,763.537,68437,83563,Rhinolophus ferrumequinum,0.035,0.035,-1,Echolocation,/mnt/ubna_data_02_mir/recover-20220922/UBNA_001/20220921_090000.WAV,Telephone Field,recover-20220922,001,1795
763.5005,763.5123,50390,55528,Pipistrellus pipistrellus,0.027,0.032,-1,Echolocation,/mnt/ubna_data_02_mir/recover-20220922/UBNA_001/20220921_090000.WAV,Telephone Field,recover-20220922,001,1795
763.5065,763.5153,28906,37322,Eptesicus serotinus,0.009,0.023,-1,Echolocation,/mnt/ubna_data_02_mir/recover-20220922/UBNA_001/20220921_090000.WAV,Telephone Field,recover-20220922,001,1795
763.5065,763.5469,68437,82399,Rhinolophus ferrumequinum,0.021,0.021,-1,Echolocation,/mnt/ubna_data_02_mir/recover-20220922/UBNA_001/20220921_090000.WAV,Telephone Field,recover-20220922,001,1795
763.5175,763.5564,68437,82411,Rhinolophus ferrumequinum,0.022,0.022,-1,Echolocation,/mnt/ubna_data_02_mir/recover-20220922/UBNA_001/20220921_090000.WAV,Telephone Field,recover-20220922,001,1795
763.5295,763.5399,22890,29196,Nyctalus leisleri,0.009,0.024,-1,Echolocation,/mnt/ubna_data_02_mir/recover-20220922/UBNA_001/20220921_090000.WAV,Telephone Field,recover-20220922,001,1795
763.5565,763.595,68437,81605,Rhinolophus ferrumequinum,0.021,0.021,-1,Echolocation,/mnt/ubna_data_02_mir/recover-20220922/UBNA_001/20220921_090000.WAV,Telephone Field,recover-20220922,001,1795
763.5635,763.602,68437,81956,Rhinolophus ferrumequinum,0.021,0.021,-1,Echolocation,/mnt/ubna_data_02_mir/recover-20220922/UBNA_001/20220921_090000.WAV,Telephone Field,recover-20220922,001,1795
763.5685,763.6069,68437,81925,Rhinolophus ferrumequinum,0.021,0.021,-1,Echolocation,/mnt/ubna_data_02_mir/recover-20220922/UBNA_001/20220921_090000.WAV,Telephone Field,recover-20220922,001,1795
763.5885,763.6238,68437,81423,Rhinolophus ferrumequinum,0.021,0.021,-1,Echolocation,/mnt/ubna_data_02_mir/recover-20220922/UBNA_001/20220921_090000.WAV,Telephone Field,recover-20220922,001,1795
763.6215,763.6598,68437,82327,Rhinolophus ferrumequinum,0.024,0.024,-1,Echolocation,/mnt/ubna_data_02_mir/recover-20220922/UBNA_001/20220921_090000.WAV,Telephone Field,recover-20220922,001,1795
763.6585,763.6939,68437,81606,Rhinolophus ferrumequinum,0.026,0.026,-1,Echolocation,/mnt/ubna_data_02_mir/recover-20220922/UBNA_001/20220921_090000.WAV,Telephone Field,recover-20220922,001,1795
763.6685,763.7061,68437,81769,Rhinolophus ferrumequinum,0.025,0.025,-1,Echolocation,/mnt/ubna_data_02_mir/recover-20220922/UBNA_001/20220921_090000.WAV,Telephone Field,recover-20220922,001,1795
763.6745,763.6834,28046,37937,Eptesicus serotinus,0.009,0.023,-1,Echolocation,/mnt/ubna_data_02_mir/recover-20220922/UBNA_001/20220921_090000.WAV,Telephone Field,recover-20220922,001,1795
763.6875,763.6974,28906,36623,Eptesicus serotinus,0.008,0.021,-1,Echolocation,/mnt/ubna_data_02_mir/recover-20220922/UBNA_001/20220921_090000.WAV,Telephone Field,recover-20220922,001,1795
763.6925,763.7302,68437,81719,Rhinolophus ferrumequinum,0.022,0.022,-1,Echolocation,/mnt/ubna_data_02_mir/recover-20220922/UBNA_001/20220921_090000.WAV,Telephone Field,recover-20220922,001,1795
763.7015,763.7411,68437,82060,Rhinolophus ferrumequinum,0.024,0.024,-1,Echolocation,/mnt/ubna_data_02_mir/recover-20220922/UBNA_001/20220921_090000.WAV,Telephone Field,recover-20220922,001,1795
763.7045,763.7154,22031,25907,Nyctalus leisleri,0.013,0.022,-1,Echolocation,/mnt/ubna_data_02_mir/recover-20220922/UBNA_001/20220921_090000.WAV,Telephone Field,recover-20220922,001,1795
763.7315,763.7389,23750,32593,Plecotus austriacus,0.011,0.024,-1,Echolocation,/mnt/ubna_data_02_mir/recover-20220922/UBNA_001/20220921_090000.WAV,Telephone Field,recover-20220922,001,1795
763.7385,763.7739,68437,80727,Rhinolophus ferrumequinum,0.023,0.024,-1,Echolocation,/mnt/ubna_data_02_mir/recover-20220922/UBNA_001/20220921_090000.WAV,Telephone Field,recover-20220922,001,1795
763.7605,763.801,68437,82507,Rhinolophus ferrumequinum,0.023,0.023,-1,Echolocation,/mnt/ubna_data_02_mir/recover-20220922/UBNA_001/20220921_090000.WAV,Telephone Field,recover-20220922,001,1795
763.7865,763.7977,22890,27167,Nyctalus leisleri,0.016,0.029,-1,Echolocation,/mnt/ubna_data_02_mir/recover-20220922/UBNA_001/20220921_090000.WAV,Telephone Field,recover-20220922,001,1795
763.8085,763.8474,68437,82018,Rhinolophus ferrumequinum,0.021,0.021,-1,Echolocation,/mnt/ubna_data_02_mir/recover-20220922/UBNA_001/20220921_090000.WAV,Telephone Field,recover-20220922,001,1795
763.8135,763.8509,68437,82090,Rhinolophus ferrumequinum,0.021,0.021,-1,Echolocation,/mnt/ubna_data_02_mir/recover-20220922/UBNA_001/20220921_090000.WAV,Telephone Field,recover-20220922,001,1795
763.8335,763.8714,68437,81440,Rhinolophus ferrumequinum,0.021,0.021,-1,Echolocation,/mnt/ubna_data_02_mir/recover-20220922/UBNA_001/20220921_090000.WAV,Telephone Field,recover-20220922,001,1795
763.8615,763.9004,68437,82849,Rhinolophus ferrumequinum,0.026,0.026,-1,Echolocation,/mnt/ubna_data_02_mir/recover-20220922/UBNA_001/20220921_090000.WAV,Telephone Field,recover-20220922,001,1795
763.8685,763.9083,68437,82626,Rhinolophus ferrumequinum,0.023,0.023,-1,Echolocation,/mnt/ubna_data_02_mir/recover-20220922/UBNA_001/20220921_090000.WAV,Telephone Field,recover-20220922,001,1795
763.8695,763.8765,23750,33094,Plecotus austriacus,0.023,0.041,-1,Echolocation,/mnt/ubna_data_02_mir/recover-20220922/UBNA_001/20220921_090000.WAV,Telephone Field,recover-20220922,001,1795
763.9165,763.9248,23750,31674,Plecotus austriacus,0.01,0.026,-1,Echolocation,/mnt/ubna_data_02_mir/recover-20220922/UBNA_001/20220921_090000.WAV,Telephone Field,recover-20220922,001,1795
763.9265,763.9633,68437,81401,Rhinolophus ferrumequinum,0.022,0.022,-1,Echolocation,/mnt/ubna_data_02_mir/recover-20220922/UBNA_001/20220921_090000.WAV,Telephone Field,recover-20220922,001,1795
763.9615,763.9998,68437,81845,Rhinolophus ferrumequinum,0.023,0.023,-1,Echolocation,/mnt/ubna_data_02_mir/recover-20220922/UBNA_001/20220921_090000.WAV,Telephone Field,recover-20220922,001,1795
763.9825,763.9917,27187,39117,Eptesicus serotinus,0.009,0.021,-1,Echolocation,/mnt/ubna_data_02_mir/recover-20220922/UBNA_001/20220921_090000.WAV,Telephone Field,recover-20220922,001,1795
763.9885,763.9981,29765,38827,Eptesicus serotinus,0.009,0.021,-1,Echolocation,/mnt/ubna_data_02_mir/recover-20220922/UBNA_001/20220921_090000.WAV,Telephone Field,recover-20220922,001,1795
764.0015,764.0336,69296,80449,Rhinolophus ferrumequinum,0.038,0.038,-1,Echolocation,/mnt/ubna_data_02_mir/recover-20220922/UBNA_001/20220921_090000.WAV,Telephone Field,recover-20220922,001,1795
764.0015,764.0115,28046,36989,Eptesicus serotinus,0.01,0.033,-1,Echolocation,/mnt/ubna_data_02_mir/recover-20220922/UBNA_001/20220921_090000.WAV,Telephone Field,recover-20220922,001,1795
764.0065,764.0416,68437,80169,Rhinolophus ferrumequinum,0.027,0.027,-1,Echolocation,/mnt/ubna_data_02_mir/recover-20220922/UBNA_001/20220921_090000.WAV,Telephone Field,recover-20220922,001,1795
764.0105,764.0248,29765,36098,Eptesicus serotinus,0.018,0.03,-1,Echolocation,/mnt/ubna_data_02_mir/recover-20220922/UBNA_001/20220921_090000.WAV,Telephone Field,recover-20220922,001,1795
764.0225,764.0302,28906,38423,Eptesicus serotinus,0.008,0.028,-1,Echolocation,/mnt/ubna_data_02_mir/recover-20220922/UBNA_001/20220921_090000.WAV,Telephone Field,recover-20220922,001,1795
764.0275,764.0385,22890,27127,Nyctalus leisleri,0.013,0.023,-1,Echolocation,/mnt/ubna_data_02_mir/recover-20220922/UBNA_001/20220921_090000.WAV,Telephone Field,recover-20220922,001,1795
764.0405,764.0509,22890,28086,Nyctalus leisleri,0.013,0.028,-1,Echolocation,/mnt/ubna_data_02_mir/recover-20220922/UBNA_001/20220921_090000.WAV,Telephone Field,recover-20220922,001,1795
764.0875,764.1212,68437,80896,Rhinolophus ferrumequinum,0.021,0.021,-1,Echolocation,/mnt/ubna_data_02_mir/recover-20220922/UBNA_001/20220921_090000.WAV,Telephone Field,recover-20220922,001,1795
764.0945,764.1266,68437,79829,Rhinolophus ferrumequinum,0.021,0.021,-1,Echolocation,/mnt/ubna_data_02_mir/recover-20220922/UBNA_001/20220921_090000.WAV,Telephone Field,recover-20220922,001,1795
764.0965,764.1081,21171,25623,Nyctalus leisleri,0.013,0.024,-1,Echolocation,/mnt/ubna_data_02_mir/recover-20220922/UBNA_001/20220921_090000.WAV,Telephone Field,recover-20220922,001,1795
764.1035,764.1378,68437,80896,Rhinolophus ferrumequinum,0.022,0.022,-1,Echolocation,/mnt/ubna_data_02_mir/recover-20220922/UBNA_001/20220921_090000.WAV,Telephone Field,recover-20220922,001,1795
764.1075,764.1187,22890,28549,Nyctalus leisleri,0.01,0.023,-1,Echolocation,/mnt/ubna_data_02_mir/recover-20220922/UBNA_001/20220921_090000.WAV,Telephone Field,recover-20220922,001,1795
764.1435,764.1796,68437,81284,Rhinolophus ferrumequinum,0.038,0.038,-1,Echolocation,/mnt/ubna_data_02_mir/recover-20220922/UBNA_001/20220921_090000.WAV,Telephone Field,recover-20220922,001,1795
764.1665,764.2053,68437,81701,Rhinolophus ferrumequinum,0.022,0.022,-1,Echolocation,/mnt/ubna_data_02_mir/recover-20220922/UBNA_001/20220921_090000.WAV,Telephone Field,recover-20220922,001,1795
764.1725,764.1802,46953,51486,Pipistrellus pipistrellus,0.025,0.026,-1,Echolocation,/mnt/ubna_data_02_mir/recover-20220922/UBNA_001/20220921_090000.WAV,Telephone Field,recover-20220922,001,1795
764.1745,764.2112,68437,81657,Rhinolophus ferrumequinum,0.022,0.022,-1,Echolocation,/mnt/ubna_data_02_mir/recover-20220922/UBNA_001/20220921_090000.WAV,Telephone Field,recover-20220922,001,1795
764.1885,764.2013,54687,59222,Pipistrellus pygmaeus,0.02,0.022,-1,Echolocation,/mnt/ubna_data_02_mir/recover-20220922/UBNA_001/20220921_090000.WAV,Telephone Field,recover-20220922,001,1795
764.2025,764.2432,68437,82539,Rhinolophus ferrumequinum,0.024,0.024,-1,Echolocation,/mnt/ubna_data_02_mir/recover-20220922/UBNA_001/20220921_090000.WAV,Telephone Field,recover-20220922,001,1795
764.2185,764.2589,68437,82884,Rhinolophus ferrumequinum,0.031,0.031,-1,Echolocation,/mnt/ubna_data_02_mir/recover-20220922/UBNA_001/20220921_090000.WAV,Telephone Field,recover-20220922,001,1795
764.2595,764.3017,68437,82847,Rhinolophus ferrumequinum,0.023,0.023,-1,Echolocation,/mnt/ubna_data_02_mir/recover-20220922/UBNA_001/20220921_090000.WAV,Telephone Field,recover-20220922,001,1795
764.2705,764.2784,28046,39202,Eptesicus serotinus,0.007,0.021,-1,Echolocation,/mnt/ubna_data_02_mir/recover-20220922/UBNA_001/20220921_090000.WAV,Telephone Field,recover-20220922,001,1795
764.3085,764.3475,68437,81894,Rhinolophus ferrumequinum,0.022,0.022,-1,Echolocation,/mnt/ubna_data_02_mir/recover-20220922/UBNA_001/20220921_090000.WAV,Telephone Field,recover-20220922,001,1795
764.3185,764.364,68437,83929,Rhinolophus ferrumequinum,0.03,0.03,-1,Echolocation,/mnt/ubna_data_02_mir/recover-20220922/UBNA_001/20220921_090000.WAV,Telephone Field,recover-20220922,001,1795
764.3265,764.334,27187,36704,Eptesicus serotinus,0.006,0.023,-1,Echolocation,/mnt/ubna_data_02_mir/recover-20220922/UBNA_001/20220921_090000.WAV,Telephone Field,recover-20220922,001,1795
764.3285,764.3366,22890,30437,Plecotus austriacus,0.01,0.022,-1,Echolocation,/mnt/ubna_data_02_mir/recover-20220922/UBNA_001/20220921_090000.WAV,Telephone Field,recover-20220922,001,1795
764.3515,764.3942,68437,82752,Rhinolophus ferrumequinum,0.03,0.03,-1,Echolocation,/mnt/ubna_data_02_mir/recover-20220922/UBNA_001/20220921_090000.WAV,Telephone Field,recover-20220922,001,1795
764.3625,764.4014,68437,82689,Rhinolophus ferrumequinum,0.023,0.024,-1,Echolocation,/mnt/ubna_data_02_mir/recover-20220922/UBNA_001/20220921_090000.WAV,Telephone Field,recover-20220922,001,1795
764.3765,764.4183,68437,82745,Rhinolophus ferrumequinum,0.022,0.022,-1,Echolocation,/mnt/ubna_data_02_mir/recover-20220922/UBNA_001/20220921_090000.WAV,Telephone Field,recover-20220922,001,1795
764.3875,764.3965,14296,23467,Nyctalus noctula,0.015,0.038,-1,Echolocation,/mnt/ubna_data_02_mir/recover-20220922/UBNA_001/20220921_090000.WAV,Telephone Field,recover-20220922,001,1795
764.3995,764.4407,68437,82886,Rhinolophus ferrumequinum,0.027,0.027,-1,Echolocation,/mnt/ubna_data_02_mir/recover-20220922/UBNA_001/20220921_090000.WAV,Telephone Field,recover-20220922,001,1795
764.4715,764.5099,68437,82312,Rhinolophus ferrumequinum,0.023,0.023,-1,Echolocation,/mnt/ubna_data_02_mir/recover-20220922/UBNA_001/20220921_090000.WAV,Telephone Field,recover-20220922,001,1795
764.4925,764.5365,68437,83150,Rhinolophus ferrumequinum,0.027,0.027,-1,Echolocation,/mnt/ubna_data_02_mir/recover-20220922/UBNA_001/20220921_090000.WAV,Telephone Field,recover-20220922,001,1795
764.5165,764.5324,14296,19240,Nyctalus noctula,0.018,0.026,-1,Echolocation,/mnt/ubna_data_02_mir/recover-20220922/UBNA_001/20220921_090000.WAV,Telephone Field,recover-20220922,001,1795
764.5285,764.5672,68437,82251,Rhinolophus ferrumequinum,0.022,0.022,-1,Echolocation,/mnt/ubna_data_02_mir/recover-20220922/UBNA_001/20220921_090000.WAV,Telephone Field,recover-20220922,001,1795
764.5685,764.6056,68437,81495,Rhinolophus ferrumequinum,0.021,0.021,-1,Echolocation,/mnt/ubna_data_02_mir/recover-20220922/UBNA_001/20220921_090000.WAV,Telephone Field,recover-20220922,001,1795
764.6415,764.6524,28906,35115,Eptesicus serotinus,0.017,0.032,-1,Echolocation,/mnt/ubna_data_02_mir/recover-20220922/UBNA_001/20220921_090000.WAV,Telephone Field,recover-20220922,001,1795
764.6705,764.6828,15156,21812,Nyctalus noctula,0.016,0.024,-1,Echolocation,/mnt/ubna_data_02_mir/recover-20220922/UBNA_001/20220921_090000.WAV,Telephone Field,recover-20220922,001,1795
764.6715,764.7064,68437,80971,Rhinolophus ferrumequinum,0.023,0.023,-1,Echolocation,/mnt/ubna_data_02_mir/recover-20220922/UBNA_001/20220921_090000.WAV,Telephone Field,recover-20220922,001,1795
764.7085,764.7163,28046,40238,Eptesicus serotinus,0.008,0.023,-1,Echolocation,/mnt/ubna_data_02_mir/recover-20220922/UBNA_001/20220921_090000.WAV,Telephone Field,recover-20220922,001,1795
764.7135,764.7494,68437,81497,Rhinolophus ferrumequinum,0.023,0.023,-1,Echolocation,/mnt/ubna_data_02_mir/recover-20220922/UBNA_001/20220921_090000.WAV,Telephone Field,recover-20220922,001,1795
764.7715,764.8072,68437,81649,Rhinolophus ferrumequinum,0.022,0.022,-1,Echolocation,/mnt/ubna_data_02_mir/recover-20220922/UBNA_001/20220921_090000.WAV,Telephone Field,recover-20220922,001,1795
764.7845,764.8241,68437,82180,Rhinolophus ferrumequinum,0.022,0.022,-1,Echolocation,/mnt/ubna_data_02_mir/recover-20220922/UBNA_001/20220921_090000.WAV,Telephone Field,recover-20220922,001,1795
764.8315,764.8676,68437,81664,Rhinolophus ferrumequinum,0.022,0.022,-1,Echolocation,/mnt/ubna_data_02_mir/recover-20220922/UBNA_001/20220921_090000.WAV,Telephone Field,recover-20220922,001,1795
764.8485,764.8616,39218,43048,Pipistrellus nathusii,0.046,0.057,-1,Echolocation,/mnt/ubna_data_02_mir/recover-20220922/UBNA_001/20220921_090000.WAV,Telephone Field,recover-20220922,001,1795
764.9085,764.9212,22890,27855,Nyctalus leisleri,0.014,0.027,-1,Echolocation,/mnt/ubna_data_02_mir/recover-20220922/UBNA_001/20220921_090000.WAV,Telephone Field,recover-20220922,001,1795
764.9355,764.9464,24609,32176,Eptesicus serotinus,0.01,0.028,-1,Echolocation,/mnt/ubna_data_02_mir/recover-20220922/UBNA_001/20220921_090000.WAV,Telephone Field,recover-20220922,001,1795
764.9485,764.9667,21171,24208,Nyctalus leisleri,0.016,0.024,-1,Echolocation,/mnt/ubna_data_02_mir/recover-20220922/UBNA_001/20220921_090000.WAV,Telephone Field,recover-20220922,001,1795
764.9765,764.9898,22890,27366,Nyctalus leisleri,0.016,0.028,-1,Echolocation,/mnt/ubna_data_02_mir/recover-20220922/UBNA_001/20220921_090000.WAV,Telephone Field,recover-20220922,001,1795
764.9885,765.0276,68437,81772,Rhinolophus ferrumequinum,0.023,0.023,-1,Echolocation,/mnt/ubna_data_02_mir/recover-20220922/UBNA_001/20220921_090000.WAV,Telephone Field,recover-20220922,001,1795
764.9945,765.0336,68437,82127,Rhinolophus ferrumequinum,0.021,0.021,-1,Echolocation,/mnt/ubna_data_02_mir/recover-20220922/UBNA_001/20220921_090000.WAV,Telephone Field,recover-20220922,001,1795
765.0025,765.0427,68437,82262,Rhinolophus ferrumequinum,0.023,0.023,-1,Echolocation,/mnt/ubna_data_02_mir/recover-20220922/UBNA_001/20220921_090000.WAV,Telephone Field,recover-20220922,001,1795
765.0195,765.0281,28046,37660,Eptesicus serotinus,0.008,0.021,-1,Echolocation,/mnt/ubna_data_02_mir/recover-20220922/UBNA_001/20220921_090000.WAV,Telephone Field,recover-20220922,001,1795
765.0255,765.0359,22890,28025,Nyctalus leisleri,0.011,0.022,-1,Echolocation,/mnt/ubna_data_02_mir/recover-20220922/UBNA_001/20220921_090000.WAV,Telephone Field,recover-20220922,001,1795
765.0385,765.0571,21171,24295,Nyctalus leisleri,0.026,0.04,-1,Echolocation,/mnt/ubna_data_02_mir/recover-20220922/UBNA_001/20220921_090000.WAV,Telephone Field,recover-20220922,001,1795
765.1155,765.1241,22890,30397,Plecotus austriacus,0.008,0.022,-1,Echolocation,/mnt/ubna_data_02_mir/recover-20220922/UBNA_001/20220921_090000.WAV,Telephone Field,recover-20220922,001,1795
765.1225,765.1612,68437,81763,Rhinolophus ferrumequinum,0.022,0.022,-1,Echolocation,/mnt/ubna_data_02_mir/recover-20220922/UBNA_001/20220921_090000.WAV,Telephone Field,recover-20220922,001,1795
765.2355,765.2464,22890,27099,Nyctalus leisleri,0.013,0.023,-1,Echolocation,/mnt/ubna_data_02_mir/recover-20220922/UBNA_001/20220921_090000.WAV,Telephone Field,recover-20220922,001,1795
765.2745,765.3144,68437,82321,Rhinolophus ferrumequinum,0.027,0.027,-1,Echolocation,/mnt/ubna_data_02_mir/recover-20220922/UBNA_001/20220921_090000.WAV,Telephone Field,recover-20220922,001,1795
765.2915,765.3019,46093,51578,Pipistrellus pipistrellus,0.023,0.024,-1,Echolocation,/mnt/ubna_data_02_mir/recover-20220922/UBNA_001/20220921_090000.WAV,Telephone Field,recover-20220922,001,1795
765.2915,765.3285,68437,81254,Rhinolophus ferrumequinum,0.024,0.024,-1,Echolocation,/mnt/ubna_data_02_mir/recover-20220922/UBNA_001/20220921_090000.WAV,Telephone Field,recover-20220922,001,1795
765.3135,765.3218,23750,32123,Plecotus austriacus,0.016,0.038,-1,Echolocation,/mnt/ubna_data_02_mir/recover-20220922/UBNA_001/20220921_090000.WAV,Telephone Field,recover-20220922,001,1795
765.3795,765.4146,68437,81276,Rhinolophus ferrumequinum,0.022,0.022,-1,Echolocation,/mnt/ubna_data_02_mir/recover-20220922/UBNA_001/20220921_090000.WAV,Telephone Field,recover-20220922,001,1795
765.3935,765.4342,68437,82801,Rhinolophus ferrumequinum,0.021,0.021,-1,Echolocation,/mnt/ubna_data_02_mir/recover-20220922/UBNA_001/20220921_090000.WAV,Telephone Field,recover-20220922,001,1795
765.4085,765.4514,68437,83000,Rhinolophus ferrumequinum,0.036,0.036,-1,Echolocation,/mnt/ubna_data_02_mir/recover-20220922/UBNA_001/20220921_090000.WAV,Telephone Field,recover-20220922,001,1795
765.4385,765.4753,68437,81396,Rhinolophus ferrumequinum,0.021,0.021,-1,Echolocation,/mnt/ubna_data_02_mir/recover-20220922/UBNA_001/20220921_090000.WAV,Telephone Field,recover-20220922,001,1795
765.4545,765.4934,68437,82440,Rhinolophus ferrumequinum,0.029,0.029,-1,Echolocation,/mnt/ubna_data_02_mir/recover-20220922/UBNA_001/20220921_090000.WAV,Telephone Field,recover-20220922,001,1795
765.5035,765.5122,27187,37080,Eptesicus serotinus,0.007,0.022,-1,Echolocation,/mnt/ubna_data_02_mir/recover-20220922/UBNA_001/20220921_090000.WAV,Telephone Field,recover-20220922,001,1795
765.5035,765.5443,68437,82700,Rhinolophus ferrumequinum,0.022,0.022,-1,Echolocation,/mnt/ubna_data_02_mir/recover-20220922/UBNA_001/20220921_090000.WAV,Telephone Field,recover-20220922,001,1795
765.5275,765.5679,68437,82706,Rhinolophus ferrumequinum,0.026,0.027,-1,Echolocation,/mnt/ubna_data_02_mir/recover-20220922/UBNA_001/20220921_090000.WAV,Telephone Field,recover-20220922,001,1795
765.5395,765.5481,26328,33907,Eptesicus serotinus,0.009,0.026,-1,Echolocation,/mnt/ubna_data_02_mir/recover-20220922/UBNA_001/20220921_090000.WAV,Telephone Field,recover-20220922,001,1795
765.5595,765.5998,68437,82888,Rhinolophus ferrumequinum,0.025,0.025,-1,Echolocation,/mnt/ubna_data_02_mir/recover-20220922/UBNA_001/20220921_090000.WAV,Telephone Field,recover-20220922,001,1795
765.6085,765.619,22031,27802,Nyctalus leisleri,0.009,0.023,-1,Echolocation,/mnt/ubna_data_02_mir/recover-20220922/UBNA_001/20220921_090000.WAV,Telephone Field,recover-20220922,001,1795
765.6735,765.7088,68437,80941,Rhinolophus ferrumequinum,0.028,0.028,-1,Echolocation,/mnt/ubna_data_02_mir/recover-20220922/UBNA_001/20220921_090000.WAV,Telephone Field,recover-20220922,001,1795
765.7625,765.8022,68437,82421,Rhinolophus ferrumequinum,0.023,0.023,-1,Echolocation,/mnt/ubna_data_02_mir/recover-20220922/UBNA_001/20220921_090000.WAV,Telephone Field,recover-20220922,001,1795
765.7695,765.8122,68437,82745,Rhinolophus ferrumequinum,0.024,0.024,-1,Echolocation,/mnt/ubna_data_02_mir/recover-20220922/UBNA_001/20220921_090000.WAV,Telephone Field,recover-20220922,001,1795
765.7715,765.7828,28046,36131,Eptesicus serotinus,0.014,0.027,-1,Echolocation,/mnt/ubna_data_02_mir/recover-20220922/UBNA_001/20220921_090000.WAV,Telephone Field,recover-20220922,001,1795
765.7895,765.8283,68437,82610,Rhinolophus ferrumequinum,0.022,0.022,-1,Echolocation,/mnt/ubna_data_02_mir/recover-20220922/UBNA_001/20220921_090000.WAV,Telephone Field,recover-20220922,001,1795
765.8365,765.8453,45234,49837,Pipistrellus pipistrellus,0.023,0.025,-1,Echolocation,/mnt/ubna_data_02_mir/recover-20220922/UBNA_001/20220921_090000.WAV,Telephone Field,recover-20220922,001,1795
765.8555,765.894,68437,82103,Rhinolophus ferrumequinum,0.023,0.023,-1,Echolocation,/mnt/ubna_data_02_mir/recover-20220922/UBNA_001/20220921_090000.WAV,Telephone Field,recover-20220922,001,1795
765.8635,765.8995,68437,81871,Rhinolophus ferrumequinum,0.023,0.023,-1,Echolocation,/mnt/ubna_data_02_mir/recover-20220922/UBNA_001/20220921_090000.WAV,Telephone Field,recover-20220922,001,1795
765.8685,765.8822,22890,26855,Nyctalus leisleri,0.021,0.034,-1,Echolocation,/mnt/ubna_data_02_mir/recover-20220922/UBNA_001/20220921_090000.WAV,Telephone Field,recover-20220922,001,1795
765.8855,765.8932,28046,44893,Eptesicus serotinus,0.008,0.023,-1,Echolocation,/mnt/ubna_data_02_mir/recover-20220922/UBNA_001/20220921_090000.WAV,Telephone Field,recover-20220922,001,1795
765.9085,765.9469,68437,82476,Rhinolophus ferrumequinum,0.021,0.021,-1,Echolocation,/mnt/ubna_data_02_mir/recover-20220922/UBNA_001/20220921_090000.WAV,Telephone Field,recover-20220922,001,1795
765.9195,765.9582,68437,82302,Rhinolophus ferrumequinum,0.03,0.03,-1,Echolocation,/mnt/ubna_data_02_mir/recover-20220922/UBNA_001/20220921_090000.WAV,Telephone Field,recover-20220922,001,1795
765.9805,765.9896,28906,38668,Eptesicus serotinus,0.008,0.021,-1,Echolocation,/mnt/ubna_data_02_mir/recover-20220922/UBNA_001/20220921_090000.WAV,Telephone Field,recover-20220922,001,1795
765.9875,765.9969,28046,36846,Eptesicus serotinus,0.01,0.025,-1,Echolocation,/mnt/ubna_data_02_mir/recover-20220922/UBNA_001/20220921_090000.WAV,Telephone Field,recover-20220922,001,1795
766.0015,766.0097,26328,38087,Eptesicus serotinus,0.006,0.025,-1,Echolocation,/mnt/ubna_data_02_mir/recover-20220922/UBNA_001/20220921_090000.WAV,Telephone Field,recover-20220922,001,1795
766.0015,766.0129,37500,43916,Pipistrellus nathusii,0.009,0.022,-1,Echolocation,/mnt/ubna_data_02_mir/recover-20220922/UBNA_001/20220921_090000.WAV,Telephone Field,recover-20220922,001,1795
766.0015,766.0343,68437,80024,Rhinolophus ferrumequinum,0.042,0.043,-1,Echolocation,/mnt/ubna_data_02_mir/recover-20220922/UBNA_001/20220921_090000.WAV,Telephone Field,recover-20220922,001,1795
766.0115,766.0515,68437,82743,Rhinolophus ferrumequinum,0.026,0.026,-1,Echolocation,/mnt/ubna_data_02_mir/recover-20220922/UBNA_001/20220921_090000.WAV,Telephone Field,recover-20220922,001,1795
766.0115,766.0215,26328,35728,Eptesicus serotinus,0.011,0.025,-1,Echolocation,/mnt/ubna_data_02_mir/recover-20220922/UBNA_001/20220921_090000.WAV,Telephone Field,recover-20220922,001,1795
766.0205,766.0337,23750,29504,Nyctalus leisleri,0.014,0.032,-1,Echolocation,/mnt/ubna_data_02_mir/recover-20220922/UBNA_001/20220921_090000.WAV,Telephone Field,recover-20220922,001,1795
766.0345,766.0762,68437,83290,Rhinolophus ferrumequinum,0.034,0.034,-1,Echolocation,/mnt/ubna_data_02_mir/recover-20220922/UBNA_001/20220921_090000.WAV,Telephone Field,recover-20220922,001,1795
766.0355,766.0431,28046,41980,Eptesicus serotinus,0.008,0.024,-1,Echolocation,/mnt/ubna_data_02_mir/recover-20220922/UBNA_001/20220921_090000.WAV,Telephone Field,recover-20220922,001,1795
766.0625,766.0963,68437,81023,Rhinolophus ferrumequinum,0.022,0.022,-1,Echolocation,/mnt/ubna_data_02_mir/recover-20220922/UBNA_001/20220921_090000.WAV,Telephone Field,recover-20220922,001,1795
766.0635,766.0717,26328,36392,Eptesicus serotinus,0.01,0.028,-1,Echolocation,/mnt/ubna_data_02_mir/recover-20220922/UBNA_001/20220921_090000.WAV,Telephone Field,recover-20220922,001,1795
766.0785,766.1166,68437,82220,Rhinolophus ferrumequinum,0.021,0.021,-1,Echolocation,/mnt/ubna_data_02_mir/recover-20220922/UBNA_001/20220921_090000.WAV,Telephone Field,recover-20220922,001,1795
766.0805,766.0889,28046,38795,Eptesicus serotinus,0.008,0.022,-1,Echolocation,/mnt/ubna_data_02_mir/recover-20220922/UBNA_001/20220921_090000.WAV,Telephone Field,recover-20220922,001,1795
766.1045,766.1132,28046,38771,Eptesicus serotinus,0.036,0.061,-1,Echolocation,/mnt/ubna_data_02_mir/recover-20220922/UBNA_001/20220921_090000.WAV,Telephone Field,recover-20220922,001,1795
766.1145,766.1506,68437,81065,Rhinolophus ferrumequinum,0.021,0.021,-1,Echolocation,/mnt/ubna_data_02_mir/recover-20220922/UBNA_001/20220921_090000.WAV,Telephone Field,recover-20220922,001,1795
766.1445,766.1837,68437,82644,Rhinolophus ferrumequinum,0.022,0.023,-1,Echolocation,/mnt/ubna_data_02_mir/recover-20220922/UBNA_001/20220921_090000.WAV,Telephone Field,recover-20220922,001,1795
766.1514999999999,766.1911,68437,82858,Rhinolophus ferrumequinum,0.023,0.023,-1,Echolocation,/mnt/ubna_data_02_mir/recover-20220922/UBNA_001/20220921_090000.WAV,Telephone Field,recover-20220922,001,1795
766.1715,766.2094,68437,81765,Rhinolophus ferrumequinum,0.022,0.022,-1,Echolocation,/mnt/ubna_data_02_mir/recover-20220922/UBNA_001/20220921_090000.WAV,Telephone Field,recover-20220922,001,1795
766.1745,766.1843,22890,28843,Nyctalus leisleri,0.009,0.023,-1,Echolocation,/mnt/ubna_data_02_mir/recover-20220922/UBNA_001/20220921_090000.WAV,Telephone Field,recover-20220922,001,1795
766.1775,766.2127,68437,81165,Rhinolophus ferrumequinum,0.021,0.021,-1,Echolocation,/mnt/ubna_data_02_mir/recover-20220922/UBNA_001/20220921_090000.WAV,Telephone Field,recover-20220922,001,1795
766.1855,766.1951,24609,31216,Nyctalus leisleri,0.007,0.021,-1,Echolocation,/mnt/ubna_data_02_mir/recover-20220922/UBNA_001/20220921_090000.WAV,Telephone Field,recover-20220922,001,1795
766.2005,766.2452,68437,83225,Rhinolophus ferrumequinum,0.05,0.05,-1,Echolocation,/mnt/ubna_data_02_mir/recover-20220922/UBNA_001/20220921_090000.WAV,Telephone Field,recover-20220922,001,1795
766.2095,766.2185,28906,38084,Eptesicus serotinus,0.008,0.022,-1,Echolocation,/mnt/ubna_data_02_mir/recover-20220922/UBNA_001/20220921_090000.WAV,Telephone Field,recover-20220922,001,1795
766.2175,766.228,27187,36215,Eptesicus serotinus,0.011,0.024,-1,Echolocation,/mnt/ubna_data_02_mir/recover-20220922/UBNA_001/20220921_090000.WAV,Telephone Field,recover-20220922,001,1795
766.2565,766.2951,68437,82419,Rhinolophus ferrumequinum,0.023,0.023,-1,Echolocation,/mnt/ubna_data_02_mir/recover-20220922/UBNA_001/20220921_090000.WAV,Telephone Field,recover-20220922,001,1795
766.2725,766.2831,27187,34534,Eptesicus serotinus,0.019,0.035,-1,Echolocation,/mnt/ubna_data_02_mir/recover-20220922/UBNA_001/20220921_090000.WAV,Telephone Field,recover-20220922,001,1795
766.3015,766.3405,68437,82342,Rhinolophus ferrumequinum,0.025,0.025,-1,Echolocation,/mnt/ubna_data_02_mir/recover-20220922/UBNA_001/20220921_090000.WAV,Telephone Field,recover-20220922,001,1795
766.3075,766.3454,68437,82055,Rhinolophus ferrumequinum,0.024,0.024,-1,Echolocation,/mnt/ubna_data_02_mir/recover-20220922/UBNA_001/20220921_090000.WAV,Telephone Field,recover-20220922,001,1795
766.3205,766.3594,68437,82451,Rhinolophus ferrumequinum,0.022,0.022,-1,Echolocation,/mnt/ubna_data_02_mir/recover-20220922/UBNA_001/20220921_090000.WAV,Telephone Field,recover-20220922,001,1795
766.3265,766.3349,27187,36927,Eptesicus serotinus,0.008,0.023,-1,Echolocation,/mnt/ubna_data_02_mir/recover-20220922/UBNA_001/20220921_090000.WAV,Telephone Field,recover-20220922,001,1795
766.3395,766.3785,68437,83079,Rhinolophus ferrumequinum,0.026,0.026,-1,Echolocation,/mnt/ubna_data_02_mir/recover-20220922/UBNA_001/20220921_090000.WAV,Telephone Field,recover-20220922,001,1795
766.3405,766.3507,28906,37122,Eptesicus serotinus,0.01,0.024,-1,Echolocation,/mnt/ubna_data_02_mir/recover-20220922/UBNA_001/20220921_090000.WAV,Telephone Field,recover-20220922,001,1795
766.3615,766.3728,22031,26528,Nyctalus leisleri,0.011,0.022,-1,Echolocation,/mnt/ubna_data_02_mir/recover-20220922/UBNA_001/20220921_090000.WAV,Telephone Field,recover-20220922,001,1795
766.3645,766.4029,68437,82324,Rhinolophus ferrumequinum,0.021,0.021,-1,Echolocation,/mnt/ubna_data_02_mir/recover-20220922/UBNA_001/20220921_090000.WAV,Telephone Field,recover-20220922,001,1795
766.3715,766.4115,68437,82567,Rhinolophus ferrumequinum,0.021,0.021,-1,Echolocation,/mnt/ubna_data_02_mir/recover-20220922/UBNA_001/20220921_090000.WAV,Telephone Field,recover-20220922,001,1795
766.4665,766.5052,68437,82013,Rhinolophus ferrumequinum,0.022,0.022,-1,Echolocation,/mnt/ubna_data_02_mir/recover-20220922/UBNA_001/20220921_090000.WAV,Telephone Field,recover-20220922,001,1795
766.4865,766.4943,27187,42050,Eptesicus serotinus,0.007,0.021,-1,Echolocation,/mnt/ubna_data_02_mir/recover-20220922/UBNA_001/20220921_090000.WAV,Telephone Field,recover-20220922,001,1795
766.5155,766.5259,22031,27118,Nyctalus leisleri,0.012,0.026,-1,Echolocation,/mnt/ubna_data_02_mir/recover-20220922/UBNA_001/20220921_090000.WAV,Telephone Field,recover-20220922,001,1795
766.5205,766.5605,68437,82429,Rhinolophus ferrumequinum,0.023,0.023,-1,Echolocation,/mnt/ubna_data_02_mir/recover-20220922/UBNA_001/20220921_090000.WAV,Telephone Field,recover-20220922,001,1795
766.5305,766.5621,68437,80324,Rhinolophus ferrumequinum,0.028,0.029,-1,Echolocation,/mnt/ubna_data_02_mir/recover-20220922/UBNA_001/20220921_090000.WAV,Telephone Field,recover-20220922,001,1795
766.5395,766.5756,68437,81699,Rhinolophus ferrumequinum,0.022,0.022,-1,Echolocation,/mnt/ubna_data_02_mir/recover-20220922/UBNA_001/20220921_090000.WAV,Telephone Field,recover-20220922,001,1795
766.5635,766.5732,28046,36540,Eptesicus serotinus,0.009,0.023,-1,Echolocation,/mnt/ubna_data_02_mir/recover-20220922/UBNA_001/20220921_090000.WAV,Telephone Field,recover-20220922,001,1795
766.5935,766.6009,56406,61492,Pipistrellus pygmaeus,0.022,0.022,-1,Echolocation,/mnt/ubna_data_02_mir/recover-20220922/UBNA_001/20220921_090000.WAV,Telephone Field,recover-20220922,001,1795
766.5955,766.6367,68437,82970,Rhinolophus ferrumequinum,0.03,0.03,-1,Echolocation,/mnt/ubna_data_02_mir/recover-20220922/UBNA_001/20220921_090000.WAV,Telephone Field,recover-20220922,001,1795
766.6295,766.6679,68437,81982,Rhinolophus ferrumequinum,0.024,0.024,-1,Echolocation,/mnt/ubna_data_02_mir/recover-20220922/UBNA_001/20220921_090000.WAV,Telephone Field,recover-20220922,001,1795
766.6305,766.6401,27187,35195,Eptesicus serotinus,0.01,0.023,-1,Echolocation,/mnt/ubna_data_02_mir/recover-20220922/UBNA_001/20220921_090000.WAV,Telephone Field,recover-20220922,001,1795
766.6375,766.6745,68437,81198,Rhinolophus ferrumequinum,0.024,0.024,-1,Echolocation,/mnt/ubna_data_02_mir/recover-20220922/UBNA_001/20220921_090000.WAV,Telephone Field,recover-20220922,001,1795
766.6845,766.7209,68437,82007,Rhinolophus ferrumequinum,0.03,0.03,-1,Echolocation,/mnt/ubna_data_02_mir/recover-20220922/UBNA_001/20220921_090000.WAV,Telephone Field,recover-20220922,001,1795
766.7155,766.7536,68437,82346,Rhinolophus ferrumequinum,0.024,0.024,-1,Echolocation,/mnt/ubna_data_02_mir/recover-20220922/UBNA_001/20220921_090000.WAV,Telephone Field,recover-20220922,001,1795
766.7175,766.726,28906,38033,Eptesicus serotinus,0.008,0.023,-1,Echolocation,/mnt/ubna_data_02_mir/recover-20220922/UBNA_001/20220921_090000.WAV,Telephone Field,recover-20220922,001,1795
766.7365,766.7463,28046,38728,Eptesicus serotinus,0.009,0.022,-1,Echolocation,/mnt/ubna_data_02_mir/recover-20220922/UBNA_001/20220921_090000.WAV,Telephone Field,recover-20220922,001,1795
766.7565,766.7961,68437,82430,Rhinolophus ferrumequinum,0.022,0.022,-1,Echolocation,/mnt/ubna_data_02_mir/recover-20220922/UBNA_001/20220921_090000.WAV,Telephone Field,recover-20220922,001,1795
766.7785,766.7855,28046,40100,Eptesicus serotinus,0.008,0.029,-1,Echolocation,/mnt/ubna_data_02_mir/recover-20220922/UBNA_001/20220921_090000.WAV,Telephone Field,recover-20220922,001,1795
766.7835,766.8232,68437,82121,Rhinolophus ferrumequinum,0.024,0.024,-1,Echolocation,/mnt/ubna_data_02_mir/recover-20220922/UBNA_001/20220921_090000.WAV,Telephone Field,recover-20220922,001,1795
766.8045,766.8147,22890,28149,Nyctalus leisleri,0.009,0.022,-1,Echolocation,/mnt/ubna_data_02_mir/recover-20220922/UBNA_001/20220921_090000.WAV,Telephone Field,recover-20220922,001,1795
766.8195,766.8286,26328,35014,Eptesicus serotinus,0.011,0.024,-1,Echolocation,/mnt/ubna_data_02_mir/recover-20220922/UBNA_001/20220921_090000.WAV,Telephone Field,recover-20220922,001,1795
766.8275,766.8679,68437,82743,Rhinolophus ferrumequinum,0.023,0.023,-1,Echolocation,/mnt/ubna_data_02_mir/recover-20220922/UBNA_001/20220921_090000.WAV,Telephone Field,recover-20220922,001,1795
766.8635,766.906,68437,83185,Rhinolophus ferrumequinum,0.032,0.032,-1,Echolocation,/mnt/ubna_data_02_mir/recover-20220922/UBNA_001/20220921_090000.WAV,Telephone Field,recover-20220922,001,1795
766.8825,766.9222,68437,82717,Rhinolophus ferrumequinum,0.024,0.024,-1,Echolocation,/mnt/ubna_data_02_mir/recover-20220922/UBNA_001/20220921_090000.WAV,Telephone Field,recover-20220922,001,1795
766.8865,766.8943,27187,39620,Eptesicus serotinus,0.008,0.027,-1,Echolocation,/mnt/ubna_data_02_mir/recover-20220922/UBNA_001/20220921_090000.WAV,Telephone Field,recover-20220922,001,1795
766.8905,766.9319,68437,83243,Rhinolophus ferrumequinum,0.022,0.022,-1,Echolocation,/mnt/ubna_data_02_mir/recover-20220922/UBNA_001/20220921_090000.WAV,Telephone Field,recover-20220922,001,1795
766.9405,766.9487,28046,36886,Eptesicus serotinus,0.008,0.021,-1,Echolocation,/mnt/ubna_data_02_mir/recover-20220922/UBNA_001/20220921_090000.WAV,Telephone Field,recover-20220922,001,1795
766.9585,766.9691,28046,38370,Eptesicus serotinus,0.016,0.031,-1,Echolocation,/mnt/ubna_data_02_mir/recover-20220922/UBNA_001/20220921_090000.WAV,Telephone Field,recover-20220922,001,1795
766.9745,766.9822,28046,40231,Eptesicus serotinus,0.007,0.022,-1,Echolocation,/mnt/ubna_data_02_mir/recover-20220922/UBNA_001/20220921_090000.WAV,Telephone Field,recover-20220922,001,1795
766.9995,767.0406,68437,82039,Rhinolophus ferrumequinum,0.023,0.023,-1,Echolocation,/mnt/ubna_data_02_mir/recover-20220922/UBNA_001/20220921_090000.WAV,Telephone Field,recover-20220922,001,1795
767.0365,767.0806,68437,83354,Rhinolophus ferrumequinum,0.052,0.052,-1,Echolocation,/mnt/ubna_data_02_mir/recover-20220922/UBNA_001/20220921_090000.WAV,Telephone Field,recover-20220922,001,1795
767.0615,767.0977,68437,81914,Rhinolophus ferrumequinum,0.023,0.023,-1,Echolocation,/mnt/ubna_data_02_mir/recover-20220922/UBNA_001/20220921_090000.WAV,Telephone Field,recover-20220922,001,1795
767.0775,767.0867,25468,34011,Eptesicus serotinus,0.008,0.023,-1,Echolocation,/mnt/ubna_data_02_mir/recover-20220922/UBNA_001/20220921_090000.WAV,Telephone Field,recover-20220922,001,1795
767.1185,767.159,68437,82528,Rhinolophus ferrumequinum,0.024,0.024,-1,Echolocation,/mnt/ubna_data_02_mir/recover-20220922/UBNA_001/20220921_090000.WAV,Telephone Field,recover-20220922,001,1795
767.1705,767.1796,27187,39599,Eptesicus serotinus,0.008,0.022,-1,Echolocation,/mnt/ubna_data_02_mir/recover-20220922/UBNA_001/20220921_090000.WAV,Telephone Field,recover-20220922,001,1795
767.2065,767.2468,68437,82580,Rhinolophus ferrumequinum,0.021,0.021,-1,Echolocation,/mnt/ubna_data_02_mir/recover-20220922/UBNA_001/20220921_090000.WAV,Telephone Field,recover-20220922,001,1795
767.2235000000001,767.2647,68437,82884,Rhinolophus ferrumequinum,0.023,0.023,-1,Echolocation,/mnt/ubna_data_02_mir/recover-20220922/UBNA_001/20220921_090000.WAV,Telephone Field,recover-20220922,001,1795
767.2435,767.2826,68437,82008,Rhinolophus ferrumequinum,0.023,0.023,-1,Echolocation,/mnt/ubna_data_02_mir/recover-20220922/UBNA_001/20220921_090000.WAV,Telephone Field,recover-20220922,001,1795
767.2605,767.2982,68437,82419,Rhinolophus ferrumequinum,0.022,0.022,-1,Echolocation,/mnt/ubna_data_02_mir/recover-20220922/UBNA_001/20220921_090000.WAV,Telephone Field,recover-20220922,001,1795
767.3135,767.3525,68437,82759,Rhinolophus ferrumequinum,0.025,0.025,-1,Echolocation,/mnt/ubna_data_02_mir/recover-20220922/UBNA_001/20220921_090000.WAV,Telephone Field,recover-20220922,001,1795
767.3515,767.362,23750,28924,Nyctalus leisleri,0.01,0.022,-1,Echolocation,/mnt/ubna_data_02_mir/recover-20220922/UBNA_001/20220921_090000.WAV,Telephone Field,recover-20220922,001,1795
767.3645,767.3753,28906,36531,Eptesicus serotinus,0.012,0.026,-1,Echolocation,/mnt/ubna_data_02_mir/recover-20220922/UBNA_001/20220921_090000.WAV,Telephone Field,recover-20220922,001,1795
767.3755,767.4118,68437,81726,Rhinolophus ferrumequinum,0.022,0.022,-1,Echolocation,/mnt/ubna_data_02_mir/recover-20220922/UBNA_001/20220921_090000.WAV,Telephone Field,recover-20220922,001,1795
767.3955,767.4355,68437,82352,Rhinolophus ferrumequinum,0.023,0.023,-1,Echolocation,/mnt/ubna_data_02_mir/recover-20220922/UBNA_001/20220921_090000.WAV,Telephone Field,recover-20220922,001,1795
767.4185,767.4262,28046,38386,Eptesicus serotinus,0.007,0.022,-1,Echolocation,/mnt/ubna_data_02_mir/recover-20220922/UBNA_001/20220921_090000.WAV,Telephone Field,recover-20220922,001,1795
767.4375,767.4775,68437,82727,Rhinolophus ferrumequinum,0.024,0.024,-1,Echolocation,/mnt/ubna_data_02_mir/recover-20220922/UBNA_001/20220921_090000.WAV,Telephone Field,recover-20220922,001,1795
767.4795,767.4894,23750,30109,Nyctalus leisleri,0.008,0.021,-1,Echolocation,/mnt/ubna_data_02_mir/recover-20220922/UBNA_001/20220921_090000.WAV,Telephone Field,recover-20220922,001,1795
767.4865,767.4948,46953,50807,Pipistrellus pipistrellus,0.026,0.028,-1,Echolocation,/mnt/ubna_data_02_mir/recover-20220922/UBNA_001/20220921_090000.WAV,Telephone Field,recover-20220922,001,1795
767.5005,767.5095,23750,30746,Nyctalus leisleri,0.006,0.022,-1,Echolocation,/mnt/ubna_data_02_mir/recover-20220922/UBNA_001/20220921_090000.WAV,Telephone Field,recover-20220922,001,1795
767.5155,767.5291,52109,56200,Pipistrellus pygmaeus,0.015,0.023,-1,Echolocation,/mnt/ubna_data_02_mir/recover-20220922/UBNA_001/20220921_090000.WAV,Telephone Field,recover-20220922,001,1795
767.5355,767.5454,22890,28672,Nyctalus leisleri,0.01,0.024,-1,Echolocation,/mnt/ubna_data_02_mir/recover-20220922/UBNA_001/20220921_090000.WAV,Telephone Field,recover-20220922,001,1795
767.5605,767.5966,68437,81858,Rhinolophus ferrumequinum,0.023,0.023,-1,Echolocation,/mnt/ubna_data_02_mir/recover-20220922/UBNA_001/20220921_090000.WAV,Telephone Field,recover-20220922,001,1795
767.6025,767.6127,28046,36298,Eptesicus serotinus,0.01,0.025,-1,Echolocation,/mnt/ubna_data_02_mir/recover-20220922/UBNA_001/20220921_090000.WAV,Telephone Field,recover-20220922,001,1795
767.6555,767.6953,68437,82825,Rhinolophus ferrumequinum,0.027,0.027,-1,Echolocation,/mnt/ubna_data_02_mir/recover-20220922/UBNA_001/20220921_090000.WAV,Telephone Field,recover-20220922,001,1795
767.6575,767.6641,24609,34747,Plecotus austriacus,0.011,0.027,-1,Echolocation,/mnt/ubna_data_02_mir/recover-20220922/UBNA_001/20220921_090000.WAV,Telephone Field,recover-20220922,001,1795
767.6925,767.7025,28906,37458,Eptesicus serotinus,0.011,0.024,-1,Echolocation,/mnt/ubna_data_02_mir/recover-20220922/UBNA_001/20220921_090000.WAV,Telephone Field,recover-20220922,001,1795
767.6935,767.7302,68437,82405,Rhinolophus ferrumequinum,0.023,0.023,-1,Echolocation,/mnt/ubna_data_02_mir/recover-20220922/UBNA_001/20220921_090000.WAV,Telephone Field,recover-20220922,001,1795
767.7015,767.7395,68437,81874,Rhinolophus ferrumequinum,0.023,0.023,-1,Echolocation,/mnt/ubna_data_02_mir/recover-20220922/UBNA_001/20220921_090000.WAV,Telephone Field,recover-20220922,001,1795
767.7235000000001,767.7607,68437,81471,Rhinolophus ferrumequinum,0.025,0.025,-1,Echolocation,/mnt/ubna_data_02_mir/recover-20220922/UBNA_001/20220921_090000.WAV,Telephone Field,recover-20220922,001,1795
767.7385,767.7782,68437,82431,Rhinolophus ferrumequinum,0.023,0.023,-1,Echolocation,/mnt/ubna_data_02_mir/recover-20220922/UBNA_001/20220921_090000.WAV,Telephone Field,recover-20220922,001,1795
767.7415,767.7508,27187,36345,Eptesicus serotinus,0.01,0.024,-1,Echolocation,/mnt/ubna_data_02_mir/recover-20220922/UBNA_001/20220921_090000.WAV,Telephone Field,recover-20220922,001,1795
767.7715,767.8122,68437,82922,Rhinolophus ferrumequinum,0.023,0.023,-1,Echolocation,/mnt/ubna_data_02_mir/recover-20220922/UBNA_001/20220921_090000.WAV,Telephone Field,recover-20220922,001,1795
767.8275,767.8359,23750,31500,Plecotus austriacus,0.009,0.027,-1,Echolocation,/mnt/ubna_data_02_mir/recover-20220922/UBNA_001/20220921_090000.WAV,Telephone Field,recover-20220922,001,1795
767.8365,767.8725,68437,81654,Rhinolophus ferrumequinum,0.024,0.024,-1,Echolocation,/mnt/ubna_data_02_mir/recover-20220922/UBNA_001/20220921_090000.WAV,Telephone Field,recover-20220922,001,1795
767.8525,767.8856,68437,81472,Rhinolophus ferrumequinum,0.026,0.026,-1,Echolocation,/mnt/ubna_data_02_mir/recover-20220922/UBNA_001/20220921_090000.WAV,Telephone Field,recover-20220922,001,1795
767.9125,767.9183,24609,35718,Plecotus austriacus,0.022,0.048,-1,Echolocation,/mnt/ubna_data_02_mir/recover-20220922/UBNA_001/20220921_090000.WAV,Telephone Field,recover-20220922,001,1795
767.9165,767.9531,68437,82324,Rhinolophus ferrumequinum,0.028,0.028,-1,Echolocation,/mnt/ubna_data_02_mir/recover-20220922/UBNA_001/20220921_090000.WAV,Telephone Field,recover-20220922,001,1795
767.9255,767.9619,68437,82506,Rhinolophus ferrumequinum,0.022,0.022,-1,Echolocation,/mnt/ubna_data_02_mir/recover-20220922/UBNA_001/20220921_090000.WAV,Telephone Field,recover-20220922,001,1795
767.9645,767.9731,23750,31718,Plecotus austriacus,0.007,0.021,-1,Echolocation,/mnt/ubna_data_02_mir/recover-20220922/UBNA_001/20220921_090000.WAV,Telephone Field,recover-20220922,001,1795
767.9855,767.9933,27187,38634,Eptesicus serotinus,0.007,0.024,-1,Echolocation,/mnt/ubna_data_02_mir/recover-20220922/UBNA_001/20220921_090000.WAV,Telephone Field,recover-20220922,001,1795
767.9875,767.9981,22031,27764,Nyctalus leisleri,0.01,0.024,-1,Echolocation,/mnt/ubna_data_02_mir/recover-20220922/UBNA_001/20220921_090000.WAV,Telephone Field,recover-20220922,001,1795
768.0015,768.0093,26328,36771,Nyctalus leisleri,0.005,0.024,-1,Echolocation,/mnt/ubna_data_02_mir/recover-20220922/UBNA_001/20220921_090000.WAV,Telephone Field,recover-20220922,001,1795
768.0065,768.0567,68437,83535,Rhinolophus ferrumequinum,0.078,0.078,-1,Echolocation,/mnt/ubna_data_02_mir/recover-20220922/UBNA_001/20220921_090000.WAV,Telephone Field,recover-20220922,001,1795
768.0285,768.0668000000001,68437,82171,Rhinolophus ferrumequinum,0.028,0.028,-1,Echolocation,/mnt/ubna_data_02_mir/recover-20220922/UBNA_001/20220921_090000.WAV,Telephone Field,recover-20220922,001,1795
768.0525,768.0898,68437,82381,Rhinolophus ferrumequinum,0.022,0.022,-1,Echolocation,/mnt/ubna_data_02_mir/recover-20220922/UBNA_001/20220921_090000.WAV,Telephone Field,recover-20220922,001,1795
768.0765,768.0869,22890,28032,Nyctalus leisleri,0.011,0.024,-1,Echolocation,/mnt/ubna_data_02_mir/recover-20220922/UBNA_001/20220921_090000.WAV,Telephone Field,recover-20220922,001,1795
768.0865,768.1263,68437,82731,Rhinolophus ferrumequinum,0.023,0.023,-1,Echolocation,/mnt/ubna_data_02_mir/recover-20220922/UBNA_001/20220921_090000.WAV,Telephone Field,recover-20220922,001,1795
768.1385,768.1469,44375,47815,Pipistrellus pipistrellus,0.021,0.023,-1,Echolocation,/mnt/ubna_data_02_mir/recover-20220922/UBNA_001/20220921_090000.WAV,Telephone Field,recover-20220922,001,1795
768.1435,768.1509,23750,32251,Plecotus austriacus,0.01,0.023,-1,Echolocation,/mnt/ubna_data_02_mir/recover-20220922/UBNA_001/20220921_090000.WAV,Telephone Field,recover-20220922,001,1795
768.1505,768.1872,68437,81676,Rhinolophus ferrumequinum,0.024,0.024,-1,Echolocation,/mnt/ubna_data_02_mir/recover-20220922/UBNA_001/20220921_090000.WAV,Telephone Field,recover-20220922,001,1795
768.1685,768.1754,26328,36709,Eptesicus serotinus,0.007,0.024,-1,Echolocation,/mnt/ubna_data_02_mir/recover-20220922/UBNA_001/20220921_090000.WAV,Telephone Field,recover-20220922,001,1795
768.1735,768.2107,68437,81708,Rhinolophus ferrumequinum,0.023,0.023,-1,Echolocation,/mnt/ubna_data_02_mir/recover-20220922/UBNA_001/20220921_090000.WAV,Telephone Field,recover-20220922,001,1795
768.1835,768.2208,68437,82291,Rhinolophus ferrumequinum,0.024,0.024,-1,Echolocation,/mnt/ubna_data_02_mir/recover-20220922/UBNA_001/20220921_090000.WAV,Telephone Field,recover-20220922,001,1795
768.2405,768.2503,22890,28292,Nyctalus leisleri,0.01,0.022,-1,Echolocation,/mnt/ubna_data_02_mir/recover-20220922/UBNA_001/20220921_090000.WAV,Telephone Field,recover-20220922,001,1795
768.2625,768.2975,68437,79837,Rhinolophus ferrumequinum,0.036,0.036,-1,Echolocation,/mnt/ubna_data_02_mir/recover-20220922/UBNA_001/20220921_090000.WAV,Telephone Field,recover-20220922,001,1795
768.2895,768.3323,68437,83124,Rhinolophus ferrumequinum,0.033,0.033,-1,Echolocation,/mnt/ubna_data_02_mir/recover-20220922/UBNA_001/20220921_090000.WAV,Telephone Field,recover-20220922,001,1795
768.3065,768.317,23750,28760,Nyctalus leisleri,0.012,0.027,-1,Echolocation,/mnt/ubna_data_02_mir/recover-20220922/UBNA_001/20220921_090000.WAV,Telephone Field,recover-20220922,001,1795
768.3125,768.3556,68437,82852,Rhinolophus ferrumequinum,0.026,0.026,-1,Echolocation,/mnt/ubna_data_02_mir/recover-20220922/UBNA_001/20220921_090000.WAV,Telephone Field,recover-20220922,001,1795
768.3525,768.393,68437,82336,Rhinolophus ferrumequinum,0.027,0.027,-1,Echolocation,/mnt/ubna_data_02_mir/recover-20220922/UBNA_001/20220921_090000.WAV,Telephone Field,recover-20220922,001,1795
768.3535,768.3621,25468,33883,Eptesicus serotinus,0.008,0.022,-1,Echolocation,/mnt/ubna_data_02_mir/recover-20220922/UBNA_001/20220921_090000.WAV,Telephone Field,recover-20220922,001,1795
768.3805,768.4213,68437,82239,Rhinolophus ferrumequinum,0.023,0.023,-1,Echolocation,/mnt/ubna_data_02_mir/recover-20220922/UBNA_001/20220921_090000.WAV,Telephone Field,recover-20220922,001,1795
768.3895,768.4025,23750,28466,Nyctalus leisleri,0.023,0.042,-1,Echolocation,/mnt/ubna_data_02_mir/recover-20220922/UBNA_001/20220921_090000.WAV,Telephone Field,recover-20220922,001,1795
768.4135,768.4489,68437,81958,Rhinolophus ferrumequinum,0.021,0.022,-1,Echolocation,/mnt/ubna_data_02_mir/recover-20220922/UBNA_001/20220921_090000.WAV,Telephone Field,recover-20220922,001,1795
768.4225,768.4611,68437,81474,Rhinolophus ferrumequinum,0.023,0.023,-1,Echolocation,/mnt/ubna_data_02_mir/recover-20220922/UBNA_001/20220921_090000.WAV,Telephone Field,recover-20220922,001,1795
768.4255,768.4358,22890,28027,Nyctalus leisleri,0.011,0.022,-1,Echolocation,/mnt/ubna_data_02_mir/recover-20220922/UBNA_001/20220921_090000.WAV,Telephone Field,recover-20220922,001,1795
768.4635,768.5018,68437,82306,Rhinolophus ferrumequinum,0.022,0.022,-1,Echolocation,/mnt/ubna_data_02_mir/recover-20220922/UBNA_001/20220921_090000.WAV,Telephone Field,recover-20220922,001,1795
768.5195,768.5589,68437,82305,Rhinolophus ferrumequinum,0.035,0.035,-1,Echolocation,/mnt/ubna_data_02_mir/recover-20220922/UBNA_001/20220921_090000.WAV,Telephone Field,recover-20220922,001,1795
768.5375,768.5825,68437,83563,Rhinolophus ferrumequinum,0.043,0.043,-1,Echolocation,/mnt/ubna_data_02_mir/recover-20220922/UBNA_001/20220921_090000.WAV,Telephone Field,recover-20220922,001,1795
768.6175,768.6571,68437,81760,Rhinolophus ferrumequinum,0.027,0.027,-1,Echolocation,/mnt/ubna_data_02_mir/recover-20220922/UBNA_001/20220921_090000.WAV,Telephone Field,recover-20220922,001,1795
768.6735,768.7158,68437,82787,Rhinolophus ferrumequinum,0.032,0.032,-1,Echolocation,/mnt/ubna_data_02_mir/recover-20220922/UBNA_001/20220921_090000.WAV,Telephone Field,recover-20220922,001,1795
768.6965,768.7071,23750,29774,Eptesicus serotinus,0.009,0.027,-1,Echolocation,/mnt/ubna_data_02_mir/recover-20220922/UBNA_001/20220921_090000.WAV,Telephone Field,recover-20220922,001,1795
768.7005,768.7133,17734,22175,Nyctalus noctula,0.011,0.026,-1,Echolocation,/mnt/ubna_data_02_mir/recover-20220922/UBNA_001/20220921_090000.WAV,Telephone Field,recover-20220922,001,1795
768.7095,768.753,68437,83004,Rhinolophus ferrumequinum,0.03,0.03,-1,Echolocation,/mnt/ubna_data_02_mir/recover-20220922/UBNA_001/20220921_090000.WAV,Telephone Field,recover-20220922,001,1795
768.7195,768.7610999999999,68437,82329,Rhinolophus ferrumequinum,0.024,0.024,-1,Echolocation,/mnt/ubna_data_02_mir/recover-20220922/UBNA_001/20220921_090000.WAV,Telephone Field,recover-20220922,001,1795
768.7295,768.7724,68437,83172,Rhinolophus ferrumequinum,0.036,0.036,-1,Echolocation,/mnt/ubna_data_02_mir/recover-20220922/UBNA_001/20220921_090000.WAV,Telephone Field,recover-20220922,001,1795
768.7565,768.7991,68437,82643,Rhinolophus ferrumequinum,0.024,0.024,-1,Echolocation,/mnt/ubna_data_02_mir/recover-20220922/UBNA_001/20220921_090000.WAV,Telephone Field,recover-20220922,001,1795
768.7715,768.8092,68437,82040,Rhinolophus ferrumequinum,0.022,0.022,-1,Echolocation,/mnt/ubna_data_02_mir/recover-20220922/UBNA_001/20220921_090000.WAV,Telephone Field,recover-20220922,001,1795
768.8115,768.8467,68437,81325,Rhinolophus ferrumequinum,0.023,0.023,-1,Echolocation,/mnt/ubna_data_02_mir/recover-20220922/UBNA_001/20220921_090000.WAV,Telephone Field,recover-20220922,001,1795
768.8185,768.8289,24609,30697,Nyctalus leisleri,0.008,0.023,-1,Echolocation,/mnt/ubna_data_02_mir/recover-20220922/UBNA_001/20220921_090000.WAV,Telephone Field,recover-20220922,001,1795
768.8325,768.8747,68437,82915,Rhinolophus ferrumequinum,0.073,0.073,-1,Echolocation,/mnt/ubna_data_02_mir/recover-20220922/UBNA_001/20220921_090000.WAV,Telephone Field,recover-20220922,001,1795
768.8385,768.8508,22890,27468,Nyctalus leisleri,0.017,0.034,-1,Echolocation,/mnt/ubna_data_02_mir/recover-20220922/UBNA_001/20220921_090000.WAV,Telephone Field,recover-20220922,001,1795
768.8725,768.9127,68437,82633,Rhinolophus ferrumequinum,0.025,0.025,-1,Echolocation,/mnt/ubna_data_02_mir/recover-20220922/UBNA_001/20220921_090000.WAV,Telephone Field,recover-20220922,001,1795
768.9365,768.9478,23750,29169,Nyctalus leisleri,0.012,0.025,-1,Echolocation,/mnt/ubna_data_02_mir/recover-20220922/UBNA_001/20220921_090000.WAV,Telephone Field,recover-20220922,001,1795
768.9365,768.9776,68437,82645,Rhinolophus ferrumequinum,0.031,0.031,-1,Echolocation,/mnt/ubna_data_02_mir/recover-20220922/UBNA_001/20220921_090000.WAV,Telephone Field,recover-20220922,001,1795
768.9645,769.0025,68437,81783,Rhinolophus ferrumequinum,0.023,0.023,-1,Echolocation,/mnt/ubna_data_02_mir/recover-20220922/UBNA_001/20220921_090000.WAV,Telephone Field,recover-20220922,001,1795
768.9725,769.009,68437,81045,Rhinolophus ferrumequinum,0.024,0.024,-1,Echolocation,/mnt/ubna_data_02_mir/recover-20220922/UBNA_001/20220921_090000.WAV,Telephone Field,recover-20220922,001,1795
768.9755,768.9843,28046,41108,Eptesicus serotinus,0.008,0.022,-1,Echolocation,/mnt/ubna_data_02_mir/recover-20220922/UBNA_001/20220921_090000.WAV,Telephone Field,recover-20220922,001,1795
769.0385,769.0801,68437,82981,Rhinolophus ferrumequinum,0.031,0.031,-1,Echolocation,/mnt/ubna_data_02_mir/recover-20220922/UBNA_001/20220921_090000.WAV,Telephone Field,recover-20220922,001,1795
769.0625,769.0709,26328,35079,Eptesicus serotinus,0.01,0.025,-1,Echolocation,/mnt/ubna_data_02_mir/recover-20220922/UBNA_001/20220921_090000.WAV,Telephone Field,recover-20220922,001,1795
769.0865,769.0993,22890,28564,Nyctalus leisleri,0.014,0.029,-1,Echolocation,/mnt/ubna_data_02_mir/recover-20220922/UBNA_001/20220921_090000.WAV,Telephone Field,recover-20220922,001,1795
769.0935,769.1313,68437,82412,Rhinolophus ferrumequinum,0.024,0.024,-1,Echolocation,/mnt/ubna_data_02_mir/recover-20220922/UBNA_001/20220921_090000.WAV,Telephone Field,recover-20220922,001,1795
769.1085,769.153,68437,83578,Rhinolophus ferrumequinum,0.036,0.036,-1,Echolocation,/mnt/ubna_data_02_mir/recover-20220922/UBNA_001/20220921_090000.WAV,Telephone Field,recover-20220922,001,1795
769.1415,769.1835,68437,82795,Rhinolophus ferrumequinum,0.024,0.024,-1,Echolocation,/mnt/ubna_data_02_mir/recover-20220922/UBNA_001/20220921_090000.WAV,Telephone Field,recover-20220922,001,1795
769.1465,769.1873,68437,82638,Rhinolophus ferrumequinum,0.024,0.024,-1,Echolocation,/mnt/ubna_data_02_mir/recover-20220922/UBNA_001/20220921_090000.WAV,Telephone Field,recover-20220922,001,1795
769.1705,769.2093,68437,82390,Rhinolophus ferrumequinum,0.031,0.031,-1,Echolocation,/mnt/ubna_data_02_mir/recover-20220922/UBNA_001/20220921_090000.WAV,Telephone Field,recover-20220922,001,1795
769.1805,769.1897,47812,51096,Pipistrellus pipistrellus,0.022,0.024,-1,Echolocation,/mnt/ubna_data_02_mir/recover-20220922/UBNA_001/20220921_090000.WAV,Telephone Field,recover-20220922,001,1795
769.1835,769.2212,68437,81692,Rhinolophus ferrumequinum,0.025,0.025,-1,Echolocation,/mnt/ubna_data_02_mir/recover-20220922/UBNA_001/20220921_090000.WAV,Telephone Field,recover-20220922,001,1795
769.2015,769.2376,68437,81886,Rhinolophus ferrumequinum,0.024,0.024,-1,Echolocation,/mnt/ubna_data_02_mir/recover-20220922/UBNA_001/20220921_090000.WAV,Telephone Field,recover-20220922,001,1795
769.2315,769.2741,68437,83282,Rhinolophus ferrumequinum,0.024,0.024,-1,Echolocation,/mnt/ubna_data_02_mir/recover-20220922/UBNA_001/20220921_090000.WAV,Telephone Field,recover-20220922,001,1795
769.2435,769.2814,68437,82276,Rhinolophus ferrumequinum,0.024,0.024,-1,Echolocation,/mnt/ubna_data_02_mir/recover-20220922/UBNA_001/20220921_090000.WAV,Telephone Field,recover-20220922,001,1795
769.2625,769.2728,28046,36876,Eptesicus serotinus,0.01,0.022,-1,Echolocation,/mnt/ubna_data_02_mir/recover-20220922/UBNA_001/20220921_090000.WAV,Telephone Field,recover-20220922,001,1795
769.2705,769.3084,68437,82277,Rhinolophus ferrumequinum,0.025,0.025,-1,Echolocation,/mnt/ubna_data_02_mir/recover-20220922/UBNA_001/20220921_090000.WAV,Telephone Field,recover-20220922,001,1795
769.2735,769.2828,25468,33261,Eptesicus serotinus,0.006,0.022,-1,Echolocation,/mnt/ubna_data_02_mir/recover-20220922/UBNA_001/20220921_090000.WAV,Telephone Field,recover-20220922,001,1795
769.3065,769.3467,68437,82479,Rhinolophus ferrumequinum,0.024,0.024,-1,Echolocation,/mnt/ubna_data_02_mir/recover-20220922/UBNA_001/20220921_090000.WAV,Telephone Field,recover-20220922,001,1795
769.3395,769.3793000000001,68437,81946,Rhinolophus ferrumequinum,0.026,0.026,-1,Echolocation,/mnt/ubna_data_02_mir/recover-20220922/UBNA_001/20220921_090000.WAV,Telephone Field,recover-20220922,001,1795
769.3405,769.3505,28906,36213,Eptesicus serotinus,0.012,0.023,-1,Echolocation,/mnt/ubna_data_02_mir/recover-20220922/UBNA_001/20220921_090000.WAV,Telephone Field,recover-20220922,001,1795
769.3575,769.3979,68437,82823,Rhinolophus ferrumequinum,0.029,0.029,-1,Echolocation,/mnt/ubna_data_02_mir/recover-20220922/UBNA_001/20220921_090000.WAV,Telephone Field,recover-20220922,001,1795
769.3605,769.3708,28906,38074,Eptesicus serotinus,0.011,0.025,-1,Echolocation,/mnt/ubna_data_02_mir/recover-20220922/UBNA_001/20220921_090000.WAV,Telephone Field,recover-20220922,001,1795
769.4005,769.4116,22890,28741,Nyctalus leisleri,0.01,0.024,-1,Echolocation,/mnt/ubna_data_02_mir/recover-20220922/UBNA_001/20220921_090000.WAV,Telephone Field,recover-20220922,001,1795
769.4155,769.4544,68437,81869,Rhinolophus ferrumequinum,0.025,0.025,-1,Echolocation,/mnt/ubna_data_02_mir/recover-20220922/UBNA_001/20220921_090000.WAV,Telephone Field,recover-20220922,001,1795
769.4465,769.455,26328,35347,Eptesicus serotinus,0.011,0.024,-1,Echolocation,/mnt/ubna_data_02_mir/recover-20220922/UBNA_001/20220921_090000.WAV,Telephone Field,recover-20220922,001,1795
769.4575,769.4955,68437,81708,Rhinolophus ferrumequinum,0.022,0.022,-1,Echolocation,/mnt/ubna_data_02_mir/recover-20220922/UBNA_001/20220921_090000.WAV,Telephone Field,recover-20220922,001,1795
769.4995,769.5401,68437,82206,Rhinolophus ferrumequinum,0.023,0.023,-1,Echolocation,/mnt/ubna_data_02_mir/recover-20220922/UBNA_001/20220921_090000.WAV,Telephone Field,recover-20220922,001,1795
769.5195,769.5579,68437,82160,Rhinolophus ferrumequinum,0.022,0.022,-1,Echolocation,/mnt/ubna_data_02_mir/recover-20220922/UBNA_001/20220921_090000.WAV,Telephone Field,recover-20220922,001,1795
769.5485,769.5895,68437,83042,Rhinolophus ferrumequinum,0.031,0.031,-1,Echolocation,/mnt/ubna_data_02_mir/recover-20220922/UBNA_001/20220921_090000.WAV,Telephone Field,recover-20220922,001,1795
769.5625,769.6025,68437,82356,Rhinolophus ferrumequinum,0.03,0.03,-1,Echolocation,/mnt/ubna_data_02_mir/recover-20220922/UBNA_001/20220921_090000.WAV,Telephone Field,recover-20220922,001,1795
769.5855,769.6225,68437,82248,Rhinolophus ferrumequinum,0.024,0.024,-1,Echolocation,/mnt/ubna_data_02_mir/recover-20220922/UBNA_001/20220921_090000.WAV,Telephone Field,recover-20220922,001,1795
769.5955,769.6093,27187,32768,Eptesicus serotinus,0.014,0.033,-1,Echolocation,/mnt/ubna_data_02_mir/recover-20220922/UBNA_001/20220921_090000.WAV,Telephone Field,recover-20220922,001,1795
769.6065,769.6491,68437,82999,Rhinolophus ferrumequinum,0.033,0.034,-1,Echolocation,/mnt/ubna_data_02_mir/recover-20220922/UBNA_001/20220921_090000.WAV,Telephone Field,recover-20220922,001,1795
769.6165,769.6284,23750,29688,Nyctalus leisleri,0.011,0.023,-1,Echolocation,/mnt/ubna_data_02_mir/recover-20220922/UBNA_001/20220921_090000.WAV,Telephone Field,recover-20220922,001,1795
769.6395,769.6774,68437,81850,Rhinolophus ferrumequinum,0.025,0.025,-1,Echolocation,/mnt/ubna_data_02_mir/recover-20220922/UBNA_001/20220921_090000.WAV,Telephone Field,recover-20220922,001,1795
769.6635,769.7022,68437,82143,Rhinolophus ferrumequinum,0.025,0.025,-1,Echolocation,/mnt/ubna_data_02_mir/recover-20220922/UBNA_001/20220921_090000.WAV,Telephone Field,recover-20220922,001,1795
769.6995,769.7376,68437,81757,Rhinolophus ferrumequinum,0.022,0.022,-1,Echolocation,/mnt/ubna_data_02_mir/recover-20220922/UBNA_001/20220921_090000.WAV,Telephone Field,recover-20220922,001,1795
769.7035,769.7108,24609,35338,Plecotus auritus,0.015,0.041,-1,Echolocation,/mnt/ubna_data_02_mir/recover-20220922/UBNA_001/20220921_090000.WAV,Telephone Field,recover-20220922,001,1795
769.7615,769.7941,68437,80360,Rhinolophus ferrumequinum,0.037,0.037,-1,Echolocation,/mnt/ubna_data_02_mir/recover-20220922/UBNA_001/20220921_090000.WAV,Telephone Field,recover-20220922,001,1795
769.7785,769.7857,28046,39419,Eptesicus serotinus,0.007,0.022,-1,Echolocation,/mnt/ubna_data_02_mir/recover-20220922/UBNA_001/20220921_090000.WAV,Telephone Field,recover-20220922,001,1795
769.8075,769.8454,68437,81031,Rhinolophus ferrumequinum,0.022,0.022,-1,Echolocation,/mnt/ubna_data_02_mir/recover-20220922/UBNA_001/20220921_090000.WAV,Telephone Field,recover-20220922,001,1795
769.8885,769.9277,68437,82056,Rhinolophus ferrumequinum,0.023,0.023,-1,Echolocation,/mnt/ubna_data_02_mir/recover-20220922/UBNA_001/20220921_090000.WAV,Telephone Field,recover-20220922,001,1795
769.9375,769.9475,47812,57507,Pipistrellus pipistrellus,0.022,0.025,-1,Echolocation,/mnt/ubna_data_02_mir/recover-20220922/UBNA_001/20220921_090000.WAV,Telephone Field,recover-20220922,001,1795
769.9375,769.9805,68437,83813,Rhinolophus ferrumequinum,0.042,0.042,-1,Echolocation,/mnt/ubna_data_02_mir/recover-20220922/UBNA_001/20220921_090000.WAV,Telephone Field,recover-20220922,001,1795
769.9785,769.9901,22890,27185,Nyctalus leisleri,0.018,0.034,-1,Echolocation,/mnt/ubna_data_02_mir/recover-20220922/UBNA_001/20220921_090000.WAV,Telephone Field,recover-20220922,001,1795
770.0015,770.0326,68437,79547,Rhinolophus ferrumequinum,0.036,0.036,-1,Echolocation,/mnt/ubna_data_02_mir/recover-20220922/UBNA_001/20220921_090000.WAV,Telephone Field,recover-20220922,001,1795
770.0015,770.0107,26328,38884,Eptesicus serotinus,0.006,0.025,-1,Echolocation,/mnt/ubna_data_02_mir/recover-20220922/UBNA_001/20220921_090000.WAV,Telephone Field,recover-20220922,001,1795
770.0015,770.0125,46953,52346,Pipistrellus pipistrellus,0.026,0.032,-1,Echolocation,/mnt/ubna_data_02_mir/recover-20220922/UBNA_001/20220921_090000.WAV,Telephone Field,recover-20220922,001,1795
770.0215,770.0294,28046,37581,Eptesicus serotinus,0.007,0.021,-1,Echolocation,/mnt/ubna_data_02_mir/recover-20220922/UBNA_001/20220921_090000.WAV,Telephone Field,recover-20220922,001,1795
770.0535,770.0907,68437,81507,Rhinolophus ferrumequinum,0.021,0.021,-1,Echolocation,/mnt/ubna_data_02_mir/recover-20220922/UBNA_001/20220921_090000.WAV,Telephone Field,recover-20220922,001,1795
770.0785,770.1144,68437,81658,Rhinolophus ferrumequinum,0.02,0.02,-1,Echolocation,/mnt/ubna_data_02_mir/recover-20220922/UBNA_001/20220921_090000.WAV,Telephone Field,recover-20220922,001,1795
770.0795,770.0884,27187,37502,Eptesicus serotinus,0.011,0.028,-1,Echolocation,/mnt/ubna_data_02_mir/recover-20220922/UBNA_001/20220921_090000.WAV,Telephone Field,recover-20220922,001,1795
770.0955,770.1336,68437,82062,Rhinolophus ferrumequinum,0.021,0.021,-1,Echolocation,/mnt/ubna_data_02_mir/recover-20220922/UBNA_001/20220921_090000.WAV,Telephone Field,recover-20220922,001,1795
770.0975,770.1052999999999,23750,31298,Plecotus austriacus,0.011,0.026,-1,Echolocation,/mnt/ubna_data_02_mir/recover-20220922/UBNA_001/20220921_090000.WAV,Telephone Field,recover-20220922,001,1795
770.1195,770.1611,68437,83086,Rhinolophus ferrumequinum,0.031,0.031,-1,Echolocation,/mnt/ubna_data_02_mir/recover-20220922/UBNA_001/20220921_090000.WAV,Telephone Field,recover-20220922,001,1795
770.1465,770.1868,68437,82307,Rhinolophus ferrumequinum,0.027,0.027,-1,Echolocation,/mnt/ubna_data_02_mir/recover-20220922/UBNA_001/20220921_090000.WAV,Telephone Field,recover-20220922,001,1795
770.2145,770.2541,68437,82312,Rhinolophus ferrumequinum,0.021,0.021,-1,Echolocation,/mnt/ubna_data_02_mir/recover-20220922/UBNA_001/20220921_090000.WAV,Telephone Field,recover-20220922,001,1795
770.2285,770.2673,68437,83039,Rhinolophus ferrumequinum,0.029,0.029,-1,Echolocation,/mnt/ubna_data_02_mir/recover-20220922/UBNA_001/20220921_090000.WAV,Telephone Field,recover-20220922,001,1795
770.2825,770.2924,22890,29230,Nyctalus leisleri,0.008,0.022,-1,Echolocation,/mnt/ubna_data_02_mir/recover-20220922/UBNA_001/20220921_090000.WAV,Telephone Field,recover-20220922,001,1795
770.2825,770.2891,28046,38073,Eptesicus serotinus,0.006,0.023,-1,Echolocation,/mnt/ubna_data_02_mir/recover-20220922/UBNA_001/20220921_090000.WAV,Telephone Field,recover-20220922,001,1795
770.2885,770.327,68437,82230,Rhinolophus ferrumequinum,0.022,0.022,-1,Echolocation,/mnt/ubna_data_02_mir/recover-20220922/UBNA_001/20220921_090000.WAV,Telephone Field,recover-20220922,001,1795
770.3035,770.3108,24609,32603,Plecotus austriacus,0.009,0.023,-1,Echolocation,/mnt/ubna_data_02_mir/recover-20220922/UBNA_001/20220921_090000.WAV,Telephone Field,recover-20220922,001,1795
770.3095,770.3515,68437,83421,Rhinolophus ferrumequinum,0.026,0.026,-1,Echolocation,/mnt/ubna_data_02_mir/recover-20220922/UBNA_001/20220921_090000.WAV,Telephone Field,recover-20220922,001,1795
770.3245,770.3627,68437,82446,Rhinolophus ferrumequinum,0.021,0.021,-1,Echolocation,/mnt/ubna_data_02_mir/recover-20220922/UBNA_001/20220921_090000.WAV,Telephone Field,recover-20220922,001,1795
770.3795,770.4196,68437,82482,Rhinolophus ferrumequinum,0.022,0.022,-1,Echolocation,/mnt/ubna_data_02_mir/recover-20220922/UBNA_001/20220921_090000.WAV,Telephone Field,recover-20220922,001,1795
770.3855,770.4263,68437,82060,Rhinolophus ferrumequinum,0.021,0.021,-1,Echolocation,/mnt/ubna_data_02_mir/recover-20220922/UBNA_001/20220921_090000.WAV,Telephone Field,recover-20220922,001,1795
770.4115,770.4211,22890,29459,Nyctalus leisleri,0.008,0.023,-1,Echolocation,/mnt/ubna_data_02_mir/recover-20220922/UBNA_001/20220921_090000.WAV,Telephone Field,recover-20220922,001,1795
770.4375,770.4492,27187,33242,Eptesicus serotinus,0.028,0.054,-1,Echolocation,/mnt/ubna_data_02_mir/recover-20220922/UBNA_001/20220921_090000.WAV,Telephone Field,recover-20220922,001,1795
770.4715,770.5102,68437,82249,Rhinolophus ferrumequinum,0.02,0.02,-1,Echolocation,/mnt/ubna_data_02_mir/recover-20220922/UBNA_001/20220921_090000.WAV,Telephone Field,recover-20220922,001,1795
770.4725,770.4829,23750,29410,Nyctalus leisleri,0.009,0.022,-1,Echolocation,/mnt/ubna_data_02_mir/recover-20220922/UBNA_001/20220921_090000.WAV,Telephone Field,recover-20220922,001,1795
770.4785,770.5178,68437,81705,Rhinolophus ferrumequinum,0.021,0.021,-1,Echolocation,/mnt/ubna_data_02_mir/recover-20220922/UBNA_001/20220921_090000.WAV,Telephone Field,recover-20220922,001,1795
770.4875,770.4976,22890,27983,Nyctalus leisleri,0.012,0.026,-1,Echolocation,/mnt/ubna_data_02_mir/recover-20220922/UBNA_001/20220921_090000.WAV,Telephone Field,recover-20220922,001,1795
770.5025,770.5115,28906,38753,Eptesicus serotinus,0.009,0.025,-1,Echolocation,/mnt/ubna_data_02_mir/recover-20220922/UBNA_001/20220921_090000.WAV,Telephone Field,recover-20220922,001,1795
770.5205,770.5624,68437,82701,Rhinolophus ferrumequinum,0.025,0.025,-1,Echolocation,/mnt/ubna_data_02_mir/recover-20220922/UBNA_001/20220921_090000.WAV,Telephone Field,recover-20220922,001,1795
770.5245,770.5351,26328,35785,Eptesicus serotinus,0.012,0.027,-1,Echolocation,/mnt/ubna_data_02_mir/recover-20220922/UBNA_001/20220921_090000.WAV,Telephone Field,recover-20220922,001,1795
770.5305,770.5408,28906,35942,Eptesicus serotinus,0.01,0.026,-1,Echolocation,/mnt/ubna_data_02_mir/recover-20220922/UBNA_001/20220921_090000.WAV,Telephone Field,recover-20220922,001,1795
770.5745,770.6107,68437,81488,Rhinolophus ferrumequinum,0.022,0.022,-1,Echolocation,/mnt/ubna_data_02_mir/recover-20220922/UBNA_001/20220921_090000.WAV,Telephone Field,recover-20220922,001,1795
770.6225,770.6308,26328,35079,Eptesicus serotinus,0.008,0.025,-1,Echolocation,/mnt/ubna_data_02_mir/recover-20220922/UBNA_001/20220921_090000.WAV,Telephone Field,recover-20220922,001,1795
770.6495,770.6882,68437,81805,Rhinolophus ferrumequinum,0.02,0.02,-1,Echolocation,/mnt/ubna_data_02_mir/recover-20220922/UBNA_001/20220921_090000.WAV,Telephone Field,recover-20220922,001,1795
770.6595,770.6971,68437,81966,Rhinolophus ferrumequinum,0.023,0.023,-1,Echolocation,/mnt/ubna_data_02_mir/recover-20220922/UBNA_001/20220921_090000.WAV,Telephone Field,recover-20220922,001,1795
770.6775,770.7157,68437,81753,Rhinolophus ferrumequinum,0.022,0.022,-1,Echolocation,/mnt/ubna_data_02_mir/recover-20220922/UBNA_001/20220921_090000.WAV,Telephone Field,recover-20220922,001,1795
770.7095,770.7453,68437,81010,Rhinolophus ferrumequinum,0.021,0.021,-1,Echolocation,/mnt/ubna_data_02_mir/recover-20220922/UBNA_001/20220921_090000.WAV,Telephone Field,recover-20220922,001,1795
770.7515,770.792,68437,82564,Rhinolophus ferrumequinum,0.025,0.025,-1,Echolocation,/mnt/ubna_data_02_mir/recover-20220922/UBNA_001/20220921_090000.WAV,Telephone Field,recover-20220922,001,1795
770.7805,770.8176,68437,82116,Rhinolophus ferrumequinum,0.02,0.02,-1,Echolocation,/mnt/ubna_data_02_mir/recover-20220922/UBNA_001/20220921_090000.WAV,Telephone Field,recover-20220922,001,1795
770.8005,770.8377,68437,81620,Rhinolophus ferrumequinum,0.023,0.023,-1,Echolocation,/mnt/ubna_data_02_mir/recover-20220922/UBNA_001/20220921_090000.WAV,Telephone Field,recover-20220922,001,1795
770.8185,770.8573,68437,81510,Rhinolophus ferrumequinum,0.022,0.022,-1,Echolocation,/mnt/ubna_data_02_mir/recover-20220922/UBNA_001/20220921_090000.WAV,Telephone Field,recover-20220922,001,1795
770.8275,770.8402,22890,27027,Nyctalus leisleri,0.017,0.028,-1,Echolocation,/mnt/ubna_data_02_mir/recover-20220922/UBNA_001/20220921_090000.WAV,Telephone Field,recover-20220922,001,1795
770.8405,770.8767,68437,81919,Rhinolophus ferrumequinum,0.024,0.024,-1,Echolocation,/mnt/ubna_data_02_mir/recover-20220922/UBNA_001/20220921_090000.WAV,Telephone Field,recover-20220922,001,1795
770.8665,770.8815,22031,25932,Nyctalus leisleri,0.014,0.024,-1,Echolocation,/mnt/ubna_data_02_mir/recover-20220922/UBNA_001/20220921_090000.WAV,Telephone Field,recover-20220922,001,1795
770.8725,770.9114,68437,82591,Rhinolophus ferrumequinum,0.023,0.023,-1,Echolocation,/mnt/ubna_data_02_mir/recover-20220922/UBNA_001/20220921_090000.WAV,Telephone Field,recover-20220922,001,1795
770.8915,770.8991,28906,39197,Eptesicus serotinus,0.006,0.021,-1,Echolocation,/mnt/ubna_data_02_mir/recover-20220922/UBNA_001/20220921_090000.WAV,Telephone Field,recover-20220922,001,1795
770.9014999999999,770.9093,28906,39252,Eptesicus serotinus,0.006,0.021,-1,Echolocation,/mnt/ubna_data_02_mir/recover-20220922/UBNA_001/20220921_090000.WAV,Telephone Field,recover-20220922,001,1795
770.9255,770.9662,68437,82902,Rhinolophus ferrumequinum,0.042,0.042,-1,Echolocation,/mnt/ubna_data_02_mir/recover-20220922/UBNA_001/20220921_090000.WAV,Telephone Field,recover-20220922,001,1795
770.9315,770.9408,28906,37246,Eptesicus serotinus,0.008,0.022,-1,Echolocation,/mnt/ubna_data_02_mir/recover-20220922/UBNA_001/20220921_090000.WAV,Telephone Field,recover-20220922,001,1795
770.9345,770.9766,68437,82617,Rhinolophus ferrumequinum,0.027,0.027,-1,Echolocation,/mnt/ubna_data_02_mir/recover-20220922/UBNA_001/20220921_090000.WAV,Telephone Field,recover-20220922,001,1795
770.9445,770.9556,22890,28494,Nyctalus leisleri,0.01,0.022,-1,Echolocation,/mnt/ubna_data_02_mir/recover-20220922/UBNA_001/20220921_090000.WAV,Telephone Field,recover-20220922,001,1795
770.9485,770.9607,53828,57298,Pipistrellus pygmaeus,0.059,0.062,-1,Echolocation,/mnt/ubna_data_02_mir/recover-20220922/UBNA_001/20220921_090000.WAV,Telephone Field,recover-20220922,001,1795
771.0105,771.0484,68437,81686,Rhinolophus ferrumequinum,0.02,0.02,-1,Echolocation,/mnt/ubna_data_02_mir/recover-20220922/UBNA_001/20220921_090000.WAV,Telephone Field,recover-20220922,001,1795
771.0475,771.088,68437,82499,Rhinolophus ferrumequinum,0.025,0.025,-1,Echolocation,/mnt/ubna_data_02_mir/recover-20220922/UBNA_001/20220921_090000.WAV,Telephone Field,recover-20220922,001,1795
771.0735,771.1161,68437,83051,Rhinolophus ferrumequinum,0.035,0.035,-1,Echolocation,/mnt/ubna_data_02_mir/recover-20220922/UBNA_001/20220921_090000.WAV,Telephone Field,recover-20220922,001,1795
771.1145,771.1517,68437,81255,Rhinolophus ferrumequinum,0.02,0.021,-1,Echolocation,/mnt/ubna_data_02_mir/recover-20220922/UBNA_001/20220921_090000.WAV,Telephone Field,recover-20220922,001,1795
771.1285,771.1683,68437,81777,Rhinolophus ferrumequinum,0.02,0.021,-1,Echolocation,/mnt/ubna_data_02_mir/recover-20220922/UBNA_001/20220921_090000.WAV,Telephone Field,recover-20220922,001,1795
771.1545,771.1639,28046,35566,Eptesicus serotinus,0.015,0.033,-1,Echolocation,/mnt/ubna_data_02_mir/recover-20220922/UBNA_001/20220921_090000.WAV,Telephone Field,recover-20220922,001,1795
771.1615,771.196,68437,81394,Rhinolophus ferrumequinum,0.02,0.02,-1,Echolocation,/mnt/ubna_data_02_mir/recover-20220922/UBNA_001/20220921_090000.WAV,Telephone Field,recover-20220922,001,1795
771.1755,771.2178,68437,82810,Rhinolophus ferrumequinum,0.031,0.031,-1,Echolocation,/mnt/ubna_data_02_mir/recover-20220922/UBNA_001/20220921_090000.WAV,Telephone Field,recover-20220922,001,1795
771.2335,771.2727,68437,82297,Rhinolophus ferrumequinum,0.026,0.026,-1,Echolocation,/mnt/ubna_data_02_mir/recover-20220922/UBNA_001/20220921_090000.WAV,Telephone Field,recover-20220922,001,1795
771.2525,771.2883,68437,81700,Rhinolophus ferrumequinum,0.022,0.022,-1,Echolocation,/mnt/ubna_data_02_mir/recover-20220922/UBNA_001/20220921_090000.WAV,Telephone Field,recover-20220922,001,1795
771.2635,771.27,28046,39053,Eptesicus serotinus,0.005,0.021,-1,Echolocation,/mnt/ubna_data_02_mir/recover-20220922/UBNA_001/20220921_090000.WAV,Telephone Field,recover-20220922,001,1795
771.2795,771.3183,68437,81781,Rhinolophus ferrumequinum,0.021,0.021,-1,Echolocation,/mnt/ubna_data_02_mir/recover-20220922/UBNA_001/20220921_090000.WAV,Telephone Field,recover-20220922,001,1795
771.3195,771.3578,68437,82200,Rhinolophus ferrumequinum,0.021,0.021,-1,Echolocation,/mnt/ubna_data_02_mir/recover-20220922/UBNA_001/20220921_090000.WAV,Telephone Field,recover-20220922,001,1795
771.3215,771.3303,23750,31886,Plecotus austriacus,0.006,0.02,-1,Echolocation,/mnt/ubna_data_02_mir/recover-20220922/UBNA_001/20220921_090000.WAV,Telephone Field,recover-20220922,001,1795
771.3495,771.36,23750,29853,Nyctalus leisleri,0.009,0.022,-1,Echolocation,/mnt/ubna_data_02_mir/recover-20220922/UBNA_001/20220921_090000.WAV,Telephone Field,recover-20220922,001,1795
771.3635,771.3706999999999,26328,39230,Eptesicus serotinus,0.006,0.023,-1,Echolocation,/mnt/ubna_data_02_mir/recover-20220922/UBNA_001/20220921_090000.WAV,Telephone Field,recover-20220922,001,1795
771.3635,771.4014999999999,68437,82211,Rhinolophus ferrumequinum,0.022,0.022,-1,Echolocation,/mnt/ubna_data_02_mir/recover-20220922/UBNA_001/20220921_090000.WAV,Telephone Field,recover-20220922,001,1795
771.4125,771.4509,68437,82696,Rhinolophus ferrumequinum,0.024,0.024,-1,Echolocation,/mnt/ubna_data_02_mir/recover-20220922/UBNA_001/20220921_090000.WAV,Telephone Field,recover-20220922,001,1795
771.4275,771.4686,68437,82664,Rhinolophus ferrumequinum,0.03,0.03,-1,Echolocation,/mnt/ubna_data_02_mir/recover-20220922/UBNA_001/20220921_090000.WAV,Telephone Field,recover-20220922,001,1795
771.4715,771.4786,28906,38505,Eptesicus serotinus,0.006,0.02,-1,Echolocation,/mnt/ubna_data_02_mir/recover-20220922/UBNA_001/20220921_090000.WAV,Telephone Field,recover-20220922,001,1795
771.4845,771.5173,68437,80409,Rhinolophus ferrumequinum,0.022,0.022,-1,Echolocation,/mnt/ubna_data_02_mir/recover-20220922/UBNA_001/20220921_090000.WAV,Telephone Field,recover-20220922,001,1795
771.5085,771.5492,68437,82854,Rhinolophus ferrumequinum,0.022,0.022,-1,Echolocation,/mnt/ubna_data_02_mir/recover-20220922/UBNA_001/20220921_090000.WAV,Telephone Field,recover-20220922,001,1795
771.5335,771.5745,68437,82703,Rhinolophus ferrumequinum,0.023,0.023,-1,Echolocation,/mnt/ubna_data_02_mir/recover-20220922/UBNA_001/20220921_090000.WAV,Telephone Field,recover-20220922,001,1795
771.5595,771.566,28046,39643,Eptesicus serotinus,0.006,0.026,-1,Echolocation,/mnt/ubna_data_02_mir/recover-20220922/UBNA_001/20220921_090000.WAV,Telephone Field,recover-20220922,001,1795
771.6125,771.6512,68437,82421,Rhinolophus ferrumequinum,0.023,0.023,-1,Echolocation,/mnt/ubna_data_02_mir/recover-20220922/UBNA_001/20220921_090000.WAV,Telephone Field,recover-20220922,001,1795
771.6195,771.6582,68437,82024,Rhinolophus ferrumequinum,0.022,0.022,-1,Echolocation,/mnt/ubna_data_02_mir/recover-20220922/UBNA_001/20220921_090000.WAV,Telephone Field,recover-20220922,001,1795
771.6355,771.6721,68437,81177,Rhinolophus ferrumequinum,0.028,0.028,-1,Echolocation,/mnt/ubna_data_02_mir/recover-20220922/UBNA_001/20220921_090000.WAV,Telephone Field,recover-20220922,001,1795
771.6435,771.6848,68437,82988,Rhinolophus ferrumequinum,0.033,0.033,-1,Echolocation,/mnt/ubna_data_02_mir/recover-20220922/UBNA_001/20220921_090000.WAV,Telephone Field,recover-20220922,001,1795
771.6785,771.6888,28906,35259,Eptesicus serotinus,0.008,0.021,-1,Echolocation,/mnt/ubna_data_02_mir/recover-20220922/UBNA_001/20220921_090000.WAV,Telephone Field,recover-20220922,001,1795
771.6845,771.7237,68437,81906,Rhinolophus ferrumequinum,0.029,0.029,-1,Echolocation,/mnt/ubna_data_02_mir/recover-20220922/UBNA_001/20220921_090000.WAV,Telephone Field,recover-20220922,001,1795
771.7015,771.7132,34062,38017,Pipistrellus nathusii,0.045,0.149,-1,Echolocation,/mnt/ubna_data_02_mir/recover-20220922/UBNA_001/20220921_090000.WAV,Telephone Field,recover-20220922,001,1795
771.7245,771.7336,28906,37771,Eptesicus serotinus,0.007,0.021,-1,Echolocation,/mnt/ubna_data_02_mir/recover-20220922/UBNA_001/20220921_090000.WAV,Telephone Field,recover-20220922,001,1795
771.7375,771.7764,68437,82437,Rhinolophus ferrumequinum,0.021,0.021,-1,Echolocation,/mnt/ubna_data_02_mir/recover-20220922/UBNA_001/20220921_090000.WAV,Telephone Field,recover-20220922,001,1795
771.7545,771.7616,25468,35962,Plecotus austriacus,0.012,0.036,-1,Echolocation,/mnt/ubna_data_02_mir/recover-20220922/UBNA_001/20220921_090000.WAV,Telephone Field,recover-20220922,001,1795
771.7655,771.8025,68437,81134,Rhinolophus ferrumequinum,0.021,0.021,-1,Echolocation,/mnt/ubna_data_02_mir/recover-20220922/UBNA_001/20220921_090000.WAV,Telephone Field,recover-20220922,001,1795
771.8065,771.8458,68437,82642,Rhinolophus ferrumequinum,0.023,0.023,-1,Echolocation,/mnt/ubna_data_02_mir/recover-20220922/UBNA_001/20220921_090000.WAV,Telephone Field,recover-20220922,001,1795
771.8325,771.8638,68437,79497,Rhinolophus ferrumequinum,0.022,0.023,-1,Echolocation,/mnt/ubna_data_02_mir/recover-20220922/UBNA_001/20220921_090000.WAV,Telephone Field,recover-20220922,001,1795
771.8395,771.8488,44375,53596,Pipistrellus pipistrellus,0.014,0.023,-1,Echolocation,/mnt/ubna_data_02_mir/recover-20220922/UBNA_001/20220921_090000.WAV,Telephone Field,recover-20220922,001,1795
771.8445,771.8814,68437,81916,Rhinolophus ferrumequinum,0.023,0.023,-1,Echolocation,/mnt/ubna_data_02_mir/recover-20220922/UBNA_001/20220921_090000.WAV,Telephone Field,recover-20220922,001,1795
771.8765,771.9185,68437,82563,Rhinolophus ferrumequinum,0.024,0.024,-1,Echolocation,/mnt/ubna_data_02_mir/recover-20220922/UBNA_001/20220921_090000.WAV,Telephone Field,recover-20220922,001,1795
771.8935,771.9321,68437,81982,Rhinolophus ferrumequinum,0.022,0.022,-1,Echolocation,/mnt/ubna_data_02_mir/recover-20220922/UBNA_001/20220921_090000.WAV,Telephone Field,recover-20220922,001,1795
771.9135,771.9218,26328,36874,Eptesicus serotinus,0.007,0.02,-1,Echolocation,/mnt/ubna_data_02_mir/recover-20220922/UBNA_001/20220921_090000.WAV,Telephone Field,recover-20220922,001,1795
771.9315,771.9685,68437,81527,Rhinolophus ferrumequinum,0.022,0.022,-1,Echolocation,/mnt/ubna_data_02_mir/recover-20220922/UBNA_001/20220921_090000.WAV,Telephone Field,recover-20220922,001,1795
771.9765,771.9843,28906,38406,Eptesicus serotinus,0.007,0.025,-1,Echolocation,/mnt/ubna_data_02_mir/recover-20220922/UBNA_001/20220921_090000.WAV,Telephone Field,recover-20220922,001,1795
772.0015,772.0319,68437,81194,Rhinolophus ferrumequinum,0.076,0.076,-1,Echolocation,/mnt/ubna_data_02_mir/recover-20220922/UBNA_001/20220921_090000.WAV,Telephone Field,recover-20220922,001,1795
772.0015,772.018,17734,22362,Nyctalus leisleri,0.012,0.029,-1,Echolocation,/mnt/ubna_data_02_mir/recover-20220922/UBNA_001/20220921_090000.WAV,Telephone Field,recover-20220922,001,1795
772.0015,772.0094,48671,56130,Pipistrellus pipistrellus,0.016,0.024,-1,Echolocation,/mnt/ubna_data_02_mir/recover-20220922/UBNA_001/20220921_090000.WAV,Telephone Field,recover-20220922,001,1795
772.0115,772.0509,68437,81588,Rhinolophus ferrumequinum,0.024,0.024,-1,Echolocation,/mnt/ubna_data_02_mir/recover-20220922/UBNA_001/20220921_090000.WAV,Telephone Field,recover-20220922,001,1795
772.0285,772.0407,24609,29984,Nyctalus leisleri,0.015,0.032,-1,Echolocation,/mnt/ubna_data_02_mir/recover-20220922/UBNA_001/20220921_090000.WAV,Telephone Field,recover-20220922,001,1795
772.0445,772.0545,27187,36003,Eptesicus serotinus,0.014,0.027,-1,Echolocation,/mnt/ubna_data_02_mir/recover-20220922/UBNA_001/20220921_090000.WAV,Telephone Field,recover-20220922,001,1795
772.0615,772.0982,68437,82201,Rhinolophus ferrumequinum,0.024,0.024,-1,Echolocation,/mnt/ubna_data_02_mir/recover-20220922/UBNA_001/20220921_090000.WAV,Telephone Field,recover-20220922,001,1795
772.0785,772.1161,68437,81624,Rhinolophus ferrumequinum,0.021,0.021,-1,Echolocation,/mnt/ubna_data_02_mir/recover-20220922/UBNA_001/20220921_090000.WAV,Telephone Field,recover-20220922,001,1795
772.0875,772.1245,68437,82016,Rhinolophus ferrumequinum,0.026,0.026,-1,Echolocation,/mnt/ubna_data_02_mir/recover-20220922/UBNA_001/20220921_090000.WAV,Telephone Field,recover-20220922,001,1795
772.0895,772.0992,28906,37214,Eptesicus serotinus,0.008,0.021,-1,Echolocation,/mnt/ubna_data_02_mir/recover-20220922/UBNA_001/20220921_090000.WAV,Telephone Field,recover-20220922,001,1795
772.1175,772.1573,68437,82751,Rhinolophus ferrumequinum,0.022,0.022,-1,Echolocation,/mnt/ubna_data_02_mir/recover-20220922/UBNA_001/20220921_090000.WAV,Telephone Field,recover-20220922,001,1795
772.1265,772.1666,68437,81981,Rhinolophus ferrumequinum,0.023,0.023,-1,Echolocation,/mnt/ubna_data_02_mir/recover-20220922/UBNA_001/20220921_090000.WAV,Telephone Field,recover-20220922,001,1795
772.1645,772.2038,68437,82846,Rhinolophus ferrumequinum,0.021,0.021,-1,Echolocation,/mnt/ubna_data_02_mir/recover-20220922/UBNA_001/20220921_090000.WAV,Telephone Field,recover-20220922,001,1795
772.2275,772.2647,68437,81680,Rhinolophus ferrumequinum,0.022,0.022,-1,Echolocation,/mnt/ubna_data_02_mir/recover-20220922/UBNA_001/20220921_090000.WAV,Telephone Field,recover-20220922,001,1795
772.2405,772.2515,23750,29522,Nyctalus leisleri,0.009,0.022,-1,Echolocation,/mnt/ubna_data_02_mir/recover-20220922/UBNA_001/20220921_090000.WAV,Telephone Field,recover-20220922,001,1795
772.2435,772.2662,64140,70890,Pipistrellus pygmaeus,0.023,0.025,-1,Echolocation,/mnt/ubna_data_02_mir/recover-20220922/UBNA_001/20220921_090000.WAV,Telephone Field,recover-20220922,001,1795
772.2815,772.3193,68437,83331,Rhinolophus ferrumequinum,0.022,0.022,-1,Echolocation,/mnt/ubna_data_02_mir/recover-20220922/UBNA_001/20220921_090000.WAV,Telephone Field,recover-20220922,001,1795
772.2825,772.2915,27187,37293,Eptesicus serotinus,0.008,0.022,-1,Echolocation,/mnt/ubna_data_02_mir/recover-20220922/UBNA_001/20220921_090000.WAV,Telephone Field,recover-20220922,001,1795
772.3135,772.3533,68437,82530,Rhinolophus ferrumequinum,0.023,0.023,-1,Echolocation,/mnt/ubna_data_02_mir/recover-20220922/UBNA_001/20220921_090000.WAV,Telephone Field,recover-20220922,001,1795
772.3145,772.3254,27187,33263,Eptesicus serotinus,0.01,0.022,-1,Echolocation,/mnt/ubna_data_02_mir/recover-20220922/UBNA_001/20220921_090000.WAV,Telephone Field,recover-20220922,001,1795
772.3215,772.3609,68437,82941,Rhinolophus ferrumequinum,0.025,0.025,-1,Echolocation,/mnt/ubna_data_02_mir/recover-20220922/UBNA_001/20220921_090000.WAV,Telephone Field,recover-20220922,001,1795
772.3295,772.371,68437,82765,Rhinolophus ferrumequinum,0.025,0.026,-1,Echolocation,/mnt/ubna_data_02_mir/recover-20220922/UBNA_001/20220921_090000.WAV,Telephone Field,recover-20220922,001,1795
772.3535,772.3935,68437,82367,Rhinolophus ferrumequinum,0.023,0.023,-1,Echolocation,/mnt/ubna_data_02_mir/recover-20220922/UBNA_001/20220921_090000.WAV,Telephone Field,recover-20220922,001,1795
772.3665,772.375,46953,51816,Pipistrellus pipistrellus,0.02,0.021,-1,Echolocation,/mnt/ubna_data_02_mir/recover-20220922/UBNA_001/20220921_090000.WAV,Telephone Field,recover-20220922,001,1795
772.3735,772.3819,27187,38566,Eptesicus serotinus,0.008,0.022,-1,Echolocation,/mnt/ubna_data_02_mir/recover-20220922/UBNA_001/20220921_090000.WAV,Telephone Field,recover-20220922,001,1795
772.4285,772.467,68437,81866,Rhinolophus ferrumequinum,0.021,0.021,-1,Echolocation,/mnt/ubna_data_02_mir/recover-20220922/UBNA_001/20220921_090000.WAV,Telephone Field,recover-20220922,001,1795
772.4475,772.484,68437,81888,Rhinolophus ferrumequinum,0.021,0.021,-1,Echolocation,/mnt/ubna_data_02_mir/recover-20220922/UBNA_001/20220921_090000.WAV,Telephone Field,recover-20220922,001,1795
772.4585,772.4695,28906,37277,Eptesicus serotinus,0.012,0.025,-1,Echolocation,/mnt/ubna_data_02_mir/recover-20220922/UBNA_001/20220921_090000.WAV,Telephone Field,recover-20220922,001,1795
772.4665,772.4775,29765,35688,Eptesicus serotinus,0.01,0.025,-1,Echolocation,/mnt/ubna_data_02_mir/recover-20220922/UBNA_001/20220921_090000.WAV,Telephone Field,recover-20220922,001,1795
772.5245,772.5628,68437,82297,Rhinolophus ferrumequinum,0.026,0.026,-1,Echolocation,/mnt/ubna_data_02_mir/recover-20220922/UBNA_001/20220921_090000.WAV,Telephone Field,recover-20220922,001,1795
772.6015,772.6104,47812,51594,Pipistrellus pipistrellus,0.027,0.029,-1,Echolocation,/mnt/ubna_data_02_mir/recover-20220922/UBNA_001/20220921_090000.WAV,Telephone Field,recover-20220922,001,1795
772.6025,772.6399,68437,82547,Rhinolophus ferrumequinum,0.025,0.025,-1,Echolocation,/mnt/ubna_data_02_mir/recover-20220922/UBNA_001/20220921_090000.WAV,Telephone Field,recover-20220922,001,1795
772.6315,772.6714,68437,82541,Rhinolophus ferrumequinum,0.022,0.022,-1,Echolocation,/mnt/ubna_data_02_mir/recover-20220922/UBNA_001/20220921_090000.WAV,Telephone Field,recover-20220922,001,1795
772.6335,772.6438,22890,27830,Nyctalus leisleri,0.011,0.022,-1,Echolocation,/mnt/ubna_data_02_mir/recover-20220922/UBNA_001/20220921_090000.WAV,Telephone Field,recover-20220922,001,1795
772.6675,772.6807,23750,28714,Nyctalus leisleri,0.017,0.035,-1,Echolocation,/mnt/ubna_data_02_mir/recover-20220922/UBNA_001/20220921_090000.WAV,Telephone Field,recover-20220922,001,1795
772.6685,772.7062,68437,81793,Rhinolophus ferrumequinum,0.023,0.023,-1,Echolocation,/mnt/ubna_data_02_mir/recover-20220922/UBNA_001/20220921_090000.WAV,Telephone Field,recover-20220922,001,1795
772.6825,772.7174,68437,80937,Rhinolophus ferrumequinum,0.022,0.022,-1,Echolocation,/mnt/ubna_data_02_mir/recover-20220922/UBNA_001/20220921_090000.WAV,Telephone Field,recover-20220922,001,1795
772.7115,772.7526,68437,82704,Rhinolophus ferrumequinum,0.022,0.022,-1,Echolocation,/mnt/ubna_data_02_mir/recover-20220922/UBNA_001/20220921_090000.WAV,Telephone Field,recover-20220922,001,1795
772.8145,772.822,29765,39750,Eptesicus serotinus,0.01,0.033,-1,Echolocation,/mnt/ubna_data_02_mir/recover-20220922/UBNA_001/20220921_090000.WAV,Telephone Field,recover-20220922,001,1795
772.8155,772.8537,68437,82036,Rhinolophus ferrumequinum,0.022,0.022,-1,Echolocation,/mnt/ubna_data_02_mir/recover-20220922/UBNA_001/20220921_090000.WAV,Telephone Field,recover-20220922,001,1795
772.8385,772.8784,68437,82474,Rhinolophus ferrumequinum,0.022,0.022,-1,Echolocation,/mnt/ubna_data_02_mir/recover-20220922/UBNA_001/20220921_090000.WAV,Telephone Field,recover-20220922,001,1795
772.8415,772.8587,21171,24210,Nyctalus leisleri,0.018,0.028,-1,Echolocation,/mnt/ubna_data_02_mir/recover-20220922/UBNA_001/20220921_090000.WAV,Telephone Field,recover-20220922,001,1795
772.8665,772.8744,24609,33347,Plecotus austriacus,0.006,0.022,-1,Echolocation,/mnt/ubna_data_02_mir/recover-20220922/UBNA_001/20220921_090000.WAV,Telephone Field,recover-20220922,001,1795
772.9035,772.9427,68437,82358,Rhinolophus ferrumequinum,0.025,0.025,-1,Echolocation,/mnt/ubna_data_02_mir/recover-20220922/UBNA_001/20220921_090000.WAV,Telephone Field,recover-20220922,001,1795
772.9065,772.9177999999999,22890,27990,Nyctalus leisleri,0.01,0.022,-1,Echolocation,/mnt/ubna_data_02_mir/recover-20220922/UBNA_001/20220921_090000.WAV,Telephone Field,recover-20220922,001,1795
772.9215,772.962,68437,82509,Rhinolophus ferrumequinum,0.024,0.024,-1,Echolocation,/mnt/ubna_data_02_mir/recover-20220922/UBNA_001/20220921_090000.WAV,Telephone Field,recover-20220922,001,1795
772.9525,772.9901,68437,81826,Rhinolophus ferrumequinum,0.024,0.024,-1,Echolocation,/mnt/ubna_data_02_mir/recover-20220922/UBNA_001/20220921_090000.WAV,Telephone Field,recover-20220922,001,1795
772.9775,773.0162,68437,82396,Rhinolophus ferrumequinum,0.021,0.021,-1,Echolocation,/mnt/ubna_data_02_mir/recover-20220922/UBNA_001/20220921_090000.WAV,Telephone Field,recover-20220922,001,1795
772.9775,772.9872,28906,38315,Eptesicus serotinus,0.01,0.024,-1,Echolocation,/mnt/ubna_data_02_mir/recover-20220922/UBNA_001/20220921_090000.WAV,Telephone Field,recover-20220922,001,1795
773.0315,773.07,68437,82276,Rhinolophus ferrumequinum,0.023,0.023,-1,Echolocation,/mnt/ubna_data_02_mir/recover-20220922/UBNA_001/20220921_090000.WAV,Telephone Field,recover-20220922,001,1795
773.0335,773.0402,24609,34267,Plecotus austriacus,0.009,0.025,-1,Echolocation,/mnt/ubna_data_02_mir/recover-20220922/UBNA_001/20220921_090000.WAV,Telephone Field,recover-20220922,001,1795
773.0495,773.0863,68437,81811,Rhinolophus ferrumequinum,0.022,0.022,-1,Echolocation,/mnt/ubna_data_02_mir/recover-20220922/UBNA_001/20220921_090000.WAV,Telephone Field,recover-20220922,001,1795
773.0845,773.0925,28046,40668,Eptesicus serotinus,0.01,0.027,-1,Echolocation,/mnt/ubna_data_02_mir/recover-20220922/UBNA_001/20220921_090000.WAV,Telephone Field,recover-20220922,001,1795
773.0955,773.1378,68437,82931,Rhinolophus ferrumequinum,0.032,0.032,-1,Echolocation,/mnt/ubna_data_02_mir/recover-20220922/UBNA_001/20220921_090000.WAV,Telephone Field,recover-20220922,001,1795
773.1135,773.153,68437,82662,Rhinolophus ferrumequinum,0.028,0.028,-1,Echolocation,/mnt/ubna_data_02_mir/recover-20220922/UBNA_001/20220921_090000.WAV,Telephone Field,recover-20220922,001,1795
773.1155,773.1266,28906,35600,Eptesicus serotinus,0.115,0.157,-1,Echolocation,/mnt/ubna_data_02_mir/recover-20220922/UBNA_001/20220921_090000.WAV,Telephone Field,recover-20220922,001,1795
773.1925,773.2035,27187,35432,Eptesicus serotinus,0.014,0.026,-1,Echolocation,/mnt/ubna_data_02_mir/recover-20220922/UBNA_001/20220921_090000.WAV,Telephone Field,recover-20220922,001,1795
773.2505,773.2577,33203,44325,Myotis daubentonii,0.01,0.023,-1,Echolocation,/mnt/ubna_data_02_mir/recover-20220922/UBNA_001/20220921_090000.WAV,Telephone Field,recover-20220922,001,1795
773.2505,773.2879,68437,81299,Rhinolophus ferrumequinum,0.023,0.023,-1,Echolocation,/mnt/ubna_data_02_mir/recover-20220922/UBNA_001/20220921_090000.WAV,Telephone Field,recover-20220922,001,1795
773.2515,773.2592,28906,42589,Eptesicus serotinus,0.008,0.023,-1,Echolocation,/mnt/ubna_data_02_mir/recover-20220922/UBNA_001/20220921_090000.WAV,Telephone Field,recover-20220922,001,1795
773.2795,773.3177,68437,82589,Rhinolophus ferrumequinum,0.021,0.021,-1,Echolocation,/mnt/ubna_data_02_mir/recover-20220922/UBNA_001/20220921_090000.WAV,Telephone Field,recover-20220922,001,1795
773.2815,773.29,27187,36791,Eptesicus serotinus,0.01,0.024,-1,Echolocation,/mnt/ubna_data_02_mir/recover-20220922/UBNA_001/20220921_090000.WAV,Telephone Field,recover-20220922,001,1795
773.2885,773.2974,45234,49162,Pipistrellus pipistrellus,0.02,0.021,-1,Echolocation,/mnt/ubna_data_02_mir/recover-20220922/UBNA_001/20220921_090000.WAV,Telephone Field,recover-20220922,001,1795
773.2895,773.3002,23750,29552,Nyctalus leisleri,0.01,0.024,-1,Echolocation,/mnt/ubna_data_02_mir/recover-20220922/UBNA_001/20220921_090000.WAV,Telephone Field,recover-20220922,001,1795
773.2975,773.3316,68437,80902,Rhinolophus ferrumequinum,0.021,0.021,-1,Echolocation,/mnt/ubna_data_02_mir/recover-20220922/UBNA_001/20220921_090000.WAV,Telephone Field,recover-20220922,001,1795
773.3355,773.3439,28906,38056,Eptesicus serotinus,0.007,0.021,-1,Echolocation,/mnt/ubna_data_02_mir/recover-20220922/UBNA_001/20220921_090000.WAV,Telephone Field,recover-20220922,001,1795
773.3715,773.3831,29765,35096,Eptesicus serotinus,0.021,0.038,-1,Echolocation,/mnt/ubna_data_02_mir/recover-20220922/UBNA_001/20220921_090000.WAV,Telephone Field,recover-20220922,001,1795
773.4585,773.47,23750,29847,Nyctalus leisleri,0.013,0.029,-1,Echolocation,/mnt/ubna_data_02_mir/recover-20220922/UBNA_001/20220921_090000.WAV,Telephone Field,recover-20220922,001,1795
773.4625,773.4986,68437,81311,Rhinolophus ferrumequinum,0.021,0.022,-1,Echolocation,/mnt/ubna_data_02_mir/recover-20220922/UBNA_001/20220921_090000.WAV,Telephone Field,recover-20220922,001,1795
773.4885,773.4998,55546,59861,Pipistrellus pygmaeus,0.02,0.021,-1,Echolocation,/mnt/ubna_data_02_mir/recover-20220922/UBNA_001/20220921_090000.WAV,Telephone Field,recover-20220922,001,1795
773.4925,773.5306,68437,81612,Rhinolophus ferrumequinum,0.021,0.021,-1,Echolocation,/mnt/ubna_data_02_mir/recover-20220922/UBNA_001/20220921_090000.WAV,Telephone Field,recover-20220922,001,1795
773.4935,773.5011,35781,46777,Myotis daubentonii,0.009,0.032,-1,Echolocation,/mnt/ubna_data_02_mir/recover-20220922/UBNA_001/20220921_090000.WAV,Telephone Field,recover-20220922,001,1795
773.4945,773.5023,25468,39510,Eptesicus serotinus,0.006,0.026,-1,Echolocation,/mnt/ubna_data_02_mir/recover-20220922/UBNA_001/20220921_090000.WAV,Telephone Field,recover-20220922,001,1795
773.5055,773.5432,68437,82029,Rhinolophus ferrumequinum,0.021,0.021,-1,Echolocation,/mnt/ubna_data_02_mir/recover-20220922/UBNA_001/20220921_090000.WAV,Telephone Field,recover-20220922,001,1795
773.5715,773.5822000000001,22031,26671,Nyctalus leisleri,0.013,0.026,-1,Echolocation,/mnt/ubna_data_02_mir/recover-20220922/UBNA_001/20220921_090000.WAV,Telephone Field,recover-20220922,001,1795
773.6005,773.6092,28906,39000,Eptesicus serotinus,0.008,0.021,-1,Echolocation,/mnt/ubna_data_02_mir/recover-20220922/UBNA_001/20220921_090000.WAV,Telephone Field,recover-20220922,001,1795
773.6015,773.6102,24609,32498,Eptesicus serotinus,0.006,0.021,-1,Echolocation,/mnt/ubna_data_02_mir/recover-20220922/UBNA_001/20220921_090000.WAV,Telephone Field,recover-20220922,001,1795
773.6525,773.6893,68437,81766,Rhinolophus ferrumequinum,0.023,0.023,-1,Echolocation,/mnt/ubna_data_02_mir/recover-20220922/UBNA_001/20220921_090000.WAV,Telephone Field,recover-20220922,001,1795
773.7105,773.7484,68437,81825,Rhinolophus ferrumequinum,0.021,0.021,-1,Echolocation,/mnt/ubna_data_02_mir/recover-20220922/UBNA_001/20220921_090000.WAV,Telephone Field,recover-20220922,001,1795
773.7115,773.7222,22890,28934,Nyctalus leisleri,0.009,0.023,-1,Echolocation,/mnt/ubna_data_02_mir/recover-20220922/UBNA_001/20220921_090000.WAV,Telephone Field,recover-20220922,001,1795
773.7165,773.7252,28046,38709,Eptesicus serotinus,0.007,0.022,-1,Echolocation,/mnt/ubna_data_02_mir/recover-20220922/UBNA_001/20220921_090000.WAV,Telephone Field,recover-20220922,001,1795
773.7215,773.7622,68437,82456,Rhinolophus ferrumequinum,0.025,0.025,-1,Echolocation,/mnt/ubna_data_02_mir/recover-20220922/UBNA_001/20220921_090000.WAV,Telephone Field,recover-20220922,001,1795
773.7225,773.7314,28906,38313,Eptesicus serotinus,0.007,0.022,-1,Echolocation,/mnt/ubna_data_02_mir/recover-20220922/UBNA_001/20220921_090000.WAV,Telephone Field,recover-20220922,001,1795
773.7905,773.7998,28906,41240,Eptesicus serotinus,0.012,0.029,-1,Echolocation,/mnt/ubna_data_02_mir/recover-20220922/UBNA_001/20220921_090000.WAV,Telephone Field,recover-20220922,001,1795
773.8035,773.8422,68437,82151,Rhinolophus ferrumequinum,0.022,0.022,-1,Echolocation,/mnt/ubna_data_02_mir/recover-20220922/UBNA_001/20220921_090000.WAV,Telephone Field,recover-20220922,001,1795
773.8295,773.8684,68437,83064,Rhinolophus ferrumequinum,0.027,0.027,-1,Echolocation,/mnt/ubna_data_02_mir/recover-20220922/UBNA_001/20220921_090000.WAV,Telephone Field,recover-20220922,001,1795
773.8565,773.8995,68437,82962,Rhinolophus ferrumequinum,0.03,0.03,-1,Echolocation,/mnt/ubna_data_02_mir/recover-20220922/UBNA_001/20220921_090000.WAV,Telephone Field,recover-20220922,001,1795
773.8815,773.8914,27187,36857,Eptesicus serotinus,0.009,0.021,-1,Echolocation,/mnt/ubna_data_02_mir/recover-20220922/UBNA_001/20220921_090000.WAV,Telephone Field,recover-20220922,001,1795
773.9225,773.9608,68437,82079,Rhinolophus ferrumequinum,0.024,0.024,-1,Echolocation,/mnt/ubna_data_02_mir/recover-20220922/UBNA_001/20220921_090000.WAV,Telephone Field,recover-20220922,001,1795
773.9905,773.9996,26328,36901,Eptesicus serotinus,0.01,0.026,-1,Echolocation,/mnt/ubna_data_02_mir/recover-20220922/UBNA_001/20220921_090000.WAV,Telephone Field,recover-20220922,001,1795
774.0015,774.0360000000001,68437,79742,Rhinolophus ferrumequinum,0.028,0.029,-1,Echolocation,/mnt/ubna_data_02_mir/recover-20220922/UBNA_001/20220921_090000.WAV,Telephone Field,recover-20220922,001,1795
774.0015,774.0129,23750,30342,Nyctalus leisleri,0.017,0.038,-1,Echolocation,/mnt/ubna_data_02_mir/recover-20220922/UBNA_001/20220921_090000.WAV,Telephone Field,recover-20220922,001,1795
774.0135,774.0576,68437,82983,Rhinolophus ferrumequinum,0.024,0.024,-1,Echolocation,/mnt/ubna_data_02_mir/recover-20220922/UBNA_001/20220921_090000.WAV,Telephone Field,recover-20220922,001,1795
774.0415,774.0819,68437,82758,Rhinolophus ferrumequinum,0.024,0.024,-1,Echolocation,/mnt/ubna_data_02_mir/recover-20220922/UBNA_001/20220921_090000.WAV,Telephone Field,recover-20220922,001,1795
774.0465,774.0557,28906,36864,Eptesicus serotinus,0.008,0.021,-1,Echolocation,/mnt/ubna_data_02_mir/recover-20220922/UBNA_001/20220921_090000.WAV,Telephone Field,recover-20220922,001,1795
774.0775,774.1187,68437,83585,Rhinolophus ferrumequinum,0.038,0.038,-1,Echolocation,/mnt/ubna_data_02_mir/recover-20220922/UBNA_001/20220921_090000.WAV,Telephone Field,recover-20220922,001,1795
774.0865,774.1252,68437,82156,Rhinolophus ferrumequinum,0.02,0.02,-1,Echolocation,/mnt/ubna_data_02_mir/recover-20220922/UBNA_001/20220921_090000.WAV,Telephone Field,recover-20220922,001,1795
774.1265,774.1451,20312,23302,Nyctalus leisleri,0.016,0.027,-1,Echolocation,/mnt/ubna_data_02_mir/recover-20220922/UBNA_001/20220921_090000.WAV,Telephone Field,recover-20220922,001,1795
774.1305,774.1694,68437,82582,Rhinolophus ferrumequinum,0.021,0.021,-1,Echolocation,/mnt/ubna_data_02_mir/recover-20220922/UBNA_001/20220921_090000.WAV,Telephone Field,recover-20220922,001,1795
774.1715,774.2084,68437,81473,Rhinolophus ferrumequinum,0.02,0.02,-1,Echolocation,/mnt/ubna_data_02_mir/recover-20220922/UBNA_001/20220921_090000.WAV,Telephone Field,recover-20220922,001,1795
774.1805,774.1868,27187,40819,Eptesicus serotinus,0.005,0.023,-1,Echolocation,/mnt/ubna_data_02_mir/recover-20220922/UBNA_001/20220921_090000.WAV,Telephone Field,recover-20220922,001,1795
774.1895,774.2273,68437,81701,Rhinolophus ferrumequinum,0.02,0.02,-1,Echolocation,/mnt/ubna_data_02_mir/recover-20220922/UBNA_001/20220921_090000.WAV,Telephone Field,recover-20220922,001,1795
774.1975,774.2081000000001,23750,29089,Nyctalus leisleri,0.011,0.024,-1,Echolocation,/mnt/ubna_data_02_mir/recover-20220922/UBNA_001/20220921_090000.WAV,Telephone Field,recover-20220922,001,1795
774.2755,774.316,68437,82361,Rhinolophus ferrumequinum,0.023,0.023,-1,Echolocation,/mnt/ubna_data_02_mir/recover-20220922/UBNA_001/20220921_090000.WAV,Telephone Field,recover-20220922,001,1795
774.3435,774.3525,23750,30021,Nyctalus leisleri,0.007,0.021,-1,Echolocation,/mnt/ubna_data_02_mir/recover-20220922/UBNA_001/20220921_090000.WAV,Telephone Field,recover-20220922,001,1795
774.3565,774.3969,68437,82365,Rhinolophus ferrumequinum,0.021,0.021,-1,Echolocation,/mnt/ubna_data_02_mir/recover-20220922/UBNA_001/20220921_090000.WAV,Telephone Field,recover-20220922,001,1795
774.3735,774.3838,23750,29423,Nyctalus leisleri,0.009,0.022,-1,Echolocation,/mnt/ubna_data_02_mir/recover-20220922/UBNA_001/20220921_090000.WAV,Telephone Field,recover-20220922,001,1795
774.3945,774.4041,28906,37854,Eptesicus serotinus,0.012,0.028,-1,Echolocation,/mnt/ubna_data_02_mir/recover-20220922/UBNA_001/20220921_090000.WAV,Telephone Field,recover-20220922,001,1795
774.4155,774.4229,28906,40735,Eptesicus serotinus,0.006,0.021,-1,Echolocation,/mnt/ubna_data_02_mir/recover-20220922/UBNA_001/20220921_090000.WAV,Telephone Field,recover-20220922,001,1795
774.4155,774.4566,68437,82664,Rhinolophus ferrumequinum,0.025,0.025,-1,Echolocation,/mnt/ubna_data_02_mir/recover-20220922/UBNA_001/20220921_090000.WAV,Telephone Field,recover-20220922,001,1795
774.4225,774.434,37500,42540,Pipistrellus nathusii,0.014,0.024,-1,Echolocation,/mnt/ubna_data_02_mir/recover-20220922/UBNA_001/20220921_090000.WAV,Telephone Field,recover-20220922,001,1795
774.4355,774.4464,22890,26865,Nyctalus leisleri,0.012,0.021,-1,Echolocation,/mnt/ubna_data_02_mir/recover-20220922/UBNA_001/20220921_090000.WAV,Telephone Field,recover-20220922,001,1795
774.4655,774.4747,28046,39188,Eptesicus serotinus,0.008,0.02,-1,Echolocation,/mnt/ubna_data_02_mir/recover-20220922/UBNA_001/20220921_090000.WAV,Telephone Field,recover-20220922,001,1795
774.5965,774.6359,68437,82374,Rhinolophus ferrumequinum,0.021,0.021,-1,Echolocation,/mnt/ubna_data_02_mir/recover-20220922/UBNA_001/20220921_090000.WAV,Telephone Field,recover-20220922,001,1795
774.6285,774.6687,68437,82327,Rhinolophus ferrumequinum,0.027,0.027,-1,Echolocation,/mnt/ubna_data_02_mir/recover-20220922/UBNA_001/20220921_090000.WAV,Telephone Field,recover-20220922,001,1795
774.7105,774.7212,22890,27549,Nyctalus leisleri,0.013,0.026,-1,Echolocation,/mnt/ubna_data_02_mir/recover-20220922/UBNA_001/20220921_090000.WAV,Telephone Field,recover-20220922,001,1795
774.7305,774.7398,28906,38965,Eptesicus serotinus,0.008,0.022,-1,Echolocation,/mnt/ubna_data_02_mir/recover-20220922/UBNA_001/20220921_090000.WAV,Telephone Field,recover-20220922,001,1795
774.7385,774.7777,68437,82099,Rhinolophus ferrumequinum,0.021,0.021,-1,Echolocation,/mnt/ubna_data_02_mir/recover-20220922/UBNA_001/20220921_090000.WAV,Telephone Field,recover-20220922,001,1795
774.7725,774.8132,68437,81891,Rhinolophus ferrumequinum,0.022,0.022,-1,Echolocation,/mnt/ubna_data_02_mir/recover-20220922/UBNA_001/20220921_090000.WAV,Telephone Field,recover-20220922,001,1795
774.7795,774.8211,68437,82219,Rhinolophus ferrumequinum,0.021,0.021,-1,Echolocation,/mnt/ubna_data_02_mir/recover-20220922/UBNA_001/20220921_090000.WAV,Telephone Field,recover-20220922,001,1795
774.8055,774.8468,68437,83037,Rhinolophus ferrumequinum,0.03,0.03,-1,Echolocation,/mnt/ubna_data_02_mir/recover-20220922/UBNA_001/20220921_090000.WAV,Telephone Field,recover-20220922,001,1795
774.8515,774.8624,23750,29263,Nyctalus leisleri,0.011,0.025,-1,Echolocation,/mnt/ubna_data_02_mir/recover-20220922/UBNA_001/20220921_090000.WAV,Telephone Field,recover-20220922,001,1795
774.9075,774.9428,68437,81201,Rhinolophus ferrumequinum,0.021,0.021,-1,Echolocation,/mnt/ubna_data_02_mir/recover-20220922/UBNA_001/20220921_090000.WAV,Telephone Field,recover-20220922,001,1795
774.9685,775.0063,68437,81741,Rhinolophus ferrumequinum,0.022,0.022,-1,Echolocation,/mnt/ubna_data_02_mir/recover-20220922/UBNA_001/20220921_090000.WAV,Telephone Field,recover-20220922,001,1795
775.0065,775.045,68437,82055,Rhinolophus ferrumequinum,0.021,0.021,-1,Echolocation,/mnt/ubna_data_02_mir/recover-20220922/UBNA_001/20220921_090000.WAV,Telephone Field,recover-20220922,001,1795
775.0555,775.062,28046,40066,Eptesicus serotinus,0.005,0.021,-1,Echolocation,/mnt/ubna_data_02_mir/recover-20220922/UBNA_001/20220921_090000.WAV,Telephone Field,recover-20220922,001,1795
775.0895,775.1313,68437,82839,Rhinolophus ferrumequinum,0.026,0.026,-1,Echolocation,/mnt/ubna_data_02_mir/recover-20220922/UBNA_001/20220921_090000.WAV,Telephone Field,recover-20220922,001,1795
775.0955,775.1364,68437,82778,Rhinolophus ferrumequinum,0.027,0.027,-1,Echolocation,/mnt/ubna_data_02_mir/recover-20220922/UBNA_001/20220921_090000.WAV,Telephone Field,recover-20220922,001,1795
775.1035,775.139,68437,81551,Rhinolophus ferrumequinum,0.022,0.022,-1,Echolocation,/mnt/ubna_data_02_mir/recover-20220922/UBNA_001/20220921_090000.WAV,Telephone Field,recover-20220922,001,1795
775.1445,775.1786,68437,81401,Rhinolophus ferrumequinum,0.02,0.02,-1,Echolocation,/mnt/ubna_data_02_mir/recover-20220922/UBNA_001/20220921_090000.WAV,Telephone Field,recover-20220922,001,1795
775.1565,775.1965,68437,82246,Rhinolophus ferrumequinum,0.021,0.021,-1,Echolocation,/mnt/ubna_data_02_mir/recover-20220922/UBNA_001/20220921_090000.WAV,Telephone Field,recover-20220922,001,1795
775.1565,775.1657,28906,37239,Eptesicus serotinus,0.008,0.02,-1,Echolocation,/mnt/ubna_data_02_mir/recover-20220922/UBNA_001/20220921_090000.WAV,Telephone Field,recover-20220922,001,1795
775.1975,775.203,34062,45030,Myotis daubentonii,0.009,0.026,-1,Echolocation,/mnt/ubna_data_02_mir/recover-20220922/UBNA_001/20220921_090000.WAV,Telephone Field,recover-20220922,001,1795
775.2295,775.2692,68437,82231,Rhinolophus ferrumequinum,0.028,0.028,-1,Echolocation,/mnt/ubna_data_02_mir/recover-20220922/UBNA_001/20220921_090000.WAV,Telephone Field,recover-20220922,001,1795
775.2565,775.2672,23750,30369,Nyctalus leisleri,0.008,0.022,-1,Echolocation,/mnt/ubna_data_02_mir/recover-20220922/UBNA_001/20220921_090000.WAV,Telephone Field,recover-20220922,001,1795
775.2625,775.3019,68437,82310,Rhinolophus ferrumequinum,0.021,0.021,-1,Echolocation,/mnt/ubna_data_02_mir/recover-20220922/UBNA_001/20220921_090000.WAV,Telephone Field,recover-20220922,001,1795
775.3575,775.3994,68437,82432,Rhinolophus ferrumequinum,0.024,0.024,-1,Echolocation,/mnt/ubna_data_02_mir/recover-20220922/UBNA_001/20220921_090000.WAV,Telephone Field,recover-20220922,001,1795
775.4025,775.4408,68437,82292,Rhinolophus ferrumequinum,0.033,0.033,-1,Echolocation,/mnt/ubna_data_02_mir/recover-20220922/UBNA_001/20220921_090000.WAV,Telephone Field,recover-20220922,001,1795
775.4625,775.5014,68437,81977,Rhinolophus ferrumequinum,0.021,0.021,-1,Echolocation,/mnt/ubna_data_02_mir/recover-20220922/UBNA_001/20220921_090000.WAV,Telephone Field,recover-20220922,001,1795
775.4845,775.5292,68437,83772,Rhinolophus ferrumequinum,0.04,0.04,-1,Echolocation,/mnt/ubna_data_02_mir/recover-20220922/UBNA_001/20220921_090000.WAV,Telephone Field,recover-20220922,001,1795
775.5225,775.5558,68437,80811,Rhinolophus ferrumequinum,0.023,0.023,-1,Echolocation,/mnt/ubna_data_02_mir/recover-20220922/UBNA_001/20220921_090000.WAV,Telephone Field,recover-20220922,001,1795
775.5325,775.5685,68437,81531,Rhinolophus ferrumequinum,0.022,0.022,-1,Echolocation,/mnt/ubna_data_02_mir/recover-20220922/UBNA_001/20220921_090000.WAV,Telephone Field,recover-20220922,001,1795
775.5605,775.5995,68437,82488,Rhinolophus ferrumequinum,0.023,0.023,-1,Echolocation,/mnt/ubna_data_02_mir/recover-20220922/UBNA_001/20220921_090000.WAV,Telephone Field,recover-20220922,001,1795
775.5985000000001,775.6385,68437,82075,Rhinolophus ferrumequinum,0.021,0.021,-1,Echolocation,/mnt/ubna_data_02_mir/recover-20220922/UBNA_001/20220921_090000.WAV,Telephone Field,recover-20220922,001,1795
775.6065,775.6472,68437,83142,Rhinolophus ferrumequinum,0.025,0.025,-1,Echolocation,/mnt/ubna_data_02_mir/recover-20220922/UBNA_001/20220921_090000.WAV,Telephone Field,recover-20220922,001,1795
775.6125,775.6274,15156,20537,Nyctalus noctula,0.018,0.026,-1,Echolocation,/mnt/ubna_data_02_mir/recover-20220922/UBNA_001/20220921_090000.WAV,Telephone Field,recover-20220922,001,1795
775.6765,775.6843,25468,33393,Eptesicus serotinus,0.006,0.022,-1,Echolocation,/mnt/ubna_data_02_mir/recover-20220922/UBNA_001/20220921_090000.WAV,Telephone Field,recover-20220922,001,1795
775.7135,775.7533,68437,82334,Rhinolophus ferrumequinum,0.021,0.021,-1,Echolocation,/mnt/ubna_data_02_mir/recover-20220922/UBNA_001/20220921_090000.WAV,Telephone Field,recover-20220922,001,1795
775.7225,775.7597,68437,81836,Rhinolophus ferrumequinum,0.021,0.021,-1,Echolocation,/mnt/ubna_data_02_mir/recover-20220922/UBNA_001/20220921_090000.WAV,Telephone Field,recover-20220922,001,1795
775.7235000000001,775.7326,23750,30984,Nyctalus leisleri,0.006,0.021,-1,Echolocation,/mnt/ubna_data_02_mir/recover-20220922/UBNA_001/20220921_090000.WAV,Telephone Field,recover-20220922,001,1795
775.7395,775.7478,28906,37171,Eptesicus serotinus,0.009,0.025,-1,Echolocation,/mnt/ubna_data_02_mir/recover-20220922/UBNA_001/20220921_090000.WAV,Telephone Field,recover-20220922,001,1795
775.7635,775.7751,28046,34287,Eptesicus serotinus,0.01,0.024,-1,Echolocation,/mnt/ubna_data_02_mir/recover-20220922/UBNA_001/20220921_090000.WAV,Telephone Field,recover-20220922,001,1795
775.7735,775.8127,68437,81836,Rhinolophus ferrumequinum,0.02,0.02,-1,Echolocation,/mnt/ubna_data_02_mir/recover-20220922/UBNA_001/20220921_090000.WAV,Telephone Field,recover-20220922,001,1795
775.7785,775.7873,28906,38351,Eptesicus serotinus,0.009,0.023,-1,Echolocation,/mnt/ubna_data_02_mir/recover-20220922/UBNA_001/20220921_090000.WAV,Telephone Field,recover-20220922,001,1795
775.8285,775.87,68437,82149,Rhinolophus ferrumequinum,0.023,0.023,-1,Echolocation,/mnt/ubna_data_02_mir/recover-20220922/UBNA_001/20220921_090000.WAV,Telephone Field,recover-20220922,001,1795
775.8395,775.8806,68437,82696,Rhinolophus ferrumequinum,0.023,0.023,-1,Echolocation,/mnt/ubna_data_02_mir/recover-20220922/UBNA_001/20220921_090000.WAV,Telephone Field,recover-20220922,001,1795
775.9385,775.9502,37500,42367,Pipistrellus nathusii,0.007,0.022,-1,Echolocation,/mnt/ubna_data_02_mir/recover-20220922/UBNA_001/20220921_090000.WAV,Telephone Field,recover-20220922,001,1795
775.9485,775.9585,14296,22094,Nyctalus noctula,0.01,0.02,-1,Echolocation,/mnt/ubna_data_02_mir/recover-20220922/UBNA_001/20220921_090000.WAV,Telephone Field,recover-20220922,001,1795
775.9715,775.9799,25468,34257,Eptesicus serotinus,0.007,0.022,-1,Echolocation,/mnt/ubna_data_02_mir/recover-20220922/UBNA_001/20220921_090000.WAV,Telephone Field,recover-20220922,001,1795
775.9845,775.993,28046,38728,Eptesicus serotinus,0.007,0.021,-1,Echolocation,/mnt/ubna_data_02_mir/recover-20220922/UBNA_001/20220921_090000.WAV,Telephone Field,recover-20220922,001,1795
776.0015,776.0115,46093,50580,Pipistrellus pipistrellus,0.02,0.025,-1,Echolocation,/mnt/ubna_data_02_mir/recover-20220922/UBNA_001/20220921_090000.WAV,Telephone Field,recover-20220922,001,1795
776.0015,776.0105,23750,31454,Nyctalus leisleri,0.013,0.037,-1,Echolocation,/mnt/ubna_data_02_mir/recover-20220922/UBNA_001/20220921_090000.WAV,Telephone Field,recover-20220922,001,1795
776.0015,776.0178,16875,21418,Nyctalus noctula,0.022,0.041,-1,Echolocation,/mnt/ubna_data_02_mir/recover-20220922/UBNA_001/20220921_090000.WAV,Telephone Field,recover-20220922,001,1795
776.0015,776.0334,68437,79788,Rhinolophus ferrumequinum,0.053,0.053,-1,Echolocation,/mnt/ubna_data_02_mir/recover-20220922/UBNA_001/20220921_090000.WAV,Telephone Field,recover-20220922,001,1795
776.0105,776.0223,21171,25513,Nyctalus leisleri,0.013,0.028,-1,Echolocation,/mnt/ubna_data_02_mir/recover-20220922/UBNA_001/20220921_090000.WAV,Telephone Field,recover-20220922,001,1795
776.0145,776.0552,68437,82502,Rhinolophus ferrumequinum,0.024,0.024,-1,Echolocation,/mnt/ubna_data_02_mir/recover-20220922/UBNA_001/20220921_090000.WAV,Telephone Field,recover-20220922,001,1795
776.0175,776.027,47812,51184,Pipistrellus pipistrellus,0.045,0.049,-1,Echolocation,/mnt/ubna_data_02_mir/recover-20220922/UBNA_001/20220921_090000.WAV,Telephone Field,recover-20220922,001,1795
776.0315,776.0687,68437,81913,Rhinolophus ferrumequinum,0.023,0.023,-1,Echolocation,/mnt/ubna_data_02_mir/recover-20220922/UBNA_001/20220921_090000.WAV,Telephone Field,recover-20220922,001,1795
776.0715,776.1095,68437,81992,Rhinolophus ferrumequinum,0.023,0.023,-1,Echolocation,/mnt/ubna_data_02_mir/recover-20220922/UBNA_001/20220921_090000.WAV,Telephone Field,recover-20220922,001,1795
776.0895,776.1283,68437,82051,Rhinolophus ferrumequinum,0.026,0.026,-1,Echolocation,/mnt/ubna_data_02_mir/recover-20220922/UBNA_001/20220921_090000.WAV,Telephone Field,recover-20220922,001,1795
776.1025,776.1128,22890,28176,Nyctalus leisleri,0.01,0.022,-1,Echolocation,/mnt/ubna_data_02_mir/recover-20220922/UBNA_001/20220921_090000.WAV,Telephone Field,recover-20220922,001,1795
776.1125,776.1226,46093,50193,Pipistrellus pipistrellus,0.031,0.033,-1,Echolocation,/mnt/ubna_data_02_mir/recover-20220922/UBNA_001/20220921_090000.WAV,Telephone Field,recover-20220922,001,1795
776.1465,776.1864,68437,82231,Rhinolophus ferrumequinum,0.023,0.023,-1,Echolocation,/mnt/ubna_data_02_mir/recover-20220922/UBNA_001/20220921_090000.WAV,Telephone Field,recover-20220922,001,1795
776.2105,776.2221,22031,25747,Nyctalus leisleri,0.014,0.023,-1,Echolocation,/mnt/ubna_data_02_mir/recover-20220922/UBNA_001/20220921_090000.WAV,Telephone Field,recover-20220922,001,1795
776.2225,776.2638,68437,82928,Rhinolophus ferrumequinum,0.029,0.029,-1,Echolocation,/mnt/ubna_data_02_mir/recover-20220922/UBNA_001/20220921_090000.WAV,Telephone Field,recover-20220922,001,1795
776.2385,776.2805,68437,82573,Rhinolophus ferrumequinum,0.028,0.028,-1,Echolocation,/mnt/ubna_data_02_mir/recover-20220922/UBNA_001/20220921_090000.WAV,Telephone Field,recover-20220922,001,1795
776.2695,776.3033,68437,81307,Rhinolophus ferrumequinum,0.023,0.023,-1,Echolocation,/mnt/ubna_data_02_mir/recover-20220922/UBNA_001/20220921_090000.WAV,Telephone Field,recover-20220922,001,1795
776.3125,776.3227,28906,36689,Eptesicus serotinus,0.011,0.024,-1,Echolocation,/mnt/ubna_data_02_mir/recover-20220922/UBNA_001/20220921_090000.WAV,Telephone Field,recover-20220922,001,1795
776.3425,776.3741,68437,80060,Rhinolophus ferrumequinum,0.022,0.022,-1,Echolocation,/mnt/ubna_data_02_mir/recover-20220922/UBNA_001/20220921_090000.WAV,Telephone Field,recover-20220922,001,1795
776.3605,776.3701,27187,35744,Eptesicus serotinus,0.01,0.023,-1,Echolocation,/mnt/ubna_data_02_mir/recover-20220922/UBNA_001/20220921_090000.WAV,Telephone Field,recover-20220922,001,1795
776.3685,776.4085,68437,82777,Rhinolophus ferrumequinum,0.024,0.024,-1,Echolocation,/mnt/ubna_data_02_mir/recover-20220922/UBNA_001/20220921_090000.WAV,Telephone Field,recover-20220922,001,1795
776.4075,776.4466,68437,81863,Rhinolophus ferrumequinum,0.022,0.022,-1,Echolocation,/mnt/ubna_data_02_mir/recover-20220922/UBNA_001/20220921_090000.WAV,Telephone Field,recover-20220922,001,1795
776.4155,776.4264000000001,27187,34028,Eptesicus serotinus,0.011,0.022,-1,Echolocation,/mnt/ubna_data_02_mir/recover-20220922/UBNA_001/20220921_090000.WAV,Telephone Field,recover-20220922,001,1795
776.4605,776.4698,44375,47972,Pipistrellus pipistrellus,0.024,0.025,-1,Echolocation,/mnt/ubna_data_02_mir/recover-20220922/UBNA_001/20220921_090000.WAV,Telephone Field,recover-20220922,001,1795
776.4705,776.5106,68437,82292,Rhinolophus ferrumequinum,0.027,0.027,-1,Echolocation,/mnt/ubna_data_02_mir/recover-20220922/UBNA_001/20220921_090000.WAV,Telephone Field,recover-20220922,001,1795
776.5035,776.5436,68437,82759,Rhinolophus ferrumequinum,0.027,0.027,-1,Echolocation,/mnt/ubna_data_02_mir/recover-20220922/UBNA_001/20220921_090000.WAV,Telephone Field,recover-20220922,001,1795
776.5235,776.5417,15156,20284,Nyctalus noctula,0.026,0.035,-1,Echolocation,/mnt/ubna_data_02_mir/recover-20220922/UBNA_001/20220921_090000.WAV,Telephone Field,recover-20220922,001,1795
776.5455,776.5837,68437,82179,Rhinolophus ferrumequinum,0.022,0.022,-1,Echolocation,/mnt/ubna_data_02_mir/recover-20220922/UBNA_001/20220921_090000.WAV,Telephone Field,recover-20220922,001,1795
776.5645,776.5746,48671,51956,Pipistrellus pipistrellus,0.04,0.043,-1,Echolocation,/mnt/ubna_data_02_mir/recover-20220922/UBNA_001/20220921_090000.WAV,Telephone Field,recover-20220922,001,1795
776.6385,776.6813,68437,83035,Rhinolophus ferrumequinum,0.023,0.023,-1,Echolocation,/mnt/ubna_data_02_mir/recover-20220922/UBNA_001/20220921_090000.WAV,Telephone Field,recover-20220922,001,1795
776.6435,776.6865,68437,82788,Rhinolophus ferrumequinum,0.023,0.023,-1,Echolocation,/mnt/ubna_data_02_mir/recover-20220922/UBNA_001/20220921_090000.WAV,Telephone Field,recover-20220922,001,1795
776.6565,776.6674,23750,30269,Nyctalus leisleri,0.009,0.022,-1,Echolocation,/mnt/ubna_data_02_mir/recover-20220922/UBNA_001/20220921_090000.WAV,Telephone Field,recover-20220922,001,1795
776.7025,776.7113,23750,31411,Plecotus austriacus,0.01,0.026,-1,Echolocation,/mnt/ubna_data_02_mir/recover-20220922/UBNA_001/20220921_090000.WAV,Telephone Field,recover-20220922,001,1795
776.7135,776.7508,68437,82042,Rhinolophus ferrumequinum,0.023,0.024,-1,Echolocation,/mnt/ubna_data_02_mir/recover-20220922/UBNA_001/20220921_090000.WAV,Telephone Field,recover-20220922,001,1795
776.7385,776.7489,22031,27639,Nyctalus leisleri,0.011,0.025,-1,Echolocation,/mnt/ubna_data_02_mir/recover-20220922/UBNA_001/20220921_090000.WAV,Telephone Field,recover-20220922,001,1795
776.7465,776.7839,68437,81841,Rhinolophus ferrumequinum,0.023,0.023,-1,Echolocation,/mnt/ubna_data_02_mir/recover-20220922/UBNA_001/20220921_090000.WAV,Telephone Field,recover-20220922,001,1795
776.7555,776.7936,68437,81957,Rhinolophus ferrumequinum,0.022,0.022,-1,Echolocation,/mnt/ubna_data_02_mir/recover-20220922/UBNA_001/20220921_090000.WAV,Telephone Field,recover-20220922,001,1795
776.7795,776.7886,28906,40769,Eptesicus serotinus,0.009,0.023,-1,Echolocation,/mnt/ubna_data_02_mir/recover-20220922/UBNA_001/20220921_090000.WAV,Telephone Field,recover-20220922,001,1795
776.8145,776.8521,68437,82621,Rhinolophus ferrumequinum,0.022,0.022,-1,Echolocation,/mnt/ubna_data_02_mir/recover-20220922/UBNA_001/20220921_090000.WAV,Telephone Field,recover-20220922,001,1795
776.8445,776.8836,68437,81737,Rhinolophus ferrumequinum,0.023,0.023,-1,Echolocation,/mnt/ubna_data_02_mir/recover-20220922/UBNA_001/20220921_090000.WAV,Telephone Field,recover-20220922,001,1795
776.8615,776.901,68437,83069,Rhinolophus ferrumequinum,0.026,0.026,-1,Echolocation,/mnt/ubna_data_02_mir/recover-20220922/UBNA_001/20220921_090000.WAV,Telephone Field,recover-20220922,001,1795
776.8725,776.8807,28046,36611,Eptesicus serotinus,0.019,0.047,-1,Echolocation,/mnt/ubna_data_02_mir/recover-20220922/UBNA_001/20220921_090000.WAV,Telephone Field,recover-20220922,001,1795
776.9525,776.9909,68437,81455,Rhinolophus ferrumequinum,0.023,0.023,-1,Echolocation,/mnt/ubna_data_02_mir/recover-20220922/UBNA_001/20220921_090000.WAV,Telephone Field,recover-20220922,001,1795
776.9755,777.0145,68437,82514,Rhinolophus ferrumequinum,0.029,0.029,-1,Echolocation,/mnt/ubna_data_02_mir/recover-20220922/UBNA_001/20220921_090000.WAV,Telephone Field,recover-20220922,001,1795
776.9875,776.9968,34062,42259,Barbastellus barbastellus,0.007,0.029,-1,Echolocation,/mnt/ubna_data_02_mir/recover-20220922/UBNA_001/20220921_090000.WAV,Telephone Field,recover-20220922,001,1795
777.0205,777.0339,22031,26432,Nyctalus leisleri,0.019,0.036,-1,Echolocation,/mnt/ubna_data_02_mir/recover-20220922/UBNA_001/20220921_090000.WAV,Telephone Field,recover-20220922,001,1795
777.0205,777.0588,68437,81866,Rhinolophus ferrumequinum,0.023,0.023,-1,Echolocation,/mnt/ubna_data_02_mir/recover-20220922/UBNA_001/20220921_090000.WAV,Telephone Field,recover-20220922,001,1795
777.0385,777.0468,45234,52700,Pipistrellus pipistrellus,0.02,0.024,-1,Echolocation,/mnt/ubna_data_02_mir/recover-20220922/UBNA_001/20220921_090000.WAV,Telephone Field,recover-20220922,001,1795
777.0385,777.0799,68437,82765,Rhinolophus ferrumequinum,0.022,0.022,-1,Echolocation,/mnt/ubna_data_02_mir/recover-20220922/UBNA_001/20220921_090000.WAV,Telephone Field,recover-20220922,001,1795
777.0715,777.0799,48671,51817,Pipistrellus pipistrellus,0.027,0.03,-1,Echolocation,/mnt/ubna_data_02_mir/recover-20220922/UBNA_001/20220921_090000.WAV,Telephone Field,recover-20220922,001,1795
777.0795,777.0999,65859,73799,Pipistrellus pygmaeus,0.026,0.029,-1,Echolocation,/mnt/ubna_data_02_mir/recover-20220922/UBNA_001/20220921_090000.WAV,Telephone Field,recover-20220922,001,1795
777.0835,777.0949,48671,53080,Pipistrellus pipistrellus,0.022,0.024,-1,Echolocation,/mnt/ubna_data_02_mir/recover-20220922/UBNA_001/20220921_090000.WAV,Telephone Field,recover-20220922,001,1795
777.0865,777.099,22890,28148,Nyctalus leisleri,0.016,0.032,-1,Echolocation,/mnt/ubna_data_02_mir/recover-20220922/UBNA_001/20220921_090000.WAV,Telephone Field,recover-20220922,001,1795
777.1235,777.1343,23750,30534,Nyctalus leisleri,0.01,0.026,-1,Echolocation,/mnt/ubna_data_02_mir/recover-20220922/UBNA_001/20220921_090000.WAV,Telephone Field,recover-20220922,001,1795
777.1495,777.1897,68437,81993,Rhinolophus ferrumequinum,0.024,0.024,-1,Echolocation,/mnt/ubna_data_02_mir/recover-20220922/UBNA_001/20220921_090000.WAV,Telephone Field,recover-20220922,001,1795
777.1715,777.2097,68437,81962,Rhinolophus ferrumequinum,0.023,0.023,-1,Echolocation,/mnt/ubna_data_02_mir/recover-20220922/UBNA_001/20220921_090000.WAV,Telephone Field,recover-20220922,001,1795
777.1865,777.2254,68437,82108,Rhinolophus ferrumequinum,0.022,0.023,-1,Echolocation,/mnt/ubna_data_02_mir/recover-20220922/UBNA_001/20220921_090000.WAV,Telephone Field,recover-20220922,001,1795
777.2255,777.2659,68437,83061,Rhinolophus ferrumequinum,0.03,0.03,-1,Echolocation,/mnt/ubna_data_02_mir/recover-20220922/UBNA_001/20220921_090000.WAV,Telephone Field,recover-20220922,001,1795
777.2365,777.2473,23750,29545,Nyctalus leisleri,0.01,0.025,-1,Echolocation,/mnt/ubna_data_02_mir/recover-20220922/UBNA_001/20220921_090000.WAV,Telephone Field,recover-20220922,001,1795
777.2455,777.2542,26328,37801,Eptesicus serotinus,0.009,0.023,-1,Echolocation,/mnt/ubna_data_02_mir/recover-20220922/UBNA_001/20220921_090000.WAV,Telephone Field,recover-20220922,001,1795
777.2575,777.2949,68437,81662,Rhinolophus ferrumequinum,0.023,0.023,-1,Echolocation,/mnt/ubna_data_02_mir/recover-20220922/UBNA_001/20220921_090000.WAV,Telephone Field,recover-20220922,001,1795
777.3335,777.373,68437,82426,Rhinolophus ferrumequinum,0.023,0.023,-1,Echolocation,/mnt/ubna_data_02_mir/recover-20220922/UBNA_001/20220921_090000.WAV,Telephone Field,recover-20220922,001,1795
777.3825,777.3926,24609,32010,Eptesicus serotinus,0.015,0.046,-1,Echolocation,/mnt/ubna_data_02_mir/recover-20220922/UBNA_001/20220921_090000.WAV,Telephone Field,recover-20220922,001,1795
777.4035,777.4462,68437,83231,Rhinolophus ferrumequinum,0.042,0.042,-1,Echolocation,/mnt/ubna_data_02_mir/recover-20220922/UBNA_001/20220921_090000.WAV,Telephone Field,recover-20220922,001,1795
777.4235,777.4621,68437,81865,Rhinolophus ferrumequinum,0.022,0.022,-1,Echolocation,/mnt/ubna_data_02_mir/recover-20220922/UBNA_001/20220921_090000.WAV,Telephone Field,recover-20220922,001,1795
777.4545,777.4979,68437,82869,Rhinolophus ferrumequinum,0.03,0.03,-1,Echolocation,/mnt/ubna_data_02_mir/recover-20220922/UBNA_001/20220921_090000.WAV,Telephone Field,recover-20220922,001,1795
777.4555,777.4667,22890,28743,Nyctalus leisleri,0.046,0.112,-1,Echolocation,/mnt/ubna_data_02_mir/recover-20220922/UBNA_001/20220921_090000.WAV,Telephone Field,recover-20220922,001,1795
777.4915,777.4988,28046,42320,Eptesicus serotinus,0.006,0.023,-1,Echolocation,/mnt/ubna_data_02_mir/recover-20220922/UBNA_001/20220921_090000.WAV,Telephone Field,recover-20220922,001,1795
777.4975,777.5354,68437,81944,Rhinolophus ferrumequinum,0.023,0.023,-1,Echolocation,/mnt/ubna_data_02_mir/recover-20220922/UBNA_001/20220921_090000.WAV,Telephone Field,recover-20220922,001,1795
777.5225,777.5635,68437,82960,Rhinolophus ferrumequinum,0.03,0.03,-1,Echolocation,/mnt/ubna_data_02_mir/recover-20220922/UBNA_001/20220921_090000.WAV,Telephone Field,recover-20220922,001,1795
777.5875,777.6248,68437,82222,Rhinolophus ferrumequinum,0.033,0.033,-1,Echolocation,/mnt/ubna_data_02_mir/recover-20220922/UBNA_001/20220921_090000.WAV,Telephone Field,recover-20220922,001,1795
777.6375,777.6476,28046,36247,Eptesicus serotinus,0.011,0.023,-1,Echolocation,/mnt/ubna_data_02_mir/recover-20220922/UBNA_001/20220921_090000.WAV,Telephone Field,recover-20220922,001,1795
777.6615,777.7012,68437,82736,Rhinolophus ferrumequinum,0.026,0.026,-1,Echolocation,/mnt/ubna_data_02_mir/recover-20220922/UBNA_001/20220921_090000.WAV,Telephone Field,recover-20220922,001,1795
777.6795,777.7198,68437,82806,Rhinolophus ferrumequinum,0.028,0.028,-1,Echolocation,/mnt/ubna_data_02_mir/recover-20220922/UBNA_001/20220921_090000.WAV,Telephone Field,recover-20220922,001,1795
777.6965,777.7363,68437,82436,Rhinolophus ferrumequinum,0.027,0.027,-1,Echolocation,/mnt/ubna_data_02_mir/recover-20220922/UBNA_001/20220921_090000.WAV,Telephone Field,recover-20220922,001,1795
777.7025,777.7458,68437,82957,Rhinolophus ferrumequinum,0.029,0.029,-1,Echolocation,/mnt/ubna_data_02_mir/recover-20220922/UBNA_001/20220921_090000.WAV,Telephone Field,recover-20220922,001,1795
777.7265,777.7349,27187,40346,Eptesicus serotinus,0.008,0.023,-1,Echolocation,/mnt/ubna_data_02_mir/recover-20220922/UBNA_001/20220921_090000.WAV,Telephone Field,recover-20220922,001,1795
777.7455,777.7857,68437,82790,Rhinolophus ferrumequinum,0.024,0.024,-1,Echolocation,/mnt/ubna_data_02_mir/recover-20220922/UBNA_001/20220921_090000.WAV,Telephone Field,recover-20220922,001,1795
777.7535,777.7639,22031,26587,Nyctalus leisleri,0.013,0.025,-1,Echolocation,/mnt/ubna_data_02_mir/recover-20220922/UBNA_001/20220921_090000.WAV,Telephone Field,recover-20220922,001,1795
777.7555,777.7929,68437,81855,Rhinolophus ferrumequinum,0.025,0.025,-1,Echolocation,/mnt/ubna_data_02_mir/recover-20220922/UBNA_001/20220921_090000.WAV,Telephone Field,recover-20220922,001,1795
777.7735,777.8152,68437,82802,Rhinolophus ferrumequinum,0.025,0.025,-1,Echolocation,/mnt/ubna_data_02_mir/recover-20220922/UBNA_001/20220921_090000.WAV,Telephone Field,recover-20220922,001,1795
777.8205,777.8573,68437,81797,Rhinolophus ferrumequinum,0.028,0.028,-1,Echolocation,/mnt/ubna_data_02_mir/recover-20220922/UBNA_001/20220921_090000.WAV,Telephone Field,recover-20220922,001,1795
777.8835,777.9295,68437,83609,Rhinolophus ferrumequinum,0.05,0.05,-1,Echolocation,/mnt/ubna_data_02_mir/recover-20220922/UBNA_001/20220921_090000.WAV,Telephone Field,recover-20220922,001,1795
777.9205,777.9615,68437,82752,Rhinolophus ferrumequinum,0.022,0.022,-1,Echolocation,/mnt/ubna_data_02_mir/recover-20220922/UBNA_001/20220921_090000.WAV,Telephone Field,recover-20220922,001,1795
777.9435,777.954,27187,34672,Eptesicus serotinus,0.011,0.023,-1,Echolocation,/mnt/ubna_data_02_mir/recover-20220922/UBNA_001/20220921_090000.WAV,Telephone Field,recover-20220922,001,1795
777.9615,777.9727,22890,28358,Nyctalus leisleri,0.01,0.024,-1,Echolocation,/mnt/ubna_data_02_mir/recover-20220922/UBNA_001/20220921_090000.WAV,Telephone Field,recover-20220922,001,1795
778.0015,778.012,44375,49036,Pipistrellus pipistrellus,0.02,0.026,-1,Echolocation,/mnt/ubna_data_02_mir/recover-20220922/UBNA_001/20220921_090000.WAV,Telephone Field,recover-20220922,001,1795
778.0015,778.0112,22031,27449,Nyctalus leisleri,0.012,0.03,-1,Echolocation,/mnt/ubna_data_02_mir/recover-20220922/UBNA_001/20220921_090000.WAV,Telephone Field,recover-20220922,001,1795
778.0015,778.0324,68437,80162,Rhinolophus ferrumequinum,0.022,0.022,-1,Echolocation,/mnt/ubna_data_02_mir/recover-20220922/UBNA_001/20220921_090000.WAV,Telephone Field,recover-20220922,001,1795
778.0305,778.0682,68437,81890,Rhinolophus ferrumequinum,0.028,0.028,-1,Echolocation,/mnt/ubna_data_02_mir/recover-20220922/UBNA_001/20220921_090000.WAV,Telephone Field,recover-20220922,001,1795
778.0555,778.0644,50390,58094,Pipistrellus pipistrellus,0.019,0.023,-1,Echolocation,/mnt/ubna_data_02_mir/recover-20220922/UBNA_001/20220921_090000.WAV,Telephone Field,recover-20220922,001,1795
778.0645,778.0707,24609,39496,Plecotus austriacus,0.011,0.034,-1,Echolocation,/mnt/ubna_data_02_mir/recover-20220922/UBNA_001/20220921_090000.WAV,Telephone Field,recover-20220922,001,1795
778.0755,778.1102,68437,81074,Rhinolophus ferrumequinum,0.033,0.033,-1,Echolocation,/mnt/ubna_data_02_mir/recover-20220922/UBNA_001/20220921_090000.WAV,Telephone Field,recover-20220922,001,1795
778.0905,778.1281,68437,81735,Rhinolophus ferrumequinum,0.025,0.025,-1,Echolocation,/mnt/ubna_data_02_mir/recover-20220922/UBNA_001/20220921_090000.WAV,Telephone Field,recover-20220922,001,1795
778.0975,778.1043,24609,33868,Plecotus austriacus,0.009,0.025,-1,Echolocation,/mnt/ubna_data_02_mir/recover-20220922/UBNA_001/20220921_090000.WAV,Telephone Field,recover-20220922,001,1795
778.1465,778.1852,68437,82368,Rhinolophus ferrumequinum,0.024,0.024,-1,Echolocation,/mnt/ubna_data_02_mir/recover-20220922/UBNA_001/20220921_090000.WAV,Telephone Field,recover-20220922,001,1795
778.1505,778.1584,26328,36441,Eptesicus serotinus,0.008,0.024,-1,Echolocation,/mnt/ubna_data_02_mir/recover-20220922/UBNA_001/20220921_090000.WAV,Telephone Field,recover-20220922,001,1795
778.1805,778.1916,23750,29634,Nyctalus leisleri,0.01,0.023,-1,Echolocation,/mnt/ubna_data_02_mir/recover-20220922/UBNA_001/20220921_090000.WAV,Telephone Field,recover-20220922,001,1795
778.1875,778.1996,22890,27443,Nyctalus leisleri,0.011,0.021,-1,Echolocation,/mnt/ubna_data_02_mir/recover-20220922/UBNA_001/20220921_090000.WAV,Telephone Field,recover-20220922,001,1795
778.2215,778.2593,68437,82413,Rhinolophus ferrumequinum,0.024,0.024,-1,Echolocation,/mnt/ubna_data_02_mir/recover-20220922/UBNA_001/20220921_090000.WAV,Telephone Field,recover-20220922,001,1795
778.2315,778.2674,68437,81727,Rhinolophus ferrumequinum,0.023,0.023,-1,Echolocation,/mnt/ubna_data_02_mir/recover-20220922/UBNA_001/20220921_090000.WAV,Telephone Field,recover-20220922,001,1795
778.2625,778.2989,68437,81943,Rhinolophus ferrumequinum,0.022,0.022,-1,Echolocation,/mnt/ubna_data_02_mir/recover-20220922/UBNA_001/20220921_090000.WAV,Telephone Field,recover-20220922,001,1795
778.2865,778.3265,68437,82163,Rhinolophus ferrumequinum,0.035,0.035,-1,Echolocation,/mnt/ubna_data_02_mir/recover-20220922/UBNA_001/20220921_090000.WAV,Telephone Field,recover-20220922,001,1795
778.2985,778.3361,68437,81790,Rhinolophus ferrumequinum,0.024,0.024,-1,Echolocation,/mnt/ubna_data_02_mir/recover-20220922/UBNA_001/20220921_090000.WAV,Telephone Field,recover-20220922,001,1795
778.3035,778.3416,68437,82427,Rhinolophus ferrumequinum,0.024,0.024,-1,Echolocation,/mnt/ubna_data_02_mir/recover-20220922/UBNA_001/20220921_090000.WAV,Telephone Field,recover-20220922,001,1795
778.3055,778.3154,28046,35976,Eptesicus serotinus,0.008,0.022,-1,Echolocation,/mnt/ubna_data_02_mir/recover-20220922/UBNA_001/20220921_090000.WAV,Telephone Field,recover-20220922,001,1795
778.3565,778.3944,68437,82744,Rhinolophus ferrumequinum,0.031,0.031,-1,Echolocation,/mnt/ubna_data_02_mir/recover-20220922/UBNA_001/20220921_090000.WAV,Telephone Field,recover-20220922,001,1795
778.3915,778.3986,51250,56518,Pipistrellus pipistrellus,0.023,0.026,-1,Echolocation,/mnt/ubna_data_02_mir/recover-20220922/UBNA_001/20220921_090000.WAV,Telephone Field,recover-20220922,001,1795
778.3965,778.4325,68437,81251,Rhinolophus ferrumequinum,0.026,0.026,-1,Echolocation,/mnt/ubna_data_02_mir/recover-20220922/UBNA_001/20220921_090000.WAV,Telephone Field,recover-20220922,001,1795
778.4025,778.438,68437,81257,Rhinolophus ferrumequinum,0.024,0.025,-1,Echolocation,/mnt/ubna_data_02_mir/recover-20220922/UBNA_001/20220921_090000.WAV,Telephone Field,recover-20220922,001,1795
778.4075,778.4435,68437,81840,Rhinolophus ferrumequinum,0.024,0.025,-1,Echolocation,/mnt/ubna_data_02_mir/recover-20220922/UBNA_001/20220921_090000.WAV,Telephone Field,recover-20220922,001,1795
778.4455,778.4845,68437,82482,Rhinolophus ferrumequinum,0.022,0.022,-1,Echolocation,/mnt/ubna_data_02_mir/recover-20220922/UBNA_001/20220921_090000.WAV,Telephone Field,recover-20220922,001,1795
778.4675,778.5066,68437,82501,Rhinolophus ferrumequinum,0.023,0.023,-1,Echolocation,/mnt/ubna_data_02_mir/recover-20220922/UBNA_001/20220921_090000.WAV,Telephone Field,recover-20220922,001,1795
778.4935,778.5004,27187,37184,Eptesicus serotinus,0.01,0.028,-1,Echolocation,/mnt/ubna_data_02_mir/recover-20220922/UBNA_001/20220921_090000.WAV,Telephone Field,recover-20220922,001,1795
778.5455,778.5827,68437,81527,Rhinolophus ferrumequinum,0.025,0.025,-1,Echolocation,/mnt/ubna_data_02_mir/recover-20220922/UBNA_001/20220921_090000.WAV,Telephone Field,recover-20220922,001,1795
778.5615,778.6014,68437,82358,Rhinolophus ferrumequinum,0.025,0.025,-1,Echolocation,/mnt/ubna_data_02_mir/recover-20220922/UBNA_001/20220921_090000.WAV,Telephone Field,recover-20220922,001,1795
778.5785,778.5893,26328,34034,Eptesicus serotinus,0.013,0.025,-1,Echolocation,/mnt/ubna_data_02_mir/recover-20220922/UBNA_001/20220921_090000.WAV,Telephone Field,recover-20220922,001,1795
778.5835,778.6232,68437,82658,Rhinolophus ferrumequinum,0.022,0.022,-1,Echolocation,/mnt/ubna_data_02_mir/recover-20220922/UBNA_001/20220921_090000.WAV,Telephone Field,recover-20220922,001,1795
778.6255,778.6338,22890,30963,Plecotus austriacus,0.012,0.026,-1,Echolocation,/mnt/ubna_data_02_mir/recover-20220922/UBNA_001/20220921_090000.WAV,Telephone Field,recover-20220922,001,1795
778.6335,778.6734,68437,82718,Rhinolophus ferrumequinum,0.028,0.028,-1,Echolocation,/mnt/ubna_data_02_mir/recover-20220922/UBNA_001/20220921_090000.WAV,Telephone Field,recover-20220922,001,1795
778.6455,778.6856,68437,82377,Rhinolophus ferrumequinum,0.022,0.022,-1,Echolocation,/mnt/ubna_data_02_mir/recover-20220922/UBNA_001/20220921_090000.WAV,Telephone Field,recover-20220922,001,1795
778.6625,778.6777,28906,35318,Eptesicus serotinus,0.037,0.055,-1,Echolocation,/mnt/ubna_data_02_mir/recover-20220922/UBNA_001/20220921_090000.WAV,Telephone Field,recover-20220922,001,1795
778.6635,778.7034,68437,82772,Rhinolophus ferrumequinum,0.022,0.022,-1,Echolocation,/mnt/ubna_data_02_mir/recover-20220922/UBNA_001/20220921_090000.WAV,Telephone Field,recover-20220922,001,1795
778.7085,778.7196,22890,27768,Nyctalus leisleri,0.01,0.023,-1,Echolocation,/mnt/ubna_data_02_mir/recover-20220922/UBNA_001/20220921_090000.WAV,Telephone Field,recover-20220922,001,1795
778.7285,778.7655,68437,81268,Rhinolophus ferrumequinum,0.024,0.024,-1,Echolocation,/mnt/ubna_data_02_mir/recover-20220922/UBNA_001/20220921_090000.WAV,Telephone Field,recover-20220922,001,1795
778.7365,778.7744,68437,80892,Rhinolophus ferrumequinum,0.025,0.025,-1,Echolocation,/mnt/ubna_data_02_mir/recover-20220922/UBNA_001/20220921_090000.WAV,Telephone Field,recover-20220922,001,1795
778.7595,778.7983,68437,81957,Rhinolophus ferrumequinum,0.022,0.022,-1,Echolocation,/mnt/ubna_data_02_mir/recover-20220922/UBNA_001/20220921_090000.WAV,Telephone Field,recover-20220922,001,1795
778.7675,778.8078,68437,81959,Rhinolophus ferrumequinum,0.023,0.023,-1,Echolocation,/mnt/ubna_data_02_mir/recover-20220922/UBNA_001/20220921_090000.WAV,Telephone Field,recover-20220922,001,1795
778.7875,778.7986,22890,27377,Nyctalus leisleri,0.015,0.028,-1,Echolocation,/mnt/ubna_data_02_mir/recover-20220922/UBNA_001/20220921_090000.WAV,Telephone Field,recover-20220922,001,1795
778.8035,778.8389999999999,68437,81737,Rhinolophus ferrumequinum,0.024,0.024,-1,Echolocation,/mnt/ubna_data_02_mir/recover-20220922/UBNA_001/20220921_090000.WAV,Telephone Field,recover-20220922,001,1795
778.8215,778.8411,20312,23444,Nyctalus leisleri,0.014,0.026,-1,Echolocation,/mnt/ubna_data_02_mir/recover-20220922/UBNA_001/20220921_090000.WAV,Telephone Field,recover-20220922,001,1795
778.8335,778.8719,68437,82069,Rhinolophus ferrumequinum,0.023,0.023,-1,Echolocation,/mnt/ubna_data_02_mir/recover-20220922/UBNA_001/20220921_090000.WAV,Telephone Field,recover-20220922,001,1795
778.8595,778.8957,68437,82287,Rhinolophus ferrumequinum,0.022,0.022,-1,Echolocation,/mnt/ubna_data_02_mir/recover-20220922/UBNA_001/20220921_090000.WAV,Telephone Field,recover-20220922,001,1795
778.8725,778.8796,28046,39363,Eptesicus serotinus,0.007,0.025,-1,Echolocation,/mnt/ubna_data_02_mir/recover-20220922/UBNA_001/20220921_090000.WAV,Telephone Field,recover-20220922,001,1795
778.8965,778.933,68437,82199,Rhinolophus ferrumequinum,0.027,0.027,-1,Echolocation,/mnt/ubna_data_02_mir/recover-20220922/UBNA_001/20220921_090000.WAV,Telephone Field,recover-20220922,001,1795
778.9014999999999,778.9087,24609,33394,Plecotus austriacus,0.008,0.023,-1,Echolocation,/mnt/ubna_data_02_mir/recover-20220922/UBNA_001/20220921_090000.WAV,Telephone Field,recover-20220922,001,1795
778.9085,778.9168,50390,54822,Pipistrellus pipistrellus,0.019,0.023,-1,Echolocation,/mnt/ubna_data_02_mir/recover-20220922/UBNA_001/20220921_090000.WAV,Telephone Field,recover-20220922,001,1795
778.9155,778.9248,28046,38836,Eptesicus serotinus,0.01,0.024,-1,Echolocation,/mnt/ubna_data_02_mir/recover-20220922/UBNA_001/20220921_090000.WAV,Telephone Field,recover-20220922,001,1795
778.9325,778.9684,68437,81307,Rhinolophus ferrumequinum,0.023,0.023,-1,Echolocation,/mnt/ubna_data_02_mir/recover-20220922/UBNA_001/20220921_090000.WAV,Telephone Field,recover-20220922,001,1795
778.9385,778.9769,68437,82117,Rhinolophus ferrumequinum,0.022,0.022,-1,Echolocation,/mnt/ubna_data_02_mir/recover-20220922/UBNA_001/20220921_090000.WAV,Telephone Field,recover-20220922,001,1795
778.9575,778.9669,22890,28721,Nyctalus leisleri,0.008,0.022,-1,Echolocation,/mnt/ubna_data_02_mir/recover-20220922/UBNA_001/20220921_090000.WAV,Telephone Field,recover-20220922,001,1795
779.0015,779.0387,68437,81285,Rhinolophus ferrumequinum,0.023,0.023,-1,Echolocation,/mnt/ubna_data_02_mir/recover-20220922/UBNA_001/20220921_090000.WAV,Telephone Field,recover-20220922,001,1795
779.0195,779.0299,22890,29415,Nyctalus leisleri,0.009,0.025,-1,Echolocation,/mnt/ubna_data_02_mir/recover-20220922/UBNA_001/20220921_090000.WAV,Telephone Field,recover-20220922,001,1795
779.0345,779.0702,68437,81768,Rhinolophus ferrumequinum,0.023,0.023,-1,Echolocation,/mnt/ubna_data_02_mir/recover-20220922/UBNA_001/20220921_090000.WAV,Telephone Field,recover-20220922,001,1795
779.0705,779.1091,68437,81956,Rhinolophus ferrumequinum,0.025,0.025,-1,Echolocation,/mnt/ubna_data_02_mir/recover-20220922/UBNA_001/20220921_090000.WAV,Telephone Field,recover-20220922,001,1795
779.0825,779.0943,35781,40229,Pipistrellus nathusii,0.013,0.024,-1,Echolocation,/mnt/ubna_data_02_mir/recover-20220922/UBNA_001/20220921_090000.WAV,Telephone Field,recover-20220922,001,1795
779.1025,779.1416,68437,82289,Rhinolophus ferrumequinum,0.023,0.023,-1,Echolocation,/mnt/ubna_data_02_mir/recover-20220922/UBNA_001/20220921_090000.WAV,Telephone Field,recover-20220922,001,1795
779.1285,779.166,68437,82352,Rhinolophus ferrumequinum,0.022,0.022,-1,Echolocation,/mnt/ubna_data_02_mir/recover-20220922/UBNA_001/20220921_090000.WAV,Telephone Field,recover-20220922,001,1795
779.1345,779.1439,42656,49144,Pipistrellus pipistrellus,0.018,0.024,-1,Echolocation,/mnt/ubna_data_02_mir/recover-20220922/UBNA_001/20220921_090000.WAV,Telephone Field,recover-20220922,001,1795
779.1595,779.1974,68437,81972,Rhinolophus ferrumequinum,0.024,0.024,-1,Echolocation,/mnt/ubna_data_02_mir/recover-20220922/UBNA_001/20220921_090000.WAV,Telephone Field,recover-20220922,001,1795
779.1885,779.1996,22031,26659,Nyctalus leisleri,0.012,0.024,-1,Echolocation,/mnt/ubna_data_02_mir/recover-20220922/UBNA_001/20220921_090000.WAV,Telephone Field,recover-20220922,001,1795
779.2195,779.2576,68437,82212,Rhinolophus ferrumequinum,0.022,0.022,-1,Echolocation,/mnt/ubna_data_02_mir/recover-20220922/UBNA_001/20220921_090000.WAV,Telephone Field,recover-20220922,001,1795
779.2445,779.2517,27187,36397,Eptesicus serotinus,0.009,0.029,-1,Echolocation,/mnt/ubna_data_02_mir/recover-20220922/UBNA_001/20220921_090000.WAV,Telephone Field,recover-20220922,001,1795
779.2615,779.3018,68437,82173,Rhinolophus ferrumequinum,0.023,0.023,-1,Echolocation,/mnt/ubna_data_02_mir/recover-20220922/UBNA_001/20220921_090000.WAV,Telephone Field,recover-20220922,001,1795
779.2665,779.3076,68437,82802,Rhinolophus ferrumequinum,0.023,0.023,-1,Echolocation,/mnt/ubna_data_02_mir/recover-20220922/UBNA_001/20220921_090000.WAV,Telephone Field,recover-20220922,001,1795
779.2885,779.3298,68437,83143,Rhinolophus ferrumequinum,0.039,0.039,-1,Echolocation,/mnt/ubna_data_02_mir/recover-20220922/UBNA_001/20220921_090000.WAV,Telephone Field,recover-20220922,001,1795
779.3145,779.3213,28046,41648,Eptesicus serotinus,0.007,0.025,-1,Echolocation,/mnt/ubna_data_02_mir/recover-20220922/UBNA_001/20220921_090000.WAV,Telephone Field,recover-20220922,001,1795
779.3265,779.3673,68437,82285,Rhinolophus ferrumequinum,0.022,0.022,-1,Echolocation,/mnt/ubna_data_02_mir/recover-20220922/UBNA_001/20220921_090000.WAV,Telephone Field,recover-20220922,001,1795
779.3395,779.3767,68437,81872,Rhinolophus ferrumequinum,0.022,0.022,-1,Echolocation,/mnt/ubna_data_02_mir/recover-20220922/UBNA_001/20220921_090000.WAV,Telephone Field,recover-20220922,001,1795
779.3515,779.3917,68437,82829,Rhinolophus ferrumequinum,0.027,0.028,-1,Echolocation,/mnt/ubna_data_02_mir/recover-20220922/UBNA_001/20220921_090000.WAV,Telephone Field,recover-20220922,001,1795
779.3745,779.3848,23750,29760,Nyctalus leisleri,0.011,0.026,-1,Echolocation,/mnt/ubna_data_02_mir/recover-20220922/UBNA_001/20220921_090000.WAV,Telephone Field,recover-20220922,001,1795
779.4245,779.4634,68437,81775,Rhinolophus ferrumequinum,0.025,0.025,-1,Echolocation,/mnt/ubna_data_02_mir/recover-20220922/UBNA_001/20220921_090000.WAV,Telephone Field,recover-20220922,001,1795
779.4675,779.5056,68437,81335,Rhinolophus ferrumequinum,0.028,0.028,-1,Echolocation,/mnt/ubna_data_02_mir/recover-20220922/UBNA_001/20220921_090000.WAV,Telephone Field,recover-20220922,001,1795
779.4905,779.5311,68437,82395,Rhinolophus ferrumequinum,0.022,0.022,-1,Echolocation,/mnt/ubna_data_02_mir/recover-20220922/UBNA_001/20220921_090000.WAV,Telephone Field,recover-20220922,001,1795
779.5105,779.5207,23750,31235,Nyctalus leisleri,0.008,0.024,-1,Echolocation,/mnt/ubna_data_02_mir/recover-20220922/UBNA_001/20220921_090000.WAV,Telephone Field,recover-20220922,001,1795
779.5235,779.5617,68437,82091,Rhinolophus ferrumequinum,0.025,0.025,-1,Echolocation,/mnt/ubna_data_02_mir/recover-20220922/UBNA_001/20220921_090000.WAV,Telephone Field,recover-20220922,001,1795
779.5315,779.5711,68437,82142,Rhinolophus ferrumequinum,0.025,0.025,-1,Echolocation,/mnt/ubna_data_02_mir/recover-20220922/UBNA_001/20220921_090000.WAV,Telephone Field,recover-20220922,001,1795
779.5415,779.5814,68437,82255,Rhinolophus ferrumequinum,0.022,0.022,-1,Echolocation,/mnt/ubna_data_02_mir/recover-20220922/UBNA_001/20220921_090000.WAV,Telephone Field,recover-20220922,001,1795
779.5485,779.5885,68437,82205,Rhinolophus ferrumequinum,0.022,0.022,-1,Echolocation,/mnt/ubna_data_02_mir/recover-20220922/UBNA_001/20220921_090000.WAV,Telephone Field,recover-20220922,001,1795
779.5605,779.5992,68437,81967,Rhinolophus ferrumequinum,0.024,0.024,-1,Echolocation,/mnt/ubna_data_02_mir/recover-20220922/UBNA_001/20220921_090000.WAV,Telephone Field,recover-20220922,001,1795
779.5655,779.605,68437,81931,Rhinolophus ferrumequinum,0.024,0.024,-1,Echolocation,/mnt/ubna_data_02_mir/recover-20220922/UBNA_001/20220921_090000.WAV,Telephone Field,recover-20220922,001,1795
779.5885,779.6229,68437,81218,Rhinolophus ferrumequinum,0.023,0.023,-1,Echolocation,/mnt/ubna_data_02_mir/recover-20220922/UBNA_001/20220921_090000.WAV,Telephone Field,recover-20220922,001,1795
779.6045,779.6107,14296,30768,Plecotus auritus,0.019,0.023,-1,Echolocation,/mnt/ubna_data_02_mir/recover-20220922/UBNA_001/20220921_090000.WAV,Telephone Field,recover-20220922,001,1795
779.6285,779.635,24609,33884,Plecotus austriacus,0.01,0.025,-1,Echolocation,/mnt/ubna_data_02_mir/recover-20220922/UBNA_001/20220921_090000.WAV,Telephone Field,recover-20220922,001,1795
779.6355,779.6746,68437,82654,Rhinolophus ferrumequinum,0.023,0.023,-1,Echolocation,/mnt/ubna_data_02_mir/recover-20220922/UBNA_001/20220921_090000.WAV,Telephone Field,recover-20220922,001,1795
779.6755,779.6816,46093,51635,Pipistrellus pipistrellus,0.022,0.024,-1,Echolocation,/mnt/ubna_data_02_mir/recover-20220922/UBNA_001/20220921_090000.WAV,Telephone Field,recover-20220922,001,1795
779.6865,779.6946,28906,39794,Eptesicus serotinus,0.008,0.025,-1,Echolocation,/mnt/ubna_data_02_mir/recover-20220922/UBNA_001/20220921_090000.WAV,Telephone Field,recover-20220922,001,1795
779.7305,779.7711,68437,82427,Rhinolophus ferrumequinum,0.023,0.023,-1,Echolocation,/mnt/ubna_data_02_mir/recover-20220922/UBNA_001/20220921_090000.WAV,Telephone Field,recover-20220922,001,1795
779.8035,779.8412,68437,82475,Rhinolophus ferrumequinum,0.023,0.023,-1,Echolocation,/mnt/ubna_data_02_mir/recover-20220922/UBNA_001/20220921_090000.WAV,Telephone Field,recover-20220922,001,1795
779.8415,779.8519,22890,28403,Nyctalus leisleri,0.011,0.024,-1,Echolocation,/mnt/ubna_data_02_mir/recover-20220922/UBNA_001/20220921_090000.WAV,Telephone Field,recover-20220922,001,1795
779.8675,779.9069,68437,82461,Rhinolophus ferrumequinum,0.026,0.026,-1,Echolocation,/mnt/ubna_data_02_mir/recover-20220922/UBNA_001/20220921_090000.WAV,Telephone Field,recover-20220922,001,1795
779.9205,779.9301,28046,36749,Eptesicus serotinus,0.009,0.024,-1,Echolocation,/mnt/ubna_data_02_mir/recover-20220922/UBNA_001/20220921_090000.WAV,Telephone Field,recover-20220922,001,1795
779.9215,779.9598,68437,82552,Rhinolophus ferrumequinum,0.045,0.045,-1,Echolocation,/mnt/ubna_data_02_mir/recover-20220922/UBNA_001/20220921_090000.WAV,Telephone Field,recover-20220922,001,1795
780.0015,780.0085,47812,57198,Pipistrellus pipistrellus,0.019,0.026,-1,Echolocation,/mnt/ubna_data_02_mir/recover-20220922/UBNA_001/20220921_090000.WAV,Telephone Field,recover-20220922,001,1795
780.0015,780.009,25468,37323,Myotis nattereri,0.004,0.023,-1,Echolocation,/mnt/ubna_data_02_mir/recover-20220922/UBNA_001/20220921_090000.WAV,Telephone Field,recover-20220922,001,1795
780.0015,780.0328,68437,79662,Rhinolophus ferrumequinum,0.022,0.023,-1,Echolocation,/mnt/ubna_data_02_mir/recover-20220922/UBNA_001/20220921_090000.WAV,Telephone Field,recover-20220922,001,1795
780.0195,780.0317,14296,19018,Nyctalus noctula,0.031,0.048,-1,Echolocation,/mnt/ubna_data_02_mir/recover-20220922/UBNA_001/20220921_090000.WAV,Telephone Field,recover-20220922,001,1795
780.0275,780.0367,28046,37844,Eptesicus serotinus,0.01,0.024,-1,Echolocation,/mnt/ubna_data_02_mir/recover-20220922/UBNA_001/20220921_090000.WAV,Telephone Field,recover-20220922,001,1795
780.0445,780.0817,68437,81581,Rhinolophus ferrumequinum,0.021,0.021,-1,Echolocation,/mnt/ubna_data_02_mir/recover-20220922/UBNA_001/20220921_090000.WAV,Telephone Field,recover-20220922,001,1795
780.0515,780.0875,68437,81726,Rhinolophus ferrumequinum,0.021,0.021,-1,Echolocation,/mnt/ubna_data_02_mir/recover-20220922/UBNA_001/20220921_090000.WAV,Telephone Field,recover-20220922,001,1795
780.0845,780.1252,68437,82188,Rhinolophus ferrumequinum,0.024,0.024,-1,Echolocation,/mnt/ubna_data_02_mir/recover-20220922/UBNA_001/20220921_090000.WAV,Telephone Field,recover-20220922,001,1795
780.0945,780.1347,68437,82438,Rhinolophus ferrumequinum,0.026,0.026,-1,Echolocation,/mnt/ubna_data_02_mir/recover-20220922/UBNA_001/20220921_090000.WAV,Telephone Field,recover-20220922,001,1795
780.1035,780.111,28906,38144,Eptesicus serotinus,0.006,0.021,-1,Echolocation,/mnt/ubna_data_02_mir/recover-20220922/UBNA_001/20220921_090000.WAV,Telephone Field,recover-20220922,001,1795
780.1035,780.1434,68437,82428,Rhinolophus ferrumequinum,0.023,0.023,-1,Echolocation,/mnt/ubna_data_02_mir/recover-20220922/UBNA_001/20220921_090000.WAV,Telephone Field,recover-20220922,001,1795
780.1145,780.1514,68437,81252,Rhinolophus ferrumequinum,0.021,0.021,-1,Echolocation,/mnt/ubna_data_02_mir/recover-20220922/UBNA_001/20220921_090000.WAV,Telephone Field,recover-20220922,001,1795
780.1205,780.1566,68437,80860,Rhinolophus ferrumequinum,0.021,0.021,-1,Echolocation,/mnt/ubna_data_02_mir/recover-20220922/UBNA_001/20220921_090000.WAV,Telephone Field,recover-20220922,001,1795
780.1285,780.1681,68437,82355,Rhinolophus ferrumequinum,0.022,0.022,-1,Echolocation,/mnt/ubna_data_02_mir/recover-20220922/UBNA_001/20220921_090000.WAV,Telephone Field,recover-20220922,001,1795
780.1525,780.1637,28046,34958,Eptesicus serotinus,0.011,0.024,-1,Echolocation,/mnt/ubna_data_02_mir/recover-20220922/UBNA_001/20220921_090000.WAV,Telephone Field,recover-20220922,001,1795
780.1795,780.2158,68437,81419,Rhinolophus ferrumequinum,0.021,0.021,-1,Echolocation,/mnt/ubna_data_02_mir/recover-20220922/UBNA_001/20220921_090000.WAV,Telephone Field,recover-20220922,001,1795
780.1865,780.2229,68437,81744,Rhinolophus ferrumequinum,0.021,0.021,-1,Echolocation,/mnt/ubna_data_02_mir/recover-20220922/UBNA_001/20220921_090000.WAV,Telephone Field,recover-20220922,001,1795
780.2005,780.2078,24609,33847,Plecotus austriacus,0.01,0.029,-1,Echolocation,/mnt/ubna_data_02_mir/recover-20220922/UBNA_001/20220921_090000.WAV,Telephone Field,recover-20220922,001,1795
780.2225,780.2617,68437,81808,Rhinolophus ferrumequinum,0.024,0.024,-1,Echolocation,/mnt/ubna_data_02_mir/recover-20220922/UBNA_001/20220921_090000.WAV,Telephone Field,recover-20220922,001,1795
780.2295,780.2668,68437,82040,Rhinolophus ferrumequinum,0.022,0.022,-1,Echolocation,/mnt/ubna_data_02_mir/recover-20220922/UBNA_001/20220921_090000.WAV,Telephone Field,recover-20220922,001,1795
780.2735,780.3139,68437,82060,Rhinolophus ferrumequinum,0.025,0.025,-1,Echolocation,/mnt/ubna_data_02_mir/recover-20220922/UBNA_001/20220921_090000.WAV,Telephone Field,recover-20220922,001,1795
780.2855,780.3258,68437,82308,Rhinolophus ferrumequinum,0.022,0.022,-1,Echolocation,/mnt/ubna_data_02_mir/recover-20220922/UBNA_001/20220921_090000.WAV,Telephone Field,recover-20220922,001,1795
780.3115,780.3465,68437,81048,Rhinolophus ferrumequinum,0.022,0.022,-1,Echolocation,/mnt/ubna_data_02_mir/recover-20220922/UBNA_001/20220921_090000.WAV,Telephone Field,recover-20220922,001,1795
780.3375,780.3729,68437,80326,Rhinolophus ferrumequinum,0.021,0.021,-1,Echolocation,/mnt/ubna_data_02_mir/recover-20220922/UBNA_001/20220921_090000.WAV,Telephone Field,recover-20220922,001,1795
780.3545,780.3923,68437,80990,Rhinolophus ferrumequinum,0.021,0.021,-1,Echolocation,/mnt/ubna_data_02_mir/recover-20220922/UBNA_001/20220921_090000.WAV,Telephone Field,recover-20220922,001,1795
780.3625,780.4025,68437,82027,Rhinolophus ferrumequinum,0.021,0.021,-1,Echolocation,/mnt/ubna_data_02_mir/recover-20220922/UBNA_001/20220921_090000.WAV,Telephone Field,recover-20220922,001,1795
780.3855,780.4271,68437,82319,Rhinolophus ferrumequinum,0.029,0.029,-1,Echolocation,/mnt/ubna_data_02_mir/recover-20220922/UBNA_001/20220921_090000.WAV,Telephone Field,recover-20220922,001,1795
780.4415,780.4838,68437,82782,Rhinolophus ferrumequinum,0.024,0.025,-1,Echolocation,/mnt/ubna_data_02_mir/recover-20220922/UBNA_001/20220921_090000.WAV,Telephone Field,recover-20220922,001,1795
780.4435,780.4522,25468,32911,Eptesicus serotinus,0.008,0.022,-1,Echolocation,/mnt/ubna_data_02_mir/recover-20220922/UBNA_001/20220921_090000.WAV,Telephone Field,recover-20220922,001,1795
780.4785,780.5181,68437,82054,Rhinolophus ferrumequinum,0.036,0.036,-1,Echolocation,/mnt/ubna_data_02_mir/recover-20220922/UBNA_001/20220921_090000.WAV,Telephone Field,recover-20220922,001,1795
780.4895,780.5291,68437,82200,Rhinolophus ferrumequinum,0.023,0.023,-1,Echolocation,/mnt/ubna_data_02_mir/recover-20220922/UBNA_001/20220921_090000.WAV,Telephone Field,recover-20220922,001,1795
780.4905,780.4967,28046,42416,Myotis daubentonii,0.005,0.026,-1,Echolocation,/mnt/ubna_data_02_mir/recover-20220922/UBNA_001/20220921_090000.WAV,Telephone Field,recover-20220922,001,1795
780.5045,780.5445,68437,82241,Rhinolophus ferrumequinum,0.023,0.023,-1,Echolocation,/mnt/ubna_data_02_mir/recover-20220922/UBNA_001/20220921_090000.WAV,Telephone Field,recover-20220922,001,1795
780.5425,780.5765,68437,81003,Rhinolophus ferrumequinum,0.021,0.021,-1,Echolocation,/mnt/ubna_data_02_mir/recover-20220922/UBNA_001/20220921_090000.WAV,Telephone Field,recover-20220922,001,1795
780.5465,780.564,18593,22979,Nyctalus noctula,0.013,0.023,-1,Echolocation,/mnt/ubna_data_02_mir/recover-20220922/UBNA_001/20220921_090000.WAV,Telephone Field,recover-20220922,001,1795
780.5635,780.6022,68437,81874,Rhinolophus ferrumequinum,0.037,0.037,-1,Echolocation,/mnt/ubna_data_02_mir/recover-20220922/UBNA_001/20220921_090000.WAV,Telephone Field,recover-20220922,001,1795
780.6155,780.653,68437,81554,Rhinolophus ferrumequinum,0.021,0.021,-1,Echolocation,/mnt/ubna_data_02_mir/recover-20220922/UBNA_001/20220921_090000.WAV,Telephone Field,recover-20220922,001,1795
780.6605,780.7,68437,82349,Rhinolophus ferrumequinum,0.026,0.026,-1,Echolocation,/mnt/ubna_data_02_mir/recover-20220922/UBNA_001/20220921_090000.WAV,Telephone Field,recover-20220922,001,1795
780.6705,780.7074,68437,81518,Rhinolophus ferrumequinum,0.021,0.021,-1,Echolocation,/mnt/ubna_data_02_mir/recover-20220922/UBNA_001/20220921_090000.WAV,Telephone Field,recover-20220922,001,1795
780.6985,780.7344,68437,80983,Rhinolophus ferrumequinum,0.028,0.028,-1,Echolocation,/mnt/ubna_data_02_mir/recover-20220922/UBNA_001/20220921_090000.WAV,Telephone Field,recover-20220922,001,1795
780.7395,780.781,68437,82770,Rhinolophus ferrumequinum,0.025,0.025,-1,Echolocation,/mnt/ubna_data_02_mir/recover-20220922/UBNA_001/20220921_090000.WAV,Telephone Field,recover-20220922,001,1795
780.7645,780.7985,68437,81484,Rhinolophus ferrumequinum,0.022,0.022,-1,Echolocation,/mnt/ubna_data_02_mir/recover-20220922/UBNA_001/20220921_090000.WAV,Telephone Field,recover-20220922,001,1795
780.7805,780.8207,68437,82733,Rhinolophus ferrumequinum,0.024,0.024,-1,Echolocation,/mnt/ubna_data_02_mir/recover-20220922/UBNA_001/20220921_090000.WAV,Telephone Field,recover-20220922,001,1795
780.8055,780.8473,68437,82356,Rhinolophus ferrumequinum,0.022,0.022,-1,Echolocation,/mnt/ubna_data_02_mir/recover-20220922/UBNA_001/20220921_090000.WAV,Telephone Field,recover-20220922,001,1795
780.8255,780.84,36640,41825,Pipistrellus nathusii,0.017,0.027,-1,Echolocation,/mnt/ubna_data_02_mir/recover-20220922/UBNA_001/20220921_090000.WAV,Telephone Field,recover-20220922,001,1795
780.8355,780.8728,68437,81522,Rhinolophus ferrumequinum,0.021,0.021,-1,Echolocation,/mnt/ubna_data_02_mir/recover-20220922/UBNA_001/20220921_090000.WAV,Telephone Field,recover-20220922,001,1795
780.8465,780.8832,68437,80856,Rhinolophus ferrumequinum,0.021,0.021,-1,Echolocation,/mnt/ubna_data_02_mir/recover-20220922/UBNA_001/20220921_090000.WAV,Telephone Field,recover-20220922,001,1795
780.8565,780.8675,24609,30899,Nyctalus leisleri,0.009,0.024,-1,Echolocation,/mnt/ubna_data_02_mir/recover-20220922/UBNA_001/20220921_090000.WAV,Telephone Field,recover-20220922,001,1795
780.8645,780.8771,22890,27320,Nyctalus leisleri,0.019,0.032,-1,Echolocation,/mnt/ubna_data_02_mir/recover-20220922/UBNA_001/20220921_090000.WAV,Telephone Field,recover-20220922,001,1795
780.8695,780.8832,38359,42024,Pipistrellus nathusii,0.017,0.023,-1,Echolocation,/mnt/ubna_data_02_mir/recover-20220922/UBNA_001/20220921_090000.WAV,Telephone Field,recover-20220922,001,1795
780.8745,780.911,68437,81688,Rhinolophus ferrumequinum,0.021,0.021,-1,Echolocation,/mnt/ubna_data_02_mir/recover-20220922/UBNA_001/20220921_090000.WAV,Telephone Field,recover-20220922,001,1795
780.9005,780.9399,68437,82057,Rhinolophus ferrumequinum,0.024,0.024,-1,Echolocation,/mnt/ubna_data_02_mir/recover-20220922/UBNA_001/20220921_090000.WAV,Telephone Field,recover-20220922,001,1795
780.9295,780.9668,68437,82043,Rhinolophus ferrumequinum,0.022,0.022,-1,Echolocation,/mnt/ubna_data_02_mir/recover-20220922/UBNA_001/20220921_090000.WAV,Telephone Field,recover-20220922,001,1795
780.9425,780.9837,68437,81733,Rhinolophus ferrumequinum,0.031,0.031,-1,Echolocation,/mnt/ubna_data_02_mir/recover-20220922/UBNA_001/20220921_090000.WAV,Telephone Field,recover-20220922,001,1795
780.9675,780.9753,28046,39521,Eptesicus serotinus,0.007,0.022,-1,Echolocation,/mnt/ubna_data_02_mir/recover-20220922/UBNA_001/20220921_090000.WAV,Telephone Field,recover-20220922,001,1795
780.9885,781.0278,68437,82182,Rhinolophus ferrumequinum,0.022,0.022,-1,Echolocation,/mnt/ubna_data_02_mir/recover-20220922/UBNA_001/20220921_090000.WAV,Telephone Field,recover-20220922,001,1795
781.0095,781.045,68437,81619,Rhinolophus ferrumequinum,0.022,0.022,-1,Echolocation,/mnt/ubna_data_02_mir/recover-20220922/UBNA_001/20220921_090000.WAV,Telephone Field,recover-20220922,001,1795
781.0465,781.0548,28046,37363,Eptesicus serotinus,0.013,0.032,-1,Echolocation,/mnt/ubna_data_02_mir/recover-20220922/UBNA_001/20220921_090000.WAV,Telephone Field,recover-20220922,001,1795
781.0705,781.0812,28046,35450,Eptesicus serotinus,0.011,0.025,-1,Echolocation,/mnt/ubna_data_02_mir/recover-20220922/UBNA_001/20220921_090000.WAV,Telephone Field,recover-20220922,001,1795
781.0815,781.0895,28046,40015,Eptesicus serotinus,0.007,0.023,-1,Echolocation,/mnt/ubna_data_02_mir/recover-20220922/UBNA_001/20220921_090000.WAV,Telephone Field,recover-20220922,001,1795
781.1165,781.1576,68437,82925,Rhinolophus ferrumequinum,0.03,0.03,-1,Echolocation,/mnt/ubna_data_02_mir/recover-20220922/UBNA_001/20220921_090000.WAV,Telephone Field,recover-20220922,001,1795
781.1425,781.1504,25468,34517,Eptesicus serotinus,0.006,0.022,-1,Echolocation,/mnt/ubna_data_02_mir/recover-20220922/UBNA_001/20220921_090000.WAV,Telephone Field,recover-20220922,001,1795
781.1585,781.1656,28046,40001,Eptesicus serotinus,0.007,0.024,-1,Echolocation,/mnt/ubna_data_02_mir/recover-20220922/UBNA_001/20220921_090000.WAV,Telephone Field,recover-20220922,001,1795
781.1685,781.2058,68437,82084,Rhinolophus ferrumequinum,0.022,0.022,-1,Echolocation,/mnt/ubna_data_02_mir/recover-20220922/UBNA_001/20220921_090000.WAV,Telephone Field,recover-20220922,001,1795
781.2075,781.2475,68437,82183,Rhinolophus ferrumequinum,0.034,0.034,-1,Echolocation,/mnt/ubna_data_02_mir/recover-20220922/UBNA_001/20220921_090000.WAV,Telephone Field,recover-20220922,001,1795
781.2215,781.2357,28046,34005,Eptesicus serotinus,0.021,0.037,-1,Echolocation,/mnt/ubna_data_02_mir/recover-20220922/UBNA_001/20220921_090000.WAV,Telephone Field,recover-20220922,001,1795
781.2835,781.2933,22031,27490,Nyctalus leisleri,0.009,0.024,-1,Echolocation,/mnt/ubna_data_02_mir/recover-20220922/UBNA_001/20220921_090000.WAV,Telephone Field,recover-20220922,001,1795
781.3035,781.3421,68437,81855,Rhinolophus ferrumequinum,0.022,0.022,-1,Echolocation,/mnt/ubna_data_02_mir/recover-20220922/UBNA_001/20220921_090000.WAV,Telephone Field,recover-20220922,001,1795
781.3095,781.3492,68437,82681,Rhinolophus ferrumequinum,0.023,0.023,-1,Echolocation,/mnt/ubna_data_02_mir/recover-20220922/UBNA_001/20220921_090000.WAV,Telephone Field,recover-20220922,001,1795
781.3385,781.3789,68437,82728,Rhinolophus ferrumequinum,0.031,0.031,-1,Echolocation,/mnt/ubna_data_02_mir/recover-20220922/UBNA_001/20220921_090000.WAV,Telephone Field,recover-20220922,001,1795
781.3595,781.3986,68437,82078,Rhinolophus ferrumequinum,0.021,0.021,-1,Echolocation,/mnt/ubna_data_02_mir/recover-20220922/UBNA_001/20220921_090000.WAV,Telephone Field,recover-20220922,001,1795
781.3955,781.4055,23750,31019,Nyctalus leisleri,0.01,0.028,-1,Echolocation,/mnt/ubna_data_02_mir/recover-20220922/UBNA_001/20220921_090000.WAV,Telephone Field,recover-20220922,001,1795
781.3965,781.4326,68437,81624,Rhinolophus ferrumequinum,0.022,0.022,-1,Echolocation,/mnt/ubna_data_02_mir/recover-20220922/UBNA_001/20220921_090000.WAV,Telephone Field,recover-20220922,001,1795
781.4125,781.4539,68437,82661,Rhinolophus ferrumequinum,0.028,0.028,-1,Echolocation,/mnt/ubna_data_02_mir/recover-20220922/UBNA_001/20220921_090000.WAV,Telephone Field,recover-20220922,001,1795
781.4195,781.4585,68437,82578,Rhinolophus ferrumequinum,0.028,0.028,-1,Echolocation,/mnt/ubna_data_02_mir/recover-20220922/UBNA_001/20220921_090000.WAV,Telephone Field,recover-20220922,001,1795
781.4395,781.4502,43515,53590,Pipistrellus pipistrellus,0.016,0.027,-1,Echolocation,/mnt/ubna_data_02_mir/recover-20220922/UBNA_001/20220921_090000.WAV,Telephone Field,recover-20220922,001,1795
781.4415,781.4809,68437,82347,Rhinolophus ferrumequinum,0.021,0.021,-1,Echolocation,/mnt/ubna_data_02_mir/recover-20220922/UBNA_001/20220921_090000.WAV,Telephone Field,recover-20220922,001,1795
781.4805,781.4882,28046,38094,Eptesicus serotinus,0.008,0.023,-1,Echolocation,/mnt/ubna_data_02_mir/recover-20220922/UBNA_001/20220921_090000.WAV,Telephone Field,recover-20220922,001,1795
781.5155,781.5557,68437,82060,Rhinolophus ferrumequinum,0.022,0.022,-1,Echolocation,/mnt/ubna_data_02_mir/recover-20220922/UBNA_001/20220921_090000.WAV,Telephone Field,recover-20220922,001,1795
781.5235,781.5617,68437,82446,Rhinolophus ferrumequinum,0.021,0.021,-1,Echolocation,/mnt/ubna_data_02_mir/recover-20220922/UBNA_001/20220921_090000.WAV,Telephone Field,recover-20220922,001,1795
781.5465,781.5826,68437,81005,Rhinolophus ferrumequinum,0.021,0.021,-1,Echolocation,/mnt/ubna_data_02_mir/recover-20220922/UBNA_001/20220921_090000.WAV,Telephone Field,recover-20220922,001,1795
781.5635,781.5988,68437,81032,Rhinolophus ferrumequinum,0.022,0.022,-1,Echolocation,/mnt/ubna_data_02_mir/recover-20220922/UBNA_001/20220921_090000.WAV,Telephone Field,recover-20220922,001,1795
781.5985,781.6079,23750,31027,Nyctalus leisleri,0.008,0.028,-1,Echolocation,/mnt/ubna_data_02_mir/recover-20220922/UBNA_001/20220921_090000.WAV,Telephone Field,recover-20220922,001,1795
781.6365,781.6771,68437,82488,Rhinolophus ferrumequinum,0.021,0.021,-1,Echolocation,/mnt/ubna_data_02_mir/recover-20220922/UBNA_001/20220921_090000.WAV,Telephone Field,recover-20220922,001,1795
781.6365,781.6456,28046,38238,Eptesicus serotinus,0.01,0.027,-1,Echolocation,/mnt/ubna_data_02_mir/recover-20220922/UBNA_001/20220921_090000.WAV,Telephone Field,recover-20220922,001,1795
781.6515,781.6925,68437,82814,Rhinolophus ferrumequinum,0.025,0.025,-1,Echolocation,/mnt/ubna_data_02_mir/recover-20220922/UBNA_001/20220921_090000.WAV,Telephone Field,recover-20220922,001,1795
781.6865,781.7263,68437,82677,Rhinolophus ferrumequinum,0.023,0.024,-1,Echolocation,/mnt/ubna_data_02_mir/recover-20220922/UBNA_001/20220921_090000.WAV,Telephone Field,recover-20220922,001,1795
781.6915,781.701,24609,31008,Eptesicus serotinus,0.007,0.022,-1,Echolocation,/mnt/ubna_data_02_mir/recover-20220922/UBNA_001/20220921_090000.WAV,Telephone Field,recover-20220922,001,1795
781.7655,781.8036,68437,82013,Rhinolophus ferrumequinum,0.021,0.021,-1,Echolocation,/mnt/ubna_data_02_mir/recover-20220922/UBNA_001/20220921_090000.WAV,Telephone Field,recover-20220922,001,1795
781.7695,781.7888,19453,21977,Nyctalus leisleri,0.012,0.023,-1,Echolocation,/mnt/ubna_data_02_mir/recover-20220922/UBNA_001/20220921_090000.WAV,Telephone Field,recover-20220922,001,1795
781.7875,781.8251,68437,82079,Rhinolophus ferrumequinum,0.023,0.023,-1,Echolocation,/mnt/ubna_data_02_mir/recover-20220922/UBNA_001/20220921_090000.WAV,Telephone Field,recover-20220922,001,1795
781.8085,781.8472,68437,81694,Rhinolophus ferrumequinum,0.044,0.044,-1,Echolocation,/mnt/ubna_data_02_mir/recover-20220922/UBNA_001/20220921_090000.WAV,Telephone Field,recover-20220922,001,1795
781.8465,781.8889,68437,82940,Rhinolophus ferrumequinum,0.025,0.025,-1,Echolocation,/mnt/ubna_data_02_mir/recover-20220922/UBNA_001/20220921_090000.WAV,Telephone Field,recover-20220922,001,1795
781.8635,781.8721,28046,37621,Eptesicus serotinus,0.007,0.022,-1,Echolocation,/mnt/ubna_data_02_mir/recover-20220922/UBNA_001/20220921_090000.WAV,Telephone Field,recover-20220922,001,1795
781.8725,781.8866,22031,25943,Nyctalus leisleri,0.016,0.026,-1,Echolocation,/mnt/ubna_data_02_mir/recover-20220922/UBNA_001/20220921_090000.WAV,Telephone Field,recover-20220922,001,1795
781.9015,781.9392,68437,81646,Rhinolophus ferrumequinum,0.021,0.021,-1,Echolocation,/mnt/ubna_data_02_mir/recover-20220922/UBNA_001/20220921_090000.WAV,Telephone Field,recover-20220922,001,1795
781.9085,781.9482,68437,81958,Rhinolophus ferrumequinum,0.021,0.021,-1,Echolocation,/mnt/ubna_data_02_mir/recover-20220922/UBNA_001/20220921_090000.WAV,Telephone Field,recover-20220922,001,1795
781.9145,781.9559,68437,81864,Rhinolophus ferrumequinum,0.021,0.021,-1,Echolocation,/mnt/ubna_data_02_mir/recover-20220922/UBNA_001/20220921_090000.WAV,Telephone Field,recover-20220922,001,1795
781.9235,781.9624,68437,81953,Rhinolophus ferrumequinum,0.021,0.021,-1,Echolocation,/mnt/ubna_data_02_mir/recover-20220922/UBNA_001/20220921_090000.WAV,Telephone Field,recover-20220922,001,1795
781.9245,781.9379,22031,26483,Nyctalus leisleri,0.026,0.051,-1,Echolocation,/mnt/ubna_data_02_mir/recover-20220922/UBNA_001/20220921_090000.WAV,Telephone Field,recover-20220922,001,1795
781.9395,781.9807,68437,82154,Rhinolophus ferrumequinum,0.023,0.023,-1,Echolocation,/mnt/ubna_data_02_mir/recover-20220922/UBNA_001/20220921_090000.WAV,Telephone Field,recover-20220922,001,1795
781.9745,781.9836,37500,43116,Pipistrellus nathusii,0.014,0.028,-1,Echolocation,/mnt/ubna_data_02_mir/recover-20220922/UBNA_001/20220921_090000.WAV,Telephone Field,recover-20220922,001,1795
782.0015,782.0306,69296,81763,Rhinolophus ferrumequinum,0.027,0.027,-1,Echolocation,/mnt/ubna_data_02_mir/recover-20220922/UBNA_001/20220921_090000.WAV,Telephone Field,recover-20220922,001,1795
782.0015,782.0095,22031,28109,Nyctalus leisleri,0.007,0.024,-1,Echolocation,/mnt/ubna_data_02_mir/recover-20220922/UBNA_001/20220921_090000.WAV,Telephone Field,recover-20220922,001,1795
782.0015,782.0108,48671,55552,Pipistrellus pipistrellus,0.018,0.025,-1,Echolocation,/mnt/ubna_data_02_mir/recover-20220922/UBNA_001/20220921_090000.WAV,Telephone Field,recover-20220922,001,1795
782.0015,782.0101,34921,43009,Pipistrellus nathusii,0.012,0.028,-1,Echolocation,/mnt/ubna_data_02_mir/recover-20220922/UBNA_001/20220921_090000.WAV,Telephone Field,recover-20220922,001,1795
782.0225,782.0311,22890,29874,Plecotus austriacus,0.009,0.023,-1,Echolocation,/mnt/ubna_data_02_mir/recover-20220922/UBNA_001/20220921_090000.WAV,Telephone Field,recover-20220922,001,1795
782.0595,782.1005,68437,82757,Rhinolophus ferrumequinum,0.023,0.023,-1,Echolocation,/mnt/ubna_data_02_mir/recover-20220922/UBNA_001/20220921_090000.WAV,Telephone Field,recover-20220922,001,1795
782.1015,782.1118,28046,35641,Eptesicus serotinus,0.013,0.025,-1,Echolocation,/mnt/ubna_data_02_mir/recover-20220922/UBNA_001/20220921_090000.WAV,Telephone Field,recover-20220922,001,1795
782.1425,782.1798,68437,80824,Rhinolophus ferrumequinum,0.023,0.023,-1,Echolocation,/mnt/ubna_data_02_mir/recover-20220922/UBNA_001/20220921_090000.WAV,Telephone Field,recover-20220922,001,1795
782.1655,782.2054,68437,82571,Rhinolophus ferrumequinum,0.024,0.024,-1,Echolocation,/mnt/ubna_data_02_mir/recover-20220922/UBNA_001/20220921_090000.WAV,Telephone Field,recover-20220922,001,1795
782.1945,782.205,22890,28306,Nyctalus leisleri,0.009,0.021,-1,Echolocation,/mnt/ubna_data_02_mir/recover-20220922/UBNA_001/20220921_090000.WAV,Telephone Field,recover-20220922,001,1795
782.1955,782.2342,68437,81969,Rhinolophus ferrumequinum,0.022,0.022,-1,Echolocation,/mnt/ubna_data_02_mir/recover-20220922/UBNA_001/20220921_090000.WAV,Telephone Field,recover-20220922,001,1795
782.2365,782.2773,68437,82850,Rhinolophus ferrumequinum,0.033,0.033,-1,Echolocation,/mnt/ubna_data_02_mir/recover-20220922/UBNA_001/20220921_090000.WAV,Telephone Field,recover-20220922,001,1795
782.2455,782.2562,28906,35571,Eptesicus serotinus,0.012,0.025,-1,Echolocation,/mnt/ubna_data_02_mir/recover-20220922/UBNA_001/20220921_090000.WAV,Telephone Field,recover-20220922,001,1795
782.2605,782.2686,23750,32299,Plecotus austriacus,0.007,0.021,-1,Echolocation,/mnt/ubna_data_02_mir/recover-20220922/UBNA_001/20220921_090000.WAV,Telephone Field,recover-20220922,001,1795
782.2675,782.2778,22890,28363,Nyctalus leisleri,0.01,0.021,-1,Echolocation,/mnt/ubna_data_02_mir/recover-20220922/UBNA_001/20220921_090000.WAV,Telephone Field,recover-20220922,001,1795
782.2885,782.2994,22031,26639,Nyctalus leisleri,0.011,0.025,-1,Echolocation,/mnt/ubna_data_02_mir/recover-20220922/UBNA_001/20220921_090000.WAV,Telephone Field,recover-20220922,001,1795
782.3045,782.3432,68437,81537,Rhinolophus ferrumequinum,0.022,0.022,-1,Echolocation,/mnt/ubna_data_02_mir/recover-20220922/UBNA_001/20220921_090000.WAV,Telephone Field,recover-20220922,001,1795
782.3175,782.3551,68437,81938,Rhinolophus ferrumequinum,0.02,0.021,-1,Echolocation,/mnt/ubna_data_02_mir/recover-20220922/UBNA_001/20220921_090000.WAV,Telephone Field,recover-20220922,001,1795
782.3635,782.4027,68437,81634,Rhinolophus ferrumequinum,0.025,0.025,-1,Echolocation,/mnt/ubna_data_02_mir/recover-20220922/UBNA_001/20220921_090000.WAV,Telephone Field,recover-20220922,001,1795
782.3965,782.438,68437,83037,Rhinolophus ferrumequinum,0.03,0.03,-1,Echolocation,/mnt/ubna_data_02_mir/recover-20220922/UBNA_001/20220921_090000.WAV,Telephone Field,recover-20220922,001,1795
782.4195,782.4281,25468,33754,Eptesicus serotinus,0.008,0.023,-1,Echolocation,/mnt/ubna_data_02_mir/recover-20220922/UBNA_001/20220921_090000.WAV,Telephone Field,recover-20220922,001,1795
782.4485,782.4578,29765,37142,Eptesicus serotinus,0.007,0.02,-1,Echolocation,/mnt/ubna_data_02_mir/recover-20220922/UBNA_001/20220921_090000.WAV,Telephone Field,recover-20220922,001,1795
782.4955,782.5067,23750,28675,Nyctalus leisleri,0.01,0.021,-1,Echolocation,/mnt/ubna_data_02_mir/recover-20220922/UBNA_001/20220921_090000.WAV,Telephone Field,recover-20220922,001,1795
782.5145,782.5521,68437,82042,Rhinolophus ferrumequinum,0.021,0.021,-1,Echolocation,/mnt/ubna_data_02_mir/recover-20220922/UBNA_001/20220921_090000.WAV,Telephone Field,recover-20220922,001,1795
782.5185,782.529,24609,30546,Nyctalus leisleri,0.011,0.03,-1,Echolocation,/mnt/ubna_data_02_mir/recover-20220922/UBNA_001/20220921_090000.WAV,Telephone Field,recover-20220922,001,1795
782.5825,782.6204,68437,81035,Rhinolophus ferrumequinum,0.022,0.022,-1,Echolocation,/mnt/ubna_data_02_mir/recover-20220922/UBNA_001/20220921_090000.WAV,Telephone Field,recover-20220922,001,1795
782.6055,782.6411,68437,81409,Rhinolophus ferrumequinum,0.023,0.023,-1,Echolocation,/mnt/ubna_data_02_mir/recover-20220922/UBNA_001/20220921_090000.WAV,Telephone Field,recover-20220922,001,1795
782.6115,782.622,23750,29236,Nyctalus leisleri,0.009,0.02,-1,Echolocation,/mnt/ubna_data_02_mir/recover-20220922/UBNA_001/20220921_090000.WAV,Telephone Field,recover-20220922,001,1795
782.6305,782.6414,28906,36973,Eptesicus serotinus,0.013,0.027,-1,Echolocation,/mnt/ubna_data_02_mir/recover-20220922/UBNA_001/20220921_090000.WAV,Telephone Field,recover-20220922,001,1795
782.6615,782.7,68437,81834,Rhinolophus ferrumequinum,0.022,0.022,-1,Echolocation,/mnt/ubna_data_02_mir/recover-20220922/UBNA_001/20220921_090000.WAV,Telephone Field,recover-20220922,001,1795
782.6675,782.7038,68437,81237,Rhinolophus ferrumequinum,0.021,0.021,-1,Echolocation,/mnt/ubna_data_02_mir/recover-20220922/UBNA_001/20220921_090000.WAV,Telephone Field,recover-20220922,001,1795
782.6855,782.724,68437,81753,Rhinolophus ferrumequinum,0.02,0.02,-1,Echolocation,/mnt/ubna_data_02_mir/recover-20220922/UBNA_001/20220921_090000.WAV,Telephone Field,recover-20220922,001,1795
782.7165,782.7554,68437,82460,Rhinolophus ferrumequinum,0.027,0.027,-1,Echolocation,/mnt/ubna_data_02_mir/recover-20220922/UBNA_001/20220921_090000.WAV,Telephone Field,recover-20220922,001,1795
782.7425,782.7536,28906,37752,Eptesicus serotinus,0.011,0.022,-1,Echolocation,/mnt/ubna_data_02_mir/recover-20220922/UBNA_001/20220921_090000.WAV,Telephone Field,recover-20220922,001,1795
782.7575,782.7657,28906,37504,Eptesicus serotinus,0.007,0.02,-1,Echolocation,/mnt/ubna_data_02_mir/recover-20220922/UBNA_001/20220921_090000.WAV,Telephone Field,recover-20220922,001,1795
782.7965,782.8365,68437,81927,Rhinolophus ferrumequinum,0.022,0.022,-1,Echolocation,/mnt/ubna_data_02_mir/recover-20220922/UBNA_001/20220921_090000.WAV,Telephone Field,recover-20220922,001,1795
782.8065,782.8461,68437,81868,Rhinolophus ferrumequinum,0.021,0.021,-1,Echolocation,/mnt/ubna_data_02_mir/recover-20220922/UBNA_001/20220921_090000.WAV,Telephone Field,recover-20220922,001,1795
782.8375,782.8468,28046,36823,Eptesicus serotinus,0.009,0.021,-1,Echolocation,/mnt/ubna_data_02_mir/recover-20220922/UBNA_001/20220921_090000.WAV,Telephone Field,recover-20220922,001,1795
782.8485,782.8885,68437,81737,Rhinolophus ferrumequinum,0.025,0.025,-1,Echolocation,/mnt/ubna_data_02_mir/recover-20220922/UBNA_001/20220921_090000.WAV,Telephone Field,recover-20220922,001,1795
782.8855,782.9242,68437,81735,Rhinolophus ferrumequinum,0.02,0.02,-1,Echolocation,/mnt/ubna_data_02_mir/recover-20220922/UBNA_001/20220921_090000.WAV,Telephone Field,recover-20220922,001,1795
782.8975,782.9077,23750,29266,Nyctalus leisleri,0.009,0.021,-1,Echolocation,/mnt/ubna_data_02_mir/recover-20220922/UBNA_001/20220921_090000.WAV,Telephone Field,recover-20220922,001,1795
782.9075,782.9463,68437,82191,Rhinolophus ferrumequinum,0.021,0.021,-1,Echolocation,/mnt/ubna_data_02_mir/recover-20220922/UBNA_001/20220921_090000.WAV,Telephone Field,recover-20220922,001,1795
782.9355,782.9742,68437,81767,Rhinolophus ferrumequinum,0.02,0.02,-1,Echolocation,/mnt/ubna_data_02_mir/recover-20220922/UBNA_001/20220921_090000.WAV,Telephone Field,recover-20220922,001,1795
782.9515,782.9885,68437,81963,Rhinolophus ferrumequinum,0.021,0.022,-1,Echolocation,/mnt/ubna_data_02_mir/recover-20220922/UBNA_001/20220921_090000.WAV,Telephone Field,recover-20220922,001,1795
782.9715,783.0119,68437,82105,Rhinolophus ferrumequinum,0.026,0.026,-1,Echolocation,/mnt/ubna_data_02_mir/recover-20220922/UBNA_001/20220921_090000.WAV,Telephone Field,recover-20220922,001,1795
783.0455,783.0858,68437,81888,Rhinolophus ferrumequinum,0.02,0.02,-1,Echolocation,/mnt/ubna_data_02_mir/recover-20220922/UBNA_001/20220921_090000.WAV,Telephone Field,recover-20220922,001,1795
783.0535,783.0967,68437,82455,Rhinolophus ferrumequinum,0.021,0.021,-1,Echolocation,/mnt/ubna_data_02_mir/recover-20220922/UBNA_001/20220921_090000.WAV,Telephone Field,recover-20220922,001,1795
783.0635,783.0731,28906,38164,Eptesicus serotinus,0.009,0.021,-1,Echolocation,/mnt/ubna_data_02_mir/recover-20220922/UBNA_001/20220921_090000.WAV,Telephone Field,recover-20220922,001,1795
783.0775,783.09,26328,31680,Eptesicus serotinus,0.009,0.022,-1,Echolocation,/mnt/ubna_data_02_mir/recover-20220922/UBNA_001/20220921_090000.WAV,Telephone Field,recover-20220922,001,1795
783.0865,783.0949,27187,40138,Eptesicus serotinus,0.006,0.021,-1,Echolocation,/mnt/ubna_data_02_mir/recover-20220922/UBNA_001/20220921_090000.WAV,Telephone Field,recover-20220922,001,1795
783.0875,783.094,31484,53365,Myotis daubentonii,0.008,0.02,-1,Echolocation,/mnt/ubna_data_02_mir/recover-20220922/UBNA_001/20220921_090000.WAV,Telephone Field,recover-20220922,001,1795
783.1015,783.1376,68437,81746,Rhinolophus ferrumequinum,0.021,0.021,-1,Echolocation,/mnt/ubna_data_02_mir/recover-20220922/UBNA_001/20220921_090000.WAV,Telephone Field,recover-20220922,001,1795
783.1505,783.16,55546,60506,Pipistrellus pygmaeus,0.018,0.021,-1,Echolocation,/mnt/ubna_data_02_mir/recover-20220922/UBNA_001/20220921_090000.WAV,Telephone Field,recover-20220922,001,1795
783.1675,783.2033,68437,81424,Rhinolophus ferrumequinum,0.02,0.02,-1,Echolocation,/mnt/ubna_data_02_mir/recover-20220922/UBNA_001/20220921_090000.WAV,Telephone Field,recover-20220922,001,1795
783.1815,783.1896,45234,51094,Pipistrellus pipistrellus,0.026,0.027,-1,Echolocation,/mnt/ubna_data_02_mir/recover-20220922/UBNA_001/20220921_090000.WAV,Telephone Field,recover-20220922,001,1795
783.1885,783.1986,23750,29568,Nyctalus leisleri,0.009,0.021,-1,Echolocation,/mnt/ubna_data_02_mir/recover-20220922/UBNA_001/20220921_090000.WAV,Telephone Field,recover-20220922,001,1795
783.1955,783.2326,68437,81389,Rhinolophus ferrumequinum,0.023,0.024,-1,Echolocation,/mnt/ubna_data_02_mir/recover-20220922/UBNA_001/20220921_090000.WAV,Telephone Field,recover-20220922,001,1795
783.2095,783.2453,68437,80528,Rhinolophus ferrumequinum,0.022,0.022,-1,Echolocation,/mnt/ubna_data_02_mir/recover-20220922/UBNA_001/20220921_090000.WAV,Telephone Field,recover-20220922,001,1795
783.2275,783.2366,35781,44230,Myotis daubentonii,0.007,0.023,-1,Echolocation,/mnt/ubna_data_02_mir/recover-20220922/UBNA_001/20220921_090000.WAV,Telephone Field,recover-20220922,001,1795
783.2505,783.2599,24609,31833,Nyctalus leisleri,0.008,0.021,-1,Echolocation,/mnt/ubna_data_02_mir/recover-20220922/UBNA_001/20220921_090000.WAV,Telephone Field,recover-20220922,001,1795
783.2725,783.3139,68437,82779,Rhinolophus ferrumequinum,0.03,0.03,-1,Echolocation,/mnt/ubna_data_02_mir/recover-20220922/UBNA_001/20220921_090000.WAV,Telephone Field,recover-20220922,001,1795
783.2805,783.3208,68437,82845,Rhinolophus ferrumequinum,0.026,0.026,-1,Echolocation,/mnt/ubna_data_02_mir/recover-20220922/UBNA_001/20220921_090000.WAV,Telephone Field,recover-20220922,001,1795
783.2915,783.2995,28046,38445,Eptesicus serotinus,0.007,0.021,-1,Echolocation,/mnt/ubna_data_02_mir/recover-20220922/UBNA_001/20220921_090000.WAV,Telephone Field,recover-20220922,001,1795
783.3005,783.3102,28906,35820,Eptesicus serotinus,0.008,0.021,-1,Echolocation,/mnt/ubna_data_02_mir/recover-20220922/UBNA_001/20220921_090000.WAV,Telephone Field,recover-20220922,001,1795
783.3255,783.3662,68437,82873,Rhinolophus ferrumequinum,0.027,0.027,-1,Echolocation,/mnt/ubna_data_02_mir/recover-20220922/UBNA_001/20220921_090000.WAV,Telephone Field,recover-20220922,001,1795
783.3425,783.3536,23750,29187,Nyctalus leisleri,0.009,0.021,-1,Echolocation,/mnt/ubna_data_02_mir/recover-20220922/UBNA_001/20220921_090000.WAV,Telephone Field,recover-20220922,001,1795
783.3835,783.4241,68437,82845,Rhinolophus ferrumequinum,0.023,0.023,-1,Echolocation,/mnt/ubna_data_02_mir/recover-20220922/UBNA_001/20220921_090000.WAV,Telephone Field,recover-20220922,001,1795
783.3855,783.3981,22890,27571,Nyctalus leisleri,0.011,0.021,-1,Echolocation,/mnt/ubna_data_02_mir/recover-20220922/UBNA_001/20220921_090000.WAV,Telephone Field,recover-20220922,001,1795
783.3935,783.4099,22031,25488,Nyctalus leisleri,0.013,0.021,-1,Echolocation,/mnt/ubna_data_02_mir/recover-20220922/UBNA_001/20220921_090000.WAV,Telephone Field,recover-20220922,001,1795
783.4035,783.4116,28046,38905,Eptesicus serotinus,0.008,0.023,-1,Echolocation,/mnt/ubna_data_02_mir/recover-20220922/UBNA_001/20220921_090000.WAV,Telephone Field,recover-20220922,001,1795
783.4145,783.4512,68437,82081,Rhinolophus ferrumequinum,0.022,0.022,-1,Echolocation,/mnt/ubna_data_02_mir/recover-20220922/UBNA_001/20220921_090000.WAV,Telephone Field,recover-20220922,001,1795
783.4535,783.4918,68437,81824,Rhinolophus ferrumequinum,0.022,0.022,-1,Echolocation,/mnt/ubna_data_02_mir/recover-20220922/UBNA_001/20220921_090000.WAV,Telephone Field,recover-20220922,001,1795
783.4645,783.5047,68437,81862,Rhinolophus ferrumequinum,0.024,0.024,-1,Echolocation,/mnt/ubna_data_02_mir/recover-20220922/UBNA_001/20220921_090000.WAV,Telephone Field,recover-20220922,001,1795
783.4765,783.4857,24609,31734,Nyctalus leisleri,0.007,0.023,-1,Echolocation,/mnt/ubna_data_02_mir/recover-20220922/UBNA_001/20220921_090000.WAV,Telephone Field,recover-20220922,001,1795
783.4845,783.4953,25468,31330,Nyctalus leisleri,0.008,0.021,-1,Echolocation,/mnt/ubna_data_02_mir/recover-20220922/UBNA_001/20220921_090000.WAV,Telephone Field,recover-20220922,001,1795
783.4905,783.5302,68437,82598,Rhinolophus ferrumequinum,0.028,0.028,-1,Echolocation,/mnt/ubna_data_02_mir/recover-20220922/UBNA_001/20220921_090000.WAV,Telephone Field,recover-20220922,001,1795
783.5265,783.5656,68437,82223,Rhinolophus ferrumequinum,0.023,0.023,-1,Echolocation,/mnt/ubna_data_02_mir/recover-20220922/UBNA_001/20220921_090000.WAV,Telephone Field,recover-20220922,001,1795
783.5535,783.5864,68437,80379,Rhinolophus ferrumequinum,0.026,0.026,-1,Echolocation,/mnt/ubna_data_02_mir/recover-20220922/UBNA_001/20220921_090000.WAV,Telephone Field,recover-20220922,001,1795
783.5615,783.5757,23750,28470,Nyctalus leisleri,0.017,0.03,-1,Echolocation,/mnt/ubna_data_02_mir/recover-20220922/UBNA_001/20220921_090000.WAV,Telephone Field,recover-20220922,001,1795
783.5795,783.588,28046,40194,Eptesicus serotinus,0.008,0.02,-1,Echolocation,/mnt/ubna_data_02_mir/recover-20220922/UBNA_001/20220921_090000.WAV,Telephone Field,recover-20220922,001,1795
783.5975,783.6357,68437,81503,Rhinolophus ferrumequinum,0.02,0.02,-1,Echolocation,/mnt/ubna_data_02_mir/recover-20220922/UBNA_001/20220921_090000.WAV,Telephone Field,recover-20220922,001,1795
783.6175,783.6252,28046,38236,Eptesicus serotinus,0.007,0.022,-1,Echolocation,/mnt/ubna_data_02_mir/recover-20220922/UBNA_001/20220921_090000.WAV,Telephone Field,recover-20220922,001,1795
783.6385,783.6458,27187,41138,Eptesicus serotinus,0.006,0.021,-1,Echolocation,/mnt/ubna_data_02_mir/recover-20220922/UBNA_001/20220921_090000.WAV,Telephone Field,recover-20220922,001,1795
783.6665,783.7043,68437,81341,Rhinolophus ferrumequinum,0.023,0.023,-1,Echolocation,/mnt/ubna_data_02_mir/recover-20220922/UBNA_001/20220921_090000.WAV,Telephone Field,recover-20220922,001,1795
783.6685,783.683,44375,47977,Pipistrellus pipistrellus,0.057,0.068,-1,Echolocation,/mnt/ubna_data_02_mir/recover-20220922/UBNA_001/20220921_090000.WAV,Telephone Field,recover-20220922,001,1795
783.7045,783.743,68437,81373,Rhinolophus ferrumequinum,0.021,0.021,-1,Echolocation,/mnt/ubna_data_02_mir/recover-20220922/UBNA_001/20220921_090000.WAV,Telephone Field,recover-20220922,001,1795
783.7115,783.7491,68437,81464,Rhinolophus ferrumequinum,0.02,0.02,-1,Echolocation,/mnt/ubna_data_02_mir/recover-20220922/UBNA_001/20220921_090000.WAV,Telephone Field,recover-20220922,001,1795
783.7385,783.7482,26328,33402,Nyctalus leisleri,0.009,0.025,-1,Echolocation,/mnt/ubna_data_02_mir/recover-20220922/UBNA_001/20220921_090000.WAV,Telephone Field,recover-20220922,001,1795
783.7545,783.7653,23750,28949,Nyctalus leisleri,0.012,0.027,-1,Echolocation,/mnt/ubna_data_02_mir/recover-20220922/UBNA_001/20220921_090000.WAV,Telephone Field,recover-20220922,001,1795
783.7835,783.7931,28046,35942,Eptesicus serotinus,0.011,0.023,-1,Echolocation,/mnt/ubna_data_02_mir/recover-20220922/UBNA_001/20220921_090000.WAV,Telephone Field,recover-20220922,001,1795
783.7855,783.8239,68437,81906,Rhinolophus ferrumequinum,0.023,0.023,-1,Echolocation,/mnt/ubna_data_02_mir/recover-20220922/UBNA_001/20220921_090000.WAV,Telephone Field,recover-20220922,001,1795
783.7985,783.8088,26328,33935,Eptesicus serotinus,0.012,0.024,-1,Echolocation,/mnt/ubna_data_02_mir/recover-20220922/UBNA_001/20220921_090000.WAV,Telephone Field,recover-20220922,001,1795
783.8355,783.8468,28906,37071,Eptesicus serotinus,0.014,0.028,-1,Echolocation,/mnt/ubna_data_02_mir/recover-20220922/UBNA_001/20220921_090000.WAV,Telephone Field,recover-20220922,001,1795
783.8695,783.8799,28046,35798,Eptesicus serotinus,0.011,0.022,-1,Echolocation,/mnt/ubna_data_02_mir/recover-20220922/UBNA_001/20220921_090000.WAV,Telephone Field,recover-20220922,001,1795
783.9395,783.9506,28046,35546,Eptesicus serotinus,0.013,0.025,-1,Echolocation,/mnt/ubna_data_02_mir/recover-20220922/UBNA_001/20220921_090000.WAV,Telephone Field,recover-20220922,001,1795
783.9565,783.993,68437,81717,Rhinolophus ferrumequinum,0.021,0.021,-1,Echolocation,/mnt/ubna_data_02_mir/recover-20220922/UBNA_001/20220921_090000.WAV,Telephone Field,recover-20220922,001,1795
783.9825,783.9921,28906,36177,Eptesicus serotinus,0.008,0.022,-1,Echolocation,/mnt/ubna_data_02_mir/recover-20220922/UBNA_001/20220921_090000.WAV,Telephone Field,recover-20220922,001,1795
784.0015,784.0116,22031,27319,Nyctalus leisleri,0.01,0.023,-1,Echolocation,/mnt/ubna_data_02_mir/recover-20220922/UBNA_001/20220921_090000.WAV,Telephone Field,recover-20220922,001,1795
784.0015,784.0097,27187,38158,Eptesicus serotinus,0.006,0.022,-1,Echolocation,/mnt/ubna_data_02_mir/recover-20220922/UBNA_001/20220921_090000.WAV,Telephone Field,recover-20220922,001,1795
784.0015,784.0327,69296,81090,Rhinolophus ferrumequinum,0.025,0.025,-1,Echolocation,/mnt/ubna_data_02_mir/recover-20220922/UBNA_001/20220921_090000.WAV,Telephone Field,recover-20220922,001,1795
784.0115,784.0488,68437,81887,Rhinolophus ferrumequinum,0.022,0.022,-1,Echolocation,/mnt/ubna_data_02_mir/recover-20220922/UBNA_001/20220921_090000.WAV,Telephone Field,recover-20220922,001,1795
784.0295,784.0445,14296,19509,Nyctalus noctula,0.022,0.032,-1,Echolocation,/mnt/ubna_data_02_mir/recover-20220922/UBNA_001/20220921_090000.WAV,Telephone Field,recover-20220922,001,1795
784.0375,784.0473,24609,31534,Eptesicus serotinus,0.008,0.024,-1,Echolocation,/mnt/ubna_data_02_mir/recover-20220922/UBNA_001/20220921_090000.WAV,Telephone Field,recover-20220922,001,1795
784.0465,784.0865,68437,82447,Rhinolophus ferrumequinum,0.023,0.023,-1,Echolocation,/mnt/ubna_data_02_mir/recover-20220922/UBNA_001/20220921_090000.WAV,Telephone Field,recover-20220922,001,1795
784.0585,784.0668,34062,44059,Myotis daubentonii,0.02,0.044,-1,Echolocation,/mnt/ubna_data_02_mir/recover-20220922/UBNA_001/20220921_090000.WAV,Telephone Field,recover-20220922,001,1795
784.0795,784.1191,68437,81364,Rhinolophus ferrumequinum,0.024,0.024,-1,Echolocation,/mnt/ubna_data_02_mir/recover-20220922/UBNA_001/20220921_090000.WAV,Telephone Field,recover-20220922,001,1795
784.1075,784.1466,68437,82155,Rhinolophus ferrumequinum,0.023,0.023,-1,Echolocation,/mnt/ubna_data_02_mir/recover-20220922/UBNA_001/20220921_090000.WAV,Telephone Field,recover-20220922,001,1795
784.1455,784.1858,68437,82378,Rhinolophus ferrumequinum,0.023,0.023,-1,Echolocation,/mnt/ubna_data_02_mir/recover-20220922/UBNA_001/20220921_090000.WAV,Telephone Field,recover-20220922,001,1795
784.1695,784.2066,68437,82026,Rhinolophus ferrumequinum,0.026,0.026,-1,Echolocation,/mnt/ubna_data_02_mir/recover-20220922/UBNA_001/20220921_090000.WAV,Telephone Field,recover-20220922,001,1795
784.1835,784.1916,26328,35363,Eptesicus serotinus,0.008,0.025,-1,Echolocation,/mnt/ubna_data_02_mir/recover-20220922/UBNA_001/20220921_090000.WAV,Telephone Field,recover-20220922,001,1795
784.1985,784.2091,22890,27758,Nyctalus leisleri,0.011,0.023,-1,Echolocation,/mnt/ubna_data_02_mir/recover-20220922/UBNA_001/20220921_090000.WAV,Telephone Field,recover-20220922,001,1795
784.2365,784.273,68437,81627,Rhinolophus ferrumequinum,0.022,0.022,-1,Echolocation,/mnt/ubna_data_02_mir/recover-20220922/UBNA_001/20220921_090000.WAV,Telephone Field,recover-20220922,001,1795
784.2695,784.3072,68437,82033,Rhinolophus ferrumequinum,0.022,0.022,-1,Echolocation,/mnt/ubna_data_02_mir/recover-20220922/UBNA_001/20220921_090000.WAV,Telephone Field,recover-20220922,001,1795
784.2705,784.2799,24609,31965,Eptesicus serotinus,0.008,0.022,-1,Echolocation,/mnt/ubna_data_02_mir/recover-20220922/UBNA_001/20220921_090000.WAV,Telephone Field,recover-20220922,001,1795
784.2955,784.3039,26328,34856,Eptesicus serotinus,0.015,0.033,-1,Echolocation,/mnt/ubna_data_02_mir/recover-20220922/UBNA_001/20220921_090000.WAV,Telephone Field,recover-20220922,001,1795
784.3005,784.3433,68437,82850,Rhinolophus ferrumequinum,0.025,0.025,-1,Echolocation,/mnt/ubna_data_02_mir/recover-20220922/UBNA_001/20220921_090000.WAV,Telephone Field,recover-20220922,001,1795
784.3035,784.3132,51250,56103,Pipistrellus pipistrellus,0.013,0.022,-1,Echolocation,/mnt/ubna_data_02_mir/recover-20220922/UBNA_001/20220921_090000.WAV,Telephone Field,recover-20220922,001,1795
784.3175,784.3265,28046,36409,Eptesicus serotinus,0.01,0.024,-1,Echolocation,/mnt/ubna_data_02_mir/recover-20220922/UBNA_001/20220921_090000.WAV,Telephone Field,recover-20220922,001,1795
784.3685,784.4112,68437,83120,Rhinolophus ferrumequinum,0.034,0.034,-1,Echolocation,/mnt/ubna_data_02_mir/recover-20220922/UBNA_001/20220921_090000.WAV,Telephone Field,recover-20220922,001,1795
784.3795,784.3885,28046,37640,Eptesicus serotinus,0.009,0.023,-1,Echolocation,/mnt/ubna_data_02_mir/recover-20220922/UBNA_001/20220921_090000.WAV,Telephone Field,recover-20220922,001,1795
784.3835,784.394,22031,27006,Nyctalus leisleri,0.01,0.021,-1,Echolocation,/mnt/ubna_data_02_mir/recover-20220922/UBNA_001/20220921_090000.WAV,Telephone Field,recover-20220922,001,1795
784.4165,784.4579,68437,83321,Rhinolophus ferrumequinum,0.025,0.025,-1,Echolocation,/mnt/ubna_data_02_mir/recover-20220922/UBNA_001/20220921_090000.WAV,Telephone Field,recover-20220922,001,1795
784.4555,784.4906,68437,80616,Rhinolophus ferrumequinum,0.029,0.029,-1,Echolocation,/mnt/ubna_data_02_mir/recover-20220922/UBNA_001/20220921_090000.WAV,Telephone Field,recover-20220922,001,1795
784.4685,784.4756,23750,32967,Plecotus austriacus,0.01,0.024,-1,Echolocation,/mnt/ubna_data_02_mir/recover-20220922/UBNA_001/20220921_090000.WAV,Telephone Field,recover-20220922,001,1795
784.4985,784.5346,68437,80510,Rhinolophus ferrumequinum,0.025,0.026,-1,Echolocation,/mnt/ubna_data_02_mir/recover-20220922/UBNA_001/20220921_090000.WAV,Telephone Field,recover-20220922,001,1795
784.5065,784.5445,68437,81469,Rhinolophus ferrumequinum,0.022,0.022,-1,Echolocation,/mnt/ubna_data_02_mir/recover-20220922/UBNA_001/20220921_090000.WAV,Telephone Field,recover-20220922,001,1795
784.5145,784.5538,68437,82565,Rhinolophus ferrumequinum,0.023,0.023,-1,Echolocation,/mnt/ubna_data_02_mir/recover-20220922/UBNA_001/20220921_090000.WAV,Telephone Field,recover-20220922,001,1795
784.5205,784.5314,27187,34337,Eptesicus serotinus,0.018,0.033,-1,Echolocation,/mnt/ubna_data_02_mir/recover-20220922/UBNA_001/20220921_090000.WAV,Telephone Field,recover-20220922,001,1795
784.5245,784.5652,68437,83052,Rhinolophus ferrumequinum,0.022,0.022,-1,Echolocation,/mnt/ubna_data_02_mir/recover-20220922/UBNA_001/20220921_090000.WAV,Telephone Field,recover-20220922,001,1795
784.5315,784.5387,47812,52845,Pipistrellus pipistrellus,0.021,0.023,-1,Echolocation,/mnt/ubna_data_02_mir/recover-20220922/UBNA_001/20220921_090000.WAV,Telephone Field,recover-20220922,001,1795
784.5335,784.5733,68437,82425,Rhinolophus ferrumequinum,0.022,0.022,-1,Echolocation,/mnt/ubna_data_02_mir/recover-20220922/UBNA_001/20220921_090000.WAV,Telephone Field,recover-20220922,001,1795
784.5525,784.5608,28046,37883,Eptesicus serotinus,0.009,0.027,-1,Echolocation,/mnt/ubna_data_02_mir/recover-20220922/UBNA_001/20220921_090000.WAV,Telephone Field,recover-20220922,001,1795
784.5705,784.6079,68437,81358,Rhinolophus ferrumequinum,0.022,0.022,-1,Echolocation,/mnt/ubna_data_02_mir/recover-20220922/UBNA_001/20220921_090000.WAV,Telephone Field,recover-20220922,001,1795
784.5825,784.6192,68437,81689,Rhinolophus ferrumequinum,0.022,0.022,-1,Echolocation,/mnt/ubna_data_02_mir/recover-20220922/UBNA_001/20220921_090000.WAV,Telephone Field,recover-20220922,001,1795
784.5915,784.6272,68437,81397,Rhinolophus ferrumequinum,0.021,0.021,-1,Echolocation,/mnt/ubna_data_02_mir/recover-20220922/UBNA_001/20220921_090000.WAV,Telephone Field,recover-20220922,001,1795
784.6005,784.6361,68437,81931,Rhinolophus ferrumequinum,0.021,0.021,-1,Echolocation,/mnt/ubna_data_02_mir/recover-20220922/UBNA_001/20220921_090000.WAV,Telephone Field,recover-20220922,001,1795
784.6025,784.6134,29765,37172,Eptesicus serotinus,0.013,0.03,-1,Echolocation,/mnt/ubna_data_02_mir/recover-20220922/UBNA_001/20220921_090000.WAV,Telephone Field,recover-20220922,001,1795
784.6055,784.6134,49531,56465,Pipistrellus pipistrellus,0.02,0.022,-1,Echolocation,/mnt/ubna_data_02_mir/recover-20220922/UBNA_001/20220921_090000.WAV,Telephone Field,recover-20220922,001,1795
784.6065,784.6446,68437,81416,Rhinolophus ferrumequinum,0.022,0.022,-1,Echolocation,/mnt/ubna_data_02_mir/recover-20220922/UBNA_001/20220921_090000.WAV,Telephone Field,recover-20220922,001,1795
784.6255,784.6313,28046,42913,Myotis daubentonii,0.008,0.035,-1,Echolocation,/mnt/ubna_data_02_mir/recover-20220922/UBNA_001/20220921_090000.WAV,Telephone Field,recover-20220922,001,1795
784.6295,784.6679,68437,81797,Rhinolophus ferrumequinum,0.024,0.024,-1,Echolocation,/mnt/ubna_data_02_mir/recover-20220922/UBNA_001/20220921_090000.WAV,Telephone Field,recover-20220922,001,1795
784.7045,784.7431,68437,82005,Rhinolophus ferrumequinum,0.022,0.022,-1,Echolocation,/mnt/ubna_data_02_mir/recover-20220922/UBNA_001/20220921_090000.WAV,Telephone Field,recover-20220922,001,1795
784.7265,784.7372,23750,29395,Nyctalus leisleri,0.01,0.023,-1,Echolocation,/mnt/ubna_data_02_mir/recover-20220922/UBNA_001/20220921_090000.WAV,Telephone Field,recover-20220922,001,1795
784.7485,784.7578,28046,36738,Eptesicus serotinus,0.008,0.023,-1,Echolocation,/mnt/ubna_data_02_mir/recover-20220922/UBNA_001/20220921_090000.WAV,Telephone Field,recover-20220922,001,1795
784.7515,784.7923,68437,82442,Rhinolophus ferrumequinum,0.021,0.021,-1,Echolocation,/mnt/ubna_data_02_mir/recover-20220922/UBNA_001/20220921_090000.WAV,Telephone Field,recover-20220922,001,1795
784.7625,784.7705,28046,38339,Eptesicus serotinus,0.007,0.025,-1,Echolocation,/mnt/ubna_data_02_mir/recover-20220922/UBNA_001/20220921_090000.WAV,Telephone Field,recover-20220922,001,1795
784.7805,784.8183,68437,81501,Rhinolophus ferrumequinum,0.022,0.022,-1,Echolocation,/mnt/ubna_data_02_mir/recover-20220922/UBNA_001/20220921_090000.WAV,Telephone Field,recover-20220922,001,1795
784.7965,784.8338,68437,81296,Rhinolophus ferrumequinum,0.022,0.022,-1,Echolocation,/mnt/ubna_data_02_mir/recover-20220922/UBNA_001/20220921_090000.WAV,Telephone Field,recover-20220922,001,1795
784.8085,784.8478,68437,82817,Rhinolophus ferrumequinum,0.022,0.022,-1,Echolocation,/mnt/ubna_data_02_mir/recover-20220922/UBNA_001/20220921_090000.WAV,Telephone Field,recover-20220922,001,1795
784.8475,784.8882,68437,82241,Rhinolophus ferrumequinum,0.023,0.023,-1,Echolocation,/mnt/ubna_data_02_mir/recover-20220922/UBNA_001/20220921_090000.WAV,Telephone Field,recover-20220922,001,1795
784.8575,784.8984,68437,82880,Rhinolophus ferrumequinum,0.026,0.026,-1,Echolocation,/mnt/ubna_data_02_mir/recover-20220922/UBNA_001/20220921_090000.WAV,Telephone Field,recover-20220922,001,1795
784.8725,784.9151,68437,82809,Rhinolophus ferrumequinum,0.028,0.028,-1,Echolocation,/mnt/ubna_data_02_mir/recover-20220922/UBNA_001/20220921_090000.WAV,Telephone Field,recover-20220922,001,1795
784.9065,784.9136,28046,39057,Eptesicus serotinus,0.006,0.022,-1,Echolocation,/mnt/ubna_data_02_mir/recover-20220922/UBNA_001/20220921_090000.WAV,Telephone Field,recover-20220922,001,1795
784.9135,784.9513,68437,81215,Rhinolophus ferrumequinum,0.022,0.022,-1,Echolocation,/mnt/ubna_data_02_mir/recover-20220922/UBNA_001/20220921_090000.WAV,Telephone Field,recover-20220922,001,1795
784.9365,784.9766,68437,82291,Rhinolophus ferrumequinum,0.035,0.035,-1,Echolocation,/mnt/ubna_data_02_mir/recover-20220922/UBNA_001/20220921_090000.WAV,Telephone Field,recover-20220922,001,1795
784.9505,784.9911,68437,82431,Rhinolophus ferrumequinum,0.03,0.03,-1,Echolocation,/mnt/ubna_data_02_mir/recover-20220922/UBNA_001/20220921_090000.WAV,Telephone Field,recover-20220922,001,1795
784.9805,784.9876,27187,36818,Eptesicus serotinus,0.006,0.025,-1,Echolocation,/mnt/ubna_data_02_mir/recover-20220922/UBNA_001/20220921_090000.WAV,Telephone Field,recover-20220922,001,1795
784.9925,785.0287,68437,81872,Rhinolophus ferrumequinum,0.025,0.025,-1,Echolocation,/mnt/ubna_data_02_mir/recover-20220922/UBNA_001/20220921_090000.WAV,Telephone Field,recover-20220922,001,1795
784.9995,785.0382,68437,82702,Rhinolophus ferrumequinum,0.029,0.029,-1,Echolocation,/mnt/ubna_data_02_mir/recover-20220922/UBNA_001/20220921_090000.WAV,Telephone Field,recover-20220922,001,1795
785.0135,785.0532,68437,82130,Rhinolophus ferrumequinum,0.027,0.027,-1,Echolocation,/mnt/ubna_data_02_mir/recover-20220922/UBNA_001/20220921_090000.WAV,Telephone Field,recover-20220922,001,1795
785.0145,785.0243,28906,37093,Eptesicus serotinus,0.009,0.024,-1,Echolocation,/mnt/ubna_data_02_mir/recover-20220922/UBNA_001/20220921_090000.WAV,Telephone Field,recover-20220922,001,1795
785.0235,785.0306,47812,55348,Pipistrellus pipistrellus,0.019,0.023,-1,Echolocation,/mnt/ubna_data_02_mir/recover-20220922/UBNA_001/20220921_090000.WAV,Telephone Field,recover-20220922,001,1795
785.0395,785.0767,68437,82161,Rhinolophus ferrumequinum,0.022,0.022,-1,Echolocation,/mnt/ubna_data_02_mir/recover-20220922/UBNA_001/20220921_090000.WAV,Telephone Field,recover-20220922,001,1795
785.0455,785.0576,24609,29704,Nyctalus leisleri,0.012,0.024,-1,Echolocation,/mnt/ubna_data_02_mir/recover-20220922/UBNA_001/20220921_090000.WAV,Telephone Field,recover-20220922,001,1795
785.0715,785.1144,68437,83246,Rhinolophus ferrumequinum,0.035,0.035,-1,Echolocation,/mnt/ubna_data_02_mir/recover-20220922/UBNA_001/20220921_090000.WAV,Telephone Field,recover-20220922,001,1795
785.0945,785.1317,68437,81210,Rhinolophus ferrumequinum,0.033,0.033,-1,Echolocation,/mnt/ubna_data_02_mir/recover-20220922/UBNA_001/20220921_090000.WAV,Telephone Field,recover-20220922,001,1795
785.1015,785.1109,26328,34946,Eptesicus serotinus,0.009,0.021,-1,Echolocation,/mnt/ubna_data_02_mir/recover-20220922/UBNA_001/20220921_090000.WAV,Telephone Field,recover-20220922,001,1795
785.1335,785.173,68437,81875,Rhinolophus ferrumequinum,0.022,0.022,-1,Echolocation,/mnt/ubna_data_02_mir/recover-20220922/UBNA_001/20220921_090000.WAV,Telephone Field,recover-20220922,001,1795
785.1485,785.1576,28906,37220,Eptesicus serotinus,0.008,0.024,-1,Echolocation,/mnt/ubna_data_02_mir/recover-20220922/UBNA_001/20220921_090000.WAV,Telephone Field,recover-20220922,001,1795
785.1715,785.211,68437,81627,Rhinolophus ferrumequinum,0.024,0.025,-1,Echolocation,/mnt/ubna_data_02_mir/recover-20220922/UBNA_001/20220921_090000.WAV,Telephone Field,recover-20220922,001,1795
785.1745,785.1847,23750,30299,Nyctalus leisleri,0.013,0.033,-1,Echolocation,/mnt/ubna_data_02_mir/recover-20220922/UBNA_001/20220921_090000.WAV,Telephone Field,recover-20220922,001,1795
785.2185,785.2291,23750,29332,Nyctalus leisleri,0.01,0.022,-1,Echolocation,/mnt/ubna_data_02_mir/recover-20220922/UBNA_001/20220921_090000.WAV,Telephone Field,recover-20220922,001,1795
785.2245,785.2634,68437,82074,Rhinolophus ferrumequinum,0.043,0.043,-1,Echolocation,/mnt/ubna_data_02_mir/recover-20220922/UBNA_001/20220921_090000.WAV,Telephone Field,recover-20220922,001,1795
785.2335,785.2733,68437,82918,Rhinolophus ferrumequinum,0.027,0.027,-1,Echolocation,/mnt/ubna_data_02_mir/recover-20220922/UBNA_001/20220921_090000.WAV,Telephone Field,recover-20220922,001,1795
785.2505,785.2904,68437,82383,Rhinolophus ferrumequinum,0.023,0.023,-1,Echolocation,/mnt/ubna_data_02_mir/recover-20220922/UBNA_001/20220921_090000.WAV,Telephone Field,recover-20220922,001,1795
785.2875,785.3245,68437,82047,Rhinolophus ferrumequinum,0.022,0.022,-1,Echolocation,/mnt/ubna_data_02_mir/recover-20220922/UBNA_001/20220921_090000.WAV,Telephone Field,recover-20220922,001,1795
785.3135,785.3351,20312,23211,Nyctalus leisleri,0.022,0.039,-1,Echolocation,/mnt/ubna_data_02_mir/recover-20220922/UBNA_001/20220921_090000.WAV,Telephone Field,recover-20220922,001,1795
785.3245,785.3665,68437,82525,Rhinolophus ferrumequinum,0.023,0.023,-1,Echolocation,/mnt/ubna_data_02_mir/recover-20220922/UBNA_001/20220921_090000.WAV,Telephone Field,recover-20220922,001,1795
785.3985,785.4364,68437,81727,Rhinolophus ferrumequinum,0.022,0.022,-1,Echolocation,/mnt/ubna_data_02_mir/recover-20220922/UBNA_001/20220921_090000.WAV,Telephone Field,recover-20220922,001,1795
785.4115,785.4512,68437,82161,Rhinolophus ferrumequinum,0.032,0.032,-1,Echolocation,/mnt/ubna_data_02_mir/recover-20220922/UBNA_001/20220921_090000.WAV,Telephone Field,recover-20220922,001,1795
785.4415,785.4491,23750,32731,Plecotus austriacus,0.009,0.023,-1,Echolocation,/mnt/ubna_data_02_mir/recover-20220922/UBNA_001/20220921_090000.WAV,Telephone Field,recover-20220922,001,1795
785.4805,785.5164,68437,81695,Rhinolophus ferrumequinum,0.025,0.025,-1,Echolocation,/mnt/ubna_data_02_mir/recover-20220922/UBNA_001/20220921_090000.WAV,Telephone Field,recover-20220922,001,1795
785.5135,785.5559,68437,82821,Rhinolophus ferrumequinum,0.045,0.045,-1,Echolocation,/mnt/ubna_data_02_mir/recover-20220922/UBNA_001/20220921_090000.WAV,Telephone Field,recover-20220922,001,1795
785.5425,785.5537,23750,29397,Nyctalus leisleri,0.012,0.025,-1,Echolocation,/mnt/ubna_data_02_mir/recover-20220922/UBNA_001/20220921_090000.WAV,Telephone Field,recover-20220922,001,1795
785.5655,785.6071,68437,82729,Rhinolophus ferrumequinum,0.052,0.052,-1,Echolocation,/mnt/ubna_data_02_mir/recover-20220922/UBNA_001/20220921_090000.WAV,Telephone Field,recover-20220922,001,1795
785.5695,785.5799,22890,27915,Nyctalus leisleri,0.011,0.023,-1,Echolocation,/mnt/ubna_data_02_mir/recover-20220922/UBNA_001/20220921_090000.WAV,Telephone Field,recover-20220922,001,1795
785.5895,785.6228,68437,79872,Rhinolophus ferrumequinum,0.023,0.023,-1,Echolocation,/mnt/ubna_data_02_mir/recover-20220922/UBNA_001/20220921_090000.WAV,Telephone Field,recover-20220922,001,1795
785.6035,785.6409,68437,82069,Rhinolophus ferrumequinum,0.022,0.022,-1,Echolocation,/mnt/ubna_data_02_mir/recover-20220922/UBNA_001/20220921_090000.WAV,Telephone Field,recover-20220922,001,1795
785.6275,785.6653,68437,82066,Rhinolophus ferrumequinum,0.034,0.034,-1,Echolocation,/mnt/ubna_data_02_mir/recover-20220922/UBNA_001/20220921_090000.WAV,Telephone Field,recover-20220922,001,1795
785.6485,785.6605,30625,36247,Eptesicus serotinus,0.01,0.03,-1,Echolocation,/mnt/ubna_data_02_mir/recover-20220922/UBNA_001/20220921_090000.WAV,Telephone Field,recover-20220922,001,1795
785.6765,785.6851,28906,37932,Eptesicus serotinus,0.008,0.024,-1,Echolocation,/mnt/ubna_data_02_mir/recover-20220922/UBNA_001/20220921_090000.WAV,Telephone Field,recover-20220922,001,1795
785.6915,785.699,23750,32033,Plecotus austriacus,0.011,0.026,-1,Echolocation,/mnt/ubna_data_02_mir/recover-20220922/UBNA_001/20220921_090000.WAV,Telephone Field,recover-20220922,001,1795
785.7365,785.7751,68437,82239,Rhinolophus ferrumequinum,0.037,0.037,-1,Echolocation,/mnt/ubna_data_02_mir/recover-20220922/UBNA_001/20220921_090000.WAV,Telephone Field,recover-20220922,001,1795
785.7615,785.796,68437,80661,Rhinolophus ferrumequinum,0.021,0.021,-1,Echolocation,/mnt/ubna_data_02_mir/recover-20220922/UBNA_001/20220921_090000.WAV,Telephone Field,recover-20220922,001,1795
785.7715,785.7812,28906,36871,Eptesicus serotinus,0.01,0.025,-1,Echolocation,/mnt/ubna_data_02_mir/recover-20220922/UBNA_001/20220921_090000.WAV,Telephone Field,recover-20220922,001,1795
785.7865,785.7934,27187,39999,Eptesicus serotinus,0.007,0.027,-1,Echolocation,/mnt/ubna_data_02_mir/recover-20220922/UBNA_001/20220921_090000.WAV,Telephone Field,recover-20220922,001,1795
785.8195,785.8298,28906,37272,Eptesicus serotinus,0.01,0.023,-1,Echolocation,/mnt/ubna_data_02_mir/recover-20220922/UBNA_001/20220921_090000.WAV,Telephone Field,recover-20220922,001,1795
785.8485,785.8864,68437,81557,Rhinolophus ferrumequinum,0.027,0.027,-1,Echolocation,/mnt/ubna_data_02_mir/recover-20220922/UBNA_001/20220921_090000.WAV,Telephone Field,recover-20220922,001,1795
785.8565,785.867,23750,29343,Nyctalus leisleri,0.014,0.029,-1,Echolocation,/mnt/ubna_data_02_mir/recover-20220922/UBNA_001/20220921_090000.WAV,Telephone Field,recover-20220922,001,1795
785.8705,785.9113,68437,82746,Rhinolophus ferrumequinum,0.027,0.027,-1,Echolocation,/mnt/ubna_data_02_mir/recover-20220922/UBNA_001/20220921_090000.WAV,Telephone Field,recover-20220922,001,1795
785.9165,785.9524,68437,81147,Rhinolophus ferrumequinum,0.024,0.024,-1,Echolocation,/mnt/ubna_data_02_mir/recover-20220922/UBNA_001/20220921_090000.WAV,Telephone Field,recover-20220922,001,1795
785.9195,785.93,22890,28523,Nyctalus leisleri,0.011,0.025,-1,Echolocation,/mnt/ubna_data_02_mir/recover-20220922/UBNA_001/20220921_090000.WAV,Telephone Field,recover-20220922,001,1795
785.9225,785.959,68437,81591,Rhinolophus ferrumequinum,0.023,0.023,-1,Echolocation,/mnt/ubna_data_02_mir/recover-20220922/UBNA_001/20220921_090000.WAV,Telephone Field,recover-20220922,001,1795
785.9455,785.9847,68437,81970,Rhinolophus ferrumequinum,0.022,0.022,-1,Echolocation,/mnt/ubna_data_02_mir/recover-20220922/UBNA_001/20220921_090000.WAV,Telephone Field,recover-20220922,001,1795
785.9585,785.9971,68437,82160,Rhinolophus ferrumequinum,0.021,0.021,-1,Echolocation,/mnt/ubna_data_02_mir/recover-20220922/UBNA_001/20220921_090000.WAV,Telephone Field,recover-20220922,001,1795
786.0015,786.0316,68437,80322,Rhinolophus ferrumequinum,0.046,0.046,-1,Echolocation,/mnt/ubna_data_02_mir/recover-20220922/UBNA_001/20220921_090000.WAV,Telephone Field,recover-20220922,001,1795
786.0015,786.0112,46953,51244,Pipistrellus pipistrellus,0.024,0.029,-1,Echolocation,/mnt/ubna_data_02_mir/recover-20220922/UBNA_001/20220921_090000.WAV,Telephone Field,recover-20220922,001,1795
786.0015,786.0105,25468,32736,Nyctalus leisleri,0.012,0.034,-1,Echolocation,/mnt/ubna_data_02_mir/recover-20220922/UBNA_001/20220921_090000.WAV,Telephone Field,recover-20220922,001,1795
786.0105,786.0513,68437,81946,Rhinolophus ferrumequinum,0.028,0.028,-1,Echolocation,/mnt/ubna_data_02_mir/recover-20220922/UBNA_001/20220921_090000.WAV,Telephone Field,recover-20220922,001,1795
786.0455,786.0877,68437,82739,Rhinolophus ferrumequinum,0.025,0.025,-1,Echolocation,/mnt/ubna_data_02_mir/recover-20220922/UBNA_001/20220921_090000.WAV,Telephone Field,recover-20220922,001,1795
786.0565,786.0956,68437,82362,Rhinolophus ferrumequinum,0.022,0.022,-1,Echolocation,/mnt/ubna_data_02_mir/recover-20220922/UBNA_001/20220921_090000.WAV,Telephone Field,recover-20220922,001,1795
786.0875,786.1263,68437,82131,Rhinolophus ferrumequinum,0.022,0.022,-1,Echolocation,/mnt/ubna_data_02_mir/recover-20220922/UBNA_001/20220921_090000.WAV,Telephone Field,recover-20220922,001,1795
786.1155,786.1252,24609,31864,Nyctalus leisleri,0.007,0.023,-1,Echolocation,/mnt/ubna_data_02_mir/recover-20220922/UBNA_001/20220921_090000.WAV,Telephone Field,recover-20220922,001,1795
786.1285,786.17,68437,83241,Rhinolophus ferrumequinum,0.024,0.024,-1,Echolocation,/mnt/ubna_data_02_mir/recover-20220922/UBNA_001/20220921_090000.WAV,Telephone Field,recover-20220922,001,1795
786.1385,786.1797,68437,83153,Rhinolophus ferrumequinum,0.022,0.022,-1,Echolocation,/mnt/ubna_data_02_mir/recover-20220922/UBNA_001/20220921_090000.WAV,Telephone Field,recover-20220922,001,1795
786.1525,786.162,22890,29108,Nyctalus leisleri,0.007,0.021,-1,Echolocation,/mnt/ubna_data_02_mir/recover-20220922/UBNA_001/20220921_090000.WAV,Telephone Field,recover-20220922,001,1795
786.1745,786.2125,68437,81794,Rhinolophus ferrumequinum,0.021,0.021,-1,Echolocation,/mnt/ubna_data_02_mir/recover-20220922/UBNA_001/20220921_090000.WAV,Telephone Field,recover-20220922,001,1795
786.1845,786.2078,16875,19535,Nyctalus noctula,0.013,0.023,-1,Echolocation,/mnt/ubna_data_02_mir/recover-20220922/UBNA_001/20220921_090000.WAV,Telephone Field,recover-20220922,001,1795
786.2035,786.242,68437,82414,Rhinolophus ferrumequinum,0.022,0.022,-1,Echolocation,/mnt/ubna_data_02_mir/recover-20220922/UBNA_001/20220921_090000.WAV,Telephone Field,recover-20220922,001,1795
786.2345,786.2752,68437,82466,Rhinolophus ferrumequinum,0.023,0.023,-1,Echolocation,/mnt/ubna_data_02_mir/recover-20220922/UBNA_001/20220921_090000.WAV,Telephone Field,recover-20220922,001,1795
786.2595,786.2686,25468,34025,Eptesicus serotinus,0.009,0.025,-1,Echolocation,/mnt/ubna_data_02_mir/recover-20220922/UBNA_001/20220921_090000.WAV,Telephone Field,recover-20220922,001,1795
786.2685,786.3083,68437,82795,Rhinolophus ferrumequinum,0.022,0.022,-1,Echolocation,/mnt/ubna_data_02_mir/recover-20220922/UBNA_001/20220921_090000.WAV,Telephone Field,recover-20220922,001,1795
786.2775,786.3117,68437,81430,Rhinolophus ferrumequinum,0.021,0.021,-1,Echolocation,/mnt/ubna_data_02_mir/recover-20220922/UBNA_001/20220921_090000.WAV,Telephone Field,recover-20220922,001,1795
786.3025,786.346,68437,83187,Rhinolophus ferrumequinum,0.03,0.03,-1,Echolocation,/mnt/ubna_data_02_mir/recover-20220922/UBNA_001/20220921_090000.WAV,Telephone Field,recover-20220922,001,1795
786.3375,786.3784,68437,82412,Rhinolophus ferrumequinum,0.023,0.023,-1,Echolocation,/mnt/ubna_data_02_mir/recover-20220922/UBNA_001/20220921_090000.WAV,Telephone Field,recover-20220922,001,1795
786.3425,786.3522,27187,34835,Eptesicus serotinus,0.012,0.023,-1,Echolocation,/mnt/ubna_data_02_mir/recover-20220922/UBNA_001/20220921_090000.WAV,Telephone Field,recover-20220922,001,1795
786.3645,786.4029,68437,82438,Rhinolophus ferrumequinum,0.027,0.027,-1,Echolocation,/mnt/ubna_data_02_mir/recover-20220922/UBNA_001/20220921_090000.WAV,Telephone Field,recover-20220922,001,1795
786.3835,786.3935,24609,31448,Nyctalus leisleri,0.009,0.023,-1,Echolocation,/mnt/ubna_data_02_mir/recover-20220922/UBNA_001/20220921_090000.WAV,Telephone Field,recover-20220922,001,1795
786.3935,786.403,27187,34944,Eptesicus serotinus,0.01,0.023,-1,Echolocation,/mnt/ubna_data_02_mir/recover-20220922/UBNA_001/20220921_090000.WAV,Telephone Field,recover-20220922,001,1795
786.3965,786.4323,68437,80985,Rhinolophus ferrumequinum,0.021,0.021,-1,Echolocation,/mnt/ubna_data_02_mir/recover-20220922/UBNA_001/20220921_090000.WAV,Telephone Field,recover-20220922,001,1795
786.4045,786.4421,68437,81864,Rhinolophus ferrumequinum,0.021,0.021,-1,Echolocation,/mnt/ubna_data_02_mir/recover-20220922/UBNA_001/20220921_090000.WAV,Telephone Field,recover-20220922,001,1795
786.4315,786.4408,22890,29809,Nyctalus leisleri,0.008,0.024,-1,Echolocation,/mnt/ubna_data_02_mir/recover-20220922/UBNA_001/20220921_090000.WAV,Telephone Field,recover-20220922,001,1795
786.4595,786.4979,68437,82392,Rhinolophus ferrumequinum,0.025,0.025,-1,Echolocation,/mnt/ubna_data_02_mir/recover-20220922/UBNA_001/20220921_090000.WAV,Telephone Field,recover-20220922,001,1795
786.4705,786.509,68437,82059,Rhinolophus ferrumequinum,0.021,0.021,-1,Echolocation,/mnt/ubna_data_02_mir/recover-20220922/UBNA_001/20220921_090000.WAV,Telephone Field,recover-20220922,001,1795
786.5325,786.5733,68437,82780,Rhinolophus ferrumequinum,0.025,0.025,-1,Echolocation,/mnt/ubna_data_02_mir/recover-20220922/UBNA_001/20220921_090000.WAV,Telephone Field,recover-20220922,001,1795
786.6515,786.6615,28906,37004,Eptesicus serotinus,0.009,0.022,-1,Echolocation,/mnt/ubna_data_02_mir/recover-20220922/UBNA_001/20220921_090000.WAV,Telephone Field,recover-20220922,001,1795
786.6515,786.6884,68437,82176,Rhinolophus ferrumequinum,0.021,0.022,-1,Echolocation,/mnt/ubna_data_02_mir/recover-20220922/UBNA_001/20220921_090000.WAV,Telephone Field,recover-20220922,001,1795
786.6765,786.7159,68437,82545,Rhinolophus ferrumequinum,0.025,0.025,-1,Echolocation,/mnt/ubna_data_02_mir/recover-20220922/UBNA_001/20220921_090000.WAV,Telephone Field,recover-20220922,001,1795
786.7065,786.743,68437,82028,Rhinolophus ferrumequinum,0.022,0.022,-1,Echolocation,/mnt/ubna_data_02_mir/recover-20220922/UBNA_001/20220921_090000.WAV,Telephone Field,recover-20220922,001,1795
786.7125,786.7235,22890,27176,Nyctalus leisleri,0.014,0.025,-1,Echolocation,/mnt/ubna_data_02_mir/recover-20220922/UBNA_001/20220921_090000.WAV,Telephone Field,recover-20220922,001,1795
786.7405,786.7791,68437,81869,Rhinolophus ferrumequinum,0.022,0.022,-1,Echolocation,/mnt/ubna_data_02_mir/recover-20220922/UBNA_001/20220921_090000.WAV,Telephone Field,recover-20220922,001,1795
786.7475,786.7894,68437,82722,Rhinolophus ferrumequinum,0.023,0.023,-1,Echolocation,/mnt/ubna_data_02_mir/recover-20220922/UBNA_001/20220921_090000.WAV,Telephone Field,recover-20220922,001,1795
786.7555,786.795,68437,82883,Rhinolophus ferrumequinum,0.024,0.024,-1,Echolocation,/mnt/ubna_data_02_mir/recover-20220922/UBNA_001/20220921_090000.WAV,Telephone Field,recover-20220922,001,1795
786.7665,786.7766,44375,47888,Pipistrellus pipistrellus,0.026,0.029,-1,Echolocation,/mnt/ubna_data_02_mir/recover-20220922/UBNA_001/20220921_090000.WAV,Telephone Field,recover-20220922,001,1795
786.7665,786.8094,68437,82895,Rhinolophus ferrumequinum,0.023,0.023,-1,Echolocation,/mnt/ubna_data_02_mir/recover-20220922/UBNA_001/20220921_090000.WAV,Telephone Field,recover-20220922,001,1795
786.7945,786.8042,22890,28547,Nyctalus leisleri,0.01,0.021,-1,Echolocation,/mnt/ubna_data_02_mir/recover-20220922/UBNA_001/20220921_090000.WAV,Telephone Field,recover-20220922,001,1795
786.8055,786.8162,23750,29105,Nyctalus leisleri,0.009,0.021,-1,Echolocation,/mnt/ubna_data_02_mir/recover-20220922/UBNA_001/20220921_090000.WAV,Telephone Field,recover-20220922,001,1795
786.8155,786.8534,68437,81736,Rhinolophus ferrumequinum,0.027,0.027,-1,Echolocation,/mnt/ubna_data_02_mir/recover-20220922/UBNA_001/20220921_090000.WAV,Telephone Field,recover-20220922,001,1795
786.8495,786.8884,68437,81743,Rhinolophus ferrumequinum,0.022,0.022,-1,Echolocation,/mnt/ubna_data_02_mir/recover-20220922/UBNA_001/20220921_090000.WAV,Telephone Field,recover-20220922,001,1795
786.8935,786.9322,68437,82423,Rhinolophus ferrumequinum,0.021,0.021,-1,Echolocation,/mnt/ubna_data_02_mir/recover-20220922/UBNA_001/20220921_090000.WAV,Telephone Field,recover-20220922,001,1795
786.9495,786.9869,68437,81083,Rhinolophus ferrumequinum,0.021,0.021,-1,Echolocation,/mnt/ubna_data_02_mir/recover-20220922/UBNA_001/20220921_090000.WAV,Telephone Field,recover-20220922,001,1795
786.9625,787.0046,68437,82561,Rhinolophus ferrumequinum,0.076,0.076,-1,Echolocation,/mnt/ubna_data_02_mir/recover-20220922/UBNA_001/20220921_090000.WAV,Telephone Field,recover-20220922,001,1795
786.9875,786.9986,44375,48463,Pipistrellus pipistrellus,0.022,0.025,-1,Echolocation,/mnt/ubna_data_02_mir/recover-20220922/UBNA_001/20220921_090000.WAV,Telephone Field,recover-20220922,001,1795
787.0035,787.0455,68437,82683,Rhinolophus ferrumequinum,0.021,0.021,-1,Echolocation,/mnt/ubna_data_02_mir/recover-20220922/UBNA_001/20220921_090000.WAV,Telephone Field,recover-20220922,001,1795
787.0095,787.0207,28906,35913,Eptesicus serotinus,0.01,0.022,-1,Echolocation,/mnt/ubna_data_02_mir/recover-20220922/UBNA_001/20220921_090000.WAV,Telephone Field,recover-20220922,001,1795
787.0245,787.0637,68437,82224,Rhinolophus ferrumequinum,0.023,0.023,-1,Echolocation,/mnt/ubna_data_02_mir/recover-20220922/UBNA_001/20220921_090000.WAV,Telephone Field,recover-20220922,001,1795
787.0285,787.0352,25468,36623,Plecotus austriacus,0.009,0.026,-1,Echolocation,/mnt/ubna_data_02_mir/recover-20220922/UBNA_001/20220921_090000.WAV,Telephone Field,recover-20220922,001,1795
787.0515,787.0604,28906,39408,Eptesicus serotinus,0.009,0.023,-1,Echolocation,/mnt/ubna_data_02_mir/recover-20220922/UBNA_001/20220921_090000.WAV,Telephone Field,recover-20220922,001,1795
787.0545,787.0944,68437,82999,Rhinolophus ferrumequinum,0.025,0.025,-1,Echolocation,/mnt/ubna_data_02_mir/recover-20220922/UBNA_001/20220921_090000.WAV,Telephone Field,recover-20220922,001,1795
787.1085,787.1496,68437,82690,Rhinolophus ferrumequinum,0.021,0.021,-1,Echolocation,/mnt/ubna_data_02_mir/recover-20220922/UBNA_001/20220921_090000.WAV,Telephone Field,recover-20220922,001,1795
787.1415,787.182,68437,82519,Rhinolophus ferrumequinum,0.022,0.022,-1,Echolocation,/mnt/ubna_data_02_mir/recover-20220922/UBNA_001/20220921_090000.WAV,Telephone Field,recover-20220922,001,1795
787.1495,787.1881,68437,82578,Rhinolophus ferrumequinum,0.022,0.022,-1,Echolocation,/mnt/ubna_data_02_mir/recover-20220922/UBNA_001/20220921_090000.WAV,Telephone Field,recover-20220922,001,1795
787.1595,787.2003,68437,82168,Rhinolophus ferrumequinum,0.025,0.025,-1,Echolocation,/mnt/ubna_data_02_mir/recover-20220922/UBNA_001/20220921_090000.WAV,Telephone Field,recover-20220922,001,1795
787.1805,787.2153,68437,81937,Rhinolophus ferrumequinum,0.022,0.022,-1,Echolocation,/mnt/ubna_data_02_mir/recover-20220922/UBNA_001/20220921_090000.WAV,Telephone Field,recover-20220922,001,1795
787.1985,787.2082,29765,37187,Eptesicus serotinus,0.009,0.022,-1,Echolocation,/mnt/ubna_data_02_mir/recover-20220922/UBNA_001/20220921_090000.WAV,Telephone Field,recover-20220922,001,1795
787.1995,787.2374,68437,81894,Rhinolophus ferrumequinum,0.024,0.024,-1,Echolocation,/mnt/ubna_data_02_mir/recover-20220922/UBNA_001/20220921_090000.WAV,Telephone Field,recover-20220922,001,1795
787.2545,787.2935,68437,82592,Rhinolophus ferrumequinum,0.024,0.024,-1,Echolocation,/mnt/ubna_data_02_mir/recover-20220922/UBNA_001/20220921_090000.WAV,Telephone Field,recover-20220922,001,1795
787.2625,787.2725,28906,36625,Eptesicus serotinus,0.01,0.024,-1,Echolocation,/mnt/ubna_data_02_mir/recover-20220922/UBNA_001/20220921_090000.WAV,Telephone Field,recover-20220922,001,1795
787.2865,787.3279,68437,82878,Rhinolophus ferrumequinum,0.024,0.024,-1,Echolocation,/mnt/ubna_data_02_mir/recover-20220922/UBNA_001/20220921_090000.WAV,Telephone Field,recover-20220922,001,1795
787.2955,787.3037,28906,39086,Eptesicus serotinus,0.007,0.021,-1,Echolocation,/mnt/ubna_data_02_mir/recover-20220922/UBNA_001/20220921_090000.WAV,Telephone Field,recover-20220922,001,1795
787.3075,787.3139,28906,42409,Eptesicus serotinus,0.008,0.028,-1,Echolocation,/mnt/ubna_data_02_mir/recover-20220922/UBNA_001/20220921_090000.WAV,Telephone Field,recover-20220922,001,1795
787.3095,787.3188,14296,20191,Nyctalus noctula,0.019,0.037,-1,Echolocation,/mnt/ubna_data_02_mir/recover-20220922/UBNA_001/20220921_090000.WAV,Telephone Field,recover-20220922,001,1795
787.3585,787.3987,68437,82384,Rhinolophus ferrumequinum,0.025,0.025,-1,Echolocation,/mnt/ubna_data_02_mir/recover-20220922/UBNA_001/20220921_090000.WAV,Telephone Field,recover-20220922,001,1795
787.3645,787.3753,22031,26829,Nyctalus leisleri,0.011,0.023,-1,Echolocation,/mnt/ubna_data_02_mir/recover-20220922/UBNA_001/20220921_090000.WAV,Telephone Field,recover-20220922,001,1795
787.3895,787.4301,68437,82676,Rhinolophus ferrumequinum,0.025,0.025,-1,Echolocation,/mnt/ubna_data_02_mir/recover-20220922/UBNA_001/20220921_090000.WAV,Telephone Field,recover-20220922,001,1795
787.4145,787.4521,68437,81878,Rhinolophus ferrumequinum,0.022,0.022,-1,Echolocation,/mnt/ubna_data_02_mir/recover-20220922/UBNA_001/20220921_090000.WAV,Telephone Field,recover-20220922,001,1795
787.4565,787.499,68437,82697,Rhinolophus ferrumequinum,0.032,0.032,-1,Echolocation,/mnt/ubna_data_02_mir/recover-20220922/UBNA_001/20220921_090000.WAV,Telephone Field,recover-20220922,001,1795
787.4975,787.5378,68437,82239,Rhinolophus ferrumequinum,0.022,0.022,-1,Echolocation,/mnt/ubna_data_02_mir/recover-20220922/UBNA_001/20220921_090000.WAV,Telephone Field,recover-20220922,001,1795
787.5285,787.5669,68437,81674,Rhinolophus ferrumequinum,0.021,0.021,-1,Echolocation,/mnt/ubna_data_02_mir/recover-20220922/UBNA_001/20220921_090000.WAV,Telephone Field,recover-20220922,001,1795
787.5395,787.5498,26328,34305,Eptesicus serotinus,0.01,0.024,-1,Echolocation,/mnt/ubna_data_02_mir/recover-20220922/UBNA_001/20220921_090000.WAV,Telephone Field,recover-20220922,001,1795
787.5545,787.5906,68437,81245,Rhinolophus ferrumequinum,0.022,0.022,-1,Echolocation,/mnt/ubna_data_02_mir/recover-20220922/UBNA_001/20220921_090000.WAV,Telephone Field,recover-20220922,001,1795
787.5635,787.6021,68437,81585,Rhinolophus ferrumequinum,0.022,0.022,-1,Echolocation,/mnt/ubna_data_02_mir/recover-20220922/UBNA_001/20220921_090000.WAV,Telephone Field,recover-20220922,001,1795
787.5695,787.5798,23750,29709,Nyctalus leisleri,0.01,0.024,-1,Echolocation,/mnt/ubna_data_02_mir/recover-20220922/UBNA_001/20220921_090000.WAV,Telephone Field,recover-20220922,001,1795
787.6135,787.654,68437,82569,Rhinolophus ferrumequinum,0.022,0.022,-1,Echolocation,/mnt/ubna_data_02_mir/recover-20220922/UBNA_001/20220921_090000.WAV,Telephone Field,recover-20220922,001,1795
787.6165,787.6235,27187,39077,Eptesicus serotinus,0.007,0.023,-1,Echolocation,/mnt/ubna_data_02_mir/recover-20220922/UBNA_001/20220921_090000.WAV,Telephone Field,recover-20220922,001,1795
787.6225,787.66,68437,82164,Rhinolophus ferrumequinum,0.021,0.021,-1,Echolocation,/mnt/ubna_data_02_mir/recover-20220922/UBNA_001/20220921_090000.WAV,Telephone Field,recover-20220922,001,1795
787.6455,787.682,68437,81804,Rhinolophus ferrumequinum,0.023,0.023,-1,Echolocation,/mnt/ubna_data_02_mir/recover-20220922/UBNA_001/20220921_090000.WAV,Telephone Field,recover-20220922,001,1795
787.6595,787.6679,24609,32633,Nyctalus leisleri,0.006,0.022,-1,Echolocation,/mnt/ubna_data_02_mir/recover-20220922/UBNA_001/20220921_090000.WAV,Telephone Field,recover-20220922,001,1795
787.6665,787.6777,23750,29426,Nyctalus leisleri,0.009,0.021,-1,Echolocation,/mnt/ubna_data_02_mir/recover-20220922/UBNA_001/20220921_090000.WAV,Telephone Field,recover-20220922,001,1795
787.6895,787.728,68437,81683,Rhinolophus ferrumequinum,0.021,0.021,-1,Echolocation,/mnt/ubna_data_02_mir/recover-20220922/UBNA_001/20220921_090000.WAV,Telephone Field,recover-20220922,001,1795
787.7815,787.8223,68437,82742,Rhinolophus ferrumequinum,0.022,0.022,-1,Echolocation,/mnt/ubna_data_02_mir/recover-20220922/UBNA_001/20220921_090000.WAV,Telephone Field,recover-20220922,001,1795
787.7915,787.8013,29765,37557,Eptesicus serotinus,0.008,0.022,-1,Echolocation,/mnt/ubna_data_02_mir/recover-20220922/UBNA_001/20220921_090000.WAV,Telephone Field,recover-20220922,001,1795
787.7995,787.8116,33203,37091,Nyctalus leisleri,0.006,0.023,-1,Echolocation,/mnt/ubna_data_02_mir/recover-20220922/UBNA_001/20220921_090000.WAV,Telephone Field,recover-20220922,001,1795
787.8275,787.836,23750,31868,Plecotus austriacus,0.009,0.024,-1,Echolocation,/mnt/ubna_data_02_mir/recover-20220922/UBNA_001/20220921_090000.WAV,Telephone Field,recover-20220922,001,1795
787.8335,787.8709,68437,82236,Rhinolophus ferrumequinum,0.023,0.023,-1,Echolocation,/mnt/ubna_data_02_mir/recover-20220922/UBNA_001/20220921_090000.WAV,Telephone Field,recover-20220922,001,1795
787.8425,787.8541,23750,29150,Nyctalus leisleri,0.014,0.029,-1,Echolocation,/mnt/ubna_data_02_mir/recover-20220922/UBNA_001/20220921_090000.WAV,Telephone Field,recover-20220922,001,1795
787.8555,787.8942,68437,82433,Rhinolophus ferrumequinum,0.024,0.024,-1,Echolocation,/mnt/ubna_data_02_mir/recover-20220922/UBNA_001/20220921_090000.WAV,Telephone Field,recover-20220922,001,1795
787.8865,787.9249,68437,82522,Rhinolophus ferrumequinum,0.022,0.022,-1,Echolocation,/mnt/ubna_data_02_mir/recover-20220922/UBNA_001/20220921_090000.WAV,Telephone Field,recover-20220922,001,1795
787.8905,787.8999,36640,45644,Pipistrellus nathusii,0.007,0.026,-1,Echolocation,/mnt/ubna_data_02_mir/recover-20220922/UBNA_001/20220921_090000.WAV,Telephone Field,recover-20220922,001,1795
787.9005,787.9392,68437,82875,Rhinolophus ferrumequinum,0.025,0.025,-1,Echolocation,/mnt/ubna_data_02_mir/recover-20220922/UBNA_001/20220921_090000.WAV,Telephone Field,recover-20220922,001,1795
787.9425,787.9512,25468,34095,Eptesicus serotinus,0.008,0.025,-1,Echolocation,/mnt/ubna_data_02_mir/recover-20220922/UBNA_001/20220921_090000.WAV,Telephone Field,recover-20220922,001,1795
787.9445,787.9827,68437,82307,Rhinolophus ferrumequinum,0.021,0.021,-1,Echolocation,/mnt/ubna_data_02_mir/recover-20220922/UBNA_001/20220921_090000.WAV,Telephone Field,recover-20220922,001,1795
788.0015,788.0179,16875,21527,Nyctalus noctula,0.018,0.038,-1,Echolocation,/mnt/ubna_data_02_mir/recover-20220922/UBNA_001/20220921_090000.WAV,Telephone Field,recover-20220922,001,1795
788.0015,788.0327,69296,81374,Rhinolophus ferrumequinum,0.023,0.023,-1,Echolocation,/mnt/ubna_data_02_mir/recover-20220922/UBNA_001/20220921_090000.WAV,Telephone Field,recover-20220922,001,1795
788.0505,788.0939,68437,82897,Rhinolophus ferrumequinum,0.033,0.033,-1,Echolocation,/mnt/ubna_data_02_mir/recover-20220922/UBNA_001/20220921_090000.WAV,Telephone Field,recover-20220922,001,1795
788.0945,788.1309,68437,81286,Rhinolophus ferrumequinum,0.022,0.023,-1,Echolocation,/mnt/ubna_data_02_mir/recover-20220922/UBNA_001/20220921_090000.WAV,Telephone Field,recover-20220922,001,1795
788.1415,788.1796,68437,82199,Rhinolophus ferrumequinum,0.026,0.026,-1,Echolocation,/mnt/ubna_data_02_mir/recover-20220922/UBNA_001/20220921_090000.WAV,Telephone Field,recover-20220922,001,1795
788.2055,788.2451,68437,82269,Rhinolophus ferrumequinum,0.024,0.024,-1,Echolocation,/mnt/ubna_data_02_mir/recover-20220922/UBNA_001/20220921_090000.WAV,Telephone Field,recover-20220922,001,1795
788.2315,788.2681,68437,81648,Rhinolophus ferrumequinum,0.024,0.024,-1,Echolocation,/mnt/ubna_data_02_mir/recover-20220922/UBNA_001/20220921_090000.WAV,Telephone Field,recover-20220922,001,1795
788.2705,788.2776,27187,40812,Eptesicus serotinus,0.006,0.022,-1,Echolocation,/mnt/ubna_data_02_mir/recover-20220922/UBNA_001/20220921_090000.WAV,Telephone Field,recover-20220922,001,1795
788.2715,788.2823,22031,27594,Nyctalus leisleri,0.01,0.024,-1,Echolocation,/mnt/ubna_data_02_mir/recover-20220922/UBNA_001/20220921_090000.WAV,Telephone Field,recover-20220922,001,1795
788.2925,788.3291,68437,81936,Rhinolophus ferrumequinum,0.045,0.045,-1,Echolocation,/mnt/ubna_data_02_mir/recover-20220922/UBNA_001/20220921_090000.WAV,Telephone Field,recover-20220922,001,1795
788.3205,788.3598,68437,82886,Rhinolophus ferrumequinum,0.032,0.032,-1,Echolocation,/mnt/ubna_data_02_mir/recover-20220922/UBNA_001/20220921_090000.WAV,Telephone Field,recover-20220922,001,1795
788.3325,788.3413,28906,37665,Eptesicus serotinus,0.008,0.021,-1,Echolocation,/mnt/ubna_data_02_mir/recover-20220922/UBNA_001/20220921_090000.WAV,Telephone Field,recover-20220922,001,1795
788.3325,788.368,68437,81830,Rhinolophus ferrumequinum,0.023,0.023,-1,Echolocation,/mnt/ubna_data_02_mir/recover-20220922/UBNA_001/20220921_090000.WAV,Telephone Field,recover-20220922,001,1795
788.3395,788.38,68437,82507,Rhinolophus ferrumequinum,0.024,0.024,-1,Echolocation,/mnt/ubna_data_02_mir/recover-20220922/UBNA_001/20220921_090000.WAV,Telephone Field,recover-20220922,001,1795
788.3725,788.4117,68437,81763,Rhinolophus ferrumequinum,0.023,0.023,-1,Echolocation,/mnt/ubna_data_02_mir/recover-20220922/UBNA_001/20220921_090000.WAV,Telephone Field,recover-20220922,001,1795
788.3805,788.3886,28046,38723,Eptesicus serotinus,0.008,0.022,-1,Echolocation,/mnt/ubna_data_02_mir/recover-20220922/UBNA_001/20220921_090000.WAV,Telephone Field,recover-20220922,001,1795
788.4125,788.4532,68437,82658,Rhinolophus ferrumequinum,0.03,0.03,-1,Echolocation,/mnt/ubna_data_02_mir/recover-20220922/UBNA_001/20220921_090000.WAV,Telephone Field,recover-20220922,001,1795
788.4725,788.5131,68437,82746,Rhinolophus ferrumequinum,0.028,0.028,-1,Echolocation,/mnt/ubna_data_02_mir/recover-20220922/UBNA_001/20220921_090000.WAV,Telephone Field,recover-20220922,001,1795
788.4905,788.5316,68437,82602,Rhinolophus ferrumequinum,0.023,0.023,-1,Echolocation,/mnt/ubna_data_02_mir/recover-20220922/UBNA_001/20220921_090000.WAV,Telephone Field,recover-20220922,001,1795
788.5305,788.5665,68437,81127,Rhinolophus ferrumequinum,0.02,0.02,-1,Echolocation,/mnt/ubna_data_02_mir/recover-20220922/UBNA_001/20220921_090000.WAV,Telephone Field,recover-20220922,001,1795
788.5455,788.5803,68437,81355,Rhinolophus ferrumequinum,0.02,0.02,-1,Echolocation,/mnt/ubna_data_02_mir/recover-20220922/UBNA_001/20220921_090000.WAV,Telephone Field,recover-20220922,001,1795
788.5695,788.576,25468,34710,Plecotus austriacus,0.007,0.024,-1,Echolocation,/mnt/ubna_data_02_mir/recover-20220922/UBNA_001/20220921_090000.WAV,Telephone Field,recover-20220922,001,1795
788.5705,788.6128,68437,82977,Rhinolophus ferrumequinum,0.029,0.029,-1,Echolocation,/mnt/ubna_data_02_mir/recover-20220922/UBNA_001/20220921_090000.WAV,Telephone Field,recover-20220922,001,1795
788.6045,788.6148,24609,31288,Nyctalus leisleri,0.008,0.022,-1,Echolocation,/mnt/ubna_data_02_mir/recover-20220922/UBNA_001/20220921_090000.WAV,Telephone Field,recover-20220922,001,1795
788.6115,788.651,68437,82496,Rhinolophus ferrumequinum,0.021,0.021,-1,Echolocation,/mnt/ubna_data_02_mir/recover-20220922/UBNA_001/20220921_090000.WAV,Telephone Field,recover-20220922,001,1795
788.6135,788.6205,51250,55293,Pipistrellus pipistrellus,0.018,0.021,-1,Echolocation,/mnt/ubna_data_02_mir/recover-20220922/UBNA_001/20220921_090000.WAV,Telephone Field,recover-20220922,001,1795
788.6375,788.6767,69296,81397,Rhinolophus ferrumequinum,0.03,0.03,-1,Echolocation,/mnt/ubna_data_02_mir/recover-20220922/UBNA_001/20220921_090000.WAV,Telephone Field,recover-20220922,001,1795
788.6535,788.6614,22890,29850,Plecotus austriacus,0.008,0.02,-1,Echolocation,/mnt/ubna_data_02_mir/recover-20220922/UBNA_001/20220921_090000.WAV,Telephone Field,recover-20220922,001,1795
788.6575,788.6943,68437,82208,Rhinolophus ferrumequinum,0.023,0.023,-1,Echolocation,/mnt/ubna_data_02_mir/recover-20220922/UBNA_001/20220921_090000.WAV,Telephone Field,recover-20220922,001,1795
788.6715,788.7066,68437,81623,Rhinolophus ferrumequinum,0.023,0.023,-1,Echolocation,/mnt/ubna_data_02_mir/recover-20220922/UBNA_001/20220921_090000.WAV,Telephone Field,recover-20220922,001,1795
788.6725,788.6812,28046,35498,Eptesicus serotinus,0.016,0.033,-1,Echolocation,/mnt/ubna_data_02_mir/recover-20220922/UBNA_001/20220921_090000.WAV,Telephone Field,recover-20220922,001,1795
788.6995,788.7404,68437,83212,Rhinolophus ferrumequinum,0.028,0.028,-1,Echolocation,/mnt/ubna_data_02_mir/recover-20220922/UBNA_001/20220921_090000.WAV,Telephone Field,recover-20220922,001,1795
788.7315,788.7395,28046,38651,Eptesicus serotinus,0.008,0.021,-1,Echolocation,/mnt/ubna_data_02_mir/recover-20220922/UBNA_001/20220921_090000.WAV,Telephone Field,recover-20220922,001,1795
788.7325,788.7687,68437,81239,Rhinolophus ferrumequinum,0.021,0.021,-1,Echolocation,/mnt/ubna_data_02_mir/recover-20220922/UBNA_001/20220921_090000.WAV,Telephone Field,recover-20220922,001,1795
788.7405,788.7787,68437,82598,Rhinolophus ferrumequinum,0.022,0.022,-1,Echolocation,/mnt/ubna_data_02_mir/recover-20220922/UBNA_001/20220921_090000.WAV,Telephone Field,recover-20220922,001,1795
788.7755,788.816,68437,82674,Rhinolophus ferrumequinum,0.022,0.022,-1,Echolocation,/mnt/ubna_data_02_mir/recover-20220922/UBNA_001/20220921_090000.WAV,Telephone Field,recover-20220922,001,1795
788.7985,788.8055,24609,32948,Plecotus austriacus,0.009,0.023,-1,Echolocation,/mnt/ubna_data_02_mir/recover-20220922/UBNA_001/20220921_090000.WAV,Telephone Field,recover-20220922,001,1795
788.8065,788.8468,68437,82481,Rhinolophus ferrumequinum,0.022,0.022,-1,Echolocation,/mnt/ubna_data_02_mir/recover-20220922/UBNA_001/20220921_090000.WAV,Telephone Field,recover-20220922,001,1795
788.8135,788.8536,68437,82247,Rhinolophus ferrumequinum,0.021,0.021,-1,Echolocation,/mnt/ubna_data_02_mir/recover-20220922/UBNA_001/20220921_090000.WAV,Telephone Field,recover-20220922,001,1795
788.8165,788.827,23750,29567,Nyctalus leisleri,0.009,0.021,-1,Echolocation,/mnt/ubna_data_02_mir/recover-20220922/UBNA_001/20220921_090000.WAV,Telephone Field,recover-20220922,001,1795
788.8485,788.8849,68437,81072,Rhinolophus ferrumequinum,0.021,0.021,-1,Echolocation,/mnt/ubna_data_02_mir/recover-20220922/UBNA_001/20220921_090000.WAV,Telephone Field,recover-20220922,001,1795
788.8595,788.8954,68437,81953,Rhinolophus ferrumequinum,0.022,0.022,-1,Echolocation,/mnt/ubna_data_02_mir/recover-20220922/UBNA_001/20220921_090000.WAV,Telephone Field,recover-20220922,001,1795
788.8975,788.905,24609,32463,Plecotus austriacus,0.008,0.027,-1,Echolocation,/mnt/ubna_data_02_mir/recover-20220922/UBNA_001/20220921_090000.WAV,Telephone Field,recover-20220922,001,1795
788.9045,788.9433,68437,82193,Rhinolophus ferrumequinum,0.023,0.023,-1,Echolocation,/mnt/ubna_data_02_mir/recover-20220922/UBNA_001/20220921_090000.WAV,Telephone Field,recover-20220922,001,1795
788.9355,788.9691,68437,80630,Rhinolophus ferrumequinum,0.024,0.024,-1,Echolocation,/mnt/ubna_data_02_mir/recover-20220922/UBNA_001/20220921_090000.WAV,Telephone Field,recover-20220922,001,1795
788.9465,788.9558,28906,36965,Eptesicus serotinus,0.009,0.022,-1,Echolocation,/mnt/ubna_data_02_mir/recover-20220922/UBNA_001/20220921_090000.WAV,Telephone Field,recover-20220922,001,1795
788.9635,788.9717,22890,30527,Plecotus austriacus,0.009,0.02,-1,Echolocation,/mnt/ubna_data_02_mir/recover-20220922/UBNA_001/20220921_090000.WAV,Telephone Field,recover-20220922,001,1795
788.9915,789.0015,23750,29842,Nyctalus leisleri,0.008,0.021,-1,Echolocation,/mnt/ubna_data_02_mir/recover-20220922/UBNA_001/20220921_090000.WAV,Telephone Field,recover-20220922,001,1795
789.0035,789.0142,28046,35743,Eptesicus serotinus,0.015,0.028,-1,Echolocation,/mnt/ubna_data_02_mir/recover-20220922/UBNA_001/20220921_090000.WAV,Telephone Field,recover-20220922,001,1795
789.0475,789.0843,68437,81854,Rhinolophus ferrumequinum,0.021,0.021,-1,Echolocation,/mnt/ubna_data_02_mir/recover-20220922/UBNA_001/20220921_090000.WAV,Telephone Field,recover-20220922,001,1795
789.0495,789.0607,24609,31471,Eptesicus serotinus,0.011,0.027,-1,Echolocation,/mnt/ubna_data_02_mir/recover-20220922/UBNA_001/20220921_090000.WAV,Telephone Field,recover-20220922,001,1795
789.0735,789.1122,68437,81526,Rhinolophus ferrumequinum,0.024,0.024,-1,Echolocation,/mnt/ubna_data_02_mir/recover-20220922/UBNA_001/20220921_090000.WAV,Telephone Field,recover-20220922,001,1795
789.0795,789.1171,68437,81709,Rhinolophus ferrumequinum,0.023,0.023,-1,Echolocation,/mnt/ubna_data_02_mir/recover-20220922/UBNA_001/20220921_090000.WAV,Telephone Field,recover-20220922,001,1795
789.0915,789.1258,68437,81166,Rhinolophus ferrumequinum,0.02,0.02,-1,Echolocation,/mnt/ubna_data_02_mir/recover-20220922/UBNA_001/20220921_090000.WAV,Telephone Field,recover-20220922,001,1795
789.1075,789.1148,28046,40970,Eptesicus serotinus,0.006,0.021,-1,Echolocation,/mnt/ubna_data_02_mir/recover-20220922/UBNA_001/20220921_090000.WAV,Telephone Field,recover-20220922,001,1795
789.1085,789.1181,22890,29308,Nyctalus leisleri,0.008,0.021,-1,Echolocation,/mnt/ubna_data_02_mir/recover-20220922/UBNA_001/20220921_090000.WAV,Telephone Field,recover-20220922,001,1795
789.1215,789.1307,28046,35462,Eptesicus serotinus,0.01,0.021,-1,Echolocation,/mnt/ubna_data_02_mir/recover-20220922/UBNA_001/20220921_090000.WAV,Telephone Field,recover-20220922,001,1795
789.1975,789.2349,68437,81790,Rhinolophus ferrumequinum,0.025,0.025,-1,Echolocation,/mnt/ubna_data_02_mir/recover-20220922/UBNA_001/20220921_090000.WAV,Telephone Field,recover-20220922,001,1795
789.1985,789.2059,28906,38429,Eptesicus serotinus,0.008,0.026,-1,Echolocation,/mnt/ubna_data_02_mir/recover-20220922/UBNA_001/20220921_090000.WAV,Telephone Field,recover-20220922,001,1795
789.2475,789.2832,68437,81774,Rhinolophus ferrumequinum,0.023,0.023,-1,Echolocation,/mnt/ubna_data_02_mir/recover-20220922/UBNA_001/20220921_090000.WAV,Telephone Field,recover-20220922,001,1795
789.2715,789.3112,68437,81857,Rhinolophus ferrumequinum,0.021,0.021,-1,Echolocation,/mnt/ubna_data_02_mir/recover-20220922/UBNA_001/20220921_090000.WAV,Telephone Field,recover-20220922,001,1795
789.2895,789.3266,68437,81925,Rhinolophus ferrumequinum,0.02,0.02,-1,Echolocation,/mnt/ubna_data_02_mir/recover-20220922/UBNA_001/20220921_090000.WAV,Telephone Field,recover-20220922,001,1795
789.3145,789.323,26328,36771,Eptesicus serotinus,0.009,0.022,-1,Echolocation,/mnt/ubna_data_02_mir/recover-20220922/UBNA_001/20220921_090000.WAV,Telephone Field,recover-20220922,001,1795
789.3235,789.3621,68437,81634,Rhinolophus ferrumequinum,0.024,0.024,-1,Echolocation,/mnt/ubna_data_02_mir/recover-20220922/UBNA_001/20220921_090000.WAV,Telephone Field,recover-20220922,001,1795
789.3425,789.3493,24609,33571,Plecotus austriacus,0.008,0.021,-1,Echolocation,/mnt/ubna_data_02_mir/recover-20220922/UBNA_001/20220921_090000.WAV,Telephone Field,recover-20220922,001,1795
789.3765,789.4105,68437,80896,Rhinolophus ferrumequinum,0.022,0.022,-1,Echolocation,/mnt/ubna_data_02_mir/recover-20220922/UBNA_001/20220921_090000.WAV,Telephone Field,recover-20220922,001,1795
789.3965,789.4078,22031,27079,Nyctalus leisleri,0.013,0.03,-1,Echolocation,/mnt/ubna_data_02_mir/recover-20220922/UBNA_001/20220921_090000.WAV,Telephone Field,recover-20220922,001,1795
789.4435,789.4809,68437,82386,Rhinolophus ferrumequinum,0.023,0.023,-1,Echolocation,/mnt/ubna_data_02_mir/recover-20220922/UBNA_001/20220921_090000.WAV,Telephone Field,recover-20220922,001,1795
789.4575,789.4994,68437,83057,Rhinolophus ferrumequinum,0.033,0.033,-1,Echolocation,/mnt/ubna_data_02_mir/recover-20220922/UBNA_001/20220921_090000.WAV,Telephone Field,recover-20220922,001,1795
789.4685,789.509,68437,82349,Rhinolophus ferrumequinum,0.02,0.02,-1,Echolocation,/mnt/ubna_data_02_mir/recover-20220922/UBNA_001/20220921_090000.WAV,Telephone Field,recover-20220922,001,1795
789.4745,789.5154,68437,82440,Rhinolophus ferrumequinum,0.022,0.022,-1,Echolocation,/mnt/ubna_data_02_mir/recover-20220922/UBNA_001/20220921_090000.WAV,Telephone Field,recover-20220922,001,1795
789.4775,789.4838,27187,36987,Plecotus auritus,0.014,0.041,-1,Echolocation,/mnt/ubna_data_02_mir/recover-20220922/UBNA_001/20220921_090000.WAV,Telephone Field,recover-20220922,001,1795
789.4995,789.5098,28906,34894,Eptesicus serotinus,0.011,0.023,-1,Echolocation,/mnt/ubna_data_02_mir/recover-20220922/UBNA_001/20220921_090000.WAV,Telephone Field,recover-20220922,001,1795
789.5005,789.5379,68437,82044,Rhinolophus ferrumequinum,0.022,0.022,-1,Echolocation,/mnt/ubna_data_02_mir/recover-20220922/UBNA_001/20220921_090000.WAV,Telephone Field,recover-20220922,001,1795
789.5125,789.5497,68437,81991,Rhinolophus ferrumequinum,0.02,0.021,-1,Echolocation,/mnt/ubna_data_02_mir/recover-20220922/UBNA_001/20220921_090000.WAV,Telephone Field,recover-20220922,001,1795
789.5295,789.5652,68437,80963,Rhinolophus ferrumequinum,0.022,0.022,-1,Echolocation,/mnt/ubna_data_02_mir/recover-20220922/UBNA_001/20220921_090000.WAV,Telephone Field,recover-20220922,001,1795
789.5315,789.5421,23750,29218,Nyctalus leisleri,0.01,0.021,-1,Echolocation,/mnt/ubna_data_02_mir/recover-20220922/UBNA_001/20220921_090000.WAV,Telephone Field,recover-20220922,001,1795
789.5635,789.6052,68437,82573,Rhinolophus ferrumequinum,0.033,0.033,-1,Echolocation,/mnt/ubna_data_02_mir/recover-20220922/UBNA_001/20220921_090000.WAV,Telephone Field,recover-20220922,001,1795
789.6565,789.6967,68437,82102,Rhinolophus ferrumequinum,0.022,0.022,-1,Echolocation,/mnt/ubna_data_02_mir/recover-20220922/UBNA_001/20220921_090000.WAV,Telephone Field,recover-20220922,001,1795
789.6645,789.7042,68437,82502,Rhinolophus ferrumequinum,0.024,0.024,-1,Echolocation,/mnt/ubna_data_02_mir/recover-20220922/UBNA_001/20220921_090000.WAV,Telephone Field,recover-20220922,001,1795
789.6805,789.6925,22031,26699,Nyctalus leisleri,0.011,0.023,-1,Echolocation,/mnt/ubna_data_02_mir/recover-20220922/UBNA_001/20220921_090000.WAV,Telephone Field,recover-20220922,001,1795
789.6865,789.6946,26328,35128,Eptesicus serotinus,0.009,0.023,-1,Echolocation,/mnt/ubna_data_02_mir/recover-20220922/UBNA_001/20220921_090000.WAV,Telephone Field,recover-20220922,001,1795
789.7195,789.7592,68437,82795,Rhinolophus ferrumequinum,0.022,0.022,-1,Echolocation,/mnt/ubna_data_02_mir/recover-20220922/UBNA_001/20220921_090000.WAV,Telephone Field,recover-20220922,001,1795
789.7505,789.7883,68437,81908,Rhinolophus ferrumequinum,0.024,0.024,-1,Echolocation,/mnt/ubna_data_02_mir/recover-20220922/UBNA_001/20220921_090000.WAV,Telephone Field,recover-20220922,001,1795
789.7865,789.8228,68437,81330,Rhinolophus ferrumequinum,0.02,0.02,-1,Echolocation,/mnt/ubna_data_02_mir/recover-20220922/UBNA_001/20220921_090000.WAV,Telephone Field,recover-20220922,001,1795
789.8115,789.8497,68437,82243,Rhinolophus ferrumequinum,0.021,0.021,-1,Echolocation,/mnt/ubna_data_02_mir/recover-20220922/UBNA_001/20220921_090000.WAV,Telephone Field,recover-20220922,001,1795
789.8175,789.827,22890,29290,Nyctalus leisleri,0.007,0.02,-1,Echolocation,/mnt/ubna_data_02_mir/recover-20220922/UBNA_001/20220921_090000.WAV,Telephone Field,recover-20220922,001,1795
789.8575,789.8922,68437,80886,Rhinolophus ferrumequinum,0.021,0.021,-1,Echolocation,/mnt/ubna_data_02_mir/recover-20220922/UBNA_001/20220921_090000.WAV,Telephone Field,recover-20220922,001,1795
789.8605,789.8699,22890,29119,Plecotus austriacus,0.006,0.021,-1,Echolocation,/mnt/ubna_data_02_mir/recover-20220922/UBNA_001/20220921_090000.WAV,Telephone Field,recover-20220922,001,1795
789.8995,789.9061,29765,40262,Eptesicus serotinus,0.009,0.028,-1,Echolocation,/mnt/ubna_data_02_mir/recover-20220922/UBNA_001/20220921_090000.WAV,Telephone Field,recover-20220922,001,1795
789.8995,789.9352,68437,81405,Rhinolophus ferrumequinum,0.021,0.021,-1,Echolocation,/mnt/ubna_data_02_mir/recover-20220922/UBNA_001/20220921_090000.WAV,Telephone Field,recover-20220922,001,1795
789.9625,789.9733,22031,27447,Nyctalus leisleri,0.013,0.033,-1,Echolocation,/mnt/ubna_data_02_mir/recover-20220922/UBNA_001/20220921_090000.WAV,Telephone Field,recover-20220922,001,1795
790.0015,790.0345,68437,80146,Rhinolophus ferrumequinum,0.049,0.05,-1,Echolocation,/mnt/ubna_data_02_mir/recover-20220922/UBNA_001/20220921_090000.WAV,Telephone Field,recover-20220922,001,1795
790.0015,790.0104,25468,35251,Nyctalus leisleri,0.006,0.022,-1,Echolocation,/mnt/ubna_data_02_mir/recover-20220922/UBNA_001/20220921_090000.WAV,Telephone Field,recover-20220922,001,1795
790.0015,790.0134,19453,24623,Nyctalus leisleri,0.007,0.021,-1,Echolocation,/mnt/ubna_data_02_mir/recover-20220922/UBNA_001/20220921_090000.WAV,Telephone Field,recover-20220922,001,1795
790.0105,790.0501,68437,82090,Rhinolophus ferrumequinum,0.024,0.024,-1,Echolocation,/mnt/ubna_data_02_mir/recover-20220922/UBNA_001/20220921_090000.WAV,Telephone Field,recover-20220922,001,1795
790.0165,790.0235,24609,34165,Plecotus austriacus,0.01,0.027,-1,Echolocation,/mnt/ubna_data_02_mir/recover-20220922/UBNA_001/20220921_090000.WAV,Telephone Field,recover-20220922,001,1795
790.0575,790.0939,68437,82452,Rhinolophus ferrumequinum,0.024,0.024,-1,Echolocation,/mnt/ubna_data_02_mir/recover-20220922/UBNA_001/20220921_090000.WAV,Telephone Field,recover-20220922,001,1795
790.0645,790.072,28906,40905,Eptesicus serotinus,0.007,0.021,-1,Echolocation,/mnt/ubna_data_02_mir/recover-20220922/UBNA_001/20220921_090000.WAV,Telephone Field,recover-20220922,001,1795
790.0665,790.0745,23750,32394,Plecotus austriacus,0.007,0.021,-1,Echolocation,/mnt/ubna_data_02_mir/recover-20220922/UBNA_001/20220921_090000.WAV,Telephone Field,recover-20220922,001,1795
790.1295,790.1361,49531,55149,Pipistrellus pipistrellus,0.02,0.022,-1,Echolocation,/mnt/ubna_data_02_mir/recover-20220922/UBNA_001/20220921_090000.WAV,Telephone Field,recover-20220922,001,1795
790.1305,790.1665,68437,81370,Rhinolophus ferrumequinum,0.022,0.022,-1,Echolocation,/mnt/ubna_data_02_mir/recover-20220922/UBNA_001/20220921_090000.WAV,Telephone Field,recover-20220922,001,1795
790.1395,790.1787,68437,81529,Rhinolophus ferrumequinum,0.021,0.021,-1,Echolocation,/mnt/ubna_data_02_mir/recover-20220922/UBNA_001/20220921_090000.WAV,Telephone Field,recover-20220922,001,1795
790.1405,790.1502,22031,27600,Nyctalus leisleri,0.008,0.021,-1,Echolocation,/mnt/ubna_data_02_mir/recover-20220922/UBNA_001/20220921_090000.WAV,Telephone Field,recover-20220922,001,1795
790.1465,790.1856,68437,81879,Rhinolophus ferrumequinum,0.022,0.023,-1,Echolocation,/mnt/ubna_data_02_mir/recover-20220922/UBNA_001/20220921_090000.WAV,Telephone Field,recover-20220922,001,1795
790.1855,790.1942,28906,41842,Eptesicus serotinus,0.008,0.02,-1,Echolocation,/mnt/ubna_data_02_mir/recover-20220922/UBNA_001/20220921_090000.WAV,Telephone Field,recover-20220922,001,1795
790.2645,790.3057,68437,83058,Rhinolophus ferrumequinum,0.03,0.03,-1,Echolocation,/mnt/ubna_data_02_mir/recover-20220922/UBNA_001/20220921_090000.WAV,Telephone Field,recover-20220922,001,1795
790.2665,790.2736,23750,32360,Plecotus austriacus,0.009,0.023,-1,Echolocation,/mnt/ubna_data_02_mir/recover-20220922/UBNA_001/20220921_090000.WAV,Telephone Field,recover-20220922,001,1795
790.2745,790.3152,68437,82844,Rhinolophus ferrumequinum,0.022,0.022,-1,Echolocation,/mnt/ubna_data_02_mir/recover-20220922/UBNA_001/20220921_090000.WAV,Telephone Field,recover-20220922,001,1795
790.2885,790.3253,68437,81803,Rhinolophus ferrumequinum,0.021,0.021,-1,Echolocation,/mnt/ubna_data_02_mir/recover-20220922/UBNA_001/20220921_090000.WAV,Telephone Field,recover-20220922,001,1795
790.2935,790.3012,28046,41618,Eptesicus serotinus,0.007,0.02,-1,Echolocation,/mnt/ubna_data_02_mir/recover-20220922/UBNA_001/20220921_090000.WAV,Telephone Field,recover-20220922,001,1795
790.3195,790.3618,68437,83226,Rhinolophus ferrumequinum,0.029,0.029,-1,Echolocation,/mnt/ubna_data_02_mir/recover-20220922/UBNA_001/20220921_090000.WAV,Telephone Field,recover-20220922,001,1795
790.3195,790.3295,28906,38411,Eptesicus serotinus,0.014,0.029,-1,Echolocation,/mnt/ubna_data_02_mir/recover-20220922/UBNA_001/20220921_090000.WAV,Telephone Field,recover-20220922,001,1795
790.3285,790.34,24609,31382,Eptesicus serotinus,0.01,0.027,-1,Echolocation,/mnt/ubna_data_02_mir/recover-20220922/UBNA_001/20220921_090000.WAV,Telephone Field,recover-20220922,001,1795
790.3335,790.3488,40078,43537,Pipistrellus nathusii,0.056,0.064,-1,Echolocation,/mnt/ubna_data_02_mir/recover-20220922/UBNA_001/20220921_090000.WAV,Telephone Field,recover-20220922,001,1795
790.3485,790.3872,68437,82273,Rhinolophus ferrumequinum,0.025,0.025,-1,Echolocation,/mnt/ubna_data_02_mir/recover-20220922/UBNA_001/20220921_090000.WAV,Telephone Field,recover-20220922,001,1795
790.3495,790.3669,18593,22458,Nyctalus noctula,0.011,0.021,-1,Echolocation,/mnt/ubna_data_02_mir/recover-20220922/UBNA_001/20220921_090000.WAV,Telephone Field,recover-20220922,001,1795
790.3865,790.3971,22890,27911,Nyctalus leisleri,0.013,0.026,-1,Echolocation,/mnt/ubna_data_02_mir/recover-20220922/UBNA_001/20220921_090000.WAV,Telephone Field,recover-20220922,001,1795
790.4435,790.4819,68437,82353,Rhinolophus ferrumequinum,0.024,0.024,-1,Echolocation,/mnt/ubna_data_02_mir/recover-20220922/UBNA_001/20220921_090000.WAV,Telephone Field,recover-20220922,001,1795
790.4775,790.4874,22890,28683,Nyctalus leisleri,0.009,0.021,-1,Echolocation,/mnt/ubna_data_02_mir/recover-20220922/UBNA_001/20220921_090000.WAV,Telephone Field,recover-20220922,001,1795
790.4815,790.518,68437,82202,Rhinolophus ferrumequinum,0.022,0.022,-1,Echolocation,/mnt/ubna_data_02_mir/recover-20220922/UBNA_001/20220921_090000.WAV,Telephone Field,recover-20220922,001,1795
790.5165,790.5546,68437,81830,Rhinolophus ferrumequinum,0.02,0.02,-1,Echolocation,/mnt/ubna_data_02_mir/recover-20220922/UBNA_001/20220921_090000.WAV,Telephone Field,recover-20220922,001,1795
790.5465,790.579,68437,80778,Rhinolophus ferrumequinum,0.021,0.021,-1,Echolocation,/mnt/ubna_data_02_mir/recover-20220922/UBNA_001/20220921_090000.WAV,Telephone Field,recover-20220922,001,1795
790.5535,790.564,23750,29508,Nyctalus leisleri,0.009,0.022,-1,Echolocation,/mnt/ubna_data_02_mir/recover-20220922/UBNA_001/20220921_090000.WAV,Telephone Field,recover-20220922,001,1795
790.5585,790.5734,36640,40230,Pipistrellus nathusii,0.016,0.033,-1,Echolocation,/mnt/ubna_data_02_mir/recover-20220922/UBNA_001/20220921_090000.WAV,Telephone Field,recover-20220922,001,1795
790.5635,790.6005,68437,81089,Rhinolophus ferrumequinum,0.02,0.02,-1,Echolocation,/mnt/ubna_data_02_mir/recover-20220922/UBNA_001/20220921_090000.WAV,Telephone Field,recover-20220922,001,1795
790.5865,790.5985,46093,49448,Pipistrellus pipistrellus,0.028,0.031,-1,Echolocation,/mnt/ubna_data_02_mir/recover-20220922/UBNA_001/20220921_090000.WAV,Telephone Field,recover-20220922,001,1795
790.5875,790.5962,22890,30253,Plecotus austriacus,0.008,0.023,-1,Echolocation,/mnt/ubna_data_02_mir/recover-20220922/UBNA_001/20220921_090000.WAV,Telephone Field,recover-20220922,001,1795
790.5965,790.6335,68437,82010,Rhinolophus ferrumequinum,0.025,0.025,-1,Echolocation,/mnt/ubna_data_02_mir/recover-20220922/UBNA_001/20220921_090000.WAV,Telephone Field,recover-20220922,001,1795
790.6845,790.6946,22890,28698,Nyctalus leisleri,0.008,0.021,-1,Echolocation,/mnt/ubna_data_02_mir/recover-20220922/UBNA_001/20220921_090000.WAV,Telephone Field,recover-20220922,001,1795
790.6925,790.7024,22031,27274,Nyctalus leisleri,0.009,0.023,-1,Echolocation,/mnt/ubna_data_02_mir/recover-20220922/UBNA_001/20220921_090000.WAV,Telephone Field,recover-20220922,001,1795
790.6975,790.7069,28046,39355,Eptesicus serotinus,0.009,0.021,-1,Echolocation,/mnt/ubna_data_02_mir/recover-20220922/UBNA_001/20220921_090000.WAV,Telephone Field,recover-20220922,001,1795
790.6985,790.7366,68437,82050,Rhinolophus ferrumequinum,0.022,0.022,-1,Echolocation,/mnt/ubna_data_02_mir/recover-20220922/UBNA_001/20220921_090000.WAV,Telephone Field,recover-20220922,001,1795
790.7925,790.8296,68437,81845,Rhinolophus ferrumequinum,0.021,0.021,-1,Echolocation,/mnt/ubna_data_02_mir/recover-20220922/UBNA_001/20220921_090000.WAV,Telephone Field,recover-20220922,001,1795
790.8305,790.8689,68437,82076,Rhinolophus ferrumequinum,0.021,0.021,-1,Echolocation,/mnt/ubna_data_02_mir/recover-20220922/UBNA_001/20220921_090000.WAV,Telephone Field,recover-20220922,001,1795
790.8475,790.8849,68437,82281,Rhinolophus ferrumequinum,0.023,0.024,-1,Echolocation,/mnt/ubna_data_02_mir/recover-20220922/UBNA_001/20220921_090000.WAV,Telephone Field,recover-20220922,001,1795
790.8565,790.8645,28046,37031,Eptesicus serotinus,0.009,0.023,-1,Echolocation,/mnt/ubna_data_02_mir/recover-20220922/UBNA_001/20220921_090000.WAV,Telephone Field,recover-20220922,001,1795
790.8825,790.8923,22890,29033,Nyctalus leisleri,0.008,0.022,-1,Echolocation,/mnt/ubna_data_02_mir/recover-20220922/UBNA_001/20220921_090000.WAV,Telephone Field,recover-20220922,001,1795
790.8855,790.8928,28906,40564,Eptesicus serotinus,0.007,0.02,-1,Echolocation,/mnt/ubna_data_02_mir/recover-20220922/UBNA_001/20220921_090000.WAV,Telephone Field,recover-20220922,001,1795
790.9175,790.9569,68437,81578,Rhinolophus ferrumequinum,0.02,0.02,-1,Echolocation,/mnt/ubna_data_02_mir/recover-20220922/UBNA_001/20220921_090000.WAV,Telephone Field,recover-20220922,001,1795
790.9415,790.9788,68437,81872,Rhinolophus ferrumequinum,0.021,0.021,-1,Echolocation,/mnt/ubna_data_02_mir/recover-20220922/UBNA_001/20220921_090000.WAV,Telephone Field,recover-20220922,001,1795
790.9515,790.9603,28906,37234,Eptesicus serotinus,0.009,0.02,-1,Echolocation,/mnt/ubna_data_02_mir/recover-20220922/UBNA_001/20220921_090000.WAV,Telephone Field,recover-20220922,001,1795
790.9585,790.9934,68437,80902,Rhinolophus ferrumequinum,0.021,0.021,-1,Echolocation,/mnt/ubna_data_02_mir/recover-20220922/UBNA_001/20220921_090000.WAV,Telephone Field,recover-20220922,001,1795
790.9955,791.0339,68437,81858,Rhinolophus ferrumequinum,0.021,0.021,-1,Echolocation,/mnt/ubna_data_02_mir/recover-20220922/UBNA_001/20220921_090000.WAV,Telephone Field,recover-20220922,001,1795
791.0155,791.0514,68437,81743,Rhinolophus ferrumequinum,0.02,0.02,-1,Echolocation,/mnt/ubna_data_02_mir/recover-20220922/UBNA_001/20220921_090000.WAV,Telephone Field,recover-20220922,001,1795
791.0415,791.0825,68437,82447,Rhinolophus ferrumequinum,0.023,0.023,-1,Echolocation,/mnt/ubna_data_02_mir/recover-20220922/UBNA_001/20220921_090000.WAV,Telephone Field,recover-20220922,001,1795
791.0975,791.1075,24609,31727,Nyctalus leisleri,0.007,0.021,-1,Echolocation,/mnt/ubna_data_02_mir/recover-20220922/UBNA_001/20220921_090000.WAV,Telephone Field,recover-20220922,001,1795
791.1135,791.1488,68437,80603,Rhinolophus ferrumequinum,0.022,0.022,-1,Echolocation,/mnt/ubna_data_02_mir/recover-20220922/UBNA_001/20220921_090000.WAV,Telephone Field,recover-20220922,001,1795
791.1335,791.1709,68437,82381,Rhinolophus ferrumequinum,0.024,0.024,-1,Echolocation,/mnt/ubna_data_02_mir/recover-20220922/UBNA_001/20220921_090000.WAV,Telephone Field,recover-20220922,001,1795
791.1405,791.152,48671,53304,Pipistrellus pipistrellus,0.018,0.022,-1,Echolocation,/mnt/ubna_data_02_mir/recover-20220922/UBNA_001/20220921_090000.WAV,Telephone Field,recover-20220922,001,1795
791.1475,791.1596,50390,54770,Pipistrellus pipistrellus,0.02,0.025,-1,Echolocation,/mnt/ubna_data_02_mir/recover-20220922/UBNA_001/20220921_090000.WAV,Telephone Field,recover-20220922,001,1795
791.1585,791.1983,68437,82205,Rhinolophus ferrumequinum,0.021,0.021,-1,Echolocation,/mnt/ubna_data_02_mir/recover-20220922/UBNA_001/20220921_090000.WAV,Telephone Field,recover-20220922,001,1795
791.1695,791.177,28046,40783,Eptesicus serotinus,0.007,0.021,-1,Echolocation,/mnt/ubna_data_02_mir/recover-20220922/UBNA_001/20220921_090000.WAV,Telephone Field,recover-20220922,001,1795
791.1715,791.2083,68437,81891,Rhinolophus ferrumequinum,0.02,0.02,-1,Echolocation,/mnt/ubna_data_02_mir/recover-20220922/UBNA_001/20220921_090000.WAV,Telephone Field,recover-20220922,001,1795
791.1835,791.1929,46953,55077,Pipistrellus pipistrellus,0.02,0.022,-1,Echolocation,/mnt/ubna_data_02_mir/recover-20220922/UBNA_001/20220921_090000.WAV,Telephone Field,recover-20220922,001,1795
791.1905,791.198,51250,58614,Pipistrellus pipistrellus,0.018,0.021,-1,Echolocation,/mnt/ubna_data_02_mir/recover-20220922/UBNA_001/20220921_090000.WAV,Telephone Field,recover-20220922,001,1795
791.2035,791.2439,68437,81740,Rhinolophus ferrumequinum,0.024,0.024,-1,Echolocation,/mnt/ubna_data_02_mir/recover-20220922/UBNA_001/20220921_090000.WAV,Telephone Field,recover-20220922,001,1795
791.2465,791.2838,68437,82040,Rhinolophus ferrumequinum,0.022,0.022,-1,Echolocation,/mnt/ubna_data_02_mir/recover-20220922/UBNA_001/20220921_090000.WAV,Telephone Field,recover-20220922,001,1795
791.2695,791.2777,28046,40454,Eptesicus serotinus,0.007,0.021,-1,Echolocation,/mnt/ubna_data_02_mir/recover-20220922/UBNA_001/20220921_090000.WAV,Telephone Field,recover-20220922,001,1795
791.2825,791.321,68437,82418,Rhinolophus ferrumequinum,0.02,0.02,-1,Echolocation,/mnt/ubna_data_02_mir/recover-20220922/UBNA_001/20220921_090000.WAV,Telephone Field,recover-20220922,001,1795
791.3165,791.3585,68437,83221,Rhinolophus ferrumequinum,0.043,0.043,-1,Echolocation,/mnt/ubna_data_02_mir/recover-20220922/UBNA_001/20220921_090000.WAV,Telephone Field,recover-20220922,001,1795
791.3225,791.34,20312,24488,Nyctalus leisleri,0.015,0.032,-1,Echolocation,/mnt/ubna_data_02_mir/recover-20220922/UBNA_001/20220921_090000.WAV,Telephone Field,recover-20220922,001,1795
791.3805,791.4175,68437,81749,Rhinolophus ferrumequinum,0.023,0.023,-1,Echolocation,/mnt/ubna_data_02_mir/recover-20220922/UBNA_001/20220921_090000.WAV,Telephone Field,recover-20220922,001,1795
791.3955,791.4053,24609,31017,Nyctalus leisleri,0.009,0.025,-1,Echolocation,/mnt/ubna_data_02_mir/recover-20220922/UBNA_001/20220921_090000.WAV,Telephone Field,recover-20220922,001,1795
791.4135,791.4498,68437,81078,Rhinolophus ferrumequinum,0.02,0.02,-1,Echolocation,/mnt/ubna_data_02_mir/recover-20220922/UBNA_001/20220921_090000.WAV,Telephone Field,recover-20220922,001,1795
791.4605,791.471,23750,30498,Nyctalus leisleri,0.008,0.023,-1,Echolocation,/mnt/ubna_data_02_mir/recover-20220922/UBNA_001/20220921_090000.WAV,Telephone Field,recover-20220922,001,1795
791.4635,791.4708,28046,39570,Eptesicus serotinus,0.007,0.021,-1,Echolocation,/mnt/ubna_data_02_mir/recover-20220922/UBNA_001/20220921_090000.WAV,Telephone Field,recover-20220922,001,1795
791.5175,791.5587,68437,82757,Rhinolophus ferrumequinum,0.024,0.024,-1,Echolocation,/mnt/ubna_data_02_mir/recover-20220922/UBNA_001/20220921_090000.WAV,Telephone Field,recover-20220922,001,1795
791.5485,791.5871,68437,81704,Rhinolophus ferrumequinum,0.028,0.028,-1,Echolocation,/mnt/ubna_data_02_mir/recover-20220922/UBNA_001/20220921_090000.WAV,Telephone Field,recover-20220922,001,1795
791.5815,791.6181,68437,81452,Rhinolophus ferrumequinum,0.02,0.02,-1,Echolocation,/mnt/ubna_data_02_mir/recover-20220922/UBNA_001/20220921_090000.WAV,Telephone Field,recover-20220922,001,1795
791.6075,791.6446,68437,81675,Rhinolophus ferrumequinum,0.022,0.022,-1,Echolocation,/mnt/ubna_data_02_mir/recover-20220922/UBNA_001/20220921_090000.WAV,Telephone Field,recover-20220922,001,1795
791.6165,791.6553,68437,82596,Rhinolophus ferrumequinum,0.021,0.021,-1,Echolocation,/mnt/ubna_data_02_mir/recover-20220922/UBNA_001/20220921_090000.WAV,Telephone Field,recover-20220922,001,1795
791.6495,791.687,68437,82044,Rhinolophus ferrumequinum,0.021,0.021,-1,Echolocation,/mnt/ubna_data_02_mir/recover-20220922/UBNA_001/20220921_090000.WAV,Telephone Field,recover-20220922,001,1795
791.6975,791.7378,68437,82637,Rhinolophus ferrumequinum,0.021,0.021,-1,Echolocation,/mnt/ubna_data_02_mir/recover-20220922/UBNA_001/20220921_090000.WAV,Telephone Field,recover-20220922,001,1795
791.7155,791.7531,68437,81828,Rhinolophus ferrumequinum,0.021,0.021,-1,Echolocation,/mnt/ubna_data_02_mir/recover-20220922/UBNA_001/20220921_090000.WAV,Telephone Field,recover-20220922,001,1795
791.7195,791.7286,26328,36303,Eptesicus serotinus,0.008,0.021,-1,Echolocation,/mnt/ubna_data_02_mir/recover-20220922/UBNA_001/20220921_090000.WAV,Telephone Field,recover-20220922,001,1795
791.7555,791.7897,68437,81385,Rhinolophus ferrumequinum,0.02,0.02,-1,Echolocation,/mnt/ubna_data_02_mir/recover-20220922/UBNA_001/20220921_090000.WAV,Telephone Field,recover-20220922,001,1795
791.7935,791.8317,68437,81920,Rhinolophus ferrumequinum,0.022,0.022,-1,Echolocation,/mnt/ubna_data_02_mir/recover-20220922/UBNA_001/20220921_090000.WAV,Telephone Field,recover-20220922,001,1795
791.8075,791.8159,28046,36942,Eptesicus serotinus,0.008,0.022,-1,Echolocation,/mnt/ubna_data_02_mir/recover-20220922/UBNA_001/20220921_090000.WAV,Telephone Field,recover-20220922,001,1795
791.8345,791.8745,68437,82418,Rhinolophus ferrumequinum,0.021,0.021,-1,Echolocation,/mnt/ubna_data_02_mir/recover-20220922/UBNA_001/20220921_090000.WAV,Telephone Field,recover-20220922,001,1795
791.8495,791.8599,47812,51138,Pipistrellus pipistrellus,0.096,0.102,-1,Echolocation,/mnt/ubna_data_02_mir/recover-20220922/UBNA_001/20220921_090000.WAV,Telephone Field,recover-20220922,001,1795
791.8815,791.9197,68437,82141,Rhinolophus ferrumequinum,0.022,0.022,-1,Echolocation,/mnt/ubna_data_02_mir/recover-20220922/UBNA_001/20220921_090000.WAV,Telephone Field,recover-20220922,001,1795
791.8825,791.8903,34062,42136,Barbastellus barbastellus,0.015,0.035,-1,Echolocation,/mnt/ubna_data_02_mir/recover-20220922/UBNA_001/20220921_090000.WAV,Telephone Field,recover-20220922,001,1795
791.8905,791.8998,28906,36623,Eptesicus serotinus,0.011,0.024,-1,Echolocation,/mnt/ubna_data_02_mir/recover-20220922/UBNA_001/20220921_090000.WAV,Telephone Field,recover-20220922,001,1795
791.9525,791.9916,68437,82562,Rhinolophus ferrumequinum,0.02,0.02,-1,Echolocation,/mnt/ubna_data_02_mir/recover-20220922/UBNA_001/20220921_090000.WAV,Telephone Field,recover-20220922,001,1795
791.9605,791.9966,68437,81751,Rhinolophus ferrumequinum,0.021,0.021,-1,Echolocation,/mnt/ubna_data_02_mir/recover-20220922/UBNA_001/20220921_090000.WAV,Telephone Field,recover-20220922,001,1795
791.9835,791.9929,24609,32835,Eptesicus serotinus,0.009,0.028,-1,Echolocation,/mnt/ubna_data_02_mir/recover-20220922/UBNA_001/20220921_090000.WAV,Telephone Field,recover-20220922,001,1795
792.0015,792.0086,25468,35518,Nyctalus leisleri,0.007,0.027,-1,Echolocation,/mnt/ubna_data_02_mir/recover-20220922/UBNA_001/20220921_090000.WAV,Telephone Field,recover-20220922,001,1795
792.0015,792.0302,69296,81743,Rhinolophus ferrumequinum,0.044,0.044,-1,Echolocation,/mnt/ubna_data_02_mir/recover-20220922/UBNA_001/20220921_090000.WAV,Telephone Field,recover-20220922,001,1795
792.0015,792.0099,20312,25952,Nyctalus leisleri,0.01,0.027,-1,Echolocation,/mnt/ubna_data_02_mir/recover-20220922/UBNA_001/20220921_090000.WAV,Telephone Field,recover-20220922,001,1795
792.0015,792.0093,46093,52320,Pipistrellus pipistrellus,0.018,0.024,-1,Echolocation,/mnt/ubna_data_02_mir/recover-20220922/UBNA_001/20220921_090000.WAV,Telephone Field,recover-20220922,001,1795
792.0145,792.0251,22031,26637,Nyctalus leisleri,0.011,0.022,-1,Echolocation,/mnt/ubna_data_02_mir/recover-20220922/UBNA_001/20220921_090000.WAV,Telephone Field,recover-20220922,001,1795
792.0635,792.1008,68437,82325,Rhinolophus ferrumequinum,0.023,0.023,-1,Echolocation,/mnt/ubna_data_02_mir/recover-20220922/UBNA_001/20220921_090000.WAV,Telephone Field,recover-20220922,001,1795
792.0725,792.1102,68437,81803,Rhinolophus ferrumequinum,0.021,0.021,-1,Echolocation,/mnt/ubna_data_02_mir/recover-20220922/UBNA_001/20220921_090000.WAV,Telephone Field,recover-20220922,001,1795
792.0965,792.1357,68437,82096,Rhinolophus ferrumequinum,0.023,0.023,-1,Echolocation,/mnt/ubna_data_02_mir/recover-20220922/UBNA_001/20220921_090000.WAV,Telephone Field,recover-20220922,001,1795
792.1155,792.1526,68437,81730,Rhinolophus ferrumequinum,0.022,0.022,-1,Echolocation,/mnt/ubna_data_02_mir/recover-20220922/UBNA_001/20220921_090000.WAV,Telephone Field,recover-20220922,001,1795
792.1425,792.1809,68437,82327,Rhinolophus ferrumequinum,0.021,0.021,-1,Echolocation,/mnt/ubna_data_02_mir/recover-20220922/UBNA_001/20220921_090000.WAV,Telephone Field,recover-20220922,001,1795
792.1745,792.1831,28046,37819,Eptesicus serotinus,0.008,0.022,-1,Echolocation,/mnt/ubna_data_02_mir/recover-20220922/UBNA_001/20220921_090000.WAV,Telephone Field,recover-20220922,001,1795
792.1765,792.2151,68437,81772,Rhinolophus ferrumequinum,0.023,0.023,-1,Echolocation,/mnt/ubna_data_02_mir/recover-20220922/UBNA_001/20220921_090000.WAV,Telephone Field,recover-20220922,001,1795
792.1845,792.2221,68437,81488,Rhinolophus ferrumequinum,0.021,0.021,-1,Echolocation,/mnt/ubna_data_02_mir/recover-20220922/UBNA_001/20220921_090000.WAV,Telephone Field,recover-20220922,001,1795
792.1905,792.1976,27187,39102,Eptesicus serotinus,0.007,0.025,-1,Echolocation,/mnt/ubna_data_02_mir/recover-20220922/UBNA_001/20220921_090000.WAV,Telephone Field,recover-20220922,001,1795
792.2045,792.2419,68437,82294,Rhinolophus ferrumequinum,0.027,0.027,-1,Echolocation,/mnt/ubna_data_02_mir/recover-20220922/UBNA_001/20220921_090000.WAV,Telephone Field,recover-20220922,001,1795
792.2145,792.2503,68437,81297,Rhinolophus ferrumequinum,0.021,0.022,-1,Echolocation,/mnt/ubna_data_02_mir/recover-20220922/UBNA_001/20220921_090000.WAV,Telephone Field,recover-20220922,001,1795
792.2265,792.2362,23750,30526,Nyctalus leisleri,0.008,0.023,-1,Echolocation,/mnt/ubna_data_02_mir/recover-20220922/UBNA_001/20220921_090000.WAV,Telephone Field,recover-20220922,001,1795
792.2345,792.2741,68437,82658,Rhinolophus ferrumequinum,0.028,0.028,-1,Echolocation,/mnt/ubna_data_02_mir/recover-20220922/UBNA_001/20220921_090000.WAV,Telephone Field,recover-20220922,001,1795
792.2355,792.2433,26328,35219,Eptesicus serotinus,0.008,0.025,-1,Echolocation,/mnt/ubna_data_02_mir/recover-20220922/UBNA_001/20220921_090000.WAV,Telephone Field,recover-20220922,001,1795
792.2455,792.2845,68437,82695,Rhinolophus ferrumequinum,0.023,0.023,-1,Echolocation,/mnt/ubna_data_02_mir/recover-20220922/UBNA_001/20220921_090000.WAV,Telephone Field,recover-20220922,001,1795
792.2585,792.2968,68437,81409,Rhinolophus ferrumequinum,0.022,0.023,-1,Echolocation,/mnt/ubna_data_02_mir/recover-20220922/UBNA_001/20220921_090000.WAV,Telephone Field,recover-20220922,001,1795
792.2715,792.3108,68437,82354,Rhinolophus ferrumequinum,0.026,0.026,-1,Echolocation,/mnt/ubna_data_02_mir/recover-20220922/UBNA_001/20220921_090000.WAV,Telephone Field,recover-20220922,001,1795
792.2845,792.2927,28046,38405,Eptesicus serotinus,0.008,0.022,-1,Echolocation,/mnt/ubna_data_02_mir/recover-20220922/UBNA_001/20220921_090000.WAV,Telephone Field,recover-20220922,001,1795
792.3135,792.3492,68437,81325,Rhinolophus ferrumequinum,0.023,0.023,-1,Echolocation,/mnt/ubna_data_02_mir/recover-20220922/UBNA_001/20220921_090000.WAV,Telephone Field,recover-20220922,001,1795
792.3455,792.3846,68437,82261,Rhinolophus ferrumequinum,0.022,0.022,-1,Echolocation,/mnt/ubna_data_02_mir/recover-20220922/UBNA_001/20220921_090000.WAV,Telephone Field,recover-20220922,001,1795
792.3605,792.3986,68437,81967,Rhinolophus ferrumequinum,0.022,0.022,-1,Echolocation,/mnt/ubna_data_02_mir/recover-20220922/UBNA_001/20220921_090000.WAV,Telephone Field,recover-20220922,001,1795
792.3625,792.3739,22890,27838,Nyctalus leisleri,0.013,0.025,-1,Echolocation,/mnt/ubna_data_02_mir/recover-20220922/UBNA_001/20220921_090000.WAV,Telephone Field,recover-20220922,001,1795
792.3835,792.3929,47812,53304,Pipistrellus pipistrellus,0.022,0.025,-1,Echolocation,/mnt/ubna_data_02_mir/recover-20220922/UBNA_001/20220921_090000.WAV,Telephone Field,recover-20220922,001,1795
792.4375,792.4769,68437,82374,Rhinolophus ferrumequinum,0.027,0.027,-1,Echolocation,/mnt/ubna_data_02_mir/recover-20220922/UBNA_001/20220921_090000.WAV,Telephone Field,recover-20220922,001,1795
792.4585,792.4952,68437,81496,Rhinolophus ferrumequinum,0.022,0.022,-1,Echolocation,/mnt/ubna_data_02_mir/recover-20220922/UBNA_001/20220921_090000.WAV,Telephone Field,recover-20220922,001,1795
792.4825,792.4912,28906,36903,Eptesicus serotinus,0.007,0.021,-1,Echolocation,/mnt/ubna_data_02_mir/recover-20220922/UBNA_001/20220921_090000.WAV,Telephone Field,recover-20220922,001,1795
792.4955,792.5347,68437,82302,Rhinolophus ferrumequinum,0.028,0.028,-1,Echolocation,/mnt/ubna_data_02_mir/recover-20220922/UBNA_001/20220921_090000.WAV,Telephone Field,recover-20220922,001,1795
792.5125,792.5518,68437,82780,Rhinolophus ferrumequinum,0.029,0.029,-1,Echolocation,/mnt/ubna_data_02_mir/recover-20220922/UBNA_001/20220921_090000.WAV,Telephone Field,recover-20220922,001,1795
792.5315,792.5703,68437,81973,Rhinolophus ferrumequinum,0.023,0.023,-1,Echolocation,/mnt/ubna_data_02_mir/recover-20220922/UBNA_001/20220921_090000.WAV,Telephone Field,recover-20220922,001,1795
792.5465,792.5537,51250,56477,Pipistrellus pipistrellus,0.026,0.032,-1,Echolocation,/mnt/ubna_data_02_mir/recover-20220922/UBNA_001/20220921_090000.WAV,Telephone Field,recover-20220922,001,1795
792.5505,792.5859,68437,81277,Rhinolophus ferrumequinum,0.024,0.024,-1,Echolocation,/mnt/ubna_data_02_mir/recover-20220922/UBNA_001/20220921_090000.WAV,Telephone Field,recover-20220922,001,1795
792.5675,792.6071,68437,82302,Rhinolophus ferrumequinum,0.022,0.022,-1,Echolocation,/mnt/ubna_data_02_mir/recover-20220922/UBNA_001/20220921_090000.WAV,Telephone Field,recover-20220922,001,1795
792.5885,792.5983,29765,37606,Eptesicus serotinus,0.007,0.022,-1,Echolocation,/mnt/ubna_data_02_mir/recover-20220922/UBNA_001/20220921_090000.WAV,Telephone Field,recover-20220922,001,1795
792.6095,792.6478,68437,81961,Rhinolophus ferrumequinum,0.024,0.024,-1,Echolocation,/mnt/ubna_data_02_mir/recover-20220922/UBNA_001/20220921_090000.WAV,Telephone Field,recover-20220922,001,1795
792.6315,792.6433,22890,28561,Nyctalus leisleri,0.011,0.024,-1,Echolocation,/mnt/ubna_data_02_mir/recover-20220922/UBNA_001/20220921_090000.WAV,Telephone Field,recover-20220922,001,1795
792.6635,792.7018,68437,81692,Rhinolophus ferrumequinum,0.028,0.028,-1,Echolocation,/mnt/ubna_data_02_mir/recover-20220922/UBNA_001/20220921_090000.WAV,Telephone Field,recover-20220922,001,1795
792.7155,792.7503,68437,81395,Rhinolophus ferrumequinum,0.024,0.024,-1,Echolocation,/mnt/ubna_data_02_mir/recover-20220922/UBNA_001/20220921_090000.WAV,Telephone Field,recover-20220922,001,1795
792.7425,792.7784,68437,81566,Rhinolophus ferrumequinum,0.022,0.022,-1,Echolocation,/mnt/ubna_data_02_mir/recover-20220922/UBNA_001/20220921_090000.WAV,Telephone Field,recover-20220922,001,1795
792.7505,792.7577,28046,37075,Eptesicus serotinus,0.007,0.022,-1,Echolocation,/mnt/ubna_data_02_mir/recover-20220922/UBNA_001/20220921_090000.WAV,Telephone Field,recover-20220922,001,1795
792.7785,792.8183,68437,81974,Rhinolophus ferrumequinum,0.025,0.025,-1,Echolocation,/mnt/ubna_data_02_mir/recover-20220922/UBNA_001/20220921_090000.WAV,Telephone Field,recover-20220922,001,1795
792.7915,792.8027,26328,32244,Nyctalus leisleri,0.015,0.039,-1,Echolocation,/mnt/ubna_data_02_mir/recover-20220922/UBNA_001/20220921_090000.WAV,Telephone Field,recover-20220922,001,1795
792.7955,792.8332,68437,82114,Rhinolophus ferrumequinum,0.022,0.022,-1,Echolocation,/mnt/ubna_data_02_mir/recover-20220922/UBNA_001/20220921_090000.WAV,Telephone Field,recover-20220922,001,1795
792.8235,792.8608,68437,82001,Rhinolophus ferrumequinum,0.021,0.021,-1,Echolocation,/mnt/ubna_data_02_mir/recover-20220922/UBNA_001/20220921_090000.WAV,Telephone Field,recover-20220922,001,1795
792.8475,792.8563,24609,32151,Nyctalus leisleri,0.011,0.036,-1,Echolocation,/mnt/ubna_data_02_mir/recover-20220922/UBNA_001/20220921_090000.WAV,Telephone Field,recover-20220922,001,1795
792.8815,792.9233,68437,82704,Rhinolophus ferrumequinum,0.026,0.026,-1,Echolocation,/mnt/ubna_data_02_mir/recover-20220922/UBNA_001/20220921_090000.WAV,Telephone Field,recover-20220922,001,1795
792.9135,792.9238,28906,36288,Eptesicus serotinus,0.01,0.023,-1,Echolocation,/mnt/ubna_data_02_mir/recover-20220922/UBNA_001/20220921_090000.WAV,Telephone Field,recover-20220922,001,1795
792.9165,792.958,68437,82614,Rhinolophus ferrumequinum,0.038,0.038,-1,Echolocation,/mnt/ubna_data_02_mir/recover-20220922/UBNA_001/20220921_090000.WAV,Telephone Field,recover-20220922,001,1795
792.9315,792.9392,27187,39100,Eptesicus serotinus,0.006,0.021,-1,Echolocation,/mnt/ubna_data_02_mir/recover-20220922/UBNA_001/20220921_090000.WAV,Telephone Field,recover-20220922,001,1795
792.9525,792.9605,28046,43385,Eptesicus serotinus,0.007,0.022,-1,Echolocation,/mnt/ubna_data_02_mir/recover-20220922/UBNA_001/20220921_090000.WAV,Telephone Field,recover-20220922,001,1795
792.9685,792.9791,22031,26336,Nyctalus leisleri,0.012,0.023,-1,Echolocation,/mnt/ubna_data_02_mir/recover-20220922/UBNA_001/20220921_090000.WAV,Telephone Field,recover-20220922,001,1795
792.9765,793.0126,68437,81924,Rhinolophus ferrumequinum,0.024,0.024,-1,Echolocation,/mnt/ubna_data_02_mir/recover-20220922/UBNA_001/20220921_090000.WAV,Telephone Field,recover-20220922,001,1795
793.0015,793.041,68437,82377,Rhinolophus ferrumequinum,0.024,0.024,-1,Echolocation,/mnt/ubna_data_02_mir/recover-20220922/UBNA_001/20220921_090000.WAV,Telephone Field,recover-20220922,001,1795
793.0275,793.0635,68437,81107,Rhinolophus ferrumequinum,0.021,0.021,-1,Echolocation,/mnt/ubna_data_02_mir/recover-20220922/UBNA_001/20220921_090000.WAV,Telephone Field,recover-20220922,001,1795
793.0375,793.0449,28046,37627,Eptesicus serotinus,0.007,0.024,-1,Echolocation,/mnt/ubna_data_02_mir/recover-20220922/UBNA_001/20220921_090000.WAV,Telephone Field,recover-20220922,001,1795
793.0455,793.0842,68437,82384,Rhinolophus ferrumequinum,0.021,0.021,-1,Echolocation,/mnt/ubna_data_02_mir/recover-20220922/UBNA_001/20220921_090000.WAV,Telephone Field,recover-20220922,001,1795
793.0525,793.092,68437,82424,Rhinolophus ferrumequinum,0.022,0.022,-1,Echolocation,/mnt/ubna_data_02_mir/recover-20220922/UBNA_001/20220921_090000.WAV,Telephone Field,recover-20220922,001,1795
793.0765,793.1181,68437,82801,Rhinolophus ferrumequinum,0.022,0.022,-1,Echolocation,/mnt/ubna_data_02_mir/recover-20220922/UBNA_001/20220921_090000.WAV,Telephone Field,recover-20220922,001,1795
793.0955,793.1037,28046,38278,Eptesicus serotinus,0.007,0.022,-1,Echolocation,/mnt/ubna_data_02_mir/recover-20220922/UBNA_001/20220921_090000.WAV,Telephone Field,recover-20220922,001,1795
793.1115,793.1522,68437,82898,Rhinolophus ferrumequinum,0.025,0.025,-1,Echolocation,/mnt/ubna_data_02_mir/recover-20220922/UBNA_001/20220921_090000.WAV,Telephone Field,recover-20220922,001,1795
793.1465,793.1567,23750,30309,Nyctalus leisleri,0.008,0.021,-1,Echolocation,/mnt/ubna_data_02_mir/recover-20220922/UBNA_001/20220921_090000.WAV,Telephone Field,recover-20220922,001,1795
793.1575,793.1694,24609,30836,Nyctalus leisleri,0.012,0.029,-1,Echolocation,/mnt/ubna_data_02_mir/recover-20220922/UBNA_001/20220921_090000.WAV,Telephone Field,recover-20220922,001,1795
793.1915,793.1999,23750,31870,Plecotus austriacus,0.009,0.024,-1,Echolocation,/mnt/ubna_data_02_mir/recover-20220922/UBNA_001/20220921_090000.WAV,Telephone Field,recover-20220922,001,1795
793.2755,793.3145,68437,82254,Rhinolophus ferrumequinum,0.026,0.027,-1,Echolocation,/mnt/ubna_data_02_mir/recover-20220922/UBNA_001/20220921_090000.WAV,Telephone Field,recover-20220922,001,1795
793.2865,793.3265,68437,83012,Rhinolophus ferrumequinum,0.024,0.024,-1,Echolocation,/mnt/ubna_data_02_mir/recover-20220922/UBNA_001/20220921_090000.WAV,Telephone Field,recover-20220922,001,1795
793.3015,793.3417,68437,82828,Rhinolophus ferrumequinum,0.025,0.025,-1,Echolocation,/mnt/ubna_data_02_mir/recover-20220922/UBNA_001/20220921_090000.WAV,Telephone Field,recover-20220922,001,1795
793.3135,793.3542,68437,81992,Rhinolophus ferrumequinum,0.022,0.022,-1,Echolocation,/mnt/ubna_data_02_mir/recover-20220922/UBNA_001/20220921_090000.WAV,Telephone Field,recover-20220922,001,1795
793.3245,793.3622,68437,82683,Rhinolophus ferrumequinum,0.025,0.025,-1,Echolocation,/mnt/ubna_data_02_mir/recover-20220922/UBNA_001/20220921_090000.WAV,Telephone Field,recover-20220922,001,1795
793.3725,793.3792,23750,32919,Plecotus austriacus,0.014,0.028,-1,Echolocation,/mnt/ubna_data_02_mir/recover-20220922/UBNA_001/20220921_090000.WAV,Telephone Field,recover-20220922,001,1795
793.3795,793.3881,45234,57321,Pipistrellus pipistrellus,0.013,0.023,-1,Echolocation,/mnt/ubna_data_02_mir/recover-20220922/UBNA_001/20220921_090000.WAV,Telephone Field,recover-20220922,001,1795
793.4045,793.4393,68437,81170,Rhinolophus ferrumequinum,0.022,0.022,-1,Echolocation,/mnt/ubna_data_02_mir/recover-20220922/UBNA_001/20220921_090000.WAV,Telephone Field,recover-20220922,001,1795
793.4135,793.4243,22031,27140,Nyctalus leisleri,0.01,0.022,-1,Echolocation,/mnt/ubna_data_02_mir/recover-20220922/UBNA_001/20220921_090000.WAV,Telephone Field,recover-20220922,001,1795
793.4225,793.4611,68437,82115,Rhinolophus ferrumequinum,0.023,0.023,-1,Echolocation,/mnt/ubna_data_02_mir/recover-20220922/UBNA_001/20220921_090000.WAV,Telephone Field,recover-20220922,001,1795
793.4315,793.4385,49531,54878,Pipistrellus pipistrellus,0.02,0.023,-1,Echolocation,/mnt/ubna_data_02_mir/recover-20220922/UBNA_001/20220921_090000.WAV,Telephone Field,recover-20220922,001,1795
793.4405,793.4531,54687,59149,Pipistrellus pygmaeus,0.021,0.023,-1,Echolocation,/mnt/ubna_data_02_mir/recover-20220922/UBNA_001/20220921_090000.WAV,Telephone Field,recover-20220922,001,1795
793.4715,793.4923,20312,23354,Nyctalus leisleri,0.016,0.03,-1,Echolocation,/mnt/ubna_data_02_mir/recover-20220922/UBNA_001/20220921_090000.WAV,Telephone Field,recover-20220922,001,1795
793.4985,793.5396,68437,82380,Rhinolophus ferrumequinum,0.031,0.031,-1,Echolocation,/mnt/ubna_data_02_mir/recover-20220922/UBNA_001/20220921_090000.WAV,Telephone Field,recover-20220922,001,1795
793.5365,793.5745,68437,81390,Rhinolophus ferrumequinum,0.023,0.023,-1,Echolocation,/mnt/ubna_data_02_mir/recover-20220922/UBNA_001/20220921_090000.WAV,Telephone Field,recover-20220922,001,1795
793.5425,793.5529,22031,27070,Nyctalus leisleri,0.011,0.022,-1,Echolocation,/mnt/ubna_data_02_mir/recover-20220922/UBNA_001/20220921_090000.WAV,Telephone Field,recover-20220922,001,1795
793.5615,793.6011,68437,82448,Rhinolophus ferrumequinum,0.028,0.028,-1,Echolocation,/mnt/ubna_data_02_mir/recover-20220922/UBNA_001/20220921_090000.WAV,Telephone Field,recover-20220922,001,1795
793.5685,793.5813,29765,36926,Eptesicus serotinus,0.015,0.027,-1,Echolocation,/mnt/ubna_data_02_mir/recover-20220922/UBNA_001/20220921_090000.WAV,Telephone Field,recover-20220922,001,1795
793.6035,793.6438,68437,82688,Rhinolophus ferrumequinum,0.022,0.022,-1,Echolocation,/mnt/ubna_data_02_mir/recover-20220922/UBNA_001/20220921_090000.WAV,Telephone Field,recover-20220922,001,1795
793.6275,793.667,68437,82165,Rhinolophus ferrumequinum,0.023,0.023,-1,Echolocation,/mnt/ubna_data_02_mir/recover-20220922/UBNA_001/20220921_090000.WAV,Telephone Field,recover-20220922,001,1795
793.6505,793.6578,26328,38922,Eptesicus serotinus,0.006,0.024,-1,Echolocation,/mnt/ubna_data_02_mir/recover-20220922/UBNA_001/20220921_090000.WAV,Telephone Field,recover-20220922,001,1795
793.6575,793.6971,68437,82439,Rhinolophus ferrumequinum,0.025,0.025,-1,Echolocation,/mnt/ubna_data_02_mir/recover-20220922/UBNA_001/20220921_090000.WAV,Telephone Field,recover-20220922,001,1795
793.6805,793.7245,68437,83415,Rhinolophus ferrumequinum,0.032,0.032,-1,Echolocation,/mnt/ubna_data_02_mir/recover-20220922/UBNA_001/20220921_090000.WAV,Telephone Field,recover-20220922,001,1795
793.6835,793.6924,28906,37337,Eptesicus serotinus,0.008,0.021,-1,Echolocation,/mnt/ubna_data_02_mir/recover-20220922/UBNA_001/20220921_090000.WAV,Telephone Field,recover-20220922,001,1795
793.6945,793.7354,68437,82577,Rhinolophus ferrumequinum,0.025,0.025,-1,Echolocation,/mnt/ubna_data_02_mir/recover-20220922/UBNA_001/20220921_090000.WAV,Telephone Field,recover-20220922,001,1795
793.7035,793.7441,68437,83484,Rhinolophus ferrumequinum,0.026,0.026,-1,Echolocation,/mnt/ubna_data_02_mir/recover-20220922/UBNA_001/20220921_090000.WAV,Telephone Field,recover-20220922,001,1795
793.7135,793.7222,28046,38561,Eptesicus serotinus,0.007,0.021,-1,Echolocation,/mnt/ubna_data_02_mir/recover-20220922/UBNA_001/20220921_090000.WAV,Telephone Field,recover-20220922,001,1795
793.7325,793.7404,28906,38440,Eptesicus serotinus,0.01,0.027,-1,Echolocation,/mnt/ubna_data_02_mir/recover-20220922/UBNA_001/20220921_090000.WAV,Telephone Field,recover-20220922,001,1795
793.7485,793.7844,68437,81855,Rhinolophus ferrumequinum,0.021,0.021,-1,Echolocation,/mnt/ubna_data_02_mir/recover-20220922/UBNA_001/20220921_090000.WAV,Telephone Field,recover-20220922,001,1795
793.7565,793.7961,68437,82083,Rhinolophus ferrumequinum,0.023,0.023,-1,Echolocation,/mnt/ubna_data_02_mir/recover-20220922/UBNA_001/20220921_090000.WAV,Telephone Field,recover-20220922,001,1795
793.7695,793.7768,23750,32639,Plecotus austriacus,0.014,0.028,-1,Echolocation,/mnt/ubna_data_02_mir/recover-20220922/UBNA_001/20220921_090000.WAV,Telephone Field,recover-20220922,001,1795
793.7835,793.8244,68437,82235,Rhinolophus ferrumequinum,0.024,0.024,-1,Echolocation,/mnt/ubna_data_02_mir/recover-20220922/UBNA_001/20220921_090000.WAV,Telephone Field,recover-20220922,001,1795
793.8165,793.859,68437,83404,Rhinolophus ferrumequinum,0.028,0.028,-1,Echolocation,/mnt/ubna_data_02_mir/recover-20220922/UBNA_001/20220921_090000.WAV,Telephone Field,recover-20220922,001,1795
793.8525,793.8626,35781,41117,Pipistrellus nathusii,0.007,0.021,-1,Echolocation,/mnt/ubna_data_02_mir/recover-20220922/UBNA_001/20220921_090000.WAV,Telephone Field,recover-20220922,001,1795
793.8605,793.8985,68437,81801,Rhinolophus ferrumequinum,0.034,0.034,-1,Echolocation,/mnt/ubna_data_02_mir/recover-20220922/UBNA_001/20220921_090000.WAV,Telephone Field,recover-20220922,001,1795
793.8745,793.8864,28906,36701,Eptesicus serotinus,0.013,0.026,-1,Echolocation,/mnt/ubna_data_02_mir/recover-20220922/UBNA_001/20220921_090000.WAV,Telephone Field,recover-20220922,001,1795
793.8845,793.8935,28906,36700,Eptesicus serotinus,0.013,0.028,-1,Echolocation,/mnt/ubna_data_02_mir/recover-20220922/UBNA_001/20220921_090000.WAV,Telephone Field,recover-20220922,001,1795
793.9125,793.9537,68437,83278,Rhinolophus ferrumequinum,0.026,0.026,-1,Echolocation,/mnt/ubna_data_02_mir/recover-20220922/UBNA_001/20220921_090000.WAV,Telephone Field,recover-20220922,001,1795
793.9385,793.9762,68437,82106,Rhinolophus ferrumequinum,0.022,0.022,-1,Echolocation,/mnt/ubna_data_02_mir/recover-20220922/UBNA_001/20220921_090000.WAV,Telephone Field,recover-20220922,001,1795
793.9405,793.9472,24609,33421,Plecotus austriacus,0.008,0.022,-1,Echolocation,/mnt/ubna_data_02_mir/recover-20220922/UBNA_001/20220921_090000.WAV,Telephone Field,recover-20220922,001,1795
794.0015,794.0174,16875,22864,Nyctalus noctula,0.012,0.022,-1,Echolocation,/mnt/ubna_data_02_mir/recover-20220922/UBNA_001/20220921_090000.WAV,Telephone Field,recover-20220922,001,1795
794.0015,794.0342,68437,79103,Rhinolophus ferrumequinum,0.022,0.022,-1,Echolocation,/mnt/ubna_data_02_mir/recover-20220922/UBNA_001/20220921_090000.WAV,Telephone Field,recover-20220922,001,1795
794.0015,794.0109,28906,39070,Eptesicus serotinus,0.008,0.026,-1,Echolocation,/mnt/ubna_data_02_mir/recover-20220922/UBNA_001/20220921_090000.WAV,Telephone Field,recover-20220922,001,1795
794.0225,794.0311,26328,35671,Eptesicus serotinus,0.01,0.026,-1,Echolocation,/mnt/ubna_data_02_mir/recover-20220922/UBNA_001/20220921_090000.WAV,Telephone Field,recover-20220922,001,1795
794.0295,794.0696,68437,82110,Rhinolophus ferrumequinum,0.022,0.022,-1,Echolocation,/mnt/ubna_data_02_mir/recover-20220922/UBNA_001/20220921_090000.WAV,Telephone Field,recover-20220922,001,1795
794.0465,794.0548,23750,31682,Plecotus austriacus,0.007,0.021,-1,Echolocation,/mnt/ubna_data_02_mir/recover-20220922/UBNA_001/20220921_090000.WAV,Telephone Field,recover-20220922,001,1795
794.0635,794.0738,28046,36710,Eptesicus serotinus,0.016,0.03,-1,Echolocation,/mnt/ubna_data_02_mir/recover-20220922/UBNA_001/20220921_090000.WAV,Telephone Field,recover-20220922,001,1795
794.0725,794.1129,68437,82165,Rhinolophus ferrumequinum,0.022,0.022,-1,Echolocation,/mnt/ubna_data_02_mir/recover-20220922/UBNA_001/20220921_090000.WAV,Telephone Field,recover-20220922,001,1795
794.0825,794.0929,43515,46799,Pipistrellus pipistrellus,0.019,0.021,-1,Echolocation,/mnt/ubna_data_02_mir/recover-20220922/UBNA_001/20220921_090000.WAV,Telephone Field,recover-20220922,001,1795
794.1025,794.145,68437,83438,Rhinolophus ferrumequinum,0.027,0.027,-1,Echolocation,/mnt/ubna_data_02_mir/recover-20220922/UBNA_001/20220921_090000.WAV,Telephone Field,recover-20220922,001,1795
794.1405,794.1795,68437,82387,Rhinolophus ferrumequinum,0.023,0.023,-1,Echolocation,/mnt/ubna_data_02_mir/recover-20220922/UBNA_001/20220921_090000.WAV,Telephone Field,recover-20220922,001,1795
794.1485,794.1849,68437,82243,Rhinolophus ferrumequinum,0.023,0.023,-1,Echolocation,/mnt/ubna_data_02_mir/recover-20220922/UBNA_001/20220921_090000.WAV,Telephone Field,recover-20220922,001,1795
794.1555,794.1923,68437,81839,Rhinolophus ferrumequinum,0.021,0.021,-1,Echolocation,/mnt/ubna_data_02_mir/recover-20220922/UBNA_001/20220921_090000.WAV,Telephone Field,recover-20220922,001,1795
794.1625,794.2014,68437,81681,Rhinolophus ferrumequinum,0.023,0.023,-1,Echolocation,/mnt/ubna_data_02_mir/recover-20220922/UBNA_001/20220921_090000.WAV,Telephone Field,recover-20220922,001,1795
794.1675,794.1754,27187,38044,Eptesicus serotinus,0.007,0.022,-1,Echolocation,/mnt/ubna_data_02_mir/recover-20220922/UBNA_001/20220921_090000.WAV,Telephone Field,recover-20220922,001,1795
794.1955,794.2028,22890,32154,Plecotus austriacus,0.019,0.039,-1,Echolocation,/mnt/ubna_data_02_mir/recover-20220922/UBNA_001/20220921_090000.WAV,Telephone Field,recover-20220922,001,1795
794.2205,794.2291,25468,32951,Eptesicus serotinus,0.006,0.021,-1,Echolocation,/mnt/ubna_data_02_mir/recover-20220922/UBNA_001/20220921_090000.WAV,Telephone Field,recover-20220922,001,1795
794.2715,794.3102,68437,82095,Rhinolophus ferrumequinum,0.026,0.026,-1,Echolocation,/mnt/ubna_data_02_mir/recover-20220922/UBNA_001/20220921_090000.WAV,Telephone Field,recover-20220922,001,1795
794.2825,794.3203,68437,82332,Rhinolophus ferrumequinum,0.022,0.022,-1,Echolocation,/mnt/ubna_data_02_mir/recover-20220922/UBNA_001/20220921_090000.WAV,Telephone Field,recover-20220922,001,1795
794.2955,794.305,28906,37100,Eptesicus serotinus,0.009,0.021,-1,Echolocation,/mnt/ubna_data_02_mir/recover-20220922/UBNA_001/20220921_090000.WAV,Telephone Field,recover-20220922,001,1795
794.3045,794.3408,68437,81798,Rhinolophus ferrumequinum,0.026,0.026,-1,Echolocation,/mnt/ubna_data_02_mir/recover-20220922/UBNA_001/20220921_090000.WAV,Telephone Field,recover-20220922,001,1795
794.3725,794.4058,68437,80580,Rhinolophus ferrumequinum,0.021,0.021,-1,Echolocation,/mnt/ubna_data_02_mir/recover-20220922/UBNA_001/20220921_090000.WAV,Telephone Field,recover-20220922,001,1795
794.3805,794.39,28906,36322,Eptesicus serotinus,0.008,0.023,-1,Echolocation,/mnt/ubna_data_02_mir/recover-20220922/UBNA_001/20220921_090000.WAV,Telephone Field,recover-20220922,001,1795
794.4285,794.4638,68437,81787,Rhinolophus ferrumequinum,0.022,0.022,-1,Echolocation,/mnt/ubna_data_02_mir/recover-20220922/UBNA_001/20220921_090000.WAV,Telephone Field,recover-20220922,001,1795
794.4455,794.4561,23750,30332,Nyctalus leisleri,0.008,0.023,-1,Echolocation,/mnt/ubna_data_02_mir/recover-20220922/UBNA_001/20220921_090000.WAV,Telephone Field,recover-20220922,001,1795
794.4725,794.5122,68437,82594,Rhinolophus ferrumequinum,0.025,0.025,-1,Echolocation,/mnt/ubna_data_02_mir/recover-20220922/UBNA_001/20220921_090000.WAV,Telephone Field,recover-20220922,001,1795
794.4855,794.5318,68437,84072,Rhinolophus ferrumequinum,0.034,0.034,-1,Echolocation,/mnt/ubna_data_02_mir/recover-20220922/UBNA_001/20220921_090000.WAV,Telephone Field,recover-20220922,001,1795
794.5195,794.5263,23750,32773,Plecotus austriacus,0.012,0.026,-1,Echolocation,/mnt/ubna_data_02_mir/recover-20220922/UBNA_001/20220921_090000.WAV,Telephone Field,recover-20220922,001,1795
794.5395,794.5825,68437,82996,Rhinolophus ferrumequinum,0.024,0.024,-1,Echolocation,/mnt/ubna_data_02_mir/recover-20220922/UBNA_001/20220921_090000.WAV,Telephone Field,recover-20220922,001,1795
794.5555,794.5644,29765,38484,Eptesicus serotinus,0.009,0.03,-1,Echolocation,/mnt/ubna_data_02_mir/recover-20220922/UBNA_001/20220921_090000.WAV,Telephone Field,recover-20220922,001,1795
794.5715,794.6099,68437,81687,Rhinolophus ferrumequinum,0.022,0.022,-1,Echolocation,/mnt/ubna_data_02_mir/recover-20220922/UBNA_001/20220921_090000.WAV,Telephone Field,recover-20220922,001,1795
794.5815,794.6227,68437,82545,Rhinolophus ferrumequinum,0.024,0.024,-1,Echolocation,/mnt/ubna_data_02_mir/recover-20220922/UBNA_001/20220921_090000.WAV,Telephone Field,recover-20220922,001,1795
794.6285,794.6364,46953,54223,Pipistrellus pipistrellus,0.013,0.021,-1,Echolocation,/mnt/ubna_data_02_mir/recover-20220922/UBNA_001/20220921_090000.WAV,Telephone Field,recover-20220922,001,1795
794.6455,794.6572,22031,26612,Nyctalus leisleri,0.012,0.024,-1,Echolocation,/mnt/ubna_data_02_mir/recover-20220922/UBNA_001/20220921_090000.WAV,Telephone Field,recover-20220922,001,1795
794.6505,794.6947,68437,82851,Rhinolophus ferrumequinum,0.034,0.034,-1,Echolocation,/mnt/ubna_data_02_mir/recover-20220922/UBNA_001/20220921_090000.WAV,Telephone Field,recover-20220922,001,1795
794.7185,794.7608,68437,83132,Rhinolophus ferrumequinum,0.023,0.023,-1,Echolocation,/mnt/ubna_data_02_mir/recover-20220922/UBNA_001/20220921_090000.WAV,Telephone Field,recover-20220922,001,1795
794.7455,794.7564,23750,29603,Nyctalus leisleri,0.011,0.024,-1,Echolocation,/mnt/ubna_data_02_mir/recover-20220922/UBNA_001/20220921_090000.WAV,Telephone Field,recover-20220922,001,1795
794.7655,794.8008,68437,80469,Rhinolophus ferrumequinum,0.029,0.029,-1,Echolocation,/mnt/ubna_data_02_mir/recover-20220922/UBNA_001/20220921_090000.WAV,Telephone Field,recover-20220922,001,1795
794.7805,794.8207,68437,82295,Rhinolophus ferrumequinum,0.023,0.023,-1,Echolocation,/mnt/ubna_data_02_mir/recover-20220922/UBNA_001/20220921_090000.WAV,Telephone Field,recover-20220922,001,1795
794.7855,794.7941,26328,34941,Eptesicus serotinus,0.011,0.026,-1,Echolocation,/mnt/ubna_data_02_mir/recover-20220922/UBNA_001/20220921_090000.WAV,Telephone Field,recover-20220922,001,1795
794.8135,794.8515,68437,81659,Rhinolophus ferrumequinum,0.025,0.025,-1,Echolocation,/mnt/ubna_data_02_mir/recover-20220922/UBNA_001/20220921_090000.WAV,Telephone Field,recover-20220922,001,1795
794.8265,794.8359,28906,36390,Eptesicus serotinus,0.009,0.025,-1,Echolocation,/mnt/ubna_data_02_mir/recover-20220922/UBNA_001/20220921_090000.WAV,Telephone Field,recover-20220922,001,1795
794.8305,794.8689,68437,81586,Rhinolophus ferrumequinum,0.021,0.021,-1,Echolocation,/mnt/ubna_data_02_mir/recover-20220922/UBNA_001/20220921_090000.WAV,Telephone Field,recover-20220922,001,1795
794.8325,794.8435,22890,27955,Nyctalus leisleri,0.012,0.026,-1,Echolocation,/mnt/ubna_data_02_mir/recover-20220922/UBNA_001/20220921_090000.WAV,Telephone Field,recover-20220922,001,1795
794.8365,794.8743,68437,81839,Rhinolophus ferrumequinum,0.021,0.021,-1,Echolocation,/mnt/ubna_data_02_mir/recover-20220922/UBNA_001/20220921_090000.WAV,Telephone Field,recover-20220922,001,1795
794.9185,794.9255,27187,40087,Eptesicus serotinus,0.007,0.025,-1,Echolocation,/mnt/ubna_data_02_mir/recover-20220922/UBNA_001/20220921_090000.WAV,Telephone Field,recover-20220922,001,1795
794.9215,794.9286,48671,56004,Pipistrellus pipistrellus,0.019,0.022,-1,Echolocation,/mnt/ubna_data_02_mir/recover-20220922/UBNA_001/20220921_090000.WAV,Telephone Field,recover-20220922,001,1795
794.9395,794.9775,68437,82184,Rhinolophus ferrumequinum,0.025,0.025,-1,Echolocation,/mnt/ubna_data_02_mir/recover-20220922/UBNA_001/20220921_090000.WAV,Telephone Field,recover-20220922,001,1795
794.9485,794.9849,68437,82241,Rhinolophus ferrumequinum,0.021,0.021,-1,Echolocation,/mnt/ubna_data_02_mir/recover-20220922/UBNA_001/20220921_090000.WAV,Telephone Field,recover-20220922,001,1795
794.9575,794.995,68437,81853,Rhinolophus ferrumequinum,0.022,0.022,-1,Echolocation,/mnt/ubna_data_02_mir/recover-20220922/UBNA_001/20220921_090000.WAV,Telephone Field,recover-20220922,001,1795
794.9865,794.9936,27187,46939,Eptesicus serotinus,0.006,0.021,-1,Echolocation,/mnt/ubna_data_02_mir/recover-20220922/UBNA_001/20220921_090000.WAV,Telephone Field,recover-20220922,001,1795
794.9965,795.0366,68437,82188,Rhinolophus ferrumequinum,0.021,0.021,-1,Echolocation,/mnt/ubna_data_02_mir/recover-20220922/UBNA_001/20220921_090000.WAV,Telephone Field,recover-20220922,001,1795
795.0125,795.0308,17734,21681,Nyctalus noctula,0.014,0.023,-1,Echolocation,/mnt/ubna_data_02_mir/recover-20220922/UBNA_001/20220921_090000.WAV,Telephone Field,recover-20220922,001,1795
795.0465,795.0546,28046,39738,Eptesicus serotinus,0.011,0.03,-1,Echolocation,/mnt/ubna_data_02_mir/recover-20220922/UBNA_001/20220921_090000.WAV,Telephone Field,recover-20220922,001,1795
795.0605,795.0713,28906,35297,Eptesicus serotinus,0.01,0.024,-1,Echolocation,/mnt/ubna_data_02_mir/recover-20220922/UBNA_001/20220921_090000.WAV,Telephone Field,recover-20220922,001,1795
795.0645,795.1056,68437,83259,Rhinolophus ferrumequinum,0.029,0.029,-1,Echolocation,/mnt/ubna_data_02_mir/recover-20220922/UBNA_001/20220921_090000.WAV,Telephone Field,recover-20220922,001,1795
795.0765,795.0874,24609,31083,Nyctalus leisleri,0.008,0.023,-1,Echolocation,/mnt/ubna_data_02_mir/recover-20220922/UBNA_001/20220921_090000.WAV,Telephone Field,recover-20220922,001,1795
795.0995,795.1104,40937,44786,Pipistrellus nathusii,0.026,0.038,-1,Echolocation,/mnt/ubna_data_02_mir/recover-20220922/UBNA_001/20220921_090000.WAV,Telephone Field,recover-20220922,001,1795
795.1045,795.116,22890,27502,Nyctalus leisleri,0.015,0.027,-1,Echolocation,/mnt/ubna_data_02_mir/recover-20220922/UBNA_001/20220921_090000.WAV,Telephone Field,recover-20220922,001,1795
795.1055,795.1495,68437,83396,Rhinolophus ferrumequinum,0.028,0.028,-1,Echolocation,/mnt/ubna_data_02_mir/recover-20220922/UBNA_001/20220921_090000.WAV,Telephone Field,recover-20220922,001,1795
795.1165,795.1297,24609,29465,Nyctalus leisleri,0.012,0.024,-1,Echolocation,/mnt/ubna_data_02_mir/recover-20220922/UBNA_001/20220921_090000.WAV,Telephone Field,recover-20220922,001,1795
795.1205,795.1281,44375,49765,Pipistrellus pipistrellus,0.022,0.025,-1,Echolocation,/mnt/ubna_data_02_mir/recover-20220922/UBNA_001/20220921_090000.WAV,Telephone Field,recover-20220922,001,1795
795.1585,795.1991,68437,82483,Rhinolophus ferrumequinum,0.021,0.021,-1,Echolocation,/mnt/ubna_data_02_mir/recover-20220922/UBNA_001/20220921_090000.WAV,Telephone Field,recover-20220922,001,1795
795.1645,795.2037,68437,82468,Rhinolophus ferrumequinum,0.021,0.021,-1,Echolocation,/mnt/ubna_data_02_mir/recover-20220922/UBNA_001/20220921_090000.WAV,Telephone Field,recover-20220922,001,1795
795.1895,795.2293,68437,81997,Rhinolophus ferrumequinum,0.028,0.028,-1,Echolocation,/mnt/ubna_data_02_mir/recover-20220922/UBNA_001/20220921_090000.WAV,Telephone Field,recover-20220922,001,1795
795.2245,795.2674,68437,83038,Rhinolophus ferrumequinum,0.025,0.025,-1,Echolocation,/mnt/ubna_data_02_mir/recover-20220922/UBNA_001/20220921_090000.WAV,Telephone Field,recover-20220922,001,1795
795.2305,795.2413,28046,36347,Eptesicus serotinus,0.015,0.028,-1,Echolocation,/mnt/ubna_data_02_mir/recover-20220922/UBNA_001/20220921_090000.WAV,Telephone Field,recover-20220922,001,1795
795.2705,795.2798,24609,32487,Eptesicus serotinus,0.008,0.021,-1,Echolocation,/mnt/ubna_data_02_mir/recover-20220922/UBNA_001/20220921_090000.WAV,Telephone Field,recover-20220922,001,1795
795.2815,795.2888,28906,41171,Eptesicus serotinus,0.006,0.022,-1,Echolocation,/mnt/ubna_data_02_mir/recover-20220922/UBNA_001/20220921_090000.WAV,Telephone Field,recover-20220922,001,1795
795.3255,795.3358,26328,33358,Eptesicus serotinus,0.012,0.032,-1,Echolocation,/mnt/ubna_data_02_mir/recover-20220922/UBNA_001/20220921_090000.WAV,Telephone Field,recover-20220922,001,1795
795.3455,795.3819,68437,81556,Rhinolophus ferrumequinum,0.021,0.021,-1,Echolocation,/mnt/ubna_data_02_mir/recover-20220922/UBNA_001/20220921_090000.WAV,Telephone Field,recover-20220922,001,1795
795.3575,795.399,68437,82283,Rhinolophus ferrumequinum,0.021,0.021,-1,Echolocation,/mnt/ubna_data_02_mir/recover-20220922/UBNA_001/20220921_090000.WAV,Telephone Field,recover-20220922,001,1795
795.4005,795.4098,27187,36361,Eptesicus serotinus,0.008,0.021,-1,Echolocation,/mnt/ubna_data_02_mir/recover-20220922/UBNA_001/20220921_090000.WAV,Telephone Field,recover-20220922,001,1795
795.4185,795.4259,28046,38344,Eptesicus serotinus,0.008,0.025,-1,Echolocation,/mnt/ubna_data_02_mir/recover-20220922/UBNA_001/20220921_090000.WAV,Telephone Field,recover-20220922,001,1795
795.4235,795.4635,68437,82617,Rhinolophus ferrumequinum,0.028,0.028,-1,Echolocation,/mnt/ubna_data_02_mir/recover-20220922/UBNA_001/20220921_090000.WAV,Telephone Field,recover-20220922,001,1795
795.4705,795.5142,68437,83212,Rhinolophus ferrumequinum,0.045,0.045,-1,Echolocation,/mnt/ubna_data_02_mir/recover-20220922/UBNA_001/20220921_090000.WAV,Telephone Field,recover-20220922,001,1795
795.5175,795.5588,68437,82391,Rhinolophus ferrumequinum,0.027,0.027,-1,Echolocation,/mnt/ubna_data_02_mir/recover-20220922/UBNA_001/20220921_090000.WAV,Telephone Field,recover-20220922,001,1795
795.5185,795.5292,23750,30139,Eptesicus serotinus,0.008,0.022,-1,Echolocation,/mnt/ubna_data_02_mir/recover-20220922/UBNA_001/20220921_090000.WAV,Telephone Field,recover-20220922,001,1795
795.5525,795.5735,18593,21488,Nyctalus noctula,0.011,0.022,-1,Echolocation,/mnt/ubna_data_02_mir/recover-20220922/UBNA_001/20220921_090000.WAV,Telephone Field,recover-20220922,001,1795
795.5735,795.6124,68437,82263,Rhinolophus ferrumequinum,0.021,0.021,-1,Echolocation,/mnt/ubna_data_02_mir/recover-20220922/UBNA_001/20220921_090000.WAV,Telephone Field,recover-20220922,001,1795
795.6145,795.6579,68437,82745,Rhinolophus ferrumequinum,0.029,0.029,-1,Echolocation,/mnt/ubna_data_02_mir/recover-20220922/UBNA_001/20220921_090000.WAV,Telephone Field,recover-20220922,001,1795
795.7475,795.7828,68437,81408,Rhinolophus ferrumequinum,0.021,0.021,-1,Echolocation,/mnt/ubna_data_02_mir/recover-20220922/UBNA_001/20220921_090000.WAV,Telephone Field,recover-20220922,001,1795
795.7595,795.7697000000001,23750,29350,Nyctalus leisleri,0.01,0.022,-1,Echolocation,/mnt/ubna_data_02_mir/recover-20220922/UBNA_001/20220921_090000.WAV,Telephone Field,recover-20220922,001,1795
795.7865,795.81,18593,21384,Nyctalus noctula,0.015,0.029,-1,Echolocation,/mnt/ubna_data_02_mir/recover-20220922/UBNA_001/20220921_090000.WAV,Telephone Field,recover-20220922,001,1795
795.8155,795.8244,28906,38802,Eptesicus serotinus,0.008,0.023,-1,Echolocation,/mnt/ubna_data_02_mir/recover-20220922/UBNA_001/20220921_090000.WAV,Telephone Field,recover-20220922,001,1795
795.8245,795.8622,68437,81702,Rhinolophus ferrumequinum,0.021,0.021,-1,Echolocation,/mnt/ubna_data_02_mir/recover-20220922/UBNA_001/20220921_090000.WAV,Telephone Field,recover-20220922,001,1795
795.8465,795.8852,68437,82357,Rhinolophus ferrumequinum,0.023,0.023,-1,Echolocation,/mnt/ubna_data_02_mir/recover-20220922/UBNA_001/20220921_090000.WAV,Telephone Field,recover-20220922,001,1795
795.9015,795.9419,68437,82471,Rhinolophus ferrumequinum,0.022,0.022,-1,Echolocation,/mnt/ubna_data_02_mir/recover-20220922/UBNA_001/20220921_090000.WAV,Telephone Field,recover-20220922,001,1795
795.9175,795.9614,68437,83335,Rhinolophus ferrumequinum,0.044,0.044,-1,Echolocation,/mnt/ubna_data_02_mir/recover-20220922/UBNA_001/20220921_090000.WAV,Telephone Field,recover-20220922,001,1795
795.9485,795.9635,22031,25931,Nyctalus leisleri,0.014,0.023,-1,Echolocation,/mnt/ubna_data_02_mir/recover-20220922/UBNA_001/20220921_090000.WAV,Telephone Field,recover-20220922,001,1795
795.9825,795.9906,28046,40437,Eptesicus serotinus,0.009,0.027,-1,Echolocation,/mnt/ubna_data_02_mir/recover-20220922/UBNA_001/20220921_090000.WAV,Telephone Field,recover-20220922,001,1795
796.0015,796.0103,26328,36083,Eptesicus serotinus,0.01,0.032,-1,Echolocation,/mnt/ubna_data_02_mir/recover-20220922/UBNA_001/20220921_090000.WAV,Telephone Field,recover-20220922,001,1795
796.0015,796.0345,68437,79864,Rhinolophus ferrumequinum,0.037,0.038,-1,Echolocation,/mnt/ubna_data_02_mir/recover-20220922/UBNA_001/20220921_090000.WAV,Telephone Field,recover-20220922,001,1795
796.0135,796.0572,68437,83602,Rhinolophus ferrumequinum,0.03,0.03,-1,Echolocation,/mnt/ubna_data_02_mir/recover-20220922/UBNA_001/20220921_090000.WAV,Telephone Field,recover-20220922,001,1795
796.0545,796.0627,27187,38804,Eptesicus serotinus,0.006,0.02,-1,Echolocation,/mnt/ubna_data_02_mir/recover-20220922/UBNA_001/20220921_090000.WAV,Telephone Field,recover-20220922,001,1795
796.0695,796.1057,68437,81366,Rhinolophus ferrumequinum,0.023,0.023,-1,Echolocation,/mnt/ubna_data_02_mir/recover-20220922/UBNA_001/20220921_090000.WAV,Telephone Field,recover-20220922,001,1795
796.0785,796.0928,38359,43102,Pipistrellus nathusii,0.022,0.049,-1,Echolocation,/mnt/ubna_data_02_mir/recover-20220922/UBNA_001/20220921_090000.WAV,Telephone Field,recover-20220922,001,1795
796.0795,796.1212,68437,83128,Rhinolophus ferrumequinum,0.023,0.023,-1,Echolocation,/mnt/ubna_data_02_mir/recover-20220922/UBNA_001/20220921_090000.WAV,Telephone Field,recover-20220922,001,1795
796.0995,796.1391,68437,82444,Rhinolophus ferrumequinum,0.026,0.026,-1,Echolocation,/mnt/ubna_data_02_mir/recover-20220922/UBNA_001/20220921_090000.WAV,Telephone Field,recover-20220922,001,1795
796.1005,796.1132,26328,32098,Eptesicus serotinus,0.016,0.038,-1,Echolocation,/mnt/ubna_data_02_mir/recover-20220922/UBNA_001/20220921_090000.WAV,Telephone Field,recover-20220922,001,1795
796.1405,796.18,68437,82427,Rhinolophus ferrumequinum,0.023,0.023,-1,Echolocation,/mnt/ubna_data_02_mir/recover-20220922/UBNA_001/20220921_090000.WAV,Telephone Field,recover-20220922,001,1795
796.1635,796.2038,68437,82830,Rhinolophus ferrumequinum,0.032,0.032,-1,Echolocation,/mnt/ubna_data_02_mir/recover-20220922/UBNA_001/20220921_090000.WAV,Telephone Field,recover-20220922,001,1795
796.2035,796.2459,68437,82510,Rhinolophus ferrumequinum,0.051,0.051,-1,Echolocation,/mnt/ubna_data_02_mir/recover-20220922/UBNA_001/20220921_090000.WAV,Telephone Field,recover-20220922,001,1795
796.2295,796.2673,68437,82386,Rhinolophus ferrumequinum,0.024,0.024,-1,Echolocation,/mnt/ubna_data_02_mir/recover-20220922/UBNA_001/20220921_090000.WAV,Telephone Field,recover-20220922,001,1795
796.2365,796.2443,28046,38919,Eptesicus serotinus,0.009,0.025,-1,Echolocation,/mnt/ubna_data_02_mir/recover-20220922/UBNA_001/20220921_090000.WAV,Telephone Field,recover-20220922,001,1795
796.2835,796.3228,68437,82357,Rhinolophus ferrumequinum,0.025,0.025,-1,Echolocation,/mnt/ubna_data_02_mir/recover-20220922/UBNA_001/20220921_090000.WAV,Telephone Field,recover-20220922,001,1795
796.2945,796.3353,68437,83035,Rhinolophus ferrumequinum,0.039,0.039,-1,Echolocation,/mnt/ubna_data_02_mir/recover-20220922/UBNA_001/20220921_090000.WAV,Telephone Field,recover-20220922,001,1795
796.3185,796.3564,68437,82006,Rhinolophus ferrumequinum,0.02,0.021,-1,Echolocation,/mnt/ubna_data_02_mir/recover-20220922/UBNA_001/20220921_090000.WAV,Telephone Field,recover-20220922,001,1795
796.3555,796.3669,22890,28275,Nyctalus leisleri,0.009,0.023,-1,Echolocation,/mnt/ubna_data_02_mir/recover-20220922/UBNA_001/20220921_090000.WAV,Telephone Field,recover-20220922,001,1795
796.3635,796.3703,27187,40447,Eptesicus serotinus,0.006,0.023,-1,Echolocation,/mnt/ubna_data_02_mir/recover-20220922/UBNA_001/20220921_090000.WAV,Telephone Field,recover-20220922,001,1795
796.3645,796.4025,68437,81934,Rhinolophus ferrumequinum,0.02,0.02,-1,Echolocation,/mnt/ubna_data_02_mir/recover-20220922/UBNA_001/20220921_090000.WAV,Telephone Field,recover-20220922,001,1795
796.3955,796.437,68437,82817,Rhinolophus ferrumequinum,0.024,0.024,-1,Echolocation,/mnt/ubna_data_02_mir/recover-20220922/UBNA_001/20220921_090000.WAV,Telephone Field,recover-20220922,001,1795
796.4055,796.4449,68437,82378,Rhinolophus ferrumequinum,0.023,0.023,-1,Echolocation,/mnt/ubna_data_02_mir/recover-20220922/UBNA_001/20220921_090000.WAV,Telephone Field,recover-20220922,001,1795
796.4145,796.4216,27187,36677,Eptesicus serotinus,0.007,0.023,-1,Echolocation,/mnt/ubna_data_02_mir/recover-20220922/UBNA_001/20220921_090000.WAV,Telephone Field,recover-20220922,001,1795
796.4165,796.4554,68437,82329,Rhinolophus ferrumequinum,0.021,0.021,-1,Echolocation,/mnt/ubna_data_02_mir/recover-20220922/UBNA_001/20220921_090000.WAV,Telephone Field,recover-20220922,001,1795
796.4625,796.4711,26328,35197,Eptesicus serotinus,0.008,0.022,-1,Echolocation,/mnt/ubna_data_02_mir/recover-20220922/UBNA_001/20220921_090000.WAV,Telephone Field,recover-20220922,001,1795
796.4635,796.5019,68437,82526,Rhinolophus ferrumequinum,0.021,0.021,-1,Echolocation,/mnt/ubna_data_02_mir/recover-20220922/UBNA_001/20220921_090000.WAV,Telephone Field,recover-20220922,001,1795
796.4995,796.5087,23750,30639,Nyctalus leisleri,0.008,0.025,-1,Echolocation,/mnt/ubna_data_02_mir/recover-20220922/UBNA_001/20220921_090000.WAV,Telephone Field,recover-20220922,001,1795
796.5085,796.5472,68437,81964,Rhinolophus ferrumequinum,0.022,0.022,-1,Echolocation,/mnt/ubna_data_02_mir/recover-20220922/UBNA_001/20220921_090000.WAV,Telephone Field,recover-20220922,001,1795
796.5175,796.527,24609,32246,Nyctalus leisleri,0.007,0.022,-1,Echolocation,/mnt/ubna_data_02_mir/recover-20220922/UBNA_001/20220921_090000.WAV,Telephone Field,recover-20220922,001,1795
796.5525,796.56,28046,39337,Eptesicus serotinus,0.006,0.02,-1,Echolocation,/mnt/ubna_data_02_mir/recover-20220922/UBNA_001/20220921_090000.WAV,Telephone Field,recover-20220922,001,1795
796.5805,796.6197,68437,82429,Rhinolophus ferrumequinum,0.03,0.03,-1,Echolocation,/mnt/ubna_data_02_mir/recover-20220922/UBNA_001/20220921_090000.WAV,Telephone Field,recover-20220922,001,1795
796.5935,796.6282,68437,81089,Rhinolophus ferrumequinum,0.02,0.02,-1,Echolocation,/mnt/ubna_data_02_mir/recover-20220922/UBNA_001/20220921_090000.WAV,Telephone Field,recover-20220922,001,1795
796.5965,796.6058,27187,37089,Eptesicus serotinus,0.008,0.021,-1,Echolocation,/mnt/ubna_data_02_mir/recover-20220922/UBNA_001/20220921_090000.WAV,Telephone Field,recover-20220922,001,1795
796.6145,796.623,27187,35702,Eptesicus serotinus,0.012,0.028,-1,Echolocation,/mnt/ubna_data_02_mir/recover-20220922/UBNA_001/20220921_090000.WAV,Telephone Field,recover-20220922,001,1795
796.6495,796.6927,68437,83367,Rhinolophus ferrumequinum,0.038,0.038,-1,Echolocation,/mnt/ubna_data_02_mir/recover-20220922/UBNA_001/20220921_090000.WAV,Telephone Field,recover-20220922,001,1795
796.6514999999999,796.6604,28046,37788,Eptesicus serotinus,0.008,0.022,-1,Echolocation,/mnt/ubna_data_02_mir/recover-20220922/UBNA_001/20220921_090000.WAV,Telephone Field,recover-20220922,001,1795
796.6695,796.6781,27187,36300,Eptesicus serotinus,0.009,0.021,-1,Echolocation,/mnt/ubna_data_02_mir/recover-20220922/UBNA_001/20220921_090000.WAV,Telephone Field,recover-20220922,001,1795
796.6915,796.7285,68437,82269,Rhinolophus ferrumequinum,0.022,0.022,-1,Echolocation,/mnt/ubna_data_02_mir/recover-20220922/UBNA_001/20220921_090000.WAV,Telephone Field,recover-20220922,001,1795
796.7275,796.7636,68437,81638,Rhinolophus ferrumequinum,0.02,0.02,-1,Echolocation,/mnt/ubna_data_02_mir/recover-20220922/UBNA_001/20220921_090000.WAV,Telephone Field,recover-20220922,001,1795
796.7405,796.779,68437,81975,Rhinolophus ferrumequinum,0.022,0.022,-1,Echolocation,/mnt/ubna_data_02_mir/recover-20220922/UBNA_001/20220921_090000.WAV,Telephone Field,recover-20220922,001,1795
796.7675,796.7751,26328,36403,Eptesicus serotinus,0.007,0.021,-1,Echolocation,/mnt/ubna_data_02_mir/recover-20220922/UBNA_001/20220921_090000.WAV,Telephone Field,recover-20220922,001,1795
796.7764999999999,796.815,68437,82181,Rhinolophus ferrumequinum,0.024,0.024,-1,Echolocation,/mnt/ubna_data_02_mir/recover-20220922/UBNA_001/20220921_090000.WAV,Telephone Field,recover-20220922,001,1795
796.8095,796.8462,68437,81553,Rhinolophus ferrumequinum,0.022,0.022,-1,Echolocation,/mnt/ubna_data_02_mir/recover-20220922/UBNA_001/20220921_090000.WAV,Telephone Field,recover-20220922,001,1795
796.8135,796.8214,28046,38989,Eptesicus serotinus,0.009,0.025,-1,Echolocation,/mnt/ubna_data_02_mir/recover-20220922/UBNA_001/20220921_090000.WAV,Telephone Field,recover-20220922,001,1795
796.8245,796.8632,68437,82728,Rhinolophus ferrumequinum,0.022,0.022,-1,Echolocation,/mnt/ubna_data_02_mir/recover-20220922/UBNA_001/20220921_090000.WAV,Telephone Field,recover-20220922,001,1795
796.8315,796.8691,68437,81379,Rhinolophus ferrumequinum,0.02,0.021,-1,Echolocation,/mnt/ubna_data_02_mir/recover-20220922/UBNA_001/20220921_090000.WAV,Telephone Field,recover-20220922,001,1795
796.8845,796.9221,68437,81305,Rhinolophus ferrumequinum,0.02,0.021,-1,Echolocation,/mnt/ubna_data_02_mir/recover-20220922/UBNA_001/20220921_090000.WAV,Telephone Field,recover-20220922,001,1795
796.9285,796.9728,68437,83387,Rhinolophus ferrumequinum,0.032,0.032,-1,Echolocation,/mnt/ubna_data_02_mir/recover-20220922/UBNA_001/20220921_090000.WAV,Telephone Field,recover-20220922,001,1795
796.9565,796.9939,68437,81337,Rhinolophus ferrumequinum,0.024,0.024,-1,Echolocation,/mnt/ubna_data_02_mir/recover-20220922/UBNA_001/20220921_090000.WAV,Telephone Field,recover-20220922,001,1795
796.9905,797.0007,22031,27685,Nyctalus leisleri,0.01,0.026,-1,Echolocation,/mnt/ubna_data_02_mir/recover-20220922/UBNA_001/20220921_090000.WAV,Telephone Field,recover-20220922,001,1795
797.0255,797.065,68437,82190,Rhinolophus ferrumequinum,0.021,0.021,-1,Echolocation,/mnt/ubna_data_02_mir/recover-20220922/UBNA_001/20220921_090000.WAV,Telephone Field,recover-20220922,001,1795
797.0285,797.0354,27187,39283,Eptesicus serotinus,0.006,0.025,-1,Echolocation,/mnt/ubna_data_02_mir/recover-20220922/UBNA_001/20220921_090000.WAV,Telephone Field,recover-20220922,001,1795
797.0495,797.0887,68437,82728,Rhinolophus ferrumequinum,0.023,0.024,-1,Echolocation,/mnt/ubna_data_02_mir/recover-20220922/UBNA_001/20220921_090000.WAV,Telephone Field,recover-20220922,001,1795
797.0545,797.0612,28046,45960,Eptesicus serotinus,0.006,0.021,-1,Echolocation,/mnt/ubna_data_02_mir/recover-20220922/UBNA_001/20220921_090000.WAV,Telephone Field,recover-20220922,001,1795
797.0785,797.0863,28046,39159,Eptesicus serotinus,0.008,0.025,-1,Echolocation,/mnt/ubna_data_02_mir/recover-20220922/UBNA_001/20220921_090000.WAV,Telephone Field,recover-20220922,001,1795
797.0965,797.1358,68437,82073,Rhinolophus ferrumequinum,0.022,0.022,-1,Echolocation,/mnt/ubna_data_02_mir/recover-20220922/UBNA_001/20220921_090000.WAV,Telephone Field,recover-20220922,001,1795
797.1015,797.1411,68437,82124,Rhinolophus ferrumequinum,0.022,0.022,-1,Echolocation,/mnt/ubna_data_02_mir/recover-20220922/UBNA_001/20220921_090000.WAV,Telephone Field,recover-20220922,001,1795
797.1205,797.1594,68437,82362,Rhinolophus ferrumequinum,0.023,0.023,-1,Echolocation,/mnt/ubna_data_02_mir/recover-20220922/UBNA_001/20220921_090000.WAV,Telephone Field,recover-20220922,001,1795
797.1325,797.1735,68437,82326,Rhinolophus ferrumequinum,0.027,0.027,-1,Echolocation,/mnt/ubna_data_02_mir/recover-20220922/UBNA_001/20220921_090000.WAV,Telephone Field,recover-20220922,001,1795
797.1575,797.1971,68437,82192,Rhinolophus ferrumequinum,0.023,0.023,-1,Echolocation,/mnt/ubna_data_02_mir/recover-20220922/UBNA_001/20220921_090000.WAV,Telephone Field,recover-20220922,001,1795
797.2065,797.248,68437,82783,Rhinolophus ferrumequinum,0.026,0.026,-1,Echolocation,/mnt/ubna_data_02_mir/recover-20220922/UBNA_001/20220921_090000.WAV,Telephone Field,recover-20220922,001,1795
797.2105,797.2192,28046,39721,Eptesicus serotinus,0.009,0.022,-1,Echolocation,/mnt/ubna_data_02_mir/recover-20220922/UBNA_001/20220921_090000.WAV,Telephone Field,recover-20220922,001,1795
797.2285,797.2682,68437,82472,Rhinolophus ferrumequinum,0.025,0.025,-1,Echolocation,/mnt/ubna_data_02_mir/recover-20220922/UBNA_001/20220921_090000.WAV,Telephone Field,recover-20220922,001,1795
797.2525,797.2677,15156,19970,Nyctalus noctula,0.019,0.028,-1,Echolocation,/mnt/ubna_data_02_mir/recover-20220922/UBNA_001/20220921_090000.WAV,Telephone Field,recover-20220922,001,1795
797.2655,797.2849,19453,22445,Nyctalus leisleri,0.016,0.031,-1,Echolocation,/mnt/ubna_data_02_mir/recover-20220922/UBNA_001/20220921_090000.WAV,Telephone Field,recover-20220922,001,1795
797.3085,797.3179,28046,36851,Eptesicus serotinus,0.011,0.025,-1,Echolocation,/mnt/ubna_data_02_mir/recover-20220922/UBNA_001/20220921_090000.WAV,Telephone Field,recover-20220922,001,1795
797.3155,797.3534,68437,81733,Rhinolophus ferrumequinum,0.022,0.022,-1,Echolocation,/mnt/ubna_data_02_mir/recover-20220922/UBNA_001/20220921_090000.WAV,Telephone Field,recover-20220922,001,1795
797.3285,797.3679,68437,82123,Rhinolophus ferrumequinum,0.026,0.026,-1,Echolocation,/mnt/ubna_data_02_mir/recover-20220922/UBNA_001/20220921_090000.WAV,Telephone Field,recover-20220922,001,1795
797.3435,797.3536,14296,21327,Nyctalus noctula,0.009,0.02,-1,Echolocation,/mnt/ubna_data_02_mir/recover-20220922/UBNA_001/20220921_090000.WAV,Telephone Field,recover-20220922,001,1795
797.3635,797.3848,65000,72016,Pipistrellus pygmaeus,0.025,0.029,-1,Echolocation,/mnt/ubna_data_02_mir/recover-20220922/UBNA_001/20220921_090000.WAV,Telephone Field,recover-20220922,001,1795
797.3715,797.4051,68437,81088,Rhinolophus ferrumequinum,0.022,0.022,-1,Echolocation,/mnt/ubna_data_02_mir/recover-20220922/UBNA_001/20220921_090000.WAV,Telephone Field,recover-20220922,001,1795
797.3775,797.4138,68437,81457,Rhinolophus ferrumequinum,0.022,0.022,-1,Echolocation,/mnt/ubna_data_02_mir/recover-20220922/UBNA_001/20220921_090000.WAV,Telephone Field,recover-20220922,001,1795
797.4025,797.4454,68437,83117,Rhinolophus ferrumequinum,0.025,0.025,-1,Echolocation,/mnt/ubna_data_02_mir/recover-20220922/UBNA_001/20220921_090000.WAV,Telephone Field,recover-20220922,001,1795
797.4395,797.4747,68437,81713,Rhinolophus ferrumequinum,0.021,0.021,-1,Echolocation,/mnt/ubna_data_02_mir/recover-20220922/UBNA_001/20220921_090000.WAV,Telephone Field,recover-20220922,001,1795
797.4485,797.4872,68437,82530,Rhinolophus ferrumequinum,0.023,0.023,-1,Echolocation,/mnt/ubna_data_02_mir/recover-20220922/UBNA_001/20220921_090000.WAV,Telephone Field,recover-20220922,001,1795
797.4685,797.5088,68437,83013,Rhinolophus ferrumequinum,0.025,0.025,-1,Echolocation,/mnt/ubna_data_02_mir/recover-20220922/UBNA_001/20220921_090000.WAV,Telephone Field,recover-20220922,001,1795
797.4685,797.4795,43515,48474,Pipistrellus pipistrellus,0.022,0.028,-1,Echolocation,/mnt/ubna_data_02_mir/recover-20220922/UBNA_001/20220921_090000.WAV,Telephone Field,recover-20220922,001,1795
797.5345,797.5769,68437,82396,Rhinolophus ferrumequinum,0.026,0.026,-1,Echolocation,/mnt/ubna_data_02_mir/recover-20220922/UBNA_001/20220921_090000.WAV,Telephone Field,recover-20220922,001,1795
797.5805,797.621,68437,82251,Rhinolophus ferrumequinum,0.024,0.024,-1,Echolocation,/mnt/ubna_data_02_mir/recover-20220922/UBNA_001/20220921_090000.WAV,Telephone Field,recover-20220922,001,1795
797.5845,797.5929,28906,39394,Eptesicus serotinus,0.008,0.023,-1,Echolocation,/mnt/ubna_data_02_mir/recover-20220922/UBNA_001/20220921_090000.WAV,Telephone Field,recover-20220922,001,1795
797.6075,797.6174,28046,35905,Eptesicus serotinus,0.01,0.022,-1,Echolocation,/mnt/ubna_data_02_mir/recover-20220922/UBNA_001/20220921_090000.WAV,Telephone Field,recover-20220922,001,1795
797.6145,797.6568,68437,82900,Rhinolophus ferrumequinum,0.022,0.022,-1,Echolocation,/mnt/ubna_data_02_mir/recover-20220922/UBNA_001/20220921_090000.WAV,Telephone Field,recover-20220922,001,1795
797.6325,797.6709,68437,81947,Rhinolophus ferrumequinum,0.021,0.021,-1,Echolocation,/mnt/ubna_data_02_mir/recover-20220922/UBNA_001/20220921_090000.WAV,Telephone Field,recover-20220922,001,1795
797.6415,797.6831,68437,82586,Rhinolophus ferrumequinum,0.023,0.023,-1,Echolocation,/mnt/ubna_data_02_mir/recover-20220922/UBNA_001/20220921_090000.WAV,Telephone Field,recover-20220922,001,1795
797.6665,797.6789,23750,28594,Nyctalus leisleri,0.026,0.048,-1,Echolocation,/mnt/ubna_data_02_mir/recover-20220922/UBNA_001/20220921_090000.WAV,Telephone Field,recover-20220922,001,1795
797.7215,797.7341,37500,42299,Pipistrellus nathusii,0.029,0.04,-1,Echolocation,/mnt/ubna_data_02_mir/recover-20220922/UBNA_001/20220921_090000.WAV,Telephone Field,recover-20220922,001,1795
797.7335,797.7755,68437,83217,Rhinolophus ferrumequinum,0.031,0.031,-1,Echolocation,/mnt/ubna_data_02_mir/recover-20220922/UBNA_001/20220921_090000.WAV,Telephone Field,recover-20220922,001,1795
797.7715,797.782,28046,37440,Eptesicus serotinus,0.015,0.029,-1,Echolocation,/mnt/ubna_data_02_mir/recover-20220922/UBNA_001/20220921_090000.WAV,Telephone Field,recover-20220922,001,1795
797.7815,797.8191,68437,80969,Rhinolophus ferrumequinum,0.02,0.021,-1,Echolocation,/mnt/ubna_data_02_mir/recover-20220922/UBNA_001/20220921_090000.WAV,Telephone Field,recover-20220922,001,1795
797.7925,797.8304,68437,81948,Rhinolophus ferrumequinum,0.022,0.022,-1,Echolocation,/mnt/ubna_data_02_mir/recover-20220922/UBNA_001/20220921_090000.WAV,Telephone Field,recover-20220922,001,1795
797.8055,797.8142,25468,34209,Eptesicus serotinus,0.007,0.023,-1,Echolocation,/mnt/ubna_data_02_mir/recover-20220922/UBNA_001/20220921_090000.WAV,Telephone Field,recover-20220922,001,1795
797.8125,797.8227,26328,32893,Eptesicus serotinus,0.009,0.021,-1,Echolocation,/mnt/ubna_data_02_mir/recover-20220922/UBNA_001/20220921_090000.WAV,Telephone Field,recover-20220922,001,1795
797.8265,797.8626,68437,80537,Rhinolophus ferrumequinum,0.021,0.021,-1,Echolocation,/mnt/ubna_data_02_mir/recover-20220922/UBNA_001/20220921_090000.WAV,Telephone Field,recover-20220922,001,1795
797.8455,797.8842,68437,81762,Rhinolophus ferrumequinum,0.023,0.023,-1,Echolocation,/mnt/ubna_data_02_mir/recover-20220922/UBNA_001/20220921_090000.WAV,Telephone Field,recover-20220922,001,1795
797.8555,797.8924,68437,81622,Rhinolophus ferrumequinum,0.021,0.021,-1,Echolocation,/mnt/ubna_data_02_mir/recover-20220922/UBNA_001/20220921_090000.WAV,Telephone Field,recover-20220922,001,1795
797.8565,797.8655,28906,38218,Eptesicus serotinus,0.008,0.021,-1,Echolocation,/mnt/ubna_data_02_mir/recover-20220922/UBNA_001/20220921_090000.WAV,Telephone Field,recover-20220922,001,1795
797.8845,797.9211,68437,81415,Rhinolophus ferrumequinum,0.021,0.021,-1,Echolocation,/mnt/ubna_data_02_mir/recover-20220922/UBNA_001/20220921_090000.WAV,Telephone Field,recover-20220922,001,1795
797.8975,797.9371,68437,81808,Rhinolophus ferrumequinum,0.021,0.021,-1,Echolocation,/mnt/ubna_data_02_mir/recover-20220922/UBNA_001/20220921_090000.WAV,Telephone Field,recover-20220922,001,1795
797.9125,797.9517,68437,82394,Rhinolophus ferrumequinum,0.025,0.025,-1,Echolocation,/mnt/ubna_data_02_mir/recover-20220922/UBNA_001/20220921_090000.WAV,Telephone Field,recover-20220922,001,1795
797.9205,797.9278,27187,39899,Eptesicus serotinus,0.007,0.024,-1,Echolocation,/mnt/ubna_data_02_mir/recover-20220922/UBNA_001/20220921_090000.WAV,Telephone Field,recover-20220922,001,1795
797.9505,797.9897,68437,82062,Rhinolophus ferrumequinum,0.021,0.021,-1,Echolocation,/mnt/ubna_data_02_mir/recover-20220922/UBNA_001/20220921_090000.WAV,Telephone Field,recover-20220922,001,1795
797.9585,797.9964,68437,82529,Rhinolophus ferrumequinum,0.021,0.021,-1,Echolocation,/mnt/ubna_data_02_mir/recover-20220922/UBNA_001/20220921_090000.WAV,Telephone Field,recover-20220922,001,1795
797.9795,797.9875,28046,38553,Eptesicus serotinus,0.009,0.023,-1,Echolocation,/mnt/ubna_data_02_mir/recover-20220922/UBNA_001/20220921_090000.WAV,Telephone Field,recover-20220922,001,1795
798.0015,798.0121,22031,27615,Nyctalus leisleri,0.011,0.031,-1,Echolocation,/mnt/ubna_data_02_mir/recover-20220922/UBNA_001/20220921_090000.WAV,Telephone Field,recover-20220922,001,1795
798.0015,798.0314,69296,81386,Rhinolophus ferrumequinum,0.027,0.027,-1,Echolocation,/mnt/ubna_data_02_mir/recover-20220922/UBNA_001/20220921_090000.WAV,Telephone Field,recover-20220922,001,1795
798.0485,798.0568,28046,38438,Eptesicus serotinus,0.008,0.022,-1,Echolocation,/mnt/ubna_data_02_mir/recover-20220922/UBNA_001/20220921_090000.WAV,Telephone Field,recover-20220922,001,1795
798.0605,798.0984,68437,82250,Rhinolophus ferrumequinum,0.022,0.022,-1,Echolocation,/mnt/ubna_data_02_mir/recover-20220922/UBNA_001/20220921_090000.WAV,Telephone Field,recover-20220922,001,1795
798.0885,798.1282,68437,82705,Rhinolophus ferrumequinum,0.025,0.025,-1,Echolocation,/mnt/ubna_data_02_mir/recover-20220922/UBNA_001/20220921_090000.WAV,Telephone Field,recover-20220922,001,1795
798.0965,798.1073,23750,29305,Nyctalus leisleri,0.01,0.025,-1,Echolocation,/mnt/ubna_data_02_mir/recover-20220922/UBNA_001/20220921_090000.WAV,Telephone Field,recover-20220922,001,1795
798.1015,798.1393,68437,81004,Rhinolophus ferrumequinum,0.024,0.024,-1,Echolocation,/mnt/ubna_data_02_mir/recover-20220922/UBNA_001/20220921_090000.WAV,Telephone Field,recover-20220922,001,1795
798.1145,798.1539,68437,82799,Rhinolophus ferrumequinum,0.03,0.03,-1,Echolocation,/mnt/ubna_data_02_mir/recover-20220922/UBNA_001/20220921_090000.WAV,Telephone Field,recover-20220922,001,1795
798.1445,798.186,68437,82675,Rhinolophus ferrumequinum,0.037,0.037,-1,Echolocation,/mnt/ubna_data_02_mir/recover-20220922/UBNA_001/20220921_090000.WAV,Telephone Field,recover-20220922,001,1795
798.1595,798.1702,22890,27261,Nyctalus leisleri,0.012,0.022,-1,Echolocation,/mnt/ubna_data_02_mir/recover-20220922/UBNA_001/20220921_090000.WAV,Telephone Field,recover-20220922,001,1795
798.1725,798.2133,68437,82400,Rhinolophus ferrumequinum,0.027,0.027,-1,Echolocation,/mnt/ubna_data_02_mir/recover-20220922/UBNA_001/20220921_090000.WAV,Telephone Field,recover-20220922,001,1795
798.1885,798.2301,68437,82663,Rhinolophus ferrumequinum,0.022,0.022,-1,Echolocation,/mnt/ubna_data_02_mir/recover-20220922/UBNA_001/20220921_090000.WAV,Telephone Field,recover-20220922,001,1795
798.1965,798.2346,68437,82095,Rhinolophus ferrumequinum,0.023,0.023,-1,Echolocation,/mnt/ubna_data_02_mir/recover-20220922/UBNA_001/20220921_090000.WAV,Telephone Field,recover-20220922,001,1795
798.1985,798.2094,26328,33917,Eptesicus serotinus,0.017,0.035,-1,Echolocation,/mnt/ubna_data_02_mir/recover-20220922/UBNA_001/20220921_090000.WAV,Telephone Field,recover-20220922,001,1795
798.2245,798.2602,68437,80865,Rhinolophus ferrumequinum,0.024,0.024,-1,Echolocation,/mnt/ubna_data_02_mir/recover-20220922/UBNA_001/20220921_090000.WAV,Telephone Field,recover-20220922,001,1795
798.2275,798.2358,49531,54006,Pipistrellus pipistrellus,0.031,0.036,-1,Echolocation,/mnt/ubna_data_02_mir/recover-20220922/UBNA_001/20220921_090000.WAV,Telephone Field,recover-20220922,001,1795
798.2425,798.2808,68437,82393,Rhinolophus ferrumequinum,0.021,0.021,-1,Echolocation,/mnt/ubna_data_02_mir/recover-20220922/UBNA_001/20220921_090000.WAV,Telephone Field,recover-20220922,001,1795
798.2545,798.2963,68437,83592,Rhinolophus ferrumequinum,0.022,0.022,-1,Echolocation,/mnt/ubna_data_02_mir/recover-20220922/UBNA_001/20220921_090000.WAV,Telephone Field,recover-20220922,001,1795
798.2745,798.3096,68437,80192,Rhinolophus ferrumequinum,0.024,0.025,-1,Echolocation,/mnt/ubna_data_02_mir/recover-20220922/UBNA_001/20220921_090000.WAV,Telephone Field,recover-20220922,001,1795
798.3195,798.3575,68437,81775,Rhinolophus ferrumequinum,0.022,0.022,-1,Echolocation,/mnt/ubna_data_02_mir/recover-20220922/UBNA_001/20220921_090000.WAV,Telephone Field,recover-20220922,001,1795
798.3445,798.3859,68437,82317,Rhinolophus ferrumequinum,0.025,0.025,-1,Echolocation,/mnt/ubna_data_02_mir/recover-20220922/UBNA_001/20220921_090000.WAV,Telephone Field,recover-20220922,001,1795
798.3605,798.4013,68437,82481,Rhinolophus ferrumequinum,0.029,0.029,-1,Echolocation,/mnt/ubna_data_02_mir/recover-20220922/UBNA_001/20220921_090000.WAV,Telephone Field,recover-20220922,001,1795
798.3805,798.4186,68437,82053,Rhinolophus ferrumequinum,0.024,0.024,-1,Echolocation,/mnt/ubna_data_02_mir/recover-20220922/UBNA_001/20220921_090000.WAV,Telephone Field,recover-20220922,001,1795
798.3935,798.4312,68437,81842,Rhinolophus ferrumequinum,0.022,0.022,-1,Echolocation,/mnt/ubna_data_02_mir/recover-20220922/UBNA_001/20220921_090000.WAV,Telephone Field,recover-20220922,001,1795
798.4195,798.4588,68437,82561,Rhinolophus ferrumequinum,0.022,0.022,-1,Echolocation,/mnt/ubna_data_02_mir/recover-20220922/UBNA_001/20220921_090000.WAV,Telephone Field,recover-20220922,001,1795
798.4345,798.4436,28906,37300,Eptesicus serotinus,0.008,0.022,-1,Echolocation,/mnt/ubna_data_02_mir/recover-20220922/UBNA_001/20220921_090000.WAV,Telephone Field,recover-20220922,001,1795
798.4365,798.4764,68437,82535,Rhinolophus ferrumequinum,0.027,0.027,-1,Echolocation,/mnt/ubna_data_02_mir/recover-20220922/UBNA_001/20220921_090000.WAV,Telephone Field,recover-20220922,001,1795
798.4485,798.4896,68437,82951,Rhinolophus ferrumequinum,0.028,0.028,-1,Echolocation,/mnt/ubna_data_02_mir/recover-20220922/UBNA_001/20220921_090000.WAV,Telephone Field,recover-20220922,001,1795
798.4515,798.4608,42656,46535,Pipistrellus pipistrellus,0.04,0.049,-1,Echolocation,/mnt/ubna_data_02_mir/recover-20220922/UBNA_001/20220921_090000.WAV,Telephone Field,recover-20220922,001,1795
798.4605,798.5003,68437,82748,Rhinolophus ferrumequinum,0.025,0.025,-1,Echolocation,/mnt/ubna_data_02_mir/recover-20220922/UBNA_001/20220921_090000.WAV,Telephone Field,recover-20220922,001,1795
798.4985,798.5377,68437,82088,Rhinolophus ferrumequinum,0.027,0.027,-1,Echolocation,/mnt/ubna_data_02_mir/recover-20220922/UBNA_001/20220921_090000.WAV,Telephone Field,recover-20220922,001,1795
798.5485,798.5569,22890,31053,Plecotus austriacus,0.011,0.024,-1,Echolocation,/mnt/ubna_data_02_mir/recover-20220922/UBNA_001/20220921_090000.WAV,Telephone Field,recover-20220922,001,1795
798.5655,798.6029,68437,81715,Rhinolophus ferrumequinum,0.022,0.022,-1,Echolocation,/mnt/ubna_data_02_mir/recover-20220922/UBNA_001/20220921_090000.WAV,Telephone Field,recover-20220922,001,1795
798.6065,798.6426,68437,81197,Rhinolophus ferrumequinum,0.022,0.022,-1,Echolocation,/mnt/ubna_data_02_mir/recover-20220922/UBNA_001/20220921_090000.WAV,Telephone Field,recover-20220922,001,1795
798.6185,798.6573,68437,81588,Rhinolophus ferrumequinum,0.025,0.025,-1,Echolocation,/mnt/ubna_data_02_mir/recover-20220922/UBNA_001/20220921_090000.WAV,Telephone Field,recover-20220922,001,1795
798.6635,798.7035,68437,82373,Rhinolophus ferrumequinum,0.024,0.025,-1,Echolocation,/mnt/ubna_data_02_mir/recover-20220922/UBNA_001/20220921_090000.WAV,Telephone Field,recover-20220922,001,1795
798.6765,798.6833,49531,53564,Pipistrellus pipistrellus,0.021,0.023,-1,Echolocation,/mnt/ubna_data_02_mir/recover-20220922/UBNA_001/20220921_090000.WAV,Telephone Field,recover-20220922,001,1795
798.7035,798.7418,68437,81866,Rhinolophus ferrumequinum,0.023,0.024,-1,Echolocation,/mnt/ubna_data_02_mir/recover-20220922/UBNA_001/20220921_090000.WAV,Telephone Field,recover-20220922,001,1795
798.7265,798.7661,68437,82335,Rhinolophus ferrumequinum,0.023,0.023,-1,Echolocation,/mnt/ubna_data_02_mir/recover-20220922/UBNA_001/20220921_090000.WAV,Telephone Field,recover-20220922,001,1795
798.7425,798.7826,68437,82231,Rhinolophus ferrumequinum,0.021,0.022,-1,Echolocation,/mnt/ubna_data_02_mir/recover-20220922/UBNA_001/20220921_090000.WAV,Telephone Field,recover-20220922,001,1795
798.7635,798.8022,68437,81822,Rhinolophus ferrumequinum,0.025,0.025,-1,Echolocation,/mnt/ubna_data_02_mir/recover-20220922/UBNA_001/20220921_090000.WAV,Telephone Field,recover-20220922,001,1795
798.7755,798.812,68437,81210,Rhinolophus ferrumequinum,0.023,0.023,-1,Echolocation,/mnt/ubna_data_02_mir/recover-20220922/UBNA_001/20220921_090000.WAV,Telephone Field,recover-20220922,001,1795
798.7795,798.787,27187,38530,Eptesicus serotinus,0.006,0.021,-1,Echolocation,/mnt/ubna_data_02_mir/recover-20220922/UBNA_001/20220921_090000.WAV,Telephone Field,recover-20220922,001,1795
798.7925,798.8311,68437,81876,Rhinolophus ferrumequinum,0.026,0.026,-1,Echolocation,/mnt/ubna_data_02_mir/recover-20220922/UBNA_001/20220921_090000.WAV,Telephone Field,recover-20220922,001,1795
798.8175,798.8261,28046,40123,Eptesicus serotinus,0.009,0.024,-1,Echolocation,/mnt/ubna_data_02_mir/recover-20220922/UBNA_001/20220921_090000.WAV,Telephone Field,recover-20220922,001,1795
798.8265,798.8351,28906,37906,Eptesicus serotinus,0.008,0.022,-1,Echolocation,/mnt/ubna_data_02_mir/recover-20220922/UBNA_001/20220921_090000.WAV,Telephone Field,recover-20220922,001,1795
798.8875,798.8961,28046,40176,Eptesicus serotinus,0.009,0.023,-1,Echolocation,/mnt/ubna_data_02_mir/recover-20220922/UBNA_001/20220921_090000.WAV,Telephone Field,recover-20220922,001,1795
798.8995,798.9393,68437,81948,Rhinolophus ferrumequinum,0.028,0.028,-1,Echolocation,/mnt/ubna_data_02_mir/recover-20220922/UBNA_001/20220921_090000.WAV,Telephone Field,recover-20220922,001,1795
798.9135,798.9214,28046,41120,Eptesicus serotinus,0.008,0.023,-1,Echolocation,/mnt/ubna_data_02_mir/recover-20220922/UBNA_001/20220921_090000.WAV,Telephone Field,recover-20220922,001,1795
798.9405,798.9816,68437,83132,Rhinolophus ferrumequinum,0.04,0.04,-1,Echolocation,/mnt/ubna_data_02_mir/recover-20220922/UBNA_001/20220921_090000.WAV,Telephone Field,recover-20220922,001,1795
798.9665,799.0037,68437,81289,Rhinolophus ferrumequinum,0.022,0.022,-1,Echolocation,/mnt/ubna_data_02_mir/recover-20220922/UBNA_001/20220921_090000.WAV,Telephone Field,recover-20220922,001,1795
798.9745,798.982,23750,32961,Plecotus austriacus,0.015,0.033,-1,Echolocation,/mnt/ubna_data_02_mir/recover-20220922/UBNA_001/20220921_090000.WAV,Telephone Field,recover-20220922,001,1795
798.9805,799.0178,68437,80977,Rhinolophus ferrumequinum,0.03,0.03,-1,Echolocation,/mnt/ubna_data_02_mir/recover-20220922/UBNA_001/20220921_090000.WAV,Telephone Field,recover-20220922,001,1795
799.0055,799.0154,27187,34915,Eptesicus serotinus,0.014,0.027,-1,Echolocation,/mnt/ubna_data_02_mir/recover-20220922/UBNA_001/20220921_090000.WAV,Telephone Field,recover-20220922,001,1795
799.0095,799.0505,68437,82725,Rhinolophus ferrumequinum,0.025,0.025,-1,Echolocation,/mnt/ubna_data_02_mir/recover-20220922/UBNA_001/20220921_090000.WAV,Telephone Field,recover-20220922,001,1795
799.0325,799.0716,68437,82584,Rhinolophus ferrumequinum,0.022,0.022,-1,Echolocation,/mnt/ubna_data_02_mir/recover-20220922/UBNA_001/20220921_090000.WAV,Telephone Field,recover-20220922,001,1795
799.0955,799.1303,68437,79755,Rhinolophus ferrumequinum,0.028,0.029,-1,Echolocation,/mnt/ubna_data_02_mir/recover-20220922/UBNA_001/20220921_090000.WAV,Telephone Field,recover-20220922,001,1795
799.1135,799.1222,28046,39481,Eptesicus serotinus,0.008,0.022,-1,Echolocation,/mnt/ubna_data_02_mir/recover-20220922/UBNA_001/20220921_090000.WAV,Telephone Field,recover-20220922,001,1795
799.1275,799.1364,28046,38588,Eptesicus serotinus,0.009,0.025,-1,Echolocation,/mnt/ubna_data_02_mir/recover-20220922/UBNA_001/20220921_090000.WAV,Telephone Field,recover-20220922,001,1795
799.1365,799.1754,68437,82788,Rhinolophus ferrumequinum,0.025,0.025,-1,Echolocation,/mnt/ubna_data_02_mir/recover-20220922/UBNA_001/20220921_090000.WAV,Telephone Field,recover-20220922,001,1795
799.1795,799.1909,22890,28360,Nyctalus leisleri,0.016,0.032,-1,Echolocation,/mnt/ubna_data_02_mir/recover-20220922/UBNA_001/20220921_090000.WAV,Telephone Field,recover-20220922,001,1795
799.1885,799.2258,68437,82019,Rhinolophus ferrumequinum,0.027,0.027,-1,Echolocation,/mnt/ubna_data_02_mir/recover-20220922/UBNA_001/20220921_090000.WAV,Telephone Field,recover-20220922,001,1795
799.1965,799.2319,68437,81664,Rhinolophus ferrumequinum,0.022,0.022,-1,Echolocation,/mnt/ubna_data_02_mir/recover-20220922/UBNA_001/20220921_090000.WAV,Telephone Field,recover-20220922,001,1795
799.2105,799.2518,68437,82610,Rhinolophus ferrumequinum,0.028,0.028,-1,Echolocation,/mnt/ubna_data_02_mir/recover-20220922/UBNA_001/20220921_090000.WAV,Telephone Field,recover-20220922,001,1795
799.2575,799.295,68437,81679,Rhinolophus ferrumequinum,0.022,0.022,-1,Echolocation,/mnt/ubna_data_02_mir/recover-20220922/UBNA_001/20220921_090000.WAV,Telephone Field,recover-20220922,001,1795
799.2935,799.3046,44375,47020,Pipistrellus pipistrellus,0.045,0.048,-1,Echolocation,/mnt/ubna_data_02_mir/recover-20220922/UBNA_001/20220921_090000.WAV,Telephone Field,recover-20220922,001,1795
799.3065,799.3425,68437,81668,Rhinolophus ferrumequinum,0.021,0.021,-1,Echolocation,/mnt/ubna_data_02_mir/recover-20220922/UBNA_001/20220921_090000.WAV,Telephone Field,recover-20220922,001,1795
799.3215,799.3646,68437,82565,Rhinolophus ferrumequinum,0.032,0.032,-1,Echolocation,/mnt/ubna_data_02_mir/recover-20220922/UBNA_001/20220921_090000.WAV,Telephone Field,recover-20220922,001,1795
799.3275,799.3381,23750,30472,Nyctalus leisleri,0.011,0.028,-1,Echolocation,/mnt/ubna_data_02_mir/recover-20220922/UBNA_001/20220921_090000.WAV,Telephone Field,recover-20220922,001,1795
799.3565,799.3679,28906,36113,Eptesicus serotinus,0.012,0.024,-1,Echolocation,/mnt/ubna_data_02_mir/recover-20220922/UBNA_001/20220921_090000.WAV,Telephone Field,recover-20220922,001,1795
799.3625,799.3722,28046,37693,Eptesicus serotinus,0.01,0.025,-1,Echolocation,/mnt/ubna_data_02_mir/recover-20220922/UBNA_001/20220921_090000.WAV,Telephone Field,recover-20220922,001,1795
799.3805,799.3954,22031,25257,Nyctalus leisleri,0.018,0.028,-1,Echolocation,/mnt/ubna_data_02_mir/recover-20220922/UBNA_001/20220921_090000.WAV,Telephone Field,recover-20220922,001,1795
799.4005,799.4075,28046,36711,Eptesicus serotinus,0.013,0.035,-1,Echolocation,/mnt/ubna_data_02_mir/recover-20220922/UBNA_001/20220921_090000.WAV,Telephone Field,recover-20220922,001,1795
799.4455,799.4819,68437,81681,Rhinolophus ferrumequinum,0.023,0.023,-1,Echolocation,/mnt/ubna_data_02_mir/recover-20220922/UBNA_001/20220921_090000.WAV,Telephone Field,recover-20220922,001,1795
799.4535,799.4629,28906,36893,Eptesicus serotinus,0.009,0.024,-1,Echolocation,/mnt/ubna_data_02_mir/recover-20220922/UBNA_001/20220921_090000.WAV,Telephone Field,recover-20220922,001,1795
799.4805,799.5193,68437,82045,Rhinolophus ferrumequinum,0.023,0.023,-1,Echolocation,/mnt/ubna_data_02_mir/recover-20220922/UBNA_001/20220921_090000.WAV,Telephone Field,recover-20220922,001,1795
799.5025,799.544,68437,82644,Rhinolophus ferrumequinum,0.024,0.024,-1,Echolocation,/mnt/ubna_data_02_mir/recover-20220922/UBNA_001/20220921_090000.WAV,Telephone Field,recover-20220922,001,1795
799.5165,799.5233,25468,34794,Eptesicus serotinus,0.006,0.022,-1,Echolocation,/mnt/ubna_data_02_mir/recover-20220922/UBNA_001/20220921_090000.WAV,Telephone Field,recover-20220922,001,1795
799.5205,799.5602,68437,82414,Rhinolophus ferrumequinum,0.023,0.023,-1,Echolocation,/mnt/ubna_data_02_mir/recover-20220922/UBNA_001/20220921_090000.WAV,Telephone Field,recover-20220922,001,1795
799.5425,799.5827,68437,82424,Rhinolophus ferrumequinum,0.025,0.025,-1,Echolocation,/mnt/ubna_data_02_mir/recover-20220922/UBNA_001/20220921_090000.WAV,Telephone Field,recover-20220922,001,1795
799.5805,799.6178,68437,81457,Rhinolophus ferrumequinum,0.023,0.023,-1,Echolocation,/mnt/ubna_data_02_mir/recover-20220922/UBNA_001/20220921_090000.WAV,Telephone Field,recover-20220922,001,1795
799.5885,799.6289,68437,82750,Rhinolophus ferrumequinum,0.023,0.023,-1,Echolocation,/mnt/ubna_data_02_mir/recover-20220922/UBNA_001/20220921_090000.WAV,Telephone Field,recover-20220922,001,1795
799.5955,799.6061,14296,23878,Nyctalus noctula,0.025,0.046,-1,Echolocation,/mnt/ubna_data_02_mir/recover-20220922/UBNA_001/20220921_090000.WAV,Telephone Field,recover-20220922,001,1795
799.6075,799.651,68437,83198,Rhinolophus ferrumequinum,0.043,0.043,-1,Echolocation,/mnt/ubna_data_02_mir/recover-20220922/UBNA_001/20220921_090000.WAV,Telephone Field,recover-20220922,001,1795
799.6455,799.6606,21171,24571,Nyctalus leisleri,0.014,0.024,-1,Echolocation,/mnt/ubna_data_02_mir/recover-20220922/UBNA_001/20220921_090000.WAV,Telephone Field,recover-20220922,001,1795
799.6675,799.6739,27187,42744,Eptesicus serotinus,0.006,0.025,-1,Echolocation,/mnt/ubna_data_02_mir/recover-20220922/UBNA_001/20220921_090000.WAV,Telephone Field,recover-20220922,001,1795
799.6965,799.7356,68437,82415,Rhinolophus ferrumequinum,0.036,0.036,-1,Echolocation,/mnt/ubna_data_02_mir/recover-20220922/UBNA_001/20220921_090000.WAV,Telephone Field,recover-20220922,001,1795
799.7045,799.7152,24609,31676,Nyctalus leisleri,0.011,0.03,-1,Echolocation,/mnt/ubna_data_02_mir/recover-20220922/UBNA_001/20220921_090000.WAV,Telephone Field,recover-20220922,001,1795
799.7235000000001,799.7329,28046,36568,Eptesicus serotinus,0.009,0.022,-1,Echolocation,/mnt/ubna_data_02_mir/recover-20220922/UBNA_001/20220921_090000.WAV,Telephone Field,recover-20220922,001,1795
799.7515,799.794,68437,83220,Rhinolophus ferrumequinum,0.035,0.035,-1,Echolocation,/mnt/ubna_data_02_mir/recover-20220922/UBNA_001/20220921_090000.WAV,Telephone Field,recover-20220922,001,1795
799.8145,799.8509,68437,81559,Rhinolophus ferrumequinum,0.023,0.023,-1,Echolocation,/mnt/ubna_data_02_mir/recover-20220922/UBNA_001/20220921_090000.WAV,Telephone Field,recover-20220922,001,1795
799.8285,799.8352,24609,33864,Plecotus austriacus,0.012,0.032,-1,Echolocation,/mnt/ubna_data_02_mir/recover-20220922/UBNA_001/20220921_090000.WAV,Telephone Field,recover-20220922,001,1795
799.8535,799.8938,68437,82753,Rhinolophus ferrumequinum,0.025,0.025,-1,Echolocation,/mnt/ubna_data_02_mir/recover-20220922/UBNA_001/20220921_090000.WAV,Telephone Field,recover-20220922,001,1795
799.8695,799.9088,68437,82436,Rhinolophus ferrumequinum,0.027,0.027,-1,Echolocation,/mnt/ubna_data_02_mir/recover-20220922/UBNA_001/20220921_090000.WAV,Telephone Field,recover-20220922,001,1795
799.9305,799.972,68437,82604,Rhinolophus ferrumequinum,0.022,0.022,-1,Echolocation,/mnt/ubna_data_02_mir/recover-20220922/UBNA_001/20220921_090000.WAV,Telephone Field,recover-20220922,001,1795
799.9475,799.9911,68437,82578,Rhinolophus ferrumequinum,0.043,0.043,-1,Echolocation,/mnt/ubna_data_02_mir/recover-20220922/UBNA_001/20220921_090000.WAV,Telephone Field,recover-20220922,001,1795
799.9595,799.9753,21171,24806,Nyctalus leisleri,0.014,0.025,-1,Echolocation,/mnt/ubna_data_02_mir/recover-20220922/UBNA_001/20220921_090000.WAV,Telephone Field,recover-20220922,001,1795
799.9835,799.9937,22890,29878,Nyctalus leisleri,0.01,0.027,-1,Echolocation,/mnt/ubna_data_02_mir/recover-20220922/UBNA_001/20220921_090000.WAV,Telephone Field,recover-20220922,001,1795
800.0015,800.0109,23750,31896,Nyctalus leisleri,0.009,0.027,-1,Echolocation,/mnt/ubna_data_02_mir/recover-20220922/UBNA_001/20220921_090000.WAV,Telephone Field,recover-20220922,001,1795
800.0015,800.035,69296,80852,Rhinolophus ferrumequinum,0.034,0.034,-1,Echolocation,/mnt/ubna_data_02_mir/recover-20220922/UBNA_001/20220921_090000.WAV,Telephone Field,recover-20220922,001,1795
800.0315,800.0698,68437,81597,Rhinolophus ferrumequinum,0.022,0.022,-1,Echolocation,/mnt/ubna_data_02_mir/recover-20220922/UBNA_001/20220921_090000.WAV,Telephone Field,recover-20220922,001,1795
800.0485,800.0862,68437,81618,Rhinolophus ferrumequinum,0.022,0.022,-1,Echolocation,/mnt/ubna_data_02_mir/recover-20220922/UBNA_001/20220921_090000.WAV,Telephone Field,recover-20220922,001,1795
800.0715,800.1091,68437,82121,Rhinolophus ferrumequinum,0.024,0.024,-1,Echolocation,/mnt/ubna_data_02_mir/recover-20220922/UBNA_001/20220921_090000.WAV,Telephone Field,recover-20220922,001,1795
800.0835,800.0909,27187,36506,Eptesicus serotinus,0.009,0.027,-1,Echolocation,/mnt/ubna_data_02_mir/recover-20220922/UBNA_001/20220921_090000.WAV,Telephone Field,recover-20220922,001,1795
800.1045,800.1413,68437,81169,Rhinolophus ferrumequinum,0.024,0.024,-1,Echolocation,/mnt/ubna_data_02_mir/recover-20220922/UBNA_001/20220921_090000.WAV,Telephone Field,recover-20220922,001,1795
800.1425,800.1527,26328,34683,Eptesicus serotinus,0.013,0.028,-1,Echolocation,/mnt/ubna_data_02_mir/recover-20220922/UBNA_001/20220921_090000.WAV,Telephone Field,recover-20220922,001,1795
800.1695,800.1796,22031,27644,Nyctalus leisleri,0.01,0.025,-1,Echolocation,/mnt/ubna_data_02_mir/recover-20220922/UBNA_001/20220921_090000.WAV,Telephone Field,recover-20220922,001,1795
800.1865,800.2293999999999,68437,82979,Rhinolophus ferrumequinum,0.025,0.025,-1,Echolocation,/mnt/ubna_data_02_mir/recover-20220922/UBNA_001/20220921_090000.WAV,Telephone Field,recover-20220922,001,1795
800.2235000000001,800.2309,27187,39898,Eptesicus serotinus,0.007,0.022,-1,Echolocation,/mnt/ubna_data_02_mir/recover-20220922/UBNA_001/20220921_090000.WAV,Telephone Field,recover-20220922,001,1795
800.2485,800.282,68437,81154,Rhinolophus ferrumequinum,0.022,0.022,-1,Echolocation,/mnt/ubna_data_02_mir/recover-20220922/UBNA_001/20220921_090000.WAV,Telephone Field,recover-20220922,001,1795
800.2955,800.3367,68437,82742,Rhinolophus ferrumequinum,0.026,0.026,-1,Echolocation,/mnt/ubna_data_02_mir/recover-20220922/UBNA_001/20220921_090000.WAV,Telephone Field,recover-20220922,001,1795
800.2995,800.3195,20312,23664,Nyctalus leisleri,0.017,0.035,-1,Echolocation,/mnt/ubna_data_02_mir/recover-20220922/UBNA_001/20220921_090000.WAV,Telephone Field,recover-20220922,001,1795
800.3115,800.322,22890,28010,Nyctalus leisleri,0.011,0.025,-1,Echolocation,/mnt/ubna_data_02_mir/recover-20220922/UBNA_001/20220921_090000.WAV,Telephone Field,recover-20220922,001,1795
800.3425,800.3824,68437,81868,Rhinolophus ferrumequinum,0.022,0.022,-1,Echolocation,/mnt/ubna_data_02_mir/recover-20220922/UBNA_001/20220921_090000.WAV,Telephone Field,recover-20220922,001,1795
800.3725,800.4083,68437,81476,Rhinolophus ferrumequinum,0.022,0.022,-1,Echolocation,/mnt/ubna_data_02_mir/recover-20220922/UBNA_001/20220921_090000.WAV,Telephone Field,recover-20220922,001,1795
800.4725,800.4796,26328,40718,Eptesicus serotinus,0.007,0.025,-1,Echolocation,/mnt/ubna_data_02_mir/recover-20220922/UBNA_001/20220921_090000.WAV,Telephone Field,recover-20220922,001,1795
800.4915,800.502,22890,28411,Nyctalus leisleri,0.011,0.024,-1,Echolocation,/mnt/ubna_data_02_mir/recover-20220922/UBNA_001/20220921_090000.WAV,Telephone Field,recover-20220922,001,1795
800.5165,800.5248,28046,38189,Eptesicus serotinus,0.008,0.022,-1,Echolocation,/mnt/ubna_data_02_mir/recover-20220922/UBNA_001/20220921_090000.WAV,Telephone Field,recover-20220922,001,1795
800.5545,800.5927,68437,81777,Rhinolophus ferrumequinum,0.022,0.022,-1,Echolocation,/mnt/ubna_data_02_mir/recover-20220922/UBNA_001/20220921_090000.WAV,Telephone Field,recover-20220922,001,1795
800.5565,800.5672,25468,32379,Eptesicus serotinus,0.01,0.022,-1,Echolocation,/mnt/ubna_data_02_mir/recover-20220922/UBNA_001/20220921_090000.WAV,Telephone Field,recover-20220922,001,1795
800.5625,800.6033,68437,82566,Rhinolophus ferrumequinum,0.021,0.021,-1,Echolocation,/mnt/ubna_data_02_mir/recover-20220922/UBNA_001/20220921_090000.WAV,Telephone Field,recover-20220922,001,1795
800.5795,800.6206,68437,82351,Rhinolophus ferrumequinum,0.025,0.025,-1,Echolocation,/mnt/ubna_data_02_mir/recover-20220922/UBNA_001/20220921_090000.WAV,Telephone Field,recover-20220922,001,1795
800.6475,800.6887,68437,82470,Rhinolophus ferrumequinum,0.028,0.028,-1,Echolocation,/mnt/ubna_data_02_mir/recover-20220922/UBNA_001/20220921_090000.WAV,Telephone Field,recover-20220922,001,1795
800.6675,800.6752,27187,40589,Eptesicus serotinus,0.008,0.027,-1,Echolocation,/mnt/ubna_data_02_mir/recover-20220922/UBNA_001/20220921_090000.WAV,Telephone Field,recover-20220922,001,1795
800.7155,800.7246,27187,38497,Eptesicus serotinus,0.009,0.024,-1,Echolocation,/mnt/ubna_data_02_mir/recover-20220922/UBNA_001/20220921_090000.WAV,Telephone Field,recover-20220922,001,1795
800.7295,800.7394,25468,32373,Nyctalus leisleri,0.009,0.027,-1,Echolocation,/mnt/ubna_data_02_mir/recover-20220922/UBNA_001/20220921_090000.WAV,Telephone Field,recover-20220922,001,1795
800.7495,800.7853,68437,81518,Rhinolophus ferrumequinum,0.022,0.022,-1,Echolocation,/mnt/ubna_data_02_mir/recover-20220922/UBNA_001/20220921_090000.WAV,Telephone Field,recover-20220922,001,1795
800.7815,800.8254,68437,83127,Rhinolophus ferrumequinum,0.031,0.031,-1,Echolocation,/mnt/ubna_data_02_mir/recover-20220922/UBNA_001/20220921_090000.WAV,Telephone Field,recover-20220922,001,1795
800.8065,800.855,68437,84143,Rhinolophus ferrumequinum,0.071,0.071,-1,Echolocation,/mnt/ubna_data_02_mir/recover-20220922/UBNA_001/20220921_090000.WAV,Telephone Field,recover-20220922,001,1795
800.8295,800.8374,28906,37552,Eptesicus serotinus,0.018,0.041,-1,Echolocation,/mnt/ubna_data_02_mir/recover-20220922/UBNA_001/20220921_090000.WAV,Telephone Field,recover-20220922,001,1795
800.8465,800.8835,68437,82346,Rhinolophus ferrumequinum,0.022,0.022,-1,Echolocation,/mnt/ubna_data_02_mir/recover-20220922/UBNA_001/20220921_090000.WAV,Telephone Field,recover-20220922,001,1795
800.8685,800.9085,68437,82106,Rhinolophus ferrumequinum,0.023,0.023,-1,Echolocation,/mnt/ubna_data_02_mir/recover-20220922/UBNA_001/20220921_090000.WAV,Telephone Field,recover-20220922,001,1795
800.8805,800.8893,27187,39103,Eptesicus serotinus,0.01,0.026,-1,Echolocation,/mnt/ubna_data_02_mir/recover-20220922/UBNA_001/20220921_090000.WAV,Telephone Field,recover-20220922,001,1795
800.8895,800.9233,68437,81102,Rhinolophus ferrumequinum,0.024,0.024,-1,Echolocation,/mnt/ubna_data_02_mir/recover-20220922/UBNA_001/20220921_090000.WAV,Telephone Field,recover-20220922,001,1795
800.9495,800.9583,23750,30876,Plecotus austriacus,0.007,0.022,-1,Echolocation,/mnt/ubna_data_02_mir/recover-20220922/UBNA_001/20220921_090000.WAV,Telephone Field,recover-20220922,001,1795
801.0125,801.0244,22890,26963,Nyctalus leisleri,0.013,0.023,-1,Echolocation,/mnt/ubna_data_02_mir/recover-20220922/UBNA_001/20220921_090000.WAV,Telephone Field,recover-20220922,001,1795
801.0145,801.0504,68437,81194,Rhinolophus ferrumequinum,0.021,0.021,-1,Echolocation,/mnt/ubna_data_02_mir/recover-20220922/UBNA_001/20220921_090000.WAV,Telephone Field,recover-20220922,001,1795
801.0445,801.0832,68437,82091,Rhinolophus ferrumequinum,0.021,0.021,-1,Echolocation,/mnt/ubna_data_02_mir/recover-20220922/UBNA_001/20220921_090000.WAV,Telephone Field,recover-20220922,001,1795
801.0465,801.0537,28046,37980,Eptesicus serotinus,0.008,0.028,-1,Echolocation,/mnt/ubna_data_02_mir/recover-20220922/UBNA_001/20220921_090000.WAV,Telephone Field,recover-20220922,001,1795
801.0875,801.0958,27187,38672,Eptesicus serotinus,0.009,0.024,-1,Echolocation,/mnt/ubna_data_02_mir/recover-20220922/UBNA_001/20220921_090000.WAV,Telephone Field,recover-20220922,001,1795
801.0995,801.1081,24609,32179,Plecotus austriacus,0.008,0.03,-1,Echolocation,/mnt/ubna_data_02_mir/recover-20220922/UBNA_001/20220921_090000.WAV,Telephone Field,recover-20220922,001,1795
801.1145,801.152,68437,82150,Rhinolophus ferrumequinum,0.026,0.026,-1,Echolocation,/mnt/ubna_data_02_mir/recover-20220922/UBNA_001/20220921_090000.WAV,Telephone Field,recover-20220922,001,1795
801.1315,801.1429,25468,32194,Eptesicus serotinus,0.017,0.043,-1,Echolocation,/mnt/ubna_data_02_mir/recover-20220922/UBNA_001/20220921_090000.WAV,Telephone Field,recover-20220922,001,1795
801.1435,801.1828,68437,82301,Rhinolophus ferrumequinum,0.023,0.023,-1,Echolocation,/mnt/ubna_data_02_mir/recover-20220922/UBNA_001/20220921_090000.WAV,Telephone Field,recover-20220922,001,1795
801.1465,801.1545,28046,38904,Eptesicus serotinus,0.01,0.025,-1,Echolocation,/mnt/ubna_data_02_mir/recover-20220922/UBNA_001/20220921_090000.WAV,Telephone Field,recover-20220922,001,1795
801.1865,801.229,68437,83129,Rhinolophus ferrumequinum,0.046,0.046,-1,Echolocation,/mnt/ubna_data_02_mir/recover-20220922/UBNA_001/20220921_090000.WAV,Telephone Field,recover-20220922,001,1795
801.1875,801.1965,27187,37440,Eptesicus serotinus,0.008,0.022,-1,Echolocation,/mnt/ubna_data_02_mir/recover-20220922/UBNA_001/20220921_090000.WAV,Telephone Field,recover-20220922,001,1795
801.2585,801.2679,25468,33221,Eptesicus serotinus,0.008,0.024,-1,Echolocation,/mnt/ubna_data_02_mir/recover-20220922/UBNA_001/20220921_090000.WAV,Telephone Field,recover-20220922,001,1795
801.2825,801.3187,68437,81408,Rhinolophus ferrumequinum,0.021,0.021,-1,Echolocation,/mnt/ubna_data_02_mir/recover-20220922/UBNA_001/20220921_090000.WAV,Telephone Field,recover-20220922,001,1795
801.3215,801.3602,68437,82052,Rhinolophus ferrumequinum,0.023,0.023,-1,Echolocation,/mnt/ubna_data_02_mir/recover-20220922/UBNA_001/20220921_090000.WAV,Telephone Field,recover-20220922,001,1795
801.3635,801.3709,28906,38157,Eptesicus serotinus,0.007,0.023,-1,Echolocation,/mnt/ubna_data_02_mir/recover-20220922/UBNA_001/20220921_090000.WAV,Telephone Field,recover-20220922,001,1795
801.4215,801.4619,68437,82356,Rhinolophus ferrumequinum,0.024,0.024,-1,Echolocation,/mnt/ubna_data_02_mir/recover-20220922/UBNA_001/20220921_090000.WAV,Telephone Field,recover-20220922,001,1795
801.4285,801.4369,27187,38626,Eptesicus serotinus,0.008,0.022,-1,Echolocation,/mnt/ubna_data_02_mir/recover-20220922/UBNA_001/20220921_090000.WAV,Telephone Field,recover-20220922,001,1795
801.4475,801.4843,68437,81191,Rhinolophus ferrumequinum,0.022,0.022,-1,Echolocation,/mnt/ubna_data_02_mir/recover-20220922/UBNA_001/20220921_090000.WAV,Telephone Field,recover-20220922,001,1795
801.4705,801.4827,28046,34476,Eptesicus serotinus,0.012,0.027,-1,Echolocation,/mnt/ubna_data_02_mir/recover-20220922/UBNA_001/20220921_090000.WAV,Telephone Field,recover-20220922,001,1795
801.4755,801.5133,68437,81946,Rhinolophus ferrumequinum,0.022,0.022,-1,Echolocation,/mnt/ubna_data_02_mir/recover-20220922/UBNA_001/20220921_090000.WAV,Telephone Field,recover-20220922,001,1795
801.5585,801.5993,68437,82754,Rhinolophus ferrumequinum,0.025,0.025,-1,Echolocation,/mnt/ubna_data_02_mir/recover-20220922/UBNA_001/20220921_090000.WAV,Telephone Field,recover-20220922,001,1795
801.5875,801.5944,28046,39580,Eptesicus serotinus,0.006,0.025,-1,Echolocation,/mnt/ubna_data_02_mir/recover-20220922/UBNA_001/20220921_090000.WAV,Telephone Field,recover-20220922,001,1795
801.6395,801.6482,22890,29491,Plecotus austriacus,0.008,0.021,-1,Echolocation,/mnt/ubna_data_02_mir/recover-20220922/UBNA_001/20220921_090000.WAV,Telephone Field,recover-20220922,001,1795
801.6425,801.6838,68437,82516,Rhinolophus ferrumequinum,0.024,0.024,-1,Echolocation,/mnt/ubna_data_02_mir/recover-20220922/UBNA_001/20220921_090000.WAV,Telephone Field,recover-20220922,001,1795
801.6775,801.7162,68437,82175,Rhinolophus ferrumequinum,0.03,0.03,-1,Echolocation,/mnt/ubna_data_02_mir/recover-20220922/UBNA_001/20220921_090000.WAV,Telephone Field,recover-20220922,001,1795
801.7245,801.7642,68437,82103,Rhinolophus ferrumequinum,0.024,0.024,-1,Echolocation,/mnt/ubna_data_02_mir/recover-20220922/UBNA_001/20220921_090000.WAV,Telephone Field,recover-20220922,001,1795
801.7385,801.7472,28046,37041,Eptesicus serotinus,0.008,0.023,-1,Echolocation,/mnt/ubna_data_02_mir/recover-20220922/UBNA_001/20220921_090000.WAV,Telephone Field,recover-20220922,001,1795
801.7525,801.7703,19453,22522,Nyctalus leisleri,0.013,0.025,-1,Echolocation,/mnt/ubna_data_02_mir/recover-20220922/UBNA_001/20220921_090000.WAV,Telephone Field,recover-20220922,001,1795
801.7675,801.7759,28046,37552,Eptesicus serotinus,0.008,0.022,-1,Echolocation,/mnt/ubna_data_02_mir/recover-20220922/UBNA_001/20220921_090000.WAV,Telephone Field,recover-20220922,001,1795
801.7775,801.8198,68437,83107,Rhinolophus ferrumequinum,0.027,0.027,-1,Echolocation,/mnt/ubna_data_02_mir/recover-20220922/UBNA_001/20220921_090000.WAV,Telephone Field,recover-20220922,001,1795
801.8275,801.864,68437,81196,Rhinolophus ferrumequinum,0.024,0.024,-1,Echolocation,/mnt/ubna_data_02_mir/recover-20220922/UBNA_001/20220921_090000.WAV,Telephone Field,recover-20220922,001,1795
801.8545,801.894,68437,81540,Rhinolophus ferrumequinum,0.021,0.021,-1,Echolocation,/mnt/ubna_data_02_mir/recover-20220922/UBNA_001/20220921_090000.WAV,Telephone Field,recover-20220922,001,1795
801.8585,801.866,27187,41190,Eptesicus serotinus,0.008,0.027,-1,Echolocation,/mnt/ubna_data_02_mir/recover-20220922/UBNA_001/20220921_090000.WAV,Telephone Field,recover-20220922,001,1795
801.8775,801.8860999999999,25468,33732,Eptesicus serotinus,0.008,0.023,-1,Echolocation,/mnt/ubna_data_02_mir/recover-20220922/UBNA_001/20220921_090000.WAV,Telephone Field,recover-20220922,001,1795
801.9265,801.9635,68437,81055,Rhinolophus ferrumequinum,0.022,0.022,-1,Echolocation,/mnt/ubna_data_02_mir/recover-20220922/UBNA_001/20220921_090000.WAV,Telephone Field,recover-20220922,001,1795
801.9605,801.9712,26328,33457,Eptesicus serotinus,0.012,0.024,-1,Echolocation,/mnt/ubna_data_02_mir/recover-20220922/UBNA_001/20220921_090000.WAV,Telephone Field,recover-20220922,001,1795
801.9855,801.9968,22890,28791,Nyctalus leisleri,0.012,0.025,-1,Echolocation,/mnt/ubna_data_02_mir/recover-20220922/UBNA_001/20220921_090000.WAV,Telephone Field,recover-20220922,001,1795
802.0015,802.0093,23750,31039,Nyctalus leisleri,0.008,0.025,-1,Echolocation,/mnt/ubna_data_02_mir/recover-20220922/UBNA_001/20220921_090000.WAV,Telephone Field,recover-20220922,001,1795
802.0015,802.0336,69296,81561,Rhinolophus ferrumequinum,0.027,0.027,-1,Echolocation,/mnt/ubna_data_02_mir/recover-20220922/UBNA_001/20220921_090000.WAV,Telephone Field,recover-20220922,001,1795
802.0015,802.0098,46953,51559,Pipistrellus pipistrellus,0.021,0.027,-1,Echolocation,/mnt/ubna_data_02_mir/recover-20220922/UBNA_001/20220921_090000.WAV,Telephone Field,recover-20220922,001,1795
802.0535,802.0992,68437,83771,Rhinolophus ferrumequinum,0.058,0.058,-1,Echolocation,/mnt/ubna_data_02_mir/recover-20220922/UBNA_001/20220921_090000.WAV,Telephone Field,recover-20220922,001,1795
802.0835,802.1266,68437,83356,Rhinolophus ferrumequinum,0.035,0.035,-1,Echolocation,/mnt/ubna_data_02_mir/recover-20220922/UBNA_001/20220921_090000.WAV,Telephone Field,recover-20220922,001,1795
802.1125,802.1517,68437,81885,Rhinolophus ferrumequinum,0.021,0.021,-1,Echolocation,/mnt/ubna_data_02_mir/recover-20220922/UBNA_001/20220921_090000.WAV,Telephone Field,recover-20220922,001,1795
802.1465,802.1828,68437,81264,Rhinolophus ferrumequinum,0.024,0.025,-1,Echolocation,/mnt/ubna_data_02_mir/recover-20220922/UBNA_001/20220921_090000.WAV,Telephone Field,recover-20220922,001,1795
802.1525,802.1624,28906,36454,Eptesicus serotinus,0.009,0.021,-1,Echolocation,/mnt/ubna_data_02_mir/recover-20220922/UBNA_001/20220921_090000.WAV,Telephone Field,recover-20220922,001,1795
802.1625,802.1989,68437,81486,Rhinolophus ferrumequinum,0.022,0.022,-1,Echolocation,/mnt/ubna_data_02_mir/recover-20220922/UBNA_001/20220921_090000.WAV,Telephone Field,recover-20220922,001,1795
802.1625,802.1721,48671,55424,Pipistrellus pipistrellus,0.02,0.023,-1,Echolocation,/mnt/ubna_data_02_mir/recover-20220922/UBNA_001/20220921_090000.WAV,Telephone Field,recover-20220922,001,1795
802.1835,802.2192,68437,81061,Rhinolophus ferrumequinum,0.023,0.023,-1,Echolocation,/mnt/ubna_data_02_mir/recover-20220922/UBNA_001/20220921_090000.WAV,Telephone Field,recover-20220922,001,1795
802.1895,802.2213,68437,80213,Rhinolophus ferrumequinum,0.021,0.022,-1,Echolocation,/mnt/ubna_data_02_mir/recover-20220922/UBNA_001/20220921_090000.WAV,Telephone Field,recover-20220922,001,1795
802.1955,802.2057,42656,46671,Pipistrellus pipistrellus,0.016,0.022,-1,Echolocation,/mnt/ubna_data_02_mir/recover-20220922/UBNA_001/20220921_090000.WAV,Telephone Field,recover-20220922,001,1795
802.2235000000001,802.2627,68437,82228,Rhinolophus ferrumequinum,0.023,0.023,-1,Echolocation,/mnt/ubna_data_02_mir/recover-20220922/UBNA_001/20220921_090000.WAV,Telephone Field,recover-20220922,001,1795
802.2545,802.2927,68437,81470,Rhinolophus ferrumequinum,0.021,0.021,-1,Echolocation,/mnt/ubna_data_02_mir/recover-20220922/UBNA_001/20220921_090000.WAV,Telephone Field,recover-20220922,001,1795
802.2595,802.2677,27187,37477,Eptesicus serotinus,0.009,0.024,-1,Echolocation,/mnt/ubna_data_02_mir/recover-20220922/UBNA_001/20220921_090000.WAV,Telephone Field,recover-20220922,001,1795
802.2795,802.3151,68437,81588,Rhinolophus ferrumequinum,0.021,0.021,-1,Echolocation,/mnt/ubna_data_02_mir/recover-20220922/UBNA_001/20220921_090000.WAV,Telephone Field,recover-20220922,001,1795
802.3075,802.3454,68437,81712,Rhinolophus ferrumequinum,0.022,0.022,-1,Echolocation,/mnt/ubna_data_02_mir/recover-20220922/UBNA_001/20220921_090000.WAV,Telephone Field,recover-20220922,001,1795
802.3205,802.3383,20312,23314,Nyctalus leisleri,0.015,0.025,-1,Echolocation,/mnt/ubna_data_02_mir/recover-20220922/UBNA_001/20220921_090000.WAV,Telephone Field,recover-20220922,001,1795
802.3365,802.3468,25468,32081,Nyctalus leisleri,0.013,0.035,-1,Echolocation,/mnt/ubna_data_02_mir/recover-20220922/UBNA_001/20220921_090000.WAV,Telephone Field,recover-20220922,001,1795
802.3765,802.4197,68437,83100,Rhinolophus ferrumequinum,0.035,0.035,-1,Echolocation,/mnt/ubna_data_02_mir/recover-20220922/UBNA_001/20220921_090000.WAV,Telephone Field,recover-20220922,001,1795
802.3875,802.3989,29765,35037,Eptesicus serotinus,0.017,0.034,-1,Echolocation,/mnt/ubna_data_02_mir/recover-20220922/UBNA_001/20220921_090000.WAV,Telephone Field,recover-20220922,001,1795
802.3885,802.4309,68437,82884,Rhinolophus ferrumequinum,0.027,0.027,-1,Echolocation,/mnt/ubna_data_02_mir/recover-20220922/UBNA_001/20220921_090000.WAV,Telephone Field,recover-20220922,001,1795
802.4014999999999,802.441,68437,82523,Rhinolophus ferrumequinum,0.02,0.02,-1,Echolocation,/mnt/ubna_data_02_mir/recover-20220922/UBNA_001/20220921_090000.WAV,Telephone Field,recover-20220922,001,1795
802.4115,802.4183,28906,39706,Eptesicus serotinus,0.005,0.021,-1,Echolocation,/mnt/ubna_data_02_mir/recover-20220922/UBNA_001/20220921_090000.WAV,Telephone Field,recover-20220922,001,1795
802.4345,802.4773,68437,83043,Rhinolophus ferrumequinum,0.026,0.026,-1,Echolocation,/mnt/ubna_data_02_mir/recover-20220922/UBNA_001/20220921_090000.WAV,Telephone Field,recover-20220922,001,1795
802.4635,802.5029,68437,82265,Rhinolophus ferrumequinum,0.021,0.021,-1,Echolocation,/mnt/ubna_data_02_mir/recover-20220922/UBNA_001/20220921_090000.WAV,Telephone Field,recover-20220922,001,1795
802.4705,802.4802999999999,28046,36425,Eptesicus serotinus,0.01,0.023,-1,Echolocation,/mnt/ubna_data_02_mir/recover-20220922/UBNA_001/20220921_090000.WAV,Telephone Field,recover-20220922,001,1795
802.4805,802.4883,23750,32190,Plecotus austriacus,0.016,0.03,-1,Echolocation,/mnt/ubna_data_02_mir/recover-20220922/UBNA_001/20220921_090000.WAV,Telephone Field,recover-20220922,001,1795
802.5025,802.5434,68437,82553,Rhinolophus ferrumequinum,0.025,0.025,-1,Echolocation,/mnt/ubna_data_02_mir/recover-20220922/UBNA_001/20220921_090000.WAV,Telephone Field,recover-20220922,001,1795
802.5295,802.5687,68437,82214,Rhinolophus ferrumequinum,0.023,0.023,-1,Echolocation,/mnt/ubna_data_02_mir/recover-20220922/UBNA_001/20220921_090000.WAV,Telephone Field,recover-20220922,001,1795
802.5525,802.5885,68437,81475,Rhinolophus ferrumequinum,0.021,0.021,-1,Echolocation,/mnt/ubna_data_02_mir/recover-20220922/UBNA_001/20220921_090000.WAV,Telephone Field,recover-20220922,001,1795
802.5645,802.6052999999999,68437,82825,Rhinolophus ferrumequinum,0.026,0.026,-1,Echolocation,/mnt/ubna_data_02_mir/recover-20220922/UBNA_001/20220921_090000.WAV,Telephone Field,recover-20220922,001,1795
802.5695,802.5781,49531,54098,Pipistrellus pipistrellus,0.021,0.024,-1,Echolocation,/mnt/ubna_data_02_mir/recover-20220922/UBNA_001/20220921_090000.WAV,Telephone Field,recover-20220922,001,1795
802.6205,802.6575,68437,82079,Rhinolophus ferrumequinum,0.021,0.021,-1,Echolocation,/mnt/ubna_data_02_mir/recover-20220922/UBNA_001/20220921_090000.WAV,Telephone Field,recover-20220922,001,1795
802.6315,802.6717,68437,82053,Rhinolophus ferrumequinum,0.021,0.021,-1,Echolocation,/mnt/ubna_data_02_mir/recover-20220922/UBNA_001/20220921_090000.WAV,Telephone Field,recover-20220922,001,1795
802.6445,802.6547,22890,28819,Nyctalus leisleri,0.011,0.027,-1,Echolocation,/mnt/ubna_data_02_mir/recover-20220922/UBNA_001/20220921_090000.WAV,Telephone Field,recover-20220922,001,1795
802.6585,802.6971,68437,82317,Rhinolophus ferrumequinum,0.021,0.021,-1,Echolocation,/mnt/ubna_data_02_mir/recover-20220922/UBNA_001/20220921_090000.WAV,Telephone Field,recover-20220922,001,1795
802.6725,802.7127,68437,82635,Rhinolophus ferrumequinum,0.023,0.023,-1,Echolocation,/mnt/ubna_data_02_mir/recover-20220922/UBNA_001/20220921_090000.WAV,Telephone Field,recover-20220922,001,1795
802.6865,802.6953,27187,37091,Eptesicus serotinus,0.008,0.021,-1,Echolocation,/mnt/ubna_data_02_mir/recover-20220922/UBNA_001/20220921_090000.WAV,Telephone Field,recover-20220922,001,1795
802.7275,802.7379,28906,36345,Eptesicus serotinus,0.011,0.022,-1,Echolocation,/mnt/ubna_data_02_mir/recover-20220922/UBNA_001/20220921_090000.WAV,Telephone Field,recover-20220922,001,1795
802.7275,802.7655,68437,82350,Rhinolophus ferrumequinum,0.021,0.021,-1,Echolocation,/mnt/ubna_data_02_mir/recover-20220922/UBNA_001/20220921_090000.WAV,Telephone Field,recover-20220922,001,1795
802.7505,802.7856,68437,81011,Rhinolophus ferrumequinum,0.022,0.022,-1,Echolocation,/mnt/ubna_data_02_mir/recover-20220922/UBNA_001/20220921_090000.WAV,Telephone Field,recover-20220922,001,1795
802.7625,802.7711,28046,38692,Eptesicus serotinus,0.008,0.021,-1,Echolocation,/mnt/ubna_data_02_mir/recover-20220922/UBNA_001/20220921_090000.WAV,Telephone Field,recover-20220922,001,1795
802.7655,802.8084,68437,82870,Rhinolophus ferrumequinum,0.023,0.023,-1,Echolocation,/mnt/ubna_data_02_mir/recover-20220922/UBNA_001/20220921_090000.WAV,Telephone Field,recover-20220922,001,1795
802.8315,802.8446,22890,26840,Nyctalus leisleri,0.021,0.035,-1,Echolocation,/mnt/ubna_data_02_mir/recover-20220922/UBNA_001/20220921_090000.WAV,Telephone Field,recover-20220922,001,1795
802.8415,802.8801,68437,82270,Rhinolophus ferrumequinum,0.024,0.024,-1,Echolocation,/mnt/ubna_data_02_mir/recover-20220922/UBNA_001/20220921_090000.WAV,Telephone Field,recover-20220922,001,1795
802.8655,802.9035,68437,81847,Rhinolophus ferrumequinum,0.021,0.022,-1,Echolocation,/mnt/ubna_data_02_mir/recover-20220922/UBNA_001/20220921_090000.WAV,Telephone Field,recover-20220922,001,1795
802.8925,802.9315,68437,82477,Rhinolophus ferrumequinum,0.022,0.022,-1,Echolocation,/mnt/ubna_data_02_mir/recover-20220922/UBNA_001/20220921_090000.WAV,Telephone Field,recover-20220922,001,1795
802.8935,802.9049,28906,35246,Eptesicus serotinus,0.012,0.025,-1,Echolocation,/mnt/ubna_data_02_mir/recover-20220922/UBNA_001/20220921_090000.WAV,Telephone Field,recover-20220922,001,1795
802.9285,802.9641,68437,81396,Rhinolophus ferrumequinum,0.022,0.022,-1,Echolocation,/mnt/ubna_data_02_mir/recover-20220922/UBNA_001/20220921_090000.WAV,Telephone Field,recover-20220922,001,1795
802.9445,802.9838,68437,82460,Rhinolophus ferrumequinum,0.022,0.022,-1,Echolocation,/mnt/ubna_data_02_mir/recover-20220922/UBNA_001/20220921_090000.WAV,Telephone Field,recover-20220922,001,1795
802.9445,802.9582,40078,43095,Pipistrellus nathusii,0.03,0.053,-1,Echolocation,/mnt/ubna_data_02_mir/recover-20220922/UBNA_001/20220921_090000.WAV,Telephone Field,recover-20220922,001,1795
802.9735000000001,802.983,23750,30496,Nyctalus leisleri,0.008,0.025,-1,Echolocation,/mnt/ubna_data_02_mir/recover-20220922/UBNA_001/20220921_090000.WAV,Telephone Field,recover-20220922,001,1795
802.9835,802.9907,26328,36295,Eptesicus serotinus,0.009,0.03,-1,Echolocation,/mnt/ubna_data_02_mir/recover-20220922/UBNA_001/20220921_090000.WAV,Telephone Field,recover-20220922,001,1795
803.0045,803.0484,68437,83272,Rhinolophus ferrumequinum,0.043,0.043,-1,Echolocation,/mnt/ubna_data_02_mir/recover-20220922/UBNA_001/20220921_090000.WAV,Telephone Field,recover-20220922,001,1795
803.0395,803.0747,68437,81350,Rhinolophus ferrumequinum,0.024,0.024,-1,Echolocation,/mnt/ubna_data_02_mir/recover-20220922/UBNA_001/20220921_090000.WAV,Telephone Field,recover-20220922,001,1795
803.0655,803.1049,68437,82957,Rhinolophus ferrumequinum,0.022,0.022,-1,Echolocation,/mnt/ubna_data_02_mir/recover-20220922/UBNA_001/20220921_090000.WAV,Telephone Field,recover-20220922,001,1795
803.0905,803.1279,68437,81608,Rhinolophus ferrumequinum,0.024,0.024,-1,Echolocation,/mnt/ubna_data_02_mir/recover-20220922/UBNA_001/20220921_090000.WAV,Telephone Field,recover-20220922,001,1795
803.1215,803.1585,68437,81971,Rhinolophus ferrumequinum,0.022,0.022,-1,Echolocation,/mnt/ubna_data_02_mir/recover-20220922/UBNA_001/20220921_090000.WAV,Telephone Field,recover-20220922,001,1795
803.1465,803.1848,68437,81910,Rhinolophus ferrumequinum,0.028,0.028,-1,Echolocation,/mnt/ubna_data_02_mir/recover-20220922/UBNA_001/20220921_090000.WAV,Telephone Field,recover-20220922,001,1795
803.1885,803.2287,68437,82025,Rhinolophus ferrumequinum,0.036,0.036,-1,Echolocation,/mnt/ubna_data_02_mir/recover-20220922/UBNA_001/20220921_090000.WAV,Telephone Field,recover-20220922,001,1795
803.2375,803.254,37500,40431,Pipistrellus nathusii,0.131,0.157,-1,Echolocation,/mnt/ubna_data_02_mir/recover-20220922/UBNA_001/20220921_090000.WAV,Telephone Field,recover-20220922,001,1795
803.2745,803.2824,28906,40486,Eptesicus serotinus,0.009,0.028,-1,Echolocation,/mnt/ubna_data_02_mir/recover-20220922/UBNA_001/20220921_090000.WAV,Telephone Field,recover-20220922,001,1795
803.2995,803.3102,23750,29900,Nyctalus leisleri,0.011,0.026,-1,Echolocation,/mnt/ubna_data_02_mir/recover-20220922/UBNA_001/20220921_090000.WAV,Telephone Field,recover-20220922,001,1795
803.3145,803.3555,68437,82445,Rhinolophus ferrumequinum,0.022,0.022,-1,Echolocation,/mnt/ubna_data_02_mir/recover-20220922/UBNA_001/20220921_090000.WAV,Telephone Field,recover-20220922,001,1795
803.3445,803.3792,68437,81146,Rhinolophus ferrumequinum,0.021,0.021,-1,Echolocation,/mnt/ubna_data_02_mir/recover-20220922/UBNA_001/20220921_090000.WAV,Telephone Field,recover-20220922,001,1795
803.3615,803.3988,68437,82074,Rhinolophus ferrumequinum,0.022,0.022,-1,Echolocation,/mnt/ubna_data_02_mir/recover-20220922/UBNA_001/20220921_090000.WAV,Telephone Field,recover-20220922,001,1795
803.3675,803.376,28906,39529,Eptesicus serotinus,0.008,0.024,-1,Echolocation,/mnt/ubna_data_02_mir/recover-20220922/UBNA_001/20220921_090000.WAV,Telephone Field,recover-20220922,001,1795
803.4035,803.4131,24609,31786,Eptesicus serotinus,0.007,0.023,-1,Echolocation,/mnt/ubna_data_02_mir/recover-20220922/UBNA_001/20220921_090000.WAV,Telephone Field,recover-20220922,001,1795
803.4185,803.4573,68437,82358,Rhinolophus ferrumequinum,0.024,0.024,-1,Echolocation,/mnt/ubna_data_02_mir/recover-20220922/UBNA_001/20220921_090000.WAV,Telephone Field,recover-20220922,001,1795
803.4765,803.4882,22031,26943,Nyctalus leisleri,0.011,0.023,-1,Echolocation,/mnt/ubna_data_02_mir/recover-20220922/UBNA_001/20220921_090000.WAV,Telephone Field,recover-20220922,001,1795
803.5045,803.546,68437,82053,Rhinolophus ferrumequinum,0.023,0.023,-1,Echolocation,/mnt/ubna_data_02_mir/recover-20220922/UBNA_001/20220921_090000.WAV,Telephone Field,recover-20220922,001,1795
803.5505,803.5909,68437,82707,Rhinolophus ferrumequinum,0.024,0.024,-1,Echolocation,/mnt/ubna_data_02_mir/recover-20220922/UBNA_001/20220921_090000.WAV,Telephone Field,recover-20220922,001,1795
803.5805,803.6242,68437,83656,Rhinolophus ferrumequinum,0.03,0.03,-1,Echolocation,/mnt/ubna_data_02_mir/recover-20220922/UBNA_001/20220921_090000.WAV,Telephone Field,recover-20220922,001,1795
803.6315,803.6688,68437,81954,Rhinolophus ferrumequinum,0.025,0.025,-1,Echolocation,/mnt/ubna_data_02_mir/recover-20220922/UBNA_001/20220921_090000.WAV,Telephone Field,recover-20220922,001,1795
803.6585,803.6991,68437,81828,Rhinolophus ferrumequinum,0.025,0.025,-1,Echolocation,/mnt/ubna_data_02_mir/recover-20220922/UBNA_001/20220921_090000.WAV,Telephone Field,recover-20220922,001,1795
803.6635,803.7022,68437,81653,Rhinolophus ferrumequinum,0.025,0.025,-1,Echolocation,/mnt/ubna_data_02_mir/recover-20220922/UBNA_001/20220921_090000.WAV,Telephone Field,recover-20220922,001,1795
803.6755,803.712,68437,80931,Rhinolophus ferrumequinum,0.022,0.022,-1,Echolocation,/mnt/ubna_data_02_mir/recover-20220922/UBNA_001/20220921_090000.WAV,Telephone Field,recover-20220922,001,1795
803.6785,803.6877,28046,36592,Eptesicus serotinus,0.008,0.02,-1,Echolocation,/mnt/ubna_data_02_mir/recover-20220922/UBNA_001/20220921_090000.WAV,Telephone Field,recover-20220922,001,1795
803.6905,803.7287,68437,81736,Rhinolophus ferrumequinum,0.021,0.021,-1,Echolocation,/mnt/ubna_data_02_mir/recover-20220922/UBNA_001/20220921_090000.WAV,Telephone Field,recover-20220922,001,1795
803.6995,803.7363,68437,81614,Rhinolophus ferrumequinum,0.023,0.023,-1,Echolocation,/mnt/ubna_data_02_mir/recover-20220922/UBNA_001/20220921_090000.WAV,Telephone Field,recover-20220922,001,1795
803.7095,803.7217,52109,56320,Pipistrellus pygmaeus,0.015,0.022,-1,Echolocation,/mnt/ubna_data_02_mir/recover-20220922/UBNA_001/20220921_090000.WAV,Telephone Field,recover-20220922,001,1795
803.7855,803.7985,23750,28717,Nyctalus leisleri,0.013,0.027,-1,Echolocation,/mnt/ubna_data_02_mir/recover-20220922/UBNA_001/20220921_090000.WAV,Telephone Field,recover-20220922,001,1795
803.7975,803.8098,22890,27751,Nyctalus leisleri,0.012,0.023,-1,Echolocation,/mnt/ubna_data_02_mir/recover-20220922/UBNA_001/20220921_090000.WAV,Telephone Field,recover-20220922,001,1795
803.8035,803.8406,68437,81700,Rhinolophus ferrumequinum,0.023,0.023,-1,Echolocation,/mnt/ubna_data_02_mir/recover-20220922/UBNA_001/20220921_090000.WAV,Telephone Field,recover-20220922,001,1795
803.8305,803.8672,68437,81855,Rhinolophus ferrumequinum,0.021,0.021,-1,Echolocation,/mnt/ubna_data_02_mir/recover-20220922/UBNA_001/20220921_090000.WAV,Telephone Field,recover-20220922,001,1795
803.8415,803.88,68437,82438,Rhinolophus ferrumequinum,0.025,0.026,-1,Echolocation,/mnt/ubna_data_02_mir/recover-20220922/UBNA_001/20220921_090000.WAV,Telephone Field,recover-20220922,001,1795
803.8675,803.8772,28046,35815,Eptesicus serotinus,0.01,0.023,-1,Echolocation,/mnt/ubna_data_02_mir/recover-20220922/UBNA_001/20220921_090000.WAV,Telephone Field,recover-20220922,001,1795
803.8925,803.9352,68437,83174,Rhinolophus ferrumequinum,0.029,0.029,-1,Echolocation,/mnt/ubna_data_02_mir/recover-20220922/UBNA_001/20220921_090000.WAV,Telephone Field,recover-20220922,001,1795
803.9195,803.9603,68437,82453,Rhinolophus ferrumequinum,0.022,0.022,-1,Echolocation,/mnt/ubna_data_02_mir/recover-20220922/UBNA_001/20220921_090000.WAV,Telephone Field,recover-20220922,001,1795
803.9245,803.9321,26328,36377,Eptesicus serotinus,0.008,0.024,-1,Echolocation,/mnt/ubna_data_02_mir/recover-20220922/UBNA_001/20220921_090000.WAV,Telephone Field,recover-20220922,001,1795
803.9425,803.9815,68437,81973,Rhinolophus ferrumequinum,0.023,0.023,-1,Echolocation,/mnt/ubna_data_02_mir/recover-20220922/UBNA_001/20220921_090000.WAV,Telephone Field,recover-20220922,001,1795
803.9825,803.9928,22031,27548,Nyctalus leisleri,0.01,0.025,-1,Echolocation,/mnt/ubna_data_02_mir/recover-20220922/UBNA_001/20220921_090000.WAV,Telephone Field,recover-20220922,001,1795
804.0015,804.0346,69296,81663,Rhinolophus ferrumequinum,0.034,0.034,-1,Echolocation,/mnt/ubna_data_02_mir/recover-20220922/UBNA_001/20220921_090000.WAV,Telephone Field,recover-20220922,001,1795
804.0015,804.0088,25468,35190,Nyctalus leisleri,0.005,0.022,-1,Echolocation,/mnt/ubna_data_02_mir/recover-20220922/UBNA_001/20220921_090000.WAV,Telephone Field,recover-20220922,001,1795
804.0015,804.0106,21171,27000,Nyctalus leisleri,0.008,0.022,-1,Echolocation,/mnt/ubna_data_02_mir/recover-20220922/UBNA_001/20220921_090000.WAV,Telephone Field,recover-20220922,001,1795
804.0115,804.0523,68437,83016,Rhinolophus ferrumequinum,0.026,0.026,-1,Echolocation,/mnt/ubna_data_02_mir/recover-20220922/UBNA_001/20220921_090000.WAV,Telephone Field,recover-20220922,001,1795
804.0325,804.0455,21171,24026,Nyctalus leisleri,0.014,0.022,-1,Echolocation,/mnt/ubna_data_02_mir/recover-20220922/UBNA_001/20220921_090000.WAV,Telephone Field,recover-20220922,001,1795
804.0885,804.1,23750,29793,Nyctalus leisleri,0.011,0.025,-1,Echolocation,/mnt/ubna_data_02_mir/recover-20220922/UBNA_001/20220921_090000.WAV,Telephone Field,recover-20220922,001,1795
804.0905,804.1279,68437,81632,Rhinolophus ferrumequinum,0.022,0.022,-1,Echolocation,/mnt/ubna_data_02_mir/recover-20220922/UBNA_001/20220921_090000.WAV,Telephone Field,recover-20220922,001,1795
804.1305,804.1697,68437,82414,Rhinolophus ferrumequinum,0.021,0.021,-1,Echolocation,/mnt/ubna_data_02_mir/recover-20220922/UBNA_001/20220921_090000.WAV,Telephone Field,recover-20220922,001,1795
804.1355,804.1722,68437,82002,Rhinolophus ferrumequinum,0.022,0.022,-1,Echolocation,/mnt/ubna_data_02_mir/recover-20220922/UBNA_001/20220921_090000.WAV,Telephone Field,recover-20220922,001,1795
804.1405,804.1484,24609,32726,Plecotus austriacus,0.008,0.025,-1,Echolocation,/mnt/ubna_data_02_mir/recover-20220922/UBNA_001/20220921_090000.WAV,Telephone Field,recover-20220922,001,1795
804.1514999999999,804.1901,68437,81545,Rhinolophus ferrumequinum,0.021,0.021,-1,Echolocation,/mnt/ubna_data_02_mir/recover-20220922/UBNA_001/20220921_090000.WAV,Telephone Field,recover-20220922,001,1795
804.1795,804.1875,28906,36824,Eptesicus serotinus,0.009,0.025,-1,Echolocation,/mnt/ubna_data_02_mir/recover-20220922/UBNA_001/20220921_090000.WAV,Telephone Field,recover-20220922,001,1795
804.2035,804.216,22890,26913,Nyctalus leisleri,0.018,0.031,-1,Echolocation,/mnt/ubna_data_02_mir/recover-20220922/UBNA_001/20220921_090000.WAV,Telephone Field,recover-20220922,001,1795
804.2185,804.2548,68437,81783,Rhinolophus ferrumequinum,0.022,0.022,-1,Echolocation,/mnt/ubna_data_02_mir/recover-20220922/UBNA_001/20220921_090000.WAV,Telephone Field,recover-20220922,001,1795
804.2265,804.2622,68437,81541,Rhinolophus ferrumequinum,0.022,0.022,-1,Echolocation,/mnt/ubna_data_02_mir/recover-20220922/UBNA_001/20220921_090000.WAV,Telephone Field,recover-20220922,001,1795
804.2435,804.2834,68437,82335,Rhinolophus ferrumequinum,0.032,0.032,-1,Echolocation,/mnt/ubna_data_02_mir/recover-20220922/UBNA_001/20220921_090000.WAV,Telephone Field,recover-20220922,001,1795
804.2475,804.2582,23750,29189,Nyctalus leisleri,0.009,0.021,-1,Echolocation,/mnt/ubna_data_02_mir/recover-20220922/UBNA_001/20220921_090000.WAV,Telephone Field,recover-20220922,001,1795
804.2645,804.2736,28906,37702,Eptesicus serotinus,0.01,0.027,-1,Echolocation,/mnt/ubna_data_02_mir/recover-20220922/UBNA_001/20220921_090000.WAV,Telephone Field,recover-20220922,001,1795
804.2685,804.3058,68437,82005,Rhinolophus ferrumequinum,0.022,0.022,-1,Echolocation,/mnt/ubna_data_02_mir/recover-20220922/UBNA_001/20220921_090000.WAV,Telephone Field,recover-20220922,001,1795
804.2755,804.2846,28046,36501,Eptesicus serotinus,0.008,0.022,-1,Echolocation,/mnt/ubna_data_02_mir/recover-20220922/UBNA_001/20220921_090000.WAV,Telephone Field,recover-20220922,001,1795
804.3025,804.3118,44375,51991,Pipistrellus pipistrellus,0.013,0.021,-1,Echolocation,/mnt/ubna_data_02_mir/recover-20220922/UBNA_001/20220921_090000.WAV,Telephone Field,recover-20220922,001,1795
804.3075,804.3503,68437,82912,Rhinolophus ferrumequinum,0.028,0.028,-1,Echolocation,/mnt/ubna_data_02_mir/recover-20220922/UBNA_001/20220921_090000.WAV,Telephone Field,recover-20220922,001,1795
804.3285,804.3395,22890,27366,Nyctalus leisleri,0.01,0.021,-1,Echolocation,/mnt/ubna_data_02_mir/recover-20220922/UBNA_001/20220921_090000.WAV,Telephone Field,recover-20220922,001,1795
804.3605,804.3732,22890,27933,Nyctalus leisleri,0.015,0.029,-1,Echolocation,/mnt/ubna_data_02_mir/recover-20220922/UBNA_001/20220921_090000.WAV,Telephone Field,recover-20220922,001,1795
804.3985,804.4401,68437,83132,Rhinolophus ferrumequinum,0.04,0.04,-1,Echolocation,/mnt/ubna_data_02_mir/recover-20220922/UBNA_001/20220921_090000.WAV,Telephone Field,recover-20220922,001,1795
804.4855,804.5235,68437,82166,Rhinolophus ferrumequinum,0.023,0.023,-1,Echolocation,/mnt/ubna_data_02_mir/recover-20220922/UBNA_001/20220921_090000.WAV,Telephone Field,recover-20220922,001,1795
804.4905,804.5293,68437,82032,Rhinolophus ferrumequinum,0.023,0.023,-1,Echolocation,/mnt/ubna_data_02_mir/recover-20220922/UBNA_001/20220921_090000.WAV,Telephone Field,recover-20220922,001,1795
804.4945,804.5032,28906,37600,Eptesicus serotinus,0.007,0.022,-1,Echolocation,/mnt/ubna_data_02_mir/recover-20220922/UBNA_001/20220921_090000.WAV,Telephone Field,recover-20220922,001,1795
804.5325,804.5425,22031,27621,Nyctalus leisleri,0.011,0.029,-1,Echolocation,/mnt/ubna_data_02_mir/recover-20220922/UBNA_001/20220921_090000.WAV,Telephone Field,recover-20220922,001,1795
804.5765,804.6171,68437,82579,Rhinolophus ferrumequinum,0.026,0.026,-1,Echolocation,/mnt/ubna_data_02_mir/recover-20220922/UBNA_001/20220921_090000.WAV,Telephone Field,recover-20220922,001,1795
804.6025,804.6126,26328,34268,Eptesicus serotinus,0.01,0.023,-1,Echolocation,/mnt/ubna_data_02_mir/recover-20220922/UBNA_001/20220921_090000.WAV,Telephone Field,recover-20220922,001,1795
804.6165,804.6551,68437,82015,Rhinolophus ferrumequinum,0.024,0.024,-1,Echolocation,/mnt/ubna_data_02_mir/recover-20220922/UBNA_001/20220921_090000.WAV,Telephone Field,recover-20220922,001,1795
804.6235,804.6637,68437,82000,Rhinolophus ferrumequinum,0.022,0.022,-1,Echolocation,/mnt/ubna_data_02_mir/recover-20220922/UBNA_001/20220921_090000.WAV,Telephone Field,recover-20220922,001,1795
804.6295,804.6406,28906,35029,Eptesicus serotinus,0.016,0.028,-1,Echolocation,/mnt/ubna_data_02_mir/recover-20220922/UBNA_001/20220921_090000.WAV,Telephone Field,recover-20220922,001,1795
804.7165,804.7549,68437,82863,Rhinolophus ferrumequinum,0.035,0.035,-1,Echolocation,/mnt/ubna_data_02_mir/recover-20220922/UBNA_001/20220921_090000.WAV,Telephone Field,recover-20220922,001,1795
804.7165,804.7306,21171,24650,Nyctalus leisleri,0.015,0.024,-1,Echolocation,/mnt/ubna_data_02_mir/recover-20220922/UBNA_001/20220921_090000.WAV,Telephone Field,recover-20220922,001,1795
804.7395,804.7764999999999,68437,81517,Rhinolophus ferrumequinum,0.021,0.021,-1,Echolocation,/mnt/ubna_data_02_mir/recover-20220922/UBNA_001/20220921_090000.WAV,Telephone Field,recover-20220922,001,1795
804.7465,804.7831,68437,81892,Rhinolophus ferrumequinum,0.021,0.021,-1,Echolocation,/mnt/ubna_data_02_mir/recover-20220922/UBNA_001/20220921_090000.WAV,Telephone Field,recover-20220922,001,1795
804.7565,804.7746,20312,23307,Nyctalus leisleri,0.013,0.021,-1,Echolocation,/mnt/ubna_data_02_mir/recover-20220922/UBNA_001/20220921_090000.WAV,Telephone Field,recover-20220922,001,1795
804.7615,804.7728,22031,25803,Nyctalus leisleri,0.013,0.021,-1,Echolocation,/mnt/ubna_data_02_mir/recover-20220922/UBNA_001/20220921_090000.WAV,Telephone Field,recover-20220922,001,1795
804.7635,804.8042,68437,82397,Rhinolophus ferrumequinum,0.025,0.025,-1,Echolocation,/mnt/ubna_data_02_mir/recover-20220922/UBNA_001/20220921_090000.WAV,Telephone Field,recover-20220922,001,1795
804.7805,804.7897,28906,38572,Eptesicus serotinus,0.008,0.023,-1,Echolocation,/mnt/ubna_data_02_mir/recover-20220922/UBNA_001/20220921_090000.WAV,Telephone Field,recover-20220922,001,1795
804.8035,804.8136,23750,29939,Nyctalus leisleri,0.008,0.021,-1,Echolocation,/mnt/ubna_data_02_mir/recover-20220922/UBNA_001/20220921_090000.WAV,Telephone Field,recover-20220922,001,1795
804.8135,804.8477,68437,81097,Rhinolophus ferrumequinum,0.021,0.021,-1,Echolocation,/mnt/ubna_data_02_mir/recover-20220922/UBNA_001/20220921_090000.WAV,Telephone Field,recover-20220922,001,1795
804.8315,804.8666,68437,80767,Rhinolophus ferrumequinum,0.021,0.022,-1,Echolocation,/mnt/ubna_data_02_mir/recover-20220922/UBNA_001/20220921_090000.WAV,Telephone Field,recover-20220922,001,1795
804.8625,804.9032,68437,82360,Rhinolophus ferrumequinum,0.021,0.021,-1,Echolocation,/mnt/ubna_data_02_mir/recover-20220922/UBNA_001/20220921_090000.WAV,Telephone Field,recover-20220922,001,1795
804.8725,804.882,43515,49352,Pipistrellus pipistrellus,0.014,0.021,-1,Echolocation,/mnt/ubna_data_02_mir/recover-20220922/UBNA_001/20220921_090000.WAV,Telephone Field,recover-20220922,001,1795
804.8765,804.8869,24609,31176,Nyctalus leisleri,0.009,0.024,-1,Echolocation,/mnt/ubna_data_02_mir/recover-20220922/UBNA_001/20220921_090000.WAV,Telephone Field,recover-20220922,001,1795
804.8905,804.9278,68437,82260,Rhinolophus ferrumequinum,0.021,0.021,-1,Echolocation,/mnt/ubna_data_02_mir/recover-20220922/UBNA_001/20220921_090000.WAV,Telephone Field,recover-20220922,001,1795
804.9215,804.9591,68437,81716,Rhinolophus ferrumequinum,0.023,0.023,-1,Echolocation,/mnt/ubna_data_02_mir/recover-20220922/UBNA_001/20220921_090000.WAV,Telephone Field,recover-20220922,001,1795
804.9465,804.984,68437,81445,Rhinolophus ferrumequinum,0.022,0.022,-1,Echolocation,/mnt/ubna_data_02_mir/recover-20220922/UBNA_001/20220921_090000.WAV,Telephone Field,recover-20220922,001,1795
804.9475,804.9547,27187,36610,Eptesicus serotinus,0.012,0.035,-1,Echolocation,/mnt/ubna_data_02_mir/recover-20220922/UBNA_001/20220921_090000.WAV,Telephone Field,recover-20220922,001,1795
804.9535,804.99,68437,82090,Rhinolophus ferrumequinum,0.021,0.021,-1,Echolocation,/mnt/ubna_data_02_mir/recover-20220922/UBNA_001/20220921_090000.WAV,Telephone Field,recover-20220922,001,1795
805.0075,805.0461,68437,82361,Rhinolophus ferrumequinum,0.023,0.023,-1,Echolocation,/mnt/ubna_data_02_mir/recover-20220922/UBNA_001/20220921_090000.WAV,Telephone Field,recover-20220922,001,1795
805.0325,805.0437,22031,27140,Nyctalus leisleri,0.013,0.028,-1,Echolocation,/mnt/ubna_data_02_mir/recover-20220922/UBNA_001/20220921_090000.WAV,Telephone Field,recover-20220922,001,1795
805.0375,805.0749,68437,81666,Rhinolophus ferrumequinum,0.021,0.021,-1,Echolocation,/mnt/ubna_data_02_mir/recover-20220922/UBNA_001/20220921_090000.WAV,Telephone Field,recover-20220922,001,1795
805.0715,805.1135,68437,83257,Rhinolophus ferrumequinum,0.043,0.043,-1,Echolocation,/mnt/ubna_data_02_mir/recover-20220922/UBNA_001/20220921_090000.WAV,Telephone Field,recover-20220922,001,1795
805.0775,805.0929,22031,26465,Nyctalus leisleri,0.023,0.052,-1,Echolocation,/mnt/ubna_data_02_mir/recover-20220922/UBNA_001/20220921_090000.WAV,Telephone Field,recover-20220922,001,1795
805.1175,805.1251,27187,36082,Eptesicus serotinus,0.009,0.024,-1,Echolocation,/mnt/ubna_data_02_mir/recover-20220922/UBNA_001/20220921_090000.WAV,Telephone Field,recover-20220922,001,1795
805.1425,805.1808,68437,81535,Rhinolophus ferrumequinum,0.022,0.022,-1,Echolocation,/mnt/ubna_data_02_mir/recover-20220922/UBNA_001/20220921_090000.WAV,Telephone Field,recover-20220922,001,1795
805.1635,805.1741,34921,40819,Eptesicus serotinus,0.006,0.024,-1,Echolocation,/mnt/ubna_data_02_mir/recover-20220922/UBNA_001/20220921_090000.WAV,Telephone Field,recover-20220922,001,1795
805.1845,805.2227,68437,81461,Rhinolophus ferrumequinum,0.026,0.026,-1,Echolocation,/mnt/ubna_data_02_mir/recover-20220922/UBNA_001/20220921_090000.WAV,Telephone Field,recover-20220922,001,1795
805.1865,805.1933,24609,33478,Plecotus austriacus,0.009,0.021,-1,Echolocation,/mnt/ubna_data_02_mir/recover-20220922/UBNA_001/20220921_090000.WAV,Telephone Field,recover-20220922,001,1795
805.1995,805.2099,44375,49860,Pipistrellus pipistrellus,0.025,0.029,-1,Echolocation,/mnt/ubna_data_02_mir/recover-20220922/UBNA_001/20220921_090000.WAV,Telephone Field,recover-20220922,001,1795
805.2145,805.2247,23750,30534,Nyctalus leisleri,0.011,0.03,-1,Echolocation,/mnt/ubna_data_02_mir/recover-20220922/UBNA_001/20220921_090000.WAV,Telephone Field,recover-20220922,001,1795
805.2315,805.2424,42656,46623,Pipistrellus pipistrellus,0.02,0.026,-1,Echolocation,/mnt/ubna_data_02_mir/recover-20220922/UBNA_001/20220921_090000.WAV,Telephone Field,recover-20220922,001,1795
805.2745,805.3129,68437,81832,Rhinolophus ferrumequinum,0.021,0.021,-1,Echolocation,/mnt/ubna_data_02_mir/recover-20220922/UBNA_001/20220921_090000.WAV,Telephone Field,recover-20220922,001,1795
805.2815,805.3232,68437,81840,Rhinolophus ferrumequinum,0.021,0.021,-1,Echolocation,/mnt/ubna_data_02_mir/recover-20220922/UBNA_001/20220921_090000.WAV,Telephone Field,recover-20220922,001,1795
805.3195,805.3584,68437,82678,Rhinolophus ferrumequinum,0.022,0.022,-1,Echolocation,/mnt/ubna_data_02_mir/recover-20220922/UBNA_001/20220921_090000.WAV,Telephone Field,recover-20220922,001,1795
805.3365,805.3455,28046,38498,Eptesicus serotinus,0.008,0.021,-1,Echolocation,/mnt/ubna_data_02_mir/recover-20220922/UBNA_001/20220921_090000.WAV,Telephone Field,recover-20220922,001,1795
805.3365,805.3748,68437,81547,Rhinolophus ferrumequinum,0.023,0.023,-1,Echolocation,/mnt/ubna_data_02_mir/recover-20220922/UBNA_001/20220921_090000.WAV,Telephone Field,recover-20220922,001,1795
805.3735,805.3831,22890,30024,Nyctalus leisleri,0.009,0.032,-1,Echolocation,/mnt/ubna_data_02_mir/recover-20220922/UBNA_001/20220921_090000.WAV,Telephone Field,recover-20220922,001,1795
805.3855,805.424,68437,82257,Rhinolophus ferrumequinum,0.024,0.024,-1,Echolocation,/mnt/ubna_data_02_mir/recover-20220922/UBNA_001/20220921_090000.WAV,Telephone Field,recover-20220922,001,1795
805.4455,805.453,28046,39576,Eptesicus serotinus,0.006,0.022,-1,Echolocation,/mnt/ubna_data_02_mir/recover-20220922/UBNA_001/20220921_090000.WAV,Telephone Field,recover-20220922,001,1795
805.4895,805.4983,28906,36716,Eptesicus serotinus,0.007,0.021,-1,Echolocation,/mnt/ubna_data_02_mir/recover-20220922/UBNA_001/20220921_090000.WAV,Telephone Field,recover-20220922,001,1795
805.4945,805.5349,68437,82552,Rhinolophus ferrumequinum,0.026,0.026,-1,Echolocation,/mnt/ubna_data_02_mir/recover-20220922/UBNA_001/20220921_090000.WAV,Telephone Field,recover-20220922,001,1795
805.5095,805.5456,68437,82019,Rhinolophus ferrumequinum,0.02,0.021,-1,Echolocation,/mnt/ubna_data_02_mir/recover-20220922/UBNA_001/20220921_090000.WAV,Telephone Field,recover-20220922,001,1795
805.5395,805.5493,28906,37087,Eptesicus serotinus,0.012,0.026,-1,Echolocation,/mnt/ubna_data_02_mir/recover-20220922/UBNA_001/20220921_090000.WAV,Telephone Field,recover-20220922,001,1795
805.5605,805.5995,68437,81866,Rhinolophus ferrumequinum,0.027,0.027,-1,Echolocation,/mnt/ubna_data_02_mir/recover-20220922/UBNA_001/20220921_090000.WAV,Telephone Field,recover-20220922,001,1795
805.6075,805.6473,68437,82370,Rhinolophus ferrumequinum,0.027,0.027,-1,Echolocation,/mnt/ubna_data_02_mir/recover-20220922/UBNA_001/20220921_090000.WAV,Telephone Field,recover-20220922,001,1795
805.6265,805.6354,28906,36839,Eptesicus serotinus,0.008,0.021,-1,Echolocation,/mnt/ubna_data_02_mir/recover-20220922/UBNA_001/20220921_090000.WAV,Telephone Field,recover-20220922,001,1795
805.6455,805.6863,68437,82928,Rhinolophus ferrumequinum,0.026,0.026,-1,Echolocation,/mnt/ubna_data_02_mir/recover-20220922/UBNA_001/20220921_090000.WAV,Telephone Field,recover-20220922,001,1795
805.6585,805.6675,36640,42631,Barbastellus barbastellus,0.013,0.041,-1,Echolocation,/mnt/ubna_data_02_mir/recover-20220922/UBNA_001/20220921_090000.WAV,Telephone Field,recover-20220922,001,1795
805.6605,805.6683,27187,39849,Eptesicus serotinus,0.008,0.023,-1,Echolocation,/mnt/ubna_data_02_mir/recover-20220922/UBNA_001/20220921_090000.WAV,Telephone Field,recover-20220922,001,1795
805.6985,805.7395,68437,83070,Rhinolophus ferrumequinum,0.03,0.03,-1,Echolocation,/mnt/ubna_data_02_mir/recover-20220922/UBNA_001/20220921_090000.WAV,Telephone Field,recover-20220922,001,1795
805.7145,805.7243,22890,29248,Nyctalus leisleri,0.008,0.023,-1,Echolocation,/mnt/ubna_data_02_mir/recover-20220922/UBNA_001/20220921_090000.WAV,Telephone Field,recover-20220922,001,1795
805.7245,805.7603,68437,81270,Rhinolophus ferrumequinum,0.022,0.022,-1,Echolocation,/mnt/ubna_data_02_mir/recover-20220922/UBNA_001/20220921_090000.WAV,Telephone Field,recover-20220922,001,1795
805.7325,805.7513,20312,23648,Nyctalus leisleri,0.023,0.045,-1,Echolocation,/mnt/ubna_data_02_mir/recover-20220922/UBNA_001/20220921_090000.WAV,Telephone Field,recover-20220922,001,1795
805.7555,805.7966,68437,82430,Rhinolophus ferrumequinum,0.029,0.029,-1,Echolocation,/mnt/ubna_data_02_mir/recover-20220922/UBNA_001/20220921_090000.WAV,Telephone Field,recover-20220922,001,1795
805.7875,805.8275,68437,82310,Rhinolophus ferrumequinum,0.026,0.026,-1,Echolocation,/mnt/ubna_data_02_mir/recover-20220922/UBNA_001/20220921_090000.WAV,Telephone Field,recover-20220922,001,1795
805.7905,805.802,23750,28801,Nyctalus leisleri,0.015,0.028,-1,Echolocation,/mnt/ubna_data_02_mir/recover-20220922/UBNA_001/20220921_090000.WAV,Telephone Field,recover-20220922,001,1795
805.7965,805.8332,68437,82160,Rhinolophus ferrumequinum,0.021,0.021,-1,Echolocation,/mnt/ubna_data_02_mir/recover-20220922/UBNA_001/20220921_090000.WAV,Telephone Field,recover-20220922,001,1795
805.8045,805.8414,68437,82058,Rhinolophus ferrumequinum,0.023,0.023,-1,Echolocation,/mnt/ubna_data_02_mir/recover-20220922/UBNA_001/20220921_090000.WAV,Telephone Field,recover-20220922,001,1795
805.8185,805.8252,24609,38546,Myotis nattereri,0.007,0.026,-1,Echolocation,/mnt/ubna_data_02_mir/recover-20220922/UBNA_001/20220921_090000.WAV,Telephone Field,recover-20220922,001,1795
805.8265,805.8631,68437,81609,Rhinolophus ferrumequinum,0.036,0.036,-1,Echolocation,/mnt/ubna_data_02_mir/recover-20220922/UBNA_001/20220921_090000.WAV,Telephone Field,recover-20220922,001,1795
805.8385,805.8464,28046,38992,Eptesicus serotinus,0.008,0.025,-1,Echolocation,/mnt/ubna_data_02_mir/recover-20220922/UBNA_001/20220921_090000.WAV,Telephone Field,recover-20220922,001,1795
805.8395,805.879,68437,82292,Rhinolophus ferrumequinum,0.024,0.024,-1,Echolocation,/mnt/ubna_data_02_mir/recover-20220922/UBNA_001/20220921_090000.WAV,Telephone Field,recover-20220922,001,1795
805.8705,805.9051,68437,80879,Rhinolophus ferrumequinum,0.022,0.022,-1,Echolocation,/mnt/ubna_data_02_mir/recover-20220922/UBNA_001/20220921_090000.WAV,Telephone Field,recover-20220922,001,1795
805.8815,805.9203,68437,82018,Rhinolophus ferrumequinum,0.021,0.021,-1,Echolocation,/mnt/ubna_data_02_mir/recover-20220922/UBNA_001/20220921_090000.WAV,Telephone Field,recover-20220922,001,1795
805.8985,805.9368,68437,82214,Rhinolophus ferrumequinum,0.022,0.022,-1,Echolocation,/mnt/ubna_data_02_mir/recover-20220922/UBNA_001/20220921_090000.WAV,Telephone Field,recover-20220922,001,1795
805.9495,805.9862,68437,82103,Rhinolophus ferrumequinum,0.022,0.022,-1,Echolocation,/mnt/ubna_data_02_mir/recover-20220922/UBNA_001/20220921_090000.WAV,Telephone Field,recover-20220922,001,1795
805.9565,805.9922,68437,82128,Rhinolophus ferrumequinum,0.021,0.021,-1,Echolocation,/mnt/ubna_data_02_mir/recover-20220922/UBNA_001/20220921_090000.WAV,Telephone Field,recover-20220922,001,1795
806.0015,806.0342,68437,80163,Rhinolophus ferrumequinum,0.054,0.054,-1,Echolocation,/mnt/ubna_data_02_mir/recover-20220922/UBNA_001/20220921_090000.WAV,Telephone Field,recover-20220922,001,1795
806.0015,806.011,48671,53628,Pipistrellus pipistrellus,0.02,0.026,-1,Echolocation,/mnt/ubna_data_02_mir/recover-20220922/UBNA_001/20220921_090000.WAV,Telephone Field,recover-20220922,001,1795
806.0015,806.01,25468,36508,Nyctalus leisleri,0.006,0.025,-1,Echolocation,/mnt/ubna_data_02_mir/recover-20220922/UBNA_001/20220921_090000.WAV,Telephone Field,recover-20220922,001,1795
806.0135,806.0563,68437,83196,Rhinolophus ferrumequinum,0.031,0.031,-1,Echolocation,/mnt/ubna_data_02_mir/recover-20220922/UBNA_001/20220921_090000.WAV,Telephone Field,recover-20220922,001,1795
806.0335,806.0412,28046,39295,Eptesicus serotinus,0.008,0.026,-1,Echolocation,/mnt/ubna_data_02_mir/recover-20220922/UBNA_001/20220921_090000.WAV,Telephone Field,recover-20220922,001,1795
806.0485,806.0914,68437,82881,Rhinolophus ferrumequinum,0.029,0.029,-1,Echolocation,/mnt/ubna_data_02_mir/recover-20220922/UBNA_001/20220921_090000.WAV,Telephone Field,recover-20220922,001,1795
806.0845,806.0956,23750,28729,Nyctalus leisleri,0.012,0.024,-1,Echolocation,/mnt/ubna_data_02_mir/recover-20220922/UBNA_001/20220921_090000.WAV,Telephone Field,recover-20220922,001,1795
806.0945,806.1341,68437,82085,Rhinolophus ferrumequinum,0.027,0.027,-1,Echolocation,/mnt/ubna_data_02_mir/recover-20220922/UBNA_001/20220921_090000.WAV,Telephone Field,recover-20220922,001,1795
806.1045,806.1393,68437,81429,Rhinolophus ferrumequinum,0.022,0.022,-1,Echolocation,/mnt/ubna_data_02_mir/recover-20220922/UBNA_001/20220921_090000.WAV,Telephone Field,recover-20220922,001,1795
806.1285,806.168,68437,82596,Rhinolophus ferrumequinum,0.023,0.023,-1,Echolocation,/mnt/ubna_data_02_mir/recover-20220922/UBNA_001/20220921_090000.WAV,Telephone Field,recover-20220922,001,1795
806.1315,806.1432,32343,37825,Eptesicus serotinus,0.006,0.024,-1,Echolocation,/mnt/ubna_data_02_mir/recover-20220922/UBNA_001/20220921_090000.WAV,Telephone Field,recover-20220922,001,1795
806.1735,806.2131,68437,82046,Rhinolophus ferrumequinum,0.022,0.022,-1,Echolocation,/mnt/ubna_data_02_mir/recover-20220922/UBNA_001/20220921_090000.WAV,Telephone Field,recover-20220922,001,1795
806.1985,806.2345,68437,81744,Rhinolophus ferrumequinum,0.022,0.022,-1,Echolocation,/mnt/ubna_data_02_mir/recover-20220922/UBNA_001/20220921_090000.WAV,Telephone Field,recover-20220922,001,1795
806.2125,806.2558,68437,82930,Rhinolophus ferrumequinum,0.053,0.053,-1,Echolocation,/mnt/ubna_data_02_mir/recover-20220922/UBNA_001/20220921_090000.WAV,Telephone Field,recover-20220922,001,1795
806.2845,806.3229,68437,82303,Rhinolophus ferrumequinum,0.023,0.023,-1,Echolocation,/mnt/ubna_data_02_mir/recover-20220922/UBNA_001/20220921_090000.WAV,Telephone Field,recover-20220922,001,1795
806.2985,806.3354,68437,81295,Rhinolophus ferrumequinum,0.023,0.023,-1,Echolocation,/mnt/ubna_data_02_mir/recover-20220922/UBNA_001/20220921_090000.WAV,Telephone Field,recover-20220922,001,1795
806.3145,806.3533,68437,82479,Rhinolophus ferrumequinum,0.024,0.024,-1,Echolocation,/mnt/ubna_data_02_mir/recover-20220922/UBNA_001/20220921_090000.WAV,Telephone Field,recover-20220922,001,1795
806.3505,806.3908,68437,82354,Rhinolophus ferrumequinum,0.028,0.028,-1,Echolocation,/mnt/ubna_data_02_mir/recover-20220922/UBNA_001/20220921_090000.WAV,Telephone Field,recover-20220922,001,1795
806.3735,806.4155,68437,82568,Rhinolophus ferrumequinum,0.026,0.027,-1,Echolocation,/mnt/ubna_data_02_mir/recover-20220922/UBNA_001/20220921_090000.WAV,Telephone Field,recover-20220922,001,1795
806.4065,806.4149,23750,31431,Plecotus austriacus,0.008,0.023,-1,Echolocation,/mnt/ubna_data_02_mir/recover-20220922/UBNA_001/20220921_090000.WAV,Telephone Field,recover-20220922,001,1795
806.4225,806.4613,68437,82075,Rhinolophus ferrumequinum,0.032,0.032,-1,Echolocation,/mnt/ubna_data_02_mir/recover-20220922/UBNA_001/20220921_090000.WAV,Telephone Field,recover-20220922,001,1795
806.4345,806.4726,68437,82671,Rhinolophus ferrumequinum,0.026,0.026,-1,Echolocation,/mnt/ubna_data_02_mir/recover-20220922/UBNA_001/20220921_090000.WAV,Telephone Field,recover-20220922,001,1795
806.4395,806.4501,22890,27314,Nyctalus leisleri,0.012,0.022,-1,Echolocation,/mnt/ubna_data_02_mir/recover-20220922/UBNA_001/20220921_090000.WAV,Telephone Field,recover-20220922,001,1795
806.4785,806.5189,68437,82745,Rhinolophus ferrumequinum,0.026,0.026,-1,Echolocation,/mnt/ubna_data_02_mir/recover-20220922/UBNA_001/20220921_090000.WAV,Telephone Field,recover-20220922,001,1795
806.5195,806.5551,68437,81472,Rhinolophus ferrumequinum,0.023,0.023,-1,Echolocation,/mnt/ubna_data_02_mir/recover-20220922/UBNA_001/20220921_090000.WAV,Telephone Field,recover-20220922,001,1795
806.5295,806.5693,68437,82330,Rhinolophus ferrumequinum,0.024,0.024,-1,Echolocation,/mnt/ubna_data_02_mir/recover-20220922/UBNA_001/20220921_090000.WAV,Telephone Field,recover-20220922,001,1795
806.5365,806.5733,68437,81723,Rhinolophus ferrumequinum,0.025,0.025,-1,Echolocation,/mnt/ubna_data_02_mir/recover-20220922/UBNA_001/20220921_090000.WAV,Telephone Field,recover-20220922,001,1795
806.5485,806.5804,68437,80830,Rhinolophus ferrumequinum,0.045,0.045,-1,Echolocation,/mnt/ubna_data_02_mir/recover-20220922/UBNA_001/20220921_090000.WAV,Telephone Field,recover-20220922,001,1795
806.5625,806.6018,68437,82020,Rhinolophus ferrumequinum,0.027,0.027,-1,Echolocation,/mnt/ubna_data_02_mir/recover-20220922/UBNA_001/20220921_090000.WAV,Telephone Field,recover-20220922,001,1795
806.5915,806.6301,68437,82086,Rhinolophus ferrumequinum,0.022,0.022,-1,Echolocation,/mnt/ubna_data_02_mir/recover-20220922/UBNA_001/20220921_090000.WAV,Telephone Field,recover-20220922,001,1795
806.6045,806.6438,68437,81619,Rhinolophus ferrumequinum,0.023,0.023,-1,Echolocation,/mnt/ubna_data_02_mir/recover-20220922/UBNA_001/20220921_090000.WAV,Telephone Field,recover-20220922,001,1795
806.6285,806.6668999999999,68437,81825,Rhinolophus ferrumequinum,0.022,0.023,-1,Echolocation,/mnt/ubna_data_02_mir/recover-20220922/UBNA_001/20220921_090000.WAV,Telephone Field,recover-20220922,001,1795
806.6555,806.6763,19453,22424,Nyctalus leisleri,0.019,0.04,-1,Echolocation,/mnt/ubna_data_02_mir/recover-20220922/UBNA_001/20220921_090000.WAV,Telephone Field,recover-20220922,001,1795
806.6755,806.6884,29765,34839,Eptesicus serotinus,0.014,0.029,-1,Echolocation,/mnt/ubna_data_02_mir/recover-20220922/UBNA_001/20220921_090000.WAV,Telephone Field,recover-20220922,001,1795
806.6815,806.7207,68437,81934,Rhinolophus ferrumequinum,0.022,0.022,-1,Echolocation,/mnt/ubna_data_02_mir/recover-20220922/UBNA_001/20220921_090000.WAV,Telephone Field,recover-20220922,001,1795
806.6925,806.7365,68437,83375,Rhinolophus ferrumequinum,0.029,0.029,-1,Echolocation,/mnt/ubna_data_02_mir/recover-20220922/UBNA_001/20220921_090000.WAV,Telephone Field,recover-20220922,001,1795
806.7645,806.8041,68437,82762,Rhinolophus ferrumequinum,0.025,0.025,-1,Echolocation,/mnt/ubna_data_02_mir/recover-20220922/UBNA_001/20220921_090000.WAV,Telephone Field,recover-20220922,001,1795
806.7675,806.7768,22890,29697,Plecotus austriacus,0.01,0.027,-1,Echolocation,/mnt/ubna_data_02_mir/recover-20220922/UBNA_001/20220921_090000.WAV,Telephone Field,recover-20220922,001,1795
806.7975,806.8377,68437,82714,Rhinolophus ferrumequinum,0.024,0.024,-1,Echolocation,/mnt/ubna_data_02_mir/recover-20220922/UBNA_001/20220921_090000.WAV,Telephone Field,recover-20220922,001,1795
806.8275,806.8372,28046,37034,Eptesicus serotinus,0.011,0.026,-1,Echolocation,/mnt/ubna_data_02_mir/recover-20220922/UBNA_001/20220921_090000.WAV,Telephone Field,recover-20220922,001,1795
806.9005,806.9426,68437,83115,Rhinolophus ferrumequinum,0.023,0.023,-1,Echolocation,/mnt/ubna_data_02_mir/recover-20220922/UBNA_001/20220921_090000.WAV,Telephone Field,recover-20220922,001,1795
806.9595,806.9719,32343,38953,Eptesicus serotinus,0.017,0.044,-1,Echolocation,/mnt/ubna_data_02_mir/recover-20220922/UBNA_001/20220921_090000.WAV,Telephone Field,recover-20220922,001,1795
806.9895,807.0278,68437,81942,Rhinolophus ferrumequinum,0.024,0.024,-1,Echolocation,/mnt/ubna_data_02_mir/recover-20220922/UBNA_001/20220921_090000.WAV,Telephone Field,recover-20220922,001,1795
806.9965,807.0038,26328,35591,Eptesicus serotinus,0.006,0.022,-1,Echolocation,/mnt/ubna_data_02_mir/recover-20220922/UBNA_001/20220921_090000.WAV,Telephone Field,recover-20220922,001,1795
807.0305,807.0662,68437,82646,Rhinolophus ferrumequinum,0.022,0.022,-1,Echolocation,/mnt/ubna_data_02_mir/recover-20220922/UBNA_001/20220921_090000.WAV,Telephone Field,recover-20220922,001,1795
807.0555,807.0952,68437,82289,Rhinolophus ferrumequinum,0.068,0.068,-1,Echolocation,/mnt/ubna_data_02_mir/recover-20220922/UBNA_001/20220921_090000.WAV,Telephone Field,recover-20220922,001,1795
807.0755,807.082,24609,38037,Plecotus austriacus,0.009,0.027,-1,Echolocation,/mnt/ubna_data_02_mir/recover-20220922/UBNA_001/20220921_090000.WAV,Telephone Field,recover-20220922,001,1795
807.1235,807.1385,22890,27467,Nyctalus leisleri,0.023,0.041,-1,Echolocation,/mnt/ubna_data_02_mir/recover-20220922/UBNA_001/20220921_090000.WAV,Telephone Field,recover-20220922,001,1795
807.1245,807.1637,68437,82509,Rhinolophus ferrumequinum,0.028,0.028,-1,Echolocation,/mnt/ubna_data_02_mir/recover-20220922/UBNA_001/20220921_090000.WAV,Telephone Field,recover-20220922,001,1795
807.1335,807.142,42656,46792,Pipistrellus pipistrellus,0.031,0.035,-1,Echolocation,/mnt/ubna_data_02_mir/recover-20220922/UBNA_001/20220921_090000.WAV,Telephone Field,recover-20220922,001,1795
807.1335,807.1727,68437,81896,Rhinolophus ferrumequinum,0.03,0.03,-1,Echolocation,/mnt/ubna_data_02_mir/recover-20220922/UBNA_001/20220921_090000.WAV,Telephone Field,recover-20220922,001,1795
807.1805,807.1915,29765,37021,Eptesicus serotinus,0.012,0.027,-1,Echolocation,/mnt/ubna_data_02_mir/recover-20220922/UBNA_001/20220921_090000.WAV,Telephone Field,recover-20220922,001,1795
807.2005,807.2377,68437,81979,Rhinolophus ferrumequinum,0.028,0.028,-1,Echolocation,/mnt/ubna_data_02_mir/recover-20220922/UBNA_001/20220921_090000.WAV,Telephone Field,recover-20220922,001,1795
807.2025,807.2103,28046,38599,Eptesicus serotinus,0.007,0.022,-1,Echolocation,/mnt/ubna_data_02_mir/recover-20220922/UBNA_001/20220921_090000.WAV,Telephone Field,recover-20220922,001,1795
807.2295,807.269,68437,82845,Rhinolophus ferrumequinum,0.04,0.04,-1,Echolocation,/mnt/ubna_data_02_mir/recover-20220922/UBNA_001/20220921_090000.WAV,Telephone Field,recover-20220922,001,1795
807.2515,807.2588,28046,40251,Eptesicus serotinus,0.008,0.027,-1,Echolocation,/mnt/ubna_data_02_mir/recover-20220922/UBNA_001/20220921_090000.WAV,Telephone Field,recover-20220922,001,1795
807.3135,807.3566,68437,82380,Rhinolophus ferrumequinum,0.031,0.031,-1,Echolocation,/mnt/ubna_data_02_mir/recover-20220922/UBNA_001/20220921_090000.WAV,Telephone Field,recover-20220922,001,1795
807.3345,807.3427,28046,38848,Eptesicus serotinus,0.007,0.022,-1,Echolocation,/mnt/ubna_data_02_mir/recover-20220922/UBNA_001/20220921_090000.WAV,Telephone Field,recover-20220922,001,1795
807.3555,807.3934,68437,81888,Rhinolophus ferrumequinum,0.023,0.023,-1,Echolocation,/mnt/ubna_data_02_mir/recover-20220922/UBNA_001/20220921_090000.WAV,Telephone Field,recover-20220922,001,1795
807.3915,807.4317,68437,82549,Rhinolophus ferrumequinum,0.025,0.025,-1,Echolocation,/mnt/ubna_data_02_mir/recover-20220922/UBNA_001/20220921_090000.WAV,Telephone Field,recover-20220922,001,1795
807.4085,807.4481,68437,82174,Rhinolophus ferrumequinum,0.024,0.024,-1,Echolocation,/mnt/ubna_data_02_mir/recover-20220922/UBNA_001/20220921_090000.WAV,Telephone Field,recover-20220922,001,1795
807.4385,807.4781,68437,82426,Rhinolophus ferrumequinum,0.025,0.025,-1,Echolocation,/mnt/ubna_data_02_mir/recover-20220922/UBNA_001/20220921_090000.WAV,Telephone Field,recover-20220922,001,1795
807.4405,807.4485,28046,40320,Eptesicus serotinus,0.008,0.022,-1,Echolocation,/mnt/ubna_data_02_mir/recover-20220922/UBNA_001/20220921_090000.WAV,Telephone Field,recover-20220922,001,1795
807.4575,807.4956999999999,68437,82084,Rhinolophus ferrumequinum,0.023,0.023,-1,Echolocation,/mnt/ubna_data_02_mir/recover-20220922/UBNA_001/20220921_090000.WAV,Telephone Field,recover-20220922,001,1795
807.4725,807.4793,24609,34974,Plecotus austriacus,0.013,0.033,-1,Echolocation,/mnt/ubna_data_02_mir/recover-20220922/UBNA_001/20220921_090000.WAV,Telephone Field,recover-20220922,001,1795
807.4735000000001,807.5108,68437,81250,Rhinolophus ferrumequinum,0.024,0.024,-1,Echolocation,/mnt/ubna_data_02_mir/recover-20220922/UBNA_001/20220921_090000.WAV,Telephone Field,recover-20220922,001,1795
807.4835,807.4939,28046,35782,Eptesicus serotinus,0.01,0.026,-1,Echolocation,/mnt/ubna_data_02_mir/recover-20220922/UBNA_001/20220921_090000.WAV,Telephone Field,recover-20220922,001,1795
807.4845,807.5152,68437,81016,Rhinolophus ferrumequinum,0.026,0.026,-1,Echolocation,/mnt/ubna_data_02_mir/recover-20220922/UBNA_001/20220921_090000.WAV,Telephone Field,recover-20220922,001,1795
807.4905,807.5021,24609,30375,Nyctalus leisleri,0.01,0.023,-1,Echolocation,/mnt/ubna_data_02_mir/recover-20220922/UBNA_001/20220921_090000.WAV,Telephone Field,recover-20220922,001,1795
807.5145,807.5214,27187,38103,Eptesicus serotinus,0.006,0.024,-1,Echolocation,/mnt/ubna_data_02_mir/recover-20220922/UBNA_001/20220921_090000.WAV,Telephone Field,recover-20220922,001,1795
807.5215,807.5619,68437,81763,Rhinolophus ferrumequinum,0.024,0.024,-1,Echolocation,/mnt/ubna_data_02_mir/recover-20220922/UBNA_001/20220921_090000.WAV,Telephone Field,recover-20220922,001,1795
807.5325,807.5734,68437,82974,Rhinolophus ferrumequinum,0.04,0.04,-1,Echolocation,/mnt/ubna_data_02_mir/recover-20220922/UBNA_001/20220921_090000.WAV,Telephone Field,recover-20220922,001,1795
807.5795,807.6171,68437,81653,Rhinolophus ferrumequinum,0.023,0.023,-1,Echolocation,/mnt/ubna_data_02_mir/recover-20220922/UBNA_001/20220921_090000.WAV,Telephone Field,recover-20220922,001,1795
807.6175,807.6572,68437,82805,Rhinolophus ferrumequinum,0.026,0.026,-1,Echolocation,/mnt/ubna_data_02_mir/recover-20220922/UBNA_001/20220921_090000.WAV,Telephone Field,recover-20220922,001,1795
807.6295,807.6396,23750,31418,Nyctalus leisleri,0.008,0.027,-1,Echolocation,/mnt/ubna_data_02_mir/recover-20220922/UBNA_001/20220921_090000.WAV,Telephone Field,recover-20220922,001,1795
807.6785,807.7156,68437,82214,Rhinolophus ferrumequinum,0.024,0.024,-1,Echolocation,/mnt/ubna_data_02_mir/recover-20220922/UBNA_001/20220921_090000.WAV,Telephone Field,recover-20220922,001,1795
807.6855,807.7223,68437,82373,Rhinolophus ferrumequinum,0.024,0.024,-1,Echolocation,/mnt/ubna_data_02_mir/recover-20220922/UBNA_001/20220921_090000.WAV,Telephone Field,recover-20220922,001,1795
807.7015,807.7421,68437,81504,Rhinolophus ferrumequinum,0.031,0.031,-1,Echolocation,/mnt/ubna_data_02_mir/recover-20220922/UBNA_001/20220921_090000.WAV,Telephone Field,recover-20220922,001,1795
807.7295,807.7745,68437,83134,Rhinolophus ferrumequinum,0.081,0.081,-1,Echolocation,/mnt/ubna_data_02_mir/recover-20220922/UBNA_001/20220921_090000.WAV,Telephone Field,recover-20220922,001,1795
807.7475,807.7885,68437,82778,Rhinolophus ferrumequinum,0.028,0.029,-1,Echolocation,/mnt/ubna_data_02_mir/recover-20220922/UBNA_001/20220921_090000.WAV,Telephone Field,recover-20220922,001,1795
807.7505,807.7584,28046,39230,Eptesicus serotinus,0.009,0.025,-1,Echolocation,/mnt/ubna_data_02_mir/recover-20220922/UBNA_001/20220921_090000.WAV,Telephone Field,recover-20220922,001,1795
807.7535,807.7917,68437,82864,Rhinolophus ferrumequinum,0.028,0.028,-1,Echolocation,/mnt/ubna_data_02_mir/recover-20220922/UBNA_001/20220921_090000.WAV,Telephone Field,recover-20220922,001,1795
807.7725,807.7807,28046,41023,Eptesicus serotinus,0.007,0.023,-1,Echolocation,/mnt/ubna_data_02_mir/recover-20220922/UBNA_001/20220921_090000.WAV,Telephone Field,recover-20220922,001,1795
807.7915,807.8301,68437,82866,Rhinolophus ferrumequinum,0.025,0.025,-1,Echolocation,/mnt/ubna_data_02_mir/recover-20220922/UBNA_001/20220921_090000.WAV,Telephone Field,recover-20220922,001,1795
807.8135,807.8523,68437,82072,Rhinolophus ferrumequinum,0.022,0.023,-1,Echolocation,/mnt/ubna_data_02_mir/recover-20220922/UBNA_001/20220921_090000.WAV,Telephone Field,recover-20220922,001,1795
807.8525,807.8915,68437,82832,Rhinolophus ferrumequinum,0.03,0.03,-1,Echolocation,/mnt/ubna_data_02_mir/recover-20220922/UBNA_001/20220921_090000.WAV,Telephone Field,recover-20220922,001,1795
807.8865,807.9249,68437,82102,Rhinolophus ferrumequinum,0.022,0.022,-1,Echolocation,/mnt/ubna_data_02_mir/recover-20220922/UBNA_001/20220921_090000.WAV,Telephone Field,recover-20220922,001,1795
807.8865,807.9014999999999,22031,26215,Nyctalus leisleri,0.023,0.037,-1,Echolocation,/mnt/ubna_data_02_mir/recover-20220922/UBNA_001/20220921_090000.WAV,Telephone Field,recover-20220922,001,1795
807.9165,807.9255,28906,37720,Eptesicus serotinus,0.014,0.035,-1,Echolocation,/mnt/ubna_data_02_mir/recover-20220922/UBNA_001/20220921_090000.WAV,Telephone Field,recover-20220922,001,1795
807.9325,807.975,68437,83128,Rhinolophus ferrumequinum,0.03,0.03,-1,Echolocation,/mnt/ubna_data_02_mir/recover-20220922/UBNA_001/20220921_090000.WAV,Telephone Field,recover-20220922,001,1795
807.9445,807.9922,68437,83818,Rhinolophus ferrumequinum,0.061,0.061,-1,Echolocation,/mnt/ubna_data_02_mir/recover-20220922/UBNA_001/20220921_090000.WAV,Telephone Field,recover-20220922,001,1795
808.0015,808.0122,27187,33961,Nyctalus leisleri,0.021,0.055,-1,Echolocation,/mnt/ubna_data_02_mir/recover-20220922/UBNA_001/20220921_090000.WAV,Telephone Field,recover-20220922,001,1795
808.0015,808.0308,68437,80959,Rhinolophus ferrumequinum,0.029,0.029,-1,Echolocation,/mnt/ubna_data_02_mir/recover-20220922/UBNA_001/20220921_090000.WAV,Telephone Field,recover-20220922,001,1795
808.0085,808.0473,68437,81352,Rhinolophus ferrumequinum,0.027,0.027,-1,Echolocation,/mnt/ubna_data_02_mir/recover-20220922/UBNA_001/20220921_090000.WAV,Telephone Field,recover-20220922,001,1795
808.0315,808.0704,68437,81454,Rhinolophus ferrumequinum,0.023,0.023,-1,Echolocation,/mnt/ubna_data_02_mir/recover-20220922/UBNA_001/20220921_090000.WAV,Telephone Field,recover-20220922,001,1795
808.0465,808.0857,68437,82841,Rhinolophus ferrumequinum,0.023,0.023,-1,Echolocation,/mnt/ubna_data_02_mir/recover-20220922/UBNA_001/20220921_090000.WAV,Telephone Field,recover-20220922,001,1795
808.0725,808.1121,68437,82348,Rhinolophus ferrumequinum,0.028,0.028,-1,Echolocation,/mnt/ubna_data_02_mir/recover-20220922/UBNA_001/20220921_090000.WAV,Telephone Field,recover-20220922,001,1795
808.0865,808.1276,68437,82852,Rhinolophus ferrumequinum,0.024,0.024,-1,Echolocation,/mnt/ubna_data_02_mir/recover-20220922/UBNA_001/20220921_090000.WAV,Telephone Field,recover-20220922,001,1795
808.0915,808.1327,68437,82399,Rhinolophus ferrumequinum,0.023,0.023,-1,Echolocation,/mnt/ubna_data_02_mir/recover-20220922/UBNA_001/20220921_090000.WAV,Telephone Field,recover-20220922,001,1795
808.1035,808.1119,25468,34260,Eptesicus serotinus,0.008,0.022,-1,Echolocation,/mnt/ubna_data_02_mir/recover-20220922/UBNA_001/20220921_090000.WAV,Telephone Field,recover-20220922,001,1795
808.1055,808.1437,68437,82451,Rhinolophus ferrumequinum,0.023,0.023,-1,Echolocation,/mnt/ubna_data_02_mir/recover-20220922/UBNA_001/20220921_090000.WAV,Telephone Field,recover-20220922,001,1795
808.1645,808.2033,68437,82214,Rhinolophus ferrumequinum,0.028,0.028,-1,Echolocation,/mnt/ubna_data_02_mir/recover-20220922/UBNA_001/20220921_090000.WAV,Telephone Field,recover-20220922,001,1795
808.1875,808.2302,68437,82913,Rhinolophus ferrumequinum,0.028,0.028,-1,Echolocation,/mnt/ubna_data_02_mir/recover-20220922/UBNA_001/20220921_090000.WAV,Telephone Field,recover-20220922,001,1795
808.2135,808.2526,68437,82462,Rhinolophus ferrumequinum,0.023,0.023,-1,Echolocation,/mnt/ubna_data_02_mir/recover-20220922/UBNA_001/20220921_090000.WAV,Telephone Field,recover-20220922,001,1795
808.2315,808.2713,68437,82642,Rhinolophus ferrumequinum,0.024,0.024,-1,Echolocation,/mnt/ubna_data_02_mir/recover-20220922/UBNA_001/20220921_090000.WAV,Telephone Field,recover-20220922,001,1795
808.2515,808.2905,68437,81912,Rhinolophus ferrumequinum,0.024,0.024,-1,Echolocation,/mnt/ubna_data_02_mir/recover-20220922/UBNA_001/20220921_090000.WAV,Telephone Field,recover-20220922,001,1795
808.2685,808.3056,68437,82150,Rhinolophus ferrumequinum,0.022,0.022,-1,Echolocation,/mnt/ubna_data_02_mir/recover-20220922/UBNA_001/20220921_090000.WAV,Telephone Field,recover-20220922,001,1795
808.2725,808.2812,28046,37668,Eptesicus serotinus,0.009,0.023,-1,Echolocation,/mnt/ubna_data_02_mir/recover-20220922/UBNA_001/20220921_090000.WAV,Telephone Field,recover-20220922,001,1795
808.3025,808.3121,46953,52080,Pipistrellus pipistrellus,0.028,0.03,-1,Echolocation,/mnt/ubna_data_02_mir/recover-20220922/UBNA_001/20220921_090000.WAV,Telephone Field,recover-20220922,001,1795
808.3135,808.3479,68437,80660,Rhinolophus ferrumequinum,0.022,0.022,-1,Echolocation,/mnt/ubna_data_02_mir/recover-20220922/UBNA_001/20220921_090000.WAV,Telephone Field,recover-20220922,001,1795
808.3285,808.3379,25468,31613,Nyctalus leisleri,0.011,0.032,-1,Echolocation,/mnt/ubna_data_02_mir/recover-20220922/UBNA_001/20220921_090000.WAV,Telephone Field,recover-20220922,001,1795
808.3535,808.3929,68437,81911,Rhinolophus ferrumequinum,0.027,0.027,-1,Echolocation,/mnt/ubna_data_02_mir/recover-20220922/UBNA_001/20220921_090000.WAV,Telephone Field,recover-20220922,001,1795
808.3775,808.4125,68437,81282,Rhinolophus ferrumequinum,0.023,0.023,-1,Echolocation,/mnt/ubna_data_02_mir/recover-20220922/UBNA_001/20220921_090000.WAV,Telephone Field,recover-20220922,001,1795
808.4055,808.4416,68437,81416,Rhinolophus ferrumequinum,0.023,0.023,-1,Echolocation,/mnt/ubna_data_02_mir/recover-20220922/UBNA_001/20220921_090000.WAV,Telephone Field,recover-20220922,001,1795
808.4355,808.4425,28046,38057,Eptesicus serotinus,0.009,0.027,-1,Echolocation,/mnt/ubna_data_02_mir/recover-20220922/UBNA_001/20220921_090000.WAV,Telephone Field,recover-20220922,001,1795
808.4405,808.4786,68437,81367,Rhinolophus ferrumequinum,0.023,0.023,-1,Echolocation,/mnt/ubna_data_02_mir/recover-20220922/UBNA_001/20220921_090000.WAV,Telephone Field,recover-20220922,001,1795
808.4635,808.4997,68437,81626,Rhinolophus ferrumequinum,0.022,0.022,-1,Echolocation,/mnt/ubna_data_02_mir/recover-20220922/UBNA_001/20220921_090000.WAV,Telephone Field,recover-20220922,001,1795
808.5295,808.5398,24609,32425,Eptesicus serotinus,0.013,0.031,-1,Echolocation,/mnt/ubna_data_02_mir/recover-20220922/UBNA_001/20220921_090000.WAV,Telephone Field,recover-20220922,001,1795
808.5465,808.5863,68437,82200,Rhinolophus ferrumequinum,0.022,0.022,-1,Echolocation,/mnt/ubna_data_02_mir/recover-20220922/UBNA_001/20220921_090000.WAV,Telephone Field,recover-20220922,001,1795
808.5755,808.5844,24609,32435,Eptesicus serotinus,0.014,0.054,-1,Echolocation,/mnt/ubna_data_02_mir/recover-20220922/UBNA_001/20220921_090000.WAV,Telephone Field,recover-20220922,001,1795
808.5845,808.6218,68437,82603,Rhinolophus ferrumequinum,0.026,0.026,-1,Echolocation,/mnt/ubna_data_02_mir/recover-20220922/UBNA_001/20220921_090000.WAV,Telephone Field,recover-20220922,001,1795
808.6245,808.6631,68437,81935,Rhinolophus ferrumequinum,0.023,0.023,-1,Echolocation,/mnt/ubna_data_02_mir/recover-20220922/UBNA_001/20220921_090000.WAV,Telephone Field,recover-20220922,001,1795
808.6335,808.671,68437,82329,Rhinolophus ferrumequinum,0.022,0.022,-1,Echolocation,/mnt/ubna_data_02_mir/recover-20220922/UBNA_001/20220921_090000.WAV,Telephone Field,recover-20220922,001,1795
808.7075,808.7464,68437,82414,Rhinolophus ferrumequinum,0.024,0.024,-1,Echolocation,/mnt/ubna_data_02_mir/recover-20220922/UBNA_001/20220921_090000.WAV,Telephone Field,recover-20220922,001,1795
808.7385,808.7794,68437,82629,Rhinolophus ferrumequinum,0.031,0.031,-1,Echolocation,/mnt/ubna_data_02_mir/recover-20220922/UBNA_001/20220921_090000.WAV,Telephone Field,recover-20220922,001,1795
808.7605,808.7669,28046,42204,Eptesicus serotinus,0.006,0.023,-1,Echolocation,/mnt/ubna_data_02_mir/recover-20220922/UBNA_001/20220921_090000.WAV,Telephone Field,recover-20220922,001,1795
808.8105,808.8482,68437,82453,Rhinolophus ferrumequinum,0.023,0.023,-1,Echolocation,/mnt/ubna_data_02_mir/recover-20220922/UBNA_001/20220921_090000.WAV,Telephone Field,recover-20220922,001,1795
808.8255,808.8622,68437,82076,Rhinolophus ferrumequinum,0.021,0.021,-1,Echolocation,/mnt/ubna_data_02_mir/recover-20220922/UBNA_001/20220921_090000.WAV,Telephone Field,recover-20220922,001,1795
808.8405,808.8776,68437,81041,Rhinolophus ferrumequinum,0.023,0.023,-1,Echolocation,/mnt/ubna_data_02_mir/recover-20220922/UBNA_001/20220921_090000.WAV,Telephone Field,recover-20220922,001,1795
808.8415,808.8495,28046,39574,Eptesicus serotinus,0.007,0.023,-1,Echolocation,/mnt/ubna_data_02_mir/recover-20220922/UBNA_001/20220921_090000.WAV,Telephone Field,recover-20220922,001,1795
808.8715,808.9103,68437,81812,Rhinolophus ferrumequinum,0.023,0.023,-1,Echolocation,/mnt/ubna_data_02_mir/recover-20220922/UBNA_001/20220921_090000.WAV,Telephone Field,recover-20220922,001,1795
808.8905,808.9276,68437,82261,Rhinolophus ferrumequinum,0.022,0.022,-1,Echolocation,/mnt/ubna_data_02_mir/recover-20220922/UBNA_001/20220921_090000.WAV,Telephone Field,recover-20220922,001,1795
808.8995,808.9384,68437,81843,Rhinolophus ferrumequinum,0.022,0.022,-1,Echolocation,/mnt/ubna_data_02_mir/recover-20220922/UBNA_001/20220921_090000.WAV,Telephone Field,recover-20220922,001,1795
808.9215,808.9303,28046,37775,Eptesicus serotinus,0.01,0.027,-1,Echolocation,/mnt/ubna_data_02_mir/recover-20220922/UBNA_001/20220921_090000.WAV,Telephone Field,recover-20220922,001,1795
808.9295,808.9691,68437,82530,Rhinolophus ferrumequinum,0.025,0.025,-1,Echolocation,/mnt/ubna_data_02_mir/recover-20220922/UBNA_001/20220921_090000.WAV,Telephone Field,recover-20220922,001,1795
808.9715,809.0146,68437,82105,Rhinolophus ferrumequinum,0.023,0.023,-1,Echolocation,/mnt/ubna_data_02_mir/recover-20220922/UBNA_001/20220921_090000.WAV,Telephone Field,recover-20220922,001,1795
809.0165,809.0506,68437,80462,Rhinolophus ferrumequinum,0.023,0.023,-1,Echolocation,/mnt/ubna_data_02_mir/recover-20220922/UBNA_001/20220921_090000.WAV,Telephone Field,recover-20220922,001,1795
809.0375,809.0773,68437,81707,Rhinolophus ferrumequinum,0.025,0.025,-1,Echolocation,/mnt/ubna_data_02_mir/recover-20220922/UBNA_001/20220921_090000.WAV,Telephone Field,recover-20220922,001,1795
809.0445,809.0544,28906,36750,Eptesicus serotinus,0.016,0.032,-1,Echolocation,/mnt/ubna_data_02_mir/recover-20220922/UBNA_001/20220921_090000.WAV,Telephone Field,recover-20220922,001,1795
809.0695,809.0823,54687,58837,Pipistrellus pygmaeus,0.026,0.027,-1,Echolocation,/mnt/ubna_data_02_mir/recover-20220922/UBNA_001/20220921_090000.WAV,Telephone Field,recover-20220922,001,1795
809.0705,809.0821,23750,30160,Nyctalus leisleri,0.023,0.062,-1,Echolocation,/mnt/ubna_data_02_mir/recover-20220922/UBNA_001/20220921_090000.WAV,Telephone Field,recover-20220922,001,1795
809.1115,809.1181,51250,56211,Pipistrellus pipistrellus,0.022,0.025,-1,Echolocation,/mnt/ubna_data_02_mir/recover-20220922/UBNA_001/20220921_090000.WAV,Telephone Field,recover-20220922,001,1795
809.1135,809.1548,68437,82451,Rhinolophus ferrumequinum,0.024,0.024,-1,Echolocation,/mnt/ubna_data_02_mir/recover-20220922/UBNA_001/20220921_090000.WAV,Telephone Field,recover-20220922,001,1795
809.1215,809.1627,68437,82413,Rhinolophus ferrumequinum,0.023,0.023,-1,Echolocation,/mnt/ubna_data_02_mir/recover-20220922/UBNA_001/20220921_090000.WAV,Telephone Field,recover-20220922,001,1795
809.1535,809.1615,26328,35996,Eptesicus serotinus,0.008,0.025,-1,Echolocation,/mnt/ubna_data_02_mir/recover-20220922/UBNA_001/20220921_090000.WAV,Telephone Field,recover-20220922,001,1795
809.2105,809.2215,22890,28431,Nyctalus leisleri,0.01,0.022,-1,Echolocation,/mnt/ubna_data_02_mir/recover-20220922/UBNA_001/20220921_090000.WAV,Telephone Field,recover-20220922,001,1795
809.2115,809.2462,68437,80329,Rhinolophus ferrumequinum,0.022,0.022,-1,Echolocation,/mnt/ubna_data_02_mir/recover-20220922/UBNA_001/20220921_090000.WAV,Telephone Field,recover-20220922,001,1795
809.2165,809.2254,46093,52911,Pipistrellus pipistrellus,0.022,0.024,-1,Echolocation,/mnt/ubna_data_02_mir/recover-20220922/UBNA_001/20220921_090000.WAV,Telephone Field,recover-20220922,001,1795
809.2435,809.2511,28046,37742,Eptesicus serotinus,0.015,0.035,-1,Echolocation,/mnt/ubna_data_02_mir/recover-20220922/UBNA_001/20220921_090000.WAV,Telephone Field,recover-20220922,001,1795
809.2625,809.2712,21171,27583,Plecotus austriacus,0.009,0.022,-1,Echolocation,/mnt/ubna_data_02_mir/recover-20220922/UBNA_001/20220921_090000.WAV,Telephone Field,recover-20220922,001,1795
809.2755,809.3142,68437,82282,Rhinolophus ferrumequinum,0.022,0.022,-1,Echolocation,/mnt/ubna_data_02_mir/recover-20220922/UBNA_001/20220921_090000.WAV,Telephone Field,recover-20220922,001,1795
809.3165,809.3541,68437,81921,Rhinolophus ferrumequinum,0.022,0.022,-1,Echolocation,/mnt/ubna_data_02_mir/recover-20220922/UBNA_001/20220921_090000.WAV,Telephone Field,recover-20220922,001,1795
809.3295,809.3402,23750,30614,Nyctalus leisleri,0.015,0.046,-1,Echolocation,/mnt/ubna_data_02_mir/recover-20220922/UBNA_001/20220921_090000.WAV,Telephone Field,recover-20220922,001,1795
809.3315,809.373,68437,83370,Rhinolophus ferrumequinum,0.027,0.027,-1,Echolocation,/mnt/ubna_data_02_mir/recover-20220922/UBNA_001/20220921_090000.WAV,Telephone Field,recover-20220922,001,1795
809.3395,809.3786,68437,82693,Rhinolophus ferrumequinum,0.025,0.025,-1,Echolocation,/mnt/ubna_data_02_mir/recover-20220922/UBNA_001/20220921_090000.WAV,Telephone Field,recover-20220922,001,1795
809.3485000000001,809.3884,68437,82638,Rhinolophus ferrumequinum,0.027,0.027,-1,Echolocation,/mnt/ubna_data_02_mir/recover-20220922/UBNA_001/20220921_090000.WAV,Telephone Field,recover-20220922,001,1795
809.3975,809.4352,68437,82267,Rhinolophus ferrumequinum,0.024,0.024,-1,Echolocation,/mnt/ubna_data_02_mir/recover-20220922/UBNA_001/20220921_090000.WAV,Telephone Field,recover-20220922,001,1795
809.4525,809.4895,68437,81557,Rhinolophus ferrumequinum,0.023,0.024,-1,Echolocation,/mnt/ubna_data_02_mir/recover-20220922/UBNA_001/20220921_090000.WAV,Telephone Field,recover-20220922,001,1795
809.4715,809.4788,23750,32591,Plecotus austriacus,0.01,0.023,-1,Echolocation,/mnt/ubna_data_02_mir/recover-20220922/UBNA_001/20220921_090000.WAV,Telephone Field,recover-20220922,001,1795
809.4825,809.519,68437,82087,Rhinolophus ferrumequinum,0.022,0.022,-1,Echolocation,/mnt/ubna_data_02_mir/recover-20220922/UBNA_001/20220921_090000.WAV,Telephone Field,recover-20220922,001,1795
809.5005,809.5372,68437,81411,Rhinolophus ferrumequinum,0.024,0.024,-1,Echolocation,/mnt/ubna_data_02_mir/recover-20220922/UBNA_001/20220921_090000.WAV,Telephone Field,recover-20220922,001,1795
809.5105,809.5196,28046,36466,Eptesicus serotinus,0.007,0.022,-1,Echolocation,/mnt/ubna_data_02_mir/recover-20220922/UBNA_001/20220921_090000.WAV,Telephone Field,recover-20220922,001,1795
809.5115,809.5525,68437,82650,Rhinolophus ferrumequinum,0.031,0.031,-1,Echolocation,/mnt/ubna_data_02_mir/recover-20220922/UBNA_001/20220921_090000.WAV,Telephone Field,recover-20220922,001,1795
809.5355,809.5739,68437,82312,Rhinolophus ferrumequinum,0.023,0.023,-1,Echolocation,/mnt/ubna_data_02_mir/recover-20220922/UBNA_001/20220921_090000.WAV,Telephone Field,recover-20220922,001,1795
809.5405,809.549,29765,39830,Eptesicus serotinus,0.007,0.024,-1,Echolocation,/mnt/ubna_data_02_mir/recover-20220922/UBNA_001/20220921_090000.WAV,Telephone Field,recover-20220922,001,1795
809.6085,809.6468,68437,82144,Rhinolophus ferrumequinum,0.022,0.022,-1,Echolocation,/mnt/ubna_data_02_mir/recover-20220922/UBNA_001/20220921_090000.WAV,Telephone Field,recover-20220922,001,1795
809.6375,809.6757,68437,81892,Rhinolophus ferrumequinum,0.022,0.022,-1,Echolocation,/mnt/ubna_data_02_mir/recover-20220922/UBNA_001/20220921_090000.WAV,Telephone Field,recover-20220922,001,1795
809.6585,809.7,68437,82348,Rhinolophus ferrumequinum,0.024,0.025,-1,Echolocation,/mnt/ubna_data_02_mir/recover-20220922/UBNA_001/20220921_090000.WAV,Telephone Field,recover-20220922,001,1795
809.6955,809.7042,28046,39556,Eptesicus serotinus,0.009,0.024,-1,Echolocation,/mnt/ubna_data_02_mir/recover-20220922/UBNA_001/20220921_090000.WAV,Telephone Field,recover-20220922,001,1795
809.7275,809.7701,68437,82802,Rhinolophus ferrumequinum,0.031,0.031,-1,Echolocation,/mnt/ubna_data_02_mir/recover-20220922/UBNA_001/20220921_090000.WAV,Telephone Field,recover-20220922,001,1795
809.7555,809.7956,68437,82589,Rhinolophus ferrumequinum,0.022,0.022,-1,Echolocation,/mnt/ubna_data_02_mir/recover-20220922/UBNA_001/20220921_090000.WAV,Telephone Field,recover-20220922,001,1795
809.7705,809.7778,28046,42201,Eptesicus serotinus,0.009,0.029,-1,Echolocation,/mnt/ubna_data_02_mir/recover-20220922/UBNA_001/20220921_090000.WAV,Telephone Field,recover-20220922,001,1795
809.7895,809.8277,68437,81726,Rhinolophus ferrumequinum,0.023,0.023,-1,Echolocation,/mnt/ubna_data_02_mir/recover-20220922/UBNA_001/20220921_090000.WAV,Telephone Field,recover-20220922,001,1795
809.7975,809.8379,68437,82310,Rhinolophus ferrumequinum,0.022,0.022,-1,Echolocation,/mnt/ubna_data_02_mir/recover-20220922/UBNA_001/20220921_090000.WAV,Telephone Field,recover-20220922,001,1795
809.8115,809.8191,26328,35589,Eptesicus serotinus,0.011,0.037,-1,Echolocation,/mnt/ubna_data_02_mir/recover-20220922/UBNA_001/20220921_090000.WAV,Telephone Field,recover-20220922,001,1795
809.8505,809.8574,27187,38007,Eptesicus serotinus,0.009,0.031,-1,Echolocation,/mnt/ubna_data_02_mir/recover-20220922/UBNA_001/20220921_090000.WAV,Telephone Field,recover-20220922,001,1795
809.8725,809.9122,68437,82342,Rhinolophus ferrumequinum,0.022,0.022,-1,Echolocation,/mnt/ubna_data_02_mir/recover-20220922/UBNA_001/20220921_090000.WAV,Telephone Field,recover-20220922,001,1795
809.8785,809.9174,68437,82268,Rhinolophus ferrumequinum,0.022,0.022,-1,Echolocation,/mnt/ubna_data_02_mir/recover-20220922/UBNA_001/20220921_090000.WAV,Telephone Field,recover-20220922,001,1795
809.9075,809.9154,28046,40043,Eptesicus serotinus,0.007,0.022,-1,Echolocation,/mnt/ubna_data_02_mir/recover-20220922/UBNA_001/20220921_090000.WAV,Telephone Field,recover-20220922,001,1795
809.9105,809.9508,68437,82294,Rhinolophus ferrumequinum,0.023,0.023,-1,Echolocation,/mnt/ubna_data_02_mir/recover-20220922/UBNA_001/20220921_090000.WAV,Telephone Field,recover-20220922,001,1795
809.9325,809.939,51250,56326,Pipistrellus pipistrellus,0.023,0.025,-1,Echolocation,/mnt/ubna_data_02_mir/recover-20220922/UBNA_001/20220921_090000.WAV,Telephone Field,recover-20220922,001,1795
809.9475,809.9846,68437,81572,Rhinolophus ferrumequinum,0.021,0.021,-1,Echolocation,/mnt/ubna_data_02_mir/recover-20220922/UBNA_001/20220921_090000.WAV,Telephone Field,recover-20220922,001,1795
809.9825,809.9876,38359,55718,Myotis daubentonii,0.011,0.034,-1,Echolocation,/mnt/ubna_data_02_mir/recover-20220922/UBNA_001/20220921_090000.WAV,Telephone Field,recover-20220922,001,1795
810.0015,810.0098,26328,36160,Nyctalus leisleri,0.007,0.029,-1,Echolocation,/mnt/ubna_data_02_mir/recover-20220922/UBNA_001/20220921_090000.WAV,Telephone Field,recover-20220922,001,1795
810.0015,810.0318,69296,80847,Rhinolophus ferrumequinum,0.034,0.034,-1,Echolocation,/mnt/ubna_data_02_mir/recover-20220922/UBNA_001/20220921_090000.WAV,Telephone Field,recover-20220922,001,1795
810.0015,810.0107,48671,55622,Pipistrellus pipistrellus,0.019,0.026,-1,Echolocation,/mnt/ubna_data_02_mir/recover-20220922/UBNA_001/20220921_090000.WAV,Telephone Field,recover-20220922,001,1795
810.0295,810.0697,68437,81807,Rhinolophus ferrumequinum,0.026,0.026,-1,Echolocation,/mnt/ubna_data_02_mir/recover-20220922/UBNA_001/20220921_090000.WAV,Telephone Field,recover-20220922,001,1795
810.0405,810.0797,68437,82160,Rhinolophus ferrumequinum,0.023,0.023,-1,Echolocation,/mnt/ubna_data_02_mir/recover-20220922/UBNA_001/20220921_090000.WAV,Telephone Field,recover-20220922,001,1795
810.0585,810.1008,68437,82929,Rhinolophus ferrumequinum,0.029,0.029,-1,Echolocation,/mnt/ubna_data_02_mir/recover-20220922/UBNA_001/20220921_090000.WAV,Telephone Field,recover-20220922,001,1795
810.0665,810.0766,28906,35445,Eptesicus serotinus,0.012,0.027,-1,Echolocation,/mnt/ubna_data_02_mir/recover-20220922/UBNA_001/20220921_090000.WAV,Telephone Field,recover-20220922,001,1795
810.1005,810.1096,28046,36644,Eptesicus serotinus,0.008,0.023,-1,Echolocation,/mnt/ubna_data_02_mir/recover-20220922/UBNA_001/20220921_090000.WAV,Telephone Field,recover-20220922,001,1795
810.1325,810.1488,22890,27208,Nyctalus leisleri,0.033,0.053,-1,Echolocation,/mnt/ubna_data_02_mir/recover-20220922/UBNA_001/20220921_090000.WAV,Telephone Field,recover-20220922,001,1795
810.1345,810.1772,68437,82804,Rhinolophus ferrumequinum,0.03,0.03,-1,Echolocation,/mnt/ubna_data_02_mir/recover-20220922/UBNA_001/20220921_090000.WAV,Telephone Field,recover-20220922,001,1795
810.1625,810.1701,28046,40251,Eptesicus serotinus,0.007,0.022,-1,Echolocation,/mnt/ubna_data_02_mir/recover-20220922/UBNA_001/20220921_090000.WAV,Telephone Field,recover-20220922,001,1795
810.1825,810.222,68437,82113,Rhinolophus ferrumequinum,0.036,0.036,-1,Echolocation,/mnt/ubna_data_02_mir/recover-20220922/UBNA_001/20220921_090000.WAV,Telephone Field,recover-20220922,001,1795
810.1935,810.2054,22890,27750,Nyctalus leisleri,0.011,0.021,-1,Echolocation,/mnt/ubna_data_02_mir/recover-20220922/UBNA_001/20220921_090000.WAV,Telephone Field,recover-20220922,001,1795
810.2075,810.246,68437,81955,Rhinolophus ferrumequinum,0.024,0.024,-1,Echolocation,/mnt/ubna_data_02_mir/recover-20220922/UBNA_001/20220921_090000.WAV,Telephone Field,recover-20220922,001,1795
810.2075,810.2195,46093,49700,Pipistrellus pipistrellus,0.025,0.028,-1,Echolocation,/mnt/ubna_data_02_mir/recover-20220922/UBNA_001/20220921_090000.WAV,Telephone Field,recover-20220922,001,1795
810.2485,810.2829,68437,81671,Rhinolophus ferrumequinum,0.023,0.023,-1,Echolocation,/mnt/ubna_data_02_mir/recover-20220922/UBNA_001/20220921_090000.WAV,Telephone Field,recover-20220922,001,1795
810.2605,810.3003,68437,82441,Rhinolophus ferrumequinum,0.025,0.025,-1,Echolocation,/mnt/ubna_data_02_mir/recover-20220922/UBNA_001/20220921_090000.WAV,Telephone Field,recover-20220922,001,1795
810.3015,810.3418,68437,82495,Rhinolophus ferrumequinum,0.022,0.022,-1,Echolocation,/mnt/ubna_data_02_mir/recover-20220922/UBNA_001/20220921_090000.WAV,Telephone Field,recover-20220922,001,1795
810.3255,810.3644,68437,82101,Rhinolophus ferrumequinum,0.022,0.022,-1,Echolocation,/mnt/ubna_data_02_mir/recover-20220922/UBNA_001/20220921_090000.WAV,Telephone Field,recover-20220922,001,1795
810.3635,810.4055,68437,82450,Rhinolophus ferrumequinum,0.028,0.028,-1,Echolocation,/mnt/ubna_data_02_mir/recover-20220922/UBNA_001/20220921_090000.WAV,Telephone Field,recover-20220922,001,1795
810.3645,810.3758,28906,36235,Eptesicus serotinus,0.014,0.029,-1,Echolocation,/mnt/ubna_data_02_mir/recover-20220922/UBNA_001/20220921_090000.WAV,Telephone Field,recover-20220922,001,1795
810.3725,810.4098,68437,82302,Rhinolophus ferrumequinum,0.022,0.023,-1,Echolocation,/mnt/ubna_data_02_mir/recover-20220922/UBNA_001/20220921_090000.WAV,Telephone Field,recover-20220922,001,1795
810.4095,810.4177,44375,48078,Pipistrellus pipistrellus,0.035,0.036,-1,Echolocation,/mnt/ubna_data_02_mir/recover-20220922/UBNA_001/20220921_090000.WAV,Telephone Field,recover-20220922,001,1795
810.4105,810.4523,68437,82612,Rhinolophus ferrumequinum,0.028,0.028,-1,Echolocation,/mnt/ubna_data_02_mir/recover-20220922/UBNA_001/20220921_090000.WAV,Telephone Field,recover-20220922,001,1795
810.4185,810.4244,27187,44293,Eptesicus serotinus,0.008,0.038,-1,Echolocation,/mnt/ubna_data_02_mir/recover-20220922/UBNA_001/20220921_090000.WAV,Telephone Field,recover-20220922,001,1795
810.4415,810.4804,68437,82004,Rhinolophus ferrumequinum,0.022,0.022,-1,Echolocation,/mnt/ubna_data_02_mir/recover-20220922/UBNA_001/20220921_090000.WAV,Telephone Field,recover-20220922,001,1795
810.4445,810.4538,28046,37265,Eptesicus serotinus,0.008,0.022,-1,Echolocation,/mnt/ubna_data_02_mir/recover-20220922/UBNA_001/20220921_090000.WAV,Telephone Field,recover-20220922,001,1795
810.4705,810.4798,28046,37269,Eptesicus serotinus,0.01,0.023,-1,Echolocation,/mnt/ubna_data_02_mir/recover-20220922/UBNA_001/20220921_090000.WAV,Telephone Field,recover-20220922,001,1795
810.4735,810.5077,68437,80687,Rhinolophus ferrumequinum,0.031,0.031,-1,Echolocation,/mnt/ubna_data_02_mir/recover-20220922/UBNA_001/20220921_090000.WAV,Telephone Field,recover-20220922,001,1795
810.5125,810.5537,68437,82701,Rhinolophus ferrumequinum,0.029,0.029,-1,Echolocation,/mnt/ubna_data_02_mir/recover-20220922/UBNA_001/20220921_090000.WAV,Telephone Field,recover-20220922,001,1795
810.5225,810.5298,28046,47176,Eptesicus serotinus,0.006,0.022,-1,Echolocation,/mnt/ubna_data_02_mir/recover-20220922/UBNA_001/20220921_090000.WAV,Telephone Field,recover-20220922,001,1795
810.5435,810.5838,68437,81342,Rhinolophus ferrumequinum,0.023,0.023,-1,Echolocation,/mnt/ubna_data_02_mir/recover-20220922/UBNA_001/20220921_090000.WAV,Telephone Field,recover-20220922,001,1795
810.6045,810.6453,68437,82545,Rhinolophus ferrumequinum,0.028,0.028,-1,Echolocation,/mnt/ubna_data_02_mir/recover-20220922/UBNA_001/20220921_090000.WAV,Telephone Field,recover-20220922,001,1795
810.6285,810.6681,68437,82309,Rhinolophus ferrumequinum,0.023,0.023,-1,Echolocation,/mnt/ubna_data_02_mir/recover-20220922/UBNA_001/20220921_090000.WAV,Telephone Field,recover-20220922,001,1795
810.6485,810.6863,68437,82246,Rhinolophus ferrumequinum,0.022,0.022,-1,Echolocation,/mnt/ubna_data_02_mir/recover-20220922/UBNA_001/20220921_090000.WAV,Telephone Field,recover-20220922,001,1795
810.6555,810.6671,51250,58563,Pipistrellus pipistrellus,0.018,0.026,-1,Echolocation,/mnt/ubna_data_02_mir/recover-20220922/UBNA_001/20220921_090000.WAV,Telephone Field,recover-20220922,001,1795
810.6655,810.6726,23750,33198,Plecotus austriacus,0.013,0.03,-1,Echolocation,/mnt/ubna_data_02_mir/recover-20220922/UBNA_001/20220921_090000.WAV,Telephone Field,recover-20220922,001,1795
810.6835,810.7229,68437,82088,Rhinolophus ferrumequinum,0.022,0.022,-1,Echolocation,/mnt/ubna_data_02_mir/recover-20220922/UBNA_001/20220921_090000.WAV,Telephone Field,recover-20220922,001,1795
810.6955,810.7357,68437,82446,Rhinolophus ferrumequinum,0.025,0.025,-1,Echolocation,/mnt/ubna_data_02_mir/recover-20220922/UBNA_001/20220921_090000.WAV,Telephone Field,recover-20220922,001,1795
810.7055,810.7176,37500,42396,Pipistrellus nathusii,0.021,0.045,-1,Echolocation,/mnt/ubna_data_02_mir/recover-20220922/UBNA_001/20220921_090000.WAV,Telephone Field,recover-20220922,001,1795
810.7345,810.7744,68437,82487,Rhinolophus ferrumequinum,0.025,0.025,-1,Echolocation,/mnt/ubna_data_02_mir/recover-20220922/UBNA_001/20220921_090000.WAV,Telephone Field,recover-20220922,001,1795
810.7395,810.7475,28906,38703,Eptesicus serotinus,0.017,0.037,-1,Echolocation,/mnt/ubna_data_02_mir/recover-20220922/UBNA_001/20220921_090000.WAV,Telephone Field,recover-20220922,001,1795
810.7755,810.8151,68437,81986,Rhinolophus ferrumequinum,0.036,0.036,-1,Echolocation,/mnt/ubna_data_02_mir/recover-20220922/UBNA_001/20220921_090000.WAV,Telephone Field,recover-20220922,001,1795
810.7795,810.7927,28906,33720,Eptesicus serotinus,0.021,0.038,-1,Echolocation,/mnt/ubna_data_02_mir/recover-20220922/UBNA_001/20220921_090000.WAV,Telephone Field,recover-20220922,001,1795
810.7925,810.8006,46953,51847,Pipistrellus pipistrellus,0.046,0.048,-1,Echolocation,/mnt/ubna_data_02_mir/recover-20220922/UBNA_001/20220921_090000.WAV,Telephone Field,recover-20220922,001,1795
810.8125,810.8232,57265,61842,Pipistrellus pygmaeus,0.029,0.03,-1,Echolocation,/mnt/ubna_data_02_mir/recover-20220922/UBNA_001/20220921_090000.WAV,Telephone Field,recover-20220922,001,1795
810.8155,810.8229,27187,42919,Eptesicus serotinus,0.008,0.024,-1,Echolocation,/mnt/ubna_data_02_mir/recover-20220922/UBNA_001/20220921_090000.WAV,Telephone Field,recover-20220922,001,1795
810.8285,810.8658,68437,80699,Rhinolophus ferrumequinum,0.022,0.022,-1,Echolocation,/mnt/ubna_data_02_mir/recover-20220922/UBNA_001/20220921_090000.WAV,Telephone Field,recover-20220922,001,1795
810.8715,810.9099,68437,82239,Rhinolophus ferrumequinum,0.022,0.022,-1,Echolocation,/mnt/ubna_data_02_mir/recover-20220922/UBNA_001/20220921_090000.WAV,Telephone Field,recover-20220922,001,1795
810.8785,810.8857,22890,30387,Plecotus austriacus,0.01,0.024,-1,Echolocation,/mnt/ubna_data_02_mir/recover-20220922/UBNA_001/20220921_090000.WAV,Telephone Field,recover-20220922,001,1795
810.8975,810.9048,44375,49279,Pipistrellus pipistrellus,0.053,0.057,-1,Echolocation,/mnt/ubna_data_02_mir/recover-20220922/UBNA_001/20220921_090000.WAV,Telephone Field,recover-20220922,001,1795
810.9185,810.928,24609,31067,Nyctalus leisleri,0.008,0.023,-1,Echolocation,/mnt/ubna_data_02_mir/recover-20220922/UBNA_001/20220921_090000.WAV,Telephone Field,recover-20220922,001,1795
810.9315,810.9732,68437,82868,Rhinolophus ferrumequinum,0.023,0.023,-1,Echolocation,/mnt/ubna_data_02_mir/recover-20220922/UBNA_001/20220921_090000.WAV,Telephone Field,recover-20220922,001,1795
810.9885,810.9966,28906,37715,Eptesicus serotinus,0.008,0.023,-1,Echolocation,/mnt/ubna_data_02_mir/recover-20220922/UBNA_001/20220921_090000.WAV,Telephone Field,recover-20220922,001,1795
811.0085,811.017,23750,30688,Plecotus austriacus,0.007,0.022,-1,Echolocation,/mnt/ubna_data_02_mir/recover-20220922/UBNA_001/20220921_090000.WAV,Telephone Field,recover-20220922,001,1795
811.0395,811.0793,68437,82301,Rhinolophus ferrumequinum,0.023,0.023,-1,Echolocation,/mnt/ubna_data_02_mir/recover-20220922/UBNA_001/20220921_090000.WAV,Telephone Field,recover-20220922,001,1795
811.0505,811.0893,68437,82401,Rhinolophus ferrumequinum,0.022,0.022,-1,Echolocation,/mnt/ubna_data_02_mir/recover-20220922/UBNA_001/20220921_090000.WAV,Telephone Field,recover-20220922,001,1795
811.0675,811.1065,68437,81737,Rhinolophus ferrumequinum,0.023,0.023,-1,Echolocation,/mnt/ubna_data_02_mir/recover-20220922/UBNA_001/20220921_090000.WAV,Telephone Field,recover-20220922,001,1795
811.0855,811.1239,68437,82180,Rhinolophus ferrumequinum,0.022,0.022,-1,Echolocation,/mnt/ubna_data_02_mir/recover-20220922/UBNA_001/20220921_090000.WAV,Telephone Field,recover-20220922,001,1795
811.1035,811.1392,68437,81616,Rhinolophus ferrumequinum,0.024,0.024,-1,Echolocation,/mnt/ubna_data_02_mir/recover-20220922/UBNA_001/20220921_090000.WAV,Telephone Field,recover-20220922,001,1795
811.1255,811.1663,68437,81948,Rhinolophus ferrumequinum,0.03,0.03,-1,Echolocation,/mnt/ubna_data_02_mir/recover-20220922/UBNA_001/20220921_090000.WAV,Telephone Field,recover-20220922,001,1795
811.1455,811.1521,52109,59214,Pipistrellus pipistrellus,0.018,0.022,-1,Echolocation,/mnt/ubna_data_02_mir/recover-20220922/UBNA_001/20220921_090000.WAV,Telephone Field,recover-20220922,001,1795
811.1465,811.188,68437,82415,Rhinolophus ferrumequinum,0.022,0.022,-1,Echolocation,/mnt/ubna_data_02_mir/recover-20220922/UBNA_001/20220921_090000.WAV,Telephone Field,recover-20220922,001,1795
811.1495,811.1551,26328,39791,Plecotus auritus,0.007,0.027,-1,Echolocation,/mnt/ubna_data_02_mir/recover-20220922/UBNA_001/20220921_090000.WAV,Telephone Field,recover-20220922,001,1795
811.2065,811.2489,68437,82627,Rhinolophus ferrumequinum,0.037,0.037,-1,Echolocation,/mnt/ubna_data_02_mir/recover-20220922/UBNA_001/20220921_090000.WAV,Telephone Field,recover-20220922,001,1795
811.2135,811.2232,24609,31509,Eptesicus serotinus,0.008,0.023,-1,Echolocation,/mnt/ubna_data_02_mir/recover-20220922/UBNA_001/20220921_090000.WAV,Telephone Field,recover-20220922,001,1795
811.2465,811.2855,68437,81758,Rhinolophus ferrumequinum,0.022,0.022,-1,Echolocation,/mnt/ubna_data_02_mir/recover-20220922/UBNA_001/20220921_090000.WAV,Telephone Field,recover-20220922,001,1795
811.2675,811.2764,23750,30266,Plecotus austriacus,0.008,0.024,-1,Echolocation,/mnt/ubna_data_02_mir/recover-20220922/UBNA_001/20220921_090000.WAV,Telephone Field,recover-20220922,001,1795
811.3175,811.3579,68437,82867,Rhinolophus ferrumequinum,0.03,0.03,-1,Echolocation,/mnt/ubna_data_02_mir/recover-20220922/UBNA_001/20220921_090000.WAV,Telephone Field,recover-20220922,001,1795
811.3845,811.4249,68437,82672,Rhinolophus ferrumequinum,0.03,0.03,-1,Echolocation,/mnt/ubna_data_02_mir/recover-20220922/UBNA_001/20220921_090000.WAV,Telephone Field,recover-20220922,001,1795
811.4545,811.4953,68437,82791,Rhinolophus ferrumequinum,0.025,0.025,-1,Echolocation,/mnt/ubna_data_02_mir/recover-20220922/UBNA_001/20220921_090000.WAV,Telephone Field,recover-20220922,001,1795
811.4605,811.5036,68437,82968,Rhinolophus ferrumequinum,0.026,0.026,-1,Echolocation,/mnt/ubna_data_02_mir/recover-20220922/UBNA_001/20220921_090000.WAV,Telephone Field,recover-20220922,001,1795
811.4885,811.5259,68437,80871,Rhinolophus ferrumequinum,0.026,0.026,-1,Echolocation,/mnt/ubna_data_02_mir/recover-20220922/UBNA_001/20220921_090000.WAV,Telephone Field,recover-20220922,001,1795
811.4935,811.5046,23750,28885,Nyctalus leisleri,0.012,0.025,-1,Echolocation,/mnt/ubna_data_02_mir/recover-20220922/UBNA_001/20220921_090000.WAV,Telephone Field,recover-20220922,001,1795
811.5165,811.5518,68437,80888,Rhinolophus ferrumequinum,0.021,0.021,-1,Echolocation,/mnt/ubna_data_02_mir/recover-20220922/UBNA_001/20220921_090000.WAV,Telephone Field,recover-20220922,001,1795
811.5245,811.5352,28046,34610,Eptesicus serotinus,0.01,0.022,-1,Echolocation,/mnt/ubna_data_02_mir/recover-20220922/UBNA_001/20220921_090000.WAV,Telephone Field,recover-20220922,001,1795
811.5305,811.5691,68437,81930,Rhinolophus ferrumequinum,0.022,0.022,-1,Echolocation,/mnt/ubna_data_02_mir/recover-20220922/UBNA_001/20220921_090000.WAV,Telephone Field,recover-20220922,001,1795
811.5315,811.5419,27187,33387,Eptesicus serotinus,0.008,0.023,-1,Echolocation,/mnt/ubna_data_02_mir/recover-20220922/UBNA_001/20220921_090000.WAV,Telephone Field,recover-20220922,001,1795
811.5635,811.6027,68437,82422,Rhinolophus ferrumequinum,0.029,0.029,-1,Echolocation,/mnt/ubna_data_02_mir/recover-20220922/UBNA_001/20220921_090000.WAV,Telephone Field,recover-20220922,001,1795
811.5785,811.5845,39218,51709,Myotis daubentonii,0.01,0.024,-1,Echolocation,/mnt/ubna_data_02_mir/recover-20220922/UBNA_001/20220921_090000.WAV,Telephone Field,recover-20220922,001,1795
811.5985,811.6056,47812,53542,Pipistrellus pipistrellus,0.043,0.045,-1,Echolocation,/mnt/ubna_data_02_mir/recover-20220922/UBNA_001/20220921_090000.WAV,Telephone Field,recover-20220922,001,1795
811.6245,811.6324,28046,37427,Eptesicus serotinus,0.006,0.021,-1,Echolocation,/mnt/ubna_data_02_mir/recover-20220922/UBNA_001/20220921_090000.WAV,Telephone Field,recover-20220922,001,1795
811.7145,811.7528,68437,81716,Rhinolophus ferrumequinum,0.023,0.023,-1,Echolocation,/mnt/ubna_data_02_mir/recover-20220922/UBNA_001/20220921_090000.WAV,Telephone Field,recover-20220922,001,1795
811.7375,811.7754,68437,81687,Rhinolophus ferrumequinum,0.022,0.022,-1,Echolocation,/mnt/ubna_data_02_mir/recover-20220922/UBNA_001/20220921_090000.WAV,Telephone Field,recover-20220922,001,1795
811.7665,811.8041,68437,82031,Rhinolophus ferrumequinum,0.024,0.024,-1,Echolocation,/mnt/ubna_data_02_mir/recover-20220922/UBNA_001/20220921_090000.WAV,Telephone Field,recover-20220922,001,1795
811.7915,811.8276,68437,81010,Rhinolophus ferrumequinum,0.024,0.024,-1,Echolocation,/mnt/ubna_data_02_mir/recover-20220922/UBNA_001/20220921_090000.WAV,Telephone Field,recover-20220922,001,1795
811.8055,811.8133,24609,35120,Plecotus austriacus,0.009,0.028,-1,Echolocation,/mnt/ubna_data_02_mir/recover-20220922/UBNA_001/20220921_090000.WAV,Telephone Field,recover-20220922,001,1795
811.8085,811.8134,40078,52106,Myotis mystacinus,0.005,0.022,-1,Echolocation,/mnt/ubna_data_02_mir/recover-20220922/UBNA_001/20220921_090000.WAV,Telephone Field,recover-20220922,001,1795
811.8285,811.8675,68437,82059,Rhinolophus ferrumequinum,0.023,0.023,-1,Echolocation,/mnt/ubna_data_02_mir/recover-20220922/UBNA_001/20220921_090000.WAV,Telephone Field,recover-20220922,001,1795
811.8365,811.8437,28906,39645,Eptesicus serotinus,0.007,0.023,-1,Echolocation,/mnt/ubna_data_02_mir/recover-20220922/UBNA_001/20220921_090000.WAV,Telephone Field,recover-20220922,001,1795
811.8545,811.8629,28046,37611,Eptesicus serotinus,0.01,0.026,-1,Echolocation,/mnt/ubna_data_02_mir/recover-20220922/UBNA_001/20220921_090000.WAV,Telephone Field,recover-20220922,001,1795
811.8655,811.9058,68437,82798,Rhinolophus ferrumequinum,0.03,0.03,-1,Echolocation,/mnt/ubna_data_02_mir/recover-20220922/UBNA_001/20220921_090000.WAV,Telephone Field,recover-20220922,001,1795
811.8905,811.9309,68437,82467,Rhinolophus ferrumequinum,0.028,0.028,-1,Echolocation,/mnt/ubna_data_02_mir/recover-20220922/UBNA_001/20220921_090000.WAV,Telephone Field,recover-20220922,001,1795
811.9115,811.9464,68437,80952,Rhinolophus ferrumequinum,0.022,0.022,-1,Echolocation,/mnt/ubna_data_02_mir/recover-20220922/UBNA_001/20220921_090000.WAV,Telephone Field,recover-20220922,001,1795
811.9485,811.9589,23750,29351,Nyctalus leisleri,0.01,0.022,-1,Echolocation,/mnt/ubna_data_02_mir/recover-20220922/UBNA_001/20220921_090000.WAV,Telephone Field,recover-20220922,001,1795
811.9685,811.9773,28906,40525,Eptesicus serotinus,0.008,0.022,-1,Echolocation,/mnt/ubna_data_02_mir/recover-20220922/UBNA_001/20220921_090000.WAV,Telephone Field,recover-20220922,001,1795
811.9805,811.9879,28046,38842,Eptesicus serotinus,0.007,0.022,-1,Echolocation,/mnt/ubna_data_02_mir/recover-20220922/UBNA_001/20220921_090000.WAV,Telephone Field,recover-20220922,001,1795
812.0015,812.01,47812,52796,Pipistrellus pipistrellus,0.019,0.025,-1,Echolocation,/mnt/ubna_data_02_mir/recover-20220922/UBNA_001/20220921_090000.WAV,Telephone Field,recover-20220922,001,1795
812.0015,812.0111,27187,35648,Eptesicus serotinus,0.01,0.031,-1,Echolocation,/mnt/ubna_data_02_mir/recover-20220922/UBNA_001/20220921_090000.WAV,Telephone Field,recover-20220922,001,1795
812.0015,812.0144,20312,25117,Nyctalus leisleri,0.015,0.038,-1,Echolocation,/mnt/ubna_data_02_mir/recover-20220922/UBNA_001/20220921_090000.WAV,Telephone Field,recover-20220922,001,1795
812.0025,812.0449,68437,82389,Rhinolophus ferrumequinum,0.024,0.025,-1,Echolocation,/mnt/ubna_data_02_mir/recover-20220922/UBNA_001/20220921_090000.WAV,Telephone Field,recover-20220922,001,1795
812.0785,812.0893,23750,30279,Eptesicus serotinus,0.014,0.039,-1,Echolocation,/mnt/ubna_data_02_mir/recover-20220922/UBNA_001/20220921_090000.WAV,Telephone Field,recover-20220922,001,1795
812.0915,812.1302,68437,81991,Rhinolophus ferrumequinum,0.023,0.023,-1,Echolocation,/mnt/ubna_data_02_mir/recover-20220922/UBNA_001/20220921_090000.WAV,Telephone Field,recover-20220922,001,1795
812.1175,812.1552,68437,82168,Rhinolophus ferrumequinum,0.021,0.021,-1,Echolocation,/mnt/ubna_data_02_mir/recover-20220922/UBNA_001/20220921_090000.WAV,Telephone Field,recover-20220922,001,1795
812.1185,812.1309,44375,47003,Pipistrellus pipistrellus,0.033,0.037,-1,Echolocation,/mnt/ubna_data_02_mir/recover-20220922/UBNA_001/20220921_090000.WAV,Telephone Field,recover-20220922,001,1795
812.1405,812.1819,68437,82579,Rhinolophus ferrumequinum,0.025,0.025,-1,Echolocation,/mnt/ubna_data_02_mir/recover-20220922/UBNA_001/20220921_090000.WAV,Telephone Field,recover-20220922,001,1795
812.1575,812.2005,68437,83744,Rhinolophus ferrumequinum,0.028,0.028,-1,Echolocation,/mnt/ubna_data_02_mir/recover-20220922/UBNA_001/20220921_090000.WAV,Telephone Field,recover-20220922,001,1795
812.1645,812.2079,68437,83175,Rhinolophus ferrumequinum,0.026,0.026,-1,Echolocation,/mnt/ubna_data_02_mir/recover-20220922/UBNA_001/20220921_090000.WAV,Telephone Field,recover-20220922,001,1795
812.1645,812.1738,24609,32399,Nyctalus leisleri,0.007,0.021,-1,Echolocation,/mnt/ubna_data_02_mir/recover-20220922/UBNA_001/20220921_090000.WAV,Telephone Field,recover-20220922,001,1795
812.1865,812.2234,68437,81891,Rhinolophus ferrumequinum,0.023,0.023,-1,Echolocation,/mnt/ubna_data_02_mir/recover-20220922/UBNA_001/20220921_090000.WAV,Telephone Field,recover-20220922,001,1795
812.2235,812.2612,68437,81830,Rhinolophus ferrumequinum,0.023,0.023,-1,Echolocation,/mnt/ubna_data_02_mir/recover-20220922/UBNA_001/20220921_090000.WAV,Telephone Field,recover-20220922,001,1795
812.2255,812.233,27187,40854,Eptesicus serotinus,0.006,0.021,-1,Echolocation,/mnt/ubna_data_02_mir/recover-20220922/UBNA_001/20220921_090000.WAV,Telephone Field,recover-20220922,001,1795
812.2665,812.2773,23750,29631,Nyctalus leisleri,0.01,0.023,-1,Echolocation,/mnt/ubna_data_02_mir/recover-20220922/UBNA_001/20220921_090000.WAV,Telephone Field,recover-20220922,001,1795
812.2755,812.3109,68437,80712,Rhinolophus ferrumequinum,0.023,0.024,-1,Echolocation,/mnt/ubna_data_02_mir/recover-20220922/UBNA_001/20220921_090000.WAV,Telephone Field,recover-20220922,001,1795
812.3145,812.3236,28046,39258,Eptesicus serotinus,0.009,0.023,-1,Echolocation,/mnt/ubna_data_02_mir/recover-20220922/UBNA_001/20220921_090000.WAV,Telephone Field,recover-20220922,001,1795
812.3225,812.3316,28906,37097,Eptesicus serotinus,0.009,0.025,-1,Echolocation,/mnt/ubna_data_02_mir/recover-20220922/UBNA_001/20220921_090000.WAV,Telephone Field,recover-20220922,001,1795
812.3405,812.3779,68437,82166,Rhinolophus ferrumequinum,0.022,0.022,-1,Echolocation,/mnt/ubna_data_02_mir/recover-20220922/UBNA_001/20220921_090000.WAV,Telephone Field,recover-20220922,001,1795
812.3675,812.3787,22890,27802,Nyctalus leisleri,0.01,0.022,-1,Echolocation,/mnt/ubna_data_02_mir/recover-20220922/UBNA_001/20220921_090000.WAV,Telephone Field,recover-20220922,001,1795
812.3925,812.3997,24609,34090,Plecotus austriacus,0.008,0.024,-1,Echolocation,/mnt/ubna_data_02_mir/recover-20220922/UBNA_001/20220921_090000.WAV,Telephone Field,recover-20220922,001,1795
812.3935,812.4314,68437,82035,Rhinolophus ferrumequinum,0.022,0.022,-1,Echolocation,/mnt/ubna_data_02_mir/recover-20220922/UBNA_001/20220921_090000.WAV,Telephone Field,recover-20220922,001,1795
812.4155,812.4297,56406,61316,Pipistrellus pygmaeus,0.035,0.037,-1,Echolocation,/mnt/ubna_data_02_mir/recover-20220922/UBNA_001/20220921_090000.WAV,Telephone Field,recover-20220922,001,1795
812.4275,812.4362,25468,34119,Eptesicus serotinus,0.012,0.03,-1,Echolocation,/mnt/ubna_data_02_mir/recover-20220922/UBNA_001/20220921_090000.WAV,Telephone Field,recover-20220922,001,1795
812.4385,812.4772,68437,82880,Rhinolophus ferrumequinum,0.04,0.04,-1,Echolocation,/mnt/ubna_data_02_mir/recover-20220922/UBNA_001/20220921_090000.WAV,Telephone Field,recover-20220922,001,1795
812.4405,812.4491,28046,39658,Eptesicus serotinus,0.008,0.022,-1,Echolocation,/mnt/ubna_data_02_mir/recover-20220922/UBNA_001/20220921_090000.WAV,Telephone Field,recover-20220922,001,1795
812.4575,812.4925,68437,80865,Rhinolophus ferrumequinum,0.023,0.023,-1,Echolocation,/mnt/ubna_data_02_mir/recover-20220922/UBNA_001/20220921_090000.WAV,Telephone Field,recover-20220922,001,1795
812.4665,812.5017,68437,81018,Rhinolophus ferrumequinum,0.021,0.021,-1,Echolocation,/mnt/ubna_data_02_mir/recover-20220922/UBNA_001/20220921_090000.WAV,Telephone Field,recover-20220922,001,1795
812.4725,812.5055,68437,80603,Rhinolophus ferrumequinum,0.022,0.022,-1,Echolocation,/mnt/ubna_data_02_mir/recover-20220922/UBNA_001/20220921_090000.WAV,Telephone Field,recover-20220922,001,1795
812.5205,812.5626,68437,82959,Rhinolophus ferrumequinum,0.038,0.038,-1,Echolocation,/mnt/ubna_data_02_mir/recover-20220922/UBNA_001/20220921_090000.WAV,Telephone Field,recover-20220922,001,1795
812.5375,812.5454,27187,38553,Eptesicus serotinus,0.008,0.023,-1,Echolocation,/mnt/ubna_data_02_mir/recover-20220922/UBNA_001/20220921_090000.WAV,Telephone Field,recover-20220922,001,1795
812.5575,812.5952,68437,81485,Rhinolophus ferrumequinum,0.024,0.024,-1,Echolocation,/mnt/ubna_data_02_mir/recover-20220922/UBNA_001/20220921_090000.WAV,Telephone Field,recover-20220922,001,1795
812.5655,812.5751,28046,36584,Eptesicus serotinus,0.008,0.021,-1,Echolocation,/mnt/ubna_data_02_mir/recover-20220922/UBNA_001/20220921_090000.WAV,Telephone Field,recover-20220922,001,1795
812.5785,812.6153,68437,81556,Rhinolophus ferrumequinum,0.022,0.022,-1,Echolocation,/mnt/ubna_data_02_mir/recover-20220922/UBNA_001/20220921_090000.WAV,Telephone Field,recover-20220922,001,1795
812.5915,812.5984,26328,38529,Eptesicus serotinus,0.006,0.023,-1,Echolocation,/mnt/ubna_data_02_mir/recover-20220922/UBNA_001/20220921_090000.WAV,Telephone Field,recover-20220922,001,1795
812.6555,812.6972,68437,83236,Rhinolophus ferrumequinum,0.027,0.027,-1,Echolocation,/mnt/ubna_data_02_mir/recover-20220922/UBNA_001/20220921_090000.WAV,Telephone Field,recover-20220922,001,1795
812.6655,812.7044,68437,82494,Rhinolophus ferrumequinum,0.023,0.024,-1,Echolocation,/mnt/ubna_data_02_mir/recover-20220922/UBNA_001/20220921_090000.WAV,Telephone Field,recover-20220922,001,1795
812.7385,812.747,28046,36969,Eptesicus serotinus,0.008,0.021,-1,Echolocation,/mnt/ubna_data_02_mir/recover-20220922/UBNA_001/20220921_090000.WAV,Telephone Field,recover-20220922,001,1795
812.7465,812.7845,68437,81889,Rhinolophus ferrumequinum,0.022,0.022,-1,Echolocation,/mnt/ubna_data_02_mir/recover-20220922/UBNA_001/20220921_090000.WAV,Telephone Field,recover-20220922,001,1795
812.7815,812.8193,68437,82425,Rhinolophus ferrumequinum,0.023,0.023,-1,Echolocation,/mnt/ubna_data_02_mir/recover-20220922/UBNA_001/20220921_090000.WAV,Telephone Field,recover-20220922,001,1795
812.8115,812.8217,22890,28360,Nyctalus leisleri,0.01,0.022,-1,Echolocation,/mnt/ubna_data_02_mir/recover-20220922/UBNA_001/20220921_090000.WAV,Telephone Field,recover-20220922,001,1795
812.8345,812.8743,68437,82393,Rhinolophus ferrumequinum,0.024,0.024,-1,Echolocation,/mnt/ubna_data_02_mir/recover-20220922/UBNA_001/20220921_090000.WAV,Telephone Field,recover-20220922,001,1795
812.8835,812.8921,27187,40335,Eptesicus serotinus,0.008,0.021,-1,Echolocation,/mnt/ubna_data_02_mir/recover-20220922/UBNA_001/20220921_090000.WAV,Telephone Field,recover-20220922,001,1795
812.9155,812.9557,68437,82279,Rhinolophus ferrumequinum,0.024,0.024,-1,Echolocation,/mnt/ubna_data_02_mir/recover-20220922/UBNA_001/20220921_090000.WAV,Telephone Field,recover-20220922,001,1795
812.9315,812.9404,46093,50744,Pipistrellus pipistrellus,0.031,0.033,-1,Echolocation,/mnt/ubna_data_02_mir/recover-20220922/UBNA_001/20220921_090000.WAV,Telephone Field,recover-20220922,001,1795
812.9475,812.9574,28046,35870,Eptesicus serotinus,0.012,0.027,-1,Echolocation,/mnt/ubna_data_02_mir/recover-20220922/UBNA_001/20220921_090000.WAV,Telephone Field,recover-20220922,001,1795
812.9635,812.977,22890,27287,Nyctalus leisleri,0.014,0.026,-1,Echolocation,/mnt/ubna_data_02_mir/recover-20220922/UBNA_001/20220921_090000.WAV,Telephone Field,recover-20220922,001,1795
813.0085,813.0459,68437,81808,Rhinolophus ferrumequinum,0.021,0.021,-1,Echolocation,/mnt/ubna_data_02_mir/recover-20220922/UBNA_001/20220921_090000.WAV,Telephone Field,recover-20220922,001,1795
813.0125,813.0293,22031,25950,Nyctalus leisleri,0.015,0.026,-1,Echolocation,/mnt/ubna_data_02_mir/recover-20220922/UBNA_001/20220921_090000.WAV,Telephone Field,recover-20220922,001,1795
813.0215,813.0586,68437,82239,Rhinolophus ferrumequinum,0.021,0.021,-1,Echolocation,/mnt/ubna_data_02_mir/recover-20220922/UBNA_001/20220921_090000.WAV,Telephone Field,recover-20220922,001,1795
813.0275,813.0378,27187,35392,Eptesicus serotinus,0.01,0.024,-1,Echolocation,/mnt/ubna_data_02_mir/recover-20220922/UBNA_001/20220921_090000.WAV,Telephone Field,recover-20220922,001,1795
813.0315,813.0393,46953,54569,Pipistrellus pipistrellus,0.022,0.025,-1,Echolocation,/mnt/ubna_data_02_mir/recover-20220922/UBNA_001/20220921_090000.WAV,Telephone Field,recover-20220922,001,1795
813.0635,813.0998,68437,81446,Rhinolophus ferrumequinum,0.023,0.023,-1,Echolocation,/mnt/ubna_data_02_mir/recover-20220922/UBNA_001/20220921_090000.WAV,Telephone Field,recover-20220922,001,1795
813.0685,813.1051,68437,81189,Rhinolophus ferrumequinum,0.023,0.023,-1,Echolocation,/mnt/ubna_data_02_mir/recover-20220922/UBNA_001/20220921_090000.WAV,Telephone Field,recover-20220922,001,1795
813.0715,813.0793,28046,38315,Eptesicus serotinus,0.006,0.022,-1,Echolocation,/mnt/ubna_data_02_mir/recover-20220922/UBNA_001/20220921_090000.WAV,Telephone Field,recover-20220922,001,1795
813.1045,813.1462,68437,82885,Rhinolophus ferrumequinum,0.03,0.03,-1,Echolocation,/mnt/ubna_data_02_mir/recover-20220922/UBNA_001/20220921_090000.WAV,Telephone Field,recover-20220922,001,1795
813.1145,813.1253,26328,35399,Eptesicus serotinus,0.012,0.025,-1,Echolocation,/mnt/ubna_data_02_mir/recover-20220922/UBNA_001/20220921_090000.WAV,Telephone Field,recover-20220922,001,1795
813.1235,813.1342,24609,31213,Nyctalus leisleri,0.012,0.03,-1,Echolocation,/mnt/ubna_data_02_mir/recover-20220922/UBNA_001/20220921_090000.WAV,Telephone Field,recover-20220922,001,1795
813.1355,813.1787,68437,82988,Rhinolophus ferrumequinum,0.03,0.03,-1,Echolocation,/mnt/ubna_data_02_mir/recover-20220922/UBNA_001/20220921_090000.WAV,Telephone Field,recover-20220922,001,1795
813.1615,813.197,68437,80862,Rhinolophus ferrumequinum,0.023,0.023,-1,Echolocation,/mnt/ubna_data_02_mir/recover-20220922/UBNA_001/20220921_090000.WAV,Telephone Field,recover-20220922,001,1795
813.1765,813.217,68437,83030,Rhinolophus ferrumequinum,0.027,0.027,-1,Echolocation,/mnt/ubna_data_02_mir/recover-20220922/UBNA_001/20220921_090000.WAV,Telephone Field,recover-20220922,001,1795
813.1905,813.2017,28906,35459,Eptesicus serotinus,0.013,0.029,-1,Echolocation,/mnt/ubna_data_02_mir/recover-20220922/UBNA_001/20220921_090000.WAV,Telephone Field,recover-20220922,001,1795
813.2015,813.2454,68437,83317,Rhinolophus ferrumequinum,0.03,0.03,-1,Echolocation,/mnt/ubna_data_02_mir/recover-20220922/UBNA_001/20220921_090000.WAV,Telephone Field,recover-20220922,001,1795
813.2215,813.2331,28906,35129,Eptesicus serotinus,0.014,0.03,-1,Echolocation,/mnt/ubna_data_02_mir/recover-20220922/UBNA_001/20220921_090000.WAV,Telephone Field,recover-20220922,001,1795
813.2245,813.2307,14296,34137,Plecotus auritus,0.025,0.029,-1,Echolocation,/mnt/ubna_data_02_mir/recover-20220922/UBNA_001/20220921_090000.WAV,Telephone Field,recover-20220922,001,1795
813.2435,813.2846,68437,82992,Rhinolophus ferrumequinum,0.022,0.022,-1,Echolocation,/mnt/ubna_data_02_mir/recover-20220922/UBNA_001/20220921_090000.WAV,Telephone Field,recover-20220922,001,1795
813.2475,813.2554,26328,36953,Eptesicus serotinus,0.007,0.023,-1,Echolocation,/mnt/ubna_data_02_mir/recover-20220922/UBNA_001/20220921_090000.WAV,Telephone Field,recover-20220922,001,1795
813.2685,813.3064,68437,82270,Rhinolophus ferrumequinum,0.021,0.021,-1,Echolocation,/mnt/ubna_data_02_mir/recover-20220922/UBNA_001/20220921_090000.WAV,Telephone Field,recover-20220922,001,1795
813.2865,813.3258,68437,81637,Rhinolophus ferrumequinum,0.021,0.021,-1,Echolocation,/mnt/ubna_data_02_mir/recover-20220922/UBNA_001/20220921_090000.WAV,Telephone Field,recover-20220922,001,1795
813.3395,813.3747,68437,80810,Rhinolophus ferrumequinum,0.024,0.024,-1,Echolocation,/mnt/ubna_data_02_mir/recover-20220922/UBNA_001/20220921_090000.WAV,Telephone Field,recover-20220922,001,1795
813.3585,813.3942,68437,82058,Rhinolophus ferrumequinum,0.023,0.023,-1,Echolocation,/mnt/ubna_data_02_mir/recover-20220922/UBNA_001/20220921_090000.WAV,Telephone Field,recover-20220922,001,1795
813.3725,813.4108,68437,82636,Rhinolophus ferrumequinum,0.022,0.022,-1,Echolocation,/mnt/ubna_data_02_mir/recover-20220922/UBNA_001/20220921_090000.WAV,Telephone Field,recover-20220922,001,1795
813.4155,813.4528,68437,81878,Rhinolophus ferrumequinum,0.022,0.022,-1,Echolocation,/mnt/ubna_data_02_mir/recover-20220922/UBNA_001/20220921_090000.WAV,Telephone Field,recover-20220922,001,1795
813.4165,813.4274,23750,29599,Nyctalus leisleri,0.01,0.023,-1,Echolocation,/mnt/ubna_data_02_mir/recover-20220922/UBNA_001/20220921_090000.WAV,Telephone Field,recover-20220922,001,1795
813.4205,813.4298,28046,35866,Eptesicus serotinus,0.009,0.022,-1,Echolocation,/mnt/ubna_data_02_mir/recover-20220922/UBNA_001/20220921_090000.WAV,Telephone Field,recover-20220922,001,1795
813.4265,813.4651,68437,82301,Rhinolophus ferrumequinum,0.022,0.022,-1,Echolocation,/mnt/ubna_data_02_mir/recover-20220922/UBNA_001/20220921_090000.WAV,Telephone Field,recover-20220922,001,1795
813.4775,813.5165,68437,82737,Rhinolophus ferrumequinum,0.028,0.028,-1,Echolocation,/mnt/ubna_data_02_mir/recover-20220922/UBNA_001/20220921_090000.WAV,Telephone Field,recover-20220922,001,1795
813.5475,813.5863,68437,82339,Rhinolophus ferrumequinum,0.023,0.023,-1,Echolocation,/mnt/ubna_data_02_mir/recover-20220922/UBNA_001/20220921_090000.WAV,Telephone Field,recover-20220922,001,1795
813.5815,813.6219,68437,83060,Rhinolophus ferrumequinum,0.026,0.026,-1,Echolocation,/mnt/ubna_data_02_mir/recover-20220922/UBNA_001/20220921_090000.WAV,Telephone Field,recover-20220922,001,1795
813.5925,813.6249,68437,82047,Rhinolophus ferrumequinum,0.022,0.022,-1,Echolocation,/mnt/ubna_data_02_mir/recover-20220922/UBNA_001/20220921_090000.WAV,Telephone Field,recover-20220922,001,1795
813.6125,813.6247,22890,27679,Nyctalus leisleri,0.015,0.027,-1,Echolocation,/mnt/ubna_data_02_mir/recover-20220922/UBNA_001/20220921_090000.WAV,Telephone Field,recover-20220922,001,1795
813.6175,813.6544,68437,81598,Rhinolophus ferrumequinum,0.024,0.024,-1,Echolocation,/mnt/ubna_data_02_mir/recover-20220922/UBNA_001/20220921_090000.WAV,Telephone Field,recover-20220922,001,1795
813.6285,813.6669,68437,81419,Rhinolophus ferrumequinum,0.023,0.023,-1,Echolocation,/mnt/ubna_data_02_mir/recover-20220922/UBNA_001/20220921_090000.WAV,Telephone Field,recover-20220922,001,1795
813.6395,813.6791,68437,82635,Rhinolophus ferrumequinum,0.028,0.028,-1,Echolocation,/mnt/ubna_data_02_mir/recover-20220922/UBNA_001/20220921_090000.WAV,Telephone Field,recover-20220922,001,1795
813.6505,813.659,27187,37974,Eptesicus serotinus,0.009,0.028,-1,Echolocation,/mnt/ubna_data_02_mir/recover-20220922/UBNA_001/20220921_090000.WAV,Telephone Field,recover-20220922,001,1795
813.6735,813.7167,68437,83084,Rhinolophus ferrumequinum,0.038,0.038,-1,Echolocation,/mnt/ubna_data_02_mir/recover-20220922/UBNA_001/20220921_090000.WAV,Telephone Field,recover-20220922,001,1795
813.7435,813.7555,23750,28660,Nyctalus leisleri,0.013,0.026,-1,Echolocation,/mnt/ubna_data_02_mir/recover-20220922/UBNA_001/20220921_090000.WAV,Telephone Field,recover-20220922,001,1795
813.7545,813.7655,26328,32832,Eptesicus serotinus,0.013,0.028,-1,Echolocation,/mnt/ubna_data_02_mir/recover-20220922/UBNA_001/20220921_090000.WAV,Telephone Field,recover-20220922,001,1795
813.7645,813.8021,68437,82223,Rhinolophus ferrumequinum,0.024,0.024,-1,Echolocation,/mnt/ubna_data_02_mir/recover-20220922/UBNA_001/20220921_090000.WAV,Telephone Field,recover-20220922,001,1795
813.8105,813.8224,22031,25904,Nyctalus leisleri,0.013,0.022,-1,Echolocation,/mnt/ubna_data_02_mir/recover-20220922/UBNA_001/20220921_090000.WAV,Telephone Field,recover-20220922,001,1795
813.8295,813.8685,68437,81668,Rhinolophus ferrumequinum,0.021,0.021,-1,Echolocation,/mnt/ubna_data_02_mir/recover-20220922/UBNA_001/20220921_090000.WAV,Telephone Field,recover-20220922,001,1795
813.8335,813.8447,24609,32020,Eptesicus serotinus,0.015,0.044,-1,Echolocation,/mnt/ubna_data_02_mir/recover-20220922/UBNA_001/20220921_090000.WAV,Telephone Field,recover-20220922,001,1795
813.8455,813.8829,68437,81930,Rhinolophus ferrumequinum,0.022,0.022,-1,Echolocation,/mnt/ubna_data_02_mir/recover-20220922/UBNA_001/20220921_090000.WAV,Telephone Field,recover-20220922,001,1795
813.8455,813.8556,22890,29262,Nyctalus leisleri,0.009,0.025,-1,Echolocation,/mnt/ubna_data_02_mir/recover-20220922/UBNA_001/20220921_090000.WAV,Telephone Field,recover-20220922,001,1795
813.8735,813.9149,68437,83000,Rhinolophus ferrumequinum,0.025,0.025,-1,Echolocation,/mnt/ubna_data_02_mir/recover-20220922/UBNA_001/20220921_090000.WAV,Telephone Field,recover-20220922,001,1795
813.8845,813.8974,23750,29636,Nyctalus leisleri,0.013,0.029,-1,Echolocation,/mnt/ubna_data_02_mir/recover-20220922/UBNA_001/20220921_090000.WAV,Telephone Field,recover-20220922,001,1795
813.9025,813.9134,54687,59998,Pipistrellus pygmaeus,0.018,0.023,-1,Echolocation,/mnt/ubna_data_02_mir/recover-20220922/UBNA_001/20220921_090000.WAV,Telephone Field,recover-20220922,001,1795
813.9045,813.944,68437,82093,Rhinolophus ferrumequinum,0.023,0.023,-1,Echolocation,/mnt/ubna_data_02_mir/recover-20220922/UBNA_001/20220921_090000.WAV,Telephone Field,recover-20220922,001,1795
813.9185,813.9569,68437,81776,Rhinolophus ferrumequinum,0.021,0.021,-1,Echolocation,/mnt/ubna_data_02_mir/recover-20220922/UBNA_001/20220921_090000.WAV,Telephone Field,recover-20220922,001,1795
814.0015,814.011,25468,32086,Nyctalus leisleri,0.012,0.031,-1,Echolocation,/mnt/ubna_data_02_mir/recover-20220922/UBNA_001/20220921_090000.WAV,Telephone Field,recover-20220922,001,1795
814.0015,814.0361,69296,81003,Rhinolophus ferrumequinum,0.045,0.045,-1,Echolocation,/mnt/ubna_data_02_mir/recover-20220922/UBNA_001/20220921_090000.WAV,Telephone Field,recover-20220922,001,1795
814.0015,814.0128,48671,54894,Pipistrellus pipistrellus,0.014,0.021,-1,Echolocation,/mnt/ubna_data_02_mir/recover-20220922/UBNA_001/20220921_090000.WAV,Telephone Field,recover-20220922,001,1795
814.0295,814.0661,68437,81223,Rhinolophus ferrumequinum,0.021,0.021,-1,Echolocation,/mnt/ubna_data_02_mir/recover-20220922/UBNA_001/20220921_090000.WAV,Telephone Field,recover-20220922,001,1795
814.0405,814.0487,27187,36268,Eptesicus serotinus,0.007,0.021,-1,Echolocation,/mnt/ubna_data_02_mir/recover-20220922/UBNA_001/20220921_090000.WAV,Telephone Field,recover-20220922,001,1795
814.0685,814.1085,68437,82381,Rhinolophus ferrumequinum,0.022,0.022,-1,Echolocation,/mnt/ubna_data_02_mir/recover-20220922/UBNA_001/20220921_090000.WAV,Telephone Field,recover-20220922,001,1795
814.0775,814.0867,28046,36996,Eptesicus serotinus,0.008,0.022,-1,Echolocation,/mnt/ubna_data_02_mir/recover-20220922/UBNA_001/20220921_090000.WAV,Telephone Field,recover-20220922,001,1795
814.0915,814.1023,23750,30087,Nyctalus leisleri,0.009,0.024,-1,Echolocation,/mnt/ubna_data_02_mir/recover-20220922/UBNA_001/20220921_090000.WAV,Telephone Field,recover-20220922,001,1795
814.1055,814.1166,46953,50149,Pipistrellus pipistrellus,0.033,0.037,-1,Echolocation,/mnt/ubna_data_02_mir/recover-20220922/UBNA_001/20220921_090000.WAV,Telephone Field,recover-20220922,001,1795
814.1185,814.1563,68437,81520,Rhinolophus ferrumequinum,0.021,0.021,-1,Echolocation,/mnt/ubna_data_02_mir/recover-20220922/UBNA_001/20220921_090000.WAV,Telephone Field,recover-20220922,001,1795
814.1285,814.1674,68437,81898,Rhinolophus ferrumequinum,0.022,0.022,-1,Echolocation,/mnt/ubna_data_02_mir/recover-20220922/UBNA_001/20220921_090000.WAV,Telephone Field,recover-20220922,001,1795
814.1585,814.1952,68437,81416,Rhinolophus ferrumequinum,0.023,0.023,-1,Echolocation,/mnt/ubna_data_02_mir/recover-20220922/UBNA_001/20220921_090000.WAV,Telephone Field,recover-20220922,001,1795
814.1605,814.1707,29765,36786,Eptesicus serotinus,0.023,0.043,-1,Echolocation,/mnt/ubna_data_02_mir/recover-20220922/UBNA_001/20220921_090000.WAV,Telephone Field,recover-20220922,001,1795
814.2035,814.2452,68437,82192,Rhinolophus ferrumequinum,0.03,0.03,-1,Echolocation,/mnt/ubna_data_02_mir/recover-20220922/UBNA_001/20220921_090000.WAV,Telephone Field,recover-20220922,001,1795
814.2275,814.238,28046,36145,Eptesicus serotinus,0.01,0.022,-1,Echolocation,/mnt/ubna_data_02_mir/recover-20220922/UBNA_001/20220921_090000.WAV,Telephone Field,recover-20220922,001,1795
814.2315,814.2724,68437,82520,Rhinolophus ferrumequinum,0.021,0.021,-1,Echolocation,/mnt/ubna_data_02_mir/recover-20220922/UBNA_001/20220921_090000.WAV,Telephone Field,recover-20220922,001,1795
814.2345,814.2449,28046,35679,Eptesicus serotinus,0.009,0.021,-1,Echolocation,/mnt/ubna_data_02_mir/recover-20220922/UBNA_001/20220921_090000.WAV,Telephone Field,recover-20220922,001,1795
814.2535,814.2609,26328,38266,Eptesicus serotinus,0.006,0.022,-1,Echolocation,/mnt/ubna_data_02_mir/recover-20220922/UBNA_001/20220921_090000.WAV,Telephone Field,recover-20220922,001,1795
814.2575,814.2946,68437,81201,Rhinolophus ferrumequinum,0.021,0.021,-1,Echolocation,/mnt/ubna_data_02_mir/recover-20220922/UBNA_001/20220921_090000.WAV,Telephone Field,recover-20220922,001,1795
814.2725,814.3114,68437,81955,Rhinolophus ferrumequinum,0.022,0.022,-1,Echolocation,/mnt/ubna_data_02_mir/recover-20220922/UBNA_001/20220921_090000.WAV,Telephone Field,recover-20220922,001,1795
814.3005,814.3382,68437,81870,Rhinolophus ferrumequinum,0.036,0.036,-1,Echolocation,/mnt/ubna_data_02_mir/recover-20220922/UBNA_001/20220921_090000.WAV,Telephone Field,recover-20220922,001,1795
814.3155,814.3234,27187,37990,Eptesicus serotinus,0.008,0.025,-1,Echolocation,/mnt/ubna_data_02_mir/recover-20220922/UBNA_001/20220921_090000.WAV,Telephone Field,recover-20220922,001,1795
814.3365,814.3792,68437,82955,Rhinolophus ferrumequinum,0.033,0.033,-1,Echolocation,/mnt/ubna_data_02_mir/recover-20220922/UBNA_001/20220921_090000.WAV,Telephone Field,recover-20220922,001,1795
814.3805,814.4173,68437,81777,Rhinolophus ferrumequinum,0.024,0.024,-1,Echolocation,/mnt/ubna_data_02_mir/recover-20220922/UBNA_001/20220921_090000.WAV,Telephone Field,recover-20220922,001,1795
814.4195,814.4576,68437,82304,Rhinolophus ferrumequinum,0.022,0.022,-1,Echolocation,/mnt/ubna_data_02_mir/recover-20220922/UBNA_001/20220921_090000.WAV,Telephone Field,recover-20220922,001,1795
814.4335,814.4413,27187,39942,Eptesicus serotinus,0.009,0.028,-1,Echolocation,/mnt/ubna_data_02_mir/recover-20220922/UBNA_001/20220921_090000.WAV,Telephone Field,recover-20220922,001,1795
814.4655,814.4756,28906,36636,Eptesicus serotinus,0.01,0.024,-1,Echolocation,/mnt/ubna_data_02_mir/recover-20220922/UBNA_001/20220921_090000.WAV,Telephone Field,recover-20220922,001,1795
814.5225,814.56,68437,82212,Rhinolophus ferrumequinum,0.035,0.035,-1,Echolocation,/mnt/ubna_data_02_mir/recover-20220922/UBNA_001/20220921_090000.WAV,Telephone Field,recover-20220922,001,1795
814.5655,814.573,27187,37105,Eptesicus serotinus,0.007,0.024,-1,Echolocation,/mnt/ubna_data_02_mir/recover-20220922/UBNA_001/20220921_090000.WAV,Telephone Field,recover-20220922,001,1795
814.5755,814.614,68437,81889,Rhinolophus ferrumequinum,0.022,0.022,-1,Echolocation,/mnt/ubna_data_02_mir/recover-20220922/UBNA_001/20220921_090000.WAV,Telephone Field,recover-20220922,001,1795
814.5815,814.6208,68437,81816,Rhinolophus ferrumequinum,0.024,0.024,-1,Echolocation,/mnt/ubna_data_02_mir/recover-20220922/UBNA_001/20220921_090000.WAV,Telephone Field,recover-20220922,001,1795
814.5925,814.6324,68437,82852,Rhinolophus ferrumequinum,0.025,0.025,-1,Echolocation,/mnt/ubna_data_02_mir/recover-20220922/UBNA_001/20220921_090000.WAV,Telephone Field,recover-20220922,001,1795
814.6055,814.6451,68437,82119,Rhinolophus ferrumequinum,0.022,0.023,-1,Echolocation,/mnt/ubna_data_02_mir/recover-20220922/UBNA_001/20220921_090000.WAV,Telephone Field,recover-20220922,001,1795
814.6105,814.6186,27187,38426,Eptesicus serotinus,0.007,0.022,-1,Echolocation,/mnt/ubna_data_02_mir/recover-20220922/UBNA_001/20220921_090000.WAV,Telephone Field,recover-20220922,001,1795
814.6445,814.6843,68437,81790,Rhinolophus ferrumequinum,0.022,0.022,-1,Echolocation,/mnt/ubna_data_02_mir/recover-20220922/UBNA_001/20220921_090000.WAV,Telephone Field,recover-20220922,001,1795
814.6655,814.6762,28906,36150,Eptesicus serotinus,0.011,0.024,-1,Echolocation,/mnt/ubna_data_02_mir/recover-20220922/UBNA_001/20220921_090000.WAV,Telephone Field,recover-20220922,001,1795
814.6665,814.6737,58125,63356,Pipistrellus pygmaeus,0.026,0.027,-1,Echolocation,/mnt/ubna_data_02_mir/recover-20220922/UBNA_001/20220921_090000.WAV,Telephone Field,recover-20220922,001,1795
814.6995,814.7414,68437,82929,Rhinolophus ferrumequinum,0.027,0.027,-1,Echolocation,/mnt/ubna_data_02_mir/recover-20220922/UBNA_001/20220921_090000.WAV,Telephone Field,recover-20220922,001,1795
814.7255,814.7658,68437,82505,Rhinolophus ferrumequinum,0.026,0.026,-1,Echolocation,/mnt/ubna_data_02_mir/recover-20220922/UBNA_001/20220921_090000.WAV,Telephone Field,recover-20220922,001,1795
814.7425,814.7504,28906,39260,Eptesicus serotinus,0.009,0.024,-1,Echolocation,/mnt/ubna_data_02_mir/recover-20220922/UBNA_001/20220921_090000.WAV,Telephone Field,recover-20220922,001,1795
814.7615,814.7684,27187,40182,Eptesicus serotinus,0.006,0.021,-1,Echolocation,/mnt/ubna_data_02_mir/recover-20220922/UBNA_001/20220921_090000.WAV,Telephone Field,recover-20220922,001,1795
814.7645,814.8028,68437,82617,Rhinolophus ferrumequinum,0.021,0.021,-1,Echolocation,/mnt/ubna_data_02_mir/recover-20220922/UBNA_001/20220921_090000.WAV,Telephone Field,recover-20220922,001,1795
814.7875,814.8001,44375,46838,Pipistrellus pipistrellus,0.034,0.038,-1,Echolocation,/mnt/ubna_data_02_mir/recover-20220922/UBNA_001/20220921_090000.WAV,Telephone Field,recover-20220922,001,1795
814.7905,814.7983,28046,38557,Eptesicus serotinus,0.007,0.021,-1,Echolocation,/mnt/ubna_data_02_mir/recover-20220922/UBNA_001/20220921_090000.WAV,Telephone Field,recover-20220922,001,1795
814.7995,814.8395,68437,82107,Rhinolophus ferrumequinum,0.021,0.021,-1,Echolocation,/mnt/ubna_data_02_mir/recover-20220922/UBNA_001/20220921_090000.WAV,Telephone Field,recover-20220922,001,1795
814.8825,814.924,68437,82991,Rhinolophus ferrumequinum,0.026,0.026,-1,Echolocation,/mnt/ubna_data_02_mir/recover-20220922/UBNA_001/20220921_090000.WAV,Telephone Field,recover-20220922,001,1795
814.9115,814.9221,22890,27820,Nyctalus leisleri,0.011,0.022,-1,Echolocation,/mnt/ubna_data_02_mir/recover-20220922/UBNA_001/20220921_090000.WAV,Telephone Field,recover-20220922,001,1795
814.9215,814.9606,68437,82254,Rhinolophus ferrumequinum,0.03,0.03,-1,Echolocation,/mnt/ubna_data_02_mir/recover-20220922/UBNA_001/20220921_090000.WAV,Telephone Field,recover-20220922,001,1795
814.9455,814.953,27187,37177,Eptesicus serotinus,0.008,0.024,-1,Echolocation,/mnt/ubna_data_02_mir/recover-20220922/UBNA_001/20220921_090000.WAV,Telephone Field,recover-20220922,001,1795
814.9575,814.9978,68437,82348,Rhinolophus ferrumequinum,0.022,0.022,-1,Echolocation,/mnt/ubna_data_02_mir/recover-20220922/UBNA_001/20220921_090000.WAV,Telephone Field,recover-20220922,001,1795
814.9885,815.0236,68437,81540,Rhinolophus ferrumequinum,0.021,0.021,-1,Echolocation,/mnt/ubna_data_02_mir/recover-20220922/UBNA_001/20220921_090000.WAV,Telephone Field,recover-20220922,001,1795
815.0155,815.0532,68437,82162,Rhinolophus ferrumequinum,0.022,0.022,-1,Echolocation,/mnt/ubna_data_02_mir/recover-20220922/UBNA_001/20220921_090000.WAV,Telephone Field,recover-20220922,001,1795
815.0175,815.0322,15156,21671,Nyctalus noctula,0.015,0.021,-1,Echolocation,/mnt/ubna_data_02_mir/recover-20220922/UBNA_001/20220921_090000.WAV,Telephone Field,recover-20220922,001,1795
815.0395,815.0768,68437,81580,Rhinolophus ferrumequinum,0.021,0.021,-1,Echolocation,/mnt/ubna_data_02_mir/recover-20220922/UBNA_001/20220921_090000.WAV,Telephone Field,recover-20220922,001,1795
815.0465,815.0848,68437,81914,Rhinolophus ferrumequinum,0.023,0.023,-1,Echolocation,/mnt/ubna_data_02_mir/recover-20220922/UBNA_001/20220921_090000.WAV,Telephone Field,recover-20220922,001,1795
815.0965,815.134,68437,82250,Rhinolophus ferrumequinum,0.021,0.021,-1,Echolocation,/mnt/ubna_data_02_mir/recover-20220922/UBNA_001/20220921_090000.WAV,Telephone Field,recover-20220922,001,1795
815.1065,815.1143,27187,36799,Eptesicus serotinus,0.008,0.024,-1,Echolocation,/mnt/ubna_data_02_mir/recover-20220922/UBNA_001/20220921_090000.WAV,Telephone Field,recover-20220922,001,1795
815.1075,815.1502,68437,83133,Rhinolophus ferrumequinum,0.024,0.024,-1,Echolocation,/mnt/ubna_data_02_mir/recover-20220922/UBNA_001/20220921_090000.WAV,Telephone Field,recover-20220922,001,1795
815.1185,815.1264,44375,52703,Pipistrellus pipistrellus,0.016,0.021,-1,Echolocation,/mnt/ubna_data_02_mir/recover-20220922/UBNA_001/20220921_090000.WAV,Telephone Field,recover-20220922,001,1795
815.1215,815.1606,68437,81876,Rhinolophus ferrumequinum,0.021,0.021,-1,Echolocation,/mnt/ubna_data_02_mir/recover-20220922/UBNA_001/20220921_090000.WAV,Telephone Field,recover-20220922,001,1795
815.1455,815.1557,22031,27695,Nyctalus leisleri,0.009,0.023,-1,Echolocation,/mnt/ubna_data_02_mir/recover-20220922/UBNA_001/20220921_090000.WAV,Telephone Field,recover-20220922,001,1795
815.1635,815.1781,22031,25248,Nyctalus leisleri,0.015,0.024,-1,Echolocation,/mnt/ubna_data_02_mir/recover-20220922/UBNA_001/20220921_090000.WAV,Telephone Field,recover-20220922,001,1795
815.1725,815.2121,68437,82118,Rhinolophus ferrumequinum,0.024,0.024,-1,Echolocation,/mnt/ubna_data_02_mir/recover-20220922/UBNA_001/20220921_090000.WAV,Telephone Field,recover-20220922,001,1795
815.1825,815.2251,68437,83196,Rhinolophus ferrumequinum,0.036,0.036,-1,Echolocation,/mnt/ubna_data_02_mir/recover-20220922/UBNA_001/20220921_090000.WAV,Telephone Field,recover-20220922,001,1795
815.1875,815.1966,22890,30052,Plecotus austriacus,0.011,0.03,-1,Echolocation,/mnt/ubna_data_02_mir/recover-20220922/UBNA_001/20220921_090000.WAV,Telephone Field,recover-20220922,001,1795
815.2615,815.3011,68437,82567,Rhinolophus ferrumequinum,0.03,0.03,-1,Echolocation,/mnt/ubna_data_02_mir/recover-20220922/UBNA_001/20220921_090000.WAV,Telephone Field,recover-20220922,001,1795
815.2735,815.2817,34921,41963,Myotis daubentonii,0.007,0.023,-1,Echolocation,/mnt/ubna_data_02_mir/recover-20220922/UBNA_001/20220921_090000.WAV,Telephone Field,recover-20220922,001,1795
815.2775,815.2853,28046,37656,Eptesicus serotinus,0.007,0.022,-1,Echolocation,/mnt/ubna_data_02_mir/recover-20220922/UBNA_001/20220921_090000.WAV,Telephone Field,recover-20220922,001,1795
815.3015,815.3096,27187,40297,Eptesicus serotinus,0.008,0.022,-1,Echolocation,/mnt/ubna_data_02_mir/recover-20220922/UBNA_001/20220921_090000.WAV,Telephone Field,recover-20220922,001,1795
815.3205,815.3593,68437,81687,Rhinolophus ferrumequinum,0.026,0.026,-1,Echolocation,/mnt/ubna_data_02_mir/recover-20220922/UBNA_001/20220921_090000.WAV,Telephone Field,recover-20220922,001,1795
815.3355,815.3768,68437,82435,Rhinolophus ferrumequinum,0.028,0.028,-1,Echolocation,/mnt/ubna_data_02_mir/recover-20220922/UBNA_001/20220921_090000.WAV,Telephone Field,recover-20220922,001,1795
815.3375,815.3483,23750,29622,Nyctalus leisleri,0.012,0.029,-1,Echolocation,/mnt/ubna_data_02_mir/recover-20220922/UBNA_001/20220921_090000.WAV,Telephone Field,recover-20220922,001,1795
815.3635,815.4005,68437,81845,Rhinolophus ferrumequinum,0.021,0.021,-1,Echolocation,/mnt/ubna_data_02_mir/recover-20220922/UBNA_001/20220921_090000.WAV,Telephone Field,recover-20220922,001,1795
815.3665,815.3758,44375,47754,Pipistrellus pipistrellus,0.03,0.032,-1,Echolocation,/mnt/ubna_data_02_mir/recover-20220922/UBNA_001/20220921_090000.WAV,Telephone Field,recover-20220922,001,1795
815.3825,815.392,28046,36676,Eptesicus serotinus,0.009,0.022,-1,Echolocation,/mnt/ubna_data_02_mir/recover-20220922/UBNA_001/20220921_090000.WAV,Telephone Field,recover-20220922,001,1795
815.4065,815.4158,28046,36926,Eptesicus serotinus,0.015,0.033,-1,Echolocation,/mnt/ubna_data_02_mir/recover-20220922/UBNA_001/20220921_090000.WAV,Telephone Field,recover-20220922,001,1795
815.4255,815.4636,68437,81637,Rhinolophus ferrumequinum,0.024,0.024,-1,Echolocation,/mnt/ubna_data_02_mir/recover-20220922/UBNA_001/20220921_090000.WAV,Telephone Field,recover-20220922,001,1795
815.4525,815.4911,68437,82099,Rhinolophus ferrumequinum,0.021,0.021,-1,Echolocation,/mnt/ubna_data_02_mir/recover-20220922/UBNA_001/20220921_090000.WAV,Telephone Field,recover-20220922,001,1795
815.4585,815.4959,68437,81926,Rhinolophus ferrumequinum,0.021,0.021,-1,Echolocation,/mnt/ubna_data_02_mir/recover-20220922/UBNA_001/20220921_090000.WAV,Telephone Field,recover-20220922,001,1795
815.4725,815.4811,27187,39183,Eptesicus serotinus,0.008,0.021,-1,Echolocation,/mnt/ubna_data_02_mir/recover-20220922/UBNA_001/20220921_090000.WAV,Telephone Field,recover-20220922,001,1795
815.4885,815.5266,68437,82277,Rhinolophus ferrumequinum,0.025,0.025,-1,Echolocation,/mnt/ubna_data_02_mir/recover-20220922/UBNA_001/20220921_090000.WAV,Telephone Field,recover-20220922,001,1795
815.4955,815.5311,68437,81625,Rhinolophus ferrumequinum,0.021,0.021,-1,Echolocation,/mnt/ubna_data_02_mir/recover-20220922/UBNA_001/20220921_090000.WAV,Telephone Field,recover-20220922,001,1795
815.5305,815.5709,68437,82670,Rhinolophus ferrumequinum,0.026,0.026,-1,Echolocation,/mnt/ubna_data_02_mir/recover-20220922/UBNA_001/20220921_090000.WAV,Telephone Field,recover-20220922,001,1795
815.5585,815.5997,68437,83078,Rhinolophus ferrumequinum,0.033,0.033,-1,Echolocation,/mnt/ubna_data_02_mir/recover-20220922/UBNA_001/20220921_090000.WAV,Telephone Field,recover-20220922,001,1795
815.5795,815.5891,25468,33714,Eptesicus serotinus,0.012,0.028,-1,Echolocation,/mnt/ubna_data_02_mir/recover-20220922/UBNA_001/20220921_090000.WAV,Telephone Field,recover-20220922,001,1795
815.5895,815.6239,68437,81196,Rhinolophus ferrumequinum,0.022,0.022,-1,Echolocation,/mnt/ubna_data_02_mir/recover-20220922/UBNA_001/20220921_090000.WAV,Telephone Field,recover-20220922,001,1795
815.6095,815.6319,19453,22380,Nyctalus noctula,0.013,0.026,-1,Echolocation,/mnt/ubna_data_02_mir/recover-20220922/UBNA_001/20220921_090000.WAV,Telephone Field,recover-20220922,001,1795
815.6145,815.6216,28046,37362,Eptesicus serotinus,0.007,0.024,-1,Echolocation,/mnt/ubna_data_02_mir/recover-20220922/UBNA_001/20220921_090000.WAV,Telephone Field,recover-20220922,001,1795
815.6425,815.6524,22890,28520,Nyctalus leisleri,0.009,0.022,-1,Echolocation,/mnt/ubna_data_02_mir/recover-20220922/UBNA_001/20220921_090000.WAV,Telephone Field,recover-20220922,001,1795
815.6555,815.666,24609,31373,Eptesicus serotinus,0.009,0.024,-1,Echolocation,/mnt/ubna_data_02_mir/recover-20220922/UBNA_001/20220921_090000.WAV,Telephone Field,recover-20220922,001,1795
815.6585,815.6967,68437,82266,Rhinolophus ferrumequinum,0.023,0.023,-1,Echolocation,/mnt/ubna_data_02_mir/recover-20220922/UBNA_001/20220921_090000.WAV,Telephone Field,recover-20220922,001,1795
815.6875,815.6978,28906,37294,Eptesicus serotinus,0.011,0.026,-1,Echolocation,/mnt/ubna_data_02_mir/recover-20220922/UBNA_001/20220921_090000.WAV,Telephone Field,recover-20220922,001,1795
815.6935,815.7342,68437,81963,Rhinolophus ferrumequinum,0.024,0.024,-1,Echolocation,/mnt/ubna_data_02_mir/recover-20220922/UBNA_001/20220921_090000.WAV,Telephone Field,recover-20220922,001,1795
815.7055,815.7164,26328,33393,Eptesicus serotinus,0.013,0.03,-1,Echolocation,/mnt/ubna_data_02_mir/recover-20220922/UBNA_001/20220921_090000.WAV,Telephone Field,recover-20220922,001,1795
815.7345,815.779,68437,83643,Rhinolophus ferrumequinum,0.045,0.045,-1,Echolocation,/mnt/ubna_data_02_mir/recover-20220922/UBNA_001/20220921_090000.WAV,Telephone Field,recover-20220922,001,1795
815.7695,815.7769,26328,39074,Eptesicus serotinus,0.007,0.022,-1,Echolocation,/mnt/ubna_data_02_mir/recover-20220922/UBNA_001/20220921_090000.WAV,Telephone Field,recover-20220922,001,1795
815.7705,815.8097,68437,82356,Rhinolophus ferrumequinum,0.025,0.025,-1,Echolocation,/mnt/ubna_data_02_mir/recover-20220922/UBNA_001/20220921_090000.WAV,Telephone Field,recover-20220922,001,1795
815.8025,815.8121,28046,35595,Eptesicus serotinus,0.008,0.021,-1,Echolocation,/mnt/ubna_data_02_mir/recover-20220922/UBNA_001/20220921_090000.WAV,Telephone Field,recover-20220922,001,1795
815.8425,815.8822,68437,81771,Rhinolophus ferrumequinum,0.021,0.021,-1,Echolocation,/mnt/ubna_data_02_mir/recover-20220922/UBNA_001/20220921_090000.WAV,Telephone Field,recover-20220922,001,1795
815.8475,815.8571,28046,36875,Eptesicus serotinus,0.008,0.023,-1,Echolocation,/mnt/ubna_data_02_mir/recover-20220922/UBNA_001/20220921_090000.WAV,Telephone Field,recover-20220922,001,1795
815.8775,815.9183,68437,82926,Rhinolophus ferrumequinum,0.027,0.027,-1,Echolocation,/mnt/ubna_data_02_mir/recover-20220922/UBNA_001/20220921_090000.WAV,Telephone Field,recover-20220922,001,1795
815.8835,815.895,40937,44658,Pipistrellus nathusii,0.011,0.022,-1,Echolocation,/mnt/ubna_data_02_mir/recover-20220922/UBNA_001/20220921_090000.WAV,Telephone Field,recover-20220922,001,1795
815.9085,815.9525,68437,83389,Rhinolophus ferrumequinum,0.043,0.043,-1,Echolocation,/mnt/ubna_data_02_mir/recover-20220922/UBNA_001/20220921_090000.WAV,Telephone Field,recover-20220922,001,1795
815.9105,815.9194,28046,37326,Eptesicus serotinus,0.008,0.023,-1,Echolocation,/mnt/ubna_data_02_mir/recover-20220922/UBNA_001/20220921_090000.WAV,Telephone Field,recover-20220922,001,1795
815.9185,815.9597,68437,82628,Rhinolophus ferrumequinum,0.023,0.023,-1,Echolocation,/mnt/ubna_data_02_mir/recover-20220922/UBNA_001/20220921_090000.WAV,Telephone Field,recover-20220922,001,1795
815.9385,815.979,68437,82704,Rhinolophus ferrumequinum,0.035,0.035,-1,Echolocation,/mnt/ubna_data_02_mir/recover-20220922/UBNA_001/20220921_090000.WAV,Telephone Field,recover-20220922,001,1795
815.9515,815.9929,68437,82972,Rhinolophus ferrumequinum,0.024,0.024,-1,Echolocation,/mnt/ubna_data_02_mir/recover-20220922/UBNA_001/20220921_090000.WAV,Telephone Field,recover-20220922,001,1795
815.9865,815.9978,22031,27305,Nyctalus leisleri,0.01,0.022,-1,Echolocation,/mnt/ubna_data_02_mir/recover-20220922/UBNA_001/20220921_090000.WAV,Telephone Field,recover-20220922,001,1795
816.0015,816.0342,68437,80483,Rhinolophus ferrumequinum,0.047,0.047,-1,Echolocation,/mnt/ubna_data_02_mir/recover-20220922/UBNA_001/20220921_090000.WAV,Telephone Field,recover-20220922,001,1795
816.0015,816.0102,22890,29697,Nyctalus leisleri,0.011,0.03,-1,Echolocation,/mnt/ubna_data_02_mir/recover-20220922/UBNA_001/20220921_090000.WAV,Telephone Field,recover-20220922,001,1795
816.0015,816.0113,46953,51488,Pipistrellus pipistrellus,0.021,0.026,-1,Echolocation,/mnt/ubna_data_02_mir/recover-20220922/UBNA_001/20220921_090000.WAV,Telephone Field,recover-20220922,001,1795
816.0075,816.0504,68437,82082,Rhinolophus ferrumequinum,0.024,0.024,-1,Echolocation,/mnt/ubna_data_02_mir/recover-20220922/UBNA_001/20220921_090000.WAV,Telephone Field,recover-20220922,001,1795
816.0225,816.0309,28046,36641,Eptesicus serotinus,0.011,0.027,-1,Echolocation,/mnt/ubna_data_02_mir/recover-20220922/UBNA_001/20220921_090000.WAV,Telephone Field,recover-20220922,001,1795
816.0345,816.0802,68437,83962,Rhinolophus ferrumequinum,0.051,0.051,-1,Echolocation,/mnt/ubna_data_02_mir/recover-20220922/UBNA_001/20220921_090000.WAV,Telephone Field,recover-20220922,001,1795
816.1085,816.1465,68437,82199,Rhinolophus ferrumequinum,0.021,0.021,-1,Echolocation,/mnt/ubna_data_02_mir/recover-20220922/UBNA_001/20220921_090000.WAV,Telephone Field,recover-20220922,001,1795
816.1155,816.1526,68437,82391,Rhinolophus ferrumequinum,0.022,0.022,-1,Echolocation,/mnt/ubna_data_02_mir/recover-20220922/UBNA_001/20220921_090000.WAV,Telephone Field,recover-20220922,001,1795
816.1185,816.126,28046,40630,Eptesicus serotinus,0.007,0.022,-1,Echolocation,/mnt/ubna_data_02_mir/recover-20220922/UBNA_001/20220921_090000.WAV,Telephone Field,recover-20220922,001,1795
816.1235,816.1587,68437,82366,Rhinolophus ferrumequinum,0.022,0.022,-1,Echolocation,/mnt/ubna_data_02_mir/recover-20220922/UBNA_001/20220921_090000.WAV,Telephone Field,recover-20220922,001,1795
816.1535,816.19,68437,81628,Rhinolophus ferrumequinum,0.022,0.022,-1,Echolocation,/mnt/ubna_data_02_mir/recover-20220922/UBNA_001/20220921_090000.WAV,Telephone Field,recover-20220922,001,1795
816.1715,816.2077,68437,81784,Rhinolophus ferrumequinum,0.023,0.023,-1,Echolocation,/mnt/ubna_data_02_mir/recover-20220922/UBNA_001/20220921_090000.WAV,Telephone Field,recover-20220922,001,1795
816.1815,816.2203,68437,81481,Rhinolophus ferrumequinum,0.021,0.021,-1,Echolocation,/mnt/ubna_data_02_mir/recover-20220922/UBNA_001/20220921_090000.WAV,Telephone Field,recover-20220922,001,1795
816.1815,816.1908,28046,38123,Eptesicus serotinus,0.009,0.023,-1,Echolocation,/mnt/ubna_data_02_mir/recover-20220922/UBNA_001/20220921_090000.WAV,Telephone Field,recover-20220922,001,1795
816.2115,816.2223,23750,29208,Nyctalus leisleri,0.01,0.021,-1,Echolocation,/mnt/ubna_data_02_mir/recover-20220922/UBNA_001/20220921_090000.WAV,Telephone Field,recover-20220922,001,1795
816.2215,816.2289,28906,38612,Eptesicus serotinus,0.006,0.021,-1,Echolocation,/mnt/ubna_data_02_mir/recover-20220922/UBNA_001/20220921_090000.WAV,Telephone Field,recover-20220922,001,1795
816.2225,816.2328,44375,48322,Pipistrellus pipistrellus,0.032,0.034,-1,Echolocation,/mnt/ubna_data_02_mir/recover-20220922/UBNA_001/20220921_090000.WAV,Telephone Field,recover-20220922,001,1795
816.2465,816.2839,68437,81744,Rhinolophus ferrumequinum,0.021,0.021,-1,Echolocation,/mnt/ubna_data_02_mir/recover-20220922/UBNA_001/20220921_090000.WAV,Telephone Field,recover-20220922,001,1795
816.2765,816.3133,68437,81655,Rhinolophus ferrumequinum,0.022,0.023,-1,Echolocation,/mnt/ubna_data_02_mir/recover-20220922/UBNA_001/20220921_090000.WAV,Telephone Field,recover-20220922,001,1795
816.2825,816.3211,68437,81459,Rhinolophus ferrumequinum,0.022,0.022,-1,Echolocation,/mnt/ubna_data_02_mir/recover-20220922/UBNA_001/20220921_090000.WAV,Telephone Field,recover-20220922,001,1795
816.2925,816.3054,23750,30794,Nyctalus leisleri,0.015,0.041,-1,Echolocation,/mnt/ubna_data_02_mir/recover-20220922/UBNA_001/20220921_090000.WAV,Telephone Field,recover-20220922,001,1795
816.2965,816.3048,44375,55169,Pipistrellus pipistrellus,0.013,0.022,-1,Echolocation,/mnt/ubna_data_02_mir/recover-20220922/UBNA_001/20220921_090000.WAV,Telephone Field,recover-20220922,001,1795
816.2965,816.3316,68437,81212,Rhinolophus ferrumequinum,0.021,0.021,-1,Echolocation,/mnt/ubna_data_02_mir/recover-20220922/UBNA_001/20220921_090000.WAV,Telephone Field,recover-20220922,001,1795
816.3305,816.3429,23750,29385,Nyctalus leisleri,0.017,0.037,-1,Echolocation,/mnt/ubna_data_02_mir/recover-20220922/UBNA_001/20220921_090000.WAV,Telephone Field,recover-20220922,001,1795
816.3355,816.3742,68437,81984,Rhinolophus ferrumequinum,0.022,0.022,-1,Echolocation,/mnt/ubna_data_02_mir/recover-20220922/UBNA_001/20220921_090000.WAV,Telephone Field,recover-20220922,001,1795
816.3555,816.3956,68437,82608,Rhinolophus ferrumequinum,0.026,0.026,-1,Echolocation,/mnt/ubna_data_02_mir/recover-20220922/UBNA_001/20220921_090000.WAV,Telephone Field,recover-20220922,001,1795
816.3945,816.4041,23750,31069,Nyctalus leisleri,0.008,0.028,-1,Echolocation,/mnt/ubna_data_02_mir/recover-20220922/UBNA_001/20220921_090000.WAV,Telephone Field,recover-20220922,001,1795
816.4305,816.4413,22031,26619,Nyctalus leisleri,0.013,0.025,-1,Echolocation,/mnt/ubna_data_02_mir/recover-20220922/UBNA_001/20220921_090000.WAV,Telephone Field,recover-20220922,001,1795
816.4735,816.5125,68437,81901,Rhinolophus ferrumequinum,0.022,0.022,-1,Echolocation,/mnt/ubna_data_02_mir/recover-20220922/UBNA_001/20220921_090000.WAV,Telephone Field,recover-20220922,001,1795
816.4805,816.4923,23750,29291,Nyctalus leisleri,0.011,0.025,-1,Echolocation,/mnt/ubna_data_02_mir/recover-20220922/UBNA_001/20220921_090000.WAV,Telephone Field,recover-20220922,001,1795
816.5165,816.5552,68437,82385,Rhinolophus ferrumequinum,0.021,0.021,-1,Echolocation,/mnt/ubna_data_02_mir/recover-20220922/UBNA_001/20220921_090000.WAV,Telephone Field,recover-20220922,001,1795
816.5285,816.5713,68437,83116,Rhinolophus ferrumequinum,0.027,0.027,-1,Echolocation,/mnt/ubna_data_02_mir/recover-20220922/UBNA_001/20220921_090000.WAV,Telephone Field,recover-20220922,001,1795
816.5325,816.542,28906,39774,Eptesicus serotinus,0.008,0.022,-1,Echolocation,/mnt/ubna_data_02_mir/recover-20220922/UBNA_001/20220921_090000.WAV,Telephone Field,recover-20220922,001,1795
816.5355,816.5469,53828,58120,Pipistrellus pygmaeus,0.024,0.028,-1,Echolocation,/mnt/ubna_data_02_mir/recover-20220922/UBNA_001/20220921_090000.WAV,Telephone Field,recover-20220922,001,1795
816.5415,816.5506,29765,37840,Eptesicus serotinus,0.007,0.021,-1,Echolocation,/mnt/ubna_data_02_mir/recover-20220922/UBNA_001/20220921_090000.WAV,Telephone Field,recover-20220922,001,1795
816.5485,816.5589,28906,35879,Eptesicus serotinus,0.009,0.022,-1,Echolocation,/mnt/ubna_data_02_mir/recover-20220922/UBNA_001/20220921_090000.WAV,Telephone Field,recover-20220922,001,1795
816.5735,816.6166,68437,83122,Rhinolophus ferrumequinum,0.03,0.03,-1,Echolocation,/mnt/ubna_data_02_mir/recover-20220922/UBNA_001/20220921_090000.WAV,Telephone Field,recover-20220922,001,1795
816.5795,816.5894,24609,31990,Eptesicus serotinus,0.009,0.025,-1,Echolocation,/mnt/ubna_data_02_mir/recover-20220922/UBNA_001/20220921_090000.WAV,Telephone Field,recover-20220922,001,1795
816.6715,816.6789,23750,31829,Plecotus austriacus,0.01,0.026,-1,Echolocation,/mnt/ubna_data_02_mir/recover-20220922/UBNA_001/20220921_090000.WAV,Telephone Field,recover-20220922,001,1795
816.6825,816.7205,68437,82007,Rhinolophus ferrumequinum,0.022,0.022,-1,Echolocation,/mnt/ubna_data_02_mir/recover-20220922/UBNA_001/20220921_090000.WAV,Telephone Field,recover-20220922,001,1795
816.6935,816.7012,28906,39333,Eptesicus serotinus,0.007,0.021,-1,Echolocation,/mnt/ubna_data_02_mir/recover-20220922/UBNA_001/20220921_090000.WAV,Telephone Field,recover-20220922,001,1795
816.7105,816.7513,68437,82503,Rhinolophus ferrumequinum,0.025,0.025,-1,Echolocation,/mnt/ubna_data_02_mir/recover-20220922/UBNA_001/20220921_090000.WAV,Telephone Field,recover-20220922,001,1795
816.7155,816.7234,26328,37685,Eptesicus serotinus,0.007,0.024,-1,Echolocation,/mnt/ubna_data_02_mir/recover-20220922/UBNA_001/20220921_090000.WAV,Telephone Field,recover-20220922,001,1795
816.7205,816.7597,68437,82329,Rhinolophus ferrumequinum,0.024,0.024,-1,Echolocation,/mnt/ubna_data_02_mir/recover-20220922/UBNA_001/20220921_090000.WAV,Telephone Field,recover-20220922,001,1795
816.7495,816.7891,68437,82624,Rhinolophus ferrumequinum,0.025,0.025,-1,Echolocation,/mnt/ubna_data_02_mir/recover-20220922/UBNA_001/20220921_090000.WAV,Telephone Field,recover-20220922,001,1795
816.7515,816.7608,46953,50372,Pipistrellus pipistrellus,0.047,0.049,-1,Echolocation,/mnt/ubna_data_02_mir/recover-20220922/UBNA_001/20220921_090000.WAV,Telephone Field,recover-20220922,001,1795
816.7595,816.8002,68437,83230,Rhinolophus ferrumequinum,0.025,0.025,-1,Echolocation,/mnt/ubna_data_02_mir/recover-20220922/UBNA_001/20220921_090000.WAV,Telephone Field,recover-20220922,001,1795
816.7725,816.7818,41796,45601,Pipistrellus pipistrellus,0.019,0.024,-1,Echolocation,/mnt/ubna_data_02_mir/recover-20220922/UBNA_001/20220921_090000.WAV,Telephone Field,recover-20220922,001,1795
816.7995,816.841,68437,82850,Rhinolophus ferrumequinum,0.034,0.034,-1,Echolocation,/mnt/ubna_data_02_mir/recover-20220922/UBNA_001/20220921_090000.WAV,Telephone Field,recover-20220922,001,1795
816.8275,816.8637,68437,81559,Rhinolophus ferrumequinum,0.021,0.021,-1,Echolocation,/mnt/ubna_data_02_mir/recover-20220922/UBNA_001/20220921_090000.WAV,Telephone Field,recover-20220922,001,1795
816.8445,816.8865,68437,82519,Rhinolophus ferrumequinum,0.027,0.027,-1,Echolocation,/mnt/ubna_data_02_mir/recover-20220922/UBNA_001/20220921_090000.WAV,Telephone Field,recover-20220922,001,1795
816.8895,816.8988,28906,37004,Eptesicus serotinus,0.008,0.021,-1,Echolocation,/mnt/ubna_data_02_mir/recover-20220922/UBNA_001/20220921_090000.WAV,Telephone Field,recover-20220922,001,1795
816.9055,816.9169,40078,44777,Pipistrellus nathusii,0.009,0.021,-1,Echolocation,/mnt/ubna_data_02_mir/recover-20220922/UBNA_001/20220921_090000.WAV,Telephone Field,recover-20220922,001,1795
816.9055,816.9159,24609,31512,Nyctalus leisleri,0.009,0.026,-1,Echolocation,/mnt/ubna_data_02_mir/recover-20220922/UBNA_001/20220921_090000.WAV,Telephone Field,recover-20220922,001,1795
816.9145,816.9546,68437,81914,Rhinolophus ferrumequinum,0.022,0.022,-1,Echolocation,/mnt/ubna_data_02_mir/recover-20220922/UBNA_001/20220921_090000.WAV,Telephone Field,recover-20220922,001,1795
816.9345,816.9718,68437,81291,Rhinolophus ferrumequinum,0.021,0.021,-1,Echolocation,/mnt/ubna_data_02_mir/recover-20220922/UBNA_001/20220921_090000.WAV,Telephone Field,recover-20220922,001,1795
816.9625,816.9709,31484,41549,Myotis daubentonii,0.006,0.021,-1,Echolocation,/mnt/ubna_data_02_mir/recover-20220922/UBNA_001/20220921_090000.WAV,Telephone Field,recover-20220922,001,1795
816.9645,817.0024,68437,81999,Rhinolophus ferrumequinum,0.021,0.021,-1,Echolocation,/mnt/ubna_data_02_mir/recover-20220922/UBNA_001/20220921_090000.WAV,Telephone Field,recover-20220922,001,1795
816.9815,816.9901,48671,54297,Pipistrellus pipistrellus,0.019,0.022,-1,Echolocation,/mnt/ubna_data_02_mir/recover-20220922/UBNA_001/20220921_090000.WAV,Telephone Field,recover-20220922,001,1795
817.0055,817.0461,68437,82534,Rhinolophus ferrumequinum,0.025,0.025,-1,Echolocation,/mnt/ubna_data_02_mir/recover-20220922/UBNA_001/20220921_090000.WAV,Telephone Field,recover-20220922,001,1795
817.0055,817.0163,22890,28200,Nyctalus leisleri,0.011,0.023,-1,Echolocation,/mnt/ubna_data_02_mir/recover-20220922/UBNA_001/20220921_090000.WAV,Telephone Field,recover-20220922,001,1795
817.0475,817.0894,68437,82457,Rhinolophus ferrumequinum,0.021,0.021,-1,Echolocation,/mnt/ubna_data_02_mir/recover-20220922/UBNA_001/20220921_090000.WAV,Telephone Field,recover-20220922,001,1795
817.0575,817.0691,29765,37662,Eptesicus serotinus,0.014,0.028,-1,Echolocation,/mnt/ubna_data_02_mir/recover-20220922/UBNA_001/20220921_090000.WAV,Telephone Field,recover-20220922,001,1795
817.0985,817.1395,68437,82453,Rhinolophus ferrumequinum,0.021,0.021,-1,Echolocation,/mnt/ubna_data_02_mir/recover-20220922/UBNA_001/20220921_090000.WAV,Telephone Field,recover-20220922,001,1795
817.1245,817.1626,68437,82077,Rhinolophus ferrumequinum,0.02,0.021,-1,Echolocation,/mnt/ubna_data_02_mir/recover-20220922/UBNA_001/20220921_090000.WAV,Telephone Field,recover-20220922,001,1795
817.1305,817.1698,68437,82299,Rhinolophus ferrumequinum,0.021,0.021,-1,Echolocation,/mnt/ubna_data_02_mir/recover-20220922/UBNA_001/20220921_090000.WAV,Telephone Field,recover-20220922,001,1795
817.1465,817.1853,68437,82310,Rhinolophus ferrumequinum,0.021,0.021,-1,Echolocation,/mnt/ubna_data_02_mir/recover-20220922/UBNA_001/20220921_090000.WAV,Telephone Field,recover-20220922,001,1795
817.1485,817.1582,24609,32241,Eptesicus serotinus,0.007,0.022,-1,Echolocation,/mnt/ubna_data_02_mir/recover-20220922/UBNA_001/20220921_090000.WAV,Telephone Field,recover-20220922,001,1795
817.1685,817.2042,68437,81872,Rhinolophus ferrumequinum,0.021,0.021,-1,Echolocation,/mnt/ubna_data_02_mir/recover-20220922/UBNA_001/20220921_090000.WAV,Telephone Field,recover-20220922,001,1795
817.1775,817.2198,68437,82541,Rhinolophus ferrumequinum,0.028,0.028,-1,Echolocation,/mnt/ubna_data_02_mir/recover-20220922/UBNA_001/20220921_090000.WAV,Telephone Field,recover-20220922,001,1795
817.1795,817.1892,22031,27824,Nyctalus leisleri,0.01,0.025,-1,Echolocation,/mnt/ubna_data_02_mir/recover-20220922/UBNA_001/20220921_090000.WAV,Telephone Field,recover-20220922,001,1795
817.2115,817.2508,68437,81478,Rhinolophus ferrumequinum,0.024,0.024,-1,Echolocation,/mnt/ubna_data_02_mir/recover-20220922/UBNA_001/20220921_090000.WAV,Telephone Field,recover-20220922,001,1795
817.2295,817.2659,68437,81881,Rhinolophus ferrumequinum,0.021,0.021,-1,Echolocation,/mnt/ubna_data_02_mir/recover-20220922/UBNA_001/20220921_090000.WAV,Telephone Field,recover-20220922,001,1795
817.2325,817.2429,23750,30480,Nyctalus leisleri,0.007,0.021,-1,Echolocation,/mnt/ubna_data_02_mir/recover-20220922/UBNA_001/20220921_090000.WAV,Telephone Field,recover-20220922,001,1795
817.2485,817.2875,68437,82079,Rhinolophus ferrumequinum,0.021,0.021,-1,Echolocation,/mnt/ubna_data_02_mir/recover-20220922/UBNA_001/20220921_090000.WAV,Telephone Field,recover-20220922,001,1795
817.2675,817.2757,26328,35124,Eptesicus serotinus,0.01,0.024,-1,Echolocation,/mnt/ubna_data_02_mir/recover-20220922/UBNA_001/20220921_090000.WAV,Telephone Field,recover-20220922,001,1795
817.2775,817.3212,68437,83008,Rhinolophus ferrumequinum,0.033,0.033,-1,Echolocation,/mnt/ubna_data_02_mir/recover-20220922/UBNA_001/20220921_090000.WAV,Telephone Field,recover-20220922,001,1795
817.2905,817.3286,68437,82003,Rhinolophus ferrumequinum,0.021,0.021,-1,Echolocation,/mnt/ubna_data_02_mir/recover-20220922/UBNA_001/20220921_090000.WAV,Telephone Field,recover-20220922,001,1795
817.3085,817.3495,68437,82579,Rhinolophus ferrumequinum,0.027,0.027,-1,Echolocation,/mnt/ubna_data_02_mir/recover-20220922/UBNA_001/20220921_090000.WAV,Telephone Field,recover-20220922,001,1795
817.3465,817.3823,68437,81839,Rhinolophus ferrumequinum,0.021,0.021,-1,Echolocation,/mnt/ubna_data_02_mir/recover-20220922/UBNA_001/20220921_090000.WAV,Telephone Field,recover-20220922,001,1795
817.3535,817.3911,68437,82067,Rhinolophus ferrumequinum,0.021,0.021,-1,Echolocation,/mnt/ubna_data_02_mir/recover-20220922/UBNA_001/20220921_090000.WAV,Telephone Field,recover-20220922,001,1795
817.4065,817.4443,68437,82036,Rhinolophus ferrumequinum,0.021,0.021,-1,Echolocation,/mnt/ubna_data_02_mir/recover-20220922/UBNA_001/20220921_090000.WAV,Telephone Field,recover-20220922,001,1795
817.4225,817.4608,68437,82299,Rhinolophus ferrumequinum,0.023,0.023,-1,Echolocation,/mnt/ubna_data_02_mir/recover-20220922/UBNA_001/20220921_090000.WAV,Telephone Field,recover-20220922,001,1795
817.4245,817.4344,47812,54584,Pipistrellus pipistrellus,0.023,0.025,-1,Echolocation,/mnt/ubna_data_02_mir/recover-20220922/UBNA_001/20220921_090000.WAV,Telephone Field,recover-20220922,001,1795
817.4425,817.486,68437,82734,Rhinolophus ferrumequinum,0.025,0.025,-1,Echolocation,/mnt/ubna_data_02_mir/recover-20220922/UBNA_001/20220921_090000.WAV,Telephone Field,recover-20220922,001,1795
817.4505,817.4616,28906,34904,Eptesicus serotinus,0.012,0.026,-1,Echolocation,/mnt/ubna_data_02_mir/recover-20220922/UBNA_001/20220921_090000.WAV,Telephone Field,recover-20220922,001,1795
817.4725,817.5128,68437,82069,Rhinolophus ferrumequinum,0.032,0.032,-1,Echolocation,/mnt/ubna_data_02_mir/recover-20220922/UBNA_001/20220921_090000.WAV,Telephone Field,recover-20220922,001,1795
817.4885,817.5238,68437,81691,Rhinolophus ferrumequinum,0.022,0.022,-1,Echolocation,/mnt/ubna_data_02_mir/recover-20220922/UBNA_001/20220921_090000.WAV,Telephone Field,recover-20220922,001,1795
817.4985,817.5364,68437,81737,Rhinolophus ferrumequinum,0.027,0.027,-1,Echolocation,/mnt/ubna_data_02_mir/recover-20220922/UBNA_001/20220921_090000.WAV,Telephone Field,recover-20220922,001,1795
817.5175,817.5515,68437,80697,Rhinolophus ferrumequinum,0.02,0.021,-1,Echolocation,/mnt/ubna_data_02_mir/recover-20220922/UBNA_001/20220921_090000.WAV,Telephone Field,recover-20220922,001,1795
817.5235,817.531,28046,43779,Eptesicus serotinus,0.008,0.024,-1,Echolocation,/mnt/ubna_data_02_mir/recover-20220922/UBNA_001/20220921_090000.WAV,Telephone Field,recover-20220922,001,1795
817.5505,817.5605,25468,32627,Eptesicus serotinus,0.011,0.028,-1,Echolocation,/mnt/ubna_data_02_mir/recover-20220922/UBNA_001/20220921_090000.WAV,Telephone Field,recover-20220922,001,1795
817.5505,817.5616,49531,54449,Pipistrellus pipistrellus,0.029,0.033,-1,Echolocation,/mnt/ubna_data_02_mir/recover-20220922/UBNA_001/20220921_090000.WAV,Telephone Field,recover-20220922,001,1795
817.5895,817.6273,68437,81792,Rhinolophus ferrumequinum,0.021,0.021,-1,Echolocation,/mnt/ubna_data_02_mir/recover-20220922/UBNA_001/20220921_090000.WAV,Telephone Field,recover-20220922,001,1795
817.6155,817.6547,68437,81879,Rhinolophus ferrumequinum,0.021,0.021,-1,Echolocation,/mnt/ubna_data_02_mir/recover-20220922/UBNA_001/20220921_090000.WAV,Telephone Field,recover-20220922,001,1795
817.6195,817.634,22890,27421,Nyctalus leisleri,0.019,0.034,-1,Echolocation,/mnt/ubna_data_02_mir/recover-20220922/UBNA_001/20220921_090000.WAV,Telephone Field,recover-20220922,001,1795
817.6335,817.6434,47812,51379,Pipistrellus pipistrellus,0.021,0.024,-1,Echolocation,/mnt/ubna_data_02_mir/recover-20220922/UBNA_001/20220921_090000.WAV,Telephone Field,recover-20220922,001,1795
817.6475,817.6882,68437,82693,Rhinolophus ferrumequinum,0.023,0.023,-1,Echolocation,/mnt/ubna_data_02_mir/recover-20220922/UBNA_001/20220921_090000.WAV,Telephone Field,recover-20220922,001,1795
817.6545,817.6679,36640,41172,Pipistrellus nathusii,0.015,0.026,-1,Echolocation,/mnt/ubna_data_02_mir/recover-20220922/UBNA_001/20220921_090000.WAV,Telephone Field,recover-20220922,001,1795
817.7085,817.7464,68437,82271,Rhinolophus ferrumequinum,0.021,0.021,-1,Echolocation,/mnt/ubna_data_02_mir/recover-20220922/UBNA_001/20220921_090000.WAV,Telephone Field,recover-20220922,001,1795
817.7185,817.7287,50390,57125,Pipistrellus pipistrellus,0.022,0.027,-1,Echolocation,/mnt/ubna_data_02_mir/recover-20220922/UBNA_001/20220921_090000.WAV,Telephone Field,recover-20220922,001,1795
817.7405,817.78,68437,82072,Rhinolophus ferrumequinum,0.025,0.025,-1,Echolocation,/mnt/ubna_data_02_mir/recover-20220922/UBNA_001/20220921_090000.WAV,Telephone Field,recover-20220922,001,1795
817.7475,817.7555,28046,39835,Eptesicus serotinus,0.007,0.021,-1,Echolocation,/mnt/ubna_data_02_mir/recover-20220922/UBNA_001/20220921_090000.WAV,Telephone Field,recover-20220922,001,1795
817.7825,817.8226,68437,82454,Rhinolophus ferrumequinum,0.027,0.027,-1,Echolocation,/mnt/ubna_data_02_mir/recover-20220922/UBNA_001/20220921_090000.WAV,Telephone Field,recover-20220922,001,1795
817.7865,817.7974,22890,28125,Nyctalus leisleri,0.011,0.023,-1,Echolocation,/mnt/ubna_data_02_mir/recover-20220922/UBNA_001/20220921_090000.WAV,Telephone Field,recover-20220922,001,1795
817.8085,817.8502,68437,82973,Rhinolophus ferrumequinum,0.025,0.025,-1,Echolocation,/mnt/ubna_data_02_mir/recover-20220922/UBNA_001/20220921_090000.WAV,Telephone Field,recover-20220922,001,1795
817.8465,817.8848,68437,81388,Rhinolophus ferrumequinum,0.022,0.022,-1,Echolocation,/mnt/ubna_data_02_mir/recover-20220922/UBNA_001/20220921_090000.WAV,Telephone Field,recover-20220922,001,1795
817.8595,817.8692,49531,54621,Pipistrellus pipistrellus,0.017,0.023,-1,Echolocation,/mnt/ubna_data_02_mir/recover-20220922/UBNA_001/20220921_090000.WAV,Telephone Field,recover-20220922,001,1795
817.8715,817.9104,68437,81898,Rhinolophus ferrumequinum,0.024,0.025,-1,Echolocation,/mnt/ubna_data_02_mir/recover-20220922/UBNA_001/20220921_090000.WAV,Telephone Field,recover-20220922,001,1795
817.8745,817.8843,22890,29508,Nyctalus leisleri,0.008,0.024,-1,Echolocation,/mnt/ubna_data_02_mir/recover-20220922/UBNA_001/20220921_090000.WAV,Telephone Field,recover-20220922,001,1795
817.8885,817.9266,68437,81464,Rhinolophus ferrumequinum,0.021,0.021,-1,Echolocation,/mnt/ubna_data_02_mir/recover-20220922/UBNA_001/20220921_090000.WAV,Telephone Field,recover-20220922,001,1795
817.9225,817.9303,28046,43706,Eptesicus serotinus,0.007,0.021,-1,Echolocation,/mnt/ubna_data_02_mir/recover-20220922/UBNA_001/20220921_090000.WAV,Telephone Field,recover-20220922,001,1795
817.9395,817.9764,68437,81955,Rhinolophus ferrumequinum,0.024,0.024,-1,Echolocation,/mnt/ubna_data_02_mir/recover-20220922/UBNA_001/20220921_090000.WAV,Telephone Field,recover-20220922,001,1795
818.0015,818.016,46953,50679,Pipistrellus pipistrellus,0.035,0.044,-1,Echolocation,/mnt/ubna_data_02_mir/recover-20220922/UBNA_001/20220921_090000.WAV,Telephone Field,recover-20220922,001,1795
818.0015,818.0309,68437,78835,Rhinolophus ferrumequinum,0.042,0.043,-1,Echolocation,/mnt/ubna_data_02_mir/recover-20220922/UBNA_001/20220921_090000.WAV,Telephone Field,recover-20220922,001,1795
818.0015,818.0111,22890,31334,Nyctalus leisleri,0.01,0.031,-1,Echolocation,/mnt/ubna_data_02_mir/recover-20220922/UBNA_001/20220921_090000.WAV,Telephone Field,recover-20220922,001,1795
818.0075,818.045,68437,80812,Rhinolophus ferrumequinum,0.026,0.026,-1,Echolocation,/mnt/ubna_data_02_mir/recover-20220922/UBNA_001/20220921_090000.WAV,Telephone Field,recover-20220922,001,1795
818.0375,818.0473,28046,36326,Eptesicus serotinus,0.009,0.022,-1,Echolocation,/mnt/ubna_data_02_mir/recover-20220922/UBNA_001/20220921_090000.WAV,Telephone Field,recover-20220922,001,1795
818.0435,818.0511,28046,37813,Eptesicus serotinus,0.006,0.022,-1,Echolocation,/mnt/ubna_data_02_mir/recover-20220922/UBNA_001/20220921_090000.WAV,Telephone Field,recover-20220922,001,1795
818.0585,818.101,68437,82546,Rhinolophus ferrumequinum,0.036,0.036,-1,Echolocation,/mnt/ubna_data_02_mir/recover-20220922/UBNA_001/20220921_090000.WAV,Telephone Field,recover-20220922,001,1795
818.0805,818.0921,22890,26895,Nyctalus leisleri,0.013,0.022,-1,Echolocation,/mnt/ubna_data_02_mir/recover-20220922/UBNA_001/20220921_090000.WAV,Telephone Field,recover-20220922,001,1795
818.0905,818.1326,68437,82792,Rhinolophus ferrumequinum,0.025,0.025,-1,Echolocation,/mnt/ubna_data_02_mir/recover-20220922/UBNA_001/20220921_090000.WAV,Telephone Field,recover-20220922,001,1795
818.0905,818.0977,27187,39526,Eptesicus serotinus,0.007,0.024,-1,Echolocation,/mnt/ubna_data_02_mir/recover-20220922/UBNA_001/20220921_090000.WAV,Telephone Field,recover-20220922,001,1795
818.1335,818.1699,68437,81176,Rhinolophus ferrumequinum,0.022,0.022,-1,Echolocation,/mnt/ubna_data_02_mir/recover-20220922/UBNA_001/20220921_090000.WAV,Telephone Field,recover-20220922,001,1795
818.2315,818.2687,68437,81948,Rhinolophus ferrumequinum,0.022,0.022,-1,Echolocation,/mnt/ubna_data_02_mir/recover-20220922/UBNA_001/20220921_090000.WAV,Telephone Field,recover-20220922,001,1795
818.2645,818.2757,23750,29650,Nyctalus leisleri,0.013,0.029,-1,Echolocation,/mnt/ubna_data_02_mir/recover-20220922/UBNA_001/20220921_090000.WAV,Telephone Field,recover-20220922,001,1795
818.2665,818.3026,68437,81346,Rhinolophus ferrumequinum,0.022,0.022,-1,Echolocation,/mnt/ubna_data_02_mir/recover-20220922/UBNA_001/20220921_090000.WAV,Telephone Field,recover-20220922,001,1795
818.2985,818.3335,68437,81495,Rhinolophus ferrumequinum,0.021,0.021,-1,Echolocation,/mnt/ubna_data_02_mir/recover-20220922/UBNA_001/20220921_090000.WAV,Telephone Field,recover-20220922,001,1795
818.3085,818.3482,68437,81855,Rhinolophus ferrumequinum,0.022,0.022,-1,Echolocation,/mnt/ubna_data_02_mir/recover-20220922/UBNA_001/20220921_090000.WAV,Telephone Field,recover-20220922,001,1795
818.3265,818.3354,27187,37747,Eptesicus serotinus,0.008,0.022,-1,Echolocation,/mnt/ubna_data_02_mir/recover-20220922/UBNA_001/20220921_090000.WAV,Telephone Field,recover-20220922,001,1795
818.3295,818.3702,68437,83037,Rhinolophus ferrumequinum,0.022,0.022,-1,Echolocation,/mnt/ubna_data_02_mir/recover-20220922/UBNA_001/20220921_090000.WAV,Telephone Field,recover-20220922,001,1795
818.3415,818.351,24609,31376,Eptesicus serotinus,0.007,0.022,-1,Echolocation,/mnt/ubna_data_02_mir/recover-20220922/UBNA_001/20220921_090000.WAV,Telephone Field,recover-20220922,001,1795
818.4025,818.4436,68437,82389,Rhinolophus ferrumequinum,0.023,0.023,-1,Echolocation,/mnt/ubna_data_02_mir/recover-20220922/UBNA_001/20220921_090000.WAV,Telephone Field,recover-20220922,001,1795
818.4245,818.4617,68437,81480,Rhinolophus ferrumequinum,0.021,0.021,-1,Echolocation,/mnt/ubna_data_02_mir/recover-20220922/UBNA_001/20220921_090000.WAV,Telephone Field,recover-20220922,001,1795
818.4305,818.4361,27187,37956,Eptesicus serotinus,0.009,0.04,-1,Echolocation,/mnt/ubna_data_02_mir/recover-20220922/UBNA_001/20220921_090000.WAV,Telephone Field,recover-20220922,001,1795
818.4435,818.4846,68437,82001,Rhinolophus ferrumequinum,0.023,0.023,-1,Echolocation,/mnt/ubna_data_02_mir/recover-20220922/UBNA_001/20220921_090000.WAV,Telephone Field,recover-20220922,001,1795
818.5325,818.5435,22890,27807,Nyctalus leisleri,0.012,0.024,-1,Echolocation,/mnt/ubna_data_02_mir/recover-20220922/UBNA_001/20220921_090000.WAV,Telephone Field,recover-20220922,001,1795
818.5605,818.5687,23750,31642,Plecotus austriacus,0.01,0.03,-1,Echolocation,/mnt/ubna_data_02_mir/recover-20220922/UBNA_001/20220921_090000.WAV,Telephone Field,recover-20220922,001,1795
818.5745,818.6153,68437,82484,Rhinolophus ferrumequinum,0.022,0.022,-1,Echolocation,/mnt/ubna_data_02_mir/recover-20220922/UBNA_001/20220921_090000.WAV,Telephone Field,recover-20220922,001,1795
818.5915,818.6276,68437,81369,Rhinolophus ferrumequinum,0.021,0.021,-1,Echolocation,/mnt/ubna_data_02_mir/recover-20220922/UBNA_001/20220921_090000.WAV,Telephone Field,recover-20220922,001,1795
818.6005,818.6092,26328,35647,Eptesicus serotinus,0.016,0.036,-1,Echolocation,/mnt/ubna_data_02_mir/recover-20220922/UBNA_001/20220921_090000.WAV,Telephone Field,recover-20220922,001,1795
818.6255,818.6657,68437,82741,Rhinolophus ferrumequinum,0.024,0.024,-1,Echolocation,/mnt/ubna_data_02_mir/recover-20220922/UBNA_001/20220921_090000.WAV,Telephone Field,recover-20220922,001,1795
818.6315,818.6417,28906,36815,Eptesicus serotinus,0.009,0.022,-1,Echolocation,/mnt/ubna_data_02_mir/recover-20220922/UBNA_001/20220921_090000.WAV,Telephone Field,recover-20220922,001,1795
818.6715,818.7084,68437,81431,Rhinolophus ferrumequinum,0.026,0.026,-1,Echolocation,/mnt/ubna_data_02_mir/recover-20220922/UBNA_001/20220921_090000.WAV,Telephone Field,recover-20220922,001,1795
818.6955,818.7383,68437,83211,Rhinolophus ferrumequinum,0.033,0.033,-1,Echolocation,/mnt/ubna_data_02_mir/recover-20220922/UBNA_001/20220921_090000.WAV,Telephone Field,recover-20220922,001,1795
818.7115,818.7476,68437,81475,Rhinolophus ferrumequinum,0.022,0.022,-1,Echolocation,/mnt/ubna_data_02_mir/recover-20220922/UBNA_001/20220921_090000.WAV,Telephone Field,recover-20220922,001,1795
818.7315,818.771,68437,82471,Rhinolophus ferrumequinum,0.029,0.029,-1,Echolocation,/mnt/ubna_data_02_mir/recover-20220922/UBNA_001/20220921_090000.WAV,Telephone Field,recover-20220922,001,1795
818.7495,818.788,68437,80833,Rhinolophus ferrumequinum,0.028,0.028,-1,Echolocation,/mnt/ubna_data_02_mir/recover-20220922/UBNA_001/20220921_090000.WAV,Telephone Field,recover-20220922,001,1795
818.7635,818.8037,68437,83630,Rhinolophus ferrumequinum,0.027,0.027,-1,Echolocation,/mnt/ubna_data_02_mir/recover-20220922/UBNA_001/20220921_090000.WAV,Telephone Field,recover-20220922,001,1795
818.7725,818.7799,23750,31548,Plecotus austriacus,0.01,0.024,-1,Echolocation,/mnt/ubna_data_02_mir/recover-20220922/UBNA_001/20220921_090000.WAV,Telephone Field,recover-20220922,001,1795
818.7885,818.8265,68437,81510,Rhinolophus ferrumequinum,0.023,0.023,-1,Echolocation,/mnt/ubna_data_02_mir/recover-20220922/UBNA_001/20220921_090000.WAV,Telephone Field,recover-20220922,001,1795
818.8485,818.8862,68437,81500,Rhinolophus ferrumequinum,0.022,0.022,-1,Echolocation,/mnt/ubna_data_02_mir/recover-20220922/UBNA_001/20220921_090000.WAV,Telephone Field,recover-20220922,001,1795
818.8685,818.9089,68437,82626,Rhinolophus ferrumequinum,0.023,0.023,-1,Echolocation,/mnt/ubna_data_02_mir/recover-20220922/UBNA_001/20220921_090000.WAV,Telephone Field,recover-20220922,001,1795
818.8845,818.9226,68437,81552,Rhinolophus ferrumequinum,0.022,0.022,-1,Echolocation,/mnt/ubna_data_02_mir/recover-20220922/UBNA_001/20220921_090000.WAV,Telephone Field,recover-20220922,001,1795
818.8915,818.931,68437,82071,Rhinolophus ferrumequinum,0.021,0.021,-1,Echolocation,/mnt/ubna_data_02_mir/recover-20220922/UBNA_001/20220921_090000.WAV,Telephone Field,recover-20220922,001,1795
818.9625,819.0006,68437,80991,Rhinolophus ferrumequinum,0.024,0.024,-1,Echolocation,/mnt/ubna_data_02_mir/recover-20220922/UBNA_001/20220921_090000.WAV,Telephone Field,recover-20220922,001,1795
818.9705,818.9786,28046,38412,Eptesicus serotinus,0.007,0.021,-1,Echolocation,/mnt/ubna_data_02_mir/recover-20220922/UBNA_001/20220921_090000.WAV,Telephone Field,recover-20220922,001,1795
818.9835,818.9945,44375,48178,Pipistrellus pipistrellus,0.023,0.025,-1,Echolocation,/mnt/ubna_data_02_mir/recover-20220922/UBNA_001/20220921_090000.WAV,Telephone Field,recover-20220922,001,1795
818.9925,819.0062,22031,25392,Nyctalus leisleri,0.014,0.023,-1,Echolocation,/mnt/ubna_data_02_mir/recover-20220922/UBNA_001/20220921_090000.WAV,Telephone Field,recover-20220922,001,1795
819.0145,819.0543,68437,82157,Rhinolophus ferrumequinum,0.024,0.024,-1,Echolocation,/mnt/ubna_data_02_mir/recover-20220922/UBNA_001/20220921_090000.WAV,Telephone Field,recover-20220922,001,1795
819.0345,819.0484,22031,25990,Nyctalus leisleri,0.015,0.026,-1,Echolocation,/mnt/ubna_data_02_mir/recover-20220922/UBNA_001/20220921_090000.WAV,Telephone Field,recover-20220922,001,1795
819.0435,819.0619,21171,24506,Nyctalus leisleri,0.022,0.037,-1,Echolocation,/mnt/ubna_data_02_mir/recover-20220922/UBNA_001/20220921_090000.WAV,Telephone Field,recover-20220922,001,1795
819.0555,819.0654,28906,36977,Eptesicus serotinus,0.008,0.021,-1,Echolocation,/mnt/ubna_data_02_mir/recover-20220922/UBNA_001/20220921_090000.WAV,Telephone Field,recover-20220922,001,1795
819.0595,819.0989,68437,82299,Rhinolophus ferrumequinum,0.029,0.029,-1,Echolocation,/mnt/ubna_data_02_mir/recover-20220922/UBNA_001/20220921_090000.WAV,Telephone Field,recover-20220922,001,1795
819.1165,819.1261,23750,30520,Nyctalus leisleri,0.009,0.024,-1,Echolocation,/mnt/ubna_data_02_mir/recover-20220922/UBNA_001/20220921_090000.WAV,Telephone Field,recover-20220922,001,1795
819.1425,819.1507,28046,37208,Eptesicus serotinus,0.008,0.021,-1,Echolocation,/mnt/ubna_data_02_mir/recover-20220922/UBNA_001/20220921_090000.WAV,Telephone Field,recover-20220922,001,1795
819.1575,819.1673,23750,29795,Nyctalus leisleri,0.009,0.023,-1,Echolocation,/mnt/ubna_data_02_mir/recover-20220922/UBNA_001/20220921_090000.WAV,Telephone Field,recover-20220922,001,1795
819.1815,819.2195,68437,81900,Rhinolophus ferrumequinum,0.021,0.021,-1,Echolocation,/mnt/ubna_data_02_mir/recover-20220922/UBNA_001/20220921_090000.WAV,Telephone Field,recover-20220922,001,1795
819.1965,819.2329,68437,81800,Rhinolophus ferrumequinum,0.023,0.023,-1,Echolocation,/mnt/ubna_data_02_mir/recover-20220922/UBNA_001/20220921_090000.WAV,Telephone Field,recover-20220922,001,1795
819.2025,819.2402,68437,82181,Rhinolophus ferrumequinum,0.023,0.023,-1,Echolocation,/mnt/ubna_data_02_mir/recover-20220922/UBNA_001/20220921_090000.WAV,Telephone Field,recover-20220922,001,1795
819.2385,819.2799,68437,82753,Rhinolophus ferrumequinum,0.025,0.025,-1,Echolocation,/mnt/ubna_data_02_mir/recover-20220922/UBNA_001/20220921_090000.WAV,Telephone Field,recover-20220922,001,1795
819.2715,819.3155,68437,83168,Rhinolophus ferrumequinum,0.038,0.038,-1,Echolocation,/mnt/ubna_data_02_mir/recover-20220922/UBNA_001/20220921_090000.WAV,Telephone Field,recover-20220922,001,1795
819.3165,819.3562,68437,82193,Rhinolophus ferrumequinum,0.022,0.022,-1,Echolocation,/mnt/ubna_data_02_mir/recover-20220922/UBNA_001/20220921_090000.WAV,Telephone Field,recover-20220922,001,1795
819.3255,819.3656,68437,82826,Rhinolophus ferrumequinum,0.027,0.027,-1,Echolocation,/mnt/ubna_data_02_mir/recover-20220922/UBNA_001/20220921_090000.WAV,Telephone Field,recover-20220922,001,1795
819.3665,819.4064,68437,82828,Rhinolophus ferrumequinum,0.024,0.024,-1,Echolocation,/mnt/ubna_data_02_mir/recover-20220922/UBNA_001/20220921_090000.WAV,Telephone Field,recover-20220922,001,1795
819.3845,819.3929,25468,34683,Eptesicus serotinus,0.008,0.027,-1,Echolocation,/mnt/ubna_data_02_mir/recover-20220922/UBNA_001/20220921_090000.WAV,Telephone Field,recover-20220922,001,1795
819.3875,819.4285,68437,81924,Rhinolophus ferrumequinum,0.037,0.037,-1,Echolocation,/mnt/ubna_data_02_mir/recover-20220922/UBNA_001/20220921_090000.WAV,Telephone Field,recover-20220922,001,1795
819.4075,819.4128,37500,47986,Myotis daubentonii,0.025,0.05,-1,Echolocation,/mnt/ubna_data_02_mir/recover-20220922/UBNA_001/20220921_090000.WAV,Telephone Field,recover-20220922,001,1795
819.4165,819.457,68437,82372,Rhinolophus ferrumequinum,0.021,0.021,-1,Echolocation,/mnt/ubna_data_02_mir/recover-20220922/UBNA_001/20220921_090000.WAV,Telephone Field,recover-20220922,001,1795
819.4375,819.4764,68437,81736,Rhinolophus ferrumequinum,0.021,0.021,-1,Echolocation,/mnt/ubna_data_02_mir/recover-20220922/UBNA_001/20220921_090000.WAV,Telephone Field,recover-20220922,001,1795
819.4895,819.4975,23750,32087,Plecotus austriacus,0.014,0.042,-1,Echolocation,/mnt/ubna_data_02_mir/recover-20220922/UBNA_001/20220921_090000.WAV,Telephone Field,recover-20220922,001,1795
819.5355,819.5716,68437,81821,Rhinolophus ferrumequinum,0.021,0.021,-1,Echolocation,/mnt/ubna_data_02_mir/recover-20220922/UBNA_001/20220921_090000.WAV,Telephone Field,recover-20220922,001,1795
819.5395,819.5489,28906,36402,Eptesicus serotinus,0.012,0.025,-1,Echolocation,/mnt/ubna_data_02_mir/recover-20220922/UBNA_001/20220921_090000.WAV,Telephone Field,recover-20220922,001,1795
819.5515,819.5887,68437,81419,Rhinolophus ferrumequinum,0.022,0.022,-1,Echolocation,/mnt/ubna_data_02_mir/recover-20220922/UBNA_001/20220921_090000.WAV,Telephone Field,recover-20220922,001,1795
819.5675,819.575,27187,40240,Eptesicus serotinus,0.008,0.024,-1,Echolocation,/mnt/ubna_data_02_mir/recover-20220922/UBNA_001/20220921_090000.WAV,Telephone Field,recover-20220922,001,1795
819.5765,819.6142,68437,81703,Rhinolophus ferrumequinum,0.021,0.021,-1,Echolocation,/mnt/ubna_data_02_mir/recover-20220922/UBNA_001/20220921_090000.WAV,Telephone Field,recover-20220922,001,1795
819.5875,819.598,23750,29567,Nyctalus leisleri,0.009,0.022,-1,Echolocation,/mnt/ubna_data_02_mir/recover-20220922/UBNA_001/20220921_090000.WAV,Telephone Field,recover-20220922,001,1795
819.6475,819.6876,68437,82554,Rhinolophus ferrumequinum,0.024,0.024,-1,Echolocation,/mnt/ubna_data_02_mir/recover-20220922/UBNA_001/20220921_090000.WAV,Telephone Field,recover-20220922,001,1795
819.7175,819.7568,68437,81979,Rhinolophus ferrumequinum,0.023,0.023,-1,Echolocation,/mnt/ubna_data_02_mir/recover-20220922/UBNA_001/20220921_090000.WAV,Telephone Field,recover-20220922,001,1795
819.7375,819.7748,68437,81862,Rhinolophus ferrumequinum,0.021,0.021,-1,Echolocation,/mnt/ubna_data_02_mir/recover-20220922/UBNA_001/20220921_090000.WAV,Telephone Field,recover-20220922,001,1795
819.7615,819.7997,68437,81775,Rhinolophus ferrumequinum,0.023,0.023,-1,Echolocation,/mnt/ubna_data_02_mir/recover-20220922/UBNA_001/20220921_090000.WAV,Telephone Field,recover-20220922,001,1795
819.8745,819.8832,49531,55219,Pipistrellus pipistrellus,0.018,0.021,-1,Echolocation,/mnt/ubna_data_02_mir/recover-20220922/UBNA_001/20220921_090000.WAV,Telephone Field,recover-20220922,001,1795
819.9105,819.9521,68437,82583,Rhinolophus ferrumequinum,0.022,0.022,-1,Echolocation,/mnt/ubna_data_02_mir/recover-20220922/UBNA_001/20220921_090000.WAV,Telephone Field,recover-20220922,001,1795
819.9215,819.9619,68437,82423,Rhinolophus ferrumequinum,0.027,0.027,-1,Echolocation,/mnt/ubna_data_02_mir/recover-20220922/UBNA_001/20220921_090000.WAV,Telephone Field,recover-20220922,001,1795
819.9515,819.9864,68437,81171,Rhinolophus ferrumequinum,0.021,0.022,-1,Echolocation,/mnt/ubna_data_02_mir/recover-20220922/UBNA_001/20220921_090000.WAV,Telephone Field,recover-20220922,001,1795
820.0015,820.0095,26328,37010,Nyctalus leisleri,0.005,0.022,-1,Echolocation,/mnt/ubna_data_02_mir/recover-20220922/UBNA_001/20220921_090000.WAV,Telephone Field,recover-20220922,001,1795
820.0015,820.032,69296,81701,Rhinolophus ferrumequinum,0.035,0.035,-1,Echolocation,/mnt/ubna_data_02_mir/recover-20220922/UBNA_001/20220921_090000.WAV,Telephone Field,recover-20220922,001,1795
820.0015,820.0164,52968,59845,Pipistrellus pygmaeus,0.02,0.028,-1,Echolocation,/mnt/ubna_data_02_mir/recover-20220922/UBNA_001/20220921_090000.WAV,Telephone Field,recover-20220922,001,1795
820.0015,820.0098,47812,56661,Pipistrellus pipistrellus,0.015,0.022,-1,Echolocation,/mnt/ubna_data_02_mir/recover-20220922/UBNA_001/20220921_090000.WAV,Telephone Field,recover-20220922,001,1795
820.0245,820.0669,68437,83381,Rhinolophus ferrumequinum,0.038,0.038,-1,Echolocation,/mnt/ubna_data_02_mir/recover-20220922/UBNA_001/20220921_090000.WAV,Telephone Field,recover-20220922,001,1795
820.0375,820.0787,68437,83089,Rhinolophus ferrumequinum,0.031,0.031,-1,Echolocation,/mnt/ubna_data_02_mir/recover-20220922/UBNA_001/20220921_090000.WAV,Telephone Field,recover-20220922,001,1795
820.0515,820.0614,27187,34784,Eptesicus serotinus,0.017,0.036,-1,Echolocation,/mnt/ubna_data_02_mir/recover-20220922/UBNA_001/20220921_090000.WAV,Telephone Field,recover-20220922,001,1795
820.0535,820.0949,68437,82721,Rhinolophus ferrumequinum,0.025,0.025,-1,Echolocation,/mnt/ubna_data_02_mir/recover-20220922/UBNA_001/20220921_090000.WAV,Telephone Field,recover-20220922,001,1795
820.0815,820.0944,28906,34735,Eptesicus serotinus,0.034,0.052,-1,Echolocation,/mnt/ubna_data_02_mir/recover-20220922/UBNA_001/20220921_090000.WAV,Telephone Field,recover-20220922,001,1795
820.1245,820.1637,68437,82391,Rhinolophus ferrumequinum,0.026,0.027,-1,Echolocation,/mnt/ubna_data_02_mir/recover-20220922/UBNA_001/20220921_090000.WAV,Telephone Field,recover-20220922,001,1795
820.1345,820.1454,27187,34110,Eptesicus serotinus,0.032,0.054,-1,Echolocation,/mnt/ubna_data_02_mir/recover-20220922/UBNA_001/20220921_090000.WAV,Telephone Field,recover-20220922,001,1795
820.1685,820.2082,68437,82580,Rhinolophus ferrumequinum,0.022,0.022,-1,Echolocation,/mnt/ubna_data_02_mir/recover-20220922/UBNA_001/20220921_090000.WAV,Telephone Field,recover-20220922,001,1795
820.1855,820.2273,68437,82605,Rhinolophus ferrumequinum,0.025,0.025,-1,Echolocation,/mnt/ubna_data_02_mir/recover-20220922/UBNA_001/20220921_090000.WAV,Telephone Field,recover-20220922,001,1795
820.1945,820.2037,26328,34600,Eptesicus serotinus,0.009,0.022,-1,Echolocation,/mnt/ubna_data_02_mir/recover-20220922/UBNA_001/20220921_090000.WAV,Telephone Field,recover-20220922,001,1795
820.2105,820.2487,68437,81892,Rhinolophus ferrumequinum,0.027,0.027,-1,Echolocation,/mnt/ubna_data_02_mir/recover-20220922/UBNA_001/20220921_090000.WAV,Telephone Field,recover-20220922,001,1795
820.2325,820.2422,28906,39255,Eptesicus serotinus,0.01,0.025,-1,Echolocation,/mnt/ubna_data_02_mir/recover-20220922/UBNA_001/20220921_090000.WAV,Telephone Field,recover-20220922,001,1795
820.2735,820.3143,68437,82879,Rhinolophus ferrumequinum,0.029,0.029,-1,Echolocation,/mnt/ubna_data_02_mir/recover-20220922/UBNA_001/20220921_090000.WAV,Telephone Field,recover-20220922,001,1795
820.2865,820.3271,68437,82671,Rhinolophus ferrumequinum,0.024,0.024,-1,Echolocation,/mnt/ubna_data_02_mir/recover-20220922/UBNA_001/20220921_090000.WAV,Telephone Field,recover-20220922,001,1795
820.3065,820.3162,28906,37315,Eptesicus serotinus,0.011,0.028,-1,Echolocation,/mnt/ubna_data_02_mir/recover-20220922/UBNA_001/20220921_090000.WAV,Telephone Field,recover-20220922,001,1795
820.3325,820.3663,68437,81646,Rhinolophus ferrumequinum,0.022,0.022,-1,Echolocation,/mnt/ubna_data_02_mir/recover-20220922/UBNA_001/20220921_090000.WAV,Telephone Field,recover-20220922,001,1795
820.3425,820.3515,28046,40790,Eptesicus serotinus,0.008,0.023,-1,Echolocation,/mnt/ubna_data_02_mir/recover-20220922/UBNA_001/20220921_090000.WAV,Telephone Field,recover-20220922,001,1795
820.3555,820.3656,28046,36482,Eptesicus serotinus,0.01,0.022,-1,Echolocation,/mnt/ubna_data_02_mir/recover-20220922/UBNA_001/20220921_090000.WAV,Telephone Field,recover-20220922,001,1795
820.3715,820.4064,68437,81236,Rhinolophus ferrumequinum,0.023,0.023,-1,Echolocation,/mnt/ubna_data_02_mir/recover-20220922/UBNA_001/20220921_090000.WAV,Telephone Field,recover-20220922,001,1795
820.4005,820.4427,68437,83082,Rhinolophus ferrumequinum,0.031,0.031,-1,Echolocation,/mnt/ubna_data_02_mir/recover-20220922/UBNA_001/20220921_090000.WAV,Telephone Field,recover-20220922,001,1795
820.4455,820.4837,68437,81335,Rhinolophus ferrumequinum,0.025,0.025,-1,Echolocation,/mnt/ubna_data_02_mir/recover-20220922/UBNA_001/20220921_090000.WAV,Telephone Field,recover-20220922,001,1795
820.5065,820.5146,46093,50992,Pipistrellus pipistrellus,0.027,0.029,-1,Echolocation,/mnt/ubna_data_02_mir/recover-20220922/UBNA_001/20220921_090000.WAV,Telephone Field,recover-20220922,001,1795
820.5405,820.58,68437,82223,Rhinolophus ferrumequinum,0.022,0.022,-1,Echolocation,/mnt/ubna_data_02_mir/recover-20220922/UBNA_001/20220921_090000.WAV,Telephone Field,recover-20220922,001,1795
820.5555,820.5661,22031,26872,Nyctalus leisleri,0.011,0.022,-1,Echolocation,/mnt/ubna_data_02_mir/recover-20220922/UBNA_001/20220921_090000.WAV,Telephone Field,recover-20220922,001,1795
820.5685,820.6101,68437,82546,Rhinolophus ferrumequinum,0.024,0.024,-1,Echolocation,/mnt/ubna_data_02_mir/recover-20220922/UBNA_001/20220921_090000.WAV,Telephone Field,recover-20220922,001,1795
820.5975,820.6075,15156,22330,Nyctalus noctula,0.015,0.027,-1,Echolocation,/mnt/ubna_data_02_mir/recover-20220922/UBNA_001/20220921_090000.WAV,Telephone Field,recover-20220922,001,1795
820.6005,820.6099,22890,29226,Nyctalus leisleri,0.007,0.022,-1,Echolocation,/mnt/ubna_data_02_mir/recover-20220922/UBNA_001/20220921_090000.WAV,Telephone Field,recover-20220922,001,1795
820.6655,820.6725,48671,52456,Pipistrellus pipistrellus,0.026,0.028,-1,Echolocation,/mnt/ubna_data_02_mir/recover-20220922/UBNA_001/20220921_090000.WAV,Telephone Field,recover-20220922,001,1795
820.6805,820.7189,68437,82163,Rhinolophus ferrumequinum,0.022,0.022,-1,Echolocation,/mnt/ubna_data_02_mir/recover-20220922/UBNA_001/20220921_090000.WAV,Telephone Field,recover-20220922,001,1795
820.7385,820.7779,68437,82397,Rhinolophus ferrumequinum,0.022,0.022,-1,Echolocation,/mnt/ubna_data_02_mir/recover-20220922/UBNA_001/20220921_090000.WAV,Telephone Field,recover-20220922,001,1795
820.7555,820.7925,68437,81650,Rhinolophus ferrumequinum,0.023,0.023,-1,Echolocation,/mnt/ubna_data_02_mir/recover-20220922/UBNA_001/20220921_090000.WAV,Telephone Field,recover-20220922,001,1795
820.7595,820.7699,24609,31678,Nyctalus leisleri,0.008,0.025,-1,Echolocation,/mnt/ubna_data_02_mir/recover-20220922/UBNA_001/20220921_090000.WAV,Telephone Field,recover-20220922,001,1795
820.8035,820.8394,68437,81119,Rhinolophus ferrumequinum,0.022,0.022,-1,Echolocation,/mnt/ubna_data_02_mir/recover-20220922/UBNA_001/20220921_090000.WAV,Telephone Field,recover-20220922,001,1795
820.8105,820.8492,68437,81668,Rhinolophus ferrumequinum,0.023,0.023,-1,Echolocation,/mnt/ubna_data_02_mir/recover-20220922/UBNA_001/20220921_090000.WAV,Telephone Field,recover-20220922,001,1795
820.8215,820.8629,68437,82635,Rhinolophus ferrumequinum,0.035,0.035,-1,Echolocation,/mnt/ubna_data_02_mir/recover-20220922/UBNA_001/20220921_090000.WAV,Telephone Field,recover-20220922,001,1795
820.8565,820.8963,68437,82563,Rhinolophus ferrumequinum,0.031,0.031,-1,Echolocation,/mnt/ubna_data_02_mir/recover-20220922/UBNA_001/20220921_090000.WAV,Telephone Field,recover-20220922,001,1795
820.8765,820.8852,28046,40574,Eptesicus serotinus,0.008,0.022,-1,Echolocation,/mnt/ubna_data_02_mir/recover-20220922/UBNA_001/20220921_090000.WAV,Telephone Field,recover-20220922,001,1795
820.9045,820.9144,16015,23862,Nyctalus noctula,0.014,0.028,-1,Echolocation,/mnt/ubna_data_02_mir/recover-20220922/UBNA_001/20220921_090000.WAV,Telephone Field,recover-20220922,001,1795
820.9155,820.9253,23750,29496,Nyctalus leisleri,0.008,0.023,-1,Echolocation,/mnt/ubna_data_02_mir/recover-20220922/UBNA_001/20220921_090000.WAV,Telephone Field,recover-20220922,001,1795
820.9195,820.9312,50390,53819,Pipistrellus pipistrellus,0.031,0.038,-1,Echolocation,/mnt/ubna_data_02_mir/recover-20220922/UBNA_001/20220921_090000.WAV,Telephone Field,recover-20220922,001,1795
820.9885,820.9982,26328,34944,Eptesicus serotinus,0.015,0.032,-1,Echolocation,/mnt/ubna_data_02_mir/recover-20220922/UBNA_001/20220921_090000.WAV,Telephone Field,recover-20220922,001,1795
821.0015,821.0404,68437,82401,Rhinolophus ferrumequinum,0.026,0.026,-1,Echolocation,/mnt/ubna_data_02_mir/recover-20220922/UBNA_001/20220921_090000.WAV,Telephone Field,recover-20220922,001,1795
821.0105,821.0516,68437,82626,Rhinolophus ferrumequinum,0.031,0.031,-1,Echolocation,/mnt/ubna_data_02_mir/recover-20220922/UBNA_001/20220921_090000.WAV,Telephone Field,recover-20220922,001,1795
821.0415,821.0825,68437,82503,Rhinolophus ferrumequinum,0.026,0.026,-1,Echolocation,/mnt/ubna_data_02_mir/recover-20220922/UBNA_001/20220921_090000.WAV,Telephone Field,recover-20220922,001,1795
821.0435,821.052,45234,50184,Pipistrellus pipistrellus,0.02,0.024,-1,Echolocation,/mnt/ubna_data_02_mir/recover-20220922/UBNA_001/20220921_090000.WAV,Telephone Field,recover-20220922,001,1795
821.0575,821.0937,68437,81097,Rhinolophus ferrumequinum,0.025,0.025,-1,Echolocation,/mnt/ubna_data_02_mir/recover-20220922/UBNA_001/20220921_090000.WAV,Telephone Field,recover-20220922,001,1795
821.0665,821.0745,23750,32926,Plecotus austriacus,0.011,0.029,-1,Echolocation,/mnt/ubna_data_02_mir/recover-20220922/UBNA_001/20220921_090000.WAV,Telephone Field,recover-20220922,001,1795
821.0825,821.122,68437,82723,Rhinolophus ferrumequinum,0.023,0.023,-1,Echolocation,/mnt/ubna_data_02_mir/recover-20220922/UBNA_001/20220921_090000.WAV,Telephone Field,recover-20220922,001,1795
821.0875,821.1268,68437,82414,Rhinolophus ferrumequinum,0.022,0.022,-1,Echolocation,/mnt/ubna_data_02_mir/recover-20220922/UBNA_001/20220921_090000.WAV,Telephone Field,recover-20220922,001,1795
821.1065,821.1155,28046,37867,Eptesicus serotinus,0.009,0.024,-1,Echolocation,/mnt/ubna_data_02_mir/recover-20220922/UBNA_001/20220921_090000.WAV,Telephone Field,recover-20220922,001,1795
821.1095,821.1476,68437,81909,Rhinolophus ferrumequinum,0.022,0.022,-1,Echolocation,/mnt/ubna_data_02_mir/recover-20220922/UBNA_001/20220921_090000.WAV,Telephone Field,recover-20220922,001,1795
821.1245,821.1638,68437,82681,Rhinolophus ferrumequinum,0.034,0.034,-1,Echolocation,/mnt/ubna_data_02_mir/recover-20220922/UBNA_001/20220921_090000.WAV,Telephone Field,recover-20220922,001,1795
821.1825,821.2181,68437,80945,Rhinolophus ferrumequinum,0.033,0.033,-1,Echolocation,/mnt/ubna_data_02_mir/recover-20220922/UBNA_001/20220921_090000.WAV,Telephone Field,recover-20220922,001,1795
821.2175,821.2565,68437,82561,Rhinolophus ferrumequinum,0.028,0.028,-1,Echolocation,/mnt/ubna_data_02_mir/recover-20220922/UBNA_001/20220921_090000.WAV,Telephone Field,recover-20220922,001,1795
821.2555,821.2964,68437,82129,Rhinolophus ferrumequinum,0.022,0.023,-1,Echolocation,/mnt/ubna_data_02_mir/recover-20220922/UBNA_001/20220921_090000.WAV,Telephone Field,recover-20220922,001,1795
821.3055,821.3163,23750,28943,Nyctalus leisleri,0.011,0.025,-1,Echolocation,/mnt/ubna_data_02_mir/recover-20220922/UBNA_001/20220921_090000.WAV,Telephone Field,recover-20220922,001,1795
821.3235,821.358,68437,80910,Rhinolophus ferrumequinum,0.022,0.022,-1,Echolocation,/mnt/ubna_data_02_mir/recover-20220922/UBNA_001/20220921_090000.WAV,Telephone Field,recover-20220922,001,1795
821.3405,821.3782,68437,82045,Rhinolophus ferrumequinum,0.036,0.036,-1,Echolocation,/mnt/ubna_data_02_mir/recover-20220922/UBNA_001/20220921_090000.WAV,Telephone Field,recover-20220922,001,1795
821.4175,821.425,23750,32822,Plecotus austriacus,0.011,0.025,-1,Echolocation,/mnt/ubna_data_02_mir/recover-20220922/UBNA_001/20220921_090000.WAV,Telephone Field,recover-20220922,001,1795
821.4225,821.4599,68437,81997,Rhinolophus ferrumequinum,0.023,0.023,-1,Echolocation,/mnt/ubna_data_02_mir/recover-20220922/UBNA_001/20220921_090000.WAV,Telephone Field,recover-20220922,001,1795
821.4525,821.49,68437,80963,Rhinolophus ferrumequinum,0.025,0.025,-1,Echolocation,/mnt/ubna_data_02_mir/recover-20220922/UBNA_001/20220921_090000.WAV,Telephone Field,recover-20220922,001,1795
821.4835,821.4925,23750,31549,Plecotus austriacus,0.013,0.05,-1,Echolocation,/mnt/ubna_data_02_mir/recover-20220922/UBNA_001/20220921_090000.WAV,Telephone Field,recover-20220922,001,1795
821.4865,821.5284,68437,82630,Rhinolophus ferrumequinum,0.037,0.037,-1,Echolocation,/mnt/ubna_data_02_mir/recover-20220922/UBNA_001/20220921_090000.WAV,Telephone Field,recover-20220922,001,1795
821.5075,821.5192,23750,28423,Nyctalus leisleri,0.014,0.026,-1,Echolocation,/mnt/ubna_data_02_mir/recover-20220922/UBNA_001/20220921_090000.WAV,Telephone Field,recover-20220922,001,1795
821.5375,821.5485,24609,31286,Nyctalus leisleri,0.012,0.031,-1,Echolocation,/mnt/ubna_data_02_mir/recover-20220922/UBNA_001/20220921_090000.WAV,Telephone Field,recover-20220922,001,1795
821.5625,821.6014,68437,82330,Rhinolophus ferrumequinum,0.024,0.025,-1,Echolocation,/mnt/ubna_data_02_mir/recover-20220922/UBNA_001/20220921_090000.WAV,Telephone Field,recover-20220922,001,1795
821.5765,821.6169,68437,82570,Rhinolophus ferrumequinum,0.024,0.024,-1,Echolocation,/mnt/ubna_data_02_mir/recover-20220922/UBNA_001/20220921_090000.WAV,Telephone Field,recover-20220922,001,1795
821.5985,821.6359,68437,81901,Rhinolophus ferrumequinum,0.022,0.022,-1,Echolocation,/mnt/ubna_data_02_mir/recover-20220922/UBNA_001/20220921_090000.WAV,Telephone Field,recover-20220922,001,1795
821.6335,821.6747,68437,82650,Rhinolophus ferrumequinum,0.023,0.023,-1,Echolocation,/mnt/ubna_data_02_mir/recover-20220922/UBNA_001/20220921_090000.WAV,Telephone Field,recover-20220922,001,1795
821.6635,821.6759,23750,28699,Nyctalus leisleri,0.014,0.031,-1,Echolocation,/mnt/ubna_data_02_mir/recover-20220922/UBNA_001/20220921_090000.WAV,Telephone Field,recover-20220922,001,1795
821.7235,821.7624,68437,81678,Rhinolophus ferrumequinum,0.024,0.024,-1,Echolocation,/mnt/ubna_data_02_mir/recover-20220922/UBNA_001/20220921_090000.WAV,Telephone Field,recover-20220922,001,1795
821.7505,821.7862,68437,81416,Rhinolophus ferrumequinum,0.024,0.024,-1,Echolocation,/mnt/ubna_data_02_mir/recover-20220922/UBNA_001/20220921_090000.WAV,Telephone Field,recover-20220922,001,1795
821.7575,821.794,68437,82045,Rhinolophus ferrumequinum,0.022,0.022,-1,Echolocation,/mnt/ubna_data_02_mir/recover-20220922/UBNA_001/20220921_090000.WAV,Telephone Field,recover-20220922,001,1795
821.7685,821.7836,22890,26667,Nyctalus leisleri,0.016,0.027,-1,Echolocation,/mnt/ubna_data_02_mir/recover-20220922/UBNA_001/20220921_090000.WAV,Telephone Field,recover-20220922,001,1795
821.7765,821.8181,68437,83139,Rhinolophus ferrumequinum,0.031,0.031,-1,Echolocation,/mnt/ubna_data_02_mir/recover-20220922/UBNA_001/20220921_090000.WAV,Telephone Field,recover-20220922,001,1795
821.7835,821.8263,68437,83570,Rhinolophus ferrumequinum,0.026,0.026,-1,Echolocation,/mnt/ubna_data_02_mir/recover-20220922/UBNA_001/20220921_090000.WAV,Telephone Field,recover-20220922,001,1795
821.7875,821.7955,28046,38154,Eptesicus serotinus,0.008,0.023,-1,Echolocation,/mnt/ubna_data_02_mir/recover-20220922/UBNA_001/20220921_090000.WAV,Telephone Field,recover-20220922,001,1795
821.7945,821.8348,68437,82699,Rhinolophus ferrumequinum,0.024,0.024,-1,Echolocation,/mnt/ubna_data_02_mir/recover-20220922/UBNA_001/20220921_090000.WAV,Telephone Field,recover-20220922,001,1795
821.8015,821.8391,68437,82465,Rhinolophus ferrumequinum,0.022,0.022,-1,Echolocation,/mnt/ubna_data_02_mir/recover-20220922/UBNA_001/20220921_090000.WAV,Telephone Field,recover-20220922,001,1795
821.8025,821.813,23750,30321,Nyctalus leisleri,0.01,0.028,-1,Echolocation,/mnt/ubna_data_02_mir/recover-20220922/UBNA_001/20220921_090000.WAV,Telephone Field,recover-20220922,001,1795
821.8095,821.8466,68437,81316,Rhinolophus ferrumequinum,0.022,0.022,-1,Echolocation,/mnt/ubna_data_02_mir/recover-20220922/UBNA_001/20220921_090000.WAV,Telephone Field,recover-20220922,001,1795
821.8695,821.9083,68437,81453,Rhinolophus ferrumequinum,0.025,0.025,-1,Echolocation,/mnt/ubna_data_02_mir/recover-20220922/UBNA_001/20220921_090000.WAV,Telephone Field,recover-20220922,001,1795
821.8955,821.9059,22031,27128,Nyctalus leisleri,0.011,0.024,-1,Echolocation,/mnt/ubna_data_02_mir/recover-20220922/UBNA_001/20220921_090000.WAV,Telephone Field,recover-20220922,001,1795
821.9025,821.91,27187,41941,Eptesicus serotinus,0.009,0.027,-1,Echolocation,/mnt/ubna_data_02_mir/recover-20220922/UBNA_001/20220921_090000.WAV,Telephone Field,recover-20220922,001,1795
821.9025,821.938,68437,81729,Rhinolophus ferrumequinum,0.023,0.023,-1,Echolocation,/mnt/ubna_data_02_mir/recover-20220922/UBNA_001/20220921_090000.WAV,Telephone Field,recover-20220922,001,1795
821.9135,821.951,68437,82219,Rhinolophus ferrumequinum,0.022,0.022,-1,Echolocation,/mnt/ubna_data_02_mir/recover-20220922/UBNA_001/20220921_090000.WAV,Telephone Field,recover-20220922,001,1795
821.9165,821.9239,46093,51144,Pipistrellus pipistrellus,0.039,0.041,-1,Echolocation,/mnt/ubna_data_02_mir/recover-20220922/UBNA_001/20220921_090000.WAV,Telephone Field,recover-20220922,001,1795
821.9405,821.9501,26328,38599,Eptesicus serotinus,0.011,0.025,-1,Echolocation,/mnt/ubna_data_02_mir/recover-20220922/UBNA_001/20220921_090000.WAV,Telephone Field,recover-20220922,001,1795
821.9855,821.996,25468,34539,Eptesicus serotinus,0.009,0.022,-1,Echolocation,/mnt/ubna_data_02_mir/recover-20220922/UBNA_001/20220921_090000.WAV,Telephone Field,recover-20220922,001,1795
822.0015,822.0095,25468,36899,Nyctalus leisleri,0.006,0.025,-1,Echolocation,/mnt/ubna_data_02_mir/recover-20220922/UBNA_001/20220921_090000.WAV,Telephone Field,recover-20220922,001,1795
822.0025,822.0448,68437,82553,Rhinolophus ferrumequinum,0.023,0.023,-1,Echolocation,/mnt/ubna_data_02_mir/recover-20220922/UBNA_001/20220921_090000.WAV,Telephone Field,recover-20220922,001,1795
822.0085,822.0511,68437,82270,Rhinolophus ferrumequinum,0.023,0.023,-1,Echolocation,/mnt/ubna_data_02_mir/recover-20220922/UBNA_001/20220921_090000.WAV,Telephone Field,recover-20220922,001,1795
822.0275,822.069,68437,82771,Rhinolophus ferrumequinum,0.021,0.021,-1,Echolocation,/mnt/ubna_data_02_mir/recover-20220922/UBNA_001/20220921_090000.WAV,Telephone Field,recover-20220922,001,1795
822.0425,822.0511,50390,55670,Pipistrellus pipistrellus,0.024,0.027,-1,Echolocation,/mnt/ubna_data_02_mir/recover-20220922/UBNA_001/20220921_090000.WAV,Telephone Field,recover-20220922,001,1795
822.0665,822.0731,28046,39787,Eptesicus serotinus,0.006,0.026,-1,Echolocation,/mnt/ubna_data_02_mir/recover-20220922/UBNA_001/20220921_090000.WAV,Telephone Field,recover-20220922,001,1795
822.0975,822.1074,28046,36366,Eptesicus serotinus,0.011,0.025,-1,Echolocation,/mnt/ubna_data_02_mir/recover-20220922/UBNA_001/20220921_090000.WAV,Telephone Field,recover-20220922,001,1795
822.0985,822.1407,68437,82639,Rhinolophus ferrumequinum,0.025,0.025,-1,Echolocation,/mnt/ubna_data_02_mir/recover-20220922/UBNA_001/20220921_090000.WAV,Telephone Field,recover-20220922,001,1795
822.1155,822.1247,30625,40973,Eptesicus serotinus,0.007,0.022,-1,Echolocation,/mnt/ubna_data_02_mir/recover-20220922/UBNA_001/20220921_090000.WAV,Telephone Field,recover-20220922,001,1795
822.1235,822.1328,35781,41837,Barbastellus barbastellus,0.006,0.024,-1,Echolocation,/mnt/ubna_data_02_mir/recover-20220922/UBNA_001/20220921_090000.WAV,Telephone Field,recover-20220922,001,1795
822.1485,822.1877,68437,82231,Rhinolophus ferrumequinum,0.023,0.023,-1,Echolocation,/mnt/ubna_data_02_mir/recover-20220922/UBNA_001/20220921_090000.WAV,Telephone Field,recover-20220922,001,1795
822.1525,822.1591,51250,57216,Pipistrellus pipistrellus,0.023,0.027,-1,Echolocation,/mnt/ubna_data_02_mir/recover-20220922/UBNA_001/20220921_090000.WAV,Telephone Field,recover-20220922,001,1795
822.1745,822.213,68437,82053,Rhinolophus ferrumequinum,0.022,0.022,-1,Echolocation,/mnt/ubna_data_02_mir/recover-20220922/UBNA_001/20220921_090000.WAV,Telephone Field,recover-20220922,001,1795
822.1755,822.1831999999999,47812,51828,Pipistrellus pipistrellus,0.022,0.024,-1,Echolocation,/mnt/ubna_data_02_mir/recover-20220922/UBNA_001/20220921_090000.WAV,Telephone Field,recover-20220922,001,1795
822.2735,822.3122,68437,82380,Rhinolophus ferrumequinum,0.032,0.032,-1,Echolocation,/mnt/ubna_data_02_mir/recover-20220922/UBNA_001/20220921_090000.WAV,Telephone Field,recover-20220922,001,1795
822.2915,822.3327,68437,82476,Rhinolophus ferrumequinum,0.027,0.027,-1,Echolocation,/mnt/ubna_data_02_mir/recover-20220922/UBNA_001/20220921_090000.WAV,Telephone Field,recover-20220922,001,1795
822.2995,822.3116,23750,29232,Nyctalus leisleri,0.02,0.037,-1,Echolocation,/mnt/ubna_data_02_mir/recover-20220922/UBNA_001/20220921_090000.WAV,Telephone Field,recover-20220922,001,1795
822.3365,822.3748,68437,82119,Rhinolophus ferrumequinum,0.021,0.021,-1,Echolocation,/mnt/ubna_data_02_mir/recover-20220922/UBNA_001/20220921_090000.WAV,Telephone Field,recover-20220922,001,1795
822.3475,822.3869,68437,82356,Rhinolophus ferrumequinum,0.024,0.024,-1,Echolocation,/mnt/ubna_data_02_mir/recover-20220922/UBNA_001/20220921_090000.WAV,Telephone Field,recover-20220922,001,1795
822.3805,822.4188,68437,82319,Rhinolophus ferrumequinum,0.029,0.029,-1,Echolocation,/mnt/ubna_data_02_mir/recover-20220922/UBNA_001/20220921_090000.WAV,Telephone Field,recover-20220922,001,1795
822.4015,822.4135,28906,37960,Eptesicus serotinus,0.018,0.033,-1,Echolocation,/mnt/ubna_data_02_mir/recover-20220922/UBNA_001/20220921_090000.WAV,Telephone Field,recover-20220922,001,1795
822.4045,822.4475,68437,82927,Rhinolophus ferrumequinum,0.03,0.03,-1,Echolocation,/mnt/ubna_data_02_mir/recover-20220922/UBNA_001/20220921_090000.WAV,Telephone Field,recover-20220922,001,1795
822.4235,822.4641,68437,82065,Rhinolophus ferrumequinum,0.026,0.026,-1,Echolocation,/mnt/ubna_data_02_mir/recover-20220922/UBNA_001/20220921_090000.WAV,Telephone Field,recover-20220922,001,1795
822.4765,822.4877,23750,28131,Nyctalus leisleri,0.013,0.023,-1,Echolocation,/mnt/ubna_data_02_mir/recover-20220922/UBNA_001/20220921_090000.WAV,Telephone Field,recover-20220922,001,1795
822.4775,822.5142,68437,81685,Rhinolophus ferrumequinum,0.023,0.023,-1,Echolocation,/mnt/ubna_data_02_mir/recover-20220922/UBNA_001/20220921_090000.WAV,Telephone Field,recover-20220922,001,1795
822.5195,822.5577,68437,81866,Rhinolophus ferrumequinum,0.024,0.024,-1,Echolocation,/mnt/ubna_data_02_mir/recover-20220922/UBNA_001/20220921_090000.WAV,Telephone Field,recover-20220922,001,1795
822.5435,822.5834,68437,81354,Rhinolophus ferrumequinum,0.027,0.027,-1,Echolocation,/mnt/ubna_data_02_mir/recover-20220922/UBNA_001/20220921_090000.WAV,Telephone Field,recover-20220922,001,1795
822.6085,822.6464,68437,81818,Rhinolophus ferrumequinum,0.023,0.024,-1,Echolocation,/mnt/ubna_data_02_mir/recover-20220922/UBNA_001/20220921_090000.WAV,Telephone Field,recover-20220922,001,1795
822.6095,822.6206,29765,35977,Eptesicus serotinus,0.01,0.022,-1,Echolocation,/mnt/ubna_data_02_mir/recover-20220922/UBNA_001/20220921_090000.WAV,Telephone Field,recover-20220922,001,1795
822.6195,822.6303,28906,35987,Eptesicus serotinus,0.01,0.024,-1,Echolocation,/mnt/ubna_data_02_mir/recover-20220922/UBNA_001/20220921_090000.WAV,Telephone Field,recover-20220922,001,1795
822.6265,822.637,28046,34146,Eptesicus serotinus,0.009,0.023,-1,Echolocation,/mnt/ubna_data_02_mir/recover-20220922/UBNA_001/20220921_090000.WAV,Telephone Field,recover-20220922,001,1795
822.6675,822.7096,68437,82850,Rhinolophus ferrumequinum,0.029,0.029,-1,Echolocation,/mnt/ubna_data_02_mir/recover-20220922/UBNA_001/20220921_090000.WAV,Telephone Field,recover-20220922,001,1795
822.6915,822.7313,68437,82534,Rhinolophus ferrumequinum,0.021,0.021,-1,Echolocation,/mnt/ubna_data_02_mir/recover-20220922/UBNA_001/20220921_090000.WAV,Telephone Field,recover-20220922,001,1795
822.7145,822.7233,28046,42057,Eptesicus serotinus,0.008,0.021,-1,Echolocation,/mnt/ubna_data_02_mir/recover-20220922/UBNA_001/20220921_090000.WAV,Telephone Field,recover-20220922,001,1795
822.7175,822.7586,68437,83117,Rhinolophus ferrumequinum,0.032,0.032,-1,Echolocation,/mnt/ubna_data_02_mir/recover-20220922/UBNA_001/20220921_090000.WAV,Telephone Field,recover-20220922,001,1795
822.7345,822.7461,24609,30549,Nyctalus leisleri,0.015,0.035,-1,Echolocation,/mnt/ubna_data_02_mir/recover-20220922/UBNA_001/20220921_090000.WAV,Telephone Field,recover-20220922,001,1795
822.7455,822.7833,68437,82110,Rhinolophus ferrumequinum,0.024,0.024,-1,Echolocation,/mnt/ubna_data_02_mir/recover-20220922/UBNA_001/20220921_090000.WAV,Telephone Field,recover-20220922,001,1795
822.7675,822.8025,68437,81213,Rhinolophus ferrumequinum,0.023,0.023,-1,Echolocation,/mnt/ubna_data_02_mir/recover-20220922/UBNA_001/20220921_090000.WAV,Telephone Field,recover-20220922,001,1795
822.7765,822.8164,68437,82568,Rhinolophus ferrumequinum,0.023,0.023,-1,Echolocation,/mnt/ubna_data_02_mir/recover-20220922/UBNA_001/20220921_090000.WAV,Telephone Field,recover-20220922,001,1795
822.7965,822.8036,24609,34027,Plecotus austriacus,0.01,0.025,-1,Echolocation,/mnt/ubna_data_02_mir/recover-20220922/UBNA_001/20220921_090000.WAV,Telephone Field,recover-20220922,001,1795
822.8005,822.8343,68437,81178,Rhinolophus ferrumequinum,0.024,0.024,-1,Echolocation,/mnt/ubna_data_02_mir/recover-20220922/UBNA_001/20220921_090000.WAV,Telephone Field,recover-20220922,001,1795
822.8145,822.854,68437,82355,Rhinolophus ferrumequinum,0.028,0.028,-1,Echolocation,/mnt/ubna_data_02_mir/recover-20220922/UBNA_001/20220921_090000.WAV,Telephone Field,recover-20220922,001,1795
822.8155,822.8243,28046,36187,Eptesicus serotinus,0.011,0.024,-1,Echolocation,/mnt/ubna_data_02_mir/recover-20220922/UBNA_001/20220921_090000.WAV,Telephone Field,recover-20220922,001,1795
822.8165,822.8266,23750,31207,Eptesicus serotinus,0.009,0.025,-1,Echolocation,/mnt/ubna_data_02_mir/recover-20220922/UBNA_001/20220921_090000.WAV,Telephone Field,recover-20220922,001,1795
822.8255,822.8648,68437,82259,Rhinolophus ferrumequinum,0.021,0.021,-1,Echolocation,/mnt/ubna_data_02_mir/recover-20220922/UBNA_001/20220921_090000.WAV,Telephone Field,recover-20220922,001,1795
822.8275,822.8382,40078,48607,Pipistrellus nathusii,0.008,0.024,-1,Echolocation,/mnt/ubna_data_02_mir/recover-20220922/UBNA_001/20220921_090000.WAV,Telephone Field,recover-20220922,001,1795
822.8585,822.898,68437,81741,Rhinolophus ferrumequinum,0.025,0.025,-1,Echolocation,/mnt/ubna_data_02_mir/recover-20220922/UBNA_001/20220921_090000.WAV,Telephone Field,recover-20220922,001,1795
822.8655,822.9034,68437,81760,Rhinolophus ferrumequinum,0.024,0.024,-1,Echolocation,/mnt/ubna_data_02_mir/recover-20220922/UBNA_001/20220921_090000.WAV,Telephone Field,recover-20220922,001,1795
822.8685,822.878,26328,33879,Eptesicus serotinus,0.011,0.026,-1,Echolocation,/mnt/ubna_data_02_mir/recover-20220922/UBNA_001/20220921_090000.WAV,Telephone Field,recover-20220922,001,1795
822.8865,822.9252,68437,82057,Rhinolophus ferrumequinum,0.023,0.023,-1,Echolocation,/mnt/ubna_data_02_mir/recover-20220922/UBNA_001/20220921_090000.WAV,Telephone Field,recover-20220922,001,1795
822.9165,822.9271,28906,35996,Eptesicus serotinus,0.011,0.024,-1,Echolocation,/mnt/ubna_data_02_mir/recover-20220922/UBNA_001/20220921_090000.WAV,Telephone Field,recover-20220922,001,1795
822.9355,822.9764,68437,82592,Rhinolophus ferrumequinum,0.022,0.022,-1,Echolocation,/mnt/ubna_data_02_mir/recover-20220922/UBNA_001/20220921_090000.WAV,Telephone Field,recover-20220922,001,1795
822.9715,823.0118,68437,82529,Rhinolophus ferrumequinum,0.026,0.026,-1,Echolocation,/mnt/ubna_data_02_mir/recover-20220922/UBNA_001/20220921_090000.WAV,Telephone Field,recover-20220922,001,1795
822.9795,823.0217,68437,82612,Rhinolophus ferrumequinum,0.025,0.025,-1,Echolocation,/mnt/ubna_data_02_mir/recover-20220922/UBNA_001/20220921_090000.WAV,Telephone Field,recover-20220922,001,1795
822.9935,822.9987,26328,39854,Plecotus auritus,0.018,0.047,-1,Echolocation,/mnt/ubna_data_02_mir/recover-20220922/UBNA_001/20220921_090000.WAV,Telephone Field,recover-20220922,001,1795
823.0145,823.0499,68437,80272,Rhinolophus ferrumequinum,0.021,0.022,-1,Echolocation,/mnt/ubna_data_02_mir/recover-20220922/UBNA_001/20220921_090000.WAV,Telephone Field,recover-20220922,001,1795
823.0205,823.0579,68437,81505,Rhinolophus ferrumequinum,0.022,0.022,-1,Echolocation,/mnt/ubna_data_02_mir/recover-20220922/UBNA_001/20220921_090000.WAV,Telephone Field,recover-20220922,001,1795
823.0225,823.0328,23750,31144,Nyctalus leisleri,0.008,0.023,-1,Echolocation,/mnt/ubna_data_02_mir/recover-20220922/UBNA_001/20220921_090000.WAV,Telephone Field,recover-20220922,001,1795
823.0365,823.0457,28046,34593,Eptesicus serotinus,0.011,0.026,-1,Echolocation,/mnt/ubna_data_02_mir/recover-20220922/UBNA_001/20220921_090000.WAV,Telephone Field,recover-20220922,001,1795
823.0845,823.1239,68437,82047,Rhinolophus ferrumequinum,0.025,0.026,-1,Echolocation,/mnt/ubna_data_02_mir/recover-20220922/UBNA_001/20220921_090000.WAV,Telephone Field,recover-20220922,001,1795
823.1105,823.1493,68437,82048,Rhinolophus ferrumequinum,0.025,0.025,-1,Echolocation,/mnt/ubna_data_02_mir/recover-20220922/UBNA_001/20220921_090000.WAV,Telephone Field,recover-20220922,001,1795
823.1215,823.1587,68437,81535,Rhinolophus ferrumequinum,0.021,0.021,-1,Echolocation,/mnt/ubna_data_02_mir/recover-20220922/UBNA_001/20220921_090000.WAV,Telephone Field,recover-20220922,001,1795
823.1445,823.1555,14296,19872,Nyctalus noctula,0.013,0.023,-1,Echolocation,/mnt/ubna_data_02_mir/recover-20220922/UBNA_001/20220921_090000.WAV,Telephone Field,recover-20220922,001,1795
823.1575,823.1649,28046,39182,Eptesicus serotinus,0.01,0.028,-1,Echolocation,/mnt/ubna_data_02_mir/recover-20220922/UBNA_001/20220921_090000.WAV,Telephone Field,recover-20220922,001,1795
823.1825,823.2262,68437,83401,Rhinolophus ferrumequinum,0.037,0.037,-1,Echolocation,/mnt/ubna_data_02_mir/recover-20220922/UBNA_001/20220921_090000.WAV,Telephone Field,recover-20220922,001,1795
823.2155,823.2282,24609,30299,Nyctalus leisleri,0.011,0.025,-1,Echolocation,/mnt/ubna_data_02_mir/recover-20220922/UBNA_001/20220921_090000.WAV,Telephone Field,recover-20220922,001,1795
823.2325,823.2682,68437,81428,Rhinolophus ferrumequinum,0.021,0.021,-1,Echolocation,/mnt/ubna_data_02_mir/recover-20220922/UBNA_001/20220921_090000.WAV,Telephone Field,recover-20220922,001,1795
823.2395,823.2768,68437,81551,Rhinolophus ferrumequinum,0.021,0.021,-1,Echolocation,/mnt/ubna_data_02_mir/recover-20220922/UBNA_001/20220921_090000.WAV,Telephone Field,recover-20220922,001,1795
823.2735,823.282,46953,52216,Pipistrellus pipistrellus,0.028,0.031,-1,Echolocation,/mnt/ubna_data_02_mir/recover-20220922/UBNA_001/20220921_090000.WAV,Telephone Field,recover-20220922,001,1795
823.3105,823.3524,68437,82683,Rhinolophus ferrumequinum,0.027,0.027,-1,Echolocation,/mnt/ubna_data_02_mir/recover-20220922/UBNA_001/20220921_090000.WAV,Telephone Field,recover-20220922,001,1795
823.3695,823.4088,68437,82120,Rhinolophus ferrumequinum,0.023,0.023,-1,Echolocation,/mnt/ubna_data_02_mir/recover-20220922/UBNA_001/20220921_090000.WAV,Telephone Field,recover-20220922,001,1795
823.3765,823.4156,68437,81962,Rhinolophus ferrumequinum,0.025,0.025,-1,Echolocation,/mnt/ubna_data_02_mir/recover-20220922/UBNA_001/20220921_090000.WAV,Telephone Field,recover-20220922,001,1795
823.4155,823.4543,68437,82014,Rhinolophus ferrumequinum,0.029,0.029,-1,Echolocation,/mnt/ubna_data_02_mir/recover-20220922/UBNA_001/20220921_090000.WAV,Telephone Field,recover-20220922,001,1795
823.4255,823.4674,68437,82931,Rhinolophus ferrumequinum,0.034,0.034,-1,Echolocation,/mnt/ubna_data_02_mir/recover-20220922/UBNA_001/20220921_090000.WAV,Telephone Field,recover-20220922,001,1795
823.4795,823.5171,68437,81613,Rhinolophus ferrumequinum,0.021,0.021,-1,Echolocation,/mnt/ubna_data_02_mir/recover-20220922/UBNA_001/20220921_090000.WAV,Telephone Field,recover-20220922,001,1795
823.4805,823.4882,28046,38083,Eptesicus serotinus,0.007,0.022,-1,Echolocation,/mnt/ubna_data_02_mir/recover-20220922/UBNA_001/20220921_090000.WAV,Telephone Field,recover-20220922,001,1795
823.4945,823.5357,68437,82358,Rhinolophus ferrumequinum,0.037,0.037,-1,Echolocation,/mnt/ubna_data_02_mir/recover-20220922/UBNA_001/20220921_090000.WAV,Telephone Field,recover-20220922,001,1795
823.5145,823.5524,68437,81574,Rhinolophus ferrumequinum,0.025,0.026,-1,Echolocation,/mnt/ubna_data_02_mir/recover-20220922/UBNA_001/20220921_090000.WAV,Telephone Field,recover-20220922,001,1795
823.5195,823.5263,27187,41389,Eptesicus serotinus,0.006,0.023,-1,Echolocation,/mnt/ubna_data_02_mir/recover-20220922/UBNA_001/20220921_090000.WAV,Telephone Field,recover-20220922,001,1795
823.5345,823.5762,68437,82863,Rhinolophus ferrumequinum,0.023,0.023,-1,Echolocation,/mnt/ubna_data_02_mir/recover-20220922/UBNA_001/20220921_090000.WAV,Telephone Field,recover-20220922,001,1795
823.5475,823.5562,28046,38417,Eptesicus serotinus,0.008,0.022,-1,Echolocation,/mnt/ubna_data_02_mir/recover-20220922/UBNA_001/20220921_090000.WAV,Telephone Field,recover-20220922,001,1795
823.5765,823.6163,68437,81931,Rhinolophus ferrumequinum,0.022,0.022,-1,Echolocation,/mnt/ubna_data_02_mir/recover-20220922/UBNA_001/20220921_090000.WAV,Telephone Field,recover-20220922,001,1795
823.5775,823.5866,51250,57384,Pipistrellus pipistrellus,0.018,0.023,-1,Echolocation,/mnt/ubna_data_02_mir/recover-20220922/UBNA_001/20220921_090000.WAV,Telephone Field,recover-20220922,001,1795
823.6035,823.6442,68437,82827,Rhinolophus ferrumequinum,0.032,0.032,-1,Echolocation,/mnt/ubna_data_02_mir/recover-20220922/UBNA_001/20220921_090000.WAV,Telephone Field,recover-20220922,001,1795
823.6125,823.6213,26328,34803,Eptesicus serotinus,0.008,0.021,-1,Echolocation,/mnt/ubna_data_02_mir/recover-20220922/UBNA_001/20220921_090000.WAV,Telephone Field,recover-20220922,001,1795
823.6765,823.7196,68437,83269,Rhinolophus ferrumequinum,0.04,0.04,-1,Echolocation,/mnt/ubna_data_02_mir/recover-20220922/UBNA_001/20220921_090000.WAV,Telephone Field,recover-20220922,001,1795
823.7075,823.7502,68437,83016,Rhinolophus ferrumequinum,0.033,0.033,-1,Echolocation,/mnt/ubna_data_02_mir/recover-20220922/UBNA_001/20220921_090000.WAV,Telephone Field,recover-20220922,001,1795
823.7215,823.7305,28906,36928,Eptesicus serotinus,0.008,0.022,-1,Echolocation,/mnt/ubna_data_02_mir/recover-20220922/UBNA_001/20220921_090000.WAV,Telephone Field,recover-20220922,001,1795
823.7405,823.7797,68437,82390,Rhinolophus ferrumequinum,0.023,0.023,-1,Echolocation,/mnt/ubna_data_02_mir/recover-20220922/UBNA_001/20220921_090000.WAV,Telephone Field,recover-20220922,001,1795
823.7555,823.7957,68437,82503,Rhinolophus ferrumequinum,0.025,0.025,-1,Echolocation,/mnt/ubna_data_02_mir/recover-20220922/UBNA_001/20220921_090000.WAV,Telephone Field,recover-20220922,001,1795
823.7935,823.8294,68437,81524,Rhinolophus ferrumequinum,0.022,0.022,-1,Echolocation,/mnt/ubna_data_02_mir/recover-20220922/UBNA_001/20220921_090000.WAV,Telephone Field,recover-20220922,001,1795
823.8025,823.8417,68437,82094,Rhinolophus ferrumequinum,0.023,0.023,-1,Echolocation,/mnt/ubna_data_02_mir/recover-20220922/UBNA_001/20220921_090000.WAV,Telephone Field,recover-20220922,001,1795
823.8105,823.8463,68437,81076,Rhinolophus ferrumequinum,0.023,0.024,-1,Echolocation,/mnt/ubna_data_02_mir/recover-20220922/UBNA_001/20220921_090000.WAV,Telephone Field,recover-20220922,001,1795
823.8235,823.8314,26328,35295,Eptesicus serotinus,0.008,0.021,-1,Echolocation,/mnt/ubna_data_02_mir/recover-20220922/UBNA_001/20220921_090000.WAV,Telephone Field,recover-20220922,001,1795
823.8515,823.888,68437,81893,Rhinolophus ferrumequinum,0.026,0.026,-1,Echolocation,/mnt/ubna_data_02_mir/recover-20220922/UBNA_001/20220921_090000.WAV,Telephone Field,recover-20220922,001,1795
823.8915,823.8994,25468,33844,Eptesicus serotinus,0.007,0.023,-1,Echolocation,/mnt/ubna_data_02_mir/recover-20220922/UBNA_001/20220921_090000.WAV,Telephone Field,recover-20220922,001,1795
823.9095,823.9441,68437,81359,Rhinolophus ferrumequinum,0.022,0.022,-1,Echolocation,/mnt/ubna_data_02_mir/recover-20220922/UBNA_001/20220921_090000.WAV,Telephone Field,recover-20220922,001,1795
823.9275,823.9671,68437,82610,Rhinolophus ferrumequinum,0.021,0.021,-1,Echolocation,/mnt/ubna_data_02_mir/recover-20220922/UBNA_001/20220921_090000.WAV,Telephone Field,recover-20220922,001,1795
823.9495,823.9901,68437,82143,Rhinolophus ferrumequinum,0.025,0.025,-1,Echolocation,/mnt/ubna_data_02_mir/recover-20220922/UBNA_001/20220921_090000.WAV,Telephone Field,recover-20220922,001,1795
824.0015,824.0344,68437,79581,Rhinolophus ferrumequinum,0.047,0.047,-1,Echolocation,/mnt/ubna_data_02_mir/recover-20220922/UBNA_001/20220921_090000.WAV,Telephone Field,recover-20220922,001,1795
824.0015,824.0138,23750,30428,Nyctalus leisleri,0.022,0.047,-1,Echolocation,/mnt/ubna_data_02_mir/recover-20220922/UBNA_001/20220921_090000.WAV,Telephone Field,recover-20220922,001,1795
824.0085,824.0499,67578,80427,Rhinolophus ferrumequinum,0.035,0.035,-1,Echolocation,/mnt/ubna_data_02_mir/recover-20220922/UBNA_001/20220921_090000.WAV,Telephone Field,recover-20220922,001,1795
824.0375,824.0738,68437,81165,Rhinolophus ferrumequinum,0.023,0.023,-1,Echolocation,/mnt/ubna_data_02_mir/recover-20220922/UBNA_001/20220921_090000.WAV,Telephone Field,recover-20220922,001,1795
824.0565,824.0672,28906,38440,Eptesicus serotinus,0.016,0.031,-1,Echolocation,/mnt/ubna_data_02_mir/recover-20220922/UBNA_001/20220921_090000.WAV,Telephone Field,recover-20220922,001,1795
824.0755,824.1144,68437,82400,Rhinolophus ferrumequinum,0.027,0.027,-1,Echolocation,/mnt/ubna_data_02_mir/recover-20220922/UBNA_001/20220921_090000.WAV,Telephone Field,recover-20220922,001,1795
824.1215,824.1306,27187,38723,Eptesicus serotinus,0.009,0.023,-1,Echolocation,/mnt/ubna_data_02_mir/recover-20220922/UBNA_001/20220921_090000.WAV,Telephone Field,recover-20220922,001,1795
824.1655,824.2041,68437,82301,Rhinolophus ferrumequinum,0.021,0.021,-1,Echolocation,/mnt/ubna_data_02_mir/recover-20220922/UBNA_001/20220921_090000.WAV,Telephone Field,recover-20220922,001,1795
824.1835,824.1922,28046,37899,Eptesicus serotinus,0.008,0.021,-1,Echolocation,/mnt/ubna_data_02_mir/recover-20220922/UBNA_001/20220921_090000.WAV,Telephone Field,recover-20220922,001,1795
824.1975,824.2091,34921,40390,Pipistrellus nathusii,0.006,0.021,-1,Echolocation,/mnt/ubna_data_02_mir/recover-20220922/UBNA_001/20220921_090000.WAV,Telephone Field,recover-20220922,001,1795
824.2315,824.2403,28046,37143,Eptesicus serotinus,0.009,0.023,-1,Echolocation,/mnt/ubna_data_02_mir/recover-20220922/UBNA_001/20220921_090000.WAV,Telephone Field,recover-20220922,001,1795
824.2555,824.2643,26328,34449,Eptesicus serotinus,0.009,0.022,-1,Echolocation,/mnt/ubna_data_02_mir/recover-20220922/UBNA_001/20220921_090000.WAV,Telephone Field,recover-20220922,001,1795
824.2615,824.2978,68437,81184,Rhinolophus ferrumequinum,0.021,0.021,-1,Echolocation,/mnt/ubna_data_02_mir/recover-20220922/UBNA_001/20220921_090000.WAV,Telephone Field,recover-20220922,001,1795
824.2795,824.3188,68437,81864,Rhinolophus ferrumequinum,0.021,0.021,-1,Echolocation,/mnt/ubna_data_02_mir/recover-20220922/UBNA_001/20220921_090000.WAV,Telephone Field,recover-20220922,001,1795
824.2875,824.3273,68437,82121,Rhinolophus ferrumequinum,0.021,0.021,-1,Echolocation,/mnt/ubna_data_02_mir/recover-20220922/UBNA_001/20220921_090000.WAV,Telephone Field,recover-20220922,001,1795
824.3115,824.3499,68437,82365,Rhinolophus ferrumequinum,0.022,0.022,-1,Echolocation,/mnt/ubna_data_02_mir/recover-20220922/UBNA_001/20220921_090000.WAV,Telephone Field,recover-20220922,001,1795
824.3115,824.3215,22890,29124,Nyctalus leisleri,0.008,0.021,-1,Echolocation,/mnt/ubna_data_02_mir/recover-20220922/UBNA_001/20220921_090000.WAV,Telephone Field,recover-20220922,001,1795
824.3205,824.3296,28046,35955,Eptesicus serotinus,0.008,0.022,-1,Echolocation,/mnt/ubna_data_02_mir/recover-20220922/UBNA_001/20220921_090000.WAV,Telephone Field,recover-20220922,001,1795
824.3435,824.3536,26328,33802,Eptesicus serotinus,0.011,0.023,-1,Echolocation,/mnt/ubna_data_02_mir/recover-20220922/UBNA_001/20220921_090000.WAV,Telephone Field,recover-20220922,001,1795
824.3495,824.3587,28046,37490,Eptesicus serotinus,0.01,0.024,-1,Echolocation,/mnt/ubna_data_02_mir/recover-20220922/UBNA_001/20220921_090000.WAV,Telephone Field,recover-20220922,001,1795
824.3915,824.4301,68437,82545,Rhinolophus ferrumequinum,0.024,0.024,-1,Echolocation,/mnt/ubna_data_02_mir/recover-20220922/UBNA_001/20220921_090000.WAV,Telephone Field,recover-20220922,001,1795
824.4025,824.4403,68437,82147,Rhinolophus ferrumequinum,0.021,0.021,-1,Echolocation,/mnt/ubna_data_02_mir/recover-20220922/UBNA_001/20220921_090000.WAV,Telephone Field,recover-20220922,001,1795
824.4035,824.412,27187,39115,Eptesicus serotinus,0.008,0.021,-1,Echolocation,/mnt/ubna_data_02_mir/recover-20220922/UBNA_001/20220921_090000.WAV,Telephone Field,recover-20220922,001,1795
824.4175,824.4282,23750,29671,Nyctalus leisleri,0.013,0.029,-1,Echolocation,/mnt/ubna_data_02_mir/recover-20220922/UBNA_001/20220921_090000.WAV,Telephone Field,recover-20220922,001,1795
824.4185,824.4278,55546,60245,Pipistrellus pygmaeus,0.02,0.021,-1,Echolocation,/mnt/ubna_data_02_mir/recover-20220922/UBNA_001/20220921_090000.WAV,Telephone Field,recover-20220922,001,1795
824.4775,824.5138,68437,82519,Rhinolophus ferrumequinum,0.037,0.037,-1,Echolocation,/mnt/ubna_data_02_mir/recover-20220922/UBNA_001/20220921_090000.WAV,Telephone Field,recover-20220922,001,1795
824.4845,824.4972,15156,20957,Nyctalus noctula,0.017,0.027,-1,Echolocation,/mnt/ubna_data_02_mir/recover-20220922/UBNA_001/20220921_090000.WAV,Telephone Field,recover-20220922,001,1795
824.5385,824.5786,68437,82280,Rhinolophus ferrumequinum,0.022,0.022,-1,Echolocation,/mnt/ubna_data_02_mir/recover-20220922/UBNA_001/20220921_090000.WAV,Telephone Field,recover-20220922,001,1795
824.5585,824.5987,68437,82338,Rhinolophus ferrumequinum,0.025,0.025,-1,Echolocation,/mnt/ubna_data_02_mir/recover-20220922/UBNA_001/20220921_090000.WAV,Telephone Field,recover-20220922,001,1795
824.5625,824.5705,28046,40250,Eptesicus serotinus,0.012,0.03,-1,Echolocation,/mnt/ubna_data_02_mir/recover-20220922/UBNA_001/20220921_090000.WAV,Telephone Field,recover-20220922,001,1795
824.5675,824.6049,68437,81819,Rhinolophus ferrumequinum,0.026,0.027,-1,Echolocation,/mnt/ubna_data_02_mir/recover-20220922/UBNA_001/20220921_090000.WAV,Telephone Field,recover-20220922,001,1795
824.6315,824.6412,27187,35769,Eptesicus serotinus,0.01,0.026,-1,Echolocation,/mnt/ubna_data_02_mir/recover-20220922/UBNA_001/20220921_090000.WAV,Telephone Field,recover-20220922,001,1795
824.6365,824.6469,25468,31479,Nyctalus leisleri,0.01,0.024,-1,Echolocation,/mnt/ubna_data_02_mir/recover-20220922/UBNA_001/20220921_090000.WAV,Telephone Field,recover-20220922,001,1795
824.6505,824.6925,68437,82907,Rhinolophus ferrumequinum,0.023,0.023,-1,Echolocation,/mnt/ubna_data_02_mir/recover-20220922/UBNA_001/20220921_090000.WAV,Telephone Field,recover-20220922,001,1795
824.6755,824.6845,24609,32283,Eptesicus serotinus,0.007,0.022,-1,Echolocation,/mnt/ubna_data_02_mir/recover-20220922/UBNA_001/20220921_090000.WAV,Telephone Field,recover-20220922,001,1795
824.6865,824.697,45234,49646,Pipistrellus pipistrellus,0.023,0.026,-1,Echolocation,/mnt/ubna_data_02_mir/recover-20220922/UBNA_001/20220921_090000.WAV,Telephone Field,recover-20220922,001,1795
824.6865,824.723,68437,81855,Rhinolophus ferrumequinum,0.021,0.021,-1,Echolocation,/mnt/ubna_data_02_mir/recover-20220922/UBNA_001/20220921_090000.WAV,Telephone Field,recover-20220922,001,1795
824.6945,824.7299,68437,81190,Rhinolophus ferrumequinum,0.021,0.021,-1,Echolocation,/mnt/ubna_data_02_mir/recover-20220922/UBNA_001/20220921_090000.WAV,Telephone Field,recover-20220922,001,1795
824.7195,824.7299,28906,36435,Eptesicus serotinus,0.009,0.023,-1,Echolocation,/mnt/ubna_data_02_mir/recover-20220922/UBNA_001/20220921_090000.WAV,Telephone Field,recover-20220922,001,1795
824.7535,824.7925,68437,82516,Rhinolophus ferrumequinum,0.031,0.031,-1,Echolocation,/mnt/ubna_data_02_mir/recover-20220922/UBNA_001/20220921_090000.WAV,Telephone Field,recover-20220922,001,1795
824.7695,824.8106,68437,82562,Rhinolophus ferrumequinum,0.023,0.023,-1,Echolocation,/mnt/ubna_data_02_mir/recover-20220922/UBNA_001/20220921_090000.WAV,Telephone Field,recover-20220922,001,1795
824.7835,824.7914,23750,31975,Plecotus austriacus,0.011,0.026,-1,Echolocation,/mnt/ubna_data_02_mir/recover-20220922/UBNA_001/20220921_090000.WAV,Telephone Field,recover-20220922,001,1795
824.8005,824.8092,45234,49743,Pipistrellus pipistrellus,0.026,0.031,-1,Echolocation,/mnt/ubna_data_02_mir/recover-20220922/UBNA_001/20220921_090000.WAV,Telephone Field,recover-20220922,001,1795
824.8015,824.8418,68437,82848,Rhinolophus ferrumequinum,0.024,0.024,-1,Echolocation,/mnt/ubna_data_02_mir/recover-20220922/UBNA_001/20220921_090000.WAV,Telephone Field,recover-20220922,001,1795
824.8145,824.8519,68437,81699,Rhinolophus ferrumequinum,0.021,0.021,-1,Echolocation,/mnt/ubna_data_02_mir/recover-20220922/UBNA_001/20220921_090000.WAV,Telephone Field,recover-20220922,001,1795
824.8155,824.8272,28906,35345,Eptesicus serotinus,0.012,0.024,-1,Echolocation,/mnt/ubna_data_02_mir/recover-20220922/UBNA_001/20220921_090000.WAV,Telephone Field,recover-20220922,001,1795
824.8485,824.8893,68437,82372,Rhinolophus ferrumequinum,0.023,0.023,-1,Echolocation,/mnt/ubna_data_02_mir/recover-20220922/UBNA_001/20220921_090000.WAV,Telephone Field,recover-20220922,001,1795
824.8485,824.8584,26328,35406,Eptesicus serotinus,0.012,0.026,-1,Echolocation,/mnt/ubna_data_02_mir/recover-20220922/UBNA_001/20220921_090000.WAV,Telephone Field,recover-20220922,001,1795
824.8735,824.8847,22890,28232,Nyctalus leisleri,0.012,0.026,-1,Echolocation,/mnt/ubna_data_02_mir/recover-20220922/UBNA_001/20220921_090000.WAV,Telephone Field,recover-20220922,001,1795
824.9005,824.9393,68437,82787,Rhinolophus ferrumequinum,0.024,0.024,-1,Echolocation,/mnt/ubna_data_02_mir/recover-20220922/UBNA_001/20220921_090000.WAV,Telephone Field,recover-20220922,001,1795
824.9155,824.9253,23750,30210,Nyctalus leisleri,0.008,0.022,-1,Echolocation,/mnt/ubna_data_02_mir/recover-20220922/UBNA_001/20220921_090000.WAV,Telephone Field,recover-20220922,001,1795
824.9265,824.9652,68437,81950,Rhinolophus ferrumequinum,0.023,0.023,-1,Echolocation,/mnt/ubna_data_02_mir/recover-20220922/UBNA_001/20220921_090000.WAV,Telephone Field,recover-20220922,001,1795
824.9425,824.9524,28046,35234,Eptesicus serotinus,0.008,0.022,-1,Echolocation,/mnt/ubna_data_02_mir/recover-20220922/UBNA_001/20220921_090000.WAV,Telephone Field,recover-20220922,001,1795
824.9705,825.0094,68437,82665,Rhinolophus ferrumequinum,0.024,0.024,-1,Echolocation,/mnt/ubna_data_02_mir/recover-20220922/UBNA_001/20220921_090000.WAV,Telephone Field,recover-20220922,001,1795
824.9885,824.9963,50390,54430,Pipistrellus pipistrellus,0.019,0.021,-1,Echolocation,/mnt/ubna_data_02_mir/recover-20220922/UBNA_001/20220921_090000.WAV,Telephone Field,recover-20220922,001,1795
825.0085,825.047,68437,81332,Rhinolophus ferrumequinum,0.029,0.029,-1,Echolocation,/mnt/ubna_data_02_mir/recover-20220922/UBNA_001/20220921_090000.WAV,Telephone Field,recover-20220922,001,1795
825.0515,825.088,68437,82208,Rhinolophus ferrumequinum,0.021,0.021,-1,Echolocation,/mnt/ubna_data_02_mir/recover-20220922/UBNA_001/20220921_090000.WAV,Telephone Field,recover-20220922,001,1795
825.0565,825.0953,68437,81954,Rhinolophus ferrumequinum,0.021,0.021,-1,Echolocation,/mnt/ubna_data_02_mir/recover-20220922/UBNA_001/20220921_090000.WAV,Telephone Field,recover-20220922,001,1795
825.0605,825.0726,51250,56190,Pipistrellus pipistrellus,0.02,0.032,-1,Echolocation,/mnt/ubna_data_02_mir/recover-20220922/UBNA_001/20220921_090000.WAV,Telephone Field,recover-20220922,001,1795
825.1095,825.121,22031,27209,Nyctalus leisleri,0.01,0.021,-1,Echolocation,/mnt/ubna_data_02_mir/recover-20220922/UBNA_001/20220921_090000.WAV,Telephone Field,recover-20220922,001,1795
825.1115,825.1196,27187,40061,Eptesicus serotinus,0.007,0.022,-1,Echolocation,/mnt/ubna_data_02_mir/recover-20220922/UBNA_001/20220921_090000.WAV,Telephone Field,recover-20220922,001,1795
825.1425,825.1497,51250,56436,Pipistrellus pipistrellus,0.03,0.034,-1,Echolocation,/mnt/ubna_data_02_mir/recover-20220922/UBNA_001/20220921_090000.WAV,Telephone Field,recover-20220922,001,1795
825.1695,825.1798,24609,31420,Nyctalus leisleri,0.013,0.033,-1,Echolocation,/mnt/ubna_data_02_mir/recover-20220922/UBNA_001/20220921_090000.WAV,Telephone Field,recover-20220922,001,1795
825.1715,825.2083,68437,81628,Rhinolophus ferrumequinum,0.021,0.021,-1,Echolocation,/mnt/ubna_data_02_mir/recover-20220922/UBNA_001/20220921_090000.WAV,Telephone Field,recover-20220922,001,1795
825.1915,825.2001,28046,39213,Eptesicus serotinus,0.008,0.023,-1,Echolocation,/mnt/ubna_data_02_mir/recover-20220922/UBNA_001/20220921_090000.WAV,Telephone Field,recover-20220922,001,1795
825.2025,825.237,68437,81870,Rhinolophus ferrumequinum,0.041,0.041,-1,Echolocation,/mnt/ubna_data_02_mir/recover-20220922/UBNA_001/20220921_090000.WAV,Telephone Field,recover-20220922,001,1795
825.2145,825.2228,28046,38286,Eptesicus serotinus,0.007,0.021,-1,Echolocation,/mnt/ubna_data_02_mir/recover-20220922/UBNA_001/20220921_090000.WAV,Telephone Field,recover-20220922,001,1795
825.2185,825.2268,23750,31284,Plecotus austriacus,0.007,0.021,-1,Echolocation,/mnt/ubna_data_02_mir/recover-20220922/UBNA_001/20220921_090000.WAV,Telephone Field,recover-20220922,001,1795
825.2445,825.2855,68437,82782,Rhinolophus ferrumequinum,0.036,0.036,-1,Echolocation,/mnt/ubna_data_02_mir/recover-20220922/UBNA_001/20220921_090000.WAV,Telephone Field,recover-20220922,001,1795
825.2545,825.264,28906,36392,Eptesicus serotinus,0.014,0.03,-1,Echolocation,/mnt/ubna_data_02_mir/recover-20220922/UBNA_001/20220921_090000.WAV,Telephone Field,recover-20220922,001,1795
825.2675,825.3047,68437,82438,Rhinolophus ferrumequinum,0.024,0.024,-1,Echolocation,/mnt/ubna_data_02_mir/recover-20220922/UBNA_001/20220921_090000.WAV,Telephone Field,recover-20220922,001,1795
825.3105,825.3434,68437,79891,Rhinolophus ferrumequinum,0.028,0.028,-1,Echolocation,/mnt/ubna_data_02_mir/recover-20220922/UBNA_001/20220921_090000.WAV,Telephone Field,recover-20220922,001,1795
825.3615,825.4005,68437,82576,Rhinolophus ferrumequinum,0.032,0.032,-1,Echolocation,/mnt/ubna_data_02_mir/recover-20220922/UBNA_001/20220921_090000.WAV,Telephone Field,recover-20220922,001,1795
825.3825,825.3937,45234,48468,Pipistrellus pipistrellus,0.029,0.031,-1,Echolocation,/mnt/ubna_data_02_mir/recover-20220922/UBNA_001/20220921_090000.WAV,Telephone Field,recover-20220922,001,1795
825.4005,825.4355,68437,81176,Rhinolophus ferrumequinum,0.021,0.021,-1,Echolocation,/mnt/ubna_data_02_mir/recover-20220922/UBNA_001/20220921_090000.WAV,Telephone Field,recover-20220922,001,1795
825.4165,825.4596,68437,83004,Rhinolophus ferrumequinum,0.028,0.028,-1,Echolocation,/mnt/ubna_data_02_mir/recover-20220922/UBNA_001/20220921_090000.WAV,Telephone Field,recover-20220922,001,1795
825.4185,825.4261,30625,46374,Myotis daubentonii,0.011,0.024,-1,Echolocation,/mnt/ubna_data_02_mir/recover-20220922/UBNA_001/20220921_090000.WAV,Telephone Field,recover-20220922,001,1795
825.4385,825.48,68437,83156,Rhinolophus ferrumequinum,0.028,0.028,-1,Echolocation,/mnt/ubna_data_02_mir/recover-20220922/UBNA_001/20220921_090000.WAV,Telephone Field,recover-20220922,001,1795
825.4445,825.4573,25468,31581,Eptesicus serotinus,0.016,0.036,-1,Echolocation,/mnt/ubna_data_02_mir/recover-20220922/UBNA_001/20220921_090000.WAV,Telephone Field,recover-20220922,001,1795
825.4455,825.4868,68437,83098,Rhinolophus ferrumequinum,0.026,0.026,-1,Echolocation,/mnt/ubna_data_02_mir/recover-20220922/UBNA_001/20220921_090000.WAV,Telephone Field,recover-20220922,001,1795
825.4685,825.504,68437,81934,Rhinolophus ferrumequinum,0.022,0.022,-1,Echolocation,/mnt/ubna_data_02_mir/recover-20220922/UBNA_001/20220921_090000.WAV,Telephone Field,recover-20220922,001,1795
825.4695,825.4778,28906,36836,Eptesicus serotinus,0.008,0.024,-1,Echolocation,/mnt/ubna_data_02_mir/recover-20220922/UBNA_001/20220921_090000.WAV,Telephone Field,recover-20220922,001,1795
825.4975,825.5349,68437,82136,Rhinolophus ferrumequinum,0.024,0.024,-1,Echolocation,/mnt/ubna_data_02_mir/recover-20220922/UBNA_001/20220921_090000.WAV,Telephone Field,recover-20220922,001,1795
825.5055,825.5445,68437,82258,Rhinolophus ferrumequinum,0.021,0.021,-1,Echolocation,/mnt/ubna_data_02_mir/recover-20220922/UBNA_001/20220921_090000.WAV,Telephone Field,recover-20220922,001,1795
825.5065,825.5152,27187,38491,Eptesicus serotinus,0.009,0.024,-1,Echolocation,/mnt/ubna_data_02_mir/recover-20220922/UBNA_001/20220921_090000.WAV,Telephone Field,recover-20220922,001,1795
825.5115,825.5511,68437,82608,Rhinolophus ferrumequinum,0.021,0.021,-1,Echolocation,/mnt/ubna_data_02_mir/recover-20220922/UBNA_001/20220921_090000.WAV,Telephone Field,recover-20220922,001,1795
825.5175,825.5556,68437,82018,Rhinolophus ferrumequinum,0.022,0.022,-1,Echolocation,/mnt/ubna_data_02_mir/recover-20220922/UBNA_001/20220921_090000.WAV,Telephone Field,recover-20220922,001,1795
825.5235,825.5328,27187,38012,Eptesicus serotinus,0.01,0.025,-1,Echolocation,/mnt/ubna_data_02_mir/recover-20220922/UBNA_001/20220921_090000.WAV,Telephone Field,recover-20220922,001,1795
825.5405,825.548,24609,33666,Plecotus austriacus,0.007,0.023,-1,Echolocation,/mnt/ubna_data_02_mir/recover-20220922/UBNA_001/20220921_090000.WAV,Telephone Field,recover-20220922,001,1795
825.5715,825.6083,68437,81327,Rhinolophus ferrumequinum,0.023,0.023,-1,Echolocation,/mnt/ubna_data_02_mir/recover-20220922/UBNA_001/20220921_090000.WAV,Telephone Field,recover-20220922,001,1795
825.6745,825.6857,39218,44392,Pipistrellus nathusii,0.019,0.029,-1,Echolocation,/mnt/ubna_data_02_mir/recover-20220922/UBNA_001/20220921_090000.WAV,Telephone Field,recover-20220922,001,1795
825.6845,825.6918000000001,22890,31505,Plecotus austriacus,0.017,0.031,-1,Echolocation,/mnt/ubna_data_02_mir/recover-20220922/UBNA_001/20220921_090000.WAV,Telephone Field,recover-20220922,001,1795
825.7065,825.717,28046,34210,Eptesicus serotinus,0.01,0.021,-1,Echolocation,/mnt/ubna_data_02_mir/recover-20220922/UBNA_001/20220921_090000.WAV,Telephone Field,recover-20220922,001,1795
825.7105,825.7482,68437,82242,Rhinolophus ferrumequinum,0.023,0.023,-1,Echolocation,/mnt/ubna_data_02_mir/recover-20220922/UBNA_001/20220921_090000.WAV,Telephone Field,recover-20220922,001,1795
825.7295,825.7648,68437,81172,Rhinolophus ferrumequinum,0.021,0.021,-1,Echolocation,/mnt/ubna_data_02_mir/recover-20220922/UBNA_001/20220921_090000.WAV,Telephone Field,recover-20220922,001,1795
825.7545,825.7642,27187,36528,Eptesicus serotinus,0.011,0.025,-1,Echolocation,/mnt/ubna_data_02_mir/recover-20220922/UBNA_001/20220921_090000.WAV,Telephone Field,recover-20220922,001,1795
825.7575,825.7971,68437,81888,Rhinolophus ferrumequinum,0.023,0.023,-1,Echolocation,/mnt/ubna_data_02_mir/recover-20220922/UBNA_001/20220921_090000.WAV,Telephone Field,recover-20220922,001,1795
825.7655,825.7752,23750,30142,Nyctalus leisleri,0.008,0.021,-1,Echolocation,/mnt/ubna_data_02_mir/recover-20220922/UBNA_001/20220921_090000.WAV,Telephone Field,recover-20220922,001,1795
825.7685,825.8048,68437,82037,Rhinolophus ferrumequinum,0.021,0.021,-1,Echolocation,/mnt/ubna_data_02_mir/recover-20220922/UBNA_001/20220921_090000.WAV,Telephone Field,recover-20220922,001,1795
825.8195,825.8615,68437,82908,Rhinolophus ferrumequinum,0.024,0.024,-1,Echolocation,/mnt/ubna_data_02_mir/recover-20220922/UBNA_001/20220921_090000.WAV,Telephone Field,recover-20220922,001,1795
825.8435,825.8828,68437,81760,Rhinolophus ferrumequinum,0.02,0.021,-1,Echolocation,/mnt/ubna_data_02_mir/recover-20220922/UBNA_001/20220921_090000.WAV,Telephone Field,recover-20220922,001,1795
825.8475,825.8564,24609,32049,Eptesicus serotinus,0.007,0.024,-1,Echolocation,/mnt/ubna_data_02_mir/recover-20220922/UBNA_001/20220921_090000.WAV,Telephone Field,recover-20220922,001,1795
825.8645,825.9044,68437,82094,Rhinolophus ferrumequinum,0.021,0.021,-1,Echolocation,/mnt/ubna_data_02_mir/recover-20220922/UBNA_001/20220921_090000.WAV,Telephone Field,recover-20220922,001,1795
825.8795,825.914,68437,81272,Rhinolophus ferrumequinum,0.026,0.026,-1,Echolocation,/mnt/ubna_data_02_mir/recover-20220922/UBNA_001/20220921_090000.WAV,Telephone Field,recover-20220922,001,1795
825.8885,825.8971,25468,33481,Eptesicus serotinus,0.006,0.021,-1,Echolocation,/mnt/ubna_data_02_mir/recover-20220922/UBNA_001/20220921_090000.WAV,Telephone Field,recover-20220922,001,1795
825.9265,825.936,28906,38170,Eptesicus serotinus,0.009,0.021,-1,Echolocation,/mnt/ubna_data_02_mir/recover-20220922/UBNA_001/20220921_090000.WAV,Telephone Field,recover-20220922,001,1795
825.9325,825.9705,68437,81994,Rhinolophus ferrumequinum,0.022,0.022,-1,Echolocation,/mnt/ubna_data_02_mir/recover-20220922/UBNA_001/20220921_090000.WAV,Telephone Field,recover-20220922,001,1795
825.9795,825.987,28046,39658,Eptesicus serotinus,0.006,0.021,-1,Echolocation,/mnt/ubna_data_02_mir/recover-20220922/UBNA_001/20220921_090000.WAV,Telephone Field,recover-20220922,001,1795
826.0015,826.0372,68437,81166,Rhinolophus ferrumequinum,0.057,0.057,-1,Echolocation,/mnt/ubna_data_02_mir/recover-20220922/UBNA_001/20220921_090000.WAV,Telephone Field,recover-20220922,001,1795
826.0015,826.0109,23750,30742,Nyctalus leisleri,0.01,0.028,-1,Echolocation,/mnt/ubna_data_02_mir/recover-20220922/UBNA_001/20220921_090000.WAV,Telephone Field,recover-20220922,001,1795
826.0145,826.0546,68437,82812,Rhinolophus ferrumequinum,0.021,0.021,-1,Echolocation,/mnt/ubna_data_02_mir/recover-20220922/UBNA_001/20220921_090000.WAV,Telephone Field,recover-20220922,001,1795
826.0365,826.0739,68437,81893,Rhinolophus ferrumequinum,0.02,0.02,-1,Echolocation,/mnt/ubna_data_02_mir/recover-20220922/UBNA_001/20220921_090000.WAV,Telephone Field,recover-20220922,001,1795
826.0805,826.0896,24609,32190,Eptesicus serotinus,0.007,0.021,-1,Echolocation,/mnt/ubna_data_02_mir/recover-20220922/UBNA_001/20220921_090000.WAV,Telephone Field,recover-20220922,001,1795
826.0895,826.1002,25468,32429,Eptesicus serotinus,0.01,0.022,-1,Echolocation,/mnt/ubna_data_02_mir/recover-20220922/UBNA_001/20220921_090000.WAV,Telephone Field,recover-20220922,001,1795
826.0955,826.1342,68437,82366,Rhinolophus ferrumequinum,0.022,0.023,-1,Echolocation,/mnt/ubna_data_02_mir/recover-20220922/UBNA_001/20220921_090000.WAV,Telephone Field,recover-20220922,001,1795
826.1145,826.1238,23750,31041,Nyctalus leisleri,0.007,0.024,-1,Echolocation,/mnt/ubna_data_02_mir/recover-20220922/UBNA_001/20220921_090000.WAV,Telephone Field,recover-20220922,001,1795
826.1545,826.1945,68437,82381,Rhinolophus ferrumequinum,0.021,0.021,-1,Echolocation,/mnt/ubna_data_02_mir/recover-20220922/UBNA_001/20220921_090000.WAV,Telephone Field,recover-20220922,001,1795
826.1585,826.1668999999999,23750,31347,Plecotus austriacus,0.009,0.026,-1,Echolocation,/mnt/ubna_data_02_mir/recover-20220922/UBNA_001/20220921_090000.WAV,Telephone Field,recover-20220922,001,1795
826.1915,826.2014,22031,26965,Nyctalus leisleri,0.009,0.02,-1,Echolocation,/mnt/ubna_data_02_mir/recover-20220922/UBNA_001/20220921_090000.WAV,Telephone Field,recover-20220922,001,1795
826.2145,826.2251,22890,27481,Nyctalus leisleri,0.011,0.022,-1,Echolocation,/mnt/ubna_data_02_mir/recover-20220922/UBNA_001/20220921_090000.WAV,Telephone Field,recover-20220922,001,1795
826.2165,826.2236,48671,53735,Pipistrellus pipistrellus,0.023,0.025,-1,Echolocation,/mnt/ubna_data_02_mir/recover-20220922/UBNA_001/20220921_090000.WAV,Telephone Field,recover-20220922,001,1795
826.2455,826.2566,14296,19711,Nyctalus noctula,0.014,0.025,-1,Echolocation,/mnt/ubna_data_02_mir/recover-20220922/UBNA_001/20220921_090000.WAV,Telephone Field,recover-20220922,001,1795
826.2515,826.2886,68437,81705,Rhinolophus ferrumequinum,0.022,0.022,-1,Echolocation,/mnt/ubna_data_02_mir/recover-20220922/UBNA_001/20220921_090000.WAV,Telephone Field,recover-20220922,001,1795
826.2715,826.3094,68437,82408,Rhinolophus ferrumequinum,0.021,0.021,-1,Echolocation,/mnt/ubna_data_02_mir/recover-20220922/UBNA_001/20220921_090000.WAV,Telephone Field,recover-20220922,001,1795
826.3075,826.316,26328,34677,Eptesicus serotinus,0.008,0.025,-1,Echolocation,/mnt/ubna_data_02_mir/recover-20220922/UBNA_001/20220921_090000.WAV,Telephone Field,recover-20220922,001,1795
826.3345,826.343,27187,36794,Eptesicus serotinus,0.009,0.023,-1,Echolocation,/mnt/ubna_data_02_mir/recover-20220922/UBNA_001/20220921_090000.WAV,Telephone Field,recover-20220922,001,1795
826.3885,826.3999,22890,27637,Nyctalus leisleri,0.01,0.02,-1,Echolocation,/mnt/ubna_data_02_mir/recover-20220922/UBNA_001/20220921_090000.WAV,Telephone Field,recover-20220922,001,1795
826.4165,826.4246,28906,37920,Eptesicus serotinus,0.008,0.023,-1,Echolocation,/mnt/ubna_data_02_mir/recover-20220922/UBNA_001/20220921_090000.WAV,Telephone Field,recover-20220922,001,1795
826.4395,826.4793999999999,68437,82477,Rhinolophus ferrumequinum,0.025,0.025,-1,Echolocation,/mnt/ubna_data_02_mir/recover-20220922/UBNA_001/20220921_090000.WAV,Telephone Field,recover-20220922,001,1795
826.4815,826.4924,22031,27189,Nyctalus leisleri,0.011,0.024,-1,Echolocation,/mnt/ubna_data_02_mir/recover-20220922/UBNA_001/20220921_090000.WAV,Telephone Field,recover-20220922,001,1795
826.5005,826.5082,27187,39301,Eptesicus serotinus,0.007,0.021,-1,Echolocation,/mnt/ubna_data_02_mir/recover-20220922/UBNA_001/20220921_090000.WAV,Telephone Field,recover-20220922,001,1795
826.5355,826.5491,14296,22006,Nyctalus noctula,0.014,0.021,-1,Echolocation,/mnt/ubna_data_02_mir/recover-20220922/UBNA_001/20220921_090000.WAV,Telephone Field,recover-20220922,001,1795
826.5565,826.5945,68437,81538,Rhinolophus ferrumequinum,0.021,0.021,-1,Echolocation,/mnt/ubna_data_02_mir/recover-20220922/UBNA_001/20220921_090000.WAV,Telephone Field,recover-20220922,001,1795
826.5605,826.5708,28046,36775,Eptesicus serotinus,0.009,0.02,-1,Echolocation,/mnt/ubna_data_02_mir/recover-20220922/UBNA_001/20220921_090000.WAV,Telephone Field,recover-20220922,001,1795
826.5795,826.6184,68437,82050,Rhinolophus ferrumequinum,0.024,0.024,-1,Echolocation,/mnt/ubna_data_02_mir/recover-20220922/UBNA_001/20220921_090000.WAV,Telephone Field,recover-20220922,001,1795
826.6095,826.6198,22031,26783,Nyctalus leisleri,0.009,0.02,-1,Echolocation,/mnt/ubna_data_02_mir/recover-20220922/UBNA_001/20220921_090000.WAV,Telephone Field,recover-20220922,001,1795
826.6345,826.6744,68437,82963,Rhinolophus ferrumequinum,0.026,0.026,-1,Echolocation,/mnt/ubna_data_02_mir/recover-20220922/UBNA_001/20220921_090000.WAV,Telephone Field,recover-20220922,001,1795
826.6865,826.6955,28046,36074,Eptesicus serotinus,0.018,0.039,-1,Echolocation,/mnt/ubna_data_02_mir/recover-20220922/UBNA_001/20220921_090000.WAV,Telephone Field,recover-20220922,001,1795
826.6865,826.7253,68437,81940,Rhinolophus ferrumequinum,0.021,0.021,-1,Echolocation,/mnt/ubna_data_02_mir/recover-20220922/UBNA_001/20220921_090000.WAV,Telephone Field,recover-20220922,001,1795
826.7095,826.749,68437,82449,Rhinolophus ferrumequinum,0.02,0.02,-1,Echolocation,/mnt/ubna_data_02_mir/recover-20220922/UBNA_001/20220921_090000.WAV,Telephone Field,recover-20220922,001,1795
826.7265,826.7357,28046,36438,Eptesicus serotinus,0.007,0.02,-1,Echolocation,/mnt/ubna_data_02_mir/recover-20220922/UBNA_001/20220921_090000.WAV,Telephone Field,recover-20220922,001,1795
826.7405,826.7766,68437,81705,Rhinolophus ferrumequinum,0.021,0.021,-1,Echolocation,/mnt/ubna_data_02_mir/recover-20220922/UBNA_001/20220921_090000.WAV,Telephone Field,recover-20220922,001,1795
826.7525,826.7646,22031,26745,Nyctalus leisleri,0.013,0.025,-1,Echolocation,/mnt/ubna_data_02_mir/recover-20220922/UBNA_001/20220921_090000.WAV,Telephone Field,recover-20220922,001,1795
826.8075,826.8175,28046,38877,Eptesicus serotinus,0.01,0.023,-1,Echolocation,/mnt/ubna_data_02_mir/recover-20220922/UBNA_001/20220921_090000.WAV,Telephone Field,recover-20220922,001,1795
826.8435,826.8513,24609,33429,Plecotus austriacus,0.008,0.025,-1,Echolocation,/mnt/ubna_data_02_mir/recover-20220922/UBNA_001/20220921_090000.WAV,Telephone Field,recover-20220922,001,1795
826.8795,826.887,24609,33732,Plecotus austriacus,0.01,0.026,-1,Echolocation,/mnt/ubna_data_02_mir/recover-20220922/UBNA_001/20220921_090000.WAV,Telephone Field,recover-20220922,001,1795
826.9075,826.9162,25468,33569,Eptesicus serotinus,0.009,0.025,-1,Echolocation,/mnt/ubna_data_02_mir/recover-20220922/UBNA_001/20220921_090000.WAV,Telephone Field,recover-20220922,001,1795
826.9145,826.9531,68437,82529,Rhinolophus ferrumequinum,0.025,0.025,-1,Echolocation,/mnt/ubna_data_02_mir/recover-20220922/UBNA_001/20220921_090000.WAV,Telephone Field,recover-20220922,001,1795
826.9235,826.9317,28046,39573,Eptesicus serotinus,0.008,0.021,-1,Echolocation,/mnt/ubna_data_02_mir/recover-20220922/UBNA_001/20220921_090000.WAV,Telephone Field,recover-20220922,001,1795
826.9595,826.9684,27187,35764,Eptesicus serotinus,0.012,0.03,-1,Echolocation,/mnt/ubna_data_02_mir/recover-20220922/UBNA_001/20220921_090000.WAV,Telephone Field,recover-20220922,001,1795
826.9995,827.0402,68437,83171,Rhinolophus ferrumequinum,0.028,0.028,-1,Echolocation,/mnt/ubna_data_02_mir/recover-20220922/UBNA_001/20220921_090000.WAV,Telephone Field,recover-20220922,001,1795
827.0305,827.0688,68437,81909,Rhinolophus ferrumequinum,0.022,0.022,-1,Echolocation,/mnt/ubna_data_02_mir/recover-20220922/UBNA_001/20220921_090000.WAV,Telephone Field,recover-20220922,001,1795
827.0805,827.0905,28906,36779,Eptesicus serotinus,0.009,0.02,-1,Echolocation,/mnt/ubna_data_02_mir/recover-20220922/UBNA_001/20220921_090000.WAV,Telephone Field,recover-20220922,001,1795
827.0845,827.1235,68437,82387,Rhinolophus ferrumequinum,0.021,0.021,-1,Echolocation,/mnt/ubna_data_02_mir/recover-20220922/UBNA_001/20220921_090000.WAV,Telephone Field,recover-20220922,001,1795
827.0865,827.0946,27187,36172,Eptesicus serotinus,0.007,0.02,-1,Echolocation,/mnt/ubna_data_02_mir/recover-20220922/UBNA_001/20220921_090000.WAV,Telephone Field,recover-20220922,001,1795
827.0995,827.1404,68437,82626,Rhinolophus ferrumequinum,0.021,0.021,-1,Echolocation,/mnt/ubna_data_02_mir/recover-20220922/UBNA_001/20220921_090000.WAV,Telephone Field,recover-20220922,001,1795
827.1035,827.1133,21171,25735,Nyctalus leisleri,0.01,0.021,-1,Echolocation,/mnt/ubna_data_02_mir/recover-20220922/UBNA_001/20220921_090000.WAV,Telephone Field,recover-20220922,001,1795
827.1645,827.2045,68437,82701,Rhinolophus ferrumequinum,0.026,0.026,-1,Echolocation,/mnt/ubna_data_02_mir/recover-20220922/UBNA_001/20220921_090000.WAV,Telephone Field,recover-20220922,001,1795
827.1705,827.1798,28046,37193,Eptesicus serotinus,0.009,0.022,-1,Echolocation,/mnt/ubna_data_02_mir/recover-20220922/UBNA_001/20220921_090000.WAV,Telephone Field,recover-20220922,001,1795
827.1925,827.2328,68437,82047,Rhinolophus ferrumequinum,0.022,0.022,-1,Echolocation,/mnt/ubna_data_02_mir/recover-20220922/UBNA_001/20220921_090000.WAV,Telephone Field,recover-20220922,001,1795
827.2175,827.2562,68437,82371,Rhinolophus ferrumequinum,0.02,0.02,-1,Echolocation,/mnt/ubna_data_02_mir/recover-20220922/UBNA_001/20220921_090000.WAV,Telephone Field,recover-20220922,001,1795
827.2495,827.293,68437,82707,Rhinolophus ferrumequinum,0.026,0.026,-1,Echolocation,/mnt/ubna_data_02_mir/recover-20220922/UBNA_001/20220921_090000.WAV,Telephone Field,recover-20220922,001,1795
827.2755,827.3117,68437,82011,Rhinolophus ferrumequinum,0.02,0.02,-1,Echolocation,/mnt/ubna_data_02_mir/recover-20220922/UBNA_001/20220921_090000.WAV,Telephone Field,recover-20220922,001,1795
827.3095,827.3173,34062,44005,Myotis daubentonii,0.008,0.02,-1,Echolocation,/mnt/ubna_data_02_mir/recover-20220922/UBNA_001/20220921_090000.WAV,Telephone Field,recover-20220922,001,1795
827.3135,827.3209,28046,39330,Eptesicus serotinus,0.006,0.021,-1,Echolocation,/mnt/ubna_data_02_mir/recover-20220922/UBNA_001/20220921_090000.WAV,Telephone Field,recover-20220922,001,1795
827.3745,827.3841,28906,37409,Eptesicus serotinus,0.016,0.031,-1,Echolocation,/mnt/ubna_data_02_mir/recover-20220922/UBNA_001/20220921_090000.WAV,Telephone Field,recover-20220922,001,1795
827.3855,827.3963,23750,29596,Nyctalus leisleri,0.008,0.021,-1,Echolocation,/mnt/ubna_data_02_mir/recover-20220922/UBNA_001/20220921_090000.WAV,Telephone Field,recover-20220922,001,1795
827.3985,827.4364,68437,81904,Rhinolophus ferrumequinum,0.021,0.021,-1,Echolocation,/mnt/ubna_data_02_mir/recover-20220922/UBNA_001/20220921_090000.WAV,Telephone Field,recover-20220922,001,1795
827.4155,827.4235,26328,35621,Eptesicus serotinus,0.008,0.022,-1,Echolocation,/mnt/ubna_data_02_mir/recover-20220922/UBNA_001/20220921_090000.WAV,Telephone Field,recover-20220922,001,1795
827.4675,827.505,68437,82124,Rhinolophus ferrumequinum,0.022,0.022,-1,Echolocation,/mnt/ubna_data_02_mir/recover-20220922/UBNA_001/20220921_090000.WAV,Telephone Field,recover-20220922,001,1795
827.4855,827.5232,68437,81657,Rhinolophus ferrumequinum,0.022,0.022,-1,Echolocation,/mnt/ubna_data_02_mir/recover-20220922/UBNA_001/20220921_090000.WAV,Telephone Field,recover-20220922,001,1795
827.5515,827.5911,68437,82424,Rhinolophus ferrumequinum,0.023,0.023,-1,Echolocation,/mnt/ubna_data_02_mir/recover-20220922/UBNA_001/20220921_090000.WAV,Telephone Field,recover-20220922,001,1795
827.5625,827.5731,22031,28032,Nyctalus leisleri,0.011,0.028,-1,Echolocation,/mnt/ubna_data_02_mir/recover-20220922/UBNA_001/20220921_090000.WAV,Telephone Field,recover-20220922,001,1795
827.5645,827.5731,28906,40793,Eptesicus serotinus,0.009,0.025,-1,Echolocation,/mnt/ubna_data_02_mir/recover-20220922/UBNA_001/20220921_090000.WAV,Telephone Field,recover-20220922,001,1795
827.5795,827.6167,68437,82480,Rhinolophus ferrumequinum,0.022,0.022,-1,Echolocation,/mnt/ubna_data_02_mir/recover-20220922/UBNA_001/20220921_090000.WAV,Telephone Field,recover-20220922,001,1795
827.6045,827.6114,27187,40855,Eptesicus serotinus,0.006,0.02,-1,Echolocation,/mnt/ubna_data_02_mir/recover-20220922/UBNA_001/20220921_090000.WAV,Telephone Field,recover-20220922,001,1795
827.6375,827.6746,68437,81260,Rhinolophus ferrumequinum,0.025,0.025,-1,Echolocation,/mnt/ubna_data_02_mir/recover-20220922/UBNA_001/20220921_090000.WAV,Telephone Field,recover-20220922,001,1795
827.7115,827.7533,68437,82998,Rhinolophus ferrumequinum,0.022,0.022,-1,Echolocation,/mnt/ubna_data_02_mir/recover-20220922/UBNA_001/20220921_090000.WAV,Telephone Field,recover-20220922,001,1795
827.7145,827.7232,28046,37786,Eptesicus serotinus,0.007,0.021,-1,Echolocation,/mnt/ubna_data_02_mir/recover-20220922/UBNA_001/20220921_090000.WAV,Telephone Field,recover-20220922,001,1795
827.7505,827.7855,68437,81304,Rhinolophus ferrumequinum,0.021,0.021,-1,Echolocation,/mnt/ubna_data_02_mir/recover-20220922/UBNA_001/20220921_090000.WAV,Telephone Field,recover-20220922,001,1795
827.7785,827.8138,68437,81833,Rhinolophus ferrumequinum,0.024,0.024,-1,Echolocation,/mnt/ubna_data_02_mir/recover-20220922/UBNA_001/20220921_090000.WAV,Telephone Field,recover-20220922,001,1795
827.7905,827.828,68437,81664,Rhinolophus ferrumequinum,0.022,0.022,-1,Echolocation,/mnt/ubna_data_02_mir/recover-20220922/UBNA_001/20220921_090000.WAV,Telephone Field,recover-20220922,001,1795
827.7965,827.8046,47812,52129,Pipistrellus pipistrellus,0.029,0.03,-1,Echolocation,/mnt/ubna_data_02_mir/recover-20220922/UBNA_001/20220921_090000.WAV,Telephone Field,recover-20220922,001,1795
827.8155,827.8232,26328,36042,Eptesicus serotinus,0.009,0.024,-1,Echolocation,/mnt/ubna_data_02_mir/recover-20220922/UBNA_001/20220921_090000.WAV,Telephone Field,recover-20220922,001,1795
827.8295,827.8645,68437,81405,Rhinolophus ferrumequinum,0.023,0.023,-1,Echolocation,/mnt/ubna_data_02_mir/recover-20220922/UBNA_001/20220921_090000.WAV,Telephone Field,recover-20220922,001,1795
827.8515,827.8629,22890,28508,Nyctalus leisleri,0.01,0.023,-1,Echolocation,/mnt/ubna_data_02_mir/recover-20220922/UBNA_001/20220921_090000.WAV,Telephone Field,recover-20220922,001,1795
827.8625,827.8991,68437,82095,Rhinolophus ferrumequinum,0.021,0.021,-1,Echolocation,/mnt/ubna_data_02_mir/recover-20220922/UBNA_001/20220921_090000.WAV,Telephone Field,recover-20220922,001,1795
827.8955,827.9029,28046,40333,Eptesicus serotinus,0.007,0.022,-1,Echolocation,/mnt/ubna_data_02_mir/recover-20220922/UBNA_001/20220921_090000.WAV,Telephone Field,recover-20220922,001,1795
827.9295,827.9403,22031,26478,Nyctalus leisleri,0.011,0.021,-1,Echolocation,/mnt/ubna_data_02_mir/recover-20220922/UBNA_001/20220921_090000.WAV,Telephone Field,recover-20220922,001,1795
827.9315,827.9717,68437,82691,Rhinolophus ferrumequinum,0.021,0.021,-1,Echolocation,/mnt/ubna_data_02_mir/recover-20220922/UBNA_001/20220921_090000.WAV,Telephone Field,recover-20220922,001,1795
827.9565,827.9968,68437,82238,Rhinolophus ferrumequinum,0.02,0.02,-1,Echolocation,/mnt/ubna_data_02_mir/recover-20220922/UBNA_001/20220921_090000.WAV,Telephone Field,recover-20220922,001,1795
827.9705,827.9786,23750,31485,Plecotus austriacus,0.007,0.022,-1,Echolocation,/mnt/ubna_data_02_mir/recover-20220922/UBNA_001/20220921_090000.WAV,Telephone Field,recover-20220922,001,1795
827.9855,827.9962,24609,31910,Nyctalus leisleri,0.01,0.03,-1,Echolocation,/mnt/ubna_data_02_mir/recover-20220922/UBNA_001/20220921_090000.WAV,Telephone Field,recover-20220922,001,1795
828.0015,828.0103,22031,27899,Nyctalus leisleri,0.01,0.024,-1,Echolocation,/mnt/ubna_data_02_mir/recover-20220922/UBNA_001/20220921_090000.WAV,Telephone Field,recover-20220922,001,1795
828.0015,828.0306,69296,81526,Rhinolophus ferrumequinum,0.022,0.022,-1,Echolocation,/mnt/ubna_data_02_mir/recover-20220922/UBNA_001/20220921_090000.WAV,Telephone Field,recover-20220922,001,1795
828.0015,828.0098,26328,36626,Nyctalus leisleri,0.006,0.024,-1,Echolocation,/mnt/ubna_data_02_mir/recover-20220922/UBNA_001/20220921_090000.WAV,Telephone Field,recover-20220922,001,1795
828.0025,828.0122,40078,46472,Pipistrellus pipistrellus,0.01,0.023,-1,Echolocation,/mnt/ubna_data_02_mir/recover-20220922/UBNA_001/20220921_090000.WAV,Telephone Field,recover-20220922,001,1795
828.0325,828.0666,68437,80991,Rhinolophus ferrumequinum,0.029,0.029,-1,Echolocation,/mnt/ubna_data_02_mir/recover-20220922/UBNA_001/20220921_090000.WAV,Telephone Field,recover-20220922,001,1795
828.0695,828.109,68437,82046,Rhinolophus ferrumequinum,0.022,0.022,-1,Echolocation,/mnt/ubna_data_02_mir/recover-20220922/UBNA_001/20220921_090000.WAV,Telephone Field,recover-20220922,001,1795
828.1195,828.1607,68437,82813,Rhinolophus ferrumequinum,0.028,0.028,-1,Echolocation,/mnt/ubna_data_02_mir/recover-20220922/UBNA_001/20220921_090000.WAV,Telephone Field,recover-20220922,001,1795
828.1465,828.1574,26328,33594,Eptesicus serotinus,0.015,0.034,-1,Echolocation,/mnt/ubna_data_02_mir/recover-20220922/UBNA_001/20220921_090000.WAV,Telephone Field,recover-20220922,001,1795
828.1605,828.2008,68437,82343,Rhinolophus ferrumequinum,0.032,0.032,-1,Echolocation,/mnt/ubna_data_02_mir/recover-20220922/UBNA_001/20220921_090000.WAV,Telephone Field,recover-20220922,001,1795
828.1775,828.2159,68437,82306,Rhinolophus ferrumequinum,0.022,0.022,-1,Echolocation,/mnt/ubna_data_02_mir/recover-20220922/UBNA_001/20220921_090000.WAV,Telephone Field,recover-20220922,001,1795
828.1845,828.1942,28906,38255,Eptesicus serotinus,0.013,0.029,-1,Echolocation,/mnt/ubna_data_02_mir/recover-20220922/UBNA_001/20220921_090000.WAV,Telephone Field,recover-20220922,001,1795
828.1945,828.234,68437,82770,Rhinolophus ferrumequinum,0.023,0.023,-1,Echolocation,/mnt/ubna_data_02_mir/recover-20220922/UBNA_001/20220921_090000.WAV,Telephone Field,recover-20220922,001,1795
828.1985,828.2089,23750,29934,Nyctalus leisleri,0.011,0.024,-1,Echolocation,/mnt/ubna_data_02_mir/recover-20220922/UBNA_001/20220921_090000.WAV,Telephone Field,recover-20220922,001,1795
828.2035,828.2422,68437,82575,Rhinolophus ferrumequinum,0.022,0.022,-1,Echolocation,/mnt/ubna_data_02_mir/recover-20220922/UBNA_001/20220921_090000.WAV,Telephone Field,recover-20220922,001,1795
828.2425,828.2818,68437,81900,Rhinolophus ferrumequinum,0.022,0.022,-1,Echolocation,/mnt/ubna_data_02_mir/recover-20220922/UBNA_001/20220921_090000.WAV,Telephone Field,recover-20220922,001,1795
828.2515,828.2860000000001,68437,81285,Rhinolophus ferrumequinum,0.024,0.024,-1,Echolocation,/mnt/ubna_data_02_mir/recover-20220922/UBNA_001/20220921_090000.WAV,Telephone Field,recover-20220922,001,1795
828.2905,828.3301,68437,82549,Rhinolophus ferrumequinum,0.024,0.024,-1,Echolocation,/mnt/ubna_data_02_mir/recover-20220922/UBNA_001/20220921_090000.WAV,Telephone Field,recover-20220922,001,1795
828.3385,828.3776,68437,82342,Rhinolophus ferrumequinum,0.024,0.024,-1,Echolocation,/mnt/ubna_data_02_mir/recover-20220922/UBNA_001/20220921_090000.WAV,Telephone Field,recover-20220922,001,1795
828.3585,828.366,27187,39051,Eptesicus serotinus,0.007,0.023,-1,Echolocation,/mnt/ubna_data_02_mir/recover-20220922/UBNA_001/20220921_090000.WAV,Telephone Field,recover-20220922,001,1795
828.3625,828.3988,68437,81412,Rhinolophus ferrumequinum,0.024,0.024,-1,Echolocation,/mnt/ubna_data_02_mir/recover-20220922/UBNA_001/20220921_090000.WAV,Telephone Field,recover-20220922,001,1795
828.3735,828.3817,46093,50251,Pipistrellus pipistrellus,0.026,0.027,-1,Echolocation,/mnt/ubna_data_02_mir/recover-20220922/UBNA_001/20220921_090000.WAV,Telephone Field,recover-20220922,001,1795
828.4005,828.4423,68437,82774,Rhinolophus ferrumequinum,0.024,0.024,-1,Echolocation,/mnt/ubna_data_02_mir/recover-20220922/UBNA_001/20220921_090000.WAV,Telephone Field,recover-20220922,001,1795
828.4245,828.4346,26328,33223,Eptesicus serotinus,0.009,0.022,-1,Echolocation,/mnt/ubna_data_02_mir/recover-20220922/UBNA_001/20220921_090000.WAV,Telephone Field,recover-20220922,001,1795
828.4685,828.5042,68437,81283,Rhinolophus ferrumequinum,0.023,0.023,-1,Echolocation,/mnt/ubna_data_02_mir/recover-20220922/UBNA_001/20220921_090000.WAV,Telephone Field,recover-20220922,001,1795
828.4955,828.5355,68437,81725,Rhinolophus ferrumequinum,0.022,0.022,-1,Echolocation,/mnt/ubna_data_02_mir/recover-20220922/UBNA_001/20220921_090000.WAV,Telephone Field,recover-20220922,001,1795
828.5105,828.5494,68437,82603,Rhinolophus ferrumequinum,0.027,0.027,-1,Echolocation,/mnt/ubna_data_02_mir/recover-20220922/UBNA_001/20220921_090000.WAV,Telephone Field,recover-20220922,001,1795
828.5415,828.5787,68437,82129,Rhinolophus ferrumequinum,0.024,0.024,-1,Echolocation,/mnt/ubna_data_02_mir/recover-20220922/UBNA_001/20220921_090000.WAV,Telephone Field,recover-20220922,001,1795
828.5695,828.6077,68437,82203,Rhinolophus ferrumequinum,0.022,0.022,-1,Echolocation,/mnt/ubna_data_02_mir/recover-20220922/UBNA_001/20220921_090000.WAV,Telephone Field,recover-20220922,001,1795
828.5755,828.6155,68437,82801,Rhinolophus ferrumequinum,0.023,0.023,-1,Echolocation,/mnt/ubna_data_02_mir/recover-20220922/UBNA_001/20220921_090000.WAV,Telephone Field,recover-20220922,001,1795
828.6085,828.6473,68437,81945,Rhinolophus ferrumequinum,0.021,0.021,-1,Echolocation,/mnt/ubna_data_02_mir/recover-20220922/UBNA_001/20220921_090000.WAV,Telephone Field,recover-20220922,001,1795
828.6315,828.6738,68437,83033,Rhinolophus ferrumequinum,0.032,0.032,-1,Echolocation,/mnt/ubna_data_02_mir/recover-20220922/UBNA_001/20220921_090000.WAV,Telephone Field,recover-20220922,001,1795
828.6535,828.6913,68437,82101,Rhinolophus ferrumequinum,0.023,0.023,-1,Echolocation,/mnt/ubna_data_02_mir/recover-20220922/UBNA_001/20220921_090000.WAV,Telephone Field,recover-20220922,001,1795
828.6665,828.6754,28906,37162,Eptesicus serotinus,0.008,0.021,-1,Echolocation,/mnt/ubna_data_02_mir/recover-20220922/UBNA_001/20220921_090000.WAV,Telephone Field,recover-20220922,001,1795
828.6675,828.6771,23750,30407,Nyctalus leisleri,0.008,0.023,-1,Echolocation,/mnt/ubna_data_02_mir/recover-20220922/UBNA_001/20220921_090000.WAV,Telephone Field,recover-20220922,001,1795
828.6885,828.7004,23750,28719,Nyctalus leisleri,0.011,0.024,-1,Echolocation,/mnt/ubna_data_02_mir/recover-20220922/UBNA_001/20220921_090000.WAV,Telephone Field,recover-20220922,001,1795
828.6985,828.7092,26328,32802,Eptesicus serotinus,0.011,0.025,-1,Echolocation,/mnt/ubna_data_02_mir/recover-20220922/UBNA_001/20220921_090000.WAV,Telephone Field,recover-20220922,001,1795
828.7135,828.7229,28906,38958,Eptesicus serotinus,0.008,0.022,-1,Echolocation,/mnt/ubna_data_02_mir/recover-20220922/UBNA_001/20220921_090000.WAV,Telephone Field,recover-20220922,001,1795
828.7335,828.7531,18593,21784,Nyctalus noctula,0.014,0.025,-1,Echolocation,/mnt/ubna_data_02_mir/recover-20220922/UBNA_001/20220921_090000.WAV,Telephone Field,recover-20220922,001,1795
828.7425,828.7862,68437,82903,Rhinolophus ferrumequinum,0.042,0.042,-1,Echolocation,/mnt/ubna_data_02_mir/recover-20220922/UBNA_001/20220921_090000.WAV,Telephone Field,recover-20220922,001,1795
828.7685,828.8081,68437,82043,Rhinolophus ferrumequinum,0.023,0.023,-1,Echolocation,/mnt/ubna_data_02_mir/recover-20220922/UBNA_001/20220921_090000.WAV,Telephone Field,recover-20220922,001,1795
828.8045,828.8162,23750,28507,Nyctalus leisleri,0.017,0.033,-1,Echolocation,/mnt/ubna_data_02_mir/recover-20220922/UBNA_001/20220921_090000.WAV,Telephone Field,recover-20220922,001,1795
828.8415,828.8504,24609,32061,Nyctalus leisleri,0.006,0.022,-1,Echolocation,/mnt/ubna_data_02_mir/recover-20220922/UBNA_001/20220921_090000.WAV,Telephone Field,recover-20220922,001,1795
828.8635,828.9026,68437,82291,Rhinolophus ferrumequinum,0.023,0.023,-1,Echolocation,/mnt/ubna_data_02_mir/recover-20220922/UBNA_001/20220921_090000.WAV,Telephone Field,recover-20220922,001,1795
828.8645,828.8781,53828,58034,Pipistrellus pygmaeus,0.029,0.036,-1,Echolocation,/mnt/ubna_data_02_mir/recover-20220922/UBNA_001/20220921_090000.WAV,Telephone Field,recover-20220922,001,1795
828.8935,828.9364,68437,82998,Rhinolophus ferrumequinum,0.027,0.027,-1,Echolocation,/mnt/ubna_data_02_mir/recover-20220922/UBNA_001/20220921_090000.WAV,Telephone Field,recover-20220922,001,1795
828.9165,828.9522,68437,81445,Rhinolophus ferrumequinum,0.021,0.021,-1,Echolocation,/mnt/ubna_data_02_mir/recover-20220922/UBNA_001/20220921_090000.WAV,Telephone Field,recover-20220922,001,1795
828.9385,828.9796,68437,82614,Rhinolophus ferrumequinum,0.023,0.023,-1,Echolocation,/mnt/ubna_data_02_mir/recover-20220922/UBNA_001/20220921_090000.WAV,Telephone Field,recover-20220922,001,1795
828.9825,829.0163,68437,80984,Rhinolophus ferrumequinum,0.025,0.026,-1,Echolocation,/mnt/ubna_data_02_mir/recover-20220922/UBNA_001/20220921_090000.WAV,Telephone Field,recover-20220922,001,1795
829.0015,829.0381,68437,81399,Rhinolophus ferrumequinum,0.024,0.024,-1,Echolocation,/mnt/ubna_data_02_mir/recover-20220922/UBNA_001/20220921_090000.WAV,Telephone Field,recover-20220922,001,1795
829.0085,829.0192,28906,36504,Eptesicus serotinus,0.01,0.022,-1,Echolocation,/mnt/ubna_data_02_mir/recover-20220922/UBNA_001/20220921_090000.WAV,Telephone Field,recover-20220922,001,1795
829.0175,829.0591,68437,83350,Rhinolophus ferrumequinum,0.039,0.039,-1,Echolocation,/mnt/ubna_data_02_mir/recover-20220922/UBNA_001/20220921_090000.WAV,Telephone Field,recover-20220922,001,1795
829.0345,829.0466,14296,19253,Nyctalus noctula,0.026,0.046,-1,Echolocation,/mnt/ubna_data_02_mir/recover-20220922/UBNA_001/20220921_090000.WAV,Telephone Field,recover-20220922,001,1795
829.0475,829.086,68437,82290,Rhinolophus ferrumequinum,0.022,0.022,-1,Echolocation,/mnt/ubna_data_02_mir/recover-20220922/UBNA_001/20220921_090000.WAV,Telephone Field,recover-20220922,001,1795
829.0655,829.1024,68437,82218,Rhinolophus ferrumequinum,0.026,0.026,-1,Echolocation,/mnt/ubna_data_02_mir/recover-20220922/UBNA_001/20220921_090000.WAV,Telephone Field,recover-20220922,001,1795
829.0955,829.1043,28906,37671,Eptesicus serotinus,0.009,0.024,-1,Echolocation,/mnt/ubna_data_02_mir/recover-20220922/UBNA_001/20220921_090000.WAV,Telephone Field,recover-20220922,001,1795
829.1035,829.1394,68437,81115,Rhinolophus ferrumequinum,0.024,0.024,-1,Echolocation,/mnt/ubna_data_02_mir/recover-20220922/UBNA_001/20220921_090000.WAV,Telephone Field,recover-20220922,001,1795
829.1215,829.1607,68437,82572,Rhinolophus ferrumequinum,0.025,0.025,-1,Echolocation,/mnt/ubna_data_02_mir/recover-20220922/UBNA_001/20220921_090000.WAV,Telephone Field,recover-20220922,001,1795
829.1365,829.1769,68437,82423,Rhinolophus ferrumequinum,0.025,0.025,-1,Echolocation,/mnt/ubna_data_02_mir/recover-20220922/UBNA_001/20220921_090000.WAV,Telephone Field,recover-20220922,001,1795
829.1505,829.1586,46093,52054,Pipistrellus pipistrellus,0.028,0.03,-1,Echolocation,/mnt/ubna_data_02_mir/recover-20220922/UBNA_001/20220921_090000.WAV,Telephone Field,recover-20220922,001,1795
829.1685,829.1847,22031,25480,Nyctalus leisleri,0.016,0.027,-1,Echolocation,/mnt/ubna_data_02_mir/recover-20220922/UBNA_001/20220921_090000.WAV,Telephone Field,recover-20220922,001,1795
829.1825,829.2228,68437,82020,Rhinolophus ferrumequinum,0.021,0.021,-1,Echolocation,/mnt/ubna_data_02_mir/recover-20220922/UBNA_001/20220921_090000.WAV,Telephone Field,recover-20220922,001,1795
829.1885,829.2031,22031,26117,Nyctalus leisleri,0.019,0.033,-1,Echolocation,/mnt/ubna_data_02_mir/recover-20220922/UBNA_001/20220921_090000.WAV,Telephone Field,recover-20220922,001,1795
829.2365,829.2755,68437,81821,Rhinolophus ferrumequinum,0.022,0.022,-1,Echolocation,/mnt/ubna_data_02_mir/recover-20220922/UBNA_001/20220921_090000.WAV,Telephone Field,recover-20220922,001,1795
829.2675,829.309,68437,82724,Rhinolophus ferrumequinum,0.027,0.027,-1,Echolocation,/mnt/ubna_data_02_mir/recover-20220922/UBNA_001/20220921_090000.WAV,Telephone Field,recover-20220922,001,1795
829.3095,829.351,68437,82677,Rhinolophus ferrumequinum,0.024,0.024,-1,Echolocation,/mnt/ubna_data_02_mir/recover-20220922/UBNA_001/20220921_090000.WAV,Telephone Field,recover-20220922,001,1795
829.3195,829.3316,22890,27821,Nyctalus leisleri,0.013,0.028,-1,Echolocation,/mnt/ubna_data_02_mir/recover-20220922/UBNA_001/20220921_090000.WAV,Telephone Field,recover-20220922,001,1795
829.3395,829.3808,68437,82548,Rhinolophus ferrumequinum,0.029,0.029,-1,Echolocation,/mnt/ubna_data_02_mir/recover-20220922/UBNA_001/20220921_090000.WAV,Telephone Field,recover-20220922,001,1795
829.3485000000001,829.3585,28906,37528,Eptesicus serotinus,0.01,0.023,-1,Echolocation,/mnt/ubna_data_02_mir/recover-20220922/UBNA_001/20220921_090000.WAV,Telephone Field,recover-20220922,001,1795
829.3825,829.4243,68437,82319,Rhinolophus ferrumequinum,0.038,0.038,-1,Echolocation,/mnt/ubna_data_02_mir/recover-20220922/UBNA_001/20220921_090000.WAV,Telephone Field,recover-20220922,001,1795
829.4055,829.4488,68437,83026,Rhinolophus ferrumequinum,0.025,0.025,-1,Echolocation,/mnt/ubna_data_02_mir/recover-20220922/UBNA_001/20220921_090000.WAV,Telephone Field,recover-20220922,001,1795
829.4115,829.4519,68437,82754,Rhinolophus ferrumequinum,0.024,0.024,-1,Echolocation,/mnt/ubna_data_02_mir/recover-20220922/UBNA_001/20220921_090000.WAV,Telephone Field,recover-20220922,001,1795
829.4265,829.4659,68437,81760,Rhinolophus ferrumequinum,0.022,0.022,-1,Echolocation,/mnt/ubna_data_02_mir/recover-20220922/UBNA_001/20220921_090000.WAV,Telephone Field,recover-20220922,001,1795
829.4345,829.4436,28906,38492,Eptesicus serotinus,0.013,0.027,-1,Echolocation,/mnt/ubna_data_02_mir/recover-20220922/UBNA_001/20220921_090000.WAV,Telephone Field,recover-20220922,001,1795
829.4555,829.4657,28906,35986,Eptesicus serotinus,0.011,0.023,-1,Echolocation,/mnt/ubna_data_02_mir/recover-20220922/UBNA_001/20220921_090000.WAV,Telephone Field,recover-20220922,001,1795
829.4555,829.4967,68437,83013,Rhinolophus ferrumequinum,0.026,0.026,-1,Echolocation,/mnt/ubna_data_02_mir/recover-20220922/UBNA_001/20220921_090000.WAV,Telephone Field,recover-20220922,001,1795
829.5115,829.5489,68437,81543,Rhinolophus ferrumequinum,0.026,0.026,-1,Echolocation,/mnt/ubna_data_02_mir/recover-20220922/UBNA_001/20220921_090000.WAV,Telephone Field,recover-20220922,001,1795
829.5235,829.5657,68437,82779,Rhinolophus ferrumequinum,0.024,0.024,-1,Echolocation,/mnt/ubna_data_02_mir/recover-20220922/UBNA_001/20220921_090000.WAV,Telephone Field,recover-20220922,001,1795
829.5415,829.5829,68437,82869,Rhinolophus ferrumequinum,0.023,0.023,-1,Echolocation,/mnt/ubna_data_02_mir/recover-20220922/UBNA_001/20220921_090000.WAV,Telephone Field,recover-20220922,001,1795
829.5535,829.5645,26328,33344,Eptesicus serotinus,0.014,0.027,-1,Echolocation,/mnt/ubna_data_02_mir/recover-20220922/UBNA_001/20220921_090000.WAV,Telephone Field,recover-20220922,001,1795
829.5545,829.5968,68437,82678,Rhinolophus ferrumequinum,0.026,0.026,-1,Echolocation,/mnt/ubna_data_02_mir/recover-20220922/UBNA_001/20220921_090000.WAV,Telephone Field,recover-20220922,001,1795
829.5785,829.6159,68437,81419,Rhinolophus ferrumequinum,0.028,0.028,-1,Echolocation,/mnt/ubna_data_02_mir/recover-20220922/UBNA_001/20220921_090000.WAV,Telephone Field,recover-20220922,001,1795
829.5855,829.597,33203,39279,Eptesicus serotinus,0.006,0.022,-1,Echolocation,/mnt/ubna_data_02_mir/recover-20220922/UBNA_001/20220921_090000.WAV,Telephone Field,recover-20220922,001,1795
829.6085,829.6394,68437,80133,Rhinolophus ferrumequinum,0.024,0.024,-1,Echolocation,/mnt/ubna_data_02_mir/recover-20220922/UBNA_001/20220921_090000.WAV,Telephone Field,recover-20220922,001,1795
829.6095,829.619,22031,28203,Plecotus austriacus,0.011,0.026,-1,Echolocation,/mnt/ubna_data_02_mir/recover-20220922/UBNA_001/20220921_090000.WAV,Telephone Field,recover-20220922,001,1795
829.6505,829.69,68437,82187,Rhinolophus ferrumequinum,0.023,0.023,-1,Echolocation,/mnt/ubna_data_02_mir/recover-20220922/UBNA_001/20220921_090000.WAV,Telephone Field,recover-20220922,001,1795
829.6555,829.6949,68437,82750,Rhinolophus ferrumequinum,0.022,0.022,-1,Echolocation,/mnt/ubna_data_02_mir/recover-20220922/UBNA_001/20220921_090000.WAV,Telephone Field,recover-20220922,001,1795
829.6675,829.7094,68437,82598,Rhinolophus ferrumequinum,0.024,0.024,-1,Echolocation,/mnt/ubna_data_02_mir/recover-20220922/UBNA_001/20220921_090000.WAV,Telephone Field,recover-20220922,001,1795
829.7005,829.7387,68437,82862,Rhinolophus ferrumequinum,0.022,0.022,-1,Echolocation,/mnt/ubna_data_02_mir/recover-20220922/UBNA_001/20220921_090000.WAV,Telephone Field,recover-20220922,001,1795
829.7105,829.717,50390,56905,Pipistrellus pipistrellus,0.023,0.025,-1,Echolocation,/mnt/ubna_data_02_mir/recover-20220922/UBNA_001/20220921_090000.WAV,Telephone Field,recover-20220922,001,1795
829.7435,829.7515,28046,41198,Eptesicus serotinus,0.008,0.022,-1,Echolocation,/mnt/ubna_data_02_mir/recover-20220922/UBNA_001/20220921_090000.WAV,Telephone Field,recover-20220922,001,1795
829.7555,829.7669,43515,46477,Pipistrellus pipistrellus,0.024,0.026,-1,Echolocation,/mnt/ubna_data_02_mir/recover-20220922/UBNA_001/20220921_090000.WAV,Telephone Field,recover-20220922,001,1795
829.7965,829.8364,68437,82526,Rhinolophus ferrumequinum,0.021,0.021,-1,Echolocation,/mnt/ubna_data_02_mir/recover-20220922/UBNA_001/20220921_090000.WAV,Telephone Field,recover-20220922,001,1795
829.8085,829.8242,19453,23626,Nyctalus noctula,0.013,0.028,-1,Echolocation,/mnt/ubna_data_02_mir/recover-20220922/UBNA_001/20220921_090000.WAV,Telephone Field,recover-20220922,001,1795
829.8215,829.8603,68437,82142,Rhinolophus ferrumequinum,0.023,0.023,-1,Echolocation,/mnt/ubna_data_02_mir/recover-20220922/UBNA_001/20220921_090000.WAV,Telephone Field,recover-20220922,001,1795
829.8315,829.8404,28906,38497,Eptesicus serotinus,0.012,0.028,-1,Echolocation,/mnt/ubna_data_02_mir/recover-20220922/UBNA_001/20220921_090000.WAV,Telephone Field,recover-20220922,001,1795
829.8615,829.9061,68437,83368,Rhinolophus ferrumequinum,0.035,0.035,-1,Echolocation,/mnt/ubna_data_02_mir/recover-20220922/UBNA_001/20220921_090000.WAV,Telephone Field,recover-20220922,001,1795
829.8695,829.9081,68437,82486,Rhinolophus ferrumequinum,0.024,0.024,-1,Echolocation,/mnt/ubna_data_02_mir/recover-20220922/UBNA_001/20220921_090000.WAV,Telephone Field,recover-20220922,001,1795
829.8755,829.9125,68437,82148,Rhinolophus ferrumequinum,0.021,0.021,-1,Echolocation,/mnt/ubna_data_02_mir/recover-20220922/UBNA_001/20220921_090000.WAV,Telephone Field,recover-20220922,001,1795
829.8825,829.9181,68437,80909,Rhinolophus ferrumequinum,0.021,0.021,-1,Echolocation,/mnt/ubna_data_02_mir/recover-20220922/UBNA_001/20220921_090000.WAV,Telephone Field,recover-20220922,001,1795
829.9045,829.9147,28906,37620,Eptesicus serotinus,0.01,0.022,-1,Echolocation,/mnt/ubna_data_02_mir/recover-20220922/UBNA_001/20220921_090000.WAV,Telephone Field,recover-20220922,001,1795
829.9055,829.9182,34062,38395,Eptesicus serotinus,0.006,0.024,-1,Echolocation,/mnt/ubna_data_02_mir/recover-20220922/UBNA_001/20220921_090000.WAV,Telephone Field,recover-20220922,001,1795
829.9135,829.9545,68437,82512,Rhinolophus ferrumequinum,0.024,0.024,-1,Echolocation,/mnt/ubna_data_02_mir/recover-20220922/UBNA_001/20220921_090000.WAV,Telephone Field,recover-20220922,001,1795
829.9345,829.9776,68437,83011,Rhinolophus ferrumequinum,0.037,0.037,-1,Echolocation,/mnt/ubna_data_02_mir/recover-20220922/UBNA_001/20220921_090000.WAV,Telephone Field,recover-20220922,001,1795
829.9575,829.9949,68437,82309,Rhinolophus ferrumequinum,0.024,0.024,-1,Echolocation,/mnt/ubna_data_02_mir/recover-20220922/UBNA_001/20220921_090000.WAV,Telephone Field,recover-20220922,001,1795
829.9625,829.9724,23750,30077,Nyctalus leisleri,0.01,0.024,-1,Echolocation,/mnt/ubna_data_02_mir/recover-20220922/UBNA_001/20220921_090000.WAV,Telephone Field,recover-20220922,001,1795
830.0015,830.0328,68437,79753,Rhinolophus ferrumequinum,0.041,0.042,-1,Echolocation,/mnt/ubna_data_02_mir/recover-20220922/UBNA_001/20220921_090000.WAV,Telephone Field,recover-20220922,001,1795
830.0015,830.012,26328,34922,Nyctalus leisleri,0.01,0.03,-1,Echolocation,/mnt/ubna_data_02_mir/recover-20220922/UBNA_001/20220921_090000.WAV,Telephone Field,recover-20220922,001,1795
830.0235,830.0323,28046,38109,Eptesicus serotinus,0.008,0.021,-1,Echolocation,/mnt/ubna_data_02_mir/recover-20220922/UBNA_001/20220921_090000.WAV,Telephone Field,recover-20220922,001,1795
830.0565,830.0638,22890,30585,Plecotus austriacus,0.01,0.021,-1,Echolocation,/mnt/ubna_data_02_mir/recover-20220922/UBNA_001/20220921_090000.WAV,Telephone Field,recover-20220922,001,1795
830.0945,830.1347,68437,82751,Rhinolophus ferrumequinum,0.03,0.03,-1,Echolocation,/mnt/ubna_data_02_mir/recover-20220922/UBNA_001/20220921_090000.WAV,Telephone Field,recover-20220922,001,1795
830.1005,830.108,23750,31730,Plecotus austriacus,0.008,0.021,-1,Echolocation,/mnt/ubna_data_02_mir/recover-20220922/UBNA_001/20220921_090000.WAV,Telephone Field,recover-20220922,001,1795
830.1514999999999,830.159,28046,41638,Eptesicus serotinus,0.007,0.023,-1,Echolocation,/mnt/ubna_data_02_mir/recover-20220922/UBNA_001/20220921_090000.WAV,Telephone Field,recover-20220922,001,1795
830.1595,830.1985999999999,68437,81824,Rhinolophus ferrumequinum,0.023,0.023,-1,Echolocation,/mnt/ubna_data_02_mir/recover-20220922/UBNA_001/20220921_090000.WAV,Telephone Field,recover-20220922,001,1795
830.1665,830.1769,22031,26162,Nyctalus leisleri,0.012,0.021,-1,Echolocation,/mnt/ubna_data_02_mir/recover-20220922/UBNA_001/20220921_090000.WAV,Telephone Field,recover-20220922,001,1795
830.1735,830.2139999999999,68437,81502,Rhinolophus ferrumequinum,0.034,0.034,-1,Echolocation,/mnt/ubna_data_02_mir/recover-20220922/UBNA_001/20220921_090000.WAV,Telephone Field,recover-20220922,001,1795
830.2285,830.2687,68437,82597,Rhinolophus ferrumequinum,0.023,0.023,-1,Echolocation,/mnt/ubna_data_02_mir/recover-20220922/UBNA_001/20220921_090000.WAV,Telephone Field,recover-20220922,001,1795
830.2355,830.2767,68437,81923,Rhinolophus ferrumequinum,0.022,0.022,-1,Echolocation,/mnt/ubna_data_02_mir/recover-20220922/UBNA_001/20220921_090000.WAV,Telephone Field,recover-20220922,001,1795
830.2415,830.2515,23750,30267,Nyctalus leisleri,0.008,0.023,-1,Echolocation,/mnt/ubna_data_02_mir/recover-20220922/UBNA_001/20220921_090000.WAV,Telephone Field,recover-20220922,001,1795
830.2615,830.2964,68437,81546,Rhinolophus ferrumequinum,0.023,0.024,-1,Echolocation,/mnt/ubna_data_02_mir/recover-20220922/UBNA_001/20220921_090000.WAV,Telephone Field,recover-20220922,001,1795
830.2635,830.2735,23750,30449,Nyctalus leisleri,0.009,0.024,-1,Echolocation,/mnt/ubna_data_02_mir/recover-20220922/UBNA_001/20220921_090000.WAV,Telephone Field,recover-20220922,001,1795
830.2695,830.3064,68437,81647,Rhinolophus ferrumequinum,0.021,0.021,-1,Echolocation,/mnt/ubna_data_02_mir/recover-20220922/UBNA_001/20220921_090000.WAV,Telephone Field,recover-20220922,001,1795
830.2785,830.3173,68437,82423,Rhinolophus ferrumequinum,0.022,0.023,-1,Echolocation,/mnt/ubna_data_02_mir/recover-20220922/UBNA_001/20220921_090000.WAV,Telephone Field,recover-20220922,001,1795
830.2905,830.3013,25468,31970,Eptesicus serotinus,0.01,0.024,-1,Echolocation,/mnt/ubna_data_02_mir/recover-20220922/UBNA_001/20220921_090000.WAV,Telephone Field,recover-20220922,001,1795
830.3165,830.3513,68437,81439,Rhinolophus ferrumequinum,0.022,0.022,-1,Echolocation,/mnt/ubna_data_02_mir/recover-20220922/UBNA_001/20220921_090000.WAV,Telephone Field,recover-20220922,001,1795
830.3295,830.368,68437,82083,Rhinolophus ferrumequinum,0.024,0.024,-1,Echolocation,/mnt/ubna_data_02_mir/recover-20220922/UBNA_001/20220921_090000.WAV,Telephone Field,recover-20220922,001,1795
830.3385,830.3472,26328,38091,Eptesicus serotinus,0.007,0.021,-1,Echolocation,/mnt/ubna_data_02_mir/recover-20220922/UBNA_001/20220921_090000.WAV,Telephone Field,recover-20220922,001,1795
830.3395,830.3802,68437,82853,Rhinolophus ferrumequinum,0.024,0.024,-1,Echolocation,/mnt/ubna_data_02_mir/recover-20220922/UBNA_001/20220921_090000.WAV,Telephone Field,recover-20220922,001,1795
830.3505,830.3634,22890,26996,Nyctalus leisleri,0.018,0.031,-1,Echolocation,/mnt/ubna_data_02_mir/recover-20220922/UBNA_001/20220921_090000.WAV,Telephone Field,recover-20220922,001,1795
830.3775,830.3854,23750,32858,Plecotus austriacus,0.01,0.025,-1,Echolocation,/mnt/ubna_data_02_mir/recover-20220922/UBNA_001/20220921_090000.WAV,Telephone Field,recover-20220922,001,1795
830.3785,830.4175,68437,82722,Rhinolophus ferrumequinum,0.023,0.023,-1,Echolocation,/mnt/ubna_data_02_mir/recover-20220922/UBNA_001/20220921_090000.WAV,Telephone Field,recover-20220922,001,1795
830.3815,830.3898,28906,37046,Eptesicus serotinus,0.008,0.023,-1,Echolocation,/mnt/ubna_data_02_mir/recover-20220922/UBNA_001/20220921_090000.WAV,Telephone Field,recover-20220922,001,1795
830.4045,830.4134,28906,36983,Eptesicus serotinus,0.008,0.021,-1,Echolocation,/mnt/ubna_data_02_mir/recover-20220922/UBNA_001/20220921_090000.WAV,Telephone Field,recover-20220922,001,1795
830.4255,830.4645,68437,81714,Rhinolophus ferrumequinum,0.023,0.023,-1,Echolocation,/mnt/ubna_data_02_mir/recover-20220922/UBNA_001/20220921_090000.WAV,Telephone Field,recover-20220922,001,1795
830.4445,830.4821,68437,81692,Rhinolophus ferrumequinum,0.021,0.021,-1,Echolocation,/mnt/ubna_data_02_mir/recover-20220922/UBNA_001/20220921_090000.WAV,Telephone Field,recover-20220922,001,1795
830.4725,830.5092,68437,81701,Rhinolophus ferrumequinum,0.021,0.021,-1,Echolocation,/mnt/ubna_data_02_mir/recover-20220922/UBNA_001/20220921_090000.WAV,Telephone Field,recover-20220922,001,1795
830.5035,830.5432,68437,82691,Rhinolophus ferrumequinum,0.023,0.023,-1,Echolocation,/mnt/ubna_data_02_mir/recover-20220922/UBNA_001/20220921_090000.WAV,Telephone Field,recover-20220922,001,1795
830.5055,830.5217,21171,25502,Nyctalus leisleri,0.027,0.06,-1,Echolocation,/mnt/ubna_data_02_mir/recover-20220922/UBNA_001/20220921_090000.WAV,Telephone Field,recover-20220922,001,1795
830.5195,830.5604,68437,82964,Rhinolophus ferrumequinum,0.025,0.025,-1,Echolocation,/mnt/ubna_data_02_mir/recover-20220922/UBNA_001/20220921_090000.WAV,Telephone Field,recover-20220922,001,1795
830.5505,830.561,28046,36438,Eptesicus serotinus,0.012,0.026,-1,Echolocation,/mnt/ubna_data_02_mir/recover-20220922/UBNA_001/20220921_090000.WAV,Telephone Field,recover-20220922,001,1795
830.5565,830.5947,68437,82495,Rhinolophus ferrumequinum,0.025,0.025,-1,Echolocation,/mnt/ubna_data_02_mir/recover-20220922/UBNA_001/20220921_090000.WAV,Telephone Field,recover-20220922,001,1795
830.5825,830.6249,68437,83332,Rhinolophus ferrumequinum,0.025,0.025,-1,Echolocation,/mnt/ubna_data_02_mir/recover-20220922/UBNA_001/20220921_090000.WAV,Telephone Field,recover-20220922,001,1795
830.6005,830.6417,68437,82599,Rhinolophus ferrumequinum,0.021,0.021,-1,Echolocation,/mnt/ubna_data_02_mir/recover-20220922/UBNA_001/20220921_090000.WAV,Telephone Field,recover-20220922,001,1795
830.6285,830.6682,68437,81888,Rhinolophus ferrumequinum,0.024,0.024,-1,Echolocation,/mnt/ubna_data_02_mir/recover-20220922/UBNA_001/20220921_090000.WAV,Telephone Field,recover-20220922,001,1795
830.6325,830.6407,26328,35461,Eptesicus serotinus,0.008,0.024,-1,Echolocation,/mnt/ubna_data_02_mir/recover-20220922/UBNA_001/20220921_090000.WAV,Telephone Field,recover-20220922,001,1795
830.7175,830.7252,47812,54568,Pipistrellus pipistrellus,0.02,0.024,-1,Echolocation,/mnt/ubna_data_02_mir/recover-20220922/UBNA_001/20220921_090000.WAV,Telephone Field,recover-20220922,001,1795
830.7185,830.758,68437,82745,Rhinolophus ferrumequinum,0.026,0.026,-1,Echolocation,/mnt/ubna_data_02_mir/recover-20220922/UBNA_001/20220921_090000.WAV,Telephone Field,recover-20220922,001,1795
830.7335,830.7688,68437,80341,Rhinolophus ferrumequinum,0.021,0.021,-1,Echolocation,/mnt/ubna_data_02_mir/recover-20220922/UBNA_001/20220921_090000.WAV,Telephone Field,recover-20220922,001,1795
830.7585,830.7976,68437,82731,Rhinolophus ferrumequinum,0.025,0.025,-1,Echolocation,/mnt/ubna_data_02_mir/recover-20220922/UBNA_001/20220921_090000.WAV,Telephone Field,recover-20220922,001,1795
830.7665,830.7999,68437,81455,Rhinolophus ferrumequinum,0.023,0.023,-1,Echolocation,/mnt/ubna_data_02_mir/recover-20220922/UBNA_001/20220921_090000.WAV,Telephone Field,recover-20220922,001,1795
830.7665,830.7753,28906,36722,Eptesicus serotinus,0.007,0.022,-1,Echolocation,/mnt/ubna_data_02_mir/recover-20220922/UBNA_001/20220921_090000.WAV,Telephone Field,recover-20220922,001,1795
830.7895,830.8328,68437,83296,Rhinolophus ferrumequinum,0.028,0.028,-1,Echolocation,/mnt/ubna_data_02_mir/recover-20220922/UBNA_001/20220921_090000.WAV,Telephone Field,recover-20220922,001,1795
830.7975,830.8394,68437,83171,Rhinolophus ferrumequinum,0.025,0.026,-1,Echolocation,/mnt/ubna_data_02_mir/recover-20220922/UBNA_001/20220921_090000.WAV,Telephone Field,recover-20220922,001,1795
830.8215,830.8576,68437,81748,Rhinolophus ferrumequinum,0.021,0.021,-1,Echolocation,/mnt/ubna_data_02_mir/recover-20220922/UBNA_001/20220921_090000.WAV,Telephone Field,recover-20220922,001,1795
830.8525,830.8905,68437,82106,Rhinolophus ferrumequinum,0.022,0.022,-1,Echolocation,/mnt/ubna_data_02_mir/recover-20220922/UBNA_001/20220921_090000.WAV,Telephone Field,recover-20220922,001,1795
830.8715,830.9084,68437,81388,Rhinolophus ferrumequinum,0.022,0.022,-1,Echolocation,/mnt/ubna_data_02_mir/recover-20220922/UBNA_001/20220921_090000.WAV,Telephone Field,recover-20220922,001,1795
830.8965,830.9385,68437,82855,Rhinolophus ferrumequinum,0.03,0.03,-1,Echolocation,/mnt/ubna_data_02_mir/recover-20220922/UBNA_001/20220921_090000.WAV,Telephone Field,recover-20220922,001,1795
830.9155,830.9254,55546,60241,Pipistrellus pygmaeus,0.024,0.024,-1,Echolocation,/mnt/ubna_data_02_mir/recover-20220922/UBNA_001/20220921_090000.WAV,Telephone Field,recover-20220922,001,1795
830.9315,830.9399,29765,37266,Eptesicus serotinus,0.04,0.067,-1,Echolocation,/mnt/ubna_data_02_mir/recover-20220922/UBNA_001/20220921_090000.WAV,Telephone Field,recover-20220922,001,1795
830.9355,830.9763,68437,82738,Rhinolophus ferrumequinum,0.024,0.024,-1,Echolocation,/mnt/ubna_data_02_mir/recover-20220922/UBNA_001/20220921_090000.WAV,Telephone Field,recover-20220922,001,1795
830.9675,831.0082,68437,82895,Rhinolophus ferrumequinum,0.023,0.023,-1,Echolocation,/mnt/ubna_data_02_mir/recover-20220922/UBNA_001/20220921_090000.WAV,Telephone Field,recover-20220922,001,1795
830.9805,831.0198,68437,82290,Rhinolophus ferrumequinum,0.022,0.022,-1,Echolocation,/mnt/ubna_data_02_mir/recover-20220922/UBNA_001/20220921_090000.WAV,Telephone Field,recover-20220922,001,1795
830.9895,831.0019,32343,37213,Pipistrellus nathusii,0.007,0.028,-1,Echolocation,/mnt/ubna_data_02_mir/recover-20220922/UBNA_001/20220921_090000.WAV,Telephone Field,recover-20220922,001,1795
831.0145,831.0531,68437,81589,Rhinolophus ferrumequinum,0.021,0.021,-1,Echolocation,/mnt/ubna_data_02_mir/recover-20220922/UBNA_001/20220921_090000.WAV,Telephone Field,recover-20220922,001,1795
831.0315,831.0681,68437,81715,Rhinolophus ferrumequinum,0.025,0.025,-1,Echolocation,/mnt/ubna_data_02_mir/recover-20220922/UBNA_001/20220921_090000.WAV,Telephone Field,recover-20220922,001,1795
831.0345,831.0429,22890,30103,Plecotus austriacus,0.009,0.022,-1,Echolocation,/mnt/ubna_data_02_mir/recover-20220922/UBNA_001/20220921_090000.WAV,Telephone Field,recover-20220922,001,1795
831.0505,831.0883,68437,82255,Rhinolophus ferrumequinum,0.025,0.025,-1,Echolocation,/mnt/ubna_data_02_mir/recover-20220922/UBNA_001/20220921_090000.WAV,Telephone Field,recover-20220922,001,1795
831.0665,831.0751,28906,40667,Eptesicus serotinus,0.009,0.025,-1,Echolocation,/mnt/ubna_data_02_mir/recover-20220922/UBNA_001/20220921_090000.WAV,Telephone Field,recover-20220922,001,1795
831.0965,831.1373,68437,82126,Rhinolophus ferrumequinum,0.024,0.024,-1,Echolocation,/mnt/ubna_data_02_mir/recover-20220922/UBNA_001/20220921_090000.WAV,Telephone Field,recover-20220922,001,1795
831.1015,831.1131,26328,32240,Eptesicus serotinus,0.009,0.025,-1,Echolocation,/mnt/ubna_data_02_mir/recover-20220922/UBNA_001/20220921_090000.WAV,Telephone Field,recover-20220922,001,1795
831.1045,831.1472,68437,82913,Rhinolophus ferrumequinum,0.023,0.023,-1,Echolocation,/mnt/ubna_data_02_mir/recover-20220922/UBNA_001/20220921_090000.WAV,Telephone Field,recover-20220922,001,1795
831.1095,831.1514999999999,68437,82626,Rhinolophus ferrumequinum,0.023,0.023,-1,Echolocation,/mnt/ubna_data_02_mir/recover-20220922/UBNA_001/20220921_090000.WAV,Telephone Field,recover-20220922,001,1795
831.1365,831.1732,68437,81458,Rhinolophus ferrumequinum,0.021,0.021,-1,Echolocation,/mnt/ubna_data_02_mir/recover-20220922/UBNA_001/20220921_090000.WAV,Telephone Field,recover-20220922,001,1795
831.1715,831.2083,68437,81752,Rhinolophus ferrumequinum,0.027,0.027,-1,Echolocation,/mnt/ubna_data_02_mir/recover-20220922/UBNA_001/20220921_090000.WAV,Telephone Field,recover-20220922,001,1795
831.2035,831.2423,68437,81334,Rhinolophus ferrumequinum,0.024,0.024,-1,Echolocation,/mnt/ubna_data_02_mir/recover-20220922/UBNA_001/20220921_090000.WAV,Telephone Field,recover-20220922,001,1795
831.2305,831.2701,68437,81845,Rhinolophus ferrumequinum,0.024,0.024,-1,Echolocation,/mnt/ubna_data_02_mir/recover-20220922/UBNA_001/20220921_090000.WAV,Telephone Field,recover-20220922,001,1795
831.2345,831.2422,27187,39747,Eptesicus serotinus,0.008,0.023,-1,Echolocation,/mnt/ubna_data_02_mir/recover-20220922/UBNA_001/20220921_090000.WAV,Telephone Field,recover-20220922,001,1795
831.2505,831.2588,28046,37708,Eptesicus serotinus,0.007,0.021,-1,Echolocation,/mnt/ubna_data_02_mir/recover-20220922/UBNA_001/20220921_090000.WAV,Telephone Field,recover-20220922,001,1795
831.2965,831.3388,68437,82314,Rhinolophus ferrumequinum,0.039,0.039,-1,Echolocation,/mnt/ubna_data_02_mir/recover-20220922/UBNA_001/20220921_090000.WAV,Telephone Field,recover-20220922,001,1795
831.3155,831.3242,28046,38524,Eptesicus serotinus,0.009,0.025,-1,Echolocation,/mnt/ubna_data_02_mir/recover-20220922/UBNA_001/20220921_090000.WAV,Telephone Field,recover-20220922,001,1795
831.3295,831.3659,68437,81864,Rhinolophus ferrumequinum,0.023,0.023,-1,Echolocation,/mnt/ubna_data_02_mir/recover-20220922/UBNA_001/20220921_090000.WAV,Telephone Field,recover-20220922,001,1795
831.3365,831.3752,68437,82098,Rhinolophus ferrumequinum,0.022,0.022,-1,Echolocation,/mnt/ubna_data_02_mir/recover-20220922/UBNA_001/20220921_090000.WAV,Telephone Field,recover-20220922,001,1795
831.3525,831.392,68437,82492,Rhinolophus ferrumequinum,0.022,0.022,-1,Echolocation,/mnt/ubna_data_02_mir/recover-20220922/UBNA_001/20220921_090000.WAV,Telephone Field,recover-20220922,001,1795
831.3665,831.4029,68437,81009,Rhinolophus ferrumequinum,0.022,0.022,-1,Echolocation,/mnt/ubna_data_02_mir/recover-20220922/UBNA_001/20220921_090000.WAV,Telephone Field,recover-20220922,001,1795
831.3725,831.3860999999999,34062,37758,Pipistrellus nathusii,0.011,0.035,-1,Echolocation,/mnt/ubna_data_02_mir/recover-20220922/UBNA_001/20220921_090000.WAV,Telephone Field,recover-20220922,001,1795
831.4165,831.4293,22031,26671,Nyctalus leisleri,0.013,0.028,-1,Echolocation,/mnt/ubna_data_02_mir/recover-20220922/UBNA_001/20220921_090000.WAV,Telephone Field,recover-20220922,001,1795
831.4255,831.4629,68437,82387,Rhinolophus ferrumequinum,0.022,0.022,-1,Echolocation,/mnt/ubna_data_02_mir/recover-20220922/UBNA_001/20220921_090000.WAV,Telephone Field,recover-20220922,001,1795
831.4575,831.4987,68437,82217,Rhinolophus ferrumequinum,0.024,0.024,-1,Echolocation,/mnt/ubna_data_02_mir/recover-20220922/UBNA_001/20220921_090000.WAV,Telephone Field,recover-20220922,001,1795
831.4885,831.5029,58125,64741,Pipistrellus pygmaeus,0.023,0.023,-1,Echolocation,/mnt/ubna_data_02_mir/recover-20220922/UBNA_001/20220921_090000.WAV,Telephone Field,recover-20220922,001,1795
831.5115,831.5515,68437,82707,Rhinolophus ferrumequinum,0.026,0.026,-1,Echolocation,/mnt/ubna_data_02_mir/recover-20220922/UBNA_001/20220921_090000.WAV,Telephone Field,recover-20220922,001,1795
831.5285,831.5381,25468,33043,Nyctalus leisleri,0.008,0.023,-1,Echolocation,/mnt/ubna_data_02_mir/recover-20220922/UBNA_001/20220921_090000.WAV,Telephone Field,recover-20220922,001,1795
831.5375,831.5758,68437,81798,Rhinolophus ferrumequinum,0.023,0.023,-1,Echolocation,/mnt/ubna_data_02_mir/recover-20220922/UBNA_001/20220921_090000.WAV,Telephone Field,recover-20220922,001,1795
831.5465,831.5849,68437,82264,Rhinolophus ferrumequinum,0.025,0.025,-1,Echolocation,/mnt/ubna_data_02_mir/recover-20220922/UBNA_001/20220921_090000.WAV,Telephone Field,recover-20220922,001,1795
831.5585,831.5956,68437,81460,Rhinolophus ferrumequinum,0.021,0.021,-1,Echolocation,/mnt/ubna_data_02_mir/recover-20220922/UBNA_001/20220921_090000.WAV,Telephone Field,recover-20220922,001,1795
831.5595,831.5676,47812,55693,Pipistrellus pipistrellus,0.029,0.032,-1,Echolocation,/mnt/ubna_data_02_mir/recover-20220922/UBNA_001/20220921_090000.WAV,Telephone Field,recover-20220922,001,1795
831.5905,831.6278,68437,81921,Rhinolophus ferrumequinum,0.023,0.023,-1,Echolocation,/mnt/ubna_data_02_mir/recover-20220922/UBNA_001/20220921_090000.WAV,Telephone Field,recover-20220922,001,1795
831.6025,831.6431,68437,82357,Rhinolophus ferrumequinum,0.021,0.022,-1,Echolocation,/mnt/ubna_data_02_mir/recover-20220922/UBNA_001/20220921_090000.WAV,Telephone Field,recover-20220922,001,1795
831.6095,831.6489,68437,82025,Rhinolophus ferrumequinum,0.023,0.023,-1,Echolocation,/mnt/ubna_data_02_mir/recover-20220922/UBNA_001/20220921_090000.WAV,Telephone Field,recover-20220922,001,1795
831.6255,831.6643,68437,81818,Rhinolophus ferrumequinum,0.023,0.023,-1,Echolocation,/mnt/ubna_data_02_mir/recover-20220922/UBNA_001/20220921_090000.WAV,Telephone Field,recover-20220922,001,1795
831.6725,831.7161,68437,83031,Rhinolophus ferrumequinum,0.036,0.036,-1,Echolocation,/mnt/ubna_data_02_mir/recover-20220922/UBNA_001/20220921_090000.WAV,Telephone Field,recover-20220922,001,1795
831.6745,831.6822,28046,39309,Eptesicus serotinus,0.006,0.021,-1,Echolocation,/mnt/ubna_data_02_mir/recover-20220922/UBNA_001/20220921_090000.WAV,Telephone Field,recover-20220922,001,1795
831.7195,831.7571,68437,82484,Rhinolophus ferrumequinum,0.023,0.023,-1,Echolocation,/mnt/ubna_data_02_mir/recover-20220922/UBNA_001/20220921_090000.WAV,Telephone Field,recover-20220922,001,1795
831.7265,831.7662,68437,82105,Rhinolophus ferrumequinum,0.024,0.024,-1,Echolocation,/mnt/ubna_data_02_mir/recover-20220922/UBNA_001/20220921_090000.WAV,Telephone Field,recover-20220922,001,1795
831.7375,831.7801,68437,82982,Rhinolophus ferrumequinum,0.032,0.032,-1,Echolocation,/mnt/ubna_data_02_mir/recover-20220922/UBNA_001/20220921_090000.WAV,Telephone Field,recover-20220922,001,1795
831.7595,831.7677,28046,38332,Eptesicus serotinus,0.008,0.021,-1,Echolocation,/mnt/ubna_data_02_mir/recover-20220922/UBNA_001/20220921_090000.WAV,Telephone Field,recover-20220922,001,1795
831.7615,831.7987,68437,82243,Rhinolophus ferrumequinum,0.021,0.021,-1,Echolocation,/mnt/ubna_data_02_mir/recover-20220922/UBNA_001/20220921_090000.WAV,Telephone Field,recover-20220922,001,1795
831.7795,831.8166,68437,81996,Rhinolophus ferrumequinum,0.027,0.027,-1,Echolocation,/mnt/ubna_data_02_mir/recover-20220922/UBNA_001/20220921_090000.WAV,Telephone Field,recover-20220922,001,1795
831.8105,831.8499,68437,81845,Rhinolophus ferrumequinum,0.022,0.022,-1,Echolocation,/mnt/ubna_data_02_mir/recover-20220922/UBNA_001/20220921_090000.WAV,Telephone Field,recover-20220922,001,1795
831.8265,831.8442,16015,21167,Nyctalus noctula,0.016,0.021,-1,Echolocation,/mnt/ubna_data_02_mir/recover-20220922/UBNA_001/20220921_090000.WAV,Telephone Field,recover-20220922,001,1795
831.8275,831.8706999999999,68437,83482,Rhinolophus ferrumequinum,0.031,0.031,-1,Echolocation,/mnt/ubna_data_02_mir/recover-20220922/UBNA_001/20220921_090000.WAV,Telephone Field,recover-20220922,001,1795
831.8275,831.8361,24609,31990,Plecotus austriacus,0.006,0.021,-1,Echolocation,/mnt/ubna_data_02_mir/recover-20220922/UBNA_001/20220921_090000.WAV,Telephone Field,recover-20220922,001,1795
831.9045,831.9501,68437,83931,Rhinolophus ferrumequinum,0.044,0.044,-1,Echolocation,/mnt/ubna_data_02_mir/recover-20220922/UBNA_001/20220921_090000.WAV,Telephone Field,recover-20220922,001,1795
831.9115,831.9208,24609,31407,Eptesicus serotinus,0.007,0.022,-1,Echolocation,/mnt/ubna_data_02_mir/recover-20220922/UBNA_001/20220921_090000.WAV,Telephone Field,recover-20220922,001,1795
831.9285,831.9673,68437,82221,Rhinolophus ferrumequinum,0.024,0.024,-1,Echolocation,/mnt/ubna_data_02_mir/recover-20220922/UBNA_001/20220921_090000.WAV,Telephone Field,recover-20220922,001,1795
831.9465,831.9855,68437,82378,Rhinolophus ferrumequinum,0.022,0.022,-1,Echolocation,/mnt/ubna_data_02_mir/recover-20220922/UBNA_001/20220921_090000.WAV,Telephone Field,recover-20220922,001,1795
831.9865,831.9969,26328,35764,Eptesicus serotinus,0.01,0.025,-1,Echolocation,/mnt/ubna_data_02_mir/recover-20220922/UBNA_001/20220921_090000.WAV,Telephone Field,recover-20220922,001,1795
832.0015,832.0353,68437,80473,Rhinolophus ferrumequinum,0.033,0.033,-1,Echolocation,/mnt/ubna_data_02_mir/recover-20220922/UBNA_001/20220921_090000.WAV,Telephone Field,recover-20220922,001,1795
832.0015,832.0105,23750,31030,Nyctalus leisleri,0.008,0.027,-1,Echolocation,/mnt/ubna_data_02_mir/recover-20220922/UBNA_001/20220921_090000.WAV,Telephone Field,recover-20220922,001,1795
832.0475,832.0553,46953,54477,Pipistrellus pipistrellus,0.017,0.022,-1,Echolocation,/mnt/ubna_data_02_mir/recover-20220922/UBNA_001/20220921_090000.WAV,Telephone Field,recover-20220922,001,1795
832.0505,832.0565,38359,59615,Myotis mystacinus,0.007,0.021,-1,Echolocation,/mnt/ubna_data_02_mir/recover-20220922/UBNA_001/20220921_090000.WAV,Telephone Field,recover-20220922,001,1795
832.0595,832.0934,68437,81546,Rhinolophus ferrumequinum,0.021,0.021,-1,Echolocation,/mnt/ubna_data_02_mir/recover-20220922/UBNA_001/20220921_090000.WAV,Telephone Field,recover-20220922,001,1795
832.0715,832.1113,68437,81958,Rhinolophus ferrumequinum,0.022,0.022,-1,Echolocation,/mnt/ubna_data_02_mir/recover-20220922/UBNA_001/20220921_090000.WAV,Telephone Field,recover-20220922,001,1795
832.0815,832.0886,28046,39749,Eptesicus serotinus,0.006,0.021,-1,Echolocation,/mnt/ubna_data_02_mir/recover-20220922/UBNA_001/20220921_090000.WAV,Telephone Field,recover-20220922,001,1795
832.1005,832.144,68437,82801,Rhinolophus ferrumequinum,0.034,0.034,-1,Echolocation,/mnt/ubna_data_02_mir/recover-20220922/UBNA_001/20220921_090000.WAV,Telephone Field,recover-20220922,001,1795
832.1025,832.1098,44375,51670,Pipistrellus pipistrellus,0.017,0.024,-1,Echolocation,/mnt/ubna_data_02_mir/recover-20220922/UBNA_001/20220921_090000.WAV,Telephone Field,recover-20220922,001,1795
832.1175,832.1521,68437,81014,Rhinolophus ferrumequinum,0.026,0.026,-1,Echolocation,/mnt/ubna_data_02_mir/recover-20220922/UBNA_001/20220921_090000.WAV,Telephone Field,recover-20220922,001,1795
832.1275,832.1641,68437,81123,Rhinolophus ferrumequinum,0.022,0.022,-1,Echolocation,/mnt/ubna_data_02_mir/recover-20220922/UBNA_001/20220921_090000.WAV,Telephone Field,recover-20220922,001,1795
832.1305,832.1408,23750,29632,Nyctalus leisleri,0.012,0.028,-1,Echolocation,/mnt/ubna_data_02_mir/recover-20220922/UBNA_001/20220921_090000.WAV,Telephone Field,recover-20220922,001,1795
832.1705,832.21,68437,82093,Rhinolophus ferrumequinum,0.028,0.028,-1,Echolocation,/mnt/ubna_data_02_mir/recover-20220922/UBNA_001/20220921_090000.WAV,Telephone Field,recover-20220922,001,1795
832.1815,832.1906,22031,28897,Plecotus austriacus,0.009,0.027,-1,Echolocation,/mnt/ubna_data_02_mir/recover-20220922/UBNA_001/20220921_090000.WAV,Telephone Field,recover-20220922,001,1795
832.2135,832.2492,68437,81173,Rhinolophus ferrumequinum,0.024,0.024,-1,Echolocation,/mnt/ubna_data_02_mir/recover-20220922/UBNA_001/20220921_090000.WAV,Telephone Field,recover-20220922,001,1795
832.2635,832.3041,68437,82750,Rhinolophus ferrumequinum,0.029,0.029,-1,Echolocation,/mnt/ubna_data_02_mir/recover-20220922/UBNA_001/20220921_090000.WAV,Telephone Field,recover-20220922,001,1795
832.2785,832.3155,68437,81506,Rhinolophus ferrumequinum,0.022,0.022,-1,Echolocation,/mnt/ubna_data_02_mir/recover-20220922/UBNA_001/20220921_090000.WAV,Telephone Field,recover-20220922,001,1795
832.2875,832.3226,68437,80797,Rhinolophus ferrumequinum,0.025,0.025,-1,Echolocation,/mnt/ubna_data_02_mir/recover-20220922/UBNA_001/20220921_090000.WAV,Telephone Field,recover-20220922,001,1795
832.3065,832.3431,68437,81946,Rhinolophus ferrumequinum,0.024,0.024,-1,Echolocation,/mnt/ubna_data_02_mir/recover-20220922/UBNA_001/20220921_090000.WAV,Telephone Field,recover-20220922,001,1795
832.3095,832.3172,28046,41059,Eptesicus serotinus,0.006,0.023,-1,Echolocation,/mnt/ubna_data_02_mir/recover-20220922/UBNA_001/20220921_090000.WAV,Telephone Field,recover-20220922,001,1795
832.3325,832.3687,68437,81205,Rhinolophus ferrumequinum,0.021,0.021,-1,Echolocation,/mnt/ubna_data_02_mir/recover-20220922/UBNA_001/20220921_090000.WAV,Telephone Field,recover-20220922,001,1795
832.3405,832.3483,23750,32351,Plecotus austriacus,0.012,0.027,-1,Echolocation,/mnt/ubna_data_02_mir/recover-20220922/UBNA_001/20220921_090000.WAV,Telephone Field,recover-20220922,001,1795
832.3585,832.4,68437,82818,Rhinolophus ferrumequinum,0.028,0.028,-1,Echolocation,/mnt/ubna_data_02_mir/recover-20220922/UBNA_001/20220921_090000.WAV,Telephone Field,recover-20220922,001,1795
832.3775,832.4157,68437,81635,Rhinolophus ferrumequinum,0.024,0.024,-1,Echolocation,/mnt/ubna_data_02_mir/recover-20220922/UBNA_001/20220921_090000.WAV,Telephone Field,recover-20220922,001,1795
832.3845,832.3971,23750,28842,Nyctalus leisleri,0.029,0.057,-1,Echolocation,/mnt/ubna_data_02_mir/recover-20220922/UBNA_001/20220921_090000.WAV,Telephone Field,recover-20220922,001,1795
832.4145,832.4524,68437,81794,Rhinolophus ferrumequinum,0.032,0.032,-1,Echolocation,/mnt/ubna_data_02_mir/recover-20220922/UBNA_001/20220921_090000.WAV,Telephone Field,recover-20220922,001,1795
832.4165,832.4273,31484,38725,Eptesicus serotinus,0.007,0.021,-1,Echolocation,/mnt/ubna_data_02_mir/recover-20220922/UBNA_001/20220921_090000.WAV,Telephone Field,recover-20220922,001,1795
832.4455,832.4812,68437,81699,Rhinolophus ferrumequinum,0.023,0.023,-1,Echolocation,/mnt/ubna_data_02_mir/recover-20220922/UBNA_001/20220921_090000.WAV,Telephone Field,recover-20220922,001,1795
832.4645,832.5004,68437,81803,Rhinolophus ferrumequinum,0.021,0.021,-1,Echolocation,/mnt/ubna_data_02_mir/recover-20220922/UBNA_001/20220921_090000.WAV,Telephone Field,recover-20220922,001,1795
832.4745,832.485,22031,26921,Nyctalus leisleri,0.01,0.021,-1,Echolocation,/mnt/ubna_data_02_mir/recover-20220922/UBNA_001/20220921_090000.WAV,Telephone Field,recover-20220922,001,1795
832.4955,832.5341,68437,81882,Rhinolophus ferrumequinum,0.021,0.021,-1,Echolocation,/mnt/ubna_data_02_mir/recover-20220922/UBNA_001/20220921_090000.WAV,Telephone Field,recover-20220922,001,1795
832.5125,832.5509,68437,81425,Rhinolophus ferrumequinum,0.022,0.022,-1,Echolocation,/mnt/ubna_data_02_mir/recover-20220922/UBNA_001/20220921_090000.WAV,Telephone Field,recover-20220922,001,1795
832.5264999999999,832.567,68437,82313,Rhinolophus ferrumequinum,0.051,0.051,-1,Echolocation,/mnt/ubna_data_02_mir/recover-20220922/UBNA_001/20220921_090000.WAV,Telephone Field,recover-20220922,001,1795
832.5485,832.5623,24609,29729,Nyctalus leisleri,0.037,0.088,-1,Echolocation,/mnt/ubna_data_02_mir/recover-20220922/UBNA_001/20220921_090000.WAV,Telephone Field,recover-20220922,001,1795
832.5695,832.604,68437,81222,Rhinolophus ferrumequinum,0.023,0.023,-1,Echolocation,/mnt/ubna_data_02_mir/recover-20220922/UBNA_001/20220921_090000.WAV,Telephone Field,recover-20220922,001,1795
832.5955,832.6063,28906,36022,Eptesicus serotinus,0.008,0.021,-1,Echolocation,/mnt/ubna_data_02_mir/recover-20220922/UBNA_001/20220921_090000.WAV,Telephone Field,recover-20220922,001,1795
832.6225,832.6307,45234,48718,Pipistrellus pipistrellus,0.024,0.025,-1,Echolocation,/mnt/ubna_data_02_mir/recover-20220922/UBNA_001/20220921_090000.WAV,Telephone Field,recover-20220922,001,1795
832.6235,832.666,68437,83188,Rhinolophus ferrumequinum,0.038,0.038,-1,Echolocation,/mnt/ubna_data_02_mir/recover-20220922/UBNA_001/20220921_090000.WAV,Telephone Field,recover-20220922,001,1795
832.6325,832.6436,22890,27488,Nyctalus leisleri,0.013,0.025,-1,Echolocation,/mnt/ubna_data_02_mir/recover-20220922/UBNA_001/20220921_090000.WAV,Telephone Field,recover-20220922,001,1795
832.6505,832.6888,68437,81635,Rhinolophus ferrumequinum,0.021,0.021,-1,Echolocation,/mnt/ubna_data_02_mir/recover-20220922/UBNA_001/20220921_090000.WAV,Telephone Field,recover-20220922,001,1795
832.6745,832.7176,68437,82694,Rhinolophus ferrumequinum,0.022,0.022,-1,Echolocation,/mnt/ubna_data_02_mir/recover-20220922/UBNA_001/20220921_090000.WAV,Telephone Field,recover-20220922,001,1795
832.6955,832.735,68437,81874,Rhinolophus ferrumequinum,0.022,0.023,-1,Echolocation,/mnt/ubna_data_02_mir/recover-20220922/UBNA_001/20220921_090000.WAV,Telephone Field,recover-20220922,001,1795
832.7285,832.7684,68437,81900,Rhinolophus ferrumequinum,0.03,0.03,-1,Echolocation,/mnt/ubna_data_02_mir/recover-20220922/UBNA_001/20220921_090000.WAV,Telephone Field,recover-20220922,001,1795
832.7325,832.7416,27187,39558,Eptesicus serotinus,0.008,0.022,-1,Echolocation,/mnt/ubna_data_02_mir/recover-20220922/UBNA_001/20220921_090000.WAV,Telephone Field,recover-20220922,001,1795
832.7375,832.7776,68437,82498,Rhinolophus ferrumequinum,0.034,0.034,-1,Echolocation,/mnt/ubna_data_02_mir/recover-20220922/UBNA_001/20220921_090000.WAV,Telephone Field,recover-20220922,001,1795
832.7405,832.7496,27187,35737,Eptesicus serotinus,0.008,0.021,-1,Echolocation,/mnt/ubna_data_02_mir/recover-20220922/UBNA_001/20220921_090000.WAV,Telephone Field,recover-20220922,001,1795
832.7855,832.8218,68437,81904,Rhinolophus ferrumequinum,0.023,0.023,-1,Echolocation,/mnt/ubna_data_02_mir/recover-20220922/UBNA_001/20220921_090000.WAV,Telephone Field,recover-20220922,001,1795
832.8115,832.8529,68437,82835,Rhinolophus ferrumequinum,0.025,0.025,-1,Echolocation,/mnt/ubna_data_02_mir/recover-20220922/UBNA_001/20220921_090000.WAV,Telephone Field,recover-20220922,001,1795
832.8455,832.8859,68437,81154,Rhinolophus ferrumequinum,0.029,0.029,-1,Echolocation,/mnt/ubna_data_02_mir/recover-20220922/UBNA_001/20220921_090000.WAV,Telephone Field,recover-20220922,001,1795
832.8535,832.8902,68437,82100,Rhinolophus ferrumequinum,0.021,0.021,-1,Echolocation,/mnt/ubna_data_02_mir/recover-20220922/UBNA_001/20220921_090000.WAV,Telephone Field,recover-20220922,001,1795
832.8535,832.8613,25468,34379,Plecotus austriacus,0.006,0.023,-1,Echolocation,/mnt/ubna_data_02_mir/recover-20220922/UBNA_001/20220921_090000.WAV,Telephone Field,recover-20220922,001,1795
832.8935,832.9044,24609,31402,Nyctalus leisleri,0.009,0.027,-1,Echolocation,/mnt/ubna_data_02_mir/recover-20220922/UBNA_001/20220921_090000.WAV,Telephone Field,recover-20220922,001,1795
832.9045,832.9458,68437,82219,Rhinolophus ferrumequinum,0.023,0.023,-1,Echolocation,/mnt/ubna_data_02_mir/recover-20220922/UBNA_001/20220921_090000.WAV,Telephone Field,recover-20220922,001,1795
832.9105,832.9511,68437,82366,Rhinolophus ferrumequinum,0.022,0.022,-1,Echolocation,/mnt/ubna_data_02_mir/recover-20220922/UBNA_001/20220921_090000.WAV,Telephone Field,recover-20220922,001,1795
832.9225,832.959,68437,81986,Rhinolophus ferrumequinum,0.026,0.026,-1,Echolocation,/mnt/ubna_data_02_mir/recover-20220922/UBNA_001/20220921_090000.WAV,Telephone Field,recover-20220922,001,1795
832.9455,832.9846,68437,81978,Rhinolophus ferrumequinum,0.021,0.021,-1,Echolocation,/mnt/ubna_data_02_mir/recover-20220922/UBNA_001/20220921_090000.WAV,Telephone Field,recover-20220922,001,1795
832.9565,832.9942,68437,81751,Rhinolophus ferrumequinum,0.021,0.021,-1,Echolocation,/mnt/ubna_data_02_mir/recover-20220922/UBNA_001/20220921_090000.WAV,Telephone Field,recover-20220922,001,1795
832.9835,832.9978,22890,26534,Nyctalus leisleri,0.016,0.027,-1,Echolocation,/mnt/ubna_data_02_mir/recover-20220922/UBNA_001/20220921_090000.WAV,Telephone Field,recover-20220922,001,1795
833.0264999999999,833.066,68437,82546,Rhinolophus ferrumequinum,0.023,0.023,-1,Echolocation,/mnt/ubna_data_02_mir/recover-20220922/UBNA_001/20220921_090000.WAV,Telephone Field,recover-20220922,001,1795
833.0465,833.0855,68437,82239,Rhinolophus ferrumequinum,0.026,0.026,-1,Echolocation,/mnt/ubna_data_02_mir/recover-20220922/UBNA_001/20220921_090000.WAV,Telephone Field,recover-20220922,001,1795
833.0545,833.0963,68437,82210,Rhinolophus ferrumequinum,0.025,0.025,-1,Echolocation,/mnt/ubna_data_02_mir/recover-20220922/UBNA_001/20220921_090000.WAV,Telephone Field,recover-20220922,001,1795
833.0915,833.1297,68437,81985,Rhinolophus ferrumequinum,0.023,0.023,-1,Echolocation,/mnt/ubna_data_02_mir/recover-20220922/UBNA_001/20220921_090000.WAV,Telephone Field,recover-20220922,001,1795
833.1085,833.1164,23750,32343,Plecotus austriacus,0.008,0.022,-1,Echolocation,/mnt/ubna_data_02_mir/recover-20220922/UBNA_001/20220921_090000.WAV,Telephone Field,recover-20220922,001,1795
833.1315,833.1689,68437,81687,Rhinolophus ferrumequinum,0.034,0.034,-1,Echolocation,/mnt/ubna_data_02_mir/recover-20220922/UBNA_001/20220921_090000.WAV,Telephone Field,recover-20220922,001,1795
833.1855,833.2272,68437,82540,Rhinolophus ferrumequinum,0.022,0.022,-1,Echolocation,/mnt/ubna_data_02_mir/recover-20220922/UBNA_001/20220921_090000.WAV,Telephone Field,recover-20220922,001,1795
833.1905,833.1998,24609,32525,Eptesicus serotinus,0.008,0.023,-1,Echolocation,/mnt/ubna_data_02_mir/recover-20220922/UBNA_001/20220921_090000.WAV,Telephone Field,recover-20220922,001,1795
833.1915,833.2304,68437,82473,Rhinolophus ferrumequinum,0.022,0.022,-1,Echolocation,/mnt/ubna_data_02_mir/recover-20220922/UBNA_001/20220921_090000.WAV,Telephone Field,recover-20220922,001,1795
833.2305,833.2749,68437,83048,Rhinolophus ferrumequinum,0.042,0.042,-1,Echolocation,/mnt/ubna_data_02_mir/recover-20220922/UBNA_001/20220921_090000.WAV,Telephone Field,recover-20220922,001,1795
833.2455,833.2796,68437,81191,Rhinolophus ferrumequinum,0.022,0.022,-1,Echolocation,/mnt/ubna_data_02_mir/recover-20220922/UBNA_001/20220921_090000.WAV,Telephone Field,recover-20220922,001,1795
833.2965,833.3035,25468,39267,Plecotus austriacus,0.004,0.021,-1,Echolocation,/mnt/ubna_data_02_mir/recover-20220922/UBNA_001/20220921_090000.WAV,Telephone Field,recover-20220922,001,1795
833.3455,833.389,68437,83080,Rhinolophus ferrumequinum,0.036,0.036,-1,Echolocation,/mnt/ubna_data_02_mir/recover-20220922/UBNA_001/20220921_090000.WAV,Telephone Field,recover-20220922,001,1795
833.3855,833.4255,68437,82300,Rhinolophus ferrumequinum,0.022,0.022,-1,Echolocation,/mnt/ubna_data_02_mir/recover-20220922/UBNA_001/20220921_090000.WAV,Telephone Field,recover-20220922,001,1795
833.4005,833.4436,68437,82998,Rhinolophus ferrumequinum,0.029,0.029,-1,Echolocation,/mnt/ubna_data_02_mir/recover-20220922/UBNA_001/20220921_090000.WAV,Telephone Field,recover-20220922,001,1795
833.4275,833.4395,24609,29606,Nyctalus leisleri,0.013,0.026,-1,Echolocation,/mnt/ubna_data_02_mir/recover-20220922/UBNA_001/20220921_090000.WAV,Telephone Field,recover-20220922,001,1795
833.4445,833.4814,68437,81259,Rhinolophus ferrumequinum,0.021,0.021,-1,Echolocation,/mnt/ubna_data_02_mir/recover-20220922/UBNA_001/20220921_090000.WAV,Telephone Field,recover-20220922,001,1795
833.4655,833.5072,68437,82588,Rhinolophus ferrumequinum,0.031,0.031,-1,Echolocation,/mnt/ubna_data_02_mir/recover-20220922/UBNA_001/20220921_090000.WAV,Telephone Field,recover-20220922,001,1795
833.4875,833.5293,68437,82823,Rhinolophus ferrumequinum,0.035,0.035,-1,Echolocation,/mnt/ubna_data_02_mir/recover-20220922/UBNA_001/20220921_090000.WAV,Telephone Field,recover-20220922,001,1795
833.5115,833.5512,68437,82582,Rhinolophus ferrumequinum,0.023,0.023,-1,Echolocation,/mnt/ubna_data_02_mir/recover-20220922/UBNA_001/20220921_090000.WAV,Telephone Field,recover-20220922,001,1795
833.5395,833.5778,68437,81834,Rhinolophus ferrumequinum,0.022,0.022,-1,Echolocation,/mnt/ubna_data_02_mir/recover-20220922/UBNA_001/20220921_090000.WAV,Telephone Field,recover-20220922,001,1795
833.5555,833.5659,22890,28798,Nyctalus leisleri,0.009,0.022,-1,Echolocation,/mnt/ubna_data_02_mir/recover-20220922/UBNA_001/20220921_090000.WAV,Telephone Field,recover-20220922,001,1795
833.5985000000001,833.6353,68437,81203,Rhinolophus ferrumequinum,0.024,0.024,-1,Echolocation,/mnt/ubna_data_02_mir/recover-20220922/UBNA_001/20220921_090000.WAV,Telephone Field,recover-20220922,001,1795
833.6165,833.6553,68437,82403,Rhinolophus ferrumequinum,0.023,0.023,-1,Echolocation,/mnt/ubna_data_02_mir/recover-20220922/UBNA_001/20220921_090000.WAV,Telephone Field,recover-20220922,001,1795
833.6205,833.628,23750,32402,Plecotus austriacus,0.024,0.046,-1,Echolocation,/mnt/ubna_data_02_mir/recover-20220922/UBNA_001/20220921_090000.WAV,Telephone Field,recover-20220922,001,1795
833.6405,833.6778,68437,82137,Rhinolophus ferrumequinum,0.022,0.022,-1,Echolocation,/mnt/ubna_data_02_mir/recover-20220922/UBNA_001/20220921_090000.WAV,Telephone Field,recover-20220922,001,1795
833.6585,833.701,68437,82520,Rhinolophus ferrumequinum,0.025,0.025,-1,Echolocation,/mnt/ubna_data_02_mir/recover-20220922/UBNA_001/20220921_090000.WAV,Telephone Field,recover-20220922,001,1795
833.6765,833.7162,68437,82076,Rhinolophus ferrumequinum,0.027,0.027,-1,Echolocation,/mnt/ubna_data_02_mir/recover-20220922/UBNA_001/20220921_090000.WAV,Telephone Field,recover-20220922,001,1795
833.7405,833.7782,68437,81993,Rhinolophus ferrumequinum,0.03,0.03,-1,Echolocation,/mnt/ubna_data_02_mir/recover-20220922/UBNA_001/20220921_090000.WAV,Telephone Field,recover-20220922,001,1795
833.7625,833.8003,68437,81582,Rhinolophus ferrumequinum,0.021,0.021,-1,Echolocation,/mnt/ubna_data_02_mir/recover-20220922/UBNA_001/20220921_090000.WAV,Telephone Field,recover-20220922,001,1795
833.7865,833.825,68437,82485,Rhinolophus ferrumequinum,0.025,0.025,-1,Echolocation,/mnt/ubna_data_02_mir/recover-20220922/UBNA_001/20220921_090000.WAV,Telephone Field,recover-20220922,001,1795
833.8065,833.8446,68437,81834,Rhinolophus ferrumequinum,0.044,0.044,-1,Echolocation,/mnt/ubna_data_02_mir/recover-20220922/UBNA_001/20220921_090000.WAV,Telephone Field,recover-20220922,001,1795
833.8275,833.8666,68437,82114,Rhinolophus ferrumequinum,0.021,0.021,-1,Echolocation,/mnt/ubna_data_02_mir/recover-20220922/UBNA_001/20220921_090000.WAV,Telephone Field,recover-20220922,001,1795
833.8345,833.8435,24609,31579,Nyctalus leisleri,0.006,0.021,-1,Echolocation,/mnt/ubna_data_02_mir/recover-20220922/UBNA_001/20220921_090000.WAV,Telephone Field,recover-20220922,001,1795
833.8455,833.8892,68437,83361,Rhinolophus ferrumequinum,0.036,0.036,-1,Echolocation,/mnt/ubna_data_02_mir/recover-20220922/UBNA_001/20220921_090000.WAV,Telephone Field,recover-20220922,001,1795
833.8545,833.895,68437,82411,Rhinolophus ferrumequinum,0.023,0.023,-1,Echolocation,/mnt/ubna_data_02_mir/recover-20220922/UBNA_001/20220921_090000.WAV,Telephone Field,recover-20220922,001,1795
833.8925,833.9302,68437,81524,Rhinolophus ferrumequinum,0.021,0.021,-1,Echolocation,/mnt/ubna_data_02_mir/recover-20220922/UBNA_001/20220921_090000.WAV,Telephone Field,recover-20220922,001,1795
833.8995,833.9085,44375,47932,Pipistrellus pipistrellus,0.02,0.021,-1,Echolocation,/mnt/ubna_data_02_mir/recover-20220922/UBNA_001/20220921_090000.WAV,Telephone Field,recover-20220922,001,1795
833.9195,833.9625,68437,83069,Rhinolophus ferrumequinum,0.026,0.026,-1,Echolocation,/mnt/ubna_data_02_mir/recover-20220922/UBNA_001/20220921_090000.WAV,Telephone Field,recover-20220922,001,1795
833.9365,833.9759,68437,81848,Rhinolophus ferrumequinum,0.022,0.022,-1,Echolocation,/mnt/ubna_data_02_mir/recover-20220922/UBNA_001/20220921_090000.WAV,Telephone Field,recover-20220922,001,1795
833.9625,833.9998,68437,81208,Rhinolophus ferrumequinum,0.022,0.023,-1,Echolocation,/mnt/ubna_data_02_mir/recover-20220922/UBNA_001/20220921_090000.WAV,Telephone Field,recover-20220922,001,1795
833.9865,833.9968,22031,28101,Nyctalus leisleri,0.008,0.021,-1,Echolocation,/mnt/ubna_data_02_mir/recover-20220922/UBNA_001/20220921_090000.WAV,Telephone Field,recover-20220922,001,1795
834.0015,834.0099,25468,36222,Nyctalus leisleri,0.006,0.024,-1,Echolocation,/mnt/ubna_data_02_mir/recover-20220922/UBNA_001/20220921_090000.WAV,Telephone Field,recover-20220922,001,1795
834.0015,834.0318,69296,81657,Rhinolophus ferrumequinum,0.023,0.023,-1,Echolocation,/mnt/ubna_data_02_mir/recover-20220922/UBNA_001/20220921_090000.WAV,Telephone Field,recover-20220922,001,1795
834.0015,834.0169,17734,22601,Nyctalus noctula,0.011,0.028,-1,Echolocation,/mnt/ubna_data_02_mir/recover-20220922/UBNA_001/20220921_090000.WAV,Telephone Field,recover-20220922,001,1795
834.0264999999999,834.0339,23750,32460,Plecotus austriacus,0.009,0.023,-1,Echolocation,/mnt/ubna_data_02_mir/recover-20220922/UBNA_001/20220921_090000.WAV,Telephone Field,recover-20220922,001,1795
834.0855,834.0927,48671,53830,Pipistrellus pipistrellus,0.028,0.03,-1,Echolocation,/mnt/ubna_data_02_mir/recover-20220922/UBNA_001/20220921_090000.WAV,Telephone Field,recover-20220922,001,1795
834.1475,834.1579,28906,36760,Eptesicus serotinus,0.01,0.024,-1,Echolocation,/mnt/ubna_data_02_mir/recover-20220922/UBNA_001/20220921_090000.WAV,Telephone Field,recover-20220922,001,1795
834.1505,834.1878,68437,81867,Rhinolophus ferrumequinum,0.021,0.021,-1,Echolocation,/mnt/ubna_data_02_mir/recover-20220922/UBNA_001/20220921_090000.WAV,Telephone Field,recover-20220922,001,1795
834.1845,834.224,68437,82289,Rhinolophus ferrumequinum,0.024,0.024,-1,Echolocation,/mnt/ubna_data_02_mir/recover-20220922/UBNA_001/20220921_090000.WAV,Telephone Field,recover-20220922,001,1795
834.2165,834.2272,28046,34582,Eptesicus serotinus,0.019,0.034,-1,Echolocation,/mnt/ubna_data_02_mir/recover-20220922/UBNA_001/20220921_090000.WAV,Telephone Field,recover-20220922,001,1795
834.2685,834.2794,22890,28358,Nyctalus leisleri,0.013,0.027,-1,Echolocation,/mnt/ubna_data_02_mir/recover-20220922/UBNA_001/20220921_090000.WAV,Telephone Field,recover-20220922,001,1795
834.2805,834.3145,68437,80944,Rhinolophus ferrumequinum,0.024,0.024,-1,Echolocation,/mnt/ubna_data_02_mir/recover-20220922/UBNA_001/20220921_090000.WAV,Telephone Field,recover-20220922,001,1795
834.2835,834.2947,23750,27784,Nyctalus leisleri,0.019,0.034,-1,Echolocation,/mnt/ubna_data_02_mir/recover-20220922/UBNA_001/20220921_090000.WAV,Telephone Field,recover-20220922,001,1795
834.3115,834.3538,68437,82807,Rhinolophus ferrumequinum,0.027,0.027,-1,Echolocation,/mnt/ubna_data_02_mir/recover-20220922/UBNA_001/20220921_090000.WAV,Telephone Field,recover-20220922,001,1795
834.3315,834.3732,68437,82846,Rhinolophus ferrumequinum,0.027,0.027,-1,Echolocation,/mnt/ubna_data_02_mir/recover-20220922/UBNA_001/20220921_090000.WAV,Telephone Field,recover-20220922,001,1795
834.3605,834.398,68437,82306,Rhinolophus ferrumequinum,0.026,0.026,-1,Echolocation,/mnt/ubna_data_02_mir/recover-20220922/UBNA_001/20220921_090000.WAV,Telephone Field,recover-20220922,001,1795
834.3765,834.3877,30625,37723,Eptesicus serotinus,0.012,0.03,-1,Echolocation,/mnt/ubna_data_02_mir/recover-20220922/UBNA_001/20220921_090000.WAV,Telephone Field,recover-20220922,001,1795
834.3765,834.4136,68437,82069,Rhinolophus ferrumequinum,0.024,0.024,-1,Echolocation,/mnt/ubna_data_02_mir/recover-20220922/UBNA_001/20220921_090000.WAV,Telephone Field,recover-20220922,001,1795
834.4014999999999,834.4433,68437,82727,Rhinolophus ferrumequinum,0.027,0.027,-1,Echolocation,/mnt/ubna_data_02_mir/recover-20220922/UBNA_001/20220921_090000.WAV,Telephone Field,recover-20220922,001,1795
834.4135,834.4539,68437,82434,Rhinolophus ferrumequinum,0.023,0.023,-1,Echolocation,/mnt/ubna_data_02_mir/recover-20220922/UBNA_001/20220921_090000.WAV,Telephone Field,recover-20220922,001,1795
834.4265,834.4704,68437,83581,Rhinolophus ferrumequinum,0.041,0.041,-1,Echolocation,/mnt/ubna_data_02_mir/recover-20220922/UBNA_001/20220921_090000.WAV,Telephone Field,recover-20220922,001,1795
834.4425,834.4815,68437,82383,Rhinolophus ferrumequinum,0.023,0.023,-1,Echolocation,/mnt/ubna_data_02_mir/recover-20220922/UBNA_001/20220921_090000.WAV,Telephone Field,recover-20220922,001,1795
834.4465,834.4574,22890,27882,Nyctalus leisleri,0.013,0.025,-1,Echolocation,/mnt/ubna_data_02_mir/recover-20220922/UBNA_001/20220921_090000.WAV,Telephone Field,recover-20220922,001,1795
834.4615,834.5021,68437,82672,Rhinolophus ferrumequinum,0.03,0.03,-1,Echolocation,/mnt/ubna_data_02_mir/recover-20220922/UBNA_001/20220921_090000.WAV,Telephone Field,recover-20220922,001,1795
834.4905,834.5292,68437,82089,Rhinolophus ferrumequinum,0.025,0.025,-1,Echolocation,/mnt/ubna_data_02_mir/recover-20220922/UBNA_001/20220921_090000.WAV,Telephone Field,recover-20220922,001,1795
834.4925,834.4986,38359,47203,Myotis daubentonii,0.006,0.022,-1,Echolocation,/mnt/ubna_data_02_mir/recover-20220922/UBNA_001/20220921_090000.WAV,Telephone Field,recover-20220922,001,1795
834.4945,834.5018,28046,43209,Eptesicus serotinus,0.007,0.024,-1,Echolocation,/mnt/ubna_data_02_mir/recover-20220922/UBNA_001/20220921_090000.WAV,Telephone Field,recover-20220922,001,1795
834.5205,834.5627,68437,82536,Rhinolophus ferrumequinum,0.027,0.027,-1,Echolocation,/mnt/ubna_data_02_mir/recover-20220922/UBNA_001/20220921_090000.WAV,Telephone Field,recover-20220922,001,1795
834.5425,834.5796,68437,81562,Rhinolophus ferrumequinum,0.022,0.022,-1,Echolocation,/mnt/ubna_data_02_mir/recover-20220922/UBNA_001/20220921_090000.WAV,Telephone Field,recover-20220922,001,1795
834.5435,834.5535,27187,35098,Eptesicus serotinus,0.011,0.025,-1,Echolocation,/mnt/ubna_data_02_mir/recover-20220922/UBNA_001/20220921_090000.WAV,Telephone Field,recover-20220922,001,1795
834.5725,834.5889999999999,20312,23375,Nyctalus leisleri,0.015,0.025,-1,Echolocation,/mnt/ubna_data_02_mir/recover-20220922/UBNA_001/20220921_090000.WAV,Telephone Field,recover-20220922,001,1795
834.5925,834.6307,68437,82234,Rhinolophus ferrumequinum,0.022,0.022,-1,Echolocation,/mnt/ubna_data_02_mir/recover-20220922/UBNA_001/20220921_090000.WAV,Telephone Field,recover-20220922,001,1795
834.6215,834.6579,68437,81175,Rhinolophus ferrumequinum,0.023,0.023,-1,Echolocation,/mnt/ubna_data_02_mir/recover-20220922/UBNA_001/20220921_090000.WAV,Telephone Field,recover-20220922,001,1795
834.6835,834.7195,68437,82437,Rhinolophus ferrumequinum,0.023,0.023,-1,Echolocation,/mnt/ubna_data_02_mir/recover-20220922/UBNA_001/20220921_090000.WAV,Telephone Field,recover-20220922,001,1795
834.7195,834.7302,23750,30196,Nyctalus leisleri,0.009,0.023,-1,Echolocation,/mnt/ubna_data_02_mir/recover-20220922/UBNA_001/20220921_090000.WAV,Telephone Field,recover-20220922,001,1795
834.7205,834.7595,68437,81715,Rhinolophus ferrumequinum,0.022,0.022,-1,Echolocation,/mnt/ubna_data_02_mir/recover-20220922/UBNA_001/20220921_090000.WAV,Telephone Field,recover-20220922,001,1795
834.7255,834.7346,27187,35969,Eptesicus serotinus,0.009,0.023,-1,Echolocation,/mnt/ubna_data_02_mir/recover-20220922/UBNA_001/20220921_090000.WAV,Telephone Field,recover-20220922,001,1795
834.7485,834.7894,68437,82820,Rhinolophus ferrumequinum,0.029,0.029,-1,Echolocation,/mnt/ubna_data_02_mir/recover-20220922/UBNA_001/20220921_090000.WAV,Telephone Field,recover-20220922,001,1795
834.7675,834.8098,68437,83157,Rhinolophus ferrumequinum,0.03,0.03,-1,Echolocation,/mnt/ubna_data_02_mir/recover-20220922/UBNA_001/20220921_090000.WAV,Telephone Field,recover-20220922,001,1795
834.7795,834.7872,28906,40391,Eptesicus serotinus,0.012,0.04,-1,Echolocation,/mnt/ubna_data_02_mir/recover-20220922/UBNA_001/20220921_090000.WAV,Telephone Field,recover-20220922,001,1795
834.7905,834.8054,23750,28158,Nyctalus leisleri,0.013,0.025,-1,Echolocation,/mnt/ubna_data_02_mir/recover-20220922/UBNA_001/20220921_090000.WAV,Telephone Field,recover-20220922,001,1795
834.7955,834.8296,68437,81138,Rhinolophus ferrumequinum,0.033,0.033,-1,Echolocation,/mnt/ubna_data_02_mir/recover-20220922/UBNA_001/20220921_090000.WAV,Telephone Field,recover-20220922,001,1795
834.8125,834.8248,29765,34421,Eptesicus serotinus,0.023,0.049,-1,Echolocation,/mnt/ubna_data_02_mir/recover-20220922/UBNA_001/20220921_090000.WAV,Telephone Field,recover-20220922,001,1795
834.8455,834.8838,68437,82359,Rhinolophus ferrumequinum,0.026,0.026,-1,Echolocation,/mnt/ubna_data_02_mir/recover-20220922/UBNA_001/20220921_090000.WAV,Telephone Field,recover-20220922,001,1795
834.8565,834.8943,68437,81990,Rhinolophus ferrumequinum,0.022,0.022,-1,Echolocation,/mnt/ubna_data_02_mir/recover-20220922/UBNA_001/20220921_090000.WAV,Telephone Field,recover-20220922,001,1795
834.8975,834.9089,28906,35689,Eptesicus serotinus,0.016,0.03,-1,Echolocation,/mnt/ubna_data_02_mir/recover-20220922/UBNA_001/20220921_090000.WAV,Telephone Field,recover-20220922,001,1795
834.9225,834.9639999999999,68437,82757,Rhinolophus ferrumequinum,0.035,0.035,-1,Echolocation,/mnt/ubna_data_02_mir/recover-20220922/UBNA_001/20220921_090000.WAV,Telephone Field,recover-20220922,001,1795
834.9515,834.9907,68437,82731,Rhinolophus ferrumequinum,0.027,0.028,-1,Echolocation,/mnt/ubna_data_02_mir/recover-20220922/UBNA_001/20220921_090000.WAV,Telephone Field,recover-20220922,001,1795
834.9755,835.0144,68437,82131,Rhinolophus ferrumequinum,0.022,0.022,-1,Echolocation,/mnt/ubna_data_02_mir/recover-20220922/UBNA_001/20220921_090000.WAV,Telephone Field,recover-20220922,001,1795
834.9835,834.9919,27187,36869,Eptesicus serotinus,0.009,0.024,-1,Echolocation,/mnt/ubna_data_02_mir/recover-20220922/UBNA_001/20220921_090000.WAV,Telephone Field,recover-20220922,001,1795
834.9995,835.0387,68437,82091,Rhinolophus ferrumequinum,0.023,0.023,-1,Echolocation,/mnt/ubna_data_02_mir/recover-20220922/UBNA_001/20220921_090000.WAV,Telephone Field,recover-20220922,001,1795
835.0264999999999,835.0706,68437,83345,Rhinolophus ferrumequinum,0.053,0.053,-1,Echolocation,/mnt/ubna_data_02_mir/recover-20220922/UBNA_001/20220921_090000.WAV,Telephone Field,recover-20220922,001,1795
835.0555,835.0635,25468,34552,Eptesicus serotinus,0.006,0.021,-1,Echolocation,/mnt/ubna_data_02_mir/recover-20220922/UBNA_001/20220921_090000.WAV,Telephone Field,recover-20220922,001,1795
835.0835,835.1249,68437,82659,Rhinolophus ferrumequinum,0.027,0.027,-1,Echolocation,/mnt/ubna_data_02_mir/recover-20220922/UBNA_001/20220921_090000.WAV,Telephone Field,recover-20220922,001,1795
835.1505,835.1918000000001,68437,82187,Rhinolophus ferrumequinum,0.029,0.029,-1,Echolocation,/mnt/ubna_data_02_mir/recover-20220922/UBNA_001/20220921_090000.WAV,Telephone Field,recover-20220922,001,1795
835.1555,835.1637,28906,37522,Eptesicus serotinus,0.011,0.027,-1,Echolocation,/mnt/ubna_data_02_mir/recover-20220922/UBNA_001/20220921_090000.WAV,Telephone Field,recover-20220922,001,1795
835.2025,835.2388,68437,81147,Rhinolophus ferrumequinum,0.023,0.023,-1,Echolocation,/mnt/ubna_data_02_mir/recover-20220922/UBNA_001/20220921_090000.WAV,Telephone Field,recover-20220922,001,1795
835.2035,835.2114,28046,40824,Eptesicus serotinus,0.008,0.022,-1,Echolocation,/mnt/ubna_data_02_mir/recover-20220922/UBNA_001/20220921_090000.WAV,Telephone Field,recover-20220922,001,1795
835.2035,835.2123,22031,28926,Plecotus austriacus,0.011,0.025,-1,Echolocation,/mnt/ubna_data_02_mir/recover-20220922/UBNA_001/20220921_090000.WAV,Telephone Field,recover-20220922,001,1795
835.2165,835.2568,68437,82710,Rhinolophus ferrumequinum,0.026,0.026,-1,Echolocation,/mnt/ubna_data_02_mir/recover-20220922/UBNA_001/20220921_090000.WAV,Telephone Field,recover-20220922,001,1795
835.2255,835.2333,46093,56621,Pipistrellus pipistrellus,0.014,0.022,-1,Echolocation,/mnt/ubna_data_02_mir/recover-20220922/UBNA_001/20220921_090000.WAV,Telephone Field,recover-20220922,001,1795
835.2455,835.2856,68437,82231,Rhinolophus ferrumequinum,0.026,0.026,-1,Echolocation,/mnt/ubna_data_02_mir/recover-20220922/UBNA_001/20220921_090000.WAV,Telephone Field,recover-20220922,001,1795
835.2745,835.3154,68437,82930,Rhinolophus ferrumequinum,0.023,0.023,-1,Echolocation,/mnt/ubna_data_02_mir/recover-20220922/UBNA_001/20220921_090000.WAV,Telephone Field,recover-20220922,001,1795
835.3085,835.3461,68437,81786,Rhinolophus ferrumequinum,0.023,0.023,-1,Echolocation,/mnt/ubna_data_02_mir/recover-20220922/UBNA_001/20220921_090000.WAV,Telephone Field,recover-20220922,001,1795
835.3795,835.4198,68437,82640,Rhinolophus ferrumequinum,0.032,0.032,-1,Echolocation,/mnt/ubna_data_02_mir/recover-20220922/UBNA_001/20220921_090000.WAV,Telephone Field,recover-20220922,001,1795
835.3995,835.4114,32343,39249,Eptesicus serotinus,0.009,0.032,-1,Echolocation,/mnt/ubna_data_02_mir/recover-20220922/UBNA_001/20220921_090000.WAV,Telephone Field,recover-20220922,001,1795
835.4155,835.4588,68437,83434,Rhinolophus ferrumequinum,0.041,0.041,-1,Echolocation,/mnt/ubna_data_02_mir/recover-20220922/UBNA_001/20220921_090000.WAV,Telephone Field,recover-20220922,001,1795
835.4185,835.4299,23750,29586,Nyctalus leisleri,0.016,0.034,-1,Echolocation,/mnt/ubna_data_02_mir/recover-20220922/UBNA_001/20220921_090000.WAV,Telephone Field,recover-20220922,001,1795
835.4425,835.4837,68437,82791,Rhinolophus ferrumequinum,0.025,0.025,-1,Echolocation,/mnt/ubna_data_02_mir/recover-20220922/UBNA_001/20220921_090000.WAV,Telephone Field,recover-20220922,001,1795
835.4475,835.458,22890,28587,Nyctalus leisleri,0.009,0.021,-1,Echolocation,/mnt/ubna_data_02_mir/recover-20220922/UBNA_001/20220921_090000.WAV,Telephone Field,recover-20220922,001,1795
835.4605,835.468,28046,38750,Eptesicus serotinus,0.006,0.021,-1,Echolocation,/mnt/ubna_data_02_mir/recover-20220922/UBNA_001/20220921_090000.WAV,Telephone Field,recover-20220922,001,1795
835.4665,835.5073,68437,82752,Rhinolophus ferrumequinum,0.029,0.029,-1,Echolocation,/mnt/ubna_data_02_mir/recover-20220922/UBNA_001/20220921_090000.WAV,Telephone Field,recover-20220922,001,1795
835.4815,835.4921,23750,29451,Nyctalus leisleri,0.01,0.023,-1,Echolocation,/mnt/ubna_data_02_mir/recover-20220922/UBNA_001/20220921_090000.WAV,Telephone Field,recover-20220922,001,1795
835.5125,835.5502,68437,81744,Rhinolophus ferrumequinum,0.021,0.021,-1,Echolocation,/mnt/ubna_data_02_mir/recover-20220922/UBNA_001/20220921_090000.WAV,Telephone Field,recover-20220922,001,1795
835.5435,835.5857,68437,82233,Rhinolophus ferrumequinum,0.032,0.032,-1,Echolocation,/mnt/ubna_data_02_mir/recover-20220922/UBNA_001/20220921_090000.WAV,Telephone Field,recover-20220922,001,1795
835.6035,835.6415,68437,82419,Rhinolophus ferrumequinum,0.025,0.025,-1,Echolocation,/mnt/ubna_data_02_mir/recover-20220922/UBNA_001/20220921_090000.WAV,Telephone Field,recover-20220922,001,1795
835.6195,835.6619,68437,83036,Rhinolophus ferrumequinum,0.027,0.027,-1,Echolocation,/mnt/ubna_data_02_mir/recover-20220922/UBNA_001/20220921_090000.WAV,Telephone Field,recover-20220922,001,1795
835.6435,835.6826,68437,82378,Rhinolophus ferrumequinum,0.021,0.021,-1,Echolocation,/mnt/ubna_data_02_mir/recover-20220922/UBNA_001/20220921_090000.WAV,Telephone Field,recover-20220922,001,1795
835.6685,835.6761,22890,31171,Plecotus austriacus,0.012,0.024,-1,Echolocation,/mnt/ubna_data_02_mir/recover-20220922/UBNA_001/20220921_090000.WAV,Telephone Field,recover-20220922,001,1795
835.6695,835.7078,68437,82749,Rhinolophus ferrumequinum,0.026,0.026,-1,Echolocation,/mnt/ubna_data_02_mir/recover-20220922/UBNA_001/20220921_090000.WAV,Telephone Field,recover-20220922,001,1795
835.6795,835.7175,68437,81950,Rhinolophus ferrumequinum,0.022,0.022,-1,Echolocation,/mnt/ubna_data_02_mir/recover-20220922/UBNA_001/20220921_090000.WAV,Telephone Field,recover-20220922,001,1795
835.6945,835.7332,68437,82259,Rhinolophus ferrumequinum,0.024,0.024,-1,Echolocation,/mnt/ubna_data_02_mir/recover-20220922/UBNA_001/20220921_090000.WAV,Telephone Field,recover-20220922,001,1795
835.7095,835.7495,68437,81490,Rhinolophus ferrumequinum,0.025,0.025,-1,Echolocation,/mnt/ubna_data_02_mir/recover-20220922/UBNA_001/20220921_090000.WAV,Telephone Field,recover-20220922,001,1795
835.7605,835.799,68437,81350,Rhinolophus ferrumequinum,0.022,0.022,-1,Echolocation,/mnt/ubna_data_02_mir/recover-20220922/UBNA_001/20220921_090000.WAV,Telephone Field,recover-20220922,001,1795
835.7985,835.8095,28046,35995,Eptesicus serotinus,0.014,0.03,-1,Echolocation,/mnt/ubna_data_02_mir/recover-20220922/UBNA_001/20220921_090000.WAV,Telephone Field,recover-20220922,001,1795
835.8015,835.8441,68437,82941,Rhinolophus ferrumequinum,0.029,0.029,-1,Echolocation,/mnt/ubna_data_02_mir/recover-20220922/UBNA_001/20220921_090000.WAV,Telephone Field,recover-20220922,001,1795
835.8215,835.83,22890,29994,Plecotus austriacus,0.009,0.022,-1,Echolocation,/mnt/ubna_data_02_mir/recover-20220922/UBNA_001/20220921_090000.WAV,Telephone Field,recover-20220922,001,1795
835.8295,835.8671,68437,82359,Rhinolophus ferrumequinum,0.023,0.023,-1,Echolocation,/mnt/ubna_data_02_mir/recover-20220922/UBNA_001/20220921_090000.WAV,Telephone Field,recover-20220922,001,1795
835.8675,835.9084,68437,82948,Rhinolophus ferrumequinum,0.024,0.024,-1,Echolocation,/mnt/ubna_data_02_mir/recover-20220922/UBNA_001/20220921_090000.WAV,Telephone Field,recover-20220922,001,1795
835.8855,835.8945,22890,29890,Plecotus austriacus,0.007,0.021,-1,Echolocation,/mnt/ubna_data_02_mir/recover-20220922/UBNA_001/20220921_090000.WAV,Telephone Field,recover-20220922,001,1795
835.8925,835.9338,68437,83057,Rhinolophus ferrumequinum,0.023,0.023,-1,Echolocation,/mnt/ubna_data_02_mir/recover-20220922/UBNA_001/20220921_090000.WAV,Telephone Field,recover-20220922,001,1795
835.8965,835.9078,28046,33710,Eptesicus serotinus,0.016,0.035,-1,Echolocation,/mnt/ubna_data_02_mir/recover-20220922/UBNA_001/20220921_090000.WAV,Telephone Field,recover-20220922,001,1795
835.9085,835.9464,68437,82220,Rhinolophus ferrumequinum,0.023,0.023,-1,Echolocation,/mnt/ubna_data_02_mir/recover-20220922/UBNA_001/20220921_090000.WAV,Telephone Field,recover-20220922,001,1795
835.9325,835.9703,68437,82254,Rhinolophus ferrumequinum,0.023,0.023,-1,Echolocation,/mnt/ubna_data_02_mir/recover-20220922/UBNA_001/20220921_090000.WAV,Telephone Field,recover-20220922,001,1795
835.9575,835.9952,68437,81733,Rhinolophus ferrumequinum,0.022,0.022,-1,Echolocation,/mnt/ubna_data_02_mir/recover-20220922/UBNA_001/20220921_090000.WAV,Telephone Field,recover-20220922,001,1795
835.9575,835.9693,22890,27406,Nyctalus leisleri,0.013,0.026,-1,Echolocation,/mnt/ubna_data_02_mir/recover-20220922/UBNA_001/20220921_090000.WAV,Telephone Field,recover-20220922,001,1795
835.9825,835.992,25468,34710,Eptesicus serotinus,0.009,0.027,-1,Echolocation,/mnt/ubna_data_02_mir/recover-20220922/UBNA_001/20220921_090000.WAV,Telephone Field,recover-20220922,001,1795
836.0015,836.031,69296,80382,Rhinolophus ferrumequinum,0.038,0.039,-1,Echolocation,/mnt/ubna_data_02_mir/recover-20220922/UBNA_001/20220921_090000.WAV,Telephone Field,recover-20220922,001,1795
836.0015,836.0114,22031,28245,Nyctalus leisleri,0.009,0.025,-1,Echolocation,/mnt/ubna_data_02_mir/recover-20220922/UBNA_001/20220921_090000.WAV,Telephone Field,recover-20220922,001,1795
836.0075,836.015,30625,44559,Myotis daubentonii,0.014,0.023,-1,Echolocation,/mnt/ubna_data_02_mir/recover-20220922/UBNA_001/20220921_090000.WAV,Telephone Field,recover-20220922,001,1795
836.0075,836.0443,68437,81739,Rhinolophus ferrumequinum,0.02,0.02,-1,Echolocation,/mnt/ubna_data_02_mir/recover-20220922/UBNA_001/20220921_090000.WAV,Telephone Field,recover-20220922,001,1795
836.0165,836.0249,27187,36358,Eptesicus serotinus,0.008,0.024,-1,Echolocation,/mnt/ubna_data_02_mir/recover-20220922/UBNA_001/20220921_090000.WAV,Telephone Field,recover-20220922,001,1795
836.0275,836.0347,23750,31831,Plecotus austriacus,0.007,0.022,-1,Echolocation,/mnt/ubna_data_02_mir/recover-20220922/UBNA_001/20220921_090000.WAV,Telephone Field,recover-20220922,001,1795
836.0385,836.0468,28046,39693,Eptesicus serotinus,0.007,0.02,-1,Echolocation,/mnt/ubna_data_02_mir/recover-20220922/UBNA_001/20220921_090000.WAV,Telephone Field,recover-20220922,001,1795
836.0595,836.0999,68437,82638,Rhinolophus ferrumequinum,0.023,0.023,-1,Echolocation,/mnt/ubna_data_02_mir/recover-20220922/UBNA_001/20220921_090000.WAV,Telephone Field,recover-20220922,001,1795
836.0875,836.1261,68437,81840,Rhinolophus ferrumequinum,0.02,0.02,-1,Echolocation,/mnt/ubna_data_02_mir/recover-20220922/UBNA_001/20220921_090000.WAV,Telephone Field,recover-20220922,001,1795
836.1075,836.1446,68437,81582,Rhinolophus ferrumequinum,0.023,0.023,-1,Echolocation,/mnt/ubna_data_02_mir/recover-20220922/UBNA_001/20220921_090000.WAV,Telephone Field,recover-20220922,001,1795
836.1385,836.1768,68437,82070,Rhinolophus ferrumequinum,0.022,0.022,-1,Echolocation,/mnt/ubna_data_02_mir/recover-20220922/UBNA_001/20220921_090000.WAV,Telephone Field,recover-20220922,001,1795
836.1675,836.2104,68437,82897,Rhinolophus ferrumequinum,0.031,0.031,-1,Echolocation,/mnt/ubna_data_02_mir/recover-20220922/UBNA_001/20220921_090000.WAV,Telephone Field,recover-20220922,001,1795
836.1805,836.2185,68437,81960,Rhinolophus ferrumequinum,0.026,0.026,-1,Echolocation,/mnt/ubna_data_02_mir/recover-20220922/UBNA_001/20220921_090000.WAV,Telephone Field,recover-20220922,001,1795
836.2515,836.2942,68437,83036,Rhinolophus ferrumequinum,0.026,0.026,-1,Echolocation,/mnt/ubna_data_02_mir/recover-20220922/UBNA_001/20220921_090000.WAV,Telephone Field,recover-20220922,001,1795
836.2545,836.263,27187,39670,Eptesicus serotinus,0.007,0.02,-1,Echolocation,/mnt/ubna_data_02_mir/recover-20220922/UBNA_001/20220921_090000.WAV,Telephone Field,recover-20220922,001,1795
836.2764999999999,836.3154,68437,82094,Rhinolophus ferrumequinum,0.023,0.023,-1,Echolocation,/mnt/ubna_data_02_mir/recover-20220922/UBNA_001/20220921_090000.WAV,Telephone Field,recover-20220922,001,1795
836.3195,836.3284,28906,37989,Eptesicus serotinus,0.012,0.029,-1,Echolocation,/mnt/ubna_data_02_mir/recover-20220922/UBNA_001/20220921_090000.WAV,Telephone Field,recover-20220922,001,1795
836.3205,836.3583,68437,82325,Rhinolophus ferrumequinum,0.021,0.021,-1,Echolocation,/mnt/ubna_data_02_mir/recover-20220922/UBNA_001/20220921_090000.WAV,Telephone Field,recover-20220922,001,1795
836.3305,836.3402,28046,36035,Eptesicus serotinus,0.009,0.023,-1,Echolocation,/mnt/ubna_data_02_mir/recover-20220922/UBNA_001/20220921_090000.WAV,Telephone Field,recover-20220922,001,1795
836.3465,836.3873,68437,82773,Rhinolophus ferrumequinum,0.032,0.032,-1,Echolocation,/mnt/ubna_data_02_mir/recover-20220922/UBNA_001/20220921_090000.WAV,Telephone Field,recover-20220922,001,1795
836.3675,836.4048,68437,82126,Rhinolophus ferrumequinum,0.022,0.022,-1,Echolocation,/mnt/ubna_data_02_mir/recover-20220922/UBNA_001/20220921_090000.WAV,Telephone Field,recover-20220922,001,1795
836.3835,836.391,27187,40751,Eptesicus serotinus,0.007,0.022,-1,Echolocation,/mnt/ubna_data_02_mir/recover-20220922/UBNA_001/20220921_090000.WAV,Telephone Field,recover-20220922,001,1795
836.4345,836.4435,24609,31984,Nyctalus leisleri,0.006,0.021,-1,Echolocation,/mnt/ubna_data_02_mir/recover-20220922/UBNA_001/20220921_090000.WAV,Telephone Field,recover-20220922,001,1795
836.4475,836.4877,68437,82654,Rhinolophus ferrumequinum,0.023,0.023,-1,Echolocation,/mnt/ubna_data_02_mir/recover-20220922/UBNA_001/20220921_090000.WAV,Telephone Field,recover-20220922,001,1795
836.4535,836.4616,26328,38846,Eptesicus serotinus,0.007,0.02,-1,Echolocation,/mnt/ubna_data_02_mir/recover-20220922/UBNA_001/20220921_090000.WAV,Telephone Field,recover-20220922,001,1795
836.4745,836.486,22031,26823,Nyctalus leisleri,0.01,0.022,-1,Echolocation,/mnt/ubna_data_02_mir/recover-20220922/UBNA_001/20220921_090000.WAV,Telephone Field,recover-20220922,001,1795
836.5035,836.5441,68437,82082,Rhinolophus ferrumequinum,0.022,0.022,-1,Echolocation,/mnt/ubna_data_02_mir/recover-20220922/UBNA_001/20220921_090000.WAV,Telephone Field,recover-20220922,001,1795
836.5045,836.5149,25468,33038,Eptesicus serotinus,0.009,0.022,-1,Echolocation,/mnt/ubna_data_02_mir/recover-20220922/UBNA_001/20220921_090000.WAV,Telephone Field,recover-20220922,001,1795
836.5665,836.574,26328,35409,Eptesicus serotinus,0.007,0.021,-1,Echolocation,/mnt/ubna_data_02_mir/recover-20220922/UBNA_001/20220921_090000.WAV,Telephone Field,recover-20220922,001,1795
836.5685,836.6074,68437,82228,Rhinolophus ferrumequinum,0.022,0.022,-1,Echolocation,/mnt/ubna_data_02_mir/recover-20220922/UBNA_001/20220921_090000.WAV,Telephone Field,recover-20220922,001,1795
836.5885,836.5967,28046,37242,Eptesicus serotinus,0.007,0.023,-1,Echolocation,/mnt/ubna_data_02_mir/recover-20220922/UBNA_001/20220921_090000.WAV,Telephone Field,recover-20220922,001,1795
836.6005,836.6394,68437,81926,Rhinolophus ferrumequinum,0.022,0.023,-1,Echolocation,/mnt/ubna_data_02_mir/recover-20220922/UBNA_001/20220921_090000.WAV,Telephone Field,recover-20220922,001,1795
836.6005,836.6083,27187,39530,Eptesicus serotinus,0.006,0.021,-1,Echolocation,/mnt/ubna_data_02_mir/recover-20220922/UBNA_001/20220921_090000.WAV,Telephone Field,recover-20220922,001,1795
836.6265,836.6629,68437,81402,Rhinolophus ferrumequinum,0.025,0.025,-1,Echolocation,/mnt/ubna_data_02_mir/recover-20220922/UBNA_001/20220921_090000.WAV,Telephone Field,recover-20220922,001,1795
836.6675,836.6763,28046,39331,Eptesicus serotinus,0.008,0.02,-1,Echolocation,/mnt/ubna_data_02_mir/recover-20220922/UBNA_001/20220921_090000.WAV,Telephone Field,recover-20220922,001,1795
836.6785,836.7154,68437,81194,Rhinolophus ferrumequinum,0.039,0.039,-1,Echolocation,/mnt/ubna_data_02_mir/recover-20220922/UBNA_001/20220921_090000.WAV,Telephone Field,recover-20220922,001,1795
836.7205,836.7607,68437,82784,Rhinolophus ferrumequinum,0.027,0.027,-1,Echolocation,/mnt/ubna_data_02_mir/recover-20220922/UBNA_001/20220921_090000.WAV,Telephone Field,recover-20220922,001,1795
836.7535,836.7903,68437,80874,Rhinolophus ferrumequinum,0.028,0.028,-1,Echolocation,/mnt/ubna_data_02_mir/recover-20220922/UBNA_001/20220921_090000.WAV,Telephone Field,recover-20220922,001,1795
836.7675,836.8036,68437,80914,Rhinolophus ferrumequinum,0.023,0.023,-1,Echolocation,/mnt/ubna_data_02_mir/recover-20220922/UBNA_001/20220921_090000.WAV,Telephone Field,recover-20220922,001,1795
836.7775,836.7862,28046,38739,Eptesicus serotinus,0.008,0.021,-1,Echolocation,/mnt/ubna_data_02_mir/recover-20220922/UBNA_001/20220921_090000.WAV,Telephone Field,recover-20220922,001,1795
836.7775,836.7863,22890,30030,Plecotus austriacus,0.008,0.021,-1,Echolocation,/mnt/ubna_data_02_mir/recover-20220922/UBNA_001/20220921_090000.WAV,Telephone Field,recover-20220922,001,1795
836.8065,836.8135,27187,43462,Eptesicus serotinus,0.006,0.021,-1,Echolocation,/mnt/ubna_data_02_mir/recover-20220922/UBNA_001/20220921_090000.WAV,Telephone Field,recover-20220922,001,1795
836.8145,836.8552,68437,83161,Rhinolophus ferrumequinum,0.023,0.024,-1,Echolocation,/mnt/ubna_data_02_mir/recover-20220922/UBNA_001/20220921_090000.WAV,Telephone Field,recover-20220922,001,1795
836.8215,836.8297,28046,37784,Eptesicus serotinus,0.006,0.02,-1,Echolocation,/mnt/ubna_data_02_mir/recover-20220922/UBNA_001/20220921_090000.WAV,Telephone Field,recover-20220922,001,1795
836.8385,836.8778,68437,82093,Rhinolophus ferrumequinum,0.021,0.021,-1,Echolocation,/mnt/ubna_data_02_mir/recover-20220922/UBNA_001/20220921_090000.WAV,Telephone Field,recover-20220922,001,1795
836.8385,836.8461,28046,38669,Eptesicus serotinus,0.006,0.02,-1,Echolocation,/mnt/ubna_data_02_mir/recover-20220922/UBNA_001/20220921_090000.WAV,Telephone Field,recover-20220922,001,1795
836.8465,836.8866,68437,81771,Rhinolophus ferrumequinum,0.02,0.02,-1,Echolocation,/mnt/ubna_data_02_mir/recover-20220922/UBNA_001/20220921_090000.WAV,Telephone Field,recover-20220922,001,1795
836.8995,836.9384,68437,81891,Rhinolophus ferrumequinum,0.022,0.022,-1,Echolocation,/mnt/ubna_data_02_mir/recover-20220922/UBNA_001/20220921_090000.WAV,Telephone Field,recover-20220922,001,1795
836.9365,836.9705,68437,80741,Rhinolophus ferrumequinum,0.021,0.021,-1,Echolocation,/mnt/ubna_data_02_mir/recover-20220922/UBNA_001/20220921_090000.WAV,Telephone Field,recover-20220922,001,1795
836.9385,836.9481,28046,36855,Eptesicus serotinus,0.009,0.022,-1,Echolocation,/mnt/ubna_data_02_mir/recover-20220922/UBNA_001/20220921_090000.WAV,Telephone Field,recover-20220922,001,1795
836.9665,836.9788,24609,29331,Nyctalus leisleri,0.025,0.048,-1,Echolocation,/mnt/ubna_data_02_mir/recover-20220922/UBNA_001/20220921_090000.WAV,Telephone Field,recover-20220922,001,1795
836.9775,837.0161,68437,81941,Rhinolophus ferrumequinum,0.023,0.023,-1,Echolocation,/mnt/ubna_data_02_mir/recover-20220922/UBNA_001/20220921_090000.WAV,Telephone Field,recover-20220922,001,1795
836.9935,837.0337,68437,82523,Rhinolophus ferrumequinum,0.026,0.026,-1,Echolocation,/mnt/ubna_data_02_mir/recover-20220922/UBNA_001/20220921_090000.WAV,Telephone Field,recover-20220922,001,1795
836.9995,837.0432,68437,83151,Rhinolophus ferrumequinum,0.028,0.028,-1,Echolocation,/mnt/ubna_data_02_mir/recover-20220922/UBNA_001/20220921_090000.WAV,Telephone Field,recover-20220922,001,1795
837.0045,837.0147,28906,36924,Eptesicus serotinus,0.014,0.03,-1,Echolocation,/mnt/ubna_data_02_mir/recover-20220922/UBNA_001/20220921_090000.WAV,Telephone Field,recover-20220922,001,1795
837.0285,837.0685,68437,82194,Rhinolophus ferrumequinum,0.022,0.022,-1,Echolocation,/mnt/ubna_data_02_mir/recover-20220922/UBNA_001/20220921_090000.WAV,Telephone Field,recover-20220922,001,1795
837.0335,837.042,27187,37523,Eptesicus serotinus,0.007,0.021,-1,Echolocation,/mnt/ubna_data_02_mir/recover-20220922/UBNA_001/20220921_090000.WAV,Telephone Field,recover-20220922,001,1795
837.0705,837.1102,68437,81374,Rhinolophus ferrumequinum,0.023,0.023,-1,Echolocation,/mnt/ubna_data_02_mir/recover-20220922/UBNA_001/20220921_090000.WAV,Telephone Field,recover-20220922,001,1795
837.0815,837.0914,28046,35766,Eptesicus serotinus,0.009,0.022,-1,Echolocation,/mnt/ubna_data_02_mir/recover-20220922/UBNA_001/20220921_090000.WAV,Telephone Field,recover-20220922,001,1795
837.0915,837.0987,28046,39653,Eptesicus serotinus,0.007,0.024,-1,Echolocation,/mnt/ubna_data_02_mir/recover-20220922/UBNA_001/20220921_090000.WAV,Telephone Field,recover-20220922,001,1795
837.0955,837.136,68437,82148,Rhinolophus ferrumequinum,0.02,0.02,-1,Echolocation,/mnt/ubna_data_02_mir/recover-20220922/UBNA_001/20220921_090000.WAV,Telephone Field,recover-20220922,001,1795
837.1365,837.1429,23750,33282,Plecotus austriacus,0.015,0.029,-1,Echolocation,/mnt/ubna_data_02_mir/recover-20220922/UBNA_001/20220921_090000.WAV,Telephone Field,recover-20220922,001,1795
837.1655,837.1731,28046,38084,Eptesicus serotinus,0.007,0.023,-1,Echolocation,/mnt/ubna_data_02_mir/recover-20220922/UBNA_001/20220921_090000.WAV,Telephone Field,recover-20220922,001,1795
837.1935,837.231,68437,82030,Rhinolophus ferrumequinum,0.02,0.02,-1,Echolocation,/mnt/ubna_data_02_mir/recover-20220922/UBNA_001/20220921_090000.WAV,Telephone Field,recover-20220922,001,1795
837.2045,837.2123,28046,39721,Eptesicus serotinus,0.009,0.029,-1,Echolocation,/mnt/ubna_data_02_mir/recover-20220922/UBNA_001/20220921_090000.WAV,Telephone Field,recover-20220922,001,1795
837.2415,837.2796,68437,81490,Rhinolophus ferrumequinum,0.02,0.02,-1,Echolocation,/mnt/ubna_data_02_mir/recover-20220922/UBNA_001/20220921_090000.WAV,Telephone Field,recover-20220922,001,1795
837.2525,837.2899,68437,81636,Rhinolophus ferrumequinum,0.021,0.021,-1,Echolocation,/mnt/ubna_data_02_mir/recover-20220922/UBNA_001/20220921_090000.WAV,Telephone Field,recover-20220922,001,1795
837.2764999999999,837.2835,27187,40142,Eptesicus serotinus,0.006,0.022,-1,Echolocation,/mnt/ubna_data_02_mir/recover-20220922/UBNA_001/20220921_090000.WAV,Telephone Field,recover-20220922,001,1795
837.3215,837.3571,68437,81657,Rhinolophus ferrumequinum,0.021,0.021,-1,Echolocation,/mnt/ubna_data_02_mir/recover-20220922/UBNA_001/20220921_090000.WAV,Telephone Field,recover-20220922,001,1795
837.3285,837.3654,68437,82265,Rhinolophus ferrumequinum,0.02,0.021,-1,Echolocation,/mnt/ubna_data_02_mir/recover-20220922/UBNA_001/20220921_090000.WAV,Telephone Field,recover-20220922,001,1795
837.3615,837.4014,68437,81882,Rhinolophus ferrumequinum,0.022,0.022,-1,Echolocation,/mnt/ubna_data_02_mir/recover-20220922/UBNA_001/20220921_090000.WAV,Telephone Field,recover-20220922,001,1795
837.3975,837.4327,68437,80762,Rhinolophus ferrumequinum,0.021,0.021,-1,Echolocation,/mnt/ubna_data_02_mir/recover-20220922/UBNA_001/20220921_090000.WAV,Telephone Field,recover-20220922,001,1795
837.4195,837.4276,27187,38482,Eptesicus serotinus,0.007,0.02,-1,Echolocation,/mnt/ubna_data_02_mir/recover-20220922/UBNA_001/20220921_090000.WAV,Telephone Field,recover-20220922,001,1795
837.4235,837.4336,22031,26380,Nyctalus leisleri,0.011,0.02,-1,Echolocation,/mnt/ubna_data_02_mir/recover-20220922/UBNA_001/20220921_090000.WAV,Telephone Field,recover-20220922,001,1795
837.4635,837.4736,22890,27772,Nyctalus leisleri,0.009,0.02,-1,Echolocation,/mnt/ubna_data_02_mir/recover-20220922/UBNA_001/20220921_090000.WAV,Telephone Field,recover-20220922,001,1795
837.5325,837.5735999999999,68437,82639,Rhinolophus ferrumequinum,0.025,0.025,-1,Echolocation,/mnt/ubna_data_02_mir/recover-20220922/UBNA_001/20220921_090000.WAV,Telephone Field,recover-20220922,001,1795
837.5625,837.5988,68437,81531,Rhinolophus ferrumequinum,0.023,0.024,-1,Echolocation,/mnt/ubna_data_02_mir/recover-20220922/UBNA_001/20220921_090000.WAV,Telephone Field,recover-20220922,001,1795
837.5715,837.6098,68437,81674,Rhinolophus ferrumequinum,0.02,0.02,-1,Echolocation,/mnt/ubna_data_02_mir/recover-20220922/UBNA_001/20220921_090000.WAV,Telephone Field,recover-20220922,001,1795
837.6055,837.6459,68437,82340,Rhinolophus ferrumequinum,0.022,0.022,-1,Echolocation,/mnt/ubna_data_02_mir/recover-20220922/UBNA_001/20220921_090000.WAV,Telephone Field,recover-20220922,001,1795
837.6195,837.6299,29765,36492,Eptesicus serotinus,0.026,0.048,-1,Echolocation,/mnt/ubna_data_02_mir/recover-20220922/UBNA_001/20220921_090000.WAV,Telephone Field,recover-20220922,001,1795
837.6725,837.6822,28046,38116,Eptesicus serotinus,0.009,0.022,-1,Echolocation,/mnt/ubna_data_02_mir/recover-20220922/UBNA_001/20220921_090000.WAV,Telephone Field,recover-20220922,001,1795
837.6775,837.7167,68437,82779,Rhinolophus ferrumequinum,0.024,0.024,-1,Echolocation,/mnt/ubna_data_02_mir/recover-20220922/UBNA_001/20220921_090000.WAV,Telephone Field,recover-20220922,001,1795
837.6855,837.7278,68437,82404,Rhinolophus ferrumequinum,0.024,0.024,-1,Echolocation,/mnt/ubna_data_02_mir/recover-20220922/UBNA_001/20220921_090000.WAV,Telephone Field,recover-20220922,001,1795
837.7025,837.7415,68437,82469,Rhinolophus ferrumequinum,0.02,0.02,-1,Echolocation,/mnt/ubna_data_02_mir/recover-20220922/UBNA_001/20220921_090000.WAV,Telephone Field,recover-20220922,001,1795
837.7075,837.7465,68437,81890,Rhinolophus ferrumequinum,0.02,0.02,-1,Echolocation,/mnt/ubna_data_02_mir/recover-20220922/UBNA_001/20220921_090000.WAV,Telephone Field,recover-20220922,001,1795
837.7145,837.7256,25468,32015,Eptesicus serotinus,0.029,0.055,-1,Echolocation,/mnt/ubna_data_02_mir/recover-20220922/UBNA_001/20220921_090000.WAV,Telephone Field,recover-20220922,001,1795
837.7145,837.7522,68437,81917,Rhinolophus ferrumequinum,0.021,0.021,-1,Echolocation,/mnt/ubna_data_02_mir/recover-20220922/UBNA_001/20220921_090000.WAV,Telephone Field,recover-20220922,001,1795
837.7285,837.7383,50390,54513,Pipistrellus pipistrellus,0.018,0.022,-1,Echolocation,/mnt/ubna_data_02_mir/recover-20220922/UBNA_001/20220921_090000.WAV,Telephone Field,recover-20220922,001,1795
837.7575,837.7959,68437,81745,Rhinolophus ferrumequinum,0.023,0.023,-1,Echolocation,/mnt/ubna_data_02_mir/recover-20220922/UBNA_001/20220921_090000.WAV,Telephone Field,recover-20220922,001,1795
837.7675,837.8065,68437,82352,Rhinolophus ferrumequinum,0.024,0.024,-1,Echolocation,/mnt/ubna_data_02_mir/recover-20220922/UBNA_001/20220921_090000.WAV,Telephone Field,recover-20220922,001,1795
837.7905,837.8286,68437,82006,Rhinolophus ferrumequinum,0.022,0.022,-1,Echolocation,/mnt/ubna_data_02_mir/recover-20220922/UBNA_001/20220921_090000.WAV,Telephone Field,recover-20220922,001,1795
837.8605,837.8989,68437,82062,Rhinolophus ferrumequinum,0.021,0.021,-1,Echolocation,/mnt/ubna_data_02_mir/recover-20220922/UBNA_001/20220921_090000.WAV,Telephone Field,recover-20220922,001,1795
837.8615,837.8757,22031,26146,Nyctalus leisleri,0.027,0.044,-1,Echolocation,/mnt/ubna_data_02_mir/recover-20220922/UBNA_001/20220921_090000.WAV,Telephone Field,recover-20220922,001,1795
837.8785,837.8877,27187,35896,Eptesicus serotinus,0.008,0.02,-1,Echolocation,/mnt/ubna_data_02_mir/recover-20220922/UBNA_001/20220921_090000.WAV,Telephone Field,recover-20220922,001,1795
837.8965,837.9305,68437,80919,Rhinolophus ferrumequinum,0.02,0.02,-1,Echolocation,/mnt/ubna_data_02_mir/recover-20220922/UBNA_001/20220921_090000.WAV,Telephone Field,recover-20220922,001,1795
838.0015,838.0106,24609,31781,Nyctalus leisleri,0.023,0.063,-1,Echolocation,/mnt/ubna_data_02_mir/recover-20220922/UBNA_001/20220921_090000.WAV,Telephone Field,recover-20220922,001,1795
838.0015,838.031,68437,79937,Rhinolophus ferrumequinum,0.044,0.045,-1,Echolocation,/mnt/ubna_data_02_mir/recover-20220922/UBNA_001/20220921_090000.WAV,Telephone Field,recover-20220922,001,1795
838.0075,838.0479,68437,81327,Rhinolophus ferrumequinum,0.021,0.021,-1,Echolocation,/mnt/ubna_data_02_mir/recover-20220922/UBNA_001/20220921_090000.WAV,Telephone Field,recover-20220922,001,1795
838.0305,838.0721,68437,82950,Rhinolophus ferrumequinum,0.026,0.026,-1,Echolocation,/mnt/ubna_data_02_mir/recover-20220922/UBNA_001/20220921_090000.WAV,Telephone Field,recover-20220922,001,1795
838.0515,838.0926,68437,82657,Rhinolophus ferrumequinum,0.024,0.024,-1,Echolocation,/mnt/ubna_data_02_mir/recover-20220922/UBNA_001/20220921_090000.WAV,Telephone Field,recover-20220922,001,1795
838.0785,838.0911,45234,47951,Pipistrellus pipistrellus,0.027,0.03,-1,Echolocation,/mnt/ubna_data_02_mir/recover-20220922/UBNA_001/20220921_090000.WAV,Telephone Field,recover-20220922,001,1795
838.1175,838.1557,68437,81841,Rhinolophus ferrumequinum,0.023,0.023,-1,Echolocation,/mnt/ubna_data_02_mir/recover-20220922/UBNA_001/20220921_090000.WAV,Telephone Field,recover-20220922,001,1795
838.1315,838.1378,46953,51628,Pipistrellus pipistrellus,0.021,0.022,-1,Echolocation,/mnt/ubna_data_02_mir/recover-20220922/UBNA_001/20220921_090000.WAV,Telephone Field,recover-20220922,001,1795
838.1925,838.2059,22031,25864,Nyctalus leisleri,0.015,0.026,-1,Echolocation,/mnt/ubna_data_02_mir/recover-20220922/UBNA_001/20220921_090000.WAV,Telephone Field,recover-20220922,001,1795
838.2335,838.2749,68437,82579,Rhinolophus ferrumequinum,0.023,0.023,-1,Echolocation,/mnt/ubna_data_02_mir/recover-20220922/UBNA_001/20220921_090000.WAV,Telephone Field,recover-20220922,001,1795
838.2585,838.2958,68437,81402,Rhinolophus ferrumequinum,0.023,0.023,-1,Echolocation,/mnt/ubna_data_02_mir/recover-20220922/UBNA_001/20220921_090000.WAV,Telephone Field,recover-20220922,001,1795
838.3185,838.3588,68437,82323,Rhinolophus ferrumequinum,0.023,0.023,-1,Echolocation,/mnt/ubna_data_02_mir/recover-20220922/UBNA_001/20220921_090000.WAV,Telephone Field,recover-20220922,001,1795
838.3335,838.3733,68437,81888,Rhinolophus ferrumequinum,0.021,0.022,-1,Echolocation,/mnt/ubna_data_02_mir/recover-20220922/UBNA_001/20220921_090000.WAV,Telephone Field,recover-20220922,001,1795
838.3435,838.3818,68437,82027,Rhinolophus ferrumequinum,0.027,0.027,-1,Echolocation,/mnt/ubna_data_02_mir/recover-20220922/UBNA_001/20220921_090000.WAV,Telephone Field,recover-20220922,001,1795
838.3685,838.4094,68437,82551,Rhinolophus ferrumequinum,0.022,0.022,-1,Echolocation,/mnt/ubna_data_02_mir/recover-20220922/UBNA_001/20220921_090000.WAV,Telephone Field,recover-20220922,001,1795
838.3765,838.3847,27187,38172,Eptesicus serotinus,0.009,0.029,-1,Echolocation,/mnt/ubna_data_02_mir/recover-20220922/UBNA_001/20220921_090000.WAV,Telephone Field,recover-20220922,001,1795
838.3885,838.4284,68437,82018,Rhinolophus ferrumequinum,0.022,0.022,-1,Echolocation,/mnt/ubna_data_02_mir/recover-20220922/UBNA_001/20220921_090000.WAV,Telephone Field,recover-20220922,001,1795
838.4014999999999,838.4412,68437,82335,Rhinolophus ferrumequinum,0.022,0.022,-1,Echolocation,/mnt/ubna_data_02_mir/recover-20220922/UBNA_001/20220921_090000.WAV,Telephone Field,recover-20220922,001,1795
838.4105,838.4475,68437,82010,Rhinolophus ferrumequinum,0.021,0.021,-1,Echolocation,/mnt/ubna_data_02_mir/recover-20220922/UBNA_001/20220921_090000.WAV,Telephone Field,recover-20220922,001,1795
838.4415,838.4539,53828,59472,Pipistrellus pygmaeus,0.018,0.026,-1,Echolocation,/mnt/ubna_data_02_mir/recover-20220922/UBNA_001/20220921_090000.WAV,Telephone Field,recover-20220922,001,1795
838.4425,838.4837,68437,82677,Rhinolophus ferrumequinum,0.023,0.023,-1,Echolocation,/mnt/ubna_data_02_mir/recover-20220922/UBNA_001/20220921_090000.WAV,Telephone Field,recover-20220922,001,1795
838.4695,838.5103,68437,82459,Rhinolophus ferrumequinum,0.03,0.03,-1,Echolocation,/mnt/ubna_data_02_mir/recover-20220922/UBNA_001/20220921_090000.WAV,Telephone Field,recover-20220922,001,1795
838.4765,838.4875,23750,29407,Nyctalus leisleri,0.01,0.022,-1,Echolocation,/mnt/ubna_data_02_mir/recover-20220922/UBNA_001/20220921_090000.WAV,Telephone Field,recover-20220922,001,1795
838.5005,838.5402,68437,82242,Rhinolophus ferrumequinum,0.021,0.021,-1,Echolocation,/mnt/ubna_data_02_mir/recover-20220922/UBNA_001/20220921_090000.WAV,Telephone Field,recover-20220922,001,1795
838.5045,838.5144,42656,49132,Pipistrellus pipistrellus,0.031,0.038,-1,Echolocation,/mnt/ubna_data_02_mir/recover-20220922/UBNA_001/20220921_090000.WAV,Telephone Field,recover-20220922,001,1795
838.5225,838.5315,24609,31504,Nyctalus leisleri,0.007,0.022,-1,Echolocation,/mnt/ubna_data_02_mir/recover-20220922/UBNA_001/20220921_090000.WAV,Telephone Field,recover-20220922,001,1795
838.5375,838.5784,68437,81885,Rhinolophus ferrumequinum,0.03,0.03,-1,Echolocation,/mnt/ubna_data_02_mir/recover-20220922/UBNA_001/20220921_090000.WAV,Telephone Field,recover-20220922,001,1795
838.5685,838.5756,28046,39882,Eptesicus serotinus,0.006,0.022,-1,Echolocation,/mnt/ubna_data_02_mir/recover-20220922/UBNA_001/20220921_090000.WAV,Telephone Field,recover-20220922,001,1795
838.5845,838.6211,68437,81607,Rhinolophus ferrumequinum,0.021,0.022,-1,Echolocation,/mnt/ubna_data_02_mir/recover-20220922/UBNA_001/20220921_090000.WAV,Telephone Field,recover-20220922,001,1795
838.5945,838.605,28046,36953,Eptesicus serotinus,0.028,0.05,-1,Echolocation,/mnt/ubna_data_02_mir/recover-20220922/UBNA_001/20220921_090000.WAV,Telephone Field,recover-20220922,001,1795
838.6325,838.6435,25468,31639,Nyctalus leisleri,0.01,0.024,-1,Echolocation,/mnt/ubna_data_02_mir/recover-20220922/UBNA_001/20220921_090000.WAV,Telephone Field,recover-20220922,001,1795
838.6335,838.6707,68437,81465,Rhinolophus ferrumequinum,0.021,0.021,-1,Echolocation,/mnt/ubna_data_02_mir/recover-20220922/UBNA_001/20220921_090000.WAV,Telephone Field,recover-20220922,001,1795
838.6585,838.6713,21171,24793,Nyctalus leisleri,0.013,0.022,-1,Echolocation,/mnt/ubna_data_02_mir/recover-20220922/UBNA_001/20220921_090000.WAV,Telephone Field,recover-20220922,001,1795
838.6725,838.6836,35781,41688,Myotis daubentonii,0.005,0.024,-1,Echolocation,/mnt/ubna_data_02_mir/recover-20220922/UBNA_001/20220921_090000.WAV,Telephone Field,recover-20220922,001,1795
838.6755,838.7125,68437,81998,Rhinolophus ferrumequinum,0.021,0.021,-1,Echolocation,/mnt/ubna_data_02_mir/recover-20220922/UBNA_001/20220921_090000.WAV,Telephone Field,recover-20220922,001,1795
838.7025,838.7137,40937,46758,Pipistrellus nathusii,0.01,0.024,-1,Echolocation,/mnt/ubna_data_02_mir/recover-20220922/UBNA_001/20220921_090000.WAV,Telephone Field,recover-20220922,001,1795
838.7045,838.7441,68437,82266,Rhinolophus ferrumequinum,0.022,0.022,-1,Echolocation,/mnt/ubna_data_02_mir/recover-20220922/UBNA_001/20220921_090000.WAV,Telephone Field,recover-20220922,001,1795
838.7145,838.755,68437,82016,Rhinolophus ferrumequinum,0.022,0.022,-1,Echolocation,/mnt/ubna_data_02_mir/recover-20220922/UBNA_001/20220921_090000.WAV,Telephone Field,recover-20220922,001,1795
838.7365,838.7747,68437,81873,Rhinolophus ferrumequinum,0.025,0.025,-1,Echolocation,/mnt/ubna_data_02_mir/recover-20220922/UBNA_001/20220921_090000.WAV,Telephone Field,recover-20220922,001,1795
838.7425,838.7812,68437,81872,Rhinolophus ferrumequinum,0.023,0.023,-1,Echolocation,/mnt/ubna_data_02_mir/recover-20220922/UBNA_001/20220921_090000.WAV,Telephone Field,recover-20220922,001,1795
838.7585,838.7695,23750,28782,Nyctalus leisleri,0.012,0.025,-1,Echolocation,/mnt/ubna_data_02_mir/recover-20220922/UBNA_001/20220921_090000.WAV,Telephone Field,recover-20220922,001,1795
838.7835,838.8192,68437,81330,Rhinolophus ferrumequinum,0.021,0.021,-1,Echolocation,/mnt/ubna_data_02_mir/recover-20220922/UBNA_001/20220921_090000.WAV,Telephone Field,recover-20220922,001,1795
838.8015,838.8122,23750,29252,Nyctalus leisleri,0.011,0.025,-1,Echolocation,/mnt/ubna_data_02_mir/recover-20220922/UBNA_001/20220921_090000.WAV,Telephone Field,recover-20220922,001,1795
838.8065,838.845,68437,81443,Rhinolophus ferrumequinum,0.023,0.023,-1,Echolocation,/mnt/ubna_data_02_mir/recover-20220922/UBNA_001/20220921_090000.WAV,Telephone Field,recover-20220922,001,1795
838.8425,838.8836,68437,82293,Rhinolophus ferrumequinum,0.03,0.03,-1,Echolocation,/mnt/ubna_data_02_mir/recover-20220922/UBNA_001/20220921_090000.WAV,Telephone Field,recover-20220922,001,1795
838.8525,838.8626,22890,28256,Nyctalus leisleri,0.011,0.025,-1,Echolocation,/mnt/ubna_data_02_mir/recover-20220922/UBNA_001/20220921_090000.WAV,Telephone Field,recover-20220922,001,1795
838.8765,838.8897,54687,59411,Pipistrellus pygmaeus,0.033,0.034,-1,Echolocation,/mnt/ubna_data_02_mir/recover-20220922/UBNA_001/20220921_090000.WAV,Telephone Field,recover-20220922,001,1795
838.9525,838.9902,68437,81665,Rhinolophus ferrumequinum,0.022,0.022,-1,Echolocation,/mnt/ubna_data_02_mir/recover-20220922/UBNA_001/20220921_090000.WAV,Telephone Field,recover-20220922,001,1795
838.9645,838.9722,28046,38565,Eptesicus serotinus,0.007,0.023,-1,Echolocation,/mnt/ubna_data_02_mir/recover-20220922/UBNA_001/20220921_090000.WAV,Telephone Field,recover-20220922,001,1795
839.0185,839.0278,45234,54233,Pipistrellus pipistrellus,0.021,0.032,-1,Echolocation,/mnt/ubna_data_02_mir/recover-20220922/UBNA_001/20220921_090000.WAV,Telephone Field,recover-20220922,001,1795
839.0535,839.0657,23750,28321,Nyctalus leisleri,0.014,0.026,-1,Echolocation,/mnt/ubna_data_02_mir/recover-20220922/UBNA_001/20220921_090000.WAV,Telephone Field,recover-20220922,001,1795
839.0595,839.067,46093,50389,Pipistrellus pipistrellus,0.021,0.022,-1,Echolocation,/mnt/ubna_data_02_mir/recover-20220922/UBNA_001/20220921_090000.WAV,Telephone Field,recover-20220922,001,1795
839.0815,839.1211,68437,82052,Rhinolophus ferrumequinum,0.023,0.023,-1,Echolocation,/mnt/ubna_data_02_mir/recover-20220922/UBNA_001/20220921_090000.WAV,Telephone Field,recover-20220922,001,1795
839.1135,839.1517,68437,81627,Rhinolophus ferrumequinum,0.021,0.021,-1,Echolocation,/mnt/ubna_data_02_mir/recover-20220922/UBNA_001/20220921_090000.WAV,Telephone Field,recover-20220922,001,1795
839.1325,839.1419,28046,37040,Eptesicus serotinus,0.009,0.023,-1,Echolocation,/mnt/ubna_data_02_mir/recover-20220922/UBNA_001/20220921_090000.WAV,Telephone Field,recover-20220922,001,1795
839.1865,839.227,68437,81993,Rhinolophus ferrumequinum,0.031,0.031,-1,Echolocation,/mnt/ubna_data_02_mir/recover-20220922/UBNA_001/20220921_090000.WAV,Telephone Field,recover-20220922,001,1795
839.2055,839.2439,68437,80082,Rhinolophus ferrumequinum,0.027,0.028,-1,Echolocation,/mnt/ubna_data_02_mir/recover-20220922/UBNA_001/20220921_090000.WAV,Telephone Field,recover-20220922,001,1795
839.2345,839.2415,28906,37686,Eptesicus serotinus,0.008,0.027,-1,Echolocation,/mnt/ubna_data_02_mir/recover-20220922/UBNA_001/20220921_090000.WAV,Telephone Field,recover-20220922,001,1795
839.2445,839.2834,68437,82017,Rhinolophus ferrumequinum,0.021,0.022,-1,Echolocation,/mnt/ubna_data_02_mir/recover-20220922/UBNA_001/20220921_090000.WAV,Telephone Field,recover-20220922,001,1795
839.2745,839.2841,54687,58964,Pipistrellus pygmaeus,0.02,0.021,-1,Echolocation,/mnt/ubna_data_02_mir/recover-20220922/UBNA_001/20220921_090000.WAV,Telephone Field,recover-20220922,001,1795
839.3015,839.3393,68437,82095,Rhinolophus ferrumequinum,0.021,0.021,-1,Echolocation,/mnt/ubna_data_02_mir/recover-20220922/UBNA_001/20220921_090000.WAV,Telephone Field,recover-20220922,001,1795
839.3075,839.3154,28046,39243,Eptesicus serotinus,0.007,0.023,-1,Echolocation,/mnt/ubna_data_02_mir/recover-20220922/UBNA_001/20220921_090000.WAV,Telephone Field,recover-20220922,001,1795
839.3345,839.3426,28046,39505,Eptesicus serotinus,0.008,0.022,-1,Echolocation,/mnt/ubna_data_02_mir/recover-20220922/UBNA_001/20220921_090000.WAV,Telephone Field,recover-20220922,001,1795
839.3405,839.3798,68437,82909,Rhinolophus ferrumequinum,0.031,0.031,-1,Echolocation,/mnt/ubna_data_02_mir/recover-20220922/UBNA_001/20220921_090000.WAV,Telephone Field,recover-20220922,001,1795
839.3975,839.4396,68437,83205,Rhinolophus ferrumequinum,0.035,0.035,-1,Echolocation,/mnt/ubna_data_02_mir/recover-20220922/UBNA_001/20220921_090000.WAV,Telephone Field,recover-20220922,001,1795
839.4155,839.4251,28906,37353,Eptesicus serotinus,0.01,0.024,-1,Echolocation,/mnt/ubna_data_02_mir/recover-20220922/UBNA_001/20220921_090000.WAV,Telephone Field,recover-20220922,001,1795
839.4275,839.4637,68437,80923,Rhinolophus ferrumequinum,0.022,0.022,-1,Echolocation,/mnt/ubna_data_02_mir/recover-20220922/UBNA_001/20220921_090000.WAV,Telephone Field,recover-20220922,001,1795
839.5035,839.5425,68437,81979,Rhinolophus ferrumequinum,0.033,0.033,-1,Echolocation,/mnt/ubna_data_02_mir/recover-20220922/UBNA_001/20220921_090000.WAV,Telephone Field,recover-20220922,001,1795
839.5605,839.5994,68437,81557,Rhinolophus ferrumequinum,0.023,0.023,-1,Echolocation,/mnt/ubna_data_02_mir/recover-20220922/UBNA_001/20220921_090000.WAV,Telephone Field,recover-20220922,001,1795
839.5665,839.6051,68437,82042,Rhinolophus ferrumequinum,0.022,0.022,-1,Echolocation,/mnt/ubna_data_02_mir/recover-20220922/UBNA_001/20220921_090000.WAV,Telephone Field,recover-20220922,001,1795
839.5895,839.6,27187,34579,Eptesicus serotinus,0.01,0.022,-1,Echolocation,/mnt/ubna_data_02_mir/recover-20220922/UBNA_001/20220921_090000.WAV,Telephone Field,recover-20220922,001,1795
839.6225,839.6597,68437,81906,Rhinolophus ferrumequinum,0.022,0.022,-1,Echolocation,/mnt/ubna_data_02_mir/recover-20220922/UBNA_001/20220921_090000.WAV,Telephone Field,recover-20220922,001,1795
839.6325,839.6726,68437,82423,Rhinolophus ferrumequinum,0.024,0.024,-1,Echolocation,/mnt/ubna_data_02_mir/recover-20220922/UBNA_001/20220921_090000.WAV,Telephone Field,recover-20220922,001,1795
839.6415,839.6817,68437,82339,Rhinolophus ferrumequinum,0.021,0.021,-1,Echolocation,/mnt/ubna_data_02_mir/recover-20220922/UBNA_001/20220921_090000.WAV,Telephone Field,recover-20220922,001,1795
839.6765,839.7156,68437,81986,Rhinolophus ferrumequinum,0.021,0.021,-1,Echolocation,/mnt/ubna_data_02_mir/recover-20220922/UBNA_001/20220921_090000.WAV,Telephone Field,recover-20220922,001,1795
839.6855,839.722,68437,81368,Rhinolophus ferrumequinum,0.021,0.021,-1,Echolocation,/mnt/ubna_data_02_mir/recover-20220922/UBNA_001/20220921_090000.WAV,Telephone Field,recover-20220922,001,1795
839.7105,839.7158,34921,56134,Myotis daubentonii,0.008,0.023,-1,Echolocation,/mnt/ubna_data_02_mir/recover-20220922/UBNA_001/20220921_090000.WAV,Telephone Field,recover-20220922,001,1795
839.7105,839.7486,68437,80876,Rhinolophus ferrumequinum,0.021,0.021,-1,Echolocation,/mnt/ubna_data_02_mir/recover-20220922/UBNA_001/20220921_090000.WAV,Telephone Field,recover-20220922,001,1795
839.7125,839.723,22890,28339,Nyctalus leisleri,0.012,0.025,-1,Echolocation,/mnt/ubna_data_02_mir/recover-20220922/UBNA_001/20220921_090000.WAV,Telephone Field,recover-20220922,001,1795
839.7535,839.7657,22031,26163,Nyctalus leisleri,0.015,0.028,-1,Echolocation,/mnt/ubna_data_02_mir/recover-20220922/UBNA_001/20220921_090000.WAV,Telephone Field,recover-20220922,001,1795
839.7595,839.7805,18593,21395,Nyctalus noctula,0.012,0.026,-1,Echolocation,/mnt/ubna_data_02_mir/recover-20220922/UBNA_001/20220921_090000.WAV,Telephone Field,recover-20220922,001,1795
839.7855,839.792,50390,54796,Pipistrellus pipistrellus,0.032,0.035,-1,Echolocation,/mnt/ubna_data_02_mir/recover-20220922/UBNA_001/20220921_090000.WAV,Telephone Field,recover-20220922,001,1795
839.8275,839.868,68437,82748,Rhinolophus ferrumequinum,0.022,0.022,-1,Echolocation,/mnt/ubna_data_02_mir/recover-20220922/UBNA_001/20220921_090000.WAV,Telephone Field,recover-20220922,001,1795
839.8345,839.8454,22890,27442,Nyctalus leisleri,0.011,0.021,-1,Echolocation,/mnt/ubna_data_02_mir/recover-20220922/UBNA_001/20220921_090000.WAV,Telephone Field,recover-20220922,001,1795
839.8485000000001,839.8658,19453,23388,Nyctalus leisleri,0.01,0.022,-1,Echolocation,/mnt/ubna_data_02_mir/recover-20220922/UBNA_001/20220921_090000.WAV,Telephone Field,recover-20220922,001,1795
839.8885,839.9278,68437,82521,Rhinolophus ferrumequinum,0.026,0.026,-1,Echolocation,/mnt/ubna_data_02_mir/recover-20220922/UBNA_001/20220921_090000.WAV,Telephone Field,recover-20220922,001,1795
839.9195,839.9604,68437,82551,Rhinolophus ferrumequinum,0.03,0.03,-1,Echolocation,/mnt/ubna_data_02_mir/recover-20220922/UBNA_001/20220921_090000.WAV,Telephone Field,recover-20220922,001,1795
839.9225,839.9301,27187,37674,Eptesicus serotinus,0.006,0.022,-1,Echolocation,/mnt/ubna_data_02_mir/recover-20220922/UBNA_001/20220921_090000.WAV,Telephone Field,recover-20220922,001,1795
839.9325,839.9721,68437,82142,Rhinolophus ferrumequinum,0.021,0.021,-1,Echolocation,/mnt/ubna_data_02_mir/recover-20220922/UBNA_001/20220921_090000.WAV,Telephone Field,recover-20220922,001,1795
839.9345,839.9428,28046,37330,Eptesicus serotinus,0.007,0.022,-1,Echolocation,/mnt/ubna_data_02_mir/recover-20220922/UBNA_001/20220921_090000.WAV,Telephone Field,recover-20220922,001,1795
839.9475,839.9881,68437,82787,Rhinolophus ferrumequinum,0.026,0.026,-1,Echolocation,/mnt/ubna_data_02_mir/recover-20220922/UBNA_001/20220921_090000.WAV,Telephone Field,recover-20220922,001,1795
840.0015,840.0096,22031,28621,Nyctalus leisleri,0.008,0.025,-1,Echolocation,/mnt/ubna_data_02_mir/recover-20220922/UBNA_001/20220921_090000.WAV,Telephone Field,recover-20220922,001,1795
840.0015,840.0114,47812,52549,Pipistrellus pipistrellus,0.021,0.026,-1,Echolocation,/mnt/ubna_data_02_mir/recover-20220922/UBNA_001/20220921_090000.WAV,Telephone Field,recover-20220922,001,1795
840.0015,840.0359,68437,79837,Rhinolophus ferrumequinum,0.028,0.029,-1,Echolocation,/mnt/ubna_data_02_mir/recover-20220922/UBNA_001/20220921_090000.WAV,Telephone Field,recover-20220922,001,1795
840.0195,840.0313,29765,35502,Eptesicus serotinus,0.016,0.032,-1,Echolocation,/mnt/ubna_data_02_mir/recover-20220922/UBNA_001/20220921_090000.WAV,Telephone Field,recover-20220922,001,1795
840.0275,840.069,68437,83053,Rhinolophus ferrumequinum,0.022,0.022,-1,Echolocation,/mnt/ubna_data_02_mir/recover-20220922/UBNA_001/20220921_090000.WAV,Telephone Field,recover-20220922,001,1795
840.0285,840.0411,28046,33787,Eptesicus serotinus,0.012,0.025,-1,Echolocation,/mnt/ubna_data_02_mir/recover-20220922/UBNA_001/20220921_090000.WAV,Telephone Field,recover-20220922,001,1795
840.0365,840.0463,28906,36137,Eptesicus serotinus,0.009,0.024,-1,Echolocation,/mnt/ubna_data_02_mir/recover-20220922/UBNA_001/20220921_090000.WAV,Telephone Field,recover-20220922,001,1795
840.0525,840.0912,68437,82297,Rhinolophus ferrumequinum,0.026,0.026,-1,Echolocation,/mnt/ubna_data_02_mir/recover-20220922/UBNA_001/20220921_090000.WAV,Telephone Field,recover-20220922,001,1795
840.0835,840.1234,68437,82828,Rhinolophus ferrumequinum,0.04,0.04,-1,Echolocation,/mnt/ubna_data_02_mir/recover-20220922/UBNA_001/20220921_090000.WAV,Telephone Field,recover-20220922,001,1795
840.0965,840.1385,68437,82852,Rhinolophus ferrumequinum,0.028,0.028,-1,Echolocation,/mnt/ubna_data_02_mir/recover-20220922/UBNA_001/20220921_090000.WAV,Telephone Field,recover-20220922,001,1795
840.1205,840.1541,68437,80838,Rhinolophus ferrumequinum,0.022,0.022,-1,Echolocation,/mnt/ubna_data_02_mir/recover-20220922/UBNA_001/20220921_090000.WAV,Telephone Field,recover-20220922,001,1795
840.1315,840.1691,68437,82514,Rhinolophus ferrumequinum,0.024,0.024,-1,Echolocation,/mnt/ubna_data_02_mir/recover-20220922/UBNA_001/20220921_090000.WAV,Telephone Field,recover-20220922,001,1795
840.1615,840.1993,68437,82416,Rhinolophus ferrumequinum,0.023,0.023,-1,Echolocation,/mnt/ubna_data_02_mir/recover-20220922/UBNA_001/20220921_090000.WAV,Telephone Field,recover-20220922,001,1795
840.2015,840.2422,68437,82106,Rhinolophus ferrumequinum,0.036,0.036,-1,Echolocation,/mnt/ubna_data_02_mir/recover-20220922/UBNA_001/20220921_090000.WAV,Telephone Field,recover-20220922,001,1795
840.2095,840.2209,23750,28256,Nyctalus leisleri,0.012,0.022,-1,Echolocation,/mnt/ubna_data_02_mir/recover-20220922/UBNA_001/20220921_090000.WAV,Telephone Field,recover-20220922,001,1795
840.2195,840.2294,28906,36908,Eptesicus serotinus,0.009,0.023,-1,Echolocation,/mnt/ubna_data_02_mir/recover-20220922/UBNA_001/20220921_090000.WAV,Telephone Field,recover-20220922,001,1795
840.2425,840.253,24609,30347,Nyctalus leisleri,0.011,0.025,-1,Echolocation,/mnt/ubna_data_02_mir/recover-20220922/UBNA_001/20220921_090000.WAV,Telephone Field,recover-20220922,001,1795
840.2445,840.2875,68437,82840,Rhinolophus ferrumequinum,0.038,0.038,-1,Echolocation,/mnt/ubna_data_02_mir/recover-20220922/UBNA_001/20220921_090000.WAV,Telephone Field,recover-20220922,001,1795
840.2695,840.3084,68437,82320,Rhinolophus ferrumequinum,0.022,0.022,-1,Echolocation,/mnt/ubna_data_02_mir/recover-20220922/UBNA_001/20220921_090000.WAV,Telephone Field,recover-20220922,001,1795
840.2855,840.3243,68437,82888,Rhinolophus ferrumequinum,0.031,0.031,-1,Echolocation,/mnt/ubna_data_02_mir/recover-20220922/UBNA_001/20220921_090000.WAV,Telephone Field,recover-20220922,001,1795
840.3105,840.3179,28906,39213,Eptesicus serotinus,0.007,0.024,-1,Echolocation,/mnt/ubna_data_02_mir/recover-20220922/UBNA_001/20220921_090000.WAV,Telephone Field,recover-20220922,001,1795
840.3205,840.3588,68437,82266,Rhinolophus ferrumequinum,0.023,0.023,-1,Echolocation,/mnt/ubna_data_02_mir/recover-20220922/UBNA_001/20220921_090000.WAV,Telephone Field,recover-20220922,001,1795
840.3515,840.3584,47812,53039,Pipistrellus pipistrellus,0.037,0.038,-1,Echolocation,/mnt/ubna_data_02_mir/recover-20220922/UBNA_001/20220921_090000.WAV,Telephone Field,recover-20220922,001,1795
840.3515,840.3907,68437,82673,Rhinolophus ferrumequinum,0.027,0.027,-1,Echolocation,/mnt/ubna_data_02_mir/recover-20220922/UBNA_001/20220921_090000.WAV,Telephone Field,recover-20220922,001,1795
840.3625,840.4047,68437,82829,Rhinolophus ferrumequinum,0.03,0.03,-1,Echolocation,/mnt/ubna_data_02_mir/recover-20220922/UBNA_001/20220921_090000.WAV,Telephone Field,recover-20220922,001,1795
840.4065,840.416,23750,30917,Nyctalus leisleri,0.009,0.025,-1,Echolocation,/mnt/ubna_data_02_mir/recover-20220922/UBNA_001/20220921_090000.WAV,Telephone Field,recover-20220922,001,1795
840.4075,840.444,68437,81558,Rhinolophus ferrumequinum,0.023,0.023,-1,Echolocation,/mnt/ubna_data_02_mir/recover-20220922/UBNA_001/20220921_090000.WAV,Telephone Field,recover-20220922,001,1795
840.4145,840.449,68437,80751,Rhinolophus ferrumequinum,0.023,0.023,-1,Echolocation,/mnt/ubna_data_02_mir/recover-20220922/UBNA_001/20220921_090000.WAV,Telephone Field,recover-20220922,001,1795
840.4275,840.4351,26328,38027,Eptesicus serotinus,0.007,0.023,-1,Echolocation,/mnt/ubna_data_02_mir/recover-20220922/UBNA_001/20220921_090000.WAV,Telephone Field,recover-20220922,001,1795
840.4405,840.4785,68437,82749,Rhinolophus ferrumequinum,0.023,0.023,-1,Echolocation,/mnt/ubna_data_02_mir/recover-20220922/UBNA_001/20220921_090000.WAV,Telephone Field,recover-20220922,001,1795
840.4465,840.4539,28046,40124,Eptesicus serotinus,0.007,0.023,-1,Echolocation,/mnt/ubna_data_02_mir/recover-20220922/UBNA_001/20220921_090000.WAV,Telephone Field,recover-20220922,001,1795
840.5015,840.5414,68437,82123,Rhinolophus ferrumequinum,0.036,0.036,-1,Echolocation,/mnt/ubna_data_02_mir/recover-20220922/UBNA_001/20220921_090000.WAV,Telephone Field,recover-20220922,001,1795
840.5045,840.5153,27187,35727,Eptesicus serotinus,0.018,0.031,-1,Echolocation,/mnt/ubna_data_02_mir/recover-20220922/UBNA_001/20220921_090000.WAV,Telephone Field,recover-20220922,001,1795
840.5365,840.5792,68437,83154,Rhinolophus ferrumequinum,0.035,0.035,-1,Echolocation,/mnt/ubna_data_02_mir/recover-20220922/UBNA_001/20220921_090000.WAV,Telephone Field,recover-20220922,001,1795
840.5435,840.5867,68437,83297,Rhinolophus ferrumequinum,0.039,0.039,-1,Echolocation,/mnt/ubna_data_02_mir/recover-20220922/UBNA_001/20220921_090000.WAV,Telephone Field,recover-20220922,001,1795
840.5905,840.6285,68437,82679,Rhinolophus ferrumequinum,0.024,0.024,-1,Echolocation,/mnt/ubna_data_02_mir/recover-20220922/UBNA_001/20220921_090000.WAV,Telephone Field,recover-20220922,001,1795
840.6425,840.6509,24609,32955,Plecotus austriacus,0.006,0.022,-1,Echolocation,/mnt/ubna_data_02_mir/recover-20220922/UBNA_001/20220921_090000.WAV,Telephone Field,recover-20220922,001,1795
840.6685,840.7083,68437,82601,Rhinolophus ferrumequinum,0.025,0.025,-1,Echolocation,/mnt/ubna_data_02_mir/recover-20220922/UBNA_001/20220921_090000.WAV,Telephone Field,recover-20220922,001,1795
840.7445,840.7829,68437,82350,Rhinolophus ferrumequinum,0.024,0.024,-1,Echolocation,/mnt/ubna_data_02_mir/recover-20220922/UBNA_001/20220921_090000.WAV,Telephone Field,recover-20220922,001,1795
840.7525,840.7925,68437,82913,Rhinolophus ferrumequinum,0.022,0.022,-1,Echolocation,/mnt/ubna_data_02_mir/recover-20220922/UBNA_001/20220921_090000.WAV,Telephone Field,recover-20220922,001,1795
840.7585,840.7981,68437,82213,Rhinolophus ferrumequinum,0.022,0.022,-1,Echolocation,/mnt/ubna_data_02_mir/recover-20220922/UBNA_001/20220921_090000.WAV,Telephone Field,recover-20220922,001,1795
840.7685,840.8083,68437,82216,Rhinolophus ferrumequinum,0.021,0.021,-1,Echolocation,/mnt/ubna_data_02_mir/recover-20220922/UBNA_001/20220921_090000.WAV,Telephone Field,recover-20220922,001,1795
840.7975,840.8363,68437,82382,Rhinolophus ferrumequinum,0.024,0.024,-1,Echolocation,/mnt/ubna_data_02_mir/recover-20220922/UBNA_001/20220921_090000.WAV,Telephone Field,recover-20220922,001,1795
840.8265,840.8411,39218,43523,Pipistrellus nathusii,0.016,0.024,-1,Echolocation,/mnt/ubna_data_02_mir/recover-20220922/UBNA_001/20220921_090000.WAV,Telephone Field,recover-20220922,001,1795
840.8515,840.8626,23750,28820,Nyctalus leisleri,0.013,0.027,-1,Echolocation,/mnt/ubna_data_02_mir/recover-20220922/UBNA_001/20220921_090000.WAV,Telephone Field,recover-20220922,001,1795
840.8785,840.9149,68437,81815,Rhinolophus ferrumequinum,0.022,0.022,-1,Echolocation,/mnt/ubna_data_02_mir/recover-20220922/UBNA_001/20220921_090000.WAV,Telephone Field,recover-20220922,001,1795
840.9095,840.9189,27187,35390,Eptesicus serotinus,0.021,0.048,-1,Echolocation,/mnt/ubna_data_02_mir/recover-20220922/UBNA_001/20220921_090000.WAV,Telephone Field,recover-20220922,001,1795
840.9165,840.9553,68437,82205,Rhinolophus ferrumequinum,0.024,0.024,-1,Echolocation,/mnt/ubna_data_02_mir/recover-20220922/UBNA_001/20220921_090000.WAV,Telephone Field,recover-20220922,001,1795
840.9245,840.9352,29765,37112,Eptesicus serotinus,0.01,0.023,-1,Echolocation,/mnt/ubna_data_02_mir/recover-20220922/UBNA_001/20220921_090000.WAV,Telephone Field,recover-20220922,001,1795
840.9325,840.9742,68437,83170,Rhinolophus ferrumequinum,0.025,0.025,-1,Echolocation,/mnt/ubna_data_02_mir/recover-20220922/UBNA_001/20220921_090000.WAV,Telephone Field,recover-20220922,001,1795
840.9575,840.9972,68437,82634,Rhinolophus ferrumequinum,0.022,0.022,-1,Echolocation,/mnt/ubna_data_02_mir/recover-20220922/UBNA_001/20220921_090000.WAV,Telephone Field,recover-20220922,001,1795
840.9755,841.0124,68437,82382,Rhinolophus ferrumequinum,0.023,0.023,-1,Echolocation,/mnt/ubna_data_02_mir/recover-20220922/UBNA_001/20220921_090000.WAV,Telephone Field,recover-20220922,001,1795
841.0015,841.0446,68437,83008,Rhinolophus ferrumequinum,0.028,0.028,-1,Echolocation,/mnt/ubna_data_02_mir/recover-20220922/UBNA_001/20220921_090000.WAV,Telephone Field,recover-20220922,001,1795
841.0045,841.023,16015,21699,Nyctalus noctula,0.016,0.022,-1,Echolocation,/mnt/ubna_data_02_mir/recover-20220922/UBNA_001/20220921_090000.WAV,Telephone Field,recover-20220922,001,1795
841.0235,841.0622,68437,82037,Rhinolophus ferrumequinum,0.023,0.023,-1,Echolocation,/mnt/ubna_data_02_mir/recover-20220922/UBNA_001/20220921_090000.WAV,Telephone Field,recover-20220922,001,1795
841.0415,841.051,25468,33779,Eptesicus serotinus,0.01,0.023,-1,Echolocation,/mnt/ubna_data_02_mir/recover-20220922/UBNA_001/20220921_090000.WAV,Telephone Field,recover-20220922,001,1795
841.0445,841.0829,68437,81914,Rhinolophus ferrumequinum,0.022,0.022,-1,Echolocation,/mnt/ubna_data_02_mir/recover-20220922/UBNA_001/20220921_090000.WAV,Telephone Field,recover-20220922,001,1795
841.0805,841.0915,22031,26641,Nyctalus leisleri,0.011,0.021,-1,Echolocation,/mnt/ubna_data_02_mir/recover-20220922/UBNA_001/20220921_090000.WAV,Telephone Field,recover-20220922,001,1795
841.1205,841.1601,68437,82293,Rhinolophus ferrumequinum,0.027,0.028,-1,Echolocation,/mnt/ubna_data_02_mir/recover-20220922/UBNA_001/20220921_090000.WAV,Telephone Field,recover-20220922,001,1795
841.1215,841.1329,22890,27314,Nyctalus leisleri,0.015,0.028,-1,Echolocation,/mnt/ubna_data_02_mir/recover-20220922/UBNA_001/20220921_090000.WAV,Telephone Field,recover-20220922,001,1795
841.1825,841.223,68437,82448,Rhinolophus ferrumequinum,0.024,0.024,-1,Echolocation,/mnt/ubna_data_02_mir/recover-20220922/UBNA_001/20220921_090000.WAV,Telephone Field,recover-20220922,001,1795
841.2195,841.2596,68437,82575,Rhinolophus ferrumequinum,0.029,0.029,-1,Echolocation,/mnt/ubna_data_02_mir/recover-20220922/UBNA_001/20220921_090000.WAV,Telephone Field,recover-20220922,001,1795
841.2255,841.2346,23750,30833,Nyctalus leisleri,0.008,0.024,-1,Echolocation,/mnt/ubna_data_02_mir/recover-20220922/UBNA_001/20220921_090000.WAV,Telephone Field,recover-20220922,001,1795
841.2765,841.3179,68437,82232,Rhinolophus ferrumequinum,0.026,0.027,-1,Echolocation,/mnt/ubna_data_02_mir/recover-20220922/UBNA_001/20220921_090000.WAV,Telephone Field,recover-20220922,001,1795
841.2935,841.3339,68437,82384,Rhinolophus ferrumequinum,0.024,0.024,-1,Echolocation,/mnt/ubna_data_02_mir/recover-20220922/UBNA_001/20220921_090000.WAV,Telephone Field,recover-20220922,001,1795
841.2945,841.3042,24609,32402,Eptesicus serotinus,0.009,0.024,-1,Echolocation,/mnt/ubna_data_02_mir/recover-20220922/UBNA_001/20220921_090000.WAV,Telephone Field,recover-20220922,001,1795
841.3075,841.3452,68437,81542,Rhinolophus ferrumequinum,0.023,0.023,-1,Echolocation,/mnt/ubna_data_02_mir/recover-20220922/UBNA_001/20220921_090000.WAV,Telephone Field,recover-20220922,001,1795
841.3135,841.3511,68437,81431,Rhinolophus ferrumequinum,0.023,0.023,-1,Echolocation,/mnt/ubna_data_02_mir/recover-20220922/UBNA_001/20220921_090000.WAV,Telephone Field,recover-20220922,001,1795
841.3675,841.3761,28046,39176,Eptesicus serotinus,0.008,0.023,-1,Echolocation,/mnt/ubna_data_02_mir/recover-20220922/UBNA_001/20220921_090000.WAV,Telephone Field,recover-20220922,001,1795
841.4095,841.4457,68437,82064,Rhinolophus ferrumequinum,0.026,0.026,-1,Echolocation,/mnt/ubna_data_02_mir/recover-20220922/UBNA_001/20220921_090000.WAV,Telephone Field,recover-20220922,001,1795
841.4235,841.4591,68437,81251,Rhinolophus ferrumequinum,0.026,0.026,-1,Echolocation,/mnt/ubna_data_02_mir/recover-20220922/UBNA_001/20220921_090000.WAV,Telephone Field,recover-20220922,001,1795
841.4585,841.4977,68437,82594,Rhinolophus ferrumequinum,0.024,0.024,-1,Echolocation,/mnt/ubna_data_02_mir/recover-20220922/UBNA_001/20220921_090000.WAV,Telephone Field,recover-20220922,001,1795
841.4785,841.5171,68437,82372,Rhinolophus ferrumequinum,0.029,0.029,-1,Echolocation,/mnt/ubna_data_02_mir/recover-20220922/UBNA_001/20220921_090000.WAV,Telephone Field,recover-20220922,001,1795
841.5225,841.5625,68437,82196,Rhinolophus ferrumequinum,0.026,0.026,-1,Echolocation,/mnt/ubna_data_02_mir/recover-20220922/UBNA_001/20220921_090000.WAV,Telephone Field,recover-20220922,001,1795
841.5315,841.5415,22031,27018,Nyctalus leisleri,0.01,0.023,-1,Echolocation,/mnt/ubna_data_02_mir/recover-20220922/UBNA_001/20220921_090000.WAV,Telephone Field,recover-20220922,001,1795
841.5545,841.5639,28906,37354,Eptesicus serotinus,0.013,0.028,-1,Echolocation,/mnt/ubna_data_02_mir/recover-20220922/UBNA_001/20220921_090000.WAV,Telephone Field,recover-20220922,001,1795
841.5745,841.6118,68437,81685,Rhinolophus ferrumequinum,0.025,0.025,-1,Echolocation,/mnt/ubna_data_02_mir/recover-20220922/UBNA_001/20220921_090000.WAV,Telephone Field,recover-20220922,001,1795
841.6015,841.6389,68437,81607,Rhinolophus ferrumequinum,0.029,0.029,-1,Echolocation,/mnt/ubna_data_02_mir/recover-20220922/UBNA_001/20220921_090000.WAV,Telephone Field,recover-20220922,001,1795
841.6265,841.665,68437,82761,Rhinolophus ferrumequinum,0.023,0.023,-1,Echolocation,/mnt/ubna_data_02_mir/recover-20220922/UBNA_001/20220921_090000.WAV,Telephone Field,recover-20220922,001,1795
841.7185,841.7597,68437,83085,Rhinolophus ferrumequinum,0.033,0.033,-1,Echolocation,/mnt/ubna_data_02_mir/recover-20220922/UBNA_001/20220921_090000.WAV,Telephone Field,recover-20220922,001,1795
841.7505,841.7897,68437,82331,Rhinolophus ferrumequinum,0.023,0.023,-1,Echolocation,/mnt/ubna_data_02_mir/recover-20220922/UBNA_001/20220921_090000.WAV,Telephone Field,recover-20220922,001,1795
841.7615,841.8011,68437,82780,Rhinolophus ferrumequinum,0.022,0.022,-1,Echolocation,/mnt/ubna_data_02_mir/recover-20220922/UBNA_001/20220921_090000.WAV,Telephone Field,recover-20220922,001,1795
841.7635,841.7729,26328,34498,Eptesicus serotinus,0.011,0.024,-1,Echolocation,/mnt/ubna_data_02_mir/recover-20220922/UBNA_001/20220921_090000.WAV,Telephone Field,recover-20220922,001,1795
841.7795,841.8208,68437,82845,Rhinolophus ferrumequinum,0.026,0.026,-1,Echolocation,/mnt/ubna_data_02_mir/recover-20220922/UBNA_001/20220921_090000.WAV,Telephone Field,recover-20220922,001,1795
841.7885,841.8294,68437,82436,Rhinolophus ferrumequinum,0.023,0.023,-1,Echolocation,/mnt/ubna_data_02_mir/recover-20220922/UBNA_001/20220921_090000.WAV,Telephone Field,recover-20220922,001,1795
841.8015,841.8123,28906,35791,Eptesicus serotinus,0.01,0.023,-1,Echolocation,/mnt/ubna_data_02_mir/recover-20220922/UBNA_001/20220921_090000.WAV,Telephone Field,recover-20220922,001,1795
841.8045,841.8401,68437,80846,Rhinolophus ferrumequinum,0.021,0.021,-1,Echolocation,/mnt/ubna_data_02_mir/recover-20220922/UBNA_001/20220921_090000.WAV,Telephone Field,recover-20220922,001,1795
841.8075,841.8195,28046,33745,Eptesicus serotinus,0.011,0.022,-1,Echolocation,/mnt/ubna_data_02_mir/recover-20220922/UBNA_001/20220921_090000.WAV,Telephone Field,recover-20220922,001,1795
841.8685,841.9086,68437,82397,Rhinolophus ferrumequinum,0.023,0.023,-1,Echolocation,/mnt/ubna_data_02_mir/recover-20220922/UBNA_001/20220921_090000.WAV,Telephone Field,recover-20220922,001,1795
841.8955,841.94,68437,83538,Rhinolophus ferrumequinum,0.038,0.038,-1,Echolocation,/mnt/ubna_data_02_mir/recover-20220922/UBNA_001/20220921_090000.WAV,Telephone Field,recover-20220922,001,1795
841.9355,841.9459,23750,30035,Nyctalus leisleri,0.01,0.023,-1,Echolocation,/mnt/ubna_data_02_mir/recover-20220922/UBNA_001/20220921_090000.WAV,Telephone Field,recover-20220922,001,1795
841.9585,841.9973,68437,82573,Rhinolophus ferrumequinum,0.022,0.022,-1,Echolocation,/mnt/ubna_data_02_mir/recover-20220922/UBNA_001/20220921_090000.WAV,Telephone Field,recover-20220922,001,1795
841.9825,841.9934,22031,27051,Nyctalus leisleri,0.01,0.021,-1,Echolocation,/mnt/ubna_data_02_mir/recover-20220922/UBNA_001/20220921_090000.WAV,Telephone Field,recover-20220922,001,1795
842.0015,842.01,26328,35389,Nyctalus leisleri,0.009,0.03,-1,Echolocation,/mnt/ubna_data_02_mir/recover-20220922/UBNA_001/20220921_090000.WAV,Telephone Field,recover-20220922,001,1795
842.0015,842.0337,68437,79829,Rhinolophus ferrumequinum,0.035,0.036,-1,Echolocation,/mnt/ubna_data_02_mir/recover-20220922/UBNA_001/20220921_090000.WAV,Telephone Field,recover-20220922,001,1795
842.0105,842.0208,28046,35624,Eptesicus serotinus,0.01,0.022,-1,Echolocation,/mnt/ubna_data_02_mir/recover-20220922/UBNA_001/20220921_090000.WAV,Telephone Field,recover-20220922,001,1795
842.0195,842.0558,68437,81210,Rhinolophus ferrumequinum,0.021,0.021,-1,Echolocation,/mnt/ubna_data_02_mir/recover-20220922/UBNA_001/20220921_090000.WAV,Telephone Field,recover-20220922,001,1795
842.0395,842.0469,28046,38931,Eptesicus serotinus,0.009,0.028,-1,Echolocation,/mnt/ubna_data_02_mir/recover-20220922/UBNA_001/20220921_090000.WAV,Telephone Field,recover-20220922,001,1795
842.0935,842.1011,46093,60831,Pipistrellus pipistrellus,0.012,0.023,-1,Echolocation,/mnt/ubna_data_02_mir/recover-20220922/UBNA_001/20220921_090000.WAV,Telephone Field,recover-20220922,001,1795
842.0995,842.1423,68437,82437,Rhinolophus ferrumequinum,0.023,0.023,-1,Echolocation,/mnt/ubna_data_02_mir/recover-20220922/UBNA_001/20220921_090000.WAV,Telephone Field,recover-20220922,001,1795
842.1575,842.1975,68437,82667,Rhinolophus ferrumequinum,0.026,0.026,-1,Echolocation,/mnt/ubna_data_02_mir/recover-20220922/UBNA_001/20220921_090000.WAV,Telephone Field,recover-20220922,001,1795
842.2055,842.245,68437,82089,Rhinolophus ferrumequinum,0.022,0.022,-1,Echolocation,/mnt/ubna_data_02_mir/recover-20220922/UBNA_001/20220921_090000.WAV,Telephone Field,recover-20220922,001,1795
842.2835,842.3235,68437,82577,Rhinolophus ferrumequinum,0.023,0.023,-1,Echolocation,/mnt/ubna_data_02_mir/recover-20220922/UBNA_001/20220921_090000.WAV,Telephone Field,recover-20220922,001,1795
842.2915,842.302,22890,28418,Nyctalus leisleri,0.011,0.024,-1,Echolocation,/mnt/ubna_data_02_mir/recover-20220922/UBNA_001/20220921_090000.WAV,Telephone Field,recover-20220922,001,1795
842.3225,842.3316,24609,32020,Nyctalus leisleri,0.006,0.022,-1,Echolocation,/mnt/ubna_data_02_mir/recover-20220922/UBNA_001/20220921_090000.WAV,Telephone Field,recover-20220922,001,1795
842.3315,842.3713,68437,82082,Rhinolophus ferrumequinum,0.022,0.022,-1,Echolocation,/mnt/ubna_data_02_mir/recover-20220922/UBNA_001/20220921_090000.WAV,Telephone Field,recover-20220922,001,1795
842.3665,842.4065,68437,82833,Rhinolophus ferrumequinum,0.021,0.021,-1,Echolocation,/mnt/ubna_data_02_mir/recover-20220922/UBNA_001/20220921_090000.WAV,Telephone Field,recover-20220922,001,1795
842.4035,842.4457,68437,83149,Rhinolophus ferrumequinum,0.031,0.031,-1,Echolocation,/mnt/ubna_data_02_mir/recover-20220922/UBNA_001/20220921_090000.WAV,Telephone Field,recover-20220922,001,1795
842.4075,842.4167,27187,36141,Eptesicus serotinus,0.009,0.025,-1,Echolocation,/mnt/ubna_data_02_mir/recover-20220922/UBNA_001/20220921_090000.WAV,Telephone Field,recover-20220922,001,1795
842.4505,842.4894,68437,82205,Rhinolophus ferrumequinum,0.022,0.022,-1,Echolocation,/mnt/ubna_data_02_mir/recover-20220922/UBNA_001/20220921_090000.WAV,Telephone Field,recover-20220922,001,1795
842.4605,842.5013,68437,82572,Rhinolophus ferrumequinum,0.026,0.026,-1,Echolocation,/mnt/ubna_data_02_mir/recover-20220922/UBNA_001/20220921_090000.WAV,Telephone Field,recover-20220922,001,1795
842.4615,842.4687,28046,40506,Eptesicus serotinus,0.006,0.021,-1,Echolocation,/mnt/ubna_data_02_mir/recover-20220922/UBNA_001/20220921_090000.WAV,Telephone Field,recover-20220922,001,1795
842.4815,842.4927,28906,36210,Eptesicus serotinus,0.01,0.024,-1,Echolocation,/mnt/ubna_data_02_mir/recover-20220922/UBNA_001/20220921_090000.WAV,Telephone Field,recover-20220922,001,1795
842.5045,842.5432,68437,82356,Rhinolophus ferrumequinum,0.025,0.025,-1,Echolocation,/mnt/ubna_data_02_mir/recover-20220922/UBNA_001/20220921_090000.WAV,Telephone Field,recover-20220922,001,1795
842.5135,842.5503,68437,81466,Rhinolophus ferrumequinum,0.022,0.022,-1,Echolocation,/mnt/ubna_data_02_mir/recover-20220922/UBNA_001/20220921_090000.WAV,Telephone Field,recover-20220922,001,1795
842.5565,842.5632,28046,40632,Eptesicus serotinus,0.006,0.022,-1,Echolocation,/mnt/ubna_data_02_mir/recover-20220922/UBNA_001/20220921_090000.WAV,Telephone Field,recover-20220922,001,1795
842.5625,842.6025,68437,82159,Rhinolophus ferrumequinum,0.023,0.023,-1,Echolocation,/mnt/ubna_data_02_mir/recover-20220922/UBNA_001/20220921_090000.WAV,Telephone Field,recover-20220922,001,1795
842.5655,842.5755,22890,28601,Nyctalus leisleri,0.009,0.022,-1,Echolocation,/mnt/ubna_data_02_mir/recover-20220922/UBNA_001/20220921_090000.WAV,Telephone Field,recover-20220922,001,1795
842.5695,842.6082,68437,81893,Rhinolophus ferrumequinum,0.022,0.022,-1,Echolocation,/mnt/ubna_data_02_mir/recover-20220922/UBNA_001/20220921_090000.WAV,Telephone Field,recover-20220922,001,1795
842.5745,842.5849,22890,28956,Nyctalus leisleri,0.009,0.022,-1,Echolocation,/mnt/ubna_data_02_mir/recover-20220922/UBNA_001/20220921_090000.WAV,Telephone Field,recover-20220922,001,1795
842.6085,842.6466,68437,81936,Rhinolophus ferrumequinum,0.021,0.021,-1,Echolocation,/mnt/ubna_data_02_mir/recover-20220922/UBNA_001/20220921_090000.WAV,Telephone Field,recover-20220922,001,1795
842.6095,842.6189,28046,41118,Eptesicus serotinus,0.009,0.024,-1,Echolocation,/mnt/ubna_data_02_mir/recover-20220922/UBNA_001/20220921_090000.WAV,Telephone Field,recover-20220922,001,1795
842.6305,842.6676,68437,82050,Rhinolophus ferrumequinum,0.023,0.023,-1,Echolocation,/mnt/ubna_data_02_mir/recover-20220922/UBNA_001/20220921_090000.WAV,Telephone Field,recover-20220922,001,1795
842.6415,842.6506,28046,38160,Eptesicus serotinus,0.008,0.022,-1,Echolocation,/mnt/ubna_data_02_mir/recover-20220922/UBNA_001/20220921_090000.WAV,Telephone Field,recover-20220922,001,1795
842.6535,842.6918,68437,82452,Rhinolophus ferrumequinum,0.023,0.023,-1,Echolocation,/mnt/ubna_data_02_mir/recover-20220922/UBNA_001/20220921_090000.WAV,Telephone Field,recover-20220922,001,1795
842.6605,842.6713,23750,29829,Nyctalus leisleri,0.009,0.024,-1,Echolocation,/mnt/ubna_data_02_mir/recover-20220922/UBNA_001/20220921_090000.WAV,Telephone Field,recover-20220922,001,1795
842.6605,842.6971,68437,81124,Rhinolophus ferrumequinum,0.022,0.022,-1,Echolocation,/mnt/ubna_data_02_mir/recover-20220922/UBNA_001/20220921_090000.WAV,Telephone Field,recover-20220922,001,1795
842.6975,842.7369,68437,82514,Rhinolophus ferrumequinum,0.022,0.022,-1,Echolocation,/mnt/ubna_data_02_mir/recover-20220922/UBNA_001/20220921_090000.WAV,Telephone Field,recover-20220922,001,1795
842.7205,842.7594,68437,82396,Rhinolophus ferrumequinum,0.025,0.025,-1,Echolocation,/mnt/ubna_data_02_mir/recover-20220922/UBNA_001/20220921_090000.WAV,Telephone Field,recover-20220922,001,1795
842.7235,842.732,24609,33416,Eptesicus serotinus,0.007,0.024,-1,Echolocation,/mnt/ubna_data_02_mir/recover-20220922/UBNA_001/20220921_090000.WAV,Telephone Field,recover-20220922,001,1795
842.7395,842.7806,68437,82257,Rhinolophus ferrumequinum,0.023,0.023,-1,Echolocation,/mnt/ubna_data_02_mir/recover-20220922/UBNA_001/20220921_090000.WAV,Telephone Field,recover-20220922,001,1795
842.7435,842.7517,25468,34149,Eptesicus serotinus,0.007,0.022,-1,Echolocation,/mnt/ubna_data_02_mir/recover-20220922/UBNA_001/20220921_090000.WAV,Telephone Field,recover-20220922,001,1795
842.7735,842.8121,68437,81972,Rhinolophus ferrumequinum,0.021,0.021,-1,Echolocation,/mnt/ubna_data_02_mir/recover-20220922/UBNA_001/20220921_090000.WAV,Telephone Field,recover-20220922,001,1795
842.8005,842.8105,28046,37212,Eptesicus serotinus,0.011,0.024,-1,Echolocation,/mnt/ubna_data_02_mir/recover-20220922/UBNA_001/20220921_090000.WAV,Telephone Field,recover-20220922,001,1795
842.8155,842.8281,23750,28635,Nyctalus leisleri,0.013,0.025,-1,Echolocation,/mnt/ubna_data_02_mir/recover-20220922/UBNA_001/20220921_090000.WAV,Telephone Field,recover-20220922,001,1795
842.8305,842.8722,68437,82597,Rhinolophus ferrumequinum,0.025,0.025,-1,Echolocation,/mnt/ubna_data_02_mir/recover-20220922/UBNA_001/20220921_090000.WAV,Telephone Field,recover-20220922,001,1795
842.8455,842.8557,44375,49279,Pipistrellus pipistrellus,0.017,0.021,-1,Echolocation,/mnt/ubna_data_02_mir/recover-20220922/UBNA_001/20220921_090000.WAV,Telephone Field,recover-20220922,001,1795
842.8785,842.8862,28906,37913,Eptesicus serotinus,0.006,0.021,-1,Echolocation,/mnt/ubna_data_02_mir/recover-20220922/UBNA_001/20220921_090000.WAV,Telephone Field,recover-20220922,001,1795
842.9005,842.9078,28046,40652,Eptesicus serotinus,0.007,0.024,-1,Echolocation,/mnt/ubna_data_02_mir/recover-20220922/UBNA_001/20220921_090000.WAV,Telephone Field,recover-20220922,001,1795
842.9015,842.9134,40937,45364,Pipistrellus nathusii,0.056,0.073,-1,Echolocation,/mnt/ubna_data_02_mir/recover-20220922/UBNA_001/20220921_090000.WAV,Telephone Field,recover-20220922,001,1795
842.9065,842.9149,28906,40177,Eptesicus serotinus,0.008,0.022,-1,Echolocation,/mnt/ubna_data_02_mir/recover-20220922/UBNA_001/20220921_090000.WAV,Telephone Field,recover-20220922,001,1795
842.9285,842.9669,68437,82150,Rhinolophus ferrumequinum,0.021,0.021,-1,Echolocation,/mnt/ubna_data_02_mir/recover-20220922/UBNA_001/20220921_090000.WAV,Telephone Field,recover-20220922,001,1795
842.9425,842.9506,28046,39387,Eptesicus serotinus,0.007,0.021,-1,Echolocation,/mnt/ubna_data_02_mir/recover-20220922/UBNA_001/20220921_090000.WAV,Telephone Field,recover-20220922,001,1795
842.9665,843.006,68437,82384,Rhinolophus ferrumequinum,0.031,0.031,-1,Echolocation,/mnt/ubna_data_02_mir/recover-20220922/UBNA_001/20220921_090000.WAV,Telephone Field,recover-20220922,001,1795
842.9845,842.9987,58125,64531,Pipistrellus pygmaeus,0.033,0.033,-1,Echolocation,/mnt/ubna_data_02_mir/recover-20220922/UBNA_001/20220921_090000.WAV,Telephone Field,recover-20220922,001,1795
842.9885,843.0239,68437,81409,Rhinolophus ferrumequinum,0.021,0.021,-1,Echolocation,/mnt/ubna_data_02_mir/recover-20220922/UBNA_001/20220921_090000.WAV,Telephone Field,recover-20220922,001,1795
843.0095,843.0534,68437,83035,Rhinolophus ferrumequinum,0.03,0.03,-1,Echolocation,/mnt/ubna_data_02_mir/recover-20220922/UBNA_001/20220921_090000.WAV,Telephone Field,recover-20220922,001,1795
843.0515,843.0882,68437,82466,Rhinolophus ferrumequinum,0.024,0.024,-1,Echolocation,/mnt/ubna_data_02_mir/recover-20220922/UBNA_001/20220921_090000.WAV,Telephone Field,recover-20220922,001,1795
843.1085,843.1483,68437,82794,Rhinolophus ferrumequinum,0.025,0.025,-1,Echolocation,/mnt/ubna_data_02_mir/recover-20220922/UBNA_001/20220921_090000.WAV,Telephone Field,recover-20220922,001,1795
843.1185,843.1272,25468,33686,Eptesicus serotinus,0.008,0.024,-1,Echolocation,/mnt/ubna_data_02_mir/recover-20220922/UBNA_001/20220921_090000.WAV,Telephone Field,recover-20220922,001,1795
843.1575,843.1967,68437,82324,Rhinolophus ferrumequinum,0.034,0.034,-1,Echolocation,/mnt/ubna_data_02_mir/recover-20220922/UBNA_001/20220921_090000.WAV,Telephone Field,recover-20220922,001,1795
843.1635,843.1708,26328,39776,Eptesicus serotinus,0.006,0.022,-1,Echolocation,/mnt/ubna_data_02_mir/recover-20220922/UBNA_001/20220921_090000.WAV,Telephone Field,recover-20220922,001,1795
843.1735,843.2088,68437,82056,Rhinolophus ferrumequinum,0.021,0.021,-1,Echolocation,/mnt/ubna_data_02_mir/recover-20220922/UBNA_001/20220921_090000.WAV,Telephone Field,recover-20220922,001,1795
843.1765,843.1847,26328,35316,Eptesicus serotinus,0.008,0.023,-1,Echolocation,/mnt/ubna_data_02_mir/recover-20220922/UBNA_001/20220921_090000.WAV,Telephone Field,recover-20220922,001,1795
843.1975,843.2323,68437,81185,Rhinolophus ferrumequinum,0.022,0.022,-1,Echolocation,/mnt/ubna_data_02_mir/recover-20220922/UBNA_001/20220921_090000.WAV,Telephone Field,recover-20220922,001,1795
843.2215,843.2614,68437,82921,Rhinolophus ferrumequinum,0.023,0.023,-1,Echolocation,/mnt/ubna_data_02_mir/recover-20220922/UBNA_001/20220921_090000.WAV,Telephone Field,recover-20220922,001,1795
843.2305,843.2384,42656,51765,Myotis daubentonii,0.008,0.025,-1,Echolocation,/mnt/ubna_data_02_mir/recover-20220922/UBNA_001/20220921_090000.WAV,Telephone Field,recover-20220922,001,1795
843.2345,843.2453,23750,30384,Nyctalus leisleri,0.008,0.024,-1,Echolocation,/mnt/ubna_data_02_mir/recover-20220922/UBNA_001/20220921_090000.WAV,Telephone Field,recover-20220922,001,1795
843.2505,843.2897,68437,82212,Rhinolophus ferrumequinum,0.023,0.023,-1,Echolocation,/mnt/ubna_data_02_mir/recover-20220922/UBNA_001/20220921_090000.WAV,Telephone Field,recover-20220922,001,1795
843.2615,843.2749,23750,28251,Nyctalus leisleri,0.013,0.025,-1,Echolocation,/mnt/ubna_data_02_mir/recover-20220922/UBNA_001/20220921_090000.WAV,Telephone Field,recover-20220922,001,1795
843.2785,843.3203,68437,82724,Rhinolophus ferrumequinum,0.024,0.024,-1,Echolocation,/mnt/ubna_data_02_mir/recover-20220922/UBNA_001/20220921_090000.WAV,Telephone Field,recover-20220922,001,1795
843.2885,843.3287,68437,82421,Rhinolophus ferrumequinum,0.022,0.022,-1,Echolocation,/mnt/ubna_data_02_mir/recover-20220922/UBNA_001/20220921_090000.WAV,Telephone Field,recover-20220922,001,1795
843.2905,843.2999,28906,37127,Eptesicus serotinus,0.008,0.021,-1,Echolocation,/mnt/ubna_data_02_mir/recover-20220922/UBNA_001/20220921_090000.WAV,Telephone Field,recover-20220922,001,1795
843.3175,843.3396,17734,21498,Nyctalus noctula,0.016,0.024,-1,Echolocation,/mnt/ubna_data_02_mir/recover-20220922/UBNA_001/20220921_090000.WAV,Telephone Field,recover-20220922,001,1795
843.3275,843.3376,22031,27466,Nyctalus leisleri,0.008,0.021,-1,Echolocation,/mnt/ubna_data_02_mir/recover-20220922/UBNA_001/20220921_090000.WAV,Telephone Field,recover-20220922,001,1795
843.3775,843.4145,68437,81955,Rhinolophus ferrumequinum,0.022,0.022,-1,Echolocation,/mnt/ubna_data_02_mir/recover-20220922/UBNA_001/20220921_090000.WAV,Telephone Field,recover-20220922,001,1795
843.3895,843.4311,68437,82388,Rhinolophus ferrumequinum,0.022,0.022,-1,Echolocation,/mnt/ubna_data_02_mir/recover-20220922/UBNA_001/20220921_090000.WAV,Telephone Field,recover-20220922,001,1795
843.3925,843.4007,22890,30121,Plecotus austriacus,0.01,0.023,-1,Echolocation,/mnt/ubna_data_02_mir/recover-20220922/UBNA_001/20220921_090000.WAV,Telephone Field,recover-20220922,001,1795
843.3955,843.4361,68437,82319,Rhinolophus ferrumequinum,0.022,0.022,-1,Echolocation,/mnt/ubna_data_02_mir/recover-20220922/UBNA_001/20220921_090000.WAV,Telephone Field,recover-20220922,001,1795
843.4145,843.424,22890,28744,Nyctalus leisleri,0.008,0.022,-1,Echolocation,/mnt/ubna_data_02_mir/recover-20220922/UBNA_001/20220921_090000.WAV,Telephone Field,recover-20220922,001,1795
843.4345,843.4756,68437,82971,Rhinolophus ferrumequinum,0.025,0.025,-1,Echolocation,/mnt/ubna_data_02_mir/recover-20220922/UBNA_001/20220921_090000.WAV,Telephone Field,recover-20220922,001,1795
843.4435,843.4579,22890,26573,Nyctalus leisleri,0.021,0.037,-1,Echolocation,/mnt/ubna_data_02_mir/recover-20220922/UBNA_001/20220921_090000.WAV,Telephone Field,recover-20220922,001,1795
843.4465,843.4889,68437,82551,Rhinolophus ferrumequinum,0.023,0.023,-1,Echolocation,/mnt/ubna_data_02_mir/recover-20220922/UBNA_001/20220921_090000.WAV,Telephone Field,recover-20220922,001,1795
843.4775,843.5139,68437,81379,Rhinolophus ferrumequinum,0.021,0.021,-1,Echolocation,/mnt/ubna_data_02_mir/recover-20220922/UBNA_001/20220921_090000.WAV,Telephone Field,recover-20220922,001,1795
843.4865,843.5249,68437,82275,Rhinolophus ferrumequinum,0.025,0.025,-1,Echolocation,/mnt/ubna_data_02_mir/recover-20220922/UBNA_001/20220921_090000.WAV,Telephone Field,recover-20220922,001,1795
843.4875,843.4962,28906,36931,Eptesicus serotinus,0.008,0.022,-1,Echolocation,/mnt/ubna_data_02_mir/recover-20220922/UBNA_001/20220921_090000.WAV,Telephone Field,recover-20220922,001,1795
843.4925,843.5322,68437,82094,Rhinolophus ferrumequinum,0.024,0.024,-1,Echolocation,/mnt/ubna_data_02_mir/recover-20220922/UBNA_001/20220921_090000.WAV,Telephone Field,recover-20220922,001,1795
843.5165,843.5539,68437,81664,Rhinolophus ferrumequinum,0.021,0.021,-1,Echolocation,/mnt/ubna_data_02_mir/recover-20220922/UBNA_001/20220921_090000.WAV,Telephone Field,recover-20220922,001,1795
843.5185,843.5273,28046,38707,Eptesicus serotinus,0.01,0.026,-1,Echolocation,/mnt/ubna_data_02_mir/recover-20220922/UBNA_001/20220921_090000.WAV,Telephone Field,recover-20220922,001,1795
843.5255,843.5333,51250,56936,Pipistrellus pipistrellus,0.029,0.033,-1,Echolocation,/mnt/ubna_data_02_mir/recover-20220922/UBNA_001/20220921_090000.WAV,Telephone Field,recover-20220922,001,1795
843.5305,843.5656,68437,81385,Rhinolophus ferrumequinum,0.021,0.021,-1,Echolocation,/mnt/ubna_data_02_mir/recover-20220922/UBNA_001/20220921_090000.WAV,Telephone Field,recover-20220922,001,1795
843.5445,843.5548,31484,40423,Eptesicus serotinus,0.011,0.028,-1,Echolocation,/mnt/ubna_data_02_mir/recover-20220922/UBNA_001/20220921_090000.WAV,Telephone Field,recover-20220922,001,1795
843.5535,843.5929,68437,82609,Rhinolophus ferrumequinum,0.022,0.022,-1,Echolocation,/mnt/ubna_data_02_mir/recover-20220922/UBNA_001/20220921_090000.WAV,Telephone Field,recover-20220922,001,1795
843.5585,843.5702,54687,59025,Pipistrellus pygmaeus,0.022,0.024,-1,Echolocation,/mnt/ubna_data_02_mir/recover-20220922/UBNA_001/20220921_090000.WAV,Telephone Field,recover-20220922,001,1795
843.5605,843.5994,68437,82328,Rhinolophus ferrumequinum,0.021,0.021,-1,Echolocation,/mnt/ubna_data_02_mir/recover-20220922/UBNA_001/20220921_090000.WAV,Telephone Field,recover-20220922,001,1795
843.5815,843.6205,68437,82427,Rhinolophus ferrumequinum,0.024,0.024,-1,Echolocation,/mnt/ubna_data_02_mir/recover-20220922/UBNA_001/20220921_090000.WAV,Telephone Field,recover-20220922,001,1795
843.5835,843.5913,28046,42698,Eptesicus serotinus,0.007,0.024,-1,Echolocation,/mnt/ubna_data_02_mir/recover-20220922/UBNA_001/20220921_090000.WAV,Telephone Field,recover-20220922,001,1795
843.6035,843.6105,28046,36379,Eptesicus serotinus,0.018,0.045,-1,Echolocation,/mnt/ubna_data_02_mir/recover-20220922/UBNA_001/20220921_090000.WAV,Telephone Field,recover-20220922,001,1795
843.6385,843.6762,68437,82033,Rhinolophus ferrumequinum,0.023,0.023,-1,Echolocation,/mnt/ubna_data_02_mir/recover-20220922/UBNA_001/20220921_090000.WAV,Telephone Field,recover-20220922,001,1795
843.6895,843.6964,14296,28425,Plecotus auritus,0.021,0.027,-1,Echolocation,/mnt/ubna_data_02_mir/recover-20220922/UBNA_001/20220921_090000.WAV,Telephone Field,recover-20220922,001,1795
843.7265,843.7357,47812,51796,Pipistrellus pipistrellus,0.027,0.029,-1,Echolocation,/mnt/ubna_data_02_mir/recover-20220922/UBNA_001/20220921_090000.WAV,Telephone Field,recover-20220922,001,1795
843.7435,843.7811,68437,82075,Rhinolophus ferrumequinum,0.022,0.022,-1,Echolocation,/mnt/ubna_data_02_mir/recover-20220922/UBNA_001/20220921_090000.WAV,Telephone Field,recover-20220922,001,1795
843.8285,843.866,68437,81818,Rhinolophus ferrumequinum,0.022,0.022,-1,Echolocation,/mnt/ubna_data_02_mir/recover-20220922/UBNA_001/20220921_090000.WAV,Telephone Field,recover-20220922,001,1795
843.8505,843.8887,68437,81696,Rhinolophus ferrumequinum,0.021,0.021,-1,Echolocation,/mnt/ubna_data_02_mir/recover-20220922/UBNA_001/20220921_090000.WAV,Telephone Field,recover-20220922,001,1795
843.9005,843.9414,68437,82873,Rhinolophus ferrumequinum,0.03,0.03,-1,Echolocation,/mnt/ubna_data_02_mir/recover-20220922/UBNA_001/20220921_090000.WAV,Telephone Field,recover-20220922,001,1795
843.9335,843.9712,68437,82346,Rhinolophus ferrumequinum,0.025,0.025,-1,Echolocation,/mnt/ubna_data_02_mir/recover-20220922/UBNA_001/20220921_090000.WAV,Telephone Field,recover-20220922,001,1795
843.9665,843.9754,27187,35370,Eptesicus serotinus,0.011,0.024,-1,Echolocation,/mnt/ubna_data_02_mir/recover-20220922/UBNA_001/20220921_090000.WAV,Telephone Field,recover-20220922,001,1795
844.0015,844.034,69296,80929,Rhinolophus ferrumequinum,0.049,0.049,-1,Echolocation,/mnt/ubna_data_02_mir/recover-20220922/UBNA_001/20220921_090000.WAV,Telephone Field,recover-20220922,001,1795
844.0015,844.0111,47812,54278,Pipistrellus pipistrellus,0.018,0.024,-1,Echolocation,/mnt/ubna_data_02_mir/recover-20220922/UBNA_001/20220921_090000.WAV,Telephone Field,recover-20220922,001,1795
844.0015,844.0104,22031,27880,Nyctalus leisleri,0.01,0.026,-1,Echolocation,/mnt/ubna_data_02_mir/recover-20220922/UBNA_001/20220921_090000.WAV,Telephone Field,recover-20220922,001,1795
844.0085,844.0504,68437,82070,Rhinolophus ferrumequinum,0.059,0.059,-1,Echolocation,/mnt/ubna_data_02_mir/recover-20220922/UBNA_001/20220921_090000.WAV,Telephone Field,recover-20220922,001,1795
844.0315,844.0743,68437,82844,Rhinolophus ferrumequinum,0.024,0.024,-1,Echolocation,/mnt/ubna_data_02_mir/recover-20220922/UBNA_001/20220921_090000.WAV,Telephone Field,recover-20220922,001,1795
844.0375,844.0802,68437,83229,Rhinolophus ferrumequinum,0.024,0.024,-1,Echolocation,/mnt/ubna_data_02_mir/recover-20220922/UBNA_001/20220921_090000.WAV,Telephone Field,recover-20220922,001,1795
844.0765,844.1163,68437,82165,Rhinolophus ferrumequinum,0.035,0.035,-1,Echolocation,/mnt/ubna_data_02_mir/recover-20220922/UBNA_001/20220921_090000.WAV,Telephone Field,recover-20220922,001,1795
844.0965,844.1352,68437,82411,Rhinolophus ferrumequinum,0.023,0.023,-1,Echolocation,/mnt/ubna_data_02_mir/recover-20220922/UBNA_001/20220921_090000.WAV,Telephone Field,recover-20220922,001,1795
844.1125,844.1234,27187,32910,Eptesicus serotinus,0.035,0.066,-1,Echolocation,/mnt/ubna_data_02_mir/recover-20220922/UBNA_001/20220921_090000.WAV,Telephone Field,recover-20220922,001,1795
844.1175,844.1573,68437,82443,Rhinolophus ferrumequinum,0.022,0.022,-1,Echolocation,/mnt/ubna_data_02_mir/recover-20220922/UBNA_001/20220921_090000.WAV,Telephone Field,recover-20220922,001,1795
844.1405,844.1789,68437,81825,Rhinolophus ferrumequinum,0.023,0.024,-1,Echolocation,/mnt/ubna_data_02_mir/recover-20220922/UBNA_001/20220921_090000.WAV,Telephone Field,recover-20220922,001,1795
844.1575,844.1675,28046,36680,Eptesicus serotinus,0.011,0.025,-1,Echolocation,/mnt/ubna_data_02_mir/recover-20220922/UBNA_001/20220921_090000.WAV,Telephone Field,recover-20220922,001,1795
844.1625,844.2001,68437,82079,Rhinolophus ferrumequinum,0.023,0.023,-1,Echolocation,/mnt/ubna_data_02_mir/recover-20220922/UBNA_001/20220921_090000.WAV,Telephone Field,recover-20220922,001,1795
844.1715,844.1824,29765,36565,Eptesicus serotinus,0.014,0.029,-1,Echolocation,/mnt/ubna_data_02_mir/recover-20220922/UBNA_001/20220921_090000.WAV,Telephone Field,recover-20220922,001,1795
844.1795,844.2216,68437,83024,Rhinolophus ferrumequinum,0.027,0.027,-1,Echolocation,/mnt/ubna_data_02_mir/recover-20220922/UBNA_001/20220921_090000.WAV,Telephone Field,recover-20220922,001,1795
844.1925,844.2306,68437,82414,Rhinolophus ferrumequinum,0.021,0.021,-1,Echolocation,/mnt/ubna_data_02_mir/recover-20220922/UBNA_001/20220921_090000.WAV,Telephone Field,recover-20220922,001,1795
844.2015,844.2098,23750,32007,Plecotus austriacus,0.013,0.029,-1,Echolocation,/mnt/ubna_data_02_mir/recover-20220922/UBNA_001/20220921_090000.WAV,Telephone Field,recover-20220922,001,1795
844.2185,844.2295,28906,35100,Eptesicus serotinus,0.011,0.023,-1,Echolocation,/mnt/ubna_data_02_mir/recover-20220922/UBNA_001/20220921_090000.WAV,Telephone Field,recover-20220922,001,1795
844.2495,844.2885,68437,82015,Rhinolophus ferrumequinum,0.023,0.023,-1,Echolocation,/mnt/ubna_data_02_mir/recover-20220922/UBNA_001/20220921_090000.WAV,Telephone Field,recover-20220922,001,1795
844.2985,844.3403,68437,82921,Rhinolophus ferrumequinum,0.029,0.029,-1,Echolocation,/mnt/ubna_data_02_mir/recover-20220922/UBNA_001/20220921_090000.WAV,Telephone Field,recover-20220922,001,1795
844.3165,844.3527,68437,81189,Rhinolophus ferrumequinum,0.025,0.025,-1,Echolocation,/mnt/ubna_data_02_mir/recover-20220922/UBNA_001/20220921_090000.WAV,Telephone Field,recover-20220922,001,1795
844.3265,844.3638,68437,81099,Rhinolophus ferrumequinum,0.041,0.041,-1,Echolocation,/mnt/ubna_data_02_mir/recover-20220922/UBNA_001/20220921_090000.WAV,Telephone Field,recover-20220922,001,1795
844.3635,844.3721,26328,34108,Eptesicus serotinus,0.009,0.024,-1,Echolocation,/mnt/ubna_data_02_mir/recover-20220922/UBNA_001/20220921_090000.WAV,Telephone Field,recover-20220922,001,1795
844.3795,844.4174,68437,81690,Rhinolophus ferrumequinum,0.022,0.022,-1,Echolocation,/mnt/ubna_data_02_mir/recover-20220922/UBNA_001/20220921_090000.WAV,Telephone Field,recover-20220922,001,1795
844.4035,844.4464,68437,83052,Rhinolophus ferrumequinum,0.024,0.024,-1,Echolocation,/mnt/ubna_data_02_mir/recover-20220922/UBNA_001/20220921_090000.WAV,Telephone Field,recover-20220922,001,1795
844.4205,844.4313,22031,26882,Nyctalus leisleri,0.01,0.022,-1,Echolocation,/mnt/ubna_data_02_mir/recover-20220922/UBNA_001/20220921_090000.WAV,Telephone Field,recover-20220922,001,1795
844.4475,844.4844,68437,81453,Rhinolophus ferrumequinum,0.024,0.024,-1,Echolocation,/mnt/ubna_data_02_mir/recover-20220922/UBNA_001/20220921_090000.WAV,Telephone Field,recover-20220922,001,1795
844.4475,844.4584,24609,31410,Nyctalus leisleri,0.011,0.028,-1,Echolocation,/mnt/ubna_data_02_mir/recover-20220922/UBNA_001/20220921_090000.WAV,Telephone Field,recover-20220922,001,1795
844.4555,844.492,68437,81030,Rhinolophus ferrumequinum,0.025,0.025,-1,Echolocation,/mnt/ubna_data_02_mir/recover-20220922/UBNA_001/20220921_090000.WAV,Telephone Field,recover-20220922,001,1795
844.4565,844.4652,28906,38105,Eptesicus serotinus,0.009,0.025,-1,Echolocation,/mnt/ubna_data_02_mir/recover-20220922/UBNA_001/20220921_090000.WAV,Telephone Field,recover-20220922,001,1795
844.4995,844.5398,68437,82618,Rhinolophus ferrumequinum,0.025,0.025,-1,Echolocation,/mnt/ubna_data_02_mir/recover-20220922/UBNA_001/20220921_090000.WAV,Telephone Field,recover-20220922,001,1795
844.5145,844.5225,23750,32336,Plecotus austriacus,0.013,0.03,-1,Echolocation,/mnt/ubna_data_02_mir/recover-20220922/UBNA_001/20220921_090000.WAV,Telephone Field,recover-20220922,001,1795
844.5225,844.5624,68437,81884,Rhinolophus ferrumequinum,0.022,0.022,-1,Echolocation,/mnt/ubna_data_02_mir/recover-20220922/UBNA_001/20220921_090000.WAV,Telephone Field,recover-20220922,001,1795
844.5355,844.5732,68437,81904,Rhinolophus ferrumequinum,0.022,0.022,-1,Echolocation,/mnt/ubna_data_02_mir/recover-20220922/UBNA_001/20220921_090000.WAV,Telephone Field,recover-20220922,001,1795
844.5405,844.5779,68437,81939,Rhinolophus ferrumequinum,0.022,0.022,-1,Echolocation,/mnt/ubna_data_02_mir/recover-20220922/UBNA_001/20220921_090000.WAV,Telephone Field,recover-20220922,001,1795
844.5475,844.5843,68437,81551,Rhinolophus ferrumequinum,0.022,0.022,-1,Echolocation,/mnt/ubna_data_02_mir/recover-20220922/UBNA_001/20220921_090000.WAV,Telephone Field,recover-20220922,001,1795
844.5575,844.5685,23750,29889,Nyctalus leisleri,0.011,0.025,-1,Echolocation,/mnt/ubna_data_02_mir/recover-20220922/UBNA_001/20220921_090000.WAV,Telephone Field,recover-20220922,001,1795
844.5645,844.5729,28906,38278,Eptesicus serotinus,0.009,0.026,-1,Echolocation,/mnt/ubna_data_02_mir/recover-20220922/UBNA_001/20220921_090000.WAV,Telephone Field,recover-20220922,001,1795
844.5695,844.6018,68437,80843,Rhinolophus ferrumequinum,0.022,0.022,-1,Echolocation,/mnt/ubna_data_02_mir/recover-20220922/UBNA_001/20220921_090000.WAV,Telephone Field,recover-20220922,001,1795
844.5745,844.6092,68437,81934,Rhinolophus ferrumequinum,0.022,0.022,-1,Echolocation,/mnt/ubna_data_02_mir/recover-20220922/UBNA_001/20220921_090000.WAV,Telephone Field,recover-20220922,001,1795
844.6105,844.6216,22031,27494,Nyctalus leisleri,0.01,0.024,-1,Echolocation,/mnt/ubna_data_02_mir/recover-20220922/UBNA_001/20220921_090000.WAV,Telephone Field,recover-20220922,001,1795
844.6115,844.6471,68437,81297,Rhinolophus ferrumequinum,0.023,0.023,-1,Echolocation,/mnt/ubna_data_02_mir/recover-20220922/UBNA_001/20220921_090000.WAV,Telephone Field,recover-20220922,001,1795
844.6215,844.6299,28046,37511,Eptesicus serotinus,0.007,0.023,-1,Echolocation,/mnt/ubna_data_02_mir/recover-20220922/UBNA_001/20220921_090000.WAV,Telephone Field,recover-20220922,001,1795
844.6325,844.6706,68437,82103,Rhinolophus ferrumequinum,0.022,0.022,-1,Echolocation,/mnt/ubna_data_02_mir/recover-20220922/UBNA_001/20220921_090000.WAV,Telephone Field,recover-20220922,001,1795
844.6435,844.6525,22890,30524,Plecotus austriacus,0.012,0.028,-1,Echolocation,/mnt/ubna_data_02_mir/recover-20220922/UBNA_001/20220921_090000.WAV,Telephone Field,recover-20220922,001,1795
844.6555,844.6658,24609,30568,Nyctalus leisleri,0.01,0.026,-1,Echolocation,/mnt/ubna_data_02_mir/recover-20220922/UBNA_001/20220921_090000.WAV,Telephone Field,recover-20220922,001,1795
844.6595,844.7027,68437,82580,Rhinolophus ferrumequinum,0.038,0.038,-1,Echolocation,/mnt/ubna_data_02_mir/recover-20220922/UBNA_001/20220921_090000.WAV,Telephone Field,recover-20220922,001,1795
844.6875,844.727,68437,82033,Rhinolophus ferrumequinum,0.022,0.022,-1,Echolocation,/mnt/ubna_data_02_mir/recover-20220922/UBNA_001/20220921_090000.WAV,Telephone Field,recover-20220922,001,1795
844.6945,844.7336,68437,81682,Rhinolophus ferrumequinum,0.023,0.023,-1,Echolocation,/mnt/ubna_data_02_mir/recover-20220922/UBNA_001/20220921_090000.WAV,Telephone Field,recover-20220922,001,1795
844.7145,844.7558,68437,82580,Rhinolophus ferrumequinum,0.025,0.025,-1,Echolocation,/mnt/ubna_data_02_mir/recover-20220922/UBNA_001/20220921_090000.WAV,Telephone Field,recover-20220922,001,1795
844.7715,844.8107,68437,82352,Rhinolophus ferrumequinum,0.022,0.022,-1,Echolocation,/mnt/ubna_data_02_mir/recover-20220922/UBNA_001/20220921_090000.WAV,Telephone Field,recover-20220922,001,1795
844.7815,844.8206,68437,82276,Rhinolophus ferrumequinum,0.029,0.029,-1,Echolocation,/mnt/ubna_data_02_mir/recover-20220922/UBNA_001/20220921_090000.WAV,Telephone Field,recover-20220922,001,1795
844.8065,844.845,68437,82186,Rhinolophus ferrumequinum,0.033,0.033,-1,Echolocation,/mnt/ubna_data_02_mir/recover-20220922/UBNA_001/20220921_090000.WAV,Telephone Field,recover-20220922,001,1795
844.8395,844.8808,68437,82992,Rhinolophus ferrumequinum,0.026,0.026,-1,Echolocation,/mnt/ubna_data_02_mir/recover-20220922/UBNA_001/20220921_090000.WAV,Telephone Field,recover-20220922,001,1795
844.8545,844.8908,68437,81721,Rhinolophus ferrumequinum,0.022,0.022,-1,Echolocation,/mnt/ubna_data_02_mir/recover-20220922/UBNA_001/20220921_090000.WAV,Telephone Field,recover-20220922,001,1795
844.8585,844.8696,23750,29509,Nyctalus leisleri,0.015,0.033,-1,Echolocation,/mnt/ubna_data_02_mir/recover-20220922/UBNA_001/20220921_090000.WAV,Telephone Field,recover-20220922,001,1795
844.8695,844.9081,68437,82205,Rhinolophus ferrumequinum,0.022,0.022,-1,Echolocation,/mnt/ubna_data_02_mir/recover-20220922/UBNA_001/20220921_090000.WAV,Telephone Field,recover-20220922,001,1795
844.8755,844.9141,68437,81855,Rhinolophus ferrumequinum,0.022,0.022,-1,Echolocation,/mnt/ubna_data_02_mir/recover-20220922/UBNA_001/20220921_090000.WAV,Telephone Field,recover-20220922,001,1795
844.8845,844.8923,26328,35528,Eptesicus serotinus,0.01,0.029,-1,Echolocation,/mnt/ubna_data_02_mir/recover-20220922/UBNA_001/20220921_090000.WAV,Telephone Field,recover-20220922,001,1795
844.9245,844.9364,22031,26675,Nyctalus leisleri,0.013,0.027,-1,Echolocation,/mnt/ubna_data_02_mir/recover-20220922/UBNA_001/20220921_090000.WAV,Telephone Field,recover-20220922,001,1795
844.9625,845.0092,68437,83852,Rhinolophus ferrumequinum,0.056,0.056,-1,Echolocation,/mnt/ubna_data_02_mir/recover-20220922/UBNA_001/20220921_090000.WAV,Telephone Field,recover-20220922,001,1795
844.9865,845.0303,68437,83358,Rhinolophus ferrumequinum,0.045,0.045,-1,Echolocation,/mnt/ubna_data_02_mir/recover-20220922/UBNA_001/20220921_090000.WAV,Telephone Field,recover-20220922,001,1795
844.9985,845.0061,47812,55832,Pipistrellus pipistrellus,0.017,0.023,-1,Echolocation,/mnt/ubna_data_02_mir/recover-20220922/UBNA_001/20220921_090000.WAV,Telephone Field,recover-20220922,001,1795
845.0055,845.0151,22890,28566,Nyctalus leisleri,0.01,0.024,-1,Echolocation,/mnt/ubna_data_02_mir/recover-20220922/UBNA_001/20220921_090000.WAV,Telephone Field,recover-20220922,001,1795
845.0165,845.0524,68437,81638,Rhinolophus ferrumequinum,0.021,0.021,-1,Echolocation,/mnt/ubna_data_02_mir/recover-20220922/UBNA_001/20220921_090000.WAV,Telephone Field,recover-20220922,001,1795
845.0355,845.0459,23750,29193,Nyctalus leisleri,0.012,0.025,-1,Echolocation,/mnt/ubna_data_02_mir/recover-20220922/UBNA_001/20220921_090000.WAV,Telephone Field,recover-20220922,001,1795
845.0605,845.0987,68437,82344,Rhinolophus ferrumequinum,0.028,0.028,-1,Echolocation,/mnt/ubna_data_02_mir/recover-20220922/UBNA_001/20220921_090000.WAV,Telephone Field,recover-20220922,001,1795
845.0645,845.0738,27187,36037,Eptesicus serotinus,0.01,0.023,-1,Echolocation,/mnt/ubna_data_02_mir/recover-20220922/UBNA_001/20220921_090000.WAV,Telephone Field,recover-20220922,001,1795
845.0865,845.1249,68437,82092,Rhinolophus ferrumequinum,0.022,0.022,-1,Echolocation,/mnt/ubna_data_02_mir/recover-20220922/UBNA_001/20220921_090000.WAV,Telephone Field,recover-20220922,001,1795
845.1065,845.1485,68437,82605,Rhinolophus ferrumequinum,0.028,0.028,-1,Echolocation,/mnt/ubna_data_02_mir/recover-20220922/UBNA_001/20220921_090000.WAV,Telephone Field,recover-20220922,001,1795
845.1215,845.1581,68437,81764,Rhinolophus ferrumequinum,0.023,0.023,-1,Echolocation,/mnt/ubna_data_02_mir/recover-20220922/UBNA_001/20220921_090000.WAV,Telephone Field,recover-20220922,001,1795
845.1315,845.17,68437,81873,Rhinolophus ferrumequinum,0.026,0.026,-1,Echolocation,/mnt/ubna_data_02_mir/recover-20220922/UBNA_001/20220921_090000.WAV,Telephone Field,recover-20220922,001,1795
845.1495,845.1943,68437,83149,Rhinolophus ferrumequinum,0.037,0.037,-1,Echolocation,/mnt/ubna_data_02_mir/recover-20220922/UBNA_001/20220921_090000.WAV,Telephone Field,recover-20220922,001,1795
845.2205,845.261,68437,82066,Rhinolophus ferrumequinum,0.025,0.025,-1,Echolocation,/mnt/ubna_data_02_mir/recover-20220922/UBNA_001/20220921_090000.WAV,Telephone Field,recover-20220922,001,1795
845.2255,845.235,22031,28377,Plecotus austriacus,0.01,0.026,-1,Echolocation,/mnt/ubna_data_02_mir/recover-20220922/UBNA_001/20220921_090000.WAV,Telephone Field,recover-20220922,001,1795
845.2305,845.2693,68437,81996,Rhinolophus ferrumequinum,0.021,0.021,-1,Echolocation,/mnt/ubna_data_02_mir/recover-20220922/UBNA_001/20220921_090000.WAV,Telephone Field,recover-20220922,001,1795
845.2825,845.3219,68437,82174,Rhinolophus ferrumequinum,0.025,0.025,-1,Echolocation,/mnt/ubna_data_02_mir/recover-20220922/UBNA_001/20220921_090000.WAV,Telephone Field,recover-20220922,001,1795
845.3155,845.3281,38359,41961,Pipistrellus nathusii,0.035,0.049,-1,Echolocation,/mnt/ubna_data_02_mir/recover-20220922/UBNA_001/20220921_090000.WAV,Telephone Field,recover-20220922,001,1795
845.3175,845.3554,68437,81721,Rhinolophus ferrumequinum,0.028,0.028,-1,Echolocation,/mnt/ubna_data_02_mir/recover-20220922/UBNA_001/20220921_090000.WAV,Telephone Field,recover-20220922,001,1795
845.3315,845.3687,68437,81993,Rhinolophus ferrumequinum,0.023,0.023,-1,Echolocation,/mnt/ubna_data_02_mir/recover-20220922/UBNA_001/20220921_090000.WAV,Telephone Field,recover-20220922,001,1795
845.3375,845.3736,68437,82226,Rhinolophus ferrumequinum,0.023,0.023,-1,Echolocation,/mnt/ubna_data_02_mir/recover-20220922/UBNA_001/20220921_090000.WAV,Telephone Field,recover-20220922,001,1795
845.3595,845.3968,68437,81672,Rhinolophus ferrumequinum,0.023,0.024,-1,Echolocation,/mnt/ubna_data_02_mir/recover-20220922/UBNA_001/20220921_090000.WAV,Telephone Field,recover-20220922,001,1795
845.3895,845.43,68437,82655,Rhinolophus ferrumequinum,0.022,0.022,-1,Echolocation,/mnt/ubna_data_02_mir/recover-20220922/UBNA_001/20220921_090000.WAV,Telephone Field,recover-20220922,001,1795
845.4145,845.4555,68437,82042,Rhinolophus ferrumequinum,0.023,0.023,-1,Echolocation,/mnt/ubna_data_02_mir/recover-20220922/UBNA_001/20220921_090000.WAV,Telephone Field,recover-20220922,001,1795
845.4355,845.4713,68437,81390,Rhinolophus ferrumequinum,0.023,0.023,-1,Echolocation,/mnt/ubna_data_02_mir/recover-20220922/UBNA_001/20220921_090000.WAV,Telephone Field,recover-20220922,001,1795
845.4695,845.5113,68437,83073,Rhinolophus ferrumequinum,0.044,0.044,-1,Echolocation,/mnt/ubna_data_02_mir/recover-20220922/UBNA_001/20220921_090000.WAV,Telephone Field,recover-20220922,001,1795
845.5015,845.5354,68437,80935,Rhinolophus ferrumequinum,0.022,0.022,-1,Echolocation,/mnt/ubna_data_02_mir/recover-20220922/UBNA_001/20220921_090000.WAV,Telephone Field,recover-20220922,001,1795
845.5115,845.5491,68437,81578,Rhinolophus ferrumequinum,0.022,0.022,-1,Echolocation,/mnt/ubna_data_02_mir/recover-20220922/UBNA_001/20220921_090000.WAV,Telephone Field,recover-20220922,001,1795
845.5355,845.5742,68437,82370,Rhinolophus ferrumequinum,0.03,0.03,-1,Echolocation,/mnt/ubna_data_02_mir/recover-20220922/UBNA_001/20220921_090000.WAV,Telephone Field,recover-20220922,001,1795
845.5645,845.6048,68437,82196,Rhinolophus ferrumequinum,0.025,0.025,-1,Echolocation,/mnt/ubna_data_02_mir/recover-20220922/UBNA_001/20220921_090000.WAV,Telephone Field,recover-20220922,001,1795
845.5915,845.6323,68437,82665,Rhinolophus ferrumequinum,0.036,0.036,-1,Echolocation,/mnt/ubna_data_02_mir/recover-20220922/UBNA_001/20220921_090000.WAV,Telephone Field,recover-20220922,001,1795
845.5915,845.6007,28906,41203,Eptesicus serotinus,0.01,0.024,-1,Echolocation,/mnt/ubna_data_02_mir/recover-20220922/UBNA_001/20220921_090000.WAV,Telephone Field,recover-20220922,001,1795
845.6155,845.6546,68437,82621,Rhinolophus ferrumequinum,0.026,0.026,-1,Echolocation,/mnt/ubna_data_02_mir/recover-20220922/UBNA_001/20220921_090000.WAV,Telephone Field,recover-20220922,001,1795
845.6595,845.695,68437,81500,Rhinolophus ferrumequinum,0.023,0.023,-1,Echolocation,/mnt/ubna_data_02_mir/recover-20220922/UBNA_001/20220921_090000.WAV,Telephone Field,recover-20220922,001,1795
845.6785,845.7169,68437,82120,Rhinolophus ferrumequinum,0.026,0.027,-1,Echolocation,/mnt/ubna_data_02_mir/recover-20220922/UBNA_001/20220921_090000.WAV,Telephone Field,recover-20220922,001,1795
845.6805,845.6895,28906,37465,Eptesicus serotinus,0.008,0.022,-1,Echolocation,/mnt/ubna_data_02_mir/recover-20220922/UBNA_001/20220921_090000.WAV,Telephone Field,recover-20220922,001,1795
845.7315,845.7461,29765,34918,Eptesicus serotinus,0.04,0.063,-1,Echolocation,/mnt/ubna_data_02_mir/recover-20220922/UBNA_001/20220921_090000.WAV,Telephone Field,recover-20220922,001,1795
845.7525,845.7876,68437,81125,Rhinolophus ferrumequinum,0.023,0.023,-1,Echolocation,/mnt/ubna_data_02_mir/recover-20220922/UBNA_001/20220921_090000.WAV,Telephone Field,recover-20220922,001,1795
845.7805,845.8159,68437,81044,Rhinolophus ferrumequinum,0.022,0.022,-1,Echolocation,/mnt/ubna_data_02_mir/recover-20220922/UBNA_001/20220921_090000.WAV,Telephone Field,recover-20220922,001,1795
845.7905,845.8269,68437,81391,Rhinolophus ferrumequinum,0.023,0.023,-1,Echolocation,/mnt/ubna_data_02_mir/recover-20220922/UBNA_001/20220921_090000.WAV,Telephone Field,recover-20220922,001,1795
845.8125,845.8518,68437,82420,Rhinolophus ferrumequinum,0.031,0.031,-1,Echolocation,/mnt/ubna_data_02_mir/recover-20220922/UBNA_001/20220921_090000.WAV,Telephone Field,recover-20220922,001,1795
845.8255,845.8345,27187,35409,Eptesicus serotinus,0.014,0.031,-1,Echolocation,/mnt/ubna_data_02_mir/recover-20220922/UBNA_001/20220921_090000.WAV,Telephone Field,recover-20220922,001,1795
845.8665,845.9047,68437,81937,Rhinolophus ferrumequinum,0.023,0.023,-1,Echolocation,/mnt/ubna_data_02_mir/recover-20220922/UBNA_001/20220921_090000.WAV,Telephone Field,recover-20220922,001,1795
845.8825,845.8923,24609,32529,Nyctalus leisleri,0.008,0.024,-1,Echolocation,/mnt/ubna_data_02_mir/recover-20220922/UBNA_001/20220921_090000.WAV,Telephone Field,recover-20220922,001,1795
845.8895,845.9285,68437,82737,Rhinolophus ferrumequinum,0.022,0.022,-1,Echolocation,/mnt/ubna_data_02_mir/recover-20220922/UBNA_001/20220921_090000.WAV,Telephone Field,recover-20220922,001,1795
845.9015,845.9408,68437,82514,Rhinolophus ferrumequinum,0.029,0.029,-1,Echolocation,/mnt/ubna_data_02_mir/recover-20220922/UBNA_001/20220921_090000.WAV,Telephone Field,recover-20220922,001,1795
845.9025,845.9256,18593,21367,Nyctalus noctula,0.031,0.056,-1,Echolocation,/mnt/ubna_data_02_mir/recover-20220922/UBNA_001/20220921_090000.WAV,Telephone Field,recover-20220922,001,1795
845.9385,845.9741,68437,81348,Rhinolophus ferrumequinum,0.024,0.024,-1,Echolocation,/mnt/ubna_data_02_mir/recover-20220922/UBNA_001/20220921_090000.WAV,Telephone Field,recover-20220922,001,1795
845.9485,845.985,68437,81731,Rhinolophus ferrumequinum,0.023,0.023,-1,Echolocation,/mnt/ubna_data_02_mir/recover-20220922/UBNA_001/20220921_090000.WAV,Telephone Field,recover-20220922,001,1795
846.0015,846.0348,68437,80016,Rhinolophus ferrumequinum,0.037,0.037,-1,Echolocation,/mnt/ubna_data_02_mir/recover-20220922/UBNA_001/20220921_090000.WAV,Telephone Field,recover-20220922,001,1795
846.0015,846.0099,22890,30487,Nyctalus leisleri,0.01,0.03,-1,Echolocation,/mnt/ubna_data_02_mir/recover-20220922/UBNA_001/20220921_090000.WAV,Telephone Field,recover-20220922,001,1795
846.0015,846.0102,46953,52879,Pipistrellus pipistrellus,0.016,0.023,-1,Echolocation,/mnt/ubna_data_02_mir/recover-20220922/UBNA_001/20220921_090000.WAV,Telephone Field,recover-20220922,001,1795
846.0245,846.0647,68437,82442,Rhinolophus ferrumequinum,0.022,0.022,-1,Echolocation,/mnt/ubna_data_02_mir/recover-20220922/UBNA_001/20220921_090000.WAV,Telephone Field,recover-20220922,001,1795
846.0755,846.1135,68437,81375,Rhinolophus ferrumequinum,0.023,0.023,-1,Echolocation,/mnt/ubna_data_02_mir/recover-20220922/UBNA_001/20220921_090000.WAV,Telephone Field,recover-20220922,001,1795
846.0945,846.1327,68437,81691,Rhinolophus ferrumequinum,0.03,0.03,-1,Echolocation,/mnt/ubna_data_02_mir/recover-20220922/UBNA_001/20220921_090000.WAV,Telephone Field,recover-20220922,001,1795
846.0965,846.1065,28046,36440,Eptesicus serotinus,0.008,0.02,-1,Echolocation,/mnt/ubna_data_02_mir/recover-20220922/UBNA_001/20220921_090000.WAV,Telephone Field,recover-20220922,001,1795
846.1325,846.1753,68437,83028,Rhinolophus ferrumequinum,0.031,0.031,-1,Echolocation,/mnt/ubna_data_02_mir/recover-20220922/UBNA_001/20220921_090000.WAV,Telephone Field,recover-20220922,001,1795
846.1605,846.169,28906,38421,Eptesicus serotinus,0.008,0.022,-1,Echolocation,/mnt/ubna_data_02_mir/recover-20220922/UBNA_001/20220921_090000.WAV,Telephone Field,recover-20220922,001,1795
846.1645,846.2041,68437,82518,Rhinolophus ferrumequinum,0.022,0.022,-1,Echolocation,/mnt/ubna_data_02_mir/recover-20220922/UBNA_001/20220921_090000.WAV,Telephone Field,recover-20220922,001,1795
846.2105,846.248,68437,81848,Rhinolophus ferrumequinum,0.021,0.021,-1,Echolocation,/mnt/ubna_data_02_mir/recover-20220922/UBNA_001/20220921_090000.WAV,Telephone Field,recover-20220922,001,1795
846.2185,846.2279,24609,31986,Nyctalus leisleri,0.008,0.026,-1,Echolocation,/mnt/ubna_data_02_mir/recover-20220922/UBNA_001/20220921_090000.WAV,Telephone Field,recover-20220922,001,1795
846.2475,846.2559,23750,32691,Plecotus austriacus,0.012,0.032,-1,Echolocation,/mnt/ubna_data_02_mir/recover-20220922/UBNA_001/20220921_090000.WAV,Telephone Field,recover-20220922,001,1795
846.3005,846.3088,27187,36275,Eptesicus serotinus,0.011,0.026,-1,Echolocation,/mnt/ubna_data_02_mir/recover-20220922/UBNA_001/20220921_090000.WAV,Telephone Field,recover-20220922,001,1795
846.3225,846.361,68437,81362,Rhinolophus ferrumequinum,0.021,0.021,-1,Echolocation,/mnt/ubna_data_02_mir/recover-20220922/UBNA_001/20220921_090000.WAV,Telephone Field,recover-20220922,001,1795
846.3305,846.3703,68437,82006,Rhinolophus ferrumequinum,0.022,0.022,-1,Echolocation,/mnt/ubna_data_02_mir/recover-20220922/UBNA_001/20220921_090000.WAV,Telephone Field,recover-20220922,001,1795
846.3395,846.3794,68437,82445,Rhinolophus ferrumequinum,0.02,0.021,-1,Echolocation,/mnt/ubna_data_02_mir/recover-20220922/UBNA_001/20220921_090000.WAV,Telephone Field,recover-20220922,001,1795
846.3575,846.3959,68437,81664,Rhinolophus ferrumequinum,0.022,0.022,-1,Echolocation,/mnt/ubna_data_02_mir/recover-20220922/UBNA_001/20220921_090000.WAV,Telephone Field,recover-20220922,001,1795
846.4335,846.4726,68437,82180,Rhinolophus ferrumequinum,0.022,0.022,-1,Echolocation,/mnt/ubna_data_02_mir/recover-20220922/UBNA_001/20220921_090000.WAV,Telephone Field,recover-20220922,001,1795
846.4355,846.4407,41796,58668,Myotis mystacinus,0.009,0.022,-1,Echolocation,/mnt/ubna_data_02_mir/recover-20220922/UBNA_001/20220921_090000.WAV,Telephone Field,recover-20220922,001,1795
846.4465,846.4591,24609,31145,Nyctalus leisleri,0.009,0.024,-1,Echolocation,/mnt/ubna_data_02_mir/recover-20220922/UBNA_001/20220921_090000.WAV,Telephone Field,recover-20220922,001,1795
846.4625,846.4767,22890,27185,Nyctalus leisleri,0.018,0.031,-1,Echolocation,/mnt/ubna_data_02_mir/recover-20220922/UBNA_001/20220921_090000.WAV,Telephone Field,recover-20220922,001,1795
846.4655,846.5028,68437,81630,Rhinolophus ferrumequinum,0.022,0.022,-1,Echolocation,/mnt/ubna_data_02_mir/recover-20220922/UBNA_001/20220921_090000.WAV,Telephone Field,recover-20220922,001,1795
846.4715,846.4786,28046,38372,Eptesicus serotinus,0.006,0.021,-1,Echolocation,/mnt/ubna_data_02_mir/recover-20220922/UBNA_001/20220921_090000.WAV,Telephone Field,recover-20220922,001,1795
846.4915,846.5305,68437,82140,Rhinolophus ferrumequinum,0.021,0.021,-1,Echolocation,/mnt/ubna_data_02_mir/recover-20220922/UBNA_001/20220921_090000.WAV,Telephone Field,recover-20220922,001,1795
846.5045,846.5422,68437,82169,Rhinolophus ferrumequinum,0.023,0.023,-1,Echolocation,/mnt/ubna_data_02_mir/recover-20220922/UBNA_001/20220921_090000.WAV,Telephone Field,recover-20220922,001,1795
846.5145,846.5565,68437,82788,Rhinolophus ferrumequinum,0.022,0.022,-1,Echolocation,/mnt/ubna_data_02_mir/recover-20220922/UBNA_001/20220921_090000.WAV,Telephone Field,recover-20220922,001,1795
846.5215,846.5615,68437,82224,Rhinolophus ferrumequinum,0.022,0.022,-1,Echolocation,/mnt/ubna_data_02_mir/recover-20220922/UBNA_001/20220921_090000.WAV,Telephone Field,recover-20220922,001,1795
846.5495,846.587,68437,81031,Rhinolophus ferrumequinum,0.026,0.026,-1,Echolocation,/mnt/ubna_data_02_mir/recover-20220922/UBNA_001/20220921_090000.WAV,Telephone Field,recover-20220922,001,1795
846.5925,846.634,68437,82462,Rhinolophus ferrumequinum,0.032,0.032,-1,Echolocation,/mnt/ubna_data_02_mir/recover-20220922/UBNA_001/20220921_090000.WAV,Telephone Field,recover-20220922,001,1795
846.6045,846.6124,45234,53060,Pipistrellus pipistrellus,0.017,0.027,-1,Echolocation,/mnt/ubna_data_02_mir/recover-20220922/UBNA_001/20220921_090000.WAV,Telephone Field,recover-20220922,001,1795
846.6315,846.6692,68437,81672,Rhinolophus ferrumequinum,0.021,0.021,-1,Echolocation,/mnt/ubna_data_02_mir/recover-20220922/UBNA_001/20220921_090000.WAV,Telephone Field,recover-20220922,001,1795
846.6405,846.6471,28046,42063,Eptesicus serotinus,0.006,0.022,-1,Echolocation,/mnt/ubna_data_02_mir/recover-20220922/UBNA_001/20220921_090000.WAV,Telephone Field,recover-20220922,001,1795
846.6545,846.6953,68437,82450,Rhinolophus ferrumequinum,0.026,0.026,-1,Echolocation,/mnt/ubna_data_02_mir/recover-20220922/UBNA_001/20220921_090000.WAV,Telephone Field,recover-20220922,001,1795
846.6605,846.701,68437,82661,Rhinolophus ferrumequinum,0.025,0.025,-1,Echolocation,/mnt/ubna_data_02_mir/recover-20220922/UBNA_001/20220921_090000.WAV,Telephone Field,recover-20220922,001,1795
846.6635,846.6736,24609,31667,Nyctalus leisleri,0.012,0.036,-1,Echolocation,/mnt/ubna_data_02_mir/recover-20220922/UBNA_001/20220921_090000.WAV,Telephone Field,recover-20220922,001,1795
846.6805,846.7185,68437,82278,Rhinolophus ferrumequinum,0.029,0.029,-1,Echolocation,/mnt/ubna_data_02_mir/recover-20220922/UBNA_001/20220921_090000.WAV,Telephone Field,recover-20220922,001,1795
846.7065,846.7464,68437,82825,Rhinolophus ferrumequinum,0.027,0.027,-1,Echolocation,/mnt/ubna_data_02_mir/recover-20220922/UBNA_001/20220921_090000.WAV,Telephone Field,recover-20220922,001,1795
846.7505,846.7862,68437,81176,Rhinolophus ferrumequinum,0.021,0.021,-1,Echolocation,/mnt/ubna_data_02_mir/recover-20220922/UBNA_001/20220921_090000.WAV,Telephone Field,recover-20220922,001,1795
846.8135,846.8223,28906,37725,Eptesicus serotinus,0.009,0.025,-1,Echolocation,/mnt/ubna_data_02_mir/recover-20220922/UBNA_001/20220921_090000.WAV,Telephone Field,recover-20220922,001,1795
846.8265,846.8669,68437,82455,Rhinolophus ferrumequinum,0.022,0.022,-1,Echolocation,/mnt/ubna_data_02_mir/recover-20220922/UBNA_001/20220921_090000.WAV,Telephone Field,recover-20220922,001,1795
846.8345,846.8438,24609,32354,Nyctalus leisleri,0.006,0.021,-1,Echolocation,/mnt/ubna_data_02_mir/recover-20220922/UBNA_001/20220921_090000.WAV,Telephone Field,recover-20220922,001,1795
846.8745,846.8854,22890,27994,Nyctalus leisleri,0.009,0.02,-1,Echolocation,/mnt/ubna_data_02_mir/recover-20220922/UBNA_001/20220921_090000.WAV,Telephone Field,recover-20220922,001,1795
846.8785,846.9166,68437,81547,Rhinolophus ferrumequinum,0.021,0.021,-1,Echolocation,/mnt/ubna_data_02_mir/recover-20220922/UBNA_001/20220921_090000.WAV,Telephone Field,recover-20220922,001,1795
846.8985,846.935,68437,82073,Rhinolophus ferrumequinum,0.021,0.022,-1,Echolocation,/mnt/ubna_data_02_mir/recover-20220922/UBNA_001/20220921_090000.WAV,Telephone Field,recover-20220922,001,1795
846.9205,846.959,68437,83072,Rhinolophus ferrumequinum,0.023,0.023,-1,Echolocation,/mnt/ubna_data_02_mir/recover-20220922/UBNA_001/20220921_090000.WAV,Telephone Field,recover-20220922,001,1795
846.9555,846.964,28906,38482,Eptesicus serotinus,0.008,0.024,-1,Echolocation,/mnt/ubna_data_02_mir/recover-20220922/UBNA_001/20220921_090000.WAV,Telephone Field,recover-20220922,001,1795
846.9665,847.003,68437,81192,Rhinolophus ferrumequinum,0.021,0.021,-1,Echolocation,/mnt/ubna_data_02_mir/recover-20220922/UBNA_001/20220921_090000.WAV,Telephone Field,recover-20220922,001,1795
847.0015,847.0401,68437,82315,Rhinolophus ferrumequinum,0.021,0.021,-1,Echolocation,/mnt/ubna_data_02_mir/recover-20220922/UBNA_001/20220921_090000.WAV,Telephone Field,recover-20220922,001,1795
847.0145,847.0247,28046,36418,Eptesicus serotinus,0.01,0.023,-1,Echolocation,/mnt/ubna_data_02_mir/recover-20220922/UBNA_001/20220921_090000.WAV,Telephone Field,recover-20220922,001,1795
847.0245,847.0351,23750,29820,Nyctalus leisleri,0.008,0.021,-1,Echolocation,/mnt/ubna_data_02_mir/recover-20220922/UBNA_001/20220921_090000.WAV,Telephone Field,recover-20220922,001,1795
847.0465,847.0884,68437,82144,Rhinolophus ferrumequinum,0.025,0.025,-1,Echolocation,/mnt/ubna_data_02_mir/recover-20220922/UBNA_001/20220921_090000.WAV,Telephone Field,recover-20220922,001,1795
847.0885,847.0958,27187,38784,Eptesicus serotinus,0.006,0.021,-1,Echolocation,/mnt/ubna_data_02_mir/recover-20220922/UBNA_001/20220921_090000.WAV,Telephone Field,recover-20220922,001,1795
847.1085,847.1478,68437,81653,Rhinolophus ferrumequinum,0.021,0.021,-1,Echolocation,/mnt/ubna_data_02_mir/recover-20220922/UBNA_001/20220921_090000.WAV,Telephone Field,recover-20220922,001,1795
847.1565,847.1976,68437,82195,Rhinolophus ferrumequinum,0.022,0.022,-1,Echolocation,/mnt/ubna_data_02_mir/recover-20220922/UBNA_001/20220921_090000.WAV,Telephone Field,recover-20220922,001,1795
847.1615,847.1991,68437,81880,Rhinolophus ferrumequinum,0.022,0.022,-1,Echolocation,/mnt/ubna_data_02_mir/recover-20220922/UBNA_001/20220921_090000.WAV,Telephone Field,recover-20220922,001,1795
847.1995,847.2369,68437,81335,Rhinolophus ferrumequinum,0.021,0.021,-1,Echolocation,/mnt/ubna_data_02_mir/recover-20220922/UBNA_001/20220921_090000.WAV,Telephone Field,recover-20220922,001,1795
847.2045,847.2446,68437,81217,Rhinolophus ferrumequinum,0.021,0.022,-1,Echolocation,/mnt/ubna_data_02_mir/recover-20220922/UBNA_001/20220921_090000.WAV,Telephone Field,recover-20220922,001,1795
847.2715,847.306,68437,81241,Rhinolophus ferrumequinum,0.02,0.02,-1,Echolocation,/mnt/ubna_data_02_mir/recover-20220922/UBNA_001/20220921_090000.WAV,Telephone Field,recover-20220922,001,1795
847.2715,847.2797,28906,38930,Eptesicus serotinus,0.008,0.025,-1,Echolocation,/mnt/ubna_data_02_mir/recover-20220922/UBNA_001/20220921_090000.WAV,Telephone Field,recover-20220922,001,1795
847.3225,847.3317,28046,37275,Eptesicus serotinus,0.008,0.02,-1,Echolocation,/mnt/ubna_data_02_mir/recover-20220922/UBNA_001/20220921_090000.WAV,Telephone Field,recover-20220922,001,1795
847.3295,847.3669,68437,81989,Rhinolophus ferrumequinum,0.02,0.02,-1,Echolocation,/mnt/ubna_data_02_mir/recover-20220922/UBNA_001/20220921_090000.WAV,Telephone Field,recover-20220922,001,1795
847.3545,847.3737,20312,23205,Nyctalus leisleri,0.012,0.02,-1,Echolocation,/mnt/ubna_data_02_mir/recover-20220922/UBNA_001/20220921_090000.WAV,Telephone Field,recover-20220922,001,1795
847.3595,847.3976,68437,82186,Rhinolophus ferrumequinum,0.021,0.021,-1,Echolocation,/mnt/ubna_data_02_mir/recover-20220922/UBNA_001/20220921_090000.WAV,Telephone Field,recover-20220922,001,1795
847.3915,847.4312,68437,82455,Rhinolophus ferrumequinum,0.021,0.021,-1,Echolocation,/mnt/ubna_data_02_mir/recover-20220922/UBNA_001/20220921_090000.WAV,Telephone Field,recover-20220922,001,1795
847.4045,847.4123,29765,38541,Eptesicus serotinus,0.008,0.025,-1,Echolocation,/mnt/ubna_data_02_mir/recover-20220922/UBNA_001/20220921_090000.WAV,Telephone Field,recover-20220922,001,1795
847.4155,847.4544,68437,82073,Rhinolophus ferrumequinum,0.021,0.021,-1,Echolocation,/mnt/ubna_data_02_mir/recover-20220922/UBNA_001/20220921_090000.WAV,Telephone Field,recover-20220922,001,1795
847.4395,847.4468,26328,39088,Eptesicus serotinus,0.007,0.023,-1,Echolocation,/mnt/ubna_data_02_mir/recover-20220922/UBNA_001/20220921_090000.WAV,Telephone Field,recover-20220922,001,1795
847.4525,847.487,68437,81364,Rhinolophus ferrumequinum,0.02,0.021,-1,Echolocation,/mnt/ubna_data_02_mir/recover-20220922/UBNA_001/20220921_090000.WAV,Telephone Field,recover-20220922,001,1795
847.4765,847.4859,22890,29444,Nyctalus leisleri,0.007,0.022,-1,Echolocation,/mnt/ubna_data_02_mir/recover-20220922/UBNA_001/20220921_090000.WAV,Telephone Field,recover-20220922,001,1795
847.4975,847.5099,23750,28519,Nyctalus leisleri,0.011,0.022,-1,Echolocation,/mnt/ubna_data_02_mir/recover-20220922/UBNA_001/20220921_090000.WAV,Telephone Field,recover-20220922,001,1795
847.5045,847.5438,68437,82072,Rhinolophus ferrumequinum,0.025,0.025,-1,Echolocation,/mnt/ubna_data_02_mir/recover-20220922/UBNA_001/20220921_090000.WAV,Telephone Field,recover-20220922,001,1795
847.5195,847.5619,68437,82912,Rhinolophus ferrumequinum,0.025,0.025,-1,Echolocation,/mnt/ubna_data_02_mir/recover-20220922/UBNA_001/20220921_090000.WAV,Telephone Field,recover-20220922,001,1795
847.5585,847.5977,68437,81918,Rhinolophus ferrumequinum,0.02,0.021,-1,Echolocation,/mnt/ubna_data_02_mir/recover-20220922/UBNA_001/20220921_090000.WAV,Telephone Field,recover-20220922,001,1795
847.5615,847.572,23750,28713,Nyctalus leisleri,0.011,0.023,-1,Echolocation,/mnt/ubna_data_02_mir/recover-20220922/UBNA_001/20220921_090000.WAV,Telephone Field,recover-20220922,001,1795
847.6035,847.6437,68437,82897,Rhinolophus ferrumequinum,0.026,0.026,-1,Echolocation,/mnt/ubna_data_02_mir/recover-20220922/UBNA_001/20220921_090000.WAV,Telephone Field,recover-20220922,001,1795
847.6565,847.6945,68437,81957,Rhinolophus ferrumequinum,0.021,0.021,-1,Echolocation,/mnt/ubna_data_02_mir/recover-20220922/UBNA_001/20220921_090000.WAV,Telephone Field,recover-20220922,001,1795
847.6675,847.6826,22031,26044,Nyctalus leisleri,0.012,0.021,-1,Echolocation,/mnt/ubna_data_02_mir/recover-20220922/UBNA_001/20220921_090000.WAV,Telephone Field,recover-20220922,001,1795
847.6745,847.6863,22031,26480,Nyctalus leisleri,0.012,0.021,-1,Echolocation,/mnt/ubna_data_02_mir/recover-20220922/UBNA_001/20220921_090000.WAV,Telephone Field,recover-20220922,001,1795
847.6995,847.7065,27187,37252,Eptesicus serotinus,0.008,0.026,-1,Echolocation,/mnt/ubna_data_02_mir/recover-20220922/UBNA_001/20220921_090000.WAV,Telephone Field,recover-20220922,001,1795
847.7025,847.7426,68437,82398,Rhinolophus ferrumequinum,0.026,0.026,-1,Echolocation,/mnt/ubna_data_02_mir/recover-20220922/UBNA_001/20220921_090000.WAV,Telephone Field,recover-20220922,001,1795
847.7115,847.7507,68437,81981,Rhinolophus ferrumequinum,0.024,0.025,-1,Echolocation,/mnt/ubna_data_02_mir/recover-20220922/UBNA_001/20220921_090000.WAV,Telephone Field,recover-20220922,001,1795
847.7185,847.7558,68437,81948,Rhinolophus ferrumequinum,0.02,0.02,-1,Echolocation,/mnt/ubna_data_02_mir/recover-20220922/UBNA_001/20220921_090000.WAV,Telephone Field,recover-20220922,001,1795
847.7475,847.7926,68437,83090,Rhinolophus ferrumequinum,0.033,0.033,-1,Echolocation,/mnt/ubna_data_02_mir/recover-20220922/UBNA_001/20220921_090000.WAV,Telephone Field,recover-20220922,001,1795
847.7825,847.7916,28906,36743,Eptesicus serotinus,0.007,0.02,-1,Echolocation,/mnt/ubna_data_02_mir/recover-20220922/UBNA_001/20220921_090000.WAV,Telephone Field,recover-20220922,001,1795
847.8005,847.8408,68437,81856,Rhinolophus ferrumequinum,0.024,0.024,-1,Echolocation,/mnt/ubna_data_02_mir/recover-20220922/UBNA_001/20220921_090000.WAV,Telephone Field,recover-20220922,001,1795
847.8185,847.8272,28046,37149,Eptesicus serotinus,0.009,0.022,-1,Echolocation,/mnt/ubna_data_02_mir/recover-20220922/UBNA_001/20220921_090000.WAV,Telephone Field,recover-20220922,001,1795
847.8255,847.8628,68437,82241,Rhinolophus ferrumequinum,0.023,0.023,-1,Echolocation,/mnt/ubna_data_02_mir/recover-20220922/UBNA_001/20220921_090000.WAV,Telephone Field,recover-20220922,001,1795
847.8315,847.8442,23750,29065,Nyctalus leisleri,0.014,0.029,-1,Echolocation,/mnt/ubna_data_02_mir/recover-20220922/UBNA_001/20220921_090000.WAV,Telephone Field,recover-20220922,001,1795
847.8575,847.894,68437,81789,Rhinolophus ferrumequinum,0.022,0.022,-1,Echolocation,/mnt/ubna_data_02_mir/recover-20220922/UBNA_001/20220921_090000.WAV,Telephone Field,recover-20220922,001,1795
847.9035,847.9431,68437,82345,Rhinolophus ferrumequinum,0.024,0.024,-1,Echolocation,/mnt/ubna_data_02_mir/recover-20220922/UBNA_001/20220921_090000.WAV,Telephone Field,recover-20220922,001,1795
847.9135,847.9513,68437,81887,Rhinolophus ferrumequinum,0.021,0.021,-1,Echolocation,/mnt/ubna_data_02_mir/recover-20220922/UBNA_001/20220921_090000.WAV,Telephone Field,recover-20220922,001,1795
847.9545,847.9963,68437,83191,Rhinolophus ferrumequinum,0.024,0.024,-1,Echolocation,/mnt/ubna_data_02_mir/recover-20220922/UBNA_001/20220921_090000.WAV,Telephone Field,recover-20220922,001,1795
847.9855,847.9963,22031,27161,Nyctalus leisleri,0.009,0.021,-1,Echolocation,/mnt/ubna_data_02_mir/recover-20220922/UBNA_001/20220921_090000.WAV,Telephone Field,recover-20220922,001,1795
848.0015,848.0111,22031,27479,Nyctalus leisleri,0.013,0.029,-1,Echolocation,/mnt/ubna_data_02_mir/recover-20220922/UBNA_001/20220921_090000.WAV,Telephone Field,recover-20220922,001,1795
848.0015,848.0328,68437,79891,Rhinolophus ferrumequinum,0.038,0.039,-1,Echolocation,/mnt/ubna_data_02_mir/recover-20220922/UBNA_001/20220921_090000.WAV,Telephone Field,recover-20220922,001,1795
848.0165,848.0561,68437,82045,Rhinolophus ferrumequinum,0.032,0.032,-1,Echolocation,/mnt/ubna_data_02_mir/recover-20220922/UBNA_001/20220921_090000.WAV,Telephone Field,recover-20220922,001,1795
848.0495,848.0593,22031,27398,Nyctalus leisleri,0.009,0.022,-1,Echolocation,/mnt/ubna_data_02_mir/recover-20220922/UBNA_001/20220921_090000.WAV,Telephone Field,recover-20220922,001,1795
848.0605,848.1028,68437,83080,Rhinolophus ferrumequinum,0.026,0.026,-1,Echolocation,/mnt/ubna_data_02_mir/recover-20220922/UBNA_001/20220921_090000.WAV,Telephone Field,recover-20220922,001,1795
848.0955,848.1355,68437,81996,Rhinolophus ferrumequinum,0.022,0.023,-1,Echolocation,/mnt/ubna_data_02_mir/recover-20220922/UBNA_001/20220921_090000.WAV,Telephone Field,recover-20220922,001,1795
848.1265,848.1335,23750,32559,Plecotus austriacus,0.014,0.03,-1,Echolocation,/mnt/ubna_data_02_mir/recover-20220922/UBNA_001/20220921_090000.WAV,Telephone Field,recover-20220922,001,1795
848.1585,848.1947,68437,82022,Rhinolophus ferrumequinum,0.024,0.024,-1,Echolocation,/mnt/ubna_data_02_mir/recover-20220922/UBNA_001/20220921_090000.WAV,Telephone Field,recover-20220922,001,1795
848.1835,848.1947,22031,26340,Nyctalus leisleri,0.011,0.021,-1,Echolocation,/mnt/ubna_data_02_mir/recover-20220922/UBNA_001/20220921_090000.WAV,Telephone Field,recover-20220922,001,1795
848.2115,848.252,68437,82209,Rhinolophus ferrumequinum,0.026,0.026,-1,Echolocation,/mnt/ubna_data_02_mir/recover-20220922/UBNA_001/20220921_090000.WAV,Telephone Field,recover-20220922,001,1795
848.2185,848.2592,68437,82560,Rhinolophus ferrumequinum,0.025,0.025,-1,Echolocation,/mnt/ubna_data_02_mir/recover-20220922/UBNA_001/20220921_090000.WAV,Telephone Field,recover-20220922,001,1795
848.2435,848.283,68437,80937,Rhinolophus ferrumequinum,0.036,0.036,-1,Echolocation,/mnt/ubna_data_02_mir/recover-20220922/UBNA_001/20220921_090000.WAV,Telephone Field,recover-20220922,001,1795
848.2645,848.2753,22890,27963,Nyctalus leisleri,0.011,0.023,-1,Echolocation,/mnt/ubna_data_02_mir/recover-20220922/UBNA_001/20220921_090000.WAV,Telephone Field,recover-20220922,001,1795
848.2645,848.3029,68437,82300,Rhinolophus ferrumequinum,0.023,0.023,-1,Echolocation,/mnt/ubna_data_02_mir/recover-20220922/UBNA_001/20220921_090000.WAV,Telephone Field,recover-20220922,001,1795
848.2755,848.3103,68437,81109,Rhinolophus ferrumequinum,0.022,0.022,-1,Echolocation,/mnt/ubna_data_02_mir/recover-20220922/UBNA_001/20220921_090000.WAV,Telephone Field,recover-20220922,001,1795
848.2845,848.3245,68437,82377,Rhinolophus ferrumequinum,0.026,0.026,-1,Echolocation,/mnt/ubna_data_02_mir/recover-20220922/UBNA_001/20220921_090000.WAV,Telephone Field,recover-20220922,001,1795
848.2965,848.3055,26328,35743,Eptesicus serotinus,0.014,0.033,-1,Echolocation,/mnt/ubna_data_02_mir/recover-20220922/UBNA_001/20220921_090000.WAV,Telephone Field,recover-20220922,001,1795
848.2985,848.3405,68437,83420,Rhinolophus ferrumequinum,0.024,0.024,-1,Echolocation,/mnt/ubna_data_02_mir/recover-20220922/UBNA_001/20220921_090000.WAV,Telephone Field,recover-20220922,001,1795
848.3215,848.3638,68437,83190,Rhinolophus ferrumequinum,0.027,0.027,-1,Echolocation,/mnt/ubna_data_02_mir/recover-20220922/UBNA_001/20220921_090000.WAV,Telephone Field,recover-20220922,001,1795
848.3365,848.3486,37500,42097,Pipistrellus nathusii,0.021,0.034,-1,Echolocation,/mnt/ubna_data_02_mir/recover-20220922/UBNA_001/20220921_090000.WAV,Telephone Field,recover-20220922,001,1795
848.3595,848.3696,28046,35978,Eptesicus serotinus,0.008,0.022,-1,Echolocation,/mnt/ubna_data_02_mir/recover-20220922/UBNA_001/20220921_090000.WAV,Telephone Field,recover-20220922,001,1795
848.3645,848.4025,68437,82045,Rhinolophus ferrumequinum,0.023,0.023,-1,Echolocation,/mnt/ubna_data_02_mir/recover-20220922/UBNA_001/20220921_090000.WAV,Telephone Field,recover-20220922,001,1795
848.3655,848.3736,27187,44607,Eptesicus serotinus,0.006,0.022,-1,Echolocation,/mnt/ubna_data_02_mir/recover-20220922/UBNA_001/20220921_090000.WAV,Telephone Field,recover-20220922,001,1795
848.3685,848.3766,45234,51888,Pipistrellus pipistrellus,0.018,0.026,-1,Echolocation,/mnt/ubna_data_02_mir/recover-20220922/UBNA_001/20220921_090000.WAV,Telephone Field,recover-20220922,001,1795
848.3815,848.4222,68437,82031,Rhinolophus ferrumequinum,0.023,0.023,-1,Echolocation,/mnt/ubna_data_02_mir/recover-20220922/UBNA_001/20220921_090000.WAV,Telephone Field,recover-20220922,001,1795
848.3885,848.4254,68437,81450,Rhinolophus ferrumequinum,0.022,0.023,-1,Echolocation,/mnt/ubna_data_02_mir/recover-20220922/UBNA_001/20220921_090000.WAV,Telephone Field,recover-20220922,001,1795
848.4005,848.409,28906,37276,Eptesicus serotinus,0.006,0.022,-1,Echolocation,/mnt/ubna_data_02_mir/recover-20220922/UBNA_001/20220921_090000.WAV,Telephone Field,recover-20220922,001,1795
848.4325,848.4733,68437,82491,Rhinolophus ferrumequinum,0.03,0.03,-1,Echolocation,/mnt/ubna_data_02_mir/recover-20220922/UBNA_001/20220921_090000.WAV,Telephone Field,recover-20220922,001,1795
848.4395,848.4493,24609,31280,Nyctalus leisleri,0.01,0.026,-1,Echolocation,/mnt/ubna_data_02_mir/recover-20220922/UBNA_001/20220921_090000.WAV,Telephone Field,recover-20220922,001,1795
848.4515,848.4915,68437,82251,Rhinolophus ferrumequinum,0.024,0.024,-1,Echolocation,/mnt/ubna_data_02_mir/recover-20220922/UBNA_001/20220921_090000.WAV,Telephone Field,recover-20220922,001,1795
848.4675,848.4761,27187,38982,Eptesicus serotinus,0.008,0.025,-1,Echolocation,/mnt/ubna_data_02_mir/recover-20220922/UBNA_001/20220921_090000.WAV,Telephone Field,recover-20220922,001,1795
848.4685,848.511,68437,82123,Rhinolophus ferrumequinum,0.029,0.029,-1,Echolocation,/mnt/ubna_data_02_mir/recover-20220922/UBNA_001/20220921_090000.WAV,Telephone Field,recover-20220922,001,1795
848.4735,848.4827,51250,56460,Pipistrellus pipistrellus,0.018,0.023,-1,Echolocation,/mnt/ubna_data_02_mir/recover-20220922/UBNA_001/20220921_090000.WAV,Telephone Field,recover-20220922,001,1795
848.5095,848.5184,26328,34563,Eptesicus serotinus,0.011,0.028,-1,Echolocation,/mnt/ubna_data_02_mir/recover-20220922/UBNA_001/20220921_090000.WAV,Telephone Field,recover-20220922,001,1795
848.5125,848.5482,68437,81764,Rhinolophus ferrumequinum,0.022,0.022,-1,Echolocation,/mnt/ubna_data_02_mir/recover-20220922/UBNA_001/20220921_090000.WAV,Telephone Field,recover-20220922,001,1795
848.5365,848.5738,68437,81543,Rhinolophus ferrumequinum,0.023,0.023,-1,Echolocation,/mnt/ubna_data_02_mir/recover-20220922/UBNA_001/20220921_090000.WAV,Telephone Field,recover-20220922,001,1795
848.5455,848.5839,68437,82125,Rhinolophus ferrumequinum,0.022,0.022,-1,Echolocation,/mnt/ubna_data_02_mir/recover-20220922/UBNA_001/20220921_090000.WAV,Telephone Field,recover-20220922,001,1795
848.5595,848.5965,68437,81754,Rhinolophus ferrumequinum,0.023,0.023,-1,Echolocation,/mnt/ubna_data_02_mir/recover-20220922/UBNA_001/20220921_090000.WAV,Telephone Field,recover-20220922,001,1795
848.6095,848.6188,25468,32910,Eptesicus serotinus,0.008,0.022,-1,Echolocation,/mnt/ubna_data_02_mir/recover-20220922/UBNA_001/20220921_090000.WAV,Telephone Field,recover-20220922,001,1795
848.6175,848.6587,68437,82313,Rhinolophus ferrumequinum,0.047,0.047,-1,Echolocation,/mnt/ubna_data_02_mir/recover-20220922/UBNA_001/20220921_090000.WAV,Telephone Field,recover-20220922,001,1795
848.6385,848.6481,28906,37761,Eptesicus serotinus,0.008,0.022,-1,Echolocation,/mnt/ubna_data_02_mir/recover-20220922/UBNA_001/20220921_090000.WAV,Telephone Field,recover-20220922,001,1795
848.6555,848.6896,68437,81240,Rhinolophus ferrumequinum,0.024,0.024,-1,Echolocation,/mnt/ubna_data_02_mir/recover-20220922/UBNA_001/20220921_090000.WAV,Telephone Field,recover-20220922,001,1795
848.6845,848.7258,68437,82780,Rhinolophus ferrumequinum,0.026,0.026,-1,Echolocation,/mnt/ubna_data_02_mir/recover-20220922/UBNA_001/20220921_090000.WAV,Telephone Field,recover-20220922,001,1795
848.7205,848.7606,68437,82769,Rhinolophus ferrumequinum,0.024,0.024,-1,Echolocation,/mnt/ubna_data_02_mir/recover-20220922/UBNA_001/20220921_090000.WAV,Telephone Field,recover-20220922,001,1795
848.7225,848.7316,27187,36042,Eptesicus serotinus,0.008,0.022,-1,Echolocation,/mnt/ubna_data_02_mir/recover-20220922/UBNA_001/20220921_090000.WAV,Telephone Field,recover-20220922,001,1795
848.7495,848.7888,68437,81687,Rhinolophus ferrumequinum,0.025,0.025,-1,Echolocation,/mnt/ubna_data_02_mir/recover-20220922/UBNA_001/20220921_090000.WAV,Telephone Field,recover-20220922,001,1795
848.7515,848.7579,51250,60783,Pipistrellus pipistrellus,0.016,0.022,-1,Echolocation,/mnt/ubna_data_02_mir/recover-20220922/UBNA_001/20220921_090000.WAV,Telephone Field,recover-20220922,001,1795
848.7535,848.7627,28046,38402,Eptesicus serotinus,0.009,0.023,-1,Echolocation,/mnt/ubna_data_02_mir/recover-20220922/UBNA_001/20220921_090000.WAV,Telephone Field,recover-20220922,001,1795
848.7835,848.7908,46953,59833,Pipistrellus pipistrellus,0.012,0.021,-1,Echolocation,/mnt/ubna_data_02_mir/recover-20220922/UBNA_001/20220921_090000.WAV,Telephone Field,recover-20220922,001,1795
848.8055,848.8484,68437,82031,Rhinolophus ferrumequinum,0.023,0.023,-1,Echolocation,/mnt/ubna_data_02_mir/recover-20220922/UBNA_001/20220921_090000.WAV,Telephone Field,recover-20220922,001,1795
848.8085,848.8155,34062,43574,Myotis daubentonii,0.009,0.024,-1,Echolocation,/mnt/ubna_data_02_mir/recover-20220922/UBNA_001/20220921_090000.WAV,Telephone Field,recover-20220922,001,1795
848.8105,848.818,24609,34705,Plecotus austriacus,0.014,0.036,-1,Echolocation,/mnt/ubna_data_02_mir/recover-20220922/UBNA_001/20220921_090000.WAV,Telephone Field,recover-20220922,001,1795
848.8125,848.8537,68437,82602,Rhinolophus ferrumequinum,0.022,0.022,-1,Echolocation,/mnt/ubna_data_02_mir/recover-20220922/UBNA_001/20220921_090000.WAV,Telephone Field,recover-20220922,001,1795
848.8305,848.8388,28046,39213,Eptesicus serotinus,0.008,0.024,-1,Echolocation,/mnt/ubna_data_02_mir/recover-20220922/UBNA_001/20220921_090000.WAV,Telephone Field,recover-20220922,001,1795
848.8425,848.8818,68437,82668,Rhinolophus ferrumequinum,0.025,0.025,-1,Echolocation,/mnt/ubna_data_02_mir/recover-20220922/UBNA_001/20220921_090000.WAV,Telephone Field,recover-20220922,001,1795
848.8675,848.9111,68437,83357,Rhinolophus ferrumequinum,0.036,0.036,-1,Echolocation,/mnt/ubna_data_02_mir/recover-20220922/UBNA_001/20220921_090000.WAV,Telephone Field,recover-20220922,001,1795
848.8865,848.8933,28046,37491,Eptesicus serotinus,0.019,0.048,-1,Echolocation,/mnt/ubna_data_02_mir/recover-20220922/UBNA_001/20220921_090000.WAV,Telephone Field,recover-20220922,001,1795
848.8905,848.932,68437,83129,Rhinolophus ferrumequinum,0.026,0.026,-1,Echolocation,/mnt/ubna_data_02_mir/recover-20220922/UBNA_001/20220921_090000.WAV,Telephone Field,recover-20220922,001,1795
848.9205,848.9592,68437,81992,Rhinolophus ferrumequinum,0.023,0.023,-1,Echolocation,/mnt/ubna_data_02_mir/recover-20220922/UBNA_001/20220921_090000.WAV,Telephone Field,recover-20220922,001,1795
848.9465,848.9539,28046,40324,Eptesicus serotinus,0.007,0.022,-1,Echolocation,/mnt/ubna_data_02_mir/recover-20220922/UBNA_001/20220921_090000.WAV,Telephone Field,recover-20220922,001,1795
848.9545,848.9942,68437,82605,Rhinolophus ferrumequinum,0.024,0.024,-1,Echolocation,/mnt/ubna_data_02_mir/recover-20220922/UBNA_001/20220921_090000.WAV,Telephone Field,recover-20220922,001,1795
848.9745,849.0135,68437,82134,Rhinolophus ferrumequinum,0.022,0.022,-1,Echolocation,/mnt/ubna_data_02_mir/recover-20220922/UBNA_001/20220921_090000.WAV,Telephone Field,recover-20220922,001,1795
848.9795,848.9897,22031,26659,Nyctalus leisleri,0.01,0.022,-1,Echolocation,/mnt/ubna_data_02_mir/recover-20220922/UBNA_001/20220921_090000.WAV,Telephone Field,recover-20220922,001,1795
848.9845,849.0249,68437,82091,Rhinolophus ferrumequinum,0.033,0.033,-1,Echolocation,/mnt/ubna_data_02_mir/recover-20220922/UBNA_001/20220921_090000.WAV,Telephone Field,recover-20220922,001,1795
849.0075,849.0175,25468,32112,Eptesicus serotinus,0.015,0.047,-1,Echolocation,/mnt/ubna_data_02_mir/recover-20220922/UBNA_001/20220921_090000.WAV,Telephone Field,recover-20220922,001,1795
849.0255,849.0633,68437,81954,Rhinolophus ferrumequinum,0.024,0.024,-1,Echolocation,/mnt/ubna_data_02_mir/recover-20220922/UBNA_001/20220921_090000.WAV,Telephone Field,recover-20220922,001,1795
849.0275,849.034,27187,40347,Eptesicus serotinus,0.006,0.026,-1,Echolocation,/mnt/ubna_data_02_mir/recover-20220922/UBNA_001/20220921_090000.WAV,Telephone Field,recover-20220922,001,1795
849.0555,849.064,25468,34493,Eptesicus serotinus,0.008,0.022,-1,Echolocation,/mnt/ubna_data_02_mir/recover-20220922/UBNA_001/20220921_090000.WAV,Telephone Field,recover-20220922,001,1795
849.0635,849.1028,68437,81938,Rhinolophus ferrumequinum,0.022,0.022,-1,Echolocation,/mnt/ubna_data_02_mir/recover-20220922/UBNA_001/20220921_090000.WAV,Telephone Field,recover-20220922,001,1795
849.0645,849.072,22890,31266,Plecotus austriacus,0.01,0.022,-1,Echolocation,/mnt/ubna_data_02_mir/recover-20220922/UBNA_001/20220921_090000.WAV,Telephone Field,recover-20220922,001,1795
849.0895,849.0984,28046,37043,Eptesicus serotinus,0.008,0.022,-1,Echolocation,/mnt/ubna_data_02_mir/recover-20220922/UBNA_001/20220921_090000.WAV,Telephone Field,recover-20220922,001,1795
849.0985,849.1069,25468,33824,Nyctalus leisleri,0.006,0.021,-1,Echolocation,/mnt/ubna_data_02_mir/recover-20220922/UBNA_001/20220921_090000.WAV,Telephone Field,recover-20220922,001,1795
849.1155,849.1381,20312,23440,Nyctalus noctula,0.076,0.153,-1,Echolocation,/mnt/ubna_data_02_mir/recover-20220922/UBNA_001/20220921_090000.WAV,Telephone Field,recover-20220922,001,1795
849.1175,849.1559,68437,82013,Rhinolophus ferrumequinum,0.024,0.024,-1,Echolocation,/mnt/ubna_data_02_mir/recover-20220922/UBNA_001/20220921_090000.WAV,Telephone Field,recover-20220922,001,1795
849.1275,849.1693,68437,83116,Rhinolophus ferrumequinum,0.027,0.027,-1,Echolocation,/mnt/ubna_data_02_mir/recover-20220922/UBNA_001/20220921_090000.WAV,Telephone Field,recover-20220922,001,1795
849.1355,849.1732,68437,81984,Rhinolophus ferrumequinum,0.025,0.025,-1,Echolocation,/mnt/ubna_data_02_mir/recover-20220922/UBNA_001/20220921_090000.WAV,Telephone Field,recover-20220922,001,1795
849.1485,849.1617,23750,28354,Nyctalus leisleri,0.025,0.048,-1,Echolocation,/mnt/ubna_data_02_mir/recover-20220922/UBNA_001/20220921_090000.WAV,Telephone Field,recover-20220922,001,1795
849.1585,849.1992,68437,82002,Rhinolophus ferrumequinum,0.024,0.024,-1,Echolocation,/mnt/ubna_data_02_mir/recover-20220922/UBNA_001/20220921_090000.WAV,Telephone Field,recover-20220922,001,1795
849.1715,849.2128,68437,82572,Rhinolophus ferrumequinum,0.028,0.028,-1,Echolocation,/mnt/ubna_data_02_mir/recover-20220922/UBNA_001/20220921_090000.WAV,Telephone Field,recover-20220922,001,1795
849.1835,849.2223,68437,81658,Rhinolophus ferrumequinum,0.023,0.023,-1,Echolocation,/mnt/ubna_data_02_mir/recover-20220922/UBNA_001/20220921_090000.WAV,Telephone Field,recover-20220922,001,1795
849.2055,849.2135,23750,31206,Plecotus austriacus,0.007,0.022,-1,Echolocation,/mnt/ubna_data_02_mir/recover-20220922/UBNA_001/20220921_090000.WAV,Telephone Field,recover-20220922,001,1795
849.2125,849.2524,68437,82702,Rhinolophus ferrumequinum,0.033,0.033,-1,Echolocation,/mnt/ubna_data_02_mir/recover-20220922/UBNA_001/20220921_090000.WAV,Telephone Field,recover-20220922,001,1795
849.2285,849.2671,68437,82213,Rhinolophus ferrumequinum,0.021,0.021,-1,Echolocation,/mnt/ubna_data_02_mir/recover-20220922/UBNA_001/20220921_090000.WAV,Telephone Field,recover-20220922,001,1795
849.2475,849.2882,68437,82723,Rhinolophus ferrumequinum,0.023,0.023,-1,Echolocation,/mnt/ubna_data_02_mir/recover-20220922/UBNA_001/20220921_090000.WAV,Telephone Field,recover-20220922,001,1795
849.2545,849.2636,51250,56240,Pipistrellus pipistrellus,0.021,0.027,-1,Echolocation,/mnt/ubna_data_02_mir/recover-20220922/UBNA_001/20220921_090000.WAV,Telephone Field,recover-20220922,001,1795
849.2785,849.2906,43515,47688,Pipistrellus pipistrellus,0.025,0.029,-1,Echolocation,/mnt/ubna_data_02_mir/recover-20220922/UBNA_001/20220921_090000.WAV,Telephone Field,recover-20220922,001,1795
849.2905,849.3355,68437,83265,Rhinolophus ferrumequinum,0.042,0.042,-1,Echolocation,/mnt/ubna_data_02_mir/recover-20220922/UBNA_001/20220921_090000.WAV,Telephone Field,recover-20220922,001,1795
849.3475,849.3849,68437,82251,Rhinolophus ferrumequinum,0.022,0.022,-1,Echolocation,/mnt/ubna_data_02_mir/recover-20220922/UBNA_001/20220921_090000.WAV,Telephone Field,recover-20220922,001,1795
849.3555,849.3934,68437,81481,Rhinolophus ferrumequinum,0.024,0.024,-1,Echolocation,/mnt/ubna_data_02_mir/recover-20220922/UBNA_001/20220921_090000.WAV,Telephone Field,recover-20220922,001,1795
849.3665,849.399,68437,79942,Rhinolophus ferrumequinum,0.021,0.022,-1,Echolocation,/mnt/ubna_data_02_mir/recover-20220922/UBNA_001/20220921_090000.WAV,Telephone Field,recover-20220922,001,1795
849.3855,849.4276,68437,82776,Rhinolophus ferrumequinum,0.026,0.026,-1,Echolocation,/mnt/ubna_data_02_mir/recover-20220922/UBNA_001/20220921_090000.WAV,Telephone Field,recover-20220922,001,1795
849.4095,849.4171,26328,39977,Eptesicus serotinus,0.006,0.023,-1,Echolocation,/mnt/ubna_data_02_mir/recover-20220922/UBNA_001/20220921_090000.WAV,Telephone Field,recover-20220922,001,1795
849.4285,849.4708,68437,82890,Rhinolophus ferrumequinum,0.025,0.025,-1,Echolocation,/mnt/ubna_data_02_mir/recover-20220922/UBNA_001/20220921_090000.WAV,Telephone Field,recover-20220922,001,1795
849.4525,849.4927,68437,82724,Rhinolophus ferrumequinum,0.023,0.023,-1,Echolocation,/mnt/ubna_data_02_mir/recover-20220922/UBNA_001/20220921_090000.WAV,Telephone Field,recover-20220922,001,1795
849.4635,849.4731,23750,29706,Nyctalus leisleri,0.008,0.021,-1,Echolocation,/mnt/ubna_data_02_mir/recover-20220922/UBNA_001/20220921_090000.WAV,Telephone Field,recover-20220922,001,1795
849.4735,849.5143,68437,82808,Rhinolophus ferrumequinum,0.027,0.027,-1,Echolocation,/mnt/ubna_data_02_mir/recover-20220922/UBNA_001/20220921_090000.WAV,Telephone Field,recover-20220922,001,1795
849.4935,849.534,68437,82320,Rhinolophus ferrumequinum,0.026,0.026,-1,Echolocation,/mnt/ubna_data_02_mir/recover-20220922/UBNA_001/20220921_090000.WAV,Telephone Field,recover-20220922,001,1795
849.5175,849.5309,22890,27354,Nyctalus leisleri,0.014,0.026,-1,Echolocation,/mnt/ubna_data_02_mir/recover-20220922/UBNA_001/20220921_090000.WAV,Telephone Field,recover-20220922,001,1795
849.5405,849.581,68437,82217,Rhinolophus ferrumequinum,0.024,0.024,-1,Echolocation,/mnt/ubna_data_02_mir/recover-20220922/UBNA_001/20220921_090000.WAV,Telephone Field,recover-20220922,001,1795
849.5905,849.6305,68437,82174,Rhinolophus ferrumequinum,0.022,0.022,-1,Echolocation,/mnt/ubna_data_02_mir/recover-20220922/UBNA_001/20220921_090000.WAV,Telephone Field,recover-20220922,001,1795
849.6075,849.6472,68437,82193,Rhinolophus ferrumequinum,0.021,0.021,-1,Echolocation,/mnt/ubna_data_02_mir/recover-20220922/UBNA_001/20220921_090000.WAV,Telephone Field,recover-20220922,001,1795
849.6245,849.6639,68437,81946,Rhinolophus ferrumequinum,0.028,0.028,-1,Echolocation,/mnt/ubna_data_02_mir/recover-20220922/UBNA_001/20220921_090000.WAV,Telephone Field,recover-20220922,001,1795
849.6305,849.6374,28046,37285,Eptesicus serotinus,0.005,0.023,-1,Echolocation,/mnt/ubna_data_02_mir/recover-20220922/UBNA_001/20220921_090000.WAV,Telephone Field,recover-20220922,001,1795
849.6645,849.7077,68437,83109,Rhinolophus ferrumequinum,0.028,0.028,-1,Echolocation,/mnt/ubna_data_02_mir/recover-20220922/UBNA_001/20220921_090000.WAV,Telephone Field,recover-20220922,001,1795
849.6785,849.6883,23750,30258,Nyctalus leisleri,0.009,0.022,-1,Echolocation,/mnt/ubna_data_02_mir/recover-20220922/UBNA_001/20220921_090000.WAV,Telephone Field,recover-20220922,001,1795
849.7005,849.7409,68437,82230,Rhinolophus ferrumequinum,0.026,0.026,-1,Echolocation,/mnt/ubna_data_02_mir/recover-20220922/UBNA_001/20220921_090000.WAV,Telephone Field,recover-20220922,001,1795
849.7245,849.7626,68437,82515,Rhinolophus ferrumequinum,0.024,0.024,-1,Echolocation,/mnt/ubna_data_02_mir/recover-20220922/UBNA_001/20220921_090000.WAV,Telephone Field,recover-20220922,001,1795
849.7455,849.7539,26328,36249,Eptesicus serotinus,0.007,0.022,-1,Echolocation,/mnt/ubna_data_02_mir/recover-20220922/UBNA_001/20220921_090000.WAV,Telephone Field,recover-20220922,001,1795
849.8065,849.8155,28906,37845,Eptesicus serotinus,0.009,0.024,-1,Echolocation,/mnt/ubna_data_02_mir/recover-20220922/UBNA_001/20220921_090000.WAV,Telephone Field,recover-20220922,001,1795
849.8075,849.8137,47812,55313,Pipistrellus pipistrellus,0.019,0.022,-1,Echolocation,/mnt/ubna_data_02_mir/recover-20220922/UBNA_001/20220921_090000.WAV,Telephone Field,recover-20220922,001,1795
849.8165,849.8258,28046,36609,Eptesicus serotinus,0.008,0.022,-1,Echolocation,/mnt/ubna_data_02_mir/recover-20220922/UBNA_001/20220921_090000.WAV,Telephone Field,recover-20220922,001,1795
849.8295,849.8718,68437,82742,Rhinolophus ferrumequinum,0.03,0.03,-1,Echolocation,/mnt/ubna_data_02_mir/recover-20220922/UBNA_001/20220921_090000.WAV,Telephone Field,recover-20220922,001,1795
849.8305,849.8402,28046,37253,Eptesicus serotinus,0.009,0.023,-1,Echolocation,/mnt/ubna_data_02_mir/recover-20220922/UBNA_001/20220921_090000.WAV,Telephone Field,recover-20220922,001,1795
849.8565,849.8957,68437,81740,Rhinolophus ferrumequinum,0.022,0.022,-1,Echolocation,/mnt/ubna_data_02_mir/recover-20220922/UBNA_001/20220921_090000.WAV,Telephone Field,recover-20220922,001,1795
849.9105,849.9501,68437,82338,Rhinolophus ferrumequinum,0.022,0.022,-1,Echolocation,/mnt/ubna_data_02_mir/recover-20220922/UBNA_001/20220921_090000.WAV,Telephone Field,recover-20220922,001,1795
849.9835,849.9914,28046,39210,Eptesicus serotinus,0.007,0.022,-1,Echolocation,/mnt/ubna_data_02_mir/recover-20220922/UBNA_001/20220921_090000.WAV,Telephone Field,recover-20220922,001,1795
850.0015,850.0347,68437,79574,Rhinolophus ferrumequinum,0.038,0.038,-1,Echolocation,/mnt/ubna_data_02_mir/recover-20220922/UBNA_001/20220921_090000.WAV,Telephone Field,recover-20220922,001,1795
850.0015,850.0097,46953,53694,Pipistrellus pipistrellus,0.02,0.026,-1,Echolocation,/mnt/ubna_data_02_mir/recover-20220922/UBNA_001/20220921_090000.WAV,Telephone Field,recover-20220922,001,1795
850.0015,850.0101,24609,36078,Nyctalus leisleri,0.006,0.023,-1,Echolocation,/mnt/ubna_data_02_mir/recover-20220922/UBNA_001/20220921_090000.WAV,Telephone Field,recover-20220922,001,1795
850.0235,850.0627,68437,82754,Rhinolophus ferrumequinum,0.024,0.024,-1,Echolocation,/mnt/ubna_data_02_mir/recover-20220922/UBNA_001/20220921_090000.WAV,Telephone Field,recover-20220922,001,1795
850.0745,850.0821,28046,39866,Eptesicus serotinus,0.007,0.023,-1,Echolocation,/mnt/ubna_data_02_mir/recover-20220922/UBNA_001/20220921_090000.WAV,Telephone Field,recover-20220922,001,1795
850.1075,850.1503,68437,82764,Rhinolophus ferrumequinum,0.025,0.025,-1,Echolocation,/mnt/ubna_data_02_mir/recover-20220922/UBNA_001/20220921_090000.WAV,Telephone Field,recover-20220922,001,1795
850.1765,850.2147,68437,82555,Rhinolophus ferrumequinum,0.022,0.022,-1,Echolocation,/mnt/ubna_data_02_mir/recover-20220922/UBNA_001/20220921_090000.WAV,Telephone Field,recover-20220922,001,1795
850.1825,850.2204,68437,82350,Rhinolophus ferrumequinum,0.022,0.022,-1,Echolocation,/mnt/ubna_data_02_mir/recover-20220922/UBNA_001/20220921_090000.WAV,Telephone Field,recover-20220922,001,1795
850.1905,850.2289,68437,81852,Rhinolophus ferrumequinum,0.021,0.021,-1,Echolocation,/mnt/ubna_data_02_mir/recover-20220922/UBNA_001/20220921_090000.WAV,Telephone Field,recover-20220922,001,1795
850.2225,850.2415,16875,20645,Nyctalus noctula,0.041,0.06,-1,Echolocation,/mnt/ubna_data_02_mir/recover-20220922/UBNA_001/20220921_090000.WAV,Telephone Field,recover-20220922,001,1795
850.2485,850.2879,68437,81899,Rhinolophus ferrumequinum,0.022,0.022,-1,Echolocation,/mnt/ubna_data_02_mir/recover-20220922/UBNA_001/20220921_090000.WAV,Telephone Field,recover-20220922,001,1795
850.2645,850.2742,22890,29187,Nyctalus leisleri,0.009,0.026,-1,Echolocation,/mnt/ubna_data_02_mir/recover-20220922/UBNA_001/20220921_090000.WAV,Telephone Field,recover-20220922,001,1795
850.2745,850.3176,68437,82769,Rhinolophus ferrumequinum,0.034,0.034,-1,Echolocation,/mnt/ubna_data_02_mir/recover-20220922/UBNA_001/20220921_090000.WAV,Telephone Field,recover-20220922,001,1795
850.2865,850.3266,68437,82210,Rhinolophus ferrumequinum,0.024,0.024,-1,Echolocation,/mnt/ubna_data_02_mir/recover-20220922/UBNA_001/20220921_090000.WAV,Telephone Field,recover-20220922,001,1795
850.2945,850.3029,27187,38773,Eptesicus serotinus,0.007,0.021,-1,Echolocation,/mnt/ubna_data_02_mir/recover-20220922/UBNA_001/20220921_090000.WAV,Telephone Field,recover-20220922,001,1795
850.3065,850.3161,34062,39769,Barbastellus barbastellus,0.005,0.021,-1,Echolocation,/mnt/ubna_data_02_mir/recover-20220922/UBNA_001/20220921_090000.WAV,Telephone Field,recover-20220922,001,1795
850.3255,850.3352,28906,36389,Eptesicus serotinus,0.009,0.023,-1,Echolocation,/mnt/ubna_data_02_mir/recover-20220922/UBNA_001/20220921_090000.WAV,Telephone Field,recover-20220922,001,1795
850.3435,850.3543,28906,36045,Eptesicus serotinus,0.018,0.03,-1,Echolocation,/mnt/ubna_data_02_mir/recover-20220922/UBNA_001/20220921_090000.WAV,Telephone Field,recover-20220922,001,1795
850.3625,850.3711,28046,39753,Eptesicus serotinus,0.008,0.021,-1,Echolocation,/mnt/ubna_data_02_mir/recover-20220922/UBNA_001/20220921_090000.WAV,Telephone Field,recover-20220922,001,1795
850.3675,850.4039,68437,81634,Rhinolophus ferrumequinum,0.021,0.022,-1,Echolocation,/mnt/ubna_data_02_mir/recover-20220922/UBNA_001/20220921_090000.WAV,Telephone Field,recover-20220922,001,1795
850.3945,850.43,68437,81412,Rhinolophus ferrumequinum,0.021,0.021,-1,Echolocation,/mnt/ubna_data_02_mir/recover-20220922/UBNA_001/20220921_090000.WAV,Telephone Field,recover-20220922,001,1795
850.4035,850.4109,28906,40525,Eptesicus serotinus,0.008,0.026,-1,Echolocation,/mnt/ubna_data_02_mir/recover-20220922/UBNA_001/20220921_090000.WAV,Telephone Field,recover-20220922,001,1795
850.4145,850.4561,68437,82493,Rhinolophus ferrumequinum,0.029,0.029,-1,Echolocation,/mnt/ubna_data_02_mir/recover-20220922/UBNA_001/20220921_090000.WAV,Telephone Field,recover-20220922,001,1795
850.4225,850.4625,68437,82732,Rhinolophus ferrumequinum,0.023,0.023,-1,Echolocation,/mnt/ubna_data_02_mir/recover-20220922/UBNA_001/20220921_090000.WAV,Telephone Field,recover-20220922,001,1795
850.4495,850.4568,28046,39335,Eptesicus serotinus,0.007,0.023,-1,Echolocation,/mnt/ubna_data_02_mir/recover-20220922/UBNA_001/20220921_090000.WAV,Telephone Field,recover-20220922,001,1795
850.4695,850.5114,68437,83081,Rhinolophus ferrumequinum,0.026,0.026,-1,Echolocation,/mnt/ubna_data_02_mir/recover-20220922/UBNA_001/20220921_090000.WAV,Telephone Field,recover-20220922,001,1795
850.4765,850.4892,14296,20629,Nyctalus noctula,0.023,0.033,-1,Echolocation,/mnt/ubna_data_02_mir/recover-20220922/UBNA_001/20220921_090000.WAV,Telephone Field,recover-20220922,001,1795
850.4955,850.534,68437,81794,Rhinolophus ferrumequinum,0.021,0.021,-1,Echolocation,/mnt/ubna_data_02_mir/recover-20220922/UBNA_001/20220921_090000.WAV,Telephone Field,recover-20220922,001,1795
850.4985,850.507,30625,39386,Eptesicus serotinus,0.008,0.029,-1,Echolocation,/mnt/ubna_data_02_mir/recover-20220922/UBNA_001/20220921_090000.WAV,Telephone Field,recover-20220922,001,1795
850.5095,850.5436,68437,81338,Rhinolophus ferrumequinum,0.022,0.022,-1,Echolocation,/mnt/ubna_data_02_mir/recover-20220922/UBNA_001/20220921_090000.WAV,Telephone Field,recover-20220922,001,1795
850.5665,850.576,22890,29456,Nyctalus leisleri,0.008,0.022,-1,Echolocation,/mnt/ubna_data_02_mir/recover-20220922/UBNA_001/20220921_090000.WAV,Telephone Field,recover-20220922,001,1795
850.5845,850.6225,68437,81828,Rhinolophus ferrumequinum,0.021,0.021,-1,Echolocation,/mnt/ubna_data_02_mir/recover-20220922/UBNA_001/20220921_090000.WAV,Telephone Field,recover-20220922,001,1795
850.5925,850.6313,68437,82076,Rhinolophus ferrumequinum,0.021,0.021,-1,Echolocation,/mnt/ubna_data_02_mir/recover-20220922/UBNA_001/20220921_090000.WAV,Telephone Field,recover-20220922,001,1795
850.6155,850.6265,23750,28481,Nyctalus leisleri,0.012,0.024,-1,Echolocation,/mnt/ubna_data_02_mir/recover-20220922/UBNA_001/20220921_090000.WAV,Telephone Field,recover-20220922,001,1795
850.6205,850.6333,28906,35467,Eptesicus serotinus,0.012,0.024,-1,Echolocation,/mnt/ubna_data_02_mir/recover-20220922/UBNA_001/20220921_090000.WAV,Telephone Field,recover-20220922,001,1795
850.6285,850.6396,28046,35552,Eptesicus serotinus,0.012,0.024,-1,Echolocation,/mnt/ubna_data_02_mir/recover-20220922/UBNA_001/20220921_090000.WAV,Telephone Field,recover-20220922,001,1795
850.6365,850.6732,68437,81817,Rhinolophus ferrumequinum,0.022,0.022,-1,Echolocation,/mnt/ubna_data_02_mir/recover-20220922/UBNA_001/20220921_090000.WAV,Telephone Field,recover-20220922,001,1795
850.6695,850.7047,68437,81335,Rhinolophus ferrumequinum,0.021,0.021,-1,Echolocation,/mnt/ubna_data_02_mir/recover-20220922/UBNA_001/20220921_090000.WAV,Telephone Field,recover-20220922,001,1795
850.6795,850.6918000000001,22031,26328,Nyctalus leisleri,0.013,0.023,-1,Echolocation,/mnt/ubna_data_02_mir/recover-20220922/UBNA_001/20220921_090000.WAV,Telephone Field,recover-20220922,001,1795
850.7155,850.7234,28906,41399,Eptesicus serotinus,0.008,0.023,-1,Echolocation,/mnt/ubna_data_02_mir/recover-20220922/UBNA_001/20220921_090000.WAV,Telephone Field,recover-20220922,001,1795
850.7275,850.7666,68437,82049,Rhinolophus ferrumequinum,0.022,0.022,-1,Echolocation,/mnt/ubna_data_02_mir/recover-20220922/UBNA_001/20220921_090000.WAV,Telephone Field,recover-20220922,001,1795
850.7275,850.7388,35781,41855,Pipistrellus nathusii,0.005,0.024,-1,Echolocation,/mnt/ubna_data_02_mir/recover-20220922/UBNA_001/20220921_090000.WAV,Telephone Field,recover-20220922,001,1795
850.7495,850.7873,68437,81978,Rhinolophus ferrumequinum,0.024,0.024,-1,Echolocation,/mnt/ubna_data_02_mir/recover-20220922/UBNA_001/20220921_090000.WAV,Telephone Field,recover-20220922,001,1795
850.7725,850.7799,27187,36572,Eptesicus serotinus,0.009,0.028,-1,Echolocation,/mnt/ubna_data_02_mir/recover-20220922/UBNA_001/20220921_090000.WAV,Telephone Field,recover-20220922,001,1795
850.8145,850.8475,68437,80687,Rhinolophus ferrumequinum,0.021,0.021,-1,Echolocation,/mnt/ubna_data_02_mir/recover-20220922/UBNA_001/20220921_090000.WAV,Telephone Field,recover-20220922,001,1795
850.8355,850.8719,68437,81544,Rhinolophus ferrumequinum,0.025,0.025,-1,Echolocation,/mnt/ubna_data_02_mir/recover-20220922/UBNA_001/20220921_090000.WAV,Telephone Field,recover-20220922,001,1795
850.8555,850.8958,68437,82464,Rhinolophus ferrumequinum,0.029,0.029,-1,Echolocation,/mnt/ubna_data_02_mir/recover-20220922/UBNA_001/20220921_090000.WAV,Telephone Field,recover-20220922,001,1795
850.8705,850.881,22031,26606,Nyctalus leisleri,0.01,0.021,-1,Echolocation,/mnt/ubna_data_02_mir/recover-20220922/UBNA_001/20220921_090000.WAV,Telephone Field,recover-20220922,001,1795
850.8975,850.9336,68437,81752,Rhinolophus ferrumequinum,0.021,0.021,-1,Echolocation,/mnt/ubna_data_02_mir/recover-20220922/UBNA_001/20220921_090000.WAV,Telephone Field,recover-20220922,001,1795
851.0005,851.0403,68437,82523,Rhinolophus ferrumequinum,0.021,0.021,-1,Echolocation,/mnt/ubna_data_02_mir/recover-20220922/UBNA_001/20220921_090000.WAV,Telephone Field,recover-20220922,001,1795
851.0275,851.0361,28906,36794,Eptesicus serotinus,0.011,0.026,-1,Echolocation,/mnt/ubna_data_02_mir/recover-20220922/UBNA_001/20220921_090000.WAV,Telephone Field,recover-20220922,001,1795
851.0495,851.0874,68437,81485,Rhinolophus ferrumequinum,0.026,0.026,-1,Echolocation,/mnt/ubna_data_02_mir/recover-20220922/UBNA_001/20220921_090000.WAV,Telephone Field,recover-20220922,001,1795
851.0555,851.0908,68437,81209,Rhinolophus ferrumequinum,0.023,0.023,-1,Echolocation,/mnt/ubna_data_02_mir/recover-20220922/UBNA_001/20220921_090000.WAV,Telephone Field,recover-20220922,001,1795
851.0725,851.0827,28046,36085,Eptesicus serotinus,0.01,0.025,-1,Echolocation,/mnt/ubna_data_02_mir/recover-20220922/UBNA_001/20220921_090000.WAV,Telephone Field,recover-20220922,001,1795
851.0855,851.0969,26328,31824,Nyctalus leisleri,0.01,0.024,-1,Echolocation,/mnt/ubna_data_02_mir/recover-20220922/UBNA_001/20220921_090000.WAV,Telephone Field,recover-20220922,001,1795
851.0885,851.1288,68437,82700,Rhinolophus ferrumequinum,0.025,0.025,-1,Echolocation,/mnt/ubna_data_02_mir/recover-20220922/UBNA_001/20220921_090000.WAV,Telephone Field,recover-20220922,001,1795
851.1025,851.1414,68437,81669,Rhinolophus ferrumequinum,0.021,0.021,-1,Echolocation,/mnt/ubna_data_02_mir/recover-20220922/UBNA_001/20220921_090000.WAV,Telephone Field,recover-20220922,001,1795
851.1255,851.1655,68437,82620,Rhinolophus ferrumequinum,0.022,0.022,-1,Echolocation,/mnt/ubna_data_02_mir/recover-20220922/UBNA_001/20220921_090000.WAV,Telephone Field,recover-20220922,001,1795
851.1505,851.1616,22031,27904,Nyctalus leisleri,0.011,0.026,-1,Echolocation,/mnt/ubna_data_02_mir/recover-20220922/UBNA_001/20220921_090000.WAV,Telephone Field,recover-20220922,001,1795
851.1965,851.2061,28046,36149,Eptesicus serotinus,0.013,0.027,-1,Echolocation,/mnt/ubna_data_02_mir/recover-20220922/UBNA_001/20220921_090000.WAV,Telephone Field,recover-20220922,001,1795
851.2045,851.2434,68437,82429,Rhinolophus ferrumequinum,0.021,0.021,-1,Echolocation,/mnt/ubna_data_02_mir/recover-20220922/UBNA_001/20220921_090000.WAV,Telephone Field,recover-20220922,001,1795
851.2445,851.2531,23750,31761,Plecotus austriacus,0.006,0.021,-1,Echolocation,/mnt/ubna_data_02_mir/recover-20220922/UBNA_001/20220921_090000.WAV,Telephone Field,recover-20220922,001,1795
851.2655,851.3053,68437,82354,Rhinolophus ferrumequinum,0.025,0.025,-1,Echolocation,/mnt/ubna_data_02_mir/recover-20220922/UBNA_001/20220921_090000.WAV,Telephone Field,recover-20220922,001,1795
851.2725,851.3122,68437,82515,Rhinolophus ferrumequinum,0.024,0.024,-1,Echolocation,/mnt/ubna_data_02_mir/recover-20220922/UBNA_001/20220921_090000.WAV,Telephone Field,recover-20220922,001,1795
851.2755,851.2927,16015,21688,Nyctalus noctula,0.015,0.021,-1,Echolocation,/mnt/ubna_data_02_mir/recover-20220922/UBNA_001/20220921_090000.WAV,Telephone Field,recover-20220922,001,1795
851.2955,851.3358,68437,82689,Rhinolophus ferrumequinum,0.022,0.022,-1,Echolocation,/mnt/ubna_data_02_mir/recover-20220922/UBNA_001/20220921_090000.WAV,Telephone Field,recover-20220922,001,1795
851.3035,851.3426,68437,82071,Rhinolophus ferrumequinum,0.023,0.023,-1,Echolocation,/mnt/ubna_data_02_mir/recover-20220922/UBNA_001/20220921_090000.WAV,Telephone Field,recover-20220922,001,1795
851.3405,851.3777,68437,82305,Rhinolophus ferrumequinum,0.04,0.04,-1,Echolocation,/mnt/ubna_data_02_mir/recover-20220922/UBNA_001/20220921_090000.WAV,Telephone Field,recover-20220922,001,1795
851.3515,851.3894,68437,81711,Rhinolophus ferrumequinum,0.023,0.023,-1,Echolocation,/mnt/ubna_data_02_mir/recover-20220922/UBNA_001/20220921_090000.WAV,Telephone Field,recover-20220922,001,1795
851.3575,851.3976,68437,82649,Rhinolophus ferrumequinum,0.021,0.021,-1,Echolocation,/mnt/ubna_data_02_mir/recover-20220922/UBNA_001/20220921_090000.WAV,Telephone Field,recover-20220922,001,1795
851.3735,851.415,68437,82775,Rhinolophus ferrumequinum,0.022,0.022,-1,Echolocation,/mnt/ubna_data_02_mir/recover-20220922/UBNA_001/20220921_090000.WAV,Telephone Field,recover-20220922,001,1795
851.4065,851.4475,68437,82772,Rhinolophus ferrumequinum,0.021,0.021,-1,Echolocation,/mnt/ubna_data_02_mir/recover-20220922/UBNA_001/20220921_090000.WAV,Telephone Field,recover-20220922,001,1795
851.4155,851.4532,68437,81999,Rhinolophus ferrumequinum,0.022,0.022,-1,Echolocation,/mnt/ubna_data_02_mir/recover-20220922/UBNA_001/20220921_090000.WAV,Telephone Field,recover-20220922,001,1795
851.4605,851.5017,68437,82887,Rhinolophus ferrumequinum,0.032,0.032,-1,Echolocation,/mnt/ubna_data_02_mir/recover-20220922/UBNA_001/20220921_090000.WAV,Telephone Field,recover-20220922,001,1795
851.4875,851.4982,23750,29870,Nyctalus leisleri,0.01,0.024,-1,Echolocation,/mnt/ubna_data_02_mir/recover-20220922/UBNA_001/20220921_090000.WAV,Telephone Field,recover-20220922,001,1795
851.4955,851.5037,28906,40345,Eptesicus serotinus,0.01,0.028,-1,Echolocation,/mnt/ubna_data_02_mir/recover-20220922/UBNA_001/20220921_090000.WAV,Telephone Field,recover-20220922,001,1795
851.5145,851.5536,68437,82781,Rhinolophus ferrumequinum,0.027,0.027,-1,Echolocation,/mnt/ubna_data_02_mir/recover-20220922/UBNA_001/20220921_090000.WAV,Telephone Field,recover-20220922,001,1795
851.5405,851.5491,23750,32096,Plecotus austriacus,0.01,0.027,-1,Echolocation,/mnt/ubna_data_02_mir/recover-20220922/UBNA_001/20220921_090000.WAV,Telephone Field,recover-20220922,001,1795
851.5615,851.5995,68437,82392,Rhinolophus ferrumequinum,0.021,0.022,-1,Echolocation,/mnt/ubna_data_02_mir/recover-20220922/UBNA_001/20220921_090000.WAV,Telephone Field,recover-20220922,001,1795
851.5865,851.5932,27187,40184,Eptesicus serotinus,0.005,0.022,-1,Echolocation,/mnt/ubna_data_02_mir/recover-20220922/UBNA_001/20220921_090000.WAV,Telephone Field,recover-20220922,001,1795
851.5915,851.6334,68437,82846,Rhinolophus ferrumequinum,0.026,0.026,-1,Echolocation,/mnt/ubna_data_02_mir/recover-20220922/UBNA_001/20220921_090000.WAV,Telephone Field,recover-20220922,001,1795
851.6085,851.6289,18593,21879,Nyctalus noctula,0.012,0.022,-1,Echolocation,/mnt/ubna_data_02_mir/recover-20220922/UBNA_001/20220921_090000.WAV,Telephone Field,recover-20220922,001,1795
851.6095,851.6447000000001,68437,81492,Rhinolophus ferrumequinum,0.021,0.021,-1,Echolocation,/mnt/ubna_data_02_mir/recover-20220922/UBNA_001/20220921_090000.WAV,Telephone Field,recover-20220922,001,1795
851.6435,851.6851,68437,82601,Rhinolophus ferrumequinum,0.026,0.026,-1,Echolocation,/mnt/ubna_data_02_mir/recover-20220922/UBNA_001/20220921_090000.WAV,Telephone Field,recover-20220922,001,1795
851.6575,851.6969,68437,83022,Rhinolophus ferrumequinum,0.023,0.023,-1,Echolocation,/mnt/ubna_data_02_mir/recover-20220922/UBNA_001/20220921_090000.WAV,Telephone Field,recover-20220922,001,1795
851.6685,851.6818,14296,19291,Nyctalus noctula,0.026,0.039,-1,Echolocation,/mnt/ubna_data_02_mir/recover-20220922/UBNA_001/20220921_090000.WAV,Telephone Field,recover-20220922,001,1795
851.6955,851.7349,68437,82548,Rhinolophus ferrumequinum,0.022,0.022,-1,Echolocation,/mnt/ubna_data_02_mir/recover-20220922/UBNA_001/20220921_090000.WAV,Telephone Field,recover-20220922,001,1795
851.7045,851.7446,68437,83040,Rhinolophus ferrumequinum,0.027,0.027,-1,Echolocation,/mnt/ubna_data_02_mir/recover-20220922/UBNA_001/20220921_090000.WAV,Telephone Field,recover-20220922,001,1795
851.7085,851.7268,15156,20466,Nyctalus noctula,0.025,0.032,-1,Echolocation,/mnt/ubna_data_02_mir/recover-20220922/UBNA_001/20220921_090000.WAV,Telephone Field,recover-20220922,001,1795
851.7325,851.743,28046,35823,Eptesicus serotinus,0.009,0.021,-1,Echolocation,/mnt/ubna_data_02_mir/recover-20220922/UBNA_001/20220921_090000.WAV,Telephone Field,recover-20220922,001,1795
851.7785,851.7869,28906,40425,Eptesicus serotinus,0.01,0.027,-1,Echolocation,/mnt/ubna_data_02_mir/recover-20220922/UBNA_001/20220921_090000.WAV,Telephone Field,recover-20220922,001,1795
851.8105,851.8452,68437,80782,Rhinolophus ferrumequinum,0.026,0.027,-1,Echolocation,/mnt/ubna_data_02_mir/recover-20220922/UBNA_001/20220921_090000.WAV,Telephone Field,recover-20220922,001,1795
851.8465,851.8861,68437,81978,Rhinolophus ferrumequinum,0.023,0.023,-1,Echolocation,/mnt/ubna_data_02_mir/recover-20220922/UBNA_001/20220921_090000.WAV,Telephone Field,recover-20220922,001,1795
851.8695,851.9076,68437,82258,Rhinolophus ferrumequinum,0.021,0.021,-1,Echolocation,/mnt/ubna_data_02_mir/recover-20220922/UBNA_001/20220921_090000.WAV,Telephone Field,recover-20220922,001,1795
851.8805,851.8877,25468,34938,Plecotus austriacus,0.008,0.032,-1,Echolocation,/mnt/ubna_data_02_mir/recover-20220922/UBNA_001/20220921_090000.WAV,Telephone Field,recover-20220922,001,1795
851.8975,851.9089,22890,27536,Nyctalus leisleri,0.011,0.021,-1,Echolocation,/mnt/ubna_data_02_mir/recover-20220922/UBNA_001/20220921_090000.WAV,Telephone Field,recover-20220922,001,1795
851.9485,851.9891,68437,82295,Rhinolophus ferrumequinum,0.03,0.03,-1,Echolocation,/mnt/ubna_data_02_mir/recover-20220922/UBNA_001/20220921_090000.WAV,Telephone Field,recover-20220922,001,1795
851.9835,851.996,31484,35708,Eptesicus serotinus,0.022,0.065,-1,Echolocation,/mnt/ubna_data_02_mir/recover-20220922/UBNA_001/20220921_090000.WAV,Telephone Field,recover-20220922,001,1795
852.0015,852.0108,20312,25822,Nyctalus leisleri,0.013,0.031,-1,Echolocation,/mnt/ubna_data_02_mir/recover-20220922/UBNA_001/20220921_090000.WAV,Telephone Field,recover-20220922,001,1795
852.0015,852.0098,27187,35797,Eptesicus serotinus,0.008,0.025,-1,Echolocation,/mnt/ubna_data_02_mir/recover-20220922/UBNA_001/20220921_090000.WAV,Telephone Field,recover-20220922,001,1795
852.0525,852.0623,23750,29912,Nyctalus leisleri,0.008,0.021,-1,Echolocation,/mnt/ubna_data_02_mir/recover-20220922/UBNA_001/20220921_090000.WAV,Telephone Field,recover-20220922,001,1795
852.0895,852.1289,68437,82584,Rhinolophus ferrumequinum,0.026,0.026,-1,Echolocation,/mnt/ubna_data_02_mir/recover-20220922/UBNA_001/20220921_090000.WAV,Telephone Field,recover-20220922,001,1795
852.0985,852.1068,23750,31903,Plecotus austriacus,0.007,0.022,-1,Echolocation,/mnt/ubna_data_02_mir/recover-20220922/UBNA_001/20220921_090000.WAV,Telephone Field,recover-20220922,001,1795
852.1075,852.1531,68437,83293,Rhinolophus ferrumequinum,0.039,0.039,-1,Echolocation,/mnt/ubna_data_02_mir/recover-20220922/UBNA_001/20220921_090000.WAV,Telephone Field,recover-20220922,001,1795
852.1505,852.1915,68437,83099,Rhinolophus ferrumequinum,0.035,0.035,-1,Echolocation,/mnt/ubna_data_02_mir/recover-20220922/UBNA_001/20220921_090000.WAV,Telephone Field,recover-20220922,001,1795
852.1525,852.1631,23750,30512,Nyctalus leisleri,0.008,0.022,-1,Echolocation,/mnt/ubna_data_02_mir/recover-20220922/UBNA_001/20220921_090000.WAV,Telephone Field,recover-20220922,001,1795
852.2325,852.2424,25468,32819,Eptesicus serotinus,0.009,0.022,-1,Echolocation,/mnt/ubna_data_02_mir/recover-20220922/UBNA_001/20220921_090000.WAV,Telephone Field,recover-20220922,001,1795
852.2415,852.2519,24609,29605,Nyctalus leisleri,0.01,0.022,-1,Echolocation,/mnt/ubna_data_02_mir/recover-20220922/UBNA_001/20220921_090000.WAV,Telephone Field,recover-20220922,001,1795
852.2775,852.3156,68437,82039,Rhinolophus ferrumequinum,0.024,0.024,-1,Echolocation,/mnt/ubna_data_02_mir/recover-20220922/UBNA_001/20220921_090000.WAV,Telephone Field,recover-20220922,001,1795
852.2935,852.3297,68437,81597,Rhinolophus ferrumequinum,0.022,0.022,-1,Echolocation,/mnt/ubna_data_02_mir/recover-20220922/UBNA_001/20220921_090000.WAV,Telephone Field,recover-20220922,001,1795
852.3055,852.3376,68437,81607,Rhinolophus ferrumequinum,0.021,0.022,-1,Echolocation,/mnt/ubna_data_02_mir/recover-20220922/UBNA_001/20220921_090000.WAV,Telephone Field,recover-20220922,001,1795
852.3195,852.3584,68437,82044,Rhinolophus ferrumequinum,0.032,0.032,-1,Echolocation,/mnt/ubna_data_02_mir/recover-20220922/UBNA_001/20220921_090000.WAV,Telephone Field,recover-20220922,001,1795
852.3545,852.3619,25468,35174,Eptesicus serotinus,0.005,0.021,-1,Echolocation,/mnt/ubna_data_02_mir/recover-20220922/UBNA_001/20220921_090000.WAV,Telephone Field,recover-20220922,001,1795
852.3805,852.4206,68437,82911,Rhinolophus ferrumequinum,0.024,0.024,-1,Echolocation,/mnt/ubna_data_02_mir/recover-20220922/UBNA_001/20220921_090000.WAV,Telephone Field,recover-20220922,001,1795
852.4025,852.4133,28906,36019,Eptesicus serotinus,0.021,0.043,-1,Echolocation,/mnt/ubna_data_02_mir/recover-20220922/UBNA_001/20220921_090000.WAV,Telephone Field,recover-20220922,001,1795
852.4325,852.4433,28046,35769,Eptesicus serotinus,0.01,0.022,-1,Echolocation,/mnt/ubna_data_02_mir/recover-20220922/UBNA_001/20220921_090000.WAV,Telephone Field,recover-20220922,001,1795
852.4405,852.4519,26328,32342,Eptesicus serotinus,0.011,0.025,-1,Echolocation,/mnt/ubna_data_02_mir/recover-20220922/UBNA_001/20220921_090000.WAV,Telephone Field,recover-20220922,001,1795
852.4755,852.4836,24609,33106,Plecotus austriacus,0.008,0.026,-1,Echolocation,/mnt/ubna_data_02_mir/recover-20220922/UBNA_001/20220921_090000.WAV,Telephone Field,recover-20220922,001,1795
852.5215,852.5323,22890,27560,Nyctalus leisleri,0.015,0.03,-1,Echolocation,/mnt/ubna_data_02_mir/recover-20220922/UBNA_001/20220921_090000.WAV,Telephone Field,recover-20220922,001,1795
852.5255,852.5645,68437,82499,Rhinolophus ferrumequinum,0.022,0.022,-1,Echolocation,/mnt/ubna_data_02_mir/recover-20220922/UBNA_001/20220921_090000.WAV,Telephone Field,recover-20220922,001,1795
852.5475,852.5879,68437,82238,Rhinolophus ferrumequinum,0.022,0.022,-1,Echolocation,/mnt/ubna_data_02_mir/recover-20220922/UBNA_001/20220921_090000.WAV,Telephone Field,recover-20220922,001,1795
852.5555,852.5642,29765,37755,Eptesicus serotinus,0.015,0.032,-1,Echolocation,/mnt/ubna_data_02_mir/recover-20220922/UBNA_001/20220921_090000.WAV,Telephone Field,recover-20220922,001,1795
852.5635,852.573,24609,31080,Nyctalus leisleri,0.011,0.03,-1,Echolocation,/mnt/ubna_data_02_mir/recover-20220922/UBNA_001/20220921_090000.WAV,Telephone Field,recover-20220922,001,1795
852.5725,852.6146,68437,82757,Rhinolophus ferrumequinum,0.036,0.036,-1,Echolocation,/mnt/ubna_data_02_mir/recover-20220922/UBNA_001/20220921_090000.WAV,Telephone Field,recover-20220922,001,1795
852.6075,852.6491,68437,82471,Rhinolophus ferrumequinum,0.025,0.025,-1,Echolocation,/mnt/ubna_data_02_mir/recover-20220922/UBNA_001/20220921_090000.WAV,Telephone Field,recover-20220922,001,1795
852.6545,852.6902,68437,81812,Rhinolophus ferrumequinum,0.026,0.027,-1,Echolocation,/mnt/ubna_data_02_mir/recover-20220922/UBNA_001/20220921_090000.WAV,Telephone Field,recover-20220922,001,1795
852.6605,852.6713,22890,28645,Nyctalus leisleri,0.009,0.022,-1,Echolocation,/mnt/ubna_data_02_mir/recover-20220922/UBNA_001/20220921_090000.WAV,Telephone Field,recover-20220922,001,1795
852.7005,852.7111,22890,27258,Nyctalus leisleri,0.012,0.022,-1,Echolocation,/mnt/ubna_data_02_mir/recover-20220922/UBNA_001/20220921_090000.WAV,Telephone Field,recover-20220922,001,1795
852.7085,852.7444,68437,81676,Rhinolophus ferrumequinum,0.021,0.021,-1,Echolocation,/mnt/ubna_data_02_mir/recover-20220922/UBNA_001/20220921_090000.WAV,Telephone Field,recover-20220922,001,1795
852.7205,852.732,45234,49200,Pipistrellus pipistrellus,0.022,0.024,-1,Echolocation,/mnt/ubna_data_02_mir/recover-20220922/UBNA_001/20220921_090000.WAV,Telephone Field,recover-20220922,001,1795
852.7275,852.7666,68437,82181,Rhinolophus ferrumequinum,0.021,0.022,-1,Echolocation,/mnt/ubna_data_02_mir/recover-20220922/UBNA_001/20220921_090000.WAV,Telephone Field,recover-20220922,001,1795
852.7335,852.7418,27187,35936,Eptesicus serotinus,0.008,0.021,-1,Echolocation,/mnt/ubna_data_02_mir/recover-20220922/UBNA_001/20220921_090000.WAV,Telephone Field,recover-20220922,001,1795
852.7355,852.7448,22890,29138,Nyctalus leisleri,0.008,0.021,-1,Echolocation,/mnt/ubna_data_02_mir/recover-20220922/UBNA_001/20220921_090000.WAV,Telephone Field,recover-20220922,001,1795
852.7455,852.7854,68437,82361,Rhinolophus ferrumequinum,0.022,0.022,-1,Echolocation,/mnt/ubna_data_02_mir/recover-20220922/UBNA_001/20220921_090000.WAV,Telephone Field,recover-20220922,001,1795
852.7655,852.7763,22031,26287,Nyctalus leisleri,0.011,0.021,-1,Echolocation,/mnt/ubna_data_02_mir/recover-20220922/UBNA_001/20220921_090000.WAV,Telephone Field,recover-20220922,001,1795
852.7975,852.8296,68437,80331,Rhinolophus ferrumequinum,0.024,0.024,-1,Echolocation,/mnt/ubna_data_02_mir/recover-20220922/UBNA_001/20220921_090000.WAV,Telephone Field,recover-20220922,001,1795
852.8265,852.8619,68437,80664,Rhinolophus ferrumequinum,0.022,0.022,-1,Echolocation,/mnt/ubna_data_02_mir/recover-20220922/UBNA_001/20220921_090000.WAV,Telephone Field,recover-20220922,001,1795
852.8485,852.8858,68437,81624,Rhinolophus ferrumequinum,0.021,0.021,-1,Echolocation,/mnt/ubna_data_02_mir/recover-20220922/UBNA_001/20220921_090000.WAV,Telephone Field,recover-20220922,001,1795
852.8585,852.8955,68437,81651,Rhinolophus ferrumequinum,0.023,0.023,-1,Echolocation,/mnt/ubna_data_02_mir/recover-20220922/UBNA_001/20220921_090000.WAV,Telephone Field,recover-20220922,001,1795
852.8815,852.9248,68437,83277,Rhinolophus ferrumequinum,0.028,0.028,-1,Echolocation,/mnt/ubna_data_02_mir/recover-20220922/UBNA_001/20220921_090000.WAV,Telephone Field,recover-20220922,001,1795
852.8995,852.9411,68437,82301,Rhinolophus ferrumequinum,0.021,0.021,-1,Echolocation,/mnt/ubna_data_02_mir/recover-20220922/UBNA_001/20220921_090000.WAV,Telephone Field,recover-20220922,001,1795
852.9045,852.9133,28906,40072,Eptesicus serotinus,0.009,0.024,-1,Echolocation,/mnt/ubna_data_02_mir/recover-20220922/UBNA_001/20220921_090000.WAV,Telephone Field,recover-20220922,001,1795
852.9265,852.9372,28046,34690,Eptesicus serotinus,0.011,0.024,-1,Echolocation,/mnt/ubna_data_02_mir/recover-20220922/UBNA_001/20220921_090000.WAV,Telephone Field,recover-20220922,001,1795
852.9725,853.013,68437,82666,Rhinolophus ferrumequinum,0.025,0.025,-1,Echolocation,/mnt/ubna_data_02_mir/recover-20220922/UBNA_001/20220921_090000.WAV,Telephone Field,recover-20220922,001,1795
852.9855,853.0246,68437,81766,Rhinolophus ferrumequinum,0.02,0.021,-1,Echolocation,/mnt/ubna_data_02_mir/recover-20220922/UBNA_001/20220921_090000.WAV,Telephone Field,recover-20220922,001,1795
853.0085,853.054,68437,83810,Rhinolophus ferrumequinum,0.042,0.042,-1,Echolocation,/mnt/ubna_data_02_mir/recover-20220922/UBNA_001/20220921_090000.WAV,Telephone Field,recover-20220922,001,1795
853.0405,853.0782,68437,81569,Rhinolophus ferrumequinum,0.024,0.024,-1,Echolocation,/mnt/ubna_data_02_mir/recover-20220922/UBNA_001/20220921_090000.WAV,Telephone Field,recover-20220922,001,1795
853.0735,853.1123,68437,81637,Rhinolophus ferrumequinum,0.022,0.022,-1,Echolocation,/mnt/ubna_data_02_mir/recover-20220922/UBNA_001/20220921_090000.WAV,Telephone Field,recover-20220922,001,1795
853.1015,853.1133,38359,43618,Pipistrellus nathusii,0.008,0.029,-1,Echolocation,/mnt/ubna_data_02_mir/recover-20220922/UBNA_001/20220921_090000.WAV,Telephone Field,recover-20220922,001,1795
853.1125,853.1512,68437,82232,Rhinolophus ferrumequinum,0.021,0.021,-1,Echolocation,/mnt/ubna_data_02_mir/recover-20220922/UBNA_001/20220921_090000.WAV,Telephone Field,recover-20220922,001,1795
853.1625,853.2016,68437,82527,Rhinolophus ferrumequinum,0.023,0.023,-1,Echolocation,/mnt/ubna_data_02_mir/recover-20220922/UBNA_001/20220921_090000.WAV,Telephone Field,recover-20220922,001,1795
853.2155,853.2258,22890,28565,Nyctalus leisleri,0.01,0.023,-1,Echolocation,/mnt/ubna_data_02_mir/recover-20220922/UBNA_001/20220921_090000.WAV,Telephone Field,recover-20220922,001,1795
853.2325,853.2713,68437,82490,Rhinolophus ferrumequinum,0.024,0.024,-1,Echolocation,/mnt/ubna_data_02_mir/recover-20220922/UBNA_001/20220921_090000.WAV,Telephone Field,recover-20220922,001,1795
853.2455,853.2549,28046,37634,Eptesicus serotinus,0.01,0.024,-1,Echolocation,/mnt/ubna_data_02_mir/recover-20220922/UBNA_001/20220921_090000.WAV,Telephone Field,recover-20220922,001,1795
853.2805,853.2897,49531,53822,Pipistrellus pipistrellus,0.044,0.048,-1,Echolocation,/mnt/ubna_data_02_mir/recover-20220922/UBNA_001/20220921_090000.WAV,Telephone Field,recover-20220922,001,1795
853.2815,853.2902,22890,30105,Plecotus austriacus,0.01,0.024,-1,Echolocation,/mnt/ubna_data_02_mir/recover-20220922/UBNA_001/20220921_090000.WAV,Telephone Field,recover-20220922,001,1795
853.3425,853.3534,43515,49999,Pipistrellus pipistrellus,0.018,0.022,-1,Echolocation,/mnt/ubna_data_02_mir/recover-20220922/UBNA_001/20220921_090000.WAV,Telephone Field,recover-20220922,001,1795
853.3515,853.3907,68437,81783,Rhinolophus ferrumequinum,0.021,0.021,-1,Echolocation,/mnt/ubna_data_02_mir/recover-20220922/UBNA_001/20220921_090000.WAV,Telephone Field,recover-20220922,001,1795
853.4015,853.4409,68437,82549,Rhinolophus ferrumequinum,0.022,0.022,-1,Echolocation,/mnt/ubna_data_02_mir/recover-20220922/UBNA_001/20220921_090000.WAV,Telephone Field,recover-20220922,001,1795
853.4275,853.4652,68437,81943,Rhinolophus ferrumequinum,0.02,0.02,-1,Echolocation,/mnt/ubna_data_02_mir/recover-20220922/UBNA_001/20220921_090000.WAV,Telephone Field,recover-20220922,001,1795
853.4595,853.498,68437,82195,Rhinolophus ferrumequinum,0.022,0.022,-1,Echolocation,/mnt/ubna_data_02_mir/recover-20220922/UBNA_001/20220921_090000.WAV,Telephone Field,recover-20220922,001,1795
853.4645,853.5023,68437,81743,Rhinolophus ferrumequinum,0.021,0.021,-1,Echolocation,/mnt/ubna_data_02_mir/recover-20220922/UBNA_001/20220921_090000.WAV,Telephone Field,recover-20220922,001,1795
853.4705,853.5066,68437,81488,Rhinolophus ferrumequinum,0.022,0.022,-1,Echolocation,/mnt/ubna_data_02_mir/recover-20220922/UBNA_001/20220921_090000.WAV,Telephone Field,recover-20220922,001,1795
853.5035,853.5108,22890,31618,Plecotus austriacus,0.019,0.036,-1,Echolocation,/mnt/ubna_data_02_mir/recover-20220922/UBNA_001/20220921_090000.WAV,Telephone Field,recover-20220922,001,1795
853.5195,853.5587,68437,82288,Rhinolophus ferrumequinum,0.023,0.023,-1,Echolocation,/mnt/ubna_data_02_mir/recover-20220922/UBNA_001/20220921_090000.WAV,Telephone Field,recover-20220922,001,1795
853.5225,853.5337,28906,34773,Eptesicus serotinus,0.014,0.026,-1,Echolocation,/mnt/ubna_data_02_mir/recover-20220922/UBNA_001/20220921_090000.WAV,Telephone Field,recover-20220922,001,1795
853.5665,853.5732,28906,38881,Myotis daubentonii,0.006,0.025,-1,Echolocation,/mnt/ubna_data_02_mir/recover-20220922/UBNA_001/20220921_090000.WAV,Telephone Field,recover-20220922,001,1795
853.5675,853.602,68437,81350,Rhinolophus ferrumequinum,0.021,0.021,-1,Echolocation,/mnt/ubna_data_02_mir/recover-20220922/UBNA_001/20220921_090000.WAV,Telephone Field,recover-20220922,001,1795
853.5905,853.6285,68437,82095,Rhinolophus ferrumequinum,0.021,0.021,-1,Echolocation,/mnt/ubna_data_02_mir/recover-20220922/UBNA_001/20220921_090000.WAV,Telephone Field,recover-20220922,001,1795
853.5925,853.6,23750,31922,Plecotus austriacus,0.012,0.026,-1,Echolocation,/mnt/ubna_data_02_mir/recover-20220922/UBNA_001/20220921_090000.WAV,Telephone Field,recover-20220922,001,1795
853.6055,853.6413,68437,81473,Rhinolophus ferrumequinum,0.022,0.022,-1,Echolocation,/mnt/ubna_data_02_mir/recover-20220922/UBNA_001/20220921_090000.WAV,Telephone Field,recover-20220922,001,1795
853.6295,853.6704,68437,82933,Rhinolophus ferrumequinum,0.025,0.025,-1,Echolocation,/mnt/ubna_data_02_mir/recover-20220922/UBNA_001/20220921_090000.WAV,Telephone Field,recover-20220922,001,1795
853.6495,853.6557,28046,42053,Eptesicus serotinus,0.007,0.03,-1,Echolocation,/mnt/ubna_data_02_mir/recover-20220922/UBNA_001/20220921_090000.WAV,Telephone Field,recover-20220922,001,1795
853.6565,853.6918000000001,68437,81679,Rhinolophus ferrumequinum,0.022,0.022,-1,Echolocation,/mnt/ubna_data_02_mir/recover-20220922/UBNA_001/20220921_090000.WAV,Telephone Field,recover-20220922,001,1795
853.6625,853.7005,68437,81940,Rhinolophus ferrumequinum,0.021,0.021,-1,Echolocation,/mnt/ubna_data_02_mir/recover-20220922/UBNA_001/20220921_090000.WAV,Telephone Field,recover-20220922,001,1795
853.6675,853.7077,68437,82507,Rhinolophus ferrumequinum,0.022,0.022,-1,Echolocation,/mnt/ubna_data_02_mir/recover-20220922/UBNA_001/20220921_090000.WAV,Telephone Field,recover-20220922,001,1795
853.6795,853.6887,47812,51660,Pipistrellus pipistrellus,0.023,0.026,-1,Echolocation,/mnt/ubna_data_02_mir/recover-20220922/UBNA_001/20220921_090000.WAV,Telephone Field,recover-20220922,001,1795
853.7295,853.7662,68437,81476,Rhinolophus ferrumequinum,0.021,0.021,-1,Echolocation,/mnt/ubna_data_02_mir/recover-20220922/UBNA_001/20220921_090000.WAV,Telephone Field,recover-20220922,001,1795
853.7555,853.7652,22890,28875,Nyctalus leisleri,0.009,0.023,-1,Echolocation,/mnt/ubna_data_02_mir/recover-20220922/UBNA_001/20220921_090000.WAV,Telephone Field,recover-20220922,001,1795
853.8055,853.8125,28046,39190,Eptesicus serotinus,0.006,0.021,-1,Echolocation,/mnt/ubna_data_02_mir/recover-20220922/UBNA_001/20220921_090000.WAV,Telephone Field,recover-20220922,001,1795
853.8185,853.8291,28906,35672,Eptesicus serotinus,0.01,0.022,-1,Echolocation,/mnt/ubna_data_02_mir/recover-20220922/UBNA_001/20220921_090000.WAV,Telephone Field,recover-20220922,001,1795
853.8575,853.8965,68437,81515,Rhinolophus ferrumequinum,0.023,0.023,-1,Echolocation,/mnt/ubna_data_02_mir/recover-20220922/UBNA_001/20220921_090000.WAV,Telephone Field,recover-20220922,001,1795
853.8875,853.9264,68437,82189,Rhinolophus ferrumequinum,0.023,0.023,-1,Echolocation,/mnt/ubna_data_02_mir/recover-20220922/UBNA_001/20220921_090000.WAV,Telephone Field,recover-20220922,001,1795
853.8925,853.9063,37500,41303,Pipistrellus nathusii,0.015,0.025,-1,Echolocation,/mnt/ubna_data_02_mir/recover-20220922/UBNA_001/20220921_090000.WAV,Telephone Field,recover-20220922,001,1795
853.8935,853.9311,68437,81376,Rhinolophus ferrumequinum,0.023,0.023,-1,Echolocation,/mnt/ubna_data_02_mir/recover-20220922/UBNA_001/20220921_090000.WAV,Telephone Field,recover-20220922,001,1795
853.8945,853.9027,24609,33193,Eptesicus serotinus,0.007,0.027,-1,Echolocation,/mnt/ubna_data_02_mir/recover-20220922/UBNA_001/20220921_090000.WAV,Telephone Field,recover-20220922,001,1795
853.9275,853.9377,23750,31449,Nyctalus leisleri,0.011,0.035,-1,Echolocation,/mnt/ubna_data_02_mir/recover-20220922/UBNA_001/20220921_090000.WAV,Telephone Field,recover-20220922,001,1795
853.9495,853.9912,68437,82780,Rhinolophus ferrumequinum,0.032,0.032,-1,Echolocation,/mnt/ubna_data_02_mir/recover-20220922/UBNA_001/20220921_090000.WAV,Telephone Field,recover-20220922,001,1795
853.9645,853.9751,22890,27992,Nyctalus leisleri,0.011,0.022,-1,Echolocation,/mnt/ubna_data_02_mir/recover-20220922/UBNA_001/20220921_090000.WAV,Telephone Field,recover-20220922,001,1795
853.9825,853.9907,28906,37819,Eptesicus serotinus,0.009,0.024,-1,Echolocation,/mnt/ubna_data_02_mir/recover-20220922/UBNA_001/20220921_090000.WAV,Telephone Field,recover-20220922,001,1795
854.0015,854.0345,68437,80499,Rhinolophus ferrumequinum,0.047,0.048,-1,Echolocation,/mnt/ubna_data_02_mir/recover-20220922/UBNA_001/20220921_090000.WAV,Telephone Field,recover-20220922,001,1795
854.0015,854.0161,53828,58824,Pipistrellus pygmaeus,0.02,0.025,-1,Echolocation,/mnt/ubna_data_02_mir/recover-20220922/UBNA_001/20220921_090000.WAV,Telephone Field,recover-20220922,001,1795
854.0015,854.0133,48671,55499,Pipistrellus pipistrellus,0.019,0.025,-1,Echolocation,/mnt/ubna_data_02_mir/recover-20220922/UBNA_001/20220921_090000.WAV,Telephone Field,recover-20220922,001,1795
854.0015,854.0109,22890,29186,Nyctalus leisleri,0.011,0.028,-1,Echolocation,/mnt/ubna_data_02_mir/recover-20220922/UBNA_001/20220921_090000.WAV,Telephone Field,recover-20220922,001,1795
854.0085,854.0192,22890,27491,Nyctalus leisleri,0.01,0.022,-1,Echolocation,/mnt/ubna_data_02_mir/recover-20220922/UBNA_001/20220921_090000.WAV,Telephone Field,recover-20220922,001,1795
854.0095,854.0516,68437,82586,Rhinolophus ferrumequinum,0.024,0.024,-1,Echolocation,/mnt/ubna_data_02_mir/recover-20220922/UBNA_001/20220921_090000.WAV,Telephone Field,recover-20220922,001,1795
854.0305,854.0427999999999,26328,32247,Eptesicus serotinus,0.012,0.027,-1,Echolocation,/mnt/ubna_data_02_mir/recover-20220922/UBNA_001/20220921_090000.WAV,Telephone Field,recover-20220922,001,1795
854.0595,854.0678,50390,54759,Pipistrellus pipistrellus,0.019,0.022,-1,Echolocation,/mnt/ubna_data_02_mir/recover-20220922/UBNA_001/20220921_090000.WAV,Telephone Field,recover-20220922,001,1795
854.0995,854.1075,23750,32327,Plecotus austriacus,0.011,0.032,-1,Echolocation,/mnt/ubna_data_02_mir/recover-20220922/UBNA_001/20220921_090000.WAV,Telephone Field,recover-20220922,001,1795
854.1205,854.1602,68437,82657,Rhinolophus ferrumequinum,0.023,0.023,-1,Echolocation,/mnt/ubna_data_02_mir/recover-20220922/UBNA_001/20220921_090000.WAV,Telephone Field,recover-20220922,001,1795
854.1325,854.1739,68437,83041,Rhinolophus ferrumequinum,0.024,0.024,-1,Echolocation,/mnt/ubna_data_02_mir/recover-20220922/UBNA_001/20220921_090000.WAV,Telephone Field,recover-20220922,001,1795
854.1335,854.1409,24609,33842,Plecotus austriacus,0.005,0.022,-1,Echolocation,/mnt/ubna_data_02_mir/recover-20220922/UBNA_001/20220921_090000.WAV,Telephone Field,recover-20220922,001,1795
854.1665,854.1751,28046,37426,Eptesicus serotinus,0.009,0.023,-1,Echolocation,/mnt/ubna_data_02_mir/recover-20220922/UBNA_001/20220921_090000.WAV,Telephone Field,recover-20220922,001,1795
854.1985,854.2042,51250,56994,Pipistrellus pipistrellus,0.02,0.023,-1,Echolocation,/mnt/ubna_data_02_mir/recover-20220922/UBNA_001/20220921_090000.WAV,Telephone Field,recover-20220922,001,1795
854.2385,854.2461,55546,59893,Pipistrellus pygmaeus,0.022,0.023,-1,Echolocation,/mnt/ubna_data_02_mir/recover-20220922/UBNA_001/20220921_090000.WAV,Telephone Field,recover-20220922,001,1795
854.2595,854.2972,68437,81789,Rhinolophus ferrumequinum,0.031,0.031,-1,Echolocation,/mnt/ubna_data_02_mir/recover-20220922/UBNA_001/20220921_090000.WAV,Telephone Field,recover-20220922,001,1795
854.2695,854.2813,22890,28363,Nyctalus leisleri,0.01,0.023,-1,Echolocation,/mnt/ubna_data_02_mir/recover-20220922/UBNA_001/20220921_090000.WAV,Telephone Field,recover-20220922,001,1795
854.2875,854.3245,68437,81688,Rhinolophus ferrumequinum,0.027,0.027,-1,Echolocation,/mnt/ubna_data_02_mir/recover-20220922/UBNA_001/20220921_090000.WAV,Telephone Field,recover-20220922,001,1795
854.3055,854.3431,68437,81887,Rhinolophus ferrumequinum,0.023,0.023,-1,Echolocation,/mnt/ubna_data_02_mir/recover-20220922/UBNA_001/20220921_090000.WAV,Telephone Field,recover-20220922,001,1795
854.3085,854.315,27187,46199,Eptesicus serotinus,0.006,0.021,-1,Echolocation,/mnt/ubna_data_02_mir/recover-20220922/UBNA_001/20220921_090000.WAV,Telephone Field,recover-20220922,001,1795
854.3375,854.3797,68437,82949,Rhinolophus ferrumequinum,0.023,0.023,-1,Echolocation,/mnt/ubna_data_02_mir/recover-20220922/UBNA_001/20220921_090000.WAV,Telephone Field,recover-20220922,001,1795
854.3815,854.3896,28046,37172,Eptesicus serotinus,0.007,0.022,-1,Echolocation,/mnt/ubna_data_02_mir/recover-20220922/UBNA_001/20220921_090000.WAV,Telephone Field,recover-20220922,001,1795
854.4195,854.4579,68437,82214,Rhinolophus ferrumequinum,0.025,0.025,-1,Echolocation,/mnt/ubna_data_02_mir/recover-20220922/UBNA_001/20220921_090000.WAV,Telephone Field,recover-20220922,001,1795
854.4575,854.499,68437,82841,Rhinolophus ferrumequinum,0.032,0.032,-1,Echolocation,/mnt/ubna_data_02_mir/recover-20220922/UBNA_001/20220921_090000.WAV,Telephone Field,recover-20220922,001,1795
854.4785,854.521,68437,83045,Rhinolophus ferrumequinum,0.026,0.026,-1,Echolocation,/mnt/ubna_data_02_mir/recover-20220922/UBNA_001/20220921_090000.WAV,Telephone Field,recover-20220922,001,1795
854.5395,854.5767,68437,82164,Rhinolophus ferrumequinum,0.028,0.028,-1,Echolocation,/mnt/ubna_data_02_mir/recover-20220922/UBNA_001/20220921_090000.WAV,Telephone Field,recover-20220922,001,1795
854.5725,854.6156,68437,83514,Rhinolophus ferrumequinum,0.037,0.037,-1,Echolocation,/mnt/ubna_data_02_mir/recover-20220922/UBNA_001/20220921_090000.WAV,Telephone Field,recover-20220922,001,1795
854.5725,854.5812,15156,24105,Plecotus auritus,0.016,0.033,-1,Echolocation,/mnt/ubna_data_02_mir/recover-20220922/UBNA_001/20220921_090000.WAV,Telephone Field,recover-20220922,001,1795
854.5925,854.6305,68437,82294,Rhinolophus ferrumequinum,0.021,0.021,-1,Echolocation,/mnt/ubna_data_02_mir/recover-20220922/UBNA_001/20220921_090000.WAV,Telephone Field,recover-20220922,001,1795
854.5995,854.6085,28046,38086,Eptesicus serotinus,0.009,0.023,-1,Echolocation,/mnt/ubna_data_02_mir/recover-20220922/UBNA_001/20220921_090000.WAV,Telephone Field,recover-20220922,001,1795
854.6445,854.6521,31484,40523,Myotis daubentonii,0.013,0.028,-1,Echolocation,/mnt/ubna_data_02_mir/recover-20220922/UBNA_001/20220921_090000.WAV,Telephone Field,recover-20220922,001,1795
854.6745,854.7158,68437,82880,Rhinolophus ferrumequinum,0.028,0.028,-1,Echolocation,/mnt/ubna_data_02_mir/recover-20220922/UBNA_001/20220921_090000.WAV,Telephone Field,recover-20220922,001,1795
854.6925,854.7016,27187,35791,Eptesicus serotinus,0.009,0.023,-1,Echolocation,/mnt/ubna_data_02_mir/recover-20220922/UBNA_001/20220921_090000.WAV,Telephone Field,recover-20220922,001,1795
854.7005,854.7109,22031,27670,Nyctalus leisleri,0.011,0.028,-1,Echolocation,/mnt/ubna_data_02_mir/recover-20220922/UBNA_001/20220921_090000.WAV,Telephone Field,recover-20220922,001,1795
854.7295,854.7695,68437,82852,Rhinolophus ferrumequinum,0.024,0.024,-1,Echolocation,/mnt/ubna_data_02_mir/recover-20220922/UBNA_001/20220921_090000.WAV,Telephone Field,recover-20220922,001,1795
854.7815,854.7895,28046,36727,Eptesicus serotinus,0.011,0.027,-1,Echolocation,/mnt/ubna_data_02_mir/recover-20220922/UBNA_001/20220921_090000.WAV,Telephone Field,recover-20220922,001,1795
854.8465,854.857,23750,29620,Nyctalus leisleri,0.01,0.024,-1,Echolocation,/mnt/ubna_data_02_mir/recover-20220922/UBNA_001/20220921_090000.WAV,Telephone Field,recover-20220922,001,1795
854.8545,854.8641,48671,52297,Pipistrellus pipistrellus,0.02,0.024,-1,Echolocation,/mnt/ubna_data_02_mir/recover-20220922/UBNA_001/20220921_090000.WAV,Telephone Field,recover-20220922,001,1795
854.8965,854.9136,20312,24183,Nyctalus leisleri,0.012,0.026,-1,Echolocation,/mnt/ubna_data_02_mir/recover-20220922/UBNA_001/20220921_090000.WAV,Telephone Field,recover-20220922,001,1795
854.9205,854.9591,68437,82167,Rhinolophus ferrumequinum,0.022,0.022,-1,Echolocation,/mnt/ubna_data_02_mir/recover-20220922/UBNA_001/20220921_090000.WAV,Telephone Field,recover-20220922,001,1795
854.9975,855.0056,28046,40406,Eptesicus serotinus,0.007,0.022,-1,Echolocation,/mnt/ubna_data_02_mir/recover-20220922/UBNA_001/20220921_090000.WAV,Telephone Field,recover-20220922,001,1795
855.0105,855.0484,68437,82145,Rhinolophus ferrumequinum,0.023,0.023,-1,Echolocation,/mnt/ubna_data_02_mir/recover-20220922/UBNA_001/20220921_090000.WAV,Telephone Field,recover-20220922,001,1795
855.0165,855.0271,22890,27468,Nyctalus leisleri,0.012,0.025,-1,Echolocation,/mnt/ubna_data_02_mir/recover-20220922/UBNA_001/20220921_090000.WAV,Telephone Field,recover-20220922,001,1795
855.0435,855.0781,68437,81146,Rhinolophus ferrumequinum,0.028,0.028,-1,Echolocation,/mnt/ubna_data_02_mir/recover-20220922/UBNA_001/20220921_090000.WAV,Telephone Field,recover-20220922,001,1795
855.0775,855.095,21171,24736,Nyctalus leisleri,0.022,0.043,-1,Echolocation,/mnt/ubna_data_02_mir/recover-20220922/UBNA_001/20220921_090000.WAV,Telephone Field,recover-20220922,001,1795
855.1025,855.1388,68437,81829,Rhinolophus ferrumequinum,0.023,0.023,-1,Echolocation,/mnt/ubna_data_02_mir/recover-20220922/UBNA_001/20220921_090000.WAV,Telephone Field,recover-20220922,001,1795
855.1605,855.2016,68437,82663,Rhinolophus ferrumequinum,0.025,0.025,-1,Echolocation,/mnt/ubna_data_02_mir/recover-20220922/UBNA_001/20220921_090000.WAV,Telephone Field,recover-20220922,001,1795
855.2085,855.2161,22890,31074,Plecotus austriacus,0.01,0.022,-1,Echolocation,/mnt/ubna_data_02_mir/recover-20220922/UBNA_001/20220921_090000.WAV,Telephone Field,recover-20220922,001,1795
855.2365,855.2777,68437,83044,Rhinolophus ferrumequinum,0.034,0.034,-1,Echolocation,/mnt/ubna_data_02_mir/recover-20220922/UBNA_001/20220921_090000.WAV,Telephone Field,recover-20220922,001,1795
855.2705,855.3093,68437,82692,Rhinolophus ferrumequinum,0.023,0.023,-1,Echolocation,/mnt/ubna_data_02_mir/recover-20220922/UBNA_001/20220921_090000.WAV,Telephone Field,recover-20220922,001,1795
855.2865,855.3247,68437,82270,Rhinolophus ferrumequinum,0.022,0.022,-1,Echolocation,/mnt/ubna_data_02_mir/recover-20220922/UBNA_001/20220921_090000.WAV,Telephone Field,recover-20220922,001,1795
855.2925,855.3021,28906,37618,Eptesicus serotinus,0.012,0.028,-1,Echolocation,/mnt/ubna_data_02_mir/recover-20220922/UBNA_001/20220921_090000.WAV,Telephone Field,recover-20220922,001,1795
855.3065,855.341,68437,81386,Rhinolophus ferrumequinum,0.021,0.021,-1,Echolocation,/mnt/ubna_data_02_mir/recover-20220922/UBNA_001/20220921_090000.WAV,Telephone Field,recover-20220922,001,1795
855.3385,855.3455,28046,45781,Eptesicus serotinus,0.007,0.023,-1,Echolocation,/mnt/ubna_data_02_mir/recover-20220922/UBNA_001/20220921_090000.WAV,Telephone Field,recover-20220922,001,1795
855.3385,855.3816,68437,83458,Rhinolophus ferrumequinum,0.041,0.041,-1,Echolocation,/mnt/ubna_data_02_mir/recover-20220922/UBNA_001/20220921_090000.WAV,Telephone Field,recover-20220922,001,1795
855.3605,855.3701,22031,27873,Nyctalus leisleri,0.008,0.021,-1,Echolocation,/mnt/ubna_data_02_mir/recover-20220922/UBNA_001/20220921_090000.WAV,Telephone Field,recover-20220922,001,1795
855.3845,855.3957,24609,31057,Nyctalus leisleri,0.021,0.051,-1,Echolocation,/mnt/ubna_data_02_mir/recover-20220922/UBNA_001/20220921_090000.WAV,Telephone Field,recover-20220922,001,1795
855.3955,855.4377,68437,83196,Rhinolophus ferrumequinum,0.029,0.029,-1,Echolocation,/mnt/ubna_data_02_mir/recover-20220922/UBNA_001/20220921_090000.WAV,Telephone Field,recover-20220922,001,1795
855.4195,855.4303,22890,28133,Nyctalus leisleri,0.01,0.022,-1,Echolocation,/mnt/ubna_data_02_mir/recover-20220922/UBNA_001/20220921_090000.WAV,Telephone Field,recover-20220922,001,1795
855.4345,855.4452,45234,49151,Pipistrellus pipistrellus,0.03,0.033,-1,Echolocation,/mnt/ubna_data_02_mir/recover-20220922/UBNA_001/20220921_090000.WAV,Telephone Field,recover-20220922,001,1795
855.4635,855.4768,15156,21883,Nyctalus noctula,0.017,0.026,-1,Echolocation,/mnt/ubna_data_02_mir/recover-20220922/UBNA_001/20220921_090000.WAV,Telephone Field,recover-20220922,001,1795
855.4645,855.5018,68437,81403,Rhinolophus ferrumequinum,0.021,0.021,-1,Echolocation,/mnt/ubna_data_02_mir/recover-20220922/UBNA_001/20220921_090000.WAV,Telephone Field,recover-20220922,001,1795
855.5025,855.5117,22031,28171,Plecotus austriacus,0.009,0.025,-1,Echolocation,/mnt/ubna_data_02_mir/recover-20220922/UBNA_001/20220921_090000.WAV,Telephone Field,recover-20220922,001,1795
855.5305,855.5407,27187,35647,Eptesicus serotinus,0.01,0.022,-1,Echolocation,/mnt/ubna_data_02_mir/recover-20220922/UBNA_001/20220921_090000.WAV,Telephone Field,recover-20220922,001,1795
855.5735,855.6123,68437,82633,Rhinolophus ferrumequinum,0.028,0.028,-1,Echolocation,/mnt/ubna_data_02_mir/recover-20220922/UBNA_001/20220921_090000.WAV,Telephone Field,recover-20220922,001,1795
855.5765,855.585,27187,37188,Eptesicus serotinus,0.008,0.023,-1,Echolocation,/mnt/ubna_data_02_mir/recover-20220922/UBNA_001/20220921_090000.WAV,Telephone Field,recover-20220922,001,1795
855.5935,855.6341,68437,82120,Rhinolophus ferrumequinum,0.027,0.027,-1,Echolocation,/mnt/ubna_data_02_mir/recover-20220922/UBNA_001/20220921_090000.WAV,Telephone Field,recover-20220922,001,1795
855.6535,855.6638,24609,32302,Nyctalus leisleri,0.009,0.026,-1,Echolocation,/mnt/ubna_data_02_mir/recover-20220922/UBNA_001/20220921_090000.WAV,Telephone Field,recover-20220922,001,1795
855.6885,855.7264,68437,81800,Rhinolophus ferrumequinum,0.023,0.023,-1,Echolocation,/mnt/ubna_data_02_mir/recover-20220922/UBNA_001/20220921_090000.WAV,Telephone Field,recover-20220922,001,1795
855.7145,855.7509,68437,81814,Rhinolophus ferrumequinum,0.024,0.024,-1,Echolocation,/mnt/ubna_data_02_mir/recover-20220922/UBNA_001/20220921_090000.WAV,Telephone Field,recover-20220922,001,1795
855.7305,855.7427,22890,28276,Nyctalus leisleri,0.014,0.027,-1,Echolocation,/mnt/ubna_data_02_mir/recover-20220922/UBNA_001/20220921_090000.WAV,Telephone Field,recover-20220922,001,1795
855.7345,855.771,68437,81777,Rhinolophus ferrumequinum,0.022,0.022,-1,Echolocation,/mnt/ubna_data_02_mir/recover-20220922/UBNA_001/20220921_090000.WAV,Telephone Field,recover-20220922,001,1795
855.7485,855.7638,52968,57004,Pipistrellus pygmaeus,0.025,0.031,-1,Echolocation,/mnt/ubna_data_02_mir/recover-20220922/UBNA_001/20220921_090000.WAV,Telephone Field,recover-20220922,001,1795
855.7785,855.8144,68437,81906,Rhinolophus ferrumequinum,0.022,0.022,-1,Echolocation,/mnt/ubna_data_02_mir/recover-20220922/UBNA_001/20220921_090000.WAV,Telephone Field,recover-20220922,001,1795
855.7905,855.8281,68437,81352,Rhinolophus ferrumequinum,0.021,0.022,-1,Echolocation,/mnt/ubna_data_02_mir/recover-20220922/UBNA_001/20220921_090000.WAV,Telephone Field,recover-20220922,001,1795
855.8045,855.8399,68437,81098,Rhinolophus ferrumequinum,0.021,0.021,-1,Echolocation,/mnt/ubna_data_02_mir/recover-20220922/UBNA_001/20220921_090000.WAV,Telephone Field,recover-20220922,001,1795
855.8195,855.8274,24609,33320,Plecotus austriacus,0.011,0.034,-1,Echolocation,/mnt/ubna_data_02_mir/recover-20220922/UBNA_001/20220921_090000.WAV,Telephone Field,recover-20220922,001,1795
855.8295,855.8662,68437,81997,Rhinolophus ferrumequinum,0.022,0.022,-1,Echolocation,/mnt/ubna_data_02_mir/recover-20220922/UBNA_001/20220921_090000.WAV,Telephone Field,recover-20220922,001,1795
855.8755,855.915,68437,82565,Rhinolophus ferrumequinum,0.022,0.022,-1,Echolocation,/mnt/ubna_data_02_mir/recover-20220922/UBNA_001/20220921_090000.WAV,Telephone Field,recover-20220922,001,1795
855.8765,855.884,22890,31619,Plecotus austriacus,0.013,0.026,-1,Echolocation,/mnt/ubna_data_02_mir/recover-20220922/UBNA_001/20220921_090000.WAV,Telephone Field,recover-20220922,001,1795
855.8875,855.8981,28906,35968,Eptesicus serotinus,0.01,0.022,-1,Echolocation,/mnt/ubna_data_02_mir/recover-20220922/UBNA_001/20220921_090000.WAV,Telephone Field,recover-20220922,001,1795
855.9225,855.9306,23750,32563,Plecotus austriacus,0.009,0.024,-1,Echolocation,/mnt/ubna_data_02_mir/recover-20220922/UBNA_001/20220921_090000.WAV,Telephone Field,recover-20220922,001,1795
855.9355,855.9463,28906,35371,Eptesicus serotinus,0.01,0.022,-1,Echolocation,/mnt/ubna_data_02_mir/recover-20220922/UBNA_001/20220921_090000.WAV,Telephone Field,recover-20220922,001,1795
856.0015,856.009,26328,35859,Eptesicus serotinus,0.005,0.024,-1,Echolocation,/mnt/ubna_data_02_mir/recover-20220922/UBNA_001/20220921_090000.WAV,Telephone Field,recover-20220922,001,1795
856.0675,856.1062,68437,82374,Rhinolophus ferrumequinum,0.023,0.023,-1,Echolocation,/mnt/ubna_data_02_mir/recover-20220922/UBNA_001/20220921_090000.WAV,Telephone Field,recover-20220922,001,1795
856.1085,856.1476,68437,82728,Rhinolophus ferrumequinum,0.024,0.024,-1,Echolocation,/mnt/ubna_data_02_mir/recover-20220922/UBNA_001/20220921_090000.WAV,Telephone Field,recover-20220922,001,1795
856.1185,856.1582,68437,82071,Rhinolophus ferrumequinum,0.022,0.022,-1,Echolocation,/mnt/ubna_data_02_mir/recover-20220922/UBNA_001/20220921_090000.WAV,Telephone Field,recover-20220922,001,1795
856.1315,856.1718,68437,82339,Rhinolophus ferrumequinum,0.023,0.023,-1,Echolocation,/mnt/ubna_data_02_mir/recover-20220922/UBNA_001/20220921_090000.WAV,Telephone Field,recover-20220922,001,1795
856.1445,856.154,28046,36768,Eptesicus serotinus,0.011,0.025,-1,Echolocation,/mnt/ubna_data_02_mir/recover-20220922/UBNA_001/20220921_090000.WAV,Telephone Field,recover-20220922,001,1795
856.1585,856.2022,68437,83641,Rhinolophus ferrumequinum,0.049,0.049,-1,Echolocation,/mnt/ubna_data_02_mir/recover-20220922/UBNA_001/20220921_090000.WAV,Telephone Field,recover-20220922,001,1795
856.2075,856.2481,68437,81930,Rhinolophus ferrumequinum,0.022,0.022,-1,Echolocation,/mnt/ubna_data_02_mir/recover-20220922/UBNA_001/20220921_090000.WAV,Telephone Field,recover-20220922,001,1795
856.2095,856.2169,25468,34454,Eptesicus serotinus,0.006,0.022,-1,Echolocation,/mnt/ubna_data_02_mir/recover-20220922/UBNA_001/20220921_090000.WAV,Telephone Field,recover-20220922,001,1795
856.2365,856.2499,23750,28792,Nyctalus leisleri,0.014,0.028,-1,Echolocation,/mnt/ubna_data_02_mir/recover-20220922/UBNA_001/20220921_090000.WAV,Telephone Field,recover-20220922,001,1795
856.2535,856.2927,68437,82604,Rhinolophus ferrumequinum,0.022,0.022,-1,Echolocation,/mnt/ubna_data_02_mir/recover-20220922/UBNA_001/20220921_090000.WAV,Telephone Field,recover-20220922,001,1795
856.2835,856.3238,68437,82725,Rhinolophus ferrumequinum,0.026,0.026,-1,Echolocation,/mnt/ubna_data_02_mir/recover-20220922/UBNA_001/20220921_090000.WAV,Telephone Field,recover-20220922,001,1795
856.2945,856.3396,68437,83367,Rhinolophus ferrumequinum,0.031,0.031,-1,Echolocation,/mnt/ubna_data_02_mir/recover-20220922/UBNA_001/20220921_090000.WAV,Telephone Field,recover-20220922,001,1795
856.3015,856.3444,68437,83151,Rhinolophus ferrumequinum,0.029,0.029,-1,Echolocation,/mnt/ubna_data_02_mir/recover-20220922/UBNA_001/20220921_090000.WAV,Telephone Field,recover-20220922,001,1795
856.3455,856.3529,23750,32910,Plecotus austriacus,0.01,0.025,-1,Echolocation,/mnt/ubna_data_02_mir/recover-20220922/UBNA_001/20220921_090000.WAV,Telephone Field,recover-20220922,001,1795
856.3785,856.3858,28906,41128,Eptesicus serotinus,0.007,0.022,-1,Echolocation,/mnt/ubna_data_02_mir/recover-20220922/UBNA_001/20220921_090000.WAV,Telephone Field,recover-20220922,001,1795
856.3815,856.4166,68437,81289,Rhinolophus ferrumequinum,0.024,0.025,-1,Echolocation,/mnt/ubna_data_02_mir/recover-20220922/UBNA_001/20220921_090000.WAV,Telephone Field,recover-20220922,001,1795
856.4235,856.4652,68437,82756,Rhinolophus ferrumequinum,0.044,0.044,-1,Echolocation,/mnt/ubna_data_02_mir/recover-20220922/UBNA_001/20220921_090000.WAV,Telephone Field,recover-20220922,001,1795
856.4955,856.5022,27187,37270,Eptesicus serotinus,0.007,0.023,-1,Echolocation,/mnt/ubna_data_02_mir/recover-20220922/UBNA_001/20220921_090000.WAV,Telephone Field,recover-20220922,001,1795
856.5295,856.5697,68437,81955,Rhinolophus ferrumequinum,0.026,0.026,-1,Echolocation,/mnt/ubna_data_02_mir/recover-20220922/UBNA_001/20220921_090000.WAV,Telephone Field,recover-20220922,001,1795
856.5505,856.5871,68437,81728,Rhinolophus ferrumequinum,0.023,0.023,-1,Echolocation,/mnt/ubna_data_02_mir/recover-20220922/UBNA_001/20220921_090000.WAV,Telephone Field,recover-20220922,001,1795
856.5715,856.6109,68437,82209,Rhinolophus ferrumequinum,0.023,0.023,-1,Echolocation,/mnt/ubna_data_02_mir/recover-20220922/UBNA_001/20220921_090000.WAV,Telephone Field,recover-20220922,001,1795
856.6055,856.6461,68437,83055,Rhinolophus ferrumequinum,0.028,0.028,-1,Echolocation,/mnt/ubna_data_02_mir/recover-20220922/UBNA_001/20220921_090000.WAV,Telephone Field,recover-20220922,001,1795
856.6295,856.6703,68437,82953,Rhinolophus ferrumequinum,0.029,0.029,-1,Echolocation,/mnt/ubna_data_02_mir/recover-20220922/UBNA_001/20220921_090000.WAV,Telephone Field,recover-20220922,001,1795
856.6525,856.6901,68437,81492,Rhinolophus ferrumequinum,0.022,0.022,-1,Echolocation,/mnt/ubna_data_02_mir/recover-20220922/UBNA_001/20220921_090000.WAV,Telephone Field,recover-20220922,001,1795
856.6715,856.7073,68437,82144,Rhinolophus ferrumequinum,0.026,0.026,-1,Echolocation,/mnt/ubna_data_02_mir/recover-20220922/UBNA_001/20220921_090000.WAV,Telephone Field,recover-20220922,001,1795
856.6725,856.6794,28046,40432,Eptesicus serotinus,0.007,0.021,-1,Echolocation,/mnt/ubna_data_02_mir/recover-20220922/UBNA_001/20220921_090000.WAV,Telephone Field,recover-20220922,001,1795
856.6875,856.7279,68437,82521,Rhinolophus ferrumequinum,0.027,0.027,-1,Echolocation,/mnt/ubna_data_02_mir/recover-20220922/UBNA_001/20220921_090000.WAV,Telephone Field,recover-20220922,001,1795
856.7095,856.7454,68437,81251,Rhinolophus ferrumequinum,0.023,0.023,-1,Echolocation,/mnt/ubna_data_02_mir/recover-20220922/UBNA_001/20220921_090000.WAV,Telephone Field,recover-20220922,001,1795
856.7625,856.8077,68437,83322,Rhinolophus ferrumequinum,0.036,0.036,-1,Echolocation,/mnt/ubna_data_02_mir/recover-20220922/UBNA_001/20220921_090000.WAV,Telephone Field,recover-20220922,001,1795
856.7755,856.7812,36640,46051,Barbastellus barbastellus,0.008,0.026,-1,Echolocation,/mnt/ubna_data_02_mir/recover-20220922/UBNA_001/20220921_090000.WAV,Telephone Field,recover-20220922,001,1795
856.7815,856.7877,28906,40227,Eptesicus serotinus,0.006,0.027,-1,Echolocation,/mnt/ubna_data_02_mir/recover-20220922/UBNA_001/20220921_090000.WAV,Telephone Field,recover-20220922,001,1795
856.7895,856.8304,68437,83163,Rhinolophus ferrumequinum,0.034,0.034,-1,Echolocation,/mnt/ubna_data_02_mir/recover-20220922/UBNA_001/20220921_090000.WAV,Telephone Field,recover-20220922,001,1795
856.7975,856.8088,24609,29590,Nyctalus leisleri,0.012,0.029,-1,Echolocation,/mnt/ubna_data_02_mir/recover-20220922/UBNA_001/20220921_090000.WAV,Telephone Field,recover-20220922,001,1795
856.8155,856.8549,68437,82082,Rhinolophus ferrumequinum,0.021,0.021,-1,Echolocation,/mnt/ubna_data_02_mir/recover-20220922/UBNA_001/20220921_090000.WAV,Telephone Field,recover-20220922,001,1795
856.8435,856.881,68437,81497,Rhinolophus ferrumequinum,0.023,0.023,-1,Echolocation,/mnt/ubna_data_02_mir/recover-20220922/UBNA_001/20220921_090000.WAV,Telephone Field,recover-20220922,001,1795
856.8555,856.8663,22031,26927,Nyctalus leisleri,0.011,0.022,-1,Echolocation,/mnt/ubna_data_02_mir/recover-20220922/UBNA_001/20220921_090000.WAV,Telephone Field,recover-20220922,001,1795
856.8585,856.8668,28906,39145,Eptesicus serotinus,0.008,0.022,-1,Echolocation,/mnt/ubna_data_02_mir/recover-20220922/UBNA_001/20220921_090000.WAV,Telephone Field,recover-20220922,001,1795
856.8615,856.9037,68437,83207,Rhinolophus ferrumequinum,0.027,0.027,-1,Echolocation,/mnt/ubna_data_02_mir/recover-20220922/UBNA_001/20220921_090000.WAV,Telephone Field,recover-20220922,001,1795
856.8725,856.9125,68437,82530,Rhinolophus ferrumequinum,0.022,0.022,-1,Echolocation,/mnt/ubna_data_02_mir/recover-20220922/UBNA_001/20220921_090000.WAV,Telephone Field,recover-20220922,001,1795
856.8815,856.9197,68437,82327,Rhinolophus ferrumequinum,0.023,0.023,-1,Echolocation,/mnt/ubna_data_02_mir/recover-20220922/UBNA_001/20220921_090000.WAV,Telephone Field,recover-20220922,001,1795
856.8905,856.9299,68437,82980,Rhinolophus ferrumequinum,0.026,0.026,-1,Echolocation,/mnt/ubna_data_02_mir/recover-20220922/UBNA_001/20220921_090000.WAV,Telephone Field,recover-20220922,001,1795
856.9175,856.9525,68437,81139,Rhinolophus ferrumequinum,0.021,0.021,-1,Echolocation,/mnt/ubna_data_02_mir/recover-20220922/UBNA_001/20220921_090000.WAV,Telephone Field,recover-20220922,001,1795
856.9355,856.9699,68437,81139,Rhinolophus ferrumequinum,0.023,0.023,-1,Echolocation,/mnt/ubna_data_02_mir/recover-20220922/UBNA_001/20220921_090000.WAV,Telephone Field,recover-20220922,001,1795
856.9405,856.9755,68437,81459,Rhinolophus ferrumequinum,0.023,0.023,-1,Echolocation,/mnt/ubna_data_02_mir/recover-20220922/UBNA_001/20220921_090000.WAV,Telephone Field,recover-20220922,001,1795
856.9565,856.9936,68437,82011,Rhinolophus ferrumequinum,0.022,0.022,-1,Echolocation,/mnt/ubna_data_02_mir/recover-20220922/UBNA_001/20220921_090000.WAV,Telephone Field,recover-20220922,001,1795
856.9605,856.9685,26328,35503,Eptesicus serotinus,0.011,0.026,-1,Echolocation,/mnt/ubna_data_02_mir/recover-20220922/UBNA_001/20220921_090000.WAV,Telephone Field,recover-20220922,001,1795
856.9725,857.01,68437,82286,Rhinolophus ferrumequinum,0.023,0.023,-1,Echolocation,/mnt/ubna_data_02_mir/recover-20220922/UBNA_001/20220921_090000.WAV,Telephone Field,recover-20220922,001,1795
857.0095,857.05,68437,82160,Rhinolophus ferrumequinum,0.022,0.022,-1,Echolocation,/mnt/ubna_data_02_mir/recover-20220922/UBNA_001/20220921_090000.WAV,Telephone Field,recover-20220922,001,1795
857.0185,857.0574,68437,82372,Rhinolophus ferrumequinum,0.023,0.023,-1,Echolocation,/mnt/ubna_data_02_mir/recover-20220922/UBNA_001/20220921_090000.WAV,Telephone Field,recover-20220922,001,1795
857.0355,857.0745,68437,81945,Rhinolophus ferrumequinum,0.032,0.032,-1,Echolocation,/mnt/ubna_data_02_mir/recover-20220922/UBNA_001/20220921_090000.WAV,Telephone Field,recover-20220922,001,1795
857.0725,857.1185,68437,83969,Rhinolophus ferrumequinum,0.088,0.088,-1,Echolocation,/mnt/ubna_data_02_mir/recover-20220922/UBNA_001/20220921_090000.WAV,Telephone Field,recover-20220922,001,1795
857.1045,857.1407,68437,81519,Rhinolophus ferrumequinum,0.023,0.023,-1,Echolocation,/mnt/ubna_data_02_mir/recover-20220922/UBNA_001/20220921_090000.WAV,Telephone Field,recover-20220922,001,1795
857.1115,857.1492,68437,81789,Rhinolophus ferrumequinum,0.023,0.023,-1,Echolocation,/mnt/ubna_data_02_mir/recover-20220922/UBNA_001/20220921_090000.WAV,Telephone Field,recover-20220922,001,1795
857.1265,857.1345,28046,36838,Eptesicus serotinus,0.009,0.022,-1,Echolocation,/mnt/ubna_data_02_mir/recover-20220922/UBNA_001/20220921_090000.WAV,Telephone Field,recover-20220922,001,1795
857.1275,857.1676,68437,82940,Rhinolophus ferrumequinum,0.031,0.031,-1,Echolocation,/mnt/ubna_data_02_mir/recover-20220922/UBNA_001/20220921_090000.WAV,Telephone Field,recover-20220922,001,1795
857.1695,857.2071,68437,81346,Rhinolophus ferrumequinum,0.021,0.021,-1,Echolocation,/mnt/ubna_data_02_mir/recover-20220922/UBNA_001/20220921_090000.WAV,Telephone Field,recover-20220922,001,1795
857.1715,857.1794,28046,40664,Eptesicus serotinus,0.01,0.025,-1,Echolocation,/mnt/ubna_data_02_mir/recover-20220922/UBNA_001/20220921_090000.WAV,Telephone Field,recover-20220922,001,1795
857.2025,857.2106,27187,39630,Eptesicus serotinus,0.008,0.022,-1,Echolocation,/mnt/ubna_data_02_mir/recover-20220922/UBNA_001/20220921_090000.WAV,Telephone Field,recover-20220922,001,1795
857.2155,857.258,68437,83076,Rhinolophus ferrumequinum,0.029,0.029,-1,Echolocation,/mnt/ubna_data_02_mir/recover-20220922/UBNA_001/20220921_090000.WAV,Telephone Field,recover-20220922,001,1795
857.2235000000001,857.234,28906,35617,Eptesicus serotinus,0.016,0.032,-1,Echolocation,/mnt/ubna_data_02_mir/recover-20220922/UBNA_001/20220921_090000.WAV,Telephone Field,recover-20220922,001,1795
857.2365,857.2738,68437,82955,Rhinolophus ferrumequinum,0.024,0.024,-1,Echolocation,/mnt/ubna_data_02_mir/recover-20220922/UBNA_001/20220921_090000.WAV,Telephone Field,recover-20220922,001,1795
857.2695,857.3103,68437,82754,Rhinolophus ferrumequinum,0.029,0.029,-1,Echolocation,/mnt/ubna_data_02_mir/recover-20220922/UBNA_001/20220921_090000.WAV,Telephone Field,recover-20220922,001,1795
857.3225,857.3324,42656,49141,Pipistrellus pipistrellus,0.016,0.023,-1,Echolocation,/mnt/ubna_data_02_mir/recover-20220922/UBNA_001/20220921_090000.WAV,Telephone Field,recover-20220922,001,1795
857.3395,857.3783,68437,82469,Rhinolophus ferrumequinum,0.032,0.032,-1,Echolocation,/mnt/ubna_data_02_mir/recover-20220922/UBNA_001/20220921_090000.WAV,Telephone Field,recover-20220922,001,1795
857.3425,857.3501,28906,39931,Eptesicus serotinus,0.007,0.024,-1,Echolocation,/mnt/ubna_data_02_mir/recover-20220922/UBNA_001/20220921_090000.WAV,Telephone Field,recover-20220922,001,1795
857.3575,857.3676,33203,41157,Eptesicus serotinus,0.006,0.022,-1,Echolocation,/mnt/ubna_data_02_mir/recover-20220922/UBNA_001/20220921_090000.WAV,Telephone Field,recover-20220922,001,1795
857.3575,857.3661,28906,39557,Eptesicus serotinus,0.008,0.022,-1,Echolocation,/mnt/ubna_data_02_mir/recover-20220922/UBNA_001/20220921_090000.WAV,Telephone Field,recover-20220922,001,1795
857.4155,857.4543,68437,82184,Rhinolophus ferrumequinum,0.022,0.022,-1,Echolocation,/mnt/ubna_data_02_mir/recover-20220922/UBNA_001/20220921_090000.WAV,Telephone Field,recover-20220922,001,1795
857.4545,857.4646,23750,30212,Nyctalus leisleri,0.009,0.024,-1,Echolocation,/mnt/ubna_data_02_mir/recover-20220922/UBNA_001/20220921_090000.WAV,Telephone Field,recover-20220922,001,1795
857.4655,857.4732,28046,40247,Eptesicus serotinus,0.007,0.021,-1,Echolocation,/mnt/ubna_data_02_mir/recover-20220922/UBNA_001/20220921_090000.WAV,Telephone Field,recover-20220922,001,1795
857.4715,857.4824,22890,28661,Nyctalus leisleri,0.011,0.026,-1,Echolocation,/mnt/ubna_data_02_mir/recover-20220922/UBNA_001/20220921_090000.WAV,Telephone Field,recover-20220922,001,1795
857.5115,857.5471,68437,80557,Rhinolophus ferrumequinum,0.022,0.022,-1,Echolocation,/mnt/ubna_data_02_mir/recover-20220922/UBNA_001/20220921_090000.WAV,Telephone Field,recover-20220922,001,1795
857.5425,857.551,28906,41099,Eptesicus serotinus,0.007,0.021,-1,Echolocation,/mnt/ubna_data_02_mir/recover-20220922/UBNA_001/20220921_090000.WAV,Telephone Field,recover-20220922,001,1795
857.5455,857.5853,68437,82452,Rhinolophus ferrumequinum,0.022,0.022,-1,Echolocation,/mnt/ubna_data_02_mir/recover-20220922/UBNA_001/20220921_090000.WAV,Telephone Field,recover-20220922,001,1795
857.6015,857.6360999999999,68437,81002,Rhinolophus ferrumequinum,0.021,0.021,-1,Echolocation,/mnt/ubna_data_02_mir/recover-20220922/UBNA_001/20220921_090000.WAV,Telephone Field,recover-20220922,001,1795
857.6365,857.6743,68437,82262,Rhinolophus ferrumequinum,0.025,0.025,-1,Echolocation,/mnt/ubna_data_02_mir/recover-20220922/UBNA_001/20220921_090000.WAV,Telephone Field,recover-20220922,001,1795
857.6395,857.6479,28046,36768,Eptesicus serotinus,0.015,0.03,-1,Echolocation,/mnt/ubna_data_02_mir/recover-20220922/UBNA_001/20220921_090000.WAV,Telephone Field,recover-20220922,001,1795
857.6485,857.6899,68437,82579,Rhinolophus ferrumequinum,0.022,0.022,-1,Echolocation,/mnt/ubna_data_02_mir/recover-20220922/UBNA_001/20220921_090000.WAV,Telephone Field,recover-20220922,001,1795
857.6565,857.6971,68437,82669,Rhinolophus ferrumequinum,0.023,0.023,-1,Echolocation,/mnt/ubna_data_02_mir/recover-20220922/UBNA_001/20220921_090000.WAV,Telephone Field,recover-20220922,001,1795
857.6915,857.7259,68437,81257,Rhinolophus ferrumequinum,0.022,0.022,-1,Echolocation,/mnt/ubna_data_02_mir/recover-20220922/UBNA_001/20220921_090000.WAV,Telephone Field,recover-20220922,001,1795
857.7095,857.7481,68437,81429,Rhinolophus ferrumequinum,0.029,0.029,-1,Echolocation,/mnt/ubna_data_02_mir/recover-20220922/UBNA_001/20220921_090000.WAV,Telephone Field,recover-20220922,001,1795
857.7375,857.7493,28046,35286,Eptesicus serotinus,0.015,0.026,-1,Echolocation,/mnt/ubna_data_02_mir/recover-20220922/UBNA_001/20220921_090000.WAV,Telephone Field,recover-20220922,001,1795
857.7845,857.8215,68437,82188,Rhinolophus ferrumequinum,0.021,0.021,-1,Echolocation,/mnt/ubna_data_02_mir/recover-20220922/UBNA_001/20220921_090000.WAV,Telephone Field,recover-20220922,001,1795
857.7905,857.8297,68437,82273,Rhinolophus ferrumequinum,0.021,0.021,-1,Echolocation,/mnt/ubna_data_02_mir/recover-20220922/UBNA_001/20220921_090000.WAV,Telephone Field,recover-20220922,001,1795
857.8085,857.8486,68437,82506,Rhinolophus ferrumequinum,0.022,0.022,-1,Echolocation,/mnt/ubna_data_02_mir/recover-20220922/UBNA_001/20220921_090000.WAV,Telephone Field,recover-20220922,001,1795
857.8115,857.8203,28046,37864,Eptesicus serotinus,0.009,0.024,-1,Echolocation,/mnt/ubna_data_02_mir/recover-20220922/UBNA_001/20220921_090000.WAV,Telephone Field,recover-20220922,001,1795
857.8465,857.8875,68437,82584,Rhinolophus ferrumequinum,0.025,0.025,-1,Echolocation,/mnt/ubna_data_02_mir/recover-20220922/UBNA_001/20220921_090000.WAV,Telephone Field,recover-20220922,001,1795
857.8505,857.8591,28046,36915,Eptesicus serotinus,0.009,0.024,-1,Echolocation,/mnt/ubna_data_02_mir/recover-20220922/UBNA_001/20220921_090000.WAV,Telephone Field,recover-20220922,001,1795
857.8625,857.9,68437,82015,Rhinolophus ferrumequinum,0.021,0.021,-1,Echolocation,/mnt/ubna_data_02_mir/recover-20220922/UBNA_001/20220921_090000.WAV,Telephone Field,recover-20220922,001,1795
857.8785,857.9185,68437,82451,Rhinolophus ferrumequinum,0.023,0.023,-1,Echolocation,/mnt/ubna_data_02_mir/recover-20220922/UBNA_001/20220921_090000.WAV,Telephone Field,recover-20220922,001,1795
857.9845,857.9969,22031,25991,Nyctalus leisleri,0.014,0.024,-1,Echolocation,/mnt/ubna_data_02_mir/recover-20220922/UBNA_001/20220921_090000.WAV,Telephone Field,recover-20220922,001,1795
858.0015,858.0382,69296,81212,Rhinolophus ferrumequinum,0.043,0.043,-1,Echolocation,/mnt/ubna_data_02_mir/recover-20220922/UBNA_001/20220921_090000.WAV,Telephone Field,recover-20220922,001,1795
858.0015,858.0089,23750,35441,Plecotus austriacus,0.005,0.022,-1,Echolocation,/mnt/ubna_data_02_mir/recover-20220922/UBNA_001/20220921_090000.WAV,Telephone Field,recover-20220922,001,1795
858.0125,858.057,68437,82396,Rhinolophus ferrumequinum,0.028,0.028,-1,Echolocation,/mnt/ubna_data_02_mir/recover-20220922/UBNA_001/20220921_090000.WAV,Telephone Field,recover-20220922,001,1795
858.0385,858.0784,68437,82659,Rhinolophus ferrumequinum,0.028,0.028,-1,Echolocation,/mnt/ubna_data_02_mir/recover-20220922/UBNA_001/20220921_090000.WAV,Telephone Field,recover-20220922,001,1795
858.0545,858.095,68437,82556,Rhinolophus ferrumequinum,0.025,0.025,-1,Echolocation,/mnt/ubna_data_02_mir/recover-20220922/UBNA_001/20220921_090000.WAV,Telephone Field,recover-20220922,001,1795
858.0795,858.0879,28046,39383,Eptesicus serotinus,0.008,0.021,-1,Echolocation,/mnt/ubna_data_02_mir/recover-20220922/UBNA_001/20220921_090000.WAV,Telephone Field,recover-20220922,001,1795
858.0915,858.1344,68437,83271,Rhinolophus ferrumequinum,0.028,0.028,-1,Echolocation,/mnt/ubna_data_02_mir/recover-20220922/UBNA_001/20220921_090000.WAV,Telephone Field,recover-20220922,001,1795
858.1075,858.1474,68437,82220,Rhinolophus ferrumequinum,0.024,0.024,-1,Echolocation,/mnt/ubna_data_02_mir/recover-20220922/UBNA_001/20220921_090000.WAV,Telephone Field,recover-20220922,001,1795
858.1445,858.1572,22031,26218,Nyctalus leisleri,0.013,0.023,-1,Echolocation,/mnt/ubna_data_02_mir/recover-20220922/UBNA_001/20220921_090000.WAV,Telephone Field,recover-20220922,001,1795
858.1545,858.1752,19453,22553,Nyctalus leisleri,0.013,0.027,-1,Echolocation,/mnt/ubna_data_02_mir/recover-20220922/UBNA_001/20220921_090000.WAV,Telephone Field,recover-20220922,001,1795
858.2015,858.2088,28046,38420,Eptesicus serotinus,0.006,0.024,-1,Echolocation,/mnt/ubna_data_02_mir/recover-20220922/UBNA_001/20220921_090000.WAV,Telephone Field,recover-20220922,001,1795
858.2035,858.2377,68437,81320,Rhinolophus ferrumequinum,0.031,0.031,-1,Echolocation,/mnt/ubna_data_02_mir/recover-20220922/UBNA_001/20220921_090000.WAV,Telephone Field,recover-20220922,001,1795
858.2485,858.289,68437,82392,Rhinolophus ferrumequinum,0.023,0.023,-1,Echolocation,/mnt/ubna_data_02_mir/recover-20220922/UBNA_001/20220921_090000.WAV,Telephone Field,recover-20220922,001,1795
858.2795,858.2897,28046,35390,Eptesicus serotinus,0.011,0.023,-1,Echolocation,/mnt/ubna_data_02_mir/recover-20220922/UBNA_001/20220921_090000.WAV,Telephone Field,recover-20220922,001,1795
858.2815,858.3192,68437,81713,Rhinolophus ferrumequinum,0.021,0.021,-1,Echolocation,/mnt/ubna_data_02_mir/recover-20220922/UBNA_001/20220921_090000.WAV,Telephone Field,recover-20220922,001,1795
858.3125,858.319,24609,36769,Plecotus austriacus,0.008,0.024,-1,Echolocation,/mnt/ubna_data_02_mir/recover-20220922/UBNA_001/20220921_090000.WAV,Telephone Field,recover-20220922,001,1795
858.3425,858.3824,68437,82632,Rhinolophus ferrumequinum,0.028,0.028,-1,Echolocation,/mnt/ubna_data_02_mir/recover-20220922/UBNA_001/20220921_090000.WAV,Telephone Field,recover-20220922,001,1795
858.3645,858.3736,24609,32319,Eptesicus serotinus,0.007,0.022,-1,Echolocation,/mnt/ubna_data_02_mir/recover-20220922/UBNA_001/20220921_090000.WAV,Telephone Field,recover-20220922,001,1795
858.3855,858.4241,68437,81677,Rhinolophus ferrumequinum,0.021,0.021,-1,Echolocation,/mnt/ubna_data_02_mir/recover-20220922/UBNA_001/20220921_090000.WAV,Telephone Field,recover-20220922,001,1795
858.4125,858.4524,68437,81857,Rhinolophus ferrumequinum,0.023,0.023,-1,Echolocation,/mnt/ubna_data_02_mir/recover-20220922/UBNA_001/20220921_090000.WAV,Telephone Field,recover-20220922,001,1795
858.4635,858.5036,68437,83256,Rhinolophus ferrumequinum,0.029,0.029,-1,Echolocation,/mnt/ubna_data_02_mir/recover-20220922/UBNA_001/20220921_090000.WAV,Telephone Field,recover-20220922,001,1795
858.5375,858.5455,23750,31915,Plecotus austriacus,0.01,0.024,-1,Echolocation,/mnt/ubna_data_02_mir/recover-20220922/UBNA_001/20220921_090000.WAV,Telephone Field,recover-20220922,001,1795
858.5585,858.5966,68437,82078,Rhinolophus ferrumequinum,0.024,0.024,-1,Echolocation,/mnt/ubna_data_02_mir/recover-20220922/UBNA_001/20220921_090000.WAV,Telephone Field,recover-20220922,001,1795
858.5975,858.6376,68437,82161,Rhinolophus ferrumequinum,0.023,0.023,-1,Echolocation,/mnt/ubna_data_02_mir/recover-20220922/UBNA_001/20220921_090000.WAV,Telephone Field,recover-20220922,001,1795
858.6305,858.6406,43515,47001,Pipistrellus pipistrellus,0.029,0.031,-1,Echolocation,/mnt/ubna_data_02_mir/recover-20220922/UBNA_001/20220921_090000.WAV,Telephone Field,recover-20220922,001,1795
858.6345,858.6422,28046,38883,Eptesicus serotinus,0.007,0.023,-1,Echolocation,/mnt/ubna_data_02_mir/recover-20220922/UBNA_001/20220921_090000.WAV,Telephone Field,recover-20220922,001,1795
858.6345,858.6704,68437,81579,Rhinolophus ferrumequinum,0.028,0.028,-1,Echolocation,/mnt/ubna_data_02_mir/recover-20220922/UBNA_001/20220921_090000.WAV,Telephone Field,recover-20220922,001,1795
858.6445,858.6825,68437,81873,Rhinolophus ferrumequinum,0.024,0.024,-1,Echolocation,/mnt/ubna_data_02_mir/recover-20220922/UBNA_001/20220921_090000.WAV,Telephone Field,recover-20220922,001,1795
858.6795,858.7164,68437,81135,Rhinolophus ferrumequinum,0.023,0.023,-1,Echolocation,/mnt/ubna_data_02_mir/recover-20220922/UBNA_001/20220921_090000.WAV,Telephone Field,recover-20220922,001,1795
858.6815,858.6905,27187,35944,Eptesicus serotinus,0.008,0.021,-1,Echolocation,/mnt/ubna_data_02_mir/recover-20220922/UBNA_001/20220921_090000.WAV,Telephone Field,recover-20220922,001,1795
858.7005,858.7359,68437,81466,Rhinolophus ferrumequinum,0.021,0.021,-1,Echolocation,/mnt/ubna_data_02_mir/recover-20220922/UBNA_001/20220921_090000.WAV,Telephone Field,recover-20220922,001,1795
858.7205,858.7296,28046,37698,Eptesicus serotinus,0.01,0.022,-1,Echolocation,/mnt/ubna_data_02_mir/recover-20220922/UBNA_001/20220921_090000.WAV,Telephone Field,recover-20220922,001,1795
858.7245,858.7382,14296,19972,Nyctalus noctula,0.02,0.031,-1,Echolocation,/mnt/ubna_data_02_mir/recover-20220922/UBNA_001/20220921_090000.WAV,Telephone Field,recover-20220922,001,1795
858.7365,858.7441,28046,36965,Eptesicus serotinus,0.013,0.034,-1,Echolocation,/mnt/ubna_data_02_mir/recover-20220922/UBNA_001/20220921_090000.WAV,Telephone Field,recover-20220922,001,1795
858.7935,858.8003,24609,34304,Plecotus austriacus,0.015,0.032,-1,Echolocation,/mnt/ubna_data_02_mir/recover-20220922/UBNA_001/20220921_090000.WAV,Telephone Field,recover-20220922,001,1795
858.7935,858.8326,68437,82411,Rhinolophus ferrumequinum,0.021,0.021,-1,Echolocation,/mnt/ubna_data_02_mir/recover-20220922/UBNA_001/20220921_090000.WAV,Telephone Field,recover-20220922,001,1795
858.8215,858.8299,51250,56795,Pipistrellus pipistrellus,0.02,0.026,-1,Echolocation,/mnt/ubna_data_02_mir/recover-20220922/UBNA_001/20220921_090000.WAV,Telephone Field,recover-20220922,001,1795
858.8275,858.8634,68437,81062,Rhinolophus ferrumequinum,0.022,0.022,-1,Echolocation,/mnt/ubna_data_02_mir/recover-20220922/UBNA_001/20220921_090000.WAV,Telephone Field,recover-20220922,001,1795
858.8335,858.8695,68437,80989,Rhinolophus ferrumequinum,0.023,0.023,-1,Echolocation,/mnt/ubna_data_02_mir/recover-20220922/UBNA_001/20220921_090000.WAV,Telephone Field,recover-20220922,001,1795
858.8575,858.8651,27187,38389,Eptesicus serotinus,0.006,0.021,-1,Echolocation,/mnt/ubna_data_02_mir/recover-20220922/UBNA_001/20220921_090000.WAV,Telephone Field,recover-20220922,001,1795
858.8595,858.9005,68437,82252,Rhinolophus ferrumequinum,0.035,0.035,-1,Echolocation,/mnt/ubna_data_02_mir/recover-20220922/UBNA_001/20220921_090000.WAV,Telephone Field,recover-20220922,001,1795
858.9045,858.9154,27187,33950,Eptesicus serotinus,0.013,0.027,-1,Echolocation,/mnt/ubna_data_02_mir/recover-20220922/UBNA_001/20220921_090000.WAV,Telephone Field,recover-20220922,001,1795
858.9125,858.9512,68437,82569,Rhinolophus ferrumequinum,0.024,0.025,-1,Echolocation,/mnt/ubna_data_02_mir/recover-20220922/UBNA_001/20220921_090000.WAV,Telephone Field,recover-20220922,001,1795
858.9535,858.9608,28046,38759,Eptesicus serotinus,0.009,0.026,-1,Echolocation,/mnt/ubna_data_02_mir/recover-20220922/UBNA_001/20220921_090000.WAV,Telephone Field,recover-20220922,001,1795
858.9725,859.0105,68437,82070,Rhinolophus ferrumequinum,0.023,0.023,-1,Echolocation,/mnt/ubna_data_02_mir/recover-20220922/UBNA_001/20220921_090000.WAV,Telephone Field,recover-20220922,001,1795
858.9795,859.0162,68437,81653,Rhinolophus ferrumequinum,0.021,0.021,-1,Echolocation,/mnt/ubna_data_02_mir/recover-20220922/UBNA_001/20220921_090000.WAV,Telephone Field,recover-20220922,001,1795
858.9855,859.0222,68437,81993,Rhinolophus ferrumequinum,0.023,0.023,-1,Echolocation,/mnt/ubna_data_02_mir/recover-20220922/UBNA_001/20220921_090000.WAV,Telephone Field,recover-20220922,001,1795
859.0205,859.0325,22890,27605,Nyctalus leisleri,0.016,0.03,-1,Echolocation,/mnt/ubna_data_02_mir/recover-20220922/UBNA_001/20220921_090000.WAV,Telephone Field,recover-20220922,001,1795
859.0545,859.0962,68437,82974,Rhinolophus ferrumequinum,0.024,0.024,-1,Echolocation,/mnt/ubna_data_02_mir/recover-20220922/UBNA_001/20220921_090000.WAV,Telephone Field,recover-20220922,001,1795
859.0955,859.1177,16875,20687,Nyctalus noctula,0.03,0.041,-1,Echolocation,/mnt/ubna_data_02_mir/recover-20220922/UBNA_001/20220921_090000.WAV,Telephone Field,recover-20220922,001,1795
859.1125,859.1325,21171,24372,Nyctalus leisleri,0.024,0.041,-1,Echolocation,/mnt/ubna_data_02_mir/recover-20220922/UBNA_001/20220921_090000.WAV,Telephone Field,recover-20220922,001,1795
859.1185,859.1546,68437,81700,Rhinolophus ferrumequinum,0.029,0.029,-1,Echolocation,/mnt/ubna_data_02_mir/recover-20220922/UBNA_001/20220921_090000.WAV,Telephone Field,recover-20220922,001,1795
859.1215,859.1426,19453,21852,Nyctalus leisleri,0.019,0.032,-1,Echolocation,/mnt/ubna_data_02_mir/recover-20220922/UBNA_001/20220921_090000.WAV,Telephone Field,recover-20220922,001,1795
859.1935,859.2047,28906,35141,Eptesicus serotinus,0.01,0.024,-1,Echolocation,/mnt/ubna_data_02_mir/recover-20220922/UBNA_001/20220921_090000.WAV,Telephone Field,recover-20220922,001,1795
859.2145,859.2593,68437,83271,Rhinolophus ferrumequinum,0.108,0.108,-1,Echolocation,/mnt/ubna_data_02_mir/recover-20220922/UBNA_001/20220921_090000.WAV,Telephone Field,recover-20220922,001,1795
859.2455,859.2534,25468,34760,Eptesicus serotinus,0.008,0.031,-1,Echolocation,/mnt/ubna_data_02_mir/recover-20220922/UBNA_001/20220921_090000.WAV,Telephone Field,recover-20220922,001,1795
859.2605,859.2958,68437,80863,Rhinolophus ferrumequinum,0.022,0.022,-1,Echolocation,/mnt/ubna_data_02_mir/recover-20220922/UBNA_001/20220921_090000.WAV,Telephone Field,recover-20220922,001,1795
859.2705,859.2812,22031,25784,Nyctalus leisleri,0.014,0.024,-1,Echolocation,/mnt/ubna_data_02_mir/recover-20220922/UBNA_001/20220921_090000.WAV,Telephone Field,recover-20220922,001,1795
859.2835,859.3209,68437,82802,Rhinolophus ferrumequinum,0.023,0.023,-1,Echolocation,/mnt/ubna_data_02_mir/recover-20220922/UBNA_001/20220921_090000.WAV,Telephone Field,recover-20220922,001,1795
859.2995,859.3371,68437,82100,Rhinolophus ferrumequinum,0.023,0.023,-1,Echolocation,/mnt/ubna_data_02_mir/recover-20220922/UBNA_001/20220921_090000.WAV,Telephone Field,recover-20220922,001,1795
859.3005,859.3127,15156,23827,Nyctalus noctula,0.015,0.023,-1,Echolocation,/mnt/ubna_data_02_mir/recover-20220922/UBNA_001/20220921_090000.WAV,Telephone Field,recover-20220922,001,1795
859.3035,859.3116,27187,39987,Eptesicus serotinus,0.009,0.026,-1,Echolocation,/mnt/ubna_data_02_mir/recover-20220922/UBNA_001/20220921_090000.WAV,Telephone Field,recover-20220922,001,1795
859.3045,859.3414,68437,82437,Rhinolophus ferrumequinum,0.023,0.023,-1,Echolocation,/mnt/ubna_data_02_mir/recover-20220922/UBNA_001/20220921_090000.WAV,Telephone Field,recover-20220922,001,1795
859.3195,859.3326,23750,29233,Eptesicus serotinus,0.062,0.156,-1,Echolocation,/mnt/ubna_data_02_mir/recover-20220922/UBNA_001/20220921_090000.WAV,Telephone Field,recover-20220922,001,1795
859.3255,859.364,68437,82299,Rhinolophus ferrumequinum,0.03,0.03,-1,Echolocation,/mnt/ubna_data_02_mir/recover-20220922/UBNA_001/20220921_090000.WAV,Telephone Field,recover-20220922,001,1795
859.3495,859.3715,17734,20150,Nyctalus noctula,0.013,0.026,-1,Echolocation,/mnt/ubna_data_02_mir/recover-20220922/UBNA_001/20220921_090000.WAV,Telephone Field,recover-20220922,001,1795
859.3555,859.3976,68437,83140,Rhinolophus ferrumequinum,0.024,0.024,-1,Echolocation,/mnt/ubna_data_02_mir/recover-20220922/UBNA_001/20220921_090000.WAV,Telephone Field,recover-20220922,001,1795
859.4005,859.4116,22890,27046,Nyctalus leisleri,0.012,0.021,-1,Echolocation,/mnt/ubna_data_02_mir/recover-20220922/UBNA_001/20220921_090000.WAV,Telephone Field,recover-20220922,001,1795
859.4095,859.4479,68437,81858,Rhinolophus ferrumequinum,0.021,0.021,-1,Echolocation,/mnt/ubna_data_02_mir/recover-20220922/UBNA_001/20220921_090000.WAV,Telephone Field,recover-20220922,001,1795
859.4335,859.4725,68437,82193,Rhinolophus ferrumequinum,0.029,0.029,-1,Echolocation,/mnt/ubna_data_02_mir/recover-20220922/UBNA_001/20220921_090000.WAV,Telephone Field,recover-20220922,001,1795
859.4465,859.4553,28046,37038,Eptesicus serotinus,0.008,0.022,-1,Echolocation,/mnt/ubna_data_02_mir/recover-20220922/UBNA_001/20220921_090000.WAV,Telephone Field,recover-20220922,001,1795
859.4515,859.4904,68437,82032,Rhinolophus ferrumequinum,0.022,0.022,-1,Echolocation,/mnt/ubna_data_02_mir/recover-20220922/UBNA_001/20220921_090000.WAV,Telephone Field,recover-20220922,001,1795
859.4765,859.5192,68437,82691,Rhinolophus ferrumequinum,0.036,0.036,-1,Echolocation,/mnt/ubna_data_02_mir/recover-20220922/UBNA_001/20220921_090000.WAV,Telephone Field,recover-20220922,001,1795
859.5025,859.511,23750,31477,Plecotus austriacus,0.008,0.022,-1,Echolocation,/mnt/ubna_data_02_mir/recover-20220922/UBNA_001/20220921_090000.WAV,Telephone Field,recover-20220922,001,1795
859.5175,859.5627,68437,83618,Rhinolophus ferrumequinum,0.04,0.04,-1,Echolocation,/mnt/ubna_data_02_mir/recover-20220922/UBNA_001/20220921_090000.WAV,Telephone Field,recover-20220922,001,1795
859.5255,859.5329,27187,38670,Eptesicus serotinus,0.006,0.021,-1,Echolocation,/mnt/ubna_data_02_mir/recover-20220922/UBNA_001/20220921_090000.WAV,Telephone Field,recover-20220922,001,1795
859.5425,859.5513,27187,39064,Eptesicus serotinus,0.009,0.022,-1,Echolocation,/mnt/ubna_data_02_mir/recover-20220922/UBNA_001/20220921_090000.WAV,Telephone Field,recover-20220922,001,1795
859.5755,859.6137,68437,82060,Rhinolophus ferrumequinum,0.022,0.022,-1,Echolocation,/mnt/ubna_data_02_mir/recover-20220922/UBNA_001/20220921_090000.WAV,Telephone Field,recover-20220922,001,1795
859.5895,859.5964,28046,40760,Eptesicus serotinus,0.007,0.027,-1,Echolocation,/mnt/ubna_data_02_mir/recover-20220922/UBNA_001/20220921_090000.WAV,Telephone Field,recover-20220922,001,1795
859.6015,859.64,68437,82018,Rhinolophus ferrumequinum,0.022,0.022,-1,Echolocation,/mnt/ubna_data_02_mir/recover-20220922/UBNA_001/20220921_090000.WAV,Telephone Field,recover-20220922,001,1795
859.6315,859.6703,68437,82547,Rhinolophus ferrumequinum,0.029,0.029,-1,Echolocation,/mnt/ubna_data_02_mir/recover-20220922/UBNA_001/20220921_090000.WAV,Telephone Field,recover-20220922,001,1795
859.6565,859.694,68437,81537,Rhinolophus ferrumequinum,0.022,0.022,-1,Echolocation,/mnt/ubna_data_02_mir/recover-20220922/UBNA_001/20220921_090000.WAV,Telephone Field,recover-20220922,001,1795
859.6855,859.7236,68437,82118,Rhinolophus ferrumequinum,0.022,0.022,-1,Echolocation,/mnt/ubna_data_02_mir/recover-20220922/UBNA_001/20220921_090000.WAV,Telephone Field,recover-20220922,001,1795
859.6915,859.7316,68437,82200,Rhinolophus ferrumequinum,0.022,0.022,-1,Echolocation,/mnt/ubna_data_02_mir/recover-20220922/UBNA_001/20220921_090000.WAV,Telephone Field,recover-20220922,001,1795
859.6945,859.7027,27187,36450,Eptesicus serotinus,0.008,0.024,-1,Echolocation,/mnt/ubna_data_02_mir/recover-20220922/UBNA_001/20220921_090000.WAV,Telephone Field,recover-20220922,001,1795
859.7075,859.7466,68437,82392,Rhinolophus ferrumequinum,0.023,0.023,-1,Echolocation,/mnt/ubna_data_02_mir/recover-20220922/UBNA_001/20220921_090000.WAV,Telephone Field,recover-20220922,001,1795
859.7335,859.7406,24609,34380,Plecotus austriacus,0.009,0.024,-1,Echolocation,/mnt/ubna_data_02_mir/recover-20220922/UBNA_001/20220921_090000.WAV,Telephone Field,recover-20220922,001,1795
859.7565,859.7936,68437,81742,Rhinolophus ferrumequinum,0.026,0.026,-1,Echolocation,/mnt/ubna_data_02_mir/recover-20220922/UBNA_001/20220921_090000.WAV,Telephone Field,recover-20220922,001,1795
859.7625,859.7792,20312,23511,Nyctalus leisleri,0.013,0.021,-1,Echolocation,/mnt/ubna_data_02_mir/recover-20220922/UBNA_001/20220921_090000.WAV,Telephone Field,recover-20220922,001,1795
859.7895,859.8299,68437,82798,Rhinolophus ferrumequinum,0.023,0.023,-1,Echolocation,/mnt/ubna_data_02_mir/recover-20220922/UBNA_001/20220921_090000.WAV,Telephone Field,recover-20220922,001,1795
859.8055,859.8398,68437,81107,Rhinolophus ferrumequinum,0.023,0.023,-1,Echolocation,/mnt/ubna_data_02_mir/recover-20220922/UBNA_001/20220921_090000.WAV,Telephone Field,recover-20220922,001,1795
859.8155,859.8294,22890,26935,Nyctalus leisleri,0.028,0.05,-1,Echolocation,/mnt/ubna_data_02_mir/recover-20220922/UBNA_001/20220921_090000.WAV,Telephone Field,recover-20220922,001,1795
859.8615,859.9002,68437,82009,Rhinolophus ferrumequinum,0.025,0.025,-1,Echolocation,/mnt/ubna_data_02_mir/recover-20220922/UBNA_001/20220921_090000.WAV,Telephone Field,recover-20220922,001,1795
859.8775,859.919,68437,82973,Rhinolophus ferrumequinum,0.028,0.028,-1,Echolocation,/mnt/ubna_data_02_mir/recover-20220922/UBNA_001/20220921_090000.WAV,Telephone Field,recover-20220922,001,1795
859.8985,859.9097,22890,27917,Nyctalus leisleri,0.011,0.023,-1,Echolocation,/mnt/ubna_data_02_mir/recover-20220922/UBNA_001/20220921_090000.WAV,Telephone Field,recover-20220922,001,1795
859.9445,859.9827,68437,82245,Rhinolophus ferrumequinum,0.022,0.022,-1,Echolocation,/mnt/ubna_data_02_mir/recover-20220922/UBNA_001/20220921_090000.WAV,Telephone Field,recover-20220922,001,1795
859.9635,859.9752,22890,27733,Nyctalus leisleri,0.016,0.03,-1,Echolocation,/mnt/ubna_data_02_mir/recover-20220922/UBNA_001/20220921_090000.WAV,Telephone Field,recover-20220922,001,1795
859.9835,859.9947,22031,27023,Nyctalus leisleri,0.011,0.024,-1,Echolocation,/mnt/ubna_data_02_mir/recover-20220922/UBNA_001/20220921_090000.WAV,Telephone Field,recover-20220922,001,1795
859.9865,859.9959,27187,36387,Eptesicus serotinus,0.01,0.024,-1,Echolocation,/mnt/ubna_data_02_mir/recover-20220922/UBNA_001/20220921_090000.WAV,Telephone Field,recover-20220922,001,1795
860.0015,860.0115,27187,36773,Eptesicus serotinus,0.01,0.031,-1,Echolocation,/mnt/ubna_data_02_mir/recover-20220922/UBNA_001/20220921_090000.WAV,Telephone Field,recover-20220922,001,1795
860.0015,860.0356,69296,81253,Rhinolophus ferrumequinum,0.033,0.033,-1,Echolocation,/mnt/ubna_data_02_mir/recover-20220922/UBNA_001/20220921_090000.WAV,Telephone Field,recover-20220922,001,1795
860.0085,860.0494,68437,82009,Rhinolophus ferrumequinum,0.025,0.025,-1,Echolocation,/mnt/ubna_data_02_mir/recover-20220922/UBNA_001/20220921_090000.WAV,Telephone Field,recover-20220922,001,1795
860.0135,860.021,23750,31881,Plecotus austriacus,0.01,0.025,-1,Echolocation,/mnt/ubna_data_02_mir/recover-20220922/UBNA_001/20220921_090000.WAV,Telephone Field,recover-20220922,001,1795
860.0165,860.0264999999999,29765,37433,Eptesicus serotinus,0.009,0.024,-1,Echolocation,/mnt/ubna_data_02_mir/recover-20220922/UBNA_001/20220921_090000.WAV,Telephone Field,recover-20220922,001,1795
860.0445,860.081,68437,82207,Rhinolophus ferrumequinum,0.023,0.023,-1,Echolocation,/mnt/ubna_data_02_mir/recover-20220922/UBNA_001/20220921_090000.WAV,Telephone Field,recover-20220922,001,1795
860.0725,860.0811,28906,37099,Eptesicus serotinus,0.007,0.022,-1,Echolocation,/mnt/ubna_data_02_mir/recover-20220922/UBNA_001/20220921_090000.WAV,Telephone Field,recover-20220922,001,1795
860.0815,860.1209,68437,82200,Rhinolophus ferrumequinum,0.031,0.031,-1,Echolocation,/mnt/ubna_data_02_mir/recover-20220922/UBNA_001/20220921_090000.WAV,Telephone Field,recover-20220922,001,1795
860.1065,860.1283,19453,22202,Nyctalus leisleri,0.014,0.029,-1,Echolocation,/mnt/ubna_data_02_mir/recover-20220922/UBNA_001/20220921_090000.WAV,Telephone Field,recover-20220922,001,1795
860.1175,860.1553,68437,82921,Rhinolophus ferrumequinum,0.025,0.026,-1,Echolocation,/mnt/ubna_data_02_mir/recover-20220922/UBNA_001/20220921_090000.WAV,Telephone Field,recover-20220922,001,1795
860.1175,860.1426,17734,22141,Nyctalus noctula,0.017,0.025,-1,Echolocation,/mnt/ubna_data_02_mir/recover-20220922/UBNA_001/20220921_090000.WAV,Telephone Field,recover-20220922,001,1795
860.1445,860.1819,68437,81549,Rhinolophus ferrumequinum,0.024,0.024,-1,Echolocation,/mnt/ubna_data_02_mir/recover-20220922/UBNA_001/20220921_090000.WAV,Telephone Field,recover-20220922,001,1795
860.1835,860.1908,28046,39045,Eptesicus serotinus,0.006,0.022,-1,Echolocation,/mnt/ubna_data_02_mir/recover-20220922/UBNA_001/20220921_090000.WAV,Telephone Field,recover-20220922,001,1795
860.1965,860.235,68437,82207,Rhinolophus ferrumequinum,0.023,0.023,-1,Echolocation,/mnt/ubna_data_02_mir/recover-20220922/UBNA_001/20220921_090000.WAV,Telephone Field,recover-20220922,001,1795
860.2085,860.2474,68437,81623,Rhinolophus ferrumequinum,0.022,0.022,-1,Echolocation,/mnt/ubna_data_02_mir/recover-20220922/UBNA_001/20220921_090000.WAV,Telephone Field,recover-20220922,001,1795
860.2295,860.2677,68437,82171,Rhinolophus ferrumequinum,0.022,0.022,-1,Echolocation,/mnt/ubna_data_02_mir/recover-20220922/UBNA_001/20220921_090000.WAV,Telephone Field,recover-20220922,001,1795
860.2525,860.2932,68437,82512,Rhinolophus ferrumequinum,0.022,0.022,-1,Echolocation,/mnt/ubna_data_02_mir/recover-20220922/UBNA_001/20220921_090000.WAV,Telephone Field,recover-20220922,001,1795
860.2815,860.3206,68437,82558,Rhinolophus ferrumequinum,0.024,0.024,-1,Echolocation,/mnt/ubna_data_02_mir/recover-20220922/UBNA_001/20220921_090000.WAV,Telephone Field,recover-20220922,001,1795
860.2945,860.3358,68437,82838,Rhinolophus ferrumequinum,0.025,0.025,-1,Echolocation,/mnt/ubna_data_02_mir/recover-20220922/UBNA_001/20220921_090000.WAV,Telephone Field,recover-20220922,001,1795
860.3025,860.3414,68437,82385,Rhinolophus ferrumequinum,0.023,0.023,-1,Echolocation,/mnt/ubna_data_02_mir/recover-20220922/UBNA_001/20220921_090000.WAV,Telephone Field,recover-20220922,001,1795
860.3385,860.3776,68437,82092,Rhinolophus ferrumequinum,0.023,0.023,-1,Echolocation,/mnt/ubna_data_02_mir/recover-20220922/UBNA_001/20220921_090000.WAV,Telephone Field,recover-20220922,001,1795
860.3925,860.4298,68437,81690,Rhinolophus ferrumequinum,0.023,0.023,-1,Echolocation,/mnt/ubna_data_02_mir/recover-20220922/UBNA_001/20220921_090000.WAV,Telephone Field,recover-20220922,001,1795
860.4535,860.4942,68437,82468,Rhinolophus ferrumequinum,0.026,0.026,-1,Echolocation,/mnt/ubna_data_02_mir/recover-20220922/UBNA_001/20220921_090000.WAV,Telephone Field,recover-20220922,001,1795
860.4675,860.4756,28046,37389,Eptesicus serotinus,0.007,0.023,-1,Echolocation,/mnt/ubna_data_02_mir/recover-20220922/UBNA_001/20220921_090000.WAV,Telephone Field,recover-20220922,001,1795
860.4925,860.5314,68437,81250,Rhinolophus ferrumequinum,0.022,0.022,-1,Echolocation,/mnt/ubna_data_02_mir/recover-20220922/UBNA_001/20220921_090000.WAV,Telephone Field,recover-20220922,001,1795
860.4985,860.5084,14296,21433,Nyctalus noctula,0.012,0.025,-1,Echolocation,/mnt/ubna_data_02_mir/recover-20220922/UBNA_001/20220921_090000.WAV,Telephone Field,recover-20220922,001,1795
860.5075,860.5197000000001,54687,58838,Pipistrellus pygmaeus,0.025,0.026,-1,Echolocation,/mnt/ubna_data_02_mir/recover-20220922/UBNA_001/20220921_090000.WAV,Telephone Field,recover-20220922,001,1795
860.5085,860.5454,68437,81964,Rhinolophus ferrumequinum,0.023,0.023,-1,Echolocation,/mnt/ubna_data_02_mir/recover-20220922/UBNA_001/20220921_090000.WAV,Telephone Field,recover-20220922,001,1795
860.5235,860.5613,68437,81819,Rhinolophus ferrumequinum,0.029,0.029,-1,Echolocation,/mnt/ubna_data_02_mir/recover-20220922/UBNA_001/20220921_090000.WAV,Telephone Field,recover-20220922,001,1795
860.5585,860.5975,68437,82444,Rhinolophus ferrumequinum,0.023,0.023,-1,Echolocation,/mnt/ubna_data_02_mir/recover-20220922/UBNA_001/20220921_090000.WAV,Telephone Field,recover-20220922,001,1795
860.5945,860.6288,68437,81280,Rhinolophus ferrumequinum,0.022,0.022,-1,Echolocation,/mnt/ubna_data_02_mir/recover-20220922/UBNA_001/20220921_090000.WAV,Telephone Field,recover-20220922,001,1795
860.6215,860.6599,68437,81893,Rhinolophus ferrumequinum,0.023,0.023,-1,Echolocation,/mnt/ubna_data_02_mir/recover-20220922/UBNA_001/20220921_090000.WAV,Telephone Field,recover-20220922,001,1795
860.6305,860.67,68437,82150,Rhinolophus ferrumequinum,0.024,0.024,-1,Echolocation,/mnt/ubna_data_02_mir/recover-20220922/UBNA_001/20220921_090000.WAV,Telephone Field,recover-20220922,001,1795
860.6615,860.7007,68437,82294,Rhinolophus ferrumequinum,0.022,0.022,-1,Echolocation,/mnt/ubna_data_02_mir/recover-20220922/UBNA_001/20220921_090000.WAV,Telephone Field,recover-20220922,001,1795
860.6655,860.6729,26328,38176,Eptesicus serotinus,0.006,0.024,-1,Echolocation,/mnt/ubna_data_02_mir/recover-20220922/UBNA_001/20220921_090000.WAV,Telephone Field,recover-20220922,001,1795
860.6705,860.6808,22031,26974,Nyctalus leisleri,0.01,0.023,-1,Echolocation,/mnt/ubna_data_02_mir/recover-20220922/UBNA_001/20220921_090000.WAV,Telephone Field,recover-20220922,001,1795
860.6995,860.7365,68437,81436,Rhinolophus ferrumequinum,0.028,0.028,-1,Echolocation,/mnt/ubna_data_02_mir/recover-20220922/UBNA_001/20220921_090000.WAV,Telephone Field,recover-20220922,001,1795
860.7275,860.7641,68437,80901,Rhinolophus ferrumequinum,0.024,0.024,-1,Echolocation,/mnt/ubna_data_02_mir/recover-20220922/UBNA_001/20220921_090000.WAV,Telephone Field,recover-20220922,001,1795
860.7445,860.783,68437,82535,Rhinolophus ferrumequinum,0.032,0.032,-1,Echolocation,/mnt/ubna_data_02_mir/recover-20220922/UBNA_001/20220921_090000.WAV,Telephone Field,recover-20220922,001,1795
860.7645,860.8077,68437,83199,Rhinolophus ferrumequinum,0.041,0.041,-1,Echolocation,/mnt/ubna_data_02_mir/recover-20220922/UBNA_001/20220921_090000.WAV,Telephone Field,recover-20220922,001,1795
860.7685,860.7764999999999,26328,36575,Eptesicus serotinus,0.007,0.023,-1,Echolocation,/mnt/ubna_data_02_mir/recover-20220922/UBNA_001/20220921_090000.WAV,Telephone Field,recover-20220922,001,1795
860.8025,860.8433,68437,82934,Rhinolophus ferrumequinum,0.024,0.024,-1,Echolocation,/mnt/ubna_data_02_mir/recover-20220922/UBNA_001/20220921_090000.WAV,Telephone Field,recover-20220922,001,1795
860.8205,860.8284,26328,34752,Eptesicus serotinus,0.009,0.028,-1,Echolocation,/mnt/ubna_data_02_mir/recover-20220922/UBNA_001/20220921_090000.WAV,Telephone Field,recover-20220922,001,1795
860.8305,860.8719,68437,82937,Rhinolophus ferrumequinum,0.029,0.029,-1,Echolocation,/mnt/ubna_data_02_mir/recover-20220922/UBNA_001/20220921_090000.WAV,Telephone Field,recover-20220922,001,1795
860.8415,860.8491,28046,38653,Eptesicus serotinus,0.006,0.022,-1,Echolocation,/mnt/ubna_data_02_mir/recover-20220922/UBNA_001/20220921_090000.WAV,Telephone Field,recover-20220922,001,1795
860.9085,860.9158,28046,40012,Eptesicus serotinus,0.006,0.022,-1,Echolocation,/mnt/ubna_data_02_mir/recover-20220922/UBNA_001/20220921_090000.WAV,Telephone Field,recover-20220922,001,1795
860.9235,860.9624,68437,82661,Rhinolophus ferrumequinum,0.023,0.023,-1,Echolocation,/mnt/ubna_data_02_mir/recover-20220922/UBNA_001/20220921_090000.WAV,Telephone Field,recover-20220922,001,1795
860.9605,860.9997,68437,82128,Rhinolophus ferrumequinum,0.024,0.025,-1,Echolocation,/mnt/ubna_data_02_mir/recover-20220922/UBNA_001/20220921_090000.WAV,Telephone Field,recover-20220922,001,1795
860.9685,861.0093,68437,82439,Rhinolophus ferrumequinum,0.024,0.024,-1,Echolocation,/mnt/ubna_data_02_mir/recover-20220922/UBNA_001/20220921_090000.WAV,Telephone Field,recover-20220922,001,1795
861.0205,861.061,68437,82122,Rhinolophus ferrumequinum,0.028,0.028,-1,Echolocation,/mnt/ubna_data_02_mir/recover-20220922/UBNA_001/20220921_090000.WAV,Telephone Field,recover-20220922,001,1795
861.0435,861.083,68437,82673,Rhinolophus ferrumequinum,0.028,0.028,-1,Echolocation,/mnt/ubna_data_02_mir/recover-20220922/UBNA_001/20220921_090000.WAV,Telephone Field,recover-20220922,001,1795
861.1015,861.1377,68437,81211,Rhinolophus ferrumequinum,0.022,0.022,-1,Echolocation,/mnt/ubna_data_02_mir/recover-20220922/UBNA_001/20220921_090000.WAV,Telephone Field,recover-20220922,001,1795
861.1265,861.1334,28046,39052,Eptesicus serotinus,0.006,0.023,-1,Echolocation,/mnt/ubna_data_02_mir/recover-20220922/UBNA_001/20220921_090000.WAV,Telephone Field,recover-20220922,001,1795
861.1415,861.1521,24609,30582,Nyctalus leisleri,0.009,0.022,-1,Echolocation,/mnt/ubna_data_02_mir/recover-20220922/UBNA_001/20220921_090000.WAV,Telephone Field,recover-20220922,001,1795
861.1465,861.1571,25468,32550,Eptesicus serotinus,0.009,0.022,-1,Echolocation,/mnt/ubna_data_02_mir/recover-20220922/UBNA_001/20220921_090000.WAV,Telephone Field,recover-20220922,001,1795
861.1545,861.1622,28046,38785,Eptesicus serotinus,0.007,0.023,-1,Echolocation,/mnt/ubna_data_02_mir/recover-20220922/UBNA_001/20220921_090000.WAV,Telephone Field,recover-20220922,001,1795
861.1655,861.2058,68437,82401,Rhinolophus ferrumequinum,0.024,0.024,-1,Echolocation,/mnt/ubna_data_02_mir/recover-20220922/UBNA_001/20220921_090000.WAV,Telephone Field,recover-20220922,001,1795
861.2285,861.2677,68437,82924,Rhinolophus ferrumequinum,0.038,0.038,-1,Echolocation,/mnt/ubna_data_02_mir/recover-20220922/UBNA_001/20220921_090000.WAV,Telephone Field,recover-20220922,001,1795
861.2785,861.3184,68437,82632,Rhinolophus ferrumequinum,0.029,0.029,-1,Echolocation,/mnt/ubna_data_02_mir/recover-20220922/UBNA_001/20220921_090000.WAV,Telephone Field,recover-20220922,001,1795
861.3125,861.3234,23750,29933,Nyctalus leisleri,0.01,0.025,-1,Echolocation,/mnt/ubna_data_02_mir/recover-20220922/UBNA_001/20220921_090000.WAV,Telephone Field,recover-20220922,001,1795
861.3265,861.3342,28046,37766,Eptesicus serotinus,0.007,0.023,-1,Echolocation,/mnt/ubna_data_02_mir/recover-20220922/UBNA_001/20220921_090000.WAV,Telephone Field,recover-20220922,001,1795
861.3415,861.3502,27187,38506,Eptesicus serotinus,0.009,0.024,-1,Echolocation,/mnt/ubna_data_02_mir/recover-20220922/UBNA_001/20220921_090000.WAV,Telephone Field,recover-20220922,001,1795
861.3655,861.4026,68437,82079,Rhinolophus ferrumequinum,0.024,0.024,-1,Echolocation,/mnt/ubna_data_02_mir/recover-20220922/UBNA_001/20220921_090000.WAV,Telephone Field,recover-20220922,001,1795
861.3805,861.4199,68437,82392,Rhinolophus ferrumequinum,0.025,0.025,-1,Echolocation,/mnt/ubna_data_02_mir/recover-20220922/UBNA_001/20220921_090000.WAV,Telephone Field,recover-20220922,001,1795
861.3865,861.3946,44375,49469,Pipistrellus pipistrellus,0.022,0.023,-1,Echolocation,/mnt/ubna_data_02_mir/recover-20220922/UBNA_001/20220921_090000.WAV,Telephone Field,recover-20220922,001,1795
861.3995,861.4053,28046,42055,Eptesicus serotinus,0.006,0.029,-1,Echolocation,/mnt/ubna_data_02_mir/recover-20220922/UBNA_001/20220921_090000.WAV,Telephone Field,recover-20220922,001,1795
861.4225,861.4355,22031,26008,Nyctalus leisleri,0.015,0.026,-1,Echolocation,/mnt/ubna_data_02_mir/recover-20220922/UBNA_001/20220921_090000.WAV,Telephone Field,recover-20220922,001,1795
861.4705,861.4781,24609,34110,Plecotus austriacus,0.012,0.031,-1,Echolocation,/mnt/ubna_data_02_mir/recover-20220922/UBNA_001/20220921_090000.WAV,Telephone Field,recover-20220922,001,1795
861.4985,861.51,22031,26268,Nyctalus leisleri,0.013,0.023,-1,Echolocation,/mnt/ubna_data_02_mir/recover-20220922/UBNA_001/20220921_090000.WAV,Telephone Field,recover-20220922,001,1795
861.5495,861.587,68437,81761,Rhinolophus ferrumequinum,0.022,0.022,-1,Echolocation,/mnt/ubna_data_02_mir/recover-20220922/UBNA_001/20220921_090000.WAV,Telephone Field,recover-20220922,001,1795
861.5585,861.5984,68437,82346,Rhinolophus ferrumequinum,0.024,0.024,-1,Echolocation,/mnt/ubna_data_02_mir/recover-20220922/UBNA_001/20220921_090000.WAV,Telephone Field,recover-20220922,001,1795
861.5715,861.5801,27187,37145,Eptesicus serotinus,0.007,0.022,-1,Echolocation,/mnt/ubna_data_02_mir/recover-20220922/UBNA_001/20220921_090000.WAV,Telephone Field,recover-20220922,001,1795
861.5885,861.5973,28046,38839,Eptesicus serotinus,0.008,0.022,-1,Echolocation,/mnt/ubna_data_02_mir/recover-20220922/UBNA_001/20220921_090000.WAV,Telephone Field,recover-20220922,001,1795
861.6195,861.6274,28906,38928,Eptesicus serotinus,0.007,0.022,-1,Echolocation,/mnt/ubna_data_02_mir/recover-20220922/UBNA_001/20220921_090000.WAV,Telephone Field,recover-20220922,001,1795
861.6645,861.7035,68437,82609,Rhinolophus ferrumequinum,0.022,0.022,-1,Echolocation,/mnt/ubna_data_02_mir/recover-20220922/UBNA_001/20220921_090000.WAV,Telephone Field,recover-20220922,001,1795
861.7295,861.7427,22890,26204,Nyctalus leisleri,0.016,0.027,-1,Echolocation,/mnt/ubna_data_02_mir/recover-20220922/UBNA_001/20220921_090000.WAV,Telephone Field,recover-20220922,001,1795
861.7565,861.7951,68437,82767,Rhinolophus ferrumequinum,0.027,0.027,-1,Echolocation,/mnt/ubna_data_02_mir/recover-20220922/UBNA_001/20220921_090000.WAV,Telephone Field,recover-20220922,001,1795
861.7665,861.7766,24609,31803,Nyctalus leisleri,0.008,0.023,-1,Echolocation,/mnt/ubna_data_02_mir/recover-20220922/UBNA_001/20220921_090000.WAV,Telephone Field,recover-20220922,001,1795
861.7805,861.7879,28046,39624,Eptesicus serotinus,0.006,0.022,-1,Echolocation,/mnt/ubna_data_02_mir/recover-20220922/UBNA_001/20220921_090000.WAV,Telephone Field,recover-20220922,001,1795
861.8155,861.8223,28906,38285,Myotis daubentonii,0.006,0.022,-1,Echolocation,/mnt/ubna_data_02_mir/recover-20220922/UBNA_001/20220921_090000.WAV,Telephone Field,recover-20220922,001,1795
861.8265,861.8672,68437,82210,Rhinolophus ferrumequinum,0.022,0.022,-1,Echolocation,/mnt/ubna_data_02_mir/recover-20220922/UBNA_001/20220921_090000.WAV,Telephone Field,recover-20220922,001,1795
861.8355,861.8768,68437,82879,Rhinolophus ferrumequinum,0.022,0.022,-1,Echolocation,/mnt/ubna_data_02_mir/recover-20220922/UBNA_001/20220921_090000.WAV,Telephone Field,recover-20220922,001,1795
861.8825,861.8918,28046,37673,Eptesicus serotinus,0.011,0.027,-1,Echolocation,/mnt/ubna_data_02_mir/recover-20220922/UBNA_001/20220921_090000.WAV,Telephone Field,recover-20220922,001,1795
861.8975,861.9091,22890,27841,Nyctalus leisleri,0.015,0.028,-1,Echolocation,/mnt/ubna_data_02_mir/recover-20220922/UBNA_001/20220921_090000.WAV,Telephone Field,recover-20220922,001,1795
861.9035,861.9467,68437,83184,Rhinolophus ferrumequinum,0.033,0.033,-1,Echolocation,/mnt/ubna_data_02_mir/recover-20220922/UBNA_001/20220921_090000.WAV,Telephone Field,recover-20220922,001,1795
861.9265,861.9372,23750,29477,Nyctalus leisleri,0.013,0.027,-1,Echolocation,/mnt/ubna_data_02_mir/recover-20220922/UBNA_001/20220921_090000.WAV,Telephone Field,recover-20220922,001,1795
861.9275,861.9651,68437,82087,Rhinolophus ferrumequinum,0.022,0.022,-1,Echolocation,/mnt/ubna_data_02_mir/recover-20220922/UBNA_001/20220921_090000.WAV,Telephone Field,recover-20220922,001,1795
861.9345,861.975,68437,82374,Rhinolophus ferrumequinum,0.022,0.022,-1,Echolocation,/mnt/ubna_data_02_mir/recover-20220922/UBNA_001/20220921_090000.WAV,Telephone Field,recover-20220922,001,1795
861.9435,861.9824,68437,82303,Rhinolophus ferrumequinum,0.022,0.022,-1,Echolocation,/mnt/ubna_data_02_mir/recover-20220922/UBNA_001/20220921_090000.WAV,Telephone Field,recover-20220922,001,1795
861.9505,861.9586,23750,31793,Plecotus austriacus,0.012,0.028,-1,Echolocation,/mnt/ubna_data_02_mir/recover-20220922/UBNA_001/20220921_090000.WAV,Telephone Field,recover-20220922,001,1795
862.0015,862.0108,46953,52529,Pipistrellus pipistrellus,0.02,0.027,-1,Echolocation,/mnt/ubna_data_02_mir/recover-20220922/UBNA_001/20220921_090000.WAV,Telephone Field,recover-20220922,001,1795
862.0015,862.0126,22031,28651,Nyctalus leisleri,0.011,0.031,-1,Echolocation,/mnt/ubna_data_02_mir/recover-20220922/UBNA_001/20220921_090000.WAV,Telephone Field,recover-20220922,001,1795
862.0015,862.0355,68437,80506,Rhinolophus ferrumequinum,0.046,0.046,-1,Echolocation,/mnt/ubna_data_02_mir/recover-20220922/UBNA_001/20220921_090000.WAV,Telephone Field,recover-20220922,001,1795
862.0095,862.054,68437,83277,Rhinolophus ferrumequinum,0.03,0.03,-1,Echolocation,/mnt/ubna_data_02_mir/recover-20220922/UBNA_001/20220921_090000.WAV,Telephone Field,recover-20220922,001,1795
862.0955,862.1059,27187,35164,Eptesicus serotinus,0.013,0.027,-1,Echolocation,/mnt/ubna_data_02_mir/recover-20220922/UBNA_001/20220921_090000.WAV,Telephone Field,recover-20220922,001,1795
862.1125,862.1555,68437,83308,Rhinolophus ferrumequinum,0.059,0.059,-1,Echolocation,/mnt/ubna_data_02_mir/recover-20220922/UBNA_001/20220921_090000.WAV,Telephone Field,recover-20220922,001,1795
862.1255,862.1341,28906,38384,Eptesicus serotinus,0.01,0.025,-1,Echolocation,/mnt/ubna_data_02_mir/recover-20220922/UBNA_001/20220921_090000.WAV,Telephone Field,recover-20220922,001,1795
862.1514999999999,862.157,28046,41268,Myotis daubentonii,0.005,0.028,-1,Echolocation,/mnt/ubna_data_02_mir/recover-20220922/UBNA_001/20220921_090000.WAV,Telephone Field,recover-20220922,001,1795
862.1935,862.2266,68437,80501,Rhinolophus ferrumequinum,0.023,0.024,-1,Echolocation,/mnt/ubna_data_02_mir/recover-20220922/UBNA_001/20220921_090000.WAV,Telephone Field,recover-20220922,001,1795
862.2675,862.3042,68437,82263,Rhinolophus ferrumequinum,0.028,0.028,-1,Echolocation,/mnt/ubna_data_02_mir/recover-20220922/UBNA_001/20220921_090000.WAV,Telephone Field,recover-20220922,001,1795
862.2865,862.3253,68437,81634,Rhinolophus ferrumequinum,0.023,0.023,-1,Echolocation,/mnt/ubna_data_02_mir/recover-20220922/UBNA_001/20220921_090000.WAV,Telephone Field,recover-20220922,001,1795
862.2915,862.2991,27187,36814,Eptesicus serotinus,0.017,0.04,-1,Echolocation,/mnt/ubna_data_02_mir/recover-20220922/UBNA_001/20220921_090000.WAV,Telephone Field,recover-20220922,001,1795
862.2945,862.333,68437,82213,Rhinolophus ferrumequinum,0.023,0.023,-1,Echolocation,/mnt/ubna_data_02_mir/recover-20220922/UBNA_001/20220921_090000.WAV,Telephone Field,recover-20220922,001,1795
862.3015,862.34,68437,82227,Rhinolophus ferrumequinum,0.023,0.023,-1,Echolocation,/mnt/ubna_data_02_mir/recover-20220922/UBNA_001/20220921_090000.WAV,Telephone Field,recover-20220922,001,1795
862.3295,862.3696,68437,81988,Rhinolophus ferrumequinum,0.023,0.023,-1,Echolocation,/mnt/ubna_data_02_mir/recover-20220922/UBNA_001/20220921_090000.WAV,Telephone Field,recover-20220922,001,1795
862.3315,862.3521,21171,24930,Nyctalus leisleri,0.017,0.034,-1,Echolocation,/mnt/ubna_data_02_mir/recover-20220922/UBNA_001/20220921_090000.WAV,Telephone Field,recover-20220922,001,1795
862.3465,862.3836,68437,81919,Rhinolophus ferrumequinum,0.022,0.022,-1,Echolocation,/mnt/ubna_data_02_mir/recover-20220922/UBNA_001/20220921_090000.WAV,Telephone Field,recover-20220922,001,1795
862.3775,862.3833,24609,35621,Plecotus austriacus,0.033,0.062,-1,Echolocation,/mnt/ubna_data_02_mir/recover-20220922/UBNA_001/20220921_090000.WAV,Telephone Field,recover-20220922,001,1795
862.3785,862.4223,68437,82873,Rhinolophus ferrumequinum,0.032,0.032,-1,Echolocation,/mnt/ubna_data_02_mir/recover-20220922/UBNA_001/20220921_090000.WAV,Telephone Field,recover-20220922,001,1795
862.3835,862.4245,68437,83005,Rhinolophus ferrumequinum,0.031,0.031,-1,Echolocation,/mnt/ubna_data_02_mir/recover-20220922/UBNA_001/20220921_090000.WAV,Telephone Field,recover-20220922,001,1795
862.3935,862.4347,68437,82605,Rhinolophus ferrumequinum,0.031,0.031,-1,Echolocation,/mnt/ubna_data_02_mir/recover-20220922/UBNA_001/20220921_090000.WAV,Telephone Field,recover-20220922,001,1795
862.4225,862.4601,68437,81346,Rhinolophus ferrumequinum,0.022,0.022,-1,Echolocation,/mnt/ubna_data_02_mir/recover-20220922/UBNA_001/20220921_090000.WAV,Telephone Field,recover-20220922,001,1795
862.4395,862.4483,28046,40092,Eptesicus serotinus,0.009,0.023,-1,Echolocation,/mnt/ubna_data_02_mir/recover-20220922/UBNA_001/20220921_090000.WAV,Telephone Field,recover-20220922,001,1795
862.4575,862.495,68437,82023,Rhinolophus ferrumequinum,0.028,0.028,-1,Echolocation,/mnt/ubna_data_02_mir/recover-20220922/UBNA_001/20220921_090000.WAV,Telephone Field,recover-20220922,001,1795
862.4595,862.4696,23750,30292,Nyctalus leisleri,0.008,0.023,-1,Echolocation,/mnt/ubna_data_02_mir/recover-20220922/UBNA_001/20220921_090000.WAV,Telephone Field,recover-20220922,001,1795
862.4765,862.5135,68437,82458,Rhinolophus ferrumequinum,0.023,0.023,-1,Echolocation,/mnt/ubna_data_02_mir/recover-20220922/UBNA_001/20220921_090000.WAV,Telephone Field,recover-20220922,001,1795
862.4845,862.5258,68437,82540,Rhinolophus ferrumequinum,0.023,0.023,-1,Echolocation,/mnt/ubna_data_02_mir/recover-20220922/UBNA_001/20220921_090000.WAV,Telephone Field,recover-20220922,001,1795
862.5105,862.5208,38359,43376,Pipistrellus nathusii,0.007,0.022,-1,Echolocation,/mnt/ubna_data_02_mir/recover-20220922/UBNA_001/20220921_090000.WAV,Telephone Field,recover-20220922,001,1795
862.5175,862.5574,68437,82986,Rhinolophus ferrumequinum,0.027,0.027,-1,Echolocation,/mnt/ubna_data_02_mir/recover-20220922/UBNA_001/20220921_090000.WAV,Telephone Field,recover-20220922,001,1795
862.5525,862.5901,68437,81957,Rhinolophus ferrumequinum,0.023,0.023,-1,Echolocation,/mnt/ubna_data_02_mir/recover-20220922/UBNA_001/20220921_090000.WAV,Telephone Field,recover-20220922,001,1795
862.5755,862.6158,68437,82612,Rhinolophus ferrumequinum,0.036,0.036,-1,Echolocation,/mnt/ubna_data_02_mir/recover-20220922/UBNA_001/20220921_090000.WAV,Telephone Field,recover-20220922,001,1795
862.5785,862.5883,24609,30826,Nyctalus leisleri,0.021,0.05,-1,Echolocation,/mnt/ubna_data_02_mir/recover-20220922/UBNA_001/20220921_090000.WAV,Telephone Field,recover-20220922,001,1795
862.6065,862.6166,44375,47964,Pipistrellus pipistrellus,0.024,0.025,-1,Echolocation,/mnt/ubna_data_02_mir/recover-20220922/UBNA_001/20220921_090000.WAV,Telephone Field,recover-20220922,001,1795
862.6115,862.6503,68437,82610,Rhinolophus ferrumequinum,0.025,0.025,-1,Echolocation,/mnt/ubna_data_02_mir/recover-20220922/UBNA_001/20220921_090000.WAV,Telephone Field,recover-20220922,001,1795
862.6335,862.6416,23750,32621,Plecotus austriacus,0.008,0.023,-1,Echolocation,/mnt/ubna_data_02_mir/recover-20220922/UBNA_001/20220921_090000.WAV,Telephone Field,recover-20220922,001,1795
862.6485,862.6594,26328,33760,Eptesicus serotinus,0.013,0.025,-1,Echolocation,/mnt/ubna_data_02_mir/recover-20220922/UBNA_001/20220921_090000.WAV,Telephone Field,recover-20220922,001,1795
862.6635,862.7014,68437,82614,Rhinolophus ferrumequinum,0.027,0.027,-1,Echolocation,/mnt/ubna_data_02_mir/recover-20220922/UBNA_001/20220921_090000.WAV,Telephone Field,recover-20220922,001,1795
862.6735,862.6831999999999,28906,38246,Eptesicus serotinus,0.011,0.028,-1,Echolocation,/mnt/ubna_data_02_mir/recover-20220922/UBNA_001/20220921_090000.WAV,Telephone Field,recover-20220922,001,1795
862.7195,862.7283,23750,31463,Plecotus austriacus,0.008,0.024,-1,Echolocation,/mnt/ubna_data_02_mir/recover-20220922/UBNA_001/20220921_090000.WAV,Telephone Field,recover-20220922,001,1795
862.7885,862.8273,68437,82400,Rhinolophus ferrumequinum,0.022,0.022,-1,Echolocation,/mnt/ubna_data_02_mir/recover-20220922/UBNA_001/20220921_090000.WAV,Telephone Field,recover-20220922,001,1795
862.8025,862.8177,25468,28829,Nyctalus leisleri,0.053,0.09,-1,Echolocation,/mnt/ubna_data_02_mir/recover-20220922/UBNA_001/20220921_090000.WAV,Telephone Field,recover-20220922,001,1795
862.8265,862.8368,22890,27808,Nyctalus leisleri,0.011,0.024,-1,Echolocation,/mnt/ubna_data_02_mir/recover-20220922/UBNA_001/20220921_090000.WAV,Telephone Field,recover-20220922,001,1795
862.8475,862.8854,68437,81671,Rhinolophus ferrumequinum,0.025,0.025,-1,Echolocation,/mnt/ubna_data_02_mir/recover-20220922/UBNA_001/20220921_090000.WAV,Telephone Field,recover-20220922,001,1795
862.8855,862.8938,26328,35672,Eptesicus serotinus,0.009,0.023,-1,Echolocation,/mnt/ubna_data_02_mir/recover-20220922/UBNA_001/20220921_090000.WAV,Telephone Field,recover-20220922,001,1795
862.9005,862.9362,68437,82032,Rhinolophus ferrumequinum,0.024,0.024,-1,Echolocation,/mnt/ubna_data_02_mir/recover-20220922/UBNA_001/20220921_090000.WAV,Telephone Field,recover-20220922,001,1795
862.9065,862.9442,68437,82379,Rhinolophus ferrumequinum,0.028,0.028,-1,Echolocation,/mnt/ubna_data_02_mir/recover-20220922/UBNA_001/20220921_090000.WAV,Telephone Field,recover-20220922,001,1795
862.9115,862.9253,22031,25277,Nyctalus leisleri,0.016,0.025,-1,Echolocation,/mnt/ubna_data_02_mir/recover-20220922/UBNA_001/20220921_090000.WAV,Telephone Field,recover-20220922,001,1795
862.9475,862.9566,26328,34488,Eptesicus serotinus,0.014,0.038,-1,Echolocation,/mnt/ubna_data_02_mir/recover-20220922/UBNA_001/20220921_090000.WAV,Telephone Field,recover-20220922,001,1795
862.9605,862.998,68437,80880,Rhinolophus ferrumequinum,0.023,0.023,-1,Echolocation,/mnt/ubna_data_02_mir/recover-20220922/UBNA_001/20220921_090000.WAV,Telephone Field,recover-20220922,001,1795
862.9715,863.0133,68437,83059,Rhinolophus ferrumequinum,0.027,0.027,-1,Echolocation,/mnt/ubna_data_02_mir/recover-20220922/UBNA_001/20220921_090000.WAV,Telephone Field,recover-20220922,001,1795
862.9735000000001,862.9833,28906,37209,Eptesicus serotinus,0.01,0.025,-1,Echolocation,/mnt/ubna_data_02_mir/recover-20220922/UBNA_001/20220921_090000.WAV,Telephone Field,recover-20220922,001,1795
862.9875,863.0293,68437,82513,Rhinolophus ferrumequinum,0.024,0.024,-1,Echolocation,/mnt/ubna_data_02_mir/recover-20220922/UBNA_001/20220921_090000.WAV,Telephone Field,recover-20220922,001,1795
863.0125,863.02,24609,33239,Plecotus austriacus,0.01,0.032,-1,Echolocation,/mnt/ubna_data_02_mir/recover-20220922/UBNA_001/20220921_090000.WAV,Telephone Field,recover-20220922,001,1795
863.0235,863.061,68437,81748,Rhinolophus ferrumequinum,0.024,0.024,-1,Echolocation,/mnt/ubna_data_02_mir/recover-20220922/UBNA_001/20220921_090000.WAV,Telephone Field,recover-20220922,001,1795
863.0415,863.0498,26328,35134,Eptesicus serotinus,0.014,0.036,-1,Echolocation,/mnt/ubna_data_02_mir/recover-20220922/UBNA_001/20220921_090000.WAV,Telephone Field,recover-20220922,001,1795
863.0745,863.0892,22890,26378,Nyctalus leisleri,0.018,0.03,-1,Echolocation,/mnt/ubna_data_02_mir/recover-20220922/UBNA_001/20220921_090000.WAV,Telephone Field,recover-20220922,001,1795
863.0755,863.1114,68437,81554,Rhinolophus ferrumequinum,0.028,0.028,-1,Echolocation,/mnt/ubna_data_02_mir/recover-20220922/UBNA_001/20220921_090000.WAV,Telephone Field,recover-20220922,001,1795
863.0955,863.1371,68437,82913,Rhinolophus ferrumequinum,0.028,0.028,-1,Echolocation,/mnt/ubna_data_02_mir/recover-20220922/UBNA_001/20220921_090000.WAV,Telephone Field,recover-20220922,001,1795
863.1045,863.1443,68437,82306,Rhinolophus ferrumequinum,0.026,0.026,-1,Echolocation,/mnt/ubna_data_02_mir/recover-20220922/UBNA_001/20220921_090000.WAV,Telephone Field,recover-20220922,001,1795
863.1095,863.1498,68437,82182,Rhinolophus ferrumequinum,0.025,0.025,-1,Echolocation,/mnt/ubna_data_02_mir/recover-20220922/UBNA_001/20220921_090000.WAV,Telephone Field,recover-20220922,001,1795
863.1635,863.1735,22890,29135,Nyctalus leisleri,0.01,0.025,-1,Echolocation,/mnt/ubna_data_02_mir/recover-20220922/UBNA_001/20220921_090000.WAV,Telephone Field,recover-20220922,001,1795
863.1705,863.2137,68437,83480,Rhinolophus ferrumequinum,0.04,0.04,-1,Echolocation,/mnt/ubna_data_02_mir/recover-20220922/UBNA_001/20220921_090000.WAV,Telephone Field,recover-20220922,001,1795
863.1805,863.1877,28046,40375,Eptesicus serotinus,0.007,0.023,-1,Echolocation,/mnt/ubna_data_02_mir/recover-20220922/UBNA_001/20220921_090000.WAV,Telephone Field,recover-20220922,001,1795
863.1905,863.2309,68437,83038,Rhinolophus ferrumequinum,0.027,0.027,-1,Echolocation,/mnt/ubna_data_02_mir/recover-20220922/UBNA_001/20220921_090000.WAV,Telephone Field,recover-20220922,001,1795
863.2135,863.2246,28046,35983,Eptesicus serotinus,0.014,0.027,-1,Echolocation,/mnt/ubna_data_02_mir/recover-20220922/UBNA_001/20220921_090000.WAV,Telephone Field,recover-20220922,001,1795
863.2355,863.2468,25468,31573,Eptesicus serotinus,0.009,0.024,-1,Echolocation,/mnt/ubna_data_02_mir/recover-20220922/UBNA_001/20220921_090000.WAV,Telephone Field,recover-20220922,001,1795
863.2395,863.2791,68437,82258,Rhinolophus ferrumequinum,0.03,0.03,-1,Echolocation,/mnt/ubna_data_02_mir/recover-20220922/UBNA_001/20220921_090000.WAV,Telephone Field,recover-20220922,001,1795
863.2465,863.2548,28046,40029,Eptesicus serotinus,0.008,0.023,-1,Echolocation,/mnt/ubna_data_02_mir/recover-20220922/UBNA_001/20220921_090000.WAV,Telephone Field,recover-20220922,001,1795
863.2515,863.2888,68437,81782,Rhinolophus ferrumequinum,0.023,0.023,-1,Echolocation,/mnt/ubna_data_02_mir/recover-20220922/UBNA_001/20220921_090000.WAV,Telephone Field,recover-20220922,001,1795
863.2735,863.2827,24609,32668,Eptesicus serotinus,0.008,0.022,-1,Echolocation,/mnt/ubna_data_02_mir/recover-20220922/UBNA_001/20220921_090000.WAV,Telephone Field,recover-20220922,001,1795
863.3145,863.3531,68437,82031,Rhinolophus ferrumequinum,0.034,0.034,-1,Echolocation,/mnt/ubna_data_02_mir/recover-20220922/UBNA_001/20220921_090000.WAV,Telephone Field,recover-20220922,001,1795
863.3225,863.3624,68437,82223,Rhinolophus ferrumequinum,0.026,0.026,-1,Echolocation,/mnt/ubna_data_02_mir/recover-20220922/UBNA_001/20220921_090000.WAV,Telephone Field,recover-20220922,001,1795
863.3665,863.4062,68437,81503,Rhinolophus ferrumequinum,0.029,0.029,-1,Echolocation,/mnt/ubna_data_02_mir/recover-20220922/UBNA_001/20220921_090000.WAV,Telephone Field,recover-20220922,001,1795
863.4014999999999,863.442,68437,83105,Rhinolophus ferrumequinum,0.031,0.031,-1,Echolocation,/mnt/ubna_data_02_mir/recover-20220922/UBNA_001/20220921_090000.WAV,Telephone Field,recover-20220922,001,1795
863.4055,863.4161,22031,27029,Nyctalus leisleri,0.012,0.024,-1,Echolocation,/mnt/ubna_data_02_mir/recover-20220922/UBNA_001/20220921_090000.WAV,Telephone Field,recover-20220922,001,1795
863.4835,863.4924,28906,36956,Eptesicus serotinus,0.008,0.022,-1,Echolocation,/mnt/ubna_data_02_mir/recover-20220922/UBNA_001/20220921_090000.WAV,Telephone Field,recover-20220922,001,1795
863.4945,863.5328,68437,82339,Rhinolophus ferrumequinum,0.025,0.025,-1,Echolocation,/mnt/ubna_data_02_mir/recover-20220922/UBNA_001/20220921_090000.WAV,Telephone Field,recover-20220922,001,1795
863.5215,863.5631,68437,82992,Rhinolophus ferrumequinum,0.042,0.042,-1,Echolocation,/mnt/ubna_data_02_mir/recover-20220922/UBNA_001/20220921_090000.WAV,Telephone Field,recover-20220922,001,1795
863.5415,863.5578,43515,46101,Pipistrellus pipistrellus,0.085,0.096,-1,Echolocation,/mnt/ubna_data_02_mir/recover-20220922/UBNA_001/20220921_090000.WAV,Telephone Field,recover-20220922,001,1795
863.5715,863.6126,68437,82839,Rhinolophus ferrumequinum,0.025,0.025,-1,Echolocation,/mnt/ubna_data_02_mir/recover-20220922/UBNA_001/20220921_090000.WAV,Telephone Field,recover-20220922,001,1795
863.6065,863.6469,68437,82466,Rhinolophus ferrumequinum,0.026,0.026,-1,Echolocation,/mnt/ubna_data_02_mir/recover-20220922/UBNA_001/20220921_090000.WAV,Telephone Field,recover-20220922,001,1795
863.6125,863.6236,21171,25586,Nyctalus leisleri,0.011,0.022,-1,Echolocation,/mnt/ubna_data_02_mir/recover-20220922/UBNA_001/20220921_090000.WAV,Telephone Field,recover-20220922,001,1795
863.6425,863.6845,68437,82973,Rhinolophus ferrumequinum,0.023,0.023,-1,Echolocation,/mnt/ubna_data_02_mir/recover-20220922/UBNA_001/20220921_090000.WAV,Telephone Field,recover-20220922,001,1795
863.6455,863.6551,23750,31450,Nyctalus leisleri,0.007,0.022,-1,Echolocation,/mnt/ubna_data_02_mir/recover-20220922/UBNA_001/20220921_090000.WAV,Telephone Field,recover-20220922,001,1795
863.6535,863.6637,23750,30432,Nyctalus leisleri,0.007,0.022,-1,Echolocation,/mnt/ubna_data_02_mir/recover-20220922/UBNA_001/20220921_090000.WAV,Telephone Field,recover-20220922,001,1795
863.6845,863.6981,23750,28494,Nyctalus leisleri,0.023,0.049,-1,Echolocation,/mnt/ubna_data_02_mir/recover-20220922/UBNA_001/20220921_090000.WAV,Telephone Field,recover-20220922,001,1795
863.7085,863.7173,28906,40356,Eptesicus serotinus,0.008,0.023,-1,Echolocation,/mnt/ubna_data_02_mir/recover-20220922/UBNA_001/20220921_090000.WAV,Telephone Field,recover-20220922,001,1795
863.7445,863.7542,28046,36157,Eptesicus serotinus,0.016,0.032,-1,Echolocation,/mnt/ubna_data_02_mir/recover-20220922/UBNA_001/20220921_090000.WAV,Telephone Field,recover-20220922,001,1795
863.7745,863.8106,68437,81951,Rhinolophus ferrumequinum,0.024,0.024,-1,Echolocation,/mnt/ubna_data_02_mir/recover-20220922/UBNA_001/20220921_090000.WAV,Telephone Field,recover-20220922,001,1795
863.7925,863.8334,68437,82635,Rhinolophus ferrumequinum,0.024,0.024,-1,Echolocation,/mnt/ubna_data_02_mir/recover-20220922/UBNA_001/20220921_090000.WAV,Telephone Field,recover-20220922,001,1795
863.7995,863.8407,68437,82631,Rhinolophus ferrumequinum,0.025,0.025,-1,Echolocation,/mnt/ubna_data_02_mir/recover-20220922/UBNA_001/20220921_090000.WAV,Telephone Field,recover-20220922,001,1795
863.8155,863.8235999999999,47812,51580,Pipistrellus pipistrellus,0.034,0.035,-1,Echolocation,/mnt/ubna_data_02_mir/recover-20220922/UBNA_001/20220921_090000.WAV,Telephone Field,recover-20220922,001,1795
863.8535,863.8921,68437,82264,Rhinolophus ferrumequinum,0.023,0.023,-1,Echolocation,/mnt/ubna_data_02_mir/recover-20220922/UBNA_001/20220921_090000.WAV,Telephone Field,recover-20220922,001,1795
863.8635,863.9023,68437,81840,Rhinolophus ferrumequinum,0.023,0.023,-1,Echolocation,/mnt/ubna_data_02_mir/recover-20220922/UBNA_001/20220921_090000.WAV,Telephone Field,recover-20220922,001,1795
863.8945,863.9328,68437,82508,Rhinolophus ferrumequinum,0.023,0.023,-1,Echolocation,/mnt/ubna_data_02_mir/recover-20220922/UBNA_001/20220921_090000.WAV,Telephone Field,recover-20220922,001,1795
863.9295,863.9685,68437,81958,Rhinolophus ferrumequinum,0.027,0.027,-1,Echolocation,/mnt/ubna_data_02_mir/recover-20220922/UBNA_001/20220921_090000.WAV,Telephone Field,recover-20220922,001,1795
863.9505,863.9888,68437,81808,Rhinolophus ferrumequinum,0.022,0.023,-1,Echolocation,/mnt/ubna_data_02_mir/recover-20220922/UBNA_001/20220921_090000.WAV,Telephone Field,recover-20220922,001,1795
864.0015,864.0108,22031,28801,Nyctalus leisleri,0.009,0.03,-1,Echolocation,/mnt/ubna_data_02_mir/recover-20220922/UBNA_001/20220921_090000.WAV,Telephone Field,recover-20220922,001,1795
864.0015,864.0167,57265,63142,Pipistrellus pygmaeus,0.027,0.029,-1,Echolocation,/mnt/ubna_data_02_mir/recover-20220922/UBNA_001/20220921_090000.WAV,Telephone Field,recover-20220922,001,1795
864.0015,864.0114,27187,33962,Nyctalus leisleri,0.012,0.034,-1,Echolocation,/mnt/ubna_data_02_mir/recover-20220922/UBNA_001/20220921_090000.WAV,Telephone Field,recover-20220922,001,1795
864.0015,864.0322,69296,79933,Rhinolophus ferrumequinum,0.028,0.029,-1,Echolocation,/mnt/ubna_data_02_mir/recover-20220922/UBNA_001/20220921_090000.WAV,Telephone Field,recover-20220922,001,1795
864.0085,864.0195,26328,32563,Eptesicus serotinus,0.011,0.023,-1,Echolocation,/mnt/ubna_data_02_mir/recover-20220922/UBNA_001/20220921_090000.WAV,Telephone Field,recover-20220922,001,1795
864.0085,864.051,68437,81088,Rhinolophus ferrumequinum,0.021,0.021,-1,Echolocation,/mnt/ubna_data_02_mir/recover-20220922/UBNA_001/20220921_090000.WAV,Telephone Field,recover-20220922,001,1795
864.0365,864.0442,28046,38228,Eptesicus serotinus,0.007,0.022,-1,Echolocation,/mnt/ubna_data_02_mir/recover-20220922/UBNA_001/20220921_090000.WAV,Telephone Field,recover-20220922,001,1795
864.0615,864.1004,68437,81917,Rhinolophus ferrumequinum,0.021,0.021,-1,Echolocation,/mnt/ubna_data_02_mir/recover-20220922/UBNA_001/20220921_090000.WAV,Telephone Field,recover-20220922,001,1795
864.0735,864.1136,68437,82791,Rhinolophus ferrumequinum,0.023,0.023,-1,Echolocation,/mnt/ubna_data_02_mir/recover-20220922/UBNA_001/20220921_090000.WAV,Telephone Field,recover-20220922,001,1795
864.0825,864.0922,26328,34176,Eptesicus serotinus,0.022,0.043,-1,Echolocation,/mnt/ubna_data_02_mir/recover-20220922/UBNA_001/20220921_090000.WAV,Telephone Field,recover-20220922,001,1795
864.1235,864.1608,68437,81839,Rhinolophus ferrumequinum,0.023,0.023,-1,Echolocation,/mnt/ubna_data_02_mir/recover-20220922/UBNA_001/20220921_090000.WAV,Telephone Field,recover-20220922,001,1795
864.1325,864.172,68437,81984,Rhinolophus ferrumequinum,0.022,0.022,-1,Echolocation,/mnt/ubna_data_02_mir/recover-20220922/UBNA_001/20220921_090000.WAV,Telephone Field,recover-20220922,001,1795
864.1415,864.1493,27187,39643,Eptesicus serotinus,0.008,0.027,-1,Echolocation,/mnt/ubna_data_02_mir/recover-20220922/UBNA_001/20220921_090000.WAV,Telephone Field,recover-20220922,001,1795
864.1545,864.1662,28046,36396,Eptesicus serotinus,0.011,0.025,-1,Echolocation,/mnt/ubna_data_02_mir/recover-20220922/UBNA_001/20220921_090000.WAV,Telephone Field,recover-20220922,001,1795
864.1555,864.1895,68437,80825,Rhinolophus ferrumequinum,0.021,0.021,-1,Echolocation,/mnt/ubna_data_02_mir/recover-20220922/UBNA_001/20220921_090000.WAV,Telephone Field,recover-20220922,001,1795
864.1655,864.1758,28046,36727,Eptesicus serotinus,0.012,0.028,-1,Echolocation,/mnt/ubna_data_02_mir/recover-20220922/UBNA_001/20220921_090000.WAV,Telephone Field,recover-20220922,001,1795
864.1755,864.1837,23750,32264,Plecotus austriacus,0.01,0.026,-1,Echolocation,/mnt/ubna_data_02_mir/recover-20220922/UBNA_001/20220921_090000.WAV,Telephone Field,recover-20220922,001,1795
864.1915,864.2284,68437,82145,Rhinolophus ferrumequinum,0.023,0.023,-1,Echolocation,/mnt/ubna_data_02_mir/recover-20220922/UBNA_001/20220921_090000.WAV,Telephone Field,recover-20220922,001,1795
864.2125,864.2529,68437,83234,Rhinolophus ferrumequinum,0.026,0.026,-1,Echolocation,/mnt/ubna_data_02_mir/recover-20220922/UBNA_001/20220921_090000.WAV,Telephone Field,recover-20220922,001,1795
864.2255,864.2661,68437,82221,Rhinolophus ferrumequinum,0.023,0.023,-1,Echolocation,/mnt/ubna_data_02_mir/recover-20220922/UBNA_001/20220921_090000.WAV,Telephone Field,recover-20220922,001,1795
864.2505,864.2604,28046,37079,Eptesicus serotinus,0.011,0.026,-1,Echolocation,/mnt/ubna_data_02_mir/recover-20220922/UBNA_001/20220921_090000.WAV,Telephone Field,recover-20220922,001,1795
864.2965,864.3075,28906,36705,Eptesicus serotinus,0.012,0.025,-1,Echolocation,/mnt/ubna_data_02_mir/recover-20220922/UBNA_001/20220921_090000.WAV,Telephone Field,recover-20220922,001,1795
864.2975,864.3075,23750,30511,Nyctalus leisleri,0.008,0.023,-1,Echolocation,/mnt/ubna_data_02_mir/recover-20220922/UBNA_001/20220921_090000.WAV,Telephone Field,recover-20220922,001,1795
864.3085,864.3178,23750,30573,Nyctalus leisleri,0.008,0.023,-1,Echolocation,/mnt/ubna_data_02_mir/recover-20220922/UBNA_001/20220921_090000.WAV,Telephone Field,recover-20220922,001,1795
864.3225,864.3581,68437,80792,Rhinolophus ferrumequinum,0.025,0.025,-1,Echolocation,/mnt/ubna_data_02_mir/recover-20220922/UBNA_001/20220921_090000.WAV,Telephone Field,recover-20220922,001,1795
864.3405,864.3471,26328,36656,Eptesicus serotinus,0.009,0.032,-1,Echolocation,/mnt/ubna_data_02_mir/recover-20220922/UBNA_001/20220921_090000.WAV,Telephone Field,recover-20220922,001,1795
864.3835,864.4214,68437,81521,Rhinolophus ferrumequinum,0.024,0.024,-1,Echolocation,/mnt/ubna_data_02_mir/recover-20220922/UBNA_001/20220921_090000.WAV,Telephone Field,recover-20220922,001,1795
864.3985,864.4036,37500,46716,Myotis daubentonii,0.014,0.033,-1,Echolocation,/mnt/ubna_data_02_mir/recover-20220922/UBNA_001/20220921_090000.WAV,Telephone Field,recover-20220922,001,1795
864.3985,864.4041,31484,48934,Myotis daubentonii,0.017,0.029,-1,Echolocation,/mnt/ubna_data_02_mir/recover-20220922/UBNA_001/20220921_090000.WAV,Telephone Field,recover-20220922,001,1795
864.4285,864.4672,68437,81974,Rhinolophus ferrumequinum,0.022,0.022,-1,Echolocation,/mnt/ubna_data_02_mir/recover-20220922/UBNA_001/20220921_090000.WAV,Telephone Field,recover-20220922,001,1795
864.4695,864.5079,68437,82095,Rhinolophus ferrumequinum,0.021,0.021,-1,Echolocation,/mnt/ubna_data_02_mir/recover-20220922/UBNA_001/20220921_090000.WAV,Telephone Field,recover-20220922,001,1795
864.5105,864.5175,27187,36734,Eptesicus serotinus,0.011,0.032,-1,Echolocation,/mnt/ubna_data_02_mir/recover-20220922/UBNA_001/20220921_090000.WAV,Telephone Field,recover-20220922,001,1795
864.5745,864.5833,25468,37369,Eptesicus serotinus,0.008,0.021,-1,Echolocation,/mnt/ubna_data_02_mir/recover-20220922/UBNA_001/20220921_090000.WAV,Telephone Field,recover-20220922,001,1795
864.5955,864.6057,28046,36401,Eptesicus serotinus,0.01,0.024,-1,Echolocation,/mnt/ubna_data_02_mir/recover-20220922/UBNA_001/20220921_090000.WAV,Telephone Field,recover-20220922,001,1795
864.6514999999999,864.6917,68437,83006,Rhinolophus ferrumequinum,0.025,0.025,-1,Echolocation,/mnt/ubna_data_02_mir/recover-20220922/UBNA_001/20220921_090000.WAV,Telephone Field,recover-20220922,001,1795
864.6565,864.6651,23750,31313,Plecotus austriacus,0.008,0.024,-1,Echolocation,/mnt/ubna_data_02_mir/recover-20220922/UBNA_001/20220921_090000.WAV,Telephone Field,recover-20220922,001,1795
864.6685,864.7073,68437,82190,Rhinolophus ferrumequinum,0.022,0.022,-1,Echolocation,/mnt/ubna_data_02_mir/recover-20220922/UBNA_001/20220921_090000.WAV,Telephone Field,recover-20220922,001,1795
864.6765,864.6888,30625,36890,Eptesicus serotinus,0.012,0.027,-1,Echolocation,/mnt/ubna_data_02_mir/recover-20220922/UBNA_001/20220921_090000.WAV,Telephone Field,recover-20220922,001,1795
864.6935,864.7329,68437,82250,Rhinolophus ferrumequinum,0.021,0.021,-1,Echolocation,/mnt/ubna_data_02_mir/recover-20220922/UBNA_001/20220921_090000.WAV,Telephone Field,recover-20220922,001,1795
864.7035,864.7123,24609,34052,Eptesicus serotinus,0.006,0.024,-1,Echolocation,/mnt/ubna_data_02_mir/recover-20220922/UBNA_001/20220921_090000.WAV,Telephone Field,recover-20220922,001,1795
864.7035,864.7089,46953,55096,Pipistrellus pipistrellus,0.017,0.022,-1,Echolocation,/mnt/ubna_data_02_mir/recover-20220922/UBNA_001/20220921_090000.WAV,Telephone Field,recover-20220922,001,1795
864.7265,864.7321,39218,54685,Myotis daubentonii,0.008,0.022,-1,Echolocation,/mnt/ubna_data_02_mir/recover-20220922/UBNA_001/20220921_090000.WAV,Telephone Field,recover-20220922,001,1795
864.7275,864.734,33203,53124,Myotis daubentonii,0.012,0.025,-1,Echolocation,/mnt/ubna_data_02_mir/recover-20220922/UBNA_001/20220921_090000.WAV,Telephone Field,recover-20220922,001,1795
864.7275,864.7655,68437,82433,Rhinolophus ferrumequinum,0.022,0.022,-1,Echolocation,/mnt/ubna_data_02_mir/recover-20220922/UBNA_001/20220921_090000.WAV,Telephone Field,recover-20220922,001,1795
864.7665,864.7757,28046,37392,Eptesicus serotinus,0.008,0.022,-1,Echolocation,/mnt/ubna_data_02_mir/recover-20220922/UBNA_001/20220921_090000.WAV,Telephone Field,recover-20220922,001,1795
864.7725,864.7814,28906,37462,Eptesicus serotinus,0.008,0.022,-1,Echolocation,/mnt/ubna_data_02_mir/recover-20220922/UBNA_001/20220921_090000.WAV,Telephone Field,recover-20220922,001,1795
864.7875,864.8276,68437,82988,Rhinolophus ferrumequinum,0.024,0.024,-1,Echolocation,/mnt/ubna_data_02_mir/recover-20220922/UBNA_001/20220921_090000.WAV,Telephone Field,recover-20220922,001,1795
864.7985,864.8385,68437,82428,Rhinolophus ferrumequinum,0.023,0.023,-1,Echolocation,/mnt/ubna_data_02_mir/recover-20220922/UBNA_001/20220921_090000.WAV,Telephone Field,recover-20220922,001,1795
864.8235,864.8345,50390,55270,Pipistrellus pipistrellus,0.026,0.031,-1,Echolocation,/mnt/ubna_data_02_mir/recover-20220922/UBNA_001/20220921_090000.WAV,Telephone Field,recover-20220922,001,1795
864.8485000000001,864.8767,68437,79762,Rhinolophus ferrumequinum,0.022,0.023,-1,Echolocation,/mnt/ubna_data_02_mir/recover-20220922/UBNA_001/20220921_090000.WAV,Telephone Field,recover-20220922,001,1795
864.8885,864.9102,17734,21603,Nyctalus noctula,0.036,0.049,-1,Echolocation,/mnt/ubna_data_02_mir/recover-20220922/UBNA_001/20220921_090000.WAV,Telephone Field,recover-20220922,001,1795
864.9065,864.9183,23750,29694,Nyctalus leisleri,0.011,0.025,-1,Echolocation,/mnt/ubna_data_02_mir/recover-20220922/UBNA_001/20220921_090000.WAV,Telephone Field,recover-20220922,001,1795
864.9485,864.9627,22031,26077,Nyctalus leisleri,0.015,0.026,-1,Echolocation,/mnt/ubna_data_02_mir/recover-20220922/UBNA_001/20220921_090000.WAV,Telephone Field,recover-20220922,001,1795
864.9605,864.9906,68437,78823,Rhinolophus ferrumequinum,0.024,0.026,-1,Echolocation,/mnt/ubna_data_02_mir/recover-20220922/UBNA_001/20220921_090000.WAV,Telephone Field,recover-20220922,001,1795
864.9645,864.9735000000001,28046,37238,Eptesicus serotinus,0.009,0.023,-1,Echolocation,/mnt/ubna_data_02_mir/recover-20220922/UBNA_001/20220921_090000.WAV,Telephone Field,recover-20220922,001,1795
864.9885,864.9964,43515,48488,Pipistrellus pipistrellus,0.022,0.025,-1,Echolocation,/mnt/ubna_data_02_mir/recover-20220922/UBNA_001/20220921_090000.WAV,Telephone Field,recover-20220922,001,1795
864.9905,865.0282,68437,82764,Rhinolophus ferrumequinum,0.022,0.022,-1,Echolocation,/mnt/ubna_data_02_mir/recover-20220922/UBNA_001/20220921_090000.WAV,Telephone Field,recover-20220922,001,1795
864.9965,865.0071,26328,33711,Eptesicus serotinus,0.011,0.024,-1,Echolocation,/mnt/ubna_data_02_mir/recover-20220922/UBNA_001/20220921_090000.WAV,Telephone Field,recover-20220922,001,1795
865.0205,865.0597,68437,82790,Rhinolophus ferrumequinum,0.028,0.028,-1,Echolocation,/mnt/ubna_data_02_mir/recover-20220922/UBNA_001/20220921_090000.WAV,Telephone Field,recover-20220922,001,1795
865.0405,865.059,19453,22368,Nyctalus leisleri,0.013,0.023,-1,Echolocation,/mnt/ubna_data_02_mir/recover-20220922/UBNA_001/20220921_090000.WAV,Telephone Field,recover-20220922,001,1795
865.0755,865.0854,24609,31023,Nyctalus leisleri,0.009,0.027,-1,Echolocation,/mnt/ubna_data_02_mir/recover-20220922/UBNA_001/20220921_090000.WAV,Telephone Field,recover-20220922,001,1795
865.1085,865.1182,14296,22015,Nyctalus noctula,0.011,0.022,-1,Echolocation,/mnt/ubna_data_02_mir/recover-20220922/UBNA_001/20220921_090000.WAV,Telephone Field,recover-20220922,001,1795
865.1085,865.115,27187,39495,Eptesicus serotinus,0.006,0.026,-1,Echolocation,/mnt/ubna_data_02_mir/recover-20220922/UBNA_001/20220921_090000.WAV,Telephone Field,recover-20220922,001,1795
865.1655,865.2026,68437,82304,Rhinolophus ferrumequinum,0.022,0.022,-1,Echolocation,/mnt/ubna_data_02_mir/recover-20220922/UBNA_001/20220921_090000.WAV,Telephone Field,recover-20220922,001,1795
865.1935,865.2021,26328,38478,Eptesicus serotinus,0.008,0.022,-1,Echolocation,/mnt/ubna_data_02_mir/recover-20220922/UBNA_001/20220921_090000.WAV,Telephone Field,recover-20220922,001,1795
865.2755,865.2876,25468,31501,Eptesicus serotinus,0.012,0.031,-1,Echolocation,/mnt/ubna_data_02_mir/recover-20220922/UBNA_001/20220921_090000.WAV,Telephone Field,recover-20220922,001,1795
865.2764999999999,865.2874,44375,49737,Pipistrellus pipistrellus,0.019,0.023,-1,Echolocation,/mnt/ubna_data_02_mir/recover-20220922/UBNA_001/20220921_090000.WAV,Telephone Field,recover-20220922,001,1795
865.2975,865.3073,22890,28565,Nyctalus leisleri,0.008,0.022,-1,Echolocation,/mnt/ubna_data_02_mir/recover-20220922/UBNA_001/20220921_090000.WAV,Telephone Field,recover-20220922,001,1795
865.3255,865.367,68437,83213,Rhinolophus ferrumequinum,0.022,0.022,-1,Echolocation,/mnt/ubna_data_02_mir/recover-20220922/UBNA_001/20220921_090000.WAV,Telephone Field,recover-20220922,001,1795
865.3475,865.3551,48671,55783,Pipistrellus pipistrellus,0.026,0.029,-1,Echolocation,/mnt/ubna_data_02_mir/recover-20220922/UBNA_001/20220921_090000.WAV,Telephone Field,recover-20220922,001,1795
865.3655,865.3747,46953,50724,Pipistrellus pipistrellus,0.021,0.023,-1,Echolocation,/mnt/ubna_data_02_mir/recover-20220922/UBNA_001/20220921_090000.WAV,Telephone Field,recover-20220922,001,1795
865.4465,865.4557,27187,33970,Eptesicus serotinus,0.055,0.099,-1,Echolocation,/mnt/ubna_data_02_mir/recover-20220922/UBNA_001/20220921_090000.WAV,Telephone Field,recover-20220922,001,1795
865.4935,865.5324,68437,82537,Rhinolophus ferrumequinum,0.03,0.03,-1,Echolocation,/mnt/ubna_data_02_mir/recover-20220922/UBNA_001/20220921_090000.WAV,Telephone Field,recover-20220922,001,1795
865.5175,865.5574,68437,82741,Rhinolophus ferrumequinum,0.022,0.022,-1,Echolocation,/mnt/ubna_data_02_mir/recover-20220922/UBNA_001/20220921_090000.WAV,Telephone Field,recover-20220922,001,1795
865.5255,865.5644,68437,82062,Rhinolophus ferrumequinum,0.025,0.025,-1,Echolocation,/mnt/ubna_data_02_mir/recover-20220922/UBNA_001/20220921_090000.WAV,Telephone Field,recover-20220922,001,1795
865.5264999999999,865.5337,27187,38316,Eptesicus serotinus,0.008,0.028,-1,Echolocation,/mnt/ubna_data_02_mir/recover-20220922/UBNA_001/20220921_090000.WAV,Telephone Field,recover-20220922,001,1795
865.5315,865.5702,68437,82096,Rhinolophus ferrumequinum,0.025,0.025,-1,Echolocation,/mnt/ubna_data_02_mir/recover-20220922/UBNA_001/20220921_090000.WAV,Telephone Field,recover-20220922,001,1795
865.5385,865.5491,28046,36712,Eptesicus serotinus,0.013,0.029,-1,Echolocation,/mnt/ubna_data_02_mir/recover-20220922/UBNA_001/20220921_090000.WAV,Telephone Field,recover-20220922,001,1795
865.5405,865.5521,34062,39512,Pipistrellus nathusii,0.024,0.042,-1,Echolocation,/mnt/ubna_data_02_mir/recover-20220922/UBNA_001/20220921_090000.WAV,Telephone Field,recover-20220922,001,1795
865.5655,865.5775,22890,28199,Nyctalus leisleri,0.014,0.029,-1,Echolocation,/mnt/ubna_data_02_mir/recover-20220922/UBNA_001/20220921_090000.WAV,Telephone Field,recover-20220922,001,1795
865.5995,865.6099,23750,30394,Nyctalus leisleri,0.008,0.022,-1,Echolocation,/mnt/ubna_data_02_mir/recover-20220922/UBNA_001/20220921_090000.WAV,Telephone Field,recover-20220922,001,1795
865.6065,865.6164,23750,30655,Nyctalus leisleri,0.007,0.022,-1,Echolocation,/mnt/ubna_data_02_mir/recover-20220922/UBNA_001/20220921_090000.WAV,Telephone Field,recover-20220922,001,1795
865.6215,865.6604,68437,82924,Rhinolophus ferrumequinum,0.024,0.024,-1,Echolocation,/mnt/ubna_data_02_mir/recover-20220922/UBNA_001/20220921_090000.WAV,Telephone Field,recover-20220922,001,1795
865.6325,865.6392,28906,54776,Myotis daubentonii,0.013,0.026,-1,Echolocation,/mnt/ubna_data_02_mir/recover-20220922/UBNA_001/20220921_090000.WAV,Telephone Field,recover-20220922,001,1795
865.6325,865.6388,37500,47065,Myotis daubentonii,0.011,0.023,-1,Echolocation,/mnt/ubna_data_02_mir/recover-20220922/UBNA_001/20220921_090000.WAV,Telephone Field,recover-20220922,001,1795
865.6415,865.6835,68437,82484,Rhinolophus ferrumequinum,0.025,0.025,-1,Echolocation,/mnt/ubna_data_02_mir/recover-20220922/UBNA_001/20220921_090000.WAV,Telephone Field,recover-20220922,001,1795
865.6755,865.712,68437,81680,Rhinolophus ferrumequinum,0.023,0.023,-1,Echolocation,/mnt/ubna_data_02_mir/recover-20220922/UBNA_001/20220921_090000.WAV,Telephone Field,recover-20220922,001,1795
865.7115,865.7498,68437,82323,Rhinolophus ferrumequinum,0.022,0.022,-1,Echolocation,/mnt/ubna_data_02_mir/recover-20220922/UBNA_001/20220921_090000.WAV,Telephone Field,recover-20220922,001,1795
865.7245,865.7332,27187,38855,Eptesicus serotinus,0.009,0.023,-1,Echolocation,/mnt/ubna_data_02_mir/recover-20220922/UBNA_001/20220921_090000.WAV,Telephone Field,recover-20220922,001,1795
865.7415,865.7798,68437,82761,Rhinolophus ferrumequinum,0.023,0.023,-1,Echolocation,/mnt/ubna_data_02_mir/recover-20220922/UBNA_001/20220921_090000.WAV,Telephone Field,recover-20220922,001,1795
865.7705,865.811,68437,82614,Rhinolophus ferrumequinum,0.027,0.027,-1,Echolocation,/mnt/ubna_data_02_mir/recover-20220922/UBNA_001/20220921_090000.WAV,Telephone Field,recover-20220922,001,1795
865.7785,865.7874,26328,35479,Eptesicus serotinus,0.01,0.025,-1,Echolocation,/mnt/ubna_data_02_mir/recover-20220922/UBNA_001/20220921_090000.WAV,Telephone Field,recover-20220922,001,1795
865.7935,865.8039,22890,28943,Nyctalus leisleri,0.01,0.024,-1,Echolocation,/mnt/ubna_data_02_mir/recover-20220922/UBNA_001/20220921_090000.WAV,Telephone Field,recover-20220922,001,1795
865.8135,865.8571,68437,83607,Rhinolophus ferrumequinum,0.044,0.044,-1,Echolocation,/mnt/ubna_data_02_mir/recover-20220922/UBNA_001/20220921_090000.WAV,Telephone Field,recover-20220922,001,1795
865.8445,865.8835,68437,82215,Rhinolophus ferrumequinum,0.023,0.023,-1,Echolocation,/mnt/ubna_data_02_mir/recover-20220922/UBNA_001/20220921_090000.WAV,Telephone Field,recover-20220922,001,1795
865.8735,865.881,27187,39250,Eptesicus serotinus,0.009,0.025,-1,Echolocation,/mnt/ubna_data_02_mir/recover-20220922/UBNA_001/20220921_090000.WAV,Telephone Field,recover-20220922,001,1795
865.8855,865.8944,26328,35843,Eptesicus serotinus,0.007,0.022,-1,Echolocation,/mnt/ubna_data_02_mir/recover-20220922/UBNA_001/20220921_090000.WAV,Telephone Field,recover-20220922,001,1795
865.8945,865.9026,28046,38389,Eptesicus serotinus,0.007,0.022,-1,Echolocation,/mnt/ubna_data_02_mir/recover-20220922/UBNA_001/20220921_090000.WAV,Telephone Field,recover-20220922,001,1795
865.9145,865.9231,28046,38860,Eptesicus serotinus,0.008,0.022,-1,Echolocation,/mnt/ubna_data_02_mir/recover-20220922/UBNA_001/20220921_090000.WAV,Telephone Field,recover-20220922,001,1795
865.9595,865.9702,24609,30782,Nyctalus leisleri,0.01,0.024,-1,Echolocation,/mnt/ubna_data_02_mir/recover-20220922/UBNA_001/20220921_090000.WAV,Telephone Field,recover-20220922,001,1795
865.9675,865.9761,28046,39741,Eptesicus serotinus,0.009,0.024,-1,Echolocation,/mnt/ubna_data_02_mir/recover-20220922/UBNA_001/20220921_090000.WAV,Telephone Field,recover-20220922,001,1795
866.0015,866.0104,25468,33700,Nyctalus leisleri,0.01,0.032,-1,Echolocation,/mnt/ubna_data_02_mir/recover-20220922/UBNA_001/20220921_090000.WAV,Telephone Field,recover-20220922,001,1795
866.0295,866.0615,68437,80097,Rhinolophus ferrumequinum,0.021,0.022,-1,Echolocation,/mnt/ubna_data_02_mir/recover-20220922/UBNA_001/20220921_090000.WAV,Telephone Field,recover-20220922,001,1795
866.0425,866.0528,23750,29930,Nyctalus leisleri,0.009,0.022,-1,Echolocation,/mnt/ubna_data_02_mir/recover-20220922/UBNA_001/20220921_090000.WAV,Telephone Field,recover-20220922,001,1795
866.0995,866.1363,68437,81368,Rhinolophus ferrumequinum,0.028,0.028,-1,Echolocation,/mnt/ubna_data_02_mir/recover-20220922/UBNA_001/20220921_090000.WAV,Telephone Field,recover-20220922,001,1795
866.1325,866.1712,68437,81695,Rhinolophus ferrumequinum,0.023,0.023,-1,Echolocation,/mnt/ubna_data_02_mir/recover-20220922/UBNA_001/20220921_090000.WAV,Telephone Field,recover-20220922,001,1795
866.1405,866.1464,27187,42444,Eptesicus serotinus,0.005,0.023,-1,Echolocation,/mnt/ubna_data_02_mir/recover-20220922/UBNA_001/20220921_090000.WAV,Telephone Field,recover-20220922,001,1795
866.1845,866.1948,28906,37770,Eptesicus serotinus,0.015,0.033,-1,Echolocation,/mnt/ubna_data_02_mir/recover-20220922/UBNA_001/20220921_090000.WAV,Telephone Field,recover-20220922,001,1795
866.2205,866.261,68437,82947,Rhinolophus ferrumequinum,0.024,0.024,-1,Echolocation,/mnt/ubna_data_02_mir/recover-20220922/UBNA_001/20220921_090000.WAV,Telephone Field,recover-20220922,001,1795
866.2605,866.299,68437,81525,Rhinolophus ferrumequinum,0.023,0.023,-1,Echolocation,/mnt/ubna_data_02_mir/recover-20220922/UBNA_001/20220921_090000.WAV,Telephone Field,recover-20220922,001,1795
866.2845,866.3219,68437,82117,Rhinolophus ferrumequinum,0.029,0.029,-1,Echolocation,/mnt/ubna_data_02_mir/recover-20220922/UBNA_001/20220921_090000.WAV,Telephone Field,recover-20220922,001,1795
866.2985,866.3086,28046,36985,Eptesicus serotinus,0.012,0.025,-1,Echolocation,/mnt/ubna_data_02_mir/recover-20220922/UBNA_001/20220921_090000.WAV,Telephone Field,recover-20220922,001,1795
866.3275,866.3373,22031,27848,Plecotus austriacus,0.009,0.026,-1,Echolocation,/mnt/ubna_data_02_mir/recover-20220922/UBNA_001/20220921_090000.WAV,Telephone Field,recover-20220922,001,1795
866.3475,866.3893,68437,83004,Rhinolophus ferrumequinum,0.024,0.024,-1,Echolocation,/mnt/ubna_data_02_mir/recover-20220922/UBNA_001/20220921_090000.WAV,Telephone Field,recover-20220922,001,1795
866.3555,866.3967,68437,82559,Rhinolophus ferrumequinum,0.022,0.022,-1,Echolocation,/mnt/ubna_data_02_mir/recover-20220922/UBNA_001/20220921_090000.WAV,Telephone Field,recover-20220922,001,1795
866.3915,866.4319,68437,82717,Rhinolophus ferrumequinum,0.023,0.023,-1,Echolocation,/mnt/ubna_data_02_mir/recover-20220922/UBNA_001/20220921_090000.WAV,Telephone Field,recover-20220922,001,1795
866.4165,866.4556,68437,82719,Rhinolophus ferrumequinum,0.031,0.031,-1,Echolocation,/mnt/ubna_data_02_mir/recover-20220922/UBNA_001/20220921_090000.WAV,Telephone Field,recover-20220922,001,1795
866.4695,866.5143,68437,83258,Rhinolophus ferrumequinum,0.033,0.033,-1,Echolocation,/mnt/ubna_data_02_mir/recover-20220922/UBNA_001/20220921_090000.WAV,Telephone Field,recover-20220922,001,1795
866.4705,866.4801,28906,37684,Eptesicus serotinus,0.009,0.023,-1,Echolocation,/mnt/ubna_data_02_mir/recover-20220922/UBNA_001/20220921_090000.WAV,Telephone Field,recover-20220922,001,1795
866.4965,866.5354,68437,82023,Rhinolophus ferrumequinum,0.022,0.022,-1,Echolocation,/mnt/ubna_data_02_mir/recover-20220922/UBNA_001/20220921_090000.WAV,Telephone Field,recover-20220922,001,1795
866.5755,866.6129,68437,82011,Rhinolophus ferrumequinum,0.023,0.023,-1,Echolocation,/mnt/ubna_data_02_mir/recover-20220922/UBNA_001/20220921_090000.WAV,Telephone Field,recover-20220922,001,1795
866.5795,866.5874,28046,39760,Eptesicus serotinus,0.009,0.025,-1,Echolocation,/mnt/ubna_data_02_mir/recover-20220922/UBNA_001/20220921_090000.WAV,Telephone Field,recover-20220922,001,1795
866.5925,866.6058,24609,30477,Nyctalus leisleri,0.015,0.036,-1,Echolocation,/mnt/ubna_data_02_mir/recover-20220922/UBNA_001/20220921_090000.WAV,Telephone Field,recover-20220922,001,1795
866.6215,866.666,68437,83403,Rhinolophus ferrumequinum,0.027,0.027,-1,Echolocation,/mnt/ubna_data_02_mir/recover-20220922/UBNA_001/20220921_090000.WAV,Telephone Field,recover-20220922,001,1795
866.6575,866.6972,68437,82672,Rhinolophus ferrumequinum,0.025,0.025,-1,Echolocation,/mnt/ubna_data_02_mir/recover-20220922/UBNA_001/20220921_090000.WAV,Telephone Field,recover-20220922,001,1795
866.6625,866.7022,68437,82929,Rhinolophus ferrumequinum,0.024,0.024,-1,Echolocation,/mnt/ubna_data_02_mir/recover-20220922/UBNA_001/20220921_090000.WAV,Telephone Field,recover-20220922,001,1795
866.6755,866.6844,25468,34483,Eptesicus serotinus,0.009,0.026,-1,Echolocation,/mnt/ubna_data_02_mir/recover-20220922/UBNA_001/20220921_090000.WAV,Telephone Field,recover-20220922,001,1795
866.6915,866.6985,28046,40744,Eptesicus serotinus,0.007,0.025,-1,Echolocation,/mnt/ubna_data_02_mir/recover-20220922/UBNA_001/20220921_090000.WAV,Telephone Field,recover-20220922,001,1795
866.7145,866.7256,23750,28855,Nyctalus leisleri,0.011,0.023,-1,Echolocation,/mnt/ubna_data_02_mir/recover-20220922/UBNA_001/20220921_090000.WAV,Telephone Field,recover-20220922,001,1795
866.7165,866.7535,68437,82010,Rhinolophus ferrumequinum,0.022,0.022,-1,Echolocation,/mnt/ubna_data_02_mir/recover-20220922/UBNA_001/20220921_090000.WAV,Telephone Field,recover-20220922,001,1795
866.8075,866.8137,27187,38957,Plecotus auritus,0.011,0.036,-1,Echolocation,/mnt/ubna_data_02_mir/recover-20220922/UBNA_001/20220921_090000.WAV,Telephone Field,recover-20220922,001,1795
866.8525,866.8944,68437,83132,Rhinolophus ferrumequinum,0.035,0.035,-1,Echolocation,/mnt/ubna_data_02_mir/recover-20220922/UBNA_001/20220921_090000.WAV,Telephone Field,recover-20220922,001,1795
866.8815,866.9177,68437,80880,Rhinolophus ferrumequinum,0.023,0.023,-1,Echolocation,/mnt/ubna_data_02_mir/recover-20220922/UBNA_001/20220921_090000.WAV,Telephone Field,recover-20220922,001,1795
866.8855,866.8945,44375,50035,Pipistrellus pipistrellus,0.019,0.022,-1,Echolocation,/mnt/ubna_data_02_mir/recover-20220922/UBNA_001/20220921_090000.WAV,Telephone Field,recover-20220922,001,1795
866.9275,866.9648,68437,81339,Rhinolophus ferrumequinum,0.022,0.022,-1,Echolocation,/mnt/ubna_data_02_mir/recover-20220922/UBNA_001/20220921_090000.WAV,Telephone Field,recover-20220922,001,1795
866.9355,866.9732,68437,82273,Rhinolophus ferrumequinum,0.022,0.022,-1,Echolocation,/mnt/ubna_data_02_mir/recover-20220922/UBNA_001/20220921_090000.WAV,Telephone Field,recover-20220922,001,1795
866.9835,867.0185,68437,81834,Rhinolophus ferrumequinum,0.024,0.024,-1,Echolocation,/mnt/ubna_data_02_mir/recover-20220922/UBNA_001/20220921_090000.WAV,Telephone Field,recover-20220922,001,1795
866.9835,866.9926,22890,30426,Plecotus austriacus,0.012,0.03,-1,Echolocation,/mnt/ubna_data_02_mir/recover-20220922/UBNA_001/20220921_090000.WAV,Telephone Field,recover-20220922,001,1795
866.9855,866.9991,16015,22017,Nyctalus noctula,0.02,0.029,-1,Echolocation,/mnt/ubna_data_02_mir/recover-20220922/UBNA_001/20220921_090000.WAV,Telephone Field,recover-20220922,001,1795
866.9925,867.0311,68437,82162,Rhinolophus ferrumequinum,0.022,0.022,-1,Echolocation,/mnt/ubna_data_02_mir/recover-20220922/UBNA_001/20220921_090000.WAV,Telephone Field,recover-20220922,001,1795
867.0065,867.0495,68437,83226,Rhinolophus ferrumequinum,0.038,0.038,-1,Echolocation,/mnt/ubna_data_02_mir/recover-20220922/UBNA_001/20220921_090000.WAV,Telephone Field,recover-20220922,001,1795
867.0105,867.0173,28046,41069,Eptesicus serotinus,0.007,0.025,-1,Echolocation,/mnt/ubna_data_02_mir/recover-20220922/UBNA_001/20220921_090000.WAV,Telephone Field,recover-20220922,001,1795
867.0565,867.0928,68437,81810,Rhinolophus ferrumequinum,0.022,0.022,-1,Echolocation,/mnt/ubna_data_02_mir/recover-20220922/UBNA_001/20220921_090000.WAV,Telephone Field,recover-20220922,001,1795
867.0805,867.121,68437,83056,Rhinolophus ferrumequinum,0.041,0.041,-1,Echolocation,/mnt/ubna_data_02_mir/recover-20220922/UBNA_001/20220921_090000.WAV,Telephone Field,recover-20220922,001,1795
867.1325,867.1432,45234,49295,Pipistrellus pipistrellus,0.02,0.023,-1,Echolocation,/mnt/ubna_data_02_mir/recover-20220922/UBNA_001/20220921_090000.WAV,Telephone Field,recover-20220922,001,1795
867.1865,867.1939,27187,40160,Eptesicus serotinus,0.007,0.022,-1,Echolocation,/mnt/ubna_data_02_mir/recover-20220922/UBNA_001/20220921_090000.WAV,Telephone Field,recover-20220922,001,1795
867.2375,867.2769,68437,82476,Rhinolophus ferrumequinum,0.022,0.022,-1,Echolocation,/mnt/ubna_data_02_mir/recover-20220922/UBNA_001/20220921_090000.WAV,Telephone Field,recover-20220922,001,1795
867.2545,867.2949,68437,82579,Rhinolophus ferrumequinum,0.024,0.024,-1,Echolocation,/mnt/ubna_data_02_mir/recover-20220922/UBNA_001/20220921_090000.WAV,Telephone Field,recover-20220922,001,1795
867.2745,867.2823,28046,39091,Eptesicus serotinus,0.007,0.022,-1,Echolocation,/mnt/ubna_data_02_mir/recover-20220922/UBNA_001/20220921_090000.WAV,Telephone Field,recover-20220922,001,1795
867.2985,867.3379,68437,82526,Rhinolophus ferrumequinum,0.023,0.023,-1,Echolocation,/mnt/ubna_data_02_mir/recover-20220922/UBNA_001/20220921_090000.WAV,Telephone Field,recover-20220922,001,1795
867.3215,867.3351,28906,33435,Eptesicus serotinus,0.018,0.036,-1,Echolocation,/mnt/ubna_data_02_mir/recover-20220922/UBNA_001/20220921_090000.WAV,Telephone Field,recover-20220922,001,1795
867.3755,867.4151,68437,82815,Rhinolophus ferrumequinum,0.024,0.024,-1,Echolocation,/mnt/ubna_data_02_mir/recover-20220922/UBNA_001/20220921_090000.WAV,Telephone Field,recover-20220922,001,1795
867.3975,867.4371,68437,82373,Rhinolophus ferrumequinum,0.022,0.022,-1,Echolocation,/mnt/ubna_data_02_mir/recover-20220922/UBNA_001/20220921_090000.WAV,Telephone Field,recover-20220922,001,1795
867.4395,867.4755,68437,81801,Rhinolophus ferrumequinum,0.022,0.022,-1,Echolocation,/mnt/ubna_data_02_mir/recover-20220922/UBNA_001/20220921_090000.WAV,Telephone Field,recover-20220922,001,1795
867.4705,867.5141,68437,83541,Rhinolophus ferrumequinum,0.037,0.037,-1,Echolocation,/mnt/ubna_data_02_mir/recover-20220922/UBNA_001/20220921_090000.WAV,Telephone Field,recover-20220922,001,1795
867.4905,867.5046,23750,29227,Nyctalus leisleri,0.026,0.06,-1,Echolocation,/mnt/ubna_data_02_mir/recover-20220922/UBNA_001/20220921_090000.WAV,Telephone Field,recover-20220922,001,1795
867.5245,867.534,46953,50523,Pipistrellus pipistrellus,0.027,0.028,-1,Echolocation,/mnt/ubna_data_02_mir/recover-20220922/UBNA_001/20220921_090000.WAV,Telephone Field,recover-20220922,001,1795
867.5605,867.5738,14296,19311,Nyctalus noctula,0.014,0.023,-1,Echolocation,/mnt/ubna_data_02_mir/recover-20220922/UBNA_001/20220921_090000.WAV,Telephone Field,recover-20220922,001,1795
867.5895,867.6082,19453,22428,Nyctalus leisleri,0.011,0.023,-1,Echolocation,/mnt/ubna_data_02_mir/recover-20220922/UBNA_001/20220921_090000.WAV,Telephone Field,recover-20220922,001,1795
867.6085,867.6473,68437,82363,Rhinolophus ferrumequinum,0.024,0.024,-1,Echolocation,/mnt/ubna_data_02_mir/recover-20220922/UBNA_001/20220921_090000.WAV,Telephone Field,recover-20220922,001,1795
867.6355,867.6447000000001,28906,36673,Eptesicus serotinus,0.007,0.022,-1,Echolocation,/mnt/ubna_data_02_mir/recover-20220922/UBNA_001/20220921_090000.WAV,Telephone Field,recover-20220922,001,1795
867.6505,867.6585,28046,40560,Eptesicus serotinus,0.008,0.023,-1,Echolocation,/mnt/ubna_data_02_mir/recover-20220922/UBNA_001/20220921_090000.WAV,Telephone Field,recover-20220922,001,1795
867.6935,867.729,68437,81004,Rhinolophus ferrumequinum,0.023,0.023,-1,Echolocation,/mnt/ubna_data_02_mir/recover-20220922/UBNA_001/20220921_090000.WAV,Telephone Field,recover-20220922,001,1795
867.7015,867.7118,22890,28323,Nyctalus leisleri,0.011,0.023,-1,Echolocation,/mnt/ubna_data_02_mir/recover-20220922/UBNA_001/20220921_090000.WAV,Telephone Field,recover-20220922,001,1795
867.7325,867.7694,68437,81237,Rhinolophus ferrumequinum,0.025,0.025,-1,Echolocation,/mnt/ubna_data_02_mir/recover-20220922/UBNA_001/20220921_090000.WAV,Telephone Field,recover-20220922,001,1795
867.7535,867.7608,23750,33170,Plecotus austriacus,0.013,0.029,-1,Echolocation,/mnt/ubna_data_02_mir/recover-20220922/UBNA_001/20220921_090000.WAV,Telephone Field,recover-20220922,001,1795
867.7675,867.7991,67578,78657,Rhinolophus ferrumequinum,0.021,0.023,-1,Echolocation,/mnt/ubna_data_02_mir/recover-20220922/UBNA_001/20220921_090000.WAV,Telephone Field,recover-20220922,001,1795
867.7805,867.7908,22890,29213,Nyctalus leisleri,0.009,0.024,-1,Echolocation,/mnt/ubna_data_02_mir/recover-20220922/UBNA_001/20220921_090000.WAV,Telephone Field,recover-20220922,001,1795
867.8125,867.8221,27187,36296,Eptesicus serotinus,0.01,0.023,-1,Echolocation,/mnt/ubna_data_02_mir/recover-20220922/UBNA_001/20220921_090000.WAV,Telephone Field,recover-20220922,001,1795
867.8305,867.8386,23750,32439,Plecotus austriacus,0.008,0.022,-1,Echolocation,/mnt/ubna_data_02_mir/recover-20220922/UBNA_001/20220921_090000.WAV,Telephone Field,recover-20220922,001,1795
867.8395,867.8799,68437,82431,Rhinolophus ferrumequinum,0.022,0.022,-1,Echolocation,/mnt/ubna_data_02_mir/recover-20220922/UBNA_001/20220921_090000.WAV,Telephone Field,recover-20220922,001,1795
867.8735,867.8831,43515,51441,Pipistrellus pipistrellus,0.015,0.023,-1,Echolocation,/mnt/ubna_data_02_mir/recover-20220922/UBNA_001/20220921_090000.WAV,Telephone Field,recover-20220922,001,1795
867.8905,867.9278,68437,81669,Rhinolophus ferrumequinum,0.022,0.022,-1,Echolocation,/mnt/ubna_data_02_mir/recover-20220922/UBNA_001/20220921_090000.WAV,Telephone Field,recover-20220922,001,1795
868.0015,868.0095,30625,38550,Myotis daubentonii,0.008,0.028,-1,Echolocation,/mnt/ubna_data_02_mir/recover-20220922/UBNA_001/20220921_090000.WAV,Telephone Field,recover-20220922,001,1795
868.0015,868.0086,49531,58485,Pipistrellus pipistrellus,0.012,0.021,-1,Echolocation,/mnt/ubna_data_02_mir/recover-20220922/UBNA_001/20220921_090000.WAV,Telephone Field,recover-20220922,001,1795
868.0015,868.0097,22031,28300,Nyctalus leisleri,0.009,0.027,-1,Echolocation,/mnt/ubna_data_02_mir/recover-20220922/UBNA_001/20220921_090000.WAV,Telephone Field,recover-20220922,001,1795
868.0015,868.034,71015,83433,Rhinolophus ferrumequinum,0.031,0.031,-1,Echolocation,/mnt/ubna_data_02_mir/recover-20220922/UBNA_001/20220921_090000.WAV,Telephone Field,recover-20220922,001,1795
868.0015,868.0102,26328,33424,Nyctalus leisleri,0.01,0.027,-1,Echolocation,/mnt/ubna_data_02_mir/recover-20220922/UBNA_001/20220921_090000.WAV,Telephone Field,recover-20220922,001,1795
868.0555,868.0626,28046,43834,Eptesicus serotinus,0.008,0.023,-1,Echolocation,/mnt/ubna_data_02_mir/recover-20220922/UBNA_001/20220921_090000.WAV,Telephone Field,recover-20220922,001,1795
868.0565,868.0621,33203,43111,Myotis daubentonii,0.01,0.024,-1,Echolocation,/mnt/ubna_data_02_mir/recover-20220922/UBNA_001/20220921_090000.WAV,Telephone Field,recover-20220922,001,1795
868.1175,868.1548,68437,81830,Rhinolophus ferrumequinum,0.021,0.021,-1,Echolocation,/mnt/ubna_data_02_mir/recover-20220922/UBNA_001/20220921_090000.WAV,Telephone Field,recover-20220922,001,1795
868.1335,868.1725,68437,82196,Rhinolophus ferrumequinum,0.021,0.021,-1,Echolocation,/mnt/ubna_data_02_mir/recover-20220922/UBNA_001/20220921_090000.WAV,Telephone Field,recover-20220922,001,1795
868.1615,868.1696,30625,41413,Myotis daubentonii,0.009,0.021,-1,Echolocation,/mnt/ubna_data_02_mir/recover-20220922/UBNA_001/20220921_090000.WAV,Telephone Field,recover-20220922,001,1795
868.2145,868.2523,68437,81297,Rhinolophus ferrumequinum,0.022,0.022,-1,Echolocation,/mnt/ubna_data_02_mir/recover-20220922/UBNA_001/20220921_090000.WAV,Telephone Field,recover-20220922,001,1795
868.2555,868.2989,68437,82651,Rhinolophus ferrumequinum,0.022,0.022,-1,Echolocation,/mnt/ubna_data_02_mir/recover-20220922/UBNA_001/20220921_090000.WAV,Telephone Field,recover-20220922,001,1795
868.2635,868.2703,24609,34718,Plecotus austriacus,0.015,0.033,-1,Echolocation,/mnt/ubna_data_02_mir/recover-20220922/UBNA_001/20220921_090000.WAV,Telephone Field,recover-20220922,001,1795
868.2655,868.3028,68437,81899,Rhinolophus ferrumequinum,0.022,0.022,-1,Echolocation,/mnt/ubna_data_02_mir/recover-20220922/UBNA_001/20220921_090000.WAV,Telephone Field,recover-20220922,001,1795
868.2745,868.3133,68437,81695,Rhinolophus ferrumequinum,0.022,0.022,-1,Echolocation,/mnt/ubna_data_02_mir/recover-20220922/UBNA_001/20220921_090000.WAV,Telephone Field,recover-20220922,001,1795
868.3205,868.3579,68437,81940,Rhinolophus ferrumequinum,0.022,0.022,-1,Echolocation,/mnt/ubna_data_02_mir/recover-20220922/UBNA_001/20220921_090000.WAV,Telephone Field,recover-20220922,001,1795
868.3505,868.3594,26328,34578,Eptesicus serotinus,0.009,0.021,-1,Echolocation,/mnt/ubna_data_02_mir/recover-20220922/UBNA_001/20220921_090000.WAV,Telephone Field,recover-20220922,001,1795
868.3535,868.393,68437,82250,Rhinolophus ferrumequinum,0.021,0.021,-1,Echolocation,/mnt/ubna_data_02_mir/recover-20220922/UBNA_001/20220921_090000.WAV,Telephone Field,recover-20220922,001,1795
868.3935,868.4288,68437,81311,Rhinolophus ferrumequinum,0.021,0.021,-1,Echolocation,/mnt/ubna_data_02_mir/recover-20220922/UBNA_001/20220921_090000.WAV,Telephone Field,recover-20220922,001,1795
868.4095,868.4505,68437,82259,Rhinolophus ferrumequinum,0.023,0.023,-1,Echolocation,/mnt/ubna_data_02_mir/recover-20220922/UBNA_001/20220921_090000.WAV,Telephone Field,recover-20220922,001,1795
868.4475,868.4607,25468,30660,Nyctalus leisleri,0.016,0.032,-1,Echolocation,/mnt/ubna_data_02_mir/recover-20220922/UBNA_001/20220921_090000.WAV,Telephone Field,recover-20220922,001,1795
868.4665,868.503,68437,81837,Rhinolophus ferrumequinum,0.021,0.021,-1,Echolocation,/mnt/ubna_data_02_mir/recover-20220922/UBNA_001/20220921_090000.WAV,Telephone Field,recover-20220922,001,1795
868.4725,868.4823,23750,29958,Nyctalus leisleri,0.009,0.023,-1,Echolocation,/mnt/ubna_data_02_mir/recover-20220922/UBNA_001/20220921_090000.WAV,Telephone Field,recover-20220922,001,1795
868.4925,868.5334,68437,82701,Rhinolophus ferrumequinum,0.023,0.023,-1,Echolocation,/mnt/ubna_data_02_mir/recover-20220922/UBNA_001/20220921_090000.WAV,Telephone Field,recover-20220922,001,1795
868.5025,868.5129,22890,28203,Nyctalus leisleri,0.01,0.022,-1,Echolocation,/mnt/ubna_data_02_mir/recover-20220922/UBNA_001/20220921_090000.WAV,Telephone Field,recover-20220922,001,1795
868.5605,868.5956,68437,81211,Rhinolophus ferrumequinum,0.022,0.022,-1,Echolocation,/mnt/ubna_data_02_mir/recover-20220922/UBNA_001/20220921_090000.WAV,Telephone Field,recover-20220922,001,1795
868.5715,868.5812,22890,29039,Nyctalus leisleri,0.008,0.021,-1,Echolocation,/mnt/ubna_data_02_mir/recover-20220922/UBNA_001/20220921_090000.WAV,Telephone Field,recover-20220922,001,1795
868.5875,868.5966,24609,32006,Eptesicus serotinus,0.008,0.026,-1,Echolocation,/mnt/ubna_data_02_mir/recover-20220922/UBNA_001/20220921_090000.WAV,Telephone Field,recover-20220922,001,1795
868.6105,868.6199,28906,39837,Eptesicus serotinus,0.008,0.021,-1,Echolocation,/mnt/ubna_data_02_mir/recover-20220922/UBNA_001/20220921_090000.WAV,Telephone Field,recover-20220922,001,1795
868.6135,868.6549,68437,83186,Rhinolophus ferrumequinum,0.038,0.038,-1,Echolocation,/mnt/ubna_data_02_mir/recover-20220922/UBNA_001/20220921_090000.WAV,Telephone Field,recover-20220922,001,1795
868.6155,868.6227,24609,33264,Plecotus austriacus,0.006,0.021,-1,Echolocation,/mnt/ubna_data_02_mir/recover-20220922/UBNA_001/20220921_090000.WAV,Telephone Field,recover-20220922,001,1795
868.6775,868.7174,68437,82459,Rhinolophus ferrumequinum,0.021,0.021,-1,Echolocation,/mnt/ubna_data_02_mir/recover-20220922/UBNA_001/20220921_090000.WAV,Telephone Field,recover-20220922,001,1795
868.6915,868.6988,23750,32104,Plecotus austriacus,0.011,0.024,-1,Echolocation,/mnt/ubna_data_02_mir/recover-20220922/UBNA_001/20220921_090000.WAV,Telephone Field,recover-20220922,001,1795
868.7025,868.7416,68437,81752,Rhinolophus ferrumequinum,0.021,0.021,-1,Echolocation,/mnt/ubna_data_02_mir/recover-20220922/UBNA_001/20220921_090000.WAV,Telephone Field,recover-20220922,001,1795
868.7625,868.7702,50390,56003,Pipistrellus pipistrellus,0.02,0.023,-1,Echolocation,/mnt/ubna_data_02_mir/recover-20220922/UBNA_001/20220921_090000.WAV,Telephone Field,recover-20220922,001,1795
868.7845,868.7948,22031,26230,Nyctalus leisleri,0.011,0.021,-1,Echolocation,/mnt/ubna_data_02_mir/recover-20220922/UBNA_001/20220921_090000.WAV,Telephone Field,recover-20220922,001,1795
868.7945,868.8313,68437,81188,Rhinolophus ferrumequinum,0.022,0.022,-1,Echolocation,/mnt/ubna_data_02_mir/recover-20220922/UBNA_001/20220921_090000.WAV,Telephone Field,recover-20220922,001,1795
868.8155,868.8546,68437,82043,Rhinolophus ferrumequinum,0.025,0.025,-1,Echolocation,/mnt/ubna_data_02_mir/recover-20220922/UBNA_001/20220921_090000.WAV,Telephone Field,recover-20220922,001,1795
868.8355,868.8732,68437,82360,Rhinolophus ferrumequinum,0.022,0.022,-1,Echolocation,/mnt/ubna_data_02_mir/recover-20220922/UBNA_001/20220921_090000.WAV,Telephone Field,recover-20220922,001,1795
868.8625,868.8714,28046,38880,Eptesicus serotinus,0.009,0.022,-1,Echolocation,/mnt/ubna_data_02_mir/recover-20220922/UBNA_001/20220921_090000.WAV,Telephone Field,recover-20220922,001,1795
868.8665,868.907,68437,82431,Rhinolophus ferrumequinum,0.021,0.021,-1,Echolocation,/mnt/ubna_data_02_mir/recover-20220922/UBNA_001/20220921_090000.WAV,Telephone Field,recover-20220922,001,1795
868.8725,868.8848,28046,35768,Eptesicus serotinus,0.017,0.031,-1,Echolocation,/mnt/ubna_data_02_mir/recover-20220922/UBNA_001/20220921_090000.WAV,Telephone Field,recover-20220922,001,1795
868.8845,868.9243,68437,81937,Rhinolophus ferrumequinum,0.022,0.023,-1,Echolocation,/mnt/ubna_data_02_mir/recover-20220922/UBNA_001/20220921_090000.WAV,Telephone Field,recover-20220922,001,1795
868.8955,868.9085,22890,27570,Nyctalus leisleri,0.021,0.036,-1,Echolocation,/mnt/ubna_data_02_mir/recover-20220922/UBNA_001/20220921_090000.WAV,Telephone Field,recover-20220922,001,1795
868.9235,868.9601,68437,80412,Rhinolophus ferrumequinum,0.025,0.025,-1,Echolocation,/mnt/ubna_data_02_mir/recover-20220922/UBNA_001/20220921_090000.WAV,Telephone Field,recover-20220922,001,1795
868.9515,868.9882,68437,81422,Rhinolophus ferrumequinum,0.02,0.02,-1,Echolocation,/mnt/ubna_data_02_mir/recover-20220922/UBNA_001/20220921_090000.WAV,Telephone Field,recover-20220922,001,1795
868.9575,868.9685,27187,34545,Eptesicus serotinus,0.011,0.021,-1,Echolocation,/mnt/ubna_data_02_mir/recover-20220922/UBNA_001/20220921_090000.WAV,Telephone Field,recover-20220922,001,1795
869.0295,869.0648,68437,81057,Rhinolophus ferrumequinum,0.021,0.021,-1,Echolocation,/mnt/ubna_data_02_mir/recover-20220922/UBNA_001/20220921_090000.WAV,Telephone Field,recover-20220922,001,1795
869.0585,869.0682,23750,30758,Nyctalus leisleri,0.007,0.022,-1,Echolocation,/mnt/ubna_data_02_mir/recover-20220922/UBNA_001/20220921_090000.WAV,Telephone Field,recover-20220922,001,1795
869.0595,869.0695,28906,38043,Eptesicus serotinus,0.01,0.021,-1,Echolocation,/mnt/ubna_data_02_mir/recover-20220922/UBNA_001/20220921_090000.WAV,Telephone Field,recover-20220922,001,1795
869.0735,869.0883,22890,27660,Nyctalus leisleri,0.013,0.025,-1,Echolocation,/mnt/ubna_data_02_mir/recover-20220922/UBNA_001/20220921_090000.WAV,Telephone Field,recover-20220922,001,1795
869.0735,869.1129,68437,82190,Rhinolophus ferrumequinum,0.025,0.025,-1,Echolocation,/mnt/ubna_data_02_mir/recover-20220922/UBNA_001/20220921_090000.WAV,Telephone Field,recover-20220922,001,1795
869.0885,869.1276,68437,82138,Rhinolophus ferrumequinum,0.021,0.021,-1,Echolocation,/mnt/ubna_data_02_mir/recover-20220922/UBNA_001/20220921_090000.WAV,Telephone Field,recover-20220922,001,1795
869.1205,869.1305,22890,28940,Nyctalus leisleri,0.009,0.021,-1,Echolocation,/mnt/ubna_data_02_mir/recover-20220922/UBNA_001/20220921_090000.WAV,Telephone Field,recover-20220922,001,1795
869.1385,869.1772,68437,81831,Rhinolophus ferrumequinum,0.025,0.025,-1,Echolocation,/mnt/ubna_data_02_mir/recover-20220922/UBNA_001/20220921_090000.WAV,Telephone Field,recover-20220922,001,1795
869.1835,869.223,68437,82842,Rhinolophus ferrumequinum,0.047,0.047,-1,Echolocation,/mnt/ubna_data_02_mir/recover-20220922/UBNA_001/20220921_090000.WAV,Telephone Field,recover-20220922,001,1795
869.2045,869.2142,25468,33111,Eptesicus serotinus,0.01,0.025,-1,Echolocation,/mnt/ubna_data_02_mir/recover-20220922/UBNA_001/20220921_090000.WAV,Telephone Field,recover-20220922,001,1795
869.2175,869.254,68437,81742,Rhinolophus ferrumequinum,0.022,0.022,-1,Echolocation,/mnt/ubna_data_02_mir/recover-20220922/UBNA_001/20220921_090000.WAV,Telephone Field,recover-20220922,001,1795
869.2275,869.2365,27187,38723,Eptesicus serotinus,0.009,0.021,-1,Echolocation,/mnt/ubna_data_02_mir/recover-20220922/UBNA_001/20220921_090000.WAV,Telephone Field,recover-20220922,001,1795
869.2375,869.2798,68437,82785,Rhinolophus ferrumequinum,0.036,0.036,-1,Echolocation,/mnt/ubna_data_02_mir/recover-20220922/UBNA_001/20220921_090000.WAV,Telephone Field,recover-20220922,001,1795
869.2665,869.3056,68437,82162,Rhinolophus ferrumequinum,0.023,0.023,-1,Echolocation,/mnt/ubna_data_02_mir/recover-20220922/UBNA_001/20220921_090000.WAV,Telephone Field,recover-20220922,001,1795
869.2755,869.3137,68437,81876,Rhinolophus ferrumequinum,0.022,0.022,-1,Echolocation,/mnt/ubna_data_02_mir/recover-20220922/UBNA_001/20220921_090000.WAV,Telephone Field,recover-20220922,001,1795
869.3055,869.3436,68437,81573,Rhinolophus ferrumequinum,0.023,0.023,-1,Echolocation,/mnt/ubna_data_02_mir/recover-20220922/UBNA_001/20220921_090000.WAV,Telephone Field,recover-20220922,001,1795
869.3125,869.3535,68437,82198,Rhinolophus ferrumequinum,0.023,0.023,-1,Echolocation,/mnt/ubna_data_02_mir/recover-20220922/UBNA_001/20220921_090000.WAV,Telephone Field,recover-20220922,001,1795
869.3145,869.3212,27187,38456,Eptesicus serotinus,0.006,0.022,-1,Echolocation,/mnt/ubna_data_02_mir/recover-20220922/UBNA_001/20220921_090000.WAV,Telephone Field,recover-20220922,001,1795
869.3215,869.3616,68437,82373,Rhinolophus ferrumequinum,0.021,0.021,-1,Echolocation,/mnt/ubna_data_02_mir/recover-20220922/UBNA_001/20220921_090000.WAV,Telephone Field,recover-20220922,001,1795
869.3745,869.3811,28046,40149,Eptesicus serotinus,0.008,0.028,-1,Echolocation,/mnt/ubna_data_02_mir/recover-20220922/UBNA_001/20220921_090000.WAV,Telephone Field,recover-20220922,001,1795
869.3955,869.432,68437,82265,Rhinolophus ferrumequinum,0.022,0.022,-1,Echolocation,/mnt/ubna_data_02_mir/recover-20220922/UBNA_001/20220921_090000.WAV,Telephone Field,recover-20220922,001,1795
869.4245,869.4345,28046,36656,Eptesicus serotinus,0.009,0.022,-1,Echolocation,/mnt/ubna_data_02_mir/recover-20220922/UBNA_001/20220921_090000.WAV,Telephone Field,recover-20220922,001,1795
869.4315,869.4681,68437,81041,Rhinolophus ferrumequinum,0.028,0.028,-1,Echolocation,/mnt/ubna_data_02_mir/recover-20220922/UBNA_001/20220921_090000.WAV,Telephone Field,recover-20220922,001,1795
869.4425,869.4816,68437,82009,Rhinolophus ferrumequinum,0.022,0.022,-1,Echolocation,/mnt/ubna_data_02_mir/recover-20220922/UBNA_001/20220921_090000.WAV,Telephone Field,recover-20220922,001,1795
869.4625,869.5007,68437,81728,Rhinolophus ferrumequinum,0.022,0.022,-1,Echolocation,/mnt/ubna_data_02_mir/recover-20220922/UBNA_001/20220921_090000.WAV,Telephone Field,recover-20220922,001,1795
869.4655,869.472,36640,43631,Myotis daubentonii,0.009,0.021,-1,Echolocation,/mnt/ubna_data_02_mir/recover-20220922/UBNA_001/20220921_090000.WAV,Telephone Field,recover-20220922,001,1795
869.4665,869.4734,28906,42636,Eptesicus serotinus,0.008,0.024,-1,Echolocation,/mnt/ubna_data_02_mir/recover-20220922/UBNA_001/20220921_090000.WAV,Telephone Field,recover-20220922,001,1795
869.5425,869.553,27187,35786,Eptesicus serotinus,0.011,0.023,-1,Echolocation,/mnt/ubna_data_02_mir/recover-20220922/UBNA_001/20220921_090000.WAV,Telephone Field,recover-20220922,001,1795
869.5455,869.5851,68437,82292,Rhinolophus ferrumequinum,0.034,0.034,-1,Echolocation,/mnt/ubna_data_02_mir/recover-20220922/UBNA_001/20220921_090000.WAV,Telephone Field,recover-20220922,001,1795
869.5545,869.5675,22031,26052,Nyctalus leisleri,0.013,0.022,-1,Echolocation,/mnt/ubna_data_02_mir/recover-20220922/UBNA_001/20220921_090000.WAV,Telephone Field,recover-20220922,001,1795
869.5755,869.6157,68437,82372,Rhinolophus ferrumequinum,0.032,0.032,-1,Echolocation,/mnt/ubna_data_02_mir/recover-20220922/UBNA_001/20220921_090000.WAV,Telephone Field,recover-20220922,001,1795
869.6405,869.6759,68437,81709,Rhinolophus ferrumequinum,0.022,0.022,-1,Echolocation,/mnt/ubna_data_02_mir/recover-20220922/UBNA_001/20220921_090000.WAV,Telephone Field,recover-20220922,001,1795
869.6675,869.6773,22890,29052,Nyctalus leisleri,0.01,0.027,-1,Echolocation,/mnt/ubna_data_02_mir/recover-20220922/UBNA_001/20220921_090000.WAV,Telephone Field,recover-20220922,001,1795
869.7275,869.7666,68437,82369,Rhinolophus ferrumequinum,0.023,0.023,-1,Echolocation,/mnt/ubna_data_02_mir/recover-20220922/UBNA_001/20220921_090000.WAV,Telephone Field,recover-20220922,001,1795
869.7395,869.7839,68437,83194,Rhinolophus ferrumequinum,0.027,0.027,-1,Echolocation,/mnt/ubna_data_02_mir/recover-20220922/UBNA_001/20220921_090000.WAV,Telephone Field,recover-20220922,001,1795
869.7395,869.7478,28046,38443,Eptesicus serotinus,0.009,0.022,-1,Echolocation,/mnt/ubna_data_02_mir/recover-20220922/UBNA_001/20220921_090000.WAV,Telephone Field,recover-20220922,001,1795
869.7615,869.7707,28046,39693,Eptesicus serotinus,0.009,0.022,-1,Echolocation,/mnt/ubna_data_02_mir/recover-20220922/UBNA_001/20220921_090000.WAV,Telephone Field,recover-20220922,001,1795
869.7715,869.7808,22890,29129,Nyctalus leisleri,0.008,0.021,-1,Echolocation,/mnt/ubna_data_02_mir/recover-20220922/UBNA_001/20220921_090000.WAV,Telephone Field,recover-20220922,001,1795
869.7745,869.8159,68437,82622,Rhinolophus ferrumequinum,0.023,0.023,-1,Echolocation,/mnt/ubna_data_02_mir/recover-20220922/UBNA_001/20220921_090000.WAV,Telephone Field,recover-20220922,001,1795
869.7835,869.8225,68437,82729,Rhinolophus ferrumequinum,0.022,0.022,-1,Echolocation,/mnt/ubna_data_02_mir/recover-20220922/UBNA_001/20220921_090000.WAV,Telephone Field,recover-20220922,001,1795
869.8155,869.8227,26328,37272,Eptesicus serotinus,0.007,0.024,-1,Echolocation,/mnt/ubna_data_02_mir/recover-20220922/UBNA_001/20220921_090000.WAV,Telephone Field,recover-20220922,001,1795
869.8295,869.8697,68437,82345,Rhinolophus ferrumequinum,0.023,0.023,-1,Echolocation,/mnt/ubna_data_02_mir/recover-20220922/UBNA_001/20220921_090000.WAV,Telephone Field,recover-20220922,001,1795
869.8715,869.9106,68437,82159,Rhinolophus ferrumequinum,0.023,0.023,-1,Echolocation,/mnt/ubna_data_02_mir/recover-20220922/UBNA_001/20220921_090000.WAV,Telephone Field,recover-20220922,001,1795
869.8865,869.894,28046,37290,Eptesicus serotinus,0.01,0.025,-1,Echolocation,/mnt/ubna_data_02_mir/recover-20220922/UBNA_001/20220921_090000.WAV,Telephone Field,recover-20220922,001,1795
869.9135,869.9506,68437,81537,Rhinolophus ferrumequinum,0.023,0.023,-1,Echolocation,/mnt/ubna_data_02_mir/recover-20220922/UBNA_001/20220921_090000.WAV,Telephone Field,recover-20220922,001,1795
869.9515,869.9903,68437,82020,Rhinolophus ferrumequinum,0.023,0.023,-1,Echolocation,/mnt/ubna_data_02_mir/recover-20220922/UBNA_001/20220921_090000.WAV,Telephone Field,recover-20220922,001,1795
869.9635,869.9725,28906,38166,Eptesicus serotinus,0.009,0.023,-1,Echolocation,/mnt/ubna_data_02_mir/recover-20220922/UBNA_001/20220921_090000.WAV,Telephone Field,recover-20220922,001,1795
870.0015,870.0343,69296,81532,Rhinolophus ferrumequinum,0.045,0.045,-1,Echolocation,/mnt/ubna_data_02_mir/recover-20220922/UBNA_001/20220921_090000.WAV,Telephone Field,recover-20220922,001,1795
870.0015,870.0091,24609,36197,Myotis nattereri,0.005,0.023,-1,Echolocation,/mnt/ubna_data_02_mir/recover-20220922/UBNA_001/20220921_090000.WAV,Telephone Field,recover-20220922,001,1795
870.0015,870.0079,35781,48276,Myotis daubentonii,0.009,0.023,-1,Echolocation,/mnt/ubna_data_02_mir/recover-20220922/UBNA_001/20220921_090000.WAV,Telephone Field,recover-20220922,001,1795
870.0015,870.0135,20312,25324,Nyctalus leisleri,0.01,0.024,-1,Echolocation,/mnt/ubna_data_02_mir/recover-20220922/UBNA_001/20220921_090000.WAV,Telephone Field,recover-20220922,001,1795
870.0085,870.0489,68437,81759,Rhinolophus ferrumequinum,0.023,0.023,-1,Echolocation,/mnt/ubna_data_02_mir/recover-20220922/UBNA_001/20220921_090000.WAV,Telephone Field,recover-20220922,001,1795
870.0455,870.0555,43515,50267,Pipistrellus pipistrellus,0.016,0.023,-1,Echolocation,/mnt/ubna_data_02_mir/recover-20220922/UBNA_001/20220921_090000.WAV,Telephone Field,recover-20220922,001,1795
870.0535,870.0695,22031,25675,Nyctalus leisleri,0.013,0.021,-1,Echolocation,/mnt/ubna_data_02_mir/recover-20220922/UBNA_001/20220921_090000.WAV,Telephone Field,recover-20220922,001,1795
870.0635,870.1045,68437,82941,Rhinolophus ferrumequinum,0.027,0.027,-1,Echolocation,/mnt/ubna_data_02_mir/recover-20220922/UBNA_001/20220921_090000.WAV,Telephone Field,recover-20220922,001,1795
870.0915,870.1327,68437,82454,Rhinolophus ferrumequinum,0.033,0.033,-1,Echolocation,/mnt/ubna_data_02_mir/recover-20220922/UBNA_001/20220921_090000.WAV,Telephone Field,recover-20220922,001,1795
870.1215,870.1322,26328,34450,Eptesicus serotinus,0.014,0.027,-1,Echolocation,/mnt/ubna_data_02_mir/recover-20220922/UBNA_001/20220921_090000.WAV,Telephone Field,recover-20220922,001,1795
870.1245,870.1639,68437,82635,Rhinolophus ferrumequinum,0.023,0.023,-1,Echolocation,/mnt/ubna_data_02_mir/recover-20220922/UBNA_001/20220921_090000.WAV,Telephone Field,recover-20220922,001,1795
870.1395,870.1779,68437,82717,Rhinolophus ferrumequinum,0.023,0.023,-1,Echolocation,/mnt/ubna_data_02_mir/recover-20220922/UBNA_001/20220921_090000.WAV,Telephone Field,recover-20220922,001,1795
870.1435,870.1499,23750,33633,Plecotus austriacus,0.018,0.033,-1,Echolocation,/mnt/ubna_data_02_mir/recover-20220922/UBNA_001/20220921_090000.WAV,Telephone Field,recover-20220922,001,1795
870.1715,870.2089,68437,82168,Rhinolophus ferrumequinum,0.021,0.021,-1,Echolocation,/mnt/ubna_data_02_mir/recover-20220922/UBNA_001/20220921_090000.WAV,Telephone Field,recover-20220922,001,1795
870.1825,870.1914,26328,34924,Eptesicus serotinus,0.01,0.024,-1,Echolocation,/mnt/ubna_data_02_mir/recover-20220922/UBNA_001/20220921_090000.WAV,Telephone Field,recover-20220922,001,1795
870.1995,870.2376,68437,82155,Rhinolophus ferrumequinum,0.022,0.022,-1,Echolocation,/mnt/ubna_data_02_mir/recover-20220922/UBNA_001/20220921_090000.WAV,Telephone Field,recover-20220922,001,1795
870.2165,870.257,68437,82438,Rhinolophus ferrumequinum,0.023,0.023,-1,Echolocation,/mnt/ubna_data_02_mir/recover-20220922/UBNA_001/20220921_090000.WAV,Telephone Field,recover-20220922,001,1795
870.2235,870.2311,24609,33973,Plecotus austriacus,0.008,0.024,-1,Echolocation,/mnt/ubna_data_02_mir/recover-20220922/UBNA_001/20220921_090000.WAV,Telephone Field,recover-20220922,001,1795
870.2385,870.2811,68437,83092,Rhinolophus ferrumequinum,0.028,0.028,-1,Echolocation,/mnt/ubna_data_02_mir/recover-20220922/UBNA_001/20220921_090000.WAV,Telephone Field,recover-20220922,001,1795
870.2945,870.3067,28906,35255,Eptesicus serotinus,0.012,0.026,-1,Echolocation,/mnt/ubna_data_02_mir/recover-20220922/UBNA_001/20220921_090000.WAV,Telephone Field,recover-20220922,001,1795
870.3455,870.3827,68437,81165,Rhinolophus ferrumequinum,0.025,0.025,-1,Echolocation,/mnt/ubna_data_02_mir/recover-20220922/UBNA_001/20220921_090000.WAV,Telephone Field,recover-20220922,001,1795
870.3495,870.362,22890,27280,Nyctalus leisleri,0.012,0.021,-1,Echolocation,/mnt/ubna_data_02_mir/recover-20220922/UBNA_001/20220921_090000.WAV,Telephone Field,recover-20220922,001,1795
870.3515,870.3885,68437,81710,Rhinolophus ferrumequinum,0.025,0.025,-1,Echolocation,/mnt/ubna_data_02_mir/recover-20220922/UBNA_001/20220921_090000.WAV,Telephone Field,recover-20220922,001,1795
870.3695,870.4107,68437,82793,Rhinolophus ferrumequinum,0.029,0.029,-1,Echolocation,/mnt/ubna_data_02_mir/recover-20220922/UBNA_001/20220921_090000.WAV,Telephone Field,recover-20220922,001,1795
870.3805,870.3906,22890,28157,Nyctalus leisleri,0.01,0.021,-1,Echolocation,/mnt/ubna_data_02_mir/recover-20220922/UBNA_001/20220921_090000.WAV,Telephone Field,recover-20220922,001,1795
870.4015,870.4429,68437,82633,Rhinolophus ferrumequinum,0.021,0.021,-1,Echolocation,/mnt/ubna_data_02_mir/recover-20220922/UBNA_001/20220921_090000.WAV,Telephone Field,recover-20220922,001,1795
870.4215,870.4575,68437,81606,Rhinolophus ferrumequinum,0.022,0.022,-1,Echolocation,/mnt/ubna_data_02_mir/recover-20220922/UBNA_001/20220921_090000.WAV,Telephone Field,recover-20220922,001,1795
870.4565,870.5005,68437,83037,Rhinolophus ferrumequinum,0.045,0.045,-1,Echolocation,/mnt/ubna_data_02_mir/recover-20220922/UBNA_001/20220921_090000.WAV,Telephone Field,recover-20220922,001,1795
870.5255,870.5647,68437,81635,Rhinolophus ferrumequinum,0.024,0.024,-1,Echolocation,/mnt/ubna_data_02_mir/recover-20220922/UBNA_001/20220921_090000.WAV,Telephone Field,recover-20220922,001,1795
870.5355,870.5426,34062,41859,Myotis daubentonii,0.01,0.025,-1,Echolocation,/mnt/ubna_data_02_mir/recover-20220922/UBNA_001/20220921_090000.WAV,Telephone Field,recover-20220922,001,1795
870.5355,870.5458,22890,29418,Nyctalus leisleri,0.011,0.028,-1,Echolocation,/mnt/ubna_data_02_mir/recover-20220922/UBNA_001/20220921_090000.WAV,Telephone Field,recover-20220922,001,1795
870.5365,870.5437,28906,38406,Eptesicus serotinus,0.008,0.028,-1,Echolocation,/mnt/ubna_data_02_mir/recover-20220922/UBNA_001/20220921_090000.WAV,Telephone Field,recover-20220922,001,1795
870.6015,870.6368,68437,81138,Rhinolophus ferrumequinum,0.022,0.022,-1,Echolocation,/mnt/ubna_data_02_mir/recover-20220922/UBNA_001/20220921_090000.WAV,Telephone Field,recover-20220922,001,1795
870.6175,870.6561,68437,82010,Rhinolophus ferrumequinum,0.024,0.024,-1,Echolocation,/mnt/ubna_data_02_mir/recover-20220922/UBNA_001/20220921_090000.WAV,Telephone Field,recover-20220922,001,1795
870.6545,870.6935,68437,82356,Rhinolophus ferrumequinum,0.024,0.024,-1,Echolocation,/mnt/ubna_data_02_mir/recover-20220922/UBNA_001/20220921_090000.WAV,Telephone Field,recover-20220922,001,1795
870.6955,870.7354,68437,82808,Rhinolophus ferrumequinum,0.024,0.024,-1,Echolocation,/mnt/ubna_data_02_mir/recover-20220922/UBNA_001/20220921_090000.WAV,Telephone Field,recover-20220922,001,1795
870.7225,870.7621,68437,81952,Rhinolophus ferrumequinum,0.032,0.032,-1,Echolocation,/mnt/ubna_data_02_mir/recover-20220922/UBNA_001/20220921_090000.WAV,Telephone Field,recover-20220922,001,1795
870.7445,870.7799,68437,81480,Rhinolophus ferrumequinum,0.026,0.026,-1,Echolocation,/mnt/ubna_data_02_mir/recover-20220922/UBNA_001/20220921_090000.WAV,Telephone Field,recover-20220922,001,1795
870.7755,870.8128,68437,81656,Rhinolophus ferrumequinum,0.022,0.022,-1,Echolocation,/mnt/ubna_data_02_mir/recover-20220922/UBNA_001/20220921_090000.WAV,Telephone Field,recover-20220922,001,1795
870.8095,870.8189,27187,37718,Eptesicus serotinus,0.009,0.022,-1,Echolocation,/mnt/ubna_data_02_mir/recover-20220922/UBNA_001/20220921_090000.WAV,Telephone Field,recover-20220922,001,1795
870.8115,870.8564,68437,83692,Rhinolophus ferrumequinum,0.056,0.056,-1,Echolocation,/mnt/ubna_data_02_mir/recover-20220922/UBNA_001/20220921_090000.WAV,Telephone Field,recover-20220922,001,1795
870.8385,870.8765,68437,82164,Rhinolophus ferrumequinum,0.022,0.022,-1,Echolocation,/mnt/ubna_data_02_mir/recover-20220922/UBNA_001/20220921_090000.WAV,Telephone Field,recover-20220922,001,1795
870.8765,870.887,28046,36235,Eptesicus serotinus,0.01,0.023,-1,Echolocation,/mnt/ubna_data_02_mir/recover-20220922/UBNA_001/20220921_090000.WAV,Telephone Field,recover-20220922,001,1795
870.8885,870.9281,68437,82028,Rhinolophus ferrumequinum,0.024,0.024,-1,Echolocation,/mnt/ubna_data_02_mir/recover-20220922/UBNA_001/20220921_090000.WAV,Telephone Field,recover-20220922,001,1795
870.9085,870.9477,68437,82438,Rhinolophus ferrumequinum,0.026,0.026,-1,Echolocation,/mnt/ubna_data_02_mir/recover-20220922/UBNA_001/20220921_090000.WAV,Telephone Field,recover-20220922,001,1795
870.9215,870.959,68437,81719,Rhinolophus ferrumequinum,0.022,0.022,-1,Echolocation,/mnt/ubna_data_02_mir/recover-20220922/UBNA_001/20220921_090000.WAV,Telephone Field,recover-20220922,001,1795
870.9275,870.9644,68437,81569,Rhinolophus ferrumequinum,0.021,0.021,-1,Echolocation,/mnt/ubna_data_02_mir/recover-20220922/UBNA_001/20220921_090000.WAV,Telephone Field,recover-20220922,001,1795
870.9515,870.9869,68437,81613,Rhinolophus ferrumequinum,0.023,0.023,-1,Echolocation,/mnt/ubna_data_02_mir/recover-20220922/UBNA_001/20220921_090000.WAV,Telephone Field,recover-20220922,001,1795
870.9715,870.9798,28046,39709,Eptesicus serotinus,0.008,0.023,-1,Echolocation,/mnt/ubna_data_02_mir/recover-20220922/UBNA_001/20220921_090000.WAV,Telephone Field,recover-20220922,001,1795
871.0285,871.0671,68437,82125,Rhinolophus ferrumequinum,0.022,0.022,-1,Echolocation,/mnt/ubna_data_02_mir/recover-20220922/UBNA_001/20220921_090000.WAV,Telephone Field,recover-20220922,001,1795
871.0495,871.0878,68437,82259,Rhinolophus ferrumequinum,0.022,0.022,-1,Echolocation,/mnt/ubna_data_02_mir/recover-20220922/UBNA_001/20220921_090000.WAV,Telephone Field,recover-20220922,001,1795
871.0815,871.0896,47812,51528,Pipistrellus pipistrellus,0.041,0.043,-1,Echolocation,/mnt/ubna_data_02_mir/recover-20220922/UBNA_001/20220921_090000.WAV,Telephone Field,recover-20220922,001,1795
871.0845,871.1237,68437,82576,Rhinolophus ferrumequinum,0.025,0.025,-1,Echolocation,/mnt/ubna_data_02_mir/recover-20220922/UBNA_001/20220921_090000.WAV,Telephone Field,recover-20220922,001,1795
871.1565,871.1934,68437,82414,Rhinolophus ferrumequinum,0.025,0.025,-1,Echolocation,/mnt/ubna_data_02_mir/recover-20220922/UBNA_001/20220921_090000.WAV,Telephone Field,recover-20220922,001,1795
871.1725,871.1815,28046,40293,Eptesicus serotinus,0.011,0.029,-1,Echolocation,/mnt/ubna_data_02_mir/recover-20220922/UBNA_001/20220921_090000.WAV,Telephone Field,recover-20220922,001,1795
871.1745,871.1815,23750,32902,Plecotus austriacus,0.013,0.028,-1,Echolocation,/mnt/ubna_data_02_mir/recover-20220922/UBNA_001/20220921_090000.WAV,Telephone Field,recover-20220922,001,1795
871.2155,871.2258,22031,27282,Nyctalus leisleri,0.011,0.027,-1,Echolocation,/mnt/ubna_data_02_mir/recover-20220922/UBNA_001/20220921_090000.WAV,Telephone Field,recover-20220922,001,1795
871.2195,871.2587,68437,82410,Rhinolophus ferrumequinum,0.027,0.027,-1,Echolocation,/mnt/ubna_data_02_mir/recover-20220922/UBNA_001/20220921_090000.WAV,Telephone Field,recover-20220922,001,1795
871.2515,871.2598,26328,38598,Eptesicus serotinus,0.009,0.026,-1,Echolocation,/mnt/ubna_data_02_mir/recover-20220922/UBNA_001/20220921_090000.WAV,Telephone Field,recover-20220922,001,1795
871.2935,871.3337,68437,82009,Rhinolophus ferrumequinum,0.025,0.025,-1,Echolocation,/mnt/ubna_data_02_mir/recover-20220922/UBNA_001/20220921_090000.WAV,Telephone Field,recover-20220922,001,1795
871.3145,871.3537,68437,82667,Rhinolophus ferrumequinum,0.03,0.03,-1,Echolocation,/mnt/ubna_data_02_mir/recover-20220922/UBNA_001/20220921_090000.WAV,Telephone Field,recover-20220922,001,1795
871.3355,871.3458,22890,28361,Nyctalus leisleri,0.01,0.023,-1,Echolocation,/mnt/ubna_data_02_mir/recover-20220922/UBNA_001/20220921_090000.WAV,Telephone Field,recover-20220922,001,1795
871.3635,871.3996,68437,81413,Rhinolophus ferrumequinum,0.024,0.024,-1,Echolocation,/mnt/ubna_data_02_mir/recover-20220922/UBNA_001/20220921_090000.WAV,Telephone Field,recover-20220922,001,1795
871.3715,871.4105,68437,81599,Rhinolophus ferrumequinum,0.022,0.022,-1,Echolocation,/mnt/ubna_data_02_mir/recover-20220922/UBNA_001/20220921_090000.WAV,Telephone Field,recover-20220922,001,1795
871.3965,871.4375,68437,82716,Rhinolophus ferrumequinum,0.023,0.023,-1,Echolocation,/mnt/ubna_data_02_mir/recover-20220922/UBNA_001/20220921_090000.WAV,Telephone Field,recover-20220922,001,1795
871.3995,871.4089,28046,38624,Eptesicus serotinus,0.008,0.022,-1,Echolocation,/mnt/ubna_data_02_mir/recover-20220922/UBNA_001/20220921_090000.WAV,Telephone Field,recover-20220922,001,1795
871.4265,871.44,24609,30102,Nyctalus leisleri,0.013,0.028,-1,Echolocation,/mnt/ubna_data_02_mir/recover-20220922/UBNA_001/20220921_090000.WAV,Telephone Field,recover-20220922,001,1795
871.4275,871.4713,68437,83001,Rhinolophus ferrumequinum,0.03,0.03,-1,Echolocation,/mnt/ubna_data_02_mir/recover-20220922/UBNA_001/20220921_090000.WAV,Telephone Field,recover-20220922,001,1795
871.4465,871.487,68437,82736,Rhinolophus ferrumequinum,0.035,0.035,-1,Echolocation,/mnt/ubna_data_02_mir/recover-20220922/UBNA_001/20220921_090000.WAV,Telephone Field,recover-20220922,001,1795
871.4905,871.5061,22031,25845,Nyctalus leisleri,0.018,0.031,-1,Echolocation,/mnt/ubna_data_02_mir/recover-20220922/UBNA_001/20220921_090000.WAV,Telephone Field,recover-20220922,001,1795
871.4985,871.5393,68437,82195,Rhinolophus ferrumequinum,0.023,0.024,-1,Echolocation,/mnt/ubna_data_02_mir/recover-20220922/UBNA_001/20220921_090000.WAV,Telephone Field,recover-20220922,001,1795
871.4995,871.5066,27187,37993,Eptesicus serotinus,0.007,0.024,-1,Echolocation,/mnt/ubna_data_02_mir/recover-20220922/UBNA_001/20220921_090000.WAV,Telephone Field,recover-20220922,001,1795
871.5575,871.5983,68437,82014,Rhinolophus ferrumequinum,0.022,0.022,-1,Echolocation,/mnt/ubna_data_02_mir/recover-20220922/UBNA_001/20220921_090000.WAV,Telephone Field,recover-20220922,001,1795
871.5645,871.5733,22890,29563,Plecotus austriacus,0.008,0.021,-1,Echolocation,/mnt/ubna_data_02_mir/recover-20220922/UBNA_001/20220921_090000.WAV,Telephone Field,recover-20220922,001,1795
871.5885,871.6254,68437,81828,Rhinolophus ferrumequinum,0.023,0.023,-1,Echolocation,/mnt/ubna_data_02_mir/recover-20220922/UBNA_001/20220921_090000.WAV,Telephone Field,recover-20220922,001,1795
871.6275,871.6376,27187,36755,Eptesicus serotinus,0.009,0.023,-1,Echolocation,/mnt/ubna_data_02_mir/recover-20220922/UBNA_001/20220921_090000.WAV,Telephone Field,recover-20220922,001,1795
871.6455,871.6566,24609,30116,Nyctalus leisleri,0.01,0.022,-1,Echolocation,/mnt/ubna_data_02_mir/recover-20220922/UBNA_001/20220921_090000.WAV,Telephone Field,recover-20220922,001,1795
871.6505,871.687,68437,81599,Rhinolophus ferrumequinum,0.022,0.022,-1,Echolocation,/mnt/ubna_data_02_mir/recover-20220922/UBNA_001/20220921_090000.WAV,Telephone Field,recover-20220922,001,1795
871.6755,871.6855,22031,27642,Nyctalus leisleri,0.009,0.023,-1,Echolocation,/mnt/ubna_data_02_mir/recover-20220922/UBNA_001/20220921_090000.WAV,Telephone Field,recover-20220922,001,1795
871.6895,871.728,68437,82054,Rhinolophus ferrumequinum,0.021,0.021,-1,Echolocation,/mnt/ubna_data_02_mir/recover-20220922/UBNA_001/20220921_090000.WAV,Telephone Field,recover-20220922,001,1795
871.7415,871.7733,68437,81034,Rhinolophus ferrumequinum,0.023,0.023,-1,Echolocation,/mnt/ubna_data_02_mir/recover-20220922/UBNA_001/20220921_090000.WAV,Telephone Field,recover-20220922,001,1795
871.7735,871.813,68437,81691,Rhinolophus ferrumequinum,0.022,0.022,-1,Echolocation,/mnt/ubna_data_02_mir/recover-20220922/UBNA_001/20220921_090000.WAV,Telephone Field,recover-20220922,001,1795
871.7815,871.8203,68437,82731,Rhinolophus ferrumequinum,0.024,0.024,-1,Echolocation,/mnt/ubna_data_02_mir/recover-20220922/UBNA_001/20220921_090000.WAV,Telephone Field,recover-20220922,001,1795
871.7825,871.794,43515,47023,Pipistrellus pipistrellus,0.038,0.045,-1,Echolocation,/mnt/ubna_data_02_mir/recover-20220922/UBNA_001/20220921_090000.WAV,Telephone Field,recover-20220922,001,1795
871.7935,871.8294,68437,81589,Rhinolophus ferrumequinum,0.022,0.022,-1,Echolocation,/mnt/ubna_data_02_mir/recover-20220922/UBNA_001/20220921_090000.WAV,Telephone Field,recover-20220922,001,1795
871.7995,871.8385,68437,82147,Rhinolophus ferrumequinum,0.022,0.022,-1,Echolocation,/mnt/ubna_data_02_mir/recover-20220922/UBNA_001/20220921_090000.WAV,Telephone Field,recover-20220922,001,1795
871.8065,871.8459,68437,82266,Rhinolophus ferrumequinum,0.023,0.023,-1,Echolocation,/mnt/ubna_data_02_mir/recover-20220922/UBNA_001/20220921_090000.WAV,Telephone Field,recover-20220922,001,1795
871.8225,871.8378,28046,32804,Eptesicus serotinus,0.017,0.032,-1,Echolocation,/mnt/ubna_data_02_mir/recover-20220922/UBNA_001/20220921_090000.WAV,Telephone Field,recover-20220922,001,1795
871.8725,871.9118,68437,82258,Rhinolophus ferrumequinum,0.024,0.024,-1,Echolocation,/mnt/ubna_data_02_mir/recover-20220922/UBNA_001/20220921_090000.WAV,Telephone Field,recover-20220922,001,1795
871.8895,871.9003,24609,30243,Nyctalus leisleri,0.009,0.022,-1,Echolocation,/mnt/ubna_data_02_mir/recover-20220922/UBNA_001/20220921_090000.WAV,Telephone Field,recover-20220922,001,1795
871.9325,871.9445,22031,26193,Nyctalus leisleri,0.013,0.024,-1,Echolocation,/mnt/ubna_data_02_mir/recover-20220922/UBNA_001/20220921_090000.WAV,Telephone Field,recover-20220922,001,1795
871.9375,871.9757,68437,81767,Rhinolophus ferrumequinum,0.023,0.023,-1,Echolocation,/mnt/ubna_data_02_mir/recover-20220922/UBNA_001/20220921_090000.WAV,Telephone Field,recover-20220922,001,1795
871.9745,871.9825,28046,39086,Eptesicus serotinus,0.008,0.022,-1,Echolocation,/mnt/ubna_data_02_mir/recover-20220922/UBNA_001/20220921_090000.WAV,Telephone Field,recover-20220922,001,1795
871.9825,871.9917,28906,37391,Eptesicus serotinus,0.008,0.022,-1,Echolocation,/mnt/ubna_data_02_mir/recover-20220922/UBNA_001/20220921_090000.WAV,Telephone Field,recover-20220922,001,1795
872.0015,872.037,68437,80538,Rhinolophus ferrumequinum,0.055,0.055,-1,Echolocation,/mnt/ubna_data_02_mir/recover-20220922/UBNA_001/20220921_090000.WAV,Telephone Field,recover-20220922,001,1795
872.0015,872.0109,24609,30947,Nyctalus leisleri,0.016,0.039,-1,Echolocation,/mnt/ubna_data_02_mir/recover-20220922/UBNA_001/20220921_090000.WAV,Telephone Field,recover-20220922,001,1795
872.0235,872.033,25468,33000,Nyctalus leisleri,0.009,0.029,-1,Echolocation,/mnt/ubna_data_02_mir/recover-20220922/UBNA_001/20220921_090000.WAV,Telephone Field,recover-20220922,001,1795
872.0945,872.1283,68437,81296,Rhinolophus ferrumequinum,0.025,0.025,-1,Echolocation,/mnt/ubna_data_02_mir/recover-20220922/UBNA_001/20220921_090000.WAV,Telephone Field,recover-20220922,001,1795
872.1065,872.1458,68437,82586,Rhinolophus ferrumequinum,0.024,0.024,-1,Echolocation,/mnt/ubna_data_02_mir/recover-20220922/UBNA_001/20220921_090000.WAV,Telephone Field,recover-20220922,001,1795
872.1445,872.1845,68437,82713,Rhinolophus ferrumequinum,0.023,0.023,-1,Echolocation,/mnt/ubna_data_02_mir/recover-20220922/UBNA_001/20220921_090000.WAV,Telephone Field,recover-20220922,001,1795
872.1645,872.1729,28906,39295,Eptesicus serotinus,0.007,0.021,-1,Echolocation,/mnt/ubna_data_02_mir/recover-20220922/UBNA_001/20220921_090000.WAV,Telephone Field,recover-20220922,001,1795
872.1675,872.2045,68437,80592,Rhinolophus ferrumequinum,0.024,0.024,-1,Echolocation,/mnt/ubna_data_02_mir/recover-20220922/UBNA_001/20220921_090000.WAV,Telephone Field,recover-20220922,001,1795
872.1815,872.2203,68437,82442,Rhinolophus ferrumequinum,0.027,0.027,-1,Echolocation,/mnt/ubna_data_02_mir/recover-20220922/UBNA_001/20220921_090000.WAV,Telephone Field,recover-20220922,001,1795
872.2865,872.2939,28046,37487,Eptesicus serotinus,0.007,0.023,-1,Echolocation,/mnt/ubna_data_02_mir/recover-20220922/UBNA_001/20220921_090000.WAV,Telephone Field,recover-20220922,001,1795
872.3085,872.3165,28046,39919,Eptesicus serotinus,0.006,0.021,-1,Echolocation,/mnt/ubna_data_02_mir/recover-20220922/UBNA_001/20220921_090000.WAV,Telephone Field,recover-20220922,001,1795
872.3105,872.3481,68437,82228,Rhinolophus ferrumequinum,0.024,0.024,-1,Echolocation,/mnt/ubna_data_02_mir/recover-20220922/UBNA_001/20220921_090000.WAV,Telephone Field,recover-20220922,001,1795
872.3895,872.398,27187,38195,Eptesicus serotinus,0.007,0.021,-1,Echolocation,/mnt/ubna_data_02_mir/recover-20220922/UBNA_001/20220921_090000.WAV,Telephone Field,recover-20220922,001,1795
872.4085,872.416,28046,39175,Eptesicus serotinus,0.007,0.024,-1,Echolocation,/mnt/ubna_data_02_mir/recover-20220922/UBNA_001/20220921_090000.WAV,Telephone Field,recover-20220922,001,1795
872.4305,872.4713,68437,82743,Rhinolophus ferrumequinum,0.023,0.023,-1,Echolocation,/mnt/ubna_data_02_mir/recover-20220922/UBNA_001/20220921_090000.WAV,Telephone Field,recover-20220922,001,1795
872.4775,872.5142,68437,81094,Rhinolophus ferrumequinum,0.023,0.023,-1,Echolocation,/mnt/ubna_data_02_mir/recover-20220922/UBNA_001/20220921_090000.WAV,Telephone Field,recover-20220922,001,1795
872.5255,872.5621,68437,80972,Rhinolophus ferrumequinum,0.023,0.023,-1,Echolocation,/mnt/ubna_data_02_mir/recover-20220922/UBNA_001/20220921_090000.WAV,Telephone Field,recover-20220922,001,1795
872.5925,872.6012,49531,55727,Pipistrellus pipistrellus,0.022,0.025,-1,Echolocation,/mnt/ubna_data_02_mir/recover-20220922/UBNA_001/20220921_090000.WAV,Telephone Field,recover-20220922,001,1795
872.6465,872.6865,68437,82182,Rhinolophus ferrumequinum,0.022,0.022,-1,Echolocation,/mnt/ubna_data_02_mir/recover-20220922/UBNA_001/20220921_090000.WAV,Telephone Field,recover-20220922,001,1795
872.7045,872.7156,23750,30121,Nyctalus leisleri,0.014,0.031,-1,Echolocation,/mnt/ubna_data_02_mir/recover-20220922/UBNA_001/20220921_090000.WAV,Telephone Field,recover-20220922,001,1795
872.7305,872.769,68437,81807,Rhinolophus ferrumequinum,0.023,0.023,-1,Echolocation,/mnt/ubna_data_02_mir/recover-20220922/UBNA_001/20220921_090000.WAV,Telephone Field,recover-20220922,001,1795
872.7435,872.7545,23750,29599,Nyctalus leisleri,0.01,0.024,-1,Echolocation,/mnt/ubna_data_02_mir/recover-20220922/UBNA_001/20220921_090000.WAV,Telephone Field,recover-20220922,001,1795
872.7685,872.8066,68437,82309,Rhinolophus ferrumequinum,0.022,0.022,-1,Echolocation,/mnt/ubna_data_02_mir/recover-20220922/UBNA_001/20220921_090000.WAV,Telephone Field,recover-20220922,001,1795
872.7755,872.8168,68437,81941,Rhinolophus ferrumequinum,0.022,0.022,-1,Echolocation,/mnt/ubna_data_02_mir/recover-20220922/UBNA_001/20220921_090000.WAV,Telephone Field,recover-20220922,001,1795
872.8005,872.8398,68437,82134,Rhinolophus ferrumequinum,0.021,0.021,-1,Echolocation,/mnt/ubna_data_02_mir/recover-20220922/UBNA_001/20220921_090000.WAV,Telephone Field,recover-20220922,001,1795
872.8055,872.8184,23750,27761,Nyctalus leisleri,0.08,0.14,-1,Echolocation,/mnt/ubna_data_02_mir/recover-20220922/UBNA_001/20220921_090000.WAV,Telephone Field,recover-20220922,001,1795
872.8185,872.8265,28906,41120,Eptesicus serotinus,0.007,0.022,-1,Echolocation,/mnt/ubna_data_02_mir/recover-20220922/UBNA_001/20220921_090000.WAV,Telephone Field,recover-20220922,001,1795
872.8365,872.8455,28906,37561,Eptesicus serotinus,0.013,0.03,-1,Echolocation,/mnt/ubna_data_02_mir/recover-20220922/UBNA_001/20220921_090000.WAV,Telephone Field,recover-20220922,001,1795
872.8455,872.8843,68437,82760,Rhinolophus ferrumequinum,0.025,0.025,-1,Echolocation,/mnt/ubna_data_02_mir/recover-20220922/UBNA_001/20220921_090000.WAV,Telephone Field,recover-20220922,001,1795
872.8855,872.925,68437,82223,Rhinolophus ferrumequinum,0.023,0.023,-1,Echolocation,/mnt/ubna_data_02_mir/recover-20220922/UBNA_001/20220921_090000.WAV,Telephone Field,recover-20220922,001,1795
872.9085,872.9202,30625,37860,Eptesicus serotinus,0.011,0.023,-1,Echolocation,/mnt/ubna_data_02_mir/recover-20220922/UBNA_001/20220921_090000.WAV,Telephone Field,recover-20220922,001,1795
872.9345,872.9474,22890,26293,Nyctalus leisleri,0.019,0.028,-1,Echolocation,/mnt/ubna_data_02_mir/recover-20220922/UBNA_001/20220921_090000.WAV,Telephone Field,recover-20220922,001,1795
872.9425,872.9803,68437,82524,Rhinolophus ferrumequinum,0.033,0.033,-1,Echolocation,/mnt/ubna_data_02_mir/recover-20220922/UBNA_001/20220921_090000.WAV,Telephone Field,recover-20220922,001,1795
872.9625,872.9999,68437,81786,Rhinolophus ferrumequinum,0.023,0.023,-1,Echolocation,/mnt/ubna_data_02_mir/recover-20220922/UBNA_001/20220921_090000.WAV,Telephone Field,recover-20220922,001,1795
872.9675,872.9768,26328,34240,Eptesicus serotinus,0.009,0.022,-1,Echolocation,/mnt/ubna_data_02_mir/recover-20220922/UBNA_001/20220921_090000.WAV,Telephone Field,recover-20220922,001,1795
873.0055,873.0405,68437,80060,Rhinolophus ferrumequinum,0.023,0.024,-1,Echolocation,/mnt/ubna_data_02_mir/recover-20220922/UBNA_001/20220921_090000.WAV,Telephone Field,recover-20220922,001,1795
873.0135,873.024,22890,28383,Nyctalus leisleri,0.01,0.022,-1,Echolocation,/mnt/ubna_data_02_mir/recover-20220922/UBNA_001/20220921_090000.WAV,Telephone Field,recover-20220922,001,1795
873.0315,873.0703,68437,81902,Rhinolophus ferrumequinum,0.025,0.025,-1,Echolocation,/mnt/ubna_data_02_mir/recover-20220922/UBNA_001/20220921_090000.WAV,Telephone Field,recover-20220922,001,1795
873.0355,873.0455,28046,35761,Eptesicus serotinus,0.009,0.021,-1,Echolocation,/mnt/ubna_data_02_mir/recover-20220922/UBNA_001/20220921_090000.WAV,Telephone Field,recover-20220922,001,1795
873.0845,873.0946,28906,37016,Eptesicus serotinus,0.009,0.022,-1,Echolocation,/mnt/ubna_data_02_mir/recover-20220922/UBNA_001/20220921_090000.WAV,Telephone Field,recover-20220922,001,1795
873.0945,873.1102,21171,24665,Nyctalus leisleri,0.013,0.024,-1,Echolocation,/mnt/ubna_data_02_mir/recover-20220922/UBNA_001/20220921_090000.WAV,Telephone Field,recover-20220922,001,1795
873.0945,873.1335,68437,82597,Rhinolophus ferrumequinum,0.021,0.021,-1,Echolocation,/mnt/ubna_data_02_mir/recover-20220922/UBNA_001/20220921_090000.WAV,Telephone Field,recover-20220922,001,1795
873.1145,873.1252,24609,31273,Eptesicus serotinus,0.008,0.021,-1,Echolocation,/mnt/ubna_data_02_mir/recover-20220922/UBNA_001/20220921_090000.WAV,Telephone Field,recover-20220922,001,1795
873.1275,873.1368,28906,37517,Eptesicus serotinus,0.008,0.021,-1,Echolocation,/mnt/ubna_data_02_mir/recover-20220922/UBNA_001/20220921_090000.WAV,Telephone Field,recover-20220922,001,1795
873.1405,873.1782,68437,81213,Rhinolophus ferrumequinum,0.021,0.021,-1,Echolocation,/mnt/ubna_data_02_mir/recover-20220922/UBNA_001/20220921_090000.WAV,Telephone Field,recover-20220922,001,1795
873.1875,873.1983,22031,26424,Nyctalus leisleri,0.012,0.023,-1,Echolocation,/mnt/ubna_data_02_mir/recover-20220922/UBNA_001/20220921_090000.WAV,Telephone Field,recover-20220922,001,1795
873.1915,873.2067,52109,56122,Pipistrellus pygmaeus,0.019,0.034,-1,Echolocation,/mnt/ubna_data_02_mir/recover-20220922/UBNA_001/20220921_090000.WAV,Telephone Field,recover-20220922,001,1795
873.1935,873.2038,22890,28321,Nyctalus leisleri,0.01,0.023,-1,Echolocation,/mnt/ubna_data_02_mir/recover-20220922/UBNA_001/20220921_090000.WAV,Telephone Field,recover-20220922,001,1795
873.2155,873.2234,23750,31694,Plecotus austriacus,0.012,0.03,-1,Echolocation,/mnt/ubna_data_02_mir/recover-20220922/UBNA_001/20220921_090000.WAV,Telephone Field,recover-20220922,001,1795
873.2445,873.2772,68437,80543,Rhinolophus ferrumequinum,0.028,0.028,-1,Echolocation,/mnt/ubna_data_02_mir/recover-20220922/UBNA_001/20220921_090000.WAV,Telephone Field,recover-20220922,001,1795
873.2585,873.2934,68437,81392,Rhinolophus ferrumequinum,0.022,0.022,-1,Echolocation,/mnt/ubna_data_02_mir/recover-20220922/UBNA_001/20220921_090000.WAV,Telephone Field,recover-20220922,001,1795
873.2635,873.276,22031,25929,Nyctalus leisleri,0.013,0.022,-1,Echolocation,/mnt/ubna_data_02_mir/recover-20220922/UBNA_001/20220921_090000.WAV,Telephone Field,recover-20220922,001,1795
873.3135,873.355,68437,82524,Rhinolophus ferrumequinum,0.021,0.021,-1,Echolocation,/mnt/ubna_data_02_mir/recover-20220922/UBNA_001/20220921_090000.WAV,Telephone Field,recover-20220922,001,1795
873.3385,873.3774,68437,82384,Rhinolophus ferrumequinum,0.024,0.024,-1,Echolocation,/mnt/ubna_data_02_mir/recover-20220922/UBNA_001/20220921_090000.WAV,Telephone Field,recover-20220922,001,1795
873.3865,873.3955,25468,33471,Eptesicus serotinus,0.007,0.021,-1,Echolocation,/mnt/ubna_data_02_mir/recover-20220922/UBNA_001/20220921_090000.WAV,Telephone Field,recover-20220922,001,1795
873.4445,873.4554,22890,27679,Nyctalus leisleri,0.011,0.021,-1,Echolocation,/mnt/ubna_data_02_mir/recover-20220922/UBNA_001/20220921_090000.WAV,Telephone Field,recover-20220922,001,1795
873.4565,873.4952,68437,82012,Rhinolophus ferrumequinum,0.021,0.021,-1,Echolocation,/mnt/ubna_data_02_mir/recover-20220922/UBNA_001/20220921_090000.WAV,Telephone Field,recover-20220922,001,1795
873.5125,873.5478,68437,81345,Rhinolophus ferrumequinum,0.021,0.021,-1,Echolocation,/mnt/ubna_data_02_mir/recover-20220922/UBNA_001/20220921_090000.WAV,Telephone Field,recover-20220922,001,1795
873.5325,873.5434,22890,27895,Nyctalus leisleri,0.011,0.023,-1,Echolocation,/mnt/ubna_data_02_mir/recover-20220922/UBNA_001/20220921_090000.WAV,Telephone Field,recover-20220922,001,1795
873.5375,873.547,51250,55793,Pipistrellus pipistrellus,0.029,0.036,-1,Echolocation,/mnt/ubna_data_02_mir/recover-20220922/UBNA_001/20220921_090000.WAV,Telephone Field,recover-20220922,001,1795
873.5555,873.5933,68437,82078,Rhinolophus ferrumequinum,0.021,0.021,-1,Echolocation,/mnt/ubna_data_02_mir/recover-20220922/UBNA_001/20220921_090000.WAV,Telephone Field,recover-20220922,001,1795
873.5685,873.5789,25468,30662,Eptesicus serotinus,0.037,0.092,-1,Echolocation,/mnt/ubna_data_02_mir/recover-20220922/UBNA_001/20220921_090000.WAV,Telephone Field,recover-20220922,001,1795
873.5795,873.5887,27187,37234,Eptesicus serotinus,0.008,0.022,-1,Echolocation,/mnt/ubna_data_02_mir/recover-20220922/UBNA_001/20220921_090000.WAV,Telephone Field,recover-20220922,001,1795
873.6085,873.6206,23750,28937,Nyctalus leisleri,0.012,0.026,-1,Echolocation,/mnt/ubna_data_02_mir/recover-20220922/UBNA_001/20220921_090000.WAV,Telephone Field,recover-20220922,001,1795
873.6195,873.6583,68437,82416,Rhinolophus ferrumequinum,0.021,0.021,-1,Echolocation,/mnt/ubna_data_02_mir/recover-20220922/UBNA_001/20220921_090000.WAV,Telephone Field,recover-20220922,001,1795
873.6405,873.6501,23750,30986,Nyctalus leisleri,0.008,0.025,-1,Echolocation,/mnt/ubna_data_02_mir/recover-20220922/UBNA_001/20220921_090000.WAV,Telephone Field,recover-20220922,001,1795
873.6595,873.6716,22031,26046,Nyctalus leisleri,0.014,0.024,-1,Echolocation,/mnt/ubna_data_02_mir/recover-20220922/UBNA_001/20220921_090000.WAV,Telephone Field,recover-20220922,001,1795
873.6885,873.7291,68437,82791,Rhinolophus ferrumequinum,0.023,0.023,-1,Echolocation,/mnt/ubna_data_02_mir/recover-20220922/UBNA_001/20220921_090000.WAV,Telephone Field,recover-20220922,001,1795
873.7175,873.7271,22890,28126,Nyctalus leisleri,0.009,0.021,-1,Echolocation,/mnt/ubna_data_02_mir/recover-20220922/UBNA_001/20220921_090000.WAV,Telephone Field,recover-20220922,001,1795
873.7445,873.7814,68437,81445,Rhinolophus ferrumequinum,0.025,0.025,-1,Echolocation,/mnt/ubna_data_02_mir/recover-20220922/UBNA_001/20220921_090000.WAV,Telephone Field,recover-20220922,001,1795
873.7685,873.7783,28906,36407,Eptesicus serotinus,0.009,0.023,-1,Echolocation,/mnt/ubna_data_02_mir/recover-20220922/UBNA_001/20220921_090000.WAV,Telephone Field,recover-20220922,001,1795
873.7985,873.8372,68437,82235,Rhinolophus ferrumequinum,0.021,0.021,-1,Echolocation,/mnt/ubna_data_02_mir/recover-20220922/UBNA_001/20220921_090000.WAV,Telephone Field,recover-20220922,001,1795
873.8085,873.8195,24609,31297,Nyctalus leisleri,0.008,0.024,-1,Echolocation,/mnt/ubna_data_02_mir/recover-20220922/UBNA_001/20220921_090000.WAV,Telephone Field,recover-20220922,001,1795
873.8455,873.886,68437,82386,Rhinolophus ferrumequinum,0.022,0.022,-1,Echolocation,/mnt/ubna_data_02_mir/recover-20220922/UBNA_001/20220921_090000.WAV,Telephone Field,recover-20220922,001,1795
873.9075,873.9469,68437,82121,Rhinolophus ferrumequinum,0.023,0.023,-1,Echolocation,/mnt/ubna_data_02_mir/recover-20220922/UBNA_001/20220921_090000.WAV,Telephone Field,recover-20220922,001,1795
873.9285,873.9694,68437,83014,Rhinolophus ferrumequinum,0.022,0.022,-1,Echolocation,/mnt/ubna_data_02_mir/recover-20220922/UBNA_001/20220921_090000.WAV,Telephone Field,recover-20220922,001,1795
873.9825,873.9909,28046,40030,Eptesicus serotinus,0.009,0.026,-1,Echolocation,/mnt/ubna_data_02_mir/recover-20220922/UBNA_001/20220921_090000.WAV,Telephone Field,recover-20220922,001,1795
874.0015,874.0136,48671,56216,Pipistrellus pipistrellus,0.017,0.025,-1,Echolocation,/mnt/ubna_data_02_mir/recover-20220922/UBNA_001/20220921_090000.WAV,Telephone Field,recover-20220922,001,1795
874.0015,874.0127,21171,26889,Nyctalus leisleri,0.014,0.035,-1,Echolocation,/mnt/ubna_data_02_mir/recover-20220922/UBNA_001/20220921_090000.WAV,Telephone Field,recover-20220922,001,1795
874.0245,874.0608,68437,81741,Rhinolophus ferrumequinum,0.024,0.024,-1,Echolocation,/mnt/ubna_data_02_mir/recover-20220922/UBNA_001/20220921_090000.WAV,Telephone Field,recover-20220922,001,1795
874.0315,874.0722,68437,82681,Rhinolophus ferrumequinum,0.021,0.021,-1,Echolocation,/mnt/ubna_data_02_mir/recover-20220922/UBNA_001/20220921_090000.WAV,Telephone Field,recover-20220922,001,1795
874.0625,874.0731,23750,29858,Nyctalus leisleri,0.013,0.034,-1,Echolocation,/mnt/ubna_data_02_mir/recover-20220922/UBNA_001/20220921_090000.WAV,Telephone Field,recover-20220922,001,1795
874.0815,874.1239,68437,83462,Rhinolophus ferrumequinum,0.023,0.023,-1,Echolocation,/mnt/ubna_data_02_mir/recover-20220922/UBNA_001/20220921_090000.WAV,Telephone Field,recover-20220922,001,1795
874.1105,874.1513,68437,82912,Rhinolophus ferrumequinum,0.024,0.024,-1,Echolocation,/mnt/ubna_data_02_mir/recover-20220922/UBNA_001/20220921_090000.WAV,Telephone Field,recover-20220922,001,1795
874.1745,874.1897,22031,26195,Nyctalus leisleri,0.016,0.03,-1,Echolocation,/mnt/ubna_data_02_mir/recover-20220922/UBNA_001/20220921_090000.WAV,Telephone Field,recover-20220922,001,1795
874.1795,874.2208,68437,82966,Rhinolophus ferrumequinum,0.025,0.025,-1,Echolocation,/mnt/ubna_data_02_mir/recover-20220922/UBNA_001/20220921_090000.WAV,Telephone Field,recover-20220922,001,1795
874.1985,874.2365,68437,82481,Rhinolophus ferrumequinum,0.02,0.02,-1,Echolocation,/mnt/ubna_data_02_mir/recover-20220922/UBNA_001/20220921_090000.WAV,Telephone Field,recover-20220922,001,1795
874.2155,874.2257,22890,29541,Nyctalus leisleri,0.012,0.031,-1,Echolocation,/mnt/ubna_data_02_mir/recover-20220922/UBNA_001/20220921_090000.WAV,Telephone Field,recover-20220922,001,1795
874.2285,874.2682,68437,82348,Rhinolophus ferrumequinum,0.021,0.021,-1,Echolocation,/mnt/ubna_data_02_mir/recover-20220922/UBNA_001/20220921_090000.WAV,Telephone Field,recover-20220922,001,1795
874.2345,874.2755,68437,82214,Rhinolophus ferrumequinum,0.022,0.022,-1,Echolocation,/mnt/ubna_data_02_mir/recover-20220922/UBNA_001/20220921_090000.WAV,Telephone Field,recover-20220922,001,1795
874.2395,874.2804,68437,82542,Rhinolophus ferrumequinum,0.022,0.022,-1,Echolocation,/mnt/ubna_data_02_mir/recover-20220922/UBNA_001/20220921_090000.WAV,Telephone Field,recover-20220922,001,1795
874.2565,874.2642,28906,39132,Eptesicus serotinus,0.006,0.02,-1,Echolocation,/mnt/ubna_data_02_mir/recover-20220922/UBNA_001/20220921_090000.WAV,Telephone Field,recover-20220922,001,1795
874.2945,874.3354,68437,82465,Rhinolophus ferrumequinum,0.021,0.021,-1,Echolocation,/mnt/ubna_data_02_mir/recover-20220922/UBNA_001/20220921_090000.WAV,Telephone Field,recover-20220922,001,1795
874.2965,874.3171,18593,21484,Nyctalus noctula,0.017,0.035,-1,Echolocation,/mnt/ubna_data_02_mir/recover-20220922/UBNA_001/20220921_090000.WAV,Telephone Field,recover-20220922,001,1795
874.3015,874.3145,22890,26924,Nyctalus leisleri,0.021,0.035,-1,Echolocation,/mnt/ubna_data_02_mir/recover-20220922/UBNA_001/20220921_090000.WAV,Telephone Field,recover-20220922,001,1795
874.3165,874.3271,23750,30060,Nyctalus leisleri,0.009,0.021,-1,Echolocation,/mnt/ubna_data_02_mir/recover-20220922/UBNA_001/20220921_090000.WAV,Telephone Field,recover-20220922,001,1795
874.3255,874.3628,68437,80842,Rhinolophus ferrumequinum,0.02,0.021,-1,Echolocation,/mnt/ubna_data_02_mir/recover-20220922/UBNA_001/20220921_090000.WAV,Telephone Field,recover-20220922,001,1795
874.3325,874.371,68437,81686,Rhinolophus ferrumequinum,0.021,0.021,-1,Echolocation,/mnt/ubna_data_02_mir/recover-20220922/UBNA_001/20220921_090000.WAV,Telephone Field,recover-20220922,001,1795
874.3395,874.3485,28906,40377,Eptesicus serotinus,0.008,0.021,-1,Echolocation,/mnt/ubna_data_02_mir/recover-20220922/UBNA_001/20220921_090000.WAV,Telephone Field,recover-20220922,001,1795
874.3665,874.4028,68437,81553,Rhinolophus ferrumequinum,0.021,0.021,-1,Echolocation,/mnt/ubna_data_02_mir/recover-20220922/UBNA_001/20220921_090000.WAV,Telephone Field,recover-20220922,001,1795
874.3695,874.3787,45234,49743,Pipistrellus pipistrellus,0.021,0.023,-1,Echolocation,/mnt/ubna_data_02_mir/recover-20220922/UBNA_001/20220921_090000.WAV,Telephone Field,recover-20220922,001,1795
874.4055,874.4453,68437,82236,Rhinolophus ferrumequinum,0.021,0.021,-1,Echolocation,/mnt/ubna_data_02_mir/recover-20220922/UBNA_001/20220921_090000.WAV,Telephone Field,recover-20220922,001,1795
874.4085,874.4163,28046,38243,Eptesicus serotinus,0.007,0.023,-1,Echolocation,/mnt/ubna_data_02_mir/recover-20220922/UBNA_001/20220921_090000.WAV,Telephone Field,recover-20220922,001,1795
874.4255,874.4636,68437,81225,Rhinolophus ferrumequinum,0.021,0.022,-1,Echolocation,/mnt/ubna_data_02_mir/recover-20220922/UBNA_001/20220921_090000.WAV,Telephone Field,recover-20220922,001,1795
874.4565,874.472,55546,59821,Pipistrellus pygmaeus,0.024,0.025,-1,Echolocation,/mnt/ubna_data_02_mir/recover-20220922/UBNA_001/20220921_090000.WAV,Telephone Field,recover-20220922,001,1795
874.4795,874.5182,68437,82133,Rhinolophus ferrumequinum,0.022,0.022,-1,Echolocation,/mnt/ubna_data_02_mir/recover-20220922/UBNA_001/20220921_090000.WAV,Telephone Field,recover-20220922,001,1795
874.5025,874.5422,68437,82214,Rhinolophus ferrumequinum,0.026,0.026,-1,Echolocation,/mnt/ubna_data_02_mir/recover-20220922/UBNA_001/20220921_090000.WAV,Telephone Field,recover-20220922,001,1795
874.5265,874.5358,47812,52780,Pipistrellus pipistrellus,0.025,0.027,-1,Echolocation,/mnt/ubna_data_02_mir/recover-20220922/UBNA_001/20220921_090000.WAV,Telephone Field,recover-20220922,001,1795
874.5465,874.5564,23750,29639,Nyctalus leisleri,0.009,0.021,-1,Echolocation,/mnt/ubna_data_02_mir/recover-20220922/UBNA_001/20220921_090000.WAV,Telephone Field,recover-20220922,001,1795
874.5565,874.5964,68437,82163,Rhinolophus ferrumequinum,0.022,0.023,-1,Echolocation,/mnt/ubna_data_02_mir/recover-20220922/UBNA_001/20220921_090000.WAV,Telephone Field,recover-20220922,001,1795
874.5785,874.6171,68437,81280,Rhinolophus ferrumequinum,0.026,0.026,-1,Echolocation,/mnt/ubna_data_02_mir/recover-20220922/UBNA_001/20220921_090000.WAV,Telephone Field,recover-20220922,001,1795
874.6045,874.6444,68437,82645,Rhinolophus ferrumequinum,0.021,0.022,-1,Echolocation,/mnt/ubna_data_02_mir/recover-20220922/UBNA_001/20220921_090000.WAV,Telephone Field,recover-20220922,001,1795
874.6155,874.6524,68437,81866,Rhinolophus ferrumequinum,0.021,0.021,-1,Echolocation,/mnt/ubna_data_02_mir/recover-20220922/UBNA_001/20220921_090000.WAV,Telephone Field,recover-20220922,001,1795
874.6185,874.6293,28906,35895,Eptesicus serotinus,0.01,0.023,-1,Echolocation,/mnt/ubna_data_02_mir/recover-20220922/UBNA_001/20220921_090000.WAV,Telephone Field,recover-20220922,001,1795
874.6225,874.6559,68437,80735,Rhinolophus ferrumequinum,0.021,0.021,-1,Echolocation,/mnt/ubna_data_02_mir/recover-20220922/UBNA_001/20220921_090000.WAV,Telephone Field,recover-20220922,001,1795
874.6355,874.6431,27187,36441,Eptesicus serotinus,0.007,0.021,-1,Echolocation,/mnt/ubna_data_02_mir/recover-20220922/UBNA_001/20220921_090000.WAV,Telephone Field,recover-20220922,001,1795
874.6545,874.6946,68437,82322,Rhinolophus ferrumequinum,0.021,0.021,-1,Echolocation,/mnt/ubna_data_02_mir/recover-20220922/UBNA_001/20220921_090000.WAV,Telephone Field,recover-20220922,001,1795
874.6685,874.6797,26328,32527,Eptesicus serotinus,0.01,0.024,-1,Echolocation,/mnt/ubna_data_02_mir/recover-20220922/UBNA_001/20220921_090000.WAV,Telephone Field,recover-20220922,001,1795
874.6965,874.7344,68437,81611,Rhinolophus ferrumequinum,0.02,0.02,-1,Echolocation,/mnt/ubna_data_02_mir/recover-20220922/UBNA_001/20220921_090000.WAV,Telephone Field,recover-20220922,001,1795
874.7065,874.7439,68437,82020,Rhinolophus ferrumequinum,0.022,0.022,-1,Echolocation,/mnt/ubna_data_02_mir/recover-20220922/UBNA_001/20220921_090000.WAV,Telephone Field,recover-20220922,001,1795
874.7315,874.7704,68437,81650,Rhinolophus ferrumequinum,0.022,0.022,-1,Echolocation,/mnt/ubna_data_02_mir/recover-20220922/UBNA_001/20220921_090000.WAV,Telephone Field,recover-20220922,001,1795
874.7405,874.7785,68437,81575,Rhinolophus ferrumequinum,0.024,0.024,-1,Echolocation,/mnt/ubna_data_02_mir/recover-20220922/UBNA_001/20220921_090000.WAV,Telephone Field,recover-20220922,001,1795
874.7625,874.8041,68437,82135,Rhinolophus ferrumequinum,0.023,0.023,-1,Echolocation,/mnt/ubna_data_02_mir/recover-20220922/UBNA_001/20220921_090000.WAV,Telephone Field,recover-20220922,001,1795
874.7855,874.7965,22031,26432,Nyctalus leisleri,0.01,0.021,-1,Echolocation,/mnt/ubna_data_02_mir/recover-20220922/UBNA_001/20220921_090000.WAV,Telephone Field,recover-20220922,001,1795
874.8075,874.8486,68437,82316,Rhinolophus ferrumequinum,0.022,0.022,-1,Echolocation,/mnt/ubna_data_02_mir/recover-20220922/UBNA_001/20220921_090000.WAV,Telephone Field,recover-20220922,001,1795
874.8125,874.8531,68437,82636,Rhinolophus ferrumequinum,0.022,0.022,-1,Echolocation,/mnt/ubna_data_02_mir/recover-20220922/UBNA_001/20220921_090000.WAV,Telephone Field,recover-20220922,001,1795
874.8355,874.8745,68437,82195,Rhinolophus ferrumequinum,0.021,0.021,-1,Echolocation,/mnt/ubna_data_02_mir/recover-20220922/UBNA_001/20220921_090000.WAV,Telephone Field,recover-20220922,001,1795
874.8565,874.8656,23750,30906,Nyctalus leisleri,0.007,0.02,-1,Echolocation,/mnt/ubna_data_02_mir/recover-20220922/UBNA_001/20220921_090000.WAV,Telephone Field,recover-20220922,001,1795
874.8595,874.8983,68437,82478,Rhinolophus ferrumequinum,0.024,0.024,-1,Echolocation,/mnt/ubna_data_02_mir/recover-20220922/UBNA_001/20220921_090000.WAV,Telephone Field,recover-20220922,001,1795
874.8655,874.9061,68437,82561,Rhinolophus ferrumequinum,0.022,0.022,-1,Echolocation,/mnt/ubna_data_02_mir/recover-20220922/UBNA_001/20220921_090000.WAV,Telephone Field,recover-20220922,001,1795
874.8725,874.8827,24609,30696,Nyctalus leisleri,0.008,0.021,-1,Echolocation,/mnt/ubna_data_02_mir/recover-20220922/UBNA_001/20220921_090000.WAV,Telephone Field,recover-20220922,001,1795
874.8735,874.9153,68437,82389,Rhinolophus ferrumequinum,0.022,0.022,-1,Echolocation,/mnt/ubna_data_02_mir/recover-20220922/UBNA_001/20220921_090000.WAV,Telephone Field,recover-20220922,001,1795
874.9115,874.9531,68437,82455,Rhinolophus ferrumequinum,0.036,0.036,-1,Echolocation,/mnt/ubna_data_02_mir/recover-20220922/UBNA_001/20220921_090000.WAV,Telephone Field,recover-20220922,001,1795
874.9115,874.922,22890,28575,Nyctalus leisleri,0.012,0.026,-1,Echolocation,/mnt/ubna_data_02_mir/recover-20220922/UBNA_001/20220921_090000.WAV,Telephone Field,recover-20220922,001,1795
874.9435,874.9862,68437,82855,Rhinolophus ferrumequinum,0.042,0.042,-1,Echolocation,/mnt/ubna_data_02_mir/recover-20220922/UBNA_001/20220921_090000.WAV,Telephone Field,recover-20220922,001,1795
874.9795,874.9904,45234,49531,Pipistrellus pipistrellus,0.032,0.035,-1,Echolocation,/mnt/ubna_data_02_mir/recover-20220922/UBNA_001/20220921_090000.WAV,Telephone Field,recover-20220922,001,1795
874.9805,874.9884,27187,38600,Eptesicus serotinus,0.007,0.024,-1,Echolocation,/mnt/ubna_data_02_mir/recover-20220922/UBNA_001/20220921_090000.WAV,Telephone Field,recover-20220922,001,1795
875.0245,875.064,68437,81930,Rhinolophus ferrumequinum,0.03,0.03,-1,Echolocation,/mnt/ubna_data_02_mir/recover-20220922/UBNA_001/20220921_090000.WAV,Telephone Field,recover-20220922,001,1795
875.0715,875.1056,68437,81310,Rhinolophus ferrumequinum,0.022,0.022,-1,Echolocation,/mnt/ubna_data_02_mir/recover-20220922/UBNA_001/20220921_090000.WAV,Telephone Field,recover-20220922,001,1795
875.0895,875.1246,68437,81244,Rhinolophus ferrumequinum,0.03,0.03,-1,Echolocation,/mnt/ubna_data_02_mir/recover-20220922/UBNA_001/20220921_090000.WAV,Telephone Field,recover-20220922,001,1795
875.1285,875.1442,21171,24544,Nyctalus leisleri,0.013,0.021,-1,Echolocation,/mnt/ubna_data_02_mir/recover-20220922/UBNA_001/20220921_090000.WAV,Telephone Field,recover-20220922,001,1795
875.1485,875.1894,68437,82484,Rhinolophus ferrumequinum,0.029,0.03,-1,Echolocation,/mnt/ubna_data_02_mir/recover-20220922/UBNA_001/20220921_090000.WAV,Telephone Field,recover-20220922,001,1795
875.1805,875.2204,68437,82065,Rhinolophus ferrumequinum,0.023,0.023,-1,Echolocation,/mnt/ubna_data_02_mir/recover-20220922/UBNA_001/20220921_090000.WAV,Telephone Field,recover-20220922,001,1795
875.2055,875.2455,68437,81967,Rhinolophus ferrumequinum,0.021,0.022,-1,Echolocation,/mnt/ubna_data_02_mir/recover-20220922/UBNA_001/20220921_090000.WAV,Telephone Field,recover-20220922,001,1795
875.2105,875.2484,68437,81970,Rhinolophus ferrumequinum,0.022,0.022,-1,Echolocation,/mnt/ubna_data_02_mir/recover-20220922/UBNA_001/20220921_090000.WAV,Telephone Field,recover-20220922,001,1795
875.2455,875.2834,68437,82206,Rhinolophus ferrumequinum,0.022,0.022,-1,Echolocation,/mnt/ubna_data_02_mir/recover-20220922/UBNA_001/20220921_090000.WAV,Telephone Field,recover-20220922,001,1795
875.2625,875.2694,24609,33429,Plecotus austriacus,0.01,0.026,-1,Echolocation,/mnt/ubna_data_02_mir/recover-20220922/UBNA_001/20220921_090000.WAV,Telephone Field,recover-20220922,001,1795
875.2775,875.3173,68437,82713,Rhinolophus ferrumequinum,0.028,0.028,-1,Echolocation,/mnt/ubna_data_02_mir/recover-20220922/UBNA_001/20220921_090000.WAV,Telephone Field,recover-20220922,001,1795
875.2785,875.2997,15156,18922,Nyctalus noctula,0.02,0.028,-1,Echolocation,/mnt/ubna_data_02_mir/recover-20220922/UBNA_001/20220921_090000.WAV,Telephone Field,recover-20220922,001,1795
875.2925,875.3001,47812,53078,Pipistrellus pipistrellus,0.028,0.029,-1,Echolocation,/mnt/ubna_data_02_mir/recover-20220922/UBNA_001/20220921_090000.WAV,Telephone Field,recover-20220922,001,1795
875.2995,875.3444,68437,82752,Rhinolophus ferrumequinum,0.021,0.021,-1,Echolocation,/mnt/ubna_data_02_mir/recover-20220922/UBNA_001/20220921_090000.WAV,Telephone Field,recover-20220922,001,1795
875.3065,875.3488,68437,82902,Rhinolophus ferrumequinum,0.032,0.032,-1,Echolocation,/mnt/ubna_data_02_mir/recover-20220922/UBNA_001/20220921_090000.WAV,Telephone Field,recover-20220922,001,1795
875.3365,875.3475,28906,35431,Eptesicus serotinus,0.011,0.024,-1,Echolocation,/mnt/ubna_data_02_mir/recover-20220922/UBNA_001/20220921_090000.WAV,Telephone Field,recover-20220922,001,1795
875.3465,875.3572,28906,36315,Eptesicus serotinus,0.009,0.022,-1,Echolocation,/mnt/ubna_data_02_mir/recover-20220922/UBNA_001/20220921_090000.WAV,Telephone Field,recover-20220922,001,1795
875.3675,875.4062,68437,81873,Rhinolophus ferrumequinum,0.025,0.025,-1,Echolocation,/mnt/ubna_data_02_mir/recover-20220922/UBNA_001/20220921_090000.WAV,Telephone Field,recover-20220922,001,1795
875.3805,875.3886,28046,39985,Eptesicus serotinus,0.008,0.022,-1,Echolocation,/mnt/ubna_data_02_mir/recover-20220922/UBNA_001/20220921_090000.WAV,Telephone Field,recover-20220922,001,1795
875.4215,875.4665,68437,83500,Rhinolophus ferrumequinum,0.038,0.038,-1,Echolocation,/mnt/ubna_data_02_mir/recover-20220922/UBNA_001/20220921_090000.WAV,Telephone Field,recover-20220922,001,1795
875.4315,875.4422,27187,35070,Eptesicus serotinus,0.015,0.029,-1,Echolocation,/mnt/ubna_data_02_mir/recover-20220922/UBNA_001/20220921_090000.WAV,Telephone Field,recover-20220922,001,1795
875.4485,875.4896,68437,81959,Rhinolophus ferrumequinum,0.024,0.024,-1,Echolocation,/mnt/ubna_data_02_mir/recover-20220922/UBNA_001/20220921_090000.WAV,Telephone Field,recover-20220922,001,1795
875.4585,875.5015,68437,82628,Rhinolophus ferrumequinum,0.03,0.03,-1,Echolocation,/mnt/ubna_data_02_mir/recover-20220922/UBNA_001/20220921_090000.WAV,Telephone Field,recover-20220922,001,1795
875.4975,875.5075,24609,31311,Nyctalus leisleri,0.008,0.022,-1,Echolocation,/mnt/ubna_data_02_mir/recover-20220922/UBNA_001/20220921_090000.WAV,Telephone Field,recover-20220922,001,1795
875.5025,875.5411,68437,81933,Rhinolophus ferrumequinum,0.023,0.023,-1,Echolocation,/mnt/ubna_data_02_mir/recover-20220922/UBNA_001/20220921_090000.WAV,Telephone Field,recover-20220922,001,1795
875.5235,875.5612,68437,81712,Rhinolophus ferrumequinum,0.025,0.025,-1,Echolocation,/mnt/ubna_data_02_mir/recover-20220922/UBNA_001/20220921_090000.WAV,Telephone Field,recover-20220922,001,1795
875.5305,875.566,68437,81385,Rhinolophus ferrumequinum,0.021,0.021,-1,Echolocation,/mnt/ubna_data_02_mir/recover-20220922/UBNA_001/20220921_090000.WAV,Telephone Field,recover-20220922,001,1795
875.5385,875.5776,68437,82717,Rhinolophus ferrumequinum,0.021,0.021,-1,Echolocation,/mnt/ubna_data_02_mir/recover-20220922/UBNA_001/20220921_090000.WAV,Telephone Field,recover-20220922,001,1795
875.5475,875.556,26328,35558,Eptesicus serotinus,0.008,0.022,-1,Echolocation,/mnt/ubna_data_02_mir/recover-20220922/UBNA_001/20220921_090000.WAV,Telephone Field,recover-20220922,001,1795
875.5475,875.589,68437,82815,Rhinolophus ferrumequinum,0.022,0.022,-1,Echolocation,/mnt/ubna_data_02_mir/recover-20220922/UBNA_001/20220921_090000.WAV,Telephone Field,recover-20220922,001,1795
875.5945,875.6049,23750,30211,Nyctalus leisleri,0.009,0.024,-1,Echolocation,/mnt/ubna_data_02_mir/recover-20220922/UBNA_001/20220921_090000.WAV,Telephone Field,recover-20220922,001,1795
875.6005,875.6089,49531,53603,Pipistrellus pipistrellus,0.021,0.025,-1,Echolocation,/mnt/ubna_data_02_mir/recover-20220922/UBNA_001/20220921_090000.WAV,Telephone Field,recover-20220922,001,1795
875.6005,875.6091,26328,35353,Eptesicus serotinus,0.01,0.026,-1,Echolocation,/mnt/ubna_data_02_mir/recover-20220922/UBNA_001/20220921_090000.WAV,Telephone Field,recover-20220922,001,1795
875.6215,875.6619,68437,82480,Rhinolophus ferrumequinum,0.022,0.022,-1,Echolocation,/mnt/ubna_data_02_mir/recover-20220922/UBNA_001/20220921_090000.WAV,Telephone Field,recover-20220922,001,1795
875.6525,875.6945,68437,82655,Rhinolophus ferrumequinum,0.029,0.029,-1,Echolocation,/mnt/ubna_data_02_mir/recover-20220922/UBNA_001/20220921_090000.WAV,Telephone Field,recover-20220922,001,1795
875.6955,875.7324,68437,81633,Rhinolophus ferrumequinum,0.021,0.021,-1,Echolocation,/mnt/ubna_data_02_mir/recover-20220922/UBNA_001/20220921_090000.WAV,Telephone Field,recover-20220922,001,1795
875.7085,875.7447,68437,82006,Rhinolophus ferrumequinum,0.02,0.021,-1,Echolocation,/mnt/ubna_data_02_mir/recover-20220922/UBNA_001/20220921_090000.WAV,Telephone Field,recover-20220922,001,1795
875.7435,875.7843,68437,81952,Rhinolophus ferrumequinum,0.022,0.023,-1,Echolocation,/mnt/ubna_data_02_mir/recover-20220922/UBNA_001/20220921_090000.WAV,Telephone Field,recover-20220922,001,1795
875.7905,875.8299,68437,81707,Rhinolophus ferrumequinum,0.021,0.021,-1,Echolocation,/mnt/ubna_data_02_mir/recover-20220922/UBNA_001/20220921_090000.WAV,Telephone Field,recover-20220922,001,1795
875.8165,875.8569,68437,81907,Rhinolophus ferrumequinum,0.021,0.021,-1,Echolocation,/mnt/ubna_data_02_mir/recover-20220922/UBNA_001/20220921_090000.WAV,Telephone Field,recover-20220922,001,1795
875.8275,875.8666,68437,82155,Rhinolophus ferrumequinum,0.021,0.021,-1,Echolocation,/mnt/ubna_data_02_mir/recover-20220922/UBNA_001/20220921_090000.WAV,Telephone Field,recover-20220922,001,1795
875.8745,875.9115,68437,81274,Rhinolophus ferrumequinum,0.021,0.021,-1,Echolocation,/mnt/ubna_data_02_mir/recover-20220922/UBNA_001/20220921_090000.WAV,Telephone Field,recover-20220922,001,1795
875.8895,875.8999,22890,28415,Nyctalus leisleri,0.013,0.029,-1,Echolocation,/mnt/ubna_data_02_mir/recover-20220922/UBNA_001/20220921_090000.WAV,Telephone Field,recover-20220922,001,1795
875.9225,875.9334,22890,29136,Nyctalus leisleri,0.014,0.037,-1,Echolocation,/mnt/ubna_data_02_mir/recover-20220922/UBNA_001/20220921_090000.WAV,Telephone Field,recover-20220922,001,1795
875.9275,875.9384,44375,48393,Pipistrellus pipistrellus,0.026,0.031,-1,Echolocation,/mnt/ubna_data_02_mir/recover-20220922/UBNA_001/20220921_090000.WAV,Telephone Field,recover-20220922,001,1795
875.9405,875.9793,68437,82311,Rhinolophus ferrumequinum,0.021,0.021,-1,Echolocation,/mnt/ubna_data_02_mir/recover-20220922/UBNA_001/20220921_090000.WAV,Telephone Field,recover-20220922,001,1795
875.9615,875.9684,28906,40051,Eptesicus serotinus,0.006,0.022,-1,Echolocation,/mnt/ubna_data_02_mir/recover-20220922/UBNA_001/20220921_090000.WAV,Telephone Field,recover-20220922,001,1795
876.0015,876.0107,23750,30624,Nyctalus leisleri,0.011,0.028,-1,Echolocation,/mnt/ubna_data_02_mir/recover-20220922/UBNA_001/20220921_090000.WAV,Telephone Field,recover-20220922,001,1795
876.0015,876.0354,68437,80376,Rhinolophus ferrumequinum,0.025,0.026,-1,Echolocation,/mnt/ubna_data_02_mir/recover-20220922/UBNA_001/20220921_090000.WAV,Telephone Field,recover-20220922,001,1795
876.0095,876.051,68437,82047,Rhinolophus ferrumequinum,0.022,0.022,-1,Echolocation,/mnt/ubna_data_02_mir/recover-20220922/UBNA_001/20220921_090000.WAV,Telephone Field,recover-20220922,001,1795
876.1105,876.1469,68437,81312,Rhinolophus ferrumequinum,0.022,0.022,-1,Echolocation,/mnt/ubna_data_02_mir/recover-20220922/UBNA_001/20220921_090000.WAV,Telephone Field,recover-20220922,001,1795
876.1155,876.1255,26328,33143,Eptesicus serotinus,0.01,0.029,-1,Echolocation,/mnt/ubna_data_02_mir/recover-20220922/UBNA_001/20220921_090000.WAV,Telephone Field,recover-20220922,001,1795
876.1505,876.1885,68437,81622,Rhinolophus ferrumequinum,0.022,0.022,-1,Echolocation,/mnt/ubna_data_02_mir/recover-20220922/UBNA_001/20220921_090000.WAV,Telephone Field,recover-20220922,001,1795
876.1655,876.1779,22031,27398,Nyctalus leisleri,0.012,0.027,-1,Echolocation,/mnt/ubna_data_02_mir/recover-20220922/UBNA_001/20220921_090000.WAV,Telephone Field,recover-20220922,001,1795
876.1655,876.174,37500,45443,Barbastellus barbastellus,0.008,0.023,-1,Echolocation,/mnt/ubna_data_02_mir/recover-20220922/UBNA_001/20220921_090000.WAV,Telephone Field,recover-20220922,001,1795
876.1865,876.2246,68437,82312,Rhinolophus ferrumequinum,0.029,0.029,-1,Echolocation,/mnt/ubna_data_02_mir/recover-20220922/UBNA_001/20220921_090000.WAV,Telephone Field,recover-20220922,001,1795
876.2025,876.2103,28046,38780,Eptesicus serotinus,0.008,0.023,-1,Echolocation,/mnt/ubna_data_02_mir/recover-20220922/UBNA_001/20220921_090000.WAV,Telephone Field,recover-20220922,001,1795
876.2545,876.2943,68437,82602,Rhinolophus ferrumequinum,0.022,0.022,-1,Echolocation,/mnt/ubna_data_02_mir/recover-20220922/UBNA_001/20220921_090000.WAV,Telephone Field,recover-20220922,001,1795
876.3135,876.3238,22890,28529,Nyctalus leisleri,0.01,0.025,-1,Echolocation,/mnt/ubna_data_02_mir/recover-20220922/UBNA_001/20220921_090000.WAV,Telephone Field,recover-20220922,001,1795
876.3165,876.3578,68437,82568,Rhinolophus ferrumequinum,0.035,0.035,-1,Echolocation,/mnt/ubna_data_02_mir/recover-20220922/UBNA_001/20220921_090000.WAV,Telephone Field,recover-20220922,001,1795
876.3515,876.3899,68437,81878,Rhinolophus ferrumequinum,0.025,0.025,-1,Echolocation,/mnt/ubna_data_02_mir/recover-20220922/UBNA_001/20220921_090000.WAV,Telephone Field,recover-20220922,001,1795
876.3545,876.3656,23750,29134,Nyctalus leisleri,0.011,0.023,-1,Echolocation,/mnt/ubna_data_02_mir/recover-20220922/UBNA_001/20220921_090000.WAV,Telephone Field,recover-20220922,001,1795
876.3895,876.3993,28046,36021,Eptesicus serotinus,0.014,0.03,-1,Echolocation,/mnt/ubna_data_02_mir/recover-20220922/UBNA_001/20220921_090000.WAV,Telephone Field,recover-20220922,001,1795
876.3965,876.4354,68437,82221,Rhinolophus ferrumequinum,0.023,0.023,-1,Echolocation,/mnt/ubna_data_02_mir/recover-20220922/UBNA_001/20220921_090000.WAV,Telephone Field,recover-20220922,001,1795
876.4025,876.4414,68437,82190,Rhinolophus ferrumequinum,0.022,0.022,-1,Echolocation,/mnt/ubna_data_02_mir/recover-20220922/UBNA_001/20220921_090000.WAV,Telephone Field,recover-20220922,001,1795
876.4345,876.4718,68437,81632,Rhinolophus ferrumequinum,0.023,0.023,-1,Echolocation,/mnt/ubna_data_02_mir/recover-20220922/UBNA_001/20220921_090000.WAV,Telephone Field,recover-20220922,001,1795
876.4585,876.4991,68437,81888,Rhinolophus ferrumequinum,0.024,0.024,-1,Echolocation,/mnt/ubna_data_02_mir/recover-20220922/UBNA_001/20220921_090000.WAV,Telephone Field,recover-20220922,001,1795
876.4705,876.5066,68437,81977,Rhinolophus ferrumequinum,0.022,0.022,-1,Echolocation,/mnt/ubna_data_02_mir/recover-20220922/UBNA_001/20220921_090000.WAV,Telephone Field,recover-20220922,001,1795
876.4935,876.5324,68437,82615,Rhinolophus ferrumequinum,0.022,0.022,-1,Echolocation,/mnt/ubna_data_02_mir/recover-20220922/UBNA_001/20220921_090000.WAV,Telephone Field,recover-20220922,001,1795
876.5455,876.5561,46953,50825,Pipistrellus pipistrellus,0.041,0.044,-1,Echolocation,/mnt/ubna_data_02_mir/recover-20220922/UBNA_001/20220921_090000.WAV,Telephone Field,recover-20220922,001,1795
876.5675,876.608,68437,82460,Rhinolophus ferrumequinum,0.027,0.027,-1,Echolocation,/mnt/ubna_data_02_mir/recover-20220922/UBNA_001/20220921_090000.WAV,Telephone Field,recover-20220922,001,1795
876.5765,876.5858,50390,55087,Pipistrellus pipistrellus,0.019,0.025,-1,Echolocation,/mnt/ubna_data_02_mir/recover-20220922/UBNA_001/20220921_090000.WAV,Telephone Field,recover-20220922,001,1795
876.6045,876.6129,45234,49546,Pipistrellus pipistrellus,0.038,0.041,-1,Echolocation,/mnt/ubna_data_02_mir/recover-20220922/UBNA_001/20220921_090000.WAV,Telephone Field,recover-20220922,001,1795
876.6045,876.6467,68437,83266,Rhinolophus ferrumequinum,0.03,0.03,-1,Echolocation,/mnt/ubna_data_02_mir/recover-20220922/UBNA_001/20220921_090000.WAV,Telephone Field,recover-20220922,001,1795
876.6055,876.6164,24609,30968,Nyctalus leisleri,0.01,0.023,-1,Echolocation,/mnt/ubna_data_02_mir/recover-20220922/UBNA_001/20220921_090000.WAV,Telephone Field,recover-20220922,001,1795
876.6125,876.6222,28906,36811,Eptesicus serotinus,0.009,0.024,-1,Echolocation,/mnt/ubna_data_02_mir/recover-20220922/UBNA_001/20220921_090000.WAV,Telephone Field,recover-20220922,001,1795
876.7885,876.8291,68437,82276,Rhinolophus ferrumequinum,0.028,0.028,-1,Echolocation,/mnt/ubna_data_02_mir/recover-20220922/UBNA_001/20220921_090000.WAV,Telephone Field,recover-20220922,001,1795
876.8285,876.8667,68437,82056,Rhinolophus ferrumequinum,0.024,0.024,-1,Echolocation,/mnt/ubna_data_02_mir/recover-20220922/UBNA_001/20220921_090000.WAV,Telephone Field,recover-20220922,001,1795
876.8515,876.894,68437,82939,Rhinolophus ferrumequinum,0.031,0.031,-1,Echolocation,/mnt/ubna_data_02_mir/recover-20220922/UBNA_001/20220921_090000.WAV,Telephone Field,recover-20220922,001,1795
876.8915,876.9308,68437,82018,Rhinolophus ferrumequinum,0.023,0.023,-1,Echolocation,/mnt/ubna_data_02_mir/recover-20220922/UBNA_001/20220921_090000.WAV,Telephone Field,recover-20220922,001,1795
876.9035,876.9462,68437,83264,Rhinolophus ferrumequinum,0.025,0.025,-1,Echolocation,/mnt/ubna_data_02_mir/recover-20220922/UBNA_001/20220921_090000.WAV,Telephone Field,recover-20220922,001,1795
876.9135,876.9205,47812,51884,Pipistrellus pipistrellus,0.034,0.035,-1,Echolocation,/mnt/ubna_data_02_mir/recover-20220922/UBNA_001/20220921_090000.WAV,Telephone Field,recover-20220922,001,1795
876.9375,876.9776,68437,82210,Rhinolophus ferrumequinum,0.026,0.026,-1,Echolocation,/mnt/ubna_data_02_mir/recover-20220922/UBNA_001/20220921_090000.WAV,Telephone Field,recover-20220922,001,1795
876.9555,876.9996,68437,83096,Rhinolophus ferrumequinum,0.044,0.044,-1,Echolocation,/mnt/ubna_data_02_mir/recover-20220922/UBNA_001/20220921_090000.WAV,Telephone Field,recover-20220922,001,1795
877.0055,877.0468,68437,82826,Rhinolophus ferrumequinum,0.024,0.024,-1,Echolocation,/mnt/ubna_data_02_mir/recover-20220922/UBNA_001/20220921_090000.WAV,Telephone Field,recover-20220922,001,1795
877.0965,877.1369,68437,82008,Rhinolophus ferrumequinum,0.025,0.025,-1,Echolocation,/mnt/ubna_data_02_mir/recover-20220922/UBNA_001/20220921_090000.WAV,Telephone Field,recover-20220922,001,1795
877.1315,877.1388,28046,39324,Eptesicus serotinus,0.006,0.022,-1,Echolocation,/mnt/ubna_data_02_mir/recover-20220922/UBNA_001/20220921_090000.WAV,Telephone Field,recover-20220922,001,1795
877.1395,877.1493,37500,42277,Barbastellus barbastellus,0.008,0.023,-1,Echolocation,/mnt/ubna_data_02_mir/recover-20220922/UBNA_001/20220921_090000.WAV,Telephone Field,recover-20220922,001,1795
877.1435,877.1779,68437,81265,Rhinolophus ferrumequinum,0.026,0.026,-1,Echolocation,/mnt/ubna_data_02_mir/recover-20220922/UBNA_001/20220921_090000.WAV,Telephone Field,recover-20220922,001,1795
877.1645,877.1725,28906,39037,Eptesicus serotinus,0.009,0.025,-1,Echolocation,/mnt/ubna_data_02_mir/recover-20220922/UBNA_001/20220921_090000.WAV,Telephone Field,recover-20220922,001,1795
877.1695,877.2082,68437,82178,Rhinolophus ferrumequinum,0.027,0.027,-1,Echolocation,/mnt/ubna_data_02_mir/recover-20220922/UBNA_001/20220921_090000.WAV,Telephone Field,recover-20220922,001,1795
877.1795,877.2194,68437,82242,Rhinolophus ferrumequinum,0.027,0.027,-1,Echolocation,/mnt/ubna_data_02_mir/recover-20220922/UBNA_001/20220921_090000.WAV,Telephone Field,recover-20220922,001,1795
877.1805,877.1918,23750,28953,Nyctalus leisleri,0.014,0.03,-1,Echolocation,/mnt/ubna_data_02_mir/recover-20220922/UBNA_001/20220921_090000.WAV,Telephone Field,recover-20220922,001,1795
877.2225,877.2312,26328,34318,Eptesicus serotinus,0.008,0.022,-1,Echolocation,/mnt/ubna_data_02_mir/recover-20220922/UBNA_001/20220921_090000.WAV,Telephone Field,recover-20220922,001,1795
877.2225,877.2615,68437,82663,Rhinolophus ferrumequinum,0.029,0.029,-1,Echolocation,/mnt/ubna_data_02_mir/recover-20220922/UBNA_001/20220921_090000.WAV,Telephone Field,recover-20220922,001,1795
877.2565,877.2921,68437,80848,Rhinolophus ferrumequinum,0.022,0.022,-1,Echolocation,/mnt/ubna_data_02_mir/recover-20220922/UBNA_001/20220921_090000.WAV,Telephone Field,recover-20220922,001,1795
877.2805,877.2918,22031,26397,Nyctalus leisleri,0.012,0.022,-1,Echolocation,/mnt/ubna_data_02_mir/recover-20220922/UBNA_001/20220921_090000.WAV,Telephone Field,recover-20220922,001,1795
877.2945,877.3382,68437,83106,Rhinolophus ferrumequinum,0.036,0.036,-1,Echolocation,/mnt/ubna_data_02_mir/recover-20220922/UBNA_001/20220921_090000.WAV,Telephone Field,recover-20220922,001,1795
877.3435,877.3836,68437,82128,Rhinolophus ferrumequinum,0.022,0.022,-1,Echolocation,/mnt/ubna_data_02_mir/recover-20220922/UBNA_001/20220921_090000.WAV,Telephone Field,recover-20220922,001,1795
877.3885,877.4039,50390,54034,Pipistrellus pipistrellus,0.016,0.027,-1,Echolocation,/mnt/ubna_data_02_mir/recover-20220922/UBNA_001/20220921_090000.WAV,Telephone Field,recover-20220922,001,1795
877.3965,877.4036,23750,33016,Plecotus austriacus,0.021,0.041,-1,Echolocation,/mnt/ubna_data_02_mir/recover-20220922/UBNA_001/20220921_090000.WAV,Telephone Field,recover-20220922,001,1795
877.4165,877.4524,68437,81409,Rhinolophus ferrumequinum,0.022,0.022,-1,Echolocation,/mnt/ubna_data_02_mir/recover-20220922/UBNA_001/20220921_090000.WAV,Telephone Field,recover-20220922,001,1795
877.4405,877.4802,68437,82535,Rhinolophus ferrumequinum,0.026,0.026,-1,Echolocation,/mnt/ubna_data_02_mir/recover-20220922/UBNA_001/20220921_090000.WAV,Telephone Field,recover-20220922,001,1795
877.4555,877.4624,28906,39388,Eptesicus serotinus,0.006,0.023,-1,Echolocation,/mnt/ubna_data_02_mir/recover-20220922/UBNA_001/20220921_090000.WAV,Telephone Field,recover-20220922,001,1795
877.4555,877.4632,34921,42677,Myotis daubentonii,0.008,0.024,-1,Echolocation,/mnt/ubna_data_02_mir/recover-20220922/UBNA_001/20220921_090000.WAV,Telephone Field,recover-20220922,001,1795
877.4795,877.5141,68437,81520,Rhinolophus ferrumequinum,0.033,0.033,-1,Echolocation,/mnt/ubna_data_02_mir/recover-20220922/UBNA_001/20220921_090000.WAV,Telephone Field,recover-20220922,001,1795
877.4965,877.5077,25468,32197,Eptesicus serotinus,0.01,0.022,-1,Echolocation,/mnt/ubna_data_02_mir/recover-20220922/UBNA_001/20220921_090000.WAV,Telephone Field,recover-20220922,001,1795
877.5245,877.5355,24609,30903,Nyctalus leisleri,0.01,0.025,-1,Echolocation,/mnt/ubna_data_02_mir/recover-20220922/UBNA_001/20220921_090000.WAV,Telephone Field,recover-20220922,001,1795
877.5335,877.5742,68437,82966,Rhinolophus ferrumequinum,0.024,0.024,-1,Echolocation,/mnt/ubna_data_02_mir/recover-20220922/UBNA_001/20220921_090000.WAV,Telephone Field,recover-20220922,001,1795
877.5475,877.5894,68437,82996,Rhinolophus ferrumequinum,0.029,0.03,-1,Echolocation,/mnt/ubna_data_02_mir/recover-20220922/UBNA_001/20220921_090000.WAV,Telephone Field,recover-20220922,001,1795
877.5715,877.6159,68437,83209,Rhinolophus ferrumequinum,0.035,0.035,-1,Echolocation,/mnt/ubna_data_02_mir/recover-20220922/UBNA_001/20220921_090000.WAV,Telephone Field,recover-20220922,001,1795
877.5775,877.6209,68437,83395,Rhinolophus ferrumequinum,0.035,0.035,-1,Echolocation,/mnt/ubna_data_02_mir/recover-20220922/UBNA_001/20220921_090000.WAV,Telephone Field,recover-20220922,001,1795
877.6335,877.6435,26328,33166,Eptesicus serotinus,0.01,0.024,-1,Echolocation,/mnt/ubna_data_02_mir/recover-20220922/UBNA_001/20220921_090000.WAV,Telephone Field,recover-20220922,001,1795
877.6455,877.6822,68437,81510,Rhinolophus ferrumequinum,0.023,0.023,-1,Echolocation,/mnt/ubna_data_02_mir/recover-20220922/UBNA_001/20220921_090000.WAV,Telephone Field,recover-20220922,001,1795
877.6825,877.7218,68437,82049,Rhinolophus ferrumequinum,0.022,0.022,-1,Echolocation,/mnt/ubna_data_02_mir/recover-20220922/UBNA_001/20220921_090000.WAV,Telephone Field,recover-20220922,001,1795
877.6975,877.709,23750,28479,Nyctalus leisleri,0.014,0.028,-1,Echolocation,/mnt/ubna_data_02_mir/recover-20220922/UBNA_001/20220921_090000.WAV,Telephone Field,recover-20220922,001,1795
877.7215,877.7613,68437,81912,Rhinolophus ferrumequinum,0.022,0.022,-1,Echolocation,/mnt/ubna_data_02_mir/recover-20220922/UBNA_001/20220921_090000.WAV,Telephone Field,recover-20220922,001,1795
877.7375,877.7455,28046,37368,Eptesicus serotinus,0.007,0.022,-1,Echolocation,/mnt/ubna_data_02_mir/recover-20220922/UBNA_001/20220921_090000.WAV,Telephone Field,recover-20220922,001,1795
877.7375,877.7447,22890,31928,Plecotus austriacus,0.011,0.023,-1,Echolocation,/mnt/ubna_data_02_mir/recover-20220922/UBNA_001/20220921_090000.WAV,Telephone Field,recover-20220922,001,1795
877.7585,877.7654,27187,39621,Eptesicus serotinus,0.006,0.023,-1,Echolocation,/mnt/ubna_data_02_mir/recover-20220922/UBNA_001/20220921_090000.WAV,Telephone Field,recover-20220922,001,1795
877.7675,877.808,68437,82835,Rhinolophus ferrumequinum,0.028,0.028,-1,Echolocation,/mnt/ubna_data_02_mir/recover-20220922/UBNA_001/20220921_090000.WAV,Telephone Field,recover-20220922,001,1795
877.7755,877.8174,68437,82928,Rhinolophus ferrumequinum,0.028,0.028,-1,Echolocation,/mnt/ubna_data_02_mir/recover-20220922/UBNA_001/20220921_090000.WAV,Telephone Field,recover-20220922,001,1795
877.7845,877.7968,50390,55632,Pipistrellus pipistrellus,0.029,0.034,-1,Echolocation,/mnt/ubna_data_02_mir/recover-20220922/UBNA_001/20220921_090000.WAV,Telephone Field,recover-20220922,001,1795
877.8065,877.8443,68437,81689,Rhinolophus ferrumequinum,0.029,0.029,-1,Echolocation,/mnt/ubna_data_02_mir/recover-20220922/UBNA_001/20220921_090000.WAV,Telephone Field,recover-20220922,001,1795
877.8375,877.876,68437,82166,Rhinolophus ferrumequinum,0.028,0.028,-1,Echolocation,/mnt/ubna_data_02_mir/recover-20220922/UBNA_001/20220921_090000.WAV,Telephone Field,recover-20220922,001,1795
877.9275,877.9382,14296,19093,Nyctalus noctula,0.011,0.023,-1,Echolocation,/mnt/ubna_data_02_mir/recover-20220922/UBNA_001/20220921_090000.WAV,Telephone Field,recover-20220922,001,1795
877.9625,877.9707,28046,38517,Eptesicus serotinus,0.008,0.022,-1,Echolocation,/mnt/ubna_data_02_mir/recover-20220922/UBNA_001/20220921_090000.WAV,Telephone Field,recover-20220922,001,1795
878.0015,878.0343,69296,81286,Rhinolophus ferrumequinum,0.026,0.026,-1,Echolocation,/mnt/ubna_data_02_mir/recover-20220922/UBNA_001/20220921_090000.WAV,Telephone Field,recover-20220922,001,1795
878.0015,878.0102,23750,34654,Nyctalus leisleri,0.006,0.024,-1,Echolocation,/mnt/ubna_data_02_mir/recover-20220922/UBNA_001/20220921_090000.WAV,Telephone Field,recover-20220922,001,1795
878.0015,878.0155,16875,23007,Nyctalus noctula,0.011,0.022,-1,Echolocation,/mnt/ubna_data_02_mir/recover-20220922/UBNA_001/20220921_090000.WAV,Telephone Field,recover-20220922,001,1795
878.0075,878.0505,68437,81748,Rhinolophus ferrumequinum,0.025,0.025,-1,Echolocation,/mnt/ubna_data_02_mir/recover-20220922/UBNA_001/20220921_090000.WAV,Telephone Field,recover-20220922,001,1795
878.0285,878.0742,68437,83588,Rhinolophus ferrumequinum,0.035,0.035,-1,Echolocation,/mnt/ubna_data_02_mir/recover-20220922/UBNA_001/20220921_090000.WAV,Telephone Field,recover-20220922,001,1795
878.0725,878.0896,28906,33995,Eptesicus serotinus,0.038,0.061,-1,Echolocation,/mnt/ubna_data_02_mir/recover-20220922/UBNA_001/20220921_090000.WAV,Telephone Field,recover-20220922,001,1795
878.0925,878.1081,38359,42791,Pipistrellus nathusii,0.013,0.027,-1,Echolocation,/mnt/ubna_data_02_mir/recover-20220922/UBNA_001/20220921_090000.WAV,Telephone Field,recover-20220922,001,1795
878.0955,878.1319,68437,81383,Rhinolophus ferrumequinum,0.024,0.024,-1,Echolocation,/mnt/ubna_data_02_mir/recover-20220922/UBNA_001/20220921_090000.WAV,Telephone Field,recover-20220922,001,1795
878.1075,878.1452,68437,81048,Rhinolophus ferrumequinum,0.022,0.022,-1,Echolocation,/mnt/ubna_data_02_mir/recover-20220922/UBNA_001/20220921_090000.WAV,Telephone Field,recover-20220922,001,1795
878.1365,878.1734,68437,81656,Rhinolophus ferrumequinum,0.02,0.02,-1,Echolocation,/mnt/ubna_data_02_mir/recover-20220922/UBNA_001/20220921_090000.WAV,Telephone Field,recover-20220922,001,1795
878.1575,878.199,68437,82222,Rhinolophus ferrumequinum,0.027,0.027,-1,Echolocation,/mnt/ubna_data_02_mir/recover-20220922/UBNA_001/20220921_090000.WAV,Telephone Field,recover-20220922,001,1795
878.1745,878.2148,68437,81851,Rhinolophus ferrumequinum,0.021,0.021,-1,Echolocation,/mnt/ubna_data_02_mir/recover-20220922/UBNA_001/20220921_090000.WAV,Telephone Field,recover-20220922,001,1795
878.1805,878.1919,22890,27741,Nyctalus leisleri,0.017,0.033,-1,Echolocation,/mnt/ubna_data_02_mir/recover-20220922/UBNA_001/20220921_090000.WAV,Telephone Field,recover-20220922,001,1795
878.1965,878.2357,68437,81982,Rhinolophus ferrumequinum,0.02,0.02,-1,Echolocation,/mnt/ubna_data_02_mir/recover-20220922/UBNA_001/20220921_090000.WAV,Telephone Field,recover-20220922,001,1795
878.2085,878.2483,68437,81978,Rhinolophus ferrumequinum,0.02,0.02,-1,Echolocation,/mnt/ubna_data_02_mir/recover-20220922/UBNA_001/20220921_090000.WAV,Telephone Field,recover-20220922,001,1795
878.2665,878.3063,68437,81782,Rhinolophus ferrumequinum,0.023,0.023,-1,Echolocation,/mnt/ubna_data_02_mir/recover-20220922/UBNA_001/20220921_090000.WAV,Telephone Field,recover-20220922,001,1795
878.2775,878.2876,23750,29517,Nyctalus leisleri,0.009,0.022,-1,Echolocation,/mnt/ubna_data_02_mir/recover-20220922/UBNA_001/20220921_090000.WAV,Telephone Field,recover-20220922,001,1795
878.2805,878.3213,68437,82340,Rhinolophus ferrumequinum,0.022,0.022,-1,Echolocation,/mnt/ubna_data_02_mir/recover-20220922/UBNA_001/20220921_090000.WAV,Telephone Field,recover-20220922,001,1795
878.2875,878.3279,68437,82649,Rhinolophus ferrumequinum,0.021,0.021,-1,Echolocation,/mnt/ubna_data_02_mir/recover-20220922/UBNA_001/20220921_090000.WAV,Telephone Field,recover-20220922,001,1795
878.3355,878.3754,68437,82622,Rhinolophus ferrumequinum,0.025,0.025,-1,Echolocation,/mnt/ubna_data_02_mir/recover-20220922/UBNA_001/20220921_090000.WAV,Telephone Field,recover-20220922,001,1795
878.3485,878.388,68437,82155,Rhinolophus ferrumequinum,0.021,0.021,-1,Echolocation,/mnt/ubna_data_02_mir/recover-20220922/UBNA_001/20220921_090000.WAV,Telephone Field,recover-20220922,001,1795
878.3665,878.403,68437,81253,Rhinolophus ferrumequinum,0.02,0.02,-1,Echolocation,/mnt/ubna_data_02_mir/recover-20220922/UBNA_001/20220921_090000.WAV,Telephone Field,recover-20220922,001,1795
878.3815,878.3876,39218,51255,Myotis daubentonii,0.007,0.02,-1,Echolocation,/mnt/ubna_data_02_mir/recover-20220922/UBNA_001/20220921_090000.WAV,Telephone Field,recover-20220922,001,1795
878.4145,878.4333,20312,23385,Nyctalus leisleri,0.013,0.021,-1,Echolocation,/mnt/ubna_data_02_mir/recover-20220922/UBNA_001/20220921_090000.WAV,Telephone Field,recover-20220922,001,1795
878.4245,878.4626,68437,82039,Rhinolophus ferrumequinum,0.03,0.03,-1,Echolocation,/mnt/ubna_data_02_mir/recover-20220922/UBNA_001/20220921_090000.WAV,Telephone Field,recover-20220922,001,1795
878.4465,878.4797,68437,80650,Rhinolophus ferrumequinum,0.022,0.022,-1,Echolocation,/mnt/ubna_data_02_mir/recover-20220922/UBNA_001/20220921_090000.WAV,Telephone Field,recover-20220922,001,1795
878.4485,878.4574,22890,29675,Plecotus austriacus,0.008,0.02,-1,Echolocation,/mnt/ubna_data_02_mir/recover-20220922/UBNA_001/20220921_090000.WAV,Telephone Field,recover-20220922,001,1795
878.4605,878.4993,68437,81738,Rhinolophus ferrumequinum,0.02,0.02,-1,Echolocation,/mnt/ubna_data_02_mir/recover-20220922/UBNA_001/20220921_090000.WAV,Telephone Field,recover-20220922,001,1795
878.5015,878.5381,68437,81442,Rhinolophus ferrumequinum,0.023,0.023,-1,Echolocation,/mnt/ubna_data_02_mir/recover-20220922/UBNA_001/20220921_090000.WAV,Telephone Field,recover-20220922,001,1795
878.5055,878.5127,28046,39512,Eptesicus serotinus,0.007,0.024,-1,Echolocation,/mnt/ubna_data_02_mir/recover-20220922/UBNA_001/20220921_090000.WAV,Telephone Field,recover-20220922,001,1795
878.5575,878.5638,26328,35923,Plecotus auritus,0.01,0.029,-1,Echolocation,/mnt/ubna_data_02_mir/recover-20220922/UBNA_001/20220921_090000.WAV,Telephone Field,recover-20220922,001,1795
878.5805,878.6209,68437,81784,Rhinolophus ferrumequinum,0.021,0.021,-1,Echolocation,/mnt/ubna_data_02_mir/recover-20220922/UBNA_001/20220921_090000.WAV,Telephone Field,recover-20220922,001,1795
878.5885,878.6275,68437,81925,Rhinolophus ferrumequinum,0.021,0.021,-1,Echolocation,/mnt/ubna_data_02_mir/recover-20220922/UBNA_001/20220921_090000.WAV,Telephone Field,recover-20220922,001,1795
878.5915,878.5989,26328,35118,Eptesicus serotinus,0.007,0.027,-1,Echolocation,/mnt/ubna_data_02_mir/recover-20220922/UBNA_001/20220921_090000.WAV,Telephone Field,recover-20220922,001,1795
878.6015,878.6411,68437,82243,Rhinolophus ferrumequinum,0.021,0.021,-1,Echolocation,/mnt/ubna_data_02_mir/recover-20220922/UBNA_001/20220921_090000.WAV,Telephone Field,recover-20220922,001,1795
878.6155,878.6537,68437,81747,Rhinolophus ferrumequinum,0.02,0.02,-1,Echolocation,/mnt/ubna_data_02_mir/recover-20220922/UBNA_001/20220921_090000.WAV,Telephone Field,recover-20220922,001,1795
878.6455,878.6556,43515,46910,Pipistrellus pipistrellus,0.017,0.02,-1,Echolocation,/mnt/ubna_data_02_mir/recover-20220922/UBNA_001/20220921_090000.WAV,Telephone Field,recover-20220922,001,1795
878.6565,878.6925,68437,81333,Rhinolophus ferrumequinum,0.02,0.021,-1,Echolocation,/mnt/ubna_data_02_mir/recover-20220922/UBNA_001/20220921_090000.WAV,Telephone Field,recover-20220922,001,1795
878.6605,878.6696,26328,35437,Eptesicus serotinus,0.01,0.025,-1,Echolocation,/mnt/ubna_data_02_mir/recover-20220922/UBNA_001/20220921_090000.WAV,Telephone Field,recover-20220922,001,1795
878.6775,878.7206,68437,82977,Rhinolophus ferrumequinum,0.028,0.028,-1,Echolocation,/mnt/ubna_data_02_mir/recover-20220922/UBNA_001/20220921_090000.WAV,Telephone Field,recover-20220922,001,1795
878.7075,878.7456,68437,82212,Rhinolophus ferrumequinum,0.021,0.021,-1,Echolocation,/mnt/ubna_data_02_mir/recover-20220922/UBNA_001/20220921_090000.WAV,Telephone Field,recover-20220922,001,1795
878.7205,878.7615,68437,82874,Rhinolophus ferrumequinum,0.023,0.023,-1,Echolocation,/mnt/ubna_data_02_mir/recover-20220922/UBNA_001/20220921_090000.WAV,Telephone Field,recover-20220922,001,1795
878.7445,878.7818,68437,81794,Rhinolophus ferrumequinum,0.021,0.021,-1,Echolocation,/mnt/ubna_data_02_mir/recover-20220922/UBNA_001/20220921_090000.WAV,Telephone Field,recover-20220922,001,1795
878.7885,878.7979,28906,37261,Eptesicus serotinus,0.009,0.022,-1,Echolocation,/mnt/ubna_data_02_mir/recover-20220922/UBNA_001/20220921_090000.WAV,Telephone Field,recover-20220922,001,1795
878.8095,878.8486,68437,82097,Rhinolophus ferrumequinum,0.02,0.02,-1,Echolocation,/mnt/ubna_data_02_mir/recover-20220922/UBNA_001/20220921_090000.WAV,Telephone Field,recover-20220922,001,1795
878.8275,878.868,68437,82148,Rhinolophus ferrumequinum,0.022,0.022,-1,Echolocation,/mnt/ubna_data_02_mir/recover-20220922/UBNA_001/20220921_090000.WAV,Telephone Field,recover-20220922,001,1795
878.8385,878.8748,68437,80708,Rhinolophus ferrumequinum,0.022,0.022,-1,Echolocation,/mnt/ubna_data_02_mir/recover-20220922/UBNA_001/20220921_090000.WAV,Telephone Field,recover-20220922,001,1795
878.8545,878.8922,68437,81388,Rhinolophus ferrumequinum,0.026,0.026,-1,Echolocation,/mnt/ubna_data_02_mir/recover-20220922/UBNA_001/20220921_090000.WAV,Telephone Field,recover-20220922,001,1795
878.8735,878.9119,68437,81689,Rhinolophus ferrumequinum,0.02,0.02,-1,Echolocation,/mnt/ubna_data_02_mir/recover-20220922/UBNA_001/20220921_090000.WAV,Telephone Field,recover-20220922,001,1795
878.8945,878.9334,68437,82274,Rhinolophus ferrumequinum,0.021,0.021,-1,Echolocation,/mnt/ubna_data_02_mir/recover-20220922/UBNA_001/20220921_090000.WAV,Telephone Field,recover-20220922,001,1795
878.8985,878.9142,21171,24591,Nyctalus leisleri,0.013,0.02,-1,Echolocation,/mnt/ubna_data_02_mir/recover-20220922/UBNA_001/20220921_090000.WAV,Telephone Field,recover-20220922,001,1795
878.9295,878.969,68437,82303,Rhinolophus ferrumequinum,0.021,0.021,-1,Echolocation,/mnt/ubna_data_02_mir/recover-20220922/UBNA_001/20220921_090000.WAV,Telephone Field,recover-20220922,001,1795
878.9355,878.9539,21171,25295,Nyctalus noctula,0.039,0.085,-1,Echolocation,/mnt/ubna_data_02_mir/recover-20220922/UBNA_001/20220921_090000.WAV,Telephone Field,recover-20220922,001,1795
878.9595,878.9994,68437,82400,Rhinolophus ferrumequinum,0.032,0.032,-1,Echolocation,/mnt/ubna_data_02_mir/recover-20220922/UBNA_001/20220921_090000.WAV,Telephone Field,recover-20220922,001,1795
878.9705,878.9778,27187,41904,Eptesicus serotinus,0.007,0.024,-1,Echolocation,/mnt/ubna_data_02_mir/recover-20220922/UBNA_001/20220921_090000.WAV,Telephone Field,recover-20220922,001,1795
879.0015,879.0416,68437,82401,Rhinolophus ferrumequinum,0.021,0.021,-1,Echolocation,/mnt/ubna_data_02_mir/recover-20220922/UBNA_001/20220921_090000.WAV,Telephone Field,recover-20220922,001,1795
879.0215,879.0598,68437,81339,Rhinolophus ferrumequinum,0.021,0.021,-1,Echolocation,/mnt/ubna_data_02_mir/recover-20220922/UBNA_001/20220921_090000.WAV,Telephone Field,recover-20220922,001,1795
879.0295,879.0663,68437,81872,Rhinolophus ferrumequinum,0.023,0.023,-1,Echolocation,/mnt/ubna_data_02_mir/recover-20220922/UBNA_001/20220921_090000.WAV,Telephone Field,recover-20220922,001,1795
879.0365,879.0758,68437,82244,Rhinolophus ferrumequinum,0.024,0.024,-1,Echolocation,/mnt/ubna_data_02_mir/recover-20220922/UBNA_001/20220921_090000.WAV,Telephone Field,recover-20220922,001,1795
879.0605,879.0712,22031,26053,Nyctalus leisleri,0.014,0.024,-1,Echolocation,/mnt/ubna_data_02_mir/recover-20220922/UBNA_001/20220921_090000.WAV,Telephone Field,recover-20220922,001,1795
879.1055,879.1437,68437,82116,Rhinolophus ferrumequinum,0.023,0.023,-1,Echolocation,/mnt/ubna_data_02_mir/recover-20220922/UBNA_001/20220921_090000.WAV,Telephone Field,recover-20220922,001,1795
879.1465,879.154,45234,50172,Pipistrellus pipistrellus,0.019,0.02,-1,Echolocation,/mnt/ubna_data_02_mir/recover-20220922/UBNA_001/20220921_090000.WAV,Telephone Field,recover-20220922,001,1795
879.1575,879.1994,68437,82560,Rhinolophus ferrumequinum,0.031,0.031,-1,Echolocation,/mnt/ubna_data_02_mir/recover-20220922/UBNA_001/20220921_090000.WAV,Telephone Field,recover-20220922,001,1795
879.1645,879.175,28906,35769,Eptesicus serotinus,0.011,0.026,-1,Echolocation,/mnt/ubna_data_02_mir/recover-20220922/UBNA_001/20220921_090000.WAV,Telephone Field,recover-20220922,001,1795
879.1835,879.223,68437,82145,Rhinolophus ferrumequinum,0.022,0.022,-1,Echolocation,/mnt/ubna_data_02_mir/recover-20220922/UBNA_001/20220921_090000.WAV,Telephone Field,recover-20220922,001,1795
879.1865,879.1967,23750,30586,Nyctalus leisleri,0.01,0.028,-1,Echolocation,/mnt/ubna_data_02_mir/recover-20220922/UBNA_001/20220921_090000.WAV,Telephone Field,recover-20220922,001,1795
879.1905,879.2302,68437,82212,Rhinolophus ferrumequinum,0.021,0.021,-1,Echolocation,/mnt/ubna_data_02_mir/recover-20220922/UBNA_001/20220921_090000.WAV,Telephone Field,recover-20220922,001,1795
879.2145,879.2518,68437,81672,Rhinolophus ferrumequinum,0.022,0.022,-1,Echolocation,/mnt/ubna_data_02_mir/recover-20220922/UBNA_001/20220921_090000.WAV,Telephone Field,recover-20220922,001,1795
879.2275,879.2644,68437,81601,Rhinolophus ferrumequinum,0.022,0.023,-1,Echolocation,/mnt/ubna_data_02_mir/recover-20220922/UBNA_001/20220921_090000.WAV,Telephone Field,recover-20220922,001,1795
879.2525,879.2599,30625,39430,Eptesicus serotinus,0.015,0.035,-1,Echolocation,/mnt/ubna_data_02_mir/recover-20220922/UBNA_001/20220921_090000.WAV,Telephone Field,recover-20220922,001,1795
879.2875,879.3039,23750,28130,Nyctalus leisleri,0.017,0.035,-1,Echolocation,/mnt/ubna_data_02_mir/recover-20220922/UBNA_001/20220921_090000.WAV,Telephone Field,recover-20220922,001,1795
879.3125,879.3537,68437,82383,Rhinolophus ferrumequinum,0.025,0.025,-1,Echolocation,/mnt/ubna_data_02_mir/recover-20220922/UBNA_001/20220921_090000.WAV,Telephone Field,recover-20220922,001,1795
879.3565,879.391,68437,81065,Rhinolophus ferrumequinum,0.021,0.021,-1,Echolocation,/mnt/ubna_data_02_mir/recover-20220922/UBNA_001/20220921_090000.WAV,Telephone Field,recover-20220922,001,1795
879.3845,879.4214,68437,81769,Rhinolophus ferrumequinum,0.021,0.021,-1,Echolocation,/mnt/ubna_data_02_mir/recover-20220922/UBNA_001/20220921_090000.WAV,Telephone Field,recover-20220922,001,1795
879.3945,879.4045,28906,36708,Eptesicus serotinus,0.013,0.026,-1,Echolocation,/mnt/ubna_data_02_mir/recover-20220922/UBNA_001/20220921_090000.WAV,Telephone Field,recover-20220922,001,1795
879.4025,879.4451,68437,82544,Rhinolophus ferrumequinum,0.03,0.03,-1,Echolocation,/mnt/ubna_data_02_mir/recover-20220922/UBNA_001/20220921_090000.WAV,Telephone Field,recover-20220922,001,1795
879.4165,879.4272,28906,36243,Eptesicus serotinus,0.016,0.029,-1,Echolocation,/mnt/ubna_data_02_mir/recover-20220922/UBNA_001/20220921_090000.WAV,Telephone Field,recover-20220922,001,1795
879.4375,879.4788,68437,83017,Rhinolophus ferrumequinum,0.027,0.027,-1,Echolocation,/mnt/ubna_data_02_mir/recover-20220922/UBNA_001/20220921_090000.WAV,Telephone Field,recover-20220922,001,1795
879.4475,879.4869,68437,81907,Rhinolophus ferrumequinum,0.022,0.022,-1,Echolocation,/mnt/ubna_data_02_mir/recover-20220922/UBNA_001/20220921_090000.WAV,Telephone Field,recover-20220922,001,1795
879.4565,879.498,68437,82633,Rhinolophus ferrumequinum,0.021,0.021,-1,Echolocation,/mnt/ubna_data_02_mir/recover-20220922/UBNA_001/20220921_090000.WAV,Telephone Field,recover-20220922,001,1795
879.4785,879.5181,68437,82563,Rhinolophus ferrumequinum,0.029,0.029,-1,Echolocation,/mnt/ubna_data_02_mir/recover-20220922/UBNA_001/20220921_090000.WAV,Telephone Field,recover-20220922,001,1795
879.4795,879.4883,28046,37217,Eptesicus serotinus,0.007,0.021,-1,Echolocation,/mnt/ubna_data_02_mir/recover-20220922/UBNA_001/20220921_090000.WAV,Telephone Field,recover-20220922,001,1795
879.5005,879.5384,68437,81901,Rhinolophus ferrumequinum,0.022,0.022,-1,Echolocation,/mnt/ubna_data_02_mir/recover-20220922/UBNA_001/20220921_090000.WAV,Telephone Field,recover-20220922,001,1795
879.5095,879.5493,68437,82055,Rhinolophus ferrumequinum,0.022,0.022,-1,Echolocation,/mnt/ubna_data_02_mir/recover-20220922/UBNA_001/20220921_090000.WAV,Telephone Field,recover-20220922,001,1795
879.5265,879.5344,26328,36238,Eptesicus serotinus,0.008,0.021,-1,Echolocation,/mnt/ubna_data_02_mir/recover-20220922/UBNA_001/20220921_090000.WAV,Telephone Field,recover-20220922,001,1795
879.5625,879.6025,68437,81879,Rhinolophus ferrumequinum,0.02,0.02,-1,Echolocation,/mnt/ubna_data_02_mir/recover-20220922/UBNA_001/20220921_090000.WAV,Telephone Field,recover-20220922,001,1795
879.5665,879.5754,28906,37465,Eptesicus serotinus,0.008,0.021,-1,Echolocation,/mnt/ubna_data_02_mir/recover-20220922/UBNA_001/20220921_090000.WAV,Telephone Field,recover-20220922,001,1795
879.5765,879.587,22890,28681,Nyctalus leisleri,0.008,0.02,-1,Echolocation,/mnt/ubna_data_02_mir/recover-20220922/UBNA_001/20220921_090000.WAV,Telephone Field,recover-20220922,001,1795
879.5795,879.6179,68437,82148,Rhinolophus ferrumequinum,0.022,0.022,-1,Echolocation,/mnt/ubna_data_02_mir/recover-20220922/UBNA_001/20220921_090000.WAV,Telephone Field,recover-20220922,001,1795
879.6045,879.6471,68437,82996,Rhinolophus ferrumequinum,0.04,0.04,-1,Echolocation,/mnt/ubna_data_02_mir/recover-20220922/UBNA_001/20220921_090000.WAV,Telephone Field,recover-20220922,001,1795
879.6795,879.7198,68437,82299,Rhinolophus ferrumequinum,0.02,0.02,-1,Echolocation,/mnt/ubna_data_02_mir/recover-20220922/UBNA_001/20220921_090000.WAV,Telephone Field,recover-20220922,001,1795
879.6875,879.6956,30625,38061,Eptesicus serotinus,0.014,0.031,-1,Echolocation,/mnt/ubna_data_02_mir/recover-20220922/UBNA_001/20220921_090000.WAV,Telephone Field,recover-20220922,001,1795
879.6875,879.7257,68437,82142,Rhinolophus ferrumequinum,0.02,0.02,-1,Echolocation,/mnt/ubna_data_02_mir/recover-20220922/UBNA_001/20220921_090000.WAV,Telephone Field,recover-20220922,001,1795
879.7145,879.7615,68437,84095,Rhinolophus ferrumequinum,0.08,0.08,-1,Echolocation,/mnt/ubna_data_02_mir/recover-20220922/UBNA_001/20220921_090000.WAV,Telephone Field,recover-20220922,001,1795
879.7525,879.7951,68437,82878,Rhinolophus ferrumequinum,0.029,0.029,-1,Echolocation,/mnt/ubna_data_02_mir/recover-20220922/UBNA_001/20220921_090000.WAV,Telephone Field,recover-20220922,001,1795
879.7825,879.7935,23750,28445,Nyctalus leisleri,0.01,0.02,-1,Echolocation,/mnt/ubna_data_02_mir/recover-20220922/UBNA_001/20220921_090000.WAV,Telephone Field,recover-20220922,001,1795
879.8145,879.8526,68437,82075,Rhinolophus ferrumequinum,0.021,0.021,-1,Echolocation,/mnt/ubna_data_02_mir/recover-20220922/UBNA_001/20220921_090000.WAV,Telephone Field,recover-20220922,001,1795
879.8285,879.8393,23750,29698,Nyctalus leisleri,0.01,0.025,-1,Echolocation,/mnt/ubna_data_02_mir/recover-20220922/UBNA_001/20220921_090000.WAV,Telephone Field,recover-20220922,001,1795
879.8615,879.9,68437,81481,Rhinolophus ferrumequinum,0.022,0.022,-1,Echolocation,/mnt/ubna_data_02_mir/recover-20220922/UBNA_001/20220921_090000.WAV,Telephone Field,recover-20220922,001,1795
879.8635,879.8729,46953,52498,Pipistrellus pipistrellus,0.018,0.021,-1,Echolocation,/mnt/ubna_data_02_mir/recover-20220922/UBNA_001/20220921_090000.WAV,Telephone Field,recover-20220922,001,1795
879.8885,879.9295,68437,82727,Rhinolophus ferrumequinum,0.025,0.025,-1,Echolocation,/mnt/ubna_data_02_mir/recover-20220922/UBNA_001/20220921_090000.WAV,Telephone Field,recover-20220922,001,1795
879.9125,879.9532,68437,82611,Rhinolophus ferrumequinum,0.023,0.023,-1,Echolocation,/mnt/ubna_data_02_mir/recover-20220922/UBNA_001/20220921_090000.WAV,Telephone Field,recover-20220922,001,1795
879.9315,879.9674,68437,81914,Rhinolophus ferrumequinum,0.022,0.022,-1,Echolocation,/mnt/ubna_data_02_mir/recover-20220922/UBNA_001/20220921_090000.WAV,Telephone Field,recover-20220922,001,1795
879.9405,879.9799,68437,82768,Rhinolophus ferrumequinum,0.03,0.03,-1,Echolocation,/mnt/ubna_data_02_mir/recover-20220922/UBNA_001/20220921_090000.WAV,Telephone Field,recover-20220922,001,1795
879.9575,879.9968,68437,81928,Rhinolophus ferrumequinum,0.021,0.021,-1,Echolocation,/mnt/ubna_data_02_mir/recover-20220922/UBNA_001/20220921_090000.WAV,Telephone Field,recover-20220922,001,1795
880.0015,880.0099,22890,31442,Nyctalus leisleri,0.007,0.026,-1,Echolocation,/mnt/ubna_data_02_mir/recover-20220922/UBNA_001/20220921_090000.WAV,Telephone Field,recover-20220922,001,1795
880.0015,880.0343,68437,80509,Rhinolophus ferrumequinum,0.034,0.034,-1,Echolocation,/mnt/ubna_data_02_mir/recover-20220922/UBNA_001/20220921_090000.WAV,Telephone Field,recover-20220922,001,1795
880.0105,880.0527,68437,82415,Rhinolophus ferrumequinum,0.022,0.022,-1,Echolocation,/mnt/ubna_data_02_mir/recover-20220922/UBNA_001/20220921_090000.WAV,Telephone Field,recover-20220922,001,1795
880.0635,880.0982,68437,80978,Rhinolophus ferrumequinum,0.021,0.021,-1,Echolocation,/mnt/ubna_data_02_mir/recover-20220922/UBNA_001/20220921_090000.WAV,Telephone Field,recover-20220922,001,1795
880.0805,880.0874,27187,38411,Eptesicus serotinus,0.006,0.022,-1,Echolocation,/mnt/ubna_data_02_mir/recover-20220922/UBNA_001/20220921_090000.WAV,Telephone Field,recover-20220922,001,1795
880.0915,880.13,68437,82392,Rhinolophus ferrumequinum,0.025,0.026,-1,Echolocation,/mnt/ubna_data_02_mir/recover-20220922/UBNA_001/20220921_090000.WAV,Telephone Field,recover-20220922,001,1795
880.1075,880.1485,68437,82958,Rhinolophus ferrumequinum,0.022,0.022,-1,Echolocation,/mnt/ubna_data_02_mir/recover-20220922/UBNA_001/20220921_090000.WAV,Telephone Field,recover-20220922,001,1795
880.1235,880.1332,28046,37016,Eptesicus serotinus,0.012,0.031,-1,Echolocation,/mnt/ubna_data_02_mir/recover-20220922/UBNA_001/20220921_090000.WAV,Telephone Field,recover-20220922,001,1795
880.1615,880.202,68437,82453,Rhinolophus ferrumequinum,0.023,0.023,-1,Echolocation,/mnt/ubna_data_02_mir/recover-20220922/UBNA_001/20220921_090000.WAV,Telephone Field,recover-20220922,001,1795
880.1695,880.2098,68437,82563,Rhinolophus ferrumequinum,0.028,0.028,-1,Echolocation,/mnt/ubna_data_02_mir/recover-20220922/UBNA_001/20220921_090000.WAV,Telephone Field,recover-20220922,001,1795
880.1735,880.1855,23750,28592,Nyctalus leisleri,0.013,0.024,-1,Echolocation,/mnt/ubna_data_02_mir/recover-20220922/UBNA_001/20220921_090000.WAV,Telephone Field,recover-20220922,001,1795
880.1905,880.1996,24609,32556,Eptesicus serotinus,0.008,0.024,-1,Echolocation,/mnt/ubna_data_02_mir/recover-20220922/UBNA_001/20220921_090000.WAV,Telephone Field,recover-20220922,001,1795
880.2075,880.2465,68437,82392,Rhinolophus ferrumequinum,0.021,0.021,-1,Echolocation,/mnt/ubna_data_02_mir/recover-20220922/UBNA_001/20220921_090000.WAV,Telephone Field,recover-20220922,001,1795
880.2225,880.2608,68437,82075,Rhinolophus ferrumequinum,0.023,0.023,-1,Echolocation,/mnt/ubna_data_02_mir/recover-20220922/UBNA_001/20220921_090000.WAV,Telephone Field,recover-20220922,001,1795
880.2395,880.2779,68437,82556,Rhinolophus ferrumequinum,0.023,0.023,-1,Echolocation,/mnt/ubna_data_02_mir/recover-20220922/UBNA_001/20220921_090000.WAV,Telephone Field,recover-20220922,001,1795
880.2495,880.259,24609,31264,Nyctalus leisleri,0.007,0.021,-1,Echolocation,/mnt/ubna_data_02_mir/recover-20220922/UBNA_001/20220921_090000.WAV,Telephone Field,recover-20220922,001,1795
880.2825,880.3147,68437,80364,Rhinolophus ferrumequinum,0.024,0.024,-1,Echolocation,/mnt/ubna_data_02_mir/recover-20220922/UBNA_001/20220921_090000.WAV,Telephone Field,recover-20220922,001,1795
880.3015,880.3393,68437,82200,Rhinolophus ferrumequinum,0.023,0.023,-1,Echolocation,/mnt/ubna_data_02_mir/recover-20220922/UBNA_001/20220921_090000.WAV,Telephone Field,recover-20220922,001,1795
880.3415,880.3789,68437,81520,Rhinolophus ferrumequinum,0.021,0.021,-1,Echolocation,/mnt/ubna_data_02_mir/recover-20220922/UBNA_001/20220921_090000.WAV,Telephone Field,recover-20220922,001,1795
880.3705,880.3806,24609,31050,Eptesicus serotinus,0.017,0.048,-1,Echolocation,/mnt/ubna_data_02_mir/recover-20220922/UBNA_001/20220921_090000.WAV,Telephone Field,recover-20220922,001,1795
880.3895,880.4055,22031,25902,Nyctalus leisleri,0.02,0.036,-1,Echolocation,/mnt/ubna_data_02_mir/recover-20220922/UBNA_001/20220921_090000.WAV,Telephone Field,recover-20220922,001,1795
880.4035,880.439,68437,81198,Rhinolophus ferrumequinum,0.021,0.021,-1,Echolocation,/mnt/ubna_data_02_mir/recover-20220922/UBNA_001/20220921_090000.WAV,Telephone Field,recover-20220922,001,1795
880.4305,880.4702,68437,82610,Rhinolophus ferrumequinum,0.024,0.024,-1,Echolocation,/mnt/ubna_data_02_mir/recover-20220922/UBNA_001/20220921_090000.WAV,Telephone Field,recover-20220922,001,1795
880.4625,880.4728,27187,36068,Eptesicus serotinus,0.012,0.026,-1,Echolocation,/mnt/ubna_data_02_mir/recover-20220922/UBNA_001/20220921_090000.WAV,Telephone Field,recover-20220922,001,1795
880.4755,880.5164,68437,82584,Rhinolophus ferrumequinum,0.025,0.025,-1,Echolocation,/mnt/ubna_data_02_mir/recover-20220922/UBNA_001/20220921_090000.WAV,Telephone Field,recover-20220922,001,1795
880.4965,880.5357,68437,82480,Rhinolophus ferrumequinum,0.023,0.023,-1,Echolocation,/mnt/ubna_data_02_mir/recover-20220922/UBNA_001/20220921_090000.WAV,Telephone Field,recover-20220922,001,1795
880.5765,880.6144,68437,82448,Rhinolophus ferrumequinum,0.021,0.021,-1,Echolocation,/mnt/ubna_data_02_mir/recover-20220922/UBNA_001/20220921_090000.WAV,Telephone Field,recover-20220922,001,1795
880.5925,880.6287,68437,81777,Rhinolophus ferrumequinum,0.02,0.021,-1,Echolocation,/mnt/ubna_data_02_mir/recover-20220922/UBNA_001/20220921_090000.WAV,Telephone Field,recover-20220922,001,1795
880.6115,880.6289,21171,24618,Nyctalus leisleri,0.017,0.032,-1,Echolocation,/mnt/ubna_data_02_mir/recover-20220922/UBNA_001/20220921_090000.WAV,Telephone Field,recover-20220922,001,1795
880.6215,880.6598,68437,82360,Rhinolophus ferrumequinum,0.022,0.022,-1,Echolocation,/mnt/ubna_data_02_mir/recover-20220922/UBNA_001/20220921_090000.WAV,Telephone Field,recover-20220922,001,1795
880.6375,880.6468,14296,23840,Nyctalus noctula,0.01,0.022,-1,Echolocation,/mnt/ubna_data_02_mir/recover-20220922/UBNA_001/20220921_090000.WAV,Telephone Field,recover-20220922,001,1795
880.6385,880.6445,24609,34588,Plecotus austriacus,0.014,0.036,-1,Echolocation,/mnt/ubna_data_02_mir/recover-20220922/UBNA_001/20220921_090000.WAV,Telephone Field,recover-20220922,001,1795
880.6405,880.6799,68437,82546,Rhinolophus ferrumequinum,0.023,0.023,-1,Echolocation,/mnt/ubna_data_02_mir/recover-20220922/UBNA_001/20220921_090000.WAV,Telephone Field,recover-20220922,001,1795
880.6455,880.6868,68437,82663,Rhinolophus ferrumequinum,0.022,0.022,-1,Echolocation,/mnt/ubna_data_02_mir/recover-20220922/UBNA_001/20220921_090000.WAV,Telephone Field,recover-20220922,001,1795
880.6505,880.691,68437,82373,Rhinolophus ferrumequinum,0.022,0.022,-1,Echolocation,/mnt/ubna_data_02_mir/recover-20220922/UBNA_001/20220921_090000.WAV,Telephone Field,recover-20220922,001,1795
880.6725,880.6919,19453,22207,Nyctalus leisleri,0.017,0.035,-1,Echolocation,/mnt/ubna_data_02_mir/recover-20220922/UBNA_001/20220921_090000.WAV,Telephone Field,recover-20220922,001,1795
880.6835,880.7183,68437,81012,Rhinolophus ferrumequinum,0.025,0.025,-1,Echolocation,/mnt/ubna_data_02_mir/recover-20220922/UBNA_001/20220921_090000.WAV,Telephone Field,recover-20220922,001,1795
880.7115,880.749,68437,81925,Rhinolophus ferrumequinum,0.021,0.021,-1,Echolocation,/mnt/ubna_data_02_mir/recover-20220922/UBNA_001/20220921_090000.WAV,Telephone Field,recover-20220922,001,1795
880.7235,880.7307,25468,34191,Eptesicus serotinus,0.006,0.022,-1,Echolocation,/mnt/ubna_data_02_mir/recover-20220922/UBNA_001/20220921_090000.WAV,Telephone Field,recover-20220922,001,1795
880.7485,880.7562,28046,39965,Eptesicus serotinus,0.007,0.023,-1,Echolocation,/mnt/ubna_data_02_mir/recover-20220922/UBNA_001/20220921_090000.WAV,Telephone Field,recover-20220922,001,1795
880.7595,880.7707,23750,28378,Nyctalus leisleri,0.016,0.03,-1,Echolocation,/mnt/ubna_data_02_mir/recover-20220922/UBNA_001/20220921_090000.WAV,Telephone Field,recover-20220922,001,1795
880.7615,880.8006,68437,83085,Rhinolophus ferrumequinum,0.028,0.028,-1,Echolocation,/mnt/ubna_data_02_mir/recover-20220922/UBNA_001/20220921_090000.WAV,Telephone Field,recover-20220922,001,1795
880.7835,880.822,68437,82399,Rhinolophus ferrumequinum,0.023,0.023,-1,Echolocation,/mnt/ubna_data_02_mir/recover-20220922/UBNA_001/20220921_090000.WAV,Telephone Field,recover-20220922,001,1795
880.7915,880.8001,29765,37737,Eptesicus serotinus,0.008,0.025,-1,Echolocation,/mnt/ubna_data_02_mir/recover-20220922/UBNA_001/20220921_090000.WAV,Telephone Field,recover-20220922,001,1795
880.8435,880.8819,68437,82532,Rhinolophus ferrumequinum,0.021,0.022,-1,Echolocation,/mnt/ubna_data_02_mir/recover-20220922/UBNA_001/20220921_090000.WAV,Telephone Field,recover-20220922,001,1795
880.8815,880.8918,28046,35213,Eptesicus serotinus,0.008,0.021,-1,Echolocation,/mnt/ubna_data_02_mir/recover-20220922/UBNA_001/20220921_090000.WAV,Telephone Field,recover-20220922,001,1795
880.8925,880.9303,68437,81630,Rhinolophus ferrumequinum,0.022,0.022,-1,Echolocation,/mnt/ubna_data_02_mir/recover-20220922/UBNA_001/20220921_090000.WAV,Telephone Field,recover-20220922,001,1795
880.9065,880.9232,16015,21633,Nyctalus noctula,0.02,0.027,-1,Echolocation,/mnt/ubna_data_02_mir/recover-20220922/UBNA_001/20220921_090000.WAV,Telephone Field,recover-20220922,001,1795
880.9115,880.9498,68437,81661,Rhinolophus ferrumequinum,0.021,0.021,-1,Echolocation,/mnt/ubna_data_02_mir/recover-20220922/UBNA_001/20220921_090000.WAV,Telephone Field,recover-20220922,001,1795
880.9245,880.9312,27187,39594,Eptesicus serotinus,0.006,0.027,-1,Echolocation,/mnt/ubna_data_02_mir/recover-20220922/UBNA_001/20220921_090000.WAV,Telephone Field,recover-20220922,001,1795
880.9345,880.9427,45234,49558,Pipistrellus pipistrellus,0.03,0.033,-1,Echolocation,/mnt/ubna_data_02_mir/recover-20220922/UBNA_001/20220921_090000.WAV,Telephone Field,recover-20220922,001,1795
880.9745,881.0135,68437,82284,Rhinolophus ferrumequinum,0.022,0.022,-1,Echolocation,/mnt/ubna_data_02_mir/recover-20220922/UBNA_001/20220921_090000.WAV,Telephone Field,recover-20220922,001,1795
880.9805,880.9884,28046,38619,Eptesicus serotinus,0.007,0.021,-1,Echolocation,/mnt/ubna_data_02_mir/recover-20220922/UBNA_001/20220921_090000.WAV,Telephone Field,recover-20220922,001,1795
881.0585,881.0968,68437,81804,Rhinolophus ferrumequinum,0.021,0.021,-1,Echolocation,/mnt/ubna_data_02_mir/recover-20220922/UBNA_001/20220921_090000.WAV,Telephone Field,recover-20220922,001,1795
881.0725,881.1084,68437,81842,Rhinolophus ferrumequinum,0.021,0.021,-1,Echolocation,/mnt/ubna_data_02_mir/recover-20220922/UBNA_001/20220921_090000.WAV,Telephone Field,recover-20220922,001,1795
881.1045,881.1171,36640,41891,Pipistrellus nathusii,0.02,0.039,-1,Echolocation,/mnt/ubna_data_02_mir/recover-20220922/UBNA_001/20220921_090000.WAV,Telephone Field,recover-20220922,001,1795
881.1055,881.1418,68437,81156,Rhinolophus ferrumequinum,0.021,0.021,-1,Echolocation,/mnt/ubna_data_02_mir/recover-20220922/UBNA_001/20220921_090000.WAV,Telephone Field,recover-20220922,001,1795
881.1245,881.1637,68437,82137,Rhinolophus ferrumequinum,0.022,0.022,-1,Echolocation,/mnt/ubna_data_02_mir/recover-20220922/UBNA_001/20220921_090000.WAV,Telephone Field,recover-20220922,001,1795
881.1335,881.168,68437,81280,Rhinolophus ferrumequinum,0.021,0.021,-1,Echolocation,/mnt/ubna_data_02_mir/recover-20220922/UBNA_001/20220921_090000.WAV,Telephone Field,recover-20220922,001,1795
881.1495,881.1853,68437,81779,Rhinolophus ferrumequinum,0.023,0.023,-1,Echolocation,/mnt/ubna_data_02_mir/recover-20220922/UBNA_001/20220921_090000.WAV,Telephone Field,recover-20220922,001,1795
881.1795,881.2227,68437,83038,Rhinolophus ferrumequinum,0.042,0.042,-1,Echolocation,/mnt/ubna_data_02_mir/recover-20220922/UBNA_001/20220921_090000.WAV,Telephone Field,recover-20220922,001,1795
881.2005,881.2403,68437,82213,Rhinolophus ferrumequinum,0.024,0.024,-1,Echolocation,/mnt/ubna_data_02_mir/recover-20220922/UBNA_001/20220921_090000.WAV,Telephone Field,recover-20220922,001,1795
881.2255,881.2346,27187,39234,Eptesicus serotinus,0.009,0.022,-1,Echolocation,/mnt/ubna_data_02_mir/recover-20220922/UBNA_001/20220921_090000.WAV,Telephone Field,recover-20220922,001,1795
881.2275,881.2655,68437,81577,Rhinolophus ferrumequinum,0.024,0.024,-1,Echolocation,/mnt/ubna_data_02_mir/recover-20220922/UBNA_001/20220921_090000.WAV,Telephone Field,recover-20220922,001,1795
881.2925,881.3309,68437,81774,Rhinolophus ferrumequinum,0.022,0.022,-1,Echolocation,/mnt/ubna_data_02_mir/recover-20220922/UBNA_001/20220921_090000.WAV,Telephone Field,recover-20220922,001,1795
881.2995,881.3355,68437,82329,Rhinolophus ferrumequinum,0.023,0.023,-1,Echolocation,/mnt/ubna_data_02_mir/recover-20220922/UBNA_001/20220921_090000.WAV,Telephone Field,recover-20220922,001,1795
881.3075,881.3158,25468,33005,Eptesicus serotinus,0.007,0.021,-1,Echolocation,/mnt/ubna_data_02_mir/recover-20220922/UBNA_001/20220921_090000.WAV,Telephone Field,recover-20220922,001,1795
881.3265,881.364,68437,82011,Rhinolophus ferrumequinum,0.021,0.022,-1,Echolocation,/mnt/ubna_data_02_mir/recover-20220922/UBNA_001/20220921_090000.WAV,Telephone Field,recover-20220922,001,1795
881.3445,881.3592,22890,27922,Nyctalus leisleri,0.022,0.04,-1,Echolocation,/mnt/ubna_data_02_mir/recover-20220922/UBNA_001/20220921_090000.WAV,Telephone Field,recover-20220922,001,1795
881.3695,881.3765,25468,40096,Myotis nattereri,0.005,0.022,-1,Echolocation,/mnt/ubna_data_02_mir/recover-20220922/UBNA_001/20220921_090000.WAV,Telephone Field,recover-20220922,001,1795
881.3835,881.4209,68437,82089,Rhinolophus ferrumequinum,0.022,0.022,-1,Echolocation,/mnt/ubna_data_02_mir/recover-20220922/UBNA_001/20220921_090000.WAV,Telephone Field,recover-20220922,001,1795
881.4145,881.4525,68437,81777,Rhinolophus ferrumequinum,0.021,0.021,-1,Echolocation,/mnt/ubna_data_02_mir/recover-20220922/UBNA_001/20220921_090000.WAV,Telephone Field,recover-20220922,001,1795
881.4335,881.4407,25468,39522,Eptesicus serotinus,0.005,0.021,-1,Echolocation,/mnt/ubna_data_02_mir/recover-20220922/UBNA_001/20220921_090000.WAV,Telephone Field,recover-20220922,001,1795
881.4455,881.488,68437,82937,Rhinolophus ferrumequinum,0.03,0.03,-1,Echolocation,/mnt/ubna_data_02_mir/recover-20220922/UBNA_001/20220921_090000.WAV,Telephone Field,recover-20220922,001,1795
881.4685,881.5081,68437,82427,Rhinolophus ferrumequinum,0.025,0.025,-1,Echolocation,/mnt/ubna_data_02_mir/recover-20220922/UBNA_001/20220921_090000.WAV,Telephone Field,recover-20220922,001,1795
881.4725,881.4809,28046,36905,Eptesicus serotinus,0.006,0.021,-1,Echolocation,/mnt/ubna_data_02_mir/recover-20220922/UBNA_001/20220921_090000.WAV,Telephone Field,recover-20220922,001,1795
881.4955,881.5313,68437,81292,Rhinolophus ferrumequinum,0.025,0.025,-1,Echolocation,/mnt/ubna_data_02_mir/recover-20220922/UBNA_001/20220921_090000.WAV,Telephone Field,recover-20220922,001,1795
881.5145,881.5528,68437,82345,Rhinolophus ferrumequinum,0.021,0.021,-1,Echolocation,/mnt/ubna_data_02_mir/recover-20220922/UBNA_001/20220921_090000.WAV,Telephone Field,recover-20220922,001,1795
881.5515,881.5913,68437,83097,Rhinolophus ferrumequinum,0.032,0.032,-1,Echolocation,/mnt/ubna_data_02_mir/recover-20220922/UBNA_001/20220921_090000.WAV,Telephone Field,recover-20220922,001,1795
881.5755,881.584,27187,35717,Eptesicus serotinus,0.026,0.053,-1,Echolocation,/mnt/ubna_data_02_mir/recover-20220922/UBNA_001/20220921_090000.WAV,Telephone Field,recover-20220922,001,1795
881.5795,881.613,68437,80987,Rhinolophus ferrumequinum,0.021,0.021,-1,Echolocation,/mnt/ubna_data_02_mir/recover-20220922/UBNA_001/20220921_090000.WAV,Telephone Field,recover-20220922,001,1795
881.6085,881.6468,68437,82134,Rhinolophus ferrumequinum,0.022,0.022,-1,Echolocation,/mnt/ubna_data_02_mir/recover-20220922/UBNA_001/20220921_090000.WAV,Telephone Field,recover-20220922,001,1795
881.6315,881.6399,28046,38123,Eptesicus serotinus,0.007,0.021,-1,Echolocation,/mnt/ubna_data_02_mir/recover-20220922/UBNA_001/20220921_090000.WAV,Telephone Field,recover-20220922,001,1795
881.6615,881.6699,26328,34565,Eptesicus serotinus,0.01,0.025,-1,Echolocation,/mnt/ubna_data_02_mir/recover-20220922/UBNA_001/20220921_090000.WAV,Telephone Field,recover-20220922,001,1795
881.6785,881.7124,68437,80760,Rhinolophus ferrumequinum,0.022,0.023,-1,Echolocation,/mnt/ubna_data_02_mir/recover-20220922/UBNA_001/20220921_090000.WAV,Telephone Field,recover-20220922,001,1795
881.6805,881.6892,28046,36992,Eptesicus serotinus,0.008,0.021,-1,Echolocation,/mnt/ubna_data_02_mir/recover-20220922/UBNA_001/20220921_090000.WAV,Telephone Field,recover-20220922,001,1795
881.7155,881.7515,68437,81101,Rhinolophus ferrumequinum,0.022,0.022,-1,Echolocation,/mnt/ubna_data_02_mir/recover-20220922/UBNA_001/20220921_090000.WAV,Telephone Field,recover-20220922,001,1795
881.7295,881.7425,50390,54281,Pipistrellus pipistrellus,0.018,0.03,-1,Echolocation,/mnt/ubna_data_02_mir/recover-20220922/UBNA_001/20220921_090000.WAV,Telephone Field,recover-20220922,001,1795
881.7355,881.7438,28046,37501,Eptesicus serotinus,0.007,0.022,-1,Echolocation,/mnt/ubna_data_02_mir/recover-20220922/UBNA_001/20220921_090000.WAV,Telephone Field,recover-20220922,001,1795
881.7575,881.7947,68437,82210,Rhinolophus ferrumequinum,0.021,0.022,-1,Echolocation,/mnt/ubna_data_02_mir/recover-20220922/UBNA_001/20220921_090000.WAV,Telephone Field,recover-20220922,001,1795
881.8045,881.8471,68437,83473,Rhinolophus ferrumequinum,0.034,0.034,-1,Echolocation,/mnt/ubna_data_02_mir/recover-20220922/UBNA_001/20220921_090000.WAV,Telephone Field,recover-20220922,001,1795
881.8165,881.8252,26328,36341,Eptesicus serotinus,0.007,0.022,-1,Echolocation,/mnt/ubna_data_02_mir/recover-20220922/UBNA_001/20220921_090000.WAV,Telephone Field,recover-20220922,001,1795
881.8235,881.8327,25468,33717,Eptesicus serotinus,0.008,0.022,-1,Echolocation,/mnt/ubna_data_02_mir/recover-20220922/UBNA_001/20220921_090000.WAV,Telephone Field,recover-20220922,001,1795
881.8345,881.8712,68437,81761,Rhinolophus ferrumequinum,0.021,0.021,-1,Echolocation,/mnt/ubna_data_02_mir/recover-20220922/UBNA_001/20220921_090000.WAV,Telephone Field,recover-20220922,001,1795
881.8635,881.9035,68437,81850,Rhinolophus ferrumequinum,0.025,0.025,-1,Echolocation,/mnt/ubna_data_02_mir/recover-20220922/UBNA_001/20220921_090000.WAV,Telephone Field,recover-20220922,001,1795
881.8895,881.9298,68437,82834,Rhinolophus ferrumequinum,0.025,0.025,-1,Echolocation,/mnt/ubna_data_02_mir/recover-20220922/UBNA_001/20220921_090000.WAV,Telephone Field,recover-20220922,001,1795
881.9205,881.9599,68437,81628,Rhinolophus ferrumequinum,0.023,0.023,-1,Echolocation,/mnt/ubna_data_02_mir/recover-20220922/UBNA_001/20220921_090000.WAV,Telephone Field,recover-20220922,001,1795
881.9465,881.9863,68437,82443,Rhinolophus ferrumequinum,0.022,0.022,-1,Echolocation,/mnt/ubna_data_02_mir/recover-20220922/UBNA_001/20220921_090000.WAV,Telephone Field,recover-20220922,001,1795
881.9875,881.9965,27187,37649,Eptesicus serotinus,0.008,0.022,-1,Echolocation,/mnt/ubna_data_02_mir/recover-20220922/UBNA_001/20220921_090000.WAV,Telephone Field,recover-20220922,001,1795
882.0015,882.0106,30625,37017,Eptesicus serotinus,0.008,0.023,-1,Echolocation,/mnt/ubna_data_02_mir/recover-20220922/UBNA_001/20220921_090000.WAV,Telephone Field,recover-20220922,001,1795
882.0015,882.0104,46953,53847,Pipistrellus pipistrellus,0.017,0.022,-1,Echolocation,/mnt/ubna_data_02_mir/recover-20220922/UBNA_001/20220921_090000.WAV,Telephone Field,recover-20220922,001,1795
882.0015,882.0161,18593,23664,Nyctalus noctula,0.013,0.03,-1,Echolocation,/mnt/ubna_data_02_mir/recover-20220922/UBNA_001/20220921_090000.WAV,Telephone Field,recover-20220922,001,1795
882.0015,882.0371,68437,80002,Rhinolophus ferrumequinum,0.052,0.052,-1,Echolocation,/mnt/ubna_data_02_mir/recover-20220922/UBNA_001/20220921_090000.WAV,Telephone Field,recover-20220922,001,1795
882.0135,882.0567,68437,83019,Rhinolophus ferrumequinum,0.025,0.025,-1,Echolocation,/mnt/ubna_data_02_mir/recover-20220922/UBNA_001/20220921_090000.WAV,Telephone Field,recover-20220922,001,1795
882.0225,882.0627,68437,82912,Rhinolophus ferrumequinum,0.029,0.029,-1,Echolocation,/mnt/ubna_data_02_mir/recover-20220922/UBNA_001/20220921_090000.WAV,Telephone Field,recover-20220922,001,1795
882.0465,882.0894,68437,82879,Rhinolophus ferrumequinum,0.031,0.031,-1,Echolocation,/mnt/ubna_data_02_mir/recover-20220922/UBNA_001/20220921_090000.WAV,Telephone Field,recover-20220922,001,1795
882.0475,882.0538,28046,42860,Myotis nattereri,0.006,0.027,-1,Echolocation,/mnt/ubna_data_02_mir/recover-20220922/UBNA_001/20220921_090000.WAV,Telephone Field,recover-20220922,001,1795
882.1115,882.1517,68437,82562,Rhinolophus ferrumequinum,0.024,0.024,-1,Echolocation,/mnt/ubna_data_02_mir/recover-20220922/UBNA_001/20220921_090000.WAV,Telephone Field,recover-20220922,001,1795
882.1275,882.1376,44375,50526,Pipistrellus pipistrellus,0.02,0.026,-1,Echolocation,/mnt/ubna_data_02_mir/recover-20220922/UBNA_001/20220921_090000.WAV,Telephone Field,recover-20220922,001,1795
882.1475,882.1852,68437,81859,Rhinolophus ferrumequinum,0.023,0.023,-1,Echolocation,/mnt/ubna_data_02_mir/recover-20220922/UBNA_001/20220921_090000.WAV,Telephone Field,recover-20220922,001,1795
882.1545,882.1623,28046,40327,Eptesicus serotinus,0.007,0.022,-1,Echolocation,/mnt/ubna_data_02_mir/recover-20220922/UBNA_001/20220921_090000.WAV,Telephone Field,recover-20220922,001,1795
882.1715,882.1811,26328,34072,Eptesicus serotinus,0.017,0.037,-1,Echolocation,/mnt/ubna_data_02_mir/recover-20220922/UBNA_001/20220921_090000.WAV,Telephone Field,recover-20220922,001,1795
882.1835,882.2271,68437,83230,Rhinolophus ferrumequinum,0.033,0.033,-1,Echolocation,/mnt/ubna_data_02_mir/recover-20220922/UBNA_001/20220921_090000.WAV,Telephone Field,recover-20220922,001,1795
882.2155,882.2229,23750,33427,Plecotus austriacus,0.009,0.024,-1,Echolocation,/mnt/ubna_data_02_mir/recover-20220922/UBNA_001/20220921_090000.WAV,Telephone Field,recover-20220922,001,1795
882.2665,882.3073,68437,82975,Rhinolophus ferrumequinum,0.027,0.027,-1,Echolocation,/mnt/ubna_data_02_mir/recover-20220922/UBNA_001/20220921_090000.WAV,Telephone Field,recover-20220922,001,1795
882.2665,882.2772,26328,33839,Eptesicus serotinus,0.011,0.024,-1,Echolocation,/mnt/ubna_data_02_mir/recover-20220922/UBNA_001/20220921_090000.WAV,Telephone Field,recover-20220922,001,1795
882.2925,882.3329,68437,82974,Rhinolophus ferrumequinum,0.033,0.033,-1,Echolocation,/mnt/ubna_data_02_mir/recover-20220922/UBNA_001/20220921_090000.WAV,Telephone Field,recover-20220922,001,1795
882.2965,882.3056,45234,49477,Pipistrellus pipistrellus,0.029,0.031,-1,Echolocation,/mnt/ubna_data_02_mir/recover-20220922/UBNA_001/20220921_090000.WAV,Telephone Field,recover-20220922,001,1795
882.3335,882.3727,68437,81867,Rhinolophus ferrumequinum,0.025,0.025,-1,Echolocation,/mnt/ubna_data_02_mir/recover-20220922/UBNA_001/20220921_090000.WAV,Telephone Field,recover-20220922,001,1795
882.3735,882.3828,28906,38092,Eptesicus serotinus,0.009,0.024,-1,Echolocation,/mnt/ubna_data_02_mir/recover-20220922/UBNA_001/20220921_090000.WAV,Telephone Field,recover-20220922,001,1795
882.4105,882.4475,68437,81877,Rhinolophus ferrumequinum,0.022,0.022,-1,Echolocation,/mnt/ubna_data_02_mir/recover-20220922/UBNA_001/20220921_090000.WAV,Telephone Field,recover-20220922,001,1795
882.4305,882.4704,68437,82074,Rhinolophus ferrumequinum,0.023,0.023,-1,Echolocation,/mnt/ubna_data_02_mir/recover-20220922/UBNA_001/20220921_090000.WAV,Telephone Field,recover-20220922,001,1795
882.4525,882.4631,28906,36671,Eptesicus serotinus,0.011,0.024,-1,Echolocation,/mnt/ubna_data_02_mir/recover-20220922/UBNA_001/20220921_090000.WAV,Telephone Field,recover-20220922,001,1795
882.4635,882.4783,23750,28934,Nyctalus leisleri,0.014,0.028,-1,Echolocation,/mnt/ubna_data_02_mir/recover-20220922/UBNA_001/20220921_090000.WAV,Telephone Field,recover-20220922,001,1795
882.4655,882.5085,68437,83331,Rhinolophus ferrumequinum,0.026,0.026,-1,Echolocation,/mnt/ubna_data_02_mir/recover-20220922/UBNA_001/20220921_090000.WAV,Telephone Field,recover-20220922,001,1795
882.4745,882.4852,22031,26859,Nyctalus leisleri,0.011,0.023,-1,Echolocation,/mnt/ubna_data_02_mir/recover-20220922/UBNA_001/20220921_090000.WAV,Telephone Field,recover-20220922,001,1795
882.4935,882.5323,68437,82163,Rhinolophus ferrumequinum,0.023,0.023,-1,Echolocation,/mnt/ubna_data_02_mir/recover-20220922/UBNA_001/20220921_090000.WAV,Telephone Field,recover-20220922,001,1795
882.5065,882.5141,28046,39643,Eptesicus serotinus,0.007,0.022,-1,Echolocation,/mnt/ubna_data_02_mir/recover-20220922/UBNA_001/20220921_090000.WAV,Telephone Field,recover-20220922,001,1795
882.5555,882.5926,68437,82080,Rhinolophus ferrumequinum,0.022,0.022,-1,Echolocation,/mnt/ubna_data_02_mir/recover-20220922/UBNA_001/20220921_090000.WAV,Telephone Field,recover-20220922,001,1795
882.5725,882.613,68437,82342,Rhinolophus ferrumequinum,0.022,0.023,-1,Echolocation,/mnt/ubna_data_02_mir/recover-20220922/UBNA_001/20220921_090000.WAV,Telephone Field,recover-20220922,001,1795
882.5755,882.585,37500,43834,Barbastellus barbastellus,0.005,0.023,-1,Echolocation,/mnt/ubna_data_02_mir/recover-20220922/UBNA_001/20220921_090000.WAV,Telephone Field,recover-20220922,001,1795
882.5755,882.5823,26328,38485,Eptesicus serotinus,0.006,0.024,-1,Echolocation,/mnt/ubna_data_02_mir/recover-20220922/UBNA_001/20220921_090000.WAV,Telephone Field,recover-20220922,001,1795
882.5795,882.6162,68437,82343,Rhinolophus ferrumequinum,0.023,0.023,-1,Echolocation,/mnt/ubna_data_02_mir/recover-20220922/UBNA_001/20220921_090000.WAV,Telephone Field,recover-20220922,001,1795
882.6315,882.6704,68437,81598,Rhinolophus ferrumequinum,0.024,0.024,-1,Echolocation,/mnt/ubna_data_02_mir/recover-20220922/UBNA_001/20220921_090000.WAV,Telephone Field,recover-20220922,001,1795
882.6385,882.6492,23750,29639,Nyctalus leisleri,0.011,0.026,-1,Echolocation,/mnt/ubna_data_02_mir/recover-20220922/UBNA_001/20220921_090000.WAV,Telephone Field,recover-20220922,001,1795
882.6675,882.6744,23750,33102,Plecotus austriacus,0.014,0.028,-1,Echolocation,/mnt/ubna_data_02_mir/recover-20220922/UBNA_001/20220921_090000.WAV,Telephone Field,recover-20220922,001,1795
882.6675,882.6742,29765,40852,Myotis daubentonii,0.006,0.026,-1,Echolocation,/mnt/ubna_data_02_mir/recover-20220922/UBNA_001/20220921_090000.WAV,Telephone Field,recover-20220922,001,1795
882.6825,882.6927,29765,38413,Eptesicus serotinus,0.013,0.031,-1,Echolocation,/mnt/ubna_data_02_mir/recover-20220922/UBNA_001/20220921_090000.WAV,Telephone Field,recover-20220922,001,1795
882.7745,882.8152,68437,82348,Rhinolophus ferrumequinum,0.024,0.024,-1,Echolocation,/mnt/ubna_data_02_mir/recover-20220922/UBNA_001/20220921_090000.WAV,Telephone Field,recover-20220922,001,1795
882.7855,882.8244,68437,81835,Rhinolophus ferrumequinum,0.023,0.023,-1,Echolocation,/mnt/ubna_data_02_mir/recover-20220922/UBNA_001/20220921_090000.WAV,Telephone Field,recover-20220922,001,1795
882.7925,882.8023,28906,36790,Eptesicus serotinus,0.009,0.023,-1,Echolocation,/mnt/ubna_data_02_mir/recover-20220922/UBNA_001/20220921_090000.WAV,Telephone Field,recover-20220922,001,1795
882.8185,882.8608,68437,82585,Rhinolophus ferrumequinum,0.028,0.028,-1,Echolocation,/mnt/ubna_data_02_mir/recover-20220922/UBNA_001/20220921_090000.WAV,Telephone Field,recover-20220922,001,1795
882.8595,882.8681,22890,30655,Plecotus austriacus,0.015,0.036,-1,Echolocation,/mnt/ubna_data_02_mir/recover-20220922/UBNA_001/20220921_090000.WAV,Telephone Field,recover-20220922,001,1795
882.9165,882.9382,18593,21576,Nyctalus noctula,0.023,0.045,-1,Echolocation,/mnt/ubna_data_02_mir/recover-20220922/UBNA_001/20220921_090000.WAV,Telephone Field,recover-20220922,001,1795
882.9205,882.9595,68437,82668,Rhinolophus ferrumequinum,0.025,0.025,-1,Echolocation,/mnt/ubna_data_02_mir/recover-20220922/UBNA_001/20220921_090000.WAV,Telephone Field,recover-20220922,001,1795
882.9585,882.97,22031,26474,Nyctalus leisleri,0.013,0.024,-1,Echolocation,/mnt/ubna_data_02_mir/recover-20220922/UBNA_001/20220921_090000.WAV,Telephone Field,recover-20220922,001,1795
882.9695,883.0095,68437,81944,Rhinolophus ferrumequinum,0.022,0.022,-1,Echolocation,/mnt/ubna_data_02_mir/recover-20220922/UBNA_001/20220921_090000.WAV,Telephone Field,recover-20220922,001,1795
883.0025,883.0379,68437,81827,Rhinolophus ferrumequinum,0.023,0.023,-1,Echolocation,/mnt/ubna_data_02_mir/recover-20220922/UBNA_001/20220921_090000.WAV,Telephone Field,recover-20220922,001,1795
883.0245,883.0668000000001,68437,83609,Rhinolophus ferrumequinum,0.026,0.026,-1,Echolocation,/mnt/ubna_data_02_mir/recover-20220922/UBNA_001/20220921_090000.WAV,Telephone Field,recover-20220922,001,1795
883.0285,883.0346,29765,39693,Myotis daubentonii,0.007,0.028,-1,Echolocation,/mnt/ubna_data_02_mir/recover-20220922/UBNA_001/20220921_090000.WAV,Telephone Field,recover-20220922,001,1795
883.0565,883.1013,68437,83246,Rhinolophus ferrumequinum,0.065,0.065,-1,Echolocation,/mnt/ubna_data_02_mir/recover-20220922/UBNA_001/20220921_090000.WAV,Telephone Field,recover-20220922,001,1795
883.1005,883.141,68437,82734,Rhinolophus ferrumequinum,0.027,0.027,-1,Echolocation,/mnt/ubna_data_02_mir/recover-20220922/UBNA_001/20220921_090000.WAV,Telephone Field,recover-20220922,001,1795
883.1455,883.1826,68437,81862,Rhinolophus ferrumequinum,0.023,0.023,-1,Echolocation,/mnt/ubna_data_02_mir/recover-20220922/UBNA_001/20220921_090000.WAV,Telephone Field,recover-20220922,001,1795
883.1985,883.2056,28906,39135,Eptesicus serotinus,0.007,0.025,-1,Echolocation,/mnt/ubna_data_02_mir/recover-20220922/UBNA_001/20220921_090000.WAV,Telephone Field,recover-20220922,001,1795
883.2395,883.248,28046,40393,Eptesicus serotinus,0.009,0.025,-1,Echolocation,/mnt/ubna_data_02_mir/recover-20220922/UBNA_001/20220921_090000.WAV,Telephone Field,recover-20220922,001,1795
883.2465,883.2863,68437,82517,Rhinolophus ferrumequinum,0.024,0.024,-1,Echolocation,/mnt/ubna_data_02_mir/recover-20220922/UBNA_001/20220921_090000.WAV,Telephone Field,recover-20220922,001,1795
883.2965,883.3379,68437,82996,Rhinolophus ferrumequinum,0.028,0.028,-1,Echolocation,/mnt/ubna_data_02_mir/recover-20220922/UBNA_001/20220921_090000.WAV,Telephone Field,recover-20220922,001,1795
883.3145,883.327,23750,28346,Nyctalus leisleri,0.014,0.026,-1,Echolocation,/mnt/ubna_data_02_mir/recover-20220922/UBNA_001/20220921_090000.WAV,Telephone Field,recover-20220922,001,1795
883.3195,883.3337,23750,28088,Nyctalus leisleri,0.014,0.026,-1,Echolocation,/mnt/ubna_data_02_mir/recover-20220922/UBNA_001/20220921_090000.WAV,Telephone Field,recover-20220922,001,1795
883.3565,883.3968,68437,82789,Rhinolophus ferrumequinum,0.026,0.026,-1,Echolocation,/mnt/ubna_data_02_mir/recover-20220922/UBNA_001/20220921_090000.WAV,Telephone Field,recover-20220922,001,1795
883.3665,883.3754,28906,36538,Eptesicus serotinus,0.014,0.029,-1,Echolocation,/mnt/ubna_data_02_mir/recover-20220922/UBNA_001/20220921_090000.WAV,Telephone Field,recover-20220922,001,1795
883.3905,883.4322,68437,82917,Rhinolophus ferrumequinum,0.025,0.025,-1,Echolocation,/mnt/ubna_data_02_mir/recover-20220922/UBNA_001/20220921_090000.WAV,Telephone Field,recover-20220922,001,1795
883.4235,883.462,68437,82040,Rhinolophus ferrumequinum,0.023,0.023,-1,Echolocation,/mnt/ubna_data_02_mir/recover-20220922/UBNA_001/20220921_090000.WAV,Telephone Field,recover-20220922,001,1795
883.4545,883.4654,23750,29957,Nyctalus leisleri,0.014,0.034,-1,Echolocation,/mnt/ubna_data_02_mir/recover-20220922/UBNA_001/20220921_090000.WAV,Telephone Field,recover-20220922,001,1795
883.4615,883.5021,68437,82018,Rhinolophus ferrumequinum,0.024,0.024,-1,Echolocation,/mnt/ubna_data_02_mir/recover-20220922/UBNA_001/20220921_090000.WAV,Telephone Field,recover-20220922,001,1795
883.4895,883.5284,68437,82367,Rhinolophus ferrumequinum,0.039,0.039,-1,Echolocation,/mnt/ubna_data_02_mir/recover-20220922/UBNA_001/20220921_090000.WAV,Telephone Field,recover-20220922,001,1795
883.5255,883.564,68437,82230,Rhinolophus ferrumequinum,0.022,0.022,-1,Echolocation,/mnt/ubna_data_02_mir/recover-20220922/UBNA_001/20220921_090000.WAV,Telephone Field,recover-20220922,001,1795
883.5595,883.5992,68437,82142,Rhinolophus ferrumequinum,0.022,0.022,-1,Echolocation,/mnt/ubna_data_02_mir/recover-20220922/UBNA_001/20220921_090000.WAV,Telephone Field,recover-20220922,001,1795
883.5975,883.6385,68437,82441,Rhinolophus ferrumequinum,0.023,0.023,-1,Echolocation,/mnt/ubna_data_02_mir/recover-20220922/UBNA_001/20220921_090000.WAV,Telephone Field,recover-20220922,001,1795
883.6375,883.6464,22890,29412,Plecotus austriacus,0.009,0.022,-1,Echolocation,/mnt/ubna_data_02_mir/recover-20220922/UBNA_001/20220921_090000.WAV,Telephone Field,recover-20220922,001,1795
883.6805,883.72,68437,81993,Rhinolophus ferrumequinum,0.022,0.022,-1,Echolocation,/mnt/ubna_data_02_mir/recover-20220922/UBNA_001/20220921_090000.WAV,Telephone Field,recover-20220922,001,1795
883.7665,883.8067,68437,82563,Rhinolophus ferrumequinum,0.025,0.025,-1,Echolocation,/mnt/ubna_data_02_mir/recover-20220922/UBNA_001/20220921_090000.WAV,Telephone Field,recover-20220922,001,1795
883.8035,883.8446,68437,82530,Rhinolophus ferrumequinum,0.033,0.033,-1,Echolocation,/mnt/ubna_data_02_mir/recover-20220922/UBNA_001/20220921_090000.WAV,Telephone Field,recover-20220922,001,1795
883.8305,883.837,47812,55365,Pipistrellus pipistrellus,0.035,0.036,-1,Echolocation,/mnt/ubna_data_02_mir/recover-20220922/UBNA_001/20220921_090000.WAV,Telephone Field,recover-20220922,001,1795
883.8705,883.8806,22031,27555,Nyctalus leisleri,0.01,0.025,-1,Echolocation,/mnt/ubna_data_02_mir/recover-20220922/UBNA_001/20220921_090000.WAV,Telephone Field,recover-20220922,001,1795
883.9115,883.9227,25468,31890,Eptesicus serotinus,0.009,0.024,-1,Echolocation,/mnt/ubna_data_02_mir/recover-20220922/UBNA_001/20220921_090000.WAV,Telephone Field,recover-20220922,001,1795
883.9325,883.9419,28046,37281,Eptesicus serotinus,0.008,0.022,-1,Echolocation,/mnt/ubna_data_02_mir/recover-20220922/UBNA_001/20220921_090000.WAV,Telephone Field,recover-20220922,001,1795
883.9865,883.995,27187,39463,Eptesicus serotinus,0.009,0.025,-1,Echolocation,/mnt/ubna_data_02_mir/recover-20220922/UBNA_001/20220921_090000.WAV,Telephone Field,recover-20220922,001,1795
884.0015,884.0352,68437,80720,Rhinolophus ferrumequinum,0.031,0.031,-1,Echolocation,/mnt/ubna_data_02_mir/recover-20220922/UBNA_001/20220921_090000.WAV,Telephone Field,recover-20220922,001,1795
884.0015,884.0142,21171,25602,Nyctalus leisleri,0.014,0.025,-1,Echolocation,/mnt/ubna_data_02_mir/recover-20220922/UBNA_001/20220921_090000.WAV,Telephone Field,recover-20220922,001,1795
884.0015,884.0111,45234,49224,Pipistrellus pipistrellus,0.033,0.046,-1,Echolocation,/mnt/ubna_data_02_mir/recover-20220922/UBNA_001/20220921_090000.WAV,Telephone Field,recover-20220922,001,1795
884.0015,884.01,26328,36213,Nyctalus leisleri,0.006,0.024,-1,Echolocation,/mnt/ubna_data_02_mir/recover-20220922/UBNA_001/20220921_090000.WAV,Telephone Field,recover-20220922,001,1795
884.0515,884.0586,28046,37050,Eptesicus serotinus,0.008,0.025,-1,Echolocation,/mnt/ubna_data_02_mir/recover-20220922/UBNA_001/20220921_090000.WAV,Telephone Field,recover-20220922,001,1795
884.0715,884.0814,28906,37033,Eptesicus serotinus,0.01,0.026,-1,Echolocation,/mnt/ubna_data_02_mir/recover-20220922/UBNA_001/20220921_090000.WAV,Telephone Field,recover-20220922,001,1795
884.1015,884.1358,68437,80031,Rhinolophus ferrumequinum,0.04,0.041,-1,Echolocation,/mnt/ubna_data_02_mir/recover-20220922/UBNA_001/20220921_090000.WAV,Telephone Field,recover-20220922,001,1795
884.1045,884.1126,26328,36307,Eptesicus serotinus,0.006,0.025,-1,Echolocation,/mnt/ubna_data_02_mir/recover-20220922/UBNA_001/20220921_090000.WAV,Telephone Field,recover-20220922,001,1795
884.1385,884.178,68437,82123,Rhinolophus ferrumequinum,0.021,0.021,-1,Echolocation,/mnt/ubna_data_02_mir/recover-20220922/UBNA_001/20220921_090000.WAV,Telephone Field,recover-20220922,001,1795
884.1615,884.1716,28046,35858,Eptesicus serotinus,0.009,0.021,-1,Echolocation,/mnt/ubna_data_02_mir/recover-20220922/UBNA_001/20220921_090000.WAV,Telephone Field,recover-20220922,001,1795
884.1635,884.2049,68437,82624,Rhinolophus ferrumequinum,0.033,0.033,-1,Echolocation,/mnt/ubna_data_02_mir/recover-20220922/UBNA_001/20220921_090000.WAV,Telephone Field,recover-20220922,001,1795
884.1845,884.1923,24609,33524,Plecotus austriacus,0.006,0.021,-1,Echolocation,/mnt/ubna_data_02_mir/recover-20220922/UBNA_001/20220921_090000.WAV,Telephone Field,recover-20220922,001,1795
884.2065,884.2475,68437,82904,Rhinolophus ferrumequinum,0.027,0.027,-1,Echolocation,/mnt/ubna_data_02_mir/recover-20220922/UBNA_001/20220921_090000.WAV,Telephone Field,recover-20220922,001,1795
884.2095,884.2196,24609,32696,Nyctalus leisleri,0.008,0.023,-1,Echolocation,/mnt/ubna_data_02_mir/recover-20220922/UBNA_001/20220921_090000.WAV,Telephone Field,recover-20220922,001,1795
884.2365,884.2763,68437,82294,Rhinolophus ferrumequinum,0.025,0.025,-1,Echolocation,/mnt/ubna_data_02_mir/recover-20220922/UBNA_001/20220921_090000.WAV,Telephone Field,recover-20220922,001,1795
884.2555,884.296,68437,82996,Rhinolophus ferrumequinum,0.041,0.041,-1,Echolocation,/mnt/ubna_data_02_mir/recover-20220922/UBNA_001/20220921_090000.WAV,Telephone Field,recover-20220922,001,1795
884.2965,884.3361,68437,82392,Rhinolophus ferrumequinum,0.025,0.025,-1,Echolocation,/mnt/ubna_data_02_mir/recover-20220922/UBNA_001/20220921_090000.WAV,Telephone Field,recover-20220922,001,1795
884.3055,884.3146,24609,31833,Nyctalus leisleri,0.007,0.023,-1,Echolocation,/mnt/ubna_data_02_mir/recover-20220922/UBNA_001/20220921_090000.WAV,Telephone Field,recover-20220922,001,1795
884.3065,884.3458,68437,82496,Rhinolophus ferrumequinum,0.021,0.021,-1,Echolocation,/mnt/ubna_data_02_mir/recover-20220922/UBNA_001/20220921_090000.WAV,Telephone Field,recover-20220922,001,1795
884.3155,884.3558,68437,82665,Rhinolophus ferrumequinum,0.023,0.023,-1,Echolocation,/mnt/ubna_data_02_mir/recover-20220922/UBNA_001/20220921_090000.WAV,Telephone Field,recover-20220922,001,1795
884.3265,884.3349,28046,39037,Eptesicus serotinus,0.008,0.021,-1,Echolocation,/mnt/ubna_data_02_mir/recover-20220922/UBNA_001/20220921_090000.WAV,Telephone Field,recover-20220922,001,1795
884.3525,884.394,68437,82733,Rhinolophus ferrumequinum,0.028,0.028,-1,Echolocation,/mnt/ubna_data_02_mir/recover-20220922/UBNA_001/20220921_090000.WAV,Telephone Field,recover-20220922,001,1795
884.3725,884.4128,68437,82774,Rhinolophus ferrumequinum,0.021,0.021,-1,Echolocation,/mnt/ubna_data_02_mir/recover-20220922/UBNA_001/20220921_090000.WAV,Telephone Field,recover-20220922,001,1795
884.4085,884.4194,24609,31083,Eptesicus serotinus,0.008,0.023,-1,Echolocation,/mnt/ubna_data_02_mir/recover-20220922/UBNA_001/20220921_090000.WAV,Telephone Field,recover-20220922,001,1795
884.4225,884.4631,68437,83076,Rhinolophus ferrumequinum,0.032,0.032,-1,Echolocation,/mnt/ubna_data_02_mir/recover-20220922/UBNA_001/20220921_090000.WAV,Telephone Field,recover-20220922,001,1795
884.4765,884.5141,68437,81729,Rhinolophus ferrumequinum,0.021,0.021,-1,Echolocation,/mnt/ubna_data_02_mir/recover-20220922/UBNA_001/20220921_090000.WAV,Telephone Field,recover-20220922,001,1795
884.4965,884.535,68437,81728,Rhinolophus ferrumequinum,0.021,0.021,-1,Echolocation,/mnt/ubna_data_02_mir/recover-20220922/UBNA_001/20220921_090000.WAV,Telephone Field,recover-20220922,001,1795
884.5355,884.5773,68437,82668,Rhinolophus ferrumequinum,0.029,0.029,-1,Echolocation,/mnt/ubna_data_02_mir/recover-20220922/UBNA_001/20220921_090000.WAV,Telephone Field,recover-20220922,001,1795
884.6005,884.6386,68437,81357,Rhinolophus ferrumequinum,0.022,0.022,-1,Echolocation,/mnt/ubna_data_02_mir/recover-20220922/UBNA_001/20220921_090000.WAV,Telephone Field,recover-20220922,001,1795
884.6025,884.613,23750,29363,Nyctalus leisleri,0.009,0.022,-1,Echolocation,/mnt/ubna_data_02_mir/recover-20220922/UBNA_001/20220921_090000.WAV,Telephone Field,recover-20220922,001,1795
884.6095,884.6511,68437,82614,Rhinolophus ferrumequinum,0.027,0.027,-1,Echolocation,/mnt/ubna_data_02_mir/recover-20220922/UBNA_001/20220921_090000.WAV,Telephone Field,recover-20220922,001,1795
884.6365,884.6753,68437,81402,Rhinolophus ferrumequinum,0.021,0.021,-1,Echolocation,/mnt/ubna_data_02_mir/recover-20220922/UBNA_001/20220921_090000.WAV,Telephone Field,recover-20220922,001,1795
884.6475,884.6547,28046,40420,Eptesicus serotinus,0.02,0.047,-1,Echolocation,/mnt/ubna_data_02_mir/recover-20220922/UBNA_001/20220921_090000.WAV,Telephone Field,recover-20220922,001,1795
884.6855,884.7291,68437,82958,Rhinolophus ferrumequinum,0.033,0.033,-1,Echolocation,/mnt/ubna_data_02_mir/recover-20220922/UBNA_001/20220921_090000.WAV,Telephone Field,recover-20220922,001,1795
884.7115,884.7493,68437,81307,Rhinolophus ferrumequinum,0.021,0.021,-1,Echolocation,/mnt/ubna_data_02_mir/recover-20220922/UBNA_001/20220921_090000.WAV,Telephone Field,recover-20220922,001,1795
884.7175,884.756,68437,82126,Rhinolophus ferrumequinum,0.021,0.021,-1,Echolocation,/mnt/ubna_data_02_mir/recover-20220922/UBNA_001/20220921_090000.WAV,Telephone Field,recover-20220922,001,1795
884.7245,884.7638,68437,82301,Rhinolophus ferrumequinum,0.021,0.021,-1,Echolocation,/mnt/ubna_data_02_mir/recover-20220922/UBNA_001/20220921_090000.WAV,Telephone Field,recover-20220922,001,1795
884.7275,884.7408,22890,27206,Nyctalus leisleri,0.018,0.031,-1,Echolocation,/mnt/ubna_data_02_mir/recover-20220922/UBNA_001/20220921_090000.WAV,Telephone Field,recover-20220922,001,1795
884.7445,884.7841,68437,82643,Rhinolophus ferrumequinum,0.027,0.027,-1,Echolocation,/mnt/ubna_data_02_mir/recover-20220922/UBNA_001/20220921_090000.WAV,Telephone Field,recover-20220922,001,1795
884.7705,884.8081999999999,68437,81258,Rhinolophus ferrumequinum,0.021,0.022,-1,Echolocation,/mnt/ubna_data_02_mir/recover-20220922/UBNA_001/20220921_090000.WAV,Telephone Field,recover-20220922,001,1795
884.8065,884.8454,68437,82042,Rhinolophus ferrumequinum,0.023,0.023,-1,Echolocation,/mnt/ubna_data_02_mir/recover-20220922/UBNA_001/20220921_090000.WAV,Telephone Field,recover-20220922,001,1795
884.8115,884.8507,68437,82115,Rhinolophus ferrumequinum,0.024,0.024,-1,Echolocation,/mnt/ubna_data_02_mir/recover-20220922/UBNA_001/20220921_090000.WAV,Telephone Field,recover-20220922,001,1795
884.8175,884.8264,28906,38333,Eptesicus serotinus,0.01,0.024,-1,Echolocation,/mnt/ubna_data_02_mir/recover-20220922/UBNA_001/20220921_090000.WAV,Telephone Field,recover-20220922,001,1795
884.8365,884.8747,68437,82279,Rhinolophus ferrumequinum,0.022,0.022,-1,Echolocation,/mnt/ubna_data_02_mir/recover-20220922/UBNA_001/20220921_090000.WAV,Telephone Field,recover-20220922,001,1795
884.8465,884.8567,23750,29846,Nyctalus leisleri,0.009,0.021,-1,Echolocation,/mnt/ubna_data_02_mir/recover-20220922/UBNA_001/20220921_090000.WAV,Telephone Field,recover-20220922,001,1795
884.8575,884.8658,28046,41953,Eptesicus serotinus,0.007,0.021,-1,Echolocation,/mnt/ubna_data_02_mir/recover-20220922/UBNA_001/20220921_090000.WAV,Telephone Field,recover-20220922,001,1795
884.8855,884.9268,68437,82329,Rhinolophus ferrumequinum,0.022,0.022,-1,Echolocation,/mnt/ubna_data_02_mir/recover-20220922/UBNA_001/20220921_090000.WAV,Telephone Field,recover-20220922,001,1795
884.9015,884.9095,26328,35893,Eptesicus serotinus,0.01,0.026,-1,Echolocation,/mnt/ubna_data_02_mir/recover-20220922/UBNA_001/20220921_090000.WAV,Telephone Field,recover-20220922,001,1795
884.9415,884.9516,22890,29187,Nyctalus leisleri,0.008,0.023,-1,Echolocation,/mnt/ubna_data_02_mir/recover-20220922/UBNA_001/20220921_090000.WAV,Telephone Field,recover-20220922,001,1795
884.9645,884.9758,28906,36088,Eptesicus serotinus,0.011,0.025,-1,Echolocation,/mnt/ubna_data_02_mir/recover-20220922/UBNA_001/20220921_090000.WAV,Telephone Field,recover-20220922,001,1795
884.9645,885.0021,68437,82005,Rhinolophus ferrumequinum,0.021,0.021,-1,Echolocation,/mnt/ubna_data_02_mir/recover-20220922/UBNA_001/20220921_090000.WAV,Telephone Field,recover-20220922,001,1795
885.0085,885.0181,48671,53106,Pipistrellus pipistrellus,0.019,0.022,-1,Echolocation,/mnt/ubna_data_02_mir/recover-20220922/UBNA_001/20220921_090000.WAV,Telephone Field,recover-20220922,001,1795
885.0635,885.1008,68437,81854,Rhinolophus ferrumequinum,0.023,0.023,-1,Echolocation,/mnt/ubna_data_02_mir/recover-20220922/UBNA_001/20220921_090000.WAV,Telephone Field,recover-20220922,001,1795
885.0805,885.1188,68437,81948,Rhinolophus ferrumequinum,0.028,0.028,-1,Echolocation,/mnt/ubna_data_02_mir/recover-20220922/UBNA_001/20220921_090000.WAV,Telephone Field,recover-20220922,001,1795
885.0875,885.0965,31484,39966,Myotis daubentonii,0.007,0.026,-1,Echolocation,/mnt/ubna_data_02_mir/recover-20220922/UBNA_001/20220921_090000.WAV,Telephone Field,recover-20220922,001,1795
885.1055,885.1468,68437,82443,Rhinolophus ferrumequinum,0.025,0.025,-1,Echolocation,/mnt/ubna_data_02_mir/recover-20220922/UBNA_001/20220921_090000.WAV,Telephone Field,recover-20220922,001,1795
885.1335,885.1722,68437,82155,Rhinolophus ferrumequinum,0.023,0.023,-1,Echolocation,/mnt/ubna_data_02_mir/recover-20220922/UBNA_001/20220921_090000.WAV,Telephone Field,recover-20220922,001,1795
885.1335,885.144,28046,35544,Eptesicus serotinus,0.009,0.021,-1,Echolocation,/mnt/ubna_data_02_mir/recover-20220922/UBNA_001/20220921_090000.WAV,Telephone Field,recover-20220922,001,1795
885.1525,885.1912,68437,82188,Rhinolophus ferrumequinum,0.021,0.022,-1,Echolocation,/mnt/ubna_data_02_mir/recover-20220922/UBNA_001/20220921_090000.WAV,Telephone Field,recover-20220922,001,1795
885.1765,885.2139,68437,81628,Rhinolophus ferrumequinum,0.023,0.023,-1,Echolocation,/mnt/ubna_data_02_mir/recover-20220922/UBNA_001/20220921_090000.WAV,Telephone Field,recover-20220922,001,1795
885.2005,885.2391,68437,81834,Rhinolophus ferrumequinum,0.026,0.026,-1,Echolocation,/mnt/ubna_data_02_mir/recover-20220922/UBNA_001/20220921_090000.WAV,Telephone Field,recover-20220922,001,1795
885.2075,885.2177,22031,27132,Nyctalus leisleri,0.009,0.021,-1,Echolocation,/mnt/ubna_data_02_mir/recover-20220922/UBNA_001/20220921_090000.WAV,Telephone Field,recover-20220922,001,1795
885.2155,885.2555,68437,82925,Rhinolophus ferrumequinum,0.035,0.035,-1,Echolocation,/mnt/ubna_data_02_mir/recover-20220922/UBNA_001/20220921_090000.WAV,Telephone Field,recover-20220922,001,1795
885.2625,885.2708,24609,32558,Nyctalus leisleri,0.007,0.023,-1,Echolocation,/mnt/ubna_data_02_mir/recover-20220922/UBNA_001/20220921_090000.WAV,Telephone Field,recover-20220922,001,1795
885.2655,885.3081999999999,68437,82742,Rhinolophus ferrumequinum,0.032,0.032,-1,Echolocation,/mnt/ubna_data_02_mir/recover-20220922/UBNA_001/20220921_090000.WAV,Telephone Field,recover-20220922,001,1795
885.2785,885.3187,68437,82604,Rhinolophus ferrumequinum,0.022,0.022,-1,Echolocation,/mnt/ubna_data_02_mir/recover-20220922/UBNA_001/20220921_090000.WAV,Telephone Field,recover-20220922,001,1795
885.3145,885.3546,68437,82127,Rhinolophus ferrumequinum,0.023,0.023,-1,Echolocation,/mnt/ubna_data_02_mir/recover-20220922/UBNA_001/20220921_090000.WAV,Telephone Field,recover-20220922,001,1795
885.3295,885.3736,68437,82447,Rhinolophus ferrumequinum,0.045,0.045,-1,Echolocation,/mnt/ubna_data_02_mir/recover-20220922/UBNA_001/20220921_090000.WAV,Telephone Field,recover-20220922,001,1795
885.3515,885.3917,68437,82364,Rhinolophus ferrumequinum,0.023,0.023,-1,Echolocation,/mnt/ubna_data_02_mir/recover-20220922/UBNA_001/20220921_090000.WAV,Telephone Field,recover-20220922,001,1795
885.3765,885.4155,68437,82339,Rhinolophus ferrumequinum,0.021,0.021,-1,Echolocation,/mnt/ubna_data_02_mir/recover-20220922/UBNA_001/20220921_090000.WAV,Telephone Field,recover-20220922,001,1795
885.3855,885.3963,23750,29849,Nyctalus leisleri,0.01,0.024,-1,Echolocation,/mnt/ubna_data_02_mir/recover-20220922/UBNA_001/20220921_090000.WAV,Telephone Field,recover-20220922,001,1795
885.3955,885.4333,68437,81947,Rhinolophus ferrumequinum,0.023,0.023,-1,Echolocation,/mnt/ubna_data_02_mir/recover-20220922/UBNA_001/20220921_090000.WAV,Telephone Field,recover-20220922,001,1795
885.4235,885.4674,68437,83218,Rhinolophus ferrumequinum,0.027,0.027,-1,Echolocation,/mnt/ubna_data_02_mir/recover-20220922/UBNA_001/20220921_090000.WAV,Telephone Field,recover-20220922,001,1795
885.4295,885.4389,24609,32510,Eptesicus serotinus,0.007,0.022,-1,Echolocation,/mnt/ubna_data_02_mir/recover-20220922/UBNA_001/20220921_090000.WAV,Telephone Field,recover-20220922,001,1795
885.4805,885.5168,68437,81769,Rhinolophus ferrumequinum,0.021,0.021,-1,Echolocation,/mnt/ubna_data_02_mir/recover-20220922/UBNA_001/20220921_090000.WAV,Telephone Field,recover-20220922,001,1795
885.4925,885.5342,68437,82923,Rhinolophus ferrumequinum,0.031,0.031,-1,Echolocation,/mnt/ubna_data_02_mir/recover-20220922/UBNA_001/20220921_090000.WAV,Telephone Field,recover-20220922,001,1795
885.5095,885.5446,68437,81256,Rhinolophus ferrumequinum,0.022,0.022,-1,Echolocation,/mnt/ubna_data_02_mir/recover-20220922/UBNA_001/20220921_090000.WAV,Telephone Field,recover-20220922,001,1795
885.5545,885.5636,24609,32215,Eptesicus serotinus,0.006,0.021,-1,Echolocation,/mnt/ubna_data_02_mir/recover-20220922/UBNA_001/20220921_090000.WAV,Telephone Field,recover-20220922,001,1795
885.5695,885.6133,68437,82936,Rhinolophus ferrumequinum,0.048,0.048,-1,Echolocation,/mnt/ubna_data_02_mir/recover-20220922/UBNA_001/20220921_090000.WAV,Telephone Field,recover-20220922,001,1795
885.5935,885.6343,68437,82490,Rhinolophus ferrumequinum,0.025,0.026,-1,Echolocation,/mnt/ubna_data_02_mir/recover-20220922/UBNA_001/20220921_090000.WAV,Telephone Field,recover-20220922,001,1795
885.6065,885.6136,25468,40384,Myotis nattereri,0.005,0.022,-1,Echolocation,/mnt/ubna_data_02_mir/recover-20220922/UBNA_001/20220921_090000.WAV,Telephone Field,recover-20220922,001,1795
885.6225,885.6633,68437,82606,Rhinolophus ferrumequinum,0.026,0.026,-1,Echolocation,/mnt/ubna_data_02_mir/recover-20220922/UBNA_001/20220921_090000.WAV,Telephone Field,recover-20220922,001,1795
885.6345,885.6694,68437,82165,Rhinolophus ferrumequinum,0.022,0.022,-1,Echolocation,/mnt/ubna_data_02_mir/recover-20220922/UBNA_001/20220921_090000.WAV,Telephone Field,recover-20220922,001,1795
885.6425,885.6787,68437,81450,Rhinolophus ferrumequinum,0.023,0.023,-1,Echolocation,/mnt/ubna_data_02_mir/recover-20220922/UBNA_001/20220921_090000.WAV,Telephone Field,recover-20220922,001,1795
885.7075,885.7482,68437,82494,Rhinolophus ferrumequinum,0.022,0.022,-1,Echolocation,/mnt/ubna_data_02_mir/recover-20220922/UBNA_001/20220921_090000.WAV,Telephone Field,recover-20220922,001,1795
885.7085,885.7217,41796,45715,Pipistrellus pipistrellus,0.03,0.045,-1,Echolocation,/mnt/ubna_data_02_mir/recover-20220922/UBNA_001/20220921_090000.WAV,Telephone Field,recover-20220922,001,1795
885.7175,885.7282,22031,26407,Nyctalus leisleri,0.013,0.022,-1,Echolocation,/mnt/ubna_data_02_mir/recover-20220922/UBNA_001/20220921_090000.WAV,Telephone Field,recover-20220922,001,1795
885.7335,885.7716,68437,82156,Rhinolophus ferrumequinum,0.023,0.023,-1,Echolocation,/mnt/ubna_data_02_mir/recover-20220922/UBNA_001/20220921_090000.WAV,Telephone Field,recover-20220922,001,1795
885.7365,885.7449,27187,41345,Eptesicus serotinus,0.007,0.022,-1,Echolocation,/mnt/ubna_data_02_mir/recover-20220922/UBNA_001/20220921_090000.WAV,Telephone Field,recover-20220922,001,1795
885.7595,885.7677,23750,32579,Plecotus austriacus,0.009,0.024,-1,Echolocation,/mnt/ubna_data_02_mir/recover-20220922/UBNA_001/20220921_090000.WAV,Telephone Field,recover-20220922,001,1795
885.7835,885.7967,22031,25168,Nyctalus leisleri,0.016,0.024,-1,Echolocation,/mnt/ubna_data_02_mir/recover-20220922/UBNA_001/20220921_090000.WAV,Telephone Field,recover-20220922,001,1795
885.7885,885.8351,68437,83723,Rhinolophus ferrumequinum,0.066,0.066,-1,Echolocation,/mnt/ubna_data_02_mir/recover-20220922/UBNA_001/20220921_090000.WAV,Telephone Field,recover-20220922,001,1795
885.8125,885.8235,22890,28459,Nyctalus leisleri,0.011,0.024,-1,Echolocation,/mnt/ubna_data_02_mir/recover-20220922/UBNA_001/20220921_090000.WAV,Telephone Field,recover-20220922,001,1795
885.8125,885.8509,68437,81920,Rhinolophus ferrumequinum,0.024,0.024,-1,Echolocation,/mnt/ubna_data_02_mir/recover-20220922/UBNA_001/20220921_090000.WAV,Telephone Field,recover-20220922,001,1795
885.8175,885.8285,22031,26829,Nyctalus leisleri,0.012,0.024,-1,Echolocation,/mnt/ubna_data_02_mir/recover-20220922/UBNA_001/20220921_090000.WAV,Telephone Field,recover-20220922,001,1795
885.8235,885.8662,68437,83106,Rhinolophus ferrumequinum,0.027,0.027,-1,Echolocation,/mnt/ubna_data_02_mir/recover-20220922/UBNA_001/20220921_090000.WAV,Telephone Field,recover-20220922,001,1795
885.8345,885.8456,28906,36056,Eptesicus serotinus,0.012,0.025,-1,Echolocation,/mnt/ubna_data_02_mir/recover-20220922/UBNA_001/20220921_090000.WAV,Telephone Field,recover-20220922,001,1795
885.8495,885.8921,68437,83226,Rhinolophus ferrumequinum,0.03,0.03,-1,Echolocation,/mnt/ubna_data_02_mir/recover-20220922/UBNA_001/20220921_090000.WAV,Telephone Field,recover-20220922,001,1795
885.9035,885.9133,28046,37478,Eptesicus serotinus,0.008,0.021,-1,Echolocation,/mnt/ubna_data_02_mir/recover-20220922/UBNA_001/20220921_090000.WAV,Telephone Field,recover-20220922,001,1795
885.9035,885.9444,68437,83210,Rhinolophus ferrumequinum,0.043,0.043,-1,Echolocation,/mnt/ubna_data_02_mir/recover-20220922/UBNA_001/20220921_090000.WAV,Telephone Field,recover-20220922,001,1795
885.9295,885.9362,23750,33438,Plecotus austriacus,0.018,0.033,-1,Echolocation,/mnt/ubna_data_02_mir/recover-20220922/UBNA_001/20220921_090000.WAV,Telephone Field,recover-20220922,001,1795
885.9505,885.9882,68437,82327,Rhinolophus ferrumequinum,0.021,0.021,-1,Echolocation,/mnt/ubna_data_02_mir/recover-20220922/UBNA_001/20220921_090000.WAV,Telephone Field,recover-20220922,001,1795
886.0015,886.0338,68437,80166,Rhinolophus ferrumequinum,0.032,0.032,-1,Echolocation,/mnt/ubna_data_02_mir/recover-20220922/UBNA_001/20220921_090000.WAV,Telephone Field,recover-20220922,001,1795
886.0015,886.0131,25468,32416,Nyctalus leisleri,0.016,0.041,-1,Echolocation,/mnt/ubna_data_02_mir/recover-20220922/UBNA_001/20220921_090000.WAV,Telephone Field,recover-20220922,001,1795
886.0025,886.0119,44375,47052,Pipistrellus pipistrellus,0.046,0.068,-1,Echolocation,/mnt/ubna_data_02_mir/recover-20220922/UBNA_001/20220921_090000.WAV,Telephone Field,recover-20220922,001,1795
886.0125,886.0541,68437,82670,Rhinolophus ferrumequinum,0.033,0.033,-1,Echolocation,/mnt/ubna_data_02_mir/recover-20220922/UBNA_001/20220921_090000.WAV,Telephone Field,recover-20220922,001,1795
886.0515,886.0934,68437,82622,Rhinolophus ferrumequinum,0.027,0.027,-1,Echolocation,/mnt/ubna_data_02_mir/recover-20220922/UBNA_001/20220921_090000.WAV,Telephone Field,recover-20220922,001,1795
886.0935,886.1121,21171,24542,Nyctalus leisleri,0.014,0.027,-1,Echolocation,/mnt/ubna_data_02_mir/recover-20220922/UBNA_001/20220921_090000.WAV,Telephone Field,recover-20220922,001,1795
886.1445,886.1818,68437,82241,Rhinolophus ferrumequinum,0.022,0.022,-1,Echolocation,/mnt/ubna_data_02_mir/recover-20220922/UBNA_001/20220921_090000.WAV,Telephone Field,recover-20220922,001,1795
886.1595,886.2018,68437,82722,Rhinolophus ferrumequinum,0.033,0.033,-1,Echolocation,/mnt/ubna_data_02_mir/recover-20220922/UBNA_001/20220921_090000.WAV,Telephone Field,recover-20220922,001,1795
886.1605,886.1814,18593,21658,Nyctalus noctula,0.019,0.034,-1,Echolocation,/mnt/ubna_data_02_mir/recover-20220922/UBNA_001/20220921_090000.WAV,Telephone Field,recover-20220922,001,1795
886.1965,886.2359,68437,82019,Rhinolophus ferrumequinum,0.022,0.022,-1,Echolocation,/mnt/ubna_data_02_mir/recover-20220922/UBNA_001/20220921_090000.WAV,Telephone Field,recover-20220922,001,1795
886.2025,886.2413,68437,81912,Rhinolophus ferrumequinum,0.022,0.022,-1,Echolocation,/mnt/ubna_data_02_mir/recover-20220922/UBNA_001/20220921_090000.WAV,Telephone Field,recover-20220922,001,1795
886.2915,886.3301,68437,81911,Rhinolophus ferrumequinum,0.021,0.021,-1,Echolocation,/mnt/ubna_data_02_mir/recover-20220922/UBNA_001/20220921_090000.WAV,Telephone Field,recover-20220922,001,1795
886.3085,886.3476,68437,82623,Rhinolophus ferrumequinum,0.023,0.023,-1,Echolocation,/mnt/ubna_data_02_mir/recover-20220922/UBNA_001/20220921_090000.WAV,Telephone Field,recover-20220922,001,1795
886.3335,886.3471,28046,34015,Eptesicus serotinus,0.018,0.03,-1,Echolocation,/mnt/ubna_data_02_mir/recover-20220922/UBNA_001/20220921_090000.WAV,Telephone Field,recover-20220922,001,1795
886.3605,886.399,68437,82090,Rhinolophus ferrumequinum,0.026,0.026,-1,Echolocation,/mnt/ubna_data_02_mir/recover-20220922/UBNA_001/20220921_090000.WAV,Telephone Field,recover-20220922,001,1795
886.3905,886.4286,68437,81780,Rhinolophus ferrumequinum,0.021,0.021,-1,Echolocation,/mnt/ubna_data_02_mir/recover-20220922/UBNA_001/20220921_090000.WAV,Telephone Field,recover-20220922,001,1795
886.3915,886.4022,23750,29460,Nyctalus leisleri,0.009,0.021,-1,Echolocation,/mnt/ubna_data_02_mir/recover-20220922/UBNA_001/20220921_090000.WAV,Telephone Field,recover-20220922,001,1795
886.4385,886.4774,68437,82206,Rhinolophus ferrumequinum,0.022,0.022,-1,Echolocation,/mnt/ubna_data_02_mir/recover-20220922/UBNA_001/20220921_090000.WAV,Telephone Field,recover-20220922,001,1795
886.4445,886.4629,21171,24951,Nyctalus leisleri,0.021,0.039,-1,Echolocation,/mnt/ubna_data_02_mir/recover-20220922/UBNA_001/20220921_090000.WAV,Telephone Field,recover-20220922,001,1795
886.4525,886.4882,68437,81567,Rhinolophus ferrumequinum,0.021,0.021,-1,Echolocation,/mnt/ubna_data_02_mir/recover-20220922/UBNA_001/20220921_090000.WAV,Telephone Field,recover-20220922,001,1795
886.4525,886.4742,20312,22946,Nyctalus leisleri,0.026,0.048,-1,Echolocation,/mnt/ubna_data_02_mir/recover-20220922/UBNA_001/20220921_090000.WAV,Telephone Field,recover-20220922,001,1795
886.5005,886.54,68437,82358,Rhinolophus ferrumequinum,0.021,0.021,-1,Echolocation,/mnt/ubna_data_02_mir/recover-20220922/UBNA_001/20220921_090000.WAV,Telephone Field,recover-20220922,001,1795
886.5465,886.5549,28046,37008,Eptesicus serotinus,0.011,0.026,-1,Echolocation,/mnt/ubna_data_02_mir/recover-20220922/UBNA_001/20220921_090000.WAV,Telephone Field,recover-20220922,001,1795
886.5535,886.5935,68437,81875,Rhinolophus ferrumequinum,0.021,0.021,-1,Echolocation,/mnt/ubna_data_02_mir/recover-20220922/UBNA_001/20220921_090000.WAV,Telephone Field,recover-20220922,001,1795
886.5555,886.562,49531,54373,Pipistrellus pipistrellus,0.032,0.034,-1,Echolocation,/mnt/ubna_data_02_mir/recover-20220922/UBNA_001/20220921_090000.WAV,Telephone Field,recover-20220922,001,1795
886.5905,886.6276,68437,81921,Rhinolophus ferrumequinum,0.021,0.021,-1,Echolocation,/mnt/ubna_data_02_mir/recover-20220922/UBNA_001/20220921_090000.WAV,Telephone Field,recover-20220922,001,1795
886.6075,886.6483,68437,81896,Rhinolophus ferrumequinum,0.022,0.022,-1,Echolocation,/mnt/ubna_data_02_mir/recover-20220922/UBNA_001/20220921_090000.WAV,Telephone Field,recover-20220922,001,1795
886.6125,886.6191,28046,37914,Eptesicus serotinus,0.007,0.028,-1,Echolocation,/mnt/ubna_data_02_mir/recover-20220922/UBNA_001/20220921_090000.WAV,Telephone Field,recover-20220922,001,1795
886.6145,886.6564,68437,82666,Rhinolophus ferrumequinum,0.022,0.022,-1,Echolocation,/mnt/ubna_data_02_mir/recover-20220922/UBNA_001/20220921_090000.WAV,Telephone Field,recover-20220922,001,1795
886.6235,886.6603,68437,82002,Rhinolophus ferrumequinum,0.02,0.021,-1,Echolocation,/mnt/ubna_data_02_mir/recover-20220922/UBNA_001/20220921_090000.WAV,Telephone Field,recover-20220922,001,1795
886.6315,886.6694,68437,81344,Rhinolophus ferrumequinum,0.021,0.021,-1,Echolocation,/mnt/ubna_data_02_mir/recover-20220922/UBNA_001/20220921_090000.WAV,Telephone Field,recover-20220922,001,1795
886.6415,886.6816,68437,82179,Rhinolophus ferrumequinum,0.024,0.024,-1,Echolocation,/mnt/ubna_data_02_mir/recover-20220922/UBNA_001/20220921_090000.WAV,Telephone Field,recover-20220922,001,1795
886.6675,886.7069,68437,82404,Rhinolophus ferrumequinum,0.024,0.024,-1,Echolocation,/mnt/ubna_data_02_mir/recover-20220922/UBNA_001/20220921_090000.WAV,Telephone Field,recover-20220922,001,1795
886.6715,886.681,27187,35659,Eptesicus serotinus,0.011,0.025,-1,Echolocation,/mnt/ubna_data_02_mir/recover-20220922/UBNA_001/20220921_090000.WAV,Telephone Field,recover-20220922,001,1795
886.6945,886.7024,28046,37954,Eptesicus serotinus,0.007,0.024,-1,Echolocation,/mnt/ubna_data_02_mir/recover-20220922/UBNA_001/20220921_090000.WAV,Telephone Field,recover-20220922,001,1795
886.7115,886.7545,68437,83085,Rhinolophus ferrumequinum,0.044,0.044,-1,Echolocation,/mnt/ubna_data_02_mir/recover-20220922/UBNA_001/20220921_090000.WAV,Telephone Field,recover-20220922,001,1795
886.7305,886.7685,68437,81762,Rhinolophus ferrumequinum,0.022,0.022,-1,Echolocation,/mnt/ubna_data_02_mir/recover-20220922/UBNA_001/20220921_090000.WAV,Telephone Field,recover-20220922,001,1795
886.7365,886.7732,68437,81459,Rhinolophus ferrumequinum,0.024,0.024,-1,Echolocation,/mnt/ubna_data_02_mir/recover-20220922/UBNA_001/20220921_090000.WAV,Telephone Field,recover-20220922,001,1795
886.7535,886.7914,68437,82381,Rhinolophus ferrumequinum,0.024,0.024,-1,Echolocation,/mnt/ubna_data_02_mir/recover-20220922/UBNA_001/20220921_090000.WAV,Telephone Field,recover-20220922,001,1795
886.7815,886.7884,28906,37825,Eptesicus serotinus,0.007,0.023,-1,Echolocation,/mnt/ubna_data_02_mir/recover-20220922/UBNA_001/20220921_090000.WAV,Telephone Field,recover-20220922,001,1795
886.7845,886.7944,22031,27765,Nyctalus leisleri,0.008,0.021,-1,Echolocation,/mnt/ubna_data_02_mir/recover-20220922/UBNA_001/20220921_090000.WAV,Telephone Field,recover-20220922,001,1795
886.7865,886.828,68437,82598,Rhinolophus ferrumequinum,0.024,0.024,-1,Echolocation,/mnt/ubna_data_02_mir/recover-20220922/UBNA_001/20220921_090000.WAV,Telephone Field,recover-20220922,001,1795
886.8055,886.8398,68437,81293,Rhinolophus ferrumequinum,0.021,0.021,-1,Echolocation,/mnt/ubna_data_02_mir/recover-20220922/UBNA_001/20220921_090000.WAV,Telephone Field,recover-20220922,001,1795
886.8265,886.8663,68437,81658,Rhinolophus ferrumequinum,0.021,0.021,-1,Echolocation,/mnt/ubna_data_02_mir/recover-20220922/UBNA_001/20220921_090000.WAV,Telephone Field,recover-20220922,001,1795
886.8455,886.8794,68437,81221,Rhinolophus ferrumequinum,0.023,0.023,-1,Echolocation,/mnt/ubna_data_02_mir/recover-20220922/UBNA_001/20220921_090000.WAV,Telephone Field,recover-20220922,001,1795
886.8875,886.8976,23750,29955,Nyctalus leisleri,0.009,0.024,-1,Echolocation,/mnt/ubna_data_02_mir/recover-20220922/UBNA_001/20220921_090000.WAV,Telephone Field,recover-20220922,001,1795
886.9055,886.9125,40937,51747,Myotis daubentonii,0.005,0.023,-1,Echolocation,/mnt/ubna_data_02_mir/recover-20220922/UBNA_001/20220921_090000.WAV,Telephone Field,recover-20220922,001,1795
886.9205,886.9306,23750,29124,Nyctalus leisleri,0.009,0.021,-1,Echolocation,/mnt/ubna_data_02_mir/recover-20220922/UBNA_001/20220921_090000.WAV,Telephone Field,recover-20220922,001,1795
886.9325,886.9752,68437,82815,Rhinolophus ferrumequinum,0.033,0.033,-1,Echolocation,/mnt/ubna_data_02_mir/recover-20220922/UBNA_001/20220921_090000.WAV,Telephone Field,recover-20220922,001,1795
886.9525,886.9681,15156,20104,Nyctalus noctula,0.022,0.031,-1,Echolocation,/mnt/ubna_data_02_mir/recover-20220922/UBNA_001/20220921_090000.WAV,Telephone Field,recover-20220922,001,1795
886.9555,886.965,46953,52776,Pipistrellus pipistrellus,0.023,0.025,-1,Echolocation,/mnt/ubna_data_02_mir/recover-20220922/UBNA_001/20220921_090000.WAV,Telephone Field,recover-20220922,001,1795
886.9905,887.0288,68437,82377,Rhinolophus ferrumequinum,0.021,0.021,-1,Echolocation,/mnt/ubna_data_02_mir/recover-20220922/UBNA_001/20220921_090000.WAV,Telephone Field,recover-20220922,001,1795
887.0125,887.0233,27187,33206,Eptesicus serotinus,0.011,0.024,-1,Echolocation,/mnt/ubna_data_02_mir/recover-20220922/UBNA_001/20220921_090000.WAV,Telephone Field,recover-20220922,001,1795
887.0235,887.0304,28046,43648,Eptesicus serotinus,0.007,0.027,-1,Echolocation,/mnt/ubna_data_02_mir/recover-20220922/UBNA_001/20220921_090000.WAV,Telephone Field,recover-20220922,001,1795
887.0635,887.0732,28046,39484,Eptesicus serotinus,0.009,0.022,-1,Echolocation,/mnt/ubna_data_02_mir/recover-20220922/UBNA_001/20220921_090000.WAV,Telephone Field,recover-20220922,001,1795
887.0815,887.0916,23750,30611,Nyctalus leisleri,0.01,0.03,-1,Echolocation,/mnt/ubna_data_02_mir/recover-20220922/UBNA_001/20220921_090000.WAV,Telephone Field,recover-20220922,001,1795
887.1105,887.1534,68437,82160,Rhinolophus ferrumequinum,0.03,0.03,-1,Echolocation,/mnt/ubna_data_02_mir/recover-20220922/UBNA_001/20220921_090000.WAV,Telephone Field,recover-20220922,001,1795
887.1155,887.1229,28046,38297,Eptesicus serotinus,0.006,0.021,-1,Echolocation,/mnt/ubna_data_02_mir/recover-20220922/UBNA_001/20220921_090000.WAV,Telephone Field,recover-20220922,001,1795
887.1295,887.1698,68437,82102,Rhinolophus ferrumequinum,0.024,0.024,-1,Echolocation,/mnt/ubna_data_02_mir/recover-20220922/UBNA_001/20220921_090000.WAV,Telephone Field,recover-20220922,001,1795
887.1695,887.1788,49531,55382,Pipistrellus pipistrellus,0.017,0.02,-1,Echolocation,/mnt/ubna_data_02_mir/recover-20220922/UBNA_001/20220921_090000.WAV,Telephone Field,recover-20220922,001,1795
887.1715,887.1794,28046,38981,Eptesicus serotinus,0.007,0.021,-1,Echolocation,/mnt/ubna_data_02_mir/recover-20220922/UBNA_001/20220921_090000.WAV,Telephone Field,recover-20220922,001,1795
887.1745,887.2098,68437,80918,Rhinolophus ferrumequinum,0.021,0.021,-1,Echolocation,/mnt/ubna_data_02_mir/recover-20220922/UBNA_001/20220921_090000.WAV,Telephone Field,recover-20220922,001,1795
887.2245,887.2642,68437,82191,Rhinolophus ferrumequinum,0.027,0.027,-1,Echolocation,/mnt/ubna_data_02_mir/recover-20220922/UBNA_001/20220921_090000.WAV,Telephone Field,recover-20220922,001,1795
887.2345,887.2718,68437,81862,Rhinolophus ferrumequinum,0.021,0.021,-1,Echolocation,/mnt/ubna_data_02_mir/recover-20220922/UBNA_001/20220921_090000.WAV,Telephone Field,recover-20220922,001,1795
887.2405,887.2472,28046,39527,Eptesicus serotinus,0.006,0.024,-1,Echolocation,/mnt/ubna_data_02_mir/recover-20220922/UBNA_001/20220921_090000.WAV,Telephone Field,recover-20220922,001,1795
887.2535,887.2925,68437,81958,Rhinolophus ferrumequinum,0.021,0.021,-1,Echolocation,/mnt/ubna_data_02_mir/recover-20220922/UBNA_001/20220921_090000.WAV,Telephone Field,recover-20220922,001,1795
887.2615,887.3011,68437,82378,Rhinolophus ferrumequinum,0.023,0.023,-1,Echolocation,/mnt/ubna_data_02_mir/recover-20220922/UBNA_001/20220921_090000.WAV,Telephone Field,recover-20220922,001,1795
887.2735,887.2852,47812,50553,Pipistrellus pipistrellus,0.024,0.027,-1,Echolocation,/mnt/ubna_data_02_mir/recover-20220922/UBNA_001/20220921_090000.WAV,Telephone Field,recover-20220922,001,1795
887.2935,887.3002,24609,34127,Plecotus auritus,0.012,0.032,-1,Echolocation,/mnt/ubna_data_02_mir/recover-20220922/UBNA_001/20220921_090000.WAV,Telephone Field,recover-20220922,001,1795
887.3375,887.3469,27187,37081,Eptesicus serotinus,0.008,0.02,-1,Echolocation,/mnt/ubna_data_02_mir/recover-20220922/UBNA_001/20220921_090000.WAV,Telephone Field,recover-20220922,001,1795
887.4014999999999,887.4383,68437,81843,Rhinolophus ferrumequinum,0.028,0.028,-1,Echolocation,/mnt/ubna_data_02_mir/recover-20220922/UBNA_001/20220921_090000.WAV,Telephone Field,recover-20220922,001,1795
887.4185,887.4301,23750,29105,Nyctalus leisleri,0.009,0.021,-1,Echolocation,/mnt/ubna_data_02_mir/recover-20220922/UBNA_001/20220921_090000.WAV,Telephone Field,recover-20220922,001,1795
887.4635,887.4727,25468,33431,Eptesicus serotinus,0.008,0.022,-1,Echolocation,/mnt/ubna_data_02_mir/recover-20220922/UBNA_001/20220921_090000.WAV,Telephone Field,recover-20220922,001,1795
887.4895,887.5355,68437,83292,Rhinolophus ferrumequinum,0.041,0.041,-1,Echolocation,/mnt/ubna_data_02_mir/recover-20220922/UBNA_001/20220921_090000.WAV,Telephone Field,recover-20220922,001,1795
887.5515,887.5585,24609,33050,Plecotus austriacus,0.006,0.021,-1,Echolocation,/mnt/ubna_data_02_mir/recover-20220922/UBNA_001/20220921_090000.WAV,Telephone Field,recover-20220922,001,1795
887.5775,887.619,68437,82955,Rhinolophus ferrumequinum,0.023,0.023,-1,Echolocation,/mnt/ubna_data_02_mir/recover-20220922/UBNA_001/20220921_090000.WAV,Telephone Field,recover-20220922,001,1795
887.6075,887.6221,22031,25797,Nyctalus leisleri,0.017,0.029,-1,Echolocation,/mnt/ubna_data_02_mir/recover-20220922/UBNA_001/20220921_090000.WAV,Telephone Field,recover-20220922,001,1795
887.6255,887.6339,28906,39190,Eptesicus serotinus,0.009,0.024,-1,Echolocation,/mnt/ubna_data_02_mir/recover-20220922/UBNA_001/20220921_090000.WAV,Telephone Field,recover-20220922,001,1795
887.6685,887.6757,24609,33362,Plecotus austriacus,0.007,0.023,-1,Echolocation,/mnt/ubna_data_02_mir/recover-20220922/UBNA_001/20220921_090000.WAV,Telephone Field,recover-20220922,001,1795
887.6815,887.6932,27187,34671,Eptesicus serotinus,0.016,0.029,-1,Echolocation,/mnt/ubna_data_02_mir/recover-20220922/UBNA_001/20220921_090000.WAV,Telephone Field,recover-20220922,001,1795
887.6995,887.736,68437,81843,Rhinolophus ferrumequinum,0.023,0.023,-1,Echolocation,/mnt/ubna_data_02_mir/recover-20220922/UBNA_001/20220921_090000.WAV,Telephone Field,recover-20220922,001,1795
887.7135,887.7247,28906,38555,Eptesicus serotinus,0.015,0.03,-1,Echolocation,/mnt/ubna_data_02_mir/recover-20220922/UBNA_001/20220921_090000.WAV,Telephone Field,recover-20220922,001,1795
887.7155,887.7532,68437,81830,Rhinolophus ferrumequinum,0.022,0.022,-1,Echolocation,/mnt/ubna_data_02_mir/recover-20220922/UBNA_001/20220921_090000.WAV,Telephone Field,recover-20220922,001,1795
887.7405,887.752,37500,42726,Pipistrellus nathusii,0.009,0.023,-1,Echolocation,/mnt/ubna_data_02_mir/recover-20220922/UBNA_001/20220921_090000.WAV,Telephone Field,recover-20220922,001,1795
887.7875,887.7969,31484,41079,Eptesicus serotinus,0.007,0.022,-1,Echolocation,/mnt/ubna_data_02_mir/recover-20220922/UBNA_001/20220921_090000.WAV,Telephone Field,recover-20220922,001,1795
887.7995,887.8104,28046,36714,Eptesicus serotinus,0.009,0.021,-1,Echolocation,/mnt/ubna_data_02_mir/recover-20220922/UBNA_001/20220921_090000.WAV,Telephone Field,recover-20220922,001,1795
887.8315,887.876,68437,82905,Rhinolophus ferrumequinum,0.021,0.021,-1,Echolocation,/mnt/ubna_data_02_mir/recover-20220922/UBNA_001/20220921_090000.WAV,Telephone Field,recover-20220922,001,1795
887.8395,887.8818,68437,83030,Rhinolophus ferrumequinum,0.024,0.024,-1,Echolocation,/mnt/ubna_data_02_mir/recover-20220922/UBNA_001/20220921_090000.WAV,Telephone Field,recover-20220922,001,1795
887.8715,887.9112,68437,82192,Rhinolophus ferrumequinum,0.024,0.024,-1,Echolocation,/mnt/ubna_data_02_mir/recover-20220922/UBNA_001/20220921_090000.WAV,Telephone Field,recover-20220922,001,1795
887.8915,887.9014999999999,22890,28795,Nyctalus leisleri,0.009,0.023,-1,Echolocation,/mnt/ubna_data_02_mir/recover-20220922/UBNA_001/20220921_090000.WAV,Telephone Field,recover-20220922,001,1795
887.8925,887.9321,68437,82111,Rhinolophus ferrumequinum,0.021,0.021,-1,Echolocation,/mnt/ubna_data_02_mir/recover-20220922/UBNA_001/20220921_090000.WAV,Telephone Field,recover-20220922,001,1795
887.9285,887.9684,68437,82512,Rhinolophus ferrumequinum,0.024,0.024,-1,Echolocation,/mnt/ubna_data_02_mir/recover-20220922/UBNA_001/20220921_090000.WAV,Telephone Field,recover-20220922,001,1795
887.9865,887.9959,27187,38706,Eptesicus serotinus,0.009,0.022,-1,Echolocation,/mnt/ubna_data_02_mir/recover-20220922/UBNA_001/20220921_090000.WAV,Telephone Field,recover-20220922,001,1795
888.0015,888.0117,46953,54026,Pipistrellus pipistrellus,0.017,0.024,-1,Echolocation,/mnt/ubna_data_02_mir/recover-20220922/UBNA_001/20220921_090000.WAV,Telephone Field,recover-20220922,001,1795
888.0015,888.0329,69296,81432,Rhinolophus ferrumequinum,0.026,0.026,-1,Echolocation,/mnt/ubna_data_02_mir/recover-20220922/UBNA_001/20220921_090000.WAV,Telephone Field,recover-20220922,001,1795
888.0015,888.0116,22890,28999,Nyctalus leisleri,0.016,0.038,-1,Echolocation,/mnt/ubna_data_02_mir/recover-20220922/UBNA_001/20220921_090000.WAV,Telephone Field,recover-20220922,001,1795
888.0015,888.0113,12578,22149,Nyctalus leisleri,0.02,0.026,-1,Echolocation,/mnt/ubna_data_02_mir/recover-20220922/UBNA_001/20220921_090000.WAV,Telephone Field,recover-20220922,001,1795
888.0115,888.0536,68437,82478,Rhinolophus ferrumequinum,0.022,0.022,-1,Echolocation,/mnt/ubna_data_02_mir/recover-20220922/UBNA_001/20220921_090000.WAV,Telephone Field,recover-20220922,001,1795
888.0465,888.0842,68437,81552,Rhinolophus ferrumequinum,0.022,0.022,-1,Echolocation,/mnt/ubna_data_02_mir/recover-20220922/UBNA_001/20220921_090000.WAV,Telephone Field,recover-20220922,001,1795
888.0625,888.0698,23750,32040,Plecotus austriacus,0.01,0.023,-1,Echolocation,/mnt/ubna_data_02_mir/recover-20220922/UBNA_001/20220921_090000.WAV,Telephone Field,recover-20220922,001,1795
888.0675,888.1023,68437,81370,Rhinolophus ferrumequinum,0.023,0.023,-1,Echolocation,/mnt/ubna_data_02_mir/recover-20220922/UBNA_001/20220921_090000.WAV,Telephone Field,recover-20220922,001,1795
888.1455,888.1865,68437,82678,Rhinolophus ferrumequinum,0.022,0.022,-1,Echolocation,/mnt/ubna_data_02_mir/recover-20220922/UBNA_001/20220921_090000.WAV,Telephone Field,recover-20220922,001,1795
888.2045,888.2428,68437,81828,Rhinolophus ferrumequinum,0.031,0.031,-1,Echolocation,/mnt/ubna_data_02_mir/recover-20220922/UBNA_001/20220921_090000.WAV,Telephone Field,recover-20220922,001,1795
888.2225,888.2306,26328,37363,Eptesicus serotinus,0.007,0.021,-1,Echolocation,/mnt/ubna_data_02_mir/recover-20220922/UBNA_001/20220921_090000.WAV,Telephone Field,recover-20220922,001,1795
888.2265,888.2642,68437,81571,Rhinolophus ferrumequinum,0.022,0.022,-1,Echolocation,/mnt/ubna_data_02_mir/recover-20220922/UBNA_001/20220921_090000.WAV,Telephone Field,recover-20220922,001,1795
888.2575,888.2958,68437,81560,Rhinolophus ferrumequinum,0.024,0.024,-1,Echolocation,/mnt/ubna_data_02_mir/recover-20220922/UBNA_001/20220921_090000.WAV,Telephone Field,recover-20220922,001,1795
888.2755,888.3134,68437,82272,Rhinolophus ferrumequinum,0.021,0.021,-1,Echolocation,/mnt/ubna_data_02_mir/recover-20220922/UBNA_001/20220921_090000.WAV,Telephone Field,recover-20220922,001,1795
888.2915,888.2989,27187,36228,Eptesicus serotinus,0.009,0.026,-1,Echolocation,/mnt/ubna_data_02_mir/recover-20220922/UBNA_001/20220921_090000.WAV,Telephone Field,recover-20220922,001,1795
888.3115,888.3514,68437,82973,Rhinolophus ferrumequinum,0.028,0.028,-1,Echolocation,/mnt/ubna_data_02_mir/recover-20220922/UBNA_001/20220921_090000.WAV,Telephone Field,recover-20220922,001,1795
888.3145,888.323,28046,39159,Eptesicus serotinus,0.007,0.021,-1,Echolocation,/mnt/ubna_data_02_mir/recover-20220922/UBNA_001/20220921_090000.WAV,Telephone Field,recover-20220922,001,1795
888.3165,888.3265,23750,30735,Nyctalus leisleri,0.007,0.022,-1,Echolocation,/mnt/ubna_data_02_mir/recover-20220922/UBNA_001/20220921_090000.WAV,Telephone Field,recover-20220922,001,1795
888.3555,888.3951,68437,82699,Rhinolophus ferrumequinum,0.034,0.034,-1,Echolocation,/mnt/ubna_data_02_mir/recover-20220922/UBNA_001/20220921_090000.WAV,Telephone Field,recover-20220922,001,1795
888.4105,888.421,23750,29334,Nyctalus leisleri,0.011,0.027,-1,Echolocation,/mnt/ubna_data_02_mir/recover-20220922/UBNA_001/20220921_090000.WAV,Telephone Field,recover-20220922,001,1795
888.4105,888.4499,68437,82693,Rhinolophus ferrumequinum,0.023,0.023,-1,Echolocation,/mnt/ubna_data_02_mir/recover-20220922/UBNA_001/20220921_090000.WAV,Telephone Field,recover-20220922,001,1795
888.4475,888.4868,68437,82844,Rhinolophus ferrumequinum,0.024,0.024,-1,Echolocation,/mnt/ubna_data_02_mir/recover-20220922/UBNA_001/20220921_090000.WAV,Telephone Field,recover-20220922,001,1795
888.4595,888.5026,68437,83213,Rhinolophus ferrumequinum,0.023,0.023,-1,Echolocation,/mnt/ubna_data_02_mir/recover-20220922/UBNA_001/20220921_090000.WAV,Telephone Field,recover-20220922,001,1795
888.4965,888.5324,68437,81310,Rhinolophus ferrumequinum,0.021,0.021,-1,Echolocation,/mnt/ubna_data_02_mir/recover-20220922/UBNA_001/20220921_090000.WAV,Telephone Field,recover-20220922,001,1795
888.5135,888.552,68437,81528,Rhinolophus ferrumequinum,0.022,0.022,-1,Echolocation,/mnt/ubna_data_02_mir/recover-20220922/UBNA_001/20220921_090000.WAV,Telephone Field,recover-20220922,001,1795
888.5255,888.5366,22890,28550,Nyctalus leisleri,0.011,0.025,-1,Echolocation,/mnt/ubna_data_02_mir/recover-20220922/UBNA_001/20220921_090000.WAV,Telephone Field,recover-20220922,001,1795
888.5365,888.5479,21171,25076,Nyctalus leisleri,0.012,0.024,-1,Echolocation,/mnt/ubna_data_02_mir/recover-20220922/UBNA_001/20220921_090000.WAV,Telephone Field,recover-20220922,001,1795
888.5395,888.5796,68437,81976,Rhinolophus ferrumequinum,0.041,0.041,-1,Echolocation,/mnt/ubna_data_02_mir/recover-20220922/UBNA_001/20220921_090000.WAV,Telephone Field,recover-20220922,001,1795
888.5685,888.5761,23750,32132,Plecotus austriacus,0.008,0.022,-1,Echolocation,/mnt/ubna_data_02_mir/recover-20220922/UBNA_001/20220921_090000.WAV,Telephone Field,recover-20220922,001,1795
888.5915,888.6268,68437,79998,Rhinolophus ferrumequinum,0.027,0.027,-1,Echolocation,/mnt/ubna_data_02_mir/recover-20220922/UBNA_001/20220921_090000.WAV,Telephone Field,recover-20220922,001,1795
888.5975,888.6087,22031,27057,Nyctalus leisleri,0.01,0.022,-1,Echolocation,/mnt/ubna_data_02_mir/recover-20220922/UBNA_001/20220921_090000.WAV,Telephone Field,recover-20220922,001,1795
888.6495,888.6907,68437,82462,Rhinolophus ferrumequinum,0.026,0.026,-1,Echolocation,/mnt/ubna_data_02_mir/recover-20220922/UBNA_001/20220921_090000.WAV,Telephone Field,recover-20220922,001,1795
888.6725,888.6799,27187,38414,Eptesicus serotinus,0.007,0.021,-1,Echolocation,/mnt/ubna_data_02_mir/recover-20220922/UBNA_001/20220921_090000.WAV,Telephone Field,recover-20220922,001,1795
888.7075,888.7479,68437,82369,Rhinolophus ferrumequinum,0.022,0.022,-1,Echolocation,/mnt/ubna_data_02_mir/recover-20220922/UBNA_001/20220921_090000.WAV,Telephone Field,recover-20220922,001,1795
888.7265,888.7643,68437,81833,Rhinolophus ferrumequinum,0.021,0.021,-1,Echolocation,/mnt/ubna_data_02_mir/recover-20220922/UBNA_001/20220921_090000.WAV,Telephone Field,recover-20220922,001,1795
888.7425,888.7529,28906,37226,Eptesicus serotinus,0.014,0.031,-1,Echolocation,/mnt/ubna_data_02_mir/recover-20220922/UBNA_001/20220921_090000.WAV,Telephone Field,recover-20220922,001,1795
888.7695,888.8075,68437,82007,Rhinolophus ferrumequinum,0.026,0.026,-1,Echolocation,/mnt/ubna_data_02_mir/recover-20220922/UBNA_001/20220921_090000.WAV,Telephone Field,recover-20220922,001,1795
888.7845,888.822,68437,81546,Rhinolophus ferrumequinum,0.021,0.022,-1,Echolocation,/mnt/ubna_data_02_mir/recover-20220922/UBNA_001/20220921_090000.WAV,Telephone Field,recover-20220922,001,1795
888.8325,888.8692,68437,81655,Rhinolophus ferrumequinum,0.022,0.022,-1,Echolocation,/mnt/ubna_data_02_mir/recover-20220922/UBNA_001/20220921_090000.WAV,Telephone Field,recover-20220922,001,1795
888.8365,888.8566,19453,22662,Nyctalus leisleri,0.021,0.042,-1,Echolocation,/mnt/ubna_data_02_mir/recover-20220922/UBNA_001/20220921_090000.WAV,Telephone Field,recover-20220922,001,1795
888.8515,888.8622,23750,29981,Nyctalus leisleri,0.01,0.025,-1,Echolocation,/mnt/ubna_data_02_mir/recover-20220922/UBNA_001/20220921_090000.WAV,Telephone Field,recover-20220922,001,1795
888.8525,888.8933,68437,82185,Rhinolophus ferrumequinum,0.026,0.026,-1,Echolocation,/mnt/ubna_data_02_mir/recover-20220922/UBNA_001/20220921_090000.WAV,Telephone Field,recover-20220922,001,1795
888.8775,888.9177,68437,81506,Rhinolophus ferrumequinum,0.021,0.021,-1,Echolocation,/mnt/ubna_data_02_mir/recover-20220922/UBNA_001/20220921_090000.WAV,Telephone Field,recover-20220922,001,1795
888.9195,888.9611,68437,82387,Rhinolophus ferrumequinum,0.036,0.036,-1,Echolocation,/mnt/ubna_data_02_mir/recover-20220922/UBNA_001/20220921_090000.WAV,Telephone Field,recover-20220922,001,1795
888.9485,888.9565,28046,39722,Eptesicus serotinus,0.01,0.027,-1,Echolocation,/mnt/ubna_data_02_mir/recover-20220922/UBNA_001/20220921_090000.WAV,Telephone Field,recover-20220922,001,1795
888.9715,889.0101,68437,81794,Rhinolophus ferrumequinum,0.022,0.022,-1,Echolocation,/mnt/ubna_data_02_mir/recover-20220922/UBNA_001/20220921_090000.WAV,Telephone Field,recover-20220922,001,1795
888.9835,889.0023,20312,23175,Nyctalus leisleri,0.02,0.035,-1,Echolocation,/mnt/ubna_data_02_mir/recover-20220922/UBNA_001/20220921_090000.WAV,Telephone Field,recover-20220922,001,1795
888.9965,889.0322,68437,81073,Rhinolophus ferrumequinum,0.022,0.022,-1,Echolocation,/mnt/ubna_data_02_mir/recover-20220922/UBNA_001/20220921_090000.WAV,Telephone Field,recover-20220922,001,1795
889.0045,889.0119,29765,38957,Myotis daubentonii,0.006,0.022,-1,Echolocation,/mnt/ubna_data_02_mir/recover-20220922/UBNA_001/20220921_090000.WAV,Telephone Field,recover-20220922,001,1795
889.0275,889.0363,28046,39874,Eptesicus serotinus,0.01,0.026,-1,Echolocation,/mnt/ubna_data_02_mir/recover-20220922/UBNA_001/20220921_090000.WAV,Telephone Field,recover-20220922,001,1795
889.0455,889.0851,68437,82412,Rhinolophus ferrumequinum,0.027,0.027,-1,Echolocation,/mnt/ubna_data_02_mir/recover-20220922/UBNA_001/20220921_090000.WAV,Telephone Field,recover-20220922,001,1795
889.0705,889.1102,68437,82924,Rhinolophus ferrumequinum,0.023,0.023,-1,Echolocation,/mnt/ubna_data_02_mir/recover-20220922/UBNA_001/20220921_090000.WAV,Telephone Field,recover-20220922,001,1795
889.0845,889.1245,68437,82378,Rhinolophus ferrumequinum,0.023,0.023,-1,Echolocation,/mnt/ubna_data_02_mir/recover-20220922/UBNA_001/20220921_090000.WAV,Telephone Field,recover-20220922,001,1795
889.0855,889.0956,22031,27140,Nyctalus leisleri,0.01,0.024,-1,Echolocation,/mnt/ubna_data_02_mir/recover-20220922/UBNA_001/20220921_090000.WAV,Telephone Field,recover-20220922,001,1795
889.1595,889.2003,68437,82346,Rhinolophus ferrumequinum,0.023,0.023,-1,Echolocation,/mnt/ubna_data_02_mir/recover-20220922/UBNA_001/20220921_090000.WAV,Telephone Field,recover-20220922,001,1795
889.1805,889.2214,68437,82395,Rhinolophus ferrumequinum,0.052,0.052,-1,Echolocation,/mnt/ubna_data_02_mir/recover-20220922/UBNA_001/20220921_090000.WAV,Telephone Field,recover-20220922,001,1795
889.2025,889.2115,27187,37363,Eptesicus serotinus,0.008,0.021,-1,Echolocation,/mnt/ubna_data_02_mir/recover-20220922/UBNA_001/20220921_090000.WAV,Telephone Field,recover-20220922,001,1795
889.2565,889.2718,21171,24278,Nyctalus leisleri,0.014,0.023,-1,Echolocation,/mnt/ubna_data_02_mir/recover-20220922/UBNA_001/20220921_090000.WAV,Telephone Field,recover-20220922,001,1795
889.3175,889.3537,68437,81874,Rhinolophus ferrumequinum,0.022,0.022,-1,Echolocation,/mnt/ubna_data_02_mir/recover-20220922/UBNA_001/20220921_090000.WAV,Telephone Field,recover-20220922,001,1795
889.3175,889.3256,27187,37675,Eptesicus serotinus,0.008,0.024,-1,Echolocation,/mnt/ubna_data_02_mir/recover-20220922/UBNA_001/20220921_090000.WAV,Telephone Field,recover-20220922,001,1795
889.3405,889.3508,24609,31426,Eptesicus serotinus,0.011,0.032,-1,Echolocation,/mnt/ubna_data_02_mir/recover-20220922/UBNA_001/20220921_090000.WAV,Telephone Field,recover-20220922,001,1795
889.3475,889.3839,68437,81034,Rhinolophus ferrumequinum,0.023,0.023,-1,Echolocation,/mnt/ubna_data_02_mir/recover-20220922/UBNA_001/20220921_090000.WAV,Telephone Field,recover-20220922,001,1795
889.3525,889.3584,26328,38013,Plecotus austriacus,0.009,0.032,-1,Echolocation,/mnt/ubna_data_02_mir/recover-20220922/UBNA_001/20220921_090000.WAV,Telephone Field,recover-20220922,001,1795
889.3645,889.4061,68437,82485,Rhinolophus ferrumequinum,0.032,0.032,-1,Echolocation,/mnt/ubna_data_02_mir/recover-20220922/UBNA_001/20220921_090000.WAV,Telephone Field,recover-20220922,001,1795
889.3675,889.3772,28046,36021,Eptesicus serotinus,0.008,0.022,-1,Echolocation,/mnt/ubna_data_02_mir/recover-20220922/UBNA_001/20220921_090000.WAV,Telephone Field,recover-20220922,001,1795
889.4575,889.496,68437,81705,Rhinolophus ferrumequinum,0.022,0.022,-1,Echolocation,/mnt/ubna_data_02_mir/recover-20220922/UBNA_001/20220921_090000.WAV,Telephone Field,recover-20220922,001,1795
889.4715,889.4804,24609,31907,Nyctalus leisleri,0.007,0.023,-1,Echolocation,/mnt/ubna_data_02_mir/recover-20220922/UBNA_001/20220921_090000.WAV,Telephone Field,recover-20220922,001,1795
889.5105,889.5197000000001,28046,37361,Eptesicus serotinus,0.008,0.022,-1,Echolocation,/mnt/ubna_data_02_mir/recover-20220922/UBNA_001/20220921_090000.WAV,Telephone Field,recover-20220922,001,1795
889.5145,889.5249,22031,26908,Nyctalus leisleri,0.009,0.022,-1,Echolocation,/mnt/ubna_data_02_mir/recover-20220922/UBNA_001/20220921_090000.WAV,Telephone Field,recover-20220922,001,1795
889.5315,889.5396,27187,38651,Eptesicus serotinus,0.007,0.021,-1,Echolocation,/mnt/ubna_data_02_mir/recover-20220922/UBNA_001/20220921_090000.WAV,Telephone Field,recover-20220922,001,1795
889.5345,889.5741,68437,82451,Rhinolophus ferrumequinum,0.024,0.024,-1,Echolocation,/mnt/ubna_data_02_mir/recover-20220922/UBNA_001/20220921_090000.WAV,Telephone Field,recover-20220922,001,1795
889.5375,889.5488,22031,26160,Nyctalus leisleri,0.012,0.021,-1,Echolocation,/mnt/ubna_data_02_mir/recover-20220922/UBNA_001/20220921_090000.WAV,Telephone Field,recover-20220922,001,1795
889.5715,889.6145,68437,83088,Rhinolophus ferrumequinum,0.032,0.032,-1,Echolocation,/mnt/ubna_data_02_mir/recover-20220922/UBNA_001/20220921_090000.WAV,Telephone Field,recover-20220922,001,1795
889.6265,889.6668999999999,68437,82513,Rhinolophus ferrumequinum,0.023,0.024,-1,Echolocation,/mnt/ubna_data_02_mir/recover-20220922/UBNA_001/20220921_090000.WAV,Telephone Field,recover-20220922,001,1795
889.6305,889.6389,27187,38236,Eptesicus serotinus,0.007,0.022,-1,Echolocation,/mnt/ubna_data_02_mir/recover-20220922/UBNA_001/20220921_090000.WAV,Telephone Field,recover-20220922,001,1795
889.6335,889.6732,68437,82272,Rhinolophus ferrumequinum,0.024,0.024,-1,Echolocation,/mnt/ubna_data_02_mir/recover-20220922/UBNA_001/20220921_090000.WAV,Telephone Field,recover-20220922,001,1795
889.6425,889.6813,68437,82510,Rhinolophus ferrumequinum,0.022,0.022,-1,Echolocation,/mnt/ubna_data_02_mir/recover-20220922/UBNA_001/20220921_090000.WAV,Telephone Field,recover-20220922,001,1795
889.6545,889.6638,22890,30212,Nyctalus leisleri,0.007,0.023,-1,Echolocation,/mnt/ubna_data_02_mir/recover-20220922/UBNA_001/20220921_090000.WAV,Telephone Field,recover-20220922,001,1795
889.6605,889.6963,68437,81044,Rhinolophus ferrumequinum,0.022,0.022,-1,Echolocation,/mnt/ubna_data_02_mir/recover-20220922/UBNA_001/20220921_090000.WAV,Telephone Field,recover-20220922,001,1795
889.6775,889.7127,68437,81045,Rhinolophus ferrumequinum,0.023,0.023,-1,Echolocation,/mnt/ubna_data_02_mir/recover-20220922/UBNA_001/20220921_090000.WAV,Telephone Field,recover-20220922,001,1795
889.7035,889.7447,68437,82592,Rhinolophus ferrumequinum,0.023,0.023,-1,Echolocation,/mnt/ubna_data_02_mir/recover-20220922/UBNA_001/20220921_090000.WAV,Telephone Field,recover-20220922,001,1795
889.7285,889.7381,43515,46987,Pipistrellus pipistrellus,0.022,0.025,-1,Echolocation,/mnt/ubna_data_02_mir/recover-20220922/UBNA_001/20220921_090000.WAV,Telephone Field,recover-20220922,001,1795
889.7285,889.7681,68437,81897,Rhinolophus ferrumequinum,0.024,0.024,-1,Echolocation,/mnt/ubna_data_02_mir/recover-20220922/UBNA_001/20220921_090000.WAV,Telephone Field,recover-20220922,001,1795
889.7285,889.736,27187,40512,Eptesicus serotinus,0.007,0.024,-1,Echolocation,/mnt/ubna_data_02_mir/recover-20220922/UBNA_001/20220921_090000.WAV,Telephone Field,recover-20220922,001,1795
889.7365,889.7728,68437,81525,Rhinolophus ferrumequinum,0.029,0.029,-1,Echolocation,/mnt/ubna_data_02_mir/recover-20220922/UBNA_001/20220921_090000.WAV,Telephone Field,recover-20220922,001,1795
889.7395,889.7493,22031,27747,Nyctalus leisleri,0.009,0.024,-1,Echolocation,/mnt/ubna_data_02_mir/recover-20220922/UBNA_001/20220921_090000.WAV,Telephone Field,recover-20220922,001,1795
889.7445,889.7537,24609,30965,Nyctalus leisleri,0.009,0.023,-1,Echolocation,/mnt/ubna_data_02_mir/recover-20220922/UBNA_001/20220921_090000.WAV,Telephone Field,recover-20220922,001,1795
889.7615,889.7983,68437,80972,Rhinolophus ferrumequinum,0.025,0.025,-1,Echolocation,/mnt/ubna_data_02_mir/recover-20220922/UBNA_001/20220921_090000.WAV,Telephone Field,recover-20220922,001,1795
889.7855,889.7951,28046,37698,Eptesicus serotinus,0.029,0.047,-1,Echolocation,/mnt/ubna_data_02_mir/recover-20220922/UBNA_001/20220921_090000.WAV,Telephone Field,recover-20220922,001,1795
889.8065,889.8476,68437,82444,Rhinolophus ferrumequinum,0.029,0.029,-1,Echolocation,/mnt/ubna_data_02_mir/recover-20220922/UBNA_001/20220921_090000.WAV,Telephone Field,recover-20220922,001,1795
889.8175,889.8247,28046,38830,Eptesicus serotinus,0.006,0.022,-1,Echolocation,/mnt/ubna_data_02_mir/recover-20220922/UBNA_001/20220921_090000.WAV,Telephone Field,recover-20220922,001,1795
889.8295,889.8411,22890,27740,Nyctalus leisleri,0.024,0.051,-1,Echolocation,/mnt/ubna_data_02_mir/recover-20220922/UBNA_001/20220921_090000.WAV,Telephone Field,recover-20220922,001,1795
889.8625,889.8999,68437,82298,Rhinolophus ferrumequinum,0.025,0.025,-1,Echolocation,/mnt/ubna_data_02_mir/recover-20220922/UBNA_001/20220921_090000.WAV,Telephone Field,recover-20220922,001,1795
889.9014999999999,889.9406,68437,82063,Rhinolophus ferrumequinum,0.028,0.028,-1,Echolocation,/mnt/ubna_data_02_mir/recover-20220922/UBNA_001/20220921_090000.WAV,Telephone Field,recover-20220922,001,1795
889.9115,889.9523,68437,83014,Rhinolophus ferrumequinum,0.025,0.025,-1,Echolocation,/mnt/ubna_data_02_mir/recover-20220922/UBNA_001/20220921_090000.WAV,Telephone Field,recover-20220922,001,1795
889.9215,889.9283,49531,53935,Pipistrellus pipistrellus,0.03,0.032,-1,Echolocation,/mnt/ubna_data_02_mir/recover-20220922/UBNA_001/20220921_090000.WAV,Telephone Field,recover-20220922,001,1795
889.9465,889.9837,68437,81406,Rhinolophus ferrumequinum,0.023,0.023,-1,Echolocation,/mnt/ubna_data_02_mir/recover-20220922/UBNA_001/20220921_090000.WAV,Telephone Field,recover-20220922,001,1795
890.0015,890.0098,26328,34135,Nyctalus leisleri,0.009,0.03,-1,Echolocation,/mnt/ubna_data_02_mir/recover-20220922/UBNA_001/20220921_090000.WAV,Telephone Field,recover-20220922,001,1795
890.0015,890.0324,69296,82198,Rhinolophus ferrumequinum,0.028,0.028,-1,Echolocation,/mnt/ubna_data_02_mir/recover-20220922/UBNA_001/20220921_090000.WAV,Telephone Field,recover-20220922,001,1795
890.0495,890.0918,68437,83134,Rhinolophus ferrumequinum,0.036,0.036,-1,Echolocation,/mnt/ubna_data_02_mir/recover-20220922/UBNA_001/20220921_090000.WAV,Telephone Field,recover-20220922,001,1795
890.0765,890.1129,68437,81242,Rhinolophus ferrumequinum,0.029,0.029,-1,Echolocation,/mnt/ubna_data_02_mir/recover-20220922/UBNA_001/20220921_090000.WAV,Telephone Field,recover-20220922,001,1795
890.0865,890.1222,68437,81951,Rhinolophus ferrumequinum,0.035,0.035,-1,Echolocation,/mnt/ubna_data_02_mir/recover-20220922/UBNA_001/20220921_090000.WAV,Telephone Field,recover-20220922,001,1795
890.1385,890.1456000000001,28046,39508,Eptesicus serotinus,0.007,0.023,-1,Echolocation,/mnt/ubna_data_02_mir/recover-20220922/UBNA_001/20220921_090000.WAV,Telephone Field,recover-20220922,001,1795
890.1785,890.2139,68437,82032,Rhinolophus ferrumequinum,0.029,0.029,-1,Echolocation,/mnt/ubna_data_02_mir/recover-20220922/UBNA_001/20220921_090000.WAV,Telephone Field,recover-20220922,001,1795
890.1945,890.2334,68437,82870,Rhinolophus ferrumequinum,0.025,0.025,-1,Echolocation,/mnt/ubna_data_02_mir/recover-20220922/UBNA_001/20220921_090000.WAV,Telephone Field,recover-20220922,001,1795
890.2175,890.2259,23750,31824,Plecotus austriacus,0.009,0.024,-1,Echolocation,/mnt/ubna_data_02_mir/recover-20220922/UBNA_001/20220921_090000.WAV,Telephone Field,recover-20220922,001,1795
890.2315,890.2669,68437,81496,Rhinolophus ferrumequinum,0.034,0.034,-1,Echolocation,/mnt/ubna_data_02_mir/recover-20220922/UBNA_001/20220921_090000.WAV,Telephone Field,recover-20220922,001,1795
890.2475,890.2872,68437,82645,Rhinolophus ferrumequinum,0.023,0.023,-1,Echolocation,/mnt/ubna_data_02_mir/recover-20220922/UBNA_001/20220921_090000.WAV,Telephone Field,recover-20220922,001,1795
890.2545,890.2915,68437,82273,Rhinolophus ferrumequinum,0.025,0.025,-1,Echolocation,/mnt/ubna_data_02_mir/recover-20220922/UBNA_001/20220921_090000.WAV,Telephone Field,recover-20220922,001,1795
890.2725,890.2796,27187,44077,Eptesicus serotinus,0.008,0.027,-1,Echolocation,/mnt/ubna_data_02_mir/recover-20220922/UBNA_001/20220921_090000.WAV,Telephone Field,recover-20220922,001,1795
890.2985,890.3408,68437,82997,Rhinolophus ferrumequinum,0.027,0.027,-1,Echolocation,/mnt/ubna_data_02_mir/recover-20220922/UBNA_001/20220921_090000.WAV,Telephone Field,recover-20220922,001,1795
890.3135,890.3216,26328,38180,Eptesicus serotinus,0.007,0.022,-1,Echolocation,/mnt/ubna_data_02_mir/recover-20220922/UBNA_001/20220921_090000.WAV,Telephone Field,recover-20220922,001,1795
890.3195,890.3569,68437,82244,Rhinolophus ferrumequinum,0.022,0.022,-1,Echolocation,/mnt/ubna_data_02_mir/recover-20220922/UBNA_001/20220921_090000.WAV,Telephone Field,recover-20220922,001,1795
890.3355,890.3741,68437,82409,Rhinolophus ferrumequinum,0.025,0.025,-1,Echolocation,/mnt/ubna_data_02_mir/recover-20220922/UBNA_001/20220921_090000.WAV,Telephone Field,recover-20220922,001,1795
890.3455,890.3587,36640,40493,Pipistrellus nathusii,0.015,0.035,-1,Echolocation,/mnt/ubna_data_02_mir/recover-20220922/UBNA_001/20220921_090000.WAV,Telephone Field,recover-20220922,001,1795
890.3545,890.3905,68437,81835,Rhinolophus ferrumequinum,0.022,0.022,-1,Echolocation,/mnt/ubna_data_02_mir/recover-20220922/UBNA_001/20220921_090000.WAV,Telephone Field,recover-20220922,001,1795
890.3635,890.404,68437,82674,Rhinolophus ferrumequinum,0.023,0.023,-1,Echolocation,/mnt/ubna_data_02_mir/recover-20220922/UBNA_001/20220921_090000.WAV,Telephone Field,recover-20220922,001,1795
890.3675,890.3784,28906,35748,Eptesicus serotinus,0.012,0.026,-1,Echolocation,/mnt/ubna_data_02_mir/recover-20220922/UBNA_001/20220921_090000.WAV,Telephone Field,recover-20220922,001,1795
890.3865,890.4265,68437,82458,Rhinolophus ferrumequinum,0.023,0.023,-1,Echolocation,/mnt/ubna_data_02_mir/recover-20220922/UBNA_001/20220921_090000.WAV,Telephone Field,recover-20220922,001,1795
890.4115,890.4483,68437,82275,Rhinolophus ferrumequinum,0.024,0.024,-1,Echolocation,/mnt/ubna_data_02_mir/recover-20220922/UBNA_001/20220921_090000.WAV,Telephone Field,recover-20220922,001,1795
890.4195,890.4547,68437,82466,Rhinolophus ferrumequinum,0.025,0.025,-1,Echolocation,/mnt/ubna_data_02_mir/recover-20220922/UBNA_001/20220921_090000.WAV,Telephone Field,recover-20220922,001,1795
890.4475,890.4858,68437,82843,Rhinolophus ferrumequinum,0.026,0.026,-1,Echolocation,/mnt/ubna_data_02_mir/recover-20220922/UBNA_001/20220921_090000.WAV,Telephone Field,recover-20220922,001,1795
890.4625,890.4724,37500,44817,Pipistrellus nathusii,0.01,0.024,-1,Echolocation,/mnt/ubna_data_02_mir/recover-20220922/UBNA_001/20220921_090000.WAV,Telephone Field,recover-20220922,001,1795
890.4945,890.5018,27187,42397,Eptesicus serotinus,0.007,0.024,-1,Echolocation,/mnt/ubna_data_02_mir/recover-20220922/UBNA_001/20220921_090000.WAV,Telephone Field,recover-20220922,001,1795
890.4975,890.5037,34062,49110,Myotis daubentonii,0.007,0.023,-1,Echolocation,/mnt/ubna_data_02_mir/recover-20220922/UBNA_001/20220921_090000.WAV,Telephone Field,recover-20220922,001,1795
890.5775,890.5894,23750,28555,Nyctalus leisleri,0.012,0.023,-1,Echolocation,/mnt/ubna_data_02_mir/recover-20220922/UBNA_001/20220921_090000.WAV,Telephone Field,recover-20220922,001,1795
890.5955,890.6359,68437,83115,Rhinolophus ferrumequinum,0.026,0.026,-1,Echolocation,/mnt/ubna_data_02_mir/recover-20220922/UBNA_001/20220921_090000.WAV,Telephone Field,recover-20220922,001,1795
890.6285,890.6683,68437,81943,Rhinolophus ferrumequinum,0.028,0.029,-1,Echolocation,/mnt/ubna_data_02_mir/recover-20220922/UBNA_001/20220921_090000.WAV,Telephone Field,recover-20220922,001,1795
890.6475,890.6861,68437,82206,Rhinolophus ferrumequinum,0.023,0.023,-1,Echolocation,/mnt/ubna_data_02_mir/recover-20220922/UBNA_001/20220921_090000.WAV,Telephone Field,recover-20220922,001,1795
890.6565,890.6646,28046,39868,Eptesicus serotinus,0.008,0.024,-1,Echolocation,/mnt/ubna_data_02_mir/recover-20220922/UBNA_001/20220921_090000.WAV,Telephone Field,recover-20220922,001,1795
890.6635,890.6721,28046,39393,Eptesicus serotinus,0.009,0.024,-1,Echolocation,/mnt/ubna_data_02_mir/recover-20220922/UBNA_001/20220921_090000.WAV,Telephone Field,recover-20220922,001,1795
890.6665,890.7022,68437,82524,Rhinolophus ferrumequinum,0.025,0.025,-1,Echolocation,/mnt/ubna_data_02_mir/recover-20220922/UBNA_001/20220921_090000.WAV,Telephone Field,recover-20220922,001,1795
890.6865,890.7249,68437,82214,Rhinolophus ferrumequinum,0.031,0.031,-1,Echolocation,/mnt/ubna_data_02_mir/recover-20220922/UBNA_001/20220921_090000.WAV,Telephone Field,recover-20220922,001,1795
890.7075,890.715,28906,38042,Eptesicus serotinus,0.008,0.025,-1,Echolocation,/mnt/ubna_data_02_mir/recover-20220922/UBNA_001/20220921_090000.WAV,Telephone Field,recover-20220922,001,1795
890.7285,890.7681,68437,82329,Rhinolophus ferrumequinum,0.023,0.023,-1,Echolocation,/mnt/ubna_data_02_mir/recover-20220922/UBNA_001/20220921_090000.WAV,Telephone Field,recover-20220922,001,1795
890.7545,890.765,22031,27718,Nyctalus leisleri,0.009,0.025,-1,Echolocation,/mnt/ubna_data_02_mir/recover-20220922/UBNA_001/20220921_090000.WAV,Telephone Field,recover-20220922,001,1795
890.7835,890.8227,68437,82648,Rhinolophus ferrumequinum,0.023,0.023,-1,Echolocation,/mnt/ubna_data_02_mir/recover-20220922/UBNA_001/20220921_090000.WAV,Telephone Field,recover-20220922,001,1795
890.7895,890.7971,23750,33464,Plecotus austriacus,0.013,0.031,-1,Echolocation,/mnt/ubna_data_02_mir/recover-20220922/UBNA_001/20220921_090000.WAV,Telephone Field,recover-20220922,001,1795
890.7945,890.8057,58125,64035,Pipistrellus pygmaeus,0.022,0.022,-1,Echolocation,/mnt/ubna_data_02_mir/recover-20220922/UBNA_001/20220921_090000.WAV,Telephone Field,recover-20220922,001,1795
890.8245,890.8623,68437,82572,Rhinolophus ferrumequinum,0.022,0.022,-1,Echolocation,/mnt/ubna_data_02_mir/recover-20220922/UBNA_001/20220921_090000.WAV,Telephone Field,recover-20220922,001,1795
890.8315,890.8704,68437,82805,Rhinolophus ferrumequinum,0.022,0.022,-1,Echolocation,/mnt/ubna_data_02_mir/recover-20220922/UBNA_001/20220921_090000.WAV,Telephone Field,recover-20220922,001,1795
890.8405,890.8606,16875,21418,Nyctalus noctula,0.024,0.031,-1,Echolocation,/mnt/ubna_data_02_mir/recover-20220922/UBNA_001/20220921_090000.WAV,Telephone Field,recover-20220922,001,1795
890.8845,890.9249,68437,82826,Rhinolophus ferrumequinum,0.025,0.025,-1,Echolocation,/mnt/ubna_data_02_mir/recover-20220922/UBNA_001/20220921_090000.WAV,Telephone Field,recover-20220922,001,1795
890.8975,890.9055,26328,38984,Eptesicus serotinus,0.007,0.023,-1,Echolocation,/mnt/ubna_data_02_mir/recover-20220922/UBNA_001/20220921_090000.WAV,Telephone Field,recover-20220922,001,1795
890.9095,890.9457,68437,82735,Rhinolophus ferrumequinum,0.023,0.023,-1,Echolocation,/mnt/ubna_data_02_mir/recover-20220922/UBNA_001/20220921_090000.WAV,Telephone Field,recover-20220922,001,1795
890.9195,890.9254,26328,41555,Plecotus austriacus,0.01,0.04,-1,Echolocation,/mnt/ubna_data_02_mir/recover-20220922/UBNA_001/20220921_090000.WAV,Telephone Field,recover-20220922,001,1795
890.9195,890.959,68437,82222,Rhinolophus ferrumequinum,0.027,0.027,-1,Echolocation,/mnt/ubna_data_02_mir/recover-20220922/UBNA_001/20220921_090000.WAV,Telephone Field,recover-20220922,001,1795
890.9365,890.9737,68437,81712,Rhinolophus ferrumequinum,0.022,0.022,-1,Echolocation,/mnt/ubna_data_02_mir/recover-20220922/UBNA_001/20220921_090000.WAV,Telephone Field,recover-20220922,001,1795
890.9395,890.9473,28046,42354,Eptesicus serotinus,0.008,0.022,-1,Echolocation,/mnt/ubna_data_02_mir/recover-20220922/UBNA_001/20220921_090000.WAV,Telephone Field,recover-20220922,001,1795
890.9535,890.993,68437,82796,Rhinolophus ferrumequinum,0.038,0.038,-1,Echolocation,/mnt/ubna_data_02_mir/recover-20220922/UBNA_001/20220921_090000.WAV,Telephone Field,recover-20220922,001,1795
890.9625,890.9728,28046,34654,Eptesicus serotinus,0.046,0.075,-1,Echolocation,/mnt/ubna_data_02_mir/recover-20220922/UBNA_001/20220921_090000.WAV,Telephone Field,recover-20220922,001,1795
890.9755,891.0115,68437,81505,Rhinolophus ferrumequinum,0.023,0.023,-1,Echolocation,/mnt/ubna_data_02_mir/recover-20220922/UBNA_001/20220921_090000.WAV,Telephone Field,recover-20220922,001,1795
890.9785,890.9869,25468,34406,Eptesicus serotinus,0.009,0.023,-1,Echolocation,/mnt/ubna_data_02_mir/recover-20220922/UBNA_001/20220921_090000.WAV,Telephone Field,recover-20220922,001,1795
890.9845,891.0224,68437,82223,Rhinolophus ferrumequinum,0.023,0.023,-1,Echolocation,/mnt/ubna_data_02_mir/recover-20220922/UBNA_001/20220921_090000.WAV,Telephone Field,recover-20220922,001,1795
890.9965,891.0386,68437,83070,Rhinolophus ferrumequinum,0.04,0.04,-1,Echolocation,/mnt/ubna_data_02_mir/recover-20220922/UBNA_001/20220921_090000.WAV,Telephone Field,recover-20220922,001,1795
891.0075,891.0169,49531,55629,Pipistrellus pipistrellus,0.021,0.025,-1,Echolocation,/mnt/ubna_data_02_mir/recover-20220922/UBNA_001/20220921_090000.WAV,Telephone Field,recover-20220922,001,1795
891.0595,891.0995,68437,82468,Rhinolophus ferrumequinum,0.029,0.029,-1,Echolocation,/mnt/ubna_data_02_mir/recover-20220922/UBNA_001/20220921_090000.WAV,Telephone Field,recover-20220922,001,1795
891.0795,891.0845,40078,55043,Myotis bechsteinii,0.006,0.023,-1,Echolocation,/mnt/ubna_data_02_mir/recover-20220922/UBNA_001/20220921_090000.WAV,Telephone Field,recover-20220922,001,1795
891.1025,891.1388,68437,81397,Rhinolophus ferrumequinum,0.022,0.022,-1,Echolocation,/mnt/ubna_data_02_mir/recover-20220922/UBNA_001/20220921_090000.WAV,Telephone Field,recover-20220922,001,1795
891.1105,891.1458,68437,81915,Rhinolophus ferrumequinum,0.028,0.028,-1,Echolocation,/mnt/ubna_data_02_mir/recover-20220922/UBNA_001/20220921_090000.WAV,Telephone Field,recover-20220922,001,1795
891.1205,891.1362,22031,26344,Nyctalus leisleri,0.018,0.034,-1,Echolocation,/mnt/ubna_data_02_mir/recover-20220922/UBNA_001/20220921_090000.WAV,Telephone Field,recover-20220922,001,1795
891.1355,891.1417,23750,33469,Plecotus austriacus,0.014,0.03,-1,Echolocation,/mnt/ubna_data_02_mir/recover-20220922/UBNA_001/20220921_090000.WAV,Telephone Field,recover-20220922,001,1795
891.1535,891.1714,19453,23344,Nyctalus noctula,0.022,0.044,-1,Echolocation,/mnt/ubna_data_02_mir/recover-20220922/UBNA_001/20220921_090000.WAV,Telephone Field,recover-20220922,001,1795
891.1615,891.1979,68437,81695,Rhinolophus ferrumequinum,0.025,0.025,-1,Echolocation,/mnt/ubna_data_02_mir/recover-20220922/UBNA_001/20220921_090000.WAV,Telephone Field,recover-20220922,001,1795
891.1685,891.1778,28906,35180,Eptesicus serotinus,0.009,0.022,-1,Echolocation,/mnt/ubna_data_02_mir/recover-20220922/UBNA_001/20220921_090000.WAV,Telephone Field,recover-20220922,001,1795
891.1685,891.1794,42656,47346,Pipistrellus pipistrellus,0.018,0.023,-1,Echolocation,/mnt/ubna_data_02_mir/recover-20220922/UBNA_001/20220921_090000.WAV,Telephone Field,recover-20220922,001,1795
891.1875,891.223,68437,81432,Rhinolophus ferrumequinum,0.023,0.023,-1,Echolocation,/mnt/ubna_data_02_mir/recover-20220922/UBNA_001/20220921_090000.WAV,Telephone Field,recover-20220922,001,1795
891.1955,891.2316,68437,82058,Rhinolophus ferrumequinum,0.024,0.024,-1,Echolocation,/mnt/ubna_data_02_mir/recover-20220922/UBNA_001/20220921_090000.WAV,Telephone Field,recover-20220922,001,1795
891.2225,891.259,68437,81641,Rhinolophus ferrumequinum,0.022,0.022,-1,Echolocation,/mnt/ubna_data_02_mir/recover-20220922/UBNA_001/20220921_090000.WAV,Telephone Field,recover-20220922,001,1795
891.2435,891.2822,68437,82051,Rhinolophus ferrumequinum,0.022,0.022,-1,Echolocation,/mnt/ubna_data_02_mir/recover-20220922/UBNA_001/20220921_090000.WAV,Telephone Field,recover-20220922,001,1795
891.2445,891.2553,22890,28414,Nyctalus leisleri,0.011,0.023,-1,Echolocation,/mnt/ubna_data_02_mir/recover-20220922/UBNA_001/20220921_090000.WAV,Telephone Field,recover-20220922,001,1795
891.2505,891.2886,68437,82121,Rhinolophus ferrumequinum,0.024,0.024,-1,Echolocation,/mnt/ubna_data_02_mir/recover-20220922/UBNA_001/20220921_090000.WAV,Telephone Field,recover-20220922,001,1795
891.2665,891.2719,49531,57743,Pipistrellus pipistrellus,0.035,0.04,-1,Echolocation,/mnt/ubna_data_02_mir/recover-20220922/UBNA_001/20220921_090000.WAV,Telephone Field,recover-20220922,001,1795
891.2675,891.3106,68437,82967,Rhinolophus ferrumequinum,0.094,0.095,-1,Echolocation,/mnt/ubna_data_02_mir/recover-20220922/UBNA_001/20220921_090000.WAV,Telephone Field,recover-20220922,001,1795
891.2675,891.2728,36640,60926,Myotis brandtii,0.008,0.025,-1,Echolocation,/mnt/ubna_data_02_mir/recover-20220922/UBNA_001/20220921_090000.WAV,Telephone Field,recover-20220922,001,1795
891.2965,891.3384,68437,82585,Rhinolophus ferrumequinum,0.03,0.03,-1,Echolocation,/mnt/ubna_data_02_mir/recover-20220922/UBNA_001/20220921_090000.WAV,Telephone Field,recover-20220922,001,1795
891.3255,891.3639000000001,68437,82380,Rhinolophus ferrumequinum,0.024,0.024,-1,Echolocation,/mnt/ubna_data_02_mir/recover-20220922/UBNA_001/20220921_090000.WAV,Telephone Field,recover-20220922,001,1795
891.3895,891.4299,68437,82852,Rhinolophus ferrumequinum,0.025,0.025,-1,Echolocation,/mnt/ubna_data_02_mir/recover-20220922/UBNA_001/20220921_090000.WAV,Telephone Field,recover-20220922,001,1795
891.3895,891.3974,27187,38155,Eptesicus serotinus,0.008,0.025,-1,Echolocation,/mnt/ubna_data_02_mir/recover-20220922/UBNA_001/20220921_090000.WAV,Telephone Field,recover-20220922,001,1795
891.4065,891.4468,68437,83409,Rhinolophus ferrumequinum,0.034,0.034,-1,Echolocation,/mnt/ubna_data_02_mir/recover-20220922/UBNA_001/20220921_090000.WAV,Telephone Field,recover-20220922,001,1795
891.4095,891.4144,46093,63687,Myotis mystacinus,0.012,0.027,-1,Echolocation,/mnt/ubna_data_02_mir/recover-20220922/UBNA_001/20220921_090000.WAV,Telephone Field,recover-20220922,001,1795
891.4315,891.4675,68437,81329,Rhinolophus ferrumequinum,0.024,0.024,-1,Echolocation,/mnt/ubna_data_02_mir/recover-20220922/UBNA_001/20220921_090000.WAV,Telephone Field,recover-20220922,001,1795
891.4475,891.4859,68437,82482,Rhinolophus ferrumequinum,0.028,0.028,-1,Echolocation,/mnt/ubna_data_02_mir/recover-20220922/UBNA_001/20220921_090000.WAV,Telephone Field,recover-20220922,001,1795
891.4595,891.4737,55546,60661,Pipistrellus pygmaeus,0.036,0.038,-1,Echolocation,/mnt/ubna_data_02_mir/recover-20220922/UBNA_001/20220921_090000.WAV,Telephone Field,recover-20220922,001,1795
891.4665,891.5067,68437,83227,Rhinolophus ferrumequinum,0.025,0.025,-1,Echolocation,/mnt/ubna_data_02_mir/recover-20220922/UBNA_001/20220921_090000.WAV,Telephone Field,recover-20220922,001,1795
891.4755,891.4828,27187,35913,Eptesicus serotinus,0.013,0.038,-1,Echolocation,/mnt/ubna_data_02_mir/recover-20220922/UBNA_001/20220921_090000.WAV,Telephone Field,recover-20220922,001,1795
891.5285,891.5402,22890,27819,Nyctalus leisleri,0.012,0.024,-1,Echolocation,/mnt/ubna_data_02_mir/recover-20220922/UBNA_001/20220921_090000.WAV,Telephone Field,recover-20220922,001,1795
891.5395,891.5483,28046,39279,Eptesicus serotinus,0.009,0.025,-1,Echolocation,/mnt/ubna_data_02_mir/recover-20220922/UBNA_001/20220921_090000.WAV,Telephone Field,recover-20220922,001,1795
891.5495,891.5859,68437,81713,Rhinolophus ferrumequinum,0.025,0.025,-1,Echolocation,/mnt/ubna_data_02_mir/recover-20220922/UBNA_001/20220921_090000.WAV,Telephone Field,recover-20220922,001,1795
891.6135,891.6208,27187,38519,Eptesicus serotinus,0.007,0.024,-1,Echolocation,/mnt/ubna_data_02_mir/recover-20220922/UBNA_001/20220921_090000.WAV,Telephone Field,recover-20220922,001,1795
891.6255,891.6661,68437,82961,Rhinolophus ferrumequinum,0.029,0.029,-1,Echolocation,/mnt/ubna_data_02_mir/recover-20220922/UBNA_001/20220921_090000.WAV,Telephone Field,recover-20220922,001,1795
891.6345,891.6429,28046,38912,Eptesicus serotinus,0.008,0.023,-1,Echolocation,/mnt/ubna_data_02_mir/recover-20220922/UBNA_001/20220921_090000.WAV,Telephone Field,recover-20220922,001,1795
891.6425,891.6532,28906,36464,Eptesicus serotinus,0.012,0.026,-1,Echolocation,/mnt/ubna_data_02_mir/recover-20220922/UBNA_001/20220921_090000.WAV,Telephone Field,recover-20220922,001,1795
891.6514999999999,891.6946,68437,83275,Rhinolophus ferrumequinum,0.043,0.043,-1,Echolocation,/mnt/ubna_data_02_mir/recover-20220922/UBNA_001/20220921_090000.WAV,Telephone Field,recover-20220922,001,1795
891.6855,891.7217,68437,81830,Rhinolophus ferrumequinum,0.024,0.024,-1,Echolocation,/mnt/ubna_data_02_mir/recover-20220922/UBNA_001/20220921_090000.WAV,Telephone Field,recover-20220922,001,1795
891.6935,891.7327,68437,82521,Rhinolophus ferrumequinum,0.024,0.024,-1,Echolocation,/mnt/ubna_data_02_mir/recover-20220922/UBNA_001/20220921_090000.WAV,Telephone Field,recover-20220922,001,1795
891.7705,891.8099,68437,82793,Rhinolophus ferrumequinum,0.027,0.027,-1,Echolocation,/mnt/ubna_data_02_mir/recover-20220922/UBNA_001/20220921_090000.WAV,Telephone Field,recover-20220922,001,1795
891.8045,891.844,68437,81861,Rhinolophus ferrumequinum,0.023,0.023,-1,Echolocation,/mnt/ubna_data_02_mir/recover-20220922/UBNA_001/20220921_090000.WAV,Telephone Field,recover-20220922,001,1795
891.8075,891.8148,26328,41742,Eptesicus serotinus,0.007,0.025,-1,Echolocation,/mnt/ubna_data_02_mir/recover-20220922/UBNA_001/20220921_090000.WAV,Telephone Field,recover-20220922,001,1795
891.8315,891.8731,68437,82859,Rhinolophus ferrumequinum,0.031,0.031,-1,Echolocation,/mnt/ubna_data_02_mir/recover-20220922/UBNA_001/20220921_090000.WAV,Telephone Field,recover-20220922,001,1795
891.8315,891.8393,40078,49272,Pipistrellus nathusii,0.008,0.026,-1,Echolocation,/mnt/ubna_data_02_mir/recover-20220922/UBNA_001/20220921_090000.WAV,Telephone Field,recover-20220922,001,1795
891.8445,891.8538,28046,36382,Eptesicus serotinus,0.009,0.024,-1,Echolocation,/mnt/ubna_data_02_mir/recover-20220922/UBNA_001/20220921_090000.WAV,Telephone Field,recover-20220922,001,1795
891.8635,891.9028,68437,82898,Rhinolophus ferrumequinum,0.029,0.029,-1,Echolocation,/mnt/ubna_data_02_mir/recover-20220922/UBNA_001/20220921_090000.WAV,Telephone Field,recover-20220922,001,1795
891.8805,891.9152,68437,81539,Rhinolophus ferrumequinum,0.026,0.026,-1,Echolocation,/mnt/ubna_data_02_mir/recover-20220922/UBNA_001/20220921_090000.WAV,Telephone Field,recover-20220922,001,1795
891.8965,891.9331,68437,81725,Rhinolophus ferrumequinum,0.024,0.024,-1,Echolocation,/mnt/ubna_data_02_mir/recover-20220922/UBNA_001/20220921_090000.WAV,Telephone Field,recover-20220922,001,1795
891.9115,891.9505,68437,82376,Rhinolophus ferrumequinum,0.023,0.023,-1,Echolocation,/mnt/ubna_data_02_mir/recover-20220922/UBNA_001/20220921_090000.WAV,Telephone Field,recover-20220922,001,1795
891.9455,891.9855,68437,83134,Rhinolophus ferrumequinum,0.027,0.027,-1,Echolocation,/mnt/ubna_data_02_mir/recover-20220922/UBNA_001/20220921_090000.WAV,Telephone Field,recover-20220922,001,1795
891.9555,891.9982,68437,84020,Rhinolophus ferrumequinum,0.044,0.044,-1,Echolocation,/mnt/ubna_data_02_mir/recover-20220922/UBNA_001/20220921_090000.WAV,Telephone Field,recover-20220922,001,1795
891.9645,891.9752,22031,27936,Nyctalus leisleri,0.009,0.024,-1,Echolocation,/mnt/ubna_data_02_mir/recover-20220922/UBNA_001/20220921_090000.WAV,Telephone Field,recover-20220922,001,1795
892.0015,892.0097,23750,30981,Nyctalus leisleri,0.008,0.028,-1,Echolocation,/mnt/ubna_data_02_mir/recover-20220922/UBNA_001/20220921_090000.WAV,Telephone Field,recover-20220922,001,1795
892.0015,892.0315,68437,79837,Rhinolophus ferrumequinum,0.021,0.021,-1,Echolocation,/mnt/ubna_data_02_mir/recover-20220922/UBNA_001/20220921_090000.WAV,Telephone Field,recover-20220922,001,1795
892.0015,892.0103,45234,50440,Pipistrellus pipistrellus,0.027,0.032,-1,Echolocation,/mnt/ubna_data_02_mir/recover-20220922/UBNA_001/20220921_090000.WAV,Telephone Field,recover-20220922,001,1795
892.0225,892.0347,22031,26124,Nyctalus leisleri,0.013,0.024,-1,Echolocation,/mnt/ubna_data_02_mir/recover-20220922/UBNA_001/20220921_090000.WAV,Telephone Field,recover-20220922,001,1795
892.0455,892.0853,68437,82048,Rhinolophus ferrumequinum,0.024,0.024,-1,Echolocation,/mnt/ubna_data_02_mir/recover-20220922/UBNA_001/20220921_090000.WAV,Telephone Field,recover-20220922,001,1795
892.0705,892.1162,68437,84080,Rhinolophus ferrumequinum,0.062,0.062,-1,Echolocation,/mnt/ubna_data_02_mir/recover-20220922/UBNA_001/20220921_090000.WAV,Telephone Field,recover-20220922,001,1795
892.1015,892.1398,68437,82681,Rhinolophus ferrumequinum,0.023,0.023,-1,Echolocation,/mnt/ubna_data_02_mir/recover-20220922/UBNA_001/20220921_090000.WAV,Telephone Field,recover-20220922,001,1795
892.1275,892.1349,27187,38212,Eptesicus serotinus,0.006,0.024,-1,Echolocation,/mnt/ubna_data_02_mir/recover-20220922/UBNA_001/20220921_090000.WAV,Telephone Field,recover-20220922,001,1795
892.1465,892.1844,68437,81962,Rhinolophus ferrumequinum,0.024,0.024,-1,Echolocation,/mnt/ubna_data_02_mir/recover-20220922/UBNA_001/20220921_090000.WAV,Telephone Field,recover-20220922,001,1795
892.1695,892.2066,68437,81616,Rhinolophus ferrumequinum,0.021,0.021,-1,Echolocation,/mnt/ubna_data_02_mir/recover-20220922/UBNA_001/20220921_090000.WAV,Telephone Field,recover-20220922,001,1795
892.1735,892.1874,22031,25531,Nyctalus leisleri,0.015,0.025,-1,Echolocation,/mnt/ubna_data_02_mir/recover-20220922/UBNA_001/20220921_090000.WAV,Telephone Field,recover-20220922,001,1795
892.2105,892.2182,27187,39364,Eptesicus serotinus,0.008,0.023,-1,Echolocation,/mnt/ubna_data_02_mir/recover-20220922/UBNA_001/20220921_090000.WAV,Telephone Field,recover-20220922,001,1795
892.2215,892.2598,68437,81947,Rhinolophus ferrumequinum,0.021,0.021,-1,Echolocation,/mnt/ubna_data_02_mir/recover-20220922/UBNA_001/20220921_090000.WAV,Telephone Field,recover-20220922,001,1795
892.2465,892.2857,68437,82286,Rhinolophus ferrumequinum,0.024,0.024,-1,Echolocation,/mnt/ubna_data_02_mir/recover-20220922/UBNA_001/20220921_090000.WAV,Telephone Field,recover-20220922,001,1795
892.2705,892.3098,68437,81872,Rhinolophus ferrumequinum,0.023,0.023,-1,Echolocation,/mnt/ubna_data_02_mir/recover-20220922/UBNA_001/20220921_090000.WAV,Telephone Field,recover-20220922,001,1795
892.2905,892.3317,68437,82524,Rhinolophus ferrumequinum,0.022,0.022,-1,Echolocation,/mnt/ubna_data_02_mir/recover-20220922/UBNA_001/20220921_090000.WAV,Telephone Field,recover-20220922,001,1795
892.3065,892.3163,22890,29623,Nyctalus leisleri,0.007,0.023,-1,Echolocation,/mnt/ubna_data_02_mir/recover-20220922/UBNA_001/20220921_090000.WAV,Telephone Field,recover-20220922,001,1795
892.3335,892.3704,68437,81184,Rhinolophus ferrumequinum,0.022,0.022,-1,Echolocation,/mnt/ubna_data_02_mir/recover-20220922/UBNA_001/20220921_090000.WAV,Telephone Field,recover-20220922,001,1795
892.3905,892.4282,68437,81872,Rhinolophus ferrumequinum,0.023,0.023,-1,Echolocation,/mnt/ubna_data_02_mir/recover-20220922/UBNA_001/20220921_090000.WAV,Telephone Field,recover-20220922,001,1795
892.4125,892.423,28046,35564,Eptesicus serotinus,0.012,0.025,-1,Echolocation,/mnt/ubna_data_02_mir/recover-20220922/UBNA_001/20220921_090000.WAV,Telephone Field,recover-20220922,001,1795
892.4165,892.4286,22890,27690,Nyctalus leisleri,0.011,0.023,-1,Echolocation,/mnt/ubna_data_02_mir/recover-20220922/UBNA_001/20220921_090000.WAV,Telephone Field,recover-20220922,001,1795
892.4275,892.438,22890,27857,Nyctalus leisleri,0.011,0.021,-1,Echolocation,/mnt/ubna_data_02_mir/recover-20220922/UBNA_001/20220921_090000.WAV,Telephone Field,recover-20220922,001,1795
892.4345,892.4681,68437,81203,Rhinolophus ferrumequinum,0.025,0.025,-1,Echolocation,/mnt/ubna_data_02_mir/recover-20220922/UBNA_001/20220921_090000.WAV,Telephone Field,recover-20220922,001,1795
892.4645,892.5007,68437,81534,Rhinolophus ferrumequinum,0.021,0.021,-1,Echolocation,/mnt/ubna_data_02_mir/recover-20220922/UBNA_001/20220921_090000.WAV,Telephone Field,recover-20220922,001,1795
892.4835,892.5188,68437,81912,Rhinolophus ferrumequinum,0.024,0.024,-1,Echolocation,/mnt/ubna_data_02_mir/recover-20220922/UBNA_001/20220921_090000.WAV,Telephone Field,recover-20220922,001,1795
892.4935,892.533,68437,82347,Rhinolophus ferrumequinum,0.023,0.023,-1,Echolocation,/mnt/ubna_data_02_mir/recover-20220922/UBNA_001/20220921_090000.WAV,Telephone Field,recover-20220922,001,1795
892.5005,892.5084,24609,32445,Plecotus austriacus,0.007,0.023,-1,Echolocation,/mnt/ubna_data_02_mir/recover-20220922/UBNA_001/20220921_090000.WAV,Telephone Field,recover-20220922,001,1795
892.5215,892.5303,28046,38521,Eptesicus serotinus,0.008,0.021,-1,Echolocation,/mnt/ubna_data_02_mir/recover-20220922/UBNA_001/20220921_090000.WAV,Telephone Field,recover-20220922,001,1795
892.5315,892.5728,68437,82806,Rhinolophus ferrumequinum,0.024,0.024,-1,Echolocation,/mnt/ubna_data_02_mir/recover-20220922/UBNA_001/20220921_090000.WAV,Telephone Field,recover-20220922,001,1795
892.5565,892.5955,68437,82171,Rhinolophus ferrumequinum,0.026,0.026,-1,Echolocation,/mnt/ubna_data_02_mir/recover-20220922/UBNA_001/20220921_090000.WAV,Telephone Field,recover-20220922,001,1795
892.5625,892.5724,26328,33915,Eptesicus serotinus,0.013,0.028,-1,Echolocation,/mnt/ubna_data_02_mir/recover-20220922/UBNA_001/20220921_090000.WAV,Telephone Field,recover-20220922,001,1795
892.6065,892.6159,28906,36959,Eptesicus serotinus,0.009,0.023,-1,Echolocation,/mnt/ubna_data_02_mir/recover-20220922/UBNA_001/20220921_090000.WAV,Telephone Field,recover-20220922,001,1795
892.6514999999999,892.6911,68437,82355,Rhinolophus ferrumequinum,0.024,0.024,-1,Echolocation,/mnt/ubna_data_02_mir/recover-20220922/UBNA_001/20220921_090000.WAV,Telephone Field,recover-20220922,001,1795
892.6665,892.6766,28906,36379,Eptesicus serotinus,0.013,0.026,-1,Echolocation,/mnt/ubna_data_02_mir/recover-20220922/UBNA_001/20220921_090000.WAV,Telephone Field,recover-20220922,001,1795
892.6765,892.6934,22031,25875,Nyctalus leisleri,0.014,0.024,-1,Echolocation,/mnt/ubna_data_02_mir/recover-20220922/UBNA_001/20220921_090000.WAV,Telephone Field,recover-20220922,001,1795
892.6875,892.7268,68437,82225,Rhinolophus ferrumequinum,0.022,0.022,-1,Echolocation,/mnt/ubna_data_02_mir/recover-20220922/UBNA_001/20220921_090000.WAV,Telephone Field,recover-20220922,001,1795
892.7005,892.7411,68437,81969,Rhinolophus ferrumequinum,0.022,0.022,-1,Echolocation,/mnt/ubna_data_02_mir/recover-20220922/UBNA_001/20220921_090000.WAV,Telephone Field,recover-20220922,001,1795
892.7055,892.7163,27187,33743,Eptesicus serotinus,0.011,0.023,-1,Echolocation,/mnt/ubna_data_02_mir/recover-20220922/UBNA_001/20220921_090000.WAV,Telephone Field,recover-20220922,001,1795
892.7225,892.7334,23750,29845,Nyctalus leisleri,0.011,0.024,-1,Echolocation,/mnt/ubna_data_02_mir/recover-20220922/UBNA_001/20220921_090000.WAV,Telephone Field,recover-20220922,001,1795
892.7425,892.7819,68437,82106,Rhinolophus ferrumequinum,0.021,0.022,-1,Echolocation,/mnt/ubna_data_02_mir/recover-20220922/UBNA_001/20220921_090000.WAV,Telephone Field,recover-20220922,001,1795
892.7485,892.7875,68437,82326,Rhinolophus ferrumequinum,0.021,0.022,-1,Echolocation,/mnt/ubna_data_02_mir/recover-20220922/UBNA_001/20220921_090000.WAV,Telephone Field,recover-20220922,001,1795
892.7555,892.7631,27187,36556,Eptesicus serotinus,0.008,0.026,-1,Echolocation,/mnt/ubna_data_02_mir/recover-20220922/UBNA_001/20220921_090000.WAV,Telephone Field,recover-20220922,001,1795
892.7825,892.8207,68437,81583,Rhinolophus ferrumequinum,0.023,0.023,-1,Echolocation,/mnt/ubna_data_02_mir/recover-20220922/UBNA_001/20220921_090000.WAV,Telephone Field,recover-20220922,001,1795
892.7895,892.8258,68437,81315,Rhinolophus ferrumequinum,0.022,0.022,-1,Echolocation,/mnt/ubna_data_02_mir/recover-20220922/UBNA_001/20220921_090000.WAV,Telephone Field,recover-20220922,001,1795
892.8105,892.8204,23750,31102,Nyctalus leisleri,0.007,0.021,-1,Echolocation,/mnt/ubna_data_02_mir/recover-20220922/UBNA_001/20220921_090000.WAV,Telephone Field,recover-20220922,001,1795
892.8405,892.8852,68437,83037,Rhinolophus ferrumequinum,0.044,0.044,-1,Echolocation,/mnt/ubna_data_02_mir/recover-20220922/UBNA_001/20220921_090000.WAV,Telephone Field,recover-20220922,001,1795
892.8415,892.85,27187,36022,Eptesicus serotinus,0.008,0.021,-1,Echolocation,/mnt/ubna_data_02_mir/recover-20220922/UBNA_001/20220921_090000.WAV,Telephone Field,recover-20220922,001,1795
892.8615,892.8699,29765,50186,Myotis daubentonii,0.007,0.024,-1,Echolocation,/mnt/ubna_data_02_mir/recover-20220922/UBNA_001/20220921_090000.WAV,Telephone Field,recover-20220922,001,1795
892.8615,892.8676,40078,52592,Myotis daubentonii,0.005,0.022,-1,Echolocation,/mnt/ubna_data_02_mir/recover-20220922/UBNA_001/20220921_090000.WAV,Telephone Field,recover-20220922,001,1795
892.8625,892.9012,68437,82457,Rhinolophus ferrumequinum,0.023,0.023,-1,Echolocation,/mnt/ubna_data_02_mir/recover-20220922/UBNA_001/20220921_090000.WAV,Telephone Field,recover-20220922,001,1795
892.9265,892.9368,28906,36358,Eptesicus serotinus,0.008,0.021,-1,Echolocation,/mnt/ubna_data_02_mir/recover-20220922/UBNA_001/20220921_090000.WAV,Telephone Field,recover-20220922,001,1795
892.9855,892.9933,28046,40830,Eptesicus serotinus,0.007,0.023,-1,Echolocation,/mnt/ubna_data_02_mir/recover-20220922/UBNA_001/20220921_090000.WAV,Telephone Field,recover-20220922,001,1795
892.9975,893.039,68437,83000,Rhinolophus ferrumequinum,0.032,0.032,-1,Echolocation,/mnt/ubna_data_02_mir/recover-20220922/UBNA_001/20220921_090000.WAV,Telephone Field,recover-20220922,001,1795
893.0405,893.0812,68437,82401,Rhinolophus ferrumequinum,0.025,0.025,-1,Echolocation,/mnt/ubna_data_02_mir/recover-20220922/UBNA_001/20220921_090000.WAV,Telephone Field,recover-20220922,001,1795
893.0545,893.0652,23750,30119,Nyctalus leisleri,0.008,0.022,-1,Echolocation,/mnt/ubna_data_02_mir/recover-20220922/UBNA_001/20220921_090000.WAV,Telephone Field,recover-20220922,001,1795
893.0935,893.1027,24609,32963,Eptesicus serotinus,0.007,0.023,-1,Echolocation,/mnt/ubna_data_02_mir/recover-20220922/UBNA_001/20220921_090000.WAV,Telephone Field,recover-20220922,001,1795
893.0965,893.1348,68437,82066,Rhinolophus ferrumequinum,0.022,0.022,-1,Echolocation,/mnt/ubna_data_02_mir/recover-20220922/UBNA_001/20220921_090000.WAV,Telephone Field,recover-20220922,001,1795
893.1105,893.1454,68437,81598,Rhinolophus ferrumequinum,0.021,0.021,-1,Echolocation,/mnt/ubna_data_02_mir/recover-20220922/UBNA_001/20220921_090000.WAV,Telephone Field,recover-20220922,001,1795
893.1205,893.1596,68437,82000,Rhinolophus ferrumequinum,0.023,0.023,-1,Echolocation,/mnt/ubna_data_02_mir/recover-20220922/UBNA_001/20220921_090000.WAV,Telephone Field,recover-20220922,001,1795
893.1315,893.1711,68437,82230,Rhinolophus ferrumequinum,0.022,0.022,-1,Echolocation,/mnt/ubna_data_02_mir/recover-20220922/UBNA_001/20220921_090000.WAV,Telephone Field,recover-20220922,001,1795
893.1375,893.1453,28046,38586,Eptesicus serotinus,0.008,0.025,-1,Echolocation,/mnt/ubna_data_02_mir/recover-20220922/UBNA_001/20220921_090000.WAV,Telephone Field,recover-20220922,001,1795
893.1575,893.1987,68437,82809,Rhinolophus ferrumequinum,0.025,0.025,-1,Echolocation,/mnt/ubna_data_02_mir/recover-20220922/UBNA_001/20220921_090000.WAV,Telephone Field,recover-20220922,001,1795
893.1815,893.1912,25468,33759,Eptesicus serotinus,0.008,0.022,-1,Echolocation,/mnt/ubna_data_02_mir/recover-20220922/UBNA_001/20220921_090000.WAV,Telephone Field,recover-20220922,001,1795
893.1895,893.2306,68437,83026,Rhinolophus ferrumequinum,0.023,0.023,-1,Echolocation,/mnt/ubna_data_02_mir/recover-20220922/UBNA_001/20220921_090000.WAV,Telephone Field,recover-20220922,001,1795
893.1905,893.1983,28046,41189,Eptesicus serotinus,0.007,0.022,-1,Echolocation,/mnt/ubna_data_02_mir/recover-20220922/UBNA_001/20220921_090000.WAV,Telephone Field,recover-20220922,001,1795
893.2095,893.2195,28046,35936,Eptesicus serotinus,0.009,0.022,-1,Echolocation,/mnt/ubna_data_02_mir/recover-20220922/UBNA_001/20220921_090000.WAV,Telephone Field,recover-20220922,001,1795
893.2605,893.2978,68437,80989,Rhinolophus ferrumequinum,0.023,0.023,-1,Echolocation,/mnt/ubna_data_02_mir/recover-20220922/UBNA_001/20220921_090000.WAV,Telephone Field,recover-20220922,001,1795
893.2875,893.3272,68437,82324,Rhinolophus ferrumequinum,0.022,0.022,-1,Echolocation,/mnt/ubna_data_02_mir/recover-20220922/UBNA_001/20220921_090000.WAV,Telephone Field,recover-20220922,001,1795
893.2945,893.3351,68437,82792,Rhinolophus ferrumequinum,0.022,0.022,-1,Echolocation,/mnt/ubna_data_02_mir/recover-20220922/UBNA_001/20220921_090000.WAV,Telephone Field,recover-20220922,001,1795
893.3425,893.3501,28046,41124,Eptesicus serotinus,0.007,0.021,-1,Echolocation,/mnt/ubna_data_02_mir/recover-20220922/UBNA_001/20220921_090000.WAV,Telephone Field,recover-20220922,001,1795
893.3535,893.3936,68437,82147,Rhinolophus ferrumequinum,0.021,0.021,-1,Echolocation,/mnt/ubna_data_02_mir/recover-20220922/UBNA_001/20220921_090000.WAV,Telephone Field,recover-20220922,001,1795
893.3755,893.3841,26328,36372,Eptesicus serotinus,0.008,0.021,-1,Echolocation,/mnt/ubna_data_02_mir/recover-20220922/UBNA_001/20220921_090000.WAV,Telephone Field,recover-20220922,001,1795
893.3975,893.407,22890,29226,Nyctalus leisleri,0.008,0.022,-1,Echolocation,/mnt/ubna_data_02_mir/recover-20220922/UBNA_001/20220921_090000.WAV,Telephone Field,recover-20220922,001,1795
893.4255,893.4325,24609,33620,Plecotus austriacus,0.006,0.023,-1,Echolocation,/mnt/ubna_data_02_mir/recover-20220922/UBNA_001/20220921_090000.WAV,Telephone Field,recover-20220922,001,1795
893.4315,893.4703,68437,82028,Rhinolophus ferrumequinum,0.021,0.021,-1,Echolocation,/mnt/ubna_data_02_mir/recover-20220922/UBNA_001/20220921_090000.WAV,Telephone Field,recover-20220922,001,1795
893.4555,893.49,68437,81555,Rhinolophus ferrumequinum,0.022,0.022,-1,Echolocation,/mnt/ubna_data_02_mir/recover-20220922/UBNA_001/20220921_090000.WAV,Telephone Field,recover-20220922,001,1795
893.5065,893.541,68437,81275,Rhinolophus ferrumequinum,0.021,0.022,-1,Echolocation,/mnt/ubna_data_02_mir/recover-20220922/UBNA_001/20220921_090000.WAV,Telephone Field,recover-20220922,001,1795
893.5195,893.5269,28046,37334,Eptesicus serotinus,0.007,0.022,-1,Echolocation,/mnt/ubna_data_02_mir/recover-20220922/UBNA_001/20220921_090000.WAV,Telephone Field,recover-20220922,001,1795
893.5385,893.5749,68437,81192,Rhinolophus ferrumequinum,0.021,0.022,-1,Echolocation,/mnt/ubna_data_02_mir/recover-20220922/UBNA_001/20220921_090000.WAV,Telephone Field,recover-20220922,001,1795
893.5455,893.5551,25468,33321,Eptesicus serotinus,0.009,0.025,-1,Echolocation,/mnt/ubna_data_02_mir/recover-20220922/UBNA_001/20220921_090000.WAV,Telephone Field,recover-20220922,001,1795
893.5875,893.6265,68437,83104,Rhinolophus ferrumequinum,0.021,0.022,-1,Echolocation,/mnt/ubna_data_02_mir/recover-20220922/UBNA_001/20220921_090000.WAV,Telephone Field,recover-20220922,001,1795
893.5885,893.6021,28906,36163,Eptesicus serotinus,0.02,0.031,-1,Echolocation,/mnt/ubna_data_02_mir/recover-20220922/UBNA_001/20220921_090000.WAV,Telephone Field,recover-20220922,001,1795
893.5955,893.6352,68437,82797,Rhinolophus ferrumequinum,0.021,0.021,-1,Echolocation,/mnt/ubna_data_02_mir/recover-20220922/UBNA_001/20220921_090000.WAV,Telephone Field,recover-20220922,001,1795
893.6235,893.6671,68437,82885,Rhinolophus ferrumequinum,0.036,0.036,-1,Echolocation,/mnt/ubna_data_02_mir/recover-20220922/UBNA_001/20220921_090000.WAV,Telephone Field,recover-20220922,001,1795
893.6295,893.6374,28046,39051,Eptesicus serotinus,0.007,0.022,-1,Echolocation,/mnt/ubna_data_02_mir/recover-20220922/UBNA_001/20220921_090000.WAV,Telephone Field,recover-20220922,001,1795
893.6685,893.6758,26328,39249,Eptesicus serotinus,0.006,0.021,-1,Echolocation,/mnt/ubna_data_02_mir/recover-20220922/UBNA_001/20220921_090000.WAV,Telephone Field,recover-20220922,001,1795
893.6755,893.7123,68437,81745,Rhinolophus ferrumequinum,0.021,0.021,-1,Echolocation,/mnt/ubna_data_02_mir/recover-20220922/UBNA_001/20220921_090000.WAV,Telephone Field,recover-20220922,001,1795
893.6905,893.725,68437,81172,Rhinolophus ferrumequinum,0.023,0.023,-1,Echolocation,/mnt/ubna_data_02_mir/recover-20220922/UBNA_001/20220921_090000.WAV,Telephone Field,recover-20220922,001,1795
893.7145,893.7535,68437,82517,Rhinolophus ferrumequinum,0.022,0.022,-1,Echolocation,/mnt/ubna_data_02_mir/recover-20220922/UBNA_001/20220921_090000.WAV,Telephone Field,recover-20220922,001,1795
893.7405,893.78,68437,82554,Rhinolophus ferrumequinum,0.024,0.024,-1,Echolocation,/mnt/ubna_data_02_mir/recover-20220922/UBNA_001/20220921_090000.WAV,Telephone Field,recover-20220922,001,1795
893.7465,893.7575,23750,30042,Nyctalus leisleri,0.009,0.024,-1,Echolocation,/mnt/ubna_data_02_mir/recover-20220922/UBNA_001/20220921_090000.WAV,Telephone Field,recover-20220922,001,1795
893.7625,893.8013,68437,82832,Rhinolophus ferrumequinum,0.025,0.025,-1,Echolocation,/mnt/ubna_data_02_mir/recover-20220922/UBNA_001/20220921_090000.WAV,Telephone Field,recover-20220922,001,1795
893.8055,893.8443,68437,82784,Rhinolophus ferrumequinum,0.025,0.025,-1,Echolocation,/mnt/ubna_data_02_mir/recover-20220922/UBNA_001/20220921_090000.WAV,Telephone Field,recover-20220922,001,1795
893.8155,893.8516,68437,81417,Rhinolophus ferrumequinum,0.021,0.021,-1,Echolocation,/mnt/ubna_data_02_mir/recover-20220922/UBNA_001/20220921_090000.WAV,Telephone Field,recover-20220922,001,1795
893.8165,893.8276,23750,28360,Nyctalus leisleri,0.011,0.021,-1,Echolocation,/mnt/ubna_data_02_mir/recover-20220922/UBNA_001/20220921_090000.WAV,Telephone Field,recover-20220922,001,1795
893.8525,893.8908,68437,82351,Rhinolophus ferrumequinum,0.024,0.024,-1,Echolocation,/mnt/ubna_data_02_mir/recover-20220922/UBNA_001/20220921_090000.WAV,Telephone Field,recover-20220922,001,1795
893.8765,893.885,50390,55461,Pipistrellus pipistrellus,0.02,0.026,-1,Echolocation,/mnt/ubna_data_02_mir/recover-20220922/UBNA_001/20220921_090000.WAV,Telephone Field,recover-20220922,001,1795
893.8775,893.9203,68437,82961,Rhinolophus ferrumequinum,0.038,0.038,-1,Echolocation,/mnt/ubna_data_02_mir/recover-20220922/UBNA_001/20220921_090000.WAV,Telephone Field,recover-20220922,001,1795
893.9014999999999,893.942,68437,82005,Rhinolophus ferrumequinum,0.024,0.024,-1,Echolocation,/mnt/ubna_data_02_mir/recover-20220922/UBNA_001/20220921_090000.WAV,Telephone Field,recover-20220922,001,1795
893.9295,893.9391,16015,22085,Nyctalus noctula,0.01,0.024,-1,Echolocation,/mnt/ubna_data_02_mir/recover-20220922/UBNA_001/20220921_090000.WAV,Telephone Field,recover-20220922,001,1795
893.9415,893.981,68437,82209,Rhinolophus ferrumequinum,0.021,0.021,-1,Echolocation,/mnt/ubna_data_02_mir/recover-20220922/UBNA_001/20220921_090000.WAV,Telephone Field,recover-20220922,001,1795
894.0015,894.0095,23750,34088,Nyctalus leisleri,0.007,0.025,-1,Echolocation,/mnt/ubna_data_02_mir/recover-20220922/UBNA_001/20220921_090000.WAV,Telephone Field,recover-20220922,001,1795
894.0015,894.0110999999999,37500,43909,Pipistrellus nathusii,0.01,0.022,-1,Echolocation,/mnt/ubna_data_02_mir/recover-20220922/UBNA_001/20220921_090000.WAV,Telephone Field,recover-20220922,001,1795
894.0025,894.0415,68437,80757,Rhinolophus ferrumequinum,0.027,0.028,-1,Echolocation,/mnt/ubna_data_02_mir/recover-20220922/UBNA_001/20220921_090000.WAV,Telephone Field,recover-20220922,001,1795
894.0155,894.0572,68437,83460,Rhinolophus ferrumequinum,0.023,0.023,-1,Echolocation,/mnt/ubna_data_02_mir/recover-20220922/UBNA_001/20220921_090000.WAV,Telephone Field,recover-20220922,001,1795
894.0245,894.0348,28046,35042,Eptesicus serotinus,0.014,0.029,-1,Echolocation,/mnt/ubna_data_02_mir/recover-20220922/UBNA_001/20220921_090000.WAV,Telephone Field,recover-20220922,001,1795
894.0415,894.0785,68437,82866,Rhinolophus ferrumequinum,0.026,0.026,-1,Echolocation,/mnt/ubna_data_02_mir/recover-20220922/UBNA_001/20220921_090000.WAV,Telephone Field,recover-20220922,001,1795
894.0555,894.0631,28046,37610,Eptesicus serotinus,0.007,0.022,-1,Echolocation,/mnt/ubna_data_02_mir/recover-20220922/UBNA_001/20220921_090000.WAV,Telephone Field,recover-20220922,001,1795
894.0795,894.119,68437,82054,Rhinolophus ferrumequinum,0.022,0.022,-1,Echolocation,/mnt/ubna_data_02_mir/recover-20220922/UBNA_001/20220921_090000.WAV,Telephone Field,recover-20220922,001,1795
894.0875,894.097,45234,53178,Pipistrellus pipistrellus,0.018,0.024,-1,Echolocation,/mnt/ubna_data_02_mir/recover-20220922/UBNA_001/20220921_090000.WAV,Telephone Field,recover-20220922,001,1795
894.0955,894.1021,24609,36168,Plecotus austriacus,0.011,0.029,-1,Echolocation,/mnt/ubna_data_02_mir/recover-20220922/UBNA_001/20220921_090000.WAV,Telephone Field,recover-20220922,001,1795
894.1255,894.1674,68437,82979,Rhinolophus ferrumequinum,0.028,0.028,-1,Echolocation,/mnt/ubna_data_02_mir/recover-20220922/UBNA_001/20220921_090000.WAV,Telephone Field,recover-20220922,001,1795
894.1325,894.1731,68437,83121,Rhinolophus ferrumequinum,0.027,0.027,-1,Echolocation,/mnt/ubna_data_02_mir/recover-20220922/UBNA_001/20220921_090000.WAV,Telephone Field,recover-20220922,001,1795
894.1595,894.1985,68437,81414,Rhinolophus ferrumequinum,0.021,0.021,-1,Echolocation,/mnt/ubna_data_02_mir/recover-20220922/UBNA_001/20220921_090000.WAV,Telephone Field,recover-20220922,001,1795
894.1885,894.2016,22031,26006,Nyctalus leisleri,0.014,0.025,-1,Echolocation,/mnt/ubna_data_02_mir/recover-20220922/UBNA_001/20220921_090000.WAV,Telephone Field,recover-20220922,001,1795
894.2035,894.2104,23750,33050,Plecotus austriacus,0.01,0.023,-1,Echolocation,/mnt/ubna_data_02_mir/recover-20220922/UBNA_001/20220921_090000.WAV,Telephone Field,recover-20220922,001,1795
894.2275,894.2356,44375,53387,Pipistrellus pipistrellus,0.016,0.025,-1,Echolocation,/mnt/ubna_data_02_mir/recover-20220922/UBNA_001/20220921_090000.WAV,Telephone Field,recover-20220922,001,1795
894.2365,894.2724,68437,81710,Rhinolophus ferrumequinum,0.021,0.021,-1,Echolocation,/mnt/ubna_data_02_mir/recover-20220922/UBNA_001/20220921_090000.WAV,Telephone Field,recover-20220922,001,1795
894.2525,894.2605,27187,39007,Eptesicus serotinus,0.009,0.024,-1,Echolocation,/mnt/ubna_data_02_mir/recover-20220922/UBNA_001/20220921_090000.WAV,Telephone Field,recover-20220922,001,1795
894.2895,894.3076,20312,23392,Nyctalus leisleri,0.016,0.026,-1,Echolocation,/mnt/ubna_data_02_mir/recover-20220922/UBNA_001/20220921_090000.WAV,Telephone Field,recover-20220922,001,1795
894.3135,894.3502,68437,81360,Rhinolophus ferrumequinum,0.021,0.021,-1,Echolocation,/mnt/ubna_data_02_mir/recover-20220922/UBNA_001/20220921_090000.WAV,Telephone Field,recover-20220922,001,1795
894.3225,894.33,27187,38141,Eptesicus serotinus,0.006,0.023,-1,Echolocation,/mnt/ubna_data_02_mir/recover-20220922/UBNA_001/20220921_090000.WAV,Telephone Field,recover-20220922,001,1795
894.3595,894.4014999999999,68437,82919,Rhinolophus ferrumequinum,0.025,0.025,-1,Echolocation,/mnt/ubna_data_02_mir/recover-20220922/UBNA_001/20220921_090000.WAV,Telephone Field,recover-20220922,001,1795
894.4265,894.4371,22890,28627,Nyctalus leisleri,0.01,0.021,-1,Echolocation,/mnt/ubna_data_02_mir/recover-20220922/UBNA_001/20220921_090000.WAV,Telephone Field,recover-20220922,001,1795
894.4275,894.4369,28046,36557,Eptesicus serotinus,0.008,0.021,-1,Echolocation,/mnt/ubna_data_02_mir/recover-20220922/UBNA_001/20220921_090000.WAV,Telephone Field,recover-20220922,001,1795
894.4625,894.5038,68437,82881,Rhinolophus ferrumequinum,0.03,0.03,-1,Echolocation,/mnt/ubna_data_02_mir/recover-20220922/UBNA_001/20220921_090000.WAV,Telephone Field,recover-20220922,001,1795
894.4635,894.4723,22890,30358,Plecotus austriacus,0.01,0.024,-1,Echolocation,/mnt/ubna_data_02_mir/recover-20220922/UBNA_001/20220921_090000.WAV,Telephone Field,recover-20220922,001,1795
894.4935,894.5025,44375,49002,Pipistrellus pipistrellus,0.019,0.022,-1,Echolocation,/mnt/ubna_data_02_mir/recover-20220922/UBNA_001/20220921_090000.WAV,Telephone Field,recover-20220922,001,1795
894.5005,894.5399,68437,82478,Rhinolophus ferrumequinum,0.028,0.028,-1,Echolocation,/mnt/ubna_data_02_mir/recover-20220922/UBNA_001/20220921_090000.WAV,Telephone Field,recover-20220922,001,1795
894.5335,894.5397,27187,40144,Eptesicus serotinus,0.006,0.029,-1,Echolocation,/mnt/ubna_data_02_mir/recover-20220922/UBNA_001/20220921_090000.WAV,Telephone Field,recover-20220922,001,1795
894.5565,894.5652,27187,37993,Eptesicus serotinus,0.009,0.023,-1,Echolocation,/mnt/ubna_data_02_mir/recover-20220922/UBNA_001/20220921_090000.WAV,Telephone Field,recover-20220922,001,1795
894.5715,894.6123,68437,82307,Rhinolophus ferrumequinum,0.024,0.024,-1,Echolocation,/mnt/ubna_data_02_mir/recover-20220922/UBNA_001/20220921_090000.WAV,Telephone Field,recover-20220922,001,1795
894.5875,894.5986,24609,30744,Nyctalus leisleri,0.014,0.034,-1,Echolocation,/mnt/ubna_data_02_mir/recover-20220922/UBNA_001/20220921_090000.WAV,Telephone Field,recover-20220922,001,1795
894.5885,894.6298,68437,83572,Rhinolophus ferrumequinum,0.031,0.031,-1,Echolocation,/mnt/ubna_data_02_mir/recover-20220922/UBNA_001/20220921_090000.WAV,Telephone Field,recover-20220922,001,1795
894.6225,894.6306,27187,38521,Eptesicus serotinus,0.006,0.021,-1,Echolocation,/mnt/ubna_data_02_mir/recover-20220922/UBNA_001/20220921_090000.WAV,Telephone Field,recover-20220922,001,1795
894.6514999999999,894.69,68437,80922,Rhinolophus ferrumequinum,0.025,0.025,-1,Echolocation,/mnt/ubna_data_02_mir/recover-20220922/UBNA_001/20220921_090000.WAV,Telephone Field,recover-20220922,001,1795
894.6725,894.6831,27187,33598,Eptesicus serotinus,0.012,0.028,-1,Echolocation,/mnt/ubna_data_02_mir/recover-20220922/UBNA_001/20220921_090000.WAV,Telephone Field,recover-20220922,001,1795
894.6745,894.7129,68437,82188,Rhinolophus ferrumequinum,0.023,0.023,-1,Echolocation,/mnt/ubna_data_02_mir/recover-20220922/UBNA_001/20220921_090000.WAV,Telephone Field,recover-20220922,001,1795
894.6965,894.713,21171,24807,Nyctalus leisleri,0.012,0.023,-1,Echolocation,/mnt/ubna_data_02_mir/recover-20220922/UBNA_001/20220921_090000.WAV,Telephone Field,recover-20220922,001,1795
894.7035,894.7158,22890,27594,Nyctalus leisleri,0.013,0.025,-1,Echolocation,/mnt/ubna_data_02_mir/recover-20220922/UBNA_001/20220921_090000.WAV,Telephone Field,recover-20220922,001,1795
894.7195,894.726,23750,33578,Plecotus austriacus,0.018,0.035,-1,Echolocation,/mnt/ubna_data_02_mir/recover-20220922/UBNA_001/20220921_090000.WAV,Telephone Field,recover-20220922,001,1795
894.7275,894.7675,68437,82361,Rhinolophus ferrumequinum,0.023,0.023,-1,Echolocation,/mnt/ubna_data_02_mir/recover-20220922/UBNA_001/20220921_090000.WAV,Telephone Field,recover-20220922,001,1795
894.7635,894.8031,68437,82417,Rhinolophus ferrumequinum,0.025,0.025,-1,Echolocation,/mnt/ubna_data_02_mir/recover-20220922/UBNA_001/20220921_090000.WAV,Telephone Field,recover-20220922,001,1795
894.7695,894.8103,68437,82682,Rhinolophus ferrumequinum,0.024,0.024,-1,Echolocation,/mnt/ubna_data_02_mir/recover-20220922/UBNA_001/20220921_090000.WAV,Telephone Field,recover-20220922,001,1795
894.7885,894.7994,23750,30461,Nyctalus leisleri,0.011,0.027,-1,Echolocation,/mnt/ubna_data_02_mir/recover-20220922/UBNA_001/20220921_090000.WAV,Telephone Field,recover-20220922,001,1795
894.8005,894.8092,27187,37352,Eptesicus serotinus,0.007,0.021,-1,Echolocation,/mnt/ubna_data_02_mir/recover-20220922/UBNA_001/20220921_090000.WAV,Telephone Field,recover-20220922,001,1795
894.8015,894.8386,68437,81308,Rhinolophus ferrumequinum,0.022,0.022,-1,Echolocation,/mnt/ubna_data_02_mir/recover-20220922/UBNA_001/20220921_090000.WAV,Telephone Field,recover-20220922,001,1795
894.8325,894.8753,68437,83002,Rhinolophus ferrumequinum,0.027,0.027,-1,Echolocation,/mnt/ubna_data_02_mir/recover-20220922/UBNA_001/20220921_090000.WAV,Telephone Field,recover-20220922,001,1795
894.8765,894.8834,26328,38247,Eptesicus serotinus,0.005,0.021,-1,Echolocation,/mnt/ubna_data_02_mir/recover-20220922/UBNA_001/20220921_090000.WAV,Telephone Field,recover-20220922,001,1795
894.8935,894.901,50390,54695,Pipistrellus pipistrellus,0.024,0.028,-1,Echolocation,/mnt/ubna_data_02_mir/recover-20220922/UBNA_001/20220921_090000.WAV,Telephone Field,recover-20220922,001,1795
894.9185,894.9542,68437,81192,Rhinolophus ferrumequinum,0.023,0.023,-1,Echolocation,/mnt/ubna_data_02_mir/recover-20220922/UBNA_001/20220921_090000.WAV,Telephone Field,recover-20220922,001,1795
894.9185,894.9271,27187,37484,Eptesicus serotinus,0.007,0.024,-1,Echolocation,/mnt/ubna_data_02_mir/recover-20220922/UBNA_001/20220921_090000.WAV,Telephone Field,recover-20220922,001,1795
894.9355,894.9737,68437,81956,Rhinolophus ferrumequinum,0.021,0.022,-1,Echolocation,/mnt/ubna_data_02_mir/recover-20220922/UBNA_001/20220921_090000.WAV,Telephone Field,recover-20220922,001,1795
894.9575,894.997,68437,82145,Rhinolophus ferrumequinum,0.025,0.025,-1,Echolocation,/mnt/ubna_data_02_mir/recover-20220922/UBNA_001/20220921_090000.WAV,Telephone Field,recover-20220922,001,1795
894.9705,895.0098,68437,82553,Rhinolophus ferrumequinum,0.026,0.026,-1,Echolocation,/mnt/ubna_data_02_mir/recover-20220922/UBNA_001/20220921_090000.WAV,Telephone Field,recover-20220922,001,1795
895.0025,895.0417,68437,82173,Rhinolophus ferrumequinum,0.021,0.021,-1,Echolocation,/mnt/ubna_data_02_mir/recover-20220922/UBNA_001/20220921_090000.WAV,Telephone Field,recover-20220922,001,1795
895.0095,895.0508,68437,82569,Rhinolophus ferrumequinum,0.022,0.022,-1,Echolocation,/mnt/ubna_data_02_mir/recover-20220922/UBNA_001/20220921_090000.WAV,Telephone Field,recover-20220922,001,1795
895.0145,895.0543,68437,82308,Rhinolophus ferrumequinum,0.022,0.022,-1,Echolocation,/mnt/ubna_data_02_mir/recover-20220922/UBNA_001/20220921_090000.WAV,Telephone Field,recover-20220922,001,1795
895.0235,895.0337,22031,27128,Nyctalus leisleri,0.009,0.021,-1,Echolocation,/mnt/ubna_data_02_mir/recover-20220922/UBNA_001/20220921_090000.WAV,Telephone Field,recover-20220922,001,1795
895.0715,895.1071,68437,81843,Rhinolophus ferrumequinum,0.021,0.021,-1,Echolocation,/mnt/ubna_data_02_mir/recover-20220922/UBNA_001/20220921_090000.WAV,Telephone Field,recover-20220922,001,1795
895.0745,895.0842,27187,35635,Eptesicus serotinus,0.01,0.024,-1,Echolocation,/mnt/ubna_data_02_mir/recover-20220922/UBNA_001/20220921_090000.WAV,Telephone Field,recover-20220922,001,1795
895.1415,895.1496,27187,37510,Eptesicus serotinus,0.007,0.021,-1,Echolocation,/mnt/ubna_data_02_mir/recover-20220922/UBNA_001/20220921_090000.WAV,Telephone Field,recover-20220922,001,1795
895.1545,895.1947,68437,82593,Rhinolophus ferrumequinum,0.029,0.029,-1,Echolocation,/mnt/ubna_data_02_mir/recover-20220922/UBNA_001/20220921_090000.WAV,Telephone Field,recover-20220922,001,1795
895.1665,895.1753,27187,37946,Eptesicus serotinus,0.007,0.021,-1,Echolocation,/mnt/ubna_data_02_mir/recover-20220922/UBNA_001/20220921_090000.WAV,Telephone Field,recover-20220922,001,1795
895.1765,895.1831,45234,50643,Pipistrellus pipistrellus,0.079,0.083,-1,Echolocation,/mnt/ubna_data_02_mir/recover-20220922/UBNA_001/20220921_090000.WAV,Telephone Field,recover-20220922,001,1795
895.1815,895.1967,21171,24276,Nyctalus leisleri,0.013,0.022,-1,Echolocation,/mnt/ubna_data_02_mir/recover-20220922/UBNA_001/20220921_090000.WAV,Telephone Field,recover-20220922,001,1795
895.2065,895.2415,68437,81245,Rhinolophus ferrumequinum,0.023,0.023,-1,Echolocation,/mnt/ubna_data_02_mir/recover-20220922/UBNA_001/20220921_090000.WAV,Telephone Field,recover-20220922,001,1795
895.2105,895.2177,26328,38392,Eptesicus serotinus,0.005,0.021,-1,Echolocation,/mnt/ubna_data_02_mir/recover-20220922/UBNA_001/20220921_090000.WAV,Telephone Field,recover-20220922,001,1795
895.2195,895.2574,68437,81524,Rhinolophus ferrumequinum,0.021,0.021,-1,Echolocation,/mnt/ubna_data_02_mir/recover-20220922/UBNA_001/20220921_090000.WAV,Telephone Field,recover-20220922,001,1795
895.2355,895.2742,68437,81972,Rhinolophus ferrumequinum,0.021,0.021,-1,Echolocation,/mnt/ubna_data_02_mir/recover-20220922/UBNA_001/20220921_090000.WAV,Telephone Field,recover-20220922,001,1795
895.2555,895.2974,68437,82795,Rhinolophus ferrumequinum,0.037,0.037,-1,Echolocation,/mnt/ubna_data_02_mir/recover-20220922/UBNA_001/20220921_090000.WAV,Telephone Field,recover-20220922,001,1795
895.2695,895.2771,15156,25604,Plecotus auritus,0.015,0.025,-1,Echolocation,/mnt/ubna_data_02_mir/recover-20220922/UBNA_001/20220921_090000.WAV,Telephone Field,recover-20220922,001,1795
895.2715,895.278,48671,55835,Pipistrellus pipistrellus,0.025,0.03,-1,Echolocation,/mnt/ubna_data_02_mir/recover-20220922/UBNA_001/20220921_090000.WAV,Telephone Field,recover-20220922,001,1795
895.2795,895.3195,68437,82405,Rhinolophus ferrumequinum,0.025,0.025,-1,Echolocation,/mnt/ubna_data_02_mir/recover-20220922/UBNA_001/20220921_090000.WAV,Telephone Field,recover-20220922,001,1795
895.2965,895.305,23750,31813,Plecotus austriacus,0.009,0.023,-1,Echolocation,/mnt/ubna_data_02_mir/recover-20220922/UBNA_001/20220921_090000.WAV,Telephone Field,recover-20220922,001,1795
895.3165,895.3366,19453,22401,Nyctalus leisleri,0.015,0.028,-1,Echolocation,/mnt/ubna_data_02_mir/recover-20220922/UBNA_001/20220921_090000.WAV,Telephone Field,recover-20220922,001,1795
895.3275,895.3636,68437,81007,Rhinolophus ferrumequinum,0.021,0.021,-1,Echolocation,/mnt/ubna_data_02_mir/recover-20220922/UBNA_001/20220921_090000.WAV,Telephone Field,recover-20220922,001,1795
895.3295,895.3365,27187,37359,Eptesicus serotinus,0.008,0.027,-1,Echolocation,/mnt/ubna_data_02_mir/recover-20220922/UBNA_001/20220921_090000.WAV,Telephone Field,recover-20220922,001,1795
895.3425,895.3539,40937,44994,Pipistrellus nathusii,0.011,0.025,-1,Echolocation,/mnt/ubna_data_02_mir/recover-20220922/UBNA_001/20220921_090000.WAV,Telephone Field,recover-20220922,001,1795
895.3425,895.3781,68437,81637,Rhinolophus ferrumequinum,0.021,0.021,-1,Echolocation,/mnt/ubna_data_02_mir/recover-20220922/UBNA_001/20220921_090000.WAV,Telephone Field,recover-20220922,001,1795
895.3455,895.3587,23750,27911,Nyctalus leisleri,0.054,0.1,-1,Echolocation,/mnt/ubna_data_02_mir/recover-20220922/UBNA_001/20220921_090000.WAV,Telephone Field,recover-20220922,001,1795
895.3565,895.3981,68437,83061,Rhinolophus ferrumequinum,0.027,0.028,-1,Echolocation,/mnt/ubna_data_02_mir/recover-20220922/UBNA_001/20220921_090000.WAV,Telephone Field,recover-20220922,001,1795
895.3635,895.4031,68437,82698,Rhinolophus ferrumequinum,0.028,0.028,-1,Echolocation,/mnt/ubna_data_02_mir/recover-20220922/UBNA_001/20220921_090000.WAV,Telephone Field,recover-20220922,001,1795
895.3885,895.4331999999999,68437,83355,Rhinolophus ferrumequinum,0.033,0.033,-1,Echolocation,/mnt/ubna_data_02_mir/recover-20220922/UBNA_001/20220921_090000.WAV,Telephone Field,recover-20220922,001,1795
895.4005,895.4073,24609,35050,Plecotus austriacus,0.018,0.043,-1,Echolocation,/mnt/ubna_data_02_mir/recover-20220922/UBNA_001/20220921_090000.WAV,Telephone Field,recover-20220922,001,1795
895.4165,895.456,68437,82161,Rhinolophus ferrumequinum,0.021,0.021,-1,Echolocation,/mnt/ubna_data_02_mir/recover-20220922/UBNA_001/20220921_090000.WAV,Telephone Field,recover-20220922,001,1795
895.4165,895.4273,44375,48298,Pipistrellus pipistrellus,0.02,0.023,-1,Echolocation,/mnt/ubna_data_02_mir/recover-20220922/UBNA_001/20220921_090000.WAV,Telephone Field,recover-20220922,001,1795
895.4345,895.4714,68437,81340,Rhinolophus ferrumequinum,0.021,0.021,-1,Echolocation,/mnt/ubna_data_02_mir/recover-20220922/UBNA_001/20220921_090000.WAV,Telephone Field,recover-20220922,001,1795
895.4865,895.5241,68437,81594,Rhinolophus ferrumequinum,0.021,0.021,-1,Echolocation,/mnt/ubna_data_02_mir/recover-20220922/UBNA_001/20220921_090000.WAV,Telephone Field,recover-20220922,001,1795
895.4875,895.4949,23750,31574,Plecotus austriacus,0.012,0.025,-1,Echolocation,/mnt/ubna_data_02_mir/recover-20220922/UBNA_001/20220921_090000.WAV,Telephone Field,recover-20220922,001,1795
895.4875,895.4962,14296,23873,Nyctalus noctula,0.013,0.027,-1,Echolocation,/mnt/ubna_data_02_mir/recover-20220922/UBNA_001/20220921_090000.WAV,Telephone Field,recover-20220922,001,1795
895.4985,895.5346,68437,81513,Rhinolophus ferrumequinum,0.022,0.022,-1,Echolocation,/mnt/ubna_data_02_mir/recover-20220922/UBNA_001/20220921_090000.WAV,Telephone Field,recover-20220922,001,1795
895.5115,895.5202,28046,37448,Eptesicus serotinus,0.008,0.025,-1,Echolocation,/mnt/ubna_data_02_mir/recover-20220922/UBNA_001/20220921_090000.WAV,Telephone Field,recover-20220922,001,1795
895.5515,895.5902,68437,82059,Rhinolophus ferrumequinum,0.021,0.022,-1,Echolocation,/mnt/ubna_data_02_mir/recover-20220922/UBNA_001/20220921_090000.WAV,Telephone Field,recover-20220922,001,1795
895.5835,895.6192,68437,81447,Rhinolophus ferrumequinum,0.023,0.023,-1,Echolocation,/mnt/ubna_data_02_mir/recover-20220922/UBNA_001/20220921_090000.WAV,Telephone Field,recover-20220922,001,1795
895.5965,895.6347,68437,82326,Rhinolophus ferrumequinum,0.022,0.022,-1,Echolocation,/mnt/ubna_data_02_mir/recover-20220922/UBNA_001/20220921_090000.WAV,Telephone Field,recover-20220922,001,1795
895.6155,895.6238,28046,38688,Eptesicus serotinus,0.007,0.022,-1,Echolocation,/mnt/ubna_data_02_mir/recover-20220922/UBNA_001/20220921_090000.WAV,Telephone Field,recover-20220922,001,1795
895.6265,895.6662,68437,82140,Rhinolophus ferrumequinum,0.022,0.022,-1,Echolocation,/mnt/ubna_data_02_mir/recover-20220922/UBNA_001/20220921_090000.WAV,Telephone Field,recover-20220922,001,1795
895.6375,895.6457,27187,38078,Eptesicus serotinus,0.008,0.021,-1,Echolocation,/mnt/ubna_data_02_mir/recover-20220922/UBNA_001/20220921_090000.WAV,Telephone Field,recover-20220922,001,1795
895.6425,895.6529,22890,28630,Nyctalus leisleri,0.009,0.022,-1,Echolocation,/mnt/ubna_data_02_mir/recover-20220922/UBNA_001/20220921_090000.WAV,Telephone Field,recover-20220922,001,1795
895.6625,895.6728,22031,27087,Nyctalus leisleri,0.008,0.021,-1,Echolocation,/mnt/ubna_data_02_mir/recover-20220922/UBNA_001/20220921_090000.WAV,Telephone Field,recover-20220922,001,1795
895.6665,895.7064,68437,82218,Rhinolophus ferrumequinum,0.022,0.022,-1,Echolocation,/mnt/ubna_data_02_mir/recover-20220922/UBNA_001/20220921_090000.WAV,Telephone Field,recover-20220922,001,1795
895.6995,895.7392,68437,82274,Rhinolophus ferrumequinum,0.023,0.023,-1,Echolocation,/mnt/ubna_data_02_mir/recover-20220922/UBNA_001/20220921_090000.WAV,Telephone Field,recover-20220922,001,1795
895.7045,895.712,27187,37883,Eptesicus serotinus,0.007,0.023,-1,Echolocation,/mnt/ubna_data_02_mir/recover-20220922/UBNA_001/20220921_090000.WAV,Telephone Field,recover-20220922,001,1795
895.7335,895.7742,68437,82421,Rhinolophus ferrumequinum,0.034,0.034,-1,Echolocation,/mnt/ubna_data_02_mir/recover-20220922/UBNA_001/20220921_090000.WAV,Telephone Field,recover-20220922,001,1795
895.7425,895.7499,27187,37812,Eptesicus serotinus,0.008,0.025,-1,Echolocation,/mnt/ubna_data_02_mir/recover-20220922/UBNA_001/20220921_090000.WAV,Telephone Field,recover-20220922,001,1795
895.7845,895.7921,28046,38517,Eptesicus serotinus,0.006,0.022,-1,Echolocation,/mnt/ubna_data_02_mir/recover-20220922/UBNA_001/20220921_090000.WAV,Telephone Field,recover-20220922,001,1795
895.8215,895.8638,68437,83291,Rhinolophus ferrumequinum,0.034,0.034,-1,Echolocation,/mnt/ubna_data_02_mir/recover-20220922/UBNA_001/20220921_090000.WAV,Telephone Field,recover-20220922,001,1795
895.8515,895.8617,22890,29071,Nyctalus leisleri,0.011,0.028,-1,Echolocation,/mnt/ubna_data_02_mir/recover-20220922/UBNA_001/20220921_090000.WAV,Telephone Field,recover-20220922,001,1795
895.8885,895.9262,68437,80621,Rhinolophus ferrumequinum,0.024,0.024,-1,Echolocation,/mnt/ubna_data_02_mir/recover-20220922/UBNA_001/20220921_090000.WAV,Telephone Field,recover-20220922,001,1795
895.8945,895.932,68437,81341,Rhinolophus ferrumequinum,0.022,0.022,-1,Echolocation,/mnt/ubna_data_02_mir/recover-20220922/UBNA_001/20220921_090000.WAV,Telephone Field,recover-20220922,001,1795
895.9195,895.959,68437,81806,Rhinolophus ferrumequinum,0.021,0.021,-1,Echolocation,/mnt/ubna_data_02_mir/recover-20220922/UBNA_001/20220921_090000.WAV,Telephone Field,recover-20220922,001,1795
895.9255,895.9338,28046,38866,Eptesicus serotinus,0.007,0.021,-1,Echolocation,/mnt/ubna_data_02_mir/recover-20220922/UBNA_001/20220921_090000.WAV,Telephone Field,recover-20220922,001,1795
895.9375,895.9514,22031,26471,Nyctalus leisleri,0.015,0.028,-1,Echolocation,/mnt/ubna_data_02_mir/recover-20220922/UBNA_001/20220921_090000.WAV,Telephone Field,recover-20220922,001,1795
895.9435,895.9842,68437,82913,Rhinolophus ferrumequinum,0.034,0.034,-1,Echolocation,/mnt/ubna_data_02_mir/recover-20220922/UBNA_001/20220921_090000.WAV,Telephone Field,recover-20220922,001,1795
895.9855,895.996,27187,34404,Eptesicus serotinus,0.013,0.03,-1,Echolocation,/mnt/ubna_data_02_mir/recover-20220922/UBNA_001/20220921_090000.WAV,Telephone Field,recover-20220922,001,1795
896.0015,896.0331,68437,79753,Rhinolophus ferrumequinum,0.043,0.043,-1,Echolocation,/mnt/ubna_data_02_mir/recover-20220922/UBNA_001/20220921_090000.WAV,Telephone Field,recover-20220922,001,1795
896.0015,896.0114,22031,28259,Nyctalus leisleri,0.012,0.031,-1,Echolocation,/mnt/ubna_data_02_mir/recover-20220922/UBNA_001/20220921_090000.WAV,Telephone Field,recover-20220922,001,1795
896.0075,896.0471,68437,81839,Rhinolophus ferrumequinum,0.021,0.021,-1,Echolocation,/mnt/ubna_data_02_mir/recover-20220922/UBNA_001/20220921_090000.WAV,Telephone Field,recover-20220922,001,1795
896.0145,896.0536,68437,82768,Rhinolophus ferrumequinum,0.022,0.022,-1,Echolocation,/mnt/ubna_data_02_mir/recover-20220922/UBNA_001/20220921_090000.WAV,Telephone Field,recover-20220922,001,1795
896.0225,896.0348,23750,29548,Nyctalus leisleri,0.013,0.028,-1,Echolocation,/mnt/ubna_data_02_mir/recover-20220922/UBNA_001/20220921_090000.WAV,Telephone Field,recover-20220922,001,1795
896.0515,896.0973,68437,83661,Rhinolophus ferrumequinum,0.041,0.041,-1,Echolocation,/mnt/ubna_data_02_mir/recover-20220922/UBNA_001/20220921_090000.WAV,Telephone Field,recover-20220922,001,1795
896.0595,896.0683,28046,37174,Eptesicus serotinus,0.009,0.023,-1,Echolocation,/mnt/ubna_data_02_mir/recover-20220922/UBNA_001/20220921_090000.WAV,Telephone Field,recover-20220922,001,1795
896.0825,896.1198,68437,81825,Rhinolophus ferrumequinum,0.025,0.025,-1,Echolocation,/mnt/ubna_data_02_mir/recover-20220922/UBNA_001/20220921_090000.WAV,Telephone Field,recover-20220922,001,1795
896.1125,896.1541,68437,82676,Rhinolophus ferrumequinum,0.04,0.04,-1,Echolocation,/mnt/ubna_data_02_mir/recover-20220922/UBNA_001/20220921_090000.WAV,Telephone Field,recover-20220922,001,1795
896.1665,896.2036,68437,82384,Rhinolophus ferrumequinum,0.023,0.023,-1,Echolocation,/mnt/ubna_data_02_mir/recover-20220922/UBNA_001/20220921_090000.WAV,Telephone Field,recover-20220922,001,1795
896.1815,896.189,28906,37910,Eptesicus serotinus,0.008,0.026,-1,Echolocation,/mnt/ubna_data_02_mir/recover-20220922/UBNA_001/20220921_090000.WAV,Telephone Field,recover-20220922,001,1795
896.1815,896.2228,68437,82603,Rhinolophus ferrumequinum,0.024,0.024,-1,Echolocation,/mnt/ubna_data_02_mir/recover-20220922/UBNA_001/20220921_090000.WAV,Telephone Field,recover-20220922,001,1795
896.2045,896.2431,68437,82304,Rhinolophus ferrumequinum,0.021,0.021,-1,Echolocation,/mnt/ubna_data_02_mir/recover-20220922/UBNA_001/20220921_090000.WAV,Telephone Field,recover-20220922,001,1795
896.2195,896.2583,68437,82387,Rhinolophus ferrumequinum,0.027,0.027,-1,Echolocation,/mnt/ubna_data_02_mir/recover-20220922/UBNA_001/20220921_090000.WAV,Telephone Field,recover-20220922,001,1795
896.2205,896.2302999999999,22031,27093,Nyctalus leisleri,0.01,0.023,-1,Echolocation,/mnt/ubna_data_02_mir/recover-20220922/UBNA_001/20220921_090000.WAV,Telephone Field,recover-20220922,001,1795
896.2475,896.2567,26328,34907,Eptesicus serotinus,0.021,0.041,-1,Echolocation,/mnt/ubna_data_02_mir/recover-20220922/UBNA_001/20220921_090000.WAV,Telephone Field,recover-20220922,001,1795
896.2495,896.2908,68437,82442,Rhinolophus ferrumequinum,0.021,0.021,-1,Echolocation,/mnt/ubna_data_02_mir/recover-20220922/UBNA_001/20220921_090000.WAV,Telephone Field,recover-20220922,001,1795
896.2635,896.3037,68437,83355,Rhinolophus ferrumequinum,0.026,0.026,-1,Echolocation,/mnt/ubna_data_02_mir/recover-20220922/UBNA_001/20220921_090000.WAV,Telephone Field,recover-20220922,001,1795
896.2875,896.3258,68437,81200,Rhinolophus ferrumequinum,0.025,0.025,-1,Echolocation,/mnt/ubna_data_02_mir/recover-20220922/UBNA_001/20220921_090000.WAV,Telephone Field,recover-20220922,001,1795
896.3415,896.3521,22890,27582,Nyctalus leisleri,0.011,0.022,-1,Echolocation,/mnt/ubna_data_02_mir/recover-20220922/UBNA_001/20220921_090000.WAV,Telephone Field,recover-20220922,001,1795
896.3465,896.3856,68437,82089,Rhinolophus ferrumequinum,0.022,0.022,-1,Echolocation,/mnt/ubna_data_02_mir/recover-20220922/UBNA_001/20220921_090000.WAV,Telephone Field,recover-20220922,001,1795
896.4085,896.4428,68437,80840,Rhinolophus ferrumequinum,0.021,0.021,-1,Echolocation,/mnt/ubna_data_02_mir/recover-20220922/UBNA_001/20220921_090000.WAV,Telephone Field,recover-20220922,001,1795
896.4145,896.4487,68437,81392,Rhinolophus ferrumequinum,0.021,0.021,-1,Echolocation,/mnt/ubna_data_02_mir/recover-20220922/UBNA_001/20220921_090000.WAV,Telephone Field,recover-20220922,001,1795
896.4255,896.4324,28046,38991,Eptesicus serotinus,0.006,0.024,-1,Echolocation,/mnt/ubna_data_02_mir/recover-20220922/UBNA_001/20220921_090000.WAV,Telephone Field,recover-20220922,001,1795
896.4305,896.4661,68437,82092,Rhinolophus ferrumequinum,0.022,0.022,-1,Echolocation,/mnt/ubna_data_02_mir/recover-20220922/UBNA_001/20220921_090000.WAV,Telephone Field,recover-20220922,001,1795
896.4415,896.4793,68437,82191,Rhinolophus ferrumequinum,0.021,0.021,-1,Echolocation,/mnt/ubna_data_02_mir/recover-20220922/UBNA_001/20220921_090000.WAV,Telephone Field,recover-20220922,001,1795
896.4585,896.4728,22031,26108,Nyctalus leisleri,0.014,0.025,-1,Echolocation,/mnt/ubna_data_02_mir/recover-20220922/UBNA_001/20220921_090000.WAV,Telephone Field,recover-20220922,001,1795
896.4835,896.4925,28046,38636,Eptesicus serotinus,0.008,0.023,-1,Echolocation,/mnt/ubna_data_02_mir/recover-20220922/UBNA_001/20220921_090000.WAV,Telephone Field,recover-20220922,001,1795
896.5215,896.5601,68437,82510,Rhinolophus ferrumequinum,0.023,0.023,-1,Echolocation,/mnt/ubna_data_02_mir/recover-20220922/UBNA_001/20220921_090000.WAV,Telephone Field,recover-20220922,001,1795
896.5315,896.5451,22890,27258,Nyctalus leisleri,0.013,0.023,-1,Echolocation,/mnt/ubna_data_02_mir/recover-20220922/UBNA_001/20220921_090000.WAV,Telephone Field,recover-20220922,001,1795
896.5375,896.5489,23750,28971,Nyctalus leisleri,0.011,0.024,-1,Echolocation,/mnt/ubna_data_02_mir/recover-20220922/UBNA_001/20220921_090000.WAV,Telephone Field,recover-20220922,001,1795
896.5395,896.5469,28046,46723,Myotis daubentonii,0.006,0.022,-1,Echolocation,/mnt/ubna_data_02_mir/recover-20220922/UBNA_001/20220921_090000.WAV,Telephone Field,recover-20220922,001,1795
896.5505,896.588,68437,82596,Rhinolophus ferrumequinum,0.022,0.022,-1,Echolocation,/mnt/ubna_data_02_mir/recover-20220922/UBNA_001/20220921_090000.WAV,Telephone Field,recover-20220922,001,1795
896.5615,896.5723,22890,28241,Nyctalus leisleri,0.01,0.022,-1,Echolocation,/mnt/ubna_data_02_mir/recover-20220922/UBNA_001/20220921_090000.WAV,Telephone Field,recover-20220922,001,1795
896.5815,896.6161,68437,81357,Rhinolophus ferrumequinum,0.021,0.021,-1,Echolocation,/mnt/ubna_data_02_mir/recover-20220922/UBNA_001/20220921_090000.WAV,Telephone Field,recover-20220922,001,1795
896.6115,896.6473,68437,81191,Rhinolophus ferrumequinum,0.022,0.022,-1,Echolocation,/mnt/ubna_data_02_mir/recover-20220922/UBNA_001/20220921_090000.WAV,Telephone Field,recover-20220922,001,1795
896.6375,896.6492,28906,34786,Eptesicus serotinus,0.012,0.026,-1,Echolocation,/mnt/ubna_data_02_mir/recover-20220922/UBNA_001/20220921_090000.WAV,Telephone Field,recover-20220922,001,1795
896.6425,896.686,68437,82991,Rhinolophus ferrumequinum,0.032,0.032,-1,Echolocation,/mnt/ubna_data_02_mir/recover-20220922/UBNA_001/20220921_090000.WAV,Telephone Field,recover-20220922,001,1795
896.7015,896.738,68437,81991,Rhinolophus ferrumequinum,0.022,0.022,-1,Echolocation,/mnt/ubna_data_02_mir/recover-20220922/UBNA_001/20220921_090000.WAV,Telephone Field,recover-20220922,001,1795
896.7365,896.7804,68437,83213,Rhinolophus ferrumequinum,0.04,0.04,-1,Echolocation,/mnt/ubna_data_02_mir/recover-20220922/UBNA_001/20220921_090000.WAV,Telephone Field,recover-20220922,001,1795
896.7505,896.7614,22890,28283,Nyctalus leisleri,0.011,0.023,-1,Echolocation,/mnt/ubna_data_02_mir/recover-20220922/UBNA_001/20220921_090000.WAV,Telephone Field,recover-20220922,001,1795
896.7585,896.7665,28046,38686,Eptesicus serotinus,0.008,0.022,-1,Echolocation,/mnt/ubna_data_02_mir/recover-20220922/UBNA_001/20220921_090000.WAV,Telephone Field,recover-20220922,001,1795
896.7595,896.7988,68437,81877,Rhinolophus ferrumequinum,0.028,0.028,-1,Echolocation,/mnt/ubna_data_02_mir/recover-20220922/UBNA_001/20220921_090000.WAV,Telephone Field,recover-20220922,001,1795
896.7775,896.8134,68437,81614,Rhinolophus ferrumequinum,0.021,0.021,-1,Echolocation,/mnt/ubna_data_02_mir/recover-20220922/UBNA_001/20220921_090000.WAV,Telephone Field,recover-20220922,001,1795
896.7955,896.8063,23750,29315,Nyctalus leisleri,0.012,0.027,-1,Echolocation,/mnt/ubna_data_02_mir/recover-20220922/UBNA_001/20220921_090000.WAV,Telephone Field,recover-20220922,001,1795
896.7975,896.8369,68437,82162,Rhinolophus ferrumequinum,0.021,0.021,-1,Echolocation,/mnt/ubna_data_02_mir/recover-20220922/UBNA_001/20220921_090000.WAV,Telephone Field,recover-20220922,001,1795
896.8475,896.8851,68437,81794,Rhinolophus ferrumequinum,0.022,0.022,-1,Echolocation,/mnt/ubna_data_02_mir/recover-20220922/UBNA_001/20220921_090000.WAV,Telephone Field,recover-20220922,001,1795
896.8575,896.8685,22890,27911,Nyctalus leisleri,0.014,0.027,-1,Echolocation,/mnt/ubna_data_02_mir/recover-20220922/UBNA_001/20220921_090000.WAV,Telephone Field,recover-20220922,001,1795
896.8745,896.9135,68437,81937,Rhinolophus ferrumequinum,0.022,0.022,-1,Echolocation,/mnt/ubna_data_02_mir/recover-20220922/UBNA_001/20220921_090000.WAV,Telephone Field,recover-20220922,001,1795
896.8815,896.8918,22890,27247,Nyctalus leisleri,0.012,0.023,-1,Echolocation,/mnt/ubna_data_02_mir/recover-20220922/UBNA_001/20220921_090000.WAV,Telephone Field,recover-20220922,001,1795
896.8885,896.9244,68437,81431,Rhinolophus ferrumequinum,0.021,0.021,-1,Echolocation,/mnt/ubna_data_02_mir/recover-20220922/UBNA_001/20220921_090000.WAV,Telephone Field,recover-20220922,001,1795
896.9185,896.9538,68437,81444,Rhinolophus ferrumequinum,0.023,0.023,-1,Echolocation,/mnt/ubna_data_02_mir/recover-20220922/UBNA_001/20220921_090000.WAV,Telephone Field,recover-20220922,001,1795
896.9695,897.0064,68437,82111,Rhinolophus ferrumequinum,0.021,0.021,-1,Echolocation,/mnt/ubna_data_02_mir/recover-20220922/UBNA_001/20220921_090000.WAV,Telephone Field,recover-20220922,001,1795
896.9865,897.0256,68437,82434,Rhinolophus ferrumequinum,0.023,0.023,-1,Echolocation,/mnt/ubna_data_02_mir/recover-20220922/UBNA_001/20220921_090000.WAV,Telephone Field,recover-20220922,001,1795
897.0255,897.064,68437,81735,Rhinolophus ferrumequinum,0.025,0.025,-1,Echolocation,/mnt/ubna_data_02_mir/recover-20220922/UBNA_001/20220921_090000.WAV,Telephone Field,recover-20220922,001,1795
897.0435,897.0856,68437,82923,Rhinolophus ferrumequinum,0.028,0.028,-1,Echolocation,/mnt/ubna_data_02_mir/recover-20220922/UBNA_001/20220921_090000.WAV,Telephone Field,recover-20220922,001,1795
897.0625,897.0713,28046,39239,Eptesicus serotinus,0.008,0.022,-1,Echolocation,/mnt/ubna_data_02_mir/recover-20220922/UBNA_001/20220921_090000.WAV,Telephone Field,recover-20220922,001,1795
897.0715,897.1113,68437,82137,Rhinolophus ferrumequinum,0.022,0.022,-1,Echolocation,/mnt/ubna_data_02_mir/recover-20220922/UBNA_001/20220921_090000.WAV,Telephone Field,recover-20220922,001,1795
897.0785,897.1153,68437,81884,Rhinolophus ferrumequinum,0.022,0.022,-1,Echolocation,/mnt/ubna_data_02_mir/recover-20220922/UBNA_001/20220921_090000.WAV,Telephone Field,recover-20220922,001,1795
897.1265,897.1643,68437,82290,Rhinolophus ferrumequinum,0.037,0.037,-1,Echolocation,/mnt/ubna_data_02_mir/recover-20220922/UBNA_001/20220921_090000.WAV,Telephone Field,recover-20220922,001,1795
897.1445,897.1545,25468,32574,Eptesicus serotinus,0.008,0.021,-1,Echolocation,/mnt/ubna_data_02_mir/recover-20220922/UBNA_001/20220921_090000.WAV,Telephone Field,recover-20220922,001,1795
897.1615,897.173,23750,29040,Nyctalus leisleri,0.01,0.022,-1,Echolocation,/mnt/ubna_data_02_mir/recover-20220922/UBNA_001/20220921_090000.WAV,Telephone Field,recover-20220922,001,1795
897.1775,897.215,68437,80764,Rhinolophus ferrumequinum,0.022,0.022,-1,Echolocation,/mnt/ubna_data_02_mir/recover-20220922/UBNA_001/20220921_090000.WAV,Telephone Field,recover-20220922,001,1795
897.1825,897.2209,68437,81120,Rhinolophus ferrumequinum,0.022,0.022,-1,Echolocation,/mnt/ubna_data_02_mir/recover-20220922/UBNA_001/20220921_090000.WAV,Telephone Field,recover-20220922,001,1795
897.1925,897.2002,28046,40394,Eptesicus serotinus,0.008,0.026,-1,Echolocation,/mnt/ubna_data_02_mir/recover-20220922/UBNA_001/20220921_090000.WAV,Telephone Field,recover-20220922,001,1795
897.1945,897.2387,68437,83744,Rhinolophus ferrumequinum,0.068,0.068,-1,Echolocation,/mnt/ubna_data_02_mir/recover-20220922/UBNA_001/20220921_090000.WAV,Telephone Field,recover-20220922,001,1795
897.2065,897.2139999999999,23750,31846,Plecotus austriacus,0.01,0.025,-1,Echolocation,/mnt/ubna_data_02_mir/recover-20220922/UBNA_001/20220921_090000.WAV,Telephone Field,recover-20220922,001,1795
897.2185,897.2559,68437,81494,Rhinolophus ferrumequinum,0.022,0.022,-1,Echolocation,/mnt/ubna_data_02_mir/recover-20220922/UBNA_001/20220921_090000.WAV,Telephone Field,recover-20220922,001,1795
897.2305,897.2422,22031,26355,Nyctalus leisleri,0.017,0.032,-1,Echolocation,/mnt/ubna_data_02_mir/recover-20220922/UBNA_001/20220921_090000.WAV,Telephone Field,recover-20220922,001,1795
897.2465,897.2821,68437,81435,Rhinolophus ferrumequinum,0.021,0.022,-1,Echolocation,/mnt/ubna_data_02_mir/recover-20220922/UBNA_001/20220921_090000.WAV,Telephone Field,recover-20220922,001,1795
897.2715,897.2812,28046,42822,Eptesicus serotinus,0.009,0.022,-1,Echolocation,/mnt/ubna_data_02_mir/recover-20220922/UBNA_001/20220921_090000.WAV,Telephone Field,recover-20220922,001,1795
897.2715,897.3089,68437,81634,Rhinolophus ferrumequinum,0.023,0.023,-1,Echolocation,/mnt/ubna_data_02_mir/recover-20220922/UBNA_001/20220921_090000.WAV,Telephone Field,recover-20220922,001,1795
897.3105,897.3484,68437,82455,Rhinolophus ferrumequinum,0.022,0.022,-1,Echolocation,/mnt/ubna_data_02_mir/recover-20220922/UBNA_001/20220921_090000.WAV,Telephone Field,recover-20220922,001,1795
897.3335,897.3733,68437,82209,Rhinolophus ferrumequinum,0.024,0.024,-1,Echolocation,/mnt/ubna_data_02_mir/recover-20220922/UBNA_001/20220921_090000.WAV,Telephone Field,recover-20220922,001,1795
897.3685,897.4075,68437,82067,Rhinolophus ferrumequinum,0.031,0.031,-1,Echolocation,/mnt/ubna_data_02_mir/recover-20220922/UBNA_001/20220921_090000.WAV,Telephone Field,recover-20220922,001,1795
897.3705,897.3762,32343,55663,Myotis daubentonii,0.01,0.026,-1,Echolocation,/mnt/ubna_data_02_mir/recover-20220922/UBNA_001/20220921_090000.WAV,Telephone Field,recover-20220922,001,1795
897.3715,897.3762,37500,53384,Myotis daubentonii,0.01,0.026,-1,Echolocation,/mnt/ubna_data_02_mir/recover-20220922/UBNA_001/20220921_090000.WAV,Telephone Field,recover-20220922,001,1795
897.3795,897.3867,28046,38409,Myotis daubentonii,0.007,0.027,-1,Echolocation,/mnt/ubna_data_02_mir/recover-20220922/UBNA_001/20220921_090000.WAV,Telephone Field,recover-20220922,001,1795
897.3925,897.3997,27187,37611,Eptesicus serotinus,0.006,0.022,-1,Echolocation,/mnt/ubna_data_02_mir/recover-20220922/UBNA_001/20220921_090000.WAV,Telephone Field,recover-20220922,001,1795
897.4135,897.4537,68437,82460,Rhinolophus ferrumequinum,0.025,0.025,-1,Echolocation,/mnt/ubna_data_02_mir/recover-20220922/UBNA_001/20220921_090000.WAV,Telephone Field,recover-20220922,001,1795
897.4435,897.4825,68437,82828,Rhinolophus ferrumequinum,0.033,0.033,-1,Echolocation,/mnt/ubna_data_02_mir/recover-20220922/UBNA_001/20220921_090000.WAV,Telephone Field,recover-20220922,001,1795
897.4705,897.5082,68437,81540,Rhinolophus ferrumequinum,0.021,0.021,-1,Echolocation,/mnt/ubna_data_02_mir/recover-20220922/UBNA_001/20220921_090000.WAV,Telephone Field,recover-20220922,001,1795
897.4945,897.5046,21171,26791,Plecotus austriacus,0.012,0.032,-1,Echolocation,/mnt/ubna_data_02_mir/recover-20220922/UBNA_001/20220921_090000.WAV,Telephone Field,recover-20220922,001,1795
897.5205,897.5322,22890,27604,Nyctalus leisleri,0.017,0.038,-1,Echolocation,/mnt/ubna_data_02_mir/recover-20220922/UBNA_001/20220921_090000.WAV,Telephone Field,recover-20220922,001,1795
897.5355,897.5426,27187,36455,Eptesicus serotinus,0.007,0.024,-1,Echolocation,/mnt/ubna_data_02_mir/recover-20220922/UBNA_001/20220921_090000.WAV,Telephone Field,recover-20220922,001,1795
897.5385,897.5753,68437,81891,Rhinolophus ferrumequinum,0.021,0.021,-1,Echolocation,/mnt/ubna_data_02_mir/recover-20220922/UBNA_001/20220921_090000.WAV,Telephone Field,recover-20220922,001,1795
897.5485,897.5846,68437,81149,Rhinolophus ferrumequinum,0.022,0.022,-1,Echolocation,/mnt/ubna_data_02_mir/recover-20220922/UBNA_001/20220921_090000.WAV,Telephone Field,recover-20220922,001,1795
897.5565,897.5673,25468,31412,Eptesicus serotinus,0.012,0.026,-1,Echolocation,/mnt/ubna_data_02_mir/recover-20220922/UBNA_001/20220921_090000.WAV,Telephone Field,recover-20220922,001,1795
897.5645,897.6034,68437,81813,Rhinolophus ferrumequinum,0.021,0.021,-1,Echolocation,/mnt/ubna_data_02_mir/recover-20220922/UBNA_001/20220921_090000.WAV,Telephone Field,recover-20220922,001,1795
897.6215,897.6297,28046,38138,Eptesicus serotinus,0.007,0.021,-1,Echolocation,/mnt/ubna_data_02_mir/recover-20220922/UBNA_001/20220921_090000.WAV,Telephone Field,recover-20220922,001,1795
897.6245,897.6353,22031,26181,Nyctalus leisleri,0.012,0.021,-1,Echolocation,/mnt/ubna_data_02_mir/recover-20220922/UBNA_001/20220921_090000.WAV,Telephone Field,recover-20220922,001,1795
897.6345,897.6752,68437,82134,Rhinolophus ferrumequinum,0.021,0.021,-1,Echolocation,/mnt/ubna_data_02_mir/recover-20220922/UBNA_001/20220921_090000.WAV,Telephone Field,recover-20220922,001,1795
897.6405,897.6825,68437,82439,Rhinolophus ferrumequinum,0.021,0.021,-1,Echolocation,/mnt/ubna_data_02_mir/recover-20220922/UBNA_001/20220921_090000.WAV,Telephone Field,recover-20220922,001,1795
897.6505,897.6618,22890,28763,Nyctalus leisleri,0.01,0.022,-1,Echolocation,/mnt/ubna_data_02_mir/recover-20220922/UBNA_001/20220921_090000.WAV,Telephone Field,recover-20220922,001,1795
897.6715,897.7082,68437,82138,Rhinolophus ferrumequinum,0.03,0.03,-1,Echolocation,/mnt/ubna_data_02_mir/recover-20220922/UBNA_001/20220921_090000.WAV,Telephone Field,recover-20220922,001,1795
897.6955,897.7326,68437,81855,Rhinolophus ferrumequinum,0.021,0.021,-1,Echolocation,/mnt/ubna_data_02_mir/recover-20220922/UBNA_001/20220921_090000.WAV,Telephone Field,recover-20220922,001,1795
897.7095,897.7167,28046,38549,Eptesicus serotinus,0.006,0.021,-1,Echolocation,/mnt/ubna_data_02_mir/recover-20220922/UBNA_001/20220921_090000.WAV,Telephone Field,recover-20220922,001,1795
897.7185,897.7586,68437,82562,Rhinolophus ferrumequinum,0.027,0.027,-1,Echolocation,/mnt/ubna_data_02_mir/recover-20220922/UBNA_001/20220921_090000.WAV,Telephone Field,recover-20220922,001,1795
897.7275,897.7681,68437,82096,Rhinolophus ferrumequinum,0.023,0.023,-1,Echolocation,/mnt/ubna_data_02_mir/recover-20220922/UBNA_001/20220921_090000.WAV,Telephone Field,recover-20220922,001,1795
897.7395,897.7481,28046,37332,Eptesicus serotinus,0.007,0.021,-1,Echolocation,/mnt/ubna_data_02_mir/recover-20220922/UBNA_001/20220921_090000.WAV,Telephone Field,recover-20220922,001,1795
897.7855,897.8237,68437,82540,Rhinolophus ferrumequinum,0.023,0.023,-1,Echolocation,/mnt/ubna_data_02_mir/recover-20220922/UBNA_001/20220921_090000.WAV,Telephone Field,recover-20220922,001,1795
897.7915,897.7983,22890,31367,Plecotus austriacus,0.014,0.026,-1,Echolocation,/mnt/ubna_data_02_mir/recover-20220922/UBNA_001/20220921_090000.WAV,Telephone Field,recover-20220922,001,1795
897.8225,897.8396,21171,24482,Nyctalus leisleri,0.014,0.021,-1,Echolocation,/mnt/ubna_data_02_mir/recover-20220922/UBNA_001/20220921_090000.WAV,Telephone Field,recover-20220922,001,1795
897.8435,897.8821,68437,81751,Rhinolophus ferrumequinum,0.024,0.024,-1,Echolocation,/mnt/ubna_data_02_mir/recover-20220922/UBNA_001/20220921_090000.WAV,Telephone Field,recover-20220922,001,1795
897.8515,897.8587,29765,39333,Eptesicus serotinus,0.022,0.051,-1,Echolocation,/mnt/ubna_data_02_mir/recover-20220922/UBNA_001/20220921_090000.WAV,Telephone Field,recover-20220922,001,1795
897.8795,897.9143,68437,80708,Rhinolophus ferrumequinum,0.025,0.025,-1,Echolocation,/mnt/ubna_data_02_mir/recover-20220922/UBNA_001/20220921_090000.WAV,Telephone Field,recover-20220922,001,1795
897.8815,897.8887,28046,39887,Eptesicus serotinus,0.007,0.021,-1,Echolocation,/mnt/ubna_data_02_mir/recover-20220922/UBNA_001/20220921_090000.WAV,Telephone Field,recover-20220922,001,1795
897.9045,897.9432,68437,81749,Rhinolophus ferrumequinum,0.037,0.037,-1,Echolocation,/mnt/ubna_data_02_mir/recover-20220922/UBNA_001/20220921_090000.WAV,Telephone Field,recover-20220922,001,1795
897.9135,897.9227,23750,31251,Nyctalus leisleri,0.007,0.022,-1,Echolocation,/mnt/ubna_data_02_mir/recover-20220922/UBNA_001/20220921_090000.WAV,Telephone Field,recover-20220922,001,1795
897.9435,897.9852,68437,82993,Rhinolophus ferrumequinum,0.029,0.029,-1,Echolocation,/mnt/ubna_data_02_mir/recover-20220922/UBNA_001/20220921_090000.WAV,Telephone Field,recover-20220922,001,1795
898.0015,898.0371,68437,80314,Rhinolophus ferrumequinum,0.072,0.072,-1,Echolocation,/mnt/ubna_data_02_mir/recover-20220922/UBNA_001/20220921_090000.WAV,Telephone Field,recover-20220922,001,1795
898.0015,898.0105,23750,30633,Nyctalus leisleri,0.014,0.039,-1,Echolocation,/mnt/ubna_data_02_mir/recover-20220922/UBNA_001/20220921_090000.WAV,Telephone Field,recover-20220922,001,1795
898.0095,898.0581999999999,68437,84043,Rhinolophus ferrumequinum,0.039,0.039,-1,Echolocation,/mnt/ubna_data_02_mir/recover-20220922/UBNA_001/20220921_090000.WAV,Telephone Field,recover-20220922,001,1795
898.0275,898.0368,28046,37514,Eptesicus serotinus,0.009,0.023,-1,Echolocation,/mnt/ubna_data_02_mir/recover-20220922/UBNA_001/20220921_090000.WAV,Telephone Field,recover-20220922,001,1795
898.0325,898.0418999999999,28046,36150,Eptesicus serotinus,0.009,0.023,-1,Echolocation,/mnt/ubna_data_02_mir/recover-20220922/UBNA_001/20220921_090000.WAV,Telephone Field,recover-20220922,001,1795
898.0955,898.134,68437,81655,Rhinolophus ferrumequinum,0.024,0.024,-1,Echolocation,/mnt/ubna_data_02_mir/recover-20220922/UBNA_001/20220921_090000.WAV,Telephone Field,recover-20220922,001,1795
898.1235,898.1339,22890,28639,Nyctalus leisleri,0.011,0.026,-1,Echolocation,/mnt/ubna_data_02_mir/recover-20220922/UBNA_001/20220921_090000.WAV,Telephone Field,recover-20220922,001,1795
898.1514999999999,898.1859,68437,80811,Rhinolophus ferrumequinum,0.023,0.023,-1,Echolocation,/mnt/ubna_data_02_mir/recover-20220922/UBNA_001/20220921_090000.WAV,Telephone Field,recover-20220922,001,1795
898.1645,898.1704,30625,42144,Myotis daubentonii,0.009,0.023,-1,Echolocation,/mnt/ubna_data_02_mir/recover-20220922/UBNA_001/20220921_090000.WAV,Telephone Field,recover-20220922,001,1795
898.1925,898.2299,68437,80988,Rhinolophus ferrumequinum,0.026,0.026,-1,Echolocation,/mnt/ubna_data_02_mir/recover-20220922/UBNA_001/20220921_090000.WAV,Telephone Field,recover-20220922,001,1795
898.1975,898.2069,25468,33509,Eptesicus serotinus,0.01,0.026,-1,Echolocation,/mnt/ubna_data_02_mir/recover-20220922/UBNA_001/20220921_090000.WAV,Telephone Field,recover-20220922,001,1795
898.2005,898.2374,68437,81853,Rhinolophus ferrumequinum,0.022,0.022,-1,Echolocation,/mnt/ubna_data_02_mir/recover-20220922/UBNA_001/20220921_090000.WAV,Telephone Field,recover-20220922,001,1795
898.2175,898.2252,28906,41206,Eptesicus serotinus,0.007,0.023,-1,Echolocation,/mnt/ubna_data_02_mir/recover-20220922/UBNA_001/20220921_090000.WAV,Telephone Field,recover-20220922,001,1795
898.2485,898.2898,68437,82281,Rhinolophus ferrumequinum,0.031,0.031,-1,Echolocation,/mnt/ubna_data_02_mir/recover-20220922/UBNA_001/20220921_090000.WAV,Telephone Field,recover-20220922,001,1795
898.2795,898.2868,23750,33036,Plecotus austriacus,0.01,0.023,-1,Echolocation,/mnt/ubna_data_02_mir/recover-20220922/UBNA_001/20220921_090000.WAV,Telephone Field,recover-20220922,001,1795
898.2805,898.2874,28046,40946,Eptesicus serotinus,0.006,0.023,-1,Echolocation,/mnt/ubna_data_02_mir/recover-20220922/UBNA_001/20220921_090000.WAV,Telephone Field,recover-20220922,001,1795
898.3085,898.3537,68437,83545,Rhinolophus ferrumequinum,0.036,0.036,-1,Echolocation,/mnt/ubna_data_02_mir/recover-20220922/UBNA_001/20220921_090000.WAV,Telephone Field,recover-20220922,001,1795
898.3425,898.3528,22890,29128,Nyctalus leisleri,0.01,0.028,-1,Echolocation,/mnt/ubna_data_02_mir/recover-20220922/UBNA_001/20220921_090000.WAV,Telephone Field,recover-20220922,001,1795
898.3615,898.4006,68437,81511,Rhinolophus ferrumequinum,0.023,0.023,-1,Echolocation,/mnt/ubna_data_02_mir/recover-20220922/UBNA_001/20220921_090000.WAV,Telephone Field,recover-20220922,001,1795
898.3785,898.4155,68437,81254,Rhinolophus ferrumequinum,0.024,0.024,-1,Echolocation,/mnt/ubna_data_02_mir/recover-20220922/UBNA_001/20220921_090000.WAV,Telephone Field,recover-20220922,001,1795
898.3875,898.3963,24609,32471,Nyctalus leisleri,0.006,0.023,-1,Echolocation,/mnt/ubna_data_02_mir/recover-20220922/UBNA_001/20220921_090000.WAV,Telephone Field,recover-20220922,001,1795
898.3955,898.4363,68437,82610,Rhinolophus ferrumequinum,0.022,0.022,-1,Echolocation,/mnt/ubna_data_02_mir/recover-20220922/UBNA_001/20220921_090000.WAV,Telephone Field,recover-20220922,001,1795
898.4145,898.4262,22031,26819,Nyctalus leisleri,0.011,0.023,-1,Echolocation,/mnt/ubna_data_02_mir/recover-20220922/UBNA_001/20220921_090000.WAV,Telephone Field,recover-20220922,001,1795
898.4225,898.4638,68437,83396,Rhinolophus ferrumequinum,0.032,0.032,-1,Echolocation,/mnt/ubna_data_02_mir/recover-20220922/UBNA_001/20220921_090000.WAV,Telephone Field,recover-20220922,001,1795
898.4465,898.486,68437,82612,Rhinolophus ferrumequinum,0.023,0.023,-1,Echolocation,/mnt/ubna_data_02_mir/recover-20220922/UBNA_001/20220921_090000.WAV,Telephone Field,recover-20220922,001,1795
898.4675,898.4755,27187,36214,Eptesicus serotinus,0.009,0.026,-1,Echolocation,/mnt/ubna_data_02_mir/recover-20220922/UBNA_001/20220921_090000.WAV,Telephone Field,recover-20220922,001,1795
898.4715,898.5123,68437,83144,Rhinolophus ferrumequinum,0.023,0.023,-1,Echolocation,/mnt/ubna_data_02_mir/recover-20220922/UBNA_001/20220921_090000.WAV,Telephone Field,recover-20220922,001,1795
898.4925,898.5273,68437,81842,Rhinolophus ferrumequinum,0.022,0.022,-1,Echolocation,/mnt/ubna_data_02_mir/recover-20220922/UBNA_001/20220921_090000.WAV,Telephone Field,recover-20220922,001,1795
898.5415,898.5808,68437,82527,Rhinolophus ferrumequinum,0.022,0.022,-1,Echolocation,/mnt/ubna_data_02_mir/recover-20220922/UBNA_001/20220921_090000.WAV,Telephone Field,recover-20220922,001,1795
898.5535,898.5925,68437,81984,Rhinolophus ferrumequinum,0.024,0.024,-1,Echolocation,/mnt/ubna_data_02_mir/recover-20220922/UBNA_001/20220921_090000.WAV,Telephone Field,recover-20220922,001,1795
898.5805,898.5912,23750,30580,Nyctalus leisleri,0.009,0.023,-1,Echolocation,/mnt/ubna_data_02_mir/recover-20220922/UBNA_001/20220921_090000.WAV,Telephone Field,recover-20220922,001,1795
898.5815,898.6178,68437,81636,Rhinolophus ferrumequinum,0.023,0.023,-1,Echolocation,/mnt/ubna_data_02_mir/recover-20220922/UBNA_001/20220921_090000.WAV,Telephone Field,recover-20220922,001,1795
898.6115,898.6504,68437,82333,Rhinolophus ferrumequinum,0.023,0.023,-1,Echolocation,/mnt/ubna_data_02_mir/recover-20220922/UBNA_001/20220921_090000.WAV,Telephone Field,recover-20220922,001,1795
898.6255,898.6662,68437,82426,Rhinolophus ferrumequinum,0.024,0.024,-1,Echolocation,/mnt/ubna_data_02_mir/recover-20220922/UBNA_001/20220921_090000.WAV,Telephone Field,recover-20220922,001,1795
898.6255,898.6375,28046,36419,Eptesicus serotinus,0.018,0.034,-1,Echolocation,/mnt/ubna_data_02_mir/recover-20220922/UBNA_001/20220921_090000.WAV,Telephone Field,recover-20220922,001,1795
898.6415,898.6512,28906,35570,Eptesicus serotinus,0.01,0.023,-1,Echolocation,/mnt/ubna_data_02_mir/recover-20220922/UBNA_001/20220921_090000.WAV,Telephone Field,recover-20220922,001,1795
898.6495,898.6913,68437,82843,Rhinolophus ferrumequinum,0.03,0.03,-1,Echolocation,/mnt/ubna_data_02_mir/recover-20220922/UBNA_001/20220921_090000.WAV,Telephone Field,recover-20220922,001,1795
898.6675,898.7054,68437,81877,Rhinolophus ferrumequinum,0.026,0.026,-1,Echolocation,/mnt/ubna_data_02_mir/recover-20220922/UBNA_001/20220921_090000.WAV,Telephone Field,recover-20220922,001,1795
898.6765,898.6866,28906,37722,Eptesicus serotinus,0.012,0.029,-1,Echolocation,/mnt/ubna_data_02_mir/recover-20220922/UBNA_001/20220921_090000.WAV,Telephone Field,recover-20220922,001,1795
898.7065,898.7451,68437,82243,Rhinolophus ferrumequinum,0.029,0.029,-1,Echolocation,/mnt/ubna_data_02_mir/recover-20220922/UBNA_001/20220921_090000.WAV,Telephone Field,recover-20220922,001,1795
898.7265,898.7638,68437,81948,Rhinolophus ferrumequinum,0.021,0.021,-1,Echolocation,/mnt/ubna_data_02_mir/recover-20220922/UBNA_001/20220921_090000.WAV,Telephone Field,recover-20220922,001,1795
898.7625,898.8036,68437,82907,Rhinolophus ferrumequinum,0.023,0.023,-1,Echolocation,/mnt/ubna_data_02_mir/recover-20220922/UBNA_001/20220921_090000.WAV,Telephone Field,recover-20220922,001,1795
898.8035,898.8374,68437,81532,Rhinolophus ferrumequinum,0.022,0.022,-1,Echolocation,/mnt/ubna_data_02_mir/recover-20220922/UBNA_001/20220921_090000.WAV,Telephone Field,recover-20220922,001,1795
898.8125,898.8243,28906,34084,Eptesicus serotinus,0.013,0.027,-1,Echolocation,/mnt/ubna_data_02_mir/recover-20220922/UBNA_001/20220921_090000.WAV,Telephone Field,recover-20220922,001,1795
898.8245,898.8628,68437,81745,Rhinolophus ferrumequinum,0.021,0.021,-1,Echolocation,/mnt/ubna_data_02_mir/recover-20220922/UBNA_001/20220921_090000.WAV,Telephone Field,recover-20220922,001,1795
898.8815,898.9212,68437,82162,Rhinolophus ferrumequinum,0.026,0.026,-1,Echolocation,/mnt/ubna_data_02_mir/recover-20220922/UBNA_001/20220921_090000.WAV,Telephone Field,recover-20220922,001,1795
898.9615,898.9987,68437,82039,Rhinolophus ferrumequinum,0.026,0.026,-1,Echolocation,/mnt/ubna_data_02_mir/recover-20220922/UBNA_001/20220921_090000.WAV,Telephone Field,recover-20220922,001,1795
899.0065,899.0157,25468,34328,Eptesicus serotinus,0.009,0.023,-1,Echolocation,/mnt/ubna_data_02_mir/recover-20220922/UBNA_001/20220921_090000.WAV,Telephone Field,recover-20220922,001,1795
899.0275,899.0699,68437,82969,Rhinolophus ferrumequinum,0.028,0.028,-1,Echolocation,/mnt/ubna_data_02_mir/recover-20220922/UBNA_001/20220921_090000.WAV,Telephone Field,recover-20220922,001,1795
899.0705,899.1108,68437,82807,Rhinolophus ferrumequinum,0.027,0.027,-1,Echolocation,/mnt/ubna_data_02_mir/recover-20220922/UBNA_001/20220921_090000.WAV,Telephone Field,recover-20220922,001,1795
899.1105,899.12,21171,26585,Plecotus austriacus,0.011,0.027,-1,Echolocation,/mnt/ubna_data_02_mir/recover-20220922/UBNA_001/20220921_090000.WAV,Telephone Field,recover-20220922,001,1795
899.1395,899.1788,68437,82980,Rhinolophus ferrumequinum,0.038,0.038,-1,Echolocation,/mnt/ubna_data_02_mir/recover-20220922/UBNA_001/20220921_090000.WAV,Telephone Field,recover-20220922,001,1795
899.1825,899.1914,13437,21878,Plecotus auritus,0.012,0.028,-1,Echolocation,/mnt/ubna_data_02_mir/recover-20220922/UBNA_001/20220921_090000.WAV,Telephone Field,recover-20220922,001,1795
899.1835,899.223,68437,82535,Rhinolophus ferrumequinum,0.024,0.024,-1,Echolocation,/mnt/ubna_data_02_mir/recover-20220922/UBNA_001/20220921_090000.WAV,Telephone Field,recover-20220922,001,1795
899.2055,899.2465,68437,82527,Rhinolophus ferrumequinum,0.023,0.023,-1,Echolocation,/mnt/ubna_data_02_mir/recover-20220922/UBNA_001/20220921_090000.WAV,Telephone Field,recover-20220922,001,1795
899.2265,899.237,28906,35486,Eptesicus serotinus,0.015,0.03,-1,Echolocation,/mnt/ubna_data_02_mir/recover-20220922/UBNA_001/20220921_090000.WAV,Telephone Field,recover-20220922,001,1795
899.2495,899.2891,68437,82260,Rhinolophus ferrumequinum,0.022,0.022,-1,Echolocation,/mnt/ubna_data_02_mir/recover-20220922/UBNA_001/20220921_090000.WAV,Telephone Field,recover-20220922,001,1795
899.2515,899.2614,28906,37879,Eptesicus serotinus,0.016,0.034,-1,Echolocation,/mnt/ubna_data_02_mir/recover-20220922/UBNA_001/20220921_090000.WAV,Telephone Field,recover-20220922,001,1795
899.2755,899.2828,28046,41251,Eptesicus serotinus,0.009,0.031,-1,Echolocation,/mnt/ubna_data_02_mir/recover-20220922/UBNA_001/20220921_090000.WAV,Telephone Field,recover-20220922,001,1795
899.3005,899.3108,28906,37700,Eptesicus serotinus,0.011,0.026,-1,Echolocation,/mnt/ubna_data_02_mir/recover-20220922/UBNA_001/20220921_090000.WAV,Telephone Field,recover-20220922,001,1795
899.3225,899.332,15156,20989,Nyctalus noctula,0.01,0.024,-1,Echolocation,/mnt/ubna_data_02_mir/recover-20220922/UBNA_001/20220921_090000.WAV,Telephone Field,recover-20220922,001,1795
899.3255,899.3623,68437,82007,Rhinolophus ferrumequinum,0.021,0.021,-1,Echolocation,/mnt/ubna_data_02_mir/recover-20220922/UBNA_001/20220921_090000.WAV,Telephone Field,recover-20220922,001,1795
899.3405,899.3792,68437,81626,Rhinolophus ferrumequinum,0.022,0.022,-1,Echolocation,/mnt/ubna_data_02_mir/recover-20220922/UBNA_001/20220921_090000.WAV,Telephone Field,recover-20220922,001,1795
899.3465,899.357,22890,27378,Nyctalus leisleri,0.011,0.021,-1,Echolocation,/mnt/ubna_data_02_mir/recover-20220922/UBNA_001/20220921_090000.WAV,Telephone Field,recover-20220922,001,1795
899.3655,899.405,68437,82705,Rhinolophus ferrumequinum,0.031,0.031,-1,Echolocation,/mnt/ubna_data_02_mir/recover-20220922/UBNA_001/20220921_090000.WAV,Telephone Field,recover-20220922,001,1795
899.3745,899.3888,14296,19382,Nyctalus noctula,0.022,0.033,-1,Echolocation,/mnt/ubna_data_02_mir/recover-20220922/UBNA_001/20220921_090000.WAV,Telephone Field,recover-20220922,001,1795
899.3865,899.4248,68437,82413,Rhinolophus ferrumequinum,0.022,0.022,-1,Echolocation,/mnt/ubna_data_02_mir/recover-20220922/UBNA_001/20220921_090000.WAV,Telephone Field,recover-20220922,001,1795
899.3985,899.4358,68437,82234,Rhinolophus ferrumequinum,0.022,0.023,-1,Echolocation,/mnt/ubna_data_02_mir/recover-20220922/UBNA_001/20220921_090000.WAV,Telephone Field,recover-20220922,001,1795
899.4005,899.415,22890,26564,Nyctalus leisleri,0.015,0.025,-1,Echolocation,/mnt/ubna_data_02_mir/recover-20220922/UBNA_001/20220921_090000.WAV,Telephone Field,recover-20220922,001,1795
899.4145,899.4228,45234,49492,Pipistrellus pipistrellus,0.035,0.038,-1,Echolocation,/mnt/ubna_data_02_mir/recover-20220922/UBNA_001/20220921_090000.WAV,Telephone Field,recover-20220922,001,1795
899.4375,899.4834,68437,84118,Rhinolophus ferrumequinum,0.06,0.06,-1,Echolocation,/mnt/ubna_data_02_mir/recover-20220922/UBNA_001/20220921_090000.WAV,Telephone Field,recover-20220922,001,1795
899.4685,899.4755,28046,39463,Eptesicus serotinus,0.006,0.022,-1,Echolocation,/mnt/ubna_data_02_mir/recover-20220922/UBNA_001/20220921_090000.WAV,Telephone Field,recover-20220922,001,1795
899.4985,899.5385,68437,82423,Rhinolophus ferrumequinum,0.031,0.031,-1,Echolocation,/mnt/ubna_data_02_mir/recover-20220922/UBNA_001/20220921_090000.WAV,Telephone Field,recover-20220922,001,1795
899.5045,899.5113,28046,39761,Eptesicus serotinus,0.006,0.025,-1,Echolocation,/mnt/ubna_data_02_mir/recover-20220922/UBNA_001/20220921_090000.WAV,Telephone Field,recover-20220922,001,1795
899.5095,899.5219,23750,29401,Nyctalus leisleri,0.013,0.027,-1,Echolocation,/mnt/ubna_data_02_mir/recover-20220922/UBNA_001/20220921_090000.WAV,Telephone Field,recover-20220922,001,1795
899.5155,899.5314,22890,27040,Nyctalus leisleri,0.016,0.028,-1,Echolocation,/mnt/ubna_data_02_mir/recover-20220922/UBNA_001/20220921_090000.WAV,Telephone Field,recover-20220922,001,1795
899.5365,899.5756,68437,82261,Rhinolophus ferrumequinum,0.021,0.021,-1,Echolocation,/mnt/ubna_data_02_mir/recover-20220922/UBNA_001/20220921_090000.WAV,Telephone Field,recover-20220922,001,1795
899.5375,899.5476,28906,36477,Eptesicus serotinus,0.011,0.024,-1,Echolocation,/mnt/ubna_data_02_mir/recover-20220922/UBNA_001/20220921_090000.WAV,Telephone Field,recover-20220922,001,1795
899.5495,899.557,23750,32286,Plecotus austriacus,0.011,0.025,-1,Echolocation,/mnt/ubna_data_02_mir/recover-20220922/UBNA_001/20220921_090000.WAV,Telephone Field,recover-20220922,001,1795
899.6415,899.6855,68437,83375,Rhinolophus ferrumequinum,0.027,0.027,-1,Echolocation,/mnt/ubna_data_02_mir/recover-20220922/UBNA_001/20220921_090000.WAV,Telephone Field,recover-20220922,001,1795
899.6495,899.6887,68437,82784,Rhinolophus ferrumequinum,0.028,0.028,-1,Echolocation,/mnt/ubna_data_02_mir/recover-20220922/UBNA_001/20220921_090000.WAV,Telephone Field,recover-20220922,001,1795
899.6625,899.6713,28906,37728,Eptesicus serotinus,0.008,0.024,-1,Echolocation,/mnt/ubna_data_02_mir/recover-20220922/UBNA_001/20220921_090000.WAV,Telephone Field,recover-20220922,001,1795
899.6855,899.7267,68437,82418,Rhinolophus ferrumequinum,0.022,0.022,-1,Echolocation,/mnt/ubna_data_02_mir/recover-20220922/UBNA_001/20220921_090000.WAV,Telephone Field,recover-20220922,001,1795
899.6865,899.6954,25468,34742,Eptesicus serotinus,0.014,0.032,-1,Echolocation,/mnt/ubna_data_02_mir/recover-20220922/UBNA_001/20220921_090000.WAV,Telephone Field,recover-20220922,001,1795
899.7215,899.7594,68437,81743,Rhinolophus ferrumequinum,0.022,0.022,-1,Echolocation,/mnt/ubna_data_02_mir/recover-20220922/UBNA_001/20220921_090000.WAV,Telephone Field,recover-20220922,001,1795
899.7315,899.7426,25468,32754,Eptesicus serotinus,0.009,0.023,-1,Echolocation,/mnt/ubna_data_02_mir/recover-20220922/UBNA_001/20220921_090000.WAV,Telephone Field,recover-20220922,001,1795
899.7375,899.7484,23750,29728,Nyctalus leisleri,0.01,0.023,-1,Echolocation,/mnt/ubna_data_02_mir/recover-20220922/UBNA_001/20220921_090000.WAV,Telephone Field,recover-20220922,001,1795
899.7715,899.8107,68437,82513,Rhinolophus ferrumequinum,0.023,0.023,-1,Echolocation,/mnt/ubna_data_02_mir/recover-20220922/UBNA_001/20220921_090000.WAV,Telephone Field,recover-20220922,001,1795
899.7975,899.8359,68437,81762,Rhinolophus ferrumequinum,0.03,0.03,-1,Echolocation,/mnt/ubna_data_02_mir/recover-20220922/UBNA_001/20220921_090000.WAV,Telephone Field,recover-20220922,001,1795
899.8275,899.8678,68437,82373,Rhinolophus ferrumequinum,0.027,0.027,-1,Echolocation,/mnt/ubna_data_02_mir/recover-20220922/UBNA_001/20220921_090000.WAV,Telephone Field,recover-20220922,001,1795
899.8595,899.9013,68437,82780,Rhinolophus ferrumequinum,0.024,0.024,-1,Echolocation,/mnt/ubna_data_02_mir/recover-20220922/UBNA_001/20220921_090000.WAV,Telephone Field,recover-20220922,001,1795
899.8695,899.8782,21171,27370,Plecotus austriacus,0.01,0.024,-1,Echolocation,/mnt/ubna_data_02_mir/recover-20220922/UBNA_001/20220921_090000.WAV,Telephone Field,recover-20220922,001,1795
899.8975,899.9427,68437,83186,Rhinolophus ferrumequinum,0.041,0.041,-1,Echolocation,/mnt/ubna_data_02_mir/recover-20220922/UBNA_001/20220921_090000.WAV,Telephone Field,recover-20220922,001,1795
899.9425,899.9802999999999,68437,81885,Rhinolophus ferrumequinum,0.022,0.022,-1,Echolocation,/mnt/ubna_data_02_mir/recover-20220922/UBNA_001/20220921_090000.WAV,Telephone Field,recover-20220922,001,1795
899.9465,899.9554,28906,37276,Eptesicus serotinus,0.008,0.023,-1,Echolocation,/mnt/ubna_data_02_mir/recover-20220922/UBNA_001/20220921_090000.WAV,Telephone Field,recover-20220922,001,1795
899.9585,899.9967,68437,82190,Rhinolophus ferrumequinum,0.023,0.023,-1,Echolocation,/mnt/ubna_data_02_mir/recover-20220922/UBNA_001/20220921_090000.WAV,Telephone Field,recover-20220922,001,1795
899.9685,899.9767,24609,34110,Eptesicus serotinus,0.011,0.044,-1,Echolocation,/mnt/ubna_data_02_mir/recover-20220922/UBNA_001/20220921_090000.WAV,Telephone Field,recover-20220922,001,1795
900.0015,900.0109,26328,35703,Nyctalus leisleri,0.008,0.029,-1,Echolocation,/mnt/ubna_data_02_mir/recover-20220922/UBNA_001/20220921_090000.WAV,Telephone Field,recover-20220922,001,1795
900.0015,900.0324,69296,81332,Rhinolophus ferrumequinum,0.026,0.026,-1,Echolocation,/mnt/ubna_data_02_mir/recover-20220922/UBNA_001/20220921_090000.WAV,Telephone Field,recover-20220922,001,1795
900.0095,900.0167,26328,37543,Eptesicus serotinus,0.008,0.025,-1,Echolocation,/mnt/ubna_data_02_mir/recover-20220922/UBNA_001/20220921_090000.WAV,Telephone Field,recover-20220922,001,1795
900.0105,900.0523,68437,82105,Rhinolophus ferrumequinum,0.021,0.021,-1,Echolocation,/mnt/ubna_data_02_mir/recover-20220922/UBNA_001/20220921_090000.WAV,Telephone Field,recover-20220922,001,1795
900.0275,900.0676,68437,82659,Rhinolophus ferrumequinum,0.023,0.023,-1,Echolocation,/mnt/ubna_data_02_mir/recover-20220922/UBNA_001/20220921_090000.WAV,Telephone Field,recover-20220922,001,1795
900.0295,900.037,28046,39215,Eptesicus serotinus,0.006,0.021,-1,Echolocation,/mnt/ubna_data_02_mir/recover-20220922/UBNA_001/20220921_090000.WAV,Telephone Field,recover-20220922,001,1795
900.0595,900.1043,68437,83810,Rhinolophus ferrumequinum,0.047,0.047,-1,Echolocation,/mnt/ubna_data_02_mir/recover-20220922/UBNA_001/20220921_090000.WAV,Telephone Field,recover-20220922,001,1795
900.1115,900.1524,68437,82514,Rhinolophus ferrumequinum,0.036,0.036,-1,Echolocation,/mnt/ubna_data_02_mir/recover-20220922/UBNA_001/20220921_090000.WAV,Telephone Field,recover-20220922,001,1795
900.1195,900.1291,25468,33536,Eptesicus serotinus,0.008,0.022,-1,Echolocation,/mnt/ubna_data_02_mir/recover-20220922/UBNA_001/20220921_090000.WAV,Telephone Field,recover-20220922,001,1795
900.1445,900.1807,68437,81588,Rhinolophus ferrumequinum,0.023,0.023,-1,Echolocation,/mnt/ubna_data_02_mir/recover-20220922/UBNA_001/20220921_090000.WAV,Telephone Field,recover-20220922,001,1795
900.1585,900.2009,68437,83078,Rhinolophus ferrumequinum,0.029,0.029,-1,Echolocation,/mnt/ubna_data_02_mir/recover-20220922/UBNA_001/20220921_090000.WAV,Telephone Field,recover-20220922,001,1795
900.1795,900.1883,15156,23179,Nyctalus noctula,0.011,0.022,-1,Echolocation,/mnt/ubna_data_02_mir/recover-20220922/UBNA_001/20220921_090000.WAV,Telephone Field,recover-20220922,001,1795
900.1805,900.1865,24609,34621,Plecotus austriacus,0.013,0.031,-1,Echolocation,/mnt/ubna_data_02_mir/recover-20220922/UBNA_001/20220921_090000.WAV,Telephone Field,recover-20220922,001,1795
900.1855,900.2238,68437,82054,Rhinolophus ferrumequinum,0.021,0.021,-1,Echolocation,/mnt/ubna_data_02_mir/recover-20220922/UBNA_001/20220921_090000.WAV,Telephone Field,recover-20220922,001,1795
900.2035,900.2421,68437,82139,Rhinolophus ferrumequinum,0.022,0.022,-1,Echolocation,/mnt/ubna_data_02_mir/recover-20220922/UBNA_001/20220921_090000.WAV,Telephone Field,recover-20220922,001,1795
900.2045,900.2148,28906,37081,Eptesicus serotinus,0.011,0.024,-1,Echolocation,/mnt/ubna_data_02_mir/recover-20220922/UBNA_001/20220921_090000.WAV,Telephone Field,recover-20220922,001,1795
900.2285,900.269,68437,82744,Rhinolophus ferrumequinum,0.022,0.022,-1,Echolocation,/mnt/ubna_data_02_mir/recover-20220922/UBNA_001/20220921_090000.WAV,Telephone Field,recover-20220922,001,1795
900.2625,900.2997,68437,81397,Rhinolophus ferrumequinum,0.021,0.021,-1,Echolocation,/mnt/ubna_data_02_mir/recover-20220922/UBNA_001/20220921_090000.WAV,Telephone Field,recover-20220922,001,1795
900.2855,900.3245,68437,82382,Rhinolophus ferrumequinum,0.025,0.025,-1,Echolocation,/mnt/ubna_data_02_mir/recover-20220922/UBNA_001/20220921_090000.WAV,Telephone Field,recover-20220922,001,1795
900.2935,900.3042,28046,34457,Eptesicus serotinus,0.013,0.025,-1,Echolocation,/mnt/ubna_data_02_mir/recover-20220922/UBNA_001/20220921_090000.WAV,Telephone Field,recover-20220922,001,1795
900.3085,900.3457,68437,81765,Rhinolophus ferrumequinum,0.022,0.022,-1,Echolocation,/mnt/ubna_data_02_mir/recover-20220922/UBNA_001/20220921_090000.WAV,Telephone Field,recover-20220922,001,1795
900.3205,900.3334,14296,19631,Nyctalus noctula,0.017,0.028,-1,Echolocation,/mnt/ubna_data_02_mir/recover-20220922/UBNA_001/20220921_090000.WAV,Telephone Field,recover-20220922,001,1795
900.3495,900.3578,28046,37880,Eptesicus serotinus,0.008,0.023,-1,Echolocation,/mnt/ubna_data_02_mir/recover-20220922/UBNA_001/20220921_090000.WAV,Telephone Field,recover-20220922,001,1795
900.3795,900.3867,28906,40524,Eptesicus serotinus,0.007,0.023,-1,Echolocation,/mnt/ubna_data_02_mir/recover-20220922/UBNA_001/20220921_090000.WAV,Telephone Field,recover-20220922,001,1795
900.4035,900.4439,68437,83019,Rhinolophus ferrumequinum,0.025,0.025,-1,Echolocation,/mnt/ubna_data_02_mir/recover-20220922/UBNA_001/20220921_090000.WAV,Telephone Field,recover-20220922,001,1795
900.4185,900.461,68437,83042,Rhinolophus ferrumequinum,0.028,0.028,-1,Echolocation,/mnt/ubna_data_02_mir/recover-20220922/UBNA_001/20220921_090000.WAV,Telephone Field,recover-20220922,001,1795
900.4645,900.5016,68437,81791,Rhinolophus ferrumequinum,0.022,0.022,-1,Echolocation,/mnt/ubna_data_02_mir/recover-20220922/UBNA_001/20220921_090000.WAV,Telephone Field,recover-20220922,001,1795
900.5145,900.523,28906,37945,Eptesicus serotinus,0.008,0.022,-1,Echolocation,/mnt/ubna_data_02_mir/recover-20220922/UBNA_001/20220921_090000.WAV,Telephone Field,recover-20220922,001,1795
900.5375,900.5715,68437,81042,Rhinolophus ferrumequinum,0.021,0.021,-1,Echolocation,/mnt/ubna_data_02_mir/recover-20220922/UBNA_001/20220921_090000.WAV,Telephone Field,recover-20220922,001,1795
900.5455,900.5795,68437,80985,Rhinolophus ferrumequinum,0.021,0.021,-1,Echolocation,/mnt/ubna_data_02_mir/recover-20220922/UBNA_001/20220921_090000.WAV,Telephone Field,recover-20220922,001,1795
900.5655,900.6054,68437,82539,Rhinolophus ferrumequinum,0.022,0.022,-1,Echolocation,/mnt/ubna_data_02_mir/recover-20220922/UBNA_001/20220921_090000.WAV,Telephone Field,recover-20220922,001,1795
900.5905,900.6245,68437,80645,Rhinolophus ferrumequinum,0.031,0.031,-1,Echolocation,/mnt/ubna_data_02_mir/recover-20220922/UBNA_001/20220921_090000.WAV,Telephone Field,recover-20220922,001,1795
900.6035,900.6391,68437,81767,Rhinolophus ferrumequinum,0.021,0.022,-1,Echolocation,/mnt/ubna_data_02_mir/recover-20220922/UBNA_001/20220921_090000.WAV,Telephone Field,recover-20220922,001,1795
900.6385,900.6772,68437,81185,Rhinolophus ferrumequinum,0.027,0.027,-1,Echolocation,/mnt/ubna_data_02_mir/recover-20220922/UBNA_001/20220921_090000.WAV,Telephone Field,recover-20220922,001,1795
900.6535,900.692,68437,81721,Rhinolophus ferrumequinum,0.021,0.021,-1,Echolocation,/mnt/ubna_data_02_mir/recover-20220922/UBNA_001/20220921_090000.WAV,Telephone Field,recover-20220922,001,1795
900.6855,900.7242,68437,81683,Rhinolophus ferrumequinum,0.031,0.031,-1,Echolocation,/mnt/ubna_data_02_mir/recover-20220922/UBNA_001/20220921_090000.WAV,Telephone Field,recover-20220922,001,1795
900.7015,900.7421,68437,82078,Rhinolophus ferrumequinum,0.023,0.023,-1,Echolocation,/mnt/ubna_data_02_mir/recover-20220922/UBNA_001/20220921_090000.WAV,Telephone Field,recover-20220922,001,1795
900.7085,900.7463,68437,82574,Rhinolophus ferrumequinum,0.021,0.021,-1,Echolocation,/mnt/ubna_data_02_mir/recover-20220922/UBNA_001/20220921_090000.WAV,Telephone Field,recover-20220922,001,1795
900.7225,900.7641,68437,82271,Rhinolophus ferrumequinum,0.024,0.024,-1,Echolocation,/mnt/ubna_data_02_mir/recover-20220922/UBNA_001/20220921_090000.WAV,Telephone Field,recover-20220922,001,1795
900.7305,900.7701,68437,82614,Rhinolophus ferrumequinum,0.024,0.024,-1,Echolocation,/mnt/ubna_data_02_mir/recover-20220922/UBNA_001/20220921_090000.WAV,Telephone Field,recover-20220922,001,1795
900.7505,900.7613,28906,36394,Eptesicus serotinus,0.013,0.029,-1,Echolocation,/mnt/ubna_data_02_mir/recover-20220922/UBNA_001/20220921_090000.WAV,Telephone Field,recover-20220922,001,1795
900.7685,900.8115,68437,83191,Rhinolophus ferrumequinum,0.035,0.035,-1,Echolocation,/mnt/ubna_data_02_mir/recover-20220922/UBNA_001/20220921_090000.WAV,Telephone Field,recover-20220922,001,1795
900.7695,900.7773,27187,41783,Eptesicus serotinus,0.01,0.028,-1,Echolocation,/mnt/ubna_data_02_mir/recover-20220922/UBNA_001/20220921_090000.WAV,Telephone Field,recover-20220922,001,1795
900.7985,900.8342,68437,80280,Rhinolophus ferrumequinum,0.029,0.029,-1,Echolocation,/mnt/ubna_data_02_mir/recover-20220922/UBNA_001/20220921_090000.WAV,Telephone Field,recover-20220922,001,1795
900.8005,900.8112,22890,28808,Nyctalus leisleri,0.015,0.036,-1,Echolocation,/mnt/ubna_data_02_mir/recover-20220922/UBNA_001/20220921_090000.WAV,Telephone Field,recover-20220922,001,1795
900.8385,900.8779,68437,82313,Rhinolophus ferrumequinum,0.021,0.021,-1,Echolocation,/mnt/ubna_data_02_mir/recover-20220922/UBNA_001/20220921_090000.WAV,Telephone Field,recover-20220922,001,1795
900.8515,900.8906,68437,82422,Rhinolophus ferrumequinum,0.022,0.022,-1,Echolocation,/mnt/ubna_data_02_mir/recover-20220922/UBNA_001/20220921_090000.WAV,Telephone Field,recover-20220922,001,1795
900.8575,900.8688,28906,36066,Eptesicus serotinus,0.025,0.041,-1,Echolocation,/mnt/ubna_data_02_mir/recover-20220922/UBNA_001/20220921_090000.WAV,Telephone Field,recover-20220922,001,1795
900.8595,900.8983,68437,81578,Rhinolophus ferrumequinum,0.025,0.025,-1,Echolocation,/mnt/ubna_data_02_mir/recover-20220922/UBNA_001/20220921_090000.WAV,Telephone Field,recover-20220922,001,1795
900.8715,900.9136,68437,83003,Rhinolophus ferrumequinum,0.034,0.034,-1,Echolocation,/mnt/ubna_data_02_mir/recover-20220922/UBNA_001/20220921_090000.WAV,Telephone Field,recover-20220922,001,1795
900.9095,900.9506,68437,82152,Rhinolophus ferrumequinum,0.023,0.023,-1,Echolocation,/mnt/ubna_data_02_mir/recover-20220922/UBNA_001/20220921_090000.WAV,Telephone Field,recover-20220922,001,1795
900.9225,900.9633,68437,82396,Rhinolophus ferrumequinum,0.021,0.021,-1,Echolocation,/mnt/ubna_data_02_mir/recover-20220922/UBNA_001/20220921_090000.WAV,Telephone Field,recover-20220922,001,1795
900.9335,900.9461,52109,56788,Pipistrellus pipistrellus,0.014,0.021,-1,Echolocation,/mnt/ubna_data_02_mir/recover-20220922/UBNA_001/20220921_090000.WAV,Telephone Field,recover-20220922,001,1795
900.9465,900.9542,28906,38396,Eptesicus serotinus,0.008,0.021,-1,Echolocation,/mnt/ubna_data_02_mir/recover-20220922/UBNA_001/20220921_090000.WAV,Telephone Field,recover-20220922,001,1795
900.9765,901.0186,68437,83217,Rhinolophus ferrumequinum,0.025,0.025,-1,Echolocation,/mnt/ubna_data_02_mir/recover-20220922/UBNA_001/20220921_090000.WAV,Telephone Field,recover-20220922,001,1795
900.9825,901.0239,68437,82396,Rhinolophus ferrumequinum,0.024,0.024,-1,Echolocation,/mnt/ubna_data_02_mir/recover-20220922/UBNA_001/20220921_090000.WAV,Telephone Field,recover-20220922,001,1795
901.0025,901.0139,22890,27713,Nyctalus leisleri,0.013,0.023,-1,Echolocation,/mnt/ubna_data_02_mir/recover-20220922/UBNA_001/20220921_090000.WAV,Telephone Field,recover-20220922,001,1795
901.0165,901.0263,28906,35933,Eptesicus serotinus,0.01,0.025,-1,Echolocation,/mnt/ubna_data_02_mir/recover-20220922/UBNA_001/20220921_090000.WAV,Telephone Field,recover-20220922,001,1795
901.0435,901.0511,28046,37815,Eptesicus serotinus,0.015,0.035,-1,Echolocation,/mnt/ubna_data_02_mir/recover-20220922/UBNA_001/20220921_090000.WAV,Telephone Field,recover-20220922,001,1795
901.0595,901.0688,29765,37911,Eptesicus serotinus,0.009,0.024,-1,Echolocation,/mnt/ubna_data_02_mir/recover-20220922/UBNA_001/20220921_090000.WAV,Telephone Field,recover-20220922,001,1795
901.0995,901.1379,68437,82268,Rhinolophus ferrumequinum,0.022,0.022,-1,Echolocation,/mnt/ubna_data_02_mir/recover-20220922/UBNA_001/20220921_090000.WAV,Telephone Field,recover-20220922,001,1795
901.1355,901.1444,28046,37708,Eptesicus serotinus,0.008,0.021,-1,Echolocation,/mnt/ubna_data_02_mir/recover-20220922/UBNA_001/20220921_090000.WAV,Telephone Field,recover-20220922,001,1795
901.1475,901.1853,68437,82168,Rhinolophus ferrumequinum,0.027,0.027,-1,Echolocation,/mnt/ubna_data_02_mir/recover-20220922/UBNA_001/20220921_090000.WAV,Telephone Field,recover-20220922,001,1795
901.1575,901.1951,68437,81854,Rhinolophus ferrumequinum,0.026,0.027,-1,Echolocation,/mnt/ubna_data_02_mir/recover-20220922/UBNA_001/20220921_090000.WAV,Telephone Field,recover-20220922,001,1795
901.1635,901.2014,68437,82082,Rhinolophus ferrumequinum,0.027,0.027,-1,Echolocation,/mnt/ubna_data_02_mir/recover-20220922/UBNA_001/20220921_090000.WAV,Telephone Field,recover-20220922,001,1795
901.1795,901.2244,68437,83188,Rhinolophus ferrumequinum,0.039,0.039,-1,Echolocation,/mnt/ubna_data_02_mir/recover-20220922/UBNA_001/20220921_090000.WAV,Telephone Field,recover-20220922,001,1795
901.2235,901.2312,28046,39986,Eptesicus serotinus,0.006,0.021,-1,Echolocation,/mnt/ubna_data_02_mir/recover-20220922/UBNA_001/20220921_090000.WAV,Telephone Field,recover-20220922,001,1795
901.2275,901.2661,68437,81719,Rhinolophus ferrumequinum,0.022,0.023,-1,Echolocation,/mnt/ubna_data_02_mir/recover-20220922/UBNA_001/20220921_090000.WAV,Telephone Field,recover-20220922,001,1795
901.2385,901.2768,68437,82369,Rhinolophus ferrumequinum,0.026,0.026,-1,Echolocation,/mnt/ubna_data_02_mir/recover-20220922/UBNA_001/20220921_090000.WAV,Telephone Field,recover-20220922,001,1795
901.2645,901.307,68437,83143,Rhinolophus ferrumequinum,0.047,0.047,-1,Echolocation,/mnt/ubna_data_02_mir/recover-20220922/UBNA_001/20220921_090000.WAV,Telephone Field,recover-20220922,001,1795
901.2675,901.277,28906,36393,Eptesicus serotinus,0.012,0.026,-1,Echolocation,/mnt/ubna_data_02_mir/recover-20220922/UBNA_001/20220921_090000.WAV,Telephone Field,recover-20220922,001,1795
901.2775,901.2886,22890,27572,Nyctalus leisleri,0.011,0.022,-1,Echolocation,/mnt/ubna_data_02_mir/recover-20220922/UBNA_001/20220921_090000.WAV,Telephone Field,recover-20220922,001,1795
901.2815,901.2915,28906,36436,Eptesicus serotinus,0.01,0.022,-1,Echolocation,/mnt/ubna_data_02_mir/recover-20220922/UBNA_001/20220921_090000.WAV,Telephone Field,recover-20220922,001,1795
901.2875,901.3255,68437,81972,Rhinolophus ferrumequinum,0.022,0.022,-1,Echolocation,/mnt/ubna_data_02_mir/recover-20220922/UBNA_001/20220921_090000.WAV,Telephone Field,recover-20220922,001,1795
901.2955,901.3351,68437,82481,Rhinolophus ferrumequinum,0.023,0.023,-1,Echolocation,/mnt/ubna_data_02_mir/recover-20220922/UBNA_001/20220921_090000.WAV,Telephone Field,recover-20220922,001,1795
901.3365,901.3536,14296,18941,Nyctalus noctula,0.016,0.023,-1,Echolocation,/mnt/ubna_data_02_mir/recover-20220922/UBNA_001/20220921_090000.WAV,Telephone Field,recover-20220922,001,1795
901.3575,901.3674,23750,29470,Nyctalus leisleri,0.01,0.024,-1,Echolocation,/mnt/ubna_data_02_mir/recover-20220922/UBNA_001/20220921_090000.WAV,Telephone Field,recover-20220922,001,1795
901.3695,901.4097,68437,82637,Rhinolophus ferrumequinum,0.025,0.025,-1,Echolocation,/mnt/ubna_data_02_mir/recover-20220922/UBNA_001/20220921_090000.WAV,Telephone Field,recover-20220922,001,1795
901.3815,901.3919,28906,36058,Eptesicus serotinus,0.009,0.023,-1,Echolocation,/mnt/ubna_data_02_mir/recover-20220922/UBNA_001/20220921_090000.WAV,Telephone Field,recover-20220922,001,1795
901.3955,901.4069,23750,29828,Nyctalus leisleri,0.011,0.025,-1,Echolocation,/mnt/ubna_data_02_mir/recover-20220922/UBNA_001/20220921_090000.WAV,Telephone Field,recover-20220922,001,1795
901.3985,901.439,68437,82574,Rhinolophus ferrumequinum,0.027,0.027,-1,Echolocation,/mnt/ubna_data_02_mir/recover-20220922/UBNA_001/20220921_090000.WAV,Telephone Field,recover-20220922,001,1795
901.4005,901.411,24609,31016,Nyctalus leisleri,0.01,0.026,-1,Echolocation,/mnt/ubna_data_02_mir/recover-20220922/UBNA_001/20220921_090000.WAV,Telephone Field,recover-20220922,001,1795
901.4545,901.4954,68437,82858,Rhinolophus ferrumequinum,0.025,0.025,-1,Echolocation,/mnt/ubna_data_02_mir/recover-20220922/UBNA_001/20220921_090000.WAV,Telephone Field,recover-20220922,001,1795
901.4675,901.507,68437,82623,Rhinolophus ferrumequinum,0.027,0.027,-1,Echolocation,/mnt/ubna_data_02_mir/recover-20220922/UBNA_001/20220921_090000.WAV,Telephone Field,recover-20220922,001,1795
901.4955,901.5028,23750,32480,Plecotus austriacus,0.013,0.027,-1,Echolocation,/mnt/ubna_data_02_mir/recover-20220922/UBNA_001/20220921_090000.WAV,Telephone Field,recover-20220922,001,1795
901.5055,901.548,68437,82913,Rhinolophus ferrumequinum,0.037,0.037,-1,Echolocation,/mnt/ubna_data_02_mir/recover-20220922/UBNA_001/20220921_090000.WAV,Telephone Field,recover-20220922,001,1795
901.5345,901.5762,68437,83079,Rhinolophus ferrumequinum,0.039,0.039,-1,Echolocation,/mnt/ubna_data_02_mir/recover-20220922/UBNA_001/20220921_090000.WAV,Telephone Field,recover-20220922,001,1795
901.5455,901.5557,22890,28381,Nyctalus leisleri,0.01,0.022,-1,Echolocation,/mnt/ubna_data_02_mir/recover-20220922/UBNA_001/20220921_090000.WAV,Telephone Field,recover-20220922,001,1795
901.5765,901.6122,68437,81475,Rhinolophus ferrumequinum,0.022,0.022,-1,Echolocation,/mnt/ubna_data_02_mir/recover-20220922/UBNA_001/20220921_090000.WAV,Telephone Field,recover-20220922,001,1795
901.5905,901.6261,68437,81233,Rhinolophus ferrumequinum,0.025,0.025,-1,Echolocation,/mnt/ubna_data_02_mir/recover-20220922/UBNA_001/20220921_090000.WAV,Telephone Field,recover-20220922,001,1795
901.6075,901.6474,68437,82774,Rhinolophus ferrumequinum,0.027,0.027,-1,Echolocation,/mnt/ubna_data_02_mir/recover-20220922/UBNA_001/20220921_090000.WAV,Telephone Field,recover-20220922,001,1795
901.6285,901.6658,68437,82173,Rhinolophus ferrumequinum,0.023,0.023,-1,Echolocation,/mnt/ubna_data_02_mir/recover-20220922/UBNA_001/20220921_090000.WAV,Telephone Field,recover-20220922,001,1795
901.6375,901.6488,25468,30347,Nyctalus leisleri,0.02,0.043,-1,Echolocation,/mnt/ubna_data_02_mir/recover-20220922/UBNA_001/20220921_090000.WAV,Telephone Field,recover-20220922,001,1795
901.6545,901.6951,68437,82260,Rhinolophus ferrumequinum,0.03,0.03,-1,Echolocation,/mnt/ubna_data_02_mir/recover-20220922/UBNA_001/20220921_090000.WAV,Telephone Field,recover-20220922,001,1795
901.6615,901.6689,47812,53617,Pipistrellus pipistrellus,0.036,0.038,-1,Echolocation,/mnt/ubna_data_02_mir/recover-20220922/UBNA_001/20220921_090000.WAV,Telephone Field,recover-20220922,001,1795
901.6815,901.7228,68437,81884,Rhinolophus ferrumequinum,0.024,0.024,-1,Echolocation,/mnt/ubna_data_02_mir/recover-20220922/UBNA_001/20220921_090000.WAV,Telephone Field,recover-20220922,001,1795
901.7385,901.7783,68437,82258,Rhinolophus ferrumequinum,0.025,0.025,-1,Echolocation,/mnt/ubna_data_02_mir/recover-20220922/UBNA_001/20220921_090000.WAV,Telephone Field,recover-20220922,001,1795
901.7455,901.7832,68437,81521,Rhinolophus ferrumequinum,0.021,0.021,-1,Echolocation,/mnt/ubna_data_02_mir/recover-20220922/UBNA_001/20220921_090000.WAV,Telephone Field,recover-20220922,001,1795
901.7605,901.7997,68437,82403,Rhinolophus ferrumequinum,0.024,0.024,-1,Echolocation,/mnt/ubna_data_02_mir/recover-20220922/UBNA_001/20220921_090000.WAV,Telephone Field,recover-20220922,001,1795
901.7845,901.8257,68437,82731,Rhinolophus ferrumequinum,0.025,0.025,-1,Echolocation,/mnt/ubna_data_02_mir/recover-20220922/UBNA_001/20220921_090000.WAV,Telephone Field,recover-20220922,001,1795
901.8175,901.8599,68437,83203,Rhinolophus ferrumequinum,0.026,0.026,-1,Echolocation,/mnt/ubna_data_02_mir/recover-20220922/UBNA_001/20220921_090000.WAV,Telephone Field,recover-20220922,001,1795
901.8265,901.8689,68437,82910,Rhinolophus ferrumequinum,0.025,0.025,-1,Echolocation,/mnt/ubna_data_02_mir/recover-20220922/UBNA_001/20220921_090000.WAV,Telephone Field,recover-20220922,001,1795
901.8405,901.8805,68437,81810,Rhinolophus ferrumequinum,0.027,0.027,-1,Echolocation,/mnt/ubna_data_02_mir/recover-20220922/UBNA_001/20220921_090000.WAV,Telephone Field,recover-20220922,001,1795
901.8425,901.8531,23750,30537,Nyctalus leisleri,0.009,0.024,-1,Echolocation,/mnt/ubna_data_02_mir/recover-20220922/UBNA_001/20220921_090000.WAV,Telephone Field,recover-20220922,001,1795
901.8935,901.9332,68437,82338,Rhinolophus ferrumequinum,0.029,0.029,-1,Echolocation,/mnt/ubna_data_02_mir/recover-20220922/UBNA_001/20220921_090000.WAV,Telephone Field,recover-20220922,001,1795
901.9145,901.9228,28046,37637,Eptesicus serotinus,0.008,0.022,-1,Echolocation,/mnt/ubna_data_02_mir/recover-20220922/UBNA_001/20220921_090000.WAV,Telephone Field,recover-20220922,001,1795
901.9215,901.9632,68437,82660,Rhinolophus ferrumequinum,0.032,0.032,-1,Echolocation,/mnt/ubna_data_02_mir/recover-20220922/UBNA_001/20220921_090000.WAV,Telephone Field,recover-20220922,001,1795
901.9285,901.9392,28046,35151,Eptesicus serotinus,0.013,0.026,-1,Echolocation,/mnt/ubna_data_02_mir/recover-20220922/UBNA_001/20220921_090000.WAV,Telephone Field,recover-20220922,001,1795
901.9375,901.9764,68437,82207,Rhinolophus ferrumequinum,0.025,0.025,-1,Echolocation,/mnt/ubna_data_02_mir/recover-20220922/UBNA_001/20220921_090000.WAV,Telephone Field,recover-20220922,001,1795
902.0015,902.0318,68437,80468,Rhinolophus ferrumequinum,0.022,0.023,-1,Echolocation,/mnt/ubna_data_02_mir/recover-20220922/UBNA_001/20220921_090000.WAV,Telephone Field,recover-20220922,001,1795
902.0055,902.0118,32343,42337,Myotis daubentonii,0.019,0.029,-1,Echolocation,/mnt/ubna_data_02_mir/recover-20220922/UBNA_001/20220921_090000.WAV,Telephone Field,recover-20220922,001,1795
902.0295,902.0411,23750,29300,Nyctalus leisleri,0.011,0.025,-1,Echolocation,/mnt/ubna_data_02_mir/recover-20220922/UBNA_001/20220921_090000.WAV,Telephone Field,recover-20220922,001,1795
902.0405,902.0558,21171,24204,Nyctalus leisleri,0.014,0.022,-1,Echolocation,/mnt/ubna_data_02_mir/recover-20220922/UBNA_001/20220921_090000.WAV,Telephone Field,recover-20220922,001,1795
902.0505,902.0905,68437,82951,Rhinolophus ferrumequinum,0.022,0.022,-1,Echolocation,/mnt/ubna_data_02_mir/recover-20220922/UBNA_001/20220921_090000.WAV,Telephone Field,recover-20220922,001,1795
902.0895,902.1273,68437,82230,Rhinolophus ferrumequinum,0.024,0.024,-1,Echolocation,/mnt/ubna_data_02_mir/recover-20220922/UBNA_001/20220921_090000.WAV,Telephone Field,recover-20220922,001,1795
902.0975,902.1071,44375,50958,Pipistrellus pipistrellus,0.018,0.023,-1,Echolocation,/mnt/ubna_data_02_mir/recover-20220922/UBNA_001/20220921_090000.WAV,Telephone Field,recover-20220922,001,1795
902.1075,902.1463,68437,82042,Rhinolophus ferrumequinum,0.025,0.025,-1,Echolocation,/mnt/ubna_data_02_mir/recover-20220922/UBNA_001/20220921_090000.WAV,Telephone Field,recover-20220922,001,1795
902.1325,902.1693,68437,82022,Rhinolophus ferrumequinum,0.026,0.026,-1,Echolocation,/mnt/ubna_data_02_mir/recover-20220922/UBNA_001/20220921_090000.WAV,Telephone Field,recover-20220922,001,1795
902.1535,902.1912,68437,81734,Rhinolophus ferrumequinum,0.024,0.024,-1,Echolocation,/mnt/ubna_data_02_mir/recover-20220922/UBNA_001/20220921_090000.WAV,Telephone Field,recover-20220922,001,1795
902.1555,902.1644,28046,37066,Eptesicus serotinus,0.01,0.024,-1,Echolocation,/mnt/ubna_data_02_mir/recover-20220922/UBNA_001/20220921_090000.WAV,Telephone Field,recover-20220922,001,1795
902.1625,902.1713,28906,37696,Eptesicus serotinus,0.009,0.022,-1,Echolocation,/mnt/ubna_data_02_mir/recover-20220922/UBNA_001/20220921_090000.WAV,Telephone Field,recover-20220922,001,1795
902.1845,902.1939,28906,37136,Eptesicus serotinus,0.013,0.028,-1,Echolocation,/mnt/ubna_data_02_mir/recover-20220922/UBNA_001/20220921_090000.WAV,Telephone Field,recover-20220922,001,1795
902.1935,902.2309,68437,81797,Rhinolophus ferrumequinum,0.022,0.022,-1,Echolocation,/mnt/ubna_data_02_mir/recover-20220922/UBNA_001/20220921_090000.WAV,Telephone Field,recover-20220922,001,1795
902.2005,902.2374,68437,81969,Rhinolophus ferrumequinum,0.022,0.022,-1,Echolocation,/mnt/ubna_data_02_mir/recover-20220922/UBNA_001/20220921_090000.WAV,Telephone Field,recover-20220922,001,1795
902.2135,902.2211,48671,52990,Pipistrellus pipistrellus,0.02,0.022,-1,Echolocation,/mnt/ubna_data_02_mir/recover-20220922/UBNA_001/20220921_090000.WAV,Telephone Field,recover-20220922,001,1795
902.2175,902.2258,28046,40649,Eptesicus serotinus,0.008,0.022,-1,Echolocation,/mnt/ubna_data_02_mir/recover-20220922/UBNA_001/20220921_090000.WAV,Telephone Field,recover-20220922,001,1795
902.2265,902.2695,68437,83571,Rhinolophus ferrumequinum,0.031,0.031,-1,Echolocation,/mnt/ubna_data_02_mir/recover-20220922/UBNA_001/20220921_090000.WAV,Telephone Field,recover-20220922,001,1795
902.2875,902.3264,68437,83028,Rhinolophus ferrumequinum,0.022,0.022,-1,Echolocation,/mnt/ubna_data_02_mir/recover-20220922/UBNA_001/20220921_090000.WAV,Telephone Field,recover-20220922,001,1795
902.2985,902.3375,68437,82664,Rhinolophus ferrumequinum,0.023,0.023,-1,Echolocation,/mnt/ubna_data_02_mir/recover-20220922/UBNA_001/20220921_090000.WAV,Telephone Field,recover-20220922,001,1795
902.2985,902.3055,24609,33752,Plecotus austriacus,0.009,0.023,-1,Echolocation,/mnt/ubna_data_02_mir/recover-20220922/UBNA_001/20220921_090000.WAV,Telephone Field,recover-20220922,001,1795
902.2995,902.3066,43515,49534,Pipistrellus pipistrellus,0.02,0.024,-1,Echolocation,/mnt/ubna_data_02_mir/recover-20220922/UBNA_001/20220921_090000.WAV,Telephone Field,recover-20220922,001,1795
902.3085,902.3483,68437,82493,Rhinolophus ferrumequinum,0.025,0.025,-1,Echolocation,/mnt/ubna_data_02_mir/recover-20220922/UBNA_001/20220921_090000.WAV,Telephone Field,recover-20220922,001,1795
902.3155,902.3565,68437,82306,Rhinolophus ferrumequinum,0.028,0.028,-1,Echolocation,/mnt/ubna_data_02_mir/recover-20220922/UBNA_001/20220921_090000.WAV,Telephone Field,recover-20220922,001,1795
902.3275,902.3349,22890,31214,Plecotus austriacus,0.011,0.023,-1,Echolocation,/mnt/ubna_data_02_mir/recover-20220922/UBNA_001/20220921_090000.WAV,Telephone Field,recover-20220922,001,1795
902.3415,902.35,28046,39842,Eptesicus serotinus,0.008,0.022,-1,Echolocation,/mnt/ubna_data_02_mir/recover-20220922/UBNA_001/20220921_090000.WAV,Telephone Field,recover-20220922,001,1795
902.4365,902.477,68437,82527,Rhinolophus ferrumequinum,0.024,0.024,-1,Echolocation,/mnt/ubna_data_02_mir/recover-20220922/UBNA_001/20220921_090000.WAV,Telephone Field,recover-20220922,001,1795
902.4685,902.5075,68437,82488,Rhinolophus ferrumequinum,0.023,0.023,-1,Echolocation,/mnt/ubna_data_02_mir/recover-20220922/UBNA_001/20220921_090000.WAV,Telephone Field,recover-20220922,001,1795
902.4855,902.4925,33203,42324,Myotis daubentonii,0.011,0.026,-1,Echolocation,/mnt/ubna_data_02_mir/recover-20220922/UBNA_001/20220921_090000.WAV,Telephone Field,recover-20220922,001,1795
902.4865,902.4938,28046,38882,Eptesicus serotinus,0.007,0.023,-1,Echolocation,/mnt/ubna_data_02_mir/recover-20220922/UBNA_001/20220921_090000.WAV,Telephone Field,recover-20220922,001,1795
902.4935,902.5114,20312,23852,Nyctalus leisleri,0.021,0.043,-1,Echolocation,/mnt/ubna_data_02_mir/recover-20220922/UBNA_001/20220921_090000.WAV,Telephone Field,recover-20220922,001,1795
902.4945,902.5323,68437,82094,Rhinolophus ferrumequinum,0.022,0.022,-1,Echolocation,/mnt/ubna_data_02_mir/recover-20220922/UBNA_001/20220921_090000.WAV,Telephone Field,recover-20220922,001,1795
902.5365,902.5733,68437,82022,Rhinolophus ferrumequinum,0.024,0.024,-1,Echolocation,/mnt/ubna_data_02_mir/recover-20220922/UBNA_001/20220921_090000.WAV,Telephone Field,recover-20220922,001,1795
902.5505,902.5586,28906,39173,Eptesicus serotinus,0.008,0.023,-1,Echolocation,/mnt/ubna_data_02_mir/recover-20220922/UBNA_001/20220921_090000.WAV,Telephone Field,recover-20220922,001,1795
902.5555,902.5949,68437,82349,Rhinolophus ferrumequinum,0.024,0.024,-1,Echolocation,/mnt/ubna_data_02_mir/recover-20220922/UBNA_001/20220921_090000.WAV,Telephone Field,recover-20220922,001,1795
902.5805,902.6204,68437,82493,Rhinolophus ferrumequinum,0.022,0.022,-1,Echolocation,/mnt/ubna_data_02_mir/recover-20220922/UBNA_001/20220921_090000.WAV,Telephone Field,recover-20220922,001,1795
902.5915,902.599,28046,43188,Eptesicus serotinus,0.007,0.022,-1,Echolocation,/mnt/ubna_data_02_mir/recover-20220922/UBNA_001/20220921_090000.WAV,Telephone Field,recover-20220922,001,1795
902.6045,902.6436,68437,82318,Rhinolophus ferrumequinum,0.027,0.027,-1,Echolocation,/mnt/ubna_data_02_mir/recover-20220922/UBNA_001/20220921_090000.WAV,Telephone Field,recover-20220922,001,1795
902.6175,902.6585,68437,82724,Rhinolophus ferrumequinum,0.024,0.024,-1,Echolocation,/mnt/ubna_data_02_mir/recover-20220922/UBNA_001/20220921_090000.WAV,Telephone Field,recover-20220922,001,1795
902.6475,902.6854,68437,82100,Rhinolophus ferrumequinum,0.022,0.022,-1,Echolocation,/mnt/ubna_data_02_mir/recover-20220922/UBNA_001/20220921_090000.WAV,Telephone Field,recover-20220922,001,1795
902.7385,902.7783,68437,82369,Rhinolophus ferrumequinum,0.023,0.023,-1,Echolocation,/mnt/ubna_data_02_mir/recover-20220922/UBNA_001/20220921_090000.WAV,Telephone Field,recover-20220922,001,1795
902.7445,902.7519,28046,38761,Eptesicus serotinus,0.007,0.025,-1,Echolocation,/mnt/ubna_data_02_mir/recover-20220922/UBNA_001/20220921_090000.WAV,Telephone Field,recover-20220922,001,1795
902.7705,902.81,68437,81986,Rhinolophus ferrumequinum,0.022,0.022,-1,Echolocation,/mnt/ubna_data_02_mir/recover-20220922/UBNA_001/20220921_090000.WAV,Telephone Field,recover-20220922,001,1795
902.8035,902.8429,68437,82632,Rhinolophus ferrumequinum,0.022,0.022,-1,Echolocation,/mnt/ubna_data_02_mir/recover-20220922/UBNA_001/20220921_090000.WAV,Telephone Field,recover-20220922,001,1795
902.8625,902.8699,28046,37532,Eptesicus serotinus,0.007,0.021,-1,Echolocation,/mnt/ubna_data_02_mir/recover-20220922/UBNA_001/20220921_090000.WAV,Telephone Field,recover-20220922,001,1795
902.8985,902.9101,58125,63250,Pipistrellus pygmaeus,0.063,0.064,-1,Echolocation,/mnt/ubna_data_02_mir/recover-20220922/UBNA_001/20220921_090000.WAV,Telephone Field,recover-20220922,001,1795
902.9015,902.9103,27187,37801,Eptesicus serotinus,0.009,0.024,-1,Echolocation,/mnt/ubna_data_02_mir/recover-20220922/UBNA_001/20220921_090000.WAV,Telephone Field,recover-20220922,001,1795
902.9095,902.9536,68437,83303,Rhinolophus ferrumequinum,0.04,0.04,-1,Echolocation,/mnt/ubna_data_02_mir/recover-20220922/UBNA_001/20220921_090000.WAV,Telephone Field,recover-20220922,001,1795
902.9365,902.9567,18593,22836,Nyctalus noctula,0.032,0.049,-1,Echolocation,/mnt/ubna_data_02_mir/recover-20220922/UBNA_001/20220921_090000.WAV,Telephone Field,recover-20220922,001,1795
902.9565,902.9959,68437,82165,Rhinolophus ferrumequinum,0.027,0.027,-1,Echolocation,/mnt/ubna_data_02_mir/recover-20220922/UBNA_001/20220921_090000.WAV,Telephone Field,recover-20220922,001,1795
902.9625,902.9712,28906,37697,Eptesicus serotinus,0.01,0.025,-1,Echolocation,/mnt/ubna_data_02_mir/recover-20220922/UBNA_001/20220921_090000.WAV,Telephone Field,recover-20220922,001,1795
902.9945,903.0327,68437,82384,Rhinolophus ferrumequinum,0.024,0.024,-1,Echolocation,/mnt/ubna_data_02_mir/recover-20220922/UBNA_001/20220921_090000.WAV,Telephone Field,recover-20220922,001,1795
903.0105,903.0214,28906,36415,Eptesicus serotinus,0.018,0.032,-1,Echolocation,/mnt/ubna_data_02_mir/recover-20220922/UBNA_001/20220921_090000.WAV,Telephone Field,recover-20220922,001,1795
903.0275,903.0376,28906,37236,Eptesicus serotinus,0.01,0.025,-1,Echolocation,/mnt/ubna_data_02_mir/recover-20220922/UBNA_001/20220921_090000.WAV,Telephone Field,recover-20220922,001,1795
903.0445,903.0812,68437,80559,Rhinolophus ferrumequinum,0.027,0.027,-1,Echolocation,/mnt/ubna_data_02_mir/recover-20220922/UBNA_001/20220921_090000.WAV,Telephone Field,recover-20220922,001,1795
903.0745,903.1126,68437,81954,Rhinolophus ferrumequinum,0.024,0.024,-1,Echolocation,/mnt/ubna_data_02_mir/recover-20220922/UBNA_001/20220921_090000.WAV,Telephone Field,recover-20220922,001,1795
903.0815,903.088,24609,35684,Plecotus austriacus,0.019,0.042,-1,Echolocation,/mnt/ubna_data_02_mir/recover-20220922/UBNA_001/20220921_090000.WAV,Telephone Field,recover-20220922,001,1795
903.0935,903.1052,28906,34402,Eptesicus serotinus,0.012,0.024,-1,Echolocation,/mnt/ubna_data_02_mir/recover-20220922/UBNA_001/20220921_090000.WAV,Telephone Field,recover-20220922,001,1795
903.0955,903.1349,68437,82682,Rhinolophus ferrumequinum,0.024,0.024,-1,Echolocation,/mnt/ubna_data_02_mir/recover-20220922/UBNA_001/20220921_090000.WAV,Telephone Field,recover-20220922,001,1795
903.1265,903.1364,24609,31834,Nyctalus leisleri,0.009,0.025,-1,Echolocation,/mnt/ubna_data_02_mir/recover-20220922/UBNA_001/20220921_090000.WAV,Telephone Field,recover-20220922,001,1795
903.1555,903.195,68437,82627,Rhinolophus ferrumequinum,0.023,0.023,-1,Echolocation,/mnt/ubna_data_02_mir/recover-20220922/UBNA_001/20220921_090000.WAV,Telephone Field,recover-20220922,001,1795
903.1695,903.1828,33203,38469,Eptesicus serotinus,0.014,0.048,-1,Echolocation,/mnt/ubna_data_02_mir/recover-20220922/UBNA_001/20220921_090000.WAV,Telephone Field,recover-20220922,001,1795
903.1805,903.2136,68437,80999,Rhinolophus ferrumequinum,0.023,0.024,-1,Echolocation,/mnt/ubna_data_02_mir/recover-20220922/UBNA_001/20220921_090000.WAV,Telephone Field,recover-20220922,001,1795
903.2195,903.228,28046,37667,Eptesicus serotinus,0.018,0.036,-1,Echolocation,/mnt/ubna_data_02_mir/recover-20220922/UBNA_001/20220921_090000.WAV,Telephone Field,recover-20220922,001,1795
903.2195,903.227,23750,33569,Plecotus austriacus,0.015,0.036,-1,Echolocation,/mnt/ubna_data_02_mir/recover-20220922/UBNA_001/20220921_090000.WAV,Telephone Field,recover-20220922,001,1795
903.2315,903.2713,68437,82477,Rhinolophus ferrumequinum,0.022,0.022,-1,Echolocation,/mnt/ubna_data_02_mir/recover-20220922/UBNA_001/20220921_090000.WAV,Telephone Field,recover-20220922,001,1795
903.2485,903.2603,29765,35285,Eptesicus serotinus,0.08,0.125,-1,Echolocation,/mnt/ubna_data_02_mir/recover-20220922/UBNA_001/20220921_090000.WAV,Telephone Field,recover-20220922,001,1795
903.2615,903.2976,68437,81425,Rhinolophus ferrumequinum,0.022,0.022,-1,Echolocation,/mnt/ubna_data_02_mir/recover-20220922/UBNA_001/20220921_090000.WAV,Telephone Field,recover-20220922,001,1795
903.2715,903.3097,68437,81960,Rhinolophus ferrumequinum,0.025,0.025,-1,Echolocation,/mnt/ubna_data_02_mir/recover-20220922/UBNA_001/20220921_090000.WAV,Telephone Field,recover-20220922,001,1795
903.2735,903.2874,14296,19722,Nyctalus noctula,0.014,0.022,-1,Echolocation,/mnt/ubna_data_02_mir/recover-20220922/UBNA_001/20220921_090000.WAV,Telephone Field,recover-20220922,001,1795
903.3055,903.3449,68437,83160,Rhinolophus ferrumequinum,0.025,0.025,-1,Echolocation,/mnt/ubna_data_02_mir/recover-20220922/UBNA_001/20220921_090000.WAV,Telephone Field,recover-20220922,001,1795
903.3405,903.3778,68437,81410,Rhinolophus ferrumequinum,0.025,0.025,-1,Echolocation,/mnt/ubna_data_02_mir/recover-20220922/UBNA_001/20220921_090000.WAV,Telephone Field,recover-20220922,001,1795
903.3505,903.3594,28046,37877,Eptesicus serotinus,0.01,0.026,-1,Echolocation,/mnt/ubna_data_02_mir/recover-20220922/UBNA_001/20220921_090000.WAV,Telephone Field,recover-20220922,001,1795
903.3655,903.4039,68437,82207,Rhinolophus ferrumequinum,0.022,0.022,-1,Echolocation,/mnt/ubna_data_02_mir/recover-20220922/UBNA_001/20220921_090000.WAV,Telephone Field,recover-20220922,001,1795
903.4015,903.4401,68437,81879,Rhinolophus ferrumequinum,0.035,0.035,-1,Echolocation,/mnt/ubna_data_02_mir/recover-20220922/UBNA_001/20220921_090000.WAV,Telephone Field,recover-20220922,001,1795
903.4205,903.4594,68437,82832,Rhinolophus ferrumequinum,0.028,0.028,-1,Echolocation,/mnt/ubna_data_02_mir/recover-20220922/UBNA_001/20220921_090000.WAV,Telephone Field,recover-20220922,001,1795
903.4515,903.489,68437,82204,Rhinolophus ferrumequinum,0.022,0.022,-1,Echolocation,/mnt/ubna_data_02_mir/recover-20220922/UBNA_001/20220921_090000.WAV,Telephone Field,recover-20220922,001,1795
903.4675,903.4779,28906,36322,Eptesicus serotinus,0.009,0.022,-1,Echolocation,/mnt/ubna_data_02_mir/recover-20220922/UBNA_001/20220921_090000.WAV,Telephone Field,recover-20220922,001,1795
903.4945,903.5356,68437,82733,Rhinolophus ferrumequinum,0.033,0.033,-1,Echolocation,/mnt/ubna_data_02_mir/recover-20220922/UBNA_001/20220921_090000.WAV,Telephone Field,recover-20220922,001,1795
903.5105,903.5479,68437,81384,Rhinolophus ferrumequinum,0.025,0.025,-1,Echolocation,/mnt/ubna_data_02_mir/recover-20220922/UBNA_001/20220921_090000.WAV,Telephone Field,recover-20220922,001,1795
903.5345,903.5759,68437,83457,Rhinolophus ferrumequinum,0.025,0.025,-1,Echolocation,/mnt/ubna_data_02_mir/recover-20220922/UBNA_001/20220921_090000.WAV,Telephone Field,recover-20220922,001,1795
903.5345,903.547,33203,38768,Eptesicus serotinus,0.007,0.028,-1,Echolocation,/mnt/ubna_data_02_mir/recover-20220922/UBNA_001/20220921_090000.WAV,Telephone Field,recover-20220922,001,1795
903.5475,903.5578,59843,66342,Pipistrellus pygmaeus,0.021,0.022,-1,Echolocation,/mnt/ubna_data_02_mir/recover-20220922/UBNA_001/20220921_090000.WAV,Telephone Field,recover-20220922,001,1795
903.5665,903.6059,68437,82306,Rhinolophus ferrumequinum,0.025,0.025,-1,Echolocation,/mnt/ubna_data_02_mir/recover-20220922/UBNA_001/20220921_090000.WAV,Telephone Field,recover-20220922,001,1795
903.5705,903.5833,37500,41952,Pipistrellus nathusii,0.037,0.055,-1,Echolocation,/mnt/ubna_data_02_mir/recover-20220922/UBNA_001/20220921_090000.WAV,Telephone Field,recover-20220922,001,1795
903.5805,903.619,68437,82400,Rhinolophus ferrumequinum,0.035,0.035,-1,Echolocation,/mnt/ubna_data_02_mir/recover-20220922/UBNA_001/20220921_090000.WAV,Telephone Field,recover-20220922,001,1795
903.6015,903.6407,68437,82700,Rhinolophus ferrumequinum,0.024,0.024,-1,Echolocation,/mnt/ubna_data_02_mir/recover-20220922/UBNA_001/20220921_090000.WAV,Telephone Field,recover-20220922,001,1795
903.6315,903.6702,68437,82255,Rhinolophus ferrumequinum,0.022,0.022,-1,Echolocation,/mnt/ubna_data_02_mir/recover-20220922/UBNA_001/20220921_090000.WAV,Telephone Field,recover-20220922,001,1795
903.6475,903.6558,28906,38165,Eptesicus serotinus,0.011,0.028,-1,Echolocation,/mnt/ubna_data_02_mir/recover-20220922/UBNA_001/20220921_090000.WAV,Telephone Field,recover-20220922,001,1795
903.6705,903.7115,68437,81928,Rhinolophus ferrumequinum,0.023,0.023,-1,Echolocation,/mnt/ubna_data_02_mir/recover-20220922/UBNA_001/20220921_090000.WAV,Telephone Field,recover-20220922,001,1795
903.7175,903.7569,68437,82305,Rhinolophus ferrumequinum,0.023,0.023,-1,Echolocation,/mnt/ubna_data_02_mir/recover-20220922/UBNA_001/20220921_090000.WAV,Telephone Field,recover-20220922,001,1795
903.8095,903.8474,68437,81813,Rhinolophus ferrumequinum,0.024,0.024,-1,Echolocation,/mnt/ubna_data_02_mir/recover-20220922/UBNA_001/20220921_090000.WAV,Telephone Field,recover-20220922,001,1795
903.8405,903.8823,68437,83062,Rhinolophus ferrumequinum,0.025,0.025,-1,Echolocation,/mnt/ubna_data_02_mir/recover-20220922/UBNA_001/20220921_090000.WAV,Telephone Field,recover-20220922,001,1795
903.8455,903.8568,22890,28187,Nyctalus leisleri,0.012,0.025,-1,Echolocation,/mnt/ubna_data_02_mir/recover-20220922/UBNA_001/20220921_090000.WAV,Telephone Field,recover-20220922,001,1795
903.8475,903.8572,28906,36245,Eptesicus serotinus,0.01,0.025,-1,Echolocation,/mnt/ubna_data_02_mir/recover-20220922/UBNA_001/20220921_090000.WAV,Telephone Field,recover-20220922,001,1795
903.8695,903.9115,68437,83058,Rhinolophus ferrumequinum,0.028,0.028,-1,Echolocation,/mnt/ubna_data_02_mir/recover-20220922/UBNA_001/20220921_090000.WAV,Telephone Field,recover-20220922,001,1795
903.8925,903.9036,25468,31587,Eptesicus serotinus,0.01,0.025,-1,Echolocation,/mnt/ubna_data_02_mir/recover-20220922/UBNA_001/20220921_090000.WAV,Telephone Field,recover-20220922,001,1795
903.9125,903.9207,28906,38691,Eptesicus serotinus,0.007,0.022,-1,Echolocation,/mnt/ubna_data_02_mir/recover-20220922/UBNA_001/20220921_090000.WAV,Telephone Field,recover-20220922,001,1795
903.9125,903.9488,68437,81565,Rhinolophus ferrumequinum,0.022,0.022,-1,Echolocation,/mnt/ubna_data_02_mir/recover-20220922/UBNA_001/20220921_090000.WAV,Telephone Field,recover-20220922,001,1795
903.9635,903.9736,22890,28117,Nyctalus leisleri,0.01,0.022,-1,Echolocation,/mnt/ubna_data_02_mir/recover-20220922/UBNA_001/20220921_090000.WAV,Telephone Field,recover-20220922,001,1795
904.0015,904.034,69296,81282,Rhinolophus ferrumequinum,0.026,0.026,-1,Echolocation,/mnt/ubna_data_02_mir/recover-20220922/UBNA_001/20220921_090000.WAV,Telephone Field,recover-20220922,001,1795
904.0015,904.0124,20312,24869,Nyctalus leisleri,0.013,0.026,-1,Echolocation,/mnt/ubna_data_02_mir/recover-20220922/UBNA_001/20220921_090000.WAV,Telephone Field,recover-20220922,001,1795
904.0015,904.0107,25468,34045,Nyctalus leisleri,0.009,0.027,-1,Echolocation,/mnt/ubna_data_02_mir/recover-20220922/UBNA_001/20220921_090000.WAV,Telephone Field,recover-20220922,001,1795
904.0205,904.0289,24609,33028,Plecotus austriacus,0.006,0.021,-1,Echolocation,/mnt/ubna_data_02_mir/recover-20220922/UBNA_001/20220921_090000.WAV,Telephone Field,recover-20220922,001,1795
904.0495,904.0562,28906,39241,Eptesicus serotinus,0.006,0.025,-1,Echolocation,/mnt/ubna_data_02_mir/recover-20220922/UBNA_001/20220921_090000.WAV,Telephone Field,recover-20220922,001,1795
904.0525,904.0914,68437,82380,Rhinolophus ferrumequinum,0.021,0.021,-1,Echolocation,/mnt/ubna_data_02_mir/recover-20220922/UBNA_001/20220921_090000.WAV,Telephone Field,recover-20220922,001,1795
904.1205,904.1578,68437,81247,Rhinolophus ferrumequinum,0.02,0.02,-1,Echolocation,/mnt/ubna_data_02_mir/recover-20220922/UBNA_001/20220921_090000.WAV,Telephone Field,recover-20220922,001,1795
904.1295,904.1665,68437,82053,Rhinolophus ferrumequinum,0.021,0.021,-1,Echolocation,/mnt/ubna_data_02_mir/recover-20220922/UBNA_001/20220921_090000.WAV,Telephone Field,recover-20220922,001,1795
904.1715,904.2103,68437,81921,Rhinolophus ferrumequinum,0.021,0.021,-1,Echolocation,/mnt/ubna_data_02_mir/recover-20220922/UBNA_001/20220921_090000.WAV,Telephone Field,recover-20220922,001,1795
904.1995,904.2382,68437,82049,Rhinolophus ferrumequinum,0.023,0.023,-1,Echolocation,/mnt/ubna_data_02_mir/recover-20220922/UBNA_001/20220921_090000.WAV,Telephone Field,recover-20220922,001,1795
904.2095,904.2515,68437,82749,Rhinolophus ferrumequinum,0.024,0.024,-1,Echolocation,/mnt/ubna_data_02_mir/recover-20220922/UBNA_001/20220921_090000.WAV,Telephone Field,recover-20220922,001,1795
904.2475,904.2849,68437,81405,Rhinolophus ferrumequinum,0.024,0.024,-1,Echolocation,/mnt/ubna_data_02_mir/recover-20220922/UBNA_001/20220921_090000.WAV,Telephone Field,recover-20220922,001,1795
904.2535,904.2925,68437,81362,Rhinolophus ferrumequinum,0.024,0.024,-1,Echolocation,/mnt/ubna_data_02_mir/recover-20220922/UBNA_001/20220921_090000.WAV,Telephone Field,recover-20220922,001,1795
904.2915,904.3284,68437,81669,Rhinolophus ferrumequinum,0.022,0.022,-1,Echolocation,/mnt/ubna_data_02_mir/recover-20220922/UBNA_001/20220921_090000.WAV,Telephone Field,recover-20220922,001,1795
904.3435,904.3547,24609,31208,Nyctalus leisleri,0.007,0.02,-1,Echolocation,/mnt/ubna_data_02_mir/recover-20220922/UBNA_001/20220921_090000.WAV,Telephone Field,recover-20220922,001,1795
904.3495,904.391,68437,82595,Rhinolophus ferrumequinum,0.026,0.026,-1,Echolocation,/mnt/ubna_data_02_mir/recover-20220922/UBNA_001/20220921_090000.WAV,Telephone Field,recover-20220922,001,1795
904.3595,904.369,28046,35203,Eptesicus serotinus,0.027,0.052,-1,Echolocation,/mnt/ubna_data_02_mir/recover-20220922/UBNA_001/20220921_090000.WAV,Telephone Field,recover-20220922,001,1795
904.3715,904.4124,68437,82722,Rhinolophus ferrumequinum,0.02,0.02,-1,Echolocation,/mnt/ubna_data_02_mir/recover-20220922/UBNA_001/20220921_090000.WAV,Telephone Field,recover-20220922,001,1795
904.3805,904.4218,68437,82586,Rhinolophus ferrumequinum,0.022,0.022,-1,Echolocation,/mnt/ubna_data_02_mir/recover-20220922/UBNA_001/20220921_090000.WAV,Telephone Field,recover-20220922,001,1795
904.4195,904.4311,22890,26655,Nyctalus leisleri,0.013,0.022,-1,Echolocation,/mnt/ubna_data_02_mir/recover-20220922/UBNA_001/20220921_090000.WAV,Telephone Field,recover-20220922,001,1795
904.4595,904.4695,42656,45719,Pipistrellus pipistrellus,0.02,0.023,-1,Echolocation,/mnt/ubna_data_02_mir/recover-20220922/UBNA_001/20220921_090000.WAV,Telephone Field,recover-20220922,001,1795
904.4605,904.4983,68437,81680,Rhinolophus ferrumequinum,0.023,0.023,-1,Echolocation,/mnt/ubna_data_02_mir/recover-20220922/UBNA_001/20220921_090000.WAV,Telephone Field,recover-20220922,001,1795
904.4945,904.5334,68437,82084,Rhinolophus ferrumequinum,0.021,0.021,-1,Echolocation,/mnt/ubna_data_02_mir/recover-20220922/UBNA_001/20220921_090000.WAV,Telephone Field,recover-20220922,001,1795
904.5225,904.5603,68437,81623,Rhinolophus ferrumequinum,0.024,0.024,-1,Echolocation,/mnt/ubna_data_02_mir/recover-20220922/UBNA_001/20220921_090000.WAV,Telephone Field,recover-20220922,001,1795
904.5275,904.5387,22031,26091,Nyctalus leisleri,0.013,0.023,-1,Echolocation,/mnt/ubna_data_02_mir/recover-20220922/UBNA_001/20220921_090000.WAV,Telephone Field,recover-20220922,001,1795
904.5295,904.5679,68437,82120,Rhinolophus ferrumequinum,0.022,0.022,-1,Echolocation,/mnt/ubna_data_02_mir/recover-20220922/UBNA_001/20220921_090000.WAV,Telephone Field,recover-20220922,001,1795
904.5415,904.5825,68437,82859,Rhinolophus ferrumequinum,0.035,0.035,-1,Echolocation,/mnt/ubna_data_02_mir/recover-20220922/UBNA_001/20220921_090000.WAV,Telephone Field,recover-20220922,001,1795
904.5605,904.5682,27187,38579,Eptesicus serotinus,0.006,0.021,-1,Echolocation,/mnt/ubna_data_02_mir/recover-20220922/UBNA_001/20220921_090000.WAV,Telephone Field,recover-20220922,001,1795
904.5715,904.6081,68437,81399,Rhinolophus ferrumequinum,0.021,0.021,-1,Echolocation,/mnt/ubna_data_02_mir/recover-20220922/UBNA_001/20220921_090000.WAV,Telephone Field,recover-20220922,001,1795
904.5845,904.6224,68437,81796,Rhinolophus ferrumequinum,0.024,0.024,-1,Echolocation,/mnt/ubna_data_02_mir/recover-20220922/UBNA_001/20220921_090000.WAV,Telephone Field,recover-20220922,001,1795
904.5895,904.6,23750,29541,Nyctalus leisleri,0.011,0.025,-1,Echolocation,/mnt/ubna_data_02_mir/recover-20220922/UBNA_001/20220921_090000.WAV,Telephone Field,recover-20220922,001,1795
904.6035,904.6121,28046,42611,Eptesicus serotinus,0.007,0.022,-1,Echolocation,/mnt/ubna_data_02_mir/recover-20220922/UBNA_001/20220921_090000.WAV,Telephone Field,recover-20220922,001,1795
904.6385,904.6459,23750,32184,Plecotus austriacus,0.009,0.022,-1,Echolocation,/mnt/ubna_data_02_mir/recover-20220922/UBNA_001/20220921_090000.WAV,Telephone Field,recover-20220922,001,1795
904.6525,904.6913,68437,81956,Rhinolophus ferrumequinum,0.02,0.02,-1,Echolocation,/mnt/ubna_data_02_mir/recover-20220922/UBNA_001/20220921_090000.WAV,Telephone Field,recover-20220922,001,1795
904.6775,904.7143,68437,81096,Rhinolophus ferrumequinum,0.021,0.021,-1,Echolocation,/mnt/ubna_data_02_mir/recover-20220922/UBNA_001/20220921_090000.WAV,Telephone Field,recover-20220922,001,1795
904.6955,904.7127,22031,26000,Nyctalus leisleri,0.02,0.039,-1,Echolocation,/mnt/ubna_data_02_mir/recover-20220922/UBNA_001/20220921_090000.WAV,Telephone Field,recover-20220922,001,1795
904.7305,904.7418,22031,25777,Nyctalus leisleri,0.012,0.022,-1,Echolocation,/mnt/ubna_data_02_mir/recover-20220922/UBNA_001/20220921_090000.WAV,Telephone Field,recover-20220922,001,1795
904.7795,904.8197,68437,82535,Rhinolophus ferrumequinum,0.024,0.024,-1,Echolocation,/mnt/ubna_data_02_mir/recover-20220922/UBNA_001/20220921_090000.WAV,Telephone Field,recover-20220922,001,1795
904.7895,904.8312,68437,82952,Rhinolophus ferrumequinum,0.023,0.023,-1,Echolocation,/mnt/ubna_data_02_mir/recover-20220922/UBNA_001/20220921_090000.WAV,Telephone Field,recover-20220922,001,1795
904.8045,904.8447,68437,82184,Rhinolophus ferrumequinum,0.02,0.02,-1,Echolocation,/mnt/ubna_data_02_mir/recover-20220922/UBNA_001/20220921_090000.WAV,Telephone Field,recover-20220922,001,1795
904.8215,904.8596,68437,82078,Rhinolophus ferrumequinum,0.021,0.022,-1,Echolocation,/mnt/ubna_data_02_mir/recover-20220922/UBNA_001/20220921_090000.WAV,Telephone Field,recover-20220922,001,1795
904.8505,904.8913,68437,82644,Rhinolophus ferrumequinum,0.021,0.021,-1,Echolocation,/mnt/ubna_data_02_mir/recover-20220922/UBNA_001/20220921_090000.WAV,Telephone Field,recover-20220922,001,1795
904.8535,904.8595,28046,42125,Myotis daubentonii,0.007,0.03,-1,Echolocation,/mnt/ubna_data_02_mir/recover-20220922/UBNA_001/20220921_090000.WAV,Telephone Field,recover-20220922,001,1795
904.8875,904.9294,68437,82928,Rhinolophus ferrumequinum,0.03,0.03,-1,Echolocation,/mnt/ubna_data_02_mir/recover-20220922/UBNA_001/20220921_090000.WAV,Telephone Field,recover-20220922,001,1795
904.9365,904.9768,68437,82280,Rhinolophus ferrumequinum,0.022,0.022,-1,Echolocation,/mnt/ubna_data_02_mir/recover-20220922/UBNA_001/20220921_090000.WAV,Telephone Field,recover-20220922,001,1795
904.9375,904.9448,23750,34193,Plecotus austriacus,0.012,0.03,-1,Echolocation,/mnt/ubna_data_02_mir/recover-20220922/UBNA_001/20220921_090000.WAV,Telephone Field,recover-20220922,001,1795
904.9475,904.984,68437,81456,Rhinolophus ferrumequinum,0.021,0.021,-1,Echolocation,/mnt/ubna_data_02_mir/recover-20220922/UBNA_001/20220921_090000.WAV,Telephone Field,recover-20220922,001,1795
904.9515,904.9603,28046,38237,Eptesicus serotinus,0.007,0.021,-1,Echolocation,/mnt/ubna_data_02_mir/recover-20220922/UBNA_001/20220921_090000.WAV,Telephone Field,recover-20220922,001,1795
904.9715,904.9819,23750,29868,Nyctalus leisleri,0.009,0.023,-1,Echolocation,/mnt/ubna_data_02_mir/recover-20220922/UBNA_001/20220921_090000.WAV,Telephone Field,recover-20220922,001,1795
905.0055,905.0241,21171,24763,Nyctalus leisleri,0.027,0.051,-1,Echolocation,/mnt/ubna_data_02_mir/recover-20220922/UBNA_001/20220921_090000.WAV,Telephone Field,recover-20220922,001,1795
905.0075,905.0478,68437,82227,Rhinolophus ferrumequinum,0.021,0.021,-1,Echolocation,/mnt/ubna_data_02_mir/recover-20220922/UBNA_001/20220921_090000.WAV,Telephone Field,recover-20220922,001,1795
905.0325,905.0691,68437,81238,Rhinolophus ferrumequinum,0.021,0.022,-1,Echolocation,/mnt/ubna_data_02_mir/recover-20220922/UBNA_001/20220921_090000.WAV,Telephone Field,recover-20220922,001,1795
905.0435,905.0804,68437,81601,Rhinolophus ferrumequinum,0.021,0.021,-1,Echolocation,/mnt/ubna_data_02_mir/recover-20220922/UBNA_001/20220921_090000.WAV,Telephone Field,recover-20220922,001,1795
905.0675,905.106,68437,81789,Rhinolophus ferrumequinum,0.026,0.026,-1,Echolocation,/mnt/ubna_data_02_mir/recover-20220922/UBNA_001/20220921_090000.WAV,Telephone Field,recover-20220922,001,1795
905.1395,905.1469,45234,53254,Pipistrellus pipistrellus,0.016,0.02,-1,Echolocation,/mnt/ubna_data_02_mir/recover-20220922/UBNA_001/20220921_090000.WAV,Telephone Field,recover-20220922,001,1795
905.1565,905.1991,68437,83167,Rhinolophus ferrumequinum,0.025,0.025,-1,Echolocation,/mnt/ubna_data_02_mir/recover-20220922/UBNA_001/20220921_090000.WAV,Telephone Field,recover-20220922,001,1795
905.1685,905.1795,22031,26834,Nyctalus leisleri,0.011,0.024,-1,Echolocation,/mnt/ubna_data_02_mir/recover-20220922/UBNA_001/20220921_090000.WAV,Telephone Field,recover-20220922,001,1795
905.1735,905.1864,22031,25879,Nyctalus leisleri,0.015,0.025,-1,Echolocation,/mnt/ubna_data_02_mir/recover-20220922/UBNA_001/20220921_090000.WAV,Telephone Field,recover-20220922,001,1795
905.1965,905.237,68437,82150,Rhinolophus ferrumequinum,0.022,0.022,-1,Echolocation,/mnt/ubna_data_02_mir/recover-20220922/UBNA_001/20220921_090000.WAV,Telephone Field,recover-20220922,001,1795
905.2155,905.2252,28046,36509,Eptesicus serotinus,0.01,0.026,-1,Echolocation,/mnt/ubna_data_02_mir/recover-20220922/UBNA_001/20220921_090000.WAV,Telephone Field,recover-20220922,001,1795
905.2245,905.2632,68437,81392,Rhinolophus ferrumequinum,0.02,0.02,-1,Echolocation,/mnt/ubna_data_02_mir/recover-20220922/UBNA_001/20220921_090000.WAV,Telephone Field,recover-20220922,001,1795
905.2575,905.2975,68437,82503,Rhinolophus ferrumequinum,0.024,0.024,-1,Echolocation,/mnt/ubna_data_02_mir/recover-20220922/UBNA_001/20220921_090000.WAV,Telephone Field,recover-20220922,001,1795
905.2995,905.3067,28906,37297,Eptesicus serotinus,0.007,0.024,-1,Echolocation,/mnt/ubna_data_02_mir/recover-20220922/UBNA_001/20220921_090000.WAV,Telephone Field,recover-20220922,001,1795
905.3345,905.3757,68437,83085,Rhinolophus ferrumequinum,0.03,0.03,-1,Echolocation,/mnt/ubna_data_02_mir/recover-20220922/UBNA_001/20220921_090000.WAV,Telephone Field,recover-20220922,001,1795
905.3925,905.4304,68437,82117,Rhinolophus ferrumequinum,0.02,0.02,-1,Echolocation,/mnt/ubna_data_02_mir/recover-20220922/UBNA_001/20220921_090000.WAV,Telephone Field,recover-20220922,001,1795
905.4255,905.4623,68437,81990,Rhinolophus ferrumequinum,0.023,0.023,-1,Echolocation,/mnt/ubna_data_02_mir/recover-20220922/UBNA_001/20220921_090000.WAV,Telephone Field,recover-20220922,001,1795
905.4625,905.4733,45234,49288,Pipistrellus pipistrellus,0.041,0.043,-1,Echolocation,/mnt/ubna_data_02_mir/recover-20220922/UBNA_001/20220921_090000.WAV,Telephone Field,recover-20220922,001,1795
905.4885,905.5275,68437,81827,Rhinolophus ferrumequinum,0.021,0.021,-1,Echolocation,/mnt/ubna_data_02_mir/recover-20220922/UBNA_001/20220921_090000.WAV,Telephone Field,recover-20220922,001,1795
905.5075,905.5435,68437,81703,Rhinolophus ferrumequinum,0.025,0.025,-1,Echolocation,/mnt/ubna_data_02_mir/recover-20220922/UBNA_001/20220921_090000.WAV,Telephone Field,recover-20220922,001,1795
905.5155,905.5256,23750,29617,Nyctalus leisleri,0.008,0.021,-1,Echolocation,/mnt/ubna_data_02_mir/recover-20220922/UBNA_001/20220921_090000.WAV,Telephone Field,recover-20220922,001,1795
905.5445,905.5776,68437,80537,Rhinolophus ferrumequinum,0.021,0.021,-1,Echolocation,/mnt/ubna_data_02_mir/recover-20220922/UBNA_001/20220921_090000.WAV,Telephone Field,recover-20220922,001,1795
905.5585,905.5971,68437,82074,Rhinolophus ferrumequinum,0.028,0.028,-1,Echolocation,/mnt/ubna_data_02_mir/recover-20220922/UBNA_001/20220921_090000.WAV,Telephone Field,recover-20220922,001,1795
905.5785,905.5947,20312,23583,Nyctalus leisleri,0.012,0.021,-1,Echolocation,/mnt/ubna_data_02_mir/recover-20220922/UBNA_001/20220921_090000.WAV,Telephone Field,recover-20220922,001,1795
905.5855,905.5933,28046,37944,Eptesicus serotinus,0.007,0.021,-1,Echolocation,/mnt/ubna_data_02_mir/recover-20220922/UBNA_001/20220921_090000.WAV,Telephone Field,recover-20220922,001,1795
905.6465,905.6647,20312,23666,Nyctalus leisleri,0.013,0.025,-1,Echolocation,/mnt/ubna_data_02_mir/recover-20220922/UBNA_001/20220921_090000.WAV,Telephone Field,recover-20220922,001,1795
905.6475,905.6542,28046,37160,Eptesicus serotinus,0.005,0.022,-1,Echolocation,/mnt/ubna_data_02_mir/recover-20220922/UBNA_001/20220921_090000.WAV,Telephone Field,recover-20220922,001,1795
905.6525,905.6949,68437,82609,Rhinolophus ferrumequinum,0.024,0.024,-1,Echolocation,/mnt/ubna_data_02_mir/recover-20220922/UBNA_001/20220921_090000.WAV,Telephone Field,recover-20220922,001,1795
905.6945,905.7323,68437,81841,Rhinolophus ferrumequinum,0.021,0.021,-1,Echolocation,/mnt/ubna_data_02_mir/recover-20220922/UBNA_001/20220921_090000.WAV,Telephone Field,recover-20220922,001,1795
905.7275,905.7349,24609,33923,Plecotus austriacus,0.008,0.021,-1,Echolocation,/mnt/ubna_data_02_mir/recover-20220922/UBNA_001/20220921_090000.WAV,Telephone Field,recover-20220922,001,1795
905.7465,905.7863,68437,82729,Rhinolophus ferrumequinum,0.022,0.022,-1,Echolocation,/mnt/ubna_data_02_mir/recover-20220922/UBNA_001/20220921_090000.WAV,Telephone Field,recover-20220922,001,1795
905.7565,905.7977,68437,82893,Rhinolophus ferrumequinum,0.028,0.028,-1,Echolocation,/mnt/ubna_data_02_mir/recover-20220922/UBNA_001/20220921_090000.WAV,Telephone Field,recover-20220922,001,1795
905.7845,905.8034,19453,22955,Nyctalus noctula,0.014,0.028,-1,Echolocation,/mnt/ubna_data_02_mir/recover-20220922/UBNA_001/20220921_090000.WAV,Telephone Field,recover-20220922,001,1795
905.7885,905.8274,68437,81776,Rhinolophus ferrumequinum,0.021,0.021,-1,Echolocation,/mnt/ubna_data_02_mir/recover-20220922/UBNA_001/20220921_090000.WAV,Telephone Field,recover-20220922,001,1795
905.7935,905.8326,68437,82028,Rhinolophus ferrumequinum,0.021,0.021,-1,Echolocation,/mnt/ubna_data_02_mir/recover-20220922/UBNA_001/20220921_090000.WAV,Telephone Field,recover-20220922,001,1795
905.8005,905.8181,22031,25961,Nyctalus leisleri,0.021,0.035,-1,Echolocation,/mnt/ubna_data_02_mir/recover-20220922/UBNA_001/20220921_090000.WAV,Telephone Field,recover-20220922,001,1795
905.8115,905.8185,28046,39766,Eptesicus serotinus,0.006,0.024,-1,Echolocation,/mnt/ubna_data_02_mir/recover-20220922/UBNA_001/20220921_090000.WAV,Telephone Field,recover-20220922,001,1795
905.8125,905.8519,68437,82446,Rhinolophus ferrumequinum,0.024,0.024,-1,Echolocation,/mnt/ubna_data_02_mir/recover-20220922/UBNA_001/20220921_090000.WAV,Telephone Field,recover-20220922,001,1795
905.8195,905.8579,68437,81684,Rhinolophus ferrumequinum,0.023,0.023,-1,Echolocation,/mnt/ubna_data_02_mir/recover-20220922/UBNA_001/20220921_090000.WAV,Telephone Field,recover-20220922,001,1795
905.8405,905.88,68437,82164,Rhinolophus ferrumequinum,0.032,0.032,-1,Echolocation,/mnt/ubna_data_02_mir/recover-20220922/UBNA_001/20220921_090000.WAV,Telephone Field,recover-20220922,001,1795
905.8495,905.8602,41796,44195,Pipistrellus pipistrellus,0.018,0.023,-1,Echolocation,/mnt/ubna_data_02_mir/recover-20220922/UBNA_001/20220921_090000.WAV,Telephone Field,recover-20220922,001,1795
905.8695,905.8885,20312,23459,Nyctalus leisleri,0.013,0.022,-1,Echolocation,/mnt/ubna_data_02_mir/recover-20220922/UBNA_001/20220921_090000.WAV,Telephone Field,recover-20220922,001,1795
905.8795,905.8864,28046,38358,Eptesicus serotinus,0.006,0.021,-1,Echolocation,/mnt/ubna_data_02_mir/recover-20220922/UBNA_001/20220921_090000.WAV,Telephone Field,recover-20220922,001,1795
905.8955,905.9331,68437,81709,Rhinolophus ferrumequinum,0.023,0.023,-1,Echolocation,/mnt/ubna_data_02_mir/recover-20220922/UBNA_001/20220921_090000.WAV,Telephone Field,recover-20220922,001,1795
905.9215,905.9595,68437,82111,Rhinolophus ferrumequinum,0.021,0.021,-1,Echolocation,/mnt/ubna_data_02_mir/recover-20220922/UBNA_001/20220921_090000.WAV,Telephone Field,recover-20220922,001,1795
905.9545,905.9998,68437,83534,Rhinolophus ferrumequinum,0.037,0.038,-1,Echolocation,/mnt/ubna_data_02_mir/recover-20220922/UBNA_001/20220921_090000.WAV,Telephone Field,recover-20220922,001,1795
905.9835,905.9919,26328,36294,Eptesicus serotinus,0.008,0.027,-1,Echolocation,/mnt/ubna_data_02_mir/recover-20220922/UBNA_001/20220921_090000.WAV,Telephone Field,recover-20220922,001,1795
906.0015,906.0115,27187,35870,Eptesicus serotinus,0.01,0.028,-1,Echolocation,/mnt/ubna_data_02_mir/recover-20220922/UBNA_001/20220921_090000.WAV,Telephone Field,recover-20220922,001,1795
906.0015,906.0101,47812,55285,Pipistrellus pipistrellus,0.016,0.023,-1,Echolocation,/mnt/ubna_data_02_mir/recover-20220922/UBNA_001/20220921_090000.WAV,Telephone Field,recover-20220922,001,1795
906.0015,906.0349,69296,81492,Rhinolophus ferrumequinum,0.033,0.033,-1,Echolocation,/mnt/ubna_data_02_mir/recover-20220922/UBNA_001/20220921_090000.WAV,Telephone Field,recover-20220922,001,1795
906.0075,906.0501,68437,82188,Rhinolophus ferrumequinum,0.027,0.027,-1,Echolocation,/mnt/ubna_data_02_mir/recover-20220922/UBNA_001/20220921_090000.WAV,Telephone Field,recover-20220922,001,1795
906.0335,906.0719,68437,82533,Rhinolophus ferrumequinum,0.023,0.023,-1,Echolocation,/mnt/ubna_data_02_mir/recover-20220922/UBNA_001/20220921_090000.WAV,Telephone Field,recover-20220922,001,1795
906.0355,906.0455,27187,38383,Eptesicus serotinus,0.015,0.027,-1,Echolocation,/mnt/ubna_data_02_mir/recover-20220922/UBNA_001/20220921_090000.WAV,Telephone Field,recover-20220922,001,1795
906.0365,906.0466,31484,39289,Eptesicus serotinus,0.011,0.027,-1,Echolocation,/mnt/ubna_data_02_mir/recover-20220922/UBNA_001/20220921_090000.WAV,Telephone Field,recover-20220922,001,1795
906.1185,906.1583,68437,81927,Rhinolophus ferrumequinum,0.039,0.039,-1,Echolocation,/mnt/ubna_data_02_mir/recover-20220922/UBNA_001/20220921_090000.WAV,Telephone Field,recover-20220922,001,1795
906.1845,906.2194,68437,81277,Rhinolophus ferrumequinum,0.026,0.026,-1,Echolocation,/mnt/ubna_data_02_mir/recover-20220922/UBNA_001/20220921_090000.WAV,Telephone Field,recover-20220922,001,1795
906.2295,906.268,68437,82081,Rhinolophus ferrumequinum,0.024,0.024,-1,Echolocation,/mnt/ubna_data_02_mir/recover-20220922/UBNA_001/20220921_090000.WAV,Telephone Field,recover-20220922,001,1795
906.2385,906.2465,23750,32387,Plecotus austriacus,0.012,0.03,-1,Echolocation,/mnt/ubna_data_02_mir/recover-20220922/UBNA_001/20220921_090000.WAV,Telephone Field,recover-20220922,001,1795
906.2635,906.2732,48671,52860,Pipistrellus pipistrellus,0.026,0.03,-1,Echolocation,/mnt/ubna_data_02_mir/recover-20220922/UBNA_001/20220921_090000.WAV,Telephone Field,recover-20220922,001,1795
906.2875,906.3273,68437,82175,Rhinolophus ferrumequinum,0.024,0.024,-1,Echolocation,/mnt/ubna_data_02_mir/recover-20220922/UBNA_001/20220921_090000.WAV,Telephone Field,recover-20220922,001,1795
906.2915,906.3058,22031,26347,Nyctalus leisleri,0.019,0.034,-1,Echolocation,/mnt/ubna_data_02_mir/recover-20220922/UBNA_001/20220921_090000.WAV,Telephone Field,recover-20220922,001,1795
906.2985,906.3389,68437,82553,Rhinolophus ferrumequinum,0.024,0.024,-1,Echolocation,/mnt/ubna_data_02_mir/recover-20220922/UBNA_001/20220921_090000.WAV,Telephone Field,recover-20220922,001,1795
906.3225,906.3621,68437,82498,Rhinolophus ferrumequinum,0.033,0.033,-1,Echolocation,/mnt/ubna_data_02_mir/recover-20220922/UBNA_001/20220921_090000.WAV,Telephone Field,recover-20220922,001,1795
906.3545,906.3956,68437,82535,Rhinolophus ferrumequinum,0.025,0.025,-1,Echolocation,/mnt/ubna_data_02_mir/recover-20220922/UBNA_001/20220921_090000.WAV,Telephone Field,recover-20220922,001,1795
906.3705,906.4114,68437,82826,Rhinolophus ferrumequinum,0.027,0.027,-1,Echolocation,/mnt/ubna_data_02_mir/recover-20220922/UBNA_001/20220921_090000.WAV,Telephone Field,recover-20220922,001,1795
906.3735,906.3955,18593,21149,Nyctalus noctula,0.013,0.025,-1,Echolocation,/mnt/ubna_data_02_mir/recover-20220922/UBNA_001/20220921_090000.WAV,Telephone Field,recover-20220922,001,1795
906.3935,906.4037,46953,52169,Pipistrellus pipistrellus,0.023,0.026,-1,Echolocation,/mnt/ubna_data_02_mir/recover-20220922/UBNA_001/20220921_090000.WAV,Telephone Field,recover-20220922,001,1795
906.3955,906.4073,28906,37000,Eptesicus serotinus,0.029,0.044,-1,Echolocation,/mnt/ubna_data_02_mir/recover-20220922/UBNA_001/20220921_090000.WAV,Telephone Field,recover-20220922,001,1795
906.4175,906.4576,68437,82894,Rhinolophus ferrumequinum,0.025,0.025,-1,Echolocation,/mnt/ubna_data_02_mir/recover-20220922/UBNA_001/20220921_090000.WAV,Telephone Field,recover-20220922,001,1795
906.4255,906.4341,22031,30241,Plecotus austriacus,0.016,0.045,-1,Echolocation,/mnt/ubna_data_02_mir/recover-20220922/UBNA_001/20220921_090000.WAV,Telephone Field,recover-20220922,001,1795
906.4485,906.4884,68437,82643,Rhinolophus ferrumequinum,0.028,0.028,-1,Echolocation,/mnt/ubna_data_02_mir/recover-20220922/UBNA_001/20220921_090000.WAV,Telephone Field,recover-20220922,001,1795
906.4835,906.5287,68437,83541,Rhinolophus ferrumequinum,0.06,0.06,-1,Echolocation,/mnt/ubna_data_02_mir/recover-20220922/UBNA_001/20220921_090000.WAV,Telephone Field,recover-20220922,001,1795
906.5355,906.5742,68437,82403,Rhinolophus ferrumequinum,0.026,0.026,-1,Echolocation,/mnt/ubna_data_02_mir/recover-20220922/UBNA_001/20220921_090000.WAV,Telephone Field,recover-20220922,001,1795
906.5425,906.5599,20312,23439,Nyctalus leisleri,0.018,0.03,-1,Echolocation,/mnt/ubna_data_02_mir/recover-20220922/UBNA_001/20220921_090000.WAV,Telephone Field,recover-20220922,001,1795
906.5475,906.5845,68437,82557,Rhinolophus ferrumequinum,0.024,0.024,-1,Echolocation,/mnt/ubna_data_02_mir/recover-20220922/UBNA_001/20220921_090000.WAV,Telephone Field,recover-20220922,001,1795
906.5725,906.6158,68437,83073,Rhinolophus ferrumequinum,0.051,0.051,-1,Echolocation,/mnt/ubna_data_02_mir/recover-20220922/UBNA_001/20220921_090000.WAV,Telephone Field,recover-20220922,001,1795
906.5985,906.6355,68437,81564,Rhinolophus ferrumequinum,0.026,0.026,-1,Echolocation,/mnt/ubna_data_02_mir/recover-20220922/UBNA_001/20220921_090000.WAV,Telephone Field,recover-20220922,001,1795
906.6105,906.6175,26328,36849,Eptesicus serotinus,0.01,0.033,-1,Echolocation,/mnt/ubna_data_02_mir/recover-20220922/UBNA_001/20220921_090000.WAV,Telephone Field,recover-20220922,001,1795
906.6255,906.6648,68437,82882,Rhinolophus ferrumequinum,0.024,0.024,-1,Echolocation,/mnt/ubna_data_02_mir/recover-20220922/UBNA_001/20220921_090000.WAV,Telephone Field,recover-20220922,001,1795
906.6565,906.6675,22031,26427,Nyctalus leisleri,0.012,0.023,-1,Echolocation,/mnt/ubna_data_02_mir/recover-20220922/UBNA_001/20220921_090000.WAV,Telephone Field,recover-20220922,001,1795
906.6675,906.7087,68437,83003,Rhinolophus ferrumequinum,0.029,0.029,-1,Echolocation,/mnt/ubna_data_02_mir/recover-20220922/UBNA_001/20220921_090000.WAV,Telephone Field,recover-20220922,001,1795
906.6935,906.7329,68437,82719,Rhinolophus ferrumequinum,0.033,0.033,-1,Echolocation,/mnt/ubna_data_02_mir/recover-20220922/UBNA_001/20220921_090000.WAV,Telephone Field,recover-20220922,001,1795
906.7025,906.7126,24609,31615,Nyctalus leisleri,0.011,0.031,-1,Echolocation,/mnt/ubna_data_02_mir/recover-20220922/UBNA_001/20220921_090000.WAV,Telephone Field,recover-20220922,001,1795
906.7115,906.7521,68437,82733,Rhinolophus ferrumequinum,0.023,0.023,-1,Echolocation,/mnt/ubna_data_02_mir/recover-20220922/UBNA_001/20220921_090000.WAV,Telephone Field,recover-20220922,001,1795
906.7335,906.7708,68437,82266,Rhinolophus ferrumequinum,0.028,0.028,-1,Echolocation,/mnt/ubna_data_02_mir/recover-20220922/UBNA_001/20220921_090000.WAV,Telephone Field,recover-20220922,001,1795
906.7505,906.7576,25468,34481,Plecotus auritus,0.01,0.034,-1,Echolocation,/mnt/ubna_data_02_mir/recover-20220922/UBNA_001/20220921_090000.WAV,Telephone Field,recover-20220922,001,1795
906.8125,906.8511,68437,82845,Rhinolophus ferrumequinum,0.025,0.025,-1,Echolocation,/mnt/ubna_data_02_mir/recover-20220922/UBNA_001/20220921_090000.WAV,Telephone Field,recover-20220922,001,1795
906.8365,906.852,22031,25997,Nyctalus leisleri,0.014,0.025,-1,Echolocation,/mnt/ubna_data_02_mir/recover-20220922/UBNA_001/20220921_090000.WAV,Telephone Field,recover-20220922,001,1795
906.8625,906.8697,51250,59434,Pipistrellus pipistrellus,0.042,0.053,-1,Echolocation,/mnt/ubna_data_02_mir/recover-20220922/UBNA_001/20220921_090000.WAV,Telephone Field,recover-20220922,001,1795
906.8645,906.8777,28046,34316,Eptesicus serotinus,0.019,0.032,-1,Echolocation,/mnt/ubna_data_02_mir/recover-20220922/UBNA_001/20220921_090000.WAV,Telephone Field,recover-20220922,001,1795
906.8715,906.9068,68437,81840,Rhinolophus ferrumequinum,0.023,0.023,-1,Echolocation,/mnt/ubna_data_02_mir/recover-20220922/UBNA_001/20220921_090000.WAV,Telephone Field,recover-20220922,001,1795
906.8765,906.9138,68437,82293,Rhinolophus ferrumequinum,0.023,0.023,-1,Echolocation,/mnt/ubna_data_02_mir/recover-20220922/UBNA_001/20220921_090000.WAV,Telephone Field,recover-20220922,001,1795
906.8895,906.899,28906,40243,Eptesicus serotinus,0.01,0.023,-1,Echolocation,/mnt/ubna_data_02_mir/recover-20220922/UBNA_001/20220921_090000.WAV,Telephone Field,recover-20220922,001,1795
906.9125,906.9534,68437,82440,Rhinolophus ferrumequinum,0.037,0.037,-1,Echolocation,/mnt/ubna_data_02_mir/recover-20220922/UBNA_001/20220921_090000.WAV,Telephone Field,recover-20220922,001,1795
906.9215,906.9313,22031,27144,Nyctalus leisleri,0.009,0.023,-1,Echolocation,/mnt/ubna_data_02_mir/recover-20220922/UBNA_001/20220921_090000.WAV,Telephone Field,recover-20220922,001,1795
906.9685,906.9798,23750,29564,Nyctalus leisleri,0.013,0.029,-1,Echolocation,/mnt/ubna_data_02_mir/recover-20220922/UBNA_001/20220921_090000.WAV,Telephone Field,recover-20220922,001,1795
906.9925,907.029,68437,81454,Rhinolophus ferrumequinum,0.027,0.027,-1,Echolocation,/mnt/ubna_data_02_mir/recover-20220922/UBNA_001/20220921_090000.WAV,Telephone Field,recover-20220922,001,1795
907.0035,907.0411,68437,82689,Rhinolophus ferrumequinum,0.023,0.023,-1,Echolocation,/mnt/ubna_data_02_mir/recover-20220922/UBNA_001/20220921_090000.WAV,Telephone Field,recover-20220922,001,1795
907.0365,907.0455,15156,22218,Nyctalus noctula,0.012,0.028,-1,Echolocation,/mnt/ubna_data_02_mir/recover-20220922/UBNA_001/20220921_090000.WAV,Telephone Field,recover-20220922,001,1795
907.0885,907.102,40937,44162,Pipistrellus nathusii,0.031,0.05,-1,Echolocation,/mnt/ubna_data_02_mir/recover-20220922/UBNA_001/20220921_090000.WAV,Telephone Field,recover-20220922,001,1795
907.0915,907.0985,27187,37954,Eptesicus serotinus,0.007,0.024,-1,Echolocation,/mnt/ubna_data_02_mir/recover-20220922/UBNA_001/20220921_090000.WAV,Telephone Field,recover-20220922,001,1795
907.1085,907.1457,68437,82102,Rhinolophus ferrumequinum,0.028,0.028,-1,Echolocation,/mnt/ubna_data_02_mir/recover-20220922/UBNA_001/20220921_090000.WAV,Telephone Field,recover-20220922,001,1795
907.1245,907.1424,18593,22657,Nyctalus noctula,0.014,0.024,-1,Echolocation,/mnt/ubna_data_02_mir/recover-20220922/UBNA_001/20220921_090000.WAV,Telephone Field,recover-20220922,001,1795
907.1535,907.1647,22890,28023,Nyctalus leisleri,0.015,0.031,-1,Echolocation,/mnt/ubna_data_02_mir/recover-20220922/UBNA_001/20220921_090000.WAV,Telephone Field,recover-20220922,001,1795
907.1535,907.1933,68437,82339,Rhinolophus ferrumequinum,0.024,0.024,-1,Echolocation,/mnt/ubna_data_02_mir/recover-20220922/UBNA_001/20220921_090000.WAV,Telephone Field,recover-20220922,001,1795
907.1985,907.2096,53828,59183,Pipistrellus pygmaeus,0.015,0.023,-1,Echolocation,/mnt/ubna_data_02_mir/recover-20220922/UBNA_001/20220921_090000.WAV,Telephone Field,recover-20220922,001,1795
907.2085,907.248,68437,82066,Rhinolophus ferrumequinum,0.025,0.025,-1,Echolocation,/mnt/ubna_data_02_mir/recover-20220922/UBNA_001/20220921_090000.WAV,Telephone Field,recover-20220922,001,1795
907.2295,907.2739,68437,82877,Rhinolophus ferrumequinum,0.032,0.032,-1,Echolocation,/mnt/ubna_data_02_mir/recover-20220922/UBNA_001/20220921_090000.WAV,Telephone Field,recover-20220922,001,1795
907.2475,907.2859,68437,82444,Rhinolophus ferrumequinum,0.027,0.027,-1,Echolocation,/mnt/ubna_data_02_mir/recover-20220922/UBNA_001/20220921_090000.WAV,Telephone Field,recover-20220922,001,1795
907.2635,907.3025,68437,82086,Rhinolophus ferrumequinum,0.024,0.024,-1,Echolocation,/mnt/ubna_data_02_mir/recover-20220922/UBNA_001/20220921_090000.WAV,Telephone Field,recover-20220922,001,1795
907.3205,907.3606,68437,82630,Rhinolophus ferrumequinum,0.024,0.024,-1,Echolocation,/mnt/ubna_data_02_mir/recover-20220922/UBNA_001/20220921_090000.WAV,Telephone Field,recover-20220922,001,1795
907.3475,907.3547,24609,34148,Plecotus austriacus,0.012,0.033,-1,Echolocation,/mnt/ubna_data_02_mir/recover-20220922/UBNA_001/20220921_090000.WAV,Telephone Field,recover-20220922,001,1795
907.3635,907.4054,68437,82749,Rhinolophus ferrumequinum,0.025,0.025,-1,Echolocation,/mnt/ubna_data_02_mir/recover-20220922/UBNA_001/20220921_090000.WAV,Telephone Field,recover-20220922,001,1795
907.3735,907.4142,68437,82785,Rhinolophus ferrumequinum,0.025,0.025,-1,Echolocation,/mnt/ubna_data_02_mir/recover-20220922/UBNA_001/20220921_090000.WAV,Telephone Field,recover-20220922,001,1795
907.3785,907.3866,28906,39669,Eptesicus serotinus,0.009,0.024,-1,Echolocation,/mnt/ubna_data_02_mir/recover-20220922/UBNA_001/20220921_090000.WAV,Telephone Field,recover-20220922,001,1795
907.3895,907.4006,46093,49711,Pipistrellus pipistrellus,0.021,0.024,-1,Echolocation,/mnt/ubna_data_02_mir/recover-20220922/UBNA_001/20220921_090000.WAV,Telephone Field,recover-20220922,001,1795
907.3955,907.4043,24609,32507,Plecotus austriacus,0.008,0.028,-1,Echolocation,/mnt/ubna_data_02_mir/recover-20220922/UBNA_001/20220921_090000.WAV,Telephone Field,recover-20220922,001,1795
907.4015,907.4415,68437,82671,Rhinolophus ferrumequinum,0.024,0.024,-1,Echolocation,/mnt/ubna_data_02_mir/recover-20220922/UBNA_001/20220921_090000.WAV,Telephone Field,recover-20220922,001,1795
907.4395,907.4476,27187,37226,Eptesicus serotinus,0.01,0.024,-1,Echolocation,/mnt/ubna_data_02_mir/recover-20220922/UBNA_001/20220921_090000.WAV,Telephone Field,recover-20220922,001,1795
907.4555,907.495,68437,81884,Rhinolophus ferrumequinum,0.024,0.024,-1,Echolocation,/mnt/ubna_data_02_mir/recover-20220922/UBNA_001/20220921_090000.WAV,Telephone Field,recover-20220922,001,1795
907.4625,907.5007,68437,82239,Rhinolophus ferrumequinum,0.027,0.027,-1,Echolocation,/mnt/ubna_data_02_mir/recover-20220922/UBNA_001/20220921_090000.WAV,Telephone Field,recover-20220922,001,1795
907.4795,907.522,68437,83174,Rhinolophus ferrumequinum,0.031,0.031,-1,Echolocation,/mnt/ubna_data_02_mir/recover-20220922/UBNA_001/20220921_090000.WAV,Telephone Field,recover-20220922,001,1795
907.5085,907.5475,68437,82233,Rhinolophus ferrumequinum,0.03,0.03,-1,Echolocation,/mnt/ubna_data_02_mir/recover-20220922/UBNA_001/20220921_090000.WAV,Telephone Field,recover-20220922,001,1795
907.5335,907.5712,68437,81630,Rhinolophus ferrumequinum,0.024,0.024,-1,Echolocation,/mnt/ubna_data_02_mir/recover-20220922/UBNA_001/20220921_090000.WAV,Telephone Field,recover-20220922,001,1795
907.5385,907.546,50390,58483,Pipistrellus pipistrellus,0.022,0.027,-1,Echolocation,/mnt/ubna_data_02_mir/recover-20220922/UBNA_001/20220921_090000.WAV,Telephone Field,recover-20220922,001,1795
907.5445,907.5848,68437,82389,Rhinolophus ferrumequinum,0.024,0.024,-1,Echolocation,/mnt/ubna_data_02_mir/recover-20220922/UBNA_001/20220921_090000.WAV,Telephone Field,recover-20220922,001,1795
907.5605,907.6035,68437,83258,Rhinolophus ferrumequinum,0.044,0.044,-1,Echolocation,/mnt/ubna_data_02_mir/recover-20220922/UBNA_001/20220921_090000.WAV,Telephone Field,recover-20220922,001,1795
907.5935,907.6342,68437,82677,Rhinolophus ferrumequinum,0.03,0.03,-1,Echolocation,/mnt/ubna_data_02_mir/recover-20220922/UBNA_001/20220921_090000.WAV,Telephone Field,recover-20220922,001,1795
907.6015,907.6114,25468,34326,Eptesicus serotinus,0.008,0.025,-1,Echolocation,/mnt/ubna_data_02_mir/recover-20220922/UBNA_001/20220921_090000.WAV,Telephone Field,recover-20220922,001,1795
907.6125,907.649,68437,82095,Rhinolophus ferrumequinum,0.023,0.023,-1,Echolocation,/mnt/ubna_data_02_mir/recover-20220922/UBNA_001/20220921_090000.WAV,Telephone Field,recover-20220922,001,1795
907.6465,907.6855,68437,82149,Rhinolophus ferrumequinum,0.024,0.024,-1,Echolocation,/mnt/ubna_data_02_mir/recover-20220922/UBNA_001/20220921_090000.WAV,Telephone Field,recover-20220922,001,1795
907.6525,907.6904,68437,81917,Rhinolophus ferrumequinum,0.025,0.025,-1,Echolocation,/mnt/ubna_data_02_mir/recover-20220922/UBNA_001/20220921_090000.WAV,Telephone Field,recover-20220922,001,1795
907.6955,907.7368,68437,82603,Rhinolophus ferrumequinum,0.033,0.033,-1,Echolocation,/mnt/ubna_data_02_mir/recover-20220922/UBNA_001/20220921_090000.WAV,Telephone Field,recover-20220922,001,1795
907.7265,907.7691,68437,83409,Rhinolophus ferrumequinum,0.034,0.034,-1,Echolocation,/mnt/ubna_data_02_mir/recover-20220922/UBNA_001/20220921_090000.WAV,Telephone Field,recover-20220922,001,1795
907.7605,907.7717,28046,35634,Eptesicus serotinus,0.013,0.025,-1,Echolocation,/mnt/ubna_data_02_mir/recover-20220922/UBNA_001/20220921_090000.WAV,Telephone Field,recover-20220922,001,1795
907.7685,907.7786,57265,63352,Pipistrellus pygmaeus,0.041,0.043,-1,Echolocation,/mnt/ubna_data_02_mir/recover-20220922/UBNA_001/20220921_090000.WAV,Telephone Field,recover-20220922,001,1795
907.7715,907.8089,68437,82536,Rhinolophus ferrumequinum,0.026,0.026,-1,Echolocation,/mnt/ubna_data_02_mir/recover-20220922/UBNA_001/20220921_090000.WAV,Telephone Field,recover-20220922,001,1795
907.7725,907.7814,28906,40861,Eptesicus serotinus,0.01,0.029,-1,Echolocation,/mnt/ubna_data_02_mir/recover-20220922/UBNA_001/20220921_090000.WAV,Telephone Field,recover-20220922,001,1795
907.8015,907.8089,23750,33021,Plecotus austriacus,0.011,0.025,-1,Echolocation,/mnt/ubna_data_02_mir/recover-20220922/UBNA_001/20220921_090000.WAV,Telephone Field,recover-20220922,001,1795
907.8045,907.839,68437,81087,Rhinolophus ferrumequinum,0.026,0.026,-1,Echolocation,/mnt/ubna_data_02_mir/recover-20220922/UBNA_001/20220921_090000.WAV,Telephone Field,recover-20220922,001,1795
907.8265,907.8629,68437,81594,Rhinolophus ferrumequinum,0.031,0.031,-1,Echolocation,/mnt/ubna_data_02_mir/recover-20220922/UBNA_001/20220921_090000.WAV,Telephone Field,recover-20220922,001,1795
907.8475,907.8868,68437,82457,Rhinolophus ferrumequinum,0.027,0.027,-1,Echolocation,/mnt/ubna_data_02_mir/recover-20220922/UBNA_001/20220921_090000.WAV,Telephone Field,recover-20220922,001,1795
907.8665,907.9074,68437,82786,Rhinolophus ferrumequinum,0.025,0.025,-1,Echolocation,/mnt/ubna_data_02_mir/recover-20220922/UBNA_001/20220921_090000.WAV,Telephone Field,recover-20220922,001,1795
907.8825,907.9227,68437,82357,Rhinolophus ferrumequinum,0.024,0.024,-1,Echolocation,/mnt/ubna_data_02_mir/recover-20220922/UBNA_001/20220921_090000.WAV,Telephone Field,recover-20220922,001,1795
907.9215,907.9599,68437,82190,Rhinolophus ferrumequinum,0.024,0.024,-1,Echolocation,/mnt/ubna_data_02_mir/recover-20220922/UBNA_001/20220921_090000.WAV,Telephone Field,recover-20220922,001,1795
907.9295,907.9692,68437,82087,Rhinolophus ferrumequinum,0.023,0.023,-1,Echolocation,/mnt/ubna_data_02_mir/recover-20220922/UBNA_001/20220921_090000.WAV,Telephone Field,recover-20220922,001,1795
907.9585,907.9973,68437,82538,Rhinolophus ferrumequinum,0.025,0.025,-1,Echolocation,/mnt/ubna_data_02_mir/recover-20220922/UBNA_001/20220921_090000.WAV,Telephone Field,recover-20220922,001,1795
908.0015,908.0324,69296,81021,Rhinolophus ferrumequinum,0.028,0.028,-1,Echolocation,/mnt/ubna_data_02_mir/recover-20220922/UBNA_001/20220921_090000.WAV,Telephone Field,recover-20220922,001,1795
908.0015,908.0132,47812,55120,Pipistrellus pipistrellus,0.019,0.025,-1,Echolocation,/mnt/ubna_data_02_mir/recover-20220922/UBNA_001/20220921_090000.WAV,Telephone Field,recover-20220922,001,1795
908.0015,908.0096,26328,35209,Nyctalus leisleri,0.01,0.027,-1,Echolocation,/mnt/ubna_data_02_mir/recover-20220922/UBNA_001/20220921_090000.WAV,Telephone Field,recover-20220922,001,1795
908.0375,908.0748,68437,81845,Rhinolophus ferrumequinum,0.022,0.022,-1,Echolocation,/mnt/ubna_data_02_mir/recover-20220922/UBNA_001/20220921_090000.WAV,Telephone Field,recover-20220922,001,1795
908.0445,908.0539,24609,31887,Nyctalus leisleri,0.007,0.022,-1,Echolocation,/mnt/ubna_data_02_mir/recover-20220922/UBNA_001/20220921_090000.WAV,Telephone Field,recover-20220922,001,1795
908.0505,908.0922,68437,82721,Rhinolophus ferrumequinum,0.023,0.023,-1,Echolocation,/mnt/ubna_data_02_mir/recover-20220922/UBNA_001/20220921_090000.WAV,Telephone Field,recover-20220922,001,1795
908.0545,908.0665,22031,25523,Nyctalus leisleri,0.014,0.022,-1,Echolocation,/mnt/ubna_data_02_mir/recover-20220922/UBNA_001/20220921_090000.WAV,Telephone Field,recover-20220922,001,1795
908.0985,908.1343,68437,81116,Rhinolophus ferrumequinum,0.024,0.025,-1,Echolocation,/mnt/ubna_data_02_mir/recover-20220922/UBNA_001/20220921_090000.WAV,Telephone Field,recover-20220922,001,1795
908.1125,908.1486,68437,81228,Rhinolophus ferrumequinum,0.023,0.023,-1,Echolocation,/mnt/ubna_data_02_mir/recover-20220922/UBNA_001/20220921_090000.WAV,Telephone Field,recover-20220922,001,1795
908.1315,908.1407,28046,35447,Eptesicus serotinus,0.008,0.022,-1,Echolocation,/mnt/ubna_data_02_mir/recover-20220922/UBNA_001/20220921_090000.WAV,Telephone Field,recover-20220922,001,1795
908.1375,908.1736,68437,81252,Rhinolophus ferrumequinum,0.024,0.024,-1,Echolocation,/mnt/ubna_data_02_mir/recover-20220922/UBNA_001/20220921_090000.WAV,Telephone Field,recover-20220922,001,1795
908.1535,908.19,68437,81788,Rhinolophus ferrumequinum,0.023,0.023,-1,Echolocation,/mnt/ubna_data_02_mir/recover-20220922/UBNA_001/20220921_090000.WAV,Telephone Field,recover-20220922,001,1795
908.1785,908.2169,68437,81420,Rhinolophus ferrumequinum,0.025,0.025,-1,Echolocation,/mnt/ubna_data_02_mir/recover-20220922/UBNA_001/20220921_090000.WAV,Telephone Field,recover-20220922,001,1795
908.1815,908.1929,33203,38601,Eptesicus serotinus,0.007,0.026,-1,Echolocation,/mnt/ubna_data_02_mir/recover-20220922/UBNA_001/20220921_090000.WAV,Telephone Field,recover-20220922,001,1795
908.2035,908.2119,45234,51875,Pipistrellus pipistrellus,0.02,0.027,-1,Echolocation,/mnt/ubna_data_02_mir/recover-20220922/UBNA_001/20220921_090000.WAV,Telephone Field,recover-20220922,001,1795
908.2065,908.2444,68437,82207,Rhinolophus ferrumequinum,0.022,0.022,-1,Echolocation,/mnt/ubna_data_02_mir/recover-20220922/UBNA_001/20220921_090000.WAV,Telephone Field,recover-20220922,001,1795
908.2095,908.22,23750,30341,Nyctalus leisleri,0.01,0.024,-1,Echolocation,/mnt/ubna_data_02_mir/recover-20220922/UBNA_001/20220921_090000.WAV,Telephone Field,recover-20220922,001,1795
908.2235,908.2685,68437,83426,Rhinolophus ferrumequinum,0.069,0.069,-1,Echolocation,/mnt/ubna_data_02_mir/recover-20220922/UBNA_001/20220921_090000.WAV,Telephone Field,recover-20220922,001,1795
908.2555,908.2943,68437,82431,Rhinolophus ferrumequinum,0.023,0.023,-1,Echolocation,/mnt/ubna_data_02_mir/recover-20220922/UBNA_001/20220921_090000.WAV,Telephone Field,recover-20220922,001,1795
908.3225,908.3606,68437,82050,Rhinolophus ferrumequinum,0.022,0.022,-1,Echolocation,/mnt/ubna_data_02_mir/recover-20220922/UBNA_001/20220921_090000.WAV,Telephone Field,recover-20220922,001,1795
908.3305,908.346,29765,34258,Eptesicus serotinus,0.016,0.029,-1,Echolocation,/mnt/ubna_data_02_mir/recover-20220922/UBNA_001/20220921_090000.WAV,Telephone Field,recover-20220922,001,1795
908.3375,908.3779,68437,82170,Rhinolophus ferrumequinum,0.022,0.022,-1,Echolocation,/mnt/ubna_data_02_mir/recover-20220922/UBNA_001/20220921_090000.WAV,Telephone Field,recover-20220922,001,1795
908.3535,908.3685,23750,26852,Nyctalus leisleri,0.023,0.035,-1,Echolocation,/mnt/ubna_data_02_mir/recover-20220922/UBNA_001/20220921_090000.WAV,Telephone Field,recover-20220922,001,1795
908.3555,908.3949,68437,82146,Rhinolophus ferrumequinum,0.023,0.023,-1,Echolocation,/mnt/ubna_data_02_mir/recover-20220922/UBNA_001/20220921_090000.WAV,Telephone Field,recover-20220922,001,1795
908.3675,908.4035,68437,82001,Rhinolophus ferrumequinum,0.025,0.025,-1,Echolocation,/mnt/ubna_data_02_mir/recover-20220922/UBNA_001/20220921_090000.WAV,Telephone Field,recover-20220922,001,1795
908.3995,908.4373,68437,82078,Rhinolophus ferrumequinum,0.025,0.025,-1,Echolocation,/mnt/ubna_data_02_mir/recover-20220922/UBNA_001/20220921_090000.WAV,Telephone Field,recover-20220922,001,1795
908.4095,908.4182,28046,38312,Eptesicus serotinus,0.009,0.025,-1,Echolocation,/mnt/ubna_data_02_mir/recover-20220922/UBNA_001/20220921_090000.WAV,Telephone Field,recover-20220922,001,1795
908.4195,908.4531,68437,80572,Rhinolophus ferrumequinum,0.025,0.025,-1,Echolocation,/mnt/ubna_data_02_mir/recover-20220922/UBNA_001/20220921_090000.WAV,Telephone Field,recover-20220922,001,1795
908.4235,908.4329,30625,38797,Eptesicus serotinus,0.009,0.028,-1,Echolocation,/mnt/ubna_data_02_mir/recover-20220922/UBNA_001/20220921_090000.WAV,Telephone Field,recover-20220922,001,1795
908.4265,908.4373,22890,28308,Nyctalus leisleri,0.011,0.023,-1,Echolocation,/mnt/ubna_data_02_mir/recover-20220922/UBNA_001/20220921_090000.WAV,Telephone Field,recover-20220922,001,1795
908.4465,908.4862,68437,82433,Rhinolophus ferrumequinum,0.024,0.024,-1,Echolocation,/mnt/ubna_data_02_mir/recover-20220922/UBNA_001/20220921_090000.WAV,Telephone Field,recover-20220922,001,1795
908.4775,908.5174,68437,82445,Rhinolophus ferrumequinum,0.025,0.025,-1,Echolocation,/mnt/ubna_data_02_mir/recover-20220922/UBNA_001/20220921_090000.WAV,Telephone Field,recover-20220922,001,1795
908.4845,908.5259,68437,82642,Rhinolophus ferrumequinum,0.031,0.031,-1,Echolocation,/mnt/ubna_data_02_mir/recover-20220922/UBNA_001/20220921_090000.WAV,Telephone Field,recover-20220922,001,1795
908.5005,908.5223,18593,20724,Nyctalus leisleri,0.011,0.022,-1,Echolocation,/mnt/ubna_data_02_mir/recover-20220922/UBNA_001/20220921_090000.WAV,Telephone Field,recover-20220922,001,1795
908.5105,908.5498,68437,82142,Rhinolophus ferrumequinum,0.023,0.023,-1,Echolocation,/mnt/ubna_data_02_mir/recover-20220922/UBNA_001/20220921_090000.WAV,Telephone Field,recover-20220922,001,1795
908.5315,908.574,68437,83021,Rhinolophus ferrumequinum,0.028,0.028,-1,Echolocation,/mnt/ubna_data_02_mir/recover-20220922/UBNA_001/20220921_090000.WAV,Telephone Field,recover-20220922,001,1795
908.5615,908.5701,28046,40559,Eptesicus serotinus,0.008,0.023,-1,Echolocation,/mnt/ubna_data_02_mir/recover-20220922/UBNA_001/20220921_090000.WAV,Telephone Field,recover-20220922,001,1795
908.5655,908.6036,68437,81826,Rhinolophus ferrumequinum,0.023,0.023,-1,Echolocation,/mnt/ubna_data_02_mir/recover-20220922/UBNA_001/20220921_090000.WAV,Telephone Field,recover-20220922,001,1795
908.5805,908.5879,27187,40369,Eptesicus serotinus,0.007,0.022,-1,Echolocation,/mnt/ubna_data_02_mir/recover-20220922/UBNA_001/20220921_090000.WAV,Telephone Field,recover-20220922,001,1795
908.5915,908.631,68437,81768,Rhinolophus ferrumequinum,0.023,0.023,-1,Echolocation,/mnt/ubna_data_02_mir/recover-20220922/UBNA_001/20220921_090000.WAV,Telephone Field,recover-20220922,001,1795
908.6105,908.6461,68437,80846,Rhinolophus ferrumequinum,0.022,0.022,-1,Echolocation,/mnt/ubna_data_02_mir/recover-20220922/UBNA_001/20220921_090000.WAV,Telephone Field,recover-20220922,001,1795
908.6295,908.6696,68437,82516,Rhinolophus ferrumequinum,0.022,0.022,-1,Echolocation,/mnt/ubna_data_02_mir/recover-20220922/UBNA_001/20220921_090000.WAV,Telephone Field,recover-20220922,001,1795
908.6455,908.6545,22031,28688,Plecotus austriacus,0.01,0.024,-1,Echolocation,/mnt/ubna_data_02_mir/recover-20220922/UBNA_001/20220921_090000.WAV,Telephone Field,recover-20220922,001,1795
908.6465,908.6889,68437,82597,Rhinolophus ferrumequinum,0.032,0.032,-1,Echolocation,/mnt/ubna_data_02_mir/recover-20220922/UBNA_001/20220921_090000.WAV,Telephone Field,recover-20220922,001,1795
908.6715,908.7107,68437,82116,Rhinolophus ferrumequinum,0.023,0.023,-1,Echolocation,/mnt/ubna_data_02_mir/recover-20220922/UBNA_001/20220921_090000.WAV,Telephone Field,recover-20220922,001,1795
908.6795,908.688,31484,40110,Myotis daubentonii,0.009,0.027,-1,Echolocation,/mnt/ubna_data_02_mir/recover-20220922/UBNA_001/20220921_090000.WAV,Telephone Field,recover-20220922,001,1795
908.6915,908.7357,68437,83329,Rhinolophus ferrumequinum,0.063,0.063,-1,Echolocation,/mnt/ubna_data_02_mir/recover-20220922/UBNA_001/20220921_090000.WAV,Telephone Field,recover-20220922,001,1795
908.7145,908.753,68437,82029,Rhinolophus ferrumequinum,0.022,0.022,-1,Echolocation,/mnt/ubna_data_02_mir/recover-20220922/UBNA_001/20220921_090000.WAV,Telephone Field,recover-20220922,001,1795
908.7195,908.7327,51250,56866,Pipistrellus pipistrellus,0.031,0.039,-1,Echolocation,/mnt/ubna_data_02_mir/recover-20220922/UBNA_001/20220921_090000.WAV,Telephone Field,recover-20220922,001,1795
908.7395,908.7795,68437,82539,Rhinolophus ferrumequinum,0.028,0.028,-1,Echolocation,/mnt/ubna_data_02_mir/recover-20220922/UBNA_001/20220921_090000.WAV,Telephone Field,recover-20220922,001,1795
908.7635,908.8024,68437,81857,Rhinolophus ferrumequinum,0.028,0.028,-1,Echolocation,/mnt/ubna_data_02_mir/recover-20220922/UBNA_001/20220921_090000.WAV,Telephone Field,recover-20220922,001,1795
908.7755,908.8111,68437,81155,Rhinolophus ferrumequinum,0.022,0.023,-1,Echolocation,/mnt/ubna_data_02_mir/recover-20220922/UBNA_001/20220921_090000.WAV,Telephone Field,recover-20220922,001,1795
908.7865,908.8275,68437,82806,Rhinolophus ferrumequinum,0.028,0.028,-1,Echolocation,/mnt/ubna_data_02_mir/recover-20220922/UBNA_001/20220921_090000.WAV,Telephone Field,recover-20220922,001,1795
908.8175,908.8534,68437,81456,Rhinolophus ferrumequinum,0.027,0.028,-1,Echolocation,/mnt/ubna_data_02_mir/recover-20220922/UBNA_001/20220921_090000.WAV,Telephone Field,recover-20220922,001,1795
908.8385,908.8796,68437,83034,Rhinolophus ferrumequinum,0.04,0.04,-1,Echolocation,/mnt/ubna_data_02_mir/recover-20220922/UBNA_001/20220921_090000.WAV,Telephone Field,recover-20220922,001,1795
908.8515,908.8894,68437,82614,Rhinolophus ferrumequinum,0.022,0.022,-1,Echolocation,/mnt/ubna_data_02_mir/recover-20220922/UBNA_001/20220921_090000.WAV,Telephone Field,recover-20220922,001,1795
908.8795,908.9196,68437,82663,Rhinolophus ferrumequinum,0.026,0.026,-1,Echolocation,/mnt/ubna_data_02_mir/recover-20220922/UBNA_001/20220921_090000.WAV,Telephone Field,recover-20220922,001,1795
908.9055,908.9431,68437,81978,Rhinolophus ferrumequinum,0.023,0.023,-1,Echolocation,/mnt/ubna_data_02_mir/recover-20220922/UBNA_001/20220921_090000.WAV,Telephone Field,recover-20220922,001,1795
908.9555,908.9658,27187,35674,Eptesicus serotinus,0.014,0.028,-1,Echolocation,/mnt/ubna_data_02_mir/recover-20220922/UBNA_001/20220921_090000.WAV,Telephone Field,recover-20220922,001,1795
908.9625,908.9741,24609,31561,Eptesicus serotinus,0.012,0.027,-1,Echolocation,/mnt/ubna_data_02_mir/recover-20220922/UBNA_001/20220921_090000.WAV,Telephone Field,recover-20220922,001,1795
908.9665,908.9743,15156,27138,Plecotus auritus,0.029,0.041,-1,Echolocation,/mnt/ubna_data_02_mir/recover-20220922/UBNA_001/20220921_090000.WAV,Telephone Field,recover-20220922,001,1795
908.9785,909.0188,68437,82800,Rhinolophus ferrumequinum,0.031,0.031,-1,Echolocation,/mnt/ubna_data_02_mir/recover-20220922/UBNA_001/20220921_090000.WAV,Telephone Field,recover-20220922,001,1795
909.0265,909.0391,27187,33543,Eptesicus serotinus,0.017,0.031,-1,Echolocation,/mnt/ubna_data_02_mir/recover-20220922/UBNA_001/20220921_090000.WAV,Telephone Field,recover-20220922,001,1795
909.0285,909.068,68437,82350,Rhinolophus ferrumequinum,0.024,0.024,-1,Echolocation,/mnt/ubna_data_02_mir/recover-20220922/UBNA_001/20220921_090000.WAV,Telephone Field,recover-20220922,001,1795
909.0445,909.0525,28046,38170,Eptesicus serotinus,0.008,0.023,-1,Echolocation,/mnt/ubna_data_02_mir/recover-20220922/UBNA_001/20220921_090000.WAV,Telephone Field,recover-20220922,001,1795
909.0545,909.0939,68437,82223,Rhinolophus ferrumequinum,0.026,0.026,-1,Echolocation,/mnt/ubna_data_02_mir/recover-20220922/UBNA_001/20220921_090000.WAV,Telephone Field,recover-20220922,001,1795
909.0585,909.0695,22890,26996,Nyctalus leisleri,0.012,0.023,-1,Echolocation,/mnt/ubna_data_02_mir/recover-20220922/UBNA_001/20220921_090000.WAV,Telephone Field,recover-20220922,001,1795
909.1015,909.1414,68437,82243,Rhinolophus ferrumequinum,0.026,0.026,-1,Echolocation,/mnt/ubna_data_02_mir/recover-20220922/UBNA_001/20220921_090000.WAV,Telephone Field,recover-20220922,001,1795
909.1105,909.1496,68437,81329,Rhinolophus ferrumequinum,0.023,0.023,-1,Echolocation,/mnt/ubna_data_02_mir/recover-20220922/UBNA_001/20220921_090000.WAV,Telephone Field,recover-20220922,001,1795
909.1245,909.1665,68437,83356,Rhinolophus ferrumequinum,0.058,0.058,-1,Echolocation,/mnt/ubna_data_02_mir/recover-20220922/UBNA_001/20220921_090000.WAV,Telephone Field,recover-20220922,001,1795
909.1395,909.1475,27187,35888,Eptesicus serotinus,0.01,0.026,-1,Echolocation,/mnt/ubna_data_02_mir/recover-20220922/UBNA_001/20220921_090000.WAV,Telephone Field,recover-20220922,001,1795
909.1645,909.203,68437,81550,Rhinolophus ferrumequinum,0.023,0.023,-1,Echolocation,/mnt/ubna_data_02_mir/recover-20220922/UBNA_001/20220921_090000.WAV,Telephone Field,recover-20220922,001,1795
909.1715,909.2093,68437,82320,Rhinolophus ferrumequinum,0.025,0.025,-1,Echolocation,/mnt/ubna_data_02_mir/recover-20220922/UBNA_001/20220921_090000.WAV,Telephone Field,recover-20220922,001,1795
909.1785,909.1852,51250,56065,Pipistrellus pipistrellus,0.02,0.022,-1,Echolocation,/mnt/ubna_data_02_mir/recover-20220922/UBNA_001/20220921_090000.WAV,Telephone Field,recover-20220922,001,1795
909.2005,909.2424,68437,82792,Rhinolophus ferrumequinum,0.027,0.027,-1,Echolocation,/mnt/ubna_data_02_mir/recover-20220922/UBNA_001/20220921_090000.WAV,Telephone Field,recover-20220922,001,1795
909.2265,909.2647,68437,82187,Rhinolophus ferrumequinum,0.024,0.024,-1,Echolocation,/mnt/ubna_data_02_mir/recover-20220922/UBNA_001/20220921_090000.WAV,Telephone Field,recover-20220922,001,1795
909.2415,909.2562,51250,54413,Pipistrellus pygmaeus,0.016,0.029,-1,Echolocation,/mnt/ubna_data_02_mir/recover-20220922/UBNA_001/20220921_090000.WAV,Telephone Field,recover-20220922,001,1795
909.2445,909.2836,68437,82471,Rhinolophus ferrumequinum,0.03,0.03,-1,Echolocation,/mnt/ubna_data_02_mir/recover-20220922/UBNA_001/20220921_090000.WAV,Telephone Field,recover-20220922,001,1795
909.2465,909.2564,28046,36870,Eptesicus serotinus,0.014,0.027,-1,Echolocation,/mnt/ubna_data_02_mir/recover-20220922/UBNA_001/20220921_090000.WAV,Telephone Field,recover-20220922,001,1795
909.2965,909.3053,22890,30093,Plecotus austriacus,0.01,0.026,-1,Echolocation,/mnt/ubna_data_02_mir/recover-20220922/UBNA_001/20220921_090000.WAV,Telephone Field,recover-20220922,001,1795
909.3305,909.3397,27187,35937,Eptesicus serotinus,0.008,0.022,-1,Echolocation,/mnt/ubna_data_02_mir/recover-20220922/UBNA_001/20220921_090000.WAV,Telephone Field,recover-20220922,001,1795
909.3505,909.3917,68437,82589,Rhinolophus ferrumequinum,0.035,0.035,-1,Echolocation,/mnt/ubna_data_02_mir/recover-20220922/UBNA_001/20220921_090000.WAV,Telephone Field,recover-20220922,001,1795
909.3765,909.4163,68437,82233,Rhinolophus ferrumequinum,0.023,0.023,-1,Echolocation,/mnt/ubna_data_02_mir/recover-20220922/UBNA_001/20220921_090000.WAV,Telephone Field,recover-20220922,001,1795
909.3875,909.404,23750,27664,Nyctalus leisleri,0.026,0.047,-1,Echolocation,/mnt/ubna_data_02_mir/recover-20220922/UBNA_001/20220921_090000.WAV,Telephone Field,recover-20220922,001,1795
909.4085,909.4459,68437,81483,Rhinolophus ferrumequinum,0.022,0.022,-1,Echolocation,/mnt/ubna_data_02_mir/recover-20220922/UBNA_001/20220921_090000.WAV,Telephone Field,recover-20220922,001,1795
909.4275,909.4681,68437,82536,Rhinolophus ferrumequinum,0.023,0.023,-1,Echolocation,/mnt/ubna_data_02_mir/recover-20220922/UBNA_001/20220921_090000.WAV,Telephone Field,recover-20220922,001,1795
909.4355,909.4749,68437,82378,Rhinolophus ferrumequinum,0.023,0.023,-1,Echolocation,/mnt/ubna_data_02_mir/recover-20220922/UBNA_001/20220921_090000.WAV,Telephone Field,recover-20220922,001,1795
909.4425,909.4853,68437,83411,Rhinolophus ferrumequinum,0.027,0.027,-1,Echolocation,/mnt/ubna_data_02_mir/recover-20220922/UBNA_001/20220921_090000.WAV,Telephone Field,recover-20220922,001,1795
909.4875,909.5256,68437,81473,Rhinolophus ferrumequinum,0.025,0.025,-1,Echolocation,/mnt/ubna_data_02_mir/recover-20220922/UBNA_001/20220921_090000.WAV,Telephone Field,recover-20220922,001,1795
909.5215,909.5286,23750,32626,Plecotus austriacus,0.01,0.022,-1,Echolocation,/mnt/ubna_data_02_mir/recover-20220922/UBNA_001/20220921_090000.WAV,Telephone Field,recover-20220922,001,1795
909.5425,909.5801,68437,81637,Rhinolophus ferrumequinum,0.022,0.022,-1,Echolocation,/mnt/ubna_data_02_mir/recover-20220922/UBNA_001/20220921_090000.WAV,Telephone Field,recover-20220922,001,1795
909.5645,909.5743,28046,35921,Eptesicus serotinus,0.01,0.022,-1,Echolocation,/mnt/ubna_data_02_mir/recover-20220922/UBNA_001/20220921_090000.WAV,Telephone Field,recover-20220922,001,1795
909.5695,909.6082,68437,82520,Rhinolophus ferrumequinum,0.024,0.024,-1,Echolocation,/mnt/ubna_data_02_mir/recover-20220922/UBNA_001/20220921_090000.WAV,Telephone Field,recover-20220922,001,1795
909.5905,909.6371,68437,83443,Rhinolophus ferrumequinum,0.064,0.064,-1,Echolocation,/mnt/ubna_data_02_mir/recover-20220922/UBNA_001/20220921_090000.WAV,Telephone Field,recover-20220922,001,1795
909.6395,909.6792,68437,82021,Rhinolophus ferrumequinum,0.023,0.023,-1,Echolocation,/mnt/ubna_data_02_mir/recover-20220922/UBNA_001/20220921_090000.WAV,Telephone Field,recover-20220922,001,1795
909.6595,909.6698,22890,28055,Nyctalus leisleri,0.012,0.026,-1,Echolocation,/mnt/ubna_data_02_mir/recover-20220922/UBNA_001/20220921_090000.WAV,Telephone Field,recover-20220922,001,1795
909.6795,909.6864,50390,55856,Pipistrellus pipistrellus,0.02,0.025,-1,Echolocation,/mnt/ubna_data_02_mir/recover-20220922/UBNA_001/20220921_090000.WAV,Telephone Field,recover-20220922,001,1795
909.6795,909.7176,68437,81837,Rhinolophus ferrumequinum,0.022,0.022,-1,Echolocation,/mnt/ubna_data_02_mir/recover-20220922/UBNA_001/20220921_090000.WAV,Telephone Field,recover-20220922,001,1795
909.6945,909.7383,68437,83232,Rhinolophus ferrumequinum,0.049,0.049,-1,Echolocation,/mnt/ubna_data_02_mir/recover-20220922/UBNA_001/20220921_090000.WAV,Telephone Field,recover-20220922,001,1795
909.7275,909.7351,27187,39249,Eptesicus serotinus,0.008,0.022,-1,Echolocation,/mnt/ubna_data_02_mir/recover-20220922/UBNA_001/20220921_090000.WAV,Telephone Field,recover-20220922,001,1795
909.7405,909.78,68437,82170,Rhinolophus ferrumequinum,0.023,0.023,-1,Echolocation,/mnt/ubna_data_02_mir/recover-20220922/UBNA_001/20220921_090000.WAV,Telephone Field,recover-20220922,001,1795
909.7605,909.7675,24609,37531,Plecotus austriacus,0.008,0.026,-1,Echolocation,/mnt/ubna_data_02_mir/recover-20220922/UBNA_001/20220921_090000.WAV,Telephone Field,recover-20220922,001,1795
909.7725,909.8126,68437,82828,Rhinolophus ferrumequinum,0.024,0.024,-1,Echolocation,/mnt/ubna_data_02_mir/recover-20220922/UBNA_001/20220921_090000.WAV,Telephone Field,recover-20220922,001,1795
909.8005,909.8393,68437,82293,Rhinolophus ferrumequinum,0.024,0.024,-1,Echolocation,/mnt/ubna_data_02_mir/recover-20220922/UBNA_001/20220921_090000.WAV,Telephone Field,recover-20220922,001,1795
909.8425,909.8871,68437,83209,Rhinolophus ferrumequinum,0.046,0.046,-1,Echolocation,/mnt/ubna_data_02_mir/recover-20220922/UBNA_001/20220921_090000.WAV,Telephone Field,recover-20220922,001,1795
909.9215,909.9591,68437,82009,Rhinolophus ferrumequinum,0.023,0.023,-1,Echolocation,/mnt/ubna_data_02_mir/recover-20220922/UBNA_001/20220921_090000.WAV,Telephone Field,recover-20220922,001,1795
910.0015,910.0323,68437,79109,Rhinolophus ferrumequinum,0.027,0.027,-1,Echolocation,/mnt/ubna_data_02_mir/recover-20220922/UBNA_001/20220921_090000.WAV,Telephone Field,recover-20220922,001,1795
910.0015,910.0105,21171,28129,Nyctalus leisleri,0.009,0.024,-1,Echolocation,/mnt/ubna_data_02_mir/recover-20220922/UBNA_001/20220921_090000.WAV,Telephone Field,recover-20220922,001,1795
910.0195,910.0605,68437,82999,Rhinolophus ferrumequinum,0.025,0.025,-1,Echolocation,/mnt/ubna_data_02_mir/recover-20220922/UBNA_001/20220921_090000.WAV,Telephone Field,recover-20220922,001,1795
910.0205,910.0281,27187,37364,Eptesicus serotinus,0.016,0.038,-1,Echolocation,/mnt/ubna_data_02_mir/recover-20220922/UBNA_001/20220921_090000.WAV,Telephone Field,recover-20220922,001,1795
910.0495,910.0895,68437,82651,Rhinolophus ferrumequinum,0.023,0.023,-1,Echolocation,/mnt/ubna_data_02_mir/recover-20220922/UBNA_001/20220921_090000.WAV,Telephone Field,recover-20220922,001,1795
910.0525,910.0618,28046,37804,Eptesicus serotinus,0.008,0.022,-1,Echolocation,/mnt/ubna_data_02_mir/recover-20220922/UBNA_001/20220921_090000.WAV,Telephone Field,recover-20220922,001,1795
910.0735,910.1159,68437,82793,Rhinolophus ferrumequinum,0.032,0.032,-1,Echolocation,/mnt/ubna_data_02_mir/recover-20220922/UBNA_001/20220921_090000.WAV,Telephone Field,recover-20220922,001,1795
910.0805,910.0877,28046,42162,Eptesicus serotinus,0.007,0.024,-1,Echolocation,/mnt/ubna_data_02_mir/recover-20220922/UBNA_001/20220921_090000.WAV,Telephone Field,recover-20220922,001,1795
910.0975,910.1042,30625,39823,Barbastellus barbastellus,0.009,0.032,-1,Echolocation,/mnt/ubna_data_02_mir/recover-20220922/UBNA_001/20220921_090000.WAV,Telephone Field,recover-20220922,001,1795
910.1155,910.1553,68437,81711,Rhinolophus ferrumequinum,0.022,0.022,-1,Echolocation,/mnt/ubna_data_02_mir/recover-20220922/UBNA_001/20220921_090000.WAV,Telephone Field,recover-20220922,001,1795
910.1225,910.1605,68437,81980,Rhinolophus ferrumequinum,0.025,0.025,-1,Echolocation,/mnt/ubna_data_02_mir/recover-20220922/UBNA_001/20220921_090000.WAV,Telephone Field,recover-20220922,001,1795
910.1335,910.1451,22890,27829,Nyctalus leisleri,0.01,0.021,-1,Echolocation,/mnt/ubna_data_02_mir/recover-20220922/UBNA_001/20220921_090000.WAV,Telephone Field,recover-20220922,001,1795
910.1465,910.1859,68437,82285,Rhinolophus ferrumequinum,0.021,0.021,-1,Echolocation,/mnt/ubna_data_02_mir/recover-20220922/UBNA_001/20220921_090000.WAV,Telephone Field,recover-20220922,001,1795
910.1485,910.1593,44375,47801,Pipistrellus pipistrellus,0.022,0.024,-1,Echolocation,/mnt/ubna_data_02_mir/recover-20220922/UBNA_001/20220921_090000.WAV,Telephone Field,recover-20220922,001,1795
910.1865,910.2212,68437,80732,Rhinolophus ferrumequinum,0.023,0.023,-1,Echolocation,/mnt/ubna_data_02_mir/recover-20220922/UBNA_001/20220921_090000.WAV,Telephone Field,recover-20220922,001,1795
910.1995,910.2137,24609,28693,Nyctalus leisleri,0.031,0.055,-1,Echolocation,/mnt/ubna_data_02_mir/recover-20220922/UBNA_001/20220921_090000.WAV,Telephone Field,recover-20220922,001,1795
910.2175,910.2562,68437,82023,Rhinolophus ferrumequinum,0.021,0.021,-1,Echolocation,/mnt/ubna_data_02_mir/recover-20220922/UBNA_001/20220921_090000.WAV,Telephone Field,recover-20220922,001,1795
910.2315,910.271,68437,82221,Rhinolophus ferrumequinum,0.022,0.023,-1,Echolocation,/mnt/ubna_data_02_mir/recover-20220922/UBNA_001/20220921_090000.WAV,Telephone Field,recover-20220922,001,1795
910.2385,910.2785,68437,82297,Rhinolophus ferrumequinum,0.022,0.022,-1,Echolocation,/mnt/ubna_data_02_mir/recover-20220922/UBNA_001/20220921_090000.WAV,Telephone Field,recover-20220922,001,1795
910.2485,910.2571,22890,30149,Plecotus austriacus,0.012,0.027,-1,Echolocation,/mnt/ubna_data_02_mir/recover-20220922/UBNA_001/20220921_090000.WAV,Telephone Field,recover-20220922,001,1795
910.2635,910.3025,68437,82040,Rhinolophus ferrumequinum,0.021,0.021,-1,Echolocation,/mnt/ubna_data_02_mir/recover-20220922/UBNA_001/20220921_090000.WAV,Telephone Field,recover-20220922,001,1795
910.2795,910.2898,28046,36503,Eptesicus serotinus,0.013,0.029,-1,Echolocation,/mnt/ubna_data_02_mir/recover-20220922/UBNA_001/20220921_090000.WAV,Telephone Field,recover-20220922,001,1795
910.2805,910.3199,68437,81982,Rhinolophus ferrumequinum,0.022,0.022,-1,Echolocation,/mnt/ubna_data_02_mir/recover-20220922/UBNA_001/20220921_090000.WAV,Telephone Field,recover-20220922,001,1795
910.3005,910.3412,68437,82452,Rhinolophus ferrumequinum,0.029,0.029,-1,Echolocation,/mnt/ubna_data_02_mir/recover-20220922/UBNA_001/20220921_090000.WAV,Telephone Field,recover-20220922,001,1795
910.3075,910.3163,28046,37193,Eptesicus serotinus,0.008,0.021,-1,Echolocation,/mnt/ubna_data_02_mir/recover-20220922/UBNA_001/20220921_090000.WAV,Telephone Field,recover-20220922,001,1795
910.3305,910.3704,68437,82247,Rhinolophus ferrumequinum,0.021,0.021,-1,Echolocation,/mnt/ubna_data_02_mir/recover-20220922/UBNA_001/20220921_090000.WAV,Telephone Field,recover-20220922,001,1795
910.3595,910.3682,46093,53119,Pipistrellus pipistrellus,0.022,0.025,-1,Echolocation,/mnt/ubna_data_02_mir/recover-20220922/UBNA_001/20220921_090000.WAV,Telephone Field,recover-20220922,001,1795
910.3615,910.4,68437,81956,Rhinolophus ferrumequinum,0.022,0.022,-1,Echolocation,/mnt/ubna_data_02_mir/recover-20220922/UBNA_001/20220921_090000.WAV,Telephone Field,recover-20220922,001,1795
910.3895,910.3997,23750,28713,Nyctalus leisleri,0.01,0.021,-1,Echolocation,/mnt/ubna_data_02_mir/recover-20220922/UBNA_001/20220921_090000.WAV,Telephone Field,recover-20220922,001,1795
910.4125,910.4517,68437,82541,Rhinolophus ferrumequinum,0.023,0.023,-1,Echolocation,/mnt/ubna_data_02_mir/recover-20220922/UBNA_001/20220921_090000.WAV,Telephone Field,recover-20220922,001,1795
910.4205,910.4287,28906,38691,Eptesicus serotinus,0.008,0.022,-1,Echolocation,/mnt/ubna_data_02_mir/recover-20220922/UBNA_001/20220921_090000.WAV,Telephone Field,recover-20220922,001,1795
910.4495,910.4591,24609,31667,Eptesicus serotinus,0.008,0.025,-1,Echolocation,/mnt/ubna_data_02_mir/recover-20220922/UBNA_001/20220921_090000.WAV,Telephone Field,recover-20220922,001,1795
910.5225,910.5621,68437,82173,Rhinolophus ferrumequinum,0.023,0.023,-1,Echolocation,/mnt/ubna_data_02_mir/recover-20220922/UBNA_001/20220921_090000.WAV,Telephone Field,recover-20220922,001,1795
910.5755,910.6151,68437,82321,Rhinolophus ferrumequinum,0.031,0.031,-1,Echolocation,/mnt/ubna_data_02_mir/recover-20220922/UBNA_001/20220921_090000.WAV,Telephone Field,recover-20220922,001,1795
910.5895,910.5995,28906,36836,Eptesicus serotinus,0.009,0.023,-1,Echolocation,/mnt/ubna_data_02_mir/recover-20220922/UBNA_001/20220921_090000.WAV,Telephone Field,recover-20220922,001,1795
910.6475,910.6873,68437,82385,Rhinolophus ferrumequinum,0.023,0.023,-1,Echolocation,/mnt/ubna_data_02_mir/recover-20220922/UBNA_001/20220921_090000.WAV,Telephone Field,recover-20220922,001,1795
910.7155,910.7546,68437,81857,Rhinolophus ferrumequinum,0.021,0.021,-1,Echolocation,/mnt/ubna_data_02_mir/recover-20220922/UBNA_001/20220921_090000.WAV,Telephone Field,recover-20220922,001,1795
910.7175,910.7272,44375,48298,Pipistrellus pipistrellus,0.039,0.042,-1,Echolocation,/mnt/ubna_data_02_mir/recover-20220922/UBNA_001/20220921_090000.WAV,Telephone Field,recover-20220922,001,1795
910.7505,910.7629,34062,39344,Eptesicus serotinus,0.009,0.036,-1,Echolocation,/mnt/ubna_data_02_mir/recover-20220922/UBNA_001/20220921_090000.WAV,Telephone Field,recover-20220922,001,1795
910.7705,910.8115,68437,82909,Rhinolophus ferrumequinum,0.025,0.025,-1,Echolocation,/mnt/ubna_data_02_mir/recover-20220922/UBNA_001/20220921_090000.WAV,Telephone Field,recover-20220922,001,1795
910.7995,910.8372,68437,81708,Rhinolophus ferrumequinum,0.024,0.024,-1,Echolocation,/mnt/ubna_data_02_mir/recover-20220922/UBNA_001/20220921_090000.WAV,Telephone Field,recover-20220922,001,1795
910.8375,910.8581,18593,21939,Nyctalus noctula,0.015,0.026,-1,Echolocation,/mnt/ubna_data_02_mir/recover-20220922/UBNA_001/20220921_090000.WAV,Telephone Field,recover-20220922,001,1795
910.8755,910.8869,22890,28473,Nyctalus leisleri,0.011,0.025,-1,Echolocation,/mnt/ubna_data_02_mir/recover-20220922/UBNA_001/20220921_090000.WAV,Telephone Field,recover-20220922,001,1795
910.8885,910.899,28046,36522,Eptesicus serotinus,0.014,0.028,-1,Echolocation,/mnt/ubna_data_02_mir/recover-20220922/UBNA_001/20220921_090000.WAV,Telephone Field,recover-20220922,001,1795
910.8895,910.8981,50390,54552,Pipistrellus pipistrellus,0.018,0.022,-1,Echolocation,/mnt/ubna_data_02_mir/recover-20220922/UBNA_001/20220921_090000.WAV,Telephone Field,recover-20220922,001,1795
910.8945,910.935,68437,82477,Rhinolophus ferrumequinum,0.028,0.028,-1,Echolocation,/mnt/ubna_data_02_mir/recover-20220922/UBNA_001/20220921_090000.WAV,Telephone Field,recover-20220922,001,1795
910.8995,910.9082,28046,37676,Eptesicus serotinus,0.01,0.025,-1,Echolocation,/mnt/ubna_data_02_mir/recover-20220922/UBNA_001/20220921_090000.WAV,Telephone Field,recover-20220922,001,1795
910.9825,910.9922,24609,31585,Eptesicus serotinus,0.009,0.025,-1,Echolocation,/mnt/ubna_data_02_mir/recover-20220922/UBNA_001/20220921_090000.WAV,Telephone Field,recover-20220922,001,1795
911.0045,911.0448,68437,82548,Rhinolophus ferrumequinum,0.023,0.023,-1,Echolocation,/mnt/ubna_data_02_mir/recover-20220922/UBNA_001/20220921_090000.WAV,Telephone Field,recover-20220922,001,1795
911.0245,911.0433,18593,21522,Nyctalus leisleri,0.012,0.025,-1,Echolocation,/mnt/ubna_data_02_mir/recover-20220922/UBNA_001/20220921_090000.WAV,Telephone Field,recover-20220922,001,1795
911.0585,911.0678,29765,40039,Eptesicus serotinus,0.01,0.028,-1,Echolocation,/mnt/ubna_data_02_mir/recover-20220922/UBNA_001/20220921_090000.WAV,Telephone Field,recover-20220922,001,1795
911.0605,911.1007,68437,81774,Rhinolophus ferrumequinum,0.022,0.022,-1,Echolocation,/mnt/ubna_data_02_mir/recover-20220922/UBNA_001/20220921_090000.WAV,Telephone Field,recover-20220922,001,1795
911.0715,911.1103,68437,81985,Rhinolophus ferrumequinum,0.023,0.023,-1,Echolocation,/mnt/ubna_data_02_mir/recover-20220922/UBNA_001/20220921_090000.WAV,Telephone Field,recover-20220922,001,1795
911.0985,911.1346,68437,81890,Rhinolophus ferrumequinum,0.023,0.023,-1,Echolocation,/mnt/ubna_data_02_mir/recover-20220922/UBNA_001/20220921_090000.WAV,Telephone Field,recover-20220922,001,1795
911.1245,911.1626,68437,82367,Rhinolophus ferrumequinum,0.021,0.021,-1,Echolocation,/mnt/ubna_data_02_mir/recover-20220922/UBNA_001/20220921_090000.WAV,Telephone Field,recover-20220922,001,1795
911.1375,911.1483,23750,30547,Nyctalus leisleri,0.01,0.027,-1,Echolocation,/mnt/ubna_data_02_mir/recover-20220922/UBNA_001/20220921_090000.WAV,Telephone Field,recover-20220922,001,1795
911.1605,911.1996,68437,81318,Rhinolophus ferrumequinum,0.021,0.021,-1,Echolocation,/mnt/ubna_data_02_mir/recover-20220922/UBNA_001/20220921_090000.WAV,Telephone Field,recover-20220922,001,1795
911.1675,911.205,68437,82426,Rhinolophus ferrumequinum,0.021,0.021,-1,Echolocation,/mnt/ubna_data_02_mir/recover-20220922/UBNA_001/20220921_090000.WAV,Telephone Field,recover-20220922,001,1795
911.1925,911.229,68437,81724,Rhinolophus ferrumequinum,0.022,0.022,-1,Echolocation,/mnt/ubna_data_02_mir/recover-20220922/UBNA_001/20220921_090000.WAV,Telephone Field,recover-20220922,001,1795
911.2735,911.2804,28046,46930,Eptesicus serotinus,0.008,0.027,-1,Echolocation,/mnt/ubna_data_02_mir/recover-20220922/UBNA_001/20220921_090000.WAV,Telephone Field,recover-20220922,001,1795
911.2955,911.3358,68437,82453,Rhinolophus ferrumequinum,0.027,0.027,-1,Echolocation,/mnt/ubna_data_02_mir/recover-20220922/UBNA_001/20220921_090000.WAV,Telephone Field,recover-20220922,001,1795
911.3295,911.3375,28046,39475,Eptesicus serotinus,0.007,0.021,-1,Echolocation,/mnt/ubna_data_02_mir/recover-20220922/UBNA_001/20220921_090000.WAV,Telephone Field,recover-20220922,001,1795
911.3515,911.3593,27187,37920,Eptesicus serotinus,0.008,0.025,-1,Echolocation,/mnt/ubna_data_02_mir/recover-20220922/UBNA_001/20220921_090000.WAV,Telephone Field,recover-20220922,001,1795
911.3785,911.3887,23750,29244,Nyctalus leisleri,0.01,0.021,-1,Echolocation,/mnt/ubna_data_02_mir/recover-20220922/UBNA_001/20220921_090000.WAV,Telephone Field,recover-20220922,001,1795
911.3895,911.4285,68437,82179,Rhinolophus ferrumequinum,0.027,0.027,-1,Echolocation,/mnt/ubna_data_02_mir/recover-20220922/UBNA_001/20220921_090000.WAV,Telephone Field,recover-20220922,001,1795
911.3995,911.4069,27187,41624,Eptesicus serotinus,0.007,0.022,-1,Echolocation,/mnt/ubna_data_02_mir/recover-20220922/UBNA_001/20220921_090000.WAV,Telephone Field,recover-20220922,001,1795
911.4185,911.4338,22890,28263,Nyctalus leisleri,0.036,0.087,-1,Echolocation,/mnt/ubna_data_02_mir/recover-20220922/UBNA_001/20220921_090000.WAV,Telephone Field,recover-20220922,001,1795
911.4185,911.4576,68437,82096,Rhinolophus ferrumequinum,0.023,0.023,-1,Echolocation,/mnt/ubna_data_02_mir/recover-20220922/UBNA_001/20220921_090000.WAV,Telephone Field,recover-20220922,001,1795
911.4315,911.4703,68437,82218,Rhinolophus ferrumequinum,0.021,0.021,-1,Echolocation,/mnt/ubna_data_02_mir/recover-20220922/UBNA_001/20220921_090000.WAV,Telephone Field,recover-20220922,001,1795
911.4665,911.4808,14296,20370,Nyctalus noctula,0.016,0.023,-1,Echolocation,/mnt/ubna_data_02_mir/recover-20220922/UBNA_001/20220921_090000.WAV,Telephone Field,recover-20220922,001,1795
911.4935,911.5314,68437,81316,Rhinolophus ferrumequinum,0.026,0.026,-1,Echolocation,/mnt/ubna_data_02_mir/recover-20220922/UBNA_001/20220921_090000.WAV,Telephone Field,recover-20220922,001,1795
911.5015,911.5408,68437,82609,Rhinolophus ferrumequinum,0.025,0.025,-1,Echolocation,/mnt/ubna_data_02_mir/recover-20220922/UBNA_001/20220921_090000.WAV,Telephone Field,recover-20220922,001,1795
911.5055,911.5159,22890,28677,Nyctalus leisleri,0.009,0.022,-1,Echolocation,/mnt/ubna_data_02_mir/recover-20220922/UBNA_001/20220921_090000.WAV,Telephone Field,recover-20220922,001,1795
911.5545,911.5614,48671,52689,Pipistrellus pipistrellus,0.026,0.028,-1,Echolocation,/mnt/ubna_data_02_mir/recover-20220922/UBNA_001/20220921_090000.WAV,Telephone Field,recover-20220922,001,1795
911.5575,911.5999,68437,82977,Rhinolophus ferrumequinum,0.031,0.031,-1,Echolocation,/mnt/ubna_data_02_mir/recover-20220922/UBNA_001/20220921_090000.WAV,Telephone Field,recover-20220922,001,1795
911.5875,911.6302,68437,82866,Rhinolophus ferrumequinum,0.028,0.028,-1,Echolocation,/mnt/ubna_data_02_mir/recover-20220922/UBNA_001/20220921_090000.WAV,Telephone Field,recover-20220922,001,1795
911.6035,911.6151,28046,35570,Eptesicus serotinus,0.013,0.024,-1,Echolocation,/mnt/ubna_data_02_mir/recover-20220922/UBNA_001/20220921_090000.WAV,Telephone Field,recover-20220922,001,1795
911.6095,911.6502,68437,82501,Rhinolophus ferrumequinum,0.021,0.021,-1,Echolocation,/mnt/ubna_data_02_mir/recover-20220922/UBNA_001/20220921_090000.WAV,Telephone Field,recover-20220922,001,1795
911.6115,911.6226,28906,35608,Eptesicus serotinus,0.012,0.025,-1,Echolocation,/mnt/ubna_data_02_mir/recover-20220922/UBNA_001/20220921_090000.WAV,Telephone Field,recover-20220922,001,1795
911.6415,911.6812,68437,82184,Rhinolophus ferrumequinum,0.023,0.023,-1,Echolocation,/mnt/ubna_data_02_mir/recover-20220922/UBNA_001/20220921_090000.WAV,Telephone Field,recover-20220922,001,1795
911.6425,911.6526,28046,36227,Eptesicus serotinus,0.011,0.026,-1,Echolocation,/mnt/ubna_data_02_mir/recover-20220922/UBNA_001/20220921_090000.WAV,Telephone Field,recover-20220922,001,1795
911.6515,911.6933,68437,83225,Rhinolophus ferrumequinum,0.031,0.031,-1,Echolocation,/mnt/ubna_data_02_mir/recover-20220922/UBNA_001/20220921_090000.WAV,Telephone Field,recover-20220922,001,1795
911.6895,911.7272,68437,82368,Rhinolophus ferrumequinum,0.022,0.022,-1,Echolocation,/mnt/ubna_data_02_mir/recover-20220922/UBNA_001/20220921_090000.WAV,Telephone Field,recover-20220922,001,1795
911.6995,911.7085,25468,34687,Eptesicus serotinus,0.012,0.03,-1,Echolocation,/mnt/ubna_data_02_mir/recover-20220922/UBNA_001/20220921_090000.WAV,Telephone Field,recover-20220922,001,1795
911.7495,911.7656,28906,33242,Eptesicus serotinus,0.048,0.093,-1,Echolocation,/mnt/ubna_data_02_mir/recover-20220922/UBNA_001/20220921_090000.WAV,Telephone Field,recover-20220922,001,1795
911.7595,911.7726,51250,55586,Pipistrellus pygmaeus,0.012,0.021,-1,Echolocation,/mnt/ubna_data_02_mir/recover-20220922/UBNA_001/20220921_090000.WAV,Telephone Field,recover-20220922,001,1795
911.7825,911.8215,68437,82482,Rhinolophus ferrumequinum,0.022,0.022,-1,Echolocation,/mnt/ubna_data_02_mir/recover-20220922/UBNA_001/20220921_090000.WAV,Telephone Field,recover-20220922,001,1795
911.7985,911.8097,42656,45981,Pipistrellus pipistrellus,0.021,0.027,-1,Echolocation,/mnt/ubna_data_02_mir/recover-20220922/UBNA_001/20220921_090000.WAV,Telephone Field,recover-20220922,001,1795
911.8305,911.8734,68437,82400,Rhinolophus ferrumequinum,0.024,0.024,-1,Echolocation,/mnt/ubna_data_02_mir/recover-20220922/UBNA_001/20220921_090000.WAV,Telephone Field,recover-20220922,001,1795
911.8405,911.8821,68437,82541,Rhinolophus ferrumequinum,0.022,0.022,-1,Echolocation,/mnt/ubna_data_02_mir/recover-20220922/UBNA_001/20220921_090000.WAV,Telephone Field,recover-20220922,001,1795
911.9205,911.929,27187,36407,Eptesicus serotinus,0.011,0.025,-1,Echolocation,/mnt/ubna_data_02_mir/recover-20220922/UBNA_001/20220921_090000.WAV,Telephone Field,recover-20220922,001,1795
911.9265,911.9672,68437,83019,Rhinolophus ferrumequinum,0.027,0.027,-1,Echolocation,/mnt/ubna_data_02_mir/recover-20220922/UBNA_001/20220921_090000.WAV,Telephone Field,recover-20220922,001,1795
911.9555,911.9635,24609,32958,Plecotus austriacus,0.006,0.021,-1,Echolocation,/mnt/ubna_data_02_mir/recover-20220922/UBNA_001/20220921_090000.WAV,Telephone Field,recover-20220922,001,1795
911.9585,911.9956999999999,68437,82193,Rhinolophus ferrumequinum,0.023,0.023,-1,Echolocation,/mnt/ubna_data_02_mir/recover-20220922/UBNA_001/20220921_090000.WAV,Telephone Field,recover-20220922,001,1795
911.9745,911.986,22890,27709,Nyctalus leisleri,0.011,0.023,-1,Echolocation,/mnt/ubna_data_02_mir/recover-20220922/UBNA_001/20220921_090000.WAV,Telephone Field,recover-20220922,001,1795
912.0015,912.0097,22890,29778,Nyctalus leisleri,0.009,0.029,-1,Echolocation,/mnt/ubna_data_02_mir/recover-20220922/UBNA_001/20220921_090000.WAV,Telephone Field,recover-20220922,001,1795
912.0015,912.012,56406,63103,Pipistrellus pygmaeus,0.023,0.026,-1,Echolocation,/mnt/ubna_data_02_mir/recover-20220922/UBNA_001/20220921_090000.WAV,Telephone Field,recover-20220922,001,1795
912.0015,912.0341,68437,80076,Rhinolophus ferrumequinum,0.036,0.036,-1,Echolocation,/mnt/ubna_data_02_mir/recover-20220922/UBNA_001/20220921_090000.WAV,Telephone Field,recover-20220922,001,1795
912.0075,912.048,68437,81476,Rhinolophus ferrumequinum,0.027,0.027,-1,Echolocation,/mnt/ubna_data_02_mir/recover-20220922/UBNA_001/20220921_090000.WAV,Telephone Field,recover-20220922,001,1795
912.0145,912.0565,68437,82461,Rhinolophus ferrumequinum,0.024,0.024,-1,Echolocation,/mnt/ubna_data_02_mir/recover-20220922/UBNA_001/20220921_090000.WAV,Telephone Field,recover-20220922,001,1795
912.0155,912.0228,51250,57390,Pipistrellus pipistrellus,0.023,0.028,-1,Echolocation,/mnt/ubna_data_02_mir/recover-20220922/UBNA_001/20220921_090000.WAV,Telephone Field,recover-20220922,001,1795
912.0315,912.0402,28906,41062,Eptesicus serotinus,0.009,0.025,-1,Echolocation,/mnt/ubna_data_02_mir/recover-20220922/UBNA_001/20220921_090000.WAV,Telephone Field,recover-20220922,001,1795
912.0595,912.0685,58125,63863,Pipistrellus pygmaeus,0.023,0.024,-1,Echolocation,/mnt/ubna_data_02_mir/recover-20220922/UBNA_001/20220921_090000.WAV,Telephone Field,recover-20220922,001,1795
912.0675,912.1069,68437,81415,Rhinolophus ferrumequinum,0.023,0.023,-1,Echolocation,/mnt/ubna_data_02_mir/recover-20220922/UBNA_001/20220921_090000.WAV,Telephone Field,recover-20220922,001,1795
912.0855,912.1256,68437,82681,Rhinolophus ferrumequinum,0.025,0.025,-1,Echolocation,/mnt/ubna_data_02_mir/recover-20220922/UBNA_001/20220921_090000.WAV,Telephone Field,recover-20220922,001,1795
912.1125,912.1514,68437,82166,Rhinolophus ferrumequinum,0.024,0.024,-1,Echolocation,/mnt/ubna_data_02_mir/recover-20220922/UBNA_001/20220921_090000.WAV,Telephone Field,recover-20220922,001,1795
912.1235,912.134,28046,35465,Eptesicus serotinus,0.015,0.029,-1,Echolocation,/mnt/ubna_data_02_mir/recover-20220922/UBNA_001/20220921_090000.WAV,Telephone Field,recover-20220922,001,1795
912.1355,912.1729,68437,82401,Rhinolophus ferrumequinum,0.024,0.024,-1,Echolocation,/mnt/ubna_data_02_mir/recover-20220922/UBNA_001/20220921_090000.WAV,Telephone Field,recover-20220922,001,1795
912.1445,912.1523,28906,40928,Eptesicus serotinus,0.008,0.023,-1,Echolocation,/mnt/ubna_data_02_mir/recover-20220922/UBNA_001/20220921_090000.WAV,Telephone Field,recover-20220922,001,1795
912.1515,912.1915,68437,82378,Rhinolophus ferrumequinum,0.027,0.027,-1,Echolocation,/mnt/ubna_data_02_mir/recover-20220922/UBNA_001/20220921_090000.WAV,Telephone Field,recover-20220922,001,1795
912.2135,912.2216,28046,40239,Eptesicus serotinus,0.008,0.023,-1,Echolocation,/mnt/ubna_data_02_mir/recover-20220922/UBNA_001/20220921_090000.WAV,Telephone Field,recover-20220922,001,1795
912.2275,912.2675,68437,82011,Rhinolophus ferrumequinum,0.024,0.024,-1,Echolocation,/mnt/ubna_data_02_mir/recover-20220922/UBNA_001/20220921_090000.WAV,Telephone Field,recover-20220922,001,1795
912.2485,912.2593,28906,35957,Eptesicus serotinus,0.011,0.025,-1,Echolocation,/mnt/ubna_data_02_mir/recover-20220922/UBNA_001/20220921_090000.WAV,Telephone Field,recover-20220922,001,1795
912.2495,912.2578,22890,30275,Plecotus austriacus,0.011,0.025,-1,Echolocation,/mnt/ubna_data_02_mir/recover-20220922/UBNA_001/20220921_090000.WAV,Telephone Field,recover-20220922,001,1795
912.2655,912.3023,68437,81813,Rhinolophus ferrumequinum,0.027,0.027,-1,Echolocation,/mnt/ubna_data_02_mir/recover-20220922/UBNA_001/20220921_090000.WAV,Telephone Field,recover-20220922,001,1795
912.2945,912.3046,28046,35917,Eptesicus serotinus,0.009,0.023,-1,Echolocation,/mnt/ubna_data_02_mir/recover-20220922/UBNA_001/20220921_090000.WAV,Telephone Field,recover-20220922,001,1795
912.3195,912.3585,68437,82274,Rhinolophus ferrumequinum,0.025,0.025,-1,Echolocation,/mnt/ubna_data_02_mir/recover-20220922/UBNA_001/20220921_090000.WAV,Telephone Field,recover-20220922,001,1795
912.3535,912.3949,68437,83376,Rhinolophus ferrumequinum,0.024,0.024,-1,Echolocation,/mnt/ubna_data_02_mir/recover-20220922/UBNA_001/20220921_090000.WAV,Telephone Field,recover-20220922,001,1795
912.3805,912.4196,68437,82391,Rhinolophus ferrumequinum,0.025,0.025,-1,Echolocation,/mnt/ubna_data_02_mir/recover-20220922/UBNA_001/20220921_090000.WAV,Telephone Field,recover-20220922,001,1795
912.4165,912.427,28906,36558,Eptesicus serotinus,0.01,0.025,-1,Echolocation,/mnt/ubna_data_02_mir/recover-20220922/UBNA_001/20220921_090000.WAV,Telephone Field,recover-20220922,001,1795
912.4405,912.4791,68437,82180,Rhinolophus ferrumequinum,0.023,0.023,-1,Echolocation,/mnt/ubna_data_02_mir/recover-20220922/UBNA_001/20220921_090000.WAV,Telephone Field,recover-20220922,001,1795
912.4465,912.4543,28906,39853,Eptesicus serotinus,0.007,0.022,-1,Echolocation,/mnt/ubna_data_02_mir/recover-20220922/UBNA_001/20220921_090000.WAV,Telephone Field,recover-20220922,001,1795
912.4735,912.5096,68437,81117,Rhinolophus ferrumequinum,0.025,0.026,-1,Echolocation,/mnt/ubna_data_02_mir/recover-20220922/UBNA_001/20220921_090000.WAV,Telephone Field,recover-20220922,001,1795
912.4875,912.5278,68437,81881,Rhinolophus ferrumequinum,0.022,0.022,-1,Echolocation,/mnt/ubna_data_02_mir/recover-20220922/UBNA_001/20220921_090000.WAV,Telephone Field,recover-20220922,001,1795
912.5155,912.5242,22031,28209,Plecotus austriacus,0.011,0.025,-1,Echolocation,/mnt/ubna_data_02_mir/recover-20220922/UBNA_001/20220921_090000.WAV,Telephone Field,recover-20220922,001,1795
912.5495,912.5896,68437,82340,Rhinolophus ferrumequinum,0.037,0.037,-1,Echolocation,/mnt/ubna_data_02_mir/recover-20220922/UBNA_001/20220921_090000.WAV,Telephone Field,recover-20220922,001,1795
912.5515,912.5598,28046,38580,Eptesicus serotinus,0.007,0.023,-1,Echolocation,/mnt/ubna_data_02_mir/recover-20220922/UBNA_001/20220921_090000.WAV,Telephone Field,recover-20220922,001,1795
912.5865,912.6275,68437,82244,Rhinolophus ferrumequinum,0.023,0.023,-1,Echolocation,/mnt/ubna_data_02_mir/recover-20220922/UBNA_001/20220921_090000.WAV,Telephone Field,recover-20220922,001,1795
912.5915,912.5987,27187,38974,Eptesicus serotinus,0.007,0.023,-1,Echolocation,/mnt/ubna_data_02_mir/recover-20220922/UBNA_001/20220921_090000.WAV,Telephone Field,recover-20220922,001,1795
912.6025,912.6418,68437,82241,Rhinolophus ferrumequinum,0.033,0.033,-1,Echolocation,/mnt/ubna_data_02_mir/recover-20220922/UBNA_001/20220921_090000.WAV,Telephone Field,recover-20220922,001,1795
912.6215,912.6609,68437,82267,Rhinolophus ferrumequinum,0.022,0.023,-1,Echolocation,/mnt/ubna_data_02_mir/recover-20220922/UBNA_001/20220921_090000.WAV,Telephone Field,recover-20220922,001,1795
912.6395,912.6787,68437,81702,Rhinolophus ferrumequinum,0.022,0.022,-1,Echolocation,/mnt/ubna_data_02_mir/recover-20220922/UBNA_001/20220921_090000.WAV,Telephone Field,recover-20220922,001,1795
912.6465,912.6541,27187,38807,Eptesicus serotinus,0.008,0.022,-1,Echolocation,/mnt/ubna_data_02_mir/recover-20220922/UBNA_001/20220921_090000.WAV,Telephone Field,recover-20220922,001,1795
912.6675,912.7062,68437,81911,Rhinolophus ferrumequinum,0.025,0.025,-1,Echolocation,/mnt/ubna_data_02_mir/recover-20220922/UBNA_001/20220921_090000.WAV,Telephone Field,recover-20220922,001,1795
912.6915,912.7037,37500,41487,Pipistrellus nathusii,0.011,0.027,-1,Echolocation,/mnt/ubna_data_02_mir/recover-20220922/UBNA_001/20220921_090000.WAV,Telephone Field,recover-20220922,001,1795
912.6985,912.7394,68437,82555,Rhinolophus ferrumequinum,0.026,0.026,-1,Echolocation,/mnt/ubna_data_02_mir/recover-20220922/UBNA_001/20220921_090000.WAV,Telephone Field,recover-20220922,001,1795
912.7325,912.7722,68437,82251,Rhinolophus ferrumequinum,0.031,0.031,-1,Echolocation,/mnt/ubna_data_02_mir/recover-20220922/UBNA_001/20220921_090000.WAV,Telephone Field,recover-20220922,001,1795
912.7525,912.7913,68437,82211,Rhinolophus ferrumequinum,0.038,0.038,-1,Echolocation,/mnt/ubna_data_02_mir/recover-20220922/UBNA_001/20220921_090000.WAV,Telephone Field,recover-20220922,001,1795
912.7985,912.8103,23750,30316,Nyctalus leisleri,0.008,0.022,-1,Echolocation,/mnt/ubna_data_02_mir/recover-20220922/UBNA_001/20220921_090000.WAV,Telephone Field,recover-20220922,001,1795
912.8065,912.8166,26328,34865,Eptesicus serotinus,0.011,0.025,-1,Echolocation,/mnt/ubna_data_02_mir/recover-20220922/UBNA_001/20220921_090000.WAV,Telephone Field,recover-20220922,001,1795
912.8245,912.8327,43515,53216,Pipistrellus pipistrellus,0.015,0.022,-1,Echolocation,/mnt/ubna_data_02_mir/recover-20220922/UBNA_001/20220921_090000.WAV,Telephone Field,recover-20220922,001,1795
912.8395,912.8793000000001,68437,82498,Rhinolophus ferrumequinum,0.023,0.023,-1,Echolocation,/mnt/ubna_data_02_mir/recover-20220922/UBNA_001/20220921_090000.WAV,Telephone Field,recover-20220922,001,1795
912.8895,912.9264,68437,82014,Rhinolophus ferrumequinum,0.023,0.023,-1,Echolocation,/mnt/ubna_data_02_mir/recover-20220922/UBNA_001/20220921_090000.WAV,Telephone Field,recover-20220922,001,1795
912.8945,912.9031,28906,37485,Eptesicus serotinus,0.008,0.024,-1,Echolocation,/mnt/ubna_data_02_mir/recover-20220922/UBNA_001/20220921_090000.WAV,Telephone Field,recover-20220922,001,1795
912.9045,912.9404,68437,81443,Rhinolophus ferrumequinum,0.022,0.022,-1,Echolocation,/mnt/ubna_data_02_mir/recover-20220922/UBNA_001/20220921_090000.WAV,Telephone Field,recover-20220922,001,1795
912.9125,912.9224,28906,36587,Eptesicus serotinus,0.009,0.022,-1,Echolocation,/mnt/ubna_data_02_mir/recover-20220922/UBNA_001/20220921_090000.WAV,Telephone Field,recover-20220922,001,1795
912.9145,912.9546,68437,82212,Rhinolophus ferrumequinum,0.025,0.025,-1,Echolocation,/mnt/ubna_data_02_mir/recover-20220922/UBNA_001/20220921_090000.WAV,Telephone Field,recover-20220922,001,1795
912.9535,912.965,23750,29571,Nyctalus leisleri,0.01,0.022,-1,Echolocation,/mnt/ubna_data_02_mir/recover-20220922/UBNA_001/20220921_090000.WAV,Telephone Field,recover-20220922,001,1795
912.9685,913.007,68437,82017,Rhinolophus ferrumequinum,0.023,0.023,-1,Echolocation,/mnt/ubna_data_02_mir/recover-20220922/UBNA_001/20220921_090000.WAV,Telephone Field,recover-20220922,001,1795
912.9845,913.0179,68437,80207,Rhinolophus ferrumequinum,0.028,0.028,-1,Echolocation,/mnt/ubna_data_02_mir/recover-20220922/UBNA_001/20220921_090000.WAV,Telephone Field,recover-20220922,001,1795
913.0035,913.0243,18593,22448,Nyctalus noctula,0.019,0.03,-1,Echolocation,/mnt/ubna_data_02_mir/recover-20220922/UBNA_001/20220921_090000.WAV,Telephone Field,recover-20220922,001,1795
913.0085,913.0183,30625,39159,Eptesicus serotinus,0.016,0.042,-1,Echolocation,/mnt/ubna_data_02_mir/recover-20220922/UBNA_001/20220921_090000.WAV,Telephone Field,recover-20220922,001,1795
913.0085,913.017,47812,56494,Pipistrellus pipistrellus,0.019,0.023,-1,Echolocation,/mnt/ubna_data_02_mir/recover-20220922/UBNA_001/20220921_090000.WAV,Telephone Field,recover-20220922,001,1795
913.0395,913.0823,68437,83092,Rhinolophus ferrumequinum,0.04,0.04,-1,Echolocation,/mnt/ubna_data_02_mir/recover-20220922/UBNA_001/20220921_090000.WAV,Telephone Field,recover-20220922,001,1795
913.0405,913.0517,22890,27788,Nyctalus leisleri,0.011,0.022,-1,Echolocation,/mnt/ubna_data_02_mir/recover-20220922/UBNA_001/20220921_090000.WAV,Telephone Field,recover-20220922,001,1795
913.0635,913.0719,28906,37193,Eptesicus serotinus,0.007,0.022,-1,Echolocation,/mnt/ubna_data_02_mir/recover-20220922/UBNA_001/20220921_090000.WAV,Telephone Field,recover-20220922,001,1795
913.0655,913.1013,68437,81805,Rhinolophus ferrumequinum,0.022,0.022,-1,Echolocation,/mnt/ubna_data_02_mir/recover-20220922/UBNA_001/20220921_090000.WAV,Telephone Field,recover-20220922,001,1795
913.0745,913.0823,47812,52816,Pipistrellus pipistrellus,0.023,0.024,-1,Echolocation,/mnt/ubna_data_02_mir/recover-20220922/UBNA_001/20220921_090000.WAV,Telephone Field,recover-20220922,001,1795
913.0935,913.131,68437,81901,Rhinolophus ferrumequinum,0.022,0.022,-1,Echolocation,/mnt/ubna_data_02_mir/recover-20220922/UBNA_001/20220921_090000.WAV,Telephone Field,recover-20220922,001,1795
913.1165,913.1536,68437,81727,Rhinolophus ferrumequinum,0.032,0.032,-1,Echolocation,/mnt/ubna_data_02_mir/recover-20220922/UBNA_001/20220921_090000.WAV,Telephone Field,recover-20220922,001,1795
913.1305,913.1687,68437,81510,Rhinolophus ferrumequinum,0.029,0.029,-1,Echolocation,/mnt/ubna_data_02_mir/recover-20220922/UBNA_001/20220921_090000.WAV,Telephone Field,recover-20220922,001,1795
913.1435,913.1625,16015,21319,Nyctalus noctula,0.034,0.043,-1,Echolocation,/mnt/ubna_data_02_mir/recover-20220922/UBNA_001/20220921_090000.WAV,Telephone Field,recover-20220922,001,1795
913.1505,913.157,25468,36156,Plecotus austriacus,0.01,0.033,-1,Echolocation,/mnt/ubna_data_02_mir/recover-20220922/UBNA_001/20220921_090000.WAV,Telephone Field,recover-20220922,001,1795
913.2125,913.2211,28906,38804,Eptesicus serotinus,0.01,0.025,-1,Echolocation,/mnt/ubna_data_02_mir/recover-20220922/UBNA_001/20220921_090000.WAV,Telephone Field,recover-20220922,001,1795
913.2205,913.2616,68437,82373,Rhinolophus ferrumequinum,0.033,0.033,-1,Echolocation,/mnt/ubna_data_02_mir/recover-20220922/UBNA_001/20220921_090000.WAV,Telephone Field,recover-20220922,001,1795
913.2355,913.2431,28906,37722,Eptesicus serotinus,0.008,0.025,-1,Echolocation,/mnt/ubna_data_02_mir/recover-20220922/UBNA_001/20220921_090000.WAV,Telephone Field,recover-20220922,001,1795
913.2595,913.2955,68437,81324,Rhinolophus ferrumequinum,0.024,0.024,-1,Echolocation,/mnt/ubna_data_02_mir/recover-20220922/UBNA_001/20220921_090000.WAV,Telephone Field,recover-20220922,001,1795
913.2875,913.3249,68437,82869,Rhinolophus ferrumequinum,0.023,0.023,-1,Echolocation,/mnt/ubna_data_02_mir/recover-20220922/UBNA_001/20220921_090000.WAV,Telephone Field,recover-20220922,001,1795
913.3215,913.3289,23750,32095,Plecotus austriacus,0.01,0.023,-1,Echolocation,/mnt/ubna_data_02_mir/recover-20220922/UBNA_001/20220921_090000.WAV,Telephone Field,recover-20220922,001,1795
913.3845,913.4221,68437,82088,Rhinolophus ferrumequinum,0.022,0.022,-1,Echolocation,/mnt/ubna_data_02_mir/recover-20220922/UBNA_001/20220921_090000.WAV,Telephone Field,recover-20220922,001,1795
913.3985,913.4442,68437,83722,Rhinolophus ferrumequinum,0.042,0.042,-1,Echolocation,/mnt/ubna_data_02_mir/recover-20220922/UBNA_001/20220921_090000.WAV,Telephone Field,recover-20220922,001,1795
913.4355,913.4754,68437,82451,Rhinolophus ferrumequinum,0.036,0.036,-1,Echolocation,/mnt/ubna_data_02_mir/recover-20220922/UBNA_001/20220921_090000.WAV,Telephone Field,recover-20220922,001,1795
913.4665,913.5019,68437,80338,Rhinolophus ferrumequinum,0.027,0.027,-1,Echolocation,/mnt/ubna_data_02_mir/recover-20220922/UBNA_001/20220921_090000.WAV,Telephone Field,recover-20220922,001,1795
913.4715,913.4835,28906,35077,Eptesicus serotinus,0.022,0.038,-1,Echolocation,/mnt/ubna_data_02_mir/recover-20220922/UBNA_001/20220921_090000.WAV,Telephone Field,recover-20220922,001,1795
913.4955,913.5053,47812,55305,Pipistrellus pipistrellus,0.029,0.033,-1,Echolocation,/mnt/ubna_data_02_mir/recover-20220922/UBNA_001/20220921_090000.WAV,Telephone Field,recover-20220922,001,1795
913.4995,913.5373,68437,81419,Rhinolophus ferrumequinum,0.025,0.025,-1,Echolocation,/mnt/ubna_data_02_mir/recover-20220922/UBNA_001/20220921_090000.WAV,Telephone Field,recover-20220922,001,1795
913.5235,913.565,68437,82542,Rhinolophus ferrumequinum,0.023,0.023,-1,Echolocation,/mnt/ubna_data_02_mir/recover-20220922/UBNA_001/20220921_090000.WAV,Telephone Field,recover-20220922,001,1795
913.5305,913.5715,68437,82577,Rhinolophus ferrumequinum,0.024,0.024,-1,Echolocation,/mnt/ubna_data_02_mir/recover-20220922/UBNA_001/20220921_090000.WAV,Telephone Field,recover-20220922,001,1795
913.5775,913.5877,22031,27201,Nyctalus leisleri,0.011,0.025,-1,Echolocation,/mnt/ubna_data_02_mir/recover-20220922/UBNA_001/20220921_090000.WAV,Telephone Field,recover-20220922,001,1795
913.5925,913.628,68437,81307,Rhinolophus ferrumequinum,0.024,0.024,-1,Echolocation,/mnt/ubna_data_02_mir/recover-20220922/UBNA_001/20220921_090000.WAV,Telephone Field,recover-20220922,001,1795
913.6035,913.613,44375,48421,Pipistrellus pipistrellus,0.023,0.025,-1,Echolocation,/mnt/ubna_data_02_mir/recover-20220922/UBNA_001/20220921_090000.WAV,Telephone Field,recover-20220922,001,1795
913.6105,913.6496,68437,82007,Rhinolophus ferrumequinum,0.022,0.022,-1,Echolocation,/mnt/ubna_data_02_mir/recover-20220922/UBNA_001/20220921_090000.WAV,Telephone Field,recover-20220922,001,1795
913.6235,913.6601,68437,81534,Rhinolophus ferrumequinum,0.023,0.023,-1,Echolocation,/mnt/ubna_data_02_mir/recover-20220922/UBNA_001/20220921_090000.WAV,Telephone Field,recover-20220922,001,1795
913.6355,913.6478,26328,31409,Eptesicus serotinus,0.021,0.052,-1,Echolocation,/mnt/ubna_data_02_mir/recover-20220922/UBNA_001/20220921_090000.WAV,Telephone Field,recover-20220922,001,1795
913.6655,913.6774,27187,33576,Eptesicus serotinus,0.018,0.032,-1,Echolocation,/mnt/ubna_data_02_mir/recover-20220922/UBNA_001/20220921_090000.WAV,Telephone Field,recover-20220922,001,1795
913.6695,913.7104,68437,82698,Rhinolophus ferrumequinum,0.032,0.032,-1,Echolocation,/mnt/ubna_data_02_mir/recover-20220922/UBNA_001/20220921_090000.WAV,Telephone Field,recover-20220922,001,1795
913.7265,913.7645,68437,81507,Rhinolophus ferrumequinum,0.022,0.022,-1,Echolocation,/mnt/ubna_data_02_mir/recover-20220922/UBNA_001/20220921_090000.WAV,Telephone Field,recover-20220922,001,1795
913.7485,913.7559,23750,32262,Plecotus austriacus,0.009,0.023,-1,Echolocation,/mnt/ubna_data_02_mir/recover-20220922/UBNA_001/20220921_090000.WAV,Telephone Field,recover-20220922,001,1795
913.7685,913.7795,44375,47617,Pipistrellus pipistrellus,0.019,0.022,-1,Echolocation,/mnt/ubna_data_02_mir/recover-20220922/UBNA_001/20220921_090000.WAV,Telephone Field,recover-20220922,001,1795
913.7735,913.8077,68437,80290,Rhinolophus ferrumequinum,0.023,0.023,-1,Echolocation,/mnt/ubna_data_02_mir/recover-20220922/UBNA_001/20220921_090000.WAV,Telephone Field,recover-20220922,001,1795
913.8095,913.8514,68437,82987,Rhinolophus ferrumequinum,0.031,0.031,-1,Echolocation,/mnt/ubna_data_02_mir/recover-20220922/UBNA_001/20220921_090000.WAV,Telephone Field,recover-20220922,001,1795
913.8165,913.8298,24609,29469,Nyctalus leisleri,0.018,0.033,-1,Echolocation,/mnt/ubna_data_02_mir/recover-20220922/UBNA_001/20220921_090000.WAV,Telephone Field,recover-20220922,001,1795
913.8185,913.8588,68437,82153,Rhinolophus ferrumequinum,0.026,0.026,-1,Echolocation,/mnt/ubna_data_02_mir/recover-20220922/UBNA_001/20220921_090000.WAV,Telephone Field,recover-20220922,001,1795
913.8365,913.8465,28906,36308,Eptesicus serotinus,0.012,0.025,-1,Echolocation,/mnt/ubna_data_02_mir/recover-20220922/UBNA_001/20220921_090000.WAV,Telephone Field,recover-20220922,001,1795
913.8575,913.8956,68437,81136,Rhinolophus ferrumequinum,0.024,0.024,-1,Echolocation,/mnt/ubna_data_02_mir/recover-20220922/UBNA_001/20220921_090000.WAV,Telephone Field,recover-20220922,001,1795
913.8675,913.9082,68437,82550,Rhinolophus ferrumequinum,0.025,0.025,-1,Echolocation,/mnt/ubna_data_02_mir/recover-20220922/UBNA_001/20220921_090000.WAV,Telephone Field,recover-20220922,001,1795
913.8855,913.9272,68437,82513,Rhinolophus ferrumequinum,0.025,0.025,-1,Echolocation,/mnt/ubna_data_02_mir/recover-20220922/UBNA_001/20220921_090000.WAV,Telephone Field,recover-20220922,001,1795
913.9065,913.9153,29765,37373,Eptesicus serotinus,0.007,0.023,-1,Echolocation,/mnt/ubna_data_02_mir/recover-20220922/UBNA_001/20220921_090000.WAV,Telephone Field,recover-20220922,001,1795
913.9405,913.9805,68437,82458,Rhinolophus ferrumequinum,0.023,0.023,-1,Echolocation,/mnt/ubna_data_02_mir/recover-20220922/UBNA_001/20220921_090000.WAV,Telephone Field,recover-20220922,001,1795
914.0015,914.036,69296,80749,Rhinolophus ferrumequinum,0.066,0.067,-1,Echolocation,/mnt/ubna_data_02_mir/recover-20220922/UBNA_001/20220921_090000.WAV,Telephone Field,recover-20220922,001,1795
914.0015,914.0105,25468,33125,Nyctalus leisleri,0.013,0.034,-1,Echolocation,/mnt/ubna_data_02_mir/recover-20220922/UBNA_001/20220921_090000.WAV,Telephone Field,recover-20220922,001,1795
914.0285,914.0366,46953,50957,Pipistrellus pipistrellus,0.021,0.022,-1,Echolocation,/mnt/ubna_data_02_mir/recover-20220922/UBNA_001/20220921_090000.WAV,Telephone Field,recover-20220922,001,1795
914.0345,914.073,68437,82027,Rhinolophus ferrumequinum,0.022,0.022,-1,Echolocation,/mnt/ubna_data_02_mir/recover-20220922/UBNA_001/20220921_090000.WAV,Telephone Field,recover-20220922,001,1795
914.0545,914.0902,68437,81532,Rhinolophus ferrumequinum,0.021,0.021,-1,Echolocation,/mnt/ubna_data_02_mir/recover-20220922/UBNA_001/20220921_090000.WAV,Telephone Field,recover-20220922,001,1795
914.0695,914.0825,28906,36035,Eptesicus serotinus,0.017,0.032,-1,Echolocation,/mnt/ubna_data_02_mir/recover-20220922/UBNA_001/20220921_090000.WAV,Telephone Field,recover-20220922,001,1795
914.0855,914.1266,68437,82749,Rhinolophus ferrumequinum,0.023,0.023,-1,Echolocation,/mnt/ubna_data_02_mir/recover-20220922/UBNA_001/20220921_090000.WAV,Telephone Field,recover-20220922,001,1795
914.0865,914.0964,28046,36879,Eptesicus serotinus,0.009,0.023,-1,Echolocation,/mnt/ubna_data_02_mir/recover-20220922/UBNA_001/20220921_090000.WAV,Telephone Field,recover-20220922,001,1795
914.1365,914.1601,16875,22211,Nyctalus noctula,0.018,0.023,-1,Echolocation,/mnt/ubna_data_02_mir/recover-20220922/UBNA_001/20220921_090000.WAV,Telephone Field,recover-20220922,001,1795
914.1375,914.1773,68437,81890,Rhinolophus ferrumequinum,0.026,0.026,-1,Echolocation,/mnt/ubna_data_02_mir/recover-20220922/UBNA_001/20220921_090000.WAV,Telephone Field,recover-20220922,001,1795
914.1415,914.1502,28906,38890,Eptesicus serotinus,0.013,0.034,-1,Echolocation,/mnt/ubna_data_02_mir/recover-20220922/UBNA_001/20220921_090000.WAV,Telephone Field,recover-20220922,001,1795
914.1755,914.1833,23750,32178,Plecotus austriacus,0.01,0.026,-1,Echolocation,/mnt/ubna_data_02_mir/recover-20220922/UBNA_001/20220921_090000.WAV,Telephone Field,recover-20220922,001,1795
914.1875,914.2276,68437,82443,Rhinolophus ferrumequinum,0.026,0.026,-1,Echolocation,/mnt/ubna_data_02_mir/recover-20220922/UBNA_001/20220921_090000.WAV,Telephone Field,recover-20220922,001,1795
914.2165,914.2568,68437,82836,Rhinolophus ferrumequinum,0.024,0.024,-1,Echolocation,/mnt/ubna_data_02_mir/recover-20220922/UBNA_001/20220921_090000.WAV,Telephone Field,recover-20220922,001,1795
914.2375,914.2775,68437,82297,Rhinolophus ferrumequinum,0.021,0.021,-1,Echolocation,/mnt/ubna_data_02_mir/recover-20220922/UBNA_001/20220921_090000.WAV,Telephone Field,recover-20220922,001,1795
914.2485,914.2897,68437,82509,Rhinolophus ferrumequinum,0.026,0.026,-1,Echolocation,/mnt/ubna_data_02_mir/recover-20220922/UBNA_001/20220921_090000.WAV,Telephone Field,recover-20220922,001,1795
914.2955,914.3313,68437,82119,Rhinolophus ferrumequinum,0.021,0.021,-1,Echolocation,/mnt/ubna_data_02_mir/recover-20220922/UBNA_001/20220921_090000.WAV,Telephone Field,recover-20220922,001,1795
914.3055,914.3164,23750,29156,Nyctalus leisleri,0.012,0.028,-1,Echolocation,/mnt/ubna_data_02_mir/recover-20220922/UBNA_001/20220921_090000.WAV,Telephone Field,recover-20220922,001,1795
914.3465,914.3859,68437,82803,Rhinolophus ferrumequinum,0.024,0.024,-1,Echolocation,/mnt/ubna_data_02_mir/recover-20220922/UBNA_001/20220921_090000.WAV,Telephone Field,recover-20220922,001,1795
914.3585,914.3973,68437,81935,Rhinolophus ferrumequinum,0.021,0.021,-1,Echolocation,/mnt/ubna_data_02_mir/recover-20220922/UBNA_001/20220921_090000.WAV,Telephone Field,recover-20220922,001,1795
914.3815,914.3912,27187,35472,Eptesicus serotinus,0.012,0.025,-1,Echolocation,/mnt/ubna_data_02_mir/recover-20220922/UBNA_001/20220921_090000.WAV,Telephone Field,recover-20220922,001,1795
914.4055,914.4425,68437,81540,Rhinolophus ferrumequinum,0.025,0.025,-1,Echolocation,/mnt/ubna_data_02_mir/recover-20220922/UBNA_001/20220921_090000.WAV,Telephone Field,recover-20220922,001,1795
914.4395,914.4834,68437,83250,Rhinolophus ferrumequinum,0.03,0.03,-1,Echolocation,/mnt/ubna_data_02_mir/recover-20220922/UBNA_001/20220921_090000.WAV,Telephone Field,recover-20220922,001,1795
914.4645,914.5036,68437,82250,Rhinolophus ferrumequinum,0.021,0.021,-1,Echolocation,/mnt/ubna_data_02_mir/recover-20220922/UBNA_001/20220921_090000.WAV,Telephone Field,recover-20220922,001,1795
914.4855,914.5241,68437,81671,Rhinolophus ferrumequinum,0.023,0.023,-1,Echolocation,/mnt/ubna_data_02_mir/recover-20220922/UBNA_001/20220921_090000.WAV,Telephone Field,recover-20220922,001,1795
914.5125,914.5234,23750,29324,Nyctalus leisleri,0.02,0.043,-1,Echolocation,/mnt/ubna_data_02_mir/recover-20220922/UBNA_001/20220921_090000.WAV,Telephone Field,recover-20220922,001,1795
914.5325,914.5717,68437,82069,Rhinolophus ferrumequinum,0.021,0.021,-1,Echolocation,/mnt/ubna_data_02_mir/recover-20220922/UBNA_001/20220921_090000.WAV,Telephone Field,recover-20220922,001,1795
914.5395,914.5793,68437,82138,Rhinolophus ferrumequinum,0.021,0.022,-1,Echolocation,/mnt/ubna_data_02_mir/recover-20220922/UBNA_001/20220921_090000.WAV,Telephone Field,recover-20220922,001,1795
914.5915,914.6288,68437,82034,Rhinolophus ferrumequinum,0.03,0.03,-1,Echolocation,/mnt/ubna_data_02_mir/recover-20220922/UBNA_001/20220921_090000.WAV,Telephone Field,recover-20220922,001,1795
914.5975,914.6055,28906,37895,Eptesicus serotinus,0.008,0.025,-1,Echolocation,/mnt/ubna_data_02_mir/recover-20220922/UBNA_001/20220921_090000.WAV,Telephone Field,recover-20220922,001,1795
914.6045,914.6427,68437,82352,Rhinolophus ferrumequinum,0.022,0.022,-1,Echolocation,/mnt/ubna_data_02_mir/recover-20220922/UBNA_001/20220921_090000.WAV,Telephone Field,recover-20220922,001,1795
914.6585,914.6985,68437,82589,Rhinolophus ferrumequinum,0.024,0.024,-1,Echolocation,/mnt/ubna_data_02_mir/recover-20220922/UBNA_001/20220921_090000.WAV,Telephone Field,recover-20220922,001,1795
914.6745,914.7137,68437,81778,Rhinolophus ferrumequinum,0.022,0.022,-1,Echolocation,/mnt/ubna_data_02_mir/recover-20220922/UBNA_001/20220921_090000.WAV,Telephone Field,recover-20220922,001,1795
914.6745,914.6821,26328,39347,Eptesicus serotinus,0.006,0.022,-1,Echolocation,/mnt/ubna_data_02_mir/recover-20220922/UBNA_001/20220921_090000.WAV,Telephone Field,recover-20220922,001,1795
914.6745,914.6816,35781,43801,Myotis daubentonii,0.013,0.024,-1,Echolocation,/mnt/ubna_data_02_mir/recover-20220922/UBNA_001/20220921_090000.WAV,Telephone Field,recover-20220922,001,1795
914.6815,914.6904,27187,35944,Eptesicus serotinus,0.007,0.022,-1,Echolocation,/mnt/ubna_data_02_mir/recover-20220922/UBNA_001/20220921_090000.WAV,Telephone Field,recover-20220922,001,1795
914.7075,914.7164,22890,29633,Plecotus austriacus,0.009,0.023,-1,Echolocation,/mnt/ubna_data_02_mir/recover-20220922/UBNA_001/20220921_090000.WAV,Telephone Field,recover-20220922,001,1795
914.7285,914.7672,68437,82135,Rhinolophus ferrumequinum,0.021,0.021,-1,Echolocation,/mnt/ubna_data_02_mir/recover-20220922/UBNA_001/20220921_090000.WAV,Telephone Field,recover-20220922,001,1795
914.7345,914.7433,27187,36839,Eptesicus serotinus,0.008,0.021,-1,Echolocation,/mnt/ubna_data_02_mir/recover-20220922/UBNA_001/20220921_090000.WAV,Telephone Field,recover-20220922,001,1795
914.7575,914.7983,68437,82426,Rhinolophus ferrumequinum,0.025,0.025,-1,Echolocation,/mnt/ubna_data_02_mir/recover-20220922/UBNA_001/20220921_090000.WAV,Telephone Field,recover-20220922,001,1795
914.7615,914.7762,22031,26706,Nyctalus leisleri,0.05,0.127,-1,Echolocation,/mnt/ubna_data_02_mir/recover-20220922/UBNA_001/20220921_090000.WAV,Telephone Field,recover-20220922,001,1795
914.7805,914.8202,68437,82270,Rhinolophus ferrumequinum,0.024,0.024,-1,Echolocation,/mnt/ubna_data_02_mir/recover-20220922/UBNA_001/20220921_090000.WAV,Telephone Field,recover-20220922,001,1795
914.8415,914.8818,68437,82448,Rhinolophus ferrumequinum,0.025,0.025,-1,Echolocation,/mnt/ubna_data_02_mir/recover-20220922/UBNA_001/20220921_090000.WAV,Telephone Field,recover-20220922,001,1795
914.8555,914.8931,68437,81556,Rhinolophus ferrumequinum,0.025,0.025,-1,Echolocation,/mnt/ubna_data_02_mir/recover-20220922/UBNA_001/20220921_090000.WAV,Telephone Field,recover-20220922,001,1795
914.9205,914.9597,68437,82040,Rhinolophus ferrumequinum,0.021,0.021,-1,Echolocation,/mnt/ubna_data_02_mir/recover-20220922/UBNA_001/20220921_090000.WAV,Telephone Field,recover-20220922,001,1795
914.9295,914.9652,68437,81226,Rhinolophus ferrumequinum,0.021,0.021,-1,Echolocation,/mnt/ubna_data_02_mir/recover-20220922/UBNA_001/20220921_090000.WAV,Telephone Field,recover-20220922,001,1795
914.9585,914.968,28906,37099,Eptesicus serotinus,0.008,0.022,-1,Echolocation,/mnt/ubna_data_02_mir/recover-20220922/UBNA_001/20220921_090000.WAV,Telephone Field,recover-20220922,001,1795
914.9715,915.0127,68437,82596,Rhinolophus ferrumequinum,0.024,0.024,-1,Echolocation,/mnt/ubna_data_02_mir/recover-20220922/UBNA_001/20220921_090000.WAV,Telephone Field,recover-20220922,001,1795
914.9915,915.0297,68437,82099,Rhinolophus ferrumequinum,0.023,0.023,-1,Echolocation,/mnt/ubna_data_02_mir/recover-20220922/UBNA_001/20220921_090000.WAV,Telephone Field,recover-20220922,001,1795
914.9965,915.0365,68437,82318,Rhinolophus ferrumequinum,0.022,0.022,-1,Echolocation,/mnt/ubna_data_02_mir/recover-20220922/UBNA_001/20220921_090000.WAV,Telephone Field,recover-20220922,001,1795
915.0045,915.0121,28046,38433,Eptesicus serotinus,0.007,0.023,-1,Echolocation,/mnt/ubna_data_02_mir/recover-20220922/UBNA_001/20220921_090000.WAV,Telephone Field,recover-20220922,001,1795
915.0075,915.0492,68437,82638,Rhinolophus ferrumequinum,0.022,0.022,-1,Echolocation,/mnt/ubna_data_02_mir/recover-20220922/UBNA_001/20220921_090000.WAV,Telephone Field,recover-20220922,001,1795
915.0405,915.0486,28046,39183,Eptesicus serotinus,0.007,0.021,-1,Echolocation,/mnt/ubna_data_02_mir/recover-20220922/UBNA_001/20220921_090000.WAV,Telephone Field,recover-20220922,001,1795
915.0455,915.0846,68437,81806,Rhinolophus ferrumequinum,0.023,0.023,-1,Echolocation,/mnt/ubna_data_02_mir/recover-20220922/UBNA_001/20220921_090000.WAV,Telephone Field,recover-20220922,001,1795
915.0975,915.1329,68437,81783,Rhinolophus ferrumequinum,0.023,0.023,-1,Echolocation,/mnt/ubna_data_02_mir/recover-20220922/UBNA_001/20220921_090000.WAV,Telephone Field,recover-20220922,001,1795
915.1135,915.1224,29765,39557,Eptesicus serotinus,0.007,0.022,-1,Echolocation,/mnt/ubna_data_02_mir/recover-20220922/UBNA_001/20220921_090000.WAV,Telephone Field,recover-20220922,001,1795
915.1185,915.1547,68437,81339,Rhinolophus ferrumequinum,0.021,0.022,-1,Echolocation,/mnt/ubna_data_02_mir/recover-20220922/UBNA_001/20220921_090000.WAV,Telephone Field,recover-20220922,001,1795
915.1325,915.1686,68437,80922,Rhinolophus ferrumequinum,0.043,0.043,-1,Echolocation,/mnt/ubna_data_02_mir/recover-20220922/UBNA_001/20220921_090000.WAV,Telephone Field,recover-20220922,001,1795
915.1475,915.1853,68437,81544,Rhinolophus ferrumequinum,0.022,0.022,-1,Echolocation,/mnt/ubna_data_02_mir/recover-20220922/UBNA_001/20220921_090000.WAV,Telephone Field,recover-20220922,001,1795
915.1595,915.1944,68437,81481,Rhinolophus ferrumequinum,0.021,0.021,-1,Echolocation,/mnt/ubna_data_02_mir/recover-20220922/UBNA_001/20220921_090000.WAV,Telephone Field,recover-20220922,001,1795
915.1845,915.1929,23750,31115,Plecotus austriacus,0.009,0.023,-1,Echolocation,/mnt/ubna_data_02_mir/recover-20220922/UBNA_001/20220921_090000.WAV,Telephone Field,recover-20220922,001,1795
915.2095,915.2482,68437,82265,Rhinolophus ferrumequinum,0.023,0.023,-1,Echolocation,/mnt/ubna_data_02_mir/recover-20220922/UBNA_001/20220921_090000.WAV,Telephone Field,recover-20220922,001,1795
915.2515,915.2908,68437,82271,Rhinolophus ferrumequinum,0.024,0.024,-1,Echolocation,/mnt/ubna_data_02_mir/recover-20220922/UBNA_001/20220921_090000.WAV,Telephone Field,recover-20220922,001,1795
915.2645,915.3036,68437,81787,Rhinolophus ferrumequinum,0.021,0.021,-1,Echolocation,/mnt/ubna_data_02_mir/recover-20220922/UBNA_001/20220921_090000.WAV,Telephone Field,recover-20220922,001,1795
915.3035,915.3112,27187,39234,Eptesicus serotinus,0.006,0.022,-1,Echolocation,/mnt/ubna_data_02_mir/recover-20220922/UBNA_001/20220921_090000.WAV,Telephone Field,recover-20220922,001,1795
915.3215,915.3623,68437,82728,Rhinolophus ferrumequinum,0.022,0.022,-1,Echolocation,/mnt/ubna_data_02_mir/recover-20220922/UBNA_001/20220921_090000.WAV,Telephone Field,recover-20220922,001,1795
915.3245,915.3367,22031,25845,Nyctalus leisleri,0.013,0.021,-1,Echolocation,/mnt/ubna_data_02_mir/recover-20220922/UBNA_001/20220921_090000.WAV,Telephone Field,recover-20220922,001,1795
915.3515,915.3923,68437,82865,Rhinolophus ferrumequinum,0.026,0.026,-1,Echolocation,/mnt/ubna_data_02_mir/recover-20220922/UBNA_001/20220921_090000.WAV,Telephone Field,recover-20220922,001,1795
915.3815,915.4206,68437,82332,Rhinolophus ferrumequinum,0.024,0.024,-1,Echolocation,/mnt/ubna_data_02_mir/recover-20220922/UBNA_001/20220921_090000.WAV,Telephone Field,recover-20220922,001,1795
915.4015,915.4392,68437,81884,Rhinolophus ferrumequinum,0.023,0.023,-1,Echolocation,/mnt/ubna_data_02_mir/recover-20220922/UBNA_001/20220921_090000.WAV,Telephone Field,recover-20220922,001,1795
915.4155,915.4552,68437,82248,Rhinolophus ferrumequinum,0.021,0.021,-1,Echolocation,/mnt/ubna_data_02_mir/recover-20220922/UBNA_001/20220921_090000.WAV,Telephone Field,recover-20220922,001,1795
915.4365,915.4753,68437,82220,Rhinolophus ferrumequinum,0.021,0.021,-1,Echolocation,/mnt/ubna_data_02_mir/recover-20220922/UBNA_001/20220921_090000.WAV,Telephone Field,recover-20220922,001,1795
915.4455,915.4644,19453,22570,Nyctalus leisleri,0.017,0.033,-1,Echolocation,/mnt/ubna_data_02_mir/recover-20220922/UBNA_001/20220921_090000.WAV,Telephone Field,recover-20220922,001,1795
915.4565,915.4648,23750,32189,Plecotus austriacus,0.008,0.023,-1,Echolocation,/mnt/ubna_data_02_mir/recover-20220922/UBNA_001/20220921_090000.WAV,Telephone Field,recover-20220922,001,1795
915.4645,915.5048,68437,82254,Rhinolophus ferrumequinum,0.027,0.027,-1,Echolocation,/mnt/ubna_data_02_mir/recover-20220922/UBNA_001/20220921_090000.WAV,Telephone Field,recover-20220922,001,1795
915.5335,915.5437,22890,28127,Nyctalus leisleri,0.01,0.022,-1,Echolocation,/mnt/ubna_data_02_mir/recover-20220922/UBNA_001/20220921_090000.WAV,Telephone Field,recover-20220922,001,1795
915.5535,915.5928,68437,82453,Rhinolophus ferrumequinum,0.024,0.024,-1,Echolocation,/mnt/ubna_data_02_mir/recover-20220922/UBNA_001/20220921_090000.WAV,Telephone Field,recover-20220922,001,1795
915.5735,915.6148,68437,82643,Rhinolophus ferrumequinum,0.023,0.023,-1,Echolocation,/mnt/ubna_data_02_mir/recover-20220922/UBNA_001/20220921_090000.WAV,Telephone Field,recover-20220922,001,1795
915.5815,915.6213,68437,82244,Rhinolophus ferrumequinum,0.023,0.023,-1,Echolocation,/mnt/ubna_data_02_mir/recover-20220922/UBNA_001/20220921_090000.WAV,Telephone Field,recover-20220922,001,1795
915.6045,915.6125,27187,38540,Eptesicus serotinus,0.007,0.022,-1,Echolocation,/mnt/ubna_data_02_mir/recover-20220922/UBNA_001/20220921_090000.WAV,Telephone Field,recover-20220922,001,1795
915.6075,915.649,68437,82797,Rhinolophus ferrumequinum,0.023,0.023,-1,Echolocation,/mnt/ubna_data_02_mir/recover-20220922/UBNA_001/20220921_090000.WAV,Telephone Field,recover-20220922,001,1795
915.6255,915.64,22031,26633,Nyctalus leisleri,0.015,0.033,-1,Echolocation,/mnt/ubna_data_02_mir/recover-20220922/UBNA_001/20220921_090000.WAV,Telephone Field,recover-20220922,001,1795
915.6285,915.667,68437,81727,Rhinolophus ferrumequinum,0.021,0.021,-1,Echolocation,/mnt/ubna_data_02_mir/recover-20220922/UBNA_001/20220921_090000.WAV,Telephone Field,recover-20220922,001,1795
915.6575,915.6634,50390,56050,Pipistrellus pipistrellus,0.02,0.022,-1,Echolocation,/mnt/ubna_data_02_mir/recover-20220922/UBNA_001/20220921_090000.WAV,Telephone Field,recover-20220922,001,1795
915.6575,915.6995,68437,82884,Rhinolophus ferrumequinum,0.022,0.022,-1,Echolocation,/mnt/ubna_data_02_mir/recover-20220922/UBNA_001/20220921_090000.WAV,Telephone Field,recover-20220922,001,1795
915.6795,915.7161,68437,81490,Rhinolophus ferrumequinum,0.021,0.021,-1,Echolocation,/mnt/ubna_data_02_mir/recover-20220922/UBNA_001/20220921_090000.WAV,Telephone Field,recover-20220922,001,1795
915.7085,915.749,68437,82574,Rhinolophus ferrumequinum,0.023,0.023,-1,Echolocation,/mnt/ubna_data_02_mir/recover-20220922/UBNA_001/20220921_090000.WAV,Telephone Field,recover-20220922,001,1795
915.7205,915.7594,68437,82435,Rhinolophus ferrumequinum,0.024,0.024,-1,Echolocation,/mnt/ubna_data_02_mir/recover-20220922/UBNA_001/20220921_090000.WAV,Telephone Field,recover-20220922,001,1795
915.7205,915.732,28906,36248,Eptesicus serotinus,0.011,0.023,-1,Echolocation,/mnt/ubna_data_02_mir/recover-20220922/UBNA_001/20220921_090000.WAV,Telephone Field,recover-20220922,001,1795
915.7285,915.7688,68437,82335,Rhinolophus ferrumequinum,0.021,0.021,-1,Echolocation,/mnt/ubna_data_02_mir/recover-20220922/UBNA_001/20220921_090000.WAV,Telephone Field,recover-20220922,001,1795
915.7685,915.8098,68437,82734,Rhinolophus ferrumequinum,0.025,0.025,-1,Echolocation,/mnt/ubna_data_02_mir/recover-20220922/UBNA_001/20220921_090000.WAV,Telephone Field,recover-20220922,001,1795
915.7765,915.7897,38359,41786,Pipistrellus nathusii,0.054,0.072,-1,Echolocation,/mnt/ubna_data_02_mir/recover-20220922/UBNA_001/20220921_090000.WAV,Telephone Field,recover-20220922,001,1795
915.7765,915.7884,22890,27952,Nyctalus leisleri,0.013,0.025,-1,Echolocation,/mnt/ubna_data_02_mir/recover-20220922/UBNA_001/20220921_090000.WAV,Telephone Field,recover-20220922,001,1795
915.7845,915.8215,68437,81214,Rhinolophus ferrumequinum,0.022,0.022,-1,Echolocation,/mnt/ubna_data_02_mir/recover-20220922/UBNA_001/20220921_090000.WAV,Telephone Field,recover-20220922,001,1795
915.8245,915.8608,68437,81097,Rhinolophus ferrumequinum,0.022,0.022,-1,Echolocation,/mnt/ubna_data_02_mir/recover-20220922/UBNA_001/20220921_090000.WAV,Telephone Field,recover-20220922,001,1795
915.8355,915.8734,68437,81810,Rhinolophus ferrumequinum,0.021,0.021,-1,Echolocation,/mnt/ubna_data_02_mir/recover-20220922/UBNA_001/20220921_090000.WAV,Telephone Field,recover-20220922,001,1795
915.8625,915.9004,68437,82128,Rhinolophus ferrumequinum,0.022,0.022,-1,Echolocation,/mnt/ubna_data_02_mir/recover-20220922/UBNA_001/20220921_090000.WAV,Telephone Field,recover-20220922,001,1795
915.8635,915.8714,27187,39141,Eptesicus serotinus,0.007,0.022,-1,Echolocation,/mnt/ubna_data_02_mir/recover-20220922/UBNA_001/20220921_090000.WAV,Telephone Field,recover-20220922,001,1795
915.9265,915.9659,68437,82009,Rhinolophus ferrumequinum,0.021,0.021,-1,Echolocation,/mnt/ubna_data_02_mir/recover-20220922/UBNA_001/20220921_090000.WAV,Telephone Field,recover-20220922,001,1795
915.9475,915.9571,22031,26810,Nyctalus leisleri,0.009,0.022,-1,Echolocation,/mnt/ubna_data_02_mir/recover-20220922/UBNA_001/20220921_090000.WAV,Telephone Field,recover-20220922,001,1795
915.9495,915.9841,68437,80882,Rhinolophus ferrumequinum,0.022,0.022,-1,Echolocation,/mnt/ubna_data_02_mir/recover-20220922/UBNA_001/20220921_090000.WAV,Telephone Field,recover-20220922,001,1795
915.9665,915.9746,28906,39208,Eptesicus serotinus,0.008,0.024,-1,Echolocation,/mnt/ubna_data_02_mir/recover-20220922/UBNA_001/20220921_090000.WAV,Telephone Field,recover-20220922,001,1795
915.9815,915.9895,28046,38835,Eptesicus serotinus,0.007,0.022,-1,Echolocation,/mnt/ubna_data_02_mir/recover-20220922/UBNA_001/20220921_090000.WAV,Telephone Field,recover-20220922,001,1795
916.0015,916.0342,68437,79429,Rhinolophus ferrumequinum,0.028,0.028,-1,Echolocation,/mnt/ubna_data_02_mir/recover-20220922/UBNA_001/20220921_090000.WAV,Telephone Field,recover-20220922,001,1795
916.0015,916.012,27187,33151,Nyctalus leisleri,0.023,0.051,-1,Echolocation,/mnt/ubna_data_02_mir/recover-20220922/UBNA_001/20220921_090000.WAV,Telephone Field,recover-20220922,001,1795
916.0015,916.0113,22031,28418,Nyctalus leisleri,0.018,0.048,-1,Echolocation,/mnt/ubna_data_02_mir/recover-20220922/UBNA_001/20220921_090000.WAV,Telephone Field,recover-20220922,001,1795
916.0015,916.0115,47812,53252,Pipistrellus pipistrellus,0.028,0.036,-1,Echolocation,/mnt/ubna_data_02_mir/recover-20220922/UBNA_001/20220921_090000.WAV,Telephone Field,recover-20220922,001,1795
916.0085,916.0489,68437,81654,Rhinolophus ferrumequinum,0.022,0.022,-1,Echolocation,/mnt/ubna_data_02_mir/recover-20220922/UBNA_001/20220921_090000.WAV,Telephone Field,recover-20220922,001,1795
916.0115,916.0202,28046,41017,Eptesicus serotinus,0.011,0.028,-1,Echolocation,/mnt/ubna_data_02_mir/recover-20220922/UBNA_001/20220921_090000.WAV,Telephone Field,recover-20220922,001,1795
916.0285,916.0705,68437,82960,Rhinolophus ferrumequinum,0.043,0.043,-1,Echolocation,/mnt/ubna_data_02_mir/recover-20220922/UBNA_001/20220921_090000.WAV,Telephone Field,recover-20220922,001,1795
916.0505,916.0933,68437,83131,Rhinolophus ferrumequinum,0.032,0.032,-1,Echolocation,/mnt/ubna_data_02_mir/recover-20220922/UBNA_001/20220921_090000.WAV,Telephone Field,recover-20220922,001,1795
916.0715,916.0793,29765,39429,Eptesicus serotinus,0.007,0.023,-1,Echolocation,/mnt/ubna_data_02_mir/recover-20220922/UBNA_001/20220921_090000.WAV,Telephone Field,recover-20220922,001,1795
916.0975,916.1078,24609,30889,Nyctalus leisleri,0.01,0.026,-1,Echolocation,/mnt/ubna_data_02_mir/recover-20220922/UBNA_001/20220921_090000.WAV,Telephone Field,recover-20220922,001,1795
916.1125,916.1525,68437,82667,Rhinolophus ferrumequinum,0.024,0.024,-1,Echolocation,/mnt/ubna_data_02_mir/recover-20220922/UBNA_001/20220921_090000.WAV,Telephone Field,recover-20220922,001,1795
916.1485,916.19,68437,82882,Rhinolophus ferrumequinum,0.03,0.031,-1,Echolocation,/mnt/ubna_data_02_mir/recover-20220922/UBNA_001/20220921_090000.WAV,Telephone Field,recover-20220922,001,1795
916.1815,916.1894,24609,32964,Plecotus austriacus,0.007,0.023,-1,Echolocation,/mnt/ubna_data_02_mir/recover-20220922/UBNA_001/20220921_090000.WAV,Telephone Field,recover-20220922,001,1795
916.1895,916.2271,68437,82034,Rhinolophus ferrumequinum,0.028,0.028,-1,Echolocation,/mnt/ubna_data_02_mir/recover-20220922/UBNA_001/20220921_090000.WAV,Telephone Field,recover-20220922,001,1795
916.2195,916.2553,68437,81662,Rhinolophus ferrumequinum,0.023,0.023,-1,Echolocation,/mnt/ubna_data_02_mir/recover-20220922/UBNA_001/20220921_090000.WAV,Telephone Field,recover-20220922,001,1795
916.2345,916.2433,27187,35582,Eptesicus serotinus,0.017,0.037,-1,Echolocation,/mnt/ubna_data_02_mir/recover-20220922/UBNA_001/20220921_090000.WAV,Telephone Field,recover-20220922,001,1795
916.2635,916.3035,68437,83306,Rhinolophus ferrumequinum,0.024,0.025,-1,Echolocation,/mnt/ubna_data_02_mir/recover-20220922/UBNA_001/20220921_090000.WAV,Telephone Field,recover-20220922,001,1795
916.2695,916.3091,68437,82617,Rhinolophus ferrumequinum,0.022,0.022,-1,Echolocation,/mnt/ubna_data_02_mir/recover-20220922/UBNA_001/20220921_090000.WAV,Telephone Field,recover-20220922,001,1795
916.2715,916.283,22890,28641,Nyctalus leisleri,0.015,0.032,-1,Echolocation,/mnt/ubna_data_02_mir/recover-20220922/UBNA_001/20220921_090000.WAV,Telephone Field,recover-20220922,001,1795
916.2875,916.3265,68437,82100,Rhinolophus ferrumequinum,0.026,0.026,-1,Echolocation,/mnt/ubna_data_02_mir/recover-20220922/UBNA_001/20220921_090000.WAV,Telephone Field,recover-20220922,001,1795
916.3285,916.3693,68437,82363,Rhinolophus ferrumequinum,0.024,0.024,-1,Echolocation,/mnt/ubna_data_02_mir/recover-20220922/UBNA_001/20220921_090000.WAV,Telephone Field,recover-20220922,001,1795
916.3345,916.3749,68437,82632,Rhinolophus ferrumequinum,0.023,0.023,-1,Echolocation,/mnt/ubna_data_02_mir/recover-20220922/UBNA_001/20220921_090000.WAV,Telephone Field,recover-20220922,001,1795
916.3515,916.3889,68437,81430,Rhinolophus ferrumequinum,0.023,0.023,-1,Echolocation,/mnt/ubna_data_02_mir/recover-20220922/UBNA_001/20220921_090000.WAV,Telephone Field,recover-20220922,001,1795
916.3835,916.4281,68437,83547,Rhinolophus ferrumequinum,0.055,0.055,-1,Echolocation,/mnt/ubna_data_02_mir/recover-20220922/UBNA_001/20220921_090000.WAV,Telephone Field,recover-20220922,001,1795
916.3855,916.3935,47812,53211,Pipistrellus pipistrellus,0.02,0.022,-1,Echolocation,/mnt/ubna_data_02_mir/recover-20220922/UBNA_001/20220921_090000.WAV,Telephone Field,recover-20220922,001,1795
916.4385,916.48,68437,82778,Rhinolophus ferrumequinum,0.044,0.044,-1,Echolocation,/mnt/ubna_data_02_mir/recover-20220922/UBNA_001/20220921_090000.WAV,Telephone Field,recover-20220922,001,1795
916.4845,916.5202,68437,81482,Rhinolophus ferrumequinum,0.023,0.023,-1,Echolocation,/mnt/ubna_data_02_mir/recover-20220922/UBNA_001/20220921_090000.WAV,Telephone Field,recover-20220922,001,1795
916.5145,916.5546,68437,82603,Rhinolophus ferrumequinum,0.03,0.03,-1,Echolocation,/mnt/ubna_data_02_mir/recover-20220922/UBNA_001/20220921_090000.WAV,Telephone Field,recover-20220922,001,1795
916.5535,916.5955,68437,82739,Rhinolophus ferrumequinum,0.023,0.023,-1,Echolocation,/mnt/ubna_data_02_mir/recover-20220922/UBNA_001/20220921_090000.WAV,Telephone Field,recover-20220922,001,1795
916.5595,916.6005,68437,83047,Rhinolophus ferrumequinum,0.023,0.023,-1,Echolocation,/mnt/ubna_data_02_mir/recover-20220922/UBNA_001/20220921_090000.WAV,Telephone Field,recover-20220922,001,1795
916.5785,916.6168,68437,82401,Rhinolophus ferrumequinum,0.023,0.023,-1,Echolocation,/mnt/ubna_data_02_mir/recover-20220922/UBNA_001/20220921_090000.WAV,Telephone Field,recover-20220922,001,1795
916.5965,916.6084,22890,28028,Nyctalus leisleri,0.014,0.027,-1,Echolocation,/mnt/ubna_data_02_mir/recover-20220922/UBNA_001/20220921_090000.WAV,Telephone Field,recover-20220922,001,1795
916.6175,916.6572,68437,82632,Rhinolophus ferrumequinum,0.026,0.026,-1,Echolocation,/mnt/ubna_data_02_mir/recover-20220922/UBNA_001/20220921_090000.WAV,Telephone Field,recover-20220922,001,1795
916.6245,916.6356,28046,34600,Eptesicus serotinus,0.014,0.028,-1,Echolocation,/mnt/ubna_data_02_mir/recover-20220922/UBNA_001/20220921_090000.WAV,Telephone Field,recover-20220922,001,1795
916.6395,916.6774,68437,82213,Rhinolophus ferrumequinum,0.024,0.024,-1,Echolocation,/mnt/ubna_data_02_mir/recover-20220922/UBNA_001/20220921_090000.WAV,Telephone Field,recover-20220922,001,1795
916.6645,916.6803,21171,24239,Nyctalus leisleri,0.015,0.025,-1,Echolocation,/mnt/ubna_data_02_mir/recover-20220922/UBNA_001/20220921_090000.WAV,Telephone Field,recover-20220922,001,1795
916.6725,916.7079,68437,80804,Rhinolophus ferrumequinum,0.023,0.023,-1,Echolocation,/mnt/ubna_data_02_mir/recover-20220922/UBNA_001/20220921_090000.WAV,Telephone Field,recover-20220922,001,1795
916.6905,916.7293,68437,82004,Rhinolophus ferrumequinum,0.023,0.023,-1,Echolocation,/mnt/ubna_data_02_mir/recover-20220922/UBNA_001/20220921_090000.WAV,Telephone Field,recover-20220922,001,1795
916.7055,916.7468,68437,83013,Rhinolophus ferrumequinum,0.03,0.031,-1,Echolocation,/mnt/ubna_data_02_mir/recover-20220922/UBNA_001/20220921_090000.WAV,Telephone Field,recover-20220922,001,1795
916.7295,916.7698,68437,82572,Rhinolophus ferrumequinum,0.023,0.023,-1,Echolocation,/mnt/ubna_data_02_mir/recover-20220922/UBNA_001/20220921_090000.WAV,Telephone Field,recover-20220922,001,1795
916.7335,916.7446,26328,31804,Eptesicus serotinus,0.014,0.034,-1,Echolocation,/mnt/ubna_data_02_mir/recover-20220922/UBNA_001/20220921_090000.WAV,Telephone Field,recover-20220922,001,1795
916.8315,916.8703,68437,82350,Rhinolophus ferrumequinum,0.023,0.023,-1,Echolocation,/mnt/ubna_data_02_mir/recover-20220922/UBNA_001/20220921_090000.WAV,Telephone Field,recover-20220922,001,1795
916.8695,916.8781,26328,34886,Eptesicus serotinus,0.01,0.024,-1,Echolocation,/mnt/ubna_data_02_mir/recover-20220922/UBNA_001/20220921_090000.WAV,Telephone Field,recover-20220922,001,1795
916.8835,916.9202,68437,81595,Rhinolophus ferrumequinum,0.022,0.022,-1,Echolocation,/mnt/ubna_data_02_mir/recover-20220922/UBNA_001/20220921_090000.WAV,Telephone Field,recover-20220922,001,1795
916.9265,916.9697,68437,83255,Rhinolophus ferrumequinum,0.032,0.032,-1,Echolocation,/mnt/ubna_data_02_mir/recover-20220922/UBNA_001/20220921_090000.WAV,Telephone Field,recover-20220922,001,1795
916.9335,916.9425,24609,32111,Eptesicus serotinus,0.007,0.022,-1,Echolocation,/mnt/ubna_data_02_mir/recover-20220922/UBNA_001/20220921_090000.WAV,Telephone Field,recover-20220922,001,1795
916.9495,916.9587,46093,50214,Pipistrellus pipistrellus,0.026,0.027,-1,Echolocation,/mnt/ubna_data_02_mir/recover-20220922/UBNA_001/20220921_090000.WAV,Telephone Field,recover-20220922,001,1795
916.9815,917.0219,68437,82301,Rhinolophus ferrumequinum,0.031,0.031,-1,Echolocation,/mnt/ubna_data_02_mir/recover-20220922/UBNA_001/20220921_090000.WAV,Telephone Field,recover-20220922,001,1795
917.0155,917.0539,68437,81909,Rhinolophus ferrumequinum,0.028,0.028,-1,Echolocation,/mnt/ubna_data_02_mir/recover-20220922/UBNA_001/20220921_090000.WAV,Telephone Field,recover-20220922,001,1795
917.0705,917.1148,68437,83136,Rhinolophus ferrumequinum,0.03,0.03,-1,Echolocation,/mnt/ubna_data_02_mir/recover-20220922/UBNA_001/20220921_090000.WAV,Telephone Field,recover-20220922,001,1795
917.0815,917.1241,68437,82908,Rhinolophus ferrumequinum,0.025,0.025,-1,Echolocation,/mnt/ubna_data_02_mir/recover-20220922/UBNA_001/20220921_090000.WAV,Telephone Field,recover-20220922,001,1795
917.0885,917.0997,22890,27195,Nyctalus leisleri,0.013,0.024,-1,Echolocation,/mnt/ubna_data_02_mir/recover-20220922/UBNA_001/20220921_090000.WAV,Telephone Field,recover-20220922,001,1795
917.1035,917.1102,28046,43454,Eptesicus serotinus,0.007,0.023,-1,Echolocation,/mnt/ubna_data_02_mir/recover-20220922/UBNA_001/20220921_090000.WAV,Telephone Field,recover-20220922,001,1795
917.1775,917.2182,68437,82170,Rhinolophus ferrumequinum,0.023,0.023,-1,Echolocation,/mnt/ubna_data_02_mir/recover-20220922/UBNA_001/20220921_090000.WAV,Telephone Field,recover-20220922,001,1795
917.1935,917.2333,68437,81828,Rhinolophus ferrumequinum,0.024,0.024,-1,Echolocation,/mnt/ubna_data_02_mir/recover-20220922/UBNA_001/20220921_090000.WAV,Telephone Field,recover-20220922,001,1795
917.2205,917.2591,68437,82018,Rhinolophus ferrumequinum,0.024,0.024,-1,Echolocation,/mnt/ubna_data_02_mir/recover-20220922/UBNA_001/20220921_090000.WAV,Telephone Field,recover-20220922,001,1795
917.2465,917.2548,23750,32476,Plecotus austriacus,0.014,0.038,-1,Echolocation,/mnt/ubna_data_02_mir/recover-20220922/UBNA_001/20220921_090000.WAV,Telephone Field,recover-20220922,001,1795
917.2475,917.2857,68437,82317,Rhinolophus ferrumequinum,0.022,0.022,-1,Echolocation,/mnt/ubna_data_02_mir/recover-20220922/UBNA_001/20220921_090000.WAV,Telephone Field,recover-20220922,001,1795
917.2565,917.2952,68437,81925,Rhinolophus ferrumequinum,0.024,0.024,-1,Echolocation,/mnt/ubna_data_02_mir/recover-20220922/UBNA_001/20220921_090000.WAV,Telephone Field,recover-20220922,001,1795
917.2965,917.3068,23750,30027,Nyctalus leisleri,0.009,0.022,-1,Echolocation,/mnt/ubna_data_02_mir/recover-20220922/UBNA_001/20220921_090000.WAV,Telephone Field,recover-20220922,001,1795
917.3175,917.3582,68437,82308,Rhinolophus ferrumequinum,0.023,0.023,-1,Echolocation,/mnt/ubna_data_02_mir/recover-20220922/UBNA_001/20220921_090000.WAV,Telephone Field,recover-20220922,001,1795
917.3505,917.3918,68437,82881,Rhinolophus ferrumequinum,0.023,0.023,-1,Echolocation,/mnt/ubna_data_02_mir/recover-20220922/UBNA_001/20220921_090000.WAV,Telephone Field,recover-20220922,001,1795
917.3515,917.359,27187,41379,Eptesicus serotinus,0.007,0.023,-1,Echolocation,/mnt/ubna_data_02_mir/recover-20220922/UBNA_001/20220921_090000.WAV,Telephone Field,recover-20220922,001,1795
917.4155,917.4323,23750,27990,Nyctalus leisleri,0.027,0.051,-1,Echolocation,/mnt/ubna_data_02_mir/recover-20220922/UBNA_001/20220921_090000.WAV,Telephone Field,recover-20220922,001,1795
917.4195,917.4576,68437,82360,Rhinolophus ferrumequinum,0.023,0.023,-1,Echolocation,/mnt/ubna_data_02_mir/recover-20220922/UBNA_001/20220921_090000.WAV,Telephone Field,recover-20220922,001,1795
917.4485,917.4843,68437,81785,Rhinolophus ferrumequinum,0.024,0.024,-1,Echolocation,/mnt/ubna_data_02_mir/recover-20220922/UBNA_001/20220921_090000.WAV,Telephone Field,recover-20220922,001,1795
917.4605,917.5014,68437,82621,Rhinolophus ferrumequinum,0.026,0.026,-1,Echolocation,/mnt/ubna_data_02_mir/recover-20220922/UBNA_001/20220921_090000.WAV,Telephone Field,recover-20220922,001,1795
917.4675,917.5088,68437,83160,Rhinolophus ferrumequinum,0.027,0.027,-1,Echolocation,/mnt/ubna_data_02_mir/recover-20220922/UBNA_001/20220921_090000.WAV,Telephone Field,recover-20220922,001,1795
917.5015,917.5110999999999,29765,39473,Eptesicus serotinus,0.01,0.024,-1,Echolocation,/mnt/ubna_data_02_mir/recover-20220922/UBNA_001/20220921_090000.WAV,Telephone Field,recover-20220922,001,1795
917.5045,917.5404,68437,81601,Rhinolophus ferrumequinum,0.023,0.023,-1,Echolocation,/mnt/ubna_data_02_mir/recover-20220922/UBNA_001/20220921_090000.WAV,Telephone Field,recover-20220922,001,1795
917.5115,917.5543,68437,83121,Rhinolophus ferrumequinum,0.032,0.032,-1,Echolocation,/mnt/ubna_data_02_mir/recover-20220922/UBNA_001/20220921_090000.WAV,Telephone Field,recover-20220922,001,1795
917.5345,917.5409,23750,33795,Plecotus austriacus,0.028,0.052,-1,Echolocation,/mnt/ubna_data_02_mir/recover-20220922/UBNA_001/20220921_090000.WAV,Telephone Field,recover-20220922,001,1795
917.5425,917.5803,68437,82247,Rhinolophus ferrumequinum,0.024,0.024,-1,Echolocation,/mnt/ubna_data_02_mir/recover-20220922/UBNA_001/20220921_090000.WAV,Telephone Field,recover-20220922,001,1795
917.5515,917.5933,68437,82479,Rhinolophus ferrumequinum,0.025,0.025,-1,Echolocation,/mnt/ubna_data_02_mir/recover-20220922/UBNA_001/20220921_090000.WAV,Telephone Field,recover-20220922,001,1795
917.5585,917.5694,26328,31546,Eptesicus serotinus,0.02,0.047,-1,Echolocation,/mnt/ubna_data_02_mir/recover-20220922/UBNA_001/20220921_090000.WAV,Telephone Field,recover-20220922,001,1795
917.5875,917.5944,13437,27071,Plecotus auritus,0.029,0.033,-1,Echolocation,/mnt/ubna_data_02_mir/recover-20220922/UBNA_001/20220921_090000.WAV,Telephone Field,recover-20220922,001,1795
917.5925,917.6314,68437,82454,Rhinolophus ferrumequinum,0.032,0.032,-1,Echolocation,/mnt/ubna_data_02_mir/recover-20220922/UBNA_001/20220921_090000.WAV,Telephone Field,recover-20220922,001,1795
917.6255,917.6337,27187,38690,Eptesicus serotinus,0.008,0.023,-1,Echolocation,/mnt/ubna_data_02_mir/recover-20220922/UBNA_001/20220921_090000.WAV,Telephone Field,recover-20220922,001,1795
917.6335,917.6707,68437,81642,Rhinolophus ferrumequinum,0.022,0.022,-1,Echolocation,/mnt/ubna_data_02_mir/recover-20220922/UBNA_001/20220921_090000.WAV,Telephone Field,recover-20220922,001,1795
917.6405,917.6498,29765,37528,Eptesicus serotinus,0.009,0.023,-1,Echolocation,/mnt/ubna_data_02_mir/recover-20220922/UBNA_001/20220921_090000.WAV,Telephone Field,recover-20220922,001,1795
917.6675,917.6757,28046,41147,Eptesicus serotinus,0.01,0.024,-1,Echolocation,/mnt/ubna_data_02_mir/recover-20220922/UBNA_001/20220921_090000.WAV,Telephone Field,recover-20220922,001,1795
917.6675,917.7032,68437,81091,Rhinolophus ferrumequinum,0.046,0.046,-1,Echolocation,/mnt/ubna_data_02_mir/recover-20220922/UBNA_001/20220921_090000.WAV,Telephone Field,recover-20220922,001,1795
917.6705,917.6798,47812,50651,Pipistrellus pipistrellus,0.021,0.024,-1,Echolocation,/mnt/ubna_data_02_mir/recover-20220922/UBNA_001/20220921_090000.WAV,Telephone Field,recover-20220922,001,1795
917.6975,917.7071,28906,40317,Eptesicus serotinus,0.011,0.025,-1,Echolocation,/mnt/ubna_data_02_mir/recover-20220922/UBNA_001/20220921_090000.WAV,Telephone Field,recover-20220922,001,1795
917.6995,917.7383,68437,81899,Rhinolophus ferrumequinum,0.024,0.024,-1,Echolocation,/mnt/ubna_data_02_mir/recover-20220922/UBNA_001/20220921_090000.WAV,Telephone Field,recover-20220922,001,1795
917.7385,917.7775,68437,81783,Rhinolophus ferrumequinum,0.03,0.03,-1,Echolocation,/mnt/ubna_data_02_mir/recover-20220922/UBNA_001/20220921_090000.WAV,Telephone Field,recover-20220922,001,1795
917.7764999999999,917.8163,68437,82358,Rhinolophus ferrumequinum,0.023,0.023,-1,Echolocation,/mnt/ubna_data_02_mir/recover-20220922/UBNA_001/20220921_090000.WAV,Telephone Field,recover-20220922,001,1795
917.7955,917.835,68437,82204,Rhinolophus ferrumequinum,0.024,0.024,-1,Echolocation,/mnt/ubna_data_02_mir/recover-20220922/UBNA_001/20220921_090000.WAV,Telephone Field,recover-20220922,001,1795
917.8085,917.8185,14296,19621,Nyctalus noctula,0.018,0.037,-1,Echolocation,/mnt/ubna_data_02_mir/recover-20220922/UBNA_001/20220921_090000.WAV,Telephone Field,recover-20220922,001,1795
917.8295,917.8696,68437,81937,Rhinolophus ferrumequinum,0.023,0.023,-1,Echolocation,/mnt/ubna_data_02_mir/recover-20220922/UBNA_001/20220921_090000.WAV,Telephone Field,recover-20220922,001,1795
917.8445,917.8577,26328,31706,Eptesicus serotinus,0.012,0.026,-1,Echolocation,/mnt/ubna_data_02_mir/recover-20220922/UBNA_001/20220921_090000.WAV,Telephone Field,recover-20220922,001,1795
917.8625,917.9051,68437,82951,Rhinolophus ferrumequinum,0.045,0.045,-1,Echolocation,/mnt/ubna_data_02_mir/recover-20220922/UBNA_001/20220921_090000.WAV,Telephone Field,recover-20220922,001,1795
917.9255,917.9662,68437,82750,Rhinolophus ferrumequinum,0.028,0.028,-1,Echolocation,/mnt/ubna_data_02_mir/recover-20220922/UBNA_001/20220921_090000.WAV,Telephone Field,recover-20220922,001,1795
917.9285,917.9358,27187,35928,Eptesicus serotinus,0.008,0.024,-1,Echolocation,/mnt/ubna_data_02_mir/recover-20220922/UBNA_001/20220921_090000.WAV,Telephone Field,recover-20220922,001,1795
917.9525,917.9637,23750,30491,Nyctalus leisleri,0.01,0.027,-1,Echolocation,/mnt/ubna_data_02_mir/recover-20220922/UBNA_001/20220921_090000.WAV,Telephone Field,recover-20220922,001,1795
918.0015,918.0109,30625,38207,Eptesicus serotinus,0.008,0.027,-1,Echolocation,/mnt/ubna_data_02_mir/recover-20220922/UBNA_001/20220921_090000.WAV,Telephone Field,recover-20220922,001,1795
918.0015,918.0110999999999,22031,29364,Nyctalus leisleri,0.011,0.034,-1,Echolocation,/mnt/ubna_data_02_mir/recover-20220922/UBNA_001/20220921_090000.WAV,Telephone Field,recover-20220922,001,1795
918.0015,918.0159,16875,22386,Nyctalus noctula,0.017,0.034,-1,Echolocation,/mnt/ubna_data_02_mir/recover-20220922/UBNA_001/20220921_090000.WAV,Telephone Field,recover-20220922,001,1795
918.0025,918.044,68437,81949,Rhinolophus ferrumequinum,0.037,0.037,-1,Echolocation,/mnt/ubna_data_02_mir/recover-20220922/UBNA_001/20220921_090000.WAV,Telephone Field,recover-20220922,001,1795
918.0075,918.0487,68437,81514,Rhinolophus ferrumequinum,0.027,0.027,-1,Echolocation,/mnt/ubna_data_02_mir/recover-20220922/UBNA_001/20220921_090000.WAV,Telephone Field,recover-20220922,001,1795
918.0285,918.0703,68437,82772,Rhinolophus ferrumequinum,0.036,0.036,-1,Echolocation,/mnt/ubna_data_02_mir/recover-20220922/UBNA_001/20220921_090000.WAV,Telephone Field,recover-20220922,001,1795
918.0385,918.0783,68437,82347,Rhinolophus ferrumequinum,0.022,0.022,-1,Echolocation,/mnt/ubna_data_02_mir/recover-20220922/UBNA_001/20220921_090000.WAV,Telephone Field,recover-20220922,001,1795
918.0385,918.0466,27187,36256,Eptesicus serotinus,0.008,0.025,-1,Echolocation,/mnt/ubna_data_02_mir/recover-20220922/UBNA_001/20220921_090000.WAV,Telephone Field,recover-20220922,001,1795
918.0785,918.1224,68437,83378,Rhinolophus ferrumequinum,0.065,0.065,-1,Echolocation,/mnt/ubna_data_02_mir/recover-20220922/UBNA_001/20220921_090000.WAV,Telephone Field,recover-20220922,001,1795
918.1125,918.1479,68437,81578,Rhinolophus ferrumequinum,0.022,0.022,-1,Echolocation,/mnt/ubna_data_02_mir/recover-20220922/UBNA_001/20220921_090000.WAV,Telephone Field,recover-20220922,001,1795
918.1495,918.1852,68437,80400,Rhinolophus ferrumequinum,0.025,0.025,-1,Echolocation,/mnt/ubna_data_02_mir/recover-20220922/UBNA_001/20220921_090000.WAV,Telephone Field,recover-20220922,001,1795
918.1765,918.2131,68437,80956,Rhinolophus ferrumequinum,0.022,0.022,-1,Echolocation,/mnt/ubna_data_02_mir/recover-20220922/UBNA_001/20220921_090000.WAV,Telephone Field,recover-20220922,001,1795
918.2445,918.2525,28906,37377,Eptesicus serotinus,0.01,0.028,-1,Echolocation,/mnt/ubna_data_02_mir/recover-20220922/UBNA_001/20220921_090000.WAV,Telephone Field,recover-20220922,001,1795
918.2885,918.299,15156,21939,Nyctalus noctula,0.013,0.023,-1,Echolocation,/mnt/ubna_data_02_mir/recover-20220922/UBNA_001/20220921_090000.WAV,Telephone Field,recover-20220922,001,1795
918.2905,918.3326,68437,82423,Rhinolophus ferrumequinum,0.022,0.022,-1,Echolocation,/mnt/ubna_data_02_mir/recover-20220922/UBNA_001/20220921_090000.WAV,Telephone Field,recover-20220922,001,1795
918.3015,918.3096,28046,37222,Eptesicus serotinus,0.008,0.021,-1,Echolocation,/mnt/ubna_data_02_mir/recover-20220922/UBNA_001/20220921_090000.WAV,Telephone Field,recover-20220922,001,1795
918.3055,918.3411,68437,81362,Rhinolophus ferrumequinum,0.024,0.024,-1,Echolocation,/mnt/ubna_data_02_mir/recover-20220922/UBNA_001/20220921_090000.WAV,Telephone Field,recover-20220922,001,1795
918.3135,918.35,68437,81760,Rhinolophus ferrumequinum,0.025,0.025,-1,Echolocation,/mnt/ubna_data_02_mir/recover-20220922/UBNA_001/20220921_090000.WAV,Telephone Field,recover-20220922,001,1795
918.3255,918.3634,68437,82059,Rhinolophus ferrumequinum,0.021,0.021,-1,Echolocation,/mnt/ubna_data_02_mir/recover-20220922/UBNA_001/20220921_090000.WAV,Telephone Field,recover-20220922,001,1795
918.3535,918.3892,68437,81211,Rhinolophus ferrumequinum,0.022,0.022,-1,Echolocation,/mnt/ubna_data_02_mir/recover-20220922/UBNA_001/20220921_090000.WAV,Telephone Field,recover-20220922,001,1795
918.3845,918.4233,68437,82244,Rhinolophus ferrumequinum,0.028,0.028,-1,Echolocation,/mnt/ubna_data_02_mir/recover-20220922/UBNA_001/20220921_090000.WAV,Telephone Field,recover-20220922,001,1795
918.4385,918.4757,68437,81276,Rhinolophus ferrumequinum,0.023,0.023,-1,Echolocation,/mnt/ubna_data_02_mir/recover-20220922/UBNA_001/20220921_090000.WAV,Telephone Field,recover-20220922,001,1795
918.4405,918.4505,23750,29554,Nyctalus leisleri,0.009,0.021,-1,Echolocation,/mnt/ubna_data_02_mir/recover-20220922/UBNA_001/20220921_090000.WAV,Telephone Field,recover-20220922,001,1795
918.4515,918.4613,22890,28807,Nyctalus leisleri,0.009,0.021,-1,Echolocation,/mnt/ubna_data_02_mir/recover-20220922/UBNA_001/20220921_090000.WAV,Telephone Field,recover-20220922,001,1795
918.4585,918.4956999999999,68437,81416,Rhinolophus ferrumequinum,0.022,0.022,-1,Echolocation,/mnt/ubna_data_02_mir/recover-20220922/UBNA_001/20220921_090000.WAV,Telephone Field,recover-20220922,001,1795
918.4895,918.5037,23750,27420,Nyctalus leisleri,0.031,0.047,-1,Echolocation,/mnt/ubna_data_02_mir/recover-20220922/UBNA_001/20220921_090000.WAV,Telephone Field,recover-20220922,001,1795
918.5605,918.5967,68437,81549,Rhinolophus ferrumequinum,0.021,0.022,-1,Echolocation,/mnt/ubna_data_02_mir/recover-20220922/UBNA_001/20220921_090000.WAV,Telephone Field,recover-20220922,001,1795
918.5755,918.6186,68437,82682,Rhinolophus ferrumequinum,0.03,0.03,-1,Echolocation,/mnt/ubna_data_02_mir/recover-20220922/UBNA_001/20220921_090000.WAV,Telephone Field,recover-20220922,001,1795
918.5995,918.6395,68437,82163,Rhinolophus ferrumequinum,0.028,0.028,-1,Echolocation,/mnt/ubna_data_02_mir/recover-20220922/UBNA_001/20220921_090000.WAV,Telephone Field,recover-20220922,001,1795
918.6205,918.6313,23750,30883,Nyctalus leisleri,0.012,0.032,-1,Echolocation,/mnt/ubna_data_02_mir/recover-20220922/UBNA_001/20220921_090000.WAV,Telephone Field,recover-20220922,001,1795
918.6225,918.6585,68437,81012,Rhinolophus ferrumequinum,0.025,0.025,-1,Echolocation,/mnt/ubna_data_02_mir/recover-20220922/UBNA_001/20220921_090000.WAV,Telephone Field,recover-20220922,001,1795
918.6565,918.6976,68437,83539,Rhinolophus ferrumequinum,0.026,0.026,-1,Echolocation,/mnt/ubna_data_02_mir/recover-20220922/UBNA_001/20220921_090000.WAV,Telephone Field,recover-20220922,001,1795
918.6665,918.7094,68437,82982,Rhinolophus ferrumequinum,0.026,0.026,-1,Echolocation,/mnt/ubna_data_02_mir/recover-20220922/UBNA_001/20220921_090000.WAV,Telephone Field,recover-20220922,001,1795
918.6675,918.6753,28906,39016,Eptesicus serotinus,0.008,0.026,-1,Echolocation,/mnt/ubna_data_02_mir/recover-20220922/UBNA_001/20220921_090000.WAV,Telephone Field,recover-20220922,001,1795
918.6935,918.7314,68437,82162,Rhinolophus ferrumequinum,0.023,0.023,-1,Echolocation,/mnt/ubna_data_02_mir/recover-20220922/UBNA_001/20220921_090000.WAV,Telephone Field,recover-20220922,001,1795
918.7155,918.7271,26328,31925,Eptesicus serotinus,0.016,0.034,-1,Echolocation,/mnt/ubna_data_02_mir/recover-20220922/UBNA_001/20220921_090000.WAV,Telephone Field,recover-20220922,001,1795
918.7435,918.7824,68437,82296,Rhinolophus ferrumequinum,0.021,0.021,-1,Echolocation,/mnt/ubna_data_02_mir/recover-20220922/UBNA_001/20220921_090000.WAV,Telephone Field,recover-20220922,001,1795
918.7555,918.7924,68437,82255,Rhinolophus ferrumequinum,0.023,0.023,-1,Echolocation,/mnt/ubna_data_02_mir/recover-20220922/UBNA_001/20220921_090000.WAV,Telephone Field,recover-20220922,001,1795
918.7585,918.7695,22890,28303,Nyctalus leisleri,0.01,0.022,-1,Echolocation,/mnt/ubna_data_02_mir/recover-20220922/UBNA_001/20220921_090000.WAV,Telephone Field,recover-20220922,001,1795
918.7665,918.8052,68437,82236,Rhinolophus ferrumequinum,0.025,0.026,-1,Echolocation,/mnt/ubna_data_02_mir/recover-20220922/UBNA_001/20220921_090000.WAV,Telephone Field,recover-20220922,001,1795
918.7685,918.7763,22890,31689,Plecotus austriacus,0.013,0.027,-1,Echolocation,/mnt/ubna_data_02_mir/recover-20220922/UBNA_001/20220921_090000.WAV,Telephone Field,recover-20220922,001,1795
918.7805,918.7917,27187,33909,Eptesicus serotinus,0.015,0.028,-1,Echolocation,/mnt/ubna_data_02_mir/recover-20220922/UBNA_001/20220921_090000.WAV,Telephone Field,recover-20220922,001,1795
918.8195,918.8582,68437,81929,Rhinolophus ferrumequinum,0.022,0.022,-1,Echolocation,/mnt/ubna_data_02_mir/recover-20220922/UBNA_001/20220921_090000.WAV,Telephone Field,recover-20220922,001,1795
918.8575,918.8961,68437,82075,Rhinolophus ferrumequinum,0.022,0.022,-1,Echolocation,/mnt/ubna_data_02_mir/recover-20220922/UBNA_001/20220921_090000.WAV,Telephone Field,recover-20220922,001,1795
918.8935,918.9367,68437,82963,Rhinolophus ferrumequinum,0.03,0.03,-1,Echolocation,/mnt/ubna_data_02_mir/recover-20220922/UBNA_001/20220921_090000.WAV,Telephone Field,recover-20220922,001,1795
918.8965,918.9059,22890,29128,Nyctalus leisleri,0.008,0.022,-1,Echolocation,/mnt/ubna_data_02_mir/recover-20220922/UBNA_001/20220921_090000.WAV,Telephone Field,recover-20220922,001,1795
918.9315,918.969,68437,82294,Rhinolophus ferrumequinum,0.022,0.022,-1,Echolocation,/mnt/ubna_data_02_mir/recover-20220922/UBNA_001/20220921_090000.WAV,Telephone Field,recover-20220922,001,1795
918.9685,919.0109,68437,82313,Rhinolophus ferrumequinum,0.035,0.035,-1,Echolocation,/mnt/ubna_data_02_mir/recover-20220922/UBNA_001/20220921_090000.WAV,Telephone Field,recover-20220922,001,1795
918.9975,919.0388,68437,82591,Rhinolophus ferrumequinum,0.023,0.023,-1,Echolocation,/mnt/ubna_data_02_mir/recover-20220922/UBNA_001/20220921_090000.WAV,Telephone Field,recover-20220922,001,1795
919.0045,919.0436,68437,81810,Rhinolophus ferrumequinum,0.023,0.023,-1,Echolocation,/mnt/ubna_data_02_mir/recover-20220922/UBNA_001/20220921_090000.WAV,Telephone Field,recover-20220922,001,1795
919.0215,919.058,68437,80703,Rhinolophus ferrumequinum,0.024,0.024,-1,Echolocation,/mnt/ubna_data_02_mir/recover-20220922/UBNA_001/20220921_090000.WAV,Telephone Field,recover-20220922,001,1795
919.0465,919.0868,68437,82216,Rhinolophus ferrumequinum,0.027,0.027,-1,Echolocation,/mnt/ubna_data_02_mir/recover-20220922/UBNA_001/20220921_090000.WAV,Telephone Field,recover-20220922,001,1795
919.0535,919.0951,68437,82682,Rhinolophus ferrumequinum,0.03,0.03,-1,Echolocation,/mnt/ubna_data_02_mir/recover-20220922/UBNA_001/20220921_090000.WAV,Telephone Field,recover-20220922,001,1795
919.0765,919.1181,68437,82340,Rhinolophus ferrumequinum,0.023,0.023,-1,Echolocation,/mnt/ubna_data_02_mir/recover-20220922/UBNA_001/20220921_090000.WAV,Telephone Field,recover-20220922,001,1795
919.1015,919.1399,68437,82095,Rhinolophus ferrumequinum,0.023,0.023,-1,Echolocation,/mnt/ubna_data_02_mir/recover-20220922/UBNA_001/20220921_090000.WAV,Telephone Field,recover-20220922,001,1795
919.1025,919.1137,28906,36319,Eptesicus serotinus,0.014,0.028,-1,Echolocation,/mnt/ubna_data_02_mir/recover-20220922/UBNA_001/20220921_090000.WAV,Telephone Field,recover-20220922,001,1795
919.1265,919.1685,68437,82849,Rhinolophus ferrumequinum,0.029,0.029,-1,Echolocation,/mnt/ubna_data_02_mir/recover-20220922/UBNA_001/20220921_090000.WAV,Telephone Field,recover-20220922,001,1795
919.1514999999999,919.1908,68437,82158,Rhinolophus ferrumequinum,0.021,0.021,-1,Echolocation,/mnt/ubna_data_02_mir/recover-20220922/UBNA_001/20220921_090000.WAV,Telephone Field,recover-20220922,001,1795
919.1715,919.2096,68437,81849,Rhinolophus ferrumequinum,0.023,0.023,-1,Echolocation,/mnt/ubna_data_02_mir/recover-20220922/UBNA_001/20220921_090000.WAV,Telephone Field,recover-20220922,001,1795
919.1845,919.195,22890,27428,Nyctalus leisleri,0.012,0.021,-1,Echolocation,/mnt/ubna_data_02_mir/recover-20220922/UBNA_001/20220921_090000.WAV,Telephone Field,recover-20220922,001,1795
919.1905,919.228,68437,82208,Rhinolophus ferrumequinum,0.022,0.022,-1,Echolocation,/mnt/ubna_data_02_mir/recover-20220922/UBNA_001/20220921_090000.WAV,Telephone Field,recover-20220922,001,1795
919.2175,919.2574,68437,82031,Rhinolophus ferrumequinum,0.026,0.026,-1,Echolocation,/mnt/ubna_data_02_mir/recover-20220922/UBNA_001/20220921_090000.WAV,Telephone Field,recover-20220922,001,1795
919.2275,919.2646,68437,82546,Rhinolophus ferrumequinum,0.021,0.021,-1,Echolocation,/mnt/ubna_data_02_mir/recover-20220922/UBNA_001/20220921_090000.WAV,Telephone Field,recover-20220922,001,1795
919.2475,919.2839,68437,81799,Rhinolophus ferrumequinum,0.022,0.022,-1,Echolocation,/mnt/ubna_data_02_mir/recover-20220922/UBNA_001/20220921_090000.WAV,Telephone Field,recover-20220922,001,1795
919.2495,919.2685,56406,61393,Pipistrellus pygmaeus,0.042,0.045,-1,Echolocation,/mnt/ubna_data_02_mir/recover-20220922/UBNA_001/20220921_090000.WAV,Telephone Field,recover-20220922,001,1795
919.2595,919.2985,68437,81864,Rhinolophus ferrumequinum,0.022,0.022,-1,Echolocation,/mnt/ubna_data_02_mir/recover-20220922/UBNA_001/20220921_090000.WAV,Telephone Field,recover-20220922,001,1795
919.2875,919.2952,30625,37611,Barbastellus barbastellus,0.021,0.045,-1,Echolocation,/mnt/ubna_data_02_mir/recover-20220922/UBNA_001/20220921_090000.WAV,Telephone Field,recover-20220922,001,1795
919.2995,919.3369,68437,81837,Rhinolophus ferrumequinum,0.022,0.022,-1,Echolocation,/mnt/ubna_data_02_mir/recover-20220922/UBNA_001/20220921_090000.WAV,Telephone Field,recover-20220922,001,1795
919.3145,919.3548,68437,82170,Rhinolophus ferrumequinum,0.025,0.025,-1,Echolocation,/mnt/ubna_data_02_mir/recover-20220922/UBNA_001/20220921_090000.WAV,Telephone Field,recover-20220922,001,1795
919.3165,919.324,28046,39656,Eptesicus serotinus,0.006,0.022,-1,Echolocation,/mnt/ubna_data_02_mir/recover-20220922/UBNA_001/20220921_090000.WAV,Telephone Field,recover-20220922,001,1795
919.3635,919.4023,68437,81756,Rhinolophus ferrumequinum,0.022,0.022,-1,Echolocation,/mnt/ubna_data_02_mir/recover-20220922/UBNA_001/20220921_090000.WAV,Telephone Field,recover-20220922,001,1795
919.3745,919.4135,68437,82162,Rhinolophus ferrumequinum,0.022,0.022,-1,Echolocation,/mnt/ubna_data_02_mir/recover-20220922/UBNA_001/20220921_090000.WAV,Telephone Field,recover-20220922,001,1795
919.4045,919.4383,68437,80542,Rhinolophus ferrumequinum,0.022,0.022,-1,Echolocation,/mnt/ubna_data_02_mir/recover-20220922/UBNA_001/20220921_090000.WAV,Telephone Field,recover-20220922,001,1795
919.4445,919.4866,68437,83102,Rhinolophus ferrumequinum,0.035,0.035,-1,Echolocation,/mnt/ubna_data_02_mir/recover-20220922/UBNA_001/20220921_090000.WAV,Telephone Field,recover-20220922,001,1795
919.4635,919.4737,25468,32266,Eptesicus serotinus,0.019,0.048,-1,Echolocation,/mnt/ubna_data_02_mir/recover-20220922/UBNA_001/20220921_090000.WAV,Telephone Field,recover-20220922,001,1795
919.4845,919.4994,21171,24332,Nyctalus leisleri,0.016,0.023,-1,Echolocation,/mnt/ubna_data_02_mir/recover-20220922/UBNA_001/20220921_090000.WAV,Telephone Field,recover-20220922,001,1795
919.5264999999999,919.5665,68437,82819,Rhinolophus ferrumequinum,0.026,0.026,-1,Echolocation,/mnt/ubna_data_02_mir/recover-20220922/UBNA_001/20220921_090000.WAV,Telephone Field,recover-20220922,001,1795
919.5625,919.6006,68437,82001,Rhinolophus ferrumequinum,0.022,0.022,-1,Echolocation,/mnt/ubna_data_02_mir/recover-20220922/UBNA_001/20220921_090000.WAV,Telephone Field,recover-20220922,001,1795
919.5685,919.6071,68437,82261,Rhinolophus ferrumequinum,0.023,0.023,-1,Echolocation,/mnt/ubna_data_02_mir/recover-20220922/UBNA_001/20220921_090000.WAV,Telephone Field,recover-20220922,001,1795
919.5745,919.6143,68437,82303,Rhinolophus ferrumequinum,0.023,0.023,-1,Echolocation,/mnt/ubna_data_02_mir/recover-20220922/UBNA_001/20220921_090000.WAV,Telephone Field,recover-20220922,001,1795
919.5875,919.6275,68437,82069,Rhinolophus ferrumequinum,0.027,0.027,-1,Echolocation,/mnt/ubna_data_02_mir/recover-20220922/UBNA_001/20220921_090000.WAV,Telephone Field,recover-20220922,001,1795
919.6195,919.6587,68437,82218,Rhinolophus ferrumequinum,0.022,0.022,-1,Echolocation,/mnt/ubna_data_02_mir/recover-20220922/UBNA_001/20220921_090000.WAV,Telephone Field,recover-20220922,001,1795
919.6345,919.6713,68437,81252,Rhinolophus ferrumequinum,0.022,0.022,-1,Echolocation,/mnt/ubna_data_02_mir/recover-20220922/UBNA_001/20220921_090000.WAV,Telephone Field,recover-20220922,001,1795
919.6415,919.6496,37500,42105,Barbastellus barbastellus,0.022,0.04,-1,Echolocation,/mnt/ubna_data_02_mir/recover-20220922/UBNA_001/20220921_090000.WAV,Telephone Field,recover-20220922,001,1795
919.6565,919.6721,21171,23782,Nyctalus leisleri,0.014,0.022,-1,Echolocation,/mnt/ubna_data_02_mir/recover-20220922/UBNA_001/20220921_090000.WAV,Telephone Field,recover-20220922,001,1795
919.6705,919.711,68437,82570,Rhinolophus ferrumequinum,0.029,0.029,-1,Echolocation,/mnt/ubna_data_02_mir/recover-20220922/UBNA_001/20220921_090000.WAV,Telephone Field,recover-20220922,001,1795
919.6825,919.7195,68437,81676,Rhinolophus ferrumequinum,0.022,0.022,-1,Echolocation,/mnt/ubna_data_02_mir/recover-20220922/UBNA_001/20220921_090000.WAV,Telephone Field,recover-20220922,001,1795
919.6975,919.7335,68437,81462,Rhinolophus ferrumequinum,0.021,0.021,-1,Echolocation,/mnt/ubna_data_02_mir/recover-20220922/UBNA_001/20220921_090000.WAV,Telephone Field,recover-20220922,001,1795
919.7065,919.7472,68437,82662,Rhinolophus ferrumequinum,0.023,0.023,-1,Echolocation,/mnt/ubna_data_02_mir/recover-20220922/UBNA_001/20220921_090000.WAV,Telephone Field,recover-20220922,001,1795
919.7275,919.7642,68437,82239,Rhinolophus ferrumequinum,0.024,0.024,-1,Echolocation,/mnt/ubna_data_02_mir/recover-20220922/UBNA_001/20220921_090000.WAV,Telephone Field,recover-20220922,001,1795
919.7465,919.7859,68437,82194,Rhinolophus ferrumequinum,0.021,0.021,-1,Echolocation,/mnt/ubna_data_02_mir/recover-20220922/UBNA_001/20220921_090000.WAV,Telephone Field,recover-20220922,001,1795
919.7725,919.8097,68437,81770,Rhinolophus ferrumequinum,0.023,0.023,-1,Echolocation,/mnt/ubna_data_02_mir/recover-20220922/UBNA_001/20220921_090000.WAV,Telephone Field,recover-20220922,001,1795
919.7975,919.8357,68437,81826,Rhinolophus ferrumequinum,0.033,0.033,-1,Echolocation,/mnt/ubna_data_02_mir/recover-20220922/UBNA_001/20220921_090000.WAV,Telephone Field,recover-20220922,001,1795
919.8065,919.8142,28046,37177,Eptesicus serotinus,0.007,0.022,-1,Echolocation,/mnt/ubna_data_02_mir/recover-20220922/UBNA_001/20220921_090000.WAV,Telephone Field,recover-20220922,001,1795
919.8255,919.8663,68437,82491,Rhinolophus ferrumequinum,0.027,0.027,-1,Echolocation,/mnt/ubna_data_02_mir/recover-20220922/UBNA_001/20220921_090000.WAV,Telephone Field,recover-20220922,001,1795
919.8725,919.9097,68437,81509,Rhinolophus ferrumequinum,0.023,0.023,-1,Echolocation,/mnt/ubna_data_02_mir/recover-20220922/UBNA_001/20220921_090000.WAV,Telephone Field,recover-20220922,001,1795
919.8745,919.8865,23750,28500,Nyctalus leisleri,0.011,0.024,-1,Echolocation,/mnt/ubna_data_02_mir/recover-20220922/UBNA_001/20220921_090000.WAV,Telephone Field,recover-20220922,001,1795
919.8845,919.9248,68437,81757,Rhinolophus ferrumequinum,0.025,0.025,-1,Echolocation,/mnt/ubna_data_02_mir/recover-20220922/UBNA_001/20220921_090000.WAV,Telephone Field,recover-20220922,001,1795
919.9285,919.9732,68437,82792,Rhinolophus ferrumequinum,0.062,0.062,-1,Echolocation,/mnt/ubna_data_02_mir/recover-20220922/UBNA_001/20220921_090000.WAV,Telephone Field,recover-20220922,001,1795
919.9385,919.9468,28046,37681,Eptesicus serotinus,0.008,0.022,-1,Echolocation,/mnt/ubna_data_02_mir/recover-20220922/UBNA_001/20220921_090000.WAV,Telephone Field,recover-20220922,001,1795
920.0015,920.0348,68437,79393,Rhinolophus ferrumequinum,0.038,0.039,-1,Echolocation,/mnt/ubna_data_02_mir/recover-20220922/UBNA_001/20220921_090000.WAV,Telephone Field,recover-20220922,001,1795
920.0015,920.0113,22031,30810,Nyctalus leisleri,0.008,0.026,-1,Echolocation,/mnt/ubna_data_02_mir/recover-20220922/UBNA_001/20220921_090000.WAV,Telephone Field,recover-20220922,001,1795
920.0035,920.0125,42656,46543,Pipistrellus nathusii,0.027,0.052,-1,Echolocation,/mnt/ubna_data_02_mir/recover-20220922/UBNA_001/20220921_090000.WAV,Telephone Field,recover-20220922,001,1795
920.0045,920.0114,31484,42982,Myotis daubentonii,0.014,0.025,-1,Echolocation,/mnt/ubna_data_02_mir/recover-20220922/UBNA_001/20220921_090000.WAV,Telephone Field,recover-20220922,001,1795
920.0065,920.0144,27187,38868,Eptesicus serotinus,0.009,0.024,-1,Echolocation,/mnt/ubna_data_02_mir/recover-20220922/UBNA_001/20220921_090000.WAV,Telephone Field,recover-20220922,001,1795
920.0125,920.0539,68437,82259,Rhinolophus ferrumequinum,0.021,0.021,-1,Echolocation,/mnt/ubna_data_02_mir/recover-20220922/UBNA_001/20220921_090000.WAV,Telephone Field,recover-20220922,001,1795
920.0175,920.0559,68437,81392,Rhinolophus ferrumequinum,0.021,0.021,-1,Echolocation,/mnt/ubna_data_02_mir/recover-20220922/UBNA_001/20220921_090000.WAV,Telephone Field,recover-20220922,001,1795
920.0635,920.102,68437,81823,Rhinolophus ferrumequinum,0.022,0.022,-1,Echolocation,/mnt/ubna_data_02_mir/recover-20220922/UBNA_001/20220921_090000.WAV,Telephone Field,recover-20220922,001,1795
920.0835,920.1218,68437,82100,Rhinolophus ferrumequinum,0.023,0.023,-1,Echolocation,/mnt/ubna_data_02_mir/recover-20220922/UBNA_001/20220921_090000.WAV,Telephone Field,recover-20220922,001,1795
920.1115,920.1521,68437,82687,Rhinolophus ferrumequinum,0.022,0.022,-1,Echolocation,/mnt/ubna_data_02_mir/recover-20220922/UBNA_001/20220921_090000.WAV,Telephone Field,recover-20220922,001,1795
920.1565,920.1959,68437,82729,Rhinolophus ferrumequinum,0.023,0.023,-1,Echolocation,/mnt/ubna_data_02_mir/recover-20220922/UBNA_001/20220921_090000.WAV,Telephone Field,recover-20220922,001,1795
920.1865,920.2238,68437,81748,Rhinolophus ferrumequinum,0.021,0.021,-1,Echolocation,/mnt/ubna_data_02_mir/recover-20220922/UBNA_001/20220921_090000.WAV,Telephone Field,recover-20220922,001,1795
920.2105,920.2523,68437,82750,Rhinolophus ferrumequinum,0.03,0.03,-1,Echolocation,/mnt/ubna_data_02_mir/recover-20220922/UBNA_001/20220921_090000.WAV,Telephone Field,recover-20220922,001,1795
920.2405,920.2515,22890,27965,Nyctalus leisleri,0.01,0.022,-1,Echolocation,/mnt/ubna_data_02_mir/recover-20220922/UBNA_001/20220921_090000.WAV,Telephone Field,recover-20220922,001,1795
920.2465,920.2885,68437,82931,Rhinolophus ferrumequinum,0.021,0.021,-1,Echolocation,/mnt/ubna_data_02_mir/recover-20220922/UBNA_001/20220921_090000.WAV,Telephone Field,recover-20220922,001,1795
920.2645,920.308,68437,83259,Rhinolophus ferrumequinum,0.03,0.03,-1,Echolocation,/mnt/ubna_data_02_mir/recover-20220922/UBNA_001/20220921_090000.WAV,Telephone Field,recover-20220922,001,1795
920.3185,920.3585,68437,81811,Rhinolophus ferrumequinum,0.021,0.021,-1,Echolocation,/mnt/ubna_data_02_mir/recover-20220922/UBNA_001/20220921_090000.WAV,Telephone Field,recover-20220922,001,1795
920.3735,920.4115,68437,82540,Rhinolophus ferrumequinum,0.025,0.025,-1,Echolocation,/mnt/ubna_data_02_mir/recover-20220922/UBNA_001/20220921_090000.WAV,Telephone Field,recover-20220922,001,1795
920.3745,920.3862,22890,27751,Nyctalus leisleri,0.012,0.023,-1,Echolocation,/mnt/ubna_data_02_mir/recover-20220922/UBNA_001/20220921_090000.WAV,Telephone Field,recover-20220922,001,1795
920.3985,920.437,68437,81761,Rhinolophus ferrumequinum,0.021,0.021,-1,Echolocation,/mnt/ubna_data_02_mir/recover-20220922/UBNA_001/20220921_090000.WAV,Telephone Field,recover-20220922,001,1795
920.4205,920.4581000000001,68437,82268,Rhinolophus ferrumequinum,0.022,0.022,-1,Echolocation,/mnt/ubna_data_02_mir/recover-20220922/UBNA_001/20220921_090000.WAV,Telephone Field,recover-20220922,001,1795
920.4665,920.4734,27187,46149,Eptesicus serotinus,0.006,0.022,-1,Echolocation,/mnt/ubna_data_02_mir/recover-20220922/UBNA_001/20220921_090000.WAV,Telephone Field,recover-20220922,001,1795
920.4995,920.5397,68437,82218,Rhinolophus ferrumequinum,0.024,0.024,-1,Echolocation,/mnt/ubna_data_02_mir/recover-20220922/UBNA_001/20220921_090000.WAV,Telephone Field,recover-20220922,001,1795
920.5115,920.5232,25468,31333,Eptesicus serotinus,0.011,0.028,-1,Echolocation,/mnt/ubna_data_02_mir/recover-20220922/UBNA_001/20220921_090000.WAV,Telephone Field,recover-20220922,001,1795
920.5165,920.5537,68437,81157,Rhinolophus ferrumequinum,0.023,0.023,-1,Echolocation,/mnt/ubna_data_02_mir/recover-20220922/UBNA_001/20220921_090000.WAV,Telephone Field,recover-20220922,001,1795
920.5405,920.5794,68437,82031,Rhinolophus ferrumequinum,0.025,0.025,-1,Echolocation,/mnt/ubna_data_02_mir/recover-20220922/UBNA_001/20220921_090000.WAV,Telephone Field,recover-20220922,001,1795
920.5645,920.574,28046,36225,Eptesicus serotinus,0.012,0.026,-1,Echolocation,/mnt/ubna_data_02_mir/recover-20220922/UBNA_001/20220921_090000.WAV,Telephone Field,recover-20220922,001,1795
920.6615,920.6708,14296,20750,Nyctalus noctula,0.009,0.021,-1,Echolocation,/mnt/ubna_data_02_mir/recover-20220922/UBNA_001/20220921_090000.WAV,Telephone Field,recover-20220922,001,1795
920.6735,920.715,68437,82237,Rhinolophus ferrumequinum,0.022,0.022,-1,Echolocation,/mnt/ubna_data_02_mir/recover-20220922/UBNA_001/20220921_090000.WAV,Telephone Field,recover-20220922,001,1795
920.6805,920.7206,68437,82662,Rhinolophus ferrumequinum,0.022,0.022,-1,Echolocation,/mnt/ubna_data_02_mir/recover-20220922/UBNA_001/20220921_090000.WAV,Telephone Field,recover-20220922,001,1795
920.6895,920.6995,28046,36210,Eptesicus serotinus,0.01,0.024,-1,Echolocation,/mnt/ubna_data_02_mir/recover-20220922/UBNA_001/20220921_090000.WAV,Telephone Field,recover-20220922,001,1795
920.7285,920.7663,68437,82147,Rhinolophus ferrumequinum,0.021,0.021,-1,Echolocation,/mnt/ubna_data_02_mir/recover-20220922/UBNA_001/20220921_090000.WAV,Telephone Field,recover-20220922,001,1795
920.7405,920.7789,68437,82166,Rhinolophus ferrumequinum,0.026,0.026,-1,Echolocation,/mnt/ubna_data_02_mir/recover-20220922/UBNA_001/20220921_090000.WAV,Telephone Field,recover-20220922,001,1795
920.7595,920.7701,23750,29473,Nyctalus leisleri,0.011,0.026,-1,Echolocation,/mnt/ubna_data_02_mir/recover-20220922/UBNA_001/20220921_090000.WAV,Telephone Field,recover-20220922,001,1795
920.7735,920.7842,23750,29458,Nyctalus leisleri,0.011,0.025,-1,Echolocation,/mnt/ubna_data_02_mir/recover-20220922/UBNA_001/20220921_090000.WAV,Telephone Field,recover-20220922,001,1795
920.7995,920.8375,68437,81645,Rhinolophus ferrumequinum,0.024,0.024,-1,Echolocation,/mnt/ubna_data_02_mir/recover-20220922/UBNA_001/20220921_090000.WAV,Telephone Field,recover-20220922,001,1795
920.8085,920.8479,68437,82127,Rhinolophus ferrumequinum,0.022,0.022,-1,Echolocation,/mnt/ubna_data_02_mir/recover-20220922/UBNA_001/20220921_090000.WAV,Telephone Field,recover-20220922,001,1795
920.8185,920.8569,68437,81976,Rhinolophus ferrumequinum,0.022,0.022,-1,Echolocation,/mnt/ubna_data_02_mir/recover-20220922/UBNA_001/20220921_090000.WAV,Telephone Field,recover-20220922,001,1795
920.8305,920.8402,22890,29266,Nyctalus leisleri,0.007,0.022,-1,Echolocation,/mnt/ubna_data_02_mir/recover-20220922/UBNA_001/20220921_090000.WAV,Telephone Field,recover-20220922,001,1795
920.8485000000001,920.8593,23750,28996,Nyctalus leisleri,0.009,0.021,-1,Echolocation,/mnt/ubna_data_02_mir/recover-20220922/UBNA_001/20220921_090000.WAV,Telephone Field,recover-20220922,001,1795
920.8515,920.8925,68437,83230,Rhinolophus ferrumequinum,0.026,0.026,-1,Echolocation,/mnt/ubna_data_02_mir/recover-20220922/UBNA_001/20220921_090000.WAV,Telephone Field,recover-20220922,001,1795
920.8695,920.9087,68437,82341,Rhinolophus ferrumequinum,0.023,0.023,-1,Echolocation,/mnt/ubna_data_02_mir/recover-20220922/UBNA_001/20220921_090000.WAV,Telephone Field,recover-20220922,001,1795
920.8755,920.9153,68437,82874,Rhinolophus ferrumequinum,0.023,0.023,-1,Echolocation,/mnt/ubna_data_02_mir/recover-20220922/UBNA_001/20220921_090000.WAV,Telephone Field,recover-20220922,001,1795
920.8895,920.9023,51250,56766,Pipistrellus pipistrellus,0.034,0.043,-1,Echolocation,/mnt/ubna_data_02_mir/recover-20220922/UBNA_001/20220921_090000.WAV,Telephone Field,recover-20220922,001,1795
920.9305,920.9699,68437,81937,Rhinolophus ferrumequinum,0.022,0.022,-1,Echolocation,/mnt/ubna_data_02_mir/recover-20220922/UBNA_001/20220921_090000.WAV,Telephone Field,recover-20220922,001,1795
920.9385,920.9763,68437,82011,Rhinolophus ferrumequinum,0.022,0.022,-1,Echolocation,/mnt/ubna_data_02_mir/recover-20220922/UBNA_001/20220921_090000.WAV,Telephone Field,recover-20220922,001,1795
920.9525,920.9911,68437,81943,Rhinolophus ferrumequinum,0.024,0.024,-1,Echolocation,/mnt/ubna_data_02_mir/recover-20220922/UBNA_001/20220921_090000.WAV,Telephone Field,recover-20220922,001,1795
920.9825,921.0215,68437,81578,Rhinolophus ferrumequinum,0.022,0.022,-1,Echolocation,/mnt/ubna_data_02_mir/recover-20220922/UBNA_001/20220921_090000.WAV,Telephone Field,recover-20220922,001,1795
920.9935,921.0037,22890,28793,Nyctalus leisleri,0.009,0.023,-1,Echolocation,/mnt/ubna_data_02_mir/recover-20220922/UBNA_001/20220921_090000.WAV,Telephone Field,recover-20220922,001,1795
921.0145,921.0255,36640,41009,Pipistrellus nathusii,0.012,0.022,-1,Echolocation,/mnt/ubna_data_02_mir/recover-20220922/UBNA_001/20220921_090000.WAV,Telephone Field,recover-20220922,001,1795
921.0245,921.0612,68437,81876,Rhinolophus ferrumequinum,0.021,0.021,-1,Echolocation,/mnt/ubna_data_02_mir/recover-20220922/UBNA_001/20220921_090000.WAV,Telephone Field,recover-20220922,001,1795
921.0685,921.0766,49531,53969,Pipistrellus pipistrellus,0.028,0.03,-1,Echolocation,/mnt/ubna_data_02_mir/recover-20220922/UBNA_001/20220921_090000.WAV,Telephone Field,recover-20220922,001,1795
921.0765,921.112,68437,81120,Rhinolophus ferrumequinum,0.024,0.024,-1,Echolocation,/mnt/ubna_data_02_mir/recover-20220922/UBNA_001/20220921_090000.WAV,Telephone Field,recover-20220922,001,1795
921.0825,921.0933,23750,30192,Nyctalus leisleri,0.009,0.025,-1,Echolocation,/mnt/ubna_data_02_mir/recover-20220922/UBNA_001/20220921_090000.WAV,Telephone Field,recover-20220922,001,1795
921.0835,921.1192,68437,81075,Rhinolophus ferrumequinum,0.022,0.022,-1,Echolocation,/mnt/ubna_data_02_mir/recover-20220922/UBNA_001/20220921_090000.WAV,Telephone Field,recover-20220922,001,1795
921.1285,921.1408,57265,62170,Pipistrellus pygmaeus,0.047,0.052,-1,Echolocation,/mnt/ubna_data_02_mir/recover-20220922/UBNA_001/20220921_090000.WAV,Telephone Field,recover-20220922,001,1795
921.1305,921.1712,68437,83010,Rhinolophus ferrumequinum,0.025,0.025,-1,Echolocation,/mnt/ubna_data_02_mir/recover-20220922/UBNA_001/20220921_090000.WAV,Telephone Field,recover-20220922,001,1795
921.1505,921.1921,68437,82901,Rhinolophus ferrumequinum,0.023,0.023,-1,Echolocation,/mnt/ubna_data_02_mir/recover-20220922/UBNA_001/20220921_090000.WAV,Telephone Field,recover-20220922,001,1795
921.1855,921.2219,68437,81069,Rhinolophus ferrumequinum,0.022,0.022,-1,Echolocation,/mnt/ubna_data_02_mir/recover-20220922/UBNA_001/20220921_090000.WAV,Telephone Field,recover-20220922,001,1795
921.2175,921.2562,68437,82260,Rhinolophus ferrumequinum,0.021,0.021,-1,Echolocation,/mnt/ubna_data_02_mir/recover-20220922/UBNA_001/20220921_090000.WAV,Telephone Field,recover-20220922,001,1795
921.2385,921.2463,28046,40843,Eptesicus serotinus,0.009,0.026,-1,Echolocation,/mnt/ubna_data_02_mir/recover-20220922/UBNA_001/20220921_090000.WAV,Telephone Field,recover-20220922,001,1795
921.2395,921.2815,68437,83128,Rhinolophus ferrumequinum,0.03,0.03,-1,Echolocation,/mnt/ubna_data_02_mir/recover-20220922/UBNA_001/20220921_090000.WAV,Telephone Field,recover-20220922,001,1795
921.2615,921.3001,68437,81596,Rhinolophus ferrumequinum,0.029,0.029,-1,Echolocation,/mnt/ubna_data_02_mir/recover-20220922/UBNA_001/20220921_090000.WAV,Telephone Field,recover-20220922,001,1795
921.2695,921.2838,22890,27023,Nyctalus leisleri,0.028,0.048,-1,Echolocation,/mnt/ubna_data_02_mir/recover-20220922/UBNA_001/20220921_090000.WAV,Telephone Field,recover-20220922,001,1795
921.2885,921.3312,68437,82976,Rhinolophus ferrumequinum,0.025,0.025,-1,Echolocation,/mnt/ubna_data_02_mir/recover-20220922/UBNA_001/20220921_090000.WAV,Telephone Field,recover-20220922,001,1795
921.2925,921.3124,20312,23300,Nyctalus leisleri,0.018,0.029,-1,Echolocation,/mnt/ubna_data_02_mir/recover-20220922/UBNA_001/20220921_090000.WAV,Telephone Field,recover-20220922,001,1795
921.3025,921.3434,68437,82792,Rhinolophus ferrumequinum,0.021,0.021,-1,Echolocation,/mnt/ubna_data_02_mir/recover-20220922/UBNA_001/20220921_090000.WAV,Telephone Field,recover-20220922,001,1795
921.3145,921.3555,68437,82984,Rhinolophus ferrumequinum,0.023,0.023,-1,Echolocation,/mnt/ubna_data_02_mir/recover-20220922/UBNA_001/20220921_090000.WAV,Telephone Field,recover-20220922,001,1795
921.3365,921.3759,68437,82400,Rhinolophus ferrumequinum,0.023,0.023,-1,Echolocation,/mnt/ubna_data_02_mir/recover-20220922/UBNA_001/20220921_090000.WAV,Telephone Field,recover-20220922,001,1795
921.3415,921.3846,68437,82965,Rhinolophus ferrumequinum,0.023,0.023,-1,Echolocation,/mnt/ubna_data_02_mir/recover-20220922/UBNA_001/20220921_090000.WAV,Telephone Field,recover-20220922,001,1795
921.3515,921.3941,68437,83083,Rhinolophus ferrumequinum,0.027,0.027,-1,Echolocation,/mnt/ubna_data_02_mir/recover-20220922/UBNA_001/20220921_090000.WAV,Telephone Field,recover-20220922,001,1795
921.3635,921.3757,15156,21672,Nyctalus noctula,0.024,0.036,-1,Echolocation,/mnt/ubna_data_02_mir/recover-20220922/UBNA_001/20220921_090000.WAV,Telephone Field,recover-20220922,001,1795
921.3695,921.4096,68437,82228,Rhinolophus ferrumequinum,0.022,0.022,-1,Echolocation,/mnt/ubna_data_02_mir/recover-20220922/UBNA_001/20220921_090000.WAV,Telephone Field,recover-20220922,001,1795
921.3725,921.3818,27187,35532,Eptesicus serotinus,0.009,0.023,-1,Echolocation,/mnt/ubna_data_02_mir/recover-20220922/UBNA_001/20220921_090000.WAV,Telephone Field,recover-20220922,001,1795
921.3795,921.3871,28046,39088,Eptesicus serotinus,0.006,0.023,-1,Echolocation,/mnt/ubna_data_02_mir/recover-20220922/UBNA_001/20220921_090000.WAV,Telephone Field,recover-20220922,001,1795
921.3955,921.4376,68437,83056,Rhinolophus ferrumequinum,0.028,0.028,-1,Echolocation,/mnt/ubna_data_02_mir/recover-20220922/UBNA_001/20220921_090000.WAV,Telephone Field,recover-20220922,001,1795
921.4055,921.4166,22031,26776,Nyctalus leisleri,0.011,0.022,-1,Echolocation,/mnt/ubna_data_02_mir/recover-20220922/UBNA_001/20220921_090000.WAV,Telephone Field,recover-20220922,001,1795
921.4145,921.455,68437,82333,Rhinolophus ferrumequinum,0.023,0.023,-1,Echolocation,/mnt/ubna_data_02_mir/recover-20220922/UBNA_001/20220921_090000.WAV,Telephone Field,recover-20220922,001,1795
921.4255,921.4634,68437,81858,Rhinolophus ferrumequinum,0.024,0.024,-1,Echolocation,/mnt/ubna_data_02_mir/recover-20220922/UBNA_001/20220921_090000.WAV,Telephone Field,recover-20220922,001,1795
921.4265,921.4345,27187,36822,Eptesicus serotinus,0.006,0.021,-1,Echolocation,/mnt/ubna_data_02_mir/recover-20220922/UBNA_001/20220921_090000.WAV,Telephone Field,recover-20220922,001,1795
921.4395,921.4788,68437,82224,Rhinolophus ferrumequinum,0.027,0.027,-1,Echolocation,/mnt/ubna_data_02_mir/recover-20220922/UBNA_001/20220921_090000.WAV,Telephone Field,recover-20220922,001,1795
921.4485,921.4886,68437,82856,Rhinolophus ferrumequinum,0.025,0.025,-1,Echolocation,/mnt/ubna_data_02_mir/recover-20220922/UBNA_001/20220921_090000.WAV,Telephone Field,recover-20220922,001,1795
921.4865,921.4962,26328,33602,Eptesicus serotinus,0.012,0.03,-1,Echolocation,/mnt/ubna_data_02_mir/recover-20220922/UBNA_001/20220921_090000.WAV,Telephone Field,recover-20220922,001,1795
921.4905,921.5296,68437,81758,Rhinolophus ferrumequinum,0.023,0.023,-1,Echolocation,/mnt/ubna_data_02_mir/recover-20220922/UBNA_001/20220921_090000.WAV,Telephone Field,recover-20220922,001,1795
921.5245,921.5409,21171,24618,Nyctalus leisleri,0.014,0.024,-1,Echolocation,/mnt/ubna_data_02_mir/recover-20220922/UBNA_001/20220921_090000.WAV,Telephone Field,recover-20220922,001,1795
921.5385,921.5791,68437,82429,Rhinolophus ferrumequinum,0.023,0.023,-1,Echolocation,/mnt/ubna_data_02_mir/recover-20220922/UBNA_001/20220921_090000.WAV,Telephone Field,recover-20220922,001,1795
921.5675,921.6066,68437,82255,Rhinolophus ferrumequinum,0.027,0.027,-1,Echolocation,/mnt/ubna_data_02_mir/recover-20220922/UBNA_001/20220921_090000.WAV,Telephone Field,recover-20220922,001,1795
921.5855,921.6233,68437,81932,Rhinolophus ferrumequinum,0.022,0.022,-1,Echolocation,/mnt/ubna_data_02_mir/recover-20220922/UBNA_001/20220921_090000.WAV,Telephone Field,recover-20220922,001,1795
921.5995,921.6076,28906,39020,Eptesicus serotinus,0.008,0.024,-1,Echolocation,/mnt/ubna_data_02_mir/recover-20220922/UBNA_001/20220921_090000.WAV,Telephone Field,recover-20220922,001,1795
921.6055,921.6417,68437,81353,Rhinolophus ferrumequinum,0.023,0.023,-1,Echolocation,/mnt/ubna_data_02_mir/recover-20220922/UBNA_001/20220921_090000.WAV,Telephone Field,recover-20220922,001,1795
921.6275,921.6668999999999,68437,82156,Rhinolophus ferrumequinum,0.021,0.022,-1,Echolocation,/mnt/ubna_data_02_mir/recover-20220922/UBNA_001/20220921_090000.WAV,Telephone Field,recover-20220922,001,1795
921.7075,921.7481,68437,82993,Rhinolophus ferrumequinum,0.026,0.026,-1,Echolocation,/mnt/ubna_data_02_mir/recover-20220922/UBNA_001/20220921_090000.WAV,Telephone Field,recover-20220922,001,1795
921.7335,921.773,68437,82434,Rhinolophus ferrumequinum,0.026,0.026,-1,Echolocation,/mnt/ubna_data_02_mir/recover-20220922/UBNA_001/20220921_090000.WAV,Telephone Field,recover-20220922,001,1795
921.7555,921.7949,68437,82241,Rhinolophus ferrumequinum,0.022,0.022,-1,Echolocation,/mnt/ubna_data_02_mir/recover-20220922/UBNA_001/20220921_090000.WAV,Telephone Field,recover-20220922,001,1795
921.7675,921.7777,28046,35038,Eptesicus serotinus,0.011,0.025,-1,Echolocation,/mnt/ubna_data_02_mir/recover-20220922/UBNA_001/20220921_090000.WAV,Telephone Field,recover-20220922,001,1795
921.7975,921.8175,16015,20111,Nyctalus noctula,0.031,0.042,-1,Echolocation,/mnt/ubna_data_02_mir/recover-20220922/UBNA_001/20220921_090000.WAV,Telephone Field,recover-20220922,001,1795
921.8185,921.8584,68437,82877,Rhinolophus ferrumequinum,0.023,0.023,-1,Echolocation,/mnt/ubna_data_02_mir/recover-20220922/UBNA_001/20220921_090000.WAV,Telephone Field,recover-20220922,001,1795
921.8335,921.8716,68437,81869,Rhinolophus ferrumequinum,0.023,0.023,-1,Echolocation,/mnt/ubna_data_02_mir/recover-20220922/UBNA_001/20220921_090000.WAV,Telephone Field,recover-20220922,001,1795
921.8485000000001,921.8556,28046,39473,Eptesicus serotinus,0.006,0.022,-1,Echolocation,/mnt/ubna_data_02_mir/recover-20220922/UBNA_001/20220921_090000.WAV,Telephone Field,recover-20220922,001,1795
921.8495,921.8576,23750,32053,Plecotus austriacus,0.008,0.022,-1,Echolocation,/mnt/ubna_data_02_mir/recover-20220922/UBNA_001/20220921_090000.WAV,Telephone Field,recover-20220922,001,1795
921.8545,921.8945,68437,82497,Rhinolophus ferrumequinum,0.026,0.026,-1,Echolocation,/mnt/ubna_data_02_mir/recover-20220922/UBNA_001/20220921_090000.WAV,Telephone Field,recover-20220922,001,1795
921.8705,921.88,22890,29145,Nyctalus leisleri,0.008,0.021,-1,Echolocation,/mnt/ubna_data_02_mir/recover-20220922/UBNA_001/20220921_090000.WAV,Telephone Field,recover-20220922,001,1795
921.8825,921.9198,68437,82322,Rhinolophus ferrumequinum,0.021,0.021,-1,Echolocation,/mnt/ubna_data_02_mir/recover-20220922/UBNA_001/20220921_090000.WAV,Telephone Field,recover-20220922,001,1795
921.8845,921.8922,47812,52937,Pipistrellus pipistrellus,0.023,0.025,-1,Echolocation,/mnt/ubna_data_02_mir/recover-20220922/UBNA_001/20220921_090000.WAV,Telephone Field,recover-20220922,001,1795
921.8985,921.9069,29765,38371,Eptesicus serotinus,0.006,0.021,-1,Echolocation,/mnt/ubna_data_02_mir/recover-20220922/UBNA_001/20220921_090000.WAV,Telephone Field,recover-20220922,001,1795
921.9045,921.9147,28906,36119,Eptesicus serotinus,0.008,0.022,-1,Echolocation,/mnt/ubna_data_02_mir/recover-20220922/UBNA_001/20220921_090000.WAV,Telephone Field,recover-20220922,001,1795
921.9305,921.9705,68437,83035,Rhinolophus ferrumequinum,0.041,0.041,-1,Echolocation,/mnt/ubna_data_02_mir/recover-20220922/UBNA_001/20220921_090000.WAV,Telephone Field,recover-20220922,001,1795
921.9465,921.9865,68437,82523,Rhinolophus ferrumequinum,0.022,0.022,-1,Echolocation,/mnt/ubna_data_02_mir/recover-20220922/UBNA_001/20220921_090000.WAV,Telephone Field,recover-20220922,001,1795
922.0015,922.0103,44375,49274,Pipistrellus pipistrellus,0.021,0.027,-1,Echolocation,/mnt/ubna_data_02_mir/recover-20220922/UBNA_001/20220921_090000.WAV,Telephone Field,recover-20220922,001,1795
922.0015,922.0322,69296,81497,Rhinolophus ferrumequinum,0.039,0.04,-1,Echolocation,/mnt/ubna_data_02_mir/recover-20220922/UBNA_001/20220921_090000.WAV,Telephone Field,recover-20220922,001,1795
922.0015,922.0109,22031,29641,Nyctalus leisleri,0.01,0.033,-1,Echolocation,/mnt/ubna_data_02_mir/recover-20220922/UBNA_001/20220921_090000.WAV,Telephone Field,recover-20220922,001,1795
922.0015,922.0093,37500,47721,Myotis daubentonii,0.008,0.023,-1,Echolocation,/mnt/ubna_data_02_mir/recover-20220922/UBNA_001/20220921_090000.WAV,Telephone Field,recover-20220922,001,1795
922.0205,922.063,68437,82750,Rhinolophus ferrumequinum,0.034,0.034,-1,Echolocation,/mnt/ubna_data_02_mir/recover-20220922/UBNA_001/20220921_090000.WAV,Telephone Field,recover-20220922,001,1795
922.0235,922.0326,27187,36674,Eptesicus serotinus,0.009,0.023,-1,Echolocation,/mnt/ubna_data_02_mir/recover-20220922/UBNA_001/20220921_090000.WAV,Telephone Field,recover-20220922,001,1795
922.0255,922.0354,22031,27431,Nyctalus leisleri,0.008,0.021,-1,Echolocation,/mnt/ubna_data_02_mir/recover-20220922/UBNA_001/20220921_090000.WAV,Telephone Field,recover-20220922,001,1795
922.0505,922.0854,68437,81745,Rhinolophus ferrumequinum,0.023,0.024,-1,Echolocation,/mnt/ubna_data_02_mir/recover-20220922/UBNA_001/20220921_090000.WAV,Telephone Field,recover-20220922,001,1795
922.0545,922.0688,23750,28552,Nyctalus leisleri,0.014,0.027,-1,Echolocation,/mnt/ubna_data_02_mir/recover-20220922/UBNA_001/20220921_090000.WAV,Telephone Field,recover-20220922,001,1795
922.0605,922.0757,22890,26679,Nyctalus leisleri,0.017,0.028,-1,Echolocation,/mnt/ubna_data_02_mir/recover-20220922/UBNA_001/20220921_090000.WAV,Telephone Field,recover-20220922,001,1795
922.0885,922.129,68437,82597,Rhinolophus ferrumequinum,0.028,0.028,-1,Echolocation,/mnt/ubna_data_02_mir/recover-20220922/UBNA_001/20220921_090000.WAV,Telephone Field,recover-20220922,001,1795
922.1055,922.1126,56406,61409,Pipistrellus pygmaeus,0.034,0.035,-1,Echolocation,/mnt/ubna_data_02_mir/recover-20220922/UBNA_001/20220921_090000.WAV,Telephone Field,recover-20220922,001,1795
922.1155,922.1312,22031,26121,Nyctalus leisleri,0.017,0.028,-1,Echolocation,/mnt/ubna_data_02_mir/recover-20220922/UBNA_001/20220921_090000.WAV,Telephone Field,recover-20220922,001,1795
922.1425,922.1538,27187,33469,Eptesicus serotinus,0.009,0.023,-1,Echolocation,/mnt/ubna_data_02_mir/recover-20220922/UBNA_001/20220921_090000.WAV,Telephone Field,recover-20220922,001,1795
922.1575,922.1939,68437,81827,Rhinolophus ferrumequinum,0.021,0.021,-1,Echolocation,/mnt/ubna_data_02_mir/recover-20220922/UBNA_001/20220921_090000.WAV,Telephone Field,recover-20220922,001,1795
922.1595,922.169,28046,36423,Eptesicus serotinus,0.008,0.021,-1,Echolocation,/mnt/ubna_data_02_mir/recover-20220922/UBNA_001/20220921_090000.WAV,Telephone Field,recover-20220922,001,1795
922.1665,922.1749,27187,36614,Eptesicus serotinus,0.007,0.021,-1,Echolocation,/mnt/ubna_data_02_mir/recover-20220922/UBNA_001/20220921_090000.WAV,Telephone Field,recover-20220922,001,1795
922.1845,922.2221,68437,82323,Rhinolophus ferrumequinum,0.021,0.021,-1,Echolocation,/mnt/ubna_data_02_mir/recover-20220922/UBNA_001/20220921_090000.WAV,Telephone Field,recover-20220922,001,1795
922.2035,922.2141,26328,33537,Eptesicus serotinus,0.009,0.022,-1,Echolocation,/mnt/ubna_data_02_mir/recover-20220922/UBNA_001/20220921_090000.WAV,Telephone Field,recover-20220922,001,1795
922.2225,922.2618,68437,81999,Rhinolophus ferrumequinum,0.037,0.037,-1,Echolocation,/mnt/ubna_data_02_mir/recover-20220922/UBNA_001/20220921_090000.WAV,Telephone Field,recover-20220922,001,1795
922.2815,922.2934,26328,32582,Eptesicus serotinus,0.025,0.044,-1,Echolocation,/mnt/ubna_data_02_mir/recover-20220922/UBNA_001/20220921_090000.WAV,Telephone Field,recover-20220922,001,1795
922.2855,922.3249,68437,82054,Rhinolophus ferrumequinum,0.023,0.023,-1,Echolocation,/mnt/ubna_data_02_mir/recover-20220922/UBNA_001/20220921_090000.WAV,Telephone Field,recover-20220922,001,1795
922.2965,922.307,22890,28687,Nyctalus leisleri,0.009,0.023,-1,Echolocation,/mnt/ubna_data_02_mir/recover-20220922/UBNA_001/20220921_090000.WAV,Telephone Field,recover-20220922,001,1795
922.2985,922.3315,68437,80300,Rhinolophus ferrumequinum,0.03,0.031,-1,Echolocation,/mnt/ubna_data_02_mir/recover-20220922/UBNA_001/20220921_090000.WAV,Telephone Field,recover-20220922,001,1795
922.3315,922.3677,68437,81362,Rhinolophus ferrumequinum,0.024,0.024,-1,Echolocation,/mnt/ubna_data_02_mir/recover-20220922/UBNA_001/20220921_090000.WAV,Telephone Field,recover-20220922,001,1795
922.3475,922.3842,68437,82342,Rhinolophus ferrumequinum,0.026,0.026,-1,Echolocation,/mnt/ubna_data_02_mir/recover-20220922/UBNA_001/20220921_090000.WAV,Telephone Field,recover-20220922,001,1795
922.3635,922.3733,28906,37002,Eptesicus serotinus,0.01,0.023,-1,Echolocation,/mnt/ubna_data_02_mir/recover-20220922/UBNA_001/20220921_090000.WAV,Telephone Field,recover-20220922,001,1795
922.4045,922.4419,68437,81599,Rhinolophus ferrumequinum,0.021,0.021,-1,Echolocation,/mnt/ubna_data_02_mir/recover-20220922/UBNA_001/20220921_090000.WAV,Telephone Field,recover-20220922,001,1795
922.4255,922.4655,68437,82324,Rhinolophus ferrumequinum,0.024,0.024,-1,Echolocation,/mnt/ubna_data_02_mir/recover-20220922/UBNA_001/20220921_090000.WAV,Telephone Field,recover-20220922,001,1795
922.4285,922.4398,22890,27582,Nyctalus leisleri,0.011,0.022,-1,Echolocation,/mnt/ubna_data_02_mir/recover-20220922/UBNA_001/20220921_090000.WAV,Telephone Field,recover-20220922,001,1795
922.4405,922.4783,68437,81957,Rhinolophus ferrumequinum,0.023,0.023,-1,Echolocation,/mnt/ubna_data_02_mir/recover-20220922/UBNA_001/20220921_090000.WAV,Telephone Field,recover-20220922,001,1795
922.5015,922.5369,68437,81954,Rhinolophus ferrumequinum,0.021,0.021,-1,Echolocation,/mnt/ubna_data_02_mir/recover-20220922/UBNA_001/20220921_090000.WAV,Telephone Field,recover-20220922,001,1795
922.5085,922.5185,26328,34186,Eptesicus serotinus,0.009,0.021,-1,Echolocation,/mnt/ubna_data_02_mir/recover-20220922/UBNA_001/20220921_090000.WAV,Telephone Field,recover-20220922,001,1795
922.5275,922.5625,68437,81168,Rhinolophus ferrumequinum,0.021,0.021,-1,Echolocation,/mnt/ubna_data_02_mir/recover-20220922/UBNA_001/20220921_090000.WAV,Telephone Field,recover-20220922,001,1795
922.5465,922.5833,68437,81760,Rhinolophus ferrumequinum,0.022,0.022,-1,Echolocation,/mnt/ubna_data_02_mir/recover-20220922/UBNA_001/20220921_090000.WAV,Telephone Field,recover-20220922,001,1795
922.5505,922.5572,28046,40696,Eptesicus serotinus,0.007,0.025,-1,Echolocation,/mnt/ubna_data_02_mir/recover-20220922/UBNA_001/20220921_090000.WAV,Telephone Field,recover-20220922,001,1795
922.5575,922.5938,68437,81090,Rhinolophus ferrumequinum,0.023,0.023,-1,Echolocation,/mnt/ubna_data_02_mir/recover-20220922/UBNA_001/20220921_090000.WAV,Telephone Field,recover-20220922,001,1795
922.5975,922.6348,68437,81400,Rhinolophus ferrumequinum,0.022,0.022,-1,Echolocation,/mnt/ubna_data_02_mir/recover-20220922/UBNA_001/20220921_090000.WAV,Telephone Field,recover-20220922,001,1795
922.6085,922.644,68437,81117,Rhinolophus ferrumequinum,0.021,0.021,-1,Echolocation,/mnt/ubna_data_02_mir/recover-20220922/UBNA_001/20220921_090000.WAV,Telephone Field,recover-20220922,001,1795
922.6225,922.6305,27187,36325,Eptesicus serotinus,0.009,0.025,-1,Echolocation,/mnt/ubna_data_02_mir/recover-20220922/UBNA_001/20220921_090000.WAV,Telephone Field,recover-20220922,001,1795
922.6435,922.6513,28046,39882,Eptesicus serotinus,0.007,0.021,-1,Echolocation,/mnt/ubna_data_02_mir/recover-20220922/UBNA_001/20220921_090000.WAV,Telephone Field,recover-20220922,001,1795
922.6445,922.6526,46093,49154,Pipistrellus pipistrellus,0.036,0.038,-1,Echolocation,/mnt/ubna_data_02_mir/recover-20220922/UBNA_001/20220921_090000.WAV,Telephone Field,recover-20220922,001,1795
922.6765,922.6852,28046,37584,Eptesicus serotinus,0.009,0.022,-1,Echolocation,/mnt/ubna_data_02_mir/recover-20220922/UBNA_001/20220921_090000.WAV,Telephone Field,recover-20220922,001,1795
922.6885,922.7307,68437,82431,Rhinolophus ferrumequinum,0.027,0.027,-1,Echolocation,/mnt/ubna_data_02_mir/recover-20220922/UBNA_001/20220921_090000.WAV,Telephone Field,recover-20220922,001,1795
922.7075,922.7156,28046,36420,Eptesicus serotinus,0.008,0.025,-1,Echolocation,/mnt/ubna_data_02_mir/recover-20220922/UBNA_001/20220921_090000.WAV,Telephone Field,recover-20220922,001,1795
922.7255,922.7358,28046,35634,Eptesicus serotinus,0.011,0.025,-1,Echolocation,/mnt/ubna_data_02_mir/recover-20220922/UBNA_001/20220921_090000.WAV,Telephone Field,recover-20220922,001,1795
922.7385,922.775,68437,82036,Rhinolophus ferrumequinum,0.022,0.022,-1,Echolocation,/mnt/ubna_data_02_mir/recover-20220922/UBNA_001/20220921_090000.WAV,Telephone Field,recover-20220922,001,1795
922.7585,922.7679,16015,23322,Plecotus auritus,0.021,0.06,-1,Echolocation,/mnt/ubna_data_02_mir/recover-20220922/UBNA_001/20220921_090000.WAV,Telephone Field,recover-20220922,001,1795
922.7905,922.8001,28046,36604,Eptesicus serotinus,0.012,0.028,-1,Echolocation,/mnt/ubna_data_02_mir/recover-20220922/UBNA_001/20220921_090000.WAV,Telephone Field,recover-20220922,001,1795
922.7945,922.8328,68437,82043,Rhinolophus ferrumequinum,0.025,0.025,-1,Echolocation,/mnt/ubna_data_02_mir/recover-20220922/UBNA_001/20220921_090000.WAV,Telephone Field,recover-20220922,001,1795
922.8405,922.8816,68437,82486,Rhinolophus ferrumequinum,0.024,0.024,-1,Echolocation,/mnt/ubna_data_02_mir/recover-20220922/UBNA_001/20220921_090000.WAV,Telephone Field,recover-20220922,001,1795
922.8885,922.9259,68437,81756,Rhinolophus ferrumequinum,0.022,0.022,-1,Echolocation,/mnt/ubna_data_02_mir/recover-20220922/UBNA_001/20220921_090000.WAV,Telephone Field,recover-20220922,001,1795
922.9085,922.9214,22031,25704,Nyctalus leisleri,0.017,0.026,-1,Echolocation,/mnt/ubna_data_02_mir/recover-20220922/UBNA_001/20220921_090000.WAV,Telephone Field,recover-20220922,001,1795
922.9575,922.9931,68437,81629,Rhinolophus ferrumequinum,0.026,0.026,-1,Echolocation,/mnt/ubna_data_02_mir/recover-20220922/UBNA_001/20220921_090000.WAV,Telephone Field,recover-20220922,001,1795
922.9945,923.0326,68437,82486,Rhinolophus ferrumequinum,0.036,0.036,-1,Echolocation,/mnt/ubna_data_02_mir/recover-20220922/UBNA_001/20220921_090000.WAV,Telephone Field,recover-20220922,001,1795
923.0035,923.0131,26328,34598,Eptesicus serotinus,0.01,0.023,-1,Echolocation,/mnt/ubna_data_02_mir/recover-20220922/UBNA_001/20220921_090000.WAV,Telephone Field,recover-20220922,001,1795
923.0255,923.0347,28046,39886,Eptesicus serotinus,0.008,0.022,-1,Echolocation,/mnt/ubna_data_02_mir/recover-20220922/UBNA_001/20220921_090000.WAV,Telephone Field,recover-20220922,001,1795
923.0315,923.067,68437,81770,Rhinolophus ferrumequinum,0.024,0.024,-1,Echolocation,/mnt/ubna_data_02_mir/recover-20220922/UBNA_001/20220921_090000.WAV,Telephone Field,recover-20220922,001,1795
923.0485,923.0571,28046,38073,Eptesicus serotinus,0.008,0.023,-1,Echolocation,/mnt/ubna_data_02_mir/recover-20220922/UBNA_001/20220921_090000.WAV,Telephone Field,recover-20220922,001,1795
923.0495,923.0863,68437,81669,Rhinolophus ferrumequinum,0.023,0.023,-1,Echolocation,/mnt/ubna_data_02_mir/recover-20220922/UBNA_001/20220921_090000.WAV,Telephone Field,recover-20220922,001,1795
923.0555,923.0936,68437,81957,Rhinolophus ferrumequinum,0.022,0.022,-1,Echolocation,/mnt/ubna_data_02_mir/recover-20220922/UBNA_001/20220921_090000.WAV,Telephone Field,recover-20220922,001,1795
923.0865,923.0951,46953,51102,Pipistrellus pipistrellus,0.028,0.031,-1,Echolocation,/mnt/ubna_data_02_mir/recover-20220922/UBNA_001/20220921_090000.WAV,Telephone Field,recover-20220922,001,1795
923.0965,923.1337,68437,81487,Rhinolophus ferrumequinum,0.022,0.023,-1,Echolocation,/mnt/ubna_data_02_mir/recover-20220922/UBNA_001/20220921_090000.WAV,Telephone Field,recover-20220922,001,1795
923.1055,923.1449,68437,82413,Rhinolophus ferrumequinum,0.024,0.024,-1,Echolocation,/mnt/ubna_data_02_mir/recover-20220922/UBNA_001/20220921_090000.WAV,Telephone Field,recover-20220922,001,1795
923.1375,923.1744,68437,81613,Rhinolophus ferrumequinum,0.023,0.024,-1,Echolocation,/mnt/ubna_data_02_mir/recover-20220922/UBNA_001/20220921_090000.WAV,Telephone Field,recover-20220922,001,1795
923.1445,923.1823,68437,81373,Rhinolophus ferrumequinum,0.024,0.024,-1,Echolocation,/mnt/ubna_data_02_mir/recover-20220922/UBNA_001/20220921_090000.WAV,Telephone Field,recover-20220922,001,1795
923.1725,923.1785,41796,52472,Myotis daubentonii,0.006,0.023,-1,Echolocation,/mnt/ubna_data_02_mir/recover-20220922/UBNA_001/20220921_090000.WAV,Telephone Field,recover-20220922,001,1795
923.1765,923.2148,68437,82663,Rhinolophus ferrumequinum,0.023,0.023,-1,Echolocation,/mnt/ubna_data_02_mir/recover-20220922/UBNA_001/20220921_090000.WAV,Telephone Field,recover-20220922,001,1795
923.1905,923.234,68437,83440,Rhinolophus ferrumequinum,0.03,0.03,-1,Echolocation,/mnt/ubna_data_02_mir/recover-20220922/UBNA_001/20220921_090000.WAV,Telephone Field,recover-20220922,001,1795
923.2045,923.243,68437,82861,Rhinolophus ferrumequinum,0.026,0.026,-1,Echolocation,/mnt/ubna_data_02_mir/recover-20220922/UBNA_001/20220921_090000.WAV,Telephone Field,recover-20220922,001,1795
923.2115,923.2498,68437,81368,Rhinolophus ferrumequinum,0.022,0.022,-1,Echolocation,/mnt/ubna_data_02_mir/recover-20220922/UBNA_001/20220921_090000.WAV,Telephone Field,recover-20220922,001,1795
923.2175,923.2552,68437,81645,Rhinolophus ferrumequinum,0.023,0.023,-1,Echolocation,/mnt/ubna_data_02_mir/recover-20220922/UBNA_001/20220921_090000.WAV,Telephone Field,recover-20220922,001,1795
923.2515,923.2623,41796,45698,Pipistrellus pipistrellus,0.016,0.023,-1,Echolocation,/mnt/ubna_data_02_mir/recover-20220922/UBNA_001/20220921_090000.WAV,Telephone Field,recover-20220922,001,1795
923.2615,923.273,46953,50353,Pipistrellus pipistrellus,0.022,0.025,-1,Echolocation,/mnt/ubna_data_02_mir/recover-20220922/UBNA_001/20220921_090000.WAV,Telephone Field,recover-20220922,001,1795
923.2764999999999,923.2851,28046,36752,Eptesicus serotinus,0.008,0.021,-1,Echolocation,/mnt/ubna_data_02_mir/recover-20220922/UBNA_001/20220921_090000.WAV,Telephone Field,recover-20220922,001,1795
923.3015,923.3384,68437,81247,Rhinolophus ferrumequinum,0.022,0.022,-1,Echolocation,/mnt/ubna_data_02_mir/recover-20220922/UBNA_001/20220921_090000.WAV,Telephone Field,recover-20220922,001,1795
923.3095,923.349,68437,82263,Rhinolophus ferrumequinum,0.028,0.028,-1,Echolocation,/mnt/ubna_data_02_mir/recover-20220922/UBNA_001/20220921_090000.WAV,Telephone Field,recover-20220922,001,1795
923.3145,923.3253,22890,28202,Nyctalus leisleri,0.009,0.021,-1,Echolocation,/mnt/ubna_data_02_mir/recover-20220922/UBNA_001/20220921_090000.WAV,Telephone Field,recover-20220922,001,1795
923.3465,923.3896,68437,83346,Rhinolophus ferrumequinum,0.036,0.036,-1,Echolocation,/mnt/ubna_data_02_mir/recover-20220922/UBNA_001/20220921_090000.WAV,Telephone Field,recover-20220922,001,1795
923.3505,923.3612,26328,32559,Eptesicus serotinus,0.01,0.022,-1,Echolocation,/mnt/ubna_data_02_mir/recover-20220922/UBNA_001/20220921_090000.WAV,Telephone Field,recover-20220922,001,1795
923.3555,923.3962,68437,82776,Rhinolophus ferrumequinum,0.027,0.027,-1,Echolocation,/mnt/ubna_data_02_mir/recover-20220922/UBNA_001/20220921_090000.WAV,Telephone Field,recover-20220922,001,1795
923.3975,923.4058,25468,33615,Eptesicus serotinus,0.007,0.022,-1,Echolocation,/mnt/ubna_data_02_mir/recover-20220922/UBNA_001/20220921_090000.WAV,Telephone Field,recover-20220922,001,1795
923.3975,923.4388,68437,82598,Rhinolophus ferrumequinum,0.026,0.026,-1,Echolocation,/mnt/ubna_data_02_mir/recover-20220922/UBNA_001/20220921_090000.WAV,Telephone Field,recover-20220922,001,1795
923.4195,923.4281,27187,38011,Eptesicus serotinus,0.009,0.024,-1,Echolocation,/mnt/ubna_data_02_mir/recover-20220922/UBNA_001/20220921_090000.WAV,Telephone Field,recover-20220922,001,1795
923.4275,923.4682,68437,83013,Rhinolophus ferrumequinum,0.024,0.024,-1,Echolocation,/mnt/ubna_data_02_mir/recover-20220922/UBNA_001/20220921_090000.WAV,Telephone Field,recover-20220922,001,1795
923.4705,923.4784,28046,38616,Eptesicus serotinus,0.009,0.026,-1,Echolocation,/mnt/ubna_data_02_mir/recover-20220922/UBNA_001/20220921_090000.WAV,Telephone Field,recover-20220922,001,1795
923.4885,923.5259,68437,81307,Rhinolophus ferrumequinum,0.023,0.023,-1,Echolocation,/mnt/ubna_data_02_mir/recover-20220922/UBNA_001/20220921_090000.WAV,Telephone Field,recover-20220922,001,1795
923.5415,923.5521,55546,60969,Pipistrellus pygmaeus,0.025,0.026,-1,Echolocation,/mnt/ubna_data_02_mir/recover-20220922/UBNA_001/20220921_090000.WAV,Telephone Field,recover-20220922,001,1795
923.5495,923.5863,68437,81916,Rhinolophus ferrumequinum,0.024,0.024,-1,Echolocation,/mnt/ubna_data_02_mir/recover-20220922/UBNA_001/20220921_090000.WAV,Telephone Field,recover-20220922,001,1795
923.5995,923.6429,68437,83179,Rhinolophus ferrumequinum,0.027,0.027,-1,Echolocation,/mnt/ubna_data_02_mir/recover-20220922/UBNA_001/20220921_090000.WAV,Telephone Field,recover-20220922,001,1795
923.6005,923.6202,18593,21790,Nyctalus noctula,0.013,0.023,-1,Echolocation,/mnt/ubna_data_02_mir/recover-20220922/UBNA_001/20220921_090000.WAV,Telephone Field,recover-20220922,001,1795
923.6115,923.6218,23750,29706,Nyctalus leisleri,0.013,0.031,-1,Echolocation,/mnt/ubna_data_02_mir/recover-20220922/UBNA_001/20220921_090000.WAV,Telephone Field,recover-20220922,001,1795
923.6255,923.6648,68437,82812,Rhinolophus ferrumequinum,0.022,0.022,-1,Echolocation,/mnt/ubna_data_02_mir/recover-20220922/UBNA_001/20220921_090000.WAV,Telephone Field,recover-20220922,001,1795
923.6535,923.6932,68437,82379,Rhinolophus ferrumequinum,0.025,0.025,-1,Echolocation,/mnt/ubna_data_02_mir/recover-20220922/UBNA_001/20220921_090000.WAV,Telephone Field,recover-20220922,001,1795
923.6795,923.7166,68437,81189,Rhinolophus ferrumequinum,0.025,0.025,-1,Echolocation,/mnt/ubna_data_02_mir/recover-20220922/UBNA_001/20220921_090000.WAV,Telephone Field,recover-20220922,001,1795
923.7115,923.7519,68437,82565,Rhinolophus ferrumequinum,0.029,0.029,-1,Echolocation,/mnt/ubna_data_02_mir/recover-20220922/UBNA_001/20220921_090000.WAV,Telephone Field,recover-20220922,001,1795
923.7135,923.7202,24609,37144,Plecotus austriacus,0.009,0.026,-1,Echolocation,/mnt/ubna_data_02_mir/recover-20220922/UBNA_001/20220921_090000.WAV,Telephone Field,recover-20220922,001,1795
923.7255,923.766,68437,82176,Rhinolophus ferrumequinum,0.022,0.022,-1,Echolocation,/mnt/ubna_data_02_mir/recover-20220922/UBNA_001/20220921_090000.WAV,Telephone Field,recover-20220922,001,1795
923.7315,923.7711,68437,82545,Rhinolophus ferrumequinum,0.021,0.021,-1,Echolocation,/mnt/ubna_data_02_mir/recover-20220922/UBNA_001/20220921_090000.WAV,Telephone Field,recover-20220922,001,1795
923.7665,923.8028,68437,81067,Rhinolophus ferrumequinum,0.022,0.022,-1,Echolocation,/mnt/ubna_data_02_mir/recover-20220922/UBNA_001/20220921_090000.WAV,Telephone Field,recover-20220922,001,1795
923.7835,923.8206,68437,81973,Rhinolophus ferrumequinum,0.021,0.021,-1,Echolocation,/mnt/ubna_data_02_mir/recover-20220922/UBNA_001/20220921_090000.WAV,Telephone Field,recover-20220922,001,1795
923.8055,923.8463,68437,82887,Rhinolophus ferrumequinum,0.035,0.035,-1,Echolocation,/mnt/ubna_data_02_mir/recover-20220922/UBNA_001/20220921_090000.WAV,Telephone Field,recover-20220922,001,1795
923.8395,923.85,27187,35418,Eptesicus serotinus,0.011,0.024,-1,Echolocation,/mnt/ubna_data_02_mir/recover-20220922/UBNA_001/20220921_090000.WAV,Telephone Field,recover-20220922,001,1795
923.8425,923.879,68437,81620,Rhinolophus ferrumequinum,0.023,0.023,-1,Echolocation,/mnt/ubna_data_02_mir/recover-20220922/UBNA_001/20220921_090000.WAV,Telephone Field,recover-20220922,001,1795
923.8785,923.919,68437,82699,Rhinolophus ferrumequinum,0.025,0.025,-1,Echolocation,/mnt/ubna_data_02_mir/recover-20220922/UBNA_001/20220921_090000.WAV,Telephone Field,recover-20220922,001,1795
923.8985,923.9374,68437,82232,Rhinolophus ferrumequinum,0.023,0.023,-1,Echolocation,/mnt/ubna_data_02_mir/recover-20220922/UBNA_001/20220921_090000.WAV,Telephone Field,recover-20220922,001,1795
923.9065,923.9439,68437,82036,Rhinolophus ferrumequinum,0.026,0.026,-1,Echolocation,/mnt/ubna_data_02_mir/recover-20220922/UBNA_001/20220921_090000.WAV,Telephone Field,recover-20220922,001,1795
923.9125,923.936,20312,23109,Nyctalus leisleri,0.024,0.05,-1,Echolocation,/mnt/ubna_data_02_mir/recover-20220922/UBNA_001/20220921_090000.WAV,Telephone Field,recover-20220922,001,1795
923.9325,923.9722,68437,82150,Rhinolophus ferrumequinum,0.023,0.024,-1,Echolocation,/mnt/ubna_data_02_mir/recover-20220922/UBNA_001/20220921_090000.WAV,Telephone Field,recover-20220922,001,1795
923.9865,923.9961,28046,39940,Eptesicus serotinus,0.01,0.024,-1,Echolocation,/mnt/ubna_data_02_mir/recover-20220922/UBNA_001/20220921_090000.WAV,Telephone Field,recover-20220922,001,1795
924.0015,924.0355,68437,79697,Rhinolophus ferrumequinum,0.053,0.054,-1,Echolocation,/mnt/ubna_data_02_mir/recover-20220922/UBNA_001/20220921_090000.WAV,Telephone Field,recover-20220922,001,1795
924.0015,924.0091,24609,34470,Nyctalus leisleri,0.006,0.023,-1,Echolocation,/mnt/ubna_data_02_mir/recover-20220922/UBNA_001/20220921_090000.WAV,Telephone Field,recover-20220922,001,1795
924.0015,924.0078,46093,51866,Pipistrellus pipistrellus,0.018,0.023,-1,Echolocation,/mnt/ubna_data_02_mir/recover-20220922/UBNA_001/20220921_090000.WAV,Telephone Field,recover-20220922,001,1795
924.0125,924.0535,68437,82759,Rhinolophus ferrumequinum,0.027,0.027,-1,Echolocation,/mnt/ubna_data_02_mir/recover-20220922/UBNA_001/20220921_090000.WAV,Telephone Field,recover-20220922,001,1795
924.0305,924.0394,57265,64723,Pipistrellus pygmaeus,0.023,0.023,-1,Echolocation,/mnt/ubna_data_02_mir/recover-20220922/UBNA_001/20220921_090000.WAV,Telephone Field,recover-20220922,001,1795
924.0425,924.0785,68437,80669,Rhinolophus ferrumequinum,0.024,0.024,-1,Echolocation,/mnt/ubna_data_02_mir/recover-20220922/UBNA_001/20220921_090000.WAV,Telephone Field,recover-20220922,001,1795
924.0545,924.0952,68437,82933,Rhinolophus ferrumequinum,0.032,0.032,-1,Echolocation,/mnt/ubna_data_02_mir/recover-20220922/UBNA_001/20220921_090000.WAV,Telephone Field,recover-20220922,001,1795
924.0575,924.0681,22890,28448,Nyctalus leisleri,0.012,0.026,-1,Echolocation,/mnt/ubna_data_02_mir/recover-20220922/UBNA_001/20220921_090000.WAV,Telephone Field,recover-20220922,001,1795
924.0715,924.1136,68437,83042,Rhinolophus ferrumequinum,0.032,0.032,-1,Echolocation,/mnt/ubna_data_02_mir/recover-20220922/UBNA_001/20220921_090000.WAV,Telephone Field,recover-20220922,001,1795
924.0775,924.0853,28046,38115,Eptesicus serotinus,0.007,0.023,-1,Echolocation,/mnt/ubna_data_02_mir/recover-20220922/UBNA_001/20220921_090000.WAV,Telephone Field,recover-20220922,001,1795
924.0945,924.1321,68437,81485,Rhinolophus ferrumequinum,0.028,0.028,-1,Echolocation,/mnt/ubna_data_02_mir/recover-20220922/UBNA_001/20220921_090000.WAV,Telephone Field,recover-20220922,001,1795
924.1205,924.1317,22031,26847,Nyctalus leisleri,0.011,0.023,-1,Echolocation,/mnt/ubna_data_02_mir/recover-20220922/UBNA_001/20220921_090000.WAV,Telephone Field,recover-20220922,001,1795
924.1395,924.1506,22031,27012,Nyctalus leisleri,0.011,0.023,-1,Echolocation,/mnt/ubna_data_02_mir/recover-20220922/UBNA_001/20220921_090000.WAV,Telephone Field,recover-20220922,001,1795
924.1485,924.1877,68437,82224,Rhinolophus ferrumequinum,0.025,0.025,-1,Echolocation,/mnt/ubna_data_02_mir/recover-20220922/UBNA_001/20220921_090000.WAV,Telephone Field,recover-20220922,001,1795
924.1555,924.1636,28906,39099,Eptesicus serotinus,0.009,0.025,-1,Echolocation,/mnt/ubna_data_02_mir/recover-20220922/UBNA_001/20220921_090000.WAV,Telephone Field,recover-20220922,001,1795
924.1765,924.1868,24609,31907,Eptesicus serotinus,0.01,0.028,-1,Echolocation,/mnt/ubna_data_02_mir/recover-20220922/UBNA_001/20220921_090000.WAV,Telephone Field,recover-20220922,001,1795
924.1835,924.1908,28046,39993,Eptesicus serotinus,0.008,0.026,-1,Echolocation,/mnt/ubna_data_02_mir/recover-20220922/UBNA_001/20220921_090000.WAV,Telephone Field,recover-20220922,001,1795
924.1855,924.2226,68437,81933,Rhinolophus ferrumequinum,0.022,0.022,-1,Echolocation,/mnt/ubna_data_02_mir/recover-20220922/UBNA_001/20220921_090000.WAV,Telephone Field,recover-20220922,001,1795
924.1975,924.2385,68437,82647,Rhinolophus ferrumequinum,0.03,0.03,-1,Echolocation,/mnt/ubna_data_02_mir/recover-20220922/UBNA_001/20220921_090000.WAV,Telephone Field,recover-20220922,001,1795
924.2175,924.26,68437,82969,Rhinolophus ferrumequinum,0.026,0.026,-1,Echolocation,/mnt/ubna_data_02_mir/recover-20220922/UBNA_001/20220921_090000.WAV,Telephone Field,recover-20220922,001,1795
924.2175,924.2254,48671,54258,Pipistrellus pipistrellus,0.022,0.024,-1,Echolocation,/mnt/ubna_data_02_mir/recover-20220922/UBNA_001/20220921_090000.WAV,Telephone Field,recover-20220922,001,1795
924.2335,924.2419,25468,34242,Eptesicus serotinus,0.008,0.023,-1,Echolocation,/mnt/ubna_data_02_mir/recover-20220922/UBNA_001/20220921_090000.WAV,Telephone Field,recover-20220922,001,1795
924.2395,924.2794,68437,82277,Rhinolophus ferrumequinum,0.029,0.029,-1,Echolocation,/mnt/ubna_data_02_mir/recover-20220922/UBNA_001/20220921_090000.WAV,Telephone Field,recover-20220922,001,1795
924.2655,924.3076,68437,83127,Rhinolophus ferrumequinum,0.03,0.03,-1,Echolocation,/mnt/ubna_data_02_mir/recover-20220922/UBNA_001/20220921_090000.WAV,Telephone Field,recover-20220922,001,1795
924.2905,924.3287,68437,81498,Rhinolophus ferrumequinum,0.023,0.023,-1,Echolocation,/mnt/ubna_data_02_mir/recover-20220922/UBNA_001/20220921_090000.WAV,Telephone Field,recover-20220922,001,1795
924.2965,924.3059,28906,40135,Eptesicus serotinus,0.009,0.025,-1,Echolocation,/mnt/ubna_data_02_mir/recover-20220922/UBNA_001/20220921_090000.WAV,Telephone Field,recover-20220922,001,1795
924.3205,924.3613,68437,82840,Rhinolophus ferrumequinum,0.031,0.031,-1,Echolocation,/mnt/ubna_data_02_mir/recover-20220922/UBNA_001/20220921_090000.WAV,Telephone Field,recover-20220922,001,1795
924.3515,924.3898,68437,82253,Rhinolophus ferrumequinum,0.03,0.03,-1,Echolocation,/mnt/ubna_data_02_mir/recover-20220922/UBNA_001/20220921_090000.WAV,Telephone Field,recover-20220922,001,1795
924.3765,924.4144,68437,81735,Rhinolophus ferrumequinum,0.023,0.023,-1,Echolocation,/mnt/ubna_data_02_mir/recover-20220922/UBNA_001/20220921_090000.WAV,Telephone Field,recover-20220922,001,1795
924.3875,924.4241,68437,81891,Rhinolophus ferrumequinum,0.023,0.023,-1,Echolocation,/mnt/ubna_data_02_mir/recover-20220922/UBNA_001/20220921_090000.WAV,Telephone Field,recover-20220922,001,1795
924.4065,924.444,68437,82025,Rhinolophus ferrumequinum,0.023,0.023,-1,Echolocation,/mnt/ubna_data_02_mir/recover-20220922/UBNA_001/20220921_090000.WAV,Telephone Field,recover-20220922,001,1795
924.4365,924.4734,68437,81406,Rhinolophus ferrumequinum,0.023,0.023,-1,Echolocation,/mnt/ubna_data_02_mir/recover-20220922/UBNA_001/20220921_090000.WAV,Telephone Field,recover-20220922,001,1795
924.4395,924.4527,22031,25867,Nyctalus leisleri,0.015,0.025,-1,Echolocation,/mnt/ubna_data_02_mir/recover-20220922/UBNA_001/20220921_090000.WAV,Telephone Field,recover-20220922,001,1795
924.4615,924.4982,68437,82029,Rhinolophus ferrumequinum,0.022,0.022,-1,Echolocation,/mnt/ubna_data_02_mir/recover-20220922/UBNA_001/20220921_090000.WAV,Telephone Field,recover-20220922,001,1795
924.4815,924.5201,68437,81840,Rhinolophus ferrumequinum,0.024,0.024,-1,Echolocation,/mnt/ubna_data_02_mir/recover-20220922/UBNA_001/20220921_090000.WAV,Telephone Field,recover-20220922,001,1795
924.4895,924.5274,68437,81897,Rhinolophus ferrumequinum,0.023,0.023,-1,Echolocation,/mnt/ubna_data_02_mir/recover-20220922/UBNA_001/20220921_090000.WAV,Telephone Field,recover-20220922,001,1795
924.4915,924.5059,22031,26003,Nyctalus leisleri,0.019,0.031,-1,Echolocation,/mnt/ubna_data_02_mir/recover-20220922/UBNA_001/20220921_090000.WAV,Telephone Field,recover-20220922,001,1795
924.5135,924.5522,68437,82689,Rhinolophus ferrumequinum,0.041,0.041,-1,Echolocation,/mnt/ubna_data_02_mir/recover-20220922/UBNA_001/20220921_090000.WAV,Telephone Field,recover-20220922,001,1795
924.5305,924.5719,68437,82257,Rhinolophus ferrumequinum,0.023,0.023,-1,Echolocation,/mnt/ubna_data_02_mir/recover-20220922/UBNA_001/20220921_090000.WAV,Telephone Field,recover-20220922,001,1795
924.5445,924.5862,68437,82707,Rhinolophus ferrumequinum,0.034,0.034,-1,Echolocation,/mnt/ubna_data_02_mir/recover-20220922/UBNA_001/20220921_090000.WAV,Telephone Field,recover-20220922,001,1795
924.5765,924.6142,68437,81805,Rhinolophus ferrumequinum,0.023,0.023,-1,Echolocation,/mnt/ubna_data_02_mir/recover-20220922/UBNA_001/20220921_090000.WAV,Telephone Field,recover-20220922,001,1795
924.5815,924.62,68437,82043,Rhinolophus ferrumequinum,0.023,0.023,-1,Echolocation,/mnt/ubna_data_02_mir/recover-20220922/UBNA_001/20220921_090000.WAV,Telephone Field,recover-20220922,001,1795
924.5885,924.6276,68437,81945,Rhinolophus ferrumequinum,0.024,0.024,-1,Echolocation,/mnt/ubna_data_02_mir/recover-20220922/UBNA_001/20220921_090000.WAV,Telephone Field,recover-20220922,001,1795
924.6005,924.612,23750,29217,Nyctalus leisleri,0.016,0.034,-1,Echolocation,/mnt/ubna_data_02_mir/recover-20220922/UBNA_001/20220921_090000.WAV,Telephone Field,recover-20220922,001,1795
924.6255,924.6360999999999,37500,47033,Pipistrellus nathusii,0.008,0.022,-1,Echolocation,/mnt/ubna_data_02_mir/recover-20220922/UBNA_001/20220921_090000.WAV,Telephone Field,recover-20220922,001,1795
924.6255,924.6691,68437,82854,Rhinolophus ferrumequinum,0.04,0.04,-1,Echolocation,/mnt/ubna_data_02_mir/recover-20220922/UBNA_001/20220921_090000.WAV,Telephone Field,recover-20220922,001,1795
924.6615,924.7013,68437,82326,Rhinolophus ferrumequinum,0.023,0.023,-1,Echolocation,/mnt/ubna_data_02_mir/recover-20220922/UBNA_001/20220921_090000.WAV,Telephone Field,recover-20220922,001,1795
924.6705,924.6835,22890,27481,Nyctalus leisleri,0.02,0.034,-1,Echolocation,/mnt/ubna_data_02_mir/recover-20220922/UBNA_001/20220921_090000.WAV,Telephone Field,recover-20220922,001,1795
924.6985,924.7379,68437,82163,Rhinolophus ferrumequinum,0.024,0.024,-1,Echolocation,/mnt/ubna_data_02_mir/recover-20220922/UBNA_001/20220921_090000.WAV,Telephone Field,recover-20220922,001,1795
924.7085,924.75,68437,82638,Rhinolophus ferrumequinum,0.03,0.03,-1,Echolocation,/mnt/ubna_data_02_mir/recover-20220922/UBNA_001/20220921_090000.WAV,Telephone Field,recover-20220922,001,1795
924.7375,924.7774,68437,82356,Rhinolophus ferrumequinum,0.026,0.026,-1,Echolocation,/mnt/ubna_data_02_mir/recover-20220922/UBNA_001/20220921_090000.WAV,Telephone Field,recover-20220922,001,1795
924.7465,924.7854,68437,81903,Rhinolophus ferrumequinum,0.036,0.036,-1,Echolocation,/mnt/ubna_data_02_mir/recover-20220922/UBNA_001/20220921_090000.WAV,Telephone Field,recover-20220922,001,1795
924.7525,924.7625,28046,36426,Eptesicus serotinus,0.011,0.025,-1,Echolocation,/mnt/ubna_data_02_mir/recover-20220922/UBNA_001/20220921_090000.WAV,Telephone Field,recover-20220922,001,1795
924.7885,924.8264,68437,82066,Rhinolophus ferrumequinum,0.031,0.031,-1,Echolocation,/mnt/ubna_data_02_mir/recover-20220922/UBNA_001/20220921_090000.WAV,Telephone Field,recover-20220922,001,1795
924.8165,924.8581,68437,81797,Rhinolophus ferrumequinum,0.036,0.036,-1,Echolocation,/mnt/ubna_data_02_mir/recover-20220922/UBNA_001/20220921_090000.WAV,Telephone Field,recover-20220922,001,1795
924.8655,924.9038,68437,81861,Rhinolophus ferrumequinum,0.022,0.022,-1,Echolocation,/mnt/ubna_data_02_mir/recover-20220922/UBNA_001/20220921_090000.WAV,Telephone Field,recover-20220922,001,1795
924.8995,924.9071,28046,46356,Eptesicus serotinus,0.007,0.022,-1,Echolocation,/mnt/ubna_data_02_mir/recover-20220922/UBNA_001/20220921_090000.WAV,Telephone Field,recover-20220922,001,1795
924.9135,924.954,68437,82744,Rhinolophus ferrumequinum,0.03,0.03,-1,Echolocation,/mnt/ubna_data_02_mir/recover-20220922/UBNA_001/20220921_090000.WAV,Telephone Field,recover-20220922,001,1795
924.9475,924.9814,68437,81407,Rhinolophus ferrumequinum,0.023,0.023,-1,Echolocation,/mnt/ubna_data_02_mir/recover-20220922/UBNA_001/20220921_090000.WAV,Telephone Field,recover-20220922,001,1795
924.9605,925.0006,68437,82049,Rhinolophus ferrumequinum,0.026,0.026,-1,Echolocation,/mnt/ubna_data_02_mir/recover-20220922/UBNA_001/20220921_090000.WAV,Telephone Field,recover-20220922,001,1795
924.9775,925.0216,68437,83132,Rhinolophus ferrumequinum,0.064,0.064,-1,Echolocation,/mnt/ubna_data_02_mir/recover-20220922/UBNA_001/20220921_090000.WAV,Telephone Field,recover-20220922,001,1795
924.9965,925.0384,68437,82841,Rhinolophus ferrumequinum,0.026,0.026,-1,Echolocation,/mnt/ubna_data_02_mir/recover-20220922/UBNA_001/20220921_090000.WAV,Telephone Field,recover-20220922,001,1795
925.0185,925.0547,68437,81155,Rhinolophus ferrumequinum,0.024,0.024,-1,Echolocation,/mnt/ubna_data_02_mir/recover-20220922/UBNA_001/20220921_090000.WAV,Telephone Field,recover-20220922,001,1795
925.0305,925.0715,68437,82508,Rhinolophus ferrumequinum,0.026,0.026,-1,Echolocation,/mnt/ubna_data_02_mir/recover-20220922/UBNA_001/20220921_090000.WAV,Telephone Field,recover-20220922,001,1795
925.0385,925.0498,33203,39170,Eptesicus serotinus,0.006,0.024,-1,Echolocation,/mnt/ubna_data_02_mir/recover-20220922/UBNA_001/20220921_090000.WAV,Telephone Field,recover-20220922,001,1795
925.0645,925.1054,68437,82365,Rhinolophus ferrumequinum,0.031,0.031,-1,Echolocation,/mnt/ubna_data_02_mir/recover-20220922/UBNA_001/20220921_090000.WAV,Telephone Field,recover-20220922,001,1795
925.0745,925.0815,26328,41198,Eptesicus serotinus,0.006,0.023,-1,Echolocation,/mnt/ubna_data_02_mir/recover-20220922/UBNA_001/20220921_090000.WAV,Telephone Field,recover-20220922,001,1795
925.0745,925.1104,68437,82255,Rhinolophus ferrumequinum,0.025,0.025,-1,Echolocation,/mnt/ubna_data_02_mir/recover-20220922/UBNA_001/20220921_090000.WAV,Telephone Field,recover-20220922,001,1795
925.0815,925.093,22031,26537,Nyctalus leisleri,0.013,0.025,-1,Echolocation,/mnt/ubna_data_02_mir/recover-20220922/UBNA_001/20220921_090000.WAV,Telephone Field,recover-20220922,001,1795
925.0955,925.1382,68437,83454,Rhinolophus ferrumequinum,0.032,0.032,-1,Echolocation,/mnt/ubna_data_02_mir/recover-20220922/UBNA_001/20220921_090000.WAV,Telephone Field,recover-20220922,001,1795
925.1095,925.1204,23750,28813,Nyctalus leisleri,0.012,0.023,-1,Echolocation,/mnt/ubna_data_02_mir/recover-20220922/UBNA_001/20220921_090000.WAV,Telephone Field,recover-20220922,001,1795
925.1135,925.1513,68437,81912,Rhinolophus ferrumequinum,0.025,0.025,-1,Echolocation,/mnt/ubna_data_02_mir/recover-20220922/UBNA_001/20220921_090000.WAV,Telephone Field,recover-20220922,001,1795
925.1265,925.133,24609,34830,Plecotus austriacus,0.015,0.036,-1,Echolocation,/mnt/ubna_data_02_mir/recover-20220922/UBNA_001/20220921_090000.WAV,Telephone Field,recover-20220922,001,1795
925.1475,925.1861,68437,82067,Rhinolophus ferrumequinum,0.027,0.027,-1,Echolocation,/mnt/ubna_data_02_mir/recover-20220922/UBNA_001/20220921_090000.WAV,Telephone Field,recover-20220922,001,1795
925.1605,925.1987,68437,82156,Rhinolophus ferrumequinum,0.025,0.025,-1,Echolocation,/mnt/ubna_data_02_mir/recover-20220922/UBNA_001/20220921_090000.WAV,Telephone Field,recover-20220922,001,1795
925.1705,925.2118,68437,82817,Rhinolophus ferrumequinum,0.024,0.024,-1,Echolocation,/mnt/ubna_data_02_mir/recover-20220922/UBNA_001/20220921_090000.WAV,Telephone Field,recover-20220922,001,1795
925.1775,925.215,68437,82744,Rhinolophus ferrumequinum,0.023,0.023,-1,Echolocation,/mnt/ubna_data_02_mir/recover-20220922/UBNA_001/20220921_090000.WAV,Telephone Field,recover-20220922,001,1795
925.1935,925.2032,28046,40333,Eptesicus serotinus,0.01,0.023,-1,Echolocation,/mnt/ubna_data_02_mir/recover-20220922/UBNA_001/20220921_090000.WAV,Telephone Field,recover-20220922,001,1795
925.1995,925.2093,33203,39585,Barbastellus barbastellus,0.009,0.027,-1,Echolocation,/mnt/ubna_data_02_mir/recover-20220922/UBNA_001/20220921_090000.WAV,Telephone Field,recover-20220922,001,1795
925.1995,925.2091,27187,37029,Eptesicus serotinus,0.01,0.022,-1,Echolocation,/mnt/ubna_data_02_mir/recover-20220922/UBNA_001/20220921_090000.WAV,Telephone Field,recover-20220922,001,1795
925.2085,925.2495,68437,82527,Rhinolophus ferrumequinum,0.025,0.025,-1,Echolocation,/mnt/ubna_data_02_mir/recover-20220922/UBNA_001/20220921_090000.WAV,Telephone Field,recover-20220922,001,1795
925.2235000000001,925.2649,68437,82858,Rhinolophus ferrumequinum,0.043,0.043,-1,Echolocation,/mnt/ubna_data_02_mir/recover-20220922/UBNA_001/20220921_090000.WAV,Telephone Field,recover-20220922,001,1795
925.3495,925.3591,27187,35171,Eptesicus serotinus,0.011,0.025,-1,Echolocation,/mnt/ubna_data_02_mir/recover-20220922/UBNA_001/20220921_090000.WAV,Telephone Field,recover-20220922,001,1795
925.3755,925.3834,28906,38917,Eptesicus serotinus,0.007,0.023,-1,Echolocation,/mnt/ubna_data_02_mir/recover-20220922/UBNA_001/20220921_090000.WAV,Telephone Field,recover-20220922,001,1795
925.4065,925.444,68437,81807,Rhinolophus ferrumequinum,0.025,0.025,-1,Echolocation,/mnt/ubna_data_02_mir/recover-20220922/UBNA_001/20220921_090000.WAV,Telephone Field,recover-20220922,001,1795
925.4525,925.4923,68437,82557,Rhinolophus ferrumequinum,0.033,0.033,-1,Echolocation,/mnt/ubna_data_02_mir/recover-20220922/UBNA_001/20220921_090000.WAV,Telephone Field,recover-20220922,001,1795
925.4895,925.5264,68437,81813,Rhinolophus ferrumequinum,0.027,0.027,-1,Echolocation,/mnt/ubna_data_02_mir/recover-20220922/UBNA_001/20220921_090000.WAV,Telephone Field,recover-20220922,001,1795
925.5005,925.5389,68437,82245,Rhinolophus ferrumequinum,0.022,0.023,-1,Echolocation,/mnt/ubna_data_02_mir/recover-20220922/UBNA_001/20220921_090000.WAV,Telephone Field,recover-20220922,001,1795
925.5195,925.5592,68437,82627,Rhinolophus ferrumequinum,0.022,0.022,-1,Echolocation,/mnt/ubna_data_02_mir/recover-20220922/UBNA_001/20220921_090000.WAV,Telephone Field,recover-20220922,001,1795
925.5235,925.5311,28046,38680,Eptesicus serotinus,0.007,0.024,-1,Echolocation,/mnt/ubna_data_02_mir/recover-20220922/UBNA_001/20220921_090000.WAV,Telephone Field,recover-20220922,001,1795
925.5405,925.547,28046,40517,Eptesicus serotinus,0.006,0.024,-1,Echolocation,/mnt/ubna_data_02_mir/recover-20220922/UBNA_001/20220921_090000.WAV,Telephone Field,recover-20220922,001,1795
925.5565,925.5953,68437,82371,Rhinolophus ferrumequinum,0.022,0.022,-1,Echolocation,/mnt/ubna_data_02_mir/recover-20220922/UBNA_001/20220921_090000.WAV,Telephone Field,recover-20220922,001,1795
925.5635,925.6001,68437,82021,Rhinolophus ferrumequinum,0.022,0.022,-1,Echolocation,/mnt/ubna_data_02_mir/recover-20220922/UBNA_001/20220921_090000.WAV,Telephone Field,recover-20220922,001,1795
925.5665,925.5773,29765,37382,Eptesicus serotinus,0.01,0.024,-1,Echolocation,/mnt/ubna_data_02_mir/recover-20220922/UBNA_001/20220921_090000.WAV,Telephone Field,recover-20220922,001,1795
925.5745,925.5828,28046,35666,Eptesicus serotinus,0.009,0.023,-1,Echolocation,/mnt/ubna_data_02_mir/recover-20220922/UBNA_001/20220921_090000.WAV,Telephone Field,recover-20220922,001,1795
925.6375,925.6769,68437,82720,Rhinolophus ferrumequinum,0.025,0.025,-1,Echolocation,/mnt/ubna_data_02_mir/recover-20220922/UBNA_001/20220921_090000.WAV,Telephone Field,recover-20220922,001,1795
925.6405,925.651,22890,27510,Nyctalus leisleri,0.012,0.024,-1,Echolocation,/mnt/ubna_data_02_mir/recover-20220922/UBNA_001/20220921_090000.WAV,Telephone Field,recover-20220922,001,1795
925.6435,925.6514999999999,47812,51683,Pipistrellus pipistrellus,0.026,0.027,-1,Echolocation,/mnt/ubna_data_02_mir/recover-20220922/UBNA_001/20220921_090000.WAV,Telephone Field,recover-20220922,001,1795
925.6865,925.6938,28906,38894,Eptesicus serotinus,0.008,0.026,-1,Echolocation,/mnt/ubna_data_02_mir/recover-20220922/UBNA_001/20220921_090000.WAV,Telephone Field,recover-20220922,001,1795
925.6955,925.7366,68437,82747,Rhinolophus ferrumequinum,0.031,0.031,-1,Echolocation,/mnt/ubna_data_02_mir/recover-20220922/UBNA_001/20220921_090000.WAV,Telephone Field,recover-20220922,001,1795
925.7325,925.7702,68437,82244,Rhinolophus ferrumequinum,0.023,0.023,-1,Echolocation,/mnt/ubna_data_02_mir/recover-20220922/UBNA_001/20220921_090000.WAV,Telephone Field,recover-20220922,001,1795
925.7585,925.769,28046,36357,Eptesicus serotinus,0.012,0.026,-1,Echolocation,/mnt/ubna_data_02_mir/recover-20220922/UBNA_001/20220921_090000.WAV,Telephone Field,recover-20220922,001,1795
925.7625,925.8015,68437,81638,Rhinolophus ferrumequinum,0.022,0.022,-1,Echolocation,/mnt/ubna_data_02_mir/recover-20220922/UBNA_001/20220921_090000.WAV,Telephone Field,recover-20220922,001,1795
925.7705,925.8106,68437,81720,Rhinolophus ferrumequinum,0.023,0.023,-1,Echolocation,/mnt/ubna_data_02_mir/recover-20220922/UBNA_001/20220921_090000.WAV,Telephone Field,recover-20220922,001,1795
925.8075,925.8437,68437,80572,Rhinolophus ferrumequinum,0.023,0.023,-1,Echolocation,/mnt/ubna_data_02_mir/recover-20220922/UBNA_001/20220921_090000.WAV,Telephone Field,recover-20220922,001,1795
925.8245,925.8637,68437,82656,Rhinolophus ferrumequinum,0.027,0.027,-1,Echolocation,/mnt/ubna_data_02_mir/recover-20220922/UBNA_001/20220921_090000.WAV,Telephone Field,recover-20220922,001,1795
925.8555,925.867,22890,27856,Nyctalus leisleri,0.013,0.025,-1,Echolocation,/mnt/ubna_data_02_mir/recover-20220922/UBNA_001/20220921_090000.WAV,Telephone Field,recover-20220922,001,1795
925.8595,925.9027,68437,83009,Rhinolophus ferrumequinum,0.032,0.032,-1,Echolocation,/mnt/ubna_data_02_mir/recover-20220922/UBNA_001/20220921_090000.WAV,Telephone Field,recover-20220922,001,1795
925.8705,925.9126,68437,82593,Rhinolophus ferrumequinum,0.024,0.024,-1,Echolocation,/mnt/ubna_data_02_mir/recover-20220922/UBNA_001/20220921_090000.WAV,Telephone Field,recover-20220922,001,1795
925.9135,925.9575,68437,82554,Rhinolophus ferrumequinum,0.046,0.046,-1,Echolocation,/mnt/ubna_data_02_mir/recover-20220922/UBNA_001/20220921_090000.WAV,Telephone Field,recover-20220922,001,1795
926.0015,926.0109,25468,33004,Nyctalus leisleri,0.009,0.026,-1,Echolocation,/mnt/ubna_data_02_mir/recover-20220922/UBNA_001/20220921_090000.WAV,Telephone Field,recover-20220922,001,1795
926.0015,926.0318,68437,80260,Rhinolophus ferrumequinum,0.029,0.029,-1,Echolocation,/mnt/ubna_data_02_mir/recover-20220922/UBNA_001/20220921_090000.WAV,Telephone Field,recover-20220922,001,1795
926.0115,926.0552,68437,82941,Rhinolophus ferrumequinum,0.026,0.026,-1,Echolocation,/mnt/ubna_data_02_mir/recover-20220922/UBNA_001/20220921_090000.WAV,Telephone Field,recover-20220922,001,1795
926.0235,926.0331,24609,31980,Eptesicus serotinus,0.009,0.023,-1,Echolocation,/mnt/ubna_data_02_mir/recover-20220922/UBNA_001/20220921_090000.WAV,Telephone Field,recover-20220922,001,1795
926.0235,926.0631,68437,82924,Rhinolophus ferrumequinum,0.025,0.025,-1,Echolocation,/mnt/ubna_data_02_mir/recover-20220922/UBNA_001/20220921_090000.WAV,Telephone Field,recover-20220922,001,1795
926.0355,926.0441,28906,37792,Eptesicus serotinus,0.009,0.025,-1,Echolocation,/mnt/ubna_data_02_mir/recover-20220922/UBNA_001/20220921_090000.WAV,Telephone Field,recover-20220922,001,1795
926.0405,926.0758,68437,81622,Rhinolophus ferrumequinum,0.021,0.021,-1,Echolocation,/mnt/ubna_data_02_mir/recover-20220922/UBNA_001/20220921_090000.WAV,Telephone Field,recover-20220922,001,1795
926.0475,926.0585,23750,29124,Nyctalus leisleri,0.012,0.027,-1,Echolocation,/mnt/ubna_data_02_mir/recover-20220922/UBNA_001/20220921_090000.WAV,Telephone Field,recover-20220922,001,1795
926.0675,926.1066,68437,82269,Rhinolophus ferrumequinum,0.022,0.022,-1,Echolocation,/mnt/ubna_data_02_mir/recover-20220922/UBNA_001/20220921_090000.WAV,Telephone Field,recover-20220922,001,1795
926.0835,926.0947,50390,55232,Pipistrellus pipistrellus,0.022,0.027,-1,Echolocation,/mnt/ubna_data_02_mir/recover-20220922/UBNA_001/20220921_090000.WAV,Telephone Field,recover-20220922,001,1795
926.0995,926.1368,68437,81635,Rhinolophus ferrumequinum,0.021,0.021,-1,Echolocation,/mnt/ubna_data_02_mir/recover-20220922/UBNA_001/20220921_090000.WAV,Telephone Field,recover-20220922,001,1795
926.1015,926.1138,43515,47286,Pipistrellus pipistrellus,0.02,0.026,-1,Echolocation,/mnt/ubna_data_02_mir/recover-20220922/UBNA_001/20220921_090000.WAV,Telephone Field,recover-20220922,001,1795
926.1185,926.1285,28906,36192,Eptesicus serotinus,0.014,0.027,-1,Echolocation,/mnt/ubna_data_02_mir/recover-20220922/UBNA_001/20220921_090000.WAV,Telephone Field,recover-20220922,001,1795
926.1415,926.1813,68437,82350,Rhinolophus ferrumequinum,0.023,0.023,-1,Echolocation,/mnt/ubna_data_02_mir/recover-20220922/UBNA_001/20220921_090000.WAV,Telephone Field,recover-20220922,001,1795
926.1785,926.2166,68437,82534,Rhinolophus ferrumequinum,0.022,0.022,-1,Echolocation,/mnt/ubna_data_02_mir/recover-20220922/UBNA_001/20220921_090000.WAV,Telephone Field,recover-20220922,001,1795
926.2235000000001,926.2582,68437,80781,Rhinolophus ferrumequinum,0.028,0.028,-1,Echolocation,/mnt/ubna_data_02_mir/recover-20220922/UBNA_001/20220921_090000.WAV,Telephone Field,recover-20220922,001,1795
926.2365,926.2452,46093,52770,Pipistrellus pipistrellus,0.023,0.025,-1,Echolocation,/mnt/ubna_data_02_mir/recover-20220922/UBNA_001/20220921_090000.WAV,Telephone Field,recover-20220922,001,1795
926.2445,926.2815,68437,81665,Rhinolophus ferrumequinum,0.022,0.022,-1,Echolocation,/mnt/ubna_data_02_mir/recover-20220922/UBNA_001/20220921_090000.WAV,Telephone Field,recover-20220922,001,1795
926.2505,926.2877,68437,82018,Rhinolophus ferrumequinum,0.021,0.021,-1,Echolocation,/mnt/ubna_data_02_mir/recover-20220922/UBNA_001/20220921_090000.WAV,Telephone Field,recover-20220922,001,1795
926.3165,926.3256,26328,34944,Eptesicus serotinus,0.013,0.031,-1,Echolocation,/mnt/ubna_data_02_mir/recover-20220922/UBNA_001/20220921_090000.WAV,Telephone Field,recover-20220922,001,1795
926.3285,926.3691,68437,82747,Rhinolophus ferrumequinum,0.027,0.027,-1,Echolocation,/mnt/ubna_data_02_mir/recover-20220922/UBNA_001/20220921_090000.WAV,Telephone Field,recover-20220922,001,1795
926.4065,926.4175,27187,34442,Eptesicus serotinus,0.021,0.041,-1,Echolocation,/mnt/ubna_data_02_mir/recover-20220922/UBNA_001/20220921_090000.WAV,Telephone Field,recover-20220922,001,1795
926.4135,926.4487,68437,81264,Rhinolophus ferrumequinum,0.022,0.022,-1,Echolocation,/mnt/ubna_data_02_mir/recover-20220922/UBNA_001/20220921_090000.WAV,Telephone Field,recover-20220922,001,1795
926.4555,926.4666,28906,37364,Eptesicus serotinus,0.014,0.027,-1,Echolocation,/mnt/ubna_data_02_mir/recover-20220922/UBNA_001/20220921_090000.WAV,Telephone Field,recover-20220922,001,1795
926.4555,926.4904,68437,80995,Rhinolophus ferrumequinum,0.028,0.028,-1,Echolocation,/mnt/ubna_data_02_mir/recover-20220922/UBNA_001/20220921_090000.WAV,Telephone Field,recover-20220922,001,1795
926.4925,926.528,68437,81583,Rhinolophus ferrumequinum,0.023,0.023,-1,Echolocation,/mnt/ubna_data_02_mir/recover-20220922/UBNA_001/20220921_090000.WAV,Telephone Field,recover-20220922,001,1795
926.5045,926.5167,27187,33719,Eptesicus serotinus,0.016,0.029,-1,Echolocation,/mnt/ubna_data_02_mir/recover-20220922/UBNA_001/20220921_090000.WAV,Telephone Field,recover-20220922,001,1795
926.5115,926.5502,68437,82234,Rhinolophus ferrumequinum,0.022,0.022,-1,Echolocation,/mnt/ubna_data_02_mir/recover-20220922/UBNA_001/20220921_090000.WAV,Telephone Field,recover-20220922,001,1795
926.5205,926.5623,68437,82820,Rhinolophus ferrumequinum,0.024,0.024,-1,Echolocation,/mnt/ubna_data_02_mir/recover-20220922/UBNA_001/20220921_090000.WAV,Telephone Field,recover-20220922,001,1795
926.5365,926.547,23750,30443,Nyctalus leisleri,0.009,0.025,-1,Echolocation,/mnt/ubna_data_02_mir/recover-20220922/UBNA_001/20220921_090000.WAV,Telephone Field,recover-20220922,001,1795
926.5395,926.5769,68437,82310,Rhinolophus ferrumequinum,0.022,0.022,-1,Echolocation,/mnt/ubna_data_02_mir/recover-20220922/UBNA_001/20220921_090000.WAV,Telephone Field,recover-20220922,001,1795
926.5475,926.5573,28046,38473,Eptesicus serotinus,0.01,0.022,-1,Echolocation,/mnt/ubna_data_02_mir/recover-20220922/UBNA_001/20220921_090000.WAV,Telephone Field,recover-20220922,001,1795
926.6315,926.6406,24609,32064,Eptesicus serotinus,0.007,0.022,-1,Echolocation,/mnt/ubna_data_02_mir/recover-20220922/UBNA_001/20220921_090000.WAV,Telephone Field,recover-20220922,001,1795
926.6514999999999,926.6931,68437,82768,Rhinolophus ferrumequinum,0.028,0.028,-1,Echolocation,/mnt/ubna_data_02_mir/recover-20220922/UBNA_001/20220921_090000.WAV,Telephone Field,recover-20220922,001,1795
926.6715,926.6823,22890,28131,Nyctalus leisleri,0.015,0.031,-1,Echolocation,/mnt/ubna_data_02_mir/recover-20220922/UBNA_001/20220921_090000.WAV,Telephone Field,recover-20220922,001,1795
926.6885,926.7283,68437,81526,Rhinolophus ferrumequinum,0.022,0.022,-1,Echolocation,/mnt/ubna_data_02_mir/recover-20220922/UBNA_001/20220921_090000.WAV,Telephone Field,recover-20220922,001,1795
926.6955,926.7345,68437,82577,Rhinolophus ferrumequinum,0.025,0.025,-1,Echolocation,/mnt/ubna_data_02_mir/recover-20220922/UBNA_001/20220921_090000.WAV,Telephone Field,recover-20220922,001,1795
926.7175,926.7274,23750,30869,Nyctalus leisleri,0.011,0.032,-1,Echolocation,/mnt/ubna_data_02_mir/recover-20220922/UBNA_001/20220921_090000.WAV,Telephone Field,recover-20220922,001,1795
926.7325,926.7726,68437,82030,Rhinolophus ferrumequinum,0.026,0.026,-1,Echolocation,/mnt/ubna_data_02_mir/recover-20220922/UBNA_001/20220921_090000.WAV,Telephone Field,recover-20220922,001,1795
926.7395,926.7806,68437,82343,Rhinolophus ferrumequinum,0.023,0.023,-1,Echolocation,/mnt/ubna_data_02_mir/recover-20220922/UBNA_001/20220921_090000.WAV,Telephone Field,recover-20220922,001,1795
926.7615,926.7999,68437,82240,Rhinolophus ferrumequinum,0.021,0.021,-1,Echolocation,/mnt/ubna_data_02_mir/recover-20220922/UBNA_001/20220921_090000.WAV,Telephone Field,recover-20220922,001,1795
926.7675,926.7759,25468,33788,Eptesicus serotinus,0.007,0.022,-1,Echolocation,/mnt/ubna_data_02_mir/recover-20220922/UBNA_001/20220921_090000.WAV,Telephone Field,recover-20220922,001,1795
926.7855,926.8228,68437,82147,Rhinolophus ferrumequinum,0.027,0.027,-1,Echolocation,/mnt/ubna_data_02_mir/recover-20220922/UBNA_001/20220921_090000.WAV,Telephone Field,recover-20220922,001,1795
926.8255,926.8634,68437,82344,Rhinolophus ferrumequinum,0.021,0.021,-1,Echolocation,/mnt/ubna_data_02_mir/recover-20220922/UBNA_001/20220921_090000.WAV,Telephone Field,recover-20220922,001,1795
926.8395,926.8806,68437,82128,Rhinolophus ferrumequinum,0.025,0.025,-1,Echolocation,/mnt/ubna_data_02_mir/recover-20220922/UBNA_001/20220921_090000.WAV,Telephone Field,recover-20220922,001,1795
926.8435,926.8515,27187,37310,Eptesicus serotinus,0.009,0.024,-1,Echolocation,/mnt/ubna_data_02_mir/recover-20220922/UBNA_001/20220921_090000.WAV,Telephone Field,recover-20220922,001,1795
926.8685,926.9076,68437,82750,Rhinolophus ferrumequinum,0.022,0.022,-1,Echolocation,/mnt/ubna_data_02_mir/recover-20220922/UBNA_001/20220921_090000.WAV,Telephone Field,recover-20220922,001,1795
926.8715,926.883,23750,29963,Nyctalus leisleri,0.011,0.028,-1,Echolocation,/mnt/ubna_data_02_mir/recover-20220922/UBNA_001/20220921_090000.WAV,Telephone Field,recover-20220922,001,1795
926.8965,926.9057,24609,33742,Eptesicus serotinus,0.009,0.021,-1,Echolocation,/mnt/ubna_data_02_mir/recover-20220922/UBNA_001/20220921_090000.WAV,Telephone Field,recover-20220922,001,1795
926.9145,926.9494,68437,81755,Rhinolophus ferrumequinum,0.025,0.025,-1,Echolocation,/mnt/ubna_data_02_mir/recover-20220922/UBNA_001/20220921_090000.WAV,Telephone Field,recover-20220922,001,1795
926.9355,926.9733,68437,82223,Rhinolophus ferrumequinum,0.023,0.024,-1,Echolocation,/mnt/ubna_data_02_mir/recover-20220922/UBNA_001/20220921_090000.WAV,Telephone Field,recover-20220922,001,1795
926.9395,926.947,28046,40437,Eptesicus serotinus,0.007,0.021,-1,Echolocation,/mnt/ubna_data_02_mir/recover-20220922/UBNA_001/20220921_090000.WAV,Telephone Field,recover-20220922,001,1795
926.9495,926.9912,68437,82643,Rhinolophus ferrumequinum,0.025,0.025,-1,Echolocation,/mnt/ubna_data_02_mir/recover-20220922/UBNA_001/20220921_090000.WAV,Telephone Field,recover-20220922,001,1795
926.9955,927.0041,27187,39822,Eptesicus serotinus,0.009,0.024,-1,Echolocation,/mnt/ubna_data_02_mir/recover-20220922/UBNA_001/20220921_090000.WAV,Telephone Field,recover-20220922,001,1795
927.0264999999999,927.0709,68437,83315,Rhinolophus ferrumequinum,0.034,0.034,-1,Echolocation,/mnt/ubna_data_02_mir/recover-20220922/UBNA_001/20220921_090000.WAV,Telephone Field,recover-20220922,001,1795
927.0465,927.055,41796,53143,Pipistrellus nathusii,0.008,0.026,-1,Echolocation,/mnt/ubna_data_02_mir/recover-20220922/UBNA_001/20220921_090000.WAV,Telephone Field,recover-20220922,001,1795
927.0665,927.1067,68437,82455,Rhinolophus ferrumequinum,0.032,0.032,-1,Echolocation,/mnt/ubna_data_02_mir/recover-20220922/UBNA_001/20220921_090000.WAV,Telephone Field,recover-20220922,001,1795
927.1125,927.1514,68437,81263,Rhinolophus ferrumequinum,0.022,0.022,-1,Echolocation,/mnt/ubna_data_02_mir/recover-20220922/UBNA_001/20220921_090000.WAV,Telephone Field,recover-20220922,001,1795
927.1315,927.1727,68437,82920,Rhinolophus ferrumequinum,0.026,0.026,-1,Echolocation,/mnt/ubna_data_02_mir/recover-20220922/UBNA_001/20220921_090000.WAV,Telephone Field,recover-20220922,001,1795
927.1455,927.1523,27187,36494,Eptesicus serotinus,0.008,0.025,-1,Echolocation,/mnt/ubna_data_02_mir/recover-20220922/UBNA_001/20220921_090000.WAV,Telephone Field,recover-20220922,001,1795
927.1525,927.1913,68437,82454,Rhinolophus ferrumequinum,0.026,0.026,-1,Echolocation,/mnt/ubna_data_02_mir/recover-20220922/UBNA_001/20220921_090000.WAV,Telephone Field,recover-20220922,001,1795
927.2065,927.2147,23750,32052,Plecotus austriacus,0.011,0.029,-1,Echolocation,/mnt/ubna_data_02_mir/recover-20220922/UBNA_001/20220921_090000.WAV,Telephone Field,recover-20220922,001,1795
927.2185,927.2568,68437,82373,Rhinolophus ferrumequinum,0.021,0.021,-1,Echolocation,/mnt/ubna_data_02_mir/recover-20220922/UBNA_001/20220921_090000.WAV,Telephone Field,recover-20220922,001,1795
927.2305,927.2385,28906,39164,Eptesicus serotinus,0.008,0.025,-1,Echolocation,/mnt/ubna_data_02_mir/recover-20220922/UBNA_001/20220921_090000.WAV,Telephone Field,recover-20220922,001,1795
927.2375,927.2774,68437,82385,Rhinolophus ferrumequinum,0.023,0.023,-1,Echolocation,/mnt/ubna_data_02_mir/recover-20220922/UBNA_001/20220921_090000.WAV,Telephone Field,recover-20220922,001,1795
927.2525,927.261,26328,35385,Eptesicus serotinus,0.01,0.025,-1,Echolocation,/mnt/ubna_data_02_mir/recover-20220922/UBNA_001/20220921_090000.WAV,Telephone Field,recover-20220922,001,1795
927.2645,927.3048,68437,82332,Rhinolophus ferrumequinum,0.024,0.024,-1,Echolocation,/mnt/ubna_data_02_mir/recover-20220922/UBNA_001/20220921_090000.WAV,Telephone Field,recover-20220922,001,1795
927.2825,927.3227,68437,82285,Rhinolophus ferrumequinum,0.024,0.024,-1,Echolocation,/mnt/ubna_data_02_mir/recover-20220922/UBNA_001/20220921_090000.WAV,Telephone Field,recover-20220922,001,1795
927.3105,927.3483,68437,81811,Rhinolophus ferrumequinum,0.024,0.024,-1,Echolocation,/mnt/ubna_data_02_mir/recover-20220922/UBNA_001/20220921_090000.WAV,Telephone Field,recover-20220922,001,1795
927.3115,927.3249,22890,26661,Nyctalus leisleri,0.04,0.077,-1,Echolocation,/mnt/ubna_data_02_mir/recover-20220922/UBNA_001/20220921_090000.WAV,Telephone Field,recover-20220922,001,1795
927.3195,927.3548,68437,81209,Rhinolophus ferrumequinum,0.021,0.022,-1,Echolocation,/mnt/ubna_data_02_mir/recover-20220922/UBNA_001/20220921_090000.WAV,Telephone Field,recover-20220922,001,1795
927.3325,927.3429,28906,36817,Eptesicus serotinus,0.012,0.027,-1,Echolocation,/mnt/ubna_data_02_mir/recover-20220922/UBNA_001/20220921_090000.WAV,Telephone Field,recover-20220922,001,1795
927.3975,927.4073,23750,31502,Nyctalus leisleri,0.006,0.021,-1,Echolocation,/mnt/ubna_data_02_mir/recover-20220922/UBNA_001/20220921_090000.WAV,Telephone Field,recover-20220922,001,1795
927.4145,927.4552,68437,82066,Rhinolophus ferrumequinum,0.021,0.021,-1,Echolocation,/mnt/ubna_data_02_mir/recover-20220922/UBNA_001/20220921_090000.WAV,Telephone Field,recover-20220922,001,1795
927.4275,927.4429,21171,24487,Nyctalus leisleri,0.015,0.024,-1,Echolocation,/mnt/ubna_data_02_mir/recover-20220922/UBNA_001/20220921_090000.WAV,Telephone Field,recover-20220922,001,1795
927.4485,927.4563,44375,52012,Pipistrellus pipistrellus,0.021,0.025,-1,Echolocation,/mnt/ubna_data_02_mir/recover-20220922/UBNA_001/20220921_090000.WAV,Telephone Field,recover-20220922,001,1795
927.4965,927.5345,68437,82463,Rhinolophus ferrumequinum,0.022,0.022,-1,Echolocation,/mnt/ubna_data_02_mir/recover-20220922/UBNA_001/20220921_090000.WAV,Telephone Field,recover-20220922,001,1795
927.5475,927.5597,23750,29464,Nyctalus leisleri,0.016,0.034,-1,Echolocation,/mnt/ubna_data_02_mir/recover-20220922/UBNA_001/20220921_090000.WAV,Telephone Field,recover-20220922,001,1795
927.5715,927.6108,68437,82713,Rhinolophus ferrumequinum,0.022,0.022,-1,Echolocation,/mnt/ubna_data_02_mir/recover-20220922/UBNA_001/20220921_090000.WAV,Telephone Field,recover-20220922,001,1795
927.5715,927.579,27187,36576,Eptesicus serotinus,0.02,0.048,-1,Echolocation,/mnt/ubna_data_02_mir/recover-20220922/UBNA_001/20220921_090000.WAV,Telephone Field,recover-20220922,001,1795
927.6085,927.6391,68437,79790,Rhinolophus ferrumequinum,0.021,0.022,-1,Echolocation,/mnt/ubna_data_02_mir/recover-20220922/UBNA_001/20220921_090000.WAV,Telephone Field,recover-20220922,001,1795
927.6225,927.6626,68437,82754,Rhinolophus ferrumequinum,0.032,0.032,-1,Echolocation,/mnt/ubna_data_02_mir/recover-20220922/UBNA_001/20220921_090000.WAV,Telephone Field,recover-20220922,001,1795
927.6935,927.7033,27187,36207,Eptesicus serotinus,0.01,0.022,-1,Echolocation,/mnt/ubna_data_02_mir/recover-20220922/UBNA_001/20220921_090000.WAV,Telephone Field,recover-20220922,001,1795
927.7085,927.7417,68437,80501,Rhinolophus ferrumequinum,0.034,0.034,-1,Echolocation,/mnt/ubna_data_02_mir/recover-20220922/UBNA_001/20220921_090000.WAV,Telephone Field,recover-20220922,001,1795
927.7255,927.7672,68437,82471,Rhinolophus ferrumequinum,0.027,0.027,-1,Echolocation,/mnt/ubna_data_02_mir/recover-20220922/UBNA_001/20220921_090000.WAV,Telephone Field,recover-20220922,001,1795
927.7835,927.799,22890,27303,Nyctalus leisleri,0.024,0.046,-1,Echolocation,/mnt/ubna_data_02_mir/recover-20220922/UBNA_001/20220921_090000.WAV,Telephone Field,recover-20220922,001,1795
927.7905,927.8273,68437,81136,Rhinolophus ferrumequinum,0.023,0.023,-1,Echolocation,/mnt/ubna_data_02_mir/recover-20220922/UBNA_001/20220921_090000.WAV,Telephone Field,recover-20220922,001,1795
927.8085,927.8498,68437,82990,Rhinolophus ferrumequinum,0.032,0.032,-1,Echolocation,/mnt/ubna_data_02_mir/recover-20220922/UBNA_001/20220921_090000.WAV,Telephone Field,recover-20220922,001,1795
927.8325,927.8727,68437,82028,Rhinolophus ferrumequinum,0.021,0.021,-1,Echolocation,/mnt/ubna_data_02_mir/recover-20220922/UBNA_001/20220921_090000.WAV,Telephone Field,recover-20220922,001,1795
927.8455,927.8852,68437,81977,Rhinolophus ferrumequinum,0.024,0.024,-1,Echolocation,/mnt/ubna_data_02_mir/recover-20220922/UBNA_001/20220921_090000.WAV,Telephone Field,recover-20220922,001,1795
927.8665,927.9048,68437,81805,Rhinolophus ferrumequinum,0.026,0.026,-1,Echolocation,/mnt/ubna_data_02_mir/recover-20220922/UBNA_001/20220921_090000.WAV,Telephone Field,recover-20220922,001,1795
927.8705,927.8816,22890,27698,Nyctalus leisleri,0.013,0.024,-1,Echolocation,/mnt/ubna_data_02_mir/recover-20220922/UBNA_001/20220921_090000.WAV,Telephone Field,recover-20220922,001,1795
927.8885,927.8968,28046,39513,Eptesicus serotinus,0.008,0.022,-1,Echolocation,/mnt/ubna_data_02_mir/recover-20220922/UBNA_001/20220921_090000.WAV,Telephone Field,recover-20220922,001,1795
927.9095,927.9187,28906,37329,Eptesicus serotinus,0.008,0.021,-1,Echolocation,/mnt/ubna_data_02_mir/recover-20220922/UBNA_001/20220921_090000.WAV,Telephone Field,recover-20220922,001,1795
927.9125,927.9488,68437,81087,Rhinolophus ferrumequinum,0.021,0.021,-1,Echolocation,/mnt/ubna_data_02_mir/recover-20220922/UBNA_001/20220921_090000.WAV,Telephone Field,recover-20220922,001,1795
927.9555,927.9948,68437,81882,Rhinolophus ferrumequinum,0.021,0.021,-1,Echolocation,/mnt/ubna_data_02_mir/recover-20220922/UBNA_001/20220921_090000.WAV,Telephone Field,recover-20220922,001,1795
927.9605,927.9811,19453,22700,Nyctalus noctula,0.017,0.032,-1,Echolocation,/mnt/ubna_data_02_mir/recover-20220922/UBNA_001/20220921_090000.WAV,Telephone Field,recover-20220922,001,1795
928.0015,928.0362,68437,80510,Rhinolophus ferrumequinum,0.029,0.029,-1,Echolocation,/mnt/ubna_data_02_mir/recover-20220922/UBNA_001/20220921_090000.WAV,Telephone Field,recover-20220922,001,1795
928.0015,928.0107,22890,28931,Nyctalus leisleri,0.012,0.031,-1,Echolocation,/mnt/ubna_data_02_mir/recover-20220922/UBNA_001/20220921_090000.WAV,Telephone Field,recover-20220922,001,1795
928.0095,928.0542,68437,82399,Rhinolophus ferrumequinum,0.028,0.028,-1,Echolocation,/mnt/ubna_data_02_mir/recover-20220922/UBNA_001/20220921_090000.WAV,Telephone Field,recover-20220922,001,1795
928.0455,928.0537,28046,38237,Eptesicus serotinus,0.007,0.022,-1,Echolocation,/mnt/ubna_data_02_mir/recover-20220922/UBNA_001/20220921_090000.WAV,Telephone Field,recover-20220922,001,1795
928.0865,928.1258,68437,82027,Rhinolophus ferrumequinum,0.025,0.025,-1,Echolocation,/mnt/ubna_data_02_mir/recover-20220922/UBNA_001/20220921_090000.WAV,Telephone Field,recover-20220922,001,1795
928.1045,928.1456000000001,68437,83071,Rhinolophus ferrumequinum,0.023,0.023,-1,Echolocation,/mnt/ubna_data_02_mir/recover-20220922/UBNA_001/20220921_090000.WAV,Telephone Field,recover-20220922,001,1795
928.1235,928.1329,28046,35548,Eptesicus serotinus,0.008,0.022,-1,Echolocation,/mnt/ubna_data_02_mir/recover-20220922/UBNA_001/20220921_090000.WAV,Telephone Field,recover-20220922,001,1795
928.1315,928.171,68437,82013,Rhinolophus ferrumequinum,0.022,0.022,-1,Echolocation,/mnt/ubna_data_02_mir/recover-20220922/UBNA_001/20220921_090000.WAV,Telephone Field,recover-20220922,001,1795
928.1585,928.1972,68437,81865,Rhinolophus ferrumequinum,0.024,0.024,-1,Echolocation,/mnt/ubna_data_02_mir/recover-20220922/UBNA_001/20220921_090000.WAV,Telephone Field,recover-20220922,001,1795
928.1745,928.2145,68437,82387,Rhinolophus ferrumequinum,0.022,0.022,-1,Echolocation,/mnt/ubna_data_02_mir/recover-20220922/UBNA_001/20220921_090000.WAV,Telephone Field,recover-20220922,001,1795
928.1995,928.2383,68437,81734,Rhinolophus ferrumequinum,0.021,0.021,-1,Echolocation,/mnt/ubna_data_02_mir/recover-20220922/UBNA_001/20220921_090000.WAV,Telephone Field,recover-20220922,001,1795
928.2115,928.2223,22031,26134,Nyctalus leisleri,0.012,0.021,-1,Echolocation,/mnt/ubna_data_02_mir/recover-20220922/UBNA_001/20220921_090000.WAV,Telephone Field,recover-20220922,001,1795
928.2165,928.2527,68437,81752,Rhinolophus ferrumequinum,0.022,0.022,-1,Echolocation,/mnt/ubna_data_02_mir/recover-20220922/UBNA_001/20220921_090000.WAV,Telephone Field,recover-20220922,001,1795
928.2485,928.2885,68437,82729,Rhinolophus ferrumequinum,0.033,0.033,-1,Echolocation,/mnt/ubna_data_02_mir/recover-20220922/UBNA_001/20220921_090000.WAV,Telephone Field,recover-20220922,001,1795
928.2855,928.3261,68437,82632,Rhinolophus ferrumequinum,0.034,0.034,-1,Echolocation,/mnt/ubna_data_02_mir/recover-20220922/UBNA_001/20220921_090000.WAV,Telephone Field,recover-20220922,001,1795
928.2965,928.3353,68437,82132,Rhinolophus ferrumequinum,0.022,0.022,-1,Echolocation,/mnt/ubna_data_02_mir/recover-20220922/UBNA_001/20220921_090000.WAV,Telephone Field,recover-20220922,001,1795
928.3325,928.3394,23750,33568,Plecotus austriacus,0.014,0.029,-1,Echolocation,/mnt/ubna_data_02_mir/recover-20220922/UBNA_001/20220921_090000.WAV,Telephone Field,recover-20220922,001,1795
928.3605,928.3973,68437,81660,Rhinolophus ferrumequinum,0.022,0.022,-1,Echolocation,/mnt/ubna_data_02_mir/recover-20220922/UBNA_001/20220921_090000.WAV,Telephone Field,recover-20220922,001,1795
928.3685,928.408,68437,82393,Rhinolophus ferrumequinum,0.024,0.024,-1,Echolocation,/mnt/ubna_data_02_mir/recover-20220922/UBNA_001/20220921_090000.WAV,Telephone Field,recover-20220922,001,1795
928.4035,928.4131,22890,28600,Nyctalus leisleri,0.009,0.023,-1,Echolocation,/mnt/ubna_data_02_mir/recover-20220922/UBNA_001/20220921_090000.WAV,Telephone Field,recover-20220922,001,1795
928.4225,928.4615,68437,82404,Rhinolophus ferrumequinum,0.022,0.022,-1,Echolocation,/mnt/ubna_data_02_mir/recover-20220922/UBNA_001/20220921_090000.WAV,Telephone Field,recover-20220922,001,1795
928.4565,928.4958,68437,82043,Rhinolophus ferrumequinum,0.024,0.024,-1,Echolocation,/mnt/ubna_data_02_mir/recover-20220922/UBNA_001/20220921_090000.WAV,Telephone Field,recover-20220922,001,1795
928.4565,928.4701,23750,28687,Nyctalus leisleri,0.028,0.049,-1,Echolocation,/mnt/ubna_data_02_mir/recover-20220922/UBNA_001/20220921_090000.WAV,Telephone Field,recover-20220922,001,1795
928.4685,928.51,68437,82888,Rhinolophus ferrumequinum,0.025,0.025,-1,Echolocation,/mnt/ubna_data_02_mir/recover-20220922/UBNA_001/20220921_090000.WAV,Telephone Field,recover-20220922,001,1795
928.4945,928.5047,28906,35861,Eptesicus serotinus,0.011,0.025,-1,Echolocation,/mnt/ubna_data_02_mir/recover-20220922/UBNA_001/20220921_090000.WAV,Telephone Field,recover-20220922,001,1795
928.4975,928.5368,68437,82232,Rhinolophus ferrumequinum,0.021,0.022,-1,Echolocation,/mnt/ubna_data_02_mir/recover-20220922/UBNA_001/20220921_090000.WAV,Telephone Field,recover-20220922,001,1795
928.5005,928.5153,20312,23831,Nyctalus leisleri,0.013,0.023,-1,Echolocation,/mnt/ubna_data_02_mir/recover-20220922/UBNA_001/20220921_090000.WAV,Telephone Field,recover-20220922,001,1795
928.5295,928.568,68437,82183,Rhinolophus ferrumequinum,0.021,0.021,-1,Echolocation,/mnt/ubna_data_02_mir/recover-20220922/UBNA_001/20220921_090000.WAV,Telephone Field,recover-20220922,001,1795
928.5645,928.6049,68437,82810,Rhinolophus ferrumequinum,0.027,0.027,-1,Echolocation,/mnt/ubna_data_02_mir/recover-20220922/UBNA_001/20220921_090000.WAV,Telephone Field,recover-20220922,001,1795
928.5885,928.5983,28046,36053,Eptesicus serotinus,0.009,0.022,-1,Echolocation,/mnt/ubna_data_02_mir/recover-20220922/UBNA_001/20220921_090000.WAV,Telephone Field,recover-20220922,001,1795
928.5985000000001,928.6354,68437,81298,Rhinolophus ferrumequinum,0.024,0.024,-1,Echolocation,/mnt/ubna_data_02_mir/recover-20220922/UBNA_001/20220921_090000.WAV,Telephone Field,recover-20220922,001,1795
928.6065,928.6424,68437,81656,Rhinolophus ferrumequinum,0.023,0.023,-1,Echolocation,/mnt/ubna_data_02_mir/recover-20220922/UBNA_001/20220921_090000.WAV,Telephone Field,recover-20220922,001,1795
928.6145,928.6559,68437,82403,Rhinolophus ferrumequinum,0.021,0.021,-1,Echolocation,/mnt/ubna_data_02_mir/recover-20220922/UBNA_001/20220921_090000.WAV,Telephone Field,recover-20220922,001,1795
928.6525,928.6931,68437,82242,Rhinolophus ferrumequinum,0.025,0.025,-1,Echolocation,/mnt/ubna_data_02_mir/recover-20220922/UBNA_001/20220921_090000.WAV,Telephone Field,recover-20220922,001,1795
928.6885,928.7239,68437,81330,Rhinolophus ferrumequinum,0.023,0.023,-1,Echolocation,/mnt/ubna_data_02_mir/recover-20220922/UBNA_001/20220921_090000.WAV,Telephone Field,recover-20220922,001,1795
928.7215,928.759,68437,81634,Rhinolophus ferrumequinum,0.022,0.022,-1,Echolocation,/mnt/ubna_data_02_mir/recover-20220922/UBNA_001/20220921_090000.WAV,Telephone Field,recover-20220922,001,1795
928.7275,928.7666,68437,81620,Rhinolophus ferrumequinum,0.022,0.022,-1,Echolocation,/mnt/ubna_data_02_mir/recover-20220922/UBNA_001/20220921_090000.WAV,Telephone Field,recover-20220922,001,1795
928.7555,928.7959,68437,82554,Rhinolophus ferrumequinum,0.029,0.029,-1,Echolocation,/mnt/ubna_data_02_mir/recover-20220922/UBNA_001/20220921_090000.WAV,Telephone Field,recover-20220922,001,1795
928.7855,928.8249,68437,82296,Rhinolophus ferrumequinum,0.022,0.022,-1,Echolocation,/mnt/ubna_data_02_mir/recover-20220922/UBNA_001/20220921_090000.WAV,Telephone Field,recover-20220922,001,1795
928.8525,928.8592,28046,37357,Eptesicus serotinus,0.006,0.022,-1,Echolocation,/mnt/ubna_data_02_mir/recover-20220922/UBNA_001/20220921_090000.WAV,Telephone Field,recover-20220922,001,1795
928.8555,928.8955,68437,82846,Rhinolophus ferrumequinum,0.025,0.025,-1,Echolocation,/mnt/ubna_data_02_mir/recover-20220922/UBNA_001/20220921_090000.WAV,Telephone Field,recover-20220922,001,1795
928.8905,928.8973,27187,40875,Eptesicus serotinus,0.006,0.024,-1,Echolocation,/mnt/ubna_data_02_mir/recover-20220922/UBNA_001/20220921_090000.WAV,Telephone Field,recover-20220922,001,1795
928.8945,928.9352,68437,82377,Rhinolophus ferrumequinum,0.021,0.021,-1,Echolocation,/mnt/ubna_data_02_mir/recover-20220922/UBNA_001/20220921_090000.WAV,Telephone Field,recover-20220922,001,1795
928.9255,928.9626,68437,81814,Rhinolophus ferrumequinum,0.023,0.023,-1,Echolocation,/mnt/ubna_data_02_mir/recover-20220922/UBNA_001/20220921_090000.WAV,Telephone Field,recover-20220922,001,1795
928.9735000000001,929.0128,68437,82222,Rhinolophus ferrumequinum,0.028,0.028,-1,Echolocation,/mnt/ubna_data_02_mir/recover-20220922/UBNA_001/20220921_090000.WAV,Telephone Field,recover-20220922,001,1795
929.0275,929.0655,68437,81346,Rhinolophus ferrumequinum,0.023,0.023,-1,Echolocation,/mnt/ubna_data_02_mir/recover-20220922/UBNA_001/20220921_090000.WAV,Telephone Field,recover-20220922,001,1795
929.0445,929.079,68437,81241,Rhinolophus ferrumequinum,0.022,0.022,-1,Echolocation,/mnt/ubna_data_02_mir/recover-20220922/UBNA_001/20220921_090000.WAV,Telephone Field,recover-20220922,001,1795
929.0645,929.1017,68437,81831,Rhinolophus ferrumequinum,0.022,0.022,-1,Echolocation,/mnt/ubna_data_02_mir/recover-20220922/UBNA_001/20220921_090000.WAV,Telephone Field,recover-20220922,001,1795
929.0725,929.1108,68437,82186,Rhinolophus ferrumequinum,0.021,0.021,-1,Echolocation,/mnt/ubna_data_02_mir/recover-20220922/UBNA_001/20220921_090000.WAV,Telephone Field,recover-20220922,001,1795
929.0965,929.1356,68437,82643,Rhinolophus ferrumequinum,0.022,0.022,-1,Echolocation,/mnt/ubna_data_02_mir/recover-20220922/UBNA_001/20220921_090000.WAV,Telephone Field,recover-20220922,001,1795
929.1045,929.1133,28046,37271,Eptesicus serotinus,0.008,0.021,-1,Echolocation,/mnt/ubna_data_02_mir/recover-20220922/UBNA_001/20220921_090000.WAV,Telephone Field,recover-20220922,001,1795
929.1655,929.204,68437,82091,Rhinolophus ferrumequinum,0.022,0.022,-1,Echolocation,/mnt/ubna_data_02_mir/recover-20220922/UBNA_001/20220921_090000.WAV,Telephone Field,recover-20220922,001,1795
929.1715,929.2074,68437,81530,Rhinolophus ferrumequinum,0.021,0.021,-1,Echolocation,/mnt/ubna_data_02_mir/recover-20220922/UBNA_001/20220921_090000.WAV,Telephone Field,recover-20220922,001,1795
929.1755,929.1844,28906,38338,Eptesicus serotinus,0.007,0.022,-1,Echolocation,/mnt/ubna_data_02_mir/recover-20220922/UBNA_001/20220921_090000.WAV,Telephone Field,recover-20220922,001,1795
929.1905,929.1997,26328,34185,Eptesicus serotinus,0.022,0.047,-1,Echolocation,/mnt/ubna_data_02_mir/recover-20220922/UBNA_001/20220921_090000.WAV,Telephone Field,recover-20220922,001,1795
929.2015,929.2409,68437,82528,Rhinolophus ferrumequinum,0.022,0.022,-1,Echolocation,/mnt/ubna_data_02_mir/recover-20220922/UBNA_001/20220921_090000.WAV,Telephone Field,recover-20220922,001,1795
929.2185,929.2585,68437,82773,Rhinolophus ferrumequinum,0.025,0.025,-1,Echolocation,/mnt/ubna_data_02_mir/recover-20220922/UBNA_001/20220921_090000.WAV,Telephone Field,recover-20220922,001,1795
929.2245,929.2338,28906,39540,Eptesicus serotinus,0.01,0.026,-1,Echolocation,/mnt/ubna_data_02_mir/recover-20220922/UBNA_001/20220921_090000.WAV,Telephone Field,recover-20220922,001,1795
929.2485,929.2595,22031,26973,Nyctalus leisleri,0.011,0.022,-1,Echolocation,/mnt/ubna_data_02_mir/recover-20220922/UBNA_001/20220921_090000.WAV,Telephone Field,recover-20220922,001,1795
929.2745,929.2851,28906,36393,Eptesicus serotinus,0.012,0.026,-1,Echolocation,/mnt/ubna_data_02_mir/recover-20220922/UBNA_001/20220921_090000.WAV,Telephone Field,recover-20220922,001,1795
929.3655,929.3754,22890,30075,Nyctalus leisleri,0.01,0.03,-1,Echolocation,/mnt/ubna_data_02_mir/recover-20220922/UBNA_001/20220921_090000.WAV,Telephone Field,recover-20220922,001,1795
929.4215,929.4628,68437,82800,Rhinolophus ferrumequinum,0.022,0.022,-1,Echolocation,/mnt/ubna_data_02_mir/recover-20220922/UBNA_001/20220921_090000.WAV,Telephone Field,recover-20220922,001,1795
929.4325,929.472,68437,82403,Rhinolophus ferrumequinum,0.021,0.021,-1,Echolocation,/mnt/ubna_data_02_mir/recover-20220922/UBNA_001/20220921_090000.WAV,Telephone Field,recover-20220922,001,1795
929.4625,929.4748,24609,30946,Nyctalus leisleri,0.011,0.03,-1,Echolocation,/mnt/ubna_data_02_mir/recover-20220922/UBNA_001/20220921_090000.WAV,Telephone Field,recover-20220922,001,1795
929.4685,929.5062,68437,81826,Rhinolophus ferrumequinum,0.021,0.021,-1,Echolocation,/mnt/ubna_data_02_mir/recover-20220922/UBNA_001/20220921_090000.WAV,Telephone Field,recover-20220922,001,1795
929.4885,929.4958,28046,38239,Eptesicus serotinus,0.006,0.022,-1,Echolocation,/mnt/ubna_data_02_mir/recover-20220922/UBNA_001/20220921_090000.WAV,Telephone Field,recover-20220922,001,1795
929.4885,929.5282,68437,82363,Rhinolophus ferrumequinum,0.024,0.024,-1,Echolocation,/mnt/ubna_data_02_mir/recover-20220922/UBNA_001/20220921_090000.WAV,Telephone Field,recover-20220922,001,1795
929.5085,929.5454,68437,81964,Rhinolophus ferrumequinum,0.022,0.022,-1,Echolocation,/mnt/ubna_data_02_mir/recover-20220922/UBNA_001/20220921_090000.WAV,Telephone Field,recover-20220922,001,1795
929.5155,929.5535,68437,82135,Rhinolophus ferrumequinum,0.023,0.023,-1,Echolocation,/mnt/ubna_data_02_mir/recover-20220922/UBNA_001/20220921_090000.WAV,Telephone Field,recover-20220922,001,1795
929.5195,929.5356,29765,33897,Eptesicus serotinus,0.019,0.04,-1,Echolocation,/mnt/ubna_data_02_mir/recover-20220922/UBNA_001/20220921_090000.WAV,Telephone Field,recover-20220922,001,1795
929.5525,929.5633,25468,31858,Eptesicus serotinus,0.01,0.024,-1,Echolocation,/mnt/ubna_data_02_mir/recover-20220922/UBNA_001/20220921_090000.WAV,Telephone Field,recover-20220922,001,1795
929.5575,929.5972,68437,82727,Rhinolophus ferrumequinum,0.024,0.024,-1,Echolocation,/mnt/ubna_data_02_mir/recover-20220922/UBNA_001/20220921_090000.WAV,Telephone Field,recover-20220922,001,1795
929.5825,929.5937,28906,36144,Eptesicus serotinus,0.012,0.024,-1,Echolocation,/mnt/ubna_data_02_mir/recover-20220922/UBNA_001/20220921_090000.WAV,Telephone Field,recover-20220922,001,1795
929.6005,929.6092,22890,30585,Plecotus austriacus,0.009,0.024,-1,Echolocation,/mnt/ubna_data_02_mir/recover-20220922/UBNA_001/20220921_090000.WAV,Telephone Field,recover-20220922,001,1795
929.6125,929.6484,68437,81493,Rhinolophus ferrumequinum,0.022,0.022,-1,Echolocation,/mnt/ubna_data_02_mir/recover-20220922/UBNA_001/20220921_090000.WAV,Telephone Field,recover-20220922,001,1795
929.6305,929.6719,68437,82627,Rhinolophus ferrumequinum,0.024,0.024,-1,Echolocation,/mnt/ubna_data_02_mir/recover-20220922/UBNA_001/20220921_090000.WAV,Telephone Field,recover-20220922,001,1795
929.6545,929.6941,68437,82623,Rhinolophus ferrumequinum,0.023,0.023,-1,Echolocation,/mnt/ubna_data_02_mir/recover-20220922/UBNA_001/20220921_090000.WAV,Telephone Field,recover-20220922,001,1795
929.6835,929.6913,25468,34418,Eptesicus serotinus,0.007,0.022,-1,Echolocation,/mnt/ubna_data_02_mir/recover-20220922/UBNA_001/20220921_090000.WAV,Telephone Field,recover-20220922,001,1795
929.7055,929.716,28046,38156,Eptesicus serotinus,0.013,0.028,-1,Echolocation,/mnt/ubna_data_02_mir/recover-20220922/UBNA_001/20220921_090000.WAV,Telephone Field,recover-20220922,001,1795
929.7065,929.7185,34062,40139,Eptesicus serotinus,0.008,0.029,-1,Echolocation,/mnt/ubna_data_02_mir/recover-20220922/UBNA_001/20220921_090000.WAV,Telephone Field,recover-20220922,001,1795
929.7415,929.7513,28046,36133,Eptesicus serotinus,0.009,0.022,-1,Echolocation,/mnt/ubna_data_02_mir/recover-20220922/UBNA_001/20220921_090000.WAV,Telephone Field,recover-20220922,001,1795
929.7465,929.7864,68437,82492,Rhinolophus ferrumequinum,0.025,0.025,-1,Echolocation,/mnt/ubna_data_02_mir/recover-20220922/UBNA_001/20220921_090000.WAV,Telephone Field,recover-20220922,001,1795
929.7655,929.7783,30625,36613,Eptesicus serotinus,0.013,0.029,-1,Echolocation,/mnt/ubna_data_02_mir/recover-20220922/UBNA_001/20220921_090000.WAV,Telephone Field,recover-20220922,001,1795
929.7685,929.8062,68437,82164,Rhinolophus ferrumequinum,0.025,0.025,-1,Echolocation,/mnt/ubna_data_02_mir/recover-20220922/UBNA_001/20220921_090000.WAV,Telephone Field,recover-20220922,001,1795
929.8015,929.8115,26328,33277,Eptesicus serotinus,0.01,0.022,-1,Echolocation,/mnt/ubna_data_02_mir/recover-20220922/UBNA_001/20220921_090000.WAV,Telephone Field,recover-20220922,001,1795
929.8305,929.8699,68437,82055,Rhinolophus ferrumequinum,0.023,0.023,-1,Echolocation,/mnt/ubna_data_02_mir/recover-20220922/UBNA_001/20220921_090000.WAV,Telephone Field,recover-20220922,001,1795
929.8475,929.8552999999999,28046,39124,Eptesicus serotinus,0.007,0.022,-1,Echolocation,/mnt/ubna_data_02_mir/recover-20220922/UBNA_001/20220921_090000.WAV,Telephone Field,recover-20220922,001,1795
929.8545,929.8959,68437,82330,Rhinolophus ferrumequinum,0.024,0.024,-1,Echolocation,/mnt/ubna_data_02_mir/recover-20220922/UBNA_001/20220921_090000.WAV,Telephone Field,recover-20220922,001,1795
929.8605,929.9021,68437,82771,Rhinolophus ferrumequinum,0.024,0.024,-1,Echolocation,/mnt/ubna_data_02_mir/recover-20220922/UBNA_001/20220921_090000.WAV,Telephone Field,recover-20220922,001,1795
929.8725,929.883,22890,28113,Nyctalus leisleri,0.01,0.021,-1,Echolocation,/mnt/ubna_data_02_mir/recover-20220922/UBNA_001/20220921_090000.WAV,Telephone Field,recover-20220922,001,1795
929.8845,929.9198,68437,81715,Rhinolophus ferrumequinum,0.023,0.023,-1,Echolocation,/mnt/ubna_data_02_mir/recover-20220922/UBNA_001/20220921_090000.WAV,Telephone Field,recover-20220922,001,1795
929.9075,929.9153,26328,35495,Eptesicus serotinus,0.007,0.023,-1,Echolocation,/mnt/ubna_data_02_mir/recover-20220922/UBNA_001/20220921_090000.WAV,Telephone Field,recover-20220922,001,1795
929.9225,929.9627,68437,82173,Rhinolophus ferrumequinum,0.023,0.023,-1,Echolocation,/mnt/ubna_data_02_mir/recover-20220922/UBNA_001/20220921_090000.WAV,Telephone Field,recover-20220922,001,1795
929.9555,929.975,20312,23421,Nyctalus leisleri,0.014,0.023,-1,Echolocation,/mnt/ubna_data_02_mir/recover-20220922/UBNA_001/20220921_090000.WAV,Telephone Field,recover-20220922,001,1795
930.0015,930.0332,68437,79475,Rhinolophus ferrumequinum,0.043,0.043,-1,Echolocation,/mnt/ubna_data_02_mir/recover-20220922/UBNA_001/20220921_090000.WAV,Telephone Field,recover-20220922,001,1795
930.0015,930.0096,23750,32344,Plecotus austriacus,0.01,0.039,-1,Echolocation,/mnt/ubna_data_02_mir/recover-20220922/UBNA_001/20220921_090000.WAV,Telephone Field,recover-20220922,001,1795
930.0085,930.0486,68437,82247,Rhinolophus ferrumequinum,0.026,0.026,-1,Echolocation,/mnt/ubna_data_02_mir/recover-20220922/UBNA_001/20220921_090000.WAV,Telephone Field,recover-20220922,001,1795
930.0285,930.0356,28046,39677,Eptesicus serotinus,0.006,0.021,-1,Echolocation,/mnt/ubna_data_02_mir/recover-20220922/UBNA_001/20220921_090000.WAV,Telephone Field,recover-20220922,001,1795
930.0425,930.078,68437,80794,Rhinolophus ferrumequinum,0.021,0.022,-1,Echolocation,/mnt/ubna_data_02_mir/recover-20220922/UBNA_001/20220921_090000.WAV,Telephone Field,recover-20220922,001,1795
930.0685,930.0791,46953,51433,Pipistrellus pipistrellus,0.028,0.031,-1,Echolocation,/mnt/ubna_data_02_mir/recover-20220922/UBNA_001/20220921_090000.WAV,Telephone Field,recover-20220922,001,1795
930.0815,930.1189,68437,82404,Rhinolophus ferrumequinum,0.022,0.022,-1,Echolocation,/mnt/ubna_data_02_mir/recover-20220922/UBNA_001/20220921_090000.WAV,Telephone Field,recover-20220922,001,1795
930.0895,930.1284,68437,81617,Rhinolophus ferrumequinum,0.022,0.022,-1,Echolocation,/mnt/ubna_data_02_mir/recover-20220922/UBNA_001/20220921_090000.WAV,Telephone Field,recover-20220922,001,1795
930.1115,930.1522,68437,82369,Rhinolophus ferrumequinum,0.025,0.025,-1,Echolocation,/mnt/ubna_data_02_mir/recover-20220922/UBNA_001/20220921_090000.WAV,Telephone Field,recover-20220922,001,1795
930.1185,930.1258,24609,33233,Plecotus austriacus,0.008,0.022,-1,Echolocation,/mnt/ubna_data_02_mir/recover-20220922/UBNA_001/20220921_090000.WAV,Telephone Field,recover-20220922,001,1795
930.1285,930.1692,68437,82267,Rhinolophus ferrumequinum,0.022,0.022,-1,Echolocation,/mnt/ubna_data_02_mir/recover-20220922/UBNA_001/20220921_090000.WAV,Telephone Field,recover-20220922,001,1795
930.1335,930.1474,16015,21912,Nyctalus noctula,0.016,0.024,-1,Echolocation,/mnt/ubna_data_02_mir/recover-20220922/UBNA_001/20220921_090000.WAV,Telephone Field,recover-20220922,001,1795
930.1595,930.1673,27187,36741,Eptesicus serotinus,0.01,0.026,-1,Echolocation,/mnt/ubna_data_02_mir/recover-20220922/UBNA_001/20220921_090000.WAV,Telephone Field,recover-20220922,001,1795
930.1665,930.1745,27187,36389,Eptesicus serotinus,0.007,0.021,-1,Echolocation,/mnt/ubna_data_02_mir/recover-20220922/UBNA_001/20220921_090000.WAV,Telephone Field,recover-20220922,001,1795
930.1695,930.2101,68437,81878,Rhinolophus ferrumequinum,0.026,0.026,-1,Echolocation,/mnt/ubna_data_02_mir/recover-20220922/UBNA_001/20220921_090000.WAV,Telephone Field,recover-20220922,001,1795
930.2065,930.2468,68437,81884,Rhinolophus ferrumequinum,0.022,0.023,-1,Echolocation,/mnt/ubna_data_02_mir/recover-20220922/UBNA_001/20220921_090000.WAV,Telephone Field,recover-20220922,001,1795
930.2335,930.2531,20312,23197,Nyctalus leisleri,0.02,0.033,-1,Echolocation,/mnt/ubna_data_02_mir/recover-20220922/UBNA_001/20220921_090000.WAV,Telephone Field,recover-20220922,001,1795
930.2645,930.3068,68437,82682,Rhinolophus ferrumequinum,0.036,0.036,-1,Echolocation,/mnt/ubna_data_02_mir/recover-20220922/UBNA_001/20220921_090000.WAV,Telephone Field,recover-20220922,001,1795
930.2705,930.2792,27187,36584,Eptesicus serotinus,0.009,0.025,-1,Echolocation,/mnt/ubna_data_02_mir/recover-20220922/UBNA_001/20220921_090000.WAV,Telephone Field,recover-20220922,001,1795
930.2985,930.3089,28906,39089,Eptesicus serotinus,0.013,0.028,-1,Echolocation,/mnt/ubna_data_02_mir/recover-20220922/UBNA_001/20220921_090000.WAV,Telephone Field,recover-20220922,001,1795
930.3155,930.3575,68437,81930,Rhinolophus ferrumequinum,0.036,0.036,-1,Echolocation,/mnt/ubna_data_02_mir/recover-20220922/UBNA_001/20220921_090000.WAV,Telephone Field,recover-20220922,001,1795
930.3205,930.3284,28046,37314,Eptesicus serotinus,0.008,0.021,-1,Echolocation,/mnt/ubna_data_02_mir/recover-20220922/UBNA_001/20220921_090000.WAV,Telephone Field,recover-20220922,001,1795
930.3375,930.3768,68437,82451,Rhinolophus ferrumequinum,0.022,0.022,-1,Echolocation,/mnt/ubna_data_02_mir/recover-20220922/UBNA_001/20220921_090000.WAV,Telephone Field,recover-20220922,001,1795
930.3495,930.3908,68437,82640,Rhinolophus ferrumequinum,0.025,0.025,-1,Echolocation,/mnt/ubna_data_02_mir/recover-20220922/UBNA_001/20220921_090000.WAV,Telephone Field,recover-20220922,001,1795
930.3575,930.3659,55546,60419,Pipistrellus pygmaeus,0.026,0.027,-1,Echolocation,/mnt/ubna_data_02_mir/recover-20220922/UBNA_001/20220921_090000.WAV,Telephone Field,recover-20220922,001,1795
930.3625,930.4036,68437,82689,Rhinolophus ferrumequinum,0.028,0.028,-1,Echolocation,/mnt/ubna_data_02_mir/recover-20220922/UBNA_001/20220921_090000.WAV,Telephone Field,recover-20220922,001,1795
930.3665,930.3757,28906,37249,Eptesicus serotinus,0.007,0.022,-1,Echolocation,/mnt/ubna_data_02_mir/recover-20220922/UBNA_001/20220921_090000.WAV,Telephone Field,recover-20220922,001,1795
930.4035,930.4157,22890,27114,Nyctalus leisleri,0.015,0.025,-1,Echolocation,/mnt/ubna_data_02_mir/recover-20220922/UBNA_001/20220921_090000.WAV,Telephone Field,recover-20220922,001,1795
930.4185,930.4273,28046,37329,Eptesicus serotinus,0.008,0.021,-1,Echolocation,/mnt/ubna_data_02_mir/recover-20220922/UBNA_001/20220921_090000.WAV,Telephone Field,recover-20220922,001,1795
930.4245,930.4669,68437,82808,Rhinolophus ferrumequinum,0.028,0.028,-1,Echolocation,/mnt/ubna_data_02_mir/recover-20220922/UBNA_001/20220921_090000.WAV,Telephone Field,recover-20220922,001,1795
930.4455,930.4888,68437,82864,Rhinolophus ferrumequinum,0.026,0.026,-1,Echolocation,/mnt/ubna_data_02_mir/recover-20220922/UBNA_001/20220921_090000.WAV,Telephone Field,recover-20220922,001,1795
930.4705,930.5122,68437,83101,Rhinolophus ferrumequinum,0.024,0.024,-1,Echolocation,/mnt/ubna_data_02_mir/recover-20220922/UBNA_001/20220921_090000.WAV,Telephone Field,recover-20220922,001,1795
930.4855,930.4983,24609,30322,Nyctalus leisleri,0.064,0.167,-1,Echolocation,/mnt/ubna_data_02_mir/recover-20220922/UBNA_001/20220921_090000.WAV,Telephone Field,recover-20220922,001,1795
930.4985,930.5415,68437,83538,Rhinolophus ferrumequinum,0.04,0.04,-1,Echolocation,/mnt/ubna_data_02_mir/recover-20220922/UBNA_001/20220921_090000.WAV,Telephone Field,recover-20220922,001,1795
930.5365,930.5752,68437,82188,Rhinolophus ferrumequinum,0.021,0.021,-1,Echolocation,/mnt/ubna_data_02_mir/recover-20220922/UBNA_001/20220921_090000.WAV,Telephone Field,recover-20220922,001,1795
930.5595,930.5662,25468,35025,Plecotus austriacus,0.01,0.03,-1,Echolocation,/mnt/ubna_data_02_mir/recover-20220922/UBNA_001/20220921_090000.WAV,Telephone Field,recover-20220922,001,1795
930.5665,930.6052,68437,82500,Rhinolophus ferrumequinum,0.021,0.021,-1,Echolocation,/mnt/ubna_data_02_mir/recover-20220922/UBNA_001/20220921_090000.WAV,Telephone Field,recover-20220922,001,1795
930.5775,930.5882,25468,32722,Eptesicus serotinus,0.01,0.025,-1,Echolocation,/mnt/ubna_data_02_mir/recover-20220922/UBNA_001/20220921_090000.WAV,Telephone Field,recover-20220922,001,1795
930.5875,930.5957,24609,32261,Plecotus austriacus,0.007,0.022,-1,Echolocation,/mnt/ubna_data_02_mir/recover-20220922/UBNA_001/20220921_090000.WAV,Telephone Field,recover-20220922,001,1795
930.5915,930.6313,68437,81997,Rhinolophus ferrumequinum,0.024,0.024,-1,Echolocation,/mnt/ubna_data_02_mir/recover-20220922/UBNA_001/20220921_090000.WAV,Telephone Field,recover-20220922,001,1795
930.6135,930.6531,68437,82244,Rhinolophus ferrumequinum,0.025,0.025,-1,Echolocation,/mnt/ubna_data_02_mir/recover-20220922/UBNA_001/20220921_090000.WAV,Telephone Field,recover-20220922,001,1795
930.6395,930.6785,68437,82010,Rhinolophus ferrumequinum,0.021,0.021,-1,Echolocation,/mnt/ubna_data_02_mir/recover-20220922/UBNA_001/20220921_090000.WAV,Telephone Field,recover-20220922,001,1795
930.6415,930.6511,28046,37164,Eptesicus serotinus,0.01,0.024,-1,Echolocation,/mnt/ubna_data_02_mir/recover-20220922/UBNA_001/20220921_090000.WAV,Telephone Field,recover-20220922,001,1795
930.6655,930.7013,68437,81891,Rhinolophus ferrumequinum,0.022,0.022,-1,Echolocation,/mnt/ubna_data_02_mir/recover-20220922/UBNA_001/20220921_090000.WAV,Telephone Field,recover-20220922,001,1795
930.7155,930.7563,68437,82387,Rhinolophus ferrumequinum,0.031,0.031,-1,Echolocation,/mnt/ubna_data_02_mir/recover-20220922/UBNA_001/20220921_090000.WAV,Telephone Field,recover-20220922,001,1795
930.7315,930.7715,68437,82107,Rhinolophus ferrumequinum,0.027,0.027,-1,Echolocation,/mnt/ubna_data_02_mir/recover-20220922/UBNA_001/20220921_090000.WAV,Telephone Field,recover-20220922,001,1795
930.7745,930.8153,68437,82760,Rhinolophus ferrumequinum,0.032,0.032,-1,Echolocation,/mnt/ubna_data_02_mir/recover-20220922/UBNA_001/20220921_090000.WAV,Telephone Field,recover-20220922,001,1795
930.7875,930.8246,68437,82176,Rhinolophus ferrumequinum,0.023,0.023,-1,Echolocation,/mnt/ubna_data_02_mir/recover-20220922/UBNA_001/20220921_090000.WAV,Telephone Field,recover-20220922,001,1795
930.8055,930.8443,68437,82358,Rhinolophus ferrumequinum,0.032,0.032,-1,Echolocation,/mnt/ubna_data_02_mir/recover-20220922/UBNA_001/20220921_090000.WAV,Telephone Field,recover-20220922,001,1795
930.8205,930.8589,68437,81618,Rhinolophus ferrumequinum,0.026,0.026,-1,Echolocation,/mnt/ubna_data_02_mir/recover-20220922/UBNA_001/20220921_090000.WAV,Telephone Field,recover-20220922,001,1795
930.8495,930.8608,58984,64359,Pipistrellus pygmaeus,0.031,0.032,-1,Echolocation,/mnt/ubna_data_02_mir/recover-20220922/UBNA_001/20220921_090000.WAV,Telephone Field,recover-20220922,001,1795
930.8625,930.8702,26328,35321,Eptesicus serotinus,0.009,0.026,-1,Echolocation,/mnt/ubna_data_02_mir/recover-20220922/UBNA_001/20220921_090000.WAV,Telephone Field,recover-20220922,001,1795
930.8705,930.909,68437,81506,Rhinolophus ferrumequinum,0.022,0.022,-1,Echolocation,/mnt/ubna_data_02_mir/recover-20220922/UBNA_001/20220921_090000.WAV,Telephone Field,recover-20220922,001,1795
930.9015,930.9087,27187,37908,Eptesicus serotinus,0.007,0.023,-1,Echolocation,/mnt/ubna_data_02_mir/recover-20220922/UBNA_001/20220921_090000.WAV,Telephone Field,recover-20220922,001,1795
930.9015,930.9397,68437,81794,Rhinolophus ferrumequinum,0.021,0.021,-1,Echolocation,/mnt/ubna_data_02_mir/recover-20220922/UBNA_001/20220921_090000.WAV,Telephone Field,recover-20220922,001,1795
930.9095,930.9467,68437,81950,Rhinolophus ferrumequinum,0.022,0.022,-1,Echolocation,/mnt/ubna_data_02_mir/recover-20220922/UBNA_001/20220921_090000.WAV,Telephone Field,recover-20220922,001,1795
930.9545,930.9954,68437,82648,Rhinolophus ferrumequinum,0.022,0.022,-1,Echolocation,/mnt/ubna_data_02_mir/recover-20220922/UBNA_001/20220921_090000.WAV,Telephone Field,recover-20220922,001,1795
930.9735,931.0138,68437,82300,Rhinolophus ferrumequinum,0.025,0.025,-1,Echolocation,/mnt/ubna_data_02_mir/recover-20220922/UBNA_001/20220921_090000.WAV,Telephone Field,recover-20220922,001,1795
931.0625,931.0993,68437,81687,Rhinolophus ferrumequinum,0.021,0.021,-1,Echolocation,/mnt/ubna_data_02_mir/recover-20220922/UBNA_001/20220921_090000.WAV,Telephone Field,recover-20220922,001,1795
931.0835,931.1243,68437,82540,Rhinolophus ferrumequinum,0.023,0.023,-1,Echolocation,/mnt/ubna_data_02_mir/recover-20220922/UBNA_001/20220921_090000.WAV,Telephone Field,recover-20220922,001,1795
931.0935,931.1352,68437,82820,Rhinolophus ferrumequinum,0.021,0.021,-1,Echolocation,/mnt/ubna_data_02_mir/recover-20220922/UBNA_001/20220921_090000.WAV,Telephone Field,recover-20220922,001,1795
931.0985,931.1102,22031,25633,Nyctalus leisleri,0.014,0.022,-1,Echolocation,/mnt/ubna_data_02_mir/recover-20220922/UBNA_001/20220921_090000.WAV,Telephone Field,recover-20220922,001,1795
931.1165,931.1302,22031,26134,Nyctalus leisleri,0.023,0.041,-1,Echolocation,/mnt/ubna_data_02_mir/recover-20220922/UBNA_001/20220921_090000.WAV,Telephone Field,recover-20220922,001,1795
931.1335,931.1416,26328,35200,Eptesicus serotinus,0.008,0.023,-1,Echolocation,/mnt/ubna_data_02_mir/recover-20220922/UBNA_001/20220921_090000.WAV,Telephone Field,recover-20220922,001,1795
931.1445,931.1841,68437,81891,Rhinolophus ferrumequinum,0.024,0.024,-1,Echolocation,/mnt/ubna_data_02_mir/recover-20220922/UBNA_001/20220921_090000.WAV,Telephone Field,recover-20220922,001,1795
931.1565,931.1661,22890,28623,Nyctalus leisleri,0.009,0.023,-1,Echolocation,/mnt/ubna_data_02_mir/recover-20220922/UBNA_001/20220921_090000.WAV,Telephone Field,recover-20220922,001,1795
931.1905,931.1984,28046,39333,Eptesicus serotinus,0.007,0.021,-1,Echolocation,/mnt/ubna_data_02_mir/recover-20220922/UBNA_001/20220921_090000.WAV,Telephone Field,recover-20220922,001,1795
931.1985,931.2401,68437,82792,Rhinolophus ferrumequinum,0.031,0.031,-1,Echolocation,/mnt/ubna_data_02_mir/recover-20220922/UBNA_001/20220921_090000.WAV,Telephone Field,recover-20220922,001,1795
931.2115,931.2507,68437,81867,Rhinolophus ferrumequinum,0.023,0.023,-1,Echolocation,/mnt/ubna_data_02_mir/recover-20220922/UBNA_001/20220921_090000.WAV,Telephone Field,recover-20220922,001,1795
931.2365,931.2451,24609,32602,Eptesicus serotinus,0.007,0.023,-1,Echolocation,/mnt/ubna_data_02_mir/recover-20220922/UBNA_001/20220921_090000.WAV,Telephone Field,recover-20220922,001,1795
931.2375,931.2777,68437,82049,Rhinolophus ferrumequinum,0.024,0.024,-1,Echolocation,/mnt/ubna_data_02_mir/recover-20220922/UBNA_001/20220921_090000.WAV,Telephone Field,recover-20220922,001,1795
931.3255,931.3345,28046,37058,Eptesicus serotinus,0.008,0.023,-1,Echolocation,/mnt/ubna_data_02_mir/recover-20220922/UBNA_001/20220921_090000.WAV,Telephone Field,recover-20220922,001,1795
931.3295,931.3678,68437,81767,Rhinolophus ferrumequinum,0.021,0.021,-1,Echolocation,/mnt/ubna_data_02_mir/recover-20220922/UBNA_001/20220921_090000.WAV,Telephone Field,recover-20220922,001,1795
931.3355,931.3724,68437,81334,Rhinolophus ferrumequinum,0.022,0.022,-1,Echolocation,/mnt/ubna_data_02_mir/recover-20220922/UBNA_001/20220921_090000.WAV,Telephone Field,recover-20220922,001,1795
931.3505,931.3896,68437,82103,Rhinolophus ferrumequinum,0.023,0.023,-1,Echolocation,/mnt/ubna_data_02_mir/recover-20220922/UBNA_001/20220921_090000.WAV,Telephone Field,recover-20220922,001,1795
931.3995,931.4076,23750,31831,Plecotus austriacus,0.008,0.022,-1,Echolocation,/mnt/ubna_data_02_mir/recover-20220922/UBNA_001/20220921_090000.WAV,Telephone Field,recover-20220922,001,1795
931.4145,931.4565,68437,82791,Rhinolophus ferrumequinum,0.022,0.022,-1,Echolocation,/mnt/ubna_data_02_mir/recover-20220922/UBNA_001/20220921_090000.WAV,Telephone Field,recover-20220922,001,1795
931.4205,931.4605,68437,82783,Rhinolophus ferrumequinum,0.022,0.022,-1,Echolocation,/mnt/ubna_data_02_mir/recover-20220922/UBNA_001/20220921_090000.WAV,Telephone Field,recover-20220922,001,1795
931.4275,931.4639,68437,81625,Rhinolophus ferrumequinum,0.021,0.021,-1,Echolocation,/mnt/ubna_data_02_mir/recover-20220922/UBNA_001/20220921_090000.WAV,Telephone Field,recover-20220922,001,1795
931.4405,931.4765,68437,81616,Rhinolophus ferrumequinum,0.021,0.021,-1,Echolocation,/mnt/ubna_data_02_mir/recover-20220922/UBNA_001/20220921_090000.WAV,Telephone Field,recover-20220922,001,1795
931.4775,931.4865,27187,37115,Eptesicus serotinus,0.008,0.021,-1,Echolocation,/mnt/ubna_data_02_mir/recover-20220922/UBNA_001/20220921_090000.WAV,Telephone Field,recover-20220922,001,1795
931.4925,931.5022,23750,30249,Nyctalus leisleri,0.008,0.022,-1,Echolocation,/mnt/ubna_data_02_mir/recover-20220922/UBNA_001/20220921_090000.WAV,Telephone Field,recover-20220922,001,1795
931.4975,931.5044,47812,52328,Pipistrellus pipistrellus,0.027,0.029,-1,Echolocation,/mnt/ubna_data_02_mir/recover-20220922/UBNA_001/20220921_090000.WAV,Telephone Field,recover-20220922,001,1795
931.4995,931.5408,68437,82442,Rhinolophus ferrumequinum,0.029,0.029,-1,Echolocation,/mnt/ubna_data_02_mir/recover-20220922/UBNA_001/20220921_090000.WAV,Telephone Field,recover-20220922,001,1795
931.5185,931.5541,68437,81486,Rhinolophus ferrumequinum,0.023,0.023,-1,Echolocation,/mnt/ubna_data_02_mir/recover-20220922/UBNA_001/20220921_090000.WAV,Telephone Field,recover-20220922,001,1795
931.5495,931.5888,68437,81930,Rhinolophus ferrumequinum,0.022,0.022,-1,Echolocation,/mnt/ubna_data_02_mir/recover-20220922/UBNA_001/20220921_090000.WAV,Telephone Field,recover-20220922,001,1795
931.5675,931.6078,68437,83158,Rhinolophus ferrumequinum,0.031,0.031,-1,Echolocation,/mnt/ubna_data_02_mir/recover-20220922/UBNA_001/20220921_090000.WAV,Telephone Field,recover-20220922,001,1795
931.6215,931.6609,68437,82501,Rhinolophus ferrumequinum,0.026,0.026,-1,Echolocation,/mnt/ubna_data_02_mir/recover-20220922/UBNA_001/20220921_090000.WAV,Telephone Field,recover-20220922,001,1795
931.6415,931.6498,28046,38410,Eptesicus serotinus,0.008,0.023,-1,Echolocation,/mnt/ubna_data_02_mir/recover-20220922/UBNA_001/20220921_090000.WAV,Telephone Field,recover-20220922,001,1795
931.6675,931.7035,68437,81708,Rhinolophus ferrumequinum,0.023,0.023,-1,Echolocation,/mnt/ubna_data_02_mir/recover-20220922/UBNA_001/20220921_090000.WAV,Telephone Field,recover-20220922,001,1795
931.6755,931.6861,26328,33577,Eptesicus serotinus,0.013,0.028,-1,Echolocation,/mnt/ubna_data_02_mir/recover-20220922/UBNA_001/20220921_090000.WAV,Telephone Field,recover-20220922,001,1795
931.6845,931.6958,25468,30473,Nyctalus leisleri,0.01,0.024,-1,Echolocation,/mnt/ubna_data_02_mir/recover-20220922/UBNA_001/20220921_090000.WAV,Telephone Field,recover-20220922,001,1795
931.7055,931.7509,68437,83404,Rhinolophus ferrumequinum,0.035,0.035,-1,Echolocation,/mnt/ubna_data_02_mir/recover-20220922/UBNA_001/20220921_090000.WAV,Telephone Field,recover-20220922,001,1795
931.7745,931.8118,68437,81549,Rhinolophus ferrumequinum,0.022,0.022,-1,Echolocation,/mnt/ubna_data_02_mir/recover-20220922/UBNA_001/20220921_090000.WAV,Telephone Field,recover-20220922,001,1795
931.8105,931.8225,55546,60260,Pipistrellus pygmaeus,0.021,0.025,-1,Echolocation,/mnt/ubna_data_02_mir/recover-20220922/UBNA_001/20220921_090000.WAV,Telephone Field,recover-20220922,001,1795
931.8285,931.8691,68437,82483,Rhinolophus ferrumequinum,0.025,0.025,-1,Echolocation,/mnt/ubna_data_02_mir/recover-20220922/UBNA_001/20220921_090000.WAV,Telephone Field,recover-20220922,001,1795
931.8345,931.844,28046,37289,Eptesicus serotinus,0.009,0.024,-1,Echolocation,/mnt/ubna_data_02_mir/recover-20220922/UBNA_001/20220921_090000.WAV,Telephone Field,recover-20220922,001,1795
931.8505,931.8611,25468,31217,Nyctalus leisleri,0.01,0.026,-1,Echolocation,/mnt/ubna_data_02_mir/recover-20220922/UBNA_001/20220921_090000.WAV,Telephone Field,recover-20220922,001,1795
931.8805,931.889,28046,39056,Eptesicus serotinus,0.007,0.022,-1,Echolocation,/mnt/ubna_data_02_mir/recover-20220922/UBNA_001/20220921_090000.WAV,Telephone Field,recover-20220922,001,1795
931.8875,931.8978,23750,29485,Nyctalus leisleri,0.01,0.022,-1,Echolocation,/mnt/ubna_data_02_mir/recover-20220922/UBNA_001/20220921_090000.WAV,Telephone Field,recover-20220922,001,1795
931.8885,931.9293,68437,82420,Rhinolophus ferrumequinum,0.027,0.027,-1,Echolocation,/mnt/ubna_data_02_mir/recover-20220922/UBNA_001/20220921_090000.WAV,Telephone Field,recover-20220922,001,1795
931.9045,931.9126,28046,38500,Eptesicus serotinus,0.008,0.023,-1,Echolocation,/mnt/ubna_data_02_mir/recover-20220922/UBNA_001/20220921_090000.WAV,Telephone Field,recover-20220922,001,1795
931.9085,931.9463,68437,81532,Rhinolophus ferrumequinum,0.021,0.021,-1,Echolocation,/mnt/ubna_data_02_mir/recover-20220922/UBNA_001/20220921_090000.WAV,Telephone Field,recover-20220922,001,1795
931.9835,931.9918,28046,40374,Eptesicus serotinus,0.007,0.021,-1,Echolocation,/mnt/ubna_data_02_mir/recover-20220922/UBNA_001/20220921_090000.WAV,Telephone Field,recover-20220922,001,1795
932.0015,932.0347,68437,80126,Rhinolophus ferrumequinum,0.042,0.043,-1,Echolocation,/mnt/ubna_data_02_mir/recover-20220922/UBNA_001/20220921_090000.WAV,Telephone Field,recover-20220922,001,1795
932.0015,932.0112,47812,54713,Pipistrellus pipistrellus,0.015,0.023,-1,Echolocation,/mnt/ubna_data_02_mir/recover-20220922/UBNA_001/20220921_090000.WAV,Telephone Field,recover-20220922,001,1795
932.0015,932.0104,25468,34499,Nyctalus leisleri,0.008,0.028,-1,Echolocation,/mnt/ubna_data_02_mir/recover-20220922/UBNA_001/20220921_090000.WAV,Telephone Field,recover-20220922,001,1795
932.0085,932.0485,68437,81833,Rhinolophus ferrumequinum,0.021,0.021,-1,Echolocation,/mnt/ubna_data_02_mir/recover-20220922/UBNA_001/20220921_090000.WAV,Telephone Field,recover-20220922,001,1795
932.0235,932.0649,68437,82525,Rhinolophus ferrumequinum,0.021,0.021,-1,Echolocation,/mnt/ubna_data_02_mir/recover-20220922/UBNA_001/20220921_090000.WAV,Telephone Field,recover-20220922,001,1795
932.0275,932.0382,22890,27964,Nyctalus leisleri,0.011,0.023,-1,Echolocation,/mnt/ubna_data_02_mir/recover-20220922/UBNA_001/20220921_090000.WAV,Telephone Field,recover-20220922,001,1795
932.0405,932.0801,68437,82308,Rhinolophus ferrumequinum,0.021,0.021,-1,Echolocation,/mnt/ubna_data_02_mir/recover-20220922/UBNA_001/20220921_090000.WAV,Telephone Field,recover-20220922,001,1795
932.0615,932.1017,68437,82037,Rhinolophus ferrumequinum,0.021,0.021,-1,Echolocation,/mnt/ubna_data_02_mir/recover-20220922/UBNA_001/20220921_090000.WAV,Telephone Field,recover-20220922,001,1795
932.0735,932.0877,25468,29855,Nyctalus leisleri,0.019,0.038,-1,Echolocation,/mnt/ubna_data_02_mir/recover-20220922/UBNA_001/20220921_090000.WAV,Telephone Field,recover-20220922,001,1795
932.0885,932.0977,31484,39764,Myotis daubentonii,0.009,0.022,-1,Echolocation,/mnt/ubna_data_02_mir/recover-20220922/UBNA_001/20220921_090000.WAV,Telephone Field,recover-20220922,001,1795
932.1205,932.163,68437,83129,Rhinolophus ferrumequinum,0.028,0.028,-1,Echolocation,/mnt/ubna_data_02_mir/recover-20220922/UBNA_001/20220921_090000.WAV,Telephone Field,recover-20220922,001,1795
932.1425,932.1794,68437,81759,Rhinolophus ferrumequinum,0.023,0.023,-1,Echolocation,/mnt/ubna_data_02_mir/recover-20220922/UBNA_001/20220921_090000.WAV,Telephone Field,recover-20220922,001,1795
932.1455,932.1542,25468,33373,Eptesicus serotinus,0.007,0.021,-1,Echolocation,/mnt/ubna_data_02_mir/recover-20220922/UBNA_001/20220921_090000.WAV,Telephone Field,recover-20220922,001,1795
932.1515,932.1613,28046,35914,Eptesicus serotinus,0.009,0.022,-1,Echolocation,/mnt/ubna_data_02_mir/recover-20220922/UBNA_001/20220921_090000.WAV,Telephone Field,recover-20220922,001,1795
932.1755,932.2146,68437,82298,Rhinolophus ferrumequinum,0.022,0.022,-1,Echolocation,/mnt/ubna_data_02_mir/recover-20220922/UBNA_001/20220921_090000.WAV,Telephone Field,recover-20220922,001,1795
932.1885,932.2259,68437,81632,Rhinolophus ferrumequinum,0.022,0.022,-1,Echolocation,/mnt/ubna_data_02_mir/recover-20220922/UBNA_001/20220921_090000.WAV,Telephone Field,recover-20220922,001,1795
932.2635,932.274,26328,33903,Eptesicus serotinus,0.013,0.026,-1,Echolocation,/mnt/ubna_data_02_mir/recover-20220922/UBNA_001/20220921_090000.WAV,Telephone Field,recover-20220922,001,1795
932.2925,932.3297,68437,81418,Rhinolophus ferrumequinum,0.021,0.021,-1,Echolocation,/mnt/ubna_data_02_mir/recover-20220922/UBNA_001/20220921_090000.WAV,Telephone Field,recover-20220922,001,1795
932.3035,932.3395,68437,80852,Rhinolophus ferrumequinum,0.02,0.02,-1,Echolocation,/mnt/ubna_data_02_mir/recover-20220922/UBNA_001/20220921_090000.WAV,Telephone Field,recover-20220922,001,1795
932.3115,932.3495,68437,81733,Rhinolophus ferrumequinum,0.021,0.021,-1,Echolocation,/mnt/ubna_data_02_mir/recover-20220922/UBNA_001/20220921_090000.WAV,Telephone Field,recover-20220922,001,1795
932.3465,932.3553,28906,37023,Eptesicus serotinus,0.01,0.025,-1,Echolocation,/mnt/ubna_data_02_mir/recover-20220922/UBNA_001/20220921_090000.WAV,Telephone Field,recover-20220922,001,1795
932.3515,932.386,68437,80785,Rhinolophus ferrumequinum,0.022,0.022,-1,Echolocation,/mnt/ubna_data_02_mir/recover-20220922/UBNA_001/20220921_090000.WAV,Telephone Field,recover-20220922,001,1795
932.3915,932.4358,68437,83071,Rhinolophus ferrumequinum,0.035,0.036,-1,Echolocation,/mnt/ubna_data_02_mir/recover-20220922/UBNA_001/20220921_090000.WAV,Telephone Field,recover-20220922,001,1795
932.4195,932.4554,68437,81700,Rhinolophus ferrumequinum,0.021,0.021,-1,Echolocation,/mnt/ubna_data_02_mir/recover-20220922/UBNA_001/20220921_090000.WAV,Telephone Field,recover-20220922,001,1795
932.4635,932.4744,22890,28112,Nyctalus leisleri,0.011,0.021,-1,Echolocation,/mnt/ubna_data_02_mir/recover-20220922/UBNA_001/20220921_090000.WAV,Telephone Field,recover-20220922,001,1795
932.4725,932.4834,22890,27098,Nyctalus leisleri,0.011,0.021,-1,Echolocation,/mnt/ubna_data_02_mir/recover-20220922/UBNA_001/20220921_090000.WAV,Telephone Field,recover-20220922,001,1795
932.4985,932.5355,68437,81793,Rhinolophus ferrumequinum,0.021,0.021,-1,Echolocation,/mnt/ubna_data_02_mir/recover-20220922/UBNA_001/20220921_090000.WAV,Telephone Field,recover-20220922,001,1795
932.5135,932.5234,28046,37600,Eptesicus serotinus,0.01,0.025,-1,Echolocation,/mnt/ubna_data_02_mir/recover-20220922/UBNA_001/20220921_090000.WAV,Telephone Field,recover-20220922,001,1795
932.5135,932.5543,68437,82944,Rhinolophus ferrumequinum,0.032,0.032,-1,Echolocation,/mnt/ubna_data_02_mir/recover-20220922/UBNA_001/20220921_090000.WAV,Telephone Field,recover-20220922,001,1795
932.5475,932.5696,20312,23152,Nyctalus leisleri,0.024,0.046,-1,Echolocation,/mnt/ubna_data_02_mir/recover-20220922/UBNA_001/20220921_090000.WAV,Telephone Field,recover-20220922,001,1795
932.5685,932.5824,22890,27850,Nyctalus leisleri,0.016,0.029,-1,Echolocation,/mnt/ubna_data_02_mir/recover-20220922/UBNA_001/20220921_090000.WAV,Telephone Field,recover-20220922,001,1795
932.5755,932.5895,23750,27855,Nyctalus leisleri,0.02,0.034,-1,Echolocation,/mnt/ubna_data_02_mir/recover-20220922/UBNA_001/20220921_090000.WAV,Telephone Field,recover-20220922,001,1795
932.5855,932.6219,68437,81010,Rhinolophus ferrumequinum,0.022,0.022,-1,Echolocation,/mnt/ubna_data_02_mir/recover-20220922/UBNA_001/20220921_090000.WAV,Telephone Field,recover-20220922,001,1795
932.5975,932.6359,68437,81805,Rhinolophus ferrumequinum,0.021,0.021,-1,Echolocation,/mnt/ubna_data_02_mir/recover-20220922/UBNA_001/20220921_090000.WAV,Telephone Field,recover-20220922,001,1795
932.6065,932.6451,68437,82081,Rhinolophus ferrumequinum,0.02,0.02,-1,Echolocation,/mnt/ubna_data_02_mir/recover-20220922/UBNA_001/20220921_090000.WAV,Telephone Field,recover-20220922,001,1795
932.6325,932.6681,68437,81682,Rhinolophus ferrumequinum,0.02,0.021,-1,Echolocation,/mnt/ubna_data_02_mir/recover-20220922/UBNA_001/20220921_090000.WAV,Telephone Field,recover-20220922,001,1795
932.6425,932.6508,27187,37194,Eptesicus serotinus,0.008,0.021,-1,Echolocation,/mnt/ubna_data_02_mir/recover-20220922/UBNA_001/20220921_090000.WAV,Telephone Field,recover-20220922,001,1795
932.6675,932.7061,68437,82339,Rhinolophus ferrumequinum,0.025,0.025,-1,Echolocation,/mnt/ubna_data_02_mir/recover-20220922/UBNA_001/20220921_090000.WAV,Telephone Field,recover-20220922,001,1795
932.6705,932.6785,27187,36918,Eptesicus serotinus,0.007,0.022,-1,Echolocation,/mnt/ubna_data_02_mir/recover-20220922/UBNA_001/20220921_090000.WAV,Telephone Field,recover-20220922,001,1795
932.6965,932.739,68437,82579,Rhinolophus ferrumequinum,0.022,0.022,-1,Echolocation,/mnt/ubna_data_02_mir/recover-20220922/UBNA_001/20220921_090000.WAV,Telephone Field,recover-20220922,001,1795
932.7105,932.7188,24609,31955,Eptesicus serotinus,0.006,0.021,-1,Echolocation,/mnt/ubna_data_02_mir/recover-20220922/UBNA_001/20220921_090000.WAV,Telephone Field,recover-20220922,001,1795
932.7365,932.7445,28046,38815,Eptesicus serotinus,0.007,0.023,-1,Echolocation,/mnt/ubna_data_02_mir/recover-20220922/UBNA_001/20220921_090000.WAV,Telephone Field,recover-20220922,001,1795
932.7465,932.7841,68437,81707,Rhinolophus ferrumequinum,0.024,0.024,-1,Echolocation,/mnt/ubna_data_02_mir/recover-20220922/UBNA_001/20220921_090000.WAV,Telephone Field,recover-20220922,001,1795
932.8095,932.8473,68437,82426,Rhinolophus ferrumequinum,0.023,0.023,-1,Echolocation,/mnt/ubna_data_02_mir/recover-20220922/UBNA_001/20220921_090000.WAV,Telephone Field,recover-20220922,001,1795
932.8405,932.8551,22031,25793,Nyctalus leisleri,0.015,0.025,-1,Echolocation,/mnt/ubna_data_02_mir/recover-20220922/UBNA_001/20220921_090000.WAV,Telephone Field,recover-20220922,001,1795
932.8445,932.8869,68437,83136,Rhinolophus ferrumequinum,0.026,0.026,-1,Echolocation,/mnt/ubna_data_02_mir/recover-20220922/UBNA_001/20220921_090000.WAV,Telephone Field,recover-20220922,001,1795
932.8875,932.9268,68437,81909,Rhinolophus ferrumequinum,0.021,0.021,-1,Echolocation,/mnt/ubna_data_02_mir/recover-20220922/UBNA_001/20220921_090000.WAV,Telephone Field,recover-20220922,001,1795
932.9005,932.9105,28046,37890,Eptesicus serotinus,0.01,0.023,-1,Echolocation,/mnt/ubna_data_02_mir/recover-20220922/UBNA_001/20220921_090000.WAV,Telephone Field,recover-20220922,001,1795
932.9295,932.9409,22890,27185,Nyctalus leisleri,0.011,0.021,-1,Echolocation,/mnt/ubna_data_02_mir/recover-20220922/UBNA_001/20220921_090000.WAV,Telephone Field,recover-20220922,001,1795
932.9395,932.9816,68437,82942,Rhinolophus ferrumequinum,0.025,0.025,-1,Echolocation,/mnt/ubna_data_02_mir/recover-20220922/UBNA_001/20220921_090000.WAV,Telephone Field,recover-20220922,001,1795
932.9665,933.0048,68437,82336,Rhinolophus ferrumequinum,0.023,0.023,-1,Echolocation,/mnt/ubna_data_02_mir/recover-20220922/UBNA_001/20220921_090000.WAV,Telephone Field,recover-20220922,001,1795
932.9785,933.0181,68437,82615,Rhinolophus ferrumequinum,0.023,0.023,-1,Echolocation,/mnt/ubna_data_02_mir/recover-20220922/UBNA_001/20220921_090000.WAV,Telephone Field,recover-20220922,001,1795
932.9875,933.0247,68437,82033,Rhinolophus ferrumequinum,0.021,0.021,-1,Echolocation,/mnt/ubna_data_02_mir/recover-20220922/UBNA_001/20220921_090000.WAV,Telephone Field,recover-20220922,001,1795
932.9965,933.0367,68437,82821,Rhinolophus ferrumequinum,0.023,0.023,-1,Echolocation,/mnt/ubna_data_02_mir/recover-20220922/UBNA_001/20220921_090000.WAV,Telephone Field,recover-20220922,001,1795
933.0065,933.0133,34062,42396,Myotis daubentonii,0.012,0.026,-1,Echolocation,/mnt/ubna_data_02_mir/recover-20220922/UBNA_001/20220921_090000.WAV,Telephone Field,recover-20220922,001,1795
933.0205,933.0564,68437,81723,Rhinolophus ferrumequinum,0.026,0.027,-1,Echolocation,/mnt/ubna_data_02_mir/recover-20220922/UBNA_001/20220921_090000.WAV,Telephone Field,recover-20220922,001,1795
933.0445,933.0839,68437,82602,Rhinolophus ferrumequinum,0.027,0.027,-1,Echolocation,/mnt/ubna_data_02_mir/recover-20220922/UBNA_001/20220921_090000.WAV,Telephone Field,recover-20220922,001,1795
933.0545,933.0636,22890,29466,Plecotus austriacus,0.008,0.023,-1,Echolocation,/mnt/ubna_data_02_mir/recover-20220922/UBNA_001/20220921_090000.WAV,Telephone Field,recover-20220922,001,1795
933.0595,933.069,48671,52896,Pipistrellus pipistrellus,0.026,0.029,-1,Echolocation,/mnt/ubna_data_02_mir/recover-20220922/UBNA_001/20220921_090000.WAV,Telephone Field,recover-20220922,001,1795
933.0705,933.1111,68437,82059,Rhinolophus ferrumequinum,0.022,0.022,-1,Echolocation,/mnt/ubna_data_02_mir/recover-20220922/UBNA_001/20220921_090000.WAV,Telephone Field,recover-20220922,001,1795
933.0785,933.1178,68437,82488,Rhinolophus ferrumequinum,0.023,0.023,-1,Echolocation,/mnt/ubna_data_02_mir/recover-20220922/UBNA_001/20220921_090000.WAV,Telephone Field,recover-20220922,001,1795
933.1075,933.149,68437,82708,Rhinolophus ferrumequinum,0.021,0.021,-1,Echolocation,/mnt/ubna_data_02_mir/recover-20220922/UBNA_001/20220921_090000.WAV,Telephone Field,recover-20220922,001,1795
933.1305,933.1728,68437,82408,Rhinolophus ferrumequinum,0.026,0.026,-1,Echolocation,/mnt/ubna_data_02_mir/recover-20220922/UBNA_001/20220921_090000.WAV,Telephone Field,recover-20220922,001,1795
933.1495,933.193,68437,83599,Rhinolophus ferrumequinum,0.046,0.046,-1,Echolocation,/mnt/ubna_data_02_mir/recover-20220922/UBNA_001/20220921_090000.WAV,Telephone Field,recover-20220922,001,1795
933.1735,933.2125,68437,82703,Rhinolophus ferrumequinum,0.024,0.024,-1,Echolocation,/mnt/ubna_data_02_mir/recover-20220922/UBNA_001/20220921_090000.WAV,Telephone Field,recover-20220922,001,1795
933.1935,933.234,68437,82439,Rhinolophus ferrumequinum,0.036,0.036,-1,Echolocation,/mnt/ubna_data_02_mir/recover-20220922/UBNA_001/20220921_090000.WAV,Telephone Field,recover-20220922,001,1795
933.2045,933.2121,23750,32240,Plecotus austriacus,0.014,0.029,-1,Echolocation,/mnt/ubna_data_02_mir/recover-20220922/UBNA_001/20220921_090000.WAV,Telephone Field,recover-20220922,001,1795
933.2335,933.2698,68437,81026,Rhinolophus ferrumequinum,0.021,0.021,-1,Echolocation,/mnt/ubna_data_02_mir/recover-20220922/UBNA_001/20220921_090000.WAV,Telephone Field,recover-20220922,001,1795
933.2415,933.2815,68437,82033,Rhinolophus ferrumequinum,0.021,0.021,-1,Echolocation,/mnt/ubna_data_02_mir/recover-20220922/UBNA_001/20220921_090000.WAV,Telephone Field,recover-20220922,001,1795
933.2605,933.2705,28046,36117,Eptesicus serotinus,0.009,0.022,-1,Echolocation,/mnt/ubna_data_02_mir/recover-20220922/UBNA_001/20220921_090000.WAV,Telephone Field,recover-20220922,001,1795
933.2825,933.3167,68437,81196,Rhinolophus ferrumequinum,0.021,0.021,-1,Echolocation,/mnt/ubna_data_02_mir/recover-20220922/UBNA_001/20220921_090000.WAV,Telephone Field,recover-20220922,001,1795
933.2955,933.3321,68437,81498,Rhinolophus ferrumequinum,0.022,0.022,-1,Echolocation,/mnt/ubna_data_02_mir/recover-20220922/UBNA_001/20220921_090000.WAV,Telephone Field,recover-20220922,001,1795
933.3355,933.3437,27187,37499,Eptesicus serotinus,0.007,0.024,-1,Echolocation,/mnt/ubna_data_02_mir/recover-20220922/UBNA_001/20220921_090000.WAV,Telephone Field,recover-20220922,001,1795
933.3615,933.4031,68437,82512,Rhinolophus ferrumequinum,0.027,0.027,-1,Echolocation,/mnt/ubna_data_02_mir/recover-20220922/UBNA_001/20220921_090000.WAV,Telephone Field,recover-20220922,001,1795
933.4215,933.459,68437,82016,Rhinolophus ferrumequinum,0.025,0.025,-1,Echolocation,/mnt/ubna_data_02_mir/recover-20220922/UBNA_001/20220921_090000.WAV,Telephone Field,recover-20220922,001,1795
933.4385,933.4513,22890,27639,Nyctalus leisleri,0.013,0.024,-1,Echolocation,/mnt/ubna_data_02_mir/recover-20220922/UBNA_001/20220921_090000.WAV,Telephone Field,recover-20220922,001,1795
933.4395,933.4778,68437,81746,Rhinolophus ferrumequinum,0.024,0.024,-1,Echolocation,/mnt/ubna_data_02_mir/recover-20220922/UBNA_001/20220921_090000.WAV,Telephone Field,recover-20220922,001,1795
933.4575,933.4677,28046,36455,Eptesicus serotinus,0.021,0.036,-1,Echolocation,/mnt/ubna_data_02_mir/recover-20220922/UBNA_001/20220921_090000.WAV,Telephone Field,recover-20220922,001,1795
933.4825,933.5228,68437,83032,Rhinolophus ferrumequinum,0.029,0.029,-1,Echolocation,/mnt/ubna_data_02_mir/recover-20220922/UBNA_001/20220921_090000.WAV,Telephone Field,recover-20220922,001,1795
933.5155,933.5515,68437,81861,Rhinolophus ferrumequinum,0.022,0.022,-1,Echolocation,/mnt/ubna_data_02_mir/recover-20220922/UBNA_001/20220921_090000.WAV,Telephone Field,recover-20220922,001,1795
933.5365,933.5443,27187,37825,Eptesicus serotinus,0.006,0.02,-1,Echolocation,/mnt/ubna_data_02_mir/recover-20220922/UBNA_001/20220921_090000.WAV,Telephone Field,recover-20220922,001,1795
933.5445,933.5859,68437,82490,Rhinolophus ferrumequinum,0.022,0.022,-1,Echolocation,/mnt/ubna_data_02_mir/recover-20220922/UBNA_001/20220921_090000.WAV,Telephone Field,recover-20220922,001,1795
933.5775,933.6173,68437,82092,Rhinolophus ferrumequinum,0.023,0.023,-1,Echolocation,/mnt/ubna_data_02_mir/recover-20220922/UBNA_001/20220921_090000.WAV,Telephone Field,recover-20220922,001,1795
933.5905,933.6314,68437,82794,Rhinolophus ferrumequinum,0.031,0.031,-1,Echolocation,/mnt/ubna_data_02_mir/recover-20220922/UBNA_001/20220921_090000.WAV,Telephone Field,recover-20220922,001,1795
933.6345,933.6764,68437,82906,Rhinolophus ferrumequinum,0.025,0.025,-1,Echolocation,/mnt/ubna_data_02_mir/recover-20220922/UBNA_001/20220921_090000.WAV,Telephone Field,recover-20220922,001,1795
933.6355,933.6443,24609,31942,Eptesicus serotinus,0.006,0.021,-1,Echolocation,/mnt/ubna_data_02_mir/recover-20220922/UBNA_001/20220921_090000.WAV,Telephone Field,recover-20220922,001,1795
933.6415,933.6513,28906,36901,Eptesicus serotinus,0.009,0.022,-1,Echolocation,/mnt/ubna_data_02_mir/recover-20220922/UBNA_001/20220921_090000.WAV,Telephone Field,recover-20220922,001,1795
933.6535,933.6612,26328,34867,Eptesicus serotinus,0.007,0.021,-1,Echolocation,/mnt/ubna_data_02_mir/recover-20220922/UBNA_001/20220921_090000.WAV,Telephone Field,recover-20220922,001,1795
933.6545,933.6931,68437,82378,Rhinolophus ferrumequinum,0.02,0.02,-1,Echolocation,/mnt/ubna_data_02_mir/recover-20220922/UBNA_001/20220921_090000.WAV,Telephone Field,recover-20220922,001,1795
933.6725,933.6819,24609,31271,Nyctalus leisleri,0.007,0.021,-1,Echolocation,/mnt/ubna_data_02_mir/recover-20220922/UBNA_001/20220921_090000.WAV,Telephone Field,recover-20220922,001,1795
933.6815,933.7214,68437,82405,Rhinolophus ferrumequinum,0.025,0.025,-1,Echolocation,/mnt/ubna_data_02_mir/recover-20220922/UBNA_001/20220921_090000.WAV,Telephone Field,recover-20220922,001,1795
933.6985,933.7375,68437,81841,Rhinolophus ferrumequinum,0.021,0.022,-1,Echolocation,/mnt/ubna_data_02_mir/recover-20220922/UBNA_001/20220921_090000.WAV,Telephone Field,recover-20220922,001,1795
933.7155,933.7519,68437,81293,Rhinolophus ferrumequinum,0.023,0.023,-1,Echolocation,/mnt/ubna_data_02_mir/recover-20220922/UBNA_001/20220921_090000.WAV,Telephone Field,recover-20220922,001,1795
933.7455,933.7841,68437,82217,Rhinolophus ferrumequinum,0.023,0.023,-1,Echolocation,/mnt/ubna_data_02_mir/recover-20220922/UBNA_001/20220921_090000.WAV,Telephone Field,recover-20220922,001,1795
933.7535,933.7925,68437,82163,Rhinolophus ferrumequinum,0.023,0.023,-1,Echolocation,/mnt/ubna_data_02_mir/recover-20220922/UBNA_001/20220921_090000.WAV,Telephone Field,recover-20220922,001,1795
933.7805,933.8219,68437,82607,Rhinolophus ferrumequinum,0.027,0.027,-1,Echolocation,/mnt/ubna_data_02_mir/recover-20220922/UBNA_001/20220921_090000.WAV,Telephone Field,recover-20220922,001,1795
933.7925,933.8299,68437,82141,Rhinolophus ferrumequinum,0.02,0.02,-1,Echolocation,/mnt/ubna_data_02_mir/recover-20220922/UBNA_001/20220921_090000.WAV,Telephone Field,recover-20220922,001,1795
933.7975,933.8088,23750,29590,Nyctalus leisleri,0.015,0.032,-1,Echolocation,/mnt/ubna_data_02_mir/recover-20220922/UBNA_001/20220921_090000.WAV,Telephone Field,recover-20220922,001,1795
933.8015,933.838,68437,81663,Rhinolophus ferrumequinum,0.022,0.023,-1,Echolocation,/mnt/ubna_data_02_mir/recover-20220922/UBNA_001/20220921_090000.WAV,Telephone Field,recover-20220922,001,1795
933.8105,933.8209,23750,30070,Nyctalus leisleri,0.009,0.023,-1,Echolocation,/mnt/ubna_data_02_mir/recover-20220922/UBNA_001/20220921_090000.WAV,Telephone Field,recover-20220922,001,1795
933.8255,933.8653,68437,82569,Rhinolophus ferrumequinum,0.032,0.032,-1,Echolocation,/mnt/ubna_data_02_mir/recover-20220922/UBNA_001/20220921_090000.WAV,Telephone Field,recover-20220922,001,1795
933.8535,933.888,68437,80893,Rhinolophus ferrumequinum,0.022,0.022,-1,Echolocation,/mnt/ubna_data_02_mir/recover-20220922/UBNA_001/20220921_090000.WAV,Telephone Field,recover-20220922,001,1795
933.8595,933.8678,28046,38292,Eptesicus serotinus,0.008,0.023,-1,Echolocation,/mnt/ubna_data_02_mir/recover-20220922/UBNA_001/20220921_090000.WAV,Telephone Field,recover-20220922,001,1795
933.8845,933.927,68437,82474,Rhinolophus ferrumequinum,0.025,0.025,-1,Echolocation,/mnt/ubna_data_02_mir/recover-20220922/UBNA_001/20220921_090000.WAV,Telephone Field,recover-20220922,001,1795
933.8995,933.9399,68437,82520,Rhinolophus ferrumequinum,0.027,0.027,-1,Echolocation,/mnt/ubna_data_02_mir/recover-20220922/UBNA_001/20220921_090000.WAV,Telephone Field,recover-20220922,001,1795
933.9345,933.9735,68437,81921,Rhinolophus ferrumequinum,0.022,0.022,-1,Echolocation,/mnt/ubna_data_02_mir/recover-20220922/UBNA_001/20220921_090000.WAV,Telephone Field,recover-20220922,001,1795
934.0015,934.011,22890,28681,Nyctalus leisleri,0.014,0.031,-1,Echolocation,/mnt/ubna_data_02_mir/recover-20220922/UBNA_001/20220921_090000.WAV,Telephone Field,recover-20220922,001,1795
934.0015,934.0102,45234,50969,Pipistrellus pipistrellus,0.016,0.021,-1,Echolocation,/mnt/ubna_data_02_mir/recover-20220922/UBNA_001/20220921_090000.WAV,Telephone Field,recover-20220922,001,1795
934.0025,934.0399,68437,82609,Rhinolophus ferrumequinum,0.023,0.025,-1,Echolocation,/mnt/ubna_data_02_mir/recover-20220922/UBNA_001/20220921_090000.WAV,Telephone Field,recover-20220922,001,1795
934.0185,934.0284,22031,27194,Nyctalus leisleri,0.009,0.022,-1,Echolocation,/mnt/ubna_data_02_mir/recover-20220922/UBNA_001/20220921_090000.WAV,Telephone Field,recover-20220922,001,1795
934.0215,934.0649,68437,83183,Rhinolophus ferrumequinum,0.047,0.047,-1,Echolocation,/mnt/ubna_data_02_mir/recover-20220922/UBNA_001/20220921_090000.WAV,Telephone Field,recover-20220922,001,1795
934.0425,934.0793,68437,81791,Rhinolophus ferrumequinum,0.02,0.021,-1,Echolocation,/mnt/ubna_data_02_mir/recover-20220922/UBNA_001/20220921_090000.WAV,Telephone Field,recover-20220922,001,1795
934.0565,934.0659,22031,28884,Plecotus austriacus,0.014,0.031,-1,Echolocation,/mnt/ubna_data_02_mir/recover-20220922/UBNA_001/20220921_090000.WAV,Telephone Field,recover-20220922,001,1795
934.0755,934.1118,68437,81821,Rhinolophus ferrumequinum,0.023,0.023,-1,Echolocation,/mnt/ubna_data_02_mir/recover-20220922/UBNA_001/20220921_090000.WAV,Telephone Field,recover-20220922,001,1795
934.1045,934.1443,68437,81963,Rhinolophus ferrumequinum,0.026,0.026,-1,Echolocation,/mnt/ubna_data_02_mir/recover-20220922/UBNA_001/20220921_090000.WAV,Telephone Field,recover-20220922,001,1795
934.1255,934.1644,68437,82101,Rhinolophus ferrumequinum,0.02,0.021,-1,Echolocation,/mnt/ubna_data_02_mir/recover-20220922/UBNA_001/20220921_090000.WAV,Telephone Field,recover-20220922,001,1795
934.1415,934.1798,68437,82243,Rhinolophus ferrumequinum,0.028,0.028,-1,Echolocation,/mnt/ubna_data_02_mir/recover-20220922/UBNA_001/20220921_090000.WAV,Telephone Field,recover-20220922,001,1795
934.1435,934.1507,24609,33230,Plecotus austriacus,0.008,0.021,-1,Echolocation,/mnt/ubna_data_02_mir/recover-20220922/UBNA_001/20220921_090000.WAV,Telephone Field,recover-20220922,001,1795
934.1675,934.2064,68437,82139,Rhinolophus ferrumequinum,0.02,0.021,-1,Echolocation,/mnt/ubna_data_02_mir/recover-20220922/UBNA_001/20220921_090000.WAV,Telephone Field,recover-20220922,001,1795
934.1735,934.1847,29765,37076,Eptesicus serotinus,0.01,0.026,-1,Echolocation,/mnt/ubna_data_02_mir/recover-20220922/UBNA_001/20220921_090000.WAV,Telephone Field,recover-20220922,001,1795
934.2185,934.2302999999999,23750,29603,Nyctalus leisleri,0.012,0.028,-1,Echolocation,/mnt/ubna_data_02_mir/recover-20220922/UBNA_001/20220921_090000.WAV,Telephone Field,recover-20220922,001,1795
934.2355,934.2747,68437,82306,Rhinolophus ferrumequinum,0.021,0.021,-1,Echolocation,/mnt/ubna_data_02_mir/recover-20220922/UBNA_001/20220921_090000.WAV,Telephone Field,recover-20220922,001,1795
934.2685,934.2816,24609,30795,Nyctalus leisleri,0.013,0.033,-1,Echolocation,/mnt/ubna_data_02_mir/recover-20220922/UBNA_001/20220921_090000.WAV,Telephone Field,recover-20220922,001,1795
934.3035,934.345,68437,82918,Rhinolophus ferrumequinum,0.025,0.025,-1,Echolocation,/mnt/ubna_data_02_mir/recover-20220922/UBNA_001/20220921_090000.WAV,Telephone Field,recover-20220922,001,1795
934.3265,934.338,28906,35214,Eptesicus serotinus,0.014,0.027,-1,Echolocation,/mnt/ubna_data_02_mir/recover-20220922/UBNA_001/20220921_090000.WAV,Telephone Field,recover-20220922,001,1795
934.3615,934.4,68437,81982,Rhinolophus ferrumequinum,0.025,0.025,-1,Echolocation,/mnt/ubna_data_02_mir/recover-20220922/UBNA_001/20220921_090000.WAV,Telephone Field,recover-20220922,001,1795
934.3635,934.3841,18593,22090,Nyctalus noctula,0.018,0.029,-1,Echolocation,/mnt/ubna_data_02_mir/recover-20220922/UBNA_001/20220921_090000.WAV,Telephone Field,recover-20220922,001,1795
934.3745,934.414,68437,82380,Rhinolophus ferrumequinum,0.022,0.022,-1,Echolocation,/mnt/ubna_data_02_mir/recover-20220922/UBNA_001/20220921_090000.WAV,Telephone Field,recover-20220922,001,1795
934.3835,934.4221,68437,81831,Rhinolophus ferrumequinum,0.022,0.022,-1,Echolocation,/mnt/ubna_data_02_mir/recover-20220922/UBNA_001/20220921_090000.WAV,Telephone Field,recover-20220922,001,1795
934.3905,934.4283,68437,81767,Rhinolophus ferrumequinum,0.021,0.021,-1,Echolocation,/mnt/ubna_data_02_mir/recover-20220922/UBNA_001/20220921_090000.WAV,Telephone Field,recover-20220922,001,1795
934.4055,934.4429,68437,81481,Rhinolophus ferrumequinum,0.021,0.021,-1,Echolocation,/mnt/ubna_data_02_mir/recover-20220922/UBNA_001/20220921_090000.WAV,Telephone Field,recover-20220922,001,1795
934.4235,934.4635,68437,82427,Rhinolophus ferrumequinum,0.028,0.028,-1,Echolocation,/mnt/ubna_data_02_mir/recover-20220922/UBNA_001/20220921_090000.WAV,Telephone Field,recover-20220922,001,1795
934.4595,934.5014,68437,82647,Rhinolophus ferrumequinum,0.023,0.023,-1,Echolocation,/mnt/ubna_data_02_mir/recover-20220922/UBNA_001/20220921_090000.WAV,Telephone Field,recover-20220922,001,1795
934.4695,934.5131,68437,82991,Rhinolophus ferrumequinum,0.031,0.031,-1,Echolocation,/mnt/ubna_data_02_mir/recover-20220922/UBNA_001/20220921_090000.WAV,Telephone Field,recover-20220922,001,1795
934.4795,934.5159,68437,81671,Rhinolophus ferrumequinum,0.021,0.021,-1,Echolocation,/mnt/ubna_data_02_mir/recover-20220922/UBNA_001/20220921_090000.WAV,Telephone Field,recover-20220922,001,1795
934.4805,934.4886,49531,54942,Pipistrellus pipistrellus,0.02,0.022,-1,Echolocation,/mnt/ubna_data_02_mir/recover-20220922/UBNA_001/20220921_090000.WAV,Telephone Field,recover-20220922,001,1795
934.5205,934.56,68437,81374,Rhinolophus ferrumequinum,0.023,0.023,-1,Echolocation,/mnt/ubna_data_02_mir/recover-20220922/UBNA_001/20220921_090000.WAV,Telephone Field,recover-20220922,001,1795
934.5295,934.5397,22031,26970,Nyctalus leisleri,0.01,0.021,-1,Echolocation,/mnt/ubna_data_02_mir/recover-20220922/UBNA_001/20220921_090000.WAV,Telephone Field,recover-20220922,001,1795
934.5515,934.5609,50390,55955,Pipistrellus pipistrellus,0.027,0.033,-1,Echolocation,/mnt/ubna_data_02_mir/recover-20220922/UBNA_001/20220921_090000.WAV,Telephone Field,recover-20220922,001,1795
934.5695,934.5789,22890,29541,Nyctalus leisleri,0.009,0.025,-1,Echolocation,/mnt/ubna_data_02_mir/recover-20220922/UBNA_001/20220921_090000.WAV,Telephone Field,recover-20220922,001,1795
934.5915,934.6315,68437,82283,Rhinolophus ferrumequinum,0.021,0.021,-1,Echolocation,/mnt/ubna_data_02_mir/recover-20220922/UBNA_001/20220921_090000.WAV,Telephone Field,recover-20220922,001,1795
934.6095,934.6511,68437,82737,Rhinolophus ferrumequinum,0.022,0.022,-1,Echolocation,/mnt/ubna_data_02_mir/recover-20220922/UBNA_001/20220921_090000.WAV,Telephone Field,recover-20220922,001,1795
934.6185,934.6601,68437,82304,Rhinolophus ferrumequinum,0.023,0.023,-1,Echolocation,/mnt/ubna_data_02_mir/recover-20220922/UBNA_001/20220921_090000.WAV,Telephone Field,recover-20220922,001,1795
934.6265,934.6656,68437,82046,Rhinolophus ferrumequinum,0.022,0.022,-1,Echolocation,/mnt/ubna_data_02_mir/recover-20220922/UBNA_001/20220921_090000.WAV,Telephone Field,recover-20220922,001,1795
934.6565,934.699,68437,82968,Rhinolophus ferrumequinum,0.029,0.029,-1,Echolocation,/mnt/ubna_data_02_mir/recover-20220922/UBNA_001/20220921_090000.WAV,Telephone Field,recover-20220922,001,1795
934.6755,934.7136,68437,81631,Rhinolophus ferrumequinum,0.021,0.021,-1,Echolocation,/mnt/ubna_data_02_mir/recover-20220922/UBNA_001/20220921_090000.WAV,Telephone Field,recover-20220922,001,1795
934.6825,934.7199,68437,81705,Rhinolophus ferrumequinum,0.022,0.022,-1,Echolocation,/mnt/ubna_data_02_mir/recover-20220922/UBNA_001/20220921_090000.WAV,Telephone Field,recover-20220922,001,1795
934.7025,934.7134,47812,52074,Pipistrellus pipistrellus,0.021,0.025,-1,Echolocation,/mnt/ubna_data_02_mir/recover-20220922/UBNA_001/20220921_090000.WAV,Telephone Field,recover-20220922,001,1795
934.7275,934.7671,68437,82474,Rhinolophus ferrumequinum,0.022,0.023,-1,Echolocation,/mnt/ubna_data_02_mir/recover-20220922/UBNA_001/20220921_090000.WAV,Telephone Field,recover-20220922,001,1795
934.7465,934.7829,68437,81771,Rhinolophus ferrumequinum,0.025,0.025,-1,Echolocation,/mnt/ubna_data_02_mir/recover-20220922/UBNA_001/20220921_090000.WAV,Telephone Field,recover-20220922,001,1795
934.7605,934.8019,68437,82350,Rhinolophus ferrumequinum,0.024,0.024,-1,Echolocation,/mnt/ubna_data_02_mir/recover-20220922/UBNA_001/20220921_090000.WAV,Telephone Field,recover-20220922,001,1795
934.7665,934.8087,68437,82451,Rhinolophus ferrumequinum,0.025,0.025,-1,Echolocation,/mnt/ubna_data_02_mir/recover-20220922/UBNA_001/20220921_090000.WAV,Telephone Field,recover-20220922,001,1795
934.7785,934.8185,68437,81463,Rhinolophus ferrumequinum,0.022,0.022,-1,Echolocation,/mnt/ubna_data_02_mir/recover-20220922/UBNA_001/20220921_090000.WAV,Telephone Field,recover-20220922,001,1795
934.8555,934.8912,68437,81300,Rhinolophus ferrumequinum,0.022,0.022,-1,Echolocation,/mnt/ubna_data_02_mir/recover-20220922/UBNA_001/20220921_090000.WAV,Telephone Field,recover-20220922,001,1795
934.8635,934.8731,25468,32485,Nyctalus leisleri,0.008,0.024,-1,Echolocation,/mnt/ubna_data_02_mir/recover-20220922/UBNA_001/20220921_090000.WAV,Telephone Field,recover-20220922,001,1795
934.8705,934.9123,68437,82657,Rhinolophus ferrumequinum,0.021,0.021,-1,Echolocation,/mnt/ubna_data_02_mir/recover-20220922/UBNA_001/20220921_090000.WAV,Telephone Field,recover-20220922,001,1795
934.9035,934.9169,22890,27012,Nyctalus leisleri,0.013,0.023,-1,Echolocation,/mnt/ubna_data_02_mir/recover-20220922/UBNA_001/20220921_090000.WAV,Telephone Field,recover-20220922,001,1795
934.9095,934.9489,68437,82211,Rhinolophus ferrumequinum,0.026,0.026,-1,Echolocation,/mnt/ubna_data_02_mir/recover-20220922/UBNA_001/20220921_090000.WAV,Telephone Field,recover-20220922,001,1795
934.9295,934.97,68437,82267,Rhinolophus ferrumequinum,0.023,0.023,-1,Echolocation,/mnt/ubna_data_02_mir/recover-20220922/UBNA_001/20220921_090000.WAV,Telephone Field,recover-20220922,001,1795
934.9365,934.9748,68437,81753,Rhinolophus ferrumequinum,0.021,0.021,-1,Echolocation,/mnt/ubna_data_02_mir/recover-20220922/UBNA_001/20220921_090000.WAV,Telephone Field,recover-20220922,001,1795
934.9965,935.0368,68437,82378,Rhinolophus ferrumequinum,0.021,0.021,-1,Echolocation,/mnt/ubna_data_02_mir/recover-20220922/UBNA_001/20220921_090000.WAV,Telephone Field,recover-20220922,001,1795
935.0115,935.0238,24609,30156,Nyctalus leisleri,0.01,0.023,-1,Echolocation,/mnt/ubna_data_02_mir/recover-20220922/UBNA_001/20220921_090000.WAV,Telephone Field,recover-20220922,001,1795
935.0345,935.0799,68437,83050,Rhinolophus ferrumequinum,0.032,0.032,-1,Echolocation,/mnt/ubna_data_02_mir/recover-20220922/UBNA_001/20220921_090000.WAV,Telephone Field,recover-20220922,001,1795
935.1055,935.1449,68437,81776,Rhinolophus ferrumequinum,0.023,0.023,-1,Echolocation,/mnt/ubna_data_02_mir/recover-20220922/UBNA_001/20220921_090000.WAV,Telephone Field,recover-20220922,001,1795
935.1215,935.1324,22031,26209,Nyctalus leisleri,0.011,0.02,-1,Echolocation,/mnt/ubna_data_02_mir/recover-20220922/UBNA_001/20220921_090000.WAV,Telephone Field,recover-20220922,001,1795
935.1435,935.1519,22890,30368,Plecotus austriacus,0.011,0.026,-1,Echolocation,/mnt/ubna_data_02_mir/recover-20220922/UBNA_001/20220921_090000.WAV,Telephone Field,recover-20220922,001,1795
935.1665,935.2031,68437,81452,Rhinolophus ferrumequinum,0.02,0.02,-1,Echolocation,/mnt/ubna_data_02_mir/recover-20220922/UBNA_001/20220921_090000.WAV,Telephone Field,recover-20220922,001,1795
935.1885,935.2259,68437,81879,Rhinolophus ferrumequinum,0.021,0.021,-1,Echolocation,/mnt/ubna_data_02_mir/recover-20220922/UBNA_001/20220921_090000.WAV,Telephone Field,recover-20220922,001,1795
935.2165,935.252,68437,80728,Rhinolophus ferrumequinum,0.021,0.021,-1,Echolocation,/mnt/ubna_data_02_mir/recover-20220922/UBNA_001/20220921_090000.WAV,Telephone Field,recover-20220922,001,1795
935.2395,935.2795,68437,82227,Rhinolophus ferrumequinum,0.027,0.027,-1,Echolocation,/mnt/ubna_data_02_mir/recover-20220922/UBNA_001/20220921_090000.WAV,Telephone Field,recover-20220922,001,1795
935.2675,935.3046,68437,81879,Rhinolophus ferrumequinum,0.02,0.02,-1,Echolocation,/mnt/ubna_data_02_mir/recover-20220922/UBNA_001/20220921_090000.WAV,Telephone Field,recover-20220922,001,1795
935.2875,935.2947,28046,40135,Eptesicus serotinus,0.006,0.02,-1,Echolocation,/mnt/ubna_data_02_mir/recover-20220922/UBNA_001/20220921_090000.WAV,Telephone Field,recover-20220922,001,1795
935.2985,935.3388,68437,82586,Rhinolophus ferrumequinum,0.021,0.021,-1,Echolocation,/mnt/ubna_data_02_mir/recover-20220922/UBNA_001/20220921_090000.WAV,Telephone Field,recover-20220922,001,1795
935.3195,935.3596,68437,82305,Rhinolophus ferrumequinum,0.023,0.023,-1,Echolocation,/mnt/ubna_data_02_mir/recover-20220922/UBNA_001/20220921_090000.WAV,Telephone Field,recover-20220922,001,1795
935.3235,935.3319,28906,36394,Eptesicus serotinus,0.007,0.022,-1,Echolocation,/mnt/ubna_data_02_mir/recover-20220922/UBNA_001/20220921_090000.WAV,Telephone Field,recover-20220922,001,1795
935.3405,935.3805,68437,82840,Rhinolophus ferrumequinum,0.021,0.021,-1,Echolocation,/mnt/ubna_data_02_mir/recover-20220922/UBNA_001/20220921_090000.WAV,Telephone Field,recover-20220922,001,1795
935.3495,935.3897,68437,82499,Rhinolophus ferrumequinum,0.022,0.022,-1,Echolocation,/mnt/ubna_data_02_mir/recover-20220922/UBNA_001/20220921_090000.WAV,Telephone Field,recover-20220922,001,1795
935.3675,935.4072,68437,82285,Rhinolophus ferrumequinum,0.027,0.027,-1,Echolocation,/mnt/ubna_data_02_mir/recover-20220922/UBNA_001/20220921_090000.WAV,Telephone Field,recover-20220922,001,1795
935.3765,935.3873,50390,55772,Pipistrellus pipistrellus,0.017,0.022,-1,Echolocation,/mnt/ubna_data_02_mir/recover-20220922/UBNA_001/20220921_090000.WAV,Telephone Field,recover-20220922,001,1795
935.4035,935.4118,40078,48863,Pipistrellus nathusii,0.006,0.021,-1,Echolocation,/mnt/ubna_data_02_mir/recover-20220922/UBNA_001/20220921_090000.WAV,Telephone Field,recover-20220922,001,1795
935.4045,935.4156,23750,29812,Nyctalus leisleri,0.009,0.024,-1,Echolocation,/mnt/ubna_data_02_mir/recover-20220922/UBNA_001/20220921_090000.WAV,Telephone Field,recover-20220922,001,1795
935.4245,935.4646,68437,81561,Rhinolophus ferrumequinum,0.023,0.023,-1,Echolocation,/mnt/ubna_data_02_mir/recover-20220922/UBNA_001/20220921_090000.WAV,Telephone Field,recover-20220922,001,1795
935.4325,935.4431,23750,29790,Nyctalus leisleri,0.011,0.025,-1,Echolocation,/mnt/ubna_data_02_mir/recover-20220922/UBNA_001/20220921_090000.WAV,Telephone Field,recover-20220922,001,1795
935.4405,935.4539,49531,53385,Pipistrellus pipistrellus,0.065,0.073,-1,Echolocation,/mnt/ubna_data_02_mir/recover-20220922/UBNA_001/20220921_090000.WAV,Telephone Field,recover-20220922,001,1795
935.4415,935.4845,68437,83028,Rhinolophus ferrumequinum,0.025,0.025,-1,Echolocation,/mnt/ubna_data_02_mir/recover-20220922/UBNA_001/20220921_090000.WAV,Telephone Field,recover-20220922,001,1795
935.4475,935.4899,68437,83091,Rhinolophus ferrumequinum,0.025,0.025,-1,Echolocation,/mnt/ubna_data_02_mir/recover-20220922/UBNA_001/20220921_090000.WAV,Telephone Field,recover-20220922,001,1795
935.4695,935.5099,68437,82754,Rhinolophus ferrumequinum,0.03,0.03,-1,Echolocation,/mnt/ubna_data_02_mir/recover-20220922/UBNA_001/20220921_090000.WAV,Telephone Field,recover-20220922,001,1795
935.4835,935.4923,25468,34826,Nyctalus leisleri,0.011,0.04,-1,Echolocation,/mnt/ubna_data_02_mir/recover-20220922/UBNA_001/20220921_090000.WAV,Telephone Field,recover-20220922,001,1795
935.4915,935.506,23750,28061,Nyctalus leisleri,0.021,0.037,-1,Echolocation,/mnt/ubna_data_02_mir/recover-20220922/UBNA_001/20220921_090000.WAV,Telephone Field,recover-20220922,001,1795
935.5165,935.5602,68437,83365,Rhinolophus ferrumequinum,0.036,0.036,-1,Echolocation,/mnt/ubna_data_02_mir/recover-20220922/UBNA_001/20220921_090000.WAV,Telephone Field,recover-20220922,001,1795
935.5315,935.5435,14296,19506,Nyctalus noctula,0.013,0.022,-1,Echolocation,/mnt/ubna_data_02_mir/recover-20220922/UBNA_001/20220921_090000.WAV,Telephone Field,recover-20220922,001,1795
935.5525,935.5962,68437,82953,Rhinolophus ferrumequinum,0.037,0.037,-1,Echolocation,/mnt/ubna_data_02_mir/recover-20220922/UBNA_001/20220921_090000.WAV,Telephone Field,recover-20220922,001,1795
935.5775,935.6152,68437,81852,Rhinolophus ferrumequinum,0.022,0.022,-1,Echolocation,/mnt/ubna_data_02_mir/recover-20220922/UBNA_001/20220921_090000.WAV,Telephone Field,recover-20220922,001,1795
935.5795,935.5884,22890,29992,Plecotus austriacus,0.011,0.027,-1,Echolocation,/mnt/ubna_data_02_mir/recover-20220922/UBNA_001/20220921_090000.WAV,Telephone Field,recover-20220922,001,1795
935.5935,935.6331,68437,82318,Rhinolophus ferrumequinum,0.022,0.022,-1,Echolocation,/mnt/ubna_data_02_mir/recover-20220922/UBNA_001/20220921_090000.WAV,Telephone Field,recover-20220922,001,1795
935.6315,935.6715,68437,82130,Rhinolophus ferrumequinum,0.02,0.02,-1,Echolocation,/mnt/ubna_data_02_mir/recover-20220922/UBNA_001/20220921_090000.WAV,Telephone Field,recover-20220922,001,1795
935.6775,935.6865,27187,34734,Eptesicus serotinus,0.016,0.031,-1,Echolocation,/mnt/ubna_data_02_mir/recover-20220922/UBNA_001/20220921_090000.WAV,Telephone Field,recover-20220922,001,1795
935.7505,935.7892,68437,81657,Rhinolophus ferrumequinum,0.022,0.022,-1,Echolocation,/mnt/ubna_data_02_mir/recover-20220922/UBNA_001/20220921_090000.WAV,Telephone Field,recover-20220922,001,1795
935.7745,935.7812,50390,56156,Pipistrellus pipistrellus,0.021,0.023,-1,Echolocation,/mnt/ubna_data_02_mir/recover-20220922/UBNA_001/20220921_090000.WAV,Telephone Field,recover-20220922,001,1795
935.7765,935.817,68437,82990,Rhinolophus ferrumequinum,0.022,0.022,-1,Echolocation,/mnt/ubna_data_02_mir/recover-20220922/UBNA_001/20220921_090000.WAV,Telephone Field,recover-20220922,001,1795
935.8045,935.8474,68437,82449,Rhinolophus ferrumequinum,0.036,0.036,-1,Echolocation,/mnt/ubna_data_02_mir/recover-20220922/UBNA_001/20220921_090000.WAV,Telephone Field,recover-20220922,001,1795
935.8535,935.8939,68437,82296,Rhinolophus ferrumequinum,0.021,0.021,-1,Echolocation,/mnt/ubna_data_02_mir/recover-20220922/UBNA_001/20220921_090000.WAV,Telephone Field,recover-20220922,001,1795
935.8665,935.9064,68437,82227,Rhinolophus ferrumequinum,0.024,0.024,-1,Echolocation,/mnt/ubna_data_02_mir/recover-20220922/UBNA_001/20220921_090000.WAV,Telephone Field,recover-20220922,001,1795
935.8825,935.8928,27187,34035,Eptesicus serotinus,0.009,0.021,-1,Echolocation,/mnt/ubna_data_02_mir/recover-20220922/UBNA_001/20220921_090000.WAV,Telephone Field,recover-20220922,001,1795
935.8975,935.9358,68437,81905,Rhinolophus ferrumequinum,0.023,0.023,-1,Echolocation,/mnt/ubna_data_02_mir/recover-20220922/UBNA_001/20220921_090000.WAV,Telephone Field,recover-20220922,001,1795
935.9275,935.9646,68437,82436,Rhinolophus ferrumequinum,0.023,0.023,-1,Echolocation,/mnt/ubna_data_02_mir/recover-20220922/UBNA_001/20220921_090000.WAV,Telephone Field,recover-20220922,001,1795
935.9335,935.9408,24609,33075,Plecotus austriacus,0.009,0.023,-1,Echolocation,/mnt/ubna_data_02_mir/recover-20220922/UBNA_001/20220921_090000.WAV,Telephone Field,recover-20220922,001,1795
935.9625,935.9714,22890,29260,Plecotus austriacus,0.007,0.021,-1,Echolocation,/mnt/ubna_data_02_mir/recover-20220922/UBNA_001/20220921_090000.WAV,Telephone Field,recover-20220922,001,1795
936.0015,936.0096,26328,35517,Nyctalus leisleri,0.009,0.031,-1,Echolocation,/mnt/ubna_data_02_mir/recover-20220922/UBNA_001/20220921_090000.WAV,Telephone Field,recover-20220922,001,1795
936.0155,936.0552,68437,83012,Rhinolophus ferrumequinum,0.028,0.028,-1,Echolocation,/mnt/ubna_data_02_mir/recover-20220922/UBNA_001/20220921_090000.WAV,Telephone Field,recover-20220922,001,1795
936.0175,936.0264,24609,32526,Eptesicus serotinus,0.007,0.022,-1,Echolocation,/mnt/ubna_data_02_mir/recover-20220922/UBNA_001/20220921_090000.WAV,Telephone Field,recover-20220922,001,1795
936.0185,936.0277,28906,37050,Eptesicus serotinus,0.01,0.023,-1,Echolocation,/mnt/ubna_data_02_mir/recover-20220922/UBNA_001/20220921_090000.WAV,Telephone Field,recover-20220922,001,1795
936.0615,936.0716,24609,32304,Nyctalus leisleri,0.007,0.023,-1,Echolocation,/mnt/ubna_data_02_mir/recover-20220922/UBNA_001/20220921_090000.WAV,Telephone Field,recover-20220922,001,1795
936.2015,936.2118,23750,30661,Nyctalus leisleri,0.008,0.023,-1,Echolocation,/mnt/ubna_data_02_mir/recover-20220922/UBNA_001/20220921_090000.WAV,Telephone Field,recover-20220922,001,1795
936.2125,936.2503,68437,81157,Rhinolophus ferrumequinum,0.022,0.022,-1,Echolocation,/mnt/ubna_data_02_mir/recover-20220922/UBNA_001/20220921_090000.WAV,Telephone Field,recover-20220922,001,1795
936.2625,936.2714,28046,39223,Eptesicus serotinus,0.008,0.022,-1,Echolocation,/mnt/ubna_data_02_mir/recover-20220922/UBNA_001/20220921_090000.WAV,Telephone Field,recover-20220922,001,1795
936.2705,936.2825,28906,34650,Eptesicus serotinus,0.012,0.026,-1,Echolocation,/mnt/ubna_data_02_mir/recover-20220922/UBNA_001/20220921_090000.WAV,Telephone Field,recover-20220922,001,1795
936.3235,936.3354,25468,32645,Eptesicus serotinus,0.011,0.024,-1,Echolocation,/mnt/ubna_data_02_mir/recover-20220922/UBNA_001/20220921_090000.WAV,Telephone Field,recover-20220922,001,1795
936.3285,936.3667,68437,81736,Rhinolophus ferrumequinum,0.022,0.022,-1,Echolocation,/mnt/ubna_data_02_mir/recover-20220922/UBNA_001/20220921_090000.WAV,Telephone Field,recover-20220922,001,1795
936.3595,936.3699,27187,35295,Eptesicus serotinus,0.011,0.024,-1,Echolocation,/mnt/ubna_data_02_mir/recover-20220922/UBNA_001/20220921_090000.WAV,Telephone Field,recover-20220922,001,1795
936.4595,936.4695,21171,26795,Nyctalus leisleri,0.008,0.023,-1,Echolocation,/mnt/ubna_data_02_mir/recover-20220922/UBNA_001/20220921_090000.WAV,Telephone Field,recover-20220922,001,1795
936.5175,936.5253,48671,56043,Pipistrellus pipistrellus,0.026,0.028,-1,Echolocation,/mnt/ubna_data_02_mir/recover-20220922/UBNA_001/20220921_090000.WAV,Telephone Field,recover-20220922,001,1795
936.5215,936.5609,68437,82507,Rhinolophus ferrumequinum,0.024,0.024,-1,Echolocation,/mnt/ubna_data_02_mir/recover-20220922/UBNA_001/20220921_090000.WAV,Telephone Field,recover-20220922,001,1795
936.5315,936.5399,28046,37839,Eptesicus serotinus,0.011,0.028,-1,Echolocation,/mnt/ubna_data_02_mir/recover-20220922/UBNA_001/20220921_090000.WAV,Telephone Field,recover-20220922,001,1795
936.5535,936.5672,21171,24215,Nyctalus leisleri,0.015,0.022,-1,Echolocation,/mnt/ubna_data_02_mir/recover-20220922/UBNA_001/20220921_090000.WAV,Telephone Field,recover-20220922,001,1795
936.5995,936.6419,68437,83064,Rhinolophus ferrumequinum,0.022,0.022,-1,Echolocation,/mnt/ubna_data_02_mir/recover-20220922/UBNA_001/20220921_090000.WAV,Telephone Field,recover-20220922,001,1795
936.6255,936.6656,68437,82835,Rhinolophus ferrumequinum,0.022,0.022,-1,Echolocation,/mnt/ubna_data_02_mir/recover-20220922/UBNA_001/20220921_090000.WAV,Telephone Field,recover-20220922,001,1795
936.6525,936.6955,68437,82972,Rhinolophus ferrumequinum,0.029,0.029,-1,Echolocation,/mnt/ubna_data_02_mir/recover-20220922/UBNA_001/20220921_090000.WAV,Telephone Field,recover-20220922,001,1795
936.7265,936.7629,68437,79863,Rhinolophus ferrumequinum,0.025,0.025,-1,Echolocation,/mnt/ubna_data_02_mir/recover-20220922/UBNA_001/20220921_090000.WAV,Telephone Field,recover-20220922,001,1795
936.7705,936.8111,68437,82898,Rhinolophus ferrumequinum,0.024,0.024,-1,Echolocation,/mnt/ubna_data_02_mir/recover-20220922/UBNA_001/20220921_090000.WAV,Telephone Field,recover-20220922,001,1795
936.8065,936.8167,28046,35974,Eptesicus serotinus,0.009,0.022,-1,Echolocation,/mnt/ubna_data_02_mir/recover-20220922/UBNA_001/20220921_090000.WAV,Telephone Field,recover-20220922,001,1795
936.8385,936.8474,25468,34983,Eptesicus serotinus,0.008,0.022,-1,Echolocation,/mnt/ubna_data_02_mir/recover-20220922/UBNA_001/20220921_090000.WAV,Telephone Field,recover-20220922,001,1795
936.8525,936.8633,28906,35809,Eptesicus serotinus,0.01,0.023,-1,Echolocation,/mnt/ubna_data_02_mir/recover-20220922/UBNA_001/20220921_090000.WAV,Telephone Field,recover-20220922,001,1795
936.8565,936.8964,68437,81768,Rhinolophus ferrumequinum,0.023,0.023,-1,Echolocation,/mnt/ubna_data_02_mir/recover-20220922/UBNA_001/20220921_090000.WAV,Telephone Field,recover-20220922,001,1795
936.8905,936.9334,68437,83210,Rhinolophus ferrumequinum,0.037,0.037,-1,Echolocation,/mnt/ubna_data_02_mir/recover-20220922/UBNA_001/20220921_090000.WAV,Telephone Field,recover-20220922,001,1795
936.9685,937.0093,68437,82892,Rhinolophus ferrumequinum,0.028,0.028,-1,Echolocation,/mnt/ubna_data_02_mir/recover-20220922/UBNA_001/20220921_090000.WAV,Telephone Field,recover-20220922,001,1795
937.0005,937.0409,68437,82159,Rhinolophus ferrumequinum,0.024,0.024,-1,Echolocation,/mnt/ubna_data_02_mir/recover-20220922/UBNA_001/20220921_090000.WAV,Telephone Field,recover-20220922,001,1795
937.0185,937.0289,27187,35338,Eptesicus serotinus,0.01,0.022,-1,Echolocation,/mnt/ubna_data_02_mir/recover-20220922/UBNA_001/20220921_090000.WAV,Telephone Field,recover-20220922,001,1795
937.0285,937.0391,28906,36876,Eptesicus serotinus,0.01,0.024,-1,Echolocation,/mnt/ubna_data_02_mir/recover-20220922/UBNA_001/20220921_090000.WAV,Telephone Field,recover-20220922,001,1795
937.0355,937.0737,68437,82358,Rhinolophus ferrumequinum,0.026,0.026,-1,Echolocation,/mnt/ubna_data_02_mir/recover-20220922/UBNA_001/20220921_090000.WAV,Telephone Field,recover-20220922,001,1795
937.0405,937.0514,28046,35283,Eptesicus serotinus,0.015,0.028,-1,Echolocation,/mnt/ubna_data_02_mir/recover-20220922/UBNA_001/20220921_090000.WAV,Telephone Field,recover-20220922,001,1795
937.0525,937.0672,38359,41613,Pipistrellus nathusii,0.02,0.03,-1,Echolocation,/mnt/ubna_data_02_mir/recover-20220922/UBNA_001/20220921_090000.WAV,Telephone Field,recover-20220922,001,1795
937.0605,937.0986,68437,81938,Rhinolophus ferrumequinum,0.026,0.026,-1,Echolocation,/mnt/ubna_data_02_mir/recover-20220922/UBNA_001/20220921_090000.WAV,Telephone Field,recover-20220922,001,1795
937.0915,937.1023,28906,35901,Eptesicus serotinus,0.012,0.026,-1,Echolocation,/mnt/ubna_data_02_mir/recover-20220922/UBNA_001/20220921_090000.WAV,Telephone Field,recover-20220922,001,1795
937.1005,937.1382,68437,81496,Rhinolophus ferrumequinum,0.024,0.024,-1,Echolocation,/mnt/ubna_data_02_mir/recover-20220922/UBNA_001/20220921_090000.WAV,Telephone Field,recover-20220922,001,1795
937.1495,937.1582,28046,37530,Eptesicus serotinus,0.012,0.029,-1,Echolocation,/mnt/ubna_data_02_mir/recover-20220922/UBNA_001/20220921_090000.WAV,Telephone Field,recover-20220922,001,1795
937.2105,937.2205,28046,36096,Eptesicus serotinus,0.013,0.026,-1,Echolocation,/mnt/ubna_data_02_mir/recover-20220922/UBNA_001/20220921_090000.WAV,Telephone Field,recover-20220922,001,1795
937.2225,937.2652,68437,82989,Rhinolophus ferrumequinum,0.023,0.023,-1,Echolocation,/mnt/ubna_data_02_mir/recover-20220922/UBNA_001/20220921_090000.WAV,Telephone Field,recover-20220922,001,1795
937.2285,937.2383,27187,35353,Eptesicus serotinus,0.011,0.024,-1,Echolocation,/mnt/ubna_data_02_mir/recover-20220922/UBNA_001/20220921_090000.WAV,Telephone Field,recover-20220922,001,1795
937.2305,937.2712,68437,82571,Rhinolophus ferrumequinum,0.023,0.023,-1,Echolocation,/mnt/ubna_data_02_mir/recover-20220922/UBNA_001/20220921_090000.WAV,Telephone Field,recover-20220922,001,1795
937.3005,937.3115,22031,26415,Nyctalus leisleri,0.012,0.022,-1,Echolocation,/mnt/ubna_data_02_mir/recover-20220922/UBNA_001/20220921_090000.WAV,Telephone Field,recover-20220922,001,1795
937.3275,937.3688,68437,82448,Rhinolophus ferrumequinum,0.025,0.025,-1,Echolocation,/mnt/ubna_data_02_mir/recover-20220922/UBNA_001/20220921_090000.WAV,Telephone Field,recover-20220922,001,1795
937.3295,937.3388,28046,37353,Eptesicus serotinus,0.018,0.034,-1,Echolocation,/mnt/ubna_data_02_mir/recover-20220922/UBNA_001/20220921_090000.WAV,Telephone Field,recover-20220922,001,1795
937.3335,937.3423,44375,48517,Pipistrellus pipistrellus,0.043,0.045,-1,Echolocation,/mnt/ubna_data_02_mir/recover-20220922/UBNA_001/20220921_090000.WAV,Telephone Field,recover-20220922,001,1795
937.3655,937.3755,28046,36713,Eptesicus serotinus,0.01,0.023,-1,Echolocation,/mnt/ubna_data_02_mir/recover-20220922/UBNA_001/20220921_090000.WAV,Telephone Field,recover-20220922,001,1795
937.4015,937.4398,68437,81931,Rhinolophus ferrumequinum,0.022,0.022,-1,Echolocation,/mnt/ubna_data_02_mir/recover-20220922/UBNA_001/20220921_090000.WAV,Telephone Field,recover-20220922,001,1795
937.4115,937.4216,26328,34315,Eptesicus serotinus,0.011,0.025,-1,Echolocation,/mnt/ubna_data_02_mir/recover-20220922/UBNA_001/20220921_090000.WAV,Telephone Field,recover-20220922,001,1795
937.4315,937.4717,68437,82353,Rhinolophus ferrumequinum,0.024,0.024,-1,Echolocation,/mnt/ubna_data_02_mir/recover-20220922/UBNA_001/20220921_090000.WAV,Telephone Field,recover-20220922,001,1795
937.4365,937.4444,24609,33245,Plecotus austriacus,0.007,0.024,-1,Echolocation,/mnt/ubna_data_02_mir/recover-20220922/UBNA_001/20220921_090000.WAV,Telephone Field,recover-20220922,001,1795
937.4365,937.4754,68437,82268,Rhinolophus ferrumequinum,0.025,0.025,-1,Echolocation,/mnt/ubna_data_02_mir/recover-20220922/UBNA_001/20220921_090000.WAV,Telephone Field,recover-20220922,001,1795
937.4525,937.4623,24609,30783,Eptesicus serotinus,0.008,0.022,-1,Echolocation,/mnt/ubna_data_02_mir/recover-20220922/UBNA_001/20220921_090000.WAV,Telephone Field,recover-20220922,001,1795
937.4835,937.5239,68437,82248,Rhinolophus ferrumequinum,0.024,0.024,-1,Echolocation,/mnt/ubna_data_02_mir/recover-20220922/UBNA_001/20220921_090000.WAV,Telephone Field,recover-20220922,001,1795
937.5195,937.5599,68437,82794,Rhinolophus ferrumequinum,0.024,0.024,-1,Echolocation,/mnt/ubna_data_02_mir/recover-20220922/UBNA_001/20220921_090000.WAV,Telephone Field,recover-20220922,001,1795
937.5395,937.5753,68437,81514,Rhinolophus ferrumequinum,0.024,0.024,-1,Echolocation,/mnt/ubna_data_02_mir/recover-20220922/UBNA_001/20220921_090000.WAV,Telephone Field,recover-20220922,001,1795
937.5755,937.6189,68437,83441,Rhinolophus ferrumequinum,0.029,0.029,-1,Echolocation,/mnt/ubna_data_02_mir/recover-20220922/UBNA_001/20220921_090000.WAV,Telephone Field,recover-20220922,001,1795
937.6545,937.6635,28046,38881,Eptesicus serotinus,0.01,0.024,-1,Echolocation,/mnt/ubna_data_02_mir/recover-20220922/UBNA_001/20220921_090000.WAV,Telephone Field,recover-20220922,001,1795
937.6875,937.7264,68437,81994,Rhinolophus ferrumequinum,0.035,0.035,-1,Echolocation,/mnt/ubna_data_02_mir/recover-20220922/UBNA_001/20220921_090000.WAV,Telephone Field,recover-20220922,001,1795
937.7275,937.7342,28046,40685,Eptesicus serotinus,0.006,0.022,-1,Echolocation,/mnt/ubna_data_02_mir/recover-20220922/UBNA_001/20220921_090000.WAV,Telephone Field,recover-20220922,001,1795
937.7495,937.7923,68437,82894,Rhinolophus ferrumequinum,0.029,0.029,-1,Echolocation,/mnt/ubna_data_02_mir/recover-20220922/UBNA_001/20220921_090000.WAV,Telephone Field,recover-20220922,001,1795
937.7655,937.778,23750,28528,Nyctalus leisleri,0.013,0.026,-1,Echolocation,/mnt/ubna_data_02_mir/recover-20220922/UBNA_001/20220921_090000.WAV,Telephone Field,recover-20220922,001,1795
937.7805,937.8181,68437,82181,Rhinolophus ferrumequinum,0.025,0.025,-1,Echolocation,/mnt/ubna_data_02_mir/recover-20220922/UBNA_001/20220921_090000.WAV,Telephone Field,recover-20220922,001,1795
937.8165,937.8551,68437,81608,Rhinolophus ferrumequinum,0.022,0.022,-1,Echolocation,/mnt/ubna_data_02_mir/recover-20220922/UBNA_001/20220921_090000.WAV,Telephone Field,recover-20220922,001,1795
937.8665,937.9043,68437,82023,Rhinolophus ferrumequinum,0.029,0.029,-1,Echolocation,/mnt/ubna_data_02_mir/recover-20220922/UBNA_001/20220921_090000.WAV,Telephone Field,recover-20220922,001,1795
937.8935,937.9357,68437,82773,Rhinolophus ferrumequinum,0.039,0.039,-1,Echolocation,/mnt/ubna_data_02_mir/recover-20220922/UBNA_001/20220921_090000.WAV,Telephone Field,recover-20220922,001,1795
937.8975,937.9053,28046,37199,Eptesicus serotinus,0.008,0.023,-1,Echolocation,/mnt/ubna_data_02_mir/recover-20220922/UBNA_001/20220921_090000.WAV,Telephone Field,recover-20220922,001,1795
937.9245,937.9318,28046,39714,Eptesicus serotinus,0.008,0.024,-1,Echolocation,/mnt/ubna_data_02_mir/recover-20220922/UBNA_001/20220921_090000.WAV,Telephone Field,recover-20220922,001,1795
937.9255,937.965,68437,82073,Rhinolophus ferrumequinum,0.032,0.032,-1,Echolocation,/mnt/ubna_data_02_mir/recover-20220922/UBNA_001/20220921_090000.WAV,Telephone Field,recover-20220922,001,1795
937.9455,937.9848,68437,82331,Rhinolophus ferrumequinum,0.024,0.024,-1,Echolocation,/mnt/ubna_data_02_mir/recover-20220922/UBNA_001/20220921_090000.WAV,Telephone Field,recover-20220922,001,1795
937.9515,937.9889,68437,81865,Rhinolophus ferrumequinum,0.023,0.023,-1,Echolocation,/mnt/ubna_data_02_mir/recover-20220922/UBNA_001/20220921_090000.WAV,Telephone Field,recover-20220922,001,1795
938.0015,938.0343,69296,81168,Rhinolophus ferrumequinum,0.043,0.043,-1,Echolocation,/mnt/ubna_data_02_mir/recover-20220922/UBNA_001/20220921_090000.WAV,Telephone Field,recover-20220922,001,1795
938.0015,938.0122,24609,31348,Nyctalus leisleri,0.012,0.031,-1,Echolocation,/mnt/ubna_data_02_mir/recover-20220922/UBNA_001/20220921_090000.WAV,Telephone Field,recover-20220922,001,1795
938.0085,938.0194,27187,36658,Eptesicus serotinus,0.015,0.03,-1,Echolocation,/mnt/ubna_data_02_mir/recover-20220922/UBNA_001/20220921_090000.WAV,Telephone Field,recover-20220922,001,1795
938.0095,938.0477,68437,80594,Rhinolophus ferrumequinum,0.022,0.022,-1,Echolocation,/mnt/ubna_data_02_mir/recover-20220922/UBNA_001/20220921_090000.WAV,Telephone Field,recover-20220922,001,1795
938.0225,938.0624,68437,82175,Rhinolophus ferrumequinum,0.021,0.021,-1,Echolocation,/mnt/ubna_data_02_mir/recover-20220922/UBNA_001/20220921_090000.WAV,Telephone Field,recover-20220922,001,1795
938.0595,938.0696,23750,29315,Nyctalus leisleri,0.009,0.022,-1,Echolocation,/mnt/ubna_data_02_mir/recover-20220922/UBNA_001/20220921_090000.WAV,Telephone Field,recover-20220922,001,1795
938.0855,938.0965,28906,35668,Eptesicus serotinus,0.018,0.033,-1,Echolocation,/mnt/ubna_data_02_mir/recover-20220922/UBNA_001/20220921_090000.WAV,Telephone Field,recover-20220922,001,1795
938.1055,938.1432,68437,81851,Rhinolophus ferrumequinum,0.022,0.022,-1,Echolocation,/mnt/ubna_data_02_mir/recover-20220922/UBNA_001/20220921_090000.WAV,Telephone Field,recover-20220922,001,1795
938.1225,938.1329,28906,36563,Eptesicus serotinus,0.012,0.025,-1,Echolocation,/mnt/ubna_data_02_mir/recover-20220922/UBNA_001/20220921_090000.WAV,Telephone Field,recover-20220922,001,1795
938.1485,938.1877,68437,82499,Rhinolophus ferrumequinum,0.022,0.022,-1,Echolocation,/mnt/ubna_data_02_mir/recover-20220922/UBNA_001/20220921_090000.WAV,Telephone Field,recover-20220922,001,1795
938.1665,938.2066,68437,82273,Rhinolophus ferrumequinum,0.021,0.021,-1,Echolocation,/mnt/ubna_data_02_mir/recover-20220922/UBNA_001/20220921_090000.WAV,Telephone Field,recover-20220922,001,1795
938.1705,938.1796,27187,35921,Eptesicus serotinus,0.01,0.023,-1,Echolocation,/mnt/ubna_data_02_mir/recover-20220922/UBNA_001/20220921_090000.WAV,Telephone Field,recover-20220922,001,1795
938.2075,938.2453,68437,81706,Rhinolophus ferrumequinum,0.021,0.021,-1,Echolocation,/mnt/ubna_data_02_mir/recover-20220922/UBNA_001/20220921_090000.WAV,Telephone Field,recover-20220922,001,1795
938.2295,938.2387,28046,36613,Eptesicus serotinus,0.033,0.057,-1,Echolocation,/mnt/ubna_data_02_mir/recover-20220922/UBNA_001/20220921_090000.WAV,Telephone Field,recover-20220922,001,1795
938.2305,938.2694,68437,82217,Rhinolophus ferrumequinum,0.026,0.026,-1,Echolocation,/mnt/ubna_data_02_mir/recover-20220922/UBNA_001/20220921_090000.WAV,Telephone Field,recover-20220922,001,1795
938.2925,938.3003,27187,39879,Eptesicus serotinus,0.007,0.021,-1,Echolocation,/mnt/ubna_data_02_mir/recover-20220922/UBNA_001/20220921_090000.WAV,Telephone Field,recover-20220922,001,1795
938.3025,938.3416,68437,81312,Rhinolophus ferrumequinum,0.033,0.033,-1,Echolocation,/mnt/ubna_data_02_mir/recover-20220922/UBNA_001/20220921_090000.WAV,Telephone Field,recover-20220922,001,1795
938.3025,938.3128,28906,36162,Eptesicus serotinus,0.009,0.022,-1,Echolocation,/mnt/ubna_data_02_mir/recover-20220922/UBNA_001/20220921_090000.WAV,Telephone Field,recover-20220922,001,1795
938.3125,938.3225,28906,36799,Eptesicus serotinus,0.008,0.022,-1,Echolocation,/mnt/ubna_data_02_mir/recover-20220922/UBNA_001/20220921_090000.WAV,Telephone Field,recover-20220922,001,1795
938.3295,938.3691,68437,81634,Rhinolophus ferrumequinum,0.024,0.024,-1,Echolocation,/mnt/ubna_data_02_mir/recover-20220922/UBNA_001/20220921_090000.WAV,Telephone Field,recover-20220922,001,1795
938.3895,938.4278,68437,81749,Rhinolophus ferrumequinum,0.022,0.022,-1,Echolocation,/mnt/ubna_data_02_mir/recover-20220922/UBNA_001/20220921_090000.WAV,Telephone Field,recover-20220922,001,1795
938.4165,938.4559,68437,81623,Rhinolophus ferrumequinum,0.023,0.023,-1,Echolocation,/mnt/ubna_data_02_mir/recover-20220922/UBNA_001/20220921_090000.WAV,Telephone Field,recover-20220922,001,1795
938.4245,938.4323,26328,35500,Eptesicus serotinus,0.009,0.023,-1,Echolocation,/mnt/ubna_data_02_mir/recover-20220922/UBNA_001/20220921_090000.WAV,Telephone Field,recover-20220922,001,1795
938.4365,938.4752,68437,82737,Rhinolophus ferrumequinum,0.026,0.026,-1,Echolocation,/mnt/ubna_data_02_mir/recover-20220922/UBNA_001/20220921_090000.WAV,Telephone Field,recover-20220922,001,1795
938.4525,938.4963,68437,82841,Rhinolophus ferrumequinum,0.026,0.026,-1,Echolocation,/mnt/ubna_data_02_mir/recover-20220922/UBNA_001/20220921_090000.WAV,Telephone Field,recover-20220922,001,1795
938.4665,938.5045,68437,82291,Rhinolophus ferrumequinum,0.021,0.021,-1,Echolocation,/mnt/ubna_data_02_mir/recover-20220922/UBNA_001/20220921_090000.WAV,Telephone Field,recover-20220922,001,1795
938.4665,938.4741,27187,43458,Eptesicus serotinus,0.008,0.023,-1,Echolocation,/mnt/ubna_data_02_mir/recover-20220922/UBNA_001/20220921_090000.WAV,Telephone Field,recover-20220922,001,1795
938.4955,938.5027,28906,37723,Eptesicus serotinus,0.008,0.025,-1,Echolocation,/mnt/ubna_data_02_mir/recover-20220922/UBNA_001/20220921_090000.WAV,Telephone Field,recover-20220922,001,1795
938.5055,938.5106,38359,65368,Myotis mystacinus,0.007,0.022,-1,Echolocation,/mnt/ubna_data_02_mir/recover-20220922/UBNA_001/20220921_090000.WAV,Telephone Field,recover-20220922,001,1795
938.5325,938.5706,68437,81878,Rhinolophus ferrumequinum,0.021,0.021,-1,Echolocation,/mnt/ubna_data_02_mir/recover-20220922/UBNA_001/20220921_090000.WAV,Telephone Field,recover-20220922,001,1795
938.5495,938.5849,68437,80471,Rhinolophus ferrumequinum,0.022,0.022,-1,Echolocation,/mnt/ubna_data_02_mir/recover-20220922/UBNA_001/20220921_090000.WAV,Telephone Field,recover-20220922,001,1795
938.5735,938.6148,68437,82519,Rhinolophus ferrumequinum,0.023,0.023,-1,Echolocation,/mnt/ubna_data_02_mir/recover-20220922/UBNA_001/20220921_090000.WAV,Telephone Field,recover-20220922,001,1795
938.5795,938.5865,27187,37110,Eptesicus serotinus,0.01,0.031,-1,Echolocation,/mnt/ubna_data_02_mir/recover-20220922/UBNA_001/20220921_090000.WAV,Telephone Field,recover-20220922,001,1795
938.5865,938.6219,68437,81348,Rhinolophus ferrumequinum,0.023,0.023,-1,Echolocation,/mnt/ubna_data_02_mir/recover-20220922/UBNA_001/20220921_090000.WAV,Telephone Field,recover-20220922,001,1795
938.6075,938.6464,68437,81671,Rhinolophus ferrumequinum,0.022,0.022,-1,Echolocation,/mnt/ubna_data_02_mir/recover-20220922/UBNA_001/20220921_090000.WAV,Telephone Field,recover-20220922,001,1795
938.6275,938.6657,68437,81906,Rhinolophus ferrumequinum,0.022,0.022,-1,Echolocation,/mnt/ubna_data_02_mir/recover-20220922/UBNA_001/20220921_090000.WAV,Telephone Field,recover-20220922,001,1795
938.6275,938.6346,28046,38841,Eptesicus serotinus,0.007,0.025,-1,Echolocation,/mnt/ubna_data_02_mir/recover-20220922/UBNA_001/20220921_090000.WAV,Telephone Field,recover-20220922,001,1795
938.6615,938.6769,28906,32878,Nyctalus leisleri,0.015,0.035,-1,Echolocation,/mnt/ubna_data_02_mir/recover-20220922/UBNA_001/20220921_090000.WAV,Telephone Field,recover-20220922,001,1795
938.6815,938.7203,68437,81882,Rhinolophus ferrumequinum,0.03,0.03,-1,Echolocation,/mnt/ubna_data_02_mir/recover-20220922/UBNA_001/20220921_090000.WAV,Telephone Field,recover-20220922,001,1795
938.6835,938.6906,28046,39143,Eptesicus serotinus,0.007,0.026,-1,Echolocation,/mnt/ubna_data_02_mir/recover-20220922/UBNA_001/20220921_090000.WAV,Telephone Field,recover-20220922,001,1795
938.6905,938.7289,68437,82020,Rhinolophus ferrumequinum,0.023,0.023,-1,Echolocation,/mnt/ubna_data_02_mir/recover-20220922/UBNA_001/20220921_090000.WAV,Telephone Field,recover-20220922,001,1795
938.6995,938.7384,68437,81866,Rhinolophus ferrumequinum,0.025,0.025,-1,Echolocation,/mnt/ubna_data_02_mir/recover-20220922/UBNA_001/20220921_090000.WAV,Telephone Field,recover-20220922,001,1795
938.7055,938.7151,24609,31497,Nyctalus leisleri,0.008,0.022,-1,Echolocation,/mnt/ubna_data_02_mir/recover-20220922/UBNA_001/20220921_090000.WAV,Telephone Field,recover-20220922,001,1795
938.7085,938.75,68437,83224,Rhinolophus ferrumequinum,0.039,0.039,-1,Echolocation,/mnt/ubna_data_02_mir/recover-20220922/UBNA_001/20220921_090000.WAV,Telephone Field,recover-20220922,001,1795
938.7205,938.7311,22031,26777,Nyctalus leisleri,0.011,0.022,-1,Echolocation,/mnt/ubna_data_02_mir/recover-20220922/UBNA_001/20220921_090000.WAV,Telephone Field,recover-20220922,001,1795
938.7515,938.7593,28906,40595,Eptesicus serotinus,0.007,0.023,-1,Echolocation,/mnt/ubna_data_02_mir/recover-20220922/UBNA_001/20220921_090000.WAV,Telephone Field,recover-20220922,001,1795
938.7745,938.7852,47812,51732,Pipistrellus pipistrellus,0.022,0.024,-1,Echolocation,/mnt/ubna_data_02_mir/recover-20220922/UBNA_001/20220921_090000.WAV,Telephone Field,recover-20220922,001,1795
938.7785,938.8138,68437,81369,Rhinolophus ferrumequinum,0.023,0.023,-1,Echolocation,/mnt/ubna_data_02_mir/recover-20220922/UBNA_001/20220921_090000.WAV,Telephone Field,recover-20220922,001,1795
938.8075,938.8468,68437,82885,Rhinolophus ferrumequinum,0.023,0.023,-1,Echolocation,/mnt/ubna_data_02_mir/recover-20220922/UBNA_001/20220921_090000.WAV,Telephone Field,recover-20220922,001,1795
938.8175,938.8557,68437,81423,Rhinolophus ferrumequinum,0.024,0.024,-1,Echolocation,/mnt/ubna_data_02_mir/recover-20220922/UBNA_001/20220921_090000.WAV,Telephone Field,recover-20220922,001,1795
938.8335,938.8441,23750,29796,Nyctalus leisleri,0.009,0.022,-1,Echolocation,/mnt/ubna_data_02_mir/recover-20220922/UBNA_001/20220921_090000.WAV,Telephone Field,recover-20220922,001,1795
938.8355,938.8749,68437,82327,Rhinolophus ferrumequinum,0.025,0.025,-1,Echolocation,/mnt/ubna_data_02_mir/recover-20220922/UBNA_001/20220921_090000.WAV,Telephone Field,recover-20220922,001,1795
938.8485,938.8859,68437,81580,Rhinolophus ferrumequinum,0.024,0.024,-1,Echolocation,/mnt/ubna_data_02_mir/recover-20220922/UBNA_001/20220921_090000.WAV,Telephone Field,recover-20220922,001,1795
938.8845,938.9264,68437,82535,Rhinolophus ferrumequinum,0.024,0.024,-1,Echolocation,/mnt/ubna_data_02_mir/recover-20220922/UBNA_001/20220921_090000.WAV,Telephone Field,recover-20220922,001,1795
938.8905,938.9326,68437,83134,Rhinolophus ferrumequinum,0.023,0.023,-1,Echolocation,/mnt/ubna_data_02_mir/recover-20220922/UBNA_001/20220921_090000.WAV,Telephone Field,recover-20220922,001,1795
938.9025,938.942,68437,82435,Rhinolophus ferrumequinum,0.023,0.023,-1,Echolocation,/mnt/ubna_data_02_mir/recover-20220922/UBNA_001/20220921_090000.WAV,Telephone Field,recover-20220922,001,1795
938.9235,938.9605,68437,81610,Rhinolophus ferrumequinum,0.022,0.022,-1,Echolocation,/mnt/ubna_data_02_mir/recover-20220922/UBNA_001/20220921_090000.WAV,Telephone Field,recover-20220922,001,1795
938.9535,938.993,68437,82355,Rhinolophus ferrumequinum,0.026,0.026,-1,Echolocation,/mnt/ubna_data_02_mir/recover-20220922/UBNA_001/20220921_090000.WAV,Telephone Field,recover-20220922,001,1795
938.9715,938.9842,45234,48327,Pipistrellus pipistrellus,0.039,0.041,-1,Echolocation,/mnt/ubna_data_02_mir/recover-20220922/UBNA_001/20220921_090000.WAV,Telephone Field,recover-20220922,001,1795
938.9815,938.9907,28046,37713,Eptesicus serotinus,0.008,0.021,-1,Echolocation,/mnt/ubna_data_02_mir/recover-20220922/UBNA_001/20220921_090000.WAV,Telephone Field,recover-20220922,001,1795
939.0345,939.0684,68437,81041,Rhinolophus ferrumequinum,0.023,0.023,-1,Echolocation,/mnt/ubna_data_02_mir/recover-20220922/UBNA_001/20220921_090000.WAV,Telephone Field,recover-20220922,001,1795
939.0355,939.0442,28046,38711,Eptesicus serotinus,0.008,0.022,-1,Echolocation,/mnt/ubna_data_02_mir/recover-20220922/UBNA_001/20220921_090000.WAV,Telephone Field,recover-20220922,001,1795
939.0375,939.047,46093,50341,Pipistrellus pipistrellus,0.025,0.027,-1,Echolocation,/mnt/ubna_data_02_mir/recover-20220922/UBNA_001/20220921_090000.WAV,Telephone Field,recover-20220922,001,1795
939.0415,939.0795,68437,82058,Rhinolophus ferrumequinum,0.024,0.024,-1,Echolocation,/mnt/ubna_data_02_mir/recover-20220922/UBNA_001/20220921_090000.WAV,Telephone Field,recover-20220922,001,1795
939.0695,939.108,68437,81774,Rhinolophus ferrumequinum,0.023,0.023,-1,Echolocation,/mnt/ubna_data_02_mir/recover-20220922/UBNA_001/20220921_090000.WAV,Telephone Field,recover-20220922,001,1795
939.0995,939.1393,68437,82225,Rhinolophus ferrumequinum,0.023,0.023,-1,Echolocation,/mnt/ubna_data_02_mir/recover-20220922/UBNA_001/20220921_090000.WAV,Telephone Field,recover-20220922,001,1795
939.1405,939.1807,68437,83019,Rhinolophus ferrumequinum,0.023,0.023,-1,Echolocation,/mnt/ubna_data_02_mir/recover-20220922/UBNA_001/20220921_090000.WAV,Telephone Field,recover-20220922,001,1795
939.1485,939.1859,68437,82009,Rhinolophus ferrumequinum,0.022,0.022,-1,Echolocation,/mnt/ubna_data_02_mir/recover-20220922/UBNA_001/20220921_090000.WAV,Telephone Field,recover-20220922,001,1795
939.1715,939.1814,28046,35276,Eptesicus serotinus,0.009,0.022,-1,Echolocation,/mnt/ubna_data_02_mir/recover-20220922/UBNA_001/20220921_090000.WAV,Telephone Field,recover-20220922,001,1795
939.1885,939.2273,68437,81856,Rhinolophus ferrumequinum,0.022,0.022,-1,Echolocation,/mnt/ubna_data_02_mir/recover-20220922/UBNA_001/20220921_090000.WAV,Telephone Field,recover-20220922,001,1795
939.2225,939.2596,68437,81687,Rhinolophus ferrumequinum,0.021,0.021,-1,Echolocation,/mnt/ubna_data_02_mir/recover-20220922/UBNA_001/20220921_090000.WAV,Telephone Field,recover-20220922,001,1795
939.2315,939.2696,68437,82232,Rhinolophus ferrumequinum,0.025,0.025,-1,Echolocation,/mnt/ubna_data_02_mir/recover-20220922/UBNA_001/20220921_090000.WAV,Telephone Field,recover-20220922,001,1795
939.2585,939.267,28046,40382,Eptesicus serotinus,0.015,0.031,-1,Echolocation,/mnt/ubna_data_02_mir/recover-20220922/UBNA_001/20220921_090000.WAV,Telephone Field,recover-20220922,001,1795
939.3075,939.3461,68437,81995,Rhinolophus ferrumequinum,0.024,0.024,-1,Echolocation,/mnt/ubna_data_02_mir/recover-20220922/UBNA_001/20220921_090000.WAV,Telephone Field,recover-20220922,001,1795
939.3235,939.362,68437,82018,Rhinolophus ferrumequinum,0.024,0.024,-1,Echolocation,/mnt/ubna_data_02_mir/recover-20220922/UBNA_001/20220921_090000.WAV,Telephone Field,recover-20220922,001,1795
939.3705,939.3842,22031,26157,Nyctalus leisleri,0.014,0.024,-1,Echolocation,/mnt/ubna_data_02_mir/recover-20220922/UBNA_001/20220921_090000.WAV,Telephone Field,recover-20220922,001,1795
939.3915,939.4307,68437,82104,Rhinolophus ferrumequinum,0.026,0.026,-1,Echolocation,/mnt/ubna_data_02_mir/recover-20220922/UBNA_001/20220921_090000.WAV,Telephone Field,recover-20220922,001,1795
939.4005,939.4059,25468,39059,Plecotus austriacus,0.016,0.041,-1,Echolocation,/mnt/ubna_data_02_mir/recover-20220922/UBNA_001/20220921_090000.WAV,Telephone Field,recover-20220922,001,1795
939.4345,939.4764,68437,82440,Rhinolophus ferrumequinum,0.024,0.024,-1,Echolocation,/mnt/ubna_data_02_mir/recover-20220922/UBNA_001/20220921_090000.WAV,Telephone Field,recover-20220922,001,1795
939.4505,939.485,68437,80371,Rhinolophus ferrumequinum,0.021,0.021,-1,Echolocation,/mnt/ubna_data_02_mir/recover-20220922/UBNA_001/20220921_090000.WAV,Telephone Field,recover-20220922,001,1795
939.4845,939.494,28906,36836,Eptesicus serotinus,0.008,0.022,-1,Echolocation,/mnt/ubna_data_02_mir/recover-20220922/UBNA_001/20220921_090000.WAV,Telephone Field,recover-20220922,001,1795
939.4895,939.4979,14296,23346,Plecotus auritus,0.013,0.022,-1,Echolocation,/mnt/ubna_data_02_mir/recover-20220922/UBNA_001/20220921_090000.WAV,Telephone Field,recover-20220922,001,1795
939.4915,939.5325,68437,82342,Rhinolophus ferrumequinum,0.033,0.033,-1,Echolocation,/mnt/ubna_data_02_mir/recover-20220922/UBNA_001/20220921_090000.WAV,Telephone Field,recover-20220922,001,1795
939.5155,939.5244,28046,37837,Eptesicus serotinus,0.008,0.021,-1,Echolocation,/mnt/ubna_data_02_mir/recover-20220922/UBNA_001/20220921_090000.WAV,Telephone Field,recover-20220922,001,1795
939.5285,939.5644,68437,81177,Rhinolophus ferrumequinum,0.024,0.024,-1,Echolocation,/mnt/ubna_data_02_mir/recover-20220922/UBNA_001/20220921_090000.WAV,Telephone Field,recover-20220922,001,1795
939.5505,939.5934,68437,82621,Rhinolophus ferrumequinum,0.031,0.031,-1,Echolocation,/mnt/ubna_data_02_mir/recover-20220922/UBNA_001/20220921_090000.WAV,Telephone Field,recover-20220922,001,1795
939.5515,939.5586,28046,40385,Eptesicus serotinus,0.01,0.032,-1,Echolocation,/mnt/ubna_data_02_mir/recover-20220922/UBNA_001/20220921_090000.WAV,Telephone Field,recover-20220922,001,1795
939.5765,939.6127,68437,80911,Rhinolophus ferrumequinum,0.021,0.021,-1,Echolocation,/mnt/ubna_data_02_mir/recover-20220922/UBNA_001/20220921_090000.WAV,Telephone Field,recover-20220922,001,1795
939.5895,939.6288,68437,82360,Rhinolophus ferrumequinum,0.022,0.022,-1,Echolocation,/mnt/ubna_data_02_mir/recover-20220922/UBNA_001/20220921_090000.WAV,Telephone Field,recover-20220922,001,1795
939.5955,939.6035,27187,38423,Eptesicus serotinus,0.008,0.023,-1,Echolocation,/mnt/ubna_data_02_mir/recover-20220922/UBNA_001/20220921_090000.WAV,Telephone Field,recover-20220922,001,1795
939.6235,939.6636,68437,82095,Rhinolophus ferrumequinum,0.023,0.023,-1,Echolocation,/mnt/ubna_data_02_mir/recover-20220922/UBNA_001/20220921_090000.WAV,Telephone Field,recover-20220922,001,1795
939.6275,939.637,28906,36702,Eptesicus serotinus,0.008,0.023,-1,Echolocation,/mnt/ubna_data_02_mir/recover-20220922/UBNA_001/20220921_090000.WAV,Telephone Field,recover-20220922,001,1795
939.6465,939.6563,28906,36889,Eptesicus serotinus,0.008,0.022,-1,Echolocation,/mnt/ubna_data_02_mir/recover-20220922/UBNA_001/20220921_090000.WAV,Telephone Field,recover-20220922,001,1795
939.6525,939.6917,68437,82077,Rhinolophus ferrumequinum,0.021,0.021,-1,Echolocation,/mnt/ubna_data_02_mir/recover-20220922/UBNA_001/20220921_090000.WAV,Telephone Field,recover-20220922,001,1795
939.6785,939.7167,68437,82324,Rhinolophus ferrumequinum,0.023,0.023,-1,Echolocation,/mnt/ubna_data_02_mir/recover-20220922/UBNA_001/20220921_090000.WAV,Telephone Field,recover-20220922,001,1795
939.7185,939.7257,27187,43572,Eptesicus serotinus,0.006,0.021,-1,Echolocation,/mnt/ubna_data_02_mir/recover-20220922/UBNA_001/20220921_090000.WAV,Telephone Field,recover-20220922,001,1795
939.7275,939.764,68437,81297,Rhinolophus ferrumequinum,0.022,0.022,-1,Echolocation,/mnt/ubna_data_02_mir/recover-20220922/UBNA_001/20220921_090000.WAV,Telephone Field,recover-20220922,001,1795
939.7525,939.7915,68437,81728,Rhinolophus ferrumequinum,0.021,0.021,-1,Echolocation,/mnt/ubna_data_02_mir/recover-20220922/UBNA_001/20220921_090000.WAV,Telephone Field,recover-20220922,001,1795
939.7755,939.7831,28906,36811,Eptesicus serotinus,0.006,0.022,-1,Echolocation,/mnt/ubna_data_02_mir/recover-20220922/UBNA_001/20220921_090000.WAV,Telephone Field,recover-20220922,001,1795
939.7755,939.7827,22890,30517,Plecotus austriacus,0.011,0.023,-1,Echolocation,/mnt/ubna_data_02_mir/recover-20220922/UBNA_001/20220921_090000.WAV,Telephone Field,recover-20220922,001,1795
939.7795,939.8171,68437,81838,Rhinolophus ferrumequinum,0.023,0.023,-1,Echolocation,/mnt/ubna_data_02_mir/recover-20220922/UBNA_001/20220921_090000.WAV,Telephone Field,recover-20220922,001,1795
939.7875,939.8073,17734,21475,Nyctalus noctula,0.014,0.021,-1,Echolocation,/mnt/ubna_data_02_mir/recover-20220922/UBNA_001/20220921_090000.WAV,Telephone Field,recover-20220922,001,1795
939.8075,939.8178,33203,39988,Eptesicus serotinus,0.009,0.028,-1,Echolocation,/mnt/ubna_data_02_mir/recover-20220922/UBNA_001/20220921_090000.WAV,Telephone Field,recover-20220922,001,1795
939.8085,939.8464,68437,81711,Rhinolophus ferrumequinum,0.024,0.024,-1,Echolocation,/mnt/ubna_data_02_mir/recover-20220922/UBNA_001/20220921_090000.WAV,Telephone Field,recover-20220922,001,1795
939.8555,939.897,68437,82781,Rhinolophus ferrumequinum,0.024,0.024,-1,Echolocation,/mnt/ubna_data_02_mir/recover-20220922/UBNA_001/20220921_090000.WAV,Telephone Field,recover-20220922,001,1795
939.8615,939.9026,68437,83141,Rhinolophus ferrumequinum,0.024,0.024,-1,Echolocation,/mnt/ubna_data_02_mir/recover-20220922/UBNA_001/20220921_090000.WAV,Telephone Field,recover-20220922,001,1795
939.8995,939.9393,68437,82297,Rhinolophus ferrumequinum,0.024,0.024,-1,Echolocation,/mnt/ubna_data_02_mir/recover-20220922/UBNA_001/20220921_090000.WAV,Telephone Field,recover-20220922,001,1795
939.9075,939.9455,68437,82462,Rhinolophus ferrumequinum,0.024,0.024,-1,Echolocation,/mnt/ubna_data_02_mir/recover-20220922/UBNA_001/20220921_090000.WAV,Telephone Field,recover-20220922,001,1795
939.9415,939.9498,28906,39515,Eptesicus serotinus,0.009,0.026,-1,Echolocation,/mnt/ubna_data_02_mir/recover-20220922/UBNA_001/20220921_090000.WAV,Telephone Field,recover-20220922,001,1795
939.9485,939.9891,68437,82174,Rhinolophus ferrumequinum,0.021,0.021,-1,Echolocation,/mnt/ubna_data_02_mir/recover-20220922/UBNA_001/20220921_090000.WAV,Telephone Field,recover-20220922,001,1795
939.9595,939.9988,68437,82368,Rhinolophus ferrumequinum,0.029,0.029,-1,Echolocation,/mnt/ubna_data_02_mir/recover-20220922/UBNA_001/20220921_090000.WAV,Telephone Field,recover-20220922,001,1795
939.9655,939.9759,24609,30784,Nyctalus leisleri,0.009,0.024,-1,Echolocation,/mnt/ubna_data_02_mir/recover-20220922/UBNA_001/20220921_090000.WAV,Telephone Field,recover-20220922,001,1795
939.9805,939.9916,22890,28256,Nyctalus leisleri,0.011,0.022,-1,Echolocation,/mnt/ubna_data_02_mir/recover-20220922/UBNA_001/20220921_090000.WAV,Telephone Field,recover-20220922,001,1795
940.0015,940.01,26328,36300,Eptesicus serotinus,0.007,0.029,-1,Echolocation,/mnt/ubna_data_02_mir/recover-20220922/UBNA_001/20220921_090000.WAV,Telephone Field,recover-20220922,001,1795
940.0025,940.0448,68437,81408,Rhinolophus ferrumequinum,0.027,0.028,-1,Echolocation,/mnt/ubna_data_02_mir/recover-20220922/UBNA_001/20220921_090000.WAV,Telephone Field,recover-20220922,001,1795
940.0105,940.0521,68437,81854,Rhinolophus ferrumequinum,0.022,0.022,-1,Echolocation,/mnt/ubna_data_02_mir/recover-20220922/UBNA_001/20220921_090000.WAV,Telephone Field,recover-20220922,001,1795
940.0455,940.0551,28906,37183,Eptesicus serotinus,0.01,0.023,-1,Echolocation,/mnt/ubna_data_02_mir/recover-20220922/UBNA_001/20220921_090000.WAV,Telephone Field,recover-20220922,001,1795
940.0775,940.1194,68437,82746,Rhinolophus ferrumequinum,0.028,0.028,-1,Echolocation,/mnt/ubna_data_02_mir/recover-20220922/UBNA_001/20220921_090000.WAV,Telephone Field,recover-20220922,001,1795
940.0795,940.0892,23750,30423,Nyctalus leisleri,0.008,0.023,-1,Echolocation,/mnt/ubna_data_02_mir/recover-20220922/UBNA_001/20220921_090000.WAV,Telephone Field,recover-20220922,001,1795
940.1155,940.153,68437,81935,Rhinolophus ferrumequinum,0.033,0.034,-1,Echolocation,/mnt/ubna_data_02_mir/recover-20220922/UBNA_001/20220921_090000.WAV,Telephone Field,recover-20220922,001,1795
940.1265,940.1375,22890,28098,Nyctalus leisleri,0.011,0.023,-1,Echolocation,/mnt/ubna_data_02_mir/recover-20220922/UBNA_001/20220921_090000.WAV,Telephone Field,recover-20220922,001,1795
940.1305,940.1682,68437,81864,Rhinolophus ferrumequinum,0.023,0.023,-1,Echolocation,/mnt/ubna_data_02_mir/recover-20220922/UBNA_001/20220921_090000.WAV,Telephone Field,recover-20220922,001,1795
940.1385,940.1753,68437,81388,Rhinolophus ferrumequinum,0.023,0.023,-1,Echolocation,/mnt/ubna_data_02_mir/recover-20220922/UBNA_001/20220921_090000.WAV,Telephone Field,recover-20220922,001,1795
940.1475,940.1863,68437,82052,Rhinolophus ferrumequinum,0.023,0.023,-1,Echolocation,/mnt/ubna_data_02_mir/recover-20220922/UBNA_001/20220921_090000.WAV,Telephone Field,recover-20220922,001,1795
940.1795,940.2217,68437,82754,Rhinolophus ferrumequinum,0.042,0.042,-1,Echolocation,/mnt/ubna_data_02_mir/recover-20220922/UBNA_001/20220921_090000.WAV,Telephone Field,recover-20220922,001,1795
940.2035,940.2422,68437,82352,Rhinolophus ferrumequinum,0.028,0.028,-1,Echolocation,/mnt/ubna_data_02_mir/recover-20220922/UBNA_001/20220921_090000.WAV,Telephone Field,recover-20220922,001,1795
940.2155,940.2573,68437,82906,Rhinolophus ferrumequinum,0.026,0.026,-1,Echolocation,/mnt/ubna_data_02_mir/recover-20220922/UBNA_001/20220921_090000.WAV,Telephone Field,recover-20220922,001,1795
940.2485,940.2591,28046,37187,Eptesicus serotinus,0.013,0.027,-1,Echolocation,/mnt/ubna_data_02_mir/recover-20220922/UBNA_001/20220921_090000.WAV,Telephone Field,recover-20220922,001,1795
940.2595,940.2654,25468,36467,Plecotus austriacus,0.023,0.049,-1,Echolocation,/mnt/ubna_data_02_mir/recover-20220922/UBNA_001/20220921_090000.WAV,Telephone Field,recover-20220922,001,1795
940.2665,940.3048,68437,81720,Rhinolophus ferrumequinum,0.023,0.023,-1,Echolocation,/mnt/ubna_data_02_mir/recover-20220922/UBNA_001/20220921_090000.WAV,Telephone Field,recover-20220922,001,1795
940.2755,940.3146,68437,82479,Rhinolophus ferrumequinum,0.024,0.024,-1,Echolocation,/mnt/ubna_data_02_mir/recover-20220922/UBNA_001/20220921_090000.WAV,Telephone Field,recover-20220922,001,1795
940.2845,940.2943,28046,35623,Eptesicus serotinus,0.009,0.022,-1,Echolocation,/mnt/ubna_data_02_mir/recover-20220922/UBNA_001/20220921_090000.WAV,Telephone Field,recover-20220922,001,1795
940.3145,940.3559,68437,82911,Rhinolophus ferrumequinum,0.026,0.026,-1,Echolocation,/mnt/ubna_data_02_mir/recover-20220922/UBNA_001/20220921_090000.WAV,Telephone Field,recover-20220922,001,1795
940.3705,940.4091,68437,82291,Rhinolophus ferrumequinum,0.022,0.022,-1,Echolocation,/mnt/ubna_data_02_mir/recover-20220922/UBNA_001/20220921_090000.WAV,Telephone Field,recover-20220922,001,1795
940.3875,940.4247,68437,81615,Rhinolophus ferrumequinum,0.032,0.032,-1,Echolocation,/mnt/ubna_data_02_mir/recover-20220922/UBNA_001/20220921_090000.WAV,Telephone Field,recover-20220922,001,1795
940.4525,940.4926,68437,82393,Rhinolophus ferrumequinum,0.022,0.022,-1,Echolocation,/mnt/ubna_data_02_mir/recover-20220922/UBNA_001/20220921_090000.WAV,Telephone Field,recover-20220922,001,1795
940.4545,940.4651,28906,35416,Eptesicus serotinus,0.014,0.028,-1,Echolocation,/mnt/ubna_data_02_mir/recover-20220922/UBNA_001/20220921_090000.WAV,Telephone Field,recover-20220922,001,1795
940.4715,940.5147,68437,83098,Rhinolophus ferrumequinum,0.046,0.046,-1,Echolocation,/mnt/ubna_data_02_mir/recover-20220922/UBNA_001/20220921_090000.WAV,Telephone Field,recover-20220922,001,1795
940.4865,940.5249,68437,82434,Rhinolophus ferrumequinum,0.024,0.024,-1,Echolocation,/mnt/ubna_data_02_mir/recover-20220922/UBNA_001/20220921_090000.WAV,Telephone Field,recover-20220922,001,1795
940.5145,940.5228,27187,36908,Eptesicus serotinus,0.011,0.026,-1,Echolocation,/mnt/ubna_data_02_mir/recover-20220922/UBNA_001/20220921_090000.WAV,Telephone Field,recover-20220922,001,1795
940.5345,940.5724,68437,81477,Rhinolophus ferrumequinum,0.024,0.024,-1,Echolocation,/mnt/ubna_data_02_mir/recover-20220922/UBNA_001/20220921_090000.WAV,Telephone Field,recover-20220922,001,1795
940.5475,940.5873,68437,82420,Rhinolophus ferrumequinum,0.023,0.023,-1,Echolocation,/mnt/ubna_data_02_mir/recover-20220922/UBNA_001/20220921_090000.WAV,Telephone Field,recover-20220922,001,1795
940.5595,940.5671,47812,52228,Pipistrellus pipistrellus,0.026,0.027,-1,Echolocation,/mnt/ubna_data_02_mir/recover-20220922/UBNA_001/20220921_090000.WAV,Telephone Field,recover-20220922,001,1795
940.5755,940.617,68437,82739,Rhinolophus ferrumequinum,0.026,0.026,-1,Echolocation,/mnt/ubna_data_02_mir/recover-20220922/UBNA_001/20220921_090000.WAV,Telephone Field,recover-20220922,001,1795
940.6195,940.6303,22890,27886,Nyctalus leisleri,0.014,0.028,-1,Echolocation,/mnt/ubna_data_02_mir/recover-20220922/UBNA_001/20220921_090000.WAV,Telephone Field,recover-20220922,001,1795
940.6735,940.6822,28906,38194,Eptesicus serotinus,0.009,0.024,-1,Echolocation,/mnt/ubna_data_02_mir/recover-20220922/UBNA_001/20220921_090000.WAV,Telephone Field,recover-20220922,001,1795
940.6865,940.724,68437,82007,Rhinolophus ferrumequinum,0.024,0.024,-1,Echolocation,/mnt/ubna_data_02_mir/recover-20220922/UBNA_001/20220921_090000.WAV,Telephone Field,recover-20220922,001,1795
940.7065,940.7447,68437,82229,Rhinolophus ferrumequinum,0.022,0.022,-1,Echolocation,/mnt/ubna_data_02_mir/recover-20220922/UBNA_001/20220921_090000.WAV,Telephone Field,recover-20220922,001,1795
940.7105,940.7201,28046,38596,Eptesicus serotinus,0.011,0.026,-1,Echolocation,/mnt/ubna_data_02_mir/recover-20220922/UBNA_001/20220921_090000.WAV,Telephone Field,recover-20220922,001,1795
940.7165,940.7534,68437,81957,Rhinolophus ferrumequinum,0.022,0.022,-1,Echolocation,/mnt/ubna_data_02_mir/recover-20220922/UBNA_001/20220921_090000.WAV,Telephone Field,recover-20220922,001,1795
940.7725,940.8153,68437,83067,Rhinolophus ferrumequinum,0.025,0.025,-1,Echolocation,/mnt/ubna_data_02_mir/recover-20220922/UBNA_001/20220921_090000.WAV,Telephone Field,recover-20220922,001,1795
940.7825,940.8241,68437,82902,Rhinolophus ferrumequinum,0.024,0.024,-1,Echolocation,/mnt/ubna_data_02_mir/recover-20220922/UBNA_001/20220921_090000.WAV,Telephone Field,recover-20220922,001,1795
940.8155,940.8267,28046,35570,Eptesicus serotinus,0.016,0.029,-1,Echolocation,/mnt/ubna_data_02_mir/recover-20220922/UBNA_001/20220921_090000.WAV,Telephone Field,recover-20220922,001,1795
940.8185,940.8564,68437,81298,Rhinolophus ferrumequinum,0.022,0.022,-1,Echolocation,/mnt/ubna_data_02_mir/recover-20220922/UBNA_001/20220921_090000.WAV,Telephone Field,recover-20220922,001,1795
940.8335,940.8729,68437,82718,Rhinolophus ferrumequinum,0.025,0.025,-1,Echolocation,/mnt/ubna_data_02_mir/recover-20220922/UBNA_001/20220921_090000.WAV,Telephone Field,recover-20220922,001,1795
940.8415,940.8802,68437,82223,Rhinolophus ferrumequinum,0.024,0.024,-1,Echolocation,/mnt/ubna_data_02_mir/recover-20220922/UBNA_001/20220921_090000.WAV,Telephone Field,recover-20220922,001,1795
940.8665,940.8726,47812,55129,Pipistrellus pipistrellus,0.025,0.028,-1,Echolocation,/mnt/ubna_data_02_mir/recover-20220922/UBNA_001/20220921_090000.WAV,Telephone Field,recover-20220922,001,1795
940.8815,940.9206,68437,82502,Rhinolophus ferrumequinum,0.025,0.025,-1,Echolocation,/mnt/ubna_data_02_mir/recover-20220922/UBNA_001/20220921_090000.WAV,Telephone Field,recover-20220922,001,1795
940.9055,940.9436,68437,81757,Rhinolophus ferrumequinum,0.023,0.023,-1,Echolocation,/mnt/ubna_data_02_mir/recover-20220922/UBNA_001/20220921_090000.WAV,Telephone Field,recover-20220922,001,1795
940.9275,940.9431,22031,25175,Nyctalus leisleri,0.024,0.037,-1,Echolocation,/mnt/ubna_data_02_mir/recover-20220922/UBNA_001/20220921_090000.WAV,Telephone Field,recover-20220922,001,1795
940.9435,940.988,68437,83315,Rhinolophus ferrumequinum,0.069,0.069,-1,Echolocation,/mnt/ubna_data_02_mir/recover-20220922/UBNA_001/20220921_090000.WAV,Telephone Field,recover-20220922,001,1795
940.9705,941.0091,68437,81607,Rhinolophus ferrumequinum,0.023,0.023,-1,Echolocation,/mnt/ubna_data_02_mir/recover-20220922/UBNA_001/20220921_090000.WAV,Telephone Field,recover-20220922,001,1795
940.9775,941.0165,68437,82112,Rhinolophus ferrumequinum,0.023,0.023,-1,Echolocation,/mnt/ubna_data_02_mir/recover-20220922/UBNA_001/20220921_090000.WAV,Telephone Field,recover-20220922,001,1795
940.9925,941.0041,23750,29757,Nyctalus leisleri,0.011,0.024,-1,Echolocation,/mnt/ubna_data_02_mir/recover-20220922/UBNA_001/20220921_090000.WAV,Telephone Field,recover-20220922,001,1795
941.0115,941.0511,68437,82149,Rhinolophus ferrumequinum,0.024,0.024,-1,Echolocation,/mnt/ubna_data_02_mir/recover-20220922/UBNA_001/20220921_090000.WAV,Telephone Field,recover-20220922,001,1795
941.0165,941.0273,44375,50684,Pipistrellus pipistrellus,0.029,0.042,-1,Echolocation,/mnt/ubna_data_02_mir/recover-20220922/UBNA_001/20220921_090000.WAV,Telephone Field,recover-20220922,001,1795
941.0465,941.0847,68437,82029,Rhinolophus ferrumequinum,0.023,0.023,-1,Echolocation,/mnt/ubna_data_02_mir/recover-20220922/UBNA_001/20220921_090000.WAV,Telephone Field,recover-20220922,001,1795
941.0795,941.1162,68437,81482,Rhinolophus ferrumequinum,0.022,0.022,-1,Echolocation,/mnt/ubna_data_02_mir/recover-20220922/UBNA_001/20220921_090000.WAV,Telephone Field,recover-20220922,001,1795
941.1175,941.1589,68437,82992,Rhinolophus ferrumequinum,0.038,0.038,-1,Echolocation,/mnt/ubna_data_02_mir/recover-20220922/UBNA_001/20220921_090000.WAV,Telephone Field,recover-20220922,001,1795
941.1475,941.1913,68437,83120,Rhinolophus ferrumequinum,0.026,0.026,-1,Echolocation,/mnt/ubna_data_02_mir/recover-20220922/UBNA_001/20220921_090000.WAV,Telephone Field,recover-20220922,001,1795
941.1775,941.2145,68437,82003,Rhinolophus ferrumequinum,0.022,0.022,-1,Echolocation,/mnt/ubna_data_02_mir/recover-20220922/UBNA_001/20220921_090000.WAV,Telephone Field,recover-20220922,001,1795
941.2155,941.258,68437,82533,Rhinolophus ferrumequinum,0.029,0.029,-1,Echolocation,/mnt/ubna_data_02_mir/recover-20220922/UBNA_001/20220921_090000.WAV,Telephone Field,recover-20220922,001,1795
941.2345,941.2487,23750,27666,Nyctalus leisleri,0.026,0.05,-1,Echolocation,/mnt/ubna_data_02_mir/recover-20220922/UBNA_001/20220921_090000.WAV,Telephone Field,recover-20220922,001,1795
941.2445,941.2849,68437,82428,Rhinolophus ferrumequinum,0.023,0.023,-1,Echolocation,/mnt/ubna_data_02_mir/recover-20220922/UBNA_001/20220921_090000.WAV,Telephone Field,recover-20220922,001,1795
941.2475,941.2567,25468,33222,Eptesicus serotinus,0.014,0.036,-1,Echolocation,/mnt/ubna_data_02_mir/recover-20220922/UBNA_001/20220921_090000.WAV,Telephone Field,recover-20220922,001,1795
941.2665,941.3045,68437,81299,Rhinolophus ferrumequinum,0.024,0.024,-1,Echolocation,/mnt/ubna_data_02_mir/recover-20220922/UBNA_001/20220921_090000.WAV,Telephone Field,recover-20220922,001,1795
941.2825,941.3218,68437,81544,Rhinolophus ferrumequinum,0.023,0.023,-1,Echolocation,/mnt/ubna_data_02_mir/recover-20220922/UBNA_001/20220921_090000.WAV,Telephone Field,recover-20220922,001,1795
941.3075,941.3444,68437,81386,Rhinolophus ferrumequinum,0.022,0.022,-1,Echolocation,/mnt/ubna_data_02_mir/recover-20220922/UBNA_001/20220921_090000.WAV,Telephone Field,recover-20220922,001,1795
941.3085,941.3166,26328,34874,Plecotus austriacus,0.012,0.047,-1,Echolocation,/mnt/ubna_data_02_mir/recover-20220922/UBNA_001/20220921_090000.WAV,Telephone Field,recover-20220922,001,1795
941.3125,941.3523,68437,81871,Rhinolophus ferrumequinum,0.022,0.022,-1,Echolocation,/mnt/ubna_data_02_mir/recover-20220922/UBNA_001/20220921_090000.WAV,Telephone Field,recover-20220922,001,1795
941.3415,941.3525,27187,34563,Eptesicus serotinus,0.015,0.03,-1,Echolocation,/mnt/ubna_data_02_mir/recover-20220922/UBNA_001/20220921_090000.WAV,Telephone Field,recover-20220922,001,1795
941.3615,941.4011,68437,82124,Rhinolophus ferrumequinum,0.027,0.027,-1,Echolocation,/mnt/ubna_data_02_mir/recover-20220922/UBNA_001/20220921_090000.WAV,Telephone Field,recover-20220922,001,1795
941.3715,941.4116,68437,82857,Rhinolophus ferrumequinum,0.026,0.026,-1,Echolocation,/mnt/ubna_data_02_mir/recover-20220922/UBNA_001/20220921_090000.WAV,Telephone Field,recover-20220922,001,1795
941.3815,941.3883,28046,39536,Eptesicus serotinus,0.005,0.022,-1,Echolocation,/mnt/ubna_data_02_mir/recover-20220922/UBNA_001/20220921_090000.WAV,Telephone Field,recover-20220922,001,1795
941.4225,941.4298,26328,35838,Plecotus austriacus,0.008,0.029,-1,Echolocation,/mnt/ubna_data_02_mir/recover-20220922/UBNA_001/20220921_090000.WAV,Telephone Field,recover-20220922,001,1795
941.4665,941.5079,68437,82800,Rhinolophus ferrumequinum,0.027,0.027,-1,Echolocation,/mnt/ubna_data_02_mir/recover-20220922/UBNA_001/20220921_090000.WAV,Telephone Field,recover-20220922,001,1795
941.4925,941.5001,28046,39471,Eptesicus serotinus,0.008,0.026,-1,Echolocation,/mnt/ubna_data_02_mir/recover-20220922/UBNA_001/20220921_090000.WAV,Telephone Field,recover-20220922,001,1795
941.5165,941.5283,23750,27392,Nyctalus leisleri,0.024,0.038,-1,Echolocation,/mnt/ubna_data_02_mir/recover-20220922/UBNA_001/20220921_090000.WAV,Telephone Field,recover-20220922,001,1795
941.5335,941.5413,28046,39654,Eptesicus serotinus,0.007,0.022,-1,Echolocation,/mnt/ubna_data_02_mir/recover-20220922/UBNA_001/20220921_090000.WAV,Telephone Field,recover-20220922,001,1795
941.5675,941.574,28046,38082,Eptesicus serotinus,0.01,0.035,-1,Echolocation,/mnt/ubna_data_02_mir/recover-20220922/UBNA_001/20220921_090000.WAV,Telephone Field,recover-20220922,001,1795
941.5895,941.6283,68437,82255,Rhinolophus ferrumequinum,0.023,0.023,-1,Echolocation,/mnt/ubna_data_02_mir/recover-20220922/UBNA_001/20220921_090000.WAV,Telephone Field,recover-20220922,001,1795
941.6695,941.7086,68437,81930,Rhinolophus ferrumequinum,0.022,0.022,-1,Echolocation,/mnt/ubna_data_02_mir/recover-20220922/UBNA_001/20220921_090000.WAV,Telephone Field,recover-20220922,001,1795
941.7485,941.7882,68437,82250,Rhinolophus ferrumequinum,0.023,0.023,-1,Echolocation,/mnt/ubna_data_02_mir/recover-20220922/UBNA_001/20220921_090000.WAV,Telephone Field,recover-20220922,001,1795
941.7505,941.7595,29765,38839,Eptesicus serotinus,0.008,0.025,-1,Echolocation,/mnt/ubna_data_02_mir/recover-20220922/UBNA_001/20220921_090000.WAV,Telephone Field,recover-20220922,001,1795
941.7915,941.8273,68437,81364,Rhinolophus ferrumequinum,0.022,0.022,-1,Echolocation,/mnt/ubna_data_02_mir/recover-20220922/UBNA_001/20220921_090000.WAV,Telephone Field,recover-20220922,001,1795
941.7965,941.8046,28906,39021,Eptesicus serotinus,0.007,0.022,-1,Echolocation,/mnt/ubna_data_02_mir/recover-20220922/UBNA_001/20220921_090000.WAV,Telephone Field,recover-20220922,001,1795
941.8315,941.8741,68437,82972,Rhinolophus ferrumequinum,0.027,0.027,-1,Echolocation,/mnt/ubna_data_02_mir/recover-20220922/UBNA_001/20220921_090000.WAV,Telephone Field,recover-20220922,001,1795
941.8325,941.8424,22031,27246,Nyctalus leisleri,0.009,0.022,-1,Echolocation,/mnt/ubna_data_02_mir/recover-20220922/UBNA_001/20220921_090000.WAV,Telephone Field,recover-20220922,001,1795
941.8755,941.9123,68437,81567,Rhinolophus ferrumequinum,0.025,0.025,-1,Echolocation,/mnt/ubna_data_02_mir/recover-20220922/UBNA_001/20220921_090000.WAV,Telephone Field,recover-20220922,001,1795
941.8965,941.937,68437,82043,Rhinolophus ferrumequinum,0.027,0.027,-1,Echolocation,/mnt/ubna_data_02_mir/recover-20220922/UBNA_001/20220921_090000.WAV,Telephone Field,recover-20220922,001,1795
941.9195,941.93,23750,30367,Nyctalus leisleri,0.009,0.024,-1,Echolocation,/mnt/ubna_data_02_mir/recover-20220922/UBNA_001/20220921_090000.WAV,Telephone Field,recover-20220922,001,1795
941.9235,941.9655,68437,82612,Rhinolophus ferrumequinum,0.025,0.025,-1,Echolocation,/mnt/ubna_data_02_mir/recover-20220922/UBNA_001/20220921_090000.WAV,Telephone Field,recover-20220922,001,1795
941.9245,941.9347,28046,36163,Eptesicus serotinus,0.011,0.026,-1,Echolocation,/mnt/ubna_data_02_mir/recover-20220922/UBNA_001/20220921_090000.WAV,Telephone Field,recover-20220922,001,1795
941.9405,941.9524,23750,28893,Nyctalus leisleri,0.012,0.024,-1,Echolocation,/mnt/ubna_data_02_mir/recover-20220922/UBNA_001/20220921_090000.WAV,Telephone Field,recover-20220922,001,1795
941.9525,941.9931,68437,82071,Rhinolophus ferrumequinum,0.022,0.022,-1,Echolocation,/mnt/ubna_data_02_mir/recover-20220922/UBNA_001/20220921_090000.WAV,Telephone Field,recover-20220922,001,1795
941.9605,941.9711,28906,36473,Eptesicus serotinus,0.01,0.023,-1,Echolocation,/mnt/ubna_data_02_mir/recover-20220922/UBNA_001/20220921_090000.WAV,Telephone Field,recover-20220922,001,1795
941.9705,941.9808,22890,28688,Nyctalus leisleri,0.009,0.022,-1,Echolocation,/mnt/ubna_data_02_mir/recover-20220922/UBNA_001/20220921_090000.WAV,Telephone Field,recover-20220922,001,1795
942.0015,942.0343,69296,80612,Rhinolophus ferrumequinum,0.032,0.032,-1,Echolocation,/mnt/ubna_data_02_mir/recover-20220922/UBNA_001/20220921_090000.WAV,Telephone Field,recover-20220922,001,1795
942.0015,942.0095,22031,30463,Nyctalus leisleri,0.009,0.029,-1,Echolocation,/mnt/ubna_data_02_mir/recover-20220922/UBNA_001/20220921_090000.WAV,Telephone Field,recover-20220922,001,1795
942.0095,942.0502,68437,81708,Rhinolophus ferrumequinum,0.022,0.022,-1,Echolocation,/mnt/ubna_data_02_mir/recover-20220922/UBNA_001/20220921_090000.WAV,Telephone Field,recover-20220922,001,1795
942.0255,942.0358,27187,34160,Eptesicus serotinus,0.016,0.03,-1,Echolocation,/mnt/ubna_data_02_mir/recover-20220922/UBNA_001/20220921_090000.WAV,Telephone Field,recover-20220922,001,1795
942.0505,942.0586,27187,36293,Eptesicus serotinus,0.009,0.022,-1,Echolocation,/mnt/ubna_data_02_mir/recover-20220922/UBNA_001/20220921_090000.WAV,Telephone Field,recover-20220922,001,1795
942.0535,942.0877,68437,80315,Rhinolophus ferrumequinum,0.021,0.021,-1,Echolocation,/mnt/ubna_data_02_mir/recover-20220922/UBNA_001/20220921_090000.WAV,Telephone Field,recover-20220922,001,1795
942.0835,942.1218,68437,82015,Rhinolophus ferrumequinum,0.024,0.025,-1,Echolocation,/mnt/ubna_data_02_mir/recover-20220922/UBNA_001/20220921_090000.WAV,Telephone Field,recover-20220922,001,1795
942.1255,942.1642,68437,82051,Rhinolophus ferrumequinum,0.022,0.022,-1,Echolocation,/mnt/ubna_data_02_mir/recover-20220922/UBNA_001/20220921_090000.WAV,Telephone Field,recover-20220922,001,1795
942.1615,942.1716,24609,31197,Nyctalus leisleri,0.01,0.028,-1,Echolocation,/mnt/ubna_data_02_mir/recover-20220922/UBNA_001/20220921_090000.WAV,Telephone Field,recover-20220922,001,1795
942.1825,942.1902,28906,39227,Eptesicus serotinus,0.006,0.02,-1,Echolocation,/mnt/ubna_data_02_mir/recover-20220922/UBNA_001/20220921_090000.WAV,Telephone Field,recover-20220922,001,1795
942.1955,942.2318,68437,81426,Rhinolophus ferrumequinum,0.021,0.021,-1,Echolocation,/mnt/ubna_data_02_mir/recover-20220922/UBNA_001/20220921_090000.WAV,Telephone Field,recover-20220922,001,1795
942.2295,942.2668,68437,81685,Rhinolophus ferrumequinum,0.025,0.025,-1,Echolocation,/mnt/ubna_data_02_mir/recover-20220922/UBNA_001/20220921_090000.WAV,Telephone Field,recover-20220922,001,1795
942.2355,942.2423,26328,40785,Eptesicus serotinus,0.005,0.02,-1,Echolocation,/mnt/ubna_data_02_mir/recover-20220922/UBNA_001/20220921_090000.WAV,Telephone Field,recover-20220922,001,1795
942.2475,942.2552,46093,55834,Pipistrellus pipistrellus,0.015,0.021,-1,Echolocation,/mnt/ubna_data_02_mir/recover-20220922/UBNA_001/20220921_090000.WAV,Telephone Field,recover-20220922,001,1795
942.2855,942.3034,19453,22253,Nyctalus leisleri,0.013,0.023,-1,Echolocation,/mnt/ubna_data_02_mir/recover-20220922/UBNA_001/20220921_090000.WAV,Telephone Field,recover-20220922,001,1795
942.3075,942.3503,68437,82919,Rhinolophus ferrumequinum,0.025,0.025,-1,Echolocation,/mnt/ubna_data_02_mir/recover-20220922/UBNA_001/20220921_090000.WAV,Telephone Field,recover-20220922,001,1795
942.3155,942.3259,22890,28557,Nyctalus leisleri,0.009,0.022,-1,Echolocation,/mnt/ubna_data_02_mir/recover-20220922/UBNA_001/20220921_090000.WAV,Telephone Field,recover-20220922,001,1795
942.3335,942.3701,68437,81909,Rhinolophus ferrumequinum,0.023,0.023,-1,Echolocation,/mnt/ubna_data_02_mir/recover-20220922/UBNA_001/20220921_090000.WAV,Telephone Field,recover-20220922,001,1795
942.3345,942.3423,28046,38750,Eptesicus serotinus,0.007,0.021,-1,Echolocation,/mnt/ubna_data_02_mir/recover-20220922/UBNA_001/20220921_090000.WAV,Telephone Field,recover-20220922,001,1795
942.3645,942.4013,68437,82467,Rhinolophus ferrumequinum,0.021,0.021,-1,Echolocation,/mnt/ubna_data_02_mir/recover-20220922/UBNA_001/20220921_090000.WAV,Telephone Field,recover-20220922,001,1795
942.3825,942.4198,68437,82013,Rhinolophus ferrumequinum,0.022,0.022,-1,Echolocation,/mnt/ubna_data_02_mir/recover-20220922/UBNA_001/20220921_090000.WAV,Telephone Field,recover-20220922,001,1795
942.4025,942.4381,68437,82121,Rhinolophus ferrumequinum,0.021,0.021,-1,Echolocation,/mnt/ubna_data_02_mir/recover-20220922/UBNA_001/20220921_090000.WAV,Telephone Field,recover-20220922,001,1795
942.4195,942.4273,25468,34544,Eptesicus serotinus,0.007,0.022,-1,Echolocation,/mnt/ubna_data_02_mir/recover-20220922/UBNA_001/20220921_090000.WAV,Telephone Field,recover-20220922,001,1795
942.4325,942.4729,68437,82224,Rhinolophus ferrumequinum,0.021,0.021,-1,Echolocation,/mnt/ubna_data_02_mir/recover-20220922/UBNA_001/20220921_090000.WAV,Telephone Field,recover-20220922,001,1795
942.4735,942.484,38359,42902,Pipistrellus nathusii,0.013,0.022,-1,Echolocation,/mnt/ubna_data_02_mir/recover-20220922/UBNA_001/20220921_090000.WAV,Telephone Field,recover-20220922,001,1795
942.4825,942.4895,49531,55463,Pipistrellus pipistrellus,0.019,0.021,-1,Echolocation,/mnt/ubna_data_02_mir/recover-20220922/UBNA_001/20220921_090000.WAV,Telephone Field,recover-20220922,001,1795
942.5055,942.548,68437,83109,Rhinolophus ferrumequinum,0.023,0.023,-1,Echolocation,/mnt/ubna_data_02_mir/recover-20220922/UBNA_001/20220921_090000.WAV,Telephone Field,recover-20220922,001,1795
942.6065,942.6506,68437,83714,Rhinolophus ferrumequinum,0.032,0.032,-1,Echolocation,/mnt/ubna_data_02_mir/recover-20220922/UBNA_001/20220921_090000.WAV,Telephone Field,recover-20220922,001,1795
942.6265,942.6363,22031,27703,Nyctalus leisleri,0.008,0.024,-1,Echolocation,/mnt/ubna_data_02_mir/recover-20220922/UBNA_001/20220921_090000.WAV,Telephone Field,recover-20220922,001,1795
942.6315,942.6679,68437,81748,Rhinolophus ferrumequinum,0.02,0.02,-1,Echolocation,/mnt/ubna_data_02_mir/recover-20220922/UBNA_001/20220921_090000.WAV,Telephone Field,recover-20220922,001,1795
942.6755,942.6827,28046,41753,Eptesicus serotinus,0.007,0.023,-1,Echolocation,/mnt/ubna_data_02_mir/recover-20220922/UBNA_001/20220921_090000.WAV,Telephone Field,recover-20220922,001,1795
942.6875,942.6987,42656,45810,Pipistrellus pipistrellus,0.029,0.034,-1,Echolocation,/mnt/ubna_data_02_mir/recover-20220922/UBNA_001/20220921_090000.WAV,Telephone Field,recover-20220922,001,1795
942.6915,942.6996,27187,37536,Eptesicus serotinus,0.006,0.02,-1,Echolocation,/mnt/ubna_data_02_mir/recover-20220922/UBNA_001/20220921_090000.WAV,Telephone Field,recover-20220922,001,1795
942.7015,942.7136,23750,29485,Nyctalus leisleri,0.009,0.022,-1,Echolocation,/mnt/ubna_data_02_mir/recover-20220922/UBNA_001/20220921_090000.WAV,Telephone Field,recover-20220922,001,1795
942.7315,942.766,68437,80991,Rhinolophus ferrumequinum,0.024,0.024,-1,Echolocation,/mnt/ubna_data_02_mir/recover-20220922/UBNA_001/20220921_090000.WAV,Telephone Field,recover-20220922,001,1795
942.7815,942.8198,68437,82146,Rhinolophus ferrumequinum,0.021,0.021,-1,Echolocation,/mnt/ubna_data_02_mir/recover-20220922/UBNA_001/20220921_090000.WAV,Telephone Field,recover-20220922,001,1795
942.8075,942.8475,68437,82563,Rhinolophus ferrumequinum,0.032,0.032,-1,Echolocation,/mnt/ubna_data_02_mir/recover-20220922/UBNA_001/20220921_090000.WAV,Telephone Field,recover-20220922,001,1795
942.8545,942.8703,23750,29195,Nyctalus leisleri,0.019,0.039,-1,Echolocation,/mnt/ubna_data_02_mir/recover-20220922/UBNA_001/20220921_090000.WAV,Telephone Field,recover-20220922,001,1795
942.8555,942.8633,48671,55135,Pipistrellus pipistrellus,0.019,0.021,-1,Echolocation,/mnt/ubna_data_02_mir/recover-20220922/UBNA_001/20220921_090000.WAV,Telephone Field,recover-20220922,001,1795
942.8735,942.8816,28906,40062,Eptesicus serotinus,0.008,0.021,-1,Echolocation,/mnt/ubna_data_02_mir/recover-20220922/UBNA_001/20220921_090000.WAV,Telephone Field,recover-20220922,001,1795
942.8765,942.9157,68437,82680,Rhinolophus ferrumequinum,0.024,0.024,-1,Echolocation,/mnt/ubna_data_02_mir/recover-20220922/UBNA_001/20220921_090000.WAV,Telephone Field,recover-20220922,001,1795
942.8895,942.9026,22031,26123,Nyctalus leisleri,0.013,0.023,-1,Echolocation,/mnt/ubna_data_02_mir/recover-20220922/UBNA_001/20220921_090000.WAV,Telephone Field,recover-20220922,001,1795
942.9425,942.9508,55546,60377,Pipistrellus pygmaeus,0.02,0.021,-1,Echolocation,/mnt/ubna_data_02_mir/recover-20220922/UBNA_001/20220921_090000.WAV,Telephone Field,recover-20220922,001,1795
942.9735,943.0108,68437,81907,Rhinolophus ferrumequinum,0.02,0.02,-1,Echolocation,/mnt/ubna_data_02_mir/recover-20220922/UBNA_001/20220921_090000.WAV,Telephone Field,recover-20220922,001,1795
943.0005,943.0385,68437,82144,Rhinolophus ferrumequinum,0.027,0.027,-1,Echolocation,/mnt/ubna_data_02_mir/recover-20220922/UBNA_001/20220921_090000.WAV,Telephone Field,recover-20220922,001,1795
943.0205,943.031,27187,35716,Eptesicus serotinus,0.01,0.024,-1,Echolocation,/mnt/ubna_data_02_mir/recover-20220922/UBNA_001/20220921_090000.WAV,Telephone Field,recover-20220922,001,1795
943.0305,943.0401,28046,36024,Eptesicus serotinus,0.008,0.02,-1,Echolocation,/mnt/ubna_data_02_mir/recover-20220922/UBNA_001/20220921_090000.WAV,Telephone Field,recover-20220922,001,1795
943.0315,943.068,68437,80843,Rhinolophus ferrumequinum,0.021,0.021,-1,Echolocation,/mnt/ubna_data_02_mir/recover-20220922/UBNA_001/20220921_090000.WAV,Telephone Field,recover-20220922,001,1795
943.0475,943.0812,68437,81210,Rhinolophus ferrumequinum,0.021,0.021,-1,Echolocation,/mnt/ubna_data_02_mir/recover-20220922/UBNA_001/20220921_090000.WAV,Telephone Field,recover-20220922,001,1795
943.0785,943.0939,28046,32863,Eptesicus serotinus,0.029,0.051,-1,Echolocation,/mnt/ubna_data_02_mir/recover-20220922/UBNA_001/20220921_090000.WAV,Telephone Field,recover-20220922,001,1795
943.0935,943.1009,28906,38036,Eptesicus serotinus,0.01,0.025,-1,Echolocation,/mnt/ubna_data_02_mir/recover-20220922/UBNA_001/20220921_090000.WAV,Telephone Field,recover-20220922,001,1795
943.1195,943.1571,68437,82009,Rhinolophus ferrumequinum,0.022,0.022,-1,Echolocation,/mnt/ubna_data_02_mir/recover-20220922/UBNA_001/20220921_090000.WAV,Telephone Field,recover-20220922,001,1795
943.1265,943.1645,68437,82013,Rhinolophus ferrumequinum,0.021,0.021,-1,Echolocation,/mnt/ubna_data_02_mir/recover-20220922/UBNA_001/20220921_090000.WAV,Telephone Field,recover-20220922,001,1795
943.1385,943.1463,27187,37387,Eptesicus serotinus,0.007,0.021,-1,Echolocation,/mnt/ubna_data_02_mir/recover-20220922/UBNA_001/20220921_090000.WAV,Telephone Field,recover-20220922,001,1795
943.1715,943.2055,68437,81969,Rhinolophus ferrumequinum,0.021,0.021,-1,Echolocation,/mnt/ubna_data_02_mir/recover-20220922/UBNA_001/20220921_090000.WAV,Telephone Field,recover-20220922,001,1795
943.1995,943.2392,68437,82754,Rhinolophus ferrumequinum,0.023,0.023,-1,Echolocation,/mnt/ubna_data_02_mir/recover-20220922/UBNA_001/20220921_090000.WAV,Telephone Field,recover-20220922,001,1795
943.2185,943.2255,26328,41309,Eptesicus serotinus,0.007,0.023,-1,Echolocation,/mnt/ubna_data_02_mir/recover-20220922/UBNA_001/20220921_090000.WAV,Telephone Field,recover-20220922,001,1795
943.2325,943.2429,23750,29742,Nyctalus leisleri,0.008,0.021,-1,Echolocation,/mnt/ubna_data_02_mir/recover-20220922/UBNA_001/20220921_090000.WAV,Telephone Field,recover-20220922,001,1795
943.2505,943.2915,68437,82692,Rhinolophus ferrumequinum,0.026,0.026,-1,Echolocation,/mnt/ubna_data_02_mir/recover-20220922/UBNA_001/20220921_090000.WAV,Telephone Field,recover-20220922,001,1795
943.2705,943.279,28046,37922,Eptesicus serotinus,0.009,0.024,-1,Echolocation,/mnt/ubna_data_02_mir/recover-20220922/UBNA_001/20220921_090000.WAV,Telephone Field,recover-20220922,001,1795
943.2785,943.319,68437,82385,Rhinolophus ferrumequinum,0.022,0.022,-1,Echolocation,/mnt/ubna_data_02_mir/recover-20220922/UBNA_001/20220921_090000.WAV,Telephone Field,recover-20220922,001,1795
943.2975,943.3103,37500,41827,Pipistrellus nathusii,0.014,0.023,-1,Echolocation,/mnt/ubna_data_02_mir/recover-20220922/UBNA_001/20220921_090000.WAV,Telephone Field,recover-20220922,001,1795
943.3115,943.3517,68437,82373,Rhinolophus ferrumequinum,0.023,0.023,-1,Echolocation,/mnt/ubna_data_02_mir/recover-20220922/UBNA_001/20220921_090000.WAV,Telephone Field,recover-20220922,001,1795
943.3235,943.3616,68437,82804,Rhinolophus ferrumequinum,0.024,0.024,-1,Echolocation,/mnt/ubna_data_02_mir/recover-20220922/UBNA_001/20220921_090000.WAV,Telephone Field,recover-20220922,001,1795
943.3275,943.3418,22890,26901,Nyctalus leisleri,0.013,0.023,-1,Echolocation,/mnt/ubna_data_02_mir/recover-20220922/UBNA_001/20220921_090000.WAV,Telephone Field,recover-20220922,001,1795
943.3395,943.3807,68437,83180,Rhinolophus ferrumequinum,0.03,0.03,-1,Echolocation,/mnt/ubna_data_02_mir/recover-20220922/UBNA_001/20220921_090000.WAV,Telephone Field,recover-20220922,001,1795
943.3665,943.4045,68437,82239,Rhinolophus ferrumequinum,0.021,0.021,-1,Echolocation,/mnt/ubna_data_02_mir/recover-20220922/UBNA_001/20220921_090000.WAV,Telephone Field,recover-20220922,001,1795
943.3775,943.4151,68437,81850,Rhinolophus ferrumequinum,0.027,0.027,-1,Echolocation,/mnt/ubna_data_02_mir/recover-20220922/UBNA_001/20220921_090000.WAV,Telephone Field,recover-20220922,001,1795
943.4015,943.4382,68437,81461,Rhinolophus ferrumequinum,0.023,0.023,-1,Echolocation,/mnt/ubna_data_02_mir/recover-20220922/UBNA_001/20220921_090000.WAV,Telephone Field,recover-20220922,001,1795
943.4215,943.4613,68437,82219,Rhinolophus ferrumequinum,0.021,0.021,-1,Echolocation,/mnt/ubna_data_02_mir/recover-20220922/UBNA_001/20220921_090000.WAV,Telephone Field,recover-20220922,001,1795
943.4315,943.4691,68437,82126,Rhinolophus ferrumequinum,0.025,0.025,-1,Echolocation,/mnt/ubna_data_02_mir/recover-20220922/UBNA_001/20220921_090000.WAV,Telephone Field,recover-20220922,001,1795
943.4635,943.5032,68437,82927,Rhinolophus ferrumequinum,0.029,0.029,-1,Echolocation,/mnt/ubna_data_02_mir/recover-20220922/UBNA_001/20220921_090000.WAV,Telephone Field,recover-20220922,001,1795
943.4785,943.5205,68437,83148,Rhinolophus ferrumequinum,0.029,0.029,-1,Echolocation,/mnt/ubna_data_02_mir/recover-20220922/UBNA_001/20220921_090000.WAV,Telephone Field,recover-20220922,001,1795
943.5135,943.5235,28046,36225,Eptesicus serotinus,0.009,0.02,-1,Echolocation,/mnt/ubna_data_02_mir/recover-20220922/UBNA_001/20220921_090000.WAV,Telephone Field,recover-20220922,001,1795
943.5425,943.5823,68437,82398,Rhinolophus ferrumequinum,0.025,0.025,-1,Echolocation,/mnt/ubna_data_02_mir/recover-20220922/UBNA_001/20220921_090000.WAV,Telephone Field,recover-20220922,001,1795
943.5745,943.6124,68437,81953,Rhinolophus ferrumequinum,0.021,0.021,-1,Echolocation,/mnt/ubna_data_02_mir/recover-20220922/UBNA_001/20220921_090000.WAV,Telephone Field,recover-20220922,001,1795
943.5855,943.6269,68437,82046,Rhinolophus ferrumequinum,0.02,0.02,-1,Echolocation,/mnt/ubna_data_02_mir/recover-20220922/UBNA_001/20220921_090000.WAV,Telephone Field,recover-20220922,001,1795
943.5875,943.5974,25468,32386,Nyctalus leisleri,0.007,0.021,-1,Echolocation,/mnt/ubna_data_02_mir/recover-20220922/UBNA_001/20220921_090000.WAV,Telephone Field,recover-20220922,001,1795
943.6025,943.6115,28906,38776,Eptesicus serotinus,0.008,0.023,-1,Echolocation,/mnt/ubna_data_02_mir/recover-20220922/UBNA_001/20220921_090000.WAV,Telephone Field,recover-20220922,001,1795
943.6075,943.6447000000001,68437,81626,Rhinolophus ferrumequinum,0.02,0.02,-1,Echolocation,/mnt/ubna_data_02_mir/recover-20220922/UBNA_001/20220921_090000.WAV,Telephone Field,recover-20220922,001,1795
943.6295,943.6397,23750,29177,Nyctalus leisleri,0.009,0.022,-1,Echolocation,/mnt/ubna_data_02_mir/recover-20220922/UBNA_001/20220921_090000.WAV,Telephone Field,recover-20220922,001,1795
943.6415,943.6791,68437,81645,Rhinolophus ferrumequinum,0.022,0.022,-1,Echolocation,/mnt/ubna_data_02_mir/recover-20220922/UBNA_001/20220921_090000.WAV,Telephone Field,recover-20220922,001,1795
943.6505,943.6885,68437,82028,Rhinolophus ferrumequinum,0.025,0.025,-1,Echolocation,/mnt/ubna_data_02_mir/recover-20220922/UBNA_001/20220921_090000.WAV,Telephone Field,recover-20220922,001,1795
943.6655,943.7028,68437,82507,Rhinolophus ferrumequinum,0.024,0.024,-1,Echolocation,/mnt/ubna_data_02_mir/recover-20220922/UBNA_001/20220921_090000.WAV,Telephone Field,recover-20220922,001,1795
943.6845,943.723,68437,82249,Rhinolophus ferrumequinum,0.021,0.021,-1,Echolocation,/mnt/ubna_data_02_mir/recover-20220922/UBNA_001/20220921_090000.WAV,Telephone Field,recover-20220922,001,1795
943.7215,943.7596,68437,81780,Rhinolophus ferrumequinum,0.022,0.022,-1,Echolocation,/mnt/ubna_data_02_mir/recover-20220922/UBNA_001/20220921_090000.WAV,Telephone Field,recover-20220922,001,1795
943.7505,943.7611,22890,27664,Nyctalus leisleri,0.01,0.02,-1,Echolocation,/mnt/ubna_data_02_mir/recover-20220922/UBNA_001/20220921_090000.WAV,Telephone Field,recover-20220922,001,1795
943.7735,943.8139,68437,82371,Rhinolophus ferrumequinum,0.024,0.024,-1,Echolocation,/mnt/ubna_data_02_mir/recover-20220922/UBNA_001/20220921_090000.WAV,Telephone Field,recover-20220922,001,1795
943.7855,943.8219,68437,81124,Rhinolophus ferrumequinum,0.02,0.02,-1,Echolocation,/mnt/ubna_data_02_mir/recover-20220922/UBNA_001/20220921_090000.WAV,Telephone Field,recover-20220922,001,1795
943.8035,943.8153,22890,27885,Nyctalus leisleri,0.01,0.021,-1,Echolocation,/mnt/ubna_data_02_mir/recover-20220922/UBNA_001/20220921_090000.WAV,Telephone Field,recover-20220922,001,1795
943.8325,943.8401,28046,38754,Eptesicus serotinus,0.007,0.023,-1,Echolocation,/mnt/ubna_data_02_mir/recover-20220922/UBNA_001/20220921_090000.WAV,Telephone Field,recover-20220922,001,1795
943.8695,943.8923,16015,20986,Nyctalus noctula,0.023,0.03,-1,Echolocation,/mnt/ubna_data_02_mir/recover-20220922/UBNA_001/20220921_090000.WAV,Telephone Field,recover-20220922,001,1795
943.8905,943.9278,68437,81722,Rhinolophus ferrumequinum,0.021,0.021,-1,Echolocation,/mnt/ubna_data_02_mir/recover-20220922/UBNA_001/20220921_090000.WAV,Telephone Field,recover-20220922,001,1795
943.9345,943.9745,68437,82579,Rhinolophus ferrumequinum,0.023,0.023,-1,Echolocation,/mnt/ubna_data_02_mir/recover-20220922/UBNA_001/20220921_090000.WAV,Telephone Field,recover-20220922,001,1795
943.9495,943.9597,22890,27924,Nyctalus leisleri,0.01,0.023,-1,Echolocation,/mnt/ubna_data_02_mir/recover-20220922/UBNA_001/20220921_090000.WAV,Telephone Field,recover-20220922,001,1795
944.0015,944.0361,68437,80289,Rhinolophus ferrumequinum,0.044,0.045,-1,Echolocation,/mnt/ubna_data_02_mir/recover-20220922/UBNA_001/20220921_090000.WAV,Telephone Field,recover-20220922,001,1795
944.0015,944.0095,22031,29285,Nyctalus leisleri,0.007,0.025,-1,Echolocation,/mnt/ubna_data_02_mir/recover-20220922/UBNA_001/20220921_090000.WAV,Telephone Field,recover-20220922,001,1795
944.0015,944.0093,45234,50566,Pipistrellus pipistrellus,0.017,0.022,-1,Echolocation,/mnt/ubna_data_02_mir/recover-20220922/UBNA_001/20220921_090000.WAV,Telephone Field,recover-20220922,001,1795
944.0015,944.0099,37500,45436,Myotis daubentonii,0.005,0.021,-1,Echolocation,/mnt/ubna_data_02_mir/recover-20220922/UBNA_001/20220921_090000.WAV,Telephone Field,recover-20220922,001,1795
944.0115,944.0564,68437,83020,Rhinolophus ferrumequinum,0.025,0.025,-1,Echolocation,/mnt/ubna_data_02_mir/recover-20220922/UBNA_001/20220921_090000.WAV,Telephone Field,recover-20220922,001,1795
944.0375,944.0475,24609,32768,Eptesicus serotinus,0.009,0.022,-1,Echolocation,/mnt/ubna_data_02_mir/recover-20220922/UBNA_001/20220921_090000.WAV,Telephone Field,recover-20220922,001,1795
944.0405,944.0468,14296,30835,Plecotus auritus,0.023,0.031,-1,Echolocation,/mnt/ubna_data_02_mir/recover-20220922/UBNA_001/20220921_090000.WAV,Telephone Field,recover-20220922,001,1795
944.0905,944.1282,68437,81734,Rhinolophus ferrumequinum,0.021,0.021,-1,Echolocation,/mnt/ubna_data_02_mir/recover-20220922/UBNA_001/20220921_090000.WAV,Telephone Field,recover-20220922,001,1795
944.0985,944.1057,26328,39465,Eptesicus serotinus,0.005,0.023,-1,Echolocation,/mnt/ubna_data_02_mir/recover-20220922/UBNA_001/20220921_090000.WAV,Telephone Field,recover-20220922,001,1795
944.1165,944.1574,68437,82539,Rhinolophus ferrumequinum,0.022,0.022,-1,Echolocation,/mnt/ubna_data_02_mir/recover-20220922/UBNA_001/20220921_090000.WAV,Telephone Field,recover-20220922,001,1795
944.1255,944.1652,68437,82194,Rhinolophus ferrumequinum,0.027,0.027,-1,Echolocation,/mnt/ubna_data_02_mir/recover-20220922/UBNA_001/20220921_090000.WAV,Telephone Field,recover-20220922,001,1795
944.1615,944.1979,68437,81271,Rhinolophus ferrumequinum,0.021,0.021,-1,Echolocation,/mnt/ubna_data_02_mir/recover-20220922/UBNA_001/20220921_090000.WAV,Telephone Field,recover-20220922,001,1795
944.1755,944.2108,68437,80731,Rhinolophus ferrumequinum,0.02,0.021,-1,Echolocation,/mnt/ubna_data_02_mir/recover-20220922/UBNA_001/20220921_090000.WAV,Telephone Field,recover-20220922,001,1795
944.2015,944.2105,28906,37294,Eptesicus serotinus,0.009,0.024,-1,Echolocation,/mnt/ubna_data_02_mir/recover-20220922/UBNA_001/20220921_090000.WAV,Telephone Field,recover-20220922,001,1795
944.2115,944.2478,68437,81711,Rhinolophus ferrumequinum,0.022,0.022,-1,Echolocation,/mnt/ubna_data_02_mir/recover-20220922/UBNA_001/20220921_090000.WAV,Telephone Field,recover-20220922,001,1795
944.2275,944.2671,68437,82452,Rhinolophus ferrumequinum,0.023,0.023,-1,Echolocation,/mnt/ubna_data_02_mir/recover-20220922/UBNA_001/20220921_090000.WAV,Telephone Field,recover-20220922,001,1795
944.2535,944.2636,23750,30344,Nyctalus leisleri,0.009,0.026,-1,Echolocation,/mnt/ubna_data_02_mir/recover-20220922/UBNA_001/20220921_090000.WAV,Telephone Field,recover-20220922,001,1795
944.3305,944.3716,68437,82908,Rhinolophus ferrumequinum,0.022,0.022,-1,Echolocation,/mnt/ubna_data_02_mir/recover-20220922/UBNA_001/20220921_090000.WAV,Telephone Field,recover-20220922,001,1795
944.3565,944.3666,28906,36656,Eptesicus serotinus,0.01,0.023,-1,Echolocation,/mnt/ubna_data_02_mir/recover-20220922/UBNA_001/20220921_090000.WAV,Telephone Field,recover-20220922,001,1795
944.3585,944.3968,68437,81697,Rhinolophus ferrumequinum,0.024,0.024,-1,Echolocation,/mnt/ubna_data_02_mir/recover-20220922/UBNA_001/20220921_090000.WAV,Telephone Field,recover-20220922,001,1795
944.3745,944.4131,68437,81776,Rhinolophus ferrumequinum,0.023,0.024,-1,Echolocation,/mnt/ubna_data_02_mir/recover-20220922/UBNA_001/20220921_090000.WAV,Telephone Field,recover-20220922,001,1795
944.3825,944.4222,68437,82412,Rhinolophus ferrumequinum,0.026,0.026,-1,Echolocation,/mnt/ubna_data_02_mir/recover-20220922/UBNA_001/20220921_090000.WAV,Telephone Field,recover-20220922,001,1795
944.4015,944.4392,68437,82184,Rhinolophus ferrumequinum,0.022,0.022,-1,Echolocation,/mnt/ubna_data_02_mir/recover-20220922/UBNA_001/20220921_090000.WAV,Telephone Field,recover-20220922,001,1795
944.4475,944.4584,23750,29426,Nyctalus leisleri,0.009,0.021,-1,Echolocation,/mnt/ubna_data_02_mir/recover-20220922/UBNA_001/20220921_090000.WAV,Telephone Field,recover-20220922,001,1795
944.4865,944.5292,68437,82920,Rhinolophus ferrumequinum,0.026,0.026,-1,Echolocation,/mnt/ubna_data_02_mir/recover-20220922/UBNA_001/20220921_090000.WAV,Telephone Field,recover-20220922,001,1795
944.4895,944.4981,25468,34338,Eptesicus serotinus,0.008,0.023,-1,Echolocation,/mnt/ubna_data_02_mir/recover-20220922/UBNA_001/20220921_090000.WAV,Telephone Field,recover-20220922,001,1795
944.4955,944.5376,68437,83206,Rhinolophus ferrumequinum,0.024,0.024,-1,Echolocation,/mnt/ubna_data_02_mir/recover-20220922/UBNA_001/20220921_090000.WAV,Telephone Field,recover-20220922,001,1795
944.5235,944.5641,68437,82571,Rhinolophus ferrumequinum,0.025,0.025,-1,Echolocation,/mnt/ubna_data_02_mir/recover-20220922/UBNA_001/20220921_090000.WAV,Telephone Field,recover-20220922,001,1795
944.5415,944.5765,68437,80911,Rhinolophus ferrumequinum,0.022,0.022,-1,Echolocation,/mnt/ubna_data_02_mir/recover-20220922/UBNA_001/20220921_090000.WAV,Telephone Field,recover-20220922,001,1795
944.5525,944.591,68437,81571,Rhinolophus ferrumequinum,0.022,0.022,-1,Echolocation,/mnt/ubna_data_02_mir/recover-20220922/UBNA_001/20220921_090000.WAV,Telephone Field,recover-20220922,001,1795
944.5975,944.6364,68437,82259,Rhinolophus ferrumequinum,0.023,0.023,-1,Echolocation,/mnt/ubna_data_02_mir/recover-20220922/UBNA_001/20220921_090000.WAV,Telephone Field,recover-20220922,001,1795
944.6025,944.6122,23750,29534,Nyctalus leisleri,0.009,0.021,-1,Echolocation,/mnt/ubna_data_02_mir/recover-20220922/UBNA_001/20220921_090000.WAV,Telephone Field,recover-20220922,001,1795
944.6205,944.6292,28046,37290,Eptesicus serotinus,0.007,0.021,-1,Echolocation,/mnt/ubna_data_02_mir/recover-20220922/UBNA_001/20220921_090000.WAV,Telephone Field,recover-20220922,001,1795
944.6405,944.6851,68437,82718,Rhinolophus ferrumequinum,0.033,0.033,-1,Echolocation,/mnt/ubna_data_02_mir/recover-20220922/UBNA_001/20220921_090000.WAV,Telephone Field,recover-20220922,001,1795
944.6985,944.7395,68437,82060,Rhinolophus ferrumequinum,0.022,0.022,-1,Echolocation,/mnt/ubna_data_02_mir/recover-20220922/UBNA_001/20220921_090000.WAV,Telephone Field,recover-20220922,001,1795
944.6995,944.7086,28906,37181,Eptesicus serotinus,0.009,0.021,-1,Echolocation,/mnt/ubna_data_02_mir/recover-20220922/UBNA_001/20220921_090000.WAV,Telephone Field,recover-20220922,001,1795
944.7265,944.766,68437,82132,Rhinolophus ferrumequinum,0.024,0.024,-1,Echolocation,/mnt/ubna_data_02_mir/recover-20220922/UBNA_001/20220921_090000.WAV,Telephone Field,recover-20220922,001,1795
944.7395,944.7475,28906,38940,Eptesicus serotinus,0.008,0.022,-1,Echolocation,/mnt/ubna_data_02_mir/recover-20220922/UBNA_001/20220921_090000.WAV,Telephone Field,recover-20220922,001,1795
944.7645,944.8015,68437,81785,Rhinolophus ferrumequinum,0.022,0.022,-1,Echolocation,/mnt/ubna_data_02_mir/recover-20220922/UBNA_001/20220921_090000.WAV,Telephone Field,recover-20220922,001,1795
944.7825,944.7929,24609,31415,Eptesicus serotinus,0.007,0.022,-1,Echolocation,/mnt/ubna_data_02_mir/recover-20220922/UBNA_001/20220921_090000.WAV,Telephone Field,recover-20220922,001,1795
944.7915,944.8311,68437,82453,Rhinolophus ferrumequinum,0.03,0.03,-1,Echolocation,/mnt/ubna_data_02_mir/recover-20220922/UBNA_001/20220921_090000.WAV,Telephone Field,recover-20220922,001,1795
944.8075,944.8163,28046,36579,Eptesicus serotinus,0.022,0.043,-1,Echolocation,/mnt/ubna_data_02_mir/recover-20220922/UBNA_001/20220921_090000.WAV,Telephone Field,recover-20220922,001,1795
944.8275,944.867,68437,81564,Rhinolophus ferrumequinum,0.023,0.023,-1,Echolocation,/mnt/ubna_data_02_mir/recover-20220922/UBNA_001/20220921_090000.WAV,Telephone Field,recover-20220922,001,1795
944.8555,944.8939,68437,81550,Rhinolophus ferrumequinum,0.023,0.023,-1,Echolocation,/mnt/ubna_data_02_mir/recover-20220922/UBNA_001/20220921_090000.WAV,Telephone Field,recover-20220922,001,1795
944.8655,944.9065,68437,82350,Rhinolophus ferrumequinum,0.022,0.022,-1,Echolocation,/mnt/ubna_data_02_mir/recover-20220922/UBNA_001/20220921_090000.WAV,Telephone Field,recover-20220922,001,1795
944.8685,944.8803,14296,18867,Nyctalus noctula,0.025,0.041,-1,Echolocation,/mnt/ubna_data_02_mir/recover-20220922/UBNA_001/20220921_090000.WAV,Telephone Field,recover-20220922,001,1795
944.9055,944.9475,68437,82835,Rhinolophus ferrumequinum,0.029,0.029,-1,Echolocation,/mnt/ubna_data_02_mir/recover-20220922/UBNA_001/20220921_090000.WAV,Telephone Field,recover-20220922,001,1795
944.9315,944.974,68437,83226,Rhinolophus ferrumequinum,0.024,0.024,-1,Echolocation,/mnt/ubna_data_02_mir/recover-20220922/UBNA_001/20220921_090000.WAV,Telephone Field,recover-20220922,001,1795
944.9385,944.9483,24609,31297,Nyctalus leisleri,0.01,0.029,-1,Echolocation,/mnt/ubna_data_02_mir/recover-20220922/UBNA_001/20220921_090000.WAV,Telephone Field,recover-20220922,001,1795
944.9935,945.0046,22890,27982,Nyctalus leisleri,0.012,0.025,-1,Echolocation,/mnt/ubna_data_02_mir/recover-20220922/UBNA_001/20220921_090000.WAV,Telephone Field,recover-20220922,001,1795
945.0145,945.0532,68437,81752,Rhinolophus ferrumequinum,0.023,0.023,-1,Echolocation,/mnt/ubna_data_02_mir/recover-20220922/UBNA_001/20220921_090000.WAV,Telephone Field,recover-20220922,001,1795
945.0305,945.073,68437,82367,Rhinolophus ferrumequinum,0.046,0.046,-1,Echolocation,/mnt/ubna_data_02_mir/recover-20220922/UBNA_001/20220921_090000.WAV,Telephone Field,recover-20220922,001,1795
945.0345,945.0437,28046,36386,Eptesicus serotinus,0.008,0.021,-1,Echolocation,/mnt/ubna_data_02_mir/recover-20220922/UBNA_001/20220921_090000.WAV,Telephone Field,recover-20220922,001,1795
945.0525,945.0979,68437,83424,Rhinolophus ferrumequinum,0.03,0.03,-1,Echolocation,/mnt/ubna_data_02_mir/recover-20220922/UBNA_001/20220921_090000.WAV,Telephone Field,recover-20220922,001,1795
945.0665,945.1058,68437,82657,Rhinolophus ferrumequinum,0.026,0.026,-1,Echolocation,/mnt/ubna_data_02_mir/recover-20220922/UBNA_001/20220921_090000.WAV,Telephone Field,recover-20220922,001,1795
945.0675,945.0781,27187,36884,Eptesicus serotinus,0.011,0.024,-1,Echolocation,/mnt/ubna_data_02_mir/recover-20220922/UBNA_001/20220921_090000.WAV,Telephone Field,recover-20220922,001,1795
945.0825,945.0921,27187,35749,Eptesicus serotinus,0.008,0.021,-1,Echolocation,/mnt/ubna_data_02_mir/recover-20220922/UBNA_001/20220921_090000.WAV,Telephone Field,recover-20220922,001,1795
945.0835,945.1228,68437,82099,Rhinolophus ferrumequinum,0.022,0.022,-1,Echolocation,/mnt/ubna_data_02_mir/recover-20220922/UBNA_001/20220921_090000.WAV,Telephone Field,recover-20220922,001,1795
945.1005,945.1421,68437,82828,Rhinolophus ferrumequinum,0.026,0.026,-1,Echolocation,/mnt/ubna_data_02_mir/recover-20220922/UBNA_001/20220921_090000.WAV,Telephone Field,recover-20220922,001,1795
945.1095,945.1176,47812,51713,Pipistrellus pipistrellus,0.031,0.033,-1,Echolocation,/mnt/ubna_data_02_mir/recover-20220922/UBNA_001/20220921_090000.WAV,Telephone Field,recover-20220922,001,1795
945.1115,945.1221,24609,30773,Nyctalus leisleri,0.008,0.021,-1,Echolocation,/mnt/ubna_data_02_mir/recover-20220922/UBNA_001/20220921_090000.WAV,Telephone Field,recover-20220922,001,1795
945.1295,945.1425,23750,29970,Nyctalus leisleri,0.017,0.037,-1,Echolocation,/mnt/ubna_data_02_mir/recover-20220922/UBNA_001/20220921_090000.WAV,Telephone Field,recover-20220922,001,1795
945.1365,945.1768,68437,82270,Rhinolophus ferrumequinum,0.038,0.038,-1,Echolocation,/mnt/ubna_data_02_mir/recover-20220922/UBNA_001/20220921_090000.WAV,Telephone Field,recover-20220922,001,1795
945.1655,945.1741,28046,37606,Eptesicus serotinus,0.007,0.021,-1,Echolocation,/mnt/ubna_data_02_mir/recover-20220922/UBNA_001/20220921_090000.WAV,Telephone Field,recover-20220922,001,1795
945.1765,945.2121,68437,80748,Rhinolophus ferrumequinum,0.023,0.023,-1,Echolocation,/mnt/ubna_data_02_mir/recover-20220922/UBNA_001/20220921_090000.WAV,Telephone Field,recover-20220922,001,1795
945.1875,945.2277,68437,81996,Rhinolophus ferrumequinum,0.022,0.022,-1,Echolocation,/mnt/ubna_data_02_mir/recover-20220922/UBNA_001/20220921_090000.WAV,Telephone Field,recover-20220922,001,1795
945.1965,945.2374,68437,82827,Rhinolophus ferrumequinum,0.026,0.027,-1,Echolocation,/mnt/ubna_data_02_mir/recover-20220922/UBNA_001/20220921_090000.WAV,Telephone Field,recover-20220922,001,1795
945.2285,945.266,68437,81306,Rhinolophus ferrumequinum,0.022,0.022,-1,Echolocation,/mnt/ubna_data_02_mir/recover-20220922/UBNA_001/20220921_090000.WAV,Telephone Field,recover-20220922,001,1795
945.2305,945.2397,28046,37689,Eptesicus serotinus,0.01,0.022,-1,Echolocation,/mnt/ubna_data_02_mir/recover-20220922/UBNA_001/20220921_090000.WAV,Telephone Field,recover-20220922,001,1795
945.2365,945.275,68437,82159,Rhinolophus ferrumequinum,0.023,0.023,-1,Echolocation,/mnt/ubna_data_02_mir/recover-20220922/UBNA_001/20220921_090000.WAV,Telephone Field,recover-20220922,001,1795
945.2665,945.3115,68437,83494,Rhinolophus ferrumequinum,0.027,0.027,-1,Echolocation,/mnt/ubna_data_02_mir/recover-20220922/UBNA_001/20220921_090000.WAV,Telephone Field,recover-20220922,001,1795
945.2815,945.3203,68437,81735,Rhinolophus ferrumequinum,0.021,0.021,-1,Echolocation,/mnt/ubna_data_02_mir/recover-20220922/UBNA_001/20220921_090000.WAV,Telephone Field,recover-20220922,001,1795
945.2855,945.2956,28046,36189,Eptesicus serotinus,0.009,0.021,-1,Echolocation,/mnt/ubna_data_02_mir/recover-20220922/UBNA_001/20220921_090000.WAV,Telephone Field,recover-20220922,001,1795
945.2885,945.3269,68437,81999,Rhinolophus ferrumequinum,0.022,0.022,-1,Echolocation,/mnt/ubna_data_02_mir/recover-20220922/UBNA_001/20220921_090000.WAV,Telephone Field,recover-20220922,001,1795
945.3035,945.3452,68437,82764,Rhinolophus ferrumequinum,0.025,0.025,-1,Echolocation,/mnt/ubna_data_02_mir/recover-20220922/UBNA_001/20220921_090000.WAV,Telephone Field,recover-20220922,001,1795
945.3165,945.3263,22890,28599,Nyctalus leisleri,0.009,0.024,-1,Echolocation,/mnt/ubna_data_02_mir/recover-20220922/UBNA_001/20220921_090000.WAV,Telephone Field,recover-20220922,001,1795
945.3475,945.3581,22890,28065,Nyctalus leisleri,0.01,0.021,-1,Echolocation,/mnt/ubna_data_02_mir/recover-20220922/UBNA_001/20220921_090000.WAV,Telephone Field,recover-20220922,001,1795
945.3495,945.3892,68437,82176,Rhinolophus ferrumequinum,0.023,0.023,-1,Echolocation,/mnt/ubna_data_02_mir/recover-20220922/UBNA_001/20220921_090000.WAV,Telephone Field,recover-20220922,001,1795
945.3675,945.4075,68437,81901,Rhinolophus ferrumequinum,0.022,0.022,-1,Echolocation,/mnt/ubna_data_02_mir/recover-20220922/UBNA_001/20220921_090000.WAV,Telephone Field,recover-20220922,001,1795
945.3825,945.3924,22031,27480,Nyctalus leisleri,0.009,0.021,-1,Echolocation,/mnt/ubna_data_02_mir/recover-20220922/UBNA_001/20220921_090000.WAV,Telephone Field,recover-20220922,001,1795
945.4045,945.4189,22890,27096,Nyctalus leisleri,0.027,0.049,-1,Echolocation,/mnt/ubna_data_02_mir/recover-20220922/UBNA_001/20220921_090000.WAV,Telephone Field,recover-20220922,001,1795
945.4125,945.4522,68437,81525,Rhinolophus ferrumequinum,0.022,0.022,-1,Echolocation,/mnt/ubna_data_02_mir/recover-20220922/UBNA_001/20220921_090000.WAV,Telephone Field,recover-20220922,001,1795
945.4365,945.445,46953,53563,Pipistrellus pipistrellus,0.023,0.025,-1,Echolocation,/mnt/ubna_data_02_mir/recover-20220922/UBNA_001/20220921_090000.WAV,Telephone Field,recover-20220922,001,1795
945.4395,945.4795,68437,82122,Rhinolophus ferrumequinum,0.023,0.023,-1,Echolocation,/mnt/ubna_data_02_mir/recover-20220922/UBNA_001/20220921_090000.WAV,Telephone Field,recover-20220922,001,1795
945.4835,945.5251,68437,82585,Rhinolophus ferrumequinum,0.022,0.022,-1,Echolocation,/mnt/ubna_data_02_mir/recover-20220922/UBNA_001/20220921_090000.WAV,Telephone Field,recover-20220922,001,1795
945.5485,945.557,30625,39542,Eptesicus serotinus,0.008,0.025,-1,Echolocation,/mnt/ubna_data_02_mir/recover-20220922/UBNA_001/20220921_090000.WAV,Telephone Field,recover-20220922,001,1795
945.5505,945.5862,68437,81612,Rhinolophus ferrumequinum,0.021,0.021,-1,Echolocation,/mnt/ubna_data_02_mir/recover-20220922/UBNA_001/20220921_090000.WAV,Telephone Field,recover-20220922,001,1795
945.5655,945.6036,68437,81979,Rhinolophus ferrumequinum,0.022,0.022,-1,Echolocation,/mnt/ubna_data_02_mir/recover-20220922/UBNA_001/20220921_090000.WAV,Telephone Field,recover-20220922,001,1795
945.5945,945.6366,68437,82784,Rhinolophus ferrumequinum,0.025,0.025,-1,Echolocation,/mnt/ubna_data_02_mir/recover-20220922/UBNA_001/20220921_090000.WAV,Telephone Field,recover-20220922,001,1795
945.6145,945.6512,68437,81659,Rhinolophus ferrumequinum,0.021,0.021,-1,Echolocation,/mnt/ubna_data_02_mir/recover-20220922/UBNA_001/20220921_090000.WAV,Telephone Field,recover-20220922,001,1795
945.6335,945.6428,26328,33959,Eptesicus serotinus,0.02,0.04,-1,Echolocation,/mnt/ubna_data_02_mir/recover-20220922/UBNA_001/20220921_090000.WAV,Telephone Field,recover-20220922,001,1795
945.6375,945.6728,68437,81278,Rhinolophus ferrumequinum,0.023,0.023,-1,Echolocation,/mnt/ubna_data_02_mir/recover-20220922/UBNA_001/20220921_090000.WAV,Telephone Field,recover-20220922,001,1795
945.6485,945.6886,68437,82273,Rhinolophus ferrumequinum,0.024,0.024,-1,Echolocation,/mnt/ubna_data_02_mir/recover-20220922/UBNA_001/20220921_090000.WAV,Telephone Field,recover-20220922,001,1795
945.6585,945.6992,68437,82669,Rhinolophus ferrumequinum,0.022,0.022,-1,Echolocation,/mnt/ubna_data_02_mir/recover-20220922/UBNA_001/20220921_090000.WAV,Telephone Field,recover-20220922,001,1795
945.6785,945.718,68437,82152,Rhinolophus ferrumequinum,0.021,0.021,-1,Echolocation,/mnt/ubna_data_02_mir/recover-20220922/UBNA_001/20220921_090000.WAV,Telephone Field,recover-20220922,001,1795
945.6895,945.6978,28046,38486,Eptesicus serotinus,0.008,0.023,-1,Echolocation,/mnt/ubna_data_02_mir/recover-20220922/UBNA_001/20220921_090000.WAV,Telephone Field,recover-20220922,001,1795
945.7135,945.7513,68437,81143,Rhinolophus ferrumequinum,0.037,0.037,-1,Echolocation,/mnt/ubna_data_02_mir/recover-20220922/UBNA_001/20220921_090000.WAV,Telephone Field,recover-20220922,001,1795
945.7475,945.7556,23750,32131,Plecotus austriacus,0.012,0.028,-1,Echolocation,/mnt/ubna_data_02_mir/recover-20220922/UBNA_001/20220921_090000.WAV,Telephone Field,recover-20220922,001,1795
945.8005,945.8096,25468,34624,Eptesicus serotinus,0.013,0.034,-1,Echolocation,/mnt/ubna_data_02_mir/recover-20220922/UBNA_001/20220921_090000.WAV,Telephone Field,recover-20220922,001,1795
945.8135,945.8522,68437,82574,Rhinolophus ferrumequinum,0.021,0.021,-1,Echolocation,/mnt/ubna_data_02_mir/recover-20220922/UBNA_001/20220921_090000.WAV,Telephone Field,recover-20220922,001,1795
945.8315,945.841,26328,34394,Eptesicus serotinus,0.014,0.031,-1,Echolocation,/mnt/ubna_data_02_mir/recover-20220922/UBNA_001/20220921_090000.WAV,Telephone Field,recover-20220922,001,1795
945.8455,945.8847,68437,82127,Rhinolophus ferrumequinum,0.022,0.022,-1,Echolocation,/mnt/ubna_data_02_mir/recover-20220922/UBNA_001/20220921_090000.WAV,Telephone Field,recover-20220922,001,1795
945.8735,945.9108,68437,81432,Rhinolophus ferrumequinum,0.021,0.021,-1,Echolocation,/mnt/ubna_data_02_mir/recover-20220922/UBNA_001/20220921_090000.WAV,Telephone Field,recover-20220922,001,1795
945.9065,945.9156,28906,37460,Eptesicus serotinus,0.008,0.021,-1,Echolocation,/mnt/ubna_data_02_mir/recover-20220922/UBNA_001/20220921_090000.WAV,Telephone Field,recover-20220922,001,1795
945.9155,945.954,68437,81967,Rhinolophus ferrumequinum,0.023,0.023,-1,Echolocation,/mnt/ubna_data_02_mir/recover-20220922/UBNA_001/20220921_090000.WAV,Telephone Field,recover-20220922,001,1795
945.9595,945.9989,68437,82078,Rhinolophus ferrumequinum,0.021,0.021,-1,Echolocation,/mnt/ubna_data_02_mir/recover-20220922/UBNA_001/20220921_090000.WAV,Telephone Field,recover-20220922,001,1795
945.9685,945.976,28046,39477,Eptesicus serotinus,0.008,0.027,-1,Echolocation,/mnt/ubna_data_02_mir/recover-20220922/UBNA_001/20220921_090000.WAV,Telephone Field,recover-20220922,001,1795
946.0015,946.0109,46953,51839,Pipistrellus pipistrellus,0.03,0.035,-1,Echolocation,/mnt/ubna_data_02_mir/recover-20220922/UBNA_001/20220921_090000.WAV,Telephone Field,recover-20220922,001,1795
946.0015,946.0099,22890,29930,Nyctalus leisleri,0.007,0.022,-1,Echolocation,/mnt/ubna_data_02_mir/recover-20220922/UBNA_001/20220921_090000.WAV,Telephone Field,recover-20220922,001,1795
946.0015,946.0377,68437,80557,Rhinolophus ferrumequinum,0.036,0.037,-1,Echolocation,/mnt/ubna_data_02_mir/recover-20220922/UBNA_001/20220921_090000.WAV,Telephone Field,recover-20220922,001,1795
946.0095,946.052,68437,82472,Rhinolophus ferrumequinum,0.024,0.024,-1,Echolocation,/mnt/ubna_data_02_mir/recover-20220922/UBNA_001/20220921_090000.WAV,Telephone Field,recover-20220922,001,1795
946.0335,946.0708,68437,82008,Rhinolophus ferrumequinum,0.022,0.022,-1,Echolocation,/mnt/ubna_data_02_mir/recover-20220922/UBNA_001/20220921_090000.WAV,Telephone Field,recover-20220922,001,1795
946.0615,946.0723,22890,28480,Nyctalus leisleri,0.011,0.024,-1,Echolocation,/mnt/ubna_data_02_mir/recover-20220922/UBNA_001/20220921_090000.WAV,Telephone Field,recover-20220922,001,1795
946.0815,946.1212,68437,81732,Rhinolophus ferrumequinum,0.022,0.022,-1,Echolocation,/mnt/ubna_data_02_mir/recover-20220922/UBNA_001/20220921_090000.WAV,Telephone Field,recover-20220922,001,1795
946.0905,946.1297,68437,82400,Rhinolophus ferrumequinum,0.022,0.022,-1,Echolocation,/mnt/ubna_data_02_mir/recover-20220922/UBNA_001/20220921_090000.WAV,Telephone Field,recover-20220922,001,1795
946.1125,946.1492,68437,81616,Rhinolophus ferrumequinum,0.023,0.023,-1,Echolocation,/mnt/ubna_data_02_mir/recover-20220922/UBNA_001/20220921_090000.WAV,Telephone Field,recover-20220922,001,1795
946.1205,946.1585,68437,81461,Rhinolophus ferrumequinum,0.022,0.022,-1,Echolocation,/mnt/ubna_data_02_mir/recover-20220922/UBNA_001/20220921_090000.WAV,Telephone Field,recover-20220922,001,1795
946.1425,946.1802,68437,81345,Rhinolophus ferrumequinum,0.029,0.029,-1,Echolocation,/mnt/ubna_data_02_mir/recover-20220922/UBNA_001/20220921_090000.WAV,Telephone Field,recover-20220922,001,1795
946.1495,946.1865,68437,81235,Rhinolophus ferrumequinum,0.027,0.027,-1,Echolocation,/mnt/ubna_data_02_mir/recover-20220922/UBNA_001/20220921_090000.WAV,Telephone Field,recover-20220922,001,1795
946.1995,946.2067,28046,38223,Eptesicus serotinus,0.006,0.022,-1,Echolocation,/mnt/ubna_data_02_mir/recover-20220922/UBNA_001/20220921_090000.WAV,Telephone Field,recover-20220922,001,1795
946.2185,946.2566,68437,81784,Rhinolophus ferrumequinum,0.024,0.024,-1,Echolocation,/mnt/ubna_data_02_mir/recover-20220922/UBNA_001/20220921_090000.WAV,Telephone Field,recover-20220922,001,1795
946.2415,946.2756,68437,80795,Rhinolophus ferrumequinum,0.022,0.022,-1,Echolocation,/mnt/ubna_data_02_mir/recover-20220922/UBNA_001/20220921_090000.WAV,Telephone Field,recover-20220922,001,1795
946.2735,946.3121,68437,81749,Rhinolophus ferrumequinum,0.023,0.023,-1,Echolocation,/mnt/ubna_data_02_mir/recover-20220922/UBNA_001/20220921_090000.WAV,Telephone Field,recover-20220922,001,1795
946.3285,946.3668,68437,82056,Rhinolophus ferrumequinum,0.022,0.022,-1,Echolocation,/mnt/ubna_data_02_mir/recover-20220922/UBNA_001/20220921_090000.WAV,Telephone Field,recover-20220922,001,1795
946.3445,946.3548,22031,26388,Nyctalus leisleri,0.01,0.022,-1,Echolocation,/mnt/ubna_data_02_mir/recover-20220922/UBNA_001/20220921_090000.WAV,Telephone Field,recover-20220922,001,1795
946.3495,946.3881,68437,81721,Rhinolophus ferrumequinum,0.023,0.023,-1,Echolocation,/mnt/ubna_data_02_mir/recover-20220922/UBNA_001/20220921_090000.WAV,Telephone Field,recover-20220922,001,1795
946.3775,946.3875,28046,37983,Eptesicus serotinus,0.008,0.022,-1,Echolocation,/mnt/ubna_data_02_mir/recover-20220922/UBNA_001/20220921_090000.WAV,Telephone Field,recover-20220922,001,1795
946.4565,946.4958,68437,82420,Rhinolophus ferrumequinum,0.023,0.023,-1,Echolocation,/mnt/ubna_data_02_mir/recover-20220922/UBNA_001/20220921_090000.WAV,Telephone Field,recover-20220922,001,1795
946.4605,946.4707,28046,36764,Eptesicus serotinus,0.011,0.025,-1,Echolocation,/mnt/ubna_data_02_mir/recover-20220922/UBNA_001/20220921_090000.WAV,Telephone Field,recover-20220922,001,1795
946.4665,946.4767,28046,36958,Eptesicus serotinus,0.01,0.025,-1,Echolocation,/mnt/ubna_data_02_mir/recover-20220922/UBNA_001/20220921_090000.WAV,Telephone Field,recover-20220922,001,1795
946.4845,946.5226,68437,81706,Rhinolophus ferrumequinum,0.023,0.023,-1,Echolocation,/mnt/ubna_data_02_mir/recover-20220922/UBNA_001/20220921_090000.WAV,Telephone Field,recover-20220922,001,1795
946.5005,946.5398,68437,82049,Rhinolophus ferrumequinum,0.022,0.022,-1,Echolocation,/mnt/ubna_data_02_mir/recover-20220922/UBNA_001/20220921_090000.WAV,Telephone Field,recover-20220922,001,1795
946.5255,946.565,68437,82097,Rhinolophus ferrumequinum,0.024,0.024,-1,Echolocation,/mnt/ubna_data_02_mir/recover-20220922/UBNA_001/20220921_090000.WAV,Telephone Field,recover-20220922,001,1795
946.5465,946.5594,22031,26108,Nyctalus leisleri,0.013,0.022,-1,Echolocation,/mnt/ubna_data_02_mir/recover-20220922/UBNA_001/20220921_090000.WAV,Telephone Field,recover-20220922,001,1795
946.5495,946.5877,68437,81186,Rhinolophus ferrumequinum,0.022,0.022,-1,Echolocation,/mnt/ubna_data_02_mir/recover-20220922/UBNA_001/20220921_090000.WAV,Telephone Field,recover-20220922,001,1795
946.5985000000001,946.6079,28906,38799,Eptesicus serotinus,0.01,0.025,-1,Echolocation,/mnt/ubna_data_02_mir/recover-20220922/UBNA_001/20220921_090000.WAV,Telephone Field,recover-20220922,001,1795
946.6435,946.6813,68437,82402,Rhinolophus ferrumequinum,0.027,0.027,-1,Echolocation,/mnt/ubna_data_02_mir/recover-20220922/UBNA_001/20220921_090000.WAV,Telephone Field,recover-20220922,001,1795
946.6805,946.722,68437,82478,Rhinolophus ferrumequinum,0.023,0.023,-1,Echolocation,/mnt/ubna_data_02_mir/recover-20220922/UBNA_001/20220921_090000.WAV,Telephone Field,recover-20220922,001,1795
946.6975,946.7128,23750,27216,Nyctalus leisleri,0.02,0.032,-1,Echolocation,/mnt/ubna_data_02_mir/recover-20220922/UBNA_001/20220921_090000.WAV,Telephone Field,recover-20220922,001,1795
946.7075,946.7154,28906,38403,Eptesicus serotinus,0.007,0.022,-1,Echolocation,/mnt/ubna_data_02_mir/recover-20220922/UBNA_001/20220921_090000.WAV,Telephone Field,recover-20220922,001,1795
946.7095,946.7456,68437,81379,Rhinolophus ferrumequinum,0.023,0.023,-1,Echolocation,/mnt/ubna_data_02_mir/recover-20220922/UBNA_001/20220921_090000.WAV,Telephone Field,recover-20220922,001,1795
946.7375,946.7788,68437,82130,Rhinolophus ferrumequinum,0.024,0.025,-1,Echolocation,/mnt/ubna_data_02_mir/recover-20220922/UBNA_001/20220921_090000.WAV,Telephone Field,recover-20220922,001,1795
946.7475,946.7867,68437,82014,Rhinolophus ferrumequinum,0.024,0.024,-1,Echolocation,/mnt/ubna_data_02_mir/recover-20220922/UBNA_001/20220921_090000.WAV,Telephone Field,recover-20220922,001,1795
946.7555,946.7934,68437,82263,Rhinolophus ferrumequinum,0.023,0.023,-1,Echolocation,/mnt/ubna_data_02_mir/recover-20220922/UBNA_001/20220921_090000.WAV,Telephone Field,recover-20220922,001,1795
946.7635,946.7985,68437,81044,Rhinolophus ferrumequinum,0.023,0.023,-1,Echolocation,/mnt/ubna_data_02_mir/recover-20220922/UBNA_001/20220921_090000.WAV,Telephone Field,recover-20220922,001,1795
946.7895,946.8291,68437,82679,Rhinolophus ferrumequinum,0.023,0.023,-1,Echolocation,/mnt/ubna_data_02_mir/recover-20220922/UBNA_001/20220921_090000.WAV,Telephone Field,recover-20220922,001,1795
946.7965,946.8398,68437,82695,Rhinolophus ferrumequinum,0.022,0.022,-1,Echolocation,/mnt/ubna_data_02_mir/recover-20220922/UBNA_001/20220921_090000.WAV,Telephone Field,recover-20220922,001,1795
946.8035,946.8215,20312,23204,Nyctalus leisleri,0.015,0.024,-1,Echolocation,/mnt/ubna_data_02_mir/recover-20220922/UBNA_001/20220921_090000.WAV,Telephone Field,recover-20220922,001,1795
946.8385,946.8765,68437,81729,Rhinolophus ferrumequinum,0.023,0.023,-1,Echolocation,/mnt/ubna_data_02_mir/recover-20220922/UBNA_001/20220921_090000.WAV,Telephone Field,recover-20220922,001,1795
946.8385,946.849,24609,31056,Nyctalus leisleri,0.008,0.023,-1,Echolocation,/mnt/ubna_data_02_mir/recover-20220922/UBNA_001/20220921_090000.WAV,Telephone Field,recover-20220922,001,1795
946.8795,946.9171,68437,81757,Rhinolophus ferrumequinum,0.023,0.023,-1,Echolocation,/mnt/ubna_data_02_mir/recover-20220922/UBNA_001/20220921_090000.WAV,Telephone Field,recover-20220922,001,1795
946.9325,946.9679,68437,81685,Rhinolophus ferrumequinum,0.022,0.022,-1,Echolocation,/mnt/ubna_data_02_mir/recover-20220922/UBNA_001/20220921_090000.WAV,Telephone Field,recover-20220922,001,1795
946.9445,946.9858,68437,82153,Rhinolophus ferrumequinum,0.026,0.026,-1,Echolocation,/mnt/ubna_data_02_mir/recover-20220922/UBNA_001/20220921_090000.WAV,Telephone Field,recover-20220922,001,1795
946.9845,946.9952,23750,29813,Nyctalus leisleri,0.01,0.022,-1,Echolocation,/mnt/ubna_data_02_mir/recover-20220922/UBNA_001/20220921_090000.WAV,Telephone Field,recover-20220922,001,1795
946.9895,946.9979,23750,31604,Plecotus austriacus,0.008,0.022,-1,Echolocation,/mnt/ubna_data_02_mir/recover-20220922/UBNA_001/20220921_090000.WAV,Telephone Field,recover-20220922,001,1795
946.9915,947.0349,68437,83587,Rhinolophus ferrumequinum,0.033,0.033,-1,Echolocation,/mnt/ubna_data_02_mir/recover-20220922/UBNA_001/20220921_090000.WAV,Telephone Field,recover-20220922,001,1795
946.9955,947.0053,45234,49389,Pipistrellus pipistrellus,0.022,0.023,-1,Echolocation,/mnt/ubna_data_02_mir/recover-20220922/UBNA_001/20220921_090000.WAV,Telephone Field,recover-20220922,001,1795
947.0155,947.0224,27187,41867,Eptesicus serotinus,0.006,0.023,-1,Echolocation,/mnt/ubna_data_02_mir/recover-20220922/UBNA_001/20220921_090000.WAV,Telephone Field,recover-20220922,001,1795
947.0155,947.0527,68437,80879,Rhinolophus ferrumequinum,0.022,0.022,-1,Echolocation,/mnt/ubna_data_02_mir/recover-20220922/UBNA_001/20220921_090000.WAV,Telephone Field,recover-20220922,001,1795
947.0345,947.0418999999999,28906,38891,Eptesicus serotinus,0.006,0.023,-1,Echolocation,/mnt/ubna_data_02_mir/recover-20220922/UBNA_001/20220921_090000.WAV,Telephone Field,recover-20220922,001,1795
947.0355,947.0739,68437,82004,Rhinolophus ferrumequinum,0.024,0.024,-1,Echolocation,/mnt/ubna_data_02_mir/recover-20220922/UBNA_001/20220921_090000.WAV,Telephone Field,recover-20220922,001,1795
947.0425,947.0802,68437,82290,Rhinolophus ferrumequinum,0.022,0.022,-1,Echolocation,/mnt/ubna_data_02_mir/recover-20220922/UBNA_001/20220921_090000.WAV,Telephone Field,recover-20220922,001,1795
947.0835,947.1232,68437,82403,Rhinolophus ferrumequinum,0.022,0.022,-1,Echolocation,/mnt/ubna_data_02_mir/recover-20220922/UBNA_001/20220921_090000.WAV,Telephone Field,recover-20220922,001,1795
947.1025,947.115,22890,27774,Nyctalus leisleri,0.011,0.022,-1,Echolocation,/mnt/ubna_data_02_mir/recover-20220922/UBNA_001/20220921_090000.WAV,Telephone Field,recover-20220922,001,1795
947.1125,947.1258,22890,27476,Nyctalus leisleri,0.019,0.032,-1,Echolocation,/mnt/ubna_data_02_mir/recover-20220922/UBNA_001/20220921_090000.WAV,Telephone Field,recover-20220922,001,1795
947.1475,947.1844,68437,81112,Rhinolophus ferrumequinum,0.027,0.027,-1,Echolocation,/mnt/ubna_data_02_mir/recover-20220922/UBNA_001/20220921_090000.WAV,Telephone Field,recover-20220922,001,1795
947.1905,947.2293999999999,68437,82127,Rhinolophus ferrumequinum,0.023,0.023,-1,Echolocation,/mnt/ubna_data_02_mir/recover-20220922/UBNA_001/20220921_090000.WAV,Telephone Field,recover-20220922,001,1795
947.2025,947.2431,68437,82728,Rhinolophus ferrumequinum,0.024,0.024,-1,Echolocation,/mnt/ubna_data_02_mir/recover-20220922/UBNA_001/20220921_090000.WAV,Telephone Field,recover-20220922,001,1795
947.2335,947.2736,68437,81942,Rhinolophus ferrumequinum,0.025,0.025,-1,Echolocation,/mnt/ubna_data_02_mir/recover-20220922/UBNA_001/20220921_090000.WAV,Telephone Field,recover-20220922,001,1795
947.2565,947.2992,68437,83113,Rhinolophus ferrumequinum,0.061,0.061,-1,Echolocation,/mnt/ubna_data_02_mir/recover-20220922/UBNA_001/20220921_090000.WAV,Telephone Field,recover-20220922,001,1795
947.2685,947.2766,28046,39720,Eptesicus serotinus,0.007,0.024,-1,Echolocation,/mnt/ubna_data_02_mir/recover-20220922/UBNA_001/20220921_090000.WAV,Telephone Field,recover-20220922,001,1795
947.2775,947.312,68437,81050,Rhinolophus ferrumequinum,0.022,0.022,-1,Echolocation,/mnt/ubna_data_02_mir/recover-20220922/UBNA_001/20220921_090000.WAV,Telephone Field,recover-20220922,001,1795
947.2965,947.3347,68437,81823,Rhinolophus ferrumequinum,0.022,0.022,-1,Echolocation,/mnt/ubna_data_02_mir/recover-20220922/UBNA_001/20220921_090000.WAV,Telephone Field,recover-20220922,001,1795
947.3025,947.3392,68437,81962,Rhinolophus ferrumequinum,0.023,0.023,-1,Echolocation,/mnt/ubna_data_02_mir/recover-20220922/UBNA_001/20220921_090000.WAV,Telephone Field,recover-20220922,001,1795
947.3245,947.363,68437,82759,Rhinolophus ferrumequinum,0.036,0.036,-1,Echolocation,/mnt/ubna_data_02_mir/recover-20220922/UBNA_001/20220921_090000.WAV,Telephone Field,recover-20220922,001,1795
947.3605,947.374,22890,27119,Nyctalus leisleri,0.014,0.023,-1,Echolocation,/mnt/ubna_data_02_mir/recover-20220922/UBNA_001/20220921_090000.WAV,Telephone Field,recover-20220922,001,1795
947.3675,947.4084,68437,82247,Rhinolophus ferrumequinum,0.025,0.025,-1,Echolocation,/mnt/ubna_data_02_mir/recover-20220922/UBNA_001/20220921_090000.WAV,Telephone Field,recover-20220922,001,1795
947.3995,947.4409,68437,82786,Rhinolophus ferrumequinum,0.025,0.025,-1,Echolocation,/mnt/ubna_data_02_mir/recover-20220922/UBNA_001/20220921_090000.WAV,Telephone Field,recover-20220922,001,1795
947.4305,947.4428,28906,35171,Eptesicus serotinus,0.023,0.037,-1,Echolocation,/mnt/ubna_data_02_mir/recover-20220922/UBNA_001/20220921_090000.WAV,Telephone Field,recover-20220922,001,1795
947.4825,947.4931,23750,29374,Nyctalus leisleri,0.01,0.024,-1,Echolocation,/mnt/ubna_data_02_mir/recover-20220922/UBNA_001/20220921_090000.WAV,Telephone Field,recover-20220922,001,1795
947.4935,947.5341,68437,82341,Rhinolophus ferrumequinum,0.024,0.024,-1,Echolocation,/mnt/ubna_data_02_mir/recover-20220922/UBNA_001/20220921_090000.WAV,Telephone Field,recover-20220922,001,1795
947.5395,947.5489,28046,37069,Eptesicus serotinus,0.01,0.025,-1,Echolocation,/mnt/ubna_data_02_mir/recover-20220922/UBNA_001/20220921_090000.WAV,Telephone Field,recover-20220922,001,1795
947.5725,947.6121,68437,81614,Rhinolophus ferrumequinum,0.022,0.022,-1,Echolocation,/mnt/ubna_data_02_mir/recover-20220922/UBNA_001/20220921_090000.WAV,Telephone Field,recover-20220922,001,1795
947.5745,947.583,27187,37314,Eptesicus serotinus,0.008,0.022,-1,Echolocation,/mnt/ubna_data_02_mir/recover-20220922/UBNA_001/20220921_090000.WAV,Telephone Field,recover-20220922,001,1795
947.5925,947.6299,68437,82044,Rhinolophus ferrumequinum,0.026,0.026,-1,Echolocation,/mnt/ubna_data_02_mir/recover-20220922/UBNA_001/20220921_090000.WAV,Telephone Field,recover-20220922,001,1795
947.6185,947.6574,68437,82206,Rhinolophus ferrumequinum,0.022,0.023,-1,Echolocation,/mnt/ubna_data_02_mir/recover-20220922/UBNA_001/20220921_090000.WAV,Telephone Field,recover-20220922,001,1795
947.6245,947.6353,28906,35859,Eptesicus serotinus,0.014,0.029,-1,Echolocation,/mnt/ubna_data_02_mir/recover-20220922/UBNA_001/20220921_090000.WAV,Telephone Field,recover-20220922,001,1795
947.6495,947.6883,68437,82001,Rhinolophus ferrumequinum,0.028,0.028,-1,Echolocation,/mnt/ubna_data_02_mir/recover-20220922/UBNA_001/20220921_090000.WAV,Telephone Field,recover-20220922,001,1795
947.6705,947.6785,28046,38369,Eptesicus serotinus,0.008,0.025,-1,Echolocation,/mnt/ubna_data_02_mir/recover-20220922/UBNA_001/20220921_090000.WAV,Telephone Field,recover-20220922,001,1795
947.7085,947.7185,28906,35883,Eptesicus serotinus,0.009,0.022,-1,Echolocation,/mnt/ubna_data_02_mir/recover-20220922/UBNA_001/20220921_090000.WAV,Telephone Field,recover-20220922,001,1795
947.7095,947.7506,68437,82679,Rhinolophus ferrumequinum,0.023,0.023,-1,Echolocation,/mnt/ubna_data_02_mir/recover-20220922/UBNA_001/20220921_090000.WAV,Telephone Field,recover-20220922,001,1795
947.7155,947.7562,68437,82872,Rhinolophus ferrumequinum,0.022,0.022,-1,Echolocation,/mnt/ubna_data_02_mir/recover-20220922/UBNA_001/20220921_090000.WAV,Telephone Field,recover-20220922,001,1795
947.7235000000001,947.7645,68437,82894,Rhinolophus ferrumequinum,0.023,0.023,-1,Echolocation,/mnt/ubna_data_02_mir/recover-20220922/UBNA_001/20220921_090000.WAV,Telephone Field,recover-20220922,001,1795
947.7305,947.7738,68437,83102,Rhinolophus ferrumequinum,0.024,0.024,-1,Echolocation,/mnt/ubna_data_02_mir/recover-20220922/UBNA_001/20220921_090000.WAV,Telephone Field,recover-20220922,001,1795
947.7375,947.7792,68437,83150,Rhinolophus ferrumequinum,0.023,0.023,-1,Echolocation,/mnt/ubna_data_02_mir/recover-20220922/UBNA_001/20220921_090000.WAV,Telephone Field,recover-20220922,001,1795
947.7895,947.8271,68437,81811,Rhinolophus ferrumequinum,0.023,0.023,-1,Echolocation,/mnt/ubna_data_02_mir/recover-20220922/UBNA_001/20220921_090000.WAV,Telephone Field,recover-20220922,001,1795
947.7945,947.8303,68437,81533,Rhinolophus ferrumequinum,0.023,0.023,-1,Echolocation,/mnt/ubna_data_02_mir/recover-20220922/UBNA_001/20220921_090000.WAV,Telephone Field,recover-20220922,001,1795
947.8085,947.8518,68437,82179,Rhinolophus ferrumequinum,0.027,0.027,-1,Echolocation,/mnt/ubna_data_02_mir/recover-20220922/UBNA_001/20220921_090000.WAV,Telephone Field,recover-20220922,001,1795
947.8585,947.8951,68437,81428,Rhinolophus ferrumequinum,0.022,0.022,-1,Echolocation,/mnt/ubna_data_02_mir/recover-20220922/UBNA_001/20220921_090000.WAV,Telephone Field,recover-20220922,001,1795
947.8755,947.8842,46093,49154,Pipistrellus pipistrellus,0.032,0.034,-1,Echolocation,/mnt/ubna_data_02_mir/recover-20220922/UBNA_001/20220921_090000.WAV,Telephone Field,recover-20220922,001,1795
947.9295,947.9405,23750,29206,Nyctalus leisleri,0.011,0.024,-1,Echolocation,/mnt/ubna_data_02_mir/recover-20220922/UBNA_001/20220921_090000.WAV,Telephone Field,recover-20220922,001,1795
948.0015,948.0096,23750,31715,Nyctalus leisleri,0.007,0.022,-1,Echolocation,/mnt/ubna_data_02_mir/recover-20220922/UBNA_001/20220921_090000.WAV,Telephone Field,recover-20220922,001,1795
948.0015,948.0079,39218,56108,Myotis daubentonii,0.008,0.024,-1,Echolocation,/mnt/ubna_data_02_mir/recover-20220922/UBNA_001/20220921_090000.WAV,Telephone Field,recover-20220922,001,1795
948.0015,948.0116,13437,19750,Nyctalus leisleri,0.009,0.025,-1,Echolocation,/mnt/ubna_data_02_mir/recover-20220922/UBNA_001/20220921_090000.WAV,Telephone Field,recover-20220922,001,1795
948.0515,948.0607,27187,35857,Eptesicus serotinus,0.014,0.03,-1,Echolocation,/mnt/ubna_data_02_mir/recover-20220922/UBNA_001/20220921_090000.WAV,Telephone Field,recover-20220922,001,1795
948.0585,948.0686,28046,35281,Eptesicus serotinus,0.01,0.023,-1,Echolocation,/mnt/ubna_data_02_mir/recover-20220922/UBNA_001/20220921_090000.WAV,Telephone Field,recover-20220922,001,1795
948.0725,948.1153,68437,83303,Rhinolophus ferrumequinum,0.03,0.03,-1,Echolocation,/mnt/ubna_data_02_mir/recover-20220922/UBNA_001/20220921_090000.WAV,Telephone Field,recover-20220922,001,1795
948.0755,948.0824,28046,38217,Eptesicus serotinus,0.01,0.03,-1,Echolocation,/mnt/ubna_data_02_mir/recover-20220922/UBNA_001/20220921_090000.WAV,Telephone Field,recover-20220922,001,1795
948.1315,948.1681,68437,81249,Rhinolophus ferrumequinum,0.026,0.026,-1,Echolocation,/mnt/ubna_data_02_mir/recover-20220922/UBNA_001/20220921_090000.WAV,Telephone Field,recover-20220922,001,1795
948.1685,948.1796,27187,33534,Eptesicus serotinus,0.013,0.031,-1,Echolocation,/mnt/ubna_data_02_mir/recover-20220922/UBNA_001/20220921_090000.WAV,Telephone Field,recover-20220922,001,1795
948.1755,948.213,68437,80716,Rhinolophus ferrumequinum,0.022,0.022,-1,Echolocation,/mnt/ubna_data_02_mir/recover-20220922/UBNA_001/20220921_090000.WAV,Telephone Field,recover-20220922,001,1795
948.1855,948.2264,68437,82603,Rhinolophus ferrumequinum,0.029,0.029,-1,Echolocation,/mnt/ubna_data_02_mir/recover-20220922/UBNA_001/20220921_090000.WAV,Telephone Field,recover-20220922,001,1795
948.1925,948.2044,22031,26390,Nyctalus leisleri,0.012,0.022,-1,Echolocation,/mnt/ubna_data_02_mir/recover-20220922/UBNA_001/20220921_090000.WAV,Telephone Field,recover-20220922,001,1795
948.2325,948.2729,68437,82561,Rhinolophus ferrumequinum,0.026,0.026,-1,Echolocation,/mnt/ubna_data_02_mir/recover-20220922/UBNA_001/20220921_090000.WAV,Telephone Field,recover-20220922,001,1795
948.2625,948.2707,28046,42173,Eptesicus serotinus,0.008,0.023,-1,Echolocation,/mnt/ubna_data_02_mir/recover-20220922/UBNA_001/20220921_090000.WAV,Telephone Field,recover-20220922,001,1795
948.2725,948.3099,68437,82687,Rhinolophus ferrumequinum,0.023,0.023,-1,Echolocation,/mnt/ubna_data_02_mir/recover-20220922/UBNA_001/20220921_090000.WAV,Telephone Field,recover-20220922,001,1795
948.3095,948.3171,23750,32570,Plecotus austriacus,0.011,0.025,-1,Echolocation,/mnt/ubna_data_02_mir/recover-20220922/UBNA_001/20220921_090000.WAV,Telephone Field,recover-20220922,001,1795
948.3245,948.3608,68437,80674,Rhinolophus ferrumequinum,0.023,0.024,-1,Echolocation,/mnt/ubna_data_02_mir/recover-20220922/UBNA_001/20220921_090000.WAV,Telephone Field,recover-20220922,001,1795
948.3305,948.3626,68437,80326,Rhinolophus ferrumequinum,0.022,0.023,-1,Echolocation,/mnt/ubna_data_02_mir/recover-20220922/UBNA_001/20220921_090000.WAV,Telephone Field,recover-20220922,001,1795
948.3305,948.3408,28046,35101,Eptesicus serotinus,0.021,0.04,-1,Echolocation,/mnt/ubna_data_02_mir/recover-20220922/UBNA_001/20220921_090000.WAV,Telephone Field,recover-20220922,001,1795
948.3425,948.3818,68437,81780,Rhinolophus ferrumequinum,0.024,0.024,-1,Echolocation,/mnt/ubna_data_02_mir/recover-20220922/UBNA_001/20220921_090000.WAV,Telephone Field,recover-20220922,001,1795
948.3645,948.4074,68437,83625,Rhinolophus ferrumequinum,0.033,0.033,-1,Echolocation,/mnt/ubna_data_02_mir/recover-20220922/UBNA_001/20220921_090000.WAV,Telephone Field,recover-20220922,001,1795
948.3755,948.4174,68437,83318,Rhinolophus ferrumequinum,0.022,0.022,-1,Echolocation,/mnt/ubna_data_02_mir/recover-20220922/UBNA_001/20220921_090000.WAV,Telephone Field,recover-20220922,001,1795
948.3815,948.3922,22890,27830,Nyctalus leisleri,0.011,0.023,-1,Echolocation,/mnt/ubna_data_02_mir/recover-20220922/UBNA_001/20220921_090000.WAV,Telephone Field,recover-20220922,001,1795
948.3965,948.4327,68437,82399,Rhinolophus ferrumequinum,0.022,0.022,-1,Echolocation,/mnt/ubna_data_02_mir/recover-20220922/UBNA_001/20220921_090000.WAV,Telephone Field,recover-20220922,001,1795
948.4025,948.4403,68437,82187,Rhinolophus ferrumequinum,0.022,0.022,-1,Echolocation,/mnt/ubna_data_02_mir/recover-20220922/UBNA_001/20220921_090000.WAV,Telephone Field,recover-20220922,001,1795
948.4315,948.473,68437,82762,Rhinolophus ferrumequinum,0.034,0.034,-1,Echolocation,/mnt/ubna_data_02_mir/recover-20220922/UBNA_001/20220921_090000.WAV,Telephone Field,recover-20220922,001,1795
948.4955,948.5363,68437,83176,Rhinolophus ferrumequinum,0.025,0.025,-1,Echolocation,/mnt/ubna_data_02_mir/recover-20220922/UBNA_001/20220921_090000.WAV,Telephone Field,recover-20220922,001,1795
948.5055,948.5152,24609,31092,Nyctalus leisleri,0.008,0.022,-1,Echolocation,/mnt/ubna_data_02_mir/recover-20220922/UBNA_001/20220921_090000.WAV,Telephone Field,recover-20220922,001,1795
948.5355,948.5735999999999,68437,81415,Rhinolophus ferrumequinum,0.026,0.026,-1,Echolocation,/mnt/ubna_data_02_mir/recover-20220922/UBNA_001/20220921_090000.WAV,Telephone Field,recover-20220922,001,1795
948.6115,948.6513,68437,81190,Rhinolophus ferrumequinum,0.026,0.026,-1,Echolocation,/mnt/ubna_data_02_mir/recover-20220922/UBNA_001/20220921_090000.WAV,Telephone Field,recover-20220922,001,1795
948.6355,948.6763,68437,83008,Rhinolophus ferrumequinum,0.022,0.022,-1,Echolocation,/mnt/ubna_data_02_mir/recover-20220922/UBNA_001/20220921_090000.WAV,Telephone Field,recover-20220922,001,1795
948.6715,948.7112,68437,82996,Rhinolophus ferrumequinum,0.03,0.03,-1,Echolocation,/mnt/ubna_data_02_mir/recover-20220922/UBNA_001/20220921_090000.WAV,Telephone Field,recover-20220922,001,1795
948.7045,948.7434,68437,81882,Rhinolophus ferrumequinum,0.022,0.022,-1,Echolocation,/mnt/ubna_data_02_mir/recover-20220922/UBNA_001/20220921_090000.WAV,Telephone Field,recover-20220922,001,1795
948.7215,948.7295,28046,38961,Eptesicus serotinus,0.007,0.022,-1,Echolocation,/mnt/ubna_data_02_mir/recover-20220922/UBNA_001/20220921_090000.WAV,Telephone Field,recover-20220922,001,1795
948.7235000000001,948.7328,34062,41464,Myotis daubentonii,0.006,0.022,-1,Echolocation,/mnt/ubna_data_02_mir/recover-20220922/UBNA_001/20220921_090000.WAV,Telephone Field,recover-20220922,001,1795
948.7605,948.7707,26328,34733,Eptesicus serotinus,0.01,0.024,-1,Echolocation,/mnt/ubna_data_02_mir/recover-20220922/UBNA_001/20220921_090000.WAV,Telephone Field,recover-20220922,001,1795
948.7764999999999,948.8157,68437,82070,Rhinolophus ferrumequinum,0.025,0.025,-1,Echolocation,/mnt/ubna_data_02_mir/recover-20220922/UBNA_001/20220921_090000.WAV,Telephone Field,recover-20220922,001,1795
948.7955,948.8042,28906,37291,Eptesicus serotinus,0.019,0.039,-1,Echolocation,/mnt/ubna_data_02_mir/recover-20220922/UBNA_001/20220921_090000.WAV,Telephone Field,recover-20220922,001,1795
948.8155,948.848,68437,80283,Rhinolophus ferrumequinum,0.022,0.022,-1,Echolocation,/mnt/ubna_data_02_mir/recover-20220922/UBNA_001/20220921_090000.WAV,Telephone Field,recover-20220922,001,1795
948.8485000000001,948.8904,68437,82788,Rhinolophus ferrumequinum,0.025,0.025,-1,Echolocation,/mnt/ubna_data_02_mir/recover-20220922/UBNA_001/20220921_090000.WAV,Telephone Field,recover-20220922,001,1795
948.8665,948.9055,68437,82588,Rhinolophus ferrumequinum,0.023,0.023,-1,Echolocation,/mnt/ubna_data_02_mir/recover-20220922/UBNA_001/20220921_090000.WAV,Telephone Field,recover-20220922,001,1795
948.8795,948.9155,68437,81416,Rhinolophus ferrumequinum,0.023,0.023,-1,Echolocation,/mnt/ubna_data_02_mir/recover-20220922/UBNA_001/20220921_090000.WAV,Telephone Field,recover-20220922,001,1795
948.9065,948.9219,26328,31507,Eptesicus serotinus,0.017,0.034,-1,Echolocation,/mnt/ubna_data_02_mir/recover-20220922/UBNA_001/20220921_090000.WAV,Telephone Field,recover-20220922,001,1795
948.9165,948.954,68437,81623,Rhinolophus ferrumequinum,0.022,0.022,-1,Echolocation,/mnt/ubna_data_02_mir/recover-20220922/UBNA_001/20220921_090000.WAV,Telephone Field,recover-20220922,001,1795
948.9495,948.9883,68437,82595,Rhinolophus ferrumequinum,0.029,0.029,-1,Echolocation,/mnt/ubna_data_02_mir/recover-20220922/UBNA_001/20220921_090000.WAV,Telephone Field,recover-20220922,001,1795
948.9725,948.9808,28906,40759,Eptesicus serotinus,0.007,0.022,-1,Echolocation,/mnt/ubna_data_02_mir/recover-20220922/UBNA_001/20220921_090000.WAV,Telephone Field,recover-20220922,001,1795
948.9985,949.038,68437,82119,Rhinolophus ferrumequinum,0.023,0.023,-1,Echolocation,/mnt/ubna_data_02_mir/recover-20220922/UBNA_001/20220921_090000.WAV,Telephone Field,recover-20220922,001,1795
948.9985,949.0056,28046,40297,Eptesicus serotinus,0.007,0.024,-1,Echolocation,/mnt/ubna_data_02_mir/recover-20220922/UBNA_001/20220921_090000.WAV,Telephone Field,recover-20220922,001,1795
949.0195,949.0285,28046,37485,Eptesicus serotinus,0.01,0.025,-1,Echolocation,/mnt/ubna_data_02_mir/recover-20220922/UBNA_001/20220921_090000.WAV,Telephone Field,recover-20220922,001,1795
949.0375,949.0497,22890,28082,Nyctalus leisleri,0.013,0.026,-1,Echolocation,/mnt/ubna_data_02_mir/recover-20220922/UBNA_001/20220921_090000.WAV,Telephone Field,recover-20220922,001,1795
949.0475,949.0899,68437,83138,Rhinolophus ferrumequinum,0.027,0.027,-1,Echolocation,/mnt/ubna_data_02_mir/recover-20220922/UBNA_001/20220921_090000.WAV,Telephone Field,recover-20220922,001,1795
949.0665,949.0762,28906,38620,Eptesicus serotinus,0.009,0.024,-1,Echolocation,/mnt/ubna_data_02_mir/recover-20220922/UBNA_001/20220921_090000.WAV,Telephone Field,recover-20220922,001,1795
949.0735,949.0841,28906,36373,Eptesicus serotinus,0.011,0.024,-1,Echolocation,/mnt/ubna_data_02_mir/recover-20220922/UBNA_001/20220921_090000.WAV,Telephone Field,recover-20220922,001,1795
949.0855,949.1231,68437,81734,Rhinolophus ferrumequinum,0.022,0.022,-1,Echolocation,/mnt/ubna_data_02_mir/recover-20220922/UBNA_001/20220921_090000.WAV,Telephone Field,recover-20220922,001,1795
949.1575,949.1969,68437,82643,Rhinolophus ferrumequinum,0.022,0.022,-1,Echolocation,/mnt/ubna_data_02_mir/recover-20220922/UBNA_001/20220921_090000.WAV,Telephone Field,recover-20220922,001,1795
949.1955,949.2367,68437,82730,Rhinolophus ferrumequinum,0.023,0.023,-1,Echolocation,/mnt/ubna_data_02_mir/recover-20220922/UBNA_001/20220921_090000.WAV,Telephone Field,recover-20220922,001,1795
949.2365,949.2468,23750,30547,Nyctalus leisleri,0.01,0.025,-1,Echolocation,/mnt/ubna_data_02_mir/recover-20220922/UBNA_001/20220921_090000.WAV,Telephone Field,recover-20220922,001,1795
949.2595,949.2979,68437,82537,Rhinolophus ferrumequinum,0.026,0.026,-1,Echolocation,/mnt/ubna_data_02_mir/recover-20220922/UBNA_001/20220921_090000.WAV,Telephone Field,recover-20220922,001,1795
949.2715,949.3097,68437,82439,Rhinolophus ferrumequinum,0.023,0.023,-1,Echolocation,/mnt/ubna_data_02_mir/recover-20220922/UBNA_001/20220921_090000.WAV,Telephone Field,recover-20220922,001,1795
949.2845,949.2949,22031,27729,Nyctalus leisleri,0.009,0.022,-1,Echolocation,/mnt/ubna_data_02_mir/recover-20220922/UBNA_001/20220921_090000.WAV,Telephone Field,recover-20220922,001,1795
949.3225,949.363,68437,82447,Rhinolophus ferrumequinum,0.024,0.024,-1,Echolocation,/mnt/ubna_data_02_mir/recover-20220922/UBNA_001/20220921_090000.WAV,Telephone Field,recover-20220922,001,1795
949.3315,949.3393,28906,38784,Eptesicus serotinus,0.008,0.026,-1,Echolocation,/mnt/ubna_data_02_mir/recover-20220922/UBNA_001/20220921_090000.WAV,Telephone Field,recover-20220922,001,1795
949.3535,949.3917,68437,82045,Rhinolophus ferrumequinum,0.024,0.024,-1,Echolocation,/mnt/ubna_data_02_mir/recover-20220922/UBNA_001/20220921_090000.WAV,Telephone Field,recover-20220922,001,1795
949.3865,949.4275,68437,82709,Rhinolophus ferrumequinum,0.026,0.026,-1,Echolocation,/mnt/ubna_data_02_mir/recover-20220922/UBNA_001/20220921_090000.WAV,Telephone Field,recover-20220922,001,1795
949.3915,949.4031,22890,27333,Nyctalus leisleri,0.013,0.023,-1,Echolocation,/mnt/ubna_data_02_mir/recover-20220922/UBNA_001/20220921_090000.WAV,Telephone Field,recover-20220922,001,1795
949.4005,949.416,45234,49020,Pipistrellus pipistrellus,0.024,0.027,-1,Echolocation,/mnt/ubna_data_02_mir/recover-20220922/UBNA_001/20220921_090000.WAV,Telephone Field,recover-20220922,001,1795
949.4435,949.4818,68437,82296,Rhinolophus ferrumequinum,0.023,0.023,-1,Echolocation,/mnt/ubna_data_02_mir/recover-20220922/UBNA_001/20220921_090000.WAV,Telephone Field,recover-20220922,001,1795
949.4765,949.4874,22890,27700,Nyctalus leisleri,0.011,0.022,-1,Echolocation,/mnt/ubna_data_02_mir/recover-20220922/UBNA_001/20220921_090000.WAV,Telephone Field,recover-20220922,001,1795
949.4935,949.5032,26328,34464,Eptesicus serotinus,0.01,0.024,-1,Echolocation,/mnt/ubna_data_02_mir/recover-20220922/UBNA_001/20220921_090000.WAV,Telephone Field,recover-20220922,001,1795
949.5345,949.5708,68437,81767,Rhinolophus ferrumequinum,0.022,0.022,-1,Echolocation,/mnt/ubna_data_02_mir/recover-20220922/UBNA_001/20220921_090000.WAV,Telephone Field,recover-20220922,001,1795
949.5925,949.6299,68437,81863,Rhinolophus ferrumequinum,0.023,0.023,-1,Echolocation,/mnt/ubna_data_02_mir/recover-20220922/UBNA_001/20220921_090000.WAV,Telephone Field,recover-20220922,001,1795
949.6185,949.6566,68437,81936,Rhinolophus ferrumequinum,0.022,0.022,-1,Echolocation,/mnt/ubna_data_02_mir/recover-20220922/UBNA_001/20220921_090000.WAV,Telephone Field,recover-20220922,001,1795
949.6345,949.6431,25468,33803,Eptesicus serotinus,0.008,0.022,-1,Echolocation,/mnt/ubna_data_02_mir/recover-20220922/UBNA_001/20220921_090000.WAV,Telephone Field,recover-20220922,001,1795
949.6495,949.685,68437,81461,Rhinolophus ferrumequinum,0.022,0.022,-1,Echolocation,/mnt/ubna_data_02_mir/recover-20220922/UBNA_001/20220921_090000.WAV,Telephone Field,recover-20220922,001,1795
949.6725,949.6829,23750,30201,Nyctalus leisleri,0.011,0.025,-1,Echolocation,/mnt/ubna_data_02_mir/recover-20220922/UBNA_001/20220921_090000.WAV,Telephone Field,recover-20220922,001,1795
949.6955,949.732,68437,80623,Rhinolophus ferrumequinum,0.023,0.023,-1,Echolocation,/mnt/ubna_data_02_mir/recover-20220922/UBNA_001/20220921_090000.WAV,Telephone Field,recover-20220922,001,1795
949.7485,949.7865,68437,82412,Rhinolophus ferrumequinum,0.023,0.023,-1,Echolocation,/mnt/ubna_data_02_mir/recover-20220922/UBNA_001/20220921_090000.WAV,Telephone Field,recover-20220922,001,1795
949.7705,949.8108,68437,82254,Rhinolophus ferrumequinum,0.022,0.022,-1,Echolocation,/mnt/ubna_data_02_mir/recover-20220922/UBNA_001/20220921_090000.WAV,Telephone Field,recover-20220922,001,1795
949.7735,949.781,23750,31588,Plecotus austriacus,0.008,0.023,-1,Echolocation,/mnt/ubna_data_02_mir/recover-20220922/UBNA_001/20220921_090000.WAV,Telephone Field,recover-20220922,001,1795
949.8895,949.9283,68437,81651,Rhinolophus ferrumequinum,0.023,0.023,-1,Echolocation,/mnt/ubna_data_02_mir/recover-20220922/UBNA_001/20220921_090000.WAV,Telephone Field,recover-20220922,001,1795
949.9035,949.9132,27187,35052,Eptesicus serotinus,0.012,0.026,-1,Echolocation,/mnt/ubna_data_02_mir/recover-20220922/UBNA_001/20220921_090000.WAV,Telephone Field,recover-20220922,001,1795
949.9065,949.95,68437,82800,Rhinolophus ferrumequinum,0.043,0.043,-1,Echolocation,/mnt/ubna_data_02_mir/recover-20220922/UBNA_001/20220921_090000.WAV,Telephone Field,recover-20220922,001,1795
949.9545,949.9658,22890,28648,Nyctalus leisleri,0.012,0.026,-1,Echolocation,/mnt/ubna_data_02_mir/recover-20220922/UBNA_001/20220921_090000.WAV,Telephone Field,recover-20220922,001,1795
949.9805,949.9897,23750,31356,Nyctalus leisleri,0.007,0.022,-1,Echolocation,/mnt/ubna_data_02_mir/recover-20220922/UBNA_001/20220921_090000.WAV,Telephone Field,recover-20220922,001,1795
950.0015,950.0315,68437,79619,Rhinolophus ferrumequinum,0.041,0.041,-1,Echolocation,/mnt/ubna_data_02_mir/recover-20220922/UBNA_001/20220921_090000.WAV,Telephone Field,recover-20220922,001,1795
950.0015,950.0146,22031,27641,Nyctalus leisleri,0.019,0.038,-1,Echolocation,/mnt/ubna_data_02_mir/recover-20220922/UBNA_001/20220921_090000.WAV,Telephone Field,recover-20220922,001,1795
950.0145,950.0219,28046,38317,Eptesicus serotinus,0.007,0.024,-1,Echolocation,/mnt/ubna_data_02_mir/recover-20220922/UBNA_001/20220921_090000.WAV,Telephone Field,recover-20220922,001,1795
950.0365,950.0759,68437,81822,Rhinolophus ferrumequinum,0.022,0.022,-1,Echolocation,/mnt/ubna_data_02_mir/recover-20220922/UBNA_001/20220921_090000.WAV,Telephone Field,recover-20220922,001,1795
950.0385,950.0494,48671,53758,Pipistrellus pipistrellus,0.033,0.038,-1,Echolocation,/mnt/ubna_data_02_mir/recover-20220922/UBNA_001/20220921_090000.WAV,Telephone Field,recover-20220922,001,1795
950.0505,950.0642,22890,27925,Nyctalus leisleri,0.029,0.057,-1,Echolocation,/mnt/ubna_data_02_mir/recover-20220922/UBNA_001/20220921_090000.WAV,Telephone Field,recover-20220922,001,1795
950.0535,950.0961,68437,82975,Rhinolophus ferrumequinum,0.025,0.025,-1,Echolocation,/mnt/ubna_data_02_mir/recover-20220922/UBNA_001/20220921_090000.WAV,Telephone Field,recover-20220922,001,1795
950.0755,950.0818,28906,39383,Myotis daubentonii,0.01,0.039,-1,Echolocation,/mnt/ubna_data_02_mir/recover-20220922/UBNA_001/20220921_090000.WAV,Telephone Field,recover-20220922,001,1795
950.0755,950.1169,68437,82591,Rhinolophus ferrumequinum,0.027,0.027,-1,Echolocation,/mnt/ubna_data_02_mir/recover-20220922/UBNA_001/20220921_090000.WAV,Telephone Field,recover-20220922,001,1795
950.1015,950.1399,68437,82186,Rhinolophus ferrumequinum,0.025,0.025,-1,Echolocation,/mnt/ubna_data_02_mir/recover-20220922/UBNA_001/20220921_090000.WAV,Telephone Field,recover-20220922,001,1795
950.1045,950.1126,22890,30815,Plecotus austriacus,0.01,0.023,-1,Echolocation,/mnt/ubna_data_02_mir/recover-20220922/UBNA_001/20220921_090000.WAV,Telephone Field,recover-20220922,001,1795
950.1105,950.1175,28046,36654,Eptesicus serotinus,0.006,0.023,-1,Echolocation,/mnt/ubna_data_02_mir/recover-20220922/UBNA_001/20220921_090000.WAV,Telephone Field,recover-20220922,001,1795
950.1445,950.1782,68437,80298,Rhinolophus ferrumequinum,0.022,0.022,-1,Echolocation,/mnt/ubna_data_02_mir/recover-20220922/UBNA_001/20220921_090000.WAV,Telephone Field,recover-20220922,001,1795
950.1514999999999,950.1858,68437,80618,Rhinolophus ferrumequinum,0.023,0.023,-1,Echolocation,/mnt/ubna_data_02_mir/recover-20220922/UBNA_001/20220921_090000.WAV,Telephone Field,recover-20220922,001,1795
950.1835,950.1923,28046,37678,Eptesicus serotinus,0.008,0.023,-1,Echolocation,/mnt/ubna_data_02_mir/recover-20220922/UBNA_001/20220921_090000.WAV,Telephone Field,recover-20220922,001,1795
950.2285,950.2419,22890,27313,Nyctalus leisleri,0.016,0.028,-1,Echolocation,/mnt/ubna_data_02_mir/recover-20220922/UBNA_001/20220921_090000.WAV,Telephone Field,recover-20220922,001,1795
950.2545,950.2945,68437,82228,Rhinolophus ferrumequinum,0.022,0.022,-1,Echolocation,/mnt/ubna_data_02_mir/recover-20220922/UBNA_001/20220921_090000.WAV,Telephone Field,recover-20220922,001,1795
950.2815,950.2903,28906,38626,Eptesicus serotinus,0.008,0.024,-1,Echolocation,/mnt/ubna_data_02_mir/recover-20220922/UBNA_001/20220921_090000.WAV,Telephone Field,recover-20220922,001,1795
950.3235,950.3624,68437,81769,Rhinolophus ferrumequinum,0.025,0.025,-1,Echolocation,/mnt/ubna_data_02_mir/recover-20220922/UBNA_001/20220921_090000.WAV,Telephone Field,recover-20220922,001,1795
950.3815,950.4247,68437,82958,Rhinolophus ferrumequinum,0.032,0.032,-1,Echolocation,/mnt/ubna_data_02_mir/recover-20220922/UBNA_001/20220921_090000.WAV,Telephone Field,recover-20220922,001,1795
950.4055,950.4452,68437,82622,Rhinolophus ferrumequinum,0.024,0.024,-1,Echolocation,/mnt/ubna_data_02_mir/recover-20220922/UBNA_001/20220921_090000.WAV,Telephone Field,recover-20220922,001,1795
950.4065,950.4129,28906,39849,Eptesicus serotinus,0.007,0.03,-1,Echolocation,/mnt/ubna_data_02_mir/recover-20220922/UBNA_001/20220921_090000.WAV,Telephone Field,recover-20220922,001,1795
950.4305,950.4701,68437,82345,Rhinolophus ferrumequinum,0.023,0.023,-1,Echolocation,/mnt/ubna_data_02_mir/recover-20220922/UBNA_001/20220921_090000.WAV,Telephone Field,recover-20220922,001,1795
950.4505,950.4914,68437,83026,Rhinolophus ferrumequinum,0.027,0.027,-1,Echolocation,/mnt/ubna_data_02_mir/recover-20220922/UBNA_001/20220921_090000.WAV,Telephone Field,recover-20220922,001,1795
950.4535,950.466,22031,27609,Nyctalus leisleri,0.013,0.03,-1,Echolocation,/mnt/ubna_data_02_mir/recover-20220922/UBNA_001/20220921_090000.WAV,Telephone Field,recover-20220922,001,1795
950.4625,950.5028,68437,82193,Rhinolophus ferrumequinum,0.025,0.025,-1,Echolocation,/mnt/ubna_data_02_mir/recover-20220922/UBNA_001/20220921_090000.WAV,Telephone Field,recover-20220922,001,1795
950.4765,950.5177,68437,82771,Rhinolophus ferrumequinum,0.032,0.032,-1,Echolocation,/mnt/ubna_data_02_mir/recover-20220922/UBNA_001/20220921_090000.WAV,Telephone Field,recover-20220922,001,1795
950.5205,950.5613,68437,82378,Rhinolophus ferrumequinum,0.03,0.03,-1,Echolocation,/mnt/ubna_data_02_mir/recover-20220922/UBNA_001/20220921_090000.WAV,Telephone Field,recover-20220922,001,1795
950.5355,950.5457,22890,28253,Nyctalus leisleri,0.011,0.024,-1,Echolocation,/mnt/ubna_data_02_mir/recover-20220922/UBNA_001/20220921_090000.WAV,Telephone Field,recover-20220922,001,1795
950.6065,950.6472,68437,83034,Rhinolophus ferrumequinum,0.03,0.03,-1,Echolocation,/mnt/ubna_data_02_mir/recover-20220922/UBNA_001/20220921_090000.WAV,Telephone Field,recover-20220922,001,1795
950.6145,950.6549,68437,82603,Rhinolophus ferrumequinum,0.028,0.028,-1,Echolocation,/mnt/ubna_data_02_mir/recover-20220922/UBNA_001/20220921_090000.WAV,Telephone Field,recover-20220922,001,1795
950.6165,950.6268,22890,28961,Nyctalus leisleri,0.011,0.028,-1,Echolocation,/mnt/ubna_data_02_mir/recover-20220922/UBNA_001/20220921_090000.WAV,Telephone Field,recover-20220922,001,1795
950.6395,950.6773,68437,82070,Rhinolophus ferrumequinum,0.023,0.023,-1,Echolocation,/mnt/ubna_data_02_mir/recover-20220922/UBNA_001/20220921_090000.WAV,Telephone Field,recover-20220922,001,1795
950.6535,950.6882,68437,81579,Rhinolophus ferrumequinum,0.024,0.024,-1,Echolocation,/mnt/ubna_data_02_mir/recover-20220922/UBNA_001/20220921_090000.WAV,Telephone Field,recover-20220922,001,1795
950.6715,950.7105,68437,82357,Rhinolophus ferrumequinum,0.023,0.023,-1,Echolocation,/mnt/ubna_data_02_mir/recover-20220922/UBNA_001/20220921_090000.WAV,Telephone Field,recover-20220922,001,1795
950.6775,950.6857,27187,36976,Eptesicus serotinus,0.011,0.027,-1,Echolocation,/mnt/ubna_data_02_mir/recover-20220922/UBNA_001/20220921_090000.WAV,Telephone Field,recover-20220922,001,1795
950.6875,950.6976,22890,29167,Nyctalus leisleri,0.009,0.024,-1,Echolocation,/mnt/ubna_data_02_mir/recover-20220922/UBNA_001/20220921_090000.WAV,Telephone Field,recover-20220922,001,1795
950.7055,950.7476,68437,82473,Rhinolophus ferrumequinum,0.027,0.027,-1,Echolocation,/mnt/ubna_data_02_mir/recover-20220922/UBNA_001/20220921_090000.WAV,Telephone Field,recover-20220922,001,1795
950.7785,950.7863,27187,38605,Eptesicus serotinus,0.007,0.022,-1,Echolocation,/mnt/ubna_data_02_mir/recover-20220922/UBNA_001/20220921_090000.WAV,Telephone Field,recover-20220922,001,1795
950.7995,950.8391,68437,82500,Rhinolophus ferrumequinum,0.029,0.029,-1,Echolocation,/mnt/ubna_data_02_mir/recover-20220922/UBNA_001/20220921_090000.WAV,Telephone Field,recover-20220922,001,1795
950.8065,950.8485000000001,68437,83117,Rhinolophus ferrumequinum,0.037,0.037,-1,Echolocation,/mnt/ubna_data_02_mir/recover-20220922/UBNA_001/20220921_090000.WAV,Telephone Field,recover-20220922,001,1795
950.8085,950.8198,27187,34274,Eptesicus serotinus,0.013,0.026,-1,Echolocation,/mnt/ubna_data_02_mir/recover-20220922/UBNA_001/20220921_090000.WAV,Telephone Field,recover-20220922,001,1795
950.8315,950.8701,68437,82263,Rhinolophus ferrumequinum,0.031,0.031,-1,Echolocation,/mnt/ubna_data_02_mir/recover-20220922/UBNA_001/20220921_090000.WAV,Telephone Field,recover-20220922,001,1795
950.8395,950.8809,68437,82081,Rhinolophus ferrumequinum,0.029,0.029,-1,Echolocation,/mnt/ubna_data_02_mir/recover-20220922/UBNA_001/20220921_090000.WAV,Telephone Field,recover-20220922,001,1795
950.8785,950.9221,68437,82933,Rhinolophus ferrumequinum,0.028,0.028,-1,Echolocation,/mnt/ubna_data_02_mir/recover-20220922/UBNA_001/20220921_090000.WAV,Telephone Field,recover-20220922,001,1795
950.9445,950.9515,46093,53988,Pipistrellus pipistrellus,0.018,0.026,-1,Echolocation,/mnt/ubna_data_02_mir/recover-20220922/UBNA_001/20220921_090000.WAV,Telephone Field,recover-20220922,001,1795
950.9465,950.9525,40937,56898,Myotis mystacinus,0.009,0.028,-1,Echolocation,/mnt/ubna_data_02_mir/recover-20220922/UBNA_001/20220921_090000.WAV,Telephone Field,recover-20220922,001,1795
950.9685,950.9829,26328,30689,Nyctalus leisleri,0.013,0.03,-1,Echolocation,/mnt/ubna_data_02_mir/recover-20220922/UBNA_001/20220921_090000.WAV,Telephone Field,recover-20220922,001,1795
950.9835,951.0217,68437,81580,Rhinolophus ferrumequinum,0.024,0.024,-1,Echolocation,/mnt/ubna_data_02_mir/recover-20220922/UBNA_001/20220921_090000.WAV,Telephone Field,recover-20220922,001,1795
950.9845,950.9906,24609,39966,Plecotus austriacus,0.011,0.033,-1,Echolocation,/mnt/ubna_data_02_mir/recover-20220922/UBNA_001/20220921_090000.WAV,Telephone Field,recover-20220922,001,1795
951.0135,951.0531,68437,82275,Rhinolophus ferrumequinum,0.022,0.022,-1,Echolocation,/mnt/ubna_data_02_mir/recover-20220922/UBNA_001/20220921_090000.WAV,Telephone Field,recover-20220922,001,1795
951.0765,951.0844,28906,38806,Eptesicus serotinus,0.008,0.026,-1,Echolocation,/mnt/ubna_data_02_mir/recover-20220922/UBNA_001/20220921_090000.WAV,Telephone Field,recover-20220922,001,1795
951.1185,951.1377,15156,20452,Nyctalus noctula,0.018,0.024,-1,Echolocation,/mnt/ubna_data_02_mir/recover-20220922/UBNA_001/20220921_090000.WAV,Telephone Field,recover-20220922,001,1795
951.1235,951.1314,28046,40185,Eptesicus serotinus,0.008,0.025,-1,Echolocation,/mnt/ubna_data_02_mir/recover-20220922/UBNA_001/20220921_090000.WAV,Telephone Field,recover-20220922,001,1795
951.1525,951.1603,47812,51097,Pipistrellus pipistrellus,0.042,0.044,-1,Echolocation,/mnt/ubna_data_02_mir/recover-20220922/UBNA_001/20220921_090000.WAV,Telephone Field,recover-20220922,001,1795
951.1675,951.2068,68437,82824,Rhinolophus ferrumequinum,0.024,0.024,-1,Echolocation,/mnt/ubna_data_02_mir/recover-20220922/UBNA_001/20220921_090000.WAV,Telephone Field,recover-20220922,001,1795
951.1975,951.2053,26328,35439,Eptesicus serotinus,0.007,0.024,-1,Echolocation,/mnt/ubna_data_02_mir/recover-20220922/UBNA_001/20220921_090000.WAV,Telephone Field,recover-20220922,001,1795
951.2055,951.2434,68437,81901,Rhinolophus ferrumequinum,0.022,0.022,-1,Echolocation,/mnt/ubna_data_02_mir/recover-20220922/UBNA_001/20220921_090000.WAV,Telephone Field,recover-20220922,001,1795
951.2265,951.2629,68437,81078,Rhinolophus ferrumequinum,0.023,0.023,-1,Echolocation,/mnt/ubna_data_02_mir/recover-20220922/UBNA_001/20220921_090000.WAV,Telephone Field,recover-20220922,001,1795
951.2385,951.2749,68437,80747,Rhinolophus ferrumequinum,0.025,0.026,-1,Echolocation,/mnt/ubna_data_02_mir/recover-20220922/UBNA_001/20220921_090000.WAV,Telephone Field,recover-20220922,001,1795
951.2635,951.2995,69296,81694,Rhinolophus ferrumequinum,0.022,0.022,-1,Echolocation,/mnt/ubna_data_02_mir/recover-20220922/UBNA_001/20220921_090000.WAV,Telephone Field,recover-20220922,001,1795
951.3165,951.3542,68437,81885,Rhinolophus ferrumequinum,0.022,0.022,-1,Echolocation,/mnt/ubna_data_02_mir/recover-20220922/UBNA_001/20220921_090000.WAV,Telephone Field,recover-20220922,001,1795
951.3235,951.3595,68437,81777,Rhinolophus ferrumequinum,0.024,0.024,-1,Echolocation,/mnt/ubna_data_02_mir/recover-20220922/UBNA_001/20220921_090000.WAV,Telephone Field,recover-20220922,001,1795
951.3685,951.4068,68437,81876,Rhinolophus ferrumequinum,0.022,0.022,-1,Echolocation,/mnt/ubna_data_02_mir/recover-20220922/UBNA_001/20220921_090000.WAV,Telephone Field,recover-20220922,001,1795
951.3795,951.4188,68437,82424,Rhinolophus ferrumequinum,0.023,0.023,-1,Echolocation,/mnt/ubna_data_02_mir/recover-20220922/UBNA_001/20220921_090000.WAV,Telephone Field,recover-20220922,001,1795
951.3905,951.4304,68437,82279,Rhinolophus ferrumequinum,0.022,0.022,-1,Echolocation,/mnt/ubna_data_02_mir/recover-20220922/UBNA_001/20220921_090000.WAV,Telephone Field,recover-20220922,001,1795
951.4125,951.4212,27187,37356,Eptesicus serotinus,0.011,0.026,-1,Echolocation,/mnt/ubna_data_02_mir/recover-20220922/UBNA_001/20220921_090000.WAV,Telephone Field,recover-20220922,001,1795
951.4135,951.4507,68437,82080,Rhinolophus ferrumequinum,0.024,0.024,-1,Echolocation,/mnt/ubna_data_02_mir/recover-20220922/UBNA_001/20220921_090000.WAV,Telephone Field,recover-20220922,001,1795
951.4315,951.4706,68437,82116,Rhinolophus ferrumequinum,0.022,0.022,-1,Echolocation,/mnt/ubna_data_02_mir/recover-20220922/UBNA_001/20220921_090000.WAV,Telephone Field,recover-20220922,001,1795
951.4505,951.4903,68437,82031,Rhinolophus ferrumequinum,0.024,0.024,-1,Echolocation,/mnt/ubna_data_02_mir/recover-20220922/UBNA_001/20220921_090000.WAV,Telephone Field,recover-20220922,001,1795
951.4635,951.4716,25468,34364,Eptesicus serotinus,0.007,0.026,-1,Echolocation,/mnt/ubna_data_02_mir/recover-20220922/UBNA_001/20220921_090000.WAV,Telephone Field,recover-20220922,001,1795
951.5625,951.6054,68437,83257,Rhinolophus ferrumequinum,0.028,0.028,-1,Echolocation,/mnt/ubna_data_02_mir/recover-20220922/UBNA_001/20220921_090000.WAV,Telephone Field,recover-20220922,001,1795
951.5955,951.6038,25468,34912,Eptesicus serotinus,0.008,0.023,-1,Echolocation,/mnt/ubna_data_02_mir/recover-20220922/UBNA_001/20220921_090000.WAV,Telephone Field,recover-20220922,001,1795
951.6025,951.6371,68437,81371,Rhinolophus ferrumequinum,0.024,0.024,-1,Echolocation,/mnt/ubna_data_02_mir/recover-20220922/UBNA_001/20220921_090000.WAV,Telephone Field,recover-20220922,001,1795
951.6095,951.6459,68437,81453,Rhinolophus ferrumequinum,0.024,0.024,-1,Echolocation,/mnt/ubna_data_02_mir/recover-20220922/UBNA_001/20220921_090000.WAV,Telephone Field,recover-20220922,001,1795
951.6155,951.6263,26328,34002,Eptesicus serotinus,0.012,0.025,-1,Echolocation,/mnt/ubna_data_02_mir/recover-20220922/UBNA_001/20220921_090000.WAV,Telephone Field,recover-20220922,001,1795
951.6355,951.6428,28906,38583,Eptesicus serotinus,0.009,0.03,-1,Echolocation,/mnt/ubna_data_02_mir/recover-20220922/UBNA_001/20220921_090000.WAV,Telephone Field,recover-20220922,001,1795
951.6365,951.6741,68437,82062,Rhinolophus ferrumequinum,0.023,0.023,-1,Echolocation,/mnt/ubna_data_02_mir/recover-20220922/UBNA_001/20220921_090000.WAV,Telephone Field,recover-20220922,001,1795
951.6505,951.66,22890,29431,Nyctalus leisleri,0.009,0.024,-1,Echolocation,/mnt/ubna_data_02_mir/recover-20220922/UBNA_001/20220921_090000.WAV,Telephone Field,recover-20220922,001,1795
951.6695,951.7111,68437,82587,Rhinolophus ferrumequinum,0.028,0.028,-1,Echolocation,/mnt/ubna_data_02_mir/recover-20220922/UBNA_001/20220921_090000.WAV,Telephone Field,recover-20220922,001,1795
951.6925,951.7031,44375,51557,Pipistrellus pipistrellus,0.019,0.023,-1,Echolocation,/mnt/ubna_data_02_mir/recover-20220922/UBNA_001/20220921_090000.WAV,Telephone Field,recover-20220922,001,1795
951.7395,951.7462,28046,41265,Eptesicus serotinus,0.007,0.029,-1,Echolocation,/mnt/ubna_data_02_mir/recover-20220922/UBNA_001/20220921_090000.WAV,Telephone Field,recover-20220922,001,1795
951.7705,951.8098,68437,82220,Rhinolophus ferrumequinum,0.028,0.028,-1,Echolocation,/mnt/ubna_data_02_mir/recover-20220922/UBNA_001/20220921_090000.WAV,Telephone Field,recover-20220922,001,1795
951.7775,951.7874,23750,29771,Nyctalus leisleri,0.009,0.022,-1,Echolocation,/mnt/ubna_data_02_mir/recover-20220922/UBNA_001/20220921_090000.WAV,Telephone Field,recover-20220922,001,1795
951.7825,951.79,27187,40141,Eptesicus serotinus,0.006,0.022,-1,Echolocation,/mnt/ubna_data_02_mir/recover-20220922/UBNA_001/20220921_090000.WAV,Telephone Field,recover-20220922,001,1795
951.8065,951.8144,28906,38054,Eptesicus serotinus,0.006,0.022,-1,Echolocation,/mnt/ubna_data_02_mir/recover-20220922/UBNA_001/20220921_090000.WAV,Telephone Field,recover-20220922,001,1795
951.8295,951.8402,29765,37630,Eptesicus serotinus,0.01,0.024,-1,Echolocation,/mnt/ubna_data_02_mir/recover-20220922/UBNA_001/20220921_090000.WAV,Telephone Field,recover-20220922,001,1795
951.8305,951.8704,68437,82052,Rhinolophus ferrumequinum,0.023,0.024,-1,Echolocation,/mnt/ubna_data_02_mir/recover-20220922/UBNA_001/20220921_090000.WAV,Telephone Field,recover-20220922,001,1795
951.8545,951.8947000000001,68437,82660,Rhinolophus ferrumequinum,0.027,0.027,-1,Echolocation,/mnt/ubna_data_02_mir/recover-20220922/UBNA_001/20220921_090000.WAV,Telephone Field,recover-20220922,001,1795
951.8905,951.9011,33203,39074,Eptesicus serotinus,0.008,0.027,-1,Echolocation,/mnt/ubna_data_02_mir/recover-20220922/UBNA_001/20220921_090000.WAV,Telephone Field,recover-20220922,001,1795
951.9585,951.9954,68437,81401,Rhinolophus ferrumequinum,0.023,0.023,-1,Echolocation,/mnt/ubna_data_02_mir/recover-20220922/UBNA_001/20220921_090000.WAV,Telephone Field,recover-20220922,001,1795
952.0015,952.013,22890,27718,Nyctalus leisleri,0.023,0.045,-1,Echolocation,/mnt/ubna_data_02_mir/recover-20220922/UBNA_001/20220921_090000.WAV,Telephone Field,recover-20220922,001,1795
952.0015,952.0337,68437,79609,Rhinolophus ferrumequinum,0.026,0.027,-1,Echolocation,/mnt/ubna_data_02_mir/recover-20220922/UBNA_001/20220921_090000.WAV,Telephone Field,recover-20220922,001,1795
952.0015,952.0171,52109,58448,Pipistrellus pygmaeus,0.013,0.024,-1,Echolocation,/mnt/ubna_data_02_mir/recover-20220922/UBNA_001/20220921_090000.WAV,Telephone Field,recover-20220922,001,1795
952.0075,952.0151,51250,56057,Pipistrellus pipistrellus,0.022,0.028,-1,Echolocation,/mnt/ubna_data_02_mir/recover-20220922/UBNA_001/20220921_090000.WAV,Telephone Field,recover-20220922,001,1795
952.0095,952.0524,68437,83045,Rhinolophus ferrumequinum,0.035,0.035,-1,Echolocation,/mnt/ubna_data_02_mir/recover-20220922/UBNA_001/20220921_090000.WAV,Telephone Field,recover-20220922,001,1795
952.0135,952.0244,22031,26068,Nyctalus leisleri,0.015,0.026,-1,Echolocation,/mnt/ubna_data_02_mir/recover-20220922/UBNA_001/20220921_090000.WAV,Telephone Field,recover-20220922,001,1795
952.0395,952.0539,22031,25592,Nyctalus leisleri,0.014,0.023,-1,Echolocation,/mnt/ubna_data_02_mir/recover-20220922/UBNA_001/20220921_090000.WAV,Telephone Field,recover-20220922,001,1795
952.0575,952.0953,68437,81996,Rhinolophus ferrumequinum,0.02,0.02,-1,Echolocation,/mnt/ubna_data_02_mir/recover-20220922/UBNA_001/20220921_090000.WAV,Telephone Field,recover-20220922,001,1795
952.0785,952.1181,68437,81927,Rhinolophus ferrumequinum,0.021,0.021,-1,Echolocation,/mnt/ubna_data_02_mir/recover-20220922/UBNA_001/20220921_090000.WAV,Telephone Field,recover-20220922,001,1795
952.0865,952.0958,28046,36851,Eptesicus serotinus,0.009,0.024,-1,Echolocation,/mnt/ubna_data_02_mir/recover-20220922/UBNA_001/20220921_090000.WAV,Telephone Field,recover-20220922,001,1795
952.0875,952.1275,68437,82147,Rhinolophus ferrumequinum,0.02,0.02,-1,Echolocation,/mnt/ubna_data_02_mir/recover-20220922/UBNA_001/20220921_090000.WAV,Telephone Field,recover-20220922,001,1795
952.0965,952.1366,68437,82334,Rhinolophus ferrumequinum,0.025,0.025,-1,Echolocation,/mnt/ubna_data_02_mir/recover-20220922/UBNA_001/20220921_090000.WAV,Telephone Field,recover-20220922,001,1795
952.0965,952.1038,27187,37765,Eptesicus serotinus,0.007,0.021,-1,Echolocation,/mnt/ubna_data_02_mir/recover-20220922/UBNA_001/20220921_090000.WAV,Telephone Field,recover-20220922,001,1795
952.1355,952.1432,27187,41286,Eptesicus serotinus,0.006,0.021,-1,Echolocation,/mnt/ubna_data_02_mir/recover-20220922/UBNA_001/20220921_090000.WAV,Telephone Field,recover-20220922,001,1795
952.1425,952.1524,38359,45280,Pipistrellus nathusii,0.007,0.024,-1,Echolocation,/mnt/ubna_data_02_mir/recover-20220922/UBNA_001/20220921_090000.WAV,Telephone Field,recover-20220922,001,1795
952.1485,952.1567,22890,29732,Plecotus austriacus,0.009,0.021,-1,Echolocation,/mnt/ubna_data_02_mir/recover-20220922/UBNA_001/20220921_090000.WAV,Telephone Field,recover-20220922,001,1795
952.1715,952.2076,68437,81471,Rhinolophus ferrumequinum,0.021,0.021,-1,Echolocation,/mnt/ubna_data_02_mir/recover-20220922/UBNA_001/20220921_090000.WAV,Telephone Field,recover-20220922,001,1795
952.2145,952.2525,68437,82803,Rhinolophus ferrumequinum,0.027,0.027,-1,Echolocation,/mnt/ubna_data_02_mir/recover-20220922/UBNA_001/20220921_090000.WAV,Telephone Field,recover-20220922,001,1795
952.2265,952.2643,68437,81880,Rhinolophus ferrumequinum,0.025,0.025,-1,Echolocation,/mnt/ubna_data_02_mir/recover-20220922/UBNA_001/20220921_090000.WAV,Telephone Field,recover-20220922,001,1795
952.2635,952.3018,68437,81937,Rhinolophus ferrumequinum,0.025,0.025,-1,Echolocation,/mnt/ubna_data_02_mir/recover-20220922/UBNA_001/20220921_090000.WAV,Telephone Field,recover-20220922,001,1795
952.2905,952.3296,68437,82776,Rhinolophus ferrumequinum,0.022,0.022,-1,Echolocation,/mnt/ubna_data_02_mir/recover-20220922/UBNA_001/20220921_090000.WAV,Telephone Field,recover-20220922,001,1795
952.2995,952.3088,28906,35984,Eptesicus serotinus,0.007,0.02,-1,Echolocation,/mnt/ubna_data_02_mir/recover-20220922/UBNA_001/20220921_090000.WAV,Telephone Field,recover-20220922,001,1795
952.3205,952.3294,23750,30248,Nyctalus leisleri,0.007,0.021,-1,Echolocation,/mnt/ubna_data_02_mir/recover-20220922/UBNA_001/20220921_090000.WAV,Telephone Field,recover-20220922,001,1795
952.3475,952.3896,68437,82413,Rhinolophus ferrumequinum,0.025,0.025,-1,Echolocation,/mnt/ubna_data_02_mir/recover-20220922/UBNA_001/20220921_090000.WAV,Telephone Field,recover-20220922,001,1795
952.3845,952.4235,68437,82188,Rhinolophus ferrumequinum,0.027,0.027,-1,Echolocation,/mnt/ubna_data_02_mir/recover-20220922/UBNA_001/20220921_090000.WAV,Telephone Field,recover-20220922,001,1795
952.4105,952.4485,68437,81934,Rhinolophus ferrumequinum,0.023,0.023,-1,Echolocation,/mnt/ubna_data_02_mir/recover-20220922/UBNA_001/20220921_090000.WAV,Telephone Field,recover-20220922,001,1795
952.4475,952.4583,47812,51451,Pipistrellus pipistrellus,0.022,0.027,-1,Echolocation,/mnt/ubna_data_02_mir/recover-20220922/UBNA_001/20220921_090000.WAV,Telephone Field,recover-20220922,001,1795
952.4545,952.4651,25468,32031,Eptesicus serotinus,0.009,0.023,-1,Echolocation,/mnt/ubna_data_02_mir/recover-20220922/UBNA_001/20220921_090000.WAV,Telephone Field,recover-20220922,001,1795
952.4605,952.4692,28046,37818,Eptesicus serotinus,0.007,0.023,-1,Echolocation,/mnt/ubna_data_02_mir/recover-20220922/UBNA_001/20220921_090000.WAV,Telephone Field,recover-20220922,001,1795
952.4705,952.5078,68437,82347,Rhinolophus ferrumequinum,0.024,0.024,-1,Echolocation,/mnt/ubna_data_02_mir/recover-20220922/UBNA_001/20220921_090000.WAV,Telephone Field,recover-20220922,001,1795
952.4865,952.493,26328,37730,Eptesicus serotinus,0.004,0.021,-1,Echolocation,/mnt/ubna_data_02_mir/recover-20220922/UBNA_001/20220921_090000.WAV,Telephone Field,recover-20220922,001,1795
952.5055,952.5159,23750,29161,Nyctalus leisleri,0.009,0.021,-1,Echolocation,/mnt/ubna_data_02_mir/recover-20220922/UBNA_001/20220921_090000.WAV,Telephone Field,recover-20220922,001,1795
952.5225,952.5311,28046,39630,Eptesicus serotinus,0.007,0.02,-1,Echolocation,/mnt/ubna_data_02_mir/recover-20220922/UBNA_001/20220921_090000.WAV,Telephone Field,recover-20220922,001,1795
952.5245,952.5637,68437,82487,Rhinolophus ferrumequinum,0.028,0.028,-1,Echolocation,/mnt/ubna_data_02_mir/recover-20220922/UBNA_001/20220921_090000.WAV,Telephone Field,recover-20220922,001,1795
952.5365,952.5745,68437,81524,Rhinolophus ferrumequinum,0.021,0.021,-1,Echolocation,/mnt/ubna_data_02_mir/recover-20220922/UBNA_001/20220921_090000.WAV,Telephone Field,recover-20220922,001,1795
952.5675,952.6059,68437,81798,Rhinolophus ferrumequinum,0.022,0.022,-1,Echolocation,/mnt/ubna_data_02_mir/recover-20220922/UBNA_001/20220921_090000.WAV,Telephone Field,recover-20220922,001,1795
952.5835,952.6227,68437,82095,Rhinolophus ferrumequinum,0.023,0.023,-1,Echolocation,/mnt/ubna_data_02_mir/recover-20220922/UBNA_001/20220921_090000.WAV,Telephone Field,recover-20220922,001,1795
952.5905,952.6286,68437,82243,Rhinolophus ferrumequinum,0.022,0.022,-1,Echolocation,/mnt/ubna_data_02_mir/recover-20220922/UBNA_001/20220921_090000.WAV,Telephone Field,recover-20220922,001,1795
952.6095,952.6517,68437,82366,Rhinolophus ferrumequinum,0.028,0.028,-1,Echolocation,/mnt/ubna_data_02_mir/recover-20220922/UBNA_001/20220921_090000.WAV,Telephone Field,recover-20220922,001,1795
952.6135,952.621,28046,37702,Eptesicus serotinus,0.007,0.023,-1,Echolocation,/mnt/ubna_data_02_mir/recover-20220922/UBNA_001/20220921_090000.WAV,Telephone Field,recover-20220922,001,1795
952.6145,952.6553,68437,82448,Rhinolophus ferrumequinum,0.028,0.028,-1,Echolocation,/mnt/ubna_data_02_mir/recover-20220922/UBNA_001/20220921_090000.WAV,Telephone Field,recover-20220922,001,1795
952.7165,952.7585,68437,82476,Rhinolophus ferrumequinum,0.028,0.028,-1,Echolocation,/mnt/ubna_data_02_mir/recover-20220922/UBNA_001/20220921_090000.WAV,Telephone Field,recover-20220922,001,1795
952.7325,952.7729,68437,82660,Rhinolophus ferrumequinum,0.026,0.026,-1,Echolocation,/mnt/ubna_data_02_mir/recover-20220922/UBNA_001/20220921_090000.WAV,Telephone Field,recover-20220922,001,1795
952.7595,952.7999,68437,82915,Rhinolophus ferrumequinum,0.021,0.021,-1,Echolocation,/mnt/ubna_data_02_mir/recover-20220922/UBNA_001/20220921_090000.WAV,Telephone Field,recover-20220922,001,1795
952.7915,952.8323,68437,82949,Rhinolophus ferrumequinum,0.024,0.024,-1,Echolocation,/mnt/ubna_data_02_mir/recover-20220922/UBNA_001/20220921_090000.WAV,Telephone Field,recover-20220922,001,1795
952.8175,952.8588,68437,81956,Rhinolophus ferrumequinum,0.022,0.022,-1,Echolocation,/mnt/ubna_data_02_mir/recover-20220922/UBNA_001/20220921_090000.WAV,Telephone Field,recover-20220922,001,1795
952.8265,952.8671,68437,83030,Rhinolophus ferrumequinum,0.024,0.024,-1,Echolocation,/mnt/ubna_data_02_mir/recover-20220922/UBNA_001/20220921_090000.WAV,Telephone Field,recover-20220922,001,1795
952.8305,952.8386,28046,36368,Eptesicus serotinus,0.007,0.022,-1,Echolocation,/mnt/ubna_data_02_mir/recover-20220922/UBNA_001/20220921_090000.WAV,Telephone Field,recover-20220922,001,1795
952.8985,952.9371,68437,82274,Rhinolophus ferrumequinum,0.025,0.025,-1,Echolocation,/mnt/ubna_data_02_mir/recover-20220922/UBNA_001/20220921_090000.WAV,Telephone Field,recover-20220922,001,1795
952.9435,952.9827,68437,82789,Rhinolophus ferrumequinum,0.024,0.024,-1,Echolocation,/mnt/ubna_data_02_mir/recover-20220922/UBNA_001/20220921_090000.WAV,Telephone Field,recover-20220922,001,1795
952.9585,952.9971,68437,81901,Rhinolophus ferrumequinum,0.021,0.022,-1,Echolocation,/mnt/ubna_data_02_mir/recover-20220922/UBNA_001/20220921_090000.WAV,Telephone Field,recover-20220922,001,1795
952.9605,952.967,28046,37156,Eptesicus serotinus,0.007,0.023,-1,Echolocation,/mnt/ubna_data_02_mir/recover-20220922/UBNA_001/20220921_090000.WAV,Telephone Field,recover-20220922,001,1795
952.9685,953.0077,68437,82121,Rhinolophus ferrumequinum,0.025,0.025,-1,Echolocation,/mnt/ubna_data_02_mir/recover-20220922/UBNA_001/20220921_090000.WAV,Telephone Field,recover-20220922,001,1795
952.9885,953.0287,68437,82394,Rhinolophus ferrumequinum,0.023,0.023,-1,Echolocation,/mnt/ubna_data_02_mir/recover-20220922/UBNA_001/20220921_090000.WAV,Telephone Field,recover-20220922,001,1795
952.9985,953.0369,68437,82589,Rhinolophus ferrumequinum,0.021,0.021,-1,Echolocation,/mnt/ubna_data_02_mir/recover-20220922/UBNA_001/20220921_090000.WAV,Telephone Field,recover-20220922,001,1795
953.0225,953.0312,43515,47033,Pipistrellus pipistrellus,0.031,0.034,-1,Echolocation,/mnt/ubna_data_02_mir/recover-20220922/UBNA_001/20220921_090000.WAV,Telephone Field,recover-20220922,001,1795
953.0245,953.0624,68437,81944,Rhinolophus ferrumequinum,0.021,0.021,-1,Echolocation,/mnt/ubna_data_02_mir/recover-20220922/UBNA_001/20220921_090000.WAV,Telephone Field,recover-20220922,001,1795
953.0745,953.0821,27187,38481,Eptesicus serotinus,0.006,0.021,-1,Echolocation,/mnt/ubna_data_02_mir/recover-20220922/UBNA_001/20220921_090000.WAV,Telephone Field,recover-20220922,001,1795
953.0955,953.106,36640,42271,Barbastellus barbastellus,0.01,0.034,-1,Echolocation,/mnt/ubna_data_02_mir/recover-20220922/UBNA_001/20220921_090000.WAV,Telephone Field,recover-20220922,001,1795
953.0975,953.136,68437,82879,Rhinolophus ferrumequinum,0.035,0.035,-1,Echolocation,/mnt/ubna_data_02_mir/recover-20220922/UBNA_001/20220921_090000.WAV,Telephone Field,recover-20220922,001,1795
953.1005,953.1087,28046,36618,Eptesicus serotinus,0.007,0.021,-1,Echolocation,/mnt/ubna_data_02_mir/recover-20220922/UBNA_001/20220921_090000.WAV,Telephone Field,recover-20220922,001,1795
953.1165,953.1552,68437,82528,Rhinolophus ferrumequinum,0.024,0.024,-1,Echolocation,/mnt/ubna_data_02_mir/recover-20220922/UBNA_001/20220921_090000.WAV,Telephone Field,recover-20220922,001,1795
953.1255,953.1637,68437,81944,Rhinolophus ferrumequinum,0.021,0.021,-1,Echolocation,/mnt/ubna_data_02_mir/recover-20220922/UBNA_001/20220921_090000.WAV,Telephone Field,recover-20220922,001,1795
953.1585,953.1661,28046,38163,Eptesicus serotinus,0.007,0.021,-1,Echolocation,/mnt/ubna_data_02_mir/recover-20220922/UBNA_001/20220921_090000.WAV,Telephone Field,recover-20220922,001,1795
953.1715,953.2101,68437,81784,Rhinolophus ferrumequinum,0.025,0.025,-1,Echolocation,/mnt/ubna_data_02_mir/recover-20220922/UBNA_001/20220921_090000.WAV,Telephone Field,recover-20220922,001,1795
953.1945,953.2312,68437,81857,Rhinolophus ferrumequinum,0.021,0.021,-1,Echolocation,/mnt/ubna_data_02_mir/recover-20220922/UBNA_001/20220921_090000.WAV,Telephone Field,recover-20220922,001,1795
953.2025,953.2139,27187,34547,Eptesicus serotinus,0.01,0.022,-1,Echolocation,/mnt/ubna_data_02_mir/recover-20220922/UBNA_001/20220921_090000.WAV,Telephone Field,recover-20220922,001,1795
953.2115,953.2229,23750,28568,Nyctalus leisleri,0.011,0.022,-1,Echolocation,/mnt/ubna_data_02_mir/recover-20220922/UBNA_001/20220921_090000.WAV,Telephone Field,recover-20220922,001,1795
953.2315,953.2742,68437,82438,Rhinolophus ferrumequinum,0.025,0.025,-1,Echolocation,/mnt/ubna_data_02_mir/recover-20220922/UBNA_001/20220921_090000.WAV,Telephone Field,recover-20220922,001,1795
953.2315,953.2415,22890,28843,Nyctalus leisleri,0.009,0.024,-1,Echolocation,/mnt/ubna_data_02_mir/recover-20220922/UBNA_001/20220921_090000.WAV,Telephone Field,recover-20220922,001,1795
953.2545,953.2636,28046,36555,Eptesicus serotinus,0.012,0.027,-1,Echolocation,/mnt/ubna_data_02_mir/recover-20220922/UBNA_001/20220921_090000.WAV,Telephone Field,recover-20220922,001,1795
953.2905,953.3347,68437,83348,Rhinolophus ferrumequinum,0.038,0.038,-1,Echolocation,/mnt/ubna_data_02_mir/recover-20220922/UBNA_001/20220921_090000.WAV,Telephone Field,recover-20220922,001,1795
953.3225,953.3636,68437,82533,Rhinolophus ferrumequinum,0.026,0.026,-1,Echolocation,/mnt/ubna_data_02_mir/recover-20220922/UBNA_001/20220921_090000.WAV,Telephone Field,recover-20220922,001,1795
953.3405,953.3516,27187,34044,Eptesicus serotinus,0.012,0.024,-1,Echolocation,/mnt/ubna_data_02_mir/recover-20220922/UBNA_001/20220921_090000.WAV,Telephone Field,recover-20220922,001,1795
953.3485000000001,953.3911,68437,82998,Rhinolophus ferrumequinum,0.023,0.023,-1,Echolocation,/mnt/ubna_data_02_mir/recover-20220922/UBNA_001/20220921_090000.WAV,Telephone Field,recover-20220922,001,1795
953.3985,953.4371,68437,82625,Rhinolophus ferrumequinum,0.025,0.025,-1,Echolocation,/mnt/ubna_data_02_mir/recover-20220922/UBNA_001/20220921_090000.WAV,Telephone Field,recover-20220922,001,1795
953.4115,953.421,28906,36740,Eptesicus serotinus,0.01,0.025,-1,Echolocation,/mnt/ubna_data_02_mir/recover-20220922/UBNA_001/20220921_090000.WAV,Telephone Field,recover-20220922,001,1795
953.4125,953.4478,68437,81697,Rhinolophus ferrumequinum,0.021,0.021,-1,Echolocation,/mnt/ubna_data_02_mir/recover-20220922/UBNA_001/20220921_090000.WAV,Telephone Field,recover-20220922,001,1795
953.4765,953.515,68437,82263,Rhinolophus ferrumequinum,0.027,0.027,-1,Echolocation,/mnt/ubna_data_02_mir/recover-20220922/UBNA_001/20220921_090000.WAV,Telephone Field,recover-20220922,001,1795
953.5115,953.5202,23750,31684,Plecotus austriacus,0.009,0.025,-1,Echolocation,/mnt/ubna_data_02_mir/recover-20220922/UBNA_001/20220921_090000.WAV,Telephone Field,recover-20220922,001,1795
953.5525,953.5625,28906,40444,Eptesicus serotinus,0.014,0.031,-1,Echolocation,/mnt/ubna_data_02_mir/recover-20220922/UBNA_001/20220921_090000.WAV,Telephone Field,recover-20220922,001,1795
953.5795,953.6199,68437,82172,Rhinolophus ferrumequinum,0.022,0.022,-1,Echolocation,/mnt/ubna_data_02_mir/recover-20220922/UBNA_001/20220921_090000.WAV,Telephone Field,recover-20220922,001,1795
953.5895,953.6283,68437,82080,Rhinolophus ferrumequinum,0.021,0.021,-1,Echolocation,/mnt/ubna_data_02_mir/recover-20220922/UBNA_001/20220921_090000.WAV,Telephone Field,recover-20220922,001,1795
953.5975,953.6339,68437,81339,Rhinolophus ferrumequinum,0.021,0.021,-1,Echolocation,/mnt/ubna_data_02_mir/recover-20220922/UBNA_001/20220921_090000.WAV,Telephone Field,recover-20220922,001,1795
953.6115,953.6517,68437,82270,Rhinolophus ferrumequinum,0.026,0.026,-1,Echolocation,/mnt/ubna_data_02_mir/recover-20220922/UBNA_001/20220921_090000.WAV,Telephone Field,recover-20220922,001,1795
953.6635,953.7026,68437,82664,Rhinolophus ferrumequinum,0.022,0.022,-1,Echolocation,/mnt/ubna_data_02_mir/recover-20220922/UBNA_001/20220921_090000.WAV,Telephone Field,recover-20220922,001,1795
953.6785,953.7205,68437,83134,Rhinolophus ferrumequinum,0.027,0.027,-1,Echolocation,/mnt/ubna_data_02_mir/recover-20220922/UBNA_001/20220921_090000.WAV,Telephone Field,recover-20220922,001,1795
953.6885,953.7316,68437,83236,Rhinolophus ferrumequinum,0.038,0.038,-1,Echolocation,/mnt/ubna_data_02_mir/recover-20220922/UBNA_001/20220921_090000.WAV,Telephone Field,recover-20220922,001,1795
953.6925,953.7023,28046,36405,Eptesicus serotinus,0.01,0.024,-1,Echolocation,/mnt/ubna_data_02_mir/recover-20220922/UBNA_001/20220921_090000.WAV,Telephone Field,recover-20220922,001,1795
953.7605,953.8002,68437,82886,Rhinolophus ferrumequinum,0.029,0.029,-1,Echolocation,/mnt/ubna_data_02_mir/recover-20220922/UBNA_001/20220921_090000.WAV,Telephone Field,recover-20220922,001,1795
953.7685,953.7767,25468,35724,Eptesicus serotinus,0.01,0.026,-1,Echolocation,/mnt/ubna_data_02_mir/recover-20220922/UBNA_001/20220921_090000.WAV,Telephone Field,recover-20220922,001,1795
953.7725,953.7833,39218,43858,Pipistrellus nathusii,0.017,0.028,-1,Echolocation,/mnt/ubna_data_02_mir/recover-20220922/UBNA_001/20220921_090000.WAV,Telephone Field,recover-20220922,001,1795
953.8345,953.8741,68437,82345,Rhinolophus ferrumequinum,0.022,0.022,-1,Echolocation,/mnt/ubna_data_02_mir/recover-20220922/UBNA_001/20220921_090000.WAV,Telephone Field,recover-20220922,001,1795
953.8375,953.8456,28046,39726,Eptesicus serotinus,0.009,0.024,-1,Echolocation,/mnt/ubna_data_02_mir/recover-20220922/UBNA_001/20220921_090000.WAV,Telephone Field,recover-20220922,001,1795
953.8585,953.897,68437,82199,Rhinolophus ferrumequinum,0.021,0.021,-1,Echolocation,/mnt/ubna_data_02_mir/recover-20220922/UBNA_001/20220921_090000.WAV,Telephone Field,recover-20220922,001,1795
953.8825,953.8901,28046,39496,Eptesicus serotinus,0.006,0.02,-1,Echolocation,/mnt/ubna_data_02_mir/recover-20220922/UBNA_001/20220921_090000.WAV,Telephone Field,recover-20220922,001,1795
953.8845,953.8923,58125,64345,Pipistrellus pygmaeus,0.042,0.043,-1,Echolocation,/mnt/ubna_data_02_mir/recover-20220922/UBNA_001/20220921_090000.WAV,Telephone Field,recover-20220922,001,1795
953.8845,953.9234,68437,81977,Rhinolophus ferrumequinum,0.022,0.022,-1,Echolocation,/mnt/ubna_data_02_mir/recover-20220922/UBNA_001/20220921_090000.WAV,Telephone Field,recover-20220922,001,1795
953.9025,953.9434,68437,82668,Rhinolophus ferrumequinum,0.021,0.021,-1,Echolocation,/mnt/ubna_data_02_mir/recover-20220922/UBNA_001/20220921_090000.WAV,Telephone Field,recover-20220922,001,1795
953.9205,953.9314,22890,28299,Nyctalus leisleri,0.009,0.02,-1,Echolocation,/mnt/ubna_data_02_mir/recover-20220922/UBNA_001/20220921_090000.WAV,Telephone Field,recover-20220922,001,1795
953.9795,953.9868,28046,39009,Eptesicus serotinus,0.006,0.021,-1,Echolocation,/mnt/ubna_data_02_mir/recover-20220922/UBNA_001/20220921_090000.WAV,Telephone Field,recover-20220922,001,1795
953.9835,953.9938,22890,28030,Nyctalus leisleri,0.011,0.022,-1,Echolocation,/mnt/ubna_data_02_mir/recover-20220922/UBNA_001/20220921_090000.WAV,Telephone Field,recover-20220922,001,1795
954.0015,954.0366,68437,80156,Rhinolophus ferrumequinum,0.047,0.047,-1,Echolocation,/mnt/ubna_data_02_mir/recover-20220922/UBNA_001/20220921_090000.WAV,Telephone Field,recover-20220922,001,1795
954.0015,954.0075,48671,56057,Pipistrellus pipistrellus,0.014,0.023,-1,Echolocation,/mnt/ubna_data_02_mir/recover-20220922/UBNA_001/20220921_090000.WAV,Telephone Field,recover-20220922,001,1795
954.0015,954.0157,22031,26170,Nyctalus leisleri,0.025,0.043,-1,Echolocation,/mnt/ubna_data_02_mir/recover-20220922/UBNA_001/20220921_090000.WAV,Telephone Field,recover-20220922,001,1795
954.0095,954.0553,68437,83061,Rhinolophus ferrumequinum,0.021,0.021,-1,Echolocation,/mnt/ubna_data_02_mir/recover-20220922/UBNA_001/20220921_090000.WAV,Telephone Field,recover-20220922,001,1795
954.0175,954.0255,28906,42050,Eptesicus serotinus,0.009,0.028,-1,Echolocation,/mnt/ubna_data_02_mir/recover-20220922/UBNA_001/20220921_090000.WAV,Telephone Field,recover-20220922,001,1795
954.0615,954.104,68437,82888,Rhinolophus ferrumequinum,0.033,0.033,-1,Echolocation,/mnt/ubna_data_02_mir/recover-20220922/UBNA_001/20220921_090000.WAV,Telephone Field,recover-20220922,001,1795
954.0775,954.1205,68437,82777,Rhinolophus ferrumequinum,0.025,0.025,-1,Echolocation,/mnt/ubna_data_02_mir/recover-20220922/UBNA_001/20220921_090000.WAV,Telephone Field,recover-20220922,001,1795
954.1005,954.1404,68437,82464,Rhinolophus ferrumequinum,0.022,0.022,-1,Echolocation,/mnt/ubna_data_02_mir/recover-20220922/UBNA_001/20220921_090000.WAV,Telephone Field,recover-20220922,001,1795
954.1445,954.1817,68437,82133,Rhinolophus ferrumequinum,0.021,0.021,-1,Echolocation,/mnt/ubna_data_02_mir/recover-20220922/UBNA_001/20220921_090000.WAV,Telephone Field,recover-20220922,001,1795
954.1465,954.1572,28906,36113,Eptesicus serotinus,0.01,0.025,-1,Echolocation,/mnt/ubna_data_02_mir/recover-20220922/UBNA_001/20220921_090000.WAV,Telephone Field,recover-20220922,001,1795
954.1655,954.2082,68437,82927,Rhinolophus ferrumequinum,0.031,0.031,-1,Echolocation,/mnt/ubna_data_02_mir/recover-20220922/UBNA_001/20220921_090000.WAV,Telephone Field,recover-20220922,001,1795
954.1955,954.2103,25468,30011,Nyctalus leisleri,0.027,0.057,-1,Echolocation,/mnt/ubna_data_02_mir/recover-20220922/UBNA_001/20220921_090000.WAV,Telephone Field,recover-20220922,001,1795
954.2225,954.2596,68437,81293,Rhinolophus ferrumequinum,0.022,0.022,-1,Echolocation,/mnt/ubna_data_02_mir/recover-20220922/UBNA_001/20220921_090000.WAV,Telephone Field,recover-20220922,001,1795
954.2295,954.2633,68437,80549,Rhinolophus ferrumequinum,0.021,0.021,-1,Echolocation,/mnt/ubna_data_02_mir/recover-20220922/UBNA_001/20220921_090000.WAV,Telephone Field,recover-20220922,001,1795
954.2445,954.2832,68437,81870,Rhinolophus ferrumequinum,0.022,0.022,-1,Echolocation,/mnt/ubna_data_02_mir/recover-20220922/UBNA_001/20220921_090000.WAV,Telephone Field,recover-20220922,001,1795
954.2565,954.265,28906,36951,Eptesicus serotinus,0.007,0.021,-1,Echolocation,/mnt/ubna_data_02_mir/recover-20220922/UBNA_001/20220921_090000.WAV,Telephone Field,recover-20220922,001,1795
954.3085,954.3482,68437,82779,Rhinolophus ferrumequinum,0.025,0.025,-1,Echolocation,/mnt/ubna_data_02_mir/recover-20220922/UBNA_001/20220921_090000.WAV,Telephone Field,recover-20220922,001,1795
954.3215,954.333,28046,34975,Eptesicus serotinus,0.011,0.024,-1,Echolocation,/mnt/ubna_data_02_mir/recover-20220922/UBNA_001/20220921_090000.WAV,Telephone Field,recover-20220922,001,1795
954.3265,954.3667,68437,82728,Rhinolophus ferrumequinum,0.023,0.023,-1,Echolocation,/mnt/ubna_data_02_mir/recover-20220922/UBNA_001/20220921_090000.WAV,Telephone Field,recover-20220922,001,1795
954.3345,954.3717,68437,81722,Rhinolophus ferrumequinum,0.022,0.022,-1,Echolocation,/mnt/ubna_data_02_mir/recover-20220922/UBNA_001/20220921_090000.WAV,Telephone Field,recover-20220922,001,1795
954.3695,954.3798,24609,31586,Nyctalus leisleri,0.01,0.027,-1,Echolocation,/mnt/ubna_data_02_mir/recover-20220922/UBNA_001/20220921_090000.WAV,Telephone Field,recover-20220922,001,1795
954.3835,954.4191,68437,81439,Rhinolophus ferrumequinum,0.026,0.026,-1,Echolocation,/mnt/ubna_data_02_mir/recover-20220922/UBNA_001/20220921_090000.WAV,Telephone Field,recover-20220922,001,1795
954.3905,954.4006,28046,36119,Eptesicus serotinus,0.009,0.022,-1,Echolocation,/mnt/ubna_data_02_mir/recover-20220922/UBNA_001/20220921_090000.WAV,Telephone Field,recover-20220922,001,1795
954.4035,954.4417,68437,82130,Rhinolophus ferrumequinum,0.021,0.021,-1,Echolocation,/mnt/ubna_data_02_mir/recover-20220922/UBNA_001/20220921_090000.WAV,Telephone Field,recover-20220922,001,1795
954.4245,954.4594,68437,81148,Rhinolophus ferrumequinum,0.021,0.022,-1,Echolocation,/mnt/ubna_data_02_mir/recover-20220922/UBNA_001/20220921_090000.WAV,Telephone Field,recover-20220922,001,1795
954.4435,954.4568,22890,26967,Nyctalus leisleri,0.019,0.032,-1,Echolocation,/mnt/ubna_data_02_mir/recover-20220922/UBNA_001/20220921_090000.WAV,Telephone Field,recover-20220922,001,1795
954.4465,954.4533,28906,38006,Eptesicus serotinus,0.005,0.022,-1,Echolocation,/mnt/ubna_data_02_mir/recover-20220922/UBNA_001/20220921_090000.WAV,Telephone Field,recover-20220922,001,1795
954.4535,954.4653,54687,59290,Pipistrellus pygmaeus,0.021,0.023,-1,Echolocation,/mnt/ubna_data_02_mir/recover-20220922/UBNA_001/20220921_090000.WAV,Telephone Field,recover-20220922,001,1795
954.4915,954.5294,68437,81594,Rhinolophus ferrumequinum,0.022,0.022,-1,Echolocation,/mnt/ubna_data_02_mir/recover-20220922/UBNA_001/20220921_090000.WAV,Telephone Field,recover-20220922,001,1795
954.4975,954.5186,19453,22304,Nyctalus leisleri,0.012,0.021,-1,Echolocation,/mnt/ubna_data_02_mir/recover-20220922/UBNA_001/20220921_090000.WAV,Telephone Field,recover-20220922,001,1795
954.5015,954.5427,68437,82736,Rhinolophus ferrumequinum,0.024,0.024,-1,Echolocation,/mnt/ubna_data_02_mir/recover-20220922/UBNA_001/20220921_090000.WAV,Telephone Field,recover-20220922,001,1795
954.5285,954.5701,68437,82391,Rhinolophus ferrumequinum,0.021,0.021,-1,Echolocation,/mnt/ubna_data_02_mir/recover-20220922/UBNA_001/20220921_090000.WAV,Telephone Field,recover-20220922,001,1795
954.5575,954.5967,68437,82158,Rhinolophus ferrumequinum,0.024,0.024,-1,Echolocation,/mnt/ubna_data_02_mir/recover-20220922/UBNA_001/20220921_090000.WAV,Telephone Field,recover-20220922,001,1795
954.5635,954.6019,68437,82089,Rhinolophus ferrumequinum,0.023,0.023,-1,Echolocation,/mnt/ubna_data_02_mir/recover-20220922/UBNA_001/20220921_090000.WAV,Telephone Field,recover-20220922,001,1795
954.5635,954.5711,30625,43021,Myotis daubentonii,0.009,0.021,-1,Echolocation,/mnt/ubna_data_02_mir/recover-20220922/UBNA_001/20220921_090000.WAV,Telephone Field,recover-20220922,001,1795
954.5745,954.6118,68437,82506,Rhinolophus ferrumequinum,0.022,0.022,-1,Echolocation,/mnt/ubna_data_02_mir/recover-20220922/UBNA_001/20220921_090000.WAV,Telephone Field,recover-20220922,001,1795
954.6005,954.6413,68437,82430,Rhinolophus ferrumequinum,0.026,0.026,-1,Echolocation,/mnt/ubna_data_02_mir/recover-20220922/UBNA_001/20220921_090000.WAV,Telephone Field,recover-20220922,001,1795
954.6095,954.6497,68437,82308,Rhinolophus ferrumequinum,0.026,0.026,-1,Echolocation,/mnt/ubna_data_02_mir/recover-20220922/UBNA_001/20220921_090000.WAV,Telephone Field,recover-20220922,001,1795
954.6325,954.6693,68437,81417,Rhinolophus ferrumequinum,0.022,0.022,-1,Echolocation,/mnt/ubna_data_02_mir/recover-20220922/UBNA_001/20220921_090000.WAV,Telephone Field,recover-20220922,001,1795
954.6635,954.7021,68437,81712,Rhinolophus ferrumequinum,0.022,0.022,-1,Echolocation,/mnt/ubna_data_02_mir/recover-20220922/UBNA_001/20220921_090000.WAV,Telephone Field,recover-20220922,001,1795
954.6715,954.7103,68437,82262,Rhinolophus ferrumequinum,0.023,0.023,-1,Echolocation,/mnt/ubna_data_02_mir/recover-20220922/UBNA_001/20220921_090000.WAV,Telephone Field,recover-20220922,001,1795
954.7065,954.7146,28046,38242,Eptesicus serotinus,0.008,0.023,-1,Echolocation,/mnt/ubna_data_02_mir/recover-20220922/UBNA_001/20220921_090000.WAV,Telephone Field,recover-20220922,001,1795
954.7085,954.7481,68437,82186,Rhinolophus ferrumequinum,0.035,0.035,-1,Echolocation,/mnt/ubna_data_02_mir/recover-20220922/UBNA_001/20220921_090000.WAV,Telephone Field,recover-20220922,001,1795
954.7295,954.7703,68437,82378,Rhinolophus ferrumequinum,0.021,0.021,-1,Echolocation,/mnt/ubna_data_02_mir/recover-20220922/UBNA_001/20220921_090000.WAV,Telephone Field,recover-20220922,001,1795
954.7555,954.765,27187,35686,Eptesicus serotinus,0.011,0.024,-1,Echolocation,/mnt/ubna_data_02_mir/recover-20220922/UBNA_001/20220921_090000.WAV,Telephone Field,recover-20220922,001,1795
954.7575,954.798,68437,82672,Rhinolophus ferrumequinum,0.025,0.025,-1,Echolocation,/mnt/ubna_data_02_mir/recover-20220922/UBNA_001/20220921_090000.WAV,Telephone Field,recover-20220922,001,1795
954.8445,954.8568,22031,26259,Nyctalus leisleri,0.014,0.025,-1,Echolocation,/mnt/ubna_data_02_mir/recover-20220922/UBNA_001/20220921_090000.WAV,Telephone Field,recover-20220922,001,1795
954.8475,954.8921,68437,82893,Rhinolophus ferrumequinum,0.037,0.037,-1,Echolocation,/mnt/ubna_data_02_mir/recover-20220922/UBNA_001/20220921_090000.WAV,Telephone Field,recover-20220922,001,1795
954.8675,954.9067,68437,82959,Rhinolophus ferrumequinum,0.026,0.026,-1,Echolocation,/mnt/ubna_data_02_mir/recover-20220922/UBNA_001/20220921_090000.WAV,Telephone Field,recover-20220922,001,1795
954.8765,954.8844,28906,37758,Eptesicus serotinus,0.006,0.022,-1,Echolocation,/mnt/ubna_data_02_mir/recover-20220922/UBNA_001/20220921_090000.WAV,Telephone Field,recover-20220922,001,1795
954.8795,954.888,23750,31118,Plecotus austriacus,0.007,0.021,-1,Echolocation,/mnt/ubna_data_02_mir/recover-20220922/UBNA_001/20220921_090000.WAV,Telephone Field,recover-20220922,001,1795
954.8865,954.8968,22890,27675,Nyctalus leisleri,0.01,0.021,-1,Echolocation,/mnt/ubna_data_02_mir/recover-20220922/UBNA_001/20220921_090000.WAV,Telephone Field,recover-20220922,001,1795
954.9115,954.9498,68437,82224,Rhinolophus ferrumequinum,0.024,0.024,-1,Echolocation,/mnt/ubna_data_02_mir/recover-20220922/UBNA_001/20220921_090000.WAV,Telephone Field,recover-20220922,001,1795
954.9605,954.9966,68437,82136,Rhinolophus ferrumequinum,0.022,0.022,-1,Echolocation,/mnt/ubna_data_02_mir/recover-20220922/UBNA_001/20220921_090000.WAV,Telephone Field,recover-20220922,001,1795
954.9905,955.0026,49531,53799,Pipistrellus pipistrellus,0.024,0.029,-1,Echolocation,/mnt/ubna_data_02_mir/recover-20220922/UBNA_001/20220921_090000.WAV,Telephone Field,recover-20220922,001,1795
955.0235,955.0593,68437,81502,Rhinolophus ferrumequinum,0.021,0.021,-1,Echolocation,/mnt/ubna_data_02_mir/recover-20220922/UBNA_001/20220921_090000.WAV,Telephone Field,recover-20220922,001,1795
955.0295,955.0697,68437,82721,Rhinolophus ferrumequinum,0.021,0.021,-1,Echolocation,/mnt/ubna_data_02_mir/recover-20220922/UBNA_001/20220921_090000.WAV,Telephone Field,recover-20220922,001,1795
955.0675,955.1077,68437,81886,Rhinolophus ferrumequinum,0.024,0.024,-1,Echolocation,/mnt/ubna_data_02_mir/recover-20220922/UBNA_001/20220921_090000.WAV,Telephone Field,recover-20220922,001,1795
955.0775,955.1166,68437,82306,Rhinolophus ferrumequinum,0.021,0.021,-1,Echolocation,/mnt/ubna_data_02_mir/recover-20220922/UBNA_001/20220921_090000.WAV,Telephone Field,recover-20220922,001,1795
955.1115,955.1517,68437,82777,Rhinolophus ferrumequinum,0.025,0.025,-1,Echolocation,/mnt/ubna_data_02_mir/recover-20220922/UBNA_001/20220921_090000.WAV,Telephone Field,recover-20220922,001,1795
955.1445,955.1846,68437,82127,Rhinolophus ferrumequinum,0.021,0.021,-1,Echolocation,/mnt/ubna_data_02_mir/recover-20220922/UBNA_001/20220921_090000.WAV,Telephone Field,recover-20220922,001,1795
955.1765,955.217,68437,81718,Rhinolophus ferrumequinum,0.021,0.021,-1,Echolocation,/mnt/ubna_data_02_mir/recover-20220922/UBNA_001/20220921_090000.WAV,Telephone Field,recover-20220922,001,1795
955.1825,955.2217,68437,82628,Rhinolophus ferrumequinum,0.023,0.023,-1,Echolocation,/mnt/ubna_data_02_mir/recover-20220922/UBNA_001/20220921_090000.WAV,Telephone Field,recover-20220922,001,1795
955.1885,955.1956,27187,40860,Eptesicus serotinus,0.006,0.025,-1,Echolocation,/mnt/ubna_data_02_mir/recover-20220922/UBNA_001/20220921_090000.WAV,Telephone Field,recover-20220922,001,1795
955.2015,955.2119,28046,36202,Eptesicus serotinus,0.01,0.024,-1,Echolocation,/mnt/ubna_data_02_mir/recover-20220922/UBNA_001/20220921_090000.WAV,Telephone Field,recover-20220922,001,1795
955.2155,955.2539,68437,81773,Rhinolophus ferrumequinum,0.03,0.03,-1,Echolocation,/mnt/ubna_data_02_mir/recover-20220922/UBNA_001/20220921_090000.WAV,Telephone Field,recover-20220922,001,1795
955.2365,955.273,68437,81667,Rhinolophus ferrumequinum,0.022,0.022,-1,Echolocation,/mnt/ubna_data_02_mir/recover-20220922/UBNA_001/20220921_090000.WAV,Telephone Field,recover-20220922,001,1795
955.2645,955.273,28046,38863,Eptesicus serotinus,0.007,0.021,-1,Echolocation,/mnt/ubna_data_02_mir/recover-20220922/UBNA_001/20220921_090000.WAV,Telephone Field,recover-20220922,001,1795
955.2655,955.3074,68437,82355,Rhinolophus ferrumequinum,0.042,0.042,-1,Echolocation,/mnt/ubna_data_02_mir/recover-20220922/UBNA_001/20220921_090000.WAV,Telephone Field,recover-20220922,001,1795
955.3525,955.3903,68437,81801,Rhinolophus ferrumequinum,0.022,0.022,-1,Echolocation,/mnt/ubna_data_02_mir/recover-20220922/UBNA_001/20220921_090000.WAV,Telephone Field,recover-20220922,001,1795
955.3625,955.4006,68437,81265,Rhinolophus ferrumequinum,0.024,0.024,-1,Echolocation,/mnt/ubna_data_02_mir/recover-20220922/UBNA_001/20220921_090000.WAV,Telephone Field,recover-20220922,001,1795
955.3805,955.3893,47812,52071,Pipistrellus pipistrellus,0.022,0.024,-1,Echolocation,/mnt/ubna_data_02_mir/recover-20220922/UBNA_001/20220921_090000.WAV,Telephone Field,recover-20220922,001,1795
955.3895,955.4282,68437,81597,Rhinolophus ferrumequinum,0.024,0.024,-1,Echolocation,/mnt/ubna_data_02_mir/recover-20220922/UBNA_001/20220921_090000.WAV,Telephone Field,recover-20220922,001,1795
955.4145,955.4231,25468,34586,Eptesicus serotinus,0.007,0.025,-1,Echolocation,/mnt/ubna_data_02_mir/recover-20220922/UBNA_001/20220921_090000.WAV,Telephone Field,recover-20220922,001,1795
955.4155,955.4566,68437,82588,Rhinolophus ferrumequinum,0.021,0.021,-1,Echolocation,/mnt/ubna_data_02_mir/recover-20220922/UBNA_001/20220921_090000.WAV,Telephone Field,recover-20220922,001,1795
955.4335,955.4717,68437,82008,Rhinolophus ferrumequinum,0.023,0.023,-1,Echolocation,/mnt/ubna_data_02_mir/recover-20220922/UBNA_001/20220921_090000.WAV,Telephone Field,recover-20220922,001,1795
955.4395,955.4769,68437,81970,Rhinolophus ferrumequinum,0.021,0.021,-1,Echolocation,/mnt/ubna_data_02_mir/recover-20220922/UBNA_001/20220921_090000.WAV,Telephone Field,recover-20220922,001,1795
955.4485,955.4587,22890,27821,Nyctalus leisleri,0.011,0.023,-1,Echolocation,/mnt/ubna_data_02_mir/recover-20220922/UBNA_001/20220921_090000.WAV,Telephone Field,recover-20220922,001,1795
955.5065,955.5432,68437,82222,Rhinolophus ferrumequinum,0.023,0.023,-1,Echolocation,/mnt/ubna_data_02_mir/recover-20220922/UBNA_001/20220921_090000.WAV,Telephone Field,recover-20220922,001,1795
955.5155,955.5547,68437,81606,Rhinolophus ferrumequinum,0.023,0.023,-1,Echolocation,/mnt/ubna_data_02_mir/recover-20220922/UBNA_001/20220921_090000.WAV,Telephone Field,recover-20220922,001,1795
955.5425,955.5541,27187,33395,Eptesicus serotinus,0.011,0.026,-1,Echolocation,/mnt/ubna_data_02_mir/recover-20220922/UBNA_001/20220921_090000.WAV,Telephone Field,recover-20220922,001,1795
955.6115,955.6556,68437,83441,Rhinolophus ferrumequinum,0.043,0.043,-1,Echolocation,/mnt/ubna_data_02_mir/recover-20220922/UBNA_001/20220921_090000.WAV,Telephone Field,recover-20220922,001,1795
955.6315,955.639,28046,37895,Eptesicus serotinus,0.006,0.024,-1,Echolocation,/mnt/ubna_data_02_mir/recover-20220922/UBNA_001/20220921_090000.WAV,Telephone Field,recover-20220922,001,1795
955.6365,955.6724,68437,81070,Rhinolophus ferrumequinum,0.021,0.021,-1,Echolocation,/mnt/ubna_data_02_mir/recover-20220922/UBNA_001/20220921_090000.WAV,Telephone Field,recover-20220922,001,1795
955.6715,955.7113,68437,82106,Rhinolophus ferrumequinum,0.028,0.028,-1,Echolocation,/mnt/ubna_data_02_mir/recover-20220922/UBNA_001/20220921_090000.WAV,Telephone Field,recover-20220922,001,1795
955.6895,955.6979,47812,53079,Pipistrellus pipistrellus,0.04,0.043,-1,Echolocation,/mnt/ubna_data_02_mir/recover-20220922/UBNA_001/20220921_090000.WAV,Telephone Field,recover-20220922,001,1795
955.6965,955.7386,68437,82676,Rhinolophus ferrumequinum,0.022,0.022,-1,Echolocation,/mnt/ubna_data_02_mir/recover-20220922/UBNA_001/20220921_090000.WAV,Telephone Field,recover-20220922,001,1795
955.7025,955.7435,68437,82478,Rhinolophus ferrumequinum,0.022,0.022,-1,Echolocation,/mnt/ubna_data_02_mir/recover-20220922/UBNA_001/20220921_090000.WAV,Telephone Field,recover-20220922,001,1795
955.7155,955.725,24609,31618,Nyctalus leisleri,0.007,0.022,-1,Echolocation,/mnt/ubna_data_02_mir/recover-20220922/UBNA_001/20220921_090000.WAV,Telephone Field,recover-20220922,001,1795
955.7275,955.7369,28046,36465,Eptesicus serotinus,0.008,0.021,-1,Echolocation,/mnt/ubna_data_02_mir/recover-20220922/UBNA_001/20220921_090000.WAV,Telephone Field,recover-20220922,001,1795
955.7295,955.7681,68437,82586,Rhinolophus ferrumequinum,0.024,0.024,-1,Echolocation,/mnt/ubna_data_02_mir/recover-20220922/UBNA_001/20220921_090000.WAV,Telephone Field,recover-20220922,001,1795
955.7685,955.8092,68437,82808,Rhinolophus ferrumequinum,0.022,0.022,-1,Echolocation,/mnt/ubna_data_02_mir/recover-20220922/UBNA_001/20220921_090000.WAV,Telephone Field,recover-20220922,001,1795
955.7755,955.7858,28906,36171,Eptesicus serotinus,0.011,0.025,-1,Echolocation,/mnt/ubna_data_02_mir/recover-20220922/UBNA_001/20220921_090000.WAV,Telephone Field,recover-20220922,001,1795
955.7775,955.8162,68437,82430,Rhinolophus ferrumequinum,0.022,0.022,-1,Echolocation,/mnt/ubna_data_02_mir/recover-20220922/UBNA_001/20220921_090000.WAV,Telephone Field,recover-20220922,001,1795
955.7905,955.8292,68437,81536,Rhinolophus ferrumequinum,0.023,0.023,-1,Echolocation,/mnt/ubna_data_02_mir/recover-20220922/UBNA_001/20220921_090000.WAV,Telephone Field,recover-20220922,001,1795
955.8575,955.8961,68437,82148,Rhinolophus ferrumequinum,0.024,0.024,-1,Echolocation,/mnt/ubna_data_02_mir/recover-20220922/UBNA_001/20220921_090000.WAV,Telephone Field,recover-20220922,001,1795
955.8935,955.9043,22890,28056,Nyctalus leisleri,0.011,0.022,-1,Echolocation,/mnt/ubna_data_02_mir/recover-20220922/UBNA_001/20220921_090000.WAV,Telephone Field,recover-20220922,001,1795
955.9115,955.9481,68437,81761,Rhinolophus ferrumequinum,0.022,0.022,-1,Echolocation,/mnt/ubna_data_02_mir/recover-20220922/UBNA_001/20220921_090000.WAV,Telephone Field,recover-20220922,001,1795
955.9555,955.9662,28906,36548,Eptesicus serotinus,0.011,0.026,-1,Echolocation,/mnt/ubna_data_02_mir/recover-20220922/UBNA_001/20220921_090000.WAV,Telephone Field,recover-20220922,001,1795
956.0015,956.0348,68437,79749,Rhinolophus ferrumequinum,0.032,0.032,-1,Echolocation,/mnt/ubna_data_02_mir/recover-20220922/UBNA_001/20220921_090000.WAV,Telephone Field,recover-20220922,001,1795
956.0015,956.0094,46953,51062,Pipistrellus pipistrellus,0.03,0.04,-1,Echolocation,/mnt/ubna_data_02_mir/recover-20220922/UBNA_001/20220921_090000.WAV,Telephone Field,recover-20220922,001,1795
956.0015,956.01,25468,32824,Nyctalus leisleri,0.015,0.039,-1,Echolocation,/mnt/ubna_data_02_mir/recover-20220922/UBNA_001/20220921_090000.WAV,Telephone Field,recover-20220922,001,1795
956.0125,956.0583,68437,83744,Rhinolophus ferrumequinum,0.025,0.025,-1,Echolocation,/mnt/ubna_data_02_mir/recover-20220922/UBNA_001/20220921_090000.WAV,Telephone Field,recover-20220922,001,1795
956.0195,956.064,68437,83518,Rhinolophus ferrumequinum,0.024,0.024,-1,Echolocation,/mnt/ubna_data_02_mir/recover-20220922/UBNA_001/20220921_090000.WAV,Telephone Field,recover-20220922,001,1795
956.0225,956.0316,23750,30347,Nyctalus leisleri,0.007,0.021,-1,Echolocation,/mnt/ubna_data_02_mir/recover-20220922/UBNA_001/20220921_090000.WAV,Telephone Field,recover-20220922,001,1795
956.0505,956.0887,68437,82570,Rhinolophus ferrumequinum,0.023,0.023,-1,Echolocation,/mnt/ubna_data_02_mir/recover-20220922/UBNA_001/20220921_090000.WAV,Telephone Field,recover-20220922,001,1795
956.0605,956.0696,28906,41450,Eptesicus serotinus,0.01,0.024,-1,Echolocation,/mnt/ubna_data_02_mir/recover-20220922/UBNA_001/20220921_090000.WAV,Telephone Field,recover-20220922,001,1795
956.0925,956.1299,68437,82017,Rhinolophus ferrumequinum,0.024,0.024,-1,Echolocation,/mnt/ubna_data_02_mir/recover-20220922/UBNA_001/20220921_090000.WAV,Telephone Field,recover-20220922,001,1795
956.1075,956.145,68437,81958,Rhinolophus ferrumequinum,0.023,0.023,-1,Echolocation,/mnt/ubna_data_02_mir/recover-20220922/UBNA_001/20220921_090000.WAV,Telephone Field,recover-20220922,001,1795
956.1595,956.1665,24609,33697,Plecotus austriacus,0.01,0.024,-1,Echolocation,/mnt/ubna_data_02_mir/recover-20220922/UBNA_001/20220921_090000.WAV,Telephone Field,recover-20220922,001,1795
956.1655,956.2047,68437,82292,Rhinolophus ferrumequinum,0.022,0.022,-1,Echolocation,/mnt/ubna_data_02_mir/recover-20220922/UBNA_001/20220921_090000.WAV,Telephone Field,recover-20220922,001,1795
956.1705,956.1814,50390,54516,Pipistrellus pipistrellus,0.05,0.059,-1,Echolocation,/mnt/ubna_data_02_mir/recover-20220922/UBNA_001/20220921_090000.WAV,Telephone Field,recover-20220922,001,1795
956.1875,956.2244,68437,81877,Rhinolophus ferrumequinum,0.021,0.021,-1,Echolocation,/mnt/ubna_data_02_mir/recover-20220922/UBNA_001/20220921_090000.WAV,Telephone Field,recover-20220922,001,1795
956.2565,956.2967,68437,82734,Rhinolophus ferrumequinum,0.026,0.026,-1,Echolocation,/mnt/ubna_data_02_mir/recover-20220922/UBNA_001/20220921_090000.WAV,Telephone Field,recover-20220922,001,1795
956.2575,956.2671,22890,28900,Nyctalus leisleri,0.007,0.021,-1,Echolocation,/mnt/ubna_data_02_mir/recover-20220922/UBNA_001/20220921_090000.WAV,Telephone Field,recover-20220922,001,1795
956.2655,956.3071,68437,83224,Rhinolophus ferrumequinum,0.028,0.028,-1,Echolocation,/mnt/ubna_data_02_mir/recover-20220922/UBNA_001/20220921_090000.WAV,Telephone Field,recover-20220922,001,1795
956.2775,956.3189,68437,82883,Rhinolophus ferrumequinum,0.026,0.026,-1,Echolocation,/mnt/ubna_data_02_mir/recover-20220922/UBNA_001/20220921_090000.WAV,Telephone Field,recover-20220922,001,1795
956.3075,956.3471,68437,82580,Rhinolophus ferrumequinum,0.021,0.021,-1,Echolocation,/mnt/ubna_data_02_mir/recover-20220922/UBNA_001/20220921_090000.WAV,Telephone Field,recover-20220922,001,1795
956.3215,956.3324,26328,33207,Eptesicus serotinus,0.009,0.023,-1,Echolocation,/mnt/ubna_data_02_mir/recover-20220922/UBNA_001/20220921_090000.WAV,Telephone Field,recover-20220922,001,1795
956.3525,956.3896,68437,81571,Rhinolophus ferrumequinum,0.04,0.04,-1,Echolocation,/mnt/ubna_data_02_mir/recover-20220922/UBNA_001/20220921_090000.WAV,Telephone Field,recover-20220922,001,1795
956.3635,956.3998,68437,81540,Rhinolophus ferrumequinum,0.022,0.023,-1,Echolocation,/mnt/ubna_data_02_mir/recover-20220922/UBNA_001/20220921_090000.WAV,Telephone Field,recover-20220922,001,1795
956.3925,956.4022,22031,27786,Nyctalus leisleri,0.01,0.025,-1,Echolocation,/mnt/ubna_data_02_mir/recover-20220922/UBNA_001/20220921_090000.WAV,Telephone Field,recover-20220922,001,1795
956.4705,956.5091,68437,82442,Rhinolophus ferrumequinum,0.023,0.023,-1,Echolocation,/mnt/ubna_data_02_mir/recover-20220922/UBNA_001/20220921_090000.WAV,Telephone Field,recover-20220922,001,1795
956.4905,956.5126,18593,22055,Nyctalus noctula,0.015,0.025,-1,Echolocation,/mnt/ubna_data_02_mir/recover-20220922/UBNA_001/20220921_090000.WAV,Telephone Field,recover-20220922,001,1795
956.5205,956.5584,68437,82270,Rhinolophus ferrumequinum,0.024,0.024,-1,Echolocation,/mnt/ubna_data_02_mir/recover-20220922/UBNA_001/20220921_090000.WAV,Telephone Field,recover-20220922,001,1795
956.5275,956.5355,28906,39627,Eptesicus serotinus,0.007,0.021,-1,Echolocation,/mnt/ubna_data_02_mir/recover-20220922/UBNA_001/20220921_090000.WAV,Telephone Field,recover-20220922,001,1795
956.5425,956.58,68437,82509,Rhinolophus ferrumequinum,0.022,0.022,-1,Echolocation,/mnt/ubna_data_02_mir/recover-20220922/UBNA_001/20220921_090000.WAV,Telephone Field,recover-20220922,001,1795
956.5475,956.5665,19453,22383,Nyctalus leisleri,0.011,0.022,-1,Echolocation,/mnt/ubna_data_02_mir/recover-20220922/UBNA_001/20220921_090000.WAV,Telephone Field,recover-20220922,001,1795
956.5525,956.5875,68437,81274,Rhinolophus ferrumequinum,0.023,0.023,-1,Echolocation,/mnt/ubna_data_02_mir/recover-20220922/UBNA_001/20220921_090000.WAV,Telephone Field,recover-20220922,001,1795
956.5715,956.61,68437,81754,Rhinolophus ferrumequinum,0.021,0.021,-1,Echolocation,/mnt/ubna_data_02_mir/recover-20220922/UBNA_001/20220921_090000.WAV,Telephone Field,recover-20220922,001,1795
956.5745,956.5829,26328,37008,Eptesicus serotinus,0.008,0.022,-1,Echolocation,/mnt/ubna_data_02_mir/recover-20220922/UBNA_001/20220921_090000.WAV,Telephone Field,recover-20220922,001,1795
956.5955,956.6321,68437,82055,Rhinolophus ferrumequinum,0.024,0.024,-1,Echolocation,/mnt/ubna_data_02_mir/recover-20220922/UBNA_001/20220921_090000.WAV,Telephone Field,recover-20220922,001,1795
956.6385,956.6826,68437,83309,Rhinolophus ferrumequinum,0.04,0.04,-1,Echolocation,/mnt/ubna_data_02_mir/recover-20220922/UBNA_001/20220921_090000.WAV,Telephone Field,recover-20220922,001,1795
956.7175,956.7574,68437,82479,Rhinolophus ferrumequinum,0.024,0.024,-1,Echolocation,/mnt/ubna_data_02_mir/recover-20220922/UBNA_001/20220921_090000.WAV,Telephone Field,recover-20220922,001,1795
956.7645,956.8045,68437,82820,Rhinolophus ferrumequinum,0.023,0.023,-1,Echolocation,/mnt/ubna_data_02_mir/recover-20220922/UBNA_001/20220921_090000.WAV,Telephone Field,recover-20220922,001,1795
956.7735,956.8096,68437,81679,Rhinolophus ferrumequinum,0.022,0.022,-1,Echolocation,/mnt/ubna_data_02_mir/recover-20220922/UBNA_001/20220921_090000.WAV,Telephone Field,recover-20220922,001,1795
956.7835,956.7935,27187,35575,Eptesicus serotinus,0.011,0.025,-1,Echolocation,/mnt/ubna_data_02_mir/recover-20220922/UBNA_001/20220921_090000.WAV,Telephone Field,recover-20220922,001,1795
956.7845,956.8227,68437,82063,Rhinolophus ferrumequinum,0.022,0.022,-1,Echolocation,/mnt/ubna_data_02_mir/recover-20220922/UBNA_001/20220921_090000.WAV,Telephone Field,recover-20220922,001,1795
956.8085,956.8177,27187,38460,Eptesicus serotinus,0.018,0.034,-1,Echolocation,/mnt/ubna_data_02_mir/recover-20220922/UBNA_001/20220921_090000.WAV,Telephone Field,recover-20220922,001,1795
956.8225,956.8589,68437,81645,Rhinolophus ferrumequinum,0.021,0.021,-1,Echolocation,/mnt/ubna_data_02_mir/recover-20220922/UBNA_001/20220921_090000.WAV,Telephone Field,recover-20220922,001,1795
956.8405,956.8489,27187,36511,Eptesicus serotinus,0.01,0.026,-1,Echolocation,/mnt/ubna_data_02_mir/recover-20220922/UBNA_001/20220921_090000.WAV,Telephone Field,recover-20220922,001,1795
956.8795,956.9198,68437,82645,Rhinolophus ferrumequinum,0.022,0.022,-1,Echolocation,/mnt/ubna_data_02_mir/recover-20220922/UBNA_001/20220921_090000.WAV,Telephone Field,recover-20220922,001,1795
956.9115,956.9197,25468,33831,Eptesicus serotinus,0.007,0.022,-1,Echolocation,/mnt/ubna_data_02_mir/recover-20220922/UBNA_001/20220921_090000.WAV,Telephone Field,recover-20220922,001,1795
956.9235,956.9632,68437,82319,Rhinolophus ferrumequinum,0.025,0.025,-1,Echolocation,/mnt/ubna_data_02_mir/recover-20220922/UBNA_001/20220921_090000.WAV,Telephone Field,recover-20220922,001,1795
956.9625,957.0033,68437,82019,Rhinolophus ferrumequinum,0.026,0.026,-1,Echolocation,/mnt/ubna_data_02_mir/recover-20220922/UBNA_001/20220921_090000.WAV,Telephone Field,recover-20220922,001,1795
956.9815,957.0205,68437,82243,Rhinolophus ferrumequinum,0.022,0.022,-1,Echolocation,/mnt/ubna_data_02_mir/recover-20220922/UBNA_001/20220921_090000.WAV,Telephone Field,recover-20220922,001,1795
957.0215,957.0599,68437,81895,Rhinolophus ferrumequinum,0.021,0.021,-1,Echolocation,/mnt/ubna_data_02_mir/recover-20220922/UBNA_001/20220921_090000.WAV,Telephone Field,recover-20220922,001,1795
957.0555,957.0925,68437,81997,Rhinolophus ferrumequinum,0.022,0.022,-1,Echolocation,/mnt/ubna_data_02_mir/recover-20220922/UBNA_001/20220921_090000.WAV,Telephone Field,recover-20220922,001,1795
957.0795,957.1182,68437,81852,Rhinolophus ferrumequinum,0.022,0.022,-1,Echolocation,/mnt/ubna_data_02_mir/recover-20220922/UBNA_001/20220921_090000.WAV,Telephone Field,recover-20220922,001,1795
957.0865,957.1238,68437,81265,Rhinolophus ferrumequinum,0.021,0.021,-1,Echolocation,/mnt/ubna_data_02_mir/recover-20220922/UBNA_001/20220921_090000.WAV,Telephone Field,recover-20220922,001,1795
957.1295,957.1699,68437,82311,Rhinolophus ferrumequinum,0.024,0.024,-1,Echolocation,/mnt/ubna_data_02_mir/recover-20220922/UBNA_001/20220921_090000.WAV,Telephone Field,recover-20220922,001,1795
957.1465,957.1868,68437,82513,Rhinolophus ferrumequinum,0.021,0.021,-1,Echolocation,/mnt/ubna_data_02_mir/recover-20220922/UBNA_001/20220921_090000.WAV,Telephone Field,recover-20220922,001,1795
957.1575,957.166,25468,35815,Eptesicus serotinus,0.007,0.022,-1,Echolocation,/mnt/ubna_data_02_mir/recover-20220922/UBNA_001/20220921_090000.WAV,Telephone Field,recover-20220922,001,1795
957.1695,957.2085,68437,81664,Rhinolophus ferrumequinum,0.021,0.021,-1,Echolocation,/mnt/ubna_data_02_mir/recover-20220922/UBNA_001/20220921_090000.WAV,Telephone Field,recover-20220922,001,1795
957.1865,957.2234,68437,81074,Rhinolophus ferrumequinum,0.023,0.024,-1,Echolocation,/mnt/ubna_data_02_mir/recover-20220922/UBNA_001/20220921_090000.WAV,Telephone Field,recover-20220922,001,1795
957.2005,957.209,48671,53654,Pipistrellus pipistrellus,0.019,0.021,-1,Echolocation,/mnt/ubna_data_02_mir/recover-20220922/UBNA_001/20220921_090000.WAV,Telephone Field,recover-20220922,001,1795
957.2085,957.2502,68437,83353,Rhinolophus ferrumequinum,0.035,0.035,-1,Echolocation,/mnt/ubna_data_02_mir/recover-20220922/UBNA_001/20220921_090000.WAV,Telephone Field,recover-20220922,001,1795
957.2155,957.2589,68437,83517,Rhinolophus ferrumequinum,0.035,0.035,-1,Echolocation,/mnt/ubna_data_02_mir/recover-20220922/UBNA_001/20220921_090000.WAV,Telephone Field,recover-20220922,001,1795
957.2735,957.3115,68437,81928,Rhinolophus ferrumequinum,0.022,0.022,-1,Echolocation,/mnt/ubna_data_02_mir/recover-20220922/UBNA_001/20220921_090000.WAV,Telephone Field,recover-20220922,001,1795
957.2835,957.3279,68437,83370,Rhinolophus ferrumequinum,0.027,0.027,-1,Echolocation,/mnt/ubna_data_02_mir/recover-20220922/UBNA_001/20220921_090000.WAV,Telephone Field,recover-20220922,001,1795
957.2985,957.3354,68437,82453,Rhinolophus ferrumequinum,0.023,0.023,-1,Echolocation,/mnt/ubna_data_02_mir/recover-20220922/UBNA_001/20220921_090000.WAV,Telephone Field,recover-20220922,001,1795
957.3255,957.3665,68437,83021,Rhinolophus ferrumequinum,0.031,0.031,-1,Echolocation,/mnt/ubna_data_02_mir/recover-20220922/UBNA_001/20220921_090000.WAV,Telephone Field,recover-20220922,001,1795
957.3345,957.3447,28906,37418,Eptesicus serotinus,0.01,0.023,-1,Echolocation,/mnt/ubna_data_02_mir/recover-20220922/UBNA_001/20220921_090000.WAV,Telephone Field,recover-20220922,001,1795
957.3525,957.3893,68437,81576,Rhinolophus ferrumequinum,0.022,0.022,-1,Echolocation,/mnt/ubna_data_02_mir/recover-20220922/UBNA_001/20220921_090000.WAV,Telephone Field,recover-20220922,001,1795
957.3715,957.3785,23750,33257,Plecotus austriacus,0.012,0.027,-1,Echolocation,/mnt/ubna_data_02_mir/recover-20220922/UBNA_001/20220921_090000.WAV,Telephone Field,recover-20220922,001,1795
957.3905,957.4318,68437,82638,Rhinolophus ferrumequinum,0.022,0.022,-1,Echolocation,/mnt/ubna_data_02_mir/recover-20220922/UBNA_001/20220921_090000.WAV,Telephone Field,recover-20220922,001,1795
957.3915,957.4036,23750,30458,Nyctalus leisleri,0.01,0.025,-1,Echolocation,/mnt/ubna_data_02_mir/recover-20220922/UBNA_001/20220921_090000.WAV,Telephone Field,recover-20220922,001,1795
957.4305,957.4714,68437,82890,Rhinolophus ferrumequinum,0.022,0.022,-1,Echolocation,/mnt/ubna_data_02_mir/recover-20220922/UBNA_001/20220921_090000.WAV,Telephone Field,recover-20220922,001,1795
957.4645,957.4726,26328,38833,Eptesicus serotinus,0.007,0.021,-1,Echolocation,/mnt/ubna_data_02_mir/recover-20220922/UBNA_001/20220921_090000.WAV,Telephone Field,recover-20220922,001,1795
957.4685,957.5113,68437,82979,Rhinolophus ferrumequinum,0.037,0.037,-1,Echolocation,/mnt/ubna_data_02_mir/recover-20220922/UBNA_001/20220921_090000.WAV,Telephone Field,recover-20220922,001,1795
957.5035,957.5145,23750,28825,Nyctalus leisleri,0.012,0.026,-1,Echolocation,/mnt/ubna_data_02_mir/recover-20220922/UBNA_001/20220921_090000.WAV,Telephone Field,recover-20220922,001,1795
957.5295,957.5726,68437,83268,Rhinolophus ferrumequinum,0.031,0.031,-1,Echolocation,/mnt/ubna_data_02_mir/recover-20220922/UBNA_001/20220921_090000.WAV,Telephone Field,recover-20220922,001,1795
957.5345,957.5434,28046,39139,Eptesicus serotinus,0.008,0.021,-1,Echolocation,/mnt/ubna_data_02_mir/recover-20220922/UBNA_001/20220921_090000.WAV,Telephone Field,recover-20220922,001,1795
957.5655,957.6074,68437,82935,Rhinolophus ferrumequinum,0.029,0.029,-1,Echolocation,/mnt/ubna_data_02_mir/recover-20220922/UBNA_001/20220921_090000.WAV,Telephone Field,recover-20220922,001,1795
957.6095,957.6176,23750,32484,Plecotus austriacus,0.013,0.028,-1,Echolocation,/mnt/ubna_data_02_mir/recover-20220922/UBNA_001/20220921_090000.WAV,Telephone Field,recover-20220922,001,1795
957.6155,957.6544,68437,82983,Rhinolophus ferrumequinum,0.028,0.028,-1,Echolocation,/mnt/ubna_data_02_mir/recover-20220922/UBNA_001/20220921_090000.WAV,Telephone Field,recover-20220922,001,1795
957.6365,957.6757,68437,82187,Rhinolophus ferrumequinum,0.022,0.022,-1,Echolocation,/mnt/ubna_data_02_mir/recover-20220922/UBNA_001/20220921_090000.WAV,Telephone Field,recover-20220922,001,1795
957.6475,957.6844,68437,81225,Rhinolophus ferrumequinum,0.022,0.022,-1,Echolocation,/mnt/ubna_data_02_mir/recover-20220922/UBNA_001/20220921_090000.WAV,Telephone Field,recover-20220922,001,1795
957.6585,957.6688,28906,37416,Eptesicus serotinus,0.01,0.024,-1,Echolocation,/mnt/ubna_data_02_mir/recover-20220922/UBNA_001/20220921_090000.WAV,Telephone Field,recover-20220922,001,1795
957.6905,957.7292,68437,82338,Rhinolophus ferrumequinum,0.022,0.022,-1,Echolocation,/mnt/ubna_data_02_mir/recover-20220922/UBNA_001/20220921_090000.WAV,Telephone Field,recover-20220922,001,1795
957.7125,957.7486,68437,81001,Rhinolophus ferrumequinum,0.022,0.022,-1,Echolocation,/mnt/ubna_data_02_mir/recover-20220922/UBNA_001/20220921_090000.WAV,Telephone Field,recover-20220922,001,1795
957.7195,957.7557,68437,81111,Rhinolophus ferrumequinum,0.022,0.022,-1,Echolocation,/mnt/ubna_data_02_mir/recover-20220922/UBNA_001/20220921_090000.WAV,Telephone Field,recover-20220922,001,1795
957.7365,957.7733,68437,81500,Rhinolophus ferrumequinum,0.022,0.022,-1,Echolocation,/mnt/ubna_data_02_mir/recover-20220922/UBNA_001/20220921_090000.WAV,Telephone Field,recover-20220922,001,1795
957.7455,957.7865,68437,82722,Rhinolophus ferrumequinum,0.023,0.023,-1,Echolocation,/mnt/ubna_data_02_mir/recover-20220922/UBNA_001/20220921_090000.WAV,Telephone Field,recover-20220922,001,1795
957.7635,957.8022,68437,81512,Rhinolophus ferrumequinum,0.022,0.022,-1,Echolocation,/mnt/ubna_data_02_mir/recover-20220922/UBNA_001/20220921_090000.WAV,Telephone Field,recover-20220922,001,1795
957.7665,957.7776,28906,36733,Eptesicus serotinus,0.017,0.03,-1,Echolocation,/mnt/ubna_data_02_mir/recover-20220922/UBNA_001/20220921_090000.WAV,Telephone Field,recover-20220922,001,1795
957.7785,957.8206,68437,83399,Rhinolophus ferrumequinum,0.036,0.036,-1,Echolocation,/mnt/ubna_data_02_mir/recover-20220922/UBNA_001/20220921_090000.WAV,Telephone Field,recover-20220922,001,1795
957.8165,957.8537,68437,81355,Rhinolophus ferrumequinum,0.021,0.021,-1,Echolocation,/mnt/ubna_data_02_mir/recover-20220922/UBNA_001/20220921_090000.WAV,Telephone Field,recover-20220922,001,1795
957.8375,957.8475,27187,36875,Eptesicus serotinus,0.009,0.022,-1,Echolocation,/mnt/ubna_data_02_mir/recover-20220922/UBNA_001/20220921_090000.WAV,Telephone Field,recover-20220922,001,1795
957.8455,957.8559,29765,37745,Eptesicus serotinus,0.008,0.021,-1,Echolocation,/mnt/ubna_data_02_mir/recover-20220922/UBNA_001/20220921_090000.WAV,Telephone Field,recover-20220922,001,1795
957.8475,957.8881,68437,82633,Rhinolophus ferrumequinum,0.037,0.037,-1,Echolocation,/mnt/ubna_data_02_mir/recover-20220922/UBNA_001/20220921_090000.WAV,Telephone Field,recover-20220922,001,1795
957.8655,957.8807,22031,25271,Nyctalus leisleri,0.022,0.033,-1,Echolocation,/mnt/ubna_data_02_mir/recover-20220922/UBNA_001/20220921_090000.WAV,Telephone Field,recover-20220922,001,1795
957.9115,957.9523,68437,82624,Rhinolophus ferrumequinum,0.035,0.035,-1,Echolocation,/mnt/ubna_data_02_mir/recover-20220922/UBNA_001/20220921_090000.WAV,Telephone Field,recover-20220922,001,1795
957.9275,957.9369,28906,38373,Eptesicus serotinus,0.01,0.024,-1,Echolocation,/mnt/ubna_data_02_mir/recover-20220922/UBNA_001/20220921_090000.WAV,Telephone Field,recover-20220922,001,1795
957.9555,957.9655,27187,35880,Eptesicus serotinus,0.016,0.031,-1,Echolocation,/mnt/ubna_data_02_mir/recover-20220922/UBNA_001/20220921_090000.WAV,Telephone Field,recover-20220922,001,1795
957.9845,957.9923,23750,34062,Plecotus austriacus,0.014,0.032,-1,Echolocation,/mnt/ubna_data_02_mir/recover-20220922/UBNA_001/20220921_090000.WAV,Telephone Field,recover-20220922,001,1795
958.0015,958.0094,26328,36129,Nyctalus leisleri,0.006,0.026,-1,Echolocation,/mnt/ubna_data_02_mir/recover-20220922/UBNA_001/20220921_090000.WAV,Telephone Field,recover-20220922,001,1795
958.0015,958.0344,68437,80015,Rhinolophus ferrumequinum,0.045,0.045,-1,Echolocation,/mnt/ubna_data_02_mir/recover-20220922/UBNA_001/20220921_090000.WAV,Telephone Field,recover-20220922,001,1795
958.0015,958.0094,45234,53713,Pipistrellus pipistrellus,0.02,0.026,-1,Echolocation,/mnt/ubna_data_02_mir/recover-20220922/UBNA_001/20220921_090000.WAV,Telephone Field,recover-20220922,001,1795
958.0115,958.0584,68437,83839,Rhinolophus ferrumequinum,0.031,0.031,-1,Echolocation,/mnt/ubna_data_02_mir/recover-20220922/UBNA_001/20220921_090000.WAV,Telephone Field,recover-20220922,001,1795
958.0535,958.0609,27187,41072,Eptesicus serotinus,0.007,0.022,-1,Echolocation,/mnt/ubna_data_02_mir/recover-20220922/UBNA_001/20220921_090000.WAV,Telephone Field,recover-20220922,001,1795
958.0715,958.0796,27187,39902,Eptesicus serotinus,0.007,0.022,-1,Echolocation,/mnt/ubna_data_02_mir/recover-20220922/UBNA_001/20220921_090000.WAV,Telephone Field,recover-20220922,001,1795
958.1055,958.113,46093,50774,Pipistrellus pipistrellus,0.046,0.047,-1,Echolocation,/mnt/ubna_data_02_mir/recover-20220922/UBNA_001/20220921_090000.WAV,Telephone Field,recover-20220922,001,1795
958.1065,958.1488,68437,82529,Rhinolophus ferrumequinum,0.023,0.023,-1,Echolocation,/mnt/ubna_data_02_mir/recover-20220922/UBNA_001/20220921_090000.WAV,Telephone Field,recover-20220922,001,1795
958.1175,958.1573,68437,82715,Rhinolophus ferrumequinum,0.022,0.022,-1,Echolocation,/mnt/ubna_data_02_mir/recover-20220922/UBNA_001/20220921_090000.WAV,Telephone Field,recover-20220922,001,1795
958.1185,958.1266,28046,38213,Eptesicus serotinus,0.008,0.022,-1,Echolocation,/mnt/ubna_data_02_mir/recover-20220922/UBNA_001/20220921_090000.WAV,Telephone Field,recover-20220922,001,1795
958.1335,958.1754,68437,82971,Rhinolophus ferrumequinum,0.028,0.028,-1,Echolocation,/mnt/ubna_data_02_mir/recover-20220922/UBNA_001/20220921_090000.WAV,Telephone Field,recover-20220922,001,1795
958.1375,958.1469,22890,30102,Plecotus austriacus,0.007,0.024,-1,Echolocation,/mnt/ubna_data_02_mir/recover-20220922/UBNA_001/20220921_090000.WAV,Telephone Field,recover-20220922,001,1795
958.1605,958.1672,25468,35174,Plecotus austriacus,0.007,0.023,-1,Echolocation,/mnt/ubna_data_02_mir/recover-20220922/UBNA_001/20220921_090000.WAV,Telephone Field,recover-20220922,001,1795
958.1705,958.2077,68437,81630,Rhinolophus ferrumequinum,0.023,0.023,-1,Echolocation,/mnt/ubna_data_02_mir/recover-20220922/UBNA_001/20220921_090000.WAV,Telephone Field,recover-20220922,001,1795
958.1935,958.2051,34062,39716,Eptesicus serotinus,0.015,0.047,-1,Echolocation,/mnt/ubna_data_02_mir/recover-20220922/UBNA_001/20220921_090000.WAV,Telephone Field,recover-20220922,001,1795
958.1975,958.2055,28046,38799,Eptesicus serotinus,0.009,0.027,-1,Echolocation,/mnt/ubna_data_02_mir/recover-20220922/UBNA_001/20220921_090000.WAV,Telephone Field,recover-20220922,001,1795
958.2285,958.2376,45234,48451,Pipistrellus pipistrellus,0.032,0.033,-1,Echolocation,/mnt/ubna_data_02_mir/recover-20220922/UBNA_001/20220921_090000.WAV,Telephone Field,recover-20220922,001,1795
958.2545,958.2966,68437,82778,Rhinolophus ferrumequinum,0.035,0.035,-1,Echolocation,/mnt/ubna_data_02_mir/recover-20220922/UBNA_001/20220921_090000.WAV,Telephone Field,recover-20220922,001,1795
958.2695,958.3098,68437,82024,Rhinolophus ferrumequinum,0.027,0.027,-1,Echolocation,/mnt/ubna_data_02_mir/recover-20220922/UBNA_001/20220921_090000.WAV,Telephone Field,recover-20220922,001,1795
958.2745,958.3146,68437,82261,Rhinolophus ferrumequinum,0.028,0.028,-1,Echolocation,/mnt/ubna_data_02_mir/recover-20220922/UBNA_001/20220921_090000.WAV,Telephone Field,recover-20220922,001,1795
958.2925,958.3307,68437,81998,Rhinolophus ferrumequinum,0.027,0.027,-1,Echolocation,/mnt/ubna_data_02_mir/recover-20220922/UBNA_001/20220921_090000.WAV,Telephone Field,recover-20220922,001,1795
958.3095,958.3165,28046,39435,Eptesicus serotinus,0.007,0.024,-1,Echolocation,/mnt/ubna_data_02_mir/recover-20220922/UBNA_001/20220921_090000.WAV,Telephone Field,recover-20220922,001,1795
958.3235,958.3623,68437,81983,Rhinolophus ferrumequinum,0.022,0.023,-1,Echolocation,/mnt/ubna_data_02_mir/recover-20220922/UBNA_001/20220921_090000.WAV,Telephone Field,recover-20220922,001,1795
958.3385,958.3468,28046,41030,Eptesicus serotinus,0.008,0.023,-1,Echolocation,/mnt/ubna_data_02_mir/recover-20220922/UBNA_001/20220921_090000.WAV,Telephone Field,recover-20220922,001,1795
958.3675,958.4101,68437,83018,Rhinolophus ferrumequinum,0.046,0.046,-1,Echolocation,/mnt/ubna_data_02_mir/recover-20220922/UBNA_001/20220921_090000.WAV,Telephone Field,recover-20220922,001,1795
958.3735,958.3854,26328,33239,Eptesicus serotinus,0.024,0.042,-1,Echolocation,/mnt/ubna_data_02_mir/recover-20220922/UBNA_001/20220921_090000.WAV,Telephone Field,recover-20220922,001,1795
958.3945,958.4329,68437,82339,Rhinolophus ferrumequinum,0.023,0.023,-1,Echolocation,/mnt/ubna_data_02_mir/recover-20220922/UBNA_001/20220921_090000.WAV,Telephone Field,recover-20220922,001,1795
958.4145,958.4495,68437,81837,Rhinolophus ferrumequinum,0.022,0.022,-1,Echolocation,/mnt/ubna_data_02_mir/recover-20220922/UBNA_001/20220921_090000.WAV,Telephone Field,recover-20220922,001,1795
958.4205,958.4562,68437,82153,Rhinolophus ferrumequinum,0.023,0.023,-1,Echolocation,/mnt/ubna_data_02_mir/recover-20220922/UBNA_001/20220921_090000.WAV,Telephone Field,recover-20220922,001,1795
958.4475,958.4592,22890,28545,Nyctalus leisleri,0.01,0.022,-1,Echolocation,/mnt/ubna_data_02_mir/recover-20220922/UBNA_001/20220921_090000.WAV,Telephone Field,recover-20220922,001,1795
958.4525,958.4895,68437,81712,Rhinolophus ferrumequinum,0.024,0.024,-1,Echolocation,/mnt/ubna_data_02_mir/recover-20220922/UBNA_001/20220921_090000.WAV,Telephone Field,recover-20220922,001,1795
958.4585,958.4979,68437,81897,Rhinolophus ferrumequinum,0.025,0.025,-1,Echolocation,/mnt/ubna_data_02_mir/recover-20220922/UBNA_001/20220921_090000.WAV,Telephone Field,recover-20220922,001,1795
958.4615,958.4704,26328,34416,Eptesicus serotinus,0.01,0.023,-1,Echolocation,/mnt/ubna_data_02_mir/recover-20220922/UBNA_001/20220921_090000.WAV,Telephone Field,recover-20220922,001,1795
958.5315,958.54,27187,41405,Eptesicus serotinus,0.008,0.023,-1,Echolocation,/mnt/ubna_data_02_mir/recover-20220922/UBNA_001/20220921_090000.WAV,Telephone Field,recover-20220922,001,1795
958.5405,958.577,68437,81652,Rhinolophus ferrumequinum,0.026,0.026,-1,Echolocation,/mnt/ubna_data_02_mir/recover-20220922/UBNA_001/20220921_090000.WAV,Telephone Field,recover-20220922,001,1795
958.5485,958.555,23750,33493,Plecotus austriacus,0.018,0.034,-1,Echolocation,/mnt/ubna_data_02_mir/recover-20220922/UBNA_001/20220921_090000.WAV,Telephone Field,recover-20220922,001,1795
958.5825,958.6238,68437,83278,Rhinolophus ferrumequinum,0.048,0.048,-1,Echolocation,/mnt/ubna_data_02_mir/recover-20220922/UBNA_001/20220921_090000.WAV,Telephone Field,recover-20220922,001,1795
958.6135,958.6497,68437,81662,Rhinolophus ferrumequinum,0.024,0.024,-1,Echolocation,/mnt/ubna_data_02_mir/recover-20220922/UBNA_001/20220921_090000.WAV,Telephone Field,recover-20220922,001,1795
958.6305,958.6418,22890,28501,Nyctalus leisleri,0.012,0.028,-1,Echolocation,/mnt/ubna_data_02_mir/recover-20220922/UBNA_001/20220921_090000.WAV,Telephone Field,recover-20220922,001,1795
958.7015,958.7412,68437,81538,Rhinolophus ferrumequinum,0.024,0.024,-1,Echolocation,/mnt/ubna_data_02_mir/recover-20220922/UBNA_001/20220921_090000.WAV,Telephone Field,recover-20220922,001,1795
958.7405,958.7794,68437,82140,Rhinolophus ferrumequinum,0.024,0.024,-1,Echolocation,/mnt/ubna_data_02_mir/recover-20220922/UBNA_001/20220921_090000.WAV,Telephone Field,recover-20220922,001,1795
958.7435,958.758,22031,26038,Nyctalus leisleri,0.032,0.054,-1,Echolocation,/mnt/ubna_data_02_mir/recover-20220922/UBNA_001/20220921_090000.WAV,Telephone Field,recover-20220922,001,1795
958.7715,958.781,24609,32101,Eptesicus serotinus,0.008,0.023,-1,Echolocation,/mnt/ubna_data_02_mir/recover-20220922/UBNA_001/20220921_090000.WAV,Telephone Field,recover-20220922,001,1795
958.8035,958.8106,28906,37869,Eptesicus serotinus,0.006,0.023,-1,Echolocation,/mnt/ubna_data_02_mir/recover-20220922/UBNA_001/20220921_090000.WAV,Telephone Field,recover-20220922,001,1795
958.8045,958.8116,24609,33356,Plecotus austriacus,0.009,0.023,-1,Echolocation,/mnt/ubna_data_02_mir/recover-20220922/UBNA_001/20220921_090000.WAV,Telephone Field,recover-20220922,001,1795
958.8165,958.8267,14296,18625,Nyctalus noctula,0.009,0.022,-1,Echolocation,/mnt/ubna_data_02_mir/recover-20220922/UBNA_001/20220921_090000.WAV,Telephone Field,recover-20220922,001,1795
958.8475,958.8844,68437,82168,Rhinolophus ferrumequinum,0.024,0.024,-1,Echolocation,/mnt/ubna_data_02_mir/recover-20220922/UBNA_001/20220921_090000.WAV,Telephone Field,recover-20220922,001,1795
958.8605,958.8692,25468,34062,Eptesicus serotinus,0.009,0.025,-1,Echolocation,/mnt/ubna_data_02_mir/recover-20220922/UBNA_001/20220921_090000.WAV,Telephone Field,recover-20220922,001,1795
958.9035,958.9103,27187,40152,Eptesicus serotinus,0.006,0.024,-1,Echolocation,/mnt/ubna_data_02_mir/recover-20220922/UBNA_001/20220921_090000.WAV,Telephone Field,recover-20220922,001,1795
958.9235,958.9635,68437,82318,Rhinolophus ferrumequinum,0.03,0.03,-1,Echolocation,/mnt/ubna_data_02_mir/recover-20220922/UBNA_001/20220921_090000.WAV,Telephone Field,recover-20220922,001,1795
958.9495,958.9866,68437,82193,Rhinolophus ferrumequinum,0.029,0.029,-1,Echolocation,/mnt/ubna_data_02_mir/recover-20220922/UBNA_001/20220921_090000.WAV,Telephone Field,recover-20220922,001,1795
958.9535,958.9619,24609,33587,Plecotus austriacus,0.008,0.028,-1,Echolocation,/mnt/ubna_data_02_mir/recover-20220922/UBNA_001/20220921_090000.WAV,Telephone Field,recover-20220922,001,1795
958.9695,959.0096,68437,82619,Rhinolophus ferrumequinum,0.027,0.027,-1,Echolocation,/mnt/ubna_data_02_mir/recover-20220922/UBNA_001/20220921_090000.WAV,Telephone Field,recover-20220922,001,1795
958.9955,959.0043000000001,47812,52086,Pipistrellus pipistrellus,0.021,0.023,-1,Echolocation,/mnt/ubna_data_02_mir/recover-20220922/UBNA_001/20220921_090000.WAV,Telephone Field,recover-20220922,001,1795
959.0025,959.0110999999999,28046,38864,Eptesicus serotinus,0.009,0.023,-1,Echolocation,/mnt/ubna_data_02_mir/recover-20220922/UBNA_001/20220921_090000.WAV,Telephone Field,recover-20220922,001,1795
959.0635,959.1011,68437,82279,Rhinolophus ferrumequinum,0.022,0.022,-1,Echolocation,/mnt/ubna_data_02_mir/recover-20220922/UBNA_001/20220921_090000.WAV,Telephone Field,recover-20220922,001,1795
959.0835,959.0921,28906,38550,Eptesicus serotinus,0.009,0.023,-1,Echolocation,/mnt/ubna_data_02_mir/recover-20220922/UBNA_001/20220921_090000.WAV,Telephone Field,recover-20220922,001,1795
959.0875,959.125,68437,81291,Rhinolophus ferrumequinum,0.022,0.022,-1,Echolocation,/mnt/ubna_data_02_mir/recover-20220922/UBNA_001/20220921_090000.WAV,Telephone Field,recover-20220922,001,1795
959.0915,959.1037,51250,55736,Pipistrellus pipistrellus,0.017,0.027,-1,Echolocation,/mnt/ubna_data_02_mir/recover-20220922/UBNA_001/20220921_090000.WAV,Telephone Field,recover-20220922,001,1795
959.1235,959.1642,68437,82988,Rhinolophus ferrumequinum,0.024,0.024,-1,Echolocation,/mnt/ubna_data_02_mir/recover-20220922/UBNA_001/20220921_090000.WAV,Telephone Field,recover-20220922,001,1795
959.1514999999999,959.19,68437,82274,Rhinolophus ferrumequinum,0.022,0.022,-1,Echolocation,/mnt/ubna_data_02_mir/recover-20220922/UBNA_001/20220921_090000.WAV,Telephone Field,recover-20220922,001,1795
959.1775,959.2144,68437,82169,Rhinolophus ferrumequinum,0.025,0.025,-1,Echolocation,/mnt/ubna_data_02_mir/recover-20220922/UBNA_001/20220921_090000.WAV,Telephone Field,recover-20220922,001,1795
959.1865,959.2258,68437,81982,Rhinolophus ferrumequinum,0.022,0.022,-1,Echolocation,/mnt/ubna_data_02_mir/recover-20220922/UBNA_001/20220921_090000.WAV,Telephone Field,recover-20220922,001,1795
959.1915,959.2328,68437,82485,Rhinolophus ferrumequinum,0.022,0.022,-1,Echolocation,/mnt/ubna_data_02_mir/recover-20220922/UBNA_001/20220921_090000.WAV,Telephone Field,recover-20220922,001,1795
959.2045,959.2412,68437,81675,Rhinolophus ferrumequinum,0.022,0.022,-1,Echolocation,/mnt/ubna_data_02_mir/recover-20220922/UBNA_001/20220921_090000.WAV,Telephone Field,recover-20220922,001,1795
959.2895,959.3,23750,29270,Nyctalus leisleri,0.01,0.023,-1,Echolocation,/mnt/ubna_data_02_mir/recover-20220922/UBNA_001/20220921_090000.WAV,Telephone Field,recover-20220922,001,1795
959.2945,959.3322000000001,68437,81509,Rhinolophus ferrumequinum,0.022,0.022,-1,Echolocation,/mnt/ubna_data_02_mir/recover-20220922/UBNA_001/20220921_090000.WAV,Telephone Field,recover-20220922,001,1795
959.3005,959.3373,68437,82329,Rhinolophus ferrumequinum,0.023,0.023,-1,Echolocation,/mnt/ubna_data_02_mir/recover-20220922/UBNA_001/20220921_090000.WAV,Telephone Field,recover-20220922,001,1795
959.3345,959.3725,68437,81808,Rhinolophus ferrumequinum,0.022,0.022,-1,Echolocation,/mnt/ubna_data_02_mir/recover-20220922/UBNA_001/20220921_090000.WAV,Telephone Field,recover-20220922,001,1795
959.3785,959.3887,22890,29614,Nyctalus leisleri,0.009,0.025,-1,Echolocation,/mnt/ubna_data_02_mir/recover-20220922/UBNA_001/20220921_090000.WAV,Telephone Field,recover-20220922,001,1795
959.3785,959.4221,68437,82993,Rhinolophus ferrumequinum,0.027,0.027,-1,Echolocation,/mnt/ubna_data_02_mir/recover-20220922/UBNA_001/20220921_090000.WAV,Telephone Field,recover-20220922,001,1795
959.3945,959.4378,68437,83033,Rhinolophus ferrumequinum,0.023,0.023,-1,Echolocation,/mnt/ubna_data_02_mir/recover-20220922/UBNA_001/20220921_090000.WAV,Telephone Field,recover-20220922,001,1795
959.3985,959.4069,28046,36752,Eptesicus serotinus,0.008,0.023,-1,Echolocation,/mnt/ubna_data_02_mir/recover-20220922/UBNA_001/20220921_090000.WAV,Telephone Field,recover-20220922,001,1795
959.4155,959.4567,68437,82185,Rhinolophus ferrumequinum,0.024,0.024,-1,Echolocation,/mnt/ubna_data_02_mir/recover-20220922/UBNA_001/20220921_090000.WAV,Telephone Field,recover-20220922,001,1795
959.4175,959.4247,28046,39664,Eptesicus serotinus,0.007,0.023,-1,Echolocation,/mnt/ubna_data_02_mir/recover-20220922/UBNA_001/20220921_090000.WAV,Telephone Field,recover-20220922,001,1795
959.4465,959.4855,68437,82416,Rhinolophus ferrumequinum,0.024,0.025,-1,Echolocation,/mnt/ubna_data_02_mir/recover-20220922/UBNA_001/20220921_090000.WAV,Telephone Field,recover-20220922,001,1795
959.4635,959.4762,28906,34200,Eptesicus serotinus,0.017,0.032,-1,Echolocation,/mnt/ubna_data_02_mir/recover-20220922/UBNA_001/20220921_090000.WAV,Telephone Field,recover-20220922,001,1795
959.5105,959.5509,68437,82432,Rhinolophus ferrumequinum,0.029,0.029,-1,Echolocation,/mnt/ubna_data_02_mir/recover-20220922/UBNA_001/20220921_090000.WAV,Telephone Field,recover-20220922,001,1795
959.5525,959.5609,29765,39305,Eptesicus serotinus,0.01,0.027,-1,Echolocation,/mnt/ubna_data_02_mir/recover-20220922/UBNA_001/20220921_090000.WAV,Telephone Field,recover-20220922,001,1795
959.5655,959.6034,68437,82107,Rhinolophus ferrumequinum,0.022,0.022,-1,Echolocation,/mnt/ubna_data_02_mir/recover-20220922/UBNA_001/20220921_090000.WAV,Telephone Field,recover-20220922,001,1795
959.5685,959.5767,27187,37940,Eptesicus serotinus,0.008,0.024,-1,Echolocation,/mnt/ubna_data_02_mir/recover-20220922/UBNA_001/20220921_090000.WAV,Telephone Field,recover-20220922,001,1795
959.5925,959.6052,22890,27574,Nyctalus leisleri,0.012,0.024,-1,Echolocation,/mnt/ubna_data_02_mir/recover-20220922/UBNA_001/20220921_090000.WAV,Telephone Field,recover-20220922,001,1795
959.6085,959.6174,28046,36739,Eptesicus serotinus,0.008,0.023,-1,Echolocation,/mnt/ubna_data_02_mir/recover-20220922/UBNA_001/20220921_090000.WAV,Telephone Field,recover-20220922,001,1795
959.6295,959.6415,54687,59057,Pipistrellus pygmaeus,0.026,0.027,-1,Echolocation,/mnt/ubna_data_02_mir/recover-20220922/UBNA_001/20220921_090000.WAV,Telephone Field,recover-20220922,001,1795
959.6305,959.6686,68437,82349,Rhinolophus ferrumequinum,0.024,0.024,-1,Echolocation,/mnt/ubna_data_02_mir/recover-20220922/UBNA_001/20220921_090000.WAV,Telephone Field,recover-20220922,001,1795
959.6485,959.6868,68437,82476,Rhinolophus ferrumequinum,0.023,0.023,-1,Echolocation,/mnt/ubna_data_02_mir/recover-20220922/UBNA_001/20220921_090000.WAV,Telephone Field,recover-20220922,001,1795
959.6905,959.7282,68437,82104,Rhinolophus ferrumequinum,0.024,0.024,-1,Echolocation,/mnt/ubna_data_02_mir/recover-20220922/UBNA_001/20220921_090000.WAV,Telephone Field,recover-20220922,001,1795
959.7135,959.7241,23750,29345,Nyctalus leisleri,0.012,0.03,-1,Echolocation,/mnt/ubna_data_02_mir/recover-20220922/UBNA_001/20220921_090000.WAV,Telephone Field,recover-20220922,001,1795
959.7215,959.7579,68437,80895,Rhinolophus ferrumequinum,0.027,0.027,-1,Echolocation,/mnt/ubna_data_02_mir/recover-20220922/UBNA_001/20220921_090000.WAV,Telephone Field,recover-20220922,001,1795
959.7305,959.7365,28046,42030,Eptesicus serotinus,0.006,0.03,-1,Echolocation,/mnt/ubna_data_02_mir/recover-20220922/UBNA_001/20220921_090000.WAV,Telephone Field,recover-20220922,001,1795
959.7355,959.7543000000001,20312,24107,Nyctalus leisleri,0.018,0.04,-1,Echolocation,/mnt/ubna_data_02_mir/recover-20220922/UBNA_001/20220921_090000.WAV,Telephone Field,recover-20220922,001,1795
959.7405,959.7784,68437,81626,Rhinolophus ferrumequinum,0.022,0.022,-1,Echolocation,/mnt/ubna_data_02_mir/recover-20220922/UBNA_001/20220921_090000.WAV,Telephone Field,recover-20220922,001,1795
959.7465,959.7858,68437,81390,Rhinolophus ferrumequinum,0.023,0.023,-1,Echolocation,/mnt/ubna_data_02_mir/recover-20220922/UBNA_001/20220921_090000.WAV,Telephone Field,recover-20220922,001,1795
959.8165,959.8277,28906,36598,Eptesicus serotinus,0.012,0.026,-1,Echolocation,/mnt/ubna_data_02_mir/recover-20220922/UBNA_001/20220921_090000.WAV,Telephone Field,recover-20220922,001,1795
959.8375,959.8816,68437,83230,Rhinolophus ferrumequinum,0.029,0.029,-1,Echolocation,/mnt/ubna_data_02_mir/recover-20220922/UBNA_001/20220921_090000.WAV,Telephone Field,recover-20220922,001,1795
959.9025,959.9415,68437,81744,Rhinolophus ferrumequinum,0.023,0.023,-1,Echolocation,/mnt/ubna_data_02_mir/recover-20220922/UBNA_001/20220921_090000.WAV,Telephone Field,recover-20220922,001,1795
959.9175,959.9371,18593,21756,Nyctalus noctula,0.012,0.024,-1,Echolocation,/mnt/ubna_data_02_mir/recover-20220922/UBNA_001/20220921_090000.WAV,Telephone Field,recover-20220922,001,1795
959.9605,959.9672,25468,37618,Plecotus austriacus,0.008,0.026,-1,Echolocation,/mnt/ubna_data_02_mir/recover-20220922/UBNA_001/20220921_090000.WAV,Telephone Field,recover-20220922,001,1795
960.0015,960.0116,21171,26867,Nyctalus leisleri,0.011,0.026,-1,Echolocation,/mnt/ubna_data_02_mir/recover-20220922/UBNA_001/20220921_090000.WAV,Telephone Field,recover-20220922,001,1795
960.0015,960.0097,29765,37547,Myotis daubentonii,0.006,0.025,-1,Echolocation,/mnt/ubna_data_02_mir/recover-20220922/UBNA_001/20220921_090000.WAV,Telephone Field,recover-20220922,001,1795
960.0035,960.0143,50390,53029,Pipistrellus pygmaeus,0.027,0.04,-1,Echolocation,/mnt/ubna_data_02_mir/recover-20220922/UBNA_001/20220921_090000.WAV,Telephone Field,recover-20220922,001,1795
960.0315,960.0412,28906,36560,Eptesicus serotinus,0.01,0.023,-1,Echolocation,/mnt/ubna_data_02_mir/recover-20220922/UBNA_001/20220921_090000.WAV,Telephone Field,recover-20220922,001,1795
960.0855,960.1232,68437,81480,Rhinolophus ferrumequinum,0.021,0.021,-1,Echolocation,/mnt/ubna_data_02_mir/recover-20220922/UBNA_001/20220921_090000.WAV,Telephone Field,recover-20220922,001,1795
960.1185,960.155,68437,81444,Rhinolophus ferrumequinum,0.022,0.022,-1,Echolocation,/mnt/ubna_data_02_mir/recover-20220922/UBNA_001/20220921_090000.WAV,Telephone Field,recover-20220922,001,1795
960.1235,960.1318,28046,36732,Eptesicus serotinus,0.007,0.021,-1,Echolocation,/mnt/ubna_data_02_mir/recover-20220922/UBNA_001/20220921_090000.WAV,Telephone Field,recover-20220922,001,1795
960.1575,960.1982,68437,82393,Rhinolophus ferrumequinum,0.026,0.026,-1,Echolocation,/mnt/ubna_data_02_mir/recover-20220922/UBNA_001/20220921_090000.WAV,Telephone Field,recover-20220922,001,1795
960.1655,960.1735,27187,38549,Eptesicus serotinus,0.007,0.022,-1,Echolocation,/mnt/ubna_data_02_mir/recover-20220922/UBNA_001/20220921_090000.WAV,Telephone Field,recover-20220922,001,1795
960.1795,960.2187,68437,82176,Rhinolophus ferrumequinum,0.022,0.022,-1,Echolocation,/mnt/ubna_data_02_mir/recover-20220922/UBNA_001/20220921_090000.WAV,Telephone Field,recover-20220922,001,1795
960.2025,960.2409,68437,81688,Rhinolophus ferrumequinum,0.021,0.021,-1,Echolocation,/mnt/ubna_data_02_mir/recover-20220922/UBNA_001/20220921_090000.WAV,Telephone Field,recover-20220922,001,1795
960.2055,960.2154,53828,57431,Pipistrellus pygmaeus,0.023,0.024,-1,Echolocation,/mnt/ubna_data_02_mir/recover-20220922/UBNA_001/20220921_090000.WAV,Telephone Field,recover-20220922,001,1795
960.2335,960.2702,68437,81637,Rhinolophus ferrumequinum,0.025,0.025,-1,Echolocation,/mnt/ubna_data_02_mir/recover-20220922/UBNA_001/20220921_090000.WAV,Telephone Field,recover-20220922,001,1795
960.2575,960.2956,68437,81245,Rhinolophus ferrumequinum,0.022,0.022,-1,Echolocation,/mnt/ubna_data_02_mir/recover-20220922/UBNA_001/20220921_090000.WAV,Telephone Field,recover-20220922,001,1795
960.2795,960.3191,68437,81625,Rhinolophus ferrumequinum,0.022,0.022,-1,Echolocation,/mnt/ubna_data_02_mir/recover-20220922/UBNA_001/20220921_090000.WAV,Telephone Field,recover-20220922,001,1795
960.2805,960.2888,28906,39114,Eptesicus serotinus,0.01,0.031,-1,Echolocation,/mnt/ubna_data_02_mir/recover-20220922/UBNA_001/20220921_090000.WAV,Telephone Field,recover-20220922,001,1795
960.2905,960.329,68437,81779,Rhinolophus ferrumequinum,0.023,0.023,-1,Echolocation,/mnt/ubna_data_02_mir/recover-20220922/UBNA_001/20220921_090000.WAV,Telephone Field,recover-20220922,001,1795
960.3205,960.3312,23750,29926,Nyctalus leisleri,0.013,0.03,-1,Echolocation,/mnt/ubna_data_02_mir/recover-20220922/UBNA_001/20220921_090000.WAV,Telephone Field,recover-20220922,001,1795
960.3305,960.369,68437,81874,Rhinolophus ferrumequinum,0.022,0.022,-1,Echolocation,/mnt/ubna_data_02_mir/recover-20220922/UBNA_001/20220921_090000.WAV,Telephone Field,recover-20220922,001,1795
960.3445,960.3799,68437,81352,Rhinolophus ferrumequinum,0.023,0.023,-1,Echolocation,/mnt/ubna_data_02_mir/recover-20220922/UBNA_001/20220921_090000.WAV,Telephone Field,recover-20220922,001,1795
960.3515,960.3899,68437,81676,Rhinolophus ferrumequinum,0.022,0.022,-1,Echolocation,/mnt/ubna_data_02_mir/recover-20220922/UBNA_001/20220921_090000.WAV,Telephone Field,recover-20220922,001,1795
960.3805,960.3953,15156,19972,Nyctalus noctula,0.02,0.03,-1,Echolocation,/mnt/ubna_data_02_mir/recover-20220922/UBNA_001/20220921_090000.WAV,Telephone Field,recover-20220922,001,1795
960.3835,960.425,68437,83234,Rhinolophus ferrumequinum,0.028,0.028,-1,Echolocation,/mnt/ubna_data_02_mir/recover-20220922/UBNA_001/20220921_090000.WAV,Telephone Field,recover-20220922,001,1795
960.4075,960.4174,28046,35890,Eptesicus serotinus,0.01,0.025,-1,Echolocation,/mnt/ubna_data_02_mir/recover-20220922/UBNA_001/20220921_090000.WAV,Telephone Field,recover-20220922,001,1795
960.4155,960.4256,23750,29466,Nyctalus leisleri,0.01,0.021,-1,Echolocation,/mnt/ubna_data_02_mir/recover-20220922/UBNA_001/20220921_090000.WAV,Telephone Field,recover-20220922,001,1795
960.4175,960.4555,68437,81668,Rhinolophus ferrumequinum,0.022,0.022,-1,Echolocation,/mnt/ubna_data_02_mir/recover-20220922/UBNA_001/20220921_090000.WAV,Telephone Field,recover-20220922,001,1795
960.4435,960.4788,68437,81790,Rhinolophus ferrumequinum,0.022,0.022,-1,Echolocation,/mnt/ubna_data_02_mir/recover-20220922/UBNA_001/20220921_090000.WAV,Telephone Field,recover-20220922,001,1795
960.4805,960.4915,25468,32232,Eptesicus serotinus,0.009,0.021,-1,Echolocation,/mnt/ubna_data_02_mir/recover-20220922/UBNA_001/20220921_090000.WAV,Telephone Field,recover-20220922,001,1795
960.4965,960.5077,27187,35156,Eptesicus serotinus,0.011,0.026,-1,Echolocation,/mnt/ubna_data_02_mir/recover-20220922/UBNA_001/20220921_090000.WAV,Telephone Field,recover-20220922,001,1795
960.4985,960.5395,68437,82589,Rhinolophus ferrumequinum,0.025,0.025,-1,Echolocation,/mnt/ubna_data_02_mir/recover-20220922/UBNA_001/20220921_090000.WAV,Telephone Field,recover-20220922,001,1795
960.5395,960.5504,23750,29398,Nyctalus leisleri,0.014,0.03,-1,Echolocation,/mnt/ubna_data_02_mir/recover-20220922/UBNA_001/20220921_090000.WAV,Telephone Field,recover-20220922,001,1795
960.5695,960.6088,68437,82227,Rhinolophus ferrumequinum,0.024,0.024,-1,Echolocation,/mnt/ubna_data_02_mir/recover-20220922/UBNA_001/20220921_090000.WAV,Telephone Field,recover-20220922,001,1795
960.5795,960.6193,68437,81966,Rhinolophus ferrumequinum,0.021,0.021,-1,Echolocation,/mnt/ubna_data_02_mir/recover-20220922/UBNA_001/20220921_090000.WAV,Telephone Field,recover-20220922,001,1795
960.5835,960.5941,27187,34518,Eptesicus serotinus,0.023,0.042,-1,Echolocation,/mnt/ubna_data_02_mir/recover-20220922/UBNA_001/20220921_090000.WAV,Telephone Field,recover-20220922,001,1795
960.5955,960.6045,25468,32866,Eptesicus serotinus,0.012,0.038,-1,Echolocation,/mnt/ubna_data_02_mir/recover-20220922/UBNA_001/20220921_090000.WAV,Telephone Field,recover-20220922,001,1795
960.6005,960.6378,68437,81640,Rhinolophus ferrumequinum,0.022,0.022,-1,Echolocation,/mnt/ubna_data_02_mir/recover-20220922/UBNA_001/20220921_090000.WAV,Telephone Field,recover-20220922,001,1795
960.6065,960.645,68437,81944,Rhinolophus ferrumequinum,0.022,0.022,-1,Echolocation,/mnt/ubna_data_02_mir/recover-20220922/UBNA_001/20220921_090000.WAV,Telephone Field,recover-20220922,001,1795
960.6285,960.6704,68437,83369,Rhinolophus ferrumequinum,0.023,0.023,-1,Echolocation,/mnt/ubna_data_02_mir/recover-20220922/UBNA_001/20220921_090000.WAV,Telephone Field,recover-20220922,001,1795
960.6605,960.6702,27187,33964,Eptesicus serotinus,0.013,0.038,-1,Echolocation,/mnt/ubna_data_02_mir/recover-20220922/UBNA_001/20220921_090000.WAV,Telephone Field,recover-20220922,001,1795
960.6805,960.7201,68437,82096,Rhinolophus ferrumequinum,0.024,0.024,-1,Echolocation,/mnt/ubna_data_02_mir/recover-20220922/UBNA_001/20220921_090000.WAV,Telephone Field,recover-20220922,001,1795
960.7125,960.7543,68437,83013,Rhinolophus ferrumequinum,0.025,0.025,-1,Echolocation,/mnt/ubna_data_02_mir/recover-20220922/UBNA_001/20220921_090000.WAV,Telephone Field,recover-20220922,001,1795
960.7335,960.7717,68437,81747,Rhinolophus ferrumequinum,0.022,0.022,-1,Echolocation,/mnt/ubna_data_02_mir/recover-20220922/UBNA_001/20220921_090000.WAV,Telephone Field,recover-20220922,001,1795
960.7515,960.7621,57265,62559,Pipistrellus pygmaeus,0.02,0.021,-1,Echolocation,/mnt/ubna_data_02_mir/recover-20220922/UBNA_001/20220921_090000.WAV,Telephone Field,recover-20220922,001,1795
960.7625,960.7728,23750,30589,Nyctalus leisleri,0.009,0.026,-1,Echolocation,/mnt/ubna_data_02_mir/recover-20220922/UBNA_001/20220921_090000.WAV,Telephone Field,recover-20220922,001,1795
960.7635,960.8028,68437,81996,Rhinolophus ferrumequinum,0.022,0.022,-1,Echolocation,/mnt/ubna_data_02_mir/recover-20220922/UBNA_001/20220921_090000.WAV,Telephone Field,recover-20220922,001,1795
960.7965,960.8359,68437,82412,Rhinolophus ferrumequinum,0.021,0.021,-1,Echolocation,/mnt/ubna_data_02_mir/recover-20220922/UBNA_001/20220921_090000.WAV,Telephone Field,recover-20220922,001,1795
960.8075,960.8471,68437,82289,Rhinolophus ferrumequinum,0.022,0.022,-1,Echolocation,/mnt/ubna_data_02_mir/recover-20220922/UBNA_001/20220921_090000.WAV,Telephone Field,recover-20220922,001,1795
960.8465,960.8871,68437,82464,Rhinolophus ferrumequinum,0.021,0.021,-1,Echolocation,/mnt/ubna_data_02_mir/recover-20220922/UBNA_001/20220921_090000.WAV,Telephone Field,recover-20220922,001,1795
960.8605,960.8712,32343,38690,Eptesicus serotinus,0.008,0.028,-1,Echolocation,/mnt/ubna_data_02_mir/recover-20220922/UBNA_001/20220921_090000.WAV,Telephone Field,recover-20220922,001,1795
960.8855,960.8974,51250,56243,Pipistrellus pipistrellus,0.027,0.032,-1,Echolocation,/mnt/ubna_data_02_mir/recover-20220922/UBNA_001/20220921_090000.WAV,Telephone Field,recover-20220922,001,1795
960.9065,960.9467,68437,82437,Rhinolophus ferrumequinum,0.025,0.025,-1,Echolocation,/mnt/ubna_data_02_mir/recover-20220922/UBNA_001/20220921_090000.WAV,Telephone Field,recover-20220922,001,1795
960.9125,960.9255,22031,25826,Nyctalus leisleri,0.014,0.023,-1,Echolocation,/mnt/ubna_data_02_mir/recover-20220922/UBNA_001/20220921_090000.WAV,Telephone Field,recover-20220922,001,1795
960.9285,960.9498,19453,22589,Nyctalus noctula,0.016,0.031,-1,Echolocation,/mnt/ubna_data_02_mir/recover-20220922/UBNA_001/20220921_090000.WAV,Telephone Field,recover-20220922,001,1795
960.9415,960.9807,68437,82341,Rhinolophus ferrumequinum,0.023,0.023,-1,Echolocation,/mnt/ubna_data_02_mir/recover-20220922/UBNA_001/20220921_090000.WAV,Telephone Field,recover-20220922,001,1795
960.9545,960.9954,68437,82322,Rhinolophus ferrumequinum,0.023,0.023,-1,Echolocation,/mnt/ubna_data_02_mir/recover-20220922/UBNA_001/20220921_090000.WAV,Telephone Field,recover-20220922,001,1795
960.9645,960.9727,27187,37456,Eptesicus serotinus,0.008,0.021,-1,Echolocation,/mnt/ubna_data_02_mir/recover-20220922/UBNA_001/20220921_090000.WAV,Telephone Field,recover-20220922,001,1795
960.9775,961.0185,68437,82150,Rhinolophus ferrumequinum,0.022,0.022,-1,Echolocation,/mnt/ubna_data_02_mir/recover-20220922/UBNA_001/20220921_090000.WAV,Telephone Field,recover-20220922,001,1795
960.9855,961.0253,68437,82676,Rhinolophus ferrumequinum,0.023,0.024,-1,Echolocation,/mnt/ubna_data_02_mir/recover-20220922/UBNA_001/20220921_090000.WAV,Telephone Field,recover-20220922,001,1795
961.0155,961.0238,27187,38310,Eptesicus serotinus,0.008,0.023,-1,Echolocation,/mnt/ubna_data_02_mir/recover-20220922/UBNA_001/20220921_090000.WAV,Telephone Field,recover-20220922,001,1795
961.0415,961.0787,68437,81771,Rhinolophus ferrumequinum,0.023,0.023,-1,Echolocation,/mnt/ubna_data_02_mir/recover-20220922/UBNA_001/20220921_090000.WAV,Telephone Field,recover-20220922,001,1795
961.0725,961.0819,26328,36004,Eptesicus serotinus,0.009,0.022,-1,Echolocation,/mnt/ubna_data_02_mir/recover-20220922/UBNA_001/20220921_090000.WAV,Telephone Field,recover-20220922,001,1795
961.0965,961.1057,22890,29265,Plecotus austriacus,0.008,0.025,-1,Echolocation,/mnt/ubna_data_02_mir/recover-20220922/UBNA_001/20220921_090000.WAV,Telephone Field,recover-20220922,001,1795
961.1045,961.1432,68437,82088,Rhinolophus ferrumequinum,0.023,0.023,-1,Echolocation,/mnt/ubna_data_02_mir/recover-20220922/UBNA_001/20220921_090000.WAV,Telephone Field,recover-20220922,001,1795
961.1615,961.2024,68437,82347,Rhinolophus ferrumequinum,0.022,0.022,-1,Echolocation,/mnt/ubna_data_02_mir/recover-20220922/UBNA_001/20220921_090000.WAV,Telephone Field,recover-20220922,001,1795
961.1705,961.207,68437,81060,Rhinolophus ferrumequinum,0.022,0.022,-1,Echolocation,/mnt/ubna_data_02_mir/recover-20220922/UBNA_001/20220921_090000.WAV,Telephone Field,recover-20220922,001,1795
961.1845,961.224,68437,82318,Rhinolophus ferrumequinum,0.024,0.024,-1,Echolocation,/mnt/ubna_data_02_mir/recover-20220922/UBNA_001/20220921_090000.WAV,Telephone Field,recover-20220922,001,1795
961.2125,961.252,68437,82200,Rhinolophus ferrumequinum,0.024,0.024,-1,Echolocation,/mnt/ubna_data_02_mir/recover-20220922/UBNA_001/20220921_090000.WAV,Telephone Field,recover-20220922,001,1795
961.2225,961.2638,68437,82411,Rhinolophus ferrumequinum,0.021,0.021,-1,Echolocation,/mnt/ubna_data_02_mir/recover-20220922/UBNA_001/20220921_090000.WAV,Telephone Field,recover-20220922,001,1795
961.2295,961.27,68437,82310,Rhinolophus ferrumequinum,0.021,0.021,-1,Echolocation,/mnt/ubna_data_02_mir/recover-20220922/UBNA_001/20220921_090000.WAV,Telephone Field,recover-20220922,001,1795
961.2315,961.2404,28906,36608,Eptesicus serotinus,0.01,0.025,-1,Echolocation,/mnt/ubna_data_02_mir/recover-20220922/UBNA_001/20220921_090000.WAV,Telephone Field,recover-20220922,001,1795
961.2505,961.2884,68437,82344,Rhinolophus ferrumequinum,0.023,0.023,-1,Echolocation,/mnt/ubna_data_02_mir/recover-20220922/UBNA_001/20220921_090000.WAV,Telephone Field,recover-20220922,001,1795
961.2585,961.2973,68437,82294,Rhinolophus ferrumequinum,0.021,0.021,-1,Echolocation,/mnt/ubna_data_02_mir/recover-20220922/UBNA_001/20220921_090000.WAV,Telephone Field,recover-20220922,001,1795
961.2815,961.29,22890,30034,Plecotus austriacus,0.009,0.023,-1,Echolocation,/mnt/ubna_data_02_mir/recover-20220922/UBNA_001/20220921_090000.WAV,Telephone Field,recover-20220922,001,1795
961.3065,961.3166,28046,36654,Eptesicus serotinus,0.012,0.029,-1,Echolocation,/mnt/ubna_data_02_mir/recover-20220922/UBNA_001/20220921_090000.WAV,Telephone Field,recover-20220922,001,1795
961.3155,961.3235,28906,38789,Eptesicus serotinus,0.007,0.025,-1,Echolocation,/mnt/ubna_data_02_mir/recover-20220922/UBNA_001/20220921_090000.WAV,Telephone Field,recover-20220922,001,1795
961.3255,961.3637,68437,81987,Rhinolophus ferrumequinum,0.021,0.021,-1,Echolocation,/mnt/ubna_data_02_mir/recover-20220922/UBNA_001/20220921_090000.WAV,Telephone Field,recover-20220922,001,1795
961.3545,961.3632,28906,38673,Eptesicus serotinus,0.008,0.022,-1,Echolocation,/mnt/ubna_data_02_mir/recover-20220922/UBNA_001/20220921_090000.WAV,Telephone Field,recover-20220922,001,1795
961.3765,961.4159,68437,81766,Rhinolophus ferrumequinum,0.023,0.023,-1,Echolocation,/mnt/ubna_data_02_mir/recover-20220922/UBNA_001/20220921_090000.WAV,Telephone Field,recover-20220922,001,1795
961.3775,961.3888,37500,41183,Pipistrellus nathusii,0.016,0.029,-1,Echolocation,/mnt/ubna_data_02_mir/recover-20220922/UBNA_001/20220921_090000.WAV,Telephone Field,recover-20220922,001,1795
961.3815,961.3895,28046,37104,Eptesicus serotinus,0.007,0.022,-1,Echolocation,/mnt/ubna_data_02_mir/recover-20220922/UBNA_001/20220921_090000.WAV,Telephone Field,recover-20220922,001,1795
961.4085,961.4487,68437,82512,Rhinolophus ferrumequinum,0.024,0.024,-1,Echolocation,/mnt/ubna_data_02_mir/recover-20220922/UBNA_001/20220921_090000.WAV,Telephone Field,recover-20220922,001,1795
961.4155,961.4576,68437,82889,Rhinolophus ferrumequinum,0.025,0.025,-1,Echolocation,/mnt/ubna_data_02_mir/recover-20220922/UBNA_001/20220921_090000.WAV,Telephone Field,recover-20220922,001,1795
961.4395,961.4803,68437,82758,Rhinolophus ferrumequinum,0.026,0.026,-1,Echolocation,/mnt/ubna_data_02_mir/recover-20220922/UBNA_001/20220921_090000.WAV,Telephone Field,recover-20220922,001,1795
961.4485,961.4557,28906,38335,Eptesicus serotinus,0.006,0.023,-1,Echolocation,/mnt/ubna_data_02_mir/recover-20220922/UBNA_001/20220921_090000.WAV,Telephone Field,recover-20220922,001,1795
961.4495,961.4578,22890,30156,Plecotus austriacus,0.011,0.024,-1,Echolocation,/mnt/ubna_data_02_mir/recover-20220922/UBNA_001/20220921_090000.WAV,Telephone Field,recover-20220922,001,1795
961.4715,961.482,24609,29952,Nyctalus leisleri,0.011,0.024,-1,Echolocation,/mnt/ubna_data_02_mir/recover-20220922/UBNA_001/20220921_090000.WAV,Telephone Field,recover-20220922,001,1795
961.4785,961.492,54687,59264,Pipistrellus pygmaeus,0.02,0.022,-1,Echolocation,/mnt/ubna_data_02_mir/recover-20220922/UBNA_001/20220921_090000.WAV,Telephone Field,recover-20220922,001,1795
961.4935,961.5329,68437,82127,Rhinolophus ferrumequinum,0.025,0.025,-1,Echolocation,/mnt/ubna_data_02_mir/recover-20220922/UBNA_001/20220921_090000.WAV,Telephone Field,recover-20220922,001,1795
961.5025,961.51,28046,40532,Eptesicus serotinus,0.006,0.023,-1,Echolocation,/mnt/ubna_data_02_mir/recover-20220922/UBNA_001/20220921_090000.WAV,Telephone Field,recover-20220922,001,1795
961.5065,961.5467,68437,83032,Rhinolophus ferrumequinum,0.023,0.023,-1,Echolocation,/mnt/ubna_data_02_mir/recover-20220922/UBNA_001/20220921_090000.WAV,Telephone Field,recover-20220922,001,1795
961.5195,961.5623,68437,82813,Rhinolophus ferrumequinum,0.028,0.029,-1,Echolocation,/mnt/ubna_data_02_mir/recover-20220922/UBNA_001/20220921_090000.WAV,Telephone Field,recover-20220922,001,1795
961.5535,961.5941,68437,82375,Rhinolophus ferrumequinum,0.022,0.022,-1,Echolocation,/mnt/ubna_data_02_mir/recover-20220922/UBNA_001/20220921_090000.WAV,Telephone Field,recover-20220922,001,1795
961.5685,961.5789,28906,38521,Eptesicus serotinus,0.01,0.024,-1,Echolocation,/mnt/ubna_data_02_mir/recover-20220922/UBNA_001/20220921_090000.WAV,Telephone Field,recover-20220922,001,1795
961.5895,961.6327,68437,83183,Rhinolophus ferrumequinum,0.052,0.052,-1,Echolocation,/mnt/ubna_data_02_mir/recover-20220922/UBNA_001/20220921_090000.WAV,Telephone Field,recover-20220922,001,1795
961.6135,961.6242,28906,36448,Eptesicus serotinus,0.01,0.023,-1,Echolocation,/mnt/ubna_data_02_mir/recover-20220922/UBNA_001/20220921_090000.WAV,Telephone Field,recover-20220922,001,1795
961.6315,961.6412,44375,52008,Pipistrellus pipistrellus,0.014,0.021,-1,Echolocation,/mnt/ubna_data_02_mir/recover-20220922/UBNA_001/20220921_090000.WAV,Telephone Field,recover-20220922,001,1795
961.6445,961.6836,68437,82172,Rhinolophus ferrumequinum,0.026,0.026,-1,Echolocation,/mnt/ubna_data_02_mir/recover-20220922/UBNA_001/20220921_090000.WAV,Telephone Field,recover-20220922,001,1795
961.6615,961.7025,68437,83173,Rhinolophus ferrumequinum,0.021,0.022,-1,Echolocation,/mnt/ubna_data_02_mir/recover-20220922/UBNA_001/20220921_090000.WAV,Telephone Field,recover-20220922,001,1795
961.6685,961.7103,68437,82784,Rhinolophus ferrumequinum,0.022,0.022,-1,Echolocation,/mnt/ubna_data_02_mir/recover-20220922/UBNA_001/20220921_090000.WAV,Telephone Field,recover-20220922,001,1795
961.6875,961.6959,28046,38188,Eptesicus serotinus,0.008,0.023,-1,Echolocation,/mnt/ubna_data_02_mir/recover-20220922/UBNA_001/20220921_090000.WAV,Telephone Field,recover-20220922,001,1795
961.7255,961.7634,68437,81815,Rhinolophus ferrumequinum,0.028,0.028,-1,Echolocation,/mnt/ubna_data_02_mir/recover-20220922/UBNA_001/20220921_090000.WAV,Telephone Field,recover-20220922,001,1795
961.7335,961.7428,27187,36279,Eptesicus serotinus,0.009,0.023,-1,Echolocation,/mnt/ubna_data_02_mir/recover-20220922/UBNA_001/20220921_090000.WAV,Telephone Field,recover-20220922,001,1795
961.7525,961.794,68437,83020,Rhinolophus ferrumequinum,0.025,0.025,-1,Echolocation,/mnt/ubna_data_02_mir/recover-20220922/UBNA_001/20220921_090000.WAV,Telephone Field,recover-20220922,001,1795
961.7565,961.7649,28046,41120,Eptesicus serotinus,0.008,0.024,-1,Echolocation,/mnt/ubna_data_02_mir/recover-20220922/UBNA_001/20220921_090000.WAV,Telephone Field,recover-20220922,001,1795
961.7715,961.81,68437,81786,Rhinolophus ferrumequinum,0.023,0.023,-1,Echolocation,/mnt/ubna_data_02_mir/recover-20220922/UBNA_001/20220921_090000.WAV,Telephone Field,recover-20220922,001,1795
961.7875,961.7974,27187,36879,Eptesicus serotinus,0.009,0.022,-1,Echolocation,/mnt/ubna_data_02_mir/recover-20220922/UBNA_001/20220921_090000.WAV,Telephone Field,recover-20220922,001,1795
961.7995,961.8101,23750,28213,Nyctalus leisleri,0.012,0.025,-1,Echolocation,/mnt/ubna_data_02_mir/recover-20220922/UBNA_001/20220921_090000.WAV,Telephone Field,recover-20220922,001,1795
961.8105,961.8461,68437,80983,Rhinolophus ferrumequinum,0.023,0.023,-1,Echolocation,/mnt/ubna_data_02_mir/recover-20220922/UBNA_001/20220921_090000.WAV,Telephone Field,recover-20220922,001,1795
961.8455,961.8851,68437,81607,Rhinolophus ferrumequinum,0.024,0.024,-1,Echolocation,/mnt/ubna_data_02_mir/recover-20220922/UBNA_001/20220921_090000.WAV,Telephone Field,recover-20220922,001,1795
961.8655,961.8757,22890,27770,Nyctalus leisleri,0.011,0.022,-1,Echolocation,/mnt/ubna_data_02_mir/recover-20220922/UBNA_001/20220921_090000.WAV,Telephone Field,recover-20220922,001,1795
961.8785,961.9165,68437,81642,Rhinolophus ferrumequinum,0.022,0.022,-1,Echolocation,/mnt/ubna_data_02_mir/recover-20220922/UBNA_001/20220921_090000.WAV,Telephone Field,recover-20220922,001,1795
961.8985,961.9066,28046,38017,Eptesicus serotinus,0.008,0.024,-1,Echolocation,/mnt/ubna_data_02_mir/recover-20220922/UBNA_001/20220921_090000.WAV,Telephone Field,recover-20220922,001,1795
961.8995,961.9386,68437,81988,Rhinolophus ferrumequinum,0.024,0.024,-1,Echolocation,/mnt/ubna_data_02_mir/recover-20220922/UBNA_001/20220921_090000.WAV,Telephone Field,recover-20220922,001,1795
961.9145,961.9529,68437,81916,Rhinolophus ferrumequinum,0.021,0.022,-1,Echolocation,/mnt/ubna_data_02_mir/recover-20220922/UBNA_001/20220921_090000.WAV,Telephone Field,recover-20220922,001,1795
961.9255,961.9468,19453,22172,Nyctalus leisleri,0.011,0.023,-1,Echolocation,/mnt/ubna_data_02_mir/recover-20220922/UBNA_001/20220921_090000.WAV,Telephone Field,recover-20220922,001,1795
962.0015,962.0095,47812,57139,Pipistrellus pipistrellus,0.015,0.021,-1,Echolocation,/mnt/ubna_data_02_mir/recover-20220922/UBNA_001/20220921_090000.WAV,Telephone Field,recover-20220922,001,1795
962.0015,962.0385,68437,80876,Rhinolophus ferrumequinum,0.079,0.079,-1,Echolocation,/mnt/ubna_data_02_mir/recover-20220922/UBNA_001/20220921_090000.WAV,Telephone Field,recover-20220922,001,1795
962.0015,962.0094,22890,33170,Plecotus austriacus,0.008,0.027,-1,Echolocation,/mnt/ubna_data_02_mir/recover-20220922/UBNA_001/20220921_090000.WAV,Telephone Field,recover-20220922,001,1795
962.0435,962.085,68437,82547,Rhinolophus ferrumequinum,0.032,0.032,-1,Echolocation,/mnt/ubna_data_02_mir/recover-20220922/UBNA_001/20220921_090000.WAV,Telephone Field,recover-20220922,001,1795
962.0445,962.054,23750,30860,Nyctalus leisleri,0.007,0.022,-1,Echolocation,/mnt/ubna_data_02_mir/recover-20220922/UBNA_001/20220921_090000.WAV,Telephone Field,recover-20220922,001,1795
962.0645,962.1027,68437,82253,Rhinolophus ferrumequinum,0.023,0.023,-1,Echolocation,/mnt/ubna_data_02_mir/recover-20220922/UBNA_001/20220921_090000.WAV,Telephone Field,recover-20220922,001,1795
962.0805,962.1163,68437,80435,Rhinolophus ferrumequinum,0.022,0.022,-1,Echolocation,/mnt/ubna_data_02_mir/recover-20220922/UBNA_001/20220921_090000.WAV,Telephone Field,recover-20220922,001,1795
962.1025,962.1363,68437,81659,Rhinolophus ferrumequinum,0.022,0.022,-1,Echolocation,/mnt/ubna_data_02_mir/recover-20220922/UBNA_001/20220921_090000.WAV,Telephone Field,recover-20220922,001,1795
962.1175,962.1538,68437,81434,Rhinolophus ferrumequinum,0.023,0.023,-1,Echolocation,/mnt/ubna_data_02_mir/recover-20220922/UBNA_001/20220921_090000.WAV,Telephone Field,recover-20220922,001,1795
962.1415,962.1801,68437,81990,Rhinolophus ferrumequinum,0.023,0.023,-1,Echolocation,/mnt/ubna_data_02_mir/recover-20220922/UBNA_001/20220921_090000.WAV,Telephone Field,recover-20220922,001,1795
962.1865,962.2209,68437,80779,Rhinolophus ferrumequinum,0.027,0.028,-1,Echolocation,/mnt/ubna_data_02_mir/recover-20220922/UBNA_001/20220921_090000.WAV,Telephone Field,recover-20220922,001,1795
962.1945,962.2012,28046,42662,Eptesicus serotinus,0.006,0.024,-1,Echolocation,/mnt/ubna_data_02_mir/recover-20220922/UBNA_001/20220921_090000.WAV,Telephone Field,recover-20220922,001,1795
962.1965,962.2069,22890,28783,Nyctalus leisleri,0.014,0.031,-1,Echolocation,/mnt/ubna_data_02_mir/recover-20220922/UBNA_001/20220921_090000.WAV,Telephone Field,recover-20220922,001,1795
962.2015,962.24,68437,82055,Rhinolophus ferrumequinum,0.029,0.029,-1,Echolocation,/mnt/ubna_data_02_mir/recover-20220922/UBNA_001/20220921_090000.WAV,Telephone Field,recover-20220922,001,1795
962.2385,962.2471,27187,39570,Eptesicus serotinus,0.009,0.024,-1,Echolocation,/mnt/ubna_data_02_mir/recover-20220922/UBNA_001/20220921_090000.WAV,Telephone Field,recover-20220922,001,1795
962.2385,962.2497,41796,44559,Pipistrellus pipistrellus,0.024,0.036,-1,Echolocation,/mnt/ubna_data_02_mir/recover-20220922/UBNA_001/20220921_090000.WAV,Telephone Field,recover-20220922,001,1795
962.2595,962.2679,27187,36528,Eptesicus serotinus,0.012,0.026,-1,Echolocation,/mnt/ubna_data_02_mir/recover-20220922/UBNA_001/20220921_090000.WAV,Telephone Field,recover-20220922,001,1795
962.2685,962.3086,68437,82779,Rhinolophus ferrumequinum,0.031,0.031,-1,Echolocation,/mnt/ubna_data_02_mir/recover-20220922/UBNA_001/20220921_090000.WAV,Telephone Field,recover-20220922,001,1795
962.2905,962.2985,28046,41216,Eptesicus serotinus,0.008,0.022,-1,Echolocation,/mnt/ubna_data_02_mir/recover-20220922/UBNA_001/20220921_090000.WAV,Telephone Field,recover-20220922,001,1795
962.3105,962.349,68437,81447,Rhinolophus ferrumequinum,0.022,0.022,-1,Echolocation,/mnt/ubna_data_02_mir/recover-20220922/UBNA_001/20220921_090000.WAV,Telephone Field,recover-20220922,001,1795
962.3385,962.3452,50390,54868,Pipistrellus pipistrellus,0.021,0.023,-1,Echolocation,/mnt/ubna_data_02_mir/recover-20220922/UBNA_001/20220921_090000.WAV,Telephone Field,recover-20220922,001,1795
962.3405,962.3766,68437,81675,Rhinolophus ferrumequinum,0.021,0.021,-1,Echolocation,/mnt/ubna_data_02_mir/recover-20220922/UBNA_001/20220921_090000.WAV,Telephone Field,recover-20220922,001,1795
962.3755,962.3855,45234,47807,Pipistrellus pipistrellus,0.021,0.023,-1,Echolocation,/mnt/ubna_data_02_mir/recover-20220922/UBNA_001/20220921_090000.WAV,Telephone Field,recover-20220922,001,1795
962.3765,962.4158,68437,82441,Rhinolophus ferrumequinum,0.023,0.023,-1,Echolocation,/mnt/ubna_data_02_mir/recover-20220922/UBNA_001/20220921_090000.WAV,Telephone Field,recover-20220922,001,1795
962.3885,962.4237,68437,81374,Rhinolophus ferrumequinum,0.024,0.025,-1,Echolocation,/mnt/ubna_data_02_mir/recover-20220922/UBNA_001/20220921_090000.WAV,Telephone Field,recover-20220922,001,1795
962.3995,962.4073,25468,34648,Eptesicus serotinus,0.008,0.022,-1,Echolocation,/mnt/ubna_data_02_mir/recover-20220922/UBNA_001/20220921_090000.WAV,Telephone Field,recover-20220922,001,1795
962.4835,962.5248,68437,82693,Rhinolophus ferrumequinum,0.022,0.022,-1,Echolocation,/mnt/ubna_data_02_mir/recover-20220922/UBNA_001/20220921_090000.WAV,Telephone Field,recover-20220922,001,1795
962.4885,962.5281,68437,82612,Rhinolophus ferrumequinum,0.023,0.023,-1,Echolocation,/mnt/ubna_data_02_mir/recover-20220922/UBNA_001/20220921_090000.WAV,Telephone Field,recover-20220922,001,1795
962.5285,962.5697,68437,82416,Rhinolophus ferrumequinum,0.026,0.026,-1,Echolocation,/mnt/ubna_data_02_mir/recover-20220922/UBNA_001/20220921_090000.WAV,Telephone Field,recover-20220922,001,1795
962.5305,962.5383,23750,32187,Plecotus austriacus,0.008,0.027,-1,Echolocation,/mnt/ubna_data_02_mir/recover-20220922/UBNA_001/20220921_090000.WAV,Telephone Field,recover-20220922,001,1795
962.5365,962.5759,68437,82702,Rhinolophus ferrumequinum,0.024,0.024,-1,Echolocation,/mnt/ubna_data_02_mir/recover-20220922/UBNA_001/20220921_090000.WAV,Telephone Field,recover-20220922,001,1795
962.5365,962.5449,48671,53488,Pipistrellus pipistrellus,0.02,0.022,-1,Echolocation,/mnt/ubna_data_02_mir/recover-20220922/UBNA_001/20220921_090000.WAV,Telephone Field,recover-20220922,001,1795
962.5775,962.5859,23750,31121,Plecotus austriacus,0.007,0.021,-1,Echolocation,/mnt/ubna_data_02_mir/recover-20220922/UBNA_001/20220921_090000.WAV,Telephone Field,recover-20220922,001,1795
962.5965,962.6355,68437,81831,Rhinolophus ferrumequinum,0.026,0.026,-1,Echolocation,/mnt/ubna_data_02_mir/recover-20220922/UBNA_001/20220921_090000.WAV,Telephone Field,recover-20220922,001,1795
962.6195,962.6267,28046,39559,Eptesicus serotinus,0.006,0.022,-1,Echolocation,/mnt/ubna_data_02_mir/recover-20220922/UBNA_001/20220921_090000.WAV,Telephone Field,recover-20220922,001,1795
962.6695,962.7095,68437,82686,Rhinolophus ferrumequinum,0.025,0.025,-1,Echolocation,/mnt/ubna_data_02_mir/recover-20220922/UBNA_001/20220921_090000.WAV,Telephone Field,recover-20220922,001,1795
962.7895,962.8297,68437,82308,Rhinolophus ferrumequinum,0.034,0.034,-1,Echolocation,/mnt/ubna_data_02_mir/recover-20220922/UBNA_001/20220921_090000.WAV,Telephone Field,recover-20220922,001,1795
962.8165,962.8231,23750,32968,Plecotus austriacus,0.01,0.025,-1,Echolocation,/mnt/ubna_data_02_mir/recover-20220922/UBNA_001/20220921_090000.WAV,Telephone Field,recover-20220922,001,1795
962.8315,962.8413,27187,36576,Eptesicus serotinus,0.011,0.023,-1,Echolocation,/mnt/ubna_data_02_mir/recover-20220922/UBNA_001/20220921_090000.WAV,Telephone Field,recover-20220922,001,1795
962.8395,962.8803,68437,82351,Rhinolophus ferrumequinum,0.024,0.024,-1,Echolocation,/mnt/ubna_data_02_mir/recover-20220922/UBNA_001/20220921_090000.WAV,Telephone Field,recover-20220922,001,1795
962.8435,962.8545,27187,33476,Eptesicus serotinus,0.035,0.061,-1,Echolocation,/mnt/ubna_data_02_mir/recover-20220922/UBNA_001/20220921_090000.WAV,Telephone Field,recover-20220922,001,1795
962.8535,962.8931,68437,82344,Rhinolophus ferrumequinum,0.023,0.023,-1,Echolocation,/mnt/ubna_data_02_mir/recover-20220922/UBNA_001/20220921_090000.WAV,Telephone Field,recover-20220922,001,1795
962.8535,962.8638,43515,51360,Pipistrellus pipistrellus,0.018,0.026,-1,Echolocation,/mnt/ubna_data_02_mir/recover-20220922/UBNA_001/20220921_090000.WAV,Telephone Field,recover-20220922,001,1795
962.9175,962.9572,68437,83065,Rhinolophus ferrumequinum,0.023,0.023,-1,Echolocation,/mnt/ubna_data_02_mir/recover-20220922/UBNA_001/20220921_090000.WAV,Telephone Field,recover-20220922,001,1795
962.9515,962.9908,68437,82386,Rhinolophus ferrumequinum,0.026,0.026,-1,Echolocation,/mnt/ubna_data_02_mir/recover-20220922/UBNA_001/20220921_090000.WAV,Telephone Field,recover-20220922,001,1795
962.9725,963.0111,68437,82339,Rhinolophus ferrumequinum,0.034,0.034,-1,Echolocation,/mnt/ubna_data_02_mir/recover-20220922/UBNA_001/20220921_090000.WAV,Telephone Field,recover-20220922,001,1795
963.0385,963.0458,28046,40171,Eptesicus serotinus,0.008,0.024,-1,Echolocation,/mnt/ubna_data_02_mir/recover-20220922/UBNA_001/20220921_090000.WAV,Telephone Field,recover-20220922,001,1795
963.0525,963.092,68437,81649,Rhinolophus ferrumequinum,0.025,0.025,-1,Echolocation,/mnt/ubna_data_02_mir/recover-20220922/UBNA_001/20220921_090000.WAV,Telephone Field,recover-20220922,001,1795
963.0605,963.0977,68437,81093,Rhinolophus ferrumequinum,0.024,0.024,-1,Echolocation,/mnt/ubna_data_02_mir/recover-20220922/UBNA_001/20220921_090000.WAV,Telephone Field,recover-20220922,001,1795
963.0835,963.1233,68437,82476,Rhinolophus ferrumequinum,0.021,0.021,-1,Echolocation,/mnt/ubna_data_02_mir/recover-20220922/UBNA_001/20220921_090000.WAV,Telephone Field,recover-20220922,001,1795
963.0855,963.0961,22031,27613,Nyctalus leisleri,0.013,0.039,-1,Echolocation,/mnt/ubna_data_02_mir/recover-20220922/UBNA_001/20220921_090000.WAV,Telephone Field,recover-20220922,001,1795
963.0935,963.1351,68437,82555,Rhinolophus ferrumequinum,0.025,0.025,-1,Echolocation,/mnt/ubna_data_02_mir/recover-20220922/UBNA_001/20220921_090000.WAV,Telephone Field,recover-20220922,001,1795
963.1265,963.1341,28046,41028,Eptesicus serotinus,0.007,0.022,-1,Echolocation,/mnt/ubna_data_02_mir/recover-20220922/UBNA_001/20220921_090000.WAV,Telephone Field,recover-20220922,001,1795
963.1565,963.1644,28046,40074,Eptesicus serotinus,0.009,0.024,-1,Echolocation,/mnt/ubna_data_02_mir/recover-20220922/UBNA_001/20220921_090000.WAV,Telephone Field,recover-20220922,001,1795
963.1745,963.1819,26328,39609,Eptesicus serotinus,0.006,0.023,-1,Echolocation,/mnt/ubna_data_02_mir/recover-20220922/UBNA_001/20220921_090000.WAV,Telephone Field,recover-20220922,001,1795
963.1845,963.1941,32343,41974,Myotis daubentonii,0.006,0.021,-1,Echolocation,/mnt/ubna_data_02_mir/recover-20220922/UBNA_001/20220921_090000.WAV,Telephone Field,recover-20220922,001,1795
963.2145,963.2577,68437,82997,Rhinolophus ferrumequinum,0.026,0.026,-1,Echolocation,/mnt/ubna_data_02_mir/recover-20220922/UBNA_001/20220921_090000.WAV,Telephone Field,recover-20220922,001,1795
963.2185,963.2247,28046,41591,Eptesicus serotinus,0.007,0.026,-1,Echolocation,/mnt/ubna_data_02_mir/recover-20220922/UBNA_001/20220921_090000.WAV,Telephone Field,recover-20220922,001,1795
963.2195,963.2289,22890,29350,Nyctalus leisleri,0.009,0.024,-1,Echolocation,/mnt/ubna_data_02_mir/recover-20220922/UBNA_001/20220921_090000.WAV,Telephone Field,recover-20220922,001,1795
963.2395,963.2755,68437,81665,Rhinolophus ferrumequinum,0.029,0.029,-1,Echolocation,/mnt/ubna_data_02_mir/recover-20220922/UBNA_001/20220921_090000.WAV,Telephone Field,recover-20220922,001,1795
963.2415,963.248,28046,41178,Eptesicus serotinus,0.006,0.023,-1,Echolocation,/mnt/ubna_data_02_mir/recover-20220922/UBNA_001/20220921_090000.WAV,Telephone Field,recover-20220922,001,1795
963.2455,963.2821,68437,81556,Rhinolophus ferrumequinum,0.023,0.023,-1,Echolocation,/mnt/ubna_data_02_mir/recover-20220922/UBNA_001/20220921_090000.WAV,Telephone Field,recover-20220922,001,1795
963.2715,963.281,23750,30358,Nyctalus leisleri,0.008,0.023,-1,Echolocation,/mnt/ubna_data_02_mir/recover-20220922/UBNA_001/20220921_090000.WAV,Telephone Field,recover-20220922,001,1795
963.2865,963.3215,68437,81212,Rhinolophus ferrumequinum,0.025,0.025,-1,Echolocation,/mnt/ubna_data_02_mir/recover-20220922/UBNA_001/20220921_090000.WAV,Telephone Field,recover-20220922,001,1795
963.3015,963.3091,28046,45003,Eptesicus serotinus,0.008,0.021,-1,Echolocation,/mnt/ubna_data_02_mir/recover-20220922/UBNA_001/20220921_090000.WAV,Telephone Field,recover-20220922,001,1795
963.3045,963.3424,68437,82289,Rhinolophus ferrumequinum,0.022,0.022,-1,Echolocation,/mnt/ubna_data_02_mir/recover-20220922/UBNA_001/20220921_090000.WAV,Telephone Field,recover-20220922,001,1795
963.3145,963.3249,23750,29071,Nyctalus leisleri,0.01,0.022,-1,Echolocation,/mnt/ubna_data_02_mir/recover-20220922/UBNA_001/20220921_090000.WAV,Telephone Field,recover-20220922,001,1795
963.3265,963.3626,68437,81990,Rhinolophus ferrumequinum,0.021,0.021,-1,Echolocation,/mnt/ubna_data_02_mir/recover-20220922/UBNA_001/20220921_090000.WAV,Telephone Field,recover-20220922,001,1795
963.3715,963.4092,68437,81698,Rhinolophus ferrumequinum,0.022,0.022,-1,Echolocation,/mnt/ubna_data_02_mir/recover-20220922/UBNA_001/20220921_090000.WAV,Telephone Field,recover-20220922,001,1795
963.4075,963.4461,68437,82913,Rhinolophus ferrumequinum,0.023,0.023,-1,Echolocation,/mnt/ubna_data_02_mir/recover-20220922/UBNA_001/20220921_090000.WAV,Telephone Field,recover-20220922,001,1795
963.4125,963.4224,28046,36841,Eptesicus serotinus,0.009,0.022,-1,Echolocation,/mnt/ubna_data_02_mir/recover-20220922/UBNA_001/20220921_090000.WAV,Telephone Field,recover-20220922,001,1795
963.4425,963.4498,28046,40294,Eptesicus serotinus,0.007,0.021,-1,Echolocation,/mnt/ubna_data_02_mir/recover-20220922/UBNA_001/20220921_090000.WAV,Telephone Field,recover-20220922,001,1795
963.5105,963.5483,68437,81865,Rhinolophus ferrumequinum,0.024,0.024,-1,Echolocation,/mnt/ubna_data_02_mir/recover-20220922/UBNA_001/20220921_090000.WAV,Telephone Field,recover-20220922,001,1795
963.5205,963.5585,68437,81430,Rhinolophus ferrumequinum,0.025,0.025,-1,Echolocation,/mnt/ubna_data_02_mir/recover-20220922/UBNA_001/20220921_090000.WAV,Telephone Field,recover-20220922,001,1795
963.5205,963.5266,47812,53449,Pipistrellus pipistrellus,0.024,0.025,-1,Echolocation,/mnt/ubna_data_02_mir/recover-20220922/UBNA_001/20220921_090000.WAV,Telephone Field,recover-20220922,001,1795
963.5455,963.5814,68437,81196,Rhinolophus ferrumequinum,0.022,0.022,-1,Echolocation,/mnt/ubna_data_02_mir/recover-20220922/UBNA_001/20220921_090000.WAV,Telephone Field,recover-20220922,001,1795
963.5675,963.606,68437,81924,Rhinolophus ferrumequinum,0.03,0.03,-1,Echolocation,/mnt/ubna_data_02_mir/recover-20220922/UBNA_001/20220921_090000.WAV,Telephone Field,recover-20220922,001,1795
963.5725,963.5828,23750,30471,Eptesicus serotinus,0.008,0.022,-1,Echolocation,/mnt/ubna_data_02_mir/recover-20220922/UBNA_001/20220921_090000.WAV,Telephone Field,recover-20220922,001,1795
963.5865,963.5956,27187,38591,Eptesicus serotinus,0.01,0.023,-1,Echolocation,/mnt/ubna_data_02_mir/recover-20220922/UBNA_001/20220921_090000.WAV,Telephone Field,recover-20220922,001,1795
963.6065,963.6463,68437,82345,Rhinolophus ferrumequinum,0.024,0.024,-1,Echolocation,/mnt/ubna_data_02_mir/recover-20220922/UBNA_001/20220921_090000.WAV,Telephone Field,recover-20220922,001,1795
963.6155,963.6552,68437,82391,Rhinolophus ferrumequinum,0.025,0.025,-1,Echolocation,/mnt/ubna_data_02_mir/recover-20220922/UBNA_001/20220921_090000.WAV,Telephone Field,recover-20220922,001,1795
963.6255,963.6656,68437,82142,Rhinolophus ferrumequinum,0.024,0.024,-1,Echolocation,/mnt/ubna_data_02_mir/recover-20220922/UBNA_001/20220921_090000.WAV,Telephone Field,recover-20220922,001,1795
963.6335,963.6419,28046,40081,Eptesicus serotinus,0.009,0.024,-1,Echolocation,/mnt/ubna_data_02_mir/recover-20220922/UBNA_001/20220921_090000.WAV,Telephone Field,recover-20220922,001,1795
963.6485,963.6854,68437,81616,Rhinolophus ferrumequinum,0.026,0.026,-1,Echolocation,/mnt/ubna_data_02_mir/recover-20220922/UBNA_001/20220921_090000.WAV,Telephone Field,recover-20220922,001,1795
963.7175,963.7549,68437,82252,Rhinolophus ferrumequinum,0.024,0.024,-1,Echolocation,/mnt/ubna_data_02_mir/recover-20220922/UBNA_001/20220921_090000.WAV,Telephone Field,recover-20220922,001,1795
963.7515,963.7592,14296,27789,Plecotus auritus,0.024,0.031,-1,Echolocation,/mnt/ubna_data_02_mir/recover-20220922/UBNA_001/20220921_090000.WAV,Telephone Field,recover-20220922,001,1795
963.7755,963.8102,68437,81115,Rhinolophus ferrumequinum,0.032,0.032,-1,Echolocation,/mnt/ubna_data_02_mir/recover-20220922/UBNA_001/20220921_090000.WAV,Telephone Field,recover-20220922,001,1795
963.7825,963.7888,24609,34945,Plecotus austriacus,0.014,0.034,-1,Echolocation,/mnt/ubna_data_02_mir/recover-20220922/UBNA_001/20220921_090000.WAV,Telephone Field,recover-20220922,001,1795
963.7975,963.8068,24609,32350,Eptesicus serotinus,0.009,0.023,-1,Echolocation,/mnt/ubna_data_02_mir/recover-20220922/UBNA_001/20220921_090000.WAV,Telephone Field,recover-20220922,001,1795
963.8145,963.8513,68437,81272,Rhinolophus ferrumequinum,0.022,0.022,-1,Echolocation,/mnt/ubna_data_02_mir/recover-20220922/UBNA_001/20220921_090000.WAV,Telephone Field,recover-20220922,001,1795
963.8375,963.8728,68437,81385,Rhinolophus ferrumequinum,0.022,0.022,-1,Echolocation,/mnt/ubna_data_02_mir/recover-20220922/UBNA_001/20220921_090000.WAV,Telephone Field,recover-20220922,001,1795
963.8835,963.9252,68437,82970,Rhinolophus ferrumequinum,0.025,0.025,-1,Echolocation,/mnt/ubna_data_02_mir/recover-20220922/UBNA_001/20220921_090000.WAV,Telephone Field,recover-20220922,001,1795
963.8935,963.9352,68437,82950,Rhinolophus ferrumequinum,0.026,0.026,-1,Echolocation,/mnt/ubna_data_02_mir/recover-20220922/UBNA_001/20220921_090000.WAV,Telephone Field,recover-20220922,001,1795
963.8995,963.9091,53828,57729,Pipistrellus pygmaeus,0.021,0.024,-1,Echolocation,/mnt/ubna_data_02_mir/recover-20220922/UBNA_001/20220921_090000.WAV,Telephone Field,recover-20220922,001,1795
963.9115,963.9485,68437,82290,Rhinolophus ferrumequinum,0.022,0.022,-1,Echolocation,/mnt/ubna_data_02_mir/recover-20220922/UBNA_001/20220921_090000.WAV,Telephone Field,recover-20220922,001,1795
963.9215,963.9326,15156,23989,Nyctalus noctula,0.014,0.024,-1,Echolocation,/mnt/ubna_data_02_mir/recover-20220922/UBNA_001/20220921_090000.WAV,Telephone Field,recover-20220922,001,1795
963.9245,963.9318,24609,34059,Plecotus austriacus,0.009,0.03,-1,Echolocation,/mnt/ubna_data_02_mir/recover-20220922/UBNA_001/20220921_090000.WAV,Telephone Field,recover-20220922,001,1795
963.9595,963.9724,22890,27947,Nyctalus leisleri,0.018,0.04,-1,Echolocation,/mnt/ubna_data_02_mir/recover-20220922/UBNA_001/20220921_090000.WAV,Telephone Field,recover-20220922,001,1795
963.9855,963.9963,22890,30040,Nyctalus leisleri,0.008,0.021,-1,Echolocation,/mnt/ubna_data_02_mir/recover-20220922/UBNA_001/20220921_090000.WAV,Telephone Field,recover-20220922,001,1795
964.0015,964.0102,26328,35969,Nyctalus leisleri,0.008,0.027,-1,Echolocation,/mnt/ubna_data_02_mir/recover-20220922/UBNA_001/20220921_090000.WAV,Telephone Field,recover-20220922,001,1795
964.0015,964.033,69296,81742,Rhinolophus ferrumequinum,0.025,0.026,-1,Echolocation,/mnt/ubna_data_02_mir/recover-20220922/UBNA_001/20220921_090000.WAV,Telephone Field,recover-20220922,001,1795
964.0085,964.0153,27187,41094,Myotis daubentonii,0.009,0.03,-1,Echolocation,/mnt/ubna_data_02_mir/recover-20220922/UBNA_001/20220921_090000.WAV,Telephone Field,recover-20220922,001,1795
964.0405,964.0801,68437,81314,Rhinolophus ferrumequinum,0.027,0.027,-1,Echolocation,/mnt/ubna_data_02_mir/recover-20220922/UBNA_001/20220921_090000.WAV,Telephone Field,recover-20220922,001,1795
964.0655,964.106,68437,82601,Rhinolophus ferrumequinum,0.026,0.026,-1,Echolocation,/mnt/ubna_data_02_mir/recover-20220922/UBNA_001/20220921_090000.WAV,Telephone Field,recover-20220922,001,1795
964.0735,964.1138,68437,82538,Rhinolophus ferrumequinum,0.025,0.025,-1,Echolocation,/mnt/ubna_data_02_mir/recover-20220922/UBNA_001/20220921_090000.WAV,Telephone Field,recover-20220922,001,1795
964.0905,964.1013,22031,26922,Nyctalus leisleri,0.011,0.023,-1,Echolocation,/mnt/ubna_data_02_mir/recover-20220922/UBNA_001/20220921_090000.WAV,Telephone Field,recover-20220922,001,1795
964.0935,964.1013,28046,39743,Eptesicus serotinus,0.008,0.026,-1,Echolocation,/mnt/ubna_data_02_mir/recover-20220922/UBNA_001/20220921_090000.WAV,Telephone Field,recover-20220922,001,1795
964.1535,964.1948,68437,82404,Rhinolophus ferrumequinum,0.026,0.026,-1,Echolocation,/mnt/ubna_data_02_mir/recover-20220922/UBNA_001/20220921_090000.WAV,Telephone Field,recover-20220922,001,1795
964.1775,964.2173,68437,82440,Rhinolophus ferrumequinum,0.022,0.022,-1,Echolocation,/mnt/ubna_data_02_mir/recover-20220922/UBNA_001/20220921_090000.WAV,Telephone Field,recover-20220922,001,1795
964.1795,964.1867,28046,36989,Eptesicus serotinus,0.008,0.025,-1,Echolocation,/mnt/ubna_data_02_mir/recover-20220922/UBNA_001/20220921_090000.WAV,Telephone Field,recover-20220922,001,1795
964.2135,964.2539,68437,82504,Rhinolophus ferrumequinum,0.031,0.031,-1,Echolocation,/mnt/ubna_data_02_mir/recover-20220922/UBNA_001/20220921_090000.WAV,Telephone Field,recover-20220922,001,1795
964.2285,964.2353,51250,57108,Pipistrellus pipistrellus,0.03,0.033,-1,Echolocation,/mnt/ubna_data_02_mir/recover-20220922/UBNA_001/20220921_090000.WAV,Telephone Field,recover-20220922,001,1795
964.2475,964.2901,68437,82932,Rhinolophus ferrumequinum,0.055,0.055,-1,Echolocation,/mnt/ubna_data_02_mir/recover-20220922/UBNA_001/20220921_090000.WAV,Telephone Field,recover-20220922,001,1795
964.2865,964.327,68437,82405,Rhinolophus ferrumequinum,0.039,0.039,-1,Echolocation,/mnt/ubna_data_02_mir/recover-20220922/UBNA_001/20220921_090000.WAV,Telephone Field,recover-20220922,001,1795
964.3115,964.3541,68437,82675,Rhinolophus ferrumequinum,0.024,0.024,-1,Echolocation,/mnt/ubna_data_02_mir/recover-20220922/UBNA_001/20220921_090000.WAV,Telephone Field,recover-20220922,001,1795
964.3355,964.3755,68437,82730,Rhinolophus ferrumequinum,0.027,0.027,-1,Echolocation,/mnt/ubna_data_02_mir/recover-20220922/UBNA_001/20220921_090000.WAV,Telephone Field,recover-20220922,001,1795
964.3585,964.3665,28046,39732,Eptesicus serotinus,0.007,0.023,-1,Echolocation,/mnt/ubna_data_02_mir/recover-20220922/UBNA_001/20220921_090000.WAV,Telephone Field,recover-20220922,001,1795
964.3685,964.4109,68437,82990,Rhinolophus ferrumequinum,0.024,0.024,-1,Echolocation,/mnt/ubna_data_02_mir/recover-20220922/UBNA_001/20220921_090000.WAV,Telephone Field,recover-20220922,001,1795
964.3905,964.4309,68437,81951,Rhinolophus ferrumequinum,0.025,0.025,-1,Echolocation,/mnt/ubna_data_02_mir/recover-20220922/UBNA_001/20220921_090000.WAV,Telephone Field,recover-20220922,001,1795
964.4495,964.4589,24609,32471,Eptesicus serotinus,0.008,0.024,-1,Echolocation,/mnt/ubna_data_02_mir/recover-20220922/UBNA_001/20220921_090000.WAV,Telephone Field,recover-20220922,001,1795
964.4755,964.5123,68437,81838,Rhinolophus ferrumequinum,0.024,0.024,-1,Echolocation,/mnt/ubna_data_02_mir/recover-20220922/UBNA_001/20220921_090000.WAV,Telephone Field,recover-20220922,001,1795
964.4885,964.4989,23750,30539,Nyctalus leisleri,0.01,0.026,-1,Echolocation,/mnt/ubna_data_02_mir/recover-20220922/UBNA_001/20220921_090000.WAV,Telephone Field,recover-20220922,001,1795
964.5205,964.5311,28046,34671,Eptesicus serotinus,0.054,0.092,-1,Echolocation,/mnt/ubna_data_02_mir/recover-20220922/UBNA_001/20220921_090000.WAV,Telephone Field,recover-20220922,001,1795
964.5365,964.5748,68437,81808,Rhinolophus ferrumequinum,0.022,0.022,-1,Echolocation,/mnt/ubna_data_02_mir/recover-20220922/UBNA_001/20220921_090000.WAV,Telephone Field,recover-20220922,001,1795
964.5445,964.5849,68437,81925,Rhinolophus ferrumequinum,0.022,0.022,-1,Echolocation,/mnt/ubna_data_02_mir/recover-20220922/UBNA_001/20220921_090000.WAV,Telephone Field,recover-20220922,001,1795
964.5665,964.6052,68437,81748,Rhinolophus ferrumequinum,0.022,0.022,-1,Echolocation,/mnt/ubna_data_02_mir/recover-20220922/UBNA_001/20220921_090000.WAV,Telephone Field,recover-20220922,001,1795
964.6195,964.6618,68437,83594,Rhinolophus ferrumequinum,0.044,0.044,-1,Echolocation,/mnt/ubna_data_02_mir/recover-20220922/UBNA_001/20220921_090000.WAV,Telephone Field,recover-20220922,001,1795
964.6615,964.6971,68437,81497,Rhinolophus ferrumequinum,0.024,0.024,-1,Echolocation,/mnt/ubna_data_02_mir/recover-20220922/UBNA_001/20220921_090000.WAV,Telephone Field,recover-20220922,001,1795
964.6715,964.7078,68437,81779,Rhinolophus ferrumequinum,0.023,0.023,-1,Echolocation,/mnt/ubna_data_02_mir/recover-20220922/UBNA_001/20220921_090000.WAV,Telephone Field,recover-20220922,001,1795
964.6745,964.6811,33203,42521,Myotis daubentonii,0.011,0.029,-1,Echolocation,/mnt/ubna_data_02_mir/recover-20220922/UBNA_001/20220921_090000.WAV,Telephone Field,recover-20220922,001,1795
964.6825,964.7208,68437,81902,Rhinolophus ferrumequinum,0.022,0.022,-1,Echolocation,/mnt/ubna_data_02_mir/recover-20220922/UBNA_001/20220921_090000.WAV,Telephone Field,recover-20220922,001,1795
964.7135,964.7523,68437,81464,Rhinolophus ferrumequinum,0.027,0.027,-1,Echolocation,/mnt/ubna_data_02_mir/recover-20220922/UBNA_001/20220921_090000.WAV,Telephone Field,recover-20220922,001,1795
964.7145,964.725,23750,29969,Nyctalus leisleri,0.016,0.04,-1,Echolocation,/mnt/ubna_data_02_mir/recover-20220922/UBNA_001/20220921_090000.WAV,Telephone Field,recover-20220922,001,1795
964.7295,964.7367,48671,57458,Pipistrellus pipistrellus,0.027,0.03,-1,Echolocation,/mnt/ubna_data_02_mir/recover-20220922/UBNA_001/20220921_090000.WAV,Telephone Field,recover-20220922,001,1795
964.7375,964.779,68437,82582,Rhinolophus ferrumequinum,0.024,0.024,-1,Echolocation,/mnt/ubna_data_02_mir/recover-20220922/UBNA_001/20220921_090000.WAV,Telephone Field,recover-20220922,001,1795
964.7885,964.8259,68437,81666,Rhinolophus ferrumequinum,0.023,0.023,-1,Echolocation,/mnt/ubna_data_02_mir/recover-20220922/UBNA_001/20220921_090000.WAV,Telephone Field,recover-20220922,001,1795
964.7995,964.835,68437,80658,Rhinolophus ferrumequinum,0.023,0.023,-1,Echolocation,/mnt/ubna_data_02_mir/recover-20220922/UBNA_001/20220921_090000.WAV,Telephone Field,recover-20220922,001,1795
964.8125,964.8555,68437,82842,Rhinolophus ferrumequinum,0.044,0.044,-1,Echolocation,/mnt/ubna_data_02_mir/recover-20220922/UBNA_001/20220921_090000.WAV,Telephone Field,recover-20220922,001,1795
964.8635,964.9033,68437,81850,Rhinolophus ferrumequinum,0.025,0.025,-1,Echolocation,/mnt/ubna_data_02_mir/recover-20220922/UBNA_001/20220921_090000.WAV,Telephone Field,recover-20220922,001,1795
964.8835,964.9256,68437,82988,Rhinolophus ferrumequinum,0.049,0.049,-1,Echolocation,/mnt/ubna_data_02_mir/recover-20220922/UBNA_001/20220921_090000.WAV,Telephone Field,recover-20220922,001,1795
964.9165,964.959,68437,83273,Rhinolophus ferrumequinum,0.031,0.031,-1,Echolocation,/mnt/ubna_data_02_mir/recover-20220922/UBNA_001/20220921_090000.WAV,Telephone Field,recover-20220922,001,1795
964.9425,964.9495,30625,40198,Myotis daubentonii,0.011,0.023,-1,Echolocation,/mnt/ubna_data_02_mir/recover-20220922/UBNA_001/20220921_090000.WAV,Telephone Field,recover-20220922,001,1795
964.9475,964.9634,22031,25797,Nyctalus leisleri,0.026,0.042,-1,Echolocation,/mnt/ubna_data_02_mir/recover-20220922/UBNA_001/20220921_090000.WAV,Telephone Field,recover-20220922,001,1795
964.9995,965.0382,68437,82038,Rhinolophus ferrumequinum,0.022,0.022,-1,Echolocation,/mnt/ubna_data_02_mir/recover-20220922/UBNA_001/20220921_090000.WAV,Telephone Field,recover-20220922,001,1795
965.0105,965.0487,68437,81499,Rhinolophus ferrumequinum,0.023,0.023,-1,Echolocation,/mnt/ubna_data_02_mir/recover-20220922/UBNA_001/20220921_090000.WAV,Telephone Field,recover-20220922,001,1795
965.0145,965.0259,28906,35426,Eptesicus serotinus,0.011,0.024,-1,Echolocation,/mnt/ubna_data_02_mir/recover-20220922/UBNA_001/20220921_090000.WAV,Telephone Field,recover-20220922,001,1795
965.0195,965.0581,68437,81852,Rhinolophus ferrumequinum,0.022,0.022,-1,Echolocation,/mnt/ubna_data_02_mir/recover-20220922/UBNA_001/20220921_090000.WAV,Telephone Field,recover-20220922,001,1795
965.0295,965.0391,28906,38254,Eptesicus serotinus,0.01,0.026,-1,Echolocation,/mnt/ubna_data_02_mir/recover-20220922/UBNA_001/20220921_090000.WAV,Telephone Field,recover-20220922,001,1795
965.0515,965.094,68437,82596,Rhinolophus ferrumequinum,0.023,0.023,-1,Echolocation,/mnt/ubna_data_02_mir/recover-20220922/UBNA_001/20220921_090000.WAV,Telephone Field,recover-20220922,001,1795
965.0585,965.0658,50390,55261,Pipistrellus pipistrellus,0.039,0.043,-1,Echolocation,/mnt/ubna_data_02_mir/recover-20220922/UBNA_001/20220921_090000.WAV,Telephone Field,recover-20220922,001,1795
965.0945,965.1052,23750,29250,Nyctalus leisleri,0.011,0.022,-1,Echolocation,/mnt/ubna_data_02_mir/recover-20220922/UBNA_001/20220921_090000.WAV,Telephone Field,recover-20220922,001,1795
965.0985,965.1346,68437,81418,Rhinolophus ferrumequinum,0.023,0.023,-1,Echolocation,/mnt/ubna_data_02_mir/recover-20220922/UBNA_001/20220921_090000.WAV,Telephone Field,recover-20220922,001,1795
965.1125,965.1482,68437,81465,Rhinolophus ferrumequinum,0.025,0.025,-1,Echolocation,/mnt/ubna_data_02_mir/recover-20220922/UBNA_001/20220921_090000.WAV,Telephone Field,recover-20220922,001,1795
965.1395,965.1802,68437,82869,Rhinolophus ferrumequinum,0.029,0.029,-1,Echolocation,/mnt/ubna_data_02_mir/recover-20220922/UBNA_001/20220921_090000.WAV,Telephone Field,recover-20220922,001,1795
965.1475,965.1641,22031,26400,Nyctalus leisleri,0.02,0.036,-1,Echolocation,/mnt/ubna_data_02_mir/recover-20220922/UBNA_001/20220921_090000.WAV,Telephone Field,recover-20220922,001,1795
965.1705,965.2119,68437,83103,Rhinolophus ferrumequinum,0.036,0.036,-1,Echolocation,/mnt/ubna_data_02_mir/recover-20220922/UBNA_001/20220921_090000.WAV,Telephone Field,recover-20220922,001,1795
965.1795,965.2179,68437,81658,Rhinolophus ferrumequinum,0.024,0.025,-1,Echolocation,/mnt/ubna_data_02_mir/recover-20220922/UBNA_001/20220921_090000.WAV,Telephone Field,recover-20220922,001,1795
965.2085,965.2473,68437,82093,Rhinolophus ferrumequinum,0.027,0.027,-1,Echolocation,/mnt/ubna_data_02_mir/recover-20220922/UBNA_001/20220921_090000.WAV,Telephone Field,recover-20220922,001,1795
965.2155,965.2537,68437,82236,Rhinolophus ferrumequinum,0.026,0.026,-1,Echolocation,/mnt/ubna_data_02_mir/recover-20220922/UBNA_001/20220921_090000.WAV,Telephone Field,recover-20220922,001,1795
965.2235,965.2638,68437,82761,Rhinolophus ferrumequinum,0.029,0.029,-1,Echolocation,/mnt/ubna_data_02_mir/recover-20220922/UBNA_001/20220921_090000.WAV,Telephone Field,recover-20220922,001,1795
965.2475,965.2878,68437,82125,Rhinolophus ferrumequinum,0.023,0.023,-1,Echolocation,/mnt/ubna_data_02_mir/recover-20220922/UBNA_001/20220921_090000.WAV,Telephone Field,recover-20220922,001,1795
965.2665,965.2775,23750,30467,Nyctalus leisleri,0.016,0.038,-1,Echolocation,/mnt/ubna_data_02_mir/recover-20220922/UBNA_001/20220921_090000.WAV,Telephone Field,recover-20220922,001,1795
965.2795,965.3195,68437,82489,Rhinolophus ferrumequinum,0.031,0.031,-1,Echolocation,/mnt/ubna_data_02_mir/recover-20220922/UBNA_001/20220921_090000.WAV,Telephone Field,recover-20220922,001,1795
965.3135,965.3224,25468,33014,Eptesicus serotinus,0.01,0.032,-1,Echolocation,/mnt/ubna_data_02_mir/recover-20220922/UBNA_001/20220921_090000.WAV,Telephone Field,recover-20220922,001,1795
965.3345,965.3417,49531,56075,Pipistrellus pipistrellus,0.019,0.022,-1,Echolocation,/mnt/ubna_data_02_mir/recover-20220922/UBNA_001/20220921_090000.WAV,Telephone Field,recover-20220922,001,1795
965.3395,965.378,68437,81952,Rhinolophus ferrumequinum,0.022,0.023,-1,Echolocation,/mnt/ubna_data_02_mir/recover-20220922/UBNA_001/20220921_090000.WAV,Telephone Field,recover-20220922,001,1795
965.3745,965.4152,68437,83048,Rhinolophus ferrumequinum,0.028,0.028,-1,Echolocation,/mnt/ubna_data_02_mir/recover-20220922/UBNA_001/20220921_090000.WAV,Telephone Field,recover-20220922,001,1795
965.4135,965.4544,68437,82366,Rhinolophus ferrumequinum,0.022,0.022,-1,Echolocation,/mnt/ubna_data_02_mir/recover-20220922/UBNA_001/20220921_090000.WAV,Telephone Field,recover-20220922,001,1795
965.4505,965.4883,68437,81247,Rhinolophus ferrumequinum,0.025,0.025,-1,Echolocation,/mnt/ubna_data_02_mir/recover-20220922/UBNA_001/20220921_090000.WAV,Telephone Field,recover-20220922,001,1795
965.4745,965.4843,22890,29796,Nyctalus leisleri,0.007,0.022,-1,Echolocation,/mnt/ubna_data_02_mir/recover-20220922/UBNA_001/20220921_090000.WAV,Telephone Field,recover-20220922,001,1795
965.4785,965.5188,68437,82221,Rhinolophus ferrumequinum,0.022,0.022,-1,Echolocation,/mnt/ubna_data_02_mir/recover-20220922/UBNA_001/20220921_090000.WAV,Telephone Field,recover-20220922,001,1795
965.4905,965.4984,47812,52189,Pipistrellus pipistrellus,0.02,0.022,-1,Echolocation,/mnt/ubna_data_02_mir/recover-20220922/UBNA_001/20220921_090000.WAV,Telephone Field,recover-20220922,001,1795
965.5065,965.5198,54687,59152,Pipistrellus pygmaeus,0.029,0.032,-1,Echolocation,/mnt/ubna_data_02_mir/recover-20220922/UBNA_001/20220921_090000.WAV,Telephone Field,recover-20220922,001,1795
965.5125,965.5554,68437,83038,Rhinolophus ferrumequinum,0.047,0.047,-1,Echolocation,/mnt/ubna_data_02_mir/recover-20220922/UBNA_001/20220921_090000.WAV,Telephone Field,recover-20220922,001,1795
965.5425,965.5508,28046,38969,Eptesicus serotinus,0.01,0.026,-1,Echolocation,/mnt/ubna_data_02_mir/recover-20220922/UBNA_001/20220921_090000.WAV,Telephone Field,recover-20220922,001,1795
965.5455,965.5528,22890,31213,Plecotus austriacus,0.012,0.024,-1,Echolocation,/mnt/ubna_data_02_mir/recover-20220922/UBNA_001/20220921_090000.WAV,Telephone Field,recover-20220922,001,1795
965.5715,965.6102,68437,81904,Rhinolophus ferrumequinum,0.023,0.023,-1,Echolocation,/mnt/ubna_data_02_mir/recover-20220922/UBNA_001/20220921_090000.WAV,Telephone Field,recover-20220922,001,1795
965.5875,965.6264,68437,82021,Rhinolophus ferrumequinum,0.036,0.036,-1,Echolocation,/mnt/ubna_data_02_mir/recover-20220922/UBNA_001/20220921_090000.WAV,Telephone Field,recover-20220922,001,1795
965.5945,965.6029,27187,42125,Eptesicus serotinus,0.009,0.023,-1,Echolocation,/mnt/ubna_data_02_mir/recover-20220922/UBNA_001/20220921_090000.WAV,Telephone Field,recover-20220922,001,1795
965.6035,965.6398,68437,81433,Rhinolophus ferrumequinum,0.024,0.024,-1,Echolocation,/mnt/ubna_data_02_mir/recover-20220922/UBNA_001/20220921_090000.WAV,Telephone Field,recover-20220922,001,1795
965.6195,965.6263,27187,40118,Eptesicus serotinus,0.006,0.026,-1,Echolocation,/mnt/ubna_data_02_mir/recover-20220922/UBNA_001/20220921_090000.WAV,Telephone Field,recover-20220922,001,1795
965.6215,965.6653,68437,83213,Rhinolophus ferrumequinum,0.027,0.027,-1,Echolocation,/mnt/ubna_data_02_mir/recover-20220922/UBNA_001/20220921_090000.WAV,Telephone Field,recover-20220922,001,1795
965.6275,965.6706,68437,83136,Rhinolophus ferrumequinum,0.027,0.027,-1,Echolocation,/mnt/ubna_data_02_mir/recover-20220922/UBNA_001/20220921_090000.WAV,Telephone Field,recover-20220922,001,1795
965.6365,965.6775,68437,82689,Rhinolophus ferrumequinum,0.025,0.025,-1,Echolocation,/mnt/ubna_data_02_mir/recover-20220922/UBNA_001/20220921_090000.WAV,Telephone Field,recover-20220922,001,1795
965.6415,965.6506,28046,36659,Eptesicus serotinus,0.008,0.022,-1,Echolocation,/mnt/ubna_data_02_mir/recover-20220922/UBNA_001/20220921_090000.WAV,Telephone Field,recover-20220922,001,1795
965.6615,965.7008,68437,82121,Rhinolophus ferrumequinum,0.023,0.023,-1,Echolocation,/mnt/ubna_data_02_mir/recover-20220922/UBNA_001/20220921_090000.WAV,Telephone Field,recover-20220922,001,1795
965.6765,965.7159,68437,82414,Rhinolophus ferrumequinum,0.029,0.03,-1,Echolocation,/mnt/ubna_data_02_mir/recover-20220922/UBNA_001/20220921_090000.WAV,Telephone Field,recover-20220922,001,1795
965.7025,965.7381,68437,81408,Rhinolophus ferrumequinum,0.023,0.023,-1,Echolocation,/mnt/ubna_data_02_mir/recover-20220922/UBNA_001/20220921_090000.WAV,Telephone Field,recover-20220922,001,1795
965.7125,965.7501,68437,81541,Rhinolophus ferrumequinum,0.022,0.022,-1,Echolocation,/mnt/ubna_data_02_mir/recover-20220922/UBNA_001/20220921_090000.WAV,Telephone Field,recover-20220922,001,1795
965.7315,965.7762,68437,83233,Rhinolophus ferrumequinum,0.038,0.038,-1,Echolocation,/mnt/ubna_data_02_mir/recover-20220922/UBNA_001/20220921_090000.WAV,Telephone Field,recover-20220922,001,1795
965.7505,965.7881,68437,81361,Rhinolophus ferrumequinum,0.023,0.024,-1,Echolocation,/mnt/ubna_data_02_mir/recover-20220922/UBNA_001/20220921_090000.WAV,Telephone Field,recover-20220922,001,1795
965.7575,965.7651,33203,45508,Myotis daubentonii,0.008,0.022,-1,Echolocation,/mnt/ubna_data_02_mir/recover-20220922/UBNA_001/20220921_090000.WAV,Telephone Field,recover-20220922,001,1795
965.7785,965.823,68437,83761,Rhinolophus ferrumequinum,0.054,0.054,-1,Echolocation,/mnt/ubna_data_02_mir/recover-20220922/UBNA_001/20220921_090000.WAV,Telephone Field,recover-20220922,001,1795
965.8065,965.8466,68437,82548,Rhinolophus ferrumequinum,0.023,0.023,-1,Echolocation,/mnt/ubna_data_02_mir/recover-20220922/UBNA_001/20220921_090000.WAV,Telephone Field,recover-20220922,001,1795
965.8165,965.8575,68437,82446,Rhinolophus ferrumequinum,0.025,0.025,-1,Echolocation,/mnt/ubna_data_02_mir/recover-20220922/UBNA_001/20220921_090000.WAV,Telephone Field,recover-20220922,001,1795
965.8545,965.8925,68437,81590,Rhinolophus ferrumequinum,0.023,0.023,-1,Echolocation,/mnt/ubna_data_02_mir/recover-20220922/UBNA_001/20220921_090000.WAV,Telephone Field,recover-20220922,001,1795
965.8665,965.9044,68437,82055,Rhinolophus ferrumequinum,0.026,0.026,-1,Echolocation,/mnt/ubna_data_02_mir/recover-20220922/UBNA_001/20220921_090000.WAV,Telephone Field,recover-20220922,001,1795
965.8745,965.9161,68437,82181,Rhinolophus ferrumequinum,0.03,0.03,-1,Echolocation,/mnt/ubna_data_02_mir/recover-20220922/UBNA_001/20220921_090000.WAV,Telephone Field,recover-20220922,001,1795
965.8955,965.9351,68437,82058,Rhinolophus ferrumequinum,0.029,0.029,-1,Echolocation,/mnt/ubna_data_02_mir/recover-20220922/UBNA_001/20220921_090000.WAV,Telephone Field,recover-20220922,001,1795
965.9155,965.9251,49531,53278,Pipistrellus pipistrellus,0.022,0.025,-1,Echolocation,/mnt/ubna_data_02_mir/recover-20220922/UBNA_001/20220921_090000.WAV,Telephone Field,recover-20220922,001,1795
965.9185,965.9561,68437,81604,Rhinolophus ferrumequinum,0.022,0.022,-1,Echolocation,/mnt/ubna_data_02_mir/recover-20220922/UBNA_001/20220921_090000.WAV,Telephone Field,recover-20220922,001,1795
965.9185,965.9287,24609,31368,Nyctalus leisleri,0.009,0.022,-1,Echolocation,/mnt/ubna_data_02_mir/recover-20220922/UBNA_001/20220921_090000.WAV,Telephone Field,recover-20220922,001,1795
965.9345,965.9754,68437,82684,Rhinolophus ferrumequinum,0.029,0.029,-1,Echolocation,/mnt/ubna_data_02_mir/recover-20220922/UBNA_001/20220921_090000.WAV,Telephone Field,recover-20220922,001,1795
965.9485,965.9564,28046,38103,Eptesicus serotinus,0.01,0.025,-1,Echolocation,/mnt/ubna_data_02_mir/recover-20220922/UBNA_001/20220921_090000.WAV,Telephone Field,recover-20220922,001,1795
966.0015,966.0086,46953,51655,Pipistrellus pipistrellus,0.021,0.026,-1,Echolocation,/mnt/ubna_data_02_mir/recover-20220922/UBNA_001/20220921_090000.WAV,Telephone Field,recover-20220922,001,1795
966.0015,966.0094,26328,35477,Eptesicus serotinus,0.006,0.023,-1,Echolocation,/mnt/ubna_data_02_mir/recover-20220922/UBNA_001/20220921_090000.WAV,Telephone Field,recover-20220922,001,1795
966.0015,966.0313,68437,79840,Rhinolophus ferrumequinum,0.023,0.024,-1,Echolocation,/mnt/ubna_data_02_mir/recover-20220922/UBNA_001/20220921_090000.WAV,Telephone Field,recover-20220922,001,1795
966.0105,966.0533,68437,82419,Rhinolophus ferrumequinum,0.032,0.032,-1,Echolocation,/mnt/ubna_data_02_mir/recover-20220922/UBNA_001/20220921_090000.WAV,Telephone Field,recover-20220922,001,1795
966.0225,966.0369,27187,33381,Eptesicus serotinus,0.026,0.046,-1,Echolocation,/mnt/ubna_data_02_mir/recover-20220922/UBNA_001/20220921_090000.WAV,Telephone Field,recover-20220922,001,1795
966.0355,966.0765,68437,82493,Rhinolophus ferrumequinum,0.033,0.033,-1,Echolocation,/mnt/ubna_data_02_mir/recover-20220922/UBNA_001/20220921_090000.WAV,Telephone Field,recover-20220922,001,1795
966.0465,966.0835,68437,81739,Rhinolophus ferrumequinum,0.023,0.023,-1,Echolocation,/mnt/ubna_data_02_mir/recover-20220922/UBNA_001/20220921_090000.WAV,Telephone Field,recover-20220922,001,1795
966.0785,966.0863,45234,48671,Pipistrellus pipistrellus,0.021,0.023,-1,Echolocation,/mnt/ubna_data_02_mir/recover-20220922/UBNA_001/20220921_090000.WAV,Telephone Field,recover-20220922,001,1795
966.0805,966.121,68437,82184,Rhinolophus ferrumequinum,0.022,0.022,-1,Echolocation,/mnt/ubna_data_02_mir/recover-20220922/UBNA_001/20220921_090000.WAV,Telephone Field,recover-20220922,001,1795
966.1065,966.1484,68437,82612,Rhinolophus ferrumequinum,0.026,0.026,-1,Echolocation,/mnt/ubna_data_02_mir/recover-20220922/UBNA_001/20220921_090000.WAV,Telephone Field,recover-20220922,001,1795
966.1685,966.2067,68437,82224,Rhinolophus ferrumequinum,0.023,0.023,-1,Echolocation,/mnt/ubna_data_02_mir/recover-20220922/UBNA_001/20220921_090000.WAV,Telephone Field,recover-20220922,001,1795
966.1885,966.1999,57265,62700,Pipistrellus pygmaeus,0.023,0.024,-1,Echolocation,/mnt/ubna_data_02_mir/recover-20220922/UBNA_001/20220921_090000.WAV,Telephone Field,recover-20220922,001,1795
966.1935,966.2326,68437,81885,Rhinolophus ferrumequinum,0.03,0.03,-1,Echolocation,/mnt/ubna_data_02_mir/recover-20220922/UBNA_001/20220921_090000.WAV,Telephone Field,recover-20220922,001,1795
966.2195,966.2593,68437,82636,Rhinolophus ferrumequinum,0.028,0.028,-1,Echolocation,/mnt/ubna_data_02_mir/recover-20220922/UBNA_001/20220921_090000.WAV,Telephone Field,recover-20220922,001,1795
966.2795,966.3175,68437,81113,Rhinolophus ferrumequinum,0.032,0.032,-1,Echolocation,/mnt/ubna_data_02_mir/recover-20220922/UBNA_001/20220921_090000.WAV,Telephone Field,recover-20220922,001,1795
966.2955,966.3039,49531,54859,Pipistrellus pipistrellus,0.026,0.029,-1,Echolocation,/mnt/ubna_data_02_mir/recover-20220922/UBNA_001/20220921_090000.WAV,Telephone Field,recover-20220922,001,1795
966.2975,966.3358,68437,82429,Rhinolophus ferrumequinum,0.029,0.029,-1,Echolocation,/mnt/ubna_data_02_mir/recover-20220922/UBNA_001/20220921_090000.WAV,Telephone Field,recover-20220922,001,1795
966.3055,966.3216,51250,55350,Pipistrellus pygmaeus,0.014,0.027,-1,Echolocation,/mnt/ubna_data_02_mir/recover-20220922/UBNA_001/20220921_090000.WAV,Telephone Field,recover-20220922,001,1795
966.3105,966.3498,68437,81889,Rhinolophus ferrumequinum,0.026,0.026,-1,Echolocation,/mnt/ubna_data_02_mir/recover-20220922/UBNA_001/20220921_090000.WAV,Telephone Field,recover-20220922,001,1795
966.3255,966.3647,68437,82363,Rhinolophus ferrumequinum,0.023,0.023,-1,Echolocation,/mnt/ubna_data_02_mir/recover-20220922/UBNA_001/20220921_090000.WAV,Telephone Field,recover-20220922,001,1795
966.3605,966.3691,24609,32457,Plecotus austriacus,0.007,0.023,-1,Echolocation,/mnt/ubna_data_02_mir/recover-20220922/UBNA_001/20220921_090000.WAV,Telephone Field,recover-20220922,001,1795
966.3765,966.4143,68437,82517,Rhinolophus ferrumequinum,0.021,0.021,-1,Echolocation,/mnt/ubna_data_02_mir/recover-20220922/UBNA_001/20220921_090000.WAV,Telephone Field,recover-20220922,001,1795
966.3915,966.4008,23750,31641,Plecotus austriacus,0.006,0.022,-1,Echolocation,/mnt/ubna_data_02_mir/recover-20220922/UBNA_001/20220921_090000.WAV,Telephone Field,recover-20220922,001,1795
966.4165,966.4336,21171,24545,Nyctalus leisleri,0.014,0.025,-1,Echolocation,/mnt/ubna_data_02_mir/recover-20220922/UBNA_001/20220921_090000.WAV,Telephone Field,recover-20220922,001,1795
966.4195,966.4602,68437,82434,Rhinolophus ferrumequinum,0.029,0.029,-1,Echolocation,/mnt/ubna_data_02_mir/recover-20220922/UBNA_001/20220921_090000.WAV,Telephone Field,recover-20220922,001,1795
966.4225,966.4396,20312,23466,Nyctalus leisleri,0.015,0.026,-1,Echolocation,/mnt/ubna_data_02_mir/recover-20220922/UBNA_001/20220921_090000.WAV,Telephone Field,recover-20220922,001,1795
966.4275,966.4632,68437,81906,Rhinolophus ferrumequinum,0.023,0.023,-1,Echolocation,/mnt/ubna_data_02_mir/recover-20220922/UBNA_001/20220921_090000.WAV,Telephone Field,recover-20220922,001,1795
966.4395,966.4791,68437,81610,Rhinolophus ferrumequinum,0.021,0.021,-1,Echolocation,/mnt/ubna_data_02_mir/recover-20220922/UBNA_001/20220921_090000.WAV,Telephone Field,recover-20220922,001,1795
966.4805,966.5185,68437,81454,Rhinolophus ferrumequinum,0.021,0.021,-1,Echolocation,/mnt/ubna_data_02_mir/recover-20220922/UBNA_001/20220921_090000.WAV,Telephone Field,recover-20220922,001,1795
966.4905,966.529,68437,81454,Rhinolophus ferrumequinum,0.022,0.022,-1,Echolocation,/mnt/ubna_data_02_mir/recover-20220922/UBNA_001/20220921_090000.WAV,Telephone Field,recover-20220922,001,1795
966.5025,966.5102,46093,56587,Pipistrellus pipistrellus,0.017,0.034,-1,Echolocation,/mnt/ubna_data_02_mir/recover-20220922/UBNA_001/20220921_090000.WAV,Telephone Field,recover-20220922,001,1795
966.5115,966.5196,28046,40443,Eptesicus serotinus,0.008,0.022,-1,Echolocation,/mnt/ubna_data_02_mir/recover-20220922/UBNA_001/20220921_090000.WAV,Telephone Field,recover-20220922,001,1795
966.5265,966.5693,68437,82794,Rhinolophus ferrumequinum,0.026,0.026,-1,Echolocation,/mnt/ubna_data_02_mir/recover-20220922/UBNA_001/20220921_090000.WAV,Telephone Field,recover-20220922,001,1795
966.5545,966.5648,23750,29665,Nyctalus leisleri,0.009,0.022,-1,Echolocation,/mnt/ubna_data_02_mir/recover-20220922/UBNA_001/20220921_090000.WAV,Telephone Field,recover-20220922,001,1795
966.5705,966.5806,23750,29421,Nyctalus leisleri,0.011,0.025,-1,Echolocation,/mnt/ubna_data_02_mir/recover-20220922/UBNA_001/20220921_090000.WAV,Telephone Field,recover-20220922,001,1795
966.6145,966.6563,68437,82731,Rhinolophus ferrumequinum,0.023,0.023,-1,Echolocation,/mnt/ubna_data_02_mir/recover-20220922/UBNA_001/20220921_090000.WAV,Telephone Field,recover-20220922,001,1795
966.6575,966.6677999999999,23750,29879,Nyctalus leisleri,0.011,0.026,-1,Echolocation,/mnt/ubna_data_02_mir/recover-20220922/UBNA_001/20220921_090000.WAV,Telephone Field,recover-20220922,001,1795
966.6585,966.6946,68437,80766,Rhinolophus ferrumequinum,0.023,0.023,-1,Echolocation,/mnt/ubna_data_02_mir/recover-20220922/UBNA_001/20220921_090000.WAV,Telephone Field,recover-20220922,001,1795
966.6805,966.7218,68437,82755,Rhinolophus ferrumequinum,0.029,0.029,-1,Echolocation,/mnt/ubna_data_02_mir/recover-20220922/UBNA_001/20220921_090000.WAV,Telephone Field,recover-20220922,001,1795
966.7115,966.7204,22890,29384,Plecotus austriacus,0.01,0.026,-1,Echolocation,/mnt/ubna_data_02_mir/recover-20220922/UBNA_001/20220921_090000.WAV,Telephone Field,recover-20220922,001,1795
966.7205,966.7584,68437,81723,Rhinolophus ferrumequinum,0.024,0.024,-1,Echolocation,/mnt/ubna_data_02_mir/recover-20220922/UBNA_001/20220921_090000.WAV,Telephone Field,recover-20220922,001,1795
966.7665,966.775,28046,39452,Eptesicus serotinus,0.009,0.025,-1,Echolocation,/mnt/ubna_data_02_mir/recover-20220922/UBNA_001/20220921_090000.WAV,Telephone Field,recover-20220922,001,1795
966.7885,966.829,68437,81877,Rhinolophus ferrumequinum,0.025,0.025,-1,Echolocation,/mnt/ubna_data_02_mir/recover-20220922/UBNA_001/20220921_090000.WAV,Telephone Field,recover-20220922,001,1795
966.7965,966.8378,68437,82844,Rhinolophus ferrumequinum,0.025,0.025,-1,Echolocation,/mnt/ubna_data_02_mir/recover-20220922/UBNA_001/20220921_090000.WAV,Telephone Field,recover-20220922,001,1795
966.8255,966.8331,22890,30483,Plecotus austriacus,0.01,0.021,-1,Echolocation,/mnt/ubna_data_02_mir/recover-20220922/UBNA_001/20220921_090000.WAV,Telephone Field,recover-20220922,001,1795
966.8405,966.879,68437,82082,Rhinolophus ferrumequinum,0.021,0.021,-1,Echolocation,/mnt/ubna_data_02_mir/recover-20220922/UBNA_001/20220921_090000.WAV,Telephone Field,recover-20220922,001,1795
966.8415,966.8556,44375,48361,Pipistrellus pipistrellus,0.064,0.072,-1,Echolocation,/mnt/ubna_data_02_mir/recover-20220922/UBNA_001/20220921_090000.WAV,Telephone Field,recover-20220922,001,1795
966.8595,966.8988,68437,81937,Rhinolophus ferrumequinum,0.022,0.022,-1,Echolocation,/mnt/ubna_data_02_mir/recover-20220922/UBNA_001/20220921_090000.WAV,Telephone Field,recover-20220922,001,1795
966.8955,966.9316,68437,81486,Rhinolophus ferrumequinum,0.022,0.022,-1,Echolocation,/mnt/ubna_data_02_mir/recover-20220922/UBNA_001/20220921_090000.WAV,Telephone Field,recover-20220922,001,1795
966.9495,966.9914,68437,83267,Rhinolophus ferrumequinum,0.028,0.028,-1,Echolocation,/mnt/ubna_data_02_mir/recover-20220922/UBNA_001/20220921_090000.WAV,Telephone Field,recover-20220922,001,1795
966.9865,967.025,68437,81979,Rhinolophus ferrumequinum,0.023,0.023,-1,Echolocation,/mnt/ubna_data_02_mir/recover-20220922/UBNA_001/20220921_090000.WAV,Telephone Field,recover-20220922,001,1795
967.0275,967.0365,26328,34123,Eptesicus serotinus,0.011,0.028,-1,Echolocation,/mnt/ubna_data_02_mir/recover-20220922/UBNA_001/20220921_090000.WAV,Telephone Field,recover-20220922,001,1795
967.0345,967.0731,68437,81803,Rhinolophus ferrumequinum,0.026,0.026,-1,Echolocation,/mnt/ubna_data_02_mir/recover-20220922/UBNA_001/20220921_090000.WAV,Telephone Field,recover-20220922,001,1795
967.0585,967.0968,68437,81495,Rhinolophus ferrumequinum,0.023,0.023,-1,Echolocation,/mnt/ubna_data_02_mir/recover-20220922/UBNA_001/20220921_090000.WAV,Telephone Field,recover-20220922,001,1795
967.0765,967.0869,22890,29022,Nyctalus leisleri,0.009,0.025,-1,Echolocation,/mnt/ubna_data_02_mir/recover-20220922/UBNA_001/20220921_090000.WAV,Telephone Field,recover-20220922,001,1795
967.0915,967.099,28046,39742,Eptesicus serotinus,0.008,0.024,-1,Echolocation,/mnt/ubna_data_02_mir/recover-20220922/UBNA_001/20220921_090000.WAV,Telephone Field,recover-20220922,001,1795
967.1205,967.1591,68437,81887,Rhinolophus ferrumequinum,0.023,0.023,-1,Echolocation,/mnt/ubna_data_02_mir/recover-20220922/UBNA_001/20220921_090000.WAV,Telephone Field,recover-20220922,001,1795
967.1275,967.1672,68437,82297,Rhinolophus ferrumequinum,0.024,0.024,-1,Echolocation,/mnt/ubna_data_02_mir/recover-20220922/UBNA_001/20220921_090000.WAV,Telephone Field,recover-20220922,001,1795
967.2275,967.237,44375,47386,Pipistrellus pipistrellus,0.022,0.024,-1,Echolocation,/mnt/ubna_data_02_mir/recover-20220922/UBNA_001/20220921_090000.WAV,Telephone Field,recover-20220922,001,1795
967.2305,967.2686,68437,82083,Rhinolophus ferrumequinum,0.023,0.023,-1,Echolocation,/mnt/ubna_data_02_mir/recover-20220922/UBNA_001/20220921_090000.WAV,Telephone Field,recover-20220922,001,1795
967.2385,967.2468,26328,34755,Eptesicus serotinus,0.008,0.022,-1,Echolocation,/mnt/ubna_data_02_mir/recover-20220922/UBNA_001/20220921_090000.WAV,Telephone Field,recover-20220922,001,1795
967.2565,967.2942,68437,81535,Rhinolophus ferrumequinum,0.024,0.024,-1,Echolocation,/mnt/ubna_data_02_mir/recover-20220922/UBNA_001/20220921_090000.WAV,Telephone Field,recover-20220922,001,1795
967.2625,967.3013,68437,82095,Rhinolophus ferrumequinum,0.024,0.024,-1,Echolocation,/mnt/ubna_data_02_mir/recover-20220922/UBNA_001/20220921_090000.WAV,Telephone Field,recover-20220922,001,1795
967.2865,967.3307,68437,83404,Rhinolophus ferrumequinum,0.023,0.023,-1,Echolocation,/mnt/ubna_data_02_mir/recover-20220922/UBNA_001/20220921_090000.WAV,Telephone Field,recover-20220922,001,1795
967.3045,967.3116,26328,40645,Eptesicus serotinus,0.005,0.021,-1,Echolocation,/mnt/ubna_data_02_mir/recover-20220922/UBNA_001/20220921_090000.WAV,Telephone Field,recover-20220922,001,1795
967.3155,967.3533,68437,81497,Rhinolophus ferrumequinum,0.023,0.023,-1,Echolocation,/mnt/ubna_data_02_mir/recover-20220922/UBNA_001/20220921_090000.WAV,Telephone Field,recover-20220922,001,1795
967.3435,967.3537,24609,31084,Nyctalus leisleri,0.009,0.027,-1,Echolocation,/mnt/ubna_data_02_mir/recover-20220922/UBNA_001/20220921_090000.WAV,Telephone Field,recover-20220922,001,1795
967.3765,967.418,68437,82683,Rhinolophus ferrumequinum,0.022,0.022,-1,Echolocation,/mnt/ubna_data_02_mir/recover-20220922/UBNA_001/20220921_090000.WAV,Telephone Field,recover-20220922,001,1795
967.3835,967.4235,68437,82706,Rhinolophus ferrumequinum,0.021,0.021,-1,Echolocation,/mnt/ubna_data_02_mir/recover-20220922/UBNA_001/20220921_090000.WAV,Telephone Field,recover-20220922,001,1795
967.4125,967.4211,23750,31616,Plecotus austriacus,0.007,0.021,-1,Echolocation,/mnt/ubna_data_02_mir/recover-20220922/UBNA_001/20220921_090000.WAV,Telephone Field,recover-20220922,001,1795
967.4155,967.4523,68437,81870,Rhinolophus ferrumequinum,0.021,0.022,-1,Echolocation,/mnt/ubna_data_02_mir/recover-20220922/UBNA_001/20220921_090000.WAV,Telephone Field,recover-20220922,001,1795
967.4365,967.4473,25468,33073,Eptesicus serotinus,0.013,0.026,-1,Echolocation,/mnt/ubna_data_02_mir/recover-20220922/UBNA_001/20220921_090000.WAV,Telephone Field,recover-20220922,001,1795
967.4395,967.4799,68437,82269,Rhinolophus ferrumequinum,0.023,0.023,-1,Echolocation,/mnt/ubna_data_02_mir/recover-20220922/UBNA_001/20220921_090000.WAV,Telephone Field,recover-20220922,001,1795
967.4475,967.4901,68437,83193,Rhinolophus ferrumequinum,0.036,0.036,-1,Echolocation,/mnt/ubna_data_02_mir/recover-20220922/UBNA_001/20220921_090000.WAV,Telephone Field,recover-20220922,001,1795
967.4565,967.4667,28906,36538,Eptesicus serotinus,0.011,0.025,-1,Echolocation,/mnt/ubna_data_02_mir/recover-20220922/UBNA_001/20220921_090000.WAV,Telephone Field,recover-20220922,001,1795
967.4765,967.5194,68437,82647,Rhinolophus ferrumequinum,0.028,0.028,-1,Echolocation,/mnt/ubna_data_02_mir/recover-20220922/UBNA_001/20220921_090000.WAV,Telephone Field,recover-20220922,001,1795
967.4945,967.5058,22031,26661,Nyctalus leisleri,0.011,0.021,-1,Echolocation,/mnt/ubna_data_02_mir/recover-20220922/UBNA_001/20220921_090000.WAV,Telephone Field,recover-20220922,001,1795
967.4965,967.5041,27187,38461,Eptesicus serotinus,0.006,0.021,-1,Echolocation,/mnt/ubna_data_02_mir/recover-20220922/UBNA_001/20220921_090000.WAV,Telephone Field,recover-20220922,001,1795
967.5425,967.5802,68437,82046,Rhinolophus ferrumequinum,0.021,0.021,-1,Echolocation,/mnt/ubna_data_02_mir/recover-20220922/UBNA_001/20220921_090000.WAV,Telephone Field,recover-20220922,001,1795
967.5485,967.5605,38359,41881,Pipistrellus nathusii,0.045,0.058,-1,Echolocation,/mnt/ubna_data_02_mir/recover-20220922/UBNA_001/20220921_090000.WAV,Telephone Field,recover-20220922,001,1795
967.5855,967.5924,27187,36619,Eptesicus serotinus,0.008,0.025,-1,Echolocation,/mnt/ubna_data_02_mir/recover-20220922/UBNA_001/20220921_090000.WAV,Telephone Field,recover-20220922,001,1795
967.5975,967.6412,68437,83538,Rhinolophus ferrumequinum,0.026,0.026,-1,Echolocation,/mnt/ubna_data_02_mir/recover-20220922/UBNA_001/20220921_090000.WAV,Telephone Field,recover-20220922,001,1795
967.6345,967.6733,68437,82610,Rhinolophus ferrumequinum,0.022,0.022,-1,Echolocation,/mnt/ubna_data_02_mir/recover-20220922/UBNA_001/20220921_090000.WAV,Telephone Field,recover-20220922,001,1795
967.6555,967.6669,24609,30031,Nyctalus leisleri,0.011,0.025,-1,Echolocation,/mnt/ubna_data_02_mir/recover-20220922/UBNA_001/20220921_090000.WAV,Telephone Field,recover-20220922,001,1795
967.6825,967.7229,68437,82347,Rhinolophus ferrumequinum,0.025,0.025,-1,Echolocation,/mnt/ubna_data_02_mir/recover-20220922/UBNA_001/20220921_090000.WAV,Telephone Field,recover-20220922,001,1795
967.6865,967.6966,28906,37665,Eptesicus serotinus,0.012,0.027,-1,Echolocation,/mnt/ubna_data_02_mir/recover-20220922/UBNA_001/20220921_090000.WAV,Telephone Field,recover-20220922,001,1795
967.6975,967.7346,68437,81293,Rhinolophus ferrumequinum,0.021,0.021,-1,Echolocation,/mnt/ubna_data_02_mir/recover-20220922/UBNA_001/20220921_090000.WAV,Telephone Field,recover-20220922,001,1795
967.7375,967.7798,68437,83214,Rhinolophus ferrumequinum,0.036,0.036,-1,Echolocation,/mnt/ubna_data_02_mir/recover-20220922/UBNA_001/20220921_090000.WAV,Telephone Field,recover-20220922,001,1795
967.7415,967.7505,28046,36647,Eptesicus serotinus,0.008,0.022,-1,Echolocation,/mnt/ubna_data_02_mir/recover-20220922/UBNA_001/20220921_090000.WAV,Telephone Field,recover-20220922,001,1795
967.7615,967.8021,68437,82579,Rhinolophus ferrumequinum,0.026,0.026,-1,Echolocation,/mnt/ubna_data_02_mir/recover-20220922/UBNA_001/20220921_090000.WAV,Telephone Field,recover-20220922,001,1795
967.7755,967.7866,24609,30350,Nyctalus leisleri,0.009,0.023,-1,Echolocation,/mnt/ubna_data_02_mir/recover-20220922/UBNA_001/20220921_090000.WAV,Telephone Field,recover-20220922,001,1795
967.7965,967.834,68437,81895,Rhinolophus ferrumequinum,0.023,0.023,-1,Echolocation,/mnt/ubna_data_02_mir/recover-20220922/UBNA_001/20220921_090000.WAV,Telephone Field,recover-20220922,001,1795
967.8315,967.8426,23750,28906,Nyctalus leisleri,0.009,0.021,-1,Echolocation,/mnt/ubna_data_02_mir/recover-20220922/UBNA_001/20220921_090000.WAV,Telephone Field,recover-20220922,001,1795
967.8345,967.8746,68437,82571,Rhinolophus ferrumequinum,0.021,0.021,-1,Echolocation,/mnt/ubna_data_02_mir/recover-20220922/UBNA_001/20220921_090000.WAV,Telephone Field,recover-20220922,001,1795
967.8935,967.9324,68437,82894,Rhinolophus ferrumequinum,0.021,0.021,-1,Echolocation,/mnt/ubna_data_02_mir/recover-20220922/UBNA_001/20220921_090000.WAV,Telephone Field,recover-20220922,001,1795
967.8935,967.9033,28046,35284,Eptesicus serotinus,0.008,0.021,-1,Echolocation,/mnt/ubna_data_02_mir/recover-20220922/UBNA_001/20220921_090000.WAV,Telephone Field,recover-20220922,001,1795
967.9395,967.9484,27187,36919,Eptesicus serotinus,0.008,0.021,-1,Echolocation,/mnt/ubna_data_02_mir/recover-20220922/UBNA_001/20220921_090000.WAV,Telephone Field,recover-20220922,001,1795
967.9505,967.9936,68437,82674,Rhinolophus ferrumequinum,0.023,0.023,-1,Echolocation,/mnt/ubna_data_02_mir/recover-20220922/UBNA_001/20220921_090000.WAV,Telephone Field,recover-20220922,001,1795
967.9835,967.9933,28046,37758,Eptesicus serotinus,0.009,0.022,-1,Echolocation,/mnt/ubna_data_02_mir/recover-20220922/UBNA_001/20220921_090000.WAV,Telephone Field,recover-20220922,001,1795
968.0015,968.0101,23750,31780,Nyctalus leisleri,0.01,0.03,-1,Echolocation,/mnt/ubna_data_02_mir/recover-20220922/UBNA_001/20220921_090000.WAV,Telephone Field,recover-20220922,001,1795
968.0015,968.0101,46953,55325,Pipistrellus pipistrellus,0.025,0.033,-1,Echolocation,/mnt/ubna_data_02_mir/recover-20220922/UBNA_001/20220921_090000.WAV,Telephone Field,recover-20220922,001,1795
968.0015,968.0348,68437,79805,Rhinolophus ferrumequinum,0.036,0.036,-1,Echolocation,/mnt/ubna_data_02_mir/recover-20220922/UBNA_001/20220921_090000.WAV,Telephone Field,recover-20220922,001,1795
968.0435,968.0836,68437,82330,Rhinolophus ferrumequinum,0.025,0.025,-1,Echolocation,/mnt/ubna_data_02_mir/recover-20220922/UBNA_001/20220921_090000.WAV,Telephone Field,recover-20220922,001,1795
968.0695,968.1072,68437,81735,Rhinolophus ferrumequinum,0.027,0.027,-1,Echolocation,/mnt/ubna_data_02_mir/recover-20220922/UBNA_001/20220921_090000.WAV,Telephone Field,recover-20220922,001,1795
968.0955,968.1298,68437,80526,Rhinolophus ferrumequinum,0.044,0.044,-1,Echolocation,/mnt/ubna_data_02_mir/recover-20220922/UBNA_001/20220921_090000.WAV,Telephone Field,recover-20220922,001,1795
968.1025,968.1122,27187,34920,Eptesicus serotinus,0.012,0.027,-1,Echolocation,/mnt/ubna_data_02_mir/recover-20220922/UBNA_001/20220921_090000.WAV,Telephone Field,recover-20220922,001,1795
968.1055,968.149,68437,82693,Rhinolophus ferrumequinum,0.035,0.035,-1,Echolocation,/mnt/ubna_data_02_mir/recover-20220922/UBNA_001/20220921_090000.WAV,Telephone Field,recover-20220922,001,1795
968.1285,968.169,68437,82790,Rhinolophus ferrumequinum,0.032,0.032,-1,Echolocation,/mnt/ubna_data_02_mir/recover-20220922/UBNA_001/20220921_090000.WAV,Telephone Field,recover-20220922,001,1795
968.1735,968.2197,68437,83320,Rhinolophus ferrumequinum,0.045,0.045,-1,Echolocation,/mnt/ubna_data_02_mir/recover-20220922/UBNA_001/20220921_090000.WAV,Telephone Field,recover-20220922,001,1795
968.1755,968.1852,25468,32294,Nyctalus leisleri,0.008,0.024,-1,Echolocation,/mnt/ubna_data_02_mir/recover-20220922/UBNA_001/20220921_090000.WAV,Telephone Field,recover-20220922,001,1795
968.1875,968.2276,68437,82347,Rhinolophus ferrumequinum,0.024,0.024,-1,Echolocation,/mnt/ubna_data_02_mir/recover-20220922/UBNA_001/20220921_090000.WAV,Telephone Field,recover-20220922,001,1795
968.1895,968.2038,22031,25832,Nyctalus leisleri,0.015,0.024,-1,Echolocation,/mnt/ubna_data_02_mir/recover-20220922/UBNA_001/20220921_090000.WAV,Telephone Field,recover-20220922,001,1795
968.2115,968.2506,68437,81964,Rhinolophus ferrumequinum,0.04,0.04,-1,Echolocation,/mnt/ubna_data_02_mir/recover-20220922/UBNA_001/20220921_090000.WAV,Telephone Field,recover-20220922,001,1795
968.2475,968.2577,47812,53097,Pipistrellus pipistrellus,0.029,0.032,-1,Echolocation,/mnt/ubna_data_02_mir/recover-20220922/UBNA_001/20220921_090000.WAV,Telephone Field,recover-20220922,001,1795
968.2615,968.2992,68437,81866,Rhinolophus ferrumequinum,0.022,0.022,-1,Echolocation,/mnt/ubna_data_02_mir/recover-20220922/UBNA_001/20220921_090000.WAV,Telephone Field,recover-20220922,001,1795
968.2625,968.2758,22031,26072,Nyctalus leisleri,0.016,0.026,-1,Echolocation,/mnt/ubna_data_02_mir/recover-20220922/UBNA_001/20220921_090000.WAV,Telephone Field,recover-20220922,001,1795
968.2965,968.3371,68437,82747,Rhinolophus ferrumequinum,0.023,0.023,-1,Echolocation,/mnt/ubna_data_02_mir/recover-20220922/UBNA_001/20220921_090000.WAV,Telephone Field,recover-20220922,001,1795
968.3035,968.3413,68437,81958,Rhinolophus ferrumequinum,0.024,0.024,-1,Echolocation,/mnt/ubna_data_02_mir/recover-20220922/UBNA_001/20220921_090000.WAV,Telephone Field,recover-20220922,001,1795
968.3275,968.3671,68437,82306,Rhinolophus ferrumequinum,0.022,0.022,-1,Echolocation,/mnt/ubna_data_02_mir/recover-20220922/UBNA_001/20220921_090000.WAV,Telephone Field,recover-20220922,001,1795
968.3395,968.3483,22031,29623,Plecotus austriacus,0.011,0.027,-1,Echolocation,/mnt/ubna_data_02_mir/recover-20220922/UBNA_001/20220921_090000.WAV,Telephone Field,recover-20220922,001,1795
968.3395,968.3798,68437,81874,Rhinolophus ferrumequinum,0.024,0.024,-1,Echolocation,/mnt/ubna_data_02_mir/recover-20220922/UBNA_001/20220921_090000.WAV,Telephone Field,recover-20220922,001,1795
968.3445,968.3542,28906,36436,Eptesicus serotinus,0.009,0.023,-1,Echolocation,/mnt/ubna_data_02_mir/recover-20220922/UBNA_001/20220921_090000.WAV,Telephone Field,recover-20220922,001,1795
968.3745,968.3818,46953,51610,Pipistrellus pipistrellus,0.02,0.022,-1,Echolocation,/mnt/ubna_data_02_mir/recover-20220922/UBNA_001/20220921_090000.WAV,Telephone Field,recover-20220922,001,1795
968.4195,968.466,68437,84303,Rhinolophus ferrumequinum,0.05,0.05,-1,Echolocation,/mnt/ubna_data_02_mir/recover-20220922/UBNA_001/20220921_090000.WAV,Telephone Field,recover-20220922,001,1795
968.4465,968.4585,22031,27201,Nyctalus leisleri,0.02,0.043,-1,Echolocation,/mnt/ubna_data_02_mir/recover-20220922/UBNA_001/20220921_090000.WAV,Telephone Field,recover-20220922,001,1795
968.4705,968.5084,68437,82005,Rhinolophus ferrumequinum,0.023,0.023,-1,Echolocation,/mnt/ubna_data_02_mir/recover-20220922/UBNA_001/20220921_090000.WAV,Telephone Field,recover-20220922,001,1795
968.4855,968.5273,68437,83151,Rhinolophus ferrumequinum,0.039,0.039,-1,Echolocation,/mnt/ubna_data_02_mir/recover-20220922/UBNA_001/20220921_090000.WAV,Telephone Field,recover-20220922,001,1795
968.5225,968.5635,68437,82587,Rhinolophus ferrumequinum,0.026,0.026,-1,Echolocation,/mnt/ubna_data_02_mir/recover-20220922/UBNA_001/20220921_090000.WAV,Telephone Field,recover-20220922,001,1795
968.5405,968.5775,68437,81697,Rhinolophus ferrumequinum,0.026,0.026,-1,Echolocation,/mnt/ubna_data_02_mir/recover-20220922/UBNA_001/20220921_090000.WAV,Telephone Field,recover-20220922,001,1795
968.5765,968.6211,68437,83223,Rhinolophus ferrumequinum,0.048,0.048,-1,Echolocation,/mnt/ubna_data_02_mir/recover-20220922/UBNA_001/20220921_090000.WAV,Telephone Field,recover-20220922,001,1795
968.5985,968.6098,45234,48787,Pipistrellus pipistrellus,0.032,0.034,-1,Echolocation,/mnt/ubna_data_02_mir/recover-20220922/UBNA_001/20220921_090000.WAV,Telephone Field,recover-20220922,001,1795
968.6095,968.6515,68437,82790,Rhinolophus ferrumequinum,0.039,0.039,-1,Echolocation,/mnt/ubna_data_02_mir/recover-20220922/UBNA_001/20220921_090000.WAV,Telephone Field,recover-20220922,001,1795
968.6405,968.6829,68437,82655,Rhinolophus ferrumequinum,0.025,0.025,-1,Echolocation,/mnt/ubna_data_02_mir/recover-20220922/UBNA_001/20220921_090000.WAV,Telephone Field,recover-20220922,001,1795
968.6965,968.7062,44375,49202,Pipistrellus pipistrellus,0.028,0.03,-1,Echolocation,/mnt/ubna_data_02_mir/recover-20220922/UBNA_001/20220921_090000.WAV,Telephone Field,recover-20220922,001,1795
968.7425,968.756,24609,29892,Nyctalus leisleri,0.029,0.068,-1,Echolocation,/mnt/ubna_data_02_mir/recover-20220922/UBNA_001/20220921_090000.WAV,Telephone Field,recover-20220922,001,1795
968.7455,968.7884,68437,82535,Rhinolophus ferrumequinum,0.032,0.032,-1,Echolocation,/mnt/ubna_data_02_mir/recover-20220922/UBNA_001/20220921_090000.WAV,Telephone Field,recover-20220922,001,1795
968.7875,968.7977,22890,28403,Nyctalus leisleri,0.01,0.024,-1,Echolocation,/mnt/ubna_data_02_mir/recover-20220922/UBNA_001/20220921_090000.WAV,Telephone Field,recover-20220922,001,1795
968.8135,968.8533,68437,82540,Rhinolophus ferrumequinum,0.025,0.025,-1,Echolocation,/mnt/ubna_data_02_mir/recover-20220922/UBNA_001/20220921_090000.WAV,Telephone Field,recover-20220922,001,1795
968.8245,968.8342,28046,36595,Eptesicus serotinus,0.01,0.024,-1,Echolocation,/mnt/ubna_data_02_mir/recover-20220922/UBNA_001/20220921_090000.WAV,Telephone Field,recover-20220922,001,1795
968.8525,968.863,22890,27384,Nyctalus leisleri,0.014,0.026,-1,Echolocation,/mnt/ubna_data_02_mir/recover-20220922/UBNA_001/20220921_090000.WAV,Telephone Field,recover-20220922,001,1795
968.8595,968.8982,68437,82443,Rhinolophus ferrumequinum,0.024,0.024,-1,Echolocation,/mnt/ubna_data_02_mir/recover-20220922/UBNA_001/20220921_090000.WAV,Telephone Field,recover-20220922,001,1795
968.8785,968.9205,68437,83228,Rhinolophus ferrumequinum,0.036,0.036,-1,Echolocation,/mnt/ubna_data_02_mir/recover-20220922/UBNA_001/20220921_090000.WAV,Telephone Field,recover-20220922,001,1795
968.8955,968.9079,23750,28103,Nyctalus leisleri,0.014,0.026,-1,Echolocation,/mnt/ubna_data_02_mir/recover-20220922/UBNA_001/20220921_090000.WAV,Telephone Field,recover-20220922,001,1795
968.8975,968.9347,68437,81361,Rhinolophus ferrumequinum,0.026,0.026,-1,Echolocation,/mnt/ubna_data_02_mir/recover-20220922/UBNA_001/20220921_090000.WAV,Telephone Field,recover-20220922,001,1795
968.9205,968.9614,68437,82684,Rhinolophus ferrumequinum,0.028,0.028,-1,Echolocation,/mnt/ubna_data_02_mir/recover-20220922/UBNA_001/20220921_090000.WAV,Telephone Field,recover-20220922,001,1795
968.9675,969.0073,68437,82336,Rhinolophus ferrumequinum,0.024,0.024,-1,Echolocation,/mnt/ubna_data_02_mir/recover-20220922/UBNA_001/20220921_090000.WAV,Telephone Field,recover-20220922,001,1795
968.9825,968.9926,28906,36840,Eptesicus serotinus,0.01,0.022,-1,Echolocation,/mnt/ubna_data_02_mir/recover-20220922/UBNA_001/20220921_090000.WAV,Telephone Field,recover-20220922,001,1795
969.0065,969.0453,68437,81843,Rhinolophus ferrumequinum,0.023,0.023,-1,Echolocation,/mnt/ubna_data_02_mir/recover-20220922/UBNA_001/20220921_090000.WAV,Telephone Field,recover-20220922,001,1795
969.0255,969.0616,68437,81819,Rhinolophus ferrumequinum,0.022,0.022,-1,Echolocation,/mnt/ubna_data_02_mir/recover-20220922/UBNA_001/20220921_090000.WAV,Telephone Field,recover-20220922,001,1795
969.0345,969.0715,68437,82414,Rhinolophus ferrumequinum,0.022,0.022,-1,Echolocation,/mnt/ubna_data_02_mir/recover-20220922/UBNA_001/20220921_090000.WAV,Telephone Field,recover-20220922,001,1795
969.0445,969.0824,68437,82199,Rhinolophus ferrumequinum,0.023,0.023,-1,Echolocation,/mnt/ubna_data_02_mir/recover-20220922/UBNA_001/20220921_090000.WAV,Telephone Field,recover-20220922,001,1795
969.0485,969.0556,26328,38017,Eptesicus serotinus,0.006,0.023,-1,Echolocation,/mnt/ubna_data_02_mir/recover-20220922/UBNA_001/20220921_090000.WAV,Telephone Field,recover-20220922,001,1795
969.0975,969.1408,68437,83228,Rhinolophus ferrumequinum,0.036,0.036,-1,Echolocation,/mnt/ubna_data_02_mir/recover-20220922/UBNA_001/20220921_090000.WAV,Telephone Field,recover-20220922,001,1795
969.0985,969.1098,28046,33261,Eptesicus serotinus,0.014,0.034,-1,Echolocation,/mnt/ubna_data_02_mir/recover-20220922/UBNA_001/20220921_090000.WAV,Telephone Field,recover-20220922,001,1795
969.1205,969.1623,68437,82333,Rhinolophus ferrumequinum,0.022,0.022,-1,Echolocation,/mnt/ubna_data_02_mir/recover-20220922/UBNA_001/20220921_090000.WAV,Telephone Field,recover-20220922,001,1795
969.1315,969.1687,68437,81964,Rhinolophus ferrumequinum,0.023,0.023,-1,Echolocation,/mnt/ubna_data_02_mir/recover-20220922/UBNA_001/20220921_090000.WAV,Telephone Field,recover-20220922,001,1795
969.1445,969.1814,68437,81893,Rhinolophus ferrumequinum,0.022,0.022,-1,Echolocation,/mnt/ubna_data_02_mir/recover-20220922/UBNA_001/20220921_090000.WAV,Telephone Field,recover-20220922,001,1795
969.1565,969.1919,68437,81492,Rhinolophus ferrumequinum,0.024,0.024,-1,Echolocation,/mnt/ubna_data_02_mir/recover-20220922/UBNA_001/20220921_090000.WAV,Telephone Field,recover-20220922,001,1795
969.1785,969.217,68437,82413,Rhinolophus ferrumequinum,0.026,0.026,-1,Echolocation,/mnt/ubna_data_02_mir/recover-20220922/UBNA_001/20220921_090000.WAV,Telephone Field,recover-20220922,001,1795
969.1955,969.2083,22890,27762,Nyctalus leisleri,0.012,0.023,-1,Echolocation,/mnt/ubna_data_02_mir/recover-20220922/UBNA_001/20220921_090000.WAV,Telephone Field,recover-20220922,001,1795
969.2115,969.2211,28046,37432,Eptesicus serotinus,0.009,0.023,-1,Echolocation,/mnt/ubna_data_02_mir/recover-20220922/UBNA_001/20220921_090000.WAV,Telephone Field,recover-20220922,001,1795
969.2445,969.2803,68437,82083,Rhinolophus ferrumequinum,0.023,0.023,-1,Echolocation,/mnt/ubna_data_02_mir/recover-20220922/UBNA_001/20220921_090000.WAV,Telephone Field,recover-20220922,001,1795
969.2835,969.2919,26328,35688,Eptesicus serotinus,0.01,0.025,-1,Echolocation,/mnt/ubna_data_02_mir/recover-20220922/UBNA_001/20220921_090000.WAV,Telephone Field,recover-20220922,001,1795
969.2885,969.3264,68437,81583,Rhinolophus ferrumequinum,0.024,0.024,-1,Echolocation,/mnt/ubna_data_02_mir/recover-20220922/UBNA_001/20220921_090000.WAV,Telephone Field,recover-20220922,001,1795
969.3095,969.3496,68437,82482,Rhinolophus ferrumequinum,0.023,0.023,-1,Echolocation,/mnt/ubna_data_02_mir/recover-20220922/UBNA_001/20220921_090000.WAV,Telephone Field,recover-20220922,001,1795
969.3225,969.3336,22890,27517,Nyctalus leisleri,0.014,0.026,-1,Echolocation,/mnt/ubna_data_02_mir/recover-20220922/UBNA_001/20220921_090000.WAV,Telephone Field,recover-20220922,001,1795
969.3325,969.3752,68437,83013,Rhinolophus ferrumequinum,0.033,0.033,-1,Echolocation,/mnt/ubna_data_02_mir/recover-20220922/UBNA_001/20220921_090000.WAV,Telephone Field,recover-20220922,001,1795
969.3495,969.3635,44375,47229,Pipistrellus pipistrellus,0.07,0.074,-1,Echolocation,/mnt/ubna_data_02_mir/recover-20220922/UBNA_001/20220921_090000.WAV,Telephone Field,recover-20220922,001,1795
969.3645,969.4047,68437,82327,Rhinolophus ferrumequinum,0.03,0.03,-1,Echolocation,/mnt/ubna_data_02_mir/recover-20220922/UBNA_001/20220921_090000.WAV,Telephone Field,recover-20220922,001,1795
969.3715,969.4127,68437,82572,Rhinolophus ferrumequinum,0.026,0.026,-1,Echolocation,/mnt/ubna_data_02_mir/recover-20220922/UBNA_001/20220921_090000.WAV,Telephone Field,recover-20220922,001,1795
969.3965,969.4386,68437,82764,Rhinolophus ferrumequinum,0.025,0.025,-1,Echolocation,/mnt/ubna_data_02_mir/recover-20220922/UBNA_001/20220921_090000.WAV,Telephone Field,recover-20220922,001,1795
969.4035,969.4435,68437,82499,Rhinolophus ferrumequinum,0.024,0.024,-1,Echolocation,/mnt/ubna_data_02_mir/recover-20220922/UBNA_001/20220921_090000.WAV,Telephone Field,recover-20220922,001,1795
969.4385,969.4495,28906,36240,Eptesicus serotinus,0.012,0.025,-1,Echolocation,/mnt/ubna_data_02_mir/recover-20220922/UBNA_001/20220921_090000.WAV,Telephone Field,recover-20220922,001,1795
969.4495,969.4571,27187,37826,Eptesicus serotinus,0.012,0.031,-1,Echolocation,/mnt/ubna_data_02_mir/recover-20220922/UBNA_001/20220921_090000.WAV,Telephone Field,recover-20220922,001,1795
969.4605,969.5018,68437,82743,Rhinolophus ferrumequinum,0.022,0.022,-1,Echolocation,/mnt/ubna_data_02_mir/recover-20220922/UBNA_001/20220921_090000.WAV,Telephone Field,recover-20220922,001,1795
969.4735,969.5137,68437,82443,Rhinolophus ferrumequinum,0.026,0.026,-1,Echolocation,/mnt/ubna_data_02_mir/recover-20220922/UBNA_001/20220921_090000.WAV,Telephone Field,recover-20220922,001,1795
969.5105,969.5486,68437,82014,Rhinolophus ferrumequinum,0.025,0.025,-1,Echolocation,/mnt/ubna_data_02_mir/recover-20220922/UBNA_001/20220921_090000.WAV,Telephone Field,recover-20220922,001,1795
969.5415,969.5873,68437,83268,Rhinolophus ferrumequinum,0.048,0.048,-1,Echolocation,/mnt/ubna_data_02_mir/recover-20220922/UBNA_001/20220921_090000.WAV,Telephone Field,recover-20220922,001,1795
969.5705,969.6105,68437,82484,Rhinolophus ferrumequinum,0.027,0.028,-1,Echolocation,/mnt/ubna_data_02_mir/recover-20220922/UBNA_001/20220921_090000.WAV,Telephone Field,recover-20220922,001,1795
969.5945,969.6373,68437,82947,Rhinolophus ferrumequinum,0.025,0.025,-1,Echolocation,/mnt/ubna_data_02_mir/recover-20220922/UBNA_001/20220921_090000.WAV,Telephone Field,recover-20220922,001,1795
969.6175,969.6322,22890,26838,Nyctalus leisleri,0.017,0.028,-1,Echolocation,/mnt/ubna_data_02_mir/recover-20220922/UBNA_001/20220921_090000.WAV,Telephone Field,recover-20220922,001,1795
969.6345,969.6747,68437,82204,Rhinolophus ferrumequinum,0.024,0.024,-1,Echolocation,/mnt/ubna_data_02_mir/recover-20220922/UBNA_001/20220921_090000.WAV,Telephone Field,recover-20220922,001,1795
969.6405,969.6504,24609,32274,Eptesicus serotinus,0.009,0.027,-1,Echolocation,/mnt/ubna_data_02_mir/recover-20220922/UBNA_001/20220921_090000.WAV,Telephone Field,recover-20220922,001,1795
969.6785,969.6859,28046,40688,Eptesicus serotinus,0.008,0.027,-1,Echolocation,/mnt/ubna_data_02_mir/recover-20220922/UBNA_001/20220921_090000.WAV,Telephone Field,recover-20220922,001,1795
969.6875,969.6998,14296,20535,Nyctalus noctula,0.014,0.023,-1,Echolocation,/mnt/ubna_data_02_mir/recover-20220922/UBNA_001/20220921_090000.WAV,Telephone Field,recover-20220922,001,1795
969.6985,969.7374,68437,82609,Rhinolophus ferrumequinum,0.031,0.031,-1,Echolocation,/mnt/ubna_data_02_mir/recover-20220922/UBNA_001/20220921_090000.WAV,Telephone Field,recover-20220922,001,1795
969.7475,969.7894,68437,82788,Rhinolophus ferrumequinum,0.027,0.027,-1,Echolocation,/mnt/ubna_data_02_mir/recover-20220922/UBNA_001/20220921_090000.WAV,Telephone Field,recover-20220922,001,1795
969.7635,969.8015,68437,82177,Rhinolophus ferrumequinum,0.027,0.027,-1,Echolocation,/mnt/ubna_data_02_mir/recover-20220922/UBNA_001/20220921_090000.WAV,Telephone Field,recover-20220922,001,1795
969.7715,969.8093,68437,82010,Rhinolophus ferrumequinum,0.023,0.023,-1,Echolocation,/mnt/ubna_data_02_mir/recover-20220922/UBNA_001/20220921_090000.WAV,Telephone Field,recover-20220922,001,1795
969.7905,969.7993,23750,31539,Plecotus austriacus,0.007,0.023,-1,Echolocation,/mnt/ubna_data_02_mir/recover-20220922/UBNA_001/20220921_090000.WAV,Telephone Field,recover-20220922,001,1795
969.7925,969.8312,68437,81831,Rhinolophus ferrumequinum,0.023,0.023,-1,Echolocation,/mnt/ubna_data_02_mir/recover-20220922/UBNA_001/20220921_090000.WAV,Telephone Field,recover-20220922,001,1795
969.8165,969.8275,22031,26226,Nyctalus leisleri,0.013,0.024,-1,Echolocation,/mnt/ubna_data_02_mir/recover-20220922/UBNA_001/20220921_090000.WAV,Telephone Field,recover-20220922,001,1795
969.8335,969.8427,28906,38152,Eptesicus serotinus,0.008,0.022,-1,Echolocation,/mnt/ubna_data_02_mir/recover-20220922/UBNA_001/20220921_090000.WAV,Telephone Field,recover-20220922,001,1795
969.8585,969.8669,28906,40393,Eptesicus serotinus,0.009,0.024,-1,Echolocation,/mnt/ubna_data_02_mir/recover-20220922/UBNA_001/20220921_090000.WAV,Telephone Field,recover-20220922,001,1795
969.8675,969.8783,22031,25908,Nyctalus leisleri,0.013,0.023,-1,Echolocation,/mnt/ubna_data_02_mir/recover-20220922/UBNA_001/20220921_090000.WAV,Telephone Field,recover-20220922,001,1795
969.8795,969.8906,33203,40376,Eptesicus serotinus,0.009,0.023,-1,Echolocation,/mnt/ubna_data_02_mir/recover-20220922/UBNA_001/20220921_090000.WAV,Telephone Field,recover-20220922,001,1795
969.8825,969.8924,28906,37549,Eptesicus serotinus,0.011,0.024,-1,Echolocation,/mnt/ubna_data_02_mir/recover-20220922/UBNA_001/20220921_090000.WAV,Telephone Field,recover-20220922,001,1795
969.8995,969.9402,68437,83074,Rhinolophus ferrumequinum,0.029,0.029,-1,Echolocation,/mnt/ubna_data_02_mir/recover-20220922/UBNA_001/20220921_090000.WAV,Telephone Field,recover-20220922,001,1795
969.9085,969.9501,68437,82199,Rhinolophus ferrumequinum,0.026,0.026,-1,Echolocation,/mnt/ubna_data_02_mir/recover-20220922/UBNA_001/20220921_090000.WAV,Telephone Field,recover-20220922,001,1795
969.9435,969.9547,29765,34822,Eptesicus serotinus,0.026,0.056,-1,Echolocation,/mnt/ubna_data_02_mir/recover-20220922/UBNA_001/20220921_090000.WAV,Telephone Field,recover-20220922,001,1795
969.9525,969.9924,68437,82051,Rhinolophus ferrumequinum,0.028,0.028,-1,Echolocation,/mnt/ubna_data_02_mir/recover-20220922/UBNA_001/20220921_090000.WAV,Telephone Field,recover-20220922,001,1795
970.0015,970.036,69296,81433,Rhinolophus ferrumequinum,0.033,0.033,-1,Echolocation,/mnt/ubna_data_02_mir/recover-20220922/UBNA_001/20220921_090000.WAV,Telephone Field,recover-20220922,001,1795
970.0015,970.0092,24609,37376,Myotis nattereri,0.007,0.024,-1,Echolocation,/mnt/ubna_data_02_mir/recover-20220922/UBNA_001/20220921_090000.WAV,Telephone Field,recover-20220922,001,1795
970.0075,970.0489,68437,81635,Rhinolophus ferrumequinum,0.027,0.027,-1,Echolocation,/mnt/ubna_data_02_mir/recover-20220922/UBNA_001/20220921_090000.WAV,Telephone Field,recover-20220922,001,1795
970.0305,970.0383,27187,39586,Eptesicus serotinus,0.008,0.022,-1,Echolocation,/mnt/ubna_data_02_mir/recover-20220922/UBNA_001/20220921_090000.WAV,Telephone Field,recover-20220922,001,1795
970.0435,970.081,68437,82356,Rhinolophus ferrumequinum,0.031,0.031,-1,Echolocation,/mnt/ubna_data_02_mir/recover-20220922/UBNA_001/20220921_090000.WAV,Telephone Field,recover-20220922,001,1795
970.0615,970.0697,26328,35227,Eptesicus serotinus,0.009,0.024,-1,Echolocation,/mnt/ubna_data_02_mir/recover-20220922/UBNA_001/20220921_090000.WAV,Telephone Field,recover-20220922,001,1795
970.0765,970.117,68437,81776,Rhinolophus ferrumequinum,0.023,0.023,-1,Echolocation,/mnt/ubna_data_02_mir/recover-20220922/UBNA_001/20220921_090000.WAV,Telephone Field,recover-20220922,001,1795
970.0805,970.09,45234,49133,Pipistrellus pipistrellus,0.024,0.025,-1,Echolocation,/mnt/ubna_data_02_mir/recover-20220922/UBNA_001/20220921_090000.WAV,Telephone Field,recover-20220922,001,1795
970.0985,970.136,68437,82026,Rhinolophus ferrumequinum,0.021,0.022,-1,Echolocation,/mnt/ubna_data_02_mir/recover-20220922/UBNA_001/20220921_090000.WAV,Telephone Field,recover-20220922,001,1795
970.1405,970.1828,68437,83105,Rhinolophus ferrumequinum,0.038,0.038,-1,Echolocation,/mnt/ubna_data_02_mir/recover-20220922/UBNA_001/20220921_090000.WAV,Telephone Field,recover-20220922,001,1795
970.1425,970.1499,28046,40499,Eptesicus serotinus,0.007,0.021,-1,Echolocation,/mnt/ubna_data_02_mir/recover-20220922/UBNA_001/20220921_090000.WAV,Telephone Field,recover-20220922,001,1795
970.1715,970.1804,28046,38909,Eptesicus serotinus,0.009,0.025,-1,Echolocation,/mnt/ubna_data_02_mir/recover-20220922/UBNA_001/20220921_090000.WAV,Telephone Field,recover-20220922,001,1795
970.2125,970.2537,68437,82935,Rhinolophus ferrumequinum,0.04,0.04,-1,Echolocation,/mnt/ubna_data_02_mir/recover-20220922/UBNA_001/20220921_090000.WAV,Telephone Field,recover-20220922,001,1795
970.2355,970.2548,15156,19713,Nyctalus noctula,0.023,0.03,-1,Echolocation,/mnt/ubna_data_02_mir/recover-20220922/UBNA_001/20220921_090000.WAV,Telephone Field,recover-20220922,001,1795
970.2355,970.2745,68437,82474,Rhinolophus ferrumequinum,0.022,0.022,-1,Echolocation,/mnt/ubna_data_02_mir/recover-20220922/UBNA_001/20220921_090000.WAV,Telephone Field,recover-20220922,001,1795
970.2455,970.2859,68437,82640,Rhinolophus ferrumequinum,0.025,0.025,-1,Echolocation,/mnt/ubna_data_02_mir/recover-20220922/UBNA_001/20220921_090000.WAV,Telephone Field,recover-20220922,001,1795
970.2545,970.2595,47812,52786,Pipistrellus pipistrellus,0.04,0.042,-1,Echolocation,/mnt/ubna_data_02_mir/recover-20220922/UBNA_001/20220921_090000.WAV,Telephone Field,recover-20220922,001,1795
970.2555,970.2622,39218,55512,Myotis brandtii,0.006,0.022,-1,Echolocation,/mnt/ubna_data_02_mir/recover-20220922/UBNA_001/20220921_090000.WAV,Telephone Field,recover-20220922,001,1795
970.2745,970.3129,68437,81563,Rhinolophus ferrumequinum,0.022,0.022,-1,Echolocation,/mnt/ubna_data_02_mir/recover-20220922/UBNA_001/20220921_090000.WAV,Telephone Field,recover-20220922,001,1795
970.3215,970.36,68437,82552,Rhinolophus ferrumequinum,0.027,0.027,-1,Echolocation,/mnt/ubna_data_02_mir/recover-20220922/UBNA_001/20220921_090000.WAV,Telephone Field,recover-20220922,001,1795
970.3395,970.3763,68437,81314,Rhinolophus ferrumequinum,0.022,0.022,-1,Echolocation,/mnt/ubna_data_02_mir/recover-20220922/UBNA_001/20220921_090000.WAV,Telephone Field,recover-20220922,001,1795
970.3535,970.3931,68437,82711,Rhinolophus ferrumequinum,0.027,0.027,-1,Echolocation,/mnt/ubna_data_02_mir/recover-20220922/UBNA_001/20220921_090000.WAV,Telephone Field,recover-20220922,001,1795
970.3565,970.3771,18593,21928,Nyctalus noctula,0.015,0.026,-1,Echolocation,/mnt/ubna_data_02_mir/recover-20220922/UBNA_001/20220921_090000.WAV,Telephone Field,recover-20220922,001,1795
970.3725,970.4059,68437,80249,Rhinolophus ferrumequinum,0.024,0.024,-1,Echolocation,/mnt/ubna_data_02_mir/recover-20220922/UBNA_001/20220921_090000.WAV,Telephone Field,recover-20220922,001,1795
970.3875,970.4288,68437,82071,Rhinolophus ferrumequinum,0.022,0.022,-1,Echolocation,/mnt/ubna_data_02_mir/recover-20220922/UBNA_001/20220921_090000.WAV,Telephone Field,recover-20220922,001,1795
970.4025,970.4141,31484,37659,Eptesicus serotinus,0.01,0.023,-1,Echolocation,/mnt/ubna_data_02_mir/recover-20220922/UBNA_001/20220921_090000.WAV,Telephone Field,recover-20220922,001,1795
970.4055,970.4405,68437,81373,Rhinolophus ferrumequinum,0.022,0.022,-1,Echolocation,/mnt/ubna_data_02_mir/recover-20220922/UBNA_001/20220921_090000.WAV,Telephone Field,recover-20220922,001,1795
970.4375,970.479,68437,82702,Rhinolophus ferrumequinum,0.025,0.025,-1,Echolocation,/mnt/ubna_data_02_mir/recover-20220922/UBNA_001/20220921_090000.WAV,Telephone Field,recover-20220922,001,1795
970.4415,970.4525,28906,36354,Eptesicus serotinus,0.011,0.024,-1,Echolocation,/mnt/ubna_data_02_mir/recover-20220922/UBNA_001/20220921_090000.WAV,Telephone Field,recover-20220922,001,1795
970.4505,970.4907,68437,82686,Rhinolophus ferrumequinum,0.024,0.025,-1,Echolocation,/mnt/ubna_data_02_mir/recover-20220922/UBNA_001/20220921_090000.WAV,Telephone Field,recover-20220922,001,1795
970.4695,970.4784,27187,36017,Eptesicus serotinus,0.009,0.022,-1,Echolocation,/mnt/ubna_data_02_mir/recover-20220922/UBNA_001/20220921_090000.WAV,Telephone Field,recover-20220922,001,1795
970.4765,970.5156,68437,82314,Rhinolophus ferrumequinum,0.023,0.023,-1,Echolocation,/mnt/ubna_data_02_mir/recover-20220922/UBNA_001/20220921_090000.WAV,Telephone Field,recover-20220922,001,1795
970.4895,970.5291,68437,82351,Rhinolophus ferrumequinum,0.023,0.023,-1,Echolocation,/mnt/ubna_data_02_mir/recover-20220922/UBNA_001/20220921_090000.WAV,Telephone Field,recover-20220922,001,1795
970.5255,970.5358,22031,27025,Nyctalus leisleri,0.01,0.022,-1,Echolocation,/mnt/ubna_data_02_mir/recover-20220922/UBNA_001/20220921_090000.WAV,Telephone Field,recover-20220922,001,1795
970.5325,970.5681,68437,81332,Rhinolophus ferrumequinum,0.022,0.023,-1,Echolocation,/mnt/ubna_data_02_mir/recover-20220922/UBNA_001/20220921_090000.WAV,Telephone Field,recover-20220922,001,1795
970.5665,970.5746,28046,39860,Eptesicus serotinus,0.007,0.021,-1,Echolocation,/mnt/ubna_data_02_mir/recover-20220922/UBNA_001/20220921_090000.WAV,Telephone Field,recover-20220922,001,1795
970.5925,970.6019,58984,64272,Pipistrellus pygmaeus,0.026,0.026,-1,Echolocation,/mnt/ubna_data_02_mir/recover-20220922/UBNA_001/20220921_090000.WAV,Telephone Field,recover-20220922,001,1795
970.6165,970.6587,68437,82878,Rhinolophus ferrumequinum,0.022,0.022,-1,Echolocation,/mnt/ubna_data_02_mir/recover-20220922/UBNA_001/20220921_090000.WAV,Telephone Field,recover-20220922,001,1795
970.6535,970.6942,68437,83231,Rhinolophus ferrumequinum,0.027,0.027,-1,Echolocation,/mnt/ubna_data_02_mir/recover-20220922/UBNA_001/20220921_090000.WAV,Telephone Field,recover-20220922,001,1795
970.6595,970.7013,68437,83042,Rhinolophus ferrumequinum,0.027,0.027,-1,Echolocation,/mnt/ubna_data_02_mir/recover-20220922/UBNA_001/20220921_090000.WAV,Telephone Field,recover-20220922,001,1795
970.6805,970.7205,68437,82818,Rhinolophus ferrumequinum,0.027,0.027,-1,Echolocation,/mnt/ubna_data_02_mir/recover-20220922/UBNA_001/20220921_090000.WAV,Telephone Field,recover-20220922,001,1795
970.7325,970.743,22031,26505,Nyctalus leisleri,0.011,0.022,-1,Echolocation,/mnt/ubna_data_02_mir/recover-20220922/UBNA_001/20220921_090000.WAV,Telephone Field,recover-20220922,001,1795
970.7445,970.754,27187,35342,Eptesicus serotinus,0.018,0.034,-1,Echolocation,/mnt/ubna_data_02_mir/recover-20220922/UBNA_001/20220921_090000.WAV,Telephone Field,recover-20220922,001,1795
970.7485,970.7872,68437,81532,Rhinolophus ferrumequinum,0.024,0.024,-1,Echolocation,/mnt/ubna_data_02_mir/recover-20220922/UBNA_001/20220921_090000.WAV,Telephone Field,recover-20220922,001,1795
970.7735,970.8163,68437,83381,Rhinolophus ferrumequinum,0.028,0.028,-1,Echolocation,/mnt/ubna_data_02_mir/recover-20220922/UBNA_001/20220921_090000.WAV,Telephone Field,recover-20220922,001,1795
970.8075,970.8181,28906,35851,Eptesicus serotinus,0.01,0.024,-1,Echolocation,/mnt/ubna_data_02_mir/recover-20220922/UBNA_001/20220921_090000.WAV,Telephone Field,recover-20220922,001,1795
970.8095,970.8523,68437,83325,Rhinolophus ferrumequinum,0.034,0.035,-1,Echolocation,/mnt/ubna_data_02_mir/recover-20220922/UBNA_001/20220921_090000.WAV,Telephone Field,recover-20220922,001,1795
970.8295,970.864,68437,81179,Rhinolophus ferrumequinum,0.026,0.026,-1,Echolocation,/mnt/ubna_data_02_mir/recover-20220922/UBNA_001/20220921_090000.WAV,Telephone Field,recover-20220922,001,1795
970.8525,970.8881,68437,81451,Rhinolophus ferrumequinum,0.023,0.023,-1,Echolocation,/mnt/ubna_data_02_mir/recover-20220922/UBNA_001/20220921_090000.WAV,Telephone Field,recover-20220922,001,1795
970.8815,970.888,24609,39912,Myotis nattereri,0.008,0.025,-1,Echolocation,/mnt/ubna_data_02_mir/recover-20220922/UBNA_001/20220921_090000.WAV,Telephone Field,recover-20220922,001,1795
970.8815,970.9237,68437,83394,Rhinolophus ferrumequinum,0.028,0.029,-1,Echolocation,/mnt/ubna_data_02_mir/recover-20220922/UBNA_001/20220921_090000.WAV,Telephone Field,recover-20220922,001,1795
970.8895,970.9292,68437,82919,Rhinolophus ferrumequinum,0.024,0.024,-1,Echolocation,/mnt/ubna_data_02_mir/recover-20220922/UBNA_001/20220921_090000.WAV,Telephone Field,recover-20220922,001,1795
970.8995,970.9418000000001,68437,82599,Rhinolophus ferrumequinum,0.024,0.024,-1,Echolocation,/mnt/ubna_data_02_mir/recover-20220922/UBNA_001/20220921_090000.WAV,Telephone Field,recover-20220922,001,1795
970.9075,970.9498,68437,83042,Rhinolophus ferrumequinum,0.025,0.025,-1,Echolocation,/mnt/ubna_data_02_mir/recover-20220922/UBNA_001/20220921_090000.WAV,Telephone Field,recover-20220922,001,1795
970.9205,970.9283,26328,35348,Eptesicus serotinus,0.008,0.022,-1,Echolocation,/mnt/ubna_data_02_mir/recover-20220922/UBNA_001/20220921_090000.WAV,Telephone Field,recover-20220922,001,1795
970.9445,970.9827,68437,82483,Rhinolophus ferrumequinum,0.032,0.032,-1,Echolocation,/mnt/ubna_data_02_mir/recover-20220922/UBNA_001/20220921_090000.WAV,Telephone Field,recover-20220922,001,1795
970.9455,970.9525,26328,38374,Eptesicus serotinus,0.006,0.028,-1,Echolocation,/mnt/ubna_data_02_mir/recover-20220922/UBNA_001/20220921_090000.WAV,Telephone Field,recover-20220922,001,1795
970.9685,971.0102,68437,82898,Rhinolophus ferrumequinum,0.029,0.029,-1,Echolocation,/mnt/ubna_data_02_mir/recover-20220922/UBNA_001/20220921_090000.WAV,Telephone Field,recover-20220922,001,1795
970.9685,970.9745,28046,41789,Eptesicus serotinus,0.006,0.027,-1,Echolocation,/mnt/ubna_data_02_mir/recover-20220922/UBNA_001/20220921_090000.WAV,Telephone Field,recover-20220922,001,1795
970.9995,971.0092,28046,35374,Eptesicus serotinus,0.009,0.022,-1,Echolocation,/mnt/ubna_data_02_mir/recover-20220922/UBNA_001/20220921_090000.WAV,Telephone Field,recover-20220922,001,1795
971.0035,971.0415,68437,81431,Rhinolophus ferrumequinum,0.023,0.023,-1,Echolocation,/mnt/ubna_data_02_mir/recover-20220922/UBNA_001/20220921_090000.WAV,Telephone Field,recover-20220922,001,1795
971.0055,971.0142,28046,36593,Eptesicus serotinus,0.008,0.022,-1,Echolocation,/mnt/ubna_data_02_mir/recover-20220922/UBNA_001/20220921_090000.WAV,Telephone Field,recover-20220922,001,1795
971.0235,971.0598,68437,82202,Rhinolophus ferrumequinum,0.024,0.024,-1,Echolocation,/mnt/ubna_data_02_mir/recover-20220922/UBNA_001/20220921_090000.WAV,Telephone Field,recover-20220922,001,1795
971.0345,971.0431,28046,38466,Eptesicus serotinus,0.008,0.022,-1,Echolocation,/mnt/ubna_data_02_mir/recover-20220922/UBNA_001/20220921_090000.WAV,Telephone Field,recover-20220922,001,1795
971.0505,971.0929,68437,82851,Rhinolophus ferrumequinum,0.03,0.03,-1,Echolocation,/mnt/ubna_data_02_mir/recover-20220922/UBNA_001/20220921_090000.WAV,Telephone Field,recover-20220922,001,1795
971.0875,971.1284,68437,82513,Rhinolophus ferrumequinum,0.022,0.022,-1,Echolocation,/mnt/ubna_data_02_mir/recover-20220922/UBNA_001/20220921_090000.WAV,Telephone Field,recover-20220922,001,1795
971.1205,971.1587,68437,82574,Rhinolophus ferrumequinum,0.023,0.023,-1,Echolocation,/mnt/ubna_data_02_mir/recover-20220922/UBNA_001/20220921_090000.WAV,Telephone Field,recover-20220922,001,1795
971.1435,971.1776,68437,80514,Rhinolophus ferrumequinum,0.024,0.025,-1,Echolocation,/mnt/ubna_data_02_mir/recover-20220922/UBNA_001/20220921_090000.WAV,Telephone Field,recover-20220922,001,1795
971.1625,971.1723,28906,37430,Eptesicus serotinus,0.01,0.023,-1,Echolocation,/mnt/ubna_data_02_mir/recover-20220922/UBNA_001/20220921_090000.WAV,Telephone Field,recover-20220922,001,1795
971.1675,971.1761,46093,50978,Pipistrellus pipistrellus,0.019,0.021,-1,Echolocation,/mnt/ubna_data_02_mir/recover-20220922/UBNA_001/20220921_090000.WAV,Telephone Field,recover-20220922,001,1795
971.1745,971.2114,68437,81718,Rhinolophus ferrumequinum,0.022,0.022,-1,Echolocation,/mnt/ubna_data_02_mir/recover-20220922/UBNA_001/20220921_090000.WAV,Telephone Field,recover-20220922,001,1795
971.1825,971.1909,28046,41373,Eptesicus serotinus,0.01,0.026,-1,Echolocation,/mnt/ubna_data_02_mir/recover-20220922/UBNA_001/20220921_090000.WAV,Telephone Field,recover-20220922,001,1795
971.1945,971.2333,68437,82432,Rhinolophus ferrumequinum,0.028,0.028,-1,Echolocation,/mnt/ubna_data_02_mir/recover-20220922/UBNA_001/20220921_090000.WAV,Telephone Field,recover-20220922,001,1795
971.1995,971.2395,68437,82450,Rhinolophus ferrumequinum,0.027,0.027,-1,Echolocation,/mnt/ubna_data_02_mir/recover-20220922/UBNA_001/20220921_090000.WAV,Telephone Field,recover-20220922,001,1795
971.2075,971.245,68437,82052,Rhinolophus ferrumequinum,0.023,0.023,-1,Echolocation,/mnt/ubna_data_02_mir/recover-20220922/UBNA_001/20220921_090000.WAV,Telephone Field,recover-20220922,001,1795
971.2105,971.2182,28046,39135,Eptesicus serotinus,0.009,0.024,-1,Echolocation,/mnt/ubna_data_02_mir/recover-20220922/UBNA_001/20220921_090000.WAV,Telephone Field,recover-20220922,001,1795
971.2425,971.282,68437,82194,Rhinolophus ferrumequinum,0.025,0.025,-1,Echolocation,/mnt/ubna_data_02_mir/recover-20220922/UBNA_001/20220921_090000.WAV,Telephone Field,recover-20220922,001,1795
971.2465,971.2572,15156,21192,Nyctalus noctula,0.011,0.023,-1,Echolocation,/mnt/ubna_data_02_mir/recover-20220922/UBNA_001/20220921_090000.WAV,Telephone Field,recover-20220922,001,1795
971.2555,971.296,68437,82240,Rhinolophus ferrumequinum,0.022,0.022,-1,Echolocation,/mnt/ubna_data_02_mir/recover-20220922/UBNA_001/20220921_090000.WAV,Telephone Field,recover-20220922,001,1795
971.2615,971.271,28046,35852,Eptesicus serotinus,0.008,0.021,-1,Echolocation,/mnt/ubna_data_02_mir/recover-20220922/UBNA_001/20220921_090000.WAV,Telephone Field,recover-20220922,001,1795
971.2725,971.3091,68437,81411,Rhinolophus ferrumequinum,0.022,0.022,-1,Echolocation,/mnt/ubna_data_02_mir/recover-20220922/UBNA_001/20220921_090000.WAV,Telephone Field,recover-20220922,001,1795
971.2855,971.3226,68437,82375,Rhinolophus ferrumequinum,0.023,0.023,-1,Echolocation,/mnt/ubna_data_02_mir/recover-20220922/UBNA_001/20220921_090000.WAV,Telephone Field,recover-20220922,001,1795
971.2955,971.3342,68437,81869,Rhinolophus ferrumequinum,0.021,0.021,-1,Echolocation,/mnt/ubna_data_02_mir/recover-20220922/UBNA_001/20220921_090000.WAV,Telephone Field,recover-20220922,001,1795
971.3205,971.3608,68437,82487,Rhinolophus ferrumequinum,0.028,0.028,-1,Echolocation,/mnt/ubna_data_02_mir/recover-20220922/UBNA_001/20220921_090000.WAV,Telephone Field,recover-20220922,001,1795
971.3745,971.3855,22031,26798,Nyctalus leisleri,0.01,0.021,-1,Echolocation,/mnt/ubna_data_02_mir/recover-20220922/UBNA_001/20220921_090000.WAV,Telephone Field,recover-20220922,001,1795
971.4015,971.411,22890,29464,Nyctalus leisleri,0.007,0.022,-1,Echolocation,/mnt/ubna_data_02_mir/recover-20220922/UBNA_001/20220921_090000.WAV,Telephone Field,recover-20220922,001,1795
971.4295,971.4674,68437,82075,Rhinolophus ferrumequinum,0.024,0.024,-1,Echolocation,/mnt/ubna_data_02_mir/recover-20220922/UBNA_001/20220921_090000.WAV,Telephone Field,recover-20220922,001,1795
971.4455,971.4854,68437,82315,Rhinolophus ferrumequinum,0.029,0.03,-1,Echolocation,/mnt/ubna_data_02_mir/recover-20220922/UBNA_001/20220921_090000.WAV,Telephone Field,recover-20220922,001,1795
971.4495,971.4598,23750,29967,Eptesicus serotinus,0.008,0.022,-1,Echolocation,/mnt/ubna_data_02_mir/recover-20220922/UBNA_001/20220921_090000.WAV,Telephone Field,recover-20220922,001,1795
971.4695,971.5129,68437,83416,Rhinolophus ferrumequinum,0.037,0.037,-1,Echolocation,/mnt/ubna_data_02_mir/recover-20220922/UBNA_001/20220921_090000.WAV,Telephone Field,recover-20220922,001,1795
971.5175,971.5259,26328,35817,Eptesicus serotinus,0.009,0.022,-1,Echolocation,/mnt/ubna_data_02_mir/recover-20220922/UBNA_001/20220921_090000.WAV,Telephone Field,recover-20220922,001,1795
971.5225,971.5658,68437,82845,Rhinolophus ferrumequinum,0.037,0.037,-1,Echolocation,/mnt/ubna_data_02_mir/recover-20220922/UBNA_001/20220921_090000.WAV,Telephone Field,recover-20220922,001,1795
971.5285,971.537,25468,33647,Eptesicus serotinus,0.008,0.021,-1,Echolocation,/mnt/ubna_data_02_mir/recover-20220922/UBNA_001/20220921_090000.WAV,Telephone Field,recover-20220922,001,1795
971.5465,971.5548,28046,38080,Eptesicus serotinus,0.008,0.021,-1,Echolocation,/mnt/ubna_data_02_mir/recover-20220922/UBNA_001/20220921_090000.WAV,Telephone Field,recover-20220922,001,1795
971.5585,971.569,26328,33765,Eptesicus serotinus,0.01,0.023,-1,Echolocation,/mnt/ubna_data_02_mir/recover-20220922/UBNA_001/20220921_090000.WAV,Telephone Field,recover-20220922,001,1795
971.5645,971.57,40078,55277,Myotis bechsteinii,0.006,0.022,-1,Echolocation,/mnt/ubna_data_02_mir/recover-20220922/UBNA_001/20220921_090000.WAV,Telephone Field,recover-20220922,001,1795
971.5735,971.6119,68437,81972,Rhinolophus ferrumequinum,0.024,0.024,-1,Echolocation,/mnt/ubna_data_02_mir/recover-20220922/UBNA_001/20220921_090000.WAV,Telephone Field,recover-20220922,001,1795
971.6145,971.6518,68437,82615,Rhinolophus ferrumequinum,0.027,0.027,-1,Echolocation,/mnt/ubna_data_02_mir/recover-20220922/UBNA_001/20220921_090000.WAV,Telephone Field,recover-20220922,001,1795
971.6355,971.6445,28906,39266,Eptesicus serotinus,0.008,0.022,-1,Echolocation,/mnt/ubna_data_02_mir/recover-20220922/UBNA_001/20220921_090000.WAV,Telephone Field,recover-20220922,001,1795
971.6455,971.6839,68437,82472,Rhinolophus ferrumequinum,0.028,0.028,-1,Echolocation,/mnt/ubna_data_02_mir/recover-20220922/UBNA_001/20220921_090000.WAV,Telephone Field,recover-20220922,001,1795
971.6805,971.6888,28046,40275,Eptesicus serotinus,0.009,0.023,-1,Echolocation,/mnt/ubna_data_02_mir/recover-20220922/UBNA_001/20220921_090000.WAV,Telephone Field,recover-20220922,001,1795
971.6935,971.7331,68437,82264,Rhinolophus ferrumequinum,0.023,0.023,-1,Echolocation,/mnt/ubna_data_02_mir/recover-20220922/UBNA_001/20220921_090000.WAV,Telephone Field,recover-20220922,001,1795
971.7065,971.7414,68437,81826,Rhinolophus ferrumequinum,0.022,0.022,-1,Echolocation,/mnt/ubna_data_02_mir/recover-20220922/UBNA_001/20220921_090000.WAV,Telephone Field,recover-20220922,001,1795
971.7195,971.7595,68437,82294,Rhinolophus ferrumequinum,0.025,0.026,-1,Echolocation,/mnt/ubna_data_02_mir/recover-20220922/UBNA_001/20220921_090000.WAV,Telephone Field,recover-20220922,001,1795
971.7275,971.7377,28046,34943,Eptesicus serotinus,0.011,0.023,-1,Echolocation,/mnt/ubna_data_02_mir/recover-20220922/UBNA_001/20220921_090000.WAV,Telephone Field,recover-20220922,001,1795
971.7435,971.7819,68437,82130,Rhinolophus ferrumequinum,0.022,0.022,-1,Echolocation,/mnt/ubna_data_02_mir/recover-20220922/UBNA_001/20220921_090000.WAV,Telephone Field,recover-20220922,001,1795
971.7525,971.7921,68437,82832,Rhinolophus ferrumequinum,0.025,0.025,-1,Echolocation,/mnt/ubna_data_02_mir/recover-20220922/UBNA_001/20220921_090000.WAV,Telephone Field,recover-20220922,001,1795
971.7545,971.762,28046,39061,Eptesicus serotinus,0.008,0.024,-1,Echolocation,/mnt/ubna_data_02_mir/recover-20220922/UBNA_001/20220921_090000.WAV,Telephone Field,recover-20220922,001,1795
971.7815,971.8205,68437,82552,Rhinolophus ferrumequinum,0.023,0.023,-1,Echolocation,/mnt/ubna_data_02_mir/recover-20220922/UBNA_001/20220921_090000.WAV,Telephone Field,recover-20220922,001,1795
971.8315,971.8411,28046,36577,Eptesicus serotinus,0.008,0.022,-1,Echolocation,/mnt/ubna_data_02_mir/recover-20220922/UBNA_001/20220921_090000.WAV,Telephone Field,recover-20220922,001,1795
971.8535,971.889,68437,81438,Rhinolophus ferrumequinum,0.022,0.022,-1,Echolocation,/mnt/ubna_data_02_mir/recover-20220922/UBNA_001/20220921_090000.WAV,Telephone Field,recover-20220922,001,1795
971.8575,971.8658,28906,38691,Eptesicus serotinus,0.008,0.024,-1,Echolocation,/mnt/ubna_data_02_mir/recover-20220922/UBNA_001/20220921_090000.WAV,Telephone Field,recover-20220922,001,1795
971.8715,971.9033,68437,80093,Rhinolophus ferrumequinum,0.023,0.024,-1,Echolocation,/mnt/ubna_data_02_mir/recover-20220922/UBNA_001/20220921_090000.WAV,Telephone Field,recover-20220922,001,1795
971.8855,971.9196,68437,81243,Rhinolophus ferrumequinum,0.023,0.023,-1,Echolocation,/mnt/ubna_data_02_mir/recover-20220922/UBNA_001/20220921_090000.WAV,Telephone Field,recover-20220922,001,1795
971.8935,971.9296,68437,81386,Rhinolophus ferrumequinum,0.022,0.022,-1,Echolocation,/mnt/ubna_data_02_mir/recover-20220922/UBNA_001/20220921_090000.WAV,Telephone Field,recover-20220922,001,1795
971.9255,971.9638,68437,82264,Rhinolophus ferrumequinum,0.023,0.023,-1,Echolocation,/mnt/ubna_data_02_mir/recover-20220922/UBNA_001/20220921_090000.WAV,Telephone Field,recover-20220922,001,1795
971.9325,971.9676,68437,81629,Rhinolophus ferrumequinum,0.022,0.022,-1,Echolocation,/mnt/ubna_data_02_mir/recover-20220922/UBNA_001/20220921_090000.WAV,Telephone Field,recover-20220922,001,1795
971.9855,971.9931,27187,41111,Eptesicus serotinus,0.009,0.026,-1,Echolocation,/mnt/ubna_data_02_mir/recover-20220922/UBNA_001/20220921_090000.WAV,Telephone Field,recover-20220922,001,1795
972.0015,972.0364,69296,80826,Rhinolophus ferrumequinum,0.076,0.077,-1,Echolocation,/mnt/ubna_data_02_mir/recover-20220922/UBNA_001/20220921_090000.WAV,Telephone Field,recover-20220922,001,1795
972.0015,972.0121,20312,25172,Nyctalus leisleri,0.012,0.027,-1,Echolocation,/mnt/ubna_data_02_mir/recover-20220922/UBNA_001/20220921_090000.WAV,Telephone Field,recover-20220922,001,1795
972.0015,972.0105,48671,54687,Pipistrellus pipistrellus,0.017,0.023,-1,Echolocation,/mnt/ubna_data_02_mir/recover-20220922/UBNA_001/20220921_090000.WAV,Telephone Field,recover-20220922,001,1795
972.0175,972.0592,68437,83469,Rhinolophus ferrumequinum,0.022,0.022,-1,Echolocation,/mnt/ubna_data_02_mir/recover-20220922/UBNA_001/20220921_090000.WAV,Telephone Field,recover-20220922,001,1795
972.0355,972.0771,68437,82680,Rhinolophus ferrumequinum,0.027,0.027,-1,Echolocation,/mnt/ubna_data_02_mir/recover-20220922/UBNA_001/20220921_090000.WAV,Telephone Field,recover-20220922,001,1795
972.0715,972.1107,68437,82379,Rhinolophus ferrumequinum,0.024,0.024,-1,Echolocation,/mnt/ubna_data_02_mir/recover-20220922/UBNA_001/20220921_090000.WAV,Telephone Field,recover-20220922,001,1795
972.1275,972.1349,31484,43515,Myotis daubentonii,0.007,0.025,-1,Echolocation,/mnt/ubna_data_02_mir/recover-20220922/UBNA_001/20220921_090000.WAV,Telephone Field,recover-20220922,001,1795
972.1695,972.1807,44375,48207,Pipistrellus pipistrellus,0.03,0.035,-1,Echolocation,/mnt/ubna_data_02_mir/recover-20220922/UBNA_001/20220921_090000.WAV,Telephone Field,recover-20220922,001,1795
972.1745,972.1847,23750,30675,Nyctalus leisleri,0.008,0.025,-1,Echolocation,/mnt/ubna_data_02_mir/recover-20220922/UBNA_001/20220921_090000.WAV,Telephone Field,recover-20220922,001,1795
972.2295,972.2643,68437,81375,Rhinolophus ferrumequinum,0.024,0.025,-1,Echolocation,/mnt/ubna_data_02_mir/recover-20220922/UBNA_001/20220921_090000.WAV,Telephone Field,recover-20220922,001,1795
972.2865,972.2964,28906,37206,Eptesicus serotinus,0.009,0.023,-1,Echolocation,/mnt/ubna_data_02_mir/recover-20220922/UBNA_001/20220921_090000.WAV,Telephone Field,recover-20220922,001,1795
972.2895,972.3297,68437,82386,Rhinolophus ferrumequinum,0.023,0.023,-1,Echolocation,/mnt/ubna_data_02_mir/recover-20220922/UBNA_001/20220921_090000.WAV,Telephone Field,recover-20220922,001,1795
972.2965,972.3049,28906,39748,Eptesicus serotinus,0.009,0.024,-1,Echolocation,/mnt/ubna_data_02_mir/recover-20220922/UBNA_001/20220921_090000.WAV,Telephone Field,recover-20220922,001,1795
972.3215,972.3615,68437,82307,Rhinolophus ferrumequinum,0.024,0.024,-1,Echolocation,/mnt/ubna_data_02_mir/recover-20220922/UBNA_001/20220921_090000.WAV,Telephone Field,recover-20220922,001,1795
972.3295,972.3678,68437,81654,Rhinolophus ferrumequinum,0.022,0.023,-1,Echolocation,/mnt/ubna_data_02_mir/recover-20220922/UBNA_001/20220921_090000.WAV,Telephone Field,recover-20220922,001,1795
972.3365,972.3433,49531,53557,Pipistrellus pipistrellus,0.021,0.022,-1,Echolocation,/mnt/ubna_data_02_mir/recover-20220922/UBNA_001/20220921_090000.WAV,Telephone Field,recover-20220922,001,1795
972.3735,972.4131,68437,82422,Rhinolophus ferrumequinum,0.026,0.026,-1,Echolocation,/mnt/ubna_data_02_mir/recover-20220922/UBNA_001/20220921_090000.WAV,Telephone Field,recover-20220922,001,1795
972.3985,972.4053,13437,26551,Plecotus auritus,0.029,0.032,-1,Echolocation,/mnt/ubna_data_02_mir/recover-20220922/UBNA_001/20220921_090000.WAV,Telephone Field,recover-20220922,001,1795
972.4245,972.4385,22890,26541,Nyctalus leisleri,0.028,0.045,-1,Echolocation,/mnt/ubna_data_02_mir/recover-20220922/UBNA_001/20220921_090000.WAV,Telephone Field,recover-20220922,001,1795
972.4545,972.4647,24609,31679,Nyctalus leisleri,0.009,0.027,-1,Echolocation,/mnt/ubna_data_02_mir/recover-20220922/UBNA_001/20220921_090000.WAV,Telephone Field,recover-20220922,001,1795
972.4725,972.5125,68437,82783,Rhinolophus ferrumequinum,0.025,0.025,-1,Echolocation,/mnt/ubna_data_02_mir/recover-20220922/UBNA_001/20220921_090000.WAV,Telephone Field,recover-20220922,001,1795
972.4815,972.4878,28906,41131,Eptesicus serotinus,0.006,0.027,-1,Echolocation,/mnt/ubna_data_02_mir/recover-20220922/UBNA_001/20220921_090000.WAV,Telephone Field,recover-20220922,001,1795
972.5165,972.5551,68437,82328,Rhinolophus ferrumequinum,0.023,0.023,-1,Echolocation,/mnt/ubna_data_02_mir/recover-20220922/UBNA_001/20220921_090000.WAV,Telephone Field,recover-20220922,001,1795
972.5395,972.5541,52109,55882,Pipistrellus pygmaeus,0.049,0.081,-1,Echolocation,/mnt/ubna_data_02_mir/recover-20220922/UBNA_001/20220921_090000.WAV,Telephone Field,recover-20220922,001,1795
972.5415,972.5521,14296,20907,Nyctalus noctula,0.013,0.026,-1,Echolocation,/mnt/ubna_data_02_mir/recover-20220922/UBNA_001/20220921_090000.WAV,Telephone Field,recover-20220922,001,1795
972.5415,972.5855,68437,83146,Rhinolophus ferrumequinum,0.065,0.065,-1,Echolocation,/mnt/ubna_data_02_mir/recover-20220922/UBNA_001/20220921_090000.WAV,Telephone Field,recover-20220922,001,1795
972.5605,972.5698,28046,35681,Eptesicus serotinus,0.01,0.023,-1,Echolocation,/mnt/ubna_data_02_mir/recover-20220922/UBNA_001/20220921_090000.WAV,Telephone Field,recover-20220922,001,1795
972.5865,972.5996,23750,29076,Nyctalus leisleri,0.023,0.046,-1,Echolocation,/mnt/ubna_data_02_mir/recover-20220922/UBNA_001/20220921_090000.WAV,Telephone Field,recover-20220922,001,1795
972.6305,972.6684,68437,81800,Rhinolophus ferrumequinum,0.023,0.023,-1,Echolocation,/mnt/ubna_data_02_mir/recover-20220922/UBNA_001/20220921_090000.WAV,Telephone Field,recover-20220922,001,1795
972.6695,972.6797,24609,31244,Nyctalus leisleri,0.008,0.022,-1,Echolocation,/mnt/ubna_data_02_mir/recover-20220922/UBNA_001/20220921_090000.WAV,Telephone Field,recover-20220922,001,1795
972.6915,972.73,68437,82431,Rhinolophus ferrumequinum,0.027,0.027,-1,Echolocation,/mnt/ubna_data_02_mir/recover-20220922/UBNA_001/20220921_090000.WAV,Telephone Field,recover-20220922,001,1795
972.6985,972.7111,14296,19335,Nyctalus noctula,0.03,0.045,-1,Echolocation,/mnt/ubna_data_02_mir/recover-20220922/UBNA_001/20220921_090000.WAV,Telephone Field,recover-20220922,001,1795
972.7135,972.7199,28906,38586,Eptesicus serotinus,0.011,0.035,-1,Echolocation,/mnt/ubna_data_02_mir/recover-20220922/UBNA_001/20220921_090000.WAV,Telephone Field,recover-20220922,001,1795
972.7185,972.7558,68437,82211,Rhinolophus ferrumequinum,0.027,0.027,-1,Echolocation,/mnt/ubna_data_02_mir/recover-20220922/UBNA_001/20220921_090000.WAV,Telephone Field,recover-20220922,001,1795
972.7205,972.7281,28906,37847,Eptesicus serotinus,0.008,0.023,-1,Echolocation,/mnt/ubna_data_02_mir/recover-20220922/UBNA_001/20220921_090000.WAV,Telephone Field,recover-20220922,001,1795
972.7435,972.7811,68437,81953,Rhinolophus ferrumequinum,0.022,0.022,-1,Echolocation,/mnt/ubna_data_02_mir/recover-20220922/UBNA_001/20220921_090000.WAV,Telephone Field,recover-20220922,001,1795
972.7615,972.7994,68437,82374,Rhinolophus ferrumequinum,0.027,0.027,-1,Echolocation,/mnt/ubna_data_02_mir/recover-20220922/UBNA_001/20220921_090000.WAV,Telephone Field,recover-20220922,001,1795
972.7655,972.7802,21171,24419,Nyctalus leisleri,0.016,0.027,-1,Echolocation,/mnt/ubna_data_02_mir/recover-20220922/UBNA_001/20220921_090000.WAV,Telephone Field,recover-20220922,001,1795
972.7805,972.8172,68437,81809,Rhinolophus ferrumequinum,0.022,0.022,-1,Echolocation,/mnt/ubna_data_02_mir/recover-20220922/UBNA_001/20220921_090000.WAV,Telephone Field,recover-20220922,001,1795
972.7895,972.8312,68437,82770,Rhinolophus ferrumequinum,0.025,0.025,-1,Echolocation,/mnt/ubna_data_02_mir/recover-20220922/UBNA_001/20220921_090000.WAV,Telephone Field,recover-20220922,001,1795
972.7905,972.8009,26328,34573,Eptesicus serotinus,0.012,0.028,-1,Echolocation,/mnt/ubna_data_02_mir/recover-20220922/UBNA_001/20220921_090000.WAV,Telephone Field,recover-20220922,001,1795
972.8305,972.8673,68437,82081,Rhinolophus ferrumequinum,0.024,0.024,-1,Echolocation,/mnt/ubna_data_02_mir/recover-20220922/UBNA_001/20220921_090000.WAV,Telephone Field,recover-20220922,001,1795
972.8575,972.8689,22031,26551,Nyctalus leisleri,0.011,0.022,-1,Echolocation,/mnt/ubna_data_02_mir/recover-20220922/UBNA_001/20220921_090000.WAV,Telephone Field,recover-20220922,001,1795
972.8715,972.9129,68437,82681,Rhinolophus ferrumequinum,0.026,0.026,-1,Echolocation,/mnt/ubna_data_02_mir/recover-20220922/UBNA_001/20220921_090000.WAV,Telephone Field,recover-20220922,001,1795
972.8755,972.8821,23750,36984,Plecotus austriacus,0.01,0.026,-1,Echolocation,/mnt/ubna_data_02_mir/recover-20220922/UBNA_001/20220921_090000.WAV,Telephone Field,recover-20220922,001,1795
972.8855,972.9257,68437,82236,Rhinolophus ferrumequinum,0.023,0.023,-1,Echolocation,/mnt/ubna_data_02_mir/recover-20220922/UBNA_001/20220921_090000.WAV,Telephone Field,recover-20220922,001,1795
972.9095,972.9203,23750,29882,Nyctalus leisleri,0.009,0.022,-1,Echolocation,/mnt/ubna_data_02_mir/recover-20220922/UBNA_001/20220921_090000.WAV,Telephone Field,recover-20220922,001,1795
972.9405,972.9771,68437,81852,Rhinolophus ferrumequinum,0.022,0.022,-1,Echolocation,/mnt/ubna_data_02_mir/recover-20220922/UBNA_001/20220921_090000.WAV,Telephone Field,recover-20220922,001,1795
972.9795,973.0186,68437,81827,Rhinolophus ferrumequinum,0.029,0.029,-1,Echolocation,/mnt/ubna_data_02_mir/recover-20220922/UBNA_001/20220921_090000.WAV,Telephone Field,recover-20220922,001,1795
973.0095,973.052,68437,83270,Rhinolophus ferrumequinum,0.037,0.037,-1,Echolocation,/mnt/ubna_data_02_mir/recover-20220922/UBNA_001/20220921_090000.WAV,Telephone Field,recover-20220922,001,1795
973.0285,973.0678,68437,82508,Rhinolophus ferrumequinum,0.026,0.026,-1,Echolocation,/mnt/ubna_data_02_mir/recover-20220922/UBNA_001/20220921_090000.WAV,Telephone Field,recover-20220922,001,1795
973.0455,973.0816,68437,81612,Rhinolophus ferrumequinum,0.022,0.022,-1,Echolocation,/mnt/ubna_data_02_mir/recover-20220922/UBNA_001/20220921_090000.WAV,Telephone Field,recover-20220922,001,1795
973.0585,973.0658,23750,33851,Plecotus austriacus,0.009,0.023,-1,Echolocation,/mnt/ubna_data_02_mir/recover-20220922/UBNA_001/20220921_090000.WAV,Telephone Field,recover-20220922,001,1795
973.0665,973.0976,68437,80465,Rhinolophus ferrumequinum,0.022,0.023,-1,Echolocation,/mnt/ubna_data_02_mir/recover-20220922/UBNA_001/20220921_090000.WAV,Telephone Field,recover-20220922,001,1795
973.0905,973.1289,68437,82396,Rhinolophus ferrumequinum,0.022,0.022,-1,Echolocation,/mnt/ubna_data_02_mir/recover-20220922/UBNA_001/20220921_090000.WAV,Telephone Field,recover-20220922,001,1795
973.2105,973.2449,68437,81348,Rhinolophus ferrumequinum,0.032,0.032,-1,Echolocation,/mnt/ubna_data_02_mir/recover-20220922/UBNA_001/20220921_090000.WAV,Telephone Field,recover-20220922,001,1795
973.2235,973.26,68437,81808,Rhinolophus ferrumequinum,0.022,0.022,-1,Echolocation,/mnt/ubna_data_02_mir/recover-20220922/UBNA_001/20220921_090000.WAV,Telephone Field,recover-20220922,001,1795
973.2515,973.2913,68437,81755,Rhinolophus ferrumequinum,0.032,0.032,-1,Echolocation,/mnt/ubna_data_02_mir/recover-20220922/UBNA_001/20220921_090000.WAV,Telephone Field,recover-20220922,001,1795
973.2565,973.2681,24609,30089,Nyctalus leisleri,0.012,0.029,-1,Echolocation,/mnt/ubna_data_02_mir/recover-20220922/UBNA_001/20220921_090000.WAV,Telephone Field,recover-20220922,001,1795
973.2725,973.2828,28906,37276,Eptesicus serotinus,0.015,0.028,-1,Echolocation,/mnt/ubna_data_02_mir/recover-20220922/UBNA_001/20220921_090000.WAV,Telephone Field,recover-20220922,001,1795
973.2735,973.3107,68437,81219,Rhinolophus ferrumequinum,0.027,0.027,-1,Echolocation,/mnt/ubna_data_02_mir/recover-20220922/UBNA_001/20220921_090000.WAV,Telephone Field,recover-20220922,001,1795
973.3285,973.3654,68437,81753,Rhinolophus ferrumequinum,0.022,0.022,-1,Echolocation,/mnt/ubna_data_02_mir/recover-20220922/UBNA_001/20220921_090000.WAV,Telephone Field,recover-20220922,001,1795
973.3435,973.3772,68437,80986,Rhinolophus ferrumequinum,0.022,0.023,-1,Echolocation,/mnt/ubna_data_02_mir/recover-20220922/UBNA_001/20220921_090000.WAV,Telephone Field,recover-20220922,001,1795
973.3865,973.4241,68437,81755,Rhinolophus ferrumequinum,0.023,0.024,-1,Echolocation,/mnt/ubna_data_02_mir/recover-20220922/UBNA_001/20220921_090000.WAV,Telephone Field,recover-20220922,001,1795
973.3945,973.4342,68437,82013,Rhinolophus ferrumequinum,0.026,0.026,-1,Echolocation,/mnt/ubna_data_02_mir/recover-20220922/UBNA_001/20220921_090000.WAV,Telephone Field,recover-20220922,001,1795
973.4305,973.4695,68437,81977,Rhinolophus ferrumequinum,0.023,0.023,-1,Echolocation,/mnt/ubna_data_02_mir/recover-20220922/UBNA_001/20220921_090000.WAV,Telephone Field,recover-20220922,001,1795
973.4455,973.4829,68437,82301,Rhinolophus ferrumequinum,0.022,0.022,-1,Echolocation,/mnt/ubna_data_02_mir/recover-20220922/UBNA_001/20220921_090000.WAV,Telephone Field,recover-20220922,001,1795
973.4545,973.4638,32343,39816,Eptesicus serotinus,0.015,0.04,-1,Echolocation,/mnt/ubna_data_02_mir/recover-20220922/UBNA_001/20220921_090000.WAV,Telephone Field,recover-20220922,001,1795
973.4675,973.5094,68437,83056,Rhinolophus ferrumequinum,0.037,0.037,-1,Echolocation,/mnt/ubna_data_02_mir/recover-20220922/UBNA_001/20220921_090000.WAV,Telephone Field,recover-20220922,001,1795
973.5005,973.5097,46953,50400,Pipistrellus pipistrellus,0.024,0.026,-1,Echolocation,/mnt/ubna_data_02_mir/recover-20220922/UBNA_001/20220921_090000.WAV,Telephone Field,recover-20220922,001,1795
973.5125,973.5501,68437,82102,Rhinolophus ferrumequinum,0.032,0.032,-1,Echolocation,/mnt/ubna_data_02_mir/recover-20220922/UBNA_001/20220921_090000.WAV,Telephone Field,recover-20220922,001,1795
973.5215,973.5609,68437,82439,Rhinolophus ferrumequinum,0.032,0.033,-1,Echolocation,/mnt/ubna_data_02_mir/recover-20220922/UBNA_001/20220921_090000.WAV,Telephone Field,recover-20220922,001,1795
973.5305,973.5695,68437,82338,Rhinolophus ferrumequinum,0.022,0.022,-1,Echolocation,/mnt/ubna_data_02_mir/recover-20220922/UBNA_001/20220921_090000.WAV,Telephone Field,recover-20220922,001,1795
973.5575,973.5652,22890,31868,Plecotus austriacus,0.016,0.032,-1,Echolocation,/mnt/ubna_data_02_mir/recover-20220922/UBNA_001/20220921_090000.WAV,Telephone Field,recover-20220922,001,1795
973.5705,973.6072,68437,81001,Rhinolophus ferrumequinum,0.023,0.023,-1,Echolocation,/mnt/ubna_data_02_mir/recover-20220922/UBNA_001/20220921_090000.WAV,Telephone Field,recover-20220922,001,1795
973.5805,973.6188,68437,82433,Rhinolophus ferrumequinum,0.023,0.023,-1,Echolocation,/mnt/ubna_data_02_mir/recover-20220922/UBNA_001/20220921_090000.WAV,Telephone Field,recover-20220922,001,1795
973.6255,973.664,68437,81942,Rhinolophus ferrumequinum,0.024,0.024,-1,Echolocation,/mnt/ubna_data_02_mir/recover-20220922/UBNA_001/20220921_090000.WAV,Telephone Field,recover-20220922,001,1795
973.6325,973.6443,43515,46691,Pipistrellus pipistrellus,0.043,0.05,-1,Echolocation,/mnt/ubna_data_02_mir/recover-20220922/UBNA_001/20220921_090000.WAV,Telephone Field,recover-20220922,001,1795
973.6695,973.7094,68437,83049,Rhinolophus ferrumequinum,0.031,0.031,-1,Echolocation,/mnt/ubna_data_02_mir/recover-20220922/UBNA_001/20220921_090000.WAV,Telephone Field,recover-20220922,001,1795
973.7185,973.76,68437,82622,Rhinolophus ferrumequinum,0.038,0.038,-1,Echolocation,/mnt/ubna_data_02_mir/recover-20220922/UBNA_001/20220921_090000.WAV,Telephone Field,recover-20220922,001,1795
973.7525,973.7664,56406,61417,Pipistrellus pygmaeus,0.031,0.033,-1,Echolocation,/mnt/ubna_data_02_mir/recover-20220922/UBNA_001/20220921_090000.WAV,Telephone Field,recover-20220922,001,1795
973.7635,973.8058,68437,83299,Rhinolophus ferrumequinum,0.026,0.026,-1,Echolocation,/mnt/ubna_data_02_mir/recover-20220922/UBNA_001/20220921_090000.WAV,Telephone Field,recover-20220922,001,1795
973.7795,973.8162,68437,81903,Rhinolophus ferrumequinum,0.023,0.023,-1,Echolocation,/mnt/ubna_data_02_mir/recover-20220922/UBNA_001/20220921_090000.WAV,Telephone Field,recover-20220922,001,1795
973.7885,973.7974,37500,43343,Barbastellus barbastellus,0.01,0.031,-1,Echolocation,/mnt/ubna_data_02_mir/recover-20220922/UBNA_001/20220921_090000.WAV,Telephone Field,recover-20220922,001,1795
973.7885,973.8227,68437,81306,Rhinolophus ferrumequinum,0.023,0.023,-1,Echolocation,/mnt/ubna_data_02_mir/recover-20220922/UBNA_001/20220921_090000.WAV,Telephone Field,recover-20220922,001,1795
973.7945,973.8061,46093,50417,Pipistrellus pipistrellus,0.023,0.027,-1,Echolocation,/mnt/ubna_data_02_mir/recover-20220922/UBNA_001/20220921_090000.WAV,Telephone Field,recover-20220922,001,1795
973.7955,973.8059,22890,28579,Nyctalus leisleri,0.011,0.026,-1,Echolocation,/mnt/ubna_data_02_mir/recover-20220922/UBNA_001/20220921_090000.WAV,Telephone Field,recover-20220922,001,1795
973.8035,973.8422,68437,82316,Rhinolophus ferrumequinum,0.026,0.026,-1,Echolocation,/mnt/ubna_data_02_mir/recover-20220922/UBNA_001/20220921_090000.WAV,Telephone Field,recover-20220922,001,1795
973.8075,973.818,43515,48752,Pipistrellus pipistrellus,0.015,0.022,-1,Echolocation,/mnt/ubna_data_02_mir/recover-20220922/UBNA_001/20220921_090000.WAV,Telephone Field,recover-20220922,001,1795
973.8425,973.8805,68437,81369,Rhinolophus ferrumequinum,0.022,0.022,-1,Echolocation,/mnt/ubna_data_02_mir/recover-20220922/UBNA_001/20220921_090000.WAV,Telephone Field,recover-20220922,001,1795
973.8995,973.9341,68437,81210,Rhinolophus ferrumequinum,0.022,0.022,-1,Echolocation,/mnt/ubna_data_02_mir/recover-20220922/UBNA_001/20220921_090000.WAV,Telephone Field,recover-20220922,001,1795
973.9075,973.9157,28906,36859,Eptesicus serotinus,0.009,0.023,-1,Echolocation,/mnt/ubna_data_02_mir/recover-20220922/UBNA_001/20220921_090000.WAV,Telephone Field,recover-20220922,001,1795
973.9225,973.9322,22890,28764,Nyctalus leisleri,0.009,0.022,-1,Echolocation,/mnt/ubna_data_02_mir/recover-20220922/UBNA_001/20220921_090000.WAV,Telephone Field,recover-20220922,001,1795
973.9305,973.968,68437,82273,Rhinolophus ferrumequinum,0.029,0.03,-1,Echolocation,/mnt/ubna_data_02_mir/recover-20220922/UBNA_001/20220921_090000.WAV,Telephone Field,recover-20220922,001,1795
973.9395,973.95,26328,32998,Eptesicus serotinus,0.011,0.024,-1,Echolocation,/mnt/ubna_data_02_mir/recover-20220922/UBNA_001/20220921_090000.WAV,Telephone Field,recover-20220922,001,1795
973.9855,973.9973,40937,45119,Pipistrellus nathusii,0.011,0.022,-1,Echolocation,/mnt/ubna_data_02_mir/recover-20220922/UBNA_001/20220921_090000.WAV,Telephone Field,recover-20220922,001,1795
974.0015,974.0095,25468,37086,Eptesicus serotinus,0.004,0.022,-1,Echolocation,/mnt/ubna_data_02_mir/recover-20220922/UBNA_001/20220921_090000.WAV,Telephone Field,recover-20220922,001,1795
974.0015,974.033,69296,82385,Rhinolophus ferrumequinum,0.035,0.035,-1,Echolocation,/mnt/ubna_data_02_mir/recover-20220922/UBNA_001/20220921_090000.WAV,Telephone Field,recover-20220922,001,1795
974.0015,974.0173,53828,59938,Pipistrellus pygmaeus,0.017,0.022,-1,Echolocation,/mnt/ubna_data_02_mir/recover-20220922/UBNA_001/20220921_090000.WAV,Telephone Field,recover-20220922,001,1795
974.0185,974.0628,68437,83449,Rhinolophus ferrumequinum,0.024,0.024,-1,Echolocation,/mnt/ubna_data_02_mir/recover-20220922/UBNA_001/20220921_090000.WAV,Telephone Field,recover-20220922,001,1795
974.0265,974.0642,68437,81955,Rhinolophus ferrumequinum,0.022,0.022,-1,Echolocation,/mnt/ubna_data_02_mir/recover-20220922/UBNA_001/20220921_090000.WAV,Telephone Field,recover-20220922,001,1795
974.0445,974.0538,36640,42142,Barbastellus barbastellus,0.014,0.033,-1,Echolocation,/mnt/ubna_data_02_mir/recover-20220922/UBNA_001/20220921_090000.WAV,Telephone Field,recover-20220922,001,1795
974.0485,974.0552,28046,41324,Eptesicus serotinus,0.006,0.022,-1,Echolocation,/mnt/ubna_data_02_mir/recover-20220922/UBNA_001/20220921_090000.WAV,Telephone Field,recover-20220922,001,1795
974.0615,974.0952,68437,80511,Rhinolophus ferrumequinum,0.029,0.029,-1,Echolocation,/mnt/ubna_data_02_mir/recover-20220922/UBNA_001/20220921_090000.WAV,Telephone Field,recover-20220922,001,1795
974.0745,974.1129,68437,82183,Rhinolophus ferrumequinum,0.027,0.027,-1,Echolocation,/mnt/ubna_data_02_mir/recover-20220922/UBNA_001/20220921_090000.WAV,Telephone Field,recover-20220922,001,1795
974.1015,974.1101,25468,34143,Eptesicus serotinus,0.008,0.025,-1,Echolocation,/mnt/ubna_data_02_mir/recover-20220922/UBNA_001/20220921_090000.WAV,Telephone Field,recover-20220922,001,1795
974.2035,974.2484,68437,83183,Rhinolophus ferrumequinum,0.022,0.022,-1,Echolocation,/mnt/ubna_data_02_mir/recover-20220922/UBNA_001/20220921_090000.WAV,Telephone Field,recover-20220922,001,1795
974.2065,974.2139,23750,31918,Plecotus austriacus,0.009,0.023,-1,Echolocation,/mnt/ubna_data_02_mir/recover-20220922/UBNA_001/20220921_090000.WAV,Telephone Field,recover-20220922,001,1795
974.2265,974.2349,30625,42679,Myotis daubentonii,0.007,0.022,-1,Echolocation,/mnt/ubna_data_02_mir/recover-20220922/UBNA_001/20220921_090000.WAV,Telephone Field,recover-20220922,001,1795
974.2385,974.2811,68437,83425,Rhinolophus ferrumequinum,0.042,0.042,-1,Echolocation,/mnt/ubna_data_02_mir/recover-20220922/UBNA_001/20220921_090000.WAV,Telephone Field,recover-20220922,001,1795
974.2795,974.3174,68437,81798,Rhinolophus ferrumequinum,0.023,0.023,-1,Echolocation,/mnt/ubna_data_02_mir/recover-20220922/UBNA_001/20220921_090000.WAV,Telephone Field,recover-20220922,001,1795
974.2965,974.3384,68437,82430,Rhinolophus ferrumequinum,0.025,0.025,-1,Echolocation,/mnt/ubna_data_02_mir/recover-20220922/UBNA_001/20220921_090000.WAV,Telephone Field,recover-20220922,001,1795
974.3325,974.3739,68437,82965,Rhinolophus ferrumequinum,0.022,0.022,-1,Echolocation,/mnt/ubna_data_02_mir/recover-20220922/UBNA_001/20220921_090000.WAV,Telephone Field,recover-20220922,001,1795
974.3475,974.3564,26328,36219,Eptesicus serotinus,0.011,0.026,-1,Echolocation,/mnt/ubna_data_02_mir/recover-20220922/UBNA_001/20220921_090000.WAV,Telephone Field,recover-20220922,001,1795
974.3515,974.3905,68437,82636,Rhinolophus ferrumequinum,0.025,0.025,-1,Echolocation,/mnt/ubna_data_02_mir/recover-20220922/UBNA_001/20220921_090000.WAV,Telephone Field,recover-20220922,001,1795
974.3715,974.4108,68437,82064,Rhinolophus ferrumequinum,0.024,0.024,-1,Echolocation,/mnt/ubna_data_02_mir/recover-20220922/UBNA_001/20220921_090000.WAV,Telephone Field,recover-20220922,001,1795
974.3725,974.3821,28906,37290,Eptesicus serotinus,0.009,0.022,-1,Echolocation,/mnt/ubna_data_02_mir/recover-20220922/UBNA_001/20220921_090000.WAV,Telephone Field,recover-20220922,001,1795
974.4005,974.4407,68437,82678,Rhinolophus ferrumequinum,0.034,0.034,-1,Echolocation,/mnt/ubna_data_02_mir/recover-20220922/UBNA_001/20220921_090000.WAV,Telephone Field,recover-20220922,001,1795
974.4025,974.4132,25468,32352,Eptesicus serotinus,0.01,0.023,-1,Echolocation,/mnt/ubna_data_02_mir/recover-20220922/UBNA_001/20220921_090000.WAV,Telephone Field,recover-20220922,001,1795
974.4445,974.454,14296,21094,Nyctalus noctula,0.02,0.038,-1,Echolocation,/mnt/ubna_data_02_mir/recover-20220922/UBNA_001/20220921_090000.WAV,Telephone Field,recover-20220922,001,1795
974.4615,974.4705,36640,40651,Barbastellus barbastellus,0.012,0.025,-1,Echolocation,/mnt/ubna_data_02_mir/recover-20220922/UBNA_001/20220921_090000.WAV,Telephone Field,recover-20220922,001,1795
974.4765,974.5134,68437,81989,Rhinolophus ferrumequinum,0.023,0.023,-1,Echolocation,/mnt/ubna_data_02_mir/recover-20220922/UBNA_001/20220921_090000.WAV,Telephone Field,recover-20220922,001,1795
974.4775,974.4868,14296,25200,Plecotus auritus,0.01,0.027,-1,Echolocation,/mnt/ubna_data_02_mir/recover-20220922/UBNA_001/20220921_090000.WAV,Telephone Field,recover-20220922,001,1795
974.4825,974.5192,68437,81646,Rhinolophus ferrumequinum,0.023,0.024,-1,Echolocation,/mnt/ubna_data_02_mir/recover-20220922/UBNA_001/20220921_090000.WAV,Telephone Field,recover-20220922,001,1795
974.4895,974.5279,68437,82010,Rhinolophus ferrumequinum,0.023,0.023,-1,Echolocation,/mnt/ubna_data_02_mir/recover-20220922/UBNA_001/20220921_090000.WAV,Telephone Field,recover-20220922,001,1795
974.5025,974.5146,22890,27831,Nyctalus leisleri,0.016,0.03,-1,Echolocation,/mnt/ubna_data_02_mir/recover-20220922/UBNA_001/20220921_090000.WAV,Telephone Field,recover-20220922,001,1795
974.5195,974.5588,68437,82570,Rhinolophus ferrumequinum,0.035,0.035,-1,Echolocation,/mnt/ubna_data_02_mir/recover-20220922/UBNA_001/20220921_090000.WAV,Telephone Field,recover-20220922,001,1795
974.5475,974.5826,68437,81805,Rhinolophus ferrumequinum,0.022,0.022,-1,Echolocation,/mnt/ubna_data_02_mir/recover-20220922/UBNA_001/20220921_090000.WAV,Telephone Field,recover-20220922,001,1795
974.5775,974.6172,68437,82481,Rhinolophus ferrumequinum,0.026,0.026,-1,Echolocation,/mnt/ubna_data_02_mir/recover-20220922/UBNA_001/20220921_090000.WAV,Telephone Field,recover-20220922,001,1795
974.6055,974.6465,68437,82640,Rhinolophus ferrumequinum,0.025,0.025,-1,Echolocation,/mnt/ubna_data_02_mir/recover-20220922/UBNA_001/20220921_090000.WAV,Telephone Field,recover-20220922,001,1795
974.6075,974.6183,22031,27121,Nyctalus leisleri,0.013,0.027,-1,Echolocation,/mnt/ubna_data_02_mir/recover-20220922/UBNA_001/20220921_090000.WAV,Telephone Field,recover-20220922,001,1795
974.6095,974.6165,28046,39644,Eptesicus serotinus,0.006,0.023,-1,Echolocation,/mnt/ubna_data_02_mir/recover-20220922/UBNA_001/20220921_090000.WAV,Telephone Field,recover-20220922,001,1795
974.6345,974.6446,22031,27144,Nyctalus leisleri,0.01,0.023,-1,Echolocation,/mnt/ubna_data_02_mir/recover-20220922/UBNA_001/20220921_090000.WAV,Telephone Field,recover-20220922,001,1795
974.6355,974.6707,68437,81402,Rhinolophus ferrumequinum,0.026,0.026,-1,Echolocation,/mnt/ubna_data_02_mir/recover-20220922/UBNA_001/20220921_090000.WAV,Telephone Field,recover-20220922,001,1795
974.6505,974.6609,27187,35144,Eptesicus serotinus,0.01,0.024,-1,Echolocation,/mnt/ubna_data_02_mir/recover-20220922/UBNA_001/20220921_090000.WAV,Telephone Field,recover-20220922,001,1795
974.6535,974.6949,68437,81766,Rhinolophus ferrumequinum,0.031,0.031,-1,Echolocation,/mnt/ubna_data_02_mir/recover-20220922/UBNA_001/20220921_090000.WAV,Telephone Field,recover-20220922,001,1795
974.6965,974.7066,24609,30763,Nyctalus leisleri,0.008,0.022,-1,Echolocation,/mnt/ubna_data_02_mir/recover-20220922/UBNA_001/20220921_090000.WAV,Telephone Field,recover-20220922,001,1795
974.7135,974.7519,68437,81818,Rhinolophus ferrumequinum,0.024,0.024,-1,Echolocation,/mnt/ubna_data_02_mir/recover-20220922/UBNA_001/20220921_090000.WAV,Telephone Field,recover-20220922,001,1795
974.7195,974.7586,68437,82322,Rhinolophus ferrumequinum,0.027,0.027,-1,Echolocation,/mnt/ubna_data_02_mir/recover-20220922/UBNA_001/20220921_090000.WAV,Telephone Field,recover-20220922,001,1795
974.7245,974.7317,25468,35367,Eptesicus serotinus,0.009,0.034,-1,Echolocation,/mnt/ubna_data_02_mir/recover-20220922/UBNA_001/20220921_090000.WAV,Telephone Field,recover-20220922,001,1795
974.7565,974.7626,24609,34973,Plecotus auritus,0.018,0.047,-1,Echolocation,/mnt/ubna_data_02_mir/recover-20220922/UBNA_001/20220921_090000.WAV,Telephone Field,recover-20220922,001,1795
974.7685,974.8046,68437,82210,Rhinolophus ferrumequinum,0.024,0.024,-1,Echolocation,/mnt/ubna_data_02_mir/recover-20220922/UBNA_001/20220921_090000.WAV,Telephone Field,recover-20220922,001,1795
974.7925,974.8029,28046,35728,Eptesicus serotinus,0.015,0.028,-1,Echolocation,/mnt/ubna_data_02_mir/recover-20220922/UBNA_001/20220921_090000.WAV,Telephone Field,recover-20220922,001,1795
974.7955,974.8346,68437,82311,Rhinolophus ferrumequinum,0.025,0.025,-1,Echolocation,/mnt/ubna_data_02_mir/recover-20220922/UBNA_001/20220921_090000.WAV,Telephone Field,recover-20220922,001,1795
974.8125,974.8264,32343,37515,Eptesicus serotinus,0.011,0.035,-1,Echolocation,/mnt/ubna_data_02_mir/recover-20220922/UBNA_001/20220921_090000.WAV,Telephone Field,recover-20220922,001,1795
974.8305,974.8385,28046,40372,Eptesicus serotinus,0.008,0.024,-1,Echolocation,/mnt/ubna_data_02_mir/recover-20220922/UBNA_001/20220921_090000.WAV,Telephone Field,recover-20220922,001,1795
974.8775,974.9189,68437,82295,Rhinolophus ferrumequinum,0.025,0.025,-1,Echolocation,/mnt/ubna_data_02_mir/recover-20220922/UBNA_001/20220921_090000.WAV,Telephone Field,recover-20220922,001,1795
974.8905,974.9348,68437,83642,Rhinolophus ferrumequinum,0.035,0.035,-1,Echolocation,/mnt/ubna_data_02_mir/recover-20220922/UBNA_001/20220921_090000.WAV,Telephone Field,recover-20220922,001,1795
974.9205,974.961,68437,82569,Rhinolophus ferrumequinum,0.024,0.024,-1,Echolocation,/mnt/ubna_data_02_mir/recover-20220922/UBNA_001/20220921_090000.WAV,Telephone Field,recover-20220922,001,1795
974.9255,974.9665,68437,82633,Rhinolophus ferrumequinum,0.025,0.025,-1,Echolocation,/mnt/ubna_data_02_mir/recover-20220922/UBNA_001/20220921_090000.WAV,Telephone Field,recover-20220922,001,1795
974.9295,974.939,36640,42634,Barbastellus barbastellus,0.005,0.022,-1,Echolocation,/mnt/ubna_data_02_mir/recover-20220922/UBNA_001/20220921_090000.WAV,Telephone Field,recover-20220922,001,1795
974.9625,974.9726,28046,36414,Eptesicus serotinus,0.012,0.024,-1,Echolocation,/mnt/ubna_data_02_mir/recover-20220922/UBNA_001/20220921_090000.WAV,Telephone Field,recover-20220922,001,1795
974.9745,974.9838,28046,36629,Eptesicus serotinus,0.01,0.023,-1,Echolocation,/mnt/ubna_data_02_mir/recover-20220922/UBNA_001/20220921_090000.WAV,Telephone Field,recover-20220922,001,1795
974.9835,975.0225,68437,81635,Rhinolophus ferrumequinum,0.022,0.022,-1,Echolocation,/mnt/ubna_data_02_mir/recover-20220922/UBNA_001/20220921_090000.WAV,Telephone Field,recover-20220922,001,1795
974.9855,974.993,49531,59269,Pipistrellus pipistrellus,0.015,0.022,-1,Echolocation,/mnt/ubna_data_02_mir/recover-20220922/UBNA_001/20220921_090000.WAV,Telephone Field,recover-20220922,001,1795
974.9885,974.9966,28906,39970,Eptesicus serotinus,0.008,0.024,-1,Echolocation,/mnt/ubna_data_02_mir/recover-20220922/UBNA_001/20220921_090000.WAV,Telephone Field,recover-20220922,001,1795
975.0055,975.0455,68437,81936,Rhinolophus ferrumequinum,0.024,0.024,-1,Echolocation,/mnt/ubna_data_02_mir/recover-20220922/UBNA_001/20220921_090000.WAV,Telephone Field,recover-20220922,001,1795
975.0535,975.0892,68437,81041,Rhinolophus ferrumequinum,0.021,0.022,-1,Echolocation,/mnt/ubna_data_02_mir/recover-20220922/UBNA_001/20220921_090000.WAV,Telephone Field,recover-20220922,001,1795
975.0635,975.0711,28906,39720,Eptesicus serotinus,0.008,0.023,-1,Echolocation,/mnt/ubna_data_02_mir/recover-20220922/UBNA_001/20220921_090000.WAV,Telephone Field,recover-20220922,001,1795
975.0865,975.1245,68437,81671,Rhinolophus ferrumequinum,0.022,0.022,-1,Echolocation,/mnt/ubna_data_02_mir/recover-20220922/UBNA_001/20220921_090000.WAV,Telephone Field,recover-20220922,001,1795
975.0975,975.1398,68437,82635,Rhinolophus ferrumequinum,0.023,0.023,-1,Echolocation,/mnt/ubna_data_02_mir/recover-20220922/UBNA_001/20220921_090000.WAV,Telephone Field,recover-20220922,001,1795
975.1945,975.2328,68437,81621,Rhinolophus ferrumequinum,0.022,0.022,-1,Echolocation,/mnt/ubna_data_02_mir/recover-20220922/UBNA_001/20220921_090000.WAV,Telephone Field,recover-20220922,001,1795
975.2415,975.2502,49531,54025,Pipistrellus pipistrellus,0.024,0.026,-1,Echolocation,/mnt/ubna_data_02_mir/recover-20220922/UBNA_001/20220921_090000.WAV,Telephone Field,recover-20220922,001,1795
975.2615,975.2705,28906,37756,Eptesicus serotinus,0.011,0.024,-1,Echolocation,/mnt/ubna_data_02_mir/recover-20220922/UBNA_001/20220921_090000.WAV,Telephone Field,recover-20220922,001,1795
975.2915,975.3318,68437,83158,Rhinolophus ferrumequinum,0.032,0.032,-1,Echolocation,/mnt/ubna_data_02_mir/recover-20220922/UBNA_001/20220921_090000.WAV,Telephone Field,recover-20220922,001,1795
975.3225,975.3315,23750,31666,Plecotus austriacus,0.008,0.026,-1,Echolocation,/mnt/ubna_data_02_mir/recover-20220922/UBNA_001/20220921_090000.WAV,Telephone Field,recover-20220922,001,1795
975.3445,975.3811,68437,81498,Rhinolophus ferrumequinum,0.022,0.022,-1,Echolocation,/mnt/ubna_data_02_mir/recover-20220922/UBNA_001/20220921_090000.WAV,Telephone Field,recover-20220922,001,1795
975.3645,975.407,68437,82548,Rhinolophus ferrumequinum,0.024,0.024,-1,Echolocation,/mnt/ubna_data_02_mir/recover-20220922/UBNA_001/20220921_090000.WAV,Telephone Field,recover-20220922,001,1795
975.3875,975.3956,28906,38664,Eptesicus serotinus,0.008,0.024,-1,Echolocation,/mnt/ubna_data_02_mir/recover-20220922/UBNA_001/20220921_090000.WAV,Telephone Field,recover-20220922,001,1795
975.3995,975.4319,68437,80207,Rhinolophus ferrumequinum,0.031,0.031,-1,Echolocation,/mnt/ubna_data_02_mir/recover-20220922/UBNA_001/20220921_090000.WAV,Telephone Field,recover-20220922,001,1795
975.4465,975.4588,22031,27320,Nyctalus leisleri,0.016,0.046,-1,Echolocation,/mnt/ubna_data_02_mir/recover-20220922/UBNA_001/20220921_090000.WAV,Telephone Field,recover-20220922,001,1795
975.4675,975.509,68437,82367,Rhinolophus ferrumequinum,0.025,0.025,-1,Echolocation,/mnt/ubna_data_02_mir/recover-20220922/UBNA_001/20220921_090000.WAV,Telephone Field,recover-20220922,001,1795
975.4685,975.48,23750,28750,Nyctalus leisleri,0.011,0.022,-1,Echolocation,/mnt/ubna_data_02_mir/recover-20220922/UBNA_001/20220921_090000.WAV,Telephone Field,recover-20220922,001,1795
975.4895,975.5271,68437,82356,Rhinolophus ferrumequinum,0.023,0.023,-1,Echolocation,/mnt/ubna_data_02_mir/recover-20220922/UBNA_001/20220921_090000.WAV,Telephone Field,recover-20220922,001,1795
975.5015,975.5398,68437,81240,Rhinolophus ferrumequinum,0.022,0.023,-1,Echolocation,/mnt/ubna_data_02_mir/recover-20220922/UBNA_001/20220921_090000.WAV,Telephone Field,recover-20220922,001,1795
975.5195,975.5299,23750,30130,Nyctalus leisleri,0.008,0.022,-1,Echolocation,/mnt/ubna_data_02_mir/recover-20220922/UBNA_001/20220921_090000.WAV,Telephone Field,recover-20220922,001,1795
975.5445,975.5877,68437,82802,Rhinolophus ferrumequinum,0.028,0.028,-1,Echolocation,/mnt/ubna_data_02_mir/recover-20220922/UBNA_001/20220921_090000.WAV,Telephone Field,recover-20220922,001,1795
975.5495,975.5602,23750,29517,Nyctalus leisleri,0.013,0.028,-1,Echolocation,/mnt/ubna_data_02_mir/recover-20220922/UBNA_001/20220921_090000.WAV,Telephone Field,recover-20220922,001,1795
975.5745,975.6142,68437,82575,Rhinolophus ferrumequinum,0.023,0.023,-1,Echolocation,/mnt/ubna_data_02_mir/recover-20220922/UBNA_001/20220921_090000.WAV,Telephone Field,recover-20220922,001,1795
975.5745,975.5853,46953,53326,Pipistrellus pipistrellus,0.029,0.032,-1,Echolocation,/mnt/ubna_data_02_mir/recover-20220922/UBNA_001/20220921_090000.WAV,Telephone Field,recover-20220922,001,1795
975.5905,975.6285,68437,82273,Rhinolophus ferrumequinum,0.023,0.023,-1,Echolocation,/mnt/ubna_data_02_mir/recover-20220922/UBNA_001/20220921_090000.WAV,Telephone Field,recover-20220922,001,1795
975.6085,975.6498,68437,82858,Rhinolophus ferrumequinum,0.028,0.028,-1,Echolocation,/mnt/ubna_data_02_mir/recover-20220922/UBNA_001/20220921_090000.WAV,Telephone Field,recover-20220922,001,1795
975.6155,975.6269,23750,29263,Nyctalus leisleri,0.011,0.023,-1,Echolocation,/mnt/ubna_data_02_mir/recover-20220922/UBNA_001/20220921_090000.WAV,Telephone Field,recover-20220922,001,1795
975.6265,975.6687,68437,82877,Rhinolophus ferrumequinum,0.023,0.023,-1,Echolocation,/mnt/ubna_data_02_mir/recover-20220922/UBNA_001/20220921_090000.WAV,Telephone Field,recover-20220922,001,1795
975.6405,975.6514,28906,35403,Eptesicus serotinus,0.012,0.028,-1,Echolocation,/mnt/ubna_data_02_mir/recover-20220922/UBNA_001/20220921_090000.WAV,Telephone Field,recover-20220922,001,1795
975.6785,975.6856,28046,39960,Eptesicus serotinus,0.007,0.025,-1,Echolocation,/mnt/ubna_data_02_mir/recover-20220922/UBNA_001/20220921_090000.WAV,Telephone Field,recover-20220922,001,1795
975.6995,975.7073,23750,32604,Plecotus austriacus,0.01,0.024,-1,Echolocation,/mnt/ubna_data_02_mir/recover-20220922/UBNA_001/20220921_090000.WAV,Telephone Field,recover-20220922,001,1795
975.7175,975.7258,24609,33170,Plecotus austriacus,0.007,0.023,-1,Echolocation,/mnt/ubna_data_02_mir/recover-20220922/UBNA_001/20220921_090000.WAV,Telephone Field,recover-20220922,001,1795
975.7405,975.7804,68437,82507,Rhinolophus ferrumequinum,0.023,0.023,-1,Echolocation,/mnt/ubna_data_02_mir/recover-20220922/UBNA_001/20220921_090000.WAV,Telephone Field,recover-20220922,001,1795
975.7595,975.7678,28906,39048,Eptesicus serotinus,0.008,0.022,-1,Echolocation,/mnt/ubna_data_02_mir/recover-20220922/UBNA_001/20220921_090000.WAV,Telephone Field,recover-20220922,001,1795
975.7845,975.7948,48671,51847,Pipistrellus pipistrellus,0.029,0.033,-1,Echolocation,/mnt/ubna_data_02_mir/recover-20220922/UBNA_001/20220921_090000.WAV,Telephone Field,recover-20220922,001,1795
975.7945,975.8347,68437,82068,Rhinolophus ferrumequinum,0.023,0.023,-1,Echolocation,/mnt/ubna_data_02_mir/recover-20220922/UBNA_001/20220921_090000.WAV,Telephone Field,recover-20220922,001,1795
975.8025,975.8392,68437,81905,Rhinolophus ferrumequinum,0.022,0.022,-1,Echolocation,/mnt/ubna_data_02_mir/recover-20220922/UBNA_001/20220921_090000.WAV,Telephone Field,recover-20220922,001,1795
975.8115,975.8507,68437,82566,Rhinolophus ferrumequinum,0.022,0.022,-1,Echolocation,/mnt/ubna_data_02_mir/recover-20220922/UBNA_001/20220921_090000.WAV,Telephone Field,recover-20220922,001,1795
975.8125,975.8233,28046,36440,Eptesicus serotinus,0.016,0.031,-1,Echolocation,/mnt/ubna_data_02_mir/recover-20220922/UBNA_001/20220921_090000.WAV,Telephone Field,recover-20220922,001,1795
975.8325,975.87,68437,81590,Rhinolophus ferrumequinum,0.027,0.027,-1,Echolocation,/mnt/ubna_data_02_mir/recover-20220922/UBNA_001/20220921_090000.WAV,Telephone Field,recover-20220922,001,1795
975.8475,975.8884,68437,82670,Rhinolophus ferrumequinum,0.03,0.03,-1,Echolocation,/mnt/ubna_data_02_mir/recover-20220922/UBNA_001/20220921_090000.WAV,Telephone Field,recover-20220922,001,1795
975.8755,975.916,68437,82940,Rhinolophus ferrumequinum,0.023,0.023,-1,Echolocation,/mnt/ubna_data_02_mir/recover-20220922/UBNA_001/20220921_090000.WAV,Telephone Field,recover-20220922,001,1795
975.9035,975.9399,68437,81441,Rhinolophus ferrumequinum,0.023,0.023,-1,Echolocation,/mnt/ubna_data_02_mir/recover-20220922/UBNA_001/20220921_090000.WAV,Telephone Field,recover-20220922,001,1795
975.9125,975.9519,68437,82430,Rhinolophus ferrumequinum,0.022,0.022,-1,Echolocation,/mnt/ubna_data_02_mir/recover-20220922/UBNA_001/20220921_090000.WAV,Telephone Field,recover-20220922,001,1795
975.9125,975.9208,23750,30810,Plecotus austriacus,0.008,0.024,-1,Echolocation,/mnt/ubna_data_02_mir/recover-20220922/UBNA_001/20220921_090000.WAV,Telephone Field,recover-20220922,001,1795
975.9525,975.9983,68437,82877,Rhinolophus ferrumequinum,0.043,0.043,-1,Echolocation,/mnt/ubna_data_02_mir/recover-20220922/UBNA_001/20220921_090000.WAV,Telephone Field,recover-20220922,001,1795
975.9595,975.9683,28906,38339,Eptesicus serotinus,0.008,0.022,-1,Echolocation,/mnt/ubna_data_02_mir/recover-20220922/UBNA_001/20220921_090000.WAV,Telephone Field,recover-20220922,001,1795
975.9735,975.9818,28046,37828,Eptesicus serotinus,0.009,0.023,-1,Echolocation,/mnt/ubna_data_02_mir/recover-20220922/UBNA_001/20220921_090000.WAV,Telephone Field,recover-20220922,001,1795
976.0025,976.0187,33203,37397,Nyctalus leisleri,0.011,0.034,-1,Echolocation,/mnt/ubna_data_02_mir/recover-20220922/UBNA_001/20220921_090000.WAV,Telephone Field,recover-20220922,001,1795
976.0145,976.0553,68437,82243,Rhinolophus ferrumequinum,0.028,0.028,-1,Echolocation,/mnt/ubna_data_02_mir/recover-20220922/UBNA_001/20220921_090000.WAV,Telephone Field,recover-20220922,001,1795
976.0385,976.048,28906,37164,Eptesicus serotinus,0.013,0.027,-1,Echolocation,/mnt/ubna_data_02_mir/recover-20220922/UBNA_001/20220921_090000.WAV,Telephone Field,recover-20220922,001,1795
976.0495,976.0881,68437,82226,Rhinolophus ferrumequinum,0.027,0.027,-1,Echolocation,/mnt/ubna_data_02_mir/recover-20220922/UBNA_001/20220921_090000.WAV,Telephone Field,recover-20220922,001,1795
976.1195,976.1595,68437,82458,Rhinolophus ferrumequinum,0.024,0.024,-1,Echolocation,/mnt/ubna_data_02_mir/recover-20220922/UBNA_001/20220921_090000.WAV,Telephone Field,recover-20220922,001,1795
976.1605,976.1721,23750,28359,Nyctalus leisleri,0.015,0.031,-1,Echolocation,/mnt/ubna_data_02_mir/recover-20220922/UBNA_001/20220921_090000.WAV,Telephone Field,recover-20220922,001,1795
976.1625,976.1996,68437,82759,Rhinolophus ferrumequinum,0.025,0.025,-1,Echolocation,/mnt/ubna_data_02_mir/recover-20220922/UBNA_001/20220921_090000.WAV,Telephone Field,recover-20220922,001,1795
976.1705,976.1812,38359,43078,Pipistrellus nathusii,0.018,0.035,-1,Echolocation,/mnt/ubna_data_02_mir/recover-20220922/UBNA_001/20220921_090000.WAV,Telephone Field,recover-20220922,001,1795
976.1905,976.2311,68437,82641,Rhinolophus ferrumequinum,0.025,0.025,-1,Echolocation,/mnt/ubna_data_02_mir/recover-20220922/UBNA_001/20220921_090000.WAV,Telephone Field,recover-20220922,001,1795
976.1985,976.2383,68437,82468,Rhinolophus ferrumequinum,0.026,0.026,-1,Echolocation,/mnt/ubna_data_02_mir/recover-20220922/UBNA_001/20220921_090000.WAV,Telephone Field,recover-20220922,001,1795
976.2305,976.2714,68437,82530,Rhinolophus ferrumequinum,0.024,0.024,-1,Echolocation,/mnt/ubna_data_02_mir/recover-20220922/UBNA_001/20220921_090000.WAV,Telephone Field,recover-20220922,001,1795
976.2575,976.2986,68437,83112,Rhinolophus ferrumequinum,0.023,0.023,-1,Echolocation,/mnt/ubna_data_02_mir/recover-20220922/UBNA_001/20220921_090000.WAV,Telephone Field,recover-20220922,001,1795
976.2885,976.3242,68437,81662,Rhinolophus ferrumequinum,0.024,0.024,-1,Echolocation,/mnt/ubna_data_02_mir/recover-20220922/UBNA_001/20220921_090000.WAV,Telephone Field,recover-20220922,001,1795
976.3395,976.3779,68437,82176,Rhinolophus ferrumequinum,0.025,0.025,-1,Echolocation,/mnt/ubna_data_02_mir/recover-20220922/UBNA_001/20220921_090000.WAV,Telephone Field,recover-20220922,001,1795
976.3695,976.4098,68437,82632,Rhinolophus ferrumequinum,0.024,0.024,-1,Echolocation,/mnt/ubna_data_02_mir/recover-20220922/UBNA_001/20220921_090000.WAV,Telephone Field,recover-20220922,001,1795
976.3885,976.4294,68437,83315,Rhinolophus ferrumequinum,0.039,0.039,-1,Echolocation,/mnt/ubna_data_02_mir/recover-20220922/UBNA_001/20220921_090000.WAV,Telephone Field,recover-20220922,001,1795
976.4135,976.4514,68437,82135,Rhinolophus ferrumequinum,0.023,0.023,-1,Echolocation,/mnt/ubna_data_02_mir/recover-20220922/UBNA_001/20220921_090000.WAV,Telephone Field,recover-20220922,001,1795
976.4205,976.4596,68437,82499,Rhinolophus ferrumequinum,0.023,0.023,-1,Echolocation,/mnt/ubna_data_02_mir/recover-20220922/UBNA_001/20220921_090000.WAV,Telephone Field,recover-20220922,001,1795
976.4715,976.4883,21171,24566,Nyctalus leisleri,0.016,0.025,-1,Echolocation,/mnt/ubna_data_02_mir/recover-20220922/UBNA_001/20220921_090000.WAV,Telephone Field,recover-20220922,001,1795
976.4805,976.4898,28906,39817,Eptesicus serotinus,0.009,0.024,-1,Echolocation,/mnt/ubna_data_02_mir/recover-20220922/UBNA_001/20220921_090000.WAV,Telephone Field,recover-20220922,001,1795
976.5155,976.5561,68437,82752,Rhinolophus ferrumequinum,0.026,0.026,-1,Echolocation,/mnt/ubna_data_02_mir/recover-20220922/UBNA_001/20220921_090000.WAV,Telephone Field,recover-20220922,001,1795
976.5215,976.56,68437,82440,Rhinolophus ferrumequinum,0.026,0.026,-1,Echolocation,/mnt/ubna_data_02_mir/recover-20220922/UBNA_001/20220921_090000.WAV,Telephone Field,recover-20220922,001,1795
976.5395,976.5765,68437,81814,Rhinolophus ferrumequinum,0.026,0.026,-1,Echolocation,/mnt/ubna_data_02_mir/recover-20220922/UBNA_001/20220921_090000.WAV,Telephone Field,recover-20220922,001,1795
976.5835,976.5903,23750,34202,Plecotus austriacus,0.01,0.026,-1,Echolocation,/mnt/ubna_data_02_mir/recover-20220922/UBNA_001/20220921_090000.WAV,Telephone Field,recover-20220922,001,1795
976.5885,976.6281,68437,82748,Rhinolophus ferrumequinum,0.03,0.03,-1,Echolocation,/mnt/ubna_data_02_mir/recover-20220922/UBNA_001/20220921_090000.WAV,Telephone Field,recover-20220922,001,1795
976.6395,976.6472,22890,30891,Plecotus austriacus,0.011,0.024,-1,Echolocation,/mnt/ubna_data_02_mir/recover-20220922/UBNA_001/20220921_090000.WAV,Telephone Field,recover-20220922,001,1795
976.6465,976.682,68437,81476,Rhinolophus ferrumequinum,0.023,0.023,-1,Echolocation,/mnt/ubna_data_02_mir/recover-20220922/UBNA_001/20220921_090000.WAV,Telephone Field,recover-20220922,001,1795
976.6745,976.7111,68437,81799,Rhinolophus ferrumequinum,0.023,0.023,-1,Echolocation,/mnt/ubna_data_02_mir/recover-20220922/UBNA_001/20220921_090000.WAV,Telephone Field,recover-20220922,001,1795
976.6795,976.6892,22031,27695,Nyctalus leisleri,0.008,0.024,-1,Echolocation,/mnt/ubna_data_02_mir/recover-20220922/UBNA_001/20220921_090000.WAV,Telephone Field,recover-20220922,001,1795
976.6955,976.7347,68437,82457,Rhinolophus ferrumequinum,0.035,0.035,-1,Echolocation,/mnt/ubna_data_02_mir/recover-20220922/UBNA_001/20220921_090000.WAV,Telephone Field,recover-20220922,001,1795
976.7045,976.7399,68437,81643,Rhinolophus ferrumequinum,0.023,0.023,-1,Echolocation,/mnt/ubna_data_02_mir/recover-20220922/UBNA_001/20220921_090000.WAV,Telephone Field,recover-20220922,001,1795
976.7115,976.7486,68437,82273,Rhinolophus ferrumequinum,0.023,0.023,-1,Echolocation,/mnt/ubna_data_02_mir/recover-20220922/UBNA_001/20220921_090000.WAV,Telephone Field,recover-20220922,001,1795
976.7245,976.7355,22890,28484,Nyctalus leisleri,0.011,0.023,-1,Echolocation,/mnt/ubna_data_02_mir/recover-20220922/UBNA_001/20220921_090000.WAV,Telephone Field,recover-20220922,001,1795
976.7415,976.7774,68437,81805,Rhinolophus ferrumequinum,0.024,0.024,-1,Echolocation,/mnt/ubna_data_02_mir/recover-20220922/UBNA_001/20220921_090000.WAV,Telephone Field,recover-20220922,001,1795
976.7625,976.8011,68437,81969,Rhinolophus ferrumequinum,0.023,0.023,-1,Echolocation,/mnt/ubna_data_02_mir/recover-20220922/UBNA_001/20220921_090000.WAV,Telephone Field,recover-20220922,001,1795
976.7975,976.8059,28046,40363,Eptesicus serotinus,0.009,0.024,-1,Echolocation,/mnt/ubna_data_02_mir/recover-20220922/UBNA_001/20220921_090000.WAV,Telephone Field,recover-20220922,001,1795
976.8095,976.8156,25468,36024,Plecotus austriacus,0.012,0.032,-1,Echolocation,/mnt/ubna_data_02_mir/recover-20220922/UBNA_001/20220921_090000.WAV,Telephone Field,recover-20220922,001,1795
976.8345,976.8441,24609,32029,Eptesicus serotinus,0.009,0.025,-1,Echolocation,/mnt/ubna_data_02_mir/recover-20220922/UBNA_001/20220921_090000.WAV,Telephone Field,recover-20220922,001,1795
976.8625,976.8998,68437,82187,Rhinolophus ferrumequinum,0.026,0.026,-1,Echolocation,/mnt/ubna_data_02_mir/recover-20220922/UBNA_001/20220921_090000.WAV,Telephone Field,recover-20220922,001,1795
976.8795,976.8886,24609,32384,Nyctalus leisleri,0.007,0.025,-1,Echolocation,/mnt/ubna_data_02_mir/recover-20220922/UBNA_001/20220921_090000.WAV,Telephone Field,recover-20220922,001,1795
976.8805,976.9237,68437,82614,Rhinolophus ferrumequinum,0.039,0.039,-1,Echolocation,/mnt/ubna_data_02_mir/recover-20220922/UBNA_001/20220921_090000.WAV,Telephone Field,recover-20220922,001,1795
976.9265,976.9657,68437,82234,Rhinolophus ferrumequinum,0.024,0.024,-1,Echolocation,/mnt/ubna_data_02_mir/recover-20220922/UBNA_001/20220921_090000.WAV,Telephone Field,recover-20220922,001,1795
976.9345,976.9427,26328,35818,Eptesicus serotinus,0.009,0.026,-1,Echolocation,/mnt/ubna_data_02_mir/recover-20220922/UBNA_001/20220921_090000.WAV,Telephone Field,recover-20220922,001,1795
976.9775,977.0179,68437,82105,Rhinolophus ferrumequinum,0.028,0.028,-1,Echolocation,/mnt/ubna_data_02_mir/recover-20220922/UBNA_001/20220921_090000.WAV,Telephone Field,recover-20220922,001,1795
976.9975,977.0075,23750,29666,Nyctalus leisleri,0.01,0.023,-1,Echolocation,/mnt/ubna_data_02_mir/recover-20220922/UBNA_001/20220921_090000.WAV,Telephone Field,recover-20220922,001,1795
977.0255,977.0642,68437,81858,Rhinolophus ferrumequinum,0.025,0.025,-1,Echolocation,/mnt/ubna_data_02_mir/recover-20220922/UBNA_001/20220921_090000.WAV,Telephone Field,recover-20220922,001,1795
977.0345,977.0411,28046,41304,Eptesicus serotinus,0.006,0.023,-1,Echolocation,/mnt/ubna_data_02_mir/recover-20220922/UBNA_001/20220921_090000.WAV,Telephone Field,recover-20220922,001,1795
977.0625,977.0992,68437,81853,Rhinolophus ferrumequinum,0.023,0.023,-1,Echolocation,/mnt/ubna_data_02_mir/recover-20220922/UBNA_001/20220921_090000.WAV,Telephone Field,recover-20220922,001,1795
977.1135,977.1499,68437,82148,Rhinolophus ferrumequinum,0.023,0.023,-1,Echolocation,/mnt/ubna_data_02_mir/recover-20220922/UBNA_001/20220921_090000.WAV,Telephone Field,recover-20220922,001,1795
977.1255,977.1672,68437,82531,Rhinolophus ferrumequinum,0.023,0.023,-1,Echolocation,/mnt/ubna_data_02_mir/recover-20220922/UBNA_001/20220921_090000.WAV,Telephone Field,recover-20220922,001,1795
977.1615,977.1993,68437,82122,Rhinolophus ferrumequinum,0.027,0.027,-1,Echolocation,/mnt/ubna_data_02_mir/recover-20220922/UBNA_001/20220921_090000.WAV,Telephone Field,recover-20220922,001,1795
977.2155,977.2288,22031,25909,Nyctalus leisleri,0.018,0.028,-1,Echolocation,/mnt/ubna_data_02_mir/recover-20220922/UBNA_001/20220921_090000.WAV,Telephone Field,recover-20220922,001,1795
977.2155,977.2552,68437,82381,Rhinolophus ferrumequinum,0.023,0.023,-1,Echolocation,/mnt/ubna_data_02_mir/recover-20220922/UBNA_001/20220921_090000.WAV,Telephone Field,recover-20220922,001,1795
977.2775,977.3195,68437,82473,Rhinolophus ferrumequinum,0.027,0.027,-1,Echolocation,/mnt/ubna_data_02_mir/recover-20220922/UBNA_001/20220921_090000.WAV,Telephone Field,recover-20220922,001,1795
977.2925,977.3016,49531,53489,Pipistrellus pipistrellus,0.032,0.035,-1,Echolocation,/mnt/ubna_data_02_mir/recover-20220922/UBNA_001/20220921_090000.WAV,Telephone Field,recover-20220922,001,1795
977.3025,977.3418,68437,82274,Rhinolophus ferrumequinum,0.025,0.025,-1,Echolocation,/mnt/ubna_data_02_mir/recover-20220922/UBNA_001/20220921_090000.WAV,Telephone Field,recover-20220922,001,1795
977.3115,977.3501,68437,82671,Rhinolophus ferrumequinum,0.03,0.03,-1,Echolocation,/mnt/ubna_data_02_mir/recover-20220922/UBNA_001/20220921_090000.WAV,Telephone Field,recover-20220922,001,1795
977.3795,977.4194,68437,82671,Rhinolophus ferrumequinum,0.027,0.027,-1,Echolocation,/mnt/ubna_data_02_mir/recover-20220922/UBNA_001/20220921_090000.WAV,Telephone Field,recover-20220922,001,1795
977.3935,977.4343,68437,82621,Rhinolophus ferrumequinum,0.023,0.023,-1,Echolocation,/mnt/ubna_data_02_mir/recover-20220922/UBNA_001/20220921_090000.WAV,Telephone Field,recover-20220922,001,1795
977.4305,977.4421,25468,31372,Nyctalus leisleri,0.024,0.052,-1,Echolocation,/mnt/ubna_data_02_mir/recover-20220922/UBNA_001/20220921_090000.WAV,Telephone Field,recover-20220922,001,1795
977.4875,977.5255,68437,82156,Rhinolophus ferrumequinum,0.023,0.023,-1,Echolocation,/mnt/ubna_data_02_mir/recover-20220922/UBNA_001/20220921_090000.WAV,Telephone Field,recover-20220922,001,1795
977.4975,977.5389,68437,82620,Rhinolophus ferrumequinum,0.025,0.025,-1,Echolocation,/mnt/ubna_data_02_mir/recover-20220922/UBNA_001/20220921_090000.WAV,Telephone Field,recover-20220922,001,1795
977.5385,977.5453,28046,41795,Eptesicus serotinus,0.006,0.023,-1,Echolocation,/mnt/ubna_data_02_mir/recover-20220922/UBNA_001/20220921_090000.WAV,Telephone Field,recover-20220922,001,1795
977.5425,977.5802,68437,82021,Rhinolophus ferrumequinum,0.023,0.023,-1,Echolocation,/mnt/ubna_data_02_mir/recover-20220922/UBNA_001/20220921_090000.WAV,Telephone Field,recover-20220922,001,1795
977.5545,977.5958,68437,82287,Rhinolophus ferrumequinum,0.026,0.026,-1,Echolocation,/mnt/ubna_data_02_mir/recover-20220922/UBNA_001/20220921_090000.WAV,Telephone Field,recover-20220922,001,1795
977.5755,977.6146,68437,82380,Rhinolophus ferrumequinum,0.023,0.023,-1,Echolocation,/mnt/ubna_data_02_mir/recover-20220922/UBNA_001/20220921_090000.WAV,Telephone Field,recover-20220922,001,1795
977.6615,977.6679,14296,30243,Plecotus auritus,0.019,0.023,-1,Echolocation,/mnt/ubna_data_02_mir/recover-20220922/UBNA_001/20220921_090000.WAV,Telephone Field,recover-20220922,001,1795
977.6635,977.7064,68437,82604,Rhinolophus ferrumequinum,0.069,0.069,-1,Echolocation,/mnt/ubna_data_02_mir/recover-20220922/UBNA_001/20220921_090000.WAV,Telephone Field,recover-20220922,001,1795
977.7175,977.7562,68437,82056,Rhinolophus ferrumequinum,0.027,0.028,-1,Echolocation,/mnt/ubna_data_02_mir/recover-20220922/UBNA_001/20220921_090000.WAV,Telephone Field,recover-20220922,001,1795
977.7185,977.7293,22890,28493,Nyctalus leisleri,0.012,0.026,-1,Echolocation,/mnt/ubna_data_02_mir/recover-20220922/UBNA_001/20220921_090000.WAV,Telephone Field,recover-20220922,001,1795
977.7355,977.7737,68437,82142,Rhinolophus ferrumequinum,0.027,0.027,-1,Echolocation,/mnt/ubna_data_02_mir/recover-20220922/UBNA_001/20220921_090000.WAV,Telephone Field,recover-20220922,001,1795
977.7475,977.7552,28046,38029,Eptesicus serotinus,0.01,0.026,-1,Echolocation,/mnt/ubna_data_02_mir/recover-20220922/UBNA_001/20220921_090000.WAV,Telephone Field,recover-20220922,001,1795
977.7645,977.8099,68437,83746,Rhinolophus ferrumequinum,0.046,0.046,-1,Echolocation,/mnt/ubna_data_02_mir/recover-20220922/UBNA_001/20220921_090000.WAV,Telephone Field,recover-20220922,001,1795
977.7805,977.82,68437,83049,Rhinolophus ferrumequinum,0.052,0.052,-1,Echolocation,/mnt/ubna_data_02_mir/recover-20220922/UBNA_001/20220921_090000.WAV,Telephone Field,recover-20220922,001,1795
977.8065,977.8459,68437,81924,Rhinolophus ferrumequinum,0.025,0.025,-1,Echolocation,/mnt/ubna_data_02_mir/recover-20220922/UBNA_001/20220921_090000.WAV,Telephone Field,recover-20220922,001,1795
977.8475,977.8899,68437,83348,Rhinolophus ferrumequinum,0.043,0.043,-1,Echolocation,/mnt/ubna_data_02_mir/recover-20220922/UBNA_001/20220921_090000.WAV,Telephone Field,recover-20220922,001,1795
977.8875,977.8938,23750,33564,Plecotus austriacus,0.024,0.048,-1,Echolocation,/mnt/ubna_data_02_mir/recover-20220922/UBNA_001/20220921_090000.WAV,Telephone Field,recover-20220922,001,1795
977.9265,977.9446,19453,23405,Nyctalus leisleri,0.013,0.028,-1,Echolocation,/mnt/ubna_data_02_mir/recover-20220922/UBNA_001/20220921_090000.WAV,Telephone Field,recover-20220922,001,1795
977.9475,977.9876,68437,82998,Rhinolophus ferrumequinum,0.023,0.023,-1,Echolocation,/mnt/ubna_data_02_mir/recover-20220922/UBNA_001/20220921_090000.WAV,Telephone Field,recover-20220922,001,1795
977.9865,977.9979,22031,28498,Nyctalus leisleri,0.027,0.078,-1,Echolocation,/mnt/ubna_data_02_mir/recover-20220922/UBNA_001/20220921_090000.WAV,Telephone Field,recover-20220922,001,1795
978.0015,978.0122,23750,29114,Nyctalus leisleri,0.028,0.054,-1,Echolocation,/mnt/ubna_data_02_mir/recover-20220922/UBNA_001/20220921_090000.WAV,Telephone Field,recover-20220922,001,1795
978.0015,978.0321,69296,81310,Rhinolophus ferrumequinum,0.038,0.038,-1,Echolocation,/mnt/ubna_data_02_mir/recover-20220922/UBNA_001/20220921_090000.WAV,Telephone Field,recover-20220922,001,1795
978.0355,978.0777,68437,82267,Rhinolophus ferrumequinum,0.029,0.029,-1,Echolocation,/mnt/ubna_data_02_mir/recover-20220922/UBNA_001/20220921_090000.WAV,Telephone Field,recover-20220922,001,1795
978.0655,978.0818,22890,27135,Nyctalus leisleri,0.028,0.056,-1,Echolocation,/mnt/ubna_data_02_mir/recover-20220922/UBNA_001/20220921_090000.WAV,Telephone Field,recover-20220922,001,1795
978.0745,978.1084,68437,81372,Rhinolophus ferrumequinum,0.031,0.031,-1,Echolocation,/mnt/ubna_data_02_mir/recover-20220922/UBNA_001/20220921_090000.WAV,Telephone Field,recover-20220922,001,1795
978.0815,978.1191,68437,81943,Rhinolophus ferrumequinum,0.026,0.026,-1,Echolocation,/mnt/ubna_data_02_mir/recover-20220922/UBNA_001/20220921_090000.WAV,Telephone Field,recover-20220922,001,1795
978.0875,978.1248,68437,82403,Rhinolophus ferrumequinum,0.023,0.023,-1,Echolocation,/mnt/ubna_data_02_mir/recover-20220922/UBNA_001/20220921_090000.WAV,Telephone Field,recover-20220922,001,1795
978.0905,978.0974,24609,34480,Plecotus austriacus,0.014,0.029,-1,Echolocation,/mnt/ubna_data_02_mir/recover-20220922/UBNA_001/20220921_090000.WAV,Telephone Field,recover-20220922,001,1795
978.0985000000001,978.1363,68437,81862,Rhinolophus ferrumequinum,0.021,0.021,-1,Echolocation,/mnt/ubna_data_02_mir/recover-20220922/UBNA_001/20220921_090000.WAV,Telephone Field,recover-20220922,001,1795
978.1245,978.1595,68437,81673,Rhinolophus ferrumequinum,0.022,0.023,-1,Echolocation,/mnt/ubna_data_02_mir/recover-20220922/UBNA_001/20220921_090000.WAV,Telephone Field,recover-20220922,001,1795
978.1295,978.1653,68437,81633,Rhinolophus ferrumequinum,0.022,0.022,-1,Echolocation,/mnt/ubna_data_02_mir/recover-20220922/UBNA_001/20220921_090000.WAV,Telephone Field,recover-20220922,001,1795
978.1385,978.1778,68437,81828,Rhinolophus ferrumequinum,0.022,0.022,-1,Echolocation,/mnt/ubna_data_02_mir/recover-20220922/UBNA_001/20220921_090000.WAV,Telephone Field,recover-20220922,001,1795
978.1635,978.2018,68437,81945,Rhinolophus ferrumequinum,0.022,0.022,-1,Echolocation,/mnt/ubna_data_02_mir/recover-20220922/UBNA_001/20220921_090000.WAV,Telephone Field,recover-20220922,001,1795
978.1755,978.1829,23750,32590,Plecotus austriacus,0.01,0.024,-1,Echolocation,/mnt/ubna_data_02_mir/recover-20220922/UBNA_001/20220921_090000.WAV,Telephone Field,recover-20220922,001,1795
978.1865,978.1998,44375,48453,Pipistrellus pipistrellus,0.034,0.037,-1,Echolocation,/mnt/ubna_data_02_mir/recover-20220922/UBNA_001/20220921_090000.WAV,Telephone Field,recover-20220922,001,1795
978.1945,978.2035,23750,31231,Nyctalus leisleri,0.007,0.022,-1,Echolocation,/mnt/ubna_data_02_mir/recover-20220922/UBNA_001/20220921_090000.WAV,Telephone Field,recover-20220922,001,1795
978.2035,978.2466,68437,83465,Rhinolophus ferrumequinum,0.023,0.023,-1,Echolocation,/mnt/ubna_data_02_mir/recover-20220922/UBNA_001/20220921_090000.WAV,Telephone Field,recover-20220922,001,1795
978.2195,978.2297,48671,52714,Pipistrellus pipistrellus,0.018,0.023,-1,Echolocation,/mnt/ubna_data_02_mir/recover-20220922/UBNA_001/20220921_090000.WAV,Telephone Field,recover-20220922,001,1795
978.2265,978.2636,68437,81897,Rhinolophus ferrumequinum,0.021,0.021,-1,Echolocation,/mnt/ubna_data_02_mir/recover-20220922/UBNA_001/20220921_090000.WAV,Telephone Field,recover-20220922,001,1795
978.2355,978.274,68437,81198,Rhinolophus ferrumequinum,0.022,0.022,-1,Echolocation,/mnt/ubna_data_02_mir/recover-20220922/UBNA_001/20220921_090000.WAV,Telephone Field,recover-20220922,001,1795
978.2595,978.2694,22890,29204,Nyctalus leisleri,0.01,0.025,-1,Echolocation,/mnt/ubna_data_02_mir/recover-20220922/UBNA_001/20220921_090000.WAV,Telephone Field,recover-20220922,001,1795
978.2925,978.3315,68437,82059,Rhinolophus ferrumequinum,0.021,0.021,-1,Echolocation,/mnt/ubna_data_02_mir/recover-20220922/UBNA_001/20220921_090000.WAV,Telephone Field,recover-20220922,001,1795
978.3195,978.3629,68437,83403,Rhinolophus ferrumequinum,0.048,0.048,-1,Echolocation,/mnt/ubna_data_02_mir/recover-20220922/UBNA_001/20220921_090000.WAV,Telephone Field,recover-20220922,001,1795
978.3395,978.3805,68437,82513,Rhinolophus ferrumequinum,0.022,0.022,-1,Echolocation,/mnt/ubna_data_02_mir/recover-20220922/UBNA_001/20220921_090000.WAV,Telephone Field,recover-20220922,001,1795
978.3425,978.3518,26328,35540,Eptesicus serotinus,0.01,0.023,-1,Echolocation,/mnt/ubna_data_02_mir/recover-20220922/UBNA_001/20220921_090000.WAV,Telephone Field,recover-20220922,001,1795
978.3515,978.39,68437,82045,Rhinolophus ferrumequinum,0.022,0.022,-1,Echolocation,/mnt/ubna_data_02_mir/recover-20220922/UBNA_001/20220921_090000.WAV,Telephone Field,recover-20220922,001,1795
978.4155,978.4579,68437,83104,Rhinolophus ferrumequinum,0.027,0.027,-1,Echolocation,/mnt/ubna_data_02_mir/recover-20220922/UBNA_001/20220921_090000.WAV,Telephone Field,recover-20220922,001,1795
978.4335,978.472,68437,81985,Rhinolophus ferrumequinum,0.024,0.024,-1,Echolocation,/mnt/ubna_data_02_mir/recover-20220922/UBNA_001/20220921_090000.WAV,Telephone Field,recover-20220922,001,1795
978.4745,978.4962,18593,21717,Nyctalus noctula,0.012,0.021,-1,Echolocation,/mnt/ubna_data_02_mir/recover-20220922/UBNA_001/20220921_090000.WAV,Telephone Field,recover-20220922,001,1795
978.5125,978.5515,68437,82484,Rhinolophus ferrumequinum,0.023,0.024,-1,Echolocation,/mnt/ubna_data_02_mir/recover-20220922/UBNA_001/20220921_090000.WAV,Telephone Field,recover-20220922,001,1795
978.5165,978.5237,28046,36910,Eptesicus serotinus,0.008,0.025,-1,Echolocation,/mnt/ubna_data_02_mir/recover-20220922/UBNA_001/20220921_090000.WAV,Telephone Field,recover-20220922,001,1795
978.5315,978.5722,68437,83000,Rhinolophus ferrumequinum,0.024,0.024,-1,Echolocation,/mnt/ubna_data_02_mir/recover-20220922/UBNA_001/20220921_090000.WAV,Telephone Field,recover-20220922,001,1795
978.5745,978.6158,68437,82498,Rhinolophus ferrumequinum,0.023,0.023,-1,Echolocation,/mnt/ubna_data_02_mir/recover-20220922/UBNA_001/20220921_090000.WAV,Telephone Field,recover-20220922,001,1795
978.5825,978.6237,68437,82744,Rhinolophus ferrumequinum,0.023,0.023,-1,Echolocation,/mnt/ubna_data_02_mir/recover-20220922/UBNA_001/20220921_090000.WAV,Telephone Field,recover-20220922,001,1795
978.5905,978.6282,68437,81628,Rhinolophus ferrumequinum,0.021,0.021,-1,Echolocation,/mnt/ubna_data_02_mir/recover-20220922/UBNA_001/20220921_090000.WAV,Telephone Field,recover-20220922,001,1795
978.6155,978.6536,68437,82134,Rhinolophus ferrumequinum,0.021,0.021,-1,Echolocation,/mnt/ubna_data_02_mir/recover-20220922/UBNA_001/20220921_090000.WAV,Telephone Field,recover-20220922,001,1795
978.6285,978.6704,68437,82505,Rhinolophus ferrumequinum,0.023,0.023,-1,Echolocation,/mnt/ubna_data_02_mir/recover-20220922/UBNA_001/20220921_090000.WAV,Telephone Field,recover-20220922,001,1795
978.6555,978.6634,28046,38735,Eptesicus serotinus,0.008,0.023,-1,Echolocation,/mnt/ubna_data_02_mir/recover-20220922/UBNA_001/20220921_090000.WAV,Telephone Field,recover-20220922,001,1795
978.6575,978.668,34921,40633,Eptesicus serotinus,0.005,0.022,-1,Echolocation,/mnt/ubna_data_02_mir/recover-20220922/UBNA_001/20220921_090000.WAV,Telephone Field,recover-20220922,001,1795
978.6975,978.7387,68437,82648,Rhinolophus ferrumequinum,0.036,0.036,-1,Echolocation,/mnt/ubna_data_02_mir/recover-20220922/UBNA_001/20220921_090000.WAV,Telephone Field,recover-20220922,001,1795
978.7225,978.7603,68437,81872,Rhinolophus ferrumequinum,0.021,0.021,-1,Echolocation,/mnt/ubna_data_02_mir/recover-20220922/UBNA_001/20220921_090000.WAV,Telephone Field,recover-20220922,001,1795
978.7365,978.7458,26328,34178,Eptesicus serotinus,0.026,0.059,-1,Echolocation,/mnt/ubna_data_02_mir/recover-20220922/UBNA_001/20220921_090000.WAV,Telephone Field,recover-20220922,001,1795
978.7525,978.7882,68437,81567,Rhinolophus ferrumequinum,0.022,0.022,-1,Echolocation,/mnt/ubna_data_02_mir/recover-20220922/UBNA_001/20220921_090000.WAV,Telephone Field,recover-20220922,001,1795
978.7795,978.8219,68437,83593,Rhinolophus ferrumequinum,0.035,0.035,-1,Echolocation,/mnt/ubna_data_02_mir/recover-20220922/UBNA_001/20220921_090000.WAV,Telephone Field,recover-20220922,001,1795
978.8055,978.8438,68437,81696,Rhinolophus ferrumequinum,0.023,0.023,-1,Echolocation,/mnt/ubna_data_02_mir/recover-20220922/UBNA_001/20220921_090000.WAV,Telephone Field,recover-20220922,001,1795
978.8105,978.8199,27187,34513,Eptesicus serotinus,0.011,0.025,-1,Echolocation,/mnt/ubna_data_02_mir/recover-20220922/UBNA_001/20220921_090000.WAV,Telephone Field,recover-20220922,001,1795
978.8155,978.8503,68437,80978,Rhinolophus ferrumequinum,0.021,0.021,-1,Echolocation,/mnt/ubna_data_02_mir/recover-20220922/UBNA_001/20220921_090000.WAV,Telephone Field,recover-20220922,001,1795
978.8295,978.8711,68437,83132,Rhinolophus ferrumequinum,0.025,0.025,-1,Echolocation,/mnt/ubna_data_02_mir/recover-20220922/UBNA_001/20220921_090000.WAV,Telephone Field,recover-20220922,001,1795
978.8365,978.8781,68437,82888,Rhinolophus ferrumequinum,0.024,0.024,-1,Echolocation,/mnt/ubna_data_02_mir/recover-20220922/UBNA_001/20220921_090000.WAV,Telephone Field,recover-20220922,001,1795
978.8525,978.8622,22890,30547,Plecotus austriacus,0.007,0.026,-1,Echolocation,/mnt/ubna_data_02_mir/recover-20220922/UBNA_001/20220921_090000.WAV,Telephone Field,recover-20220922,001,1795
978.8735,978.9153,68437,82611,Rhinolophus ferrumequinum,0.021,0.021,-1,Echolocation,/mnt/ubna_data_02_mir/recover-20220922/UBNA_001/20220921_090000.WAV,Telephone Field,recover-20220922,001,1795
978.9035,978.9431,68437,82212,Rhinolophus ferrumequinum,0.024,0.024,-1,Echolocation,/mnt/ubna_data_02_mir/recover-20220922/UBNA_001/20220921_090000.WAV,Telephone Field,recover-20220922,001,1795
978.9105,978.9504,68437,82321,Rhinolophus ferrumequinum,0.024,0.024,-1,Echolocation,/mnt/ubna_data_02_mir/recover-20220922/UBNA_001/20220921_090000.WAV,Telephone Field,recover-20220922,001,1795
978.9255,978.9349,48671,52395,Pipistrellus pipistrellus,0.047,0.051,-1,Echolocation,/mnt/ubna_data_02_mir/recover-20220922/UBNA_001/20220921_090000.WAV,Telephone Field,recover-20220922,001,1795
978.9385,978.9503,22890,27627,Nyctalus leisleri,0.011,0.023,-1,Echolocation,/mnt/ubna_data_02_mir/recover-20220922/UBNA_001/20220921_090000.WAV,Telephone Field,recover-20220922,001,1795
978.9635,979.0047,68437,82286,Rhinolophus ferrumequinum,0.024,0.024,-1,Echolocation,/mnt/ubna_data_02_mir/recover-20220922/UBNA_001/20220921_090000.WAV,Telephone Field,recover-20220922,001,1795
978.9735000000001,978.983,25468,33784,Eptesicus serotinus,0.008,0.022,-1,Echolocation,/mnt/ubna_data_02_mir/recover-20220922/UBNA_001/20220921_090000.WAV,Telephone Field,recover-20220922,001,1795
978.9825,978.9927,27187,34600,Eptesicus serotinus,0.009,0.022,-1,Echolocation,/mnt/ubna_data_02_mir/recover-20220922/UBNA_001/20220921_090000.WAV,Telephone Field,recover-20220922,001,1795
978.9845,979.0266,68437,82855,Rhinolophus ferrumequinum,0.028,0.028,-1,Echolocation,/mnt/ubna_data_02_mir/recover-20220922/UBNA_001/20220921_090000.WAV,Telephone Field,recover-20220922,001,1795
979.0205,979.0587,68437,81341,Rhinolophus ferrumequinum,0.021,0.021,-1,Echolocation,/mnt/ubna_data_02_mir/recover-20220922/UBNA_001/20220921_090000.WAV,Telephone Field,recover-20220922,001,1795
979.0275,979.0626,68437,81122,Rhinolophus ferrumequinum,0.021,0.021,-1,Echolocation,/mnt/ubna_data_02_mir/recover-20220922/UBNA_001/20220921_090000.WAV,Telephone Field,recover-20220922,001,1795
979.0485,979.0873,68437,81880,Rhinolophus ferrumequinum,0.024,0.024,-1,Echolocation,/mnt/ubna_data_02_mir/recover-20220922/UBNA_001/20220921_090000.WAV,Telephone Field,recover-20220922,001,1795
979.0545,979.0606,46953,52441,Pipistrellus pipistrellus,0.019,0.021,-1,Echolocation,/mnt/ubna_data_02_mir/recover-20220922/UBNA_001/20220921_090000.WAV,Telephone Field,recover-20220922,001,1795
979.0725,979.1149,68437,83149,Rhinolophus ferrumequinum,0.027,0.027,-1,Echolocation,/mnt/ubna_data_02_mir/recover-20220922/UBNA_001/20220921_090000.WAV,Telephone Field,recover-20220922,001,1795
979.0755,979.0884,22031,26902,Nyctalus leisleri,0.017,0.034,-1,Echolocation,/mnt/ubna_data_02_mir/recover-20220922/UBNA_001/20220921_090000.WAV,Telephone Field,recover-20220922,001,1795
979.0875,979.1269,68437,82502,Rhinolophus ferrumequinum,0.021,0.021,-1,Echolocation,/mnt/ubna_data_02_mir/recover-20220922/UBNA_001/20220921_090000.WAV,Telephone Field,recover-20220922,001,1795
979.1135,979.1211,23750,32044,Plecotus austriacus,0.008,0.021,-1,Echolocation,/mnt/ubna_data_02_mir/recover-20220922/UBNA_001/20220921_090000.WAV,Telephone Field,recover-20220922,001,1795
979.1195,979.1292,46953,53375,Pipistrellus pipistrellus,0.026,0.029,-1,Echolocation,/mnt/ubna_data_02_mir/recover-20220922/UBNA_001/20220921_090000.WAV,Telephone Field,recover-20220922,001,1795
979.1215,979.1656,68437,83429,Rhinolophus ferrumequinum,0.032,0.032,-1,Echolocation,/mnt/ubna_data_02_mir/recover-20220922/UBNA_001/20220921_090000.WAV,Telephone Field,recover-20220922,001,1795
979.1405,979.1807,68437,82591,Rhinolophus ferrumequinum,0.024,0.024,-1,Echolocation,/mnt/ubna_data_02_mir/recover-20220922/UBNA_001/20220921_090000.WAV,Telephone Field,recover-20220922,001,1795
979.1485,979.1894,68437,82916,Rhinolophus ferrumequinum,0.028,0.028,-1,Echolocation,/mnt/ubna_data_02_mir/recover-20220922/UBNA_001/20220921_090000.WAV,Telephone Field,recover-20220922,001,1795
979.1835,979.194,23750,29479,Nyctalus leisleri,0.009,0.022,-1,Echolocation,/mnt/ubna_data_02_mir/recover-20220922/UBNA_001/20220921_090000.WAV,Telephone Field,recover-20220922,001,1795
979.1855,979.2272,68437,82686,Rhinolophus ferrumequinum,0.027,0.027,-1,Echolocation,/mnt/ubna_data_02_mir/recover-20220922/UBNA_001/20220921_090000.WAV,Telephone Field,recover-20220922,001,1795
979.1875,979.1978,28906,36250,Eptesicus serotinus,0.011,0.023,-1,Echolocation,/mnt/ubna_data_02_mir/recover-20220922/UBNA_001/20220921_090000.WAV,Telephone Field,recover-20220922,001,1795
979.2055,979.2448,68437,82467,Rhinolophus ferrumequinum,0.023,0.023,-1,Echolocation,/mnt/ubna_data_02_mir/recover-20220922/UBNA_001/20220921_090000.WAV,Telephone Field,recover-20220922,001,1795
979.2465,979.2547,24609,32907,Plecotus austriacus,0.007,0.022,-1,Echolocation,/mnt/ubna_data_02_mir/recover-20220922/UBNA_001/20220921_090000.WAV,Telephone Field,recover-20220922,001,1795
979.2635,979.3028,68437,82243,Rhinolophus ferrumequinum,0.033,0.033,-1,Echolocation,/mnt/ubna_data_02_mir/recover-20220922/UBNA_001/20220921_090000.WAV,Telephone Field,recover-20220922,001,1795
979.2945,979.3116,20312,23631,Nyctalus leisleri,0.014,0.027,-1,Echolocation,/mnt/ubna_data_02_mir/recover-20220922/UBNA_001/20220921_090000.WAV,Telephone Field,recover-20220922,001,1795
979.3325,979.3414,23750,30888,Plecotus austriacus,0.007,0.021,-1,Echolocation,/mnt/ubna_data_02_mir/recover-20220922/UBNA_001/20220921_090000.WAV,Telephone Field,recover-20220922,001,1795
979.3445,979.3556,25468,32282,Eptesicus serotinus,0.01,0.027,-1,Echolocation,/mnt/ubna_data_02_mir/recover-20220922/UBNA_001/20220921_090000.WAV,Telephone Field,recover-20220922,001,1795
979.3455,979.3839,68437,82043,Rhinolophus ferrumequinum,0.029,0.029,-1,Echolocation,/mnt/ubna_data_02_mir/recover-20220922/UBNA_001/20220921_090000.WAV,Telephone Field,recover-20220922,001,1795
979.3815,979.4207,68437,81997,Rhinolophus ferrumequinum,0.021,0.021,-1,Echolocation,/mnt/ubna_data_02_mir/recover-20220922/UBNA_001/20220921_090000.WAV,Telephone Field,recover-20220922,001,1795
979.3855,979.3924,26328,39166,Eptesicus serotinus,0.006,0.022,-1,Echolocation,/mnt/ubna_data_02_mir/recover-20220922/UBNA_001/20220921_090000.WAV,Telephone Field,recover-20220922,001,1795
979.4425,979.4788,68437,81246,Rhinolophus ferrumequinum,0.024,0.024,-1,Echolocation,/mnt/ubna_data_02_mir/recover-20220922/UBNA_001/20220921_090000.WAV,Telephone Field,recover-20220922,001,1795
979.4545,979.4619,25468,34667,Plecotus austriacus,0.005,0.021,-1,Echolocation,/mnt/ubna_data_02_mir/recover-20220922/UBNA_001/20220921_090000.WAV,Telephone Field,recover-20220922,001,1795
979.5205,979.5581999999999,68437,81583,Rhinolophus ferrumequinum,0.023,0.023,-1,Echolocation,/mnt/ubna_data_02_mir/recover-20220922/UBNA_001/20220921_090000.WAV,Telephone Field,recover-20220922,001,1795
979.5325,979.575,68437,82771,Rhinolophus ferrumequinum,0.029,0.029,-1,Echolocation,/mnt/ubna_data_02_mir/recover-20220922/UBNA_001/20220921_090000.WAV,Telephone Field,recover-20220922,001,1795
979.5925,979.5997,25468,34978,Plecotus austriacus,0.008,0.024,-1,Echolocation,/mnt/ubna_data_02_mir/recover-20220922/UBNA_001/20220921_090000.WAV,Telephone Field,recover-20220922,001,1795
979.6235,979.6598,68437,81718,Rhinolophus ferrumequinum,0.022,0.022,-1,Echolocation,/mnt/ubna_data_02_mir/recover-20220922/UBNA_001/20220921_090000.WAV,Telephone Field,recover-20220922,001,1795
979.7285,979.7711,68437,82597,Rhinolophus ferrumequinum,0.024,0.024,-1,Echolocation,/mnt/ubna_data_02_mir/recover-20220922/UBNA_001/20220921_090000.WAV,Telephone Field,recover-20220922,001,1795
979.7555,979.7955,68437,82549,Rhinolophus ferrumequinum,0.026,0.026,-1,Echolocation,/mnt/ubna_data_02_mir/recover-20220922/UBNA_001/20220921_090000.WAV,Telephone Field,recover-20220922,001,1795
979.7785,979.8186,68437,82244,Rhinolophus ferrumequinum,0.025,0.025,-1,Echolocation,/mnt/ubna_data_02_mir/recover-20220922/UBNA_001/20220921_090000.WAV,Telephone Field,recover-20220922,001,1795
979.7915,979.8127,20312,23315,Nyctalus noctula,0.014,0.028,-1,Echolocation,/mnt/ubna_data_02_mir/recover-20220922/UBNA_001/20220921_090000.WAV,Telephone Field,recover-20220922,001,1795
979.8065,979.8485000000001,68437,82764,Rhinolophus ferrumequinum,0.022,0.022,-1,Echolocation,/mnt/ubna_data_02_mir/recover-20220922/UBNA_001/20220921_090000.WAV,Telephone Field,recover-20220922,001,1795
979.8245,979.8622,68437,82383,Rhinolophus ferrumequinum,0.021,0.021,-1,Echolocation,/mnt/ubna_data_02_mir/recover-20220922/UBNA_001/20220921_090000.WAV,Telephone Field,recover-20220922,001,1795
979.8295,979.8668,68437,81570,Rhinolophus ferrumequinum,0.021,0.021,-1,Echolocation,/mnt/ubna_data_02_mir/recover-20220922/UBNA_001/20220921_090000.WAV,Telephone Field,recover-20220922,001,1795
979.8465,979.8545,28046,41693,Eptesicus serotinus,0.008,0.023,-1,Echolocation,/mnt/ubna_data_02_mir/recover-20220922/UBNA_001/20220921_090000.WAV,Telephone Field,recover-20220922,001,1795
979.8515,979.891,68437,82522,Rhinolophus ferrumequinum,0.022,0.022,-1,Echolocation,/mnt/ubna_data_02_mir/recover-20220922/UBNA_001/20220921_090000.WAV,Telephone Field,recover-20220922,001,1795
979.8755,979.8894,29765,36144,Eptesicus serotinus,0.026,0.041,-1,Echolocation,/mnt/ubna_data_02_mir/recover-20220922/UBNA_001/20220921_090000.WAV,Telephone Field,recover-20220922,001,1795
979.8895,979.9264000000001,68437,81831,Rhinolophus ferrumequinum,0.022,0.022,-1,Echolocation,/mnt/ubna_data_02_mir/recover-20220922/UBNA_001/20220921_090000.WAV,Telephone Field,recover-20220922,001,1795
979.9295,979.97,68437,82414,Rhinolophus ferrumequinum,0.025,0.025,-1,Echolocation,/mnt/ubna_data_02_mir/recover-20220922/UBNA_001/20220921_090000.WAV,Telephone Field,recover-20220922,001,1795
979.9395,979.9821,68437,82740,Rhinolophus ferrumequinum,0.023,0.023,-1,Echolocation,/mnt/ubna_data_02_mir/recover-20220922/UBNA_001/20220921_090000.WAV,Telephone Field,recover-20220922,001,1795
980.0015,980.0081,48671,56654,Pipistrellus pipistrellus,0.016,0.022,-1,Echolocation,/mnt/ubna_data_02_mir/recover-20220922/UBNA_001/20220921_090000.WAV,Telephone Field,recover-20220922,001,1795
980.0015,980.0122,19453,24690,Nyctalus noctula,0.011,0.032,-1,Echolocation,/mnt/ubna_data_02_mir/recover-20220922/UBNA_001/20220921_090000.WAV,Telephone Field,recover-20220922,001,1795
980.0015,980.0315,69296,81386,Rhinolophus ferrumequinum,0.032,0.032,-1,Echolocation,/mnt/ubna_data_02_mir/recover-20220922/UBNA_001/20220921_090000.WAV,Telephone Field,recover-20220922,001,1795
980.0155,980.0588,68437,83544,Rhinolophus ferrumequinum,0.024,0.025,-1,Echolocation,/mnt/ubna_data_02_mir/recover-20220922/UBNA_001/20220921_090000.WAV,Telephone Field,recover-20220922,001,1795
980.0355,980.046,35781,41399,Pipistrellus nathusii,0.009,0.024,-1,Echolocation,/mnt/ubna_data_02_mir/recover-20220922/UBNA_001/20220921_090000.WAV,Telephone Field,recover-20220922,001,1795
980.0355,980.0779,68437,82497,Rhinolophus ferrumequinum,0.024,0.024,-1,Echolocation,/mnt/ubna_data_02_mir/recover-20220922/UBNA_001/20220921_090000.WAV,Telephone Field,recover-20220922,001,1795
980.0445,980.083,68437,82669,Rhinolophus ferrumequinum,0.023,0.023,-1,Echolocation,/mnt/ubna_data_02_mir/recover-20220922/UBNA_001/20220921_090000.WAV,Telephone Field,recover-20220922,001,1795
980.0505,980.0903,68437,82139,Rhinolophus ferrumequinum,0.022,0.022,-1,Echolocation,/mnt/ubna_data_02_mir/recover-20220922/UBNA_001/20220921_090000.WAV,Telephone Field,recover-20220922,001,1795
980.0705,980.1093,68437,82231,Rhinolophus ferrumequinum,0.032,0.032,-1,Echolocation,/mnt/ubna_data_02_mir/recover-20220922/UBNA_001/20220921_090000.WAV,Telephone Field,recover-20220922,001,1795
980.0975,980.1078,44375,47363,Pipistrellus pipistrellus,0.021,0.022,-1,Echolocation,/mnt/ubna_data_02_mir/recover-20220922/UBNA_001/20220921_090000.WAV,Telephone Field,recover-20220922,001,1795
980.1145,980.1554,68437,82308,Rhinolophus ferrumequinum,0.022,0.022,-1,Echolocation,/mnt/ubna_data_02_mir/recover-20220922/UBNA_001/20220921_090000.WAV,Telephone Field,recover-20220922,001,1795
980.1155,980.1248,28046,39776,Eptesicus serotinus,0.01,0.023,-1,Echolocation,/mnt/ubna_data_02_mir/recover-20220922/UBNA_001/20220921_090000.WAV,Telephone Field,recover-20220922,001,1795
980.1665,980.1745,28046,37634,Eptesicus serotinus,0.007,0.023,-1,Echolocation,/mnt/ubna_data_02_mir/recover-20220922/UBNA_001/20220921_090000.WAV,Telephone Field,recover-20220922,001,1795
980.1715,980.1819,22890,27570,Nyctalus leisleri,0.012,0.022,-1,Echolocation,/mnt/ubna_data_02_mir/recover-20220922/UBNA_001/20220921_090000.WAV,Telephone Field,recover-20220922,001,1795
980.1795,980.2226,68437,83052,Rhinolophus ferrumequinum,0.033,0.033,-1,Echolocation,/mnt/ubna_data_02_mir/recover-20220922/UBNA_001/20220921_090000.WAV,Telephone Field,recover-20220922,001,1795
980.2055,980.2456999999999,68437,82436,Rhinolophus ferrumequinum,0.025,0.025,-1,Echolocation,/mnt/ubna_data_02_mir/recover-20220922/UBNA_001/20220921_090000.WAV,Telephone Field,recover-20220922,001,1795
980.2545,980.2931,68437,82614,Rhinolophus ferrumequinum,0.024,0.024,-1,Echolocation,/mnt/ubna_data_02_mir/recover-20220922/UBNA_001/20220921_090000.WAV,Telephone Field,recover-20220922,001,1795
980.2555,980.27,22031,25619,Nyctalus leisleri,0.021,0.035,-1,Echolocation,/mnt/ubna_data_02_mir/recover-20220922/UBNA_001/20220921_090000.WAV,Telephone Field,recover-20220922,001,1795
980.2715,980.3117,68437,82735,Rhinolophus ferrumequinum,0.026,0.026,-1,Echolocation,/mnt/ubna_data_02_mir/recover-20220922/UBNA_001/20220921_090000.WAV,Telephone Field,recover-20220922,001,1795
980.2925,980.3328,68437,82546,Rhinolophus ferrumequinum,0.029,0.029,-1,Echolocation,/mnt/ubna_data_02_mir/recover-20220922/UBNA_001/20220921_090000.WAV,Telephone Field,recover-20220922,001,1795
980.3225,980.3641,68437,83001,Rhinolophus ferrumequinum,0.032,0.032,-1,Echolocation,/mnt/ubna_data_02_mir/recover-20220922/UBNA_001/20220921_090000.WAV,Telephone Field,recover-20220922,001,1795
980.3455,980.3859,68437,82444,Rhinolophus ferrumequinum,0.024,0.024,-1,Echolocation,/mnt/ubna_data_02_mir/recover-20220922/UBNA_001/20220921_090000.WAV,Telephone Field,recover-20220922,001,1795
980.3515,980.3599,15156,23510,Plecotus auritus,0.016,0.033,-1,Echolocation,/mnt/ubna_data_02_mir/recover-20220922/UBNA_001/20220921_090000.WAV,Telephone Field,recover-20220922,001,1795
980.3875,980.4272,68437,81872,Rhinolophus ferrumequinum,0.027,0.027,-1,Echolocation,/mnt/ubna_data_02_mir/recover-20220922/UBNA_001/20220921_090000.WAV,Telephone Field,recover-20220922,001,1795
980.4014999999999,980.4417,68437,82899,Rhinolophus ferrumequinum,0.028,0.028,-1,Echolocation,/mnt/ubna_data_02_mir/recover-20220922/UBNA_001/20220921_090000.WAV,Telephone Field,recover-20220922,001,1795
980.4395,980.4498,47812,50794,Pipistrellus pipistrellus,0.021,0.025,-1,Echolocation,/mnt/ubna_data_02_mir/recover-20220922/UBNA_001/20220921_090000.WAV,Telephone Field,recover-20220922,001,1795
980.4475,980.4907,68437,83171,Rhinolophus ferrumequinum,0.025,0.025,-1,Echolocation,/mnt/ubna_data_02_mir/recover-20220922/UBNA_001/20220921_090000.WAV,Telephone Field,recover-20220922,001,1795
980.4655,980.5086,68437,82889,Rhinolophus ferrumequinum,0.028,0.028,-1,Echolocation,/mnt/ubna_data_02_mir/recover-20220922/UBNA_001/20220921_090000.WAV,Telephone Field,recover-20220922,001,1795
980.4785,980.5165,68437,82111,Rhinolophus ferrumequinum,0.023,0.023,-1,Echolocation,/mnt/ubna_data_02_mir/recover-20220922/UBNA_001/20220921_090000.WAV,Telephone Field,recover-20220922,001,1795
980.5075,980.5143,23750,32833,Plecotus austriacus,0.013,0.029,-1,Echolocation,/mnt/ubna_data_02_mir/recover-20220922/UBNA_001/20220921_090000.WAV,Telephone Field,recover-20220922,001,1795
980.5165,980.5557,68437,81766,Rhinolophus ferrumequinum,0.022,0.022,-1,Echolocation,/mnt/ubna_data_02_mir/recover-20220922/UBNA_001/20220921_090000.WAV,Telephone Field,recover-20220922,001,1795
980.5445,980.5849,68437,82678,Rhinolophus ferrumequinum,0.033,0.033,-1,Echolocation,/mnt/ubna_data_02_mir/recover-20220922/UBNA_001/20220921_090000.WAV,Telephone Field,recover-20220922,001,1795
980.5585,980.5684,28906,36822,Eptesicus serotinus,0.011,0.025,-1,Echolocation,/mnt/ubna_data_02_mir/recover-20220922/UBNA_001/20220921_090000.WAV,Telephone Field,recover-20220922,001,1795
980.5805,980.623,68437,83246,Rhinolophus ferrumequinum,0.046,0.046,-1,Echolocation,/mnt/ubna_data_02_mir/recover-20220922/UBNA_001/20220921_090000.WAV,Telephone Field,recover-20220922,001,1795
980.5805,980.5925,22031,27946,Nyctalus leisleri,0.016,0.04,-1,Echolocation,/mnt/ubna_data_02_mir/recover-20220922/UBNA_001/20220921_090000.WAV,Telephone Field,recover-20220922,001,1795
980.6215,980.6301,26328,34365,Eptesicus serotinus,0.012,0.032,-1,Echolocation,/mnt/ubna_data_02_mir/recover-20220922/UBNA_001/20220921_090000.WAV,Telephone Field,recover-20220922,001,1795
980.6255,980.663,68437,81602,Rhinolophus ferrumequinum,0.022,0.023,-1,Echolocation,/mnt/ubna_data_02_mir/recover-20220922/UBNA_001/20220921_090000.WAV,Telephone Field,recover-20220922,001,1795
980.6485,980.6554,48671,55137,Pipistrellus pipistrellus,0.024,0.027,-1,Echolocation,/mnt/ubna_data_02_mir/recover-20220922/UBNA_001/20220921_090000.WAV,Telephone Field,recover-20220922,001,1795
980.6495,980.6898,68437,82628,Rhinolophus ferrumequinum,0.022,0.022,-1,Echolocation,/mnt/ubna_data_02_mir/recover-20220922/UBNA_001/20220921_090000.WAV,Telephone Field,recover-20220922,001,1795
980.6715,980.6789,28906,38815,Eptesicus serotinus,0.007,0.023,-1,Echolocation,/mnt/ubna_data_02_mir/recover-20220922/UBNA_001/20220921_090000.WAV,Telephone Field,recover-20220922,001,1795
980.6875,980.6972,33203,39118,Barbastellus barbastellus,0.01,0.027,-1,Echolocation,/mnt/ubna_data_02_mir/recover-20220922/UBNA_001/20220921_090000.WAV,Telephone Field,recover-20220922,001,1795
980.6875,980.6969,22890,29964,Plecotus austriacus,0.007,0.022,-1,Echolocation,/mnt/ubna_data_02_mir/recover-20220922/UBNA_001/20220921_090000.WAV,Telephone Field,recover-20220922,001,1795
980.6995,980.7163,20312,24135,Nyctalus leisleri,0.013,0.024,-1,Echolocation,/mnt/ubna_data_02_mir/recover-20220922/UBNA_001/20220921_090000.WAV,Telephone Field,recover-20220922,001,1795
980.7175,980.7591,68437,82492,Rhinolophus ferrumequinum,0.028,0.029,-1,Echolocation,/mnt/ubna_data_02_mir/recover-20220922/UBNA_001/20220921_090000.WAV,Telephone Field,recover-20220922,001,1795
980.7355,980.7797,68437,82775,Rhinolophus ferrumequinum,0.035,0.035,-1,Echolocation,/mnt/ubna_data_02_mir/recover-20220922/UBNA_001/20220921_090000.WAV,Telephone Field,recover-20220922,001,1795
980.7705,980.7806,27187,34909,Eptesicus serotinus,0.012,0.025,-1,Echolocation,/mnt/ubna_data_02_mir/recover-20220922/UBNA_001/20220921_090000.WAV,Telephone Field,recover-20220922,001,1795
980.7825,980.7964,22890,27188,Nyctalus leisleri,0.018,0.031,-1,Echolocation,/mnt/ubna_data_02_mir/recover-20220922/UBNA_001/20220921_090000.WAV,Telephone Field,recover-20220922,001,1795
980.7825,980.8186,68437,81556,Rhinolophus ferrumequinum,0.023,0.023,-1,Echolocation,/mnt/ubna_data_02_mir/recover-20220922/UBNA_001/20220921_090000.WAV,Telephone Field,recover-20220922,001,1795
980.8115,980.8495,68437,81654,Rhinolophus ferrumequinum,0.024,0.024,-1,Echolocation,/mnt/ubna_data_02_mir/recover-20220922/UBNA_001/20220921_090000.WAV,Telephone Field,recover-20220922,001,1795
980.8205,980.8602,68437,82779,Rhinolophus ferrumequinum,0.034,0.034,-1,Echolocation,/mnt/ubna_data_02_mir/recover-20220922/UBNA_001/20220921_090000.WAV,Telephone Field,recover-20220922,001,1795
980.8335,980.8451,23750,28638,Nyctalus leisleri,0.013,0.033,-1,Echolocation,/mnt/ubna_data_02_mir/recover-20220922/UBNA_001/20220921_090000.WAV,Telephone Field,recover-20220922,001,1795
980.8375,980.8801,68437,83616,Rhinolophus ferrumequinum,0.041,0.041,-1,Echolocation,/mnt/ubna_data_02_mir/recover-20220922/UBNA_001/20220921_090000.WAV,Telephone Field,recover-20220922,001,1795
980.8695,980.8793000000001,26328,34867,Eptesicus serotinus,0.013,0.027,-1,Echolocation,/mnt/ubna_data_02_mir/recover-20220922/UBNA_001/20220921_090000.WAV,Telephone Field,recover-20220922,001,1795
980.8855,980.9258,68437,82652,Rhinolophus ferrumequinum,0.047,0.047,-1,Echolocation,/mnt/ubna_data_02_mir/recover-20220922/UBNA_001/20220921_090000.WAV,Telephone Field,recover-20220922,001,1795
980.9095,980.9509,68437,82611,Rhinolophus ferrumequinum,0.023,0.023,-1,Echolocation,/mnt/ubna_data_02_mir/recover-20220922/UBNA_001/20220921_090000.WAV,Telephone Field,recover-20220922,001,1795
980.9165,980.9579,68437,82184,Rhinolophus ferrumequinum,0.022,0.022,-1,Echolocation,/mnt/ubna_data_02_mir/recover-20220922/UBNA_001/20220921_090000.WAV,Telephone Field,recover-20220922,001,1795
980.9605,980.9704,28906,37348,Eptesicus serotinus,0.009,0.024,-1,Echolocation,/mnt/ubna_data_02_mir/recover-20220922/UBNA_001/20220921_090000.WAV,Telephone Field,recover-20220922,001,1795
980.9625,981.0014,68437,82402,Rhinolophus ferrumequinum,0.023,0.023,-1,Echolocation,/mnt/ubna_data_02_mir/recover-20220922/UBNA_001/20220921_090000.WAV,Telephone Field,recover-20220922,001,1795
980.9845,981.0249,68437,82461,Rhinolophus ferrumequinum,0.023,0.023,-1,Echolocation,/mnt/ubna_data_02_mir/recover-20220922/UBNA_001/20220921_090000.WAV,Telephone Field,recover-20220922,001,1795
980.9905,980.9992,22890,29566,Plecotus austriacus,0.009,0.023,-1,Echolocation,/mnt/ubna_data_02_mir/recover-20220922/UBNA_001/20220921_090000.WAV,Telephone Field,recover-20220922,001,1795
981.0055,981.0457,68437,82345,Rhinolophus ferrumequinum,0.022,0.022,-1,Echolocation,/mnt/ubna_data_02_mir/recover-20220922/UBNA_001/20220921_090000.WAV,Telephone Field,recover-20220922,001,1795
981.0325,981.0437,54687,59272,Pipistrellus pygmaeus,0.022,0.024,-1,Echolocation,/mnt/ubna_data_02_mir/recover-20220922/UBNA_001/20220921_090000.WAV,Telephone Field,recover-20220922,001,1795
981.0675,981.1063,68437,81819,Rhinolophus ferrumequinum,0.037,0.037,-1,Echolocation,/mnt/ubna_data_02_mir/recover-20220922/UBNA_001/20220921_090000.WAV,Telephone Field,recover-20220922,001,1795
981.0885,981.1263,68437,81634,Rhinolophus ferrumequinum,0.027,0.027,-1,Echolocation,/mnt/ubna_data_02_mir/recover-20220922/UBNA_001/20220921_090000.WAV,Telephone Field,recover-20220922,001,1795
981.1095,981.1198,27187,35301,Eptesicus serotinus,0.012,0.026,-1,Echolocation,/mnt/ubna_data_02_mir/recover-20220922/UBNA_001/20220921_090000.WAV,Telephone Field,recover-20220922,001,1795
981.1435,981.1821,68437,82339,Rhinolophus ferrumequinum,0.03,0.03,-1,Echolocation,/mnt/ubna_data_02_mir/recover-20220922/UBNA_001/20220921_090000.WAV,Telephone Field,recover-20220922,001,1795
981.1855,981.1951,22890,29284,Nyctalus leisleri,0.008,0.024,-1,Echolocation,/mnt/ubna_data_02_mir/recover-20220922/UBNA_001/20220921_090000.WAV,Telephone Field,recover-20220922,001,1795
981.1945,981.2381,68437,82753,Rhinolophus ferrumequinum,0.046,0.046,-1,Echolocation,/mnt/ubna_data_02_mir/recover-20220922/UBNA_001/20220921_090000.WAV,Telephone Field,recover-20220922,001,1795
981.2385,981.2754,68437,81848,Rhinolophus ferrumequinum,0.032,0.032,-1,Echolocation,/mnt/ubna_data_02_mir/recover-20220922/UBNA_001/20220921_090000.WAV,Telephone Field,recover-20220922,001,1795
981.2764999999999,981.3125,68437,81398,Rhinolophus ferrumequinum,0.023,0.023,-1,Echolocation,/mnt/ubna_data_02_mir/recover-20220922/UBNA_001/20220921_090000.WAV,Telephone Field,recover-20220922,001,1795
981.2895,981.3278,68437,82218,Rhinolophus ferrumequinum,0.025,0.025,-1,Echolocation,/mnt/ubna_data_02_mir/recover-20220922/UBNA_001/20220921_090000.WAV,Telephone Field,recover-20220922,001,1795
981.3215,981.36,68437,82175,Rhinolophus ferrumequinum,0.022,0.022,-1,Echolocation,/mnt/ubna_data_02_mir/recover-20220922/UBNA_001/20220921_090000.WAV,Telephone Field,recover-20220922,001,1795
981.3315,981.3731,68437,82400,Rhinolophus ferrumequinum,0.024,0.024,-1,Echolocation,/mnt/ubna_data_02_mir/recover-20220922/UBNA_001/20220921_090000.WAV,Telephone Field,recover-20220922,001,1795
981.3895,981.3996,22890,28662,Nyctalus leisleri,0.009,0.022,-1,Echolocation,/mnt/ubna_data_02_mir/recover-20220922/UBNA_001/20220921_090000.WAV,Telephone Field,recover-20220922,001,1795
981.3905,981.4278,68437,81907,Rhinolophus ferrumequinum,0.024,0.024,-1,Echolocation,/mnt/ubna_data_02_mir/recover-20220922/UBNA_001/20220921_090000.WAV,Telephone Field,recover-20220922,001,1795
981.3975,981.4375,68437,82207,Rhinolophus ferrumequinum,0.024,0.024,-1,Echolocation,/mnt/ubna_data_02_mir/recover-20220922/UBNA_001/20220921_090000.WAV,Telephone Field,recover-20220922,001,1795
981.4455,981.4827,68437,82141,Rhinolophus ferrumequinum,0.022,0.023,-1,Echolocation,/mnt/ubna_data_02_mir/recover-20220922/UBNA_001/20220921_090000.WAV,Telephone Field,recover-20220922,001,1795
981.4495,981.4592,28906,37591,Eptesicus serotinus,0.011,0.024,-1,Echolocation,/mnt/ubna_data_02_mir/recover-20220922/UBNA_001/20220921_090000.WAV,Telephone Field,recover-20220922,001,1795
981.4675,981.5061,68437,80982,Rhinolophus ferrumequinum,0.039,0.039,-1,Echolocation,/mnt/ubna_data_02_mir/recover-20220922/UBNA_001/20220921_090000.WAV,Telephone Field,recover-20220922,001,1795
981.4715,981.4817,22890,28985,Nyctalus leisleri,0.021,0.055,-1,Echolocation,/mnt/ubna_data_02_mir/recover-20220922/UBNA_001/20220921_090000.WAV,Telephone Field,recover-20220922,001,1795
981.4885,981.4959,30625,44951,Myotis daubentonii,0.008,0.023,-1,Echolocation,/mnt/ubna_data_02_mir/recover-20220922/UBNA_001/20220921_090000.WAV,Telephone Field,recover-20220922,001,1795
981.4975,981.5063,28046,36188,Eptesicus serotinus,0.009,0.023,-1,Echolocation,/mnt/ubna_data_02_mir/recover-20220922/UBNA_001/20220921_090000.WAV,Telephone Field,recover-20220922,001,1795
981.5175,981.5569,68437,82351,Rhinolophus ferrumequinum,0.022,0.022,-1,Echolocation,/mnt/ubna_data_02_mir/recover-20220922/UBNA_001/20220921_090000.WAV,Telephone Field,recover-20220922,001,1795
981.5425,981.5797,68437,81510,Rhinolophus ferrumequinum,0.024,0.024,-1,Echolocation,/mnt/ubna_data_02_mir/recover-20220922/UBNA_001/20220921_090000.WAV,Telephone Field,recover-20220922,001,1795
981.5565,981.5963,68437,81774,Rhinolophus ferrumequinum,0.023,0.023,-1,Echolocation,/mnt/ubna_data_02_mir/recover-20220922/UBNA_001/20220921_090000.WAV,Telephone Field,recover-20220922,001,1795
981.5575,981.5671,23750,30380,Nyctalus leisleri,0.008,0.022,-1,Echolocation,/mnt/ubna_data_02_mir/recover-20220922/UBNA_001/20220921_090000.WAV,Telephone Field,recover-20220922,001,1795
981.5865,981.6286,68437,83156,Rhinolophus ferrumequinum,0.032,0.032,-1,Echolocation,/mnt/ubna_data_02_mir/recover-20220922/UBNA_001/20220921_090000.WAV,Telephone Field,recover-20220922,001,1795
981.6175,981.6288,22031,27172,Nyctalus leisleri,0.011,0.023,-1,Echolocation,/mnt/ubna_data_02_mir/recover-20220922/UBNA_001/20220921_090000.WAV,Telephone Field,recover-20220922,001,1795
981.6235,981.6629,68437,82718,Rhinolophus ferrumequinum,0.024,0.024,-1,Echolocation,/mnt/ubna_data_02_mir/recover-20220922/UBNA_001/20220921_090000.WAV,Telephone Field,recover-20220922,001,1795
981.6345,981.6749,68437,82429,Rhinolophus ferrumequinum,0.022,0.022,-1,Echolocation,/mnt/ubna_data_02_mir/recover-20220922/UBNA_001/20220921_090000.WAV,Telephone Field,recover-20220922,001,1795
981.6395,981.6807,68437,82960,Rhinolophus ferrumequinum,0.022,0.022,-1,Echolocation,/mnt/ubna_data_02_mir/recover-20220922/UBNA_001/20220921_090000.WAV,Telephone Field,recover-20220922,001,1795
981.6435,981.6522,28906,38490,Eptesicus serotinus,0.01,0.025,-1,Echolocation,/mnt/ubna_data_02_mir/recover-20220922/UBNA_001/20220921_090000.WAV,Telephone Field,recover-20220922,001,1795
981.6645,981.71,68437,83844,Rhinolophus ferrumequinum,0.051,0.051,-1,Echolocation,/mnt/ubna_data_02_mir/recover-20220922/UBNA_001/20220921_090000.WAV,Telephone Field,recover-20220922,001,1795
981.6665,981.6781,44375,47921,Pipistrellus pipistrellus,0.027,0.031,-1,Echolocation,/mnt/ubna_data_02_mir/recover-20220922/UBNA_001/20220921_090000.WAV,Telephone Field,recover-20220922,001,1795
981.6885,981.7274,68437,82383,Rhinolophus ferrumequinum,0.022,0.022,-1,Echolocation,/mnt/ubna_data_02_mir/recover-20220922/UBNA_001/20220921_090000.WAV,Telephone Field,recover-20220922,001,1795
981.7065,981.7142,24609,34591,Plecotus austriacus,0.011,0.032,-1,Echolocation,/mnt/ubna_data_02_mir/recover-20220922/UBNA_001/20220921_090000.WAV,Telephone Field,recover-20220922,001,1795
981.7105,981.7536,68437,82894,Rhinolophus ferrumequinum,0.028,0.028,-1,Echolocation,/mnt/ubna_data_02_mir/recover-20220922/UBNA_001/20220921_090000.WAV,Telephone Field,recover-20220922,001,1795
981.7285,981.7666,68437,81642,Rhinolophus ferrumequinum,0.023,0.023,-1,Echolocation,/mnt/ubna_data_02_mir/recover-20220922/UBNA_001/20220921_090000.WAV,Telephone Field,recover-20220922,001,1795
981.7535,981.7897,68437,81066,Rhinolophus ferrumequinum,0.022,0.022,-1,Echolocation,/mnt/ubna_data_02_mir/recover-20220922/UBNA_001/20220921_090000.WAV,Telephone Field,recover-20220922,001,1795
981.7865,981.8269,68437,82576,Rhinolophus ferrumequinum,0.023,0.023,-1,Echolocation,/mnt/ubna_data_02_mir/recover-20220922/UBNA_001/20220921_090000.WAV,Telephone Field,recover-20220922,001,1795
981.8235,981.8611,68437,82126,Rhinolophus ferrumequinum,0.023,0.023,-1,Echolocation,/mnt/ubna_data_02_mir/recover-20220922/UBNA_001/20220921_090000.WAV,Telephone Field,recover-20220922,001,1795
981.8255,981.8366,22890,27651,Nyctalus leisleri,0.011,0.023,-1,Echolocation,/mnt/ubna_data_02_mir/recover-20220922/UBNA_001/20220921_090000.WAV,Telephone Field,recover-20220922,001,1795
981.8415,981.8837,68437,83242,Rhinolophus ferrumequinum,0.032,0.032,-1,Echolocation,/mnt/ubna_data_02_mir/recover-20220922/UBNA_001/20220921_090000.WAV,Telephone Field,recover-20220922,001,1795
981.8595,981.8968,68437,81587,Rhinolophus ferrumequinum,0.022,0.022,-1,Echolocation,/mnt/ubna_data_02_mir/recover-20220922/UBNA_001/20220921_090000.WAV,Telephone Field,recover-20220922,001,1795
981.8755,981.916,68437,82907,Rhinolophus ferrumequinum,0.027,0.027,-1,Echolocation,/mnt/ubna_data_02_mir/recover-20220922/UBNA_001/20220921_090000.WAV,Telephone Field,recover-20220922,001,1795
981.8895,981.9007,22031,26084,Nyctalus leisleri,0.013,0.022,-1,Echolocation,/mnt/ubna_data_02_mir/recover-20220922/UBNA_001/20220921_090000.WAV,Telephone Field,recover-20220922,001,1795
981.9315,981.9755,68437,83008,Rhinolophus ferrumequinum,0.045,0.045,-1,Echolocation,/mnt/ubna_data_02_mir/recover-20220922/UBNA_001/20220921_090000.WAV,Telephone Field,recover-20220922,001,1795
981.9525,981.9647,46093,49896,Pipistrellus pipistrellus,0.046,0.05,-1,Echolocation,/mnt/ubna_data_02_mir/recover-20220922/UBNA_001/20220921_090000.WAV,Telephone Field,recover-20220922,001,1795
981.9525,981.9632,22890,28069,Nyctalus leisleri,0.01,0.022,-1,Echolocation,/mnt/ubna_data_02_mir/recover-20220922/UBNA_001/20220921_090000.WAV,Telephone Field,recover-20220922,001,1795
981.9795,981.9877,27187,37596,Eptesicus serotinus,0.008,0.023,-1,Echolocation,/mnt/ubna_data_02_mir/recover-20220922/UBNA_001/20220921_090000.WAV,Telephone Field,recover-20220922,001,1795
981.9835,981.9968,55546,60083,Pipistrellus pygmaeus,0.031,0.034,-1,Echolocation,/mnt/ubna_data_02_mir/recover-20220922/UBNA_001/20220921_090000.WAV,Telephone Field,recover-20220922,001,1795
982.0015,982.032,68437,80307,Rhinolophus ferrumequinum,0.043,0.044,-1,Echolocation,/mnt/ubna_data_02_mir/recover-20220922/UBNA_001/20220921_090000.WAV,Telephone Field,recover-20220922,001,1795
982.0015,982.0105,26328,34201,Eptesicus serotinus,0.01,0.031,-1,Echolocation,/mnt/ubna_data_02_mir/recover-20220922/UBNA_001/20220921_090000.WAV,Telephone Field,recover-20220922,001,1795
982.0165,982.0247,27187,40835,Eptesicus serotinus,0.007,0.021,-1,Echolocation,/mnt/ubna_data_02_mir/recover-20220922/UBNA_001/20220921_090000.WAV,Telephone Field,recover-20220922,001,1795
982.0595,982.0955,68437,80973,Rhinolophus ferrumequinum,0.022,0.022,-1,Echolocation,/mnt/ubna_data_02_mir/recover-20220922/UBNA_001/20220921_090000.WAV,Telephone Field,recover-20220922,001,1795
982.0695,982.1063,68437,81437,Rhinolophus ferrumequinum,0.02,0.021,-1,Echolocation,/mnt/ubna_data_02_mir/recover-20220922/UBNA_001/20220921_090000.WAV,Telephone Field,recover-20220922,001,1795
982.0785,982.0883,28906,37172,Eptesicus serotinus,0.009,0.024,-1,Echolocation,/mnt/ubna_data_02_mir/recover-20220922/UBNA_001/20220921_090000.WAV,Telephone Field,recover-20220922,001,1795
982.0905,982.1296,68437,82011,Rhinolophus ferrumequinum,0.021,0.021,-1,Echolocation,/mnt/ubna_data_02_mir/recover-20220922/UBNA_001/20220921_090000.WAV,Telephone Field,recover-20220922,001,1795
982.0955,982.136,68437,82454,Rhinolophus ferrumequinum,0.022,0.022,-1,Echolocation,/mnt/ubna_data_02_mir/recover-20220922/UBNA_001/20220921_090000.WAV,Telephone Field,recover-20220922,001,1795
982.1145,982.152,68437,81931,Rhinolophus ferrumequinum,0.032,0.032,-1,Echolocation,/mnt/ubna_data_02_mir/recover-20220922/UBNA_001/20220921_090000.WAV,Telephone Field,recover-20220922,001,1795
982.1385,982.1759,68437,81689,Rhinolophus ferrumequinum,0.02,0.021,-1,Echolocation,/mnt/ubna_data_02_mir/recover-20220922/UBNA_001/20220921_090000.WAV,Telephone Field,recover-20220922,001,1795
982.1555,982.1964,68437,82378,Rhinolophus ferrumequinum,0.021,0.021,-1,Echolocation,/mnt/ubna_data_02_mir/recover-20220922/UBNA_001/20220921_090000.WAV,Telephone Field,recover-20220922,001,1795
982.1625,982.2041,68437,82589,Rhinolophus ferrumequinum,0.022,0.022,-1,Echolocation,/mnt/ubna_data_02_mir/recover-20220922/UBNA_001/20220921_090000.WAV,Telephone Field,recover-20220922,001,1795
982.1625,982.1733,22890,29475,Nyctalus leisleri,0.012,0.031,-1,Echolocation,/mnt/ubna_data_02_mir/recover-20220922/UBNA_001/20220921_090000.WAV,Telephone Field,recover-20220922,001,1795
982.1815,982.2228,68437,82957,Rhinolophus ferrumequinum,0.028,0.028,-1,Echolocation,/mnt/ubna_data_02_mir/recover-20220922/UBNA_001/20220921_090000.WAV,Telephone Field,recover-20220922,001,1795
982.1825,982.1921,28046,36464,Eptesicus serotinus,0.007,0.021,-1,Echolocation,/mnt/ubna_data_02_mir/recover-20220922/UBNA_001/20220921_090000.WAV,Telephone Field,recover-20220922,001,1795
982.2175,982.2274,24609,32542,Nyctalus leisleri,0.008,0.024,-1,Echolocation,/mnt/ubna_data_02_mir/recover-20220922/UBNA_001/20220921_090000.WAV,Telephone Field,recover-20220922,001,1795
982.2255,982.2663,68437,82660,Rhinolophus ferrumequinum,0.026,0.026,-1,Echolocation,/mnt/ubna_data_02_mir/recover-20220922/UBNA_001/20220921_090000.WAV,Telephone Field,recover-20220922,001,1795
982.2285,982.2426,22890,26790,Nyctalus leisleri,0.014,0.024,-1,Echolocation,/mnt/ubna_data_02_mir/recover-20220922/UBNA_001/20220921_090000.WAV,Telephone Field,recover-20220922,001,1795
982.2365,982.2786,68437,83095,Rhinolophus ferrumequinum,0.029,0.029,-1,Echolocation,/mnt/ubna_data_02_mir/recover-20220922/UBNA_001/20220921_090000.WAV,Telephone Field,recover-20220922,001,1795
982.2595,982.2678,26328,35078,Eptesicus serotinus,0.007,0.021,-1,Echolocation,/mnt/ubna_data_02_mir/recover-20220922/UBNA_001/20220921_090000.WAV,Telephone Field,recover-20220922,001,1795
982.2825,982.2948,15156,21205,Nyctalus noctula,0.018,0.029,-1,Echolocation,/mnt/ubna_data_02_mir/recover-20220922/UBNA_001/20220921_090000.WAV,Telephone Field,recover-20220922,001,1795
982.2955,982.3356,68437,82116,Rhinolophus ferrumequinum,0.024,0.024,-1,Echolocation,/mnt/ubna_data_02_mir/recover-20220922/UBNA_001/20220921_090000.WAV,Telephone Field,recover-20220922,001,1795
982.3315,982.3381,45234,51538,Pipistrellus pipistrellus,0.019,0.021,-1,Echolocation,/mnt/ubna_data_02_mir/recover-20220922/UBNA_001/20220921_090000.WAV,Telephone Field,recover-20220922,001,1795
982.3465,982.3872,68437,82560,Rhinolophus ferrumequinum,0.025,0.025,-1,Echolocation,/mnt/ubna_data_02_mir/recover-20220922/UBNA_001/20220921_090000.WAV,Telephone Field,recover-20220922,001,1795
982.3505,982.3675,22890,26361,Nyctalus leisleri,0.027,0.042,-1,Echolocation,/mnt/ubna_data_02_mir/recover-20220922/UBNA_001/20220921_090000.WAV,Telephone Field,recover-20220922,001,1795
982.3895,982.4278,68437,81618,Rhinolophus ferrumequinum,0.021,0.021,-1,Echolocation,/mnt/ubna_data_02_mir/recover-20220922/UBNA_001/20220921_090000.WAV,Telephone Field,recover-20220922,001,1795
982.4095,982.4535,68437,83009,Rhinolophus ferrumequinum,0.034,0.034,-1,Echolocation,/mnt/ubna_data_02_mir/recover-20220922/UBNA_001/20220921_090000.WAV,Telephone Field,recover-20220922,001,1795
982.4165,982.4251,28046,36660,Eptesicus serotinus,0.007,0.021,-1,Echolocation,/mnt/ubna_data_02_mir/recover-20220922/UBNA_001/20220921_090000.WAV,Telephone Field,recover-20220922,001,1795
982.4225,982.4331,23750,29507,Nyctalus leisleri,0.01,0.021,-1,Echolocation,/mnt/ubna_data_02_mir/recover-20220922/UBNA_001/20220921_090000.WAV,Telephone Field,recover-20220922,001,1795
982.4395,982.4783,68437,82070,Rhinolophus ferrumequinum,0.021,0.021,-1,Echolocation,/mnt/ubna_data_02_mir/recover-20220922/UBNA_001/20220921_090000.WAV,Telephone Field,recover-20220922,001,1795
982.4485,982.4885,68437,82117,Rhinolophus ferrumequinum,0.021,0.021,-1,Echolocation,/mnt/ubna_data_02_mir/recover-20220922/UBNA_001/20220921_090000.WAV,Telephone Field,recover-20220922,001,1795
982.4525,982.4628,22890,28503,Nyctalus leisleri,0.009,0.021,-1,Echolocation,/mnt/ubna_data_02_mir/recover-20220922/UBNA_001/20220921_090000.WAV,Telephone Field,recover-20220922,001,1795
982.4765,982.5199,68437,82994,Rhinolophus ferrumequinum,0.024,0.024,-1,Echolocation,/mnt/ubna_data_02_mir/recover-20220922/UBNA_001/20220921_090000.WAV,Telephone Field,recover-20220922,001,1795
982.4855,982.4963,27187,34179,Eptesicus serotinus,0.011,0.023,-1,Echolocation,/mnt/ubna_data_02_mir/recover-20220922/UBNA_001/20220921_090000.WAV,Telephone Field,recover-20220922,001,1795
982.5215,982.5574,68437,81713,Rhinolophus ferrumequinum,0.023,0.023,-1,Echolocation,/mnt/ubna_data_02_mir/recover-20220922/UBNA_001/20220921_090000.WAV,Telephone Field,recover-20220922,001,1795
982.5525,982.5958,68437,83028,Rhinolophus ferrumequinum,0.025,0.025,-1,Echolocation,/mnt/ubna_data_02_mir/recover-20220922/UBNA_001/20220921_090000.WAV,Telephone Field,recover-20220922,001,1795
982.6125,982.6206999999999,28046,37219,Eptesicus serotinus,0.009,0.027,-1,Echolocation,/mnt/ubna_data_02_mir/recover-20220922/UBNA_001/20220921_090000.WAV,Telephone Field,recover-20220922,001,1795
982.6125,982.6233,36640,40555,Barbastellus barbastellus,0.013,0.037,-1,Echolocation,/mnt/ubna_data_02_mir/recover-20220922/UBNA_001/20220921_090000.WAV,Telephone Field,recover-20220922,001,1795
982.6165,982.6581,68437,83430,Rhinolophus ferrumequinum,0.034,0.034,-1,Echolocation,/mnt/ubna_data_02_mir/recover-20220922/UBNA_001/20220921_090000.WAV,Telephone Field,recover-20220922,001,1795
982.6295,982.675,68437,83626,Rhinolophus ferrumequinum,0.034,0.034,-1,Echolocation,/mnt/ubna_data_02_mir/recover-20220922/UBNA_001/20220921_090000.WAV,Telephone Field,recover-20220922,001,1795
982.6525,982.6635,23750,29162,Nyctalus leisleri,0.01,0.023,-1,Echolocation,/mnt/ubna_data_02_mir/recover-20220922/UBNA_001/20220921_090000.WAV,Telephone Field,recover-20220922,001,1795
982.6675,982.7061,68437,82012,Rhinolophus ferrumequinum,0.026,0.026,-1,Echolocation,/mnt/ubna_data_02_mir/recover-20220922/UBNA_001/20220921_090000.WAV,Telephone Field,recover-20220922,001,1795
982.6825,982.7226,68437,82512,Rhinolophus ferrumequinum,0.024,0.024,-1,Echolocation,/mnt/ubna_data_02_mir/recover-20220922/UBNA_001/20220921_090000.WAV,Telephone Field,recover-20220922,001,1795
982.6895,982.732,68437,82601,Rhinolophus ferrumequinum,0.023,0.023,-1,Echolocation,/mnt/ubna_data_02_mir/recover-20220922/UBNA_001/20220921_090000.WAV,Telephone Field,recover-20220922,001,1795
982.6945,982.7358,68437,82832,Rhinolophus ferrumequinum,0.022,0.022,-1,Echolocation,/mnt/ubna_data_02_mir/recover-20220922/UBNA_001/20220921_090000.WAV,Telephone Field,recover-20220922,001,1795
982.6955,982.7069,22890,28582,Nyctalus leisleri,0.012,0.026,-1,Echolocation,/mnt/ubna_data_02_mir/recover-20220922/UBNA_001/20220921_090000.WAV,Telephone Field,recover-20220922,001,1795
982.7135,982.7523,68437,82250,Rhinolophus ferrumequinum,0.023,0.023,-1,Echolocation,/mnt/ubna_data_02_mir/recover-20220922/UBNA_001/20220921_090000.WAV,Telephone Field,recover-20220922,001,1795
982.7215,982.7593,68437,81977,Rhinolophus ferrumequinum,0.024,0.024,-1,Echolocation,/mnt/ubna_data_02_mir/recover-20220922/UBNA_001/20220921_090000.WAV,Telephone Field,recover-20220922,001,1795
982.7385,982.7772,68437,82124,Rhinolophus ferrumequinum,0.021,0.021,-1,Echolocation,/mnt/ubna_data_02_mir/recover-20220922/UBNA_001/20220921_090000.WAV,Telephone Field,recover-20220922,001,1795
982.7835,982.7929,26328,34655,Eptesicus serotinus,0.008,0.024,-1,Echolocation,/mnt/ubna_data_02_mir/recover-20220922/UBNA_001/20220921_090000.WAV,Telephone Field,recover-20220922,001,1795
982.8325,982.8702,68437,81672,Rhinolophus ferrumequinum,0.038,0.038,-1,Echolocation,/mnt/ubna_data_02_mir/recover-20220922/UBNA_001/20220921_090000.WAV,Telephone Field,recover-20220922,001,1795
982.8835,982.8916,28046,38014,Eptesicus serotinus,0.007,0.023,-1,Echolocation,/mnt/ubna_data_02_mir/recover-20220922/UBNA_001/20220921_090000.WAV,Telephone Field,recover-20220922,001,1795
982.8985,982.9408,68437,82441,Rhinolophus ferrumequinum,0.03,0.03,-1,Echolocation,/mnt/ubna_data_02_mir/recover-20220922/UBNA_001/20220921_090000.WAV,Telephone Field,recover-20220922,001,1795
982.9345,982.9757,68437,82800,Rhinolophus ferrumequinum,0.021,0.022,-1,Echolocation,/mnt/ubna_data_02_mir/recover-20220922/UBNA_001/20220921_090000.WAV,Telephone Field,recover-20220922,001,1795
982.9555,982.9921,68437,81786,Rhinolophus ferrumequinum,0.021,0.022,-1,Echolocation,/mnt/ubna_data_02_mir/recover-20220922/UBNA_001/20220921_090000.WAV,Telephone Field,recover-20220922,001,1795
982.9625,982.9702,28046,38629,Eptesicus serotinus,0.006,0.021,-1,Echolocation,/mnt/ubna_data_02_mir/recover-20220922/UBNA_001/20220921_090000.WAV,Telephone Field,recover-20220922,001,1795
982.9825,983.0228,68437,82160,Rhinolophus ferrumequinum,0.023,0.024,-1,Echolocation,/mnt/ubna_data_02_mir/recover-20220922/UBNA_001/20220921_090000.WAV,Telephone Field,recover-20220922,001,1795
982.9965,983.0074,23750,29820,Nyctalus leisleri,0.011,0.025,-1,Echolocation,/mnt/ubna_data_02_mir/recover-20220922/UBNA_001/20220921_090000.WAV,Telephone Field,recover-20220922,001,1795
983.0035,983.0391,68437,81304,Rhinolophus ferrumequinum,0.021,0.021,-1,Echolocation,/mnt/ubna_data_02_mir/recover-20220922/UBNA_001/20220921_090000.WAV,Telephone Field,recover-20220922,001,1795
983.0155,983.0257,29765,35570,Eptesicus serotinus,0.012,0.029,-1,Echolocation,/mnt/ubna_data_02_mir/recover-20220922/UBNA_001/20220921_090000.WAV,Telephone Field,recover-20220922,001,1795
983.0255,983.0596,67578,78258,Rhinolophus ferrumequinum,0.033,0.033,-1,Echolocation,/mnt/ubna_data_02_mir/recover-20220922/UBNA_001/20220921_090000.WAV,Telephone Field,recover-20220922,001,1795
983.0455,983.0518,23750,33130,Plecotus austriacus,0.013,0.027,-1,Echolocation,/mnt/ubna_data_02_mir/recover-20220922/UBNA_001/20220921_090000.WAV,Telephone Field,recover-20220922,001,1795
983.0515,983.0935,68437,83656,Rhinolophus ferrumequinum,0.03,0.03,-1,Echolocation,/mnt/ubna_data_02_mir/recover-20220922/UBNA_001/20220921_090000.WAV,Telephone Field,recover-20220922,001,1795
983.0705,983.1094,68437,81793,Rhinolophus ferrumequinum,0.023,0.023,-1,Echolocation,/mnt/ubna_data_02_mir/recover-20220922/UBNA_001/20220921_090000.WAV,Telephone Field,recover-20220922,001,1795
983.0965,983.1374,68437,82602,Rhinolophus ferrumequinum,0.024,0.024,-1,Echolocation,/mnt/ubna_data_02_mir/recover-20220922/UBNA_001/20220921_090000.WAV,Telephone Field,recover-20220922,001,1795
983.1215,983.1307,27187,37359,Eptesicus serotinus,0.008,0.022,-1,Echolocation,/mnt/ubna_data_02_mir/recover-20220922/UBNA_001/20220921_090000.WAV,Telephone Field,recover-20220922,001,1795
983.1635,983.2025,68437,82329,Rhinolophus ferrumequinum,0.022,0.023,-1,Echolocation,/mnt/ubna_data_02_mir/recover-20220922/UBNA_001/20220921_090000.WAV,Telephone Field,recover-20220922,001,1795
983.1705,983.2123,68437,82470,Rhinolophus ferrumequinum,0.026,0.026,-1,Echolocation,/mnt/ubna_data_02_mir/recover-20220922/UBNA_001/20220921_090000.WAV,Telephone Field,recover-20220922,001,1795
983.2145,983.2524,68437,82235,Rhinolophus ferrumequinum,0.023,0.023,-1,Echolocation,/mnt/ubna_data_02_mir/recover-20220922/UBNA_001/20220921_090000.WAV,Telephone Field,recover-20220922,001,1795
983.2475,983.2583,22890,27925,Nyctalus leisleri,0.011,0.021,-1,Echolocation,/mnt/ubna_data_02_mir/recover-20220922/UBNA_001/20220921_090000.WAV,Telephone Field,recover-20220922,001,1795
983.2785,983.3184,68437,82392,Rhinolophus ferrumequinum,0.023,0.023,-1,Echolocation,/mnt/ubna_data_02_mir/recover-20220922/UBNA_001/20220921_090000.WAV,Telephone Field,recover-20220922,001,1795
983.2995,983.333,68437,80535,Rhinolophus ferrumequinum,0.024,0.024,-1,Echolocation,/mnt/ubna_data_02_mir/recover-20220922/UBNA_001/20220921_090000.WAV,Telephone Field,recover-20220922,001,1795
983.3145,983.3253,22890,27582,Nyctalus leisleri,0.012,0.022,-1,Echolocation,/mnt/ubna_data_02_mir/recover-20220922/UBNA_001/20220921_090000.WAV,Telephone Field,recover-20220922,001,1795
983.3225,983.362,68437,81968,Rhinolophus ferrumequinum,0.024,0.024,-1,Echolocation,/mnt/ubna_data_02_mir/recover-20220922/UBNA_001/20220921_090000.WAV,Telephone Field,recover-20220922,001,1795
983.3555,983.3673,24609,30085,Nyctalus leisleri,0.011,0.026,-1,Echolocation,/mnt/ubna_data_02_mir/recover-20220922/UBNA_001/20220921_090000.WAV,Telephone Field,recover-20220922,001,1795
983.3665,983.3757,28906,38144,Eptesicus serotinus,0.011,0.03,-1,Echolocation,/mnt/ubna_data_02_mir/recover-20220922/UBNA_001/20220921_090000.WAV,Telephone Field,recover-20220922,001,1795
983.3835,983.4192,68437,81510,Rhinolophus ferrumequinum,0.021,0.021,-1,Echolocation,/mnt/ubna_data_02_mir/recover-20220922/UBNA_001/20220921_090000.WAV,Telephone Field,recover-20220922,001,1795
983.3965,983.4073,28906,35959,Eptesicus serotinus,0.011,0.025,-1,Echolocation,/mnt/ubna_data_02_mir/recover-20220922/UBNA_001/20220921_090000.WAV,Telephone Field,recover-20220922,001,1795
983.3995,983.4088,23750,30796,Nyctalus leisleri,0.008,0.024,-1,Echolocation,/mnt/ubna_data_02_mir/recover-20220922/UBNA_001/20220921_090000.WAV,Telephone Field,recover-20220922,001,1795
983.4135,983.4321,19453,22747,Nyctalus leisleri,0.011,0.022,-1,Echolocation,/mnt/ubna_data_02_mir/recover-20220922/UBNA_001/20220921_090000.WAV,Telephone Field,recover-20220922,001,1795
983.4285,983.4686,68437,82404,Rhinolophus ferrumequinum,0.025,0.025,-1,Echolocation,/mnt/ubna_data_02_mir/recover-20220922/UBNA_001/20220921_090000.WAV,Telephone Field,recover-20220922,001,1795
983.4405,983.4485999999999,28046,38776,Eptesicus serotinus,0.007,0.024,-1,Echolocation,/mnt/ubna_data_02_mir/recover-20220922/UBNA_001/20220921_090000.WAV,Telephone Field,recover-20220922,001,1795
983.4605,983.4963,68437,81108,Rhinolophus ferrumequinum,0.021,0.021,-1,Echolocation,/mnt/ubna_data_02_mir/recover-20220922/UBNA_001/20220921_090000.WAV,Telephone Field,recover-20220922,001,1795
983.4625,983.4732,26328,33751,Eptesicus serotinus,0.012,0.026,-1,Echolocation,/mnt/ubna_data_02_mir/recover-20220922/UBNA_001/20220921_090000.WAV,Telephone Field,recover-20220922,001,1795
983.4695,983.4798,28046,34771,Eptesicus serotinus,0.01,0.023,-1,Echolocation,/mnt/ubna_data_02_mir/recover-20220922/UBNA_001/20220921_090000.WAV,Telephone Field,recover-20220922,001,1795
983.4755,983.5142,68437,81978,Rhinolophus ferrumequinum,0.033,0.033,-1,Echolocation,/mnt/ubna_data_02_mir/recover-20220922/UBNA_001/20220921_090000.WAV,Telephone Field,recover-20220922,001,1795
983.4765,983.4859,28046,37273,Eptesicus serotinus,0.008,0.023,-1,Echolocation,/mnt/ubna_data_02_mir/recover-20220922/UBNA_001/20220921_090000.WAV,Telephone Field,recover-20220922,001,1795
983.5025,983.511,28906,38686,Eptesicus serotinus,0.009,0.026,-1,Echolocation,/mnt/ubna_data_02_mir/recover-20220922/UBNA_001/20220921_090000.WAV,Telephone Field,recover-20220922,001,1795
983.5205,983.5645,68437,83173,Rhinolophus ferrumequinum,0.034,0.034,-1,Echolocation,/mnt/ubna_data_02_mir/recover-20220922/UBNA_001/20220921_090000.WAV,Telephone Field,recover-20220922,001,1795
983.5405,983.5785,68437,81510,Rhinolophus ferrumequinum,0.022,0.022,-1,Echolocation,/mnt/ubna_data_02_mir/recover-20220922/UBNA_001/20220921_090000.WAV,Telephone Field,recover-20220922,001,1795
983.5575,983.5966,68437,82365,Rhinolophus ferrumequinum,0.021,0.021,-1,Echolocation,/mnt/ubna_data_02_mir/recover-20220922/UBNA_001/20220921_090000.WAV,Telephone Field,recover-20220922,001,1795
983.5915,983.6003,24609,32706,Nyctalus leisleri,0.011,0.039,-1,Echolocation,/mnt/ubna_data_02_mir/recover-20220922/UBNA_001/20220921_090000.WAV,Telephone Field,recover-20220922,001,1795
983.6514999999999,983.6609,47812,54468,Pipistrellus pipistrellus,0.03,0.032,-1,Echolocation,/mnt/ubna_data_02_mir/recover-20220922/UBNA_001/20220921_090000.WAV,Telephone Field,recover-20220922,001,1795
983.6535,983.6905,68437,81899,Rhinolophus ferrumequinum,0.022,0.022,-1,Echolocation,/mnt/ubna_data_02_mir/recover-20220922/UBNA_001/20220921_090000.WAV,Telephone Field,recover-20220922,001,1795
983.6585,983.6706,22890,27398,Nyctalus leisleri,0.012,0.022,-1,Echolocation,/mnt/ubna_data_02_mir/recover-20220922/UBNA_001/20220921_090000.WAV,Telephone Field,recover-20220922,001,1795
983.6735,983.6817,24609,32902,Plecotus austriacus,0.009,0.025,-1,Echolocation,/mnt/ubna_data_02_mir/recover-20220922/UBNA_001/20220921_090000.WAV,Telephone Field,recover-20220922,001,1795
983.6815,983.7211,68437,81501,Rhinolophus ferrumequinum,0.02,0.021,-1,Echolocation,/mnt/ubna_data_02_mir/recover-20220922/UBNA_001/20220921_090000.WAV,Telephone Field,recover-20220922,001,1795
983.6875,983.7261,68437,81962,Rhinolophus ferrumequinum,0.022,0.022,-1,Echolocation,/mnt/ubna_data_02_mir/recover-20220922/UBNA_001/20220921_090000.WAV,Telephone Field,recover-20220922,001,1795
983.7085,983.7167,28046,40981,Eptesicus serotinus,0.007,0.021,-1,Echolocation,/mnt/ubna_data_02_mir/recover-20220922/UBNA_001/20220921_090000.WAV,Telephone Field,recover-20220922,001,1795
983.7325,983.7699,68437,81780,Rhinolophus ferrumequinum,0.022,0.022,-1,Echolocation,/mnt/ubna_data_02_mir/recover-20220922/UBNA_001/20220921_090000.WAV,Telephone Field,recover-20220922,001,1795
983.7785,983.7848,49531,54014,Pipistrellus pipistrellus,0.02,0.021,-1,Echolocation,/mnt/ubna_data_02_mir/recover-20220922/UBNA_001/20220921_090000.WAV,Telephone Field,recover-20220922,001,1795
983.7815,983.8226,68437,82578,Rhinolophus ferrumequinum,0.051,0.051,-1,Echolocation,/mnt/ubna_data_02_mir/recover-20220922/UBNA_001/20220921_090000.WAV,Telephone Field,recover-20220922,001,1795
983.8095,983.8482,68437,81588,Rhinolophus ferrumequinum,0.022,0.022,-1,Echolocation,/mnt/ubna_data_02_mir/recover-20220922/UBNA_001/20220921_090000.WAV,Telephone Field,recover-20220922,001,1795
983.8195,983.8589,68437,82292,Rhinolophus ferrumequinum,0.021,0.021,-1,Echolocation,/mnt/ubna_data_02_mir/recover-20220922/UBNA_001/20220921_090000.WAV,Telephone Field,recover-20220922,001,1795
983.8205,983.8302,25468,34429,Eptesicus serotinus,0.009,0.022,-1,Echolocation,/mnt/ubna_data_02_mir/recover-20220922/UBNA_001/20220921_090000.WAV,Telephone Field,recover-20220922,001,1795
983.8395,983.8782,68437,81650,Rhinolophus ferrumequinum,0.027,0.027,-1,Echolocation,/mnt/ubna_data_02_mir/recover-20220922/UBNA_001/20220921_090000.WAV,Telephone Field,recover-20220922,001,1795
983.8455,983.8847,68437,81803,Rhinolophus ferrumequinum,0.026,0.026,-1,Echolocation,/mnt/ubna_data_02_mir/recover-20220922/UBNA_001/20220921_090000.WAV,Telephone Field,recover-20220922,001,1795
983.8735,983.9082,68437,81774,Rhinolophus ferrumequinum,0.021,0.021,-1,Echolocation,/mnt/ubna_data_02_mir/recover-20220922/UBNA_001/20220921_090000.WAV,Telephone Field,recover-20220922,001,1795
983.8895,983.9262,68437,81563,Rhinolophus ferrumequinum,0.021,0.021,-1,Echolocation,/mnt/ubna_data_02_mir/recover-20220922/UBNA_001/20220921_090000.WAV,Telephone Field,recover-20220922,001,1795
983.9155,983.9538,68437,82157,Rhinolophus ferrumequinum,0.027,0.027,-1,Echolocation,/mnt/ubna_data_02_mir/recover-20220922/UBNA_001/20220921_090000.WAV,Telephone Field,recover-20220922,001,1795
983.9375,983.9737,68437,81567,Rhinolophus ferrumequinum,0.021,0.021,-1,Echolocation,/mnt/ubna_data_02_mir/recover-20220922/UBNA_001/20220921_090000.WAV,Telephone Field,recover-20220922,001,1795
983.9545,983.9643,22890,29168,Nyctalus leisleri,0.009,0.023,-1,Echolocation,/mnt/ubna_data_02_mir/recover-20220922/UBNA_001/20220921_090000.WAV,Telephone Field,recover-20220922,001,1795
984.0015,984.0089,46093,51449,Pipistrellus pipistrellus,0.019,0.027,-1,Echolocation,/mnt/ubna_data_02_mir/recover-20220922/UBNA_001/20220921_090000.WAV,Telephone Field,recover-20220922,001,1795
984.0015,984.0105,25468,33599,Nyctalus leisleri,0.008,0.025,-1,Echolocation,/mnt/ubna_data_02_mir/recover-20220922/UBNA_001/20220921_090000.WAV,Telephone Field,recover-20220922,001,1795
984.0015,984.0306,69296,82148,Rhinolophus ferrumequinum,0.036,0.036,-1,Echolocation,/mnt/ubna_data_02_mir/recover-20220922/UBNA_001/20220921_090000.WAV,Telephone Field,recover-20220922,001,1795
984.0015,984.0158,16875,22321,Nyctalus noctula,0.01,0.021,-1,Echolocation,/mnt/ubna_data_02_mir/recover-20220922/UBNA_001/20220921_090000.WAV,Telephone Field,recover-20220922,001,1795
984.0105,984.0536,68437,82413,Rhinolophus ferrumequinum,0.022,0.022,-1,Echolocation,/mnt/ubna_data_02_mir/recover-20220922/UBNA_001/20220921_090000.WAV,Telephone Field,recover-20220922,001,1795
984.0315,984.0386,27187,39719,Eptesicus serotinus,0.005,0.021,-1,Echolocation,/mnt/ubna_data_02_mir/recover-20220922/UBNA_001/20220921_090000.WAV,Telephone Field,recover-20220922,001,1795
984.0485,984.0573,47812,53618,Pipistrellus pipistrellus,0.019,0.022,-1,Echolocation,/mnt/ubna_data_02_mir/recover-20220922/UBNA_001/20220921_090000.WAV,Telephone Field,recover-20220922,001,1795
984.1395,984.1785,68437,82384,Rhinolophus ferrumequinum,0.024,0.024,-1,Echolocation,/mnt/ubna_data_02_mir/recover-20220922/UBNA_001/20220921_090000.WAV,Telephone Field,recover-20220922,001,1795
984.1545,984.1938,68437,82420,Rhinolophus ferrumequinum,0.023,0.023,-1,Echolocation,/mnt/ubna_data_02_mir/recover-20220922/UBNA_001/20220921_090000.WAV,Telephone Field,recover-20220922,001,1795
984.1785,984.2177,68437,81223,Rhinolophus ferrumequinum,0.024,0.024,-1,Echolocation,/mnt/ubna_data_02_mir/recover-20220922/UBNA_001/20220921_090000.WAV,Telephone Field,recover-20220922,001,1795
984.2065,984.2425,68437,81665,Rhinolophus ferrumequinum,0.023,0.023,-1,Echolocation,/mnt/ubna_data_02_mir/recover-20220922/UBNA_001/20220921_090000.WAV,Telephone Field,recover-20220922,001,1795
984.2235000000001,984.2604,68437,81991,Rhinolophus ferrumequinum,0.024,0.024,-1,Echolocation,/mnt/ubna_data_02_mir/recover-20220922/UBNA_001/20220921_090000.WAV,Telephone Field,recover-20220922,001,1795
984.2305,984.2386,28046,38488,Eptesicus serotinus,0.007,0.021,-1,Echolocation,/mnt/ubna_data_02_mir/recover-20220922/UBNA_001/20220921_090000.WAV,Telephone Field,recover-20220922,001,1795
984.2325,984.2421,22031,27120,Nyctalus leisleri,0.008,0.021,-1,Echolocation,/mnt/ubna_data_02_mir/recover-20220922/UBNA_001/20220921_090000.WAV,Telephone Field,recover-20220922,001,1795
984.2475,984.2832,68437,80548,Rhinolophus ferrumequinum,0.024,0.024,-1,Echolocation,/mnt/ubna_data_02_mir/recover-20220922/UBNA_001/20220921_090000.WAV,Telephone Field,recover-20220922,001,1795
984.2635,984.3003,68437,82152,Rhinolophus ferrumequinum,0.023,0.023,-1,Echolocation,/mnt/ubna_data_02_mir/recover-20220922/UBNA_001/20220921_090000.WAV,Telephone Field,recover-20220922,001,1795
984.2905,984.3295,68437,82171,Rhinolophus ferrumequinum,0.021,0.021,-1,Echolocation,/mnt/ubna_data_02_mir/recover-20220922/UBNA_001/20220921_090000.WAV,Telephone Field,recover-20220922,001,1795
984.3515,984.3897,68437,82506,Rhinolophus ferrumequinum,0.037,0.037,-1,Echolocation,/mnt/ubna_data_02_mir/recover-20220922/UBNA_001/20220921_090000.WAV,Telephone Field,recover-20220922,001,1795
984.3715,984.4108,68437,82373,Rhinolophus ferrumequinum,0.022,0.022,-1,Echolocation,/mnt/ubna_data_02_mir/recover-20220922/UBNA_001/20220921_090000.WAV,Telephone Field,recover-20220922,001,1795
984.4135,984.4507,68437,81162,Rhinolophus ferrumequinum,0.023,0.023,-1,Echolocation,/mnt/ubna_data_02_mir/recover-20220922/UBNA_001/20220921_090000.WAV,Telephone Field,recover-20220922,001,1795
984.4155,984.425,45234,51843,Pipistrellus pipistrellus,0.03,0.034,-1,Echolocation,/mnt/ubna_data_02_mir/recover-20220922/UBNA_001/20220921_090000.WAV,Telephone Field,recover-20220922,001,1795
984.4415,984.4806,68437,82772,Rhinolophus ferrumequinum,0.023,0.023,-1,Echolocation,/mnt/ubna_data_02_mir/recover-20220922/UBNA_001/20220921_090000.WAV,Telephone Field,recover-20220922,001,1795
984.4555,984.4993,68437,83643,Rhinolophus ferrumequinum,0.035,0.035,-1,Echolocation,/mnt/ubna_data_02_mir/recover-20220922/UBNA_001/20220921_090000.WAV,Telephone Field,recover-20220922,001,1795
984.4625,984.5055,68437,83084,Rhinolophus ferrumequinum,0.026,0.026,-1,Echolocation,/mnt/ubna_data_02_mir/recover-20220922/UBNA_001/20220921_090000.WAV,Telephone Field,recover-20220922,001,1795
984.4645,984.4714,25468,35163,Plecotus austriacus,0.013,0.033,-1,Echolocation,/mnt/ubna_data_02_mir/recover-20220922/UBNA_001/20220921_090000.WAV,Telephone Field,recover-20220922,001,1795
984.4895,984.4961,28046,38861,Eptesicus serotinus,0.007,0.026,-1,Echolocation,/mnt/ubna_data_02_mir/recover-20220922/UBNA_001/20220921_090000.WAV,Telephone Field,recover-20220922,001,1795
984.5055,984.5445,68437,81995,Rhinolophus ferrumequinum,0.022,0.022,-1,Echolocation,/mnt/ubna_data_02_mir/recover-20220922/UBNA_001/20220921_090000.WAV,Telephone Field,recover-20220922,001,1795
984.5335,984.5441,28046,35488,Eptesicus serotinus,0.011,0.023,-1,Echolocation,/mnt/ubna_data_02_mir/recover-20220922/UBNA_001/20220921_090000.WAV,Telephone Field,recover-20220922,001,1795
984.5585,984.602,68437,83076,Rhinolophus ferrumequinum,0.034,0.034,-1,Echolocation,/mnt/ubna_data_02_mir/recover-20220922/UBNA_001/20220921_090000.WAV,Telephone Field,recover-20220922,001,1795
984.5695,984.6123,68437,82846,Rhinolophus ferrumequinum,0.025,0.025,-1,Echolocation,/mnt/ubna_data_02_mir/recover-20220922/UBNA_001/20220921_090000.WAV,Telephone Field,recover-20220922,001,1795
984.6105,984.6484,68437,81737,Rhinolophus ferrumequinum,0.026,0.026,-1,Echolocation,/mnt/ubna_data_02_mir/recover-20220922/UBNA_001/20220921_090000.WAV,Telephone Field,recover-20220922,001,1795
984.6465,984.6876,68437,82250,Rhinolophus ferrumequinum,0.022,0.022,-1,Echolocation,/mnt/ubna_data_02_mir/recover-20220922/UBNA_001/20220921_090000.WAV,Telephone Field,recover-20220922,001,1795
984.7135,984.7238,36640,43123,Pipistrellus nathusii,0.011,0.03,-1,Echolocation,/mnt/ubna_data_02_mir/recover-20220922/UBNA_001/20220921_090000.WAV,Telephone Field,recover-20220922,001,1795
984.7185,984.7571,68437,81985,Rhinolophus ferrumequinum,0.034,0.034,-1,Echolocation,/mnt/ubna_data_02_mir/recover-20220922/UBNA_001/20220921_090000.WAV,Telephone Field,recover-20220922,001,1795
984.7425,984.7505,26328,36533,Eptesicus serotinus,0.007,0.022,-1,Echolocation,/mnt/ubna_data_02_mir/recover-20220922/UBNA_001/20220921_090000.WAV,Telephone Field,recover-20220922,001,1795
984.7605,984.8014000000001,68437,83019,Rhinolophus ferrumequinum,0.022,0.022,-1,Echolocation,/mnt/ubna_data_02_mir/recover-20220922/UBNA_001/20220921_090000.WAV,Telephone Field,recover-20220922,001,1795
984.7725,984.7897,22031,25642,Nyctalus leisleri,0.015,0.024,-1,Echolocation,/mnt/ubna_data_02_mir/recover-20220922/UBNA_001/20220921_090000.WAV,Telephone Field,recover-20220922,001,1795
984.7985,984.8316,68437,80079,Rhinolophus ferrumequinum,0.024,0.024,-1,Echolocation,/mnt/ubna_data_02_mir/recover-20220922/UBNA_001/20220921_090000.WAV,Telephone Field,recover-20220922,001,1795
984.8575,984.8996,68437,82575,Rhinolophus ferrumequinum,0.023,0.023,-1,Echolocation,/mnt/ubna_data_02_mir/recover-20220922/UBNA_001/20220921_090000.WAV,Telephone Field,recover-20220922,001,1795
984.8615,984.8691,28046,39195,Eptesicus serotinus,0.007,0.022,-1,Echolocation,/mnt/ubna_data_02_mir/recover-20220922/UBNA_001/20220921_090000.WAV,Telephone Field,recover-20220922,001,1795
984.8915,984.9331,68437,82115,Rhinolophus ferrumequinum,0.023,0.023,-1,Echolocation,/mnt/ubna_data_02_mir/recover-20220922/UBNA_001/20220921_090000.WAV,Telephone Field,recover-20220922,001,1795
984.9155,984.9222,23750,34160,Plecotus austriacus,0.02,0.038,-1,Echolocation,/mnt/ubna_data_02_mir/recover-20220922/UBNA_001/20220921_090000.WAV,Telephone Field,recover-20220922,001,1795
984.9245,984.9614,68437,81756,Rhinolophus ferrumequinum,0.022,0.022,-1,Echolocation,/mnt/ubna_data_02_mir/recover-20220922/UBNA_001/20220921_090000.WAV,Telephone Field,recover-20220922,001,1795
984.9395,984.9813,68437,82387,Rhinolophus ferrumequinum,0.051,0.051,-1,Echolocation,/mnt/ubna_data_02_mir/recover-20220922/UBNA_001/20220921_090000.WAV,Telephone Field,recover-20220922,001,1795
984.9995,985.0074,26328,35406,Eptesicus serotinus,0.01,0.026,-1,Echolocation,/mnt/ubna_data_02_mir/recover-20220922/UBNA_001/20220921_090000.WAV,Telephone Field,recover-20220922,001,1795
985.0585,985.0967,68437,81211,Rhinolophus ferrumequinum,0.023,0.023,-1,Echolocation,/mnt/ubna_data_02_mir/recover-20220922/UBNA_001/20220921_090000.WAV,Telephone Field,recover-20220922,001,1795
985.0675,985.0763,23750,31200,Plecotus austriacus,0.007,0.022,-1,Echolocation,/mnt/ubna_data_02_mir/recover-20220922/UBNA_001/20220921_090000.WAV,Telephone Field,recover-20220922,001,1795
985.0935,985.1314,68437,82068,Rhinolophus ferrumequinum,0.025,0.025,-1,Echolocation,/mnt/ubna_data_02_mir/recover-20220922/UBNA_001/20220921_090000.WAV,Telephone Field,recover-20220922,001,1795
985.1325,985.1439,22890,27328,Nyctalus leisleri,0.012,0.022,-1,Echolocation,/mnt/ubna_data_02_mir/recover-20220922/UBNA_001/20220921_090000.WAV,Telephone Field,recover-20220922,001,1795
985.1365,985.1733,68437,81254,Rhinolophus ferrumequinum,0.022,0.022,-1,Echolocation,/mnt/ubna_data_02_mir/recover-20220922/UBNA_001/20220921_090000.WAV,Telephone Field,recover-20220922,001,1795
985.1435,985.1538,23750,29827,Nyctalus leisleri,0.008,0.021,-1,Echolocation,/mnt/ubna_data_02_mir/recover-20220922/UBNA_001/20220921_090000.WAV,Telephone Field,recover-20220922,001,1795
985.1545,985.1617,45234,49611,Pipistrellus pipistrellus,0.028,0.029,-1,Echolocation,/mnt/ubna_data_02_mir/recover-20220922/UBNA_001/20220921_090000.WAV,Telephone Field,recover-20220922,001,1795
985.1675,985.2065,68437,81801,Rhinolophus ferrumequinum,0.023,0.023,-1,Echolocation,/mnt/ubna_data_02_mir/recover-20220922/UBNA_001/20220921_090000.WAV,Telephone Field,recover-20220922,001,1795
985.2265,985.2667,68437,82654,Rhinolophus ferrumequinum,0.022,0.022,-1,Echolocation,/mnt/ubna_data_02_mir/recover-20220922/UBNA_001/20220921_090000.WAV,Telephone Field,recover-20220922,001,1795
985.2295,985.2395,42656,48727,Pipistrellus pipistrellus,0.021,0.036,-1,Echolocation,/mnt/ubna_data_02_mir/recover-20220922/UBNA_001/20220921_090000.WAV,Telephone Field,recover-20220922,001,1795
985.2355,985.2772,68437,82257,Rhinolophus ferrumequinum,0.023,0.023,-1,Echolocation,/mnt/ubna_data_02_mir/recover-20220922/UBNA_001/20220921_090000.WAV,Telephone Field,recover-20220922,001,1795
985.2565,985.2936,68437,81782,Rhinolophus ferrumequinum,0.022,0.022,-1,Echolocation,/mnt/ubna_data_02_mir/recover-20220922/UBNA_001/20220921_090000.WAV,Telephone Field,recover-20220922,001,1795
985.2675,985.3091,68437,82578,Rhinolophus ferrumequinum,0.021,0.021,-1,Echolocation,/mnt/ubna_data_02_mir/recover-20220922/UBNA_001/20220921_090000.WAV,Telephone Field,recover-20220922,001,1795
985.2825,985.3199,68437,81970,Rhinolophus ferrumequinum,0.022,0.022,-1,Echolocation,/mnt/ubna_data_02_mir/recover-20220922/UBNA_001/20220921_090000.WAV,Telephone Field,recover-20220922,001,1795
985.3035,985.3436,68437,82833,Rhinolophus ferrumequinum,0.021,0.021,-1,Echolocation,/mnt/ubna_data_02_mir/recover-20220922/UBNA_001/20220921_090000.WAV,Telephone Field,recover-20220922,001,1795
985.3155,985.3235,22890,30176,Plecotus austriacus,0.011,0.024,-1,Echolocation,/mnt/ubna_data_02_mir/recover-20220922/UBNA_001/20220921_090000.WAV,Telephone Field,recover-20220922,001,1795
985.3295,985.3654,68437,81248,Rhinolophus ferrumequinum,0.022,0.022,-1,Echolocation,/mnt/ubna_data_02_mir/recover-20220922/UBNA_001/20220921_090000.WAV,Telephone Field,recover-20220922,001,1795
985.3435,985.35,27187,38922,Eptesicus serotinus,0.006,0.022,-1,Echolocation,/mnt/ubna_data_02_mir/recover-20220922/UBNA_001/20220921_090000.WAV,Telephone Field,recover-20220922,001,1795
985.3475,985.3893,68437,82909,Rhinolophus ferrumequinum,0.041,0.041,-1,Echolocation,/mnt/ubna_data_02_mir/recover-20220922/UBNA_001/20220921_090000.WAV,Telephone Field,recover-20220922,001,1795
985.3755,985.4123,68437,81928,Rhinolophus ferrumequinum,0.026,0.026,-1,Echolocation,/mnt/ubna_data_02_mir/recover-20220922/UBNA_001/20220921_090000.WAV,Telephone Field,recover-20220922,001,1795
985.3985,985.438,68437,82149,Rhinolophus ferrumequinum,0.022,0.022,-1,Echolocation,/mnt/ubna_data_02_mir/recover-20220922/UBNA_001/20220921_090000.WAV,Telephone Field,recover-20220922,001,1795
985.3995,985.4183,20312,23485,Nyctalus leisleri,0.017,0.036,-1,Echolocation,/mnt/ubna_data_02_mir/recover-20220922/UBNA_001/20220921_090000.WAV,Telephone Field,recover-20220922,001,1795
985.4245,985.4636,68437,82118,Rhinolophus ferrumequinum,0.023,0.023,-1,Echolocation,/mnt/ubna_data_02_mir/recover-20220922/UBNA_001/20220921_090000.WAV,Telephone Field,recover-20220922,001,1795
985.4565,985.4656,28046,39955,Eptesicus serotinus,0.009,0.023,-1,Echolocation,/mnt/ubna_data_02_mir/recover-20220922/UBNA_001/20220921_090000.WAV,Telephone Field,recover-20220922,001,1795
985.4645,985.5019,68437,82105,Rhinolophus ferrumequinum,0.024,0.024,-1,Echolocation,/mnt/ubna_data_02_mir/recover-20220922/UBNA_001/20220921_090000.WAV,Telephone Field,recover-20220922,001,1795
985.4875,985.4958,28046,39727,Eptesicus serotinus,0.008,0.023,-1,Echolocation,/mnt/ubna_data_02_mir/recover-20220922/UBNA_001/20220921_090000.WAV,Telephone Field,recover-20220922,001,1795
985.5515,985.5876,68437,81035,Rhinolophus ferrumequinum,0.022,0.022,-1,Echolocation,/mnt/ubna_data_02_mir/recover-20220922/UBNA_001/20220921_090000.WAV,Telephone Field,recover-20220922,001,1795
985.5615,985.5693,46953,53175,Pipistrellus pipistrellus,0.02,0.027,-1,Echolocation,/mnt/ubna_data_02_mir/recover-20220922/UBNA_001/20220921_090000.WAV,Telephone Field,recover-20220922,001,1795
985.5635,985.6048,68437,82922,Rhinolophus ferrumequinum,0.026,0.026,-1,Echolocation,/mnt/ubna_data_02_mir/recover-20220922/UBNA_001/20220921_090000.WAV,Telephone Field,recover-20220922,001,1795
985.5705,985.6151,68437,83105,Rhinolophus ferrumequinum,0.028,0.028,-1,Echolocation,/mnt/ubna_data_02_mir/recover-20220922/UBNA_001/20220921_090000.WAV,Telephone Field,recover-20220922,001,1795
985.6475,985.6571,47812,51844,Pipistrellus pipistrellus,0.019,0.022,-1,Echolocation,/mnt/ubna_data_02_mir/recover-20220922/UBNA_001/20220921_090000.WAV,Telephone Field,recover-20220922,001,1795
985.6835,985.6908,28046,37804,Eptesicus serotinus,0.006,0.021,-1,Echolocation,/mnt/ubna_data_02_mir/recover-20220922/UBNA_001/20220921_090000.WAV,Telephone Field,recover-20220922,001,1795
985.6875,985.7014,14296,19351,Nyctalus noctula,0.014,0.022,-1,Echolocation,/mnt/ubna_data_02_mir/recover-20220922/UBNA_001/20220921_090000.WAV,Telephone Field,recover-20220922,001,1795
985.6945,985.7329,68437,82327,Rhinolophus ferrumequinum,0.023,0.023,-1,Echolocation,/mnt/ubna_data_02_mir/recover-20220922/UBNA_001/20220921_090000.WAV,Telephone Field,recover-20220922,001,1795
985.7125,985.7218,22890,29781,Plecotus austriacus,0.011,0.028,-1,Echolocation,/mnt/ubna_data_02_mir/recover-20220922/UBNA_001/20220921_090000.WAV,Telephone Field,recover-20220922,001,1795
985.7275,985.7668,68437,82015,Rhinolophus ferrumequinum,0.023,0.024,-1,Echolocation,/mnt/ubna_data_02_mir/recover-20220922/UBNA_001/20220921_090000.WAV,Telephone Field,recover-20220922,001,1795
985.7555,985.7965,68437,82653,Rhinolophus ferrumequinum,0.031,0.031,-1,Echolocation,/mnt/ubna_data_02_mir/recover-20220922/UBNA_001/20220921_090000.WAV,Telephone Field,recover-20220922,001,1795
985.7635,985.7704,28046,38747,Eptesicus serotinus,0.007,0.024,-1,Echolocation,/mnt/ubna_data_02_mir/recover-20220922/UBNA_001/20220921_090000.WAV,Telephone Field,recover-20220922,001,1795
985.7835,985.8253,68437,82861,Rhinolophus ferrumequinum,0.021,0.022,-1,Echolocation,/mnt/ubna_data_02_mir/recover-20220922/UBNA_001/20220921_090000.WAV,Telephone Field,recover-20220922,001,1795
985.7955,985.8365,68437,82804,Rhinolophus ferrumequinum,0.023,0.023,-1,Echolocation,/mnt/ubna_data_02_mir/recover-20220922/UBNA_001/20220921_090000.WAV,Telephone Field,recover-20220922,001,1795
985.8065,985.8458,68437,82429,Rhinolophus ferrumequinum,0.023,0.023,-1,Echolocation,/mnt/ubna_data_02_mir/recover-20220922/UBNA_001/20220921_090000.WAV,Telephone Field,recover-20220922,001,1795
985.8515,985.892,68437,82433,Rhinolophus ferrumequinum,0.027,0.027,-1,Echolocation,/mnt/ubna_data_02_mir/recover-20220922/UBNA_001/20220921_090000.WAV,Telephone Field,recover-20220922,001,1795
985.8545,985.8612,28046,36940,Eptesicus serotinus,0.01,0.032,-1,Echolocation,/mnt/ubna_data_02_mir/recover-20220922/UBNA_001/20220921_090000.WAV,Telephone Field,recover-20220922,001,1795
985.8835,985.8921,28906,37655,Eptesicus serotinus,0.009,0.026,-1,Echolocation,/mnt/ubna_data_02_mir/recover-20220922/UBNA_001/20220921_090000.WAV,Telephone Field,recover-20220922,001,1795
985.8965,985.9352,68437,82308,Rhinolophus ferrumequinum,0.022,0.022,-1,Echolocation,/mnt/ubna_data_02_mir/recover-20220922/UBNA_001/20220921_090000.WAV,Telephone Field,recover-20220922,001,1795
985.9105,985.9197,24609,32162,Eptesicus serotinus,0.008,0.028,-1,Echolocation,/mnt/ubna_data_02_mir/recover-20220922/UBNA_001/20220921_090000.WAV,Telephone Field,recover-20220922,001,1795
985.9275,985.9671,68437,82017,Rhinolophus ferrumequinum,0.022,0.022,-1,Echolocation,/mnt/ubna_data_02_mir/recover-20220922/UBNA_001/20220921_090000.WAV,Telephone Field,recover-20220922,001,1795
985.9395,985.9477,27187,35409,Eptesicus serotinus,0.02,0.049,-1,Echolocation,/mnt/ubna_data_02_mir/recover-20220922/UBNA_001/20220921_090000.WAV,Telephone Field,recover-20220922,001,1795
985.9395,985.978,68437,81724,Rhinolophus ferrumequinum,0.024,0.025,-1,Echolocation,/mnt/ubna_data_02_mir/recover-20220922/UBNA_001/20220921_090000.WAV,Telephone Field,recover-20220922,001,1795
985.9465,985.9857,68437,81983,Rhinolophus ferrumequinum,0.023,0.023,-1,Echolocation,/mnt/ubna_data_02_mir/recover-20220922/UBNA_001/20220921_090000.WAV,Telephone Field,recover-20220922,001,1795
985.9805,985.9888,28046,37581,Eptesicus serotinus,0.008,0.024,-1,Echolocation,/mnt/ubna_data_02_mir/recover-20220922/UBNA_001/20220921_090000.WAV,Telephone Field,recover-20220922,001,1795
986.0015,986.0085,48671,54488,Pipistrellus pipistrellus,0.018,0.023,-1,Echolocation,/mnt/ubna_data_02_mir/recover-20220922/UBNA_001/20220921_090000.WAV,Telephone Field,recover-20220922,001,1795
986.0015,986.0094,22890,31673,Plecotus austriacus,0.01,0.035,-1,Echolocation,/mnt/ubna_data_02_mir/recover-20220922/UBNA_001/20220921_090000.WAV,Telephone Field,recover-20220922,001,1795
986.0015,986.0306,68437,79407,Rhinolophus ferrumequinum,0.037,0.038,-1,Echolocation,/mnt/ubna_data_02_mir/recover-20220922/UBNA_001/20220921_090000.WAV,Telephone Field,recover-20220922,001,1795
986.0665,986.1022,68437,81342,Rhinolophus ferrumequinum,0.025,0.025,-1,Echolocation,/mnt/ubna_data_02_mir/recover-20220922/UBNA_001/20220921_090000.WAV,Telephone Field,recover-20220922,001,1795
986.0785,986.1184,68437,82861,Rhinolophus ferrumequinum,0.026,0.026,-1,Echolocation,/mnt/ubna_data_02_mir/recover-20220922/UBNA_001/20220921_090000.WAV,Telephone Field,recover-20220922,001,1795
986.1085,986.1464,68437,81846,Rhinolophus ferrumequinum,0.023,0.023,-1,Echolocation,/mnt/ubna_data_02_mir/recover-20220922/UBNA_001/20220921_090000.WAV,Telephone Field,recover-20220922,001,1795
986.1115,986.1188,28046,41227,Eptesicus serotinus,0.007,0.024,-1,Echolocation,/mnt/ubna_data_02_mir/recover-20220922/UBNA_001/20220921_090000.WAV,Telephone Field,recover-20220922,001,1795
986.1145,986.1212,33203,43218,Myotis daubentonii,0.006,0.022,-1,Echolocation,/mnt/ubna_data_02_mir/recover-20220922/UBNA_001/20220921_090000.WAV,Telephone Field,recover-20220922,001,1795
986.1305,986.1667,68437,81909,Rhinolophus ferrumequinum,0.022,0.022,-1,Echolocation,/mnt/ubna_data_02_mir/recover-20220922/UBNA_001/20220921_090000.WAV,Telephone Field,recover-20220922,001,1795
986.1535,986.1613,59843,64679,Pipistrellus pygmaeus,0.034,0.035,-1,Echolocation,/mnt/ubna_data_02_mir/recover-20220922/UBNA_001/20220921_090000.WAV,Telephone Field,recover-20220922,001,1795
986.1585,986.1995,68437,82180,Rhinolophus ferrumequinum,0.033,0.033,-1,Echolocation,/mnt/ubna_data_02_mir/recover-20220922/UBNA_001/20220921_090000.WAV,Telephone Field,recover-20220922,001,1795
986.1715,986.1831999999999,22890,28379,Nyctalus leisleri,0.012,0.026,-1,Echolocation,/mnt/ubna_data_02_mir/recover-20220922/UBNA_001/20220921_090000.WAV,Telephone Field,recover-20220922,001,1795
986.1955,986.2362,68437,82810,Rhinolophus ferrumequinum,0.032,0.032,-1,Echolocation,/mnt/ubna_data_02_mir/recover-20220922/UBNA_001/20220921_090000.WAV,Telephone Field,recover-20220922,001,1795
986.2135,986.2217,48671,53093,Pipistrellus pipistrellus,0.026,0.029,-1,Echolocation,/mnt/ubna_data_02_mir/recover-20220922/UBNA_001/20220921_090000.WAV,Telephone Field,recover-20220922,001,1795
986.2305,986.2686,68437,82030,Rhinolophus ferrumequinum,0.028,0.028,-1,Echolocation,/mnt/ubna_data_02_mir/recover-20220922/UBNA_001/20220921_090000.WAV,Telephone Field,recover-20220922,001,1795
986.2405,986.2793,68437,81378,Rhinolophus ferrumequinum,0.029,0.029,-1,Echolocation,/mnt/ubna_data_02_mir/recover-20220922/UBNA_001/20220921_090000.WAV,Telephone Field,recover-20220922,001,1795
986.2645,986.2759,23750,29039,Nyctalus leisleri,0.013,0.026,-1,Echolocation,/mnt/ubna_data_02_mir/recover-20220922/UBNA_001/20220921_090000.WAV,Telephone Field,recover-20220922,001,1795
986.2785,986.289,24609,31793,Nyctalus leisleri,0.008,0.025,-1,Echolocation,/mnt/ubna_data_02_mir/recover-20220922/UBNA_001/20220921_090000.WAV,Telephone Field,recover-20220922,001,1795
986.2905,986.3292,68437,82403,Rhinolophus ferrumequinum,0.022,0.022,-1,Echolocation,/mnt/ubna_data_02_mir/recover-20220922/UBNA_001/20220921_090000.WAV,Telephone Field,recover-20220922,001,1795
986.3175,986.3266,28906,37708,Eptesicus serotinus,0.008,0.022,-1,Echolocation,/mnt/ubna_data_02_mir/recover-20220922/UBNA_001/20220921_090000.WAV,Telephone Field,recover-20220922,001,1795
986.3475,986.3851,68437,82296,Rhinolophus ferrumequinum,0.022,0.022,-1,Echolocation,/mnt/ubna_data_02_mir/recover-20220922/UBNA_001/20220921_090000.WAV,Telephone Field,recover-20220922,001,1795
986.3695,986.4110000000001,68437,82734,Rhinolophus ferrumequinum,0.047,0.047,-1,Echolocation,/mnt/ubna_data_02_mir/recover-20220922/UBNA_001/20220921_090000.WAV,Telephone Field,recover-20220922,001,1795
986.3835,986.4197,68437,81612,Rhinolophus ferrumequinum,0.022,0.022,-1,Echolocation,/mnt/ubna_data_02_mir/recover-20220922/UBNA_001/20220921_090000.WAV,Telephone Field,recover-20220922,001,1795
986.3975,986.4047,22890,31197,Plecotus austriacus,0.011,0.022,-1,Echolocation,/mnt/ubna_data_02_mir/recover-20220922/UBNA_001/20220921_090000.WAV,Telephone Field,recover-20220922,001,1795
986.4115,986.421,28046,36118,Eptesicus serotinus,0.01,0.024,-1,Echolocation,/mnt/ubna_data_02_mir/recover-20220922/UBNA_001/20220921_090000.WAV,Telephone Field,recover-20220922,001,1795
986.4115,986.449,68437,81588,Rhinolophus ferrumequinum,0.026,0.026,-1,Echolocation,/mnt/ubna_data_02_mir/recover-20220922/UBNA_001/20220921_090000.WAV,Telephone Field,recover-20220922,001,1795
986.4185,986.4574,68437,82398,Rhinolophus ferrumequinum,0.023,0.023,-1,Echolocation,/mnt/ubna_data_02_mir/recover-20220922/UBNA_001/20220921_090000.WAV,Telephone Field,recover-20220922,001,1795
986.4235,986.4618,68437,82269,Rhinolophus ferrumequinum,0.023,0.023,-1,Echolocation,/mnt/ubna_data_02_mir/recover-20220922/UBNA_001/20220921_090000.WAV,Telephone Field,recover-20220922,001,1795
986.4305,986.4694,68437,82240,Rhinolophus ferrumequinum,0.023,0.023,-1,Echolocation,/mnt/ubna_data_02_mir/recover-20220922/UBNA_001/20220921_090000.WAV,Telephone Field,recover-20220922,001,1795
986.4425,986.4839,68437,82820,Rhinolophus ferrumequinum,0.023,0.023,-1,Echolocation,/mnt/ubna_data_02_mir/recover-20220922/UBNA_001/20220921_090000.WAV,Telephone Field,recover-20220922,001,1795
986.4835,986.522,68437,81851,Rhinolophus ferrumequinum,0.025,0.025,-1,Echolocation,/mnt/ubna_data_02_mir/recover-20220922/UBNA_001/20220921_090000.WAV,Telephone Field,recover-20220922,001,1795
986.4955,986.5337,68437,82111,Rhinolophus ferrumequinum,0.033,0.033,-1,Echolocation,/mnt/ubna_data_02_mir/recover-20220922/UBNA_001/20220921_090000.WAV,Telephone Field,recover-20220922,001,1795
986.4955,986.5021,27187,41517,Eptesicus serotinus,0.006,0.023,-1,Echolocation,/mnt/ubna_data_02_mir/recover-20220922/UBNA_001/20220921_090000.WAV,Telephone Field,recover-20220922,001,1795
986.5315,986.5395,27187,38729,Eptesicus serotinus,0.007,0.022,-1,Echolocation,/mnt/ubna_data_02_mir/recover-20220922/UBNA_001/20220921_090000.WAV,Telephone Field,recover-20220922,001,1795
986.5505,986.5894,68437,82228,Rhinolophus ferrumequinum,0.022,0.022,-1,Echolocation,/mnt/ubna_data_02_mir/recover-20220922/UBNA_001/20220921_090000.WAV,Telephone Field,recover-20220922,001,1795
986.5675,986.5775,26328,34633,Eptesicus serotinus,0.012,0.025,-1,Echolocation,/mnt/ubna_data_02_mir/recover-20220922/UBNA_001/20220921_090000.WAV,Telephone Field,recover-20220922,001,1795
986.5705,986.6114,68437,82865,Rhinolophus ferrumequinum,0.023,0.023,-1,Echolocation,/mnt/ubna_data_02_mir/recover-20220922/UBNA_001/20220921_090000.WAV,Telephone Field,recover-20220922,001,1795
986.6105,986.647,68437,81884,Rhinolophus ferrumequinum,0.021,0.022,-1,Echolocation,/mnt/ubna_data_02_mir/recover-20220922/UBNA_001/20220921_090000.WAV,Telephone Field,recover-20220922,001,1795
986.6185,986.6583,68437,82196,Rhinolophus ferrumequinum,0.029,0.029,-1,Echolocation,/mnt/ubna_data_02_mir/recover-20220922/UBNA_001/20220921_090000.WAV,Telephone Field,recover-20220922,001,1795
986.6345,986.6824,68437,84138,Rhinolophus ferrumequinum,0.059,0.059,-1,Echolocation,/mnt/ubna_data_02_mir/recover-20220922/UBNA_001/20220921_090000.WAV,Telephone Field,recover-20220922,001,1795
986.6715,986.7113,68437,82507,Rhinolophus ferrumequinum,0.022,0.022,-1,Echolocation,/mnt/ubna_data_02_mir/recover-20220922/UBNA_001/20220921_090000.WAV,Telephone Field,recover-20220922,001,1795
986.6835,986.7224,68437,82221,Rhinolophus ferrumequinum,0.023,0.023,-1,Echolocation,/mnt/ubna_data_02_mir/recover-20220922/UBNA_001/20220921_090000.WAV,Telephone Field,recover-20220922,001,1795
986.6955,986.7333,68437,81355,Rhinolophus ferrumequinum,0.022,0.022,-1,Echolocation,/mnt/ubna_data_02_mir/recover-20220922/UBNA_001/20220921_090000.WAV,Telephone Field,recover-20220922,001,1795
986.7185,986.7607,68437,83498,Rhinolophus ferrumequinum,0.035,0.035,-1,Echolocation,/mnt/ubna_data_02_mir/recover-20220922/UBNA_001/20220921_090000.WAV,Telephone Field,recover-20220922,001,1795
986.7295,986.7394,41796,44961,Pipistrellus pipistrellus,0.024,0.029,-1,Echolocation,/mnt/ubna_data_02_mir/recover-20220922/UBNA_001/20220921_090000.WAV,Telephone Field,recover-20220922,001,1795
986.7315,986.7392,28046,39549,Eptesicus serotinus,0.008,0.022,-1,Echolocation,/mnt/ubna_data_02_mir/recover-20220922/UBNA_001/20220921_090000.WAV,Telephone Field,recover-20220922,001,1795
986.7335,986.7746,68437,82955,Rhinolophus ferrumequinum,0.026,0.026,-1,Echolocation,/mnt/ubna_data_02_mir/recover-20220922/UBNA_001/20220921_090000.WAV,Telephone Field,recover-20220922,001,1795
986.8055,986.8444,68437,82440,Rhinolophus ferrumequinum,0.026,0.026,-1,Echolocation,/mnt/ubna_data_02_mir/recover-20220922/UBNA_001/20220921_090000.WAV,Telephone Field,recover-20220922,001,1795
986.8075,986.8163,51250,57058,Pipistrellus pipistrellus,0.018,0.022,-1,Echolocation,/mnt/ubna_data_02_mir/recover-20220922/UBNA_001/20220921_090000.WAV,Telephone Field,recover-20220922,001,1795
986.8105,986.8235999999999,32343,36827,Eptesicus serotinus,0.015,0.049,-1,Echolocation,/mnt/ubna_data_02_mir/recover-20220922/UBNA_001/20220921_090000.WAV,Telephone Field,recover-20220922,001,1795
986.8325,986.868,68437,80956,Rhinolophus ferrumequinum,0.023,0.024,-1,Echolocation,/mnt/ubna_data_02_mir/recover-20220922/UBNA_001/20220921_090000.WAV,Telephone Field,recover-20220922,001,1795
986.8355,986.8438,15156,23646,Plecotus auritus,0.013,0.029,-1,Echolocation,/mnt/ubna_data_02_mir/recover-20220922/UBNA_001/20220921_090000.WAV,Telephone Field,recover-20220922,001,1795
986.8485000000001,986.8898,68437,82676,Rhinolophus ferrumequinum,0.031,0.031,-1,Echolocation,/mnt/ubna_data_02_mir/recover-20220922/UBNA_001/20220921_090000.WAV,Telephone Field,recover-20220922,001,1795
986.8695,986.9071,68437,81602,Rhinolophus ferrumequinum,0.022,0.022,-1,Echolocation,/mnt/ubna_data_02_mir/recover-20220922/UBNA_001/20220921_090000.WAV,Telephone Field,recover-20220922,001,1795
986.8835,986.9236,68437,82846,Rhinolophus ferrumequinum,0.026,0.026,-1,Echolocation,/mnt/ubna_data_02_mir/recover-20220922/UBNA_001/20220921_090000.WAV,Telephone Field,recover-20220922,001,1795
986.9315,986.9697,68437,82182,Rhinolophus ferrumequinum,0.022,0.022,-1,Echolocation,/mnt/ubna_data_02_mir/recover-20220922/UBNA_001/20220921_090000.WAV,Telephone Field,recover-20220922,001,1795
986.9555,986.9657,28046,36057,Eptesicus serotinus,0.011,0.023,-1,Echolocation,/mnt/ubna_data_02_mir/recover-20220922/UBNA_001/20220921_090000.WAV,Telephone Field,recover-20220922,001,1795
986.9725,987.0096,68437,81819,Rhinolophus ferrumequinum,0.021,0.022,-1,Echolocation,/mnt/ubna_data_02_mir/recover-20220922/UBNA_001/20220921_090000.WAV,Telephone Field,recover-20220922,001,1795
986.9815,987.0204,68437,82366,Rhinolophus ferrumequinum,0.022,0.022,-1,Echolocation,/mnt/ubna_data_02_mir/recover-20220922/UBNA_001/20220921_090000.WAV,Telephone Field,recover-20220922,001,1795
986.9895,986.9962,26328,36409,Eptesicus serotinus,0.006,0.025,-1,Echolocation,/mnt/ubna_data_02_mir/recover-20220922/UBNA_001/20220921_090000.WAV,Telephone Field,recover-20220922,001,1795
987.0205,987.0334,22031,25962,Nyctalus leisleri,0.017,0.028,-1,Echolocation,/mnt/ubna_data_02_mir/recover-20220922/UBNA_001/20220921_090000.WAV,Telephone Field,recover-20220922,001,1795
987.0255,987.0667,68437,82362,Rhinolophus ferrumequinum,0.026,0.026,-1,Echolocation,/mnt/ubna_data_02_mir/recover-20220922/UBNA_001/20220921_090000.WAV,Telephone Field,recover-20220922,001,1795
987.0485,987.0564,23750,32110,Plecotus austriacus,0.01,0.025,-1,Echolocation,/mnt/ubna_data_02_mir/recover-20220922/UBNA_001/20220921_090000.WAV,Telephone Field,recover-20220922,001,1795
987.0725,987.1161,68437,83164,Rhinolophus ferrumequinum,0.04,0.04,-1,Echolocation,/mnt/ubna_data_02_mir/recover-20220922/UBNA_001/20220921_090000.WAV,Telephone Field,recover-20220922,001,1795
987.0735,987.084,26328,34391,Eptesicus serotinus,0.011,0.022,-1,Echolocation,/mnt/ubna_data_02_mir/recover-20220922/UBNA_001/20220921_090000.WAV,Telephone Field,recover-20220922,001,1795
987.0955,987.1052,28046,36527,Eptesicus serotinus,0.011,0.025,-1,Echolocation,/mnt/ubna_data_02_mir/recover-20220922/UBNA_001/20220921_090000.WAV,Telephone Field,recover-20220922,001,1795
987.1205,987.1606,68437,82820,Rhinolophus ferrumequinum,0.027,0.027,-1,Echolocation,/mnt/ubna_data_02_mir/recover-20220922/UBNA_001/20220921_090000.WAV,Telephone Field,recover-20220922,001,1795
987.1425,987.1794,68437,81040,Rhinolophus ferrumequinum,0.049,0.049,-1,Echolocation,/mnt/ubna_data_02_mir/recover-20220922/UBNA_001/20220921_090000.WAV,Telephone Field,recover-20220922,001,1795
987.1765,987.2183,68437,82860,Rhinolophus ferrumequinum,0.034,0.034,-1,Echolocation,/mnt/ubna_data_02_mir/recover-20220922/UBNA_001/20220921_090000.WAV,Telephone Field,recover-20220922,001,1795
987.2015,987.2411,68437,82103,Rhinolophus ferrumequinum,0.027,0.027,-1,Echolocation,/mnt/ubna_data_02_mir/recover-20220922/UBNA_001/20220921_090000.WAV,Telephone Field,recover-20220922,001,1795
987.2545,987.2955,68437,82829,Rhinolophus ferrumequinum,0.03,0.03,-1,Echolocation,/mnt/ubna_data_02_mir/recover-20220922/UBNA_001/20220921_090000.WAV,Telephone Field,recover-20220922,001,1795
987.2905,987.3318,68437,82686,Rhinolophus ferrumequinum,0.029,0.029,-1,Echolocation,/mnt/ubna_data_02_mir/recover-20220922/UBNA_001/20220921_090000.WAV,Telephone Field,recover-20220922,001,1795
987.3165,987.3249,28906,37616,Eptesicus serotinus,0.01,0.025,-1,Echolocation,/mnt/ubna_data_02_mir/recover-20220922/UBNA_001/20220921_090000.WAV,Telephone Field,recover-20220922,001,1795
987.3425,987.3874,68437,83225,Rhinolophus ferrumequinum,0.049,0.049,-1,Echolocation,/mnt/ubna_data_02_mir/recover-20220922/UBNA_001/20220921_090000.WAV,Telephone Field,recover-20220922,001,1795
987.3685,987.3781,44375,48281,Pipistrellus pipistrellus,0.027,0.03,-1,Echolocation,/mnt/ubna_data_02_mir/recover-20220922/UBNA_001/20220921_090000.WAV,Telephone Field,recover-20220922,001,1795
987.4615,987.4988,68437,81986,Rhinolophus ferrumequinum,0.023,0.023,-1,Echolocation,/mnt/ubna_data_02_mir/recover-20220922/UBNA_001/20220921_090000.WAV,Telephone Field,recover-20220922,001,1795
987.4775,987.5205,68437,82965,Rhinolophus ferrumequinum,0.042,0.042,-1,Echolocation,/mnt/ubna_data_02_mir/recover-20220922/UBNA_001/20220921_090000.WAV,Telephone Field,recover-20220922,001,1795
987.4975,987.538,68437,82443,Rhinolophus ferrumequinum,0.025,0.025,-1,Echolocation,/mnt/ubna_data_02_mir/recover-20220922/UBNA_001/20220921_090000.WAV,Telephone Field,recover-20220922,001,1795
987.5055,987.5456,68437,83005,Rhinolophus ferrumequinum,0.03,0.03,-1,Echolocation,/mnt/ubna_data_02_mir/recover-20220922/UBNA_001/20220921_090000.WAV,Telephone Field,recover-20220922,001,1795
987.5555,987.596,68437,82572,Rhinolophus ferrumequinum,0.023,0.023,-1,Echolocation,/mnt/ubna_data_02_mir/recover-20220922/UBNA_001/20220921_090000.WAV,Telephone Field,recover-20220922,001,1795
987.5695,987.6085,68437,82838,Rhinolophus ferrumequinum,0.024,0.024,-1,Echolocation,/mnt/ubna_data_02_mir/recover-20220922/UBNA_001/20220921_090000.WAV,Telephone Field,recover-20220922,001,1795
987.5735,987.592,19453,22645,Nyctalus leisleri,0.015,0.03,-1,Echolocation,/mnt/ubna_data_02_mir/recover-20220922/UBNA_001/20220921_090000.WAV,Telephone Field,recover-20220922,001,1795
987.5895,987.6291,68437,82290,Rhinolophus ferrumequinum,0.022,0.023,-1,Echolocation,/mnt/ubna_data_02_mir/recover-20220922/UBNA_001/20220921_090000.WAV,Telephone Field,recover-20220922,001,1795
987.6135,987.6547,68437,82711,Rhinolophus ferrumequinum,0.029,0.029,-1,Echolocation,/mnt/ubna_data_02_mir/recover-20220922/UBNA_001/20220921_090000.WAV,Telephone Field,recover-20220922,001,1795
987.6465,987.688,68437,82820,Rhinolophus ferrumequinum,0.03,0.03,-1,Echolocation,/mnt/ubna_data_02_mir/recover-20220922/UBNA_001/20220921_090000.WAV,Telephone Field,recover-20220922,001,1795
987.6495,987.6606,22890,28387,Nyctalus leisleri,0.011,0.023,-1,Echolocation,/mnt/ubna_data_02_mir/recover-20220922/UBNA_001/20220921_090000.WAV,Telephone Field,recover-20220922,001,1795
987.6545,987.665,23750,28740,Nyctalus leisleri,0.012,0.024,-1,Echolocation,/mnt/ubna_data_02_mir/recover-20220922/UBNA_001/20220921_090000.WAV,Telephone Field,recover-20220922,001,1795
987.6715,987.7106,68437,82215,Rhinolophus ferrumequinum,0.029,0.029,-1,Echolocation,/mnt/ubna_data_02_mir/recover-20220922/UBNA_001/20220921_090000.WAV,Telephone Field,recover-20220922,001,1795
987.7125,987.7445,68437,79312,Rhinolophus ferrumequinum,0.045,0.046,-1,Echolocation,/mnt/ubna_data_02_mir/recover-20220922/UBNA_001/20220921_090000.WAV,Telephone Field,recover-20220922,001,1795
987.7245,987.7601,68437,81360,Rhinolophus ferrumequinum,0.023,0.023,-1,Echolocation,/mnt/ubna_data_02_mir/recover-20220922/UBNA_001/20220921_090000.WAV,Telephone Field,recover-20220922,001,1795
987.7345,987.7736,68437,82246,Rhinolophus ferrumequinum,0.023,0.023,-1,Echolocation,/mnt/ubna_data_02_mir/recover-20220922/UBNA_001/20220921_090000.WAV,Telephone Field,recover-20220922,001,1795
987.7555,987.7701,55546,60886,Pipistrellus pygmaeus,0.021,0.023,-1,Echolocation,/mnt/ubna_data_02_mir/recover-20220922/UBNA_001/20220921_090000.WAV,Telephone Field,recover-20220922,001,1795
987.7595,987.7674,28046,39832,Eptesicus serotinus,0.008,0.023,-1,Echolocation,/mnt/ubna_data_02_mir/recover-20220922/UBNA_001/20220921_090000.WAV,Telephone Field,recover-20220922,001,1795
987.7755,987.8173,68437,82343,Rhinolophus ferrumequinum,0.028,0.028,-1,Echolocation,/mnt/ubna_data_02_mir/recover-20220922/UBNA_001/20220921_090000.WAV,Telephone Field,recover-20220922,001,1795
987.8145,987.8317,16015,21091,Nyctalus noctula,0.024,0.032,-1,Echolocation,/mnt/ubna_data_02_mir/recover-20220922/UBNA_001/20220921_090000.WAV,Telephone Field,recover-20220922,001,1795
987.8145,987.8262,48671,52918,Pipistrellus pipistrellus,0.025,0.029,-1,Echolocation,/mnt/ubna_data_02_mir/recover-20220922/UBNA_001/20220921_090000.WAV,Telephone Field,recover-20220922,001,1795
987.8175,987.8586,68437,82651,Rhinolophus ferrumequinum,0.032,0.032,-1,Echolocation,/mnt/ubna_data_02_mir/recover-20220922/UBNA_001/20220921_090000.WAV,Telephone Field,recover-20220922,001,1795
987.8245,987.8621,68437,81993,Rhinolophus ferrumequinum,0.032,0.032,-1,Echolocation,/mnt/ubna_data_02_mir/recover-20220922/UBNA_001/20220921_090000.WAV,Telephone Field,recover-20220922,001,1795
987.8365,987.8454,22890,29761,Plecotus austriacus,0.008,0.022,-1,Echolocation,/mnt/ubna_data_02_mir/recover-20220922/UBNA_001/20220921_090000.WAV,Telephone Field,recover-20220922,001,1795
987.8485000000001,987.8888,68437,82233,Rhinolophus ferrumequinum,0.023,0.023,-1,Echolocation,/mnt/ubna_data_02_mir/recover-20220922/UBNA_001/20220921_090000.WAV,Telephone Field,recover-20220922,001,1795
987.8565,987.8974,68437,82428,Rhinolophus ferrumequinum,0.023,0.023,-1,Echolocation,/mnt/ubna_data_02_mir/recover-20220922/UBNA_001/20220921_090000.WAV,Telephone Field,recover-20220922,001,1795
987.8655,987.905,68437,82184,Rhinolophus ferrumequinum,0.022,0.022,-1,Echolocation,/mnt/ubna_data_02_mir/recover-20220922/UBNA_001/20220921_090000.WAV,Telephone Field,recover-20220922,001,1795
987.8925,987.9305,68437,81972,Rhinolophus ferrumequinum,0.023,0.023,-1,Echolocation,/mnt/ubna_data_02_mir/recover-20220922/UBNA_001/20220921_090000.WAV,Telephone Field,recover-20220922,001,1795
987.9125,987.9496,68437,81728,Rhinolophus ferrumequinum,0.024,0.024,-1,Echolocation,/mnt/ubna_data_02_mir/recover-20220922/UBNA_001/20220921_090000.WAV,Telephone Field,recover-20220922,001,1795
987.9155,987.9244,28046,37737,Eptesicus serotinus,0.02,0.038,-1,Echolocation,/mnt/ubna_data_02_mir/recover-20220922/UBNA_001/20220921_090000.WAV,Telephone Field,recover-20220922,001,1795
987.9185,987.9583,68437,82071,Rhinolophus ferrumequinum,0.023,0.023,-1,Echolocation,/mnt/ubna_data_02_mir/recover-20220922/UBNA_001/20220921_090000.WAV,Telephone Field,recover-20220922,001,1795
987.9275,987.9664,68437,82094,Rhinolophus ferrumequinum,0.023,0.023,-1,Echolocation,/mnt/ubna_data_02_mir/recover-20220922/UBNA_001/20220921_090000.WAV,Telephone Field,recover-20220922,001,1795
987.9315,987.9427,22890,28201,Nyctalus leisleri,0.014,0.027,-1,Echolocation,/mnt/ubna_data_02_mir/recover-20220922/UBNA_001/20220921_090000.WAV,Telephone Field,recover-20220922,001,1795
987.9315,987.9391,28906,39125,Eptesicus serotinus,0.008,0.023,-1,Echolocation,/mnt/ubna_data_02_mir/recover-20220922/UBNA_001/20220921_090000.WAV,Telephone Field,recover-20220922,001,1795
987.9355,987.9439,49531,55414,Pipistrellus pipistrellus,0.023,0.027,-1,Echolocation,/mnt/ubna_data_02_mir/recover-20220922/UBNA_001/20220921_090000.WAV,Telephone Field,recover-20220922,001,1795
988.0015,988.0107,26328,35178,Eptesicus serotinus,0.01,0.028,-1,Echolocation,/mnt/ubna_data_02_mir/recover-20220922/UBNA_001/20220921_090000.WAV,Telephone Field,recover-20220922,001,1795
988.0015,988.0323,69296,81557,Rhinolophus ferrumequinum,0.023,0.023,-1,Echolocation,/mnt/ubna_data_02_mir/recover-20220922/UBNA_001/20220921_090000.WAV,Telephone Field,recover-20220922,001,1795
988.0015,988.0169,20312,25000,Nyctalus leisleri,0.012,0.025,-1,Echolocation,/mnt/ubna_data_02_mir/recover-20220922/UBNA_001/20220921_090000.WAV,Telephone Field,recover-20220922,001,1795
988.0155,988.0239,28906,39226,Eptesicus serotinus,0.007,0.022,-1,Echolocation,/mnt/ubna_data_02_mir/recover-20220922/UBNA_001/20220921_090000.WAV,Telephone Field,recover-20220922,001,1795
988.0245,988.0655,68437,81993,Rhinolophus ferrumequinum,0.022,0.022,-1,Echolocation,/mnt/ubna_data_02_mir/recover-20220922/UBNA_001/20220921_090000.WAV,Telephone Field,recover-20220922,001,1795
988.0305,988.0697,68437,82183,Rhinolophus ferrumequinum,0.022,0.022,-1,Echolocation,/mnt/ubna_data_02_mir/recover-20220922/UBNA_001/20220921_090000.WAV,Telephone Field,recover-20220922,001,1795
988.0635,988.104,68437,82625,Rhinolophus ferrumequinum,0.031,0.031,-1,Echolocation,/mnt/ubna_data_02_mir/recover-20220922/UBNA_001/20220921_090000.WAV,Telephone Field,recover-20220922,001,1795
988.0695,988.0788,28906,38823,Eptesicus serotinus,0.01,0.025,-1,Echolocation,/mnt/ubna_data_02_mir/recover-20220922/UBNA_001/20220921_090000.WAV,Telephone Field,recover-20220922,001,1795
988.1505,988.192,68437,82483,Rhinolophus ferrumequinum,0.027,0.027,-1,Echolocation,/mnt/ubna_data_02_mir/recover-20220922/UBNA_001/20220921_090000.WAV,Telephone Field,recover-20220922,001,1795
988.1895,988.2297,68437,82915,Rhinolophus ferrumequinum,0.024,0.024,-1,Echolocation,/mnt/ubna_data_02_mir/recover-20220922/UBNA_001/20220921_090000.WAV,Telephone Field,recover-20220922,001,1795
988.2285,988.2686,68437,82433,Rhinolophus ferrumequinum,0.024,0.024,-1,Echolocation,/mnt/ubna_data_02_mir/recover-20220922/UBNA_001/20220921_090000.WAV,Telephone Field,recover-20220922,001,1795
988.2365,988.2745,68437,81457,Rhinolophus ferrumequinum,0.023,0.023,-1,Echolocation,/mnt/ubna_data_02_mir/recover-20220922/UBNA_001/20220921_090000.WAV,Telephone Field,recover-20220922,001,1795
988.2435,988.2526,22890,29873,Plecotus austriacus,0.012,0.029,-1,Echolocation,/mnt/ubna_data_02_mir/recover-20220922/UBNA_001/20220921_090000.WAV,Telephone Field,recover-20220922,001,1795
988.2485,988.2823,68437,80698,Rhinolophus ferrumequinum,0.026,0.026,-1,Echolocation,/mnt/ubna_data_02_mir/recover-20220922/UBNA_001/20220921_090000.WAV,Telephone Field,recover-20220922,001,1795
988.2905,988.2979,27187,41920,Eptesicus serotinus,0.007,0.023,-1,Echolocation,/mnt/ubna_data_02_mir/recover-20220922/UBNA_001/20220921_090000.WAV,Telephone Field,recover-20220922,001,1795
988.3005,988.3427,68437,82637,Rhinolophus ferrumequinum,0.039,0.039,-1,Echolocation,/mnt/ubna_data_02_mir/recover-20220922/UBNA_001/20220921_090000.WAV,Telephone Field,recover-20220922,001,1795
988.3375,988.3775,68437,82696,Rhinolophus ferrumequinum,0.029,0.029,-1,Echolocation,/mnt/ubna_data_02_mir/recover-20220922/UBNA_001/20220921_090000.WAV,Telephone Field,recover-20220922,001,1795
988.3535,988.3899,68437,80835,Rhinolophus ferrumequinum,0.022,0.022,-1,Echolocation,/mnt/ubna_data_02_mir/recover-20220922/UBNA_001/20220921_090000.WAV,Telephone Field,recover-20220922,001,1795
988.3615,988.3974,68437,80396,Rhinolophus ferrumequinum,0.023,0.023,-1,Echolocation,/mnt/ubna_data_02_mir/recover-20220922/UBNA_001/20220921_090000.WAV,Telephone Field,recover-20220922,001,1795
988.4195,988.4588,68437,81905,Rhinolophus ferrumequinum,0.023,0.023,-1,Echolocation,/mnt/ubna_data_02_mir/recover-20220922/UBNA_001/20220921_090000.WAV,Telephone Field,recover-20220922,001,1795
988.4355,988.477,68437,83008,Rhinolophus ferrumequinum,0.033,0.033,-1,Echolocation,/mnt/ubna_data_02_mir/recover-20220922/UBNA_001/20220921_090000.WAV,Telephone Field,recover-20220922,001,1795
988.4555,988.4649,28906,39179,Eptesicus serotinus,0.008,0.022,-1,Echolocation,/mnt/ubna_data_02_mir/recover-20220922/UBNA_001/20220921_090000.WAV,Telephone Field,recover-20220922,001,1795
988.4645,988.5065,68437,82856,Rhinolophus ferrumequinum,0.026,0.026,-1,Echolocation,/mnt/ubna_data_02_mir/recover-20220922/UBNA_001/20220921_090000.WAV,Telephone Field,recover-20220922,001,1795
988.4705,988.4812,55546,60486,Pipistrellus pygmaeus,0.032,0.033,-1,Echolocation,/mnt/ubna_data_02_mir/recover-20220922/UBNA_001/20220921_090000.WAV,Telephone Field,recover-20220922,001,1795
988.4985,988.5317,68437,80983,Rhinolophus ferrumequinum,0.022,0.022,-1,Echolocation,/mnt/ubna_data_02_mir/recover-20220922/UBNA_001/20220921_090000.WAV,Telephone Field,recover-20220922,001,1795
988.4995,988.51,22890,28743,Nyctalus leisleri,0.01,0.022,-1,Echolocation,/mnt/ubna_data_02_mir/recover-20220922/UBNA_001/20220921_090000.WAV,Telephone Field,recover-20220922,001,1795
988.5115,988.5197000000001,26328,35795,Eptesicus serotinus,0.008,0.023,-1,Echolocation,/mnt/ubna_data_02_mir/recover-20220922/UBNA_001/20220921_090000.WAV,Telephone Field,recover-20220922,001,1795
988.5245,988.5639,68437,82192,Rhinolophus ferrumequinum,0.023,0.023,-1,Echolocation,/mnt/ubna_data_02_mir/recover-20220922/UBNA_001/20220921_090000.WAV,Telephone Field,recover-20220922,001,1795
988.5655,988.6052,68437,82212,Rhinolophus ferrumequinum,0.027,0.027,-1,Echolocation,/mnt/ubna_data_02_mir/recover-20220922/UBNA_001/20220921_090000.WAV,Telephone Field,recover-20220922,001,1795
988.5825,988.5935,23750,29760,Nyctalus leisleri,0.011,0.025,-1,Echolocation,/mnt/ubna_data_02_mir/recover-20220922/UBNA_001/20220921_090000.WAV,Telephone Field,recover-20220922,001,1795
988.5955,988.6341,68437,82143,Rhinolophus ferrumequinum,0.025,0.025,-1,Echolocation,/mnt/ubna_data_02_mir/recover-20220922/UBNA_001/20220921_090000.WAV,Telephone Field,recover-20220922,001,1795
988.6115,988.644,68437,80335,Rhinolophus ferrumequinum,0.023,0.023,-1,Echolocation,/mnt/ubna_data_02_mir/recover-20220922/UBNA_001/20220921_090000.WAV,Telephone Field,recover-20220922,001,1795
988.6715,988.6784,25468,37355,Plecotus austriacus,0.007,0.027,-1,Echolocation,/mnt/ubna_data_02_mir/recover-20220922/UBNA_001/20220921_090000.WAV,Telephone Field,recover-20220922,001,1795
988.6795,988.7208,68437,82560,Rhinolophus ferrumequinum,0.025,0.025,-1,Echolocation,/mnt/ubna_data_02_mir/recover-20220922/UBNA_001/20220921_090000.WAV,Telephone Field,recover-20220922,001,1795
988.6915,988.7342,68437,82919,Rhinolophus ferrumequinum,0.038,0.038,-1,Echolocation,/mnt/ubna_data_02_mir/recover-20220922/UBNA_001/20220921_090000.WAV,Telephone Field,recover-20220922,001,1795
988.7145,988.7231,27187,37373,Eptesicus serotinus,0.008,0.023,-1,Echolocation,/mnt/ubna_data_02_mir/recover-20220922/UBNA_001/20220921_090000.WAV,Telephone Field,recover-20220922,001,1795
988.7195,988.7569,68437,81970,Rhinolophus ferrumequinum,0.022,0.022,-1,Echolocation,/mnt/ubna_data_02_mir/recover-20220922/UBNA_001/20220921_090000.WAV,Telephone Field,recover-20220922,001,1795
988.7375,988.7744,68437,82110,Rhinolophus ferrumequinum,0.023,0.024,-1,Echolocation,/mnt/ubna_data_02_mir/recover-20220922/UBNA_001/20220921_090000.WAV,Telephone Field,recover-20220922,001,1795
988.7405,988.7493,25468,33452,Eptesicus serotinus,0.009,0.026,-1,Echolocation,/mnt/ubna_data_02_mir/recover-20220922/UBNA_001/20220921_090000.WAV,Telephone Field,recover-20220922,001,1795
988.7575,988.7987,68437,82647,Rhinolophus ferrumequinum,0.029,0.029,-1,Echolocation,/mnt/ubna_data_02_mir/recover-20220922/UBNA_001/20220921_090000.WAV,Telephone Field,recover-20220922,001,1795
988.7605,988.7685,28046,39380,Eptesicus serotinus,0.008,0.022,-1,Echolocation,/mnt/ubna_data_02_mir/recover-20220922/UBNA_001/20220921_090000.WAV,Telephone Field,recover-20220922,001,1795
988.7755,988.8168000000001,68437,82482,Rhinolophus ferrumequinum,0.025,0.025,-1,Echolocation,/mnt/ubna_data_02_mir/recover-20220922/UBNA_001/20220921_090000.WAV,Telephone Field,recover-20220922,001,1795
988.7925,988.8004,28046,39433,Eptesicus serotinus,0.009,0.024,-1,Echolocation,/mnt/ubna_data_02_mir/recover-20220922/UBNA_001/20220921_090000.WAV,Telephone Field,recover-20220922,001,1795
988.8105,988.8182,50390,54855,Pipistrellus pipistrellus,0.026,0.029,-1,Echolocation,/mnt/ubna_data_02_mir/recover-20220922/UBNA_001/20220921_090000.WAV,Telephone Field,recover-20220922,001,1795
988.8215,988.8304,28046,41276,Eptesicus serotinus,0.01,0.024,-1,Echolocation,/mnt/ubna_data_02_mir/recover-20220922/UBNA_001/20220921_090000.WAV,Telephone Field,recover-20220922,001,1795
988.8285,988.8681,68437,82561,Rhinolophus ferrumequinum,0.022,0.022,-1,Echolocation,/mnt/ubna_data_02_mir/recover-20220922/UBNA_001/20220921_090000.WAV,Telephone Field,recover-20220922,001,1795
988.8525,988.894,68437,82836,Rhinolophus ferrumequinum,0.037,0.037,-1,Echolocation,/mnt/ubna_data_02_mir/recover-20220922/UBNA_001/20220921_090000.WAV,Telephone Field,recover-20220922,001,1795
988.8955,988.9359,68437,82193,Rhinolophus ferrumequinum,0.022,0.022,-1,Echolocation,/mnt/ubna_data_02_mir/recover-20220922/UBNA_001/20220921_090000.WAV,Telephone Field,recover-20220922,001,1795
988.9425,988.9556,14296,18941,Nyctalus noctula,0.015,0.026,-1,Echolocation,/mnt/ubna_data_02_mir/recover-20220922/UBNA_001/20220921_090000.WAV,Telephone Field,recover-20220922,001,1795
988.9515,988.9924,68437,82607,Rhinolophus ferrumequinum,0.033,0.033,-1,Echolocation,/mnt/ubna_data_02_mir/recover-20220922/UBNA_001/20220921_090000.WAV,Telephone Field,recover-20220922,001,1795
988.9725,988.983,22890,29160,Nyctalus leisleri,0.011,0.03,-1,Echolocation,/mnt/ubna_data_02_mir/recover-20220922/UBNA_001/20220921_090000.WAV,Telephone Field,recover-20220922,001,1795
988.9855,988.9936,28046,37754,Eptesicus serotinus,0.009,0.023,-1,Echolocation,/mnt/ubna_data_02_mir/recover-20220922/UBNA_001/20220921_090000.WAV,Telephone Field,recover-20220922,001,1795
989.0095,989.0508,68437,82628,Rhinolophus ferrumequinum,0.027,0.027,-1,Echolocation,/mnt/ubna_data_02_mir/recover-20220922/UBNA_001/20220921_090000.WAV,Telephone Field,recover-20220922,001,1795
989.0245,989.0645,68437,82489,Rhinolophus ferrumequinum,0.03,0.03,-1,Echolocation,/mnt/ubna_data_02_mir/recover-20220922/UBNA_001/20220921_090000.WAV,Telephone Field,recover-20220922,001,1795
989.0385,989.0469,28046,41762,Eptesicus serotinus,0.008,0.022,-1,Echolocation,/mnt/ubna_data_02_mir/recover-20220922/UBNA_001/20220921_090000.WAV,Telephone Field,recover-20220922,001,1795
989.0475,989.0853,68437,82162,Rhinolophus ferrumequinum,0.022,0.022,-1,Echolocation,/mnt/ubna_data_02_mir/recover-20220922/UBNA_001/20220921_090000.WAV,Telephone Field,recover-20220922,001,1795
989.0675,989.1096,68437,82668,Rhinolophus ferrumequinum,0.025,0.025,-1,Echolocation,/mnt/ubna_data_02_mir/recover-20220922/UBNA_001/20220921_090000.WAV,Telephone Field,recover-20220922,001,1795
989.0695,989.0795,22031,27012,Nyctalus leisleri,0.011,0.022,-1,Echolocation,/mnt/ubna_data_02_mir/recover-20220922/UBNA_001/20220921_090000.WAV,Telephone Field,recover-20220922,001,1795
989.1115,989.151,68437,82148,Rhinolophus ferrumequinum,0.027,0.027,-1,Echolocation,/mnt/ubna_data_02_mir/recover-20220922/UBNA_001/20220921_090000.WAV,Telephone Field,recover-20220922,001,1795
989.1245,989.1664,68437,83050,Rhinolophus ferrumequinum,0.026,0.026,-1,Echolocation,/mnt/ubna_data_02_mir/recover-20220922/UBNA_001/20220921_090000.WAV,Telephone Field,recover-20220922,001,1795
989.1545,989.1682,22890,27132,Nyctalus leisleri,0.018,0.03,-1,Echolocation,/mnt/ubna_data_02_mir/recover-20220922/UBNA_001/20220921_090000.WAV,Telephone Field,recover-20220922,001,1795
989.1575,989.1939,68437,81185,Rhinolophus ferrumequinum,0.042,0.042,-1,Echolocation,/mnt/ubna_data_02_mir/recover-20220922/UBNA_001/20220921_090000.WAV,Telephone Field,recover-20220922,001,1795
989.1755,989.185,25468,32511,Eptesicus serotinus,0.01,0.028,-1,Echolocation,/mnt/ubna_data_02_mir/recover-20220922/UBNA_001/20220921_090000.WAV,Telephone Field,recover-20220922,001,1795
989.2105,989.2207,23750,30130,Nyctalus leisleri,0.009,0.022,-1,Echolocation,/mnt/ubna_data_02_mir/recover-20220922/UBNA_001/20220921_090000.WAV,Telephone Field,recover-20220922,001,1795
989.2425,989.2552,22031,25939,Nyctalus leisleri,0.015,0.026,-1,Echolocation,/mnt/ubna_data_02_mir/recover-20220922/UBNA_001/20220921_090000.WAV,Telephone Field,recover-20220922,001,1795
989.2445,989.2827,68437,82066,Rhinolophus ferrumequinum,0.024,0.024,-1,Echolocation,/mnt/ubna_data_02_mir/recover-20220922/UBNA_001/20220921_090000.WAV,Telephone Field,recover-20220922,001,1795
989.2635,989.3015,68437,81997,Rhinolophus ferrumequinum,0.022,0.022,-1,Echolocation,/mnt/ubna_data_02_mir/recover-20220922/UBNA_001/20220921_090000.WAV,Telephone Field,recover-20220922,001,1795
989.2965,989.3054,14296,19702,Nyctalus noctula,0.009,0.023,-1,Echolocation,/mnt/ubna_data_02_mir/recover-20220922/UBNA_001/20220921_090000.WAV,Telephone Field,recover-20220922,001,1795
989.3055,989.3449,68437,82468,Rhinolophus ferrumequinum,0.023,0.023,-1,Echolocation,/mnt/ubna_data_02_mir/recover-20220922/UBNA_001/20220921_090000.WAV,Telephone Field,recover-20220922,001,1795
989.3535,989.3604,25468,35727,Plecotus austriacus,0.011,0.034,-1,Echolocation,/mnt/ubna_data_02_mir/recover-20220922/UBNA_001/20220921_090000.WAV,Telephone Field,recover-20220922,001,1795
989.3815,989.4206,68437,82783,Rhinolophus ferrumequinum,0.032,0.032,-1,Echolocation,/mnt/ubna_data_02_mir/recover-20220922/UBNA_001/20220921_090000.WAV,Telephone Field,recover-20220922,001,1795
989.3965,989.4063,24609,31586,Eptesicus serotinus,0.008,0.023,-1,Echolocation,/mnt/ubna_data_02_mir/recover-20220922/UBNA_001/20220921_090000.WAV,Telephone Field,recover-20220922,001,1795
989.4225,989.4606,68437,81797,Rhinolophus ferrumequinum,0.023,0.023,-1,Echolocation,/mnt/ubna_data_02_mir/recover-20220922/UBNA_001/20220921_090000.WAV,Telephone Field,recover-20220922,001,1795
989.4435,989.4829,68437,82176,Rhinolophus ferrumequinum,0.033,0.033,-1,Echolocation,/mnt/ubna_data_02_mir/recover-20220922/UBNA_001/20220921_090000.WAV,Telephone Field,recover-20220922,001,1795
989.4665,989.4786,22890,28431,Nyctalus leisleri,0.025,0.057,-1,Echolocation,/mnt/ubna_data_02_mir/recover-20220922/UBNA_001/20220921_090000.WAV,Telephone Field,recover-20220922,001,1795
989.5145,989.5518,68437,81493,Rhinolophus ferrumequinum,0.023,0.024,-1,Echolocation,/mnt/ubna_data_02_mir/recover-20220922/UBNA_001/20220921_090000.WAV,Telephone Field,recover-20220922,001,1795
989.5235,989.5315,28906,37569,Eptesicus serotinus,0.035,0.063,-1,Echolocation,/mnt/ubna_data_02_mir/recover-20220922/UBNA_001/20220921_090000.WAV,Telephone Field,recover-20220922,001,1795
989.5425,989.5818,68437,82021,Rhinolophus ferrumequinum,0.024,0.024,-1,Echolocation,/mnt/ubna_data_02_mir/recover-20220922/UBNA_001/20220921_090000.WAV,Telephone Field,recover-20220922,001,1795
989.5735,989.5821,28906,40149,Eptesicus serotinus,0.01,0.025,-1,Echolocation,/mnt/ubna_data_02_mir/recover-20220922/UBNA_001/20220921_090000.WAV,Telephone Field,recover-20220922,001,1795
989.5755,989.6132,68437,81756,Rhinolophus ferrumequinum,0.024,0.024,-1,Echolocation,/mnt/ubna_data_02_mir/recover-20220922/UBNA_001/20220921_090000.WAV,Telephone Field,recover-20220922,001,1795
989.5915,989.6291,68437,81874,Rhinolophus ferrumequinum,0.027,0.027,-1,Echolocation,/mnt/ubna_data_02_mir/recover-20220922/UBNA_001/20220921_090000.WAV,Telephone Field,recover-20220922,001,1795
989.6145,989.6545,68437,82710,Rhinolophus ferrumequinum,0.027,0.027,-1,Echolocation,/mnt/ubna_data_02_mir/recover-20220922/UBNA_001/20220921_090000.WAV,Telephone Field,recover-20220922,001,1795
989.6435,989.6824,68437,81774,Rhinolophus ferrumequinum,0.022,0.022,-1,Echolocation,/mnt/ubna_data_02_mir/recover-20220922/UBNA_001/20220921_090000.WAV,Telephone Field,recover-20220922,001,1795
989.6475,989.6608,23750,28812,Nyctalus leisleri,0.04,0.093,-1,Echolocation,/mnt/ubna_data_02_mir/recover-20220922/UBNA_001/20220921_090000.WAV,Telephone Field,recover-20220922,001,1795
989.6525,989.6934,68437,83021,Rhinolophus ferrumequinum,0.024,0.024,-1,Echolocation,/mnt/ubna_data_02_mir/recover-20220922/UBNA_001/20220921_090000.WAV,Telephone Field,recover-20220922,001,1795
989.6725,989.7111,68437,82003,Rhinolophus ferrumequinum,0.022,0.022,-1,Echolocation,/mnt/ubna_data_02_mir/recover-20220922/UBNA_001/20220921_090000.WAV,Telephone Field,recover-20220922,001,1795
989.7115,989.7518,68437,81922,Rhinolophus ferrumequinum,0.024,0.024,-1,Echolocation,/mnt/ubna_data_02_mir/recover-20220922/UBNA_001/20220921_090000.WAV,Telephone Field,recover-20220922,001,1795
989.7265,989.7641,68437,81732,Rhinolophus ferrumequinum,0.022,0.022,-1,Echolocation,/mnt/ubna_data_02_mir/recover-20220922/UBNA_001/20220921_090000.WAV,Telephone Field,recover-20220922,001,1795
989.7305,989.7389000000001,25468,34816,Eptesicus serotinus,0.009,0.024,-1,Echolocation,/mnt/ubna_data_02_mir/recover-20220922/UBNA_001/20220921_090000.WAV,Telephone Field,recover-20220922,001,1795
989.7375,989.7745,68437,81925,Rhinolophus ferrumequinum,0.022,0.022,-1,Echolocation,/mnt/ubna_data_02_mir/recover-20220922/UBNA_001/20220921_090000.WAV,Telephone Field,recover-20220922,001,1795
989.7515,989.795,68437,82947,Rhinolophus ferrumequinum,0.022,0.022,-1,Echolocation,/mnt/ubna_data_02_mir/recover-20220922/UBNA_001/20220921_090000.WAV,Telephone Field,recover-20220922,001,1795
989.8365,989.8463,28906,36462,Eptesicus serotinus,0.014,0.028,-1,Echolocation,/mnt/ubna_data_02_mir/recover-20220922/UBNA_001/20220921_090000.WAV,Telephone Field,recover-20220922,001,1795
989.8825,989.9283,68437,83092,Rhinolophus ferrumequinum,0.056,0.056,-1,Echolocation,/mnt/ubna_data_02_mir/recover-20220922/UBNA_001/20220921_090000.WAV,Telephone Field,recover-20220922,001,1795
989.9215,989.9617,68437,82634,Rhinolophus ferrumequinum,0.023,0.023,-1,Echolocation,/mnt/ubna_data_02_mir/recover-20220922/UBNA_001/20220921_090000.WAV,Telephone Field,recover-20220922,001,1795
989.9315,989.9391,24609,32990,Plecotus austriacus,0.006,0.022,-1,Echolocation,/mnt/ubna_data_02_mir/recover-20220922/UBNA_001/20220921_090000.WAV,Telephone Field,recover-20220922,001,1795
989.9405,989.9826,68437,82053,Rhinolophus ferrumequinum,0.025,0.025,-1,Echolocation,/mnt/ubna_data_02_mir/recover-20220922/UBNA_001/20220921_090000.WAV,Telephone Field,recover-20220922,001,1795
989.9455,989.9835,68437,81870,Rhinolophus ferrumequinum,0.025,0.025,-1,Echolocation,/mnt/ubna_data_02_mir/recover-20220922/UBNA_001/20220921_090000.WAV,Telephone Field,recover-20220922,001,1795
990.0015,990.0311,69296,82432,Rhinolophus ferrumequinum,0.024,0.024,-1,Echolocation,/mnt/ubna_data_02_mir/recover-20220922/UBNA_001/20220921_090000.WAV,Telephone Field,recover-20220922,001,1795
990.0015,990.0155,19453,24992,Nyctalus noctula,0.012,0.027,-1,Echolocation,/mnt/ubna_data_02_mir/recover-20220922/UBNA_001/20220921_090000.WAV,Telephone Field,recover-20220922,001,1795
990.0015,990.0096,26328,36324,Eptesicus serotinus,0.007,0.027,-1,Echolocation,/mnt/ubna_data_02_mir/recover-20220922/UBNA_001/20220921_090000.WAV,Telephone Field,recover-20220922,001,1795
990.0015,990.0098,30625,37962,Eptesicus serotinus,0.007,0.026,-1,Echolocation,/mnt/ubna_data_02_mir/recover-20220922/UBNA_001/20220921_090000.WAV,Telephone Field,recover-20220922,001,1795
990.0015,990.0117,48671,54047,Pipistrellus pipistrellus,0.014,0.021,-1,Echolocation,/mnt/ubna_data_02_mir/recover-20220922/UBNA_001/20220921_090000.WAV,Telephone Field,recover-20220922,001,1795
990.0275,990.0345,28046,46138,Eptesicus serotinus,0.007,0.022,-1,Echolocation,/mnt/ubna_data_02_mir/recover-20220922/UBNA_001/20220921_090000.WAV,Telephone Field,recover-20220922,001,1795
990.0315,990.0699,68437,82025,Rhinolophus ferrumequinum,0.027,0.027,-1,Echolocation,/mnt/ubna_data_02_mir/recover-20220922/UBNA_001/20220921_090000.WAV,Telephone Field,recover-20220922,001,1795
990.0605,990.098,68437,81958,Rhinolophus ferrumequinum,0.022,0.022,-1,Echolocation,/mnt/ubna_data_02_mir/recover-20220922/UBNA_001/20220921_090000.WAV,Telephone Field,recover-20220922,001,1795
990.0695,990.0787,28906,37681,Eptesicus serotinus,0.008,0.022,-1,Echolocation,/mnt/ubna_data_02_mir/recover-20220922/UBNA_001/20220921_090000.WAV,Telephone Field,recover-20220922,001,1795
990.0965,990.1343,68437,82440,Rhinolophus ferrumequinum,0.023,0.023,-1,Echolocation,/mnt/ubna_data_02_mir/recover-20220922/UBNA_001/20220921_090000.WAV,Telephone Field,recover-20220922,001,1795
990.1305,990.1719,68437,82359,Rhinolophus ferrumequinum,0.023,0.023,-1,Echolocation,/mnt/ubna_data_02_mir/recover-20220922/UBNA_001/20220921_090000.WAV,Telephone Field,recover-20220922,001,1795
990.1615,990.2038,68437,82861,Rhinolophus ferrumequinum,0.034,0.034,-1,Echolocation,/mnt/ubna_data_02_mir/recover-20220922/UBNA_001/20220921_090000.WAV,Telephone Field,recover-20220922,001,1795
990.1805,990.189,45234,49371,Pipistrellus pipistrellus,0.022,0.024,-1,Echolocation,/mnt/ubna_data_02_mir/recover-20220922/UBNA_001/20220921_090000.WAV,Telephone Field,recover-20220922,001,1795
990.1975,990.2384,68437,82560,Rhinolophus ferrumequinum,0.021,0.021,-1,Echolocation,/mnt/ubna_data_02_mir/recover-20220922/UBNA_001/20220921_090000.WAV,Telephone Field,recover-20220922,001,1795
990.2245,990.2614,68437,81847,Rhinolophus ferrumequinum,0.021,0.021,-1,Echolocation,/mnt/ubna_data_02_mir/recover-20220922/UBNA_001/20220921_090000.WAV,Telephone Field,recover-20220922,001,1795
990.2335,990.244,22890,28845,Nyctalus leisleri,0.01,0.022,-1,Echolocation,/mnt/ubna_data_02_mir/recover-20220922/UBNA_001/20220921_090000.WAV,Telephone Field,recover-20220922,001,1795
990.2455,990.2828,68437,81279,Rhinolophus ferrumequinum,0.023,0.023,-1,Echolocation,/mnt/ubna_data_02_mir/recover-20220922/UBNA_001/20220921_090000.WAV,Telephone Field,recover-20220922,001,1795
990.2615,990.2953,68437,81618,Rhinolophus ferrumequinum,0.022,0.022,-1,Echolocation,/mnt/ubna_data_02_mir/recover-20220922/UBNA_001/20220921_090000.WAV,Telephone Field,recover-20220922,001,1795
990.2815,990.319,68437,82082,Rhinolophus ferrumequinum,0.022,0.022,-1,Echolocation,/mnt/ubna_data_02_mir/recover-20220922/UBNA_001/20220921_090000.WAV,Telephone Field,recover-20220922,001,1795
990.3125,990.3527,68437,82413,Rhinolophus ferrumequinum,0.028,0.028,-1,Echolocation,/mnt/ubna_data_02_mir/recover-20220922/UBNA_001/20220921_090000.WAV,Telephone Field,recover-20220922,001,1795
990.3405,990.3758,68437,80716,Rhinolophus ferrumequinum,0.026,0.026,-1,Echolocation,/mnt/ubna_data_02_mir/recover-20220922/UBNA_001/20220921_090000.WAV,Telephone Field,recover-20220922,001,1795
990.3755,990.384,28906,37961,Eptesicus serotinus,0.008,0.022,-1,Echolocation,/mnt/ubna_data_02_mir/recover-20220922/UBNA_001/20220921_090000.WAV,Telephone Field,recover-20220922,001,1795
990.3855,990.3947,45234,48838,Pipistrellus pipistrellus,0.019,0.021,-1,Echolocation,/mnt/ubna_data_02_mir/recover-20220922/UBNA_001/20220921_090000.WAV,Telephone Field,recover-20220922,001,1795
990.4225,990.4592,68437,81519,Rhinolophus ferrumequinum,0.029,0.029,-1,Echolocation,/mnt/ubna_data_02_mir/recover-20220922/UBNA_001/20220921_090000.WAV,Telephone Field,recover-20220922,001,1795
990.4425,990.4546,28906,35734,Eptesicus serotinus,0.013,0.025,-1,Echolocation,/mnt/ubna_data_02_mir/recover-20220922/UBNA_001/20220921_090000.WAV,Telephone Field,recover-20220922,001,1795
990.4475,990.4849,68437,81775,Rhinolophus ferrumequinum,0.023,0.023,-1,Echolocation,/mnt/ubna_data_02_mir/recover-20220922/UBNA_001/20220921_090000.WAV,Telephone Field,recover-20220922,001,1795
990.4565,990.4655,27187,36769,Eptesicus serotinus,0.009,0.022,-1,Echolocation,/mnt/ubna_data_02_mir/recover-20220922/UBNA_001/20220921_090000.WAV,Telephone Field,recover-20220922,001,1795
990.5165,990.5534,68437,81239,Rhinolophus ferrumequinum,0.023,0.023,-1,Echolocation,/mnt/ubna_data_02_mir/recover-20220922/UBNA_001/20220921_090000.WAV,Telephone Field,recover-20220922,001,1795
990.5425,990.5534,28906,35783,Eptesicus serotinus,0.013,0.025,-1,Echolocation,/mnt/ubna_data_02_mir/recover-20220922/UBNA_001/20220921_090000.WAV,Telephone Field,recover-20220922,001,1795
990.6425,990.6523,43515,51794,Pipistrellus pipistrellus,0.018,0.026,-1,Echolocation,/mnt/ubna_data_02_mir/recover-20220922/UBNA_001/20220921_090000.WAV,Telephone Field,recover-20220922,001,1795
990.6525,990.6965,68437,82934,Rhinolophus ferrumequinum,0.039,0.039,-1,Echolocation,/mnt/ubna_data_02_mir/recover-20220922/UBNA_001/20220921_090000.WAV,Telephone Field,recover-20220922,001,1795
990.6975,990.736,68437,81958,Rhinolophus ferrumequinum,0.023,0.023,-1,Echolocation,/mnt/ubna_data_02_mir/recover-20220922/UBNA_001/20220921_090000.WAV,Telephone Field,recover-20220922,001,1795
990.7175,990.7557,68437,82200,Rhinolophus ferrumequinum,0.024,0.024,-1,Echolocation,/mnt/ubna_data_02_mir/recover-20220922/UBNA_001/20220921_090000.WAV,Telephone Field,recover-20220922,001,1795
990.7485,990.7877,68437,81168,Rhinolophus ferrumequinum,0.041,0.041,-1,Echolocation,/mnt/ubna_data_02_mir/recover-20220922/UBNA_001/20220921_090000.WAV,Telephone Field,recover-20220922,001,1795
990.7665,990.8068,68437,82546,Rhinolophus ferrumequinum,0.022,0.022,-1,Echolocation,/mnt/ubna_data_02_mir/recover-20220922/UBNA_001/20220921_090000.WAV,Telephone Field,recover-20220922,001,1795
990.7815,990.8207,68437,81695,Rhinolophus ferrumequinum,0.022,0.022,-1,Echolocation,/mnt/ubna_data_02_mir/recover-20220922/UBNA_001/20220921_090000.WAV,Telephone Field,recover-20220922,001,1795
990.7895,990.8289,68437,82710,Rhinolophus ferrumequinum,0.022,0.022,-1,Echolocation,/mnt/ubna_data_02_mir/recover-20220922/UBNA_001/20220921_090000.WAV,Telephone Field,recover-20220922,001,1795
990.8235,990.8314,28906,37547,Eptesicus serotinus,0.007,0.023,-1,Echolocation,/mnt/ubna_data_02_mir/recover-20220922/UBNA_001/20220921_090000.WAV,Telephone Field,recover-20220922,001,1795
990.8525,990.8932,68437,83260,Rhinolophus ferrumequinum,0.041,0.041,-1,Echolocation,/mnt/ubna_data_02_mir/recover-20220922/UBNA_001/20220921_090000.WAV,Telephone Field,recover-20220922,001,1795
990.8755,990.9136,68437,82004,Rhinolophus ferrumequinum,0.024,0.024,-1,Echolocation,/mnt/ubna_data_02_mir/recover-20220922/UBNA_001/20220921_090000.WAV,Telephone Field,recover-20220922,001,1795
990.9165,990.9525,68437,81425,Rhinolophus ferrumequinum,0.027,0.027,-1,Echolocation,/mnt/ubna_data_02_mir/recover-20220922/UBNA_001/20220921_090000.WAV,Telephone Field,recover-20220922,001,1795
990.9515,990.9906,68437,82380,Rhinolophus ferrumequinum,0.023,0.023,-1,Echolocation,/mnt/ubna_data_02_mir/recover-20220922/UBNA_001/20220921_090000.WAV,Telephone Field,recover-20220922,001,1795
990.9725,991.0096,68437,81533,Rhinolophus ferrumequinum,0.022,0.022,-1,Echolocation,/mnt/ubna_data_02_mir/recover-20220922/UBNA_001/20220921_090000.WAV,Telephone Field,recover-20220922,001,1795
990.9825,991.0221,68437,82580,Rhinolophus ferrumequinum,0.024,0.024,-1,Echolocation,/mnt/ubna_data_02_mir/recover-20220922/UBNA_001/20220921_090000.WAV,Telephone Field,recover-20220922,001,1795
990.9935,991.007,23750,28808,Nyctalus leisleri,0.017,0.032,-1,Echolocation,/mnt/ubna_data_02_mir/recover-20220922/UBNA_001/20220921_090000.WAV,Telephone Field,recover-20220922,001,1795
991.0075,991.0444,68437,81469,Rhinolophus ferrumequinum,0.022,0.022,-1,Echolocation,/mnt/ubna_data_02_mir/recover-20220922/UBNA_001/20220921_090000.WAV,Telephone Field,recover-20220922,001,1795
991.0205,991.0596,68437,82165,Rhinolophus ferrumequinum,0.038,0.038,-1,Echolocation,/mnt/ubna_data_02_mir/recover-20220922/UBNA_001/20220921_090000.WAV,Telephone Field,recover-20220922,001,1795
991.0285,991.0719,68437,83801,Rhinolophus ferrumequinum,0.04,0.04,-1,Echolocation,/mnt/ubna_data_02_mir/recover-20220922/UBNA_001/20220921_090000.WAV,Telephone Field,recover-20220922,001,1795
991.0345,991.0453,23750,30253,Nyctalus leisleri,0.011,0.029,-1,Echolocation,/mnt/ubna_data_02_mir/recover-20220922/UBNA_001/20220921_090000.WAV,Telephone Field,recover-20220922,001,1795
991.1035,991.1418,68437,82183,Rhinolophus ferrumequinum,0.023,0.023,-1,Echolocation,/mnt/ubna_data_02_mir/recover-20220922/UBNA_001/20220921_090000.WAV,Telephone Field,recover-20220922,001,1795
991.1275,991.1641,68437,81772,Rhinolophus ferrumequinum,0.022,0.022,-1,Echolocation,/mnt/ubna_data_02_mir/recover-20220922/UBNA_001/20220921_090000.WAV,Telephone Field,recover-20220922,001,1795
991.1555,991.1933,68437,81932,Rhinolophus ferrumequinum,0.021,0.022,-1,Echolocation,/mnt/ubna_data_02_mir/recover-20220922/UBNA_001/20220921_090000.WAV,Telephone Field,recover-20220922,001,1795
991.1765,991.2141,68437,81957,Rhinolophus ferrumequinum,0.022,0.022,-1,Echolocation,/mnt/ubna_data_02_mir/recover-20220922/UBNA_001/20220921_090000.WAV,Telephone Field,recover-20220922,001,1795
991.2105,991.2518,68437,82086,Rhinolophus ferrumequinum,0.021,0.021,-1,Echolocation,/mnt/ubna_data_02_mir/recover-20220922/UBNA_001/20220921_090000.WAV,Telephone Field,recover-20220922,001,1795
991.2305,991.2722,68437,82520,Rhinolophus ferrumequinum,0.021,0.021,-1,Echolocation,/mnt/ubna_data_02_mir/recover-20220922/UBNA_001/20220921_090000.WAV,Telephone Field,recover-20220922,001,1795
991.2415,991.2808,68437,81808,Rhinolophus ferrumequinum,0.022,0.022,-1,Echolocation,/mnt/ubna_data_02_mir/recover-20220922/UBNA_001/20220921_090000.WAV,Telephone Field,recover-20220922,001,1795
991.2725,991.3102,68437,82422,Rhinolophus ferrumequinum,0.028,0.028,-1,Echolocation,/mnt/ubna_data_02_mir/recover-20220922/UBNA_001/20220921_090000.WAV,Telephone Field,recover-20220922,001,1795
991.2815,991.3225,68437,82943,Rhinolophus ferrumequinum,0.023,0.023,-1,Echolocation,/mnt/ubna_data_02_mir/recover-20220922/UBNA_001/20220921_090000.WAV,Telephone Field,recover-20220922,001,1795
991.3075,991.3164,28906,40035,Eptesicus serotinus,0.009,0.024,-1,Echolocation,/mnt/ubna_data_02_mir/recover-20220922/UBNA_001/20220921_090000.WAV,Telephone Field,recover-20220922,001,1795
991.3135,991.3225,28906,38312,Eptesicus serotinus,0.008,0.022,-1,Echolocation,/mnt/ubna_data_02_mir/recover-20220922/UBNA_001/20220921_090000.WAV,Telephone Field,recover-20220922,001,1795
991.3205,991.3607,68437,82493,Rhinolophus ferrumequinum,0.022,0.022,-1,Echolocation,/mnt/ubna_data_02_mir/recover-20220922/UBNA_001/20220921_090000.WAV,Telephone Field,recover-20220922,001,1795
991.3435,991.3514,28046,37409,Eptesicus serotinus,0.007,0.022,-1,Echolocation,/mnt/ubna_data_02_mir/recover-20220922/UBNA_001/20220921_090000.WAV,Telephone Field,recover-20220922,001,1795
991.4015,991.4399,68437,82004,Rhinolophus ferrumequinum,0.021,0.021,-1,Echolocation,/mnt/ubna_data_02_mir/recover-20220922/UBNA_001/20220921_090000.WAV,Telephone Field,recover-20220922,001,1795
991.4475,991.4584,38359,43480,Pipistrellus nathusii,0.014,0.026,-1,Echolocation,/mnt/ubna_data_02_mir/recover-20220922/UBNA_001/20220921_090000.WAV,Telephone Field,recover-20220922,001,1795
991.4505,991.4896,68437,82145,Rhinolophus ferrumequinum,0.022,0.022,-1,Echolocation,/mnt/ubna_data_02_mir/recover-20220922/UBNA_001/20220921_090000.WAV,Telephone Field,recover-20220922,001,1795
991.4525,991.4613,26328,36898,Eptesicus serotinus,0.009,0.025,-1,Echolocation,/mnt/ubna_data_02_mir/recover-20220922/UBNA_001/20220921_090000.WAV,Telephone Field,recover-20220922,001,1795
991.5085,991.5252,21171,24057,Nyctalus leisleri,0.017,0.026,-1,Echolocation,/mnt/ubna_data_02_mir/recover-20220922/UBNA_001/20220921_090000.WAV,Telephone Field,recover-20220922,001,1795
991.5435,991.5833,68437,82294,Rhinolophus ferrumequinum,0.025,0.025,-1,Echolocation,/mnt/ubna_data_02_mir/recover-20220922/UBNA_001/20220921_090000.WAV,Telephone Field,recover-20220922,001,1795
991.5605,991.5987,68437,82348,Rhinolophus ferrumequinum,0.024,0.024,-1,Echolocation,/mnt/ubna_data_02_mir/recover-20220922/UBNA_001/20220921_090000.WAV,Telephone Field,recover-20220922,001,1795
991.5785,991.5894,28906,36480,Eptesicus serotinus,0.012,0.027,-1,Echolocation,/mnt/ubna_data_02_mir/recover-20220922/UBNA_001/20220921_090000.WAV,Telephone Field,recover-20220922,001,1795
991.5835,991.623,68437,82882,Rhinolophus ferrumequinum,0.03,0.03,-1,Echolocation,/mnt/ubna_data_02_mir/recover-20220922/UBNA_001/20220921_090000.WAV,Telephone Field,recover-20220922,001,1795
991.6075,991.6468,68437,82913,Rhinolophus ferrumequinum,0.032,0.032,-1,Echolocation,/mnt/ubna_data_02_mir/recover-20220922/UBNA_001/20220921_090000.WAV,Telephone Field,recover-20220922,001,1795
991.6085,991.6176,28046,38119,Eptesicus serotinus,0.009,0.025,-1,Echolocation,/mnt/ubna_data_02_mir/recover-20220922/UBNA_001/20220921_090000.WAV,Telephone Field,recover-20220922,001,1795
991.6225,991.6574,68437,81477,Rhinolophus ferrumequinum,0.021,0.021,-1,Echolocation,/mnt/ubna_data_02_mir/recover-20220922/UBNA_001/20220921_090000.WAV,Telephone Field,recover-20220922,001,1795
991.6275,991.6379,22031,27263,Nyctalus leisleri,0.011,0.024,-1,Echolocation,/mnt/ubna_data_02_mir/recover-20220922/UBNA_001/20220921_090000.WAV,Telephone Field,recover-20220922,001,1795
991.6525,991.6945,68437,82656,Rhinolophus ferrumequinum,0.025,0.025,-1,Echolocation,/mnt/ubna_data_02_mir/recover-20220922/UBNA_001/20220921_090000.WAV,Telephone Field,recover-20220922,001,1795
991.6865,991.7234,68437,81507,Rhinolophus ferrumequinum,0.028,0.028,-1,Echolocation,/mnt/ubna_data_02_mir/recover-20220922/UBNA_001/20220921_090000.WAV,Telephone Field,recover-20220922,001,1795
991.7415,991.7811,68437,82575,Rhinolophus ferrumequinum,0.022,0.022,-1,Echolocation,/mnt/ubna_data_02_mir/recover-20220922/UBNA_001/20220921_090000.WAV,Telephone Field,recover-20220922,001,1795
991.7775,991.8155,68437,82024,Rhinolophus ferrumequinum,0.025,0.025,-1,Echolocation,/mnt/ubna_data_02_mir/recover-20220922/UBNA_001/20220921_090000.WAV,Telephone Field,recover-20220922,001,1795
991.8525,991.8901,68437,81616,Rhinolophus ferrumequinum,0.034,0.034,-1,Echolocation,/mnt/ubna_data_02_mir/recover-20220922/UBNA_001/20220921_090000.WAV,Telephone Field,recover-20220922,001,1795
991.8825,991.8919,28046,36252,Eptesicus serotinus,0.01,0.023,-1,Echolocation,/mnt/ubna_data_02_mir/recover-20220922/UBNA_001/20220921_090000.WAV,Telephone Field,recover-20220922,001,1795
991.8905,991.93,68437,82135,Rhinolophus ferrumequinum,0.025,0.025,-1,Echolocation,/mnt/ubna_data_02_mir/recover-20220922/UBNA_001/20220921_090000.WAV,Telephone Field,recover-20220922,001,1795
991.9115,991.9198,28046,39751,Eptesicus serotinus,0.012,0.03,-1,Echolocation,/mnt/ubna_data_02_mir/recover-20220922/UBNA_001/20220921_090000.WAV,Telephone Field,recover-20220922,001,1795
991.9405,991.9502,27187,35577,Eptesicus serotinus,0.015,0.032,-1,Echolocation,/mnt/ubna_data_02_mir/recover-20220922/UBNA_001/20220921_090000.WAV,Telephone Field,recover-20220922,001,1795
991.9605,991.9997,68437,82732,Rhinolophus ferrumequinum,0.025,0.025,-1,Echolocation,/mnt/ubna_data_02_mir/recover-20220922/UBNA_001/20220921_090000.WAV,Telephone Field,recover-20220922,001,1795
991.9735,991.9829,24609,31715,Eptesicus serotinus,0.011,0.034,-1,Echolocation,/mnt/ubna_data_02_mir/recover-20220922/UBNA_001/20220921_090000.WAV,Telephone Field,recover-20220922,001,1795
991.9825,991.9956,21171,24674,Nyctalus leisleri,0.014,0.023,-1,Echolocation,/mnt/ubna_data_02_mir/recover-20220922/UBNA_001/20220921_090000.WAV,Telephone Field,recover-20220922,001,1795
991.9885,991.9993,30625,40800,Eptesicus serotinus,0.009,0.025,-1,Echolocation,/mnt/ubna_data_02_mir/recover-20220922/UBNA_001/20220921_090000.WAV,Telephone Field,recover-20220922,001,1795
992.0015,992.0098,26328,37678,Nyctalus leisleri,0.005,0.025,-1,Echolocation,/mnt/ubna_data_02_mir/recover-20220922/UBNA_001/20220921_090000.WAV,Telephone Field,recover-20220922,001,1795
992.0015,992.0083,48671,55779,Pipistrellus pipistrellus,0.022,0.03,-1,Echolocation,/mnt/ubna_data_02_mir/recover-20220922/UBNA_001/20220921_090000.WAV,Telephone Field,recover-20220922,001,1795
992.0015,992.0353,69296,81614,Rhinolophus ferrumequinum,0.033,0.033,-1,Echolocation,/mnt/ubna_data_02_mir/recover-20220922/UBNA_001/20220921_090000.WAV,Telephone Field,recover-20220922,001,1795
992.0075,992.0467,68437,81657,Rhinolophus ferrumequinum,0.023,0.024,-1,Echolocation,/mnt/ubna_data_02_mir/recover-20220922/UBNA_001/20220921_090000.WAV,Telephone Field,recover-20220922,001,1795
992.0355,992.0463,28906,36433,Eptesicus serotinus,0.017,0.032,-1,Echolocation,/mnt/ubna_data_02_mir/recover-20220922/UBNA_001/20220921_090000.WAV,Telephone Field,recover-20220922,001,1795
992.0665,992.1124,68437,83329,Rhinolophus ferrumequinum,0.065,0.065,-1,Echolocation,/mnt/ubna_data_02_mir/recover-20220922/UBNA_001/20220921_090000.WAV,Telephone Field,recover-20220922,001,1795
992.0815,992.0915,30625,36953,Eptesicus serotinus,0.049,0.094,-1,Echolocation,/mnt/ubna_data_02_mir/recover-20220922/UBNA_001/20220921_090000.WAV,Telephone Field,recover-20220922,001,1795
992.0965,992.137,68437,82822,Rhinolophus ferrumequinum,0.024,0.024,-1,Echolocation,/mnt/ubna_data_02_mir/recover-20220922/UBNA_001/20220921_090000.WAV,Telephone Field,recover-20220922,001,1795
992.1255,992.134,49531,55582,Pipistrellus pipistrellus,0.026,0.03,-1,Echolocation,/mnt/ubna_data_02_mir/recover-20220922/UBNA_001/20220921_090000.WAV,Telephone Field,recover-20220922,001,1795
992.1295,992.1708,68437,82839,Rhinolophus ferrumequinum,0.038,0.038,-1,Echolocation,/mnt/ubna_data_02_mir/recover-20220922/UBNA_001/20220921_090000.WAV,Telephone Field,recover-20220922,001,1795
992.1545,992.1942,68437,82583,Rhinolophus ferrumequinum,0.026,0.026,-1,Echolocation,/mnt/ubna_data_02_mir/recover-20220922/UBNA_001/20220921_090000.WAV,Telephone Field,recover-20220922,001,1795
992.1645,992.203,68437,82041,Rhinolophus ferrumequinum,0.025,0.025,-1,Echolocation,/mnt/ubna_data_02_mir/recover-20220922/UBNA_001/20220921_090000.WAV,Telephone Field,recover-20220922,001,1795
992.1705,992.2066,68437,81521,Rhinolophus ferrumequinum,0.025,0.025,-1,Echolocation,/mnt/ubna_data_02_mir/recover-20220922/UBNA_001/20220921_090000.WAV,Telephone Field,recover-20220922,001,1795
992.1965,992.2342,68437,81464,Rhinolophus ferrumequinum,0.024,0.024,-1,Echolocation,/mnt/ubna_data_02_mir/recover-20220922/UBNA_001/20220921_090000.WAV,Telephone Field,recover-20220922,001,1795
992.2085,992.2472,68437,81651,Rhinolophus ferrumequinum,0.027,0.027,-1,Echolocation,/mnt/ubna_data_02_mir/recover-20220922/UBNA_001/20220921_090000.WAV,Telephone Field,recover-20220922,001,1795
992.2265,992.2374,23750,28442,Nyctalus leisleri,0.013,0.025,-1,Echolocation,/mnt/ubna_data_02_mir/recover-20220922/UBNA_001/20220921_090000.WAV,Telephone Field,recover-20220922,001,1795
992.2535,992.2647,22890,28801,Nyctalus leisleri,0.014,0.028,-1,Echolocation,/mnt/ubna_data_02_mir/recover-20220922/UBNA_001/20220921_090000.WAV,Telephone Field,recover-20220922,001,1795
992.3215,992.3626,68437,82349,Rhinolophus ferrumequinum,0.023,0.023,-1,Echolocation,/mnt/ubna_data_02_mir/recover-20220922/UBNA_001/20220921_090000.WAV,Telephone Field,recover-20220922,001,1795
992.3565,992.3946,68437,82223,Rhinolophus ferrumequinum,0.025,0.025,-1,Echolocation,/mnt/ubna_data_02_mir/recover-20220922/UBNA_001/20220921_090000.WAV,Telephone Field,recover-20220922,001,1795
992.3605,992.3703,47812,55708,Pipistrellus pipistrellus,0.029,0.033,-1,Echolocation,/mnt/ubna_data_02_mir/recover-20220922/UBNA_001/20220921_090000.WAV,Telephone Field,recover-20220922,001,1795
992.3665,992.3769,48671,53238,Pipistrellus pipistrellus,0.03,0.034,-1,Echolocation,/mnt/ubna_data_02_mir/recover-20220922/UBNA_001/20220921_090000.WAV,Telephone Field,recover-20220922,001,1795
992.3745,992.4099,68437,80829,Rhinolophus ferrumequinum,0.023,0.023,-1,Echolocation,/mnt/ubna_data_02_mir/recover-20220922/UBNA_001/20220921_090000.WAV,Telephone Field,recover-20220922,001,1795
992.3875,992.4247,68437,81970,Rhinolophus ferrumequinum,0.022,0.022,-1,Echolocation,/mnt/ubna_data_02_mir/recover-20220922/UBNA_001/20220921_090000.WAV,Telephone Field,recover-20220922,001,1795
992.3985,992.4073,28906,37760,Eptesicus serotinus,0.011,0.028,-1,Echolocation,/mnt/ubna_data_02_mir/recover-20220922/UBNA_001/20220921_090000.WAV,Telephone Field,recover-20220922,001,1795
992.4155,992.4539,68437,82306,Rhinolophus ferrumequinum,0.025,0.025,-1,Echolocation,/mnt/ubna_data_02_mir/recover-20220922/UBNA_001/20220921_090000.WAV,Telephone Field,recover-20220922,001,1795
992.4245,992.4323,28046,38410,Eptesicus serotinus,0.008,0.022,-1,Echolocation,/mnt/ubna_data_02_mir/recover-20220922/UBNA_001/20220921_090000.WAV,Telephone Field,recover-20220922,001,1795
992.4565,992.4945,68437,82124,Rhinolophus ferrumequinum,0.029,0.029,-1,Echolocation,/mnt/ubna_data_02_mir/recover-20220922/UBNA_001/20220921_090000.WAV,Telephone Field,recover-20220922,001,1795
992.4845,992.5247,68437,82591,Rhinolophus ferrumequinum,0.025,0.025,-1,Echolocation,/mnt/ubna_data_02_mir/recover-20220922/UBNA_001/20220921_090000.WAV,Telephone Field,recover-20220922,001,1795
992.5015,992.5109,26328,35235,Eptesicus serotinus,0.012,0.025,-1,Echolocation,/mnt/ubna_data_02_mir/recover-20220922/UBNA_001/20220921_090000.WAV,Telephone Field,recover-20220922,001,1795
992.5015,992.544,68437,83315,Rhinolophus ferrumequinum,0.026,0.026,-1,Echolocation,/mnt/ubna_data_02_mir/recover-20220922/UBNA_001/20220921_090000.WAV,Telephone Field,recover-20220922,001,1795
992.5095,992.5518,68437,82849,Rhinolophus ferrumequinum,0.024,0.024,-1,Echolocation,/mnt/ubna_data_02_mir/recover-20220922/UBNA_001/20220921_090000.WAV,Telephone Field,recover-20220922,001,1795
992.5195,992.5576,68437,81813,Rhinolophus ferrumequinum,0.023,0.023,-1,Echolocation,/mnt/ubna_data_02_mir/recover-20220922/UBNA_001/20220921_090000.WAV,Telephone Field,recover-20220922,001,1795
992.5415,992.547,39218,59099,Myotis mystacinus,0.006,0.022,-1,Echolocation,/mnt/ubna_data_02_mir/recover-20220922/UBNA_001/20220921_090000.WAV,Telephone Field,recover-20220922,001,1795
992.5585,992.5961,68437,81495,Rhinolophus ferrumequinum,0.026,0.026,-1,Echolocation,/mnt/ubna_data_02_mir/recover-20220922/UBNA_001/20220921_090000.WAV,Telephone Field,recover-20220922,001,1795
992.6115,992.6255,22890,26420,Nyctalus leisleri,0.045,0.079,-1,Echolocation,/mnt/ubna_data_02_mir/recover-20220922/UBNA_001/20220921_090000.WAV,Telephone Field,recover-20220922,001,1795
992.6265,992.637,28906,36709,Eptesicus serotinus,0.012,0.027,-1,Echolocation,/mnt/ubna_data_02_mir/recover-20220922/UBNA_001/20220921_090000.WAV,Telephone Field,recover-20220922,001,1795
992.6455,992.6551,24609,31398,Nyctalus leisleri,0.009,0.023,-1,Echolocation,/mnt/ubna_data_02_mir/recover-20220922/UBNA_001/20220921_090000.WAV,Telephone Field,recover-20220922,001,1795
992.6565,992.6971,68437,82732,Rhinolophus ferrumequinum,0.03,0.03,-1,Echolocation,/mnt/ubna_data_02_mir/recover-20220922/UBNA_001/20220921_090000.WAV,Telephone Field,recover-20220922,001,1795
992.7105,992.7487,68437,82087,Rhinolophus ferrumequinum,0.023,0.023,-1,Echolocation,/mnt/ubna_data_02_mir/recover-20220922/UBNA_001/20220921_090000.WAV,Telephone Field,recover-20220922,001,1795
992.7325,992.775,68437,82622,Rhinolophus ferrumequinum,0.056,0.056,-1,Echolocation,/mnt/ubna_data_02_mir/recover-20220922/UBNA_001/20220921_090000.WAV,Telephone Field,recover-20220922,001,1795
992.7625,992.7722,27187,35963,Eptesicus serotinus,0.014,0.027,-1,Echolocation,/mnt/ubna_data_02_mir/recover-20220922/UBNA_001/20220921_090000.WAV,Telephone Field,recover-20220922,001,1795
992.7845,992.8246,68437,82232,Rhinolophus ferrumequinum,0.025,0.026,-1,Echolocation,/mnt/ubna_data_02_mir/recover-20220922/UBNA_001/20220921_090000.WAV,Telephone Field,recover-20220922,001,1795
992.7885,992.7956,28046,41481,Eptesicus serotinus,0.006,0.023,-1,Echolocation,/mnt/ubna_data_02_mir/recover-20220922/UBNA_001/20220921_090000.WAV,Telephone Field,recover-20220922,001,1795
992.7915,992.8296,68437,81983,Rhinolophus ferrumequinum,0.028,0.028,-1,Echolocation,/mnt/ubna_data_02_mir/recover-20220922/UBNA_001/20220921_090000.WAV,Telephone Field,recover-20220922,001,1795
992.8065,992.8477,68437,82260,Rhinolophus ferrumequinum,0.023,0.023,-1,Echolocation,/mnt/ubna_data_02_mir/recover-20220922/UBNA_001/20220921_090000.WAV,Telephone Field,recover-20220922,001,1795
992.9115,992.9539,68437,82871,Rhinolophus ferrumequinum,0.029,0.029,-1,Echolocation,/mnt/ubna_data_02_mir/recover-20220922/UBNA_001/20220921_090000.WAV,Telephone Field,recover-20220922,001,1795
992.9345,992.9427,27187,39412,Eptesicus serotinus,0.008,0.023,-1,Echolocation,/mnt/ubna_data_02_mir/recover-20220922/UBNA_001/20220921_090000.WAV,Telephone Field,recover-20220922,001,1795
992.9365,992.9491,56406,61287,Pipistrellus pygmaeus,0.025,0.026,-1,Echolocation,/mnt/ubna_data_02_mir/recover-20220922/UBNA_001/20220921_090000.WAV,Telephone Field,recover-20220922,001,1795
992.9645,992.9749,44375,47170,Pipistrellus pipistrellus,0.021,0.023,-1,Echolocation,/mnt/ubna_data_02_mir/recover-20220922/UBNA_001/20220921_090000.WAV,Telephone Field,recover-20220922,001,1795
992.9775,993.0158,68437,81901,Rhinolophus ferrumequinum,0.026,0.026,-1,Echolocation,/mnt/ubna_data_02_mir/recover-20220922/UBNA_001/20220921_090000.WAV,Telephone Field,recover-20220922,001,1795
993.0325,993.0738,68437,82212,Rhinolophus ferrumequinum,0.024,0.024,-1,Echolocation,/mnt/ubna_data_02_mir/recover-20220922/UBNA_001/20220921_090000.WAV,Telephone Field,recover-20220922,001,1795
993.0405,993.0821,68437,82514,Rhinolophus ferrumequinum,0.029,0.029,-1,Echolocation,/mnt/ubna_data_02_mir/recover-20220922/UBNA_001/20220921_090000.WAV,Telephone Field,recover-20220922,001,1795
993.0735,993.1122,68437,81932,Rhinolophus ferrumequinum,0.026,0.026,-1,Echolocation,/mnt/ubna_data_02_mir/recover-20220922/UBNA_001/20220921_090000.WAV,Telephone Field,recover-20220922,001,1795
993.0815,993.0893,28046,40098,Eptesicus serotinus,0.008,0.024,-1,Echolocation,/mnt/ubna_data_02_mir/recover-20220922/UBNA_001/20220921_090000.WAV,Telephone Field,recover-20220922,001,1795
993.0885,993.1301,68437,82586,Rhinolophus ferrumequinum,0.024,0.024,-1,Echolocation,/mnt/ubna_data_02_mir/recover-20220922/UBNA_001/20220921_090000.WAV,Telephone Field,recover-20220922,001,1795
993.0965,993.1344,68437,81787,Rhinolophus ferrumequinum,0.027,0.027,-1,Echolocation,/mnt/ubna_data_02_mir/recover-20220922/UBNA_001/20220921_090000.WAV,Telephone Field,recover-20220922,001,1795
993.1405,993.1819,68437,82485,Rhinolophus ferrumequinum,0.03,0.03,-1,Echolocation,/mnt/ubna_data_02_mir/recover-20220922/UBNA_001/20220921_090000.WAV,Telephone Field,recover-20220922,001,1795
993.1475,993.1579,36640,42698,Pipistrellus nathusii,0.011,0.03,-1,Echolocation,/mnt/ubna_data_02_mir/recover-20220922/UBNA_001/20220921_090000.WAV,Telephone Field,recover-20220922,001,1795
993.1535,993.1928,68437,82779,Rhinolophus ferrumequinum,0.023,0.023,-1,Echolocation,/mnt/ubna_data_02_mir/recover-20220922/UBNA_001/20220921_090000.WAV,Telephone Field,recover-20220922,001,1795
993.1625,993.2008,68437,82561,Rhinolophus ferrumequinum,0.024,0.024,-1,Echolocation,/mnt/ubna_data_02_mir/recover-20220922/UBNA_001/20220921_090000.WAV,Telephone Field,recover-20220922,001,1795
993.1685,993.1791,28046,36301,Eptesicus serotinus,0.01,0.024,-1,Echolocation,/mnt/ubna_data_02_mir/recover-20220922/UBNA_001/20220921_090000.WAV,Telephone Field,recover-20220922,001,1795
993.1705,993.2115,68437,82302,Rhinolophus ferrumequinum,0.023,0.023,-1,Echolocation,/mnt/ubna_data_02_mir/recover-20220922/UBNA_001/20220921_090000.WAV,Telephone Field,recover-20220922,001,1795
993.1925,993.1997,28046,38777,Eptesicus serotinus,0.008,0.023,-1,Echolocation,/mnt/ubna_data_02_mir/recover-20220922/UBNA_001/20220921_090000.WAV,Telephone Field,recover-20220922,001,1795
993.2315,993.2682,68437,81441,Rhinolophus ferrumequinum,0.026,0.026,-1,Echolocation,/mnt/ubna_data_02_mir/recover-20220922/UBNA_001/20220921_090000.WAV,Telephone Field,recover-20220922,001,1795
993.2505,993.2604,26328,34374,Eptesicus serotinus,0.009,0.022,-1,Echolocation,/mnt/ubna_data_02_mir/recover-20220922/UBNA_001/20220921_090000.WAV,Telephone Field,recover-20220922,001,1795
993.2975,993.3366,68437,82265,Rhinolophus ferrumequinum,0.024,0.024,-1,Echolocation,/mnt/ubna_data_02_mir/recover-20220922/UBNA_001/20220921_090000.WAV,Telephone Field,recover-20220922,001,1795
993.3185,993.3574,68437,82178,Rhinolophus ferrumequinum,0.026,0.026,-1,Echolocation,/mnt/ubna_data_02_mir/recover-20220922/UBNA_001/20220921_090000.WAV,Telephone Field,recover-20220922,001,1795
993.3295,993.3403,25468,32879,Eptesicus serotinus,0.009,0.025,-1,Echolocation,/mnt/ubna_data_02_mir/recover-20220922/UBNA_001/20220921_090000.WAV,Telephone Field,recover-20220922,001,1795
993.3365,993.374,68437,81272,Rhinolophus ferrumequinum,0.024,0.024,-1,Echolocation,/mnt/ubna_data_02_mir/recover-20220922/UBNA_001/20220921_090000.WAV,Telephone Field,recover-20220922,001,1795
993.3485,993.3855,68437,81501,Rhinolophus ferrumequinum,0.023,0.023,-1,Echolocation,/mnt/ubna_data_02_mir/recover-20220922/UBNA_001/20220921_090000.WAV,Telephone Field,recover-20220922,001,1795
993.4305,993.4698,68437,82005,Rhinolophus ferrumequinum,0.023,0.023,-1,Echolocation,/mnt/ubna_data_02_mir/recover-20220922/UBNA_001/20220921_090000.WAV,Telephone Field,recover-20220922,001,1795
993.4695,993.5084,68437,82165,Rhinolophus ferrumequinum,0.024,0.024,-1,Echolocation,/mnt/ubna_data_02_mir/recover-20220922/UBNA_001/20220921_090000.WAV,Telephone Field,recover-20220922,001,1795
993.5315,993.5756,68437,82836,Rhinolophus ferrumequinum,0.028,0.028,-1,Echolocation,/mnt/ubna_data_02_mir/recover-20220922/UBNA_001/20220921_090000.WAV,Telephone Field,recover-20220922,001,1795
993.5645,993.6007,68437,81879,Rhinolophus ferrumequinum,0.023,0.023,-1,Echolocation,/mnt/ubna_data_02_mir/recover-20220922/UBNA_001/20220921_090000.WAV,Telephone Field,recover-20220922,001,1795
993.6285,993.6381,38359,45574,Pipistrellus nathusii,0.008,0.024,-1,Echolocation,/mnt/ubna_data_02_mir/recover-20220922/UBNA_001/20220921_090000.WAV,Telephone Field,recover-20220922,001,1795
993.6295,993.6646,68437,81093,Rhinolophus ferrumequinum,0.023,0.023,-1,Echolocation,/mnt/ubna_data_02_mir/recover-20220922/UBNA_001/20220921_090000.WAV,Telephone Field,recover-20220922,001,1795
993.6305,993.6394,26328,38253,Eptesicus serotinus,0.01,0.027,-1,Echolocation,/mnt/ubna_data_02_mir/recover-20220922/UBNA_001/20220921_090000.WAV,Telephone Field,recover-20220922,001,1795
993.6405,993.6773,68437,81675,Rhinolophus ferrumequinum,0.024,0.024,-1,Echolocation,/mnt/ubna_data_02_mir/recover-20220922/UBNA_001/20220921_090000.WAV,Telephone Field,recover-20220922,001,1795
993.6475,993.6859,68437,82217,Rhinolophus ferrumequinum,0.024,0.024,-1,Echolocation,/mnt/ubna_data_02_mir/recover-20220922/UBNA_001/20220921_090000.WAV,Telephone Field,recover-20220922,001,1795
993.6545,993.6628,25468,34409,Eptesicus serotinus,0.009,0.023,-1,Echolocation,/mnt/ubna_data_02_mir/recover-20220922/UBNA_001/20220921_090000.WAV,Telephone Field,recover-20220922,001,1795
993.6655,993.705,68437,82536,Rhinolophus ferrumequinum,0.024,0.024,-1,Echolocation,/mnt/ubna_data_02_mir/recover-20220922/UBNA_001/20220921_090000.WAV,Telephone Field,recover-20220922,001,1795
993.6995,993.7357,68437,81196,Rhinolophus ferrumequinum,0.026,0.026,-1,Echolocation,/mnt/ubna_data_02_mir/recover-20220922/UBNA_001/20220921_090000.WAV,Telephone Field,recover-20220922,001,1795
993.7055,993.7158,24609,32647,Eptesicus serotinus,0.011,0.027,-1,Echolocation,/mnt/ubna_data_02_mir/recover-20220922/UBNA_001/20220921_090000.WAV,Telephone Field,recover-20220922,001,1795
993.7185,993.7569,68437,81763,Rhinolophus ferrumequinum,0.023,0.023,-1,Echolocation,/mnt/ubna_data_02_mir/recover-20220922/UBNA_001/20220921_090000.WAV,Telephone Field,recover-20220922,001,1795
993.7475,993.7876,68437,82527,Rhinolophus ferrumequinum,0.023,0.023,-1,Echolocation,/mnt/ubna_data_02_mir/recover-20220922/UBNA_001/20220921_090000.WAV,Telephone Field,recover-20220922,001,1795
993.8045,993.8425,68437,81934,Rhinolophus ferrumequinum,0.023,0.023,-1,Echolocation,/mnt/ubna_data_02_mir/recover-20220922/UBNA_001/20220921_090000.WAV,Telephone Field,recover-20220922,001,1795
993.8445,993.8857,68437,82621,Rhinolophus ferrumequinum,0.026,0.026,-1,Echolocation,/mnt/ubna_data_02_mir/recover-20220922/UBNA_001/20220921_090000.WAV,Telephone Field,recover-20220922,001,1795
993.8585,993.8679,28046,39448,Eptesicus serotinus,0.009,0.023,-1,Echolocation,/mnt/ubna_data_02_mir/recover-20220922/UBNA_001/20220921_090000.WAV,Telephone Field,recover-20220922,001,1795
993.8635,993.9037,68437,82810,Rhinolophus ferrumequinum,0.036,0.036,-1,Echolocation,/mnt/ubna_data_02_mir/recover-20220922/UBNA_001/20220921_090000.WAV,Telephone Field,recover-20220922,001,1795
993.8805,993.9211,68437,82427,Rhinolophus ferrumequinum,0.025,0.025,-1,Echolocation,/mnt/ubna_data_02_mir/recover-20220922/UBNA_001/20220921_090000.WAV,Telephone Field,recover-20220922,001,1795
993.9135,993.9521,68437,81707,Rhinolophus ferrumequinum,0.034,0.034,-1,Echolocation,/mnt/ubna_data_02_mir/recover-20220922/UBNA_001/20220921_090000.WAV,Telephone Field,recover-20220922,001,1795
993.9385,993.9758,68437,81287,Rhinolophus ferrumequinum,0.023,0.023,-1,Echolocation,/mnt/ubna_data_02_mir/recover-20220922/UBNA_001/20220921_090000.WAV,Telephone Field,recover-20220922,001,1795
993.9475,993.9853,68437,81553,Rhinolophus ferrumequinum,0.025,0.025,-1,Echolocation,/mnt/ubna_data_02_mir/recover-20220922/UBNA_001/20220921_090000.WAV,Telephone Field,recover-20220922,001,1795
993.9545,993.9927,68437,82206,Rhinolophus ferrumequinum,0.026,0.026,-1,Echolocation,/mnt/ubna_data_02_mir/recover-20220922/UBNA_001/20220921_090000.WAV,Telephone Field,recover-20220922,001,1795
993.9595,993.9713,23750,29218,Nyctalus leisleri,0.012,0.025,-1,Echolocation,/mnt/ubna_data_02_mir/recover-20220922/UBNA_001/20220921_090000.WAV,Telephone Field,recover-20220922,001,1795
994.0015,994.0326,68437,79097,Rhinolophus ferrumequinum,0.088,0.089,-1,Echolocation,/mnt/ubna_data_02_mir/recover-20220922/UBNA_001/20220921_090000.WAV,Telephone Field,recover-20220922,001,1795
994.0015,994.0103,48671,54359,Pipistrellus pipistrellus,0.019,0.025,-1,Echolocation,/mnt/ubna_data_02_mir/recover-20220922/UBNA_001/20220921_090000.WAV,Telephone Field,recover-20220922,001,1795
994.0015,994.0119,22031,27131,Nyctalus leisleri,0.011,0.025,-1,Echolocation,/mnt/ubna_data_02_mir/recover-20220922/UBNA_001/20220921_090000.WAV,Telephone Field,recover-20220922,001,1795
994.0285,994.0382,22890,29134,Nyctalus leisleri,0.008,0.023,-1,Echolocation,/mnt/ubna_data_02_mir/recover-20220922/UBNA_001/20220921_090000.WAV,Telephone Field,recover-20220922,001,1795
994.0555,994.0637,28046,41721,Eptesicus serotinus,0.007,0.021,-1,Echolocation,/mnt/ubna_data_02_mir/recover-20220922/UBNA_001/20220921_090000.WAV,Telephone Field,recover-20220922,001,1795
994.0815,994.121,68437,81975,Rhinolophus ferrumequinum,0.021,0.021,-1,Echolocation,/mnt/ubna_data_02_mir/recover-20220922/UBNA_001/20220921_090000.WAV,Telephone Field,recover-20220922,001,1795
994.1215,994.131,25468,33680,Eptesicus serotinus,0.009,0.022,-1,Echolocation,/mnt/ubna_data_02_mir/recover-20220922/UBNA_001/20220921_090000.WAV,Telephone Field,recover-20220922,001,1795
994.1295,994.1405,28906,36900,Eptesicus serotinus,0.012,0.025,-1,Echolocation,/mnt/ubna_data_02_mir/recover-20220922/UBNA_001/20220921_090000.WAV,Telephone Field,recover-20220922,001,1795
994.1325,994.1706,68437,81936,Rhinolophus ferrumequinum,0.022,0.022,-1,Echolocation,/mnt/ubna_data_02_mir/recover-20220922/UBNA_001/20220921_090000.WAV,Telephone Field,recover-20220922,001,1795
994.2235,994.2611,68437,81084,Rhinolophus ferrumequinum,0.026,0.026,-1,Echolocation,/mnt/ubna_data_02_mir/recover-20220922/UBNA_001/20220921_090000.WAV,Telephone Field,recover-20220922,001,1795
994.2315,994.2412,27187,36684,Eptesicus serotinus,0.009,0.021,-1,Echolocation,/mnt/ubna_data_02_mir/recover-20220922/UBNA_001/20220921_090000.WAV,Telephone Field,recover-20220922,001,1795
994.2465,994.254,49531,54212,Pipistrellus pipistrellus,0.022,0.024,-1,Echolocation,/mnt/ubna_data_02_mir/recover-20220922/UBNA_001/20220921_090000.WAV,Telephone Field,recover-20220922,001,1795
994.2735,994.3142,68437,82663,Rhinolophus ferrumequinum,0.024,0.024,-1,Echolocation,/mnt/ubna_data_02_mir/recover-20220922/UBNA_001/20220921_090000.WAV,Telephone Field,recover-20220922,001,1795
994.2995,994.3396,68437,82383,Rhinolophus ferrumequinum,0.022,0.022,-1,Echolocation,/mnt/ubna_data_02_mir/recover-20220922/UBNA_001/20220921_090000.WAV,Telephone Field,recover-20220922,001,1795
994.3125,994.3213,26328,38119,Eptesicus serotinus,0.008,0.021,-1,Echolocation,/mnt/ubna_data_02_mir/recover-20220922/UBNA_001/20220921_090000.WAV,Telephone Field,recover-20220922,001,1795
994.3415,994.3803,68437,82075,Rhinolophus ferrumequinum,0.021,0.021,-1,Echolocation,/mnt/ubna_data_02_mir/recover-20220922/UBNA_001/20220921_090000.WAV,Telephone Field,recover-20220922,001,1795
994.3585,994.3979,68437,82150,Rhinolophus ferrumequinum,0.021,0.021,-1,Echolocation,/mnt/ubna_data_02_mir/recover-20220922/UBNA_001/20220921_090000.WAV,Telephone Field,recover-20220922,001,1795
994.3685,994.4081,68437,82623,Rhinolophus ferrumequinum,0.023,0.023,-1,Echolocation,/mnt/ubna_data_02_mir/recover-20220922/UBNA_001/20220921_090000.WAV,Telephone Field,recover-20220922,001,1795
994.3875,994.4241,68437,81450,Rhinolophus ferrumequinum,0.024,0.024,-1,Echolocation,/mnt/ubna_data_02_mir/recover-20220922/UBNA_001/20220921_090000.WAV,Telephone Field,recover-20220922,001,1795
994.4175,994.4245,27187,39881,Eptesicus serotinus,0.007,0.023,-1,Echolocation,/mnt/ubna_data_02_mir/recover-20220922/UBNA_001/20220921_090000.WAV,Telephone Field,recover-20220922,001,1795
994.4435,994.4827,68437,82689,Rhinolophus ferrumequinum,0.025,0.025,-1,Echolocation,/mnt/ubna_data_02_mir/recover-20220922/UBNA_001/20220921_090000.WAV,Telephone Field,recover-20220922,001,1795
994.4505,994.4882,68437,82242,Rhinolophus ferrumequinum,0.022,0.022,-1,Echolocation,/mnt/ubna_data_02_mir/recover-20220922/UBNA_001/20220921_090000.WAV,Telephone Field,recover-20220922,001,1795
994.4725,994.4804,28046,39950,Eptesicus serotinus,0.007,0.023,-1,Echolocation,/mnt/ubna_data_02_mir/recover-20220922/UBNA_001/20220921_090000.WAV,Telephone Field,recover-20220922,001,1795
994.5085,994.5487,68437,82803,Rhinolophus ferrumequinum,0.025,0.025,-1,Echolocation,/mnt/ubna_data_02_mir/recover-20220922/UBNA_001/20220921_090000.WAV,Telephone Field,recover-20220922,001,1795
994.5205,994.5323,23750,29143,Nyctalus leisleri,0.011,0.023,-1,Echolocation,/mnt/ubna_data_02_mir/recover-20220922/UBNA_001/20220921_090000.WAV,Telephone Field,recover-20220922,001,1795
994.5235,994.5649,68437,82755,Rhinolophus ferrumequinum,0.027,0.027,-1,Echolocation,/mnt/ubna_data_02_mir/recover-20220922/UBNA_001/20220921_090000.WAV,Telephone Field,recover-20220922,001,1795
994.5465,994.5872,68437,81991,Rhinolophus ferrumequinum,0.024,0.024,-1,Echolocation,/mnt/ubna_data_02_mir/recover-20220922/UBNA_001/20220921_090000.WAV,Telephone Field,recover-20220922,001,1795
994.5475,994.5571,28906,37342,Eptesicus serotinus,0.01,0.027,-1,Echolocation,/mnt/ubna_data_02_mir/recover-20220922/UBNA_001/20220921_090000.WAV,Telephone Field,recover-20220922,001,1795
994.5955,994.6088,23750,28800,Nyctalus leisleri,0.014,0.028,-1,Echolocation,/mnt/ubna_data_02_mir/recover-20220922/UBNA_001/20220921_090000.WAV,Telephone Field,recover-20220922,001,1795
994.6025,994.6403,68437,81602,Rhinolophus ferrumequinum,0.022,0.022,-1,Echolocation,/mnt/ubna_data_02_mir/recover-20220922/UBNA_001/20220921_090000.WAV,Telephone Field,recover-20220922,001,1795
994.6245,994.6356,28906,35374,Eptesicus serotinus,0.01,0.023,-1,Echolocation,/mnt/ubna_data_02_mir/recover-20220922/UBNA_001/20220921_090000.WAV,Telephone Field,recover-20220922,001,1795
994.6275,994.668,68437,82823,Rhinolophus ferrumequinum,0.039,0.039,-1,Echolocation,/mnt/ubna_data_02_mir/recover-20220922/UBNA_001/20220921_090000.WAV,Telephone Field,recover-20220922,001,1795
994.6425,994.652,24609,32899,Eptesicus serotinus,0.007,0.022,-1,Echolocation,/mnt/ubna_data_02_mir/recover-20220922/UBNA_001/20220921_090000.WAV,Telephone Field,recover-20220922,001,1795
994.6505,994.688,68437,81389,Rhinolophus ferrumequinum,0.025,0.025,-1,Echolocation,/mnt/ubna_data_02_mir/recover-20220922/UBNA_001/20220921_090000.WAV,Telephone Field,recover-20220922,001,1795
994.6755,994.7162,68437,82499,Rhinolophus ferrumequinum,0.024,0.024,-1,Echolocation,/mnt/ubna_data_02_mir/recover-20220922/UBNA_001/20220921_090000.WAV,Telephone Field,recover-20220922,001,1795
994.6875,994.6968,28046,36434,Eptesicus serotinus,0.007,0.02,-1,Echolocation,/mnt/ubna_data_02_mir/recover-20220922/UBNA_001/20220921_090000.WAV,Telephone Field,recover-20220922,001,1795
994.6985,994.7371,68437,82240,Rhinolophus ferrumequinum,0.02,0.021,-1,Echolocation,/mnt/ubna_data_02_mir/recover-20220922/UBNA_001/20220921_090000.WAV,Telephone Field,recover-20220922,001,1795
994.7075,994.7473,68437,82321,Rhinolophus ferrumequinum,0.022,0.022,-1,Echolocation,/mnt/ubna_data_02_mir/recover-20220922/UBNA_001/20220921_090000.WAV,Telephone Field,recover-20220922,001,1795
994.7215,994.7599,68437,81510,Rhinolophus ferrumequinum,0.028,0.028,-1,Echolocation,/mnt/ubna_data_02_mir/recover-20220922/UBNA_001/20220921_090000.WAV,Telephone Field,recover-20220922,001,1795
994.7225,994.7313,28046,39729,Eptesicus serotinus,0.008,0.021,-1,Echolocation,/mnt/ubna_data_02_mir/recover-20220922/UBNA_001/20220921_090000.WAV,Telephone Field,recover-20220922,001,1795
994.7305,994.7708,68437,82565,Rhinolophus ferrumequinum,0.03,0.03,-1,Echolocation,/mnt/ubna_data_02_mir/recover-20220922/UBNA_001/20220921_090000.WAV,Telephone Field,recover-20220922,001,1795
994.7625,994.7994,68437,81400,Rhinolophus ferrumequinum,0.02,0.021,-1,Echolocation,/mnt/ubna_data_02_mir/recover-20220922/UBNA_001/20220921_090000.WAV,Telephone Field,recover-20220922,001,1795
994.7795,994.8171,68437,82345,Rhinolophus ferrumequinum,0.025,0.025,-1,Echolocation,/mnt/ubna_data_02_mir/recover-20220922/UBNA_001/20220921_090000.WAV,Telephone Field,recover-20220922,001,1795
994.7915,994.8299,68437,82111,Rhinolophus ferrumequinum,0.02,0.02,-1,Echolocation,/mnt/ubna_data_02_mir/recover-20220922/UBNA_001/20220921_090000.WAV,Telephone Field,recover-20220922,001,1795
994.8205,994.859,68437,81757,Rhinolophus ferrumequinum,0.023,0.023,-1,Echolocation,/mnt/ubna_data_02_mir/recover-20220922/UBNA_001/20220921_090000.WAV,Telephone Field,recover-20220922,001,1795
994.8345,994.8744,68437,81975,Rhinolophus ferrumequinum,0.025,0.025,-1,Echolocation,/mnt/ubna_data_02_mir/recover-20220922/UBNA_001/20220921_090000.WAV,Telephone Field,recover-20220922,001,1795
994.8675,994.877,28046,36797,Eptesicus serotinus,0.008,0.02,-1,Echolocation,/mnt/ubna_data_02_mir/recover-20220922/UBNA_001/20220921_090000.WAV,Telephone Field,recover-20220922,001,1795
994.8785,994.9152,68437,81938,Rhinolophus ferrumequinum,0.021,0.022,-1,Echolocation,/mnt/ubna_data_02_mir/recover-20220922/UBNA_001/20220921_090000.WAV,Telephone Field,recover-20220922,001,1795
994.9005,994.9114,23750,29019,Nyctalus leisleri,0.009,0.023,-1,Echolocation,/mnt/ubna_data_02_mir/recover-20220922/UBNA_001/20220921_090000.WAV,Telephone Field,recover-20220922,001,1795
994.9065,994.9175,40078,44956,Pipistrellus nathusii,0.009,0.022,-1,Echolocation,/mnt/ubna_data_02_mir/recover-20220922/UBNA_001/20220921_090000.WAV,Telephone Field,recover-20220922,001,1795
994.9335,994.9447,22031,26104,Nyctalus leisleri,0.012,0.021,-1,Echolocation,/mnt/ubna_data_02_mir/recover-20220922/UBNA_001/20220921_090000.WAV,Telephone Field,recover-20220922,001,1795
994.9475,994.9577,28046,36004,Eptesicus serotinus,0.009,0.021,-1,Echolocation,/mnt/ubna_data_02_mir/recover-20220922/UBNA_001/20220921_090000.WAV,Telephone Field,recover-20220922,001,1795
994.9495,994.9858,68437,81475,Rhinolophus ferrumequinum,0.022,0.022,-1,Echolocation,/mnt/ubna_data_02_mir/recover-20220922/UBNA_001/20220921_090000.WAV,Telephone Field,recover-20220922,001,1795
994.9695,995.0091,68437,82693,Rhinolophus ferrumequinum,0.023,0.023,-1,Echolocation,/mnt/ubna_data_02_mir/recover-20220922/UBNA_001/20220921_090000.WAV,Telephone Field,recover-20220922,001,1795
995.0035,995.0444,68437,82213,Rhinolophus ferrumequinum,0.045,0.045,-1,Echolocation,/mnt/ubna_data_02_mir/recover-20220922/UBNA_001/20220921_090000.WAV,Telephone Field,recover-20220922,001,1795
995.0285,995.0639,68437,81536,Rhinolophus ferrumequinum,0.02,0.02,-1,Echolocation,/mnt/ubna_data_02_mir/recover-20220922/UBNA_001/20220921_090000.WAV,Telephone Field,recover-20220922,001,1795
995.0305,995.0376,27187,36562,Eptesicus serotinus,0.008,0.023,-1,Echolocation,/mnt/ubna_data_02_mir/recover-20220922/UBNA_001/20220921_090000.WAV,Telephone Field,recover-20220922,001,1795
995.0445,995.056,22031,26191,Nyctalus leisleri,0.011,0.02,-1,Echolocation,/mnt/ubna_data_02_mir/recover-20220922/UBNA_001/20220921_090000.WAV,Telephone Field,recover-20220922,001,1795
995.0465,995.0824,68437,81123,Rhinolophus ferrumequinum,0.02,0.021,-1,Echolocation,/mnt/ubna_data_02_mir/recover-20220922/UBNA_001/20220921_090000.WAV,Telephone Field,recover-20220922,001,1795
995.0915,995.1325,68437,81980,Rhinolophus ferrumequinum,0.04,0.04,-1,Echolocation,/mnt/ubna_data_02_mir/recover-20220922/UBNA_001/20220921_090000.WAV,Telephone Field,recover-20220922,001,1795
995.1325,995.1711,68437,82549,Rhinolophus ferrumequinum,0.029,0.029,-1,Echolocation,/mnt/ubna_data_02_mir/recover-20220922/UBNA_001/20220921_090000.WAV,Telephone Field,recover-20220922,001,1795
995.1715,995.1803,24609,31940,Eptesicus serotinus,0.007,0.023,-1,Echolocation,/mnt/ubna_data_02_mir/recover-20220922/UBNA_001/20220921_090000.WAV,Telephone Field,recover-20220922,001,1795
995.1735,995.2102,68437,81463,Rhinolophus ferrumequinum,0.02,0.02,-1,Echolocation,/mnt/ubna_data_02_mir/recover-20220922/UBNA_001/20220921_090000.WAV,Telephone Field,recover-20220922,001,1795
995.1985,995.2062,26328,36011,Eptesicus serotinus,0.008,0.022,-1,Echolocation,/mnt/ubna_data_02_mir/recover-20220922/UBNA_001/20220921_090000.WAV,Telephone Field,recover-20220922,001,1795
995.2055,995.2406,68437,80482,Rhinolophus ferrumequinum,0.021,0.021,-1,Echolocation,/mnt/ubna_data_02_mir/recover-20220922/UBNA_001/20220921_090000.WAV,Telephone Field,recover-20220922,001,1795
995.2115,995.2475,68437,80697,Rhinolophus ferrumequinum,0.021,0.021,-1,Echolocation,/mnt/ubna_data_02_mir/recover-20220922/UBNA_001/20220921_090000.WAV,Telephone Field,recover-20220922,001,1795
995.2195,995.255,68437,81026,Rhinolophus ferrumequinum,0.022,0.022,-1,Echolocation,/mnt/ubna_data_02_mir/recover-20220922/UBNA_001/20220921_090000.WAV,Telephone Field,recover-20220922,001,1795
995.2315,995.2691,68437,81728,Rhinolophus ferrumequinum,0.023,0.023,-1,Echolocation,/mnt/ubna_data_02_mir/recover-20220922/UBNA_001/20220921_090000.WAV,Telephone Field,recover-20220922,001,1795
995.2355,995.2464,23750,29779,Nyctalus leisleri,0.011,0.026,-1,Echolocation,/mnt/ubna_data_02_mir/recover-20220922/UBNA_001/20220921_090000.WAV,Telephone Field,recover-20220922,001,1795
995.2765,995.2963,19453,22525,Nyctalus leisleri,0.012,0.025,-1,Echolocation,/mnt/ubna_data_02_mir/recover-20220922/UBNA_001/20220921_090000.WAV,Telephone Field,recover-20220922,001,1795
995.2775,995.3129,68437,80763,Rhinolophus ferrumequinum,0.022,0.022,-1,Echolocation,/mnt/ubna_data_02_mir/recover-20220922/UBNA_001/20220921_090000.WAV,Telephone Field,recover-20220922,001,1795
995.2845,995.3201,68437,81491,Rhinolophus ferrumequinum,0.02,0.02,-1,Echolocation,/mnt/ubna_data_02_mir/recover-20220922/UBNA_001/20220921_090000.WAV,Telephone Field,recover-20220922,001,1795
995.2875,995.2949,28046,40571,Eptesicus serotinus,0.006,0.021,-1,Echolocation,/mnt/ubna_data_02_mir/recover-20220922/UBNA_001/20220921_090000.WAV,Telephone Field,recover-20220922,001,1795
995.3115,995.3225,55546,59857,Pipistrellus pygmaeus,0.023,0.025,-1,Echolocation,/mnt/ubna_data_02_mir/recover-20220922/UBNA_001/20220921_090000.WAV,Telephone Field,recover-20220922,001,1795
995.3305,995.3699,68437,82576,Rhinolophus ferrumequinum,0.026,0.026,-1,Echolocation,/mnt/ubna_data_02_mir/recover-20220922/UBNA_001/20220921_090000.WAV,Telephone Field,recover-20220922,001,1795
995.3505,995.3579,48671,52728,Pipistrellus pipistrellus,0.03,0.031,-1,Echolocation,/mnt/ubna_data_02_mir/recover-20220922/UBNA_001/20220921_090000.WAV,Telephone Field,recover-20220922,001,1795
995.3515,995.3591,28046,40173,Eptesicus serotinus,0.006,0.021,-1,Echolocation,/mnt/ubna_data_02_mir/recover-20220922/UBNA_001/20220921_090000.WAV,Telephone Field,recover-20220922,001,1795
995.3555,995.3913,68437,80774,Rhinolophus ferrumequinum,0.022,0.022,-1,Echolocation,/mnt/ubna_data_02_mir/recover-20220922/UBNA_001/20220921_090000.WAV,Telephone Field,recover-20220922,001,1795
995.3875,995.43,68437,83544,Rhinolophus ferrumequinum,0.03,0.03,-1,Echolocation,/mnt/ubna_data_02_mir/recover-20220922/UBNA_001/20220921_090000.WAV,Telephone Field,recover-20220922,001,1795
995.4005,995.4413,68437,82401,Rhinolophus ferrumequinum,0.022,0.022,-1,Echolocation,/mnt/ubna_data_02_mir/recover-20220922/UBNA_001/20220921_090000.WAV,Telephone Field,recover-20220922,001,1795
995.4065,995.4458,68437,81559,Rhinolophus ferrumequinum,0.021,0.021,-1,Echolocation,/mnt/ubna_data_02_mir/recover-20220922/UBNA_001/20220921_090000.WAV,Telephone Field,recover-20220922,001,1795
995.4135,995.425,51250,54586,Pipistrellus pipistrellus,0.014,0.023,-1,Echolocation,/mnt/ubna_data_02_mir/recover-20220922/UBNA_001/20220921_090000.WAV,Telephone Field,recover-20220922,001,1795
995.4185,995.4278,26328,34515,Eptesicus serotinus,0.013,0.029,-1,Echolocation,/mnt/ubna_data_02_mir/recover-20220922/UBNA_001/20220921_090000.WAV,Telephone Field,recover-20220922,001,1795
995.4215,995.4626,68437,82725,Rhinolophus ferrumequinum,0.029,0.029,-1,Echolocation,/mnt/ubna_data_02_mir/recover-20220922/UBNA_001/20220921_090000.WAV,Telephone Field,recover-20220922,001,1795
995.4415,995.4815,68437,82789,Rhinolophus ferrumequinum,0.023,0.023,-1,Echolocation,/mnt/ubna_data_02_mir/recover-20220922/UBNA_001/20220921_090000.WAV,Telephone Field,recover-20220922,001,1795
995.4695,995.5069,68437,81735,Rhinolophus ferrumequinum,0.021,0.021,-1,Echolocation,/mnt/ubna_data_02_mir/recover-20220922/UBNA_001/20220921_090000.WAV,Telephone Field,recover-20220922,001,1795
995.4705,995.481,24609,31569,Nyctalus leisleri,0.01,0.026,-1,Echolocation,/mnt/ubna_data_02_mir/recover-20220922/UBNA_001/20220921_090000.WAV,Telephone Field,recover-20220922,001,1795
995.4945,995.535,68437,81894,Rhinolophus ferrumequinum,0.025,0.025,-1,Echolocation,/mnt/ubna_data_02_mir/recover-20220922/UBNA_001/20220921_090000.WAV,Telephone Field,recover-20220922,001,1795
995.5005,995.5421,68437,82775,Rhinolophus ferrumequinum,0.024,0.024,-1,Echolocation,/mnt/ubna_data_02_mir/recover-20220922/UBNA_001/20220921_090000.WAV,Telephone Field,recover-20220922,001,1795
995.5285,995.5453,22890,26222,Nyctalus leisleri,0.069,0.131,-1,Echolocation,/mnt/ubna_data_02_mir/recover-20220922/UBNA_001/20220921_090000.WAV,Telephone Field,recover-20220922,001,1795
995.5375,995.5754,68437,81791,Rhinolophus ferrumequinum,0.025,0.025,-1,Echolocation,/mnt/ubna_data_02_mir/recover-20220922/UBNA_001/20220921_090000.WAV,Telephone Field,recover-20220922,001,1795
995.5605,995.569,48671,57704,Pipistrellus pipistrellus,0.018,0.021,-1,Echolocation,/mnt/ubna_data_02_mir/recover-20220922/UBNA_001/20220921_090000.WAV,Telephone Field,recover-20220922,001,1795
995.5755,995.62,68437,83480,Rhinolophus ferrumequinum,0.048,0.048,-1,Echolocation,/mnt/ubna_data_02_mir/recover-20220922/UBNA_001/20220921_090000.WAV,Telephone Field,recover-20220922,001,1795
995.6155,995.6525,68437,81581,Rhinolophus ferrumequinum,0.026,0.027,-1,Echolocation,/mnt/ubna_data_02_mir/recover-20220922/UBNA_001/20220921_090000.WAV,Telephone Field,recover-20220922,001,1795
995.7035,995.7105,49531,54497,Pipistrellus pipistrellus,0.02,0.023,-1,Echolocation,/mnt/ubna_data_02_mir/recover-20220922/UBNA_001/20220921_090000.WAV,Telephone Field,recover-20220922,001,1795
995.7065,995.7145,27187,39432,Eptesicus serotinus,0.007,0.022,-1,Echolocation,/mnt/ubna_data_02_mir/recover-20220922/UBNA_001/20220921_090000.WAV,Telephone Field,recover-20220922,001,1795
995.7095,995.7194,22031,27654,Nyctalus leisleri,0.008,0.023,-1,Echolocation,/mnt/ubna_data_02_mir/recover-20220922/UBNA_001/20220921_090000.WAV,Telephone Field,recover-20220922,001,1795
995.7115,995.7552,68437,83231,Rhinolophus ferrumequinum,0.036,0.036,-1,Echolocation,/mnt/ubna_data_02_mir/recover-20220922/UBNA_001/20220921_090000.WAV,Telephone Field,recover-20220922,001,1795
995.7555,995.7955,68437,82639,Rhinolophus ferrumequinum,0.027,0.027,-1,Echolocation,/mnt/ubna_data_02_mir/recover-20220922/UBNA_001/20220921_090000.WAV,Telephone Field,recover-20220922,001,1795
995.7765,995.8132,68437,81776,Rhinolophus ferrumequinum,0.022,0.022,-1,Echolocation,/mnt/ubna_data_02_mir/recover-20220922/UBNA_001/20220921_090000.WAV,Telephone Field,recover-20220922,001,1795
995.7825,995.7911,28046,39484,Eptesicus serotinus,0.007,0.022,-1,Echolocation,/mnt/ubna_data_02_mir/recover-20220922/UBNA_001/20220921_090000.WAV,Telephone Field,recover-20220922,001,1795
995.8065,995.8497,68437,83219,Rhinolophus ferrumequinum,0.022,0.022,-1,Echolocation,/mnt/ubna_data_02_mir/recover-20220922/UBNA_001/20220921_090000.WAV,Telephone Field,recover-20220922,001,1795
995.8305,995.8641,68437,80925,Rhinolophus ferrumequinum,0.025,0.026,-1,Echolocation,/mnt/ubna_data_02_mir/recover-20220922/UBNA_001/20220921_090000.WAV,Telephone Field,recover-20220922,001,1795
995.8445,995.8819,68437,81591,Rhinolophus ferrumequinum,0.02,0.02,-1,Echolocation,/mnt/ubna_data_02_mir/recover-20220922/UBNA_001/20220921_090000.WAV,Telephone Field,recover-20220922,001,1795
995.8655,995.9059,68437,82750,Rhinolophus ferrumequinum,0.022,0.022,-1,Echolocation,/mnt/ubna_data_02_mir/recover-20220922/UBNA_001/20220921_090000.WAV,Telephone Field,recover-20220922,001,1795
995.8665,995.8731,27187,39560,Eptesicus serotinus,0.005,0.023,-1,Echolocation,/mnt/ubna_data_02_mir/recover-20220922/UBNA_001/20220921_090000.WAV,Telephone Field,recover-20220922,001,1795
995.8815,995.9229,68437,83006,Rhinolophus ferrumequinum,0.023,0.023,-1,Echolocation,/mnt/ubna_data_02_mir/recover-20220922/UBNA_001/20220921_090000.WAV,Telephone Field,recover-20220922,001,1795
995.9075,995.9431,68437,81037,Rhinolophus ferrumequinum,0.023,0.023,-1,Echolocation,/mnt/ubna_data_02_mir/recover-20220922/UBNA_001/20220921_090000.WAV,Telephone Field,recover-20220922,001,1795
995.9205,995.9611,68437,82510,Rhinolophus ferrumequinum,0.02,0.02,-1,Echolocation,/mnt/ubna_data_02_mir/recover-20220922/UBNA_001/20220921_090000.WAV,Telephone Field,recover-20220922,001,1795
995.9265,995.9365,22890,28402,Nyctalus leisleri,0.011,0.025,-1,Echolocation,/mnt/ubna_data_02_mir/recover-20220922/UBNA_001/20220921_090000.WAV,Telephone Field,recover-20220922,001,1795
995.9485,995.9882,68437,82423,Rhinolophus ferrumequinum,0.023,0.023,-1,Echolocation,/mnt/ubna_data_02_mir/recover-20220922/UBNA_001/20220921_090000.WAV,Telephone Field,recover-20220922,001,1795
995.9835,995.9945,22031,26840,Nyctalus leisleri,0.01,0.021,-1,Echolocation,/mnt/ubna_data_02_mir/recover-20220922/UBNA_001/20220921_090000.WAV,Telephone Field,recover-20220922,001,1795
996.0015,996.0098,46093,52002,Pipistrellus pipistrellus,0.038,0.044,-1,Echolocation,/mnt/ubna_data_02_mir/recover-20220922/UBNA_001/20220921_090000.WAV,Telephone Field,recover-20220922,001,1795
996.0015,996.0099,23750,31335,Nyctalus leisleri,0.008,0.025,-1,Echolocation,/mnt/ubna_data_02_mir/recover-20220922/UBNA_001/20220921_090000.WAV,Telephone Field,recover-20220922,001,1795
996.0015,996.0322,68437,80892,Rhinolophus ferrumequinum,0.037,0.038,-1,Echolocation,/mnt/ubna_data_02_mir/recover-20220922/UBNA_001/20220921_090000.WAV,Telephone Field,recover-20220922,001,1795
996.0135,996.0238,28906,35617,Eptesicus serotinus,0.01,0.027,-1,Echolocation,/mnt/ubna_data_02_mir/recover-20220922/UBNA_001/20220921_090000.WAV,Telephone Field,recover-20220922,001,1795
996.0275,996.0661,68437,82365,Rhinolophus ferrumequinum,0.022,0.022,-1,Echolocation,/mnt/ubna_data_02_mir/recover-20220922/UBNA_001/20220921_090000.WAV,Telephone Field,recover-20220922,001,1795
996.0605,996.0991,68437,81881,Rhinolophus ferrumequinum,0.022,0.022,-1,Echolocation,/mnt/ubna_data_02_mir/recover-20220922/UBNA_001/20220921_090000.WAV,Telephone Field,recover-20220922,001,1795
996.0695,996.0786,24609,32096,Eptesicus serotinus,0.007,0.023,-1,Echolocation,/mnt/ubna_data_02_mir/recover-20220922/UBNA_001/20220921_090000.WAV,Telephone Field,recover-20220922,001,1795
996.1115,996.1488,68437,81535,Rhinolophus ferrumequinum,0.023,0.023,-1,Echolocation,/mnt/ubna_data_02_mir/recover-20220922/UBNA_001/20220921_090000.WAV,Telephone Field,recover-20220922,001,1795
996.1265,996.1342,26328,35940,Eptesicus serotinus,0.008,0.023,-1,Echolocation,/mnt/ubna_data_02_mir/recover-20220922/UBNA_001/20220921_090000.WAV,Telephone Field,recover-20220922,001,1795
996.1395,996.172,68437,80170,Rhinolophus ferrumequinum,0.022,0.022,-1,Echolocation,/mnt/ubna_data_02_mir/recover-20220922/UBNA_001/20220921_090000.WAV,Telephone Field,recover-20220922,001,1795
996.1595,996.1969,68437,82083,Rhinolophus ferrumequinum,0.021,0.021,-1,Echolocation,/mnt/ubna_data_02_mir/recover-20220922/UBNA_001/20220921_090000.WAV,Telephone Field,recover-20220922,001,1795
996.1795,996.2238,68437,83181,Rhinolophus ferrumequinum,0.024,0.024,-1,Echolocation,/mnt/ubna_data_02_mir/recover-20220922/UBNA_001/20220921_090000.WAV,Telephone Field,recover-20220922,001,1795
996.1805,996.1895,25468,33890,Eptesicus serotinus,0.008,0.021,-1,Echolocation,/mnt/ubna_data_02_mir/recover-20220922/UBNA_001/20220921_090000.WAV,Telephone Field,recover-20220922,001,1795
996.2015,996.2415,68437,82889,Rhinolophus ferrumequinum,0.032,0.032,-1,Echolocation,/mnt/ubna_data_02_mir/recover-20220922/UBNA_001/20220921_090000.WAV,Telephone Field,recover-20220922,001,1795
996.2215,996.2632,68437,83108,Rhinolophus ferrumequinum,0.024,0.024,-1,Echolocation,/mnt/ubna_data_02_mir/recover-20220922/UBNA_001/20220921_090000.WAV,Telephone Field,recover-20220922,001,1795
996.2475,996.2849,68437,81244,Rhinolophus ferrumequinum,0.022,0.022,-1,Echolocation,/mnt/ubna_data_02_mir/recover-20220922/UBNA_001/20220921_090000.WAV,Telephone Field,recover-20220922,001,1795
996.3125,996.3519,68437,82391,Rhinolophus ferrumequinum,0.024,0.024,-1,Echolocation,/mnt/ubna_data_02_mir/recover-20220922/UBNA_001/20220921_090000.WAV,Telephone Field,recover-20220922,001,1795
996.3125,996.3227,28906,38074,Eptesicus serotinus,0.02,0.034,-1,Echolocation,/mnt/ubna_data_02_mir/recover-20220922/UBNA_001/20220921_090000.WAV,Telephone Field,recover-20220922,001,1795
996.4055,996.4155,22890,28107,Nyctalus leisleri,0.009,0.022,-1,Echolocation,/mnt/ubna_data_02_mir/recover-20220922/UBNA_001/20220921_090000.WAV,Telephone Field,recover-20220922,001,1795
996.4155,996.4259,23750,28695,Nyctalus leisleri,0.01,0.022,-1,Echolocation,/mnt/ubna_data_02_mir/recover-20220922/UBNA_001/20220921_090000.WAV,Telephone Field,recover-20220922,001,1795
996.4345,996.4468,29765,34846,Eptesicus serotinus,0.015,0.03,-1,Echolocation,/mnt/ubna_data_02_mir/recover-20220922/UBNA_001/20220921_090000.WAV,Telephone Field,recover-20220922,001,1795
996.4585,996.4975,68437,81741,Rhinolophus ferrumequinum,0.022,0.022,-1,Echolocation,/mnt/ubna_data_02_mir/recover-20220922/UBNA_001/20220921_090000.WAV,Telephone Field,recover-20220922,001,1795
996.4715,996.4796,28046,38920,Eptesicus serotinus,0.008,0.022,-1,Echolocation,/mnt/ubna_data_02_mir/recover-20220922/UBNA_001/20220921_090000.WAV,Telephone Field,recover-20220922,001,1795
996.4935,996.5331,68437,82715,Rhinolophus ferrumequinum,0.024,0.024,-1,Echolocation,/mnt/ubna_data_02_mir/recover-20220922/UBNA_001/20220921_090000.WAV,Telephone Field,recover-20220922,001,1795
996.5165,996.5531,68437,81537,Rhinolophus ferrumequinum,0.025,0.025,-1,Echolocation,/mnt/ubna_data_02_mir/recover-20220922/UBNA_001/20220921_090000.WAV,Telephone Field,recover-20220922,001,1795
996.5355,996.5517,22890,26801,Nyctalus leisleri,0.016,0.026,-1,Echolocation,/mnt/ubna_data_02_mir/recover-20220922/UBNA_001/20220921_090000.WAV,Telephone Field,recover-20220922,001,1795
996.5625,996.5706,27187,39698,Eptesicus serotinus,0.009,0.026,-1,Echolocation,/mnt/ubna_data_02_mir/recover-20220922/UBNA_001/20220921_090000.WAV,Telephone Field,recover-20220922,001,1795
996.5635,996.5707,34062,43135,Myotis daubentonii,0.008,0.023,-1,Echolocation,/mnt/ubna_data_02_mir/recover-20220922/UBNA_001/20220921_090000.WAV,Telephone Field,recover-20220922,001,1795
996.5705,996.5804,25468,32782,Eptesicus serotinus,0.009,0.027,-1,Echolocation,/mnt/ubna_data_02_mir/recover-20220922/UBNA_001/20220921_090000.WAV,Telephone Field,recover-20220922,001,1795
996.5835,996.5958,23750,29261,Nyctalus leisleri,0.017,0.037,-1,Echolocation,/mnt/ubna_data_02_mir/recover-20220922/UBNA_001/20220921_090000.WAV,Telephone Field,recover-20220922,001,1795
996.6085,996.6216,22890,27260,Nyctalus leisleri,0.012,0.022,-1,Echolocation,/mnt/ubna_data_02_mir/recover-20220922/UBNA_001/20220921_090000.WAV,Telephone Field,recover-20220922,001,1795
996.6235,996.6609,68437,81143,Rhinolophus ferrumequinum,0.021,0.021,-1,Echolocation,/mnt/ubna_data_02_mir/recover-20220922/UBNA_001/20220921_090000.WAV,Telephone Field,recover-20220922,001,1795
996.6505,996.6908,68437,82235,Rhinolophus ferrumequinum,0.025,0.025,-1,Echolocation,/mnt/ubna_data_02_mir/recover-20220922/UBNA_001/20220921_090000.WAV,Telephone Field,recover-20220922,001,1795
996.6705,996.7075,68437,81468,Rhinolophus ferrumequinum,0.022,0.022,-1,Echolocation,/mnt/ubna_data_02_mir/recover-20220922/UBNA_001/20220921_090000.WAV,Telephone Field,recover-20220922,001,1795
996.6805,996.7172,68437,81142,Rhinolophus ferrumequinum,0.025,0.025,-1,Echolocation,/mnt/ubna_data_02_mir/recover-20220922/UBNA_001/20220921_090000.WAV,Telephone Field,recover-20220922,001,1795
996.6985,996.7087,28906,37233,Eptesicus serotinus,0.009,0.021,-1,Echolocation,/mnt/ubna_data_02_mir/recover-20220922/UBNA_001/20220921_090000.WAV,Telephone Field,recover-20220922,001,1795
996.7065,996.7152,28906,37102,Eptesicus serotinus,0.008,0.022,-1,Echolocation,/mnt/ubna_data_02_mir/recover-20220922/UBNA_001/20220921_090000.WAV,Telephone Field,recover-20220922,001,1795
996.7085,996.7464,68437,81867,Rhinolophus ferrumequinum,0.026,0.026,-1,Echolocation,/mnt/ubna_data_02_mir/recover-20220922/UBNA_001/20220921_090000.WAV,Telephone Field,recover-20220922,001,1795
996.7215,996.7319,47812,51591,Pipistrellus pipistrellus,0.033,0.036,-1,Echolocation,/mnt/ubna_data_02_mir/recover-20220922/UBNA_001/20220921_090000.WAV,Telephone Field,recover-20220922,001,1795
996.7415,996.7794,68437,81348,Rhinolophus ferrumequinum,0.024,0.024,-1,Echolocation,/mnt/ubna_data_02_mir/recover-20220922/UBNA_001/20220921_090000.WAV,Telephone Field,recover-20220922,001,1795
996.7475,996.7574,22890,28583,Nyctalus leisleri,0.008,0.022,-1,Echolocation,/mnt/ubna_data_02_mir/recover-20220922/UBNA_001/20220921_090000.WAV,Telephone Field,recover-20220922,001,1795
996.7495,996.7879,68437,81832,Rhinolophus ferrumequinum,0.023,0.023,-1,Echolocation,/mnt/ubna_data_02_mir/recover-20220922/UBNA_001/20220921_090000.WAV,Telephone Field,recover-20220922,001,1795
996.8035,996.8437,68437,82229,Rhinolophus ferrumequinum,0.022,0.022,-1,Echolocation,/mnt/ubna_data_02_mir/recover-20220922/UBNA_001/20220921_090000.WAV,Telephone Field,recover-20220922,001,1795
996.8185,996.8274,28046,36466,Eptesicus serotinus,0.011,0.025,-1,Echolocation,/mnt/ubna_data_02_mir/recover-20220922/UBNA_001/20220921_090000.WAV,Telephone Field,recover-20220922,001,1795
996.8285,996.8406,58984,64576,Pipistrellus pygmaeus,0.062,0.064,-1,Echolocation,/mnt/ubna_data_02_mir/recover-20220922/UBNA_001/20220921_090000.WAV,Telephone Field,recover-20220922,001,1795
996.8985,996.9087,22031,27539,Nyctalus leisleri,0.009,0.023,-1,Echolocation,/mnt/ubna_data_02_mir/recover-20220922/UBNA_001/20220921_090000.WAV,Telephone Field,recover-20220922,001,1795
996.9065,996.9425,68437,81362,Rhinolophus ferrumequinum,0.021,0.021,-1,Echolocation,/mnt/ubna_data_02_mir/recover-20220922/UBNA_001/20220921_090000.WAV,Telephone Field,recover-20220922,001,1795
996.9325,996.9699,68437,81746,Rhinolophus ferrumequinum,0.022,0.022,-1,Echolocation,/mnt/ubna_data_02_mir/recover-20220922/UBNA_001/20220921_090000.WAV,Telephone Field,recover-20220922,001,1795
996.9655,997.0061,68437,82875,Rhinolophus ferrumequinum,0.031,0.031,-1,Echolocation,/mnt/ubna_data_02_mir/recover-20220922/UBNA_001/20220921_090000.WAV,Telephone Field,recover-20220922,001,1795
996.9975,997.0372,68437,81948,Rhinolophus ferrumequinum,0.022,0.022,-1,Echolocation,/mnt/ubna_data_02_mir/recover-20220922/UBNA_001/20220921_090000.WAV,Telephone Field,recover-20220922,001,1795
997.0095,997.0446,68437,81866,Rhinolophus ferrumequinum,0.021,0.021,-1,Echolocation,/mnt/ubna_data_02_mir/recover-20220922/UBNA_001/20220921_090000.WAV,Telephone Field,recover-20220922,001,1795
997.0145,997.052,68437,82004,Rhinolophus ferrumequinum,0.022,0.022,-1,Echolocation,/mnt/ubna_data_02_mir/recover-20220922/UBNA_001/20220921_090000.WAV,Telephone Field,recover-20220922,001,1795
997.0245,997.0313,28906,40851,Eptesicus serotinus,0.007,0.025,-1,Echolocation,/mnt/ubna_data_02_mir/recover-20220922/UBNA_001/20220921_090000.WAV,Telephone Field,recover-20220922,001,1795
997.0475,997.0884,68437,82778,Rhinolophus ferrumequinum,0.031,0.031,-1,Echolocation,/mnt/ubna_data_02_mir/recover-20220922/UBNA_001/20220921_090000.WAV,Telephone Field,recover-20220922,001,1795
997.0495,997.0559,28906,39557,Eptesicus serotinus,0.007,0.024,-1,Echolocation,/mnt/ubna_data_02_mir/recover-20220922/UBNA_001/20220921_090000.WAV,Telephone Field,recover-20220922,001,1795
997.0565,997.0992,68437,82296,Rhinolophus ferrumequinum,0.025,0.025,-1,Echolocation,/mnt/ubna_data_02_mir/recover-20220922/UBNA_001/20220921_090000.WAV,Telephone Field,recover-20220922,001,1795
997.0775,997.1148,68437,81074,Rhinolophus ferrumequinum,0.024,0.024,-1,Echolocation,/mnt/ubna_data_02_mir/recover-20220922/UBNA_001/20220921_090000.WAV,Telephone Field,recover-20220922,001,1795
997.0985,997.1099,26328,32275,Nyctalus leisleri,0.016,0.04,-1,Echolocation,/mnt/ubna_data_02_mir/recover-20220922/UBNA_001/20220921_090000.WAV,Telephone Field,recover-20220922,001,1795
997.1445,997.1833,68437,82286,Rhinolophus ferrumequinum,0.024,0.024,-1,Echolocation,/mnt/ubna_data_02_mir/recover-20220922/UBNA_001/20220921_090000.WAV,Telephone Field,recover-20220922,001,1795
997.1615,997.1732,55546,60732,Pipistrellus pygmaeus,0.021,0.022,-1,Echolocation,/mnt/ubna_data_02_mir/recover-20220922/UBNA_001/20220921_090000.WAV,Telephone Field,recover-20220922,001,1795
997.1645,997.1714,48671,54379,Pipistrellus pipistrellus,0.023,0.024,-1,Echolocation,/mnt/ubna_data_02_mir/recover-20220922/UBNA_001/20220921_090000.WAV,Telephone Field,recover-20220922,001,1795
997.1795,997.2167,68437,81427,Rhinolophus ferrumequinum,0.022,0.022,-1,Echolocation,/mnt/ubna_data_02_mir/recover-20220922/UBNA_001/20220921_090000.WAV,Telephone Field,recover-20220922,001,1795
997.2185,997.2622,68437,83194,Rhinolophus ferrumequinum,0.032,0.032,-1,Echolocation,/mnt/ubna_data_02_mir/recover-20220922/UBNA_001/20220921_090000.WAV,Telephone Field,recover-20220922,001,1795
997.2225,997.2322,24609,32840,Eptesicus serotinus,0.008,0.024,-1,Echolocation,/mnt/ubna_data_02_mir/recover-20220922/UBNA_001/20220921_090000.WAV,Telephone Field,recover-20220922,001,1795
997.2405,997.2747,68437,80661,Rhinolophus ferrumequinum,0.022,0.022,-1,Echolocation,/mnt/ubna_data_02_mir/recover-20220922/UBNA_001/20220921_090000.WAV,Telephone Field,recover-20220922,001,1795
997.2475,997.2581,28046,34961,Eptesicus serotinus,0.011,0.022,-1,Echolocation,/mnt/ubna_data_02_mir/recover-20220922/UBNA_001/20220921_090000.WAV,Telephone Field,recover-20220922,001,1795
997.2525,997.2905,68437,81822,Rhinolophus ferrumequinum,0.025,0.025,-1,Echolocation,/mnt/ubna_data_02_mir/recover-20220922/UBNA_001/20220921_090000.WAV,Telephone Field,recover-20220922,001,1795
997.2645,997.3032,68437,82112,Rhinolophus ferrumequinum,0.024,0.024,-1,Echolocation,/mnt/ubna_data_02_mir/recover-20220922/UBNA_001/20220921_090000.WAV,Telephone Field,recover-20220922,001,1795
997.2855,997.2957,28906,36457,Eptesicus serotinus,0.009,0.022,-1,Echolocation,/mnt/ubna_data_02_mir/recover-20220922/UBNA_001/20220921_090000.WAV,Telephone Field,recover-20220922,001,1795
997.2915,997.3035,22031,26425,Nyctalus leisleri,0.012,0.023,-1,Echolocation,/mnt/ubna_data_02_mir/recover-20220922/UBNA_001/20220921_090000.WAV,Telephone Field,recover-20220922,001,1795
997.3025,997.3411,68437,81993,Rhinolophus ferrumequinum,0.021,0.021,-1,Echolocation,/mnt/ubna_data_02_mir/recover-20220922/UBNA_001/20220921_090000.WAV,Telephone Field,recover-20220922,001,1795
997.3535,997.3905,68437,81546,Rhinolophus ferrumequinum,0.022,0.022,-1,Echolocation,/mnt/ubna_data_02_mir/recover-20220922/UBNA_001/20220921_090000.WAV,Telephone Field,recover-20220922,001,1795
997.3635,997.4029,68437,82815,Rhinolophus ferrumequinum,0.022,0.022,-1,Echolocation,/mnt/ubna_data_02_mir/recover-20220922/UBNA_001/20220921_090000.WAV,Telephone Field,recover-20220922,001,1795
997.3665,997.3759,28906,37193,Eptesicus serotinus,0.01,0.025,-1,Echolocation,/mnt/ubna_data_02_mir/recover-20220922/UBNA_001/20220921_090000.WAV,Telephone Field,recover-20220922,001,1795
997.4175,997.4566,68437,82380,Rhinolophus ferrumequinum,0.023,0.023,-1,Echolocation,/mnt/ubna_data_02_mir/recover-20220922/UBNA_001/20220921_090000.WAV,Telephone Field,recover-20220922,001,1795
997.4235,997.4307,28906,41839,Eptesicus serotinus,0.008,0.025,-1,Echolocation,/mnt/ubna_data_02_mir/recover-20220922/UBNA_001/20220921_090000.WAV,Telephone Field,recover-20220922,001,1795
997.4325,997.4428,28906,36581,Eptesicus serotinus,0.01,0.023,-1,Echolocation,/mnt/ubna_data_02_mir/recover-20220922/UBNA_001/20220921_090000.WAV,Telephone Field,recover-20220922,001,1795
997.4515,997.4609,28046,36835,Eptesicus serotinus,0.008,0.022,-1,Echolocation,/mnt/ubna_data_02_mir/recover-20220922/UBNA_001/20220921_090000.WAV,Telephone Field,recover-20220922,001,1795
997.4585,997.4674,28906,37393,Eptesicus serotinus,0.008,0.022,-1,Echolocation,/mnt/ubna_data_02_mir/recover-20220922/UBNA_001/20220921_090000.WAV,Telephone Field,recover-20220922,001,1795
997.4625,997.5031,68437,82285,Rhinolophus ferrumequinum,0.026,0.026,-1,Echolocation,/mnt/ubna_data_02_mir/recover-20220922/UBNA_001/20220921_090000.WAV,Telephone Field,recover-20220922,001,1795
997.4995,997.5396,68437,82329,Rhinolophus ferrumequinum,0.022,0.022,-1,Echolocation,/mnt/ubna_data_02_mir/recover-20220922/UBNA_001/20220921_090000.WAV,Telephone Field,recover-20220922,001,1795
997.5395,997.5776,68437,82125,Rhinolophus ferrumequinum,0.022,0.022,-1,Echolocation,/mnt/ubna_data_02_mir/recover-20220922/UBNA_001/20220921_090000.WAV,Telephone Field,recover-20220922,001,1795
997.5855,997.6289,68437,83315,Rhinolophus ferrumequinum,0.029,0.029,-1,Echolocation,/mnt/ubna_data_02_mir/recover-20220922/UBNA_001/20220921_090000.WAV,Telephone Field,recover-20220922,001,1795
997.6125,997.623,44375,48701,Pipistrellus pipistrellus,0.02,0.023,-1,Echolocation,/mnt/ubna_data_02_mir/recover-20220922/UBNA_001/20220921_090000.WAV,Telephone Field,recover-20220922,001,1795
997.7005,997.74,68437,82441,Rhinolophus ferrumequinum,0.023,0.023,-1,Echolocation,/mnt/ubna_data_02_mir/recover-20220922/UBNA_001/20220921_090000.WAV,Telephone Field,recover-20220922,001,1795
997.7315,997.7717,68437,82599,Rhinolophus ferrumequinum,0.021,0.021,-1,Echolocation,/mnt/ubna_data_02_mir/recover-20220922/UBNA_001/20220921_090000.WAV,Telephone Field,recover-20220922,001,1795
997.7565,997.7937,68437,81396,Rhinolophus ferrumequinum,0.022,0.022,-1,Echolocation,/mnt/ubna_data_02_mir/recover-20220922/UBNA_001/20220921_090000.WAV,Telephone Field,recover-20220922,001,1795
997.7655,997.8025,68437,81032,Rhinolophus ferrumequinum,0.022,0.022,-1,Echolocation,/mnt/ubna_data_02_mir/recover-20220922/UBNA_001/20220921_090000.WAV,Telephone Field,recover-20220922,001,1795
997.7755,997.7816,24609,35085,Plecotus austriacus,0.017,0.038,-1,Echolocation,/mnt/ubna_data_02_mir/recover-20220922/UBNA_001/20220921_090000.WAV,Telephone Field,recover-20220922,001,1795
997.8155,997.8576,68437,82853,Rhinolophus ferrumequinum,0.041,0.041,-1,Echolocation,/mnt/ubna_data_02_mir/recover-20220922/UBNA_001/20220921_090000.WAV,Telephone Field,recover-20220922,001,1795
997.8305,997.838,27187,39164,Eptesicus serotinus,0.007,0.024,-1,Echolocation,/mnt/ubna_data_02_mir/recover-20220922/UBNA_001/20220921_090000.WAV,Telephone Field,recover-20220922,001,1795
997.8625,997.9015,68437,82345,Rhinolophus ferrumequinum,0.024,0.024,-1,Echolocation,/mnt/ubna_data_02_mir/recover-20220922/UBNA_001/20220921_090000.WAV,Telephone Field,recover-20220922,001,1795
997.8795,997.9203,68437,82611,Rhinolophus ferrumequinum,0.023,0.023,-1,Echolocation,/mnt/ubna_data_02_mir/recover-20220922/UBNA_001/20220921_090000.WAV,Telephone Field,recover-20220922,001,1795
997.8945,997.935,68437,82936,Rhinolophus ferrumequinum,0.022,0.022,-1,Echolocation,/mnt/ubna_data_02_mir/recover-20220922/UBNA_001/20220921_090000.WAV,Telephone Field,recover-20220922,001,1795
997.9165,997.9276,22890,28278,Nyctalus leisleri,0.012,0.025,-1,Echolocation,/mnt/ubna_data_02_mir/recover-20220922/UBNA_001/20220921_090000.WAV,Telephone Field,recover-20220922,001,1795
997.9285,997.9386,23750,30041,Nyctalus leisleri,0.008,0.022,-1,Echolocation,/mnt/ubna_data_02_mir/recover-20220922/UBNA_001/20220921_090000.WAV,Telephone Field,recover-20220922,001,1795
997.9335,997.9742,68437,82695,Rhinolophus ferrumequinum,0.031,0.031,-1,Echolocation,/mnt/ubna_data_02_mir/recover-20220922/UBNA_001/20220921_090000.WAV,Telephone Field,recover-20220922,001,1795
997.9435,997.9818,68437,82128,Rhinolophus ferrumequinum,0.023,0.023,-1,Echolocation,/mnt/ubna_data_02_mir/recover-20220922/UBNA_001/20220921_090000.WAV,Telephone Field,recover-20220922,001,1795
997.9505,997.9861,68437,81024,Rhinolophus ferrumequinum,0.024,0.024,-1,Echolocation,/mnt/ubna_data_02_mir/recover-20220922/UBNA_001/20220921_090000.WAV,Telephone Field,recover-20220922,001,1795
997.9645,997.9756,28906,35156,Eptesicus serotinus,0.048,0.076,-1,Echolocation,/mnt/ubna_data_02_mir/recover-20220922/UBNA_001/20220921_090000.WAV,Telephone Field,recover-20220922,001,1795
998.0015,998.0093,24609,36928,Nyctalus leisleri,0.007,0.025,-1,Echolocation,/mnt/ubna_data_02_mir/recover-20220922/UBNA_001/20220921_090000.WAV,Telephone Field,recover-20220922,001,1795
998.0015,998.0144,47812,53258,Pipistrellus pipistrellus,0.016,0.021,-1,Echolocation,/mnt/ubna_data_02_mir/recover-20220922/UBNA_001/20220921_090000.WAV,Telephone Field,recover-20220922,001,1795
998.0015,998.0294,69296,82304,Rhinolophus ferrumequinum,0.032,0.032,-1,Echolocation,/mnt/ubna_data_02_mir/recover-20220922/UBNA_001/20220921_090000.WAV,Telephone Field,recover-20220922,001,1795
998.0015,998.0097,28906,41847,Eptesicus serotinus,0.007,0.025,-1,Echolocation,/mnt/ubna_data_02_mir/recover-20220922/UBNA_001/20220921_090000.WAV,Telephone Field,recover-20220922,001,1795
998.0115,998.0526,68437,82251,Rhinolophus ferrumequinum,0.021,0.021,-1,Echolocation,/mnt/ubna_data_02_mir/recover-20220922/UBNA_001/20220921_090000.WAV,Telephone Field,recover-20220922,001,1795
998.0195,998.0596,68437,82787,Rhinolophus ferrumequinum,0.023,0.023,-1,Echolocation,/mnt/ubna_data_02_mir/recover-20220922/UBNA_001/20220921_090000.WAV,Telephone Field,recover-20220922,001,1795
998.0655,998.0776,22890,27448,Nyctalus leisleri,0.014,0.025,-1,Echolocation,/mnt/ubna_data_02_mir/recover-20220922/UBNA_001/20220921_090000.WAV,Telephone Field,recover-20220922,001,1795
998.0655,998.1,68437,80975,Rhinolophus ferrumequinum,0.021,0.021,-1,Echolocation,/mnt/ubna_data_02_mir/recover-20220922/UBNA_001/20220921_090000.WAV,Telephone Field,recover-20220922,001,1795
998.1105,998.1541,68437,82995,Rhinolophus ferrumequinum,0.04,0.04,-1,Echolocation,/mnt/ubna_data_02_mir/recover-20220922/UBNA_001/20220921_090000.WAV,Telephone Field,recover-20220922,001,1795
998.1405,998.1552,23750,29249,Nyctalus leisleri,0.017,0.04,-1,Echolocation,/mnt/ubna_data_02_mir/recover-20220922/UBNA_001/20220921_090000.WAV,Telephone Field,recover-20220922,001,1795
998.1775,998.2156,68437,82347,Rhinolophus ferrumequinum,0.023,0.023,-1,Echolocation,/mnt/ubna_data_02_mir/recover-20220922/UBNA_001/20220921_090000.WAV,Telephone Field,recover-20220922,001,1795
998.1865,998.1971,22890,28082,Nyctalus leisleri,0.009,0.021,-1,Echolocation,/mnt/ubna_data_02_mir/recover-20220922/UBNA_001/20220921_090000.WAV,Telephone Field,recover-20220922,001,1795
998.2035,998.2406,68437,81774,Rhinolophus ferrumequinum,0.029,0.029,-1,Echolocation,/mnt/ubna_data_02_mir/recover-20220922/UBNA_001/20220921_090000.WAV,Telephone Field,recover-20220922,001,1795
998.2155,998.2519,68437,82289,Rhinolophus ferrumequinum,0.023,0.023,-1,Echolocation,/mnt/ubna_data_02_mir/recover-20220922/UBNA_001/20220921_090000.WAV,Telephone Field,recover-20220922,001,1795
998.2405,998.25,28046,40126,Eptesicus serotinus,0.008,0.02,-1,Echolocation,/mnt/ubna_data_02_mir/recover-20220922/UBNA_001/20220921_090000.WAV,Telephone Field,recover-20220922,001,1795
998.2475,998.2845,68437,81901,Rhinolophus ferrumequinum,0.021,0.021,-1,Echolocation,/mnt/ubna_data_02_mir/recover-20220922/UBNA_001/20220921_090000.WAV,Telephone Field,recover-20220922,001,1795
998.2545,998.2932,68437,82940,Rhinolophus ferrumequinum,0.021,0.021,-1,Echolocation,/mnt/ubna_data_02_mir/recover-20220922/UBNA_001/20220921_090000.WAV,Telephone Field,recover-20220922,001,1795
998.2745,998.311,68437,81041,Rhinolophus ferrumequinum,0.023,0.023,-1,Echolocation,/mnt/ubna_data_02_mir/recover-20220922/UBNA_001/20220921_090000.WAV,Telephone Field,recover-20220922,001,1795
998.3135,998.3213,29765,40709,Eptesicus serotinus,0.006,0.024,-1,Echolocation,/mnt/ubna_data_02_mir/recover-20220922/UBNA_001/20220921_090000.WAV,Telephone Field,recover-20220922,001,1795
998.3135,998.3214,23750,31879,Plecotus austriacus,0.009,0.022,-1,Echolocation,/mnt/ubna_data_02_mir/recover-20220922/UBNA_001/20220921_090000.WAV,Telephone Field,recover-20220922,001,1795
998.3265,998.3647,68437,81879,Rhinolophus ferrumequinum,0.022,0.022,-1,Echolocation,/mnt/ubna_data_02_mir/recover-20220922/UBNA_001/20220921_090000.WAV,Telephone Field,recover-20220922,001,1795
998.3415,998.3799,68437,81802,Rhinolophus ferrumequinum,0.021,0.021,-1,Echolocation,/mnt/ubna_data_02_mir/recover-20220922/UBNA_001/20220921_090000.WAV,Telephone Field,recover-20220922,001,1795
998.3555,998.3957,68437,82141,Rhinolophus ferrumequinum,0.021,0.021,-1,Echolocation,/mnt/ubna_data_02_mir/recover-20220922/UBNA_001/20220921_090000.WAV,Telephone Field,recover-20220922,001,1795
998.3745,998.3855,22890,27624,Nyctalus leisleri,0.014,0.026,-1,Echolocation,/mnt/ubna_data_02_mir/recover-20220922/UBNA_001/20220921_090000.WAV,Telephone Field,recover-20220922,001,1795
998.3805,998.4188,68437,81979,Rhinolophus ferrumequinum,0.02,0.02,-1,Echolocation,/mnt/ubna_data_02_mir/recover-20220922/UBNA_001/20220921_090000.WAV,Telephone Field,recover-20220922,001,1795
998.4045,998.4434,68437,82449,Rhinolophus ferrumequinum,0.021,0.021,-1,Echolocation,/mnt/ubna_data_02_mir/recover-20220922/UBNA_001/20220921_090000.WAV,Telephone Field,recover-20220922,001,1795
998.4275,998.4353,24609,32844,Plecotus austriacus,0.006,0.02,-1,Echolocation,/mnt/ubna_data_02_mir/recover-20220922/UBNA_001/20220921_090000.WAV,Telephone Field,recover-20220922,001,1795
998.4365,998.4764,68437,82107,Rhinolophus ferrumequinum,0.021,0.021,-1,Echolocation,/mnt/ubna_data_02_mir/recover-20220922/UBNA_001/20220921_090000.WAV,Telephone Field,recover-20220922,001,1795
998.4625,998.5015,68437,82243,Rhinolophus ferrumequinum,0.021,0.021,-1,Echolocation,/mnt/ubna_data_02_mir/recover-20220922/UBNA_001/20220921_090000.WAV,Telephone Field,recover-20220922,001,1795
998.4645,998.4727,28046,37833,Eptesicus serotinus,0.008,0.021,-1,Echolocation,/mnt/ubna_data_02_mir/recover-20220922/UBNA_001/20220921_090000.WAV,Telephone Field,recover-20220922,001,1795
998.4775,998.4869,28906,36926,Eptesicus serotinus,0.009,0.022,-1,Echolocation,/mnt/ubna_data_02_mir/recover-20220922/UBNA_001/20220921_090000.WAV,Telephone Field,recover-20220922,001,1795
998.4935,998.536,68437,82911,Rhinolophus ferrumequinum,0.025,0.025,-1,Echolocation,/mnt/ubna_data_02_mir/recover-20220922/UBNA_001/20220921_090000.WAV,Telephone Field,recover-20220922,001,1795
998.5055,998.5458,68437,83027,Rhinolophus ferrumequinum,0.025,0.025,-1,Echolocation,/mnt/ubna_data_02_mir/recover-20220922/UBNA_001/20220921_090000.WAV,Telephone Field,recover-20220922,001,1795
998.5595,998.598,68437,81603,Rhinolophus ferrumequinum,0.023,0.023,-1,Echolocation,/mnt/ubna_data_02_mir/recover-20220922/UBNA_001/20220921_090000.WAV,Telephone Field,recover-20220922,001,1795
998.5695,998.5768,25468,35246,Eptesicus serotinus,0.006,0.024,-1,Echolocation,/mnt/ubna_data_02_mir/recover-20220922/UBNA_001/20220921_090000.WAV,Telephone Field,recover-20220922,001,1795
998.5995,998.6096,45234,50227,Pipistrellus pipistrellus,0.023,0.026,-1,Echolocation,/mnt/ubna_data_02_mir/recover-20220922/UBNA_001/20220921_090000.WAV,Telephone Field,recover-20220922,001,1795
998.6245,998.6351,51250,56435,Pipistrellus pipistrellus,0.016,0.02,-1,Echolocation,/mnt/ubna_data_02_mir/recover-20220922/UBNA_001/20220921_090000.WAV,Telephone Field,recover-20220922,001,1795
998.6385,998.6759,68437,82207,Rhinolophus ferrumequinum,0.02,0.02,-1,Echolocation,/mnt/ubna_data_02_mir/recover-20220922/UBNA_001/20220921_090000.WAV,Telephone Field,recover-20220922,001,1795
998.6495,998.6877,68437,81912,Rhinolophus ferrumequinum,0.02,0.02,-1,Echolocation,/mnt/ubna_data_02_mir/recover-20220922/UBNA_001/20220921_090000.WAV,Telephone Field,recover-20220922,001,1795
998.6535,998.6612,27187,35959,Eptesicus serotinus,0.009,0.025,-1,Echolocation,/mnt/ubna_data_02_mir/recover-20220922/UBNA_001/20220921_090000.WAV,Telephone Field,recover-20220922,001,1795
998.6755,998.6836,28046,39619,Eptesicus serotinus,0.007,0.02,-1,Echolocation,/mnt/ubna_data_02_mir/recover-20220922/UBNA_001/20220921_090000.WAV,Telephone Field,recover-20220922,001,1795
998.6795,998.7179,68437,82115,Rhinolophus ferrumequinum,0.022,0.022,-1,Echolocation,/mnt/ubna_data_02_mir/recover-20220922/UBNA_001/20220921_090000.WAV,Telephone Field,recover-20220922,001,1795
998.6875,998.7247,68437,81364,Rhinolophus ferrumequinum,0.02,0.02,-1,Echolocation,/mnt/ubna_data_02_mir/recover-20220922/UBNA_001/20220921_090000.WAV,Telephone Field,recover-20220922,001,1795
998.6975,998.7102,14296,19088,Nyctalus noctula,0.013,0.022,-1,Echolocation,/mnt/ubna_data_02_mir/recover-20220922/UBNA_001/20220921_090000.WAV,Telephone Field,recover-20220922,001,1795
998.7155,998.7248,28046,36866,Eptesicus serotinus,0.01,0.025,-1,Echolocation,/mnt/ubna_data_02_mir/recover-20220922/UBNA_001/20220921_090000.WAV,Telephone Field,recover-20220922,001,1795
998.7635,998.8058,68437,83059,Rhinolophus ferrumequinum,0.029,0.029,-1,Echolocation,/mnt/ubna_data_02_mir/recover-20220922/UBNA_001/20220921_090000.WAV,Telephone Field,recover-20220922,001,1795
998.7685,998.7781,24609,32157,Eptesicus serotinus,0.009,0.025,-1,Echolocation,/mnt/ubna_data_02_mir/recover-20220922/UBNA_001/20220921_090000.WAV,Telephone Field,recover-20220922,001,1795
998.7905,998.831,68437,82168,Rhinolophus ferrumequinum,0.02,0.02,-1,Echolocation,/mnt/ubna_data_02_mir/recover-20220922/UBNA_001/20220921_090000.WAV,Telephone Field,recover-20220922,001,1795
998.8165,998.8561,68437,82159,Rhinolophus ferrumequinum,0.025,0.025,-1,Echolocation,/mnt/ubna_data_02_mir/recover-20220922/UBNA_001/20220921_090000.WAV,Telephone Field,recover-20220922,001,1795
998.8215,998.8306,27187,35907,Eptesicus serotinus,0.011,0.025,-1,Echolocation,/mnt/ubna_data_02_mir/recover-20220922/UBNA_001/20220921_090000.WAV,Telephone Field,recover-20220922,001,1795
998.8345,998.8744,68437,82068,Rhinolophus ferrumequinum,0.02,0.02,-1,Echolocation,/mnt/ubna_data_02_mir/recover-20220922/UBNA_001/20220921_090000.WAV,Telephone Field,recover-20220922,001,1795
998.8455,998.8816,68437,81053,Rhinolophus ferrumequinum,0.023,0.023,-1,Echolocation,/mnt/ubna_data_02_mir/recover-20220922/UBNA_001/20220921_090000.WAV,Telephone Field,recover-20220922,001,1795
998.8545,998.8656,28906,36720,Eptesicus serotinus,0.014,0.026,-1,Echolocation,/mnt/ubna_data_02_mir/recover-20220922/UBNA_001/20220921_090000.WAV,Telephone Field,recover-20220922,001,1795
998.8795,998.9196,68437,81776,Rhinolophus ferrumequinum,0.021,0.021,-1,Echolocation,/mnt/ubna_data_02_mir/recover-20220922/UBNA_001/20220921_090000.WAV,Telephone Field,recover-20220922,001,1795
998.8845,998.895,23750,30076,Nyctalus leisleri,0.008,0.021,-1,Echolocation,/mnt/ubna_data_02_mir/recover-20220922/UBNA_001/20220921_090000.WAV,Telephone Field,recover-20220922,001,1795
998.8885,998.9275,68437,82254,Rhinolophus ferrumequinum,0.021,0.021,-1,Echolocation,/mnt/ubna_data_02_mir/recover-20220922/UBNA_001/20220921_090000.WAV,Telephone Field,recover-20220922,001,1795
998.8935,998.9349,68437,82730,Rhinolophus ferrumequinum,0.021,0.021,-1,Echolocation,/mnt/ubna_data_02_mir/recover-20220922/UBNA_001/20220921_090000.WAV,Telephone Field,recover-20220922,001,1795
998.9165,998.9541,68437,82340,Rhinolophus ferrumequinum,0.02,0.02,-1,Echolocation,/mnt/ubna_data_02_mir/recover-20220922/UBNA_001/20220921_090000.WAV,Telephone Field,recover-20220922,001,1795
998.9255,998.9325,28906,40283,Eptesicus serotinus,0.009,0.03,-1,Echolocation,/mnt/ubna_data_02_mir/recover-20220922/UBNA_001/20220921_090000.WAV,Telephone Field,recover-20220922,001,1795
998.9595,998.9966,68437,80518,Rhinolophus ferrumequinum,0.022,0.022,-1,Echolocation,/mnt/ubna_data_02_mir/recover-20220922/UBNA_001/20220921_090000.WAV,Telephone Field,recover-20220922,001,1795
998.9675,999.0057,68437,81064,Rhinolophus ferrumequinum,0.022,0.022,-1,Echolocation,/mnt/ubna_data_02_mir/recover-20220922/UBNA_001/20220921_090000.WAV,Telephone Field,recover-20220922,001,1795
998.9795,999.0232,68437,82924,Rhinolophus ferrumequinum,0.027,0.027,-1,Echolocation,/mnt/ubna_data_02_mir/recover-20220922/UBNA_001/20220921_090000.WAV,Telephone Field,recover-20220922,001,1795
998.9805,998.9945,22890,28366,Nyctalus leisleri,0.015,0.034,-1,Echolocation,/mnt/ubna_data_02_mir/recover-20220922/UBNA_001/20220921_090000.WAV,Telephone Field,recover-20220922,001,1795
999.0075,999.0173,28906,37323,Eptesicus serotinus,0.011,0.025,-1,Echolocation,/mnt/ubna_data_02_mir/recover-20220922/UBNA_001/20220921_090000.WAV,Telephone Field,recover-20220922,001,1795
999.0185,999.0579,68437,82025,Rhinolophus ferrumequinum,0.021,0.021,-1,Echolocation,/mnt/ubna_data_02_mir/recover-20220922/UBNA_001/20220921_090000.WAV,Telephone Field,recover-20220922,001,1795
999.0425,999.0528,22890,28111,Nyctalus leisleri,0.009,0.021,-1,Echolocation,/mnt/ubna_data_02_mir/recover-20220922/UBNA_001/20220921_090000.WAV,Telephone Field,recover-20220922,001,1795
999.0485,999.0834,68437,81236,Rhinolophus ferrumequinum,0.02,0.02,-1,Echolocation,/mnt/ubna_data_02_mir/recover-20220922/UBNA_001/20220921_090000.WAV,Telephone Field,recover-20220922,001,1795
999.0975,999.1084,48671,52906,Pipistrellus pipistrellus,0.021,0.024,-1,Echolocation,/mnt/ubna_data_02_mir/recover-20220922/UBNA_001/20220921_090000.WAV,Telephone Field,recover-20220922,001,1795
999.1165,999.1525,68437,81676,Rhinolophus ferrumequinum,0.02,0.02,-1,Echolocation,/mnt/ubna_data_02_mir/recover-20220922/UBNA_001/20220921_090000.WAV,Telephone Field,recover-20220922,001,1795
999.1315,999.1403,28046,40092,Eptesicus serotinus,0.008,0.021,-1,Echolocation,/mnt/ubna_data_02_mir/recover-20220922/UBNA_001/20220921_090000.WAV,Telephone Field,recover-20220922,001,1795
999.1625,999.1726,28046,35871,Eptesicus serotinus,0.017,0.03,-1,Echolocation,/mnt/ubna_data_02_mir/recover-20220922/UBNA_001/20220921_090000.WAV,Telephone Field,recover-20220922,001,1795
999.1915,999.232,68437,82362,Rhinolophus ferrumequinum,0.021,0.021,-1,Echolocation,/mnt/ubna_data_02_mir/recover-20220922/UBNA_001/20220921_090000.WAV,Telephone Field,recover-20220922,001,1795
999.2015,999.2401,68437,82033,Rhinolophus ferrumequinum,0.02,0.02,-1,Echolocation,/mnt/ubna_data_02_mir/recover-20220922/UBNA_001/20220921_090000.WAV,Telephone Field,recover-20220922,001,1795
999.2325,999.2394,49531,54815,Pipistrellus pipistrellus,0.036,0.039,-1,Echolocation,/mnt/ubna_data_02_mir/recover-20220922/UBNA_001/20220921_090000.WAV,Telephone Field,recover-20220922,001,1795
999.2375,999.2757,68437,81439,Rhinolophus ferrumequinum,0.022,0.022,-1,Echolocation,/mnt/ubna_data_02_mir/recover-20220922/UBNA_001/20220921_090000.WAV,Telephone Field,recover-20220922,001,1795
999.2545,999.2922,68437,82133,Rhinolophus ferrumequinum,0.021,0.021,-1,Echolocation,/mnt/ubna_data_02_mir/recover-20220922/UBNA_001/20220921_090000.WAV,Telephone Field,recover-20220922,001,1795
999.2685,999.3109,68437,82946,Rhinolophus ferrumequinum,0.023,0.023,-1,Echolocation,/mnt/ubna_data_02_mir/recover-20220922/UBNA_001/20220921_090000.WAV,Telephone Field,recover-20220922,001,1795
999.3235,999.3641,68437,82850,Rhinolophus ferrumequinum,0.024,0.024,-1,Echolocation,/mnt/ubna_data_02_mir/recover-20220922/UBNA_001/20220921_090000.WAV,Telephone Field,recover-20220922,001,1795
999.3995,999.4395,68437,82872,Rhinolophus ferrumequinum,0.024,0.024,-1,Echolocation,/mnt/ubna_data_02_mir/recover-20220922/UBNA_001/20220921_090000.WAV,Telephone Field,recover-20220922,001,1795
999.4235,999.4644,68437,82587,Rhinolophus ferrumequinum,0.022,0.022,-1,Echolocation,/mnt/ubna_data_02_mir/recover-20220922/UBNA_001/20220921_090000.WAV,Telephone Field,recover-20220922,001,1795
999.4665,999.5067,68437,82310,Rhinolophus ferrumequinum,0.021,0.021,-1,Echolocation,/mnt/ubna_data_02_mir/recover-20220922/UBNA_001/20220921_090000.WAV,Telephone Field,recover-20220922,001,1795
999.5035,999.5116,42656,47018,Pipistrellus pipistrellus,0.017,0.02,-1,Echolocation,/mnt/ubna_data_02_mir/recover-20220922/UBNA_001/20220921_090000.WAV,Telephone Field,recover-20220922,001,1795
999.5625,999.6016,68437,81825,Rhinolophus ferrumequinum,0.024,0.024,-1,Echolocation,/mnt/ubna_data_02_mir/recover-20220922/UBNA_001/20220921_090000.WAV,Telephone Field,recover-20220922,001,1795
999.5875,999.6252,68437,81485,Rhinolophus ferrumequinum,0.021,0.021,-1,Echolocation,/mnt/ubna_data_02_mir/recover-20220922/UBNA_001/20220921_090000.WAV,Telephone Field,recover-20220922,001,1795
999.5945,999.6314,68437,81065,Rhinolophus ferrumequinum,0.02,0.02,-1,Echolocation,/mnt/ubna_data_02_mir/recover-20220922/UBNA_001/20220921_090000.WAV,Telephone Field,recover-20220922,001,1795
999.6195,999.6605,68437,82556,Rhinolophus ferrumequinum,0.022,0.022,-1,Echolocation,/mnt/ubna_data_02_mir/recover-20220922/UBNA_001/20220921_090000.WAV,Telephone Field,recover-20220922,001,1795
999.6325,999.643,22890,27889,Nyctalus leisleri,0.01,0.02,-1,Echolocation,/mnt/ubna_data_02_mir/recover-20220922/UBNA_001/20220921_090000.WAV,Telephone Field,recover-20220922,001,1795
999.6525,999.6922,68437,81994,Rhinolophus ferrumequinum,0.023,0.023,-1,Echolocation,/mnt/ubna_data_02_mir/recover-20220922/UBNA_001/20220921_090000.WAV,Telephone Field,recover-20220922,001,1795
999.6535,999.6639,23750,29627,Nyctalus leisleri,0.014,0.031,-1,Echolocation,/mnt/ubna_data_02_mir/recover-20220922/UBNA_001/20220921_090000.WAV,Telephone Field,recover-20220922,001,1795
999.6735,999.7132,68437,82224,Rhinolophus ferrumequinum,0.02,0.02,-1,Echolocation,/mnt/ubna_data_02_mir/recover-20220922/UBNA_001/20220921_090000.WAV,Telephone Field,recover-20220922,001,1795
999.7005,999.7118,24609,30535,Nyctalus leisleri,0.011,0.024,-1,Echolocation,/mnt/ubna_data_02_mir/recover-20220922/UBNA_001/20220921_090000.WAV,Telephone Field,recover-20220922,001,1795
999.7675,999.8085,68437,83325,Rhinolophus ferrumequinum,0.027,0.027,-1,Echolocation,/mnt/ubna_data_02_mir/recover-20220922/UBNA_001/20220921_090000.WAV,Telephone Field,recover-20220922,001,1795
999.7925,999.8336,68437,82102,Rhinolophus ferrumequinum,0.021,0.021,-1,Echolocation,/mnt/ubna_data_02_mir/recover-20220922/UBNA_001/20220921_090000.WAV,Telephone Field,recover-20220922,001,1795
999.8035,999.8136,27187,34593,Eptesicus serotinus,0.011,0.023,-1,Echolocation,/mnt/ubna_data_02_mir/recover-20220922/UBNA_001/20220921_090000.WAV,Telephone Field,recover-20220922,001,1795
999.8105,999.8482,68437,81423,Rhinolophus ferrumequinum,0.021,0.021,-1,Echolocation,/mnt/ubna_data_02_mir/recover-20220922/UBNA_001/20220921_090000.WAV,Telephone Field,recover-20220922,001,1795
999.8395,999.852,22890,27728,Nyctalus leisleri,0.013,0.025,-1,Echolocation,/mnt/ubna_data_02_mir/recover-20220922/UBNA_001/20220921_090000.WAV,Telephone Field,recover-20220922,001,1795
999.8575,999.9006,68437,83449,Rhinolophus ferrumequinum,0.031,0.031,-1,Echolocation,/mnt/ubna_data_02_mir/recover-20220922/UBNA_001/20220921_090000.WAV,Telephone Field,recover-20220922,001,1795
999.8605,999.8696,28906,37659,Eptesicus serotinus,0.008,0.021,-1,Echolocation,/mnt/ubna_data_02_mir/recover-20220922/UBNA_001/20220921_090000.WAV,Telephone Field,recover-20220922,001,1795
999.8665,999.9064,68437,82796,Rhinolophus ferrumequinum,0.029,0.029,-1,Echolocation,/mnt/ubna_data_02_mir/recover-20220922/UBNA_001/20220921_090000.WAV,Telephone Field,recover-20220922,001,1795
999.8885,999.9258,68437,82122,Rhinolophus ferrumequinum,0.02,0.02,-1,Echolocation,/mnt/ubna_data_02_mir/recover-20220922/UBNA_001/20220921_090000.WAV,Telephone Field,recover-20220922,001,1795
999.9245,999.9351,28046,34399,Eptesicus serotinus,0.015,0.029,-1,Echolocation,/mnt/ubna_data_02_mir/recover-20220922/UBNA_001/20220921_090000.WAV,Telephone Field,recover-20220922,001,1795
999.9255,999.9642,68437,82031,Rhinolophus ferrumequinum,0.021,0.021,-1,Echolocation,/mnt/ubna_data_02_mir/recover-20220922/UBNA_001/20220921_090000.WAV,Telephone Field,recover-20220922,001,1795
999.9435,999.9515,26328,35449,Eptesicus serotinus,0.007,0.022,-1,Echolocation,/mnt/ubna_data_02_mir/recover-20220922/UBNA_001/20220921_090000.WAV,Telephone Field,recover-20220922,001,1795
1000.0015,1000.0099,45234,49267,Pipistrellus pipistrellus,0.021,0.028,-1,Echolocation,/mnt/ubna_data_02_mir/recover-20220922/UBNA_001/20220921_090000.WAV,Telephone Field,recover-20220922,001,1795
1000.0015,1000.0135,23750,30312,Nyctalus leisleri,0.017,0.038,-1,Echolocation,/mnt/ubna_data_02_mir/recover-20220922/UBNA_001/20220921_090000.WAV,Telephone Field,recover-20220922,001,1795
1000.0015,1000.0364,68437,80244,Rhinolophus ferrumequinum,0.038,0.039,-1,Echolocation,/mnt/ubna_data_02_mir/recover-20220922/UBNA_001/20220921_090000.WAV,Telephone Field,recover-20220922,001,1795
1000.0105,1000.0536,68437,83132,Rhinolophus ferrumequinum,0.035,0.035,-1,Echolocation,/mnt/ubna_data_02_mir/recover-20220922/UBNA_001/20220921_090000.WAV,Telephone Field,recover-20220922,001,1795
1000.0135,1000.0245,22890,28267,Nyctalus leisleri,0.01,0.022,-1,Echolocation,/mnt/ubna_data_02_mir/recover-20220922/UBNA_001/20220921_090000.WAV,Telephone Field,recover-20220922,001,1795
1000.0345,1000.0729,68437,81974,Rhinolophus ferrumequinum,0.022,0.022,-1,Echolocation,/mnt/ubna_data_02_mir/recover-20220922/UBNA_001/20220921_090000.WAV,Telephone Field,recover-20220922,001,1795
1000.0535,1000.0907,68437,82062,Rhinolophus ferrumequinum,0.025,0.025,-1,Echolocation,/mnt/ubna_data_02_mir/recover-20220922/UBNA_001/20220921_090000.WAV,Telephone Field,recover-20220922,001,1795
1000.1095,1000.148,68437,81722,Rhinolophus ferrumequinum,0.021,0.021,-1,Echolocation,/mnt/ubna_data_02_mir/recover-20220922/UBNA_001/20220921_090000.WAV,Telephone Field,recover-20220922,001,1795
1000.1585,1000.1989,68437,82343,Rhinolophus ferrumequinum,0.022,0.022,-1,Echolocation,/mnt/ubna_data_02_mir/recover-20220922/UBNA_001/20220921_090000.WAV,Telephone Field,recover-20220922,001,1795
1000.1895,1000.197,28046,37613,Eptesicus serotinus,0.01,0.028,-1,Echolocation,/mnt/ubna_data_02_mir/recover-20220922/UBNA_001/20220921_090000.WAV,Telephone Field,recover-20220922,001,1795
1000.2255,1000.268,68437,82612,Rhinolophus ferrumequinum,0.034,0.034,-1,Echolocation,/mnt/ubna_data_02_mir/recover-20220922/UBNA_001/20220921_090000.WAV,Telephone Field,recover-20220922,001,1795
1000.2305,1000.2455,22890,27610,Nyctalus leisleri,0.014,0.027,-1,Echolocation,/mnt/ubna_data_02_mir/recover-20220922/UBNA_001/20220921_090000.WAV,Telephone Field,recover-20220922,001,1795
1000.2705,1000.284,34062,39881,Pipistrellus nathusii,0.013,0.04,-1,Echolocation,/mnt/ubna_data_02_mir/recover-20220922/UBNA_001/20220921_090000.WAV,Telephone Field,recover-20220922,001,1795
1000.2855,1000.3226,68437,81350,Rhinolophus ferrumequinum,0.022,0.022,-1,Echolocation,/mnt/ubna_data_02_mir/recover-20220922/UBNA_001/20220921_090000.WAV,Telephone Field,recover-20220922,001,1795
1000.3085,1000.3443,68437,81020,Rhinolophus ferrumequinum,0.021,0.021,-1,Echolocation,/mnt/ubna_data_02_mir/recover-20220922/UBNA_001/20220921_090000.WAV,Telephone Field,recover-20220922,001,1795
1000.3175,1000.3578,68437,82094,Rhinolophus ferrumequinum,0.024,0.024,-1,Echolocation,/mnt/ubna_data_02_mir/recover-20220922/UBNA_001/20220921_090000.WAV,Telephone Field,recover-20220922,001,1795
1000.3785,1000.4164,68437,81142,Rhinolophus ferrumequinum,0.021,0.021,-1,Echolocation,/mnt/ubna_data_02_mir/recover-20220922/UBNA_001/20220921_090000.WAV,Telephone Field,recover-20220922,001,1795
1000.3865,1000.4241,68437,81190,Rhinolophus ferrumequinum,0.024,0.024,-1,Echolocation,/mnt/ubna_data_02_mir/recover-20220922/UBNA_001/20220921_090000.WAV,Telephone Field,recover-20220922,001,1795
1000.3935,1000.4324,68437,81509,Rhinolophus ferrumequinum,0.023,0.023,-1,Echolocation,/mnt/ubna_data_02_mir/recover-20220922/UBNA_001/20220921_090000.WAV,Telephone Field,recover-20220922,001,1795
1000.4075,1000.4159,26328,36377,Eptesicus serotinus,0.008,0.024,-1,Echolocation,/mnt/ubna_data_02_mir/recover-20220922/UBNA_001/20220921_090000.WAV,Telephone Field,recover-20220922,001,1795
1000.4215,1000.4584,68437,81775,Rhinolophus ferrumequinum,0.022,0.022,-1,Echolocation,/mnt/ubna_data_02_mir/recover-20220922/UBNA_001/20220921_090000.WAV,Telephone Field,recover-20220922,001,1795
1000.4425,1000.4529,22890,28326,Nyctalus leisleri,0.009,0.022,-1,Echolocation,/mnt/ubna_data_02_mir/recover-20220922/UBNA_001/20220921_090000.WAV,Telephone Field,recover-20220922,001,1795
1000.4545,1000.4934,68437,81852,Rhinolophus ferrumequinum,0.024,0.024,-1,Echolocation,/mnt/ubna_data_02_mir/recover-20220922/UBNA_001/20220921_090000.WAV,Telephone Field,recover-20220922,001,1795
1000.5275,1000.5359,28046,37672,Eptesicus serotinus,0.007,0.022,-1,Echolocation,/mnt/ubna_data_02_mir/recover-20220922/UBNA_001/20220921_090000.WAV,Telephone Field,recover-20220922,001,1795
1000.5355,1000.5755,68437,82595,Rhinolophus ferrumequinum,0.023,0.023,-1,Echolocation,/mnt/ubna_data_02_mir/recover-20220922/UBNA_001/20220921_090000.WAV,Telephone Field,recover-20220922,001,1795
1000.5435,1000.5809,68437,82285,Rhinolophus ferrumequinum,0.023,0.023,-1,Echolocation,/mnt/ubna_data_02_mir/recover-20220922/UBNA_001/20220921_090000.WAV,Telephone Field,recover-20220922,001,1795
1000.5615,1000.5688,23750,33150,Plecotus austriacus,0.01,0.024,-1,Echolocation,/mnt/ubna_data_02_mir/recover-20220922/UBNA_001/20220921_090000.WAV,Telephone Field,recover-20220922,001,1795
1000.5745,1000.5852,23750,29285,Nyctalus leisleri,0.011,0.024,-1,Echolocation,/mnt/ubna_data_02_mir/recover-20220922/UBNA_001/20220921_090000.WAV,Telephone Field,recover-20220922,001,1795
1000.5985,1000.6052999999999,27187,42389,Eptesicus serotinus,0.007,0.025,-1,Echolocation,/mnt/ubna_data_02_mir/recover-20220922/UBNA_001/20220921_090000.WAV,Telephone Field,recover-20220922,001,1795
1000.6035,1000.6457,68437,82531,Rhinolophus ferrumequinum,0.023,0.023,-1,Echolocation,/mnt/ubna_data_02_mir/recover-20220922/UBNA_001/20220921_090000.WAV,Telephone Field,recover-20220922,001,1795
1000.6175,1000.6252,22890,31376,Plecotus austriacus,0.012,0.025,-1,Echolocation,/mnt/ubna_data_02_mir/recover-20220922/UBNA_001/20220921_090000.WAV,Telephone Field,recover-20220922,001,1795
1000.6315,1000.67,68437,81626,Rhinolophus ferrumequinum,0.024,0.024,-1,Echolocation,/mnt/ubna_data_02_mir/recover-20220922/UBNA_001/20220921_090000.WAV,Telephone Field,recover-20220922,001,1795
1000.6425,1000.6546,22890,27163,Nyctalus leisleri,0.015,0.026,-1,Echolocation,/mnt/ubna_data_02_mir/recover-20220922/UBNA_001/20220921_090000.WAV,Telephone Field,recover-20220922,001,1795
1000.6435,1000.6819,68437,81811,Rhinolophus ferrumequinum,0.022,0.023,-1,Echolocation,/mnt/ubna_data_02_mir/recover-20220922/UBNA_001/20220921_090000.WAV,Telephone Field,recover-20220922,001,1795
1000.6485,1000.6677,19453,22163,Nyctalus leisleri,0.016,0.027,-1,Echolocation,/mnt/ubna_data_02_mir/recover-20220922/UBNA_001/20220921_090000.WAV,Telephone Field,recover-20220922,001,1795
1000.6855,1000.724,68437,81850,Rhinolophus ferrumequinum,0.022,0.022,-1,Echolocation,/mnt/ubna_data_02_mir/recover-20220922/UBNA_001/20220921_090000.WAV,Telephone Field,recover-20220922,001,1795
1000.7105,1000.7496,68437,81860,Rhinolophus ferrumequinum,0.021,0.022,-1,Echolocation,/mnt/ubna_data_02_mir/recover-20220922/UBNA_001/20220921_090000.WAV,Telephone Field,recover-20220922,001,1795
1000.7475,1000.7549,23750,32923,Plecotus austriacus,0.012,0.026,-1,Echolocation,/mnt/ubna_data_02_mir/recover-20220922/UBNA_001/20220921_090000.WAV,Telephone Field,recover-20220922,001,1795
1000.7845,1000.7946,44375,47819,Pipistrellus pipistrellus,0.042,0.046,-1,Echolocation,/mnt/ubna_data_02_mir/recover-20220922/UBNA_001/20220921_090000.WAV,Telephone Field,recover-20220922,001,1795
1000.7945,1000.8377,68437,82773,Rhinolophus ferrumequinum,0.027,0.027,-1,Echolocation,/mnt/ubna_data_02_mir/recover-20220922/UBNA_001/20220921_090000.WAV,Telephone Field,recover-20220922,001,1795
1000.8385,1000.857,20312,23576,Nyctalus leisleri,0.016,0.028,-1,Echolocation,/mnt/ubna_data_02_mir/recover-20220922/UBNA_001/20220921_090000.WAV,Telephone Field,recover-20220922,001,1795
1000.8455,1000.8835,68437,82457,Rhinolophus ferrumequinum,0.021,0.021,-1,Echolocation,/mnt/ubna_data_02_mir/recover-20220922/UBNA_001/20220921_090000.WAV,Telephone Field,recover-20220922,001,1795
1000.8775,1000.9151,68437,82303,Rhinolophus ferrumequinum,0.023,0.023,-1,Echolocation,/mnt/ubna_data_02_mir/recover-20220922/UBNA_001/20220921_090000.WAV,Telephone Field,recover-20220922,001,1795
1000.8835,1000.8935,22031,27412,Nyctalus leisleri,0.009,0.023,-1,Echolocation,/mnt/ubna_data_02_mir/recover-20220922/UBNA_001/20220921_090000.WAV,Telephone Field,recover-20220922,001,1795
1000.9045,1000.945,68437,82555,Rhinolophus ferrumequinum,0.024,0.024,-1,Echolocation,/mnt/ubna_data_02_mir/recover-20220922/UBNA_001/20220921_090000.WAV,Telephone Field,recover-20220922,001,1795
1000.9845,1000.9923,23750,32373,Plecotus austriacus,0.01,0.028,-1,Echolocation,/mnt/ubna_data_02_mir/recover-20220922/UBNA_001/20220921_090000.WAV,Telephone Field,recover-20220922,001,1795
1000.9915,1001.0019,22031,27592,Nyctalus leisleri,0.009,0.023,-1,Echolocation,/mnt/ubna_data_02_mir/recover-20220922/UBNA_001/20220921_090000.WAV,Telephone Field,recover-20220922,001,1795
1001.0095,1001.0463,68437,81817,Rhinolophus ferrumequinum,0.022,0.022,-1,Echolocation,/mnt/ubna_data_02_mir/recover-20220922/UBNA_001/20220921_090000.WAV,Telephone Field,recover-20220922,001,1795
1001.0545,1001.0922,68437,81839,Rhinolophus ferrumequinum,0.021,0.021,-1,Echolocation,/mnt/ubna_data_02_mir/recover-20220922/UBNA_001/20220921_090000.WAV,Telephone Field,recover-20220922,001,1795
1001.0745,1001.0839,27187,35102,Eptesicus serotinus,0.013,0.029,-1,Echolocation,/mnt/ubna_data_02_mir/recover-20220922/UBNA_001/20220921_090000.WAV,Telephone Field,recover-20220922,001,1795
1001.0825,1001.1042,19453,22028,Nyctalus leisleri,0.014,0.031,-1,Echolocation,/mnt/ubna_data_02_mir/recover-20220922/UBNA_001/20220921_090000.WAV,Telephone Field,recover-20220922,001,1795
1001.0925,1001.1129,20312,22869,Nyctalus leisleri,0.017,0.025,-1,Echolocation,/mnt/ubna_data_02_mir/recover-20220922/UBNA_001/20220921_090000.WAV,Telephone Field,recover-20220922,001,1795
1001.1185,1001.1274,28046,37648,Eptesicus serotinus,0.009,0.022,-1,Echolocation,/mnt/ubna_data_02_mir/recover-20220922/UBNA_001/20220921_090000.WAV,Telephone Field,recover-20220922,001,1795
1001.1375,1001.176,68437,81807,Rhinolophus ferrumequinum,0.025,0.025,-1,Echolocation,/mnt/ubna_data_02_mir/recover-20220922/UBNA_001/20220921_090000.WAV,Telephone Field,recover-20220922,001,1795
1001.1715,1001.2121,68437,82134,Rhinolophus ferrumequinum,0.022,0.022,-1,Echolocation,/mnt/ubna_data_02_mir/recover-20220922/UBNA_001/20220921_090000.WAV,Telephone Field,recover-20220922,001,1795
1001.2015,1001.2394,68437,81501,Rhinolophus ferrumequinum,0.022,0.022,-1,Echolocation,/mnt/ubna_data_02_mir/recover-20220922/UBNA_001/20220921_090000.WAV,Telephone Field,recover-20220922,001,1795
1001.2285,1001.2343,33203,43042,Myotis daubentonii,0.012,0.024,-1,Echolocation,/mnt/ubna_data_02_mir/recover-20220922/UBNA_001/20220921_090000.WAV,Telephone Field,recover-20220922,001,1795
1001.2285,1001.2363,27187,37918,Eptesicus serotinus,0.007,0.025,-1,Echolocation,/mnt/ubna_data_02_mir/recover-20220922/UBNA_001/20220921_090000.WAV,Telephone Field,recover-20220922,001,1795
1001.2355,1001.2737,68437,82140,Rhinolophus ferrumequinum,0.024,0.024,-1,Echolocation,/mnt/ubna_data_02_mir/recover-20220922/UBNA_001/20220921_090000.WAV,Telephone Field,recover-20220922,001,1795
1001.2965,1001.307,28906,36290,Eptesicus serotinus,0.016,0.032,-1,Echolocation,/mnt/ubna_data_02_mir/recover-20220922/UBNA_001/20220921_090000.WAV,Telephone Field,recover-20220922,001,1795
1001.2965,1001.332,68437,81696,Rhinolophus ferrumequinum,0.022,0.022,-1,Echolocation,/mnt/ubna_data_02_mir/recover-20220922/UBNA_001/20220921_090000.WAV,Telephone Field,recover-20220922,001,1795
1001.3825,1001.3913,24609,32315,Eptesicus serotinus,0.006,0.023,-1,Echolocation,/mnt/ubna_data_02_mir/recover-20220922/UBNA_001/20220921_090000.WAV,Telephone Field,recover-20220922,001,1795
1001.4035,1001.4431,68437,82179,Rhinolophus ferrumequinum,0.021,0.021,-1,Echolocation,/mnt/ubna_data_02_mir/recover-20220922/UBNA_001/20220921_090000.WAV,Telephone Field,recover-20220922,001,1795
1001.4245,1001.4666,68437,82840,Rhinolophus ferrumequinum,0.023,0.023,-1,Echolocation,/mnt/ubna_data_02_mir/recover-20220922/UBNA_001/20220921_090000.WAV,Telephone Field,recover-20220922,001,1795
1001.4445,1001.4834,68437,82327,Rhinolophus ferrumequinum,0.025,0.025,-1,Echolocation,/mnt/ubna_data_02_mir/recover-20220922/UBNA_001/20220921_090000.WAV,Telephone Field,recover-20220922,001,1795
1001.5535,1001.5929,68437,82199,Rhinolophus ferrumequinum,0.021,0.021,-1,Echolocation,/mnt/ubna_data_02_mir/recover-20220922/UBNA_001/20220921_090000.WAV,Telephone Field,recover-20220922,001,1795
1001.5555,1001.5665,23750,28025,Nyctalus leisleri,0.019,0.034,-1,Echolocation,/mnt/ubna_data_02_mir/recover-20220922/UBNA_001/20220921_090000.WAV,Telephone Field,recover-20220922,001,1795
1001.5635,1001.6029,68437,82027,Rhinolophus ferrumequinum,0.022,0.022,-1,Echolocation,/mnt/ubna_data_02_mir/recover-20220922/UBNA_001/20220921_090000.WAV,Telephone Field,recover-20220922,001,1795
1001.5755,1001.5894,22031,26157,Nyctalus leisleri,0.016,0.027,-1,Echolocation,/mnt/ubna_data_02_mir/recover-20220922/UBNA_001/20220921_090000.WAV,Telephone Field,recover-20220922,001,1795
1001.5945,1001.6344,68437,82483,Rhinolophus ferrumequinum,0.027,0.027,-1,Echolocation,/mnt/ubna_data_02_mir/recover-20220922/UBNA_001/20220921_090000.WAV,Telephone Field,recover-20220922,001,1795
1001.6045,1001.646,68437,81672,Rhinolophus ferrumequinum,0.027,0.027,-1,Echolocation,/mnt/ubna_data_02_mir/recover-20220922/UBNA_001/20220921_090000.WAV,Telephone Field,recover-20220922,001,1795
1001.6305,1001.6706,68437,82459,Rhinolophus ferrumequinum,0.022,0.022,-1,Echolocation,/mnt/ubna_data_02_mir/recover-20220922/UBNA_001/20220921_090000.WAV,Telephone Field,recover-20220922,001,1795
1001.6515,1001.6872,68437,81642,Rhinolophus ferrumequinum,0.05,0.05,-1,Echolocation,/mnt/ubna_data_02_mir/recover-20220922/UBNA_001/20220921_090000.WAV,Telephone Field,recover-20220922,001,1795
1001.6905,1001.6998,28046,38643,Eptesicus serotinus,0.008,0.023,-1,Echolocation,/mnt/ubna_data_02_mir/recover-20220922/UBNA_001/20220921_090000.WAV,Telephone Field,recover-20220922,001,1795
1001.7125,1001.7515,68437,81269,Rhinolophus ferrumequinum,0.023,0.023,-1,Echolocation,/mnt/ubna_data_02_mir/recover-20220922/UBNA_001/20220921_090000.WAV,Telephone Field,recover-20220922,001,1795
1001.7175,1001.7263,28046,38788,Eptesicus serotinus,0.009,0.023,-1,Echolocation,/mnt/ubna_data_02_mir/recover-20220922/UBNA_001/20220921_090000.WAV,Telephone Field,recover-20220922,001,1795
1001.7255,1001.7335,28046,37256,Eptesicus serotinus,0.008,0.022,-1,Echolocation,/mnt/ubna_data_02_mir/recover-20220922/UBNA_001/20220921_090000.WAV,Telephone Field,recover-20220922,001,1795
1001.7275,1001.7683,68437,82845,Rhinolophus ferrumequinum,0.026,0.026,-1,Echolocation,/mnt/ubna_data_02_mir/recover-20220922/UBNA_001/20220921_090000.WAV,Telephone Field,recover-20220922,001,1795
1001.7475,1001.7615,22031,25750,Nyctalus leisleri,0.016,0.025,-1,Echolocation,/mnt/ubna_data_02_mir/recover-20220922/UBNA_001/20220921_090000.WAV,Telephone Field,recover-20220922,001,1795
1001.8065,1001.844,68437,81640,Rhinolophus ferrumequinum,0.023,0.023,-1,Echolocation,/mnt/ubna_data_02_mir/recover-20220922/UBNA_001/20220921_090000.WAV,Telephone Field,recover-20220922,001,1795
1001.8685,1001.8796,28906,35741,Eptesicus serotinus,0.01,0.022,-1,Echolocation,/mnt/ubna_data_02_mir/recover-20220922/UBNA_001/20220921_090000.WAV,Telephone Field,recover-20220922,001,1795
1001.8975,1001.9382,68437,82650,Rhinolophus ferrumequinum,0.024,0.024,-1,Echolocation,/mnt/ubna_data_02_mir/recover-20220922/UBNA_001/20220921_090000.WAV,Telephone Field,recover-20220922,001,1795
1001.9295,1001.9714,68437,82840,Rhinolophus ferrumequinum,0.026,0.026,-1,Echolocation,/mnt/ubna_data_02_mir/recover-20220922/UBNA_001/20220921_090000.WAV,Telephone Field,recover-20220922,001,1795
1001.9795,1001.9906,23750,28824,Nyctalus leisleri,0.013,0.026,-1,Echolocation,/mnt/ubna_data_02_mir/recover-20220922/UBNA_001/20220921_090000.WAV,Telephone Field,recover-20220922,001,1795
1002.0015,1002.01,23750,31348,Nyctalus leisleri,0.007,0.024,-1,Echolocation,/mnt/ubna_data_02_mir/recover-20220922/UBNA_001/20220921_090000.WAV,Telephone Field,recover-20220922,001,1795
1002.0015,1002.0074,49531,56240,Pipistrellus pipistrellus,0.013,0.028,-1,Echolocation,/mnt/ubna_data_02_mir/recover-20220922/UBNA_001/20220921_090000.WAV,Telephone Field,recover-20220922,001,1795
1002.0015,1002.0339,69296,81764,Rhinolophus ferrumequinum,0.035,0.035,-1,Echolocation,/mnt/ubna_data_02_mir/recover-20220922/UBNA_001/20220921_090000.WAV,Telephone Field,recover-20220922,001,1795
1002.0475,1002.0843,68437,80715,Rhinolophus ferrumequinum,0.023,0.023,-1,Echolocation,/mnt/ubna_data_02_mir/recover-20220922/UBNA_001/20220921_090000.WAV,Telephone Field,recover-20220922,001,1795
1002.0545,1002.0933,68437,81161,Rhinolophus ferrumequinum,0.022,0.022,-1,Echolocation,/mnt/ubna_data_02_mir/recover-20220922/UBNA_001/20220921_090000.WAV,Telephone Field,recover-20220922,001,1795
1002.0575,1002.0649,22890,31685,Plecotus austriacus,0.018,0.032,-1,Echolocation,/mnt/ubna_data_02_mir/recover-20220922/UBNA_001/20220921_090000.WAV,Telephone Field,recover-20220922,001,1795
1002.0855,1002.0947,25468,33241,Eptesicus serotinus,0.008,0.022,-1,Echolocation,/mnt/ubna_data_02_mir/recover-20220922/UBNA_001/20220921_090000.WAV,Telephone Field,recover-20220922,001,1795
1002.0955,1002.1309,68437,81660,Rhinolophus ferrumequinum,0.022,0.022,-1,Echolocation,/mnt/ubna_data_02_mir/recover-20220922/UBNA_001/20220921_090000.WAV,Telephone Field,recover-20220922,001,1795
1002.1025,1002.1119,25468,34116,Eptesicus serotinus,0.009,0.024,-1,Echolocation,/mnt/ubna_data_02_mir/recover-20220922/UBNA_001/20220921_090000.WAV,Telephone Field,recover-20220922,001,1795
1002.1215,1002.1391,20312,23384,Nyctalus leisleri,0.015,0.024,-1,Echolocation,/mnt/ubna_data_02_mir/recover-20220922/UBNA_001/20220921_090000.WAV,Telephone Field,recover-20220922,001,1795
1002.1345,1002.1725,68437,82220,Rhinolophus ferrumequinum,0.021,0.021,-1,Echolocation,/mnt/ubna_data_02_mir/recover-20220922/UBNA_001/20220921_090000.WAV,Telephone Field,recover-20220922,001,1795
1002.2195,1002.2275,23750,31654,Plecotus austriacus,0.007,0.022,-1,Echolocation,/mnt/ubna_data_02_mir/recover-20220922/UBNA_001/20220921_090000.WAV,Telephone Field,recover-20220922,001,1795
1002.2305,1002.2688,68437,81937,Rhinolophus ferrumequinum,0.028,0.028,-1,Echolocation,/mnt/ubna_data_02_mir/recover-20220922/UBNA_001/20220921_090000.WAV,Telephone Field,recover-20220922,001,1795
1002.2355,1002.2439,28046,37847,Eptesicus serotinus,0.011,0.029,-1,Echolocation,/mnt/ubna_data_02_mir/recover-20220922/UBNA_001/20220921_090000.WAV,Telephone Field,recover-20220922,001,1795
1002.2635,1002.2725,24609,32457,Nyctalus leisleri,0.006,0.023,-1,Echolocation,/mnt/ubna_data_02_mir/recover-20220922/UBNA_001/20220921_090000.WAV,Telephone Field,recover-20220922,001,1795
1002.2875,1002.327,68437,82690,Rhinolophus ferrumequinum,0.024,0.024,-1,Echolocation,/mnt/ubna_data_02_mir/recover-20220922/UBNA_001/20220921_090000.WAV,Telephone Field,recover-20220922,001,1795
1002.2955,1002.3344,68437,82678,Rhinolophus ferrumequinum,0.025,0.025,-1,Echolocation,/mnt/ubna_data_02_mir/recover-20220922/UBNA_001/20220921_090000.WAV,Telephone Field,recover-20220922,001,1795
1002.2985,1002.3091,28906,37580,Eptesicus serotinus,0.011,0.026,-1,Echolocation,/mnt/ubna_data_02_mir/recover-20220922/UBNA_001/20220921_090000.WAV,Telephone Field,recover-20220922,001,1795
1002.3115,1002.3467,68437,80691,Rhinolophus ferrumequinum,0.029,0.029,-1,Echolocation,/mnt/ubna_data_02_mir/recover-20220922/UBNA_001/20220921_090000.WAV,Telephone Field,recover-20220922,001,1795
1002.3175,1002.3261,48671,52618,Pipistrellus pipistrellus,0.021,0.024,-1,Echolocation,/mnt/ubna_data_02_mir/recover-20220922/UBNA_001/20220921_090000.WAV,Telephone Field,recover-20220922,001,1795
1002.3355,1002.3717,68437,82194,Rhinolophus ferrumequinum,0.022,0.022,-1,Echolocation,/mnt/ubna_data_02_mir/recover-20220922/UBNA_001/20220921_090000.WAV,Telephone Field,recover-20220922,001,1795
1002.3525,1002.3924,68437,82521,Rhinolophus ferrumequinum,0.023,0.023,-1,Echolocation,/mnt/ubna_data_02_mir/recover-20220922/UBNA_001/20220921_090000.WAV,Telephone Field,recover-20220922,001,1795
1002.3775,1002.4193,68437,83140,Rhinolophus ferrumequinum,0.024,0.024,-1,Echolocation,/mnt/ubna_data_02_mir/recover-20220922/UBNA_001/20220921_090000.WAV,Telephone Field,recover-20220922,001,1795
1002.3845,1002.3925,28046,37868,Eptesicus serotinus,0.008,0.022,-1,Echolocation,/mnt/ubna_data_02_mir/recover-20220922/UBNA_001/20220921_090000.WAV,Telephone Field,recover-20220922,001,1795
1002.3945,1002.4352,68437,82415,Rhinolophus ferrumequinum,0.023,0.023,-1,Echolocation,/mnt/ubna_data_02_mir/recover-20220922/UBNA_001/20220921_090000.WAV,Telephone Field,recover-20220922,001,1795
1002.4225,1002.4625,68437,82242,Rhinolophus ferrumequinum,0.023,0.023,-1,Echolocation,/mnt/ubna_data_02_mir/recover-20220922/UBNA_001/20220921_090000.WAV,Telephone Field,recover-20220922,001,1795
1002.4305,1002.4705,68437,82337,Rhinolophus ferrumequinum,0.024,0.024,-1,Echolocation,/mnt/ubna_data_02_mir/recover-20220922/UBNA_001/20220921_090000.WAV,Telephone Field,recover-20220922,001,1795
1002.4735,1002.5131,68437,82861,Rhinolophus ferrumequinum,0.032,0.032,-1,Echolocation,/mnt/ubna_data_02_mir/recover-20220922/UBNA_001/20220921_090000.WAV,Telephone Field,recover-20220922,001,1795
1002.4905,1002.5336,68437,82977,Rhinolophus ferrumequinum,0.06,0.06,-1,Echolocation,/mnt/ubna_data_02_mir/recover-20220922/UBNA_001/20220921_090000.WAV,Telephone Field,recover-20220922,001,1795
1002.5575,1002.5943,68437,81037,Rhinolophus ferrumequinum,0.025,0.025,-1,Echolocation,/mnt/ubna_data_02_mir/recover-20220922/UBNA_001/20220921_090000.WAV,Telephone Field,recover-20220922,001,1795
1002.5635,1002.6007,68437,80803,Rhinolophus ferrumequinum,0.025,0.025,-1,Echolocation,/mnt/ubna_data_02_mir/recover-20220922/UBNA_001/20220921_090000.WAV,Telephone Field,recover-20220922,001,1795
1002.5795,1002.5882,25468,34088,Eptesicus serotinus,0.008,0.023,-1,Echolocation,/mnt/ubna_data_02_mir/recover-20220922/UBNA_001/20220921_090000.WAV,Telephone Field,recover-20220922,001,1795
1002.6465,1002.6578,28046,36368,Eptesicus serotinus,0.014,0.026,-1,Echolocation,/mnt/ubna_data_02_mir/recover-20220922/UBNA_001/20220921_090000.WAV,Telephone Field,recover-20220922,001,1795
1002.6655,1002.7072000000001,68437,82398,Rhinolophus ferrumequinum,0.023,0.023,-1,Echolocation,/mnt/ubna_data_02_mir/recover-20220922/UBNA_001/20220921_090000.WAV,Telephone Field,recover-20220922,001,1795
1002.6785,1002.6892,22890,28867,Nyctalus leisleri,0.012,0.03,-1,Echolocation,/mnt/ubna_data_02_mir/recover-20220922/UBNA_001/20220921_090000.WAV,Telephone Field,recover-20220922,001,1795
1002.7055,1002.7132,28906,38213,Eptesicus serotinus,0.006,0.022,-1,Echolocation,/mnt/ubna_data_02_mir/recover-20220922/UBNA_001/20220921_090000.WAV,Telephone Field,recover-20220922,001,1795
1002.7065,1002.7493,68437,83147,Rhinolophus ferrumequinum,0.033,0.033,-1,Echolocation,/mnt/ubna_data_02_mir/recover-20220922/UBNA_001/20220921_090000.WAV,Telephone Field,recover-20220922,001,1795
1002.8175,1002.825,26328,39871,Eptesicus serotinus,0.006,0.022,-1,Echolocation,/mnt/ubna_data_02_mir/recover-20220922/UBNA_001/20220921_090000.WAV,Telephone Field,recover-20220922,001,1795
1002.8225,1002.8607,68437,81990,Rhinolophus ferrumequinum,0.022,0.022,-1,Echolocation,/mnt/ubna_data_02_mir/recover-20220922/UBNA_001/20220921_090000.WAV,Telephone Field,recover-20220922,001,1795
1002.8835,1002.9224,68437,82192,Rhinolophus ferrumequinum,0.031,0.031,-1,Echolocation,/mnt/ubna_data_02_mir/recover-20220922/UBNA_001/20220921_090000.WAV,Telephone Field,recover-20220922,001,1795
1002.8915,1002.9334,68437,82110,Rhinolophus ferrumequinum,0.027,0.027,-1,Echolocation,/mnt/ubna_data_02_mir/recover-20220922/UBNA_001/20220921_090000.WAV,Telephone Field,recover-20220922,001,1795
1002.9095,1002.9548,68437,83903,Rhinolophus ferrumequinum,0.05,0.05,-1,Echolocation,/mnt/ubna_data_02_mir/recover-20220922/UBNA_001/20220921_090000.WAV,Telephone Field,recover-20220922,001,1795
1002.9555,1002.9926,68437,82214,Rhinolophus ferrumequinum,0.021,0.021,-1,Echolocation,/mnt/ubna_data_02_mir/recover-20220922/UBNA_001/20220921_090000.WAV,Telephone Field,recover-20220922,001,1795
1002.9635,1003.0001,68437,82037,Rhinolophus ferrumequinum,0.022,0.022,-1,Echolocation,/mnt/ubna_data_02_mir/recover-20220922/UBNA_001/20220921_090000.WAV,Telephone Field,recover-20220922,001,1795
1002.9735,1002.9813,27187,37604,Eptesicus serotinus,0.007,0.022,-1,Echolocation,/mnt/ubna_data_02_mir/recover-20220922/UBNA_001/20220921_090000.WAV,Telephone Field,recover-20220922,001,1795
1002.9885,1003.0255,68437,82183,Rhinolophus ferrumequinum,0.021,0.021,-1,Echolocation,/mnt/ubna_data_02_mir/recover-20220922/UBNA_001/20220921_090000.WAV,Telephone Field,recover-20220922,001,1795
1003.0005,1003.0115,28046,34608,Eptesicus serotinus,0.017,0.032,-1,Echolocation,/mnt/ubna_data_02_mir/recover-20220922/UBNA_001/20220921_090000.WAV,Telephone Field,recover-20220922,001,1795
1003.0605,1003.0716,14296,18672,Nyctalus noctula,0.012,0.025,-1,Echolocation,/mnt/ubna_data_02_mir/recover-20220922/UBNA_001/20220921_090000.WAV,Telephone Field,recover-20220922,001,1795
1003.0745,1003.1149,68437,82708,Rhinolophus ferrumequinum,0.022,0.022,-1,Echolocation,/mnt/ubna_data_02_mir/recover-20220922/UBNA_001/20220921_090000.WAV,Telephone Field,recover-20220922,001,1795
1003.0915,1003.1303,68437,82115,Rhinolophus ferrumequinum,0.022,0.022,-1,Echolocation,/mnt/ubna_data_02_mir/recover-20220922/UBNA_001/20220921_090000.WAV,Telephone Field,recover-20220922,001,1795
1003.1015,1003.1133,25468,30841,Nyctalus leisleri,0.012,0.028,-1,Echolocation,/mnt/ubna_data_02_mir/recover-20220922/UBNA_001/20220921_090000.WAV,Telephone Field,recover-20220922,001,1795
1003.1285,1003.1371,28046,36752,Eptesicus serotinus,0.007,0.021,-1,Echolocation,/mnt/ubna_data_02_mir/recover-20220922/UBNA_001/20220921_090000.WAV,Telephone Field,recover-20220922,001,1795
1003.1355,1003.1752,68437,82608,Rhinolophus ferrumequinum,0.022,0.022,-1,Echolocation,/mnt/ubna_data_02_mir/recover-20220922/UBNA_001/20220921_090000.WAV,Telephone Field,recover-20220922,001,1795
1003.1775,1003.1853,24609,34081,Plecotus austriacus,0.011,0.032,-1,Echolocation,/mnt/ubna_data_02_mir/recover-20220922/UBNA_001/20220921_090000.WAV,Telephone Field,recover-20220922,001,1795
1003.1875,1003.2253,68437,81846,Rhinolophus ferrumequinum,0.022,0.022,-1,Echolocation,/mnt/ubna_data_02_mir/recover-20220922/UBNA_001/20220921_090000.WAV,Telephone Field,recover-20220922,001,1795
1003.2255,1003.2655,68437,82019,Rhinolophus ferrumequinum,0.042,0.042,-1,Echolocation,/mnt/ubna_data_02_mir/recover-20220922/UBNA_001/20220921_090000.WAV,Telephone Field,recover-20220922,001,1795
1003.2525,1003.2621,28046,37306,Eptesicus serotinus,0.009,0.023,-1,Echolocation,/mnt/ubna_data_02_mir/recover-20220922/UBNA_001/20220921_090000.WAV,Telephone Field,recover-20220922,001,1795
1003.3315,1003.3422,22890,27853,Nyctalus leisleri,0.01,0.021,-1,Echolocation,/mnt/ubna_data_02_mir/recover-20220922/UBNA_001/20220921_090000.WAV,Telephone Field,recover-20220922,001,1795
1003.3465,1003.3541,28046,39456,Eptesicus serotinus,0.008,0.025,-1,Echolocation,/mnt/ubna_data_02_mir/recover-20220922/UBNA_001/20220921_090000.WAV,Telephone Field,recover-20220922,001,1795
1003.3735,1003.4119,68437,81569,Rhinolophus ferrumequinum,0.023,0.023,-1,Echolocation,/mnt/ubna_data_02_mir/recover-20220922/UBNA_001/20220921_090000.WAV,Telephone Field,recover-20220922,001,1795
1003.4065,1003.4136,32343,42515,Myotis daubentonii,0.01,0.025,-1,Echolocation,/mnt/ubna_data_02_mir/recover-20220922/UBNA_001/20220921_090000.WAV,Telephone Field,recover-20220922,001,1795
1003.4205,1003.4583,68437,81869,Rhinolophus ferrumequinum,0.027,0.027,-1,Echolocation,/mnt/ubna_data_02_mir/recover-20220922/UBNA_001/20220921_090000.WAV,Telephone Field,recover-20220922,001,1795
1003.4495,1003.4915,68437,82719,Rhinolophus ferrumequinum,0.027,0.027,-1,Echolocation,/mnt/ubna_data_02_mir/recover-20220922/UBNA_001/20220921_090000.WAV,Telephone Field,recover-20220922,001,1795
1003.5415,1003.5784,68437,81980,Rhinolophus ferrumequinum,0.021,0.021,-1,Echolocation,/mnt/ubna_data_02_mir/recover-20220922/UBNA_001/20220921_090000.WAV,Telephone Field,recover-20220922,001,1795
1003.5435,1003.5534,27187,35991,Eptesicus serotinus,0.009,0.023,-1,Echolocation,/mnt/ubna_data_02_mir/recover-20220922/UBNA_001/20220921_090000.WAV,Telephone Field,recover-20220922,001,1795
1003.5575,1003.5953,68437,81684,Rhinolophus ferrumequinum,0.024,0.024,-1,Echolocation,/mnt/ubna_data_02_mir/recover-20220922/UBNA_001/20220921_090000.WAV,Telephone Field,recover-20220922,001,1795
1003.5695,1003.5772,28906,38597,Eptesicus serotinus,0.009,0.027,-1,Echolocation,/mnt/ubna_data_02_mir/recover-20220922/UBNA_001/20220921_090000.WAV,Telephone Field,recover-20220922,001,1795
1003.5915,1003.6301,68437,81468,Rhinolophus ferrumequinum,0.024,0.024,-1,Echolocation,/mnt/ubna_data_02_mir/recover-20220922/UBNA_001/20220921_090000.WAV,Telephone Field,recover-20220922,001,1795
1003.6405,1003.6779,68437,81830,Rhinolophus ferrumequinum,0.023,0.023,-1,Echolocation,/mnt/ubna_data_02_mir/recover-20220922/UBNA_001/20220921_090000.WAV,Telephone Field,recover-20220922,001,1795
1003.6475,1003.6618,30625,35797,Eptesicus serotinus,0.013,0.026,-1,Echolocation,/mnt/ubna_data_02_mir/recover-20220922/UBNA_001/20220921_090000.WAV,Telephone Field,recover-20220922,001,1795
1003.6665,1003.6743,28046,39555,Eptesicus serotinus,0.007,0.023,-1,Echolocation,/mnt/ubna_data_02_mir/recover-20220922/UBNA_001/20220921_090000.WAV,Telephone Field,recover-20220922,001,1795
1003.6915,1003.73,68437,82506,Rhinolophus ferrumequinum,0.024,0.024,-1,Echolocation,/mnt/ubna_data_02_mir/recover-20220922/UBNA_001/20220921_090000.WAV,Telephone Field,recover-20220922,001,1795
1003.7305,1003.7679,68437,81681,Rhinolophus ferrumequinum,0.022,0.022,-1,Echolocation,/mnt/ubna_data_02_mir/recover-20220922/UBNA_001/20220921_090000.WAV,Telephone Field,recover-20220922,001,1795
1003.7375,1003.7473,28046,40387,Eptesicus serotinus,0.012,0.026,-1,Echolocation,/mnt/ubna_data_02_mir/recover-20220922/UBNA_001/20220921_090000.WAV,Telephone Field,recover-20220922,001,1795
1003.7895,1003.8005,22890,27417,Nyctalus leisleri,0.016,0.031,-1,Echolocation,/mnt/ubna_data_02_mir/recover-20220922/UBNA_001/20220921_090000.WAV,Telephone Field,recover-20220922,001,1795
1003.7985,1003.8377,68437,81704,Rhinolophus ferrumequinum,0.022,0.022,-1,Echolocation,/mnt/ubna_data_02_mir/recover-20220922/UBNA_001/20220921_090000.WAV,Telephone Field,recover-20220922,001,1795
1003.8015,1003.8093,28046,39349,Eptesicus serotinus,0.007,0.023,-1,Echolocation,/mnt/ubna_data_02_mir/recover-20220922/UBNA_001/20220921_090000.WAV,Telephone Field,recover-20220922,001,1795
1003.8035,1003.8449,68437,82399,Rhinolophus ferrumequinum,0.021,0.021,-1,Echolocation,/mnt/ubna_data_02_mir/recover-20220922/UBNA_001/20220921_090000.WAV,Telephone Field,recover-20220922,001,1795
1003.8095,1003.8478,68437,82463,Rhinolophus ferrumequinum,0.022,0.022,-1,Echolocation,/mnt/ubna_data_02_mir/recover-20220922/UBNA_001/20220921_090000.WAV,Telephone Field,recover-20220922,001,1795
1003.8445,1003.8852,68437,82653,Rhinolophus ferrumequinum,0.023,0.023,-1,Echolocation,/mnt/ubna_data_02_mir/recover-20220922/UBNA_001/20220921_090000.WAV,Telephone Field,recover-20220922,001,1795
1003.8465,1003.8554,27187,37841,Eptesicus serotinus,0.008,0.022,-1,Echolocation,/mnt/ubna_data_02_mir/recover-20220922/UBNA_001/20220921_090000.WAV,Telephone Field,recover-20220922,001,1795
1003.8795,1003.8872,27187,39342,Eptesicus serotinus,0.008,0.029,-1,Echolocation,/mnt/ubna_data_02_mir/recover-20220922/UBNA_001/20220921_090000.WAV,Telephone Field,recover-20220922,001,1795
1003.9195,1003.9572000000001,68437,81957,Rhinolophus ferrumequinum,0.022,0.022,-1,Echolocation,/mnt/ubna_data_02_mir/recover-20220922/UBNA_001/20220921_090000.WAV,Telephone Field,recover-20220922,001,1795
1003.9385,1003.9491,23750,29559,Nyctalus leisleri,0.009,0.022,-1,Echolocation,/mnt/ubna_data_02_mir/recover-20220922/UBNA_001/20220921_090000.WAV,Telephone Field,recover-20220922,001,1795
1003.9535,1003.9931,68437,82262,Rhinolophus ferrumequinum,0.025,0.025,-1,Echolocation,/mnt/ubna_data_02_mir/recover-20220922/UBNA_001/20220921_090000.WAV,Telephone Field,recover-20220922,001,1795
1003.9635,1003.972,22890,30779,Plecotus austriacus,0.009,0.024,-1,Echolocation,/mnt/ubna_data_02_mir/recover-20220922/UBNA_001/20220921_090000.WAV,Telephone Field,recover-20220922,001,1795
1004.0015,1004.0321,69296,80539,Rhinolophus ferrumequinum,0.048,0.048,-1,Echolocation,/mnt/ubna_data_02_mir/recover-20220922/UBNA_001/20220921_090000.WAV,Telephone Field,recover-20220922,001,1795
1004.0015,1004.013,22031,27705,Nyctalus leisleri,0.015,0.033,-1,Echolocation,/mnt/ubna_data_02_mir/recover-20220922/UBNA_001/20220921_090000.WAV,Telephone Field,recover-20220922,001,1795
1004.0275,1004.0372,28046,36272,Eptesicus serotinus,0.01,0.023,-1,Echolocation,/mnt/ubna_data_02_mir/recover-20220922/UBNA_001/20220921_090000.WAV,Telephone Field,recover-20220922,001,1795
1004.0315,1004.0684,68437,81610,Rhinolophus ferrumequinum,0.023,0.023,-1,Echolocation,/mnt/ubna_data_02_mir/recover-20220922/UBNA_001/20220921_090000.WAV,Telephone Field,recover-20220922,001,1795
1004.0755,1004.082,48671,54498,Pipistrellus pipistrellus,0.021,0.023,-1,Echolocation,/mnt/ubna_data_02_mir/recover-20220922/UBNA_001/20220921_090000.WAV,Telephone Field,recover-20220922,001,1795
1004.1365,1004.1461,43515,47955,Pipistrellus pipistrellus,0.02,0.026,-1,Echolocation,/mnt/ubna_data_02_mir/recover-20220922/UBNA_001/20220921_090000.WAV,Telephone Field,recover-20220922,001,1795
1004.1395,1004.1493,22890,29843,Nyctalus leisleri,0.01,0.027,-1,Echolocation,/mnt/ubna_data_02_mir/recover-20220922/UBNA_001/20220921_090000.WAV,Telephone Field,recover-20220922,001,1795
1004.1565,1004.1932,68437,82104,Rhinolophus ferrumequinum,0.022,0.022,-1,Echolocation,/mnt/ubna_data_02_mir/recover-20220922/UBNA_001/20220921_090000.WAV,Telephone Field,recover-20220922,001,1795
1004.1725,1004.211,68437,82219,Rhinolophus ferrumequinum,0.021,0.021,-1,Echolocation,/mnt/ubna_data_02_mir/recover-20220922/UBNA_001/20220921_090000.WAV,Telephone Field,recover-20220922,001,1795
1004.2105,1004.2489,68437,81916,Rhinolophus ferrumequinum,0.024,0.024,-1,Echolocation,/mnt/ubna_data_02_mir/recover-20220922/UBNA_001/20220921_090000.WAV,Telephone Field,recover-20220922,001,1795
1004.2235,1004.2576,68437,81299,Rhinolophus ferrumequinum,0.022,0.022,-1,Echolocation,/mnt/ubna_data_02_mir/recover-20220922/UBNA_001/20220921_090000.WAV,Telephone Field,recover-20220922,001,1795
1004.2455,1004.2536,43515,48344,Pipistrellus pipistrellus,0.023,0.025,-1,Echolocation,/mnt/ubna_data_02_mir/recover-20220922/UBNA_001/20220921_090000.WAV,Telephone Field,recover-20220922,001,1795
1004.2685,1004.3132,68437,83593,Rhinolophus ferrumequinum,0.041,0.041,-1,Echolocation,/mnt/ubna_data_02_mir/recover-20220922/UBNA_001/20220921_090000.WAV,Telephone Field,recover-20220922,001,1795
1004.2745,1004.2837,27187,37588,Eptesicus serotinus,0.01,0.024,-1,Echolocation,/mnt/ubna_data_02_mir/recover-20220922/UBNA_001/20220921_090000.WAV,Telephone Field,recover-20220922,001,1795
1004.3605,1004.4023,68437,82449,Rhinolophus ferrumequinum,0.025,0.025,-1,Echolocation,/mnt/ubna_data_02_mir/recover-20220922/UBNA_001/20220921_090000.WAV,Telephone Field,recover-20220922,001,1795
1004.4035,1004.45,68437,83838,Rhinolophus ferrumequinum,0.053,0.053,-1,Echolocation,/mnt/ubna_data_02_mir/recover-20220922/UBNA_001/20220921_090000.WAV,Telephone Field,recover-20220922,001,1795
1004.4195,1004.4276,27187,36746,Eptesicus serotinus,0.007,0.022,-1,Echolocation,/mnt/ubna_data_02_mir/recover-20220922/UBNA_001/20220921_090000.WAV,Telephone Field,recover-20220922,001,1795
1004.4405,1004.4799,68437,81978,Rhinolophus ferrumequinum,0.023,0.023,-1,Echolocation,/mnt/ubna_data_02_mir/recover-20220922/UBNA_001/20220921_090000.WAV,Telephone Field,recover-20220922,001,1795
1004.4495,1004.4604,34062,38750,Barbastellus barbastellus,0.01,0.03,-1,Echolocation,/mnt/ubna_data_02_mir/recover-20220922/UBNA_001/20220921_090000.WAV,Telephone Field,recover-20220922,001,1795
1004.4505,1004.4588,28906,37588,Eptesicus serotinus,0.007,0.024,-1,Echolocation,/mnt/ubna_data_02_mir/recover-20220922/UBNA_001/20220921_090000.WAV,Telephone Field,recover-20220922,001,1795
1004.4945,1004.5335,68437,82605,Rhinolophus ferrumequinum,0.022,0.022,-1,Echolocation,/mnt/ubna_data_02_mir/recover-20220922/UBNA_001/20220921_090000.WAV,Telephone Field,recover-20220922,001,1795
1004.5065,1004.5456,68437,82138,Rhinolophus ferrumequinum,0.026,0.027,-1,Echolocation,/mnt/ubna_data_02_mir/recover-20220922/UBNA_001/20220921_090000.WAV,Telephone Field,recover-20220922,001,1795
1004.5435,1004.585,68437,82534,Rhinolophus ferrumequinum,0.027,0.027,-1,Echolocation,/mnt/ubna_data_02_mir/recover-20220922/UBNA_001/20220921_090000.WAV,Telephone Field,recover-20220922,001,1795
1004.5445,1004.5532,27187,37796,Eptesicus serotinus,0.008,0.022,-1,Echolocation,/mnt/ubna_data_02_mir/recover-20220922/UBNA_001/20220921_090000.WAV,Telephone Field,recover-20220922,001,1795
1004.5545,1004.5959,68437,82832,Rhinolophus ferrumequinum,0.029,0.029,-1,Echolocation,/mnt/ubna_data_02_mir/recover-20220922/UBNA_001/20220921_090000.WAV,Telephone Field,recover-20220922,001,1795
1004.5775,1004.6185,68437,82868,Rhinolophus ferrumequinum,0.023,0.023,-1,Echolocation,/mnt/ubna_data_02_mir/recover-20220922/UBNA_001/20220921_090000.WAV,Telephone Field,recover-20220922,001,1795
1004.5965,1004.607,22031,26341,Nyctalus leisleri,0.013,0.023,-1,Echolocation,/mnt/ubna_data_02_mir/recover-20220922/UBNA_001/20220921_090000.WAV,Telephone Field,recover-20220922,001,1795
1004.6045,1004.6433,68437,82165,Rhinolophus ferrumequinum,0.022,0.022,-1,Echolocation,/mnt/ubna_data_02_mir/recover-20220922/UBNA_001/20220921_090000.WAV,Telephone Field,recover-20220922,001,1795
1004.6155,1004.6532,68437,81933,Rhinolophus ferrumequinum,0.022,0.022,-1,Echolocation,/mnt/ubna_data_02_mir/recover-20220922/UBNA_001/20220921_090000.WAV,Telephone Field,recover-20220922,001,1795
1004.6275,1004.6352,26328,34908,Eptesicus serotinus,0.008,0.024,-1,Echolocation,/mnt/ubna_data_02_mir/recover-20220922/UBNA_001/20220921_090000.WAV,Telephone Field,recover-20220922,001,1795
1004.6285,1004.6695,68437,82577,Rhinolophus ferrumequinum,0.025,0.025,-1,Echolocation,/mnt/ubna_data_02_mir/recover-20220922/UBNA_001/20220921_090000.WAV,Telephone Field,recover-20220922,001,1795
1004.6505,1004.6867,68437,81711,Rhinolophus ferrumequinum,0.022,0.022,-1,Echolocation,/mnt/ubna_data_02_mir/recover-20220922/UBNA_001/20220921_090000.WAV,Telephone Field,recover-20220922,001,1795
1004.6925,1004.7337,68437,82838,Rhinolophus ferrumequinum,0.026,0.026,-1,Echolocation,/mnt/ubna_data_02_mir/recover-20220922/UBNA_001/20220921_090000.WAV,Telephone Field,recover-20220922,001,1795
1004.7005,1004.7111,23750,29652,Nyctalus leisleri,0.009,0.022,-1,Echolocation,/mnt/ubna_data_02_mir/recover-20220922/UBNA_001/20220921_090000.WAV,Telephone Field,recover-20220922,001,1795
1004.7125,1004.722,28046,35859,Eptesicus serotinus,0.014,0.028,-1,Echolocation,/mnt/ubna_data_02_mir/recover-20220922/UBNA_001/20220921_090000.WAV,Telephone Field,recover-20220922,001,1795
1004.7235,1004.7652,68437,82472,Rhinolophus ferrumequinum,0.026,0.026,-1,Echolocation,/mnt/ubna_data_02_mir/recover-20220922/UBNA_001/20220921_090000.WAV,Telephone Field,recover-20220922,001,1795
1004.7535,1004.7626,47812,51904,Pipistrellus pipistrellus,0.025,0.027,-1,Echolocation,/mnt/ubna_data_02_mir/recover-20220922/UBNA_001/20220921_090000.WAV,Telephone Field,recover-20220922,001,1795
1004.7555,1004.7638,27187,36588,Eptesicus serotinus,0.008,0.024,-1,Echolocation,/mnt/ubna_data_02_mir/recover-20220922/UBNA_001/20220921_090000.WAV,Telephone Field,recover-20220922,001,1795
1004.7705,1004.8107,68437,82743,Rhinolophus ferrumequinum,0.024,0.024,-1,Echolocation,/mnt/ubna_data_02_mir/recover-20220922/UBNA_001/20220921_090000.WAV,Telephone Field,recover-20220922,001,1795
1004.7945,1004.833,68437,82278,Rhinolophus ferrumequinum,0.026,0.026,-1,Echolocation,/mnt/ubna_data_02_mir/recover-20220922/UBNA_001/20220921_090000.WAV,Telephone Field,recover-20220922,001,1795
1004.8295,1004.8405,22890,28375,Nyctalus leisleri,0.011,0.024,-1,Echolocation,/mnt/ubna_data_02_mir/recover-20220922/UBNA_001/20220921_090000.WAV,Telephone Field,recover-20220922,001,1795
1004.8395,1004.8784,68437,82337,Rhinolophus ferrumequinum,0.025,0.025,-1,Echolocation,/mnt/ubna_data_02_mir/recover-20220922/UBNA_001/20220921_090000.WAV,Telephone Field,recover-20220922,001,1795
1004.8615,1004.9019,68437,82483,Rhinolophus ferrumequinum,0.024,0.024,-1,Echolocation,/mnt/ubna_data_02_mir/recover-20220922/UBNA_001/20220921_090000.WAV,Telephone Field,recover-20220922,001,1795
1004.8925,1004.9283,68437,81198,Rhinolophus ferrumequinum,0.025,0.025,-1,Echolocation,/mnt/ubna_data_02_mir/recover-20220922/UBNA_001/20220921_090000.WAV,Telephone Field,recover-20220922,001,1795
1004.9095,1004.9438,68437,81305,Rhinolophus ferrumequinum,0.022,0.022,-1,Echolocation,/mnt/ubna_data_02_mir/recover-20220922/UBNA_001/20220921_090000.WAV,Telephone Field,recover-20220922,001,1795
1004.9375,1004.9787,68437,82701,Rhinolophus ferrumequinum,0.022,0.022,-1,Echolocation,/mnt/ubna_data_02_mir/recover-20220922/UBNA_001/20220921_090000.WAV,Telephone Field,recover-20220922,001,1795
1004.9395,1004.9474,27187,39456,Eptesicus serotinus,0.007,0.022,-1,Echolocation,/mnt/ubna_data_02_mir/recover-20220922/UBNA_001/20220921_090000.WAV,Telephone Field,recover-20220922,001,1795
1004.9655,1004.9737,27187,38526,Eptesicus serotinus,0.009,0.022,-1,Echolocation,/mnt/ubna_data_02_mir/recover-20220922/UBNA_001/20220921_090000.WAV,Telephone Field,recover-20220922,001,1795
1004.9845,1005.0214,68437,81877,Rhinolophus ferrumequinum,0.023,0.023,-1,Echolocation,/mnt/ubna_data_02_mir/recover-20220922/UBNA_001/20220921_090000.WAV,Telephone Field,recover-20220922,001,1795
1005.0065,1005.0445,68437,82132,Rhinolophus ferrumequinum,0.023,0.023,-1,Echolocation,/mnt/ubna_data_02_mir/recover-20220922/UBNA_001/20220921_090000.WAV,Telephone Field,recover-20220922,001,1795
1005.0225,1005.0629,68437,82737,Rhinolophus ferrumequinum,0.024,0.024,-1,Echolocation,/mnt/ubna_data_02_mir/recover-20220922/UBNA_001/20220921_090000.WAV,Telephone Field,recover-20220922,001,1795
1005.0345,1005.0751,68437,82379,Rhinolophus ferrumequinum,0.025,0.025,-1,Echolocation,/mnt/ubna_data_02_mir/recover-20220922/UBNA_001/20220921_090000.WAV,Telephone Field,recover-20220922,001,1795
1005.0415,1005.0832,68437,82442,Rhinolophus ferrumequinum,0.025,0.025,-1,Echolocation,/mnt/ubna_data_02_mir/recover-20220922/UBNA_001/20220921_090000.WAV,Telephone Field,recover-20220922,001,1795
1005.0485,1005.0892,68437,81905,Rhinolophus ferrumequinum,0.023,0.023,-1,Echolocation,/mnt/ubna_data_02_mir/recover-20220922/UBNA_001/20220921_090000.WAV,Telephone Field,recover-20220922,001,1795
1005.1265,1005.1639,68437,81895,Rhinolophus ferrumequinum,0.022,0.022,-1,Echolocation,/mnt/ubna_data_02_mir/recover-20220922/UBNA_001/20220921_090000.WAV,Telephone Field,recover-20220922,001,1795
1005.1575,1005.1981,68437,82328,Rhinolophus ferrumequinum,0.024,0.024,-1,Echolocation,/mnt/ubna_data_02_mir/recover-20220922/UBNA_001/20220921_090000.WAV,Telephone Field,recover-20220922,001,1795
1005.1695,1005.2106,68437,82414,Rhinolophus ferrumequinum,0.023,0.023,-1,Echolocation,/mnt/ubna_data_02_mir/recover-20220922/UBNA_001/20220921_090000.WAV,Telephone Field,recover-20220922,001,1795
1005.1845,1005.2236,68437,82389,Rhinolophus ferrumequinum,0.023,0.024,-1,Echolocation,/mnt/ubna_data_02_mir/recover-20220922/UBNA_001/20220921_090000.WAV,Telephone Field,recover-20220922,001,1795
1005.2085,1005.2494,68437,82407,Rhinolophus ferrumequinum,0.026,0.027,-1,Echolocation,/mnt/ubna_data_02_mir/recover-20220922/UBNA_001/20220921_090000.WAV,Telephone Field,recover-20220922,001,1795
1005.2325,1005.2714,68437,81889,Rhinolophus ferrumequinum,0.022,0.022,-1,Echolocation,/mnt/ubna_data_02_mir/recover-20220922/UBNA_001/20220921_090000.WAV,Telephone Field,recover-20220922,001,1795
1005.2535,1005.2655,23750,28651,Nyctalus leisleri,0.014,0.026,-1,Echolocation,/mnt/ubna_data_02_mir/recover-20220922/UBNA_001/20220921_090000.WAV,Telephone Field,recover-20220922,001,1795
1005.2635,1005.2717,31484,40054,Myotis daubentonii,0.008,0.024,-1,Echolocation,/mnt/ubna_data_02_mir/recover-20220922/UBNA_001/20220921_090000.WAV,Telephone Field,recover-20220922,001,1795
1005.2745,1005.316,68437,82647,Rhinolophus ferrumequinum,0.036,0.036,-1,Echolocation,/mnt/ubna_data_02_mir/recover-20220922/UBNA_001/20220921_090000.WAV,Telephone Field,recover-20220922,001,1795
1005.2965,1005.3344,68437,81580,Rhinolophus ferrumequinum,0.023,0.024,-1,Echolocation,/mnt/ubna_data_02_mir/recover-20220922/UBNA_001/20220921_090000.WAV,Telephone Field,recover-20220922,001,1795
1005.3355,1005.3775,68437,82738,Rhinolophus ferrumequinum,0.047,0.047,-1,Echolocation,/mnt/ubna_data_02_mir/recover-20220922/UBNA_001/20220921_090000.WAV,Telephone Field,recover-20220922,001,1795
1005.3435,1005.3841,68437,82971,Rhinolophus ferrumequinum,0.028,0.028,-1,Echolocation,/mnt/ubna_data_02_mir/recover-20220922/UBNA_001/20220921_090000.WAV,Telephone Field,recover-20220922,001,1795
1005.3585,1005.3664,27187,37453,Eptesicus serotinus,0.008,0.022,-1,Echolocation,/mnt/ubna_data_02_mir/recover-20220922/UBNA_001/20220921_090000.WAV,Telephone Field,recover-20220922,001,1795
1005.3795,1005.3993,20312,23063,Nyctalus leisleri,0.014,0.022,-1,Echolocation,/mnt/ubna_data_02_mir/recover-20220922/UBNA_001/20220921_090000.WAV,Telephone Field,recover-20220922,001,1795
1005.3955,1005.4358,68437,82471,Rhinolophus ferrumequinum,0.025,0.025,-1,Echolocation,/mnt/ubna_data_02_mir/recover-20220922/UBNA_001/20220921_090000.WAV,Telephone Field,recover-20220922,001,1795
1005.4145,1005.4251,28906,35330,Eptesicus serotinus,0.011,0.023,-1,Echolocation,/mnt/ubna_data_02_mir/recover-20220922/UBNA_001/20220921_090000.WAV,Telephone Field,recover-20220922,001,1795
1005.4155,1005.4538,68437,81722,Rhinolophus ferrumequinum,0.022,0.022,-1,Echolocation,/mnt/ubna_data_02_mir/recover-20220922/UBNA_001/20220921_090000.WAV,Telephone Field,recover-20220922,001,1795
1005.4385,1005.4806,68437,83053,Rhinolophus ferrumequinum,0.033,0.033,-1,Echolocation,/mnt/ubna_data_02_mir/recover-20220922/UBNA_001/20220921_090000.WAV,Telephone Field,recover-20220922,001,1795
1005.4415,1005.451,22890,28975,Nyctalus leisleri,0.009,0.024,-1,Echolocation,/mnt/ubna_data_02_mir/recover-20220922/UBNA_001/20220921_090000.WAV,Telephone Field,recover-20220922,001,1795
1005.4495,1005.4678,20312,23064,Nyctalus leisleri,0.015,0.025,-1,Echolocation,/mnt/ubna_data_02_mir/recover-20220922/UBNA_001/20220921_090000.WAV,Telephone Field,recover-20220922,001,1795
1005.4625,1005.5018,68437,82002,Rhinolophus ferrumequinum,0.024,0.024,-1,Echolocation,/mnt/ubna_data_02_mir/recover-20220922/UBNA_001/20220921_090000.WAV,Telephone Field,recover-20220922,001,1795
1005.4935,1005.5321,68437,82146,Rhinolophus ferrumequinum,0.022,0.022,-1,Echolocation,/mnt/ubna_data_02_mir/recover-20220922/UBNA_001/20220921_090000.WAV,Telephone Field,recover-20220922,001,1795
1005.5025,1005.5431,68437,82966,Rhinolophus ferrumequinum,0.025,0.025,-1,Echolocation,/mnt/ubna_data_02_mir/recover-20220922/UBNA_001/20220921_090000.WAV,Telephone Field,recover-20220922,001,1795
1005.5155,1005.5235,27187,40092,Eptesicus serotinus,0.009,0.027,-1,Echolocation,/mnt/ubna_data_02_mir/recover-20220922/UBNA_001/20220921_090000.WAV,Telephone Field,recover-20220922,001,1795
1005.5535,1005.5735,19453,22189,Nyctalus leisleri,0.011,0.024,-1,Echolocation,/mnt/ubna_data_02_mir/recover-20220922/UBNA_001/20220921_090000.WAV,Telephone Field,recover-20220922,001,1795
1005.5845,1005.6232,68437,81845,Rhinolophus ferrumequinum,0.021,0.021,-1,Echolocation,/mnt/ubna_data_02_mir/recover-20220922/UBNA_001/20220921_090000.WAV,Telephone Field,recover-20220922,001,1795
1005.5975,1005.6336,68437,81451,Rhinolophus ferrumequinum,0.022,0.022,-1,Echolocation,/mnt/ubna_data_02_mir/recover-20220922/UBNA_001/20220921_090000.WAV,Telephone Field,recover-20220922,001,1795
1005.6055,1005.6461,68437,82276,Rhinolophus ferrumequinum,0.027,0.027,-1,Echolocation,/mnt/ubna_data_02_mir/recover-20220922/UBNA_001/20220921_090000.WAV,Telephone Field,recover-20220922,001,1795
1005.6365,1005.6466,28046,36258,Eptesicus serotinus,0.011,0.025,-1,Echolocation,/mnt/ubna_data_02_mir/recover-20220922/UBNA_001/20220921_090000.WAV,Telephone Field,recover-20220922,001,1795
1005.6545,1005.6904,68437,82002,Rhinolophus ferrumequinum,0.021,0.021,-1,Echolocation,/mnt/ubna_data_02_mir/recover-20220922/UBNA_001/20220921_090000.WAV,Telephone Field,recover-20220922,001,1795
1005.6615,1005.6708,28046,38694,Eptesicus serotinus,0.009,0.022,-1,Echolocation,/mnt/ubna_data_02_mir/recover-20220922/UBNA_001/20220921_090000.WAV,Telephone Field,recover-20220922,001,1795
1005.6885,1005.6954,33203,41874,Myotis daubentonii,0.01,0.026,-1,Echolocation,/mnt/ubna_data_02_mir/recover-20220922/UBNA_001/20220921_090000.WAV,Telephone Field,recover-20220922,001,1795
1005.7055,1005.7429,68437,81940,Rhinolophus ferrumequinum,0.022,0.022,-1,Echolocation,/mnt/ubna_data_02_mir/recover-20220922/UBNA_001/20220921_090000.WAV,Telephone Field,recover-20220922,001,1795
1005.7115,1005.7211,24609,31914,Nyctalus leisleri,0.01,0.028,-1,Echolocation,/mnt/ubna_data_02_mir/recover-20220922/UBNA_001/20220921_090000.WAV,Telephone Field,recover-20220922,001,1795
1005.7795,1005.822,68437,82880,Rhinolophus ferrumequinum,0.039,0.039,-1,Echolocation,/mnt/ubna_data_02_mir/recover-20220922/UBNA_001/20220921_090000.WAV,Telephone Field,recover-20220922,001,1795
1005.7855,1005.8313,68437,83309,Rhinolophus ferrumequinum,0.035,0.035,-1,Echolocation,/mnt/ubna_data_02_mir/recover-20220922/UBNA_001/20220921_090000.WAV,Telephone Field,recover-20220922,001,1795
1005.8045,1005.8437,68437,82243,Rhinolophus ferrumequinum,0.023,0.023,-1,Echolocation,/mnt/ubna_data_02_mir/recover-20220922/UBNA_001/20220921_090000.WAV,Telephone Field,recover-20220922,001,1795
1005.8275,1005.8674,68437,82352,Rhinolophus ferrumequinum,0.027,0.027,-1,Echolocation,/mnt/ubna_data_02_mir/recover-20220922/UBNA_001/20220921_090000.WAV,Telephone Field,recover-20220922,001,1795
1005.8395,1005.8781,68437,82187,Rhinolophus ferrumequinum,0.023,0.023,-1,Echolocation,/mnt/ubna_data_02_mir/recover-20220922/UBNA_001/20220921_090000.WAV,Telephone Field,recover-20220922,001,1795
1005.8535,1005.8945,68437,82812,Rhinolophus ferrumequinum,0.025,0.025,-1,Echolocation,/mnt/ubna_data_02_mir/recover-20220922/UBNA_001/20220921_090000.WAV,Telephone Field,recover-20220922,001,1795
1005.8695,1005.8798,22031,26854,Nyctalus leisleri,0.011,0.023,-1,Echolocation,/mnt/ubna_data_02_mir/recover-20220922/UBNA_001/20220921_090000.WAV,Telephone Field,recover-20220922,001,1795
1005.8875,1005.9243,68437,80705,Rhinolophus ferrumequinum,0.021,0.021,-1,Echolocation,/mnt/ubna_data_02_mir/recover-20220922/UBNA_001/20220921_090000.WAV,Telephone Field,recover-20220922,001,1795
1005.8955,1005.903,26328,36202,Eptesicus serotinus,0.007,0.022,-1,Echolocation,/mnt/ubna_data_02_mir/recover-20220922/UBNA_001/20220921_090000.WAV,Telephone Field,recover-20220922,001,1795
1005.9015,1005.9423,68437,82172,Rhinolophus ferrumequinum,0.024,0.024,-1,Echolocation,/mnt/ubna_data_02_mir/recover-20220922/UBNA_001/20220921_090000.WAV,Telephone Field,recover-20220922,001,1795
1005.9045,1005.9131,24609,32242,Nyctalus leisleri,0.006,0.022,-1,Echolocation,/mnt/ubna_data_02_mir/recover-20220922/UBNA_001/20220921_090000.WAV,Telephone Field,recover-20220922,001,1795
1005.9285,1005.9458,17734,22207,Nyctalus noctula,0.02,0.029,-1,Echolocation,/mnt/ubna_data_02_mir/recover-20220922/UBNA_001/20220921_090000.WAV,Telephone Field,recover-20220922,001,1795
1005.9315,1005.9689,68437,81403,Rhinolophus ferrumequinum,0.022,0.023,-1,Echolocation,/mnt/ubna_data_02_mir/recover-20220922/UBNA_001/20220921_090000.WAV,Telephone Field,recover-20220922,001,1795
1005.9315,1005.9409,22890,29982,Plecotus austriacus,0.007,0.025,-1,Echolocation,/mnt/ubna_data_02_mir/recover-20220922/UBNA_001/20220921_090000.WAV,Telephone Field,recover-20220922,001,1795
1005.9485,1005.9877,68437,82496,Rhinolophus ferrumequinum,0.025,0.025,-1,Echolocation,/mnt/ubna_data_02_mir/recover-20220922/UBNA_001/20220921_090000.WAV,Telephone Field,recover-20220922,001,1795
1005.9635,1005.9978,68437,81295,Rhinolophus ferrumequinum,0.021,0.022,-1,Echolocation,/mnt/ubna_data_02_mir/recover-20220922/UBNA_001/20220921_090000.WAV,Telephone Field,recover-20220922,001,1795
1005.9715,1005.9833,24609,30169,Nyctalus leisleri,0.009,0.022,-1,Echolocation,/mnt/ubna_data_02_mir/recover-20220922/UBNA_001/20220921_090000.WAV,Telephone Field,recover-20220922,001,1795
1006.0015,1006.0107,25468,32538,Nyctalus leisleri,0.012,0.032,-1,Echolocation,/mnt/ubna_data_02_mir/recover-20220922/UBNA_001/20220921_090000.WAV,Telephone Field,recover-20220922,001,1795
1006.0015,1006.0101,47812,54346,Pipistrellus pipistrellus,0.016,0.024,-1,Echolocation,/mnt/ubna_data_02_mir/recover-20220922/UBNA_001/20220921_090000.WAV,Telephone Field,recover-20220922,001,1795
1006.0015,1006.0369,68437,79562,Rhinolophus ferrumequinum,0.035,0.035,-1,Echolocation,/mnt/ubna_data_02_mir/recover-20220922/UBNA_001/20220921_090000.WAV,Telephone Field,recover-20220922,001,1795
1006.0085,1006.0538,68437,82505,Rhinolophus ferrumequinum,0.028,0.029,-1,Echolocation,/mnt/ubna_data_02_mir/recover-20220922/UBNA_001/20220921_090000.WAV,Telephone Field,recover-20220922,001,1795
1006.0155,1006.022,28906,39933,Eptesicus serotinus,0.006,0.024,-1,Echolocation,/mnt/ubna_data_02_mir/recover-20220922/UBNA_001/20220921_090000.WAV,Telephone Field,recover-20220922,001,1795
1006.0565,1006.0924,68437,81215,Rhinolophus ferrumequinum,0.023,0.023,-1,Echolocation,/mnt/ubna_data_02_mir/recover-20220922/UBNA_001/20220921_090000.WAV,Telephone Field,recover-20220922,001,1795
1006.0775,1006.0856,28046,39148,Eptesicus serotinus,0.008,0.025,-1,Echolocation,/mnt/ubna_data_02_mir/recover-20220922/UBNA_001/20220921_090000.WAV,Telephone Field,recover-20220922,001,1795
1006.0955,1006.1363,68437,82442,Rhinolophus ferrumequinum,0.025,0.025,-1,Echolocation,/mnt/ubna_data_02_mir/recover-20220922/UBNA_001/20220921_090000.WAV,Telephone Field,recover-20220922,001,1795
1006.0965,1006.1042,28906,39226,Eptesicus serotinus,0.007,0.022,-1,Echolocation,/mnt/ubna_data_02_mir/recover-20220922/UBNA_001/20220921_090000.WAV,Telephone Field,recover-20220922,001,1795
1006.1145,1006.1539,68437,82076,Rhinolophus ferrumequinum,0.026,0.026,-1,Echolocation,/mnt/ubna_data_02_mir/recover-20220922/UBNA_001/20220921_090000.WAV,Telephone Field,recover-20220922,001,1795
1006.1525,1006.1954,68437,82821,Rhinolophus ferrumequinum,0.026,0.026,-1,Echolocation,/mnt/ubna_data_02_mir/recover-20220922/UBNA_001/20220921_090000.WAV,Telephone Field,recover-20220922,001,1795
1006.1585,1006.1685,23750,30903,Nyctalus leisleri,0.01,0.029,-1,Echolocation,/mnt/ubna_data_02_mir/recover-20220922/UBNA_001/20220921_090000.WAV,Telephone Field,recover-20220922,001,1795
1006.1775,1006.1877,28906,37197,Eptesicus serotinus,0.01,0.022,-1,Echolocation,/mnt/ubna_data_02_mir/recover-20220922/UBNA_001/20220921_090000.WAV,Telephone Field,recover-20220922,001,1795
1006.1795,1006.2162,68437,81857,Rhinolophus ferrumequinum,0.025,0.025,-1,Echolocation,/mnt/ubna_data_02_mir/recover-20220922/UBNA_001/20220921_090000.WAV,Telephone Field,recover-20220922,001,1795
1006.1985,1006.2345,68437,81590,Rhinolophus ferrumequinum,0.026,0.026,-1,Echolocation,/mnt/ubna_data_02_mir/recover-20220922/UBNA_001/20220921_090000.WAV,Telephone Field,recover-20220922,001,1795
1006.2335,1006.2732,68437,82251,Rhinolophus ferrumequinum,0.026,0.026,-1,Echolocation,/mnt/ubna_data_02_mir/recover-20220922/UBNA_001/20220921_090000.WAV,Telephone Field,recover-20220922,001,1795
1006.2445,1006.2822,68437,81740,Rhinolophus ferrumequinum,0.023,0.023,-1,Echolocation,/mnt/ubna_data_02_mir/recover-20220922/UBNA_001/20220921_090000.WAV,Telephone Field,recover-20220922,001,1795
1006.2565,1006.2988,68437,82854,Rhinolophus ferrumequinum,0.034,0.034,-1,Echolocation,/mnt/ubna_data_02_mir/recover-20220922/UBNA_001/20220921_090000.WAV,Telephone Field,recover-20220922,001,1795
1006.2785,1006.3178,68437,82418,Rhinolophus ferrumequinum,0.025,0.025,-1,Echolocation,/mnt/ubna_data_02_mir/recover-20220922/UBNA_001/20220921_090000.WAV,Telephone Field,recover-20220922,001,1795
1006.3325,1006.373,68437,81849,Rhinolophus ferrumequinum,0.03,0.03,-1,Echolocation,/mnt/ubna_data_02_mir/recover-20220922/UBNA_001/20220921_090000.WAV,Telephone Field,recover-20220922,001,1795
1006.3785,1006.417,68437,82116,Rhinolophus ferrumequinum,0.024,0.024,-1,Echolocation,/mnt/ubna_data_02_mir/recover-20220922/UBNA_001/20220921_090000.WAV,Telephone Field,recover-20220922,001,1795
1006.3885,1006.4275,68437,82244,Rhinolophus ferrumequinum,0.024,0.024,-1,Echolocation,/mnt/ubna_data_02_mir/recover-20220922/UBNA_001/20220921_090000.WAV,Telephone Field,recover-20220922,001,1795
1006.4035,1006.447,68437,82837,Rhinolophus ferrumequinum,0.036,0.036,-1,Echolocation,/mnt/ubna_data_02_mir/recover-20220922/UBNA_001/20220921_090000.WAV,Telephone Field,recover-20220922,001,1795
1006.4185,1006.4579,68437,82132,Rhinolophus ferrumequinum,0.024,0.024,-1,Echolocation,/mnt/ubna_data_02_mir/recover-20220922/UBNA_001/20220921_090000.WAV,Telephone Field,recover-20220922,001,1795
1006.4305,1006.4681,68437,82644,Rhinolophus ferrumequinum,0.028,0.028,-1,Echolocation,/mnt/ubna_data_02_mir/recover-20220922/UBNA_001/20220921_090000.WAV,Telephone Field,recover-20220922,001,1795
1006.4485,1006.4567,28046,40197,Eptesicus serotinus,0.008,0.027,-1,Echolocation,/mnt/ubna_data_02_mir/recover-20220922/UBNA_001/20220921_090000.WAV,Telephone Field,recover-20220922,001,1795
1006.4565,1006.4961,68437,81766,Rhinolophus ferrumequinum,0.033,0.033,-1,Echolocation,/mnt/ubna_data_02_mir/recover-20220922/UBNA_001/20220921_090000.WAV,Telephone Field,recover-20220922,001,1795
1006.4765,1006.5172,68437,82703,Rhinolophus ferrumequinum,0.037,0.037,-1,Echolocation,/mnt/ubna_data_02_mir/recover-20220922/UBNA_001/20220921_090000.WAV,Telephone Field,recover-20220922,001,1795
1006.4965,1006.5043000000001,28046,39966,Eptesicus serotinus,0.008,0.023,-1,Echolocation,/mnt/ubna_data_02_mir/recover-20220922/UBNA_001/20220921_090000.WAV,Telephone Field,recover-20220922,001,1795
1006.4995,1006.5365,68437,80695,Rhinolophus ferrumequinum,0.027,0.027,-1,Echolocation,/mnt/ubna_data_02_mir/recover-20220922/UBNA_001/20220921_090000.WAV,Telephone Field,recover-20220922,001,1795
1006.5215,1006.5305,28906,37450,Eptesicus serotinus,0.009,0.022,-1,Echolocation,/mnt/ubna_data_02_mir/recover-20220922/UBNA_001/20220921_090000.WAV,Telephone Field,recover-20220922,001,1795
1006.5315,1006.5702,68437,81985,Rhinolophus ferrumequinum,0.023,0.023,-1,Echolocation,/mnt/ubna_data_02_mir/recover-20220922/UBNA_001/20220921_090000.WAV,Telephone Field,recover-20220922,001,1795
1006.5545,1006.5616,25468,37209,Eptesicus serotinus,0.005,0.022,-1,Echolocation,/mnt/ubna_data_02_mir/recover-20220922/UBNA_001/20220921_090000.WAV,Telephone Field,recover-20220922,001,1795
1006.5885,1006.5999,22031,26201,Nyctalus leisleri,0.013,0.022,-1,Echolocation,/mnt/ubna_data_02_mir/recover-20220922/UBNA_001/20220921_090000.WAV,Telephone Field,recover-20220922,001,1795
1006.6025,1006.6457,68437,83106,Rhinolophus ferrumequinum,0.055,0.055,-1,Echolocation,/mnt/ubna_data_02_mir/recover-20220922/UBNA_001/20220921_090000.WAV,Telephone Field,recover-20220922,001,1795
1006.6055,1006.613,23750,32660,Plecotus austriacus,0.014,0.035,-1,Echolocation,/mnt/ubna_data_02_mir/recover-20220922/UBNA_001/20220921_090000.WAV,Telephone Field,recover-20220922,001,1795
1006.6205,1006.6571,68437,82196,Rhinolophus ferrumequinum,0.023,0.023,-1,Echolocation,/mnt/ubna_data_02_mir/recover-20220922/UBNA_001/20220921_090000.WAV,Telephone Field,recover-20220922,001,1795
1006.6435,1006.6831999999999,68437,82317,Rhinolophus ferrumequinum,0.025,0.025,-1,Echolocation,/mnt/ubna_data_02_mir/recover-20220922/UBNA_001/20220921_090000.WAV,Telephone Field,recover-20220922,001,1795
1006.7125,1006.7504,68437,82204,Rhinolophus ferrumequinum,0.025,0.025,-1,Echolocation,/mnt/ubna_data_02_mir/recover-20220922/UBNA_001/20220921_090000.WAV,Telephone Field,recover-20220922,001,1795
1006.7175,1006.7573,68437,82005,Rhinolophus ferrumequinum,0.025,0.025,-1,Echolocation,/mnt/ubna_data_02_mir/recover-20220922/UBNA_001/20220921_090000.WAV,Telephone Field,recover-20220922,001,1795
1006.7225,1006.7626,68437,81952,Rhinolophus ferrumequinum,0.025,0.025,-1,Echolocation,/mnt/ubna_data_02_mir/recover-20220922/UBNA_001/20220921_090000.WAV,Telephone Field,recover-20220922,001,1795
1006.7445,1006.783,68437,81906,Rhinolophus ferrumequinum,0.027,0.027,-1,Echolocation,/mnt/ubna_data_02_mir/recover-20220922/UBNA_001/20220921_090000.WAV,Telephone Field,recover-20220922,001,1795
1006.7695,1006.7767,23750,32777,Plecotus austriacus,0.011,0.025,-1,Echolocation,/mnt/ubna_data_02_mir/recover-20220922/UBNA_001/20220921_090000.WAV,Telephone Field,recover-20220922,001,1795
1006.7755,1006.8107,68437,81318,Rhinolophus ferrumequinum,0.025,0.025,-1,Echolocation,/mnt/ubna_data_02_mir/recover-20220922/UBNA_001/20220921_090000.WAV,Telephone Field,recover-20220922,001,1795
1006.7835,1006.8215,68437,81623,Rhinolophus ferrumequinum,0.023,0.023,-1,Echolocation,/mnt/ubna_data_02_mir/recover-20220922/UBNA_001/20220921_090000.WAV,Telephone Field,recover-20220922,001,1795
1006.8025,1006.8428,68437,82765,Rhinolophus ferrumequinum,0.025,0.025,-1,Echolocation,/mnt/ubna_data_02_mir/recover-20220922/UBNA_001/20220921_090000.WAV,Telephone Field,recover-20220922,001,1795
1006.8155,1006.8555,68437,82070,Rhinolophus ferrumequinum,0.023,0.023,-1,Echolocation,/mnt/ubna_data_02_mir/recover-20220922/UBNA_001/20220921_090000.WAV,Telephone Field,recover-20220922,001,1795
1006.8205,1006.8299,28046,39328,Eptesicus serotinus,0.01,0.025,-1,Echolocation,/mnt/ubna_data_02_mir/recover-20220922/UBNA_001/20220921_090000.WAV,Telephone Field,recover-20220922,001,1795
1006.8325,1006.8437,26328,33604,Eptesicus serotinus,0.013,0.025,-1,Echolocation,/mnt/ubna_data_02_mir/recover-20220922/UBNA_001/20220921_090000.WAV,Telephone Field,recover-20220922,001,1795
1006.8475,1006.8543,23750,32712,Plecotus austriacus,0.012,0.025,-1,Echolocation,/mnt/ubna_data_02_mir/recover-20220922/UBNA_001/20220921_090000.WAV,Telephone Field,recover-20220922,001,1795
1006.8755,1006.9155,68437,82113,Rhinolophus ferrumequinum,0.022,0.022,-1,Echolocation,/mnt/ubna_data_02_mir/recover-20220922/UBNA_001/20220921_090000.WAV,Telephone Field,recover-20220922,001,1795
1006.8895,1006.9297,68437,82100,Rhinolophus ferrumequinum,0.026,0.026,-1,Echolocation,/mnt/ubna_data_02_mir/recover-20220922/UBNA_001/20220921_090000.WAV,Telephone Field,recover-20220922,001,1795
1006.9055,1006.9438,68437,82014,Rhinolophus ferrumequinum,0.028,0.028,-1,Echolocation,/mnt/ubna_data_02_mir/recover-20220922/UBNA_001/20220921_090000.WAV,Telephone Field,recover-20220922,001,1795
1006.9225,1006.9638,68437,82492,Rhinolophus ferrumequinum,0.024,0.024,-1,Echolocation,/mnt/ubna_data_02_mir/recover-20220922/UBNA_001/20220921_090000.WAV,Telephone Field,recover-20220922,001,1795
1006.9285,1006.9684,68437,82823,Rhinolophus ferrumequinum,0.024,0.024,-1,Echolocation,/mnt/ubna_data_02_mir/recover-20220922/UBNA_001/20220921_090000.WAV,Telephone Field,recover-20220922,001,1795
1006.9315,1006.9388,28906,40291,Eptesicus serotinus,0.006,0.023,-1,Echolocation,/mnt/ubna_data_02_mir/recover-20220922/UBNA_001/20220921_090000.WAV,Telephone Field,recover-20220922,001,1795
1006.9395,1006.9754,68437,81586,Rhinolophus ferrumequinum,0.024,0.024,-1,Echolocation,/mnt/ubna_data_02_mir/recover-20220922/UBNA_001/20220921_090000.WAV,Telephone Field,recover-20220922,001,1795
1006.9545,1006.9936,68437,82317,Rhinolophus ferrumequinum,0.031,0.031,-1,Echolocation,/mnt/ubna_data_02_mir/recover-20220922/UBNA_001/20220921_090000.WAV,Telephone Field,recover-20220922,001,1795
1006.9745,1007.0143,68437,82232,Rhinolophus ferrumequinum,0.028,0.028,-1,Echolocation,/mnt/ubna_data_02_mir/recover-20220922/UBNA_001/20220921_090000.WAV,Telephone Field,recover-20220922,001,1795
1007.0315,1007.0704,68437,81535,Rhinolophus ferrumequinum,0.022,0.022,-1,Echolocation,/mnt/ubna_data_02_mir/recover-20220922/UBNA_001/20220921_090000.WAV,Telephone Field,recover-20220922,001,1795
1007.0915,1007.0994,28906,39675,Eptesicus serotinus,0.007,0.022,-1,Echolocation,/mnt/ubna_data_02_mir/recover-20220922/UBNA_001/20220921_090000.WAV,Telephone Field,recover-20220922,001,1795
1007.1095,1007.1469,68437,82051,Rhinolophus ferrumequinum,0.025,0.025,-1,Echolocation,/mnt/ubna_data_02_mir/recover-20220922/UBNA_001/20220921_090000.WAV,Telephone Field,recover-20220922,001,1795
1007.1165,1007.1514,68437,81865,Rhinolophus ferrumequinum,0.023,0.023,-1,Echolocation,/mnt/ubna_data_02_mir/recover-20220922/UBNA_001/20220921_090000.WAV,Telephone Field,recover-20220922,001,1795
1007.1215,1007.1284,27187,39131,Eptesicus serotinus,0.007,0.022,-1,Echolocation,/mnt/ubna_data_02_mir/recover-20220922/UBNA_001/20220921_090000.WAV,Telephone Field,recover-20220922,001,1795
1007.1275,1007.1648,68437,81908,Rhinolophus ferrumequinum,0.023,0.023,-1,Echolocation,/mnt/ubna_data_02_mir/recover-20220922/UBNA_001/20220921_090000.WAV,Telephone Field,recover-20220922,001,1795
1007.1565,1007.1647,23750,31319,Plecotus austriacus,0.009,0.023,-1,Echolocation,/mnt/ubna_data_02_mir/recover-20220922/UBNA_001/20220921_090000.WAV,Telephone Field,recover-20220922,001,1795
1007.1805,1007.1899,28906,39374,Eptesicus serotinus,0.01,0.024,-1,Echolocation,/mnt/ubna_data_02_mir/recover-20220922/UBNA_001/20220921_090000.WAV,Telephone Field,recover-20220922,001,1795
1007.1805,1007.2208,68437,82316,Rhinolophus ferrumequinum,0.025,0.025,-1,Echolocation,/mnt/ubna_data_02_mir/recover-20220922/UBNA_001/20220921_090000.WAV,Telephone Field,recover-20220922,001,1795
1007.2235000000001,1007.263,68437,82623,Rhinolophus ferrumequinum,0.026,0.026,-1,Echolocation,/mnt/ubna_data_02_mir/recover-20220922/UBNA_001/20220921_090000.WAV,Telephone Field,recover-20220922,001,1795
1007.2635,1007.305,68437,83004,Rhinolophus ferrumequinum,0.034,0.034,-1,Echolocation,/mnt/ubna_data_02_mir/recover-20220922/UBNA_001/20220921_090000.WAV,Telephone Field,recover-20220922,001,1795
1007.2705,1007.2792,28046,37666,Eptesicus serotinus,0.008,0.023,-1,Echolocation,/mnt/ubna_data_02_mir/recover-20220922/UBNA_001/20220921_090000.WAV,Telephone Field,recover-20220922,001,1795
1007.3135,1007.3531,68437,82363,Rhinolophus ferrumequinum,0.025,0.026,-1,Echolocation,/mnt/ubna_data_02_mir/recover-20220922/UBNA_001/20220921_090000.WAV,Telephone Field,recover-20220922,001,1795
1007.3185,1007.3308,35781,40124,Nyctalus leisleri,0.006,0.023,-1,Echolocation,/mnt/ubna_data_02_mir/recover-20220922/UBNA_001/20220921_090000.WAV,Telephone Field,recover-20220922,001,1795
1007.3365,1007.3445,22890,29984,Plecotus austriacus,0.011,0.023,-1,Echolocation,/mnt/ubna_data_02_mir/recover-20220922/UBNA_001/20220921_090000.WAV,Telephone Field,recover-20220922,001,1795
1007.3385,1007.3746,68437,81829,Rhinolophus ferrumequinum,0.025,0.025,-1,Echolocation,/mnt/ubna_data_02_mir/recover-20220922/UBNA_001/20220921_090000.WAV,Telephone Field,recover-20220922,001,1795
1007.3595,1007.3679,24609,33261,Plecotus austriacus,0.006,0.023,-1,Echolocation,/mnt/ubna_data_02_mir/recover-20220922/UBNA_001/20220921_090000.WAV,Telephone Field,recover-20220922,001,1795
1007.3885,1007.4261,68437,81752,Rhinolophus ferrumequinum,0.023,0.023,-1,Echolocation,/mnt/ubna_data_02_mir/recover-20220922/UBNA_001/20220921_090000.WAV,Telephone Field,recover-20220922,001,1795
1007.4465,1007.486,68437,82467,Rhinolophus ferrumequinum,0.025,0.025,-1,Echolocation,/mnt/ubna_data_02_mir/recover-20220922/UBNA_001/20220921_090000.WAV,Telephone Field,recover-20220922,001,1795
1007.4855,1007.4947,22890,29279,Nyctalus leisleri,0.008,0.023,-1,Echolocation,/mnt/ubna_data_02_mir/recover-20220922/UBNA_001/20220921_090000.WAV,Telephone Field,recover-20220922,001,1795
1007.4865,1007.5268,68437,82355,Rhinolophus ferrumequinum,0.029,0.029,-1,Echolocation,/mnt/ubna_data_02_mir/recover-20220922/UBNA_001/20220921_090000.WAV,Telephone Field,recover-20220922,001,1795
1007.5085,1007.5171,46093,52226,Pipistrellus pipistrellus,0.022,0.024,-1,Echolocation,/mnt/ubna_data_02_mir/recover-20220922/UBNA_001/20220921_090000.WAV,Telephone Field,recover-20220922,001,1795
1007.5225,1007.5333,28906,36344,Eptesicus serotinus,0.011,0.025,-1,Echolocation,/mnt/ubna_data_02_mir/recover-20220922/UBNA_001/20220921_090000.WAV,Telephone Field,recover-20220922,001,1795
1007.5365,1007.5463,28046,36549,Eptesicus serotinus,0.01,0.024,-1,Echolocation,/mnt/ubna_data_02_mir/recover-20220922/UBNA_001/20220921_090000.WAV,Telephone Field,recover-20220922,001,1795
1007.5555,1007.5908,68437,81344,Rhinolophus ferrumequinum,0.023,0.024,-1,Echolocation,/mnt/ubna_data_02_mir/recover-20220922/UBNA_001/20220921_090000.WAV,Telephone Field,recover-20220922,001,1795
1007.5875,1007.6275,68437,82201,Rhinolophus ferrumequinum,0.029,0.029,-1,Echolocation,/mnt/ubna_data_02_mir/recover-20220922/UBNA_001/20220921_090000.WAV,Telephone Field,recover-20220922,001,1795
1007.6005,1007.6393,68437,82396,Rhinolophus ferrumequinum,0.029,0.029,-1,Echolocation,/mnt/ubna_data_02_mir/recover-20220922/UBNA_001/20220921_090000.WAV,Telephone Field,recover-20220922,001,1795
1007.6225,1007.6615,68437,81637,Rhinolophus ferrumequinum,0.023,0.023,-1,Echolocation,/mnt/ubna_data_02_mir/recover-20220922/UBNA_001/20220921_090000.WAV,Telephone Field,recover-20220922,001,1795
1007.6295,1007.6693,68437,82012,Rhinolophus ferrumequinum,0.023,0.023,-1,Echolocation,/mnt/ubna_data_02_mir/recover-20220922/UBNA_001/20220921_090000.WAV,Telephone Field,recover-20220922,001,1795
1007.6514999999999,1007.6908,68437,82101,Rhinolophus ferrumequinum,0.035,0.035,-1,Echolocation,/mnt/ubna_data_02_mir/recover-20220922/UBNA_001/20220921_090000.WAV,Telephone Field,recover-20220922,001,1795
1007.6635,1007.704,68437,82132,Rhinolophus ferrumequinum,0.029,0.029,-1,Echolocation,/mnt/ubna_data_02_mir/recover-20220922/UBNA_001/20220921_090000.WAV,Telephone Field,recover-20220922,001,1795
1007.6735,1007.7161,68437,83497,Rhinolophus ferrumequinum,0.028,0.028,-1,Echolocation,/mnt/ubna_data_02_mir/recover-20220922/UBNA_001/20220921_090000.WAV,Telephone Field,recover-20220922,001,1795
1007.6795,1007.7218,68437,83129,Rhinolophus ferrumequinum,0.03,0.03,-1,Echolocation,/mnt/ubna_data_02_mir/recover-20220922/UBNA_001/20220921_090000.WAV,Telephone Field,recover-20220922,001,1795
1007.7025,1007.7403,68437,81699,Rhinolophus ferrumequinum,0.022,0.022,-1,Echolocation,/mnt/ubna_data_02_mir/recover-20220922/UBNA_001/20220921_090000.WAV,Telephone Field,recover-20220922,001,1795
1007.7235000000001,1007.7633,68437,82391,Rhinolophus ferrumequinum,0.025,0.025,-1,Echolocation,/mnt/ubna_data_02_mir/recover-20220922/UBNA_001/20220921_090000.WAV,Telephone Field,recover-20220922,001,1795
1007.7685,1007.7805,54687,59047,Pipistrellus pygmaeus,0.024,0.025,-1,Echolocation,/mnt/ubna_data_02_mir/recover-20220922/UBNA_001/20220921_090000.WAV,Telephone Field,recover-20220922,001,1795
1007.7995,1007.8381,68437,81718,Rhinolophus ferrumequinum,0.022,0.022,-1,Echolocation,/mnt/ubna_data_02_mir/recover-20220922/UBNA_001/20220921_090000.WAV,Telephone Field,recover-20220922,001,1795
1007.8115,1007.8213,23750,29860,Nyctalus leisleri,0.01,0.024,-1,Echolocation,/mnt/ubna_data_02_mir/recover-20220922/UBNA_001/20220921_090000.WAV,Telephone Field,recover-20220922,001,1795
1007.8135,1007.849,68437,81682,Rhinolophus ferrumequinum,0.023,0.023,-1,Echolocation,/mnt/ubna_data_02_mir/recover-20220922/UBNA_001/20220921_090000.WAV,Telephone Field,recover-20220922,001,1795
1007.8605,1007.8799,16015,21616,Nyctalus noctula,0.018,0.023,-1,Echolocation,/mnt/ubna_data_02_mir/recover-20220922/UBNA_001/20220921_090000.WAV,Telephone Field,recover-20220922,001,1795
1007.8635,1007.9014,68437,82181,Rhinolophus ferrumequinum,0.022,0.022,-1,Echolocation,/mnt/ubna_data_02_mir/recover-20220922/UBNA_001/20220921_090000.WAV,Telephone Field,recover-20220922,001,1795
1007.8845,1007.9253,68437,82306,Rhinolophus ferrumequinum,0.029,0.029,-1,Echolocation,/mnt/ubna_data_02_mir/recover-20220922/UBNA_001/20220921_090000.WAV,Telephone Field,recover-20220922,001,1795
1007.9125,1007.9244,23750,29416,Nyctalus leisleri,0.01,0.022,-1,Echolocation,/mnt/ubna_data_02_mir/recover-20220922/UBNA_001/20220921_090000.WAV,Telephone Field,recover-20220922,001,1795
1007.9225,1007.9613,68437,81881,Rhinolophus ferrumequinum,0.022,0.022,-1,Echolocation,/mnt/ubna_data_02_mir/recover-20220922/UBNA_001/20220921_090000.WAV,Telephone Field,recover-20220922,001,1795
1007.9245,1007.9384,22031,25996,Nyctalus leisleri,0.015,0.024,-1,Echolocation,/mnt/ubna_data_02_mir/recover-20220922/UBNA_001/20220921_090000.WAV,Telephone Field,recover-20220922,001,1795
1007.9395,1007.9797,68437,82335,Rhinolophus ferrumequinum,0.023,0.023,-1,Echolocation,/mnt/ubna_data_02_mir/recover-20220922/UBNA_001/20220921_090000.WAV,Telephone Field,recover-20220922,001,1795
1007.9675,1007.9808,29765,35792,Eptesicus serotinus,0.012,0.024,-1,Echolocation,/mnt/ubna_data_02_mir/recover-20220922/UBNA_001/20220921_090000.WAV,Telephone Field,recover-20220922,001,1795
1007.9855,1007.9961,23750,30654,Nyctalus leisleri,0.015,0.038,-1,Echolocation,/mnt/ubna_data_02_mir/recover-20220922/UBNA_001/20220921_090000.WAV,Telephone Field,recover-20220922,001,1795
1008.0015,1008.0369,68437,80348,Rhinolophus ferrumequinum,0.055,0.055,-1,Echolocation,/mnt/ubna_data_02_mir/recover-20220922/UBNA_001/20220921_090000.WAV,Telephone Field,recover-20220922,001,1795
1008.0015,1008.0107,26328,33134,Nyctalus leisleri,0.011,0.031,-1,Echolocation,/mnt/ubna_data_02_mir/recover-20220922/UBNA_001/20220921_090000.WAV,Telephone Field,recover-20220922,001,1795
1008.0015,1008.0169,20312,25595,Nyctalus leisleri,0.015,0.033,-1,Echolocation,/mnt/ubna_data_02_mir/recover-20220922/UBNA_001/20220921_090000.WAV,Telephone Field,recover-20220922,001,1795
1008.0315,1008.0692,68437,81138,Rhinolophus ferrumequinum,0.023,0.023,-1,Echolocation,/mnt/ubna_data_02_mir/recover-20220922/UBNA_001/20220921_090000.WAV,Telephone Field,recover-20220922,001,1795
1008.0515,1008.0596,44375,49335,Pipistrellus pipistrellus,0.023,0.026,-1,Echolocation,/mnt/ubna_data_02_mir/recover-20220922/UBNA_001/20220921_090000.WAV,Telephone Field,recover-20220922,001,1795
1008.1085,1008.1472,68437,82285,Rhinolophus ferrumequinum,0.027,0.027,-1,Echolocation,/mnt/ubna_data_02_mir/recover-20220922/UBNA_001/20220921_090000.WAV,Telephone Field,recover-20220922,001,1795
1008.1255,1008.1366,26328,33542,Eptesicus serotinus,0.013,0.028,-1,Echolocation,/mnt/ubna_data_02_mir/recover-20220922/UBNA_001/20220921_090000.WAV,Telephone Field,recover-20220922,001,1795
1008.1255,1008.164,68437,82586,Rhinolophus ferrumequinum,0.024,0.024,-1,Echolocation,/mnt/ubna_data_02_mir/recover-20220922/UBNA_001/20220921_090000.WAV,Telephone Field,recover-20220922,001,1795
1008.1415,1008.1494,47812,51452,Pipistrellus pipistrellus,0.021,0.023,-1,Echolocation,/mnt/ubna_data_02_mir/recover-20220922/UBNA_001/20220921_090000.WAV,Telephone Field,recover-20220922,001,1795
1008.1495,1008.1892,68437,82490,Rhinolophus ferrumequinum,0.025,0.025,-1,Echolocation,/mnt/ubna_data_02_mir/recover-20220922/UBNA_001/20220921_090000.WAV,Telephone Field,recover-20220922,001,1795
1008.1685,1008.2036,68437,81071,Rhinolophus ferrumequinum,0.022,0.022,-1,Echolocation,/mnt/ubna_data_02_mir/recover-20220922/UBNA_001/20220921_090000.WAV,Telephone Field,recover-20220922,001,1795
1008.1765,1008.1845,28046,39416,Eptesicus serotinus,0.007,0.022,-1,Echolocation,/mnt/ubna_data_02_mir/recover-20220922/UBNA_001/20220921_090000.WAV,Telephone Field,recover-20220922,001,1795
1008.2105,1008.2517,68437,82347,Rhinolophus ferrumequinum,0.026,0.026,-1,Echolocation,/mnt/ubna_data_02_mir/recover-20220922/UBNA_001/20220921_090000.WAV,Telephone Field,recover-20220922,001,1795
1008.2175,1008.2572,68437,82452,Rhinolophus ferrumequinum,0.025,0.025,-1,Echolocation,/mnt/ubna_data_02_mir/recover-20220922/UBNA_001/20220921_090000.WAV,Telephone Field,recover-20220922,001,1795
1008.2475,1008.2862,68437,82105,Rhinolophus ferrumequinum,0.022,0.022,-1,Echolocation,/mnt/ubna_data_02_mir/recover-20220922/UBNA_001/20220921_090000.WAV,Telephone Field,recover-20220922,001,1795
1008.2575,1008.2977,68437,82712,Rhinolophus ferrumequinum,0.023,0.023,-1,Echolocation,/mnt/ubna_data_02_mir/recover-20220922/UBNA_001/20220921_090000.WAV,Telephone Field,recover-20220922,001,1795
1008.3335,1008.3714,68437,81360,Rhinolophus ferrumequinum,0.046,0.046,-1,Echolocation,/mnt/ubna_data_02_mir/recover-20220922/UBNA_001/20220921_090000.WAV,Telephone Field,recover-20220922,001,1795
1008.3605,1008.3986,68437,81637,Rhinolophus ferrumequinum,0.028,0.028,-1,Echolocation,/mnt/ubna_data_02_mir/recover-20220922/UBNA_001/20220921_090000.WAV,Telephone Field,recover-20220922,001,1795
1008.3765,1008.4134,68437,81732,Rhinolophus ferrumequinum,0.023,0.023,-1,Echolocation,/mnt/ubna_data_02_mir/recover-20220922/UBNA_001/20220921_090000.WAV,Telephone Field,recover-20220922,001,1795
1008.4275,1008.4386,23750,29912,Nyctalus leisleri,0.011,0.026,-1,Echolocation,/mnt/ubna_data_02_mir/recover-20220922/UBNA_001/20220921_090000.WAV,Telephone Field,recover-20220922,001,1795
1008.4345,1008.4711,68437,81453,Rhinolophus ferrumequinum,0.024,0.024,-1,Echolocation,/mnt/ubna_data_02_mir/recover-20220922/UBNA_001/20220921_090000.WAV,Telephone Field,recover-20220922,001,1795
1008.4355,1008.4478,22890,27535,Nyctalus leisleri,0.015,0.029,-1,Echolocation,/mnt/ubna_data_02_mir/recover-20220922/UBNA_001/20220921_090000.WAV,Telephone Field,recover-20220922,001,1795
1008.4425,1008.4508,28046,43876,Eptesicus serotinus,0.008,0.022,-1,Echolocation,/mnt/ubna_data_02_mir/recover-20220922/UBNA_001/20220921_090000.WAV,Telephone Field,recover-20220922,001,1795
1008.4435,1008.4781,68437,81774,Rhinolophus ferrumequinum,0.024,0.024,-1,Echolocation,/mnt/ubna_data_02_mir/recover-20220922/UBNA_001/20220921_090000.WAV,Telephone Field,recover-20220922,001,1795
1008.4845,1008.5241,68437,82275,Rhinolophus ferrumequinum,0.022,0.022,-1,Echolocation,/mnt/ubna_data_02_mir/recover-20220922/UBNA_001/20220921_090000.WAV,Telephone Field,recover-20220922,001,1795
1008.5235,1008.5673,68437,83115,Rhinolophus ferrumequinum,0.043,0.043,-1,Echolocation,/mnt/ubna_data_02_mir/recover-20220922/UBNA_001/20220921_090000.WAV,Telephone Field,recover-20220922,001,1795
1008.5515,1008.559,28046,38636,Eptesicus serotinus,0.008,0.024,-1,Echolocation,/mnt/ubna_data_02_mir/recover-20220922/UBNA_001/20220921_090000.WAV,Telephone Field,recover-20220922,001,1795
1008.5525,1008.5896,68437,81898,Rhinolophus ferrumequinum,0.022,0.022,-1,Echolocation,/mnt/ubna_data_02_mir/recover-20220922/UBNA_001/20220921_090000.WAV,Telephone Field,recover-20220922,001,1795
1008.6025,1008.6416,68437,81792,Rhinolophus ferrumequinum,0.025,0.025,-1,Echolocation,/mnt/ubna_data_02_mir/recover-20220922/UBNA_001/20220921_090000.WAV,Telephone Field,recover-20220922,001,1795
1008.6265,1008.6341,28046,39434,Eptesicus serotinus,0.007,0.023,-1,Echolocation,/mnt/ubna_data_02_mir/recover-20220922/UBNA_001/20220921_090000.WAV,Telephone Field,recover-20220922,001,1795
1008.6365,1008.6774,68437,82682,Rhinolophus ferrumequinum,0.025,0.025,-1,Echolocation,/mnt/ubna_data_02_mir/recover-20220922/UBNA_001/20220921_090000.WAV,Telephone Field,recover-20220922,001,1795
1008.6465,1008.6588,14296,21730,Nyctalus noctula,0.014,0.023,-1,Echolocation,/mnt/ubna_data_02_mir/recover-20220922/UBNA_001/20220921_090000.WAV,Telephone Field,recover-20220922,001,1795
1008.6535,1008.6619,28046,38642,Eptesicus serotinus,0.008,0.022,-1,Echolocation,/mnt/ubna_data_02_mir/recover-20220922/UBNA_001/20220921_090000.WAV,Telephone Field,recover-20220922,001,1795
1008.6775,1008.7151,68437,82030,Rhinolophus ferrumequinum,0.023,0.023,-1,Echolocation,/mnt/ubna_data_02_mir/recover-20220922/UBNA_001/20220921_090000.WAV,Telephone Field,recover-20220922,001,1795
1008.6955,1008.7025,28046,39161,Eptesicus serotinus,0.008,0.026,-1,Echolocation,/mnt/ubna_data_02_mir/recover-20220922/UBNA_001/20220921_090000.WAV,Telephone Field,recover-20220922,001,1795
1008.7735,1008.7829,22890,29041,Plecotus austriacus,0.008,0.023,-1,Echolocation,/mnt/ubna_data_02_mir/recover-20220922/UBNA_001/20220921_090000.WAV,Telephone Field,recover-20220922,001,1795
1008.7905,1008.8258,68437,81041,Rhinolophus ferrumequinum,0.044,0.044,-1,Echolocation,/mnt/ubna_data_02_mir/recover-20220922/UBNA_001/20220921_090000.WAV,Telephone Field,recover-20220922,001,1795
1008.8025,1008.8375,68437,81288,Rhinolophus ferrumequinum,0.022,0.023,-1,Echolocation,/mnt/ubna_data_02_mir/recover-20220922/UBNA_001/20220921_090000.WAV,Telephone Field,recover-20220922,001,1795
1008.8145,1008.8559,68437,82763,Rhinolophus ferrumequinum,0.026,0.026,-1,Echolocation,/mnt/ubna_data_02_mir/recover-20220922/UBNA_001/20220921_090000.WAV,Telephone Field,recover-20220922,001,1795
1008.8375,1008.8766,68437,82522,Rhinolophus ferrumequinum,0.025,0.025,-1,Echolocation,/mnt/ubna_data_02_mir/recover-20220922/UBNA_001/20220921_090000.WAV,Telephone Field,recover-20220922,001,1795
1008.9005,1008.9395,68437,82304,Rhinolophus ferrumequinum,0.022,0.022,-1,Echolocation,/mnt/ubna_data_02_mir/recover-20220922/UBNA_001/20220921_090000.WAV,Telephone Field,recover-20220922,001,1795
1008.9135,1008.9205,47812,52412,Pipistrellus pipistrellus,0.03,0.031,-1,Echolocation,/mnt/ubna_data_02_mir/recover-20220922/UBNA_001/20220921_090000.WAV,Telephone Field,recover-20220922,001,1795
1008.9285,1008.9653,68437,81942,Rhinolophus ferrumequinum,0.028,0.028,-1,Echolocation,/mnt/ubna_data_02_mir/recover-20220922/UBNA_001/20220921_090000.WAV,Telephone Field,recover-20220922,001,1795
1008.9555,1008.9945,68437,83150,Rhinolophus ferrumequinum,0.029,0.029,-1,Echolocation,/mnt/ubna_data_02_mir/recover-20220922/UBNA_001/20220921_090000.WAV,Telephone Field,recover-20220922,001,1795
1008.9685,1008.9747,24609,34108,Plecotus austriacus,0.014,0.032,-1,Echolocation,/mnt/ubna_data_02_mir/recover-20220922/UBNA_001/20220921_090000.WAV,Telephone Field,recover-20220922,001,1795
1009.0185,1009.0556,68437,82165,Rhinolophus ferrumequinum,0.023,0.023,-1,Echolocation,/mnt/ubna_data_02_mir/recover-20220922/UBNA_001/20220921_090000.WAV,Telephone Field,recover-20220922,001,1795
1009.0295,1009.0693,68437,82494,Rhinolophus ferrumequinum,0.025,0.025,-1,Echolocation,/mnt/ubna_data_02_mir/recover-20220922/UBNA_001/20220921_090000.WAV,Telephone Field,recover-20220922,001,1795
1009.0625,1009.1041,68437,82821,Rhinolophus ferrumequinum,0.024,0.024,-1,Echolocation,/mnt/ubna_data_02_mir/recover-20220922/UBNA_001/20220921_090000.WAV,Telephone Field,recover-20220922,001,1795
1009.0665,1009.0732,23750,33905,Plecotus austriacus,0.021,0.039,-1,Echolocation,/mnt/ubna_data_02_mir/recover-20220922/UBNA_001/20220921_090000.WAV,Telephone Field,recover-20220922,001,1795
1009.0955,1009.1059,22890,28687,Nyctalus leisleri,0.01,0.023,-1,Echolocation,/mnt/ubna_data_02_mir/recover-20220922/UBNA_001/20220921_090000.WAV,Telephone Field,recover-20220922,001,1795
1009.1255,1009.1627,68437,82010,Rhinolophus ferrumequinum,0.022,0.022,-1,Echolocation,/mnt/ubna_data_02_mir/recover-20220922/UBNA_001/20220921_090000.WAV,Telephone Field,recover-20220922,001,1795
1009.1795,1009.2226,68437,83187,Rhinolophus ferrumequinum,0.03,0.03,-1,Echolocation,/mnt/ubna_data_02_mir/recover-20220922/UBNA_001/20220921_090000.WAV,Telephone Field,recover-20220922,001,1795
1009.2065,1009.2445,68437,81695,Rhinolophus ferrumequinum,0.029,0.029,-1,Echolocation,/mnt/ubna_data_02_mir/recover-20220922/UBNA_001/20220921_090000.WAV,Telephone Field,recover-20220922,001,1795
1009.2275,1009.2666,68437,82535,Rhinolophus ferrumequinum,0.024,0.024,-1,Echolocation,/mnt/ubna_data_02_mir/recover-20220922/UBNA_001/20220921_090000.WAV,Telephone Field,recover-20220922,001,1795
1009.2565,1009.2658,36640,42245,Barbastellus barbastellus,0.009,0.024,-1,Echolocation,/mnt/ubna_data_02_mir/recover-20220922/UBNA_001/20220921_090000.WAV,Telephone Field,recover-20220922,001,1795
1009.2585,1009.2673,27187,37033,Eptesicus serotinus,0.008,0.022,-1,Echolocation,/mnt/ubna_data_02_mir/recover-20220922/UBNA_001/20220921_090000.WAV,Telephone Field,recover-20220922,001,1795
1009.2635,1009.3033,68437,82555,Rhinolophus ferrumequinum,0.022,0.022,-1,Echolocation,/mnt/ubna_data_02_mir/recover-20220922/UBNA_001/20220921_090000.WAV,Telephone Field,recover-20220922,001,1795
1009.3205,1009.3291,26328,34105,Eptesicus serotinus,0.016,0.042,-1,Echolocation,/mnt/ubna_data_02_mir/recover-20220922/UBNA_001/20220921_090000.WAV,Telephone Field,recover-20220922,001,1795
1009.3335,1009.3726,68437,82347,Rhinolophus ferrumequinum,0.022,0.022,-1,Echolocation,/mnt/ubna_data_02_mir/recover-20220922/UBNA_001/20220921_090000.WAV,Telephone Field,recover-20220922,001,1795
1009.3635,1009.401,68437,82227,Rhinolophus ferrumequinum,0.03,0.03,-1,Echolocation,/mnt/ubna_data_02_mir/recover-20220922/UBNA_001/20220921_090000.WAV,Telephone Field,recover-20220922,001,1795
1009.3935,1009.4007,27187,43579,Eptesicus serotinus,0.007,0.024,-1,Echolocation,/mnt/ubna_data_02_mir/recover-20220922/UBNA_001/20220921_090000.WAV,Telephone Field,recover-20220922,001,1795
1009.4325,1009.4692,68437,81708,Rhinolophus ferrumequinum,0.022,0.022,-1,Echolocation,/mnt/ubna_data_02_mir/recover-20220922/UBNA_001/20220921_090000.WAV,Telephone Field,recover-20220922,001,1795
1009.4335,1009.4446,23750,28500,Nyctalus leisleri,0.017,0.033,-1,Echolocation,/mnt/ubna_data_02_mir/recover-20220922/UBNA_001/20220921_090000.WAV,Telephone Field,recover-20220922,001,1795
1009.4475,1009.4867,68437,81988,Rhinolophus ferrumequinum,0.023,0.023,-1,Echolocation,/mnt/ubna_data_02_mir/recover-20220922/UBNA_001/20220921_090000.WAV,Telephone Field,recover-20220922,001,1795
1009.4525,1009.4923,68437,82520,Rhinolophus ferrumequinum,0.023,0.023,-1,Echolocation,/mnt/ubna_data_02_mir/recover-20220922/UBNA_001/20220921_090000.WAV,Telephone Field,recover-20220922,001,1795
1009.5264999999999,1009.5674,68437,83174,Rhinolophus ferrumequinum,0.029,0.029,-1,Echolocation,/mnt/ubna_data_02_mir/recover-20220922/UBNA_001/20220921_090000.WAV,Telephone Field,recover-20220922,001,1795
1009.5405,1009.583,68437,83200,Rhinolophus ferrumequinum,0.027,0.027,-1,Echolocation,/mnt/ubna_data_02_mir/recover-20220922/UBNA_001/20220921_090000.WAV,Telephone Field,recover-20220922,001,1795
1009.5505,1009.5923,68437,83550,Rhinolophus ferrumequinum,0.027,0.027,-1,Echolocation,/mnt/ubna_data_02_mir/recover-20220922/UBNA_001/20220921_090000.WAV,Telephone Field,recover-20220922,001,1795
1009.5685,1009.5759,49531,53903,Pipistrellus pipistrellus,0.027,0.03,-1,Echolocation,/mnt/ubna_data_02_mir/recover-20220922/UBNA_001/20220921_090000.WAV,Telephone Field,recover-20220922,001,1795
1009.5775,1009.5858,26328,35977,Eptesicus serotinus,0.008,0.023,-1,Echolocation,/mnt/ubna_data_02_mir/recover-20220922/UBNA_001/20220921_090000.WAV,Telephone Field,recover-20220922,001,1795
1009.5875,1009.5978,14296,19192,Nyctalus noctula,0.008,0.023,-1,Echolocation,/mnt/ubna_data_02_mir/recover-20220922/UBNA_001/20220921_090000.WAV,Telephone Field,recover-20220922,001,1795
1009.5895,1009.6303,68437,82352,Rhinolophus ferrumequinum,0.031,0.031,-1,Echolocation,/mnt/ubna_data_02_mir/recover-20220922/UBNA_001/20220921_090000.WAV,Telephone Field,recover-20220922,001,1795
1009.6175,1009.6538,68437,82106,Rhinolophus ferrumequinum,0.022,0.022,-1,Echolocation,/mnt/ubna_data_02_mir/recover-20220922/UBNA_001/20220921_090000.WAV,Telephone Field,recover-20220922,001,1795
1009.6325,1009.6695,68437,81386,Rhinolophus ferrumequinum,0.024,0.024,-1,Echolocation,/mnt/ubna_data_02_mir/recover-20220922/UBNA_001/20220921_090000.WAV,Telephone Field,recover-20220922,001,1795
1009.6895,1009.698,27187,37303,Eptesicus serotinus,0.008,0.022,-1,Echolocation,/mnt/ubna_data_02_mir/recover-20220922/UBNA_001/20220921_090000.WAV,Telephone Field,recover-20220922,001,1795
1009.6945,1009.7023,28046,39717,Eptesicus serotinus,0.006,0.022,-1,Echolocation,/mnt/ubna_data_02_mir/recover-20220922/UBNA_001/20220921_090000.WAV,Telephone Field,recover-20220922,001,1795
1009.7095,1009.7201,22890,28043,Nyctalus leisleri,0.013,0.027,-1,Echolocation,/mnt/ubna_data_02_mir/recover-20220922/UBNA_001/20220921_090000.WAV,Telephone Field,recover-20220922,001,1795
1009.7315,1009.7661,68437,81301,Rhinolophus ferrumequinum,0.022,0.022,-1,Echolocation,/mnt/ubna_data_02_mir/recover-20220922/UBNA_001/20220921_090000.WAV,Telephone Field,recover-20220922,001,1795
1009.7715,1009.7786,26328,40543,Eptesicus serotinus,0.006,0.022,-1,Echolocation,/mnt/ubna_data_02_mir/recover-20220922/UBNA_001/20220921_090000.WAV,Telephone Field,recover-20220922,001,1795
1009.7965,1009.8081,22031,26610,Nyctalus leisleri,0.012,0.025,-1,Echolocation,/mnt/ubna_data_02_mir/recover-20220922/UBNA_001/20220921_090000.WAV,Telephone Field,recover-20220922,001,1795
1009.7995,1009.8389999999999,68437,82445,Rhinolophus ferrumequinum,0.038,0.038,-1,Echolocation,/mnt/ubna_data_02_mir/recover-20220922/UBNA_001/20220921_090000.WAV,Telephone Field,recover-20220922,001,1795
1009.8055,1009.8136,28906,37102,Eptesicus serotinus,0.007,0.023,-1,Echolocation,/mnt/ubna_data_02_mir/recover-20220922/UBNA_001/20220921_090000.WAV,Telephone Field,recover-20220922,001,1795
1009.8265,1009.8677,68437,82892,Rhinolophus ferrumequinum,0.031,0.031,-1,Echolocation,/mnt/ubna_data_02_mir/recover-20220922/UBNA_001/20220921_090000.WAV,Telephone Field,recover-20220922,001,1795
1009.8355,1009.8428,27187,37605,Eptesicus serotinus,0.008,0.027,-1,Echolocation,/mnt/ubna_data_02_mir/recover-20220922/UBNA_001/20220921_090000.WAV,Telephone Field,recover-20220922,001,1795
1009.8505,1009.8609,28906,36305,Eptesicus serotinus,0.011,0.025,-1,Echolocation,/mnt/ubna_data_02_mir/recover-20220922/UBNA_001/20220921_090000.WAV,Telephone Field,recover-20220922,001,1795
1009.9445,1009.967,17734,21353,Nyctalus noctula,0.016,0.026,-1,Echolocation,/mnt/ubna_data_02_mir/recover-20220922/UBNA_001/20220921_090000.WAV,Telephone Field,recover-20220922,001,1795
1009.9505,1009.9578,27187,43054,Eptesicus serotinus,0.007,0.023,-1,Echolocation,/mnt/ubna_data_02_mir/recover-20220922/UBNA_001/20220921_090000.WAV,Telephone Field,recover-20220922,001,1795
1009.9655,1009.9755,28906,35541,Eptesicus serotinus,0.009,0.023,-1,Echolocation,/mnt/ubna_data_02_mir/recover-20220922/UBNA_001/20220921_090000.WAV,Telephone Field,recover-20220922,001,1795
1010.0015,1010.0106,26328,34738,Nyctalus leisleri,0.009,0.03,-1,Echolocation,/mnt/ubna_data_02_mir/recover-20220922/UBNA_001/20220921_090000.WAV,Telephone Field,recover-20220922,001,1795
1010.0015,1010.009,47812,52645,Pipistrellus pipistrellus,0.014,0.021,-1,Echolocation,/mnt/ubna_data_02_mir/recover-20220922/UBNA_001/20220921_090000.WAV,Telephone Field,recover-20220922,001,1795
1010.0015,1010.0371,68437,80042,Rhinolophus ferrumequinum,0.04,0.04,-1,Echolocation,/mnt/ubna_data_02_mir/recover-20220922/UBNA_001/20220921_090000.WAV,Telephone Field,recover-20220922,001,1795
1010.0075,1010.0553,68437,82745,Rhinolophus ferrumequinum,0.035,0.035,-1,Echolocation,/mnt/ubna_data_02_mir/recover-20220922/UBNA_001/20220921_090000.WAV,Telephone Field,recover-20220922,001,1795
1010.0435,1010.0544,24609,30609,Nyctalus leisleri,0.019,0.046,-1,Echolocation,/mnt/ubna_data_02_mir/recover-20220922/UBNA_001/20220921_090000.WAV,Telephone Field,recover-20220922,001,1795
1010.0875,1010.1293000000001,68437,82947,Rhinolophus ferrumequinum,0.025,0.025,-1,Echolocation,/mnt/ubna_data_02_mir/recover-20220922/UBNA_001/20220921_090000.WAV,Telephone Field,recover-20220922,001,1795
1010.1325,1010.1703,68437,82186,Rhinolophus ferrumequinum,0.024,0.024,-1,Echolocation,/mnt/ubna_data_02_mir/recover-20220922/UBNA_001/20220921_090000.WAV,Telephone Field,recover-20220922,001,1795
1010.1514999999999,1010.1619,22031,27540,Nyctalus leisleri,0.011,0.027,-1,Echolocation,/mnt/ubna_data_02_mir/recover-20220922/UBNA_001/20220921_090000.WAV,Telephone Field,recover-20220922,001,1795
1010.1525,1010.1933,68437,82914,Rhinolophus ferrumequinum,0.026,0.026,-1,Echolocation,/mnt/ubna_data_02_mir/recover-20220922/UBNA_001/20220921_090000.WAV,Telephone Field,recover-20220922,001,1795
1010.1785,1010.2217,68437,82945,Rhinolophus ferrumequinum,0.039,0.039,-1,Echolocation,/mnt/ubna_data_02_mir/recover-20220922/UBNA_001/20220921_090000.WAV,Telephone Field,recover-20220922,001,1795
1010.1955,1010.2065,28906,35065,Eptesicus serotinus,0.01,0.024,-1,Echolocation,/mnt/ubna_data_02_mir/recover-20220922/UBNA_001/20220921_090000.WAV,Telephone Field,recover-20220922,001,1795
1010.2425,1010.2901,68437,83689,Rhinolophus ferrumequinum,0.05,0.05,-1,Echolocation,/mnt/ubna_data_02_mir/recover-20220922/UBNA_001/20220921_090000.WAV,Telephone Field,recover-20220922,001,1795
1010.2835,1010.2946,34921,40782,Eptesicus serotinus,0.006,0.026,-1,Echolocation,/mnt/ubna_data_02_mir/recover-20220922/UBNA_001/20220921_090000.WAV,Telephone Field,recover-20220922,001,1795
1010.2875,1010.3247,68437,81413,Rhinolophus ferrumequinum,0.022,0.022,-1,Echolocation,/mnt/ubna_data_02_mir/recover-20220922/UBNA_001/20220921_090000.WAV,Telephone Field,recover-20220922,001,1795
1010.3165,1010.3258,28046,39082,Eptesicus serotinus,0.009,0.022,-1,Echolocation,/mnt/ubna_data_02_mir/recover-20220922/UBNA_001/20220921_090000.WAV,Telephone Field,recover-20220922,001,1795
1010.3235,1010.3614,68437,82089,Rhinolophus ferrumequinum,0.022,0.022,-1,Echolocation,/mnt/ubna_data_02_mir/recover-20220922/UBNA_001/20220921_090000.WAV,Telephone Field,recover-20220922,001,1795
1010.3475,1010.3826,68437,80822,Rhinolophus ferrumequinum,0.029,0.029,-1,Echolocation,/mnt/ubna_data_02_mir/recover-20220922/UBNA_001/20220921_090000.WAV,Telephone Field,recover-20220922,001,1795
1010.3835,1010.424,68437,82485,Rhinolophus ferrumequinum,0.023,0.023,-1,Echolocation,/mnt/ubna_data_02_mir/recover-20220922/UBNA_001/20220921_090000.WAV,Telephone Field,recover-20220922,001,1795
1010.4105,1010.419,23750,31708,Plecotus austriacus,0.008,0.023,-1,Echolocation,/mnt/ubna_data_02_mir/recover-20220922/UBNA_001/20220921_090000.WAV,Telephone Field,recover-20220922,001,1795
1010.4545,1010.4636,26328,35797,Eptesicus serotinus,0.009,0.023,-1,Echolocation,/mnt/ubna_data_02_mir/recover-20220922/UBNA_001/20220921_090000.WAV,Telephone Field,recover-20220922,001,1795
1010.5075,1010.5464,68437,82264,Rhinolophus ferrumequinum,0.023,0.023,-1,Echolocation,/mnt/ubna_data_02_mir/recover-20220922/UBNA_001/20220921_090000.WAV,Telephone Field,recover-20220922,001,1795
1010.5145,1010.5238,28906,36678,Eptesicus serotinus,0.008,0.023,-1,Echolocation,/mnt/ubna_data_02_mir/recover-20220922/UBNA_001/20220921_090000.WAV,Telephone Field,recover-20220922,001,1795
1010.5395,1010.5797,68437,82942,Rhinolophus ferrumequinum,0.028,0.028,-1,Echolocation,/mnt/ubna_data_02_mir/recover-20220922/UBNA_001/20220921_090000.WAV,Telephone Field,recover-20220922,001,1795
1010.5845,1010.6236,68437,82496,Rhinolophus ferrumequinum,0.028,0.028,-1,Echolocation,/mnt/ubna_data_02_mir/recover-20220922/UBNA_001/20220921_090000.WAV,Telephone Field,recover-20220922,001,1795
1010.5865,1010.5959,22031,27628,Plecotus austriacus,0.007,0.021,-1,Echolocation,/mnt/ubna_data_02_mir/recover-20220922/UBNA_001/20220921_090000.WAV,Telephone Field,recover-20220922,001,1795
1010.6235,1010.6306,31484,43905,Myotis daubentonii,0.007,0.021,-1,Echolocation,/mnt/ubna_data_02_mir/recover-20220922/UBNA_001/20220921_090000.WAV,Telephone Field,recover-20220922,001,1795
1010.6235,1010.6312,25468,38065,Eptesicus serotinus,0.006,0.021,-1,Echolocation,/mnt/ubna_data_02_mir/recover-20220922/UBNA_001/20220921_090000.WAV,Telephone Field,recover-20220922,001,1795
1010.6235,1010.6613,68437,82054,Rhinolophus ferrumequinum,0.022,0.022,-1,Echolocation,/mnt/ubna_data_02_mir/recover-20220922/UBNA_001/20220921_090000.WAV,Telephone Field,recover-20220922,001,1795
1010.6335,1010.6685,68437,80670,Rhinolophus ferrumequinum,0.039,0.039,-1,Echolocation,/mnt/ubna_data_02_mir/recover-20220922/UBNA_001/20220921_090000.WAV,Telephone Field,recover-20220922,001,1795
1010.6645,1010.7047,68437,82115,Rhinolophus ferrumequinum,0.022,0.022,-1,Echolocation,/mnt/ubna_data_02_mir/recover-20220922/UBNA_001/20220921_090000.WAV,Telephone Field,recover-20220922,001,1795
1010.6695,1010.7098,68437,82894,Rhinolophus ferrumequinum,0.022,0.022,-1,Echolocation,/mnt/ubna_data_02_mir/recover-20220922/UBNA_001/20220921_090000.WAV,Telephone Field,recover-20220922,001,1795
1010.6835,1010.722,68437,81974,Rhinolophus ferrumequinum,0.022,0.022,-1,Echolocation,/mnt/ubna_data_02_mir/recover-20220922/UBNA_001/20220921_090000.WAV,Telephone Field,recover-20220922,001,1795
1010.6935,1010.7044,22890,26918,Nyctalus leisleri,0.012,0.022,-1,Echolocation,/mnt/ubna_data_02_mir/recover-20220922/UBNA_001/20220921_090000.WAV,Telephone Field,recover-20220922,001,1795
1010.7545,1010.7963,68437,82999,Rhinolophus ferrumequinum,0.03,0.03,-1,Echolocation,/mnt/ubna_data_02_mir/recover-20220922/UBNA_001/20220921_090000.WAV,Telephone Field,recover-20220922,001,1795
1010.7575,1010.7668,29765,38480,Eptesicus serotinus,0.008,0.023,-1,Echolocation,/mnt/ubna_data_02_mir/recover-20220922/UBNA_001/20220921_090000.WAV,Telephone Field,recover-20220922,001,1795
1010.7795,1010.8181,68437,82246,Rhinolophus ferrumequinum,0.022,0.022,-1,Echolocation,/mnt/ubna_data_02_mir/recover-20220922/UBNA_001/20220921_090000.WAV,Telephone Field,recover-20220922,001,1795
1010.7935,1010.8349,68437,83098,Rhinolophus ferrumequinum,0.025,0.025,-1,Echolocation,/mnt/ubna_data_02_mir/recover-20220922/UBNA_001/20220921_090000.WAV,Telephone Field,recover-20220922,001,1795
1010.8115,1010.8278,21171,24512,Nyctalus leisleri,0.03,0.048,-1,Echolocation,/mnt/ubna_data_02_mir/recover-20220922/UBNA_001/20220921_090000.WAV,Telephone Field,recover-20220922,001,1795
1010.8175,1010.8579,68437,81688,Rhinolophus ferrumequinum,0.022,0.022,-1,Echolocation,/mnt/ubna_data_02_mir/recover-20220922/UBNA_001/20220921_090000.WAV,Telephone Field,recover-20220922,001,1795
1010.8275,1010.8673,68437,81981,Rhinolophus ferrumequinum,0.023,0.023,-1,Echolocation,/mnt/ubna_data_02_mir/recover-20220922/UBNA_001/20220921_090000.WAV,Telephone Field,recover-20220922,001,1795
1010.8375,1010.8485000000001,28046,35214,Eptesicus serotinus,0.013,0.027,-1,Echolocation,/mnt/ubna_data_02_mir/recover-20220922/UBNA_001/20220921_090000.WAV,Telephone Field,recover-20220922,001,1795
1010.8645,1010.9032,68437,82368,Rhinolophus ferrumequinum,0.021,0.021,-1,Echolocation,/mnt/ubna_data_02_mir/recover-20220922/UBNA_001/20220921_090000.WAV,Telephone Field,recover-20220922,001,1795
1010.8975,1010.9067,23750,30420,Nyctalus leisleri,0.008,0.021,-1,Echolocation,/mnt/ubna_data_02_mir/recover-20220922/UBNA_001/20220921_090000.WAV,Telephone Field,recover-20220922,001,1795
1010.9195,1010.9544,68437,80964,Rhinolophus ferrumequinum,0.021,0.021,-1,Echolocation,/mnt/ubna_data_02_mir/recover-20220922/UBNA_001/20220921_090000.WAV,Telephone Field,recover-20220922,001,1795
1010.9715,1011.0071,68437,80798,Rhinolophus ferrumequinum,0.021,0.022,-1,Echolocation,/mnt/ubna_data_02_mir/recover-20220922/UBNA_001/20220921_090000.WAV,Telephone Field,recover-20220922,001,1795
1010.9845,1010.9951,28906,36614,Eptesicus serotinus,0.012,0.027,-1,Echolocation,/mnt/ubna_data_02_mir/recover-20220922/UBNA_001/20220921_090000.WAV,Telephone Field,recover-20220922,001,1795
1010.9915,1011.0319,68437,82037,Rhinolophus ferrumequinum,0.027,0.027,-1,Echolocation,/mnt/ubna_data_02_mir/recover-20220922/UBNA_001/20220921_090000.WAV,Telephone Field,recover-20220922,001,1795
1011.0245,1011.0360000000001,22890,28188,Nyctalus leisleri,0.013,0.028,-1,Echolocation,/mnt/ubna_data_02_mir/recover-20220922/UBNA_001/20220921_090000.WAV,Telephone Field,recover-20220922,001,1795
1011.0365,1011.0735999999999,68437,81216,Rhinolophus ferrumequinum,0.026,0.027,-1,Echolocation,/mnt/ubna_data_02_mir/recover-20220922/UBNA_001/20220921_090000.WAV,Telephone Field,recover-20220922,001,1795
1011.0495,1011.0893,68437,82199,Rhinolophus ferrumequinum,0.025,0.025,-1,Echolocation,/mnt/ubna_data_02_mir/recover-20220922/UBNA_001/20220921_090000.WAV,Telephone Field,recover-20220922,001,1795
1011.0925,1011.1352,68437,82610,Rhinolophus ferrumequinum,0.039,0.039,-1,Echolocation,/mnt/ubna_data_02_mir/recover-20220922/UBNA_001/20220921_090000.WAV,Telephone Field,recover-20220922,001,1795
1011.1065,1011.1447000000001,68437,82428,Rhinolophus ferrumequinum,0.021,0.021,-1,Echolocation,/mnt/ubna_data_02_mir/recover-20220922/UBNA_001/20220921_090000.WAV,Telephone Field,recover-20220922,001,1795
1011.1425,1011.1811,68437,81960,Rhinolophus ferrumequinum,0.021,0.021,-1,Echolocation,/mnt/ubna_data_02_mir/recover-20220922/UBNA_001/20220921_090000.WAV,Telephone Field,recover-20220922,001,1795
1011.1475,1011.1607,22890,26878,Nyctalus leisleri,0.015,0.025,-1,Echolocation,/mnt/ubna_data_02_mir/recover-20220922/UBNA_001/20220921_090000.WAV,Telephone Field,recover-20220922,001,1795
1011.1595,1011.1695,24609,32369,Nyctalus leisleri,0.007,0.023,-1,Echolocation,/mnt/ubna_data_02_mir/recover-20220922/UBNA_001/20220921_090000.WAV,Telephone Field,recover-20220922,001,1795
1011.1945,1011.2044,28906,37259,Eptesicus serotinus,0.009,0.022,-1,Echolocation,/mnt/ubna_data_02_mir/recover-20220922/UBNA_001/20220921_090000.WAV,Telephone Field,recover-20220922,001,1795
1011.2075,1011.2486,68437,82663,Rhinolophus ferrumequinum,0.026,0.026,-1,Echolocation,/mnt/ubna_data_02_mir/recover-20220922/UBNA_001/20220921_090000.WAV,Telephone Field,recover-20220922,001,1795
1011.2365,1011.2747,68437,82151,Rhinolophus ferrumequinum,0.027,0.027,-1,Echolocation,/mnt/ubna_data_02_mir/recover-20220922/UBNA_001/20220921_090000.WAV,Telephone Field,recover-20220922,001,1795
1011.2525,1011.294,68437,82532,Rhinolophus ferrumequinum,0.023,0.023,-1,Echolocation,/mnt/ubna_data_02_mir/recover-20220922/UBNA_001/20220921_090000.WAV,Telephone Field,recover-20220922,001,1795
1011.2785,1011.3182,68437,82110,Rhinolophus ferrumequinum,0.022,0.022,-1,Echolocation,/mnt/ubna_data_02_mir/recover-20220922/UBNA_001/20220921_090000.WAV,Telephone Field,recover-20220922,001,1795
1011.2835,1011.297,22890,27690,Nyctalus leisleri,0.018,0.037,-1,Echolocation,/mnt/ubna_data_02_mir/recover-20220922/UBNA_001/20220921_090000.WAV,Telephone Field,recover-20220922,001,1795
1011.2975,1011.3376,68437,82596,Rhinolophus ferrumequinum,0.027,0.027,-1,Echolocation,/mnt/ubna_data_02_mir/recover-20220922/UBNA_001/20220921_090000.WAV,Telephone Field,recover-20220922,001,1795
1011.3145,1011.3249,28906,35938,Eptesicus serotinus,0.012,0.028,-1,Echolocation,/mnt/ubna_data_02_mir/recover-20220922/UBNA_001/20220921_090000.WAV,Telephone Field,recover-20220922,001,1795
1011.3265,1011.3657,68437,82148,Rhinolophus ferrumequinum,0.022,0.022,-1,Echolocation,/mnt/ubna_data_02_mir/recover-20220922/UBNA_001/20220921_090000.WAV,Telephone Field,recover-20220922,001,1795
1011.3405,1011.3793000000001,68437,82598,Rhinolophus ferrumequinum,0.022,0.022,-1,Echolocation,/mnt/ubna_data_02_mir/recover-20220922/UBNA_001/20220921_090000.WAV,Telephone Field,recover-20220922,001,1795
1011.3495,1011.3646,22031,26086,Nyctalus leisleri,0.014,0.025,-1,Echolocation,/mnt/ubna_data_02_mir/recover-20220922/UBNA_001/20220921_090000.WAV,Telephone Field,recover-20220922,001,1795
1011.3835,1011.4223,68437,82004,Rhinolophus ferrumequinum,0.022,0.022,-1,Echolocation,/mnt/ubna_data_02_mir/recover-20220922/UBNA_001/20220921_090000.WAV,Telephone Field,recover-20220922,001,1795
1011.3965,1011.4362,68437,82175,Rhinolophus ferrumequinum,0.024,0.024,-1,Echolocation,/mnt/ubna_data_02_mir/recover-20220922/UBNA_001/20220921_090000.WAV,Telephone Field,recover-20220922,001,1795
1011.4145,1011.4269,23750,29183,Nyctalus leisleri,0.026,0.059,-1,Echolocation,/mnt/ubna_data_02_mir/recover-20220922/UBNA_001/20220921_090000.WAV,Telephone Field,recover-20220922,001,1795
1011.4315,1011.4732,68437,82721,Rhinolophus ferrumequinum,0.025,0.025,-1,Echolocation,/mnt/ubna_data_02_mir/recover-20220922/UBNA_001/20220921_090000.WAV,Telephone Field,recover-20220922,001,1795
1011.4645,1011.5022,68437,82030,Rhinolophus ferrumequinum,0.023,0.023,-1,Echolocation,/mnt/ubna_data_02_mir/recover-20220922/UBNA_001/20220921_090000.WAV,Telephone Field,recover-20220922,001,1795
1011.4795,1011.4889000000001,25468,33386,Eptesicus serotinus,0.01,0.026,-1,Echolocation,/mnt/ubna_data_02_mir/recover-20220922/UBNA_001/20220921_090000.WAV,Telephone Field,recover-20220922,001,1795
1011.5065,1011.5186,45234,48509,Pipistrellus pipistrellus,0.02,0.022,-1,Echolocation,/mnt/ubna_data_02_mir/recover-20220922/UBNA_001/20220921_090000.WAV,Telephone Field,recover-20220922,001,1795
1011.5085,1011.5476,68437,82170,Rhinolophus ferrumequinum,0.021,0.021,-1,Echolocation,/mnt/ubna_data_02_mir/recover-20220922/UBNA_001/20220921_090000.WAV,Telephone Field,recover-20220922,001,1795
1011.5145,1011.5546,68437,82199,Rhinolophus ferrumequinum,0.022,0.022,-1,Echolocation,/mnt/ubna_data_02_mir/recover-20220922/UBNA_001/20220921_090000.WAV,Telephone Field,recover-20220922,001,1795
1011.5235,1011.5421,18593,22037,Nyctalus noctula,0.012,0.022,-1,Echolocation,/mnt/ubna_data_02_mir/recover-20220922/UBNA_001/20220921_090000.WAV,Telephone Field,recover-20220922,001,1795
1011.5515,1011.5909,68437,82704,Rhinolophus ferrumequinum,0.03,0.03,-1,Echolocation,/mnt/ubna_data_02_mir/recover-20220922/UBNA_001/20220921_090000.WAV,Telephone Field,recover-20220922,001,1795
1011.5895,1011.6335,68437,83093,Rhinolophus ferrumequinum,0.046,0.046,-1,Echolocation,/mnt/ubna_data_02_mir/recover-20220922/UBNA_001/20220921_090000.WAV,Telephone Field,recover-20220922,001,1795
1011.6205,1011.6568,68437,81747,Rhinolophus ferrumequinum,0.023,0.023,-1,Echolocation,/mnt/ubna_data_02_mir/recover-20220922/UBNA_001/20220921_090000.WAV,Telephone Field,recover-20220922,001,1795
1011.6685,1011.7043,68437,81610,Rhinolophus ferrumequinum,0.022,0.022,-1,Echolocation,/mnt/ubna_data_02_mir/recover-20220922/UBNA_001/20220921_090000.WAV,Telephone Field,recover-20220922,001,1795
1011.6975,1011.7159,19453,22442,Nyctalus leisleri,0.014,0.029,-1,Echolocation,/mnt/ubna_data_02_mir/recover-20220922/UBNA_001/20220921_090000.WAV,Telephone Field,recover-20220922,001,1795
1011.7095,1011.7169,28046,38506,Eptesicus serotinus,0.009,0.026,-1,Echolocation,/mnt/ubna_data_02_mir/recover-20220922/UBNA_001/20220921_090000.WAV,Telephone Field,recover-20220922,001,1795
1011.7305,1011.7414,22031,27604,Nyctalus leisleri,0.01,0.026,-1,Echolocation,/mnt/ubna_data_02_mir/recover-20220922/UBNA_001/20220921_090000.WAV,Telephone Field,recover-20220922,001,1795
1011.7325,1011.7747,68437,82898,Rhinolophus ferrumequinum,0.036,0.036,-1,Echolocation,/mnt/ubna_data_02_mir/recover-20220922/UBNA_001/20220921_090000.WAV,Telephone Field,recover-20220922,001,1795
1011.7455,1011.7563,22890,28249,Nyctalus leisleri,0.01,0.023,-1,Echolocation,/mnt/ubna_data_02_mir/recover-20220922/UBNA_001/20220921_090000.WAV,Telephone Field,recover-20220922,001,1795
1011.7635,1011.7739,22031,26853,Nyctalus leisleri,0.009,0.021,-1,Echolocation,/mnt/ubna_data_02_mir/recover-20220922/UBNA_001/20220921_090000.WAV,Telephone Field,recover-20220922,001,1795
1011.7855,1011.8273,68437,83001,Rhinolophus ferrumequinum,0.032,0.032,-1,Echolocation,/mnt/ubna_data_02_mir/recover-20220922/UBNA_001/20220921_090000.WAV,Telephone Field,recover-20220922,001,1795
1011.7925,1011.8037,28906,35695,Eptesicus serotinus,0.017,0.032,-1,Echolocation,/mnt/ubna_data_02_mir/recover-20220922/UBNA_001/20220921_090000.WAV,Telephone Field,recover-20220922,001,1795
1011.8035,1011.843,68437,82238,Rhinolophus ferrumequinum,0.023,0.023,-1,Echolocation,/mnt/ubna_data_02_mir/recover-20220922/UBNA_001/20220921_090000.WAV,Telephone Field,recover-20220922,001,1795
1011.8275,1011.8368,28046,37980,Eptesicus serotinus,0.009,0.024,-1,Echolocation,/mnt/ubna_data_02_mir/recover-20220922/UBNA_001/20220921_090000.WAV,Telephone Field,recover-20220922,001,1795
1011.8925,1011.9022,28046,37393,Eptesicus serotinus,0.011,0.023,-1,Echolocation,/mnt/ubna_data_02_mir/recover-20220922/UBNA_001/20220921_090000.WAV,Telephone Field,recover-20220922,001,1795
1011.8945,1011.9057,22031,27102,Nyctalus leisleri,0.011,0.024,-1,Echolocation,/mnt/ubna_data_02_mir/recover-20220922/UBNA_001/20220921_090000.WAV,Telephone Field,recover-20220922,001,1795
1011.9255,1011.9347,26328,33339,Eptesicus serotinus,0.012,0.028,-1,Echolocation,/mnt/ubna_data_02_mir/recover-20220922/UBNA_001/20220921_090000.WAV,Telephone Field,recover-20220922,001,1795
1011.9845,1011.9959,23750,29541,Nyctalus leisleri,0.01,0.023,-1,Echolocation,/mnt/ubna_data_02_mir/recover-20220922/UBNA_001/20220921_090000.WAV,Telephone Field,recover-20220922,001,1795
1012.0015,1012.0087,46093,54022,Pipistrellus pipistrellus,0.02,0.025,-1,Echolocation,/mnt/ubna_data_02_mir/recover-20220922/UBNA_001/20220921_090000.WAV,Telephone Field,recover-20220922,001,1795
1012.0015,1012.0312,69296,81474,Rhinolophus ferrumequinum,0.038,0.039,-1,Echolocation,/mnt/ubna_data_02_mir/recover-20220922/UBNA_001/20220921_090000.WAV,Telephone Field,recover-20220922,001,1795
1012.0015,1012.0088,25468,35289,Plecotus austriacus,0.006,0.026,-1,Echolocation,/mnt/ubna_data_02_mir/recover-20220922/UBNA_001/20220921_090000.WAV,Telephone Field,recover-20220922,001,1795
1012.0165,1012.0554,68437,82312,Rhinolophus ferrumequinum,0.024,0.024,-1,Echolocation,/mnt/ubna_data_02_mir/recover-20220922/UBNA_001/20220921_090000.WAV,Telephone Field,recover-20220922,001,1795
1012.0315,1012.0699,68437,82210,Rhinolophus ferrumequinum,0.027,0.027,-1,Echolocation,/mnt/ubna_data_02_mir/recover-20220922/UBNA_001/20220921_090000.WAV,Telephone Field,recover-20220922,001,1795
1012.0515,1012.0922,68437,82324,Rhinolophus ferrumequinum,0.033,0.033,-1,Echolocation,/mnt/ubna_data_02_mir/recover-20220922/UBNA_001/20220921_090000.WAV,Telephone Field,recover-20220922,001,1795
1012.0545,1012.0636,47812,51476,Pipistrellus pipistrellus,0.044,0.046,-1,Echolocation,/mnt/ubna_data_02_mir/recover-20220922/UBNA_001/20220921_090000.WAV,Telephone Field,recover-20220922,001,1795
1012.0875,1012.1255,68437,81687,Rhinolophus ferrumequinum,0.022,0.023,-1,Echolocation,/mnt/ubna_data_02_mir/recover-20220922/UBNA_001/20220921_090000.WAV,Telephone Field,recover-20220922,001,1795
1012.1115,1012.1535,68437,82880,Rhinolophus ferrumequinum,0.032,0.032,-1,Echolocation,/mnt/ubna_data_02_mir/recover-20220922/UBNA_001/20220921_090000.WAV,Telephone Field,recover-20220922,001,1795
1012.1275,1012.1359,22890,30608,Plecotus austriacus,0.014,0.031,-1,Echolocation,/mnt/ubna_data_02_mir/recover-20220922/UBNA_001/20220921_090000.WAV,Telephone Field,recover-20220922,001,1795
1012.1415,1012.1512,25468,33533,Eptesicus serotinus,0.01,0.027,-1,Echolocation,/mnt/ubna_data_02_mir/recover-20220922/UBNA_001/20220921_090000.WAV,Telephone Field,recover-20220922,001,1795
1012.1595,1012.1993,68437,82197,Rhinolophus ferrumequinum,0.026,0.026,-1,Echolocation,/mnt/ubna_data_02_mir/recover-20220922/UBNA_001/20220921_090000.WAV,Telephone Field,recover-20220922,001,1795
1012.1605,1012.1717,24609,29937,Nyctalus leisleri,0.014,0.029,-1,Echolocation,/mnt/ubna_data_02_mir/recover-20220922/UBNA_001/20220921_090000.WAV,Telephone Field,recover-20220922,001,1795
1012.1835,1012.2224,68437,82148,Rhinolophus ferrumequinum,0.025,0.025,-1,Echolocation,/mnt/ubna_data_02_mir/recover-20220922/UBNA_001/20220921_090000.WAV,Telephone Field,recover-20220922,001,1795
1012.1955,1012.2102,29765,34283,Eptesicus serotinus,0.041,0.072,-1,Echolocation,/mnt/ubna_data_02_mir/recover-20220922/UBNA_001/20220921_090000.WAV,Telephone Field,recover-20220922,001,1795
1012.1985,1012.239,68437,82765,Rhinolophus ferrumequinum,0.026,0.026,-1,Echolocation,/mnt/ubna_data_02_mir/recover-20220922/UBNA_001/20220921_090000.WAV,Telephone Field,recover-20220922,001,1795
1012.2075,1012.2492,68437,83121,Rhinolophus ferrumequinum,0.032,0.032,-1,Echolocation,/mnt/ubna_data_02_mir/recover-20220922/UBNA_001/20220921_090000.WAV,Telephone Field,recover-20220922,001,1795
1012.2265,1012.2667,68437,82998,Rhinolophus ferrumequinum,0.028,0.028,-1,Echolocation,/mnt/ubna_data_02_mir/recover-20220922/UBNA_001/20220921_090000.WAV,Telephone Field,recover-20220922,001,1795
1012.2635,1012.2714,28906,39392,Eptesicus serotinus,0.007,0.024,-1,Echolocation,/mnt/ubna_data_02_mir/recover-20220922/UBNA_001/20220921_090000.WAV,Telephone Field,recover-20220922,001,1795
1012.2695,1012.3075,68437,82027,Rhinolophus ferrumequinum,0.023,0.024,-1,Echolocation,/mnt/ubna_data_02_mir/recover-20220922/UBNA_001/20220921_090000.WAV,Telephone Field,recover-20220922,001,1795
1012.2975,1012.3349,68437,81467,Rhinolophus ferrumequinum,0.026,0.026,-1,Echolocation,/mnt/ubna_data_02_mir/recover-20220922/UBNA_001/20220921_090000.WAV,Telephone Field,recover-20220922,001,1795
1012.3695,1012.4095,68437,82771,Rhinolophus ferrumequinum,0.023,0.023,-1,Echolocation,/mnt/ubna_data_02_mir/recover-20220922/UBNA_001/20220921_090000.WAV,Telephone Field,recover-20220922,001,1795
1012.3875,1012.4263,68437,82376,Rhinolophus ferrumequinum,0.023,0.023,-1,Echolocation,/mnt/ubna_data_02_mir/recover-20220922/UBNA_001/20220921_090000.WAV,Telephone Field,recover-20220922,001,1795
1012.4085,1012.4439,68437,80398,Rhinolophus ferrumequinum,0.022,0.022,-1,Echolocation,/mnt/ubna_data_02_mir/recover-20220922/UBNA_001/20220921_090000.WAV,Telephone Field,recover-20220922,001,1795
1012.4225,1012.4618,68437,82332,Rhinolophus ferrumequinum,0.025,0.025,-1,Echolocation,/mnt/ubna_data_02_mir/recover-20220922/UBNA_001/20220921_090000.WAV,Telephone Field,recover-20220922,001,1795
1012.4245,1012.4322,50390,55003,Pipistrellus pipistrellus,0.062,0.067,-1,Echolocation,/mnt/ubna_data_02_mir/recover-20220922/UBNA_001/20220921_090000.WAV,Telephone Field,recover-20220922,001,1795
1012.4405,1012.4507,22890,28900,Nyctalus leisleri,0.014,0.034,-1,Echolocation,/mnt/ubna_data_02_mir/recover-20220922/UBNA_001/20220921_090000.WAV,Telephone Field,recover-20220922,001,1795
1012.4405,1012.4793,68437,82772,Rhinolophus ferrumequinum,0.022,0.022,-1,Echolocation,/mnt/ubna_data_02_mir/recover-20220922/UBNA_001/20220921_090000.WAV,Telephone Field,recover-20220922,001,1795
1012.4485,1012.4862,68437,82478,Rhinolophus ferrumequinum,0.023,0.023,-1,Echolocation,/mnt/ubna_data_02_mir/recover-20220922/UBNA_001/20220921_090000.WAV,Telephone Field,recover-20220922,001,1795
1012.4985,1012.5056,25468,35612,Plecotus austriacus,0.009,0.027,-1,Echolocation,/mnt/ubna_data_02_mir/recover-20220922/UBNA_001/20220921_090000.WAV,Telephone Field,recover-20220922,001,1795
1012.5115,1012.5497,68437,82324,Rhinolophus ferrumequinum,0.038,0.038,-1,Echolocation,/mnt/ubna_data_02_mir/recover-20220922/UBNA_001/20220921_090000.WAV,Telephone Field,recover-20220922,001,1795
1012.5264999999999,1012.5394,34062,38080,Pipistrellus nathusii,0.011,0.034,-1,Echolocation,/mnt/ubna_data_02_mir/recover-20220922/UBNA_001/20220921_090000.WAV,Telephone Field,recover-20220922,001,1795
1012.5285,1012.5463,16875,22358,Nyctalus noctula,0.02,0.026,-1,Echolocation,/mnt/ubna_data_02_mir/recover-20220922/UBNA_001/20220921_090000.WAV,Telephone Field,recover-20220922,001,1795
1012.5795,1012.5899,27187,34176,Eptesicus serotinus,0.01,0.024,-1,Echolocation,/mnt/ubna_data_02_mir/recover-20220922/UBNA_001/20220921_090000.WAV,Telephone Field,recover-20220922,001,1795
1012.5945,1012.6313,68437,81946,Rhinolophus ferrumequinum,0.022,0.022,-1,Echolocation,/mnt/ubna_data_02_mir/recover-20220922/UBNA_001/20220921_090000.WAV,Telephone Field,recover-20220922,001,1795
1012.6095,1012.6476,68437,82432,Rhinolophus ferrumequinum,0.029,0.029,-1,Echolocation,/mnt/ubna_data_02_mir/recover-20220922/UBNA_001/20220921_090000.WAV,Telephone Field,recover-20220922,001,1795
1012.6325,1012.6695,68437,81487,Rhinolophus ferrumequinum,0.023,0.023,-1,Echolocation,/mnt/ubna_data_02_mir/recover-20220922/UBNA_001/20220921_090000.WAV,Telephone Field,recover-20220922,001,1795
1012.6335,1012.6444,22890,29949,Nyctalus leisleri,0.009,0.027,-1,Echolocation,/mnt/ubna_data_02_mir/recover-20220922/UBNA_001/20220921_090000.WAV,Telephone Field,recover-20220922,001,1795
1012.6615,1012.6772,22890,27108,Nyctalus leisleri,0.021,0.039,-1,Echolocation,/mnt/ubna_data_02_mir/recover-20220922/UBNA_001/20220921_090000.WAV,Telephone Field,recover-20220922,001,1795
1012.6745,1012.682,27187,36240,Eptesicus serotinus,0.008,0.023,-1,Echolocation,/mnt/ubna_data_02_mir/recover-20220922/UBNA_001/20220921_090000.WAV,Telephone Field,recover-20220922,001,1795
1012.7015,1012.7388,68437,81787,Rhinolophus ferrumequinum,0.023,0.023,-1,Echolocation,/mnt/ubna_data_02_mir/recover-20220922/UBNA_001/20220921_090000.WAV,Telephone Field,recover-20220922,001,1795
1012.7285,1012.7372,22890,30760,Plecotus austriacus,0.013,0.03,-1,Echolocation,/mnt/ubna_data_02_mir/recover-20220922/UBNA_001/20220921_090000.WAV,Telephone Field,recover-20220922,001,1795
1012.7385,1012.778,68437,82164,Rhinolophus ferrumequinum,0.022,0.022,-1,Echolocation,/mnt/ubna_data_02_mir/recover-20220922/UBNA_001/20220921_090000.WAV,Telephone Field,recover-20220922,001,1795
1012.7755,1012.814,68437,82119,Rhinolophus ferrumequinum,0.024,0.024,-1,Echolocation,/mnt/ubna_data_02_mir/recover-20220922/UBNA_001/20220921_090000.WAV,Telephone Field,recover-20220922,001,1795
1012.7915,1012.8007,28906,39712,Eptesicus serotinus,0.01,0.024,-1,Echolocation,/mnt/ubna_data_02_mir/recover-20220922/UBNA_001/20220921_090000.WAV,Telephone Field,recover-20220922,001,1795
1012.8135,1012.8216,27187,37118,Eptesicus serotinus,0.009,0.022,-1,Echolocation,/mnt/ubna_data_02_mir/recover-20220922/UBNA_001/20220921_090000.WAV,Telephone Field,recover-20220922,001,1795
1012.8325,1012.8699,68437,82181,Rhinolophus ferrumequinum,0.024,0.024,-1,Echolocation,/mnt/ubna_data_02_mir/recover-20220922/UBNA_001/20220921_090000.WAV,Telephone Field,recover-20220922,001,1795
1012.8625,1012.8706999999999,26328,36671,Eptesicus serotinus,0.01,0.028,-1,Echolocation,/mnt/ubna_data_02_mir/recover-20220922/UBNA_001/20220921_090000.WAV,Telephone Field,recover-20220922,001,1795
1012.8635,1012.8978,68437,81781,Rhinolophus ferrumequinum,0.023,0.023,-1,Echolocation,/mnt/ubna_data_02_mir/recover-20220922/UBNA_001/20220921_090000.WAV,Telephone Field,recover-20220922,001,1795
1012.8895,1012.9267,68437,81443,Rhinolophus ferrumequinum,0.025,0.025,-1,Echolocation,/mnt/ubna_data_02_mir/recover-20220922/UBNA_001/20220921_090000.WAV,Telephone Field,recover-20220922,001,1795
1012.9085,1012.9495,68437,82764,Rhinolophus ferrumequinum,0.037,0.038,-1,Echolocation,/mnt/ubna_data_02_mir/recover-20220922/UBNA_001/20220921_090000.WAV,Telephone Field,recover-20220922,001,1795
1012.9275,1012.935,24609,33829,Plecotus austriacus,0.007,0.023,-1,Echolocation,/mnt/ubna_data_02_mir/recover-20220922/UBNA_001/20220921_090000.WAV,Telephone Field,recover-20220922,001,1795
1012.9565,1012.9639,22890,31004,Plecotus austriacus,0.014,0.026,-1,Echolocation,/mnt/ubna_data_02_mir/recover-20220922/UBNA_001/20220921_090000.WAV,Telephone Field,recover-20220922,001,1795
1012.9885,1012.9994,22031,27110,Nyctalus leisleri,0.012,0.026,-1,Echolocation,/mnt/ubna_data_02_mir/recover-20220922/UBNA_001/20220921_090000.WAV,Telephone Field,recover-20220922,001,1795
1012.9885,1013.0289,68437,82625,Rhinolophus ferrumequinum,0.03,0.03,-1,Echolocation,/mnt/ubna_data_02_mir/recover-20220922/UBNA_001/20220921_090000.WAV,Telephone Field,recover-20220922,001,1795
1013.0035,1013.0237,18593,21816,Nyctalus noctula,0.014,0.026,-1,Echolocation,/mnt/ubna_data_02_mir/recover-20220922/UBNA_001/20220921_090000.WAV,Telephone Field,recover-20220922,001,1795
1013.0275,1013.0646,68437,81710,Rhinolophus ferrumequinum,0.022,0.022,-1,Echolocation,/mnt/ubna_data_02_mir/recover-20220922/UBNA_001/20220921_090000.WAV,Telephone Field,recover-20220922,001,1795
1013.0275,1013.0375,56406,62258,Pipistrellus pygmaeus,0.026,0.026,-1,Echolocation,/mnt/ubna_data_02_mir/recover-20220922/UBNA_001/20220921_090000.WAV,Telephone Field,recover-20220922,001,1795
1013.0515,1013.0882,68437,82161,Rhinolophus ferrumequinum,0.022,0.022,-1,Echolocation,/mnt/ubna_data_02_mir/recover-20220922/UBNA_001/20220921_090000.WAV,Telephone Field,recover-20220922,001,1795
1013.0735,1013.1145,68437,82576,Rhinolophus ferrumequinum,0.031,0.031,-1,Echolocation,/mnt/ubna_data_02_mir/recover-20220922/UBNA_001/20220921_090000.WAV,Telephone Field,recover-20220922,001,1795
1013.0875,1013.1282,68437,82395,Rhinolophus ferrumequinum,0.025,0.025,-1,Echolocation,/mnt/ubna_data_02_mir/recover-20220922/UBNA_001/20220921_090000.WAV,Telephone Field,recover-20220922,001,1795
1013.1415,1013.1788,68437,82028,Rhinolophus ferrumequinum,0.024,0.024,-1,Echolocation,/mnt/ubna_data_02_mir/recover-20220922/UBNA_001/20220921_090000.WAV,Telephone Field,recover-20220922,001,1795
1013.1505,1013.1619,24609,29617,Nyctalus leisleri,0.011,0.023,-1,Echolocation,/mnt/ubna_data_02_mir/recover-20220922/UBNA_001/20220921_090000.WAV,Telephone Field,recover-20220922,001,1795
1013.1595,1013.1968,68437,81813,Rhinolophus ferrumequinum,0.026,0.026,-1,Echolocation,/mnt/ubna_data_02_mir/recover-20220922/UBNA_001/20220921_090000.WAV,Telephone Field,recover-20220922,001,1795
1013.1735,1013.2084,68437,81227,Rhinolophus ferrumequinum,0.023,0.023,-1,Echolocation,/mnt/ubna_data_02_mir/recover-20220922/UBNA_001/20220921_090000.WAV,Telephone Field,recover-20220922,001,1795
1013.1995,1013.2073,28906,37684,Eptesicus serotinus,0.007,0.022,-1,Echolocation,/mnt/ubna_data_02_mir/recover-20220922/UBNA_001/20220921_090000.WAV,Telephone Field,recover-20220922,001,1795
1013.2005,1013.2382,68437,81713,Rhinolophus ferrumequinum,0.035,0.035,-1,Echolocation,/mnt/ubna_data_02_mir/recover-20220922/UBNA_001/20220921_090000.WAV,Telephone Field,recover-20220922,001,1795
1013.2235000000001,1013.232,28046,37487,Eptesicus serotinus,0.01,0.025,-1,Echolocation,/mnt/ubna_data_02_mir/recover-20220922/UBNA_001/20220921_090000.WAV,Telephone Field,recover-20220922,001,1795
1013.2325,1013.2731,68437,83295,Rhinolophus ferrumequinum,0.028,0.028,-1,Echolocation,/mnt/ubna_data_02_mir/recover-20220922/UBNA_001/20220921_090000.WAV,Telephone Field,recover-20220922,001,1795
1013.2695,1013.2788,22890,30182,Nyctalus leisleri,0.009,0.026,-1,Echolocation,/mnt/ubna_data_02_mir/recover-20220922/UBNA_001/20220921_090000.WAV,Telephone Field,recover-20220922,001,1795
1013.2925,1013.3241,68437,79934,Rhinolophus ferrumequinum,0.022,0.022,-1,Echolocation,/mnt/ubna_data_02_mir/recover-20220922/UBNA_001/20220921_090000.WAV,Telephone Field,recover-20220922,001,1795
1013.3005,1013.3356,68437,81113,Rhinolophus ferrumequinum,0.022,0.022,-1,Echolocation,/mnt/ubna_data_02_mir/recover-20220922/UBNA_001/20220921_090000.WAV,Telephone Field,recover-20220922,001,1795
1013.3255,1013.335,27187,36215,Eptesicus serotinus,0.012,0.025,-1,Echolocation,/mnt/ubna_data_02_mir/recover-20220922/UBNA_001/20220921_090000.WAV,Telephone Field,recover-20220922,001,1795
1013.3325,1013.3725,68437,81991,Rhinolophus ferrumequinum,0.026,0.026,-1,Echolocation,/mnt/ubna_data_02_mir/recover-20220922/UBNA_001/20220921_090000.WAV,Telephone Field,recover-20220922,001,1795
1013.3345,1013.3442,26328,33817,Eptesicus serotinus,0.013,0.03,-1,Echolocation,/mnt/ubna_data_02_mir/recover-20220922/UBNA_001/20220921_090000.WAV,Telephone Field,recover-20220922,001,1795
1013.3585,1013.4003,68437,83322,Rhinolophus ferrumequinum,0.049,0.049,-1,Echolocation,/mnt/ubna_data_02_mir/recover-20220922/UBNA_001/20220921_090000.WAV,Telephone Field,recover-20220922,001,1795
1013.3595,1013.3677,28046,39150,Eptesicus serotinus,0.007,0.022,-1,Echolocation,/mnt/ubna_data_02_mir/recover-20220922/UBNA_001/20220921_090000.WAV,Telephone Field,recover-20220922,001,1795
1013.4155,1013.4507,68437,82316,Rhinolophus ferrumequinum,0.029,0.029,-1,Echolocation,/mnt/ubna_data_02_mir/recover-20220922/UBNA_001/20220921_090000.WAV,Telephone Field,recover-20220922,001,1795
1013.4265,1013.4671,68437,81993,Rhinolophus ferrumequinum,0.022,0.022,-1,Echolocation,/mnt/ubna_data_02_mir/recover-20220922/UBNA_001/20220921_090000.WAV,Telephone Field,recover-20220922,001,1795
1013.4285,1013.4506,19453,22368,Nyctalus noctula,0.019,0.037,-1,Echolocation,/mnt/ubna_data_02_mir/recover-20220922/UBNA_001/20220921_090000.WAV,Telephone Field,recover-20220922,001,1795
1013.4345,1013.441,24609,38842,Plecotus austriacus,0.008,0.025,-1,Echolocation,/mnt/ubna_data_02_mir/recover-20220922/UBNA_001/20220921_090000.WAV,Telephone Field,recover-20220922,001,1795
1013.4485,1013.4856,68437,81644,Rhinolophus ferrumequinum,0.022,0.022,-1,Echolocation,/mnt/ubna_data_02_mir/recover-20220922/UBNA_001/20220921_090000.WAV,Telephone Field,recover-20220922,001,1795
1013.4595,1013.4985,68437,82020,Rhinolophus ferrumequinum,0.022,0.022,-1,Echolocation,/mnt/ubna_data_02_mir/recover-20220922/UBNA_001/20220921_090000.WAV,Telephone Field,recover-20220922,001,1795
1013.5135,1013.5523,68437,82102,Rhinolophus ferrumequinum,0.025,0.025,-1,Echolocation,/mnt/ubna_data_02_mir/recover-20220922/UBNA_001/20220921_090000.WAV,Telephone Field,recover-20220922,001,1795
1013.5575,1013.5935,68437,81220,Rhinolophus ferrumequinum,0.024,0.024,-1,Echolocation,/mnt/ubna_data_02_mir/recover-20220922/UBNA_001/20220921_090000.WAV,Telephone Field,recover-20220922,001,1795
1013.5635,1013.5993,68437,81654,Rhinolophus ferrumequinum,0.024,0.024,-1,Echolocation,/mnt/ubna_data_02_mir/recover-20220922/UBNA_001/20220921_090000.WAV,Telephone Field,recover-20220922,001,1795
1013.5925,1013.6339,68437,83055,Rhinolophus ferrumequinum,0.037,0.037,-1,Echolocation,/mnt/ubna_data_02_mir/recover-20220922/UBNA_001/20220921_090000.WAV,Telephone Field,recover-20220922,001,1795
1013.6435,1013.6838,68437,82888,Rhinolophus ferrumequinum,0.029,0.029,-1,Echolocation,/mnt/ubna_data_02_mir/recover-20220922/UBNA_001/20220921_090000.WAV,Telephone Field,recover-20220922,001,1795
1013.6985,1013.7089,28906,36285,Eptesicus serotinus,0.011,0.024,-1,Echolocation,/mnt/ubna_data_02_mir/recover-20220922/UBNA_001/20220921_090000.WAV,Telephone Field,recover-20220922,001,1795
1013.7085,1013.7444,68437,81590,Rhinolophus ferrumequinum,0.022,0.022,-1,Echolocation,/mnt/ubna_data_02_mir/recover-20220922/UBNA_001/20220921_090000.WAV,Telephone Field,recover-20220922,001,1795
1013.7215,1013.7614,68437,82947,Rhinolophus ferrumequinum,0.031,0.031,-1,Echolocation,/mnt/ubna_data_02_mir/recover-20220922/UBNA_001/20220921_090000.WAV,Telephone Field,recover-20220922,001,1795
1013.7275,1013.7422,39218,42012,Pipistrellus nathusii,0.084,0.097,-1,Echolocation,/mnt/ubna_data_02_mir/recover-20220922/UBNA_001/20220921_090000.WAV,Telephone Field,recover-20220922,001,1795
1013.7415,1013.7781,68437,81771,Rhinolophus ferrumequinum,0.022,0.023,-1,Echolocation,/mnt/ubna_data_02_mir/recover-20220922/UBNA_001/20220921_090000.WAV,Telephone Field,recover-20220922,001,1795
1013.7425,1013.7499,28906,40434,Eptesicus serotinus,0.007,0.023,-1,Echolocation,/mnt/ubna_data_02_mir/recover-20220922/UBNA_001/20220921_090000.WAV,Telephone Field,recover-20220922,001,1795
1013.7655,1013.7766,23750,28900,Nyctalus leisleri,0.011,0.023,-1,Echolocation,/mnt/ubna_data_02_mir/recover-20220922/UBNA_001/20220921_090000.WAV,Telephone Field,recover-20220922,001,1795
1013.8225,1013.8614,68437,81981,Rhinolophus ferrumequinum,0.024,0.024,-1,Echolocation,/mnt/ubna_data_02_mir/recover-20220922/UBNA_001/20220921_090000.WAV,Telephone Field,recover-20220922,001,1795
1013.8635,1013.9023,68437,81808,Rhinolophus ferrumequinum,0.022,0.022,-1,Echolocation,/mnt/ubna_data_02_mir/recover-20220922/UBNA_001/20220921_090000.WAV,Telephone Field,recover-20220922,001,1795
1013.9025,1013.9398,68437,82008,Rhinolophus ferrumequinum,0.022,0.022,-1,Echolocation,/mnt/ubna_data_02_mir/recover-20220922/UBNA_001/20220921_090000.WAV,Telephone Field,recover-20220922,001,1795
1013.9095,1013.9188,44375,47746,Pipistrellus pipistrellus,0.023,0.024,-1,Echolocation,/mnt/ubna_data_02_mir/recover-20220922/UBNA_001/20220921_090000.WAV,Telephone Field,recover-20220922,001,1795
1013.9245,1013.9627,68437,82880,Rhinolophus ferrumequinum,0.024,0.024,-1,Echolocation,/mnt/ubna_data_02_mir/recover-20220922/UBNA_001/20220921_090000.WAV,Telephone Field,recover-20220922,001,1795
1013.9285,1013.9359,13437,27055,Plecotus auritus,0.037,0.044,-1,Echolocation,/mnt/ubna_data_02_mir/recover-20220922/UBNA_001/20220921_090000.WAV,Telephone Field,recover-20220922,001,1795
1013.9385,1013.9467,34062,38857,Barbastellus barbastellus,0.035,0.061,-1,Echolocation,/mnt/ubna_data_02_mir/recover-20220922/UBNA_001/20220921_090000.WAV,Telephone Field,recover-20220922,001,1795
1013.9485,1013.9809,68437,81238,Rhinolophus ferrumequinum,0.022,0.022,-1,Echolocation,/mnt/ubna_data_02_mir/recover-20220922/UBNA_001/20220921_090000.WAV,Telephone Field,recover-20220922,001,1795
1013.9585,1013.9951,68437,81730,Rhinolophus ferrumequinum,0.022,0.022,-1,Echolocation,/mnt/ubna_data_02_mir/recover-20220922/UBNA_001/20220921_090000.WAV,Telephone Field,recover-20220922,001,1795
1014.0015,1014.0124,47812,55125,Pipistrellus pipistrellus,0.021,0.026,-1,Echolocation,/mnt/ubna_data_02_mir/recover-20220922/UBNA_001/20220921_090000.WAV,Telephone Field,recover-20220922,001,1795
1014.0015,1014.0119,22031,27699,Nyctalus leisleri,0.011,0.027,-1,Echolocation,/mnt/ubna_data_02_mir/recover-20220922/UBNA_001/20220921_090000.WAV,Telephone Field,recover-20220922,001,1795
1014.0115,1014.0531,68437,82150,Rhinolophus ferrumequinum,0.025,0.025,-1,Echolocation,/mnt/ubna_data_02_mir/recover-20220922/UBNA_001/20220921_090000.WAV,Telephone Field,recover-20220922,001,1795
1014.0405,1014.0715,68437,80036,Rhinolophus ferrumequinum,0.033,0.033,-1,Echolocation,/mnt/ubna_data_02_mir/recover-20220922/UBNA_001/20220921_090000.WAV,Telephone Field,recover-20220922,001,1795
1014.0685,1014.0787,22890,29256,Nyctalus leisleri,0.011,0.029,-1,Echolocation,/mnt/ubna_data_02_mir/recover-20220922/UBNA_001/20220921_090000.WAV,Telephone Field,recover-20220922,001,1795
1014.0865,1014.1275,68437,83001,Rhinolophus ferrumequinum,0.026,0.026,-1,Echolocation,/mnt/ubna_data_02_mir/recover-20220922/UBNA_001/20220921_090000.WAV,Telephone Field,recover-20220922,001,1795
1014.0955,1014.1056,28046,35200,Eptesicus serotinus,0.01,0.023,-1,Echolocation,/mnt/ubna_data_02_mir/recover-20220922/UBNA_001/20220921_090000.WAV,Telephone Field,recover-20220922,001,1795
1014.1365,1014.177,68437,82206,Rhinolophus ferrumequinum,0.022,0.023,-1,Echolocation,/mnt/ubna_data_02_mir/recover-20220922/UBNA_001/20220921_090000.WAV,Telephone Field,recover-20220922,001,1795
1014.1795,1014.221,68437,82377,Rhinolophus ferrumequinum,0.022,0.022,-1,Echolocation,/mnt/ubna_data_02_mir/recover-20220922/UBNA_001/20220921_090000.WAV,Telephone Field,recover-20220922,001,1795
1014.2115,1014.2477,68437,81683,Rhinolophus ferrumequinum,0.034,0.034,-1,Echolocation,/mnt/ubna_data_02_mir/recover-20220922/UBNA_001/20220921_090000.WAV,Telephone Field,recover-20220922,001,1795
1014.2155,1014.2225,23750,32272,Plecotus austriacus,0.011,0.026,-1,Echolocation,/mnt/ubna_data_02_mir/recover-20220922/UBNA_001/20220921_090000.WAV,Telephone Field,recover-20220922,001,1795
1014.2925,1014.3311,68437,81808,Rhinolophus ferrumequinum,0.021,0.021,-1,Echolocation,/mnt/ubna_data_02_mir/recover-20220922/UBNA_001/20220921_090000.WAV,Telephone Field,recover-20220922,001,1795
1014.2975,1014.3088,28906,36353,Eptesicus serotinus,0.012,0.024,-1,Echolocation,/mnt/ubna_data_02_mir/recover-20220922/UBNA_001/20220921_090000.WAV,Telephone Field,recover-20220922,001,1795
1014.3125,1014.3527,68437,82601,Rhinolophus ferrumequinum,0.023,0.023,-1,Echolocation,/mnt/ubna_data_02_mir/recover-20220922/UBNA_001/20220921_090000.WAV,Telephone Field,recover-20220922,001,1795
1014.3415,1014.3852,68437,83491,Rhinolophus ferrumequinum,0.028,0.028,-1,Echolocation,/mnt/ubna_data_02_mir/recover-20220922/UBNA_001/20220921_090000.WAV,Telephone Field,recover-20220922,001,1795
1014.3565,1014.3972,68437,82884,Rhinolophus ferrumequinum,0.022,0.022,-1,Echolocation,/mnt/ubna_data_02_mir/recover-20220922/UBNA_001/20220921_090000.WAV,Telephone Field,recover-20220922,001,1795
1014.3765,1014.3894,22890,26751,Nyctalus leisleri,0.016,0.027,-1,Echolocation,/mnt/ubna_data_02_mir/recover-20220922/UBNA_001/20220921_090000.WAV,Telephone Field,recover-20220922,001,1795
1014.3985,1014.4383,68437,82415,Rhinolophus ferrumequinum,0.022,0.022,-1,Echolocation,/mnt/ubna_data_02_mir/recover-20220922/UBNA_001/20220921_090000.WAV,Telephone Field,recover-20220922,001,1795
1014.4435,1014.4844,68437,82532,Rhinolophus ferrumequinum,0.025,0.025,-1,Echolocation,/mnt/ubna_data_02_mir/recover-20220922/UBNA_001/20220921_090000.WAV,Telephone Field,recover-20220922,001,1795
1014.4445,1014.4543,28906,37640,Eptesicus serotinus,0.01,0.024,-1,Echolocation,/mnt/ubna_data_02_mir/recover-20220922/UBNA_001/20220921_090000.WAV,Telephone Field,recover-20220922,001,1795
1014.4555,1014.4691,39218,42126,Pipistrellus nathusii,0.028,0.039,-1,Echolocation,/mnt/ubna_data_02_mir/recover-20220922/UBNA_001/20220921_090000.WAV,Telephone Field,recover-20220922,001,1795
1014.4595,1014.4977,68437,82152,Rhinolophus ferrumequinum,0.022,0.022,-1,Echolocation,/mnt/ubna_data_02_mir/recover-20220922/UBNA_001/20220921_090000.WAV,Telephone Field,recover-20220922,001,1795
1014.5105,1014.5514000000001,68437,82162,Rhinolophus ferrumequinum,0.022,0.022,-1,Echolocation,/mnt/ubna_data_02_mir/recover-20220922/UBNA_001/20220921_090000.WAV,Telephone Field,recover-20220922,001,1795
1014.5145,1014.5238,47812,56598,Pipistrellus pipistrellus,0.022,0.025,-1,Echolocation,/mnt/ubna_data_02_mir/recover-20220922/UBNA_001/20220921_090000.WAV,Telephone Field,recover-20220922,001,1795
1014.5465,1014.5879,68437,82416,Rhinolophus ferrumequinum,0.023,0.023,-1,Echolocation,/mnt/ubna_data_02_mir/recover-20220922/UBNA_001/20220921_090000.WAV,Telephone Field,recover-20220922,001,1795
1014.5475,1014.5579,22890,28628,Nyctalus leisleri,0.01,0.022,-1,Echolocation,/mnt/ubna_data_02_mir/recover-20220922/UBNA_001/20220921_090000.WAV,Telephone Field,recover-20220922,001,1795
1014.6385,1014.6749,68437,81756,Rhinolophus ferrumequinum,0.022,0.022,-1,Echolocation,/mnt/ubna_data_02_mir/recover-20220922/UBNA_001/20220921_090000.WAV,Telephone Field,recover-20220922,001,1795
1014.6475,1014.6844,68437,81566,Rhinolophus ferrumequinum,0.022,0.022,-1,Echolocation,/mnt/ubna_data_02_mir/recover-20220922/UBNA_001/20220921_090000.WAV,Telephone Field,recover-20220922,001,1795
1014.6535,1014.6914,68437,82109,Rhinolophus ferrumequinum,0.022,0.022,-1,Echolocation,/mnt/ubna_data_02_mir/recover-20220922/UBNA_001/20220921_090000.WAV,Telephone Field,recover-20220922,001,1795
1014.7285,1014.7706000000001,68437,82947,Rhinolophus ferrumequinum,0.026,0.026,-1,Echolocation,/mnt/ubna_data_02_mir/recover-20220922/UBNA_001/20220921_090000.WAV,Telephone Field,recover-20220922,001,1795
1014.7375,1014.7764999999999,68437,82151,Rhinolophus ferrumequinum,0.025,0.025,-1,Echolocation,/mnt/ubna_data_02_mir/recover-20220922/UBNA_001/20220921_090000.WAV,Telephone Field,recover-20220922,001,1795
1014.7465,1014.7843,68437,82110,Rhinolophus ferrumequinum,0.025,0.025,-1,Echolocation,/mnt/ubna_data_02_mir/recover-20220922/UBNA_001/20220921_090000.WAV,Telephone Field,recover-20220922,001,1795
1014.7815,1014.7909,28906,36570,Eptesicus serotinus,0.008,0.023,-1,Echolocation,/mnt/ubna_data_02_mir/recover-20220922/UBNA_001/20220921_090000.WAV,Telephone Field,recover-20220922,001,1795
1014.8445,1014.8875,68437,82980,Rhinolophus ferrumequinum,0.027,0.027,-1,Echolocation,/mnt/ubna_data_02_mir/recover-20220922/UBNA_001/20220921_090000.WAV,Telephone Field,recover-20220922,001,1795
1014.8575,1014.866,27187,40687,Eptesicus serotinus,0.009,0.024,-1,Echolocation,/mnt/ubna_data_02_mir/recover-20220922/UBNA_001/20220921_090000.WAV,Telephone Field,recover-20220922,001,1795
1014.8585,1014.8667,33203,42671,Myotis daubentonii,0.008,0.024,-1,Echolocation,/mnt/ubna_data_02_mir/recover-20220922/UBNA_001/20220921_090000.WAV,Telephone Field,recover-20220922,001,1795
1014.8645,1014.8742,29765,36771,Eptesicus serotinus,0.011,0.025,-1,Echolocation,/mnt/ubna_data_02_mir/recover-20220922/UBNA_001/20220921_090000.WAV,Telephone Field,recover-20220922,001,1795
1014.9355,1014.9743,68437,82145,Rhinolophus ferrumequinum,0.024,0.024,-1,Echolocation,/mnt/ubna_data_02_mir/recover-20220922/UBNA_001/20220921_090000.WAV,Telephone Field,recover-20220922,001,1795
1014.9475,1014.9847,68437,81764,Rhinolophus ferrumequinum,0.04,0.04,-1,Echolocation,/mnt/ubna_data_02_mir/recover-20220922/UBNA_001/20220921_090000.WAV,Telephone Field,recover-20220922,001,1795
1014.9805,1014.9921,22031,25901,Nyctalus leisleri,0.013,0.022,-1,Echolocation,/mnt/ubna_data_02_mir/recover-20220922/UBNA_001/20220921_090000.WAV,Telephone Field,recover-20220922,001,1795
1015.0075,1015.0481,68437,81745,Rhinolophus ferrumequinum,0.024,0.024,-1,Echolocation,/mnt/ubna_data_02_mir/recover-20220922/UBNA_001/20220921_090000.WAV,Telephone Field,recover-20220922,001,1795
1015.0445,1015.0846,68437,82233,Rhinolophus ferrumequinum,0.026,0.026,-1,Echolocation,/mnt/ubna_data_02_mir/recover-20220922/UBNA_001/20220921_090000.WAV,Telephone Field,recover-20220922,001,1795
1015.0515,1015.0929,68437,82573,Rhinolophus ferrumequinum,0.026,0.026,-1,Echolocation,/mnt/ubna_data_02_mir/recover-20220922/UBNA_001/20220921_090000.WAV,Telephone Field,recover-20220922,001,1795
1015.0555,1015.0647,27187,38749,Eptesicus serotinus,0.008,0.022,-1,Echolocation,/mnt/ubna_data_02_mir/recover-20220922/UBNA_001/20220921_090000.WAV,Telephone Field,recover-20220922,001,1795
1015.0655,1015.0757,22890,27534,Nyctalus leisleri,0.011,0.022,-1,Echolocation,/mnt/ubna_data_02_mir/recover-20220922/UBNA_001/20220921_090000.WAV,Telephone Field,recover-20220922,001,1795
1015.0935,1015.1011,44375,51667,Pipistrellus pipistrellus,0.022,0.026,-1,Echolocation,/mnt/ubna_data_02_mir/recover-20220922/UBNA_001/20220921_090000.WAV,Telephone Field,recover-20220922,001,1795
1015.0935,1015.1332,68437,82596,Rhinolophus ferrumequinum,0.035,0.035,-1,Echolocation,/mnt/ubna_data_02_mir/recover-20220922/UBNA_001/20220921_090000.WAV,Telephone Field,recover-20220922,001,1795
1015.1265,1015.1657,68437,82063,Rhinolophus ferrumequinum,0.022,0.022,-1,Echolocation,/mnt/ubna_data_02_mir/recover-20220922/UBNA_001/20220921_090000.WAV,Telephone Field,recover-20220922,001,1795
1015.1355,1015.1727,68437,82175,Rhinolophus ferrumequinum,0.022,0.022,-1,Echolocation,/mnt/ubna_data_02_mir/recover-20220922/UBNA_001/20220921_090000.WAV,Telephone Field,recover-20220922,001,1795
1015.1675,1015.2072000000001,68437,82747,Rhinolophus ferrumequinum,0.022,0.022,-1,Echolocation,/mnt/ubna_data_02_mir/recover-20220922/UBNA_001/20220921_090000.WAV,Telephone Field,recover-20220922,001,1795
1015.1715,1015.1802,25468,34131,Eptesicus serotinus,0.007,0.022,-1,Echolocation,/mnt/ubna_data_02_mir/recover-20220922/UBNA_001/20220921_090000.WAV,Telephone Field,recover-20220922,001,1795
1015.1925,1015.2314,68437,82506,Rhinolophus ferrumequinum,0.022,0.022,-1,Echolocation,/mnt/ubna_data_02_mir/recover-20220922/UBNA_001/20220921_090000.WAV,Telephone Field,recover-20220922,001,1795
1015.2195,1015.2596,68437,81987,Rhinolophus ferrumequinum,0.03,0.03,-1,Echolocation,/mnt/ubna_data_02_mir/recover-20220922/UBNA_001/20220921_090000.WAV,Telephone Field,recover-20220922,001,1795
1015.2245,1015.2345,28906,37804,Eptesicus serotinus,0.011,0.025,-1,Echolocation,/mnt/ubna_data_02_mir/recover-20220922/UBNA_001/20220921_090000.WAV,Telephone Field,recover-20220922,001,1795
1015.2385,1015.2784,68437,81609,Rhinolophus ferrumequinum,0.022,0.022,-1,Echolocation,/mnt/ubna_data_02_mir/recover-20220922/UBNA_001/20220921_090000.WAV,Telephone Field,recover-20220922,001,1795
1015.3785,1015.4181,68437,82301,Rhinolophus ferrumequinum,0.022,0.022,-1,Echolocation,/mnt/ubna_data_02_mir/recover-20220922/UBNA_001/20220921_090000.WAV,Telephone Field,recover-20220922,001,1795
1015.3835,1015.4259,68437,82385,Rhinolophus ferrumequinum,0.022,0.022,-1,Echolocation,/mnt/ubna_data_02_mir/recover-20220922/UBNA_001/20220921_090000.WAV,Telephone Field,recover-20220922,001,1795
1015.3985,1015.4385,68437,81789,Rhinolophus ferrumequinum,0.024,0.024,-1,Echolocation,/mnt/ubna_data_02_mir/recover-20220922/UBNA_001/20220921_090000.WAV,Telephone Field,recover-20220922,001,1795
1015.4195,1015.455,68437,82009,Rhinolophus ferrumequinum,0.022,0.022,-1,Echolocation,/mnt/ubna_data_02_mir/recover-20220922/UBNA_001/20220921_090000.WAV,Telephone Field,recover-20220922,001,1795
1015.4325,1015.4736,68437,82508,Rhinolophus ferrumequinum,0.027,0.027,-1,Echolocation,/mnt/ubna_data_02_mir/recover-20220922/UBNA_001/20220921_090000.WAV,Telephone Field,recover-20220922,001,1795
1015.4555,1015.4944,68437,81538,Rhinolophus ferrumequinum,0.024,0.024,-1,Echolocation,/mnt/ubna_data_02_mir/recover-20220922/UBNA_001/20220921_090000.WAV,Telephone Field,recover-20220922,001,1795
1015.4885,1015.5264999999999,68437,81620,Rhinolophus ferrumequinum,0.022,0.022,-1,Echolocation,/mnt/ubna_data_02_mir/recover-20220922/UBNA_001/20220921_090000.WAV,Telephone Field,recover-20220922,001,1795
1015.4975,1015.508,23750,29575,Nyctalus leisleri,0.013,0.034,-1,Echolocation,/mnt/ubna_data_02_mir/recover-20220922/UBNA_001/20220921_090000.WAV,Telephone Field,recover-20220922,001,1795
1015.5155,1015.5541,68437,81923,Rhinolophus ferrumequinum,0.021,0.021,-1,Echolocation,/mnt/ubna_data_02_mir/recover-20220922/UBNA_001/20220921_090000.WAV,Telephone Field,recover-20220922,001,1795
1015.5235,1015.5624,68437,82358,Rhinolophus ferrumequinum,0.022,0.023,-1,Echolocation,/mnt/ubna_data_02_mir/recover-20220922/UBNA_001/20220921_090000.WAV,Telephone Field,recover-20220922,001,1795
1015.5505,1015.587,68437,81302,Rhinolophus ferrumequinum,0.031,0.031,-1,Echolocation,/mnt/ubna_data_02_mir/recover-20220922/UBNA_001/20220921_090000.WAV,Telephone Field,recover-20220922,001,1795
1015.5585,1015.5953,68437,81055,Rhinolophus ferrumequinum,0.023,0.023,-1,Echolocation,/mnt/ubna_data_02_mir/recover-20220922/UBNA_001/20220921_090000.WAV,Telephone Field,recover-20220922,001,1795
1015.5595,1015.5714,32343,37425,Barbastellus barbastellus,0.009,0.032,-1,Echolocation,/mnt/ubna_data_02_mir/recover-20220922/UBNA_001/20220921_090000.WAV,Telephone Field,recover-20220922,001,1795
1015.5745,1015.5826,28906,39219,Eptesicus serotinus,0.008,0.023,-1,Echolocation,/mnt/ubna_data_02_mir/recover-20220922/UBNA_001/20220921_090000.WAV,Telephone Field,recover-20220922,001,1795
1015.6065,1015.6151,26328,35464,Eptesicus serotinus,0.015,0.032,-1,Echolocation,/mnt/ubna_data_02_mir/recover-20220922/UBNA_001/20220921_090000.WAV,Telephone Field,recover-20220922,001,1795
1015.6295,1015.6392,22890,29745,Nyctalus leisleri,0.011,0.034,-1,Echolocation,/mnt/ubna_data_02_mir/recover-20220922/UBNA_001/20220921_090000.WAV,Telephone Field,recover-20220922,001,1795
1015.6395,1015.6751,68437,80965,Rhinolophus ferrumequinum,0.03,0.03,-1,Echolocation,/mnt/ubna_data_02_mir/recover-20220922/UBNA_001/20220921_090000.WAV,Telephone Field,recover-20220922,001,1795
1015.6575,1015.6939,68437,81554,Rhinolophus ferrumequinum,0.023,0.023,-1,Echolocation,/mnt/ubna_data_02_mir/recover-20220922/UBNA_001/20220921_090000.WAV,Telephone Field,recover-20220922,001,1795
1015.6615,1015.6681,28906,41275,Eptesicus serotinus,0.006,0.023,-1,Echolocation,/mnt/ubna_data_02_mir/recover-20220922/UBNA_001/20220921_090000.WAV,Telephone Field,recover-20220922,001,1795
1015.6665,1015.7044,68437,81885,Rhinolophus ferrumequinum,0.022,0.022,-1,Echolocation,/mnt/ubna_data_02_mir/recover-20220922/UBNA_001/20220921_090000.WAV,Telephone Field,recover-20220922,001,1795
1015.7205,1015.729,26328,35142,Eptesicus serotinus,0.01,0.024,-1,Echolocation,/mnt/ubna_data_02_mir/recover-20220922/UBNA_001/20220921_090000.WAV,Telephone Field,recover-20220922,001,1795
1015.7375,1015.7753,68437,82152,Rhinolophus ferrumequinum,0.024,0.024,-1,Echolocation,/mnt/ubna_data_02_mir/recover-20220922/UBNA_001/20220921_090000.WAV,Telephone Field,recover-20220922,001,1795
1015.7585,1015.7986,68437,82139,Rhinolophus ferrumequinum,0.029,0.029,-1,Echolocation,/mnt/ubna_data_02_mir/recover-20220922/UBNA_001/20220921_090000.WAV,Telephone Field,recover-20220922,001,1795
1015.8365,1015.8455,25468,33766,Eptesicus serotinus,0.007,0.022,-1,Echolocation,/mnt/ubna_data_02_mir/recover-20220922/UBNA_001/20220921_090000.WAV,Telephone Field,recover-20220922,001,1795
1015.8565,1015.8969,68437,82898,Rhinolophus ferrumequinum,0.031,0.031,-1,Echolocation,/mnt/ubna_data_02_mir/recover-20220922/UBNA_001/20220921_090000.WAV,Telephone Field,recover-20220922,001,1795
1015.8725,1015.8844,22890,27765,Nyctalus leisleri,0.013,0.024,-1,Echolocation,/mnt/ubna_data_02_mir/recover-20220922/UBNA_001/20220921_090000.WAV,Telephone Field,recover-20220922,001,1795
1015.8785,1015.8883,28906,36683,Eptesicus serotinus,0.009,0.022,-1,Echolocation,/mnt/ubna_data_02_mir/recover-20220922/UBNA_001/20220921_090000.WAV,Telephone Field,recover-20220922,001,1795
1015.8895,1015.9265,68437,82329,Rhinolophus ferrumequinum,0.022,0.022,-1,Echolocation,/mnt/ubna_data_02_mir/recover-20220922/UBNA_001/20220921_090000.WAV,Telephone Field,recover-20220922,001,1795
1015.9285,1015.9395,28046,35238,Eptesicus serotinus,0.018,0.031,-1,Echolocation,/mnt/ubna_data_02_mir/recover-20220922/UBNA_001/20220921_090000.WAV,Telephone Field,recover-20220922,001,1795
1015.9425,1015.9804,68437,81330,Rhinolophus ferrumequinum,0.028,0.028,-1,Echolocation,/mnt/ubna_data_02_mir/recover-20220922/UBNA_001/20220921_090000.WAV,Telephone Field,recover-20220922,001,1795
1015.9665,1015.9748,45234,49512,Pipistrellus pipistrellus,0.021,0.023,-1,Echolocation,/mnt/ubna_data_02_mir/recover-20220922/UBNA_001/20220921_090000.WAV,Telephone Field,recover-20220922,001,1795
1016.0015,1016.0109,47812,53282,Pipistrellus pipistrellus,0.019,0.024,-1,Echolocation,/mnt/ubna_data_02_mir/recover-20220922/UBNA_001/20220921_090000.WAV,Telephone Field,recover-20220922,001,1795
1016.0015,1016.0096,26328,35948,Nyctalus leisleri,0.009,0.029,-1,Echolocation,/mnt/ubna_data_02_mir/recover-20220922/UBNA_001/20220921_090000.WAV,Telephone Field,recover-20220922,001,1795
1016.0015,1016.0342,68437,79682,Rhinolophus ferrumequinum,0.023,0.023,-1,Echolocation,/mnt/ubna_data_02_mir/recover-20220922/UBNA_001/20220921_090000.WAV,Telephone Field,recover-20220922,001,1795
1016.0135,1016.0548,68437,83274,Rhinolophus ferrumequinum,0.024,0.024,-1,Echolocation,/mnt/ubna_data_02_mir/recover-20220922/UBNA_001/20220921_090000.WAV,Telephone Field,recover-20220922,001,1795
1016.0585,1016.0663,23750,31402,Plecotus austriacus,0.009,0.023,-1,Echolocation,/mnt/ubna_data_02_mir/recover-20220922/UBNA_001/20220921_090000.WAV,Telephone Field,recover-20220922,001,1795
1016.1455,1016.1572,28046,35628,Eptesicus serotinus,0.023,0.04,-1,Echolocation,/mnt/ubna_data_02_mir/recover-20220922/UBNA_001/20220921_090000.WAV,Telephone Field,recover-20220922,001,1795
1016.1595,1016.203,68437,83137,Rhinolophus ferrumequinum,0.047,0.047,-1,Echolocation,/mnt/ubna_data_02_mir/recover-20220922/UBNA_001/20220921_090000.WAV,Telephone Field,recover-20220922,001,1795
1016.1885,1016.2288,68437,82596,Rhinolophus ferrumequinum,0.024,0.024,-1,Echolocation,/mnt/ubna_data_02_mir/recover-20220922/UBNA_001/20220921_090000.WAV,Telephone Field,recover-20220922,001,1795
1016.2065,1016.2159,28046,37333,Eptesicus serotinus,0.017,0.031,-1,Echolocation,/mnt/ubna_data_02_mir/recover-20220922/UBNA_001/20220921_090000.WAV,Telephone Field,recover-20220922,001,1795
1016.2495,1016.2874,68437,82201,Rhinolophus ferrumequinum,0.022,0.022,-1,Echolocation,/mnt/ubna_data_02_mir/recover-20220922/UBNA_001/20220921_090000.WAV,Telephone Field,recover-20220922,001,1795
1016.2585,1016.2666,28046,38943,Eptesicus serotinus,0.008,0.023,-1,Echolocation,/mnt/ubna_data_02_mir/recover-20220922/UBNA_001/20220921_090000.WAV,Telephone Field,recover-20220922,001,1795
1016.2705,1016.3108,68437,81651,Rhinolophus ferrumequinum,0.023,0.023,-1,Echolocation,/mnt/ubna_data_02_mir/recover-20220922/UBNA_001/20220921_090000.WAV,Telephone Field,recover-20220922,001,1795
1016.4035,1016.4113,22890,31736,Plecotus austriacus,0.018,0.043,-1,Echolocation,/mnt/ubna_data_02_mir/recover-20220922/UBNA_001/20220921_090000.WAV,Telephone Field,recover-20220922,001,1795
1016.4405,1016.4814,68437,81840,Rhinolophus ferrumequinum,0.027,0.027,-1,Echolocation,/mnt/ubna_data_02_mir/recover-20220922/UBNA_001/20220921_090000.WAV,Telephone Field,recover-20220922,001,1795
1016.4755,1016.515,68437,81749,Rhinolophus ferrumequinum,0.023,0.023,-1,Echolocation,/mnt/ubna_data_02_mir/recover-20220922/UBNA_001/20220921_090000.WAV,Telephone Field,recover-20220922,001,1795
1016.4955,1016.5338,68437,82094,Rhinolophus ferrumequinum,0.032,0.032,-1,Echolocation,/mnt/ubna_data_02_mir/recover-20220922/UBNA_001/20220921_090000.WAV,Telephone Field,recover-20220922,001,1795
1016.5135,1016.5512,68437,81417,Rhinolophus ferrumequinum,0.022,0.022,-1,Echolocation,/mnt/ubna_data_02_mir/recover-20220922/UBNA_001/20220921_090000.WAV,Telephone Field,recover-20220922,001,1795
1016.5205,1016.5621,68437,81956,Rhinolophus ferrumequinum,0.023,0.023,-1,Echolocation,/mnt/ubna_data_02_mir/recover-20220922/UBNA_001/20220921_090000.WAV,Telephone Field,recover-20220922,001,1795
1016.5235,1016.5353,28906,35745,Eptesicus serotinus,0.012,0.024,-1,Echolocation,/mnt/ubna_data_02_mir/recover-20220922/UBNA_001/20220921_090000.WAV,Telephone Field,recover-20220922,001,1795
1016.5255,1016.5644,68437,82297,Rhinolophus ferrumequinum,0.023,0.023,-1,Echolocation,/mnt/ubna_data_02_mir/recover-20220922/UBNA_001/20220921_090000.WAV,Telephone Field,recover-20220922,001,1795
1016.6035,1016.61,23750,35165,Plecotus austriacus,0.013,0.027,-1,Echolocation,/mnt/ubna_data_02_mir/recover-20220922/UBNA_001/20220921_090000.WAV,Telephone Field,recover-20220922,001,1795
1016.6035,1016.6105,28906,43674,Eptesicus serotinus,0.009,0.03,-1,Echolocation,/mnt/ubna_data_02_mir/recover-20220922/UBNA_001/20220921_090000.WAV,Telephone Field,recover-20220922,001,1795
1016.6075,1016.6449,68437,82230,Rhinolophus ferrumequinum,0.025,0.025,-1,Echolocation,/mnt/ubna_data_02_mir/recover-20220922/UBNA_001/20220921_090000.WAV,Telephone Field,recover-20220922,001,1795
1016.6265,1016.6671,68437,83005,Rhinolophus ferrumequinum,0.024,0.024,-1,Echolocation,/mnt/ubna_data_02_mir/recover-20220922/UBNA_001/20220921_090000.WAV,Telephone Field,recover-20220922,001,1795
1016.6475,1016.688,68437,82157,Rhinolophus ferrumequinum,0.022,0.022,-1,Echolocation,/mnt/ubna_data_02_mir/recover-20220922/UBNA_001/20220921_090000.WAV,Telephone Field,recover-20220922,001,1795
1016.6675,1016.7058,68437,82031,Rhinolophus ferrumequinum,0.029,0.029,-1,Echolocation,/mnt/ubna_data_02_mir/recover-20220922/UBNA_001/20220921_090000.WAV,Telephone Field,recover-20220922,001,1795
1016.6765,1016.7165,68437,82485,Rhinolophus ferrumequinum,0.024,0.024,-1,Echolocation,/mnt/ubna_data_02_mir/recover-20220922/UBNA_001/20220921_090000.WAV,Telephone Field,recover-20220922,001,1795
1016.6845,1016.7262,68437,82413,Rhinolophus ferrumequinum,0.023,0.023,-1,Echolocation,/mnt/ubna_data_02_mir/recover-20220922/UBNA_001/20220921_090000.WAV,Telephone Field,recover-20220922,001,1795
1016.7635,1016.7969,68437,81143,Rhinolophus ferrumequinum,0.023,0.023,-1,Echolocation,/mnt/ubna_data_02_mir/recover-20220922/UBNA_001/20220921_090000.WAV,Telephone Field,recover-20220922,001,1795
1016.7635,1016.7723,28906,38213,Eptesicus serotinus,0.011,0.024,-1,Echolocation,/mnt/ubna_data_02_mir/recover-20220922/UBNA_001/20220921_090000.WAV,Telephone Field,recover-20220922,001,1795
1016.7835,1016.796,46953,49935,Pipistrellus pipistrellus,0.047,0.053,-1,Echolocation,/mnt/ubna_data_02_mir/recover-20220922/UBNA_001/20220921_090000.WAV,Telephone Field,recover-20220922,001,1795
1016.7965,1016.8037,24609,34715,Plecotus austriacus,0.009,0.025,-1,Echolocation,/mnt/ubna_data_02_mir/recover-20220922/UBNA_001/20220921_090000.WAV,Telephone Field,recover-20220922,001,1795
1016.8055,1016.812,28906,38168,Eptesicus serotinus,0.007,0.023,-1,Echolocation,/mnt/ubna_data_02_mir/recover-20220922/UBNA_001/20220921_090000.WAV,Telephone Field,recover-20220922,001,1795
1016.8205,1016.8603,68437,82244,Rhinolophus ferrumequinum,0.023,0.023,-1,Echolocation,/mnt/ubna_data_02_mir/recover-20220922/UBNA_001/20220921_090000.WAV,Telephone Field,recover-20220922,001,1795
1016.8555,1016.8953,68437,82554,Rhinolophus ferrumequinum,0.025,0.025,-1,Echolocation,/mnt/ubna_data_02_mir/recover-20220922/UBNA_001/20220921_090000.WAV,Telephone Field,recover-20220922,001,1795
1016.8695,1016.9086,68437,82270,Rhinolophus ferrumequinum,0.023,0.023,-1,Echolocation,/mnt/ubna_data_02_mir/recover-20220922/UBNA_001/20220921_090000.WAV,Telephone Field,recover-20220922,001,1795
1016.8705,1016.8803,28906,39150,Eptesicus serotinus,0.009,0.023,-1,Echolocation,/mnt/ubna_data_02_mir/recover-20220922/UBNA_001/20220921_090000.WAV,Telephone Field,recover-20220922,001,1795
1016.8925,1016.9333,68437,82777,Rhinolophus ferrumequinum,0.024,0.024,-1,Echolocation,/mnt/ubna_data_02_mir/recover-20220922/UBNA_001/20220921_090000.WAV,Telephone Field,recover-20220922,001,1795
1016.8975,1016.9076,24609,31015,Nyctalus leisleri,0.008,0.022,-1,Echolocation,/mnt/ubna_data_02_mir/recover-20220922/UBNA_001/20220921_090000.WAV,Telephone Field,recover-20220922,001,1795
1016.9035,1016.946,68437,82796,Rhinolophus ferrumequinum,0.022,0.022,-1,Echolocation,/mnt/ubna_data_02_mir/recover-20220922/UBNA_001/20220921_090000.WAV,Telephone Field,recover-20220922,001,1795
1016.9475,1016.987,68437,81762,Rhinolophus ferrumequinum,0.022,0.022,-1,Echolocation,/mnt/ubna_data_02_mir/recover-20220922/UBNA_001/20220921_090000.WAV,Telephone Field,recover-20220922,001,1795
1017.0935,1017.1337,68437,82282,Rhinolophus ferrumequinum,0.022,0.022,-1,Echolocation,/mnt/ubna_data_02_mir/recover-20220922/UBNA_001/20220921_090000.WAV,Telephone Field,recover-20220922,001,1795
1017.0985000000001,1017.109,28046,36823,Eptesicus serotinus,0.012,0.025,-1,Echolocation,/mnt/ubna_data_02_mir/recover-20220922/UBNA_001/20220921_090000.WAV,Telephone Field,recover-20220922,001,1795
1017.1425,1017.1821,68437,82157,Rhinolophus ferrumequinum,0.022,0.022,-1,Echolocation,/mnt/ubna_data_02_mir/recover-20220922/UBNA_001/20220921_090000.WAV,Telephone Field,recover-20220922,001,1795
1017.1585,1017.1952,68437,81205,Rhinolophus ferrumequinum,0.026,0.026,-1,Echolocation,/mnt/ubna_data_02_mir/recover-20220922/UBNA_001/20220921_090000.WAV,Telephone Field,recover-20220922,001,1795
1017.1805,1017.1894,28906,36836,Eptesicus serotinus,0.012,0.026,-1,Echolocation,/mnt/ubna_data_02_mir/recover-20220922/UBNA_001/20220921_090000.WAV,Telephone Field,recover-20220922,001,1795
1017.1815,1017.2207,68437,82601,Rhinolophus ferrumequinum,0.023,0.023,-1,Echolocation,/mnt/ubna_data_02_mir/recover-20220922/UBNA_001/20220921_090000.WAV,Telephone Field,recover-20220922,001,1795
1017.2605,1017.2692,28906,38191,Eptesicus serotinus,0.009,0.024,-1,Echolocation,/mnt/ubna_data_02_mir/recover-20220922/UBNA_001/20220921_090000.WAV,Telephone Field,recover-20220922,001,1795
1017.2625,1017.2674,38359,63576,Myotis brandtii,0.008,0.026,-1,Echolocation,/mnt/ubna_data_02_mir/recover-20220922/UBNA_001/20220921_090000.WAV,Telephone Field,recover-20220922,001,1795
1017.2645,1017.3019,68437,82251,Rhinolophus ferrumequinum,0.022,0.022,-1,Echolocation,/mnt/ubna_data_02_mir/recover-20220922/UBNA_001/20220921_090000.WAV,Telephone Field,recover-20220922,001,1795
1017.2835,1017.3257,68437,83565,Rhinolophus ferrumequinum,0.034,0.034,-1,Echolocation,/mnt/ubna_data_02_mir/recover-20220922/UBNA_001/20220921_090000.WAV,Telephone Field,recover-20220922,001,1795
1017.3075,1017.3171,23750,30767,Nyctalus leisleri,0.01,0.029,-1,Echolocation,/mnt/ubna_data_02_mir/recover-20220922/UBNA_001/20220921_090000.WAV,Telephone Field,recover-20220922,001,1795
1017.3335,1017.343,28046,41244,Eptesicus serotinus,0.009,0.023,-1,Echolocation,/mnt/ubna_data_02_mir/recover-20220922/UBNA_001/20220921_090000.WAV,Telephone Field,recover-20220922,001,1795
1017.3355,1017.3734,68437,82351,Rhinolophus ferrumequinum,0.022,0.022,-1,Echolocation,/mnt/ubna_data_02_mir/recover-20220922/UBNA_001/20220921_090000.WAV,Telephone Field,recover-20220922,001,1795
1017.3645,1017.3747,24609,32132,Eptesicus serotinus,0.009,0.028,-1,Echolocation,/mnt/ubna_data_02_mir/recover-20220922/UBNA_001/20220921_090000.WAV,Telephone Field,recover-20220922,001,1795
1017.3785,1017.4171,68437,82153,Rhinolophus ferrumequinum,0.022,0.022,-1,Echolocation,/mnt/ubna_data_02_mir/recover-20220922/UBNA_001/20220921_090000.WAV,Telephone Field,recover-20220922,001,1795
1017.3845,1017.4248,68437,82038,Rhinolophus ferrumequinum,0.022,0.022,-1,Echolocation,/mnt/ubna_data_02_mir/recover-20220922/UBNA_001/20220921_090000.WAV,Telephone Field,recover-20220922,001,1795
1017.4275,1017.4356,28046,36787,Eptesicus serotinus,0.034,0.064,-1,Echolocation,/mnt/ubna_data_02_mir/recover-20220922/UBNA_001/20220921_090000.WAV,Telephone Field,recover-20220922,001,1795
1017.4725,1017.509,68437,81522,Rhinolophus ferrumequinum,0.022,0.022,-1,Echolocation,/mnt/ubna_data_02_mir/recover-20220922/UBNA_001/20220921_090000.WAV,Telephone Field,recover-20220922,001,1795
1017.4805,1017.4903,28906,37529,Eptesicus serotinus,0.012,0.028,-1,Echolocation,/mnt/ubna_data_02_mir/recover-20220922/UBNA_001/20220921_090000.WAV,Telephone Field,recover-20220922,001,1795
1017.5205,1017.5584,68437,82614,Rhinolophus ferrumequinum,0.022,0.022,-1,Echolocation,/mnt/ubna_data_02_mir/recover-20220922/UBNA_001/20220921_090000.WAV,Telephone Field,recover-20220922,001,1795
1017.5745,1017.6131,68437,82205,Rhinolophus ferrumequinum,0.023,0.023,-1,Echolocation,/mnt/ubna_data_02_mir/recover-20220922/UBNA_001/20220921_090000.WAV,Telephone Field,recover-20220922,001,1795
1017.5965,1017.6012,48671,54803,Pipistrellus pipistrellus,0.039,0.041,-1,Echolocation,/mnt/ubna_data_02_mir/recover-20220922/UBNA_001/20220921_090000.WAV,Telephone Field,recover-20220922,001,1795
1017.5975,1017.6011,42656,60122,Myotis nattereri,0.024,0.062,-1,Echolocation,/mnt/ubna_data_02_mir/recover-20220922/UBNA_001/20220921_090000.WAV,Telephone Field,recover-20220922,001,1795
1017.5975,1017.6021,37500,67843,Myotis bechsteinii,0.022,0.056,-1,Echolocation,/mnt/ubna_data_02_mir/recover-20220922/UBNA_001/20220921_090000.WAV,Telephone Field,recover-20220922,001,1795
1017.5985000000001,1017.6052999999999,28906,47871,Eptesicus serotinus,0.006,0.023,-1,Echolocation,/mnt/ubna_data_02_mir/recover-20220922/UBNA_001/20220921_090000.WAV,Telephone Field,recover-20220922,001,1795
1017.6475,1017.6862,68437,82381,Rhinolophus ferrumequinum,0.023,0.023,-1,Echolocation,/mnt/ubna_data_02_mir/recover-20220922/UBNA_001/20220921_090000.WAV,Telephone Field,recover-20220922,001,1795
1017.6865,1017.6943,46093,51217,Pipistrellus pipistrellus,0.025,0.027,-1,Echolocation,/mnt/ubna_data_02_mir/recover-20220922/UBNA_001/20220921_090000.WAV,Telephone Field,recover-20220922,001,1795
1017.6915,1017.7263,68437,80822,Rhinolophus ferrumequinum,0.022,0.022,-1,Echolocation,/mnt/ubna_data_02_mir/recover-20220922/UBNA_001/20220921_090000.WAV,Telephone Field,recover-20220922,001,1795
1017.7115,1017.7216,28906,36850,Eptesicus serotinus,0.011,0.024,-1,Echolocation,/mnt/ubna_data_02_mir/recover-20220922/UBNA_001/20220921_090000.WAV,Telephone Field,recover-20220922,001,1795
1017.7695,1017.7779,31484,41817,Myotis daubentonii,0.008,0.023,-1,Echolocation,/mnt/ubna_data_02_mir/recover-20220922/UBNA_001/20220921_090000.WAV,Telephone Field,recover-20220922,001,1795
1017.7815,1017.8011,19453,22549,Nyctalus leisleri,0.012,0.024,-1,Echolocation,/mnt/ubna_data_02_mir/recover-20220922/UBNA_001/20220921_090000.WAV,Telephone Field,recover-20220922,001,1795
1017.7865,1017.7978,21171,25700,Nyctalus leisleri,0.012,0.024,-1,Echolocation,/mnt/ubna_data_02_mir/recover-20220922/UBNA_001/20220921_090000.WAV,Telephone Field,recover-20220922,001,1795
1017.7925,1017.8277,68437,81964,Rhinolophus ferrumequinum,0.028,0.028,-1,Echolocation,/mnt/ubna_data_02_mir/recover-20220922/UBNA_001/20220921_090000.WAV,Telephone Field,recover-20220922,001,1795
1017.8415,1017.8794,68437,81998,Rhinolophus ferrumequinum,0.025,0.025,-1,Echolocation,/mnt/ubna_data_02_mir/recover-20220922/UBNA_001/20220921_090000.WAV,Telephone Field,recover-20220922,001,1795
1017.8705,1017.8775,28046,37196,Eptesicus serotinus,0.014,0.039,-1,Echolocation,/mnt/ubna_data_02_mir/recover-20220922/UBNA_001/20220921_090000.WAV,Telephone Field,recover-20220922,001,1795
1017.8705,1017.9110000000001,68437,82322,Rhinolophus ferrumequinum,0.033,0.033,-1,Echolocation,/mnt/ubna_data_02_mir/recover-20220922/UBNA_001/20220921_090000.WAV,Telephone Field,recover-20220922,001,1795
1017.8865,1017.8968,28906,36097,Eptesicus serotinus,0.01,0.023,-1,Echolocation,/mnt/ubna_data_02_mir/recover-20220922/UBNA_001/20220921_090000.WAV,Telephone Field,recover-20220922,001,1795
1017.9125,1017.952,68437,82444,Rhinolophus ferrumequinum,0.023,0.023,-1,Echolocation,/mnt/ubna_data_02_mir/recover-20220922/UBNA_001/20220921_090000.WAV,Telephone Field,recover-20220922,001,1795
1017.9555,1017.9933,68437,82422,Rhinolophus ferrumequinum,0.022,0.022,-1,Echolocation,/mnt/ubna_data_02_mir/recover-20220922/UBNA_001/20220921_090000.WAV,Telephone Field,recover-20220922,001,1795
1017.9845,1017.9958,22031,27569,Nyctalus leisleri,0.01,0.023,-1,Echolocation,/mnt/ubna_data_02_mir/recover-20220922/UBNA_001/20220921_090000.WAV,Telephone Field,recover-20220922,001,1795
1018.0015,1018.0405,68437,81035,Rhinolophus ferrumequinum,0.07,0.07,-1,Echolocation,/mnt/ubna_data_02_mir/recover-20220922/UBNA_001/20220921_090000.WAV,Telephone Field,recover-20220922,001,1795
1018.0015,1018.0095,26328,36791,Nyctalus leisleri,0.008,0.034,-1,Echolocation,/mnt/ubna_data_02_mir/recover-20220922/UBNA_001/20220921_090000.WAV,Telephone Field,recover-20220922,001,1795
1018.0145,1018.0572,68437,82545,Rhinolophus ferrumequinum,0.03,0.03,-1,Echolocation,/mnt/ubna_data_02_mir/recover-20220922/UBNA_001/20220921_090000.WAV,Telephone Field,recover-20220922,001,1795
1018.0215,1018.0642,68437,81729,Rhinolophus ferrumequinum,0.023,0.023,-1,Echolocation,/mnt/ubna_data_02_mir/recover-20220922/UBNA_001/20220921_090000.WAV,Telephone Field,recover-20220922,001,1795
1018.0435,1018.0818,68437,81844,Rhinolophus ferrumequinum,0.022,0.022,-1,Echolocation,/mnt/ubna_data_02_mir/recover-20220922/UBNA_001/20220921_090000.WAV,Telephone Field,recover-20220922,001,1795
1018.0455,1018.0535,27187,37390,Eptesicus serotinus,0.007,0.022,-1,Echolocation,/mnt/ubna_data_02_mir/recover-20220922/UBNA_001/20220921_090000.WAV,Telephone Field,recover-20220922,001,1795
1018.0755,1018.1114,68437,81106,Rhinolophus ferrumequinum,0.021,0.021,-1,Echolocation,/mnt/ubna_data_02_mir/recover-20220922/UBNA_001/20220921_090000.WAV,Telephone Field,recover-20220922,001,1795
1018.1105,1018.1502,68437,82548,Rhinolophus ferrumequinum,0.023,0.023,-1,Echolocation,/mnt/ubna_data_02_mir/recover-20220922/UBNA_001/20220921_090000.WAV,Telephone Field,recover-20220922,001,1795
1018.1215,1018.132,28046,35958,Eptesicus serotinus,0.01,0.024,-1,Echolocation,/mnt/ubna_data_02_mir/recover-20220922/UBNA_001/20220921_090000.WAV,Telephone Field,recover-20220922,001,1795
1018.1865,1018.2255,68437,81422,Rhinolophus ferrumequinum,0.022,0.022,-1,Echolocation,/mnt/ubna_data_02_mir/recover-20220922/UBNA_001/20220921_090000.WAV,Telephone Field,recover-20220922,001,1795
1018.2165,1018.2543000000001,68437,81830,Rhinolophus ferrumequinum,0.021,0.021,-1,Echolocation,/mnt/ubna_data_02_mir/recover-20220922/UBNA_001/20220921_090000.WAV,Telephone Field,recover-20220922,001,1795
1018.2395,1018.2821,68437,83244,Rhinolophus ferrumequinum,0.026,0.026,-1,Echolocation,/mnt/ubna_data_02_mir/recover-20220922/UBNA_001/20220921_090000.WAV,Telephone Field,recover-20220922,001,1795
1018.2845,1018.3241,68437,82224,Rhinolophus ferrumequinum,0.024,0.024,-1,Echolocation,/mnt/ubna_data_02_mir/recover-20220922/UBNA_001/20220921_090000.WAV,Telephone Field,recover-20220922,001,1795
1018.2965,1018.3361,68437,81746,Rhinolophus ferrumequinum,0.024,0.024,-1,Echolocation,/mnt/ubna_data_02_mir/recover-20220922/UBNA_001/20220921_090000.WAV,Telephone Field,recover-20220922,001,1795
1018.3225,1018.3598,68437,80612,Rhinolophus ferrumequinum,0.022,0.022,-1,Echolocation,/mnt/ubna_data_02_mir/recover-20220922/UBNA_001/20220921_090000.WAV,Telephone Field,recover-20220922,001,1795
1018.3635,1018.4009,68437,81196,Rhinolophus ferrumequinum,0.023,0.023,-1,Echolocation,/mnt/ubna_data_02_mir/recover-20220922/UBNA_001/20220921_090000.WAV,Telephone Field,recover-20220922,001,1795
1018.3765,1018.4152,68437,82234,Rhinolophus ferrumequinum,0.022,0.022,-1,Echolocation,/mnt/ubna_data_02_mir/recover-20220922/UBNA_001/20220921_090000.WAV,Telephone Field,recover-20220922,001,1795
1018.3935,1018.4063,14296,18872,Nyctalus noctula,0.016,0.027,-1,Echolocation,/mnt/ubna_data_02_mir/recover-20220922/UBNA_001/20220921_090000.WAV,Telephone Field,recover-20220922,001,1795
1018.4005,1018.4387,68437,81718,Rhinolophus ferrumequinum,0.021,0.021,-1,Echolocation,/mnt/ubna_data_02_mir/recover-20220922/UBNA_001/20220921_090000.WAV,Telephone Field,recover-20220922,001,1795
1018.4075,1018.4478,68437,81947,Rhinolophus ferrumequinum,0.021,0.021,-1,Echolocation,/mnt/ubna_data_02_mir/recover-20220922/UBNA_001/20220921_090000.WAV,Telephone Field,recover-20220922,001,1795
1018.4525,1018.4616,28906,36350,Eptesicus serotinus,0.007,0.022,-1,Echolocation,/mnt/ubna_data_02_mir/recover-20220922/UBNA_001/20220921_090000.WAV,Telephone Field,recover-20220922,001,1795
1018.4665,1018.4749,28906,39592,Eptesicus serotinus,0.007,0.022,-1,Echolocation,/mnt/ubna_data_02_mir/recover-20220922/UBNA_001/20220921_090000.WAV,Telephone Field,recover-20220922,001,1795
1018.4845,1018.5238,68437,82371,Rhinolophus ferrumequinum,0.021,0.021,-1,Echolocation,/mnt/ubna_data_02_mir/recover-20220922/UBNA_001/20220921_090000.WAV,Telephone Field,recover-20220922,001,1795
1018.4975,1018.5411,68437,82522,Rhinolophus ferrumequinum,0.025,0.025,-1,Echolocation,/mnt/ubna_data_02_mir/recover-20220922/UBNA_001/20220921_090000.WAV,Telephone Field,recover-20220922,001,1795
1018.5095,1018.5514000000001,68437,82287,Rhinolophus ferrumequinum,0.022,0.022,-1,Echolocation,/mnt/ubna_data_02_mir/recover-20220922/UBNA_001/20220921_090000.WAV,Telephone Field,recover-20220922,001,1795
1018.5135,1018.5185,30625,81592,Myotis brandtii,0.048,0.114,-1,Echolocation,/mnt/ubna_data_02_mir/recover-20220922/UBNA_001/20220921_090000.WAV,Telephone Field,recover-20220922,001,1795
1018.5145,1018.5179,42656,61718,Myotis mystacinus,0.091,0.181,-1,Echolocation,/mnt/ubna_data_02_mir/recover-20220922/UBNA_001/20220921_090000.WAV,Telephone Field,recover-20220922,001,1795
1018.5345,1018.5732,68437,81938,Rhinolophus ferrumequinum,0.025,0.025,-1,Echolocation,/mnt/ubna_data_02_mir/recover-20220922/UBNA_001/20220921_090000.WAV,Telephone Field,recover-20220922,001,1795
1018.5485,1018.5851,68437,80546,Rhinolophus ferrumequinum,0.022,0.022,-1,Echolocation,/mnt/ubna_data_02_mir/recover-20220922/UBNA_001/20220921_090000.WAV,Telephone Field,recover-20220922,001,1795
1018.5545,1018.5629,23750,32047,Plecotus austriacus,0.008,0.023,-1,Echolocation,/mnt/ubna_data_02_mir/recover-20220922/UBNA_001/20220921_090000.WAV,Telephone Field,recover-20220922,001,1795
1018.5605,1018.5988,68437,82470,Rhinolophus ferrumequinum,0.022,0.022,-1,Echolocation,/mnt/ubna_data_02_mir/recover-20220922/UBNA_001/20220921_090000.WAV,Telephone Field,recover-20220922,001,1795
1018.5735,1018.5819,26328,35185,Eptesicus serotinus,0.009,0.023,-1,Echolocation,/mnt/ubna_data_02_mir/recover-20220922/UBNA_001/20220921_090000.WAV,Telephone Field,recover-20220922,001,1795
1018.5835,1018.6264,68437,82910,Rhinolophus ferrumequinum,0.025,0.025,-1,Echolocation,/mnt/ubna_data_02_mir/recover-20220922/UBNA_001/20220921_090000.WAV,Telephone Field,recover-20220922,001,1795
1018.5945,1018.6024,27187,36004,Eptesicus serotinus,0.007,0.021,-1,Echolocation,/mnt/ubna_data_02_mir/recover-20220922/UBNA_001/20220921_090000.WAV,Telephone Field,recover-20220922,001,1795
1018.6035,1018.6125,28046,36055,Eptesicus serotinus,0.009,0.023,-1,Echolocation,/mnt/ubna_data_02_mir/recover-20220922/UBNA_001/20220921_090000.WAV,Telephone Field,recover-20220922,001,1795
1018.6415,1018.6827,68437,82702,Rhinolophus ferrumequinum,0.025,0.025,-1,Echolocation,/mnt/ubna_data_02_mir/recover-20220922/UBNA_001/20220921_090000.WAV,Telephone Field,recover-20220922,001,1795
1018.6475,1018.6588,13437,18118,Eptesicus serotinus,0.008,0.031,-1,Echolocation,/mnt/ubna_data_02_mir/recover-20220922/UBNA_001/20220921_090000.WAV,Telephone Field,recover-20220922,001,1795
1018.6625,1018.7012,68437,81887,Rhinolophus ferrumequinum,0.025,0.025,-1,Echolocation,/mnt/ubna_data_02_mir/recover-20220922/UBNA_001/20220921_090000.WAV,Telephone Field,recover-20220922,001,1795
1018.6635,1018.6683,45234,61242,Pipistrellus pipistrellus,0.073,0.235,-1,Echolocation,/mnt/ubna_data_02_mir/recover-20220922/UBNA_001/20220921_090000.WAV,Telephone Field,recover-20220922,001,1795
1018.6645,1018.6695,35781,71405,Myotis brandtii,0.023,0.059,-1,Echolocation,/mnt/ubna_data_02_mir/recover-20220922/UBNA_001/20220921_090000.WAV,Telephone Field,recover-20220922,001,1795
1018.6795,1018.6897,24609,30514,Nyctalus leisleri,0.009,0.023,-1,Echolocation,/mnt/ubna_data_02_mir/recover-20220922/UBNA_001/20220921_090000.WAV,Telephone Field,recover-20220922,001,1795
1018.6885,1018.7286,68437,81407,Rhinolophus ferrumequinum,0.023,0.023,-1,Echolocation,/mnt/ubna_data_02_mir/recover-20220922/UBNA_001/20220921_090000.WAV,Telephone Field,recover-20220922,001,1795
1018.7075,1018.7473,68437,82046,Rhinolophus ferrumequinum,0.022,0.022,-1,Echolocation,/mnt/ubna_data_02_mir/recover-20220922/UBNA_001/20220921_090000.WAV,Telephone Field,recover-20220922,001,1795
1018.7415,1018.7814,68437,82331,Rhinolophus ferrumequinum,0.022,0.022,-1,Echolocation,/mnt/ubna_data_02_mir/recover-20220922/UBNA_001/20220921_090000.WAV,Telephone Field,recover-20220922,001,1795
1018.7505,1018.7932,68437,83210,Rhinolophus ferrumequinum,0.023,0.023,-1,Echolocation,/mnt/ubna_data_02_mir/recover-20220922/UBNA_001/20220921_090000.WAV,Telephone Field,recover-20220922,001,1795
1018.7745,1018.785,22890,28683,Nyctalus leisleri,0.008,0.024,-1,Echolocation,/mnt/ubna_data_02_mir/recover-20220922/UBNA_001/20220921_090000.WAV,Telephone Field,recover-20220922,001,1795
1018.7865,1018.7941,28046,42808,Eptesicus serotinus,0.006,0.024,-1,Echolocation,/mnt/ubna_data_02_mir/recover-20220922/UBNA_001/20220921_090000.WAV,Telephone Field,recover-20220922,001,1795
1018.8125,1018.851,68437,82166,Rhinolophus ferrumequinum,0.022,0.022,-1,Echolocation,/mnt/ubna_data_02_mir/recover-20220922/UBNA_001/20220921_090000.WAV,Telephone Field,recover-20220922,001,1795
1018.8205,1018.859,68437,82341,Rhinolophus ferrumequinum,0.022,0.022,-1,Echolocation,/mnt/ubna_data_02_mir/recover-20220922/UBNA_001/20220921_090000.WAV,Telephone Field,recover-20220922,001,1795
1018.8385,1018.8747,68437,81547,Rhinolophus ferrumequinum,0.023,0.023,-1,Echolocation,/mnt/ubna_data_02_mir/recover-20220922/UBNA_001/20220921_090000.WAV,Telephone Field,recover-20220922,001,1795
1018.8645,1018.9043,68437,82369,Rhinolophus ferrumequinum,0.022,0.022,-1,Echolocation,/mnt/ubna_data_02_mir/recover-20220922/UBNA_001/20220921_090000.WAV,Telephone Field,recover-20220922,001,1795
1018.8815,1018.9221,68437,82247,Rhinolophus ferrumequinum,0.022,0.022,-1,Echolocation,/mnt/ubna_data_02_mir/recover-20220922/UBNA_001/20220921_090000.WAV,Telephone Field,recover-20220922,001,1795
1018.8915,1018.906,39218,43010,Pipistrellus nathusii,0.016,0.029,-1,Echolocation,/mnt/ubna_data_02_mir/recover-20220922/UBNA_001/20220921_090000.WAV,Telephone Field,recover-20220922,001,1795
1018.9295,1018.9689,68437,82096,Rhinolophus ferrumequinum,0.023,0.023,-1,Echolocation,/mnt/ubna_data_02_mir/recover-20220922/UBNA_001/20220921_090000.WAV,Telephone Field,recover-20220922,001,1795
1018.9365,1018.9762,68437,82287,Rhinolophus ferrumequinum,0.023,0.023,-1,Echolocation,/mnt/ubna_data_02_mir/recover-20220922/UBNA_001/20220921_090000.WAV,Telephone Field,recover-20220922,001,1795
1018.9425,1018.9535,22031,26913,Nyctalus leisleri,0.01,0.021,-1,Echolocation,/mnt/ubna_data_02_mir/recover-20220922/UBNA_001/20220921_090000.WAV,Telephone Field,recover-20220922,001,1795
1018.9435,1018.9523,28906,38670,Eptesicus serotinus,0.01,0.026,-1,Echolocation,/mnt/ubna_data_02_mir/recover-20220922/UBNA_001/20220921_090000.WAV,Telephone Field,recover-20220922,001,1795
1018.9575,1018.9662,28046,39651,Eptesicus serotinus,0.008,0.024,-1,Echolocation,/mnt/ubna_data_02_mir/recover-20220922/UBNA_001/20220921_090000.WAV,Telephone Field,recover-20220922,001,1795
1018.9875,1019.0274,68437,82578,Rhinolophus ferrumequinum,0.021,0.021,-1,Echolocation,/mnt/ubna_data_02_mir/recover-20220922/UBNA_001/20220921_090000.WAV,Telephone Field,recover-20220922,001,1795
1018.9945,1019.0067,14296,19037,Nyctalus noctula,0.012,0.021,-1,Echolocation,/mnt/ubna_data_02_mir/recover-20220922/UBNA_001/20220921_090000.WAV,Telephone Field,recover-20220922,001,1795
1018.9985,1019.0424,68437,83415,Rhinolophus ferrumequinum,0.045,0.045,-1,Echolocation,/mnt/ubna_data_02_mir/recover-20220922/UBNA_001/20220921_090000.WAV,Telephone Field,recover-20220922,001,1795
1019.0065,1019.0132,28906,40321,Eptesicus serotinus,0.006,0.023,-1,Echolocation,/mnt/ubna_data_02_mir/recover-20220922/UBNA_001/20220921_090000.WAV,Telephone Field,recover-20220922,001,1795
1019.0205,1019.0606,68437,82085,Rhinolophus ferrumequinum,0.022,0.022,-1,Echolocation,/mnt/ubna_data_02_mir/recover-20220922/UBNA_001/20220921_090000.WAV,Telephone Field,recover-20220922,001,1795
1019.0415,1019.0814,68437,82531,Rhinolophus ferrumequinum,0.021,0.021,-1,Echolocation,/mnt/ubna_data_02_mir/recover-20220922/UBNA_001/20220921_090000.WAV,Telephone Field,recover-20220922,001,1795
1019.0475,1019.055,28046,35778,Eptesicus serotinus,0.007,0.022,-1,Echolocation,/mnt/ubna_data_02_mir/recover-20220922/UBNA_001/20220921_090000.WAV,Telephone Field,recover-20220922,001,1795
1019.0485,1019.0658,20312,24285,Nyctalus noctula,0.032,0.068,-1,Echolocation,/mnt/ubna_data_02_mir/recover-20220922/UBNA_001/20220921_090000.WAV,Telephone Field,recover-20220922,001,1795
1019.0625,1019.0714,28046,38070,Eptesicus serotinus,0.008,0.023,-1,Echolocation,/mnt/ubna_data_02_mir/recover-20220922/UBNA_001/20220921_090000.WAV,Telephone Field,recover-20220922,001,1795
1019.0745,1019.1144,68437,82256,Rhinolophus ferrumequinum,0.021,0.021,-1,Echolocation,/mnt/ubna_data_02_mir/recover-20220922/UBNA_001/20220921_090000.WAV,Telephone Field,recover-20220922,001,1795
1019.0955,1019.1025,28046,37345,Eptesicus serotinus,0.006,0.024,-1,Echolocation,/mnt/ubna_data_02_mir/recover-20220922/UBNA_001/20220921_090000.WAV,Telephone Field,recover-20220922,001,1795
1019.1115,1019.1508,68437,82453,Rhinolophus ferrumequinum,0.023,0.023,-1,Echolocation,/mnt/ubna_data_02_mir/recover-20220922/UBNA_001/20220921_090000.WAV,Telephone Field,recover-20220922,001,1795
1019.1345,1019.145,22890,28292,Nyctalus leisleri,0.013,0.026,-1,Echolocation,/mnt/ubna_data_02_mir/recover-20220922/UBNA_001/20220921_090000.WAV,Telephone Field,recover-20220922,001,1795
1019.1695,1019.2066,68437,81745,Rhinolophus ferrumequinum,0.021,0.021,-1,Echolocation,/mnt/ubna_data_02_mir/recover-20220922/UBNA_001/20220921_090000.WAV,Telephone Field,recover-20220922,001,1795
1019.2045,1019.2132,25468,33379,Nyctalus leisleri,0.007,0.024,-1,Echolocation,/mnt/ubna_data_02_mir/recover-20220922/UBNA_001/20220921_090000.WAV,Telephone Field,recover-20220922,001,1795
1019.2045,1019.2446,68437,81798,Rhinolophus ferrumequinum,0.021,0.021,-1,Echolocation,/mnt/ubna_data_02_mir/recover-20220922/UBNA_001/20220921_090000.WAV,Telephone Field,recover-20220922,001,1795
1019.2135,1019.2202,44375,59232,Pipistrellus pipistrellus,0.011,0.021,-1,Echolocation,/mnt/ubna_data_02_mir/recover-20220922/UBNA_001/20220921_090000.WAV,Telephone Field,recover-20220922,001,1795
1019.2785,1019.3211,68437,83240,Rhinolophus ferrumequinum,0.023,0.023,-1,Echolocation,/mnt/ubna_data_02_mir/recover-20220922/UBNA_001/20220921_090000.WAV,Telephone Field,recover-20220922,001,1795
1019.3155,1019.3534,68437,81224,Rhinolophus ferrumequinum,0.025,0.025,-1,Echolocation,/mnt/ubna_data_02_mir/recover-20220922/UBNA_001/20220921_090000.WAV,Telephone Field,recover-20220922,001,1795
1019.3275,1019.3671,68437,82640,Rhinolophus ferrumequinum,0.021,0.021,-1,Echolocation,/mnt/ubna_data_02_mir/recover-20220922/UBNA_001/20220921_090000.WAV,Telephone Field,recover-20220922,001,1795
1019.3295,1019.3382,28906,37128,Eptesicus serotinus,0.008,0.024,-1,Echolocation,/mnt/ubna_data_02_mir/recover-20220922/UBNA_001/20220921_090000.WAV,Telephone Field,recover-20220922,001,1795
1019.3395,1019.3759,68437,81923,Rhinolophus ferrumequinum,0.022,0.022,-1,Echolocation,/mnt/ubna_data_02_mir/recover-20220922/UBNA_001/20220921_090000.WAV,Telephone Field,recover-20220922,001,1795
1019.3555,1019.3627,27187,37774,Eptesicus serotinus,0.005,0.023,-1,Echolocation,/mnt/ubna_data_02_mir/recover-20220922/UBNA_001/20220921_090000.WAV,Telephone Field,recover-20220922,001,1795
1019.3715,1019.3852,37500,41193,Pipistrellus nathusii,0.015,0.025,-1,Echolocation,/mnt/ubna_data_02_mir/recover-20220922/UBNA_001/20220921_090000.WAV,Telephone Field,recover-20220922,001,1795
1019.3835,1019.4195,68437,81613,Rhinolophus ferrumequinum,0.023,0.023,-1,Echolocation,/mnt/ubna_data_02_mir/recover-20220922/UBNA_001/20220921_090000.WAV,Telephone Field,recover-20220922,001,1795
1019.3905,1019.3983,28046,37112,Eptesicus serotinus,0.007,0.022,-1,Echolocation,/mnt/ubna_data_02_mir/recover-20220922/UBNA_001/20220921_090000.WAV,Telephone Field,recover-20220922,001,1795
1019.3915,1019.3999,23750,31205,Plecotus austriacus,0.007,0.022,-1,Echolocation,/mnt/ubna_data_02_mir/recover-20220922/UBNA_001/20220921_090000.WAV,Telephone Field,recover-20220922,001,1795
1019.4705,1019.4796,28906,37873,Eptesicus serotinus,0.01,0.026,-1,Echolocation,/mnt/ubna_data_02_mir/recover-20220922/UBNA_001/20220921_090000.WAV,Telephone Field,recover-20220922,001,1795
1019.4745,1019.5137,68437,81861,Rhinolophus ferrumequinum,0.023,0.023,-1,Echolocation,/mnt/ubna_data_02_mir/recover-20220922/UBNA_001/20220921_090000.WAV,Telephone Field,recover-20220922,001,1795
1019.4845,1019.4985,51250,55620,Pipistrellus pipistrellus,0.014,0.022,-1,Echolocation,/mnt/ubna_data_02_mir/recover-20220922/UBNA_001/20220921_090000.WAV,Telephone Field,recover-20220922,001,1795
1019.4995,1019.5359,68437,81269,Rhinolophus ferrumequinum,0.021,0.021,-1,Echolocation,/mnt/ubna_data_02_mir/recover-20220922/UBNA_001/20220921_090000.WAV,Telephone Field,recover-20220922,001,1795
1019.5565,1019.5685,54687,59660,Pipistrellus pygmaeus,0.017,0.021,-1,Echolocation,/mnt/ubna_data_02_mir/recover-20220922/UBNA_001/20220921_090000.WAV,Telephone Field,recover-20220922,001,1795
1019.5885,1019.6312,68437,82781,Rhinolophus ferrumequinum,0.023,0.023,-1,Echolocation,/mnt/ubna_data_02_mir/recover-20220922/UBNA_001/20220921_090000.WAV,Telephone Field,recover-20220922,001,1795
1019.6235,1019.6636,68437,82087,Rhinolophus ferrumequinum,0.022,0.022,-1,Echolocation,/mnt/ubna_data_02_mir/recover-20220922/UBNA_001/20220921_090000.WAV,Telephone Field,recover-20220922,001,1795
1019.6345,1019.6708,68437,81885,Rhinolophus ferrumequinum,0.024,0.024,-1,Echolocation,/mnt/ubna_data_02_mir/recover-20220922/UBNA_001/20220921_090000.WAV,Telephone Field,recover-20220922,001,1795
1019.6585,1019.6668999999999,44375,51576,Pipistrellus pipistrellus,0.019,0.022,-1,Echolocation,/mnt/ubna_data_02_mir/recover-20220922/UBNA_001/20220921_090000.WAV,Telephone Field,recover-20220922,001,1795
1019.6595,1019.7023,68437,82425,Rhinolophus ferrumequinum,0.025,0.025,-1,Echolocation,/mnt/ubna_data_02_mir/recover-20220922/UBNA_001/20220921_090000.WAV,Telephone Field,recover-20220922,001,1795
1019.6795,1019.6901,22890,28812,Nyctalus leisleri,0.009,0.022,-1,Echolocation,/mnt/ubna_data_02_mir/recover-20220922/UBNA_001/20220921_090000.WAV,Telephone Field,recover-20220922,001,1795
1019.7225,1019.7628,68437,82378,Rhinolophus ferrumequinum,0.021,0.021,-1,Echolocation,/mnt/ubna_data_02_mir/recover-20220922/UBNA_001/20220921_090000.WAV,Telephone Field,recover-20220922,001,1795
1019.7495,1019.7592,28046,38141,Eptesicus serotinus,0.009,0.024,-1,Echolocation,/mnt/ubna_data_02_mir/recover-20220922/UBNA_001/20220921_090000.WAV,Telephone Field,recover-20220922,001,1795
1019.7725,1019.7819,28046,35919,Eptesicus serotinus,0.008,0.021,-1,Echolocation,/mnt/ubna_data_02_mir/recover-20220922/UBNA_001/20220921_090000.WAV,Telephone Field,recover-20220922,001,1795
1019.7795,1019.8185,68437,81902,Rhinolophus ferrumequinum,0.028,0.028,-1,Echolocation,/mnt/ubna_data_02_mir/recover-20220922/UBNA_001/20220921_090000.WAV,Telephone Field,recover-20220922,001,1795
1019.7905,1019.8294,68437,82195,Rhinolophus ferrumequinum,0.022,0.022,-1,Echolocation,/mnt/ubna_data_02_mir/recover-20220922/UBNA_001/20220921_090000.WAV,Telephone Field,recover-20220922,001,1795
1019.7955,1019.8033,47812,57780,Pipistrellus pipistrellus,0.019,0.021,-1,Echolocation,/mnt/ubna_data_02_mir/recover-20220922/UBNA_001/20220921_090000.WAV,Telephone Field,recover-20220922,001,1795
1019.8185,1019.8278,44375,47545,Pipistrellus pipistrellus,0.034,0.036,-1,Echolocation,/mnt/ubna_data_02_mir/recover-20220922/UBNA_001/20220921_090000.WAV,Telephone Field,recover-20220922,001,1795
1019.8205,1019.8593,68437,82511,Rhinolophus ferrumequinum,0.021,0.021,-1,Echolocation,/mnt/ubna_data_02_mir/recover-20220922/UBNA_001/20220921_090000.WAV,Telephone Field,recover-20220922,001,1795
1019.8465,1019.8865,68437,82070,Rhinolophus ferrumequinum,0.021,0.021,-1,Echolocation,/mnt/ubna_data_02_mir/recover-20220922/UBNA_001/20220921_090000.WAV,Telephone Field,recover-20220922,001,1795
1019.8525,1019.8928,68437,81864,Rhinolophus ferrumequinum,0.021,0.021,-1,Echolocation,/mnt/ubna_data_02_mir/recover-20220922/UBNA_001/20220921_090000.WAV,Telephone Field,recover-20220922,001,1795
1019.8575,1019.8684,27187,34037,Eptesicus serotinus,0.009,0.024,-1,Echolocation,/mnt/ubna_data_02_mir/recover-20220922/UBNA_001/20220921_090000.WAV,Telephone Field,recover-20220922,001,1795
1019.8715,1019.9113,68437,81979,Rhinolophus ferrumequinum,0.023,0.023,-1,Echolocation,/mnt/ubna_data_02_mir/recover-20220922/UBNA_001/20220921_090000.WAV,Telephone Field,recover-20220922,001,1795
1019.8785,1019.8872,45234,51676,Pipistrellus pipistrellus,0.015,0.021,-1,Echolocation,/mnt/ubna_data_02_mir/recover-20220922/UBNA_001/20220921_090000.WAV,Telephone Field,recover-20220922,001,1795
1019.8805,1019.9182,68437,82252,Rhinolophus ferrumequinum,0.027,0.027,-1,Echolocation,/mnt/ubna_data_02_mir/recover-20220922/UBNA_001/20220921_090000.WAV,Telephone Field,recover-20220922,001,1795
1019.9405,1019.9784,68437,81677,Rhinolophus ferrumequinum,0.022,0.022,-1,Echolocation,/mnt/ubna_data_02_mir/recover-20220922/UBNA_001/20220921_090000.WAV,Telephone Field,recover-20220922,001,1795
1019.9845,1019.9945,28906,37490,Eptesicus serotinus,0.008,0.021,-1,Echolocation,/mnt/ubna_data_02_mir/recover-20220922/UBNA_001/20220921_090000.WAV,Telephone Field,recover-20220922,001,1795
1020.0015,1020.0098,22031,29810,Nyctalus leisleri,0.01,0.03,-1,Echolocation,/mnt/ubna_data_02_mir/recover-20220922/UBNA_001/20220921_090000.WAV,Telephone Field,recover-20220922,001,1795
1020.0015,1020.0341,68437,79795,Rhinolophus ferrumequinum,0.04,0.04,-1,Echolocation,/mnt/ubna_data_02_mir/recover-20220922/UBNA_001/20220921_090000.WAV,Telephone Field,recover-20220922,001,1795
1020.0385,1020.0818,68437,83740,Rhinolophus ferrumequinum,0.054,0.054,-1,Echolocation,/mnt/ubna_data_02_mir/recover-20220922/UBNA_001/20220921_090000.WAV,Telephone Field,recover-20220922,001,1795
1020.0655,1020.1068,68437,82357,Rhinolophus ferrumequinum,0.023,0.023,-1,Echolocation,/mnt/ubna_data_02_mir/recover-20220922/UBNA_001/20220921_090000.WAV,Telephone Field,recover-20220922,001,1795
1020.0715,1020.1126,68437,82654,Rhinolophus ferrumequinum,0.023,0.024,-1,Echolocation,/mnt/ubna_data_02_mir/recover-20220922/UBNA_001/20220921_090000.WAV,Telephone Field,recover-20220922,001,1795
1020.1045,1020.1459,68437,82702,Rhinolophus ferrumequinum,0.024,0.024,-1,Echolocation,/mnt/ubna_data_02_mir/recover-20220922/UBNA_001/20220921_090000.WAV,Telephone Field,recover-20220922,001,1795
1020.1105,1020.1485,68437,82320,Rhinolophus ferrumequinum,0.022,0.022,-1,Echolocation,/mnt/ubna_data_02_mir/recover-20220922/UBNA_001/20220921_090000.WAV,Telephone Field,recover-20220922,001,1795
1020.1245,1020.1343,28046,36329,Eptesicus serotinus,0.009,0.022,-1,Echolocation,/mnt/ubna_data_02_mir/recover-20220922/UBNA_001/20220921_090000.WAV,Telephone Field,recover-20220922,001,1795
1020.1335,1020.1436,28906,36816,Eptesicus serotinus,0.009,0.022,-1,Echolocation,/mnt/ubna_data_02_mir/recover-20220922/UBNA_001/20220921_090000.WAV,Telephone Field,recover-20220922,001,1795
1020.2225,1020.2639,68437,82633,Rhinolophus ferrumequinum,0.03,0.03,-1,Echolocation,/mnt/ubna_data_02_mir/recover-20220922/UBNA_001/20220921_090000.WAV,Telephone Field,recover-20220922,001,1795
1020.2745,1020.2819,28046,41041,Eptesicus serotinus,0.007,0.022,-1,Echolocation,/mnt/ubna_data_02_mir/recover-20220922/UBNA_001/20220921_090000.WAV,Telephone Field,recover-20220922,001,1795
1020.2785,1020.3172,68437,81702,Rhinolophus ferrumequinum,0.022,0.022,-1,Echolocation,/mnt/ubna_data_02_mir/recover-20220922/UBNA_001/20220921_090000.WAV,Telephone Field,recover-20220922,001,1795
1020.2965,1020.3363,68437,82281,Rhinolophus ferrumequinum,0.022,0.022,-1,Echolocation,/mnt/ubna_data_02_mir/recover-20220922/UBNA_001/20220921_090000.WAV,Telephone Field,recover-20220922,001,1795
1020.3055,1020.3424,68437,82659,Rhinolophus ferrumequinum,0.03,0.03,-1,Echolocation,/mnt/ubna_data_02_mir/recover-20220922/UBNA_001/20220921_090000.WAV,Telephone Field,recover-20220922,001,1795
1020.3065,1020.3182,29765,35930,Eptesicus serotinus,0.012,0.028,-1,Echolocation,/mnt/ubna_data_02_mir/recover-20220922/UBNA_001/20220921_090000.WAV,Telephone Field,recover-20220922,001,1795
1020.3395,1020.3778,68437,82165,Rhinolophus ferrumequinum,0.026,0.026,-1,Echolocation,/mnt/ubna_data_02_mir/recover-20220922/UBNA_001/20220921_090000.WAV,Telephone Field,recover-20220922,001,1795
1020.3515,1020.3604,28046,38308,Eptesicus serotinus,0.009,0.022,-1,Echolocation,/mnt/ubna_data_02_mir/recover-20220922/UBNA_001/20220921_090000.WAV,Telephone Field,recover-20220922,001,1795
1020.3525,1020.3889,68437,81957,Rhinolophus ferrumequinum,0.022,0.022,-1,Echolocation,/mnt/ubna_data_02_mir/recover-20220922/UBNA_001/20220921_090000.WAV,Telephone Field,recover-20220922,001,1795
1020.3565,1020.3676,22890,27892,Nyctalus leisleri,0.012,0.023,-1,Echolocation,/mnt/ubna_data_02_mir/recover-20220922/UBNA_001/20220921_090000.WAV,Telephone Field,recover-20220922,001,1795
1020.3945,1020.4327,68437,82167,Rhinolophus ferrumequinum,0.022,0.022,-1,Echolocation,/mnt/ubna_data_02_mir/recover-20220922/UBNA_001/20220921_090000.WAV,Telephone Field,recover-20220922,001,1795
1020.4205,1020.4558,68437,81260,Rhinolophus ferrumequinum,0.022,0.022,-1,Echolocation,/mnt/ubna_data_02_mir/recover-20220922/UBNA_001/20220921_090000.WAV,Telephone Field,recover-20220922,001,1795
1020.4415,1020.4753,68437,80701,Rhinolophus ferrumequinum,0.028,0.028,-1,Echolocation,/mnt/ubna_data_02_mir/recover-20220922/UBNA_001/20220921_090000.WAV,Telephone Field,recover-20220922,001,1795
1020.4775,1020.5187,68437,82585,Rhinolophus ferrumequinum,0.024,0.024,-1,Echolocation,/mnt/ubna_data_02_mir/recover-20220922/UBNA_001/20220921_090000.WAV,Telephone Field,recover-20220922,001,1795
1020.4965,1020.5343,68437,82206,Rhinolophus ferrumequinum,0.022,0.022,-1,Echolocation,/mnt/ubna_data_02_mir/recover-20220922/UBNA_001/20220921_090000.WAV,Telephone Field,recover-20220922,001,1795
1020.4995,1020.5074,26328,37432,Eptesicus serotinus,0.007,0.023,-1,Echolocation,/mnt/ubna_data_02_mir/recover-20220922/UBNA_001/20220921_090000.WAV,Telephone Field,recover-20220922,001,1795
1020.5185,1020.5594,68437,82252,Rhinolophus ferrumequinum,0.023,0.023,-1,Echolocation,/mnt/ubna_data_02_mir/recover-20220922/UBNA_001/20220921_090000.WAV,Telephone Field,recover-20220922,001,1795
1020.5535,1020.5676,22890,27479,Nyctalus leisleri,0.019,0.037,-1,Echolocation,/mnt/ubna_data_02_mir/recover-20220922/UBNA_001/20220921_090000.WAV,Telephone Field,recover-20220922,001,1795
1020.5555,1020.6008,68437,83336,Rhinolophus ferrumequinum,0.04,0.04,-1,Echolocation,/mnt/ubna_data_02_mir/recover-20220922/UBNA_001/20220921_090000.WAV,Telephone Field,recover-20220922,001,1795
1020.5885,1020.5956,25468,34988,Plecotus austriacus,0.007,0.026,-1,Echolocation,/mnt/ubna_data_02_mir/recover-20220922/UBNA_001/20220921_090000.WAV,Telephone Field,recover-20220922,001,1795
1020.6045,1020.6429,68437,82425,Rhinolophus ferrumequinum,0.026,0.026,-1,Echolocation,/mnt/ubna_data_02_mir/recover-20220922/UBNA_001/20220921_090000.WAV,Telephone Field,recover-20220922,001,1795
1020.6205,1020.66,68437,82718,Rhinolophus ferrumequinum,0.029,0.029,-1,Echolocation,/mnt/ubna_data_02_mir/recover-20220922/UBNA_001/20220921_090000.WAV,Telephone Field,recover-20220922,001,1795
1020.6475,1020.6864,68437,82037,Rhinolophus ferrumequinum,0.022,0.022,-1,Echolocation,/mnt/ubna_data_02_mir/recover-20220922/UBNA_001/20220921_090000.WAV,Telephone Field,recover-20220922,001,1795
1020.6545,1020.6622,47812,53154,Pipistrellus pipistrellus,0.025,0.027,-1,Echolocation,/mnt/ubna_data_02_mir/recover-20220922/UBNA_001/20220921_090000.WAV,Telephone Field,recover-20220922,001,1795
1020.6745,1020.6868,33203,37484,Pipistrellus nathusii,0.008,0.033,-1,Echolocation,/mnt/ubna_data_02_mir/recover-20220922/UBNA_001/20220921_090000.WAV,Telephone Field,recover-20220922,001,1795
1020.6945,1020.7044,14296,22448,Nyctalus noctula,0.011,0.022,-1,Echolocation,/mnt/ubna_data_02_mir/recover-20220922/UBNA_001/20220921_090000.WAV,Telephone Field,recover-20220922,001,1795
1020.6945,1020.7319,68437,82093,Rhinolophus ferrumequinum,0.022,0.022,-1,Echolocation,/mnt/ubna_data_02_mir/recover-20220922/UBNA_001/20220921_090000.WAV,Telephone Field,recover-20220922,001,1795
1020.7585,1020.7974,68437,81892,Rhinolophus ferrumequinum,0.022,0.022,-1,Echolocation,/mnt/ubna_data_02_mir/recover-20220922/UBNA_001/20220921_090000.WAV,Telephone Field,recover-20220922,001,1795
1020.8105,1020.8492,68437,82161,Rhinolophus ferrumequinum,0.023,0.023,-1,Echolocation,/mnt/ubna_data_02_mir/recover-20220922/UBNA_001/20220921_090000.WAV,Telephone Field,recover-20220922,001,1795
1020.8135,1020.822,28046,36644,Eptesicus serotinus,0.007,0.022,-1,Echolocation,/mnt/ubna_data_02_mir/recover-20220922/UBNA_001/20220921_090000.WAV,Telephone Field,recover-20220922,001,1795
1020.8735,1020.8819,24609,33399,Plecotus austriacus,0.006,0.023,-1,Echolocation,/mnt/ubna_data_02_mir/recover-20220922/UBNA_001/20220921_090000.WAV,Telephone Field,recover-20220922,001,1795
1020.8755,1020.9116,68437,81568,Rhinolophus ferrumequinum,0.022,0.022,-1,Echolocation,/mnt/ubna_data_02_mir/recover-20220922/UBNA_001/20220921_090000.WAV,Telephone Field,recover-20220922,001,1795
1020.8915,1020.8998,28906,37803,Eptesicus serotinus,0.008,0.023,-1,Echolocation,/mnt/ubna_data_02_mir/recover-20220922/UBNA_001/20220921_090000.WAV,Telephone Field,recover-20220922,001,1795
1020.8985,1020.9339,68437,81562,Rhinolophus ferrumequinum,0.024,0.025,-1,Echolocation,/mnt/ubna_data_02_mir/recover-20220922/UBNA_001/20220921_090000.WAV,Telephone Field,recover-20220922,001,1795
1020.9145,1020.9229,28046,39321,Eptesicus serotinus,0.008,0.022,-1,Echolocation,/mnt/ubna_data_02_mir/recover-20220922/UBNA_001/20220921_090000.WAV,Telephone Field,recover-20220922,001,1795
1020.9255,1020.9651,68437,82528,Rhinolophus ferrumequinum,0.022,0.022,-1,Echolocation,/mnt/ubna_data_02_mir/recover-20220922/UBNA_001/20220921_090000.WAV,Telephone Field,recover-20220922,001,1795
1020.9305,1020.9503,20312,23781,Nyctalus leisleri,0.016,0.031,-1,Echolocation,/mnt/ubna_data_02_mir/recover-20220922/UBNA_001/20220921_090000.WAV,Telephone Field,recover-20220922,001,1795
1020.9565,1020.9952,68437,82016,Rhinolophus ferrumequinum,0.024,0.024,-1,Echolocation,/mnt/ubna_data_02_mir/recover-20220922/UBNA_001/20220921_090000.WAV,Telephone Field,recover-20220922,001,1795
1020.9665,1020.9774,26328,32906,Eptesicus serotinus,0.013,0.029,-1,Echolocation,/mnt/ubna_data_02_mir/recover-20220922/UBNA_001/20220921_090000.WAV,Telephone Field,recover-20220922,001,1795
1020.9965,1021.0348,68437,81882,Rhinolophus ferrumequinum,0.024,0.024,-1,Echolocation,/mnt/ubna_data_02_mir/recover-20220922/UBNA_001/20220921_090000.WAV,Telephone Field,recover-20220922,001,1795
1021.0535,1021.0896,68437,82141,Rhinolophus ferrumequinum,0.026,0.026,-1,Echolocation,/mnt/ubna_data_02_mir/recover-20220922/UBNA_001/20220921_090000.WAV,Telephone Field,recover-20220922,001,1795
1021.0625,1021.102,68437,82297,Rhinolophus ferrumequinum,0.022,0.022,-1,Echolocation,/mnt/ubna_data_02_mir/recover-20220922/UBNA_001/20220921_090000.WAV,Telephone Field,recover-20220922,001,1795
1021.0915,1021.1004,27187,36312,Eptesicus serotinus,0.008,0.022,-1,Echolocation,/mnt/ubna_data_02_mir/recover-20220922/UBNA_001/20220921_090000.WAV,Telephone Field,recover-20220922,001,1795
1021.1235,1021.145,17734,21927,Nyctalus noctula,0.032,0.042,-1,Echolocation,/mnt/ubna_data_02_mir/recover-20220922/UBNA_001/20220921_090000.WAV,Telephone Field,recover-20220922,001,1795
1021.1445,1021.1846,68437,82582,Rhinolophus ferrumequinum,0.024,0.024,-1,Echolocation,/mnt/ubna_data_02_mir/recover-20220922/UBNA_001/20220921_090000.WAV,Telephone Field,recover-20220922,001,1795
1021.1605,1021.1794,16875,21847,Nyctalus noctula,0.016,0.023,-1,Echolocation,/mnt/ubna_data_02_mir/recover-20220922/UBNA_001/20220921_090000.WAV,Telephone Field,recover-20220922,001,1795
1021.1625,1021.1712,28906,37550,Eptesicus serotinus,0.008,0.022,-1,Echolocation,/mnt/ubna_data_02_mir/recover-20220922/UBNA_001/20220921_090000.WAV,Telephone Field,recover-20220922,001,1795
1021.1775,1021.2186,68437,83216,Rhinolophus ferrumequinum,0.027,0.027,-1,Echolocation,/mnt/ubna_data_02_mir/recover-20220922/UBNA_001/20220921_090000.WAV,Telephone Field,recover-20220922,001,1795
1021.2285,1021.2391,22890,28459,Nyctalus leisleri,0.01,0.022,-1,Echolocation,/mnt/ubna_data_02_mir/recover-20220922/UBNA_001/20220921_090000.WAV,Telephone Field,recover-20220922,001,1795
1021.2565,1021.2683,26328,34046,Eptesicus serotinus,0.012,0.024,-1,Echolocation,/mnt/ubna_data_02_mir/recover-20220922/UBNA_001/20220921_090000.WAV,Telephone Field,recover-20220922,001,1795
1021.2685,1021.275,27187,37185,Plecotus austriacus,0.008,0.03,-1,Echolocation,/mnt/ubna_data_02_mir/recover-20220922/UBNA_001/20220921_090000.WAV,Telephone Field,recover-20220922,001,1795
1021.3085,1021.3449,68437,81614,Rhinolophus ferrumequinum,0.026,0.026,-1,Echolocation,/mnt/ubna_data_02_mir/recover-20220922/UBNA_001/20220921_090000.WAV,Telephone Field,recover-20220922,001,1795
1021.3245,1021.3657,68437,82230,Rhinolophus ferrumequinum,0.023,0.023,-1,Echolocation,/mnt/ubna_data_02_mir/recover-20220922/UBNA_001/20220921_090000.WAV,Telephone Field,recover-20220922,001,1795
1021.3665,1021.376,28906,36774,Eptesicus serotinus,0.009,0.024,-1,Echolocation,/mnt/ubna_data_02_mir/recover-20220922/UBNA_001/20220921_090000.WAV,Telephone Field,recover-20220922,001,1795
1021.3675,1021.404,68437,81994,Rhinolophus ferrumequinum,0.03,0.03,-1,Echolocation,/mnt/ubna_data_02_mir/recover-20220922/UBNA_001/20220921_090000.WAV,Telephone Field,recover-20220922,001,1795
1021.4025,1021.4433,68437,82413,Rhinolophus ferrumequinum,0.03,0.03,-1,Echolocation,/mnt/ubna_data_02_mir/recover-20220922/UBNA_001/20220921_090000.WAV,Telephone Field,recover-20220922,001,1795
1021.4295,1021.4705,68437,82500,Rhinolophus ferrumequinum,0.022,0.022,-1,Echolocation,/mnt/ubna_data_02_mir/recover-20220922/UBNA_001/20220921_090000.WAV,Telephone Field,recover-20220922,001,1795
1021.4605,1021.4678,28046,40819,Eptesicus serotinus,0.006,0.022,-1,Echolocation,/mnt/ubna_data_02_mir/recover-20220922/UBNA_001/20220921_090000.WAV,Telephone Field,recover-20220922,001,1795
1021.4705,1021.5085,68437,82152,Rhinolophus ferrumequinum,0.028,0.028,-1,Echolocation,/mnt/ubna_data_02_mir/recover-20220922/UBNA_001/20220921_090000.WAV,Telephone Field,recover-20220922,001,1795
1021.4715,1021.4775,28046,41491,Eptesicus serotinus,0.006,0.028,-1,Echolocation,/mnt/ubna_data_02_mir/recover-20220922/UBNA_001/20220921_090000.WAV,Telephone Field,recover-20220922,001,1795
1021.5175,1021.5582,68437,82441,Rhinolophus ferrumequinum,0.025,0.025,-1,Echolocation,/mnt/ubna_data_02_mir/recover-20220922/UBNA_001/20220921_090000.WAV,Telephone Field,recover-20220922,001,1795
1021.5355,1021.5758,68437,83156,Rhinolophus ferrumequinum,0.026,0.026,-1,Echolocation,/mnt/ubna_data_02_mir/recover-20220922/UBNA_001/20220921_090000.WAV,Telephone Field,recover-20220922,001,1795
1021.5795,1021.5873,28046,39950,Eptesicus serotinus,0.007,0.022,-1,Echolocation,/mnt/ubna_data_02_mir/recover-20220922/UBNA_001/20220921_090000.WAV,Telephone Field,recover-20220922,001,1795
1021.5845,1021.6253,68437,82776,Rhinolophus ferrumequinum,0.025,0.025,-1,Echolocation,/mnt/ubna_data_02_mir/recover-20220922/UBNA_001/20220921_090000.WAV,Telephone Field,recover-20220922,001,1795
1021.6285,1021.6377,28046,38371,Eptesicus serotinus,0.012,0.024,-1,Echolocation,/mnt/ubna_data_02_mir/recover-20220922/UBNA_001/20220921_090000.WAV,Telephone Field,recover-20220922,001,1795
1021.6355,1021.6722,68437,81644,Rhinolophus ferrumequinum,0.022,0.022,-1,Echolocation,/mnt/ubna_data_02_mir/recover-20220922/UBNA_001/20220921_090000.WAV,Telephone Field,recover-20220922,001,1795
1021.6565,1021.6664,26328,34120,Eptesicus serotinus,0.01,0.022,-1,Echolocation,/mnt/ubna_data_02_mir/recover-20220922/UBNA_001/20220921_090000.WAV,Telephone Field,recover-20220922,001,1795
1021.6715,1021.7111,68437,82522,Rhinolophus ferrumequinum,0.03,0.03,-1,Echolocation,/mnt/ubna_data_02_mir/recover-20220922/UBNA_001/20220921_090000.WAV,Telephone Field,recover-20220922,001,1795
1021.7125,1021.7227,24609,30800,Eptesicus serotinus,0.013,0.036,-1,Echolocation,/mnt/ubna_data_02_mir/recover-20220922/UBNA_001/20220921_090000.WAV,Telephone Field,recover-20220922,001,1795
1021.7545,1021.7615,51250,57000,Pipistrellus pipistrellus,0.021,0.025,-1,Echolocation,/mnt/ubna_data_02_mir/recover-20220922/UBNA_001/20220921_090000.WAV,Telephone Field,recover-20220922,001,1795
1021.7575,1021.7974,68437,82673,Rhinolophus ferrumequinum,0.026,0.026,-1,Echolocation,/mnt/ubna_data_02_mir/recover-20220922/UBNA_001/20220921_090000.WAV,Telephone Field,recover-20220922,001,1795
1021.7775,1021.8166,68437,81840,Rhinolophus ferrumequinum,0.022,0.022,-1,Echolocation,/mnt/ubna_data_02_mir/recover-20220922/UBNA_001/20220921_090000.WAV,Telephone Field,recover-20220922,001,1795
1021.7805,1021.7909,22890,27806,Nyctalus leisleri,0.011,0.023,-1,Echolocation,/mnt/ubna_data_02_mir/recover-20220922/UBNA_001/20220921_090000.WAV,Telephone Field,recover-20220922,001,1795
1021.7925,1021.8322,68437,82524,Rhinolophus ferrumequinum,0.026,0.026,-1,Echolocation,/mnt/ubna_data_02_mir/recover-20220922/UBNA_001/20220921_090000.WAV,Telephone Field,recover-20220922,001,1795
1021.8055,1021.8136,45234,49927,Pipistrellus pipistrellus,0.021,0.022,-1,Echolocation,/mnt/ubna_data_02_mir/recover-20220922/UBNA_001/20220921_090000.WAV,Telephone Field,recover-20220922,001,1795
1021.8675,1021.9038,68437,82003,Rhinolophus ferrumequinum,0.023,0.023,-1,Echolocation,/mnt/ubna_data_02_mir/recover-20220922/UBNA_001/20220921_090000.WAV,Telephone Field,recover-20220922,001,1795
1021.8885,1021.9042,16015,20488,Nyctalus noctula,0.022,0.031,-1,Echolocation,/mnt/ubna_data_02_mir/recover-20220922/UBNA_001/20220921_090000.WAV,Telephone Field,recover-20220922,001,1795
1021.9655,1021.9719,50390,56190,Pipistrellus pipistrellus,0.025,0.027,-1,Echolocation,/mnt/ubna_data_02_mir/recover-20220922/UBNA_001/20220921_090000.WAV,Telephone Field,recover-20220922,001,1795
1022.0015,1022.0344,68437,80233,Rhinolophus ferrumequinum,0.047,0.047,-1,Echolocation,/mnt/ubna_data_02_mir/recover-20220922/UBNA_001/20220921_090000.WAV,Telephone Field,recover-20220922,001,1795
1022.0015,1022.011,46953,54073,Pipistrellus pipistrellus,0.02,0.025,-1,Echolocation,/mnt/ubna_data_02_mir/recover-20220922/UBNA_001/20220921_090000.WAV,Telephone Field,recover-20220922,001,1795
1022.0015,1022.0099,22031,29065,Nyctalus leisleri,0.008,0.025,-1,Echolocation,/mnt/ubna_data_02_mir/recover-20220922/UBNA_001/20220921_090000.WAV,Telephone Field,recover-20220922,001,1795
1022.0215,1022.0297,28046,40494,Eptesicus serotinus,0.009,0.026,-1,Echolocation,/mnt/ubna_data_02_mir/recover-20220922/UBNA_001/20220921_090000.WAV,Telephone Field,recover-20220922,001,1795
1022.0465,1022.0864,68437,82522,Rhinolophus ferrumequinum,0.021,0.021,-1,Echolocation,/mnt/ubna_data_02_mir/recover-20220922/UBNA_001/20220921_090000.WAV,Telephone Field,recover-20220922,001,1795
1022.0795,1022.0904,22890,28699,Nyctalus leisleri,0.01,0.022,-1,Echolocation,/mnt/ubna_data_02_mir/recover-20220922/UBNA_001/20220921_090000.WAV,Telephone Field,recover-20220922,001,1795
1022.0865,1022.0982,22890,28256,Nyctalus leisleri,0.011,0.023,-1,Echolocation,/mnt/ubna_data_02_mir/recover-20220922/UBNA_001/20220921_090000.WAV,Telephone Field,recover-20220922,001,1795
1022.1025,1022.1431,68437,82401,Rhinolophus ferrumequinum,0.024,0.024,-1,Echolocation,/mnt/ubna_data_02_mir/recover-20220922/UBNA_001/20220921_090000.WAV,Telephone Field,recover-20220922,001,1795
1022.1275,1022.1675,68437,82222,Rhinolophus ferrumequinum,0.021,0.021,-1,Echolocation,/mnt/ubna_data_02_mir/recover-20220922/UBNA_001/20220921_090000.WAV,Telephone Field,recover-20220922,001,1795
1022.1295,1022.1399,22031,27480,Nyctalus leisleri,0.011,0.026,-1,Echolocation,/mnt/ubna_data_02_mir/recover-20220922/UBNA_001/20220921_090000.WAV,Telephone Field,recover-20220922,001,1795
1022.2005,1022.2132,49531,54139,Pipistrellus pipistrellus,0.024,0.028,-1,Echolocation,/mnt/ubna_data_02_mir/recover-20220922/UBNA_001/20220921_090000.WAV,Telephone Field,recover-20220922,001,1795
1022.2785,1022.3172,68437,82601,Rhinolophus ferrumequinum,0.023,0.023,-1,Echolocation,/mnt/ubna_data_02_mir/recover-20220922/UBNA_001/20220921_090000.WAV,Telephone Field,recover-20220922,001,1795
1022.2885,1022.2996,28906,35910,Eptesicus serotinus,0.023,0.038,-1,Echolocation,/mnt/ubna_data_02_mir/recover-20220922/UBNA_001/20220921_090000.WAV,Telephone Field,recover-20220922,001,1795
1022.3035,1022.3145,41796,45419,Pipistrellus nathusii,0.029,0.066,-1,Echolocation,/mnt/ubna_data_02_mir/recover-20220922/UBNA_001/20220921_090000.WAV,Telephone Field,recover-20220922,001,1795
1022.3055,1022.3451,68437,82611,Rhinolophus ferrumequinum,0.027,0.027,-1,Echolocation,/mnt/ubna_data_02_mir/recover-20220922/UBNA_001/20220921_090000.WAV,Telephone Field,recover-20220922,001,1795
1022.3545,1022.3631,26328,34278,Eptesicus serotinus,0.01,0.026,-1,Echolocation,/mnt/ubna_data_02_mir/recover-20220922/UBNA_001/20220921_090000.WAV,Telephone Field,recover-20220922,001,1795
1022.3685,1022.4046,68437,81554,Rhinolophus ferrumequinum,0.021,0.021,-1,Echolocation,/mnt/ubna_data_02_mir/recover-20220922/UBNA_001/20220921_090000.WAV,Telephone Field,recover-20220922,001,1795
1022.3985,1022.408,29765,37858,Eptesicus serotinus,0.01,0.023,-1,Echolocation,/mnt/ubna_data_02_mir/recover-20220922/UBNA_001/20220921_090000.WAV,Telephone Field,recover-20220922,001,1795
1022.4105,1022.4491,68437,82063,Rhinolophus ferrumequinum,0.024,0.024,-1,Echolocation,/mnt/ubna_data_02_mir/recover-20220922/UBNA_001/20220921_090000.WAV,Telephone Field,recover-20220922,001,1795
1022.4165,1022.4269,24609,31285,Nyctalus leisleri,0.012,0.033,-1,Echolocation,/mnt/ubna_data_02_mir/recover-20220922/UBNA_001/20220921_090000.WAV,Telephone Field,recover-20220922,001,1795
1022.4435,1022.4821,68437,82103,Rhinolophus ferrumequinum,0.023,0.023,-1,Echolocation,/mnt/ubna_data_02_mir/recover-20220922/UBNA_001/20220921_090000.WAV,Telephone Field,recover-20220922,001,1795
1022.4865,1022.4992,40078,44337,Pipistrellus nathusii,0.014,0.022,-1,Echolocation,/mnt/ubna_data_02_mir/recover-20220922/UBNA_001/20220921_090000.WAV,Telephone Field,recover-20220922,001,1795
1022.5505,1022.5916,68437,83118,Rhinolophus ferrumequinum,0.029,0.029,-1,Echolocation,/mnt/ubna_data_02_mir/recover-20220922/UBNA_001/20220921_090000.WAV,Telephone Field,recover-20220922,001,1795
1022.5535,1022.564,33203,38929,Barbastellus barbastellus,0.015,0.043,-1,Echolocation,/mnt/ubna_data_02_mir/recover-20220922/UBNA_001/20220921_090000.WAV,Telephone Field,recover-20220922,001,1795
1022.5845,1022.5925,27187,39809,Eptesicus serotinus,0.007,0.022,-1,Echolocation,/mnt/ubna_data_02_mir/recover-20220922/UBNA_001/20220921_090000.WAV,Telephone Field,recover-20220922,001,1795
1022.6235,1022.6646,68437,82726,Rhinolophus ferrumequinum,0.022,0.022,-1,Echolocation,/mnt/ubna_data_02_mir/recover-20220922/UBNA_001/20220921_090000.WAV,Telephone Field,recover-20220922,001,1795
1022.6315,1022.6396,27187,40328,Eptesicus serotinus,0.008,0.022,-1,Echolocation,/mnt/ubna_data_02_mir/recover-20220922/UBNA_001/20220921_090000.WAV,Telephone Field,recover-20220922,001,1795
1022.6675,1022.7051,68437,81244,Rhinolophus ferrumequinum,0.023,0.023,-1,Echolocation,/mnt/ubna_data_02_mir/recover-20220922/UBNA_001/20220921_090000.WAV,Telephone Field,recover-20220922,001,1795
1022.7955,1022.8306,68437,80880,Rhinolophus ferrumequinum,0.024,0.024,-1,Echolocation,/mnt/ubna_data_02_mir/recover-20220922/UBNA_001/20220921_090000.WAV,Telephone Field,recover-20220922,001,1795
1022.8145,1022.8493,68437,81693,Rhinolophus ferrumequinum,0.022,0.022,-1,Echolocation,/mnt/ubna_data_02_mir/recover-20220922/UBNA_001/20220921_090000.WAV,Telephone Field,recover-20220922,001,1795
1022.8285,1022.8676,68437,82518,Rhinolophus ferrumequinum,0.023,0.023,-1,Echolocation,/mnt/ubna_data_02_mir/recover-20220922/UBNA_001/20220921_090000.WAV,Telephone Field,recover-20220922,001,1795
1022.8555,1022.892,68437,81718,Rhinolophus ferrumequinum,0.025,0.026,-1,Echolocation,/mnt/ubna_data_02_mir/recover-20220922/UBNA_001/20220921_090000.WAV,Telephone Field,recover-20220922,001,1795
1022.8635,1022.9021,68437,81848,Rhinolophus ferrumequinum,0.022,0.022,-1,Echolocation,/mnt/ubna_data_02_mir/recover-20220922/UBNA_001/20220921_090000.WAV,Telephone Field,recover-20220922,001,1795
1022.9195,1022.9616,68437,82923,Rhinolophus ferrumequinum,0.029,0.029,-1,Echolocation,/mnt/ubna_data_02_mir/recover-20220922/UBNA_001/20220921_090000.WAV,Telephone Field,recover-20220922,001,1795
1022.9755,1022.9824,28046,37766,Eptesicus serotinus,0.009,0.03,-1,Echolocation,/mnt/ubna_data_02_mir/recover-20220922/UBNA_001/20220921_090000.WAV,Telephone Field,recover-20220922,001,1795
1022.9905,1023.025,68437,81309,Rhinolophus ferrumequinum,0.032,0.033,-1,Echolocation,/mnt/ubna_data_02_mir/recover-20220922/UBNA_001/20220921_090000.WAV,Telephone Field,recover-20220922,001,1795
1023.0765,1023.0876,25468,31598,Nyctalus leisleri,0.009,0.023,-1,Echolocation,/mnt/ubna_data_02_mir/recover-20220922/UBNA_001/20220921_090000.WAV,Telephone Field,recover-20220922,001,1795
1023.1105,1023.1478,68437,81853,Rhinolophus ferrumequinum,0.024,0.024,-1,Echolocation,/mnt/ubna_data_02_mir/recover-20220922/UBNA_001/20220921_090000.WAV,Telephone Field,recover-20220922,001,1795
1023.1335,1023.1411,24609,37067,Plecotus austriacus,0.006,0.023,-1,Echolocation,/mnt/ubna_data_02_mir/recover-20220922/UBNA_001/20220921_090000.WAV,Telephone Field,recover-20220922,001,1795
1023.1725,1023.1825,22890,28845,Nyctalus leisleri,0.011,0.026,-1,Echolocation,/mnt/ubna_data_02_mir/recover-20220922/UBNA_001/20220921_090000.WAV,Telephone Field,recover-20220922,001,1795
1023.2045,1023.2145,22890,28096,Nyctalus leisleri,0.01,0.022,-1,Echolocation,/mnt/ubna_data_02_mir/recover-20220922/UBNA_001/20220921_090000.WAV,Telephone Field,recover-20220922,001,1795
1023.3155,1023.3238,28046,37071,Eptesicus serotinus,0.013,0.034,-1,Echolocation,/mnt/ubna_data_02_mir/recover-20220922/UBNA_001/20220921_090000.WAV,Telephone Field,recover-20220922,001,1795
1023.3305,1023.3704,68437,82311,Rhinolophus ferrumequinum,0.024,0.024,-1,Echolocation,/mnt/ubna_data_02_mir/recover-20220922/UBNA_001/20220921_090000.WAV,Telephone Field,recover-20220922,001,1795
1023.3495,1023.3932,68437,83054,Rhinolophus ferrumequinum,0.029,0.029,-1,Echolocation,/mnt/ubna_data_02_mir/recover-20220922/UBNA_001/20220921_090000.WAV,Telephone Field,recover-20220922,001,1795
1023.3985,1023.4102,28906,36694,Eptesicus serotinus,0.014,0.027,-1,Echolocation,/mnt/ubna_data_02_mir/recover-20220922/UBNA_001/20220921_090000.WAV,Telephone Field,recover-20220922,001,1795
1023.4065,1023.4461,68437,82264,Rhinolophus ferrumequinum,0.021,0.022,-1,Echolocation,/mnt/ubna_data_02_mir/recover-20220922/UBNA_001/20220921_090000.WAV,Telephone Field,recover-20220922,001,1795
1023.4505,1023.4899,68437,82215,Rhinolophus ferrumequinum,0.025,0.025,-1,Echolocation,/mnt/ubna_data_02_mir/recover-20220922/UBNA_001/20220921_090000.WAV,Telephone Field,recover-20220922,001,1795
1023.4795,1023.4892,26328,34530,Eptesicus serotinus,0.009,0.022,-1,Echolocation,/mnt/ubna_data_02_mir/recover-20220922/UBNA_001/20220921_090000.WAV,Telephone Field,recover-20220922,001,1795
1023.5055,1023.5454,68437,82132,Rhinolophus ferrumequinum,0.024,0.024,-1,Echolocation,/mnt/ubna_data_02_mir/recover-20220922/UBNA_001/20220921_090000.WAV,Telephone Field,recover-20220922,001,1795
1023.5135,1023.5553,68437,82840,Rhinolophus ferrumequinum,0.028,0.028,-1,Echolocation,/mnt/ubna_data_02_mir/recover-20220922/UBNA_001/20220921_090000.WAV,Telephone Field,recover-20220922,001,1795
1023.5665,1023.603,68437,82157,Rhinolophus ferrumequinum,0.022,0.022,-1,Echolocation,/mnt/ubna_data_02_mir/recover-20220922/UBNA_001/20220921_090000.WAV,Telephone Field,recover-20220922,001,1795
1023.5755,1023.5837,23750,31569,Plecotus austriacus,0.007,0.021,-1,Echolocation,/mnt/ubna_data_02_mir/recover-20220922/UBNA_001/20220921_090000.WAV,Telephone Field,recover-20220922,001,1795
1023.5995,1023.6124,22890,27399,Nyctalus leisleri,0.016,0.03,-1,Echolocation,/mnt/ubna_data_02_mir/recover-20220922/UBNA_001/20220921_090000.WAV,Telephone Field,recover-20220922,001,1795
1023.6175,1023.6549,68437,81432,Rhinolophus ferrumequinum,0.022,0.022,-1,Echolocation,/mnt/ubna_data_02_mir/recover-20220922/UBNA_001/20220921_090000.WAV,Telephone Field,recover-20220922,001,1795
1023.6435,1023.6503,28046,41933,Eptesicus serotinus,0.006,0.023,-1,Echolocation,/mnt/ubna_data_02_mir/recover-20220922/UBNA_001/20220921_090000.WAV,Telephone Field,recover-20220922,001,1795
1023.6565,1023.6651,22031,29103,Plecotus austriacus,0.017,0.03,-1,Echolocation,/mnt/ubna_data_02_mir/recover-20220922/UBNA_001/20220921_090000.WAV,Telephone Field,recover-20220922,001,1795
1023.6595,1023.7005,68437,82734,Rhinolophus ferrumequinum,0.033,0.033,-1,Echolocation,/mnt/ubna_data_02_mir/recover-20220922/UBNA_001/20220921_090000.WAV,Telephone Field,recover-20220922,001,1795
1023.7015,1023.7116,28906,36560,Eptesicus serotinus,0.01,0.023,-1,Echolocation,/mnt/ubna_data_02_mir/recover-20220922/UBNA_001/20220921_090000.WAV,Telephone Field,recover-20220922,001,1795
1023.7385,1023.7752,68437,81745,Rhinolophus ferrumequinum,0.022,0.022,-1,Echolocation,/mnt/ubna_data_02_mir/recover-20220922/UBNA_001/20220921_090000.WAV,Telephone Field,recover-20220922,001,1795
1023.7425,1023.7508,28046,37700,Eptesicus serotinus,0.008,0.023,-1,Echolocation,/mnt/ubna_data_02_mir/recover-20220922/UBNA_001/20220921_090000.WAV,Telephone Field,recover-20220922,001,1795
1023.7535,1023.7737,21171,24527,Nyctalus leisleri,0.018,0.029,-1,Echolocation,/mnt/ubna_data_02_mir/recover-20220922/UBNA_001/20220921_090000.WAV,Telephone Field,recover-20220922,001,1795
1023.7625,1023.7849,21171,23930,Nyctalus leisleri,0.026,0.042,-1,Echolocation,/mnt/ubna_data_02_mir/recover-20220922/UBNA_001/20220921_090000.WAV,Telephone Field,recover-20220922,001,1795
1023.7725,1023.7875,45234,48420,Pipistrellus pipistrellus,0.074,0.081,-1,Echolocation,/mnt/ubna_data_02_mir/recover-20220922/UBNA_001/20220921_090000.WAV,Telephone Field,recover-20220922,001,1795
1023.7835,1023.8211,68437,81985,Rhinolophus ferrumequinum,0.022,0.022,-1,Echolocation,/mnt/ubna_data_02_mir/recover-20220922/UBNA_001/20220921_090000.WAV,Telephone Field,recover-20220922,001,1795
1023.8155,1023.8238,28906,37887,Eptesicus serotinus,0.008,0.025,-1,Echolocation,/mnt/ubna_data_02_mir/recover-20220922/UBNA_001/20220921_090000.WAV,Telephone Field,recover-20220922,001,1795
1023.8525,1023.8631,23750,29666,Nyctalus leisleri,0.01,0.023,-1,Echolocation,/mnt/ubna_data_02_mir/recover-20220922/UBNA_001/20220921_090000.WAV,Telephone Field,recover-20220922,001,1795
1023.8715,1023.9091,68437,82057,Rhinolophus ferrumequinum,0.023,0.023,-1,Echolocation,/mnt/ubna_data_02_mir/recover-20220922/UBNA_001/20220921_090000.WAV,Telephone Field,recover-20220922,001,1795
1023.8845,1023.9231,68437,81817,Rhinolophus ferrumequinum,0.025,0.025,-1,Echolocation,/mnt/ubna_data_02_mir/recover-20220922/UBNA_001/20220921_090000.WAV,Telephone Field,recover-20220922,001,1795
1023.8915,1023.9309,68437,82149,Rhinolophus ferrumequinum,0.023,0.023,-1,Echolocation,/mnt/ubna_data_02_mir/recover-20220922/UBNA_001/20220921_090000.WAV,Telephone Field,recover-20220922,001,1795
1023.8935,1023.9121,20312,23533,Nyctalus leisleri,0.016,0.028,-1,Echolocation,/mnt/ubna_data_02_mir/recover-20220922/UBNA_001/20220921_090000.WAV,Telephone Field,recover-20220922,001,1795
1023.9155,1023.9564,68437,82422,Rhinolophus ferrumequinum,0.032,0.032,-1,Echolocation,/mnt/ubna_data_02_mir/recover-20220922/UBNA_001/20220921_090000.WAV,Telephone Field,recover-20220922,001,1795
1023.9235,1023.9326,44375,47625,Pipistrellus pipistrellus,0.03,0.031,-1,Echolocation,/mnt/ubna_data_02_mir/recover-20220922/UBNA_001/20220921_090000.WAV,Telephone Field,recover-20220922,001,1795
1023.9435,1023.9818,68437,82087,Rhinolophus ferrumequinum,0.027,0.027,-1,Echolocation,/mnt/ubna_data_02_mir/recover-20220922/UBNA_001/20220921_090000.WAV,Telephone Field,recover-20220922,001,1795
1023.9615,1023.9983,68437,81720,Rhinolophus ferrumequinum,0.029,0.029,-1,Echolocation,/mnt/ubna_data_02_mir/recover-20220922/UBNA_001/20220921_090000.WAV,Telephone Field,recover-20220922,001,1795
1023.9655,1023.9759,24609,31323,Nyctalus leisleri,0.009,0.025,-1,Echolocation,/mnt/ubna_data_02_mir/recover-20220922/UBNA_001/20220921_090000.WAV,Telephone Field,recover-20220922,001,1795
1024.0015,1024.0327,68437,79473,Rhinolophus ferrumequinum,0.026,0.027,-1,Echolocation,/mnt/ubna_data_02_mir/recover-20220922/UBNA_001/20220921_090000.WAV,Telephone Field,recover-20220922,001,1795
1024.0015,1024.0086,21171,27942,Plecotus austriacus,0.008,0.024,-1,Echolocation,/mnt/ubna_data_02_mir/recover-20220922/UBNA_001/20220921_090000.WAV,Telephone Field,recover-20220922,001,1795
1024.0015,1024.0111,46953,51331,Pipistrellus pipistrellus,0.017,0.022,-1,Echolocation,/mnt/ubna_data_02_mir/recover-20220922/UBNA_001/20220921_090000.WAV,Telephone Field,recover-20220922,001,1795
1024.0015,1024.0114,30625,37897,Eptesicus serotinus,0.006,0.021,-1,Echolocation,/mnt/ubna_data_02_mir/recover-20220922/UBNA_001/20220921_090000.WAV,Telephone Field,recover-20220922,001,1795
1024.0095,1024.0498,68437,81792,Rhinolophus ferrumequinum,0.023,0.023,-1,Echolocation,/mnt/ubna_data_02_mir/recover-20220922/UBNA_001/20220921_090000.WAV,Telephone Field,recover-20220922,001,1795
1024.0195,1024.0583,68437,82154,Rhinolophus ferrumequinum,0.028,0.028,-1,Echolocation,/mnt/ubna_data_02_mir/recover-20220922/UBNA_001/20220921_090000.WAV,Telephone Field,recover-20220922,001,1795
1024.0235,1024.0334,22890,28372,Nyctalus leisleri,0.01,0.021,-1,Echolocation,/mnt/ubna_data_02_mir/recover-20220922/UBNA_001/20220921_090000.WAV,Telephone Field,recover-20220922,001,1795
1024.0415,1024.0789,68437,82001,Rhinolophus ferrumequinum,0.022,0.022,-1,Echolocation,/mnt/ubna_data_02_mir/recover-20220922/UBNA_001/20220921_090000.WAV,Telephone Field,recover-20220922,001,1795
1024.0525,1024.0888,68437,81909,Rhinolophus ferrumequinum,0.021,0.021,-1,Echolocation,/mnt/ubna_data_02_mir/recover-20220922/UBNA_001/20220921_090000.WAV,Telephone Field,recover-20220922,001,1795
1024.0855,1024.1252,68437,82419,Rhinolophus ferrumequinum,0.024,0.024,-1,Echolocation,/mnt/ubna_data_02_mir/recover-20220922/UBNA_001/20220921_090000.WAV,Telephone Field,recover-20220922,001,1795
1024.1085,1024.1188,34921,45460,Myotis daubentonii,0.005,0.021,-1,Echolocation,/mnt/ubna_data_02_mir/recover-20220922/UBNA_001/20220921_090000.WAV,Telephone Field,recover-20220922,001,1795
1024.1095,1024.1486,68437,82266,Rhinolophus ferrumequinum,0.023,0.023,-1,Echolocation,/mnt/ubna_data_02_mir/recover-20220922/UBNA_001/20220921_090000.WAV,Telephone Field,recover-20220922,001,1795
1024.1105,1024.1189,27187,37692,Eptesicus serotinus,0.007,0.021,-1,Echolocation,/mnt/ubna_data_02_mir/recover-20220922/UBNA_001/20220921_090000.WAV,Telephone Field,recover-20220922,001,1795
1024.1495,1024.1848,68437,80247,Rhinolophus ferrumequinum,0.022,0.022,-1,Echolocation,/mnt/ubna_data_02_mir/recover-20220922/UBNA_001/20220921_090000.WAV,Telephone Field,recover-20220922,001,1795
1024.1625,1024.172,24609,31958,Nyctalus leisleri,0.007,0.022,-1,Echolocation,/mnt/ubna_data_02_mir/recover-20220922/UBNA_001/20220921_090000.WAV,Telephone Field,recover-20220922,001,1795
1024.1655,1024.2032,68437,81922,Rhinolophus ferrumequinum,0.028,0.028,-1,Echolocation,/mnt/ubna_data_02_mir/recover-20220922/UBNA_001/20220921_090000.WAV,Telephone Field,recover-20220922,001,1795
1024.1775,1024.1873,22890,28541,Nyctalus leisleri,0.009,0.022,-1,Echolocation,/mnt/ubna_data_02_mir/recover-20220922/UBNA_001/20220921_090000.WAV,Telephone Field,recover-20220922,001,1795
1024.2155,1024.2529,68437,81758,Rhinolophus ferrumequinum,0.021,0.021,-1,Echolocation,/mnt/ubna_data_02_mir/recover-20220922/UBNA_001/20220921_090000.WAV,Telephone Field,recover-20220922,001,1795
1024.2455,1024.285,68437,82042,Rhinolophus ferrumequinum,0.022,0.022,-1,Echolocation,/mnt/ubna_data_02_mir/recover-20220922/UBNA_001/20220921_090000.WAV,Telephone Field,recover-20220922,001,1795
1024.2885,1024.3303,68437,82886,Rhinolophus ferrumequinum,0.027,0.027,-1,Echolocation,/mnt/ubna_data_02_mir/recover-20220922/UBNA_001/20220921_090000.WAV,Telephone Field,recover-20220922,001,1795
1024.2975,1024.3091,34062,39525,Eptesicus serotinus,0.006,0.024,-1,Echolocation,/mnt/ubna_data_02_mir/recover-20220922/UBNA_001/20220921_090000.WAV,Telephone Field,recover-20220922,001,1795
1024.3125,1024.3476,68437,81247,Rhinolophus ferrumequinum,0.028,0.028,-1,Echolocation,/mnt/ubna_data_02_mir/recover-20220922/UBNA_001/20220921_090000.WAV,Telephone Field,recover-20220922,001,1795
1024.3415,1024.3778,68437,81967,Rhinolophus ferrumequinum,0.021,0.021,-1,Echolocation,/mnt/ubna_data_02_mir/recover-20220922/UBNA_001/20220921_090000.WAV,Telephone Field,recover-20220922,001,1795
1024.4265,1024.4647,68437,81494,Rhinolophus ferrumequinum,0.023,0.024,-1,Echolocation,/mnt/ubna_data_02_mir/recover-20220922/UBNA_001/20220921_090000.WAV,Telephone Field,recover-20220922,001,1795
1024.4505,1024.4606,28046,38526,Eptesicus serotinus,0.008,0.021,-1,Echolocation,/mnt/ubna_data_02_mir/recover-20220922/UBNA_001/20220921_090000.WAV,Telephone Field,recover-20220922,001,1795
1024.4645,1024.4986,68437,81443,Rhinolophus ferrumequinum,0.025,0.025,-1,Echolocation,/mnt/ubna_data_02_mir/recover-20220922/UBNA_001/20220921_090000.WAV,Telephone Field,recover-20220922,001,1795
1024.4795,1024.5184,68437,82432,Rhinolophus ferrumequinum,0.022,0.022,-1,Echolocation,/mnt/ubna_data_02_mir/recover-20220922/UBNA_001/20220921_090000.WAV,Telephone Field,recover-20220922,001,1795
1024.4895,1024.497,23750,32963,Plecotus austriacus,0.012,0.029,-1,Echolocation,/mnt/ubna_data_02_mir/recover-20220922/UBNA_001/20220921_090000.WAV,Telephone Field,recover-20220922,001,1795
1024.4935,1024.533,68437,82582,Rhinolophus ferrumequinum,0.024,0.024,-1,Echolocation,/mnt/ubna_data_02_mir/recover-20220922/UBNA_001/20220921_090000.WAV,Telephone Field,recover-20220922,001,1795
1024.5475,1024.586,68437,82031,Rhinolophus ferrumequinum,0.024,0.024,-1,Echolocation,/mnt/ubna_data_02_mir/recover-20220922/UBNA_001/20220921_090000.WAV,Telephone Field,recover-20220922,001,1795
1024.5805,1024.5879,25468,39036,Myotis nattereri,0.007,0.024,-1,Echolocation,/mnt/ubna_data_02_mir/recover-20220922/UBNA_001/20220921_090000.WAV,Telephone Field,recover-20220922,001,1795
1024.5825,1024.6265,68437,83495,Rhinolophus ferrumequinum,0.089,0.089,-1,Echolocation,/mnt/ubna_data_02_mir/recover-20220922/UBNA_001/20220921_090000.WAV,Telephone Field,recover-20220922,001,1795
1024.6165,1024.6568,68437,82466,Rhinolophus ferrumequinum,0.022,0.022,-1,Echolocation,/mnt/ubna_data_02_mir/recover-20220922/UBNA_001/20220921_090000.WAV,Telephone Field,recover-20220922,001,1795
1024.6315,1024.64,25468,34333,Eptesicus serotinus,0.007,0.022,-1,Echolocation,/mnt/ubna_data_02_mir/recover-20220922/UBNA_001/20220921_090000.WAV,Telephone Field,recover-20220922,001,1795
1024.6435,1024.6838,68437,82112,Rhinolophus ferrumequinum,0.021,0.021,-1,Echolocation,/mnt/ubna_data_02_mir/recover-20220922/UBNA_001/20220921_090000.WAV,Telephone Field,recover-20220922,001,1795
1024.6575,1024.6651,25468,34130,Eptesicus serotinus,0.007,0.024,-1,Echolocation,/mnt/ubna_data_02_mir/recover-20220922/UBNA_001/20220921_090000.WAV,Telephone Field,recover-20220922,001,1795
1024.6935,1024.7333,68437,81711,Rhinolophus ferrumequinum,0.024,0.024,-1,Echolocation,/mnt/ubna_data_02_mir/recover-20220922/UBNA_001/20220921_090000.WAV,Telephone Field,recover-20220922,001,1795
1024.6955,1024.7063,28906,36181,Eptesicus serotinus,0.01,0.023,-1,Echolocation,/mnt/ubna_data_02_mir/recover-20220922/UBNA_001/20220921_090000.WAV,Telephone Field,recover-20220922,001,1795
1024.7385,1024.7465,28906,38443,Eptesicus serotinus,0.007,0.021,-1,Echolocation,/mnt/ubna_data_02_mir/recover-20220922/UBNA_001/20220921_090000.WAV,Telephone Field,recover-20220922,001,1795
1024.7425,1024.7753,68437,81256,Rhinolophus ferrumequinum,0.022,0.022,-1,Echolocation,/mnt/ubna_data_02_mir/recover-20220922/UBNA_001/20220921_090000.WAV,Telephone Field,recover-20220922,001,1795
1024.7775,1024.8127,68437,81385,Rhinolophus ferrumequinum,0.021,0.021,-1,Echolocation,/mnt/ubna_data_02_mir/recover-20220922/UBNA_001/20220921_090000.WAV,Telephone Field,recover-20220922,001,1795
1024.7845,1024.8219,68437,81930,Rhinolophus ferrumequinum,0.022,0.022,-1,Echolocation,/mnt/ubna_data_02_mir/recover-20220922/UBNA_001/20220921_090000.WAV,Telephone Field,recover-20220922,001,1795
1024.8315,1024.8474,22031,25918,Nyctalus leisleri,0.015,0.026,-1,Echolocation,/mnt/ubna_data_02_mir/recover-20220922/UBNA_001/20220921_090000.WAV,Telephone Field,recover-20220922,001,1795
1024.8455,1024.859,21171,24957,Nyctalus leisleri,0.013,0.021,-1,Echolocation,/mnt/ubna_data_02_mir/recover-20220922/UBNA_001/20220921_090000.WAV,Telephone Field,recover-20220922,001,1795
1024.8615,1024.9019,68437,82457,Rhinolophus ferrumequinum,0.026,0.026,-1,Echolocation,/mnt/ubna_data_02_mir/recover-20220922/UBNA_001/20220921_090000.WAV,Telephone Field,recover-20220922,001,1795
1024.8685,1024.9093,68437,82296,Rhinolophus ferrumequinum,0.03,0.03,-1,Echolocation,/mnt/ubna_data_02_mir/recover-20220922/UBNA_001/20220921_090000.WAV,Telephone Field,recover-20220922,001,1795
1024.9345,1024.9714,68437,81410,Rhinolophus ferrumequinum,0.022,0.022,-1,Echolocation,/mnt/ubna_data_02_mir/recover-20220922/UBNA_001/20220921_090000.WAV,Telephone Field,recover-20220922,001,1795
1024.9585,1024.9975,68437,82299,Rhinolophus ferrumequinum,0.026,0.026,-1,Echolocation,/mnt/ubna_data_02_mir/recover-20220922/UBNA_001/20220921_090000.WAV,Telephone Field,recover-20220922,001,1795
1024.9825,1025.0225,68437,82552,Rhinolophus ferrumequinum,0.022,0.022,-1,Echolocation,/mnt/ubna_data_02_mir/recover-20220922/UBNA_001/20220921_090000.WAV,Telephone Field,recover-20220922,001,1795
1025.0025,1025.0463,68437,83008,Rhinolophus ferrumequinum,0.028,0.028,-1,Echolocation,/mnt/ubna_data_02_mir/recover-20220922/UBNA_001/20220921_090000.WAV,Telephone Field,recover-20220922,001,1795
1025.0315,1025.0676,68437,81436,Rhinolophus ferrumequinum,0.035,0.035,-1,Echolocation,/mnt/ubna_data_02_mir/recover-20220922/UBNA_001/20220921_090000.WAV,Telephone Field,recover-20220922,001,1795
1025.0585,1025.0972,68437,82349,Rhinolophus ferrumequinum,0.024,0.024,-1,Echolocation,/mnt/ubna_data_02_mir/recover-20220922/UBNA_001/20220921_090000.WAV,Telephone Field,recover-20220922,001,1795
1025.0695,1025.108,68437,82211,Rhinolophus ferrumequinum,0.025,0.025,-1,Echolocation,/mnt/ubna_data_02_mir/recover-20220922/UBNA_001/20220921_090000.WAV,Telephone Field,recover-20220922,001,1795
1025.0745,1025.1144,68437,82526,Rhinolophus ferrumequinum,0.023,0.023,-1,Echolocation,/mnt/ubna_data_02_mir/recover-20220922/UBNA_001/20220921_090000.WAV,Telephone Field,recover-20220922,001,1795
1025.1045,1025.1389,68437,81225,Rhinolophus ferrumequinum,0.022,0.022,-1,Echolocation,/mnt/ubna_data_02_mir/recover-20220922/UBNA_001/20220921_090000.WAV,Telephone Field,recover-20220922,001,1795
1025.1135,1025.1504,68437,81975,Rhinolophus ferrumequinum,0.021,0.021,-1,Echolocation,/mnt/ubna_data_02_mir/recover-20220922/UBNA_001/20220921_090000.WAV,Telephone Field,recover-20220922,001,1795
1025.1595,1025.197,68437,82111,Rhinolophus ferrumequinum,0.022,0.022,-1,Echolocation,/mnt/ubna_data_02_mir/recover-20220922/UBNA_001/20220921_090000.WAV,Telephone Field,recover-20220922,001,1795
1025.1865,1025.1977,23750,28769,Nyctalus leisleri,0.013,0.026,-1,Echolocation,/mnt/ubna_data_02_mir/recover-20220922/UBNA_001/20220921_090000.WAV,Telephone Field,recover-20220922,001,1795
1025.1905,1025.2283,68437,82100,Rhinolophus ferrumequinum,0.02,0.02,-1,Echolocation,/mnt/ubna_data_02_mir/recover-20220922/UBNA_001/20220921_090000.WAV,Telephone Field,recover-20220922,001,1795
1025.2325,1025.2692,68437,81730,Rhinolophus ferrumequinum,0.028,0.028,-1,Echolocation,/mnt/ubna_data_02_mir/recover-20220922/UBNA_001/20220921_090000.WAV,Telephone Field,recover-20220922,001,1795
1025.2475,1025.2546,49531,54308,Pipistrellus pipistrellus,0.019,0.021,-1,Echolocation,/mnt/ubna_data_02_mir/recover-20220922/UBNA_001/20220921_090000.WAV,Telephone Field,recover-20220922,001,1795
1025.2535,1025.2643,22890,27122,Nyctalus leisleri,0.012,0.022,-1,Echolocation,/mnt/ubna_data_02_mir/recover-20220922/UBNA_001/20220921_090000.WAV,Telephone Field,recover-20220922,001,1795
1025.2565,1025.2943,68437,82421,Rhinolophus ferrumequinum,0.026,0.026,-1,Echolocation,/mnt/ubna_data_02_mir/recover-20220922/UBNA_001/20220921_090000.WAV,Telephone Field,recover-20220922,001,1795
1025.3135,1025.3232,22890,28872,Nyctalus leisleri,0.009,0.022,-1,Echolocation,/mnt/ubna_data_02_mir/recover-20220922/UBNA_001/20220921_090000.WAV,Telephone Field,recover-20220922,001,1795
1025.3155,1025.3577,68437,83244,Rhinolophus ferrumequinum,0.04,0.04,-1,Echolocation,/mnt/ubna_data_02_mir/recover-20220922/UBNA_001/20220921_090000.WAV,Telephone Field,recover-20220922,001,1795
1025.3495,1025.3608,15156,21002,Nyctalus noctula,0.013,0.022,-1,Echolocation,/mnt/ubna_data_02_mir/recover-20220922/UBNA_001/20220921_090000.WAV,Telephone Field,recover-20220922,001,1795
1025.3545,1025.3943,68437,82668,Rhinolophus ferrumequinum,0.021,0.021,-1,Echolocation,/mnt/ubna_data_02_mir/recover-20220922/UBNA_001/20220921_090000.WAV,Telephone Field,recover-20220922,001,1795
1025.3635,1025.3707,28046,36465,Eptesicus serotinus,0.012,0.033,-1,Echolocation,/mnt/ubna_data_02_mir/recover-20220922/UBNA_001/20220921_090000.WAV,Telephone Field,recover-20220922,001,1795
1025.3755,1025.4141,68437,82821,Rhinolophus ferrumequinum,0.022,0.022,-1,Echolocation,/mnt/ubna_data_02_mir/recover-20220922/UBNA_001/20220921_090000.WAV,Telephone Field,recover-20220922,001,1795
1025.4155,1025.4525,68437,81811,Rhinolophus ferrumequinum,0.023,0.023,-1,Echolocation,/mnt/ubna_data_02_mir/recover-20220922/UBNA_001/20220921_090000.WAV,Telephone Field,recover-20220922,001,1795
1025.4605,1025.5016,68437,83091,Rhinolophus ferrumequinum,0.032,0.032,-1,Echolocation,/mnt/ubna_data_02_mir/recover-20220922/UBNA_001/20220921_090000.WAV,Telephone Field,recover-20220922,001,1795
1025.4915,1025.5027,23750,28831,Nyctalus leisleri,0.011,0.021,-1,Echolocation,/mnt/ubna_data_02_mir/recover-20220922/UBNA_001/20220921_090000.WAV,Telephone Field,recover-20220922,001,1795
1025.4925,1025.5301,68437,82084,Rhinolophus ferrumequinum,0.021,0.021,-1,Echolocation,/mnt/ubna_data_02_mir/recover-20220922/UBNA_001/20220921_090000.WAV,Telephone Field,recover-20220922,001,1795
1025.5215,1025.5627,68437,82747,Rhinolophus ferrumequinum,0.025,0.025,-1,Echolocation,/mnt/ubna_data_02_mir/recover-20220922/UBNA_001/20220921_090000.WAV,Telephone Field,recover-20220922,001,1795
1025.5455,1025.5877,68437,83028,Rhinolophus ferrumequinum,0.034,0.034,-1,Echolocation,/mnt/ubna_data_02_mir/recover-20220922/UBNA_001/20220921_090000.WAV,Telephone Field,recover-20220922,001,1795
1025.5855,1025.6242,68437,81911,Rhinolophus ferrumequinum,0.023,0.023,-1,Echolocation,/mnt/ubna_data_02_mir/recover-20220922/UBNA_001/20220921_090000.WAV,Telephone Field,recover-20220922,001,1795
1025.5895,1025.5994,22031,26702,Nyctalus leisleri,0.01,0.021,-1,Echolocation,/mnt/ubna_data_02_mir/recover-20220922/UBNA_001/20220921_090000.WAV,Telephone Field,recover-20220922,001,1795
1025.5995,1025.6385,68437,81978,Rhinolophus ferrumequinum,0.029,0.029,-1,Echolocation,/mnt/ubna_data_02_mir/recover-20220922/UBNA_001/20220921_090000.WAV,Telephone Field,recover-20220922,001,1795
1025.6045,1025.6143,28046,35872,Eptesicus serotinus,0.009,0.021,-1,Echolocation,/mnt/ubna_data_02_mir/recover-20220922/UBNA_001/20220921_090000.WAV,Telephone Field,recover-20220922,001,1795
1025.6295,1025.6651,68437,81552,Rhinolophus ferrumequinum,0.024,0.024,-1,Echolocation,/mnt/ubna_data_02_mir/recover-20220922/UBNA_001/20220921_090000.WAV,Telephone Field,recover-20220922,001,1795
1025.6585,1025.6959,68437,81565,Rhinolophus ferrumequinum,0.023,0.023,-1,Echolocation,/mnt/ubna_data_02_mir/recover-20220922/UBNA_001/20220921_090000.WAV,Telephone Field,recover-20220922,001,1795
1025.6675,1025.7034,68437,81497,Rhinolophus ferrumequinum,0.022,0.022,-1,Echolocation,/mnt/ubna_data_02_mir/recover-20220922/UBNA_001/20220921_090000.WAV,Telephone Field,recover-20220922,001,1795
1025.6815,1025.7009,20312,22338,Nyctalus leisleri,0.017,0.027,-1,Echolocation,/mnt/ubna_data_02_mir/recover-20220922/UBNA_001/20220921_090000.WAV,Telephone Field,recover-20220922,001,1795
1025.6985,1025.7081,22031,27952,Plecotus austriacus,0.01,0.027,-1,Echolocation,/mnt/ubna_data_02_mir/recover-20220922/UBNA_001/20220921_090000.WAV,Telephone Field,recover-20220922,001,1795
1025.6995,1025.7381,68437,81719,Rhinolophus ferrumequinum,0.021,0.021,-1,Echolocation,/mnt/ubna_data_02_mir/recover-20220922/UBNA_001/20220921_090000.WAV,Telephone Field,recover-20220922,001,1795
1025.7405,1025.7839,68437,82951,Rhinolophus ferrumequinum,0.029,0.029,-1,Echolocation,/mnt/ubna_data_02_mir/recover-20220922/UBNA_001/20220921_090000.WAV,Telephone Field,recover-20220922,001,1795
1025.7435,1025.7545,22890,27658,Nyctalus leisleri,0.011,0.021,-1,Echolocation,/mnt/ubna_data_02_mir/recover-20220922/UBNA_001/20220921_090000.WAV,Telephone Field,recover-20220922,001,1795
1025.7725,1025.7851,34921,40857,Eptesicus serotinus,0.006,0.023,-1,Echolocation,/mnt/ubna_data_02_mir/recover-20220922/UBNA_001/20220921_090000.WAV,Telephone Field,recover-20220922,001,1795
1025.7765,1025.8171,68437,82312,Rhinolophus ferrumequinum,0.022,0.022,-1,Echolocation,/mnt/ubna_data_02_mir/recover-20220922/UBNA_001/20220921_090000.WAV,Telephone Field,recover-20220922,001,1795
1025.7975,1025.8339,68437,82153,Rhinolophus ferrumequinum,0.021,0.021,-1,Echolocation,/mnt/ubna_data_02_mir/recover-20220922/UBNA_001/20220921_090000.WAV,Telephone Field,recover-20220922,001,1795
1025.8475,1025.8904,68437,83188,Rhinolophus ferrumequinum,0.042,0.042,-1,Echolocation,/mnt/ubna_data_02_mir/recover-20220922/UBNA_001/20220921_090000.WAV,Telephone Field,recover-20220922,001,1795
1025.8625,1025.8966,68437,80606,Rhinolophus ferrumequinum,0.022,0.023,-1,Echolocation,/mnt/ubna_data_02_mir/recover-20220922/UBNA_001/20220921_090000.WAV,Telephone Field,recover-20220922,001,1795
1025.8885,1025.9274,68437,81668,Rhinolophus ferrumequinum,0.026,0.026,-1,Echolocation,/mnt/ubna_data_02_mir/recover-20220922/UBNA_001/20220921_090000.WAV,Telephone Field,recover-20220922,001,1795
1025.8955,1025.9385,68437,82302,Rhinolophus ferrumequinum,0.026,0.026,-1,Echolocation,/mnt/ubna_data_02_mir/recover-20220922/UBNA_001/20220921_090000.WAV,Telephone Field,recover-20220922,001,1795
1025.9135,1025.9475,68437,81116,Rhinolophus ferrumequinum,0.021,0.021,-1,Echolocation,/mnt/ubna_data_02_mir/recover-20220922/UBNA_001/20220921_090000.WAV,Telephone Field,recover-20220922,001,1795
1025.9185,1025.9252,27187,40038,Eptesicus serotinus,0.006,0.023,-1,Echolocation,/mnt/ubna_data_02_mir/recover-20220922/UBNA_001/20220921_090000.WAV,Telephone Field,recover-20220922,001,1795
1025.9275,1025.9653,68437,81385,Rhinolophus ferrumequinum,0.022,0.022,-1,Echolocation,/mnt/ubna_data_02_mir/recover-20220922/UBNA_001/20220921_090000.WAV,Telephone Field,recover-20220922,001,1795
1025.9335,1025.9726,68437,81847,Rhinolophus ferrumequinum,0.022,0.022,-1,Echolocation,/mnt/ubna_data_02_mir/recover-20220922/UBNA_001/20220921_090000.WAV,Telephone Field,recover-20220922,001,1795
1025.9455,1025.982,68437,81335,Rhinolophus ferrumequinum,0.022,0.022,-1,Echolocation,/mnt/ubna_data_02_mir/recover-20220922/UBNA_001/20220921_090000.WAV,Telephone Field,recover-20220922,001,1795
1025.9665,1025.9751,56406,60871,Pipistrellus pygmaeus,0.029,0.029,-1,Echolocation,/mnt/ubna_data_02_mir/recover-20220922/UBNA_001/20220921_090000.WAV,Telephone Field,recover-20220922,001,1795
1025.9705,1025.9789,26328,33997,Eptesicus serotinus,0.007,0.021,-1,Echolocation,/mnt/ubna_data_02_mir/recover-20220922/UBNA_001/20220921_090000.WAV,Telephone Field,recover-20220922,001,1795
1026.0015,1026.0371,68437,80237,Rhinolophus ferrumequinum,0.064,0.064,-1,Echolocation,/mnt/ubna_data_02_mir/recover-20220922/UBNA_001/20220921_090000.WAV,Telephone Field,recover-20220922,001,1795
1026.0015,1026.0108,23750,30596,Nyctalus leisleri,0.011,0.031,-1,Echolocation,/mnt/ubna_data_02_mir/recover-20220922/UBNA_001/20220921_090000.WAV,Telephone Field,recover-20220922,001,1795
1026.0465,1026.0839,68437,81177,Rhinolophus ferrumequinum,0.023,0.023,-1,Echolocation,/mnt/ubna_data_02_mir/recover-20220922/UBNA_001/20220921_090000.WAV,Telephone Field,recover-20220922,001,1795
1026.0575,1026.0709,22031,26223,Nyctalus leisleri,0.012,0.023,-1,Echolocation,/mnt/ubna_data_02_mir/recover-20220922/UBNA_001/20220921_090000.WAV,Telephone Field,recover-20220922,001,1795
1026.0595,1026.0976,68437,82898,Rhinolophus ferrumequinum,0.028,0.028,-1,Echolocation,/mnt/ubna_data_02_mir/recover-20220922/UBNA_001/20220921_090000.WAV,Telephone Field,recover-20220922,001,1795
1026.0665,1026.1048,68437,82394,Rhinolophus ferrumequinum,0.025,0.025,-1,Echolocation,/mnt/ubna_data_02_mir/recover-20220922/UBNA_001/20220921_090000.WAV,Telephone Field,recover-20220922,001,1795
1026.0765,1026.1154,68437,81766,Rhinolophus ferrumequinum,0.023,0.024,-1,Echolocation,/mnt/ubna_data_02_mir/recover-20220922/UBNA_001/20220921_090000.WAV,Telephone Field,recover-20220922,001,1795
1026.0915,1026.1299,68437,81999,Rhinolophus ferrumequinum,0.023,0.023,-1,Echolocation,/mnt/ubna_data_02_mir/recover-20220922/UBNA_001/20220921_090000.WAV,Telephone Field,recover-20220922,001,1795
1026.0995,1026.1402,68437,82858,Rhinolophus ferrumequinum,0.025,0.025,-1,Echolocation,/mnt/ubna_data_02_mir/recover-20220922/UBNA_001/20220921_090000.WAV,Telephone Field,recover-20220922,001,1795
1026.1115,1026.1225,22890,27723,Nyctalus leisleri,0.013,0.024,-1,Echolocation,/mnt/ubna_data_02_mir/recover-20220922/UBNA_001/20220921_090000.WAV,Telephone Field,recover-20220922,001,1795
1026.1235,1026.1628,68437,82719,Rhinolophus ferrumequinum,0.022,0.022,-1,Echolocation,/mnt/ubna_data_02_mir/recover-20220922/UBNA_001/20220921_090000.WAV,Telephone Field,recover-20220922,001,1795
1026.1385,1026.1528,15156,21403,Nyctalus noctula,0.016,0.023,-1,Echolocation,/mnt/ubna_data_02_mir/recover-20220922/UBNA_001/20220921_090000.WAV,Telephone Field,recover-20220922,001,1795
1026.1535,1026.1978,68437,82485,Rhinolophus ferrumequinum,0.028,0.028,-1,Echolocation,/mnt/ubna_data_02_mir/recover-20220922/UBNA_001/20220921_090000.WAV,Telephone Field,recover-20220922,001,1795
1026.1555,1026.1633,27187,39697,Eptesicus serotinus,0.007,0.022,-1,Echolocation,/mnt/ubna_data_02_mir/recover-20220922/UBNA_001/20220921_090000.WAV,Telephone Field,recover-20220922,001,1795
1026.1715,1026.1838,32343,39258,Eptesicus serotinus,0.008,0.024,-1,Echolocation,/mnt/ubna_data_02_mir/recover-20220922/UBNA_001/20220921_090000.WAV,Telephone Field,recover-20220922,001,1795
1026.1845,1026.2247,68437,82271,Rhinolophus ferrumequinum,0.022,0.022,-1,Echolocation,/mnt/ubna_data_02_mir/recover-20220922/UBNA_001/20220921_090000.WAV,Telephone Field,recover-20220922,001,1795
1026.1955,1026.2095,22031,25789,Nyctalus leisleri,0.02,0.031,-1,Echolocation,/mnt/ubna_data_02_mir/recover-20220922/UBNA_001/20220921_090000.WAV,Telephone Field,recover-20220922,001,1795
1026.2065,1026.2481,68437,82470,Rhinolophus ferrumequinum,0.022,0.022,-1,Echolocation,/mnt/ubna_data_02_mir/recover-20220922/UBNA_001/20220921_090000.WAV,Telephone Field,recover-20220922,001,1795
1026.2215,1026.2597,68437,81997,Rhinolophus ferrumequinum,0.028,0.028,-1,Echolocation,/mnt/ubna_data_02_mir/recover-20220922/UBNA_001/20220921_090000.WAV,Telephone Field,recover-20220922,001,1795
1026.2505,1026.2599,28906,37345,Eptesicus serotinus,0.008,0.022,-1,Echolocation,/mnt/ubna_data_02_mir/recover-20220922/UBNA_001/20220921_090000.WAV,Telephone Field,recover-20220922,001,1795
1026.2525,1026.293,68437,82368,Rhinolophus ferrumequinum,0.026,0.027,-1,Echolocation,/mnt/ubna_data_02_mir/recover-20220922/UBNA_001/20220921_090000.WAV,Telephone Field,recover-20220922,001,1795
1026.2615,1026.269,46953,52480,Pipistrellus pipistrellus,0.02,0.022,-1,Echolocation,/mnt/ubna_data_02_mir/recover-20220922/UBNA_001/20220921_090000.WAV,Telephone Field,recover-20220922,001,1795
1026.2905,1026.327,68437,81129,Rhinolophus ferrumequinum,0.022,0.022,-1,Echolocation,/mnt/ubna_data_02_mir/recover-20220922/UBNA_001/20220921_090000.WAV,Telephone Field,recover-20220922,001,1795
1026.2915,1026.3022,26328,34835,Eptesicus serotinus,0.01,0.022,-1,Echolocation,/mnt/ubna_data_02_mir/recover-20220922/UBNA_001/20220921_090000.WAV,Telephone Field,recover-20220922,001,1795
1026.2985,1026.3092,23750,29707,Nyctalus leisleri,0.011,0.025,-1,Echolocation,/mnt/ubna_data_02_mir/recover-20220922/UBNA_001/20220921_090000.WAV,Telephone Field,recover-20220922,001,1795
1026.2985,1026.3357,68437,82433,Rhinolophus ferrumequinum,0.021,0.021,-1,Echolocation,/mnt/ubna_data_02_mir/recover-20220922/UBNA_001/20220921_090000.WAV,Telephone Field,recover-20220922,001,1795
1026.3225,1026.3622,68437,82331,Rhinolophus ferrumequinum,0.023,0.023,-1,Echolocation,/mnt/ubna_data_02_mir/recover-20220922/UBNA_001/20220921_090000.WAV,Telephone Field,recover-20220922,001,1795
1026.3525,1026.3587,49531,54778,Pipistrellus pipistrellus,0.021,0.024,-1,Echolocation,/mnt/ubna_data_02_mir/recover-20220922/UBNA_001/20220921_090000.WAV,Telephone Field,recover-20220922,001,1795
1026.3545,1026.3633,27187,37024,Eptesicus serotinus,0.009,0.022,-1,Echolocation,/mnt/ubna_data_02_mir/recover-20220922/UBNA_001/20220921_090000.WAV,Telephone Field,recover-20220922,001,1795
1026.3615,1026.4053,68437,83402,Rhinolophus ferrumequinum,0.036,0.036,-1,Echolocation,/mnt/ubna_data_02_mir/recover-20220922/UBNA_001/20220921_090000.WAV,Telephone Field,recover-20220922,001,1795
1026.3665,1026.3766,23750,30193,Nyctalus leisleri,0.01,0.027,-1,Echolocation,/mnt/ubna_data_02_mir/recover-20220922/UBNA_001/20220921_090000.WAV,Telephone Field,recover-20220922,001,1795
1026.3825,1026.4226,68437,82148,Rhinolophus ferrumequinum,0.021,0.021,-1,Echolocation,/mnt/ubna_data_02_mir/recover-20220922/UBNA_001/20220921_090000.WAV,Telephone Field,recover-20220922,001,1795
1026.4505,1026.49,68437,82028,Rhinolophus ferrumequinum,0.033,0.033,-1,Echolocation,/mnt/ubna_data_02_mir/recover-20220922/UBNA_001/20220921_090000.WAV,Telephone Field,recover-20220922,001,1795
1026.4735,1026.4844,22031,27105,Nyctalus leisleri,0.011,0.023,-1,Echolocation,/mnt/ubna_data_02_mir/recover-20220922/UBNA_001/20220921_090000.WAV,Telephone Field,recover-20220922,001,1795
1026.5035,1026.543,68437,82223,Rhinolophus ferrumequinum,0.025,0.025,-1,Echolocation,/mnt/ubna_data_02_mir/recover-20220922/UBNA_001/20220921_090000.WAV,Telephone Field,recover-20220922,001,1795
1026.5035,1026.5107,26328,35169,Eptesicus serotinus,0.006,0.021,-1,Echolocation,/mnt/ubna_data_02_mir/recover-20220922/UBNA_001/20220921_090000.WAV,Telephone Field,recover-20220922,001,1795
1026.5295,1026.5383,28906,39443,Eptesicus serotinus,0.008,0.022,-1,Echolocation,/mnt/ubna_data_02_mir/recover-20220922/UBNA_001/20220921_090000.WAV,Telephone Field,recover-20220922,001,1795
1026.5425,1026.5522,49531,54430,Pipistrellus pipistrellus,0.039,0.042,-1,Echolocation,/mnt/ubna_data_02_mir/recover-20220922/UBNA_001/20220921_090000.WAV,Telephone Field,recover-20220922,001,1795
1026.5685,1026.6078,68437,81779,Rhinolophus ferrumequinum,0.022,0.022,-1,Echolocation,/mnt/ubna_data_02_mir/recover-20220922/UBNA_001/20220921_090000.WAV,Telephone Field,recover-20220922,001,1795
1026.5695,1026.5805,26328,33470,Eptesicus serotinus,0.01,0.022,-1,Echolocation,/mnt/ubna_data_02_mir/recover-20220922/UBNA_001/20220921_090000.WAV,Telephone Field,recover-20220922,001,1795
1026.6085,1026.6472,68437,82156,Rhinolophus ferrumequinum,0.027,0.027,-1,Echolocation,/mnt/ubna_data_02_mir/recover-20220922/UBNA_001/20220921_090000.WAV,Telephone Field,recover-20220922,001,1795
1026.6085,1026.6161,28046,39492,Eptesicus serotinus,0.009,0.027,-1,Echolocation,/mnt/ubna_data_02_mir/recover-20220922/UBNA_001/20220921_090000.WAV,Telephone Field,recover-20220922,001,1795
1026.6655,1026.7043,68437,82470,Rhinolophus ferrumequinum,0.023,0.023,-1,Echolocation,/mnt/ubna_data_02_mir/recover-20220922/UBNA_001/20220921_090000.WAV,Telephone Field,recover-20220922,001,1795
1026.6715,1026.6821,23750,28990,Nyctalus leisleri,0.012,0.026,-1,Echolocation,/mnt/ubna_data_02_mir/recover-20220922/UBNA_001/20220921_090000.WAV,Telephone Field,recover-20220922,001,1795
1026.6775,1026.7178,68437,82248,Rhinolophus ferrumequinum,0.025,0.025,-1,Echolocation,/mnt/ubna_data_02_mir/recover-20220922/UBNA_001/20220921_090000.WAV,Telephone Field,recover-20220922,001,1795
1026.7325,1026.7654,68437,80775,Rhinolophus ferrumequinum,0.033,0.033,-1,Echolocation,/mnt/ubna_data_02_mir/recover-20220922/UBNA_001/20220921_090000.WAV,Telephone Field,recover-20220922,001,1795
1026.7645,1026.8039,68437,81807,Rhinolophus ferrumequinum,0.024,0.024,-1,Echolocation,/mnt/ubna_data_02_mir/recover-20220922/UBNA_001/20220921_090000.WAV,Telephone Field,recover-20220922,001,1795
1026.7965,1026.8064,28046,36544,Eptesicus serotinus,0.009,0.022,-1,Echolocation,/mnt/ubna_data_02_mir/recover-20220922/UBNA_001/20220921_090000.WAV,Telephone Field,recover-20220922,001,1795
1026.8175,1026.8598,68437,82581,Rhinolophus ferrumequinum,0.029,0.03,-1,Echolocation,/mnt/ubna_data_02_mir/recover-20220922/UBNA_001/20220921_090000.WAV,Telephone Field,recover-20220922,001,1795
1026.8375,1026.8772,68437,82307,Rhinolophus ferrumequinum,0.023,0.023,-1,Echolocation,/mnt/ubna_data_02_mir/recover-20220922/UBNA_001/20220921_090000.WAV,Telephone Field,recover-20220922,001,1795
1026.9155,1026.9505,68437,81731,Rhinolophus ferrumequinum,0.022,0.022,-1,Echolocation,/mnt/ubna_data_02_mir/recover-20220922/UBNA_001/20220921_090000.WAV,Telephone Field,recover-20220922,001,1795
1026.9365,1026.9761,68437,82044,Rhinolophus ferrumequinum,0.03,0.03,-1,Echolocation,/mnt/ubna_data_02_mir/recover-20220922/UBNA_001/20220921_090000.WAV,Telephone Field,recover-20220922,001,1795
1026.9445,1026.9819,68437,81402,Rhinolophus ferrumequinum,0.028,0.028,-1,Echolocation,/mnt/ubna_data_02_mir/recover-20220922/UBNA_001/20220921_090000.WAV,Telephone Field,recover-20220922,001,1795
1026.9635,1026.9753,24609,29602,Nyctalus leisleri,0.012,0.026,-1,Echolocation,/mnt/ubna_data_02_mir/recover-20220922/UBNA_001/20220921_090000.WAV,Telephone Field,recover-20220922,001,1795
1026.9885,1026.9998,42656,46083,Pipistrellus pipistrellus,0.018,0.021,-1,Echolocation,/mnt/ubna_data_02_mir/recover-20220922/UBNA_001/20220921_090000.WAV,Telephone Field,recover-20220922,001,1795
1027.0275,1027.0357,28906,37395,Eptesicus serotinus,0.007,0.021,-1,Echolocation,/mnt/ubna_data_02_mir/recover-20220922/UBNA_001/20220921_090000.WAV,Telephone Field,recover-20220922,001,1795
1027.0315,1027.0711,68437,81497,Rhinolophus ferrumequinum,0.025,0.025,-1,Echolocation,/mnt/ubna_data_02_mir/recover-20220922/UBNA_001/20220921_090000.WAV,Telephone Field,recover-20220922,001,1795
1027.0385,1027.075,68437,81565,Rhinolophus ferrumequinum,0.023,0.023,-1,Echolocation,/mnt/ubna_data_02_mir/recover-20220922/UBNA_001/20220921_090000.WAV,Telephone Field,recover-20220922,001,1795
1027.0475,1027.0564,25468,34218,Eptesicus serotinus,0.008,0.022,-1,Echolocation,/mnt/ubna_data_02_mir/recover-20220922/UBNA_001/20220921_090000.WAV,Telephone Field,recover-20220922,001,1795
1027.0545,1027.0656,28046,36702,Eptesicus serotinus,0.014,0.028,-1,Echolocation,/mnt/ubna_data_02_mir/recover-20220922/UBNA_001/20220921_090000.WAV,Telephone Field,recover-20220922,001,1795
1027.0655,1027.1028,68437,81856,Rhinolophus ferrumequinum,0.03,0.03,-1,Echolocation,/mnt/ubna_data_02_mir/recover-20220922/UBNA_001/20220921_090000.WAV,Telephone Field,recover-20220922,001,1795
1027.1025,1027.1411,68437,81950,Rhinolophus ferrumequinum,0.021,0.021,-1,Echolocation,/mnt/ubna_data_02_mir/recover-20220922/UBNA_001/20220921_090000.WAV,Telephone Field,recover-20220922,001,1795
1027.1165,1027.1544,68437,82181,Rhinolophus ferrumequinum,0.023,0.023,-1,Echolocation,/mnt/ubna_data_02_mir/recover-20220922/UBNA_001/20220921_090000.WAV,Telephone Field,recover-20220922,001,1795
1027.1245,1027.1664,68437,82755,Rhinolophus ferrumequinum,0.026,0.026,-1,Echolocation,/mnt/ubna_data_02_mir/recover-20220922/UBNA_001/20220921_090000.WAV,Telephone Field,recover-20220922,001,1795
1027.1415,1027.1801,68437,82274,Rhinolophus ferrumequinum,0.023,0.023,-1,Echolocation,/mnt/ubna_data_02_mir/recover-20220922/UBNA_001/20220921_090000.WAV,Telephone Field,recover-20220922,001,1795
1027.1465,1027.156,22890,29134,Plecotus austriacus,0.009,0.025,-1,Echolocation,/mnt/ubna_data_02_mir/recover-20220922/UBNA_001/20220921_090000.WAV,Telephone Field,recover-20220922,001,1795
1027.1945,1027.2019,47812,52168,Pipistrellus pipistrellus,0.024,0.025,-1,Echolocation,/mnt/ubna_data_02_mir/recover-20220922/UBNA_001/20220921_090000.WAV,Telephone Field,recover-20220922,001,1795
1027.1955,1027.2034,24609,32915,Plecotus austriacus,0.006,0.021,-1,Echolocation,/mnt/ubna_data_02_mir/recover-20220922/UBNA_001/20220921_090000.WAV,Telephone Field,recover-20220922,001,1795
1027.2105,1027.2499,68437,82208,Rhinolophus ferrumequinum,0.025,0.025,-1,Echolocation,/mnt/ubna_data_02_mir/recover-20220922/UBNA_001/20220921_090000.WAV,Telephone Field,recover-20220922,001,1795
1027.2485,1027.257,27187,39696,Eptesicus serotinus,0.01,0.025,-1,Echolocation,/mnt/ubna_data_02_mir/recover-20220922/UBNA_001/20220921_090000.WAV,Telephone Field,recover-20220922,001,1795
1027.2995,1027.3395,68437,83012,Rhinolophus ferrumequinum,0.029,0.029,-1,Echolocation,/mnt/ubna_data_02_mir/recover-20220922/UBNA_001/20220921_090000.WAV,Telephone Field,recover-20220922,001,1795
1027.3265,1027.3351,28906,38000,Eptesicus serotinus,0.008,0.024,-1,Echolocation,/mnt/ubna_data_02_mir/recover-20220922/UBNA_001/20220921_090000.WAV,Telephone Field,recover-20220922,001,1795
1027.3265,1027.3647,68437,82069,Rhinolophus ferrumequinum,0.021,0.021,-1,Echolocation,/mnt/ubna_data_02_mir/recover-20220922/UBNA_001/20220921_090000.WAV,Telephone Field,recover-20220922,001,1795
1027.3785,1027.3886,22031,27787,Nyctalus leisleri,0.009,0.022,-1,Echolocation,/mnt/ubna_data_02_mir/recover-20220922/UBNA_001/20220921_090000.WAV,Telephone Field,recover-20220922,001,1795
1027.3815,1027.4214,68437,82453,Rhinolophus ferrumequinum,0.022,0.022,-1,Echolocation,/mnt/ubna_data_02_mir/recover-20220922/UBNA_001/20220921_090000.WAV,Telephone Field,recover-20220922,001,1795
1027.4375,1027.4772,68437,82798,Rhinolophus ferrumequinum,0.022,0.022,-1,Echolocation,/mnt/ubna_data_02_mir/recover-20220922/UBNA_001/20220921_090000.WAV,Telephone Field,recover-20220922,001,1795
1027.4655,1027.5087,68437,82884,Rhinolophus ferrumequinum,0.153,0.153,-1,Echolocation,/mnt/ubna_data_02_mir/recover-20220922/UBNA_001/20220921_090000.WAV,Telephone Field,recover-20220922,001,1795
1027.4835,1027.5234,68437,82156,Rhinolophus ferrumequinum,0.022,0.022,-1,Echolocation,/mnt/ubna_data_02_mir/recover-20220922/UBNA_001/20220921_090000.WAV,Telephone Field,recover-20220922,001,1795
1027.4945,1027.5037,14296,22478,Nyctalus noctula,0.009,0.022,-1,Echolocation,/mnt/ubna_data_02_mir/recover-20220922/UBNA_001/20220921_090000.WAV,Telephone Field,recover-20220922,001,1795
1027.5005,1027.5365,68437,81336,Rhinolophus ferrumequinum,0.026,0.026,-1,Echolocation,/mnt/ubna_data_02_mir/recover-20220922/UBNA_001/20220921_090000.WAV,Telephone Field,recover-20220922,001,1795
1027.5025,1027.5098,48671,53309,Pipistrellus pipistrellus,0.028,0.029,-1,Echolocation,/mnt/ubna_data_02_mir/recover-20220922/UBNA_001/20220921_090000.WAV,Telephone Field,recover-20220922,001,1795
1027.5115,1027.5487,68437,81630,Rhinolophus ferrumequinum,0.023,0.023,-1,Echolocation,/mnt/ubna_data_02_mir/recover-20220922/UBNA_001/20220921_090000.WAV,Telephone Field,recover-20220922,001,1795
1027.5215,1027.5596,68437,82187,Rhinolophus ferrumequinum,0.025,0.025,-1,Echolocation,/mnt/ubna_data_02_mir/recover-20220922/UBNA_001/20220921_090000.WAV,Telephone Field,recover-20220922,001,1795
1027.5395,1027.5463,27187,39740,Eptesicus serotinus,0.006,0.024,-1,Echolocation,/mnt/ubna_data_02_mir/recover-20220922/UBNA_001/20220921_090000.WAV,Telephone Field,recover-20220922,001,1795
1027.5465,1027.5833,68437,81441,Rhinolophus ferrumequinum,0.028,0.028,-1,Echolocation,/mnt/ubna_data_02_mir/recover-20220922/UBNA_001/20220921_090000.WAV,Telephone Field,recover-20220922,001,1795
1027.5765,1027.6152,68437,82112,Rhinolophus ferrumequinum,0.022,0.022,-1,Echolocation,/mnt/ubna_data_02_mir/recover-20220922/UBNA_001/20220921_090000.WAV,Telephone Field,recover-20220922,001,1795
1027.5795,1027.5913,49531,53514,Pipistrellus pipistrellus,0.018,0.023,-1,Echolocation,/mnt/ubna_data_02_mir/recover-20220922/UBNA_001/20220921_090000.WAV,Telephone Field,recover-20220922,001,1795
1027.6005,1027.6427,68437,83083,Rhinolophus ferrumequinum,0.029,0.029,-1,Echolocation,/mnt/ubna_data_02_mir/recover-20220922/UBNA_001/20220921_090000.WAV,Telephone Field,recover-20220922,001,1795
1027.6065,1027.6486,68437,82870,Rhinolophus ferrumequinum,0.028,0.028,-1,Echolocation,/mnt/ubna_data_02_mir/recover-20220922/UBNA_001/20220921_090000.WAV,Telephone Field,recover-20220922,001,1795
1027.6285,1027.6682,68437,82659,Rhinolophus ferrumequinum,0.031,0.031,-1,Echolocation,/mnt/ubna_data_02_mir/recover-20220922/UBNA_001/20220921_090000.WAV,Telephone Field,recover-20220922,001,1795
1027.6415,1027.6521,23750,29345,Nyctalus leisleri,0.01,0.022,-1,Echolocation,/mnt/ubna_data_02_mir/recover-20220922/UBNA_001/20220921_090000.WAV,Telephone Field,recover-20220922,001,1795
1027.6425,1027.6805,68437,82137,Rhinolophus ferrumequinum,0.021,0.021,-1,Echolocation,/mnt/ubna_data_02_mir/recover-20220922/UBNA_001/20220921_090000.WAV,Telephone Field,recover-20220922,001,1795
1027.6885,1027.7275,68437,81814,Rhinolophus ferrumequinum,0.021,0.021,-1,Echolocation,/mnt/ubna_data_02_mir/recover-20220922/UBNA_001/20220921_090000.WAV,Telephone Field,recover-20220922,001,1795
1027.6965,1027.7393,68437,83010,Rhinolophus ferrumequinum,0.023,0.023,-1,Echolocation,/mnt/ubna_data_02_mir/recover-20220922/UBNA_001/20220921_090000.WAV,Telephone Field,recover-20220922,001,1795
1027.7075,1027.7512,68437,83095,Rhinolophus ferrumequinum,0.025,0.025,-1,Echolocation,/mnt/ubna_data_02_mir/recover-20220922/UBNA_001/20220921_090000.WAV,Telephone Field,recover-20220922,001,1795
1027.7105,1027.7185,23750,31581,Plecotus austriacus,0.009,0.023,-1,Echolocation,/mnt/ubna_data_02_mir/recover-20220922/UBNA_001/20220921_090000.WAV,Telephone Field,recover-20220922,001,1795
1027.7905,1027.8286,68437,81912,Rhinolophus ferrumequinum,0.023,0.023,-1,Echolocation,/mnt/ubna_data_02_mir/recover-20220922/UBNA_001/20220921_090000.WAV,Telephone Field,recover-20220922,001,1795
1027.8225,1027.8624,68437,82471,Rhinolophus ferrumequinum,0.024,0.024,-1,Echolocation,/mnt/ubna_data_02_mir/recover-20220922/UBNA_001/20220921_090000.WAV,Telephone Field,recover-20220922,001,1795
1027.8245,1027.834,48671,52093,Pipistrellus pipistrellus,0.062,0.068,-1,Echolocation,/mnt/ubna_data_02_mir/recover-20220922/UBNA_001/20220921_090000.WAV,Telephone Field,recover-20220922,001,1795
1027.8445,1027.8835,68437,82230,Rhinolophus ferrumequinum,0.023,0.023,-1,Echolocation,/mnt/ubna_data_02_mir/recover-20220922/UBNA_001/20220921_090000.WAV,Telephone Field,recover-20220922,001,1795
1027.8875,1027.9296,68437,82573,Rhinolophus ferrumequinum,0.029,0.029,-1,Echolocation,/mnt/ubna_data_02_mir/recover-20220922/UBNA_001/20220921_090000.WAV,Telephone Field,recover-20220922,001,1795
1027.9145,1027.9557,68437,82005,Rhinolophus ferrumequinum,0.025,0.025,-1,Echolocation,/mnt/ubna_data_02_mir/recover-20220922/UBNA_001/20220921_090000.WAV,Telephone Field,recover-20220922,001,1795
1027.9535,1027.9636,22890,28724,Nyctalus leisleri,0.009,0.021,-1,Echolocation,/mnt/ubna_data_02_mir/recover-20220922/UBNA_001/20220921_090000.WAV,Telephone Field,recover-20220922,001,1795
1028.0015,1028.0347,69296,81669,Rhinolophus ferrumequinum,0.045,0.045,-1,Echolocation,/mnt/ubna_data_02_mir/recover-20220922/UBNA_001/20220921_090000.WAV,Telephone Field,recover-20220922,001,1795
1028.0015,1028.0122,26328,32496,Nyctalus leisleri,0.013,0.033,-1,Echolocation,/mnt/ubna_data_02_mir/recover-20220922/UBNA_001/20220921_090000.WAV,Telephone Field,recover-20220922,001,1795
1028.0125,1028.0563,68437,83262,Rhinolophus ferrumequinum,0.025,0.025,-1,Echolocation,/mnt/ubna_data_02_mir/recover-20220922/UBNA_001/20220921_090000.WAV,Telephone Field,recover-20220922,001,1795
1028.0385,1028.0745,68437,81351,Rhinolophus ferrumequinum,0.025,0.025,-1,Echolocation,/mnt/ubna_data_02_mir/recover-20220922/UBNA_001/20220921_090000.WAV,Telephone Field,recover-20220922,001,1795
1028.0505,1028.0619,23750,29037,Nyctalus leisleri,0.012,0.025,-1,Echolocation,/mnt/ubna_data_02_mir/recover-20220922/UBNA_001/20220921_090000.WAV,Telephone Field,recover-20220922,001,1795
1028.0535,1028.0643,42656,46071,Pipistrellus pipistrellus,0.03,0.037,-1,Echolocation,/mnt/ubna_data_02_mir/recover-20220922/UBNA_001/20220921_090000.WAV,Telephone Field,recover-20220922,001,1795
1028.0565,1028.0903,68437,81514,Rhinolophus ferrumequinum,0.028,0.028,-1,Echolocation,/mnt/ubna_data_02_mir/recover-20220922/UBNA_001/20220921_090000.WAV,Telephone Field,recover-20220922,001,1795
1028.0655,1028.1052,68437,82490,Rhinolophus ferrumequinum,0.023,0.023,-1,Echolocation,/mnt/ubna_data_02_mir/recover-20220922/UBNA_001/20220921_090000.WAV,Telephone Field,recover-20220922,001,1795
1028.1085,1028.1416,68437,80595,Rhinolophus ferrumequinum,0.021,0.021,-1,Echolocation,/mnt/ubna_data_02_mir/recover-20220922/UBNA_001/20220921_090000.WAV,Telephone Field,recover-20220922,001,1795
1028.1155,1028.1256,28906,38286,Eptesicus serotinus,0.011,0.024,-1,Echolocation,/mnt/ubna_data_02_mir/recover-20220922/UBNA_001/20220921_090000.WAV,Telephone Field,recover-20220922,001,1795
1028.1195,1028.1588,68437,82385,Rhinolophus ferrumequinum,0.022,0.022,-1,Echolocation,/mnt/ubna_data_02_mir/recover-20220922/UBNA_001/20220921_090000.WAV,Telephone Field,recover-20220922,001,1795
1028.1295,1028.1708,68437,82851,Rhinolophus ferrumequinum,0.025,0.025,-1,Echolocation,/mnt/ubna_data_02_mir/recover-20220922/UBNA_001/20220921_090000.WAV,Telephone Field,recover-20220922,001,1795
1028.1515,1028.1914,68437,82562,Rhinolophus ferrumequinum,0.023,0.023,-1,Echolocation,/mnt/ubna_data_02_mir/recover-20220922/UBNA_001/20220921_090000.WAV,Telephone Field,recover-20220922,001,1795
1028.1745,1028.2137,68437,81905,Rhinolophus ferrumequinum,0.03,0.03,-1,Echolocation,/mnt/ubna_data_02_mir/recover-20220922/UBNA_001/20220921_090000.WAV,Telephone Field,recover-20220922,001,1795
1028.1835,1028.2226,68437,81849,Rhinolophus ferrumequinum,0.022,0.022,-1,Echolocation,/mnt/ubna_data_02_mir/recover-20220922/UBNA_001/20220921_090000.WAV,Telephone Field,recover-20220922,001,1795
1028.1935,1028.2045,22890,28487,Nyctalus leisleri,0.014,0.03,-1,Echolocation,/mnt/ubna_data_02_mir/recover-20220922/UBNA_001/20220921_090000.WAV,Telephone Field,recover-20220922,001,1795
1028.2195,1028.2591,68437,82156,Rhinolophus ferrumequinum,0.022,0.022,-1,Echolocation,/mnt/ubna_data_02_mir/recover-20220922/UBNA_001/20220921_090000.WAV,Telephone Field,recover-20220922,001,1795
1028.2295,1028.269,68437,81574,Rhinolophus ferrumequinum,0.022,0.022,-1,Echolocation,/mnt/ubna_data_02_mir/recover-20220922/UBNA_001/20220921_090000.WAV,Telephone Field,recover-20220922,001,1795
1028.2365,1028.2734,68437,81450,Rhinolophus ferrumequinum,0.023,0.023,-1,Echolocation,/mnt/ubna_data_02_mir/recover-20220922/UBNA_001/20220921_090000.WAV,Telephone Field,recover-20220922,001,1795
1028.2475,1028.2875,68437,82378,Rhinolophus ferrumequinum,0.022,0.022,-1,Echolocation,/mnt/ubna_data_02_mir/recover-20220922/UBNA_001/20220921_090000.WAV,Telephone Field,recover-20220922,001,1795
1028.2555,1028.2984,68437,82447,Rhinolophus ferrumequinum,0.025,0.025,-1,Echolocation,/mnt/ubna_data_02_mir/recover-20220922/UBNA_001/20220921_090000.WAV,Telephone Field,recover-20220922,001,1795
1028.2645,1028.2712,27187,38630,Eptesicus serotinus,0.006,0.024,-1,Echolocation,/mnt/ubna_data_02_mir/recover-20220922/UBNA_001/20220921_090000.WAV,Telephone Field,recover-20220922,001,1795
1028.2715,1028.2785,27187,38996,Eptesicus serotinus,0.006,0.021,-1,Echolocation,/mnt/ubna_data_02_mir/recover-20220922/UBNA_001/20220921_090000.WAV,Telephone Field,recover-20220922,001,1795
1028.2795,1028.316,68437,81526,Rhinolophus ferrumequinum,0.021,0.022,-1,Echolocation,/mnt/ubna_data_02_mir/recover-20220922/UBNA_001/20220921_090000.WAV,Telephone Field,recover-20220922,001,1795
1028.3135,1028.352,68437,81757,Rhinolophus ferrumequinum,0.022,0.022,-1,Echolocation,/mnt/ubna_data_02_mir/recover-20220922/UBNA_001/20220921_090000.WAV,Telephone Field,recover-20220922,001,1795
1028.3265,1028.3375,34921,39820,Barbastellus barbastellus,0.004,0.022,-1,Echolocation,/mnt/ubna_data_02_mir/recover-20220922/UBNA_001/20220921_090000.WAV,Telephone Field,recover-20220922,001,1795
1028.3445,1028.3842,68437,82189,Rhinolophus ferrumequinum,0.027,0.027,-1,Echolocation,/mnt/ubna_data_02_mir/recover-20220922/UBNA_001/20220921_090000.WAV,Telephone Field,recover-20220922,001,1795
1028.4025,1028.4431,68437,82381,Rhinolophus ferrumequinum,0.022,0.022,-1,Echolocation,/mnt/ubna_data_02_mir/recover-20220922/UBNA_001/20220921_090000.WAV,Telephone Field,recover-20220922,001,1795
1028.4105,1028.4184,47812,53328,Pipistrellus pipistrellus,0.025,0.026,-1,Echolocation,/mnt/ubna_data_02_mir/recover-20220922/UBNA_001/20220921_090000.WAV,Telephone Field,recover-20220922,001,1795
1028.4195,1028.4592,68437,81997,Rhinolophus ferrumequinum,0.022,0.022,-1,Echolocation,/mnt/ubna_data_02_mir/recover-20220922/UBNA_001/20220921_090000.WAV,Telephone Field,recover-20220922,001,1795
1028.4215,1028.4305,28046,37321,Eptesicus serotinus,0.011,0.027,-1,Echolocation,/mnt/ubna_data_02_mir/recover-20220922/UBNA_001/20220921_090000.WAV,Telephone Field,recover-20220922,001,1795
1028.4395,1028.4804,68437,82657,Rhinolophus ferrumequinum,0.023,0.023,-1,Echolocation,/mnt/ubna_data_02_mir/recover-20220922/UBNA_001/20220921_090000.WAV,Telephone Field,recover-20220922,001,1795
1028.4575,1028.4951,68437,81893,Rhinolophus ferrumequinum,0.023,0.023,-1,Echolocation,/mnt/ubna_data_02_mir/recover-20220922/UBNA_001/20220921_090000.WAV,Telephone Field,recover-20220922,001,1795
1028.4675,1028.5086,68437,82509,Rhinolophus ferrumequinum,0.029,0.029,-1,Echolocation,/mnt/ubna_data_02_mir/recover-20220922/UBNA_001/20220921_090000.WAV,Telephone Field,recover-20220922,001,1795
1028.5065,1028.5476,68437,82322,Rhinolophus ferrumequinum,0.022,0.022,-1,Echolocation,/mnt/ubna_data_02_mir/recover-20220922/UBNA_001/20220921_090000.WAV,Telephone Field,recover-20220922,001,1795
1028.5845,1028.6255,68437,82196,Rhinolophus ferrumequinum,0.028,0.028,-1,Echolocation,/mnt/ubna_data_02_mir/recover-20220922/UBNA_001/20220921_090000.WAV,Telephone Field,recover-20220922,001,1795
1028.5845,1028.5931,27187,38746,Eptesicus serotinus,0.008,0.022,-1,Echolocation,/mnt/ubna_data_02_mir/recover-20220922/UBNA_001/20220921_090000.WAV,Telephone Field,recover-20220922,001,1795
1028.6085,1028.6451,68437,80716,Rhinolophus ferrumequinum,0.023,0.023,-1,Echolocation,/mnt/ubna_data_02_mir/recover-20220922/UBNA_001/20220921_090000.WAV,Telephone Field,recover-20220922,001,1795
1028.6695,1028.7084,68437,82134,Rhinolophus ferrumequinum,0.024,0.024,-1,Echolocation,/mnt/ubna_data_02_mir/recover-20220922/UBNA_001/20220921_090000.WAV,Telephone Field,recover-20220922,001,1795
1028.6735,1028.6951,18593,21899,Nyctalus noctula,0.013,0.022,-1,Echolocation,/mnt/ubna_data_02_mir/recover-20220922/UBNA_001/20220921_090000.WAV,Telephone Field,recover-20220922,001,1795
1028.6845,1028.6977,30625,35923,Eptesicus serotinus,0.014,0.032,-1,Echolocation,/mnt/ubna_data_02_mir/recover-20220922/UBNA_001/20220921_090000.WAV,Telephone Field,recover-20220922,001,1795
1028.7235,1028.7611,68437,81588,Rhinolophus ferrumequinum,0.022,0.023,-1,Echolocation,/mnt/ubna_data_02_mir/recover-20220922/UBNA_001/20220921_090000.WAV,Telephone Field,recover-20220922,001,1795
1028.7455,1028.759,22890,27336,Nyctalus leisleri,0.018,0.032,-1,Echolocation,/mnt/ubna_data_02_mir/recover-20220922/UBNA_001/20220921_090000.WAV,Telephone Field,recover-20220922,001,1795
1028.7685,1028.8075,68437,81805,Rhinolophus ferrumequinum,0.023,0.023,-1,Echolocation,/mnt/ubna_data_02_mir/recover-20220922/UBNA_001/20220921_090000.WAV,Telephone Field,recover-20220922,001,1795
1028.7715,1028.7818,26328,34365,Eptesicus serotinus,0.01,0.023,-1,Echolocation,/mnt/ubna_data_02_mir/recover-20220922/UBNA_001/20220921_090000.WAV,Telephone Field,recover-20220922,001,1795
1028.8345,1028.8737,68437,82283,Rhinolophus ferrumequinum,0.028,0.028,-1,Echolocation,/mnt/ubna_data_02_mir/recover-20220922/UBNA_001/20220921_090000.WAV,Telephone Field,recover-20220922,001,1795
1028.8435,1028.8852,68437,82219,Rhinolophus ferrumequinum,0.024,0.024,-1,Echolocation,/mnt/ubna_data_02_mir/recover-20220922/UBNA_001/20220921_090000.WAV,Telephone Field,recover-20220922,001,1795
1028.8705,1028.8812,23750,29254,Nyctalus leisleri,0.011,0.025,-1,Echolocation,/mnt/ubna_data_02_mir/recover-20220922/UBNA_001/20220921_090000.WAV,Telephone Field,recover-20220922,001,1795
1028.8815,1028.9233,68437,82417,Rhinolophus ferrumequinum,0.033,0.033,-1,Echolocation,/mnt/ubna_data_02_mir/recover-20220922/UBNA_001/20220921_090000.WAV,Telephone Field,recover-20220922,001,1795
1028.8905,1028.9267,68437,81756,Rhinolophus ferrumequinum,0.026,0.026,-1,Echolocation,/mnt/ubna_data_02_mir/recover-20220922/UBNA_001/20220921_090000.WAV,Telephone Field,recover-20220922,001,1795
1028.9675,1028.9842,14296,19162,Nyctalus noctula,0.018,0.026,-1,Echolocation,/mnt/ubna_data_02_mir/recover-20220922/UBNA_001/20220921_090000.WAV,Telephone Field,recover-20220922,001,1795
1028.9895,1028.996,45234,52171,Pipistrellus pipistrellus,0.021,0.024,-1,Echolocation,/mnt/ubna_data_02_mir/recover-20220922/UBNA_001/20220921_090000.WAV,Telephone Field,recover-20220922,001,1795
1029.0135,1029.0539,68437,82660,Rhinolophus ferrumequinum,0.023,0.023,-1,Echolocation,/mnt/ubna_data_02_mir/recover-20220922/UBNA_001/20220921_090000.WAV,Telephone Field,recover-20220922,001,1795
1029.0225,1029.0655,68437,83450,Rhinolophus ferrumequinum,0.031,0.031,-1,Echolocation,/mnt/ubna_data_02_mir/recover-20220922/UBNA_001/20220921_090000.WAV,Telephone Field,recover-20220922,001,1795
1029.0545,1029.0692,21171,24327,Nyctalus leisleri,0.014,0.022,-1,Echolocation,/mnt/ubna_data_02_mir/recover-20220922/UBNA_001/20220921_090000.WAV,Telephone Field,recover-20220922,001,1795
1029.0775,1029.0859,47812,52188,Pipistrellus pipistrellus,0.025,0.026,-1,Echolocation,/mnt/ubna_data_02_mir/recover-20220922/UBNA_001/20220921_090000.WAV,Telephone Field,recover-20220922,001,1795
1029.0915,1029.132,68437,82578,Rhinolophus ferrumequinum,0.021,0.022,-1,Echolocation,/mnt/ubna_data_02_mir/recover-20220922/UBNA_001/20220921_090000.WAV,Telephone Field,recover-20220922,001,1795
1029.1165,1029.1583,68437,82709,Rhinolophus ferrumequinum,0.024,0.024,-1,Echolocation,/mnt/ubna_data_02_mir/recover-20220922/UBNA_001/20220921_090000.WAV,Telephone Field,recover-20220922,001,1795
1029.1605,1029.1992,68437,82209,Rhinolophus ferrumequinum,0.023,0.023,-1,Echolocation,/mnt/ubna_data_02_mir/recover-20220922/UBNA_001/20220921_090000.WAV,Telephone Field,recover-20220922,001,1795
1029.1745,1029.2172,68437,82642,Rhinolophus ferrumequinum,0.031,0.031,-1,Echolocation,/mnt/ubna_data_02_mir/recover-20220922/UBNA_001/20220921_090000.WAV,Telephone Field,recover-20220922,001,1795
1029.2105,1029.2517,68437,82540,Rhinolophus ferrumequinum,0.026,0.026,-1,Echolocation,/mnt/ubna_data_02_mir/recover-20220922/UBNA_001/20220921_090000.WAV,Telephone Field,recover-20220922,001,1795
1029.2135,1029.2226,45234,51911,Pipistrellus pipistrellus,0.019,0.024,-1,Echolocation,/mnt/ubna_data_02_mir/recover-20220922/UBNA_001/20220921_090000.WAV,Telephone Field,recover-20220922,001,1795
1029.2405,1029.2469,48671,58472,Pipistrellus pipistrellus,0.022,0.024,-1,Echolocation,/mnt/ubna_data_02_mir/recover-20220922/UBNA_001/20220921_090000.WAV,Telephone Field,recover-20220922,001,1795
1029.2645,1029.3038,68437,81974,Rhinolophus ferrumequinum,0.027,0.027,-1,Echolocation,/mnt/ubna_data_02_mir/recover-20220922/UBNA_001/20220921_090000.WAV,Telephone Field,recover-20220922,001,1795
1029.3035,1029.333,68437,79569,Rhinolophus ferrumequinum,0.026,0.026,-1,Echolocation,/mnt/ubna_data_02_mir/recover-20220922/UBNA_001/20220921_090000.WAV,Telephone Field,recover-20220922,001,1795
1029.3195,1029.33,23750,29890,Nyctalus leisleri,0.01,0.026,-1,Echolocation,/mnt/ubna_data_02_mir/recover-20220922/UBNA_001/20220921_090000.WAV,Telephone Field,recover-20220922,001,1795
1029.3255,1029.365,68437,82280,Rhinolophus ferrumequinum,0.023,0.023,-1,Echolocation,/mnt/ubna_data_02_mir/recover-20220922/UBNA_001/20220921_090000.WAV,Telephone Field,recover-20220922,001,1795
1029.3345,1029.374,68437,82294,Rhinolophus ferrumequinum,0.022,0.022,-1,Echolocation,/mnt/ubna_data_02_mir/recover-20220922/UBNA_001/20220921_090000.WAV,Telephone Field,recover-20220922,001,1795
1029.3385,1029.3465,28046,39432,Eptesicus serotinus,0.008,0.021,-1,Echolocation,/mnt/ubna_data_02_mir/recover-20220922/UBNA_001/20220921_090000.WAV,Telephone Field,recover-20220922,001,1795
1029.3515,1029.3936,68437,82731,Rhinolophus ferrumequinum,0.022,0.022,-1,Echolocation,/mnt/ubna_data_02_mir/recover-20220922/UBNA_001/20220921_090000.WAV,Telephone Field,recover-20220922,001,1795
1029.3725,1029.4148,68437,82759,Rhinolophus ferrumequinum,0.035,0.035,-1,Echolocation,/mnt/ubna_data_02_mir/recover-20220922/UBNA_001/20220921_090000.WAV,Telephone Field,recover-20220922,001,1795
1029.3785,1029.3934,36640,40873,Pipistrellus nathusii,0.092,0.13,-1,Echolocation,/mnt/ubna_data_02_mir/recover-20220922/UBNA_001/20220921_090000.WAV,Telephone Field,recover-20220922,001,1795
1029.4165,1029.4534,68437,81912,Rhinolophus ferrumequinum,0.022,0.022,-1,Echolocation,/mnt/ubna_data_02_mir/recover-20220922/UBNA_001/20220921_090000.WAV,Telephone Field,recover-20220922,001,1795
1029.4285,1029.4714,68437,82601,Rhinolophus ferrumequinum,0.032,0.032,-1,Echolocation,/mnt/ubna_data_02_mir/recover-20220922/UBNA_001/20220921_090000.WAV,Telephone Field,recover-20220922,001,1795
1029.4455,1029.4551,25468,33121,Eptesicus serotinus,0.008,0.024,-1,Echolocation,/mnt/ubna_data_02_mir/recover-20220922/UBNA_001/20220921_090000.WAV,Telephone Field,recover-20220922,001,1795
1029.4595,1029.4676,27187,35913,Eptesicus serotinus,0.011,0.029,-1,Echolocation,/mnt/ubna_data_02_mir/recover-20220922/UBNA_001/20220921_090000.WAV,Telephone Field,recover-20220922,001,1795
1029.4705,1029.513,68437,82666,Rhinolophus ferrumequinum,0.036,0.036,-1,Echolocation,/mnt/ubna_data_02_mir/recover-20220922/UBNA_001/20220921_090000.WAV,Telephone Field,recover-20220922,001,1795
1029.5045,1029.5405,68437,81770,Rhinolophus ferrumequinum,0.024,0.025,-1,Echolocation,/mnt/ubna_data_02_mir/recover-20220922/UBNA_001/20220921_090000.WAV,Telephone Field,recover-20220922,001,1795
1029.5195,1029.5598,68437,82215,Rhinolophus ferrumequinum,0.05,0.05,-1,Echolocation,/mnt/ubna_data_02_mir/recover-20220922/UBNA_001/20220921_090000.WAV,Telephone Field,recover-20220922,001,1795
1029.5465,1029.5563,23750,29643,Nyctalus leisleri,0.01,0.025,-1,Echolocation,/mnt/ubna_data_02_mir/recover-20220922/UBNA_001/20220921_090000.WAV,Telephone Field,recover-20220922,001,1795
1029.5685,1029.6091,68437,82475,Rhinolophus ferrumequinum,0.022,0.022,-1,Echolocation,/mnt/ubna_data_02_mir/recover-20220922/UBNA_001/20220921_090000.WAV,Telephone Field,recover-20220922,001,1795
1029.5865,1029.6258,68437,81677,Rhinolophus ferrumequinum,0.023,0.023,-1,Echolocation,/mnt/ubna_data_02_mir/recover-20220922/UBNA_001/20220921_090000.WAV,Telephone Field,recover-20220922,001,1795
1029.6365,1029.6736,68437,81584,Rhinolophus ferrumequinum,0.029,0.029,-1,Echolocation,/mnt/ubna_data_02_mir/recover-20220922/UBNA_001/20220921_090000.WAV,Telephone Field,recover-20220922,001,1795
1029.7105,1029.7462,68437,81359,Rhinolophus ferrumequinum,0.023,0.023,-1,Echolocation,/mnt/ubna_data_02_mir/recover-20220922/UBNA_001/20220921_090000.WAV,Telephone Field,recover-20220922,001,1795
1029.7175,1029.754,68437,81493,Rhinolophus ferrumequinum,0.022,0.022,-1,Echolocation,/mnt/ubna_data_02_mir/recover-20220922/UBNA_001/20220921_090000.WAV,Telephone Field,recover-20220922,001,1795
1029.7525,1029.7667,22890,26816,Nyctalus leisleri,0.017,0.029,-1,Echolocation,/mnt/ubna_data_02_mir/recover-20220922/UBNA_001/20220921_090000.WAV,Telephone Field,recover-20220922,001,1795
1029.7535,1029.7905,68437,81943,Rhinolophus ferrumequinum,0.022,0.022,-1,Echolocation,/mnt/ubna_data_02_mir/recover-20220922/UBNA_001/20220921_090000.WAV,Telephone Field,recover-20220922,001,1795
1029.7585,1029.7972,68437,81853,Rhinolophus ferrumequinum,0.021,0.022,-1,Echolocation,/mnt/ubna_data_02_mir/recover-20220922/UBNA_001/20220921_090000.WAV,Telephone Field,recover-20220922,001,1795
1029.7695,1029.8019,68437,80279,Rhinolophus ferrumequinum,0.022,0.022,-1,Echolocation,/mnt/ubna_data_02_mir/recover-20220922/UBNA_001/20220921_090000.WAV,Telephone Field,recover-20220922,001,1795
1029.7715,1029.7801,28906,37980,Eptesicus serotinus,0.011,0.03,-1,Echolocation,/mnt/ubna_data_02_mir/recover-20220922/UBNA_001/20220921_090000.WAV,Telephone Field,recover-20220922,001,1795
1029.7745,1029.8089,68437,80883,Rhinolophus ferrumequinum,0.021,0.022,-1,Echolocation,/mnt/ubna_data_02_mir/recover-20220922/UBNA_001/20220921_090000.WAV,Telephone Field,recover-20220922,001,1795
1029.7765,1029.7874,22031,25920,Nyctalus leisleri,0.015,0.025,-1,Echolocation,/mnt/ubna_data_02_mir/recover-20220922/UBNA_001/20220921_090000.WAV,Telephone Field,recover-20220922,001,1795
1029.7945,1029.8333,68437,82344,Rhinolophus ferrumequinum,0.024,0.024,-1,Echolocation,/mnt/ubna_data_02_mir/recover-20220922/UBNA_001/20220921_090000.WAV,Telephone Field,recover-20220922,001,1795
1029.8325,1029.8743,68437,82574,Rhinolophus ferrumequinum,0.03,0.03,-1,Echolocation,/mnt/ubna_data_02_mir/recover-20220922/UBNA_001/20220921_090000.WAV,Telephone Field,recover-20220922,001,1795
1029.8615,1029.8728,24609,31135,Nyctalus leisleri,0.01,0.028,-1,Echolocation,/mnt/ubna_data_02_mir/recover-20220922/UBNA_001/20220921_090000.WAV,Telephone Field,recover-20220922,001,1795
1029.9025,1029.9412,68437,80889,Rhinolophus ferrumequinum,0.03,0.03,-1,Echolocation,/mnt/ubna_data_02_mir/recover-20220922/UBNA_001/20220921_090000.WAV,Telephone Field,recover-20220922,001,1795
1029.9085,1029.9511,68437,82540,Rhinolophus ferrumequinum,0.029,0.029,-1,Echolocation,/mnt/ubna_data_02_mir/recover-20220922/UBNA_001/20220921_090000.WAV,Telephone Field,recover-20220922,001,1795
1029.9165,1029.9244,25468,33990,Eptesicus serotinus,0.008,0.022,-1,Echolocation,/mnt/ubna_data_02_mir/recover-20220922/UBNA_001/20220921_090000.WAV,Telephone Field,recover-20220922,001,1795
1029.9475,1029.9861,68437,81671,Rhinolophus ferrumequinum,0.023,0.023,-1,Echolocation,/mnt/ubna_data_02_mir/recover-20220922/UBNA_001/20220921_090000.WAV,Telephone Field,recover-20220922,001,1795
1029.9625,1029.9967,68437,80963,Rhinolophus ferrumequinum,0.022,0.023,-1,Echolocation,/mnt/ubna_data_02_mir/recover-20220922/UBNA_001/20220921_090000.WAV,Telephone Field,recover-20220922,001,1795
1029.9845,1029.9928,24609,33566,Plecotus austriacus,0.006,0.022,-1,Echolocation,/mnt/ubna_data_02_mir/recover-20220922/UBNA_001/20220921_090000.WAV,Telephone Field,recover-20220922,001,1795
1030.0015,1030.0105,26328,35447,Nyctalus leisleri,0.01,0.031,-1,Echolocation,/mnt/ubna_data_02_mir/recover-20220922/UBNA_001/20220921_090000.WAV,Telephone Field,recover-20220922,001,1795
1030.0015,1030.0098,30625,41383,Myotis daubentonii,0.008,0.027,-1,Echolocation,/mnt/ubna_data_02_mir/recover-20220922/UBNA_001/20220921_090000.WAV,Telephone Field,recover-20220922,001,1795
1030.0015,1030.0093,39218,47651,Myotis brandtii,0.006,0.022,-1,Echolocation,/mnt/ubna_data_02_mir/recover-20220922/UBNA_001/20220921_090000.WAV,Telephone Field,recover-20220922,001,1795
1030.0015,1030.0344,68437,80333,Rhinolophus ferrumequinum,0.026,0.026,-1,Echolocation,/mnt/ubna_data_02_mir/recover-20220922/UBNA_001/20220921_090000.WAV,Telephone Field,recover-20220922,001,1795
1030.0015,1030.0092,47812,54142,Pipistrellus pipistrellus,0.017,0.023,-1,Echolocation,/mnt/ubna_data_02_mir/recover-20220922/UBNA_001/20220921_090000.WAV,Telephone Field,recover-20220922,001,1795
1030.0075,1030.0512,68437,82085,Rhinolophus ferrumequinum,0.023,0.023,-1,Echolocation,/mnt/ubna_data_02_mir/recover-20220922/UBNA_001/20220921_090000.WAV,Telephone Field,recover-20220922,001,1795
1030.0435,1030.0831,68437,81922,Rhinolophus ferrumequinum,0.03,0.03,-1,Echolocation,/mnt/ubna_data_02_mir/recover-20220922/UBNA_001/20220921_090000.WAV,Telephone Field,recover-20220922,001,1795
1030.0535,1030.0629,27187,36823,Eptesicus serotinus,0.011,0.025,-1,Echolocation,/mnt/ubna_data_02_mir/recover-20220922/UBNA_001/20220921_090000.WAV,Telephone Field,recover-20220922,001,1795
1030.0675,1030.1105,68437,82960,Rhinolophus ferrumequinum,0.027,0.027,-1,Echolocation,/mnt/ubna_data_02_mir/recover-20220922/UBNA_001/20220921_090000.WAV,Telephone Field,recover-20220922,001,1795
1030.0915,1030.1331,68437,82616,Rhinolophus ferrumequinum,0.026,0.026,-1,Echolocation,/mnt/ubna_data_02_mir/recover-20220922/UBNA_001/20220921_090000.WAV,Telephone Field,recover-20220922,001,1795
1030.1125,1030.1502,68437,81383,Rhinolophus ferrumequinum,0.023,0.023,-1,Echolocation,/mnt/ubna_data_02_mir/recover-20220922/UBNA_001/20220921_090000.WAV,Telephone Field,recover-20220922,001,1795
1030.1205,1030.1568,68437,80882,Rhinolophus ferrumequinum,0.022,0.022,-1,Echolocation,/mnt/ubna_data_02_mir/recover-20220922/UBNA_001/20220921_090000.WAV,Telephone Field,recover-20220922,001,1795
1030.1385,1030.1757,68437,81727,Rhinolophus ferrumequinum,0.023,0.023,-1,Echolocation,/mnt/ubna_data_02_mir/recover-20220922/UBNA_001/20220921_090000.WAV,Telephone Field,recover-20220922,001,1795
1030.1485,1030.1877,68437,82127,Rhinolophus ferrumequinum,0.024,0.024,-1,Echolocation,/mnt/ubna_data_02_mir/recover-20220922/UBNA_001/20220921_090000.WAV,Telephone Field,recover-20220922,001,1795
1030.1705,1030.211,68437,82865,Rhinolophus ferrumequinum,0.036,0.036,-1,Echolocation,/mnt/ubna_data_02_mir/recover-20220922/UBNA_001/20220921_090000.WAV,Telephone Field,recover-20220922,001,1795
1030.2195,1030.258,68437,80714,Rhinolophus ferrumequinum,0.029,0.029,-1,Echolocation,/mnt/ubna_data_02_mir/recover-20220922/UBNA_001/20220921_090000.WAV,Telephone Field,recover-20220922,001,1795
1030.2335,1030.2742,68437,82607,Rhinolophus ferrumequinum,0.024,0.024,-1,Echolocation,/mnt/ubna_data_02_mir/recover-20220922/UBNA_001/20220921_090000.WAV,Telephone Field,recover-20220922,001,1795
1030.2575,1030.2994,68437,82184,Rhinolophus ferrumequinum,0.026,0.026,-1,Echolocation,/mnt/ubna_data_02_mir/recover-20220922/UBNA_001/20220921_090000.WAV,Telephone Field,recover-20220922,001,1795
1030.2675,1030.308,68437,82257,Rhinolophus ferrumequinum,0.026,0.026,-1,Echolocation,/mnt/ubna_data_02_mir/recover-20220922/UBNA_001/20220921_090000.WAV,Telephone Field,recover-20220922,001,1795
1030.2785,1030.3167,68437,82060,Rhinolophus ferrumequinum,0.023,0.023,-1,Echolocation,/mnt/ubna_data_02_mir/recover-20220922/UBNA_001/20220921_090000.WAV,Telephone Field,recover-20220922,001,1795
1030.3135,1030.3233,14296,22040,Nyctalus noctula,0.009,0.022,-1,Echolocation,/mnt/ubna_data_02_mir/recover-20220922/UBNA_001/20220921_090000.WAV,Telephone Field,recover-20220922,001,1795
1030.3205,1030.3279,50390,56314,Pipistrellus pipistrellus,0.021,0.023,-1,Echolocation,/mnt/ubna_data_02_mir/recover-20220922/UBNA_001/20220921_090000.WAV,Telephone Field,recover-20220922,001,1795
1030.3355,1030.3479,54687,60684,Pipistrellus pygmaeus,0.021,0.025,-1,Echolocation,/mnt/ubna_data_02_mir/recover-20220922/UBNA_001/20220921_090000.WAV,Telephone Field,recover-20220922,001,1795
1030.3365,1030.3774,68437,82395,Rhinolophus ferrumequinum,0.022,0.022,-1,Echolocation,/mnt/ubna_data_02_mir/recover-20220922/UBNA_001/20220921_090000.WAV,Telephone Field,recover-20220922,001,1795
1030.3515,1030.3861,68437,80604,Rhinolophus ferrumequinum,0.027,0.027,-1,Echolocation,/mnt/ubna_data_02_mir/recover-20220922/UBNA_001/20220921_090000.WAV,Telephone Field,recover-20220922,001,1795
1030.3655,1030.3743,25468,32827,Eptesicus serotinus,0.007,0.022,-1,Echolocation,/mnt/ubna_data_02_mir/recover-20220922/UBNA_001/20220921_090000.WAV,Telephone Field,recover-20220922,001,1795
1030.3935,1030.4333,68437,81866,Rhinolophus ferrumequinum,0.03,0.03,-1,Echolocation,/mnt/ubna_data_02_mir/recover-20220922/UBNA_001/20220921_090000.WAV,Telephone Field,recover-20220922,001,1795
1030.4095,1030.446,68437,81666,Rhinolophus ferrumequinum,0.021,0.021,-1,Echolocation,/mnt/ubna_data_02_mir/recover-20220922/UBNA_001/20220921_090000.WAV,Telephone Field,recover-20220922,001,1795
1030.4145,1030.4219,23750,31875,Plecotus austriacus,0.009,0.021,-1,Echolocation,/mnt/ubna_data_02_mir/recover-20220922/UBNA_001/20220921_090000.WAV,Telephone Field,recover-20220922,001,1795
1030.4295,1030.4746,68437,83474,Rhinolophus ferrumequinum,0.038,0.038,-1,Echolocation,/mnt/ubna_data_02_mir/recover-20220922/UBNA_001/20220921_090000.WAV,Telephone Field,recover-20220922,001,1795
1030.4675,1030.4743,47812,56826,Pipistrellus pipistrellus,0.02,0.026,-1,Echolocation,/mnt/ubna_data_02_mir/recover-20220922/UBNA_001/20220921_090000.WAV,Telephone Field,recover-20220922,001,1795
1030.4715,1030.5126,68437,82534,Rhinolophus ferrumequinum,0.027,0.027,-1,Echolocation,/mnt/ubna_data_02_mir/recover-20220922/UBNA_001/20220921_090000.WAV,Telephone Field,recover-20220922,001,1795
1030.4875,1030.5251,68437,81865,Rhinolophus ferrumequinum,0.029,0.029,-1,Echolocation,/mnt/ubna_data_02_mir/recover-20220922/UBNA_001/20220921_090000.WAV,Telephone Field,recover-20220922,001,1795
1030.5005,1030.5157,21171,24691,Nyctalus leisleri,0.012,0.022,-1,Echolocation,/mnt/ubna_data_02_mir/recover-20220922/UBNA_001/20220921_090000.WAV,Telephone Field,recover-20220922,001,1795
1030.5115,1030.5249,22890,27840,Nyctalus leisleri,0.014,0.026,-1,Echolocation,/mnt/ubna_data_02_mir/recover-20220922/UBNA_001/20220921_090000.WAV,Telephone Field,recover-20220922,001,1795
1030.5255,1030.544,21171,24298,Nyctalus leisleri,0.017,0.026,-1,Echolocation,/mnt/ubna_data_02_mir/recover-20220922/UBNA_001/20220921_090000.WAV,Telephone Field,recover-20220922,001,1795
1030.5265,1030.5637,68437,81556,Rhinolophus ferrumequinum,0.022,0.023,-1,Echolocation,/mnt/ubna_data_02_mir/recover-20220922/UBNA_001/20220921_090000.WAV,Telephone Field,recover-20220922,001,1795
1030.5425,1030.5836,68437,82474,Rhinolophus ferrumequinum,0.024,0.024,-1,Echolocation,/mnt/ubna_data_02_mir/recover-20220922/UBNA_001/20220921_090000.WAV,Telephone Field,recover-20220922,001,1795
1030.5475,1030.5555,28046,39738,Eptesicus serotinus,0.008,0.023,-1,Echolocation,/mnt/ubna_data_02_mir/recover-20220922/UBNA_001/20220921_090000.WAV,Telephone Field,recover-20220922,001,1795
1030.5655,1030.6043,68437,82149,Rhinolophus ferrumequinum,0.023,0.023,-1,Echolocation,/mnt/ubna_data_02_mir/recover-20220922/UBNA_001/20220921_090000.WAV,Telephone Field,recover-20220922,001,1795
1030.5955,1030.6333,68437,81917,Rhinolophus ferrumequinum,0.03,0.03,-1,Echolocation,/mnt/ubna_data_02_mir/recover-20220922/UBNA_001/20220921_090000.WAV,Telephone Field,recover-20220922,001,1795
1030.6245,1030.6657,68437,82849,Rhinolophus ferrumequinum,0.03,0.03,-1,Echolocation,/mnt/ubna_data_02_mir/recover-20220922/UBNA_001/20220921_090000.WAV,Telephone Field,recover-20220922,001,1795
1030.6615,1030.6687,27187,41058,Eptesicus serotinus,0.007,0.025,-1,Echolocation,/mnt/ubna_data_02_mir/recover-20220922/UBNA_001/20220921_090000.WAV,Telephone Field,recover-20220922,001,1795
1030.6855,1030.6928,26328,36240,Eptesicus serotinus,0.008,0.027,-1,Echolocation,/mnt/ubna_data_02_mir/recover-20220922/UBNA_001/20220921_090000.WAV,Telephone Field,recover-20220922,001,1795
1030.6955,1030.7341,68437,82062,Rhinolophus ferrumequinum,0.022,0.022,-1,Echolocation,/mnt/ubna_data_02_mir/recover-20220922/UBNA_001/20220921_090000.WAV,Telephone Field,recover-20220922,001,1795
1030.7185,1030.7279,28906,37149,Eptesicus serotinus,0.008,0.022,-1,Echolocation,/mnt/ubna_data_02_mir/recover-20220922/UBNA_001/20220921_090000.WAV,Telephone Field,recover-20220922,001,1795
1030.7365,1030.7437,46953,51338,Pipistrellus pipistrellus,0.024,0.024,-1,Echolocation,/mnt/ubna_data_02_mir/recover-20220922/UBNA_001/20220921_090000.WAV,Telephone Field,recover-20220922,001,1795
1030.7405,1030.7483,23750,31989,Plecotus austriacus,0.011,0.026,-1,Echolocation,/mnt/ubna_data_02_mir/recover-20220922/UBNA_001/20220921_090000.WAV,Telephone Field,recover-20220922,001,1795
1030.7475,1030.7871,68437,82496,Rhinolophus ferrumequinum,0.035,0.035,-1,Echolocation,/mnt/ubna_data_02_mir/recover-20220922/UBNA_001/20220921_090000.WAV,Telephone Field,recover-20220922,001,1795
1030.7755,1030.8121,68437,81239,Rhinolophus ferrumequinum,0.025,0.025,-1,Echolocation,/mnt/ubna_data_02_mir/recover-20220922/UBNA_001/20220921_090000.WAV,Telephone Field,recover-20220922,001,1795
1030.8005,1030.8388,68437,81289,Rhinolophus ferrumequinum,0.027,0.027,-1,Echolocation,/mnt/ubna_data_02_mir/recover-20220922/UBNA_001/20220921_090000.WAV,Telephone Field,recover-20220922,001,1795
1030.8385,1030.8462,43515,47580,Pipistrellus pipistrellus,0.02,0.022,-1,Echolocation,/mnt/ubna_data_02_mir/recover-20220922/UBNA_001/20220921_090000.WAV,Telephone Field,recover-20220922,001,1795
1030.8625,1030.9063,68437,83483,Rhinolophus ferrumequinum,0.07,0.07,-1,Echolocation,/mnt/ubna_data_02_mir/recover-20220922/UBNA_001/20220921_090000.WAV,Telephone Field,recover-20220922,001,1795
1030.8775,1030.8856,25468,33954,Eptesicus serotinus,0.006,0.022,-1,Echolocation,/mnt/ubna_data_02_mir/recover-20220922/UBNA_001/20220921_090000.WAV,Telephone Field,recover-20220922,001,1795
1030.9105,1030.9498,68437,82877,Rhinolophus ferrumequinum,0.022,0.022,-1,Echolocation,/mnt/ubna_data_02_mir/recover-20220922/UBNA_001/20220921_090000.WAV,Telephone Field,recover-20220922,001,1795
1030.9175,1030.9296,22890,27600,Nyctalus leisleri,0.012,0.023,-1,Echolocation,/mnt/ubna_data_02_mir/recover-20220922/UBNA_001/20220921_090000.WAV,Telephone Field,recover-20220922,001,1795
1030.9345,1030.9735,68437,81935,Rhinolophus ferrumequinum,0.023,0.023,-1,Echolocation,/mnt/ubna_data_02_mir/recover-20220922/UBNA_001/20220921_090000.WAV,Telephone Field,recover-20220922,001,1795
1030.9465,1030.9546,28906,37850,Eptesicus serotinus,0.008,0.025,-1,Echolocation,/mnt/ubna_data_02_mir/recover-20220922/UBNA_001/20220921_090000.WAV,Telephone Field,recover-20220922,001,1795
1030.9505,1030.9901,68437,82106,Rhinolophus ferrumequinum,0.022,0.023,-1,Echolocation,/mnt/ubna_data_02_mir/recover-20220922/UBNA_001/20220921_090000.WAV,Telephone Field,recover-20220922,001,1795
1030.9805,1031.0156,68437,81418,Rhinolophus ferrumequinum,0.022,0.022,-1,Echolocation,/mnt/ubna_data_02_mir/recover-20220922/UBNA_001/20220921_090000.WAV,Telephone Field,recover-20220922,001,1795
1030.9915,1031.031,68437,82170,Rhinolophus ferrumequinum,0.022,0.022,-1,Echolocation,/mnt/ubna_data_02_mir/recover-20220922/UBNA_001/20220921_090000.WAV,Telephone Field,recover-20220922,001,1795
1031.0095,1031.0481,68437,81758,Rhinolophus ferrumequinum,0.022,0.022,-1,Echolocation,/mnt/ubna_data_02_mir/recover-20220922/UBNA_001/20220921_090000.WAV,Telephone Field,recover-20220922,001,1795
1031.0355,1031.072,68437,82106,Rhinolophus ferrumequinum,0.024,0.024,-1,Echolocation,/mnt/ubna_data_02_mir/recover-20220922/UBNA_001/20220921_090000.WAV,Telephone Field,recover-20220922,001,1795
1031.0455,1031.0549,28046,38796,Eptesicus serotinus,0.009,0.023,-1,Echolocation,/mnt/ubna_data_02_mir/recover-20220922/UBNA_001/20220921_090000.WAV,Telephone Field,recover-20220922,001,1795
1031.0585,1031.068,28046,36643,Eptesicus serotinus,0.01,0.023,-1,Echolocation,/mnt/ubna_data_02_mir/recover-20220922/UBNA_001/20220921_090000.WAV,Telephone Field,recover-20220922,001,1795
1031.0615,1031.1001,68437,82265,Rhinolophus ferrumequinum,0.022,0.022,-1,Echolocation,/mnt/ubna_data_02_mir/recover-20220922/UBNA_001/20220921_090000.WAV,Telephone Field,recover-20220922,001,1795
1031.0805,1031.1173,68437,82126,Rhinolophus ferrumequinum,0.03,0.03,-1,Echolocation,/mnt/ubna_data_02_mir/recover-20220922/UBNA_001/20220921_090000.WAV,Telephone Field,recover-20220922,001,1795
1031.0945,1031.1322,68437,82135,Rhinolophus ferrumequinum,0.024,0.024,-1,Echolocation,/mnt/ubna_data_02_mir/recover-20220922/UBNA_001/20220921_090000.WAV,Telephone Field,recover-20220922,001,1795
1031.1055,1031.1428,68437,81407,Rhinolophus ferrumequinum,0.022,0.022,-1,Echolocation,/mnt/ubna_data_02_mir/recover-20220922/UBNA_001/20220921_090000.WAV,Telephone Field,recover-20220922,001,1795
1031.1425,1031.1806,68437,81427,Rhinolophus ferrumequinum,0.024,0.024,-1,Echolocation,/mnt/ubna_data_02_mir/recover-20220922/UBNA_001/20220921_090000.WAV,Telephone Field,recover-20220922,001,1795
1031.1555,1031.166,23750,29300,Nyctalus leisleri,0.01,0.022,-1,Echolocation,/mnt/ubna_data_02_mir/recover-20220922/UBNA_001/20220921_090000.WAV,Telephone Field,recover-20220922,001,1795
1031.1635,1031.2038,68437,82550,Rhinolophus ferrumequinum,0.03,0.03,-1,Echolocation,/mnt/ubna_data_02_mir/recover-20220922/UBNA_001/20220921_090000.WAV,Telephone Field,recover-20220922,001,1795
1031.2035,1031.2119,23750,31041,Plecotus austriacus,0.009,0.022,-1,Echolocation,/mnt/ubna_data_02_mir/recover-20220922/UBNA_001/20220921_090000.WAV,Telephone Field,recover-20220922,001,1795
1031.2145,1031.2552,68437,82496,Rhinolophus ferrumequinum,0.034,0.034,-1,Echolocation,/mnt/ubna_data_02_mir/recover-20220922/UBNA_001/20220921_090000.WAV,Telephone Field,recover-20220922,001,1795
1031.2355,1031.2737,68437,82326,Rhinolophus ferrumequinum,0.022,0.022,-1,Echolocation,/mnt/ubna_data_02_mir/recover-20220922/UBNA_001/20220921_090000.WAV,Telephone Field,recover-20220922,001,1795
1031.2535,1031.2935,68437,82423,Rhinolophus ferrumequinum,0.028,0.028,-1,Echolocation,/mnt/ubna_data_02_mir/recover-20220922/UBNA_001/20220921_090000.WAV,Telephone Field,recover-20220922,001,1795
1031.2785,1031.3212,68437,83121,Rhinolophus ferrumequinum,0.025,0.025,-1,Echolocation,/mnt/ubna_data_02_mir/recover-20220922/UBNA_001/20220921_090000.WAV,Telephone Field,recover-20220922,001,1795
1031.3335,1031.3704,68437,81875,Rhinolophus ferrumequinum,0.023,0.023,-1,Echolocation,/mnt/ubna_data_02_mir/recover-20220922/UBNA_001/20220921_090000.WAV,Telephone Field,recover-20220922,001,1795
1031.3345,1031.3433,28906,36620,Eptesicus serotinus,0.026,0.051,-1,Echolocation,/mnt/ubna_data_02_mir/recover-20220922/UBNA_001/20220921_090000.WAV,Telephone Field,recover-20220922,001,1795
1031.3485,1031.3857,68437,82233,Rhinolophus ferrumequinum,0.022,0.022,-1,Echolocation,/mnt/ubna_data_02_mir/recover-20220922/UBNA_001/20220921_090000.WAV,Telephone Field,recover-20220922,001,1795
1031.3695,1031.409,68437,82658,Rhinolophus ferrumequinum,0.027,0.027,-1,Echolocation,/mnt/ubna_data_02_mir/recover-20220922/UBNA_001/20220921_090000.WAV,Telephone Field,recover-20220922,001,1795
1031.3875,1031.4258,68437,82024,Rhinolophus ferrumequinum,0.022,0.022,-1,Echolocation,/mnt/ubna_data_02_mir/recover-20220922/UBNA_001/20220921_090000.WAV,Telephone Field,recover-20220922,001,1795
1031.4235,1031.4313,22890,30642,Plecotus austriacus,0.014,0.027,-1,Echolocation,/mnt/ubna_data_02_mir/recover-20220922/UBNA_001/20220921_090000.WAV,Telephone Field,recover-20220922,001,1795
1031.4245,1031.4634,68437,82168,Rhinolophus ferrumequinum,0.022,0.022,-1,Echolocation,/mnt/ubna_data_02_mir/recover-20220922/UBNA_001/20220921_090000.WAV,Telephone Field,recover-20220922,001,1795
1031.4395,1031.4799,68437,82557,Rhinolophus ferrumequinum,0.025,0.025,-1,Echolocation,/mnt/ubna_data_02_mir/recover-20220922/UBNA_001/20220921_090000.WAV,Telephone Field,recover-20220922,001,1795
1031.4525,1031.463,23750,29827,Nyctalus leisleri,0.01,0.024,-1,Echolocation,/mnt/ubna_data_02_mir/recover-20220922/UBNA_001/20220921_090000.WAV,Telephone Field,recover-20220922,001,1795
1031.4555,1031.494,68437,81653,Rhinolophus ferrumequinum,0.026,0.026,-1,Echolocation,/mnt/ubna_data_02_mir/recover-20220922/UBNA_001/20220921_090000.WAV,Telephone Field,recover-20220922,001,1795
1031.4575,1031.4673,28906,35764,Eptesicus serotinus,0.009,0.021,-1,Echolocation,/mnt/ubna_data_02_mir/recover-20220922/UBNA_001/20220921_090000.WAV,Telephone Field,recover-20220922,001,1795
1031.4675,1031.5063,68437,82513,Rhinolophus ferrumequinum,0.035,0.035,-1,Echolocation,/mnt/ubna_data_02_mir/recover-20220922/UBNA_001/20220921_090000.WAV,Telephone Field,recover-20220922,001,1795
1031.4995,1031.5099,23750,30509,Nyctalus leisleri,0.02,0.053,-1,Echolocation,/mnt/ubna_data_02_mir/recover-20220922/UBNA_001/20220921_090000.WAV,Telephone Field,recover-20220922,001,1795
1031.5035,1031.5446,68437,82882,Rhinolophus ferrumequinum,0.029,0.029,-1,Echolocation,/mnt/ubna_data_02_mir/recover-20220922/UBNA_001/20220921_090000.WAV,Telephone Field,recover-20220922,001,1795
1031.5275,1031.5651,68437,81874,Rhinolophus ferrumequinum,0.023,0.023,-1,Echolocation,/mnt/ubna_data_02_mir/recover-20220922/UBNA_001/20220921_090000.WAV,Telephone Field,recover-20220922,001,1795
1031.5355,1031.5757,68437,82461,Rhinolophus ferrumequinum,0.023,0.023,-1,Echolocation,/mnt/ubna_data_02_mir/recover-20220922/UBNA_001/20220921_090000.WAV,Telephone Field,recover-20220922,001,1795
1031.5535,1031.5651,22890,28003,Nyctalus leisleri,0.013,0.028,-1,Echolocation,/mnt/ubna_data_02_mir/recover-20220922/UBNA_001/20220921_090000.WAV,Telephone Field,recover-20220922,001,1795
1031.5595,1031.5974,68437,81605,Rhinolophus ferrumequinum,0.022,0.022,-1,Echolocation,/mnt/ubna_data_02_mir/recover-20220922/UBNA_001/20220921_090000.WAV,Telephone Field,recover-20220922,001,1795
1031.5685,1031.6056,68437,80877,Rhinolophus ferrumequinum,0.021,0.022,-1,Echolocation,/mnt/ubna_data_02_mir/recover-20220922/UBNA_001/20220921_090000.WAV,Telephone Field,recover-20220922,001,1795
1031.5895,1031.6311,68437,83341,Rhinolophus ferrumequinum,0.038,0.038,-1,Echolocation,/mnt/ubna_data_02_mir/recover-20220922/UBNA_001/20220921_090000.WAV,Telephone Field,recover-20220922,001,1795
1031.5925,1031.6091,15156,22253,Nyctalus noctula,0.023,0.029,-1,Echolocation,/mnt/ubna_data_02_mir/recover-20220922/UBNA_001/20220921_090000.WAV,Telephone Field,recover-20220922,001,1795
1031.6235,1031.664,68437,82425,Rhinolophus ferrumequinum,0.023,0.023,-1,Echolocation,/mnt/ubna_data_02_mir/recover-20220922/UBNA_001/20220921_090000.WAV,Telephone Field,recover-20220922,001,1795
1031.6265,1031.6387,23750,28153,Nyctalus leisleri,0.017,0.031,-1,Echolocation,/mnt/ubna_data_02_mir/recover-20220922/UBNA_001/20220921_090000.WAV,Telephone Field,recover-20220922,001,1795
1031.6415,1031.6502,28046,38873,Eptesicus serotinus,0.009,0.025,-1,Echolocation,/mnt/ubna_data_02_mir/recover-20220922/UBNA_001/20220921_090000.WAV,Telephone Field,recover-20220922,001,1795
1031.6605,1031.7027,68437,82990,Rhinolophus ferrumequinum,0.027,0.027,-1,Echolocation,/mnt/ubna_data_02_mir/recover-20220922/UBNA_001/20220921_090000.WAV,Telephone Field,recover-20220922,001,1795
1031.6805,1031.7202,68437,82167,Rhinolophus ferrumequinum,0.022,0.022,-1,Echolocation,/mnt/ubna_data_02_mir/recover-20220922/UBNA_001/20220921_090000.WAV,Telephone Field,recover-20220922,001,1795
1031.6905,1031.7293,68437,82551,Rhinolophus ferrumequinum,0.022,0.022,-1,Echolocation,/mnt/ubna_data_02_mir/recover-20220922/UBNA_001/20220921_090000.WAV,Telephone Field,recover-20220922,001,1795
1031.7005,1031.7091,25468,35621,Eptesicus serotinus,0.009,0.029,-1,Echolocation,/mnt/ubna_data_02_mir/recover-20220922/UBNA_001/20220921_090000.WAV,Telephone Field,recover-20220922,001,1795
1031.7155,1031.7249,28906,39228,Eptesicus serotinus,0.008,0.022,-1,Echolocation,/mnt/ubna_data_02_mir/recover-20220922/UBNA_001/20220921_090000.WAV,Telephone Field,recover-20220922,001,1795
1031.7205,1031.7622,68437,82788,Rhinolophus ferrumequinum,0.023,0.023,-1,Echolocation,/mnt/ubna_data_02_mir/recover-20220922/UBNA_001/20220921_090000.WAV,Telephone Field,recover-20220922,001,1795
1031.7405,1031.7796,68437,81755,Rhinolophus ferrumequinum,0.022,0.022,-1,Echolocation,/mnt/ubna_data_02_mir/recover-20220922/UBNA_001/20220921_090000.WAV,Telephone Field,recover-20220922,001,1795
1031.7595,1031.7707,42656,46264,Pipistrellus pipistrellus,0.034,0.043,-1,Echolocation,/mnt/ubna_data_02_mir/recover-20220922/UBNA_001/20220921_090000.WAV,Telephone Field,recover-20220922,001,1795
1031.7865,1031.8267,68437,82033,Rhinolophus ferrumequinum,0.027,0.027,-1,Echolocation,/mnt/ubna_data_02_mir/recover-20220922/UBNA_001/20220921_090000.WAV,Telephone Field,recover-20220922,001,1795
1031.8055,1031.8151,28046,37248,Eptesicus serotinus,0.01,0.022,-1,Echolocation,/mnt/ubna_data_02_mir/recover-20220922/UBNA_001/20220921_090000.WAV,Telephone Field,recover-20220922,001,1795
1031.8165,1031.8265,28906,36381,Eptesicus serotinus,0.009,0.022,-1,Echolocation,/mnt/ubna_data_02_mir/recover-20220922/UBNA_001/20220921_090000.WAV,Telephone Field,recover-20220922,001,1795
1031.8225,1031.8329,27187,35028,Eptesicus serotinus,0.01,0.022,-1,Echolocation,/mnt/ubna_data_02_mir/recover-20220922/UBNA_001/20220921_090000.WAV,Telephone Field,recover-20220922,001,1795
1031.8295,1031.8702,68437,82460,Rhinolophus ferrumequinum,0.028,0.028,-1,Echolocation,/mnt/ubna_data_02_mir/recover-20220922/UBNA_001/20220921_090000.WAV,Telephone Field,recover-20220922,001,1795
1031.8395,1031.8782,68437,82622,Rhinolophus ferrumequinum,0.033,0.033,-1,Echolocation,/mnt/ubna_data_02_mir/recover-20220922/UBNA_001/20220921_090000.WAV,Telephone Field,recover-20220922,001,1795
1031.8965,1031.9404,68437,83294,Rhinolophus ferrumequinum,0.038,0.038,-1,Echolocation,/mnt/ubna_data_02_mir/recover-20220922/UBNA_001/20220921_090000.WAV,Telephone Field,recover-20220922,001,1795
1031.9025,1031.9097,47812,52408,Pipistrellus pipistrellus,0.023,0.024,-1,Echolocation,/mnt/ubna_data_02_mir/recover-20220922/UBNA_001/20220921_090000.WAV,Telephone Field,recover-20220922,001,1795
1031.9145,1031.9529,68437,82166,Rhinolophus ferrumequinum,0.024,0.024,-1,Echolocation,/mnt/ubna_data_02_mir/recover-20220922/UBNA_001/20220921_090000.WAV,Telephone Field,recover-20220922,001,1795
1031.9555,1031.966,22890,28089,Nyctalus leisleri,0.01,0.022,-1,Echolocation,/mnt/ubna_data_02_mir/recover-20220922/UBNA_001/20220921_090000.WAV,Telephone Field,recover-20220922,001,1795
1031.9835,1031.991,28046,43241,Eptesicus serotinus,0.007,0.022,-1,Echolocation,/mnt/ubna_data_02_mir/recover-20220922/UBNA_001/20220921_090000.WAV,Telephone Field,recover-20220922,001,1795
1031.9845,1031.9921,23750,32564,Plecotus austriacus,0.009,0.023,-1,Echolocation,/mnt/ubna_data_02_mir/recover-20220922/UBNA_001/20220921_090000.WAV,Telephone Field,recover-20220922,001,1795
1032.0015,1032.0088,25468,36643,Eptesicus serotinus,0.004,0.022,-1,Echolocation,/mnt/ubna_data_02_mir/recover-20220922/UBNA_001/20220921_090000.WAV,Telephone Field,recover-20220922,001,1795
1032.0015,1032.0342,69296,80530,Rhinolophus ferrumequinum,0.037,0.038,-1,Echolocation,/mnt/ubna_data_02_mir/recover-20220922/UBNA_001/20220921_090000.WAV,Telephone Field,recover-20220922,001,1795
1032.0475,1032.0875,68437,82151,Rhinolophus ferrumequinum,0.022,0.022,-1,Echolocation,/mnt/ubna_data_02_mir/recover-20220922/UBNA_001/20220921_090000.WAV,Telephone Field,recover-20220922,001,1795
1032.0505,1032.0575,28906,39994,Eptesicus serotinus,0.007,0.027,-1,Echolocation,/mnt/ubna_data_02_mir/recover-20220922/UBNA_001/20220921_090000.WAV,Telephone Field,recover-20220922,001,1795
1032.0565,1032.0952,68437,82436,Rhinolophus ferrumequinum,0.022,0.022,-1,Echolocation,/mnt/ubna_data_02_mir/recover-20220922/UBNA_001/20220921_090000.WAV,Telephone Field,recover-20220922,001,1795
1032.0715,1032.0792,28046,41476,Eptesicus serotinus,0.007,0.021,-1,Echolocation,/mnt/ubna_data_02_mir/recover-20220922/UBNA_001/20220921_090000.WAV,Telephone Field,recover-20220922,001,1795
1032.1185,1032.1277,50390,55494,Pipistrellus pipistrellus,0.024,0.026,-1,Echolocation,/mnt/ubna_data_02_mir/recover-20220922/UBNA_001/20220921_090000.WAV,Telephone Field,recover-20220922,001,1795
1032.1195,1032.161,68437,82689,Rhinolophus ferrumequinum,0.026,0.026,-1,Echolocation,/mnt/ubna_data_02_mir/recover-20220922/UBNA_001/20220921_090000.WAV,Telephone Field,recover-20220922,001,1795
1032.1665,1032.2039,68437,81900,Rhinolophus ferrumequinum,0.022,0.022,-1,Echolocation,/mnt/ubna_data_02_mir/recover-20220922/UBNA_001/20220921_090000.WAV,Telephone Field,recover-20220922,001,1795
1032.1885,1032.2278,68437,82004,Rhinolophus ferrumequinum,0.023,0.023,-1,Echolocation,/mnt/ubna_data_02_mir/recover-20220922/UBNA_001/20220921_090000.WAV,Telephone Field,recover-20220922,001,1795
1032.1915,1032.1988,28046,39666,Eptesicus serotinus,0.008,0.025,-1,Echolocation,/mnt/ubna_data_02_mir/recover-20220922/UBNA_001/20220921_090000.WAV,Telephone Field,recover-20220922,001,1795
1032.1975,1032.235,68437,81261,Rhinolophus ferrumequinum,0.021,0.021,-1,Echolocation,/mnt/ubna_data_02_mir/recover-20220922/UBNA_001/20220921_090000.WAV,Telephone Field,recover-20220922,001,1795
1032.2245,1032.2593,68437,81004,Rhinolophus ferrumequinum,0.021,0.021,-1,Echolocation,/mnt/ubna_data_02_mir/recover-20220922/UBNA_001/20220921_090000.WAV,Telephone Field,recover-20220922,001,1795
1032.2605,1032.2687,28046,39249,Eptesicus serotinus,0.007,0.021,-1,Echolocation,/mnt/ubna_data_02_mir/recover-20220922/UBNA_001/20220921_090000.WAV,Telephone Field,recover-20220922,001,1795
1032.2675,1032.3078,68437,82530,Rhinolophus ferrumequinum,0.027,0.027,-1,Echolocation,/mnt/ubna_data_02_mir/recover-20220922/UBNA_001/20220921_090000.WAV,Telephone Field,recover-20220922,001,1795
1032.3775,1032.4183,68437,82731,Rhinolophus ferrumequinum,0.021,0.021,-1,Echolocation,/mnt/ubna_data_02_mir/recover-20220922/UBNA_001/20220921_090000.WAV,Telephone Field,recover-20220922,001,1795
1032.4405,1032.4502,27187,38825,Eptesicus serotinus,0.01,0.024,-1,Echolocation,/mnt/ubna_data_02_mir/recover-20220922/UBNA_001/20220921_090000.WAV,Telephone Field,recover-20220922,001,1795
1032.4435,1032.4852,68437,82297,Rhinolophus ferrumequinum,0.022,0.022,-1,Echolocation,/mnt/ubna_data_02_mir/recover-20220922/UBNA_001/20220921_090000.WAV,Telephone Field,recover-20220922,001,1795
1032.4745,1032.512,68437,81831,Rhinolophus ferrumequinum,0.022,0.022,-1,Echolocation,/mnt/ubna_data_02_mir/recover-20220922/UBNA_001/20220921_090000.WAV,Telephone Field,recover-20220922,001,1795
1032.4955,1032.5347,68437,81302,Rhinolophus ferrumequinum,0.023,0.023,-1,Echolocation,/mnt/ubna_data_02_mir/recover-20220922/UBNA_001/20220921_090000.WAV,Telephone Field,recover-20220922,001,1795
1032.5365,1032.5741,68437,82163,Rhinolophus ferrumequinum,0.023,0.023,-1,Echolocation,/mnt/ubna_data_02_mir/recover-20220922/UBNA_001/20220921_090000.WAV,Telephone Field,recover-20220922,001,1795
1032.5395,1032.5495,28046,38307,Eptesicus serotinus,0.012,0.025,-1,Echolocation,/mnt/ubna_data_02_mir/recover-20220922/UBNA_001/20220921_090000.WAV,Telephone Field,recover-20220922,001,1795
1032.6045,1032.648,68437,83635,Rhinolophus ferrumequinum,0.046,0.046,-1,Echolocation,/mnt/ubna_data_02_mir/recover-20220922/UBNA_001/20220921_090000.WAV,Telephone Field,recover-20220922,001,1795
1032.6145,1032.6247,28906,36106,Eptesicus serotinus,0.02,0.036,-1,Echolocation,/mnt/ubna_data_02_mir/recover-20220922/UBNA_001/20220921_090000.WAV,Telephone Field,recover-20220922,001,1795
1032.6355,1032.6707,68437,81320,Rhinolophus ferrumequinum,0.029,0.029,-1,Echolocation,/mnt/ubna_data_02_mir/recover-20220922/UBNA_001/20220921_090000.WAV,Telephone Field,recover-20220922,001,1795
1032.6495,1032.6888,68437,82266,Rhinolophus ferrumequinum,0.023,0.023,-1,Echolocation,/mnt/ubna_data_02_mir/recover-20220922/UBNA_001/20220921_090000.WAV,Telephone Field,recover-20220922,001,1795
1032.6645,1032.6763,24609,30442,Nyctalus leisleri,0.01,0.024,-1,Echolocation,/mnt/ubna_data_02_mir/recover-20220922/UBNA_001/20220921_090000.WAV,Telephone Field,recover-20220922,001,1795
1032.7085,1032.7477,68437,82227,Rhinolophus ferrumequinum,0.025,0.025,-1,Echolocation,/mnt/ubna_data_02_mir/recover-20220922/UBNA_001/20220921_090000.WAV,Telephone Field,recover-20220922,001,1795
1032.7325,1032.7414,27187,37044,Eptesicus serotinus,0.008,0.023,-1,Echolocation,/mnt/ubna_data_02_mir/recover-20220922/UBNA_001/20220921_090000.WAV,Telephone Field,recover-20220922,001,1795
1032.7395,1032.7804,68437,83050,Rhinolophus ferrumequinum,0.024,0.024,-1,Echolocation,/mnt/ubna_data_02_mir/recover-20220922/UBNA_001/20220921_090000.WAV,Telephone Field,recover-20220922,001,1795
1032.7715,1032.809,68437,82142,Rhinolophus ferrumequinum,0.021,0.021,-1,Echolocation,/mnt/ubna_data_02_mir/recover-20220922/UBNA_001/20220921_090000.WAV,Telephone Field,recover-20220922,001,1795
1032.7815,1032.8199,68437,82458,Rhinolophus ferrumequinum,0.021,0.021,-1,Echolocation,/mnt/ubna_data_02_mir/recover-20220922/UBNA_001/20220921_090000.WAV,Telephone Field,recover-20220922,001,1795
1032.8155,1032.8544,68437,82198,Rhinolophus ferrumequinum,0.021,0.021,-1,Echolocation,/mnt/ubna_data_02_mir/recover-20220922/UBNA_001/20220921_090000.WAV,Telephone Field,recover-20220922,001,1795
1032.8425,1032.8827,68437,81580,Rhinolophus ferrumequinum,0.024,0.024,-1,Echolocation,/mnt/ubna_data_02_mir/recover-20220922/UBNA_001/20220921_090000.WAV,Telephone Field,recover-20220922,001,1795
1032.8495,1032.8912,68437,81851,Rhinolophus ferrumequinum,0.022,0.022,-1,Echolocation,/mnt/ubna_data_02_mir/recover-20220922/UBNA_001/20220921_090000.WAV,Telephone Field,recover-20220922,001,1795
1032.9285,1032.9372,28046,38608,Eptesicus serotinus,0.008,0.021,-1,Echolocation,/mnt/ubna_data_02_mir/recover-20220922/UBNA_001/20220921_090000.WAV,Telephone Field,recover-20220922,001,1795
1032.9465,1032.9539,27187,40121,Eptesicus serotinus,0.007,0.022,-1,Echolocation,/mnt/ubna_data_02_mir/recover-20220922/UBNA_001/20220921_090000.WAV,Telephone Field,recover-20220922,001,1795
1032.9475,1032.9549,36640,45432,Barbastellus barbastellus,0.007,0.023,-1,Echolocation,/mnt/ubna_data_02_mir/recover-20220922/UBNA_001/20220921_090000.WAV,Telephone Field,recover-20220922,001,1795
1032.9845,1033.024,68437,82365,Rhinolophus ferrumequinum,0.022,0.022,-1,Echolocation,/mnt/ubna_data_02_mir/recover-20220922/UBNA_001/20220921_090000.WAV,Telephone Field,recover-20220922,001,1795
1033.0195,1033.0285,25468,33976,Eptesicus serotinus,0.007,0.023,-1,Echolocation,/mnt/ubna_data_02_mir/recover-20220922/UBNA_001/20220921_090000.WAV,Telephone Field,recover-20220922,001,1795
1033.0415,1033.0548,54687,59040,Pipistrellus pygmaeus,0.037,0.043,-1,Echolocation,/mnt/ubna_data_02_mir/recover-20220922/UBNA_001/20220921_090000.WAV,Telephone Field,recover-20220922,001,1795
1033.0965,1033.135,68437,81571,Rhinolophus ferrumequinum,0.023,0.023,-1,Echolocation,/mnt/ubna_data_02_mir/recover-20220922/UBNA_001/20220921_090000.WAV,Telephone Field,recover-20220922,001,1795
1033.1155,1033.1566,68437,82674,Rhinolophus ferrumequinum,0.028,0.028,-1,Echolocation,/mnt/ubna_data_02_mir/recover-20220922/UBNA_001/20220921_090000.WAV,Telephone Field,recover-20220922,001,1795
1033.1215,1033.1309,28046,37101,Eptesicus serotinus,0.01,0.024,-1,Echolocation,/mnt/ubna_data_02_mir/recover-20220922/UBNA_001/20220921_090000.WAV,Telephone Field,recover-20220922,001,1795
1033.1755,1033.2168,68437,82520,Rhinolophus ferrumequinum,0.021,0.021,-1,Echolocation,/mnt/ubna_data_02_mir/recover-20220922/UBNA_001/20220921_090000.WAV,Telephone Field,recover-20220922,001,1795
1033.1925,1033.2295,68437,81568,Rhinolophus ferrumequinum,0.022,0.022,-1,Echolocation,/mnt/ubna_data_02_mir/recover-20220922/UBNA_001/20220921_090000.WAV,Telephone Field,recover-20220922,001,1795
1033.2105,1033.22,28046,37502,Eptesicus serotinus,0.008,0.021,-1,Echolocation,/mnt/ubna_data_02_mir/recover-20220922/UBNA_001/20220921_090000.WAV,Telephone Field,recover-20220922,001,1795
1033.2255,1033.2679,68437,82943,Rhinolophus ferrumequinum,0.03,0.03,-1,Echolocation,/mnt/ubna_data_02_mir/recover-20220922/UBNA_001/20220921_090000.WAV,Telephone Field,recover-20220922,001,1795
1033.2685,1033.3071,68437,81379,Rhinolophus ferrumequinum,0.021,0.022,-1,Echolocation,/mnt/ubna_data_02_mir/recover-20220922/UBNA_001/20220921_090000.WAV,Telephone Field,recover-20220922,001,1795
1033.2735,1033.3115,68437,81197,Rhinolophus ferrumequinum,0.021,0.021,-1,Echolocation,/mnt/ubna_data_02_mir/recover-20220922/UBNA_001/20220921_090000.WAV,Telephone Field,recover-20220922,001,1795
1033.2905,1033.2989,28046,40354,Eptesicus serotinus,0.009,0.024,-1,Echolocation,/mnt/ubna_data_02_mir/recover-20220922/UBNA_001/20220921_090000.WAV,Telephone Field,recover-20220922,001,1795
1033.2985,1033.3067,27187,38421,Eptesicus serotinus,0.008,0.022,-1,Echolocation,/mnt/ubna_data_02_mir/recover-20220922/UBNA_001/20220921_090000.WAV,Telephone Field,recover-20220922,001,1795
1033.3165,1033.354,68437,82257,Rhinolophus ferrumequinum,0.024,0.024,-1,Echolocation,/mnt/ubna_data_02_mir/recover-20220922/UBNA_001/20220921_090000.WAV,Telephone Field,recover-20220922,001,1795
1033.3265,1033.3638,68437,81710,Rhinolophus ferrumequinum,0.022,0.022,-1,Echolocation,/mnt/ubna_data_02_mir/recover-20220922/UBNA_001/20220921_090000.WAV,Telephone Field,recover-20220922,001,1795
1033.3595,1033.3667,28046,40168,Eptesicus serotinus,0.008,0.026,-1,Echolocation,/mnt/ubna_data_02_mir/recover-20220922/UBNA_001/20220921_090000.WAV,Telephone Field,recover-20220922,001,1795
1033.3925,1033.4047,30625,38278,Eptesicus serotinus,0.028,0.048,-1,Echolocation,/mnt/ubna_data_02_mir/recover-20220922/UBNA_001/20220921_090000.WAV,Telephone Field,recover-20220922,001,1795
1033.3975,1033.4355,68437,81955,Rhinolophus ferrumequinum,0.022,0.022,-1,Echolocation,/mnt/ubna_data_02_mir/recover-20220922/UBNA_001/20220921_090000.WAV,Telephone Field,recover-20220922,001,1795
1033.4155,1033.4549,68437,81688,Rhinolophus ferrumequinum,0.022,0.022,-1,Echolocation,/mnt/ubna_data_02_mir/recover-20220922/UBNA_001/20220921_090000.WAV,Telephone Field,recover-20220922,001,1795
1033.4805,1033.4884,28046,39161,Eptesicus serotinus,0.009,0.023,-1,Echolocation,/mnt/ubna_data_02_mir/recover-20220922/UBNA_001/20220921_090000.WAV,Telephone Field,recover-20220922,001,1795
1033.5035,1033.5424,68437,82596,Rhinolophus ferrumequinum,0.024,0.024,-1,Echolocation,/mnt/ubna_data_02_mir/recover-20220922/UBNA_001/20220921_090000.WAV,Telephone Field,recover-20220922,001,1795
1033.5135,1033.5193,28046,39853,Plecotus auritus,0.009,0.031,-1,Echolocation,/mnt/ubna_data_02_mir/recover-20220922/UBNA_001/20220921_090000.WAV,Telephone Field,recover-20220922,001,1795
1033.5135,1033.5553,68437,82745,Rhinolophus ferrumequinum,0.025,0.025,-1,Echolocation,/mnt/ubna_data_02_mir/recover-20220922/UBNA_001/20220921_090000.WAV,Telephone Field,recover-20220922,001,1795
1033.5145,1033.524,22031,28710,Plecotus austriacus,0.013,0.032,-1,Echolocation,/mnt/ubna_data_02_mir/recover-20220922/UBNA_001/20220921_090000.WAV,Telephone Field,recover-20220922,001,1795
1033.5515,1033.5622,23750,28950,Nyctalus leisleri,0.009,0.021,-1,Echolocation,/mnt/ubna_data_02_mir/recover-20220922/UBNA_001/20220921_090000.WAV,Telephone Field,recover-20220922,001,1795
1033.5575,1033.5994,68437,82680,Rhinolophus ferrumequinum,0.028,0.028,-1,Echolocation,/mnt/ubna_data_02_mir/recover-20220922/UBNA_001/20220921_090000.WAV,Telephone Field,recover-20220922,001,1795
1033.5705,1033.6115,68437,83087,Rhinolophus ferrumequinum,0.027,0.027,-1,Echolocation,/mnt/ubna_data_02_mir/recover-20220922/UBNA_001/20220921_090000.WAV,Telephone Field,recover-20220922,001,1795
1033.5965,1033.6317,68437,81614,Rhinolophus ferrumequinum,0.022,0.022,-1,Echolocation,/mnt/ubna_data_02_mir/recover-20220922/UBNA_001/20220921_090000.WAV,Telephone Field,recover-20220922,001,1795
1033.6445,1033.6816,68437,82003,Rhinolophus ferrumequinum,0.021,0.021,-1,Echolocation,/mnt/ubna_data_02_mir/recover-20220922/UBNA_001/20220921_090000.WAV,Telephone Field,recover-20220922,001,1795
1033.6575,1033.697,68437,82719,Rhinolophus ferrumequinum,0.03,0.03,-1,Echolocation,/mnt/ubna_data_02_mir/recover-20220922/UBNA_001/20220921_090000.WAV,Telephone Field,recover-20220922,001,1795
1033.6895,1033.7276,68437,82337,Rhinolophus ferrumequinum,0.022,0.022,-1,Echolocation,/mnt/ubna_data_02_mir/recover-20220922/UBNA_001/20220921_090000.WAV,Telephone Field,recover-20220922,001,1795
1033.7025,1033.7432,68437,82348,Rhinolophus ferrumequinum,0.022,0.022,-1,Echolocation,/mnt/ubna_data_02_mir/recover-20220922/UBNA_001/20220921_090000.WAV,Telephone Field,recover-20220922,001,1795
1033.7125,1033.7521,68437,82556,Rhinolophus ferrumequinum,0.025,0.025,-1,Echolocation,/mnt/ubna_data_02_mir/recover-20220922/UBNA_001/20220921_090000.WAV,Telephone Field,recover-20220922,001,1795
1033.7725,1033.8121,68437,82285,Rhinolophus ferrumequinum,0.025,0.025,-1,Echolocation,/mnt/ubna_data_02_mir/recover-20220922/UBNA_001/20220921_090000.WAV,Telephone Field,recover-20220922,001,1795
1033.8085,1033.8483,68437,81680,Rhinolophus ferrumequinum,0.026,0.026,-1,Echolocation,/mnt/ubna_data_02_mir/recover-20220922/UBNA_001/20220921_090000.WAV,Telephone Field,recover-20220922,001,1795
1033.8255,1033.8605,68437,81394,Rhinolophus ferrumequinum,0.022,0.022,-1,Echolocation,/mnt/ubna_data_02_mir/recover-20220922/UBNA_001/20220921_090000.WAV,Telephone Field,recover-20220922,001,1795
1033.8745,1033.8847,54687,58808,Pipistrellus pygmaeus,0.027,0.029,-1,Echolocation,/mnt/ubna_data_02_mir/recover-20220922/UBNA_001/20220921_090000.WAV,Telephone Field,recover-20220922,001,1795
1033.8975,1033.9077,23750,30261,Nyctalus leisleri,0.008,0.023,-1,Echolocation,/mnt/ubna_data_02_mir/recover-20220922/UBNA_001/20220921_090000.WAV,Telephone Field,recover-20220922,001,1795
1033.9555,1033.992,68437,82435,Rhinolophus ferrumequinum,0.021,0.021,-1,Echolocation,/mnt/ubna_data_02_mir/recover-20220922/UBNA_001/20220921_090000.WAV,Telephone Field,recover-20220922,001,1795
1033.9825,1033.9892,23750,34111,Plecotus austriacus,0.022,0.041,-1,Echolocation,/mnt/ubna_data_02_mir/recover-20220922/UBNA_001/20220921_090000.WAV,Telephone Field,recover-20220922,001,1795
1034.0015,1034.0072,49531,55303,Pipistrellus pipistrellus,0.017,0.023,-1,Echolocation,/mnt/ubna_data_02_mir/recover-20220922/UBNA_001/20220921_090000.WAV,Telephone Field,recover-20220922,001,1795
1034.0015,1034.0157,17734,22796,Nyctalus noctula,0.012,0.026,-1,Echolocation,/mnt/ubna_data_02_mir/recover-20220922/UBNA_001/20220921_090000.WAV,Telephone Field,recover-20220922,001,1795
1034.0015,1034.0344,68437,80156,Rhinolophus ferrumequinum,0.029,0.03,-1,Echolocation,/mnt/ubna_data_02_mir/recover-20220922/UBNA_001/20220921_090000.WAV,Telephone Field,recover-20220922,001,1795
1034.0085,1034.0531,68437,82270,Rhinolophus ferrumequinum,0.025,0.025,-1,Echolocation,/mnt/ubna_data_02_mir/recover-20220922/UBNA_001/20220921_090000.WAV,Telephone Field,recover-20220922,001,1795
1034.0155,1034.0234,28046,38697,Eptesicus serotinus,0.01,0.027,-1,Echolocation,/mnt/ubna_data_02_mir/recover-20220922/UBNA_001/20220921_090000.WAV,Telephone Field,recover-20220922,001,1795
1034.0225,1034.0311,28906,37087,Eptesicus serotinus,0.012,0.028,-1,Echolocation,/mnt/ubna_data_02_mir/recover-20220922/UBNA_001/20220921_090000.WAV,Telephone Field,recover-20220922,001,1795
1034.0445,1034.0827,68437,82159,Rhinolophus ferrumequinum,0.026,0.026,-1,Echolocation,/mnt/ubna_data_02_mir/recover-20220922/UBNA_001/20220921_090000.WAV,Telephone Field,recover-20220922,001,1795
1034.0675,1034.0759,23750,31449,Plecotus austriacus,0.01,0.027,-1,Echolocation,/mnt/ubna_data_02_mir/recover-20220922/UBNA_001/20220921_090000.WAV,Telephone Field,recover-20220922,001,1795
1034.0895,1034.1,23750,29979,Nyctalus leisleri,0.009,0.024,-1,Echolocation,/mnt/ubna_data_02_mir/recover-20220922/UBNA_001/20220921_090000.WAV,Telephone Field,recover-20220922,001,1795
1034.1365,1034.1772,68437,82191,Rhinolophus ferrumequinum,0.027,0.027,-1,Echolocation,/mnt/ubna_data_02_mir/recover-20220922/UBNA_001/20220921_090000.WAV,Telephone Field,recover-20220922,001,1795
1034.1455,1034.1877,68437,82905,Rhinolophus ferrumequinum,0.028,0.028,-1,Echolocation,/mnt/ubna_data_02_mir/recover-20220922/UBNA_001/20220921_090000.WAV,Telephone Field,recover-20220922,001,1795
1034.1505,1034.162,22890,27590,Nyctalus leisleri,0.012,0.023,-1,Echolocation,/mnt/ubna_data_02_mir/recover-20220922/UBNA_001/20220921_090000.WAV,Telephone Field,recover-20220922,001,1795
1034.1925,1034.234,68437,83036,Rhinolophus ferrumequinum,0.022,0.022,-1,Echolocation,/mnt/ubna_data_02_mir/recover-20220922/UBNA_001/20220921_090000.WAV,Telephone Field,recover-20220922,001,1795
1034.2075,1034.218,22031,26257,Nyctalus leisleri,0.011,0.022,-1,Echolocation,/mnt/ubna_data_02_mir/recover-20220922/UBNA_001/20220921_090000.WAV,Telephone Field,recover-20220922,001,1795
1034.2175,1034.2541,68437,81801,Rhinolophus ferrumequinum,0.022,0.022,-1,Echolocation,/mnt/ubna_data_02_mir/recover-20220922/UBNA_001/20220921_090000.WAV,Telephone Field,recover-20220922,001,1795
1034.2345,1034.2426,24609,31973,Eptesicus serotinus,0.006,0.022,-1,Echolocation,/mnt/ubna_data_02_mir/recover-20220922/UBNA_001/20220921_090000.WAV,Telephone Field,recover-20220922,001,1795
1034.2405,1034.2774,68437,81625,Rhinolophus ferrumequinum,0.022,0.022,-1,Echolocation,/mnt/ubna_data_02_mir/recover-20220922/UBNA_001/20220921_090000.WAV,Telephone Field,recover-20220922,001,1795
1034.2505,1034.2922,68437,81951,Rhinolophus ferrumequinum,0.022,0.022,-1,Echolocation,/mnt/ubna_data_02_mir/recover-20220922/UBNA_001/20220921_090000.WAV,Telephone Field,recover-20220922,001,1795
1034.2935,1034.3077,51250,55911,Pipistrellus pipistrellus,0.015,0.025,-1,Echolocation,/mnt/ubna_data_02_mir/recover-20220922/UBNA_001/20220921_090000.WAV,Telephone Field,recover-20220922,001,1795
1034.2985,1034.3343,68437,81550,Rhinolophus ferrumequinum,0.023,0.023,-1,Echolocation,/mnt/ubna_data_02_mir/recover-20220922/UBNA_001/20220921_090000.WAV,Telephone Field,recover-20220922,001,1795
1034.2995,1034.3098,22031,27788,Nyctalus leisleri,0.009,0.023,-1,Echolocation,/mnt/ubna_data_02_mir/recover-20220922/UBNA_001/20220921_090000.WAV,Telephone Field,recover-20220922,001,1795
1034.3105,1034.35,68437,82069,Rhinolophus ferrumequinum,0.023,0.023,-1,Echolocation,/mnt/ubna_data_02_mir/recover-20220922/UBNA_001/20220921_090000.WAV,Telephone Field,recover-20220922,001,1795
1034.3235,1034.3311,26328,35856,Eptesicus serotinus,0.009,0.026,-1,Echolocation,/mnt/ubna_data_02_mir/recover-20220922/UBNA_001/20220921_090000.WAV,Telephone Field,recover-20220922,001,1795
1034.3525,1034.395,68437,82732,Rhinolophus ferrumequinum,0.025,0.025,-1,Echolocation,/mnt/ubna_data_02_mir/recover-20220922/UBNA_001/20220921_090000.WAV,Telephone Field,recover-20220922,001,1795
1034.3605,1034.4047,68437,83104,Rhinolophus ferrumequinum,0.03,0.03,-1,Echolocation,/mnt/ubna_data_02_mir/recover-20220922/UBNA_001/20220921_090000.WAV,Telephone Field,recover-20220922,001,1795
1034.3755,1034.3831,28046,39983,Eptesicus serotinus,0.007,0.023,-1,Echolocation,/mnt/ubna_data_02_mir/recover-20220922/UBNA_001/20220921_090000.WAV,Telephone Field,recover-20220922,001,1795
1034.4095,1034.4167,23750,33013,Plecotus austriacus,0.013,0.029,-1,Echolocation,/mnt/ubna_data_02_mir/recover-20220922/UBNA_001/20220921_090000.WAV,Telephone Field,recover-20220922,001,1795
1034.4435,1034.4838,68437,82491,Rhinolophus ferrumequinum,0.03,0.03,-1,Echolocation,/mnt/ubna_data_02_mir/recover-20220922/UBNA_001/20220921_090000.WAV,Telephone Field,recover-20220922,001,1795
1034.4505,1034.4584,28046,37810,Eptesicus serotinus,0.01,0.025,-1,Echolocation,/mnt/ubna_data_02_mir/recover-20220922/UBNA_001/20220921_090000.WAV,Telephone Field,recover-20220922,001,1795
1034.4525,1034.4926,68437,82289,Rhinolophus ferrumequinum,0.022,0.022,-1,Echolocation,/mnt/ubna_data_02_mir/recover-20220922/UBNA_001/20220921_090000.WAV,Telephone Field,recover-20220922,001,1795
1034.4785,1034.5201,68437,82277,Rhinolophus ferrumequinum,0.029,0.029,-1,Echolocation,/mnt/ubna_data_02_mir/recover-20220922/UBNA_001/20220921_090000.WAV,Telephone Field,recover-20220922,001,1795
1034.4795,1034.4854,40078,50610,Myotis daubentonii,0.008,0.022,-1,Echolocation,/mnt/ubna_data_02_mir/recover-20220922/UBNA_001/20220921_090000.WAV,Telephone Field,recover-20220922,001,1795
1034.4995,1034.54,68437,82294,Rhinolophus ferrumequinum,0.023,0.023,-1,Echolocation,/mnt/ubna_data_02_mir/recover-20220922/UBNA_001/20220921_090000.WAV,Telephone Field,recover-20220922,001,1795
1034.5075,1034.5464,68437,82664,Rhinolophus ferrumequinum,0.023,0.023,-1,Echolocation,/mnt/ubna_data_02_mir/recover-20220922/UBNA_001/20220921_090000.WAV,Telephone Field,recover-20220922,001,1795
1034.5345,1034.5735,68437,82888,Rhinolophus ferrumequinum,0.025,0.025,-1,Echolocation,/mnt/ubna_data_02_mir/recover-20220922/UBNA_001/20220921_090000.WAV,Telephone Field,recover-20220922,001,1795
1034.5425,1034.5512,23750,31804,Plecotus austriacus,0.008,0.025,-1,Echolocation,/mnt/ubna_data_02_mir/recover-20220922/UBNA_001/20220921_090000.WAV,Telephone Field,recover-20220922,001,1795
1034.5565,1034.5719,22031,25820,Nyctalus leisleri,0.015,0.028,-1,Echolocation,/mnt/ubna_data_02_mir/recover-20220922/UBNA_001/20220921_090000.WAV,Telephone Field,recover-20220922,001,1795
1034.6075,1034.6449,68437,81812,Rhinolophus ferrumequinum,0.024,0.024,-1,Echolocation,/mnt/ubna_data_02_mir/recover-20220922/UBNA_001/20220921_090000.WAV,Telephone Field,recover-20220922,001,1795
1034.6155,1034.6254,24609,31369,Eptesicus serotinus,0.009,0.025,-1,Echolocation,/mnt/ubna_data_02_mir/recover-20220922/UBNA_001/20220921_090000.WAV,Telephone Field,recover-20220922,001,1795
1034.6655,1034.7075,68437,83045,Rhinolophus ferrumequinum,0.04,0.04,-1,Echolocation,/mnt/ubna_data_02_mir/recover-20220922/UBNA_001/20220921_090000.WAV,Telephone Field,recover-20220922,001,1795
1034.6955,1034.7354,68437,82053,Rhinolophus ferrumequinum,0.022,0.022,-1,Echolocation,/mnt/ubna_data_02_mir/recover-20220922/UBNA_001/20220921_090000.WAV,Telephone Field,recover-20220922,001,1795
1034.7145,1034.7236,24609,30320,Nyctalus leisleri,0.008,0.022,-1,Echolocation,/mnt/ubna_data_02_mir/recover-20220922/UBNA_001/20220921_090000.WAV,Telephone Field,recover-20220922,001,1795
1034.7335,1034.7744,68437,83039,Rhinolophus ferrumequinum,0.034,0.034,-1,Echolocation,/mnt/ubna_data_02_mir/recover-20220922/UBNA_001/20220921_090000.WAV,Telephone Field,recover-20220922,001,1795
1034.7415,1034.7819,68437,82773,Rhinolophus ferrumequinum,0.026,0.026,-1,Echolocation,/mnt/ubna_data_02_mir/recover-20220922/UBNA_001/20220921_090000.WAV,Telephone Field,recover-20220922,001,1795
1034.7575,1034.7985,68437,82403,Rhinolophus ferrumequinum,0.024,0.024,-1,Echolocation,/mnt/ubna_data_02_mir/recover-20220922/UBNA_001/20220921_090000.WAV,Telephone Field,recover-20220922,001,1795
1034.7675,1034.8103,68437,82917,Rhinolophus ferrumequinum,0.023,0.023,-1,Echolocation,/mnt/ubna_data_02_mir/recover-20220922/UBNA_001/20220921_090000.WAV,Telephone Field,recover-20220922,001,1795
1034.7905,1034.8117,19453,21881,Nyctalus leisleri,0.013,0.027,-1,Echolocation,/mnt/ubna_data_02_mir/recover-20220922/UBNA_001/20220921_090000.WAV,Telephone Field,recover-20220922,001,1795
1034.7945,1034.8347,68437,82491,Rhinolophus ferrumequinum,0.022,0.022,-1,Echolocation,/mnt/ubna_data_02_mir/recover-20220922/UBNA_001/20220921_090000.WAV,Telephone Field,recover-20220922,001,1795
1034.7965,1034.8168,18593,21294,Nyctalus noctula,0.013,0.025,-1,Echolocation,/mnt/ubna_data_02_mir/recover-20220922/UBNA_001/20220921_090000.WAV,Telephone Field,recover-20220922,001,1795
1034.8015,1034.8443,68437,82714,Rhinolophus ferrumequinum,0.024,0.024,-1,Echolocation,/mnt/ubna_data_02_mir/recover-20220922/UBNA_001/20220921_090000.WAV,Telephone Field,recover-20220922,001,1795
1034.8055,1034.8149,28906,37900,Eptesicus serotinus,0.008,0.022,-1,Echolocation,/mnt/ubna_data_02_mir/recover-20220922/UBNA_001/20220921_090000.WAV,Telephone Field,recover-20220922,001,1795
1034.8315,1034.8462,28906,33942,Eptesicus serotinus,0.037,0.058,-1,Echolocation,/mnt/ubna_data_02_mir/recover-20220922/UBNA_001/20220921_090000.WAV,Telephone Field,recover-20220922,001,1795
1034.8375,1034.8775,68437,81699,Rhinolophus ferrumequinum,0.022,0.022,-1,Echolocation,/mnt/ubna_data_02_mir/recover-20220922/UBNA_001/20220921_090000.WAV,Telephone Field,recover-20220922,001,1795
1034.9005,1034.9391,68437,82210,Rhinolophus ferrumequinum,0.023,0.023,-1,Echolocation,/mnt/ubna_data_02_mir/recover-20220922/UBNA_001/20220921_090000.WAV,Telephone Field,recover-20220922,001,1795
1034.9425,1034.9832,68437,82364,Rhinolophus ferrumequinum,0.025,0.025,-1,Echolocation,/mnt/ubna_data_02_mir/recover-20220922/UBNA_001/20220921_090000.WAV,Telephone Field,recover-20220922,001,1795
1034.9765,1034.9873,37500,42064,Pipistrellus nathusii,0.015,0.029,-1,Echolocation,/mnt/ubna_data_02_mir/recover-20220922/UBNA_001/20220921_090000.WAV,Telephone Field,recover-20220922,001,1795
1034.9835,1034.9932,28906,37235,Eptesicus serotinus,0.011,0.027,-1,Echolocation,/mnt/ubna_data_02_mir/recover-20220922/UBNA_001/20220921_090000.WAV,Telephone Field,recover-20220922,001,1795
1034.9855,1035.0247,68437,81733,Rhinolophus ferrumequinum,0.028,0.028,-1,Echolocation,/mnt/ubna_data_02_mir/recover-20220922/UBNA_001/20220921_090000.WAV,Telephone Field,recover-20220922,001,1795
1035.0115,1035.0209,29765,38818,Eptesicus serotinus,0.013,0.031,-1,Echolocation,/mnt/ubna_data_02_mir/recover-20220922/UBNA_001/20220921_090000.WAV,Telephone Field,recover-20220922,001,1795
1035.0415,1035.0809,68437,82046,Rhinolophus ferrumequinum,0.023,0.023,-1,Echolocation,/mnt/ubna_data_02_mir/recover-20220922/UBNA_001/20220921_090000.WAV,Telephone Field,recover-20220922,001,1795
1035.0545,1035.0656,23750,29783,Nyctalus leisleri,0.01,0.023,-1,Echolocation,/mnt/ubna_data_02_mir/recover-20220922/UBNA_001/20220921_090000.WAV,Telephone Field,recover-20220922,001,1795
1035.1315,1035.1416,23750,30301,Nyctalus leisleri,0.008,0.024,-1,Echolocation,/mnt/ubna_data_02_mir/recover-20220922/UBNA_001/20220921_090000.WAV,Telephone Field,recover-20220922,001,1795
1035.1355,1035.1729,68437,82147,Rhinolophus ferrumequinum,0.023,0.023,-1,Echolocation,/mnt/ubna_data_02_mir/recover-20220922/UBNA_001/20220921_090000.WAV,Telephone Field,recover-20220922,001,1795
1035.1755,1035.1853,28046,34889,Eptesicus serotinus,0.016,0.031,-1,Echolocation,/mnt/ubna_data_02_mir/recover-20220922/UBNA_001/20220921_090000.WAV,Telephone Field,recover-20220922,001,1795
1035.1765,1035.2141,68437,81383,Rhinolophus ferrumequinum,0.024,0.024,-1,Echolocation,/mnt/ubna_data_02_mir/recover-20220922/UBNA_001/20220921_090000.WAV,Telephone Field,recover-20220922,001,1795
1035.1775,1035.1865,14296,21729,Nyctalus noctula,0.027,0.051,-1,Echolocation,/mnt/ubna_data_02_mir/recover-20220922/UBNA_001/20220921_090000.WAV,Telephone Field,recover-20220922,001,1795
1035.2035,1035.2413,68437,82431,Rhinolophus ferrumequinum,0.022,0.022,-1,Echolocation,/mnt/ubna_data_02_mir/recover-20220922/UBNA_001/20220921_090000.WAV,Telephone Field,recover-20220922,001,1795
1035.2065,1035.2195,44375,47586,Pipistrellus pipistrellus,0.023,0.028,-1,Echolocation,/mnt/ubna_data_02_mir/recover-20220922/UBNA_001/20220921_090000.WAV,Telephone Field,recover-20220922,001,1795
1035.2355,1035.2722,68437,81320,Rhinolophus ferrumequinum,0.024,0.024,-1,Echolocation,/mnt/ubna_data_02_mir/recover-20220922/UBNA_001/20220921_090000.WAV,Telephone Field,recover-20220922,001,1795
1035.2955,1035.3367,68437,82808,Rhinolophus ferrumequinum,0.03,0.03,-1,Echolocation,/mnt/ubna_data_02_mir/recover-20220922/UBNA_001/20220921_090000.WAV,Telephone Field,recover-20220922,001,1795
1035.3855,1035.4018,20312,23663,Nyctalus leisleri,0.014,0.024,-1,Echolocation,/mnt/ubna_data_02_mir/recover-20220922/UBNA_001/20220921_090000.WAV,Telephone Field,recover-20220922,001,1795
1035.4085,1035.4474,68437,81464,Rhinolophus ferrumequinum,0.023,0.023,-1,Echolocation,/mnt/ubna_data_02_mir/recover-20220922/UBNA_001/20220921_090000.WAV,Telephone Field,recover-20220922,001,1795
1035.4155,1035.4549,68437,82188,Rhinolophus ferrumequinum,0.022,0.022,-1,Echolocation,/mnt/ubna_data_02_mir/recover-20220922/UBNA_001/20220921_090000.WAV,Telephone Field,recover-20220922,001,1795
1035.4545,1035.495,68437,82855,Rhinolophus ferrumequinum,0.025,0.025,-1,Echolocation,/mnt/ubna_data_02_mir/recover-20220922/UBNA_001/20220921_090000.WAV,Telephone Field,recover-20220922,001,1795
1035.5045,1035.5154,22890,28121,Nyctalus leisleri,0.012,0.025,-1,Echolocation,/mnt/ubna_data_02_mir/recover-20220922/UBNA_001/20220921_090000.WAV,Telephone Field,recover-20220922,001,1795
1035.5095,1035.5489,68437,82020,Rhinolophus ferrumequinum,0.022,0.022,-1,Echolocation,/mnt/ubna_data_02_mir/recover-20220922/UBNA_001/20220921_090000.WAV,Telephone Field,recover-20220922,001,1795
1035.5195,1035.5252,24609,34850,Plecotus austriacus,0.019,0.037,-1,Echolocation,/mnt/ubna_data_02_mir/recover-20220922/UBNA_001/20220921_090000.WAV,Telephone Field,recover-20220922,001,1795
1035.5225,1035.5565,68437,80399,Rhinolophus ferrumequinum,0.026,0.026,-1,Echolocation,/mnt/ubna_data_02_mir/recover-20220922/UBNA_001/20220921_090000.WAV,Telephone Field,recover-20220922,001,1795
1035.5355,1035.5718,68437,81404,Rhinolophus ferrumequinum,0.022,0.022,-1,Echolocation,/mnt/ubna_data_02_mir/recover-20220922/UBNA_001/20220921_090000.WAV,Telephone Field,recover-20220922,001,1795
1035.5825,1035.6227,68437,82573,Rhinolophus ferrumequinum,0.024,0.024,-1,Echolocation,/mnt/ubna_data_02_mir/recover-20220922/UBNA_001/20220921_090000.WAV,Telephone Field,recover-20220922,001,1795
1035.5905,1035.6292,68437,82047,Rhinolophus ferrumequinum,0.022,0.022,-1,Echolocation,/mnt/ubna_data_02_mir/recover-20220922/UBNA_001/20220921_090000.WAV,Telephone Field,recover-20220922,001,1795
1035.6045,1035.6137,24609,31513,Nyctalus leisleri,0.007,0.022,-1,Echolocation,/mnt/ubna_data_02_mir/recover-20220922/UBNA_001/20220921_090000.WAV,Telephone Field,recover-20220922,001,1795
1035.6095,1035.6196,23750,29706,Nyctalus leisleri,0.009,0.022,-1,Echolocation,/mnt/ubna_data_02_mir/recover-20220922/UBNA_001/20220921_090000.WAV,Telephone Field,recover-20220922,001,1795
1035.6395,1035.677,68437,82104,Rhinolophus ferrumequinum,0.023,0.023,-1,Echolocation,/mnt/ubna_data_02_mir/recover-20220922/UBNA_001/20220921_090000.WAV,Telephone Field,recover-20220922,001,1795
1035.6775,1035.7161,68437,82158,Rhinolophus ferrumequinum,0.022,0.022,-1,Echolocation,/mnt/ubna_data_02_mir/recover-20220922/UBNA_001/20220921_090000.WAV,Telephone Field,recover-20220922,001,1795
1035.7345,1035.7428,28046,38274,Eptesicus serotinus,0.008,0.022,-1,Echolocation,/mnt/ubna_data_02_mir/recover-20220922/UBNA_001/20220921_090000.WAV,Telephone Field,recover-20220922,001,1795
1035.7715,1035.8129,68437,82643,Rhinolophus ferrumequinum,0.035,0.035,-1,Echolocation,/mnt/ubna_data_02_mir/recover-20220922/UBNA_001/20220921_090000.WAV,Telephone Field,recover-20220922,001,1795
1035.7745,1035.7846,28906,36014,Eptesicus serotinus,0.009,0.023,-1,Echolocation,/mnt/ubna_data_02_mir/recover-20220922/UBNA_001/20220921_090000.WAV,Telephone Field,recover-20220922,001,1795
1035.8215,1035.8645,68437,83146,Rhinolophus ferrumequinum,0.062,0.062,-1,Echolocation,/mnt/ubna_data_02_mir/recover-20220922/UBNA_001/20220921_090000.WAV,Telephone Field,recover-20220922,001,1795
1035.8715,1035.9063,68437,81623,Rhinolophus ferrumequinum,0.023,0.023,-1,Echolocation,/mnt/ubna_data_02_mir/recover-20220922/UBNA_001/20220921_090000.WAV,Telephone Field,recover-20220922,001,1795
1035.8875,1035.9273,68437,82933,Rhinolophus ferrumequinum,0.022,0.022,-1,Echolocation,/mnt/ubna_data_02_mir/recover-20220922/UBNA_001/20220921_090000.WAV,Telephone Field,recover-20220922,001,1795
1035.9025,1035.9132,22890,27268,Nyctalus leisleri,0.013,0.023,-1,Echolocation,/mnt/ubna_data_02_mir/recover-20220922/UBNA_001/20220921_090000.WAV,Telephone Field,recover-20220922,001,1795
1035.9115,1035.9462,68437,81532,Rhinolophus ferrumequinum,0.024,0.024,-1,Echolocation,/mnt/ubna_data_02_mir/recover-20220922/UBNA_001/20220921_090000.WAV,Telephone Field,recover-20220922,001,1795
1035.9545,1035.9608,51250,59788,Pipistrellus pipistrellus,0.024,0.031,-1,Echolocation,/mnt/ubna_data_02_mir/recover-20220922/UBNA_001/20220921_090000.WAV,Telephone Field,recover-20220922,001,1795
1035.9695,1035.9801,22031,26889,Nyctalus leisleri,0.011,0.025,-1,Echolocation,/mnt/ubna_data_02_mir/recover-20220922/UBNA_001/20220921_090000.WAV,Telephone Field,recover-20220922,001,1795
1036.0015,1036.0116,26328,34075,Nyctalus leisleri,0.013,0.035,-1,Echolocation,/mnt/ubna_data_02_mir/recover-20220922/UBNA_001/20220921_090000.WAV,Telephone Field,recover-20220922,001,1795
1036.0015,1036.0352,69296,80731,Rhinolophus ferrumequinum,0.044,0.045,-1,Echolocation,/mnt/ubna_data_02_mir/recover-20220922/UBNA_001/20220921_090000.WAV,Telephone Field,recover-20220922,001,1795
1036.0085,1036.0497,68437,81745,Rhinolophus ferrumequinum,0.042,0.042,-1,Echolocation,/mnt/ubna_data_02_mir/recover-20220922/UBNA_001/20220921_090000.WAV,Telephone Field,recover-20220922,001,1795
1036.0105,1036.0178,26328,37438,Eptesicus serotinus,0.006,0.021,-1,Echolocation,/mnt/ubna_data_02_mir/recover-20220922/UBNA_001/20220921_090000.WAV,Telephone Field,recover-20220922,001,1795
1036.0515,1036.0907,68437,81808,Rhinolophus ferrumequinum,0.021,0.021,-1,Echolocation,/mnt/ubna_data_02_mir/recover-20220922/UBNA_001/20220921_090000.WAV,Telephone Field,recover-20220922,001,1795
1036.0675,1036.1058,68437,82379,Rhinolophus ferrumequinum,0.021,0.021,-1,Echolocation,/mnt/ubna_data_02_mir/recover-20220922/UBNA_001/20220921_090000.WAV,Telephone Field,recover-20220922,001,1795
1036.0945,1036.1318,68437,81734,Rhinolophus ferrumequinum,0.022,0.022,-1,Echolocation,/mnt/ubna_data_02_mir/recover-20220922/UBNA_001/20220921_090000.WAV,Telephone Field,recover-20220922,001,1795
1036.1045,1036.1127,29765,38495,Eptesicus serotinus,0.009,0.026,-1,Echolocation,/mnt/ubna_data_02_mir/recover-20220922/UBNA_001/20220921_090000.WAV,Telephone Field,recover-20220922,001,1795
1036.1145,1036.1556,68437,83055,Rhinolophus ferrumequinum,0.031,0.031,-1,Echolocation,/mnt/ubna_data_02_mir/recover-20220922/UBNA_001/20220921_090000.WAV,Telephone Field,recover-20220922,001,1795
1036.1645,1036.2028,68437,82101,Rhinolophus ferrumequinum,0.033,0.033,-1,Echolocation,/mnt/ubna_data_02_mir/recover-20220922/UBNA_001/20220921_090000.WAV,Telephone Field,recover-20220922,001,1795
1036.1755,1036.1859,22890,27611,Nyctalus leisleri,0.014,0.027,-1,Echolocation,/mnt/ubna_data_02_mir/recover-20220922/UBNA_001/20220921_090000.WAV,Telephone Field,recover-20220922,001,1795
1036.1825,1036.2226,68437,82754,Rhinolophus ferrumequinum,0.026,0.026,-1,Echolocation,/mnt/ubna_data_02_mir/recover-20220922/UBNA_001/20220921_090000.WAV,Telephone Field,recover-20220922,001,1795
1036.1935,1036.2098,21171,24459,Nyctalus leisleri,0.012,0.021,-1,Echolocation,/mnt/ubna_data_02_mir/recover-20220922/UBNA_001/20220921_090000.WAV,Telephone Field,recover-20220922,001,1795
1036.1985,1036.2091,22031,27092,Nyctalus leisleri,0.009,0.021,-1,Echolocation,/mnt/ubna_data_02_mir/recover-20220922/UBNA_001/20220921_090000.WAV,Telephone Field,recover-20220922,001,1795
1036.2055,1036.2456,68437,82290,Rhinolophus ferrumequinum,0.027,0.027,-1,Echolocation,/mnt/ubna_data_02_mir/recover-20220922/UBNA_001/20220921_090000.WAV,Telephone Field,recover-20220922,001,1795
1036.2325,1036.2746,68437,82305,Rhinolophus ferrumequinum,0.023,0.023,-1,Echolocation,/mnt/ubna_data_02_mir/recover-20220922/UBNA_001/20220921_090000.WAV,Telephone Field,recover-20220922,001,1795
1036.3125,1036.3522,68437,81981,Rhinolophus ferrumequinum,0.021,0.021,-1,Echolocation,/mnt/ubna_data_02_mir/recover-20220922/UBNA_001/20220921_090000.WAV,Telephone Field,recover-20220922,001,1795
1036.3395,1036.3493,29765,38119,Eptesicus serotinus,0.011,0.027,-1,Echolocation,/mnt/ubna_data_02_mir/recover-20220922/UBNA_001/20220921_090000.WAV,Telephone Field,recover-20220922,001,1795
1036.3595,1036.3987,68437,82308,Rhinolophus ferrumequinum,0.021,0.021,-1,Echolocation,/mnt/ubna_data_02_mir/recover-20220922/UBNA_001/20220921_090000.WAV,Telephone Field,recover-20220922,001,1795
1036.3715,1036.3802,28906,36676,Eptesicus serotinus,0.009,0.023,-1,Echolocation,/mnt/ubna_data_02_mir/recover-20220922/UBNA_001/20220921_090000.WAV,Telephone Field,recover-20220922,001,1795
1036.3885,1036.4004,25468,30746,Nyctalus leisleri,0.014,0.033,-1,Echolocation,/mnt/ubna_data_02_mir/recover-20220922/UBNA_001/20220921_090000.WAV,Telephone Field,recover-20220922,001,1795
1036.3925,1036.4025,50390,55785,Pipistrellus pipistrellus,0.017,0.023,-1,Echolocation,/mnt/ubna_data_02_mir/recover-20220922/UBNA_001/20220921_090000.WAV,Telephone Field,recover-20220922,001,1795
1036.4115,1036.4497,68437,81985,Rhinolophus ferrumequinum,0.021,0.021,-1,Echolocation,/mnt/ubna_data_02_mir/recover-20220922/UBNA_001/20220921_090000.WAV,Telephone Field,recover-20220922,001,1795
1036.4415,1036.4796,68437,82628,Rhinolophus ferrumequinum,0.022,0.022,-1,Echolocation,/mnt/ubna_data_02_mir/recover-20220922/UBNA_001/20220921_090000.WAV,Telephone Field,recover-20220922,001,1795
1036.4695,1036.5116,68437,82862,Rhinolophus ferrumequinum,0.03,0.03,-1,Echolocation,/mnt/ubna_data_02_mir/recover-20220922/UBNA_001/20220921_090000.WAV,Telephone Field,recover-20220922,001,1795
1036.5335,1036.5721,68437,82689,Rhinolophus ferrumequinum,0.021,0.021,-1,Echolocation,/mnt/ubna_data_02_mir/recover-20220922/UBNA_001/20220921_090000.WAV,Telephone Field,recover-20220922,001,1795
1036.5335,1036.5473,36640,41023,Pipistrellus nathusii,0.014,0.025,-1,Echolocation,/mnt/ubna_data_02_mir/recover-20220922/UBNA_001/20220921_090000.WAV,Telephone Field,recover-20220922,001,1795
1036.5365,1036.5454,23750,31955,Plecotus austriacus,0.007,0.024,-1,Echolocation,/mnt/ubna_data_02_mir/recover-20220922/UBNA_001/20220921_090000.WAV,Telephone Field,recover-20220922,001,1795
1036.5515,1036.5935,68437,82622,Rhinolophus ferrumequinum,0.022,0.022,-1,Echolocation,/mnt/ubna_data_02_mir/recover-20220922/UBNA_001/20220921_090000.WAV,Telephone Field,recover-20220922,001,1795
1036.5605,1036.5749,57265,63546,Pipistrellus pygmaeus,0.02,0.021,-1,Echolocation,/mnt/ubna_data_02_mir/recover-20220922/UBNA_001/20220921_090000.WAV,Telephone Field,recover-20220922,001,1795
1036.6075,1036.6478,68437,81287,Rhinolophus ferrumequinum,0.024,0.024,-1,Echolocation,/mnt/ubna_data_02_mir/recover-20220922/UBNA_001/20220921_090000.WAV,Telephone Field,recover-20220922,001,1795
1036.6085,1036.616,24609,33587,Plecotus austriacus,0.007,0.021,-1,Echolocation,/mnt/ubna_data_02_mir/recover-20220922/UBNA_001/20220921_090000.WAV,Telephone Field,recover-20220922,001,1795
1036.6215,1036.6561,68437,81358,Rhinolophus ferrumequinum,0.021,0.021,-1,Echolocation,/mnt/ubna_data_02_mir/recover-20220922/UBNA_001/20220921_090000.WAV,Telephone Field,recover-20220922,001,1795
1036.6845,1036.721,68437,81800,Rhinolophus ferrumequinum,0.023,0.023,-1,Echolocation,/mnt/ubna_data_02_mir/recover-20220922/UBNA_001/20220921_090000.WAV,Telephone Field,recover-20220922,001,1795
1036.6945,1036.7362,68437,82992,Rhinolophus ferrumequinum,0.024,0.024,-1,Echolocation,/mnt/ubna_data_02_mir/recover-20220922/UBNA_001/20220921_090000.WAV,Telephone Field,recover-20220922,001,1795
1036.7345,1036.7763,68437,83254,Rhinolophus ferrumequinum,0.023,0.023,-1,Echolocation,/mnt/ubna_data_02_mir/recover-20220922/UBNA_001/20220921_090000.WAV,Telephone Field,recover-20220922,001,1795
1036.7565,1036.7638,27187,39451,Eptesicus serotinus,0.014,0.035,-1,Echolocation,/mnt/ubna_data_02_mir/recover-20220922/UBNA_001/20220921_090000.WAV,Telephone Field,recover-20220922,001,1795
1036.7655,1036.8052,68437,81884,Rhinolophus ferrumequinum,0.023,0.023,-1,Echolocation,/mnt/ubna_data_02_mir/recover-20220922/UBNA_001/20220921_090000.WAV,Telephone Field,recover-20220922,001,1795
1036.7785,1036.8175,68437,81723,Rhinolophus ferrumequinum,0.03,0.031,-1,Echolocation,/mnt/ubna_data_02_mir/recover-20220922/UBNA_001/20220921_090000.WAV,Telephone Field,recover-20220922,001,1795
1036.7945,1036.8354,68437,82840,Rhinolophus ferrumequinum,0.026,0.026,-1,Echolocation,/mnt/ubna_data_02_mir/recover-20220922/UBNA_001/20220921_090000.WAV,Telephone Field,recover-20220922,001,1795
1036.8465,1036.8863,68437,82131,Rhinolophus ferrumequinum,0.021,0.021,-1,Echolocation,/mnt/ubna_data_02_mir/recover-20220922/UBNA_001/20220921_090000.WAV,Telephone Field,recover-20220922,001,1795
1036.8545,1036.8925,68437,81990,Rhinolophus ferrumequinum,0.022,0.022,-1,Echolocation,/mnt/ubna_data_02_mir/recover-20220922/UBNA_001/20220921_090000.WAV,Telephone Field,recover-20220922,001,1795
1036.8795,1036.9193,68437,82222,Rhinolophus ferrumequinum,0.021,0.021,-1,Echolocation,/mnt/ubna_data_02_mir/recover-20220922/UBNA_001/20220921_090000.WAV,Telephone Field,recover-20220922,001,1795
1036.8815,1036.8922,28906,34522,Eptesicus serotinus,0.012,0.025,-1,Echolocation,/mnt/ubna_data_02_mir/recover-20220922/UBNA_001/20220921_090000.WAV,Telephone Field,recover-20220922,001,1795
1036.8865,1036.9267,68437,82304,Rhinolophus ferrumequinum,0.021,0.021,-1,Echolocation,/mnt/ubna_data_02_mir/recover-20220922/UBNA_001/20220921_090000.WAV,Telephone Field,recover-20220922,001,1795
1036.8985,1036.909,27187,34073,Eptesicus serotinus,0.011,0.023,-1,Echolocation,/mnt/ubna_data_02_mir/recover-20220922/UBNA_001/20220921_090000.WAV,Telephone Field,recover-20220922,001,1795
1036.9295,1036.9683,68437,82256,Rhinolophus ferrumequinum,0.022,0.022,-1,Echolocation,/mnt/ubna_data_02_mir/recover-20220922/UBNA_001/20220921_090000.WAV,Telephone Field,recover-20220922,001,1795
1036.9405,1036.9495,28906,40903,Eptesicus serotinus,0.009,0.022,-1,Echolocation,/mnt/ubna_data_02_mir/recover-20220922/UBNA_001/20220921_090000.WAV,Telephone Field,recover-20220922,001,1795
1036.9545,1036.9926,68437,81608,Rhinolophus ferrumequinum,0.022,0.022,-1,Echolocation,/mnt/ubna_data_02_mir/recover-20220922/UBNA_001/20220921_090000.WAV,Telephone Field,recover-20220922,001,1795
1037.0045,1037.0427,68437,81606,Rhinolophus ferrumequinum,0.022,0.022,-1,Echolocation,/mnt/ubna_data_02_mir/recover-20220922/UBNA_001/20220921_090000.WAV,Telephone Field,recover-20220922,001,1795
1037.0435,1037.0817,68437,82344,Rhinolophus ferrumequinum,0.022,0.022,-1,Echolocation,/mnt/ubna_data_02_mir/recover-20220922/UBNA_001/20220921_090000.WAV,Telephone Field,recover-20220922,001,1795
1037.0505,1037.0905,68437,83052,Rhinolophus ferrumequinum,0.026,0.026,-1,Echolocation,/mnt/ubna_data_02_mir/recover-20220922/UBNA_001/20220921_090000.WAV,Telephone Field,recover-20220922,001,1795
1037.0555,1037.0635,24609,32685,Plecotus austriacus,0.007,0.022,-1,Echolocation,/mnt/ubna_data_02_mir/recover-20220922/UBNA_001/20220921_090000.WAV,Telephone Field,recover-20220922,001,1795
1037.0645,1037.106,68437,83375,Rhinolophus ferrumequinum,0.026,0.026,-1,Echolocation,/mnt/ubna_data_02_mir/recover-20220922/UBNA_001/20220921_090000.WAV,Telephone Field,recover-20220922,001,1795
1037.0785,1037.1144,68437,81694,Rhinolophus ferrumequinum,0.024,0.024,-1,Echolocation,/mnt/ubna_data_02_mir/recover-20220922/UBNA_001/20220921_090000.WAV,Telephone Field,recover-20220922,001,1795
1037.0925,1037.1016,22890,29873,Plecotus austriacus,0.006,0.021,-1,Echolocation,/mnt/ubna_data_02_mir/recover-20220922/UBNA_001/20220921_090000.WAV,Telephone Field,recover-20220922,001,1795
1037.0945,1037.1311,68437,82334,Rhinolophus ferrumequinum,0.025,0.025,-1,Echolocation,/mnt/ubna_data_02_mir/recover-20220922/UBNA_001/20220921_090000.WAV,Telephone Field,recover-20220922,001,1795
1037.1045,1037.1128,27187,35515,Eptesicus serotinus,0.01,0.024,-1,Echolocation,/mnt/ubna_data_02_mir/recover-20220922/UBNA_001/20220921_090000.WAV,Telephone Field,recover-20220922,001,1795
1037.1195,1037.1336000000001,15156,21253,Nyctalus noctula,0.015,0.022,-1,Echolocation,/mnt/ubna_data_02_mir/recover-20220922/UBNA_001/20220921_090000.WAV,Telephone Field,recover-20220922,001,1795
1037.1415,1037.1796,68437,81580,Rhinolophus ferrumequinum,0.022,0.022,-1,Echolocation,/mnt/ubna_data_02_mir/recover-20220922/UBNA_001/20220921_090000.WAV,Telephone Field,recover-20220922,001,1795
1037.1695,1037.2098,68437,81993,Rhinolophus ferrumequinum,0.035,0.035,-1,Echolocation,/mnt/ubna_data_02_mir/recover-20220922/UBNA_001/20220921_090000.WAV,Telephone Field,recover-20220922,001,1795
1037.1705,1037.1825,34062,39657,Eptesicus serotinus,0.005,0.022,-1,Echolocation,/mnt/ubna_data_02_mir/recover-20220922/UBNA_001/20220921_090000.WAV,Telephone Field,recover-20220922,001,1795
1037.1715,1037.1802,28906,38084,Eptesicus serotinus,0.007,0.021,-1,Echolocation,/mnt/ubna_data_02_mir/recover-20220922/UBNA_001/20220921_090000.WAV,Telephone Field,recover-20220922,001,1795
1037.1875,1037.2248,68437,82227,Rhinolophus ferrumequinum,0.024,0.024,-1,Echolocation,/mnt/ubna_data_02_mir/recover-20220922/UBNA_001/20220921_090000.WAV,Telephone Field,recover-20220922,001,1795
1037.2155,1037.229,22031,25896,Nyctalus leisleri,0.017,0.029,-1,Echolocation,/mnt/ubna_data_02_mir/recover-20220922/UBNA_001/20220921_090000.WAV,Telephone Field,recover-20220922,001,1795
1037.2275,1037.2675,68437,82697,Rhinolophus ferrumequinum,0.024,0.024,-1,Echolocation,/mnt/ubna_data_02_mir/recover-20220922/UBNA_001/20220921_090000.WAV,Telephone Field,recover-20220922,001,1795
1037.2805,1037.3217,68437,82654,Rhinolophus ferrumequinum,0.027,0.027,-1,Echolocation,/mnt/ubna_data_02_mir/recover-20220922/UBNA_001/20220921_090000.WAV,Telephone Field,recover-20220922,001,1795
1037.3405,1037.3485,25468,34090,Eptesicus serotinus,0.006,0.021,-1,Echolocation,/mnt/ubna_data_02_mir/recover-20220922/UBNA_001/20220921_090000.WAV,Telephone Field,recover-20220922,001,1795
1037.3415,1037.3824,68437,82450,Rhinolophus ferrumequinum,0.024,0.024,-1,Echolocation,/mnt/ubna_data_02_mir/recover-20220922/UBNA_001/20220921_090000.WAV,Telephone Field,recover-20220922,001,1795
1037.3485,1037.3584,28906,36643,Eptesicus serotinus,0.009,0.022,-1,Echolocation,/mnt/ubna_data_02_mir/recover-20220922/UBNA_001/20220921_090000.WAV,Telephone Field,recover-20220922,001,1795
1037.4395,1037.4472,28906,40002,Eptesicus serotinus,0.007,0.022,-1,Echolocation,/mnt/ubna_data_02_mir/recover-20220922/UBNA_001/20220921_090000.WAV,Telephone Field,recover-20220922,001,1795
1037.4455,1037.4801,68437,81695,Rhinolophus ferrumequinum,0.022,0.023,-1,Echolocation,/mnt/ubna_data_02_mir/recover-20220922/UBNA_001/20220921_090000.WAV,Telephone Field,recover-20220922,001,1795
1037.4525,1037.4902,68437,81705,Rhinolophus ferrumequinum,0.021,0.022,-1,Echolocation,/mnt/ubna_data_02_mir/recover-20220922/UBNA_001/20220921_090000.WAV,Telephone Field,recover-20220922,001,1795
1037.5425,1037.5528,22890,28270,Nyctalus leisleri,0.009,0.021,-1,Echolocation,/mnt/ubna_data_02_mir/recover-20220922/UBNA_001/20220921_090000.WAV,Telephone Field,recover-20220922,001,1795
1037.5635,1037.6049,68437,82909,Rhinolophus ferrumequinum,0.024,0.024,-1,Echolocation,/mnt/ubna_data_02_mir/recover-20220922/UBNA_001/20220921_090000.WAV,Telephone Field,recover-20220922,001,1795
1037.5735,1037.5827,22031,28230,Plecotus austriacus,0.008,0.021,-1,Echolocation,/mnt/ubna_data_02_mir/recover-20220922/UBNA_001/20220921_090000.WAV,Telephone Field,recover-20220922,001,1795
1037.5895,1037.6275,68437,81489,Rhinolophus ferrumequinum,0.021,0.021,-1,Echolocation,/mnt/ubna_data_02_mir/recover-20220922/UBNA_001/20220921_090000.WAV,Telephone Field,recover-20220922,001,1795
1037.6075,1037.6468,68437,82121,Rhinolophus ferrumequinum,0.023,0.023,-1,Echolocation,/mnt/ubna_data_02_mir/recover-20220922/UBNA_001/20220921_090000.WAV,Telephone Field,recover-20220922,001,1795
1037.6165,1037.6545,68437,81665,Rhinolophus ferrumequinum,0.022,0.022,-1,Echolocation,/mnt/ubna_data_02_mir/recover-20220922/UBNA_001/20220921_090000.WAV,Telephone Field,recover-20220922,001,1795
1037.6225,1037.6596,68437,81678,Rhinolophus ferrumequinum,0.021,0.021,-1,Echolocation,/mnt/ubna_data_02_mir/recover-20220922/UBNA_001/20220921_090000.WAV,Telephone Field,recover-20220922,001,1795
1037.6235,1037.6327,25468,33974,Eptesicus serotinus,0.01,0.026,-1,Echolocation,/mnt/ubna_data_02_mir/recover-20220922/UBNA_001/20220921_090000.WAV,Telephone Field,recover-20220922,001,1795
1037.6425,1037.6788,68437,81683,Rhinolophus ferrumequinum,0.022,0.022,-1,Echolocation,/mnt/ubna_data_02_mir/recover-20220922/UBNA_001/20220921_090000.WAV,Telephone Field,recover-20220922,001,1795
1037.6865,1037.7218,68437,81743,Rhinolophus ferrumequinum,0.022,0.022,-1,Echolocation,/mnt/ubna_data_02_mir/recover-20220922/UBNA_001/20220921_090000.WAV,Telephone Field,recover-20220922,001,1795
1037.6995,1037.7339,68437,81435,Rhinolophus ferrumequinum,0.021,0.021,-1,Echolocation,/mnt/ubna_data_02_mir/recover-20220922/UBNA_001/20220921_090000.WAV,Telephone Field,recover-20220922,001,1795
1037.7075,1037.7181,22031,25674,Nyctalus leisleri,0.013,0.021,-1,Echolocation,/mnt/ubna_data_02_mir/recover-20220922/UBNA_001/20220921_090000.WAV,Telephone Field,recover-20220922,001,1795
1037.7335,1037.7729,68437,82735,Rhinolophus ferrumequinum,0.022,0.022,-1,Echolocation,/mnt/ubna_data_02_mir/recover-20220922/UBNA_001/20220921_090000.WAV,Telephone Field,recover-20220922,001,1795
1037.8055,1037.8163,27187,35919,Eptesicus serotinus,0.014,0.028,-1,Echolocation,/mnt/ubna_data_02_mir/recover-20220922/UBNA_001/20220921_090000.WAV,Telephone Field,recover-20220922,001,1795
1037.8265,1037.8674,68437,82359,Rhinolophus ferrumequinum,0.023,0.023,-1,Echolocation,/mnt/ubna_data_02_mir/recover-20220922/UBNA_001/20220921_090000.WAV,Telephone Field,recover-20220922,001,1795
1037.8515,1037.8965,68437,83413,Rhinolophus ferrumequinum,0.055,0.055,-1,Echolocation,/mnt/ubna_data_02_mir/recover-20220922/UBNA_001/20220921_090000.WAV,Telephone Field,recover-20220922,001,1795
1037.8715,1037.8788,28046,41035,Eptesicus serotinus,0.007,0.023,-1,Echolocation,/mnt/ubna_data_02_mir/recover-20220922/UBNA_001/20220921_090000.WAV,Telephone Field,recover-20220922,001,1795
1037.9125,1037.9233,23750,29567,Nyctalus leisleri,0.008,0.021,-1,Echolocation,/mnt/ubna_data_02_mir/recover-20220922/UBNA_001/20220921_090000.WAV,Telephone Field,recover-20220922,001,1795
1037.9325,1037.9422,22890,29226,Nyctalus leisleri,0.008,0.023,-1,Echolocation,/mnt/ubna_data_02_mir/recover-20220922/UBNA_001/20220921_090000.WAV,Telephone Field,recover-20220922,001,1795
1038.0015,1038.0106,26328,37267,Eptesicus serotinus,0.009,0.028,-1,Echolocation,/mnt/ubna_data_02_mir/recover-20220922/UBNA_001/20220921_090000.WAV,Telephone Field,recover-20220922,001,1795
1038.0015,1038.0128,19453,24187,Nyctalus leisleri,0.009,0.024,-1,Echolocation,/mnt/ubna_data_02_mir/recover-20220922/UBNA_001/20220921_090000.WAV,Telephone Field,recover-20220922,001,1795
1038.0015,1038.0347,68437,80029,Rhinolophus ferrumequinum,0.037,0.037,-1,Echolocation,/mnt/ubna_data_02_mir/recover-20220922/UBNA_001/20220921_090000.WAV,Telephone Field,recover-20220922,001,1795
1038.0085,1038.0176,28906,37279,Eptesicus serotinus,0.009,0.023,-1,Echolocation,/mnt/ubna_data_02_mir/recover-20220922/UBNA_001/20220921_090000.WAV,Telephone Field,recover-20220922,001,1795
1038.0195,1038.0603,68437,82849,Rhinolophus ferrumequinum,0.022,0.022,-1,Echolocation,/mnt/ubna_data_02_mir/recover-20220922/UBNA_001/20220921_090000.WAV,Telephone Field,recover-20220922,001,1795
1038.0355,1038.0787,68437,83350,Rhinolophus ferrumequinum,0.026,0.026,-1,Echolocation,/mnt/ubna_data_02_mir/recover-20220922/UBNA_001/20220921_090000.WAV,Telephone Field,recover-20220922,001,1795
1038.0445,1038.0545,22890,27873,Nyctalus leisleri,0.011,0.022,-1,Echolocation,/mnt/ubna_data_02_mir/recover-20220922/UBNA_001/20220921_090000.WAV,Telephone Field,recover-20220922,001,1795
1038.0565,1038.0944,68437,82066,Rhinolophus ferrumequinum,0.021,0.021,-1,Echolocation,/mnt/ubna_data_02_mir/recover-20220922/UBNA_001/20220921_090000.WAV,Telephone Field,recover-20220922,001,1795
1038.0755,1038.1132,68437,82278,Rhinolophus ferrumequinum,0.021,0.021,-1,Echolocation,/mnt/ubna_data_02_mir/recover-20220922/UBNA_001/20220921_090000.WAV,Telephone Field,recover-20220922,001,1795
1038.1055,1038.1425,68437,81340,Rhinolophus ferrumequinum,0.024,0.024,-1,Echolocation,/mnt/ubna_data_02_mir/recover-20220922/UBNA_001/20220921_090000.WAV,Telephone Field,recover-20220922,001,1795
1038.1325,1038.1677,68437,81554,Rhinolophus ferrumequinum,0.021,0.022,-1,Echolocation,/mnt/ubna_data_02_mir/recover-20220922/UBNA_001/20220921_090000.WAV,Telephone Field,recover-20220922,001,1795
1038.1725,1038.1834,22890,28713,Nyctalus leisleri,0.011,0.027,-1,Echolocation,/mnt/ubna_data_02_mir/recover-20220922/UBNA_001/20220921_090000.WAV,Telephone Field,recover-20220922,001,1795
1038.1835,1038.226,68437,83148,Rhinolophus ferrumequinum,0.025,0.025,-1,Echolocation,/mnt/ubna_data_02_mir/recover-20220922/UBNA_001/20220921_090000.WAV,Telephone Field,recover-20220922,001,1795
1038.1925,1038.2025,15156,22328,Nyctalus noctula,0.012,0.022,-1,Echolocation,/mnt/ubna_data_02_mir/recover-20220922/UBNA_001/20220921_090000.WAV,Telephone Field,recover-20220922,001,1795
1038.2045,1038.213,28046,38416,Eptesicus serotinus,0.008,0.023,-1,Echolocation,/mnt/ubna_data_02_mir/recover-20220922/UBNA_001/20220921_090000.WAV,Telephone Field,recover-20220922,001,1795
1038.2515,1038.291,68437,82477,Rhinolophus ferrumequinum,0.025,0.025,-1,Echolocation,/mnt/ubna_data_02_mir/recover-20220922/UBNA_001/20220921_090000.WAV,Telephone Field,recover-20220922,001,1795
1038.2655,1038.2747,22890,29552,Nyctalus leisleri,0.007,0.022,-1,Echolocation,/mnt/ubna_data_02_mir/recover-20220922/UBNA_001/20220921_090000.WAV,Telephone Field,recover-20220922,001,1795
1038.2735,1038.3126,68437,81879,Rhinolophus ferrumequinum,0.023,0.023,-1,Echolocation,/mnt/ubna_data_02_mir/recover-20220922/UBNA_001/20220921_090000.WAV,Telephone Field,recover-20220922,001,1795
1038.3105,1038.3476,68437,82405,Rhinolophus ferrumequinum,0.022,0.023,-1,Echolocation,/mnt/ubna_data_02_mir/recover-20220922/UBNA_001/20220921_090000.WAV,Telephone Field,recover-20220922,001,1795
1038.3185,1038.326,22890,30776,Plecotus austriacus,0.01,0.021,-1,Echolocation,/mnt/ubna_data_02_mir/recover-20220922/UBNA_001/20220921_090000.WAV,Telephone Field,recover-20220922,001,1795
1038.3435,1038.3864,68437,82773,Rhinolophus ferrumequinum,0.027,0.027,-1,Echolocation,/mnt/ubna_data_02_mir/recover-20220922/UBNA_001/20220921_090000.WAV,Telephone Field,recover-20220922,001,1795
1038.3685,1038.4063,68437,81892,Rhinolophus ferrumequinum,0.021,0.021,-1,Echolocation,/mnt/ubna_data_02_mir/recover-20220922/UBNA_001/20220921_090000.WAV,Telephone Field,recover-20220922,001,1795
1038.3745,1038.3858,22031,25907,Nyctalus leisleri,0.012,0.021,-1,Echolocation,/mnt/ubna_data_02_mir/recover-20220922/UBNA_001/20220921_090000.WAV,Telephone Field,recover-20220922,001,1795
1038.4025,1038.4124,24609,30058,Nyctalus leisleri,0.008,0.021,-1,Echolocation,/mnt/ubna_data_02_mir/recover-20220922/UBNA_001/20220921_090000.WAV,Telephone Field,recover-20220922,001,1795
1038.4045,1038.4438,68437,81891,Rhinolophus ferrumequinum,0.023,0.023,-1,Echolocation,/mnt/ubna_data_02_mir/recover-20220922/UBNA_001/20220921_090000.WAV,Telephone Field,recover-20220922,001,1795
1038.4315,1038.4706,68437,82371,Rhinolophus ferrumequinum,0.025,0.025,-1,Echolocation,/mnt/ubna_data_02_mir/recover-20220922/UBNA_001/20220921_090000.WAV,Telephone Field,recover-20220922,001,1795
1038.4385,1038.4458,25468,34808,Eptesicus serotinus,0.006,0.023,-1,Echolocation,/mnt/ubna_data_02_mir/recover-20220922/UBNA_001/20220921_090000.WAV,Telephone Field,recover-20220922,001,1795
1038.4795,1038.5209,68437,82623,Rhinolophus ferrumequinum,0.026,0.026,-1,Echolocation,/mnt/ubna_data_02_mir/recover-20220922/UBNA_001/20220921_090000.WAV,Telephone Field,recover-20220922,001,1795
1038.4945,1038.5051,22890,28510,Nyctalus leisleri,0.01,0.023,-1,Echolocation,/mnt/ubna_data_02_mir/recover-20220922/UBNA_001/20220921_090000.WAV,Telephone Field,recover-20220922,001,1795
1038.5285,1038.5666,68437,81883,Rhinolophus ferrumequinum,0.022,0.022,-1,Echolocation,/mnt/ubna_data_02_mir/recover-20220922/UBNA_001/20220921_090000.WAV,Telephone Field,recover-20220922,001,1795
1038.5575,1038.5936,68437,82281,Rhinolophus ferrumequinum,0.023,0.023,-1,Echolocation,/mnt/ubna_data_02_mir/recover-20220922/UBNA_001/20220921_090000.WAV,Telephone Field,recover-20220922,001,1795
1038.5825,1038.6228,68437,82379,Rhinolophus ferrumequinum,0.03,0.03,-1,Echolocation,/mnt/ubna_data_02_mir/recover-20220922/UBNA_001/20220921_090000.WAV,Telephone Field,recover-20220922,001,1795
1038.5855,1038.5931,48671,54414,Pipistrellus pipistrellus,0.019,0.021,-1,Echolocation,/mnt/ubna_data_02_mir/recover-20220922/UBNA_001/20220921_090000.WAV,Telephone Field,recover-20220922,001,1795
1038.6105,1038.6297,19453,23154,Nyctalus noctula,0.015,0.027,-1,Echolocation,/mnt/ubna_data_02_mir/recover-20220922/UBNA_001/20220921_090000.WAV,Telephone Field,recover-20220922,001,1795
1038.6685,1038.7091,68437,82819,Rhinolophus ferrumequinum,0.022,0.022,-1,Echolocation,/mnt/ubna_data_02_mir/recover-20220922/UBNA_001/20220921_090000.WAV,Telephone Field,recover-20220922,001,1795
1038.6745,1038.7162,68437,83051,Rhinolophus ferrumequinum,0.023,0.023,-1,Echolocation,/mnt/ubna_data_02_mir/recover-20220922/UBNA_001/20220921_090000.WAV,Telephone Field,recover-20220922,001,1795
1038.7055,1038.7468,68437,82472,Rhinolophus ferrumequinum,0.024,0.024,-1,Echolocation,/mnt/ubna_data_02_mir/recover-20220922/UBNA_001/20220921_090000.WAV,Telephone Field,recover-20220922,001,1795
1038.7755,1038.7825,26328,38475,Eptesicus serotinus,0.005,0.021,-1,Echolocation,/mnt/ubna_data_02_mir/recover-20220922/UBNA_001/20220921_090000.WAV,Telephone Field,recover-20220922,001,1795
1038.8075,1038.8445,68437,82036,Rhinolophus ferrumequinum,0.025,0.025,-1,Echolocation,/mnt/ubna_data_02_mir/recover-20220922/UBNA_001/20220921_090000.WAV,Telephone Field,recover-20220922,001,1795
1038.8965,1038.9351,68437,82255,Rhinolophus ferrumequinum,0.021,0.021,-1,Echolocation,/mnt/ubna_data_02_mir/recover-20220922/UBNA_001/20220921_090000.WAV,Telephone Field,recover-20220922,001,1795
1038.9105,1038.9197,27187,36175,Eptesicus serotinus,0.01,0.022,-1,Echolocation,/mnt/ubna_data_02_mir/recover-20220922/UBNA_001/20220921_090000.WAV,Telephone Field,recover-20220922,001,1795
1038.9185,1038.9569,68437,82439,Rhinolophus ferrumequinum,0.032,0.032,-1,Echolocation,/mnt/ubna_data_02_mir/recover-20220922/UBNA_001/20220921_090000.WAV,Telephone Field,recover-20220922,001,1795
1038.9405,1038.9821,68437,83154,Rhinolophus ferrumequinum,0.028,0.028,-1,Echolocation,/mnt/ubna_data_02_mir/recover-20220922/UBNA_001/20220921_090000.WAV,Telephone Field,recover-20220922,001,1795
1038.9515,1038.9599,28046,38887,Eptesicus serotinus,0.009,0.021,-1,Echolocation,/mnt/ubna_data_02_mir/recover-20220922/UBNA_001/20220921_090000.WAV,Telephone Field,recover-20220922,001,1795
1038.9675,1039.0054,68437,82167,Rhinolophus ferrumequinum,0.021,0.021,-1,Echolocation,/mnt/ubna_data_02_mir/recover-20220922/UBNA_001/20220921_090000.WAV,Telephone Field,recover-20220922,001,1795
1038.9815,1039.0169,68437,81471,Rhinolophus ferrumequinum,0.023,0.023,-1,Echolocation,/mnt/ubna_data_02_mir/recover-20220922/UBNA_001/20220921_090000.WAV,Telephone Field,recover-20220922,001,1795
1039.0385,1039.0804,68437,82779,Rhinolophus ferrumequinum,0.023,0.023,-1,Echolocation,/mnt/ubna_data_02_mir/recover-20220922/UBNA_001/20220921_090000.WAV,Telephone Field,recover-20220922,001,1795
1039.0985,1039.108,28046,37645,Eptesicus serotinus,0.01,0.023,-1,Echolocation,/mnt/ubna_data_02_mir/recover-20220922/UBNA_001/20220921_090000.WAV,Telephone Field,recover-20220922,001,1795
1039.1145,1039.1219,28046,37619,Eptesicus serotinus,0.009,0.025,-1,Echolocation,/mnt/ubna_data_02_mir/recover-20220922/UBNA_001/20220921_090000.WAV,Telephone Field,recover-20220922,001,1795
1039.1715,1039.1812,28906,36338,Eptesicus serotinus,0.01,0.022,-1,Echolocation,/mnt/ubna_data_02_mir/recover-20220922/UBNA_001/20220921_090000.WAV,Telephone Field,recover-20220922,001,1795
1039.2365,1039.2752,68437,82293,Rhinolophus ferrumequinum,0.024,0.024,-1,Echolocation,/mnt/ubna_data_02_mir/recover-20220922/UBNA_001/20220921_090000.WAV,Telephone Field,recover-20220922,001,1795
1039.2725,1039.2814,28046,37804,Eptesicus serotinus,0.009,0.021,-1,Echolocation,/mnt/ubna_data_02_mir/recover-20220922/UBNA_001/20220921_090000.WAV,Telephone Field,recover-20220922,001,1795
1039.2875,1039.298,28046,36425,Eptesicus serotinus,0.01,0.021,-1,Echolocation,/mnt/ubna_data_02_mir/recover-20220922/UBNA_001/20220921_090000.WAV,Telephone Field,recover-20220922,001,1795
1039.3215,1039.36,68437,82766,Rhinolophus ferrumequinum,0.023,0.023,-1,Echolocation,/mnt/ubna_data_02_mir/recover-20220922/UBNA_001/20220921_090000.WAV,Telephone Field,recover-20220922,001,1795
1039.3305,1039.3432,22890,27946,Nyctalus leisleri,0.011,0.021,-1,Echolocation,/mnt/ubna_data_02_mir/recover-20220922/UBNA_001/20220921_090000.WAV,Telephone Field,recover-20220922,001,1795
1039.3635,1039.4013,68437,81915,Rhinolophus ferrumequinum,0.022,0.022,-1,Echolocation,/mnt/ubna_data_02_mir/recover-20220922/UBNA_001/20220921_090000.WAV,Telephone Field,recover-20220922,001,1795
1039.4075,1039.4445,68437,81821,Rhinolophus ferrumequinum,0.021,0.021,-1,Echolocation,/mnt/ubna_data_02_mir/recover-20220922/UBNA_001/20220921_090000.WAV,Telephone Field,recover-20220922,001,1795
1039.4115,1039.4171,34921,44308,Barbastellus barbastellus,0.009,0.028,-1,Echolocation,/mnt/ubna_data_02_mir/recover-20220922/UBNA_001/20220921_090000.WAV,Telephone Field,recover-20220922,001,1795
1039.4195,1039.4572,68437,81844,Rhinolophus ferrumequinum,0.021,0.021,-1,Echolocation,/mnt/ubna_data_02_mir/recover-20220922/UBNA_001/20220921_090000.WAV,Telephone Field,recover-20220922,001,1795
1039.4435,1039.4535,23750,30586,Nyctalus leisleri,0.011,0.028,-1,Echolocation,/mnt/ubna_data_02_mir/recover-20220922/UBNA_001/20220921_090000.WAV,Telephone Field,recover-20220922,001,1795
1039.4565,1039.4964,68437,82663,Rhinolophus ferrumequinum,0.023,0.023,-1,Echolocation,/mnt/ubna_data_02_mir/recover-20220922/UBNA_001/20220921_090000.WAV,Telephone Field,recover-20220922,001,1795
1039.4695,1039.5091,68437,82632,Rhinolophus ferrumequinum,0.022,0.022,-1,Echolocation,/mnt/ubna_data_02_mir/recover-20220922/UBNA_001/20220921_090000.WAV,Telephone Field,recover-20220922,001,1795
1039.4825,1039.5203,68437,81805,Rhinolophus ferrumequinum,0.022,0.022,-1,Echolocation,/mnt/ubna_data_02_mir/recover-20220922/UBNA_001/20220921_090000.WAV,Telephone Field,recover-20220922,001,1795
1039.4995,1039.5112,23750,29347,Nyctalus leisleri,0.011,0.024,-1,Echolocation,/mnt/ubna_data_02_mir/recover-20220922/UBNA_001/20220921_090000.WAV,Telephone Field,recover-20220922,001,1795
1039.5025,1039.5424,68437,82964,Rhinolophus ferrumequinum,0.024,0.024,-1,Echolocation,/mnt/ubna_data_02_mir/recover-20220922/UBNA_001/20220921_090000.WAV,Telephone Field,recover-20220922,001,1795
1039.6065,1039.6437,68437,81882,Rhinolophus ferrumequinum,0.021,0.021,-1,Echolocation,/mnt/ubna_data_02_mir/recover-20220922/UBNA_001/20220921_090000.WAV,Telephone Field,recover-20220922,001,1795
1039.6285,1039.6642,68437,80825,Rhinolophus ferrumequinum,0.035,0.036,-1,Echolocation,/mnt/ubna_data_02_mir/recover-20220922/UBNA_001/20220921_090000.WAV,Telephone Field,recover-20220922,001,1795
1039.6435,1039.6554,23750,29183,Nyctalus leisleri,0.013,0.027,-1,Echolocation,/mnt/ubna_data_02_mir/recover-20220922/UBNA_001/20220921_090000.WAV,Telephone Field,recover-20220922,001,1795
1039.6825,1039.6913,28906,36890,Eptesicus serotinus,0.008,0.022,-1,Echolocation,/mnt/ubna_data_02_mir/recover-20220922/UBNA_001/20220921_090000.WAV,Telephone Field,recover-20220922,001,1795
1039.7205,1039.7352,22890,27537,Nyctalus leisleri,0.038,0.088,-1,Echolocation,/mnt/ubna_data_02_mir/recover-20220922/UBNA_001/20220921_090000.WAV,Telephone Field,recover-20220922,001,1795
1039.7225,1039.7617,68437,82565,Rhinolophus ferrumequinum,0.024,0.024,-1,Echolocation,/mnt/ubna_data_02_mir/recover-20220922/UBNA_001/20220921_090000.WAV,Telephone Field,recover-20220922,001,1795
1039.7405,1039.7758,68437,80766,Rhinolophus ferrumequinum,0.022,0.022,-1,Echolocation,/mnt/ubna_data_02_mir/recover-20220922/UBNA_001/20220921_090000.WAV,Telephone Field,recover-20220922,001,1795
1039.7585,1039.7954,68437,81036,Rhinolophus ferrumequinum,0.022,0.022,-1,Echolocation,/mnt/ubna_data_02_mir/recover-20220922/UBNA_001/20220921_090000.WAV,Telephone Field,recover-20220922,001,1795
1039.7725,1039.8152,68437,83689,Rhinolophus ferrumequinum,0.024,0.024,-1,Echolocation,/mnt/ubna_data_02_mir/recover-20220922/UBNA_001/20220921_090000.WAV,Telephone Field,recover-20220922,001,1795
1039.7795,1039.7974,25468,30646,Eptesicus serotinus,0.045,0.088,-1,Echolocation,/mnt/ubna_data_02_mir/recover-20220922/UBNA_001/20220921_090000.WAV,Telephone Field,recover-20220922,001,1795
1039.7795,1039.8209,68437,82849,Rhinolophus ferrumequinum,0.022,0.022,-1,Echolocation,/mnt/ubna_data_02_mir/recover-20220922/UBNA_001/20220921_090000.WAV,Telephone Field,recover-20220922,001,1795
1039.8125,1039.8496,68437,81533,Rhinolophus ferrumequinum,0.021,0.021,-1,Echolocation,/mnt/ubna_data_02_mir/recover-20220922/UBNA_001/20220921_090000.WAV,Telephone Field,recover-20220922,001,1795
1039.8145,1039.8222,28046,38397,Eptesicus serotinus,0.008,0.023,-1,Echolocation,/mnt/ubna_data_02_mir/recover-20220922/UBNA_001/20220921_090000.WAV,Telephone Field,recover-20220922,001,1795
1039.8275,1039.8648,68437,81827,Rhinolophus ferrumequinum,0.021,0.021,-1,Echolocation,/mnt/ubna_data_02_mir/recover-20220922/UBNA_001/20220921_090000.WAV,Telephone Field,recover-20220922,001,1795
1039.8555,1039.8941,68437,81864,Rhinolophus ferrumequinum,0.022,0.022,-1,Echolocation,/mnt/ubna_data_02_mir/recover-20220922/UBNA_001/20220921_090000.WAV,Telephone Field,recover-20220922,001,1795
1039.8625,1039.9006,68437,82047,Rhinolophus ferrumequinum,0.022,0.022,-1,Echolocation,/mnt/ubna_data_02_mir/recover-20220922/UBNA_001/20220921_090000.WAV,Telephone Field,recover-20220922,001,1795
1039.9025,1039.9416,68437,82503,Rhinolophus ferrumequinum,0.028,0.028,-1,Echolocation,/mnt/ubna_data_02_mir/recover-20220922/UBNA_001/20220921_090000.WAV,Telephone Field,recover-20220922,001,1795
1039.9355,1039.9741,68437,82600,Rhinolophus ferrumequinum,0.022,0.022,-1,Echolocation,/mnt/ubna_data_02_mir/recover-20220922/UBNA_001/20220921_090000.WAV,Telephone Field,recover-20220922,001,1795
1040.0015,1040.0103,25468,32420,Nyctalus leisleri,0.013,0.032,-1,Echolocation,/mnt/ubna_data_02_mir/recover-20220922/UBNA_001/20220921_090000.WAV,Telephone Field,recover-20220922,001,1795
1040.0015,1040.0331,68437,80128,Rhinolophus ferrumequinum,0.047,0.047,-1,Echolocation,/mnt/ubna_data_02_mir/recover-20220922/UBNA_001/20220921_090000.WAV,Telephone Field,recover-20220922,001,1795
1040.1045,1040.1422,68437,82173,Rhinolophus ferrumequinum,0.024,0.024,-1,Echolocation,/mnt/ubna_data_02_mir/recover-20220922/UBNA_001/20220921_090000.WAV,Telephone Field,recover-20220922,001,1795
1040.1105,1040.1487,68437,81726,Rhinolophus ferrumequinum,0.023,0.023,-1,Echolocation,/mnt/ubna_data_02_mir/recover-20220922/UBNA_001/20220921_090000.WAV,Telephone Field,recover-20220922,001,1795
1040.1455,1040.1894,68437,83602,Rhinolophus ferrumequinum,0.037,0.037,-1,Echolocation,/mnt/ubna_data_02_mir/recover-20220922/UBNA_001/20220921_090000.WAV,Telephone Field,recover-20220922,001,1795
1040.1875,1040.225,68437,82292,Rhinolophus ferrumequinum,0.027,0.027,-1,Echolocation,/mnt/ubna_data_02_mir/recover-20220922/UBNA_001/20220921_090000.WAV,Telephone Field,recover-20220922,001,1795
1040.2265,1040.2741,68437,83953,Rhinolophus ferrumequinum,0.092,0.092,-1,Echolocation,/mnt/ubna_data_02_mir/recover-20220922/UBNA_001/20220921_090000.WAV,Telephone Field,recover-20220922,001,1795
1040.2525,1040.2918,68437,81824,Rhinolophus ferrumequinum,0.025,0.025,-1,Echolocation,/mnt/ubna_data_02_mir/recover-20220922/UBNA_001/20220921_090000.WAV,Telephone Field,recover-20220922,001,1795
1040.2595,1040.2979,68437,82261,Rhinolophus ferrumequinum,0.029,0.029,-1,Echolocation,/mnt/ubna_data_02_mir/recover-20220922/UBNA_001/20220921_090000.WAV,Telephone Field,recover-20220922,001,1795
1040.2975,1040.3345,68437,81963,Rhinolophus ferrumequinum,0.023,0.023,-1,Echolocation,/mnt/ubna_data_02_mir/recover-20220922/UBNA_001/20220921_090000.WAV,Telephone Field,recover-20220922,001,1795
1040.3165,1040.3516,68437,81390,Rhinolophus ferrumequinum,0.022,0.022,-1,Echolocation,/mnt/ubna_data_02_mir/recover-20220922/UBNA_001/20220921_090000.WAV,Telephone Field,recover-20220922,001,1795
1040.3615,1040.3952,68437,81035,Rhinolophus ferrumequinum,0.022,0.022,-1,Echolocation,/mnt/ubna_data_02_mir/recover-20220922/UBNA_001/20220921_090000.WAV,Telephone Field,recover-20220922,001,1795
1040.3755,1040.4182,68437,83122,Rhinolophus ferrumequinum,0.028,0.028,-1,Echolocation,/mnt/ubna_data_02_mir/recover-20220922/UBNA_001/20220921_090000.WAV,Telephone Field,recover-20220922,001,1795
1040.4075,1040.4468,68437,82311,Rhinolophus ferrumequinum,0.022,0.022,-1,Echolocation,/mnt/ubna_data_02_mir/recover-20220922/UBNA_001/20220921_090000.WAV,Telephone Field,recover-20220922,001,1795
1040.4795,1040.4904,47812,51846,Pipistrellus pipistrellus,0.039,0.043,-1,Echolocation,/mnt/ubna_data_02_mir/recover-20220922/UBNA_001/20220921_090000.WAV,Telephone Field,recover-20220922,001,1795
1040.4825,1040.5230999999999,68437,82624,Rhinolophus ferrumequinum,0.022,0.022,-1,Echolocation,/mnt/ubna_data_02_mir/recover-20220922/UBNA_001/20220921_090000.WAV,Telephone Field,recover-20220922,001,1795
1040.5015,1040.5429,68437,82866,Rhinolophus ferrumequinum,0.025,0.025,-1,Echolocation,/mnt/ubna_data_02_mir/recover-20220922/UBNA_001/20220921_090000.WAV,Telephone Field,recover-20220922,001,1795
1040.5255,1040.5666,68437,82183,Rhinolophus ferrumequinum,0.026,0.026,-1,Echolocation,/mnt/ubna_data_02_mir/recover-20220922/UBNA_001/20220921_090000.WAV,Telephone Field,recover-20220922,001,1795
1040.5565,1040.5928,68437,81702,Rhinolophus ferrumequinum,0.022,0.022,-1,Echolocation,/mnt/ubna_data_02_mir/recover-20220922/UBNA_001/20220921_090000.WAV,Telephone Field,recover-20220922,001,1795
1040.6035,1040.6161,50390,54423,Pipistrellus pipistrellus,0.03,0.042,-1,Echolocation,/mnt/ubna_data_02_mir/recover-20220922/UBNA_001/20220921_090000.WAV,Telephone Field,recover-20220922,001,1795
1040.6285,1040.6398,24609,31442,Eptesicus serotinus,0.01,0.027,-1,Echolocation,/mnt/ubna_data_02_mir/recover-20220922/UBNA_001/20220921_090000.WAV,Telephone Field,recover-20220922,001,1795
1040.6295,1040.6689,68437,81988,Rhinolophus ferrumequinum,0.022,0.022,-1,Echolocation,/mnt/ubna_data_02_mir/recover-20220922/UBNA_001/20220921_090000.WAV,Telephone Field,recover-20220922,001,1795
1040.6485,1040.6855,68437,81555,Rhinolophus ferrumequinum,0.023,0.023,-1,Echolocation,/mnt/ubna_data_02_mir/recover-20220922/UBNA_001/20220921_090000.WAV,Telephone Field,recover-20220922,001,1795
1040.6585,1040.6721,24609,30678,Eptesicus serotinus,0.01,0.025,-1,Echolocation,/mnt/ubna_data_02_mir/recover-20220922/UBNA_001/20220921_090000.WAV,Telephone Field,recover-20220922,001,1795
1040.6665,1040.6783,24609,29734,Nyctalus leisleri,0.011,0.024,-1,Echolocation,/mnt/ubna_data_02_mir/recover-20220922/UBNA_001/20220921_090000.WAV,Telephone Field,recover-20220922,001,1795
1040.6725,1040.7127,68437,82763,Rhinolophus ferrumequinum,0.022,0.022,-1,Echolocation,/mnt/ubna_data_02_mir/recover-20220922/UBNA_001/20220921_090000.WAV,Telephone Field,recover-20220922,001,1795
1040.6935,1040.7307,68437,80844,Rhinolophus ferrumequinum,0.025,0.025,-1,Echolocation,/mnt/ubna_data_02_mir/recover-20220922/UBNA_001/20220921_090000.WAV,Telephone Field,recover-20220922,001,1795
1040.7045,1040.7151,27187,36426,Eptesicus serotinus,0.012,0.023,-1,Echolocation,/mnt/ubna_data_02_mir/recover-20220922/UBNA_001/20220921_090000.WAV,Telephone Field,recover-20220922,001,1795
1040.7225,1040.7627,68437,81734,Rhinolophus ferrumequinum,0.029,0.03,-1,Echolocation,/mnt/ubna_data_02_mir/recover-20220922/UBNA_001/20220921_090000.WAV,Telephone Field,recover-20220922,001,1795
1040.7365,1040.7483,32343,35927,Pipistrellus nathusii,0.017,0.065,-1,Echolocation,/mnt/ubna_data_02_mir/recover-20220922/UBNA_001/20220921_090000.WAV,Telephone Field,recover-20220922,001,1795
1040.7615,1040.8029,68437,82638,Rhinolophus ferrumequinum,0.034,0.034,-1,Echolocation,/mnt/ubna_data_02_mir/recover-20220922/UBNA_001/20220921_090000.WAV,Telephone Field,recover-20220922,001,1795
1040.7805,1040.8209,68437,82595,Rhinolophus ferrumequinum,0.029,0.029,-1,Echolocation,/mnt/ubna_data_02_mir/recover-20220922/UBNA_001/20220921_090000.WAV,Telephone Field,recover-20220922,001,1795
1040.7835,1040.7964,23750,30260,Eptesicus serotinus,0.017,0.046,-1,Echolocation,/mnt/ubna_data_02_mir/recover-20220922/UBNA_001/20220921_090000.WAV,Telephone Field,recover-20220922,001,1795
1040.8175,1040.8577,68437,82153,Rhinolophus ferrumequinum,0.024,0.024,-1,Echolocation,/mnt/ubna_data_02_mir/recover-20220922/UBNA_001/20220921_090000.WAV,Telephone Field,recover-20220922,001,1795
1040.8665,1040.9037,68437,82041,Rhinolophus ferrumequinum,0.023,0.023,-1,Echolocation,/mnt/ubna_data_02_mir/recover-20220922/UBNA_001/20220921_090000.WAV,Telephone Field,recover-20220922,001,1795
1040.8775,1040.8911,22031,26326,Nyctalus leisleri,0.02,0.038,-1,Echolocation,/mnt/ubna_data_02_mir/recover-20220922/UBNA_001/20220921_090000.WAV,Telephone Field,recover-20220922,001,1795
1040.8945,1040.9314,68437,82228,Rhinolophus ferrumequinum,0.024,0.024,-1,Echolocation,/mnt/ubna_data_02_mir/recover-20220922/UBNA_001/20220921_090000.WAV,Telephone Field,recover-20220922,001,1795
1040.9005,1040.9379,68437,81890,Rhinolophus ferrumequinum,0.023,0.023,-1,Echolocation,/mnt/ubna_data_02_mir/recover-20220922/UBNA_001/20220921_090000.WAV,Telephone Field,recover-20220922,001,1795
1040.9415,1040.9793,68437,82183,Rhinolophus ferrumequinum,0.025,0.025,-1,Echolocation,/mnt/ubna_data_02_mir/recover-20220922/UBNA_001/20220921_090000.WAV,Telephone Field,recover-20220922,001,1795
1040.9725,1041.0068,68437,81620,Rhinolophus ferrumequinum,0.022,0.023,-1,Echolocation,/mnt/ubna_data_02_mir/recover-20220922/UBNA_001/20220921_090000.WAV,Telephone Field,recover-20220922,001,1795
1040.9975,1041.0371,68437,82759,Rhinolophus ferrumequinum,0.031,0.031,-1,Echolocation,/mnt/ubna_data_02_mir/recover-20220922/UBNA_001/20220921_090000.WAV,Telephone Field,recover-20220922,001,1795
1041.0215,1041.0315,22890,28705,Nyctalus leisleri,0.009,0.022,-1,Echolocation,/mnt/ubna_data_02_mir/recover-20220922/UBNA_001/20220921_090000.WAV,Telephone Field,recover-20220922,001,1795
1041.0295,1041.0366,48671,53993,Pipistrellus pipistrellus,0.02,0.022,-1,Echolocation,/mnt/ubna_data_02_mir/recover-20220922/UBNA_001/20220921_090000.WAV,Telephone Field,recover-20220922,001,1795
1041.0435,1041.0819,68437,82309,Rhinolophus ferrumequinum,0.021,0.021,-1,Echolocation,/mnt/ubna_data_02_mir/recover-20220922/UBNA_001/20220921_090000.WAV,Telephone Field,recover-20220922,001,1795
1041.1025,1041.1419,68437,82913,Rhinolophus ferrumequinum,0.041,0.041,-1,Echolocation,/mnt/ubna_data_02_mir/recover-20220922/UBNA_001/20220921_090000.WAV,Telephone Field,recover-20220922,001,1795
1041.1545,1041.1914,68437,81806,Rhinolophus ferrumequinum,0.023,0.023,-1,Echolocation,/mnt/ubna_data_02_mir/recover-20220922/UBNA_001/20220921_090000.WAV,Telephone Field,recover-20220922,001,1795
1041.1715,1041.2116,68437,82788,Rhinolophus ferrumequinum,0.026,0.026,-1,Echolocation,/mnt/ubna_data_02_mir/recover-20220922/UBNA_001/20220921_090000.WAV,Telephone Field,recover-20220922,001,1795
1041.2045,1041.2417,68437,81463,Rhinolophus ferrumequinum,0.023,0.023,-1,Echolocation,/mnt/ubna_data_02_mir/recover-20220922/UBNA_001/20220921_090000.WAV,Telephone Field,recover-20220922,001,1795
1041.2125,1041.2505,68437,81913,Rhinolophus ferrumequinum,0.025,0.025,-1,Echolocation,/mnt/ubna_data_02_mir/recover-20220922/UBNA_001/20220921_090000.WAV,Telephone Field,recover-20220922,001,1795
1041.2235,1041.2598,68437,81635,Rhinolophus ferrumequinum,0.024,0.024,-1,Echolocation,/mnt/ubna_data_02_mir/recover-20220922/UBNA_001/20220921_090000.WAV,Telephone Field,recover-20220922,001,1795
1041.2515,1041.2897,68437,82201,Rhinolophus ferrumequinum,0.022,0.023,-1,Echolocation,/mnt/ubna_data_02_mir/recover-20220922/UBNA_001/20220921_090000.WAV,Telephone Field,recover-20220922,001,1795
1041.2635,1041.2702,47812,52198,Pipistrellus pipistrellus,0.027,0.028,-1,Echolocation,/mnt/ubna_data_02_mir/recover-20220922/UBNA_001/20220921_090000.WAV,Telephone Field,recover-20220922,001,1795
1041.2805,1041.3163,68437,82017,Rhinolophus ferrumequinum,0.022,0.022,-1,Echolocation,/mnt/ubna_data_02_mir/recover-20220922/UBNA_001/20220921_090000.WAV,Telephone Field,recover-20220922,001,1795
1041.2885,1041.2983,28906,38120,Eptesicus serotinus,0.012,0.027,-1,Echolocation,/mnt/ubna_data_02_mir/recover-20220922/UBNA_001/20220921_090000.WAV,Telephone Field,recover-20220922,001,1795
1041.3035,1041.3399,68437,81914,Rhinolophus ferrumequinum,0.021,0.021,-1,Echolocation,/mnt/ubna_data_02_mir/recover-20220922/UBNA_001/20220921_090000.WAV,Telephone Field,recover-20220922,001,1795
1041.3145,1041.3234,25468,33699,Eptesicus serotinus,0.007,0.023,-1,Echolocation,/mnt/ubna_data_02_mir/recover-20220922/UBNA_001/20220921_090000.WAV,Telephone Field,recover-20220922,001,1795
1041.3385,1041.3796,68437,82643,Rhinolophus ferrumequinum,0.026,0.026,-1,Echolocation,/mnt/ubna_data_02_mir/recover-20220922/UBNA_001/20220921_090000.WAV,Telephone Field,recover-20220922,001,1795
1041.3535,1041.3914,68437,81947,Rhinolophus ferrumequinum,0.022,0.022,-1,Echolocation,/mnt/ubna_data_02_mir/recover-20220922/UBNA_001/20220921_090000.WAV,Telephone Field,recover-20220922,001,1795
1041.3555,1041.3653,22031,28778,Plecotus austriacus,0.013,0.035,-1,Echolocation,/mnt/ubna_data_02_mir/recover-20220922/UBNA_001/20220921_090000.WAV,Telephone Field,recover-20220922,001,1795
1041.3825,1041.3936,23750,30128,Nyctalus leisleri,0.017,0.044,-1,Echolocation,/mnt/ubna_data_02_mir/recover-20220922/UBNA_001/20220921_090000.WAV,Telephone Field,recover-20220922,001,1795
1041.4065,1041.4479,68437,82919,Rhinolophus ferrumequinum,0.03,0.03,-1,Echolocation,/mnt/ubna_data_02_mir/recover-20220922/UBNA_001/20220921_090000.WAV,Telephone Field,recover-20220922,001,1795
1041.4855,1041.5009,44375,47044,Pipistrellus pipistrellus,0.047,0.053,-1,Echolocation,/mnt/ubna_data_02_mir/recover-20220922/UBNA_001/20220921_090000.WAV,Telephone Field,recover-20220922,001,1795
1041.4925,1041.5137,18593,20912,Nyctalus leisleri,0.019,0.04,-1,Echolocation,/mnt/ubna_data_02_mir/recover-20220922/UBNA_001/20220921_090000.WAV,Telephone Field,recover-20220922,001,1795
1041.5025,1041.5384,68437,81500,Rhinolophus ferrumequinum,0.024,0.024,-1,Echolocation,/mnt/ubna_data_02_mir/recover-20220922/UBNA_001/20220921_090000.WAV,Telephone Field,recover-20220922,001,1795
1041.5125,1041.5209,28046,39892,Eptesicus serotinus,0.007,0.022,-1,Echolocation,/mnt/ubna_data_02_mir/recover-20220922/UBNA_001/20220921_090000.WAV,Telephone Field,recover-20220922,001,1795
1041.5145,1041.5524,68437,81886,Rhinolophus ferrumequinum,0.021,0.021,-1,Echolocation,/mnt/ubna_data_02_mir/recover-20220922/UBNA_001/20220921_090000.WAV,Telephone Field,recover-20220922,001,1795
1041.5185,1041.5277,28906,38699,Eptesicus serotinus,0.009,0.022,-1,Echolocation,/mnt/ubna_data_02_mir/recover-20220922/UBNA_001/20220921_090000.WAV,Telephone Field,recover-20220922,001,1795
1041.5385,1041.5505,22031,25739,Nyctalus leisleri,0.014,0.024,-1,Echolocation,/mnt/ubna_data_02_mir/recover-20220922/UBNA_001/20220921_090000.WAV,Telephone Field,recover-20220922,001,1795
1041.5875,1041.6243,68437,82186,Rhinolophus ferrumequinum,0.026,0.026,-1,Echolocation,/mnt/ubna_data_02_mir/recover-20220922/UBNA_001/20220921_090000.WAV,Telephone Field,recover-20220922,001,1795
1041.5905,1041.5985,28046,40885,Eptesicus serotinus,0.008,0.023,-1,Echolocation,/mnt/ubna_data_02_mir/recover-20220922/UBNA_001/20220921_090000.WAV,Telephone Field,recover-20220922,001,1795
1041.6165,1041.6273,22890,27399,Nyctalus leisleri,0.011,0.022,-1,Echolocation,/mnt/ubna_data_02_mir/recover-20220922/UBNA_001/20220921_090000.WAV,Telephone Field,recover-20220922,001,1795
1041.6675,1041.7105999999999,68437,82532,Rhinolophus ferrumequinum,0.039,0.04,-1,Echolocation,/mnt/ubna_data_02_mir/recover-20220922/UBNA_001/20220921_090000.WAV,Telephone Field,recover-20220922,001,1795
1041.6915,1041.7301,68437,82514,Rhinolophus ferrumequinum,0.025,0.026,-1,Echolocation,/mnt/ubna_data_02_mir/recover-20220922/UBNA_001/20220921_090000.WAV,Telephone Field,recover-20220922,001,1795
1041.6965,1041.7071,23750,30214,Nyctalus leisleri,0.01,0.028,-1,Echolocation,/mnt/ubna_data_02_mir/recover-20220922/UBNA_001/20220921_090000.WAV,Telephone Field,recover-20220922,001,1795
1041.7195,1041.7539,68437,80978,Rhinolophus ferrumequinum,0.022,0.022,-1,Echolocation,/mnt/ubna_data_02_mir/recover-20220922/UBNA_001/20220921_090000.WAV,Telephone Field,recover-20220922,001,1795
1041.7195,1041.7305,22890,27547,Nyctalus leisleri,0.013,0.023,-1,Echolocation,/mnt/ubna_data_02_mir/recover-20220922/UBNA_001/20220921_090000.WAV,Telephone Field,recover-20220922,001,1795
1041.7285,1041.75,19453,22096,Nyctalus leisleri,0.013,0.026,-1,Echolocation,/mnt/ubna_data_02_mir/recover-20220922/UBNA_001/20220921_090000.WAV,Telephone Field,recover-20220922,001,1795
1041.7945,1041.8296,68437,81172,Rhinolophus ferrumequinum,0.026,0.026,-1,Echolocation,/mnt/ubna_data_02_mir/recover-20220922/UBNA_001/20220921_090000.WAV,Telephone Field,recover-20220922,001,1795
1041.8105,1041.8185,26328,34815,Eptesicus serotinus,0.007,0.022,-1,Echolocation,/mnt/ubna_data_02_mir/recover-20220922/UBNA_001/20220921_090000.WAV,Telephone Field,recover-20220922,001,1795
1041.8405,1041.8815,68437,82073,Rhinolophus ferrumequinum,0.026,0.026,-1,Echolocation,/mnt/ubna_data_02_mir/recover-20220922/UBNA_001/20220921_090000.WAV,Telephone Field,recover-20220922,001,1795
1041.8515,1041.8621,22890,27566,Nyctalus leisleri,0.011,0.021,-1,Echolocation,/mnt/ubna_data_02_mir/recover-20220922/UBNA_001/20220921_090000.WAV,Telephone Field,recover-20220922,001,1795
1041.8845,1041.9246,68437,82699,Rhinolophus ferrumequinum,0.022,0.022,-1,Echolocation,/mnt/ubna_data_02_mir/recover-20220922/UBNA_001/20220921_090000.WAV,Telephone Field,recover-20220922,001,1795
1041.9185,1041.9285,22031,27408,Nyctalus leisleri,0.009,0.023,-1,Echolocation,/mnt/ubna_data_02_mir/recover-20220922/UBNA_001/20220921_090000.WAV,Telephone Field,recover-20220922,001,1795
1041.9435,1041.9829,68437,82334,Rhinolophus ferrumequinum,0.023,0.023,-1,Echolocation,/mnt/ubna_data_02_mir/recover-20220922/UBNA_001/20220921_090000.WAV,Telephone Field,recover-20220922,001,1795
1041.9645,1041.9711,50390,57674,Pipistrellus pipistrellus,0.022,0.025,-1,Echolocation,/mnt/ubna_data_02_mir/recover-20220922/UBNA_001/20220921_090000.WAV,Telephone Field,recover-20220922,001,1795
1041.9815,1041.9921,28906,36250,Eptesicus serotinus,0.013,0.025,-1,Echolocation,/mnt/ubna_data_02_mir/recover-20220922/UBNA_001/20220921_090000.WAV,Telephone Field,recover-20220922,001,1795
1042.0015,1042.0102,26328,35694,Eptesicus serotinus,0.009,0.03,-1,Echolocation,/mnt/ubna_data_02_mir/recover-20220922/UBNA_001/20220921_090000.WAV,Telephone Field,recover-20220922,001,1795
1042.0015,1042.0363,68437,80424,Rhinolophus ferrumequinum,0.051,0.051,-1,Echolocation,/mnt/ubna_data_02_mir/recover-20220922/UBNA_001/20220921_090000.WAV,Telephone Field,recover-20220922,001,1795
1042.0015,1042.0091,46953,52477,Pipistrellus pipistrellus,0.017,0.023,-1,Echolocation,/mnt/ubna_data_02_mir/recover-20220922/UBNA_001/20220921_090000.WAV,Telephone Field,recover-20220922,001,1795
1042.0015,1042.01,14296,23510,Plecotus auritus,0.008,0.024,-1,Echolocation,/mnt/ubna_data_02_mir/recover-20220922/UBNA_001/20220921_090000.WAV,Telephone Field,recover-20220922,001,1795
1042.0095,1042.0529,68437,83446,Rhinolophus ferrumequinum,0.031,0.031,-1,Echolocation,/mnt/ubna_data_02_mir/recover-20220922/UBNA_001/20220921_090000.WAV,Telephone Field,recover-20220922,001,1795
1042.0405,1042.0472,26328,39873,Eptesicus serotinus,0.006,0.024,-1,Echolocation,/mnt/ubna_data_02_mir/recover-20220922/UBNA_001/20220921_090000.WAV,Telephone Field,recover-20220922,001,1795
1042.0445,1042.0824,68437,82364,Rhinolophus ferrumequinum,0.023,0.023,-1,Echolocation,/mnt/ubna_data_02_mir/recover-20220922/UBNA_001/20220921_090000.WAV,Telephone Field,recover-20220922,001,1795
1042.0655,1042.1052,68437,82356,Rhinolophus ferrumequinum,0.028,0.028,-1,Echolocation,/mnt/ubna_data_02_mir/recover-20220922/UBNA_001/20220921_090000.WAV,Telephone Field,recover-20220922,001,1795
1042.1575,1042.1676,26328,34191,Eptesicus serotinus,0.014,0.029,-1,Echolocation,/mnt/ubna_data_02_mir/recover-20220922/UBNA_001/20220921_090000.WAV,Telephone Field,recover-20220922,001,1795
1042.1705,1042.2104,68437,82780,Rhinolophus ferrumequinum,0.031,0.031,-1,Echolocation,/mnt/ubna_data_02_mir/recover-20220922/UBNA_001/20220921_090000.WAV,Telephone Field,recover-20220922,001,1795
1042.1725,1042.1823,28046,36864,Eptesicus serotinus,0.011,0.025,-1,Echolocation,/mnt/ubna_data_02_mir/recover-20220922/UBNA_001/20220921_090000.WAV,Telephone Field,recover-20220922,001,1795
1042.1915,1042.2028,32343,38491,Eptesicus serotinus,0.016,0.036,-1,Echolocation,/mnt/ubna_data_02_mir/recover-20220922/UBNA_001/20220921_090000.WAV,Telephone Field,recover-20220922,001,1795
1042.2255,1042.267,68437,82689,Rhinolophus ferrumequinum,0.03,0.03,-1,Echolocation,/mnt/ubna_data_02_mir/recover-20220922/UBNA_001/20220921_090000.WAV,Telephone Field,recover-20220922,001,1795
1042.2395,1042.2795,68437,82388,Rhinolophus ferrumequinum,0.028,0.028,-1,Echolocation,/mnt/ubna_data_02_mir/recover-20220922/UBNA_001/20220921_090000.WAV,Telephone Field,recover-20220922,001,1795
1042.2795,1042.3005,17734,20953,Nyctalus noctula,0.024,0.038,-1,Echolocation,/mnt/ubna_data_02_mir/recover-20220922/UBNA_001/20220921_090000.WAV,Telephone Field,recover-20220922,001,1795
1042.2845,1042.2975,35781,39720,Pipistrellus nathusii,0.011,0.038,-1,Echolocation,/mnt/ubna_data_02_mir/recover-20220922/UBNA_001/20220921_090000.WAV,Telephone Field,recover-20220922,001,1795
1042.3205,1042.326,23750,40011,Plecotus austriacus,0.03,0.059,-1,Echolocation,/mnt/ubna_data_02_mir/recover-20220922/UBNA_001/20220921_090000.WAV,Telephone Field,recover-20220922,001,1795
1042.3425,1042.3528,25468,33959,Eptesicus serotinus,0.016,0.036,-1,Echolocation,/mnt/ubna_data_02_mir/recover-20220922/UBNA_001/20220921_090000.WAV,Telephone Field,recover-20220922,001,1795
1042.3545,1042.3956,68437,82896,Rhinolophus ferrumequinum,0.028,0.028,-1,Echolocation,/mnt/ubna_data_02_mir/recover-20220922/UBNA_001/20220921_090000.WAV,Telephone Field,recover-20220922,001,1795
1042.3785,1042.4158,68437,81655,Rhinolophus ferrumequinum,0.024,0.024,-1,Echolocation,/mnt/ubna_data_02_mir/recover-20220922/UBNA_001/20220921_090000.WAV,Telephone Field,recover-20220922,001,1795
1042.4065,1042.4456,68437,82691,Rhinolophus ferrumequinum,0.026,0.026,-1,Echolocation,/mnt/ubna_data_02_mir/recover-20220922/UBNA_001/20220921_090000.WAV,Telephone Field,recover-20220922,001,1795
1042.4375,1042.4468,39218,44050,Pipistrellus nathusii,0.012,0.041,-1,Echolocation,/mnt/ubna_data_02_mir/recover-20220922/UBNA_001/20220921_090000.WAV,Telephone Field,recover-20220922,001,1795
1042.4465,1042.4847,68437,82145,Rhinolophus ferrumequinum,0.022,0.022,-1,Echolocation,/mnt/ubna_data_02_mir/recover-20220922/UBNA_001/20220921_090000.WAV,Telephone Field,recover-20220922,001,1795
1042.4525,1042.4645,22890,27811,Nyctalus leisleri,0.014,0.027,-1,Echolocation,/mnt/ubna_data_02_mir/recover-20220922/UBNA_001/20220921_090000.WAV,Telephone Field,recover-20220922,001,1795
1042.4995,1042.5078,41796,44491,Pipistrellus pipistrellus,0.027,0.036,-1,Echolocation,/mnt/ubna_data_02_mir/recover-20220922/UBNA_001/20220921_090000.WAV,Telephone Field,recover-20220922,001,1795
1042.5285,1042.5697,68437,82454,Rhinolophus ferrumequinum,0.028,0.028,-1,Echolocation,/mnt/ubna_data_02_mir/recover-20220922/UBNA_001/20220921_090000.WAV,Telephone Field,recover-20220922,001,1795
1042.5445,1042.5555,37500,43339,Pipistrellus nathusii,0.009,0.023,-1,Echolocation,/mnt/ubna_data_02_mir/recover-20220922/UBNA_001/20220921_090000.WAV,Telephone Field,recover-20220922,001,1795
1042.5665,1042.5738,27187,36316,Eptesicus serotinus,0.009,0.026,-1,Echolocation,/mnt/ubna_data_02_mir/recover-20220922/UBNA_001/20220921_090000.WAV,Telephone Field,recover-20220922,001,1795
1042.5995,1042.6417,68437,83570,Rhinolophus ferrumequinum,0.026,0.026,-1,Echolocation,/mnt/ubna_data_02_mir/recover-20220922/UBNA_001/20220921_090000.WAV,Telephone Field,recover-20220922,001,1795
1042.6245,1042.6674,68437,83059,Rhinolophus ferrumequinum,0.029,0.029,-1,Echolocation,/mnt/ubna_data_02_mir/recover-20220922/UBNA_001/20220921_090000.WAV,Telephone Field,recover-20220922,001,1795
1042.6585,1042.6688,28046,37189,Eptesicus serotinus,0.015,0.029,-1,Echolocation,/mnt/ubna_data_02_mir/recover-20220922/UBNA_001/20220921_090000.WAV,Telephone Field,recover-20220922,001,1795
1042.6645,1042.6755,30625,37059,Eptesicus serotinus,0.014,0.029,-1,Echolocation,/mnt/ubna_data_02_mir/recover-20220922/UBNA_001/20220921_090000.WAV,Telephone Field,recover-20220922,001,1795
1042.6935,1042.736,68437,82889,Rhinolophus ferrumequinum,0.025,0.025,-1,Echolocation,/mnt/ubna_data_02_mir/recover-20220922/UBNA_001/20220921_090000.WAV,Telephone Field,recover-20220922,001,1795
1042.7395,1042.7767,68437,82112,Rhinolophus ferrumequinum,0.025,0.026,-1,Echolocation,/mnt/ubna_data_02_mir/recover-20220922/UBNA_001/20220921_090000.WAV,Telephone Field,recover-20220922,001,1795
1042.7625,1042.8003,68437,82119,Rhinolophus ferrumequinum,0.026,0.026,-1,Echolocation,/mnt/ubna_data_02_mir/recover-20220922/UBNA_001/20220921_090000.WAV,Telephone Field,recover-20220922,001,1795
1042.7765,1042.7837,23750,32374,Plecotus austriacus,0.011,0.025,-1,Echolocation,/mnt/ubna_data_02_mir/recover-20220922/UBNA_001/20220921_090000.WAV,Telephone Field,recover-20220922,001,1795
1042.7775,1042.7851,47812,51911,Pipistrellus pipistrellus,0.024,0.025,-1,Echolocation,/mnt/ubna_data_02_mir/recover-20220922/UBNA_001/20220921_090000.WAV,Telephone Field,recover-20220922,001,1795
1042.7845,1042.8207,68437,82628,Rhinolophus ferrumequinum,0.038,0.038,-1,Echolocation,/mnt/ubna_data_02_mir/recover-20220922/UBNA_001/20220921_090000.WAV,Telephone Field,recover-20220922,001,1795
1042.8005,1042.8083,26328,35266,Eptesicus serotinus,0.008,0.024,-1,Echolocation,/mnt/ubna_data_02_mir/recover-20220922/UBNA_001/20220921_090000.WAV,Telephone Field,recover-20220922,001,1795
1042.8435,1042.8855,68437,82634,Rhinolophus ferrumequinum,0.031,0.031,-1,Echolocation,/mnt/ubna_data_02_mir/recover-20220922/UBNA_001/20220921_090000.WAV,Telephone Field,recover-20220922,001,1795
1042.8675,1042.9078,68437,82767,Rhinolophus ferrumequinum,0.034,0.034,-1,Echolocation,/mnt/ubna_data_02_mir/recover-20220922/UBNA_001/20220921_090000.WAV,Telephone Field,recover-20220922,001,1795
1042.9005,1042.9119,27187,34198,Eptesicus serotinus,0.011,0.024,-1,Echolocation,/mnt/ubna_data_02_mir/recover-20220922/UBNA_001/20220921_090000.WAV,Telephone Field,recover-20220922,001,1795
1042.9085,1042.9195,28906,36269,Eptesicus serotinus,0.011,0.025,-1,Echolocation,/mnt/ubna_data_02_mir/recover-20220922/UBNA_001/20220921_090000.WAV,Telephone Field,recover-20220922,001,1795
1042.9135,1042.923,28906,36898,Eptesicus serotinus,0.01,0.025,-1,Echolocation,/mnt/ubna_data_02_mir/recover-20220922/UBNA_001/20220921_090000.WAV,Telephone Field,recover-20220922,001,1795
1042.9335,1042.9655,68437,81088,Rhinolophus ferrumequinum,0.048,0.048,-1,Echolocation,/mnt/ubna_data_02_mir/recover-20220922/UBNA_001/20220921_090000.WAV,Telephone Field,recover-20220922,001,1795
1042.9465,1042.9836,68437,82240,Rhinolophus ferrumequinum,0.023,0.023,-1,Echolocation,/mnt/ubna_data_02_mir/recover-20220922/UBNA_001/20220921_090000.WAV,Telephone Field,recover-20220922,001,1795
1042.9515,1042.9679,19453,24436,Nyctalus noctula,0.026,0.045,-1,Echolocation,/mnt/ubna_data_02_mir/recover-20220922/UBNA_001/20220921_090000.WAV,Telephone Field,recover-20220922,001,1795
1042.9595,1042.9995,68437,82391,Rhinolophus ferrumequinum,0.023,0.023,-1,Echolocation,/mnt/ubna_data_02_mir/recover-20220922/UBNA_001/20220921_090000.WAV,Telephone Field,recover-20220922,001,1795
1042.9835,1043.0263,68437,83214,Rhinolophus ferrumequinum,0.029,0.029,-1,Echolocation,/mnt/ubna_data_02_mir/recover-20220922/UBNA_001/20220921_090000.WAV,Telephone Field,recover-20220922,001,1795
1042.9875,1043.0046,21171,24351,Nyctalus leisleri,0.013,0.022,-1,Echolocation,/mnt/ubna_data_02_mir/recover-20220922/UBNA_001/20220921_090000.WAV,Telephone Field,recover-20220922,001,1795
1043.0025,1043.0407,68437,81904,Rhinolophus ferrumequinum,0.022,0.022,-1,Echolocation,/mnt/ubna_data_02_mir/recover-20220922/UBNA_001/20220921_090000.WAV,Telephone Field,recover-20220922,001,1795
1043.0375,1043.074,68437,81660,Rhinolophus ferrumequinum,0.022,0.022,-1,Echolocation,/mnt/ubna_data_02_mir/recover-20220922/UBNA_001/20220921_090000.WAV,Telephone Field,recover-20220922,001,1795
1043.0715,1043.1061,68437,80239,Rhinolophus ferrumequinum,0.033,0.034,-1,Echolocation,/mnt/ubna_data_02_mir/recover-20220922/UBNA_001/20220921_090000.WAV,Telephone Field,recover-20220922,001,1795
1043.0765,1043.0858,28046,38672,Eptesicus serotinus,0.01,0.026,-1,Echolocation,/mnt/ubna_data_02_mir/recover-20220922/UBNA_001/20220921_090000.WAV,Telephone Field,recover-20220922,001,1795
1043.0945,1043.137,68437,83322,Rhinolophus ferrumequinum,0.038,0.038,-1,Echolocation,/mnt/ubna_data_02_mir/recover-20220922/UBNA_001/20220921_090000.WAV,Telephone Field,recover-20220922,001,1795
1043.1095,1043.1238,37500,41869,Pipistrellus nathusii,0.016,0.024,-1,Echolocation,/mnt/ubna_data_02_mir/recover-20220922/UBNA_001/20220921_090000.WAV,Telephone Field,recover-20220922,001,1795
1043.1105,1043.1208,23750,30397,Nyctalus leisleri,0.009,0.023,-1,Echolocation,/mnt/ubna_data_02_mir/recover-20220922/UBNA_001/20220921_090000.WAV,Telephone Field,recover-20220922,001,1795
1043.1305,1043.1726,68437,83297,Rhinolophus ferrumequinum,0.033,0.033,-1,Echolocation,/mnt/ubna_data_02_mir/recover-20220922/UBNA_001/20220921_090000.WAV,Telephone Field,recover-20220922,001,1795
1043.1345,1043.1424,28046,40430,Eptesicus serotinus,0.008,0.025,-1,Echolocation,/mnt/ubna_data_02_mir/recover-20220922/UBNA_001/20220921_090000.WAV,Telephone Field,recover-20220922,001,1795
1043.1675,1043.2059,68437,82354,Rhinolophus ferrumequinum,0.026,0.026,-1,Echolocation,/mnt/ubna_data_02_mir/recover-20220922/UBNA_001/20220921_090000.WAV,Telephone Field,recover-20220922,001,1795
1043.1965,1043.2373,68437,82878,Rhinolophus ferrumequinum,0.029,0.029,-1,Echolocation,/mnt/ubna_data_02_mir/recover-20220922/UBNA_001/20220921_090000.WAV,Telephone Field,recover-20220922,001,1795
1043.2215,1043.2298,28046,37558,Eptesicus serotinus,0.013,0.029,-1,Echolocation,/mnt/ubna_data_02_mir/recover-20220922/UBNA_001/20220921_090000.WAV,Telephone Field,recover-20220922,001,1795
1043.2325,1043.2754,68437,83726,Rhinolophus ferrumequinum,0.041,0.041,-1,Echolocation,/mnt/ubna_data_02_mir/recover-20220922/UBNA_001/20220921_090000.WAV,Telephone Field,recover-20220922,001,1795
1043.2565,1043.2953,68437,82542,Rhinolophus ferrumequinum,0.033,0.033,-1,Echolocation,/mnt/ubna_data_02_mir/recover-20220922/UBNA_001/20220921_090000.WAV,Telephone Field,recover-20220922,001,1795
1043.2855,1043.3235,68437,82270,Rhinolophus ferrumequinum,0.033,0.033,-1,Echolocation,/mnt/ubna_data_02_mir/recover-20220922/UBNA_001/20220921_090000.WAV,Telephone Field,recover-20220922,001,1795
1043.2935,1043.3293,68437,80652,Rhinolophus ferrumequinum,0.028,0.028,-1,Echolocation,/mnt/ubna_data_02_mir/recover-20220922/UBNA_001/20220921_090000.WAV,Telephone Field,recover-20220922,001,1795
1043.3135,1043.3233,24609,31912,Eptesicus serotinus,0.008,0.022,-1,Echolocation,/mnt/ubna_data_02_mir/recover-20220922/UBNA_001/20220921_090000.WAV,Telephone Field,recover-20220922,001,1795
1043.3175,1043.3569,68437,82197,Rhinolophus ferrumequinum,0.029,0.029,-1,Echolocation,/mnt/ubna_data_02_mir/recover-20220922/UBNA_001/20220921_090000.WAV,Telephone Field,recover-20220922,001,1795
1043.3205,1043.3306,28046,36301,Eptesicus serotinus,0.01,0.024,-1,Echolocation,/mnt/ubna_data_02_mir/recover-20220922/UBNA_001/20220921_090000.WAV,Telephone Field,recover-20220922,001,1795
1043.3245,1043.3655,68437,82772,Rhinolophus ferrumequinum,0.026,0.027,-1,Echolocation,/mnt/ubna_data_02_mir/recover-20220922/UBNA_001/20220921_090000.WAV,Telephone Field,recover-20220922,001,1795
1043.3445,1043.3829,68437,82251,Rhinolophus ferrumequinum,0.023,0.023,-1,Echolocation,/mnt/ubna_data_02_mir/recover-20220922/UBNA_001/20220921_090000.WAV,Telephone Field,recover-20220922,001,1795
1043.3635,1043.3719,27187,39129,Eptesicus serotinus,0.008,0.023,-1,Echolocation,/mnt/ubna_data_02_mir/recover-20220922/UBNA_001/20220921_090000.WAV,Telephone Field,recover-20220922,001,1795
1043.3685,1043.4133,68437,83562,Rhinolophus ferrumequinum,0.051,0.051,-1,Echolocation,/mnt/ubna_data_02_mir/recover-20220922/UBNA_001/20220921_090000.WAV,Telephone Field,recover-20220922,001,1795
1043.4145,1043.4532,68437,82385,Rhinolophus ferrumequinum,0.04,0.04,-1,Echolocation,/mnt/ubna_data_02_mir/recover-20220922/UBNA_001/20220921_090000.WAV,Telephone Field,recover-20220922,001,1795
1043.4475,1043.4544,28046,39471,Eptesicus serotinus,0.007,0.024,-1,Echolocation,/mnt/ubna_data_02_mir/recover-20220922/UBNA_001/20220921_090000.WAV,Telephone Field,recover-20220922,001,1795
1043.4485,1043.486,68437,82314,Rhinolophus ferrumequinum,0.022,0.022,-1,Echolocation,/mnt/ubna_data_02_mir/recover-20220922/UBNA_001/20220921_090000.WAV,Telephone Field,recover-20220922,001,1795
1043.4695,1043.5074,68437,82051,Rhinolophus ferrumequinum,0.024,0.024,-1,Echolocation,/mnt/ubna_data_02_mir/recover-20220922/UBNA_001/20220921_090000.WAV,Telephone Field,recover-20220922,001,1795
1043.4825,1043.4976,22031,25301,Nyctalus leisleri,0.017,0.027,-1,Echolocation,/mnt/ubna_data_02_mir/recover-20220922/UBNA_001/20220921_090000.WAV,Telephone Field,recover-20220922,001,1795
1043.4895,1043.5261,68437,81604,Rhinolophus ferrumequinum,0.022,0.022,-1,Echolocation,/mnt/ubna_data_02_mir/recover-20220922/UBNA_001/20220921_090000.WAV,Telephone Field,recover-20220922,001,1795
1043.5405,1043.5779,68437,82517,Rhinolophus ferrumequinum,0.026,0.026,-1,Echolocation,/mnt/ubna_data_02_mir/recover-20220922/UBNA_001/20220921_090000.WAV,Telephone Field,recover-20220922,001,1795
1043.5475,1043.5553,28046,39538,Eptesicus serotinus,0.007,0.023,-1,Echolocation,/mnt/ubna_data_02_mir/recover-20220922/UBNA_001/20220921_090000.WAV,Telephone Field,recover-20220922,001,1795
1043.5495,1043.5861,68437,82063,Rhinolophus ferrumequinum,0.023,0.023,-1,Echolocation,/mnt/ubna_data_02_mir/recover-20220922/UBNA_001/20220921_090000.WAV,Telephone Field,recover-20220922,001,1795
1043.5735,1043.6147,68437,82782,Rhinolophus ferrumequinum,0.023,0.023,-1,Echolocation,/mnt/ubna_data_02_mir/recover-20220922/UBNA_001/20220921_090000.WAV,Telephone Field,recover-20220922,001,1795
1043.5795,1043.5872,27187,38554,Eptesicus serotinus,0.007,0.023,-1,Echolocation,/mnt/ubna_data_02_mir/recover-20220922/UBNA_001/20220921_090000.WAV,Telephone Field,recover-20220922,001,1795
1043.6025,1043.6127,27187,35606,Eptesicus serotinus,0.009,0.023,-1,Echolocation,/mnt/ubna_data_02_mir/recover-20220922/UBNA_001/20220921_090000.WAV,Telephone Field,recover-20220922,001,1795
1043.6055,1043.6452,68437,82510,Rhinolophus ferrumequinum,0.031,0.031,-1,Echolocation,/mnt/ubna_data_02_mir/recover-20220922/UBNA_001/20220921_090000.WAV,Telephone Field,recover-20220922,001,1795
1043.6155,1043.6537,68437,81898,Rhinolophus ferrumequinum,0.023,0.023,-1,Echolocation,/mnt/ubna_data_02_mir/recover-20220922/UBNA_001/20220921_090000.WAV,Telephone Field,recover-20220922,001,1795
1043.6255,1043.6647,68437,82595,Rhinolophus ferrumequinum,0.024,0.024,-1,Echolocation,/mnt/ubna_data_02_mir/recover-20220922/UBNA_001/20220921_090000.WAV,Telephone Field,recover-20220922,001,1795
1043.6345,1043.6727,68437,82289,Rhinolophus ferrumequinum,0.024,0.024,-1,Echolocation,/mnt/ubna_data_02_mir/recover-20220922/UBNA_001/20220921_090000.WAV,Telephone Field,recover-20220922,001,1795
1043.6725,1043.7147,68437,82841,Rhinolophus ferrumequinum,0.028,0.028,-1,Echolocation,/mnt/ubna_data_02_mir/recover-20220922/UBNA_001/20220921_090000.WAV,Telephone Field,recover-20220922,001,1795
1043.7055,1043.7494,68437,82530,Rhinolophus ferrumequinum,0.071,0.071,-1,Echolocation,/mnt/ubna_data_02_mir/recover-20220922/UBNA_001/20220921_090000.WAV,Telephone Field,recover-20220922,001,1795
1043.7145,1043.7229,27187,36644,Eptesicus serotinus,0.008,0.023,-1,Echolocation,/mnt/ubna_data_02_mir/recover-20220922/UBNA_001/20220921_090000.WAV,Telephone Field,recover-20220922,001,1795
1043.7355,1043.7745,68437,82388,Rhinolophus ferrumequinum,0.023,0.023,-1,Echolocation,/mnt/ubna_data_02_mir/recover-20220922/UBNA_001/20220921_090000.WAV,Telephone Field,recover-20220922,001,1795
1043.7425,1043.7498,27187,38224,Eptesicus serotinus,0.007,0.025,-1,Echolocation,/mnt/ubna_data_02_mir/recover-20220922/UBNA_001/20220921_090000.WAV,Telephone Field,recover-20220922,001,1795
1043.7645,1043.8013,68437,81675,Rhinolophus ferrumequinum,0.027,0.027,-1,Echolocation,/mnt/ubna_data_02_mir/recover-20220922/UBNA_001/20220921_090000.WAV,Telephone Field,recover-20220922,001,1795
1043.8155,1043.8533,68437,82678,Rhinolophus ferrumequinum,0.029,0.029,-1,Echolocation,/mnt/ubna_data_02_mir/recover-20220922/UBNA_001/20220921_090000.WAV,Telephone Field,recover-20220922,001,1795
1043.8215,1043.8316,28046,35568,Eptesicus serotinus,0.015,0.029,-1,Echolocation,/mnt/ubna_data_02_mir/recover-20220922/UBNA_001/20220921_090000.WAV,Telephone Field,recover-20220922,001,1795
1043.8485,1043.8842,68437,81198,Rhinolophus ferrumequinum,0.023,0.023,-1,Echolocation,/mnt/ubna_data_02_mir/recover-20220922/UBNA_001/20220921_090000.WAV,Telephone Field,recover-20220922,001,1795
1043.8485,1043.8602,34062,40916,Eptesicus serotinus,0.007,0.025,-1,Echolocation,/mnt/ubna_data_02_mir/recover-20220922/UBNA_001/20220921_090000.WAV,Telephone Field,recover-20220922,001,1795
1043.8805,1043.924,68437,83193,Rhinolophus ferrumequinum,0.027,0.027,-1,Echolocation,/mnt/ubna_data_02_mir/recover-20220922/UBNA_001/20220921_090000.WAV,Telephone Field,recover-20220922,001,1795
1043.9145,1043.9563,68437,82926,Rhinolophus ferrumequinum,0.027,0.027,-1,Echolocation,/mnt/ubna_data_02_mir/recover-20220922/UBNA_001/20220921_090000.WAV,Telephone Field,recover-20220922,001,1795
1043.9195,1043.9615,68437,83072,Rhinolophus ferrumequinum,0.027,0.027,-1,Echolocation,/mnt/ubna_data_02_mir/recover-20220922/UBNA_001/20220921_090000.WAV,Telephone Field,recover-20220922,001,1795
1043.9645,1043.9736,26328,34579,Eptesicus serotinus,0.01,0.022,-1,Echolocation,/mnt/ubna_data_02_mir/recover-20220922/UBNA_001/20220921_090000.WAV,Telephone Field,recover-20220922,001,1795
1044.0015,1044.0096,48671,55225,Pipistrellus pipistrellus,0.017,0.023,-1,Echolocation,/mnt/ubna_data_02_mir/recover-20220922/UBNA_001/20220921_090000.WAV,Telephone Field,recover-20220922,001,1795
1044.0015,1044.0297,68437,78914,Rhinolophus ferrumequinum,0.035,0.036,-1,Echolocation,/mnt/ubna_data_02_mir/recover-20220922/UBNA_001/20220921_090000.WAV,Telephone Field,recover-20220922,001,1795
1044.0015,1044.0114,24609,32785,Nyctalus leisleri,0.011,0.03,-1,Echolocation,/mnt/ubna_data_02_mir/recover-20220922/UBNA_001/20220921_090000.WAV,Telephone Field,recover-20220922,001,1795
1044.0155,1044.0557,68437,82025,Rhinolophus ferrumequinum,0.025,0.025,-1,Echolocation,/mnt/ubna_data_02_mir/recover-20220922/UBNA_001/20220921_090000.WAV,Telephone Field,recover-20220922,001,1795
1044.0245,1044.0354,24609,31721,Eptesicus serotinus,0.009,0.026,-1,Echolocation,/mnt/ubna_data_02_mir/recover-20220922/UBNA_001/20220921_090000.WAV,Telephone Field,recover-20220922,001,1795
1044.0365,1044.0476,24609,30733,Eptesicus serotinus,0.008,0.022,-1,Echolocation,/mnt/ubna_data_02_mir/recover-20220922/UBNA_001/20220921_090000.WAV,Telephone Field,recover-20220922,001,1795
1044.0545,1044.0919,68437,82014,Rhinolophus ferrumequinum,0.021,0.021,-1,Echolocation,/mnt/ubna_data_02_mir/recover-20220922/UBNA_001/20220921_090000.WAV,Telephone Field,recover-20220922,001,1795
1044.0865,1044.0999,23750,28845,Nyctalus leisleri,0.013,0.026,-1,Echolocation,/mnt/ubna_data_02_mir/recover-20220922/UBNA_001/20220921_090000.WAV,Telephone Field,recover-20220922,001,1795
1044.1085,1044.1469,68437,82065,Rhinolophus ferrumequinum,0.021,0.021,-1,Echolocation,/mnt/ubna_data_02_mir/recover-20220922/UBNA_001/20220921_090000.WAV,Telephone Field,recover-20220922,001,1795
1044.1175,1044.158,68437,82076,Rhinolophus ferrumequinum,0.022,0.022,-1,Echolocation,/mnt/ubna_data_02_mir/recover-20220922/UBNA_001/20220921_090000.WAV,Telephone Field,recover-20220922,001,1795
1044.1335,1044.1726,68437,82526,Rhinolophus ferrumequinum,0.026,0.026,-1,Echolocation,/mnt/ubna_data_02_mir/recover-20220922/UBNA_001/20220921_090000.WAV,Telephone Field,recover-20220922,001,1795
1044.1625,1044.1708,27187,37373,Eptesicus serotinus,0.008,0.021,-1,Echolocation,/mnt/ubna_data_02_mir/recover-20220922/UBNA_001/20220921_090000.WAV,Telephone Field,recover-20220922,001,1795
1044.1665,1044.2035,68437,81097,Rhinolophus ferrumequinum,0.021,0.021,-1,Echolocation,/mnt/ubna_data_02_mir/recover-20220922/UBNA_001/20220921_090000.WAV,Telephone Field,recover-20220922,001,1795
1044.2005,1044.2408,68437,82888,Rhinolophus ferrumequinum,0.033,0.033,-1,Echolocation,/mnt/ubna_data_02_mir/recover-20220922/UBNA_001/20220921_090000.WAV,Telephone Field,recover-20220922,001,1795
1044.2225,1044.2308,28046,37313,Eptesicus serotinus,0.007,0.022,-1,Echolocation,/mnt/ubna_data_02_mir/recover-20220922/UBNA_001/20220921_090000.WAV,Telephone Field,recover-20220922,001,1795
1044.2275,1044.2675,68437,82641,Rhinolophus ferrumequinum,0.026,0.026,-1,Echolocation,/mnt/ubna_data_02_mir/recover-20220922/UBNA_001/20220921_090000.WAV,Telephone Field,recover-20220922,001,1795
1044.2805,1044.2916,37500,41594,Pipistrellus nathusii,0.028,0.038,-1,Echolocation,/mnt/ubna_data_02_mir/recover-20220922/UBNA_001/20220921_090000.WAV,Telephone Field,recover-20220922,001,1795
1044.2845,1044.3013,22031,25778,Nyctalus leisleri,0.029,0.051,-1,Echolocation,/mnt/ubna_data_02_mir/recover-20220922/UBNA_001/20220921_090000.WAV,Telephone Field,recover-20220922,001,1795
1044.2905,1044.3303,68437,82672,Rhinolophus ferrumequinum,0.023,0.023,-1,Echolocation,/mnt/ubna_data_02_mir/recover-20220922/UBNA_001/20220921_090000.WAV,Telephone Field,recover-20220922,001,1795
1044.3195,1044.3567,68437,81788,Rhinolophus ferrumequinum,0.026,0.026,-1,Echolocation,/mnt/ubna_data_02_mir/recover-20220922/UBNA_001/20220921_090000.WAV,Telephone Field,recover-20220922,001,1795
1044.3525,1044.3885,68437,81790,Rhinolophus ferrumequinum,0.022,0.022,-1,Echolocation,/mnt/ubna_data_02_mir/recover-20220922/UBNA_001/20220921_090000.WAV,Telephone Field,recover-20220922,001,1795
1044.3775,1044.3892,26328,32884,Eptesicus serotinus,0.013,0.03,-1,Echolocation,/mnt/ubna_data_02_mir/recover-20220922/UBNA_001/20220921_090000.WAV,Telephone Field,recover-20220922,001,1795
1044.3875,1044.3961,28046,37674,Eptesicus serotinus,0.008,0.022,-1,Echolocation,/mnt/ubna_data_02_mir/recover-20220922/UBNA_001/20220921_090000.WAV,Telephone Field,recover-20220922,001,1795
1044.4005,1044.4399,68437,82477,Rhinolophus ferrumequinum,0.022,0.022,-1,Echolocation,/mnt/ubna_data_02_mir/recover-20220922/UBNA_001/20220921_090000.WAV,Telephone Field,recover-20220922,001,1795
1044.4395,1044.482,68437,83346,Rhinolophus ferrumequinum,0.024,0.024,-1,Echolocation,/mnt/ubna_data_02_mir/recover-20220922/UBNA_001/20220921_090000.WAV,Telephone Field,recover-20220922,001,1795
1044.4505,1044.458,26328,38253,Eptesicus serotinus,0.006,0.021,-1,Echolocation,/mnt/ubna_data_02_mir/recover-20220922/UBNA_001/20220921_090000.WAV,Telephone Field,recover-20220922,001,1795
1044.4585,1044.4976,68437,82890,Rhinolophus ferrumequinum,0.023,0.023,-1,Echolocation,/mnt/ubna_data_02_mir/recover-20220922/UBNA_001/20220921_090000.WAV,Telephone Field,recover-20220922,001,1795
1044.4805,1044.5192,68437,81592,Rhinolophus ferrumequinum,0.021,0.021,-1,Echolocation,/mnt/ubna_data_02_mir/recover-20220922/UBNA_001/20220921_090000.WAV,Telephone Field,recover-20220922,001,1795
1044.4825,1044.49,27187,36427,Eptesicus serotinus,0.007,0.022,-1,Echolocation,/mnt/ubna_data_02_mir/recover-20220922/UBNA_001/20220921_090000.WAV,Telephone Field,recover-20220922,001,1795
1044.4905,1044.5308,68437,82451,Rhinolophus ferrumequinum,0.023,0.023,-1,Echolocation,/mnt/ubna_data_02_mir/recover-20220922/UBNA_001/20220921_090000.WAV,Telephone Field,recover-20220922,001,1795
1044.4995,1044.5085,28906,38452,Eptesicus serotinus,0.01,0.023,-1,Echolocation,/mnt/ubna_data_02_mir/recover-20220922/UBNA_001/20220921_090000.WAV,Telephone Field,recover-20220922,001,1795
1044.5025,1044.5385,68437,81952,Rhinolophus ferrumequinum,0.024,0.024,-1,Echolocation,/mnt/ubna_data_02_mir/recover-20220922/UBNA_001/20220921_090000.WAV,Telephone Field,recover-20220922,001,1795
1044.5185,1044.5296,22890,27989,Nyctalus leisleri,0.012,0.024,-1,Echolocation,/mnt/ubna_data_02_mir/recover-20220922/UBNA_001/20220921_090000.WAV,Telephone Field,recover-20220922,001,1795
1044.5525,1044.5948,68437,83242,Rhinolophus ferrumequinum,0.023,0.023,-1,Echolocation,/mnt/ubna_data_02_mir/recover-20220922/UBNA_001/20220921_090000.WAV,Telephone Field,recover-20220922,001,1795
1044.5605,1044.6023,68437,83492,Rhinolophus ferrumequinum,0.024,0.024,-1,Echolocation,/mnt/ubna_data_02_mir/recover-20220922/UBNA_001/20220921_090000.WAV,Telephone Field,recover-20220922,001,1795
1044.5795,1044.6211,68437,82700,Rhinolophus ferrumequinum,0.036,0.036,-1,Echolocation,/mnt/ubna_data_02_mir/recover-20220922/UBNA_001/20220921_090000.WAV,Telephone Field,recover-20220922,001,1795
1044.6135,1044.6535,68437,82962,Rhinolophus ferrumequinum,0.036,0.036,-1,Echolocation,/mnt/ubna_data_02_mir/recover-20220922/UBNA_001/20220921_090000.WAV,Telephone Field,recover-20220922,001,1795
1044.6235,1044.6329,28046,36603,Eptesicus serotinus,0.011,0.025,-1,Echolocation,/mnt/ubna_data_02_mir/recover-20220922/UBNA_001/20220921_090000.WAV,Telephone Field,recover-20220922,001,1795
1044.6325,1044.6706,68437,82421,Rhinolophus ferrumequinum,0.023,0.023,-1,Echolocation,/mnt/ubna_data_02_mir/recover-20220922/UBNA_001/20220921_090000.WAV,Telephone Field,recover-20220922,001,1795
1044.6465,1044.6554,28046,37560,Eptesicus serotinus,0.011,0.026,-1,Echolocation,/mnt/ubna_data_02_mir/recover-20220922/UBNA_001/20220921_090000.WAV,Telephone Field,recover-20220922,001,1795
1044.6725,1044.6797,26328,39471,Eptesicus serotinus,0.006,0.021,-1,Echolocation,/mnt/ubna_data_02_mir/recover-20220922/UBNA_001/20220921_090000.WAV,Telephone Field,recover-20220922,001,1795
1044.6815,1044.7216,68437,81849,Rhinolophus ferrumequinum,0.025,0.025,-1,Echolocation,/mnt/ubna_data_02_mir/recover-20220922/UBNA_001/20220921_090000.WAV,Telephone Field,recover-20220922,001,1795
1044.7365,1044.7754,68437,82184,Rhinolophus ferrumequinum,0.027,0.027,-1,Echolocation,/mnt/ubna_data_02_mir/recover-20220922/UBNA_001/20220921_090000.WAV,Telephone Field,recover-20220922,001,1795
1044.7775,1044.818,68437,82459,Rhinolophus ferrumequinum,0.028,0.028,-1,Echolocation,/mnt/ubna_data_02_mir/recover-20220922/UBNA_001/20220921_090000.WAV,Telephone Field,recover-20220922,001,1795
1044.7925,1044.8028,23750,29800,Nyctalus leisleri,0.01,0.025,-1,Echolocation,/mnt/ubna_data_02_mir/recover-20220922/UBNA_001/20220921_090000.WAV,Telephone Field,recover-20220922,001,1795
1044.7995,1044.8363,68437,81933,Rhinolophus ferrumequinum,0.024,0.024,-1,Echolocation,/mnt/ubna_data_02_mir/recover-20220922/UBNA_001/20220921_090000.WAV,Telephone Field,recover-20220922,001,1795
1044.8355,1044.8451,49531,53884,Pipistrellus pipistrellus,0.018,0.022,-1,Echolocation,/mnt/ubna_data_02_mir/recover-20220922/UBNA_001/20220921_090000.WAV,Telephone Field,recover-20220922,001,1795
1044.8395,1044.8479,28046,40255,Eptesicus serotinus,0.009,0.024,-1,Echolocation,/mnt/ubna_data_02_mir/recover-20220922/UBNA_001/20220921_090000.WAV,Telephone Field,recover-20220922,001,1795
1044.8395,1044.8784,68437,82616,Rhinolophus ferrumequinum,0.029,0.029,-1,Echolocation,/mnt/ubna_data_02_mir/recover-20220922/UBNA_001/20220921_090000.WAV,Telephone Field,recover-20220922,001,1795
1044.8525,1044.8942,68437,82080,Rhinolophus ferrumequinum,0.023,0.023,-1,Echolocation,/mnt/ubna_data_02_mir/recover-20220922/UBNA_001/20220921_090000.WAV,Telephone Field,recover-20220922,001,1795
1044.8575,1044.8989,68437,82531,Rhinolophus ferrumequinum,0.023,0.023,-1,Echolocation,/mnt/ubna_data_02_mir/recover-20220922/UBNA_001/20220921_090000.WAV,Telephone Field,recover-20220922,001,1795
1044.9055,1044.9124,23750,34298,Plecotus austriacus,0.019,0.04,-1,Echolocation,/mnt/ubna_data_02_mir/recover-20220922/UBNA_001/20220921_090000.WAV,Telephone Field,recover-20220922,001,1795
1044.9095,1044.952,68437,82784,Rhinolophus ferrumequinum,0.028,0.028,-1,Echolocation,/mnt/ubna_data_02_mir/recover-20220922/UBNA_001/20220921_090000.WAV,Telephone Field,recover-20220922,001,1795
1044.9355,1044.9712,68437,81743,Rhinolophus ferrumequinum,0.026,0.026,-1,Echolocation,/mnt/ubna_data_02_mir/recover-20220922/UBNA_001/20220921_090000.WAV,Telephone Field,recover-20220922,001,1795
1044.9555,1044.9922,68437,81485,Rhinolophus ferrumequinum,0.022,0.022,-1,Echolocation,/mnt/ubna_data_02_mir/recover-20220922/UBNA_001/20220921_090000.WAV,Telephone Field,recover-20220922,001,1795
1044.9665,1045.0046,68437,82553,Rhinolophus ferrumequinum,0.023,0.023,-1,Echolocation,/mnt/ubna_data_02_mir/recover-20220922/UBNA_001/20220921_090000.WAV,Telephone Field,recover-20220922,001,1795
1044.9895,1044.9984,22890,30131,Plecotus austriacus,0.008,0.022,-1,Echolocation,/mnt/ubna_data_02_mir/recover-20220922/UBNA_001/20220921_090000.WAV,Telephone Field,recover-20220922,001,1795
1045.0045,1045.0443,68437,82380,Rhinolophus ferrumequinum,0.023,0.023,-1,Echolocation,/mnt/ubna_data_02_mir/recover-20220922/UBNA_001/20220921_090000.WAV,Telephone Field,recover-20220922,001,1795
1045.0315,1045.0692,68437,82116,Rhinolophus ferrumequinum,0.022,0.022,-1,Echolocation,/mnt/ubna_data_02_mir/recover-20220922/UBNA_001/20220921_090000.WAV,Telephone Field,recover-20220922,001,1795
1045.0395,1045.0775,68437,82136,Rhinolophus ferrumequinum,0.021,0.021,-1,Echolocation,/mnt/ubna_data_02_mir/recover-20220922/UBNA_001/20220921_090000.WAV,Telephone Field,recover-20220922,001,1795
1045.0495,1045.06,22890,28289,Nyctalus leisleri,0.01,0.022,-1,Echolocation,/mnt/ubna_data_02_mir/recover-20220922/UBNA_001/20220921_090000.WAV,Telephone Field,recover-20220922,001,1795
1045.0965,1045.137,68437,82621,Rhinolophus ferrumequinum,0.031,0.031,-1,Echolocation,/mnt/ubna_data_02_mir/recover-20220922/UBNA_001/20220921_090000.WAV,Telephone Field,recover-20220922,001,1795
1045.1265,1045.1679,68437,82931,Rhinolophus ferrumequinum,0.026,0.027,-1,Echolocation,/mnt/ubna_data_02_mir/recover-20220922/UBNA_001/20220921_090000.WAV,Telephone Field,recover-20220922,001,1795
1045.2695,1045.3048,68437,81440,Rhinolophus ferrumequinum,0.022,0.022,-1,Echolocation,/mnt/ubna_data_02_mir/recover-20220922/UBNA_001/20220921_090000.WAV,Telephone Field,recover-20220922,001,1795
1045.2755,1045.3118,68437,81349,Rhinolophus ferrumequinum,0.023,0.023,-1,Echolocation,/mnt/ubna_data_02_mir/recover-20220922/UBNA_001/20220921_090000.WAV,Telephone Field,recover-20220922,001,1795
1045.3185,1045.3567,68437,82111,Rhinolophus ferrumequinum,0.023,0.023,-1,Echolocation,/mnt/ubna_data_02_mir/recover-20220922/UBNA_001/20220921_090000.WAV,Telephone Field,recover-20220922,001,1795
1045.3235,1045.359,68437,82207,Rhinolophus ferrumequinum,0.023,0.023,-1,Echolocation,/mnt/ubna_data_02_mir/recover-20220922/UBNA_001/20220921_090000.WAV,Telephone Field,recover-20220922,001,1795
1045.3375,1045.3777,68437,82875,Rhinolophus ferrumequinum,0.028,0.028,-1,Echolocation,/mnt/ubna_data_02_mir/recover-20220922/UBNA_001/20220921_090000.WAV,Telephone Field,recover-20220922,001,1795
1045.3715,1045.3777,28906,40022,Eptesicus serotinus,0.005,0.025,-1,Echolocation,/mnt/ubna_data_02_mir/recover-20220922/UBNA_001/20220921_090000.WAV,Telephone Field,recover-20220922,001,1795
1045.3855,1045.4219,68437,81795,Rhinolophus ferrumequinum,0.026,0.026,-1,Echolocation,/mnt/ubna_data_02_mir/recover-20220922/UBNA_001/20220921_090000.WAV,Telephone Field,recover-20220922,001,1795
1045.4155,1045.4523,68437,81697,Rhinolophus ferrumequinum,0.024,0.024,-1,Echolocation,/mnt/ubna_data_02_mir/recover-20220922/UBNA_001/20220921_090000.WAV,Telephone Field,recover-20220922,001,1795
1045.4555,1045.4652,25468,32306,Nyctalus leisleri,0.008,0.022,-1,Echolocation,/mnt/ubna_data_02_mir/recover-20220922/UBNA_001/20220921_090000.WAV,Telephone Field,recover-20220922,001,1795
1045.4835,1045.4973,25468,30291,Nyctalus leisleri,0.012,0.026,-1,Echolocation,/mnt/ubna_data_02_mir/recover-20220922/UBNA_001/20220921_090000.WAV,Telephone Field,recover-20220922,001,1795
1045.4865,1045.5255,68437,82373,Rhinolophus ferrumequinum,0.022,0.022,-1,Echolocation,/mnt/ubna_data_02_mir/recover-20220922/UBNA_001/20220921_090000.WAV,Telephone Field,recover-20220922,001,1795
1045.5215,1045.5586,68437,81921,Rhinolophus ferrumequinum,0.023,0.023,-1,Echolocation,/mnt/ubna_data_02_mir/recover-20220922/UBNA_001/20220921_090000.WAV,Telephone Field,recover-20220922,001,1795
1045.5225,1045.5327,24609,32087,Nyctalus leisleri,0.007,0.023,-1,Echolocation,/mnt/ubna_data_02_mir/recover-20220922/UBNA_001/20220921_090000.WAV,Telephone Field,recover-20220922,001,1795
1045.5395,1045.574,68437,81616,Rhinolophus ferrumequinum,0.022,0.023,-1,Echolocation,/mnt/ubna_data_02_mir/recover-20220922/UBNA_001/20220921_090000.WAV,Telephone Field,recover-20220922,001,1795
1045.5685,1045.6056,68437,82188,Rhinolophus ferrumequinum,0.024,0.024,-1,Echolocation,/mnt/ubna_data_02_mir/recover-20220922/UBNA_001/20220921_090000.WAV,Telephone Field,recover-20220922,001,1795
1045.5865,1045.5961,24609,31496,Nyctalus leisleri,0.007,0.023,-1,Echolocation,/mnt/ubna_data_02_mir/recover-20220922/UBNA_001/20220921_090000.WAV,Telephone Field,recover-20220922,001,1795
1045.6285,1045.6634,68437,81316,Rhinolophus ferrumequinum,0.03,0.03,-1,Echolocation,/mnt/ubna_data_02_mir/recover-20220922/UBNA_001/20220921_090000.WAV,Telephone Field,recover-20220922,001,1795
1045.6375,1045.6772,68437,81831,Rhinolophus ferrumequinum,0.024,0.024,-1,Echolocation,/mnt/ubna_data_02_mir/recover-20220922/UBNA_001/20220921_090000.WAV,Telephone Field,recover-20220922,001,1795
1045.6445,1045.6543,24609,30986,Nyctalus leisleri,0.008,0.022,-1,Echolocation,/mnt/ubna_data_02_mir/recover-20220922/UBNA_001/20220921_090000.WAV,Telephone Field,recover-20220922,001,1795
1045.6465,1045.6582,28906,35618,Eptesicus serotinus,0.011,0.023,-1,Echolocation,/mnt/ubna_data_02_mir/recover-20220922/UBNA_001/20220921_090000.WAV,Telephone Field,recover-20220922,001,1795
1045.6525,1045.6638,28906,35498,Eptesicus serotinus,0.011,0.023,-1,Echolocation,/mnt/ubna_data_02_mir/recover-20220922/UBNA_001/20220921_090000.WAV,Telephone Field,recover-20220922,001,1795
1045.6705,1045.7075,68437,81101,Rhinolophus ferrumequinum,0.024,0.024,-1,Echolocation,/mnt/ubna_data_02_mir/recover-20220922/UBNA_001/20220921_090000.WAV,Telephone Field,recover-20220922,001,1795
1045.6735,1045.6811,23750,32275,Plecotus austriacus,0.013,0.028,-1,Echolocation,/mnt/ubna_data_02_mir/recover-20220922/UBNA_001/20220921_090000.WAV,Telephone Field,recover-20220922,001,1795
1045.7055,1045.7457,68437,82415,Rhinolophus ferrumequinum,0.024,0.024,-1,Echolocation,/mnt/ubna_data_02_mir/recover-20220922/UBNA_001/20220921_090000.WAV,Telephone Field,recover-20220922,001,1795
1045.7385,1045.745,49531,57467,Pipistrellus pipistrellus,0.028,0.031,-1,Echolocation,/mnt/ubna_data_02_mir/recover-20220922/UBNA_001/20220921_090000.WAV,Telephone Field,recover-20220922,001,1795
1045.7525,1045.7911,68437,82364,Rhinolophus ferrumequinum,0.023,0.023,-1,Echolocation,/mnt/ubna_data_02_mir/recover-20220922/UBNA_001/20220921_090000.WAV,Telephone Field,recover-20220922,001,1795
1045.7755,1045.8117,68437,81252,Rhinolophus ferrumequinum,0.022,0.022,-1,Echolocation,/mnt/ubna_data_02_mir/recover-20220922/UBNA_001/20220921_090000.WAV,Telephone Field,recover-20220922,001,1795
1045.7915,1045.7987,28046,38141,Eptesicus serotinus,0.011,0.03,-1,Echolocation,/mnt/ubna_data_02_mir/recover-20220922/UBNA_001/20220921_090000.WAV,Telephone Field,recover-20220922,001,1795
1045.8025,1045.8438,68437,82975,Rhinolophus ferrumequinum,0.029,0.029,-1,Echolocation,/mnt/ubna_data_02_mir/recover-20220922/UBNA_001/20220921_090000.WAV,Telephone Field,recover-20220922,001,1795
1045.8275,1045.8685,68437,83091,Rhinolophus ferrumequinum,0.033,0.033,-1,Echolocation,/mnt/ubna_data_02_mir/recover-20220922/UBNA_001/20220921_090000.WAV,Telephone Field,recover-20220922,001,1795
1045.8465,1045.8569,27187,35927,Eptesicus serotinus,0.011,0.026,-1,Echolocation,/mnt/ubna_data_02_mir/recover-20220922/UBNA_001/20220921_090000.WAV,Telephone Field,recover-20220922,001,1795
1045.8665,1045.9103,68437,83406,Rhinolophus ferrumequinum,0.033,0.033,-1,Echolocation,/mnt/ubna_data_02_mir/recover-20220922/UBNA_001/20220921_090000.WAV,Telephone Field,recover-20220922,001,1795
1045.8975,1045.9352,68437,81014,Rhinolophus ferrumequinum,0.026,0.026,-1,Echolocation,/mnt/ubna_data_02_mir/recover-20220922/UBNA_001/20220921_090000.WAV,Telephone Field,recover-20220922,001,1795
1045.9005,1045.9091,23750,32995,Plecotus austriacus,0.009,0.024,-1,Echolocation,/mnt/ubna_data_02_mir/recover-20220922/UBNA_001/20220921_090000.WAV,Telephone Field,recover-20220922,001,1795
1045.9215,1045.9627,68437,82320,Rhinolophus ferrumequinum,0.023,0.023,-1,Echolocation,/mnt/ubna_data_02_mir/recover-20220922/UBNA_001/20220921_090000.WAV,Telephone Field,recover-20220922,001,1795
1046.0015,1046.0343,69296,81309,Rhinolophus ferrumequinum,0.029,0.029,-1,Echolocation,/mnt/ubna_data_02_mir/recover-20220922/UBNA_001/20220921_090000.WAV,Telephone Field,recover-20220922,001,1795
1046.0015,1046.014,19453,23670,Nyctalus leisleri,0.016,0.035,-1,Echolocation,/mnt/ubna_data_02_mir/recover-20220922/UBNA_001/20220921_090000.WAV,Telephone Field,recover-20220922,001,1795
1046.0085,1046.0496,68437,81969,Rhinolophus ferrumequinum,0.021,0.021,-1,Echolocation,/mnt/ubna_data_02_mir/recover-20220922/UBNA_001/20220921_090000.WAV,Telephone Field,recover-20220922,001,1795
1046.0135,1046.0226,28046,37278,Eptesicus serotinus,0.009,0.023,-1,Echolocation,/mnt/ubna_data_02_mir/recover-20220922/UBNA_001/20220921_090000.WAV,Telephone Field,recover-20220922,001,1795
1046.0285,1046.0362,23750,32198,Plecotus austriacus,0.02,0.052,-1,Echolocation,/mnt/ubna_data_02_mir/recover-20220922/UBNA_001/20220921_090000.WAV,Telephone Field,recover-20220922,001,1795
1046.0395,1046.0823,68437,82947,Rhinolophus ferrumequinum,0.031,0.031,-1,Echolocation,/mnt/ubna_data_02_mir/recover-20220922/UBNA_001/20220921_090000.WAV,Telephone Field,recover-20220922,001,1795
1046.0545,1046.0627,28046,38296,Eptesicus serotinus,0.008,0.024,-1,Echolocation,/mnt/ubna_data_02_mir/recover-20220922/UBNA_001/20220921_090000.WAV,Telephone Field,recover-20220922,001,1795
1046.0655,1046.1031,68437,81313,Rhinolophus ferrumequinum,0.022,0.022,-1,Echolocation,/mnt/ubna_data_02_mir/recover-20220922/UBNA_001/20220921_090000.WAV,Telephone Field,recover-20220922,001,1795
1046.1335,1046.1724,68437,82623,Rhinolophus ferrumequinum,0.022,0.022,-1,Echolocation,/mnt/ubna_data_02_mir/recover-20220922/UBNA_001/20220921_090000.WAV,Telephone Field,recover-20220922,001,1795
1046.1385,1046.1791,68437,82488,Rhinolophus ferrumequinum,0.022,0.022,-1,Echolocation,/mnt/ubna_data_02_mir/recover-20220922/UBNA_001/20220921_090000.WAV,Telephone Field,recover-20220922,001,1795
1046.1405,1046.1583,21171,23860,Nyctalus leisleri,0.016,0.025,-1,Echolocation,/mnt/ubna_data_02_mir/recover-20220922/UBNA_001/20220921_090000.WAV,Telephone Field,recover-20220922,001,1795
1046.1545,1046.1933,68437,81675,Rhinolophus ferrumequinum,0.023,0.023,-1,Echolocation,/mnt/ubna_data_02_mir/recover-20220922/UBNA_001/20220921_090000.WAV,Telephone Field,recover-20220922,001,1795
1046.1815,1046.221,68437,82285,Rhinolophus ferrumequinum,0.026,0.026,-1,Echolocation,/mnt/ubna_data_02_mir/recover-20220922/UBNA_001/20220921_090000.WAV,Telephone Field,recover-20220922,001,1795
1046.2505,1046.2894000000001,68437,81725,Rhinolophus ferrumequinum,0.024,0.024,-1,Echolocation,/mnt/ubna_data_02_mir/recover-20220922/UBNA_001/20220921_090000.WAV,Telephone Field,recover-20220922,001,1795
1046.2545,1046.2652,22890,27749,Nyctalus leisleri,0.012,0.023,-1,Echolocation,/mnt/ubna_data_02_mir/recover-20220922/UBNA_001/20220921_090000.WAV,Telephone Field,recover-20220922,001,1795
1046.2685,1046.2766,26328,35465,Eptesicus serotinus,0.009,0.024,-1,Echolocation,/mnt/ubna_data_02_mir/recover-20220922/UBNA_001/20220921_090000.WAV,Telephone Field,recover-20220922,001,1795
1046.2765,1046.3168,68437,81544,Rhinolophus ferrumequinum,0.032,0.032,-1,Echolocation,/mnt/ubna_data_02_mir/recover-20220922/UBNA_001/20220921_090000.WAV,Telephone Field,recover-20220922,001,1795
1046.3245,1046.3319,47812,52149,Pipistrellus pipistrellus,0.026,0.027,-1,Echolocation,/mnt/ubna_data_02_mir/recover-20220922/UBNA_001/20220921_090000.WAV,Telephone Field,recover-20220922,001,1795
1046.3425,1046.352,26328,35014,Eptesicus serotinus,0.01,0.023,-1,Echolocation,/mnt/ubna_data_02_mir/recover-20220922/UBNA_001/20220921_090000.WAV,Telephone Field,recover-20220922,001,1795
1046.3485,1046.3844,68437,81155,Rhinolophus ferrumequinum,0.023,0.023,-1,Echolocation,/mnt/ubna_data_02_mir/recover-20220922/UBNA_001/20220921_090000.WAV,Telephone Field,recover-20220922,001,1795
1046.3615,1046.369,46093,49748,Pipistrellus pipistrellus,0.022,0.023,-1,Echolocation,/mnt/ubna_data_02_mir/recover-20220922/UBNA_001/20220921_090000.WAV,Telephone Field,recover-20220922,001,1795
1046.3755,1046.3905,35781,40198,Pipistrellus nathusii,0.015,0.038,-1,Echolocation,/mnt/ubna_data_02_mir/recover-20220922/UBNA_001/20220921_090000.WAV,Telephone Field,recover-20220922,001,1795
1046.3795,1046.4152,68437,81667,Rhinolophus ferrumequinum,0.038,0.038,-1,Echolocation,/mnt/ubna_data_02_mir/recover-20220922/UBNA_001/20220921_090000.WAV,Telephone Field,recover-20220922,001,1795
1046.4285,1046.4388,28906,37795,Eptesicus serotinus,0.009,0.021,-1,Echolocation,/mnt/ubna_data_02_mir/recover-20220922/UBNA_001/20220921_090000.WAV,Telephone Field,recover-20220922,001,1795
1046.4375,1046.4483,28906,35338,Eptesicus serotinus,0.01,0.023,-1,Echolocation,/mnt/ubna_data_02_mir/recover-20220922/UBNA_001/20220921_090000.WAV,Telephone Field,recover-20220922,001,1795
1046.4475,1046.4891,68437,82747,Rhinolophus ferrumequinum,0.03,0.03,-1,Echolocation,/mnt/ubna_data_02_mir/recover-20220922/UBNA_001/20220921_090000.WAV,Telephone Field,recover-20220922,001,1795
1046.4815,1046.5214,68437,82253,Rhinolophus ferrumequinum,0.022,0.022,-1,Echolocation,/mnt/ubna_data_02_mir/recover-20220922/UBNA_001/20220921_090000.WAV,Telephone Field,recover-20220922,001,1795
1046.5225,1046.5603,68437,82222,Rhinolophus ferrumequinum,0.024,0.024,-1,Echolocation,/mnt/ubna_data_02_mir/recover-20220922/UBNA_001/20220921_090000.WAV,Telephone Field,recover-20220922,001,1795
1046.5425,1046.5811,68437,81776,Rhinolophus ferrumequinum,0.023,0.023,-1,Echolocation,/mnt/ubna_data_02_mir/recover-20220922/UBNA_001/20220921_090000.WAV,Telephone Field,recover-20220922,001,1795
1046.5855,1046.6226,68437,82022,Rhinolophus ferrumequinum,0.023,0.023,-1,Echolocation,/mnt/ubna_data_02_mir/recover-20220922/UBNA_001/20220921_090000.WAV,Telephone Field,recover-20220922,001,1795
1046.6165,1046.6553,68437,82144,Rhinolophus ferrumequinum,0.023,0.023,-1,Echolocation,/mnt/ubna_data_02_mir/recover-20220922/UBNA_001/20220921_090000.WAV,Telephone Field,recover-20220922,001,1795
1046.6385,1046.6785,68437,82319,Rhinolophus ferrumequinum,0.022,0.022,-1,Echolocation,/mnt/ubna_data_02_mir/recover-20220922/UBNA_001/20220921_090000.WAV,Telephone Field,recover-20220922,001,1795
1046.6425,1046.6512,23750,32416,Plecotus austriacus,0.008,0.025,-1,Echolocation,/mnt/ubna_data_02_mir/recover-20220922/UBNA_001/20220921_090000.WAV,Telephone Field,recover-20220922,001,1795
1046.6845,1046.7249,68437,82406,Rhinolophus ferrumequinum,0.023,0.023,-1,Echolocation,/mnt/ubna_data_02_mir/recover-20220922/UBNA_001/20220921_090000.WAV,Telephone Field,recover-20220922,001,1795
1046.6905,1046.7295,68437,82457,Rhinolophus ferrumequinum,0.023,0.023,-1,Echolocation,/mnt/ubna_data_02_mir/recover-20220922/UBNA_001/20220921_090000.WAV,Telephone Field,recover-20220922,001,1795
1046.6975,1046.7047,24609,33520,Plecotus austriacus,0.009,0.023,-1,Echolocation,/mnt/ubna_data_02_mir/recover-20220922/UBNA_001/20220921_090000.WAV,Telephone Field,recover-20220922,001,1795
1046.7065,1046.7451,68437,81609,Rhinolophus ferrumequinum,0.027,0.027,-1,Echolocation,/mnt/ubna_data_02_mir/recover-20220922/UBNA_001/20220921_090000.WAV,Telephone Field,recover-20220922,001,1795
1046.7255,1046.7651,68437,82144,Rhinolophus ferrumequinum,0.024,0.024,-1,Echolocation,/mnt/ubna_data_02_mir/recover-20220922/UBNA_001/20220921_090000.WAV,Telephone Field,recover-20220922,001,1795
1046.7355,1046.7741,68437,81980,Rhinolophus ferrumequinum,0.025,0.025,-1,Echolocation,/mnt/ubna_data_02_mir/recover-20220922/UBNA_001/20220921_090000.WAV,Telephone Field,recover-20220922,001,1795
1046.7525,1046.7918,68437,82621,Rhinolophus ferrumequinum,0.033,0.033,-1,Echolocation,/mnt/ubna_data_02_mir/recover-20220922/UBNA_001/20220921_090000.WAV,Telephone Field,recover-20220922,001,1795
1046.8225,1046.8576,68437,81037,Rhinolophus ferrumequinum,0.022,0.022,-1,Echolocation,/mnt/ubna_data_02_mir/recover-20220922/UBNA_001/20220921_090000.WAV,Telephone Field,recover-20220922,001,1795
1046.8285,1046.8639,68437,80977,Rhinolophus ferrumequinum,0.021,0.021,-1,Echolocation,/mnt/ubna_data_02_mir/recover-20220922/UBNA_001/20220921_090000.WAV,Telephone Field,recover-20220922,001,1795
1046.8305,1046.845,21171,24557,Nyctalus leisleri,0.013,0.022,-1,Echolocation,/mnt/ubna_data_02_mir/recover-20220922/UBNA_001/20220921_090000.WAV,Telephone Field,recover-20220922,001,1795
1046.8395,1046.8774,68437,82408,Rhinolophus ferrumequinum,0.024,0.024,-1,Echolocation,/mnt/ubna_data_02_mir/recover-20220922/UBNA_001/20220921_090000.WAV,Telephone Field,recover-20220922,001,1795
1046.8635,1046.8725,28906,36941,Eptesicus serotinus,0.009,0.022,-1,Echolocation,/mnt/ubna_data_02_mir/recover-20220922/UBNA_001/20220921_090000.WAV,Telephone Field,recover-20220922,001,1795
1046.8705,1046.9088,68437,81579,Rhinolophus ferrumequinum,0.023,0.023,-1,Echolocation,/mnt/ubna_data_02_mir/recover-20220922/UBNA_001/20220921_090000.WAV,Telephone Field,recover-20220922,001,1795
1046.8975,1046.9061,26328,34183,Eptesicus serotinus,0.009,0.023,-1,Echolocation,/mnt/ubna_data_02_mir/recover-20220922/UBNA_001/20220921_090000.WAV,Telephone Field,recover-20220922,001,1795
1046.9065,1046.9487,68437,83186,Rhinolophus ferrumequinum,0.035,0.035,-1,Echolocation,/mnt/ubna_data_02_mir/recover-20220922/UBNA_001/20220921_090000.WAV,Telephone Field,recover-20220922,001,1795
1046.9575,1046.9998,68437,82788,Rhinolophus ferrumequinum,0.036,0.036,-1,Echolocation,/mnt/ubna_data_02_mir/recover-20220922/UBNA_001/20220921_090000.WAV,Telephone Field,recover-20220922,001,1795
1046.9745,1046.9859,22890,27320,Nyctalus leisleri,0.016,0.028,-1,Echolocation,/mnt/ubna_data_02_mir/recover-20220922/UBNA_001/20220921_090000.WAV,Telephone Field,recover-20220922,001,1795
1046.9915,1047.0314,68437,82387,Rhinolophus ferrumequinum,0.024,0.024,-1,Echolocation,/mnt/ubna_data_02_mir/recover-20220922/UBNA_001/20220921_090000.WAV,Telephone Field,recover-20220922,001,1795
1047.0075,1047.0476,68437,82190,Rhinolophus ferrumequinum,0.023,0.023,-1,Echolocation,/mnt/ubna_data_02_mir/recover-20220922/UBNA_001/20220921_090000.WAV,Telephone Field,recover-20220922,001,1795
1047.0335,1047.0726,68437,82298,Rhinolophus ferrumequinum,0.024,0.024,-1,Echolocation,/mnt/ubna_data_02_mir/recover-20220922/UBNA_001/20220921_090000.WAV,Telephone Field,recover-20220922,001,1795
1047.0885,1047.1283,68437,82678,Rhinolophus ferrumequinum,0.022,0.022,-1,Echolocation,/mnt/ubna_data_02_mir/recover-20220922/UBNA_001/20220921_090000.WAV,Telephone Field,recover-20220922,001,1795
1047.1515,1047.1935,68437,83020,Rhinolophus ferrumequinum,0.033,0.033,-1,Echolocation,/mnt/ubna_data_02_mir/recover-20220922/UBNA_001/20220921_090000.WAV,Telephone Field,recover-20220922,001,1795
1047.1765,1047.1852,27187,38591,Eptesicus serotinus,0.008,0.022,-1,Echolocation,/mnt/ubna_data_02_mir/recover-20220922/UBNA_001/20220921_090000.WAV,Telephone Field,recover-20220922,001,1795
1047.1985,1047.2323,68437,80132,Rhinolophus ferrumequinum,0.031,0.031,-1,Echolocation,/mnt/ubna_data_02_mir/recover-20220922/UBNA_001/20220921_090000.WAV,Telephone Field,recover-20220922,001,1795
1047.2145,1047.2513,68437,81057,Rhinolophus ferrumequinum,0.022,0.022,-1,Echolocation,/mnt/ubna_data_02_mir/recover-20220922/UBNA_001/20220921_090000.WAV,Telephone Field,recover-20220922,001,1795
1047.2225,1047.2598,68437,81937,Rhinolophus ferrumequinum,0.026,0.026,-1,Echolocation,/mnt/ubna_data_02_mir/recover-20220922/UBNA_001/20220921_090000.WAV,Telephone Field,recover-20220922,001,1795
1047.2435,1047.2563,22890,27419,Nyctalus leisleri,0.019,0.035,-1,Echolocation,/mnt/ubna_data_02_mir/recover-20220922/UBNA_001/20220921_090000.WAV,Telephone Field,recover-20220922,001,1795
1047.2625,1047.3006,68437,82230,Rhinolophus ferrumequinum,0.022,0.022,-1,Echolocation,/mnt/ubna_data_02_mir/recover-20220922/UBNA_001/20220921_090000.WAV,Telephone Field,recover-20220922,001,1795
1047.2645,1047.2722,24609,33219,Plecotus austriacus,0.008,0.022,-1,Echolocation,/mnt/ubna_data_02_mir/recover-20220922/UBNA_001/20220921_090000.WAV,Telephone Field,recover-20220922,001,1795
1047.2975,1047.3393,68437,82834,Rhinolophus ferrumequinum,0.03,0.03,-1,Echolocation,/mnt/ubna_data_02_mir/recover-20220922/UBNA_001/20220921_090000.WAV,Telephone Field,recover-20220922,001,1795
1047.3405,1047.3838,68437,82964,Rhinolophus ferrumequinum,0.026,0.026,-1,Echolocation,/mnt/ubna_data_02_mir/recover-20220922/UBNA_001/20220921_090000.WAV,Telephone Field,recover-20220922,001,1795
1047.3475,1047.3917,68437,83343,Rhinolophus ferrumequinum,0.029,0.029,-1,Echolocation,/mnt/ubna_data_02_mir/recover-20220922/UBNA_001/20220921_090000.WAV,Telephone Field,recover-20220922,001,1795
1047.3765,1047.4138,68437,81818,Rhinolophus ferrumequinum,0.023,0.023,-1,Echolocation,/mnt/ubna_data_02_mir/recover-20220922/UBNA_001/20220921_090000.WAV,Telephone Field,recover-20220922,001,1795
1047.4025,1047.4101,26328,35531,Eptesicus serotinus,0.008,0.025,-1,Echolocation,/mnt/ubna_data_02_mir/recover-20220922/UBNA_001/20220921_090000.WAV,Telephone Field,recover-20220922,001,1795
1047.4315,1047.4723,68437,82377,Rhinolophus ferrumequinum,0.027,0.027,-1,Echolocation,/mnt/ubna_data_02_mir/recover-20220922/UBNA_001/20220921_090000.WAV,Telephone Field,recover-20220922,001,1795
1047.4505,1047.4594,24609,32230,Nyctalus leisleri,0.006,0.022,-1,Echolocation,/mnt/ubna_data_02_mir/recover-20220922/UBNA_001/20220921_090000.WAV,Telephone Field,recover-20220922,001,1795
1047.4565,1047.4958,68437,82259,Rhinolophus ferrumequinum,0.022,0.022,-1,Echolocation,/mnt/ubna_data_02_mir/recover-20220922/UBNA_001/20220921_090000.WAV,Telephone Field,recover-20220922,001,1795
1047.4655,1047.4717,28046,39411,Plecotus auritus,0.007,0.029,-1,Echolocation,/mnt/ubna_data_02_mir/recover-20220922/UBNA_001/20220921_090000.WAV,Telephone Field,recover-20220922,001,1795
1047.4835,1047.5216,68437,82078,Rhinolophus ferrumequinum,0.022,0.022,-1,Echolocation,/mnt/ubna_data_02_mir/recover-20220922/UBNA_001/20220921_090000.WAV,Telephone Field,recover-20220922,001,1795
1047.4895,1047.5013,26328,33421,Eptesicus serotinus,0.012,0.026,-1,Echolocation,/mnt/ubna_data_02_mir/recover-20220922/UBNA_001/20220921_090000.WAV,Telephone Field,recover-20220922,001,1795
1047.4955,1047.5349,68437,82777,Rhinolophus ferrumequinum,0.028,0.028,-1,Echolocation,/mnt/ubna_data_02_mir/recover-20220922/UBNA_001/20220921_090000.WAV,Telephone Field,recover-20220922,001,1795
1047.5155,1047.5513,68437,81014,Rhinolophus ferrumequinum,0.024,0.024,-1,Echolocation,/mnt/ubna_data_02_mir/recover-20220922/UBNA_001/20220921_090000.WAV,Telephone Field,recover-20220922,001,1795
1047.5285,1047.5664,68437,81751,Rhinolophus ferrumequinum,0.021,0.021,-1,Echolocation,/mnt/ubna_data_02_mir/recover-20220922/UBNA_001/20220921_090000.WAV,Telephone Field,recover-20220922,001,1795
1047.5625,1047.6031,68437,82276,Rhinolophus ferrumequinum,0.023,0.023,-1,Echolocation,/mnt/ubna_data_02_mir/recover-20220922/UBNA_001/20220921_090000.WAV,Telephone Field,recover-20220922,001,1795
1047.6045,1047.6444,68437,82267,Rhinolophus ferrumequinum,0.024,0.024,-1,Echolocation,/mnt/ubna_data_02_mir/recover-20220922/UBNA_001/20220921_090000.WAV,Telephone Field,recover-20220922,001,1795
1047.6235,1047.6616,68437,81940,Rhinolophus ferrumequinum,0.022,0.022,-1,Echolocation,/mnt/ubna_data_02_mir/recover-20220922/UBNA_001/20220921_090000.WAV,Telephone Field,recover-20220922,001,1795
1047.6495,1047.691,68437,83357,Rhinolophus ferrumequinum,0.041,0.041,-1,Echolocation,/mnt/ubna_data_02_mir/recover-20220922/UBNA_001/20220921_090000.WAV,Telephone Field,recover-20220922,001,1795
1047.6705,1047.6778,24609,33455,Plecotus austriacus,0.01,0.024,-1,Echolocation,/mnt/ubna_data_02_mir/recover-20220922/UBNA_001/20220921_090000.WAV,Telephone Field,recover-20220922,001,1795
1047.6775,1047.7186,68437,82181,Rhinolophus ferrumequinum,0.022,0.022,-1,Echolocation,/mnt/ubna_data_02_mir/recover-20220922/UBNA_001/20220921_090000.WAV,Telephone Field,recover-20220922,001,1795
1047.6835,1047.723,68437,82367,Rhinolophus ferrumequinum,0.022,0.022,-1,Echolocation,/mnt/ubna_data_02_mir/recover-20220922/UBNA_001/20220921_090000.WAV,Telephone Field,recover-20220922,001,1795
1047.7065,1047.7481,68437,82270,Rhinolophus ferrumequinum,0.022,0.022,-1,Echolocation,/mnt/ubna_data_02_mir/recover-20220922/UBNA_001/20220921_090000.WAV,Telephone Field,recover-20220922,001,1795
1047.7185,1047.729,22890,28777,Nyctalus leisleri,0.011,0.025,-1,Echolocation,/mnt/ubna_data_02_mir/recover-20220922/UBNA_001/20220921_090000.WAV,Telephone Field,recover-20220922,001,1795
1047.7205,1047.7564,68437,81718,Rhinolophus ferrumequinum,0.021,0.021,-1,Echolocation,/mnt/ubna_data_02_mir/recover-20220922/UBNA_001/20220921_090000.WAV,Telephone Field,recover-20220922,001,1795
1047.7915,1047.7983,27187,39098,Eptesicus serotinus,0.006,0.024,-1,Echolocation,/mnt/ubna_data_02_mir/recover-20220922/UBNA_001/20220921_090000.WAV,Telephone Field,recover-20220922,001,1795
1047.8025,1047.842,68437,82042,Rhinolophus ferrumequinum,0.021,0.021,-1,Echolocation,/mnt/ubna_data_02_mir/recover-20220922/UBNA_001/20220921_090000.WAV,Telephone Field,recover-20220922,001,1795
1047.8035,1047.8116,28046,39573,Eptesicus serotinus,0.008,0.021,-1,Echolocation,/mnt/ubna_data_02_mir/recover-20220922/UBNA_001/20220921_090000.WAV,Telephone Field,recover-20220922,001,1795
1047.8245,1047.8632,68437,82049,Rhinolophus ferrumequinum,0.023,0.023,-1,Echolocation,/mnt/ubna_data_02_mir/recover-20220922/UBNA_001/20220921_090000.WAV,Telephone Field,recover-20220922,001,1795
1047.8295,1047.8392,22890,28903,Nyctalus leisleri,0.008,0.021,-1,Echolocation,/mnt/ubna_data_02_mir/recover-20220922/UBNA_001/20220921_090000.WAV,Telephone Field,recover-20220922,001,1795
1047.8355,1047.8679,68437,79854,Rhinolophus ferrumequinum,0.023,0.023,-1,Echolocation,/mnt/ubna_data_02_mir/recover-20220922/UBNA_001/20220921_090000.WAV,Telephone Field,recover-20220922,001,1795
1047.8445,1047.8805,68437,81343,Rhinolophus ferrumequinum,0.021,0.021,-1,Echolocation,/mnt/ubna_data_02_mir/recover-20220922/UBNA_001/20220921_090000.WAV,Telephone Field,recover-20220922,001,1795
1047.8655,1047.9036,68437,81866,Rhinolophus ferrumequinum,0.021,0.021,-1,Echolocation,/mnt/ubna_data_02_mir/recover-20220922/UBNA_001/20220921_090000.WAV,Telephone Field,recover-20220922,001,1795
1047.8725,1047.9113,68437,81490,Rhinolophus ferrumequinum,0.021,0.021,-1,Echolocation,/mnt/ubna_data_02_mir/recover-20220922/UBNA_001/20220921_090000.WAV,Telephone Field,recover-20220922,001,1795
1047.8855,1047.897,28906,35338,Eptesicus serotinus,0.016,0.029,-1,Echolocation,/mnt/ubna_data_02_mir/recover-20220922/UBNA_001/20220921_090000.WAV,Telephone Field,recover-20220922,001,1795
1047.9165,1047.9258,51250,56848,Pipistrellus pipistrellus,0.021,0.029,-1,Echolocation,/mnt/ubna_data_02_mir/recover-20220922/UBNA_001/20220921_090000.WAV,Telephone Field,recover-20220922,001,1795
1047.9275,1047.9675,68437,82397,Rhinolophus ferrumequinum,0.022,0.022,-1,Echolocation,/mnt/ubna_data_02_mir/recover-20220922/UBNA_001/20220921_090000.WAV,Telephone Field,recover-20220922,001,1795
1047.9375,1047.9773,68437,82511,Rhinolophus ferrumequinum,0.022,0.023,-1,Echolocation,/mnt/ubna_data_02_mir/recover-20220922/UBNA_001/20220921_090000.WAV,Telephone Field,recover-20220922,001,1795
1048.0015,1048.036,68437,80121,Rhinolophus ferrumequinum,0.039,0.039,-1,Echolocation,/mnt/ubna_data_02_mir/recover-20220922/UBNA_001/20220921_090000.WAV,Telephone Field,recover-20220922,001,1795
1048.0015,1048.0117,22031,28136,Nyctalus leisleri,0.013,0.03,-1,Echolocation,/mnt/ubna_data_02_mir/recover-20220922/UBNA_001/20220921_090000.WAV,Telephone Field,recover-20220922,001,1795
1048.0085,1048.0513,68437,82087,Rhinolophus ferrumequinum,0.025,0.025,-1,Echolocation,/mnt/ubna_data_02_mir/recover-20220922/UBNA_001/20220921_090000.WAV,Telephone Field,recover-20220922,001,1795
1048.0375,1048.0774,68437,82332,Rhinolophus ferrumequinum,0.027,0.027,-1,Echolocation,/mnt/ubna_data_02_mir/recover-20220922/UBNA_001/20220921_090000.WAV,Telephone Field,recover-20220922,001,1795
1048.0575,1048.0934,68437,81601,Rhinolophus ferrumequinum,0.023,0.023,-1,Echolocation,/mnt/ubna_data_02_mir/recover-20220922/UBNA_001/20220921_090000.WAV,Telephone Field,recover-20220922,001,1795
1048.0625,1048.0709,23750,31300,Plecotus austriacus,0.009,0.023,-1,Echolocation,/mnt/ubna_data_02_mir/recover-20220922/UBNA_001/20220921_090000.WAV,Telephone Field,recover-20220922,001,1795
1048.1235,1048.1641,68437,82192,Rhinolophus ferrumequinum,0.035,0.035,-1,Echolocation,/mnt/ubna_data_02_mir/recover-20220922/UBNA_001/20220921_090000.WAV,Telephone Field,recover-20220922,001,1795
1048.1465,1048.1896,68437,83793,Rhinolophus ferrumequinum,0.056,0.056,-1,Echolocation,/mnt/ubna_data_02_mir/recover-20220922/UBNA_001/20220921_090000.WAV,Telephone Field,recover-20220922,001,1795
1048.1655,1048.2069,68437,83563,Rhinolophus ferrumequinum,0.023,0.024,-1,Echolocation,/mnt/ubna_data_02_mir/recover-20220922/UBNA_001/20220921_090000.WAV,Telephone Field,recover-20220922,001,1795
1048.1875,1048.1957,48671,54893,Pipistrellus pipistrellus,0.026,0.028,-1,Echolocation,/mnt/ubna_data_02_mir/recover-20220922/UBNA_001/20220921_090000.WAV,Telephone Field,recover-20220922,001,1795
1048.2025,1048.2401,68437,81789,Rhinolophus ferrumequinum,0.024,0.024,-1,Echolocation,/mnt/ubna_data_02_mir/recover-20220922/UBNA_001/20220921_090000.WAV,Telephone Field,recover-20220922,001,1795
1048.2215,1048.2604,68437,82187,Rhinolophus ferrumequinum,0.025,0.025,-1,Echolocation,/mnt/ubna_data_02_mir/recover-20220922/UBNA_001/20220921_090000.WAV,Telephone Field,recover-20220922,001,1795
1048.2415,1048.2802,68437,82505,Rhinolophus ferrumequinum,0.024,0.024,-1,Echolocation,/mnt/ubna_data_02_mir/recover-20220922/UBNA_001/20220921_090000.WAV,Telephone Field,recover-20220922,001,1795
1048.2705,1048.31,68437,82633,Rhinolophus ferrumequinum,0.028,0.028,-1,Echolocation,/mnt/ubna_data_02_mir/recover-20220922/UBNA_001/20220921_090000.WAV,Telephone Field,recover-20220922,001,1795
1048.3165,1048.3557,68437,82031,Rhinolophus ferrumequinum,0.023,0.023,-1,Echolocation,/mnt/ubna_data_02_mir/recover-20220922/UBNA_001/20220921_090000.WAV,Telephone Field,recover-20220922,001,1795
1048.3335,1048.3727,68437,82796,Rhinolophus ferrumequinum,0.022,0.022,-1,Echolocation,/mnt/ubna_data_02_mir/recover-20220922/UBNA_001/20220921_090000.WAV,Telephone Field,recover-20220922,001,1795
1048.3555,1048.3952,68437,82106,Rhinolophus ferrumequinum,0.026,0.026,-1,Echolocation,/mnt/ubna_data_02_mir/recover-20220922/UBNA_001/20220921_090000.WAV,Telephone Field,recover-20220922,001,1795
1048.3645,1048.4054,68437,81765,Rhinolophus ferrumequinum,0.023,0.023,-1,Echolocation,/mnt/ubna_data_02_mir/recover-20220922/UBNA_001/20220921_090000.WAV,Telephone Field,recover-20220922,001,1795
1048.4055,1048.445,68437,81960,Rhinolophus ferrumequinum,0.023,0.023,-1,Echolocation,/mnt/ubna_data_02_mir/recover-20220922/UBNA_001/20220921_090000.WAV,Telephone Field,recover-20220922,001,1795
1048.4375,1048.4772,68437,82672,Rhinolophus ferrumequinum,0.027,0.027,-1,Echolocation,/mnt/ubna_data_02_mir/recover-20220922/UBNA_001/20220921_090000.WAV,Telephone Field,recover-20220922,001,1795
1048.4585,1048.4974,68437,82317,Rhinolophus ferrumequinum,0.027,0.027,-1,Echolocation,/mnt/ubna_data_02_mir/recover-20220922/UBNA_001/20220921_090000.WAV,Telephone Field,recover-20220922,001,1795
1048.4915,1048.5317,68437,82720,Rhinolophus ferrumequinum,0.025,0.025,-1,Echolocation,/mnt/ubna_data_02_mir/recover-20220922/UBNA_001/20220921_090000.WAV,Telephone Field,recover-20220922,001,1795
1048.5075,1048.5185,24609,30806,Nyctalus leisleri,0.011,0.025,-1,Echolocation,/mnt/ubna_data_02_mir/recover-20220922/UBNA_001/20220921_090000.WAV,Telephone Field,recover-20220922,001,1795
1048.5175,1048.555,68437,82081,Rhinolophus ferrumequinum,0.022,0.022,-1,Echolocation,/mnt/ubna_data_02_mir/recover-20220922/UBNA_001/20220921_090000.WAV,Telephone Field,recover-20220922,001,1795
1048.5265,1048.5616,68437,81514,Rhinolophus ferrumequinum,0.022,0.023,-1,Echolocation,/mnt/ubna_data_02_mir/recover-20220922/UBNA_001/20220921_090000.WAV,Telephone Field,recover-20220922,001,1795
1048.5335,1048.5407,28046,40498,Eptesicus serotinus,0.006,0.023,-1,Echolocation,/mnt/ubna_data_02_mir/recover-20220922/UBNA_001/20220921_090000.WAV,Telephone Field,recover-20220922,001,1795
1048.5465,1048.5871,68437,82573,Rhinolophus ferrumequinum,0.036,0.036,-1,Echolocation,/mnt/ubna_data_02_mir/recover-20220922/UBNA_001/20220921_090000.WAV,Telephone Field,recover-20220922,001,1795
1048.5765,1048.619,68437,83201,Rhinolophus ferrumequinum,0.036,0.036,-1,Echolocation,/mnt/ubna_data_02_mir/recover-20220922/UBNA_001/20220921_090000.WAV,Telephone Field,recover-20220922,001,1795
1048.5995,1048.639,68437,82515,Rhinolophus ferrumequinum,0.023,0.023,-1,Echolocation,/mnt/ubna_data_02_mir/recover-20220922/UBNA_001/20220921_090000.WAV,Telephone Field,recover-20220922,001,1795
1048.6175,1048.6548,68437,82142,Rhinolophus ferrumequinum,0.023,0.023,-1,Echolocation,/mnt/ubna_data_02_mir/recover-20220922/UBNA_001/20220921_090000.WAV,Telephone Field,recover-20220922,001,1795
1048.6235,1048.6619,68437,82103,Rhinolophus ferrumequinum,0.024,0.024,-1,Echolocation,/mnt/ubna_data_02_mir/recover-20220922/UBNA_001/20220921_090000.WAV,Telephone Field,recover-20220922,001,1795
1048.6345,1048.6762,68437,82998,Rhinolophus ferrumequinum,0.022,0.022,-1,Echolocation,/mnt/ubna_data_02_mir/recover-20220922/UBNA_001/20220921_090000.WAV,Telephone Field,recover-20220922,001,1795
1048.6515,1048.6922,68437,83014,Rhinolophus ferrumequinum,0.027,0.027,-1,Echolocation,/mnt/ubna_data_02_mir/recover-20220922/UBNA_001/20220921_090000.WAV,Telephone Field,recover-20220922,001,1795
1048.6605,1048.6697,14296,21533,Nyctalus noctula,0.012,0.026,-1,Echolocation,/mnt/ubna_data_02_mir/recover-20220922/UBNA_001/20220921_090000.WAV,Telephone Field,recover-20220922,001,1795
1048.6795,1048.7161,68437,81917,Rhinolophus ferrumequinum,0.022,0.022,-1,Echolocation,/mnt/ubna_data_02_mir/recover-20220922/UBNA_001/20220921_090000.WAV,Telephone Field,recover-20220922,001,1795
1048.6985,1048.7365,68437,81549,Rhinolophus ferrumequinum,0.024,0.024,-1,Echolocation,/mnt/ubna_data_02_mir/recover-20220922/UBNA_001/20220921_090000.WAV,Telephone Field,recover-20220922,001,1795
1048.6995,1048.7098,22890,28874,Nyctalus leisleri,0.011,0.025,-1,Echolocation,/mnt/ubna_data_02_mir/recover-20220922/UBNA_001/20220921_090000.WAV,Telephone Field,recover-20220922,001,1795
1048.7295,1048.7375,45234,53147,Pipistrellus pipistrellus,0.023,0.025,-1,Echolocation,/mnt/ubna_data_02_mir/recover-20220922/UBNA_001/20220921_090000.WAV,Telephone Field,recover-20220922,001,1795
1048.7545,1048.7928,68437,82075,Rhinolophus ferrumequinum,0.024,0.024,-1,Echolocation,/mnt/ubna_data_02_mir/recover-20220922/UBNA_001/20220921_090000.WAV,Telephone Field,recover-20220922,001,1795
1048.8425,1048.8833,68437,82859,Rhinolophus ferrumequinum,0.027,0.027,-1,Echolocation,/mnt/ubna_data_02_mir/recover-20220922/UBNA_001/20220921_090000.WAV,Telephone Field,recover-20220922,001,1795
1048.8675,1048.9079,68437,82886,Rhinolophus ferrumequinum,0.026,0.026,-1,Echolocation,/mnt/ubna_data_02_mir/recover-20220922/UBNA_001/20220921_090000.WAV,Telephone Field,recover-20220922,001,1795
1048.8765,1048.9194,68437,83090,Rhinolophus ferrumequinum,0.025,0.025,-1,Echolocation,/mnt/ubna_data_02_mir/recover-20220922/UBNA_001/20220921_090000.WAV,Telephone Field,recover-20220922,001,1795
1048.8855,1048.9259,68437,82752,Rhinolophus ferrumequinum,0.022,0.022,-1,Echolocation,/mnt/ubna_data_02_mir/recover-20220922/UBNA_001/20220921_090000.WAV,Telephone Field,recover-20220922,001,1795
1048.9065,1048.9457,68437,82073,Rhinolophus ferrumequinum,0.022,0.022,-1,Echolocation,/mnt/ubna_data_02_mir/recover-20220922/UBNA_001/20220921_090000.WAV,Telephone Field,recover-20220922,001,1795
1048.9315,1048.9393,28906,39247,Eptesicus serotinus,0.007,0.022,-1,Echolocation,/mnt/ubna_data_02_mir/recover-20220922/UBNA_001/20220921_090000.WAV,Telephone Field,recover-20220922,001,1795
1048.9415,1048.9817,68437,82125,Rhinolophus ferrumequinum,0.023,0.023,-1,Echolocation,/mnt/ubna_data_02_mir/recover-20220922/UBNA_001/20220921_090000.WAV,Telephone Field,recover-20220922,001,1795
1048.9685,1048.9798,23750,28080,Nyctalus leisleri,0.018,0.034,-1,Echolocation,/mnt/ubna_data_02_mir/recover-20220922/UBNA_001/20220921_090000.WAV,Telephone Field,recover-20220922,001,1795
1048.9995,1049.0398,68437,82308,Rhinolophus ferrumequinum,0.026,0.026,-1,Echolocation,/mnt/ubna_data_02_mir/recover-20220922/UBNA_001/20220921_090000.WAV,Telephone Field,recover-20220922,001,1795
1049.0245,1049.0348,24609,30658,Nyctalus leisleri,0.008,0.023,-1,Echolocation,/mnt/ubna_data_02_mir/recover-20220922/UBNA_001/20220921_090000.WAV,Telephone Field,recover-20220922,001,1795
1049.0475,1049.0858,68437,81724,Rhinolophus ferrumequinum,0.022,0.022,-1,Echolocation,/mnt/ubna_data_02_mir/recover-20220922/UBNA_001/20220921_090000.WAV,Telephone Field,recover-20220922,001,1795
1049.0835,1049.1201,68437,81957,Rhinolophus ferrumequinum,0.022,0.022,-1,Echolocation,/mnt/ubna_data_02_mir/recover-20220922/UBNA_001/20220921_090000.WAV,Telephone Field,recover-20220922,001,1795
1049.1145,1049.1541,68437,82183,Rhinolophus ferrumequinum,0.041,0.041,-1,Echolocation,/mnt/ubna_data_02_mir/recover-20220922/UBNA_001/20220921_090000.WAV,Telephone Field,recover-20220922,001,1795
1049.1395,1049.1496,24609,31136,Nyctalus leisleri,0.009,0.024,-1,Echolocation,/mnt/ubna_data_02_mir/recover-20220922/UBNA_001/20220921_090000.WAV,Telephone Field,recover-20220922,001,1795
1049.1415,1049.1788,68437,81697,Rhinolophus ferrumequinum,0.026,0.026,-1,Echolocation,/mnt/ubna_data_02_mir/recover-20220922/UBNA_001/20220921_090000.WAV,Telephone Field,recover-20220922,001,1795
1049.1655,1049.2028,68437,81500,Rhinolophus ferrumequinum,0.023,0.023,-1,Echolocation,/mnt/ubna_data_02_mir/recover-20220922/UBNA_001/20220921_090000.WAV,Telephone Field,recover-20220922,001,1795
1049.1905,1049.231,68437,81905,Rhinolophus ferrumequinum,0.032,0.032,-1,Echolocation,/mnt/ubna_data_02_mir/recover-20220922/UBNA_001/20220921_090000.WAV,Telephone Field,recover-20220922,001,1795
1049.2045,1049.2441,68437,82984,Rhinolophus ferrumequinum,0.029,0.029,-1,Echolocation,/mnt/ubna_data_02_mir/recover-20220922/UBNA_001/20220921_090000.WAV,Telephone Field,recover-20220922,001,1795
1049.2405,1049.2774,68437,81695,Rhinolophus ferrumequinum,0.029,0.029,-1,Echolocation,/mnt/ubna_data_02_mir/recover-20220922/UBNA_001/20220921_090000.WAV,Telephone Field,recover-20220922,001,1795
1049.2655,1049.3008,68437,81503,Rhinolophus ferrumequinum,0.023,0.023,-1,Echolocation,/mnt/ubna_data_02_mir/recover-20220922/UBNA_001/20220921_090000.WAV,Telephone Field,recover-20220922,001,1795
1049.2755,1049.3121,68437,81037,Rhinolophus ferrumequinum,0.024,0.024,-1,Echolocation,/mnt/ubna_data_02_mir/recover-20220922/UBNA_001/20220921_090000.WAV,Telephone Field,recover-20220922,001,1795
1049.3225,1049.3301,24609,34581,Plecotus austriacus,0.007,0.022,-1,Echolocation,/mnt/ubna_data_02_mir/recover-20220922/UBNA_001/20220921_090000.WAV,Telephone Field,recover-20220922,001,1795
1049.3385,1049.3799,68437,82776,Rhinolophus ferrumequinum,0.025,0.025,-1,Echolocation,/mnt/ubna_data_02_mir/recover-20220922/UBNA_001/20220921_090000.WAV,Telephone Field,recover-20220922,001,1795
1049.3535,1049.3931,68437,82041,Rhinolophus ferrumequinum,0.022,0.022,-1,Echolocation,/mnt/ubna_data_02_mir/recover-20220922/UBNA_001/20220921_090000.WAV,Telephone Field,recover-20220922,001,1795
1049.3795,1049.4165,68437,81665,Rhinolophus ferrumequinum,0.023,0.023,-1,Echolocation,/mnt/ubna_data_02_mir/recover-20220922/UBNA_001/20220921_090000.WAV,Telephone Field,recover-20220922,001,1795
1049.4245,1049.4608,68437,81612,Rhinolophus ferrumequinum,0.022,0.022,-1,Echolocation,/mnt/ubna_data_02_mir/recover-20220922/UBNA_001/20220921_090000.WAV,Telephone Field,recover-20220922,001,1795
1049.4285,1049.4391,22890,28062,Nyctalus leisleri,0.013,0.027,-1,Echolocation,/mnt/ubna_data_02_mir/recover-20220922/UBNA_001/20220921_090000.WAV,Telephone Field,recover-20220922,001,1795
1049.4355,1049.4751,68437,82629,Rhinolophus ferrumequinum,0.025,0.025,-1,Echolocation,/mnt/ubna_data_02_mir/recover-20220922/UBNA_001/20220921_090000.WAV,Telephone Field,recover-20220922,001,1795
1049.4725,1049.5092,68437,81192,Rhinolophus ferrumequinum,0.023,0.023,-1,Echolocation,/mnt/ubna_data_02_mir/recover-20220922/UBNA_001/20220921_090000.WAV,Telephone Field,recover-20220922,001,1795
1049.5215,1049.561,68437,82552,Rhinolophus ferrumequinum,0.024,0.024,-1,Echolocation,/mnt/ubna_data_02_mir/recover-20220922/UBNA_001/20220921_090000.WAV,Telephone Field,recover-20220922,001,1795
1049.5275,1049.5684,68437,82728,Rhinolophus ferrumequinum,0.025,0.025,-1,Echolocation,/mnt/ubna_data_02_mir/recover-20220922/UBNA_001/20220921_090000.WAV,Telephone Field,recover-20220922,001,1795
1049.5545,1049.5938,68437,82072,Rhinolophus ferrumequinum,0.024,0.024,-1,Echolocation,/mnt/ubna_data_02_mir/recover-20220922/UBNA_001/20220921_090000.WAV,Telephone Field,recover-20220922,001,1795
1049.5915,1049.6042,42656,46684,Pipistrellus pipistrellus,0.023,0.029,-1,Echolocation,/mnt/ubna_data_02_mir/recover-20220922/UBNA_001/20220921_090000.WAV,Telephone Field,recover-20220922,001,1795
1049.5965,1049.6035,28046,38035,Eptesicus serotinus,0.008,0.024,-1,Echolocation,/mnt/ubna_data_02_mir/recover-20220922/UBNA_001/20220921_090000.WAV,Telephone Field,recover-20220922,001,1795
1049.6505,1049.6889,68437,82230,Rhinolophus ferrumequinum,0.024,0.024,-1,Echolocation,/mnt/ubna_data_02_mir/recover-20220922/UBNA_001/20220921_090000.WAV,Telephone Field,recover-20220922,001,1795
1049.6725,1049.7095,68437,81321,Rhinolophus ferrumequinum,0.023,0.023,-1,Echolocation,/mnt/ubna_data_02_mir/recover-20220922/UBNA_001/20220921_090000.WAV,Telephone Field,recover-20220922,001,1795
1049.7015,1049.7186,14296,18163,Nyctalus noctula,0.023,0.035,-1,Echolocation,/mnt/ubna_data_02_mir/recover-20220922/UBNA_001/20220921_090000.WAV,Telephone Field,recover-20220922,001,1795
1049.7165,1049.7265,24609,32512,Nyctalus leisleri,0.007,0.023,-1,Echolocation,/mnt/ubna_data_02_mir/recover-20220922/UBNA_001/20220921_090000.WAV,Telephone Field,recover-20220922,001,1795
1049.7225,1049.7608,68437,82412,Rhinolophus ferrumequinum,0.025,0.025,-1,Echolocation,/mnt/ubna_data_02_mir/recover-20220922/UBNA_001/20220921_090000.WAV,Telephone Field,recover-20220922,001,1795
1049.7595,1049.7965,68437,81190,Rhinolophus ferrumequinum,0.022,0.022,-1,Echolocation,/mnt/ubna_data_02_mir/recover-20220922/UBNA_001/20220921_090000.WAV,Telephone Field,recover-20220922,001,1795
1049.7725,1049.8081,68437,81654,Rhinolophus ferrumequinum,0.026,0.026,-1,Echolocation,/mnt/ubna_data_02_mir/recover-20220922/UBNA_001/20220921_090000.WAV,Telephone Field,recover-20220922,001,1795
1049.7825,1049.8205,68437,82401,Rhinolophus ferrumequinum,0.023,0.023,-1,Echolocation,/mnt/ubna_data_02_mir/recover-20220922/UBNA_001/20220921_090000.WAV,Telephone Field,recover-20220922,001,1795
1049.7925,1049.8345,68437,82603,Rhinolophus ferrumequinum,0.025,0.025,-1,Echolocation,/mnt/ubna_data_02_mir/recover-20220922/UBNA_001/20220921_090000.WAV,Telephone Field,recover-20220922,001,1795
1049.7995,1049.8384,68437,82084,Rhinolophus ferrumequinum,0.025,0.025,-1,Echolocation,/mnt/ubna_data_02_mir/recover-20220922/UBNA_001/20220921_090000.WAV,Telephone Field,recover-20220922,001,1795
1049.8185,1049.8574,68437,82024,Rhinolophus ferrumequinum,0.027,0.027,-1,Echolocation,/mnt/ubna_data_02_mir/recover-20220922/UBNA_001/20220921_090000.WAV,Telephone Field,recover-20220922,001,1795
1049.8405,1049.8791,68437,82700,Rhinolophus ferrumequinum,0.025,0.025,-1,Echolocation,/mnt/ubna_data_02_mir/recover-20220922/UBNA_001/20220921_090000.WAV,Telephone Field,recover-20220922,001,1795
1049.8545,1049.8901,68437,81999,Rhinolophus ferrumequinum,0.024,0.024,-1,Echolocation,/mnt/ubna_data_02_mir/recover-20220922/UBNA_001/20220921_090000.WAV,Telephone Field,recover-20220922,001,1795
1049.8645,1049.9052,68437,82266,Rhinolophus ferrumequinum,0.029,0.029,-1,Echolocation,/mnt/ubna_data_02_mir/recover-20220922/UBNA_001/20220921_090000.WAV,Telephone Field,recover-20220922,001,1795
1049.9335,1049.971,68437,81844,Rhinolophus ferrumequinum,0.026,0.026,-1,Echolocation,/mnt/ubna_data_02_mir/recover-20220922/UBNA_001/20220921_090000.WAV,Telephone Field,recover-20220922,001,1795
1049.9445,1049.9547,26328,33667,Eptesicus serotinus,0.012,0.028,-1,Echolocation,/mnt/ubna_data_02_mir/recover-20220922/UBNA_001/20220921_090000.WAV,Telephone Field,recover-20220922,001,1795
1049.9475,1049.9846,68437,82140,Rhinolophus ferrumequinum,0.022,0.022,-1,Echolocation,/mnt/ubna_data_02_mir/recover-20220922/UBNA_001/20220921_090000.WAV,Telephone Field,recover-20220922,001,1795
1050.0015,1050.0394,68437,80880,Rhinolophus ferrumequinum,0.07,0.07,-1,Echolocation,/mnt/ubna_data_02_mir/recover-20220922/UBNA_001/20220921_090000.WAV,Telephone Field,recover-20220922,001,1795
1050.0015,1050.008,47812,54103,Pipistrellus pipistrellus,0.017,0.023,-1,Echolocation,/mnt/ubna_data_02_mir/recover-20220922/UBNA_001/20220921_090000.WAV,Telephone Field,recover-20220922,001,1795
1050.0015,1050.0112,27187,36710,Eptesicus serotinus,0.011,0.028,-1,Echolocation,/mnt/ubna_data_02_mir/recover-20220922/UBNA_001/20220921_090000.WAV,Telephone Field,recover-20220922,001,1795
1050.0015,1050.0158,55546,61767,Pipistrellus pygmaeus,0.02,0.023,-1,Echolocation,/mnt/ubna_data_02_mir/recover-20220922/UBNA_001/20220921_090000.WAV,Telephone Field,recover-20220922,001,1795
1050.0075,1050.055,68437,83179,Rhinolophus ferrumequinum,0.046,0.046,-1,Echolocation,/mnt/ubna_data_02_mir/recover-20220922/UBNA_001/20220921_090000.WAV,Telephone Field,recover-20220922,001,1795
1050.0505,1050.0913,68437,82885,Rhinolophus ferrumequinum,0.027,0.027,-1,Echolocation,/mnt/ubna_data_02_mir/recover-20220922/UBNA_001/20220921_090000.WAV,Telephone Field,recover-20220922,001,1795
1050.0645,1050.101,68437,81689,Rhinolophus ferrumequinum,0.022,0.022,-1,Echolocation,/mnt/ubna_data_02_mir/recover-20220922/UBNA_001/20220921_090000.WAV,Telephone Field,recover-20220922,001,1795
1050.1245,1050.1345,28046,37223,Eptesicus serotinus,0.01,0.022,-1,Echolocation,/mnt/ubna_data_02_mir/recover-20220922/UBNA_001/20220921_090000.WAV,Telephone Field,recover-20220922,001,1795
1050.1295,1050.169,68437,82387,Rhinolophus ferrumequinum,0.024,0.024,-1,Echolocation,/mnt/ubna_data_02_mir/recover-20220922/UBNA_001/20220921_090000.WAV,Telephone Field,recover-20220922,001,1795
1050.1345,1050.1721,68437,82152,Rhinolophus ferrumequinum,0.024,0.024,-1,Echolocation,/mnt/ubna_data_02_mir/recover-20220922/UBNA_001/20220921_090000.WAV,Telephone Field,recover-20220922,001,1795
1050.1845,1050.1931,51250,58412,Pipistrellus pipistrellus,0.023,0.029,-1,Echolocation,/mnt/ubna_data_02_mir/recover-20220922/UBNA_001/20220921_090000.WAV,Telephone Field,recover-20220922,001,1795
1050.1975,1050.2331,68437,81179,Rhinolophus ferrumequinum,0.022,0.022,-1,Echolocation,/mnt/ubna_data_02_mir/recover-20220922/UBNA_001/20220921_090000.WAV,Telephone Field,recover-20220922,001,1795
1050.2035,1050.2385,68437,81265,Rhinolophus ferrumequinum,0.021,0.021,-1,Echolocation,/mnt/ubna_data_02_mir/recover-20220922/UBNA_001/20220921_090000.WAV,Telephone Field,recover-20220922,001,1795
1050.2295,1050.2445,35781,39592,Pipistrellus nathusii,0.02,0.045,-1,Echolocation,/mnt/ubna_data_02_mir/recover-20220922/UBNA_001/20220921_090000.WAV,Telephone Field,recover-20220922,001,1795
1050.2465,1050.2891,68437,82517,Rhinolophus ferrumequinum,0.023,0.024,-1,Echolocation,/mnt/ubna_data_02_mir/recover-20220922/UBNA_001/20220921_090000.WAV,Telephone Field,recover-20220922,001,1795
1050.2935,1050.3321,68437,82837,Rhinolophus ferrumequinum,0.021,0.021,-1,Echolocation,/mnt/ubna_data_02_mir/recover-20220922/UBNA_001/20220921_090000.WAV,Telephone Field,recover-20220922,001,1795
1050.3315,1050.3431,23750,28590,Nyctalus leisleri,0.01,0.021,-1,Echolocation,/mnt/ubna_data_02_mir/recover-20220922/UBNA_001/20220921_090000.WAV,Telephone Field,recover-20220922,001,1795
1050.3335,1050.3717,68437,82286,Rhinolophus ferrumequinum,0.021,0.021,-1,Echolocation,/mnt/ubna_data_02_mir/recover-20220922/UBNA_001/20220921_090000.WAV,Telephone Field,recover-20220922,001,1795
1050.3385,1050.3774,68437,82254,Rhinolophus ferrumequinum,0.021,0.021,-1,Echolocation,/mnt/ubna_data_02_mir/recover-20220922/UBNA_001/20220921_090000.WAV,Telephone Field,recover-20220922,001,1795
1050.3515,1050.3891,68437,82063,Rhinolophus ferrumequinum,0.021,0.022,-1,Echolocation,/mnt/ubna_data_02_mir/recover-20220922/UBNA_001/20220921_090000.WAV,Telephone Field,recover-20220922,001,1795
1050.3715,1050.41,68437,81963,Rhinolophus ferrumequinum,0.021,0.021,-1,Echolocation,/mnt/ubna_data_02_mir/recover-20220922/UBNA_001/20220921_090000.WAV,Telephone Field,recover-20220922,001,1795
1050.3765,1050.3837,28046,39659,Eptesicus serotinus,0.006,0.021,-1,Echolocation,/mnt/ubna_data_02_mir/recover-20220922/UBNA_001/20220921_090000.WAV,Telephone Field,recover-20220922,001,1795
1050.3975,1050.4362,68437,82220,Rhinolophus ferrumequinum,0.022,0.022,-1,Echolocation,/mnt/ubna_data_02_mir/recover-20220922/UBNA_001/20220921_090000.WAV,Telephone Field,recover-20220922,001,1795
1050.4245,1050.4652,68437,82344,Rhinolophus ferrumequinum,0.025,0.025,-1,Echolocation,/mnt/ubna_data_02_mir/recover-20220922/UBNA_001/20220921_090000.WAV,Telephone Field,recover-20220922,001,1795
1050.4585,1050.4998,68437,82818,Rhinolophus ferrumequinum,0.022,0.022,-1,Echolocation,/mnt/ubna_data_02_mir/recover-20220922/UBNA_001/20220921_090000.WAV,Telephone Field,recover-20220922,001,1795
1050.4715,1050.5122,68437,82121,Rhinolophus ferrumequinum,0.024,0.024,-1,Echolocation,/mnt/ubna_data_02_mir/recover-20220922/UBNA_001/20220921_090000.WAV,Telephone Field,recover-20220922,001,1795
1050.6175,1050.6588,68437,82846,Rhinolophus ferrumequinum,0.023,0.023,-1,Echolocation,/mnt/ubna_data_02_mir/recover-20220922/UBNA_001/20220921_090000.WAV,Telephone Field,recover-20220922,001,1795
1050.6545,1050.6662,25468,31971,Eptesicus serotinus,0.011,0.024,-1,Echolocation,/mnt/ubna_data_02_mir/recover-20220922/UBNA_001/20220921_090000.WAV,Telephone Field,recover-20220922,001,1795
1050.6745,1050.712,68437,82178,Rhinolophus ferrumequinum,0.023,0.023,-1,Echolocation,/mnt/ubna_data_02_mir/recover-20220922/UBNA_001/20220921_090000.WAV,Telephone Field,recover-20220922,001,1795
1050.6875,1050.6971,28906,36783,Eptesicus serotinus,0.009,0.023,-1,Echolocation,/mnt/ubna_data_02_mir/recover-20220922/UBNA_001/20220921_090000.WAV,Telephone Field,recover-20220922,001,1795
1050.7415,1050.7777,68437,81483,Rhinolophus ferrumequinum,0.029,0.029,-1,Echolocation,/mnt/ubna_data_02_mir/recover-20220922/UBNA_001/20220921_090000.WAV,Telephone Field,recover-20220922,001,1795
1050.7595,1050.7957,68437,80980,Rhinolophus ferrumequinum,0.021,0.021,-1,Echolocation,/mnt/ubna_data_02_mir/recover-20220922/UBNA_001/20220921_090000.WAV,Telephone Field,recover-20220922,001,1795
1050.7865,1050.8048,22031,25254,Nyctalus leisleri,0.015,0.023,-1,Echolocation,/mnt/ubna_data_02_mir/recover-20220922/UBNA_001/20220921_090000.WAV,Telephone Field,recover-20220922,001,1795
1050.8255,1050.8354,27187,33322,Eptesicus serotinus,0.059,0.104,-1,Echolocation,/mnt/ubna_data_02_mir/recover-20220922/UBNA_001/20220921_090000.WAV,Telephone Field,recover-20220922,001,1795
1050.8615,1050.8986,68437,80776,Rhinolophus ferrumequinum,0.02,0.021,-1,Echolocation,/mnt/ubna_data_02_mir/recover-20220922/UBNA_001/20220921_090000.WAV,Telephone Field,recover-20220922,001,1795
1050.8875,1050.9239,68437,81594,Rhinolophus ferrumequinum,0.021,0.021,-1,Echolocation,/mnt/ubna_data_02_mir/recover-20220922/UBNA_001/20220921_090000.WAV,Telephone Field,recover-20220922,001,1795
1050.8915,1050.898,28906,40115,Eptesicus serotinus,0.007,0.028,-1,Echolocation,/mnt/ubna_data_02_mir/recover-20220922/UBNA_001/20220921_090000.WAV,Telephone Field,recover-20220922,001,1795
1050.9445,1050.9559,24609,31476,Eptesicus serotinus,0.009,0.022,-1,Echolocation,/mnt/ubna_data_02_mir/recover-20220922/UBNA_001/20220921_090000.WAV,Telephone Field,recover-20220922,001,1795
1050.9525,1050.9639,25468,32162,Eptesicus serotinus,0.011,0.027,-1,Echolocation,/mnt/ubna_data_02_mir/recover-20220922/UBNA_001/20220921_090000.WAV,Telephone Field,recover-20220922,001,1795
1050.9685,1051.0107,68437,82598,Rhinolophus ferrumequinum,0.03,0.03,-1,Echolocation,/mnt/ubna_data_02_mir/recover-20220922/UBNA_001/20220921_090000.WAV,Telephone Field,recover-20220922,001,1795
1051.0055,1051.0443,68437,82067,Rhinolophus ferrumequinum,0.022,0.022,-1,Echolocation,/mnt/ubna_data_02_mir/recover-20220922/UBNA_001/20220921_090000.WAV,Telephone Field,recover-20220922,001,1795
1051.0295,1051.07,68437,83055,Rhinolophus ferrumequinum,0.028,0.028,-1,Echolocation,/mnt/ubna_data_02_mir/recover-20220922/UBNA_001/20220921_090000.WAV,Telephone Field,recover-20220922,001,1795
1051.0765,1051.1178,68437,82246,Rhinolophus ferrumequinum,0.032,0.032,-1,Echolocation,/mnt/ubna_data_02_mir/recover-20220922/UBNA_001/20220921_090000.WAV,Telephone Field,recover-20220922,001,1795
1051.1085,1051.1469,68437,82026,Rhinolophus ferrumequinum,0.024,0.024,-1,Echolocation,/mnt/ubna_data_02_mir/recover-20220922/UBNA_001/20220921_090000.WAV,Telephone Field,recover-20220922,001,1795
1051.1175,1051.1551,68437,81473,Rhinolophus ferrumequinum,0.022,0.022,-1,Echolocation,/mnt/ubna_data_02_mir/recover-20220922/UBNA_001/20220921_090000.WAV,Telephone Field,recover-20220922,001,1795
1051.1405,1051.1511,24609,30242,Nyctalus leisleri,0.012,0.03,-1,Echolocation,/mnt/ubna_data_02_mir/recover-20220922/UBNA_001/20220921_090000.WAV,Telephone Field,recover-20220922,001,1795
1051.1425,1051.1787,68437,81339,Rhinolophus ferrumequinum,0.027,0.027,-1,Echolocation,/mnt/ubna_data_02_mir/recover-20220922/UBNA_001/20220921_090000.WAV,Telephone Field,recover-20220922,001,1795
1051.1565,1051.1947,68437,81956,Rhinolophus ferrumequinum,0.021,0.021,-1,Echolocation,/mnt/ubna_data_02_mir/recover-20220922/UBNA_001/20220921_090000.WAV,Telephone Field,recover-20220922,001,1795
1051.2015,1051.241,68437,82644,Rhinolophus ferrumequinum,0.023,0.023,-1,Echolocation,/mnt/ubna_data_02_mir/recover-20220922/UBNA_001/20220921_090000.WAV,Telephone Field,recover-20220922,001,1795
1051.2195,1051.2553,68437,81700,Rhinolophus ferrumequinum,0.023,0.023,-1,Echolocation,/mnt/ubna_data_02_mir/recover-20220922/UBNA_001/20220921_090000.WAV,Telephone Field,recover-20220922,001,1795
1051.2355,1051.2422,27187,36637,Eptesicus serotinus,0.007,0.022,-1,Echolocation,/mnt/ubna_data_02_mir/recover-20220922/UBNA_001/20220921_090000.WAV,Telephone Field,recover-20220922,001,1795
1051.2575,1051.2635,50390,59450,Pipistrellus pipistrellus,0.016,0.023,-1,Echolocation,/mnt/ubna_data_02_mir/recover-20220922/UBNA_001/20220921_090000.WAV,Telephone Field,recover-20220922,001,1795
1051.2665,1051.2761,49531,53769,Pipistrellus pipistrellus,0.027,0.032,-1,Echolocation,/mnt/ubna_data_02_mir/recover-20220922/UBNA_001/20220921_090000.WAV,Telephone Field,recover-20220922,001,1795
1051.2705,1051.3047,68437,81257,Rhinolophus ferrumequinum,0.022,0.022,-1,Echolocation,/mnt/ubna_data_02_mir/recover-20220922/UBNA_001/20220921_090000.WAV,Telephone Field,recover-20220922,001,1795
1051.2905,1051.3285,68437,82278,Rhinolophus ferrumequinum,0.023,0.023,-1,Echolocation,/mnt/ubna_data_02_mir/recover-20220922/UBNA_001/20220921_090000.WAV,Telephone Field,recover-20220922,001,1795
1051.2915,1051.3113,20312,23521,Nyctalus leisleri,0.012,0.022,-1,Echolocation,/mnt/ubna_data_02_mir/recover-20220922/UBNA_001/20220921_090000.WAV,Telephone Field,recover-20220922,001,1795
1051.2955,1051.3028,28046,41796,Eptesicus serotinus,0.006,0.022,-1,Echolocation,/mnt/ubna_data_02_mir/recover-20220922/UBNA_001/20220921_090000.WAV,Telephone Field,recover-20220922,001,1795
1051.2965,1051.3177,19453,22312,Nyctalus leisleri,0.011,0.022,-1,Echolocation,/mnt/ubna_data_02_mir/recover-20220922/UBNA_001/20220921_090000.WAV,Telephone Field,recover-20220922,001,1795
1051.3455,1051.3869,68437,82191,Rhinolophus ferrumequinum,0.022,0.022,-1,Echolocation,/mnt/ubna_data_02_mir/recover-20220922/UBNA_001/20220921_090000.WAV,Telephone Field,recover-20220922,001,1795
1051.3545,1051.3614,26328,37988,Eptesicus serotinus,0.006,0.022,-1,Echolocation,/mnt/ubna_data_02_mir/recover-20220922/UBNA_001/20220921_090000.WAV,Telephone Field,recover-20220922,001,1795
1051.3825,1051.423,68437,82866,Rhinolophus ferrumequinum,0.022,0.022,-1,Echolocation,/mnt/ubna_data_02_mir/recover-20220922/UBNA_001/20220921_090000.WAV,Telephone Field,recover-20220922,001,1795
1051.3905,1051.4005,22890,29919,Nyctalus leisleri,0.008,0.026,-1,Echolocation,/mnt/ubna_data_02_mir/recover-20220922/UBNA_001/20220921_090000.WAV,Telephone Field,recover-20220922,001,1795
1051.4025,1051.4415,68437,81989,Rhinolophus ferrumequinum,0.021,0.021,-1,Echolocation,/mnt/ubna_data_02_mir/recover-20220922/UBNA_001/20220921_090000.WAV,Telephone Field,recover-20220922,001,1795
1051.4475,1051.4875,68437,82220,Rhinolophus ferrumequinum,0.028,0.028,-1,Echolocation,/mnt/ubna_data_02_mir/recover-20220922/UBNA_001/20220921_090000.WAV,Telephone Field,recover-20220922,001,1795
1051.4595,1051.4997,68437,82598,Rhinolophus ferrumequinum,0.022,0.022,-1,Echolocation,/mnt/ubna_data_02_mir/recover-20220922/UBNA_001/20220921_090000.WAV,Telephone Field,recover-20220922,001,1795
1051.4755,1051.4837,28906,37259,Eptesicus serotinus,0.006,0.021,-1,Echolocation,/mnt/ubna_data_02_mir/recover-20220922/UBNA_001/20220921_090000.WAV,Telephone Field,recover-20220922,001,1795
1051.4845,1051.5219,68437,82184,Rhinolophus ferrumequinum,0.023,0.023,-1,Echolocation,/mnt/ubna_data_02_mir/recover-20220922/UBNA_001/20220921_090000.WAV,Telephone Field,recover-20220922,001,1795
1051.5525,1051.5595,35781,42636,Myotis daubentonii,0.008,0.021,-1,Echolocation,/mnt/ubna_data_02_mir/recover-20220922/UBNA_001/20220921_090000.WAV,Telephone Field,recover-20220922,001,1795
1051.5525,1051.5607,27187,39101,Eptesicus serotinus,0.006,0.022,-1,Echolocation,/mnt/ubna_data_02_mir/recover-20220922/UBNA_001/20220921_090000.WAV,Telephone Field,recover-20220922,001,1795
1051.5555,1051.5657,22031,27337,Nyctalus leisleri,0.009,0.022,-1,Echolocation,/mnt/ubna_data_02_mir/recover-20220922/UBNA_001/20220921_090000.WAV,Telephone Field,recover-20220922,001,1795
1051.5835,1051.6257,68437,83001,Rhinolophus ferrumequinum,0.024,0.024,-1,Echolocation,/mnt/ubna_data_02_mir/recover-20220922/UBNA_001/20220921_090000.WAV,Telephone Field,recover-20220922,001,1795
1051.6005,1051.6398,68437,82212,Rhinolophus ferrumequinum,0.021,0.021,-1,Echolocation,/mnt/ubna_data_02_mir/recover-20220922/UBNA_001/20220921_090000.WAV,Telephone Field,recover-20220922,001,1795
1051.6075,1051.6495,68437,82494,Rhinolophus ferrumequinum,0.022,0.022,-1,Echolocation,/mnt/ubna_data_02_mir/recover-20220922/UBNA_001/20220921_090000.WAV,Telephone Field,recover-20220922,001,1795
1051.6075,1051.6165,28906,37273,Eptesicus serotinus,0.009,0.023,-1,Echolocation,/mnt/ubna_data_02_mir/recover-20220922/UBNA_001/20220921_090000.WAV,Telephone Field,recover-20220922,001,1795
1051.6345,1051.672,68437,82097,Rhinolophus ferrumequinum,0.022,0.022,-1,Echolocation,/mnt/ubna_data_02_mir/recover-20220922/UBNA_001/20220921_090000.WAV,Telephone Field,recover-20220922,001,1795
1051.6695,1051.6782,23750,30967,Nyctalus leisleri,0.006,0.021,-1,Echolocation,/mnt/ubna_data_02_mir/recover-20220922/UBNA_001/20220921_090000.WAV,Telephone Field,recover-20220922,001,1795
1051.7115,1051.7195,28046,39420,Eptesicus serotinus,0.007,0.022,-1,Echolocation,/mnt/ubna_data_02_mir/recover-20220922/UBNA_001/20220921_090000.WAV,Telephone Field,recover-20220922,001,1795
1051.7235,1051.7599,68437,81911,Rhinolophus ferrumequinum,0.024,0.024,-1,Echolocation,/mnt/ubna_data_02_mir/recover-20220922/UBNA_001/20220921_090000.WAV,Telephone Field,recover-20220922,001,1795
1051.7505,1051.7887,68437,82674,Rhinolophus ferrumequinum,0.023,0.023,-1,Echolocation,/mnt/ubna_data_02_mir/recover-20220922/UBNA_001/20220921_090000.WAV,Telephone Field,recover-20220922,001,1795
1051.7595,1051.7991,68437,82056,Rhinolophus ferrumequinum,0.021,0.021,-1,Echolocation,/mnt/ubna_data_02_mir/recover-20220922/UBNA_001/20220921_090000.WAV,Telephone Field,recover-20220922,001,1795
1051.7595,1051.7682,47812,51548,Pipistrellus pipistrellus,0.02,0.022,-1,Echolocation,/mnt/ubna_data_02_mir/recover-20220922/UBNA_001/20220921_090000.WAV,Telephone Field,recover-20220922,001,1795
1051.7745,1051.7815,28046,39341,Eptesicus serotinus,0.007,0.028,-1,Echolocation,/mnt/ubna_data_02_mir/recover-20220922/UBNA_001/20220921_090000.WAV,Telephone Field,recover-20220922,001,1795
1051.7755,1051.8142,68437,81731,Rhinolophus ferrumequinum,0.024,0.024,-1,Echolocation,/mnt/ubna_data_02_mir/recover-20220922/UBNA_001/20220921_090000.WAV,Telephone Field,recover-20220922,001,1795
1051.7985,1051.837,68437,82266,Rhinolophus ferrumequinum,0.021,0.021,-1,Echolocation,/mnt/ubna_data_02_mir/recover-20220922/UBNA_001/20220921_090000.WAV,Telephone Field,recover-20220922,001,1795
1051.8375,1051.876,68437,82001,Rhinolophus ferrumequinum,0.021,0.021,-1,Echolocation,/mnt/ubna_data_02_mir/recover-20220922/UBNA_001/20220921_090000.WAV,Telephone Field,recover-20220922,001,1795
1051.8415,1051.8533,14296,21225,Nyctalus noctula,0.016,0.029,-1,Echolocation,/mnt/ubna_data_02_mir/recover-20220922/UBNA_001/20220921_090000.WAV,Telephone Field,recover-20220922,001,1795
1051.8435,1051.8515,25468,34163,Eptesicus serotinus,0.007,0.022,-1,Echolocation,/mnt/ubna_data_02_mir/recover-20220922/UBNA_001/20220921_090000.WAV,Telephone Field,recover-20220922,001,1795
1051.8485,1051.8897,68437,82539,Rhinolophus ferrumequinum,0.02,0.021,-1,Echolocation,/mnt/ubna_data_02_mir/recover-20220922/UBNA_001/20220921_090000.WAV,Telephone Field,recover-20220922,001,1795
1051.8685,1051.908,68437,82322,Rhinolophus ferrumequinum,0.022,0.022,-1,Echolocation,/mnt/ubna_data_02_mir/recover-20220922/UBNA_001/20220921_090000.WAV,Telephone Field,recover-20220922,001,1795
1051.8975,1051.9367,68437,81872,Rhinolophus ferrumequinum,0.021,0.021,-1,Echolocation,/mnt/ubna_data_02_mir/recover-20220922/UBNA_001/20220921_090000.WAV,Telephone Field,recover-20220922,001,1795
1051.9045,1051.9439,68437,82205,Rhinolophus ferrumequinum,0.021,0.021,-1,Echolocation,/mnt/ubna_data_02_mir/recover-20220922/UBNA_001/20220921_090000.WAV,Telephone Field,recover-20220922,001,1795
1051.9235,1051.9605,68437,82284,Rhinolophus ferrumequinum,0.02,0.021,-1,Echolocation,/mnt/ubna_data_02_mir/recover-20220922/UBNA_001/20220921_090000.WAV,Telephone Field,recover-20220922,001,1795
1051.9835,1051.9908,28046,40116,Eptesicus serotinus,0.006,0.021,-1,Echolocation,/mnt/ubna_data_02_mir/recover-20220922/UBNA_001/20220921_090000.WAV,Telephone Field,recover-20220922,001,1795
1052.0015,1052.0103,26328,35181,Eptesicus serotinus,0.01,0.031,-1,Echolocation,/mnt/ubna_data_02_mir/recover-20220922/UBNA_001/20220921_090000.WAV,Telephone Field,recover-20220922,001,1795
1052.0015,1052.0357,69296,81338,Rhinolophus ferrumequinum,0.034,0.034,-1,Echolocation,/mnt/ubna_data_02_mir/recover-20220922/UBNA_001/20220921_090000.WAV,Telephone Field,recover-20220922,001,1795
1052.0175,1052.0261,24609,32757,Nyctalus leisleri,0.007,0.025,-1,Echolocation,/mnt/ubna_data_02_mir/recover-20220922/UBNA_001/20220921_090000.WAV,Telephone Field,recover-20220922,001,1795
1052.0325,1052.0719,68437,82114,Rhinolophus ferrumequinum,0.024,0.024,-1,Echolocation,/mnt/ubna_data_02_mir/recover-20220922/UBNA_001/20220921_090000.WAV,Telephone Field,recover-20220922,001,1795
1052.0695,1052.11,68437,83060,Rhinolophus ferrumequinum,0.024,0.024,-1,Echolocation,/mnt/ubna_data_02_mir/recover-20220922/UBNA_001/20220921_090000.WAV,Telephone Field,recover-20220922,001,1795
1052.1045,1052.1405,68437,81143,Rhinolophus ferrumequinum,0.023,0.023,-1,Echolocation,/mnt/ubna_data_02_mir/recover-20220922/UBNA_001/20220921_090000.WAV,Telephone Field,recover-20220922,001,1795
1052.1335,1052.1725,68437,82584,Rhinolophus ferrumequinum,0.023,0.023,-1,Echolocation,/mnt/ubna_data_02_mir/recover-20220922/UBNA_001/20220921_090000.WAV,Telephone Field,recover-20220922,001,1795
1052.2065,1052.2417,67578,79269,Rhinolophus ferrumequinum,0.023,0.024,-1,Echolocation,/mnt/ubna_data_02_mir/recover-20220922/UBNA_001/20220921_090000.WAV,Telephone Field,recover-20220922,001,1795
1052.2565,1052.2688,22031,26026,Nyctalus leisleri,0.013,0.022,-1,Echolocation,/mnt/ubna_data_02_mir/recover-20220922/UBNA_001/20220921_090000.WAV,Telephone Field,recover-20220922,001,1795
1052.2625,1052.303,68437,82343,Rhinolophus ferrumequinum,0.029,0.029,-1,Echolocation,/mnt/ubna_data_02_mir/recover-20220922/UBNA_001/20220921_090000.WAV,Telephone Field,recover-20220922,001,1795
1052.3105,1052.3498,68437,82659,Rhinolophus ferrumequinum,0.024,0.024,-1,Echolocation,/mnt/ubna_data_02_mir/recover-20220922/UBNA_001/20220921_090000.WAV,Telephone Field,recover-20220922,001,1795
1052.3225,1052.363,68437,82856,Rhinolophus ferrumequinum,0.024,0.024,-1,Echolocation,/mnt/ubna_data_02_mir/recover-20220922/UBNA_001/20220921_090000.WAV,Telephone Field,recover-20220922,001,1795
1052.3705,1052.4062,68437,81291,Rhinolophus ferrumequinum,0.026,0.026,-1,Echolocation,/mnt/ubna_data_02_mir/recover-20220922/UBNA_001/20220921_090000.WAV,Telephone Field,recover-20220922,001,1795
1052.3915,1052.4018,22031,27106,Nyctalus leisleri,0.01,0.023,-1,Echolocation,/mnt/ubna_data_02_mir/recover-20220922/UBNA_001/20220921_090000.WAV,Telephone Field,recover-20220922,001,1795
1052.4065,1052.4467,68437,82304,Rhinolophus ferrumequinum,0.029,0.029,-1,Echolocation,/mnt/ubna_data_02_mir/recover-20220922/UBNA_001/20220921_090000.WAV,Telephone Field,recover-20220922,001,1795
1052.4175,1052.4548,68437,81323,Rhinolophus ferrumequinum,0.024,0.024,-1,Echolocation,/mnt/ubna_data_02_mir/recover-20220922/UBNA_001/20220921_090000.WAV,Telephone Field,recover-20220922,001,1795
1052.4665,1052.507,68437,82511,Rhinolophus ferrumequinum,0.022,0.022,-1,Echolocation,/mnt/ubna_data_02_mir/recover-20220922/UBNA_001/20220921_090000.WAV,Telephone Field,recover-20220922,001,1795
1052.5085,1052.5465,68437,81381,Rhinolophus ferrumequinum,0.023,0.023,-1,Echolocation,/mnt/ubna_data_02_mir/recover-20220922/UBNA_001/20220921_090000.WAV,Telephone Field,recover-20220922,001,1795
1052.5195,1052.5575,68437,81196,Rhinolophus ferrumequinum,0.022,0.022,-1,Echolocation,/mnt/ubna_data_02_mir/recover-20220922/UBNA_001/20220921_090000.WAV,Telephone Field,recover-20220922,001,1795
1052.5475,1052.5587,23750,29688,Nyctalus leisleri,0.01,0.024,-1,Echolocation,/mnt/ubna_data_02_mir/recover-20220922/UBNA_001/20220921_090000.WAV,Telephone Field,recover-20220922,001,1795
1052.5655,1052.6045,68437,82170,Rhinolophus ferrumequinum,0.022,0.022,-1,Echolocation,/mnt/ubna_data_02_mir/recover-20220922/UBNA_001/20220921_090000.WAV,Telephone Field,recover-20220922,001,1795
1052.5785,1052.616,68437,82182,Rhinolophus ferrumequinum,0.03,0.03,-1,Echolocation,/mnt/ubna_data_02_mir/recover-20220922/UBNA_001/20220921_090000.WAV,Telephone Field,recover-20220922,001,1795
1052.5825,1052.5918,27187,37305,Eptesicus serotinus,0.009,0.023,-1,Echolocation,/mnt/ubna_data_02_mir/recover-20220922/UBNA_001/20220921_090000.WAV,Telephone Field,recover-20220922,001,1795
1052.6015,1052.6362,68437,81143,Rhinolophus ferrumequinum,0.03,0.03,-1,Echolocation,/mnt/ubna_data_02_mir/recover-20220922/UBNA_001/20220921_090000.WAV,Telephone Field,recover-20220922,001,1795
1052.6175,1052.6256,25468,33629,Eptesicus serotinus,0.007,0.023,-1,Echolocation,/mnt/ubna_data_02_mir/recover-20220922/UBNA_001/20220921_090000.WAV,Telephone Field,recover-20220922,001,1795
1052.6355,1052.6777,68437,82938,Rhinolophus ferrumequinum,0.027,0.027,-1,Echolocation,/mnt/ubna_data_02_mir/recover-20220922/UBNA_001/20220921_090000.WAV,Telephone Field,recover-20220922,001,1795
1052.6605,1052.6986,68437,82323,Rhinolophus ferrumequinum,0.03,0.03,-1,Echolocation,/mnt/ubna_data_02_mir/recover-20220922/UBNA_001/20220921_090000.WAV,Telephone Field,recover-20220922,001,1795
1052.6655,1052.6726,30625,41143,Myotis daubentonii,0.009,0.023,-1,Echolocation,/mnt/ubna_data_02_mir/recover-20220922/UBNA_001/20220921_090000.WAV,Telephone Field,recover-20220922,001,1795
1052.6755,1052.7133,68437,82268,Rhinolophus ferrumequinum,0.022,0.022,-1,Echolocation,/mnt/ubna_data_02_mir/recover-20220922/UBNA_001/20220921_090000.WAV,Telephone Field,recover-20220922,001,1795
1052.6945,1052.7329,68437,82274,Rhinolophus ferrumequinum,0.024,0.024,-1,Echolocation,/mnt/ubna_data_02_mir/recover-20220922/UBNA_001/20220921_090000.WAV,Telephone Field,recover-20220922,001,1795
1052.7695,1052.8074,68437,81804,Rhinolophus ferrumequinum,0.023,0.023,-1,Echolocation,/mnt/ubna_data_02_mir/recover-20220922/UBNA_001/20220921_090000.WAV,Telephone Field,recover-20220922,001,1795
1052.8125,1052.8571,68437,84048,Rhinolophus ferrumequinum,0.07,0.07,-1,Echolocation,/mnt/ubna_data_02_mir/recover-20220922/UBNA_001/20220921_090000.WAV,Telephone Field,recover-20220922,001,1795
1052.8485,1052.8587,48671,52958,Pipistrellus pipistrellus,0.019,0.025,-1,Echolocation,/mnt/ubna_data_02_mir/recover-20220922/UBNA_001/20220921_090000.WAV,Telephone Field,recover-20220922,001,1795
1052.8565,1052.8948,68437,81971,Rhinolophus ferrumequinum,0.025,0.025,-1,Echolocation,/mnt/ubna_data_02_mir/recover-20220922/UBNA_001/20220921_090000.WAV,Telephone Field,recover-20220922,001,1795
1052.8925,1052.9,28046,39221,Eptesicus serotinus,0.007,0.022,-1,Echolocation,/mnt/ubna_data_02_mir/recover-20220922/UBNA_001/20220921_090000.WAV,Telephone Field,recover-20220922,001,1795
1052.9055,1052.9455,68437,82845,Rhinolophus ferrumequinum,0.032,0.032,-1,Echolocation,/mnt/ubna_data_02_mir/recover-20220922/UBNA_001/20220921_090000.WAV,Telephone Field,recover-20220922,001,1795
1052.9405,1052.9804,68437,82725,Rhinolophus ferrumequinum,0.037,0.037,-1,Echolocation,/mnt/ubna_data_02_mir/recover-20220922/UBNA_001/20220921_090000.WAV,Telephone Field,recover-20220922,001,1795
1052.9475,1052.9884,68437,82645,Rhinolophus ferrumequinum,0.028,0.028,-1,Echolocation,/mnt/ubna_data_02_mir/recover-20220922/UBNA_001/20220921_090000.WAV,Telephone Field,recover-20220922,001,1795
1052.9675,1052.9759,28906,37382,Eptesicus serotinus,0.008,0.023,-1,Echolocation,/mnt/ubna_data_02_mir/recover-20220922/UBNA_001/20220921_090000.WAV,Telephone Field,recover-20220922,001,1795
1052.9875,1053.0065,63281,69259,Pipistrellus pygmaeus,0.021,0.025,-1,Echolocation,/mnt/ubna_data_02_mir/recover-20220922/UBNA_001/20220921_090000.WAV,Telephone Field,recover-20220922,001,1795
1053.0065,1053.0489,68437,83511,Rhinolophus ferrumequinum,0.025,0.025,-1,Echolocation,/mnt/ubna_data_02_mir/recover-20220922/UBNA_001/20220921_090000.WAV,Telephone Field,recover-20220922,001,1795
1053.0125,1053.0189,23750,33741,Plecotus austriacus,0.024,0.042,-1,Echolocation,/mnt/ubna_data_02_mir/recover-20220922/UBNA_001/20220921_090000.WAV,Telephone Field,recover-20220922,001,1795
1053.0465,1053.0898,68437,83205,Rhinolophus ferrumequinum,0.024,0.024,-1,Echolocation,/mnt/ubna_data_02_mir/recover-20220922/UBNA_001/20220921_090000.WAV,Telephone Field,recover-20220922,001,1795
1053.0925,1053.1348,68437,83271,Rhinolophus ferrumequinum,0.024,0.024,-1,Echolocation,/mnt/ubna_data_02_mir/recover-20220922/UBNA_001/20220921_090000.WAV,Telephone Field,recover-20220922,001,1795
1053.1315,1053.1689,68437,81998,Rhinolophus ferrumequinum,0.022,0.022,-1,Echolocation,/mnt/ubna_data_02_mir/recover-20220922/UBNA_001/20220921_090000.WAV,Telephone Field,recover-20220922,001,1795
1053.1465,1053.1574,22031,26944,Nyctalus leisleri,0.012,0.024,-1,Echolocation,/mnt/ubna_data_02_mir/recover-20220922/UBNA_001/20220921_090000.WAV,Telephone Field,recover-20220922,001,1795
1053.1945,1053.2358,68437,82961,Rhinolophus ferrumequinum,0.029,0.029,-1,Echolocation,/mnt/ubna_data_02_mir/recover-20220922/UBNA_001/20220921_090000.WAV,Telephone Field,recover-20220922,001,1795
1053.2115,1053.2476,68437,80940,Rhinolophus ferrumequinum,0.025,0.025,-1,Echolocation,/mnt/ubna_data_02_mir/recover-20220922/UBNA_001/20220921_090000.WAV,Telephone Field,recover-20220922,001,1795
1053.2595,1053.2706,28906,36952,Eptesicus serotinus,0.012,0.027,-1,Echolocation,/mnt/ubna_data_02_mir/recover-20220922/UBNA_001/20220921_090000.WAV,Telephone Field,recover-20220922,001,1795
1053.2755,1053.3129,68437,82000,Rhinolophus ferrumequinum,0.024,0.024,-1,Echolocation,/mnt/ubna_data_02_mir/recover-20220922/UBNA_001/20220921_090000.WAV,Telephone Field,recover-20220922,001,1795
1053.2835,1053.3213,68437,82031,Rhinolophus ferrumequinum,0.021,0.022,-1,Echolocation,/mnt/ubna_data_02_mir/recover-20220922/UBNA_001/20220921_090000.WAV,Telephone Field,recover-20220922,001,1795
1053.3185,1053.3582,68437,82137,Rhinolophus ferrumequinum,0.026,0.026,-1,Echolocation,/mnt/ubna_data_02_mir/recover-20220922/UBNA_001/20220921_090000.WAV,Telephone Field,recover-20220922,001,1795
1053.3245,1053.3655,68437,82521,Rhinolophus ferrumequinum,0.027,0.027,-1,Echolocation,/mnt/ubna_data_02_mir/recover-20220922/UBNA_001/20220921_090000.WAV,Telephone Field,recover-20220922,001,1795
1053.3655,1053.4067,68437,82690,Rhinolophus ferrumequinum,0.031,0.031,-1,Echolocation,/mnt/ubna_data_02_mir/recover-20220922/UBNA_001/20220921_090000.WAV,Telephone Field,recover-20220922,001,1795
1053.3695,1053.3784,24609,32099,Nyctalus leisleri,0.007,0.022,-1,Echolocation,/mnt/ubna_data_02_mir/recover-20220922/UBNA_001/20220921_090000.WAV,Telephone Field,recover-20220922,001,1795
1053.3885,1053.3987,22031,27883,Nyctalus leisleri,0.009,0.024,-1,Echolocation,/mnt/ubna_data_02_mir/recover-20220922/UBNA_001/20220921_090000.WAV,Telephone Field,recover-20220922,001,1795
1053.4315,1053.4716,68437,82678,Rhinolophus ferrumequinum,0.027,0.027,-1,Echolocation,/mnt/ubna_data_02_mir/recover-20220922/UBNA_001/20220921_090000.WAV,Telephone Field,recover-20220922,001,1795
1053.4705,1053.5092,68437,82115,Rhinolophus ferrumequinum,0.024,0.024,-1,Echolocation,/mnt/ubna_data_02_mir/recover-20220922/UBNA_001/20220921_090000.WAV,Telephone Field,recover-20220922,001,1795
1053.5135,1053.5513,68437,82089,Rhinolophus ferrumequinum,0.021,0.021,-1,Echolocation,/mnt/ubna_data_02_mir/recover-20220922/UBNA_001/20220921_090000.WAV,Telephone Field,recover-20220922,001,1795
1053.5175,1053.5312,28906,34589,Eptesicus serotinus,0.025,0.042,-1,Echolocation,/mnt/ubna_data_02_mir/recover-20220922/UBNA_001/20220921_090000.WAV,Telephone Field,recover-20220922,001,1795
1053.5335,1053.5742,68437,82493,Rhinolophus ferrumequinum,0.033,0.033,-1,Echolocation,/mnt/ubna_data_02_mir/recover-20220922/UBNA_001/20220921_090000.WAV,Telephone Field,recover-20220922,001,1795
1053.5495,1053.5602,23750,29560,Nyctalus leisleri,0.013,0.028,-1,Echolocation,/mnt/ubna_data_02_mir/recover-20220922/UBNA_001/20220921_090000.WAV,Telephone Field,recover-20220922,001,1795
1053.5535,1053.5908,68437,81733,Rhinolophus ferrumequinum,0.03,0.03,-1,Echolocation,/mnt/ubna_data_02_mir/recover-20220922/UBNA_001/20220921_090000.WAV,Telephone Field,recover-20220922,001,1795
1053.5775,1053.5849,28046,38936,Eptesicus serotinus,0.007,0.024,-1,Echolocation,/mnt/ubna_data_02_mir/recover-20220922/UBNA_001/20220921_090000.WAV,Telephone Field,recover-20220922,001,1795
1053.5775,1053.6176,68437,82553,Rhinolophus ferrumequinum,0.029,0.029,-1,Echolocation,/mnt/ubna_data_02_mir/recover-20220922/UBNA_001/20220921_090000.WAV,Telephone Field,recover-20220922,001,1795
1053.6385,1053.6486,28046,35971,Eptesicus serotinus,0.009,0.022,-1,Echolocation,/mnt/ubna_data_02_mir/recover-20220922/UBNA_001/20220921_090000.WAV,Telephone Field,recover-20220922,001,1795
1053.6415,1053.684,68437,82671,Rhinolophus ferrumequinum,0.028,0.028,-1,Echolocation,/mnt/ubna_data_02_mir/recover-20220922/UBNA_001/20220921_090000.WAV,Telephone Field,recover-20220922,001,1795
1053.6575,1053.7013,68437,83279,Rhinolophus ferrumequinum,0.023,0.023,-1,Echolocation,/mnt/ubna_data_02_mir/recover-20220922/UBNA_001/20220921_090000.WAV,Telephone Field,recover-20220922,001,1795
1053.6825,1053.6926,22031,27513,Nyctalus leisleri,0.009,0.023,-1,Echolocation,/mnt/ubna_data_02_mir/recover-20220922/UBNA_001/20220921_090000.WAV,Telephone Field,recover-20220922,001,1795
1053.7085,1053.7481,68437,81676,Rhinolophus ferrumequinum,0.023,0.023,-1,Echolocation,/mnt/ubna_data_02_mir/recover-20220922/UBNA_001/20220921_090000.WAV,Telephone Field,recover-20220922,001,1795
1053.7185,1053.7539,68437,81296,Rhinolophus ferrumequinum,0.029,0.029,-1,Echolocation,/mnt/ubna_data_02_mir/recover-20220922/UBNA_001/20220921_090000.WAV,Telephone Field,recover-20220922,001,1795
1053.7215,1053.7413,19453,22838,Nyctalus noctula,0.024,0.044,-1,Echolocation,/mnt/ubna_data_02_mir/recover-20220922/UBNA_001/20220921_090000.WAV,Telephone Field,recover-20220922,001,1795
1053.7605,1053.8,68437,81914,Rhinolophus ferrumequinum,0.025,0.025,-1,Echolocation,/mnt/ubna_data_02_mir/recover-20220922/UBNA_001/20220921_090000.WAV,Telephone Field,recover-20220922,001,1795
1053.7795,1053.7898,27187,35463,Eptesicus serotinus,0.013,0.026,-1,Echolocation,/mnt/ubna_data_02_mir/recover-20220922/UBNA_001/20220921_090000.WAV,Telephone Field,recover-20220922,001,1795
1053.7805,1053.8147,68437,81722,Rhinolophus ferrumequinum,0.023,0.023,-1,Echolocation,/mnt/ubna_data_02_mir/recover-20220922/UBNA_001/20220921_090000.WAV,Telephone Field,recover-20220922,001,1795
1053.8035,1053.8145,40937,44616,Pipistrellus nathusii,0.01,0.022,-1,Echolocation,/mnt/ubna_data_02_mir/recover-20220922/UBNA_001/20220921_090000.WAV,Telephone Field,recover-20220922,001,1795
1053.8295,1053.8367,34062,41188,Myotis daubentonii,0.009,0.023,-1,Echolocation,/mnt/ubna_data_02_mir/recover-20220922/UBNA_001/20220921_090000.WAV,Telephone Field,recover-20220922,001,1795
1053.8315,1053.8386,27187,40548,Eptesicus serotinus,0.007,0.024,-1,Echolocation,/mnt/ubna_data_02_mir/recover-20220922/UBNA_001/20220921_090000.WAV,Telephone Field,recover-20220922,001,1795
1053.8605,1053.8705,28046,36296,Eptesicus serotinus,0.01,0.024,-1,Echolocation,/mnt/ubna_data_02_mir/recover-20220922/UBNA_001/20220921_090000.WAV,Telephone Field,recover-20220922,001,1795
1053.8965,1053.9358,68437,82653,Rhinolophus ferrumequinum,0.026,0.026,-1,Echolocation,/mnt/ubna_data_02_mir/recover-20220922/UBNA_001/20220921_090000.WAV,Telephone Field,recover-20220922,001,1795
1053.9335,1053.9779,68437,83372,Rhinolophus ferrumequinum,0.05,0.05,-1,Echolocation,/mnt/ubna_data_02_mir/recover-20220922/UBNA_001/20220921_090000.WAV,Telephone Field,recover-20220922,001,1795
1053.9555,1053.9627,26328,35416,Eptesicus serotinus,0.007,0.022,-1,Echolocation,/mnt/ubna_data_02_mir/recover-20220922/UBNA_001/20220921_090000.WAV,Telephone Field,recover-20220922,001,1795
1054.0015,1054.0366,69296,81581,Rhinolophus ferrumequinum,0.035,0.035,-1,Echolocation,/mnt/ubna_data_02_mir/recover-20220922/UBNA_001/20220921_090000.WAV,Telephone Field,recover-20220922,001,1795
1054.0015,1054.0102,45234,51462,Pipistrellus pipistrellus,0.025,0.031,-1,Echolocation,/mnt/ubna_data_02_mir/recover-20220922/UBNA_001/20220921_090000.WAV,Telephone Field,recover-20220922,001,1795
1054.0015,1054.0103,23750,30917,Nyctalus leisleri,0.01,0.029,-1,Echolocation,/mnt/ubna_data_02_mir/recover-20220922/UBNA_001/20220921_090000.WAV,Telephone Field,recover-20220922,001,1795
1054.0305,1054.0709,68437,82546,Rhinolophus ferrumequinum,0.021,0.021,-1,Echolocation,/mnt/ubna_data_02_mir/recover-20220922/UBNA_001/20220921_090000.WAV,Telephone Field,recover-20220922,001,1795
1054.0355,1054.0432,28046,39999,Eptesicus serotinus,0.008,0.022,-1,Echolocation,/mnt/ubna_data_02_mir/recover-20220922/UBNA_001/20220921_090000.WAV,Telephone Field,recover-20220922,001,1795
1054.0365,1054.0731,68437,81459,Rhinolophus ferrumequinum,0.021,0.021,-1,Echolocation,/mnt/ubna_data_02_mir/recover-20220922/UBNA_001/20220921_090000.WAV,Telephone Field,recover-20220922,001,1795
1054.0735,1054.0832,22890,28309,Nyctalus leisleri,0.01,0.024,-1,Echolocation,/mnt/ubna_data_02_mir/recover-20220922/UBNA_001/20220921_090000.WAV,Telephone Field,recover-20220922,001,1795
1054.1435,1054.1502,49531,53419,Pipistrellus pipistrellus,0.029,0.031,-1,Echolocation,/mnt/ubna_data_02_mir/recover-20220922/UBNA_001/20220921_090000.WAV,Telephone Field,recover-20220922,001,1795
1054.1505,1054.1592,28046,37495,Eptesicus serotinus,0.009,0.024,-1,Echolocation,/mnt/ubna_data_02_mir/recover-20220922/UBNA_001/20220921_090000.WAV,Telephone Field,recover-20220922,001,1795
1054.1665,1054.1785,12578,16096,Nyctalus leisleri,0.027,0.053,-1,Echolocation,/mnt/ubna_data_02_mir/recover-20220922/UBNA_001/20220921_090000.WAV,Telephone Field,recover-20220922,001,1795
1054.1995,1054.2077,15156,22835,Plecotus auritus,0.042,0.062,-1,Echolocation,/mnt/ubna_data_02_mir/recover-20220922/UBNA_001/20220921_090000.WAV,Telephone Field,recover-20220922,001,1795
1054.2055,1054.2164,23750,30356,Nyctalus leisleri,0.011,0.03,-1,Echolocation,/mnt/ubna_data_02_mir/recover-20220922/UBNA_001/20220921_090000.WAV,Telephone Field,recover-20220922,001,1795
1054.2205,1054.2301,28046,35418,Eptesicus serotinus,0.008,0.022,-1,Echolocation,/mnt/ubna_data_02_mir/recover-20220922/UBNA_001/20220921_090000.WAV,Telephone Field,recover-20220922,001,1795
1054.2405,1054.2779,68437,82267,Rhinolophus ferrumequinum,0.023,0.023,-1,Echolocation,/mnt/ubna_data_02_mir/recover-20220922/UBNA_001/20220921_090000.WAV,Telephone Field,recover-20220922,001,1795
1054.2675,1054.3053,68437,82226,Rhinolophus ferrumequinum,0.023,0.023,-1,Echolocation,/mnt/ubna_data_02_mir/recover-20220922/UBNA_001/20220921_090000.WAV,Telephone Field,recover-20220922,001,1795
1054.2745,1054.3127,68437,82113,Rhinolophus ferrumequinum,0.023,0.023,-1,Echolocation,/mnt/ubna_data_02_mir/recover-20220922/UBNA_001/20220921_090000.WAV,Telephone Field,recover-20220922,001,1795
1054.2805,1054.3184,68437,81693,Rhinolophus ferrumequinum,0.022,0.022,-1,Echolocation,/mnt/ubna_data_02_mir/recover-20220922/UBNA_001/20220921_090000.WAV,Telephone Field,recover-20220922,001,1795
1054.2915,1054.3301,68437,81378,Rhinolophus ferrumequinum,0.023,0.023,-1,Echolocation,/mnt/ubna_data_02_mir/recover-20220922/UBNA_001/20220921_090000.WAV,Telephone Field,recover-20220922,001,1795
1054.2925,1054.3006,28906,38607,Eptesicus serotinus,0.009,0.027,-1,Echolocation,/mnt/ubna_data_02_mir/recover-20220922/UBNA_001/20220921_090000.WAV,Telephone Field,recover-20220922,001,1795
1054.3065,1054.3458,68437,82404,Rhinolophus ferrumequinum,0.021,0.021,-1,Echolocation,/mnt/ubna_data_02_mir/recover-20220922/UBNA_001/20220921_090000.WAV,Telephone Field,recover-20220922,001,1795
1054.3085,1054.319,22031,26735,Nyctalus leisleri,0.01,0.021,-1,Echolocation,/mnt/ubna_data_02_mir/recover-20220922/UBNA_001/20220921_090000.WAV,Telephone Field,recover-20220922,001,1795
1054.3355,1054.3758,68437,82674,Rhinolophus ferrumequinum,0.025,0.025,-1,Echolocation,/mnt/ubna_data_02_mir/recover-20220922/UBNA_001/20220921_090000.WAV,Telephone Field,recover-20220922,001,1795
1054.3365,1054.3466,24609,31179,Nyctalus leisleri,0.009,0.023,-1,Echolocation,/mnt/ubna_data_02_mir/recover-20220922/UBNA_001/20220921_090000.WAV,Telephone Field,recover-20220922,001,1795
1054.3515,1054.3895,68437,82972,Rhinolophus ferrumequinum,0.024,0.024,-1,Echolocation,/mnt/ubna_data_02_mir/recover-20220922/UBNA_001/20220921_090000.WAV,Telephone Field,recover-20220922,001,1795
1054.3775,1054.3857,29765,37431,Eptesicus serotinus,0.01,0.027,-1,Echolocation,/mnt/ubna_data_02_mir/recover-20220922/UBNA_001/20220921_090000.WAV,Telephone Field,recover-20220922,001,1795
1054.4095,1054.4511,68437,82829,Rhinolophus ferrumequinum,0.028,0.028,-1,Echolocation,/mnt/ubna_data_02_mir/recover-20220922/UBNA_001/20220921_090000.WAV,Telephone Field,recover-20220922,001,1795
1054.4125,1054.4242,23750,28440,Nyctalus leisleri,0.021,0.037,-1,Echolocation,/mnt/ubna_data_02_mir/recover-20220922/UBNA_001/20220921_090000.WAV,Telephone Field,recover-20220922,001,1795
1054.4335,1054.4454,23750,28503,Nyctalus leisleri,0.022,0.042,-1,Echolocation,/mnt/ubna_data_02_mir/recover-20220922/UBNA_001/20220921_090000.WAV,Telephone Field,recover-20220922,001,1795
1054.4525,1054.4627,28906,36772,Eptesicus serotinus,0.011,0.024,-1,Echolocation,/mnt/ubna_data_02_mir/recover-20220922/UBNA_001/20220921_090000.WAV,Telephone Field,recover-20220922,001,1795
1054.4695,1054.5067,68437,82215,Rhinolophus ferrumequinum,0.022,0.022,-1,Echolocation,/mnt/ubna_data_02_mir/recover-20220922/UBNA_001/20220921_090000.WAV,Telephone Field,recover-20220922,001,1795
1054.5115,1054.5492,68437,81856,Rhinolophus ferrumequinum,0.023,0.023,-1,Echolocation,/mnt/ubna_data_02_mir/recover-20220922/UBNA_001/20220921_090000.WAV,Telephone Field,recover-20220922,001,1795
1054.5455,1054.5872,68437,82889,Rhinolophus ferrumequinum,0.027,0.027,-1,Echolocation,/mnt/ubna_data_02_mir/recover-20220922/UBNA_001/20220921_090000.WAV,Telephone Field,recover-20220922,001,1795
1054.6025,1054.6437,68437,82996,Rhinolophus ferrumequinum,0.038,0.038,-1,Echolocation,/mnt/ubna_data_02_mir/recover-20220922/UBNA_001/20220921_090000.WAV,Telephone Field,recover-20220922,001,1795
1054.6125,1054.6528,68437,82231,Rhinolophus ferrumequinum,0.021,0.021,-1,Echolocation,/mnt/ubna_data_02_mir/recover-20220922/UBNA_001/20220921_090000.WAV,Telephone Field,recover-20220922,001,1795
1054.6495,1054.6881,68437,81812,Rhinolophus ferrumequinum,0.022,0.022,-1,Echolocation,/mnt/ubna_data_02_mir/recover-20220922/UBNA_001/20220921_090000.WAV,Telephone Field,recover-20220922,001,1795
1054.6515,1054.6606,28906,39018,Eptesicus serotinus,0.009,0.024,-1,Echolocation,/mnt/ubna_data_02_mir/recover-20220922/UBNA_001/20220921_090000.WAV,Telephone Field,recover-20220922,001,1795
1054.6655,1054.7106,68437,83538,Rhinolophus ferrumequinum,0.046,0.046,-1,Echolocation,/mnt/ubna_data_02_mir/recover-20220922/UBNA_001/20220921_090000.WAV,Telephone Field,recover-20220922,001,1795
1054.7175,1054.7569,68437,82465,Rhinolophus ferrumequinum,0.024,0.025,-1,Echolocation,/mnt/ubna_data_02_mir/recover-20220922/UBNA_001/20220921_090000.WAV,Telephone Field,recover-20220922,001,1795
1054.7285,1054.7374,28046,38314,Eptesicus serotinus,0.009,0.021,-1,Echolocation,/mnt/ubna_data_02_mir/recover-20220922/UBNA_001/20220921_090000.WAV,Telephone Field,recover-20220922,001,1795
1054.7405,1054.776,68437,81625,Rhinolophus ferrumequinum,0.022,0.022,-1,Echolocation,/mnt/ubna_data_02_mir/recover-20220922/UBNA_001/20220921_090000.WAV,Telephone Field,recover-20220922,001,1795
1054.8015,1054.8104,28906,38312,Eptesicus serotinus,0.009,0.023,-1,Echolocation,/mnt/ubna_data_02_mir/recover-20220922/UBNA_001/20220921_090000.WAV,Telephone Field,recover-20220922,001,1795
1054.8185,1054.855,68437,81077,Rhinolophus ferrumequinum,0.021,0.021,-1,Echolocation,/mnt/ubna_data_02_mir/recover-20220922/UBNA_001/20220921_090000.WAV,Telephone Field,recover-20220922,001,1795
1054.8225,1054.8318,37500,44835,Pipistrellus nathusii,0.008,0.024,-1,Echolocation,/mnt/ubna_data_02_mir/recover-20220922/UBNA_001/20220921_090000.WAV,Telephone Field,recover-20220922,001,1795
1054.8255,1054.8326,27187,42226,Eptesicus serotinus,0.007,0.022,-1,Echolocation,/mnt/ubna_data_02_mir/recover-20220922/UBNA_001/20220921_090000.WAV,Telephone Field,recover-20220922,001,1795
1054.8405,1054.8786,68437,82568,Rhinolophus ferrumequinum,0.029,0.029,-1,Echolocation,/mnt/ubna_data_02_mir/recover-20220922/UBNA_001/20220921_090000.WAV,Telephone Field,recover-20220922,001,1795
1054.8495,1054.8568,28046,40298,Eptesicus serotinus,0.006,0.021,-1,Echolocation,/mnt/ubna_data_02_mir/recover-20220922/UBNA_001/20220921_090000.WAV,Telephone Field,recover-20220922,001,1795
1054.8825,1054.892,22890,29651,Nyctalus leisleri,0.008,0.025,-1,Echolocation,/mnt/ubna_data_02_mir/recover-20220922/UBNA_001/20220921_090000.WAV,Telephone Field,recover-20220922,001,1795
1054.8825,1054.9216,68437,82207,Rhinolophus ferrumequinum,0.023,0.023,-1,Echolocation,/mnt/ubna_data_02_mir/recover-20220922/UBNA_001/20220921_090000.WAV,Telephone Field,recover-20220922,001,1795
1054.9265,1054.9684,68437,82806,Rhinolophus ferrumequinum,0.043,0.043,-1,Echolocation,/mnt/ubna_data_02_mir/recover-20220922/UBNA_001/20220921_090000.WAV,Telephone Field,recover-20220922,001,1795
1054.9515,1054.9916,68437,82308,Rhinolophus ferrumequinum,0.024,0.024,-1,Echolocation,/mnt/ubna_data_02_mir/recover-20220922/UBNA_001/20220921_090000.WAV,Telephone Field,recover-20220922,001,1795
1054.9745,1055.017,68437,83378,Rhinolophus ferrumequinum,0.03,0.03,-1,Echolocation,/mnt/ubna_data_02_mir/recover-20220922/UBNA_001/20220921_090000.WAV,Telephone Field,recover-20220922,001,1795
1054.9865,1054.9987,56406,61302,Pipistrellus pygmaeus,0.053,0.054,-1,Echolocation,/mnt/ubna_data_02_mir/recover-20220922/UBNA_001/20220921_090000.WAV,Telephone Field,recover-20220922,001,1795
1054.9895,1055.0042,21171,24439,Nyctalus leisleri,0.014,0.023,-1,Echolocation,/mnt/ubna_data_02_mir/recover-20220922/UBNA_001/20220921_090000.WAV,Telephone Field,recover-20220922,001,1795
1055.0075,1055.0463,68437,82066,Rhinolophus ferrumequinum,0.025,0.025,-1,Echolocation,/mnt/ubna_data_02_mir/recover-20220922/UBNA_001/20220921_090000.WAV,Telephone Field,recover-20220922,001,1795
1055.0435,1055.0534,28906,38159,Eptesicus serotinus,0.009,0.023,-1,Echolocation,/mnt/ubna_data_02_mir/recover-20220922/UBNA_001/20220921_090000.WAV,Telephone Field,recover-20220922,001,1795
1055.0595,1055.0995,68437,82413,Rhinolophus ferrumequinum,0.027,0.027,-1,Echolocation,/mnt/ubna_data_02_mir/recover-20220922/UBNA_001/20220921_090000.WAV,Telephone Field,recover-20220922,001,1795
1055.0935,1055.1045,28906,35708,Eptesicus serotinus,0.015,0.03,-1,Echolocation,/mnt/ubna_data_02_mir/recover-20220922/UBNA_001/20220921_090000.WAV,Telephone Field,recover-20220922,001,1795
1055.1375,1055.1752,68437,82512,Rhinolophus ferrumequinum,0.022,0.022,-1,Echolocation,/mnt/ubna_data_02_mir/recover-20220922/UBNA_001/20220921_090000.WAV,Telephone Field,recover-20220922,001,1795
1055.1455,1055.1619,21171,24312,Nyctalus leisleri,0.015,0.023,-1,Echolocation,/mnt/ubna_data_02_mir/recover-20220922/UBNA_001/20220921_090000.WAV,Telephone Field,recover-20220922,001,1795
1055.1485,1055.1601,49531,53612,Pipistrellus pipistrellus,0.024,0.03,-1,Echolocation,/mnt/ubna_data_02_mir/recover-20220922/UBNA_001/20220921_090000.WAV,Telephone Field,recover-20220922,001,1795
1055.1695,1055.2109,68437,82255,Rhinolophus ferrumequinum,0.022,0.022,-1,Echolocation,/mnt/ubna_data_02_mir/recover-20220922/UBNA_001/20220921_090000.WAV,Telephone Field,recover-20220922,001,1795
1055.1775,1055.2183,68437,83336,Rhinolophus ferrumequinum,0.028,0.028,-1,Echolocation,/mnt/ubna_data_02_mir/recover-20220922/UBNA_001/20220921_090000.WAV,Telephone Field,recover-20220922,001,1795
1055.1975,1055.2407,68437,83160,Rhinolophus ferrumequinum,0.042,0.042,-1,Echolocation,/mnt/ubna_data_02_mir/recover-20220922/UBNA_001/20220921_090000.WAV,Telephone Field,recover-20220922,001,1795
1055.2035,1055.2138,25468,32071,Nyctalus leisleri,0.009,0.025,-1,Echolocation,/mnt/ubna_data_02_mir/recover-20220922/UBNA_001/20220921_090000.WAV,Telephone Field,recover-20220922,001,1795
1055.2325,1055.2692,68437,80901,Rhinolophus ferrumequinum,0.022,0.022,-1,Echolocation,/mnt/ubna_data_02_mir/recover-20220922/UBNA_001/20220921_090000.WAV,Telephone Field,recover-20220922,001,1795
1055.2805,1055.2933,52109,55740,Pipistrellus pygmaeus,0.014,0.022,-1,Echolocation,/mnt/ubna_data_02_mir/recover-20220922/UBNA_001/20220921_090000.WAV,Telephone Field,recover-20220922,001,1795
1055.3105,1055.3511,68437,82802,Rhinolophus ferrumequinum,0.025,0.025,-1,Echolocation,/mnt/ubna_data_02_mir/recover-20220922/UBNA_001/20220921_090000.WAV,Telephone Field,recover-20220922,001,1795
1055.3145,1055.3235,28906,36500,Eptesicus serotinus,0.01,0.024,-1,Echolocation,/mnt/ubna_data_02_mir/recover-20220922/UBNA_001/20220921_090000.WAV,Telephone Field,recover-20220922,001,1795
1055.3265,1055.3696,68437,83327,Rhinolophus ferrumequinum,0.04,0.04,-1,Echolocation,/mnt/ubna_data_02_mir/recover-20220922/UBNA_001/20220921_090000.WAV,Telephone Field,recover-20220922,001,1795
1055.3375,1055.3475,22890,28730,Nyctalus leisleri,0.01,0.025,-1,Echolocation,/mnt/ubna_data_02_mir/recover-20220922/UBNA_001/20220921_090000.WAV,Telephone Field,recover-20220922,001,1795
1055.3515,1055.3717,21171,24062,Nyctalus leisleri,0.015,0.027,-1,Echolocation,/mnt/ubna_data_02_mir/recover-20220922/UBNA_001/20220921_090000.WAV,Telephone Field,recover-20220922,001,1795
1055.3565,1055.3952,68437,81775,Rhinolophus ferrumequinum,0.027,0.027,-1,Echolocation,/mnt/ubna_data_02_mir/recover-20220922/UBNA_001/20220921_090000.WAV,Telephone Field,recover-20220922,001,1795
1055.3595,1055.3695,22890,27572,Nyctalus leisleri,0.009,0.021,-1,Echolocation,/mnt/ubna_data_02_mir/recover-20220922/UBNA_001/20220921_090000.WAV,Telephone Field,recover-20220922,001,1795
1055.3645,1055.4045,68437,82701,Rhinolophus ferrumequinum,0.024,0.024,-1,Echolocation,/mnt/ubna_data_02_mir/recover-20220922/UBNA_001/20220921_090000.WAV,Telephone Field,recover-20220922,001,1795
1055.3755,1055.3822,49531,57638,Pipistrellus pipistrellus,0.019,0.021,-1,Echolocation,/mnt/ubna_data_02_mir/recover-20220922/UBNA_001/20220921_090000.WAV,Telephone Field,recover-20220922,001,1795
1055.4155,1055.4547,68437,82954,Rhinolophus ferrumequinum,0.034,0.034,-1,Echolocation,/mnt/ubna_data_02_mir/recover-20220922/UBNA_001/20220921_090000.WAV,Telephone Field,recover-20220922,001,1795
1055.4185,1055.427,22890,30010,Plecotus austriacus,0.009,0.021,-1,Echolocation,/mnt/ubna_data_02_mir/recover-20220922/UBNA_001/20220921_090000.WAV,Telephone Field,recover-20220922,001,1795
1055.4695,1055.5077,68437,81902,Rhinolophus ferrumequinum,0.022,0.022,-1,Echolocation,/mnt/ubna_data_02_mir/recover-20220922/UBNA_001/20220921_090000.WAV,Telephone Field,recover-20220922,001,1795
1055.4795,1055.4898,23750,30305,Nyctalus leisleri,0.008,0.022,-1,Echolocation,/mnt/ubna_data_02_mir/recover-20220922/UBNA_001/20220921_090000.WAV,Telephone Field,recover-20220922,001,1795
1055.5035,1055.5209,20312,23678,Nyctalus leisleri,0.019,0.039,-1,Echolocation,/mnt/ubna_data_02_mir/recover-20220922/UBNA_001/20220921_090000.WAV,Telephone Field,recover-20220922,001,1795
1055.5685,1055.5785,26328,33861,Eptesicus serotinus,0.014,0.028,-1,Echolocation,/mnt/ubna_data_02_mir/recover-20220922/UBNA_001/20220921_090000.WAV,Telephone Field,recover-20220922,001,1795
1055.6195,1055.6302,26328,34217,Eptesicus serotinus,0.01,0.023,-1,Echolocation,/mnt/ubna_data_02_mir/recover-20220922/UBNA_001/20220921_090000.WAV,Telephone Field,recover-20220922,001,1795
1055.6205,1055.6334,22031,26455,Nyctalus leisleri,0.013,0.023,-1,Echolocation,/mnt/ubna_data_02_mir/recover-20220922/UBNA_001/20220921_090000.WAV,Telephone Field,recover-20220922,001,1795
1055.6315,1055.6706,68437,82220,Rhinolophus ferrumequinum,0.022,0.022,-1,Echolocation,/mnt/ubna_data_02_mir/recover-20220922/UBNA_001/20220921_090000.WAV,Telephone Field,recover-20220922,001,1795
1055.6475,1055.6847,68437,82260,Rhinolophus ferrumequinum,0.022,0.022,-1,Echolocation,/mnt/ubna_data_02_mir/recover-20220922/UBNA_001/20220921_090000.WAV,Telephone Field,recover-20220922,001,1795
1055.6515,1055.6614,28046,36144,Eptesicus serotinus,0.009,0.022,-1,Echolocation,/mnt/ubna_data_02_mir/recover-20220922/UBNA_001/20220921_090000.WAV,Telephone Field,recover-20220922,001,1795
1055.6705,1055.7146,68437,83556,Rhinolophus ferrumequinum,0.033,0.033,-1,Echolocation,/mnt/ubna_data_02_mir/recover-20220922/UBNA_001/20220921_090000.WAV,Telephone Field,recover-20220922,001,1795
1055.7375,1055.7762,68437,81978,Rhinolophus ferrumequinum,0.021,0.021,-1,Echolocation,/mnt/ubna_data_02_mir/recover-20220922/UBNA_001/20220921_090000.WAV,Telephone Field,recover-20220922,001,1795
1055.7555,1055.7931,68437,81384,Rhinolophus ferrumequinum,0.023,0.023,-1,Echolocation,/mnt/ubna_data_02_mir/recover-20220922/UBNA_001/20220921_090000.WAV,Telephone Field,recover-20220922,001,1795
1055.7955,1055.8349,68437,82960,Rhinolophus ferrumequinum,0.024,0.024,-1,Echolocation,/mnt/ubna_data_02_mir/recover-20220922/UBNA_001/20220921_090000.WAV,Telephone Field,recover-20220922,001,1795
1055.7995,1055.8114,40937,43770,Pipistrellus nathusii,0.015,0.03,-1,Echolocation,/mnt/ubna_data_02_mir/recover-20220922/UBNA_001/20220921_090000.WAV,Telephone Field,recover-20220922,001,1795
1055.8385,1055.8795,68437,82380,Rhinolophus ferrumequinum,0.022,0.022,-1,Echolocation,/mnt/ubna_data_02_mir/recover-20220922/UBNA_001/20220921_090000.WAV,Telephone Field,recover-20220922,001,1795
1055.8485,1055.8602,22031,26335,Nyctalus leisleri,0.012,0.023,-1,Echolocation,/mnt/ubna_data_02_mir/recover-20220922/UBNA_001/20220921_090000.WAV,Telephone Field,recover-20220922,001,1795
1055.8645,1055.897,68437,80509,Rhinolophus ferrumequinum,0.029,0.029,-1,Echolocation,/mnt/ubna_data_02_mir/recover-20220922/UBNA_001/20220921_090000.WAV,Telephone Field,recover-20220922,001,1795
1055.9015,1055.937,68437,81957,Rhinolophus ferrumequinum,0.026,0.026,-1,Echolocation,/mnt/ubna_data_02_mir/recover-20220922/UBNA_001/20220921_090000.WAV,Telephone Field,recover-20220922,001,1795
1055.9265,1055.9358,26328,33670,Eptesicus serotinus,0.01,0.024,-1,Echolocation,/mnt/ubna_data_02_mir/recover-20220922/UBNA_001/20220921_090000.WAV,Telephone Field,recover-20220922,001,1795
1055.9465,1055.9839,68437,81740,Rhinolophus ferrumequinum,0.022,0.022,-1,Echolocation,/mnt/ubna_data_02_mir/recover-20220922/UBNA_001/20220921_090000.WAV,Telephone Field,recover-20220922,001,1795
1055.9605,1055.9993,68437,82759,Rhinolophus ferrumequinum,0.022,0.022,-1,Echolocation,/mnt/ubna_data_02_mir/recover-20220922/UBNA_001/20220921_090000.WAV,Telephone Field,recover-20220922,001,1795
1055.9875,1055.9978,22890,28752,Nyctalus leisleri,0.009,0.022,-1,Echolocation,/mnt/ubna_data_02_mir/recover-20220922/UBNA_001/20220921_090000.WAV,Telephone Field,recover-20220922,001,1795
1056.0015,1056.0357,68437,80336,Rhinolophus ferrumequinum,0.058,0.058,-1,Echolocation,/mnt/ubna_data_02_mir/recover-20220922/UBNA_001/20220921_090000.WAV,Telephone Field,recover-20220922,001,1795
1056.0015,1056.0102,36640,42968,Pipistrellus nathusii,0.008,0.022,-1,Echolocation,/mnt/ubna_data_02_mir/recover-20220922/UBNA_001/20220921_090000.WAV,Telephone Field,recover-20220922,001,1795
1056.0015,1056.0112,22031,28413,Nyctalus leisleri,0.01,0.029,-1,Echolocation,/mnt/ubna_data_02_mir/recover-20220922/UBNA_001/20220921_090000.WAV,Telephone Field,recover-20220922,001,1795
1056.0095,1056.0508,68437,82824,Rhinolophus ferrumequinum,0.024,0.024,-1,Echolocation,/mnt/ubna_data_02_mir/recover-20220922/UBNA_001/20220921_090000.WAV,Telephone Field,recover-20220922,001,1795
1056.0135,1056.0235,22890,28906,Nyctalus leisleri,0.01,0.025,-1,Echolocation,/mnt/ubna_data_02_mir/recover-20220922/UBNA_001/20220921_090000.WAV,Telephone Field,recover-20220922,001,1795
1056.0355,1056.0727,68437,82202,Rhinolophus ferrumequinum,0.024,0.024,-1,Echolocation,/mnt/ubna_data_02_mir/recover-20220922/UBNA_001/20220921_090000.WAV,Telephone Field,recover-20220922,001,1795
1056.0585,1056.0968,68437,81448,Rhinolophus ferrumequinum,0.023,0.023,-1,Echolocation,/mnt/ubna_data_02_mir/recover-20220922/UBNA_001/20220921_090000.WAV,Telephone Field,recover-20220922,001,1795
1056.0835,1056.0908,28046,38596,Eptesicus serotinus,0.007,0.022,-1,Echolocation,/mnt/ubna_data_02_mir/recover-20220922/UBNA_001/20220921_090000.WAV,Telephone Field,recover-20220922,001,1795
1056.1235,1056.14,20312,23361,Nyctalus leisleri,0.016,0.029,-1,Echolocation,/mnt/ubna_data_02_mir/recover-20220922/UBNA_001/20220921_090000.WAV,Telephone Field,recover-20220922,001,1795
1056.1795,1056.2193,68437,82420,Rhinolophus ferrumequinum,0.031,0.031,-1,Echolocation,/mnt/ubna_data_02_mir/recover-20220922/UBNA_001/20220921_090000.WAV,Telephone Field,recover-20220922,001,1795
1056.2035,1056.2451,68437,82914,Rhinolophus ferrumequinum,0.027,0.027,-1,Echolocation,/mnt/ubna_data_02_mir/recover-20220922/UBNA_001/20220921_090000.WAV,Telephone Field,recover-20220922,001,1795
1056.2115,1056.2513,68437,83056,Rhinolophus ferrumequinum,0.022,0.022,-1,Echolocation,/mnt/ubna_data_02_mir/recover-20220922/UBNA_001/20220921_090000.WAV,Telephone Field,recover-20220922,001,1795
1056.2185,1056.2596,68437,82694,Rhinolophus ferrumequinum,0.023,0.023,-1,Echolocation,/mnt/ubna_data_02_mir/recover-20220922/UBNA_001/20220921_090000.WAV,Telephone Field,recover-20220922,001,1795
1056.2365,1056.2752,68437,82698,Rhinolophus ferrumequinum,0.025,0.025,-1,Echolocation,/mnt/ubna_data_02_mir/recover-20220922/UBNA_001/20220921_090000.WAV,Telephone Field,recover-20220922,001,1795
1056.2675,1056.278,27187,36042,Eptesicus serotinus,0.011,0.023,-1,Echolocation,/mnt/ubna_data_02_mir/recover-20220922/UBNA_001/20220921_090000.WAV,Telephone Field,recover-20220922,001,1795
1056.3355,1056.357,16015,20401,Nyctalus noctula,0.018,0.025,-1,Echolocation,/mnt/ubna_data_02_mir/recover-20220922/UBNA_001/20220921_090000.WAV,Telephone Field,recover-20220922,001,1795
1056.4025,1056.4223,19453,22873,Nyctalus noctula,0.025,0.053,-1,Echolocation,/mnt/ubna_data_02_mir/recover-20220922/UBNA_001/20220921_090000.WAV,Telephone Field,recover-20220922,001,1795
1056.4075,1056.4387,68437,80811,Rhinolophus ferrumequinum,0.024,0.024,-1,Echolocation,/mnt/ubna_data_02_mir/recover-20220922/UBNA_001/20220921_090000.WAV,Telephone Field,recover-20220922,001,1795
1056.4225,1056.4328,22890,29530,Nyctalus leisleri,0.008,0.021,-1,Echolocation,/mnt/ubna_data_02_mir/recover-20220922/UBNA_001/20220921_090000.WAV,Telephone Field,recover-20220922,001,1795
1056.4245,1056.464,68437,82684,Rhinolophus ferrumequinum,0.028,0.028,-1,Echolocation,/mnt/ubna_data_02_mir/recover-20220922/UBNA_001/20220921_090000.WAV,Telephone Field,recover-20220922,001,1795
1056.4425,1056.4533,28046,34838,Eptesicus serotinus,0.013,0.025,-1,Echolocation,/mnt/ubna_data_02_mir/recover-20220922/UBNA_001/20220921_090000.WAV,Telephone Field,recover-20220922,001,1795
1056.4455,1056.4552,23750,30644,Nyctalus leisleri,0.01,0.026,-1,Echolocation,/mnt/ubna_data_02_mir/recover-20220922/UBNA_001/20220921_090000.WAV,Telephone Field,recover-20220922,001,1795
1056.4585,1056.4968,68437,81941,Rhinolophus ferrumequinum,0.023,0.023,-1,Echolocation,/mnt/ubna_data_02_mir/recover-20220922/UBNA_001/20220921_090000.WAV,Telephone Field,recover-20220922,001,1795
1056.5165,1056.5553,68437,81878,Rhinolophus ferrumequinum,0.025,0.025,-1,Echolocation,/mnt/ubna_data_02_mir/recover-20220922/UBNA_001/20220921_090000.WAV,Telephone Field,recover-20220922,001,1795
1056.5595,1056.5707,23750,29841,Nyctalus leisleri,0.009,0.023,-1,Echolocation,/mnt/ubna_data_02_mir/recover-20220922/UBNA_001/20220921_090000.WAV,Telephone Field,recover-20220922,001,1795
1056.5695,1056.6085,68437,82012,Rhinolophus ferrumequinum,0.025,0.025,-1,Echolocation,/mnt/ubna_data_02_mir/recover-20220922/UBNA_001/20220921_090000.WAV,Telephone Field,recover-20220922,001,1795
1056.5855,1056.5974,55546,60732,Pipistrellus pygmaeus,0.02,0.022,-1,Echolocation,/mnt/ubna_data_02_mir/recover-20220922/UBNA_001/20220921_090000.WAV,Telephone Field,recover-20220922,001,1795
1056.6265,1056.6642,68437,80928,Rhinolophus ferrumequinum,0.03,0.03,-1,Echolocation,/mnt/ubna_data_02_mir/recover-20220922/UBNA_001/20220921_090000.WAV,Telephone Field,recover-20220922,001,1795
1056.6545,1056.6915,68437,82222,Rhinolophus ferrumequinum,0.024,0.024,-1,Echolocation,/mnt/ubna_data_02_mir/recover-20220922/UBNA_001/20220921_090000.WAV,Telephone Field,recover-20220922,001,1795
1056.6545,1056.6627,25468,34452,Eptesicus serotinus,0.008,0.023,-1,Echolocation,/mnt/ubna_data_02_mir/recover-20220922/UBNA_001/20220921_090000.WAV,Telephone Field,recover-20220922,001,1795
1056.6935,1056.7333,68437,82286,Rhinolophus ferrumequinum,0.024,0.024,-1,Echolocation,/mnt/ubna_data_02_mir/recover-20220922/UBNA_001/20220921_090000.WAV,Telephone Field,recover-20220922,001,1795
1056.7255,1056.7617,68437,82206,Rhinolophus ferrumequinum,0.021,0.021,-1,Echolocation,/mnt/ubna_data_02_mir/recover-20220922/UBNA_001/20220921_090000.WAV,Telephone Field,recover-20220922,001,1795
1056.7265,1056.7357,24609,32019,Eptesicus serotinus,0.008,0.024,-1,Echolocation,/mnt/ubna_data_02_mir/recover-20220922/UBNA_001/20220921_090000.WAV,Telephone Field,recover-20220922,001,1795
1056.7385,1056.7772,68437,81994,Rhinolophus ferrumequinum,0.021,0.021,-1,Echolocation,/mnt/ubna_data_02_mir/recover-20220922/UBNA_001/20220921_090000.WAV,Telephone Field,recover-20220922,001,1795
1056.7985,1056.8344,68437,81851,Rhinolophus ferrumequinum,0.025,0.025,-1,Echolocation,/mnt/ubna_data_02_mir/recover-20220922/UBNA_001/20220921_090000.WAV,Telephone Field,recover-20220922,001,1795
1056.8185,1056.8293,27187,36928,Eptesicus serotinus,0.014,0.029,-1,Echolocation,/mnt/ubna_data_02_mir/recover-20220922/UBNA_001/20220921_090000.WAV,Telephone Field,recover-20220922,001,1795
1056.8205,1056.8316,32343,40082,Eptesicus serotinus,0.008,0.027,-1,Echolocation,/mnt/ubna_data_02_mir/recover-20220922/UBNA_001/20220921_090000.WAV,Telephone Field,recover-20220922,001,1795
1056.8355,1056.8768,68437,82699,Rhinolophus ferrumequinum,0.025,0.025,-1,Echolocation,/mnt/ubna_data_02_mir/recover-20220922/UBNA_001/20220921_090000.WAV,Telephone Field,recover-20220922,001,1795
1056.8665,1056.8763,26328,35438,Eptesicus serotinus,0.01,0.022,-1,Echolocation,/mnt/ubna_data_02_mir/recover-20220922/UBNA_001/20220921_090000.WAV,Telephone Field,recover-20220922,001,1795
1056.8685,1056.8771,44375,50533,Pipistrellus pipistrellus,0.024,0.027,-1,Echolocation,/mnt/ubna_data_02_mir/recover-20220922/UBNA_001/20220921_090000.WAV,Telephone Field,recover-20220922,001,1795
1056.8835,1056.9198,68437,81180,Rhinolophus ferrumequinum,0.021,0.021,-1,Echolocation,/mnt/ubna_data_02_mir/recover-20220922/UBNA_001/20220921_090000.WAV,Telephone Field,recover-20220922,001,1795
1056.8905,1056.9073,23750,28159,Nyctalus leisleri,0.029,0.064,-1,Echolocation,/mnt/ubna_data_02_mir/recover-20220922/UBNA_001/20220921_090000.WAV,Telephone Field,recover-20220922,001,1795
1056.9075,1056.9448,68437,82074,Rhinolophus ferrumequinum,0.022,0.022,-1,Echolocation,/mnt/ubna_data_02_mir/recover-20220922/UBNA_001/20220921_090000.WAV,Telephone Field,recover-20220922,001,1795
1056.9345,1056.9443,27187,35698,Eptesicus serotinus,0.017,0.035,-1,Echolocation,/mnt/ubna_data_02_mir/recover-20220922/UBNA_001/20220921_090000.WAV,Telephone Field,recover-20220922,001,1795
1056.9385,1056.9768,68437,82513,Rhinolophus ferrumequinum,0.025,0.025,-1,Echolocation,/mnt/ubna_data_02_mir/recover-20220922/UBNA_001/20220921_090000.WAV,Telephone Field,recover-20220922,001,1795
1056.9885,1056.9998,27187,33742,Eptesicus serotinus,0.014,0.027,-1,Echolocation,/mnt/ubna_data_02_mir/recover-20220922/UBNA_001/20220921_090000.WAV,Telephone Field,recover-20220922,001,1795
1057.0025,1057.0412,68437,82231,Rhinolophus ferrumequinum,0.022,0.022,-1,Echolocation,/mnt/ubna_data_02_mir/recover-20220922/UBNA_001/20220921_090000.WAV,Telephone Field,recover-20220922,001,1795
1057.0145,1057.0557,68437,82524,Rhinolophus ferrumequinum,0.025,0.025,-1,Echolocation,/mnt/ubna_data_02_mir/recover-20220922/UBNA_001/20220921_090000.WAV,Telephone Field,recover-20220922,001,1795
1057.0305,1057.0651,68437,80896,Rhinolophus ferrumequinum,0.021,0.021,-1,Echolocation,/mnt/ubna_data_02_mir/recover-20220922/UBNA_001/20220921_090000.WAV,Telephone Field,recover-20220922,001,1795
1057.0435,1057.0813,68437,82019,Rhinolophus ferrumequinum,0.022,0.022,-1,Echolocation,/mnt/ubna_data_02_mir/recover-20220922/UBNA_001/20220921_090000.WAV,Telephone Field,recover-20220922,001,1795
1057.0595,1057.0693,23750,31123,Nyctalus leisleri,0.009,0.028,-1,Echolocation,/mnt/ubna_data_02_mir/recover-20220922/UBNA_001/20220921_090000.WAV,Telephone Field,recover-20220922,001,1795
1057.0655,1057.1062,68437,83016,Rhinolophus ferrumequinum,0.023,0.023,-1,Echolocation,/mnt/ubna_data_02_mir/recover-20220922/UBNA_001/20220921_090000.WAV,Telephone Field,recover-20220922,001,1795
1057.0695,1057.0809,22890,28315,Nyctalus leisleri,0.011,0.024,-1,Echolocation,/mnt/ubna_data_02_mir/recover-20220922/UBNA_001/20220921_090000.WAV,Telephone Field,recover-20220922,001,1795
1057.1075,1057.1185,23750,29455,Nyctalus leisleri,0.011,0.024,-1,Echolocation,/mnt/ubna_data_02_mir/recover-20220922/UBNA_001/20220921_090000.WAV,Telephone Field,recover-20220922,001,1795
1057.1125,1057.1525,68437,82162,Rhinolophus ferrumequinum,0.023,0.023,-1,Echolocation,/mnt/ubna_data_02_mir/recover-20220922/UBNA_001/20220921_090000.WAV,Telephone Field,recover-20220922,001,1795
1057.1195,1057.1561,68437,82038,Rhinolophus ferrumequinum,0.023,0.023,-1,Echolocation,/mnt/ubna_data_02_mir/recover-20220922/UBNA_001/20220921_090000.WAV,Telephone Field,recover-20220922,001,1795
1057.1345,1057.1426,26328,35226,Eptesicus serotinus,0.009,0.024,-1,Echolocation,/mnt/ubna_data_02_mir/recover-20220922/UBNA_001/20220921_090000.WAV,Telephone Field,recover-20220922,001,1795
1057.1505,1057.1872,68437,81435,Rhinolophus ferrumequinum,0.023,0.023,-1,Echolocation,/mnt/ubna_data_02_mir/recover-20220922/UBNA_001/20220921_090000.WAV,Telephone Field,recover-20220922,001,1795
1057.1635,1057.1802,20312,23363,Nyctalus leisleri,0.018,0.028,-1,Echolocation,/mnt/ubna_data_02_mir/recover-20220922/UBNA_001/20220921_090000.WAV,Telephone Field,recover-20220922,001,1795
1057.2095,1057.2473,68437,81611,Rhinolophus ferrumequinum,0.021,0.021,-1,Echolocation,/mnt/ubna_data_02_mir/recover-20220922/UBNA_001/20220921_090000.WAV,Telephone Field,recover-20220922,001,1795
1057.2665,1057.3046,68437,81411,Rhinolophus ferrumequinum,0.024,0.024,-1,Echolocation,/mnt/ubna_data_02_mir/recover-20220922/UBNA_001/20220921_090000.WAV,Telephone Field,recover-20220922,001,1795
1057.2715,1057.3092,68437,81965,Rhinolophus ferrumequinum,0.023,0.023,-1,Echolocation,/mnt/ubna_data_02_mir/recover-20220922/UBNA_001/20220921_090000.WAV,Telephone Field,recover-20220922,001,1795
1057.3145,1057.3554,68437,82216,Rhinolophus ferrumequinum,0.024,0.024,-1,Echolocation,/mnt/ubna_data_02_mir/recover-20220922/UBNA_001/20220921_090000.WAV,Telephone Field,recover-20220922,001,1795
1057.3435,1057.3514,28046,41692,Eptesicus serotinus,0.007,0.022,-1,Echolocation,/mnt/ubna_data_02_mir/recover-20220922/UBNA_001/20220921_090000.WAV,Telephone Field,recover-20220922,001,1795
1057.3465,1057.3875,68437,82790,Rhinolophus ferrumequinum,0.022,0.022,-1,Echolocation,/mnt/ubna_data_02_mir/recover-20220922/UBNA_001/20220921_090000.WAV,Telephone Field,recover-20220922,001,1795
1057.3755,1057.3835,51250,56450,Pipistrellus pipistrellus,0.019,0.022,-1,Echolocation,/mnt/ubna_data_02_mir/recover-20220922/UBNA_001/20220921_090000.WAV,Telephone Field,recover-20220922,001,1795
1057.4775,1057.4888,25468,32127,Eptesicus serotinus,0.01,0.024,-1,Echolocation,/mnt/ubna_data_02_mir/recover-20220922/UBNA_001/20220921_090000.WAV,Telephone Field,recover-20220922,001,1795
1057.5265,1057.5674,68437,82452,Rhinolophus ferrumequinum,0.032,0.032,-1,Echolocation,/mnt/ubna_data_02_mir/recover-20220922/UBNA_001/20220921_090000.WAV,Telephone Field,recover-20220922,001,1795
1057.5525,1057.5904,68437,82398,Rhinolophus ferrumequinum,0.024,0.024,-1,Echolocation,/mnt/ubna_data_02_mir/recover-20220922/UBNA_001/20220921_090000.WAV,Telephone Field,recover-20220922,001,1795
1057.5995,1057.6073,28046,40730,Eptesicus serotinus,0.007,0.022,-1,Echolocation,/mnt/ubna_data_02_mir/recover-20220922/UBNA_001/20220921_090000.WAV,Telephone Field,recover-20220922,001,1795
1057.6205,1057.6297,23750,30875,Eptesicus serotinus,0.006,0.024,-1,Echolocation,/mnt/ubna_data_02_mir/recover-20220922/UBNA_001/20220921_090000.WAV,Telephone Field,recover-20220922,001,1795
1057.6355,1057.6766,68437,82808,Rhinolophus ferrumequinum,0.031,0.031,-1,Echolocation,/mnt/ubna_data_02_mir/recover-20220922/UBNA_001/20220921_090000.WAV,Telephone Field,recover-20220922,001,1795
1057.6475,1057.6824,68437,81101,Rhinolophus ferrumequinum,0.022,0.022,-1,Echolocation,/mnt/ubna_data_02_mir/recover-20220922/UBNA_001/20220921_090000.WAV,Telephone Field,recover-20220922,001,1795
1057.6605,1057.6997,68437,82076,Rhinolophus ferrumequinum,0.022,0.022,-1,Echolocation,/mnt/ubna_data_02_mir/recover-20220922/UBNA_001/20220921_090000.WAV,Telephone Field,recover-20220922,001,1795
1057.6805,1057.7232,68437,82883,Rhinolophus ferrumequinum,0.026,0.026,-1,Echolocation,/mnt/ubna_data_02_mir/recover-20220922/UBNA_001/20220921_090000.WAV,Telephone Field,recover-20220922,001,1795
1057.6865,1057.73,68437,83290,Rhinolophus ferrumequinum,0.025,0.025,-1,Echolocation,/mnt/ubna_data_02_mir/recover-20220922/UBNA_001/20220921_090000.WAV,Telephone Field,recover-20220922,001,1795
1057.7565,1057.7976,68437,82739,Rhinolophus ferrumequinum,0.027,0.027,-1,Echolocation,/mnt/ubna_data_02_mir/recover-20220922/UBNA_001/20220921_090000.WAV,Telephone Field,recover-20220922,001,1795
1057.7795,1057.815,68437,81554,Rhinolophus ferrumequinum,0.026,0.026,-1,Echolocation,/mnt/ubna_data_02_mir/recover-20220922/UBNA_001/20220921_090000.WAV,Telephone Field,recover-20220922,001,1795
1057.8475,1057.8852,68437,82312,Rhinolophus ferrumequinum,0.022,0.022,-1,Echolocation,/mnt/ubna_data_02_mir/recover-20220922/UBNA_001/20220921_090000.WAV,Telephone Field,recover-20220922,001,1795
1057.8895,1057.8965,23750,32971,Plecotus austriacus,0.011,0.026,-1,Echolocation,/mnt/ubna_data_02_mir/recover-20220922/UBNA_001/20220921_090000.WAV,Telephone Field,recover-20220922,001,1795
1057.8905,1057.9299,68437,82642,Rhinolophus ferrumequinum,0.022,0.022,-1,Echolocation,/mnt/ubna_data_02_mir/recover-20220922/UBNA_001/20220921_090000.WAV,Telephone Field,recover-20220922,001,1795
1057.8975,1057.9365,68437,82165,Rhinolophus ferrumequinum,0.022,0.022,-1,Echolocation,/mnt/ubna_data_02_mir/recover-20220922/UBNA_001/20220921_090000.WAV,Telephone Field,recover-20220922,001,1795
1057.9075,1057.9157,28046,39138,Eptesicus serotinus,0.008,0.022,-1,Echolocation,/mnt/ubna_data_02_mir/recover-20220922/UBNA_001/20220921_090000.WAV,Telephone Field,recover-20220922,001,1795
1057.9355,1057.9756,68437,82292,Rhinolophus ferrumequinum,0.026,0.026,-1,Echolocation,/mnt/ubna_data_02_mir/recover-20220922/UBNA_001/20220921_090000.WAV,Telephone Field,recover-20220922,001,1795
1057.9365,1057.9435,28046,38684,Eptesicus serotinus,0.008,0.026,-1,Echolocation,/mnt/ubna_data_02_mir/recover-20220922/UBNA_001/20220921_090000.WAV,Telephone Field,recover-20220922,001,1795
1057.9505,1057.9872,68437,81832,Rhinolophus ferrumequinum,0.028,0.028,-1,Echolocation,/mnt/ubna_data_02_mir/recover-20220922/UBNA_001/20220921_090000.WAV,Telephone Field,recover-20220922,001,1795
1058.0015,1058.0107,49531,54302,Pipistrellus pipistrellus,0.02,0.027,-1,Echolocation,/mnt/ubna_data_02_mir/recover-20220922/UBNA_001/20220921_090000.WAV,Telephone Field,recover-20220922,001,1795
1058.0015,1058.0088,25468,35641,Eptesicus serotinus,0.006,0.024,-1,Echolocation,/mnt/ubna_data_02_mir/recover-20220922/UBNA_001/20220921_090000.WAV,Telephone Field,recover-20220922,001,1795
1058.0015,1058.0341,68437,80779,Rhinolophus ferrumequinum,0.042,0.042,-1,Echolocation,/mnt/ubna_data_02_mir/recover-20220922/UBNA_001/20220921_090000.WAV,Telephone Field,recover-20220922,001,1795
1058.0205,1058.0279,28046,40269,Eptesicus serotinus,0.008,0.022,-1,Echolocation,/mnt/ubna_data_02_mir/recover-20220922/UBNA_001/20220921_090000.WAV,Telephone Field,recover-20220922,001,1795
1058.0295,1058.0683,68437,81764,Rhinolophus ferrumequinum,0.027,0.027,-1,Echolocation,/mnt/ubna_data_02_mir/recover-20220922/UBNA_001/20220921_090000.WAV,Telephone Field,recover-20220922,001,1795
1058.0615,1058.1012,68437,81976,Rhinolophus ferrumequinum,0.021,0.021,-1,Echolocation,/mnt/ubna_data_02_mir/recover-20220922/UBNA_001/20220921_090000.WAV,Telephone Field,recover-20220922,001,1795
1058.0975,1058.1354,68437,82337,Rhinolophus ferrumequinum,0.021,0.021,-1,Echolocation,/mnt/ubna_data_02_mir/recover-20220922/UBNA_001/20220921_090000.WAV,Telephone Field,recover-20220922,001,1795
1058.1275,1058.1657,68437,81686,Rhinolophus ferrumequinum,0.022,0.022,-1,Echolocation,/mnt/ubna_data_02_mir/recover-20220922/UBNA_001/20220921_090000.WAV,Telephone Field,recover-20220922,001,1795
1058.1415,1058.1788,68437,82103,Rhinolophus ferrumequinum,0.022,0.022,-1,Echolocation,/mnt/ubna_data_02_mir/recover-20220922/UBNA_001/20220921_090000.WAV,Telephone Field,recover-20220922,001,1795
1058.1505,1058.1827,68437,80373,Rhinolophus ferrumequinum,0.021,0.021,-1,Echolocation,/mnt/ubna_data_02_mir/recover-20220922/UBNA_001/20220921_090000.WAV,Telephone Field,recover-20220922,001,1795
1058.1735,1058.2123,68437,82360,Rhinolophus ferrumequinum,0.021,0.021,-1,Echolocation,/mnt/ubna_data_02_mir/recover-20220922/UBNA_001/20220921_090000.WAV,Telephone Field,recover-20220922,001,1795
1058.2015,1058.2096,25468,34157,Eptesicus serotinus,0.007,0.023,-1,Echolocation,/mnt/ubna_data_02_mir/recover-20220922/UBNA_001/20220921_090000.WAV,Telephone Field,recover-20220922,001,1795
1058.2675,1058.3063,68437,82220,Rhinolophus ferrumequinum,0.024,0.024,-1,Echolocation,/mnt/ubna_data_02_mir/recover-20220922/UBNA_001/20220921_090000.WAV,Telephone Field,recover-20220922,001,1795
1058.2895,1058.3312,68437,83019,Rhinolophus ferrumequinum,0.029,0.029,-1,Echolocation,/mnt/ubna_data_02_mir/recover-20220922/UBNA_001/20220921_090000.WAV,Telephone Field,recover-20220922,001,1795
1058.3165,1058.352,68437,81386,Rhinolophus ferrumequinum,0.021,0.021,-1,Echolocation,/mnt/ubna_data_02_mir/recover-20220922/UBNA_001/20220921_090000.WAV,Telephone Field,recover-20220922,001,1795
1058.3175,1058.3258,25468,34361,Eptesicus serotinus,0.007,0.023,-1,Echolocation,/mnt/ubna_data_02_mir/recover-20220922/UBNA_001/20220921_090000.WAV,Telephone Field,recover-20220922,001,1795
1058.3475,1058.3923,68437,83497,Rhinolophus ferrumequinum,0.055,0.055,-1,Echolocation,/mnt/ubna_data_02_mir/recover-20220922/UBNA_001/20220921_090000.WAV,Telephone Field,recover-20220922,001,1795
1058.3795,1058.393,40078,44077,Pipistrellus nathusii,0.015,0.023,-1,Echolocation,/mnt/ubna_data_02_mir/recover-20220922/UBNA_001/20220921_090000.WAV,Telephone Field,recover-20220922,001,1795
1058.3835,1058.391,28046,41479,Eptesicus serotinus,0.007,0.022,-1,Echolocation,/mnt/ubna_data_02_mir/recover-20220922/UBNA_001/20220921_090000.WAV,Telephone Field,recover-20220922,001,1795
1058.3995,1058.4099,28906,35621,Eptesicus serotinus,0.012,0.024,-1,Echolocation,/mnt/ubna_data_02_mir/recover-20220922/UBNA_001/20220921_090000.WAV,Telephone Field,recover-20220922,001,1795
1058.4095,1058.4195,28906,36400,Eptesicus serotinus,0.009,0.021,-1,Echolocation,/mnt/ubna_data_02_mir/recover-20220922/UBNA_001/20220921_090000.WAV,Telephone Field,recover-20220922,001,1795
1058.4105,1058.4511,68437,82470,Rhinolophus ferrumequinum,0.025,0.025,-1,Echolocation,/mnt/ubna_data_02_mir/recover-20220922/UBNA_001/20220921_090000.WAV,Telephone Field,recover-20220922,001,1795
1058.4605,1058.5009,68437,82528,Rhinolophus ferrumequinum,0.023,0.023,-1,Echolocation,/mnt/ubna_data_02_mir/recover-20220922/UBNA_001/20220921_090000.WAV,Telephone Field,recover-20220922,001,1795
1058.4635,1058.4721,28046,38121,Eptesicus serotinus,0.008,0.021,-1,Echolocation,/mnt/ubna_data_02_mir/recover-20220922/UBNA_001/20220921_090000.WAV,Telephone Field,recover-20220922,001,1795
1058.4915,1058.5003,28046,41933,Eptesicus serotinus,0.01,0.024,-1,Echolocation,/mnt/ubna_data_02_mir/recover-20220922/UBNA_001/20220921_090000.WAV,Telephone Field,recover-20220922,001,1795
1058.5045,1058.5168,49531,53454,Pipistrellus pipistrellus,0.027,0.033,-1,Echolocation,/mnt/ubna_data_02_mir/recover-20220922/UBNA_001/20220921_090000.WAV,Telephone Field,recover-20220922,001,1795
1058.5415,1058.5803,68437,82014,Rhinolophus ferrumequinum,0.021,0.021,-1,Echolocation,/mnt/ubna_data_02_mir/recover-20220922/UBNA_001/20220921_090000.WAV,Telephone Field,recover-20220922,001,1795
1058.5505,1058.5917,68437,82217,Rhinolophus ferrumequinum,0.021,0.021,-1,Echolocation,/mnt/ubna_data_02_mir/recover-20220922/UBNA_001/20220921_090000.WAV,Telephone Field,recover-20220922,001,1795
1058.5605,1058.5973,68437,81465,Rhinolophus ferrumequinum,0.022,0.022,-1,Echolocation,/mnt/ubna_data_02_mir/recover-20220922/UBNA_001/20220921_090000.WAV,Telephone Field,recover-20220922,001,1795
1058.5835,1058.5935,26328,33840,Eptesicus serotinus,0.013,0.027,-1,Echolocation,/mnt/ubna_data_02_mir/recover-20220922/UBNA_001/20220921_090000.WAV,Telephone Field,recover-20220922,001,1795
1058.5895,1058.6002,27187,33413,Eptesicus serotinus,0.014,0.028,-1,Echolocation,/mnt/ubna_data_02_mir/recover-20220922/UBNA_001/20220921_090000.WAV,Telephone Field,recover-20220922,001,1795
1058.6065,1058.6482,68437,83084,Rhinolophus ferrumequinum,0.027,0.027,-1,Echolocation,/mnt/ubna_data_02_mir/recover-20220922/UBNA_001/20220921_090000.WAV,Telephone Field,recover-20220922,001,1795
1058.6175,1058.6307,22031,26334,Nyctalus leisleri,0.014,0.028,-1,Echolocation,/mnt/ubna_data_02_mir/recover-20220922/UBNA_001/20220921_090000.WAV,Telephone Field,recover-20220922,001,1795
1058.6745,1058.7158,68437,82449,Rhinolophus ferrumequinum,0.024,0.024,-1,Echolocation,/mnt/ubna_data_02_mir/recover-20220922/UBNA_001/20220921_090000.WAV,Telephone Field,recover-20220922,001,1795
1058.6855,1058.6957,28046,36344,Eptesicus serotinus,0.014,0.026,-1,Echolocation,/mnt/ubna_data_02_mir/recover-20220922/UBNA_001/20220921_090000.WAV,Telephone Field,recover-20220922,001,1795
1058.7125,1058.753,68437,82666,Rhinolophus ferrumequinum,0.033,0.033,-1,Echolocation,/mnt/ubna_data_02_mir/recover-20220922/UBNA_001/20220921_090000.WAV,Telephone Field,recover-20220922,001,1795
1058.7185,1058.727,27187,37165,Eptesicus serotinus,0.008,0.022,-1,Echolocation,/mnt/ubna_data_02_mir/recover-20220922/UBNA_001/20220921_090000.WAV,Telephone Field,recover-20220922,001,1795
1058.7545,1058.7961,68437,82819,Rhinolophus ferrumequinum,0.042,0.042,-1,Echolocation,/mnt/ubna_data_02_mir/recover-20220922/UBNA_001/20220921_090000.WAV,Telephone Field,recover-20220922,001,1795
1058.7785,1058.8204,68437,83153,Rhinolophus ferrumequinum,0.028,0.028,-1,Echolocation,/mnt/ubna_data_02_mir/recover-20220922/UBNA_001/20220921_090000.WAV,Telephone Field,recover-20220922,001,1795
1058.7835,1058.7943,22031,27346,Nyctalus leisleri,0.009,0.021,-1,Echolocation,/mnt/ubna_data_02_mir/recover-20220922/UBNA_001/20220921_090000.WAV,Telephone Field,recover-20220922,001,1795
1058.8445,1058.8857,68437,82220,Rhinolophus ferrumequinum,0.023,0.023,-1,Echolocation,/mnt/ubna_data_02_mir/recover-20220922/UBNA_001/20220921_090000.WAV,Telephone Field,recover-20220922,001,1795
1058.8645,1058.9032,68437,82334,Rhinolophus ferrumequinum,0.022,0.022,-1,Echolocation,/mnt/ubna_data_02_mir/recover-20220922/UBNA_001/20220921_090000.WAV,Telephone Field,recover-20220922,001,1795
1058.8735,1058.881,23750,32847,Plecotus austriacus,0.011,0.026,-1,Echolocation,/mnt/ubna_data_02_mir/recover-20220922/UBNA_001/20220921_090000.WAV,Telephone Field,recover-20220922,001,1795
1058.8905,1058.8995,27187,35607,Eptesicus serotinus,0.01,0.023,-1,Echolocation,/mnt/ubna_data_02_mir/recover-20220922/UBNA_001/20220921_090000.WAV,Telephone Field,recover-20220922,001,1795
1058.9035,1058.9436,68437,82376,Rhinolophus ferrumequinum,0.026,0.026,-1,Echolocation,/mnt/ubna_data_02_mir/recover-20220922/UBNA_001/20220921_090000.WAV,Telephone Field,recover-20220922,001,1795
1058.9115,1058.9513,68437,82131,Rhinolophus ferrumequinum,0.023,0.023,-1,Echolocation,/mnt/ubna_data_02_mir/recover-20220922/UBNA_001/20220921_090000.WAV,Telephone Field,recover-20220922,001,1795
1058.9365,1058.9763,68437,82125,Rhinolophus ferrumequinum,0.023,0.023,-1,Echolocation,/mnt/ubna_data_02_mir/recover-20220922/UBNA_001/20220921_090000.WAV,Telephone Field,recover-20220922,001,1795
1058.9425,1058.983,68437,82552,Rhinolophus ferrumequinum,0.022,0.022,-1,Echolocation,/mnt/ubna_data_02_mir/recover-20220922/UBNA_001/20220921_090000.WAV,Telephone Field,recover-20220922,001,1795
1058.9945,1059.0032,24609,32354,Eptesicus serotinus,0.007,0.021,-1,Echolocation,/mnt/ubna_data_02_mir/recover-20220922/UBNA_001/20220921_090000.WAV,Telephone Field,recover-20220922,001,1795
1059.0205,1059.0282,26328,35217,Eptesicus serotinus,0.007,0.021,-1,Echolocation,/mnt/ubna_data_02_mir/recover-20220922/UBNA_001/20220921_090000.WAV,Telephone Field,recover-20220922,001,1795
1059.0335,1059.0767,68437,82973,Rhinolophus ferrumequinum,0.04,0.04,-1,Echolocation,/mnt/ubna_data_02_mir/recover-20220922/UBNA_001/20220921_090000.WAV,Telephone Field,recover-20220922,001,1795
1059.0425,1059.0528,23750,29559,Nyctalus leisleri,0.01,0.025,-1,Echolocation,/mnt/ubna_data_02_mir/recover-20220922/UBNA_001/20220921_090000.WAV,Telephone Field,recover-20220922,001,1795
1059.0515,1059.0597,26328,34730,Eptesicus serotinus,0.01,0.027,-1,Echolocation,/mnt/ubna_data_02_mir/recover-20220922/UBNA_001/20220921_090000.WAV,Telephone Field,recover-20220922,001,1795
1059.0715,1059.0782,26328,35920,Eptesicus serotinus,0.006,0.025,-1,Echolocation,/mnt/ubna_data_02_mir/recover-20220922/UBNA_001/20220921_090000.WAV,Telephone Field,recover-20220922,001,1795
1059.1195,1059.1532,68437,81239,Rhinolophus ferrumequinum,0.022,0.022,-1,Echolocation,/mnt/ubna_data_02_mir/recover-20220922/UBNA_001/20220921_090000.WAV,Telephone Field,recover-20220922,001,1795
1059.1755,1059.1848,27187,38014,Eptesicus serotinus,0.008,0.023,-1,Echolocation,/mnt/ubna_data_02_mir/recover-20220922/UBNA_001/20220921_090000.WAV,Telephone Field,recover-20220922,001,1795
1059.1765,1059.2162,68437,82624,Rhinolophus ferrumequinum,0.024,0.024,-1,Echolocation,/mnt/ubna_data_02_mir/recover-20220922/UBNA_001/20220921_090000.WAV,Telephone Field,recover-20220922,001,1795
1059.1815,1059.192,29765,36185,Eptesicus serotinus,0.011,0.026,-1,Echolocation,/mnt/ubna_data_02_mir/recover-20220922/UBNA_001/20220921_090000.WAV,Telephone Field,recover-20220922,001,1795
1059.1845,1059.2241,68437,82390,Rhinolophus ferrumequinum,0.022,0.022,-1,Echolocation,/mnt/ubna_data_02_mir/recover-20220922/UBNA_001/20220921_090000.WAV,Telephone Field,recover-20220922,001,1795
1059.2015,1059.212,22890,29165,Nyctalus leisleri,0.01,0.025,-1,Echolocation,/mnt/ubna_data_02_mir/recover-20220922/UBNA_001/20220921_090000.WAV,Telephone Field,recover-20220922,001,1795
1059.3095,1059.346,68437,81813,Rhinolophus ferrumequinum,0.021,0.021,-1,Echolocation,/mnt/ubna_data_02_mir/recover-20220922/UBNA_001/20220921_090000.WAV,Telephone Field,recover-20220922,001,1795
1059.4425,1059.4837,68437,82486,Rhinolophus ferrumequinum,0.023,0.023,-1,Echolocation,/mnt/ubna_data_02_mir/recover-20220922/UBNA_001/20220921_090000.WAV,Telephone Field,recover-20220922,001,1795
1059.4545,1059.4645,25468,32683,Eptesicus serotinus,0.007,0.021,-1,Echolocation,/mnt/ubna_data_02_mir/recover-20220922/UBNA_001/20220921_090000.WAV,Telephone Field,recover-20220922,001,1795
1059.4685,1059.4805,22890,27603,Nyctalus leisleri,0.012,0.023,-1,Echolocation,/mnt/ubna_data_02_mir/recover-20220922/UBNA_001/20220921_090000.WAV,Telephone Field,recover-20220922,001,1795
1059.4835,1059.5214,68437,82348,Rhinolophus ferrumequinum,0.025,0.025,-1,Echolocation,/mnt/ubna_data_02_mir/recover-20220922/UBNA_001/20220921_090000.WAV,Telephone Field,recover-20220922,001,1795
1059.4965,1059.5037,28906,37714,Eptesicus serotinus,0.006,0.023,-1,Echolocation,/mnt/ubna_data_02_mir/recover-20220922/UBNA_001/20220921_090000.WAV,Telephone Field,recover-20220922,001,1795
1059.5195,1059.5305,23750,29390,Nyctalus leisleri,0.012,0.027,-1,Echolocation,/mnt/ubna_data_02_mir/recover-20220922/UBNA_001/20220921_090000.WAV,Telephone Field,recover-20220922,001,1795
1059.5245,1059.5396,52109,56134,Pipistrellus pygmaeus,0.016,0.022,-1,Echolocation,/mnt/ubna_data_02_mir/recover-20220922/UBNA_001/20220921_090000.WAV,Telephone Field,recover-20220922,001,1795
1059.5615,1059.6018,68437,82627,Rhinolophus ferrumequinum,0.022,0.022,-1,Echolocation,/mnt/ubna_data_02_mir/recover-20220922/UBNA_001/20220921_090000.WAV,Telephone Field,recover-20220922,001,1795
1059.5705,1059.6063,68437,81778,Rhinolophus ferrumequinum,0.022,0.022,-1,Echolocation,/mnt/ubna_data_02_mir/recover-20220922/UBNA_001/20220921_090000.WAV,Telephone Field,recover-20220922,001,1795
1059.5735,1059.5827,28046,43084,Eptesicus serotinus,0.008,0.021,-1,Echolocation,/mnt/ubna_data_02_mir/recover-20220922/UBNA_001/20220921_090000.WAV,Telephone Field,recover-20220922,001,1795
1059.5835,1059.6199,68437,81459,Rhinolophus ferrumequinum,0.022,0.022,-1,Echolocation,/mnt/ubna_data_02_mir/recover-20220922/UBNA_001/20220921_090000.WAV,Telephone Field,recover-20220922,001,1795
1059.6355,1059.6462,28906,37917,Eptesicus serotinus,0.022,0.036,-1,Echolocation,/mnt/ubna_data_02_mir/recover-20220922/UBNA_001/20220921_090000.WAV,Telephone Field,recover-20220922,001,1795
1059.6645,1059.6749,26328,34471,Eptesicus serotinus,0.011,0.023,-1,Echolocation,/mnt/ubna_data_02_mir/recover-20220922/UBNA_001/20220921_090000.WAV,Telephone Field,recover-20220922,001,1795
1059.6655,1059.6772,44375,48368,Pipistrellus pipistrellus,0.027,0.031,-1,Echolocation,/mnt/ubna_data_02_mir/recover-20220922/UBNA_001/20220921_090000.WAV,Telephone Field,recover-20220922,001,1795
1059.6695,1059.7072,68437,81892,Rhinolophus ferrumequinum,0.023,0.023,-1,Echolocation,/mnt/ubna_data_02_mir/recover-20220922/UBNA_001/20220921_090000.WAV,Telephone Field,recover-20220922,001,1795
1059.7115,1059.7518,68437,82546,Rhinolophus ferrumequinum,0.021,0.021,-1,Echolocation,/mnt/ubna_data_02_mir/recover-20220922/UBNA_001/20220921_090000.WAV,Telephone Field,recover-20220922,001,1795
1059.7595,1059.7683,50390,54357,Pipistrellus pipistrellus,0.023,0.027,-1,Echolocation,/mnt/ubna_data_02_mir/recover-20220922/UBNA_001/20220921_090000.WAV,Telephone Field,recover-20220922,001,1795
1059.7595,1059.8003,68437,82681,Rhinolophus ferrumequinum,0.021,0.021,-1,Echolocation,/mnt/ubna_data_02_mir/recover-20220922/UBNA_001/20220921_090000.WAV,Telephone Field,recover-20220922,001,1795
1059.7615,1059.77,28046,38540,Eptesicus serotinus,0.007,0.021,-1,Echolocation,/mnt/ubna_data_02_mir/recover-20220922/UBNA_001/20220921_090000.WAV,Telephone Field,recover-20220922,001,1795
1059.7795,1059.821,68437,82905,Rhinolophus ferrumequinum,0.024,0.024,-1,Echolocation,/mnt/ubna_data_02_mir/recover-20220922/UBNA_001/20220921_090000.WAV,Telephone Field,recover-20220922,001,1795
1059.7865,1059.827,68437,82695,Rhinolophus ferrumequinum,0.023,0.023,-1,Echolocation,/mnt/ubna_data_02_mir/recover-20220922/UBNA_001/20220921_090000.WAV,Telephone Field,recover-20220922,001,1795
1059.8165,1059.8587,68437,83056,Rhinolophus ferrumequinum,0.028,0.028,-1,Echolocation,/mnt/ubna_data_02_mir/recover-20220922/UBNA_001/20220921_090000.WAV,Telephone Field,recover-20220922,001,1795
1059.8385,1059.8788,68437,82096,Rhinolophus ferrumequinum,0.023,0.023,-1,Echolocation,/mnt/ubna_data_02_mir/recover-20220922/UBNA_001/20220921_090000.WAV,Telephone Field,recover-20220922,001,1795
1059.8595,1059.8994,68437,82827,Rhinolophus ferrumequinum,0.033,0.033,-1,Echolocation,/mnt/ubna_data_02_mir/recover-20220922/UBNA_001/20220921_090000.WAV,Telephone Field,recover-20220922,001,1795
1059.8815,1059.9213,68437,82361,Rhinolophus ferrumequinum,0.023,0.023,-1,Echolocation,/mnt/ubna_data_02_mir/recover-20220922/UBNA_001/20220921_090000.WAV,Telephone Field,recover-20220922,001,1795
1059.9235,1059.932,28906,36989,Eptesicus serotinus,0.01,0.025,-1,Echolocation,/mnt/ubna_data_02_mir/recover-20220922/UBNA_001/20220921_090000.WAV,Telephone Field,recover-20220922,001,1795
1060.0015,1060.0322,69296,82868,Rhinolophus ferrumequinum,0.033,0.033,-1,Echolocation,/mnt/ubna_data_02_mir/recover-20220922/UBNA_001/20220921_090000.WAV,Telephone Field,recover-20220922,001,1795
1060.0015,1060.0114,23750,30669,Nyctalus leisleri,0.011,0.03,-1,Echolocation,/mnt/ubna_data_02_mir/recover-20220922/UBNA_001/20220921_090000.WAV,Telephone Field,recover-20220922,001,1795
1060.0335,1060.0454,24609,29990,Nyctalus leisleri,0.017,0.039,-1,Echolocation,/mnt/ubna_data_02_mir/recover-20220922/UBNA_001/20220921_090000.WAV,Telephone Field,recover-20220922,001,1795
1060.0435,1060.0531,47812,51429,Pipistrellus pipistrellus,0.053,0.055,-1,Echolocation,/mnt/ubna_data_02_mir/recover-20220922/UBNA_001/20220921_090000.WAV,Telephone Field,recover-20220922,001,1795
1060.0595,1060.1024,68437,82777,Rhinolophus ferrumequinum,0.022,0.022,-1,Echolocation,/mnt/ubna_data_02_mir/recover-20220922/UBNA_001/20220921_090000.WAV,Telephone Field,recover-20220922,001,1795
1060.0655,1060.1071,68437,82754,Rhinolophus ferrumequinum,0.023,0.023,-1,Echolocation,/mnt/ubna_data_02_mir/recover-20220922/UBNA_001/20220921_090000.WAV,Telephone Field,recover-20220922,001,1795
1060.0775,1060.0861,57265,62236,Pipistrellus pygmaeus,0.025,0.026,-1,Echolocation,/mnt/ubna_data_02_mir/recover-20220922/UBNA_001/20220921_090000.WAV,Telephone Field,recover-20220922,001,1795
1060.1465,1060.1555,47812,52424,Pipistrellus pipistrellus,0.019,0.023,-1,Echolocation,/mnt/ubna_data_02_mir/recover-20220922/UBNA_001/20220921_090000.WAV,Telephone Field,recover-20220922,001,1795
1060.1515,1060.1879,68437,82085,Rhinolophus ferrumequinum,0.022,0.022,-1,Echolocation,/mnt/ubna_data_02_mir/recover-20220922/UBNA_001/20220921_090000.WAV,Telephone Field,recover-20220922,001,1795
1060.1755,1060.1843,28046,37443,Eptesicus serotinus,0.008,0.022,-1,Echolocation,/mnt/ubna_data_02_mir/recover-20220922/UBNA_001/20220921_090000.WAV,Telephone Field,recover-20220922,001,1795
1060.2315,1060.2727,68437,82665,Rhinolophus ferrumequinum,0.025,0.025,-1,Echolocation,/mnt/ubna_data_02_mir/recover-20220922/UBNA_001/20220921_090000.WAV,Telephone Field,recover-20220922,001,1795
1060.2475,1060.2855,68437,82518,Rhinolophus ferrumequinum,0.023,0.023,-1,Echolocation,/mnt/ubna_data_02_mir/recover-20220922/UBNA_001/20220921_090000.WAV,Telephone Field,recover-20220922,001,1795
1060.2765,1060.3151,68437,82254,Rhinolophus ferrumequinum,0.022,0.022,-1,Echolocation,/mnt/ubna_data_02_mir/recover-20220922/UBNA_001/20220921_090000.WAV,Telephone Field,recover-20220922,001,1795
1060.2855,1060.3269,68437,82722,Rhinolophus ferrumequinum,0.023,0.023,-1,Echolocation,/mnt/ubna_data_02_mir/recover-20220922/UBNA_001/20220921_090000.WAV,Telephone Field,recover-20220922,001,1795
1060.3105,1060.3176,28046,38223,Eptesicus serotinus,0.007,0.027,-1,Echolocation,/mnt/ubna_data_02_mir/recover-20220922/UBNA_001/20220921_090000.WAV,Telephone Field,recover-20220922,001,1795
1060.3225,1060.3584,68437,81160,Rhinolophus ferrumequinum,0.022,0.022,-1,Echolocation,/mnt/ubna_data_02_mir/recover-20220922/UBNA_001/20220921_090000.WAV,Telephone Field,recover-20220922,001,1795
1060.3425,1060.381,68437,82462,Rhinolophus ferrumequinum,0.028,0.028,-1,Echolocation,/mnt/ubna_data_02_mir/recover-20220922/UBNA_001/20220921_090000.WAV,Telephone Field,recover-20220922,001,1795
1060.3535,1060.3624,25468,33506,Eptesicus serotinus,0.009,0.023,-1,Echolocation,/mnt/ubna_data_02_mir/recover-20220922/UBNA_001/20220921_090000.WAV,Telephone Field,recover-20220922,001,1795
1060.3865,1060.424,68437,81983,Rhinolophus ferrumequinum,0.025,0.025,-1,Echolocation,/mnt/ubna_data_02_mir/recover-20220922/UBNA_001/20220921_090000.WAV,Telephone Field,recover-20220922,001,1795
1060.3945,1060.4343,68437,82174,Rhinolophus ferrumequinum,0.026,0.026,-1,Echolocation,/mnt/ubna_data_02_mir/recover-20220922/UBNA_001/20220921_090000.WAV,Telephone Field,recover-20220922,001,1795
1060.4075,1060.4198,16015,22097,Nyctalus noctula,0.032,0.046,-1,Echolocation,/mnt/ubna_data_02_mir/recover-20220922/UBNA_001/20220921_090000.WAV,Telephone Field,recover-20220922,001,1795
1060.4105,1060.4509,68437,81945,Rhinolophus ferrumequinum,0.022,0.022,-1,Echolocation,/mnt/ubna_data_02_mir/recover-20220922/UBNA_001/20220921_090000.WAV,Telephone Field,recover-20220922,001,1795
1060.4425,1060.4845,68437,82308,Rhinolophus ferrumequinum,0.026,0.026,-1,Echolocation,/mnt/ubna_data_02_mir/recover-20220922/UBNA_001/20220921_090000.WAV,Telephone Field,recover-20220922,001,1795
1060.4805,1060.5204,68437,82341,Rhinolophus ferrumequinum,0.023,0.023,-1,Echolocation,/mnt/ubna_data_02_mir/recover-20220922/UBNA_001/20220921_090000.WAV,Telephone Field,recover-20220922,001,1795
1060.5005,1060.508,28046,41494,Eptesicus serotinus,0.008,0.023,-1,Echolocation,/mnt/ubna_data_02_mir/recover-20220922/UBNA_001/20220921_090000.WAV,Telephone Field,recover-20220922,001,1795
1060.5115,1060.5502,68437,82488,Rhinolophus ferrumequinum,0.022,0.022,-1,Echolocation,/mnt/ubna_data_02_mir/recover-20220922/UBNA_001/20220921_090000.WAV,Telephone Field,recover-20220922,001,1795
1060.5335,1060.5447,33203,38644,Eptesicus serotinus,0.006,0.022,-1,Echolocation,/mnt/ubna_data_02_mir/recover-20220922/UBNA_001/20220921_090000.WAV,Telephone Field,recover-20220922,001,1795
1060.5345,1060.5716,68437,81612,Rhinolophus ferrumequinum,0.03,0.03,-1,Echolocation,/mnt/ubna_data_02_mir/recover-20220922/UBNA_001/20220921_090000.WAV,Telephone Field,recover-20220922,001,1795
1060.5385,1060.5476,28046,36537,Eptesicus serotinus,0.009,0.023,-1,Echolocation,/mnt/ubna_data_02_mir/recover-20220922/UBNA_001/20220921_090000.WAV,Telephone Field,recover-20220922,001,1795
1060.5395,1060.5539,15156,21142,Nyctalus noctula,0.014,0.022,-1,Echolocation,/mnt/ubna_data_02_mir/recover-20220922/UBNA_001/20220921_090000.WAV,Telephone Field,recover-20220922,001,1795
1060.5445,1060.582,68437,81851,Rhinolophus ferrumequinum,0.022,0.022,-1,Echolocation,/mnt/ubna_data_02_mir/recover-20220922/UBNA_001/20220921_090000.WAV,Telephone Field,recover-20220922,001,1795
1060.5595,1060.5946,68437,81503,Rhinolophus ferrumequinum,0.024,0.024,-1,Echolocation,/mnt/ubna_data_02_mir/recover-20220922/UBNA_001/20220921_090000.WAV,Telephone Field,recover-20220922,001,1795
1060.5655,1060.5749,50390,55916,Pipistrellus pipistrellus,0.027,0.033,-1,Echolocation,/mnt/ubna_data_02_mir/recover-20220922/UBNA_001/20220921_090000.WAV,Telephone Field,recover-20220922,001,1795
1060.5905,1060.6308,68437,81810,Rhinolophus ferrumequinum,0.024,0.024,-1,Echolocation,/mnt/ubna_data_02_mir/recover-20220922/UBNA_001/20220921_090000.WAV,Telephone Field,recover-20220922,001,1795
1060.5955,1060.6352,68437,82283,Rhinolophus ferrumequinum,0.023,0.023,-1,Echolocation,/mnt/ubna_data_02_mir/recover-20220922/UBNA_001/20220921_090000.WAV,Telephone Field,recover-20220922,001,1795
1060.6045,1060.6137,25468,34070,Eptesicus serotinus,0.009,0.026,-1,Echolocation,/mnt/ubna_data_02_mir/recover-20220922/UBNA_001/20220921_090000.WAV,Telephone Field,recover-20220922,001,1795
1060.6215,1060.6635,68437,82929,Rhinolophus ferrumequinum,0.032,0.032,-1,Echolocation,/mnt/ubna_data_02_mir/recover-20220922/UBNA_001/20220921_090000.WAV,Telephone Field,recover-20220922,001,1795
1060.6305,1060.6721,68437,82844,Rhinolophus ferrumequinum,0.024,0.024,-1,Echolocation,/mnt/ubna_data_02_mir/recover-20220922/UBNA_001/20220921_090000.WAV,Telephone Field,recover-20220922,001,1795
1060.6425,1060.6519,28046,39462,Eptesicus serotinus,0.01,0.024,-1,Echolocation,/mnt/ubna_data_02_mir/recover-20220922/UBNA_001/20220921_090000.WAV,Telephone Field,recover-20220922,001,1795
1060.6435,1060.6522,34921,40995,Barbastellus barbastellus,0.014,0.028,-1,Echolocation,/mnt/ubna_data_02_mir/recover-20220922/UBNA_001/20220921_090000.WAV,Telephone Field,recover-20220922,001,1795
1060.6525,1060.6929,68437,82076,Rhinolophus ferrumequinum,0.027,0.028,-1,Echolocation,/mnt/ubna_data_02_mir/recover-20220922/UBNA_001/20220921_090000.WAV,Telephone Field,recover-20220922,001,1795
1060.6875,1060.7289,68437,82852,Rhinolophus ferrumequinum,0.025,0.025,-1,Echolocation,/mnt/ubna_data_02_mir/recover-20220922/UBNA_001/20220921_090000.WAV,Telephone Field,recover-20220922,001,1795
1060.6885,1060.6986,22031,28292,Nyctalus leisleri,0.009,0.025,-1,Echolocation,/mnt/ubna_data_02_mir/recover-20220922/UBNA_001/20220921_090000.WAV,Telephone Field,recover-20220922,001,1795
1060.6905,1060.6992,27187,37925,Eptesicus serotinus,0.009,0.023,-1,Echolocation,/mnt/ubna_data_02_mir/recover-20220922/UBNA_001/20220921_090000.WAV,Telephone Field,recover-20220922,001,1795
1060.7025,1060.7395,68437,81601,Rhinolophus ferrumequinum,0.023,0.023,-1,Echolocation,/mnt/ubna_data_02_mir/recover-20220922/UBNA_001/20220921_090000.WAV,Telephone Field,recover-20220922,001,1795
1060.7165,1060.7573,68437,82418,Rhinolophus ferrumequinum,0.022,0.022,-1,Echolocation,/mnt/ubna_data_02_mir/recover-20220922/UBNA_001/20220921_090000.WAV,Telephone Field,recover-20220922,001,1795
1060.7375,1060.7704,68437,81160,Rhinolophus ferrumequinum,0.029,0.029,-1,Echolocation,/mnt/ubna_data_02_mir/recover-20220922/UBNA_001/20220921_090000.WAV,Telephone Field,recover-20220922,001,1795
1060.7515,1060.7869,68437,81558,Rhinolophus ferrumequinum,0.024,0.024,-1,Echolocation,/mnt/ubna_data_02_mir/recover-20220922/UBNA_001/20220921_090000.WAV,Telephone Field,recover-20220922,001,1795
1060.7605,1060.7994,68437,82217,Rhinolophus ferrumequinum,0.023,0.023,-1,Echolocation,/mnt/ubna_data_02_mir/recover-20220922/UBNA_001/20220921_090000.WAV,Telephone Field,recover-20220922,001,1795
1060.7795,1060.8176,68437,81830,Rhinolophus ferrumequinum,0.023,0.023,-1,Echolocation,/mnt/ubna_data_02_mir/recover-20220922/UBNA_001/20220921_090000.WAV,Telephone Field,recover-20220922,001,1795
1060.8085,1060.8481,68437,82189,Rhinolophus ferrumequinum,0.022,0.022,-1,Echolocation,/mnt/ubna_data_02_mir/recover-20220922/UBNA_001/20220921_090000.WAV,Telephone Field,recover-20220922,001,1795
1060.8155,1060.8552,68437,82358,Rhinolophus ferrumequinum,0.022,0.022,-1,Echolocation,/mnt/ubna_data_02_mir/recover-20220922/UBNA_001/20220921_090000.WAV,Telephone Field,recover-20220922,001,1795
1060.8325,1060.8432,22890,27791,Nyctalus leisleri,0.011,0.022,-1,Echolocation,/mnt/ubna_data_02_mir/recover-20220922/UBNA_001/20220921_090000.WAV,Telephone Field,recover-20220922,001,1795
1060.8345,1060.8711,68437,80785,Rhinolophus ferrumequinum,0.022,0.022,-1,Echolocation,/mnt/ubna_data_02_mir/recover-20220922/UBNA_001/20220921_090000.WAV,Telephone Field,recover-20220922,001,1795
1060.8485,1060.8881,68437,82308,Rhinolophus ferrumequinum,0.024,0.024,-1,Echolocation,/mnt/ubna_data_02_mir/recover-20220922/UBNA_001/20220921_090000.WAV,Telephone Field,recover-20220922,001,1795
1060.8575,1060.8682,36640,42217,Barbastellus barbastellus,0.012,0.032,-1,Echolocation,/mnt/ubna_data_02_mir/recover-20220922/UBNA_001/20220921_090000.WAV,Telephone Field,recover-20220922,001,1795
1060.8585,1060.8683,27187,37296,Eptesicus serotinus,0.012,0.027,-1,Echolocation,/mnt/ubna_data_02_mir/recover-20220922/UBNA_001/20220921_090000.WAV,Telephone Field,recover-20220922,001,1795
1060.8885,1060.8991,23750,28970,Nyctalus leisleri,0.013,0.03,-1,Echolocation,/mnt/ubna_data_02_mir/recover-20220922/UBNA_001/20220921_090000.WAV,Telephone Field,recover-20220922,001,1795
1060.9275,1060.966,68437,82156,Rhinolophus ferrumequinum,0.022,0.022,-1,Echolocation,/mnt/ubna_data_02_mir/recover-20220922/UBNA_001/20220921_090000.WAV,Telephone Field,recover-20220922,001,1795
1060.9435,1060.981,68437,81938,Rhinolophus ferrumequinum,0.024,0.024,-1,Echolocation,/mnt/ubna_data_02_mir/recover-20220922/UBNA_001/20220921_090000.WAV,Telephone Field,recover-20220922,001,1795
1060.9445,1060.9561,28046,34231,Eptesicus serotinus,0.015,0.028,-1,Echolocation,/mnt/ubna_data_02_mir/recover-20220922/UBNA_001/20220921_090000.WAV,Telephone Field,recover-20220922,001,1795
1060.9625,1061.0037,68437,82406,Rhinolophus ferrumequinum,0.022,0.022,-1,Echolocation,/mnt/ubna_data_02_mir/recover-20220922/UBNA_001/20220921_090000.WAV,Telephone Field,recover-20220922,001,1795
1060.9995,1061.0381,68437,82015,Rhinolophus ferrumequinum,0.022,0.022,-1,Echolocation,/mnt/ubna_data_02_mir/recover-20220922/UBNA_001/20220921_090000.WAV,Telephone Field,recover-20220922,001,1795
1061.0105,1061.0477,68437,82608,Rhinolophus ferrumequinum,0.023,0.023,-1,Echolocation,/mnt/ubna_data_02_mir/recover-20220922/UBNA_001/20220921_090000.WAV,Telephone Field,recover-20220922,001,1795
1061.0175,1061.0293,23750,29757,Nyctalus leisleri,0.01,0.025,-1,Echolocation,/mnt/ubna_data_02_mir/recover-20220922/UBNA_001/20220921_090000.WAV,Telephone Field,recover-20220922,001,1795
1061.0255,1061.0652,68437,82491,Rhinolophus ferrumequinum,0.023,0.023,-1,Echolocation,/mnt/ubna_data_02_mir/recover-20220922/UBNA_001/20220921_090000.WAV,Telephone Field,recover-20220922,001,1795
1061.0295,1061.0394000000001,23750,30374,Nyctalus leisleri,0.007,0.022,-1,Echolocation,/mnt/ubna_data_02_mir/recover-20220922/UBNA_001/20220921_090000.WAV,Telephone Field,recover-20220922,001,1795
1061.0405,1061.0817,68437,82591,Rhinolophus ferrumequinum,0.027,0.027,-1,Echolocation,/mnt/ubna_data_02_mir/recover-20220922/UBNA_001/20220921_090000.WAV,Telephone Field,recover-20220922,001,1795
1061.0565,1061.0628,27187,41177,Myotis daubentonii,0.005,0.028,-1,Echolocation,/mnt/ubna_data_02_mir/recover-20220922/UBNA_001/20220921_090000.WAV,Telephone Field,recover-20220922,001,1795
1061.0615,1061.0679,49531,56300,Pipistrellus pipistrellus,0.024,0.027,-1,Echolocation,/mnt/ubna_data_02_mir/recover-20220922/UBNA_001/20220921_090000.WAV,Telephone Field,recover-20220922,001,1795
1061.0685,1061.1076,68437,82404,Rhinolophus ferrumequinum,0.023,0.023,-1,Echolocation,/mnt/ubna_data_02_mir/recover-20220922/UBNA_001/20220921_090000.WAV,Telephone Field,recover-20220922,001,1795
1061.1735,1061.2116,68437,82406,Rhinolophus ferrumequinum,0.026,0.026,-1,Echolocation,/mnt/ubna_data_02_mir/recover-20220922/UBNA_001/20220921_090000.WAV,Telephone Field,recover-20220922,001,1795
1061.1765,1061.186,28046,36398,Eptesicus serotinus,0.011,0.026,-1,Echolocation,/mnt/ubna_data_02_mir/recover-20220922/UBNA_001/20220921_090000.WAV,Telephone Field,recover-20220922,001,1795
1061.1955,1061.2391,68437,83713,Rhinolophus ferrumequinum,0.029,0.029,-1,Echolocation,/mnt/ubna_data_02_mir/recover-20220922/UBNA_001/20220921_090000.WAV,Telephone Field,recover-20220922,001,1795
1061.2165,1061.2279,23750,29212,Nyctalus leisleri,0.01,0.024,-1,Echolocation,/mnt/ubna_data_02_mir/recover-20220922/UBNA_001/20220921_090000.WAV,Telephone Field,recover-20220922,001,1795
1061.2285,1061.2691,68437,82597,Rhinolophus ferrumequinum,0.022,0.022,-1,Echolocation,/mnt/ubna_data_02_mir/recover-20220922/UBNA_001/20220921_090000.WAV,Telephone Field,recover-20220922,001,1795
1061.2455,1061.2529,28046,39132,Eptesicus serotinus,0.006,0.023,-1,Echolocation,/mnt/ubna_data_02_mir/recover-20220922/UBNA_001/20220921_090000.WAV,Telephone Field,recover-20220922,001,1795
1061.2525,1061.2894000000001,68437,81922,Rhinolophus ferrumequinum,0.024,0.024,-1,Echolocation,/mnt/ubna_data_02_mir/recover-20220922/UBNA_001/20220921_090000.WAV,Telephone Field,recover-20220922,001,1795
1061.2695,1061.2818,24609,31689,Eptesicus serotinus,0.013,0.034,-1,Echolocation,/mnt/ubna_data_02_mir/recover-20220922/UBNA_001/20220921_090000.WAV,Telephone Field,recover-20220922,001,1795
1061.2755,1061.2869,24609,31420,Nyctalus leisleri,0.014,0.038,-1,Echolocation,/mnt/ubna_data_02_mir/recover-20220922/UBNA_001/20220921_090000.WAV,Telephone Field,recover-20220922,001,1795
1061.3115,1061.3191,55546,59852,Pipistrellus pygmaeus,0.022,0.023,-1,Echolocation,/mnt/ubna_data_02_mir/recover-20220922/UBNA_001/20220921_090000.WAV,Telephone Field,recover-20220922,001,1795
1061.3175,1061.3281,33203,38738,Pipistrellus nathusii,0.008,0.022,-1,Echolocation,/mnt/ubna_data_02_mir/recover-20220922/UBNA_001/20220921_090000.WAV,Telephone Field,recover-20220922,001,1795
1061.3185,1061.327,28046,36927,Eptesicus serotinus,0.008,0.022,-1,Echolocation,/mnt/ubna_data_02_mir/recover-20220922/UBNA_001/20220921_090000.WAV,Telephone Field,recover-20220922,001,1795
1061.3355,1061.3761,68437,82990,Rhinolophus ferrumequinum,0.039,0.039,-1,Echolocation,/mnt/ubna_data_02_mir/recover-20220922/UBNA_001/20220921_090000.WAV,Telephone Field,recover-20220922,001,1795
1061.3635,1061.4055,68437,82909,Rhinolophus ferrumequinum,0.031,0.031,-1,Echolocation,/mnt/ubna_data_02_mir/recover-20220922/UBNA_001/20220921_090000.WAV,Telephone Field,recover-20220922,001,1795
1061.4005,1061.4104,28046,35506,Eptesicus serotinus,0.009,0.022,-1,Echolocation,/mnt/ubna_data_02_mir/recover-20220922/UBNA_001/20220921_090000.WAV,Telephone Field,recover-20220922,001,1795
1061.4025,1061.4424,68437,82501,Rhinolophus ferrumequinum,0.035,0.035,-1,Echolocation,/mnt/ubna_data_02_mir/recover-20220922/UBNA_001/20220921_090000.WAV,Telephone Field,recover-20220922,001,1795
1061.4695,1061.5099,68437,82371,Rhinolophus ferrumequinum,0.025,0.025,-1,Echolocation,/mnt/ubna_data_02_mir/recover-20220922/UBNA_001/20220921_090000.WAV,Telephone Field,recover-20220922,001,1795
1061.4775,1061.5149,68437,82255,Rhinolophus ferrumequinum,0.022,0.022,-1,Echolocation,/mnt/ubna_data_02_mir/recover-20220922/UBNA_001/20220921_090000.WAV,Telephone Field,recover-20220922,001,1795
1061.5035,1061.5133,27187,37135,Eptesicus serotinus,0.011,0.026,-1,Echolocation,/mnt/ubna_data_02_mir/recover-20220922/UBNA_001/20220921_090000.WAV,Telephone Field,recover-20220922,001,1795
1061.5085,1061.549,68437,82824,Rhinolophus ferrumequinum,0.03,0.03,-1,Echolocation,/mnt/ubna_data_02_mir/recover-20220922/UBNA_001/20220921_090000.WAV,Telephone Field,recover-20220922,001,1795
1061.5315,1061.5722,68437,82458,Rhinolophus ferrumequinum,0.023,0.023,-1,Echolocation,/mnt/ubna_data_02_mir/recover-20220922/UBNA_001/20220921_090000.WAV,Telephone Field,recover-20220922,001,1795
1061.5625,1061.5705,23750,31941,Plecotus austriacus,0.009,0.024,-1,Echolocation,/mnt/ubna_data_02_mir/recover-20220922/UBNA_001/20220921_090000.WAV,Telephone Field,recover-20220922,001,1795
1061.6065,1061.6148,25468,34664,Eptesicus serotinus,0.009,0.027,-1,Echolocation,/mnt/ubna_data_02_mir/recover-20220922/UBNA_001/20220921_090000.WAV,Telephone Field,recover-20220922,001,1795
1061.6265,1061.6645,68437,81585,Rhinolophus ferrumequinum,0.025,0.025,-1,Echolocation,/mnt/ubna_data_02_mir/recover-20220922/UBNA_001/20220921_090000.WAV,Telephone Field,recover-20220922,001,1795
1061.6755,1061.709,68437,81162,Rhinolophus ferrumequinum,0.022,0.022,-1,Echolocation,/mnt/ubna_data_02_mir/recover-20220922/UBNA_001/20220921_090000.WAV,Telephone Field,recover-20220922,001,1795
1061.6875,1061.7237,68437,81710,Rhinolophus ferrumequinum,0.026,0.026,-1,Echolocation,/mnt/ubna_data_02_mir/recover-20220922/UBNA_001/20220921_090000.WAV,Telephone Field,recover-20220922,001,1795
1061.7095,1061.7476,68437,82066,Rhinolophus ferrumequinum,0.028,0.028,-1,Echolocation,/mnt/ubna_data_02_mir/recover-20220922/UBNA_001/20220921_090000.WAV,Telephone Field,recover-20220922,001,1795
1061.7595,1061.7688,44375,51488,Pipistrellus pipistrellus,0.017,0.024,-1,Echolocation,/mnt/ubna_data_02_mir/recover-20220922/UBNA_001/20220921_090000.WAV,Telephone Field,recover-20220922,001,1795
1061.7735,1061.8133,68437,82417,Rhinolophus ferrumequinum,0.075,0.075,-1,Echolocation,/mnt/ubna_data_02_mir/recover-20220922/UBNA_001/20220921_090000.WAV,Telephone Field,recover-20220922,001,1795
1061.7755,1061.7858,28046,35981,Eptesicus serotinus,0.013,0.026,-1,Echolocation,/mnt/ubna_data_02_mir/recover-20220922/UBNA_001/20220921_090000.WAV,Telephone Field,recover-20220922,001,1795
1061.8005,1061.8083,28046,40061,Eptesicus serotinus,0.008,0.025,-1,Echolocation,/mnt/ubna_data_02_mir/recover-20220922/UBNA_001/20220921_090000.WAV,Telephone Field,recover-20220922,001,1795
1061.8015,1061.84,68437,82033,Rhinolophus ferrumequinum,0.023,0.023,-1,Echolocation,/mnt/ubna_data_02_mir/recover-20220922/UBNA_001/20220921_090000.WAV,Telephone Field,recover-20220922,001,1795
1061.8305,1061.8682,68437,82245,Rhinolophus ferrumequinum,0.024,0.025,-1,Echolocation,/mnt/ubna_data_02_mir/recover-20220922/UBNA_001/20220921_090000.WAV,Telephone Field,recover-20220922,001,1795
1061.8575,1061.8684,22890,28493,Nyctalus leisleri,0.01,0.025,-1,Echolocation,/mnt/ubna_data_02_mir/recover-20220922/UBNA_001/20220921_090000.WAV,Telephone Field,recover-20220922,001,1795
1061.9065,1061.9457,68437,82180,Rhinolophus ferrumequinum,0.027,0.027,-1,Echolocation,/mnt/ubna_data_02_mir/recover-20220922/UBNA_001/20220921_090000.WAV,Telephone Field,recover-20220922,001,1795
1061.9195,1061.9562,68437,81566,Rhinolophus ferrumequinum,0.022,0.022,-1,Echolocation,/mnt/ubna_data_02_mir/recover-20220922/UBNA_001/20220921_090000.WAV,Telephone Field,recover-20220922,001,1795
1061.9195,1061.9298,25468,32628,Eptesicus serotinus,0.01,0.023,-1,Echolocation,/mnt/ubna_data_02_mir/recover-20220922/UBNA_001/20220921_090000.WAV,Telephone Field,recover-20220922,001,1795
1061.9395,1061.9801,68437,82651,Rhinolophus ferrumequinum,0.031,0.031,-1,Echolocation,/mnt/ubna_data_02_mir/recover-20220922/UBNA_001/20220921_090000.WAV,Telephone Field,recover-20220922,001,1795
1061.9505,1061.9897,68437,82129,Rhinolophus ferrumequinum,0.022,0.022,-1,Echolocation,/mnt/ubna_data_02_mir/recover-20220922/UBNA_001/20220921_090000.WAV,Telephone Field,recover-20220922,001,1795
1061.9755,1061.9854,56406,60933,Pipistrellus pygmaeus,0.025,0.025,-1,Echolocation,/mnt/ubna_data_02_mir/recover-20220922/UBNA_001/20220921_090000.WAV,Telephone Field,recover-20220922,001,1795
1062.0015,1062.0102,24609,34565,Nyctalus leisleri,0.007,0.024,-1,Echolocation,/mnt/ubna_data_02_mir/recover-20220922/UBNA_001/20220921_090000.WAV,Telephone Field,recover-20220922,001,1795
1062.0015,1062.0106,48671,54342,Pipistrellus pipistrellus,0.02,0.024,-1,Echolocation,/mnt/ubna_data_02_mir/recover-20220922/UBNA_001/20220921_090000.WAV,Telephone Field,recover-20220922,001,1795
1062.0015,1062.0346,69296,81313,Rhinolophus ferrumequinum,0.038,0.038,-1,Echolocation,/mnt/ubna_data_02_mir/recover-20220922/UBNA_001/20220921_090000.WAV,Telephone Field,recover-20220922,001,1795
1062.0375,1062.0762,68437,82120,Rhinolophus ferrumequinum,0.025,0.025,-1,Echolocation,/mnt/ubna_data_02_mir/recover-20220922/UBNA_001/20220921_090000.WAV,Telephone Field,recover-20220922,001,1795
1062.0785,1062.0852,27187,45726,Eptesicus serotinus,0.007,0.024,-1,Echolocation,/mnt/ubna_data_02_mir/recover-20220922/UBNA_001/20220921_090000.WAV,Telephone Field,recover-20220922,001,1795
1062.1445,1062.1848,68437,82070,Rhinolophus ferrumequinum,0.023,0.023,-1,Echolocation,/mnt/ubna_data_02_mir/recover-20220922/UBNA_001/20220921_090000.WAV,Telephone Field,recover-20220922,001,1795
1062.1565,1062.1978,68437,82917,Rhinolophus ferrumequinum,0.024,0.024,-1,Echolocation,/mnt/ubna_data_02_mir/recover-20220922/UBNA_001/20220921_090000.WAV,Telephone Field,recover-20220922,001,1795
1062.1645,1062.204,68437,82003,Rhinolophus ferrumequinum,0.022,0.022,-1,Echolocation,/mnt/ubna_data_02_mir/recover-20220922/UBNA_001/20220921_090000.WAV,Telephone Field,recover-20220922,001,1795
1062.1765,1062.2174,68437,82789,Rhinolophus ferrumequinum,0.026,0.026,-1,Echolocation,/mnt/ubna_data_02_mir/recover-20220922/UBNA_001/20220921_090000.WAV,Telephone Field,recover-20220922,001,1795
1062.2075,1062.25,68437,83027,Rhinolophus ferrumequinum,0.03,0.03,-1,Echolocation,/mnt/ubna_data_02_mir/recover-20220922/UBNA_001/20220921_090000.WAV,Telephone Field,recover-20220922,001,1795
1062.2315,1062.2719,68437,82917,Rhinolophus ferrumequinum,0.023,0.023,-1,Echolocation,/mnt/ubna_data_02_mir/recover-20220922/UBNA_001/20220921_090000.WAV,Telephone Field,recover-20220922,001,1795
1062.2395,1062.2808,68437,82968,Rhinolophus ferrumequinum,0.024,0.024,-1,Echolocation,/mnt/ubna_data_02_mir/recover-20220922/UBNA_001/20220921_090000.WAV,Telephone Field,recover-20220922,001,1795
1062.2435,1062.2578,21171,24932,Nyctalus leisleri,0.014,0.023,-1,Echolocation,/mnt/ubna_data_02_mir/recover-20220922/UBNA_001/20220921_090000.WAV,Telephone Field,recover-20220922,001,1795
1062.2825,1062.2921,52968,57038,Pipistrellus pygmaeus,0.02,0.024,-1,Echolocation,/mnt/ubna_data_02_mir/recover-20220922/UBNA_001/20220921_090000.WAV,Telephone Field,recover-20220922,001,1795
1062.2835,1062.3237,68437,82767,Rhinolophus ferrumequinum,0.025,0.025,-1,Echolocation,/mnt/ubna_data_02_mir/recover-20220922/UBNA_001/20220921_090000.WAV,Telephone Field,recover-20220922,001,1795
1062.2915,1062.2994,26328,35863,Eptesicus serotinus,0.009,0.023,-1,Echolocation,/mnt/ubna_data_02_mir/recover-20220922/UBNA_001/20220921_090000.WAV,Telephone Field,recover-20220922,001,1795
1062.3025,1062.3455,68437,82885,Rhinolophus ferrumequinum,0.024,0.024,-1,Echolocation,/mnt/ubna_data_02_mir/recover-20220922/UBNA_001/20220921_090000.WAV,Telephone Field,recover-20220922,001,1795
1062.3105,1062.3516,68437,82367,Rhinolophus ferrumequinum,0.022,0.022,-1,Echolocation,/mnt/ubna_data_02_mir/recover-20220922/UBNA_001/20220921_090000.WAV,Telephone Field,recover-20220922,001,1795
1062.3135,1062.3212,28906,39558,Eptesicus serotinus,0.009,0.025,-1,Echolocation,/mnt/ubna_data_02_mir/recover-20220922/UBNA_001/20220921_090000.WAV,Telephone Field,recover-20220922,001,1795
1062.3465,1062.3542,28046,40429,Eptesicus serotinus,0.007,0.023,-1,Echolocation,/mnt/ubna_data_02_mir/recover-20220922/UBNA_001/20220921_090000.WAV,Telephone Field,recover-20220922,001,1795
1062.3475,1062.3674,18593,21737,Nyctalus noctula,0.011,0.023,-1,Echolocation,/mnt/ubna_data_02_mir/recover-20220922/UBNA_001/20220921_090000.WAV,Telephone Field,recover-20220922,001,1795
1062.3705,1062.3772,27187,38217,Eptesicus serotinus,0.008,0.028,-1,Echolocation,/mnt/ubna_data_02_mir/recover-20220922/UBNA_001/20220921_090000.WAV,Telephone Field,recover-20220922,001,1795
1062.3815,1062.42,68437,82463,Rhinolophus ferrumequinum,0.023,0.023,-1,Echolocation,/mnt/ubna_data_02_mir/recover-20220922/UBNA_001/20220921_090000.WAV,Telephone Field,recover-20220922,001,1795
1062.3875,1062.4264,68437,82453,Rhinolophus ferrumequinum,0.023,0.023,-1,Echolocation,/mnt/ubna_data_02_mir/recover-20220922/UBNA_001/20220921_090000.WAV,Telephone Field,recover-20220922,001,1795
1062.3945,1062.4325,68437,81758,Rhinolophus ferrumequinum,0.023,0.023,-1,Echolocation,/mnt/ubna_data_02_mir/recover-20220922/UBNA_001/20220921_090000.WAV,Telephone Field,recover-20220922,001,1795
1062.4125,1062.4495,68437,81404,Rhinolophus ferrumequinum,0.025,0.025,-1,Echolocation,/mnt/ubna_data_02_mir/recover-20220922/UBNA_001/20220921_090000.WAV,Telephone Field,recover-20220922,001,1795
1062.4585,1062.5008,68437,82894,Rhinolophus ferrumequinum,0.029,0.029,-1,Echolocation,/mnt/ubna_data_02_mir/recover-20220922/UBNA_001/20220921_090000.WAV,Telephone Field,recover-20220922,001,1795
1062.5545,1062.5922,68437,82164,Rhinolophus ferrumequinum,0.023,0.023,-1,Echolocation,/mnt/ubna_data_02_mir/recover-20220922/UBNA_001/20220921_090000.WAV,Telephone Field,recover-20220922,001,1795
1062.5755,1062.6153,68437,82499,Rhinolophus ferrumequinum,0.026,0.026,-1,Echolocation,/mnt/ubna_data_02_mir/recover-20220922/UBNA_001/20220921_090000.WAV,Telephone Field,recover-20220922,001,1795
1062.6325,1062.6424,46953,51824,Pipistrellus pipistrellus,0.019,0.022,-1,Echolocation,/mnt/ubna_data_02_mir/recover-20220922/UBNA_001/20220921_090000.WAV,Telephone Field,recover-20220922,001,1795
1062.6385,1062.6787,68437,81996,Rhinolophus ferrumequinum,0.023,0.023,-1,Echolocation,/mnt/ubna_data_02_mir/recover-20220922/UBNA_001/20220921_090000.WAV,Telephone Field,recover-20220922,001,1795
1062.6415,1062.6531,14296,19620,Nyctalus noctula,0.036,0.06,-1,Echolocation,/mnt/ubna_data_02_mir/recover-20220922/UBNA_001/20220921_090000.WAV,Telephone Field,recover-20220922,001,1795
1062.6525,1062.6627,27187,34525,Eptesicus serotinus,0.012,0.028,-1,Echolocation,/mnt/ubna_data_02_mir/recover-20220922/UBNA_001/20220921_090000.WAV,Telephone Field,recover-20220922,001,1795
1062.6705,1062.7084,68437,81904,Rhinolophus ferrumequinum,0.023,0.023,-1,Echolocation,/mnt/ubna_data_02_mir/recover-20220922/UBNA_001/20220921_090000.WAV,Telephone Field,recover-20220922,001,1795
1062.7305,1062.7708,68437,82628,Rhinolophus ferrumequinum,0.022,0.022,-1,Echolocation,/mnt/ubna_data_02_mir/recover-20220922/UBNA_001/20220921_090000.WAV,Telephone Field,recover-20220922,001,1795
1062.7375,1062.7754,68437,82137,Rhinolophus ferrumequinum,0.024,0.024,-1,Echolocation,/mnt/ubna_data_02_mir/recover-20220922/UBNA_001/20220921_090000.WAV,Telephone Field,recover-20220922,001,1795
1062.7435,1062.7523,23750,31666,Nyctalus leisleri,0.007,0.022,-1,Echolocation,/mnt/ubna_data_02_mir/recover-20220922/UBNA_001/20220921_090000.WAV,Telephone Field,recover-20220922,001,1795
1062.7705,1062.7812,28046,35397,Eptesicus serotinus,0.015,0.028,-1,Echolocation,/mnt/ubna_data_02_mir/recover-20220922/UBNA_001/20220921_090000.WAV,Telephone Field,recover-20220922,001,1795
1062.7895,1062.833,68437,83183,Rhinolophus ferrumequinum,0.038,0.038,-1,Echolocation,/mnt/ubna_data_02_mir/recover-20220922/UBNA_001/20220921_090000.WAV,Telephone Field,recover-20220922,001,1795
1062.8385,1062.8495,23750,31258,Nyctalus leisleri,0.01,0.03,-1,Echolocation,/mnt/ubna_data_02_mir/recover-20220922/UBNA_001/20220921_090000.WAV,Telephone Field,recover-20220922,001,1795
1062.8545,1062.8935,68437,82179,Rhinolophus ferrumequinum,0.022,0.022,-1,Echolocation,/mnt/ubna_data_02_mir/recover-20220922/UBNA_001/20220921_090000.WAV,Telephone Field,recover-20220922,001,1795
1062.8855,1062.8955,28906,36168,Eptesicus serotinus,0.015,0.03,-1,Echolocation,/mnt/ubna_data_02_mir/recover-20220922/UBNA_001/20220921_090000.WAV,Telephone Field,recover-20220922,001,1795
1062.9115,1062.9179,27187,41395,Eptesicus serotinus,0.007,0.026,-1,Echolocation,/mnt/ubna_data_02_mir/recover-20220922/UBNA_001/20220921_090000.WAV,Telephone Field,recover-20220922,001,1795
1062.9335,1062.9427,28046,37436,Eptesicus serotinus,0.009,0.022,-1,Echolocation,/mnt/ubna_data_02_mir/recover-20220922/UBNA_001/20220921_090000.WAV,Telephone Field,recover-20220922,001,1795
1062.9385,1062.9479,28046,37150,Eptesicus serotinus,0.009,0.022,-1,Echolocation,/mnt/ubna_data_02_mir/recover-20220922/UBNA_001/20220921_090000.WAV,Telephone Field,recover-20220922,001,1795
1062.9455,1062.9841,68437,82436,Rhinolophus ferrumequinum,0.024,0.024,-1,Echolocation,/mnt/ubna_data_02_mir/recover-20220922/UBNA_001/20220921_090000.WAV,Telephone Field,recover-20220922,001,1795
1062.9905,1063.0319,68437,82529,Rhinolophus ferrumequinum,0.024,0.024,-1,Echolocation,/mnt/ubna_data_02_mir/recover-20220922/UBNA_001/20220921_090000.WAV,Telephone Field,recover-20220922,001,1795
1063.0105,1063.0517,68437,82469,Rhinolophus ferrumequinum,0.024,0.024,-1,Echolocation,/mnt/ubna_data_02_mir/recover-20220922/UBNA_001/20220921_090000.WAV,Telephone Field,recover-20220922,001,1795
1063.0385,1063.0466,28046,39855,Eptesicus serotinus,0.009,0.026,-1,Echolocation,/mnt/ubna_data_02_mir/recover-20220922/UBNA_001/20220921_090000.WAV,Telephone Field,recover-20220922,001,1795
1063.0675,1063.074,47812,53267,Pipistrellus pipistrellus,0.021,0.023,-1,Echolocation,/mnt/ubna_data_02_mir/recover-20220922/UBNA_001/20220921_090000.WAV,Telephone Field,recover-20220922,001,1795
1063.0755,1063.0871,23750,30316,Nyctalus leisleri,0.011,0.03,-1,Echolocation,/mnt/ubna_data_02_mir/recover-20220922/UBNA_001/20220921_090000.WAV,Telephone Field,recover-20220922,001,1795
1063.0825,1063.0931,23750,29424,Nyctalus leisleri,0.014,0.033,-1,Echolocation,/mnt/ubna_data_02_mir/recover-20220922/UBNA_001/20220921_090000.WAV,Telephone Field,recover-20220922,001,1795
1063.1255,1063.1658,68437,82643,Rhinolophus ferrumequinum,0.044,0.044,-1,Echolocation,/mnt/ubna_data_02_mir/recover-20220922/UBNA_001/20220921_090000.WAV,Telephone Field,recover-20220922,001,1795
1063.1585,1063.1943,68437,80988,Rhinolophus ferrumequinum,0.025,0.025,-1,Echolocation,/mnt/ubna_data_02_mir/recover-20220922/UBNA_001/20220921_090000.WAV,Telephone Field,recover-20220922,001,1795
1063.1655,1063.2031,68437,81973,Rhinolophus ferrumequinum,0.023,0.023,-1,Echolocation,/mnt/ubna_data_02_mir/recover-20220922/UBNA_001/20220921_090000.WAV,Telephone Field,recover-20220922,001,1795
1063.1965,1063.2378,68437,82879,Rhinolophus ferrumequinum,0.027,0.027,-1,Echolocation,/mnt/ubna_data_02_mir/recover-20220922/UBNA_001/20220921_090000.WAV,Telephone Field,recover-20220922,001,1795
1063.2505,1063.2914,68437,82665,Rhinolophus ferrumequinum,0.024,0.024,-1,Echolocation,/mnt/ubna_data_02_mir/recover-20220922/UBNA_001/20220921_090000.WAV,Telephone Field,recover-20220922,001,1795
1063.2945,1063.3368,68437,82612,Rhinolophus ferrumequinum,0.033,0.033,-1,Echolocation,/mnt/ubna_data_02_mir/recover-20220922/UBNA_001/20220921_090000.WAV,Telephone Field,recover-20220922,001,1795
1063.3015,1063.3092,26328,38062,Eptesicus serotinus,0.009,0.026,-1,Echolocation,/mnt/ubna_data_02_mir/recover-20220922/UBNA_001/20220921_090000.WAV,Telephone Field,recover-20220922,001,1795
1063.3075,1063.3485,68437,82554,Rhinolophus ferrumequinum,0.023,0.023,-1,Echolocation,/mnt/ubna_data_02_mir/recover-20220922/UBNA_001/20220921_090000.WAV,Telephone Field,recover-20220922,001,1795
1063.3405,1063.3823,68437,83099,Rhinolophus ferrumequinum,0.029,0.029,-1,Echolocation,/mnt/ubna_data_02_mir/recover-20220922/UBNA_001/20220921_090000.WAV,Telephone Field,recover-20220922,001,1795
1063.3865,1063.4238,68437,81571,Rhinolophus ferrumequinum,0.023,0.023,-1,Echolocation,/mnt/ubna_data_02_mir/recover-20220922/UBNA_001/20220921_090000.WAV,Telephone Field,recover-20220922,001,1795
1063.4245,1063.4324,28906,39234,Eptesicus serotinus,0.009,0.028,-1,Echolocation,/mnt/ubna_data_02_mir/recover-20220922/UBNA_001/20220921_090000.WAV,Telephone Field,recover-20220922,001,1795
1063.4355,1063.4752,68437,81499,Rhinolophus ferrumequinum,0.026,0.026,-1,Echolocation,/mnt/ubna_data_02_mir/recover-20220922/UBNA_001/20220921_090000.WAV,Telephone Field,recover-20220922,001,1795
1063.4445,1063.4565,50390,54286,Pipistrellus pipistrellus,0.017,0.028,-1,Echolocation,/mnt/ubna_data_02_mir/recover-20220922/UBNA_001/20220921_090000.WAV,Telephone Field,recover-20220922,001,1795
1063.5175,1063.5578,68437,82839,Rhinolophus ferrumequinum,0.031,0.031,-1,Echolocation,/mnt/ubna_data_02_mir/recover-20220922/UBNA_001/20220921_090000.WAV,Telephone Field,recover-20220922,001,1795
1063.5225,1063.5328,39218,43698,Pipistrellus nathusii,0.034,0.061,-1,Echolocation,/mnt/ubna_data_02_mir/recover-20220922/UBNA_001/20220921_090000.WAV,Telephone Field,recover-20220922,001,1795
1063.5445,1063.5864,68437,82946,Rhinolophus ferrumequinum,0.023,0.023,-1,Echolocation,/mnt/ubna_data_02_mir/recover-20220922/UBNA_001/20220921_090000.WAV,Telephone Field,recover-20220922,001,1795
1063.5625,1063.5749,44375,46952,Pipistrellus pipistrellus,0.037,0.043,-1,Echolocation,/mnt/ubna_data_02_mir/recover-20220922/UBNA_001/20220921_090000.WAV,Telephone Field,recover-20220922,001,1795
1063.5685,1063.6085,68437,82441,Rhinolophus ferrumequinum,0.023,0.023,-1,Echolocation,/mnt/ubna_data_02_mir/recover-20220922/UBNA_001/20220921_090000.WAV,Telephone Field,recover-20220922,001,1795
1063.5935,1063.6044,28906,36318,Eptesicus serotinus,0.012,0.025,-1,Echolocation,/mnt/ubna_data_02_mir/recover-20220922/UBNA_001/20220921_090000.WAV,Telephone Field,recover-20220922,001,1795
1063.6125,1063.6239,23750,29390,Nyctalus leisleri,0.012,0.025,-1,Echolocation,/mnt/ubna_data_02_mir/recover-20220922/UBNA_001/20220921_090000.WAV,Telephone Field,recover-20220922,001,1795
1063.6215,1063.6624,68437,82684,Rhinolophus ferrumequinum,0.026,0.026,-1,Echolocation,/mnt/ubna_data_02_mir/recover-20220922/UBNA_001/20220921_090000.WAV,Telephone Field,recover-20220922,001,1795
1063.6415,1063.6509,28046,37255,Eptesicus serotinus,0.01,0.022,-1,Echolocation,/mnt/ubna_data_02_mir/recover-20220922/UBNA_001/20220921_090000.WAV,Telephone Field,recover-20220922,001,1795
1063.6505,1063.6898,68437,82376,Rhinolophus ferrumequinum,0.027,0.027,-1,Echolocation,/mnt/ubna_data_02_mir/recover-20220922/UBNA_001/20220921_090000.WAV,Telephone Field,recover-20220922,001,1795
1063.6625,1063.6697,22890,31880,Plecotus austriacus,0.014,0.029,-1,Echolocation,/mnt/ubna_data_02_mir/recover-20220922/UBNA_001/20220921_090000.WAV,Telephone Field,recover-20220922,001,1795
1063.6635,1063.6699,28046,38337,Eptesicus serotinus,0.008,0.028,-1,Echolocation,/mnt/ubna_data_02_mir/recover-20220922/UBNA_001/20220921_090000.WAV,Telephone Field,recover-20220922,001,1795
1063.7105,1063.7526,68437,82836,Rhinolophus ferrumequinum,0.043,0.043,-1,Echolocation,/mnt/ubna_data_02_mir/recover-20220922/UBNA_001/20220921_090000.WAV,Telephone Field,recover-20220922,001,1795
1063.7245,1063.7628,68437,81768,Rhinolophus ferrumequinum,0.023,0.023,-1,Echolocation,/mnt/ubna_data_02_mir/recover-20220922/UBNA_001/20220921_090000.WAV,Telephone Field,recover-20220922,001,1795
1063.7915,1063.8275,68437,81618,Rhinolophus ferrumequinum,0.023,0.023,-1,Echolocation,/mnt/ubna_data_02_mir/recover-20220922/UBNA_001/20220921_090000.WAV,Telephone Field,recover-20220922,001,1795
1063.7945,1063.8058,22031,26278,Nyctalus leisleri,0.012,0.023,-1,Echolocation,/mnt/ubna_data_02_mir/recover-20220922/UBNA_001/20220921_090000.WAV,Telephone Field,recover-20220922,001,1795
1063.8085,1063.8178,28046,37752,Eptesicus serotinus,0.009,0.024,-1,Echolocation,/mnt/ubna_data_02_mir/recover-20220922/UBNA_001/20220921_090000.WAV,Telephone Field,recover-20220922,001,1795
1063.8115,1063.852,68437,82533,Rhinolophus ferrumequinum,0.031,0.031,-1,Echolocation,/mnt/ubna_data_02_mir/recover-20220922/UBNA_001/20220921_090000.WAV,Telephone Field,recover-20220922,001,1795
1063.8355,1063.8558,18593,21757,Nyctalus noctula,0.016,0.027,-1,Echolocation,/mnt/ubna_data_02_mir/recover-20220922/UBNA_001/20220921_090000.WAV,Telephone Field,recover-20220922,001,1795
1063.8445,1063.8567,44375,47010,Pipistrellus pipistrellus,0.044,0.047,-1,Echolocation,/mnt/ubna_data_02_mir/recover-20220922/UBNA_001/20220921_090000.WAV,Telephone Field,recover-20220922,001,1795
1063.8475,1063.8886,68437,82912,Rhinolophus ferrumequinum,0.039,0.039,-1,Echolocation,/mnt/ubna_data_02_mir/recover-20220922/UBNA_001/20220921_090000.WAV,Telephone Field,recover-20220922,001,1795
1063.8505,1063.8611,23750,28996,Nyctalus leisleri,0.009,0.022,-1,Echolocation,/mnt/ubna_data_02_mir/recover-20220922/UBNA_001/20220921_090000.WAV,Telephone Field,recover-20220922,001,1795
1063.9055,1063.9133,27187,38453,Eptesicus serotinus,0.008,0.023,-1,Echolocation,/mnt/ubna_data_02_mir/recover-20220922/UBNA_001/20220921_090000.WAV,Telephone Field,recover-20220922,001,1795
1063.9095,1063.9484,68437,81877,Rhinolophus ferrumequinum,0.022,0.022,-1,Echolocation,/mnt/ubna_data_02_mir/recover-20220922/UBNA_001/20220921_090000.WAV,Telephone Field,recover-20220922,001,1795
1063.9115,1063.9234,40078,43662,Pipistrellus nathusii,0.027,0.037,-1,Echolocation,/mnt/ubna_data_02_mir/recover-20220922/UBNA_001/20220921_090000.WAV,Telephone Field,recover-20220922,001,1795
1063.9185,1063.9575,68437,82320,Rhinolophus ferrumequinum,0.023,0.023,-1,Echolocation,/mnt/ubna_data_02_mir/recover-20220922/UBNA_001/20220921_090000.WAV,Telephone Field,recover-20220922,001,1795
1063.9265,1063.9381,24609,30433,Nyctalus leisleri,0.01,0.025,-1,Echolocation,/mnt/ubna_data_02_mir/recover-20220922/UBNA_001/20220921_090000.WAV,Telephone Field,recover-20220922,001,1795
1063.9555,1063.963,28046,37757,Eptesicus serotinus,0.007,0.022,-1,Echolocation,/mnt/ubna_data_02_mir/recover-20220922/UBNA_001/20220921_090000.WAV,Telephone Field,recover-20220922,001,1795
1063.9825,1063.9914,28046,37223,Eptesicus serotinus,0.01,0.025,-1,Echolocation,/mnt/ubna_data_02_mir/recover-20220922/UBNA_001/20220921_090000.WAV,Telephone Field,recover-20220922,001,1795
1064.0015,1064.0093,46093,51012,Pipistrellus pipistrellus,0.018,0.025,-1,Echolocation,/mnt/ubna_data_02_mir/recover-20220922/UBNA_001/20220921_090000.WAV,Telephone Field,recover-20220922,001,1795
1064.0015,1064.0376,68437,80603,Rhinolophus ferrumequinum,0.094,0.094,-1,Echolocation,/mnt/ubna_data_02_mir/recover-20220922/UBNA_001/20220921_090000.WAV,Telephone Field,recover-20220922,001,1795
1064.0015,1064.0126,22890,29414,Nyctalus leisleri,0.013,0.032,-1,Echolocation,/mnt/ubna_data_02_mir/recover-20220922/UBNA_001/20220921_090000.WAV,Telephone Field,recover-20220922,001,1795
1064.0275,1064.036,28906,37678,Eptesicus serotinus,0.007,0.021,-1,Echolocation,/mnt/ubna_data_02_mir/recover-20220922/UBNA_001/20220921_090000.WAV,Telephone Field,recover-20220922,001,1795
1064.0515,1064.073,19453,22459,Nyctalus leisleri,0.016,0.031,-1,Echolocation,/mnt/ubna_data_02_mir/recover-20220922/UBNA_001/20220921_090000.WAV,Telephone Field,recover-20220922,001,1795
1064.0755,1064.0835,46953,50805,Pipistrellus pipistrellus,0.022,0.023,-1,Echolocation,/mnt/ubna_data_02_mir/recover-20220922/UBNA_001/20220921_090000.WAV,Telephone Field,recover-20220922,001,1795
1064.0845,1064.123,68437,82356,Rhinolophus ferrumequinum,0.026,0.026,-1,Echolocation,/mnt/ubna_data_02_mir/recover-20220922/UBNA_001/20220921_090000.WAV,Telephone Field,recover-20220922,001,1795
1064.0955,1064.1047,27187,36927,Eptesicus serotinus,0.011,0.025,-1,Echolocation,/mnt/ubna_data_02_mir/recover-20220922/UBNA_001/20220921_090000.WAV,Telephone Field,recover-20220922,001,1795
1064.1105,1064.1479,68437,81991,Rhinolophus ferrumequinum,0.022,0.022,-1,Echolocation,/mnt/ubna_data_02_mir/recover-20220922/UBNA_001/20220921_090000.WAV,Telephone Field,recover-20220922,001,1795
1064.1525,1064.1662,22031,25569,Nyctalus leisleri,0.014,0.023,-1,Echolocation,/mnt/ubna_data_02_mir/recover-20220922/UBNA_001/20220921_090000.WAV,Telephone Field,recover-20220922,001,1795
1064.1585,1064.1976,68437,82020,Rhinolophus ferrumequinum,0.021,0.021,-1,Echolocation,/mnt/ubna_data_02_mir/recover-20220922/UBNA_001/20220921_090000.WAV,Telephone Field,recover-20220922,001,1795
1064.1605,1064.1707,23750,30341,Nyctalus leisleri,0.009,0.022,-1,Echolocation,/mnt/ubna_data_02_mir/recover-20220922/UBNA_001/20220921_090000.WAV,Telephone Field,recover-20220922,001,1795
1064.1665,1064.1755,22890,29344,Nyctalus leisleri,0.008,0.022,-1,Echolocation,/mnt/ubna_data_02_mir/recover-20220922/UBNA_001/20220921_090000.WAV,Telephone Field,recover-20220922,001,1795
1064.2335,1064.2742,68437,82625,Rhinolophus ferrumequinum,0.022,0.022,-1,Echolocation,/mnt/ubna_data_02_mir/recover-20220922/UBNA_001/20220921_090000.WAV,Telephone Field,recover-20220922,001,1795
1064.2745,1064.3138,68437,82220,Rhinolophus ferrumequinum,0.025,0.025,-1,Echolocation,/mnt/ubna_data_02_mir/recover-20220922/UBNA_001/20220921_090000.WAV,Telephone Field,recover-20220922,001,1795
1064.3335,1064.3762,68437,83343,Rhinolophus ferrumequinum,0.028,0.028,-1,Echolocation,/mnt/ubna_data_02_mir/recover-20220922/UBNA_001/20220921_090000.WAV,Telephone Field,recover-20220922,001,1795
1064.3435,1064.352,25468,34229,Eptesicus serotinus,0.008,0.022,-1,Echolocation,/mnt/ubna_data_02_mir/recover-20220922/UBNA_001/20220921_090000.WAV,Telephone Field,recover-20220922,001,1795
1064.3855,1064.4226,68437,81168,Rhinolophus ferrumequinum,0.022,0.022,-1,Echolocation,/mnt/ubna_data_02_mir/recover-20220922/UBNA_001/20220921_090000.WAV,Telephone Field,recover-20220922,001,1795
1064.4175,1064.4266,23750,31204,Plecotus austriacus,0.01,0.035,-1,Echolocation,/mnt/ubna_data_02_mir/recover-20220922/UBNA_001/20220921_090000.WAV,Telephone Field,recover-20220922,001,1795
1064.4255,1064.4651,68437,82230,Rhinolophus ferrumequinum,0.022,0.022,-1,Echolocation,/mnt/ubna_data_02_mir/recover-20220922/UBNA_001/20220921_090000.WAV,Telephone Field,recover-20220922,001,1795
1064.4995,1064.5394000000001,68437,82392,Rhinolophus ferrumequinum,0.03,0.03,-1,Echolocation,/mnt/ubna_data_02_mir/recover-20220922/UBNA_001/20220921_090000.WAV,Telephone Field,recover-20220922,001,1795
1064.5125,1064.5516,68437,82009,Rhinolophus ferrumequinum,0.022,0.022,-1,Echolocation,/mnt/ubna_data_02_mir/recover-20220922/UBNA_001/20220921_090000.WAV,Telephone Field,recover-20220922,001,1795
1064.5215,1064.561,68437,82445,Rhinolophus ferrumequinum,0.022,0.022,-1,Echolocation,/mnt/ubna_data_02_mir/recover-20220922/UBNA_001/20220921_090000.WAV,Telephone Field,recover-20220922,001,1795
1064.5475,1064.554,28906,42627,Myotis daubentonii,0.012,0.043,-1,Echolocation,/mnt/ubna_data_02_mir/recover-20220922/UBNA_001/20220921_090000.WAV,Telephone Field,recover-20220922,001,1795
1064.5565,1064.5932,68437,82015,Rhinolophus ferrumequinum,0.022,0.022,-1,Echolocation,/mnt/ubna_data_02_mir/recover-20220922/UBNA_001/20220921_090000.WAV,Telephone Field,recover-20220922,001,1795
1064.5825,1064.6243,68437,82931,Rhinolophus ferrumequinum,0.049,0.049,-1,Echolocation,/mnt/ubna_data_02_mir/recover-20220922/UBNA_001/20220921_090000.WAV,Telephone Field,recover-20220922,001,1795
1064.6045,1064.6429,68437,82029,Rhinolophus ferrumequinum,0.023,0.023,-1,Echolocation,/mnt/ubna_data_02_mir/recover-20220922/UBNA_001/20220921_090000.WAV,Telephone Field,recover-20220922,001,1795
1064.6175,1064.6264,26328,34422,Eptesicus serotinus,0.011,0.028,-1,Echolocation,/mnt/ubna_data_02_mir/recover-20220922/UBNA_001/20220921_090000.WAV,Telephone Field,recover-20220922,001,1795
1064.6285,1064.6407,26328,30532,Nyctalus leisleri,0.023,0.042,-1,Echolocation,/mnt/ubna_data_02_mir/recover-20220922/UBNA_001/20220921_090000.WAV,Telephone Field,recover-20220922,001,1795
1064.6295,1064.6704,68437,82821,Rhinolophus ferrumequinum,0.028,0.028,-1,Echolocation,/mnt/ubna_data_02_mir/recover-20220922/UBNA_001/20220921_090000.WAV,Telephone Field,recover-20220922,001,1795
1064.6535,1064.6928,68437,82346,Rhinolophus ferrumequinum,0.029,0.029,-1,Echolocation,/mnt/ubna_data_02_mir/recover-20220922/UBNA_001/20220921_090000.WAV,Telephone Field,recover-20220922,001,1795
1064.6775,1064.715,68437,81991,Rhinolophus ferrumequinum,0.021,0.021,-1,Echolocation,/mnt/ubna_data_02_mir/recover-20220922/UBNA_001/20220921_090000.WAV,Telephone Field,recover-20220922,001,1795
1064.7495,1064.7891,68437,82402,Rhinolophus ferrumequinum,0.021,0.021,-1,Echolocation,/mnt/ubna_data_02_mir/recover-20220922/UBNA_001/20220921_090000.WAV,Telephone Field,recover-20220922,001,1795
1064.7625,1064.8015,68437,82146,Rhinolophus ferrumequinum,0.021,0.021,-1,Echolocation,/mnt/ubna_data_02_mir/recover-20220922/UBNA_001/20220921_090000.WAV,Telephone Field,recover-20220922,001,1795
1064.7685,1064.7774,27187,38660,Eptesicus serotinus,0.008,0.021,-1,Echolocation,/mnt/ubna_data_02_mir/recover-20220922/UBNA_001/20220921_090000.WAV,Telephone Field,recover-20220922,001,1795
1064.7755,1064.7863,28906,35501,Eptesicus serotinus,0.01,0.023,-1,Echolocation,/mnt/ubna_data_02_mir/recover-20220922/UBNA_001/20220921_090000.WAV,Telephone Field,recover-20220922,001,1795
1064.7905,1064.8285,68437,82117,Rhinolophus ferrumequinum,0.022,0.022,-1,Echolocation,/mnt/ubna_data_02_mir/recover-20220922/UBNA_001/20220921_090000.WAV,Telephone Field,recover-20220922,001,1795
1064.7975,1064.8345,68437,81633,Rhinolophus ferrumequinum,0.021,0.022,-1,Echolocation,/mnt/ubna_data_02_mir/recover-20220922/UBNA_001/20220921_090000.WAV,Telephone Field,recover-20220922,001,1795
1064.8145,1064.8226,28046,40464,Eptesicus serotinus,0.008,0.023,-1,Echolocation,/mnt/ubna_data_02_mir/recover-20220922/UBNA_001/20220921_090000.WAV,Telephone Field,recover-20220922,001,1795
1064.8525,1064.8942,68437,83258,Rhinolophus ferrumequinum,0.039,0.039,-1,Echolocation,/mnt/ubna_data_02_mir/recover-20220922/UBNA_001/20220921_090000.WAV,Telephone Field,recover-20220922,001,1795
1064.8855,1064.9246,68437,82773,Rhinolophus ferrumequinum,0.03,0.03,-1,Echolocation,/mnt/ubna_data_02_mir/recover-20220922/UBNA_001/20220921_090000.WAV,Telephone Field,recover-20220922,001,1795
1064.9045,1064.9158,23750,29533,Nyctalus leisleri,0.013,0.027,-1,Echolocation,/mnt/ubna_data_02_mir/recover-20220922/UBNA_001/20220921_090000.WAV,Telephone Field,recover-20220922,001,1795
1064.9575,1064.9964,68437,82307,Rhinolophus ferrumequinum,0.025,0.025,-1,Echolocation,/mnt/ubna_data_02_mir/recover-20220922/UBNA_001/20220921_090000.WAV,Telephone Field,recover-20220922,001,1795
1064.9595,1064.97,28906,37935,Eptesicus serotinus,0.01,0.022,-1,Echolocation,/mnt/ubna_data_02_mir/recover-20220922/UBNA_001/20220921_090000.WAV,Telephone Field,recover-20220922,001,1795
1064.9675,1065.0082,68437,82008,Rhinolophus ferrumequinum,0.028,0.028,-1,Echolocation,/mnt/ubna_data_02_mir/recover-20220922/UBNA_001/20220921_090000.WAV,Telephone Field,recover-20220922,001,1795
1064.9785,1065.0214,68437,82697,Rhinolophus ferrumequinum,0.038,0.038,-1,Echolocation,/mnt/ubna_data_02_mir/recover-20220922/UBNA_001/20220921_090000.WAV,Telephone Field,recover-20220922,001,1795
1064.9975,1065.0066,26328,34917,Eptesicus serotinus,0.01,0.022,-1,Echolocation,/mnt/ubna_data_02_mir/recover-20220922/UBNA_001/20220921_090000.WAV,Telephone Field,recover-20220922,001,1795
1065.0175,1065.0276,27187,35096,Eptesicus serotinus,0.013,0.028,-1,Echolocation,/mnt/ubna_data_02_mir/recover-20220922/UBNA_001/20220921_090000.WAV,Telephone Field,recover-20220922,001,1795
1065.0585,1065.095,68437,81694,Rhinolophus ferrumequinum,0.022,0.022,-1,Echolocation,/mnt/ubna_data_02_mir/recover-20220922/UBNA_001/20220921_090000.WAV,Telephone Field,recover-20220922,001,1795
1065.0725,1065.084,22890,27264,Nyctalus leisleri,0.013,0.024,-1,Echolocation,/mnt/ubna_data_02_mir/recover-20220922/UBNA_001/20220921_090000.WAV,Telephone Field,recover-20220922,001,1795
1065.0865,1065.0944,26328,34835,Eptesicus serotinus,0.008,0.023,-1,Echolocation,/mnt/ubna_data_02_mir/recover-20220922/UBNA_001/20220921_090000.WAV,Telephone Field,recover-20220922,001,1795
1065.0965,1065.133,68437,81210,Rhinolophus ferrumequinum,0.021,0.021,-1,Echolocation,/mnt/ubna_data_02_mir/recover-20220922/UBNA_001/20220921_090000.WAV,Telephone Field,recover-20220922,001,1795
1065.1185,1065.1295,24609,30865,Eptesicus serotinus,0.008,0.023,-1,Echolocation,/mnt/ubna_data_02_mir/recover-20220922/UBNA_001/20220921_090000.WAV,Telephone Field,recover-20220922,001,1795
1065.1275,1065.1357,15156,25474,Plecotus auritus,0.011,0.022,-1,Echolocation,/mnt/ubna_data_02_mir/recover-20220922/UBNA_001/20220921_090000.WAV,Telephone Field,recover-20220922,001,1795
1065.1295,1065.1695,68437,82568,Rhinolophus ferrumequinum,0.029,0.029,-1,Echolocation,/mnt/ubna_data_02_mir/recover-20220922/UBNA_001/20220921_090000.WAV,Telephone Field,recover-20220922,001,1795
1065.1895,1065.199,28906,39927,Eptesicus serotinus,0.008,0.022,-1,Echolocation,/mnt/ubna_data_02_mir/recover-20220922/UBNA_001/20220921_090000.WAV,Telephone Field,recover-20220922,001,1795
1065.2165,1065.2333,21171,24835,Nyctalus leisleri,0.016,0.026,-1,Echolocation,/mnt/ubna_data_02_mir/recover-20220922/UBNA_001/20220921_090000.WAV,Telephone Field,recover-20220922,001,1795
1065.2175,1065.2565,68437,81889,Rhinolophus ferrumequinum,0.022,0.022,-1,Echolocation,/mnt/ubna_data_02_mir/recover-20220922/UBNA_001/20220921_090000.WAV,Telephone Field,recover-20220922,001,1795
1065.2185,1065.2247,28046,42181,Eptesicus serotinus,0.005,0.025,-1,Echolocation,/mnt/ubna_data_02_mir/recover-20220922/UBNA_001/20220921_090000.WAV,Telephone Field,recover-20220922,001,1795
1065.2655,1065.277,26328,31003,Nyctalus leisleri,0.011,0.025,-1,Echolocation,/mnt/ubna_data_02_mir/recover-20220922/UBNA_001/20220921_090000.WAV,Telephone Field,recover-20220922,001,1795
1065.2805,1065.3188,68437,82170,Rhinolophus ferrumequinum,0.036,0.036,-1,Echolocation,/mnt/ubna_data_02_mir/recover-20220922/UBNA_001/20220921_090000.WAV,Telephone Field,recover-20220922,001,1795
1065.2925,1065.3314,68437,82332,Rhinolophus ferrumequinum,0.025,0.025,-1,Echolocation,/mnt/ubna_data_02_mir/recover-20220922/UBNA_001/20220921_090000.WAV,Telephone Field,recover-20220922,001,1795
1065.2995,1065.307,23750,33404,Plecotus austriacus,0.021,0.047,-1,Echolocation,/mnt/ubna_data_02_mir/recover-20220922/UBNA_001/20220921_090000.WAV,Telephone Field,recover-20220922,001,1795
1065.3285,1065.338,54687,58174,Pipistrellus pygmaeus,0.027,0.028,-1,Echolocation,/mnt/ubna_data_02_mir/recover-20220922/UBNA_001/20220921_090000.WAV,Telephone Field,recover-20220922,001,1795
1065.3425,1065.3491,31484,49970,Myotis daubentonii,0.009,0.021,-1,Echolocation,/mnt/ubna_data_02_mir/recover-20220922/UBNA_001/20220921_090000.WAV,Telephone Field,recover-20220922,001,1795
1065.3465,1065.3528,24609,38558,Myotis nattereri,0.007,0.022,-1,Echolocation,/mnt/ubna_data_02_mir/recover-20220922/UBNA_001/20220921_090000.WAV,Telephone Field,recover-20220922,001,1795
1065.3555,1065.3916,68437,82167,Rhinolophus ferrumequinum,0.024,0.024,-1,Echolocation,/mnt/ubna_data_02_mir/recover-20220922/UBNA_001/20220921_090000.WAV,Telephone Field,recover-20220922,001,1795
1065.4055,1065.4432,68437,81748,Rhinolophus ferrumequinum,0.022,0.022,-1,Echolocation,/mnt/ubna_data_02_mir/recover-20220922/UBNA_001/20220921_090000.WAV,Telephone Field,recover-20220922,001,1795
1065.4145,1065.4228,28906,41252,Eptesicus serotinus,0.007,0.021,-1,Echolocation,/mnt/ubna_data_02_mir/recover-20220922/UBNA_001/20220921_090000.WAV,Telephone Field,recover-20220922,001,1795
1065.4365,1065.4743,68437,82001,Rhinolophus ferrumequinum,0.024,0.025,-1,Echolocation,/mnt/ubna_data_02_mir/recover-20220922/UBNA_001/20220921_090000.WAV,Telephone Field,recover-20220922,001,1795
1065.4395,1065.4471,27187,38753,Eptesicus serotinus,0.008,0.024,-1,Echolocation,/mnt/ubna_data_02_mir/recover-20220922/UBNA_001/20220921_090000.WAV,Telephone Field,recover-20220922,001,1795
1065.4535,1065.4902,68437,81200,Rhinolophus ferrumequinum,0.024,0.024,-1,Echolocation,/mnt/ubna_data_02_mir/recover-20220922/UBNA_001/20220921_090000.WAV,Telephone Field,recover-20220922,001,1795
1065.4685,1065.5083,68437,81889,Rhinolophus ferrumequinum,0.023,0.023,-1,Echolocation,/mnt/ubna_data_02_mir/recover-20220922/UBNA_001/20220921_090000.WAV,Telephone Field,recover-20220922,001,1795
1065.4725,1065.4825,27187,35134,Eptesicus serotinus,0.016,0.033,-1,Echolocation,/mnt/ubna_data_02_mir/recover-20220922/UBNA_001/20220921_090000.WAV,Telephone Field,recover-20220922,001,1795
1065.5015,1065.541,68437,82569,Rhinolophus ferrumequinum,0.028,0.028,-1,Echolocation,/mnt/ubna_data_02_mir/recover-20220922/UBNA_001/20220921_090000.WAV,Telephone Field,recover-20220922,001,1795
1065.5075,1065.5212,22890,27185,Nyctalus leisleri,0.019,0.033,-1,Echolocation,/mnt/ubna_data_02_mir/recover-20220922/UBNA_001/20220921_090000.WAV,Telephone Field,recover-20220922,001,1795
1065.5105,1065.5496,68437,82661,Rhinolophus ferrumequinum,0.022,0.022,-1,Echolocation,/mnt/ubna_data_02_mir/recover-20220922/UBNA_001/20220921_090000.WAV,Telephone Field,recover-20220922,001,1795
1065.5305,1065.5685,68437,81581,Rhinolophus ferrumequinum,0.022,0.022,-1,Echolocation,/mnt/ubna_data_02_mir/recover-20220922/UBNA_001/20220921_090000.WAV,Telephone Field,recover-20220922,001,1795
1065.5475,1065.5597,24609,30526,Nyctalus leisleri,0.02,0.043,-1,Echolocation,/mnt/ubna_data_02_mir/recover-20220922/UBNA_001/20220921_090000.WAV,Telephone Field,recover-20220922,001,1795
1065.5945,1065.6295,68437,81225,Rhinolophus ferrumequinum,0.021,0.022,-1,Echolocation,/mnt/ubna_data_02_mir/recover-20220922/UBNA_001/20220921_090000.WAV,Telephone Field,recover-20220922,001,1795
1065.6155,1065.6546,68437,82445,Rhinolophus ferrumequinum,0.023,0.023,-1,Echolocation,/mnt/ubna_data_02_mir/recover-20220922/UBNA_001/20220921_090000.WAV,Telephone Field,recover-20220922,001,1795
1065.6235,1065.6388,16015,21184,Nyctalus noctula,0.017,0.024,-1,Echolocation,/mnt/ubna_data_02_mir/recover-20220922/UBNA_001/20220921_090000.WAV,Telephone Field,recover-20220922,001,1795
1065.6495,1065.6863,68437,81848,Rhinolophus ferrumequinum,0.022,0.022,-1,Echolocation,/mnt/ubna_data_02_mir/recover-20220922/UBNA_001/20220921_090000.WAV,Telephone Field,recover-20220922,001,1795
1065.6515,1065.6715,18593,22724,Nyctalus noctula,0.03,0.048,-1,Echolocation,/mnt/ubna_data_02_mir/recover-20220922/UBNA_001/20220921_090000.WAV,Telephone Field,recover-20220922,001,1795
1065.6665,1065.6761,27187,36099,Eptesicus serotinus,0.009,0.022,-1,Echolocation,/mnt/ubna_data_02_mir/recover-20220922/UBNA_001/20220921_090000.WAV,Telephone Field,recover-20220922,001,1795
1065.6915,1065.7299,68437,82230,Rhinolophus ferrumequinum,0.022,0.022,-1,Echolocation,/mnt/ubna_data_02_mir/recover-20220922/UBNA_001/20220921_090000.WAV,Telephone Field,recover-20220922,001,1795
1065.6995,1065.7363,68437,81222,Rhinolophus ferrumequinum,0.021,0.021,-1,Echolocation,/mnt/ubna_data_02_mir/recover-20220922/UBNA_001/20220921_090000.WAV,Telephone Field,recover-20220922,001,1795
1065.7275,1065.7669,68437,81870,Rhinolophus ferrumequinum,0.022,0.022,-1,Echolocation,/mnt/ubna_data_02_mir/recover-20220922/UBNA_001/20220921_090000.WAV,Telephone Field,recover-20220922,001,1795
1065.7345,1065.7751,68437,82767,Rhinolophus ferrumequinum,0.027,0.027,-1,Echolocation,/mnt/ubna_data_02_mir/recover-20220922/UBNA_001/20220921_090000.WAV,Telephone Field,recover-20220922,001,1795
1065.7795,1065.8138,68437,81066,Rhinolophus ferrumequinum,0.028,0.028,-1,Echolocation,/mnt/ubna_data_02_mir/recover-20220922/UBNA_001/20220921_090000.WAV,Telephone Field,recover-20220922,001,1795
1065.7985,1065.8354,68437,80959,Rhinolophus ferrumequinum,0.022,0.022,-1,Echolocation,/mnt/ubna_data_02_mir/recover-20220922/UBNA_001/20220921_090000.WAV,Telephone Field,recover-20220922,001,1795
1065.8045,1065.8132,28046,38808,Eptesicus serotinus,0.008,0.021,-1,Echolocation,/mnt/ubna_data_02_mir/recover-20220922/UBNA_001/20220921_090000.WAV,Telephone Field,recover-20220922,001,1795
1065.8525,1065.8883,68437,81187,Rhinolophus ferrumequinum,0.021,0.021,-1,Echolocation,/mnt/ubna_data_02_mir/recover-20220922/UBNA_001/20220921_090000.WAV,Telephone Field,recover-20220922,001,1795
1065.8565,1065.864,28046,37083,Eptesicus serotinus,0.033,0.068,-1,Echolocation,/mnt/ubna_data_02_mir/recover-20220922/UBNA_001/20220921_090000.WAV,Telephone Field,recover-20220922,001,1795
1065.8815,1065.8923,23750,29643,Nyctalus leisleri,0.009,0.021,-1,Echolocation,/mnt/ubna_data_02_mir/recover-20220922/UBNA_001/20220921_090000.WAV,Telephone Field,recover-20220922,001,1795
1065.8985,1065.9393,68437,82128,Rhinolophus ferrumequinum,0.026,0.026,-1,Echolocation,/mnt/ubna_data_02_mir/recover-20220922/UBNA_001/20220921_090000.WAV,Telephone Field,recover-20220922,001,1795
1065.8995,1065.908,27187,38048,Eptesicus serotinus,0.007,0.022,-1,Echolocation,/mnt/ubna_data_02_mir/recover-20220922/UBNA_001/20220921_090000.WAV,Telephone Field,recover-20220922,001,1795
1065.9135,1065.9311,21171,24240,Nyctalus leisleri,0.013,0.021,-1,Echolocation,/mnt/ubna_data_02_mir/recover-20220922/UBNA_001/20220921_090000.WAV,Telephone Field,recover-20220922,001,1795
1065.9355,1065.9707,68437,80912,Rhinolophus ferrumequinum,0.025,0.025,-1,Echolocation,/mnt/ubna_data_02_mir/recover-20220922/UBNA_001/20220921_090000.WAV,Telephone Field,recover-20220922,001,1795
1065.9525,1065.9894,68437,81732,Rhinolophus ferrumequinum,0.021,0.021,-1,Echolocation,/mnt/ubna_data_02_mir/recover-20220922/UBNA_001/20220921_090000.WAV,Telephone Field,recover-20220922,001,1795
1065.9805,1065.9889,28046,38572,Eptesicus serotinus,0.008,0.024,-1,Echolocation,/mnt/ubna_data_02_mir/recover-20220922/UBNA_001/20220921_090000.WAV,Telephone Field,recover-20220922,001,1795
1066.0015,1066.0316,69296,81471,Rhinolophus ferrumequinum,0.044,0.044,-1,Echolocation,/mnt/ubna_data_02_mir/recover-20220922/UBNA_001/20220921_090000.WAV,Telephone Field,recover-20220922,001,1795
1066.0015,1066.0081,47812,54086,Pipistrellus pipistrellus,0.02,0.025,-1,Echolocation,/mnt/ubna_data_02_mir/recover-20220922/UBNA_001/20220921_090000.WAV,Telephone Field,recover-20220922,001,1795
1066.0015,1066.0105,25468,32663,Nyctalus leisleri,0.013,0.036,-1,Echolocation,/mnt/ubna_data_02_mir/recover-20220922/UBNA_001/20220921_090000.WAV,Telephone Field,recover-20220922,001,1795
1066.0065,1066.0421,68437,79933,Rhinolophus ferrumequinum,0.021,0.022,-1,Echolocation,/mnt/ubna_data_02_mir/recover-20220922/UBNA_001/20220921_090000.WAV,Telephone Field,recover-20220922,001,1795
1066.0135,1066.0262,22890,27360,Nyctalus leisleri,0.016,0.029,-1,Echolocation,/mnt/ubna_data_02_mir/recover-20220922/UBNA_001/20220921_090000.WAV,Telephone Field,recover-20220922,001,1795
1066.0285,1066.0683,68437,82351,Rhinolophus ferrumequinum,0.036,0.036,-1,Echolocation,/mnt/ubna_data_02_mir/recover-20220922/UBNA_001/20220921_090000.WAV,Telephone Field,recover-20220922,001,1795
1066.0525,1066.0603,46953,51318,Pipistrellus pipistrellus,0.024,0.026,-1,Echolocation,/mnt/ubna_data_02_mir/recover-20220922/UBNA_001/20220921_090000.WAV,Telephone Field,recover-20220922,001,1795
1066.0935,1066.1333,68437,82232,Rhinolophus ferrumequinum,0.028,0.028,-1,Echolocation,/mnt/ubna_data_02_mir/recover-20220922/UBNA_001/20220921_090000.WAV,Telephone Field,recover-20220922,001,1795
1066.1175,1066.1283,22031,26409,Nyctalus leisleri,0.011,0.021,-1,Echolocation,/mnt/ubna_data_02_mir/recover-20220922/UBNA_001/20220921_090000.WAV,Telephone Field,recover-20220922,001,1795
1066.1175,1066.1561,68437,82271,Rhinolophus ferrumequinum,0.022,0.022,-1,Echolocation,/mnt/ubna_data_02_mir/recover-20220922/UBNA_001/20220921_090000.WAV,Telephone Field,recover-20220922,001,1795
1066.1455,1066.1558,36640,41572,Pipistrellus nathusii,0.008,0.022,-1,Echolocation,/mnt/ubna_data_02_mir/recover-20220922/UBNA_001/20220921_090000.WAV,Telephone Field,recover-20220922,001,1795
1066.1485,1066.1571,28046,37246,Eptesicus serotinus,0.008,0.021,-1,Echolocation,/mnt/ubna_data_02_mir/recover-20220922/UBNA_001/20220921_090000.WAV,Telephone Field,recover-20220922,001,1795
1066.1525,1066.1623,22031,27670,Nyctalus leisleri,0.009,0.022,-1,Echolocation,/mnt/ubna_data_02_mir/recover-20220922/UBNA_001/20220921_090000.WAV,Telephone Field,recover-20220922,001,1795
1066.1635,1066.2006,68437,81657,Rhinolophus ferrumequinum,0.021,0.022,-1,Echolocation,/mnt/ubna_data_02_mir/recover-20220922/UBNA_001/20220921_090000.WAV,Telephone Field,recover-20220922,001,1795
1066.1755,1066.2129,68437,81774,Rhinolophus ferrumequinum,0.022,0.022,-1,Echolocation,/mnt/ubna_data_02_mir/recover-20220922/UBNA_001/20220921_090000.WAV,Telephone Field,recover-20220922,001,1795
1066.1835,1066.1977,22031,25620,Nyctalus leisleri,0.015,0.025,-1,Echolocation,/mnt/ubna_data_02_mir/recover-20220922/UBNA_001/20220921_090000.WAV,Telephone Field,recover-20220922,001,1795
1066.1875,1066.2265,68437,82781,Rhinolophus ferrumequinum,0.026,0.026,-1,Echolocation,/mnt/ubna_data_02_mir/recover-20220922/UBNA_001/20220921_090000.WAV,Telephone Field,recover-20220922,001,1795
1066.1905,1066.1983,28906,41101,Eptesicus serotinus,0.008,0.024,-1,Echolocation,/mnt/ubna_data_02_mir/recover-20220922/UBNA_001/20220921_090000.WAV,Telephone Field,recover-20220922,001,1795
1066.2085,1066.2496,68437,82345,Rhinolophus ferrumequinum,0.026,0.026,-1,Echolocation,/mnt/ubna_data_02_mir/recover-20220922/UBNA_001/20220921_090000.WAV,Telephone Field,recover-20220922,001,1795
1066.2175,1066.2593,68437,83232,Rhinolophus ferrumequinum,0.039,0.039,-1,Echolocation,/mnt/ubna_data_02_mir/recover-20220922/UBNA_001/20220921_090000.WAV,Telephone Field,recover-20220922,001,1795
1066.2185,1066.2274,27187,36962,Eptesicus serotinus,0.008,0.022,-1,Echolocation,/mnt/ubna_data_02_mir/recover-20220922/UBNA_001/20220921_090000.WAV,Telephone Field,recover-20220922,001,1795
1066.2345,1066.2443,28046,36347,Eptesicus serotinus,0.011,0.024,-1,Echolocation,/mnt/ubna_data_02_mir/recover-20220922/UBNA_001/20220921_090000.WAV,Telephone Field,recover-20220922,001,1795
1066.2535,1066.2936,68437,82255,Rhinolophus ferrumequinum,0.027,0.027,-1,Echolocation,/mnt/ubna_data_02_mir/recover-20220922/UBNA_001/20220921_090000.WAV,Telephone Field,recover-20220922,001,1795
1066.2675,1066.2754,28046,38312,Eptesicus serotinus,0.007,0.021,-1,Echolocation,/mnt/ubna_data_02_mir/recover-20220922/UBNA_001/20220921_090000.WAV,Telephone Field,recover-20220922,001,1795
1066.2805,1066.3201,68437,82145,Rhinolophus ferrumequinum,0.025,0.025,-1,Echolocation,/mnt/ubna_data_02_mir/recover-20220922/UBNA_001/20220921_090000.WAV,Telephone Field,recover-20220922,001,1795
1066.3215,1066.3607,68437,81702,Rhinolophus ferrumequinum,0.025,0.025,-1,Echolocation,/mnt/ubna_data_02_mir/recover-20220922/UBNA_001/20220921_090000.WAV,Telephone Field,recover-20220922,001,1795
1066.3225,1066.3303,28906,37721,Eptesicus serotinus,0.008,0.022,-1,Echolocation,/mnt/ubna_data_02_mir/recover-20220922/UBNA_001/20220921_090000.WAV,Telephone Field,recover-20220922,001,1795
1066.3245,1066.3319,24609,32775,Plecotus austriacus,0.007,0.022,-1,Echolocation,/mnt/ubna_data_02_mir/recover-20220922/UBNA_001/20220921_090000.WAV,Telephone Field,recover-20220922,001,1795
1066.3335,1066.3682,68437,80541,Rhinolophus ferrumequinum,0.022,0.022,-1,Echolocation,/mnt/ubna_data_02_mir/recover-20220922/UBNA_001/20220921_090000.WAV,Telephone Field,recover-20220922,001,1795
1066.3505,1066.3839,68437,81036,Rhinolophus ferrumequinum,0.022,0.022,-1,Echolocation,/mnt/ubna_data_02_mir/recover-20220922/UBNA_001/20220921_090000.WAV,Telephone Field,recover-20220922,001,1795
1066.3515,1066.3624,22031,26164,Nyctalus leisleri,0.013,0.023,-1,Echolocation,/mnt/ubna_data_02_mir/recover-20220922/UBNA_001/20220921_090000.WAV,Telephone Field,recover-20220922,001,1795
1066.3955,1066.4349,68437,82103,Rhinolophus ferrumequinum,0.022,0.022,-1,Echolocation,/mnt/ubna_data_02_mir/recover-20220922/UBNA_001/20220921_090000.WAV,Telephone Field,recover-20220922,001,1795
1066.4145,1066.4248,26328,34051,Eptesicus serotinus,0.012,0.025,-1,Echolocation,/mnt/ubna_data_02_mir/recover-20220922/UBNA_001/20220921_090000.WAV,Telephone Field,recover-20220922,001,1795
1066.4415,1066.4793,68437,81903,Rhinolophus ferrumequinum,0.023,0.023,-1,Echolocation,/mnt/ubna_data_02_mir/recover-20220922/UBNA_001/20220921_090000.WAV,Telephone Field,recover-20220922,001,1795
1066.4515,1066.4896,68437,81936,Rhinolophus ferrumequinum,0.022,0.022,-1,Echolocation,/mnt/ubna_data_02_mir/recover-20220922/UBNA_001/20220921_090000.WAV,Telephone Field,recover-20220922,001,1795
1066.4645,1066.4771,23750,29017,Nyctalus leisleri,0.016,0.032,-1,Echolocation,/mnt/ubna_data_02_mir/recover-20220922/UBNA_001/20220921_090000.WAV,Telephone Field,recover-20220922,001,1795
1066.4685,1066.5056,68437,81630,Rhinolophus ferrumequinum,0.021,0.021,-1,Echolocation,/mnt/ubna_data_02_mir/recover-20220922/UBNA_001/20220921_090000.WAV,Telephone Field,recover-20220922,001,1795
1066.4725,1066.4852,54687,60079,Pipistrellus pygmaeus,0.022,0.024,-1,Echolocation,/mnt/ubna_data_02_mir/recover-20220922/UBNA_001/20220921_090000.WAV,Telephone Field,recover-20220922,001,1795
1066.4845,1066.5244,68437,82342,Rhinolophus ferrumequinum,0.022,0.022,-1,Echolocation,/mnt/ubna_data_02_mir/recover-20220922/UBNA_001/20220921_090000.WAV,Telephone Field,recover-20220922,001,1795
1066.5035,1066.5382,68437,81237,Rhinolophus ferrumequinum,0.033,0.033,-1,Echolocation,/mnt/ubna_data_02_mir/recover-20220922/UBNA_001/20220921_090000.WAV,Telephone Field,recover-20220922,001,1795
1066.5185,1066.5304,22890,27089,Nyctalus leisleri,0.012,0.022,-1,Echolocation,/mnt/ubna_data_02_mir/recover-20220922/UBNA_001/20220921_090000.WAV,Telephone Field,recover-20220922,001,1795
1066.5815,1066.6176,68437,81226,Rhinolophus ferrumequinum,0.024,0.024,-1,Echolocation,/mnt/ubna_data_02_mir/recover-20220922/UBNA_001/20220921_090000.WAV,Telephone Field,recover-20220922,001,1795
1066.5915,1066.6287,68437,81338,Rhinolophus ferrumequinum,0.022,0.023,-1,Echolocation,/mnt/ubna_data_02_mir/recover-20220922/UBNA_001/20220921_090000.WAV,Telephone Field,recover-20220922,001,1795
1066.6005,1066.6395,68437,82076,Rhinolophus ferrumequinum,0.03,0.031,-1,Echolocation,/mnt/ubna_data_02_mir/recover-20220922/UBNA_001/20220921_090000.WAV,Telephone Field,recover-20220922,001,1795
1066.6235,1066.6383,23750,28115,Nyctalus leisleri,0.019,0.032,-1,Echolocation,/mnt/ubna_data_02_mir/recover-20220922/UBNA_001/20220921_090000.WAV,Telephone Field,recover-20220922,001,1795
1066.6305,1066.6416,26328,31382,Eptesicus serotinus,0.012,0.031,-1,Echolocation,/mnt/ubna_data_02_mir/recover-20220922/UBNA_001/20220921_090000.WAV,Telephone Field,recover-20220922,001,1795
1066.6505,1066.6891,68437,81935,Rhinolophus ferrumequinum,0.022,0.022,-1,Echolocation,/mnt/ubna_data_02_mir/recover-20220922/UBNA_001/20220921_090000.WAV,Telephone Field,recover-20220922,001,1795
1066.6855,1066.6955,55546,60814,Pipistrellus pygmaeus,0.024,0.024,-1,Echolocation,/mnt/ubna_data_02_mir/recover-20220922/UBNA_001/20220921_090000.WAV,Telephone Field,recover-20220922,001,1795
1066.7025,1066.7105999999999,28046,37703,Eptesicus serotinus,0.016,0.033,-1,Echolocation,/mnt/ubna_data_02_mir/recover-20220922/UBNA_001/20220921_090000.WAV,Telephone Field,recover-20220922,001,1795
1066.7145,1066.7552,68437,82040,Rhinolophus ferrumequinum,0.021,0.021,-1,Echolocation,/mnt/ubna_data_02_mir/recover-20220922/UBNA_001/20220921_090000.WAV,Telephone Field,recover-20220922,001,1795
1066.7455,1066.782,68437,80830,Rhinolophus ferrumequinum,0.022,0.022,-1,Echolocation,/mnt/ubna_data_02_mir/recover-20220922/UBNA_001/20220921_090000.WAV,Telephone Field,recover-20220922,001,1795
1066.7655,1066.803,68437,82441,Rhinolophus ferrumequinum,0.022,0.022,-1,Echolocation,/mnt/ubna_data_02_mir/recover-20220922/UBNA_001/20220921_090000.WAV,Telephone Field,recover-20220922,001,1795
1066.7875,1066.8243,68437,81970,Rhinolophus ferrumequinum,0.022,0.022,-1,Echolocation,/mnt/ubna_data_02_mir/recover-20220922/UBNA_001/20220921_090000.WAV,Telephone Field,recover-20220922,001,1795
1066.8125,1066.8536,68437,82548,Rhinolophus ferrumequinum,0.025,0.025,-1,Echolocation,/mnt/ubna_data_02_mir/recover-20220922/UBNA_001/20220921_090000.WAV,Telephone Field,recover-20220922,001,1795
1066.8285,1066.8649,68437,81936,Rhinolophus ferrumequinum,0.033,0.033,-1,Echolocation,/mnt/ubna_data_02_mir/recover-20220922/UBNA_001/20220921_090000.WAV,Telephone Field,recover-20220922,001,1795
1066.8495,1066.8573,28046,39562,Eptesicus serotinus,0.007,0.024,-1,Echolocation,/mnt/ubna_data_02_mir/recover-20220922/UBNA_001/20220921_090000.WAV,Telephone Field,recover-20220922,001,1795
1066.8695,1066.9065,68437,82178,Rhinolophus ferrumequinum,0.021,0.021,-1,Echolocation,/mnt/ubna_data_02_mir/recover-20220922/UBNA_001/20220921_090000.WAV,Telephone Field,recover-20220922,001,1795
1066.8945,1066.9347,68437,82091,Rhinolophus ferrumequinum,0.025,0.025,-1,Echolocation,/mnt/ubna_data_02_mir/recover-20220922/UBNA_001/20220921_090000.WAV,Telephone Field,recover-20220922,001,1795
1066.9175,1066.954,68437,81638,Rhinolophus ferrumequinum,0.022,0.022,-1,Echolocation,/mnt/ubna_data_02_mir/recover-20220922/UBNA_001/20220921_090000.WAV,Telephone Field,recover-20220922,001,1795
1066.9195,1066.9272,28906,37323,Eptesicus serotinus,0.026,0.057,-1,Echolocation,/mnt/ubna_data_02_mir/recover-20220922/UBNA_001/20220921_090000.WAV,Telephone Field,recover-20220922,001,1795
1066.9305,1066.9684,68437,82007,Rhinolophus ferrumequinum,0.022,0.022,-1,Echolocation,/mnt/ubna_data_02_mir/recover-20220922/UBNA_001/20220921_090000.WAV,Telephone Field,recover-20220922,001,1795
1066.9605,1066.9675,38359,50512,Myotis daubentonii,0.008,0.024,-1,Echolocation,/mnt/ubna_data_02_mir/recover-20220922/UBNA_001/20220921_090000.WAV,Telephone Field,recover-20220922,001,1795
1067.0035,1067.0428,68437,82550,Rhinolophus ferrumequinum,0.028,0.028,-1,Echolocation,/mnt/ubna_data_02_mir/recover-20220922/UBNA_001/20220921_090000.WAV,Telephone Field,recover-20220922,001,1795
1067.0075,1067.018,22031,26783,Nyctalus leisleri,0.01,0.021,-1,Echolocation,/mnt/ubna_data_02_mir/recover-20220922/UBNA_001/20220921_090000.WAV,Telephone Field,recover-20220922,001,1795
1067.0155,1067.0522,68437,82114,Rhinolophus ferrumequinum,0.022,0.022,-1,Echolocation,/mnt/ubna_data_02_mir/recover-20220922/UBNA_001/20220921_090000.WAV,Telephone Field,recover-20220922,001,1795
1067.0365,1067.0783,68437,83428,Rhinolophus ferrumequinum,0.026,0.026,-1,Echolocation,/mnt/ubna_data_02_mir/recover-20220922/UBNA_001/20220921_090000.WAV,Telephone Field,recover-20220922,001,1795
1067.0485,1067.0571,28906,38652,Eptesicus serotinus,0.008,0.023,-1,Echolocation,/mnt/ubna_data_02_mir/recover-20220922/UBNA_001/20220921_090000.WAV,Telephone Field,recover-20220922,001,1795
1067.0605,1067.0698,28046,40221,Eptesicus serotinus,0.008,0.021,-1,Echolocation,/mnt/ubna_data_02_mir/recover-20220922/UBNA_001/20220921_090000.WAV,Telephone Field,recover-20220922,001,1795
1067.0675,1067.0761,28046,38686,Eptesicus serotinus,0.007,0.021,-1,Echolocation,/mnt/ubna_data_02_mir/recover-20220922/UBNA_001/20220921_090000.WAV,Telephone Field,recover-20220922,001,1795
1067.0705,1067.108,68437,81892,Rhinolophus ferrumequinum,0.023,0.023,-1,Echolocation,/mnt/ubna_data_02_mir/recover-20220922/UBNA_001/20220921_090000.WAV,Telephone Field,recover-20220922,001,1795
1067.0785,1067.1207,68437,82661,Rhinolophus ferrumequinum,0.026,0.026,-1,Echolocation,/mnt/ubna_data_02_mir/recover-20220922/UBNA_001/20220921_090000.WAV,Telephone Field,recover-20220922,001,1795
1067.0965,1067.135,68437,82414,Rhinolophus ferrumequinum,0.023,0.023,-1,Echolocation,/mnt/ubna_data_02_mir/recover-20220922/UBNA_001/20220921_090000.WAV,Telephone Field,recover-20220922,001,1795
1067.1115,1067.1196,28906,37927,Eptesicus serotinus,0.007,0.024,-1,Echolocation,/mnt/ubna_data_02_mir/recover-20220922/UBNA_001/20220921_090000.WAV,Telephone Field,recover-20220922,001,1795
1067.1245,1067.1689,68437,83389,Rhinolophus ferrumequinum,0.044,0.044,-1,Echolocation,/mnt/ubna_data_02_mir/recover-20220922/UBNA_001/20220921_090000.WAV,Telephone Field,recover-20220922,001,1795
1067.1555,1067.1639,28046,39860,Eptesicus serotinus,0.01,0.028,-1,Echolocation,/mnt/ubna_data_02_mir/recover-20220922/UBNA_001/20220921_090000.WAV,Telephone Field,recover-20220922,001,1795
1067.1555,1067.1935,68437,82047,Rhinolophus ferrumequinum,0.021,0.021,-1,Echolocation,/mnt/ubna_data_02_mir/recover-20220922/UBNA_001/20220921_090000.WAV,Telephone Field,recover-20220922,001,1795
1067.1855,1067.2213,68437,81336,Rhinolophus ferrumequinum,0.021,0.022,-1,Echolocation,/mnt/ubna_data_02_mir/recover-20220922/UBNA_001/20220921_090000.WAV,Telephone Field,recover-20220922,001,1795
1067.1925,1067.2031,25468,31926,Eptesicus serotinus,0.01,0.025,-1,Echolocation,/mnt/ubna_data_02_mir/recover-20220922/UBNA_001/20220921_090000.WAV,Telephone Field,recover-20220922,001,1795
1067.2235,1067.2321,28046,38204,Eptesicus serotinus,0.007,0.021,-1,Echolocation,/mnt/ubna_data_02_mir/recover-20220922/UBNA_001/20220921_090000.WAV,Telephone Field,recover-20220922,001,1795
1067.2285,1067.2681,68437,83034,Rhinolophus ferrumequinum,0.025,0.025,-1,Echolocation,/mnt/ubna_data_02_mir/recover-20220922/UBNA_001/20220921_090000.WAV,Telephone Field,recover-20220922,001,1795
1067.2365,1067.2468,26328,33027,Eptesicus serotinus,0.012,0.027,-1,Echolocation,/mnt/ubna_data_02_mir/recover-20220922/UBNA_001/20220921_090000.WAV,Telephone Field,recover-20220922,001,1795
1067.2595,1067.2703,23750,29900,Nyctalus leisleri,0.013,0.031,-1,Echolocation,/mnt/ubna_data_02_mir/recover-20220922/UBNA_001/20220921_090000.WAV,Telephone Field,recover-20220922,001,1795
1067.2895,1067.3274,68437,82456,Rhinolophus ferrumequinum,0.031,0.031,-1,Echolocation,/mnt/ubna_data_02_mir/recover-20220922/UBNA_001/20220921_090000.WAV,Telephone Field,recover-20220922,001,1795
1067.3085,1067.3441,68437,81847,Rhinolophus ferrumequinum,0.021,0.021,-1,Echolocation,/mnt/ubna_data_02_mir/recover-20220922/UBNA_001/20220921_090000.WAV,Telephone Field,recover-20220922,001,1795
1067.3295,1067.3348,48671,54170,Pipistrellus pipistrellus,0.02,0.023,-1,Echolocation,/mnt/ubna_data_02_mir/recover-20220922/UBNA_001/20220921_090000.WAV,Telephone Field,recover-20220922,001,1795
1067.3305,1067.3708,68437,82670,Rhinolophus ferrumequinum,0.027,0.027,-1,Echolocation,/mnt/ubna_data_02_mir/recover-20220922/UBNA_001/20220921_090000.WAV,Telephone Field,recover-20220922,001,1795
1067.3525,1067.3916,68437,82113,Rhinolophus ferrumequinum,0.024,0.024,-1,Echolocation,/mnt/ubna_data_02_mir/recover-20220922/UBNA_001/20220921_090000.WAV,Telephone Field,recover-20220922,001,1795
1067.3665,1067.3761,26328,32990,Eptesicus serotinus,0.011,0.029,-1,Echolocation,/mnt/ubna_data_02_mir/recover-20220922/UBNA_001/20220921_090000.WAV,Telephone Field,recover-20220922,001,1795
1067.3855,1067.4266,68437,82899,Rhinolophus ferrumequinum,0.031,0.031,-1,Echolocation,/mnt/ubna_data_02_mir/recover-20220922/UBNA_001/20220921_090000.WAV,Telephone Field,recover-20220922,001,1795
1067.4365,1067.4468,28906,35409,Eptesicus serotinus,0.014,0.028,-1,Echolocation,/mnt/ubna_data_02_mir/recover-20220922/UBNA_001/20220921_090000.WAV,Telephone Field,recover-20220922,001,1795
1067.4545,1067.4615,47812,52579,Pipistrellus pipistrellus,0.021,0.023,-1,Echolocation,/mnt/ubna_data_02_mir/recover-20220922/UBNA_001/20220921_090000.WAV,Telephone Field,recover-20220922,001,1795
1067.4555,1067.4964,68437,82599,Rhinolophus ferrumequinum,0.028,0.028,-1,Echolocation,/mnt/ubna_data_02_mir/recover-20220922/UBNA_001/20220921_090000.WAV,Telephone Field,recover-20220922,001,1795
1067.5025,1067.5396,68437,81703,Rhinolophus ferrumequinum,0.021,0.022,-1,Echolocation,/mnt/ubna_data_02_mir/recover-20220922/UBNA_001/20220921_090000.WAV,Telephone Field,recover-20220922,001,1795
1067.5095,1067.5181,28906,37735,Eptesicus serotinus,0.007,0.023,-1,Echolocation,/mnt/ubna_data_02_mir/recover-20220922/UBNA_001/20220921_090000.WAV,Telephone Field,recover-20220922,001,1795
1067.5115,1067.5499,68437,82806,Rhinolophus ferrumequinum,0.022,0.022,-1,Echolocation,/mnt/ubna_data_02_mir/recover-20220922/UBNA_001/20220921_090000.WAV,Telephone Field,recover-20220922,001,1795
1067.5355,1067.5734,68437,82197,Rhinolophus ferrumequinum,0.025,0.025,-1,Echolocation,/mnt/ubna_data_02_mir/recover-20220922/UBNA_001/20220921_090000.WAV,Telephone Field,recover-20220922,001,1795
1067.5585,1067.5715,22890,27181,Nyctalus leisleri,0.027,0.048,-1,Echolocation,/mnt/ubna_data_02_mir/recover-20220922/UBNA_001/20220921_090000.WAV,Telephone Field,recover-20220922,001,1795
1067.5645,1067.6031,68437,81976,Rhinolophus ferrumequinum,0.021,0.021,-1,Echolocation,/mnt/ubna_data_02_mir/recover-20220922/UBNA_001/20220921_090000.WAV,Telephone Field,recover-20220922,001,1795
1067.5775,1067.6155,68437,81834,Rhinolophus ferrumequinum,0.021,0.021,-1,Echolocation,/mnt/ubna_data_02_mir/recover-20220922/UBNA_001/20220921_090000.WAV,Telephone Field,recover-20220922,001,1795
1067.5895,1067.599,28046,36295,Eptesicus serotinus,0.008,0.025,-1,Echolocation,/mnt/ubna_data_02_mir/recover-20220922/UBNA_001/20220921_090000.WAV,Telephone Field,recover-20220922,001,1795
1067.5925,1067.6334,68437,82340,Rhinolophus ferrumequinum,0.023,0.023,-1,Echolocation,/mnt/ubna_data_02_mir/recover-20220922/UBNA_001/20220921_090000.WAV,Telephone Field,recover-20220922,001,1795
1067.6135,1067.651,68437,81463,Rhinolophus ferrumequinum,0.023,0.024,-1,Echolocation,/mnt/ubna_data_02_mir/recover-20220922/UBNA_001/20220921_090000.WAV,Telephone Field,recover-20220922,001,1795
1067.6275,1067.6349,27187,37461,Eptesicus serotinus,0.015,0.041,-1,Echolocation,/mnt/ubna_data_02_mir/recover-20220922/UBNA_001/20220921_090000.WAV,Telephone Field,recover-20220922,001,1795
1067.6375,1067.6772,68437,82793,Rhinolophus ferrumequinum,0.024,0.024,-1,Echolocation,/mnt/ubna_data_02_mir/recover-20220922/UBNA_001/20220921_090000.WAV,Telephone Field,recover-20220922,001,1795
1067.6885,1067.7274,68437,82527,Rhinolophus ferrumequinum,0.023,0.023,-1,Echolocation,/mnt/ubna_data_02_mir/recover-20220922/UBNA_001/20220921_090000.WAV,Telephone Field,recover-20220922,001,1795
1067.7055,1067.7142,28046,36331,Eptesicus serotinus,0.008,0.021,-1,Echolocation,/mnt/ubna_data_02_mir/recover-20220922/UBNA_001/20220921_090000.WAV,Telephone Field,recover-20220922,001,1795
1067.7055,1067.745,68437,82641,Rhinolophus ferrumequinum,0.024,0.024,-1,Echolocation,/mnt/ubna_data_02_mir/recover-20220922/UBNA_001/20220921_090000.WAV,Telephone Field,recover-20220922,001,1795
1067.7155,1067.7259,44375,48266,Pipistrellus pipistrellus,0.045,0.048,-1,Echolocation,/mnt/ubna_data_02_mir/recover-20220922/UBNA_001/20220921_090000.WAV,Telephone Field,recover-20220922,001,1795
1067.7165,1067.7268,23750,30201,Nyctalus leisleri,0.009,0.022,-1,Echolocation,/mnt/ubna_data_02_mir/recover-20220922/UBNA_001/20220921_090000.WAV,Telephone Field,recover-20220922,001,1795
1067.7295,1067.7695,68437,81766,Rhinolophus ferrumequinum,0.031,0.031,-1,Echolocation,/mnt/ubna_data_02_mir/recover-20220922/UBNA_001/20220921_090000.WAV,Telephone Field,recover-20220922,001,1795
1067.7465,1067.7827,68437,81222,Rhinolophus ferrumequinum,0.027,0.027,-1,Echolocation,/mnt/ubna_data_02_mir/recover-20220922/UBNA_001/20220921_090000.WAV,Telephone Field,recover-20220922,001,1795
1067.7635,1067.8054,68437,83219,Rhinolophus ferrumequinum,0.035,0.035,-1,Echolocation,/mnt/ubna_data_02_mir/recover-20220922/UBNA_001/20220921_090000.WAV,Telephone Field,recover-20220922,001,1795
1067.7675,1067.7761,30625,39564,Myotis daubentonii,0.009,0.024,-1,Echolocation,/mnt/ubna_data_02_mir/recover-20220922/UBNA_001/20220921_090000.WAV,Telephone Field,recover-20220922,001,1795
1067.7885,1067.7987,23750,29319,Nyctalus leisleri,0.009,0.021,-1,Echolocation,/mnt/ubna_data_02_mir/recover-20220922/UBNA_001/20220921_090000.WAV,Telephone Field,recover-20220922,001,1795
1067.8085,1067.8497,68437,82570,Rhinolophus ferrumequinum,0.023,0.023,-1,Echolocation,/mnt/ubna_data_02_mir/recover-20220922/UBNA_001/20220921_090000.WAV,Telephone Field,recover-20220922,001,1795
1067.8205,1067.829,28046,38022,Eptesicus serotinus,0.008,0.021,-1,Echolocation,/mnt/ubna_data_02_mir/recover-20220922/UBNA_001/20220921_090000.WAV,Telephone Field,recover-20220922,001,1795
1067.8395,1067.8499,23750,29978,Nyctalus leisleri,0.014,0.033,-1,Echolocation,/mnt/ubna_data_02_mir/recover-20220922/UBNA_001/20220921_090000.WAV,Telephone Field,recover-20220922,001,1795
1067.8515,1067.8896,68437,81730,Rhinolophus ferrumequinum,0.022,0.022,-1,Echolocation,/mnt/ubna_data_02_mir/recover-20220922/UBNA_001/20220921_090000.WAV,Telephone Field,recover-20220922,001,1795
1067.8595,1067.8676,27187,36781,Eptesicus serotinus,0.017,0.04,-1,Echolocation,/mnt/ubna_data_02_mir/recover-20220922/UBNA_001/20220921_090000.WAV,Telephone Field,recover-20220922,001,1795
1067.8895,1067.8972,27187,38557,Eptesicus serotinus,0.008,0.026,-1,Echolocation,/mnt/ubna_data_02_mir/recover-20220922/UBNA_001/20220921_090000.WAV,Telephone Field,recover-20220922,001,1795
1067.9045,1067.9138,22031,28217,Plecotus austriacus,0.009,0.024,-1,Echolocation,/mnt/ubna_data_02_mir/recover-20220922/UBNA_001/20220921_090000.WAV,Telephone Field,recover-20220922,001,1795
1067.9225,1067.9603,68437,82105,Rhinolophus ferrumequinum,0.031,0.031,-1,Echolocation,/mnt/ubna_data_02_mir/recover-20220922/UBNA_001/20220921_090000.WAV,Telephone Field,recover-20220922,001,1795
1067.9545,1067.9892,68437,81349,Rhinolophus ferrumequinum,0.021,0.021,-1,Echolocation,/mnt/ubna_data_02_mir/recover-20220922/UBNA_001/20220921_090000.WAV,Telephone Field,recover-20220922,001,1795
1067.9555,1067.9655,26328,34429,Eptesicus serotinus,0.01,0.023,-1,Echolocation,/mnt/ubna_data_02_mir/recover-20220922/UBNA_001/20220921_090000.WAV,Telephone Field,recover-20220922,001,1795
1067.9865,1067.9964,46953,53287,Pipistrellus pipistrellus,0.02,0.025,-1,Echolocation,/mnt/ubna_data_02_mir/recover-20220922/UBNA_001/20220921_090000.WAV,Telephone Field,recover-20220922,001,1795
1068.0015,1068.0336,69296,82142,Rhinolophus ferrumequinum,0.027,0.027,-1,Echolocation,/mnt/ubna_data_02_mir/recover-20220922/UBNA_001/20220921_090000.WAV,Telephone Field,recover-20220922,001,1795
1068.0015,1068.013,48671,53920,Pipistrellus pipistrellus,0.03,0.037,-1,Echolocation,/mnt/ubna_data_02_mir/recover-20220922/UBNA_001/20220921_090000.WAV,Telephone Field,recover-20220922,001,1795
1068.0015,1068.0113,23750,30586,Nyctalus leisleri,0.013,0.031,-1,Echolocation,/mnt/ubna_data_02_mir/recover-20220922/UBNA_001/20220921_090000.WAV,Telephone Field,recover-20220922,001,1795
1068.0535,1068.0917,68437,81958,Rhinolophus ferrumequinum,0.022,0.022,-1,Echolocation,/mnt/ubna_data_02_mir/recover-20220922/UBNA_001/20220921_090000.WAV,Telephone Field,recover-20220922,001,1795
1068.0615,1068.1008,68437,82718,Rhinolophus ferrumequinum,0.023,0.023,-1,Echolocation,/mnt/ubna_data_02_mir/recover-20220922/UBNA_001/20220921_090000.WAV,Telephone Field,recover-20220922,001,1795
1068.0695,1068.1102,68437,82903,Rhinolophus ferrumequinum,0.023,0.023,-1,Echolocation,/mnt/ubna_data_02_mir/recover-20220922/UBNA_001/20220921_090000.WAV,Telephone Field,recover-20220922,001,1795
1068.0935,1068.1387,68437,83628,Rhinolophus ferrumequinum,0.039,0.039,-1,Echolocation,/mnt/ubna_data_02_mir/recover-20220922/UBNA_001/20220921_090000.WAV,Telephone Field,recover-20220922,001,1795
1068.0965,1068.1075,23750,29074,Nyctalus leisleri,0.011,0.025,-1,Echolocation,/mnt/ubna_data_02_mir/recover-20220922/UBNA_001/20220921_090000.WAV,Telephone Field,recover-20220922,001,1795
1068.1195,1068.1604,68437,82349,Rhinolophus ferrumequinum,0.022,0.022,-1,Echolocation,/mnt/ubna_data_02_mir/recover-20220922/UBNA_001/20220921_090000.WAV,Telephone Field,recover-20220922,001,1795
1068.1375,1068.1532,20312,23839,Nyctalus leisleri,0.01,0.024,-1,Echolocation,/mnt/ubna_data_02_mir/recover-20220922/UBNA_001/20220921_090000.WAV,Telephone Field,recover-20220922,001,1795
1068.1395,1068.1487,15156,22306,Nyctalus noctula,0.009,0.026,-1,Echolocation,/mnt/ubna_data_02_mir/recover-20220922/UBNA_001/20220921_090000.WAV,Telephone Field,recover-20220922,001,1795
1068.1475,1068.1889,68437,82682,Rhinolophus ferrumequinum,0.024,0.024,-1,Echolocation,/mnt/ubna_data_02_mir/recover-20220922/UBNA_001/20220921_090000.WAV,Telephone Field,recover-20220922,001,1795
1068.1555,1068.197,68437,82701,Rhinolophus ferrumequinum,0.022,0.022,-1,Echolocation,/mnt/ubna_data_02_mir/recover-20220922/UBNA_001/20220921_090000.WAV,Telephone Field,recover-20220922,001,1795
1068.1685,1068.2082,68437,82009,Rhinolophus ferrumequinum,0.025,0.026,-1,Echolocation,/mnt/ubna_data_02_mir/recover-20220922/UBNA_001/20220921_090000.WAV,Telephone Field,recover-20220922,001,1795
1068.2265,1068.2658,68437,82523,Rhinolophus ferrumequinum,0.022,0.022,-1,Echolocation,/mnt/ubna_data_02_mir/recover-20220922/UBNA_001/20220921_090000.WAV,Telephone Field,recover-20220922,001,1795
1068.2765,1068.3141,68437,81997,Rhinolophus ferrumequinum,0.027,0.027,-1,Echolocation,/mnt/ubna_data_02_mir/recover-20220922/UBNA_001/20220921_090000.WAV,Telephone Field,recover-20220922,001,1795
1068.2815,1068.2986,16015,20560,Nyctalus noctula,0.05,0.065,-1,Echolocation,/mnt/ubna_data_02_mir/recover-20220922/UBNA_001/20220921_090000.WAV,Telephone Field,recover-20220922,001,1795
1068.2965,1068.3031,51250,60202,Pipistrellus pipistrellus,0.019,0.026,-1,Echolocation,/mnt/ubna_data_02_mir/recover-20220922/UBNA_001/20220921_090000.WAV,Telephone Field,recover-20220922,001,1795
1068.3165,1068.3553,68437,82437,Rhinolophus ferrumequinum,0.023,0.023,-1,Echolocation,/mnt/ubna_data_02_mir/recover-20220922/UBNA_001/20220921_090000.WAV,Telephone Field,recover-20220922,001,1795
1068.3475,1068.3847,68437,82018,Rhinolophus ferrumequinum,0.029,0.029,-1,Echolocation,/mnt/ubna_data_02_mir/recover-20220922/UBNA_001/20220921_090000.WAV,Telephone Field,recover-20220922,001,1795
1068.3655,1068.4036,68437,81900,Rhinolophus ferrumequinum,0.024,0.024,-1,Echolocation,/mnt/ubna_data_02_mir/recover-20220922/UBNA_001/20220921_090000.WAV,Telephone Field,recover-20220922,001,1795
1068.3735,1068.3845,23750,30301,Nyctalus leisleri,0.013,0.031,-1,Echolocation,/mnt/ubna_data_02_mir/recover-20220922/UBNA_001/20220921_090000.WAV,Telephone Field,recover-20220922,001,1795
1068.3845,1068.4237,68437,82882,Rhinolophus ferrumequinum,0.024,0.024,-1,Echolocation,/mnt/ubna_data_02_mir/recover-20220922/UBNA_001/20220921_090000.WAV,Telephone Field,recover-20220922,001,1795
1068.3855,1068.3952,27187,35588,Eptesicus serotinus,0.01,0.023,-1,Echolocation,/mnt/ubna_data_02_mir/recover-20220922/UBNA_001/20220921_090000.WAV,Telephone Field,recover-20220922,001,1795
1068.3935,1068.4335,68437,82860,Rhinolophus ferrumequinum,0.021,0.021,-1,Echolocation,/mnt/ubna_data_02_mir/recover-20220922/UBNA_001/20220921_090000.WAV,Telephone Field,recover-20220922,001,1795
1068.3945,1068.404,28046,37486,Eptesicus serotinus,0.009,0.022,-1,Echolocation,/mnt/ubna_data_02_mir/recover-20220922/UBNA_001/20220921_090000.WAV,Telephone Field,recover-20220922,001,1795
1068.4115,1068.4537,68437,82895,Rhinolophus ferrumequinum,0.023,0.023,-1,Echolocation,/mnt/ubna_data_02_mir/recover-20220922/UBNA_001/20220921_090000.WAV,Telephone Field,recover-20220922,001,1795
1068.4145,1068.4244,28046,36630,Eptesicus serotinus,0.01,0.022,-1,Echolocation,/mnt/ubna_data_02_mir/recover-20220922/UBNA_001/20220921_090000.WAV,Telephone Field,recover-20220922,001,1795
1068.4455,1068.4835,68437,81993,Rhinolophus ferrumequinum,0.021,0.021,-1,Echolocation,/mnt/ubna_data_02_mir/recover-20220922/UBNA_001/20220921_090000.WAV,Telephone Field,recover-20220922,001,1795
1068.4475,1068.4549,28046,38289,Eptesicus serotinus,0.009,0.024,-1,Echolocation,/mnt/ubna_data_02_mir/recover-20220922/UBNA_001/20220921_090000.WAV,Telephone Field,recover-20220922,001,1795
1068.4485,1068.4579,22890,29294,Nyctalus leisleri,0.009,0.024,-1,Echolocation,/mnt/ubna_data_02_mir/recover-20220922/UBNA_001/20220921_090000.WAV,Telephone Field,recover-20220922,001,1795
1068.5195,1068.5579,68437,81818,Rhinolophus ferrumequinum,0.022,0.022,-1,Echolocation,/mnt/ubna_data_02_mir/recover-20220922/UBNA_001/20220921_090000.WAV,Telephone Field,recover-20220922,001,1795
1068.5375,1068.546,28046,38638,Eptesicus serotinus,0.009,0.024,-1,Echolocation,/mnt/ubna_data_02_mir/recover-20220922/UBNA_001/20220921_090000.WAV,Telephone Field,recover-20220922,001,1795
1068.5445,1068.5549,23750,29144,Nyctalus leisleri,0.011,0.023,-1,Echolocation,/mnt/ubna_data_02_mir/recover-20220922/UBNA_001/20220921_090000.WAV,Telephone Field,recover-20220922,001,1795
1068.5765,1068.5912,22890,27242,Nyctalus leisleri,0.017,0.029,-1,Echolocation,/mnt/ubna_data_02_mir/recover-20220922/UBNA_001/20220921_090000.WAV,Telephone Field,recover-20220922,001,1795
1068.5825,1068.6242,68437,82852,Rhinolophus ferrumequinum,0.027,0.027,-1,Echolocation,/mnt/ubna_data_02_mir/recover-20220922/UBNA_001/20220921_090000.WAV,Telephone Field,recover-20220922,001,1795
1068.6115,1068.6508,68437,82486,Rhinolophus ferrumequinum,0.025,0.025,-1,Echolocation,/mnt/ubna_data_02_mir/recover-20220922/UBNA_001/20220921_090000.WAV,Telephone Field,recover-20220922,001,1795
1068.6185,1068.6332,21171,24616,Nyctalus leisleri,0.014,0.023,-1,Echolocation,/mnt/ubna_data_02_mir/recover-20220922/UBNA_001/20220921_090000.WAV,Telephone Field,recover-20220922,001,1795
1068.6545,1068.6643,21171,26700,Plecotus austriacus,0.007,0.021,-1,Echolocation,/mnt/ubna_data_02_mir/recover-20220922/UBNA_001/20220921_090000.WAV,Telephone Field,recover-20220922,001,1795
1068.6615,1068.7023,68437,82434,Rhinolophus ferrumequinum,0.03,0.03,-1,Echolocation,/mnt/ubna_data_02_mir/recover-20220922/UBNA_001/20220921_090000.WAV,Telephone Field,recover-20220922,001,1795
1068.6655,1068.6763,29765,36021,Eptesicus serotinus,0.011,0.026,-1,Echolocation,/mnt/ubna_data_02_mir/recover-20220922/UBNA_001/20220921_090000.WAV,Telephone Field,recover-20220922,001,1795
1068.6975,1068.7361,68437,81740,Rhinolophus ferrumequinum,0.025,0.025,-1,Echolocation,/mnt/ubna_data_02_mir/recover-20220922/UBNA_001/20220921_090000.WAV,Telephone Field,recover-20220922,001,1795
1068.7125,1068.7181,28046,38262,Plecotus auritus,0.023,0.064,-1,Echolocation,/mnt/ubna_data_02_mir/recover-20220922/UBNA_001/20220921_090000.WAV,Telephone Field,recover-20220922,001,1795
1068.7185,1068.7567,68437,81358,Rhinolophus ferrumequinum,0.022,0.022,-1,Echolocation,/mnt/ubna_data_02_mir/recover-20220922/UBNA_001/20220921_090000.WAV,Telephone Field,recover-20220922,001,1795
1068.7235,1068.7624,68437,82035,Rhinolophus ferrumequinum,0.022,0.022,-1,Echolocation,/mnt/ubna_data_02_mir/recover-20220922/UBNA_001/20220921_090000.WAV,Telephone Field,recover-20220922,001,1795
1068.7365,1068.7762,68437,82450,Rhinolophus ferrumequinum,0.021,0.021,-1,Echolocation,/mnt/ubna_data_02_mir/recover-20220922/UBNA_001/20220921_090000.WAV,Telephone Field,recover-20220922,001,1795
1068.7585,1068.7909,68437,80259,Rhinolophus ferrumequinum,0.021,0.021,-1,Echolocation,/mnt/ubna_data_02_mir/recover-20220922/UBNA_001/20220921_090000.WAV,Telephone Field,recover-20220922,001,1795
1068.7795,1068.8162,68437,81253,Rhinolophus ferrumequinum,0.025,0.025,-1,Echolocation,/mnt/ubna_data_02_mir/recover-20220922/UBNA_001/20220921_090000.WAV,Telephone Field,recover-20220922,001,1795
1068.7915,1068.831,68437,82253,Rhinolophus ferrumequinum,0.023,0.023,-1,Echolocation,/mnt/ubna_data_02_mir/recover-20220922/UBNA_001/20220921_090000.WAV,Telephone Field,recover-20220922,001,1795
1068.7915,1068.8016,28906,37650,Eptesicus serotinus,0.011,0.024,-1,Echolocation,/mnt/ubna_data_02_mir/recover-20220922/UBNA_001/20220921_090000.WAV,Telephone Field,recover-20220922,001,1795
1068.7995,1068.8104,27187,34195,Eptesicus serotinus,0.011,0.024,-1,Echolocation,/mnt/ubna_data_02_mir/recover-20220922/UBNA_001/20220921_090000.WAV,Telephone Field,recover-20220922,001,1795
1068.8065,1068.8169,22890,27511,Nyctalus leisleri,0.011,0.022,-1,Echolocation,/mnt/ubna_data_02_mir/recover-20220922/UBNA_001/20220921_090000.WAV,Telephone Field,recover-20220922,001,1795
1068.8145,1068.8244,28906,36516,Eptesicus serotinus,0.01,0.025,-1,Echolocation,/mnt/ubna_data_02_mir/recover-20220922/UBNA_001/20220921_090000.WAV,Telephone Field,recover-20220922,001,1795
1068.8285,1068.8653,68437,81867,Rhinolophus ferrumequinum,0.022,0.022,-1,Echolocation,/mnt/ubna_data_02_mir/recover-20220922/UBNA_001/20220921_090000.WAV,Telephone Field,recover-20220922,001,1795
1068.8365,1068.8781,68437,82678,Rhinolophus ferrumequinum,0.029,0.029,-1,Echolocation,/mnt/ubna_data_02_mir/recover-20220922/UBNA_001/20220921_090000.WAV,Telephone Field,recover-20220922,001,1795
1068.8605,1068.8994,68437,82432,Rhinolophus ferrumequinum,0.024,0.024,-1,Echolocation,/mnt/ubna_data_02_mir/recover-20220922/UBNA_001/20220921_090000.WAV,Telephone Field,recover-20220922,001,1795
1068.8685,1068.9094,68437,82667,Rhinolophus ferrumequinum,0.024,0.024,-1,Echolocation,/mnt/ubna_data_02_mir/recover-20220922/UBNA_001/20220921_090000.WAV,Telephone Field,recover-20220922,001,1795
1068.9245,1068.9353,28906,35990,Eptesicus serotinus,0.011,0.025,-1,Echolocation,/mnt/ubna_data_02_mir/recover-20220922/UBNA_001/20220921_090000.WAV,Telephone Field,recover-20220922,001,1795
1068.9335,1068.9416,45234,55296,Pipistrellus pipistrellus,0.012,0.022,-1,Echolocation,/mnt/ubna_data_02_mir/recover-20220922/UBNA_001/20220921_090000.WAV,Telephone Field,recover-20220922,001,1795
1068.9355,1068.9738,68437,81706,Rhinolophus ferrumequinum,0.028,0.028,-1,Echolocation,/mnt/ubna_data_02_mir/recover-20220922/UBNA_001/20220921_090000.WAV,Telephone Field,recover-20220922,001,1795
1068.9355,1068.9413,40078,59398,Myotis mystacinus,0.006,0.023,-1,Echolocation,/mnt/ubna_data_02_mir/recover-20220922/UBNA_001/20220921_090000.WAV,Telephone Field,recover-20220922,001,1795
1068.9495,1068.9879,68437,82212,Rhinolophus ferrumequinum,0.021,0.021,-1,Echolocation,/mnt/ubna_data_02_mir/recover-20220922/UBNA_001/20220921_090000.WAV,Telephone Field,recover-20220922,001,1795
1068.9625,1068.9709,28906,38309,Eptesicus serotinus,0.009,0.024,-1,Echolocation,/mnt/ubna_data_02_mir/recover-20220922/UBNA_001/20220921_090000.WAV,Telephone Field,recover-20220922,001,1795
1068.9795,1068.9847,49531,56270,Pipistrellus pipistrellus,0.018,0.021,-1,Echolocation,/mnt/ubna_data_02_mir/recover-20220922/UBNA_001/20220921_090000.WAV,Telephone Field,recover-20220922,001,1795
1068.9915,1069.0315,68437,82407,Rhinolophus ferrumequinum,0.023,0.023,-1,Echolocation,/mnt/ubna_data_02_mir/recover-20220922/UBNA_001/20220921_090000.WAV,Telephone Field,recover-20220922,001,1795
1068.9995,1069.0385,68437,82032,Rhinolophus ferrumequinum,0.029,0.029,-1,Echolocation,/mnt/ubna_data_02_mir/recover-20220922/UBNA_001/20220921_090000.WAV,Telephone Field,recover-20220922,001,1795
1069.0405,1069.0782,68437,81956,Rhinolophus ferrumequinum,0.021,0.021,-1,Echolocation,/mnt/ubna_data_02_mir/recover-20220922/UBNA_001/20220921_090000.WAV,Telephone Field,recover-20220922,001,1795
1069.0925,1069.1325,68437,82134,Rhinolophus ferrumequinum,0.022,0.023,-1,Echolocation,/mnt/ubna_data_02_mir/recover-20220922/UBNA_001/20220921_090000.WAV,Telephone Field,recover-20220922,001,1795
1069.1045,1069.1147,26328,33865,Eptesicus serotinus,0.009,0.021,-1,Echolocation,/mnt/ubna_data_02_mir/recover-20220922/UBNA_001/20220921_090000.WAV,Telephone Field,recover-20220922,001,1795
1069.1115,1069.1503,68437,82047,Rhinolophus ferrumequinum,0.022,0.022,-1,Echolocation,/mnt/ubna_data_02_mir/recover-20220922/UBNA_001/20220921_090000.WAV,Telephone Field,recover-20220922,001,1795
1069.1315,1069.1746,68437,83561,Rhinolophus ferrumequinum,0.026,0.026,-1,Echolocation,/mnt/ubna_data_02_mir/recover-20220922/UBNA_001/20220921_090000.WAV,Telephone Field,recover-20220922,001,1795
1069.1485,1069.1908,68437,83049,Rhinolophus ferrumequinum,0.03,0.03,-1,Echolocation,/mnt/ubna_data_02_mir/recover-20220922/UBNA_001/20220921_090000.WAV,Telephone Field,recover-20220922,001,1795
1069.1875,1069.2259,68437,82499,Rhinolophus ferrumequinum,0.025,0.025,-1,Echolocation,/mnt/ubna_data_02_mir/recover-20220922/UBNA_001/20220921_090000.WAV,Telephone Field,recover-20220922,001,1795
1069.2855,1069.3194,68437,80868,Rhinolophus ferrumequinum,0.022,0.022,-1,Echolocation,/mnt/ubna_data_02_mir/recover-20220922/UBNA_001/20220921_090000.WAV,Telephone Field,recover-20220922,001,1795
1069.3195,1069.3292,46093,50332,Pipistrellus pipistrellus,0.024,0.026,-1,Echolocation,/mnt/ubna_data_02_mir/recover-20220922/UBNA_001/20220921_090000.WAV,Telephone Field,recover-20220922,001,1795
1069.3335,1069.3448,28906,35877,Eptesicus serotinus,0.018,0.032,-1,Echolocation,/mnt/ubna_data_02_mir/recover-20220922/UBNA_001/20220921_090000.WAV,Telephone Field,recover-20220922,001,1795
1069.3555,1069.3641,24609,32676,Eptesicus serotinus,0.007,0.023,-1,Echolocation,/mnt/ubna_data_02_mir/recover-20220922/UBNA_001/20220921_090000.WAV,Telephone Field,recover-20220922,001,1795
1069.3985,1069.4391,68437,82831,Rhinolophus ferrumequinum,0.032,0.032,-1,Echolocation,/mnt/ubna_data_02_mir/recover-20220922/UBNA_001/20220921_090000.WAV,Telephone Field,recover-20220922,001,1795
1069.4315,1069.4689,68437,81801,Rhinolophus ferrumequinum,0.021,0.021,-1,Echolocation,/mnt/ubna_data_02_mir/recover-20220922/UBNA_001/20220921_090000.WAV,Telephone Field,recover-20220922,001,1795
1069.4525,1069.4918,68437,82034,Rhinolophus ferrumequinum,0.021,0.021,-1,Echolocation,/mnt/ubna_data_02_mir/recover-20220922/UBNA_001/20220921_090000.WAV,Telephone Field,recover-20220922,001,1795
1069.4815,1069.4913999999999,28906,37682,Eptesicus serotinus,0.009,0.023,-1,Echolocation,/mnt/ubna_data_02_mir/recover-20220922/UBNA_001/20220921_090000.WAV,Telephone Field,recover-20220922,001,1795
1069.4875,1069.4989,56406,60833,Pipistrellus pygmaeus,0.024,0.024,-1,Echolocation,/mnt/ubna_data_02_mir/recover-20220922/UBNA_001/20220921_090000.WAV,Telephone Field,recover-20220922,001,1795
1069.4875,1069.4975,28046,36529,Eptesicus serotinus,0.01,0.024,-1,Echolocation,/mnt/ubna_data_02_mir/recover-20220922/UBNA_001/20220921_090000.WAV,Telephone Field,recover-20220922,001,1795
1069.4995,1069.5385,68437,81563,Rhinolophus ferrumequinum,0.022,0.022,-1,Echolocation,/mnt/ubna_data_02_mir/recover-20220922/UBNA_001/20220921_090000.WAV,Telephone Field,recover-20220922,001,1795
1069.5085,1069.5167,28906,39013,Eptesicus serotinus,0.007,0.022,-1,Echolocation,/mnt/ubna_data_02_mir/recover-20220922/UBNA_001/20220921_090000.WAV,Telephone Field,recover-20220922,001,1795
1069.5545,1069.5669,22890,27849,Nyctalus leisleri,0.014,0.029,-1,Echolocation,/mnt/ubna_data_02_mir/recover-20220922/UBNA_001/20220921_090000.WAV,Telephone Field,recover-20220922,001,1795
1069.5555,1069.5931,68437,81461,Rhinolophus ferrumequinum,0.024,0.024,-1,Echolocation,/mnt/ubna_data_02_mir/recover-20220922/UBNA_001/20220921_090000.WAV,Telephone Field,recover-20220922,001,1795
1069.6035,1069.6109,47812,51879,Pipistrellus pipistrellus,0.02,0.021,-1,Echolocation,/mnt/ubna_data_02_mir/recover-20220922/UBNA_001/20220921_090000.WAV,Telephone Field,recover-20220922,001,1795
1069.6245,1069.665,68437,82159,Rhinolophus ferrumequinum,0.022,0.022,-1,Echolocation,/mnt/ubna_data_02_mir/recover-20220922/UBNA_001/20220921_090000.WAV,Telephone Field,recover-20220922,001,1795
1069.6335,1069.6439,23750,30601,Nyctalus leisleri,0.007,0.021,-1,Echolocation,/mnt/ubna_data_02_mir/recover-20220922/UBNA_001/20220921_090000.WAV,Telephone Field,recover-20220922,001,1795
1069.6365,1069.6787,68437,82420,Rhinolophus ferrumequinum,0.023,0.023,-1,Echolocation,/mnt/ubna_data_02_mir/recover-20220922/UBNA_001/20220921_090000.WAV,Telephone Field,recover-20220922,001,1795
1069.6635,1069.7019,68437,82005,Rhinolophus ferrumequinum,0.028,0.028,-1,Echolocation,/mnt/ubna_data_02_mir/recover-20220922/UBNA_001/20220921_090000.WAV,Telephone Field,recover-20220922,001,1795
1069.6745,1069.7108,68437,81213,Rhinolophus ferrumequinum,0.022,0.023,-1,Echolocation,/mnt/ubna_data_02_mir/recover-20220922/UBNA_001/20220921_090000.WAV,Telephone Field,recover-20220922,001,1795
1069.7035,1069.7459,68437,82371,Rhinolophus ferrumequinum,0.027,0.027,-1,Echolocation,/mnt/ubna_data_02_mir/recover-20220922/UBNA_001/20220921_090000.WAV,Telephone Field,recover-20220922,001,1795
1069.7075,1069.7159,27187,39581,Eptesicus serotinus,0.01,0.026,-1,Echolocation,/mnt/ubna_data_02_mir/recover-20220922/UBNA_001/20220921_090000.WAV,Telephone Field,recover-20220922,001,1795
1069.7415,1069.7537,22890,27772,Nyctalus leisleri,0.013,0.025,-1,Echolocation,/mnt/ubna_data_02_mir/recover-20220922/UBNA_001/20220921_090000.WAV,Telephone Field,recover-20220922,001,1795
1069.7515,1069.759,29765,40662,Eptesicus serotinus,0.008,0.025,-1,Echolocation,/mnt/ubna_data_02_mir/recover-20220922/UBNA_001/20220921_090000.WAV,Telephone Field,recover-20220922,001,1795
1069.7915,1069.8304,68437,81706,Rhinolophus ferrumequinum,0.021,0.021,-1,Echolocation,/mnt/ubna_data_02_mir/recover-20220922/UBNA_001/20220921_090000.WAV,Telephone Field,recover-20220922,001,1795
1069.8115,1069.8552,68437,83418,Rhinolophus ferrumequinum,0.027,0.027,-1,Echolocation,/mnt/ubna_data_02_mir/recover-20220922/UBNA_001/20220921_090000.WAV,Telephone Field,recover-20220922,001,1795
1069.8475,1069.8855,68437,81668,Rhinolophus ferrumequinum,0.028,0.028,-1,Echolocation,/mnt/ubna_data_02_mir/recover-20220922/UBNA_001/20220921_090000.WAV,Telephone Field,recover-20220922,001,1795
1069.8485,1069.8593,28906,35687,Eptesicus serotinus,0.013,0.025,-1,Echolocation,/mnt/ubna_data_02_mir/recover-20220922/UBNA_001/20220921_090000.WAV,Telephone Field,recover-20220922,001,1795
1069.8555,1069.8938,68437,82333,Rhinolophus ferrumequinum,0.022,0.022,-1,Echolocation,/mnt/ubna_data_02_mir/recover-20220922/UBNA_001/20220921_090000.WAV,Telephone Field,recover-20220922,001,1795
1069.8785,1069.9187,68437,82290,Rhinolophus ferrumequinum,0.022,0.022,-1,Echolocation,/mnt/ubna_data_02_mir/recover-20220922/UBNA_001/20220921_090000.WAV,Telephone Field,recover-20220922,001,1795
1069.8985,1069.9083,27187,37358,Eptesicus serotinus,0.01,0.024,-1,Echolocation,/mnt/ubna_data_02_mir/recover-20220922/UBNA_001/20220921_090000.WAV,Telephone Field,recover-20220922,001,1795
1069.8995,1069.9407,68437,82469,Rhinolophus ferrumequinum,0.027,0.027,-1,Echolocation,/mnt/ubna_data_02_mir/recover-20220922/UBNA_001/20220921_090000.WAV,Telephone Field,recover-20220922,001,1795
1069.9055,1069.9146,28906,37488,Eptesicus serotinus,0.01,0.025,-1,Echolocation,/mnt/ubna_data_02_mir/recover-20220922/UBNA_001/20220921_090000.WAV,Telephone Field,recover-20220922,001,1795
1070.0015,1070.0095,23750,31243,Nyctalus leisleri,0.011,0.033,-1,Echolocation,/mnt/ubna_data_02_mir/recover-20220922/UBNA_001/20220921_090000.WAV,Telephone Field,recover-20220922,001,1795
1070.0015,1070.0315,70156,81877,Rhinolophus ferrumequinum,0.026,0.026,-1,Echolocation,/mnt/ubna_data_02_mir/recover-20220922/UBNA_001/20220921_090000.WAV,Telephone Field,recover-20220922,001,1795
1070.0155,1070.0518,68437,81365,Rhinolophus ferrumequinum,0.022,0.022,-1,Echolocation,/mnt/ubna_data_02_mir/recover-20220922/UBNA_001/20220921_090000.WAV,Telephone Field,recover-20220922,001,1795
1070.0245,1070.0345,29765,37489,Eptesicus serotinus,0.008,0.02,-1,Echolocation,/mnt/ubna_data_02_mir/recover-20220922/UBNA_001/20220921_090000.WAV,Telephone Field,recover-20220922,001,1795
1070.0345,1070.0709,68437,81714,Rhinolophus ferrumequinum,0.02,0.02,-1,Echolocation,/mnt/ubna_data_02_mir/recover-20220922/UBNA_001/20220921_090000.WAV,Telephone Field,recover-20220922,001,1795
1070.0655,1070.0759,27187,34518,Eptesicus serotinus,0.009,0.021,-1,Echolocation,/mnt/ubna_data_02_mir/recover-20220922/UBNA_001/20220921_090000.WAV,Telephone Field,recover-20220922,001,1795
1070.0785,1070.1174,68437,81944,Rhinolophus ferrumequinum,0.021,0.021,-1,Echolocation,/mnt/ubna_data_02_mir/recover-20220922/UBNA_001/20220921_090000.WAV,Telephone Field,recover-20220922,001,1795
1070.1045,1070.1443,68437,81909,Rhinolophus ferrumequinum,0.021,0.021,-1,Echolocation,/mnt/ubna_data_02_mir/recover-20220922/UBNA_001/20220921_090000.WAV,Telephone Field,recover-20220922,001,1795
1070.1115,1070.122,22890,29010,Nyctalus leisleri,0.009,0.022,-1,Echolocation,/mnt/ubna_data_02_mir/recover-20220922/UBNA_001/20220921_090000.WAV,Telephone Field,recover-20220922,001,1795
1070.1115,1070.1191,28046,41211,Eptesicus serotinus,0.006,0.02,-1,Echolocation,/mnt/ubna_data_02_mir/recover-20220922/UBNA_001/20220921_090000.WAV,Telephone Field,recover-20220922,001,1795
1070.1375,1070.1471,28046,36008,Eptesicus serotinus,0.008,0.02,-1,Echolocation,/mnt/ubna_data_02_mir/recover-20220922/UBNA_001/20220921_090000.WAV,Telephone Field,recover-20220922,001,1795
1070.1735,1070.2101,68437,81312,Rhinolophus ferrumequinum,0.021,0.021,-1,Echolocation,/mnt/ubna_data_02_mir/recover-20220922/UBNA_001/20220921_090000.WAV,Telephone Field,recover-20220922,001,1795
1070.2075,1070.2467,68437,82380,Rhinolophus ferrumequinum,0.026,0.026,-1,Echolocation,/mnt/ubna_data_02_mir/recover-20220922/UBNA_001/20220921_090000.WAV,Telephone Field,recover-20220922,001,1795
1070.2105,1070.2187,29765,38018,Eptesicus serotinus,0.007,0.021,-1,Echolocation,/mnt/ubna_data_02_mir/recover-20220922/UBNA_001/20220921_090000.WAV,Telephone Field,recover-20220922,001,1795
1070.2115,1070.2216,22031,26324,Nyctalus leisleri,0.011,0.022,-1,Echolocation,/mnt/ubna_data_02_mir/recover-20220922/UBNA_001/20220921_090000.WAV,Telephone Field,recover-20220922,001,1795
1070.2475,1070.286,68437,82215,Rhinolophus ferrumequinum,0.024,0.024,-1,Echolocation,/mnt/ubna_data_02_mir/recover-20220922/UBNA_001/20220921_090000.WAV,Telephone Field,recover-20220922,001,1795
1070.2495,1070.2561,25468,35084,Plecotus austriacus,0.015,0.037,-1,Echolocation,/mnt/ubna_data_02_mir/recover-20220922/UBNA_001/20220921_090000.WAV,Telephone Field,recover-20220922,001,1795
1070.2755,1070.3139,68437,82211,Rhinolophus ferrumequinum,0.021,0.021,-1,Echolocation,/mnt/ubna_data_02_mir/recover-20220922/UBNA_001/20220921_090000.WAV,Telephone Field,recover-20220922,001,1795
1070.2755,1070.287,44375,47443,Pipistrellus pipistrellus,0.033,0.036,-1,Echolocation,/mnt/ubna_data_02_mir/recover-20220922/UBNA_001/20220921_090000.WAV,Telephone Field,recover-20220922,001,1795
1070.2995,1070.3091,28906,36586,Eptesicus serotinus,0.008,0.023,-1,Echolocation,/mnt/ubna_data_02_mir/recover-20220922/UBNA_001/20220921_090000.WAV,Telephone Field,recover-20220922,001,1795
1070.3315,1070.3695,68437,81592,Rhinolophus ferrumequinum,0.021,0.021,-1,Echolocation,/mnt/ubna_data_02_mir/recover-20220922/UBNA_001/20220921_090000.WAV,Telephone Field,recover-20220922,001,1795
1070.3405,1070.3531,23750,28455,Nyctalus leisleri,0.011,0.022,-1,Echolocation,/mnt/ubna_data_02_mir/recover-20220922/UBNA_001/20220921_090000.WAV,Telephone Field,recover-20220922,001,1795
1070.3675,1070.4077,68437,81608,Rhinolophus ferrumequinum,0.028,0.028,-1,Echolocation,/mnt/ubna_data_02_mir/recover-20220922/UBNA_001/20220921_090000.WAV,Telephone Field,recover-20220922,001,1795
1070.3825,1070.4176,68437,81167,Rhinolophus ferrumequinum,0.02,0.02,-1,Echolocation,/mnt/ubna_data_02_mir/recover-20220922/UBNA_001/20220921_090000.WAV,Telephone Field,recover-20220922,001,1795
1070.4655,1070.507,68437,82883,Rhinolophus ferrumequinum,0.02,0.02,-1,Echolocation,/mnt/ubna_data_02_mir/recover-20220922/UBNA_001/20220921_090000.WAV,Telephone Field,recover-20220922,001,1795
1070.4785,1070.5171,68437,82365,Rhinolophus ferrumequinum,0.022,0.022,-1,Echolocation,/mnt/ubna_data_02_mir/recover-20220922/UBNA_001/20220921_090000.WAV,Telephone Field,recover-20220922,001,1795
1070.4795,1070.4881,28046,38977,Eptesicus serotinus,0.008,0.022,-1,Echolocation,/mnt/ubna_data_02_mir/recover-20220922/UBNA_001/20220921_090000.WAV,Telephone Field,recover-20220922,001,1795
1070.5045,1070.5122,26328,36021,Eptesicus serotinus,0.01,0.029,-1,Echolocation,/mnt/ubna_data_02_mir/recover-20220922/UBNA_001/20220921_090000.WAV,Telephone Field,recover-20220922,001,1795
1070.5155,1070.5565,68437,82904,Rhinolophus ferrumequinum,0.024,0.024,-1,Echolocation,/mnt/ubna_data_02_mir/recover-20220922/UBNA_001/20220921_090000.WAV,Telephone Field,recover-20220922,001,1795
1070.5395,1070.5498,22031,26768,Nyctalus leisleri,0.011,0.021,-1,Echolocation,/mnt/ubna_data_02_mir/recover-20220922/UBNA_001/20220921_090000.WAV,Telephone Field,recover-20220922,001,1795
1070.5465,1070.5561,28906,36909,Eptesicus serotinus,0.009,0.022,-1,Echolocation,/mnt/ubna_data_02_mir/recover-20220922/UBNA_001/20220921_090000.WAV,Telephone Field,recover-20220922,001,1795
1070.5675,1070.5765,25468,33323,Eptesicus serotinus,0.012,0.032,-1,Echolocation,/mnt/ubna_data_02_mir/recover-20220922/UBNA_001/20220921_090000.WAV,Telephone Field,recover-20220922,001,1795
1070.5845,1070.6229,68437,81897,Rhinolophus ferrumequinum,0.02,0.02,-1,Echolocation,/mnt/ubna_data_02_mir/recover-20220922/UBNA_001/20220921_090000.WAV,Telephone Field,recover-20220922,001,1795
1070.6215,1070.6592,68437,82503,Rhinolophus ferrumequinum,0.025,0.025,-1,Echolocation,/mnt/ubna_data_02_mir/recover-20220922/UBNA_001/20220921_090000.WAV,Telephone Field,recover-20220922,001,1795
1070.6485,1070.656,26328,35964,Eptesicus serotinus,0.006,0.02,-1,Echolocation,/mnt/ubna_data_02_mir/recover-20220922/UBNA_001/20220921_090000.WAV,Telephone Field,recover-20220922,001,1795
1070.6525,1070.6856,68437,80770,Rhinolophus ferrumequinum,0.02,0.02,-1,Echolocation,/mnt/ubna_data_02_mir/recover-20220922/UBNA_001/20220921_090000.WAV,Telephone Field,recover-20220922,001,1795
1070.6655,1070.6726,24609,35134,Plecotus austriacus,0.017,0.042,-1,Echolocation,/mnt/ubna_data_02_mir/recover-20220922/UBNA_001/20220921_090000.WAV,Telephone Field,recover-20220922,001,1795
1070.6985,1070.7354,68437,81410,Rhinolophus ferrumequinum,0.02,0.02,-1,Echolocation,/mnt/ubna_data_02_mir/recover-20220922/UBNA_001/20220921_090000.WAV,Telephone Field,recover-20220922,001,1795
1070.7395,1070.7476,28046,42129,Eptesicus serotinus,0.009,0.023,-1,Echolocation,/mnt/ubna_data_02_mir/recover-20220922/UBNA_001/20220921_090000.WAV,Telephone Field,recover-20220922,001,1795
1070.7515,1070.7602,31484,39534,Myotis daubentonii,0.008,0.024,-1,Echolocation,/mnt/ubna_data_02_mir/recover-20220922/UBNA_001/20220921_090000.WAV,Telephone Field,recover-20220922,001,1795
1070.7595,1070.7702,28906,35348,Eptesicus serotinus,0.008,0.021,-1,Echolocation,/mnt/ubna_data_02_mir/recover-20220922/UBNA_001/20220921_090000.WAV,Telephone Field,recover-20220922,001,1795
1070.7605,1070.7705,24609,30993,Nyctalus leisleri,0.008,0.022,-1,Echolocation,/mnt/ubna_data_02_mir/recover-20220922/UBNA_001/20220921_090000.WAV,Telephone Field,recover-20220922,001,1795
1070.7775,1070.7892,23750,29146,Nyctalus leisleri,0.015,0.029,-1,Echolocation,/mnt/ubna_data_02_mir/recover-20220922/UBNA_001/20220921_090000.WAV,Telephone Field,recover-20220922,001,1795
1070.8065,1070.8436,68437,81366,Rhinolophus ferrumequinum,0.021,0.021,-1,Echolocation,/mnt/ubna_data_02_mir/recover-20220922/UBNA_001/20220921_090000.WAV,Telephone Field,recover-20220922,001,1795
1070.8145,1070.853,68437,82333,Rhinolophus ferrumequinum,0.021,0.021,-1,Echolocation,/mnt/ubna_data_02_mir/recover-20220922/UBNA_001/20220921_090000.WAV,Telephone Field,recover-20220922,001,1795
1070.8505,1070.89,68437,82447,Rhinolophus ferrumequinum,0.021,0.021,-1,Echolocation,/mnt/ubna_data_02_mir/recover-20220922/UBNA_001/20220921_090000.WAV,Telephone Field,recover-20220922,001,1795
1070.8555,1070.8659,28906,35328,Eptesicus serotinus,0.009,0.021,-1,Echolocation,/mnt/ubna_data_02_mir/recover-20220922/UBNA_001/20220921_090000.WAV,Telephone Field,recover-20220922,001,1795
1070.8925,1070.9021,23750,31107,Nyctalus leisleri,0.009,0.026,-1,Echolocation,/mnt/ubna_data_02_mir/recover-20220922/UBNA_001/20220921_090000.WAV,Telephone Field,recover-20220922,001,1795
1070.9065,1070.9444,68437,81733,Rhinolophus ferrumequinum,0.021,0.021,-1,Echolocation,/mnt/ubna_data_02_mir/recover-20220922/UBNA_001/20220921_090000.WAV,Telephone Field,recover-20220922,001,1795
1070.9445,1070.9831,68437,82163,Rhinolophus ferrumequinum,0.021,0.021,-1,Echolocation,/mnt/ubna_data_02_mir/recover-20220922/UBNA_001/20220921_090000.WAV,Telephone Field,recover-20220922,001,1795
1070.9515,1070.9609,23750,31258,Nyctalus leisleri,0.007,0.022,-1,Echolocation,/mnt/ubna_data_02_mir/recover-20220922/UBNA_001/20220921_090000.WAV,Telephone Field,recover-20220922,001,1795
1071.0185,1071.0596,68437,82083,Rhinolophus ferrumequinum,0.02,0.02,-1,Echolocation,/mnt/ubna_data_02_mir/recover-20220922/UBNA_001/20220921_090000.WAV,Telephone Field,recover-20220922,001,1795
1071.0345,1071.0739,68437,82351,Rhinolophus ferrumequinum,0.024,0.024,-1,Echolocation,/mnt/ubna_data_02_mir/recover-20220922/UBNA_001/20220921_090000.WAV,Telephone Field,recover-20220922,001,1795
1071.0425,1071.0515,24609,32705,Eptesicus serotinus,0.006,0.021,-1,Echolocation,/mnt/ubna_data_02_mir/recover-20220922/UBNA_001/20220921_090000.WAV,Telephone Field,recover-20220922,001,1795
1071.0775,1071.1184,68437,82315,Rhinolophus ferrumequinum,0.021,0.021,-1,Echolocation,/mnt/ubna_data_02_mir/recover-20220922/UBNA_001/20220921_090000.WAV,Telephone Field,recover-20220922,001,1795
1071.0885,1071.0952,25468,40409,Myotis nattereri,0.005,0.022,-1,Echolocation,/mnt/ubna_data_02_mir/recover-20220922/UBNA_001/20220921_090000.WAV,Telephone Field,recover-20220922,001,1795
1071.1505,1071.1613,28906,35115,Eptesicus serotinus,0.011,0.024,-1,Echolocation,/mnt/ubna_data_02_mir/recover-20220922/UBNA_001/20220921_090000.WAV,Telephone Field,recover-20220922,001,1795
1071.1595,1071.1976,68437,81406,Rhinolophus ferrumequinum,0.02,0.02,-1,Echolocation,/mnt/ubna_data_02_mir/recover-20220922/UBNA_001/20220921_090000.WAV,Telephone Field,recover-20220922,001,1795
1071.1865,1071.2249,68437,82002,Rhinolophus ferrumequinum,0.02,0.02,-1,Echolocation,/mnt/ubna_data_02_mir/recover-20220922/UBNA_001/20220921_090000.WAV,Telephone Field,recover-20220922,001,1795
1071.1875,1071.1948,24609,34440,Plecotus austriacus,0.014,0.032,-1,Echolocation,/mnt/ubna_data_02_mir/recover-20220922/UBNA_001/20220921_090000.WAV,Telephone Field,recover-20220922,001,1795
1071.2075,1071.2473,68437,82240,Rhinolophus ferrumequinum,0.021,0.021,-1,Echolocation,/mnt/ubna_data_02_mir/recover-20220922/UBNA_001/20220921_090000.WAV,Telephone Field,recover-20220922,001,1795
1071.2255,1071.2654,68437,82724,Rhinolophus ferrumequinum,0.021,0.021,-1,Echolocation,/mnt/ubna_data_02_mir/recover-20220922/UBNA_001/20220921_090000.WAV,Telephone Field,recover-20220922,001,1795
1071.2405,1071.2493,25468,33640,Nyctalus leisleri,0.006,0.022,-1,Echolocation,/mnt/ubna_data_02_mir/recover-20220922/UBNA_001/20220921_090000.WAV,Telephone Field,recover-20220922,001,1795
1071.2585,1071.3001,68437,82955,Rhinolophus ferrumequinum,0.026,0.026,-1,Echolocation,/mnt/ubna_data_02_mir/recover-20220922/UBNA_001/20220921_090000.WAV,Telephone Field,recover-20220922,001,1795
1071.2875,1071.2976,23750,28480,Nyctalus leisleri,0.011,0.021,-1,Echolocation,/mnt/ubna_data_02_mir/recover-20220922/UBNA_001/20220921_090000.WAV,Telephone Field,recover-20220922,001,1795
1071.2955,1071.3354,68437,82691,Rhinolophus ferrumequinum,0.023,0.023,-1,Echolocation,/mnt/ubna_data_02_mir/recover-20220922/UBNA_001/20220921_090000.WAV,Telephone Field,recover-20220922,001,1795
1071.3135,1071.3538,68437,82222,Rhinolophus ferrumequinum,0.022,0.022,-1,Echolocation,/mnt/ubna_data_02_mir/recover-20220922/UBNA_001/20220921_090000.WAV,Telephone Field,recover-20220922,001,1795
1071.3525,1071.3635,28906,34961,Eptesicus serotinus,0.012,0.024,-1,Echolocation,/mnt/ubna_data_02_mir/recover-20220922/UBNA_001/20220921_090000.WAV,Telephone Field,recover-20220922,001,1795
1071.3805,1071.4175,68437,81533,Rhinolophus ferrumequinum,0.022,0.022,-1,Echolocation,/mnt/ubna_data_02_mir/recover-20220922/UBNA_001/20220921_090000.WAV,Telephone Field,recover-20220922,001,1795
1071.3955,1071.4337,68437,82090,Rhinolophus ferrumequinum,0.021,0.021,-1,Echolocation,/mnt/ubna_data_02_mir/recover-20220922/UBNA_001/20220921_090000.WAV,Telephone Field,recover-20220922,001,1795
1071.3955,1071.4022,27187,40714,Eptesicus serotinus,0.006,0.024,-1,Echolocation,/mnt/ubna_data_02_mir/recover-20220922/UBNA_001/20220921_090000.WAV,Telephone Field,recover-20220922,001,1795
1071.4535,1071.4626,22890,29654,Plecotus austriacus,0.008,0.023,-1,Echolocation,/mnt/ubna_data_02_mir/recover-20220922/UBNA_001/20220921_090000.WAV,Telephone Field,recover-20220922,001,1795
1071.4875,1071.4976,24609,31043,Nyctalus leisleri,0.008,0.022,-1,Echolocation,/mnt/ubna_data_02_mir/recover-20220922/UBNA_001/20220921_090000.WAV,Telephone Field,recover-20220922,001,1795
1071.4955,1071.535,68437,82425,Rhinolophus ferrumequinum,0.023,0.023,-1,Echolocation,/mnt/ubna_data_02_mir/recover-20220922/UBNA_001/20220921_090000.WAV,Telephone Field,recover-20220922,001,1795
1071.5365,1071.5766,68437,82476,Rhinolophus ferrumequinum,0.025,0.025,-1,Echolocation,/mnt/ubna_data_02_mir/recover-20220922/UBNA_001/20220921_090000.WAV,Telephone Field,recover-20220922,001,1795
1071.5475,1071.5554,28046,40284,Eptesicus serotinus,0.007,0.02,-1,Echolocation,/mnt/ubna_data_02_mir/recover-20220922/UBNA_001/20220921_090000.WAV,Telephone Field,recover-20220922,001,1795
1071.5655,1071.6019000000001,68437,81014,Rhinolophus ferrumequinum,0.021,0.021,-1,Echolocation,/mnt/ubna_data_02_mir/recover-20220922/UBNA_001/20220921_090000.WAV,Telephone Field,recover-20220922,001,1795
1071.6005,1071.6077,28046,40119,Eptesicus serotinus,0.007,0.023,-1,Echolocation,/mnt/ubna_data_02_mir/recover-20220922/UBNA_001/20220921_090000.WAV,Telephone Field,recover-20220922,001,1795
1071.6155,1071.6536,68437,81695,Rhinolophus ferrumequinum,0.02,0.02,-1,Echolocation,/mnt/ubna_data_02_mir/recover-20220922/UBNA_001/20220921_090000.WAV,Telephone Field,recover-20220922,001,1795
1071.6435,1071.6534,28906,36454,Eptesicus serotinus,0.009,0.02,-1,Echolocation,/mnt/ubna_data_02_mir/recover-20220922/UBNA_001/20220921_090000.WAV,Telephone Field,recover-20220922,001,1795
1071.6565,1071.6955,68437,81937,Rhinolophus ferrumequinum,0.021,0.021,-1,Echolocation,/mnt/ubna_data_02_mir/recover-20220922/UBNA_001/20220921_090000.WAV,Telephone Field,recover-20220922,001,1795
1071.6615,1071.7007,68437,81842,Rhinolophus ferrumequinum,0.021,0.021,-1,Echolocation,/mnt/ubna_data_02_mir/recover-20220922/UBNA_001/20220921_090000.WAV,Telephone Field,recover-20220922,001,1795
1071.6765,1071.7145,68437,81607,Rhinolophus ferrumequinum,0.023,0.023,-1,Echolocation,/mnt/ubna_data_02_mir/recover-20220922/UBNA_001/20220921_090000.WAV,Telephone Field,recover-20220922,001,1795
1071.6925,1071.7322,68437,82380,Rhinolophus ferrumequinum,0.022,0.022,-1,Echolocation,/mnt/ubna_data_02_mir/recover-20220922/UBNA_001/20220921_090000.WAV,Telephone Field,recover-20220922,001,1795
1071.7005,1071.7101,22031,27208,Nyctalus leisleri,0.008,0.021,-1,Echolocation,/mnt/ubna_data_02_mir/recover-20220922/UBNA_001/20220921_090000.WAV,Telephone Field,recover-20220922,001,1795
1071.7155,1071.7545,68437,81299,Rhinolophus ferrumequinum,0.022,0.022,-1,Echolocation,/mnt/ubna_data_02_mir/recover-20220922/UBNA_001/20220921_090000.WAV,Telephone Field,recover-20220922,001,1795
1071.8005,1071.8074,26328,38292,Eptesicus serotinus,0.006,0.021,-1,Echolocation,/mnt/ubna_data_02_mir/recover-20220922/UBNA_001/20220921_090000.WAV,Telephone Field,recover-20220922,001,1795
1071.8255,1071.8355999999999,27187,36272,Eptesicus serotinus,0.011,0.023,-1,Echolocation,/mnt/ubna_data_02_mir/recover-20220922/UBNA_001/20220921_090000.WAV,Telephone Field,recover-20220922,001,1795
1071.8435,1071.8819,68437,81868,Rhinolophus ferrumequinum,0.02,0.02,-1,Echolocation,/mnt/ubna_data_02_mir/recover-20220922/UBNA_001/20220921_090000.WAV,Telephone Field,recover-20220922,001,1795
1071.8755,1071.882,33203,45121,Myotis daubentonii,0.009,0.021,-1,Echolocation,/mnt/ubna_data_02_mir/recover-20220922/UBNA_001/20220921_090000.WAV,Telephone Field,recover-20220922,001,1795
1071.8975,1071.9355,68437,82047,Rhinolophus ferrumequinum,0.021,0.021,-1,Echolocation,/mnt/ubna_data_02_mir/recover-20220922/UBNA_001/20220921_090000.WAV,Telephone Field,recover-20220922,001,1795
1071.9135,1071.926,22890,27786,Nyctalus leisleri,0.011,0.021,-1,Echolocation,/mnt/ubna_data_02_mir/recover-20220922/UBNA_001/20220921_090000.WAV,Telephone Field,recover-20220922,001,1795
1071.9145,1071.9543,68437,82628,Rhinolophus ferrumequinum,0.024,0.024,-1,Echolocation,/mnt/ubna_data_02_mir/recover-20220922/UBNA_001/20220921_090000.WAV,Telephone Field,recover-20220922,001,1795
1071.9225,1071.9296,28046,39262,Eptesicus serotinus,0.006,0.021,-1,Echolocation,/mnt/ubna_data_02_mir/recover-20220922/UBNA_001/20220921_090000.WAV,Telephone Field,recover-20220922,001,1795
1072.0015,1072.0377,68437,80018,Rhinolophus ferrumequinum,0.061,0.061,-1,Echolocation,/mnt/ubna_data_02_mir/recover-20220922/UBNA_001/20220921_090000.WAV,Telephone Field,recover-20220922,001,1795
1072.0015,1072.0177,16875,22355,Nyctalus noctula,0.015,0.029,-1,Echolocation,/mnt/ubna_data_02_mir/recover-20220922/UBNA_001/20220921_090000.WAV,Telephone Field,recover-20220922,001,1795
1072.0015,1072.0085,25468,39920,Myotis nattereri,0.007,0.032,-1,Echolocation,/mnt/ubna_data_02_mir/recover-20220922/UBNA_001/20220921_090000.WAV,Telephone Field,recover-20220922,001,1795
1072.0015,1072.0079,34921,53531,Myotis daubentonii,0.009,0.024,-1,Echolocation,/mnt/ubna_data_02_mir/recover-20220922/UBNA_001/20220921_090000.WAV,Telephone Field,recover-20220922,001,1795
1072.0385,1072.0475,27187,37571,Eptesicus serotinus,0.01,0.024,-1,Echolocation,/mnt/ubna_data_02_mir/recover-20220922/UBNA_001/20220921_090000.WAV,Telephone Field,recover-20220922,001,1795
1072.0565,1072.0634,27187,46734,Eptesicus serotinus,0.006,0.021,-1,Echolocation,/mnt/ubna_data_02_mir/recover-20220922/UBNA_001/20220921_090000.WAV,Telephone Field,recover-20220922,001,1795
1072.0995,1072.1342,68437,80387,Rhinolophus ferrumequinum,0.025,0.025,-1,Echolocation,/mnt/ubna_data_02_mir/recover-20220922/UBNA_001/20220921_090000.WAV,Telephone Field,recover-20220922,001,1795
1072.1285,1072.1676,68437,82303,Rhinolophus ferrumequinum,0.023,0.023,-1,Echolocation,/mnt/ubna_data_02_mir/recover-20220922/UBNA_001/20220921_090000.WAV,Telephone Field,recover-20220922,001,1795
1072.2135,1072.2536,68437,82656,Rhinolophus ferrumequinum,0.022,0.022,-1,Echolocation,/mnt/ubna_data_02_mir/recover-20220922/UBNA_001/20220921_090000.WAV,Telephone Field,recover-20220922,001,1795
1072.2365,1072.276,68437,82564,Rhinolophus ferrumequinum,0.025,0.025,-1,Echolocation,/mnt/ubna_data_02_mir/recover-20220922/UBNA_001/20220921_090000.WAV,Telephone Field,recover-20220922,001,1795
1072.2585,1072.3009,68437,82498,Rhinolophus ferrumequinum,0.024,0.024,-1,Echolocation,/mnt/ubna_data_02_mir/recover-20220922/UBNA_001/20220921_090000.WAV,Telephone Field,recover-20220922,001,1795
1072.2785,1072.2883,48671,56347,Pipistrellus pipistrellus,0.023,0.026,-1,Echolocation,/mnt/ubna_data_02_mir/recover-20220922/UBNA_001/20220921_090000.WAV,Telephone Field,recover-20220922,001,1795
1072.2845,1072.2943,14296,23333,Plecotus auritus,0.012,0.029,-1,Echolocation,/mnt/ubna_data_02_mir/recover-20220922/UBNA_001/20220921_090000.WAV,Telephone Field,recover-20220922,001,1795
1072.3275,1072.3652,68437,81838,Rhinolophus ferrumequinum,0.024,0.024,-1,Echolocation,/mnt/ubna_data_02_mir/recover-20220922/UBNA_001/20220921_090000.WAV,Telephone Field,recover-20220922,001,1795
1072.3485,1072.3578,28046,38022,Eptesicus serotinus,0.009,0.022,-1,Echolocation,/mnt/ubna_data_02_mir/recover-20220922/UBNA_001/20220921_090000.WAV,Telephone Field,recover-20220922,001,1795
1072.3515,1072.3917,68437,82428,Rhinolophus ferrumequinum,0.022,0.022,-1,Echolocation,/mnt/ubna_data_02_mir/recover-20220922/UBNA_001/20220921_090000.WAV,Telephone Field,recover-20220922,001,1795
1072.4015,1072.4413,68437,82616,Rhinolophus ferrumequinum,0.022,0.022,-1,Echolocation,/mnt/ubna_data_02_mir/recover-20220922/UBNA_001/20220921_090000.WAV,Telephone Field,recover-20220922,001,1795
1072.4225,1072.4288,28046,39567,Eptesicus serotinus,0.007,0.028,-1,Echolocation,/mnt/ubna_data_02_mir/recover-20220922/UBNA_001/20220921_090000.WAV,Telephone Field,recover-20220922,001,1795
1072.4335,1072.472,68437,81960,Rhinolophus ferrumequinum,0.023,0.023,-1,Echolocation,/mnt/ubna_data_02_mir/recover-20220922/UBNA_001/20220921_090000.WAV,Telephone Field,recover-20220922,001,1795
1072.4435,1072.4501,27187,41445,Eptesicus serotinus,0.006,0.022,-1,Echolocation,/mnt/ubna_data_02_mir/recover-20220922/UBNA_001/20220921_090000.WAV,Telephone Field,recover-20220922,001,1795
1072.4595,1072.4956,68437,81954,Rhinolophus ferrumequinum,0.024,0.024,-1,Echolocation,/mnt/ubna_data_02_mir/recover-20220922/UBNA_001/20220921_090000.WAV,Telephone Field,recover-20220922,001,1795
1072.4675,1072.4763,29765,38127,Eptesicus serotinus,0.008,0.024,-1,Echolocation,/mnt/ubna_data_02_mir/recover-20220922/UBNA_001/20220921_090000.WAV,Telephone Field,recover-20220922,001,1795
1072.4675,1072.4759,24609,32410,Plecotus austriacus,0.007,0.022,-1,Echolocation,/mnt/ubna_data_02_mir/recover-20220922/UBNA_001/20220921_090000.WAV,Telephone Field,recover-20220922,001,1795
1072.4825,1072.4957,23750,28153,Nyctalus leisleri,0.021,0.039,-1,Echolocation,/mnt/ubna_data_02_mir/recover-20220922/UBNA_001/20220921_090000.WAV,Telephone Field,recover-20220922,001,1795
1072.4905,1072.5234,68437,80673,Rhinolophus ferrumequinum,0.024,0.024,-1,Echolocation,/mnt/ubna_data_02_mir/recover-20220922/UBNA_001/20220921_090000.WAV,Telephone Field,recover-20220922,001,1795
1072.5025,1072.5097,28046,39245,Eptesicus serotinus,0.007,0.025,-1,Echolocation,/mnt/ubna_data_02_mir/recover-20220922/UBNA_001/20220921_090000.WAV,Telephone Field,recover-20220922,001,1795
1072.5125,1072.5204,50390,55337,Pipistrellus pipistrellus,0.049,0.053,-1,Echolocation,/mnt/ubna_data_02_mir/recover-20220922/UBNA_001/20220921_090000.WAV,Telephone Field,recover-20220922,001,1795
1072.5135,1072.5537,68437,82500,Rhinolophus ferrumequinum,0.022,0.022,-1,Echolocation,/mnt/ubna_data_02_mir/recover-20220922/UBNA_001/20220921_090000.WAV,Telephone Field,recover-20220922,001,1795
1072.5225,1072.5627,68437,82584,Rhinolophus ferrumequinum,0.028,0.028,-1,Echolocation,/mnt/ubna_data_02_mir/recover-20220922/UBNA_001/20220921_090000.WAV,Telephone Field,recover-20220922,001,1795
1072.6185,1072.6575,68437,82114,Rhinolophus ferrumequinum,0.022,0.022,-1,Echolocation,/mnt/ubna_data_02_mir/recover-20220922/UBNA_001/20220921_090000.WAV,Telephone Field,recover-20220922,001,1795
1072.6315,1072.6394,46093,54701,Pipistrellus pipistrellus,0.016,0.023,-1,Echolocation,/mnt/ubna_data_02_mir/recover-20220922/UBNA_001/20220921_090000.WAV,Telephone Field,recover-20220922,001,1795
1072.6465,1072.6843,68437,82095,Rhinolophus ferrumequinum,0.034,0.034,-1,Echolocation,/mnt/ubna_data_02_mir/recover-20220922/UBNA_001/20220921_090000.WAV,Telephone Field,recover-20220922,001,1795
1072.6695,1072.7081,68437,82336,Rhinolophus ferrumequinum,0.023,0.023,-1,Echolocation,/mnt/ubna_data_02_mir/recover-20220922/UBNA_001/20220921_090000.WAV,Telephone Field,recover-20220922,001,1795
1072.6975,1072.7384,68437,82560,Rhinolophus ferrumequinum,0.028,0.028,-1,Echolocation,/mnt/ubna_data_02_mir/recover-20220922/UBNA_001/20220921_090000.WAV,Telephone Field,recover-20220922,001,1795
1072.7225,1072.7634,68437,82925,Rhinolophus ferrumequinum,0.023,0.023,-1,Echolocation,/mnt/ubna_data_02_mir/recover-20220922/UBNA_001/20220921_090000.WAV,Telephone Field,recover-20220922,001,1795
1072.7265,1072.7358,32343,39733,Eptesicus serotinus,0.007,0.026,-1,Echolocation,/mnt/ubna_data_02_mir/recover-20220922/UBNA_001/20220921_090000.WAV,Telephone Field,recover-20220922,001,1795
1072.7385,1072.7493,28046,34332,Eptesicus serotinus,0.012,0.023,-1,Echolocation,/mnt/ubna_data_02_mir/recover-20220922/UBNA_001/20220921_090000.WAV,Telephone Field,recover-20220922,001,1795
1072.7435,1072.7808,68437,81639,Rhinolophus ferrumequinum,0.023,0.023,-1,Echolocation,/mnt/ubna_data_02_mir/recover-20220922/UBNA_001/20220921_090000.WAV,Telephone Field,recover-20220922,001,1795
1072.8075,1072.8492,68437,82967,Rhinolophus ferrumequinum,0.037,0.037,-1,Echolocation,/mnt/ubna_data_02_mir/recover-20220922/UBNA_001/20220921_090000.WAV,Telephone Field,recover-20220922,001,1795
1072.8295,1072.8369,27187,39495,Eptesicus serotinus,0.008,0.023,-1,Echolocation,/mnt/ubna_data_02_mir/recover-20220922/UBNA_001/20220921_090000.WAV,Telephone Field,recover-20220922,001,1795
1072.8595,1072.8672,28046,39958,Eptesicus serotinus,0.007,0.023,-1,Echolocation,/mnt/ubna_data_02_mir/recover-20220922/UBNA_001/20220921_090000.WAV,Telephone Field,recover-20220922,001,1795
1072.8715,1072.9097,68437,82061,Rhinolophus ferrumequinum,0.024,0.024,-1,Echolocation,/mnt/ubna_data_02_mir/recover-20220922/UBNA_001/20220921_090000.WAV,Telephone Field,recover-20220922,001,1795
1072.8795,1072.9199,68437,82870,Rhinolophus ferrumequinum,0.026,0.026,-1,Echolocation,/mnt/ubna_data_02_mir/recover-20220922/UBNA_001/20220921_090000.WAV,Telephone Field,recover-20220922,001,1795
1072.9015,1072.9411,68437,82606,Rhinolophus ferrumequinum,0.022,0.022,-1,Echolocation,/mnt/ubna_data_02_mir/recover-20220922/UBNA_001/20220921_090000.WAV,Telephone Field,recover-20220922,001,1795
1072.9645,1073.0039,68437,81724,Rhinolophus ferrumequinum,0.029,0.029,-1,Echolocation,/mnt/ubna_data_02_mir/recover-20220922/UBNA_001/20220921_090000.WAV,Telephone Field,recover-20220922,001,1795
1072.9955,1073.0034,28046,39572,Eptesicus serotinus,0.008,0.023,-1,Echolocation,/mnt/ubna_data_02_mir/recover-20220922/UBNA_001/20220921_090000.WAV,Telephone Field,recover-20220922,001,1795
1073.0035,1073.0142,28906,35250,Eptesicus serotinus,0.009,0.022,-1,Echolocation,/mnt/ubna_data_02_mir/recover-20220922/UBNA_001/20220921_090000.WAV,Telephone Field,recover-20220922,001,1795
1073.0645,1073.0739,22031,30328,Plecotus austriacus,0.023,0.06,-1,Echolocation,/mnt/ubna_data_02_mir/recover-20220922/UBNA_001/20220921_090000.WAV,Telephone Field,recover-20220922,001,1795
1073.0705,1073.1107,68437,82345,Rhinolophus ferrumequinum,0.023,0.023,-1,Echolocation,/mnt/ubna_data_02_mir/recover-20220922/UBNA_001/20220921_090000.WAV,Telephone Field,recover-20220922,001,1795
1073.0865,1073.1239,68437,82227,Rhinolophus ferrumequinum,0.023,0.023,-1,Echolocation,/mnt/ubna_data_02_mir/recover-20220922/UBNA_001/20220921_090000.WAV,Telephone Field,recover-20220922,001,1795
1073.1115,1073.1228,27187,33881,Eptesicus serotinus,0.027,0.053,-1,Echolocation,/mnt/ubna_data_02_mir/recover-20220922/UBNA_001/20220921_090000.WAV,Telephone Field,recover-20220922,001,1795
1073.1175,1073.1569,68437,82188,Rhinolophus ferrumequinum,0.022,0.022,-1,Echolocation,/mnt/ubna_data_02_mir/recover-20220922/UBNA_001/20220921_090000.WAV,Telephone Field,recover-20220922,001,1795
1073.1275,1073.17,68437,82889,Rhinolophus ferrumequinum,0.032,0.032,-1,Echolocation,/mnt/ubna_data_02_mir/recover-20220922/UBNA_001/20220921_090000.WAV,Telephone Field,recover-20220922,001,1795
1073.1325,1073.1429,24609,30253,Nyctalus leisleri,0.013,0.032,-1,Echolocation,/mnt/ubna_data_02_mir/recover-20220922/UBNA_001/20220921_090000.WAV,Telephone Field,recover-20220922,001,1795
1073.1505,1073.16,22890,29384,Nyctalus leisleri,0.007,0.022,-1,Echolocation,/mnt/ubna_data_02_mir/recover-20220922/UBNA_001/20220921_090000.WAV,Telephone Field,recover-20220922,001,1795
1073.1655,1073.2044,68437,82580,Rhinolophus ferrumequinum,0.027,0.027,-1,Echolocation,/mnt/ubna_data_02_mir/recover-20220922/UBNA_001/20220921_090000.WAV,Telephone Field,recover-20220922,001,1795
1073.1705,1073.1798,24609,31730,Eptesicus serotinus,0.008,0.022,-1,Echolocation,/mnt/ubna_data_02_mir/recover-20220922/UBNA_001/20220921_090000.WAV,Telephone Field,recover-20220922,001,1795
1073.1755,1073.2136,68437,81906,Rhinolophus ferrumequinum,0.022,0.022,-1,Echolocation,/mnt/ubna_data_02_mir/recover-20220922/UBNA_001/20220921_090000.WAV,Telephone Field,recover-20220922,001,1795
1073.1885,1073.1994,28906,35966,Eptesicus serotinus,0.011,0.024,-1,Echolocation,/mnt/ubna_data_02_mir/recover-20220922/UBNA_001/20220921_090000.WAV,Telephone Field,recover-20220922,001,1795
1073.2155,1073.2531,68437,81999,Rhinolophus ferrumequinum,0.022,0.022,-1,Echolocation,/mnt/ubna_data_02_mir/recover-20220922/UBNA_001/20220921_090000.WAV,Telephone Field,recover-20220922,001,1795
1073.2355,1073.2433,28906,36451,Eptesicus serotinus,0.01,0.025,-1,Echolocation,/mnt/ubna_data_02_mir/recover-20220922/UBNA_001/20220921_090000.WAV,Telephone Field,recover-20220922,001,1795
1073.2365,1073.2435,23750,32419,Plecotus austriacus,0.01,0.024,-1,Echolocation,/mnt/ubna_data_02_mir/recover-20220922/UBNA_001/20220921_090000.WAV,Telephone Field,recover-20220922,001,1795
1073.2755,1073.3148,68437,82398,Rhinolophus ferrumequinum,0.036,0.036,-1,Echolocation,/mnt/ubna_data_02_mir/recover-20220922/UBNA_001/20220921_090000.WAV,Telephone Field,recover-20220922,001,1795
1073.3105,1073.318,25468,35303,Plecotus austriacus,0.007,0.028,-1,Echolocation,/mnt/ubna_data_02_mir/recover-20220922/UBNA_001/20220921_090000.WAV,Telephone Field,recover-20220922,001,1795
1073.3395,1073.3806,68437,82702,Rhinolophus ferrumequinum,0.023,0.023,-1,Echolocation,/mnt/ubna_data_02_mir/recover-20220922/UBNA_001/20220921_090000.WAV,Telephone Field,recover-20220922,001,1795
1073.3465,1073.3542,28046,40386,Eptesicus serotinus,0.008,0.024,-1,Echolocation,/mnt/ubna_data_02_mir/recover-20220922/UBNA_001/20220921_090000.WAV,Telephone Field,recover-20220922,001,1795
1073.3555,1073.3952,68437,81785,Rhinolophus ferrumequinum,0.024,0.024,-1,Echolocation,/mnt/ubna_data_02_mir/recover-20220922/UBNA_001/20220921_090000.WAV,Telephone Field,recover-20220922,001,1795
1073.3705,1073.411,68437,82632,Rhinolophus ferrumequinum,0.022,0.022,-1,Echolocation,/mnt/ubna_data_02_mir/recover-20220922/UBNA_001/20220921_090000.WAV,Telephone Field,recover-20220922,001,1795
1073.3825,1073.4226,68437,82356,Rhinolophus ferrumequinum,0.035,0.035,-1,Echolocation,/mnt/ubna_data_02_mir/recover-20220922/UBNA_001/20220921_090000.WAV,Telephone Field,recover-20220922,001,1795
1073.3955,1073.4319,68437,81455,Rhinolophus ferrumequinum,0.023,0.024,-1,Echolocation,/mnt/ubna_data_02_mir/recover-20220922/UBNA_001/20220921_090000.WAV,Telephone Field,recover-20220922,001,1795
1073.4025,1073.4403,68437,81727,Rhinolophus ferrumequinum,0.022,0.022,-1,Echolocation,/mnt/ubna_data_02_mir/recover-20220922/UBNA_001/20220921_090000.WAV,Telephone Field,recover-20220922,001,1795
1073.4415,1073.4797,68437,81853,Rhinolophus ferrumequinum,0.023,0.023,-1,Echolocation,/mnt/ubna_data_02_mir/recover-20220922/UBNA_001/20220921_090000.WAV,Telephone Field,recover-20220922,001,1795
1073.4475,1073.46,34062,39908,Eptesicus serotinus,0.013,0.045,-1,Echolocation,/mnt/ubna_data_02_mir/recover-20220922/UBNA_001/20220921_090000.WAV,Telephone Field,recover-20220922,001,1795
1073.4505,1073.4885,68437,81826,Rhinolophus ferrumequinum,0.023,0.023,-1,Echolocation,/mnt/ubna_data_02_mir/recover-20220922/UBNA_001/20220921_090000.WAV,Telephone Field,recover-20220922,001,1795
1073.4645,1073.4985,68437,80858,Rhinolophus ferrumequinum,0.024,0.024,-1,Echolocation,/mnt/ubna_data_02_mir/recover-20220922/UBNA_001/20220921_090000.WAV,Telephone Field,recover-20220922,001,1795
1073.4725,1073.5101,68437,81442,Rhinolophus ferrumequinum,0.022,0.022,-1,Echolocation,/mnt/ubna_data_02_mir/recover-20220922/UBNA_001/20220921_090000.WAV,Telephone Field,recover-20220922,001,1795
1073.4745,1073.4828,26328,36545,Eptesicus serotinus,0.007,0.022,-1,Echolocation,/mnt/ubna_data_02_mir/recover-20220922/UBNA_001/20220921_090000.WAV,Telephone Field,recover-20220922,001,1795
1073.4825,1073.5249,68437,83182,Rhinolophus ferrumequinum,0.033,0.033,-1,Echolocation,/mnt/ubna_data_02_mir/recover-20220922/UBNA_001/20220921_090000.WAV,Telephone Field,recover-20220922,001,1795
1073.5175,1073.5538999999999,68437,81354,Rhinolophus ferrumequinum,0.022,0.022,-1,Echolocation,/mnt/ubna_data_02_mir/recover-20220922/UBNA_001/20220921_090000.WAV,Telephone Field,recover-20220922,001,1795
1073.5385,1073.576,68437,81943,Rhinolophus ferrumequinum,0.024,0.024,-1,Echolocation,/mnt/ubna_data_02_mir/recover-20220922/UBNA_001/20220921_090000.WAV,Telephone Field,recover-20220922,001,1795
1073.5625,1073.5712,28906,39505,Eptesicus serotinus,0.012,0.027,-1,Echolocation,/mnt/ubna_data_02_mir/recover-20220922/UBNA_001/20220921_090000.WAV,Telephone Field,recover-20220922,001,1795
1073.5835,1073.6241,68437,83079,Rhinolophus ferrumequinum,0.027,0.027,-1,Echolocation,/mnt/ubna_data_02_mir/recover-20220922/UBNA_001/20220921_090000.WAV,Telephone Field,recover-20220922,001,1795
1073.6115,1073.6518,68437,82508,Rhinolophus ferrumequinum,0.024,0.024,-1,Echolocation,/mnt/ubna_data_02_mir/recover-20220922/UBNA_001/20220921_090000.WAV,Telephone Field,recover-20220922,001,1795
1073.6255,1073.6366,23750,29856,Nyctalus leisleri,0.01,0.025,-1,Echolocation,/mnt/ubna_data_02_mir/recover-20220922/UBNA_001/20220921_090000.WAV,Telephone Field,recover-20220922,001,1795
1073.6315,1073.6658,68437,81299,Rhinolophus ferrumequinum,0.024,0.024,-1,Echolocation,/mnt/ubna_data_02_mir/recover-20220922/UBNA_001/20220921_090000.WAV,Telephone Field,recover-20220922,001,1795
1073.6445,1073.6563,22890,28477,Nyctalus leisleri,0.012,0.025,-1,Echolocation,/mnt/ubna_data_02_mir/recover-20220922/UBNA_001/20220921_090000.WAV,Telephone Field,recover-20220922,001,1795
1073.7075,1073.7459,68437,81093,Rhinolophus ferrumequinum,0.022,0.022,-1,Echolocation,/mnt/ubna_data_02_mir/recover-20220922/UBNA_001/20220921_090000.WAV,Telephone Field,recover-20220922,001,1795
1073.7205,1073.7343,52109,56087,Pipistrellus pygmaeus,0.017,0.025,-1,Echolocation,/mnt/ubna_data_02_mir/recover-20220922/UBNA_001/20220921_090000.WAV,Telephone Field,recover-20220922,001,1795
1073.7465,1073.7542,27187,37107,Eptesicus serotinus,0.01,0.024,-1,Echolocation,/mnt/ubna_data_02_mir/recover-20220922/UBNA_001/20220921_090000.WAV,Telephone Field,recover-20220922,001,1795
1073.7535,1073.7917,68437,81713,Rhinolophus ferrumequinum,0.022,0.022,-1,Echolocation,/mnt/ubna_data_02_mir/recover-20220922/UBNA_001/20220921_090000.WAV,Telephone Field,recover-20220922,001,1795
1073.8015,1073.8393,68437,81944,Rhinolophus ferrumequinum,0.023,0.023,-1,Echolocation,/mnt/ubna_data_02_mir/recover-20220922/UBNA_001/20220921_090000.WAV,Telephone Field,recover-20220922,001,1795
1073.8075,1073.845,68437,81595,Rhinolophus ferrumequinum,0.022,0.022,-1,Echolocation,/mnt/ubna_data_02_mir/recover-20220922/UBNA_001/20220921_090000.WAV,Telephone Field,recover-20220922,001,1795
1073.8225,1073.8602,68437,81219,Rhinolophus ferrumequinum,0.023,0.023,-1,Echolocation,/mnt/ubna_data_02_mir/recover-20220922/UBNA_001/20220921_090000.WAV,Telephone Field,recover-20220922,001,1795
1073.8295,1073.8389,27187,34597,Eptesicus serotinus,0.011,0.025,-1,Echolocation,/mnt/ubna_data_02_mir/recover-20220922/UBNA_001/20220921_090000.WAV,Telephone Field,recover-20220922,001,1795
1073.8445,1073.8824,68437,82246,Rhinolophus ferrumequinum,0.022,0.022,-1,Echolocation,/mnt/ubna_data_02_mir/recover-20220922/UBNA_001/20220921_090000.WAV,Telephone Field,recover-20220922,001,1795
1073.8555,1073.8632,28046,38122,Eptesicus serotinus,0.007,0.022,-1,Echolocation,/mnt/ubna_data_02_mir/recover-20220922/UBNA_001/20220921_090000.WAV,Telephone Field,recover-20220922,001,1795
1073.8795,1073.9203,68437,82310,Rhinolophus ferrumequinum,0.024,0.024,-1,Echolocation,/mnt/ubna_data_02_mir/recover-20220922/UBNA_001/20220921_090000.WAV,Telephone Field,recover-20220922,001,1795
1073.8885,1073.8959,28046,42104,Eptesicus serotinus,0.007,0.022,-1,Echolocation,/mnt/ubna_data_02_mir/recover-20220922/UBNA_001/20220921_090000.WAV,Telephone Field,recover-20220922,001,1795
1073.9095,1073.9194,28906,38258,Eptesicus serotinus,0.009,0.023,-1,Echolocation,/mnt/ubna_data_02_mir/recover-20220922/UBNA_001/20220921_090000.WAV,Telephone Field,recover-20220922,001,1795
1073.9145,1073.9525,68437,82508,Rhinolophus ferrumequinum,0.024,0.024,-1,Echolocation,/mnt/ubna_data_02_mir/recover-20220922/UBNA_001/20220921_090000.WAV,Telephone Field,recover-20220922,001,1795
1073.9265,1073.965,68437,82365,Rhinolophus ferrumequinum,0.025,0.025,-1,Echolocation,/mnt/ubna_data_02_mir/recover-20220922/UBNA_001/20220921_090000.WAV,Telephone Field,recover-20220922,001,1795
1073.9505,1073.9872,68437,80645,Rhinolophus ferrumequinum,0.022,0.022,-1,Echolocation,/mnt/ubna_data_02_mir/recover-20220922/UBNA_001/20220921_090000.WAV,Telephone Field,recover-20220922,001,1795
1073.9655,1073.9744,28046,37842,Eptesicus serotinus,0.009,0.022,-1,Echolocation,/mnt/ubna_data_02_mir/recover-20220922/UBNA_001/20220921_090000.WAV,Telephone Field,recover-20220922,001,1795
1074.0015,1074.0103,22890,29527,Nyctalus leisleri,0.008,0.024,-1,Echolocation,/mnt/ubna_data_02_mir/recover-20220922/UBNA_001/20220921_090000.WAV,Telephone Field,recover-20220922,001,1795
1074.0015,1074.0339,69296,81788,Rhinolophus ferrumequinum,0.03,0.03,-1,Echolocation,/mnt/ubna_data_02_mir/recover-20220922/UBNA_001/20220921_090000.WAV,Telephone Field,recover-20220922,001,1795
1074.0115,1074.0553,68437,82271,Rhinolophus ferrumequinum,0.022,0.022,-1,Echolocation,/mnt/ubna_data_02_mir/recover-20220922/UBNA_001/20220921_090000.WAV,Telephone Field,recover-20220922,001,1795
1074.0195,1074.0322,23750,29098,Nyctalus leisleri,0.01,0.022,-1,Echolocation,/mnt/ubna_data_02_mir/recover-20220922/UBNA_001/20220921_090000.WAV,Telephone Field,recover-20220922,001,1795
1074.0325,1074.074,68437,82868,Rhinolophus ferrumequinum,0.026,0.027,-1,Echolocation,/mnt/ubna_data_02_mir/recover-20220922/UBNA_001/20220921_090000.WAV,Telephone Field,recover-20220922,001,1795
1074.0555,1074.0966,68437,82843,Rhinolophus ferrumequinum,0.026,0.026,-1,Echolocation,/mnt/ubna_data_02_mir/recover-20220922/UBNA_001/20220921_090000.WAV,Telephone Field,recover-20220922,001,1795
1074.0665,1074.078,23750,29273,Nyctalus leisleri,0.012,0.026,-1,Echolocation,/mnt/ubna_data_02_mir/recover-20220922/UBNA_001/20220921_090000.WAV,Telephone Field,recover-20220922,001,1795
1074.0675,1074.1062,68437,82801,Rhinolophus ferrumequinum,0.029,0.029,-1,Echolocation,/mnt/ubna_data_02_mir/recover-20220922/UBNA_001/20220921_090000.WAV,Telephone Field,recover-20220922,001,1795
1074.0895,1074.097,26328,35878,Eptesicus serotinus,0.009,0.025,-1,Echolocation,/mnt/ubna_data_02_mir/recover-20220922/UBNA_001/20220921_090000.WAV,Telephone Field,recover-20220922,001,1795
1074.1605,1074.1992,68437,82277,Rhinolophus ferrumequinum,0.024,0.024,-1,Echolocation,/mnt/ubna_data_02_mir/recover-20220922/UBNA_001/20220921_090000.WAV,Telephone Field,recover-20220922,001,1795
1074.1795,1074.217,68437,81554,Rhinolophus ferrumequinum,0.022,0.022,-1,Echolocation,/mnt/ubna_data_02_mir/recover-20220922/UBNA_001/20220921_090000.WAV,Telephone Field,recover-20220922,001,1795
1074.2195,1074.2591,68437,82810,Rhinolophus ferrumequinum,0.023,0.023,-1,Echolocation,/mnt/ubna_data_02_mir/recover-20220922/UBNA_001/20220921_090000.WAV,Telephone Field,recover-20220922,001,1795
1074.2395,1074.2822,68437,82923,Rhinolophus ferrumequinum,0.023,0.023,-1,Echolocation,/mnt/ubna_data_02_mir/recover-20220922/UBNA_001/20220921_090000.WAV,Telephone Field,recover-20220922,001,1795
1074.2575,1074.2685,45234,49109,Pipistrellus pipistrellus,0.019,0.022,-1,Echolocation,/mnt/ubna_data_02_mir/recover-20220922/UBNA_001/20220921_090000.WAV,Telephone Field,recover-20220922,001,1795
1074.2605,1074.2986,68437,81393,Rhinolophus ferrumequinum,0.021,0.021,-1,Echolocation,/mnt/ubna_data_02_mir/recover-20220922/UBNA_001/20220921_090000.WAV,Telephone Field,recover-20220922,001,1795
1074.2635,1074.272,26328,36993,Eptesicus serotinus,0.008,0.022,-1,Echolocation,/mnt/ubna_data_02_mir/recover-20220922/UBNA_001/20220921_090000.WAV,Telephone Field,recover-20220922,001,1795
1074.2735,1074.3123,68437,81740,Rhinolophus ferrumequinum,0.022,0.022,-1,Echolocation,/mnt/ubna_data_02_mir/recover-20220922/UBNA_001/20220921_090000.WAV,Telephone Field,recover-20220922,001,1795
1074.2885,1074.3298,68437,82718,Rhinolophus ferrumequinum,0.022,0.022,-1,Echolocation,/mnt/ubna_data_02_mir/recover-20220922/UBNA_001/20220921_090000.WAV,Telephone Field,recover-20220922,001,1795
1074.3045,1074.3459,68437,82411,Rhinolophus ferrumequinum,0.025,0.025,-1,Echolocation,/mnt/ubna_data_02_mir/recover-20220922/UBNA_001/20220921_090000.WAV,Telephone Field,recover-20220922,001,1795
1074.3275,1074.3396,23750,28991,Nyctalus leisleri,0.015,0.031,-1,Echolocation,/mnt/ubna_data_02_mir/recover-20220922/UBNA_001/20220921_090000.WAV,Telephone Field,recover-20220922,001,1795
1074.3455,1074.3543,26328,39070,Eptesicus serotinus,0.009,0.025,-1,Echolocation,/mnt/ubna_data_02_mir/recover-20220922/UBNA_001/20220921_090000.WAV,Telephone Field,recover-20220922,001,1795
1074.3565,1074.3948,68437,81878,Rhinolophus ferrumequinum,0.021,0.021,-1,Echolocation,/mnt/ubna_data_02_mir/recover-20220922/UBNA_001/20220921_090000.WAV,Telephone Field,recover-20220922,001,1795
1074.3635,1074.4033,68437,82515,Rhinolophus ferrumequinum,0.023,0.023,-1,Echolocation,/mnt/ubna_data_02_mir/recover-20220922/UBNA_001/20220921_090000.WAV,Telephone Field,recover-20220922,001,1795
1074.3795,1074.4198,68437,82149,Rhinolophus ferrumequinum,0.025,0.025,-1,Echolocation,/mnt/ubna_data_02_mir/recover-20220922/UBNA_001/20220921_090000.WAV,Telephone Field,recover-20220922,001,1795
1074.4075,1074.415,27187,41067,Eptesicus serotinus,0.007,0.022,-1,Echolocation,/mnt/ubna_data_02_mir/recover-20220922/UBNA_001/20220921_090000.WAV,Telephone Field,recover-20220922,001,1795
1074.4085,1074.4461000000001,68437,81621,Rhinolophus ferrumequinum,0.024,0.024,-1,Echolocation,/mnt/ubna_data_02_mir/recover-20220922/UBNA_001/20220921_090000.WAV,Telephone Field,recover-20220922,001,1795
1074.4295,1074.4665,68437,81532,Rhinolophus ferrumequinum,0.023,0.023,-1,Echolocation,/mnt/ubna_data_02_mir/recover-20220922/UBNA_001/20220921_090000.WAV,Telephone Field,recover-20220922,001,1795
1074.4465,1074.4541,27187,37784,Eptesicus serotinus,0.008,0.021,-1,Echolocation,/mnt/ubna_data_02_mir/recover-20220922/UBNA_001/20220921_090000.WAV,Telephone Field,recover-20220922,001,1795
1074.4655,1074.5065,68437,82587,Rhinolophus ferrumequinum,0.041,0.041,-1,Echolocation,/mnt/ubna_data_02_mir/recover-20220922/UBNA_001/20220921_090000.WAV,Telephone Field,recover-20220922,001,1795
1074.4915,1074.4995,28046,38541,Eptesicus serotinus,0.008,0.021,-1,Echolocation,/mnt/ubna_data_02_mir/recover-20220922/UBNA_001/20220921_090000.WAV,Telephone Field,recover-20220922,001,1795
1074.5005,1074.536,68437,80994,Rhinolophus ferrumequinum,0.024,0.024,-1,Echolocation,/mnt/ubna_data_02_mir/recover-20220922/UBNA_001/20220921_090000.WAV,Telephone Field,recover-20220922,001,1795
1074.5155,1074.5245,26328,34830,Eptesicus serotinus,0.01,0.024,-1,Echolocation,/mnt/ubna_data_02_mir/recover-20220922/UBNA_001/20220921_090000.WAV,Telephone Field,recover-20220922,001,1795
1074.5315,1074.5752,68437,83260,Rhinolophus ferrumequinum,0.037,0.037,-1,Echolocation,/mnt/ubna_data_02_mir/recover-20220922/UBNA_001/20220921_090000.WAV,Telephone Field,recover-20220922,001,1795
1074.5515,1074.5602,28046,40781,Eptesicus serotinus,0.008,0.023,-1,Echolocation,/mnt/ubna_data_02_mir/recover-20220922/UBNA_001/20220921_090000.WAV,Telephone Field,recover-20220922,001,1795
1074.5635,1074.5736,28906,36471,Eptesicus serotinus,0.009,0.022,-1,Echolocation,/mnt/ubna_data_02_mir/recover-20220922/UBNA_001/20220921_090000.WAV,Telephone Field,recover-20220922,001,1795
1074.5685,1074.6073,68437,82544,Rhinolophus ferrumequinum,0.025,0.025,-1,Echolocation,/mnt/ubna_data_02_mir/recover-20220922/UBNA_001/20220921_090000.WAV,Telephone Field,recover-20220922,001,1795
1074.6075,1074.6489,68437,82774,Rhinolophus ferrumequinum,0.026,0.026,-1,Echolocation,/mnt/ubna_data_02_mir/recover-20220922/UBNA_001/20220921_090000.WAV,Telephone Field,recover-20220922,001,1795
1074.6305,1074.6717,68437,82794,Rhinolophus ferrumequinum,0.022,0.022,-1,Echolocation,/mnt/ubna_data_02_mir/recover-20220922/UBNA_001/20220921_090000.WAV,Telephone Field,recover-20220922,001,1795
1074.6315,1074.6374,25468,41893,Myotis nattereri,0.008,0.025,-1,Echolocation,/mnt/ubna_data_02_mir/recover-20220922/UBNA_001/20220921_090000.WAV,Telephone Field,recover-20220922,001,1795
1074.6455,1074.6856,68437,82649,Rhinolophus ferrumequinum,0.023,0.023,-1,Echolocation,/mnt/ubna_data_02_mir/recover-20220922/UBNA_001/20220921_090000.WAV,Telephone Field,recover-20220922,001,1795
1074.6505,1074.662,28906,36267,Eptesicus serotinus,0.014,0.029,-1,Echolocation,/mnt/ubna_data_02_mir/recover-20220922/UBNA_001/20220921_090000.WAV,Telephone Field,recover-20220922,001,1795
1074.7045,1074.7161,22031,26144,Nyctalus leisleri,0.012,0.024,-1,Echolocation,/mnt/ubna_data_02_mir/recover-20220922/UBNA_001/20220921_090000.WAV,Telephone Field,recover-20220922,001,1795
1074.7135,1074.7271,14296,19408,Nyctalus noctula,0.025,0.041,-1,Echolocation,/mnt/ubna_data_02_mir/recover-20220922/UBNA_001/20220921_090000.WAV,Telephone Field,recover-20220922,001,1795
1074.7365,1074.7533,23750,27347,Nyctalus leisleri,0.025,0.04,-1,Echolocation,/mnt/ubna_data_02_mir/recover-20220922/UBNA_001/20220921_090000.WAV,Telephone Field,recover-20220922,001,1795
1074.7745,1074.8164,68437,82604,Rhinolophus ferrumequinum,0.022,0.022,-1,Echolocation,/mnt/ubna_data_02_mir/recover-20220922/UBNA_001/20220921_090000.WAV,Telephone Field,recover-20220922,001,1795
1074.7795,1074.7869,47812,54914,Pipistrellus pipistrellus,0.019,0.022,-1,Echolocation,/mnt/ubna_data_02_mir/recover-20220922/UBNA_001/20220921_090000.WAV,Telephone Field,recover-20220922,001,1795
1074.7845,1074.7948,27187,35449,Eptesicus serotinus,0.009,0.022,-1,Echolocation,/mnt/ubna_data_02_mir/recover-20220922/UBNA_001/20220921_090000.WAV,Telephone Field,recover-20220922,001,1795
1074.8075,1074.8456,68437,81812,Rhinolophus ferrumequinum,0.022,0.023,-1,Echolocation,/mnt/ubna_data_02_mir/recover-20220922/UBNA_001/20220921_090000.WAV,Telephone Field,recover-20220922,001,1795
1074.8315,1074.8716,68437,82709,Rhinolophus ferrumequinum,0.025,0.025,-1,Echolocation,/mnt/ubna_data_02_mir/recover-20220922/UBNA_001/20220921_090000.WAV,Telephone Field,recover-20220922,001,1795
1074.8565,1074.8641,26328,35046,Eptesicus serotinus,0.009,0.025,-1,Echolocation,/mnt/ubna_data_02_mir/recover-20220922/UBNA_001/20220921_090000.WAV,Telephone Field,recover-20220922,001,1795
1074.8765,1074.9147,68437,81740,Rhinolophus ferrumequinum,0.021,0.021,-1,Echolocation,/mnt/ubna_data_02_mir/recover-20220922/UBNA_001/20220921_090000.WAV,Telephone Field,recover-20220922,001,1795
1074.9315,1074.9689,68437,82426,Rhinolophus ferrumequinum,0.023,0.023,-1,Echolocation,/mnt/ubna_data_02_mir/recover-20220922/UBNA_001/20220921_090000.WAV,Telephone Field,recover-20220922,001,1795
1074.9445,1074.9882,68437,82813,Rhinolophus ferrumequinum,0.023,0.024,-1,Echolocation,/mnt/ubna_data_02_mir/recover-20220922/UBNA_001/20220921_090000.WAV,Telephone Field,recover-20220922,001,1795
1074.9795,1075.0167,68437,82486,Rhinolophus ferrumequinum,0.025,0.025,-1,Echolocation,/mnt/ubna_data_02_mir/recover-20220922/UBNA_001/20220921_090000.WAV,Telephone Field,recover-20220922,001,1795
1074.9815,1074.9902,28906,37646,Eptesicus serotinus,0.008,0.021,-1,Echolocation,/mnt/ubna_data_02_mir/recover-20220922/UBNA_001/20220921_090000.WAV,Telephone Field,recover-20220922,001,1795
1074.9905,1075.0005,28046,35629,Eptesicus serotinus,0.009,0.021,-1,Echolocation,/mnt/ubna_data_02_mir/recover-20220922/UBNA_001/20220921_090000.WAV,Telephone Field,recover-20220922,001,1795
1075.0005,1075.0391,68437,82084,Rhinolophus ferrumequinum,0.022,0.022,-1,Echolocation,/mnt/ubna_data_02_mir/recover-20220922/UBNA_001/20220921_090000.WAV,Telephone Field,recover-20220922,001,1795
1075.0075,1075.044,68437,81752,Rhinolophus ferrumequinum,0.021,0.021,-1,Echolocation,/mnt/ubna_data_02_mir/recover-20220922/UBNA_001/20220921_090000.WAV,Telephone Field,recover-20220922,001,1795
1075.0265,1075.0354,24609,32267,Plecotus austriacus,0.007,0.026,-1,Echolocation,/mnt/ubna_data_02_mir/recover-20220922/UBNA_001/20220921_090000.WAV,Telephone Field,recover-20220922,001,1795
1075.0285,1075.0645,68437,81369,Rhinolophus ferrumequinum,0.023,0.023,-1,Echolocation,/mnt/ubna_data_02_mir/recover-20220922/UBNA_001/20220921_090000.WAV,Telephone Field,recover-20220922,001,1795
1075.0295,1075.0359,48671,52599,Pipistrellus pipistrellus,0.021,0.022,-1,Echolocation,/mnt/ubna_data_02_mir/recover-20220922/UBNA_001/20220921_090000.WAV,Telephone Field,recover-20220922,001,1795
1075.0525,1075.0626,23750,29681,Nyctalus leisleri,0.008,0.022,-1,Echolocation,/mnt/ubna_data_02_mir/recover-20220922/UBNA_001/20220921_090000.WAV,Telephone Field,recover-20220922,001,1795
1075.0795,1075.1202,68437,82760,Rhinolophus ferrumequinum,0.023,0.023,-1,Echolocation,/mnt/ubna_data_02_mir/recover-20220922/UBNA_001/20220921_090000.WAV,Telephone Field,recover-20220922,001,1795
1075.1085,1075.1471,68437,81744,Rhinolophus ferrumequinum,0.023,0.023,-1,Echolocation,/mnt/ubna_data_02_mir/recover-20220922/UBNA_001/20220921_090000.WAV,Telephone Field,recover-20220922,001,1795
1075.1115,1075.1199,28046,39963,Eptesicus serotinus,0.007,0.021,-1,Echolocation,/mnt/ubna_data_02_mir/recover-20220922/UBNA_001/20220921_090000.WAV,Telephone Field,recover-20220922,001,1795
1075.1295,1075.1423,22890,27519,Nyctalus leisleri,0.013,0.025,-1,Echolocation,/mnt/ubna_data_02_mir/recover-20220922/UBNA_001/20220921_090000.WAV,Telephone Field,recover-20220922,001,1795
1075.1475,1075.1883,68437,82184,Rhinolophus ferrumequinum,0.026,0.027,-1,Echolocation,/mnt/ubna_data_02_mir/recover-20220922/UBNA_001/20220921_090000.WAV,Telephone Field,recover-20220922,001,1795
1075.1495,1075.1575,28046,40356,Eptesicus serotinus,0.009,0.028,-1,Echolocation,/mnt/ubna_data_02_mir/recover-20220922/UBNA_001/20220921_090000.WAV,Telephone Field,recover-20220922,001,1795
1075.1655,1075.2067,68437,82854,Rhinolophus ferrumequinum,0.023,0.023,-1,Echolocation,/mnt/ubna_data_02_mir/recover-20220922/UBNA_001/20220921_090000.WAV,Telephone Field,recover-20220922,001,1795
1075.1765,1075.2162,68437,82285,Rhinolophus ferrumequinum,0.022,0.022,-1,Echolocation,/mnt/ubna_data_02_mir/recover-20220922/UBNA_001/20220921_090000.WAV,Telephone Field,recover-20220922,001,1795
1075.1765,1075.1855,46093,55877,Pipistrellus pipistrellus,0.017,0.023,-1,Echolocation,/mnt/ubna_data_02_mir/recover-20220922/UBNA_001/20220921_090000.WAV,Telephone Field,recover-20220922,001,1795
1075.1885,1075.2253,68437,80936,Rhinolophus ferrumequinum,0.021,0.022,-1,Echolocation,/mnt/ubna_data_02_mir/recover-20220922/UBNA_001/20220921_090000.WAV,Telephone Field,recover-20220922,001,1795
1075.2085,1075.2457,68437,81607,Rhinolophus ferrumequinum,0.026,0.026,-1,Echolocation,/mnt/ubna_data_02_mir/recover-20220922/UBNA_001/20220921_090000.WAV,Telephone Field,recover-20220922,001,1795
1075.2105,1075.2193,27187,37869,Eptesicus serotinus,0.008,0.021,-1,Echolocation,/mnt/ubna_data_02_mir/recover-20220922/UBNA_001/20220921_090000.WAV,Telephone Field,recover-20220922,001,1795
1075.2155,1075.2541,68437,81775,Rhinolophus ferrumequinum,0.022,0.022,-1,Echolocation,/mnt/ubna_data_02_mir/recover-20220922/UBNA_001/20220921_090000.WAV,Telephone Field,recover-20220922,001,1795
1075.2235,1075.2328,30625,38643,Eptesicus serotinus,0.009,0.03,-1,Echolocation,/mnt/ubna_data_02_mir/recover-20220922/UBNA_001/20220921_090000.WAV,Telephone Field,recover-20220922,001,1795
1075.2325,1075.2444,26328,32145,Eptesicus serotinus,0.011,0.026,-1,Echolocation,/mnt/ubna_data_02_mir/recover-20220922/UBNA_001/20220921_090000.WAV,Telephone Field,recover-20220922,001,1795
1075.2515,1075.2595,28046,38114,Eptesicus serotinus,0.007,0.021,-1,Echolocation,/mnt/ubna_data_02_mir/recover-20220922/UBNA_001/20220921_090000.WAV,Telephone Field,recover-20220922,001,1795
1075.2635,1075.301,68437,81570,Rhinolophus ferrumequinum,0.022,0.022,-1,Echolocation,/mnt/ubna_data_02_mir/recover-20220922/UBNA_001/20220921_090000.WAV,Telephone Field,recover-20220922,001,1795
1075.2685,1075.3075,68437,82228,Rhinolophus ferrumequinum,0.022,0.022,-1,Echolocation,/mnt/ubna_data_02_mir/recover-20220922/UBNA_001/20220921_090000.WAV,Telephone Field,recover-20220922,001,1795
1075.2785,1075.2871,28046,36779,Eptesicus serotinus,0.007,0.021,-1,Echolocation,/mnt/ubna_data_02_mir/recover-20220922/UBNA_001/20220921_090000.WAV,Telephone Field,recover-20220922,001,1795
1075.3005,1075.3099,26328,32729,Nyctalus leisleri,0.02,0.053,-1,Echolocation,/mnt/ubna_data_02_mir/recover-20220922/UBNA_001/20220921_090000.WAV,Telephone Field,recover-20220922,001,1795
1075.3005,1075.3392,68437,81980,Rhinolophus ferrumequinum,0.025,0.025,-1,Echolocation,/mnt/ubna_data_02_mir/recover-20220922/UBNA_001/20220921_090000.WAV,Telephone Field,recover-20220922,001,1795
1075.3135,1075.3544,68437,82735,Rhinolophus ferrumequinum,0.029,0.029,-1,Echolocation,/mnt/ubna_data_02_mir/recover-20220922/UBNA_001/20220921_090000.WAV,Telephone Field,recover-20220922,001,1795
1075.3315,1075.369,68437,81967,Rhinolophus ferrumequinum,0.022,0.022,-1,Echolocation,/mnt/ubna_data_02_mir/recover-20220922/UBNA_001/20220921_090000.WAV,Telephone Field,recover-20220922,001,1795
1075.3595,1075.4,68437,82076,Rhinolophus ferrumequinum,0.023,0.023,-1,Echolocation,/mnt/ubna_data_02_mir/recover-20220922/UBNA_001/20220921_090000.WAV,Telephone Field,recover-20220922,001,1795
1075.4055,1075.449,68437,83798,Rhinolophus ferrumequinum,0.079,0.079,-1,Echolocation,/mnt/ubna_data_02_mir/recover-20220922/UBNA_001/20220921_090000.WAV,Telephone Field,recover-20220922,001,1795
1075.4335,1075.4746,68437,82650,Rhinolophus ferrumequinum,0.03,0.03,-1,Echolocation,/mnt/ubna_data_02_mir/recover-20220922/UBNA_001/20220921_090000.WAV,Telephone Field,recover-20220922,001,1795
1075.4895,1075.528,68437,82018,Rhinolophus ferrumequinum,0.021,0.021,-1,Echolocation,/mnt/ubna_data_02_mir/recover-20220922/UBNA_001/20220921_090000.WAV,Telephone Field,recover-20220922,001,1795
1075.5175,1075.5561,68437,82029,Rhinolophus ferrumequinum,0.026,0.026,-1,Echolocation,/mnt/ubna_data_02_mir/recover-20220922/UBNA_001/20220921_090000.WAV,Telephone Field,recover-20220922,001,1795
1075.5375,1075.5496,22890,27013,Nyctalus leisleri,0.015,0.025,-1,Echolocation,/mnt/ubna_data_02_mir/recover-20220922/UBNA_001/20220921_090000.WAV,Telephone Field,recover-20220922,001,1795
1075.5535,1075.5646,23750,28718,Nyctalus leisleri,0.013,0.024,-1,Echolocation,/mnt/ubna_data_02_mir/recover-20220922/UBNA_001/20220921_090000.WAV,Telephone Field,recover-20220922,001,1795
1075.5545,1075.5937,68437,82055,Rhinolophus ferrumequinum,0.021,0.021,-1,Echolocation,/mnt/ubna_data_02_mir/recover-20220922/UBNA_001/20220921_090000.WAV,Telephone Field,recover-20220922,001,1795
1075.6545,1075.6641,27187,35123,Eptesicus serotinus,0.009,0.022,-1,Echolocation,/mnt/ubna_data_02_mir/recover-20220922/UBNA_001/20220921_090000.WAV,Telephone Field,recover-20220922,001,1795
1075.6645,1075.704,68437,82678,Rhinolophus ferrumequinum,0.027,0.027,-1,Echolocation,/mnt/ubna_data_02_mir/recover-20220922/UBNA_001/20220921_090000.WAV,Telephone Field,recover-20220922,001,1795
1075.7095,1075.7468,68437,81668,Rhinolophus ferrumequinum,0.021,0.021,-1,Echolocation,/mnt/ubna_data_02_mir/recover-20220922/UBNA_001/20220921_090000.WAV,Telephone Field,recover-20220922,001,1795
1075.7135,1075.7245,25468,31974,Eptesicus serotinus,0.01,0.024,-1,Echolocation,/mnt/ubna_data_02_mir/recover-20220922/UBNA_001/20220921_090000.WAV,Telephone Field,recover-20220922,001,1795
1075.7335,1075.7464,22890,27916,Nyctalus leisleri,0.013,0.026,-1,Echolocation,/mnt/ubna_data_02_mir/recover-20220922/UBNA_001/20220921_090000.WAV,Telephone Field,recover-20220922,001,1795
1075.7435,1075.75,28046,40724,Eptesicus serotinus,0.006,0.024,-1,Echolocation,/mnt/ubna_data_02_mir/recover-20220922/UBNA_001/20220921_090000.WAV,Telephone Field,recover-20220922,001,1795
1075.7755,1075.8134,68437,81683,Rhinolophus ferrumequinum,0.023,0.023,-1,Echolocation,/mnt/ubna_data_02_mir/recover-20220922/UBNA_001/20220921_090000.WAV,Telephone Field,recover-20220922,001,1795
1075.7955,1075.835,68437,82168,Rhinolophus ferrumequinum,0.022,0.022,-1,Echolocation,/mnt/ubna_data_02_mir/recover-20220922/UBNA_001/20220921_090000.WAV,Telephone Field,recover-20220922,001,1795
1075.8325,1075.8432,46093,52095,Pipistrellus pipistrellus,0.031,0.034,-1,Echolocation,/mnt/ubna_data_02_mir/recover-20220922/UBNA_001/20220921_090000.WAV,Telephone Field,recover-20220922,001,1795
1075.8555,1075.8632,26328,35452,Eptesicus serotinus,0.008,0.022,-1,Echolocation,/mnt/ubna_data_02_mir/recover-20220922/UBNA_001/20220921_090000.WAV,Telephone Field,recover-20220922,001,1795
1075.8565,1075.8954,68437,82035,Rhinolophus ferrumequinum,0.023,0.024,-1,Echolocation,/mnt/ubna_data_02_mir/recover-20220922/UBNA_001/20220921_090000.WAV,Telephone Field,recover-20220922,001,1795
1075.8805,1075.8883,28046,40141,Eptesicus serotinus,0.007,0.022,-1,Echolocation,/mnt/ubna_data_02_mir/recover-20220922/UBNA_001/20220921_090000.WAV,Telephone Field,recover-20220922,001,1795
1075.9315,1075.9389,26328,37395,Eptesicus serotinus,0.007,0.021,-1,Echolocation,/mnt/ubna_data_02_mir/recover-20220922/UBNA_001/20220921_090000.WAV,Telephone Field,recover-20220922,001,1795
1075.9425,1075.9846,68437,83563,Rhinolophus ferrumequinum,0.028,0.028,-1,Echolocation,/mnt/ubna_data_02_mir/recover-20220922/UBNA_001/20220921_090000.WAV,Telephone Field,recover-20220922,001,1795
1075.9505,1075.9605999999999,24609,30476,Nyctalus leisleri,0.015,0.04,-1,Echolocation,/mnt/ubna_data_02_mir/recover-20220922/UBNA_001/20220921_090000.WAV,Telephone Field,recover-20220922,001,1795
1075.9885,1075.9989,27187,36090,Eptesicus serotinus,0.011,0.024,-1,Echolocation,/mnt/ubna_data_02_mir/recover-20220922/UBNA_001/20220921_090000.WAV,Telephone Field,recover-20220922,001,1795
1076.0015,1076.0328,68437,79578,Rhinolophus ferrumequinum,0.024,0.025,-1,Echolocation,/mnt/ubna_data_02_mir/recover-20220922/UBNA_001/20220921_090000.WAV,Telephone Field,recover-20220922,001,1795
1076.0015,1076.0114,27187,34853,Nyctalus leisleri,0.011,0.034,-1,Echolocation,/mnt/ubna_data_02_mir/recover-20220922/UBNA_001/20220921_090000.WAV,Telephone Field,recover-20220922,001,1795
1076.0155,1076.0603,68437,83299,Rhinolophus ferrumequinum,0.026,0.026,-1,Echolocation,/mnt/ubna_data_02_mir/recover-20220922/UBNA_001/20220921_090000.WAV,Telephone Field,recover-20220922,001,1795
1076.0535,1076.0626,24609,32468,Eptesicus serotinus,0.007,0.023,-1,Echolocation,/mnt/ubna_data_02_mir/recover-20220922/UBNA_001/20220921_090000.WAV,Telephone Field,recover-20220922,001,1795
1076.0775,1076.1163999999999,68437,81925,Rhinolophus ferrumequinum,0.021,0.021,-1,Echolocation,/mnt/ubna_data_02_mir/recover-20220922/UBNA_001/20220921_090000.WAV,Telephone Field,recover-20220922,001,1795
1076.0925,1076.1022,28046,36534,Eptesicus serotinus,0.009,0.023,-1,Echolocation,/mnt/ubna_data_02_mir/recover-20220922/UBNA_001/20220921_090000.WAV,Telephone Field,recover-20220922,001,1795
1076.1155,1076.1247,22890,29592,Nyctalus leisleri,0.008,0.022,-1,Echolocation,/mnt/ubna_data_02_mir/recover-20220922/UBNA_001/20220921_090000.WAV,Telephone Field,recover-20220922,001,1795
1076.1595,1076.1995,68437,82686,Rhinolophus ferrumequinum,0.021,0.022,-1,Echolocation,/mnt/ubna_data_02_mir/recover-20220922/UBNA_001/20220921_090000.WAV,Telephone Field,recover-20220922,001,1795
1076.1615,1076.1711,28046,38605,Eptesicus serotinus,0.01,0.025,-1,Echolocation,/mnt/ubna_data_02_mir/recover-20220922/UBNA_001/20220921_090000.WAV,Telephone Field,recover-20220922,001,1795
1076.1825,1076.2204,68437,82005,Rhinolophus ferrumequinum,0.021,0.021,-1,Echolocation,/mnt/ubna_data_02_mir/recover-20220922/UBNA_001/20220921_090000.WAV,Telephone Field,recover-20220922,001,1795
1076.1975,1076.2371,68437,82679,Rhinolophus ferrumequinum,0.022,0.022,-1,Echolocation,/mnt/ubna_data_02_mir/recover-20220922/UBNA_001/20220921_090000.WAV,Telephone Field,recover-20220922,001,1795
1076.2255,1076.2371,22890,27862,Nyctalus leisleri,0.02,0.036,-1,Echolocation,/mnt/ubna_data_02_mir/recover-20220922/UBNA_001/20220921_090000.WAV,Telephone Field,recover-20220922,001,1795
1076.2405,1076.2769,68437,81190,Rhinolophus ferrumequinum,0.021,0.021,-1,Echolocation,/mnt/ubna_data_02_mir/recover-20220922/UBNA_001/20220921_090000.WAV,Telephone Field,recover-20220922,001,1795
1076.2505,1076.2871,68437,81020,Rhinolophus ferrumequinum,0.022,0.022,-1,Echolocation,/mnt/ubna_data_02_mir/recover-20220922/UBNA_001/20220921_090000.WAV,Telephone Field,recover-20220922,001,1795
1076.2645,1076.3035,68437,81807,Rhinolophus ferrumequinum,0.024,0.024,-1,Echolocation,/mnt/ubna_data_02_mir/recover-20220922/UBNA_001/20220921_090000.WAV,Telephone Field,recover-20220922,001,1795
1076.3085,1076.3166,25468,34361,Eptesicus serotinus,0.008,0.024,-1,Echolocation,/mnt/ubna_data_02_mir/recover-20220922/UBNA_001/20220921_090000.WAV,Telephone Field,recover-20220922,001,1795
1076.3305,1076.3693,68437,82073,Rhinolophus ferrumequinum,0.022,0.022,-1,Echolocation,/mnt/ubna_data_02_mir/recover-20220922/UBNA_001/20220921_090000.WAV,Telephone Field,recover-20220922,001,1795
1076.3395,1076.3503,22031,26224,Nyctalus leisleri,0.014,0.024,-1,Echolocation,/mnt/ubna_data_02_mir/recover-20220922/UBNA_001/20220921_090000.WAV,Telephone Field,recover-20220922,001,1795
1076.3435,1076.3848,68437,82496,Rhinolophus ferrumequinum,0.023,0.023,-1,Echolocation,/mnt/ubna_data_02_mir/recover-20220922/UBNA_001/20220921_090000.WAV,Telephone Field,recover-20220922,001,1795
1076.3615,1076.3713,27187,35782,Eptesicus serotinus,0.01,0.023,-1,Echolocation,/mnt/ubna_data_02_mir/recover-20220922/UBNA_001/20220921_090000.WAV,Telephone Field,recover-20220922,001,1795
1076.3905,1076.3994,27187,36922,Eptesicus serotinus,0.009,0.023,-1,Echolocation,/mnt/ubna_data_02_mir/recover-20220922/UBNA_001/20220921_090000.WAV,Telephone Field,recover-20220922,001,1795
1076.4365,1076.4744,68437,82272,Rhinolophus ferrumequinum,0.026,0.026,-1,Echolocation,/mnt/ubna_data_02_mir/recover-20220922/UBNA_001/20220921_090000.WAV,Telephone Field,recover-20220922,001,1795
1076.4465,1076.4847,68437,82021,Rhinolophus ferrumequinum,0.023,0.023,-1,Echolocation,/mnt/ubna_data_02_mir/recover-20220922/UBNA_001/20220921_090000.WAV,Telephone Field,recover-20220922,001,1795
1076.4775,1076.4849,26328,37773,Eptesicus serotinus,0.006,0.022,-1,Echolocation,/mnt/ubna_data_02_mir/recover-20220922/UBNA_001/20220921_090000.WAV,Telephone Field,recover-20220922,001,1795
1076.5025,1076.5394000000001,68437,81764,Rhinolophus ferrumequinum,0.021,0.021,-1,Echolocation,/mnt/ubna_data_02_mir/recover-20220922/UBNA_001/20220921_090000.WAV,Telephone Field,recover-20220922,001,1795
1076.5165,1076.5245,27187,37551,Eptesicus serotinus,0.01,0.025,-1,Echolocation,/mnt/ubna_data_02_mir/recover-20220922/UBNA_001/20220921_090000.WAV,Telephone Field,recover-20220922,001,1795
1076.5175,1076.5564,68437,82392,Rhinolophus ferrumequinum,0.023,0.023,-1,Echolocation,/mnt/ubna_data_02_mir/recover-20220922/UBNA_001/20220921_090000.WAV,Telephone Field,recover-20220922,001,1795
1076.5345,1076.5437,22890,29707,Plecotus austriacus,0.008,0.024,-1,Echolocation,/mnt/ubna_data_02_mir/recover-20220922/UBNA_001/20220921_090000.WAV,Telephone Field,recover-20220922,001,1795
1076.5415,1076.5796,68437,82269,Rhinolophus ferrumequinum,0.022,0.023,-1,Echolocation,/mnt/ubna_data_02_mir/recover-20220922/UBNA_001/20220921_090000.WAV,Telephone Field,recover-20220922,001,1795
1076.5605,1076.5704,28906,38383,Eptesicus serotinus,0.008,0.021,-1,Echolocation,/mnt/ubna_data_02_mir/recover-20220922/UBNA_001/20220921_090000.WAV,Telephone Field,recover-20220922,001,1795
1076.5625,1076.6009,68437,81906,Rhinolophus ferrumequinum,0.023,0.023,-1,Echolocation,/mnt/ubna_data_02_mir/recover-20220922/UBNA_001/20220921_090000.WAV,Telephone Field,recover-20220922,001,1795
1076.5755,1076.6158,68437,82207,Rhinolophus ferrumequinum,0.022,0.022,-1,Echolocation,/mnt/ubna_data_02_mir/recover-20220922/UBNA_001/20220921_090000.WAV,Telephone Field,recover-20220922,001,1795
1076.5995,1076.634,68437,81579,Rhinolophus ferrumequinum,0.023,0.023,-1,Echolocation,/mnt/ubna_data_02_mir/recover-20220922/UBNA_001/20220921_090000.WAV,Telephone Field,recover-20220922,001,1795
1076.6015,1076.6117,22890,28824,Nyctalus leisleri,0.009,0.024,-1,Echolocation,/mnt/ubna_data_02_mir/recover-20220922/UBNA_001/20220921_090000.WAV,Telephone Field,recover-20220922,001,1795
1076.6145,1076.6247,54687,58599,Pipistrellus pygmaeus,0.026,0.028,-1,Echolocation,/mnt/ubna_data_02_mir/recover-20220922/UBNA_001/20220921_090000.WAV,Telephone Field,recover-20220922,001,1795
1076.6485,1076.6593,22031,27033,Nyctalus leisleri,0.01,0.022,-1,Echolocation,/mnt/ubna_data_02_mir/recover-20220922/UBNA_001/20220921_090000.WAV,Telephone Field,recover-20220922,001,1795
1076.6735,1076.7131,68437,81610,Rhinolophus ferrumequinum,0.022,0.022,-1,Echolocation,/mnt/ubna_data_02_mir/recover-20220922/UBNA_001/20220921_090000.WAV,Telephone Field,recover-20220922,001,1795
1076.6825,1076.7182,68437,81614,Rhinolophus ferrumequinum,0.021,0.021,-1,Echolocation,/mnt/ubna_data_02_mir/recover-20220922/UBNA_001/20220921_090000.WAV,Telephone Field,recover-20220922,001,1795
1076.7065,1076.7174,22890,28270,Nyctalus leisleri,0.01,0.022,-1,Echolocation,/mnt/ubna_data_02_mir/recover-20220922/UBNA_001/20220921_090000.WAV,Telephone Field,recover-20220922,001,1795
1076.7225,1076.7649,68437,82715,Rhinolophus ferrumequinum,0.032,0.032,-1,Echolocation,/mnt/ubna_data_02_mir/recover-20220922/UBNA_001/20220921_090000.WAV,Telephone Field,recover-20220922,001,1795
1076.7565,1076.794,68437,82204,Rhinolophus ferrumequinum,0.026,0.026,-1,Echolocation,/mnt/ubna_data_02_mir/recover-20220922/UBNA_001/20220921_090000.WAV,Telephone Field,recover-20220922,001,1795
1076.8725,1076.907,68437,80753,Rhinolophus ferrumequinum,0.021,0.022,-1,Echolocation,/mnt/ubna_data_02_mir/recover-20220922/UBNA_001/20220921_090000.WAV,Telephone Field,recover-20220922,001,1795
1076.8845,1076.9233,68437,81697,Rhinolophus ferrumequinum,0.028,0.028,-1,Echolocation,/mnt/ubna_data_02_mir/recover-20220922/UBNA_001/20220921_090000.WAV,Telephone Field,recover-20220922,001,1795
1076.8965,1076.935,68437,81897,Rhinolophus ferrumequinum,0.021,0.021,-1,Echolocation,/mnt/ubna_data_02_mir/recover-20220922/UBNA_001/20220921_090000.WAV,Telephone Field,recover-20220922,001,1795
1076.9065,1076.9455,68437,82109,Rhinolophus ferrumequinum,0.022,0.022,-1,Echolocation,/mnt/ubna_data_02_mir/recover-20220922/UBNA_001/20220921_090000.WAV,Telephone Field,recover-20220922,001,1795
1076.9085,1076.9206,52109,55890,Pipistrellus pygmaeus,0.018,0.034,-1,Echolocation,/mnt/ubna_data_02_mir/recover-20220922/UBNA_001/20220921_090000.WAV,Telephone Field,recover-20220922,001,1795
1076.9315,1076.9709,68437,82471,Rhinolophus ferrumequinum,0.024,0.024,-1,Echolocation,/mnt/ubna_data_02_mir/recover-20220922/UBNA_001/20220921_090000.WAV,Telephone Field,recover-20220922,001,1795
1076.9535,1076.9932,68437,82334,Rhinolophus ferrumequinum,0.023,0.023,-1,Echolocation,/mnt/ubna_data_02_mir/recover-20220922/UBNA_001/20220921_090000.WAV,Telephone Field,recover-20220922,001,1795
1076.9695,1077.0079,68437,82408,Rhinolophus ferrumequinum,0.022,0.023,-1,Echolocation,/mnt/ubna_data_02_mir/recover-20220922/UBNA_001/20220921_090000.WAV,Telephone Field,recover-20220922,001,1795
1077.0115,1077.0499,68437,82429,Rhinolophus ferrumequinum,0.026,0.026,-1,Echolocation,/mnt/ubna_data_02_mir/recover-20220922/UBNA_001/20220921_090000.WAV,Telephone Field,recover-20220922,001,1795
1077.0515,1077.0899,68437,82762,Rhinolophus ferrumequinum,0.023,0.023,-1,Echolocation,/mnt/ubna_data_02_mir/recover-20220922/UBNA_001/20220921_090000.WAV,Telephone Field,recover-20220922,001,1795
1077.0675,1077.0749,28046,39064,Eptesicus serotinus,0.008,0.028,-1,Echolocation,/mnt/ubna_data_02_mir/recover-20220922/UBNA_001/20220921_090000.WAV,Telephone Field,recover-20220922,001,1795
1077.0765,1077.1168,68437,82774,Rhinolophus ferrumequinum,0.026,0.026,-1,Echolocation,/mnt/ubna_data_02_mir/recover-20220922/UBNA_001/20220921_090000.WAV,Telephone Field,recover-20220922,001,1795
1077.1075,1077.1476,68437,82509,Rhinolophus ferrumequinum,0.023,0.023,-1,Echolocation,/mnt/ubna_data_02_mir/recover-20220922/UBNA_001/20220921_090000.WAV,Telephone Field,recover-20220922,001,1795
1077.1125,1077.1204,28046,37287,Eptesicus serotinus,0.008,0.022,-1,Echolocation,/mnt/ubna_data_02_mir/recover-20220922/UBNA_001/20220921_090000.WAV,Telephone Field,recover-20220922,001,1795
1077.1335,1077.1711,68437,81995,Rhinolophus ferrumequinum,0.023,0.023,-1,Echolocation,/mnt/ubna_data_02_mir/recover-20220922/UBNA_001/20220921_090000.WAV,Telephone Field,recover-20220922,001,1795
1077.1515,1077.1593,24609,32866,Plecotus austriacus,0.01,0.034,-1,Echolocation,/mnt/ubna_data_02_mir/recover-20220922/UBNA_001/20220921_090000.WAV,Telephone Field,recover-20220922,001,1795
1077.1595,1077.1694,27187,34899,Eptesicus serotinus,0.012,0.025,-1,Echolocation,/mnt/ubna_data_02_mir/recover-20220922/UBNA_001/20220921_090000.WAV,Telephone Field,recover-20220922,001,1795
1077.1595,1077.1971,68437,81958,Rhinolophus ferrumequinum,0.022,0.022,-1,Echolocation,/mnt/ubna_data_02_mir/recover-20220922/UBNA_001/20220921_090000.WAV,Telephone Field,recover-20220922,001,1795
1077.1685,1077.1752,47812,51811,Pipistrellus pipistrellus,0.021,0.022,-1,Echolocation,/mnt/ubna_data_02_mir/recover-20220922/UBNA_001/20220921_090000.WAV,Telephone Field,recover-20220922,001,1795
1077.1935,1077.2056,22890,28075,Nyctalus leisleri,0.018,0.039,-1,Echolocation,/mnt/ubna_data_02_mir/recover-20220922/UBNA_001/20220921_090000.WAV,Telephone Field,recover-20220922,001,1795
1077.1965,1077.2313,68437,80610,Rhinolophus ferrumequinum,0.021,0.021,-1,Echolocation,/mnt/ubna_data_02_mir/recover-20220922/UBNA_001/20220921_090000.WAV,Telephone Field,recover-20220922,001,1795
1077.2075,1077.2148,23750,32297,Plecotus austriacus,0.016,0.03,-1,Echolocation,/mnt/ubna_data_02_mir/recover-20220922/UBNA_001/20220921_090000.WAV,Telephone Field,recover-20220922,001,1795
1077.2085,1077.2446,68437,81589,Rhinolophus ferrumequinum,0.028,0.028,-1,Echolocation,/mnt/ubna_data_02_mir/recover-20220922/UBNA_001/20220921_090000.WAV,Telephone Field,recover-20220922,001,1795
1077.2195,1077.2558,68437,80920,Rhinolophus ferrumequinum,0.021,0.021,-1,Echolocation,/mnt/ubna_data_02_mir/recover-20220922/UBNA_001/20220921_090000.WAV,Telephone Field,recover-20220922,001,1795
1077.2475,1077.2897,68437,82901,Rhinolophus ferrumequinum,0.028,0.028,-1,Echolocation,/mnt/ubna_data_02_mir/recover-20220922/UBNA_001/20220921_090000.WAV,Telephone Field,recover-20220922,001,1795
1077.2695,1077.3098,68437,82450,Rhinolophus ferrumequinum,0.021,0.021,-1,Echolocation,/mnt/ubna_data_02_mir/recover-20220922/UBNA_001/20220921_090000.WAV,Telephone Field,recover-20220922,001,1795
1077.2765,1077.2858,28046,35656,Eptesicus serotinus,0.015,0.028,-1,Echolocation,/mnt/ubna_data_02_mir/recover-20220922/UBNA_001/20220921_090000.WAV,Telephone Field,recover-20220922,001,1795
1077.3085,1077.3472,68437,82475,Rhinolophus ferrumequinum,0.022,0.022,-1,Echolocation,/mnt/ubna_data_02_mir/recover-20220922/UBNA_001/20220921_090000.WAV,Telephone Field,recover-20220922,001,1795
1077.3105,1077.319,28046,37267,Eptesicus serotinus,0.009,0.023,-1,Echolocation,/mnt/ubna_data_02_mir/recover-20220922/UBNA_001/20220921_090000.WAV,Telephone Field,recover-20220922,001,1795
1077.3385,1077.3782,68437,82201,Rhinolophus ferrumequinum,0.023,0.023,-1,Echolocation,/mnt/ubna_data_02_mir/recover-20220922/UBNA_001/20220921_090000.WAV,Telephone Field,recover-20220922,001,1795
1077.3835,1077.4267,68437,83072,Rhinolophus ferrumequinum,0.051,0.051,-1,Echolocation,/mnt/ubna_data_02_mir/recover-20220922/UBNA_001/20220921_090000.WAV,Telephone Field,recover-20220922,001,1795
1077.3895,1077.399,46093,49997,Pipistrellus pipistrellus,0.029,0.031,-1,Echolocation,/mnt/ubna_data_02_mir/recover-20220922/UBNA_001/20220921_090000.WAV,Telephone Field,recover-20220922,001,1795
1077.4075,1077.4466,68437,81974,Rhinolophus ferrumequinum,0.023,0.023,-1,Echolocation,/mnt/ubna_data_02_mir/recover-20220922/UBNA_001/20220921_090000.WAV,Telephone Field,recover-20220922,001,1795
1077.4135,1077.4214,28046,38730,Eptesicus serotinus,0.007,0.023,-1,Echolocation,/mnt/ubna_data_02_mir/recover-20220922/UBNA_001/20220921_090000.WAV,Telephone Field,recover-20220922,001,1795
1077.4375,1077.4762,68437,82529,Rhinolophus ferrumequinum,0.022,0.022,-1,Echolocation,/mnt/ubna_data_02_mir/recover-20220922/UBNA_001/20220921_090000.WAV,Telephone Field,recover-20220922,001,1795
1077.4755,1077.5138,68437,82221,Rhinolophus ferrumequinum,0.022,0.022,-1,Echolocation,/mnt/ubna_data_02_mir/recover-20220922/UBNA_001/20220921_090000.WAV,Telephone Field,recover-20220922,001,1795
1077.5015,1077.5103,28906,38338,Eptesicus serotinus,0.009,0.026,-1,Echolocation,/mnt/ubna_data_02_mir/recover-20220922/UBNA_001/20220921_090000.WAV,Telephone Field,recover-20220922,001,1795
1077.5245,1077.562,68437,81807,Rhinolophus ferrumequinum,0.021,0.021,-1,Echolocation,/mnt/ubna_data_02_mir/recover-20220922/UBNA_001/20220921_090000.WAV,Telephone Field,recover-20220922,001,1795
1077.5285,1077.5356,27187,40260,Eptesicus serotinus,0.008,0.028,-1,Echolocation,/mnt/ubna_data_02_mir/recover-20220922/UBNA_001/20220921_090000.WAV,Telephone Field,recover-20220922,001,1795
1077.6085,1077.6441,68437,81491,Rhinolophus ferrumequinum,0.023,0.023,-1,Echolocation,/mnt/ubna_data_02_mir/recover-20220922/UBNA_001/20220921_090000.WAV,Telephone Field,recover-20220922,001,1795
1077.6275,1077.6635,68437,80403,Rhinolophus ferrumequinum,0.022,0.022,-1,Echolocation,/mnt/ubna_data_02_mir/recover-20220922/UBNA_001/20220921_090000.WAV,Telephone Field,recover-20220922,001,1795
1077.6325,1077.6688,68437,80773,Rhinolophus ferrumequinum,0.022,0.022,-1,Echolocation,/mnt/ubna_data_02_mir/recover-20220922/UBNA_001/20220921_090000.WAV,Telephone Field,recover-20220922,001,1795
1077.6385,1077.6471,28046,36771,Eptesicus serotinus,0.007,0.022,-1,Echolocation,/mnt/ubna_data_02_mir/recover-20220922/UBNA_001/20220921_090000.WAV,Telephone Field,recover-20220922,001,1795
1077.6755,1077.7105999999999,68437,81224,Rhinolophus ferrumequinum,0.023,0.023,-1,Echolocation,/mnt/ubna_data_02_mir/recover-20220922/UBNA_001/20220921_090000.WAV,Telephone Field,recover-20220922,001,1795
1077.6915,1077.7326,68437,82610,Rhinolophus ferrumequinum,0.026,0.026,-1,Echolocation,/mnt/ubna_data_02_mir/recover-20220922/UBNA_001/20220921_090000.WAV,Telephone Field,recover-20220922,001,1795
1077.7085,1077.7453,68437,82362,Rhinolophus ferrumequinum,0.025,0.025,-1,Echolocation,/mnt/ubna_data_02_mir/recover-20220922/UBNA_001/20220921_090000.WAV,Telephone Field,recover-20220922,001,1795
1077.7255,1077.7628,68437,81456,Rhinolophus ferrumequinum,0.022,0.022,-1,Echolocation,/mnt/ubna_data_02_mir/recover-20220922/UBNA_001/20220921_090000.WAV,Telephone Field,recover-20220922,001,1795
1077.7355,1077.753,19453,23275,Nyctalus leisleri,0.01,0.022,-1,Echolocation,/mnt/ubna_data_02_mir/recover-20220922/UBNA_001/20220921_090000.WAV,Telephone Field,recover-20220922,001,1795
1077.7355,1077.7742,68437,81018,Rhinolophus ferrumequinum,0.022,0.022,-1,Echolocation,/mnt/ubna_data_02_mir/recover-20220922/UBNA_001/20220921_090000.WAV,Telephone Field,recover-20220922,001,1795
1077.7435,1077.7541,22890,28014,Nyctalus leisleri,0.01,0.023,-1,Echolocation,/mnt/ubna_data_02_mir/recover-20220922/UBNA_001/20220921_090000.WAV,Telephone Field,recover-20220922,001,1795
1077.7505,1077.7858,68437,81451,Rhinolophus ferrumequinum,0.021,0.021,-1,Echolocation,/mnt/ubna_data_02_mir/recover-20220922/UBNA_001/20220921_090000.WAV,Telephone Field,recover-20220922,001,1795
1077.7765,1077.7872,22890,27646,Nyctalus leisleri,0.011,0.022,-1,Echolocation,/mnt/ubna_data_02_mir/recover-20220922/UBNA_001/20220921_090000.WAV,Telephone Field,recover-20220922,001,1795
1077.7955,1077.8353,68437,82580,Rhinolophus ferrumequinum,0.027,0.027,-1,Echolocation,/mnt/ubna_data_02_mir/recover-20220922/UBNA_001/20220921_090000.WAV,Telephone Field,recover-20220922,001,1795
1077.8055,1077.8461,68437,81747,Rhinolophus ferrumequinum,0.024,0.024,-1,Echolocation,/mnt/ubna_data_02_mir/recover-20220922/UBNA_001/20220921_090000.WAV,Telephone Field,recover-20220922,001,1795
1077.8295,1077.8707,68437,82159,Rhinolophus ferrumequinum,0.023,0.023,-1,Echolocation,/mnt/ubna_data_02_mir/recover-20220922/UBNA_001/20220921_090000.WAV,Telephone Field,recover-20220922,001,1795
1077.8365,1077.8777,68437,82159,Rhinolophus ferrumequinum,0.022,0.022,-1,Echolocation,/mnt/ubna_data_02_mir/recover-20220922/UBNA_001/20220921_090000.WAV,Telephone Field,recover-20220922,001,1795
1077.8565,1077.8938,68437,82226,Rhinolophus ferrumequinum,0.022,0.022,-1,Echolocation,/mnt/ubna_data_02_mir/recover-20220922/UBNA_001/20220921_090000.WAV,Telephone Field,recover-20220922,001,1795
1077.8575,1077.8675,26328,34684,Eptesicus serotinus,0.007,0.022,-1,Echolocation,/mnt/ubna_data_02_mir/recover-20220922/UBNA_001/20220921_090000.WAV,Telephone Field,recover-20220922,001,1795
1077.8715,1077.9091,68437,81906,Rhinolophus ferrumequinum,0.024,0.024,-1,Echolocation,/mnt/ubna_data_02_mir/recover-20220922/UBNA_001/20220921_090000.WAV,Telephone Field,recover-20220922,001,1795
1077.8945,1077.9055,22031,26794,Nyctalus leisleri,0.012,0.022,-1,Echolocation,/mnt/ubna_data_02_mir/recover-20220922/UBNA_001/20220921_090000.WAV,Telephone Field,recover-20220922,001,1795
1077.8995,1077.9093,28046,35758,Eptesicus serotinus,0.008,0.021,-1,Echolocation,/mnt/ubna_data_02_mir/recover-20220922/UBNA_001/20220921_090000.WAV,Telephone Field,recover-20220922,001,1795
1077.9115,1077.9192,27187,38595,Eptesicus serotinus,0.008,0.023,-1,Echolocation,/mnt/ubna_data_02_mir/recover-20220922/UBNA_001/20220921_090000.WAV,Telephone Field,recover-20220922,001,1795
1077.9265,1077.9364,28046,36812,Eptesicus serotinus,0.014,0.029,-1,Echolocation,/mnt/ubna_data_02_mir/recover-20220922/UBNA_001/20220921_090000.WAV,Telephone Field,recover-20220922,001,1795
1077.9395,1077.9819,68437,83125,Rhinolophus ferrumequinum,0.029,0.029,-1,Echolocation,/mnt/ubna_data_02_mir/recover-20220922/UBNA_001/20220921_090000.WAV,Telephone Field,recover-20220922,001,1795
1077.9455,1077.9541,28046,40760,Eptesicus serotinus,0.008,0.022,-1,Echolocation,/mnt/ubna_data_02_mir/recover-20220922/UBNA_001/20220921_090000.WAV,Telephone Field,recover-20220922,001,1795
1077.9835,1077.9942,22890,28689,Nyctalus leisleri,0.01,0.022,-1,Echolocation,/mnt/ubna_data_02_mir/recover-20220922/UBNA_001/20220921_090000.WAV,Telephone Field,recover-20220922,001,1795
1078.0015,1078.0145,20312,25652,Nyctalus leisleri,0.01,0.026,-1,Echolocation,/mnt/ubna_data_02_mir/recover-20220922/UBNA_001/20220921_090000.WAV,Telephone Field,recover-20220922,001,1795
1078.0015,1078.0329,69296,81203,Rhinolophus ferrumequinum,0.043,0.043,-1,Echolocation,/mnt/ubna_data_02_mir/recover-20220922/UBNA_001/20220921_090000.WAV,Telephone Field,recover-20220922,001,1795
1078.0025,1078.0131,28906,38522,Eptesicus serotinus,0.021,0.044,-1,Echolocation,/mnt/ubna_data_02_mir/recover-20220922/UBNA_001/20220921_090000.WAV,Telephone Field,recover-20220922,001,1795
1078.0375,1078.0481,28046,34015,Eptesicus serotinus,0.016,0.032,-1,Echolocation,/mnt/ubna_data_02_mir/recover-20220922/UBNA_001/20220921_090000.WAV,Telephone Field,recover-20220922,001,1795
1078.0475,1078.0892,68437,83023,Rhinolophus ferrumequinum,0.03,0.03,-1,Echolocation,/mnt/ubna_data_02_mir/recover-20220922/UBNA_001/20220921_090000.WAV,Telephone Field,recover-20220922,001,1795
1078.0575,1078.0643,28046,39167,Eptesicus serotinus,0.005,0.021,-1,Echolocation,/mnt/ubna_data_02_mir/recover-20220922/UBNA_001/20220921_090000.WAV,Telephone Field,recover-20220922,001,1795
1078.0755,1078.0836,26328,35042,Eptesicus serotinus,0.008,0.022,-1,Echolocation,/mnt/ubna_data_02_mir/recover-20220922/UBNA_001/20220921_090000.WAV,Telephone Field,recover-20220922,001,1795
1078.1025,1078.1413,68437,81814,Rhinolophus ferrumequinum,0.023,0.023,-1,Echolocation,/mnt/ubna_data_02_mir/recover-20220922/UBNA_001/20220921_090000.WAV,Telephone Field,recover-20220922,001,1795
1078.1035,1078.1105,31484,43132,Myotis daubentonii,0.01,0.024,-1,Echolocation,/mnt/ubna_data_02_mir/recover-20220922/UBNA_001/20220921_090000.WAV,Telephone Field,recover-20220922,001,1795
1078.1055,1078.1163,22031,26919,Nyctalus leisleri,0.01,0.021,-1,Echolocation,/mnt/ubna_data_02_mir/recover-20220922/UBNA_001/20220921_090000.WAV,Telephone Field,recover-20220922,001,1795
1078.1705,1078.2086,68437,81958,Rhinolophus ferrumequinum,0.023,0.023,-1,Echolocation,/mnt/ubna_data_02_mir/recover-20220922/UBNA_001/20220921_090000.WAV,Telephone Field,recover-20220922,001,1795
1078.2005,1078.2073,27187,44040,Eptesicus serotinus,0.007,0.023,-1,Echolocation,/mnt/ubna_data_02_mir/recover-20220922/UBNA_001/20220921_090000.WAV,Telephone Field,recover-20220922,001,1795
1078.2145,1078.2261,22031,26712,Nyctalus leisleri,0.011,0.021,-1,Echolocation,/mnt/ubna_data_02_mir/recover-20220922/UBNA_001/20220921_090000.WAV,Telephone Field,recover-20220922,001,1795
1078.2635,1078.302,68437,81676,Rhinolophus ferrumequinum,0.022,0.022,-1,Echolocation,/mnt/ubna_data_02_mir/recover-20220922/UBNA_001/20220921_090000.WAV,Telephone Field,recover-20220922,001,1795
1078.2775,1078.3136,68437,81517,Rhinolophus ferrumequinum,0.022,0.022,-1,Echolocation,/mnt/ubna_data_02_mir/recover-20220922/UBNA_001/20220921_090000.WAV,Telephone Field,recover-20220922,001,1795
1078.3005,1078.3401,68437,82390,Rhinolophus ferrumequinum,0.023,0.023,-1,Echolocation,/mnt/ubna_data_02_mir/recover-20220922/UBNA_001/20220921_090000.WAV,Telephone Field,recover-20220922,001,1795
1078.3335,1078.3444,22031,26563,Nyctalus leisleri,0.011,0.022,-1,Echolocation,/mnt/ubna_data_02_mir/recover-20220922/UBNA_001/20220921_090000.WAV,Telephone Field,recover-20220922,001,1795
1078.3345,1078.3733,68437,82068,Rhinolophus ferrumequinum,0.022,0.022,-1,Echolocation,/mnt/ubna_data_02_mir/recover-20220922/UBNA_001/20220921_090000.WAV,Telephone Field,recover-20220922,001,1795
1078.3815,1078.4216,68437,82497,Rhinolophus ferrumequinum,0.03,0.03,-1,Echolocation,/mnt/ubna_data_02_mir/recover-20220922/UBNA_001/20220921_090000.WAV,Telephone Field,recover-20220922,001,1795
1078.3905,1078.4305,68437,82367,Rhinolophus ferrumequinum,0.025,0.025,-1,Echolocation,/mnt/ubna_data_02_mir/recover-20220922/UBNA_001/20220921_090000.WAV,Telephone Field,recover-20220922,001,1795
1078.4005,1078.4432,68437,83011,Rhinolophus ferrumequinum,0.031,0.031,-1,Echolocation,/mnt/ubna_data_02_mir/recover-20220922/UBNA_001/20220921_090000.WAV,Telephone Field,recover-20220922,001,1795
1078.4235,1078.4342,44375,47293,Pipistrellus pipistrellus,0.033,0.035,-1,Echolocation,/mnt/ubna_data_02_mir/recover-20220922/UBNA_001/20220921_090000.WAV,Telephone Field,recover-20220922,001,1795
1078.4275,1078.4702,68437,82898,Rhinolophus ferrumequinum,0.024,0.024,-1,Echolocation,/mnt/ubna_data_02_mir/recover-20220922/UBNA_001/20220921_090000.WAV,Telephone Field,recover-20220922,001,1795
1078.4355,1078.4754,68437,82456,Rhinolophus ferrumequinum,0.021,0.021,-1,Echolocation,/mnt/ubna_data_02_mir/recover-20220922/UBNA_001/20220921_090000.WAV,Telephone Field,recover-20220922,001,1795
1078.4415,1078.4492,23750,32123,Plecotus austriacus,0.009,0.022,-1,Echolocation,/mnt/ubna_data_02_mir/recover-20220922/UBNA_001/20220921_090000.WAV,Telephone Field,recover-20220922,001,1795
1078.4605,1078.472,44375,47271,Pipistrellus pipistrellus,0.025,0.028,-1,Echolocation,/mnt/ubna_data_02_mir/recover-20220922/UBNA_001/20220921_090000.WAV,Telephone Field,recover-20220922,001,1795
1078.4705,1078.4875,22890,27285,Nyctalus leisleri,0.017,0.03,-1,Echolocation,/mnt/ubna_data_02_mir/recover-20220922/UBNA_001/20220921_090000.WAV,Telephone Field,recover-20220922,001,1795
1078.4955,1078.5331,68437,81802,Rhinolophus ferrumequinum,0.022,0.022,-1,Echolocation,/mnt/ubna_data_02_mir/recover-20220922/UBNA_001/20220921_090000.WAV,Telephone Field,recover-20220922,001,1795
1078.5025,1078.5412,68437,81610,Rhinolophus ferrumequinum,0.022,0.022,-1,Echolocation,/mnt/ubna_data_02_mir/recover-20220922/UBNA_001/20220921_090000.WAV,Telephone Field,recover-20220922,001,1795
1078.5375,1078.5777,68437,82906,Rhinolophus ferrumequinum,0.027,0.027,-1,Echolocation,/mnt/ubna_data_02_mir/recover-20220922/UBNA_001/20220921_090000.WAV,Telephone Field,recover-20220922,001,1795
1078.5605,1078.5983,68437,82264,Rhinolophus ferrumequinum,0.022,0.022,-1,Echolocation,/mnt/ubna_data_02_mir/recover-20220922/UBNA_001/20220921_090000.WAV,Telephone Field,recover-20220922,001,1795
1078.5655,1078.6029,68437,82009,Rhinolophus ferrumequinum,0.022,0.022,-1,Echolocation,/mnt/ubna_data_02_mir/recover-20220922/UBNA_001/20220921_090000.WAV,Telephone Field,recover-20220922,001,1795
1078.5735,1078.5838,28906,35997,Eptesicus serotinus,0.011,0.027,-1,Echolocation,/mnt/ubna_data_02_mir/recover-20220922/UBNA_001/20220921_090000.WAV,Telephone Field,recover-20220922,001,1795
1078.6155,1078.6263,28906,35741,Eptesicus serotinus,0.01,0.025,-1,Echolocation,/mnt/ubna_data_02_mir/recover-20220922/UBNA_001/20220921_090000.WAV,Telephone Field,recover-20220922,001,1795
1078.6295,1078.668,68437,82183,Rhinolophus ferrumequinum,0.025,0.025,-1,Echolocation,/mnt/ubna_data_02_mir/recover-20220922/UBNA_001/20220921_090000.WAV,Telephone Field,recover-20220922,001,1795
1078.6615,1078.6994,68437,82033,Rhinolophus ferrumequinum,0.021,0.021,-1,Echolocation,/mnt/ubna_data_02_mir/recover-20220922/UBNA_001/20220921_090000.WAV,Telephone Field,recover-20220922,001,1795
1078.6745,1078.6827,28906,37613,Eptesicus serotinus,0.006,0.021,-1,Echolocation,/mnt/ubna_data_02_mir/recover-20220922/UBNA_001/20220921_090000.WAV,Telephone Field,recover-20220922,001,1795
1078.6955,1078.7066,23750,30104,Nyctalus leisleri,0.017,0.044,-1,Echolocation,/mnt/ubna_data_02_mir/recover-20220922/UBNA_001/20220921_090000.WAV,Telephone Field,recover-20220922,001,1795
1078.6965,1078.7386,68437,82741,Rhinolophus ferrumequinum,0.043,0.043,-1,Echolocation,/mnt/ubna_data_02_mir/recover-20220922/UBNA_001/20220921_090000.WAV,Telephone Field,recover-20220922,001,1795
1078.7655,1078.8052,68437,82154,Rhinolophus ferrumequinum,0.025,0.025,-1,Echolocation,/mnt/ubna_data_02_mir/recover-20220922/UBNA_001/20220921_090000.WAV,Telephone Field,recover-20220922,001,1795
1078.7705,1078.7795,27187,38169,Eptesicus serotinus,0.01,0.03,-1,Echolocation,/mnt/ubna_data_02_mir/recover-20220922/UBNA_001/20220921_090000.WAV,Telephone Field,recover-20220922,001,1795
1078.7785,1078.8193,68437,82126,Rhinolophus ferrumequinum,0.021,0.021,-1,Echolocation,/mnt/ubna_data_02_mir/recover-20220922/UBNA_001/20220921_090000.WAV,Telephone Field,recover-20220922,001,1795
1078.7835,1078.8233,68437,82125,Rhinolophus ferrumequinum,0.021,0.021,-1,Echolocation,/mnt/ubna_data_02_mir/recover-20220922/UBNA_001/20220921_090000.WAV,Telephone Field,recover-20220922,001,1795
1078.8265,1078.839,25468,30755,Nyctalus leisleri,0.011,0.026,-1,Echolocation,/mnt/ubna_data_02_mir/recover-20220922/UBNA_001/20220921_090000.WAV,Telephone Field,recover-20220922,001,1795
1078.8315,1078.8711,68437,82436,Rhinolophus ferrumequinum,0.023,0.023,-1,Echolocation,/mnt/ubna_data_02_mir/recover-20220922/UBNA_001/20220921_090000.WAV,Telephone Field,recover-20220922,001,1795
1078.8435,1078.8837,68437,82449,Rhinolophus ferrumequinum,0.023,0.023,-1,Echolocation,/mnt/ubna_data_02_mir/recover-20220922/UBNA_001/20220921_090000.WAV,Telephone Field,recover-20220922,001,1795
1078.8635,1078.8993,68437,81366,Rhinolophus ferrumequinum,0.022,0.022,-1,Echolocation,/mnt/ubna_data_02_mir/recover-20220922/UBNA_001/20220921_090000.WAV,Telephone Field,recover-20220922,001,1795
1078.8715,1078.9107,68437,82094,Rhinolophus ferrumequinum,0.022,0.022,-1,Echolocation,/mnt/ubna_data_02_mir/recover-20220922/UBNA_001/20220921_090000.WAV,Telephone Field,recover-20220922,001,1795
1078.8825,1078.9214,68437,82068,Rhinolophus ferrumequinum,0.021,0.021,-1,Echolocation,/mnt/ubna_data_02_mir/recover-20220922/UBNA_001/20220921_090000.WAV,Telephone Field,recover-20220922,001,1795
1079.0375,1079.0449,28046,38389,Eptesicus serotinus,0.014,0.035,-1,Echolocation,/mnt/ubna_data_02_mir/recover-20220922/UBNA_001/20220921_090000.WAV,Telephone Field,recover-20220922,001,1795
1079.0765,1079.087,28046,36914,Eptesicus serotinus,0.012,0.026,-1,Echolocation,/mnt/ubna_data_02_mir/recover-20220922/UBNA_001/20220921_090000.WAV,Telephone Field,recover-20220922,001,1795
1079.0795,1079.1167,68437,81644,Rhinolophus ferrumequinum,0.024,0.024,-1,Echolocation,/mnt/ubna_data_02_mir/recover-20220922/UBNA_001/20220921_090000.WAV,Telephone Field,recover-20220922,001,1795
1079.1155,1079.1257,26328,33897,Eptesicus serotinus,0.011,0.023,-1,Echolocation,/mnt/ubna_data_02_mir/recover-20220922/UBNA_001/20220921_090000.WAV,Telephone Field,recover-20220922,001,1795
1079.1165,1079.1609,68437,82877,Rhinolophus ferrumequinum,0.033,0.033,-1,Echolocation,/mnt/ubna_data_02_mir/recover-20220922/UBNA_001/20220921_090000.WAV,Telephone Field,recover-20220922,001,1795
1079.1235,1079.1378,15156,20805,Nyctalus noctula,0.024,0.034,-1,Echolocation,/mnt/ubna_data_02_mir/recover-20220922/UBNA_001/20220921_090000.WAV,Telephone Field,recover-20220922,001,1795
1079.1295,1079.1408,47812,51830,Pipistrellus pipistrellus,0.029,0.033,-1,Echolocation,/mnt/ubna_data_02_mir/recover-20220922/UBNA_001/20220921_090000.WAV,Telephone Field,recover-20220922,001,1795
1079.1495,1079.1885,68437,81993,Rhinolophus ferrumequinum,0.022,0.023,-1,Echolocation,/mnt/ubna_data_02_mir/recover-20220922/UBNA_001/20220921_090000.WAV,Telephone Field,recover-20220922,001,1795
1079.1635,1079.1727,27187,36876,Eptesicus serotinus,0.01,0.024,-1,Echolocation,/mnt/ubna_data_02_mir/recover-20220922/UBNA_001/20220921_090000.WAV,Telephone Field,recover-20220922,001,1795
1079.1755,1079.2109,68437,81127,Rhinolophus ferrumequinum,0.024,0.024,-1,Echolocation,/mnt/ubna_data_02_mir/recover-20220922/UBNA_001/20220921_090000.WAV,Telephone Field,recover-20220922,001,1795
1079.1775,1079.1877,22890,28498,Nyctalus leisleri,0.011,0.023,-1,Echolocation,/mnt/ubna_data_02_mir/recover-20220922/UBNA_001/20220921_090000.WAV,Telephone Field,recover-20220922,001,1795
1079.2085,1079.2187,27187,34800,Eptesicus serotinus,0.012,0.026,-1,Echolocation,/mnt/ubna_data_02_mir/recover-20220922/UBNA_001/20220921_090000.WAV,Telephone Field,recover-20220922,001,1795
1079.2155,1079.2527,68437,81610,Rhinolophus ferrumequinum,0.025,0.025,-1,Echolocation,/mnt/ubna_data_02_mir/recover-20220922/UBNA_001/20220921_090000.WAV,Telephone Field,recover-20220922,001,1795
1079.2205,1079.2312,27187,35071,Eptesicus serotinus,0.01,0.023,-1,Echolocation,/mnt/ubna_data_02_mir/recover-20220922/UBNA_001/20220921_090000.WAV,Telephone Field,recover-20220922,001,1795
1079.2315,1079.2396,56406,61325,Pipistrellus pygmaeus,0.02,0.022,-1,Echolocation,/mnt/ubna_data_02_mir/recover-20220922/UBNA_001/20220921_090000.WAV,Telephone Field,recover-20220922,001,1795
1079.2595,1079.2981,68437,82107,Rhinolophus ferrumequinum,0.027,0.027,-1,Echolocation,/mnt/ubna_data_02_mir/recover-20220922/UBNA_001/20220921_090000.WAV,Telephone Field,recover-20220922,001,1795
1079.2785,1079.2897,27187,33299,Eptesicus serotinus,0.013,0.031,-1,Echolocation,/mnt/ubna_data_02_mir/recover-20220922/UBNA_001/20220921_090000.WAV,Telephone Field,recover-20220922,001,1795
1079.2995,1079.3414,68437,82717,Rhinolophus ferrumequinum,0.026,0.026,-1,Echolocation,/mnt/ubna_data_02_mir/recover-20220922/UBNA_001/20220921_090000.WAV,Telephone Field,recover-20220922,001,1795
1079.3035,1079.3126,28046,37538,Eptesicus serotinus,0.008,0.021,-1,Echolocation,/mnt/ubna_data_02_mir/recover-20220922/UBNA_001/20220921_090000.WAV,Telephone Field,recover-20220922,001,1795
1079.3135,1079.3516,68437,82307,Rhinolophus ferrumequinum,0.021,0.022,-1,Echolocation,/mnt/ubna_data_02_mir/recover-20220922/UBNA_001/20220921_090000.WAV,Telephone Field,recover-20220922,001,1795
1079.3175,1079.3281,23750,29762,Nyctalus leisleri,0.012,0.03,-1,Echolocation,/mnt/ubna_data_02_mir/recover-20220922/UBNA_001/20220921_090000.WAV,Telephone Field,recover-20220922,001,1795
1079.3415,1079.3506,27187,35539,Eptesicus serotinus,0.009,0.022,-1,Echolocation,/mnt/ubna_data_02_mir/recover-20220922/UBNA_001/20220921_090000.WAV,Telephone Field,recover-20220922,001,1795
1079.3715,1079.3793,51250,56754,Pipistrellus pipistrellus,0.017,0.021,-1,Echolocation,/mnt/ubna_data_02_mir/recover-20220922/UBNA_001/20220921_090000.WAV,Telephone Field,recover-20220922,001,1795
1079.3865,1079.4243,68437,81881,Rhinolophus ferrumequinum,0.024,0.024,-1,Echolocation,/mnt/ubna_data_02_mir/recover-20220922/UBNA_001/20220921_090000.WAV,Telephone Field,recover-20220922,001,1795
1079.4035,1079.4398,68437,81669,Rhinolophus ferrumequinum,0.022,0.022,-1,Echolocation,/mnt/ubna_data_02_mir/recover-20220922/UBNA_001/20220921_090000.WAV,Telephone Field,recover-20220922,001,1795
1079.4205,1079.4324,14296,19584,Nyctalus noctula,0.026,0.041,-1,Echolocation,/mnt/ubna_data_02_mir/recover-20220922/UBNA_001/20220921_090000.WAV,Telephone Field,recover-20220922,001,1795
1079.4355,1079.4717,68437,81979,Rhinolophus ferrumequinum,0.026,0.026,-1,Echolocation,/mnt/ubna_data_02_mir/recover-20220922/UBNA_001/20220921_090000.WAV,Telephone Field,recover-20220922,001,1795
1079.4405,1079.4511,23750,30397,Nyctalus leisleri,0.011,0.026,-1,Echolocation,/mnt/ubna_data_02_mir/recover-20220922/UBNA_001/20220921_090000.WAV,Telephone Field,recover-20220922,001,1795
1079.4415,1079.4499,32343,41579,Myotis daubentonii,0.008,0.022,-1,Echolocation,/mnt/ubna_data_02_mir/recover-20220922/UBNA_001/20220921_090000.WAV,Telephone Field,recover-20220922,001,1795
1079.4535,1079.4947,68437,82512,Rhinolophus ferrumequinum,0.025,0.025,-1,Echolocation,/mnt/ubna_data_02_mir/recover-20220922/UBNA_001/20220921_090000.WAV,Telephone Field,recover-20220922,001,1795
1079.4685,1079.5066,68437,82343,Rhinolophus ferrumequinum,0.022,0.022,-1,Echolocation,/mnt/ubna_data_02_mir/recover-20220922/UBNA_001/20220921_090000.WAV,Telephone Field,recover-20220922,001,1795
1079.4845,1079.5257,68437,82640,Rhinolophus ferrumequinum,0.026,0.026,-1,Echolocation,/mnt/ubna_data_02_mir/recover-20220922/UBNA_001/20220921_090000.WAV,Telephone Field,recover-20220922,001,1795
1079.4915,1079.5013,28046,36247,Eptesicus serotinus,0.01,0.021,-1,Echolocation,/mnt/ubna_data_02_mir/recover-20220922/UBNA_001/20220921_090000.WAV,Telephone Field,recover-20220922,001,1795
1079.5415,1079.5805,68437,82006,Rhinolophus ferrumequinum,0.021,0.021,-1,Echolocation,/mnt/ubna_data_02_mir/recover-20220922/UBNA_001/20220921_090000.WAV,Telephone Field,recover-20220922,001,1795
1079.5495,1079.5568,25468,33853,Plecotus austriacus,0.005,0.021,-1,Echolocation,/mnt/ubna_data_02_mir/recover-20220922/UBNA_001/20220921_090000.WAV,Telephone Field,recover-20220922,001,1795
1079.5675,1079.6037,68437,80969,Rhinolophus ferrumequinum,0.021,0.022,-1,Echolocation,/mnt/ubna_data_02_mir/recover-20220922/UBNA_001/20220921_090000.WAV,Telephone Field,recover-20220922,001,1795
1079.5925,1079.6106,21171,24296,Nyctalus leisleri,0.015,0.025,-1,Echolocation,/mnt/ubna_data_02_mir/recover-20220922/UBNA_001/20220921_090000.WAV,Telephone Field,recover-20220922,001,1795
1079.5925,1079.6332,68437,82364,Rhinolophus ferrumequinum,0.027,0.027,-1,Echolocation,/mnt/ubna_data_02_mir/recover-20220922/UBNA_001/20220921_090000.WAV,Telephone Field,recover-20220922,001,1795
1079.6335,1079.641,25468,34726,Eptesicus serotinus,0.006,0.022,-1,Echolocation,/mnt/ubna_data_02_mir/recover-20220922/UBNA_001/20220921_090000.WAV,Telephone Field,recover-20220922,001,1795
1079.6415,1079.6833,68437,83113,Rhinolophus ferrumequinum,0.032,0.032,-1,Echolocation,/mnt/ubna_data_02_mir/recover-20220922/UBNA_001/20220921_090000.WAV,Telephone Field,recover-20220922,001,1795
1079.6445,1079.6544,28906,36565,Eptesicus serotinus,0.008,0.021,-1,Echolocation,/mnt/ubna_data_02_mir/recover-20220922/UBNA_001/20220921_090000.WAV,Telephone Field,recover-20220922,001,1795
1079.6495,1079.6929,68437,83214,Rhinolophus ferrumequinum,0.025,0.025,-1,Echolocation,/mnt/ubna_data_02_mir/recover-20220922/UBNA_001/20220921_090000.WAV,Telephone Field,recover-20220922,001,1795
1079.6555,1079.6979,68437,82905,Rhinolophus ferrumequinum,0.024,0.024,-1,Echolocation,/mnt/ubna_data_02_mir/recover-20220922/UBNA_001/20220921_090000.WAV,Telephone Field,recover-20220922,001,1795
1079.6755,1079.714,68437,81830,Rhinolophus ferrumequinum,0.022,0.022,-1,Echolocation,/mnt/ubna_data_02_mir/recover-20220922/UBNA_001/20220921_090000.WAV,Telephone Field,recover-20220922,001,1795
1079.6885,1079.7275,68437,82165,Rhinolophus ferrumequinum,0.023,0.023,-1,Echolocation,/mnt/ubna_data_02_mir/recover-20220922/UBNA_001/20220921_090000.WAV,Telephone Field,recover-20220922,001,1795
1079.6935,1079.7026,28046,36769,Eptesicus serotinus,0.008,0.021,-1,Echolocation,/mnt/ubna_data_02_mir/recover-20220922/UBNA_001/20220921_090000.WAV,Telephone Field,recover-20220922,001,1795
1079.7595,1079.765,30625,51496,Myotis daubentonii,0.015,0.027,-1,Echolocation,/mnt/ubna_data_02_mir/recover-20220922/UBNA_001/20220921_090000.WAV,Telephone Field,recover-20220922,001,1795
1079.7765,1079.8188,68437,82013,Rhinolophus ferrumequinum,0.023,0.023,-1,Echolocation,/mnt/ubna_data_02_mir/recover-20220922/UBNA_001/20220921_090000.WAV,Telephone Field,recover-20220922,001,1795
1079.7815,1079.823,68437,82310,Rhinolophus ferrumequinum,0.023,0.023,-1,Echolocation,/mnt/ubna_data_02_mir/recover-20220922/UBNA_001/20220921_090000.WAV,Telephone Field,recover-20220922,001,1795
1079.7925,1079.832,68437,82668,Rhinolophus ferrumequinum,0.022,0.022,-1,Echolocation,/mnt/ubna_data_02_mir/recover-20220922/UBNA_001/20220921_090000.WAV,Telephone Field,recover-20220922,001,1795
1079.8275,1079.8713,68437,82832,Rhinolophus ferrumequinum,0.026,0.026,-1,Echolocation,/mnt/ubna_data_02_mir/recover-20220922/UBNA_001/20220921_090000.WAV,Telephone Field,recover-20220922,001,1795
1079.8335,1079.8438,22031,28219,Nyctalus leisleri,0.008,0.022,-1,Echolocation,/mnt/ubna_data_02_mir/recover-20220922/UBNA_001/20220921_090000.WAV,Telephone Field,recover-20220922,001,1795
1079.8335,1079.8418,26328,38152,Eptesicus serotinus,0.007,0.022,-1,Echolocation,/mnt/ubna_data_02_mir/recover-20220922/UBNA_001/20220921_090000.WAV,Telephone Field,recover-20220922,001,1795
1079.8415,1079.8509,28046,35734,Eptesicus serotinus,0.01,0.021,-1,Echolocation,/mnt/ubna_data_02_mir/recover-20220922/UBNA_001/20220921_090000.WAV,Telephone Field,recover-20220922,001,1795
1079.8545,1079.8933,68437,81973,Rhinolophus ferrumequinum,0.022,0.022,-1,Echolocation,/mnt/ubna_data_02_mir/recover-20220922/UBNA_001/20220921_090000.WAV,Telephone Field,recover-20220922,001,1795
1079.8675,1079.9016,68437,80745,Rhinolophus ferrumequinum,0.026,0.026,-1,Echolocation,/mnt/ubna_data_02_mir/recover-20220922/UBNA_001/20220921_090000.WAV,Telephone Field,recover-20220922,001,1795
1079.9275,1079.968,68437,82614,Rhinolophus ferrumequinum,0.026,0.026,-1,Echolocation,/mnt/ubna_data_02_mir/recover-20220922/UBNA_001/20220921_090000.WAV,Telephone Field,recover-20220922,001,1795
1079.9755,1079.9858,27187,35323,Eptesicus serotinus,0.01,0.024,-1,Echolocation,/mnt/ubna_data_02_mir/recover-20220922/UBNA_001/20220921_090000.WAV,Telephone Field,recover-20220922,001,1795
1080.0015,1080.0323,68437,79431,Rhinolophus ferrumequinum,0.027,0.027,-1,Echolocation,/mnt/ubna_data_02_mir/recover-20220922/UBNA_001/20220921_090000.WAV,Telephone Field,recover-20220922,001,1795
1080.0015,1080.0093,47812,54772,Pipistrellus pipistrellus,0.02,0.025,-1,Echolocation,/mnt/ubna_data_02_mir/recover-20220922/UBNA_001/20220921_090000.WAV,Telephone Field,recover-20220922,001,1795
1080.0015,1080.0106,26328,35659,Eptesicus serotinus,0.008,0.024,-1,Echolocation,/mnt/ubna_data_02_mir/recover-20220922/UBNA_001/20220921_090000.WAV,Telephone Field,recover-20220922,001,1795
1080.0145,1080.0553,68437,82961,Rhinolophus ferrumequinum,0.024,0.024,-1,Echolocation,/mnt/ubna_data_02_mir/recover-20220922/UBNA_001/20220921_090000.WAV,Telephone Field,recover-20220922,001,1795
1080.0575,1080.098,68437,81706,Rhinolophus ferrumequinum,0.022,0.022,-1,Echolocation,/mnt/ubna_data_02_mir/recover-20220922/UBNA_001/20220921_090000.WAV,Telephone Field,recover-20220922,001,1795
1080.0765,1080.1124,68437,80514,Rhinolophus ferrumequinum,0.025,0.025,-1,Echolocation,/mnt/ubna_data_02_mir/recover-20220922/UBNA_001/20220921_090000.WAV,Telephone Field,recover-20220922,001,1795
1080.1635,1080.2027,68437,82070,Rhinolophus ferrumequinum,0.021,0.021,-1,Echolocation,/mnt/ubna_data_02_mir/recover-20220922/UBNA_001/20220921_090000.WAV,Telephone Field,recover-20220922,001,1795
1080.1835,1080.2189,68437,81171,Rhinolophus ferrumequinum,0.021,0.021,-1,Echolocation,/mnt/ubna_data_02_mir/recover-20220922/UBNA_001/20220921_090000.WAV,Telephone Field,recover-20220922,001,1795
1080.1895,1080.1988,26328,34378,Eptesicus serotinus,0.014,0.033,-1,Echolocation,/mnt/ubna_data_02_mir/recover-20220922/UBNA_001/20220921_090000.WAV,Telephone Field,recover-20220922,001,1795
1080.1975,1080.2363,68437,81787,Rhinolophus ferrumequinum,0.024,0.024,-1,Echolocation,/mnt/ubna_data_02_mir/recover-20220922/UBNA_001/20220921_090000.WAV,Telephone Field,recover-20220922,001,1795
1080.2065,1080.2452,68437,82362,Rhinolophus ferrumequinum,0.024,0.024,-1,Echolocation,/mnt/ubna_data_02_mir/recover-20220922/UBNA_001/20220921_090000.WAV,Telephone Field,recover-20220922,001,1795
1080.2195,1080.2581,68437,82164,Rhinolophus ferrumequinum,0.022,0.022,-1,Echolocation,/mnt/ubna_data_02_mir/recover-20220922/UBNA_001/20220921_090000.WAV,Telephone Field,recover-20220922,001,1795
1080.2275,1080.2377,22890,28060,Nyctalus leisleri,0.01,0.021,-1,Echolocation,/mnt/ubna_data_02_mir/recover-20220922/UBNA_001/20220921_090000.WAV,Telephone Field,recover-20220922,001,1795
1080.2295,1080.2669,68437,81882,Rhinolophus ferrumequinum,0.021,0.021,-1,Echolocation,/mnt/ubna_data_02_mir/recover-20220922/UBNA_001/20220921_090000.WAV,Telephone Field,recover-20220922,001,1795
1080.2365,1080.2749,68437,82454,Rhinolophus ferrumequinum,0.021,0.021,-1,Echolocation,/mnt/ubna_data_02_mir/recover-20220922/UBNA_001/20220921_090000.WAV,Telephone Field,recover-20220922,001,1795
1080.2495,1080.2598,28046,35377,Eptesicus serotinus,0.013,0.024,-1,Echolocation,/mnt/ubna_data_02_mir/recover-20220922/UBNA_001/20220921_090000.WAV,Telephone Field,recover-20220922,001,1795
1080.2755,1080.3145,68437,82781,Rhinolophus ferrumequinum,0.024,0.024,-1,Echolocation,/mnt/ubna_data_02_mir/recover-20220922/UBNA_001/20220921_090000.WAV,Telephone Field,recover-20220922,001,1795
1080.2935,1080.3045,22890,28361,Nyctalus leisleri,0.012,0.025,-1,Echolocation,/mnt/ubna_data_02_mir/recover-20220922/UBNA_001/20220921_090000.WAV,Telephone Field,recover-20220922,001,1795
1080.3025,1080.3432,68437,82832,Rhinolophus ferrumequinum,0.022,0.022,-1,Echolocation,/mnt/ubna_data_02_mir/recover-20220922/UBNA_001/20220921_090000.WAV,Telephone Field,recover-20220922,001,1795
1080.3195,1080.3263,25468,34778,Plecotus austriacus,0.006,0.022,-1,Echolocation,/mnt/ubna_data_02_mir/recover-20220922/UBNA_001/20220921_090000.WAV,Telephone Field,recover-20220922,001,1795
1080.3275,1080.3692,68437,82737,Rhinolophus ferrumequinum,0.033,0.033,-1,Echolocation,/mnt/ubna_data_02_mir/recover-20220922/UBNA_001/20220921_090000.WAV,Telephone Field,recover-20220922,001,1795
1080.3585,1080.3982,68437,82462,Rhinolophus ferrumequinum,0.026,0.026,-1,Echolocation,/mnt/ubna_data_02_mir/recover-20220922/UBNA_001/20220921_090000.WAV,Telephone Field,recover-20220922,001,1795
1080.4335,1080.4737,68437,82937,Rhinolophus ferrumequinum,0.022,0.022,-1,Echolocation,/mnt/ubna_data_02_mir/recover-20220922/UBNA_001/20220921_090000.WAV,Telephone Field,recover-20220922,001,1795
1080.4855,1080.5225,68437,80716,Rhinolophus ferrumequinum,0.029,0.029,-1,Echolocation,/mnt/ubna_data_02_mir/recover-20220922/UBNA_001/20220921_090000.WAV,Telephone Field,recover-20220922,001,1795
1080.4915,1080.5304,68437,81073,Rhinolophus ferrumequinum,0.024,0.024,-1,Echolocation,/mnt/ubna_data_02_mir/recover-20220922/UBNA_001/20220921_090000.WAV,Telephone Field,recover-20220922,001,1795
1080.5105,1080.5185,49531,56859,Pipistrellus pipistrellus,0.02,0.024,-1,Echolocation,/mnt/ubna_data_02_mir/recover-20220922/UBNA_001/20220921_090000.WAV,Telephone Field,recover-20220922,001,1795
1080.5165,1080.5536,68437,82008,Rhinolophus ferrumequinum,0.025,0.025,-1,Echolocation,/mnt/ubna_data_02_mir/recover-20220922/UBNA_001/20220921_090000.WAV,Telephone Field,recover-20220922,001,1795
1080.5275,1080.5669,68437,82139,Rhinolophus ferrumequinum,0.027,0.027,-1,Echolocation,/mnt/ubna_data_02_mir/recover-20220922/UBNA_001/20220921_090000.WAV,Telephone Field,recover-20220922,001,1795
1080.5355,1080.5775,68437,82843,Rhinolophus ferrumequinum,0.027,0.027,-1,Echolocation,/mnt/ubna_data_02_mir/recover-20220922/UBNA_001/20220921_090000.WAV,Telephone Field,recover-20220922,001,1795
1080.6025,1080.6369,68437,81287,Rhinolophus ferrumequinum,0.024,0.024,-1,Echolocation,/mnt/ubna_data_02_mir/recover-20220922/UBNA_001/20220921_090000.WAV,Telephone Field,recover-20220922,001,1795
1080.6595,1080.667,28046,38598,Eptesicus serotinus,0.006,0.021,-1,Echolocation,/mnt/ubna_data_02_mir/recover-20220922/UBNA_001/20220921_090000.WAV,Telephone Field,recover-20220922,001,1795
1080.6625,1080.7026,68437,82632,Rhinolophus ferrumequinum,0.028,0.028,-1,Echolocation,/mnt/ubna_data_02_mir/recover-20220922/UBNA_001/20220921_090000.WAV,Telephone Field,recover-20220922,001,1795
1080.7225,1080.7621,68437,82410,Rhinolophus ferrumequinum,0.026,0.026,-1,Echolocation,/mnt/ubna_data_02_mir/recover-20220922/UBNA_001/20220921_090000.WAV,Telephone Field,recover-20220922,001,1795
1080.7615,1080.7725,22890,28208,Nyctalus leisleri,0.011,0.023,-1,Echolocation,/mnt/ubna_data_02_mir/recover-20220922/UBNA_001/20220921_090000.WAV,Telephone Field,recover-20220922,001,1795
1080.7825,1080.8206,68437,81989,Rhinolophus ferrumequinum,0.021,0.021,-1,Echolocation,/mnt/ubna_data_02_mir/recover-20220922/UBNA_001/20220921_090000.WAV,Telephone Field,recover-20220922,001,1795
1080.8075,1080.8164,47812,54111,Pipistrellus pipistrellus,0.03,0.033,-1,Echolocation,/mnt/ubna_data_02_mir/recover-20220922/UBNA_001/20220921_090000.WAV,Telephone Field,recover-20220922,001,1795
1080.8215,1080.8334,22031,26665,Nyctalus leisleri,0.011,0.023,-1,Echolocation,/mnt/ubna_data_02_mir/recover-20220922/UBNA_001/20220921_090000.WAV,Telephone Field,recover-20220922,001,1795
1080.8835,1080.9229,68437,82127,Rhinolophus ferrumequinum,0.022,0.022,-1,Echolocation,/mnt/ubna_data_02_mir/recover-20220922/UBNA_001/20220921_090000.WAV,Telephone Field,recover-20220922,001,1795
1080.9095,1080.9497,68437,82949,Rhinolophus ferrumequinum,0.024,0.024,-1,Echolocation,/mnt/ubna_data_02_mir/recover-20220922/UBNA_001/20220921_090000.WAV,Telephone Field,recover-20220922,001,1795
1080.9745,1081.0131,68437,83014,Rhinolophus ferrumequinum,0.027,0.027,-1,Echolocation,/mnt/ubna_data_02_mir/recover-20220922/UBNA_001/20220921_090000.WAV,Telephone Field,recover-20220922,001,1795
1080.9995,1081.0089,28046,35037,Eptesicus serotinus,0.033,0.056,-1,Echolocation,/mnt/ubna_data_02_mir/recover-20220922/UBNA_001/20220921_090000.WAV,Telephone Field,recover-20220922,001,1795
1081.0085,1081.0476,68437,82667,Rhinolophus ferrumequinum,0.021,0.021,-1,Echolocation,/mnt/ubna_data_02_mir/recover-20220922/UBNA_001/20220921_090000.WAV,Telephone Field,recover-20220922,001,1795
1081.0165,1081.0561,68437,82656,Rhinolophus ferrumequinum,0.023,0.023,-1,Echolocation,/mnt/ubna_data_02_mir/recover-20220922/UBNA_001/20220921_090000.WAV,Telephone Field,recover-20220922,001,1795
1081.0525,1081.0985,68437,83626,Rhinolophus ferrumequinum,0.054,0.054,-1,Echolocation,/mnt/ubna_data_02_mir/recover-20220922/UBNA_001/20220921_090000.WAV,Telephone Field,recover-20220922,001,1795
1081.0755,1081.1162,68437,82246,Rhinolophus ferrumequinum,0.023,0.023,-1,Echolocation,/mnt/ubna_data_02_mir/recover-20220922/UBNA_001/20220921_090000.WAV,Telephone Field,recover-20220922,001,1795
1081.0965,1081.1352,68437,82905,Rhinolophus ferrumequinum,0.021,0.021,-1,Echolocation,/mnt/ubna_data_02_mir/recover-20220922/UBNA_001/20220921_090000.WAV,Telephone Field,recover-20220922,001,1795
1081.1125,1081.1213,25468,34234,Eptesicus serotinus,0.007,0.021,-1,Echolocation,/mnt/ubna_data_02_mir/recover-20220922/UBNA_001/20220921_090000.WAV,Telephone Field,recover-20220922,001,1795
1081.1275,1081.1648,68437,82075,Rhinolophus ferrumequinum,0.023,0.023,-1,Echolocation,/mnt/ubna_data_02_mir/recover-20220922/UBNA_001/20220921_090000.WAV,Telephone Field,recover-20220922,001,1795
1081.1415,1081.1858,68437,83694,Rhinolophus ferrumequinum,0.032,0.032,-1,Echolocation,/mnt/ubna_data_02_mir/recover-20220922/UBNA_001/20220921_090000.WAV,Telephone Field,recover-20220922,001,1795
1081.1625,1081.2027,68437,82091,Rhinolophus ferrumequinum,0.022,0.022,-1,Echolocation,/mnt/ubna_data_02_mir/recover-20220922/UBNA_001/20220921_090000.WAV,Telephone Field,recover-20220922,001,1795
1081.2145,1081.2538,68437,82201,Rhinolophus ferrumequinum,0.021,0.021,-1,Echolocation,/mnt/ubna_data_02_mir/recover-20220922/UBNA_001/20220921_090000.WAV,Telephone Field,recover-20220922,001,1795
1081.2185,1081.2272,28046,38504,Eptesicus serotinus,0.008,0.022,-1,Echolocation,/mnt/ubna_data_02_mir/recover-20220922/UBNA_001/20220921_090000.WAV,Telephone Field,recover-20220922,001,1795
1081.2355,1081.275,68437,82503,Rhinolophus ferrumequinum,0.021,0.021,-1,Echolocation,/mnt/ubna_data_02_mir/recover-20220922/UBNA_001/20220921_090000.WAV,Telephone Field,recover-20220922,001,1795
1081.2505,1081.2871,68437,82333,Rhinolophus ferrumequinum,0.026,0.026,-1,Echolocation,/mnt/ubna_data_02_mir/recover-20220922/UBNA_001/20220921_090000.WAV,Telephone Field,recover-20220922,001,1795
1081.2565,1081.2667,23750,29771,Nyctalus leisleri,0.01,0.025,-1,Echolocation,/mnt/ubna_data_02_mir/recover-20220922/UBNA_001/20220921_090000.WAV,Telephone Field,recover-20220922,001,1795
1081.2665,1081.3053,68437,82068,Rhinolophus ferrumequinum,0.036,0.036,-1,Echolocation,/mnt/ubna_data_02_mir/recover-20220922/UBNA_001/20220921_090000.WAV,Telephone Field,recover-20220922,001,1795
1081.3045,1081.3427,68437,82172,Rhinolophus ferrumequinum,0.021,0.021,-1,Echolocation,/mnt/ubna_data_02_mir/recover-20220922/UBNA_001/20220921_090000.WAV,Telephone Field,recover-20220922,001,1795
1081.3345,1081.3739,68437,82466,Rhinolophus ferrumequinum,0.023,0.023,-1,Echolocation,/mnt/ubna_data_02_mir/recover-20220922/UBNA_001/20220921_090000.WAV,Telephone Field,recover-20220922,001,1795
1081.3365,1081.3477,22890,28435,Nyctalus leisleri,0.01,0.021,-1,Echolocation,/mnt/ubna_data_02_mir/recover-20220922/UBNA_001/20220921_090000.WAV,Telephone Field,recover-20220922,001,1795
1081.3595,1081.3948,68437,81316,Rhinolophus ferrumequinum,0.021,0.021,-1,Echolocation,/mnt/ubna_data_02_mir/recover-20220922/UBNA_001/20220921_090000.WAV,Telephone Field,recover-20220922,001,1795
1081.4065,1081.4429,68437,81283,Rhinolophus ferrumequinum,0.022,0.022,-1,Echolocation,/mnt/ubna_data_02_mir/recover-20220922/UBNA_001/20220921_090000.WAV,Telephone Field,recover-20220922,001,1795
1081.4275,1081.4686,68437,83209,Rhinolophus ferrumequinum,0.026,0.026,-1,Echolocation,/mnt/ubna_data_02_mir/recover-20220922/UBNA_001/20220921_090000.WAV,Telephone Field,recover-20220922,001,1795
1081.4565,1081.4673,23750,29468,Nyctalus leisleri,0.009,0.022,-1,Echolocation,/mnt/ubna_data_02_mir/recover-20220922/UBNA_001/20220921_090000.WAV,Telephone Field,recover-20220922,001,1795
1081.4685,1081.511,68437,83099,Rhinolophus ferrumequinum,0.026,0.026,-1,Echolocation,/mnt/ubna_data_02_mir/recover-20220922/UBNA_001/20220921_090000.WAV,Telephone Field,recover-20220922,001,1795
1081.4725,1081.4836,28906,35922,Eptesicus serotinus,0.011,0.025,-1,Echolocation,/mnt/ubna_data_02_mir/recover-20220922/UBNA_001/20220921_090000.WAV,Telephone Field,recover-20220922,001,1795
1081.5235,1081.5642,68437,83220,Rhinolophus ferrumequinum,0.024,0.024,-1,Echolocation,/mnt/ubna_data_02_mir/recover-20220922/UBNA_001/20220921_090000.WAV,Telephone Field,recover-20220922,001,1795
1081.5355,1081.5772,68437,83109,Rhinolophus ferrumequinum,0.023,0.023,-1,Echolocation,/mnt/ubna_data_02_mir/recover-20220922/UBNA_001/20220921_090000.WAV,Telephone Field,recover-20220922,001,1795
1081.5555,1081.594,68437,82203,Rhinolophus ferrumequinum,0.022,0.022,-1,Echolocation,/mnt/ubna_data_02_mir/recover-20220922/UBNA_001/20220921_090000.WAV,Telephone Field,recover-20220922,001,1795
1081.5725,1081.6105,68437,82221,Rhinolophus ferrumequinum,0.022,0.022,-1,Echolocation,/mnt/ubna_data_02_mir/recover-20220922/UBNA_001/20220921_090000.WAV,Telephone Field,recover-20220922,001,1795
1081.5795,1081.5879,24609,33156,Plecotus austriacus,0.005,0.021,-1,Echolocation,/mnt/ubna_data_02_mir/recover-20220922/UBNA_001/20220921_090000.WAV,Telephone Field,recover-20220922,001,1795
1081.5945,1081.6357,68437,82377,Rhinolophus ferrumequinum,0.032,0.032,-1,Echolocation,/mnt/ubna_data_02_mir/recover-20220922/UBNA_001/20220921_090000.WAV,Telephone Field,recover-20220922,001,1795
1081.6065,1081.6409,68437,81481,Rhinolophus ferrumequinum,0.021,0.021,-1,Echolocation,/mnt/ubna_data_02_mir/recover-20220922/UBNA_001/20220921_090000.WAV,Telephone Field,recover-20220922,001,1795
1081.6115,1081.6453,68437,80771,Rhinolophus ferrumequinum,0.02,0.021,-1,Echolocation,/mnt/ubna_data_02_mir/recover-20220922/UBNA_001/20220921_090000.WAV,Telephone Field,recover-20220922,001,1795
1081.6175,1081.6284,22890,27963,Nyctalus leisleri,0.01,0.021,-1,Echolocation,/mnt/ubna_data_02_mir/recover-20220922/UBNA_001/20220921_090000.WAV,Telephone Field,recover-20220922,001,1795
1081.6285,1081.6622,68437,80638,Rhinolophus ferrumequinum,0.022,0.022,-1,Echolocation,/mnt/ubna_data_02_mir/recover-20220922/UBNA_001/20220921_090000.WAV,Telephone Field,recover-20220922,001,1795
1081.6625,1081.6999,68437,81771,Rhinolophus ferrumequinum,0.033,0.033,-1,Echolocation,/mnt/ubna_data_02_mir/recover-20220922/UBNA_001/20220921_090000.WAV,Telephone Field,recover-20220922,001,1795
1081.6815,1081.7215,68437,82512,Rhinolophus ferrumequinum,0.026,0.026,-1,Echolocation,/mnt/ubna_data_02_mir/recover-20220922/UBNA_001/20220921_090000.WAV,Telephone Field,recover-20220922,001,1795
1081.6905,1081.7288,68437,82684,Rhinolophus ferrumequinum,0.021,0.021,-1,Echolocation,/mnt/ubna_data_02_mir/recover-20220922/UBNA_001/20220921_090000.WAV,Telephone Field,recover-20220922,001,1795
1081.6915,1081.7016,26328,34287,Eptesicus serotinus,0.012,0.025,-1,Echolocation,/mnt/ubna_data_02_mir/recover-20220922/UBNA_001/20220921_090000.WAV,Telephone Field,recover-20220922,001,1795
1081.6995,1081.7354,68437,81587,Rhinolophus ferrumequinum,0.023,0.023,-1,Echolocation,/mnt/ubna_data_02_mir/recover-20220922/UBNA_001/20220921_090000.WAV,Telephone Field,recover-20220922,001,1795
1081.7145,1081.7275,22031,25436,Nyctalus leisleri,0.017,0.026,-1,Echolocation,/mnt/ubna_data_02_mir/recover-20220922/UBNA_001/20220921_090000.WAV,Telephone Field,recover-20220922,001,1795
1081.7295,1081.7681,68437,81681,Rhinolophus ferrumequinum,0.023,0.023,-1,Echolocation,/mnt/ubna_data_02_mir/recover-20220922/UBNA_001/20220921_090000.WAV,Telephone Field,recover-20220922,001,1795
1081.7495,1081.7911,68437,83087,Rhinolophus ferrumequinum,0.023,0.024,-1,Echolocation,/mnt/ubna_data_02_mir/recover-20220922/UBNA_001/20220921_090000.WAV,Telephone Field,recover-20220922,001,1795
1081.7935,1081.8316,68437,82647,Rhinolophus ferrumequinum,0.026,0.026,-1,Echolocation,/mnt/ubna_data_02_mir/recover-20220922/UBNA_001/20220921_090000.WAV,Telephone Field,recover-20220922,001,1795
1081.8405,1081.8818,68437,82507,Rhinolophus ferrumequinum,0.021,0.021,-1,Echolocation,/mnt/ubna_data_02_mir/recover-20220922/UBNA_001/20220921_090000.WAV,Telephone Field,recover-20220922,001,1795
1081.8425,1081.8498,27187,39558,Eptesicus serotinus,0.006,0.021,-1,Echolocation,/mnt/ubna_data_02_mir/recover-20220922/UBNA_001/20220921_090000.WAV,Telephone Field,recover-20220922,001,1795
1081.8485,1081.8897,68437,82727,Rhinolophus ferrumequinum,0.023,0.023,-1,Echolocation,/mnt/ubna_data_02_mir/recover-20220922/UBNA_001/20220921_090000.WAV,Telephone Field,recover-20220922,001,1795
1081.8655,1081.9029,68437,81665,Rhinolophus ferrumequinum,0.023,0.023,-1,Echolocation,/mnt/ubna_data_02_mir/recover-20220922/UBNA_001/20220921_090000.WAV,Telephone Field,recover-20220922,001,1795
1081.8745,1081.8858,28906,35239,Eptesicus serotinus,0.013,0.026,-1,Echolocation,/mnt/ubna_data_02_mir/recover-20220922/UBNA_001/20220921_090000.WAV,Telephone Field,recover-20220922,001,1795
1081.8825,1081.9228,68437,82938,Rhinolophus ferrumequinum,0.031,0.031,-1,Echolocation,/mnt/ubna_data_02_mir/recover-20220922/UBNA_001/20220921_090000.WAV,Telephone Field,recover-20220922,001,1795
1081.8855,1081.8966,22890,27820,Nyctalus leisleri,0.011,0.021,-1,Echolocation,/mnt/ubna_data_02_mir/recover-20220922/UBNA_001/20220921_090000.WAV,Telephone Field,recover-20220922,001,1795
1081.9115,1081.946,68437,81297,Rhinolophus ferrumequinum,0.022,0.022,-1,Echolocation,/mnt/ubna_data_02_mir/recover-20220922/UBNA_001/20220921_090000.WAV,Telephone Field,recover-20220922,001,1795
1081.9175,1081.9552,68437,82196,Rhinolophus ferrumequinum,0.021,0.021,-1,Echolocation,/mnt/ubna_data_02_mir/recover-20220922/UBNA_001/20220921_090000.WAV,Telephone Field,recover-20220922,001,1795
1081.9225,1081.9312,28046,39197,Eptesicus serotinus,0.008,0.021,-1,Echolocation,/mnt/ubna_data_02_mir/recover-20220922/UBNA_001/20220921_090000.WAV,Telephone Field,recover-20220922,001,1795
1081.9475,1081.9865,68437,82224,Rhinolophus ferrumequinum,0.024,0.024,-1,Echolocation,/mnt/ubna_data_02_mir/recover-20220922/UBNA_001/20220921_090000.WAV,Telephone Field,recover-20220922,001,1795
1081.9555,1081.963,25468,34316,Eptesicus serotinus,0.005,0.021,-1,Echolocation,/mnt/ubna_data_02_mir/recover-20220922/UBNA_001/20220921_090000.WAV,Telephone Field,recover-20220922,001,1795
1082.0015,1082.0103,25468,33537,Nyctalus leisleri,0.009,0.03,-1,Echolocation,/mnt/ubna_data_02_mir/recover-20220922/UBNA_001/20220921_090000.WAV,Telephone Field,recover-20220922,001,1795
1082.0015,1082.0348,69296,81730,Rhinolophus ferrumequinum,0.035,0.035,-1,Echolocation,/mnt/ubna_data_02_mir/recover-20220922/UBNA_001/20220921_090000.WAV,Telephone Field,recover-20220922,001,1795
1082.0265,1082.0422,33203,36961,Pipistrellus nathusii,0.022,0.048,-1,Echolocation,/mnt/ubna_data_02_mir/recover-20220922/UBNA_001/20220921_090000.WAV,Telephone Field,recover-20220922,001,1795
1082.0605,1082.0982,68437,82014,Rhinolophus ferrumequinum,0.024,0.024,-1,Echolocation,/mnt/ubna_data_02_mir/recover-20220922/UBNA_001/20220921_090000.WAV,Telephone Field,recover-20220922,001,1795
1082.0665,1082.0835,21171,24244,Nyctalus leisleri,0.013,0.022,-1,Echolocation,/mnt/ubna_data_02_mir/recover-20220922/UBNA_001/20220921_090000.WAV,Telephone Field,recover-20220922,001,1795
1082.1105,1082.1194,47812,50772,Pipistrellus pipistrellus,0.073,0.079,-1,Echolocation,/mnt/ubna_data_02_mir/recover-20220922/UBNA_001/20220921_090000.WAV,Telephone Field,recover-20220922,001,1795
1082.1315,1082.1711,68437,82183,Rhinolophus ferrumequinum,0.026,0.026,-1,Echolocation,/mnt/ubna_data_02_mir/recover-20220922/UBNA_001/20220921_090000.WAV,Telephone Field,recover-20220922,001,1795
1082.1535,1082.1889,68437,81485,Rhinolophus ferrumequinum,0.031,0.031,-1,Echolocation,/mnt/ubna_data_02_mir/recover-20220922/UBNA_001/20220921_090000.WAV,Telephone Field,recover-20220922,001,1795
1082.1905,1082.1994,27187,37610,Eptesicus serotinus,0.008,0.023,-1,Echolocation,/mnt/ubna_data_02_mir/recover-20220922/UBNA_001/20220921_090000.WAV,Telephone Field,recover-20220922,001,1795
1082.1935,1082.2328,68437,82523,Rhinolophus ferrumequinum,0.028,0.028,-1,Echolocation,/mnt/ubna_data_02_mir/recover-20220922/UBNA_001/20220921_090000.WAV,Telephone Field,recover-20220922,001,1795
1082.2325,1082.2401,27187,40949,Eptesicus serotinus,0.007,0.023,-1,Echolocation,/mnt/ubna_data_02_mir/recover-20220922/UBNA_001/20220921_090000.WAV,Telephone Field,recover-20220922,001,1795
1082.2655,1082.3036,68437,82066,Rhinolophus ferrumequinum,0.022,0.022,-1,Echolocation,/mnt/ubna_data_02_mir/recover-20220922/UBNA_001/20220921_090000.WAV,Telephone Field,recover-20220922,001,1795
1082.2995,1082.3374,68437,82294,Rhinolophus ferrumequinum,0.023,0.023,-1,Echolocation,/mnt/ubna_data_02_mir/recover-20220922/UBNA_001/20220921_090000.WAV,Telephone Field,recover-20220922,001,1795
1082.3155,1082.3258,23750,29956,Nyctalus leisleri,0.009,0.024,-1,Echolocation,/mnt/ubna_data_02_mir/recover-20220922/UBNA_001/20220921_090000.WAV,Telephone Field,recover-20220922,001,1795
1082.3415,1082.3512,28906,39036,Eptesicus serotinus,0.01,0.023,-1,Echolocation,/mnt/ubna_data_02_mir/recover-20220922/UBNA_001/20220921_090000.WAV,Telephone Field,recover-20220922,001,1795
1082.3465,1082.384,68437,81861,Rhinolophus ferrumequinum,0.024,0.024,-1,Echolocation,/mnt/ubna_data_02_mir/recover-20220922/UBNA_001/20220921_090000.WAV,Telephone Field,recover-20220922,001,1795
1082.3805,1082.4208,68437,82124,Rhinolophus ferrumequinum,0.024,0.024,-1,Echolocation,/mnt/ubna_data_02_mir/recover-20220922/UBNA_001/20220921_090000.WAV,Telephone Field,recover-20220922,001,1795
1082.3845,1082.3915,56406,63465,Pipistrellus pygmaeus,0.022,0.022,-1,Echolocation,/mnt/ubna_data_02_mir/recover-20220922/UBNA_001/20220921_090000.WAV,Telephone Field,recover-20220922,001,1795
1082.4435,1082.4824,68437,82103,Rhinolophus ferrumequinum,0.023,0.023,-1,Echolocation,/mnt/ubna_data_02_mir/recover-20220922/UBNA_001/20220921_090000.WAV,Telephone Field,recover-20220922,001,1795
1082.4955,1082.5378,68437,83230,Rhinolophus ferrumequinum,0.031,0.031,-1,Echolocation,/mnt/ubna_data_02_mir/recover-20220922/UBNA_001/20220921_090000.WAV,Telephone Field,recover-20220922,001,1795
1082.5165,1082.5529,68437,81823,Rhinolophus ferrumequinum,0.023,0.023,-1,Echolocation,/mnt/ubna_data_02_mir/recover-20220922/UBNA_001/20220921_090000.WAV,Telephone Field,recover-20220922,001,1795
1082.5375,1082.5447,28046,39000,Eptesicus serotinus,0.007,0.023,-1,Echolocation,/mnt/ubna_data_02_mir/recover-20220922/UBNA_001/20220921_090000.WAV,Telephone Field,recover-20220922,001,1795
1082.5375,1082.545,23750,32273,Plecotus austriacus,0.009,0.022,-1,Echolocation,/mnt/ubna_data_02_mir/recover-20220922/UBNA_001/20220921_090000.WAV,Telephone Field,recover-20220922,001,1795
1082.5425,1082.5837,68437,82893,Rhinolophus ferrumequinum,0.025,0.025,-1,Echolocation,/mnt/ubna_data_02_mir/recover-20220922/UBNA_001/20220921_090000.WAV,Telephone Field,recover-20220922,001,1795
1082.5765,1082.5829,32343,41612,Myotis daubentonii,0.015,0.037,-1,Echolocation,/mnt/ubna_data_02_mir/recover-20220922/UBNA_001/20220921_090000.WAV,Telephone Field,recover-20220922,001,1795
1082.6735,1082.6806,28046,37523,Eptesicus serotinus,0.009,0.027,-1,Echolocation,/mnt/ubna_data_02_mir/recover-20220922/UBNA_001/20220921_090000.WAV,Telephone Field,recover-20220922,001,1795
1082.6835,1082.7225,68437,82301,Rhinolophus ferrumequinum,0.025,0.025,-1,Echolocation,/mnt/ubna_data_02_mir/recover-20220922/UBNA_001/20220921_090000.WAV,Telephone Field,recover-20220922,001,1795
1082.7105,1082.7495,68437,81687,Rhinolophus ferrumequinum,0.022,0.022,-1,Echolocation,/mnt/ubna_data_02_mir/recover-20220922/UBNA_001/20220921_090000.WAV,Telephone Field,recover-20220922,001,1795
1082.7285,1082.7393,22890,27650,Nyctalus leisleri,0.014,0.027,-1,Echolocation,/mnt/ubna_data_02_mir/recover-20220922/UBNA_001/20220921_090000.WAV,Telephone Field,recover-20220922,001,1795
1082.7535,1082.7935,68437,82598,Rhinolophus ferrumequinum,0.023,0.023,-1,Echolocation,/mnt/ubna_data_02_mir/recover-20220922/UBNA_001/20220921_090000.WAV,Telephone Field,recover-20220922,001,1795
1082.7735,1082.7812,27187,40825,Eptesicus serotinus,0.008,0.023,-1,Echolocation,/mnt/ubna_data_02_mir/recover-20220922/UBNA_001/20220921_090000.WAV,Telephone Field,recover-20220922,001,1795
1082.7905,1082.8089,22890,27321,Nyctalus leisleri,0.026,0.056,-1,Echolocation,/mnt/ubna_data_02_mir/recover-20220922/UBNA_001/20220921_090000.WAV,Telephone Field,recover-20220922,001,1795
1082.7955,1082.8364,68437,82932,Rhinolophus ferrumequinum,0.031,0.031,-1,Echolocation,/mnt/ubna_data_02_mir/recover-20220922/UBNA_001/20220921_090000.WAV,Telephone Field,recover-20220922,001,1795
1082.7965,1082.8064,42656,45827,Pipistrellus pipistrellus,0.026,0.03,-1,Echolocation,/mnt/ubna_data_02_mir/recover-20220922/UBNA_001/20220921_090000.WAV,Telephone Field,recover-20220922,001,1795
1082.8015,1082.8086,28046,39772,Eptesicus serotinus,0.008,0.025,-1,Echolocation,/mnt/ubna_data_02_mir/recover-20220922/UBNA_001/20220921_090000.WAV,Telephone Field,recover-20220922,001,1795
1082.8015,1082.8086,33203,42944,Myotis daubentonii,0.01,0.023,-1,Echolocation,/mnt/ubna_data_02_mir/recover-20220922/UBNA_001/20220921_090000.WAV,Telephone Field,recover-20220922,001,1795
1082.8105,1082.8505,68437,82571,Rhinolophus ferrumequinum,0.026,0.026,-1,Echolocation,/mnt/ubna_data_02_mir/recover-20220922/UBNA_001/20220921_090000.WAV,Telephone Field,recover-20220922,001,1795
1082.8185,1082.859,68437,82668,Rhinolophus ferrumequinum,0.024,0.024,-1,Echolocation,/mnt/ubna_data_02_mir/recover-20220922/UBNA_001/20220921_090000.WAV,Telephone Field,recover-20220922,001,1795
1082.8255,1082.8663,68437,82859,Rhinolophus ferrumequinum,0.029,0.029,-1,Echolocation,/mnt/ubna_data_02_mir/recover-20220922/UBNA_001/20220921_090000.WAV,Telephone Field,recover-20220922,001,1795
1082.8445,1082.853,27187,35707,Eptesicus serotinus,0.012,0.025,-1,Echolocation,/mnt/ubna_data_02_mir/recover-20220922/UBNA_001/20220921_090000.WAV,Telephone Field,recover-20220922,001,1795
1082.8565,1082.8962,68437,82108,Rhinolophus ferrumequinum,0.026,0.026,-1,Echolocation,/mnt/ubna_data_02_mir/recover-20220922/UBNA_001/20220921_090000.WAV,Telephone Field,recover-20220922,001,1795
1082.8965,1082.9352,68437,82497,Rhinolophus ferrumequinum,0.023,0.023,-1,Echolocation,/mnt/ubna_data_02_mir/recover-20220922/UBNA_001/20220921_090000.WAV,Telephone Field,recover-20220922,001,1795
1082.9045,1082.9447,68437,82841,Rhinolophus ferrumequinum,0.023,0.023,-1,Echolocation,/mnt/ubna_data_02_mir/recover-20220922/UBNA_001/20220921_090000.WAV,Telephone Field,recover-20220922,001,1795
1082.9265,1082.9647,68437,82289,Rhinolophus ferrumequinum,0.022,0.022,-1,Echolocation,/mnt/ubna_data_02_mir/recover-20220922/UBNA_001/20220921_090000.WAV,Telephone Field,recover-20220922,001,1795
1082.9465,1082.9857,68437,81981,Rhinolophus ferrumequinum,0.024,0.024,-1,Echolocation,/mnt/ubna_data_02_mir/recover-20220922/UBNA_001/20220921_090000.WAV,Telephone Field,recover-20220922,001,1795
1082.9645,1082.9738,27187,35951,Eptesicus serotinus,0.012,0.029,-1,Echolocation,/mnt/ubna_data_02_mir/recover-20220922/UBNA_001/20220921_090000.WAV,Telephone Field,recover-20220922,001,1795
1083.0045,1083.0443,68437,81986,Rhinolophus ferrumequinum,0.026,0.026,-1,Echolocation,/mnt/ubna_data_02_mir/recover-20220922/UBNA_001/20220921_090000.WAV,Telephone Field,recover-20220922,001,1795
1083.0465,1083.0558,27187,36729,Eptesicus serotinus,0.01,0.023,-1,Echolocation,/mnt/ubna_data_02_mir/recover-20220922/UBNA_001/20220921_090000.WAV,Telephone Field,recover-20220922,001,1795
1083.0715,1083.0886,21171,24458,Nyctalus leisleri,0.023,0.035,-1,Echolocation,/mnt/ubna_data_02_mir/recover-20220922/UBNA_001/20220921_090000.WAV,Telephone Field,recover-20220922,001,1795
1083.0925,1083.1311,68437,82227,Rhinolophus ferrumequinum,0.024,0.024,-1,Echolocation,/mnt/ubna_data_02_mir/recover-20220922/UBNA_001/20220921_090000.WAV,Telephone Field,recover-20220922,001,1795
1083.1165,1083.1591,68437,83100,Rhinolophus ferrumequinum,0.032,0.032,-1,Echolocation,/mnt/ubna_data_02_mir/recover-20220922/UBNA_001/20220921_090000.WAV,Telephone Field,recover-20220922,001,1795
1083.1395,1083.1776,68437,82539,Rhinolophus ferrumequinum,0.024,0.024,-1,Echolocation,/mnt/ubna_data_02_mir/recover-20220922/UBNA_001/20220921_090000.WAV,Telephone Field,recover-20220922,001,1795
1083.1525,1083.1624,22031,27662,Nyctalus leisleri,0.009,0.023,-1,Echolocation,/mnt/ubna_data_02_mir/recover-20220922/UBNA_001/20220921_090000.WAV,Telephone Field,recover-20220922,001,1795
1083.1715,1083.21,68437,82108,Rhinolophus ferrumequinum,0.026,0.026,-1,Echolocation,/mnt/ubna_data_02_mir/recover-20220922/UBNA_001/20220921_090000.WAV,Telephone Field,recover-20220922,001,1795
1083.2285,1083.2624,68437,81282,Rhinolophus ferrumequinum,0.022,0.022,-1,Echolocation,/mnt/ubna_data_02_mir/recover-20220922/UBNA_001/20220921_090000.WAV,Telephone Field,recover-20220922,001,1795
1083.2355,1083.2458,28906,36143,Eptesicus serotinus,0.009,0.022,-1,Echolocation,/mnt/ubna_data_02_mir/recover-20220922/UBNA_001/20220921_090000.WAV,Telephone Field,recover-20220922,001,1795
1083.2605,1083.2991,68437,82126,Rhinolophus ferrumequinum,0.023,0.023,-1,Echolocation,/mnt/ubna_data_02_mir/recover-20220922/UBNA_001/20220921_090000.WAV,Telephone Field,recover-20220922,001,1795
1083.2615,1083.2724,15156,21799,Nyctalus noctula,0.012,0.023,-1,Echolocation,/mnt/ubna_data_02_mir/recover-20220922/UBNA_001/20220921_090000.WAV,Telephone Field,recover-20220922,001,1795
1083.2745,1083.311,68437,81583,Rhinolophus ferrumequinum,0.023,0.023,-1,Echolocation,/mnt/ubna_data_02_mir/recover-20220922/UBNA_001/20220921_090000.WAV,Telephone Field,recover-20220922,001,1795
1083.3025,1083.3122,28046,36847,Eptesicus serotinus,0.01,0.023,-1,Echolocation,/mnt/ubna_data_02_mir/recover-20220922/UBNA_001/20220921_090000.WAV,Telephone Field,recover-20220922,001,1795
1083.3185,1083.3308,22890,27088,Nyctalus leisleri,0.012,0.022,-1,Echolocation,/mnt/ubna_data_02_mir/recover-20220922/UBNA_001/20220921_090000.WAV,Telephone Field,recover-20220922,001,1795
1083.3185,1083.361,68437,83467,Rhinolophus ferrumequinum,0.04,0.04,-1,Echolocation,/mnt/ubna_data_02_mir/recover-20220922/UBNA_001/20220921_090000.WAV,Telephone Field,recover-20220922,001,1795
1083.3265,1083.3377,51250,57162,Pipistrellus pipistrellus,0.022,0.03,-1,Echolocation,/mnt/ubna_data_02_mir/recover-20220922/UBNA_001/20220921_090000.WAV,Telephone Field,recover-20220922,001,1795
1083.3645,1083.4038,68437,82615,Rhinolophus ferrumequinum,0.022,0.022,-1,Echolocation,/mnt/ubna_data_02_mir/recover-20220922/UBNA_001/20220921_090000.WAV,Telephone Field,recover-20220922,001,1795
1083.4035,1083.4413,68437,82209,Rhinolophus ferrumequinum,0.023,0.023,-1,Echolocation,/mnt/ubna_data_02_mir/recover-20220922/UBNA_001/20220921_090000.WAV,Telephone Field,recover-20220922,001,1795
1083.4065,1083.4144,28046,38831,Eptesicus serotinus,0.008,0.022,-1,Echolocation,/mnt/ubna_data_02_mir/recover-20220922/UBNA_001/20220921_090000.WAV,Telephone Field,recover-20220922,001,1795
1083.4265,1083.4693,68437,83073,Rhinolophus ferrumequinum,0.036,0.036,-1,Echolocation,/mnt/ubna_data_02_mir/recover-20220922/UBNA_001/20220921_090000.WAV,Telephone Field,recover-20220922,001,1795
1083.4725,1083.4827,28906,36548,Eptesicus serotinus,0.011,0.024,-1,Echolocation,/mnt/ubna_data_02_mir/recover-20220922/UBNA_001/20220921_090000.WAV,Telephone Field,recover-20220922,001,1795
1083.4755,1083.5175,68437,82848,Rhinolophus ferrumequinum,0.025,0.025,-1,Echolocation,/mnt/ubna_data_02_mir/recover-20220922/UBNA_001/20220921_090000.WAV,Telephone Field,recover-20220922,001,1795
1083.5035,1083.5439,68437,82329,Rhinolophus ferrumequinum,0.025,0.025,-1,Echolocation,/mnt/ubna_data_02_mir/recover-20220922/UBNA_001/20220921_090000.WAV,Telephone Field,recover-20220922,001,1795
1083.5705,1083.6089,68437,82246,Rhinolophus ferrumequinum,0.022,0.022,-1,Echolocation,/mnt/ubna_data_02_mir/recover-20220922/UBNA_001/20220921_090000.WAV,Telephone Field,recover-20220922,001,1795
1083.6145,1083.6541,68437,81649,Rhinolophus ferrumequinum,0.024,0.024,-1,Echolocation,/mnt/ubna_data_02_mir/recover-20220922/UBNA_001/20220921_090000.WAV,Telephone Field,recover-20220922,001,1795
1083.6205,1083.6302,27187,35109,Eptesicus serotinus,0.011,0.024,-1,Echolocation,/mnt/ubna_data_02_mir/recover-20220922/UBNA_001/20220921_090000.WAV,Telephone Field,recover-20220922,001,1795
1083.6605,1083.7037,68437,82943,Rhinolophus ferrumequinum,0.033,0.033,-1,Echolocation,/mnt/ubna_data_02_mir/recover-20220922/UBNA_001/20220921_090000.WAV,Telephone Field,recover-20220922,001,1795
1083.6965,1083.7069,27187,36627,Eptesicus serotinus,0.011,0.023,-1,Echolocation,/mnt/ubna_data_02_mir/recover-20220922/UBNA_001/20220921_090000.WAV,Telephone Field,recover-20220922,001,1795
1083.7035,1083.7465,68437,83453,Rhinolophus ferrumequinum,0.034,0.034,-1,Echolocation,/mnt/ubna_data_02_mir/recover-20220922/UBNA_001/20220921_090000.WAV,Telephone Field,recover-20220922,001,1795
1083.7065,1083.7167,23750,29988,Nyctalus leisleri,0.008,0.022,-1,Echolocation,/mnt/ubna_data_02_mir/recover-20220922/UBNA_001/20220921_090000.WAV,Telephone Field,recover-20220922,001,1795
1083.7145,1083.7597,68437,83465,Rhinolophus ferrumequinum,0.036,0.036,-1,Echolocation,/mnt/ubna_data_02_mir/recover-20220922/UBNA_001/20220921_090000.WAV,Telephone Field,recover-20220922,001,1795
1083.7465,1083.7828,68437,82152,Rhinolophus ferrumequinum,0.023,0.023,-1,Echolocation,/mnt/ubna_data_02_mir/recover-20220922/UBNA_001/20220921_090000.WAV,Telephone Field,recover-20220922,001,1795
1083.7535,1083.7642,28046,35879,Eptesicus serotinus,0.012,0.028,-1,Echolocation,/mnt/ubna_data_02_mir/recover-20220922/UBNA_001/20220921_090000.WAV,Telephone Field,recover-20220922,001,1795
1083.7675,1083.8034,68437,81474,Rhinolophus ferrumequinum,0.025,0.025,-1,Echolocation,/mnt/ubna_data_02_mir/recover-20220922/UBNA_001/20220921_090000.WAV,Telephone Field,recover-20220922,001,1795
1083.8025,1083.8414,68437,81697,Rhinolophus ferrumequinum,0.022,0.022,-1,Echolocation,/mnt/ubna_data_02_mir/recover-20220922/UBNA_001/20220921_090000.WAV,Telephone Field,recover-20220922,001,1795
1083.8255,1083.8645,68437,82013,Rhinolophus ferrumequinum,0.022,0.022,-1,Echolocation,/mnt/ubna_data_02_mir/recover-20220922/UBNA_001/20220921_090000.WAV,Telephone Field,recover-20220922,001,1795
1083.8355,1083.8744,68437,82254,Rhinolophus ferrumequinum,0.024,0.024,-1,Echolocation,/mnt/ubna_data_02_mir/recover-20220922/UBNA_001/20220921_090000.WAV,Telephone Field,recover-20220922,001,1795
1083.8455,1083.8834,68437,82206,Rhinolophus ferrumequinum,0.022,0.023,-1,Echolocation,/mnt/ubna_data_02_mir/recover-20220922/UBNA_001/20220921_090000.WAV,Telephone Field,recover-20220922,001,1795
1083.8805,1083.9183,68437,81764,Rhinolophus ferrumequinum,0.026,0.026,-1,Echolocation,/mnt/ubna_data_02_mir/recover-20220922/UBNA_001/20220921_090000.WAV,Telephone Field,recover-20220922,001,1795
1083.8855,1083.8929,28906,39278,Eptesicus serotinus,0.008,0.025,-1,Echolocation,/mnt/ubna_data_02_mir/recover-20220922/UBNA_001/20220921_090000.WAV,Telephone Field,recover-20220922,001,1795
1083.8945,1083.9329,68437,82065,Rhinolophus ferrumequinum,0.028,0.028,-1,Echolocation,/mnt/ubna_data_02_mir/recover-20220922/UBNA_001/20220921_090000.WAV,Telephone Field,recover-20220922,001,1795
1083.9245,1083.9658,68437,82904,Rhinolophus ferrumequinum,0.032,0.032,-1,Echolocation,/mnt/ubna_data_02_mir/recover-20220922/UBNA_001/20220921_090000.WAV,Telephone Field,recover-20220922,001,1795
1083.9315,1083.9719,68437,82589,Rhinolophus ferrumequinum,0.027,0.027,-1,Echolocation,/mnt/ubna_data_02_mir/recover-20220922/UBNA_001/20220921_090000.WAV,Telephone Field,recover-20220922,001,1795
1083.9465,1083.9567,23750,30011,Nyctalus leisleri,0.008,0.023,-1,Echolocation,/mnt/ubna_data_02_mir/recover-20220922/UBNA_001/20220921_090000.WAV,Telephone Field,recover-20220922,001,1795
1083.9765,1083.9865,28046,36349,Eptesicus serotinus,0.015,0.029,-1,Echolocation,/mnt/ubna_data_02_mir/recover-20220922/UBNA_001/20220921_090000.WAV,Telephone Field,recover-20220922,001,1795
1084.0015,1084.0313,68437,79811,Rhinolophus ferrumequinum,0.028,0.029,-1,Echolocation,/mnt/ubna_data_02_mir/recover-20220922/UBNA_001/20220921_090000.WAV,Telephone Field,recover-20220922,001,1795
1084.0015,1084.0115,24609,32343,Nyctalus leisleri,0.011,0.03,-1,Echolocation,/mnt/ubna_data_02_mir/recover-20220922/UBNA_001/20220921_090000.WAV,Telephone Field,recover-20220922,001,1795
1084.0435,1084.0521,26328,37195,Eptesicus serotinus,0.008,0.022,-1,Echolocation,/mnt/ubna_data_02_mir/recover-20220922/UBNA_001/20220921_090000.WAV,Telephone Field,recover-20220922,001,1795
1084.0555,1084.0986,68437,82675,Rhinolophus ferrumequinum,0.039,0.039,-1,Echolocation,/mnt/ubna_data_02_mir/recover-20220922/UBNA_001/20220921_090000.WAV,Telephone Field,recover-20220922,001,1795
1084.0675,1084.1085,68437,81762,Rhinolophus ferrumequinum,0.024,0.024,-1,Echolocation,/mnt/ubna_data_02_mir/recover-20220922/UBNA_001/20220921_090000.WAV,Telephone Field,recover-20220922,001,1795
1084.0705,1084.0825,22890,28513,Nyctalus leisleri,0.013,0.029,-1,Echolocation,/mnt/ubna_data_02_mir/recover-20220922/UBNA_001/20220921_090000.WAV,Telephone Field,recover-20220922,001,1795
1084.0935,1084.1316,68437,82148,Rhinolophus ferrumequinum,0.021,0.021,-1,Echolocation,/mnt/ubna_data_02_mir/recover-20220922/UBNA_001/20220921_090000.WAV,Telephone Field,recover-20220922,001,1795
1084.1115,1084.1498,68437,81601,Rhinolophus ferrumequinum,0.023,0.024,-1,Echolocation,/mnt/ubna_data_02_mir/recover-20220922/UBNA_001/20220921_090000.WAV,Telephone Field,recover-20220922,001,1795
1084.1285,1084.1442,21171,24756,Nyctalus leisleri,0.014,0.023,-1,Echolocation,/mnt/ubna_data_02_mir/recover-20220922/UBNA_001/20220921_090000.WAV,Telephone Field,recover-20220922,001,1795
1084.1495,1084.1873,68437,82414,Rhinolophus ferrumequinum,0.025,0.025,-1,Echolocation,/mnt/ubna_data_02_mir/recover-20220922/UBNA_001/20220921_090000.WAV,Telephone Field,recover-20220922,001,1795
1084.1645,1084.1984,68437,80629,Rhinolophus ferrumequinum,0.024,0.024,-1,Echolocation,/mnt/ubna_data_02_mir/recover-20220922/UBNA_001/20220921_090000.WAV,Telephone Field,recover-20220922,001,1795
1084.1695,1084.18,24609,31447,Nyctalus leisleri,0.009,0.026,-1,Echolocation,/mnt/ubna_data_02_mir/recover-20220922/UBNA_001/20220921_090000.WAV,Telephone Field,recover-20220922,001,1795
1084.1865,1084.2215,68437,80647,Rhinolophus ferrumequinum,0.022,0.022,-1,Echolocation,/mnt/ubna_data_02_mir/recover-20220922/UBNA_001/20220921_090000.WAV,Telephone Field,recover-20220922,001,1795
1084.1915,1084.2255,68437,81157,Rhinolophus ferrumequinum,0.02,0.02,-1,Echolocation,/mnt/ubna_data_02_mir/recover-20220922/UBNA_001/20220921_090000.WAV,Telephone Field,recover-20220922,001,1795
1084.2165,1084.2263,24609,30958,Nyctalus leisleri,0.009,0.023,-1,Echolocation,/mnt/ubna_data_02_mir/recover-20220922/UBNA_001/20220921_090000.WAV,Telephone Field,recover-20220922,001,1795
1084.2445,1084.2858,68437,82645,Rhinolophus ferrumequinum,0.022,0.022,-1,Echolocation,/mnt/ubna_data_02_mir/recover-20220922/UBNA_001/20220921_090000.WAV,Telephone Field,recover-20220922,001,1795
1084.2835,1084.3207,68437,82278,Rhinolophus ferrumequinum,0.023,0.023,-1,Echolocation,/mnt/ubna_data_02_mir/recover-20220922/UBNA_001/20220921_090000.WAV,Telephone Field,recover-20220922,001,1795
1084.2925,1084.332,68437,81928,Rhinolophus ferrumequinum,0.02,0.02,-1,Echolocation,/mnt/ubna_data_02_mir/recover-20220922/UBNA_001/20220921_090000.WAV,Telephone Field,recover-20220922,001,1795
1084.2975,1084.3068,28906,38381,Eptesicus serotinus,0.008,0.023,-1,Echolocation,/mnt/ubna_data_02_mir/recover-20220922/UBNA_001/20220921_090000.WAV,Telephone Field,recover-20220922,001,1795
1084.2985,1084.3387,68437,82154,Rhinolophus ferrumequinum,0.02,0.02,-1,Echolocation,/mnt/ubna_data_02_mir/recover-20220922/UBNA_001/20220921_090000.WAV,Telephone Field,recover-20220922,001,1795
1084.3135,1084.3521,68437,82415,Rhinolophus ferrumequinum,0.024,0.024,-1,Echolocation,/mnt/ubna_data_02_mir/recover-20220922/UBNA_001/20220921_090000.WAV,Telephone Field,recover-20220922,001,1795
1084.3315,1084.3644,68437,80796,Rhinolophus ferrumequinum,0.019,0.02,-1,Echolocation,/mnt/ubna_data_02_mir/recover-20220922/UBNA_001/20220921_090000.WAV,Telephone Field,recover-20220922,001,1795
1084.3595,1084.3707,56406,61766,Pipistrellus pygmaeus,0.019,0.02,-1,Echolocation,/mnt/ubna_data_02_mir/recover-20220922/UBNA_001/20220921_090000.WAV,Telephone Field,recover-20220922,001,1795
1084.3695,1084.4129,68437,82782,Rhinolophus ferrumequinum,0.026,0.026,-1,Echolocation,/mnt/ubna_data_02_mir/recover-20220922/UBNA_001/20220921_090000.WAV,Telephone Field,recover-20220922,001,1795
1084.4035,1084.4126,28046,36652,Eptesicus serotinus,0.008,0.023,-1,Echolocation,/mnt/ubna_data_02_mir/recover-20220922/UBNA_001/20220921_090000.WAV,Telephone Field,recover-20220922,001,1795
1084.4165,1084.4554,68437,82047,Rhinolophus ferrumequinum,0.022,0.022,-1,Echolocation,/mnt/ubna_data_02_mir/recover-20220922/UBNA_001/20220921_090000.WAV,Telephone Field,recover-20220922,001,1795
1084.4315,1084.446,23750,27735,Nyctalus leisleri,0.015,0.025,-1,Echolocation,/mnt/ubna_data_02_mir/recover-20220922/UBNA_001/20220921_090000.WAV,Telephone Field,recover-20220922,001,1795
1084.4605,1084.498,68437,81369,Rhinolophus ferrumequinum,0.02,0.02,-1,Echolocation,/mnt/ubna_data_02_mir/recover-20220922/UBNA_001/20220921_090000.WAV,Telephone Field,recover-20220922,001,1795
1084.4645,1084.4746,23750,29787,Nyctalus leisleri,0.012,0.031,-1,Echolocation,/mnt/ubna_data_02_mir/recover-20220922/UBNA_001/20220921_090000.WAV,Telephone Field,recover-20220922,001,1795
1084.4825,1084.4939,22890,27758,Nyctalus leisleri,0.015,0.028,-1,Echolocation,/mnt/ubna_data_02_mir/recover-20220922/UBNA_001/20220921_090000.WAV,Telephone Field,recover-20220922,001,1795
1084.4885,1084.5304,68437,82775,Rhinolophus ferrumequinum,0.031,0.031,-1,Echolocation,/mnt/ubna_data_02_mir/recover-20220922/UBNA_001/20220921_090000.WAV,Telephone Field,recover-20220922,001,1795
1084.5185,1084.5285,28046,35872,Eptesicus serotinus,0.009,0.023,-1,Echolocation,/mnt/ubna_data_02_mir/recover-20220922/UBNA_001/20220921_090000.WAV,Telephone Field,recover-20220922,001,1795
1084.5245,1084.5337,28046,37401,Eptesicus serotinus,0.007,0.022,-1,Echolocation,/mnt/ubna_data_02_mir/recover-20220922/UBNA_001/20220921_090000.WAV,Telephone Field,recover-20220922,001,1795
1084.5355,1084.5733,68437,81595,Rhinolophus ferrumequinum,0.02,0.02,-1,Echolocation,/mnt/ubna_data_02_mir/recover-20220922/UBNA_001/20220921_090000.WAV,Telephone Field,recover-20220922,001,1795
1084.5485,1084.5579,28046,36650,Eptesicus serotinus,0.008,0.021,-1,Echolocation,/mnt/ubna_data_02_mir/recover-20220922/UBNA_001/20220921_090000.WAV,Telephone Field,recover-20220922,001,1795
1084.5555,1084.576,18593,21427,Nyctalus leisleri,0.01,0.021,-1,Echolocation,/mnt/ubna_data_02_mir/recover-20220922/UBNA_001/20220921_090000.WAV,Telephone Field,recover-20220922,001,1795
1084.5605,1084.6026,68437,83045,Rhinolophus ferrumequinum,0.034,0.034,-1,Echolocation,/mnt/ubna_data_02_mir/recover-20220922/UBNA_001/20220921_090000.WAV,Telephone Field,recover-20220922,001,1795
1084.6325,1084.6753,68437,83046,Rhinolophus ferrumequinum,0.023,0.023,-1,Echolocation,/mnt/ubna_data_02_mir/recover-20220922/UBNA_001/20220921_090000.WAV,Telephone Field,recover-20220922,001,1795
1084.6405,1084.6504,27187,35246,Eptesicus serotinus,0.008,0.02,-1,Echolocation,/mnt/ubna_data_02_mir/recover-20220922/UBNA_001/20220921_090000.WAV,Telephone Field,recover-20220922,001,1795
1084.6705,1084.7087,68437,81630,Rhinolophus ferrumequinum,0.02,0.02,-1,Echolocation,/mnt/ubna_data_02_mir/recover-20220922/UBNA_001/20220921_090000.WAV,Telephone Field,recover-20220922,001,1795
1084.6795,1084.6908,23750,28820,Nyctalus leisleri,0.014,0.027,-1,Echolocation,/mnt/ubna_data_02_mir/recover-20220922/UBNA_001/20220921_090000.WAV,Telephone Field,recover-20220922,001,1795
1084.6955,1084.7341,68437,81852,Rhinolophus ferrumequinum,0.022,0.022,-1,Echolocation,/mnt/ubna_data_02_mir/recover-20220922/UBNA_001/20220921_090000.WAV,Telephone Field,recover-20220922,001,1795
1084.7405,1084.7808,68437,82295,Rhinolophus ferrumequinum,0.028,0.028,-1,Echolocation,/mnt/ubna_data_02_mir/recover-20220922/UBNA_001/20220921_090000.WAV,Telephone Field,recover-20220922,001,1795
1084.7635,1084.8032,68437,82175,Rhinolophus ferrumequinum,0.022,0.022,-1,Echolocation,/mnt/ubna_data_02_mir/recover-20220922/UBNA_001/20220921_090000.WAV,Telephone Field,recover-20220922,001,1795
1084.7775,1084.8176,68437,82060,Rhinolophus ferrumequinum,0.023,0.023,-1,Echolocation,/mnt/ubna_data_02_mir/recover-20220922/UBNA_001/20220921_090000.WAV,Telephone Field,recover-20220922,001,1795
1084.8015,1084.8138,23750,28902,Nyctalus leisleri,0.013,0.027,-1,Echolocation,/mnt/ubna_data_02_mir/recover-20220922/UBNA_001/20220921_090000.WAV,Telephone Field,recover-20220922,001,1795
1084.8035,1084.8431,68437,82086,Rhinolophus ferrumequinum,0.033,0.033,-1,Echolocation,/mnt/ubna_data_02_mir/recover-20220922/UBNA_001/20220921_090000.WAV,Telephone Field,recover-20220922,001,1795
1084.8305,1084.8672,68437,80986,Rhinolophus ferrumequinum,0.022,0.023,-1,Echolocation,/mnt/ubna_data_02_mir/recover-20220922/UBNA_001/20220921_090000.WAV,Telephone Field,recover-20220922,001,1795
1084.8425,1084.8792,68437,81526,Rhinolophus ferrumequinum,0.02,0.02,-1,Echolocation,/mnt/ubna_data_02_mir/recover-20220922/UBNA_001/20220921_090000.WAV,Telephone Field,recover-20220922,001,1795
1084.8685,1084.8797,22031,26060,Nyctalus leisleri,0.012,0.021,-1,Echolocation,/mnt/ubna_data_02_mir/recover-20220922/UBNA_001/20220921_090000.WAV,Telephone Field,recover-20220922,001,1795
1084.8755,1084.9144,68437,81145,Rhinolophus ferrumequinum,0.023,0.023,-1,Echolocation,/mnt/ubna_data_02_mir/recover-20220922/UBNA_001/20220921_090000.WAV,Telephone Field,recover-20220922,001,1795
1084.8895,1084.8981,44375,48315,Pipistrellus pipistrellus,0.028,0.03,-1,Echolocation,/mnt/ubna_data_02_mir/recover-20220922/UBNA_001/20220921_090000.WAV,Telephone Field,recover-20220922,001,1795
1084.9435,1084.9801,68437,81512,Rhinolophus ferrumequinum,0.022,0.022,-1,Echolocation,/mnt/ubna_data_02_mir/recover-20220922/UBNA_001/20220921_090000.WAV,Telephone Field,recover-20220922,001,1795
1084.9495,1084.9578,28906,38619,Eptesicus serotinus,0.008,0.023,-1,Echolocation,/mnt/ubna_data_02_mir/recover-20220922/UBNA_001/20220921_090000.WAV,Telephone Field,recover-20220922,001,1795
1084.9605,1085.0031,68437,82608,Rhinolophus ferrumequinum,0.032,0.032,-1,Echolocation,/mnt/ubna_data_02_mir/recover-20220922/UBNA_001/20220921_090000.WAV,Telephone Field,recover-20220922,001,1795
1084.9825,1085.0234,68437,82470,Rhinolophus ferrumequinum,0.028,0.028,-1,Echolocation,/mnt/ubna_data_02_mir/recover-20220922/UBNA_001/20220921_090000.WAV,Telephone Field,recover-20220922,001,1795
1085.0015,1085.0394,68437,81965,Rhinolophus ferrumequinum,0.02,0.02,-1,Echolocation,/mnt/ubna_data_02_mir/recover-20220922/UBNA_001/20220921_090000.WAV,Telephone Field,recover-20220922,001,1795
1085.0115,1085.0192,27187,35969,Eptesicus serotinus,0.008,0.024,-1,Echolocation,/mnt/ubna_data_02_mir/recover-20220922/UBNA_001/20220921_090000.WAV,Telephone Field,recover-20220922,001,1795
1085.0255,1085.0662,68437,82032,Rhinolophus ferrumequinum,0.022,0.022,-1,Echolocation,/mnt/ubna_data_02_mir/recover-20220922/UBNA_001/20220921_090000.WAV,Telephone Field,recover-20220922,001,1795
1085.0305,1085.0463,52109,56184,Pipistrellus pygmaeus,0.016,0.024,-1,Echolocation,/mnt/ubna_data_02_mir/recover-20220922/UBNA_001/20220921_090000.WAV,Telephone Field,recover-20220922,001,1795
1085.0405,1085.0508,23750,28071,Nyctalus leisleri,0.012,0.022,-1,Echolocation,/mnt/ubna_data_02_mir/recover-20220922/UBNA_001/20220921_090000.WAV,Telephone Field,recover-20220922,001,1795
1085.0535,1085.0917,68437,82320,Rhinolophus ferrumequinum,0.021,0.021,-1,Echolocation,/mnt/ubna_data_02_mir/recover-20220922/UBNA_001/20220921_090000.WAV,Telephone Field,recover-20220922,001,1795
1085.0705,1085.1078,68437,82379,Rhinolophus ferrumequinum,0.022,0.022,-1,Echolocation,/mnt/ubna_data_02_mir/recover-20220922/UBNA_001/20220921_090000.WAV,Telephone Field,recover-20220922,001,1795
1085.0785,1085.1176,68437,81921,Rhinolophus ferrumequinum,0.021,0.021,-1,Echolocation,/mnt/ubna_data_02_mir/recover-20220922/UBNA_001/20220921_090000.WAV,Telephone Field,recover-20220922,001,1795
1085.1025,1085.1396,68437,81981,Rhinolophus ferrumequinum,0.025,0.025,-1,Echolocation,/mnt/ubna_data_02_mir/recover-20220922/UBNA_001/20220921_090000.WAV,Telephone Field,recover-20220922,001,1795
1085.1115,1085.1511,68437,82138,Rhinolophus ferrumequinum,0.023,0.023,-1,Echolocation,/mnt/ubna_data_02_mir/recover-20220922/UBNA_001/20220921_090000.WAV,Telephone Field,recover-20220922,001,1795
1085.1335,1085.1716,68437,82151,Rhinolophus ferrumequinum,0.021,0.021,-1,Echolocation,/mnt/ubna_data_02_mir/recover-20220922/UBNA_001/20220921_090000.WAV,Telephone Field,recover-20220922,001,1795
1085.2095,1085.2497,68437,82324,Rhinolophus ferrumequinum,0.023,0.023,-1,Echolocation,/mnt/ubna_data_02_mir/recover-20220922/UBNA_001/20220921_090000.WAV,Telephone Field,recover-20220922,001,1795
1085.2095,1085.219,28046,35885,Eptesicus serotinus,0.008,0.022,-1,Echolocation,/mnt/ubna_data_02_mir/recover-20220922/UBNA_001/20220921_090000.WAV,Telephone Field,recover-20220922,001,1795
1085.2105,1085.2294,16875,21227,Nyctalus noctula,0.017,0.024,-1,Echolocation,/mnt/ubna_data_02_mir/recover-20220922/UBNA_001/20220921_090000.WAV,Telephone Field,recover-20220922,001,1795
1085.2275,1085.2673,68437,82196,Rhinolophus ferrumequinum,0.026,0.026,-1,Echolocation,/mnt/ubna_data_02_mir/recover-20220922/UBNA_001/20220921_090000.WAV,Telephone Field,recover-20220922,001,1795
1085.2535,1085.2947,68437,82463,Rhinolophus ferrumequinum,0.025,0.025,-1,Echolocation,/mnt/ubna_data_02_mir/recover-20220922/UBNA_001/20220921_090000.WAV,Telephone Field,recover-20220922,001,1795
1085.2935,1085.3361,68437,82781,Rhinolophus ferrumequinum,0.028,0.028,-1,Echolocation,/mnt/ubna_data_02_mir/recover-20220922/UBNA_001/20220921_090000.WAV,Telephone Field,recover-20220922,001,1795
1085.3115,1085.3532,68437,82474,Rhinolophus ferrumequinum,0.021,0.021,-1,Echolocation,/mnt/ubna_data_02_mir/recover-20220922/UBNA_001/20220921_090000.WAV,Telephone Field,recover-20220922,001,1795
1085.3265,1085.3687,68437,82411,Rhinolophus ferrumequinum,0.025,0.025,-1,Echolocation,/mnt/ubna_data_02_mir/recover-20220922/UBNA_001/20220921_090000.WAV,Telephone Field,recover-20220922,001,1795
1085.3405,1085.35,50390,54167,Pipistrellus pipistrellus,0.031,0.035,-1,Echolocation,/mnt/ubna_data_02_mir/recover-20220922/UBNA_001/20220921_090000.WAV,Telephone Field,recover-20220922,001,1795
1085.3635,1085.4037,68437,82238,Rhinolophus ferrumequinum,0.023,0.023,-1,Echolocation,/mnt/ubna_data_02_mir/recover-20220922/UBNA_001/20220921_090000.WAV,Telephone Field,recover-20220922,001,1795
1085.3775,1085.3864,28906,37426,Eptesicus serotinus,0.007,0.02,-1,Echolocation,/mnt/ubna_data_02_mir/recover-20220922/UBNA_001/20220921_090000.WAV,Telephone Field,recover-20220922,001,1795
1085.3815,1085.4155,68437,80666,Rhinolophus ferrumequinum,0.03,0.03,-1,Echolocation,/mnt/ubna_data_02_mir/recover-20220922/UBNA_001/20220921_090000.WAV,Telephone Field,recover-20220922,001,1795
1085.3985,1085.4351,68437,81553,Rhinolophus ferrumequinum,0.02,0.02,-1,Echolocation,/mnt/ubna_data_02_mir/recover-20220922/UBNA_001/20220921_090000.WAV,Telephone Field,recover-20220922,001,1795
1085.4105,1085.4205,28906,36864,Eptesicus serotinus,0.008,0.02,-1,Echolocation,/mnt/ubna_data_02_mir/recover-20220922/UBNA_001/20220921_090000.WAV,Telephone Field,recover-20220922,001,1795
1085.4345,1085.4728,68437,81826,Rhinolophus ferrumequinum,0.023,0.023,-1,Echolocation,/mnt/ubna_data_02_mir/recover-20220922/UBNA_001/20220921_090000.WAV,Telephone Field,recover-20220922,001,1795
1085.4385,1085.447,25468,33860,Eptesicus serotinus,0.007,0.021,-1,Echolocation,/mnt/ubna_data_02_mir/recover-20220922/UBNA_001/20220921_090000.WAV,Telephone Field,recover-20220922,001,1795
1085.4545,1085.465,23750,29266,Nyctalus leisleri,0.008,0.02,-1,Echolocation,/mnt/ubna_data_02_mir/recover-20220922/UBNA_001/20220921_090000.WAV,Telephone Field,recover-20220922,001,1795
1085.4615,1085.497,68437,81423,Rhinolophus ferrumequinum,0.02,0.02,-1,Echolocation,/mnt/ubna_data_02_mir/recover-20220922/UBNA_001/20220921_090000.WAV,Telephone Field,recover-20220922,001,1795
1085.4765,1085.5141,68437,81373,Rhinolophus ferrumequinum,0.02,0.02,-1,Echolocation,/mnt/ubna_data_02_mir/recover-20220922/UBNA_001/20220921_090000.WAV,Telephone Field,recover-20220922,001,1795
1085.4965,1085.5366,68437,81944,Rhinolophus ferrumequinum,0.023,0.023,-1,Echolocation,/mnt/ubna_data_02_mir/recover-20220922/UBNA_001/20220921_090000.WAV,Telephone Field,recover-20220922,001,1795
1085.5025,1085.5407,68437,81729,Rhinolophus ferrumequinum,0.021,0.021,-1,Echolocation,/mnt/ubna_data_02_mir/recover-20220922/UBNA_001/20220921_090000.WAV,Telephone Field,recover-20220922,001,1795
1085.5055,1085.5157,22031,26384,Nyctalus leisleri,0.01,0.021,-1,Echolocation,/mnt/ubna_data_02_mir/recover-20220922/UBNA_001/20220921_090000.WAV,Telephone Field,recover-20220922,001,1795
1085.5285,1085.5665,68437,81949,Rhinolophus ferrumequinum,0.022,0.022,-1,Echolocation,/mnt/ubna_data_02_mir/recover-20220922/UBNA_001/20220921_090000.WAV,Telephone Field,recover-20220922,001,1795
1085.5345,1085.5451,23750,30038,Nyctalus leisleri,0.01,0.024,-1,Echolocation,/mnt/ubna_data_02_mir/recover-20220922/UBNA_001/20220921_090000.WAV,Telephone Field,recover-20220922,001,1795
1085.5445,1085.5818,68437,81063,Rhinolophus ferrumequinum,0.022,0.022,-1,Echolocation,/mnt/ubna_data_02_mir/recover-20220922/UBNA_001/20220921_090000.WAV,Telephone Field,recover-20220922,001,1795
1085.5475,1085.5567,24609,32511,Nyctalus leisleri,0.006,0.021,-1,Echolocation,/mnt/ubna_data_02_mir/recover-20220922/UBNA_001/20220921_090000.WAV,Telephone Field,recover-20220922,001,1795
1085.5565,1085.5686,41796,44688,Pipistrellus pipistrellus,0.023,0.044,-1,Echolocation,/mnt/ubna_data_02_mir/recover-20220922/UBNA_001/20220921_090000.WAV,Telephone Field,recover-20220922,001,1795
1085.5565,1085.5969,68437,82285,Rhinolophus ferrumequinum,0.024,0.024,-1,Echolocation,/mnt/ubna_data_02_mir/recover-20220922/UBNA_001/20220921_090000.WAV,Telephone Field,recover-20220922,001,1795
1085.5635,1085.5998,68437,81871,Rhinolophus ferrumequinum,0.021,0.021,-1,Echolocation,/mnt/ubna_data_02_mir/recover-20220922/UBNA_001/20220921_090000.WAV,Telephone Field,recover-20220922,001,1795
1085.5785,1085.5871,28906,38886,Eptesicus serotinus,0.007,0.021,-1,Echolocation,/mnt/ubna_data_02_mir/recover-20220922/UBNA_001/20220921_090000.WAV,Telephone Field,recover-20220922,001,1795
1085.6095,1085.6169,28046,41397,Eptesicus serotinus,0.006,0.02,-1,Echolocation,/mnt/ubna_data_02_mir/recover-20220922/UBNA_001/20220921_090000.WAV,Telephone Field,recover-20220922,001,1795
1085.6435,1085.6805,68437,81799,Rhinolophus ferrumequinum,0.021,0.021,-1,Echolocation,/mnt/ubna_data_02_mir/recover-20220922/UBNA_001/20220921_090000.WAV,Telephone Field,recover-20220922,001,1795
1085.6615,1085.6769,20312,23278,Nyctalus leisleri,0.013,0.021,-1,Echolocation,/mnt/ubna_data_02_mir/recover-20220922/UBNA_001/20220921_090000.WAV,Telephone Field,recover-20220922,001,1795
1085.6675,1085.7027,68437,81056,Rhinolophus ferrumequinum,0.022,0.022,-1,Echolocation,/mnt/ubna_data_02_mir/recover-20220922/UBNA_001/20220921_090000.WAV,Telephone Field,recover-20220922,001,1795
1085.6735,1085.7105,68437,81772,Rhinolophus ferrumequinum,0.021,0.021,-1,Echolocation,/mnt/ubna_data_02_mir/recover-20220922/UBNA_001/20220921_090000.WAV,Telephone Field,recover-20220922,001,1795
1085.6815,1085.7209,68437,82040,Rhinolophus ferrumequinum,0.022,0.022,-1,Echolocation,/mnt/ubna_data_02_mir/recover-20220922/UBNA_001/20220921_090000.WAV,Telephone Field,recover-20220922,001,1795
1085.6915,1085.7017,27187,35959,Eptesicus serotinus,0.011,0.026,-1,Echolocation,/mnt/ubna_data_02_mir/recover-20220922/UBNA_001/20220921_090000.WAV,Telephone Field,recover-20220922,001,1795
1085.7085,1085.7458,68437,81934,Rhinolophus ferrumequinum,0.03,0.03,-1,Echolocation,/mnt/ubna_data_02_mir/recover-20220922/UBNA_001/20220921_090000.WAV,Telephone Field,recover-20220922,001,1795
1085.7235,1085.7628,68437,82025,Rhinolophus ferrumequinum,0.026,0.027,-1,Echolocation,/mnt/ubna_data_02_mir/recover-20220922/UBNA_001/20220921_090000.WAV,Telephone Field,recover-20220922,001,1795
1085.7335,1085.7427,26328,34606,Eptesicus serotinus,0.008,0.02,-1,Echolocation,/mnt/ubna_data_02_mir/recover-20220922/UBNA_001/20220921_090000.WAV,Telephone Field,recover-20220922,001,1795
1085.7445,1085.7812,68437,82026,Rhinolophus ferrumequinum,0.02,0.02,-1,Echolocation,/mnt/ubna_data_02_mir/recover-20220922/UBNA_001/20220921_090000.WAV,Telephone Field,recover-20220922,001,1795
1085.7635,1085.8078,68437,83123,Rhinolophus ferrumequinum,0.036,0.036,-1,Echolocation,/mnt/ubna_data_02_mir/recover-20220922/UBNA_001/20220921_090000.WAV,Telephone Field,recover-20220922,001,1795
1085.7985,1085.8382,68437,82299,Rhinolophus ferrumequinum,0.023,0.023,-1,Echolocation,/mnt/ubna_data_02_mir/recover-20220922/UBNA_001/20220921_090000.WAV,Telephone Field,recover-20220922,001,1795
1085.8025,1085.8143,23750,28196,Nyctalus leisleri,0.012,0.022,-1,Echolocation,/mnt/ubna_data_02_mir/recover-20220922/UBNA_001/20220921_090000.WAV,Telephone Field,recover-20220922,001,1795
1085.8075,1085.8475,68437,82430,Rhinolophus ferrumequinum,0.028,0.028,-1,Echolocation,/mnt/ubna_data_02_mir/recover-20220922/UBNA_001/20220921_090000.WAV,Telephone Field,recover-20220922,001,1795
1085.8265,1085.8655,68437,82028,Rhinolophus ferrumequinum,0.02,0.02,-1,Echolocation,/mnt/ubna_data_02_mir/recover-20220922/UBNA_001/20220921_090000.WAV,Telephone Field,recover-20220922,001,1795
1085.8465,1085.8837,68437,81907,Rhinolophus ferrumequinum,0.023,0.023,-1,Echolocation,/mnt/ubna_data_02_mir/recover-20220922/UBNA_001/20220921_090000.WAV,Telephone Field,recover-20220922,001,1795
1085.8515,1085.8615,22031,27823,Nyctalus leisleri,0.01,0.026,-1,Echolocation,/mnt/ubna_data_02_mir/recover-20220922/UBNA_001/20220921_090000.WAV,Telephone Field,recover-20220922,001,1795
1085.9155,1085.9548,68437,82262,Rhinolophus ferrumequinum,0.021,0.021,-1,Echolocation,/mnt/ubna_data_02_mir/recover-20220922/UBNA_001/20220921_090000.WAV,Telephone Field,recover-20220922,001,1795
1085.9335,1085.971,68437,81741,Rhinolophus ferrumequinum,0.02,0.021,-1,Echolocation,/mnt/ubna_data_02_mir/recover-20220922/UBNA_001/20220921_090000.WAV,Telephone Field,recover-20220922,001,1795
1085.9865,1085.9967,51250,59693,Pipistrellus pipistrellus,0.018,0.025,-1,Echolocation,/mnt/ubna_data_02_mir/recover-20220922/UBNA_001/20220921_090000.WAV,Telephone Field,recover-20220922,001,1795
1085.9885,1085.9981,26328,36581,Eptesicus serotinus,0.009,0.022,-1,Echolocation,/mnt/ubna_data_02_mir/recover-20220922/UBNA_001/20220921_090000.WAV,Telephone Field,recover-20220922,001,1795
1086.0015,1086.01,23750,31129,Nyctalus leisleri,0.01,0.033,-1,Echolocation,/mnt/ubna_data_02_mir/recover-20220922/UBNA_001/20220921_090000.WAV,Telephone Field,recover-20220922,001,1795
1086.0015,1086.0115,44375,48521,Pipistrellus pipistrellus,0.031,0.035,-1,Echolocation,/mnt/ubna_data_02_mir/recover-20220922/UBNA_001/20220921_090000.WAV,Telephone Field,recover-20220922,001,1795
1086.0015,1086.0338,68437,80548,Rhinolophus ferrumequinum,0.036,0.036,-1,Echolocation,/mnt/ubna_data_02_mir/recover-20220922/UBNA_001/20220921_090000.WAV,Telephone Field,recover-20220922,001,1795
1086.0085,1086.0514,68437,82468,Rhinolophus ferrumequinum,0.023,0.023,-1,Echolocation,/mnt/ubna_data_02_mir/recover-20220922/UBNA_001/20220921_090000.WAV,Telephone Field,recover-20220922,001,1795
1086.0585,1086.0992,68437,82466,Rhinolophus ferrumequinum,0.024,0.024,-1,Echolocation,/mnt/ubna_data_02_mir/recover-20220922/UBNA_001/20220921_090000.WAV,Telephone Field,recover-20220922,001,1795
1086.0665,1086.0775,22890,28358,Nyctalus leisleri,0.011,0.023,-1,Echolocation,/mnt/ubna_data_02_mir/recover-20220922/UBNA_001/20220921_090000.WAV,Telephone Field,recover-20220922,001,1795
1086.0685,1086.1069,68437,82068,Rhinolophus ferrumequinum,0.024,0.024,-1,Echolocation,/mnt/ubna_data_02_mir/recover-20220922/UBNA_001/20220921_090000.WAV,Telephone Field,recover-20220922,001,1795
1086.1045,1086.1415,68437,81650,Rhinolophus ferrumequinum,0.022,0.023,-1,Echolocation,/mnt/ubna_data_02_mir/recover-20220922/UBNA_001/20220921_090000.WAV,Telephone Field,recover-20220922,001,1795
1086.1365,1086.1482,29765,37281,Eptesicus serotinus,0.014,0.03,-1,Echolocation,/mnt/ubna_data_02_mir/recover-20220922/UBNA_001/20220921_090000.WAV,Telephone Field,recover-20220922,001,1795
1086.1465,1086.1598,28046,34184,Eptesicus serotinus,0.016,0.028,-1,Echolocation,/mnt/ubna_data_02_mir/recover-20220922/UBNA_001/20220921_090000.WAV,Telephone Field,recover-20220922,001,1795
1086.1595,1086.2007,68437,82918,Rhinolophus ferrumequinum,0.023,0.023,-1,Echolocation,/mnt/ubna_data_02_mir/recover-20220922/UBNA_001/20220921_090000.WAV,Telephone Field,recover-20220922,001,1795
1086.1735,1086.2168,68437,83340,Rhinolophus ferrumequinum,0.023,0.023,-1,Echolocation,/mnt/ubna_data_02_mir/recover-20220922/UBNA_001/20220921_090000.WAV,Telephone Field,recover-20220922,001,1795
1086.1805,1086.2214,68437,82994,Rhinolophus ferrumequinum,0.025,0.025,-1,Echolocation,/mnt/ubna_data_02_mir/recover-20220922/UBNA_001/20220921_090000.WAV,Telephone Field,recover-20220922,001,1795
1086.2205,1086.2612,68437,82634,Rhinolophus ferrumequinum,0.023,0.023,-1,Echolocation,/mnt/ubna_data_02_mir/recover-20220922/UBNA_001/20220921_090000.WAV,Telephone Field,recover-20220922,001,1795
1086.2505,1086.2869,68437,81259,Rhinolophus ferrumequinum,0.022,0.022,-1,Echolocation,/mnt/ubna_data_02_mir/recover-20220922/UBNA_001/20220921_090000.WAV,Telephone Field,recover-20220922,001,1795
1086.2565,1086.294,68437,81857,Rhinolophus ferrumequinum,0.022,0.022,-1,Echolocation,/mnt/ubna_data_02_mir/recover-20220922/UBNA_001/20220921_090000.WAV,Telephone Field,recover-20220922,001,1795
1086.2645,1086.3056,68437,82057,Rhinolophus ferrumequinum,0.022,0.022,-1,Echolocation,/mnt/ubna_data_02_mir/recover-20220922/UBNA_001/20220921_090000.WAV,Telephone Field,recover-20220922,001,1795
1086.2875,1086.297,28046,36628,Eptesicus serotinus,0.009,0.025,-1,Echolocation,/mnt/ubna_data_02_mir/recover-20220922/UBNA_001/20220921_090000.WAV,Telephone Field,recover-20220922,001,1795
1086.2995,1086.3343,68437,80739,Rhinolophus ferrumequinum,0.023,0.023,-1,Echolocation,/mnt/ubna_data_02_mir/recover-20220922/UBNA_001/20220921_090000.WAV,Telephone Field,recover-20220922,001,1795
1086.3115,1086.3206,22031,28420,Plecotus austriacus,0.01,0.025,-1,Echolocation,/mnt/ubna_data_02_mir/recover-20220922/UBNA_001/20220921_090000.WAV,Telephone Field,recover-20220922,001,1795
1086.3505,1086.3588,28046,37321,Eptesicus serotinus,0.007,0.022,-1,Echolocation,/mnt/ubna_data_02_mir/recover-20220922/UBNA_001/20220921_090000.WAV,Telephone Field,recover-20220922,001,1795
1086.3685,1086.3806,28906,35784,Eptesicus serotinus,0.017,0.034,-1,Echolocation,/mnt/ubna_data_02_mir/recover-20220922/UBNA_001/20220921_090000.WAV,Telephone Field,recover-20220922,001,1795
1086.3825,1086.4216,68437,81860,Rhinolophus ferrumequinum,0.037,0.037,-1,Echolocation,/mnt/ubna_data_02_mir/recover-20220922/UBNA_001/20220921_090000.WAV,Telephone Field,recover-20220922,001,1795
1086.3915,1086.4286,68437,81068,Rhinolophus ferrumequinum,0.022,0.022,-1,Echolocation,/mnt/ubna_data_02_mir/recover-20220922/UBNA_001/20220921_090000.WAV,Telephone Field,recover-20220922,001,1795
1086.4065,1086.4487,68437,83059,Rhinolophus ferrumequinum,0.028,0.028,-1,Echolocation,/mnt/ubna_data_02_mir/recover-20220922/UBNA_001/20220921_090000.WAV,Telephone Field,recover-20220922,001,1795
1086.4075,1086.4161,27187,36603,Eptesicus serotinus,0.007,0.022,-1,Echolocation,/mnt/ubna_data_02_mir/recover-20220922/UBNA_001/20220921_090000.WAV,Telephone Field,recover-20220922,001,1795
1086.4295,1086.4706,68437,82733,Rhinolophus ferrumequinum,0.022,0.022,-1,Echolocation,/mnt/ubna_data_02_mir/recover-20220922/UBNA_001/20220921_090000.WAV,Telephone Field,recover-20220922,001,1795
1086.4795,1086.4918,63281,68377,Pipistrellus pygmaeus,0.031,0.033,-1,Echolocation,/mnt/ubna_data_02_mir/recover-20220922/UBNA_001/20220921_090000.WAV,Telephone Field,recover-20220922,001,1795
1086.5005,1086.5427,68437,82043,Rhinolophus ferrumequinum,0.024,0.024,-1,Echolocation,/mnt/ubna_data_02_mir/recover-20220922/UBNA_001/20220921_090000.WAV,Telephone Field,recover-20220922,001,1795
1086.5395,1086.5472,28046,39103,Eptesicus serotinus,0.008,0.024,-1,Echolocation,/mnt/ubna_data_02_mir/recover-20220922/UBNA_001/20220921_090000.WAV,Telephone Field,recover-20220922,001,1795
1086.5585,1086.5991,68437,82240,Rhinolophus ferrumequinum,0.025,0.025,-1,Echolocation,/mnt/ubna_data_02_mir/recover-20220922/UBNA_001/20220921_090000.WAV,Telephone Field,recover-20220922,001,1795
1086.5765,1086.5841,24609,32511,Plecotus austriacus,0.008,0.023,-1,Echolocation,/mnt/ubna_data_02_mir/recover-20220922/UBNA_001/20220921_090000.WAV,Telephone Field,recover-20220922,001,1795
1086.6035,1086.6119,25468,34856,Nyctalus leisleri,0.006,0.026,-1,Echolocation,/mnt/ubna_data_02_mir/recover-20220922/UBNA_001/20220921_090000.WAV,Telephone Field,recover-20220922,001,1795
1086.6515,1086.662,28906,35917,Eptesicus serotinus,0.01,0.022,-1,Echolocation,/mnt/ubna_data_02_mir/recover-20220922/UBNA_001/20220921_090000.WAV,Telephone Field,recover-20220922,001,1795
1086.7055,1086.7424,68437,81598,Rhinolophus ferrumequinum,0.022,0.022,-1,Echolocation,/mnt/ubna_data_02_mir/recover-20220922/UBNA_001/20220921_090000.WAV,Telephone Field,recover-20220922,001,1795
1086.7195,1086.7269,24609,33866,Plecotus austriacus,0.011,0.028,-1,Echolocation,/mnt/ubna_data_02_mir/recover-20220922/UBNA_001/20220921_090000.WAV,Telephone Field,recover-20220922,001,1795
1086.7755,1086.8115,68437,81279,Rhinolophus ferrumequinum,0.028,0.028,-1,Echolocation,/mnt/ubna_data_02_mir/recover-20220922/UBNA_001/20220921_090000.WAV,Telephone Field,recover-20220922,001,1795
1086.7935,1086.8335,68437,82508,Rhinolophus ferrumequinum,0.022,0.022,-1,Echolocation,/mnt/ubna_data_02_mir/recover-20220922/UBNA_001/20220921_090000.WAV,Telephone Field,recover-20220922,001,1795
1086.8095,1086.8484,68437,82413,Rhinolophus ferrumequinum,0.023,0.023,-1,Echolocation,/mnt/ubna_data_02_mir/recover-20220922/UBNA_001/20220921_090000.WAV,Telephone Field,recover-20220922,001,1795
1086.8715,1086.9138,68437,82625,Rhinolophus ferrumequinum,0.025,0.025,-1,Echolocation,/mnt/ubna_data_02_mir/recover-20220922/UBNA_001/20220921_090000.WAV,Telephone Field,recover-20220922,001,1795
1086.8865,1086.9244,68437,81534,Rhinolophus ferrumequinum,0.022,0.022,-1,Echolocation,/mnt/ubna_data_02_mir/recover-20220922/UBNA_001/20220921_090000.WAV,Telephone Field,recover-20220922,001,1795
1086.8875,1086.895,28046,39972,Eptesicus serotinus,0.013,0.043,-1,Echolocation,/mnt/ubna_data_02_mir/recover-20220922/UBNA_001/20220921_090000.WAV,Telephone Field,recover-20220922,001,1795
1086.9145,1086.9585,68437,83331,Rhinolophus ferrumequinum,0.032,0.032,-1,Echolocation,/mnt/ubna_data_02_mir/recover-20220922/UBNA_001/20220921_090000.WAV,Telephone Field,recover-20220922,001,1795
1086.9415,1086.9791,68437,82228,Rhinolophus ferrumequinum,0.022,0.022,-1,Echolocation,/mnt/ubna_data_02_mir/recover-20220922/UBNA_001/20220921_090000.WAV,Telephone Field,recover-20220922,001,1795
1086.9635,1086.973,46093,51971,Pipistrellus pipistrellus,0.025,0.035,-1,Echolocation,/mnt/ubna_data_02_mir/recover-20220922/UBNA_001/20220921_090000.WAV,Telephone Field,recover-20220922,001,1795
1086.9755,1086.986,23750,29849,Nyctalus leisleri,0.015,0.033,-1,Echolocation,/mnt/ubna_data_02_mir/recover-20220922/UBNA_001/20220921_090000.WAV,Telephone Field,recover-20220922,001,1795
1086.9775,1087.0171,68437,82345,Rhinolophus ferrumequinum,0.022,0.022,-1,Echolocation,/mnt/ubna_data_02_mir/recover-20220922/UBNA_001/20220921_090000.WAV,Telephone Field,recover-20220922,001,1795
1086.9935,1087.0009,27187,38843,Eptesicus serotinus,0.008,0.026,-1,Echolocation,/mnt/ubna_data_02_mir/recover-20220922/UBNA_001/20220921_090000.WAV,Telephone Field,recover-20220922,001,1795
1086.9965,1087.0356,68437,82935,Rhinolophus ferrumequinum,0.026,0.026,-1,Echolocation,/mnt/ubna_data_02_mir/recover-20220922/UBNA_001/20220921_090000.WAV,Telephone Field,recover-20220922,001,1795
1087.0965,1087.1346,68437,82169,Rhinolophus ferrumequinum,0.022,0.022,-1,Echolocation,/mnt/ubna_data_02_mir/recover-20220922/UBNA_001/20220921_090000.WAV,Telephone Field,recover-20220922,001,1795
1087.1125,1087.1518,68437,81626,Rhinolophus ferrumequinum,0.023,0.023,-1,Echolocation,/mnt/ubna_data_02_mir/recover-20220922/UBNA_001/20220921_090000.WAV,Telephone Field,recover-20220922,001,1795
1087.1545,1087.1935,68437,82051,Rhinolophus ferrumequinum,0.022,0.022,-1,Echolocation,/mnt/ubna_data_02_mir/recover-20220922/UBNA_001/20220921_090000.WAV,Telephone Field,recover-20220922,001,1795
1087.2395,1087.2785,68437,81934,Rhinolophus ferrumequinum,0.025,0.025,-1,Echolocation,/mnt/ubna_data_02_mir/recover-20220922/UBNA_001/20220921_090000.WAV,Telephone Field,recover-20220922,001,1795
1087.2705,1087.3067,68437,81339,Rhinolophus ferrumequinum,0.024,0.024,-1,Echolocation,/mnt/ubna_data_02_mir/recover-20220922/UBNA_001/20220921_090000.WAV,Telephone Field,recover-20220922,001,1795
1087.2755,1087.3112,68437,81329,Rhinolophus ferrumequinum,0.023,0.023,-1,Echolocation,/mnt/ubna_data_02_mir/recover-20220922/UBNA_001/20220921_090000.WAV,Telephone Field,recover-20220922,001,1795
1087.3135,1087.3238,44375,47752,Pipistrellus pipistrellus,0.029,0.03,-1,Echolocation,/mnt/ubna_data_02_mir/recover-20220922/UBNA_001/20220921_090000.WAV,Telephone Field,recover-20220922,001,1795
1087.3145,1087.3242,28046,36645,Eptesicus serotinus,0.009,0.023,-1,Echolocation,/mnt/ubna_data_02_mir/recover-20220922/UBNA_001/20220921_090000.WAV,Telephone Field,recover-20220922,001,1795
1087.3355,1087.3737,68437,82217,Rhinolophus ferrumequinum,0.026,0.026,-1,Echolocation,/mnt/ubna_data_02_mir/recover-20220922/UBNA_001/20220921_090000.WAV,Telephone Field,recover-20220922,001,1795
1087.3645,1087.4028,68437,81570,Rhinolophus ferrumequinum,0.026,0.026,-1,Echolocation,/mnt/ubna_data_02_mir/recover-20220922/UBNA_001/20220921_090000.WAV,Telephone Field,recover-20220922,001,1795
1087.3715,1087.3832,28906,36347,Eptesicus serotinus,0.016,0.029,-1,Echolocation,/mnt/ubna_data_02_mir/recover-20220922/UBNA_001/20220921_090000.WAV,Telephone Field,recover-20220922,001,1795
1087.3985,1087.4091,27187,34818,Eptesicus serotinus,0.014,0.028,-1,Echolocation,/mnt/ubna_data_02_mir/recover-20220922/UBNA_001/20220921_090000.WAV,Telephone Field,recover-20220922,001,1795
1087.4305,1087.4394,47812,51201,Pipistrellus pipistrellus,0.041,0.044,-1,Echolocation,/mnt/ubna_data_02_mir/recover-20220922/UBNA_001/20220921_090000.WAV,Telephone Field,recover-20220922,001,1795
1087.4525,1087.4644,23750,28929,Nyctalus leisleri,0.011,0.023,-1,Echolocation,/mnt/ubna_data_02_mir/recover-20220922/UBNA_001/20220921_090000.WAV,Telephone Field,recover-20220922,001,1795
1087.5025,1087.5411,68437,82056,Rhinolophus ferrumequinum,0.022,0.022,-1,Echolocation,/mnt/ubna_data_02_mir/recover-20220922/UBNA_001/20220921_090000.WAV,Telephone Field,recover-20220922,001,1795
1087.5045,1087.5129,28046,37154,Eptesicus serotinus,0.008,0.023,-1,Echolocation,/mnt/ubna_data_02_mir/recover-20220922/UBNA_001/20220921_090000.WAV,Telephone Field,recover-20220922,001,1795
1087.5255,1087.5687,68437,82510,Rhinolophus ferrumequinum,0.025,0.025,-1,Echolocation,/mnt/ubna_data_02_mir/recover-20220922/UBNA_001/20220921_090000.WAV,Telephone Field,recover-20220922,001,1795
1087.5435,1087.5542,28906,34475,Eptesicus serotinus,0.035,0.074,-1,Echolocation,/mnt/ubna_data_02_mir/recover-20220922/UBNA_001/20220921_090000.WAV,Telephone Field,recover-20220922,001,1795
1087.5555,1087.5982,68437,82677,Rhinolophus ferrumequinum,0.023,0.023,-1,Echolocation,/mnt/ubna_data_02_mir/recover-20220922/UBNA_001/20220921_090000.WAV,Telephone Field,recover-20220922,001,1795
1087.5715,1087.5804,29765,38223,Eptesicus serotinus,0.008,0.024,-1,Echolocation,/mnt/ubna_data_02_mir/recover-20220922/UBNA_001/20220921_090000.WAV,Telephone Field,recover-20220922,001,1795
1087.6355,1087.6752,68437,82196,Rhinolophus ferrumequinum,0.027,0.027,-1,Echolocation,/mnt/ubna_data_02_mir/recover-20220922/UBNA_001/20220921_090000.WAV,Telephone Field,recover-20220922,001,1795
1087.7065,1087.7456,68437,82178,Rhinolophus ferrumequinum,0.026,0.026,-1,Echolocation,/mnt/ubna_data_02_mir/recover-20220922/UBNA_001/20220921_090000.WAV,Telephone Field,recover-20220922,001,1795
1087.7215,1087.7602,68437,81341,Rhinolophus ferrumequinum,0.023,0.023,-1,Echolocation,/mnt/ubna_data_02_mir/recover-20220922/UBNA_001/20220921_090000.WAV,Telephone Field,recover-20220922,001,1795
1087.7315,1087.7703,68437,81641,Rhinolophus ferrumequinum,0.023,0.023,-1,Echolocation,/mnt/ubna_data_02_mir/recover-20220922/UBNA_001/20220921_090000.WAV,Telephone Field,recover-20220922,001,1795
1087.7525,1087.7924,68437,82361,Rhinolophus ferrumequinum,0.022,0.022,-1,Echolocation,/mnt/ubna_data_02_mir/recover-20220922/UBNA_001/20220921_090000.WAV,Telephone Field,recover-20220922,001,1795
1087.7525,1087.7738,19453,22380,Nyctalus leisleri,0.011,0.022,-1,Echolocation,/mnt/ubna_data_02_mir/recover-20220922/UBNA_001/20220921_090000.WAV,Telephone Field,recover-20220922,001,1795
1087.7615,1087.7979,68437,81065,Rhinolophus ferrumequinum,0.022,0.022,-1,Echolocation,/mnt/ubna_data_02_mir/recover-20220922/UBNA_001/20220921_090000.WAV,Telephone Field,recover-20220922,001,1795
1087.8235,1087.8633,68437,81718,Rhinolophus ferrumequinum,0.023,0.023,-1,Echolocation,/mnt/ubna_data_02_mir/recover-20220922/UBNA_001/20220921_090000.WAV,Telephone Field,recover-20220922,001,1795
1087.8665,1087.8738,28046,37531,Eptesicus serotinus,0.007,0.023,-1,Echolocation,/mnt/ubna_data_02_mir/recover-20220922/UBNA_001/20220921_090000.WAV,Telephone Field,recover-20220922,001,1795
1087.9135,1087.9537,68437,82155,Rhinolophus ferrumequinum,0.026,0.026,-1,Echolocation,/mnt/ubna_data_02_mir/recover-20220922/UBNA_001/20220921_090000.WAV,Telephone Field,recover-20220922,001,1795
1087.9415,1087.9805,68437,81920,Rhinolophus ferrumequinum,0.023,0.023,-1,Echolocation,/mnt/ubna_data_02_mir/recover-20220922/UBNA_001/20220921_090000.WAV,Telephone Field,recover-20220922,001,1795
1087.9505,1087.9902,68437,81958,Rhinolophus ferrumequinum,0.024,0.024,-1,Echolocation,/mnt/ubna_data_02_mir/recover-20220922/UBNA_001/20220921_090000.WAV,Telephone Field,recover-20220922,001,1795
1088.0015,1088.0105,14296,21330,Nyctalus leisleri,0.006,0.023,-1,Echolocation,/mnt/ubna_data_02_mir/recover-20220922/UBNA_001/20220921_090000.WAV,Telephone Field,recover-20220922,001,1795
1088.0015,1088.0086,24609,36717,Plecotus austriacus,0.006,0.027,-1,Echolocation,/mnt/ubna_data_02_mir/recover-20220922/UBNA_001/20220921_090000.WAV,Telephone Field,recover-20220922,001,1795
1088.0015,1088.0315,68437,80029,Rhinolophus ferrumequinum,0.04,0.041,-1,Echolocation,/mnt/ubna_data_02_mir/recover-20220922/UBNA_001/20220921_090000.WAV,Telephone Field,recover-20220922,001,1795
1088.0435,1088.0512,27187,38882,Eptesicus serotinus,0.007,0.021,-1,Echolocation,/mnt/ubna_data_02_mir/recover-20220922/UBNA_001/20220921_090000.WAV,Telephone Field,recover-20220922,001,1795
1088.0695,1088.1108,68437,83217,Rhinolophus ferrumequinum,0.031,0.031,-1,Echolocation,/mnt/ubna_data_02_mir/recover-20220922/UBNA_001/20220921_090000.WAV,Telephone Field,recover-20220922,001,1795
1088.1105,1088.1517,68437,82611,Rhinolophus ferrumequinum,0.023,0.023,-1,Echolocation,/mnt/ubna_data_02_mir/recover-20220922/UBNA_001/20220921_090000.WAV,Telephone Field,recover-20220922,001,1795
1088.1235,1088.1612,68437,82360,Rhinolophus ferrumequinum,0.021,0.021,-1,Echolocation,/mnt/ubna_data_02_mir/recover-20220922/UBNA_001/20220921_090000.WAV,Telephone Field,recover-20220922,001,1795
1088.1465,1088.1839,68437,81647,Rhinolophus ferrumequinum,0.021,0.021,-1,Echolocation,/mnt/ubna_data_02_mir/recover-20220922/UBNA_001/20220921_090000.WAV,Telephone Field,recover-20220922,001,1795
1088.1755,1088.2132,68437,81702,Rhinolophus ferrumequinum,0.021,0.021,-1,Echolocation,/mnt/ubna_data_02_mir/recover-20220922/UBNA_001/20220921_090000.WAV,Telephone Field,recover-20220922,001,1795
1088.1815,1088.2197,68437,81912,Rhinolophus ferrumequinum,0.021,0.021,-1,Echolocation,/mnt/ubna_data_02_mir/recover-20220922/UBNA_001/20220921_090000.WAV,Telephone Field,recover-20220922,001,1795
1088.1965,1088.2348,68437,82287,Rhinolophus ferrumequinum,0.021,0.021,-1,Echolocation,/mnt/ubna_data_02_mir/recover-20220922/UBNA_001/20220921_090000.WAV,Telephone Field,recover-20220922,001,1795
1088.1965,1088.209,14296,18803,Nyctalus noctula,0.022,0.038,-1,Echolocation,/mnt/ubna_data_02_mir/recover-20220922/UBNA_001/20220921_090000.WAV,Telephone Field,recover-20220922,001,1795
1088.1985,1088.2071,28046,40304,Eptesicus serotinus,0.008,0.022,-1,Echolocation,/mnt/ubna_data_02_mir/recover-20220922/UBNA_001/20220921_090000.WAV,Telephone Field,recover-20220922,001,1795
1088.2025,1088.2408,68437,81933,Rhinolophus ferrumequinum,0.021,0.021,-1,Echolocation,/mnt/ubna_data_02_mir/recover-20220922/UBNA_001/20220921_090000.WAV,Telephone Field,recover-20220922,001,1795
1088.2075,1088.2154,28906,38701,Eptesicus serotinus,0.007,0.022,-1,Echolocation,/mnt/ubna_data_02_mir/recover-20220922/UBNA_001/20220921_090000.WAV,Telephone Field,recover-20220922,001,1795
1088.2405,1088.2474,24609,34440,Plecotus austriacus,0.014,0.032,-1,Echolocation,/mnt/ubna_data_02_mir/recover-20220922/UBNA_001/20220921_090000.WAV,Telephone Field,recover-20220922,001,1795
1088.2805,1088.3187,68437,82304,Rhinolophus ferrumequinum,0.021,0.021,-1,Echolocation,/mnt/ubna_data_02_mir/recover-20220922/UBNA_001/20220921_090000.WAV,Telephone Field,recover-20220922,001,1795
1088.2875,1088.3282,68437,82775,Rhinolophus ferrumequinum,0.024,0.024,-1,Echolocation,/mnt/ubna_data_02_mir/recover-20220922/UBNA_001/20220921_090000.WAV,Telephone Field,recover-20220922,001,1795
1088.2875,1088.2984,22890,27979,Nyctalus leisleri,0.01,0.021,-1,Echolocation,/mnt/ubna_data_02_mir/recover-20220922/UBNA_001/20220921_090000.WAV,Telephone Field,recover-20220922,001,1795
1088.2955,1088.3329,68437,82117,Rhinolophus ferrumequinum,0.022,0.022,-1,Echolocation,/mnt/ubna_data_02_mir/recover-20220922/UBNA_001/20220921_090000.WAV,Telephone Field,recover-20220922,001,1795
1088.3025,1088.3117,27187,37624,Eptesicus serotinus,0.009,0.022,-1,Echolocation,/mnt/ubna_data_02_mir/recover-20220922/UBNA_001/20220921_090000.WAV,Telephone Field,recover-20220922,001,1795
1088.3085,1088.348,68437,82104,Rhinolophus ferrumequinum,0.023,0.023,-1,Echolocation,/mnt/ubna_data_02_mir/recover-20220922/UBNA_001/20220921_090000.WAV,Telephone Field,recover-20220922,001,1795
1088.3325,1088.3432,23750,29972,Nyctalus leisleri,0.01,0.025,-1,Echolocation,/mnt/ubna_data_02_mir/recover-20220922/UBNA_001/20220921_090000.WAV,Telephone Field,recover-20220922,001,1795
1088.3715,1088.3801,22890,30073,Plecotus austriacus,0.009,0.021,-1,Echolocation,/mnt/ubna_data_02_mir/recover-20220922/UBNA_001/20220921_090000.WAV,Telephone Field,recover-20220922,001,1795
1088.3875,1088.4244,68437,81858,Rhinolophus ferrumequinum,0.022,0.022,-1,Echolocation,/mnt/ubna_data_02_mir/recover-20220922/UBNA_001/20220921_090000.WAV,Telephone Field,recover-20220922,001,1795
1088.4145,1088.456,68437,83036,Rhinolophus ferrumequinum,0.041,0.041,-1,Echolocation,/mnt/ubna_data_02_mir/recover-20220922/UBNA_001/20220921_090000.WAV,Telephone Field,recover-20220922,001,1795
1088.4995,1088.5068,28906,40735,Eptesicus serotinus,0.007,0.024,-1,Echolocation,/mnt/ubna_data_02_mir/recover-20220922/UBNA_001/20220921_090000.WAV,Telephone Field,recover-20220922,001,1795
1088.5075,1088.5167,27187,35064,Eptesicus serotinus,0.01,0.022,-1,Echolocation,/mnt/ubna_data_02_mir/recover-20220922/UBNA_001/20220921_090000.WAV,Telephone Field,recover-20220922,001,1795
1088.5345,1088.5749,68437,82564,Rhinolophus ferrumequinum,0.023,0.023,-1,Echolocation,/mnt/ubna_data_02_mir/recover-20220922/UBNA_001/20220921_090000.WAV,Telephone Field,recover-20220922,001,1795
1088.5395,1088.5516,22890,27523,Nyctalus leisleri,0.012,0.022,-1,Echolocation,/mnt/ubna_data_02_mir/recover-20220922/UBNA_001/20220921_090000.WAV,Telephone Field,recover-20220922,001,1795
1088.5795,1088.5884,47812,55362,Pipistrellus pipistrellus,0.017,0.021,-1,Echolocation,/mnt/ubna_data_02_mir/recover-20220922/UBNA_001/20220921_090000.WAV,Telephone Field,recover-20220922,001,1795
1088.6295,1088.6398,24609,31753,Nyctalus leisleri,0.009,0.025,-1,Echolocation,/mnt/ubna_data_02_mir/recover-20220922/UBNA_001/20220921_090000.WAV,Telephone Field,recover-20220922,001,1795
1088.6325,1088.6722,68437,82162,Rhinolophus ferrumequinum,0.025,0.025,-1,Echolocation,/mnt/ubna_data_02_mir/recover-20220922/UBNA_001/20220921_090000.WAV,Telephone Field,recover-20220922,001,1795
1088.6715,1088.7057,68437,81278,Rhinolophus ferrumequinum,0.021,0.021,-1,Echolocation,/mnt/ubna_data_02_mir/recover-20220922/UBNA_001/20220921_090000.WAV,Telephone Field,recover-20220922,001,1795
1088.6815,1088.6887,23750,32546,Plecotus austriacus,0.012,0.025,-1,Echolocation,/mnt/ubna_data_02_mir/recover-20220922/UBNA_001/20220921_090000.WAV,Telephone Field,recover-20220922,001,1795
1088.6905,1088.7307,68437,82332,Rhinolophus ferrumequinum,0.021,0.021,-1,Echolocation,/mnt/ubna_data_02_mir/recover-20220922/UBNA_001/20220921_090000.WAV,Telephone Field,recover-20220922,001,1795
1088.7135,1088.7488,68437,80796,Rhinolophus ferrumequinum,0.021,0.021,-1,Echolocation,/mnt/ubna_data_02_mir/recover-20220922/UBNA_001/20220921_090000.WAV,Telephone Field,recover-20220922,001,1795
1088.7235,1088.7576,68437,81084,Rhinolophus ferrumequinum,0.024,0.024,-1,Echolocation,/mnt/ubna_data_02_mir/recover-20220922/UBNA_001/20220921_090000.WAV,Telephone Field,recover-20220922,001,1795
1088.7265,1088.7352,27187,38026,Eptesicus serotinus,0.008,0.021,-1,Echolocation,/mnt/ubna_data_02_mir/recover-20220922/UBNA_001/20220921_090000.WAV,Telephone Field,recover-20220922,001,1795
1088.7615,1088.8015,68437,82757,Rhinolophus ferrumequinum,0.024,0.024,-1,Echolocation,/mnt/ubna_data_02_mir/recover-20220922/UBNA_001/20220921_090000.WAV,Telephone Field,recover-20220922,001,1795
1088.7695,1088.788,21171,24568,Nyctalus leisleri,0.026,0.047,-1,Echolocation,/mnt/ubna_data_02_mir/recover-20220922/UBNA_001/20220921_090000.WAV,Telephone Field,recover-20220922,001,1795
1088.7715,1088.8115,68437,83089,Rhinolophus ferrumequinum,0.026,0.026,-1,Echolocation,/mnt/ubna_data_02_mir/recover-20220922/UBNA_001/20220921_090000.WAV,Telephone Field,recover-20220922,001,1795
1088.7775,1088.8179,68437,82829,Rhinolophus ferrumequinum,0.024,0.024,-1,Echolocation,/mnt/ubna_data_02_mir/recover-20220922/UBNA_001/20220921_090000.WAV,Telephone Field,recover-20220922,001,1795
1088.7965,1088.8073,28906,36239,Eptesicus serotinus,0.01,0.025,-1,Echolocation,/mnt/ubna_data_02_mir/recover-20220922/UBNA_001/20220921_090000.WAV,Telephone Field,recover-20220922,001,1795
1088.8035,1088.8145,27187,34908,Eptesicus serotinus,0.013,0.028,-1,Echolocation,/mnt/ubna_data_02_mir/recover-20220922/UBNA_001/20220921_090000.WAV,Telephone Field,recover-20220922,001,1795
1088.8465,1088.884,68437,81608,Rhinolophus ferrumequinum,0.021,0.021,-1,Echolocation,/mnt/ubna_data_02_mir/recover-20220922/UBNA_001/20220921_090000.WAV,Telephone Field,recover-20220922,001,1795
1088.8575,1088.8978,68437,82269,Rhinolophus ferrumequinum,0.024,0.024,-1,Echolocation,/mnt/ubna_data_02_mir/recover-20220922/UBNA_001/20220921_090000.WAV,Telephone Field,recover-20220922,001,1795
1088.8815,1088.8891,28906,38070,Eptesicus serotinus,0.007,0.024,-1,Echolocation,/mnt/ubna_data_02_mir/recover-20220922/UBNA_001/20220921_090000.WAV,Telephone Field,recover-20220922,001,1795
1088.8995,1088.9085,26328,34725,Eptesicus serotinus,0.009,0.021,-1,Echolocation,/mnt/ubna_data_02_mir/recover-20220922/UBNA_001/20220921_090000.WAV,Telephone Field,recover-20220922,001,1795
1088.8995,1088.937,68437,82204,Rhinolophus ferrumequinum,0.021,0.021,-1,Echolocation,/mnt/ubna_data_02_mir/recover-20220922/UBNA_001/20220921_090000.WAV,Telephone Field,recover-20220922,001,1795
1088.9125,1088.9244,22031,26222,Nyctalus leisleri,0.011,0.021,-1,Echolocation,/mnt/ubna_data_02_mir/recover-20220922/UBNA_001/20220921_090000.WAV,Telephone Field,recover-20220922,001,1795
1088.9345,1088.9423,28046,38716,Eptesicus serotinus,0.008,0.022,-1,Echolocation,/mnt/ubna_data_02_mir/recover-20220922/UBNA_001/20220921_090000.WAV,Telephone Field,recover-20220922,001,1795
1088.9535,1088.9641,22890,27543,Nyctalus leisleri,0.01,0.021,-1,Echolocation,/mnt/ubna_data_02_mir/recover-20220922/UBNA_001/20220921_090000.WAV,Telephone Field,recover-20220922,001,1795
1088.9805,1089.0185,68437,81856,Rhinolophus ferrumequinum,0.021,0.021,-1,Echolocation,/mnt/ubna_data_02_mir/recover-20220922/UBNA_001/20220921_090000.WAV,Telephone Field,recover-20220922,001,1795
1089.0125,1089.024,23750,30088,Nyctalus leisleri,0.012,0.027,-1,Echolocation,/mnt/ubna_data_02_mir/recover-20220922/UBNA_001/20220921_090000.WAV,Telephone Field,recover-20220922,001,1795
1089.0295,1089.0662,68437,82007,Rhinolophus ferrumequinum,0.027,0.027,-1,Echolocation,/mnt/ubna_data_02_mir/recover-20220922/UBNA_001/20220921_090000.WAV,Telephone Field,recover-20220922,001,1795
1089.0385,1089.0763,68437,81370,Rhinolophus ferrumequinum,0.021,0.021,-1,Echolocation,/mnt/ubna_data_02_mir/recover-20220922/UBNA_001/20220921_090000.WAV,Telephone Field,recover-20220922,001,1795
1089.0945,1089.1285,68437,80953,Rhinolophus ferrumequinum,0.021,0.021,-1,Echolocation,/mnt/ubna_data_02_mir/recover-20220922/UBNA_001/20220921_090000.WAV,Telephone Field,recover-20220922,001,1795
1089.1415,1089.1813,68437,81548,Rhinolophus ferrumequinum,0.023,0.023,-1,Echolocation,/mnt/ubna_data_02_mir/recover-20220922/UBNA_001/20220921_090000.WAV,Telephone Field,recover-20220922,001,1795
1089.1945,1089.2041,28906,37441,Eptesicus serotinus,0.01,0.023,-1,Echolocation,/mnt/ubna_data_02_mir/recover-20220922/UBNA_001/20220921_090000.WAV,Telephone Field,recover-20220922,001,1795
1089.2405,1089.2776,68437,82233,Rhinolophus ferrumequinum,0.022,0.023,-1,Echolocation,/mnt/ubna_data_02_mir/recover-20220922/UBNA_001/20220921_090000.WAV,Telephone Field,recover-20220922,001,1795
1089.2565,1089.2657,28906,38910,Eptesicus serotinus,0.009,0.024,-1,Echolocation,/mnt/ubna_data_02_mir/recover-20220922/UBNA_001/20220921_090000.WAV,Telephone Field,recover-20220922,001,1795
1089.2675,1089.3038,68437,81184,Rhinolophus ferrumequinum,0.023,0.023,-1,Echolocation,/mnt/ubna_data_02_mir/recover-20220922/UBNA_001/20220921_090000.WAV,Telephone Field,recover-20220922,001,1795
1089.2945,1089.3372,68437,82921,Rhinolophus ferrumequinum,0.024,0.024,-1,Echolocation,/mnt/ubna_data_02_mir/recover-20220922/UBNA_001/20220921_090000.WAV,Telephone Field,recover-20220922,001,1795
1089.3025,1089.3107,23750,30949,Plecotus austriacus,0.007,0.021,-1,Echolocation,/mnt/ubna_data_02_mir/recover-20220922/UBNA_001/20220921_090000.WAV,Telephone Field,recover-20220922,001,1795
1089.3215,1089.33,28906,38849,Eptesicus serotinus,0.008,0.023,-1,Echolocation,/mnt/ubna_data_02_mir/recover-20220922/UBNA_001/20220921_090000.WAV,Telephone Field,recover-20220922,001,1795
1089.3475,1089.3854,68437,81887,Rhinolophus ferrumequinum,0.031,0.031,-1,Echolocation,/mnt/ubna_data_02_mir/recover-20220922/UBNA_001/20220921_090000.WAV,Telephone Field,recover-20220922,001,1795
1089.3545,1089.366,23750,28844,Nyctalus leisleri,0.012,0.025,-1,Echolocation,/mnt/ubna_data_02_mir/recover-20220922/UBNA_001/20220921_090000.WAV,Telephone Field,recover-20220922,001,1795
1089.3825,1089.3921,44375,47363,Pipistrellus pipistrellus,0.034,0.036,-1,Echolocation,/mnt/ubna_data_02_mir/recover-20220922/UBNA_001/20220921_090000.WAV,Telephone Field,recover-20220922,001,1795
1089.3885,1089.4253,68437,81582,Rhinolophus ferrumequinum,0.021,0.021,-1,Echolocation,/mnt/ubna_data_02_mir/recover-20220922/UBNA_001/20220921_090000.WAV,Telephone Field,recover-20220922,001,1795
1089.4015,1089.4211,18593,21514,Nyctalus noctula,0.01,0.021,-1,Echolocation,/mnt/ubna_data_02_mir/recover-20220922/UBNA_001/20220921_090000.WAV,Telephone Field,recover-20220922,001,1795
1089.4325,1089.4725,68437,81608,Rhinolophus ferrumequinum,0.023,0.023,-1,Echolocation,/mnt/ubna_data_02_mir/recover-20220922/UBNA_001/20220921_090000.WAV,Telephone Field,recover-20220922,001,1795
1089.4435,1089.4838,68437,82410,Rhinolophus ferrumequinum,0.041,0.041,-1,Echolocation,/mnt/ubna_data_02_mir/recover-20220922/UBNA_001/20220921_090000.WAV,Telephone Field,recover-20220922,001,1795
1089.4455,1089.4556,28046,35725,Eptesicus serotinus,0.019,0.033,-1,Echolocation,/mnt/ubna_data_02_mir/recover-20220922/UBNA_001/20220921_090000.WAV,Telephone Field,recover-20220922,001,1795
1089.5455,1089.5844,68437,82876,Rhinolophus ferrumequinum,0.025,0.025,-1,Echolocation,/mnt/ubna_data_02_mir/recover-20220922/UBNA_001/20220921_090000.WAV,Telephone Field,recover-20220922,001,1795
1089.5815,1089.5898,28906,37829,Eptesicus serotinus,0.007,0.022,-1,Echolocation,/mnt/ubna_data_02_mir/recover-20220922/UBNA_001/20220921_090000.WAV,Telephone Field,recover-20220922,001,1795
1089.6065,1089.6458,68437,82434,Rhinolophus ferrumequinum,0.021,0.021,-1,Echolocation,/mnt/ubna_data_02_mir/recover-20220922/UBNA_001/20220921_090000.WAV,Telephone Field,recover-20220922,001,1795
1089.6205,1089.6277,28046,38990,Eptesicus serotinus,0.006,0.021,-1,Echolocation,/mnt/ubna_data_02_mir/recover-20220922/UBNA_001/20220921_090000.WAV,Telephone Field,recover-20220922,001,1795
1089.6285,1089.6674,68437,81554,Rhinolophus ferrumequinum,0.02,0.021,-1,Echolocation,/mnt/ubna_data_02_mir/recover-20220922/UBNA_001/20220921_090000.WAV,Telephone Field,recover-20220922,001,1795
1089.6555,1089.6741,19453,22581,Nyctalus leisleri,0.016,0.03,-1,Echolocation,/mnt/ubna_data_02_mir/recover-20220922/UBNA_001/20220921_090000.WAV,Telephone Field,recover-20220922,001,1795
1089.6635,1089.7023,68437,82406,Rhinolophus ferrumequinum,0.022,0.022,-1,Echolocation,/mnt/ubna_data_02_mir/recover-20220922/UBNA_001/20220921_090000.WAV,Telephone Field,recover-20220922,001,1795
1089.6725,1089.6806,28906,40475,Eptesicus serotinus,0.007,0.022,-1,Echolocation,/mnt/ubna_data_02_mir/recover-20220922/UBNA_001/20220921_090000.WAV,Telephone Field,recover-20220922,001,1795
1089.6735,1089.7107,68437,82104,Rhinolophus ferrumequinum,0.022,0.022,-1,Echolocation,/mnt/ubna_data_02_mir/recover-20220922/UBNA_001/20220921_090000.WAV,Telephone Field,recover-20220922,001,1795
1089.7055,1089.7123,23750,33201,Plecotus austriacus,0.012,0.027,-1,Echolocation,/mnt/ubna_data_02_mir/recover-20220922/UBNA_001/20220921_090000.WAV,Telephone Field,recover-20220922,001,1795
1089.7275,1089.7671,68437,82573,Rhinolophus ferrumequinum,0.024,0.024,-1,Echolocation,/mnt/ubna_data_02_mir/recover-20220922/UBNA_001/20220921_090000.WAV,Telephone Field,recover-20220922,001,1795
1089.7755,1089.8146,68437,82292,Rhinolophus ferrumequinum,0.024,0.024,-1,Echolocation,/mnt/ubna_data_02_mir/recover-20220922/UBNA_001/20220921_090000.WAV,Telephone Field,recover-20220922,001,1795
1089.8145,1089.8273,21171,26425,Nyctalus noctula,0.013,0.039,-1,Echolocation,/mnt/ubna_data_02_mir/recover-20220922/UBNA_001/20220921_090000.WAV,Telephone Field,recover-20220922,001,1795
1089.8315,1089.8688,68437,81923,Rhinolophus ferrumequinum,0.022,0.022,-1,Echolocation,/mnt/ubna_data_02_mir/recover-20220922/UBNA_001/20220921_090000.WAV,Telephone Field,recover-20220922,001,1795
1089.8445,1089.8538,28046,39416,Eptesicus serotinus,0.01,0.024,-1,Echolocation,/mnt/ubna_data_02_mir/recover-20220922/UBNA_001/20220921_090000.WAV,Telephone Field,recover-20220922,001,1795
1089.8665,1089.8755,28046,36481,Eptesicus serotinus,0.009,0.021,-1,Echolocation,/mnt/ubna_data_02_mir/recover-20220922/UBNA_001/20220921_090000.WAV,Telephone Field,recover-20220922,001,1795
1089.8665,1089.9009,68437,81760,Rhinolophus ferrumequinum,0.021,0.021,-1,Echolocation,/mnt/ubna_data_02_mir/recover-20220922/UBNA_001/20220921_090000.WAV,Telephone Field,recover-20220922,001,1795
1089.8815,1089.9205,68437,83043,Rhinolophus ferrumequinum,0.032,0.032,-1,Echolocation,/mnt/ubna_data_02_mir/recover-20220922/UBNA_001/20220921_090000.WAV,Telephone Field,recover-20220922,001,1795
1089.8985,1089.9371,68437,82136,Rhinolophus ferrumequinum,0.022,0.022,-1,Echolocation,/mnt/ubna_data_02_mir/recover-20220922/UBNA_001/20220921_090000.WAV,Telephone Field,recover-20220922,001,1795
1089.9465,1089.9879,68437,83601,Rhinolophus ferrumequinum,0.026,0.026,-1,Echolocation,/mnt/ubna_data_02_mir/recover-20220922/UBNA_001/20220921_090000.WAV,Telephone Field,recover-20220922,001,1795
1089.9515,1089.9701,19453,21956,Nyctalus leisleri,0.014,0.027,-1,Echolocation,/mnt/ubna_data_02_mir/recover-20220922/UBNA_001/20220921_090000.WAV,Telephone Field,recover-20220922,001,1795
1089.9825,1089.9927,49531,55200,Pipistrellus pipistrellus,0.017,0.021,-1,Echolocation,/mnt/ubna_data_02_mir/recover-20220922/UBNA_001/20220921_090000.WAV,Telephone Field,recover-20220922,001,1795
1090.0015,1090.0295,71015,84629,Rhinolophus ferrumequinum,0.023,0.023,-1,Echolocation,/mnt/ubna_data_02_mir/recover-20220922/UBNA_001/20220921_090000.WAV,Telephone Field,recover-20220922,001,1795
1090.0015,1090.01,27187,34749,Eptesicus serotinus,0.007,0.024,-1,Echolocation,/mnt/ubna_data_02_mir/recover-20220922/UBNA_001/20220921_090000.WAV,Telephone Field,recover-20220922,001,1795
1090.0015,1090.0081,46953,53924,Pipistrellus pipistrellus,0.019,0.025,-1,Echolocation,/mnt/ubna_data_02_mir/recover-20220922/UBNA_001/20220921_090000.WAV,Telephone Field,recover-20220922,001,1795
1090.0015,1090.0142,21171,26437,Nyctalus leisleri,0.015,0.031,-1,Echolocation,/mnt/ubna_data_02_mir/recover-20220922/UBNA_001/20220921_090000.WAV,Telephone Field,recover-20220922,001,1795
1090.0125,1090.054,68437,82408,Rhinolophus ferrumequinum,0.025,0.025,-1,Echolocation,/mnt/ubna_data_02_mir/recover-20220922/UBNA_001/20220921_090000.WAV,Telephone Field,recover-20220922,001,1795
1090.0145,1090.0253,22031,26024,Nyctalus leisleri,0.012,0.021,-1,Echolocation,/mnt/ubna_data_02_mir/recover-20220922/UBNA_001/20220921_090000.WAV,Telephone Field,recover-20220922,001,1795
1090.0435,1090.0527,46953,52105,Pipistrellus pipistrellus,0.032,0.034,-1,Echolocation,/mnt/ubna_data_02_mir/recover-20220922/UBNA_001/20220921_090000.WAV,Telephone Field,recover-20220922,001,1795
1090.0945,1090.1336,68437,82581,Rhinolophus ferrumequinum,0.021,0.021,-1,Echolocation,/mnt/ubna_data_02_mir/recover-20220922/UBNA_001/20220921_090000.WAV,Telephone Field,recover-20220922,001,1795
1090.1155,1090.1556,68437,82784,Rhinolophus ferrumequinum,0.024,0.024,-1,Echolocation,/mnt/ubna_data_02_mir/recover-20220922/UBNA_001/20220921_090000.WAV,Telephone Field,recover-20220922,001,1795
1090.1325,1090.1428,21171,26367,Nyctalus leisleri,0.009,0.023,-1,Echolocation,/mnt/ubna_data_02_mir/recover-20220922/UBNA_001/20220921_090000.WAV,Telephone Field,recover-20220922,001,1795
1090.1335,1090.1736,68437,82595,Rhinolophus ferrumequinum,0.025,0.025,-1,Echolocation,/mnt/ubna_data_02_mir/recover-20220922/UBNA_001/20220921_090000.WAV,Telephone Field,recover-20220922,001,1795
1090.1485,1090.1876,68437,81815,Rhinolophus ferrumequinum,0.022,0.022,-1,Echolocation,/mnt/ubna_data_02_mir/recover-20220922/UBNA_001/20220921_090000.WAV,Telephone Field,recover-20220922,001,1795
1090.1765,1090.2124,68437,81138,Rhinolophus ferrumequinum,0.024,0.024,-1,Echolocation,/mnt/ubna_data_02_mir/recover-20220922/UBNA_001/20220921_090000.WAV,Telephone Field,recover-20220922,001,1795
1090.2155,1090.2231,27187,38939,Eptesicus serotinus,0.007,0.022,-1,Echolocation,/mnt/ubna_data_02_mir/recover-20220922/UBNA_001/20220921_090000.WAV,Telephone Field,recover-20220922,001,1795
1090.2255,1090.2681,68437,82579,Rhinolophus ferrumequinum,0.033,0.033,-1,Echolocation,/mnt/ubna_data_02_mir/recover-20220922/UBNA_001/20220921_090000.WAV,Telephone Field,recover-20220922,001,1795
1090.2745,1090.3146,68437,82215,Rhinolophus ferrumequinum,0.022,0.022,-1,Echolocation,/mnt/ubna_data_02_mir/recover-20220922/UBNA_001/20220921_090000.WAV,Telephone Field,recover-20220922,001,1795
1090.2915,1090.3027,22890,28274,Nyctalus leisleri,0.013,0.026,-1,Echolocation,/mnt/ubna_data_02_mir/recover-20220922/UBNA_001/20220921_090000.WAV,Telephone Field,recover-20220922,001,1795
1090.3145,1090.3553,68437,82686,Rhinolophus ferrumequinum,0.022,0.022,-1,Echolocation,/mnt/ubna_data_02_mir/recover-20220922/UBNA_001/20220921_090000.WAV,Telephone Field,recover-20220922,001,1795
1090.3265,1090.3678,68437,82682,Rhinolophus ferrumequinum,0.028,0.028,-1,Echolocation,/mnt/ubna_data_02_mir/recover-20220922/UBNA_001/20220921_090000.WAV,Telephone Field,recover-20220922,001,1795
1090.3795,1090.3868,25468,34909,Eptesicus serotinus,0.006,0.021,-1,Echolocation,/mnt/ubna_data_02_mir/recover-20220922/UBNA_001/20220921_090000.WAV,Telephone Field,recover-20220922,001,1795
1090.3795,1090.4162,68437,81213,Rhinolophus ferrumequinum,0.021,0.021,-1,Echolocation,/mnt/ubna_data_02_mir/recover-20220922/UBNA_001/20220921_090000.WAV,Telephone Field,recover-20220922,001,1795
1090.4085,1090.4223,28046,33435,Eptesicus serotinus,0.023,0.049,-1,Echolocation,/mnt/ubna_data_02_mir/recover-20220922/UBNA_001/20220921_090000.WAV,Telephone Field,recover-20220922,001,1795
1090.4225,1090.4637,68437,82914,Rhinolophus ferrumequinum,0.023,0.023,-1,Echolocation,/mnt/ubna_data_02_mir/recover-20220922/UBNA_001/20220921_090000.WAV,Telephone Field,recover-20220922,001,1795
1090.4685,1090.4746,34921,44187,Myotis daubentonii,0.009,0.022,-1,Echolocation,/mnt/ubna_data_02_mir/recover-20220922/UBNA_001/20220921_090000.WAV,Telephone Field,recover-20220922,001,1795
1090.4705,1090.5116,68437,82552,Rhinolophus ferrumequinum,0.031,0.031,-1,Echolocation,/mnt/ubna_data_02_mir/recover-20220922/UBNA_001/20220921_090000.WAV,Telephone Field,recover-20220922,001,1795
1090.4705,1090.4777,28046,39437,Eptesicus serotinus,0.007,0.026,-1,Echolocation,/mnt/ubna_data_02_mir/recover-20220922/UBNA_001/20220921_090000.WAV,Telephone Field,recover-20220922,001,1795
1090.5075,1090.5426,68437,81180,Rhinolophus ferrumequinum,0.022,0.022,-1,Echolocation,/mnt/ubna_data_02_mir/recover-20220922/UBNA_001/20220921_090000.WAV,Telephone Field,recover-20220922,001,1795
1090.5555,1090.5985,68437,83068,Rhinolophus ferrumequinum,0.071,0.071,-1,Echolocation,/mnt/ubna_data_02_mir/recover-20220922/UBNA_001/20220921_090000.WAV,Telephone Field,recover-20220922,001,1795
1090.6035,1090.6392,68437,80962,Rhinolophus ferrumequinum,0.021,0.021,-1,Echolocation,/mnt/ubna_data_02_mir/recover-20220922/UBNA_001/20220921_090000.WAV,Telephone Field,recover-20220922,001,1795
1090.6775,1090.693,21171,24434,Nyctalus leisleri,0.014,0.023,-1,Echolocation,/mnt/ubna_data_02_mir/recover-20220922/UBNA_001/20220921_090000.WAV,Telephone Field,recover-20220922,001,1795
1090.6875,1090.7291,68437,82900,Rhinolophus ferrumequinum,0.022,0.022,-1,Echolocation,/mnt/ubna_data_02_mir/recover-20220922/UBNA_001/20220921_090000.WAV,Telephone Field,recover-20220922,001,1795
1090.7025,1090.7127,28046,35974,Eptesicus serotinus,0.01,0.024,-1,Echolocation,/mnt/ubna_data_02_mir/recover-20220922/UBNA_001/20220921_090000.WAV,Telephone Field,recover-20220922,001,1795
1090.7285,1090.7353,14296,29701,Plecotus auritus,0.019,0.023,-1,Echolocation,/mnt/ubna_data_02_mir/recover-20220922/UBNA_001/20220921_090000.WAV,Telephone Field,recover-20220922,001,1795
1090.7965,1090.8057,28046,36589,Eptesicus serotinus,0.009,0.022,-1,Echolocation,/mnt/ubna_data_02_mir/recover-20220922/UBNA_001/20220921_090000.WAV,Telephone Field,recover-20220922,001,1795
1090.8045,1090.8406,68437,81514,Rhinolophus ferrumequinum,0.022,0.022,-1,Echolocation,/mnt/ubna_data_02_mir/recover-20220922/UBNA_001/20220921_090000.WAV,Telephone Field,recover-20220922,001,1795
1090.8185,1090.8571,68437,82226,Rhinolophus ferrumequinum,0.022,0.022,-1,Echolocation,/mnt/ubna_data_02_mir/recover-20220922/UBNA_001/20220921_090000.WAV,Telephone Field,recover-20220922,001,1795
1090.8625,1090.9047,68437,83117,Rhinolophus ferrumequinum,0.032,0.032,-1,Echolocation,/mnt/ubna_data_02_mir/recover-20220922/UBNA_001/20220921_090000.WAV,Telephone Field,recover-20220922,001,1795
1090.8785,1090.9166,68437,82122,Rhinolophus ferrumequinum,0.023,0.023,-1,Echolocation,/mnt/ubna_data_02_mir/recover-20220922/UBNA_001/20220921_090000.WAV,Telephone Field,recover-20220922,001,1795
1090.8975,1090.9064,26328,34852,Eptesicus serotinus,0.01,0.023,-1,Echolocation,/mnt/ubna_data_02_mir/recover-20220922/UBNA_001/20220921_090000.WAV,Telephone Field,recover-20220922,001,1795
1090.9635,1090.9731,28906,36976,Eptesicus serotinus,0.009,0.022,-1,Echolocation,/mnt/ubna_data_02_mir/recover-20220922/UBNA_001/20220921_090000.WAV,Telephone Field,recover-20220922,001,1795
1090.9655,1091.0013,68437,80587,Rhinolophus ferrumequinum,0.021,0.021,-1,Echolocation,/mnt/ubna_data_02_mir/recover-20220922/UBNA_001/20220921_090000.WAV,Telephone Field,recover-20220922,001,1795
1091.0055,1091.0417,68437,81588,Rhinolophus ferrumequinum,0.023,0.023,-1,Echolocation,/mnt/ubna_data_02_mir/recover-20220922/UBNA_001/20220921_090000.WAV,Telephone Field,recover-20220922,001,1795
1091.0115,1091.0201,28046,38906,Eptesicus serotinus,0.007,0.021,-1,Echolocation,/mnt/ubna_data_02_mir/recover-20220922/UBNA_001/20220921_090000.WAV,Telephone Field,recover-20220922,001,1795
1091.0135,1091.0519,68437,81970,Rhinolophus ferrumequinum,0.022,0.022,-1,Echolocation,/mnt/ubna_data_02_mir/recover-20220922/UBNA_001/20220921_090000.WAV,Telephone Field,recover-20220922,001,1795
1091.0475,1091.0878,68437,82749,Rhinolophus ferrumequinum,0.023,0.023,-1,Echolocation,/mnt/ubna_data_02_mir/recover-20220922/UBNA_001/20220921_090000.WAV,Telephone Field,recover-20220922,001,1795
1091.0565,1091.0945,68437,82188,Rhinolophus ferrumequinum,0.024,0.024,-1,Echolocation,/mnt/ubna_data_02_mir/recover-20220922/UBNA_001/20220921_090000.WAV,Telephone Field,recover-20220922,001,1795
1091.0865,1091.0996,23750,28924,Nyctalus leisleri,0.015,0.036,-1,Echolocation,/mnt/ubna_data_02_mir/recover-20220922/UBNA_001/20220921_090000.WAV,Telephone Field,recover-20220922,001,1795
1091.1335,1091.1412,23750,32579,Plecotus austriacus,0.01,0.023,-1,Echolocation,/mnt/ubna_data_02_mir/recover-20220922/UBNA_001/20220921_090000.WAV,Telephone Field,recover-20220922,001,1795
1091.1515,1091.189,68437,81426,Rhinolophus ferrumequinum,0.024,0.024,-1,Echolocation,/mnt/ubna_data_02_mir/recover-20220922/UBNA_001/20220921_090000.WAV,Telephone Field,recover-20220922,001,1795
1091.1565,1091.1655,27187,35838,Eptesicus serotinus,0.01,0.025,-1,Echolocation,/mnt/ubna_data_02_mir/recover-20220922/UBNA_001/20220921_090000.WAV,Telephone Field,recover-20220922,001,1795
1091.1625,1091.1721,26328,34127,Eptesicus serotinus,0.009,0.022,-1,Echolocation,/mnt/ubna_data_02_mir/recover-20220922/UBNA_001/20220921_090000.WAV,Telephone Field,recover-20220922,001,1795
1091.1985,1091.209,27187,35678,Eptesicus serotinus,0.01,0.021,-1,Echolocation,/mnt/ubna_data_02_mir/recover-20220922/UBNA_001/20220921_090000.WAV,Telephone Field,recover-20220922,001,1795
1091.2035,1091.2373,68437,80503,Rhinolophus ferrumequinum,0.024,0.024,-1,Echolocation,/mnt/ubna_data_02_mir/recover-20220922/UBNA_001/20220921_090000.WAV,Telephone Field,recover-20220922,001,1795
1091.2055,1091.2163,23750,29979,Nyctalus leisleri,0.01,0.023,-1,Echolocation,/mnt/ubna_data_02_mir/recover-20220922/UBNA_001/20220921_090000.WAV,Telephone Field,recover-20220922,001,1795
1091.2275,1091.2666,68437,81754,Rhinolophus ferrumequinum,0.024,0.024,-1,Echolocation,/mnt/ubna_data_02_mir/recover-20220922/UBNA_001/20220921_090000.WAV,Telephone Field,recover-20220922,001,1795
1091.2375,1091.2467,28906,36785,Eptesicus serotinus,0.009,0.023,-1,Echolocation,/mnt/ubna_data_02_mir/recover-20220922/UBNA_001/20220921_090000.WAV,Telephone Field,recover-20220922,001,1795
1091.2625,1091.2987,68437,82101,Rhinolophus ferrumequinum,0.022,0.022,-1,Echolocation,/mnt/ubna_data_02_mir/recover-20220922/UBNA_001/20220921_090000.WAV,Telephone Field,recover-20220922,001,1795
1091.2805,1091.3208,68437,81879,Rhinolophus ferrumequinum,0.023,0.023,-1,Echolocation,/mnt/ubna_data_02_mir/recover-20220922/UBNA_001/20220921_090000.WAV,Telephone Field,recover-20220922,001,1795
1091.2865,1091.297,23750,30176,Nyctalus leisleri,0.01,0.029,-1,Echolocation,/mnt/ubna_data_02_mir/recover-20220922/UBNA_001/20220921_090000.WAV,Telephone Field,recover-20220922,001,1795
1091.3035,1091.3442,68437,82539,Rhinolophus ferrumequinum,0.021,0.021,-1,Echolocation,/mnt/ubna_data_02_mir/recover-20220922/UBNA_001/20220921_090000.WAV,Telephone Field,recover-20220922,001,1795
1091.3165,1091.3591,68437,82592,Rhinolophus ferrumequinum,0.026,0.026,-1,Echolocation,/mnt/ubna_data_02_mir/recover-20220922/UBNA_001/20220921_090000.WAV,Telephone Field,recover-20220922,001,1795
1091.3255,1091.3336,27187,37531,Eptesicus serotinus,0.008,0.023,-1,Echolocation,/mnt/ubna_data_02_mir/recover-20220922/UBNA_001/20220921_090000.WAV,Telephone Field,recover-20220922,001,1795
1091.3405,1091.3824,68437,82934,Rhinolophus ferrumequinum,0.031,0.031,-1,Echolocation,/mnt/ubna_data_02_mir/recover-20220922/UBNA_001/20220921_090000.WAV,Telephone Field,recover-20220922,001,1795
1091.3715,1091.4092,68437,82207,Rhinolophus ferrumequinum,0.028,0.028,-1,Echolocation,/mnt/ubna_data_02_mir/recover-20220922/UBNA_001/20220921_090000.WAV,Telephone Field,recover-20220922,001,1795
1091.3945,1091.4342,68437,82285,Rhinolophus ferrumequinum,0.022,0.022,-1,Echolocation,/mnt/ubna_data_02_mir/recover-20220922/UBNA_001/20220921_090000.WAV,Telephone Field,recover-20220922,001,1795
1091.4125,1091.4201,23750,32168,Plecotus austriacus,0.008,0.022,-1,Echolocation,/mnt/ubna_data_02_mir/recover-20220922/UBNA_001/20220921_090000.WAV,Telephone Field,recover-20220922,001,1795
1091.4225,1091.4645,68437,82186,Rhinolophus ferrumequinum,0.03,0.03,-1,Echolocation,/mnt/ubna_data_02_mir/recover-20220922/UBNA_001/20220921_090000.WAV,Telephone Field,recover-20220922,001,1795
1091.4525,1091.4639,22031,26696,Nyctalus leisleri,0.012,0.024,-1,Echolocation,/mnt/ubna_data_02_mir/recover-20220922/UBNA_001/20220921_090000.WAV,Telephone Field,recover-20220922,001,1795
1091.4635,1091.508,68437,83451,Rhinolophus ferrumequinum,0.035,0.035,-1,Echolocation,/mnt/ubna_data_02_mir/recover-20220922/UBNA_001/20220921_090000.WAV,Telephone Field,recover-20220922,001,1795
1091.4845,1091.524,68437,82080,Rhinolophus ferrumequinum,0.022,0.022,-1,Echolocation,/mnt/ubna_data_02_mir/recover-20220922/UBNA_001/20220921_090000.WAV,Telephone Field,recover-20220922,001,1795
1091.5005,1091.5104,28046,36821,Eptesicus serotinus,0.009,0.023,-1,Echolocation,/mnt/ubna_data_02_mir/recover-20220922/UBNA_001/20220921_090000.WAV,Telephone Field,recover-20220922,001,1795
1091.5145,1091.5543,68437,82285,Rhinolophus ferrumequinum,0.036,0.036,-1,Echolocation,/mnt/ubna_data_02_mir/recover-20220922/UBNA_001/20220921_090000.WAV,Telephone Field,recover-20220922,001,1795
1091.5245,1091.5639,68437,81925,Rhinolophus ferrumequinum,0.022,0.022,-1,Echolocation,/mnt/ubna_data_02_mir/recover-20220922/UBNA_001/20220921_090000.WAV,Telephone Field,recover-20220922,001,1795
1091.5345,1091.5753,68437,82519,Rhinolophus ferrumequinum,0.021,0.021,-1,Echolocation,/mnt/ubna_data_02_mir/recover-20220922/UBNA_001/20220921_090000.WAV,Telephone Field,recover-20220922,001,1795
1091.5565,1091.5975,68437,82208,Rhinolophus ferrumequinum,0.022,0.022,-1,Echolocation,/mnt/ubna_data_02_mir/recover-20220922/UBNA_001/20220921_090000.WAV,Telephone Field,recover-20220922,001,1795
1091.5875,1091.6006,29765,35461,Eptesicus serotinus,0.067,0.108,-1,Echolocation,/mnt/ubna_data_02_mir/recover-20220922/UBNA_001/20220921_090000.WAV,Telephone Field,recover-20220922,001,1795
1091.6055,1091.6486,68437,83217,Rhinolophus ferrumequinum,0.04,0.04,-1,Echolocation,/mnt/ubna_data_02_mir/recover-20220922/UBNA_001/20220921_090000.WAV,Telephone Field,recover-20220922,001,1795
1091.6135,1091.6213,28046,39898,Eptesicus serotinus,0.008,0.024,-1,Echolocation,/mnt/ubna_data_02_mir/recover-20220922/UBNA_001/20220921_090000.WAV,Telephone Field,recover-20220922,001,1795
1091.6405,1091.6817,68437,82706,Rhinolophus ferrumequinum,0.026,0.026,-1,Echolocation,/mnt/ubna_data_02_mir/recover-20220922/UBNA_001/20220921_090000.WAV,Telephone Field,recover-20220922,001,1795
1091.6555,1091.6649,22890,29339,Nyctalus leisleri,0.007,0.022,-1,Echolocation,/mnt/ubna_data_02_mir/recover-20220922/UBNA_001/20220921_090000.WAV,Telephone Field,recover-20220922,001,1795
1091.6705,1091.7121,68437,82735,Rhinolophus ferrumequinum,0.023,0.023,-1,Echolocation,/mnt/ubna_data_02_mir/recover-20220922/UBNA_001/20220921_090000.WAV,Telephone Field,recover-20220922,001,1795
1091.6995,1091.7382,68437,81627,Rhinolophus ferrumequinum,0.028,0.029,-1,Echolocation,/mnt/ubna_data_02_mir/recover-20220922/UBNA_001/20220921_090000.WAV,Telephone Field,recover-20220922,001,1795
1091.6995,1091.7114,22890,26839,Nyctalus leisleri,0.014,0.024,-1,Echolocation,/mnt/ubna_data_02_mir/recover-20220922/UBNA_001/20220921_090000.WAV,Telephone Field,recover-20220922,001,1795
1091.7255,1091.7383,40937,44759,Pipistrellus nathusii,0.022,0.044,-1,Echolocation,/mnt/ubna_data_02_mir/recover-20220922/UBNA_001/20220921_090000.WAV,Telephone Field,recover-20220922,001,1795
1091.7305,1091.7664,68437,81965,Rhinolophus ferrumequinum,0.024,0.024,-1,Echolocation,/mnt/ubna_data_02_mir/recover-20220922/UBNA_001/20220921_090000.WAV,Telephone Field,recover-20220922,001,1795
1091.7365,1091.7738,68437,82178,Rhinolophus ferrumequinum,0.022,0.022,-1,Echolocation,/mnt/ubna_data_02_mir/recover-20220922/UBNA_001/20220921_090000.WAV,Telephone Field,recover-20220922,001,1795
1091.7645,1091.8064,68437,82674,Rhinolophus ferrumequinum,0.024,0.024,-1,Echolocation,/mnt/ubna_data_02_mir/recover-20220922/UBNA_001/20220921_090000.WAV,Telephone Field,recover-20220922,001,1795
1091.7775,1091.8188,68437,82200,Rhinolophus ferrumequinum,0.021,0.022,-1,Echolocation,/mnt/ubna_data_02_mir/recover-20220922/UBNA_001/20220921_090000.WAV,Telephone Field,recover-20220922,001,1795
1091.7985,1091.8189,15156,19849,Nyctalus noctula,0.023,0.031,-1,Echolocation,/mnt/ubna_data_02_mir/recover-20220922/UBNA_001/20220921_090000.WAV,Telephone Field,recover-20220922,001,1795
1091.8335,1091.8434,22890,28315,Nyctalus leisleri,0.009,0.022,-1,Echolocation,/mnt/ubna_data_02_mir/recover-20220922/UBNA_001/20220921_090000.WAV,Telephone Field,recover-20220922,001,1795
1091.8895,1091.9264,68437,81534,Rhinolophus ferrumequinum,0.022,0.022,-1,Echolocation,/mnt/ubna_data_02_mir/recover-20220922/UBNA_001/20220921_090000.WAV,Telephone Field,recover-20220922,001,1795
1091.9235,1091.9652,68437,83183,Rhinolophus ferrumequinum,0.039,0.039,-1,Echolocation,/mnt/ubna_data_02_mir/recover-20220922/UBNA_001/20220921_090000.WAV,Telephone Field,recover-20220922,001,1795
1091.9405,1091.9793,68437,82125,Rhinolophus ferrumequinum,0.021,0.021,-1,Echolocation,/mnt/ubna_data_02_mir/recover-20220922/UBNA_001/20220921_090000.WAV,Telephone Field,recover-20220922,001,1795
1091.9495,1091.958,47812,52240,Pipistrellus pipistrellus,0.032,0.034,-1,Echolocation,/mnt/ubna_data_02_mir/recover-20220922/UBNA_001/20220921_090000.WAV,Telephone Field,recover-20220922,001,1795
1091.9835,1091.9935,22031,28037,Nyctalus leisleri,0.008,0.021,-1,Echolocation,/mnt/ubna_data_02_mir/recover-20220922/UBNA_001/20220921_090000.WAV,Telephone Field,recover-20220922,001,1795
1092.0015,1092.0362,68437,79828,Rhinolophus ferrumequinum,0.03,0.03,-1,Echolocation,/mnt/ubna_data_02_mir/recover-20220922/UBNA_001/20220921_090000.WAV,Telephone Field,recover-20220922,001,1795
1092.0015,1092.0109,26328,36064,Eptesicus serotinus,0.013,0.04,-1,Echolocation,/mnt/ubna_data_02_mir/recover-20220922/UBNA_001/20220921_090000.WAV,Telephone Field,recover-20220922,001,1795
1092.0085,1092.0559,68437,83019,Rhinolophus ferrumequinum,0.036,0.036,-1,Echolocation,/mnt/ubna_data_02_mir/recover-20220922/UBNA_001/20220921_090000.WAV,Telephone Field,recover-20220922,001,1795
1092.0095,1092.0152,25468,35984,Plecotus austriacus,0.01,0.029,-1,Echolocation,/mnt/ubna_data_02_mir/recover-20220922/UBNA_001/20220921_090000.WAV,Telephone Field,recover-20220922,001,1795
1092.0465,1092.089,68437,83227,Rhinolophus ferrumequinum,0.029,0.029,-1,Echolocation,/mnt/ubna_data_02_mir/recover-20220922/UBNA_001/20220921_090000.WAV,Telephone Field,recover-20220922,001,1795
1092.0795,1092.0894,23750,30154,Nyctalus leisleri,0.008,0.022,-1,Echolocation,/mnt/ubna_data_02_mir/recover-20220922/UBNA_001/20220921_090000.WAV,Telephone Field,recover-20220922,001,1795
1092.0855,1092.0934,23750,31139,Plecotus austriacus,0.009,0.021,-1,Echolocation,/mnt/ubna_data_02_mir/recover-20220922/UBNA_001/20220921_090000.WAV,Telephone Field,recover-20220922,001,1795
1092.0865,1092.1295,68437,83193,Rhinolophus ferrumequinum,0.028,0.028,-1,Echolocation,/mnt/ubna_data_02_mir/recover-20220922/UBNA_001/20220921_090000.WAV,Telephone Field,recover-20220922,001,1795
1092.0985,1092.142,68437,83180,Rhinolophus ferrumequinum,0.024,0.024,-1,Echolocation,/mnt/ubna_data_02_mir/recover-20220922/UBNA_001/20220921_090000.WAV,Telephone Field,recover-20220922,001,1795
1092.1195,1092.1295,22890,28825,Nyctalus leisleri,0.008,0.021,-1,Echolocation,/mnt/ubna_data_02_mir/recover-20220922/UBNA_001/20220921_090000.WAV,Telephone Field,recover-20220922,001,1795
1092.1585,1092.1934,68437,81068,Rhinolophus ferrumequinum,0.021,0.021,-1,Echolocation,/mnt/ubna_data_02_mir/recover-20220922/UBNA_001/20220921_090000.WAV,Telephone Field,recover-20220922,001,1795
1092.1915,1092.23,68437,82103,Rhinolophus ferrumequinum,0.021,0.021,-1,Echolocation,/mnt/ubna_data_02_mir/recover-20220922/UBNA_001/20220921_090000.WAV,Telephone Field,recover-20220922,001,1795
1092.1935,1092.2039,22890,28168,Nyctalus leisleri,0.01,0.022,-1,Echolocation,/mnt/ubna_data_02_mir/recover-20220922/UBNA_001/20220921_090000.WAV,Telephone Field,recover-20220922,001,1795
1092.2005,1092.2429,68437,83247,Rhinolophus ferrumequinum,0.03,0.03,-1,Echolocation,/mnt/ubna_data_02_mir/recover-20220922/UBNA_001/20220921_090000.WAV,Telephone Field,recover-20220922,001,1795
1092.2245,1092.2648,68437,82941,Rhinolophus ferrumequinum,0.022,0.022,-1,Echolocation,/mnt/ubna_data_02_mir/recover-20220922/UBNA_001/20220921_090000.WAV,Telephone Field,recover-20220922,001,1795
1092.2495,1092.2888,68437,81983,Rhinolophus ferrumequinum,0.023,0.023,-1,Echolocation,/mnt/ubna_data_02_mir/recover-20220922/UBNA_001/20220921_090000.WAV,Telephone Field,recover-20220922,001,1795
1092.2695,1092.3076,68437,81819,Rhinolophus ferrumequinum,0.021,0.021,-1,Echolocation,/mnt/ubna_data_02_mir/recover-20220922/UBNA_001/20220921_090000.WAV,Telephone Field,recover-20220922,001,1795
1092.3115,1092.3532,68437,82653,Rhinolophus ferrumequinum,0.026,0.026,-1,Echolocation,/mnt/ubna_data_02_mir/recover-20220922/UBNA_001/20220921_090000.WAV,Telephone Field,recover-20220922,001,1795
1092.3175,1092.3259,25468,33958,Eptesicus serotinus,0.008,0.021,-1,Echolocation,/mnt/ubna_data_02_mir/recover-20220922/UBNA_001/20220921_090000.WAV,Telephone Field,recover-20220922,001,1795
1092.3955,1092.4364,68437,82723,Rhinolophus ferrumequinum,0.021,0.021,-1,Echolocation,/mnt/ubna_data_02_mir/recover-20220922/UBNA_001/20220921_090000.WAV,Telephone Field,recover-20220922,001,1795
1092.4175,1092.4556,68437,81667,Rhinolophus ferrumequinum,0.021,0.021,-1,Echolocation,/mnt/ubna_data_02_mir/recover-20220922/UBNA_001/20220921_090000.WAV,Telephone Field,recover-20220922,001,1795
1092.4365,1092.4438,23750,33311,Plecotus austriacus,0.014,0.029,-1,Echolocation,/mnt/ubna_data_02_mir/recover-20220922/UBNA_001/20220921_090000.WAV,Telephone Field,recover-20220922,001,1795
1092.4605,1092.5026,68437,82668,Rhinolophus ferrumequinum,0.026,0.026,-1,Echolocation,/mnt/ubna_data_02_mir/recover-20220922/UBNA_001/20220921_090000.WAV,Telephone Field,recover-20220922,001,1795
1092.4635,1092.4733,22890,27741,Nyctalus leisleri,0.01,0.021,-1,Echolocation,/mnt/ubna_data_02_mir/recover-20220922/UBNA_001/20220921_090000.WAV,Telephone Field,recover-20220922,001,1795
1092.4745,1092.5155,68437,82485,Rhinolophus ferrumequinum,0.026,0.026,-1,Echolocation,/mnt/ubna_data_02_mir/recover-20220922/UBNA_001/20220921_090000.WAV,Telephone Field,recover-20220922,001,1795
1092.5145,1092.5253,22031,25976,Nyctalus leisleri,0.012,0.021,-1,Echolocation,/mnt/ubna_data_02_mir/recover-20220922/UBNA_001/20220921_090000.WAV,Telephone Field,recover-20220922,001,1795
1092.5295,1092.569,68437,81927,Rhinolophus ferrumequinum,0.023,0.023,-1,Echolocation,/mnt/ubna_data_02_mir/recover-20220922/UBNA_001/20220921_090000.WAV,Telephone Field,recover-20220922,001,1795
1092.5475,1092.5865,68437,82702,Rhinolophus ferrumequinum,0.026,0.026,-1,Echolocation,/mnt/ubna_data_02_mir/recover-20220922/UBNA_001/20220921_090000.WAV,Telephone Field,recover-20220922,001,1795
1092.6195,1092.6568,68437,81621,Rhinolophus ferrumequinum,0.026,0.026,-1,Echolocation,/mnt/ubna_data_02_mir/recover-20220922/UBNA_001/20220921_090000.WAV,Telephone Field,recover-20220922,001,1795
1092.6485,1092.6861,68437,81908,Rhinolophus ferrumequinum,0.021,0.021,-1,Echolocation,/mnt/ubna_data_02_mir/recover-20220922/UBNA_001/20220921_090000.WAV,Telephone Field,recover-20220922,001,1795
1092.6555,1092.6758,19453,22188,Nyctalus leisleri,0.017,0.035,-1,Echolocation,/mnt/ubna_data_02_mir/recover-20220922/UBNA_001/20220921_090000.WAV,Telephone Field,recover-20220922,001,1795
1092.7105,1092.7466,68437,81212,Rhinolophus ferrumequinum,0.023,0.023,-1,Echolocation,/mnt/ubna_data_02_mir/recover-20220922/UBNA_001/20220921_090000.WAV,Telephone Field,recover-20220922,001,1795
1092.7395,1092.7753,68437,81585,Rhinolophus ferrumequinum,0.023,0.023,-1,Echolocation,/mnt/ubna_data_02_mir/recover-20220922/UBNA_001/20220921_090000.WAV,Telephone Field,recover-20220922,001,1795
1092.7895,1092.834,68437,83269,Rhinolophus ferrumequinum,0.031,0.031,-1,Echolocation,/mnt/ubna_data_02_mir/recover-20220922/UBNA_001/20220921_090000.WAV,Telephone Field,recover-20220922,001,1795
1092.7975,1092.8083,24609,31072,Nyctalus leisleri,0.014,0.033,-1,Echolocation,/mnt/ubna_data_02_mir/recover-20220922/UBNA_001/20220921_090000.WAV,Telephone Field,recover-20220922,001,1795
1092.8355,1092.8745,68437,82242,Rhinolophus ferrumequinum,0.023,0.023,-1,Echolocation,/mnt/ubna_data_02_mir/recover-20220922/UBNA_001/20220921_090000.WAV,Telephone Field,recover-20220922,001,1795
1092.8835,1092.8901,27187,38310,Eptesicus serotinus,0.009,0.034,-1,Echolocation,/mnt/ubna_data_02_mir/recover-20220922/UBNA_001/20220921_090000.WAV,Telephone Field,recover-20220922,001,1795
1092.8915,1092.8999,28906,37434,Eptesicus serotinus,0.007,0.022,-1,Echolocation,/mnt/ubna_data_02_mir/recover-20220922/UBNA_001/20220921_090000.WAV,Telephone Field,recover-20220922,001,1795
1092.8985,1092.91,27187,33594,Eptesicus serotinus,0.011,0.023,-1,Echolocation,/mnt/ubna_data_02_mir/recover-20220922/UBNA_001/20220921_090000.WAV,Telephone Field,recover-20220922,001,1795
1092.9825,1093.0222,68437,82049,Rhinolophus ferrumequinum,0.022,0.022,-1,Echolocation,/mnt/ubna_data_02_mir/recover-20220922/UBNA_001/20220921_090000.WAV,Telephone Field,recover-20220922,001,1795
1093.0095,1093.0207,23750,29742,Nyctalus leisleri,0.011,0.024,-1,Echolocation,/mnt/ubna_data_02_mir/recover-20220922/UBNA_001/20220921_090000.WAV,Telephone Field,recover-20220922,001,1795
1093.0135,1093.0509,68437,81685,Rhinolophus ferrumequinum,0.021,0.021,-1,Echolocation,/mnt/ubna_data_02_mir/recover-20220922/UBNA_001/20220921_090000.WAV,Telephone Field,recover-20220922,001,1795
1093.0335,1093.0417,27187,35931,Eptesicus serotinus,0.009,0.024,-1,Echolocation,/mnt/ubna_data_02_mir/recover-20220922/UBNA_001/20220921_090000.WAV,Telephone Field,recover-20220922,001,1795
1093.0495,1093.0896,68437,82405,Rhinolophus ferrumequinum,0.025,0.025,-1,Echolocation,/mnt/ubna_data_02_mir/recover-20220922/UBNA_001/20220921_090000.WAV,Telephone Field,recover-20220922,001,1795
1093.0915,1093.1303,68437,82051,Rhinolophus ferrumequinum,0.025,0.026,-1,Echolocation,/mnt/ubna_data_02_mir/recover-20220922/UBNA_001/20220921_090000.WAV,Telephone Field,recover-20220922,001,1795
1093.1125,1093.1217,28906,36675,Eptesicus serotinus,0.008,0.022,-1,Echolocation,/mnt/ubna_data_02_mir/recover-20220922/UBNA_001/20220921_090000.WAV,Telephone Field,recover-20220922,001,1795
1093.1165,1093.1547,68437,81718,Rhinolophus ferrumequinum,0.023,0.023,-1,Echolocation,/mnt/ubna_data_02_mir/recover-20220922/UBNA_001/20220921_090000.WAV,Telephone Field,recover-20220922,001,1795
1093.1235,1093.1607,68437,82111,Rhinolophus ferrumequinum,0.023,0.024,-1,Echolocation,/mnt/ubna_data_02_mir/recover-20220922/UBNA_001/20220921_090000.WAV,Telephone Field,recover-20220922,001,1795
1093.1905,1093.2307,68437,82432,Rhinolophus ferrumequinum,0.021,0.021,-1,Echolocation,/mnt/ubna_data_02_mir/recover-20220922/UBNA_001/20220921_090000.WAV,Telephone Field,recover-20220922,001,1795
1093.1925,1093.2032,28906,35662,Eptesicus serotinus,0.009,0.022,-1,Echolocation,/mnt/ubna_data_02_mir/recover-20220922/UBNA_001/20220921_090000.WAV,Telephone Field,recover-20220922,001,1795
1093.2035,1093.2119,28906,37023,Eptesicus serotinus,0.007,0.021,-1,Echolocation,/mnt/ubna_data_02_mir/recover-20220922/UBNA_001/20220921_090000.WAV,Telephone Field,recover-20220922,001,1795
1093.2285,1093.2701,68437,82869,Rhinolophus ferrumequinum,0.021,0.021,-1,Echolocation,/mnt/ubna_data_02_mir/recover-20220922/UBNA_001/20220921_090000.WAV,Telephone Field,recover-20220922,001,1795
1093.2575,1093.2944,68437,81622,Rhinolophus ferrumequinum,0.021,0.021,-1,Echolocation,/mnt/ubna_data_02_mir/recover-20220922/UBNA_001/20220921_090000.WAV,Telephone Field,recover-20220922,001,1795
1093.3005,1093.3375,68437,81767,Rhinolophus ferrumequinum,0.026,0.026,-1,Echolocation,/mnt/ubna_data_02_mir/recover-20220922/UBNA_001/20220921_090000.WAV,Telephone Field,recover-20220922,001,1795
1093.3325,1093.3698,68437,82042,Rhinolophus ferrumequinum,0.027,0.027,-1,Echolocation,/mnt/ubna_data_02_mir/recover-20220922/UBNA_001/20220921_090000.WAV,Telephone Field,recover-20220922,001,1795
1093.4125,1093.452,68437,82264,Rhinolophus ferrumequinum,0.025,0.025,-1,Echolocation,/mnt/ubna_data_02_mir/recover-20220922/UBNA_001/20220921_090000.WAV,Telephone Field,recover-20220922,001,1795
1093.4605,1093.4678,23750,32518,Plecotus austriacus,0.012,0.025,-1,Echolocation,/mnt/ubna_data_02_mir/recover-20220922/UBNA_001/20220921_090000.WAV,Telephone Field,recover-20220922,001,1795
1093.4665,1093.5064,68437,82694,Rhinolophus ferrumequinum,0.023,0.023,-1,Echolocation,/mnt/ubna_data_02_mir/recover-20220922/UBNA_001/20220921_090000.WAV,Telephone Field,recover-20220922,001,1795
1093.5005,1093.5375,68437,82087,Rhinolophus ferrumequinum,0.022,0.022,-1,Echolocation,/mnt/ubna_data_02_mir/recover-20220922/UBNA_001/20220921_090000.WAV,Telephone Field,recover-20220922,001,1795
1093.5795,1093.5886,28906,37206,Eptesicus serotinus,0.01,0.024,-1,Echolocation,/mnt/ubna_data_02_mir/recover-20220922/UBNA_001/20220921_090000.WAV,Telephone Field,recover-20220922,001,1795
1093.6305,1093.6382,23750,31128,Plecotus austriacus,0.009,0.022,-1,Echolocation,/mnt/ubna_data_02_mir/recover-20220922/UBNA_001/20220921_090000.WAV,Telephone Field,recover-20220922,001,1795
1093.6375,1093.6788,68437,82798,Rhinolophus ferrumequinum,0.024,0.024,-1,Echolocation,/mnt/ubna_data_02_mir/recover-20220922/UBNA_001/20220921_090000.WAV,Telephone Field,recover-20220922,001,1795
1093.7165,1093.7254,22890,29871,Plecotus austriacus,0.009,0.023,-1,Echolocation,/mnt/ubna_data_02_mir/recover-20220922/UBNA_001/20220921_090000.WAV,Telephone Field,recover-20220922,001,1795
1093.7315,1093.7497,21171,24218,Nyctalus leisleri,0.016,0.024,-1,Echolocation,/mnt/ubna_data_02_mir/recover-20220922/UBNA_001/20220921_090000.WAV,Telephone Field,recover-20220922,001,1795
1093.7385,1093.7703,68437,80144,Rhinolophus ferrumequinum,0.022,0.023,-1,Echolocation,/mnt/ubna_data_02_mir/recover-20220922/UBNA_001/20220921_090000.WAV,Telephone Field,recover-20220922,001,1795
1093.7455,1093.7798,68437,80849,Rhinolophus ferrumequinum,0.023,0.023,-1,Echolocation,/mnt/ubna_data_02_mir/recover-20220922/UBNA_001/20220921_090000.WAV,Telephone Field,recover-20220922,001,1795
1093.7775,1093.8157,68437,82156,Rhinolophus ferrumequinum,0.022,0.022,-1,Echolocation,/mnt/ubna_data_02_mir/recover-20220922/UBNA_001/20220921_090000.WAV,Telephone Field,recover-20220922,001,1795
1093.7975,1093.8075,28046,36460,Eptesicus serotinus,0.011,0.024,-1,Echolocation,/mnt/ubna_data_02_mir/recover-20220922/UBNA_001/20220921_090000.WAV,Telephone Field,recover-20220922,001,1795
1093.8485,1093.8909,68437,83444,Rhinolophus ferrumequinum,0.027,0.027,-1,Echolocation,/mnt/ubna_data_02_mir/recover-20220922/UBNA_001/20220921_090000.WAV,Telephone Field,recover-20220922,001,1795
1093.9795,1093.9925,24609,30560,Nyctalus leisleri,0.02,0.044,-1,Echolocation,/mnt/ubna_data_02_mir/recover-20220922/UBNA_001/20220921_090000.WAV,Telephone Field,recover-20220922,001,1795
1094.0015,1094.0107,26328,32513,Nyctalus leisleri,0.027,0.062,-1,Echolocation,/mnt/ubna_data_02_mir/recover-20220922/UBNA_001/20220921_090000.WAV,Telephone Field,recover-20220922,001,1795
1094.0015,1094.0084,47812,53176,Pipistrellus pipistrellus,0.019,0.023,-1,Echolocation,/mnt/ubna_data_02_mir/recover-20220922/UBNA_001/20220921_090000.WAV,Telephone Field,recover-20220922,001,1795
1094.0015,1094.0315,68437,79785,Rhinolophus ferrumequinum,0.032,0.032,-1,Echolocation,/mnt/ubna_data_02_mir/recover-20220922/UBNA_001/20220921_090000.WAV,Telephone Field,recover-20220922,001,1795
1094.0245,1094.0329,27187,38199,Eptesicus serotinus,0.008,0.023,-1,Echolocation,/mnt/ubna_data_02_mir/recover-20220922/UBNA_001/20220921_090000.WAV,Telephone Field,recover-20220922,001,1795
1094.0625,1094.0975,68437,81160,Rhinolophus ferrumequinum,0.02,0.02,-1,Echolocation,/mnt/ubna_data_02_mir/recover-20220922/UBNA_001/20220921_090000.WAV,Telephone Field,recover-20220922,001,1795
1094.0705,1094.0817,27187,34854,Eptesicus serotinus,0.019,0.035,-1,Echolocation,/mnt/ubna_data_02_mir/recover-20220922/UBNA_001/20220921_090000.WAV,Telephone Field,recover-20220922,001,1795
1094.0905,1094.0984,27187,43159,Eptesicus serotinus,0.008,0.021,-1,Echolocation,/mnt/ubna_data_02_mir/recover-20220922/UBNA_001/20220921_090000.WAV,Telephone Field,recover-20220922,001,1795
1094.1125,1094.1281,22031,25372,Nyctalus leisleri,0.014,0.022,-1,Echolocation,/mnt/ubna_data_02_mir/recover-20220922/UBNA_001/20220921_090000.WAV,Telephone Field,recover-20220922,001,1795
1094.1145,1094.158,68437,83277,Rhinolophus ferrumequinum,0.042,0.042,-1,Echolocation,/mnt/ubna_data_02_mir/recover-20220922/UBNA_001/20220921_090000.WAV,Telephone Field,recover-20220922,001,1795
1094.1325,1094.173,68437,82789,Rhinolophus ferrumequinum,0.021,0.021,-1,Echolocation,/mnt/ubna_data_02_mir/recover-20220922/UBNA_001/20220921_090000.WAV,Telephone Field,recover-20220922,001,1795
1094.1605,1094.1995,68437,81657,Rhinolophus ferrumequinum,0.021,0.021,-1,Echolocation,/mnt/ubna_data_02_mir/recover-20220922/UBNA_001/20220921_090000.WAV,Telephone Field,recover-20220922,001,1795
1094.1805,1094.188,28046,39884,Eptesicus serotinus,0.007,0.025,-1,Echolocation,/mnt/ubna_data_02_mir/recover-20220922/UBNA_001/20220921_090000.WAV,Telephone Field,recover-20220922,001,1795
1094.2315,1094.2701,68437,82066,Rhinolophus ferrumequinum,0.02,0.02,-1,Echolocation,/mnt/ubna_data_02_mir/recover-20220922/UBNA_001/20220921_090000.WAV,Telephone Field,recover-20220922,001,1795
1094.2465,1094.2857,68437,82491,Rhinolophus ferrumequinum,0.022,0.022,-1,Echolocation,/mnt/ubna_data_02_mir/recover-20220922/UBNA_001/20220921_090000.WAV,Telephone Field,recover-20220922,001,1795
1094.2555,1094.2946,68437,82137,Rhinolophus ferrumequinum,0.023,0.023,-1,Echolocation,/mnt/ubna_data_02_mir/recover-20220922/UBNA_001/20220921_090000.WAV,Telephone Field,recover-20220922,001,1795
1094.2655,1094.3044,68437,81901,Rhinolophus ferrumequinum,0.022,0.022,-1,Echolocation,/mnt/ubna_data_02_mir/recover-20220922/UBNA_001/20220921_090000.WAV,Telephone Field,recover-20220922,001,1795
1094.2735,1094.2809,26328,40556,Eptesicus serotinus,0.009,0.027,-1,Echolocation,/mnt/ubna_data_02_mir/recover-20220922/UBNA_001/20220921_090000.WAV,Telephone Field,recover-20220922,001,1795
1094.3035,1094.3425,68437,81741,Rhinolophus ferrumequinum,0.021,0.021,-1,Echolocation,/mnt/ubna_data_02_mir/recover-20220922/UBNA_001/20220921_090000.WAV,Telephone Field,recover-20220922,001,1795
1094.3105,1094.3468,68437,81837,Rhinolophus ferrumequinum,0.021,0.021,-1,Echolocation,/mnt/ubna_data_02_mir/recover-20220922/UBNA_001/20220921_090000.WAV,Telephone Field,recover-20220922,001,1795
1094.3165,1094.327,22890,27868,Nyctalus leisleri,0.01,0.02,-1,Echolocation,/mnt/ubna_data_02_mir/recover-20220922/UBNA_001/20220921_090000.WAV,Telephone Field,recover-20220922,001,1795
1094.3495,1094.36,22890,27362,Nyctalus leisleri,0.011,0.021,-1,Echolocation,/mnt/ubna_data_02_mir/recover-20220922/UBNA_001/20220921_090000.WAV,Telephone Field,recover-20220922,001,1795
1094.3505,1094.3911,68437,82625,Rhinolophus ferrumequinum,0.021,0.021,-1,Echolocation,/mnt/ubna_data_02_mir/recover-20220922/UBNA_001/20220921_090000.WAV,Telephone Field,recover-20220922,001,1795
1094.3955,1094.4045,28046,38646,Eptesicus serotinus,0.008,0.021,-1,Echolocation,/mnt/ubna_data_02_mir/recover-20220922/UBNA_001/20220921_090000.WAV,Telephone Field,recover-20220922,001,1795
1094.4075,1094.4459,68437,82517,Rhinolophus ferrumequinum,0.02,0.02,-1,Echolocation,/mnt/ubna_data_02_mir/recover-20220922/UBNA_001/20220921_090000.WAV,Telephone Field,recover-20220922,001,1795
1094.4095,1094.4184,28046,36240,Eptesicus serotinus,0.007,0.021,-1,Echolocation,/mnt/ubna_data_02_mir/recover-20220922/UBNA_001/20220921_090000.WAV,Telephone Field,recover-20220922,001,1795
1094.4435,1094.4511,27187,38951,Eptesicus serotinus,0.007,0.022,-1,Echolocation,/mnt/ubna_data_02_mir/recover-20220922/UBNA_001/20220921_090000.WAV,Telephone Field,recover-20220922,001,1795
1094.4465,1094.4849,68437,82431,Rhinolophus ferrumequinum,0.023,0.023,-1,Echolocation,/mnt/ubna_data_02_mir/recover-20220922/UBNA_001/20220921_090000.WAV,Telephone Field,recover-20220922,001,1795
1094.4825,1094.4908,26328,34233,Eptesicus serotinus,0.01,0.026,-1,Echolocation,/mnt/ubna_data_02_mir/recover-20220922/UBNA_001/20220921_090000.WAV,Telephone Field,recover-20220922,001,1795
1094.4825,1094.5166,68437,80428,Rhinolophus ferrumequinum,0.022,0.022,-1,Echolocation,/mnt/ubna_data_02_mir/recover-20220922/UBNA_001/20220921_090000.WAV,Telephone Field,recover-20220922,001,1795
1094.4975,1094.5363,68437,82095,Rhinolophus ferrumequinum,0.021,0.021,-1,Echolocation,/mnt/ubna_data_02_mir/recover-20220922/UBNA_001/20220921_090000.WAV,Telephone Field,recover-20220922,001,1795
1094.4985,1094.5068,28046,39312,Eptesicus serotinus,0.009,0.024,-1,Echolocation,/mnt/ubna_data_02_mir/recover-20220922/UBNA_001/20220921_090000.WAV,Telephone Field,recover-20220922,001,1795
1094.5075,1094.5457,68437,82172,Rhinolophus ferrumequinum,0.022,0.022,-1,Echolocation,/mnt/ubna_data_02_mir/recover-20220922/UBNA_001/20220921_090000.WAV,Telephone Field,recover-20220922,001,1795
1094.5205,1094.5281,27187,37175,Eptesicus serotinus,0.007,0.023,-1,Echolocation,/mnt/ubna_data_02_mir/recover-20220922/UBNA_001/20220921_090000.WAV,Telephone Field,recover-20220922,001,1795
1094.5255,1094.5637,68437,82369,Rhinolophus ferrumequinum,0.024,0.024,-1,Echolocation,/mnt/ubna_data_02_mir/recover-20220922/UBNA_001/20220921_090000.WAV,Telephone Field,recover-20220922,001,1795
1094.5525,1094.5922,68437,82571,Rhinolophus ferrumequinum,0.022,0.022,-1,Echolocation,/mnt/ubna_data_02_mir/recover-20220922/UBNA_001/20220921_090000.WAV,Telephone Field,recover-20220922,001,1795
1094.5665,1094.5754,25468,35539,Eptesicus serotinus,0.008,0.024,-1,Echolocation,/mnt/ubna_data_02_mir/recover-20220922/UBNA_001/20220921_090000.WAV,Telephone Field,recover-20220922,001,1795
1094.5835,1094.6231,68437,82069,Rhinolophus ferrumequinum,0.021,0.021,-1,Echolocation,/mnt/ubna_data_02_mir/recover-20220922/UBNA_001/20220921_090000.WAV,Telephone Field,recover-20220922,001,1795
1094.5935,1094.6351,68437,82861,Rhinolophus ferrumequinum,0.026,0.026,-1,Echolocation,/mnt/ubna_data_02_mir/recover-20220922/UBNA_001/20220921_090000.WAV,Telephone Field,recover-20220922,001,1795
1094.6485,1094.6571,27187,37385,Eptesicus serotinus,0.008,0.023,-1,Echolocation,/mnt/ubna_data_02_mir/recover-20220922/UBNA_001/20220921_090000.WAV,Telephone Field,recover-20220922,001,1795
1094.6635,1094.6992,68437,81714,Rhinolophus ferrumequinum,0.021,0.021,-1,Echolocation,/mnt/ubna_data_02_mir/recover-20220922/UBNA_001/20220921_090000.WAV,Telephone Field,recover-20220922,001,1795
1094.6665,1094.6741,27187,38092,Eptesicus serotinus,0.006,0.021,-1,Echolocation,/mnt/ubna_data_02_mir/recover-20220922/UBNA_001/20220921_090000.WAV,Telephone Field,recover-20220922,001,1795
1094.6715,1094.7094,68437,82172,Rhinolophus ferrumequinum,0.02,0.021,-1,Echolocation,/mnt/ubna_data_02_mir/recover-20220922/UBNA_001/20220921_090000.WAV,Telephone Field,recover-20220922,001,1795
1094.6795,1094.6864,28046,38758,Eptesicus serotinus,0.006,0.022,-1,Echolocation,/mnt/ubna_data_02_mir/recover-20220922/UBNA_001/20220921_090000.WAV,Telephone Field,recover-20220922,001,1795
1094.7325,1094.7737,68437,82634,Rhinolophus ferrumequinum,0.025,0.025,-1,Echolocation,/mnt/ubna_data_02_mir/recover-20220922/UBNA_001/20220921_090000.WAV,Telephone Field,recover-20220922,001,1795
1094.7685,1094.8085,68437,82870,Rhinolophus ferrumequinum,0.021,0.021,-1,Echolocation,/mnt/ubna_data_02_mir/recover-20220922/UBNA_001/20220921_090000.WAV,Telephone Field,recover-20220922,001,1795
1094.8285,1094.8714,68437,82823,Rhinolophus ferrumequinum,0.037,0.037,-1,Echolocation,/mnt/ubna_data_02_mir/recover-20220922/UBNA_001/20220921_090000.WAV,Telephone Field,recover-20220922,001,1795
1094.8455,1094.8613,44375,46885,Pipistrellus pipistrellus,0.033,0.038,-1,Echolocation,/mnt/ubna_data_02_mir/recover-20220922/UBNA_001/20220921_090000.WAV,Telephone Field,recover-20220922,001,1795
1094.8675,1094.8757,28046,38994,Eptesicus serotinus,0.01,0.028,-1,Echolocation,/mnt/ubna_data_02_mir/recover-20220922/UBNA_001/20220921_090000.WAV,Telephone Field,recover-20220922,001,1795
1094.8755,1094.915,68437,82105,Rhinolophus ferrumequinum,0.021,0.021,-1,Echolocation,/mnt/ubna_data_02_mir/recover-20220922/UBNA_001/20220921_090000.WAV,Telephone Field,recover-20220922,001,1795
1094.8855,1094.9263,68437,83345,Rhinolophus ferrumequinum,0.026,0.026,-1,Echolocation,/mnt/ubna_data_02_mir/recover-20220922/UBNA_001/20220921_090000.WAV,Telephone Field,recover-20220922,001,1795
1094.8985,1094.9403,68437,83257,Rhinolophus ferrumequinum,0.027,0.027,-1,Echolocation,/mnt/ubna_data_02_mir/recover-20220922/UBNA_001/20220921_090000.WAV,Telephone Field,recover-20220922,001,1795
1094.9085,1094.9186,44375,48825,Pipistrellus pipistrellus,0.025,0.028,-1,Echolocation,/mnt/ubna_data_02_mir/recover-20220922/UBNA_001/20220921_090000.WAV,Telephone Field,recover-20220922,001,1795
1094.9085,1094.9157,28046,38692,Eptesicus serotinus,0.008,0.024,-1,Echolocation,/mnt/ubna_data_02_mir/recover-20220922/UBNA_001/20220921_090000.WAV,Telephone Field,recover-20220922,001,1795
1094.9345,1094.9709,68437,81800,Rhinolophus ferrumequinum,0.028,0.028,-1,Echolocation,/mnt/ubna_data_02_mir/recover-20220922/UBNA_001/20220921_090000.WAV,Telephone Field,recover-20220922,001,1795
1094.9455,1094.9859,68437,82247,Rhinolophus ferrumequinum,0.023,0.023,-1,Echolocation,/mnt/ubna_data_02_mir/recover-20220922/UBNA_001/20220921_090000.WAV,Telephone Field,recover-20220922,001,1795
1094.9555,1094.9651,28046,36619,Eptesicus serotinus,0.017,0.031,-1,Echolocation,/mnt/ubna_data_02_mir/recover-20220922/UBNA_001/20220921_090000.WAV,Telephone Field,recover-20220922,001,1795
1095.0025,1095.0416,68437,82341,Rhinolophus ferrumequinum,0.021,0.021,-1,Echolocation,/mnt/ubna_data_02_mir/recover-20220922/UBNA_001/20220921_090000.WAV,Telephone Field,recover-20220922,001,1795
1095.0035,1095.0145,23750,30965,Nyctalus leisleri,0.009,0.025,-1,Echolocation,/mnt/ubna_data_02_mir/recover-20220922/UBNA_001/20220921_090000.WAV,Telephone Field,recover-20220922,001,1795
1095.0275,1095.0665,68437,82513,Rhinolophus ferrumequinum,0.024,0.024,-1,Echolocation,/mnt/ubna_data_02_mir/recover-20220922/UBNA_001/20220921_090000.WAV,Telephone Field,recover-20220922,001,1795
1095.0635,1095.1027,68437,82706,Rhinolophus ferrumequinum,0.024,0.024,-1,Echolocation,/mnt/ubna_data_02_mir/recover-20220922/UBNA_001/20220921_090000.WAV,Telephone Field,recover-20220922,001,1795
1095.1475,1095.1907,68437,83484,Rhinolophus ferrumequinum,0.032,0.032,-1,Echolocation,/mnt/ubna_data_02_mir/recover-20220922/UBNA_001/20220921_090000.WAV,Telephone Field,recover-20220922,001,1795
1095.1535,1095.1624,28046,37246,Eptesicus serotinus,0.008,0.021,-1,Echolocation,/mnt/ubna_data_02_mir/recover-20220922/UBNA_001/20220921_090000.WAV,Telephone Field,recover-20220922,001,1795
1095.1875,1095.2255,68437,81256,Rhinolophus ferrumequinum,0.02,0.02,-1,Echolocation,/mnt/ubna_data_02_mir/recover-20220922/UBNA_001/20220921_090000.WAV,Telephone Field,recover-20220922,001,1795
1095.1935,1095.2295,68437,81230,Rhinolophus ferrumequinum,0.021,0.021,-1,Echolocation,/mnt/ubna_data_02_mir/recover-20220922/UBNA_001/20220921_090000.WAV,Telephone Field,recover-20220922,001,1795
1095.1935,1095.2041,27187,35548,Eptesicus serotinus,0.009,0.021,-1,Echolocation,/mnt/ubna_data_02_mir/recover-20220922/UBNA_001/20220921_090000.WAV,Telephone Field,recover-20220922,001,1795
1095.2165,1095.2239,28046,39069,Eptesicus serotinus,0.006,0.021,-1,Echolocation,/mnt/ubna_data_02_mir/recover-20220922/UBNA_001/20220921_090000.WAV,Telephone Field,recover-20220922,001,1795
1095.2175,1095.2297,22031,26363,Nyctalus leisleri,0.015,0.024,-1,Echolocation,/mnt/ubna_data_02_mir/recover-20220922/UBNA_001/20220921_090000.WAV,Telephone Field,recover-20220922,001,1795
1095.2465,1095.2866,68437,82096,Rhinolophus ferrumequinum,0.024,0.024,-1,Echolocation,/mnt/ubna_data_02_mir/recover-20220922/UBNA_001/20220921_090000.WAV,Telephone Field,recover-20220922,001,1795
1095.2815,1095.2903,28046,36477,Eptesicus serotinus,0.008,0.022,-1,Echolocation,/mnt/ubna_data_02_mir/recover-20220922/UBNA_001/20220921_090000.WAV,Telephone Field,recover-20220922,001,1795
1095.2825,1095.2911,23750,31455,Plecotus austriacus,0.006,0.023,-1,Echolocation,/mnt/ubna_data_02_mir/recover-20220922/UBNA_001/20220921_090000.WAV,Telephone Field,recover-20220922,001,1795
1095.2825,1095.3221,68437,82394,Rhinolophus ferrumequinum,0.026,0.026,-1,Echolocation,/mnt/ubna_data_02_mir/recover-20220922/UBNA_001/20220921_090000.WAV,Telephone Field,recover-20220922,001,1795
1095.3115,1095.3515,68437,82248,Rhinolophus ferrumequinum,0.024,0.024,-1,Echolocation,/mnt/ubna_data_02_mir/recover-20220922/UBNA_001/20220921_090000.WAV,Telephone Field,recover-20220922,001,1795
1095.3335,1095.3415,28046,38090,Eptesicus serotinus,0.007,0.022,-1,Echolocation,/mnt/ubna_data_02_mir/recover-20220922/UBNA_001/20220921_090000.WAV,Telephone Field,recover-20220922,001,1795
1095.3495,1095.3867,68437,81879,Rhinolophus ferrumequinum,0.021,0.021,-1,Echolocation,/mnt/ubna_data_02_mir/recover-20220922/UBNA_001/20220921_090000.WAV,Telephone Field,recover-20220922,001,1795
1095.3675,1095.3755,23750,31694,Plecotus austriacus,0.008,0.02,-1,Echolocation,/mnt/ubna_data_02_mir/recover-20220922/UBNA_001/20220921_090000.WAV,Telephone Field,recover-20220922,001,1795
1095.4075,1095.4457,68437,82303,Rhinolophus ferrumequinum,0.023,0.023,-1,Echolocation,/mnt/ubna_data_02_mir/recover-20220922/UBNA_001/20220921_090000.WAV,Telephone Field,recover-20220922,001,1795
1095.4095,1095.4173,26328,38257,Eptesicus serotinus,0.006,0.021,-1,Echolocation,/mnt/ubna_data_02_mir/recover-20220922/UBNA_001/20220921_090000.WAV,Telephone Field,recover-20220922,001,1795
1095.4355,1095.4724,68437,81708,Rhinolophus ferrumequinum,0.025,0.025,-1,Echolocation,/mnt/ubna_data_02_mir/recover-20220922/UBNA_001/20220921_090000.WAV,Telephone Field,recover-20220922,001,1795
1095.4655,1095.4766,49531,55522,Pipistrellus pipistrellus,0.026,0.03,-1,Echolocation,/mnt/ubna_data_02_mir/recover-20220922/UBNA_001/20220921_090000.WAV,Telephone Field,recover-20220922,001,1795
1095.4815,1095.5211,68437,82613,Rhinolophus ferrumequinum,0.023,0.023,-1,Echolocation,/mnt/ubna_data_02_mir/recover-20220922/UBNA_001/20220921_090000.WAV,Telephone Field,recover-20220922,001,1795
1095.4835,1095.4912,29765,44147,Myotis daubentonii,0.009,0.021,-1,Echolocation,/mnt/ubna_data_02_mir/recover-20220922/UBNA_001/20220921_090000.WAV,Telephone Field,recover-20220922,001,1795
1095.4915,1095.5017,28046,35381,Eptesicus serotinus,0.008,0.021,-1,Echolocation,/mnt/ubna_data_02_mir/recover-20220922/UBNA_001/20220921_090000.WAV,Telephone Field,recover-20220922,001,1795
1095.5345,1095.5435,25468,32938,Eptesicus serotinus,0.006,0.02,-1,Echolocation,/mnt/ubna_data_02_mir/recover-20220922/UBNA_001/20220921_090000.WAV,Telephone Field,recover-20220922,001,1795
1095.5425,1095.5515,28046,38644,Eptesicus serotinus,0.007,0.02,-1,Echolocation,/mnt/ubna_data_02_mir/recover-20220922/UBNA_001/20220921_090000.WAV,Telephone Field,recover-20220922,001,1795
1095.5645,1095.5753,25468,31973,Eptesicus serotinus,0.013,0.03,-1,Echolocation,/mnt/ubna_data_02_mir/recover-20220922/UBNA_001/20220921_090000.WAV,Telephone Field,recover-20220922,001,1795
1095.5675,1095.6077,68437,82887,Rhinolophus ferrumequinum,0.021,0.021,-1,Echolocation,/mnt/ubna_data_02_mir/recover-20220922/UBNA_001/20220921_090000.WAV,Telephone Field,recover-20220922,001,1795
1095.6015,1095.6088,49531,55427,Pipistrellus pipistrellus,0.021,0.023,-1,Echolocation,/mnt/ubna_data_02_mir/recover-20220922/UBNA_001/20220921_090000.WAV,Telephone Field,recover-20220922,001,1795
1095.6415,1095.6501,26328,35705,Eptesicus serotinus,0.007,0.021,-1,Echolocation,/mnt/ubna_data_02_mir/recover-20220922/UBNA_001/20220921_090000.WAV,Telephone Field,recover-20220922,001,1795
1095.6465,1095.6553,25468,33391,Eptesicus serotinus,0.007,0.021,-1,Echolocation,/mnt/ubna_data_02_mir/recover-20220922/UBNA_001/20220921_090000.WAV,Telephone Field,recover-20220922,001,1795
1095.6665,1095.7048,68437,80947,Rhinolophus ferrumequinum,0.03,0.03,-1,Echolocation,/mnt/ubna_data_02_mir/recover-20220922/UBNA_001/20220921_090000.WAV,Telephone Field,recover-20220922,001,1795
1095.6785,1095.6876,28046,36283,Eptesicus serotinus,0.007,0.02,-1,Echolocation,/mnt/ubna_data_02_mir/recover-20220922/UBNA_001/20220921_090000.WAV,Telephone Field,recover-20220922,001,1795
1095.6805,1095.7215,68437,82550,Rhinolophus ferrumequinum,0.022,0.023,-1,Echolocation,/mnt/ubna_data_02_mir/recover-20220922/UBNA_001/20220921_090000.WAV,Telephone Field,recover-20220922,001,1795
1095.7075,1095.7459,68437,81726,Rhinolophus ferrumequinum,0.02,0.02,-1,Echolocation,/mnt/ubna_data_02_mir/recover-20220922/UBNA_001/20220921_090000.WAV,Telephone Field,recover-20220922,001,1795
1095.7145,1095.7523,68437,82339,Rhinolophus ferrumequinum,0.02,0.02,-1,Echolocation,/mnt/ubna_data_02_mir/recover-20220922/UBNA_001/20220921_090000.WAV,Telephone Field,recover-20220922,001,1795
1095.7185,1095.729,47812,51164,Pipistrellus pipistrellus,0.032,0.034,-1,Echolocation,/mnt/ubna_data_02_mir/recover-20220922/UBNA_001/20220921_090000.WAV,Telephone Field,recover-20220922,001,1795
1095.7485,1095.7577,28906,39278,Eptesicus serotinus,0.009,0.026,-1,Echolocation,/mnt/ubna_data_02_mir/recover-20220922/UBNA_001/20220921_090000.WAV,Telephone Field,recover-20220922,001,1795
1095.7495,1095.7895,68437,82711,Rhinolophus ferrumequinum,0.027,0.027,-1,Echolocation,/mnt/ubna_data_02_mir/recover-20220922/UBNA_001/20220921_090000.WAV,Telephone Field,recover-20220922,001,1795
1095.7515,1095.7637,37500,42577,Pipistrellus nathusii,0.011,0.025,-1,Echolocation,/mnt/ubna_data_02_mir/recover-20220922/UBNA_001/20220921_090000.WAV,Telephone Field,recover-20220922,001,1795
1095.7795,1095.7899,22890,27988,Nyctalus leisleri,0.013,0.027,-1,Echolocation,/mnt/ubna_data_02_mir/recover-20220922/UBNA_001/20220921_090000.WAV,Telephone Field,recover-20220922,001,1795
1095.7925,1095.8306,68437,81694,Rhinolophus ferrumequinum,0.024,0.024,-1,Echolocation,/mnt/ubna_data_02_mir/recover-20220922/UBNA_001/20220921_090000.WAV,Telephone Field,recover-20220922,001,1795
1095.8185,1095.862,68437,82995,Rhinolophus ferrumequinum,0.026,0.026,-1,Echolocation,/mnt/ubna_data_02_mir/recover-20220922/UBNA_001/20220921_090000.WAV,Telephone Field,recover-20220922,001,1795
1095.8245,1095.8348,23750,29672,Nyctalus leisleri,0.01,0.024,-1,Echolocation,/mnt/ubna_data_02_mir/recover-20220922/UBNA_001/20220921_090000.WAV,Telephone Field,recover-20220922,001,1795
1095.8505,1095.8891,68437,82342,Rhinolophus ferrumequinum,0.021,0.021,-1,Echolocation,/mnt/ubna_data_02_mir/recover-20220922/UBNA_001/20220921_090000.WAV,Telephone Field,recover-20220922,001,1795
1095.8575,1095.8962,68437,82006,Rhinolophus ferrumequinum,0.021,0.021,-1,Echolocation,/mnt/ubna_data_02_mir/recover-20220922/UBNA_001/20220921_090000.WAV,Telephone Field,recover-20220922,001,1795
1095.8675,1095.8755,27187,41609,Eptesicus serotinus,0.008,0.022,-1,Echolocation,/mnt/ubna_data_02_mir/recover-20220922/UBNA_001/20220921_090000.WAV,Telephone Field,recover-20220922,001,1795
1095.8965,1095.9371,68437,82620,Rhinolophus ferrumequinum,0.022,0.022,-1,Echolocation,/mnt/ubna_data_02_mir/recover-20220922/UBNA_001/20220921_090000.WAV,Telephone Field,recover-20220922,001,1795
1095.9365,1095.9475,28906,36667,Eptesicus serotinus,0.013,0.027,-1,Echolocation,/mnt/ubna_data_02_mir/recover-20220922/UBNA_001/20220921_090000.WAV,Telephone Field,recover-20220922,001,1795
1095.9515,1095.991,68437,82266,Rhinolophus ferrumequinum,0.021,0.021,-1,Echolocation,/mnt/ubna_data_02_mir/recover-20220922/UBNA_001/20220921_090000.WAV,Telephone Field,recover-20220922,001,1795
1096.0015,1096.0288,69296,80958,Rhinolophus ferrumequinum,0.022,0.022,-1,Echolocation,/mnt/ubna_data_02_mir/recover-20220922/UBNA_001/20220921_090000.WAV,Telephone Field,recover-20220922,001,1795
1096.0015,1096.0088,25468,35061,Nyctalus leisleri,0.007,0.028,-1,Echolocation,/mnt/ubna_data_02_mir/recover-20220922/UBNA_001/20220921_090000.WAV,Telephone Field,recover-20220922,001,1795
1096.0155,1096.0553,68437,82472,Rhinolophus ferrumequinum,0.021,0.021,-1,Echolocation,/mnt/ubna_data_02_mir/recover-20220922/UBNA_001/20220921_090000.WAV,Telephone Field,recover-20220922,001,1795
1096.0205,1096.0296,29765,37219,Eptesicus serotinus,0.008,0.023,-1,Echolocation,/mnt/ubna_data_02_mir/recover-20220922/UBNA_001/20220921_090000.WAV,Telephone Field,recover-20220922,001,1795
1096.0355,1096.0461,22890,27529,Nyctalus leisleri,0.012,0.023,-1,Echolocation,/mnt/ubna_data_02_mir/recover-20220922/UBNA_001/20220921_090000.WAV,Telephone Field,recover-20220922,001,1795
1096.0445,1096.0863,68437,82265,Rhinolophus ferrumequinum,0.024,0.024,-1,Echolocation,/mnt/ubna_data_02_mir/recover-20220922/UBNA_001/20220921_090000.WAV,Telephone Field,recover-20220922,001,1795
1096.0805,1096.0915,23750,29329,Nyctalus leisleri,0.009,0.021,-1,Echolocation,/mnt/ubna_data_02_mir/recover-20220922/UBNA_001/20220921_090000.WAV,Telephone Field,recover-20220922,001,1795
1096.0945,1096.1328,68437,82183,Rhinolophus ferrumequinum,0.021,0.021,-1,Echolocation,/mnt/ubna_data_02_mir/recover-20220922/UBNA_001/20220921_090000.WAV,Telephone Field,recover-20220922,001,1795
1096.1035,1096.1122,28046,37332,Eptesicus serotinus,0.014,0.029,-1,Echolocation,/mnt/ubna_data_02_mir/recover-20220922/UBNA_001/20220921_090000.WAV,Telephone Field,recover-20220922,001,1795
1096.1255,1096.164,68437,81785,Rhinolophus ferrumequinum,0.021,0.021,-1,Echolocation,/mnt/ubna_data_02_mir/recover-20220922/UBNA_001/20220921_090000.WAV,Telephone Field,recover-20220922,001,1795
1096.1385,1096.1769,68437,81907,Rhinolophus ferrumequinum,0.027,0.027,-1,Echolocation,/mnt/ubna_data_02_mir/recover-20220922/UBNA_001/20220921_090000.WAV,Telephone Field,recover-20220922,001,1795
1096.1575,1096.197,68437,82525,Rhinolophus ferrumequinum,0.022,0.022,-1,Echolocation,/mnt/ubna_data_02_mir/recover-20220922/UBNA_001/20220921_090000.WAV,Telephone Field,recover-20220922,001,1795
1096.2075,1096.2437,68437,81375,Rhinolophus ferrumequinum,0.021,0.021,-1,Echolocation,/mnt/ubna_data_02_mir/recover-20220922/UBNA_001/20220921_090000.WAV,Telephone Field,recover-20220922,001,1795
1096.2355,1096.2444,28046,38598,Eptesicus serotinus,0.008,0.021,-1,Echolocation,/mnt/ubna_data_02_mir/recover-20220922/UBNA_001/20220921_090000.WAV,Telephone Field,recover-20220922,001,1795
1096.2375,1096.2459,33203,40771,Myotis daubentonii,0.006,0.022,-1,Echolocation,/mnt/ubna_data_02_mir/recover-20220922/UBNA_001/20220921_090000.WAV,Telephone Field,recover-20220922,001,1795
1096.2435,1096.2517,23750,31065,Plecotus austriacus,0.009,0.024,-1,Echolocation,/mnt/ubna_data_02_mir/recover-20220922/UBNA_001/20220921_090000.WAV,Telephone Field,recover-20220922,001,1795
1096.2765,1096.2821,24609,35476,Plecotus austriacus,0.039,0.068,-1,Echolocation,/mnt/ubna_data_02_mir/recover-20220922/UBNA_001/20220921_090000.WAV,Telephone Field,recover-20220922,001,1795
1096.2955,1096.3059,28906,35718,Eptesicus serotinus,0.009,0.023,-1,Echolocation,/mnt/ubna_data_02_mir/recover-20220922/UBNA_001/20220921_090000.WAV,Telephone Field,recover-20220922,001,1795
1096.3025,1096.341,68437,81975,Rhinolophus ferrumequinum,0.023,0.023,-1,Echolocation,/mnt/ubna_data_02_mir/recover-20220922/UBNA_001/20220921_090000.WAV,Telephone Field,recover-20220922,001,1795
1096.3515,1096.3872,68437,81126,Rhinolophus ferrumequinum,0.025,0.025,-1,Echolocation,/mnt/ubna_data_02_mir/recover-20220922/UBNA_001/20220921_090000.WAV,Telephone Field,recover-20220922,001,1795
1096.3585,1096.3974,68437,81968,Rhinolophus ferrumequinum,0.026,0.026,-1,Echolocation,/mnt/ubna_data_02_mir/recover-20220922/UBNA_001/20220921_090000.WAV,Telephone Field,recover-20220922,001,1795
1096.3715,1096.382,26328,33770,Eptesicus serotinus,0.01,0.023,-1,Echolocation,/mnt/ubna_data_02_mir/recover-20220922/UBNA_001/20220921_090000.WAV,Telephone Field,recover-20220922,001,1795
1096.3935,1096.4317,68437,82281,Rhinolophus ferrumequinum,0.022,0.022,-1,Echolocation,/mnt/ubna_data_02_mir/recover-20220922/UBNA_001/20220921_090000.WAV,Telephone Field,recover-20220922,001,1795
1096.4665,1096.5061,68437,82489,Rhinolophus ferrumequinum,0.022,0.022,-1,Echolocation,/mnt/ubna_data_02_mir/recover-20220922/UBNA_001/20220921_090000.WAV,Telephone Field,recover-20220922,001,1795
1096.4735,1096.4852,27187,33055,Eptesicus serotinus,0.013,0.031,-1,Echolocation,/mnt/ubna_data_02_mir/recover-20220922/UBNA_001/20220921_090000.WAV,Telephone Field,recover-20220922,001,1795
1096.4945,1096.5271,68437,81122,Rhinolophus ferrumequinum,0.025,0.025,-1,Echolocation,/mnt/ubna_data_02_mir/recover-20220922/UBNA_001/20220921_090000.WAV,Telephone Field,recover-20220922,001,1795
1096.5155,1096.5248,24609,31949,Nyctalus leisleri,0.007,0.021,-1,Echolocation,/mnt/ubna_data_02_mir/recover-20220922/UBNA_001/20220921_090000.WAV,Telephone Field,recover-20220922,001,1795
1096.5275,1096.5672,68437,82555,Rhinolophus ferrumequinum,0.024,0.024,-1,Echolocation,/mnt/ubna_data_02_mir/recover-20220922/UBNA_001/20220921_090000.WAV,Telephone Field,recover-20220922,001,1795
1096.5475,1096.5832,68437,81338,Rhinolophus ferrumequinum,0.021,0.021,-1,Echolocation,/mnt/ubna_data_02_mir/recover-20220922/UBNA_001/20220921_090000.WAV,Telephone Field,recover-20220922,001,1795
1096.5505,1096.5568,25468,35192,Plecotus austriacus,0.01,0.029,-1,Echolocation,/mnt/ubna_data_02_mir/recover-20220922/UBNA_001/20220921_090000.WAV,Telephone Field,recover-20220922,001,1795
1096.5775,1096.5872,51250,55746,Pipistrellus pipistrellus,0.024,0.028,-1,Echolocation,/mnt/ubna_data_02_mir/recover-20220922/UBNA_001/20220921_090000.WAV,Telephone Field,recover-20220922,001,1795
1096.5995,1096.6063,27187,43055,Eptesicus serotinus,0.007,0.025,-1,Echolocation,/mnt/ubna_data_02_mir/recover-20220922/UBNA_001/20220921_090000.WAV,Telephone Field,recover-20220922,001,1795
1096.6175,1096.624,25468,35647,Plecotus austriacus,0.011,0.032,-1,Echolocation,/mnt/ubna_data_02_mir/recover-20220922/UBNA_001/20220921_090000.WAV,Telephone Field,recover-20220922,001,1795
1096.6815,1096.6922,24609,31887,Nyctalus leisleri,0.008,0.024,-1,Echolocation,/mnt/ubna_data_02_mir/recover-20220922/UBNA_001/20220921_090000.WAV,Telephone Field,recover-20220922,001,1795
1096.7755,1096.7815,48671,53031,Pipistrellus pipistrellus,0.027,0.028,-1,Echolocation,/mnt/ubna_data_02_mir/recover-20220922/UBNA_001/20220921_090000.WAV,Telephone Field,recover-20220922,001,1795
1096.8125,1096.8222,22890,28767,Nyctalus leisleri,0.01,0.028,-1,Echolocation,/mnt/ubna_data_02_mir/recover-20220922/UBNA_001/20220921_090000.WAV,Telephone Field,recover-20220922,001,1795
1096.8735,1096.8808,23750,32947,Plecotus austriacus,0.013,0.027,-1,Echolocation,/mnt/ubna_data_02_mir/recover-20220922/UBNA_001/20220921_090000.WAV,Telephone Field,recover-20220922,001,1795
1096.9125,1096.9514,68437,82636,Rhinolophus ferrumequinum,0.024,0.024,-1,Echolocation,/mnt/ubna_data_02_mir/recover-20220922/UBNA_001/20220921_090000.WAV,Telephone Field,recover-20220922,001,1795
1096.9165,1096.924,23750,31933,Plecotus austriacus,0.008,0.021,-1,Echolocation,/mnt/ubna_data_02_mir/recover-20220922/UBNA_001/20220921_090000.WAV,Telephone Field,recover-20220922,001,1795
1096.9175,1096.9255,28046,37323,Eptesicus serotinus,0.007,0.021,-1,Echolocation,/mnt/ubna_data_02_mir/recover-20220922/UBNA_001/20220921_090000.WAV,Telephone Field,recover-20220922,001,1795
1096.9225,1096.9626,68437,82733,Rhinolophus ferrumequinum,0.023,0.023,-1,Echolocation,/mnt/ubna_data_02_mir/recover-20220922/UBNA_001/20220921_090000.WAV,Telephone Field,recover-20220922,001,1795
1096.9545,1096.9933,68437,82160,Rhinolophus ferrumequinum,0.022,0.022,-1,Echolocation,/mnt/ubna_data_02_mir/recover-20220922/UBNA_001/20220921_090000.WAV,Telephone Field,recover-20220922,001,1795
1096.9875,1096.9966,28046,37596,Eptesicus serotinus,0.01,0.025,-1,Echolocation,/mnt/ubna_data_02_mir/recover-20220922/UBNA_001/20220921_090000.WAV,Telephone Field,recover-20220922,001,1795
1097.0075,1097.0184,28906,37104,Eptesicus serotinus,0.015,0.031,-1,Echolocation,/mnt/ubna_data_02_mir/recover-20220922/UBNA_001/20220921_090000.WAV,Telephone Field,recover-20220922,001,1795
1097.0235,1097.0632,68437,82579,Rhinolophus ferrumequinum,0.027,0.027,-1,Echolocation,/mnt/ubna_data_02_mir/recover-20220922/UBNA_001/20220921_090000.WAV,Telephone Field,recover-20220922,001,1795
1097.0455,1097.053,49531,56184,Pipistrellus pipistrellus,0.019,0.021,-1,Echolocation,/mnt/ubna_data_02_mir/recover-20220922/UBNA_001/20220921_090000.WAV,Telephone Field,recover-20220922,001,1795
1097.0725,1097.0805,28046,38991,Eptesicus serotinus,0.007,0.021,-1,Echolocation,/mnt/ubna_data_02_mir/recover-20220922/UBNA_001/20220921_090000.WAV,Telephone Field,recover-20220922,001,1795
1097.1035,1097.1437,68437,82367,Rhinolophus ferrumequinum,0.024,0.024,-1,Echolocation,/mnt/ubna_data_02_mir/recover-20220922/UBNA_001/20220921_090000.WAV,Telephone Field,recover-20220922,001,1795
1097.1205,1097.1597,68437,82561,Rhinolophus ferrumequinum,0.022,0.022,-1,Echolocation,/mnt/ubna_data_02_mir/recover-20220922/UBNA_001/20220921_090000.WAV,Telephone Field,recover-20220922,001,1795
1097.1265,1097.1363,28906,36653,Eptesicus serotinus,0.009,0.021,-1,Echolocation,/mnt/ubna_data_02_mir/recover-20220922/UBNA_001/20220921_090000.WAV,Telephone Field,recover-20220922,001,1795
1097.1405,1097.1788,68437,82340,Rhinolophus ferrumequinum,0.022,0.022,-1,Echolocation,/mnt/ubna_data_02_mir/recover-20220922/UBNA_001/20220921_090000.WAV,Telephone Field,recover-20220922,001,1795
1097.1705,1097.18,22890,30543,Plecotus austriacus,0.01,0.028,-1,Echolocation,/mnt/ubna_data_02_mir/recover-20220922/UBNA_001/20220921_090000.WAV,Telephone Field,recover-20220922,001,1795
1097.2165,1097.2513,68437,81176,Rhinolophus ferrumequinum,0.021,0.021,-1,Echolocation,/mnt/ubna_data_02_mir/recover-20220922/UBNA_001/20220921_090000.WAV,Telephone Field,recover-20220922,001,1795
1097.2675,1097.3091,68437,82945,Rhinolophus ferrumequinum,0.029,0.029,-1,Echolocation,/mnt/ubna_data_02_mir/recover-20220922/UBNA_001/20220921_090000.WAV,Telephone Field,recover-20220922,001,1795
1097.2705,1097.2811,28046,35782,Eptesicus serotinus,0.015,0.03,-1,Echolocation,/mnt/ubna_data_02_mir/recover-20220922/UBNA_001/20220921_090000.WAV,Telephone Field,recover-20220922,001,1795
1097.3375,1097.377,68437,82178,Rhinolophus ferrumequinum,0.026,0.026,-1,Echolocation,/mnt/ubna_data_02_mir/recover-20220922/UBNA_001/20220921_090000.WAV,Telephone Field,recover-20220922,001,1795
1097.3795,1097.417,68437,81913,Rhinolophus ferrumequinum,0.021,0.021,-1,Echolocation,/mnt/ubna_data_02_mir/recover-20220922/UBNA_001/20220921_090000.WAV,Telephone Field,recover-20220922,001,1795
1097.3845,1097.3921,22890,31089,Plecotus austriacus,0.012,0.026,-1,Echolocation,/mnt/ubna_data_02_mir/recover-20220922/UBNA_001/20220921_090000.WAV,Telephone Field,recover-20220922,001,1795
1097.3995,1097.4078,26328,34437,Eptesicus serotinus,0.007,0.022,-1,Echolocation,/mnt/ubna_data_02_mir/recover-20220922/UBNA_001/20220921_090000.WAV,Telephone Field,recover-20220922,001,1795
1097.4085,1097.4482,68437,82260,Rhinolophus ferrumequinum,0.023,0.024,-1,Echolocation,/mnt/ubna_data_02_mir/recover-20220922/UBNA_001/20220921_090000.WAV,Telephone Field,recover-20220922,001,1795
1097.4285,1097.4379,28046,36856,Eptesicus serotinus,0.009,0.024,-1,Echolocation,/mnt/ubna_data_02_mir/recover-20220922/UBNA_001/20220921_090000.WAV,Telephone Field,recover-20220922,001,1795
1097.4665,1097.5049,68437,81941,Rhinolophus ferrumequinum,0.022,0.022,-1,Echolocation,/mnt/ubna_data_02_mir/recover-20220922/UBNA_001/20220921_090000.WAV,Telephone Field,recover-20220922,001,1795
1097.4705,1097.4795,22031,28608,Plecotus austriacus,0.01,0.023,-1,Echolocation,/mnt/ubna_data_02_mir/recover-20220922/UBNA_001/20220921_090000.WAV,Telephone Field,recover-20220922,001,1795
1097.5225,1097.5568,68437,79889,Rhinolophus ferrumequinum,0.021,0.021,-1,Echolocation,/mnt/ubna_data_02_mir/recover-20220922/UBNA_001/20220921_090000.WAV,Telephone Field,recover-20220922,001,1795
1097.6295,1097.6677,68437,82119,Rhinolophus ferrumequinum,0.021,0.021,-1,Echolocation,/mnt/ubna_data_02_mir/recover-20220922/UBNA_001/20220921_090000.WAV,Telephone Field,recover-20220922,001,1795
1097.6445,1097.6857,68437,83093,Rhinolophus ferrumequinum,0.028,0.028,-1,Echolocation,/mnt/ubna_data_02_mir/recover-20220922/UBNA_001/20220921_090000.WAV,Telephone Field,recover-20220922,001,1795
1097.6725,1097.7135,68437,82797,Rhinolophus ferrumequinum,0.021,0.021,-1,Echolocation,/mnt/ubna_data_02_mir/recover-20220922/UBNA_001/20220921_090000.WAV,Telephone Field,recover-20220922,001,1795
1097.7825,1097.7926,22031,26910,Nyctalus leisleri,0.01,0.022,-1,Echolocation,/mnt/ubna_data_02_mir/recover-20220922/UBNA_001/20220921_090000.WAV,Telephone Field,recover-20220922,001,1795
1097.7925,1097.8012,27187,37519,Eptesicus serotinus,0.008,0.023,-1,Echolocation,/mnt/ubna_data_02_mir/recover-20220922/UBNA_001/20220921_090000.WAV,Telephone Field,recover-20220922,001,1795
1097.7985,1097.8387,68437,82915,Rhinolophus ferrumequinum,0.029,0.029,-1,Echolocation,/mnt/ubna_data_02_mir/recover-20220922/UBNA_001/20220921_090000.WAV,Telephone Field,recover-20220922,001,1795
1097.8085,1097.8179,28046,36906,Eptesicus serotinus,0.012,0.03,-1,Echolocation,/mnt/ubna_data_02_mir/recover-20220922/UBNA_001/20220921_090000.WAV,Telephone Field,recover-20220922,001,1795
1097.8105,1097.8505,68437,82148,Rhinolophus ferrumequinum,0.021,0.022,-1,Echolocation,/mnt/ubna_data_02_mir/recover-20220922/UBNA_001/20220921_090000.WAV,Telephone Field,recover-20220922,001,1795
1097.8365,1097.8455,22890,30321,Plecotus austriacus,0.008,0.025,-1,Echolocation,/mnt/ubna_data_02_mir/recover-20220922/UBNA_001/20220921_090000.WAV,Telephone Field,recover-20220922,001,1795
1097.8655,1097.9019,68437,82486,Rhinolophus ferrumequinum,0.022,0.022,-1,Echolocation,/mnt/ubna_data_02_mir/recover-20220922/UBNA_001/20220921_090000.WAV,Telephone Field,recover-20220922,001,1795
1097.8985,1097.9413,68437,83080,Rhinolophus ferrumequinum,0.025,0.025,-1,Echolocation,/mnt/ubna_data_02_mir/recover-20220922/UBNA_001/20220921_090000.WAV,Telephone Field,recover-20220922,001,1795
1097.9285,1097.9637,68437,81479,Rhinolophus ferrumequinum,0.022,0.022,-1,Echolocation,/mnt/ubna_data_02_mir/recover-20220922/UBNA_001/20220921_090000.WAV,Telephone Field,recover-20220922,001,1795
1097.9355,1097.9734,68437,81552,Rhinolophus ferrumequinum,0.022,0.022,-1,Echolocation,/mnt/ubna_data_02_mir/recover-20220922/UBNA_001/20220921_090000.WAV,Telephone Field,recover-20220922,001,1795
1097.9825,1097.9911,22890,30744,Plecotus austriacus,0.013,0.03,-1,Echolocation,/mnt/ubna_data_02_mir/recover-20220922/UBNA_001/20220921_090000.WAV,Telephone Field,recover-20220922,001,1795
1098.0015,1098.0148,20312,25348,Nyctalus noctula,0.012,0.031,-1,Echolocation,/mnt/ubna_data_02_mir/recover-20220922/UBNA_001/20220921_090000.WAV,Telephone Field,recover-20220922,001,1795
1098.0015,1098.0356,69296,80533,Rhinolophus ferrumequinum,0.044,0.044,-1,Echolocation,/mnt/ubna_data_02_mir/recover-20220922/UBNA_001/20220921_090000.WAV,Telephone Field,recover-20220922,001,1795
1098.0105,1098.0493,68437,81697,Rhinolophus ferrumequinum,0.034,0.034,-1,Echolocation,/mnt/ubna_data_02_mir/recover-20220922/UBNA_001/20220921_090000.WAV,Telephone Field,recover-20220922,001,1795
1098.0375,1098.0757,68437,82237,Rhinolophus ferrumequinum,0.024,0.024,-1,Echolocation,/mnt/ubna_data_02_mir/recover-20220922/UBNA_001/20220921_090000.WAV,Telephone Field,recover-20220922,001,1795
1098.0795,1098.0887,27187,35260,Eptesicus serotinus,0.01,0.022,-1,Echolocation,/mnt/ubna_data_02_mir/recover-20220922/UBNA_001/20220921_090000.WAV,Telephone Field,recover-20220922,001,1795
1098.0925,1098.1278,68437,81529,Rhinolophus ferrumequinum,0.025,0.025,-1,Echolocation,/mnt/ubna_data_02_mir/recover-20220922/UBNA_001/20220921_090000.WAV,Telephone Field,recover-20220922,001,1795
1098.1085,1098.1487,68437,82478,Rhinolophus ferrumequinum,0.033,0.033,-1,Echolocation,/mnt/ubna_data_02_mir/recover-20220922/UBNA_001/20220921_090000.WAV,Telephone Field,recover-20220922,001,1795
1098.1265,1098.1348,27187,36108,Eptesicus serotinus,0.013,0.029,-1,Echolocation,/mnt/ubna_data_02_mir/recover-20220922/UBNA_001/20220921_090000.WAV,Telephone Field,recover-20220922,001,1795
1098.1265,1098.1642,68437,81186,Rhinolophus ferrumequinum,0.022,0.022,-1,Echolocation,/mnt/ubna_data_02_mir/recover-20220922/UBNA_001/20220921_090000.WAV,Telephone Field,recover-20220922,001,1795
1098.1275,1098.1342,22890,32300,Plecotus austriacus,0.014,0.028,-1,Echolocation,/mnt/ubna_data_02_mir/recover-20220922/UBNA_001/20220921_090000.WAV,Telephone Field,recover-20220922,001,1795
1098.1355,1098.1455,28046,37858,Eptesicus serotinus,0.011,0.025,-1,Echolocation,/mnt/ubna_data_02_mir/recover-20220922/UBNA_001/20220921_090000.WAV,Telephone Field,recover-20220922,001,1795
1098.1625,1098.2015,68437,81686,Rhinolophus ferrumequinum,0.022,0.022,-1,Echolocation,/mnt/ubna_data_02_mir/recover-20220922/UBNA_001/20220921_090000.WAV,Telephone Field,recover-20220922,001,1795
1098.1755,1098.218,68437,82781,Rhinolophus ferrumequinum,0.047,0.047,-1,Echolocation,/mnt/ubna_data_02_mir/recover-20220922/UBNA_001/20220921_090000.WAV,Telephone Field,recover-20220922,001,1795
1098.1995,1098.209,28906,36871,Eptesicus serotinus,0.009,0.024,-1,Echolocation,/mnt/ubna_data_02_mir/recover-20220922/UBNA_001/20220921_090000.WAV,Telephone Field,recover-20220922,001,1795
1098.2075,1098.2482,68437,82921,Rhinolophus ferrumequinum,0.029,0.029,-1,Echolocation,/mnt/ubna_data_02_mir/recover-20220922/UBNA_001/20220921_090000.WAV,Telephone Field,recover-20220922,001,1795
1098.2255,1098.2636,68437,81863,Rhinolophus ferrumequinum,0.026,0.026,-1,Echolocation,/mnt/ubna_data_02_mir/recover-20220922/UBNA_001/20220921_090000.WAV,Telephone Field,recover-20220922,001,1795
1098.2385,1098.2729,68437,81511,Rhinolophus ferrumequinum,0.022,0.022,-1,Echolocation,/mnt/ubna_data_02_mir/recover-20220922/UBNA_001/20220921_090000.WAV,Telephone Field,recover-20220922,001,1795
1098.2555,1098.2639,22890,30408,Plecotus austriacus,0.01,0.025,-1,Echolocation,/mnt/ubna_data_02_mir/recover-20220922/UBNA_001/20220921_090000.WAV,Telephone Field,recover-20220922,001,1795
1098.2925,1098.3321,68437,82213,Rhinolophus ferrumequinum,0.027,0.027,-1,Echolocation,/mnt/ubna_data_02_mir/recover-20220922/UBNA_001/20220921_090000.WAV,Telephone Field,recover-20220922,001,1795
1098.2955,1098.3041,45234,54786,Pipistrellus pipistrellus,0.021,0.03,-1,Echolocation,/mnt/ubna_data_02_mir/recover-20220922/UBNA_001/20220921_090000.WAV,Telephone Field,recover-20220922,001,1795
1098.2985,1098.3102,22031,28191,Nyctalus leisleri,0.013,0.036,-1,Echolocation,/mnt/ubna_data_02_mir/recover-20220922/UBNA_001/20220921_090000.WAV,Telephone Field,recover-20220922,001,1795
1098.3015,1098.3395,68437,82997,Rhinolophus ferrumequinum,0.028,0.028,-1,Echolocation,/mnt/ubna_data_02_mir/recover-20220922/UBNA_001/20220921_090000.WAV,Telephone Field,recover-20220922,001,1795
1098.3135,1098.3486,68437,80120,Rhinolophus ferrumequinum,0.032,0.033,-1,Echolocation,/mnt/ubna_data_02_mir/recover-20220922/UBNA_001/20220921_090000.WAV,Telephone Field,recover-20220922,001,1795
1098.3865,1098.3941,44375,54980,Pipistrellus pipistrellus,0.012,0.022,-1,Echolocation,/mnt/ubna_data_02_mir/recover-20220922/UBNA_001/20220921_090000.WAV,Telephone Field,recover-20220922,001,1795
1098.4015,1098.4467,68437,83549,Rhinolophus ferrumequinum,0.046,0.046,-1,Echolocation,/mnt/ubna_data_02_mir/recover-20220922/UBNA_001/20220921_090000.WAV,Telephone Field,recover-20220922,001,1795
1098.4465,1098.4821,68437,81216,Rhinolophus ferrumequinum,0.023,0.024,-1,Echolocation,/mnt/ubna_data_02_mir/recover-20220922/UBNA_001/20220921_090000.WAV,Telephone Field,recover-20220922,001,1795
1098.4485,1098.4578,28046,38756,Eptesicus serotinus,0.009,0.023,-1,Echolocation,/mnt/ubna_data_02_mir/recover-20220922/UBNA_001/20220921_090000.WAV,Telephone Field,recover-20220922,001,1795
1098.4705,1098.5109,68437,82424,Rhinolophus ferrumequinum,0.024,0.024,-1,Echolocation,/mnt/ubna_data_02_mir/recover-20220922/UBNA_001/20220921_090000.WAV,Telephone Field,recover-20220922,001,1795
1098.4735,1098.4839,22031,26460,Nyctalus leisleri,0.011,0.021,-1,Echolocation,/mnt/ubna_data_02_mir/recover-20220922/UBNA_001/20220921_090000.WAV,Telephone Field,recover-20220922,001,1795
1098.4865,1098.5261,68437,82870,Rhinolophus ferrumequinum,0.027,0.027,-1,Echolocation,/mnt/ubna_data_02_mir/recover-20220922/UBNA_001/20220921_090000.WAV,Telephone Field,recover-20220922,001,1795
1098.5145,1098.5228,28046,37665,Eptesicus serotinus,0.008,0.024,-1,Echolocation,/mnt/ubna_data_02_mir/recover-20220922/UBNA_001/20220921_090000.WAV,Telephone Field,recover-20220922,001,1795
1098.5215,1098.5289,28046,38830,Eptesicus serotinus,0.007,0.022,-1,Echolocation,/mnt/ubna_data_02_mir/recover-20220922/UBNA_001/20220921_090000.WAV,Telephone Field,recover-20220922,001,1795
1098.5225,1098.5301,46953,53514,Pipistrellus pipistrellus,0.021,0.022,-1,Echolocation,/mnt/ubna_data_02_mir/recover-20220922/UBNA_001/20220921_090000.WAV,Telephone Field,recover-20220922,001,1795
1098.5415,1098.581,68437,81549,Rhinolophus ferrumequinum,0.026,0.026,-1,Echolocation,/mnt/ubna_data_02_mir/recover-20220922/UBNA_001/20220921_090000.WAV,Telephone Field,recover-20220922,001,1795
1098.5495,1098.5893,68437,82216,Rhinolophus ferrumequinum,0.024,0.024,-1,Echolocation,/mnt/ubna_data_02_mir/recover-20220922/UBNA_001/20220921_090000.WAV,Telephone Field,recover-20220922,001,1795
1098.5505,1098.5586,28046,37252,Eptesicus serotinus,0.009,0.023,-1,Echolocation,/mnt/ubna_data_02_mir/recover-20220922/UBNA_001/20220921_090000.WAV,Telephone Field,recover-20220922,001,1795
1098.5935,1098.631,68437,82147,Rhinolophus ferrumequinum,0.023,0.023,-1,Echolocation,/mnt/ubna_data_02_mir/recover-20220922/UBNA_001/20220921_090000.WAV,Telephone Field,recover-20220922,001,1795
1098.6435,1098.6807,68437,81628,Rhinolophus ferrumequinum,0.022,0.022,-1,Echolocation,/mnt/ubna_data_02_mir/recover-20220922/UBNA_001/20220921_090000.WAV,Telephone Field,recover-20220922,001,1795
1098.6695,1098.7085,68437,82371,Rhinolophus ferrumequinum,0.031,0.031,-1,Echolocation,/mnt/ubna_data_02_mir/recover-20220922/UBNA_001/20220921_090000.WAV,Telephone Field,recover-20220922,001,1795
1098.7075,1098.7458,68437,81980,Rhinolophus ferrumequinum,0.033,0.033,-1,Echolocation,/mnt/ubna_data_02_mir/recover-20220922/UBNA_001/20220921_090000.WAV,Telephone Field,recover-20220922,001,1795
1098.7505,1098.7906,68437,82328,Rhinolophus ferrumequinum,0.027,0.027,-1,Echolocation,/mnt/ubna_data_02_mir/recover-20220922/UBNA_001/20220921_090000.WAV,Telephone Field,recover-20220922,001,1795
1098.7715,1098.815,68437,83314,Rhinolophus ferrumequinum,0.038,0.038,-1,Echolocation,/mnt/ubna_data_02_mir/recover-20220922/UBNA_001/20220921_090000.WAV,Telephone Field,recover-20220922,001,1795
1098.7785,1098.7864,27187,38158,Eptesicus serotinus,0.007,0.021,-1,Echolocation,/mnt/ubna_data_02_mir/recover-20220922/UBNA_001/20220921_090000.WAV,Telephone Field,recover-20220922,001,1795
1098.8015,1098.8415,68437,82672,Rhinolophus ferrumequinum,0.043,0.043,-1,Echolocation,/mnt/ubna_data_02_mir/recover-20220922/UBNA_001/20220921_090000.WAV,Telephone Field,recover-20220922,001,1795
1098.8235,1098.8341,27187,34908,Eptesicus serotinus,0.012,0.025,-1,Echolocation,/mnt/ubna_data_02_mir/recover-20220922/UBNA_001/20220921_090000.WAV,Telephone Field,recover-20220922,001,1795
1098.8305,1098.8698,68437,82304,Rhinolophus ferrumequinum,0.021,0.021,-1,Echolocation,/mnt/ubna_data_02_mir/recover-20220922/UBNA_001/20220921_090000.WAV,Telephone Field,recover-20220922,001,1795
1098.8995,1098.9358,68437,81431,Rhinolophus ferrumequinum,0.022,0.022,-1,Echolocation,/mnt/ubna_data_02_mir/recover-20220922/UBNA_001/20220921_090000.WAV,Telephone Field,recover-20220922,001,1795
1098.9075,1098.9464,68437,82127,Rhinolophus ferrumequinum,0.023,0.023,-1,Echolocation,/mnt/ubna_data_02_mir/recover-20220922/UBNA_001/20220921_090000.WAV,Telephone Field,recover-20220922,001,1795
1098.9145,1098.9269,22031,26965,Nyctalus leisleri,0.015,0.032,-1,Echolocation,/mnt/ubna_data_02_mir/recover-20220922/UBNA_001/20220921_090000.WAV,Telephone Field,recover-20220922,001,1795
1098.9335,1098.969,68437,81058,Rhinolophus ferrumequinum,0.022,0.022,-1,Echolocation,/mnt/ubna_data_02_mir/recover-20220922/UBNA_001/20220921_090000.WAV,Telephone Field,recover-20220922,001,1795
1098.9745,1099.0153,68437,82400,Rhinolophus ferrumequinum,0.023,0.024,-1,Echolocation,/mnt/ubna_data_02_mir/recover-20220922/UBNA_001/20220921_090000.WAV,Telephone Field,recover-20220922,001,1795
1098.9805,1098.9884,27187,38902,Eptesicus serotinus,0.007,0.022,-1,Echolocation,/mnt/ubna_data_02_mir/recover-20220922/UBNA_001/20220921_090000.WAV,Telephone Field,recover-20220922,001,1795
1099.0125,1099.0505,68437,81948,Rhinolophus ferrumequinum,0.022,0.022,-1,Echolocation,/mnt/ubna_data_02_mir/recover-20220922/UBNA_001/20220921_090000.WAV,Telephone Field,recover-20220922,001,1795
1099.0855,1099.1258,68437,82364,Rhinolophus ferrumequinum,0.021,0.021,-1,Echolocation,/mnt/ubna_data_02_mir/recover-20220922/UBNA_001/20220921_090000.WAV,Telephone Field,recover-20220922,001,1795
1099.0925,1099.1326,68437,82317,Rhinolophus ferrumequinum,0.023,0.023,-1,Echolocation,/mnt/ubna_data_02_mir/recover-20220922/UBNA_001/20220921_090000.WAV,Telephone Field,recover-20220922,001,1795
1099.1195,1099.1256,51250,60034,Pipistrellus pipistrellus,0.017,0.023,-1,Echolocation,/mnt/ubna_data_02_mir/recover-20220922/UBNA_001/20220921_090000.WAV,Telephone Field,recover-20220922,001,1795
1099.1445,1099.158,15156,21939,Nyctalus noctula,0.015,0.022,-1,Echolocation,/mnt/ubna_data_02_mir/recover-20220922/UBNA_001/20220921_090000.WAV,Telephone Field,recover-20220922,001,1795
1099.1515,1099.1582,28046,41773,Eptesicus serotinus,0.006,0.023,-1,Echolocation,/mnt/ubna_data_02_mir/recover-20220922/UBNA_001/20220921_090000.WAV,Telephone Field,recover-20220922,001,1795
1099.1565,1099.1977,68437,82765,Rhinolophus ferrumequinum,0.037,0.037,-1,Echolocation,/mnt/ubna_data_02_mir/recover-20220922/UBNA_001/20220921_090000.WAV,Telephone Field,recover-20220922,001,1795
1099.1955,1099.2317,68437,81990,Rhinolophus ferrumequinum,0.024,0.024,-1,Echolocation,/mnt/ubna_data_02_mir/recover-20220922/UBNA_001/20220921_090000.WAV,Telephone Field,recover-20220922,001,1795
1099.2055,1099.2412,68437,81557,Rhinolophus ferrumequinum,0.023,0.023,-1,Echolocation,/mnt/ubna_data_02_mir/recover-20220922/UBNA_001/20220921_090000.WAV,Telephone Field,recover-20220922,001,1795
1099.2385,1099.2772,68437,81519,Rhinolophus ferrumequinum,0.022,0.022,-1,Echolocation,/mnt/ubna_data_02_mir/recover-20220922/UBNA_001/20220921_090000.WAV,Telephone Field,recover-20220922,001,1795
1099.2625,1099.2727,27187,35920,Eptesicus serotinus,0.011,0.026,-1,Echolocation,/mnt/ubna_data_02_mir/recover-20220922/UBNA_001/20220921_090000.WAV,Telephone Field,recover-20220922,001,1795
1099.2925,1099.336,68437,82914,Rhinolophus ferrumequinum,0.028,0.028,-1,Echolocation,/mnt/ubna_data_02_mir/recover-20220922/UBNA_001/20220921_090000.WAV,Telephone Field,recover-20220922,001,1795
1099.3155,1099.3552,68437,81337,Rhinolophus ferrumequinum,0.024,0.024,-1,Echolocation,/mnt/ubna_data_02_mir/recover-20220922/UBNA_001/20220921_090000.WAV,Telephone Field,recover-20220922,001,1795
1099.3445,1099.3877,68437,82523,Rhinolophus ferrumequinum,0.031,0.031,-1,Echolocation,/mnt/ubna_data_02_mir/recover-20220922/UBNA_001/20220921_090000.WAV,Telephone Field,recover-20220922,001,1795
1099.3605,1099.3701,28906,36331,Eptesicus serotinus,0.008,0.024,-1,Echolocation,/mnt/ubna_data_02_mir/recover-20220922/UBNA_001/20220921_090000.WAV,Telephone Field,recover-20220922,001,1795
1099.3815,1099.4215,68437,82935,Rhinolophus ferrumequinum,0.032,0.032,-1,Echolocation,/mnt/ubna_data_02_mir/recover-20220922/UBNA_001/20220921_090000.WAV,Telephone Field,recover-20220922,001,1795
1099.3965,1099.4052,27187,36923,Eptesicus serotinus,0.007,0.022,-1,Echolocation,/mnt/ubna_data_02_mir/recover-20220922/UBNA_001/20220921_090000.WAV,Telephone Field,recover-20220922,001,1795
1099.4245,1099.464,68437,82603,Rhinolophus ferrumequinum,0.023,0.023,-1,Echolocation,/mnt/ubna_data_02_mir/recover-20220922/UBNA_001/20220921_090000.WAV,Telephone Field,recover-20220922,001,1795
1099.4755,1099.4863,22890,28178,Nyctalus leisleri,0.01,0.022,-1,Echolocation,/mnt/ubna_data_02_mir/recover-20220922/UBNA_001/20220921_090000.WAV,Telephone Field,recover-20220922,001,1795
1099.5145,1099.5519,68437,82128,Rhinolophus ferrumequinum,0.022,0.022,-1,Echolocation,/mnt/ubna_data_02_mir/recover-20220922/UBNA_001/20220921_090000.WAV,Telephone Field,recover-20220922,001,1795
1099.5325,1099.5392,28046,37878,Eptesicus serotinus,0.008,0.025,-1,Echolocation,/mnt/ubna_data_02_mir/recover-20220922/UBNA_001/20220921_090000.WAV,Telephone Field,recover-20220922,001,1795
1099.5335,1099.5686,68437,80786,Rhinolophus ferrumequinum,0.023,0.024,-1,Echolocation,/mnt/ubna_data_02_mir/recover-20220922/UBNA_001/20220921_090000.WAV,Telephone Field,recover-20220922,001,1795
1099.5715,1099.6094,68437,81620,Rhinolophus ferrumequinum,0.022,0.023,-1,Echolocation,/mnt/ubna_data_02_mir/recover-20220922/UBNA_001/20220921_090000.WAV,Telephone Field,recover-20220922,001,1795
1099.5975,1099.6079,22031,27283,Nyctalus leisleri,0.009,0.022,-1,Echolocation,/mnt/ubna_data_02_mir/recover-20220922/UBNA_001/20220921_090000.WAV,Telephone Field,recover-20220922,001,1795
1099.6205,1099.6316,52109,56063,Pipistrellus pygmaeus,0.018,0.022,-1,Echolocation,/mnt/ubna_data_02_mir/recover-20220922/UBNA_001/20220921_090000.WAV,Telephone Field,recover-20220922,001,1795
1099.6235,1099.6639,68437,82120,Rhinolophus ferrumequinum,0.021,0.021,-1,Echolocation,/mnt/ubna_data_02_mir/recover-20220922/UBNA_001/20220921_090000.WAV,Telephone Field,recover-20220922,001,1795
1099.6645,1099.7031,68437,82010,Rhinolophus ferrumequinum,0.022,0.022,-1,Echolocation,/mnt/ubna_data_02_mir/recover-20220922/UBNA_001/20220921_090000.WAV,Telephone Field,recover-20220922,001,1795
1099.6885,1099.7303,68437,82767,Rhinolophus ferrumequinum,0.024,0.024,-1,Echolocation,/mnt/ubna_data_02_mir/recover-20220922/UBNA_001/20220921_090000.WAV,Telephone Field,recover-20220922,001,1795
1099.6975,1099.7375,68437,82638,Rhinolophus ferrumequinum,0.023,0.023,-1,Echolocation,/mnt/ubna_data_02_mir/recover-20220922/UBNA_001/20220921_090000.WAV,Telephone Field,recover-20220922,001,1795
1099.7095,1099.7492,68437,82385,Rhinolophus ferrumequinum,0.024,0.024,-1,Echolocation,/mnt/ubna_data_02_mir/recover-20220922/UBNA_001/20220921_090000.WAV,Telephone Field,recover-20220922,001,1795
1099.7195,1099.7293,24609,31990,Eptesicus serotinus,0.008,0.024,-1,Echolocation,/mnt/ubna_data_02_mir/recover-20220922/UBNA_001/20220921_090000.WAV,Telephone Field,recover-20220922,001,1795
1099.7445,1099.7844,68437,82733,Rhinolophus ferrumequinum,0.022,0.022,-1,Echolocation,/mnt/ubna_data_02_mir/recover-20220922/UBNA_001/20220921_090000.WAV,Telephone Field,recover-20220922,001,1795
1099.7545,1099.7942,68437,81641,Rhinolophus ferrumequinum,0.023,0.023,-1,Echolocation,/mnt/ubna_data_02_mir/recover-20220922/UBNA_001/20220921_090000.WAV,Telephone Field,recover-20220922,001,1795
1099.7685,1099.7756,28906,40631,Eptesicus serotinus,0.008,0.023,-1,Echolocation,/mnt/ubna_data_02_mir/recover-20220922/UBNA_001/20220921_090000.WAV,Telephone Field,recover-20220922,001,1795
1099.7885,1099.83,68437,82751,Rhinolophus ferrumequinum,0.025,0.025,-1,Echolocation,/mnt/ubna_data_02_mir/recover-20220922/UBNA_001/20220921_090000.WAV,Telephone Field,recover-20220922,001,1795
1099.7995,1099.8073,28046,39694,Eptesicus serotinus,0.007,0.024,-1,Echolocation,/mnt/ubna_data_02_mir/recover-20220922/UBNA_001/20220921_090000.WAV,Telephone Field,recover-20220922,001,1795
1099.8085,1099.8174,28906,36987,Eptesicus serotinus,0.01,0.027,-1,Echolocation,/mnt/ubna_data_02_mir/recover-20220922/UBNA_001/20220921_090000.WAV,Telephone Field,recover-20220922,001,1795
1099.8105,1099.8485,68437,81699,Rhinolophus ferrumequinum,0.022,0.022,-1,Echolocation,/mnt/ubna_data_02_mir/recover-20220922/UBNA_001/20220921_090000.WAV,Telephone Field,recover-20220922,001,1795
1099.8415,1099.8784,68437,81436,Rhinolophus ferrumequinum,0.032,0.032,-1,Echolocation,/mnt/ubna_data_02_mir/recover-20220922/UBNA_001/20220921_090000.WAV,Telephone Field,recover-20220922,001,1795
1099.8525,1099.8957,68437,83144,Rhinolophus ferrumequinum,0.034,0.034,-1,Echolocation,/mnt/ubna_data_02_mir/recover-20220922/UBNA_001/20220921_090000.WAV,Telephone Field,recover-20220922,001,1795
1099.8585,1099.8993,68437,82528,Rhinolophus ferrumequinum,0.031,0.031,-1,Echolocation,/mnt/ubna_data_02_mir/recover-20220922/UBNA_001/20220921_090000.WAV,Telephone Field,recover-20220922,001,1795
1099.9255,1099.968,68437,83008,Rhinolophus ferrumequinum,0.047,0.047,-1,Echolocation,/mnt/ubna_data_02_mir/recover-20220922/UBNA_001/20220921_090000.WAV,Telephone Field,recover-20220922,001,1795
1100.0015,1100.0354,68437,79912,Rhinolophus ferrumequinum,0.063,0.063,-1,Echolocation,/mnt/ubna_data_02_mir/recover-20220922/UBNA_001/20220921_090000.WAV,Telephone Field,recover-20220922,001,1795
1100.0015,1100.0075,25468,37563,Plecotus austriacus,0.009,0.031,-1,Echolocation,/mnt/ubna_data_02_mir/recover-20220922/UBNA_001/20220921_090000.WAV,Telephone Field,recover-20220922,001,1795
1100.0015,1100.0093,47812,53327,Pipistrellus pipistrellus,0.033,0.04,-1,Echolocation,/mnt/ubna_data_02_mir/recover-20220922/UBNA_001/20220921_090000.WAV,Telephone Field,recover-20220922,001,1795
1100.0075,1100.0495,68437,82095,Rhinolophus ferrumequinum,0.029,0.029,-1,Echolocation,/mnt/ubna_data_02_mir/recover-20220922/UBNA_001/20220921_090000.WAV,Telephone Field,recover-20220922,001,1795
1100.0215,1100.0585,68437,81697,Rhinolophus ferrumequinum,0.021,0.021,-1,Echolocation,/mnt/ubna_data_02_mir/recover-20220922/UBNA_001/20220921_090000.WAV,Telephone Field,recover-20220922,001,1795
1100.0595,1100.0989,68437,82852,Rhinolophus ferrumequinum,0.023,0.023,-1,Echolocation,/mnt/ubna_data_02_mir/recover-20220922/UBNA_001/20220921_090000.WAV,Telephone Field,recover-20220922,001,1795
1100.0725,1100.1138,68437,82160,Rhinolophus ferrumequinum,0.024,0.024,-1,Echolocation,/mnt/ubna_data_02_mir/recover-20220922/UBNA_001/20220921_090000.WAV,Telephone Field,recover-20220922,001,1795
1100.0765,1100.087,22890,28573,Nyctalus leisleri,0.009,0.023,-1,Echolocation,/mnt/ubna_data_02_mir/recover-20220922/UBNA_001/20220921_090000.WAV,Telephone Field,recover-20220922,001,1795
1100.0975,1100.1077,22890,29184,Nyctalus leisleri,0.009,0.025,-1,Echolocation,/mnt/ubna_data_02_mir/recover-20220922/UBNA_001/20220921_090000.WAV,Telephone Field,recover-20220922,001,1795
1100.1205,1100.1606,68437,82102,Rhinolophus ferrumequinum,0.021,0.021,-1,Echolocation,/mnt/ubna_data_02_mir/recover-20220922/UBNA_001/20220921_090000.WAV,Telephone Field,recover-20220922,001,1795
1100.1265,1100.1673,68437,82783,Rhinolophus ferrumequinum,0.021,0.022,-1,Echolocation,/mnt/ubna_data_02_mir/recover-20220922/UBNA_001/20220921_090000.WAV,Telephone Field,recover-20220922,001,1795
1100.1465,1100.1544,25468,34376,Eptesicus serotinus,0.007,0.021,-1,Echolocation,/mnt/ubna_data_02_mir/recover-20220922/UBNA_001/20220921_090000.WAV,Telephone Field,recover-20220922,001,1795
1100.1575,1100.1996,68437,82935,Rhinolophus ferrumequinum,0.023,0.023,-1,Echolocation,/mnt/ubna_data_02_mir/recover-20220922/UBNA_001/20220921_090000.WAV,Telephone Field,recover-20220922,001,1795
1100.1615,1100.1696,38359,49508,Myotis brandtii,0.006,0.023,-1,Echolocation,/mnt/ubna_data_02_mir/recover-20220922/UBNA_001/20220921_090000.WAV,Telephone Field,recover-20220922,001,1795
1100.1655,1100.1741,28906,39530,Eptesicus serotinus,0.008,0.021,-1,Echolocation,/mnt/ubna_data_02_mir/recover-20220922/UBNA_001/20220921_090000.WAV,Telephone Field,recover-20220922,001,1795
1100.1715,1100.1805,28906,37396,Eptesicus serotinus,0.008,0.021,-1,Echolocation,/mnt/ubna_data_02_mir/recover-20220922/UBNA_001/20220921_090000.WAV,Telephone Field,recover-20220922,001,1795
1100.1825,1100.2191,68437,81531,Rhinolophus ferrumequinum,0.023,0.023,-1,Echolocation,/mnt/ubna_data_02_mir/recover-20220922/UBNA_001/20220921_090000.WAV,Telephone Field,recover-20220922,001,1795
1100.1975,1100.2091,57265,61926,Pipistrellus pygmaeus,0.023,0.023,-1,Echolocation,/mnt/ubna_data_02_mir/recover-20220922/UBNA_001/20220921_090000.WAV,Telephone Field,recover-20220922,001,1795
1100.2005,1100.208,27187,37565,Eptesicus serotinus,0.011,0.03,-1,Echolocation,/mnt/ubna_data_02_mir/recover-20220922/UBNA_001/20220921_090000.WAV,Telephone Field,recover-20220922,001,1795
1100.2165,1100.2536,68437,81724,Rhinolophus ferrumequinum,0.021,0.021,-1,Echolocation,/mnt/ubna_data_02_mir/recover-20220922/UBNA_001/20220921_090000.WAV,Telephone Field,recover-20220922,001,1795
1100.2895,1100.3054,52968,57079,Pipistrellus pygmaeus,0.019,0.029,-1,Echolocation,/mnt/ubna_data_02_mir/recover-20220922/UBNA_001/20220921_090000.WAV,Telephone Field,recover-20220922,001,1795
1100.2905,1100.3303,68437,82491,Rhinolophus ferrumequinum,0.027,0.027,-1,Echolocation,/mnt/ubna_data_02_mir/recover-20220922/UBNA_001/20220921_090000.WAV,Telephone Field,recover-20220922,001,1795
1100.3055,1100.3452,68437,82496,Rhinolophus ferrumequinum,0.023,0.023,-1,Echolocation,/mnt/ubna_data_02_mir/recover-20220922/UBNA_001/20220921_090000.WAV,Telephone Field,recover-20220922,001,1795
1100.3335,1100.3685,68437,80938,Rhinolophus ferrumequinum,0.022,0.022,-1,Echolocation,/mnt/ubna_data_02_mir/recover-20220922/UBNA_001/20220921_090000.WAV,Telephone Field,recover-20220922,001,1795
1100.3445,1100.3765,68437,81155,Rhinolophus ferrumequinum,0.027,0.027,-1,Echolocation,/mnt/ubna_data_02_mir/recover-20220922/UBNA_001/20220921_090000.WAV,Telephone Field,recover-20220922,001,1795
1100.3575,1100.3957,68437,81872,Rhinolophus ferrumequinum,0.021,0.021,-1,Echolocation,/mnt/ubna_data_02_mir/recover-20220922/UBNA_001/20220921_090000.WAV,Telephone Field,recover-20220922,001,1795
1100.3665,1100.3789,28906,35419,Eptesicus serotinus,0.018,0.03,-1,Echolocation,/mnt/ubna_data_02_mir/recover-20220922/UBNA_001/20220921_090000.WAV,Telephone Field,recover-20220922,001,1795
1100.3735,1100.4141,68437,82494,Rhinolophus ferrumequinum,0.023,0.023,-1,Echolocation,/mnt/ubna_data_02_mir/recover-20220922/UBNA_001/20220921_090000.WAV,Telephone Field,recover-20220922,001,1795
1100.4175,1100.4592,68437,82775,Rhinolophus ferrumequinum,0.022,0.022,-1,Echolocation,/mnt/ubna_data_02_mir/recover-20220922/UBNA_001/20220921_090000.WAV,Telephone Field,recover-20220922,001,1795
1100.4435,1100.4856,68437,83039,Rhinolophus ferrumequinum,0.036,0.036,-1,Echolocation,/mnt/ubna_data_02_mir/recover-20220922/UBNA_001/20220921_090000.WAV,Telephone Field,recover-20220922,001,1795
1100.4595,1100.4978,68437,82105,Rhinolophus ferrumequinum,0.021,0.021,-1,Echolocation,/mnt/ubna_data_02_mir/recover-20220922/UBNA_001/20220921_090000.WAV,Telephone Field,recover-20220922,001,1795
1100.4865,1100.5286,68437,83322,Rhinolophus ferrumequinum,0.023,0.023,-1,Echolocation,/mnt/ubna_data_02_mir/recover-20220922/UBNA_001/20220921_090000.WAV,Telephone Field,recover-20220922,001,1795
1100.4885,1100.4994,22890,28017,Nyctalus leisleri,0.014,0.027,-1,Echolocation,/mnt/ubna_data_02_mir/recover-20220922/UBNA_001/20220921_090000.WAV,Telephone Field,recover-20220922,001,1795
1100.5085,1100.5462,68437,81929,Rhinolophus ferrumequinum,0.022,0.022,-1,Echolocation,/mnt/ubna_data_02_mir/recover-20220922/UBNA_001/20220921_090000.WAV,Telephone Field,recover-20220922,001,1795
1100.5195,1100.5299,22890,28190,Nyctalus leisleri,0.009,0.021,-1,Echolocation,/mnt/ubna_data_02_mir/recover-20220922/UBNA_001/20220921_090000.WAV,Telephone Field,recover-20220922,001,1795
1100.5295,1100.5648,68437,81601,Rhinolophus ferrumequinum,0.022,0.022,-1,Echolocation,/mnt/ubna_data_02_mir/recover-20220922/UBNA_001/20220921_090000.WAV,Telephone Field,recover-20220922,001,1795
1100.5445,1100.5797,68437,81099,Rhinolophus ferrumequinum,0.02,0.021,-1,Echolocation,/mnt/ubna_data_02_mir/recover-20220922/UBNA_001/20220921_090000.WAV,Telephone Field,recover-20220922,001,1795
1100.5735,1100.6132,68437,82341,Rhinolophus ferrumequinum,0.023,0.023,-1,Echolocation,/mnt/ubna_data_02_mir/recover-20220922/UBNA_001/20220921_090000.WAV,Telephone Field,recover-20220922,001,1795
1100.6285,1100.6642,68437,81532,Rhinolophus ferrumequinum,0.021,0.021,-1,Echolocation,/mnt/ubna_data_02_mir/recover-20220922/UBNA_001/20220921_090000.WAV,Telephone Field,recover-20220922,001,1795
1100.6655,1100.7034,68437,82139,Rhinolophus ferrumequinum,0.022,0.022,-1,Echolocation,/mnt/ubna_data_02_mir/recover-20220922/UBNA_001/20220921_090000.WAV,Telephone Field,recover-20220922,001,1795
1100.6665,1100.678,22031,25940,Nyctalus leisleri,0.013,0.021,-1,Echolocation,/mnt/ubna_data_02_mir/recover-20220922/UBNA_001/20220921_090000.WAV,Telephone Field,recover-20220922,001,1795
1100.6925,1100.7303,68437,82101,Rhinolophus ferrumequinum,0.022,0.022,-1,Echolocation,/mnt/ubna_data_02_mir/recover-20220922/UBNA_001/20220921_090000.WAV,Telephone Field,recover-20220922,001,1795
1100.7125,1100.7213,28906,37250,Eptesicus serotinus,0.009,0.021,-1,Echolocation,/mnt/ubna_data_02_mir/recover-20220922/UBNA_001/20220921_090000.WAV,Telephone Field,recover-20220922,001,1795
1100.7185,1100.7602,68437,82812,Rhinolophus ferrumequinum,0.03,0.03,-1,Echolocation,/mnt/ubna_data_02_mir/recover-20220922/UBNA_001/20220921_090000.WAV,Telephone Field,recover-20220922,001,1795
1100.7345,1100.7689,68437,80391,Rhinolophus ferrumequinum,0.023,0.023,-1,Echolocation,/mnt/ubna_data_02_mir/recover-20220922/UBNA_001/20220921_090000.WAV,Telephone Field,recover-20220922,001,1795
1100.7455,1100.7525,24609,35609,Plecotus austriacus,0.008,0.023,-1,Echolocation,/mnt/ubna_data_02_mir/recover-20220922/UBNA_001/20220921_090000.WAV,Telephone Field,recover-20220922,001,1795
1100.7585,1100.7987,68437,82475,Rhinolophus ferrumequinum,0.023,0.023,-1,Echolocation,/mnt/ubna_data_02_mir/recover-20220922/UBNA_001/20220921_090000.WAV,Telephone Field,recover-20220922,001,1795
1100.7795,1100.7861,47812,52488,Pipistrellus pipistrellus,0.02,0.021,-1,Echolocation,/mnt/ubna_data_02_mir/recover-20220922/UBNA_001/20220921_090000.WAV,Telephone Field,recover-20220922,001,1795
1100.8195,1100.8635,68437,83569,Rhinolophus ferrumequinum,0.04,0.04,-1,Echolocation,/mnt/ubna_data_02_mir/recover-20220922/UBNA_001/20220921_090000.WAV,Telephone Field,recover-20220922,001,1795
1100.8195,1100.8279,28046,39916,Eptesicus serotinus,0.009,0.023,-1,Echolocation,/mnt/ubna_data_02_mir/recover-20220922/UBNA_001/20220921_090000.WAV,Telephone Field,recover-20220922,001,1795
1100.8395,1100.8796,68437,82396,Rhinolophus ferrumequinum,0.021,0.021,-1,Echolocation,/mnt/ubna_data_02_mir/recover-20220922/UBNA_001/20220921_090000.WAV,Telephone Field,recover-20220922,001,1795
1100.8405,1100.8512,24609,30991,Nyctalus leisleri,0.009,0.024,-1,Echolocation,/mnt/ubna_data_02_mir/recover-20220922/UBNA_001/20220921_090000.WAV,Telephone Field,recover-20220922,001,1795
1100.8575,1100.8672,24609,30511,Nyctalus leisleri,0.008,0.021,-1,Echolocation,/mnt/ubna_data_02_mir/recover-20220922/UBNA_001/20220921_090000.WAV,Telephone Field,recover-20220922,001,1795
1100.8685,1100.9104,68437,82474,Rhinolophus ferrumequinum,0.02,0.02,-1,Echolocation,/mnt/ubna_data_02_mir/recover-20220922/UBNA_001/20220921_090000.WAV,Telephone Field,recover-20220922,001,1795
1100.8835,1100.8912,28906,37978,Eptesicus serotinus,0.01,0.024,-1,Echolocation,/mnt/ubna_data_02_mir/recover-20220922/UBNA_001/20220921_090000.WAV,Telephone Field,recover-20220922,001,1795
1100.8925,1100.9252,68437,80383,Rhinolophus ferrumequinum,0.022,0.022,-1,Echolocation,/mnt/ubna_data_02_mir/recover-20220922/UBNA_001/20220921_090000.WAV,Telephone Field,recover-20220922,001,1795
1100.9105,1100.9473,68437,80664,Rhinolophus ferrumequinum,0.021,0.021,-1,Echolocation,/mnt/ubna_data_02_mir/recover-20220922/UBNA_001/20220921_090000.WAV,Telephone Field,recover-20220922,001,1795
1100.9335,1100.9756,68437,82885,Rhinolophus ferrumequinum,0.026,0.026,-1,Echolocation,/mnt/ubna_data_02_mir/recover-20220922/UBNA_001/20220921_090000.WAV,Telephone Field,recover-20220922,001,1795
1100.9645,1101.0038,68437,81852,Rhinolophus ferrumequinum,0.022,0.022,-1,Echolocation,/mnt/ubna_data_02_mir/recover-20220922/UBNA_001/20220921_090000.WAV,Telephone Field,recover-20220922,001,1795
1100.9795,1101.0208,68437,83043,Rhinolophus ferrumequinum,0.023,0.023,-1,Echolocation,/mnt/ubna_data_02_mir/recover-20220922/UBNA_001/20220921_090000.WAV,Telephone Field,recover-20220922,001,1795
1100.9965,1101.0067,28906,37216,Eptesicus serotinus,0.012,0.023,-1,Echolocation,/mnt/ubna_data_02_mir/recover-20220922/UBNA_001/20220921_090000.WAV,Telephone Field,recover-20220922,001,1795
1101.0355,1101.0744,68437,82402,Rhinolophus ferrumequinum,0.024,0.024,-1,Echolocation,/mnt/ubna_data_02_mir/recover-20220922/UBNA_001/20220921_090000.WAV,Telephone Field,recover-20220922,001,1795
1101.0495,1101.0867,68437,81771,Rhinolophus ferrumequinum,0.022,0.022,-1,Echolocation,/mnt/ubna_data_02_mir/recover-20220922/UBNA_001/20220921_090000.WAV,Telephone Field,recover-20220922,001,1795
1101.0545,1101.0629,23750,31767,Plecotus austriacus,0.01,0.026,-1,Echolocation,/mnt/ubna_data_02_mir/recover-20220922/UBNA_001/20220921_090000.WAV,Telephone Field,recover-20220922,001,1795
1101.0835,1101.09,47812,51518,Pipistrellus pipistrellus,0.031,0.032,-1,Echolocation,/mnt/ubna_data_02_mir/recover-20220922/UBNA_001/20220921_090000.WAV,Telephone Field,recover-20220922,001,1795
1101.0975,1101.1404,68437,83621,Rhinolophus ferrumequinum,0.034,0.034,-1,Echolocation,/mnt/ubna_data_02_mir/recover-20220922/UBNA_001/20220921_090000.WAV,Telephone Field,recover-20220922,001,1795
1101.1195,1101.1607,68437,82638,Rhinolophus ferrumequinum,0.022,0.022,-1,Echolocation,/mnt/ubna_data_02_mir/recover-20220922/UBNA_001/20220921_090000.WAV,Telephone Field,recover-20220922,001,1795
1101.1215,1101.1306,28906,39412,Eptesicus serotinus,0.008,0.023,-1,Echolocation,/mnt/ubna_data_02_mir/recover-20220922/UBNA_001/20220921_090000.WAV,Telephone Field,recover-20220922,001,1795
1101.1605,1101.1956,68437,81417,Rhinolophus ferrumequinum,0.026,0.026,-1,Echolocation,/mnt/ubna_data_02_mir/recover-20220922/UBNA_001/20220921_090000.WAV,Telephone Field,recover-20220922,001,1795
1101.1845,1101.2242,68437,82310,Rhinolophus ferrumequinum,0.025,0.025,-1,Echolocation,/mnt/ubna_data_02_mir/recover-20220922/UBNA_001/20220921_090000.WAV,Telephone Field,recover-20220922,001,1795
1101.1945,1101.2312,68437,82208,Rhinolophus ferrumequinum,0.022,0.022,-1,Echolocation,/mnt/ubna_data_02_mir/recover-20220922/UBNA_001/20220921_090000.WAV,Telephone Field,recover-20220922,001,1795
1101.2355,1101.2457,28906,35946,Eptesicus serotinus,0.011,0.023,-1,Echolocation,/mnt/ubna_data_02_mir/recover-20220922/UBNA_001/20220921_090000.WAV,Telephone Field,recover-20220922,001,1795
1101.2395,1101.2792,68437,82226,Rhinolophus ferrumequinum,0.021,0.021,-1,Echolocation,/mnt/ubna_data_02_mir/recover-20220922/UBNA_001/20220921_090000.WAV,Telephone Field,recover-20220922,001,1795
1101.2985,1101.3081,28906,38406,Eptesicus serotinus,0.009,0.021,-1,Echolocation,/mnt/ubna_data_02_mir/recover-20220922/UBNA_001/20220921_090000.WAV,Telephone Field,recover-20220922,001,1795
1101.3095,1101.3175,27187,36493,Eptesicus serotinus,0.01,0.026,-1,Echolocation,/mnt/ubna_data_02_mir/recover-20220922/UBNA_001/20220921_090000.WAV,Telephone Field,recover-20220922,001,1795
1101.3445,1101.3837,68437,82302,Rhinolophus ferrumequinum,0.025,0.025,-1,Echolocation,/mnt/ubna_data_02_mir/recover-20220922/UBNA_001/20220921_090000.WAV,Telephone Field,recover-20220922,001,1795
1101.3455,1101.3593,26328,32526,Eptesicus serotinus,0.014,0.03,-1,Echolocation,/mnt/ubna_data_02_mir/recover-20220922/UBNA_001/20220921_090000.WAV,Telephone Field,recover-20220922,001,1795
1101.3525,1101.3934,68437,82217,Rhinolophus ferrumequinum,0.024,0.024,-1,Echolocation,/mnt/ubna_data_02_mir/recover-20220922/UBNA_001/20220921_090000.WAV,Telephone Field,recover-20220922,001,1795
1101.3995,1101.4366,68437,82148,Rhinolophus ferrumequinum,0.021,0.021,-1,Echolocation,/mnt/ubna_data_02_mir/recover-20220922/UBNA_001/20220921_090000.WAV,Telephone Field,recover-20220922,001,1795
1101.4125,1101.4216,34062,40974,Barbastellus barbastellus,0.013,0.032,-1,Echolocation,/mnt/ubna_data_02_mir/recover-20220922/UBNA_001/20220921_090000.WAV,Telephone Field,recover-20220922,001,1795
1101.4285,1101.4671,68437,82051,Rhinolophus ferrumequinum,0.021,0.021,-1,Echolocation,/mnt/ubna_data_02_mir/recover-20220922/UBNA_001/20220921_090000.WAV,Telephone Field,recover-20220922,001,1795
1101.4465,1101.4855,68437,82214,Rhinolophus ferrumequinum,0.025,0.025,-1,Echolocation,/mnt/ubna_data_02_mir/recover-20220922/UBNA_001/20220921_090000.WAV,Telephone Field,recover-20220922,001,1795
1101.4515,1101.4627,23750,28562,Nyctalus leisleri,0.013,0.025,-1,Echolocation,/mnt/ubna_data_02_mir/recover-20220922/UBNA_001/20220921_090000.WAV,Telephone Field,recover-20220922,001,1795
1101.4595,1101.4976,68437,81949,Rhinolophus ferrumequinum,0.023,0.023,-1,Echolocation,/mnt/ubna_data_02_mir/recover-20220922/UBNA_001/20220921_090000.WAV,Telephone Field,recover-20220922,001,1795
1101.4655,1101.5036,68437,81971,Rhinolophus ferrumequinum,0.023,0.023,-1,Echolocation,/mnt/ubna_data_02_mir/recover-20220922/UBNA_001/20220921_090000.WAV,Telephone Field,recover-20220922,001,1795
1101.4765,1101.4885,30625,37272,Eptesicus serotinus,0.017,0.032,-1,Echolocation,/mnt/ubna_data_02_mir/recover-20220922/UBNA_001/20220921_090000.WAV,Telephone Field,recover-20220922,001,1795
1101.4885,1101.5309,68437,83024,Rhinolophus ferrumequinum,0.057,0.057,-1,Echolocation,/mnt/ubna_data_02_mir/recover-20220922/UBNA_001/20220921_090000.WAV,Telephone Field,recover-20220922,001,1795
1101.5025,1101.5232,19453,22606,Nyctalus leisleri,0.012,0.025,-1,Echolocation,/mnt/ubna_data_02_mir/recover-20220922/UBNA_001/20220921_090000.WAV,Telephone Field,recover-20220922,001,1795
1101.5265,1101.5657,68437,82574,Rhinolophus ferrumequinum,0.027,0.027,-1,Echolocation,/mnt/ubna_data_02_mir/recover-20220922/UBNA_001/20220921_090000.WAV,Telephone Field,recover-20220922,001,1795
1101.5455,1101.5862,68437,82941,Rhinolophus ferrumequinum,0.027,0.027,-1,Echolocation,/mnt/ubna_data_02_mir/recover-20220922/UBNA_001/20220921_090000.WAV,Telephone Field,recover-20220922,001,1795
1101.5645,1101.5753,22890,28097,Nyctalus leisleri,0.012,0.025,-1,Echolocation,/mnt/ubna_data_02_mir/recover-20220922/UBNA_001/20220921_090000.WAV,Telephone Field,recover-20220922,001,1795
1101.5705,1101.6043,68437,80679,Rhinolophus ferrumequinum,0.022,0.022,-1,Echolocation,/mnt/ubna_data_02_mir/recover-20220922/UBNA_001/20220921_090000.WAV,Telephone Field,recover-20220922,001,1795
1101.5805,1101.6175,68437,81849,Rhinolophus ferrumequinum,0.029,0.029,-1,Echolocation,/mnt/ubna_data_02_mir/recover-20220922/UBNA_001/20220921_090000.WAV,Telephone Field,recover-20220922,001,1795
1101.5915,1101.6008,26328,33251,Eptesicus serotinus,0.011,0.025,-1,Echolocation,/mnt/ubna_data_02_mir/recover-20220922/UBNA_001/20220921_090000.WAV,Telephone Field,recover-20220922,001,1795
1101.6045,1101.643,68437,81813,Rhinolophus ferrumequinum,0.022,0.022,-1,Echolocation,/mnt/ubna_data_02_mir/recover-20220922/UBNA_001/20220921_090000.WAV,Telephone Field,recover-20220922,001,1795
1101.6575,1101.6666,49531,54499,Pipistrellus pipistrellus,0.027,0.03,-1,Echolocation,/mnt/ubna_data_02_mir/recover-20220922/UBNA_001/20220921_090000.WAV,Telephone Field,recover-20220922,001,1795
1101.6705,1101.71,68437,82362,Rhinolophus ferrumequinum,0.024,0.024,-1,Echolocation,/mnt/ubna_data_02_mir/recover-20220922/UBNA_001/20220921_090000.WAV,Telephone Field,recover-20220922,001,1795
1101.6835,1101.7245,68437,82778,Rhinolophus ferrumequinum,0.025,0.025,-1,Echolocation,/mnt/ubna_data_02_mir/recover-20220922/UBNA_001/20220921_090000.WAV,Telephone Field,recover-20220922,001,1795
1101.7185,1101.727,29765,38578,Eptesicus serotinus,0.007,0.02,-1,Echolocation,/mnt/ubna_data_02_mir/recover-20220922/UBNA_001/20220921_090000.WAV,Telephone Field,recover-20220922,001,1795
1101.7775,1101.8185,68437,82422,Rhinolophus ferrumequinum,0.022,0.022,-1,Echolocation,/mnt/ubna_data_02_mir/recover-20220922/UBNA_001/20220921_090000.WAV,Telephone Field,recover-20220922,001,1795
1101.7965,1101.8066,24609,30966,Nyctalus leisleri,0.008,0.021,-1,Echolocation,/mnt/ubna_data_02_mir/recover-20220922/UBNA_001/20220921_090000.WAV,Telephone Field,recover-20220922,001,1795
1101.8205,1101.8296,28046,36141,Eptesicus serotinus,0.012,0.024,-1,Echolocation,/mnt/ubna_data_02_mir/recover-20220922/UBNA_001/20220921_090000.WAV,Telephone Field,recover-20220922,001,1795
1101.8505,1101.8927,68437,83327,Rhinolophus ferrumequinum,0.024,0.024,-1,Echolocation,/mnt/ubna_data_02_mir/recover-20220922/UBNA_001/20220921_090000.WAV,Telephone Field,recover-20220922,001,1795
1101.8685,1101.8793,22890,28734,Nyctalus leisleri,0.011,0.025,-1,Echolocation,/mnt/ubna_data_02_mir/recover-20220922/UBNA_001/20220921_090000.WAV,Telephone Field,recover-20220922,001,1795
1101.8885,1101.9013,25468,31864,Eptesicus serotinus,0.013,0.029,-1,Echolocation,/mnt/ubna_data_02_mir/recover-20220922/UBNA_001/20220921_090000.WAV,Telephone Field,recover-20220922,001,1795
1101.8995,1101.9367,68437,81447,Rhinolophus ferrumequinum,0.022,0.022,-1,Echolocation,/mnt/ubna_data_02_mir/recover-20220922/UBNA_001/20220921_090000.WAV,Telephone Field,recover-20220922,001,1795
1101.9015,1101.9102,44375,51318,Pipistrellus pipistrellus,0.025,0.028,-1,Echolocation,/mnt/ubna_data_02_mir/recover-20220922/UBNA_001/20220921_090000.WAV,Telephone Field,recover-20220922,001,1795
1101.9015,1101.9091,28046,40096,Eptesicus serotinus,0.008,0.022,-1,Echolocation,/mnt/ubna_data_02_mir/recover-20220922/UBNA_001/20220921_090000.WAV,Telephone Field,recover-20220922,001,1795
1101.9155,1101.9273,23750,28762,Nyctalus leisleri,0.011,0.023,-1,Echolocation,/mnt/ubna_data_02_mir/recover-20220922/UBNA_001/20220921_090000.WAV,Telephone Field,recover-20220922,001,1795
1101.9225,1101.9605999999999,68437,81738,Rhinolophus ferrumequinum,0.021,0.022,-1,Echolocation,/mnt/ubna_data_02_mir/recover-20220922/UBNA_001/20220921_090000.WAV,Telephone Field,recover-20220922,001,1795
1101.9305,1101.9416,28906,35454,Eptesicus serotinus,0.012,0.024,-1,Echolocation,/mnt/ubna_data_02_mir/recover-20220922/UBNA_001/20220921_090000.WAV,Telephone Field,recover-20220922,001,1795
1101.9355,1101.9737,68437,82146,Rhinolophus ferrumequinum,0.022,0.022,-1,Echolocation,/mnt/ubna_data_02_mir/recover-20220922/UBNA_001/20220921_090000.WAV,Telephone Field,recover-20220922,001,1795
1101.9395,1101.9499,22890,28864,Nyctalus leisleri,0.01,0.023,-1,Echolocation,/mnt/ubna_data_02_mir/recover-20220922/UBNA_001/20220921_090000.WAV,Telephone Field,recover-20220922,001,1795
1102.0015,1102.0081,30625,41985,Myotis daubentonii,0.006,0.022,-1,Echolocation,/mnt/ubna_data_02_mir/recover-20220922/UBNA_001/20220921_090000.WAV,Telephone Field,recover-20220922,001,1795
1102.0015,1102.0114,40078,46452,Pipistrellus nathusii,0.019,0.026,-1,Echolocation,/mnt/ubna_data_02_mir/recover-20220922/UBNA_001/20220921_090000.WAV,Telephone Field,recover-20220922,001,1795
1102.0015,1102.0078,22890,31921,Plecotus austriacus,0.014,0.039,-1,Echolocation,/mnt/ubna_data_02_mir/recover-20220922/UBNA_001/20220921_090000.WAV,Telephone Field,recover-20220922,001,1795
1102.0015,1102.0326,68437,79805,Rhinolophus ferrumequinum,0.035,0.036,-1,Echolocation,/mnt/ubna_data_02_mir/recover-20220922/UBNA_001/20220921_090000.WAV,Telephone Field,recover-20220922,001,1795
1102.0285,1102.036,28906,39983,Eptesicus serotinus,0.007,0.022,-1,Echolocation,/mnt/ubna_data_02_mir/recover-20220922/UBNA_001/20220921_090000.WAV,Telephone Field,recover-20220922,001,1795
1102.0675,1102.1056,68437,81658,Rhinolophus ferrumequinum,0.022,0.022,-1,Echolocation,/mnt/ubna_data_02_mir/recover-20220922/UBNA_001/20220921_090000.WAV,Telephone Field,recover-20220922,001,1795
1102.0995,1102.1355,68437,80876,Rhinolophus ferrumequinum,0.021,0.021,-1,Echolocation,/mnt/ubna_data_02_mir/recover-20220922/UBNA_001/20220921_090000.WAV,Telephone Field,recover-20220922,001,1795
1102.1095,1102.1487,68437,82109,Rhinolophus ferrumequinum,0.021,0.021,-1,Echolocation,/mnt/ubna_data_02_mir/recover-20220922/UBNA_001/20220921_090000.WAV,Telephone Field,recover-20220922,001,1795
1102.1115,1102.1211,27187,35751,Eptesicus serotinus,0.01,0.024,-1,Echolocation,/mnt/ubna_data_02_mir/recover-20220922/UBNA_001/20220921_090000.WAV,Telephone Field,recover-20220922,001,1795
1102.2005,1102.2099,27187,36925,Eptesicus serotinus,0.009,0.022,-1,Echolocation,/mnt/ubna_data_02_mir/recover-20220922/UBNA_001/20220921_090000.WAV,Telephone Field,recover-20220922,001,1795
1102.2195,1102.2573,68437,81355,Rhinolophus ferrumequinum,0.023,0.023,-1,Echolocation,/mnt/ubna_data_02_mir/recover-20220922/UBNA_001/20220921_090000.WAV,Telephone Field,recover-20220922,001,1795
1102.2255,1102.2632,68437,82161,Rhinolophus ferrumequinum,0.023,0.023,-1,Echolocation,/mnt/ubna_data_02_mir/recover-20220922/UBNA_001/20220921_090000.WAV,Telephone Field,recover-20220922,001,1795
1102.2405,1102.2504,21171,26782,Plecotus austriacus,0.011,0.036,-1,Echolocation,/mnt/ubna_data_02_mir/recover-20220922/UBNA_001/20220921_090000.WAV,Telephone Field,recover-20220922,001,1795
1102.2965,1102.3333,68437,80813,Rhinolophus ferrumequinum,0.025,0.025,-1,Echolocation,/mnt/ubna_data_02_mir/recover-20220922/UBNA_001/20220921_090000.WAV,Telephone Field,recover-20220922,001,1795
1102.3015,1102.3093,28046,37903,Eptesicus serotinus,0.007,0.02,-1,Echolocation,/mnt/ubna_data_02_mir/recover-20220922/UBNA_001/20220921_090000.WAV,Telephone Field,recover-20220922,001,1795
1102.3545,1102.3956,68437,82643,Rhinolophus ferrumequinum,0.025,0.025,-1,Echolocation,/mnt/ubna_data_02_mir/recover-20220922/UBNA_001/20220921_090000.WAV,Telephone Field,recover-20220922,001,1795
1102.3665,1102.4065,68437,82538,Rhinolophus ferrumequinum,0.023,0.023,-1,Echolocation,/mnt/ubna_data_02_mir/recover-20220922/UBNA_001/20220921_090000.WAV,Telephone Field,recover-20220922,001,1795
1102.4005,1102.4105,44375,49571,Pipistrellus pipistrellus,0.028,0.03,-1,Echolocation,/mnt/ubna_data_02_mir/recover-20220922/UBNA_001/20220921_090000.WAV,Telephone Field,recover-20220922,001,1795
1102.4185,1102.4283,28046,36373,Eptesicus serotinus,0.014,0.027,-1,Echolocation,/mnt/ubna_data_02_mir/recover-20220922/UBNA_001/20220921_090000.WAV,Telephone Field,recover-20220922,001,1795
1102.4195,1102.4601,68437,82201,Rhinolophus ferrumequinum,0.021,0.021,-1,Echolocation,/mnt/ubna_data_02_mir/recover-20220922/UBNA_001/20220921_090000.WAV,Telephone Field,recover-20220922,001,1795
1102.4515,1102.4627,22890,28395,Nyctalus leisleri,0.014,0.029,-1,Echolocation,/mnt/ubna_data_02_mir/recover-20220922/UBNA_001/20220921_090000.WAV,Telephone Field,recover-20220922,001,1795
1102.4805,1102.5178,68437,82215,Rhinolophus ferrumequinum,0.021,0.021,-1,Echolocation,/mnt/ubna_data_02_mir/recover-20220922/UBNA_001/20220921_090000.WAV,Telephone Field,recover-20220922,001,1795
1102.5175,1102.529,26328,33239,Eptesicus serotinus,0.012,0.024,-1,Echolocation,/mnt/ubna_data_02_mir/recover-20220922/UBNA_001/20220921_090000.WAV,Telephone Field,recover-20220922,001,1795
1102.5235,1102.5603,68437,82096,Rhinolophus ferrumequinum,0.024,0.024,-1,Echolocation,/mnt/ubna_data_02_mir/recover-20220922/UBNA_001/20220921_090000.WAV,Telephone Field,recover-20220922,001,1795
1102.5305,1102.5675,68437,81097,Rhinolophus ferrumequinum,0.024,0.024,-1,Echolocation,/mnt/ubna_data_02_mir/recover-20220922/UBNA_001/20220921_090000.WAV,Telephone Field,recover-20220922,001,1795
1102.5815,1102.5902,50390,56360,Pipistrellus pipistrellus,0.02,0.027,-1,Echolocation,/mnt/ubna_data_02_mir/recover-20220922/UBNA_001/20220921_090000.WAV,Telephone Field,recover-20220922,001,1795
1102.5845,1102.6203,68437,81644,Rhinolophus ferrumequinum,0.023,0.023,-1,Echolocation,/mnt/ubna_data_02_mir/recover-20220922/UBNA_001/20220921_090000.WAV,Telephone Field,recover-20220922,001,1795
1102.5905,1102.6006,26328,35411,Eptesicus serotinus,0.014,0.027,-1,Echolocation,/mnt/ubna_data_02_mir/recover-20220922/UBNA_001/20220921_090000.WAV,Telephone Field,recover-20220922,001,1795
1102.5965,1102.6382,68437,83105,Rhinolophus ferrumequinum,0.029,0.029,-1,Echolocation,/mnt/ubna_data_02_mir/recover-20220922/UBNA_001/20220921_090000.WAV,Telephone Field,recover-20220922,001,1795
1102.6585,1102.6927,68437,81204,Rhinolophus ferrumequinum,0.022,0.022,-1,Echolocation,/mnt/ubna_data_02_mir/recover-20220922/UBNA_001/20220921_090000.WAV,Telephone Field,recover-20220922,001,1795
1102.6585,1102.6696,23750,30291,Nyctalus leisleri,0.014,0.036,-1,Echolocation,/mnt/ubna_data_02_mir/recover-20220922/UBNA_001/20220921_090000.WAV,Telephone Field,recover-20220922,001,1795
1102.6885,1102.7277,68437,82771,Rhinolophus ferrumequinum,0.022,0.022,-1,Echolocation,/mnt/ubna_data_02_mir/recover-20220922/UBNA_001/20220921_090000.WAV,Telephone Field,recover-20220922,001,1795
1102.6935,1102.7334,68437,82691,Rhinolophus ferrumequinum,0.022,0.022,-1,Echolocation,/mnt/ubna_data_02_mir/recover-20220922/UBNA_001/20220921_090000.WAV,Telephone Field,recover-20220922,001,1795
1102.7045,1102.7151,22890,27477,Nyctalus leisleri,0.011,0.021,-1,Echolocation,/mnt/ubna_data_02_mir/recover-20220922/UBNA_001/20220921_090000.WAV,Telephone Field,recover-20220922,001,1795
1102.7345,1102.7445,28046,37978,Eptesicus serotinus,0.01,0.022,-1,Echolocation,/mnt/ubna_data_02_mir/recover-20220922/UBNA_001/20220921_090000.WAV,Telephone Field,recover-20220922,001,1795
1102.7395,1102.7794,68437,82513,Rhinolophus ferrumequinum,0.024,0.024,-1,Echolocation,/mnt/ubna_data_02_mir/recover-20220922/UBNA_001/20220921_090000.WAV,Telephone Field,recover-20220922,001,1795
1102.7585,1102.7692,29765,36667,Eptesicus serotinus,0.009,0.024,-1,Echolocation,/mnt/ubna_data_02_mir/recover-20220922/UBNA_001/20220921_090000.WAV,Telephone Field,recover-20220922,001,1795
1102.7885,1102.7975,27187,36662,Eptesicus serotinus,0.008,0.021,-1,Echolocation,/mnt/ubna_data_02_mir/recover-20220922/UBNA_001/20220921_090000.WAV,Telephone Field,recover-20220922,001,1795
1102.8115,1102.8519000000001,68437,82590,Rhinolophus ferrumequinum,0.022,0.022,-1,Echolocation,/mnt/ubna_data_02_mir/recover-20220922/UBNA_001/20220921_090000.WAV,Telephone Field,recover-20220922,001,1795
1102.8485,1102.8594,22890,28019,Nyctalus leisleri,0.013,0.026,-1,Echolocation,/mnt/ubna_data_02_mir/recover-20220922/UBNA_001/20220921_090000.WAV,Telephone Field,recover-20220922,001,1795
1102.8505,1102.8851,68437,81501,Rhinolophus ferrumequinum,0.022,0.022,-1,Echolocation,/mnt/ubna_data_02_mir/recover-20220922/UBNA_001/20220921_090000.WAV,Telephone Field,recover-20220922,001,1795
1102.9075,1102.9471,68437,81651,Rhinolophus ferrumequinum,0.022,0.022,-1,Echolocation,/mnt/ubna_data_02_mir/recover-20220922/UBNA_001/20220921_090000.WAV,Telephone Field,recover-20220922,001,1795
1102.9195,1102.9325,25468,30680,Eptesicus serotinus,0.023,0.056,-1,Echolocation,/mnt/ubna_data_02_mir/recover-20220922/UBNA_001/20220921_090000.WAV,Telephone Field,recover-20220922,001,1795
1102.9235,1102.9626,68437,81730,Rhinolophus ferrumequinum,0.024,0.024,-1,Echolocation,/mnt/ubna_data_02_mir/recover-20220922/UBNA_001/20220921_090000.WAV,Telephone Field,recover-20220922,001,1795
1102.9305,1102.9405,23750,30273,Nyctalus leisleri,0.009,0.021,-1,Echolocation,/mnt/ubna_data_02_mir/recover-20220922/UBNA_001/20220921_090000.WAV,Telephone Field,recover-20220922,001,1795
1102.9595,1102.9948,68437,81259,Rhinolophus ferrumequinum,0.022,0.023,-1,Echolocation,/mnt/ubna_data_02_mir/recover-20220922/UBNA_001/20220921_090000.WAV,Telephone Field,recover-20220922,001,1795
1102.9645,1102.9741,22890,28886,Nyctalus leisleri,0.009,0.022,-1,Echolocation,/mnt/ubna_data_02_mir/recover-20220922/UBNA_001/20220921_090000.WAV,Telephone Field,recover-20220922,001,1795
1103.0405,1103.0769,68437,81836,Rhinolophus ferrumequinum,0.025,0.025,-1,Echolocation,/mnt/ubna_data_02_mir/recover-20220922/UBNA_001/20220921_090000.WAV,Telephone Field,recover-20220922,001,1795
1103.0575,1103.0683,28046,34795,Eptesicus serotinus,0.017,0.03,-1,Echolocation,/mnt/ubna_data_02_mir/recover-20220922/UBNA_001/20220921_090000.WAV,Telephone Field,recover-20220922,001,1795
1103.0715,1103.1122,68437,82647,Rhinolophus ferrumequinum,0.026,0.026,-1,Echolocation,/mnt/ubna_data_02_mir/recover-20220922/UBNA_001/20220921_090000.WAV,Telephone Field,recover-20220922,001,1795
1103.1105,1103.1194,29765,38035,Eptesicus serotinus,0.008,0.023,-1,Echolocation,/mnt/ubna_data_02_mir/recover-20220922/UBNA_001/20220921_090000.WAV,Telephone Field,recover-20220922,001,1795
1103.1125,1103.1513,68437,82289,Rhinolophus ferrumequinum,0.021,0.021,-1,Echolocation,/mnt/ubna_data_02_mir/recover-20220922/UBNA_001/20220921_090000.WAV,Telephone Field,recover-20220922,001,1795
1103.1565,1103.1929,68437,82000,Rhinolophus ferrumequinum,0.022,0.022,-1,Echolocation,/mnt/ubna_data_02_mir/recover-20220922/UBNA_001/20220921_090000.WAV,Telephone Field,recover-20220922,001,1795
1103.1745,1103.1841,23750,31186,Nyctalus leisleri,0.008,0.027,-1,Echolocation,/mnt/ubna_data_02_mir/recover-20220922/UBNA_001/20220921_090000.WAV,Telephone Field,recover-20220922,001,1795
1103.1875,1103.1963,27187,35410,Eptesicus serotinus,0.009,0.02,-1,Echolocation,/mnt/ubna_data_02_mir/recover-20220922/UBNA_001/20220921_090000.WAV,Telephone Field,recover-20220922,001,1795
1103.2035,1103.2133,28046,35662,Eptesicus serotinus,0.013,0.028,-1,Echolocation,/mnt/ubna_data_02_mir/recover-20220922/UBNA_001/20220921_090000.WAV,Telephone Field,recover-20220922,001,1795
1103.2425,1103.2525,28046,38242,Eptesicus serotinus,0.01,0.022,-1,Echolocation,/mnt/ubna_data_02_mir/recover-20220922/UBNA_001/20220921_090000.WAV,Telephone Field,recover-20220922,001,1795
1103.2635,1103.3041,68437,82362,Rhinolophus ferrumequinum,0.022,0.022,-1,Echolocation,/mnt/ubna_data_02_mir/recover-20220922/UBNA_001/20220921_090000.WAV,Telephone Field,recover-20220922,001,1795
1103.2695,1103.2806,28906,35620,Eptesicus serotinus,0.016,0.029,-1,Echolocation,/mnt/ubna_data_02_mir/recover-20220922/UBNA_001/20220921_090000.WAV,Telephone Field,recover-20220922,001,1795
1103.3245,1103.3636,68437,82506,Rhinolophus ferrumequinum,0.021,0.021,-1,Echolocation,/mnt/ubna_data_02_mir/recover-20220922/UBNA_001/20220921_090000.WAV,Telephone Field,recover-20220922,001,1795
1103.3335,1103.3745,68437,82084,Rhinolophus ferrumequinum,0.023,0.023,-1,Echolocation,/mnt/ubna_data_02_mir/recover-20220922/UBNA_001/20220921_090000.WAV,Telephone Field,recover-20220922,001,1795
1103.3395,1103.3511,26328,33310,Eptesicus serotinus,0.012,0.028,-1,Echolocation,/mnt/ubna_data_02_mir/recover-20220922/UBNA_001/20220921_090000.WAV,Telephone Field,recover-20220922,001,1795
1103.3585,1103.3684,25468,32727,Eptesicus serotinus,0.009,0.024,-1,Echolocation,/mnt/ubna_data_02_mir/recover-20220922/UBNA_001/20220921_090000.WAV,Telephone Field,recover-20220922,001,1795
1103.3875,1103.4292,68437,82956,Rhinolophus ferrumequinum,0.024,0.024,-1,Echolocation,/mnt/ubna_data_02_mir/recover-20220922/UBNA_001/20220921_090000.WAV,Telephone Field,recover-20220922,001,1795
1103.3995,1103.4096,25468,32574,Eptesicus serotinus,0.01,0.024,-1,Echolocation,/mnt/ubna_data_02_mir/recover-20220922/UBNA_001/20220921_090000.WAV,Telephone Field,recover-20220922,001,1795
1103.4545,1103.4949,68437,82074,Rhinolophus ferrumequinum,0.021,0.021,-1,Echolocation,/mnt/ubna_data_02_mir/recover-20220922/UBNA_001/20220921_090000.WAV,Telephone Field,recover-20220922,001,1795
1103.4875,1103.5251,68437,81951,Rhinolophus ferrumequinum,0.022,0.022,-1,Echolocation,/mnt/ubna_data_02_mir/recover-20220922/UBNA_001/20220921_090000.WAV,Telephone Field,recover-20220922,001,1795
1103.5085,1103.5474,68437,82210,Rhinolophus ferrumequinum,0.032,0.032,-1,Echolocation,/mnt/ubna_data_02_mir/recover-20220922/UBNA_001/20220921_090000.WAV,Telephone Field,recover-20220922,001,1795
1103.5265,1103.5352,28046,37057,Eptesicus serotinus,0.007,0.021,-1,Echolocation,/mnt/ubna_data_02_mir/recover-20220922/UBNA_001/20220921_090000.WAV,Telephone Field,recover-20220922,001,1795
1103.5525,1103.5908,68437,82034,Rhinolophus ferrumequinum,0.021,0.021,-1,Echolocation,/mnt/ubna_data_02_mir/recover-20220922/UBNA_001/20220921_090000.WAV,Telephone Field,recover-20220922,001,1795
1103.5595,1103.569,26328,35596,Eptesicus serotinus,0.011,0.025,-1,Echolocation,/mnt/ubna_data_02_mir/recover-20220922/UBNA_001/20220921_090000.WAV,Telephone Field,recover-20220922,001,1795
1103.5855,1103.6263,68437,82737,Rhinolophus ferrumequinum,0.022,0.022,-1,Echolocation,/mnt/ubna_data_02_mir/recover-20220922/UBNA_001/20220921_090000.WAV,Telephone Field,recover-20220922,001,1795
1103.6205,1103.659,68437,81555,Rhinolophus ferrumequinum,0.026,0.026,-1,Echolocation,/mnt/ubna_data_02_mir/recover-20220922/UBNA_001/20220921_090000.WAV,Telephone Field,recover-20220922,001,1795
1103.6305,1103.672,68437,82537,Rhinolophus ferrumequinum,0.022,0.022,-1,Echolocation,/mnt/ubna_data_02_mir/recover-20220922/UBNA_001/20220921_090000.WAV,Telephone Field,recover-20220922,001,1795
1103.6655,1103.7045,68437,82546,Rhinolophus ferrumequinum,0.026,0.026,-1,Echolocation,/mnt/ubna_data_02_mir/recover-20220922/UBNA_001/20220921_090000.WAV,Telephone Field,recover-20220922,001,1795
1103.6845,1103.7228,68437,82812,Rhinolophus ferrumequinum,0.023,0.023,-1,Echolocation,/mnt/ubna_data_02_mir/recover-20220922/UBNA_001/20220921_090000.WAV,Telephone Field,recover-20220922,001,1795
1103.6965,1103.7068,22031,27110,Nyctalus leisleri,0.009,0.022,-1,Echolocation,/mnt/ubna_data_02_mir/recover-20220922/UBNA_001/20220921_090000.WAV,Telephone Field,recover-20220922,001,1795
1103.7915,1103.8346,68437,83173,Rhinolophus ferrumequinum,0.032,0.032,-1,Echolocation,/mnt/ubna_data_02_mir/recover-20220922/UBNA_001/20220921_090000.WAV,Telephone Field,recover-20220922,001,1795
1103.8435,1103.8546,28906,36518,Eptesicus serotinus,0.012,0.025,-1,Echolocation,/mnt/ubna_data_02_mir/recover-20220922/UBNA_001/20220921_090000.WAV,Telephone Field,recover-20220922,001,1795
1103.8585,1103.897,68437,81773,Rhinolophus ferrumequinum,0.02,0.02,-1,Echolocation,/mnt/ubna_data_02_mir/recover-20220922/UBNA_001/20220921_090000.WAV,Telephone Field,recover-20220922,001,1795
1103.8645,1103.8744,28906,37166,Eptesicus serotinus,0.01,0.023,-1,Echolocation,/mnt/ubna_data_02_mir/recover-20220922/UBNA_001/20220921_090000.WAV,Telephone Field,recover-20220922,001,1795
1103.8935,1103.9364,68437,82778,Rhinolophus ferrumequinum,0.028,0.029,-1,Echolocation,/mnt/ubna_data_02_mir/recover-20220922/UBNA_001/20220921_090000.WAV,Telephone Field,recover-20220922,001,1795
1103.9275,1103.9355,24609,33879,Eptesicus serotinus,0.006,0.021,-1,Echolocation,/mnt/ubna_data_02_mir/recover-20220922/UBNA_001/20220921_090000.WAV,Telephone Field,recover-20220922,001,1795
1103.9355,1103.9739,68437,82437,Rhinolophus ferrumequinum,0.021,0.021,-1,Echolocation,/mnt/ubna_data_02_mir/recover-20220922/UBNA_001/20220921_090000.WAV,Telephone Field,recover-20220922,001,1795
1103.9395,1103.9522,22890,27456,Nyctalus leisleri,0.015,0.028,-1,Echolocation,/mnt/ubna_data_02_mir/recover-20220922/UBNA_001/20220921_090000.WAV,Telephone Field,recover-20220922,001,1795
1103.9525,1103.9928,68437,82191,Rhinolophus ferrumequinum,0.023,0.023,-1,Echolocation,/mnt/ubna_data_02_mir/recover-20220922/UBNA_001/20220921_090000.WAV,Telephone Field,recover-20220922,001,1795
1103.9535,1103.9628,28046,37515,Eptesicus serotinus,0.015,0.031,-1,Echolocation,/mnt/ubna_data_02_mir/recover-20220922/UBNA_001/20220921_090000.WAV,Telephone Field,recover-20220922,001,1795
1103.9905,1103.9993,27187,39488,Eptesicus serotinus,0.008,0.021,-1,Echolocation,/mnt/ubna_data_02_mir/recover-20220922/UBNA_001/20220921_090000.WAV,Telephone Field,recover-20220922,001,1795
1104.0015,1104.0342,68437,80455,Rhinolophus ferrumequinum,0.055,0.055,-1,Echolocation,/mnt/ubna_data_02_mir/recover-20220922/UBNA_001/20220921_090000.WAV,Telephone Field,recover-20220922,001,1795
1104.0015,1104.01,24609,32404,Nyctalus leisleri,0.008,0.024,-1,Echolocation,/mnt/ubna_data_02_mir/recover-20220922/UBNA_001/20220921_090000.WAV,Telephone Field,recover-20220922,001,1795
1104.0015,1104.0102,48671,55164,Pipistrellus pipistrellus,0.024,0.031,-1,Echolocation,/mnt/ubna_data_02_mir/recover-20220922/UBNA_001/20220921_090000.WAV,Telephone Field,recover-20220922,001,1795
1104.0085,1104.0503,68437,82120,Rhinolophus ferrumequinum,0.025,0.025,-1,Echolocation,/mnt/ubna_data_02_mir/recover-20220922/UBNA_001/20220921_090000.WAV,Telephone Field,recover-20220922,001,1795
1104.0095,1104.0195,45234,51652,Pipistrellus pipistrellus,0.021,0.029,-1,Echolocation,/mnt/ubna_data_02_mir/recover-20220922/UBNA_001/20220921_090000.WAV,Telephone Field,recover-20220922,001,1795
1104.0115,1104.0182,31484,47296,Myotis daubentonii,0.01,0.021,-1,Echolocation,/mnt/ubna_data_02_mir/recover-20220922/UBNA_001/20220921_090000.WAV,Telephone Field,recover-20220922,001,1795
1104.0415,1104.0487,28046,40173,Eptesicus serotinus,0.007,0.027,-1,Echolocation,/mnt/ubna_data_02_mir/recover-20220922/UBNA_001/20220921_090000.WAV,Telephone Field,recover-20220922,001,1795
1104.0445,1104.0821,68437,81349,Rhinolophus ferrumequinum,0.023,0.023,-1,Echolocation,/mnt/ubna_data_02_mir/recover-20220922/UBNA_001/20220921_090000.WAV,Telephone Field,recover-20220922,001,1795
1104.0605,1104.0981,68437,82430,Rhinolophus ferrumequinum,0.023,0.023,-1,Echolocation,/mnt/ubna_data_02_mir/recover-20220922/UBNA_001/20220921_090000.WAV,Telephone Field,recover-20220922,001,1795
1104.0685,1104.1076,68437,82168,Rhinolophus ferrumequinum,0.022,0.022,-1,Echolocation,/mnt/ubna_data_02_mir/recover-20220922/UBNA_001/20220921_090000.WAV,Telephone Field,recover-20220922,001,1795
1104.1015,1104.1419,68437,81964,Rhinolophus ferrumequinum,0.023,0.024,-1,Echolocation,/mnt/ubna_data_02_mir/recover-20220922/UBNA_001/20220921_090000.WAV,Telephone Field,recover-20220922,001,1795
1104.1295,1104.1366,28046,40075,Eptesicus serotinus,0.006,0.024,-1,Echolocation,/mnt/ubna_data_02_mir/recover-20220922/UBNA_001/20220921_090000.WAV,Telephone Field,recover-20220922,001,1795
1104.1835,1104.2183,68437,80798,Rhinolophus ferrumequinum,0.026,0.026,-1,Echolocation,/mnt/ubna_data_02_mir/recover-20220922/UBNA_001/20220921_090000.WAV,Telephone Field,recover-20220922,001,1795
1104.2045,1104.2237,20312,23172,Nyctalus leisleri,0.017,0.031,-1,Echolocation,/mnt/ubna_data_02_mir/recover-20220922/UBNA_001/20220921_090000.WAV,Telephone Field,recover-20220922,001,1795
1104.2115,1104.2187,28906,38146,Eptesicus serotinus,0.007,0.024,-1,Echolocation,/mnt/ubna_data_02_mir/recover-20220922/UBNA_001/20220921_090000.WAV,Telephone Field,recover-20220922,001,1795
1104.2135,1104.2521,68437,82207,Rhinolophus ferrumequinum,0.023,0.023,-1,Echolocation,/mnt/ubna_data_02_mir/recover-20220922/UBNA_001/20220921_090000.WAV,Telephone Field,recover-20220922,001,1795
1104.2315,1104.2723,68437,82522,Rhinolophus ferrumequinum,0.023,0.023,-1,Echolocation,/mnt/ubna_data_02_mir/recover-20220922/UBNA_001/20220921_090000.WAV,Telephone Field,recover-20220922,001,1795
1104.2445,1104.2835,68437,82179,Rhinolophus ferrumequinum,0.024,0.024,-1,Echolocation,/mnt/ubna_data_02_mir/recover-20220922/UBNA_001/20220921_090000.WAV,Telephone Field,recover-20220922,001,1795
1104.2775,1104.3156,68437,82514,Rhinolophus ferrumequinum,0.022,0.022,-1,Echolocation,/mnt/ubna_data_02_mir/recover-20220922/UBNA_001/20220921_090000.WAV,Telephone Field,recover-20220922,001,1795
1104.2915,1104.3293,68437,82036,Rhinolophus ferrumequinum,0.022,0.022,-1,Echolocation,/mnt/ubna_data_02_mir/recover-20220922/UBNA_001/20220921_090000.WAV,Telephone Field,recover-20220922,001,1795
1104.3225,1104.3634,68437,82974,Rhinolophus ferrumequinum,0.025,0.025,-1,Echolocation,/mnt/ubna_data_02_mir/recover-20220922/UBNA_001/20220921_090000.WAV,Telephone Field,recover-20220922,001,1795
1104.4105,1104.4218,22031,26676,Nyctalus leisleri,0.011,0.022,-1,Echolocation,/mnt/ubna_data_02_mir/recover-20220922/UBNA_001/20220921_090000.WAV,Telephone Field,recover-20220922,001,1795
1104.4185,1104.4552,68437,82405,Rhinolophus ferrumequinum,0.021,0.021,-1,Echolocation,/mnt/ubna_data_02_mir/recover-20220922/UBNA_001/20220921_090000.WAV,Telephone Field,recover-20220922,001,1795
1104.4345,1104.444,22890,28950,Nyctalus leisleri,0.008,0.021,-1,Echolocation,/mnt/ubna_data_02_mir/recover-20220922/UBNA_001/20220921_090000.WAV,Telephone Field,recover-20220922,001,1795
1104.4485,1104.4836,68437,81585,Rhinolophus ferrumequinum,0.021,0.021,-1,Echolocation,/mnt/ubna_data_02_mir/recover-20220922/UBNA_001/20220921_090000.WAV,Telephone Field,recover-20220922,001,1795
1104.4565,1104.4963,68437,82440,Rhinolophus ferrumequinum,0.024,0.024,-1,Echolocation,/mnt/ubna_data_02_mir/recover-20220922/UBNA_001/20220921_090000.WAV,Telephone Field,recover-20220922,001,1795
1104.4745,1104.5134,68437,81912,Rhinolophus ferrumequinum,0.023,0.023,-1,Echolocation,/mnt/ubna_data_02_mir/recover-20220922/UBNA_001/20220921_090000.WAV,Telephone Field,recover-20220922,001,1795
1104.5165,1104.5567,68437,82608,Rhinolophus ferrumequinum,0.025,0.025,-1,Echolocation,/mnt/ubna_data_02_mir/recover-20220922/UBNA_001/20220921_090000.WAV,Telephone Field,recover-20220922,001,1795
1104.5505,1104.5593,28046,36186,Eptesicus serotinus,0.008,0.021,-1,Echolocation,/mnt/ubna_data_02_mir/recover-20220922/UBNA_001/20220921_090000.WAV,Telephone Field,recover-20220922,001,1795
1104.5535,1104.5926,68437,82460,Rhinolophus ferrumequinum,0.023,0.023,-1,Echolocation,/mnt/ubna_data_02_mir/recover-20220922/UBNA_001/20220921_090000.WAV,Telephone Field,recover-20220922,001,1795
1104.5935,1104.631,68437,81637,Rhinolophus ferrumequinum,0.021,0.021,-1,Echolocation,/mnt/ubna_data_02_mir/recover-20220922/UBNA_001/20220921_090000.WAV,Telephone Field,recover-20220922,001,1795
1104.6055,1104.6183,22890,26963,Nyctalus leisleri,0.014,0.023,-1,Echolocation,/mnt/ubna_data_02_mir/recover-20220922/UBNA_001/20220921_090000.WAV,Telephone Field,recover-20220922,001,1795
1104.6085,1104.6429,68437,81583,Rhinolophus ferrumequinum,0.022,0.022,-1,Echolocation,/mnt/ubna_data_02_mir/recover-20220922/UBNA_001/20220921_090000.WAV,Telephone Field,recover-20220922,001,1795
1104.6235,1104.6576,68437,81226,Rhinolophus ferrumequinum,0.022,0.022,-1,Echolocation,/mnt/ubna_data_02_mir/recover-20220922/UBNA_001/20220921_090000.WAV,Telephone Field,recover-20220922,001,1795
1104.6425,1104.6527,28046,35779,Eptesicus serotinus,0.011,0.025,-1,Echolocation,/mnt/ubna_data_02_mir/recover-20220922/UBNA_001/20220921_090000.WAV,Telephone Field,recover-20220922,001,1795
1104.6595,1104.6992,68437,82524,Rhinolophus ferrumequinum,0.027,0.027,-1,Echolocation,/mnt/ubna_data_02_mir/recover-20220922/UBNA_001/20220921_090000.WAV,Telephone Field,recover-20220922,001,1795
1104.6895,1104.7321,68437,82972,Rhinolophus ferrumequinum,0.041,0.041,-1,Echolocation,/mnt/ubna_data_02_mir/recover-20220922/UBNA_001/20220921_090000.WAV,Telephone Field,recover-20220922,001,1795
1104.7555,1104.7995,68437,83379,Rhinolophus ferrumequinum,0.082,0.082,-1,Echolocation,/mnt/ubna_data_02_mir/recover-20220922/UBNA_001/20220921_090000.WAV,Telephone Field,recover-20220922,001,1795
1104.7805,1104.8207,68437,82848,Rhinolophus ferrumequinum,0.023,0.023,-1,Echolocation,/mnt/ubna_data_02_mir/recover-20220922/UBNA_001/20220921_090000.WAV,Telephone Field,recover-20220922,001,1795
1104.8045,1104.8433,68437,82486,Rhinolophus ferrumequinum,0.024,0.024,-1,Echolocation,/mnt/ubna_data_02_mir/recover-20220922/UBNA_001/20220921_090000.WAV,Telephone Field,recover-20220922,001,1795
1104.8435,1104.8502,27187,39476,Eptesicus serotinus,0.006,0.022,-1,Echolocation,/mnt/ubna_data_02_mir/recover-20220922/UBNA_001/20220921_090000.WAV,Telephone Field,recover-20220922,001,1795
1104.8585,1104.8991,68437,82478,Rhinolophus ferrumequinum,0.025,0.025,-1,Echolocation,/mnt/ubna_data_02_mir/recover-20220922/UBNA_001/20220921_090000.WAV,Telephone Field,recover-20220922,001,1795
1104.8655,1104.878,33203,38759,Eptesicus serotinus,0.011,0.03,-1,Echolocation,/mnt/ubna_data_02_mir/recover-20220922/UBNA_001/20220921_090000.WAV,Telephone Field,recover-20220922,001,1795
1104.8945,1104.9334,68437,82669,Rhinolophus ferrumequinum,0.023,0.023,-1,Echolocation,/mnt/ubna_data_02_mir/recover-20220922/UBNA_001/20220921_090000.WAV,Telephone Field,recover-20220922,001,1795
1104.9465,1104.9545,47812,51893,Pipistrellus pipistrellus,0.03,0.032,-1,Echolocation,/mnt/ubna_data_02_mir/recover-20220922/UBNA_001/20220921_090000.WAV,Telephone Field,recover-20220922,001,1795
1104.9665,1104.9767,22031,26807,Nyctalus leisleri,0.011,0.025,-1,Echolocation,/mnt/ubna_data_02_mir/recover-20220922/UBNA_001/20220921_090000.WAV,Telephone Field,recover-20220922,001,1795
1104.9775,1105.0131,68437,81177,Rhinolophus ferrumequinum,0.022,0.022,-1,Echolocation,/mnt/ubna_data_02_mir/recover-20220922/UBNA_001/20220921_090000.WAV,Telephone Field,recover-20220922,001,1795
1104.9795,1104.9875,28046,38491,Eptesicus serotinus,0.007,0.022,-1,Echolocation,/mnt/ubna_data_02_mir/recover-20220922/UBNA_001/20220921_090000.WAV,Telephone Field,recover-20220922,001,1795
1104.9805,1104.9894,22890,29023,Plecotus austriacus,0.008,0.023,-1,Echolocation,/mnt/ubna_data_02_mir/recover-20220922/UBNA_001/20220921_090000.WAV,Telephone Field,recover-20220922,001,1795
1104.9925,1105.0301,68437,82369,Rhinolophus ferrumequinum,0.022,0.022,-1,Echolocation,/mnt/ubna_data_02_mir/recover-20220922/UBNA_001/20220921_090000.WAV,Telephone Field,recover-20220922,001,1795
1105.0285,1105.0418,22890,27542,Nyctalus leisleri,0.021,0.037,-1,Echolocation,/mnt/ubna_data_02_mir/recover-20220922/UBNA_001/20220921_090000.WAV,Telephone Field,recover-20220922,001,1795
1105.0315,1105.0711000000001,68437,82601,Rhinolophus ferrumequinum,0.023,0.023,-1,Echolocation,/mnt/ubna_data_02_mir/recover-20220922/UBNA_001/20220921_090000.WAV,Telephone Field,recover-20220922,001,1795
1105.0755,1105.0833,28046,37970,Eptesicus serotinus,0.006,0.024,-1,Echolocation,/mnt/ubna_data_02_mir/recover-20220922/UBNA_001/20220921_090000.WAV,Telephone Field,recover-20220922,001,1795
1105.1355,1105.1431,28046,39830,Eptesicus serotinus,0.007,0.022,-1,Echolocation,/mnt/ubna_data_02_mir/recover-20220922/UBNA_001/20220921_090000.WAV,Telephone Field,recover-20220922,001,1795
1105.1595,1105.1674,28046,39865,Eptesicus serotinus,0.008,0.022,-1,Echolocation,/mnt/ubna_data_02_mir/recover-20220922/UBNA_001/20220921_090000.WAV,Telephone Field,recover-20220922,001,1795
1105.1865,1105.2254,68437,82261,Rhinolophus ferrumequinum,0.026,0.026,-1,Echolocation,/mnt/ubna_data_02_mir/recover-20220922/UBNA_001/20220921_090000.WAV,Telephone Field,recover-20220922,001,1795
1105.2425,1105.2813,68437,82231,Rhinolophus ferrumequinum,0.024,0.025,-1,Echolocation,/mnt/ubna_data_02_mir/recover-20220922/UBNA_001/20220921_090000.WAV,Telephone Field,recover-20220922,001,1795
1105.2615,1105.2974,68437,81048,Rhinolophus ferrumequinum,0.023,0.023,-1,Echolocation,/mnt/ubna_data_02_mir/recover-20220922/UBNA_001/20220921_090000.WAV,Telephone Field,recover-20220922,001,1795
1105.2735,1105.3108,68437,81876,Rhinolophus ferrumequinum,0.023,0.023,-1,Echolocation,/mnt/ubna_data_02_mir/recover-20220922/UBNA_001/20220921_090000.WAV,Telephone Field,recover-20220922,001,1795
1105.2945,1105.3073,23750,28873,Nyctalus leisleri,0.011,0.021,-1,Echolocation,/mnt/ubna_data_02_mir/recover-20220922/UBNA_001/20220921_090000.WAV,Telephone Field,recover-20220922,001,1795
1105.3195,1105.3559,68437,82133,Rhinolophus ferrumequinum,0.022,0.022,-1,Echolocation,/mnt/ubna_data_02_mir/recover-20220922/UBNA_001/20220921_090000.WAV,Telephone Field,recover-20220922,001,1795
1105.3825,1105.4248,68437,83144,Rhinolophus ferrumequinum,0.033,0.033,-1,Echolocation,/mnt/ubna_data_02_mir/recover-20220922/UBNA_001/20220921_090000.WAV,Telephone Field,recover-20220922,001,1795
1105.4085,1105.4484,68437,83106,Rhinolophus ferrumequinum,0.026,0.026,-1,Echolocation,/mnt/ubna_data_02_mir/recover-20220922/UBNA_001/20220921_090000.WAV,Telephone Field,recover-20220922,001,1795
1105.4295,1105.4394,49531,54054,Pipistrellus pipistrellus,0.019,0.023,-1,Echolocation,/mnt/ubna_data_02_mir/recover-20220922/UBNA_001/20220921_090000.WAV,Telephone Field,recover-20220922,001,1795
1105.4435,1105.4822,68437,82318,Rhinolophus ferrumequinum,0.022,0.022,-1,Echolocation,/mnt/ubna_data_02_mir/recover-20220922/UBNA_001/20220921_090000.WAV,Telephone Field,recover-20220922,001,1795
1105.4445,1105.4541,28906,37223,Eptesicus serotinus,0.01,0.026,-1,Echolocation,/mnt/ubna_data_02_mir/recover-20220922/UBNA_001/20220921_090000.WAV,Telephone Field,recover-20220922,001,1795
1105.4565,1105.467,23750,29485,Nyctalus leisleri,0.009,0.021,-1,Echolocation,/mnt/ubna_data_02_mir/recover-20220922/UBNA_001/20220921_090000.WAV,Telephone Field,recover-20220922,001,1795
1105.4715,1105.5122,68437,82067,Rhinolophus ferrumequinum,0.022,0.022,-1,Echolocation,/mnt/ubna_data_02_mir/recover-20220922/UBNA_001/20220921_090000.WAV,Telephone Field,recover-20220922,001,1795
1105.4805,1105.5203,68437,82313,Rhinolophus ferrumequinum,0.026,0.026,-1,Echolocation,/mnt/ubna_data_02_mir/recover-20220922/UBNA_001/20220921_090000.WAV,Telephone Field,recover-20220922,001,1795
1105.4975,1105.5375,68437,82351,Rhinolophus ferrumequinum,0.025,0.025,-1,Echolocation,/mnt/ubna_data_02_mir/recover-20220922/UBNA_001/20220921_090000.WAV,Telephone Field,recover-20220922,001,1795
1105.5245,1105.5635,68437,82268,Rhinolophus ferrumequinum,0.022,0.023,-1,Echolocation,/mnt/ubna_data_02_mir/recover-20220922/UBNA_001/20220921_090000.WAV,Telephone Field,recover-20220922,001,1795
1105.6035,1105.6464,68437,83063,Rhinolophus ferrumequinum,0.03,0.03,-1,Echolocation,/mnt/ubna_data_02_mir/recover-20220922/UBNA_001/20220921_090000.WAV,Telephone Field,recover-20220922,001,1795
1105.6435,1105.6822,68437,82193,Rhinolophus ferrumequinum,0.027,0.027,-1,Echolocation,/mnt/ubna_data_02_mir/recover-20220922/UBNA_001/20220921_090000.WAV,Telephone Field,recover-20220922,001,1795
1105.6535,1105.6636,23750,31221,Nyctalus leisleri,0.008,0.023,-1,Echolocation,/mnt/ubna_data_02_mir/recover-20220922/UBNA_001/20220921_090000.WAV,Telephone Field,recover-20220922,001,1795
1105.6545,1105.6948,68437,82523,Rhinolophus ferrumequinum,0.021,0.021,-1,Echolocation,/mnt/ubna_data_02_mir/recover-20220922/UBNA_001/20220921_090000.WAV,Telephone Field,recover-20220922,001,1795
1105.7325,1105.7515,20312,24190,Nyctalus leisleri,0.021,0.046,-1,Echolocation,/mnt/ubna_data_02_mir/recover-20220922/UBNA_001/20220921_090000.WAV,Telephone Field,recover-20220922,001,1795
1105.7535,1105.7902,68437,81515,Rhinolophus ferrumequinum,0.023,0.023,-1,Echolocation,/mnt/ubna_data_02_mir/recover-20220922/UBNA_001/20220921_090000.WAV,Telephone Field,recover-20220922,001,1795
1105.7585,1105.7962,68437,82012,Rhinolophus ferrumequinum,0.023,0.023,-1,Echolocation,/mnt/ubna_data_02_mir/recover-20220922/UBNA_001/20220921_090000.WAV,Telephone Field,recover-20220922,001,1795
1105.7665,1105.8058,68437,82121,Rhinolophus ferrumequinum,0.021,0.022,-1,Echolocation,/mnt/ubna_data_02_mir/recover-20220922/UBNA_001/20220921_090000.WAV,Telephone Field,recover-20220922,001,1795
1105.7795,1105.7903,22031,27011,Nyctalus leisleri,0.011,0.023,-1,Echolocation,/mnt/ubna_data_02_mir/recover-20220922/UBNA_001/20220921_090000.WAV,Telephone Field,recover-20220922,001,1795
1105.8005,1105.8352,68437,81330,Rhinolophus ferrumequinum,0.023,0.023,-1,Echolocation,/mnt/ubna_data_02_mir/recover-20220922/UBNA_001/20220921_090000.WAV,Telephone Field,recover-20220922,001,1795
1105.8305,1105.8712,68437,82837,Rhinolophus ferrumequinum,0.023,0.023,-1,Echolocation,/mnt/ubna_data_02_mir/recover-20220922/UBNA_001/20220921_090000.WAV,Telephone Field,recover-20220922,001,1795
1105.8415,1105.8576,21171,24181,Nyctalus leisleri,0.017,0.026,-1,Echolocation,/mnt/ubna_data_02_mir/recover-20220922/UBNA_001/20220921_090000.WAV,Telephone Field,recover-20220922,001,1795
1105.8415,1105.8813,68437,82614,Rhinolophus ferrumequinum,0.022,0.022,-1,Echolocation,/mnt/ubna_data_02_mir/recover-20220922/UBNA_001/20220921_090000.WAV,Telephone Field,recover-20220922,001,1795
1105.8555,1105.8901,68437,81608,Rhinolophus ferrumequinum,0.021,0.021,-1,Echolocation,/mnt/ubna_data_02_mir/recover-20220922/UBNA_001/20220921_090000.WAV,Telephone Field,recover-20220922,001,1795
1105.8745,1105.8836000000001,22890,29498,Plecotus austriacus,0.008,0.022,-1,Echolocation,/mnt/ubna_data_02_mir/recover-20220922/UBNA_001/20220921_090000.WAV,Telephone Field,recover-20220922,001,1795
1105.8765,1105.8841,28046,38434,Eptesicus serotinus,0.006,0.021,-1,Echolocation,/mnt/ubna_data_02_mir/recover-20220922/UBNA_001/20220921_090000.WAV,Telephone Field,recover-20220922,001,1795
1105.8945,1105.9043,27187,34706,Eptesicus serotinus,0.009,0.022,-1,Echolocation,/mnt/ubna_data_02_mir/recover-20220922/UBNA_001/20220921_090000.WAV,Telephone Field,recover-20220922,001,1795
1105.9115,1105.9501,68437,82230,Rhinolophus ferrumequinum,0.021,0.021,-1,Echolocation,/mnt/ubna_data_02_mir/recover-20220922/UBNA_001/20220921_090000.WAV,Telephone Field,recover-20220922,001,1795
1105.9125,1105.9235,22890,28648,Nyctalus leisleri,0.012,0.027,-1,Echolocation,/mnt/ubna_data_02_mir/recover-20220922/UBNA_001/20220921_090000.WAV,Telephone Field,recover-20220922,001,1795
1105.9325,1105.9719,68437,81905,Rhinolophus ferrumequinum,0.021,0.021,-1,Echolocation,/mnt/ubna_data_02_mir/recover-20220922/UBNA_001/20220921_090000.WAV,Telephone Field,recover-20220922,001,1795
1105.9445,1105.9826,68437,82212,Rhinolophus ferrumequinum,0.023,0.023,-1,Echolocation,/mnt/ubna_data_02_mir/recover-20220922/UBNA_001/20220921_090000.WAV,Telephone Field,recover-20220922,001,1795
1105.9705,1105.9804,22890,29600,Nyctalus leisleri,0.01,0.03,-1,Echolocation,/mnt/ubna_data_02_mir/recover-20220922/UBNA_001/20220921_090000.WAV,Telephone Field,recover-20220922,001,1795
1106.0015,1106.0097,25468,36404,Eptesicus serotinus,0.007,0.028,-1,Echolocation,/mnt/ubna_data_02_mir/recover-20220922/UBNA_001/20220921_090000.WAV,Telephone Field,recover-20220922,001,1795
1106.0015,1106.0335,68437,80636,Rhinolophus ferrumequinum,0.031,0.031,-1,Echolocation,/mnt/ubna_data_02_mir/recover-20220922/UBNA_001/20220921_090000.WAV,Telephone Field,recover-20220922,001,1795
1106.0095,1106.0537,68437,82423,Rhinolophus ferrumequinum,0.027,0.027,-1,Echolocation,/mnt/ubna_data_02_mir/recover-20220922/UBNA_001/20220921_090000.WAV,Telephone Field,recover-20220922,001,1795
1106.0545,1106.0938,68437,82622,Rhinolophus ferrumequinum,0.069,0.069,-1,Echolocation,/mnt/ubna_data_02_mir/recover-20220922/UBNA_001/20220921_090000.WAV,Telephone Field,recover-20220922,001,1795
1106.0805,1106.1205,68437,82591,Rhinolophus ferrumequinum,0.022,0.022,-1,Echolocation,/mnt/ubna_data_02_mir/recover-20220922/UBNA_001/20220921_090000.WAV,Telephone Field,recover-20220922,001,1795
1106.0885,1106.0944,50390,55498,Pipistrellus pipistrellus,0.032,0.034,-1,Echolocation,/mnt/ubna_data_02_mir/recover-20220922/UBNA_001/20220921_090000.WAV,Telephone Field,recover-20220922,001,1795
1106.1045,1106.1406,68437,80780,Rhinolophus ferrumequinum,0.026,0.026,-1,Echolocation,/mnt/ubna_data_02_mir/recover-20220922/UBNA_001/20220921_090000.WAV,Telephone Field,recover-20220922,001,1795
1106.1275,1106.1357,28906,38210,Eptesicus serotinus,0.007,0.022,-1,Echolocation,/mnt/ubna_data_02_mir/recover-20220922/UBNA_001/20220921_090000.WAV,Telephone Field,recover-20220922,001,1795
1106.1435,1106.1508,27187,37903,Eptesicus serotinus,0.005,0.021,-1,Echolocation,/mnt/ubna_data_02_mir/recover-20220922/UBNA_001/20220921_090000.WAV,Telephone Field,recover-20220922,001,1795
1106.1755,1106.1833,28046,37448,Eptesicus serotinus,0.008,0.024,-1,Echolocation,/mnt/ubna_data_02_mir/recover-20220922/UBNA_001/20220921_090000.WAV,Telephone Field,recover-20220922,001,1795
1106.1855,1106.196,23750,29294,Nyctalus leisleri,0.012,0.026,-1,Echolocation,/mnt/ubna_data_02_mir/recover-20220922/UBNA_001/20220921_090000.WAV,Telephone Field,recover-20220922,001,1795
1106.2105,1106.2515,68437,82624,Rhinolophus ferrumequinum,0.029,0.029,-1,Echolocation,/mnt/ubna_data_02_mir/recover-20220922/UBNA_001/20220921_090000.WAV,Telephone Field,recover-20220922,001,1795
1106.2585,1106.2669,27187,35786,Eptesicus serotinus,0.008,0.021,-1,Echolocation,/mnt/ubna_data_02_mir/recover-20220922/UBNA_001/20220921_090000.WAV,Telephone Field,recover-20220922,001,1795
1106.2625,1106.3032,68437,82491,Rhinolophus ferrumequinum,0.021,0.021,-1,Echolocation,/mnt/ubna_data_02_mir/recover-20220922/UBNA_001/20220921_090000.WAV,Telephone Field,recover-20220922,001,1795
1106.2755,1106.3161,68437,82278,Rhinolophus ferrumequinum,0.023,0.023,-1,Echolocation,/mnt/ubna_data_02_mir/recover-20220922/UBNA_001/20220921_090000.WAV,Telephone Field,recover-20220922,001,1795
1106.3205,1106.3324,23750,29273,Nyctalus leisleri,0.011,0.023,-1,Echolocation,/mnt/ubna_data_02_mir/recover-20220922/UBNA_001/20220921_090000.WAV,Telephone Field,recover-20220922,001,1795
1106.3265,1106.3653,68437,81847,Rhinolophus ferrumequinum,0.024,0.024,-1,Echolocation,/mnt/ubna_data_02_mir/recover-20220922/UBNA_001/20220921_090000.WAV,Telephone Field,recover-20220922,001,1795
1106.3315,1106.3397,26328,36822,Eptesicus serotinus,0.006,0.021,-1,Echolocation,/mnt/ubna_data_02_mir/recover-20220922/UBNA_001/20220921_090000.WAV,Telephone Field,recover-20220922,001,1795
1106.3435,1106.3513,25468,34623,Eptesicus serotinus,0.006,0.021,-1,Echolocation,/mnt/ubna_data_02_mir/recover-20220922/UBNA_001/20220921_090000.WAV,Telephone Field,recover-20220922,001,1795
1106.3905,1106.428,68437,82181,Rhinolophus ferrumequinum,0.021,0.021,-1,Echolocation,/mnt/ubna_data_02_mir/recover-20220922/UBNA_001/20220921_090000.WAV,Telephone Field,recover-20220922,001,1795
1106.4025,1106.442,68437,81936,Rhinolophus ferrumequinum,0.023,0.023,-1,Echolocation,/mnt/ubna_data_02_mir/recover-20220922/UBNA_001/20220921_090000.WAV,Telephone Field,recover-20220922,001,1795
1106.4225,1106.4336,23750,29284,Nyctalus leisleri,0.011,0.024,-1,Echolocation,/mnt/ubna_data_02_mir/recover-20220922/UBNA_001/20220921_090000.WAV,Telephone Field,recover-20220922,001,1795
1106.4475,1106.487,68437,82288,Rhinolophus ferrumequinum,0.021,0.021,-1,Echolocation,/mnt/ubna_data_02_mir/recover-20220922/UBNA_001/20220921_090000.WAV,Telephone Field,recover-20220922,001,1795
1106.4925,1106.5003,27187,39658,Eptesicus serotinus,0.006,0.024,-1,Echolocation,/mnt/ubna_data_02_mir/recover-20220922/UBNA_001/20220921_090000.WAV,Telephone Field,recover-20220922,001,1795
1106.5015,1106.5385,68437,82192,Rhinolophus ferrumequinum,0.022,0.022,-1,Echolocation,/mnt/ubna_data_02_mir/recover-20220922/UBNA_001/20220921_090000.WAV,Telephone Field,recover-20220922,001,1795
1106.5415,1106.5825,68437,83099,Rhinolophus ferrumequinum,0.026,0.026,-1,Echolocation,/mnt/ubna_data_02_mir/recover-20220922/UBNA_001/20220921_090000.WAV,Telephone Field,recover-20220922,001,1795
1106.5615,1106.6003,68437,82287,Rhinolophus ferrumequinum,0.022,0.022,-1,Echolocation,/mnt/ubna_data_02_mir/recover-20220922/UBNA_001/20220921_090000.WAV,Telephone Field,recover-20220922,001,1795
1106.5675,1106.5768,28046,37136,Eptesicus serotinus,0.008,0.024,-1,Echolocation,/mnt/ubna_data_02_mir/recover-20220922/UBNA_001/20220921_090000.WAV,Telephone Field,recover-20220922,001,1795
1106.5855,1106.6272,68437,82987,Rhinolophus ferrumequinum,0.023,0.023,-1,Echolocation,/mnt/ubna_data_02_mir/recover-20220922/UBNA_001/20220921_090000.WAV,Telephone Field,recover-20220922,001,1795
1106.6215,1106.6619,68437,82458,Rhinolophus ferrumequinum,0.021,0.021,-1,Echolocation,/mnt/ubna_data_02_mir/recover-20220922/UBNA_001/20220921_090000.WAV,Telephone Field,recover-20220922,001,1795
1106.6255,1106.635,24609,32472,Eptesicus serotinus,0.007,0.023,-1,Echolocation,/mnt/ubna_data_02_mir/recover-20220922/UBNA_001/20220921_090000.WAV,Telephone Field,recover-20220922,001,1795
1106.6715,1106.7156,68437,83370,Rhinolophus ferrumequinum,0.031,0.031,-1,Echolocation,/mnt/ubna_data_02_mir/recover-20220922/UBNA_001/20220921_090000.WAV,Telephone Field,recover-20220922,001,1795
1106.7075,1106.7509,68437,83366,Rhinolophus ferrumequinum,0.031,0.031,-1,Echolocation,/mnt/ubna_data_02_mir/recover-20220922/UBNA_001/20220921_090000.WAV,Telephone Field,recover-20220922,001,1795
1106.7625,1106.7694,23750,32394,Plecotus austriacus,0.009,0.021,-1,Echolocation,/mnt/ubna_data_02_mir/recover-20220922/UBNA_001/20220921_090000.WAV,Telephone Field,recover-20220922,001,1795
1106.7765,1106.8117,68437,81699,Rhinolophus ferrumequinum,0.023,0.023,-1,Echolocation,/mnt/ubna_data_02_mir/recover-20220922/UBNA_001/20220921_090000.WAV,Telephone Field,recover-20220922,001,1795
1106.7895,1106.8312,68437,82280,Rhinolophus ferrumequinum,0.026,0.026,-1,Echolocation,/mnt/ubna_data_02_mir/recover-20220922/UBNA_001/20220921_090000.WAV,Telephone Field,recover-20220922,001,1795
1106.8415,1106.88,68437,81958,Rhinolophus ferrumequinum,0.024,0.024,-1,Echolocation,/mnt/ubna_data_02_mir/recover-20220922/UBNA_001/20220921_090000.WAV,Telephone Field,recover-20220922,001,1795
1106.8795,1106.9193,68437,82339,Rhinolophus ferrumequinum,0.021,0.021,-1,Echolocation,/mnt/ubna_data_02_mir/recover-20220922/UBNA_001/20220921_090000.WAV,Telephone Field,recover-20220922,001,1795
1106.8885,1106.926,68437,82076,Rhinolophus ferrumequinum,0.021,0.021,-1,Echolocation,/mnt/ubna_data_02_mir/recover-20220922/UBNA_001/20220921_090000.WAV,Telephone Field,recover-20220922,001,1795
1106.9165,1106.9585,68437,82807,Rhinolophus ferrumequinum,0.024,0.024,-1,Echolocation,/mnt/ubna_data_02_mir/recover-20220922/UBNA_001/20220921_090000.WAV,Telephone Field,recover-20220922,001,1795
1106.9325,1106.9447,22031,26765,Nyctalus leisleri,0.011,0.023,-1,Echolocation,/mnt/ubna_data_02_mir/recover-20220922/UBNA_001/20220921_090000.WAV,Telephone Field,recover-20220922,001,1795
1106.9475,1106.9863,68437,82123,Rhinolophus ferrumequinum,0.021,0.021,-1,Echolocation,/mnt/ubna_data_02_mir/recover-20220922/UBNA_001/20220921_090000.WAV,Telephone Field,recover-20220922,001,1795
1106.9615,1107.0026,68437,82990,Rhinolophus ferrumequinum,0.024,0.024,-1,Echolocation,/mnt/ubna_data_02_mir/recover-20220922/UBNA_001/20220921_090000.WAV,Telephone Field,recover-20220922,001,1795
1107.0045,1107.0142,26328,34732,Eptesicus serotinus,0.011,0.024,-1,Echolocation,/mnt/ubna_data_02_mir/recover-20220922/UBNA_001/20220921_090000.WAV,Telephone Field,recover-20220922,001,1795
1107.0105,1107.019,28046,36841,Eptesicus serotinus,0.01,0.025,-1,Echolocation,/mnt/ubna_data_02_mir/recover-20220922/UBNA_001/20220921_090000.WAV,Telephone Field,recover-20220922,001,1795
1107.0205,1107.0612,68437,82949,Rhinolophus ferrumequinum,0.026,0.026,-1,Echolocation,/mnt/ubna_data_02_mir/recover-20220922/UBNA_001/20220921_090000.WAV,Telephone Field,recover-20220922,001,1795
1107.0425,1107.0571,37500,41261,Pipistrellus nathusii,0.04,0.051,-1,Echolocation,/mnt/ubna_data_02_mir/recover-20220922/UBNA_001/20220921_090000.WAV,Telephone Field,recover-20220922,001,1795
1107.0435,1107.052,28906,37962,Eptesicus serotinus,0.006,0.021,-1,Echolocation,/mnt/ubna_data_02_mir/recover-20220922/UBNA_001/20220921_090000.WAV,Telephone Field,recover-20220922,001,1795
1107.0445,1107.0848,68437,81781,Rhinolophus ferrumequinum,0.021,0.021,-1,Echolocation,/mnt/ubna_data_02_mir/recover-20220922/UBNA_001/20220921_090000.WAV,Telephone Field,recover-20220922,001,1795
1107.0495,1107.0888,68437,82412,Rhinolophus ferrumequinum,0.021,0.021,-1,Echolocation,/mnt/ubna_data_02_mir/recover-20220922/UBNA_001/20220921_090000.WAV,Telephone Field,recover-20220922,001,1795
1107.0705,1107.0785,28046,40253,Eptesicus serotinus,0.007,0.022,-1,Echolocation,/mnt/ubna_data_02_mir/recover-20220922/UBNA_001/20220921_090000.WAV,Telephone Field,recover-20220922,001,1795
1107.0895,1107.1263,68437,81072,Rhinolophus ferrumequinum,0.023,0.023,-1,Echolocation,/mnt/ubna_data_02_mir/recover-20220922/UBNA_001/20220921_090000.WAV,Telephone Field,recover-20220922,001,1795
1107.1115,1107.1483,68437,82076,Rhinolophus ferrumequinum,0.021,0.021,-1,Echolocation,/mnt/ubna_data_02_mir/recover-20220922/UBNA_001/20220921_090000.WAV,Telephone Field,recover-20220922,001,1795
1107.1135,1107.1222,24609,33093,Eptesicus serotinus,0.007,0.027,-1,Echolocation,/mnt/ubna_data_02_mir/recover-20220922/UBNA_001/20220921_090000.WAV,Telephone Field,recover-20220922,001,1795
1107.1265,1107.1344,48671,55789,Pipistrellus pipistrellus,0.024,0.027,-1,Echolocation,/mnt/ubna_data_02_mir/recover-20220922/UBNA_001/20220921_090000.WAV,Telephone Field,recover-20220922,001,1795
1107.1375,1107.1748,68437,82144,Rhinolophus ferrumequinum,0.021,0.021,-1,Echolocation,/mnt/ubna_data_02_mir/recover-20220922/UBNA_001/20220921_090000.WAV,Telephone Field,recover-20220922,001,1795
1107.1505,1107.1614,23750,29979,Nyctalus leisleri,0.01,0.023,-1,Echolocation,/mnt/ubna_data_02_mir/recover-20220922/UBNA_001/20220921_090000.WAV,Telephone Field,recover-20220922,001,1795
1107.1605,1107.1749,22890,27096,Nyctalus leisleri,0.014,0.024,-1,Echolocation,/mnt/ubna_data_02_mir/recover-20220922/UBNA_001/20220921_090000.WAV,Telephone Field,recover-20220922,001,1795
1107.1605,1107.1981,68437,81821,Rhinolophus ferrumequinum,0.021,0.021,-1,Echolocation,/mnt/ubna_data_02_mir/recover-20220922/UBNA_001/20220921_090000.WAV,Telephone Field,recover-20220922,001,1795
1107.1855,1107.2237,68437,82289,Rhinolophus ferrumequinum,0.025,0.025,-1,Echolocation,/mnt/ubna_data_02_mir/recover-20220922/UBNA_001/20220921_090000.WAV,Telephone Field,recover-20220922,001,1795
1107.2205,1107.2312,27187,34743,Eptesicus serotinus,0.014,0.028,-1,Echolocation,/mnt/ubna_data_02_mir/recover-20220922/UBNA_001/20220921_090000.WAV,Telephone Field,recover-20220922,001,1795
1107.2445,1107.2839,68437,82572,Rhinolophus ferrumequinum,0.025,0.025,-1,Echolocation,/mnt/ubna_data_02_mir/recover-20220922/UBNA_001/20220921_090000.WAV,Telephone Field,recover-20220922,001,1795
1107.2795,1107.3199,68437,82523,Rhinolophus ferrumequinum,0.025,0.025,-1,Echolocation,/mnt/ubna_data_02_mir/recover-20220922/UBNA_001/20220921_090000.WAV,Telephone Field,recover-20220922,001,1795
1107.2835,1107.2937,28046,35651,Eptesicus serotinus,0.009,0.021,-1,Echolocation,/mnt/ubna_data_02_mir/recover-20220922/UBNA_001/20220921_090000.WAV,Telephone Field,recover-20220922,001,1795
1107.2895,1107.331,68437,82326,Rhinolophus ferrumequinum,0.023,0.023,-1,Echolocation,/mnt/ubna_data_02_mir/recover-20220922/UBNA_001/20220921_090000.WAV,Telephone Field,recover-20220922,001,1795
1107.3105,1107.319,47812,51700,Pipistrellus pipistrellus,0.021,0.023,-1,Echolocation,/mnt/ubna_data_02_mir/recover-20220922/UBNA_001/20220921_090000.WAV,Telephone Field,recover-20220922,001,1795
1107.3195,1107.3288,22890,29596,Plecotus austriacus,0.009,0.025,-1,Echolocation,/mnt/ubna_data_02_mir/recover-20220922/UBNA_001/20220921_090000.WAV,Telephone Field,recover-20220922,001,1795
1107.3265,1107.3675,68437,82995,Rhinolophus ferrumequinum,0.029,0.029,-1,Echolocation,/mnt/ubna_data_02_mir/recover-20220922/UBNA_001/20220921_090000.WAV,Telephone Field,recover-20220922,001,1795
1107.3485,1107.3877,68437,81831,Rhinolophus ferrumequinum,0.022,0.022,-1,Echolocation,/mnt/ubna_data_02_mir/recover-20220922/UBNA_001/20220921_090000.WAV,Telephone Field,recover-20220922,001,1795
1107.3925,1107.4047,23750,29429,Nyctalus leisleri,0.013,0.028,-1,Echolocation,/mnt/ubna_data_02_mir/recover-20220922/UBNA_001/20220921_090000.WAV,Telephone Field,recover-20220922,001,1795
1107.4415,1107.4483,26328,40809,Eptesicus serotinus,0.005,0.021,-1,Echolocation,/mnt/ubna_data_02_mir/recover-20220922/UBNA_001/20220921_090000.WAV,Telephone Field,recover-20220922,001,1795
1107.4465,1107.4832,68437,82246,Rhinolophus ferrumequinum,0.021,0.021,-1,Echolocation,/mnt/ubna_data_02_mir/recover-20220922/UBNA_001/20220921_090000.WAV,Telephone Field,recover-20220922,001,1795
1107.4525,1107.4618,28906,36516,Eptesicus serotinus,0.008,0.022,-1,Echolocation,/mnt/ubna_data_02_mir/recover-20220922/UBNA_001/20220921_090000.WAV,Telephone Field,recover-20220922,001,1795
1107.4895,1107.5303,68437,82455,Rhinolophus ferrumequinum,0.024,0.024,-1,Echolocation,/mnt/ubna_data_02_mir/recover-20220922/UBNA_001/20220921_090000.WAV,Telephone Field,recover-20220922,001,1795
1107.5285,1107.5698,68437,82786,Rhinolophus ferrumequinum,0.024,0.024,-1,Echolocation,/mnt/ubna_data_02_mir/recover-20220922/UBNA_001/20220921_090000.WAV,Telephone Field,recover-20220922,001,1795
1107.5575,1107.5982,68437,82444,Rhinolophus ferrumequinum,0.026,0.026,-1,Echolocation,/mnt/ubna_data_02_mir/recover-20220922/UBNA_001/20220921_090000.WAV,Telephone Field,recover-20220922,001,1795
1107.5675,1107.5786,23750,29376,Nyctalus leisleri,0.009,0.021,-1,Echolocation,/mnt/ubna_data_02_mir/recover-20220922/UBNA_001/20220921_090000.WAV,Telephone Field,recover-20220922,001,1795
1107.5985,1107.6385,68437,82093,Rhinolophus ferrumequinum,0.023,0.024,-1,Echolocation,/mnt/ubna_data_02_mir/recover-20220922/UBNA_001/20220921_090000.WAV,Telephone Field,recover-20220922,001,1795
1107.6045,1107.6437,68437,82230,Rhinolophus ferrumequinum,0.023,0.023,-1,Echolocation,/mnt/ubna_data_02_mir/recover-20220922/UBNA_001/20220921_090000.WAV,Telephone Field,recover-20220922,001,1795
1107.6615,1107.6773,21171,24467,Nyctalus leisleri,0.015,0.024,-1,Echolocation,/mnt/ubna_data_02_mir/recover-20220922/UBNA_001/20220921_090000.WAV,Telephone Field,recover-20220922,001,1795
1107.6675,1107.707,68437,82268,Rhinolophus ferrumequinum,0.021,0.021,-1,Echolocation,/mnt/ubna_data_02_mir/recover-20220922/UBNA_001/20220921_090000.WAV,Telephone Field,recover-20220922,001,1795
1107.6865,1107.6929,28046,42262,Myotis daubentonii,0.006,0.026,-1,Echolocation,/mnt/ubna_data_02_mir/recover-20220922/UBNA_001/20220921_090000.WAV,Telephone Field,recover-20220922,001,1795
1107.7125,1107.7509,68437,82299,Rhinolophus ferrumequinum,0.022,0.022,-1,Echolocation,/mnt/ubna_data_02_mir/recover-20220922/UBNA_001/20220921_090000.WAV,Telephone Field,recover-20220922,001,1795
1107.7285,1107.769,68437,82682,Rhinolophus ferrumequinum,0.024,0.024,-1,Echolocation,/mnt/ubna_data_02_mir/recover-20220922/UBNA_001/20220921_090000.WAV,Telephone Field,recover-20220922,001,1795
1107.7345,1107.7764,68437,82729,Rhinolophus ferrumequinum,0.023,0.023,-1,Echolocation,/mnt/ubna_data_02_mir/recover-20220922/UBNA_001/20220921_090000.WAV,Telephone Field,recover-20220922,001,1795
1107.7505,1107.791,68437,82334,Rhinolophus ferrumequinum,0.021,0.021,-1,Echolocation,/mnt/ubna_data_02_mir/recover-20220922/UBNA_001/20220921_090000.WAV,Telephone Field,recover-20220922,001,1795
1107.7765,1107.815,68437,81383,Rhinolophus ferrumequinum,0.021,0.021,-1,Echolocation,/mnt/ubna_data_02_mir/recover-20220922/UBNA_001/20220921_090000.WAV,Telephone Field,recover-20220922,001,1795
1107.8265,1107.8641,68437,81601,Rhinolophus ferrumequinum,0.02,0.021,-1,Echolocation,/mnt/ubna_data_02_mir/recover-20220922/UBNA_001/20220921_090000.WAV,Telephone Field,recover-20220922,001,1795
1107.8415,1107.8784,68437,82209,Rhinolophus ferrumequinum,0.021,0.021,-1,Echolocation,/mnt/ubna_data_02_mir/recover-20220922/UBNA_001/20220921_090000.WAV,Telephone Field,recover-20220922,001,1795
1107.8755,1107.9175,68437,83042,Rhinolophus ferrumequinum,0.037,0.037,-1,Echolocation,/mnt/ubna_data_02_mir/recover-20220922/UBNA_001/20220921_090000.WAV,Telephone Field,recover-20220922,001,1795
1107.8805,1107.8877,26328,36389,Eptesicus serotinus,0.01,0.033,-1,Echolocation,/mnt/ubna_data_02_mir/recover-20220922/UBNA_001/20220921_090000.WAV,Telephone Field,recover-20220922,001,1795
1107.8965,1107.9061,50390,56310,Pipistrellus pipistrellus,0.016,0.021,-1,Echolocation,/mnt/ubna_data_02_mir/recover-20220922/UBNA_001/20220921_090000.WAV,Telephone Field,recover-20220922,001,1795
1107.8965,1107.9366,68437,82321,Rhinolophus ferrumequinum,0.025,0.025,-1,Echolocation,/mnt/ubna_data_02_mir/recover-20220922/UBNA_001/20220921_090000.WAV,Telephone Field,recover-20220922,001,1795
1107.9115,1107.9214,28046,35894,Eptesicus serotinus,0.012,0.025,-1,Echolocation,/mnt/ubna_data_02_mir/recover-20220922/UBNA_001/20220921_090000.WAV,Telephone Field,recover-20220922,001,1795
1107.9155,1107.9547,68437,82584,Rhinolophus ferrumequinum,0.021,0.021,-1,Echolocation,/mnt/ubna_data_02_mir/recover-20220922/UBNA_001/20220921_090000.WAV,Telephone Field,recover-20220922,001,1795
1107.9425,1107.9804,68437,81356,Rhinolophus ferrumequinum,0.033,0.033,-1,Echolocation,/mnt/ubna_data_02_mir/recover-20220922/UBNA_001/20220921_090000.WAV,Telephone Field,recover-20220922,001,1795
1107.9435,1107.9527,28906,37161,Eptesicus serotinus,0.011,0.027,-1,Echolocation,/mnt/ubna_data_02_mir/recover-20220922/UBNA_001/20220921_090000.WAV,Telephone Field,recover-20220922,001,1795
1107.9855,1107.9955,28046,36671,Eptesicus serotinus,0.011,0.026,-1,Echolocation,/mnt/ubna_data_02_mir/recover-20220922/UBNA_001/20220921_090000.WAV,Telephone Field,recover-20220922,001,1795
1108.0015,1108.0097,26328,34967,Eptesicus serotinus,0.007,0.026,-1,Echolocation,/mnt/ubna_data_02_mir/recover-20220922/UBNA_001/20220921_090000.WAV,Telephone Field,recover-20220922,001,1795
1108.0015,1108.0305,68437,80717,Rhinolophus ferrumequinum,0.026,0.026,-1,Echolocation,/mnt/ubna_data_02_mir/recover-20220922/UBNA_001/20220921_090000.WAV,Telephone Field,recover-20220922,001,1795
1108.0015,1108.0095,47812,52341,Pipistrellus pipistrellus,0.028,0.035,-1,Echolocation,/mnt/ubna_data_02_mir/recover-20220922/UBNA_001/20220921_090000.WAV,Telephone Field,recover-20220922,001,1795
1108.0245,1108.0338,28906,36963,Eptesicus serotinus,0.011,0.027,-1,Echolocation,/mnt/ubna_data_02_mir/recover-20220922/UBNA_001/20220921_090000.WAV,Telephone Field,recover-20220922,001,1795
1108.0475,1108.0882,68437,82090,Rhinolophus ferrumequinum,0.022,0.022,-1,Echolocation,/mnt/ubna_data_02_mir/recover-20220922/UBNA_001/20220921_090000.WAV,Telephone Field,recover-20220922,001,1795
1108.0705,1108.112,68437,82529,Rhinolophus ferrumequinum,0.023,0.023,-1,Echolocation,/mnt/ubna_data_02_mir/recover-20220922/UBNA_001/20220921_090000.WAV,Telephone Field,recover-20220922,001,1795
1108.0715,1108.0782,28046,43287,Myotis daubentonii,0.013,0.04,-1,Echolocation,/mnt/ubna_data_02_mir/recover-20220922/UBNA_001/20220921_090000.WAV,Telephone Field,recover-20220922,001,1795
1108.0895,1108.0995,22031,27522,Nyctalus leisleri,0.01,0.025,-1,Echolocation,/mnt/ubna_data_02_mir/recover-20220922/UBNA_001/20220921_090000.WAV,Telephone Field,recover-20220922,001,1795
1108.1005,1108.1188,20312,23258,Nyctalus leisleri,0.014,0.022,-1,Echolocation,/mnt/ubna_data_02_mir/recover-20220922/UBNA_001/20220921_090000.WAV,Telephone Field,recover-20220922,001,1795
1108.1245,1108.1354,26328,33604,Eptesicus serotinus,0.015,0.033,-1,Echolocation,/mnt/ubna_data_02_mir/recover-20220922/UBNA_001/20220921_090000.WAV,Telephone Field,recover-20220922,001,1795
1108.1255,1108.1666,68437,82692,Rhinolophus ferrumequinum,0.024,0.024,-1,Echolocation,/mnt/ubna_data_02_mir/recover-20220922/UBNA_001/20220921_090000.WAV,Telephone Field,recover-20220922,001,1795
1108.1355,1108.1765,68437,82878,Rhinolophus ferrumequinum,0.024,0.024,-1,Echolocation,/mnt/ubna_data_02_mir/recover-20220922/UBNA_001/20220921_090000.WAV,Telephone Field,recover-20220922,001,1795
1108.1365,1108.1443,28046,37596,Eptesicus serotinus,0.007,0.023,-1,Echolocation,/mnt/ubna_data_02_mir/recover-20220922/UBNA_001/20220921_090000.WAV,Telephone Field,recover-20220922,001,1795
1108.1765,1108.2152,68437,82255,Rhinolophus ferrumequinum,0.022,0.022,-1,Echolocation,/mnt/ubna_data_02_mir/recover-20220922/UBNA_001/20220921_090000.WAV,Telephone Field,recover-20220922,001,1795
1108.1835,1108.2226,68437,82424,Rhinolophus ferrumequinum,0.022,0.022,-1,Echolocation,/mnt/ubna_data_02_mir/recover-20220922/UBNA_001/20220921_090000.WAV,Telephone Field,recover-20220922,001,1795
1108.2075,1108.2465,68437,82636,Rhinolophus ferrumequinum,0.037,0.037,-1,Echolocation,/mnt/ubna_data_02_mir/recover-20220922/UBNA_001/20220921_090000.WAV,Telephone Field,recover-20220922,001,1795
1108.2105,1108.2223,22890,28194,Nyctalus leisleri,0.011,0.022,-1,Echolocation,/mnt/ubna_data_02_mir/recover-20220922/UBNA_001/20220921_090000.WAV,Telephone Field,recover-20220922,001,1795
1108.2175,1108.2338,21171,24564,Nyctalus leisleri,0.014,0.023,-1,Echolocation,/mnt/ubna_data_02_mir/recover-20220922/UBNA_001/20220921_090000.WAV,Telephone Field,recover-20220922,001,1795
1108.2945,1108.3087,40078,43253,Pipistrellus nathusii,0.017,0.027,-1,Echolocation,/mnt/ubna_data_02_mir/recover-20220922/UBNA_001/20220921_090000.WAV,Telephone Field,recover-20220922,001,1795
1108.2985,1108.3345,68437,81822,Rhinolophus ferrumequinum,0.022,0.022,-1,Echolocation,/mnt/ubna_data_02_mir/recover-20220922/UBNA_001/20220921_090000.WAV,Telephone Field,recover-20220922,001,1795
1108.3265,1108.3336,46093,52955,Pipistrellus pipistrellus,0.023,0.025,-1,Echolocation,/mnt/ubna_data_02_mir/recover-20220922/UBNA_001/20220921_090000.WAV,Telephone Field,recover-20220922,001,1795
1108.3345,1108.3694,68437,80988,Rhinolophus ferrumequinum,0.022,0.022,-1,Echolocation,/mnt/ubna_data_02_mir/recover-20220922/UBNA_001/20220921_090000.WAV,Telephone Field,recover-20220922,001,1795
1108.3515,1108.3912,68437,82627,Rhinolophus ferrumequinum,0.024,0.024,-1,Echolocation,/mnt/ubna_data_02_mir/recover-20220922/UBNA_001/20220921_090000.WAV,Telephone Field,recover-20220922,001,1795
1108.3915,1108.3991,28046,37270,Eptesicus serotinus,0.032,0.061,-1,Echolocation,/mnt/ubna_data_02_mir/recover-20220922/UBNA_001/20220921_090000.WAV,Telephone Field,recover-20220922,001,1795
1108.4055,1108.4462,68437,82469,Rhinolophus ferrumequinum,0.041,0.041,-1,Echolocation,/mnt/ubna_data_02_mir/recover-20220922/UBNA_001/20220921_090000.WAV,Telephone Field,recover-20220922,001,1795
1108.4125,1108.4223,22890,28414,Nyctalus leisleri,0.009,0.022,-1,Echolocation,/mnt/ubna_data_02_mir/recover-20220922/UBNA_001/20220921_090000.WAV,Telephone Field,recover-20220922,001,1795
1108.4355,1108.4723,68437,82228,Rhinolophus ferrumequinum,0.021,0.022,-1,Echolocation,/mnt/ubna_data_02_mir/recover-20220922/UBNA_001/20220921_090000.WAV,Telephone Field,recover-20220922,001,1795
1108.4455,1108.4847,68437,82444,Rhinolophus ferrumequinum,0.024,0.024,-1,Echolocation,/mnt/ubna_data_02_mir/recover-20220922/UBNA_001/20220921_090000.WAV,Telephone Field,recover-20220922,001,1795
1108.4885,1108.4989,28046,36263,Eptesicus serotinus,0.011,0.024,-1,Echolocation,/mnt/ubna_data_02_mir/recover-20220922/UBNA_001/20220921_090000.WAV,Telephone Field,recover-20220922,001,1795
1108.5525,1108.56,30625,40125,Myotis daubentonii,0.01,0.023,-1,Echolocation,/mnt/ubna_data_02_mir/recover-20220922/UBNA_001/20220921_090000.WAV,Telephone Field,recover-20220922,001,1795
1108.5755,1108.6132,68437,81805,Rhinolophus ferrumequinum,0.022,0.022,-1,Echolocation,/mnt/ubna_data_02_mir/recover-20220922/UBNA_001/20220921_090000.WAV,Telephone Field,recover-20220922,001,1795
1108.5815,1108.6191,68437,81350,Rhinolophus ferrumequinum,0.023,0.023,-1,Echolocation,/mnt/ubna_data_02_mir/recover-20220922/UBNA_001/20220921_090000.WAV,Telephone Field,recover-20220922,001,1795
1108.5885,1108.6021,14296,20193,Nyctalus noctula,0.014,0.022,-1,Echolocation,/mnt/ubna_data_02_mir/recover-20220922/UBNA_001/20220921_090000.WAV,Telephone Field,recover-20220922,001,1795
1108.5995,1108.6378,68437,82051,Rhinolophus ferrumequinum,0.022,0.022,-1,Echolocation,/mnt/ubna_data_02_mir/recover-20220922/UBNA_001/20220921_090000.WAV,Telephone Field,recover-20220922,001,1795
1108.6445,1108.6561,28046,34913,Eptesicus serotinus,0.014,0.027,-1,Echolocation,/mnt/ubna_data_02_mir/recover-20220922/UBNA_001/20220921_090000.WAV,Telephone Field,recover-20220922,001,1795
1108.6575,1108.6916,68437,81512,Rhinolophus ferrumequinum,0.021,0.022,-1,Echolocation,/mnt/ubna_data_02_mir/recover-20220922/UBNA_001/20220921_090000.WAV,Telephone Field,recover-20220922,001,1795
1108.6885,1108.7267,68437,81852,Rhinolophus ferrumequinum,0.029,0.029,-1,Echolocation,/mnt/ubna_data_02_mir/recover-20220922/UBNA_001/20220921_090000.WAV,Telephone Field,recover-20220922,001,1795
1108.7235,1108.7662,68437,83038,Rhinolophus ferrumequinum,0.031,0.031,-1,Echolocation,/mnt/ubna_data_02_mir/recover-20220922/UBNA_001/20220921_090000.WAV,Telephone Field,recover-20220922,001,1795
1108.7315,1108.7394,27187,39926,Eptesicus serotinus,0.008,0.023,-1,Echolocation,/mnt/ubna_data_02_mir/recover-20220922/UBNA_001/20220921_090000.WAV,Telephone Field,recover-20220922,001,1795
1108.7345,1108.7758,68437,82958,Rhinolophus ferrumequinum,0.026,0.026,-1,Echolocation,/mnt/ubna_data_02_mir/recover-20220922/UBNA_001/20220921_090000.WAV,Telephone Field,recover-20220922,001,1795
1108.7705,1108.7801,27187,35383,Eptesicus serotinus,0.01,0.024,-1,Echolocation,/mnt/ubna_data_02_mir/recover-20220922/UBNA_001/20220921_090000.WAV,Telephone Field,recover-20220922,001,1795
1108.7795,1108.7877,28046,35878,Eptesicus serotinus,0.007,0.025,-1,Echolocation,/mnt/ubna_data_02_mir/recover-20220922/UBNA_001/20220921_090000.WAV,Telephone Field,recover-20220922,001,1795
1108.7815,1108.8233,68437,83139,Rhinolophus ferrumequinum,0.027,0.027,-1,Echolocation,/mnt/ubna_data_02_mir/recover-20220922/UBNA_001/20220921_090000.WAV,Telephone Field,recover-20220922,001,1795
1108.8235,1108.8633,68437,82388,Rhinolophus ferrumequinum,0.03,0.03,-1,Echolocation,/mnt/ubna_data_02_mir/recover-20220922/UBNA_001/20220921_090000.WAV,Telephone Field,recover-20220922,001,1795
1108.9295,1108.9382,22890,29712,Plecotus austriacus,0.009,0.023,-1,Echolocation,/mnt/ubna_data_02_mir/recover-20220922/UBNA_001/20220921_090000.WAV,Telephone Field,recover-20220922,001,1795
1108.9575,1108.9679,28046,34816,Eptesicus serotinus,0.012,0.023,-1,Echolocation,/mnt/ubna_data_02_mir/recover-20220922/UBNA_001/20220921_090000.WAV,Telephone Field,recover-20220922,001,1795
1108.9605,1108.9986,68437,82076,Rhinolophus ferrumequinum,0.022,0.022,-1,Echolocation,/mnt/ubna_data_02_mir/recover-20220922/UBNA_001/20220921_090000.WAV,Telephone Field,recover-20220922,001,1795
1108.9635,1108.9703,47812,54963,Pipistrellus pipistrellus,0.03,0.032,-1,Echolocation,/mnt/ubna_data_02_mir/recover-20220922/UBNA_001/20220921_090000.WAV,Telephone Field,recover-20220922,001,1795
1108.9655,1108.9778,23750,29957,Nyctalus leisleri,0.009,0.023,-1,Echolocation,/mnt/ubna_data_02_mir/recover-20220922/UBNA_001/20220921_090000.WAV,Telephone Field,recover-20220922,001,1795
1108.9775,1108.9897,23750,28381,Nyctalus leisleri,0.015,0.028,-1,Echolocation,/mnt/ubna_data_02_mir/recover-20220922/UBNA_001/20220921_090000.WAV,Telephone Field,recover-20220922,001,1795
1109.0005,1109.039,68437,82334,Rhinolophus ferrumequinum,0.029,0.029,-1,Echolocation,/mnt/ubna_data_02_mir/recover-20220922/UBNA_001/20220921_090000.WAV,Telephone Field,recover-20220922,001,1795
1109.0385,1109.0793,68437,82711,Rhinolophus ferrumequinum,0.023,0.023,-1,Echolocation,/mnt/ubna_data_02_mir/recover-20220922/UBNA_001/20220921_090000.WAV,Telephone Field,recover-20220922,001,1795
1109.0405,1109.0478,23750,33110,Plecotus austriacus,0.011,0.025,-1,Echolocation,/mnt/ubna_data_02_mir/recover-20220922/UBNA_001/20220921_090000.WAV,Telephone Field,recover-20220922,001,1795
1109.0655,1109.106,68437,82459,Rhinolophus ferrumequinum,0.026,0.026,-1,Echolocation,/mnt/ubna_data_02_mir/recover-20220922/UBNA_001/20220921_090000.WAV,Telephone Field,recover-20220922,001,1795
1109.1315,1109.1428,22890,28304,Nyctalus leisleri,0.015,0.031,-1,Echolocation,/mnt/ubna_data_02_mir/recover-20220922/UBNA_001/20220921_090000.WAV,Telephone Field,recover-20220922,001,1795
1109.2115,1109.2491,68437,82393,Rhinolophus ferrumequinum,0.022,0.022,-1,Echolocation,/mnt/ubna_data_02_mir/recover-20220922/UBNA_001/20220921_090000.WAV,Telephone Field,recover-20220922,001,1795
1109.2635,1109.3043,68437,82751,Rhinolophus ferrumequinum,0.023,0.023,-1,Echolocation,/mnt/ubna_data_02_mir/recover-20220922/UBNA_001/20220921_090000.WAV,Telephone Field,recover-20220922,001,1795
1109.2875,1109.3269,68437,82647,Rhinolophus ferrumequinum,0.032,0.032,-1,Echolocation,/mnt/ubna_data_02_mir/recover-20220922/UBNA_001/20220921_090000.WAV,Telephone Field,recover-20220922,001,1795
1109.3125,1109.3498,68437,81976,Rhinolophus ferrumequinum,0.021,0.021,-1,Echolocation,/mnt/ubna_data_02_mir/recover-20220922/UBNA_001/20220921_090000.WAV,Telephone Field,recover-20220922,001,1795
1109.3205,1109.3277,26328,42477,Eptesicus serotinus,0.008,0.026,-1,Echolocation,/mnt/ubna_data_02_mir/recover-20220922/UBNA_001/20220921_090000.WAV,Telephone Field,recover-20220922,001,1795
1109.3395,1109.3798,68437,83116,Rhinolophus ferrumequinum,0.024,0.024,-1,Echolocation,/mnt/ubna_data_02_mir/recover-20220922/UBNA_001/20220921_090000.WAV,Telephone Field,recover-20220922,001,1795
1109.3715,1109.4099,68437,82280,Rhinolophus ferrumequinum,0.022,0.022,-1,Echolocation,/mnt/ubna_data_02_mir/recover-20220922/UBNA_001/20220921_090000.WAV,Telephone Field,recover-20220922,001,1795
1109.3825,1109.4198,68437,81921,Rhinolophus ferrumequinum,0.021,0.021,-1,Echolocation,/mnt/ubna_data_02_mir/recover-20220922/UBNA_001/20220921_090000.WAV,Telephone Field,recover-20220922,001,1795
1109.4035,1109.4395,68437,81423,Rhinolophus ferrumequinum,0.021,0.022,-1,Echolocation,/mnt/ubna_data_02_mir/recover-20220922/UBNA_001/20220921_090000.WAV,Telephone Field,recover-20220922,001,1795
1109.4745,1109.4844,28906,37233,Eptesicus serotinus,0.009,0.022,-1,Echolocation,/mnt/ubna_data_02_mir/recover-20220922/UBNA_001/20220921_090000.WAV,Telephone Field,recover-20220922,001,1795
1109.5145,1109.5522,68437,82047,Rhinolophus ferrumequinum,0.026,0.026,-1,Echolocation,/mnt/ubna_data_02_mir/recover-20220922/UBNA_001/20220921_090000.WAV,Telephone Field,recover-20220922,001,1795
1109.5435,1109.5508,26328,36251,Eptesicus serotinus,0.013,0.035,-1,Echolocation,/mnt/ubna_data_02_mir/recover-20220922/UBNA_001/20220921_090000.WAV,Telephone Field,recover-20220922,001,1795
1109.5555,1109.5618,27187,46461,Myotis daubentonii,0.006,0.023,-1,Echolocation,/mnt/ubna_data_02_mir/recover-20220922/UBNA_001/20220921_090000.WAV,Telephone Field,recover-20220922,001,1795
1109.5565,1109.562,34062,44621,Myotis daubentonii,0.011,0.024,-1,Echolocation,/mnt/ubna_data_02_mir/recover-20220922/UBNA_001/20220921_090000.WAV,Telephone Field,recover-20220922,001,1795
1109.5875,1109.5944,26328,36844,Eptesicus serotinus,0.013,0.043,-1,Echolocation,/mnt/ubna_data_02_mir/recover-20220922/UBNA_001/20220921_090000.WAV,Telephone Field,recover-20220922,001,1795
1109.6105,1109.6211,28046,35202,Eptesicus serotinus,0.011,0.024,-1,Echolocation,/mnt/ubna_data_02_mir/recover-20220922/UBNA_001/20220921_090000.WAV,Telephone Field,recover-20220922,001,1795
1109.6885,1109.7276,68437,82205,Rhinolophus ferrumequinum,0.022,0.022,-1,Echolocation,/mnt/ubna_data_02_mir/recover-20220922/UBNA_001/20220921_090000.WAV,Telephone Field,recover-20220922,001,1795
1109.6885,1109.6963,23750,31798,Plecotus austriacus,0.01,0.024,-1,Echolocation,/mnt/ubna_data_02_mir/recover-20220922/UBNA_001/20220921_090000.WAV,Telephone Field,recover-20220922,001,1795
1109.6995,1109.7375,68437,81751,Rhinolophus ferrumequinum,0.023,0.023,-1,Echolocation,/mnt/ubna_data_02_mir/recover-20220922/UBNA_001/20220921_090000.WAV,Telephone Field,recover-20220922,001,1795
1109.7075,1109.7196,23750,29652,Nyctalus leisleri,0.01,0.023,-1,Echolocation,/mnt/ubna_data_02_mir/recover-20220922/UBNA_001/20220921_090000.WAV,Telephone Field,recover-20220922,001,1795
1109.7135,1109.7305,22031,26435,Nyctalus leisleri,0.013,0.024,-1,Echolocation,/mnt/ubna_data_02_mir/recover-20220922/UBNA_001/20220921_090000.WAV,Telephone Field,recover-20220922,001,1795
1109.7195,1109.7575,68437,82100,Rhinolophus ferrumequinum,0.023,0.023,-1,Echolocation,/mnt/ubna_data_02_mir/recover-20220922/UBNA_001/20220921_090000.WAV,Telephone Field,recover-20220922,001,1795
1109.7345,1109.7429,28046,40885,Eptesicus serotinus,0.008,0.022,-1,Echolocation,/mnt/ubna_data_02_mir/recover-20220922/UBNA_001/20220921_090000.WAV,Telephone Field,recover-20220922,001,1795
1109.7565,1109.7954,68437,81981,Rhinolophus ferrumequinum,0.022,0.022,-1,Echolocation,/mnt/ubna_data_02_mir/recover-20220922/UBNA_001/20220921_090000.WAV,Telephone Field,recover-20220922,001,1795
1109.7625,1109.8,68437,81944,Rhinolophus ferrumequinum,0.022,0.022,-1,Echolocation,/mnt/ubna_data_02_mir/recover-20220922/UBNA_001/20220921_090000.WAV,Telephone Field,recover-20220922,001,1795
1109.7915,1109.8012,23750,31393,Nyctalus leisleri,0.008,0.027,-1,Echolocation,/mnt/ubna_data_02_mir/recover-20220922/UBNA_001/20220921_090000.WAV,Telephone Field,recover-20220922,001,1795
1109.7965,1109.8359,68437,82240,Rhinolophus ferrumequinum,0.027,0.027,-1,Echolocation,/mnt/ubna_data_02_mir/recover-20220922/UBNA_001/20220921_090000.WAV,Telephone Field,recover-20220922,001,1795
1109.8315,1109.8399,26328,35276,Eptesicus serotinus,0.012,0.031,-1,Echolocation,/mnt/ubna_data_02_mir/recover-20220922/UBNA_001/20220921_090000.WAV,Telephone Field,recover-20220922,001,1795
1109.8715,1109.9166,68437,83642,Rhinolophus ferrumequinum,0.033,0.033,-1,Echolocation,/mnt/ubna_data_02_mir/recover-20220922/UBNA_001/20220921_090000.WAV,Telephone Field,recover-20220922,001,1795
1109.8835,1109.8934,28906,35291,Eptesicus serotinus,0.008,0.022,-1,Echolocation,/mnt/ubna_data_02_mir/recover-20220922/UBNA_001/20220921_090000.WAV,Telephone Field,recover-20220922,001,1795
1109.9595,1109.9671,28046,37785,Eptesicus serotinus,0.007,0.022,-1,Echolocation,/mnt/ubna_data_02_mir/recover-20220922/UBNA_001/20220921_090000.WAV,Telephone Field,recover-20220922,001,1795
1110.0015,1110.0153,25468,31838,Nyctalus leisleri,0.02,0.048,-1,Echolocation,/mnt/ubna_data_02_mir/recover-20220922/UBNA_001/20220921_090000.WAV,Telephone Field,recover-20220922,001,1795
1110.0015,1110.0096,50390,55344,Pipistrellus pipistrellus,0.011,0.022,-1,Echolocation,/mnt/ubna_data_02_mir/recover-20220922/UBNA_001/20220921_090000.WAV,Telephone Field,recover-20220922,001,1795
1110.0015,1110.0344,69296,81339,Rhinolophus ferrumequinum,0.027,0.027,-1,Echolocation,/mnt/ubna_data_02_mir/recover-20220922/UBNA_001/20220921_090000.WAV,Telephone Field,recover-20220922,001,1795
1110.0115,1110.0548,68437,82762,Rhinolophus ferrumequinum,0.021,0.021,-1,Echolocation,/mnt/ubna_data_02_mir/recover-20220922/UBNA_001/20220921_090000.WAV,Telephone Field,recover-20220922,001,1795
1110.0345,1110.0736,68437,82050,Rhinolophus ferrumequinum,0.026,0.026,-1,Echolocation,/mnt/ubna_data_02_mir/recover-20220922/UBNA_001/20220921_090000.WAV,Telephone Field,recover-20220922,001,1795
1110.0835,1110.122,68437,81670,Rhinolophus ferrumequinum,0.022,0.022,-1,Echolocation,/mnt/ubna_data_02_mir/recover-20220922/UBNA_001/20220921_090000.WAV,Telephone Field,recover-20220922,001,1795
1110.1015,1110.1405,68437,82031,Rhinolophus ferrumequinum,0.02,0.02,-1,Echolocation,/mnt/ubna_data_02_mir/recover-20220922/UBNA_001/20220921_090000.WAV,Telephone Field,recover-20220922,001,1795
1110.1235,1110.1328,22890,28958,Nyctalus leisleri,0.007,0.02,-1,Echolocation,/mnt/ubna_data_02_mir/recover-20220922/UBNA_001/20220921_090000.WAV,Telephone Field,recover-20220922,001,1795
1110.1315,1110.1408,22890,29025,Nyctalus leisleri,0.007,0.02,-1,Echolocation,/mnt/ubna_data_02_mir/recover-20220922/UBNA_001/20220921_090000.WAV,Telephone Field,recover-20220922,001,1795
1110.1325,1110.1739,68437,82953,Rhinolophus ferrumequinum,0.024,0.025,-1,Echolocation,/mnt/ubna_data_02_mir/recover-20220922/UBNA_001/20220921_090000.WAV,Telephone Field,recover-20220922,001,1795
1110.1475,1110.1602,27187,32995,Eptesicus serotinus,0.013,0.028,-1,Echolocation,/mnt/ubna_data_02_mir/recover-20220922/UBNA_001/20220921_090000.WAV,Telephone Field,recover-20220922,001,1795
1110.1715,1110.1818,22890,27473,Nyctalus leisleri,0.011,0.022,-1,Echolocation,/mnt/ubna_data_02_mir/recover-20220922/UBNA_001/20220921_090000.WAV,Telephone Field,recover-20220922,001,1795
1110.1735,1110.2131,68437,81811,Rhinolophus ferrumequinum,0.021,0.021,-1,Echolocation,/mnt/ubna_data_02_mir/recover-20220922/UBNA_001/20220921_090000.WAV,Telephone Field,recover-20220922,001,1795
1110.1755,1110.1855,28046,36079,Eptesicus serotinus,0.009,0.023,-1,Echolocation,/mnt/ubna_data_02_mir/recover-20220922/UBNA_001/20220921_090000.WAV,Telephone Field,recover-20220922,001,1795
1110.2225,1110.2311,28046,38765,Eptesicus serotinus,0.008,0.021,-1,Echolocation,/mnt/ubna_data_02_mir/recover-20220922/UBNA_001/20220921_090000.WAV,Telephone Field,recover-20220922,001,1795
1110.2705,1110.2776,26328,35216,Eptesicus serotinus,0.013,0.047,-1,Echolocation,/mnt/ubna_data_02_mir/recover-20220922/UBNA_001/20220921_090000.WAV,Telephone Field,recover-20220922,001,1795
1110.2775,1110.3174,68437,82822,Rhinolophus ferrumequinum,0.022,0.022,-1,Echolocation,/mnt/ubna_data_02_mir/recover-20220922/UBNA_001/20220921_090000.WAV,Telephone Field,recover-20220922,001,1795
1110.3235,1110.3333,28046,36489,Eptesicus serotinus,0.009,0.023,-1,Echolocation,/mnt/ubna_data_02_mir/recover-20220922/UBNA_001/20220921_090000.WAV,Telephone Field,recover-20220922,001,1795
1110.3425,1110.3517,22890,29503,Nyctalus leisleri,0.007,0.02,-1,Echolocation,/mnt/ubna_data_02_mir/recover-20220922/UBNA_001/20220921_090000.WAV,Telephone Field,recover-20220922,001,1795
1110.4195,1110.4585,68437,82583,Rhinolophus ferrumequinum,0.022,0.022,-1,Echolocation,/mnt/ubna_data_02_mir/recover-20220922/UBNA_001/20220921_090000.WAV,Telephone Field,recover-20220922,001,1795
1110.4245,1110.4324,25468,34568,Eptesicus serotinus,0.007,0.021,-1,Echolocation,/mnt/ubna_data_02_mir/recover-20220922/UBNA_001/20220921_090000.WAV,Telephone Field,recover-20220922,001,1795
1110.4475,1110.4859,68437,81921,Rhinolophus ferrumequinum,0.024,0.024,-1,Echolocation,/mnt/ubna_data_02_mir/recover-20220922/UBNA_001/20220921_090000.WAV,Telephone Field,recover-20220922,001,1795
1110.4895,1110.5275,68437,82219,Rhinolophus ferrumequinum,0.02,0.021,-1,Echolocation,/mnt/ubna_data_02_mir/recover-20220922/UBNA_001/20220921_090000.WAV,Telephone Field,recover-20220922,001,1795
1110.5805,1110.6167,68437,81835,Rhinolophus ferrumequinum,0.022,0.022,-1,Echolocation,/mnt/ubna_data_02_mir/recover-20220922/UBNA_001/20220921_090000.WAV,Telephone Field,recover-20220922,001,1795
1110.5945,1110.6339,68437,81662,Rhinolophus ferrumequinum,0.02,0.02,-1,Echolocation,/mnt/ubna_data_02_mir/recover-20220922/UBNA_001/20220921_090000.WAV,Telephone Field,recover-20220922,001,1795
1110.6015,1110.6099,27187,37780,Eptesicus serotinus,0.008,0.02,-1,Echolocation,/mnt/ubna_data_02_mir/recover-20220922/UBNA_001/20220921_090000.WAV,Telephone Field,recover-20220922,001,1795
1110.6435,1110.6791,68437,81281,Rhinolophus ferrumequinum,0.022,0.022,-1,Echolocation,/mnt/ubna_data_02_mir/recover-20220922/UBNA_001/20220921_090000.WAV,Telephone Field,recover-20220922,001,1795
1110.7565,1110.7649,28046,37914,Eptesicus serotinus,0.008,0.021,-1,Echolocation,/mnt/ubna_data_02_mir/recover-20220922/UBNA_001/20220921_090000.WAV,Telephone Field,recover-20220922,001,1795
1110.7735,1110.81,68437,81674,Rhinolophus ferrumequinum,0.023,0.023,-1,Echolocation,/mnt/ubna_data_02_mir/recover-20220922/UBNA_001/20220921_090000.WAV,Telephone Field,recover-20220922,001,1795
1110.7835,1110.793,28906,37606,Eptesicus serotinus,0.01,0.021,-1,Echolocation,/mnt/ubna_data_02_mir/recover-20220922/UBNA_001/20220921_090000.WAV,Telephone Field,recover-20220922,001,1795
1110.7885,1110.7966,28046,38526,Eptesicus serotinus,0.007,0.021,-1,Echolocation,/mnt/ubna_data_02_mir/recover-20220922/UBNA_001/20220921_090000.WAV,Telephone Field,recover-20220922,001,1795
1110.8185,1110.8591,68437,83108,Rhinolophus ferrumequinum,0.023,0.023,-1,Echolocation,/mnt/ubna_data_02_mir/recover-20220922/UBNA_001/20220921_090000.WAV,Telephone Field,recover-20220922,001,1795
1110.8775,1110.9146,68437,81902,Rhinolophus ferrumequinum,0.022,0.022,-1,Echolocation,/mnt/ubna_data_02_mir/recover-20220922/UBNA_001/20220921_090000.WAV,Telephone Field,recover-20220922,001,1795
1110.8885,1110.9001,23750,29300,Nyctalus leisleri,0.012,0.027,-1,Echolocation,/mnt/ubna_data_02_mir/recover-20220922/UBNA_001/20220921_090000.WAV,Telephone Field,recover-20220922,001,1795
1110.8925,1110.9332,68437,82887,Rhinolophus ferrumequinum,0.034,0.034,-1,Echolocation,/mnt/ubna_data_02_mir/recover-20220922/UBNA_001/20220921_090000.WAV,Telephone Field,recover-20220922,001,1795
1110.9285,1110.9488,17734,20475,Nyctalus noctula,0.01,0.02,-1,Echolocation,/mnt/ubna_data_02_mir/recover-20220922/UBNA_001/20220921_090000.WAV,Telephone Field,recover-20220922,001,1795
1110.9725,1110.9831,21171,26350,Nyctalus leisleri,0.011,0.029,-1,Echolocation,/mnt/ubna_data_02_mir/recover-20220922/UBNA_001/20220921_090000.WAV,Telephone Field,recover-20220922,001,1795
1110.9795,1111.0183,68437,81734,Rhinolophus ferrumequinum,0.021,0.021,-1,Echolocation,/mnt/ubna_data_02_mir/recover-20220922/UBNA_001/20220921_090000.WAV,Telephone Field,recover-20220922,001,1795
1110.9925,1111.0029,28046,35384,Eptesicus serotinus,0.01,0.021,-1,Echolocation,/mnt/ubna_data_02_mir/recover-20220922/UBNA_001/20220921_090000.WAV,Telephone Field,recover-20220922,001,1795
1111.0195,1111.0559,68437,81656,Rhinolophus ferrumequinum,0.023,0.023,-1,Echolocation,/mnt/ubna_data_02_mir/recover-20220922/UBNA_001/20220921_090000.WAV,Telephone Field,recover-20220922,001,1795
1111.0295,1111.0686,68437,82572,Rhinolophus ferrumequinum,0.022,0.022,-1,Echolocation,/mnt/ubna_data_02_mir/recover-20220922/UBNA_001/20220921_090000.WAV,Telephone Field,recover-20220922,001,1795
1111.0665,1111.109,68437,82980,Rhinolophus ferrumequinum,0.039,0.039,-1,Echolocation,/mnt/ubna_data_02_mir/recover-20220922/UBNA_001/20220921_090000.WAV,Telephone Field,recover-20220922,001,1795
1111.0995,1111.1387,68437,82454,Rhinolophus ferrumequinum,0.021,0.021,-1,Echolocation,/mnt/ubna_data_02_mir/recover-20220922/UBNA_001/20220921_090000.WAV,Telephone Field,recover-20220922,001,1795
1111.1075,1111.1138,49531,53760,Pipistrellus pipistrellus,0.029,0.03,-1,Echolocation,/mnt/ubna_data_02_mir/recover-20220922/UBNA_001/20220921_090000.WAV,Telephone Field,recover-20220922,001,1795
1111.1095,1111.1451,68437,81757,Rhinolophus ferrumequinum,0.021,0.021,-1,Echolocation,/mnt/ubna_data_02_mir/recover-20220922/UBNA_001/20220921_090000.WAV,Telephone Field,recover-20220922,001,1795
1111.1225,1111.1307,28046,38909,Eptesicus serotinus,0.008,0.022,-1,Echolocation,/mnt/ubna_data_02_mir/recover-20220922/UBNA_001/20220921_090000.WAV,Telephone Field,recover-20220922,001,1795
1111.1455,1111.1535,25468,35548,Eptesicus serotinus,0.007,0.022,-1,Echolocation,/mnt/ubna_data_02_mir/recover-20220922/UBNA_001/20220921_090000.WAV,Telephone Field,recover-20220922,001,1795
1111.1635,1111.2013,68437,82207,Rhinolophus ferrumequinum,0.032,0.032,-1,Echolocation,/mnt/ubna_data_02_mir/recover-20220922/UBNA_001/20220921_090000.WAV,Telephone Field,recover-20220922,001,1795
1111.1965,1111.2178,17734,20877,Nyctalus noctula,0.013,0.022,-1,Echolocation,/mnt/ubna_data_02_mir/recover-20220922/UBNA_001/20220921_090000.WAV,Telephone Field,recover-20220922,001,1795
1111.2095,1111.2168,23750,32245,Plecotus austriacus,0.008,0.021,-1,Echolocation,/mnt/ubna_data_02_mir/recover-20220922/UBNA_001/20220921_090000.WAV,Telephone Field,recover-20220922,001,1795
1111.2555,1111.2918,68437,81974,Rhinolophus ferrumequinum,0.023,0.023,-1,Echolocation,/mnt/ubna_data_02_mir/recover-20220922/UBNA_001/20220921_090000.WAV,Telephone Field,recover-20220922,001,1795
1111.2665,1111.3046,68437,82353,Rhinolophus ferrumequinum,0.021,0.021,-1,Echolocation,/mnt/ubna_data_02_mir/recover-20220922/UBNA_001/20220921_090000.WAV,Telephone Field,recover-20220922,001,1795
1111.2715,1111.2817,28906,36057,Eptesicus serotinus,0.018,0.034,-1,Echolocation,/mnt/ubna_data_02_mir/recover-20220922/UBNA_001/20220921_090000.WAV,Telephone Field,recover-20220922,001,1795
1111.3425,1111.3511,22031,29507,Plecotus austriacus,0.01,0.023,-1,Echolocation,/mnt/ubna_data_02_mir/recover-20220922/UBNA_001/20220921_090000.WAV,Telephone Field,recover-20220922,001,1795
1111.3475,1111.3863,68437,82229,Rhinolophus ferrumequinum,0.024,0.024,-1,Echolocation,/mnt/ubna_data_02_mir/recover-20220922/UBNA_001/20220921_090000.WAV,Telephone Field,recover-20220922,001,1795
1111.3705,1111.3801,28046,37710,Eptesicus serotinus,0.01,0.021,-1,Echolocation,/mnt/ubna_data_02_mir/recover-20220922/UBNA_001/20220921_090000.WAV,Telephone Field,recover-20220922,001,1795
1111.3785,1111.3876,28046,36727,Eptesicus serotinus,0.01,0.024,-1,Echolocation,/mnt/ubna_data_02_mir/recover-20220922/UBNA_001/20220921_090000.WAV,Telephone Field,recover-20220922,001,1795
1111.3805,1111.4201,68437,82119,Rhinolophus ferrumequinum,0.022,0.022,-1,Echolocation,/mnt/ubna_data_02_mir/recover-20220922/UBNA_001/20220921_090000.WAV,Telephone Field,recover-20220922,001,1795
1111.3865,1111.4253,68437,82521,Rhinolophus ferrumequinum,0.024,0.024,-1,Echolocation,/mnt/ubna_data_02_mir/recover-20220922/UBNA_001/20220921_090000.WAV,Telephone Field,recover-20220922,001,1795
1111.4075,1111.4146,27187,47135,Myotis daubentonii,0.006,0.021,-1,Echolocation,/mnt/ubna_data_02_mir/recover-20220922/UBNA_001/20220921_090000.WAV,Telephone Field,recover-20220922,001,1795
1111.4205,1111.459,68437,81926,Rhinolophus ferrumequinum,0.021,0.021,-1,Echolocation,/mnt/ubna_data_02_mir/recover-20220922/UBNA_001/20220921_090000.WAV,Telephone Field,recover-20220922,001,1795
1111.4385,1111.4792,68437,83060,Rhinolophus ferrumequinum,0.022,0.022,-1,Echolocation,/mnt/ubna_data_02_mir/recover-20220922/UBNA_001/20220921_090000.WAV,Telephone Field,recover-20220922,001,1795
1111.4555,1111.4952,68437,82130,Rhinolophus ferrumequinum,0.024,0.024,-1,Echolocation,/mnt/ubna_data_02_mir/recover-20220922/UBNA_001/20220921_090000.WAV,Telephone Field,recover-20220922,001,1795
1111.4615,1111.4699,27187,36550,Eptesicus serotinus,0.009,0.021,-1,Echolocation,/mnt/ubna_data_02_mir/recover-20220922/UBNA_001/20220921_090000.WAV,Telephone Field,recover-20220922,001,1795
1111.4825,1111.4955,21171,24499,Nyctalus leisleri,0.014,0.022,-1,Echolocation,/mnt/ubna_data_02_mir/recover-20220922/UBNA_001/20220921_090000.WAV,Telephone Field,recover-20220922,001,1795
1111.4905,1111.5318,68437,82825,Rhinolophus ferrumequinum,0.037,0.037,-1,Echolocation,/mnt/ubna_data_02_mir/recover-20220922/UBNA_001/20220921_090000.WAV,Telephone Field,recover-20220922,001,1795
1111.5165,1111.5272,22890,28089,Nyctalus leisleri,0.01,0.022,-1,Echolocation,/mnt/ubna_data_02_mir/recover-20220922/UBNA_001/20220921_090000.WAV,Telephone Field,recover-20220922,001,1795
1111.5315,1111.5717,68437,82321,Rhinolophus ferrumequinum,0.021,0.021,-1,Echolocation,/mnt/ubna_data_02_mir/recover-20220922/UBNA_001/20220921_090000.WAV,Telephone Field,recover-20220922,001,1795
1111.5495,1111.5852,68437,81491,Rhinolophus ferrumequinum,0.02,0.02,-1,Echolocation,/mnt/ubna_data_02_mir/recover-20220922/UBNA_001/20220921_090000.WAV,Telephone Field,recover-20220922,001,1795
1111.5505,1111.5594,28906,37563,Eptesicus serotinus,0.008,0.021,-1,Echolocation,/mnt/ubna_data_02_mir/recover-20220922/UBNA_001/20220921_090000.WAV,Telephone Field,recover-20220922,001,1795
1111.5695,1111.6083,68437,82523,Rhinolophus ferrumequinum,0.021,0.021,-1,Echolocation,/mnt/ubna_data_02_mir/recover-20220922/UBNA_001/20220921_090000.WAV,Telephone Field,recover-20220922,001,1795
1111.5715,1111.5795,28046,39259,Eptesicus serotinus,0.007,0.021,-1,Echolocation,/mnt/ubna_data_02_mir/recover-20220922/UBNA_001/20220921_090000.WAV,Telephone Field,recover-20220922,001,1795
1111.6205,1111.6579,68437,82213,Rhinolophus ferrumequinum,0.02,0.02,-1,Echolocation,/mnt/ubna_data_02_mir/recover-20220922/UBNA_001/20220921_090000.WAV,Telephone Field,recover-20220922,001,1795
1111.6305,1111.6397,28906,40217,Eptesicus serotinus,0.008,0.022,-1,Echolocation,/mnt/ubna_data_02_mir/recover-20220922/UBNA_001/20220921_090000.WAV,Telephone Field,recover-20220922,001,1795
1111.6355,1111.6453,29765,39178,Eptesicus serotinus,0.009,0.022,-1,Echolocation,/mnt/ubna_data_02_mir/recover-20220922/UBNA_001/20220921_090000.WAV,Telephone Field,recover-20220922,001,1795
1111.6485,1111.687,68437,82161,Rhinolophus ferrumequinum,0.024,0.024,-1,Echolocation,/mnt/ubna_data_02_mir/recover-20220922/UBNA_001/20220921_090000.WAV,Telephone Field,recover-20220922,001,1795
1111.6745,1111.6816,28046,39037,Eptesicus serotinus,0.006,0.022,-1,Echolocation,/mnt/ubna_data_02_mir/recover-20220922/UBNA_001/20220921_090000.WAV,Telephone Field,recover-20220922,001,1795
1111.6825,1111.7199,68437,81853,Rhinolophus ferrumequinum,0.022,0.022,-1,Echolocation,/mnt/ubna_data_02_mir/recover-20220922/UBNA_001/20220921_090000.WAV,Telephone Field,recover-20220922,001,1795
1111.7215,1111.7291,25468,34712,Eptesicus serotinus,0.006,0.022,-1,Echolocation,/mnt/ubna_data_02_mir/recover-20220922/UBNA_001/20220921_090000.WAV,Telephone Field,recover-20220922,001,1795
1111.7335,1111.7733,68437,83160,Rhinolophus ferrumequinum,0.023,0.023,-1,Echolocation,/mnt/ubna_data_02_mir/recover-20220922/UBNA_001/20220921_090000.WAV,Telephone Field,recover-20220922,001,1795
1111.7585,1111.7687,23750,29542,Nyctalus leisleri,0.01,0.023,-1,Echolocation,/mnt/ubna_data_02_mir/recover-20220922/UBNA_001/20220921_090000.WAV,Telephone Field,recover-20220922,001,1795
1111.7845,1111.8228,68437,82142,Rhinolophus ferrumequinum,0.022,0.022,-1,Echolocation,/mnt/ubna_data_02_mir/recover-20220922/UBNA_001/20220921_090000.WAV,Telephone Field,recover-20220922,001,1795
1111.8065,1111.8463,68437,81999,Rhinolophus ferrumequinum,0.021,0.021,-1,Echolocation,/mnt/ubna_data_02_mir/recover-20220922/UBNA_001/20220921_090000.WAV,Telephone Field,recover-20220922,001,1795
1111.8405,1111.8807,68437,82322,Rhinolophus ferrumequinum,0.021,0.021,-1,Echolocation,/mnt/ubna_data_02_mir/recover-20220922/UBNA_001/20220921_090000.WAV,Telephone Field,recover-20220922,001,1795
1111.8435,1111.8517,29765,41148,Myotis daubentonii,0.006,0.021,-1,Echolocation,/mnt/ubna_data_02_mir/recover-20220922/UBNA_001/20220921_090000.WAV,Telephone Field,recover-20220922,001,1795
1111.8505,1111.8647,22031,26593,Nyctalus leisleri,0.019,0.037,-1,Echolocation,/mnt/ubna_data_02_mir/recover-20220922/UBNA_001/20220921_090000.WAV,Telephone Field,recover-20220922,001,1795
1111.8735,1111.9123,68437,81696,Rhinolophus ferrumequinum,0.02,0.021,-1,Echolocation,/mnt/ubna_data_02_mir/recover-20220922/UBNA_001/20220921_090000.WAV,Telephone Field,recover-20220922,001,1795
1111.8975,1111.91,26328,32218,Eptesicus serotinus,0.014,0.028,-1,Echolocation,/mnt/ubna_data_02_mir/recover-20220922/UBNA_001/20220921_090000.WAV,Telephone Field,recover-20220922,001,1795
1111.9125,1111.9483,68437,81108,Rhinolophus ferrumequinum,0.021,0.021,-1,Echolocation,/mnt/ubna_data_02_mir/recover-20220922/UBNA_001/20220921_090000.WAV,Telephone Field,recover-20220922,001,1795
1111.9175,1111.9548,68437,82180,Rhinolophus ferrumequinum,0.021,0.021,-1,Echolocation,/mnt/ubna_data_02_mir/recover-20220922/UBNA_001/20220921_090000.WAV,Telephone Field,recover-20220922,001,1795
1111.9485,1111.9889,68437,82669,Rhinolophus ferrumequinum,0.021,0.021,-1,Echolocation,/mnt/ubna_data_02_mir/recover-20220922/UBNA_001/20220921_090000.WAV,Telephone Field,recover-20220922,001,1795
1111.9755,1111.9837,26328,35560,Eptesicus serotinus,0.009,0.027,-1,Echolocation,/mnt/ubna_data_02_mir/recover-20220922/UBNA_001/20220921_090000.WAV,Telephone Field,recover-20220922,001,1795
1112.0015,1112.0095,25468,37939,Nyctalus leisleri,0.005,0.022,-1,Echolocation,/mnt/ubna_data_02_mir/recover-20220922/UBNA_001/20220921_090000.WAV,Telephone Field,recover-20220922,001,1795
1112.0015,1112.0106,49531,54463,Pipistrellus pipistrellus,0.018,0.023,-1,Echolocation,/mnt/ubna_data_02_mir/recover-20220922/UBNA_001/20220921_090000.WAV,Telephone Field,recover-20220922,001,1795
1112.0015,1112.0096,29765,42371,Myotis daubentonii,0.007,0.021,-1,Echolocation,/mnt/ubna_data_02_mir/recover-20220922/UBNA_001/20220921_090000.WAV,Telephone Field,recover-20220922,001,1795
1112.0015,1112.0339,69296,81506,Rhinolophus ferrumequinum,0.026,0.026,-1,Echolocation,/mnt/ubna_data_02_mir/recover-20220922/UBNA_001/20220921_090000.WAV,Telephone Field,recover-20220922,001,1795
1112.0405,1112.0802,68437,82517,Rhinolophus ferrumequinum,0.022,0.022,-1,Echolocation,/mnt/ubna_data_02_mir/recover-20220922/UBNA_001/20220921_090000.WAV,Telephone Field,recover-20220922,001,1795
1112.0575,1112.0969,68437,82472,Rhinolophus ferrumequinum,0.022,0.022,-1,Echolocation,/mnt/ubna_data_02_mir/recover-20220922/UBNA_001/20220921_090000.WAV,Telephone Field,recover-20220922,001,1795
1112.0655,1112.1038,68437,82234,Rhinolophus ferrumequinum,0.021,0.021,-1,Echolocation,/mnt/ubna_data_02_mir/recover-20220922/UBNA_001/20220921_090000.WAV,Telephone Field,recover-20220922,001,1795
1112.0765,1112.0843,24609,33358,Plecotus austriacus,0.013,0.039,-1,Echolocation,/mnt/ubna_data_02_mir/recover-20220922/UBNA_001/20220921_090000.WAV,Telephone Field,recover-20220922,001,1795
1112.0985,1112.137,68437,81157,Rhinolophus ferrumequinum,0.022,0.022,-1,Echolocation,/mnt/ubna_data_02_mir/recover-20220922/UBNA_001/20220921_090000.WAV,Telephone Field,recover-20220922,001,1795
1112.1365,1112.1457,26328,34685,Eptesicus serotinus,0.012,0.026,-1,Echolocation,/mnt/ubna_data_02_mir/recover-20220922/UBNA_001/20220921_090000.WAV,Telephone Field,recover-20220922,001,1795
1112.1585,1112.1978,68437,82218,Rhinolophus ferrumequinum,0.023,0.023,-1,Echolocation,/mnt/ubna_data_02_mir/recover-20220922/UBNA_001/20220921_090000.WAV,Telephone Field,recover-20220922,001,1795
1112.1595,1112.1789,18593,21624,Nyctalus leisleri,0.01,0.022,-1,Echolocation,/mnt/ubna_data_02_mir/recover-20220922/UBNA_001/20220921_090000.WAV,Telephone Field,recover-20220922,001,1795
1112.1985,1112.239,68437,82278,Rhinolophus ferrumequinum,0.024,0.024,-1,Echolocation,/mnt/ubna_data_02_mir/recover-20220922/UBNA_001/20220921_090000.WAV,Telephone Field,recover-20220922,001,1795
1112.2345,1112.245,22890,28439,Nyctalus leisleri,0.01,0.023,-1,Echolocation,/mnt/ubna_data_02_mir/recover-20220922/UBNA_001/20220921_090000.WAV,Telephone Field,recover-20220922,001,1795
1112.2515,1112.2908,68437,82448,Rhinolophus ferrumequinum,0.023,0.023,-1,Echolocation,/mnt/ubna_data_02_mir/recover-20220922/UBNA_001/20220921_090000.WAV,Telephone Field,recover-20220922,001,1795
1112.2745,1112.3133,68437,81877,Rhinolophus ferrumequinum,0.023,0.023,-1,Echolocation,/mnt/ubna_data_02_mir/recover-20220922/UBNA_001/20220921_090000.WAV,Telephone Field,recover-20220922,001,1795
1112.2835,1112.3212,68437,82192,Rhinolophus ferrumequinum,0.024,0.024,-1,Echolocation,/mnt/ubna_data_02_mir/recover-20220922/UBNA_001/20220921_090000.WAV,Telephone Field,recover-20220922,001,1795
1112.3295,1112.3717,68437,82514,Rhinolophus ferrumequinum,0.024,0.024,-1,Echolocation,/mnt/ubna_data_02_mir/recover-20220922/UBNA_001/20220921_090000.WAV,Telephone Field,recover-20220922,001,1795
1112.3715,1112.4147,68437,83363,Rhinolophus ferrumequinum,0.034,0.034,-1,Echolocation,/mnt/ubna_data_02_mir/recover-20220922/UBNA_001/20220921_090000.WAV,Telephone Field,recover-20220922,001,1795
1112.3745,1112.3811,26328,40590,Myotis nattereri,0.005,0.026,-1,Echolocation,/mnt/ubna_data_02_mir/recover-20220922/UBNA_001/20220921_090000.WAV,Telephone Field,recover-20220922,001,1795
1112.3765,1112.3853,45234,52179,Pipistrellus pipistrellus,0.019,0.022,-1,Echolocation,/mnt/ubna_data_02_mir/recover-20220922/UBNA_001/20220921_090000.WAV,Telephone Field,recover-20220922,001,1795
1112.4035,1112.4443,68437,82461,Rhinolophus ferrumequinum,0.021,0.021,-1,Echolocation,/mnt/ubna_data_02_mir/recover-20220922/UBNA_001/20220921_090000.WAV,Telephone Field,recover-20220922,001,1795
1112.4165,1112.4552,68437,82319,Rhinolophus ferrumequinum,0.024,0.024,-1,Echolocation,/mnt/ubna_data_02_mir/recover-20220922/UBNA_001/20220921_090000.WAV,Telephone Field,recover-20220922,001,1795
1112.4235,1112.4341,22031,26669,Nyctalus leisleri,0.01,0.021,-1,Echolocation,/mnt/ubna_data_02_mir/recover-20220922/UBNA_001/20220921_090000.WAV,Telephone Field,recover-20220922,001,1795
1112.4635,1112.4731,25468,33500,Eptesicus serotinus,0.01,0.025,-1,Echolocation,/mnt/ubna_data_02_mir/recover-20220922/UBNA_001/20220921_090000.WAV,Telephone Field,recover-20220922,001,1795
1112.4655,1112.5062,68437,82542,Rhinolophus ferrumequinum,0.038,0.038,-1,Echolocation,/mnt/ubna_data_02_mir/recover-20220922/UBNA_001/20220921_090000.WAV,Telephone Field,recover-20220922,001,1795
1112.4865,1112.4966,28906,36916,Eptesicus serotinus,0.012,0.027,-1,Echolocation,/mnt/ubna_data_02_mir/recover-20220922/UBNA_001/20220921_090000.WAV,Telephone Field,recover-20220922,001,1795
1112.4885,1112.5287,68437,82100,Rhinolophus ferrumequinum,0.022,0.022,-1,Echolocation,/mnt/ubna_data_02_mir/recover-20220922/UBNA_001/20220921_090000.WAV,Telephone Field,recover-20220922,001,1795
1112.5525,1112.5913,68437,82152,Rhinolophus ferrumequinum,0.028,0.028,-1,Echolocation,/mnt/ubna_data_02_mir/recover-20220922/UBNA_001/20220921_090000.WAV,Telephone Field,recover-20220922,001,1795
1112.5595,1112.571,22890,28330,Nyctalus leisleri,0.011,0.022,-1,Echolocation,/mnt/ubna_data_02_mir/recover-20220922/UBNA_001/20220921_090000.WAV,Telephone Field,recover-20220922,001,1795
1112.5705,1112.5807,23750,29505,Nyctalus leisleri,0.009,0.022,-1,Echolocation,/mnt/ubna_data_02_mir/recover-20220922/UBNA_001/20220921_090000.WAV,Telephone Field,recover-20220922,001,1795
1112.5915,1112.6291,68437,81952,Rhinolophus ferrumequinum,0.021,0.021,-1,Echolocation,/mnt/ubna_data_02_mir/recover-20220922/UBNA_001/20220921_090000.WAV,Telephone Field,recover-20220922,001,1795
1112.6045,1112.6128,27187,38665,Eptesicus serotinus,0.01,0.023,-1,Echolocation,/mnt/ubna_data_02_mir/recover-20220922/UBNA_001/20220921_090000.WAV,Telephone Field,recover-20220922,001,1795
1112.6055,1112.613,47812,54558,Pipistrellus pipistrellus,0.022,0.023,-1,Echolocation,/mnt/ubna_data_02_mir/recover-20220922/UBNA_001/20220921_090000.WAV,Telephone Field,recover-20220922,001,1795
1112.6315,1112.6699,68437,81872,Rhinolophus ferrumequinum,0.023,0.023,-1,Echolocation,/mnt/ubna_data_02_mir/recover-20220922/UBNA_001/20220921_090000.WAV,Telephone Field,recover-20220922,001,1795
1112.6445,1112.6568,22031,26182,Nyctalus leisleri,0.014,0.024,-1,Echolocation,/mnt/ubna_data_02_mir/recover-20220922/UBNA_001/20220921_090000.WAV,Telephone Field,recover-20220922,001,1795
1112.6585,1112.6989,68437,82443,Rhinolophus ferrumequinum,0.025,0.025,-1,Echolocation,/mnt/ubna_data_02_mir/recover-20220922/UBNA_001/20220921_090000.WAV,Telephone Field,recover-20220922,001,1795
1112.6745,1112.6826,26328,35053,Eptesicus serotinus,0.008,0.024,-1,Echolocation,/mnt/ubna_data_02_mir/recover-20220922/UBNA_001/20220921_090000.WAV,Telephone Field,recover-20220922,001,1795
1112.7015,1112.7438,68437,82944,Rhinolophus ferrumequinum,0.029,0.029,-1,Echolocation,/mnt/ubna_data_02_mir/recover-20220922/UBNA_001/20220921_090000.WAV,Telephone Field,recover-20220922,001,1795
1112.7235,1112.7633,68437,82542,Rhinolophus ferrumequinum,0.022,0.022,-1,Echolocation,/mnt/ubna_data_02_mir/recover-20220922/UBNA_001/20220921_090000.WAV,Telephone Field,recover-20220922,001,1795
1112.7585,1112.7987,68437,82541,Rhinolophus ferrumequinum,0.024,0.024,-1,Echolocation,/mnt/ubna_data_02_mir/recover-20220922/UBNA_001/20220921_090000.WAV,Telephone Field,recover-20220922,001,1795
1112.7915,1112.8292,68437,82120,Rhinolophus ferrumequinum,0.021,0.021,-1,Echolocation,/mnt/ubna_data_02_mir/recover-20220922/UBNA_001/20220921_090000.WAV,Telephone Field,recover-20220922,001,1795
1112.7925,1112.8117,16875,21199,Nyctalus noctula,0.018,0.025,-1,Echolocation,/mnt/ubna_data_02_mir/recover-20220922/UBNA_001/20220921_090000.WAV,Telephone Field,recover-20220922,001,1795
1112.8205,1112.8286,28906,38542,Eptesicus serotinus,0.007,0.023,-1,Echolocation,/mnt/ubna_data_02_mir/recover-20220922/UBNA_001/20220921_090000.WAV,Telephone Field,recover-20220922,001,1795
1112.8345,1112.8703,68437,81525,Rhinolophus ferrumequinum,0.021,0.021,-1,Echolocation,/mnt/ubna_data_02_mir/recover-20220922/UBNA_001/20220921_090000.WAV,Telephone Field,recover-20220922,001,1795
1112.8425,1112.8817,68437,81675,Rhinolophus ferrumequinum,0.021,0.021,-1,Echolocation,/mnt/ubna_data_02_mir/recover-20220922/UBNA_001/20220921_090000.WAV,Telephone Field,recover-20220922,001,1795
1112.8505,1112.8585,26328,35835,Eptesicus serotinus,0.008,0.021,-1,Echolocation,/mnt/ubna_data_02_mir/recover-20220922/UBNA_001/20220921_090000.WAV,Telephone Field,recover-20220922,001,1795
1112.8605,1112.8979,68437,82315,Rhinolophus ferrumequinum,0.022,0.022,-1,Echolocation,/mnt/ubna_data_02_mir/recover-20220922/UBNA_001/20220921_090000.WAV,Telephone Field,recover-20220922,001,1795
1112.8795,1112.9183,68437,82148,Rhinolophus ferrumequinum,0.025,0.025,-1,Echolocation,/mnt/ubna_data_02_mir/recover-20220922/UBNA_001/20220921_090000.WAV,Telephone Field,recover-20220922,001,1795
1112.9035,1112.9447,68437,82944,Rhinolophus ferrumequinum,0.032,0.032,-1,Echolocation,/mnt/ubna_data_02_mir/recover-20220922/UBNA_001/20220921_090000.WAV,Telephone Field,recover-20220922,001,1795
1112.9035,1112.9162,22890,27758,Nyctalus leisleri,0.011,0.022,-1,Echolocation,/mnt/ubna_data_02_mir/recover-20220922/UBNA_001/20220921_090000.WAV,Telephone Field,recover-20220922,001,1795
1112.9145,1112.9229,25468,34123,Eptesicus serotinus,0.007,0.024,-1,Echolocation,/mnt/ubna_data_02_mir/recover-20220922/UBNA_001/20220921_090000.WAV,Telephone Field,recover-20220922,001,1795
1112.9225,1112.9579,68437,80441,Rhinolophus ferrumequinum,0.024,0.024,-1,Echolocation,/mnt/ubna_data_02_mir/recover-20220922/UBNA_001/20220921_090000.WAV,Telephone Field,recover-20220922,001,1795
1112.9395,1112.9797,68437,81648,Rhinolophus ferrumequinum,0.022,0.022,-1,Echolocation,/mnt/ubna_data_02_mir/recover-20220922/UBNA_001/20220921_090000.WAV,Telephone Field,recover-20220922,001,1795
1112.9635,1113.0032,68437,82204,Rhinolophus ferrumequinum,0.022,0.022,-1,Echolocation,/mnt/ubna_data_02_mir/recover-20220922/UBNA_001/20220921_090000.WAV,Telephone Field,recover-20220922,001,1795
1113.0155,1113.0561,68437,82867,Rhinolophus ferrumequinum,0.021,0.021,-1,Echolocation,/mnt/ubna_data_02_mir/recover-20220922/UBNA_001/20220921_090000.WAV,Telephone Field,recover-20220922,001,1795
1113.0215,1113.0619,68437,82225,Rhinolophus ferrumequinum,0.021,0.021,-1,Echolocation,/mnt/ubna_data_02_mir/recover-20220922/UBNA_001/20220921_090000.WAV,Telephone Field,recover-20220922,001,1795
1113.0255,1113.0326,23750,33247,Plecotus austriacus,0.017,0.033,-1,Echolocation,/mnt/ubna_data_02_mir/recover-20220922/UBNA_001/20220921_090000.WAV,Telephone Field,recover-20220922,001,1795
1113.0315,1113.0666,68437,80737,Rhinolophus ferrumequinum,0.023,0.023,-1,Echolocation,/mnt/ubna_data_02_mir/recover-20220922/UBNA_001/20220921_090000.WAV,Telephone Field,recover-20220922,001,1795
1113.0655,1113.104,68437,82041,Rhinolophus ferrumequinum,0.024,0.024,-1,Echolocation,/mnt/ubna_data_02_mir/recover-20220922/UBNA_001/20220921_090000.WAV,Telephone Field,recover-20220922,001,1795
1113.1175,1113.1586,68437,82685,Rhinolophus ferrumequinum,0.023,0.023,-1,Echolocation,/mnt/ubna_data_02_mir/recover-20220922/UBNA_001/20220921_090000.WAV,Telephone Field,recover-20220922,001,1795
1113.1205,1113.131,25468,31402,Nyctalus leisleri,0.01,0.028,-1,Echolocation,/mnt/ubna_data_02_mir/recover-20220922/UBNA_001/20220921_090000.WAV,Telephone Field,recover-20220922,001,1795
1113.1595,1113.1969,68437,82039,Rhinolophus ferrumequinum,0.021,0.021,-1,Echolocation,/mnt/ubna_data_02_mir/recover-20220922/UBNA_001/20220921_090000.WAV,Telephone Field,recover-20220922,001,1795
1113.1735,1113.1832,28046,37352,Eptesicus serotinus,0.009,0.022,-1,Echolocation,/mnt/ubna_data_02_mir/recover-20220922/UBNA_001/20220921_090000.WAV,Telephone Field,recover-20220922,001,1795
1113.2355,1113.2723,68437,81644,Rhinolophus ferrumequinum,0.022,0.022,-1,Echolocation,/mnt/ubna_data_02_mir/recover-20220922/UBNA_001/20220921_090000.WAV,Telephone Field,recover-20220922,001,1795
1113.2405,1113.2524,23750,28376,Nyctalus leisleri,0.016,0.029,-1,Echolocation,/mnt/ubna_data_02_mir/recover-20220922/UBNA_001/20220921_090000.WAV,Telephone Field,recover-20220922,001,1795
1113.2635,1113.2778,23750,27738,Nyctalus leisleri,0.015,0.026,-1,Echolocation,/mnt/ubna_data_02_mir/recover-20220922/UBNA_001/20220921_090000.WAV,Telephone Field,recover-20220922,001,1795
1113.2955,1113.333,68437,82076,Rhinolophus ferrumequinum,0.023,0.023,-1,Echolocation,/mnt/ubna_data_02_mir/recover-20220922/UBNA_001/20220921_090000.WAV,Telephone Field,recover-20220922,001,1795
1113.3115,1113.3528,68437,83004,Rhinolophus ferrumequinum,0.024,0.024,-1,Echolocation,/mnt/ubna_data_02_mir/recover-20220922/UBNA_001/20220921_090000.WAV,Telephone Field,recover-20220922,001,1795
1113.3215,1113.3622,68437,82299,Rhinolophus ferrumequinum,0.031,0.031,-1,Echolocation,/mnt/ubna_data_02_mir/recover-20220922/UBNA_001/20220921_090000.WAV,Telephone Field,recover-20220922,001,1795
1113.3705,1113.3796,28906,37037,Eptesicus serotinus,0.015,0.033,-1,Echolocation,/mnt/ubna_data_02_mir/recover-20220922/UBNA_001/20220921_090000.WAV,Telephone Field,recover-20220922,001,1795
1113.3705,1113.3814,23750,29817,Nyctalus leisleri,0.014,0.031,-1,Echolocation,/mnt/ubna_data_02_mir/recover-20220922/UBNA_001/20220921_090000.WAV,Telephone Field,recover-20220922,001,1795
1113.3725,1113.4093,68437,81874,Rhinolophus ferrumequinum,0.021,0.021,-1,Echolocation,/mnt/ubna_data_02_mir/recover-20220922/UBNA_001/20220921_090000.WAV,Telephone Field,recover-20220922,001,1795
1113.4075,1113.4447,68437,81747,Rhinolophus ferrumequinum,0.022,0.022,-1,Echolocation,/mnt/ubna_data_02_mir/recover-20220922/UBNA_001/20220921_090000.WAV,Telephone Field,recover-20220922,001,1795
1113.4455,1113.4866,68437,82915,Rhinolophus ferrumequinum,0.032,0.032,-1,Echolocation,/mnt/ubna_data_02_mir/recover-20220922/UBNA_001/20220921_090000.WAV,Telephone Field,recover-20220922,001,1795
1113.4735,1113.5117,68437,81590,Rhinolophus ferrumequinum,0.026,0.027,-1,Echolocation,/mnt/ubna_data_02_mir/recover-20220922/UBNA_001/20220921_090000.WAV,Telephone Field,recover-20220922,001,1795
1113.5055,1113.5127,28906,38666,Eptesicus serotinus,0.007,0.023,-1,Echolocation,/mnt/ubna_data_02_mir/recover-20220922/UBNA_001/20220921_090000.WAV,Telephone Field,recover-20220922,001,1795
1113.5125,1113.5498,68437,81830,Rhinolophus ferrumequinum,0.021,0.021,-1,Echolocation,/mnt/ubna_data_02_mir/recover-20220922/UBNA_001/20220921_090000.WAV,Telephone Field,recover-20220922,001,1795
1113.5245,1113.5317,23750,32129,Plecotus austriacus,0.01,0.023,-1,Echolocation,/mnt/ubna_data_02_mir/recover-20220922/UBNA_001/20220921_090000.WAV,Telephone Field,recover-20220922,001,1795
1113.5345,1113.5445,28906,35798,Eptesicus serotinus,0.011,0.025,-1,Echolocation,/mnt/ubna_data_02_mir/recover-20220922/UBNA_001/20220921_090000.WAV,Telephone Field,recover-20220922,001,1795
1113.5495,1113.5866,68437,81796,Rhinolophus ferrumequinum,0.021,0.021,-1,Echolocation,/mnt/ubna_data_02_mir/recover-20220922/UBNA_001/20220921_090000.WAV,Telephone Field,recover-20220922,001,1795
1113.5555,1113.5936,68437,82081,Rhinolophus ferrumequinum,0.021,0.021,-1,Echolocation,/mnt/ubna_data_02_mir/recover-20220922/UBNA_001/20220921_090000.WAV,Telephone Field,recover-20220922,001,1795
1113.5635,1113.6045,68437,82018,Rhinolophus ferrumequinum,0.021,0.021,-1,Echolocation,/mnt/ubna_data_02_mir/recover-20220922/UBNA_001/20220921_090000.WAV,Telephone Field,recover-20220922,001,1795
1113.5695,1113.6092,68437,82508,Rhinolophus ferrumequinum,0.022,0.022,-1,Echolocation,/mnt/ubna_data_02_mir/recover-20220922/UBNA_001/20220921_090000.WAV,Telephone Field,recover-20220922,001,1795
1113.5845,1113.5919,27187,38997,Eptesicus serotinus,0.006,0.022,-1,Echolocation,/mnt/ubna_data_02_mir/recover-20220922/UBNA_001/20220921_090000.WAV,Telephone Field,recover-20220922,001,1795
1113.5925,1113.6351,68437,83132,Rhinolophus ferrumequinum,0.026,0.026,-1,Echolocation,/mnt/ubna_data_02_mir/recover-20220922/UBNA_001/20220921_090000.WAV,Telephone Field,recover-20220922,001,1795
1113.6075,1113.646,68437,82129,Rhinolophus ferrumequinum,0.024,0.024,-1,Echolocation,/mnt/ubna_data_02_mir/recover-20220922/UBNA_001/20220921_090000.WAV,Telephone Field,recover-20220922,001,1795
1113.6285,1113.6386,28046,36056,Eptesicus serotinus,0.009,0.022,-1,Echolocation,/mnt/ubna_data_02_mir/recover-20220922/UBNA_001/20220921_090000.WAV,Telephone Field,recover-20220922,001,1795
1113.6365,1113.6722,68437,81218,Rhinolophus ferrumequinum,0.022,0.022,-1,Echolocation,/mnt/ubna_data_02_mir/recover-20220922/UBNA_001/20220921_090000.WAV,Telephone Field,recover-20220922,001,1795
1113.6595,1113.6999,68437,82679,Rhinolophus ferrumequinum,0.025,0.026,-1,Echolocation,/mnt/ubna_data_02_mir/recover-20220922/UBNA_001/20220921_090000.WAV,Telephone Field,recover-20220922,001,1795
1113.6805,1113.7178,68437,82164,Rhinolophus ferrumequinum,0.023,0.023,-1,Echolocation,/mnt/ubna_data_02_mir/recover-20220922/UBNA_001/20220921_090000.WAV,Telephone Field,recover-20220922,001,1795
1113.7025,1113.7407,68437,82000,Rhinolophus ferrumequinum,0.021,0.021,-1,Echolocation,/mnt/ubna_data_02_mir/recover-20220922/UBNA_001/20220921_090000.WAV,Telephone Field,recover-20220922,001,1795
1113.7285,1113.7674,68437,81932,Rhinolophus ferrumequinum,0.022,0.022,-1,Echolocation,/mnt/ubna_data_02_mir/recover-20220922/UBNA_001/20220921_090000.WAV,Telephone Field,recover-20220922,001,1795
1113.7385,1113.7799,68437,82368,Rhinolophus ferrumequinum,0.024,0.024,-1,Echolocation,/mnt/ubna_data_02_mir/recover-20220922/UBNA_001/20220921_090000.WAV,Telephone Field,recover-20220922,001,1795
1113.7405,1113.7498,28046,39706,Eptesicus serotinus,0.008,0.021,-1,Echolocation,/mnt/ubna_data_02_mir/recover-20220922/UBNA_001/20220921_090000.WAV,Telephone Field,recover-20220922,001,1795
1113.7475,1113.7873,68437,82538,Rhinolophus ferrumequinum,0.024,0.024,-1,Echolocation,/mnt/ubna_data_02_mir/recover-20220922/UBNA_001/20220921_090000.WAV,Telephone Field,recover-20220922,001,1795
1113.7625,1113.7728,22890,28134,Nyctalus leisleri,0.011,0.023,-1,Echolocation,/mnt/ubna_data_02_mir/recover-20220922/UBNA_001/20220921_090000.WAV,Telephone Field,recover-20220922,001,1795
1113.7835,1113.8191,68437,81541,Rhinolophus ferrumequinum,0.023,0.024,-1,Echolocation,/mnt/ubna_data_02_mir/recover-20220922/UBNA_001/20220921_090000.WAV,Telephone Field,recover-20220922,001,1795
1113.7975,1113.8133,22031,25678,Nyctalus leisleri,0.018,0.028,-1,Echolocation,/mnt/ubna_data_02_mir/recover-20220922/UBNA_001/20220921_090000.WAV,Telephone Field,recover-20220922,001,1795
1113.8045,1113.8465,68437,83106,Rhinolophus ferrumequinum,0.034,0.035,-1,Echolocation,/mnt/ubna_data_02_mir/recover-20220922/UBNA_001/20220921_090000.WAV,Telephone Field,recover-20220922,001,1795
1113.8145,1113.8249,42656,46706,Pipistrellus pipistrellus,0.019,0.021,-1,Echolocation,/mnt/ubna_data_02_mir/recover-20220922/UBNA_001/20220921_090000.WAV,Telephone Field,recover-20220922,001,1795
1113.8415,1113.8827,68437,82308,Rhinolophus ferrumequinum,0.022,0.022,-1,Echolocation,/mnt/ubna_data_02_mir/recover-20220922/UBNA_001/20220921_090000.WAV,Telephone Field,recover-20220922,001,1795
1113.8465,1113.8872,68437,82660,Rhinolophus ferrumequinum,0.022,0.022,-1,Echolocation,/mnt/ubna_data_02_mir/recover-20220922/UBNA_001/20220921_090000.WAV,Telephone Field,recover-20220922,001,1795
1113.8635,1113.9028,68437,82305,Rhinolophus ferrumequinum,0.021,0.021,-1,Echolocation,/mnt/ubna_data_02_mir/recover-20220922/UBNA_001/20220921_090000.WAV,Telephone Field,recover-20220922,001,1795
1113.8815,1113.9203,68437,81596,Rhinolophus ferrumequinum,0.021,0.022,-1,Echolocation,/mnt/ubna_data_02_mir/recover-20220922/UBNA_001/20220921_090000.WAV,Telephone Field,recover-20220922,001,1795
1114.0015,1114.0109,22031,29102,Nyctalus leisleri,0.01,0.027,-1,Echolocation,/mnt/ubna_data_02_mir/recover-20220922/UBNA_001/20220921_090000.WAV,Telephone Field,recover-20220922,001,1795
1114.0575,1114.0983,68437,82601,Rhinolophus ferrumequinum,0.028,0.028,-1,Echolocation,/mnt/ubna_data_02_mir/recover-20220922/UBNA_001/20220921_090000.WAV,Telephone Field,recover-20220922,001,1795
1114.0815,1114.0878,28046,39894,Eptesicus serotinus,0.006,0.026,-1,Echolocation,/mnt/ubna_data_02_mir/recover-20220922/UBNA_001/20220921_090000.WAV,Telephone Field,recover-20220922,001,1795
1114.0895,1114.1271,68437,82049,Rhinolophus ferrumequinum,0.024,0.024,-1,Echolocation,/mnt/ubna_data_02_mir/recover-20220922/UBNA_001/20220921_090000.WAV,Telephone Field,recover-20220922,001,1795
1114.1185,1114.1564,68437,82105,Rhinolophus ferrumequinum,0.027,0.027,-1,Echolocation,/mnt/ubna_data_02_mir/recover-20220922/UBNA_001/20220921_090000.WAV,Telephone Field,recover-20220922,001,1795
1114.1315,1114.1738,68437,83166,Rhinolophus ferrumequinum,0.023,0.023,-1,Echolocation,/mnt/ubna_data_02_mir/recover-20220922/UBNA_001/20220921_090000.WAV,Telephone Field,recover-20220922,001,1795
1114.1575,1114.1642,27187,37958,Eptesicus serotinus,0.006,0.022,-1,Echolocation,/mnt/ubna_data_02_mir/recover-20220922/UBNA_001/20220921_090000.WAV,Telephone Field,recover-20220922,001,1795
1114.1595,1114.2017,68437,83185,Rhinolophus ferrumequinum,0.036,0.036,-1,Echolocation,/mnt/ubna_data_02_mir/recover-20220922/UBNA_001/20220921_090000.WAV,Telephone Field,recover-20220922,001,1795
1114.2065,1114.2474,68437,82790,Rhinolophus ferrumequinum,0.026,0.026,-1,Echolocation,/mnt/ubna_data_02_mir/recover-20220922/UBNA_001/20220921_090000.WAV,Telephone Field,recover-20220922,001,1795
1114.2305,1114.2689,68437,82538,Rhinolophus ferrumequinum,0.026,0.027,-1,Echolocation,/mnt/ubna_data_02_mir/recover-20220922/UBNA_001/20220921_090000.WAV,Telephone Field,recover-20220922,001,1795
1114.2545,1114.2624,25468,34451,Eptesicus serotinus,0.006,0.022,-1,Echolocation,/mnt/ubna_data_02_mir/recover-20220922/UBNA_001/20220921_090000.WAV,Telephone Field,recover-20220922,001,1795
1114.2695,1114.2806,25468,31542,Eptesicus serotinus,0.024,0.052,-1,Echolocation,/mnt/ubna_data_02_mir/recover-20220922/UBNA_001/20220921_090000.WAV,Telephone Field,recover-20220922,001,1795
1114.2705,1114.3059,68437,81439,Rhinolophus ferrumequinum,0.022,0.022,-1,Echolocation,/mnt/ubna_data_02_mir/recover-20220922/UBNA_001/20220921_090000.WAV,Telephone Field,recover-20220922,001,1795
1114.2935,1114.3027,44375,52046,Pipistrellus pipistrellus,0.016,0.022,-1,Echolocation,/mnt/ubna_data_02_mir/recover-20220922/UBNA_001/20220921_090000.WAV,Telephone Field,recover-20220922,001,1795
1114.2975,1114.3391,68437,83042,Rhinolophus ferrumequinum,0.033,0.033,-1,Echolocation,/mnt/ubna_data_02_mir/recover-20220922/UBNA_001/20220921_090000.WAV,Telephone Field,recover-20220922,001,1795
1114.3095,1114.3229,22031,25659,Nyctalus leisleri,0.014,0.023,-1,Echolocation,/mnt/ubna_data_02_mir/recover-20220922/UBNA_001/20220921_090000.WAV,Telephone Field,recover-20220922,001,1795
1114.3155,1114.3279,22031,26032,Nyctalus leisleri,0.013,0.023,-1,Echolocation,/mnt/ubna_data_02_mir/recover-20220922/UBNA_001/20220921_090000.WAV,Telephone Field,recover-20220922,001,1795
1114.3235,1114.3631,68437,82404,Rhinolophus ferrumequinum,0.027,0.027,-1,Echolocation,/mnt/ubna_data_02_mir/recover-20220922/UBNA_001/20220921_090000.WAV,Telephone Field,recover-20220922,001,1795
1114.3415,1114.3799,68437,82473,Rhinolophus ferrumequinum,0.022,0.022,-1,Echolocation,/mnt/ubna_data_02_mir/recover-20220922/UBNA_001/20220921_090000.WAV,Telephone Field,recover-20220922,001,1795
1114.3575,1114.3962,68437,82598,Rhinolophus ferrumequinum,0.024,0.024,-1,Echolocation,/mnt/ubna_data_02_mir/recover-20220922/UBNA_001/20220921_090000.WAV,Telephone Field,recover-20220922,001,1795
1114.3715,1114.4124,68437,82794,Rhinolophus ferrumequinum,0.029,0.029,-1,Echolocation,/mnt/ubna_data_02_mir/recover-20220922/UBNA_001/20220921_090000.WAV,Telephone Field,recover-20220922,001,1795
1114.3965,1114.4036,48671,53148,Pipistrellus pipistrellus,0.024,0.026,-1,Echolocation,/mnt/ubna_data_02_mir/recover-20220922/UBNA_001/20220921_090000.WAV,Telephone Field,recover-20220922,001,1795
1114.3965,1114.404,27187,37166,Eptesicus serotinus,0.006,0.023,-1,Echolocation,/mnt/ubna_data_02_mir/recover-20220922/UBNA_001/20220921_090000.WAV,Telephone Field,recover-20220922,001,1795
1114.4015,1114.4114,24609,30942,Nyctalus leisleri,0.009,0.023,-1,Echolocation,/mnt/ubna_data_02_mir/recover-20220922/UBNA_001/20220921_090000.WAV,Telephone Field,recover-20220922,001,1795
1114.4225,1114.4597,68437,80682,Rhinolophus ferrumequinum,0.027,0.027,-1,Echolocation,/mnt/ubna_data_02_mir/recover-20220922/UBNA_001/20220921_090000.WAV,Telephone Field,recover-20220922,001,1795
1114.4325,1114.4716,68437,81979,Rhinolophus ferrumequinum,0.03,0.03,-1,Echolocation,/mnt/ubna_data_02_mir/recover-20220922/UBNA_001/20220921_090000.WAV,Telephone Field,recover-20220922,001,1795
1114.4405,1114.4796,68437,82118,Rhinolophus ferrumequinum,0.023,0.023,-1,Echolocation,/mnt/ubna_data_02_mir/recover-20220922/UBNA_001/20220921_090000.WAV,Telephone Field,recover-20220922,001,1795
1114.4515,1114.4596,28046,37918,Eptesicus serotinus,0.008,0.024,-1,Echolocation,/mnt/ubna_data_02_mir/recover-20220922/UBNA_001/20220921_090000.WAV,Telephone Field,recover-20220922,001,1795
1114.4635,1114.5016,68437,82065,Rhinolophus ferrumequinum,0.024,0.024,-1,Echolocation,/mnt/ubna_data_02_mir/recover-20220922/UBNA_001/20220921_090000.WAV,Telephone Field,recover-20220922,001,1795
1114.4835,1114.491,28046,38779,Eptesicus serotinus,0.007,0.024,-1,Echolocation,/mnt/ubna_data_02_mir/recover-20220922/UBNA_001/20220921_090000.WAV,Telephone Field,recover-20220922,001,1795
1114.4885,1114.5307,68437,82879,Rhinolophus ferrumequinum,0.027,0.027,-1,Echolocation,/mnt/ubna_data_02_mir/recover-20220922/UBNA_001/20220921_090000.WAV,Telephone Field,recover-20220922,001,1795
1114.5115,1114.549,68437,82175,Rhinolophus ferrumequinum,0.023,0.023,-1,Echolocation,/mnt/ubna_data_02_mir/recover-20220922/UBNA_001/20220921_090000.WAV,Telephone Field,recover-20220922,001,1795
1114.5345,1114.5736,68437,82450,Rhinolophus ferrumequinum,0.024,0.024,-1,Echolocation,/mnt/ubna_data_02_mir/recover-20220922/UBNA_001/20220921_090000.WAV,Telephone Field,recover-20220922,001,1795
1114.5575,1114.594,68437,82526,Rhinolophus ferrumequinum,0.027,0.027,-1,Echolocation,/mnt/ubna_data_02_mir/recover-20220922/UBNA_001/20220921_090000.WAV,Telephone Field,recover-20220922,001,1795
1114.5695,1114.6059,68437,82055,Rhinolophus ferrumequinum,0.025,0.025,-1,Echolocation,/mnt/ubna_data_02_mir/recover-20220922/UBNA_001/20220921_090000.WAV,Telephone Field,recover-20220922,001,1795
1114.5715,1114.5931,17734,21625,Nyctalus noctula,0.02,0.029,-1,Echolocation,/mnt/ubna_data_02_mir/recover-20220922/UBNA_001/20220921_090000.WAV,Telephone Field,recover-20220922,001,1795
1114.5795,1114.5905,22890,27520,Nyctalus leisleri,0.012,0.022,-1,Echolocation,/mnt/ubna_data_02_mir/recover-20220922/UBNA_001/20220921_090000.WAV,Telephone Field,recover-20220922,001,1795
1114.5865,1114.5978,22890,27578,Nyctalus leisleri,0.012,0.023,-1,Echolocation,/mnt/ubna_data_02_mir/recover-20220922/UBNA_001/20220921_090000.WAV,Telephone Field,recover-20220922,001,1795
1114.5985,1114.6368,68437,82416,Rhinolophus ferrumequinum,0.026,0.026,-1,Echolocation,/mnt/ubna_data_02_mir/recover-20220922/UBNA_001/20220921_090000.WAV,Telephone Field,recover-20220922,001,1795
1114.6035,1114.6112,28046,37185,Eptesicus serotinus,0.009,0.028,-1,Echolocation,/mnt/ubna_data_02_mir/recover-20220922/UBNA_001/20220921_090000.WAV,Telephone Field,recover-20220922,001,1795
1114.6255,1114.6358,22890,28921,Nyctalus leisleri,0.011,0.028,-1,Echolocation,/mnt/ubna_data_02_mir/recover-20220922/UBNA_001/20220921_090000.WAV,Telephone Field,recover-20220922,001,1795
1114.6335,1114.6759,68437,82945,Rhinolophus ferrumequinum,0.037,0.037,-1,Echolocation,/mnt/ubna_data_02_mir/recover-20220922/UBNA_001/20220921_090000.WAV,Telephone Field,recover-20220922,001,1795
1114.6615,1114.6984,68437,82151,Rhinolophus ferrumequinum,0.023,0.023,-1,Echolocation,/mnt/ubna_data_02_mir/recover-20220922/UBNA_001/20220921_090000.WAV,Telephone Field,recover-20220922,001,1795
1114.6785,1114.6881,25468,33583,Eptesicus serotinus,0.012,0.031,-1,Echolocation,/mnt/ubna_data_02_mir/recover-20220922/UBNA_001/20220921_090000.WAV,Telephone Field,recover-20220922,001,1795
1114.6905,1114.7334,68437,82621,Rhinolophus ferrumequinum,0.035,0.035,-1,Echolocation,/mnt/ubna_data_02_mir/recover-20220922/UBNA_001/20220921_090000.WAV,Telephone Field,recover-20220922,001,1795
1114.7095,1114.7514,68437,83047,Rhinolophus ferrumequinum,0.029,0.029,-1,Echolocation,/mnt/ubna_data_02_mir/recover-20220922/UBNA_001/20220921_090000.WAV,Telephone Field,recover-20220922,001,1795
1114.7415,1114.78,68437,81834,Rhinolophus ferrumequinum,0.023,0.023,-1,Echolocation,/mnt/ubna_data_02_mir/recover-20220922/UBNA_001/20220921_090000.WAV,Telephone Field,recover-20220922,001,1795
1114.7725,1114.7806,27187,36985,Eptesicus serotinus,0.008,0.024,-1,Echolocation,/mnt/ubna_data_02_mir/recover-20220922/UBNA_001/20220921_090000.WAV,Telephone Field,recover-20220922,001,1795
1114.7825,1114.7927,28046,36367,Eptesicus serotinus,0.009,0.022,-1,Echolocation,/mnt/ubna_data_02_mir/recover-20220922/UBNA_001/20220921_090000.WAV,Telephone Field,recover-20220922,001,1795
1114.8275,1114.8712,68437,83264,Rhinolophus ferrumequinum,0.028,0.028,-1,Echolocation,/mnt/ubna_data_02_mir/recover-20220922/UBNA_001/20220921_090000.WAV,Telephone Field,recover-20220922,001,1795
1114.8485,1114.8908,68437,83093,Rhinolophus ferrumequinum,0.036,0.036,-1,Echolocation,/mnt/ubna_data_02_mir/recover-20220922/UBNA_001/20220921_090000.WAV,Telephone Field,recover-20220922,001,1795
1114.8535,1114.8666,14296,19656,Nyctalus noctula,0.025,0.038,-1,Echolocation,/mnt/ubna_data_02_mir/recover-20220922/UBNA_001/20220921_090000.WAV,Telephone Field,recover-20220922,001,1795
1114.8825,1114.8897,28046,38244,Eptesicus serotinus,0.006,0.022,-1,Echolocation,/mnt/ubna_data_02_mir/recover-20220922/UBNA_001/20220921_090000.WAV,Telephone Field,recover-20220922,001,1795
1114.8905,1114.9337,68437,83120,Rhinolophus ferrumequinum,0.035,0.035,-1,Echolocation,/mnt/ubna_data_02_mir/recover-20220922/UBNA_001/20220921_090000.WAV,Telephone Field,recover-20220922,001,1795
1114.8995,1114.9093,28906,37080,Eptesicus serotinus,0.01,0.024,-1,Echolocation,/mnt/ubna_data_02_mir/recover-20220922/UBNA_001/20220921_090000.WAV,Telephone Field,recover-20220922,001,1795
1114.9095,1114.9505,68437,82755,Rhinolophus ferrumequinum,0.024,0.024,-1,Echolocation,/mnt/ubna_data_02_mir/recover-20220922/UBNA_001/20220921_090000.WAV,Telephone Field,recover-20220922,001,1795
1114.9195,1114.9577,68437,82687,Rhinolophus ferrumequinum,0.023,0.023,-1,Echolocation,/mnt/ubna_data_02_mir/recover-20220922/UBNA_001/20220921_090000.WAV,Telephone Field,recover-20220922,001,1795
1114.9605,1114.9979,68437,81420,Rhinolophus ferrumequinum,0.023,0.023,-1,Echolocation,/mnt/ubna_data_02_mir/recover-20220922/UBNA_001/20220921_090000.WAV,Telephone Field,recover-20220922,001,1795
1114.9635,1114.9747,23750,28958,Nyctalus leisleri,0.015,0.031,-1,Echolocation,/mnt/ubna_data_02_mir/recover-20220922/UBNA_001/20220921_090000.WAV,Telephone Field,recover-20220922,001,1795
1114.9665,1115.0041,68437,81783,Rhinolophus ferrumequinum,0.023,0.023,-1,Echolocation,/mnt/ubna_data_02_mir/recover-20220922/UBNA_001/20220921_090000.WAV,Telephone Field,recover-20220922,001,1795
1114.9825,1114.9921,28906,36702,Eptesicus serotinus,0.011,0.026,-1,Echolocation,/mnt/ubna_data_02_mir/recover-20220922/UBNA_001/20220921_090000.WAV,Telephone Field,recover-20220922,001,1795
1114.9905,1115.0285,68437,82403,Rhinolophus ferrumequinum,0.025,0.025,-1,Echolocation,/mnt/ubna_data_02_mir/recover-20220922/UBNA_001/20220921_090000.WAV,Telephone Field,recover-20220922,001,1795
1114.9985,1115.0369,68437,82756,Rhinolophus ferrumequinum,0.023,0.023,-1,Echolocation,/mnt/ubna_data_02_mir/recover-20220922/UBNA_001/20220921_090000.WAV,Telephone Field,recover-20220922,001,1795
1115.0055,1115.0414,68437,82238,Rhinolophus ferrumequinum,0.025,0.025,-1,Echolocation,/mnt/ubna_data_02_mir/recover-20220922/UBNA_001/20220921_090000.WAV,Telephone Field,recover-20220922,001,1795
1115.0315,1115.0713,68437,82392,Rhinolophus ferrumequinum,0.024,0.024,-1,Echolocation,/mnt/ubna_data_02_mir/recover-20220922/UBNA_001/20220921_090000.WAV,Telephone Field,recover-20220922,001,1795
1115.0725,1115.111,68437,82240,Rhinolophus ferrumequinum,0.032,0.032,-1,Echolocation,/mnt/ubna_data_02_mir/recover-20220922/UBNA_001/20220921_090000.WAV,Telephone Field,recover-20220922,001,1795
1115.0895,1115.1283,68437,82491,Rhinolophus ferrumequinum,0.032,0.032,-1,Echolocation,/mnt/ubna_data_02_mir/recover-20220922/UBNA_001/20220921_090000.WAV,Telephone Field,recover-20220922,001,1795
1115.1155,1115.1628,68437,83986,Rhinolophus ferrumequinum,0.075,0.075,-1,Echolocation,/mnt/ubna_data_02_mir/recover-20220922/UBNA_001/20220921_090000.WAV,Telephone Field,recover-20220922,001,1795
1115.1575,1115.1646,27187,38231,Eptesicus serotinus,0.006,0.022,-1,Echolocation,/mnt/ubna_data_02_mir/recover-20220922/UBNA_001/20220921_090000.WAV,Telephone Field,recover-20220922,001,1795
1115.1595,1115.1993,68437,82450,Rhinolophus ferrumequinum,0.036,0.036,-1,Echolocation,/mnt/ubna_data_02_mir/recover-20220922/UBNA_001/20220921_090000.WAV,Telephone Field,recover-20220922,001,1795
1115.1715,1115.2092,68437,82403,Rhinolophus ferrumequinum,0.023,0.023,-1,Echolocation,/mnt/ubna_data_02_mir/recover-20220922/UBNA_001/20220921_090000.WAV,Telephone Field,recover-20220922,001,1795
1115.1895,1115.2263,68437,82266,Rhinolophus ferrumequinum,0.024,0.024,-1,Echolocation,/mnt/ubna_data_02_mir/recover-20220922/UBNA_001/20220921_090000.WAV,Telephone Field,recover-20220922,001,1795
1115.1985,1115.2356,68437,81426,Rhinolophus ferrumequinum,0.022,0.022,-1,Echolocation,/mnt/ubna_data_02_mir/recover-20220922/UBNA_001/20220921_090000.WAV,Telephone Field,recover-20220922,001,1795
1115.2195,1115.2584,68437,82470,Rhinolophus ferrumequinum,0.022,0.022,-1,Echolocation,/mnt/ubna_data_02_mir/recover-20220922/UBNA_001/20220921_090000.WAV,Telephone Field,recover-20220922,001,1795
1115.2275,1115.2637,68437,82304,Rhinolophus ferrumequinum,0.024,0.024,-1,Echolocation,/mnt/ubna_data_02_mir/recover-20220922/UBNA_001/20220921_090000.WAV,Telephone Field,recover-20220922,001,1795
1115.2345,1115.2738,68437,82344,Rhinolophus ferrumequinum,0.024,0.024,-1,Echolocation,/mnt/ubna_data_02_mir/recover-20220922/UBNA_001/20220921_090000.WAV,Telephone Field,recover-20220922,001,1795
1115.2405,1115.2527,28906,36428,Eptesicus serotinus,0.015,0.028,-1,Echolocation,/mnt/ubna_data_02_mir/recover-20220922/UBNA_001/20220921_090000.WAV,Telephone Field,recover-20220922,001,1795
1115.2455,1115.2829,68437,82189,Rhinolophus ferrumequinum,0.024,0.024,-1,Echolocation,/mnt/ubna_data_02_mir/recover-20220922/UBNA_001/20220921_090000.WAV,Telephone Field,recover-20220922,001,1795
1115.2555,1115.2952,68437,82446,Rhinolophus ferrumequinum,0.025,0.025,-1,Echolocation,/mnt/ubna_data_02_mir/recover-20220922/UBNA_001/20220921_090000.WAV,Telephone Field,recover-20220922,001,1795
1115.2915,1115.3022,24609,29546,Nyctalus leisleri,0.016,0.033,-1,Echolocation,/mnt/ubna_data_02_mir/recover-20220922/UBNA_001/20220921_090000.WAV,Telephone Field,recover-20220922,001,1795
1115.3135,1115.3539,68437,82243,Rhinolophus ferrumequinum,0.023,0.024,-1,Echolocation,/mnt/ubna_data_02_mir/recover-20220922/UBNA_001/20220921_090000.WAV,Telephone Field,recover-20220922,001,1795
1115.3145,1115.3245,22890,28961,Nyctalus leisleri,0.008,0.022,-1,Echolocation,/mnt/ubna_data_02_mir/recover-20220922/UBNA_001/20220921_090000.WAV,Telephone Field,recover-20220922,001,1795
1115.3285,1115.339,22890,29022,Nyctalus leisleri,0.012,0.028,-1,Echolocation,/mnt/ubna_data_02_mir/recover-20220922/UBNA_001/20220921_090000.WAV,Telephone Field,recover-20220922,001,1795
1115.3475,1115.387,68437,82571,Rhinolophus ferrumequinum,0.026,0.026,-1,Echolocation,/mnt/ubna_data_02_mir/recover-20220922/UBNA_001/20220921_090000.WAV,Telephone Field,recover-20220922,001,1795
1115.3645,1115.4044,68437,82823,Rhinolophus ferrumequinum,0.025,0.025,-1,Echolocation,/mnt/ubna_data_02_mir/recover-20220922/UBNA_001/20220921_090000.WAV,Telephone Field,recover-20220922,001,1795
1115.4265,1115.4685,68437,83138,Rhinolophus ferrumequinum,0.027,0.027,-1,Echolocation,/mnt/ubna_data_02_mir/recover-20220922/UBNA_001/20220921_090000.WAV,Telephone Field,recover-20220922,001,1795
1115.4635,1115.5066,68437,83108,Rhinolophus ferrumequinum,0.052,0.052,-1,Echolocation,/mnt/ubna_data_02_mir/recover-20220922/UBNA_001/20220921_090000.WAV,Telephone Field,recover-20220922,001,1795
1115.4885,1115.5308,68437,82781,Rhinolophus ferrumequinum,0.036,0.036,-1,Echolocation,/mnt/ubna_data_02_mir/recover-20220922/UBNA_001/20220921_090000.WAV,Telephone Field,recover-20220922,001,1795
1115.5055,1115.5428,68437,81986,Rhinolophus ferrumequinum,0.022,0.022,-1,Echolocation,/mnt/ubna_data_02_mir/recover-20220922/UBNA_001/20220921_090000.WAV,Telephone Field,recover-20220922,001,1795
1115.5195,1115.5588,68437,82675,Rhinolophus ferrumequinum,0.027,0.028,-1,Echolocation,/mnt/ubna_data_02_mir/recover-20220922/UBNA_001/20220921_090000.WAV,Telephone Field,recover-20220922,001,1795
1115.5275,1115.5684,68437,82834,Rhinolophus ferrumequinum,0.025,0.026,-1,Echolocation,/mnt/ubna_data_02_mir/recover-20220922/UBNA_001/20220921_090000.WAV,Telephone Field,recover-20220922,001,1795
1115.5435,1115.5869,68437,83072,Rhinolophus ferrumequinum,0.04,0.04,-1,Echolocation,/mnt/ubna_data_02_mir/recover-20220922/UBNA_001/20220921_090000.WAV,Telephone Field,recover-20220922,001,1795
1115.5525,1115.5629,22890,28579,Nyctalus leisleri,0.009,0.022,-1,Echolocation,/mnt/ubna_data_02_mir/recover-20220922/UBNA_001/20220921_090000.WAV,Telephone Field,recover-20220922,001,1795
1115.5615,1115.5715,24609,30998,Nyctalus leisleri,0.008,0.022,-1,Echolocation,/mnt/ubna_data_02_mir/recover-20220922/UBNA_001/20220921_090000.WAV,Telephone Field,recover-20220922,001,1795
1115.6285,1115.6701,68437,82719,Rhinolophus ferrumequinum,0.023,0.023,-1,Echolocation,/mnt/ubna_data_02_mir/recover-20220922/UBNA_001/20220921_090000.WAV,Telephone Field,recover-20220922,001,1795
1115.6555,1115.6979,68437,83005,Rhinolophus ferrumequinum,0.044,0.044,-1,Echolocation,/mnt/ubna_data_02_mir/recover-20220922/UBNA_001/20220921_090000.WAV,Telephone Field,recover-20220922,001,1795
1115.6885,1115.6999,23750,28510,Nyctalus leisleri,0.011,0.022,-1,Echolocation,/mnt/ubna_data_02_mir/recover-20220922/UBNA_001/20220921_090000.WAV,Telephone Field,recover-20220922,001,1795
1115.6915,1115.7305,68437,82461,Rhinolophus ferrumequinum,0.026,0.026,-1,Echolocation,/mnt/ubna_data_02_mir/recover-20220922/UBNA_001/20220921_090000.WAV,Telephone Field,recover-20220922,001,1795
1115.6985,1115.7361,68437,82207,Rhinolophus ferrumequinum,0.025,0.025,-1,Echolocation,/mnt/ubna_data_02_mir/recover-20220922/UBNA_001/20220921_090000.WAV,Telephone Field,recover-20220922,001,1795
1115.7075,1115.7449,68437,81553,Rhinolophus ferrumequinum,0.024,0.024,-1,Echolocation,/mnt/ubna_data_02_mir/recover-20220922/UBNA_001/20220921_090000.WAV,Telephone Field,recover-20220922,001,1795
1115.7175,1115.7563,68437,82499,Rhinolophus ferrumequinum,0.029,0.029,-1,Echolocation,/mnt/ubna_data_02_mir/recover-20220922/UBNA_001/20220921_090000.WAV,Telephone Field,recover-20220922,001,1795
1115.7235,1115.7628,68437,82819,Rhinolophus ferrumequinum,0.03,0.03,-1,Echolocation,/mnt/ubna_data_02_mir/recover-20220922/UBNA_001/20220921_090000.WAV,Telephone Field,recover-20220922,001,1795
1115.7325,1115.7399,28906,39314,Eptesicus serotinus,0.007,0.024,-1,Echolocation,/mnt/ubna_data_02_mir/recover-20220922/UBNA_001/20220921_090000.WAV,Telephone Field,recover-20220922,001,1795
1115.7945,1115.8333,68437,82309,Rhinolophus ferrumequinum,0.027,0.027,-1,Echolocation,/mnt/ubna_data_02_mir/recover-20220922/UBNA_001/20220921_090000.WAV,Telephone Field,recover-20220922,001,1795
1115.7945,1115.8044,25468,33148,Eptesicus serotinus,0.01,0.023,-1,Echolocation,/mnt/ubna_data_02_mir/recover-20220922/UBNA_001/20220921_090000.WAV,Telephone Field,recover-20220922,001,1795
1115.8385,1115.8797,68437,82905,Rhinolophus ferrumequinum,0.028,0.028,-1,Echolocation,/mnt/ubna_data_02_mir/recover-20220922/UBNA_001/20220921_090000.WAV,Telephone Field,recover-20220922,001,1795
1115.8405,1115.8495,24609,32829,Nyctalus leisleri,0.007,0.025,-1,Echolocation,/mnt/ubna_data_02_mir/recover-20220922/UBNA_001/20220921_090000.WAV,Telephone Field,recover-20220922,001,1795
1115.8685,1115.8769,28046,37761,Eptesicus serotinus,0.007,0.022,-1,Echolocation,/mnt/ubna_data_02_mir/recover-20220922/UBNA_001/20220921_090000.WAV,Telephone Field,recover-20220922,001,1795
1115.8905,1115.9234,68437,80325,Rhinolophus ferrumequinum,0.034,0.034,-1,Echolocation,/mnt/ubna_data_02_mir/recover-20220922/UBNA_001/20220921_090000.WAV,Telephone Field,recover-20220922,001,1795
1115.9015,1115.9355,68437,81072,Rhinolophus ferrumequinum,0.026,0.026,-1,Echolocation,/mnt/ubna_data_02_mir/recover-20220922/UBNA_001/20220921_090000.WAV,Telephone Field,recover-20220922,001,1795
1115.9075,1115.9416,68437,80714,Rhinolophus ferrumequinum,0.026,0.026,-1,Echolocation,/mnt/ubna_data_02_mir/recover-20220922/UBNA_001/20220921_090000.WAV,Telephone Field,recover-20220922,001,1795
1115.9225,1115.9332,25468,32452,Eptesicus serotinus,0.009,0.022,-1,Echolocation,/mnt/ubna_data_02_mir/recover-20220922/UBNA_001/20220921_090000.WAV,Telephone Field,recover-20220922,001,1795
1115.9505,1115.9931,68437,83203,Rhinolophus ferrumequinum,0.033,0.033,-1,Echolocation,/mnt/ubna_data_02_mir/recover-20220922/UBNA_001/20220921_090000.WAV,Telephone Field,recover-20220922,001,1795
1115.9755,1115.9835,25468,34093,Plecotus austriacus,0.008,0.025,-1,Echolocation,/mnt/ubna_data_02_mir/recover-20220922/UBNA_001/20220921_090000.WAV,Telephone Field,recover-20220922,001,1795
1115.9875,1115.9963,28046,39251,Eptesicus serotinus,0.008,0.022,-1,Echolocation,/mnt/ubna_data_02_mir/recover-20220922/UBNA_001/20220921_090000.WAV,Telephone Field,recover-20220922,001,1795
1116.0015,1116.0116,22890,28580,Nyctalus leisleri,0.015,0.032,-1,Echolocation,/mnt/ubna_data_02_mir/recover-20220922/UBNA_001/20220921_090000.WAV,Telephone Field,recover-20220922,001,1795
1116.0015,1116.035,68437,79776,Rhinolophus ferrumequinum,0.03,0.03,-1,Echolocation,/mnt/ubna_data_02_mir/recover-20220922/UBNA_001/20220921_090000.WAV,Telephone Field,recover-20220922,001,1795
1116.0085,1116.0485,68437,82073,Rhinolophus ferrumequinum,0.024,0.024,-1,Echolocation,/mnt/ubna_data_02_mir/recover-20220922/UBNA_001/20220921_090000.WAV,Telephone Field,recover-20220922,001,1795
1116.0585,1116.1007,68437,83486,Rhinolophus ferrumequinum,0.033,0.033,-1,Echolocation,/mnt/ubna_data_02_mir/recover-20220922/UBNA_001/20220921_090000.WAV,Telephone Field,recover-20220922,001,1795
1116.0725,1116.081,28046,38421,Eptesicus serotinus,0.008,0.022,-1,Echolocation,/mnt/ubna_data_02_mir/recover-20220922/UBNA_001/20220921_090000.WAV,Telephone Field,recover-20220922,001,1795
1116.1085,1116.1524,68437,82965,Rhinolophus ferrumequinum,0.034,0.034,-1,Echolocation,/mnt/ubna_data_02_mir/recover-20220922/UBNA_001/20220921_090000.WAV,Telephone Field,recover-20220922,001,1795
1116.1585,1116.1936,68437,81006,Rhinolophus ferrumequinum,0.023,0.023,-1,Echolocation,/mnt/ubna_data_02_mir/recover-20220922/UBNA_001/20220921_090000.WAV,Telephone Field,recover-20220922,001,1795
1116.2005,1116.2411,68437,82269,Rhinolophus ferrumequinum,0.021,0.021,-1,Echolocation,/mnt/ubna_data_02_mir/recover-20220922/UBNA_001/20220921_090000.WAV,Telephone Field,recover-20220922,001,1795
1116.2165,1116.2255,25468,32839,Eptesicus serotinus,0.008,0.022,-1,Echolocation,/mnt/ubna_data_02_mir/recover-20220922/UBNA_001/20220921_090000.WAV,Telephone Field,recover-20220922,001,1795
1116.2255,1116.2656,68437,82728,Rhinolophus ferrumequinum,0.026,0.026,-1,Echolocation,/mnt/ubna_data_02_mir/recover-20220922/UBNA_001/20220921_090000.WAV,Telephone Field,recover-20220922,001,1795
1116.2485,1116.2888,68437,82339,Rhinolophus ferrumequinum,0.024,0.024,-1,Echolocation,/mnt/ubna_data_02_mir/recover-20220922/UBNA_001/20220921_090000.WAV,Telephone Field,recover-20220922,001,1795
1116.2675,1116.2775,22890,27819,Nyctalus leisleri,0.011,0.022,-1,Echolocation,/mnt/ubna_data_02_mir/recover-20220922/UBNA_001/20220921_090000.WAV,Telephone Field,recover-20220922,001,1795
1116.2825,1116.3263,68437,83254,Rhinolophus ferrumequinum,0.029,0.029,-1,Echolocation,/mnt/ubna_data_02_mir/recover-20220922/UBNA_001/20220921_090000.WAV,Telephone Field,recover-20220922,001,1795
1116.3075,1116.3496,68437,82793,Rhinolophus ferrumequinum,0.027,0.027,-1,Echolocation,/mnt/ubna_data_02_mir/recover-20220922/UBNA_001/20220921_090000.WAV,Telephone Field,recover-20220922,001,1795
1116.3255,1116.363,68437,81917,Rhinolophus ferrumequinum,0.022,0.022,-1,Echolocation,/mnt/ubna_data_02_mir/recover-20220922/UBNA_001/20220921_090000.WAV,Telephone Field,recover-20220922,001,1795
1116.3495,1116.3904,68437,82439,Rhinolophus ferrumequinum,0.022,0.022,-1,Echolocation,/mnt/ubna_data_02_mir/recover-20220922/UBNA_001/20220921_090000.WAV,Telephone Field,recover-20220922,001,1795
1116.3585,1116.398,68437,83040,Rhinolophus ferrumequinum,0.022,0.022,-1,Echolocation,/mnt/ubna_data_02_mir/recover-20220922/UBNA_001/20220921_090000.WAV,Telephone Field,recover-20220922,001,1795
1116.3785,1116.4168,68437,81757,Rhinolophus ferrumequinum,0.025,0.025,-1,Echolocation,/mnt/ubna_data_02_mir/recover-20220922/UBNA_001/20220921_090000.WAV,Telephone Field,recover-20220922,001,1795
1116.3905,1116.4337,68437,83001,Rhinolophus ferrumequinum,0.037,0.037,-1,Echolocation,/mnt/ubna_data_02_mir/recover-20220922/UBNA_001/20220921_090000.WAV,Telephone Field,recover-20220922,001,1795
1116.4365,1116.4736,68437,81292,Rhinolophus ferrumequinum,0.022,0.023,-1,Echolocation,/mnt/ubna_data_02_mir/recover-20220922/UBNA_001/20220921_090000.WAV,Telephone Field,recover-20220922,001,1795
1116.4495,1116.4587,23750,30780,Nyctalus leisleri,0.008,0.025,-1,Echolocation,/mnt/ubna_data_02_mir/recover-20220922/UBNA_001/20220921_090000.WAV,Telephone Field,recover-20220922,001,1795
1116.4595,1116.473,50390,54840,Pipistrellus pipistrellus,0.026,0.032,-1,Echolocation,/mnt/ubna_data_02_mir/recover-20220922/UBNA_001/20220921_090000.WAV,Telephone Field,recover-20220922,001,1795
1116.4715,1116.5122,68437,82414,Rhinolophus ferrumequinum,0.03,0.03,-1,Echolocation,/mnt/ubna_data_02_mir/recover-20220922/UBNA_001/20220921_090000.WAV,Telephone Field,recover-20220922,001,1795
1116.5075,1116.5461,68437,82069,Rhinolophus ferrumequinum,0.022,0.022,-1,Echolocation,/mnt/ubna_data_02_mir/recover-20220922/UBNA_001/20220921_090000.WAV,Telephone Field,recover-20220922,001,1795
1116.5175,1116.5247,44375,47811,Pipistrellus pipistrellus,0.028,0.03,-1,Echolocation,/mnt/ubna_data_02_mir/recover-20220922/UBNA_001/20220921_090000.WAV,Telephone Field,recover-20220922,001,1795
1116.5345,1116.5743,68437,82701,Rhinolophus ferrumequinum,0.029,0.029,-1,Echolocation,/mnt/ubna_data_02_mir/recover-20220922/UBNA_001/20220921_090000.WAV,Telephone Field,recover-20220922,001,1795
1116.5775,1116.6158,68437,81230,Rhinolophus ferrumequinum,0.021,0.022,-1,Echolocation,/mnt/ubna_data_02_mir/recover-20220922/UBNA_001/20220921_090000.WAV,Telephone Field,recover-20220922,001,1795
1116.6005,1116.6386,68437,82704,Rhinolophus ferrumequinum,0.023,0.023,-1,Echolocation,/mnt/ubna_data_02_mir/recover-20220922/UBNA_001/20220921_090000.WAV,Telephone Field,recover-20220922,001,1795
1116.6155,1116.6557,68437,82026,Rhinolophus ferrumequinum,0.022,0.022,-1,Echolocation,/mnt/ubna_data_02_mir/recover-20220922/UBNA_001/20220921_090000.WAV,Telephone Field,recover-20220922,001,1795
1116.6255,1116.6639,68437,82192,Rhinolophus ferrumequinum,0.022,0.022,-1,Echolocation,/mnt/ubna_data_02_mir/recover-20220922/UBNA_001/20220921_090000.WAV,Telephone Field,recover-20220922,001,1795
1116.6315,1116.6693,68437,81961,Rhinolophus ferrumequinum,0.023,0.023,-1,Echolocation,/mnt/ubna_data_02_mir/recover-20220922/UBNA_001/20220921_090000.WAV,Telephone Field,recover-20220922,001,1795
1116.6675,1116.7053,68437,81849,Rhinolophus ferrumequinum,0.022,0.022,-1,Echolocation,/mnt/ubna_data_02_mir/recover-20220922/UBNA_001/20220921_090000.WAV,Telephone Field,recover-20220922,001,1795
1116.6695,1116.6852,23750,28778,Nyctalus leisleri,0.016,0.033,-1,Echolocation,/mnt/ubna_data_02_mir/recover-20220922/UBNA_001/20220921_090000.WAV,Telephone Field,recover-20220922,001,1795
1116.7555,1116.7638,28906,40043,Eptesicus serotinus,0.009,0.024,-1,Echolocation,/mnt/ubna_data_02_mir/recover-20220922/UBNA_001/20220921_090000.WAV,Telephone Field,recover-20220922,001,1795
1116.7555,1116.7934,68437,82031,Rhinolophus ferrumequinum,0.024,0.024,-1,Echolocation,/mnt/ubna_data_02_mir/recover-20220922/UBNA_001/20220921_090000.WAV,Telephone Field,recover-20220922,001,1795
1116.7935,1116.805,27187,34751,Eptesicus serotinus,0.014,0.027,-1,Echolocation,/mnt/ubna_data_02_mir/recover-20220922/UBNA_001/20220921_090000.WAV,Telephone Field,recover-20220922,001,1795
1116.8215,1116.86,68437,81719,Rhinolophus ferrumequinum,0.022,0.022,-1,Echolocation,/mnt/ubna_data_02_mir/recover-20220922/UBNA_001/20220921_090000.WAV,Telephone Field,recover-20220922,001,1795
1116.8435,1116.8825,68437,82079,Rhinolophus ferrumequinum,0.027,0.027,-1,Echolocation,/mnt/ubna_data_02_mir/recover-20220922/UBNA_001/20220921_090000.WAV,Telephone Field,recover-20220922,001,1795
1116.8615,1116.8698,26328,36036,Eptesicus serotinus,0.008,0.023,-1,Echolocation,/mnt/ubna_data_02_mir/recover-20220922/UBNA_001/20220921_090000.WAV,Telephone Field,recover-20220922,001,1795
1116.8665,1116.9042,68437,82012,Rhinolophus ferrumequinum,0.024,0.024,-1,Echolocation,/mnt/ubna_data_02_mir/recover-20220922/UBNA_001/20220921_090000.WAV,Telephone Field,recover-20220922,001,1795
1116.9225,1116.9671,68437,83435,Rhinolophus ferrumequinum,0.065,0.065,-1,Echolocation,/mnt/ubna_data_02_mir/recover-20220922/UBNA_001/20220921_090000.WAV,Telephone Field,recover-20220922,001,1795
1116.9655,1117.0091,68437,83295,Rhinolophus ferrumequinum,0.03,0.03,-1,Echolocation,/mnt/ubna_data_02_mir/recover-20220922/UBNA_001/20220921_090000.WAV,Telephone Field,recover-20220922,001,1795
1116.9675,1116.9784,28906,35966,Eptesicus serotinus,0.013,0.025,-1,Echolocation,/mnt/ubna_data_02_mir/recover-20220922/UBNA_001/20220921_090000.WAV,Telephone Field,recover-20220922,001,1795
1116.9825,1116.99,26328,39700,Eptesicus serotinus,0.007,0.022,-1,Echolocation,/mnt/ubna_data_02_mir/recover-20220922/UBNA_001/20220921_090000.WAV,Telephone Field,recover-20220922,001,1795
1117.0015,1117.0127,24609,31047,Nyctalus leisleri,0.013,0.031,-1,Echolocation,/mnt/ubna_data_02_mir/recover-20220922/UBNA_001/20220921_090000.WAV,Telephone Field,recover-20220922,001,1795
1117.0035,1117.0457,68437,82571,Rhinolophus ferrumequinum,0.026,0.026,-1,Echolocation,/mnt/ubna_data_02_mir/recover-20220922/UBNA_001/20220921_090000.WAV,Telephone Field,recover-20220922,001,1795
1117.0235,1117.0322,29765,39375,Eptesicus serotinus,0.009,0.025,-1,Echolocation,/mnt/ubna_data_02_mir/recover-20220922/UBNA_001/20220921_090000.WAV,Telephone Field,recover-20220922,001,1795
1117.0305,1117.0716,68437,82742,Rhinolophus ferrumequinum,0.024,0.024,-1,Echolocation,/mnt/ubna_data_02_mir/recover-20220922/UBNA_001/20220921_090000.WAV,Telephone Field,recover-20220922,001,1795
1117.0605,1117.101,68437,82979,Rhinolophus ferrumequinum,0.024,0.024,-1,Echolocation,/mnt/ubna_data_02_mir/recover-20220922/UBNA_001/20220921_090000.WAV,Telephone Field,recover-20220922,001,1795
1117.0805,1117.0898,27187,35914,Eptesicus serotinus,0.01,0.022,-1,Echolocation,/mnt/ubna_data_02_mir/recover-20220922/UBNA_001/20220921_090000.WAV,Telephone Field,recover-20220922,001,1795
1117.0995,1117.1135,22031,26035,Nyctalus leisleri,0.013,0.024,-1,Echolocation,/mnt/ubna_data_02_mir/recover-20220922/UBNA_001/20220921_090000.WAV,Telephone Field,recover-20220922,001,1795
1117.1035,1117.1479,68437,83474,Rhinolophus ferrumequinum,0.047,0.047,-1,Echolocation,/mnt/ubna_data_02_mir/recover-20220922/UBNA_001/20220921_090000.WAV,Telephone Field,recover-20220922,001,1795
1117.1185,1117.1298,22031,26718,Nyctalus leisleri,0.011,0.022,-1,Echolocation,/mnt/ubna_data_02_mir/recover-20220922/UBNA_001/20220921_090000.WAV,Telephone Field,recover-20220922,001,1795
1117.1415,1117.1818,68437,83202,Rhinolophus ferrumequinum,0.028,0.028,-1,Echolocation,/mnt/ubna_data_02_mir/recover-20220922/UBNA_001/20220921_090000.WAV,Telephone Field,recover-20220922,001,1795
1117.1435,1117.1508,27187,41249,Eptesicus serotinus,0.007,0.023,-1,Echolocation,/mnt/ubna_data_02_mir/recover-20220922/UBNA_001/20220921_090000.WAV,Telephone Field,recover-20220922,001,1795
1117.2025,1117.2112,27187,37820,Eptesicus serotinus,0.008,0.022,-1,Echolocation,/mnt/ubna_data_02_mir/recover-20220922/UBNA_001/20220921_090000.WAV,Telephone Field,recover-20220922,001,1795
1117.2665,1117.2754,28046,37347,Eptesicus serotinus,0.011,0.028,-1,Echolocation,/mnt/ubna_data_02_mir/recover-20220922/UBNA_001/20220921_090000.WAV,Telephone Field,recover-20220922,001,1795
1117.2695,1117.3106,68437,82617,Rhinolophus ferrumequinum,0.031,0.031,-1,Echolocation,/mnt/ubna_data_02_mir/recover-20220922/UBNA_001/20220921_090000.WAV,Telephone Field,recover-20220922,001,1795
1117.2845,1117.3256,68437,83191,Rhinolophus ferrumequinum,0.029,0.029,-1,Echolocation,/mnt/ubna_data_02_mir/recover-20220922/UBNA_001/20220921_090000.WAV,Telephone Field,recover-20220922,001,1795
1117.3305,1117.3688,68437,81688,Rhinolophus ferrumequinum,0.023,0.023,-1,Echolocation,/mnt/ubna_data_02_mir/recover-20220922/UBNA_001/20220921_090000.WAV,Telephone Field,recover-20220922,001,1795
1117.3335,1117.3565,16875,19908,Nyctalus noctula,0.024,0.043,-1,Echolocation,/mnt/ubna_data_02_mir/recover-20220922/UBNA_001/20220921_090000.WAV,Telephone Field,recover-20220922,001,1795
1117.3495,1117.359,28046,36361,Eptesicus serotinus,0.009,0.023,-1,Echolocation,/mnt/ubna_data_02_mir/recover-20220922/UBNA_001/20220921_090000.WAV,Telephone Field,recover-20220922,001,1795
1117.3575,1117.3991,68437,83248,Rhinolophus ferrumequinum,0.033,0.033,-1,Echolocation,/mnt/ubna_data_02_mir/recover-20220922/UBNA_001/20220921_090000.WAV,Telephone Field,recover-20220922,001,1795
1117.3835,1117.4238,68437,82897,Rhinolophus ferrumequinum,0.023,0.023,-1,Echolocation,/mnt/ubna_data_02_mir/recover-20220922/UBNA_001/20220921_090000.WAV,Telephone Field,recover-20220922,001,1795
1117.4215,1117.4601,68437,82309,Rhinolophus ferrumequinum,0.027,0.027,-1,Echolocation,/mnt/ubna_data_02_mir/recover-20220922/UBNA_001/20220921_090000.WAV,Telephone Field,recover-20220922,001,1795
1117.4265,1117.4342,28906,42468,Eptesicus serotinus,0.008,0.024,-1,Echolocation,/mnt/ubna_data_02_mir/recover-20220922/UBNA_001/20220921_090000.WAV,Telephone Field,recover-20220922,001,1795
1117.4335,1117.4712,68437,81826,Rhinolophus ferrumequinum,0.022,0.022,-1,Echolocation,/mnt/ubna_data_02_mir/recover-20220922/UBNA_001/20220921_090000.WAV,Telephone Field,recover-20220922,001,1795
1117.4575,1117.4968,68437,82604,Rhinolophus ferrumequinum,0.025,0.025,-1,Echolocation,/mnt/ubna_data_02_mir/recover-20220922/UBNA_001/20220921_090000.WAV,Telephone Field,recover-20220922,001,1795
1117.4915,1117.503,27187,33956,Eptesicus serotinus,0.017,0.031,-1,Echolocation,/mnt/ubna_data_02_mir/recover-20220922/UBNA_001/20220921_090000.WAV,Telephone Field,recover-20220922,001,1795
1117.5275,1117.5372,28906,36791,Eptesicus serotinus,0.009,0.023,-1,Echolocation,/mnt/ubna_data_02_mir/recover-20220922/UBNA_001/20220921_090000.WAV,Telephone Field,recover-20220922,001,1795
1117.5385,1117.5712,68437,80707,Rhinolophus ferrumequinum,0.022,0.022,-1,Echolocation,/mnt/ubna_data_02_mir/recover-20220922/UBNA_001/20220921_090000.WAV,Telephone Field,recover-20220922,001,1795
1117.5505,1117.5693,57265,62753,Pipistrellus pygmaeus,0.029,0.031,-1,Echolocation,/mnt/ubna_data_02_mir/recover-20220922/UBNA_001/20220921_090000.WAV,Telephone Field,recover-20220922,001,1795
1117.5585,1117.5703,27187,33153,Eptesicus serotinus,0.011,0.026,-1,Echolocation,/mnt/ubna_data_02_mir/recover-20220922/UBNA_001/20220921_090000.WAV,Telephone Field,recover-20220922,001,1795
1117.5755,1117.6125,68437,81609,Rhinolophus ferrumequinum,0.022,0.022,-1,Echolocation,/mnt/ubna_data_02_mir/recover-20220922/UBNA_001/20220921_090000.WAV,Telephone Field,recover-20220922,001,1795
1117.5935,1117.6311,68437,81013,Rhinolophus ferrumequinum,0.025,0.025,-1,Echolocation,/mnt/ubna_data_02_mir/recover-20220922/UBNA_001/20220921_090000.WAV,Telephone Field,recover-20220922,001,1795
1117.6225,1117.6645,68437,82742,Rhinolophus ferrumequinum,0.022,0.022,-1,Echolocation,/mnt/ubna_data_02_mir/recover-20220922/UBNA_001/20220921_090000.WAV,Telephone Field,recover-20220922,001,1795
1117.6665,1117.6763,28906,36537,Eptesicus serotinus,0.009,0.022,-1,Echolocation,/mnt/ubna_data_02_mir/recover-20220922/UBNA_001/20220921_090000.WAV,Telephone Field,recover-20220922,001,1795
1117.7005,1117.7393,68437,81599,Rhinolophus ferrumequinum,0.022,0.022,-1,Echolocation,/mnt/ubna_data_02_mir/recover-20220922/UBNA_001/20220921_090000.WAV,Telephone Field,recover-20220922,001,1795
1117.7025,1117.7171,23750,29190,Nyctalus leisleri,0.015,0.03,-1,Echolocation,/mnt/ubna_data_02_mir/recover-20220922/UBNA_001/20220921_090000.WAV,Telephone Field,recover-20220922,001,1795
1117.7115,1117.7285,22031,25234,Nyctalus leisleri,0.017,0.026,-1,Echolocation,/mnt/ubna_data_02_mir/recover-20220922/UBNA_001/20220921_090000.WAV,Telephone Field,recover-20220922,001,1795
1117.7255,1117.7653,68437,82358,Rhinolophus ferrumequinum,0.023,0.023,-1,Echolocation,/mnt/ubna_data_02_mir/recover-20220922/UBNA_001/20220921_090000.WAV,Telephone Field,recover-20220922,001,1795
1117.7555,1117.7948,68437,82311,Rhinolophus ferrumequinum,0.024,0.024,-1,Echolocation,/mnt/ubna_data_02_mir/recover-20220922/UBNA_001/20220921_090000.WAV,Telephone Field,recover-20220922,001,1795
1117.7615,1117.7975,68437,80943,Rhinolophus ferrumequinum,0.021,0.021,-1,Echolocation,/mnt/ubna_data_02_mir/recover-20220922/UBNA_001/20220921_090000.WAV,Telephone Field,recover-20220922,001,1795
1117.7795,1117.7878,27187,36457,Eptesicus serotinus,0.012,0.031,-1,Echolocation,/mnt/ubna_data_02_mir/recover-20220922/UBNA_001/20220921_090000.WAV,Telephone Field,recover-20220922,001,1795
1117.7855,1117.8247,68437,82577,Rhinolophus ferrumequinum,0.024,0.024,-1,Echolocation,/mnt/ubna_data_02_mir/recover-20220922/UBNA_001/20220921_090000.WAV,Telephone Field,recover-20220922,001,1795
1117.7945,1117.8321,68437,81707,Rhinolophus ferrumequinum,0.022,0.022,-1,Echolocation,/mnt/ubna_data_02_mir/recover-20220922/UBNA_001/20220921_090000.WAV,Telephone Field,recover-20220922,001,1795
1117.8695,1117.9088,68437,82569,Rhinolophus ferrumequinum,0.023,0.023,-1,Echolocation,/mnt/ubna_data_02_mir/recover-20220922/UBNA_001/20220921_090000.WAV,Telephone Field,recover-20220922,001,1795
1117.8805,1117.918,68437,81734,Rhinolophus ferrumequinum,0.024,0.024,-1,Echolocation,/mnt/ubna_data_02_mir/recover-20220922/UBNA_001/20220921_090000.WAV,Telephone Field,recover-20220922,001,1795
1117.8865,1117.9255,68437,81374,Rhinolophus ferrumequinum,0.025,0.025,-1,Echolocation,/mnt/ubna_data_02_mir/recover-20220922/UBNA_001/20220921_090000.WAV,Telephone Field,recover-20220922,001,1795
1117.8935,1117.9305,68437,81556,Rhinolophus ferrumequinum,0.026,0.026,-1,Echolocation,/mnt/ubna_data_02_mir/recover-20220922/UBNA_001/20220921_090000.WAV,Telephone Field,recover-20220922,001,1795
1117.9015,1117.9356,68437,80636,Rhinolophus ferrumequinum,0.033,0.033,-1,Echolocation,/mnt/ubna_data_02_mir/recover-20220922/UBNA_001/20220921_090000.WAV,Telephone Field,recover-20220922,001,1795
1117.9265,1117.9729,68437,83277,Rhinolophus ferrumequinum,0.059,0.059,-1,Echolocation,/mnt/ubna_data_02_mir/recover-20220922/UBNA_001/20220921_090000.WAV,Telephone Field,recover-20220922,001,1795
1117.9515,1117.9584,28046,37784,Eptesicus serotinus,0.006,0.022,-1,Echolocation,/mnt/ubna_data_02_mir/recover-20220922/UBNA_001/20220921_090000.WAV,Telephone Field,recover-20220922,001,1795
1118.0015,1118.01,26328,36622,Eptesicus serotinus,0.006,0.025,-1,Echolocation,/mnt/ubna_data_02_mir/recover-20220922/UBNA_001/20220921_090000.WAV,Telephone Field,recover-20220922,001,1795
1118.0015,1118.0331,68437,79832,Rhinolophus ferrumequinum,0.027,0.027,-1,Echolocation,/mnt/ubna_data_02_mir/recover-20220922/UBNA_001/20220921_090000.WAV,Telephone Field,recover-20220922,001,1795
1118.0065,1118.0162,27187,37472,Eptesicus serotinus,0.011,0.024,-1,Echolocation,/mnt/ubna_data_02_mir/recover-20220922/UBNA_001/20220921_090000.WAV,Telephone Field,recover-20220922,001,1795
1118.0095,1118.0515,68437,81987,Rhinolophus ferrumequinum,0.022,0.022,-1,Echolocation,/mnt/ubna_data_02_mir/recover-20220922/UBNA_001/20220921_090000.WAV,Telephone Field,recover-20220922,001,1795
1118.0255,1118.0652,68437,82590,Rhinolophus ferrumequinum,0.025,0.025,-1,Echolocation,/mnt/ubna_data_02_mir/recover-20220922/UBNA_001/20220921_090000.WAV,Telephone Field,recover-20220922,001,1795
1118.0355,1118.074,68437,81871,Rhinolophus ferrumequinum,0.022,0.022,-1,Echolocation,/mnt/ubna_data_02_mir/recover-20220922/UBNA_001/20220921_090000.WAV,Telephone Field,recover-20220922,001,1795
1118.0465,1118.0853,68437,81981,Rhinolophus ferrumequinum,0.022,0.022,-1,Echolocation,/mnt/ubna_data_02_mir/recover-20220922/UBNA_001/20220921_090000.WAV,Telephone Field,recover-20220922,001,1795
1118.0595,1118.0979,68437,82301,Rhinolophus ferrumequinum,0.022,0.022,-1,Echolocation,/mnt/ubna_data_02_mir/recover-20220922/UBNA_001/20220921_090000.WAV,Telephone Field,recover-20220922,001,1795
1118.0895,1118.1001,28046,35709,Eptesicus serotinus,0.01,0.024,-1,Echolocation,/mnt/ubna_data_02_mir/recover-20220922/UBNA_001/20220921_090000.WAV,Telephone Field,recover-20220922,001,1795
1118.1275,1118.1641,68437,82224,Rhinolophus ferrumequinum,0.022,0.022,-1,Echolocation,/mnt/ubna_data_02_mir/recover-20220922/UBNA_001/20220921_090000.WAV,Telephone Field,recover-20220922,001,1795
1118.2035,1118.2402,68437,82129,Rhinolophus ferrumequinum,0.022,0.022,-1,Echolocation,/mnt/ubna_data_02_mir/recover-20220922/UBNA_001/20220921_090000.WAV,Telephone Field,recover-20220922,001,1795
1118.2245,1118.2649,68437,82448,Rhinolophus ferrumequinum,0.024,0.024,-1,Echolocation,/mnt/ubna_data_02_mir/recover-20220922/UBNA_001/20220921_090000.WAV,Telephone Field,recover-20220922,001,1795
1118.2665,1118.3047,68437,82340,Rhinolophus ferrumequinum,0.029,0.029,-1,Echolocation,/mnt/ubna_data_02_mir/recover-20220922/UBNA_001/20220921_090000.WAV,Telephone Field,recover-20220922,001,1795
1118.3005,1118.3421,68437,82304,Rhinolophus ferrumequinum,0.022,0.022,-1,Echolocation,/mnt/ubna_data_02_mir/recover-20220922/UBNA_001/20220921_090000.WAV,Telephone Field,recover-20220922,001,1795
1118.3135,1118.346,69296,81609,Rhinolophus ferrumequinum,0.022,0.022,-1,Echolocation,/mnt/ubna_data_02_mir/recover-20220922/UBNA_001/20220921_090000.WAV,Telephone Field,recover-20220922,001,1795
1118.3365,1118.375,68437,81994,Rhinolophus ferrumequinum,0.023,0.023,-1,Echolocation,/mnt/ubna_data_02_mir/recover-20220922/UBNA_001/20220921_090000.WAV,Telephone Field,recover-20220922,001,1795
1118.3385,1118.3476,28906,37418,Eptesicus serotinus,0.009,0.022,-1,Echolocation,/mnt/ubna_data_02_mir/recover-20220922/UBNA_001/20220921_090000.WAV,Telephone Field,recover-20220922,001,1795
1118.3445,1118.3828,68437,82175,Rhinolophus ferrumequinum,0.022,0.022,-1,Echolocation,/mnt/ubna_data_02_mir/recover-20220922/UBNA_001/20220921_090000.WAV,Telephone Field,recover-20220922,001,1795
1118.3715,1118.4111,68437,82874,Rhinolophus ferrumequinum,0.026,0.026,-1,Echolocation,/mnt/ubna_data_02_mir/recover-20220922/UBNA_001/20220921_090000.WAV,Telephone Field,recover-20220922,001,1795
1118.3945,1118.4051,22031,25998,Nyctalus leisleri,0.013,0.023,-1,Echolocation,/mnt/ubna_data_02_mir/recover-20220922/UBNA_001/20220921_090000.WAV,Telephone Field,recover-20220922,001,1795
1118.4405,1118.4489,46093,52350,Pipistrellus pipistrellus,0.018,0.022,-1,Echolocation,/mnt/ubna_data_02_mir/recover-20220922/UBNA_001/20220921_090000.WAV,Telephone Field,recover-20220922,001,1795
1118.4435,1118.489,68437,83305,Rhinolophus ferrumequinum,0.044,0.044,-1,Echolocation,/mnt/ubna_data_02_mir/recover-20220922/UBNA_001/20220921_090000.WAV,Telephone Field,recover-20220922,001,1795
1118.4945,1118.5024,23750,31724,Plecotus austriacus,0.009,0.023,-1,Echolocation,/mnt/ubna_data_02_mir/recover-20220922/UBNA_001/20220921_090000.WAV,Telephone Field,recover-20220922,001,1795
1118.5255,1118.5642,68437,82252,Rhinolophus ferrumequinum,0.022,0.022,-1,Echolocation,/mnt/ubna_data_02_mir/recover-20220922/UBNA_001/20220921_090000.WAV,Telephone Field,recover-20220922,001,1795
1118.5415,1118.5525,23750,29828,Nyctalus leisleri,0.011,0.025,-1,Echolocation,/mnt/ubna_data_02_mir/recover-20220922/UBNA_001/20220921_090000.WAV,Telephone Field,recover-20220922,001,1795
1118.5885,1118.6245,68437,81250,Rhinolophus ferrumequinum,0.022,0.022,-1,Echolocation,/mnt/ubna_data_02_mir/recover-20220922/UBNA_001/20220921_090000.WAV,Telephone Field,recover-20220922,001,1795
1118.6165,1118.6555,68437,82614,Rhinolophus ferrumequinum,0.024,0.024,-1,Echolocation,/mnt/ubna_data_02_mir/recover-20220922/UBNA_001/20220921_090000.WAV,Telephone Field,recover-20220922,001,1795
1118.6685,1118.7082,68437,82239,Rhinolophus ferrumequinum,0.022,0.022,-1,Echolocation,/mnt/ubna_data_02_mir/recover-20220922/UBNA_001/20220921_090000.WAV,Telephone Field,recover-20220922,001,1795
1118.6795,1118.7219,68437,82998,Rhinolophus ferrumequinum,0.026,0.026,-1,Echolocation,/mnt/ubna_data_02_mir/recover-20220922/UBNA_001/20220921_090000.WAV,Telephone Field,recover-20220922,001,1795
1118.6965,1118.7064,28046,35008,Eptesicus serotinus,0.019,0.035,-1,Echolocation,/mnt/ubna_data_02_mir/recover-20220922/UBNA_001/20220921_090000.WAV,Telephone Field,recover-20220922,001,1795
1118.7175,1118.7562,68437,82149,Rhinolophus ferrumequinum,0.022,0.022,-1,Echolocation,/mnt/ubna_data_02_mir/recover-20220922/UBNA_001/20220921_090000.WAV,Telephone Field,recover-20220922,001,1795
1118.7745,1118.7821,27187,36557,Eptesicus serotinus,0.008,0.023,-1,Echolocation,/mnt/ubna_data_02_mir/recover-20220922/UBNA_001/20220921_090000.WAV,Telephone Field,recover-20220922,001,1795
1118.7805,1118.8211,68437,82349,Rhinolophus ferrumequinum,0.023,0.023,-1,Echolocation,/mnt/ubna_data_02_mir/recover-20220922/UBNA_001/20220921_090000.WAV,Telephone Field,recover-20220922,001,1795
1118.8035,1118.811,25468,34219,Eptesicus serotinus,0.006,0.022,-1,Echolocation,/mnt/ubna_data_02_mir/recover-20220922/UBNA_001/20220921_090000.WAV,Telephone Field,recover-20220922,001,1795
1118.8175,1118.8248,28046,39195,Eptesicus serotinus,0.007,0.022,-1,Echolocation,/mnt/ubna_data_02_mir/recover-20220922/UBNA_001/20220921_090000.WAV,Telephone Field,recover-20220922,001,1795
1118.8285,1118.8684,68437,82755,Rhinolophus ferrumequinum,0.024,0.024,-1,Echolocation,/mnt/ubna_data_02_mir/recover-20220922/UBNA_001/20220921_090000.WAV,Telephone Field,recover-20220922,001,1795
1118.8765,1118.9115,68437,80753,Rhinolophus ferrumequinum,0.028,0.028,-1,Echolocation,/mnt/ubna_data_02_mir/recover-20220922/UBNA_001/20220921_090000.WAV,Telephone Field,recover-20220922,001,1795
1118.9105,1118.9483,68437,82168,Rhinolophus ferrumequinum,0.025,0.025,-1,Echolocation,/mnt/ubna_data_02_mir/recover-20220922/UBNA_001/20220921_090000.WAV,Telephone Field,recover-20220922,001,1795
1118.9455,1118.983,68437,81021,Rhinolophus ferrumequinum,0.023,0.023,-1,Echolocation,/mnt/ubna_data_02_mir/recover-20220922/UBNA_001/20220921_090000.WAV,Telephone Field,recover-20220922,001,1795
1118.9525,1118.9902,68437,81756,Rhinolophus ferrumequinum,0.025,0.025,-1,Echolocation,/mnt/ubna_data_02_mir/recover-20220922/UBNA_001/20220921_090000.WAV,Telephone Field,recover-20220922,001,1795
1118.9895,1119.0018,22890,26609,Nyctalus leisleri,0.016,0.026,-1,Echolocation,/mnt/ubna_data_02_mir/recover-20220922/UBNA_001/20220921_090000.WAV,Telephone Field,recover-20220922,001,1795
1119.0585,1119.0959,68437,81566,Rhinolophus ferrumequinum,0.024,0.024,-1,Echolocation,/mnt/ubna_data_02_mir/recover-20220922/UBNA_001/20220921_090000.WAV,Telephone Field,recover-20220922,001,1795
1119.1265,1119.167,68437,83071,Rhinolophus ferrumequinum,0.026,0.026,-1,Echolocation,/mnt/ubna_data_02_mir/recover-20220922/UBNA_001/20220921_090000.WAV,Telephone Field,recover-20220922,001,1795
1119.1475,1119.1595,22031,25585,Nyctalus leisleri,0.014,0.023,-1,Echolocation,/mnt/ubna_data_02_mir/recover-20220922/UBNA_001/20220921_090000.WAV,Telephone Field,recover-20220922,001,1795
1119.1685,1119.1758,47812,51880,Pipistrellus pipistrellus,0.021,0.023,-1,Echolocation,/mnt/ubna_data_02_mir/recover-20220922/UBNA_001/20220921_090000.WAV,Telephone Field,recover-20220922,001,1795
1119.1975,1119.2369,68437,82212,Rhinolophus ferrumequinum,0.025,0.025,-1,Echolocation,/mnt/ubna_data_02_mir/recover-20220922/UBNA_001/20220921_090000.WAV,Telephone Field,recover-20220922,001,1795
1119.2035,1119.2161,57265,63977,Pipistrellus pygmaeus,0.024,0.024,-1,Echolocation,/mnt/ubna_data_02_mir/recover-20220922/UBNA_001/20220921_090000.WAV,Telephone Field,recover-20220922,001,1795
1119.2065,1119.2461,68437,82549,Rhinolophus ferrumequinum,0.024,0.024,-1,Echolocation,/mnt/ubna_data_02_mir/recover-20220922/UBNA_001/20220921_090000.WAV,Telephone Field,recover-20220922,001,1795
1119.2335,1119.2692,68437,81454,Rhinolophus ferrumequinum,0.025,0.025,-1,Echolocation,/mnt/ubna_data_02_mir/recover-20220922/UBNA_001/20220921_090000.WAV,Telephone Field,recover-20220922,001,1795
1119.3105,1119.3531,68437,83132,Rhinolophus ferrumequinum,0.027,0.027,-1,Echolocation,/mnt/ubna_data_02_mir/recover-20220922/UBNA_001/20220921_090000.WAV,Telephone Field,recover-20220922,001,1795
1119.3155,1119.3236,28046,40980,Eptesicus serotinus,0.007,0.022,-1,Echolocation,/mnt/ubna_data_02_mir/recover-20220922/UBNA_001/20220921_090000.WAV,Telephone Field,recover-20220922,001,1795
1119.3205,1119.3596,68437,83316,Rhinolophus ferrumequinum,0.026,0.026,-1,Echolocation,/mnt/ubna_data_02_mir/recover-20220922/UBNA_001/20220921_090000.WAV,Telephone Field,recover-20220922,001,1795
1119.3325,1119.3728,68437,82426,Rhinolophus ferrumequinum,0.023,0.023,-1,Echolocation,/mnt/ubna_data_02_mir/recover-20220922/UBNA_001/20220921_090000.WAV,Telephone Field,recover-20220922,001,1795
1119.3425,1119.3825,68437,82281,Rhinolophus ferrumequinum,0.024,0.024,-1,Echolocation,/mnt/ubna_data_02_mir/recover-20220922/UBNA_001/20220921_090000.WAV,Telephone Field,recover-20220922,001,1795
1119.3775,1119.4168,68437,81764,Rhinolophus ferrumequinum,0.024,0.024,-1,Echolocation,/mnt/ubna_data_02_mir/recover-20220922/UBNA_001/20220921_090000.WAV,Telephone Field,recover-20220922,001,1795
1119.4455,1119.4805,68437,80707,Rhinolophus ferrumequinum,0.022,0.022,-1,Echolocation,/mnt/ubna_data_02_mir/recover-20220922/UBNA_001/20220921_090000.WAV,Telephone Field,recover-20220922,001,1795
1119.4505,1119.4608,26328,34054,Eptesicus serotinus,0.011,0.022,-1,Echolocation,/mnt/ubna_data_02_mir/recover-20220922/UBNA_001/20220921_090000.WAV,Telephone Field,recover-20220922,001,1795
1119.4595,1119.4696,28906,36105,Eptesicus serotinus,0.009,0.023,-1,Echolocation,/mnt/ubna_data_02_mir/recover-20220922/UBNA_001/20220921_090000.WAV,Telephone Field,recover-20220922,001,1795
1119.4725,1119.5111,68437,82301,Rhinolophus ferrumequinum,0.022,0.022,-1,Echolocation,/mnt/ubna_data_02_mir/recover-20220922/UBNA_001/20220921_090000.WAV,Telephone Field,recover-20220922,001,1795
1119.5295,1119.5736,68437,83036,Rhinolophus ferrumequinum,0.028,0.028,-1,Echolocation,/mnt/ubna_data_02_mir/recover-20220922/UBNA_001/20220921_090000.WAV,Telephone Field,recover-20220922,001,1795
1119.5695,1119.6095,68437,82548,Rhinolophus ferrumequinum,0.026,0.026,-1,Echolocation,/mnt/ubna_data_02_mir/recover-20220922/UBNA_001/20220921_090000.WAV,Telephone Field,recover-20220922,001,1795
1119.5915,1119.5989,51250,57333,Pipistrellus pipistrellus,0.026,0.031,-1,Echolocation,/mnt/ubna_data_02_mir/recover-20220922/UBNA_001/20220921_090000.WAV,Telephone Field,recover-20220922,001,1795
1119.6215,1119.6302,38359,43578,Barbastellus barbastellus,0.01,0.028,-1,Echolocation,/mnt/ubna_data_02_mir/recover-20220922/UBNA_001/20220921_090000.WAV,Telephone Field,recover-20220922,001,1795
1119.6225,1119.6599,68437,82400,Rhinolophus ferrumequinum,0.022,0.022,-1,Echolocation,/mnt/ubna_data_02_mir/recover-20220922/UBNA_001/20220921_090000.WAV,Telephone Field,recover-20220922,001,1795
1119.6675,1119.6743,28046,41815,Eptesicus serotinus,0.007,0.025,-1,Echolocation,/mnt/ubna_data_02_mir/recover-20220922/UBNA_001/20220921_090000.WAV,Telephone Field,recover-20220922,001,1795
1119.6825,1119.7224,68437,81980,Rhinolophus ferrumequinum,0.025,0.025,-1,Echolocation,/mnt/ubna_data_02_mir/recover-20220922/UBNA_001/20220921_090000.WAV,Telephone Field,recover-20220922,001,1795
1119.6945,1119.7022,27187,39491,Eptesicus serotinus,0.006,0.022,-1,Echolocation,/mnt/ubna_data_02_mir/recover-20220922/UBNA_001/20220921_090000.WAV,Telephone Field,recover-20220922,001,1795
1119.7105,1119.7517,68437,82764,Rhinolophus ferrumequinum,0.031,0.031,-1,Echolocation,/mnt/ubna_data_02_mir/recover-20220922/UBNA_001/20220921_090000.WAV,Telephone Field,recover-20220922,001,1795
1119.7335,1119.7722,68437,82026,Rhinolophus ferrumequinum,0.024,0.024,-1,Echolocation,/mnt/ubna_data_02_mir/recover-20220922/UBNA_001/20220921_090000.WAV,Telephone Field,recover-20220922,001,1795
1119.7385,1119.7549,21171,24064,Nyctalus leisleri,0.014,0.022,-1,Echolocation,/mnt/ubna_data_02_mir/recover-20220922/UBNA_001/20220921_090000.WAV,Telephone Field,recover-20220922,001,1795
1119.7805,1119.819,68437,82440,Rhinolophus ferrumequinum,0.026,0.026,-1,Echolocation,/mnt/ubna_data_02_mir/recover-20220922/UBNA_001/20220921_090000.WAV,Telephone Field,recover-20220922,001,1795
1119.7805,1119.7899,44375,48318,Pipistrellus pipistrellus,0.026,0.028,-1,Echolocation,/mnt/ubna_data_02_mir/recover-20220922/UBNA_001/20220921_090000.WAV,Telephone Field,recover-20220922,001,1795
1119.8095,1119.8439,68437,80849,Rhinolophus ferrumequinum,0.023,0.023,-1,Echolocation,/mnt/ubna_data_02_mir/recover-20220922/UBNA_001/20220921_090000.WAV,Telephone Field,recover-20220922,001,1795
1119.8315,1119.8683,68437,81643,Rhinolophus ferrumequinum,0.022,0.022,-1,Echolocation,/mnt/ubna_data_02_mir/recover-20220922/UBNA_001/20220921_090000.WAV,Telephone Field,recover-20220922,001,1795
1119.8555,1119.8643,29765,37687,Eptesicus serotinus,0.01,0.025,-1,Echolocation,/mnt/ubna_data_02_mir/recover-20220922/UBNA_001/20220921_090000.WAV,Telephone Field,recover-20220922,001,1795
1119.8705,1119.9087,68437,82227,Rhinolophus ferrumequinum,0.022,0.022,-1,Echolocation,/mnt/ubna_data_02_mir/recover-20220922/UBNA_001/20220921_090000.WAV,Telephone Field,recover-20220922,001,1795
1119.8875,1119.9252,68437,82467,Rhinolophus ferrumequinum,0.026,0.026,-1,Echolocation,/mnt/ubna_data_02_mir/recover-20220922/UBNA_001/20220921_090000.WAV,Telephone Field,recover-20220922,001,1795
1119.8955,1119.9382,68437,82772,Rhinolophus ferrumequinum,0.028,0.028,-1,Echolocation,/mnt/ubna_data_02_mir/recover-20220922/UBNA_001/20220921_090000.WAV,Telephone Field,recover-20220922,001,1795
1119.9075,1119.9171,24609,32088,Eptesicus serotinus,0.008,0.024,-1,Echolocation,/mnt/ubna_data_02_mir/recover-20220922/UBNA_001/20220921_090000.WAV,Telephone Field,recover-20220922,001,1795
1119.9085,1119.9471,68437,82321,Rhinolophus ferrumequinum,0.022,0.022,-1,Echolocation,/mnt/ubna_data_02_mir/recover-20220922/UBNA_001/20220921_090000.WAV,Telephone Field,recover-20220922,001,1795
1119.9265,1119.9616,68437,80486,Rhinolophus ferrumequinum,0.022,0.022,-1,Echolocation,/mnt/ubna_data_02_mir/recover-20220922/UBNA_001/20220921_090000.WAV,Telephone Field,recover-20220922,001,1795
1119.9395,1119.978,68437,80917,Rhinolophus ferrumequinum,0.024,0.024,-1,Echolocation,/mnt/ubna_data_02_mir/recover-20220922/UBNA_001/20220921_090000.WAV,Telephone Field,recover-20220922,001,1795
1119.9465,1119.9877,68437,82073,Rhinolophus ferrumequinum,0.022,0.022,-1,Echolocation,/mnt/ubna_data_02_mir/recover-20220922/UBNA_001/20220921_090000.WAV,Telephone Field,recover-20220922,001,1795
1119.9845,1119.9913,28906,42527,Eptesicus serotinus,0.008,0.029,-1,Echolocation,/mnt/ubna_data_02_mir/recover-20220922/UBNA_001/20220921_090000.WAV,Telephone Field,recover-20220922,001,1795
1120.0015,1120.0331,68437,80063,Rhinolophus ferrumequinum,0.021,0.022,-1,Echolocation,/mnt/ubna_data_02_mir/recover-20220922/UBNA_001/20220921_090000.WAV,Telephone Field,recover-20220922,001,1795
1120.0015,1120.0105,22031,28273,Nyctalus leisleri,0.01,0.027,-1,Echolocation,/mnt/ubna_data_02_mir/recover-20220922/UBNA_001/20220921_090000.WAV,Telephone Field,recover-20220922,001,1795
1120.0275,1120.0377,28046,35979,Eptesicus serotinus,0.012,0.026,-1,Echolocation,/mnt/ubna_data_02_mir/recover-20220922/UBNA_001/20220921_090000.WAV,Telephone Field,recover-20220922,001,1795
1120.0405,1120.0761,68437,82007,Rhinolophus ferrumequinum,0.024,0.024,-1,Echolocation,/mnt/ubna_data_02_mir/recover-20220922/UBNA_001/20220921_090000.WAV,Telephone Field,recover-20220922,001,1795
1120.0595,1120.0956,68437,81436,Rhinolophus ferrumequinum,0.024,0.024,-1,Echolocation,/mnt/ubna_data_02_mir/recover-20220922/UBNA_001/20220921_090000.WAV,Telephone Field,recover-20220922,001,1795
1120.0825,1120.1189,68437,82045,Rhinolophus ferrumequinum,0.021,0.021,-1,Echolocation,/mnt/ubna_data_02_mir/recover-20220922/UBNA_001/20220921_090000.WAV,Telephone Field,recover-20220922,001,1795
1120.0925,1120.1302,68437,81947,Rhinolophus ferrumequinum,0.022,0.022,-1,Echolocation,/mnt/ubna_data_02_mir/recover-20220922/UBNA_001/20220921_090000.WAV,Telephone Field,recover-20220922,001,1795
1120.1055,1120.117,24609,30016,Nyctalus leisleri,0.015,0.035,-1,Echolocation,/mnt/ubna_data_02_mir/recover-20220922/UBNA_001/20220921_090000.WAV,Telephone Field,recover-20220922,001,1795
1120.1185,1120.1606,68437,83681,Rhinolophus ferrumequinum,0.044,0.044,-1,Echolocation,/mnt/ubna_data_02_mir/recover-20220922/UBNA_001/20220921_090000.WAV,Telephone Field,recover-20220922,001,1795
1120.1245,1120.1317,27187,42879,Eptesicus serotinus,0.006,0.021,-1,Echolocation,/mnt/ubna_data_02_mir/recover-20220922/UBNA_001/20220921_090000.WAV,Telephone Field,recover-20220922,001,1795
1120.1335,1120.1687,68437,81057,Rhinolophus ferrumequinum,0.021,0.021,-1,Echolocation,/mnt/ubna_data_02_mir/recover-20220922/UBNA_001/20220921_090000.WAV,Telephone Field,recover-20220922,001,1795
1120.1675,1120.1771,24609,31451,Nyctalus leisleri,0.012,0.038,-1,Echolocation,/mnt/ubna_data_02_mir/recover-20220922/UBNA_001/20220921_090000.WAV,Telephone Field,recover-20220922,001,1795
1120.1895,1120.2306,68437,82940,Rhinolophus ferrumequinum,0.028,0.028,-1,Echolocation,/mnt/ubna_data_02_mir/recover-20220922/UBNA_001/20220921_090000.WAV,Telephone Field,recover-20220922,001,1795
1120.2065,1120.2172,22890,28125,Nyctalus leisleri,0.009,0.021,-1,Echolocation,/mnt/ubna_data_02_mir/recover-20220922/UBNA_001/20220921_090000.WAV,Telephone Field,recover-20220922,001,1795
1120.2175,1120.2515,68437,80347,Rhinolophus ferrumequinum,0.025,0.025,-1,Echolocation,/mnt/ubna_data_02_mir/recover-20220922/UBNA_001/20220921_090000.WAV,Telephone Field,recover-20220922,001,1795
1120.2415,1120.2514,51250,57467,Pipistrellus pipistrellus,0.022,0.031,-1,Echolocation,/mnt/ubna_data_02_mir/recover-20220922/UBNA_001/20220921_090000.WAV,Telephone Field,recover-20220922,001,1795
1120.2455,1120.2831,68437,81737,Rhinolophus ferrumequinum,0.024,0.024,-1,Echolocation,/mnt/ubna_data_02_mir/recover-20220922/UBNA_001/20220921_090000.WAV,Telephone Field,recover-20220922,001,1795
1120.2575,1120.2674,22890,28843,Nyctalus leisleri,0.008,0.02,-1,Echolocation,/mnt/ubna_data_02_mir/recover-20220922/UBNA_001/20220921_090000.WAV,Telephone Field,recover-20220922,001,1795
1120.2905,1120.3326,68437,82782,Rhinolophus ferrumequinum,0.028,0.028,-1,Echolocation,/mnt/ubna_data_02_mir/recover-20220922/UBNA_001/20220921_090000.WAV,Telephone Field,recover-20220922,001,1795
1120.2955,1120.3047,28046,36758,Eptesicus serotinus,0.009,0.024,-1,Echolocation,/mnt/ubna_data_02_mir/recover-20220922/UBNA_001/20220921_090000.WAV,Telephone Field,recover-20220922,001,1795
1120.3195,1120.3589,68437,81668,Rhinolophus ferrumequinum,0.023,0.023,-1,Echolocation,/mnt/ubna_data_02_mir/recover-20220922/UBNA_001/20220921_090000.WAV,Telephone Field,recover-20220922,001,1795
1120.3265,1120.3649,68437,81996,Rhinolophus ferrumequinum,0.023,0.023,-1,Echolocation,/mnt/ubna_data_02_mir/recover-20220922/UBNA_001/20220921_090000.WAV,Telephone Field,recover-20220922,001,1795
1120.3335,1120.3707,68437,81857,Rhinolophus ferrumequinum,0.022,0.022,-1,Echolocation,/mnt/ubna_data_02_mir/recover-20220922/UBNA_001/20220921_090000.WAV,Telephone Field,recover-20220922,001,1795
1120.3345,1120.3462,31484,38418,Eptesicus serotinus,0.019,0.038,-1,Echolocation,/mnt/ubna_data_02_mir/recover-20220922/UBNA_001/20220921_090000.WAV,Telephone Field,recover-20220922,001,1795
1120.3625,1120.3734,22031,26046,Nyctalus leisleri,0.012,0.021,-1,Echolocation,/mnt/ubna_data_02_mir/recover-20220922/UBNA_001/20220921_090000.WAV,Telephone Field,recover-20220922,001,1795
1120.3635,1120.402,68437,82128,Rhinolophus ferrumequinum,0.021,0.021,-1,Echolocation,/mnt/ubna_data_02_mir/recover-20220922/UBNA_001/20220921_090000.WAV,Telephone Field,recover-20220922,001,1795
1120.3745,1120.4117,68437,81945,Rhinolophus ferrumequinum,0.021,0.021,-1,Echolocation,/mnt/ubna_data_02_mir/recover-20220922/UBNA_001/20220921_090000.WAV,Telephone Field,recover-20220922,001,1795
1120.4525,1120.4625,23750,30241,Nyctalus leisleri,0.008,0.022,-1,Echolocation,/mnt/ubna_data_02_mir/recover-20220922/UBNA_001/20220921_090000.WAV,Telephone Field,recover-20220922,001,1795
1120.4875,1120.5275,68437,82222,Rhinolophus ferrumequinum,0.022,0.022,-1,Echolocation,/mnt/ubna_data_02_mir/recover-20220922/UBNA_001/20220921_090000.WAV,Telephone Field,recover-20220922,001,1795
1120.5255,1120.5683,68437,82946,Rhinolophus ferrumequinum,0.032,0.032,-1,Echolocation,/mnt/ubna_data_02_mir/recover-20220922/UBNA_001/20220921_090000.WAV,Telephone Field,recover-20220922,001,1795
1120.5525,1120.596,68437,83240,Rhinolophus ferrumequinum,0.03,0.03,-1,Echolocation,/mnt/ubna_data_02_mir/recover-20220922/UBNA_001/20220921_090000.WAV,Telephone Field,recover-20220922,001,1795
1120.5625,1120.6015,68437,82527,Rhinolophus ferrumequinum,0.024,0.024,-1,Echolocation,/mnt/ubna_data_02_mir/recover-20220922/UBNA_001/20220921_090000.WAV,Telephone Field,recover-20220922,001,1795
1120.5915,1120.601,28046,36731,Eptesicus serotinus,0.009,0.022,-1,Echolocation,/mnt/ubna_data_02_mir/recover-20220922/UBNA_001/20220921_090000.WAV,Telephone Field,recover-20220922,001,1795
1120.5945,1120.6313,68437,82382,Rhinolophus ferrumequinum,0.025,0.025,-1,Echolocation,/mnt/ubna_data_02_mir/recover-20220922/UBNA_001/20220921_090000.WAV,Telephone Field,recover-20220922,001,1795
1120.6105,1120.6504,68437,82669,Rhinolophus ferrumequinum,0.023,0.023,-1,Echolocation,/mnt/ubna_data_02_mir/recover-20220922/UBNA_001/20220921_090000.WAV,Telephone Field,recover-20220922,001,1795
1120.6415,1120.6795,68437,82277,Rhinolophus ferrumequinum,0.025,0.025,-1,Echolocation,/mnt/ubna_data_02_mir/recover-20220922/UBNA_001/20220921_090000.WAV,Telephone Field,recover-20220922,001,1795
1120.6555,1120.6917,68437,80768,Rhinolophus ferrumequinum,0.021,0.021,-1,Echolocation,/mnt/ubna_data_02_mir/recover-20220922/UBNA_001/20220921_090000.WAV,Telephone Field,recover-20220922,001,1795
1120.6825,1120.6922,28046,36403,Eptesicus serotinus,0.009,0.023,-1,Echolocation,/mnt/ubna_data_02_mir/recover-20220922/UBNA_001/20220921_090000.WAV,Telephone Field,recover-20220922,001,1795
1120.7145,1120.722,26328,40519,Eptesicus serotinus,0.006,0.021,-1,Echolocation,/mnt/ubna_data_02_mir/recover-20220922/UBNA_001/20220921_090000.WAV,Telephone Field,recover-20220922,001,1795
1120.7505,1120.7598,33203,42386,Myotis daubentonii,0.007,0.021,-1,Echolocation,/mnt/ubna_data_02_mir/recover-20220922/UBNA_001/20220921_090000.WAV,Telephone Field,recover-20220922,001,1795
1120.7615,1120.802,68437,83049,Rhinolophus ferrumequinum,0.026,0.027,-1,Echolocation,/mnt/ubna_data_02_mir/recover-20220922/UBNA_001/20220921_090000.WAV,Telephone Field,recover-20220922,001,1795
1120.7755,1120.8124,68437,81695,Rhinolophus ferrumequinum,0.025,0.025,-1,Echolocation,/mnt/ubna_data_02_mir/recover-20220922/UBNA_001/20220921_090000.WAV,Telephone Field,recover-20220922,001,1795
1120.7965,1120.8165,18593,21838,Nyctalus noctula,0.012,0.022,-1,Echolocation,/mnt/ubna_data_02_mir/recover-20220922/UBNA_001/20220921_090000.WAV,Telephone Field,recover-20220922,001,1795
1120.8125,1120.8219,49531,53943,Pipistrellus pipistrellus,0.022,0.025,-1,Echolocation,/mnt/ubna_data_02_mir/recover-20220922/UBNA_001/20220921_090000.WAV,Telephone Field,recover-20220922,001,1795
1120.8125,1120.8508,68437,82222,Rhinolophus ferrumequinum,0.026,0.026,-1,Echolocation,/mnt/ubna_data_02_mir/recover-20220922/UBNA_001/20220921_090000.WAV,Telephone Field,recover-20220922,001,1795
1120.8615,1120.8998,68437,82039,Rhinolophus ferrumequinum,0.021,0.021,-1,Echolocation,/mnt/ubna_data_02_mir/recover-20220922/UBNA_001/20220921_090000.WAV,Telephone Field,recover-20220922,001,1795
1120.9005,1120.9367,68437,81789,Rhinolophus ferrumequinum,0.021,0.021,-1,Echolocation,/mnt/ubna_data_02_mir/recover-20220922/UBNA_001/20220921_090000.WAV,Telephone Field,recover-20220922,001,1795
1120.9165,1120.9263,23750,30731,Nyctalus leisleri,0.007,0.021,-1,Echolocation,/mnt/ubna_data_02_mir/recover-20220922/UBNA_001/20220921_090000.WAV,Telephone Field,recover-20220922,001,1795
1120.9195,1120.9548,68437,81983,Rhinolophus ferrumequinum,0.021,0.021,-1,Echolocation,/mnt/ubna_data_02_mir/recover-20220922/UBNA_001/20220921_090000.WAV,Telephone Field,recover-20220922,001,1795
1120.9255,1120.9625,68437,82058,Rhinolophus ferrumequinum,0.021,0.021,-1,Echolocation,/mnt/ubna_data_02_mir/recover-20220922/UBNA_001/20220921_090000.WAV,Telephone Field,recover-20220922,001,1795
1120.9355,1120.9744,68437,82187,Rhinolophus ferrumequinum,0.023,0.023,-1,Echolocation,/mnt/ubna_data_02_mir/recover-20220922/UBNA_001/20220921_090000.WAV,Telephone Field,recover-20220922,001,1795
1120.9775,1121.0161,68437,82200,Rhinolophus ferrumequinum,0.022,0.022,-1,Echolocation,/mnt/ubna_data_02_mir/recover-20220922/UBNA_001/20220921_090000.WAV,Telephone Field,recover-20220922,001,1795
1120.9855,1121.0221,68437,81775,Rhinolophus ferrumequinum,0.021,0.021,-1,Echolocation,/mnt/ubna_data_02_mir/recover-20220922/UBNA_001/20220921_090000.WAV,Telephone Field,recover-20220922,001,1795
1121.0025,1121.0389,68437,81716,Rhinolophus ferrumequinum,0.022,0.022,-1,Echolocation,/mnt/ubna_data_02_mir/recover-20220922/UBNA_001/20220921_090000.WAV,Telephone Field,recover-20220922,001,1795
1121.0205,1121.06,68437,82831,Rhinolophus ferrumequinum,0.025,0.025,-1,Echolocation,/mnt/ubna_data_02_mir/recover-20220922/UBNA_001/20220921_090000.WAV,Telephone Field,recover-20220922,001,1795
1121.0655,1121.1046,68437,82249,Rhinolophus ferrumequinum,0.035,0.035,-1,Echolocation,/mnt/ubna_data_02_mir/recover-20220922/UBNA_001/20220921_090000.WAV,Telephone Field,recover-20220922,001,1795
1121.0925,1121.1017,28046,36420,Eptesicus serotinus,0.009,0.024,-1,Echolocation,/mnt/ubna_data_02_mir/recover-20220922/UBNA_001/20220921_090000.WAV,Telephone Field,recover-20220922,001,1795
1121.1215,1121.1297,22890,30264,Plecotus austriacus,0.009,0.022,-1,Echolocation,/mnt/ubna_data_02_mir/recover-20220922/UBNA_001/20220921_090000.WAV,Telephone Field,recover-20220922,001,1795
1121.1255,1121.1651,68437,82497,Rhinolophus ferrumequinum,0.022,0.022,-1,Echolocation,/mnt/ubna_data_02_mir/recover-20220922/UBNA_001/20220921_090000.WAV,Telephone Field,recover-20220922,001,1795
1121.1315,1121.1399,50390,54443,Pipistrellus pipistrellus,0.017,0.021,-1,Echolocation,/mnt/ubna_data_02_mir/recover-20220922/UBNA_001/20220921_090000.WAV,Telephone Field,recover-20220922,001,1795
1121.1325,1121.1705,68437,81898,Rhinolophus ferrumequinum,0.024,0.024,-1,Echolocation,/mnt/ubna_data_02_mir/recover-20220922/UBNA_001/20220921_090000.WAV,Telephone Field,recover-20220922,001,1795
1121.1385,1121.1764,68437,81467,Rhinolophus ferrumequinum,0.023,0.023,-1,Echolocation,/mnt/ubna_data_02_mir/recover-20220922/UBNA_001/20220921_090000.WAV,Telephone Field,recover-20220922,001,1795
1121.1555,1121.1935,68437,82176,Rhinolophus ferrumequinum,0.021,0.021,-1,Echolocation,/mnt/ubna_data_02_mir/recover-20220922/UBNA_001/20220921_090000.WAV,Telephone Field,recover-20220922,001,1795
1121.1715,1121.1801,28046,37140,Eptesicus serotinus,0.008,0.022,-1,Echolocation,/mnt/ubna_data_02_mir/recover-20220922/UBNA_001/20220921_090000.WAV,Telephone Field,recover-20220922,001,1795
1121.2115,1121.2507,68437,81396,Rhinolophus ferrumequinum,0.021,0.022,-1,Echolocation,/mnt/ubna_data_02_mir/recover-20220922/UBNA_001/20220921_090000.WAV,Telephone Field,recover-20220922,001,1795
1121.2155,1121.2235,25468,34083,Eptesicus serotinus,0.006,0.022,-1,Echolocation,/mnt/ubna_data_02_mir/recover-20220922/UBNA_001/20220921_090000.WAV,Telephone Field,recover-20220922,001,1795
1121.2445,1121.2818,68437,81831,Rhinolophus ferrumequinum,0.025,0.025,-1,Echolocation,/mnt/ubna_data_02_mir/recover-20220922/UBNA_001/20220921_090000.WAV,Telephone Field,recover-20220922,001,1795
1121.2485,1121.2544,27187,40032,Plecotus auritus,0.007,0.034,-1,Echolocation,/mnt/ubna_data_02_mir/recover-20220922/UBNA_001/20220921_090000.WAV,Telephone Field,recover-20220922,001,1795
1121.2675,1121.3079,68437,82509,Rhinolophus ferrumequinum,0.023,0.023,-1,Echolocation,/mnt/ubna_data_02_mir/recover-20220922/UBNA_001/20220921_090000.WAV,Telephone Field,recover-20220922,001,1795
1121.2945,1121.3365,68437,83208,Rhinolophus ferrumequinum,0.033,0.033,-1,Echolocation,/mnt/ubna_data_02_mir/recover-20220922/UBNA_001/20220921_090000.WAV,Telephone Field,recover-20220922,001,1795
1121.3305,1121.3455,15156,20744,Nyctalus noctula,0.019,0.026,-1,Echolocation,/mnt/ubna_data_02_mir/recover-20220922/UBNA_001/20220921_090000.WAV,Telephone Field,recover-20220922,001,1795
1121.3405,1121.3755,68437,81523,Rhinolophus ferrumequinum,0.022,0.022,-1,Echolocation,/mnt/ubna_data_02_mir/recover-20220922/UBNA_001/20220921_090000.WAV,Telephone Field,recover-20220922,001,1795
1121.3565,1121.3953,68437,81344,Rhinolophus ferrumequinum,0.026,0.026,-1,Echolocation,/mnt/ubna_data_02_mir/recover-20220922/UBNA_001/20220921_090000.WAV,Telephone Field,recover-20220922,001,1795
1121.3755,1121.3851,25468,31876,Nyctalus leisleri,0.009,0.025,-1,Echolocation,/mnt/ubna_data_02_mir/recover-20220922/UBNA_001/20220921_090000.WAV,Telephone Field,recover-20220922,001,1795
1121.3865,1121.4244,68437,80695,Rhinolophus ferrumequinum,0.021,0.021,-1,Echolocation,/mnt/ubna_data_02_mir/recover-20220922/UBNA_001/20220921_090000.WAV,Telephone Field,recover-20220922,001,1795
1121.3955,1121.4082,25468,30901,Nyctalus leisleri,0.011,0.027,-1,Echolocation,/mnt/ubna_data_02_mir/recover-20220922/UBNA_001/20220921_090000.WAV,Telephone Field,recover-20220922,001,1795
1121.4455,1121.4833,68437,82023,Rhinolophus ferrumequinum,0.023,0.023,-1,Echolocation,/mnt/ubna_data_02_mir/recover-20220922/UBNA_001/20220921_090000.WAV,Telephone Field,recover-20220922,001,1795
1121.4545,1121.4961,68437,82213,Rhinolophus ferrumequinum,0.03,0.03,-1,Echolocation,/mnt/ubna_data_02_mir/recover-20220922/UBNA_001/20220921_090000.WAV,Telephone Field,recover-20220922,001,1795
1121.4745,1121.5143,68437,82348,Rhinolophus ferrumequinum,0.023,0.023,-1,Echolocation,/mnt/ubna_data_02_mir/recover-20220922/UBNA_001/20220921_090000.WAV,Telephone Field,recover-20220922,001,1795
1121.4815,1121.5214,68437,81878,Rhinolophus ferrumequinum,0.025,0.025,-1,Echolocation,/mnt/ubna_data_02_mir/recover-20220922/UBNA_001/20220921_090000.WAV,Telephone Field,recover-20220922,001,1795
1121.5355,1121.5428,28046,39739,Eptesicus serotinus,0.006,0.022,-1,Echolocation,/mnt/ubna_data_02_mir/recover-20220922/UBNA_001/20220921_090000.WAV,Telephone Field,recover-20220922,001,1795
1121.5425,1121.5514,35781,43293,Barbastellus barbastellus,0.015,0.044,-1,Echolocation,/mnt/ubna_data_02_mir/recover-20220922/UBNA_001/20220921_090000.WAV,Telephone Field,recover-20220922,001,1795
1121.5445,1121.5818,68437,82146,Rhinolophus ferrumequinum,0.024,0.024,-1,Echolocation,/mnt/ubna_data_02_mir/recover-20220922/UBNA_001/20220921_090000.WAV,Telephone Field,recover-20220922,001,1795
1121.5675,1121.6081,68437,82727,Rhinolophus ferrumequinum,0.024,0.024,-1,Echolocation,/mnt/ubna_data_02_mir/recover-20220922/UBNA_001/20220921_090000.WAV,Telephone Field,recover-20220922,001,1795
1121.5935,1121.6328,68437,82337,Rhinolophus ferrumequinum,0.023,0.023,-1,Echolocation,/mnt/ubna_data_02_mir/recover-20220922/UBNA_001/20220921_090000.WAV,Telephone Field,recover-20220922,001,1795
1121.6035,1121.6424,68437,82529,Rhinolophus ferrumequinum,0.022,0.022,-1,Echolocation,/mnt/ubna_data_02_mir/recover-20220922/UBNA_001/20220921_090000.WAV,Telephone Field,recover-20220922,001,1795
1121.6085,1121.6173,28046,37388,Eptesicus serotinus,0.009,0.025,-1,Echolocation,/mnt/ubna_data_02_mir/recover-20220922/UBNA_001/20220921_090000.WAV,Telephone Field,recover-20220922,001,1795
1121.6405,1121.6561,17734,22905,Nyctalus noctula,0.028,0.041,-1,Echolocation,/mnt/ubna_data_02_mir/recover-20220922/UBNA_001/20220921_090000.WAV,Telephone Field,recover-20220922,001,1795
1121.6485,1121.6584,22031,28413,Plecotus austriacus,0.008,0.023,-1,Echolocation,/mnt/ubna_data_02_mir/recover-20220922/UBNA_001/20220921_090000.WAV,Telephone Field,recover-20220922,001,1795
1121.6635,1121.7015,68437,81920,Rhinolophus ferrumequinum,0.021,0.021,-1,Echolocation,/mnt/ubna_data_02_mir/recover-20220922/UBNA_001/20220921_090000.WAV,Telephone Field,recover-20220922,001,1795
1121.6865,1121.7302,68437,83309,Rhinolophus ferrumequinum,0.047,0.047,-1,Echolocation,/mnt/ubna_data_02_mir/recover-20220922/UBNA_001/20220921_090000.WAV,Telephone Field,recover-20220922,001,1795
1121.7085,1121.7458,68437,81546,Rhinolophus ferrumequinum,0.021,0.021,-1,Echolocation,/mnt/ubna_data_02_mir/recover-20220922/UBNA_001/20220921_090000.WAV,Telephone Field,recover-20220922,001,1795
1121.7375,1121.7736,68437,81516,Rhinolophus ferrumequinum,0.021,0.021,-1,Echolocation,/mnt/ubna_data_02_mir/recover-20220922/UBNA_001/20220921_090000.WAV,Telephone Field,recover-20220922,001,1795
1121.7425,1121.7531,23750,28668,Nyctalus leisleri,0.01,0.021,-1,Echolocation,/mnt/ubna_data_02_mir/recover-20220922/UBNA_001/20220921_090000.WAV,Telephone Field,recover-20220922,001,1795
1121.7445,1121.7769,68437,80678,Rhinolophus ferrumequinum,0.022,0.023,-1,Echolocation,/mnt/ubna_data_02_mir/recover-20220922/UBNA_001/20220921_090000.WAV,Telephone Field,recover-20220922,001,1795
1121.8035,1121.84,68437,81545,Rhinolophus ferrumequinum,0.022,0.022,-1,Echolocation,/mnt/ubna_data_02_mir/recover-20220922/UBNA_001/20220921_090000.WAV,Telephone Field,recover-20220922,001,1795
1121.8285,1121.838,22890,29734,Nyctalus leisleri,0.009,0.028,-1,Echolocation,/mnt/ubna_data_02_mir/recover-20220922/UBNA_001/20220921_090000.WAV,Telephone Field,recover-20220922,001,1795
1121.8325,1121.8707,68437,82278,Rhinolophus ferrumequinum,0.023,0.023,-1,Echolocation,/mnt/ubna_data_02_mir/recover-20220922/UBNA_001/20220921_090000.WAV,Telephone Field,recover-20220922,001,1795
1121.8525,1121.8871,68437,81212,Rhinolophus ferrumequinum,0.021,0.021,-1,Echolocation,/mnt/ubna_data_02_mir/recover-20220922/UBNA_001/20220921_090000.WAV,Telephone Field,recover-20220922,001,1795
1121.8705,1121.9119,68437,82795,Rhinolophus ferrumequinum,0.026,0.026,-1,Echolocation,/mnt/ubna_data_02_mir/recover-20220922/UBNA_001/20220921_090000.WAV,Telephone Field,recover-20220922,001,1795
1121.9125,1121.924,28906,36732,Eptesicus serotinus,0.012,0.024,-1,Echolocation,/mnt/ubna_data_02_mir/recover-20220922/UBNA_001/20220921_090000.WAV,Telephone Field,recover-20220922,001,1795
1121.9205,1121.955,68437,80900,Rhinolophus ferrumequinum,0.021,0.021,-1,Echolocation,/mnt/ubna_data_02_mir/recover-20220922/UBNA_001/20220921_090000.WAV,Telephone Field,recover-20220922,001,1795
1121.9215,1121.9313,29765,38153,Eptesicus serotinus,0.008,0.022,-1,Echolocation,/mnt/ubna_data_02_mir/recover-20220922/UBNA_001/20220921_090000.WAV,Telephone Field,recover-20220922,001,1795
1121.9475,1121.9855,68437,81980,Rhinolophus ferrumequinum,0.022,0.023,-1,Echolocation,/mnt/ubna_data_02_mir/recover-20220922/UBNA_001/20220921_090000.WAV,Telephone Field,recover-20220922,001,1795
1121.9565,1121.996,68437,81986,Rhinolophus ferrumequinum,0.024,0.024,-1,Echolocation,/mnt/ubna_data_02_mir/recover-20220922/UBNA_001/20220921_090000.WAV,Telephone Field,recover-20220922,001,1795
1122.0015,1122.0099,21171,27301,Nyctalus leisleri,0.008,0.026,-1,Echolocation,/mnt/ubna_data_02_mir/recover-20220922/UBNA_001/20220921_090000.WAV,Telephone Field,recover-20220922,001,1795
1122.0015,1122.0109,27187,35349,Eptesicus serotinus,0.011,0.031,-1,Echolocation,/mnt/ubna_data_02_mir/recover-20220922/UBNA_001/20220921_090000.WAV,Telephone Field,recover-20220922,001,1795
1122.0015,1122.0352,68437,79403,Rhinolophus ferrumequinum,0.034,0.035,-1,Echolocation,/mnt/ubna_data_02_mir/recover-20220922/UBNA_001/20220921_090000.WAV,Telephone Field,recover-20220922,001,1795
1122.0525,1122.0598,27187,38554,Eptesicus serotinus,0.006,0.022,-1,Echolocation,/mnt/ubna_data_02_mir/recover-20220922/UBNA_001/20220921_090000.WAV,Telephone Field,recover-20220922,001,1795
1122.0815,1122.119,68437,82588,Rhinolophus ferrumequinum,0.022,0.022,-1,Echolocation,/mnt/ubna_data_02_mir/recover-20220922/UBNA_001/20220921_090000.WAV,Telephone Field,recover-20220922,001,1795
1122.1215,1122.1588,68437,81795,Rhinolophus ferrumequinum,0.028,0.028,-1,Echolocation,/mnt/ubna_data_02_mir/recover-20220922/UBNA_001/20220921_090000.WAV,Telephone Field,recover-20220922,001,1795
1122.1275,1122.1372,28906,37335,Eptesicus serotinus,0.01,0.024,-1,Echolocation,/mnt/ubna_data_02_mir/recover-20220922/UBNA_001/20220921_090000.WAV,Telephone Field,recover-20220922,001,1795
1122.2165,1122.2229,24609,34818,Plecotus austriacus,0.017,0.042,-1,Echolocation,/mnt/ubna_data_02_mir/recover-20220922/UBNA_001/20220921_090000.WAV,Telephone Field,recover-20220922,001,1795
1122.2265,1122.2643,68437,82076,Rhinolophus ferrumequinum,0.022,0.022,-1,Echolocation,/mnt/ubna_data_02_mir/recover-20220922/UBNA_001/20220921_090000.WAV,Telephone Field,recover-20220922,001,1795
1122.2495,1122.2572,50390,58757,Pipistrellus pipistrellus,0.019,0.024,-1,Echolocation,/mnt/ubna_data_02_mir/recover-20220922/UBNA_001/20220921_090000.WAV,Telephone Field,recover-20220922,001,1795
1122.2525,1122.2913,68437,82597,Rhinolophus ferrumequinum,0.025,0.025,-1,Echolocation,/mnt/ubna_data_02_mir/recover-20220922/UBNA_001/20220921_090000.WAV,Telephone Field,recover-20220922,001,1795
1122.2965,1122.3084,22031,26558,Nyctalus leisleri,0.012,0.025,-1,Echolocation,/mnt/ubna_data_02_mir/recover-20220922/UBNA_001/20220921_090000.WAV,Telephone Field,recover-20220922,001,1795
1122.3475,1122.3558,28046,39799,Eptesicus serotinus,0.008,0.023,-1,Echolocation,/mnt/ubna_data_02_mir/recover-20220922/UBNA_001/20220921_090000.WAV,Telephone Field,recover-20220922,001,1795
1122.3495,1122.3594,22031,27775,Nyctalus leisleri,0.009,0.023,-1,Echolocation,/mnt/ubna_data_02_mir/recover-20220922/UBNA_001/20220921_090000.WAV,Telephone Field,recover-20220922,001,1795
1122.3595,1122.37,28906,36977,Eptesicus serotinus,0.01,0.022,-1,Echolocation,/mnt/ubna_data_02_mir/recover-20220922/UBNA_001/20220921_090000.WAV,Telephone Field,recover-20220922,001,1795
1122.3615,1122.4031,68437,83074,Rhinolophus ferrumequinum,0.024,0.024,-1,Echolocation,/mnt/ubna_data_02_mir/recover-20220922/UBNA_001/20220921_090000.WAV,Telephone Field,recover-20220922,001,1795
1122.3855,1122.4242,68437,81577,Rhinolophus ferrumequinum,0.023,0.023,-1,Echolocation,/mnt/ubna_data_02_mir/recover-20220922/UBNA_001/20220921_090000.WAV,Telephone Field,recover-20220922,001,1795
1122.3885,1122.3954,23750,33676,Plecotus austriacus,0.022,0.053,-1,Echolocation,/mnt/ubna_data_02_mir/recover-20220922/UBNA_001/20220921_090000.WAV,Telephone Field,recover-20220922,001,1795
1122.3885,1122.3968,34062,40761,Barbastellus barbastellus,0.006,0.022,-1,Echolocation,/mnt/ubna_data_02_mir/recover-20220922/UBNA_001/20220921_090000.WAV,Telephone Field,recover-20220922,001,1795
1122.4105,1122.4428,68437,80953,Rhinolophus ferrumequinum,0.024,0.024,-1,Echolocation,/mnt/ubna_data_02_mir/recover-20220922/UBNA_001/20220921_090000.WAV,Telephone Field,recover-20220922,001,1795
1122.4235,1122.4638,68437,82670,Rhinolophus ferrumequinum,0.027,0.027,-1,Echolocation,/mnt/ubna_data_02_mir/recover-20220922/UBNA_001/20220921_090000.WAV,Telephone Field,recover-20220922,001,1795
1122.4375,1122.4783,68437,82568,Rhinolophus ferrumequinum,0.022,0.022,-1,Echolocation,/mnt/ubna_data_02_mir/recover-20220922/UBNA_001/20220921_090000.WAV,Telephone Field,recover-20220922,001,1795
1122.4575,1122.4956,68437,82215,Rhinolophus ferrumequinum,0.024,0.024,-1,Echolocation,/mnt/ubna_data_02_mir/recover-20220922/UBNA_001/20220921_090000.WAV,Telephone Field,recover-20220922,001,1795
1122.4875,1122.5262,68437,82630,Rhinolophus ferrumequinum,0.026,0.026,-1,Echolocation,/mnt/ubna_data_02_mir/recover-20220922/UBNA_001/20220921_090000.WAV,Telephone Field,recover-20220922,001,1795
1122.5265,1122.562,68437,81813,Rhinolophus ferrumequinum,0.024,0.024,-1,Echolocation,/mnt/ubna_data_02_mir/recover-20220922/UBNA_001/20220921_090000.WAV,Telephone Field,recover-20220922,001,1795
1122.6135,1122.6521,68437,82619,Rhinolophus ferrumequinum,0.025,0.025,-1,Echolocation,/mnt/ubna_data_02_mir/recover-20220922/UBNA_001/20220921_090000.WAV,Telephone Field,recover-20220922,001,1795
1122.6355,1122.6721,68437,82057,Rhinolophus ferrumequinum,0.022,0.022,-1,Echolocation,/mnt/ubna_data_02_mir/recover-20220922/UBNA_001/20220921_090000.WAV,Telephone Field,recover-20220922,001,1795
1122.6385,1122.6495,22890,28566,Nyctalus leisleri,0.016,0.032,-1,Echolocation,/mnt/ubna_data_02_mir/recover-20220922/UBNA_001/20220921_090000.WAV,Telephone Field,recover-20220922,001,1795
1122.6415,1122.6473,28046,43327,Myotis daubentonii,0.007,0.033,-1,Echolocation,/mnt/ubna_data_02_mir/recover-20220922/UBNA_001/20220921_090000.WAV,Telephone Field,recover-20220922,001,1795
1122.6475,1122.6675,19453,22543,Nyctalus leisleri,0.016,0.031,-1,Echolocation,/mnt/ubna_data_02_mir/recover-20220922/UBNA_001/20220921_090000.WAV,Telephone Field,recover-20220922,001,1795
1122.6885,1122.7265,68437,82070,Rhinolophus ferrumequinum,0.024,0.024,-1,Echolocation,/mnt/ubna_data_02_mir/recover-20220922/UBNA_001/20220921_090000.WAV,Telephone Field,recover-20220922,001,1795
1122.6935,1122.7038,26328,34794,Eptesicus serotinus,0.012,0.026,-1,Echolocation,/mnt/ubna_data_02_mir/recover-20220922/UBNA_001/20220921_090000.WAV,Telephone Field,recover-20220922,001,1795
1122.7265,1122.7664,68437,82527,Rhinolophus ferrumequinum,0.025,0.026,-1,Echolocation,/mnt/ubna_data_02_mir/recover-20220922/UBNA_001/20220921_090000.WAV,Telephone Field,recover-20220922,001,1795
1122.7415,1122.7528,22890,27897,Nyctalus leisleri,0.014,0.027,-1,Echolocation,/mnt/ubna_data_02_mir/recover-20220922/UBNA_001/20220921_090000.WAV,Telephone Field,recover-20220922,001,1795
1122.7545,1122.7955,68437,82762,Rhinolophus ferrumequinum,0.031,0.031,-1,Echolocation,/mnt/ubna_data_02_mir/recover-20220922/UBNA_001/20220921_090000.WAV,Telephone Field,recover-20220922,001,1795
1122.7835,1122.7905,28046,38015,Eptesicus serotinus,0.007,0.024,-1,Echolocation,/mnt/ubna_data_02_mir/recover-20220922/UBNA_001/20220921_090000.WAV,Telephone Field,recover-20220922,001,1795
1122.8115,1122.8205,28046,36986,Eptesicus serotinus,0.011,0.026,-1,Echolocation,/mnt/ubna_data_02_mir/recover-20220922/UBNA_001/20220921_090000.WAV,Telephone Field,recover-20220922,001,1795
1122.8185,1122.8267,47812,54047,Pipistrellus pipistrellus,0.02,0.023,-1,Echolocation,/mnt/ubna_data_02_mir/recover-20220922/UBNA_001/20220921_090000.WAV,Telephone Field,recover-20220922,001,1795
1122.8235,1122.8661,68437,82972,Rhinolophus ferrumequinum,0.038,0.038,-1,Echolocation,/mnt/ubna_data_02_mir/recover-20220922/UBNA_001/20220921_090000.WAV,Telephone Field,recover-20220922,001,1795
1122.8425,1122.8771,68437,81048,Rhinolophus ferrumequinum,0.023,0.023,-1,Echolocation,/mnt/ubna_data_02_mir/recover-20220922/UBNA_001/20220921_090000.WAV,Telephone Field,recover-20220922,001,1795
1122.8445,1122.8523,28046,37196,Eptesicus serotinus,0.006,0.022,-1,Echolocation,/mnt/ubna_data_02_mir/recover-20220922/UBNA_001/20220921_090000.WAV,Telephone Field,recover-20220922,001,1795
1122.8555,1122.8896,68437,81568,Rhinolophus ferrumequinum,0.028,0.028,-1,Echolocation,/mnt/ubna_data_02_mir/recover-20220922/UBNA_001/20220921_090000.WAV,Telephone Field,recover-20220922,001,1795
1122.8805,1122.9147,68437,81736,Rhinolophus ferrumequinum,0.024,0.024,-1,Echolocation,/mnt/ubna_data_02_mir/recover-20220922/UBNA_001/20220921_090000.WAV,Telephone Field,recover-20220922,001,1795
1122.8885,1122.9238,68437,81350,Rhinolophus ferrumequinum,0.022,0.022,-1,Echolocation,/mnt/ubna_data_02_mir/recover-20220922/UBNA_001/20220921_090000.WAV,Telephone Field,recover-20220922,001,1795
1122.8955,1122.9153,18593,22850,Nyctalus noctula,0.016,0.025,-1,Echolocation,/mnt/ubna_data_02_mir/recover-20220922/UBNA_001/20220921_090000.WAV,Telephone Field,recover-20220922,001,1795
1122.9195,1122.9524,68437,81064,Rhinolophus ferrumequinum,0.022,0.023,-1,Echolocation,/mnt/ubna_data_02_mir/recover-20220922/UBNA_001/20220921_090000.WAV,Telephone Field,recover-20220922,001,1795
1122.9335,1122.9742,68437,82755,Rhinolophus ferrumequinum,0.03,0.03,-1,Echolocation,/mnt/ubna_data_02_mir/recover-20220922/UBNA_001/20220921_090000.WAV,Telephone Field,recover-20220922,001,1795
1122.9445,1122.9554,23750,29835,Nyctalus leisleri,0.014,0.031,-1,Echolocation,/mnt/ubna_data_02_mir/recover-20220922/UBNA_001/20220921_090000.WAV,Telephone Field,recover-20220922,001,1795
1122.9595,1122.9688,51250,55763,Pipistrellus pipistrellus,0.019,0.025,-1,Echolocation,/mnt/ubna_data_02_mir/recover-20220922/UBNA_001/20220921_090000.WAV,Telephone Field,recover-20220922,001,1795
1122.9675,1123.0025,68437,81634,Rhinolophus ferrumequinum,0.026,0.026,-1,Echolocation,/mnt/ubna_data_02_mir/recover-20220922/UBNA_001/20220921_090000.WAV,Telephone Field,recover-20220922,001,1795
1122.9795,1122.9883,26328,36314,Eptesicus serotinus,0.007,0.022,-1,Echolocation,/mnt/ubna_data_02_mir/recover-20220922/UBNA_001/20220921_090000.WAV,Telephone Field,recover-20220922,001,1795
1122.9945,1123.034,68437,81903,Rhinolophus ferrumequinum,0.024,0.024,-1,Echolocation,/mnt/ubna_data_02_mir/recover-20220922/UBNA_001/20220921_090000.WAV,Telephone Field,recover-20220922,001,1795
1123.0065,1123.0143,28046,38944,Eptesicus serotinus,0.009,0.025,-1,Echolocation,/mnt/ubna_data_02_mir/recover-20220922/UBNA_001/20220921_090000.WAV,Telephone Field,recover-20220922,001,1795
1123.0215,1123.0608,68437,82482,Rhinolophus ferrumequinum,0.031,0.031,-1,Echolocation,/mnt/ubna_data_02_mir/recover-20220922/UBNA_001/20220921_090000.WAV,Telephone Field,recover-20220922,001,1795
1123.0525,1123.0635,22890,27706,Nyctalus leisleri,0.012,0.025,-1,Echolocation,/mnt/ubna_data_02_mir/recover-20220922/UBNA_001/20220921_090000.WAV,Telephone Field,recover-20220922,001,1795
1123.0635,1123.0703,24609,37293,Plecotus austriacus,0.007,0.024,-1,Echolocation,/mnt/ubna_data_02_mir/recover-20220922/UBNA_001/20220921_090000.WAV,Telephone Field,recover-20220922,001,1795
1123.0805,1123.0873,25468,38207,Plecotus austriacus,0.007,0.029,-1,Echolocation,/mnt/ubna_data_02_mir/recover-20220922/UBNA_001/20220921_090000.WAV,Telephone Field,recover-20220922,001,1795
1123.0935,1123.1319,68437,82219,Rhinolophus ferrumequinum,0.022,0.022,-1,Echolocation,/mnt/ubna_data_02_mir/recover-20220922/UBNA_001/20220921_090000.WAV,Telephone Field,recover-20220922,001,1795
1123.1215,1123.1332,25468,30158,Nyctalus leisleri,0.016,0.032,-1,Echolocation,/mnt/ubna_data_02_mir/recover-20220922/UBNA_001/20220921_090000.WAV,Telephone Field,recover-20220922,001,1795
1123.1235,1123.1654,68437,82776,Rhinolophus ferrumequinum,0.028,0.028,-1,Echolocation,/mnt/ubna_data_02_mir/recover-20220922/UBNA_001/20220921_090000.WAV,Telephone Field,recover-20220922,001,1795
1123.1495,1123.1613,22890,27589,Nyctalus leisleri,0.012,0.023,-1,Echolocation,/mnt/ubna_data_02_mir/recover-20220922/UBNA_001/20220921_090000.WAV,Telephone Field,recover-20220922,001,1795
1123.1535,1123.1915,68437,82243,Rhinolophus ferrumequinum,0.024,0.024,-1,Echolocation,/mnt/ubna_data_02_mir/recover-20220922/UBNA_001/20220921_090000.WAV,Telephone Field,recover-20220922,001,1795
1123.1635,1123.2038,68437,82724,Rhinolophus ferrumequinum,0.022,0.022,-1,Echolocation,/mnt/ubna_data_02_mir/recover-20220922/UBNA_001/20220921_090000.WAV,Telephone Field,recover-20220922,001,1795
1123.1695,1123.1839,15156,20595,Nyctalus noctula,0.016,0.025,-1,Echolocation,/mnt/ubna_data_02_mir/recover-20220922/UBNA_001/20220921_090000.WAV,Telephone Field,recover-20220922,001,1795
1123.1705,1123.2122,68437,82145,Rhinolophus ferrumequinum,0.022,0.022,-1,Echolocation,/mnt/ubna_data_02_mir/recover-20220922/UBNA_001/20220921_090000.WAV,Telephone Field,recover-20220922,001,1795
1123.1935,1123.2297,68437,82069,Rhinolophus ferrumequinum,0.023,0.023,-1,Echolocation,/mnt/ubna_data_02_mir/recover-20220922/UBNA_001/20220921_090000.WAV,Telephone Field,recover-20220922,001,1795
1123.1945,1123.2035,27187,36307,Eptesicus serotinus,0.008,0.022,-1,Echolocation,/mnt/ubna_data_02_mir/recover-20220922/UBNA_001/20220921_090000.WAV,Telephone Field,recover-20220922,001,1795
1123.2445,1123.2826,68437,82425,Rhinolophus ferrumequinum,0.03,0.03,-1,Echolocation,/mnt/ubna_data_02_mir/recover-20220922/UBNA_001/20220921_090000.WAV,Telephone Field,recover-20220922,001,1795
1123.2465,1123.2564,23750,30793,Nyctalus leisleri,0.007,0.022,-1,Echolocation,/mnt/ubna_data_02_mir/recover-20220922/UBNA_001/20220921_090000.WAV,Telephone Field,recover-20220922,001,1795
1123.2605,1123.2979,68437,81915,Rhinolophus ferrumequinum,0.025,0.025,-1,Echolocation,/mnt/ubna_data_02_mir/recover-20220922/UBNA_001/20220921_090000.WAV,Telephone Field,recover-20220922,001,1795
1123.3215,1123.3289,24609,33481,Plecotus austriacus,0.008,0.022,-1,Echolocation,/mnt/ubna_data_02_mir/recover-20220922/UBNA_001/20220921_090000.WAV,Telephone Field,recover-20220922,001,1795
1123.3305,1123.3689,68437,81669,Rhinolophus ferrumequinum,0.031,0.031,-1,Echolocation,/mnt/ubna_data_02_mir/recover-20220922/UBNA_001/20220921_090000.WAV,Telephone Field,recover-20220922,001,1795
1123.3395,1123.3483,58125,63826,Pipistrellus pygmaeus,0.029,0.03,-1,Echolocation,/mnt/ubna_data_02_mir/recover-20220922/UBNA_001/20220921_090000.WAV,Telephone Field,recover-20220922,001,1795
1123.3405,1123.3776,68437,81773,Rhinolophus ferrumequinum,0.023,0.023,-1,Echolocation,/mnt/ubna_data_02_mir/recover-20220922/UBNA_001/20220921_090000.WAV,Telephone Field,recover-20220922,001,1795
1123.3505,1123.3598,27187,35436,Eptesicus serotinus,0.009,0.023,-1,Echolocation,/mnt/ubna_data_02_mir/recover-20220922/UBNA_001/20220921_090000.WAV,Telephone Field,recover-20220922,001,1795
1123.3635,1123.4016,68437,81968,Rhinolophus ferrumequinum,0.022,0.022,-1,Echolocation,/mnt/ubna_data_02_mir/recover-20220922/UBNA_001/20220921_090000.WAV,Telephone Field,recover-20220922,001,1795
1123.3705,1123.4086,68437,82128,Rhinolophus ferrumequinum,0.024,0.024,-1,Echolocation,/mnt/ubna_data_02_mir/recover-20220922/UBNA_001/20220921_090000.WAV,Telephone Field,recover-20220922,001,1795
1123.4115,1123.4211,27187,34877,Eptesicus serotinus,0.014,0.033,-1,Echolocation,/mnt/ubna_data_02_mir/recover-20220922/UBNA_001/20220921_090000.WAV,Telephone Field,recover-20220922,001,1795
1123.4215,1123.4598,68437,82138,Rhinolophus ferrumequinum,0.026,0.026,-1,Echolocation,/mnt/ubna_data_02_mir/recover-20220922/UBNA_001/20220921_090000.WAV,Telephone Field,recover-20220922,001,1795
1123.4895,1123.523,68437,81221,Rhinolophus ferrumequinum,0.024,0.024,-1,Echolocation,/mnt/ubna_data_02_mir/recover-20220922/UBNA_001/20220921_090000.WAV,Telephone Field,recover-20220922,001,1795
1123.5065,1123.5481,68437,83008,Rhinolophus ferrumequinum,0.036,0.036,-1,Echolocation,/mnt/ubna_data_02_mir/recover-20220922/UBNA_001/20220921_090000.WAV,Telephone Field,recover-20220922,001,1795
1123.5585,1123.5976,68437,82006,Rhinolophus ferrumequinum,0.023,0.023,-1,Echolocation,/mnt/ubna_data_02_mir/recover-20220922/UBNA_001/20220921_090000.WAV,Telephone Field,recover-20220922,001,1795
1123.5725,1123.5812,50390,56773,Pipistrellus pipistrellus,0.021,0.026,-1,Echolocation,/mnt/ubna_data_02_mir/recover-20220922/UBNA_001/20220921_090000.WAV,Telephone Field,recover-20220922,001,1795
1123.5775,1123.5853,22890,32037,Plecotus austriacus,0.013,0.028,-1,Echolocation,/mnt/ubna_data_02_mir/recover-20220922/UBNA_001/20220921_090000.WAV,Telephone Field,recover-20220922,001,1795
1123.5925,1123.6329,68437,82835,Rhinolophus ferrumequinum,0.042,0.042,-1,Echolocation,/mnt/ubna_data_02_mir/recover-20220922/UBNA_001/20220921_090000.WAV,Telephone Field,recover-20220922,001,1795
1123.6155,1123.6254,44375,47852,Pipistrellus pipistrellus,0.02,0.022,-1,Echolocation,/mnt/ubna_data_02_mir/recover-20220922/UBNA_001/20220921_090000.WAV,Telephone Field,recover-20220922,001,1795
1123.6215,1123.6277,45234,51360,Pipistrellus pipistrellus,0.02,0.024,-1,Echolocation,/mnt/ubna_data_02_mir/recover-20220922/UBNA_001/20220921_090000.WAV,Telephone Field,recover-20220922,001,1795
1123.6225,1123.628,40937,51354,Myotis daubentonii,0.007,0.025,-1,Echolocation,/mnt/ubna_data_02_mir/recover-20220922/UBNA_001/20220921_090000.WAV,Telephone Field,recover-20220922,001,1795
1123.6235,1123.6294,33203,53526,Myotis daubentonii,0.016,0.026,-1,Echolocation,/mnt/ubna_data_02_mir/recover-20220922/UBNA_001/20220921_090000.WAV,Telephone Field,recover-20220922,001,1795
1123.6405,1123.6825,68437,83029,Rhinolophus ferrumequinum,0.033,0.033,-1,Echolocation,/mnt/ubna_data_02_mir/recover-20220922/UBNA_001/20220921_090000.WAV,Telephone Field,recover-20220922,001,1795
1123.6795,1123.6872,28046,38279,Eptesicus serotinus,0.007,0.022,-1,Echolocation,/mnt/ubna_data_02_mir/recover-20220922/UBNA_001/20220921_090000.WAV,Telephone Field,recover-20220922,001,1795
1123.7165,1123.7561,68437,82634,Rhinolophus ferrumequinum,0.024,0.024,-1,Echolocation,/mnt/ubna_data_02_mir/recover-20220922/UBNA_001/20220921_090000.WAV,Telephone Field,recover-20220922,001,1795
1123.7225,1123.7327,28906,36368,Eptesicus serotinus,0.01,0.023,-1,Echolocation,/mnt/ubna_data_02_mir/recover-20220922/UBNA_001/20220921_090000.WAV,Telephone Field,recover-20220922,001,1795
1123.7405,1123.7785,68437,82450,Rhinolophus ferrumequinum,0.023,0.023,-1,Echolocation,/mnt/ubna_data_02_mir/recover-20220922/UBNA_001/20220921_090000.WAV,Telephone Field,recover-20220922,001,1795
1123.7805,1123.7897,27187,34930,Eptesicus serotinus,0.016,0.039,-1,Echolocation,/mnt/ubna_data_02_mir/recover-20220922/UBNA_001/20220921_090000.WAV,Telephone Field,recover-20220922,001,1795
1123.7855,1123.8257,68437,83034,Rhinolophus ferrumequinum,0.031,0.031,-1,Echolocation,/mnt/ubna_data_02_mir/recover-20220922/UBNA_001/20220921_090000.WAV,Telephone Field,recover-20220922,001,1795
1123.7945,1123.8112,21171,24447,Nyctalus leisleri,0.014,0.022,-1,Echolocation,/mnt/ubna_data_02_mir/recover-20220922/UBNA_001/20220921_090000.WAV,Telephone Field,recover-20220922,001,1795
1123.7995,1123.8395,68437,82743,Rhinolophus ferrumequinum,0.024,0.024,-1,Echolocation,/mnt/ubna_data_02_mir/recover-20220922/UBNA_001/20220921_090000.WAV,Telephone Field,recover-20220922,001,1795
1123.8395,1123.8783,68437,82766,Rhinolophus ferrumequinum,0.027,0.027,-1,Echolocation,/mnt/ubna_data_02_mir/recover-20220922/UBNA_001/20220921_090000.WAV,Telephone Field,recover-20220922,001,1795
1123.8665,1123.9106,68437,83511,Rhinolophus ferrumequinum,0.046,0.046,-1,Echolocation,/mnt/ubna_data_02_mir/recover-20220922/UBNA_001/20220921_090000.WAV,Telephone Field,recover-20220922,001,1795
1123.8685,1123.8747,30625,47267,Myotis daubentonii,0.01,0.022,-1,Echolocation,/mnt/ubna_data_02_mir/recover-20220922/UBNA_001/20220921_090000.WAV,Telephone Field,recover-20220922,001,1795
1123.8795,1123.9185,68437,81934,Rhinolophus ferrumequinum,0.023,0.023,-1,Echolocation,/mnt/ubna_data_02_mir/recover-20220922/UBNA_001/20220921_090000.WAV,Telephone Field,recover-20220922,001,1795
1123.9205,1123.9316,28906,36850,Eptesicus serotinus,0.029,0.045,-1,Echolocation,/mnt/ubna_data_02_mir/recover-20220922/UBNA_001/20220921_090000.WAV,Telephone Field,recover-20220922,001,1795
1123.9295,1123.9672,68437,81846,Rhinolophus ferrumequinum,0.022,0.023,-1,Echolocation,/mnt/ubna_data_02_mir/recover-20220922/UBNA_001/20220921_090000.WAV,Telephone Field,recover-20220922,001,1795
1123.9365,1123.9752,68437,82161,Rhinolophus ferrumequinum,0.026,0.026,-1,Echolocation,/mnt/ubna_data_02_mir/recover-20220922/UBNA_001/20220921_090000.WAV,Telephone Field,recover-20220922,001,1795
1123.9565,1123.997,68437,82806,Rhinolophus ferrumequinum,0.036,0.036,-1,Echolocation,/mnt/ubna_data_02_mir/recover-20220922/UBNA_001/20220921_090000.WAV,Telephone Field,recover-20220922,001,1795
1124.0015,1124.0116,23750,30448,Nyctalus leisleri,0.021,0.048,-1,Echolocation,/mnt/ubna_data_02_mir/recover-20220922/UBNA_001/20220921_090000.WAV,Telephone Field,recover-20220922,001,1795
1124.0015,1124.0351,69296,81349,Rhinolophus ferrumequinum,0.039,0.039,-1,Echolocation,/mnt/ubna_data_02_mir/recover-20220922/UBNA_001/20220921_090000.WAV,Telephone Field,recover-20220922,001,1795
1124.0555,1124.0924,68437,81490,Rhinolophus ferrumequinum,0.022,0.022,-1,Echolocation,/mnt/ubna_data_02_mir/recover-20220922/UBNA_001/20220921_090000.WAV,Telephone Field,recover-20220922,001,1795
1124.0635,1124.0706,49531,55241,Pipistrellus pipistrellus,0.035,0.036,-1,Echolocation,/mnt/ubna_data_02_mir/recover-20220922/UBNA_001/20220921_090000.WAV,Telephone Field,recover-20220922,001,1795
1124.0725,1124.0933,19453,22355,Nyctalus noctula,0.012,0.026,-1,Echolocation,/mnt/ubna_data_02_mir/recover-20220922/UBNA_001/20220921_090000.WAV,Telephone Field,recover-20220922,001,1795
1124.0815,1124.1203,68437,82152,Rhinolophus ferrumequinum,0.025,0.025,-1,Echolocation,/mnt/ubna_data_02_mir/recover-20220922/UBNA_001/20220921_090000.WAV,Telephone Field,recover-20220922,001,1795
1124.0915,1124.1292,68437,81656,Rhinolophus ferrumequinum,0.023,0.023,-1,Echolocation,/mnt/ubna_data_02_mir/recover-20220922/UBNA_001/20220921_090000.WAV,Telephone Field,recover-20220922,001,1795
1124.1085,1124.1464,68437,81904,Rhinolophus ferrumequinum,0.023,0.023,-1,Echolocation,/mnt/ubna_data_02_mir/recover-20220922/UBNA_001/20220921_090000.WAV,Telephone Field,recover-20220922,001,1795
1124.1335,1124.1766,68437,82819,Rhinolophus ferrumequinum,0.035,0.035,-1,Echolocation,/mnt/ubna_data_02_mir/recover-20220922/UBNA_001/20220921_090000.WAV,Telephone Field,recover-20220922,001,1795
1124.1415,1124.1807,68437,82773,Rhinolophus ferrumequinum,0.022,0.022,-1,Echolocation,/mnt/ubna_data_02_mir/recover-20220922/UBNA_001/20220921_090000.WAV,Telephone Field,recover-20220922,001,1795
1124.1595,1124.1684,28046,37118,Eptesicus serotinus,0.008,0.022,-1,Echolocation,/mnt/ubna_data_02_mir/recover-20220922/UBNA_001/20220921_090000.WAV,Telephone Field,recover-20220922,001,1795
1124.1735,1124.2105,68437,81917,Rhinolophus ferrumequinum,0.022,0.022,-1,Echolocation,/mnt/ubna_data_02_mir/recover-20220922/UBNA_001/20220921_090000.WAV,Telephone Field,recover-20220922,001,1795
1124.2255,1124.2646,68437,82162,Rhinolophus ferrumequinum,0.025,0.025,-1,Echolocation,/mnt/ubna_data_02_mir/recover-20220922/UBNA_001/20220921_090000.WAV,Telephone Field,recover-20220922,001,1795
1124.2395,1124.2806,68437,83205,Rhinolophus ferrumequinum,0.025,0.025,-1,Echolocation,/mnt/ubna_data_02_mir/recover-20220922/UBNA_001/20220921_090000.WAV,Telephone Field,recover-20220922,001,1795
1124.2425,1124.2514,25468,33690,Eptesicus serotinus,0.007,0.022,-1,Echolocation,/mnt/ubna_data_02_mir/recover-20220922/UBNA_001/20220921_090000.WAV,Telephone Field,recover-20220922,001,1795
1124.2725,1124.3098,68437,81775,Rhinolophus ferrumequinum,0.028,0.028,-1,Echolocation,/mnt/ubna_data_02_mir/recover-20220922/UBNA_001/20220921_090000.WAV,Telephone Field,recover-20220922,001,1795
1124.2795,1124.2873,28046,40516,Eptesicus serotinus,0.009,0.026,-1,Echolocation,/mnt/ubna_data_02_mir/recover-20220922/UBNA_001/20220921_090000.WAV,Telephone Field,recover-20220922,001,1795
1124.2795,1124.3216,68437,82760,Rhinolophus ferrumequinum,0.026,0.026,-1,Echolocation,/mnt/ubna_data_02_mir/recover-20220922/UBNA_001/20220921_090000.WAV,Telephone Field,recover-20220922,001,1795
1124.2885,1124.327,68437,82990,Rhinolophus ferrumequinum,0.028,0.028,-1,Echolocation,/mnt/ubna_data_02_mir/recover-20220922/UBNA_001/20220921_090000.WAV,Telephone Field,recover-20220922,001,1795
1124.2975,1124.3376,68437,82995,Rhinolophus ferrumequinum,0.025,0.025,-1,Echolocation,/mnt/ubna_data_02_mir/recover-20220922/UBNA_001/20220921_090000.WAV,Telephone Field,recover-20220922,001,1795
1124.3065,1124.346,68437,82211,Rhinolophus ferrumequinum,0.022,0.022,-1,Echolocation,/mnt/ubna_data_02_mir/recover-20220922/UBNA_001/20220921_090000.WAV,Telephone Field,recover-20220922,001,1795
1124.3515,1124.359,27187,38448,Eptesicus serotinus,0.007,0.024,-1,Echolocation,/mnt/ubna_data_02_mir/recover-20220922/UBNA_001/20220921_090000.WAV,Telephone Field,recover-20220922,001,1795
1124.3595,1124.3926,68437,80391,Rhinolophus ferrumequinum,0.021,0.022,-1,Echolocation,/mnt/ubna_data_02_mir/recover-20220922/UBNA_001/20220921_090000.WAV,Telephone Field,recover-20220922,001,1795
1124.4005,1124.44,68437,82731,Rhinolophus ferrumequinum,0.024,0.024,-1,Echolocation,/mnt/ubna_data_02_mir/recover-20220922/UBNA_001/20220921_090000.WAV,Telephone Field,recover-20220922,001,1795
1124.4195,1124.458,68437,82011,Rhinolophus ferrumequinum,0.021,0.021,-1,Echolocation,/mnt/ubna_data_02_mir/recover-20220922/UBNA_001/20220921_090000.WAV,Telephone Field,recover-20220922,001,1795
1124.4775,1124.519,68437,82969,Rhinolophus ferrumequinum,0.028,0.028,-1,Echolocation,/mnt/ubna_data_02_mir/recover-20220922/UBNA_001/20220921_090000.WAV,Telephone Field,recover-20220922,001,1795
1124.5155,1124.5555,68437,82422,Rhinolophus ferrumequinum,0.024,0.024,-1,Echolocation,/mnt/ubna_data_02_mir/recover-20220922/UBNA_001/20220921_090000.WAV,Telephone Field,recover-20220922,001,1795
1124.5295,1124.5706,68437,82550,Rhinolophus ferrumequinum,0.022,0.022,-1,Echolocation,/mnt/ubna_data_02_mir/recover-20220922/UBNA_001/20220921_090000.WAV,Telephone Field,recover-20220922,001,1795
1124.5385,1124.5443,37500,47251,Myotis daubentonii,0.012,0.029,-1,Echolocation,/mnt/ubna_data_02_mir/recover-20220922/UBNA_001/20220921_090000.WAV,Telephone Field,recover-20220922,001,1795
1124.5795,1124.5919,22890,27050,Nyctalus leisleri,0.014,0.023,-1,Echolocation,/mnt/ubna_data_02_mir/recover-20220922/UBNA_001/20220921_090000.WAV,Telephone Field,recover-20220922,001,1795
1124.5975,1124.6045,27187,39537,Eptesicus serotinus,0.008,0.024,-1,Echolocation,/mnt/ubna_data_02_mir/recover-20220922/UBNA_001/20220921_090000.WAV,Telephone Field,recover-20220922,001,1795
1124.6085,1124.6499,68437,82906,Rhinolophus ferrumequinum,0.025,0.025,-1,Echolocation,/mnt/ubna_data_02_mir/recover-20220922/UBNA_001/20220921_090000.WAV,Telephone Field,recover-20220922,001,1795
1124.6185,1124.6587,68437,82787,Rhinolophus ferrumequinum,0.023,0.023,-1,Echolocation,/mnt/ubna_data_02_mir/recover-20220922/UBNA_001/20220921_090000.WAV,Telephone Field,recover-20220922,001,1795
1124.6215,1124.6321,42656,45699,Pipistrellus pipistrellus,0.038,0.043,-1,Echolocation,/mnt/ubna_data_02_mir/recover-20220922/UBNA_001/20220921_090000.WAV,Telephone Field,recover-20220922,001,1795
1124.6775,1124.7204,68437,82592,Rhinolophus ferrumequinum,0.032,0.033,-1,Echolocation,/mnt/ubna_data_02_mir/recover-20220922/UBNA_001/20220921_090000.WAV,Telephone Field,recover-20220922,001,1795
1124.6825,1124.6963,51250,55470,Pipistrellus pygmaeus,0.012,0.022,-1,Echolocation,/mnt/ubna_data_02_mir/recover-20220922/UBNA_001/20220921_090000.WAV,Telephone Field,recover-20220922,001,1795
1124.7155,1124.7553,68437,82083,Rhinolophus ferrumequinum,0.022,0.022,-1,Echolocation,/mnt/ubna_data_02_mir/recover-20220922/UBNA_001/20220921_090000.WAV,Telephone Field,recover-20220922,001,1795
1124.7205,1124.7322,48671,52002,Pipistrellus pipistrellus,0.029,0.034,-1,Echolocation,/mnt/ubna_data_02_mir/recover-20220922/UBNA_001/20220921_090000.WAV,Telephone Field,recover-20220922,001,1795
1124.7215,1124.7383,23750,27523,Nyctalus leisleri,0.029,0.051,-1,Echolocation,/mnt/ubna_data_02_mir/recover-20220922/UBNA_001/20220921_090000.WAV,Telephone Field,recover-20220922,001,1795
1124.7755,1124.7859,23750,30357,Nyctalus leisleri,0.008,0.022,-1,Echolocation,/mnt/ubna_data_02_mir/recover-20220922/UBNA_001/20220921_090000.WAV,Telephone Field,recover-20220922,001,1795
1124.7835,1124.8201,68437,81505,Rhinolophus ferrumequinum,0.021,0.021,-1,Echolocation,/mnt/ubna_data_02_mir/recover-20220922/UBNA_001/20220921_090000.WAV,Telephone Field,recover-20220922,001,1795
1124.7985,1124.8354,68437,81924,Rhinolophus ferrumequinum,0.022,0.022,-1,Echolocation,/mnt/ubna_data_02_mir/recover-20220922/UBNA_001/20220921_090000.WAV,Telephone Field,recover-20220922,001,1795
1124.8085,1124.8164,26328,36798,Eptesicus serotinus,0.007,0.022,-1,Echolocation,/mnt/ubna_data_02_mir/recover-20220922/UBNA_001/20220921_090000.WAV,Telephone Field,recover-20220922,001,1795
1124.8385,1124.8785,68437,82570,Rhinolophus ferrumequinum,0.023,0.023,-1,Echolocation,/mnt/ubna_data_02_mir/recover-20220922/UBNA_001/20220921_090000.WAV,Telephone Field,recover-20220922,001,1795
1124.8545,1124.8629,23750,30902,Plecotus austriacus,0.006,0.022,-1,Echolocation,/mnt/ubna_data_02_mir/recover-20220922/UBNA_001/20220921_090000.WAV,Telephone Field,recover-20220922,001,1795
1124.8665,1124.9077,68437,83156,Rhinolophus ferrumequinum,0.04,0.04,-1,Echolocation,/mnt/ubna_data_02_mir/recover-20220922/UBNA_001/20220921_090000.WAV,Telephone Field,recover-20220922,001,1795
1124.8915,1124.9054,44375,47141,Pipistrellus pipistrellus,0.038,0.042,-1,Echolocation,/mnt/ubna_data_02_mir/recover-20220922/UBNA_001/20220921_090000.WAV,Telephone Field,recover-20220922,001,1795
1124.9105,1124.9494,68437,82161,Rhinolophus ferrumequinum,0.026,0.026,-1,Echolocation,/mnt/ubna_data_02_mir/recover-20220922/UBNA_001/20220921_090000.WAV,Telephone Field,recover-20220922,001,1795
1124.9335,1124.9726,68437,82289,Rhinolophus ferrumequinum,0.021,0.021,-1,Echolocation,/mnt/ubna_data_02_mir/recover-20220922/UBNA_001/20220921_090000.WAV,Telephone Field,recover-20220922,001,1795
1124.9365,1124.9583,16875,20540,Nyctalus noctula,0.016,0.025,-1,Echolocation,/mnt/ubna_data_02_mir/recover-20220922/UBNA_001/20220921_090000.WAV,Telephone Field,recover-20220922,001,1795
1124.9855,1124.9927,28906,37760,Eptesicus serotinus,0.006,0.023,-1,Echolocation,/mnt/ubna_data_02_mir/recover-20220922/UBNA_001/20220921_090000.WAV,Telephone Field,recover-20220922,001,1795
1125.0335,1125.042,22890,29307,Plecotus austriacus,0.008,0.023,-1,Echolocation,/mnt/ubna_data_02_mir/recover-20220922/UBNA_001/20220921_090000.WAV,Telephone Field,recover-20220922,001,1795
1125.0385,1125.0783,68437,82321,Rhinolophus ferrumequinum,0.024,0.024,-1,Echolocation,/mnt/ubna_data_02_mir/recover-20220922/UBNA_001/20220921_090000.WAV,Telephone Field,recover-20220922,001,1795
1125.0455,1125.0839,68437,81648,Rhinolophus ferrumequinum,0.022,0.022,-1,Echolocation,/mnt/ubna_data_02_mir/recover-20220922/UBNA_001/20220921_090000.WAV,Telephone Field,recover-20220922,001,1795
1125.0715,1125.1087,68437,81649,Rhinolophus ferrumequinum,0.023,0.023,-1,Echolocation,/mnt/ubna_data_02_mir/recover-20220922/UBNA_001/20220921_090000.WAV,Telephone Field,recover-20220922,001,1795
1125.0855,1125.1204,68437,81140,Rhinolophus ferrumequinum,0.022,0.022,-1,Echolocation,/mnt/ubna_data_02_mir/recover-20220922/UBNA_001/20220921_090000.WAV,Telephone Field,recover-20220922,001,1795
1125.1105,1125.1522,68437,82740,Rhinolophus ferrumequinum,0.022,0.022,-1,Echolocation,/mnt/ubna_data_02_mir/recover-20220922/UBNA_001/20220921_090000.WAV,Telephone Field,recover-20220922,001,1795
1125.1185,1125.1265,23750,32315,Plecotus austriacus,0.015,0.035,-1,Echolocation,/mnt/ubna_data_02_mir/recover-20220922/UBNA_001/20220921_090000.WAV,Telephone Field,recover-20220922,001,1795
1125.1465,1125.1898,68437,83081,Rhinolophus ferrumequinum,0.024,0.024,-1,Echolocation,/mnt/ubna_data_02_mir/recover-20220922/UBNA_001/20220921_090000.WAV,Telephone Field,recover-20220922,001,1795
1125.1665,1125.2097,68437,83142,Rhinolophus ferrumequinum,0.034,0.034,-1,Echolocation,/mnt/ubna_data_02_mir/recover-20220922/UBNA_001/20220921_090000.WAV,Telephone Field,recover-20220922,001,1795
1125.1715,1125.1786,28046,38732,Eptesicus serotinus,0.009,0.029,-1,Echolocation,/mnt/ubna_data_02_mir/recover-20220922/UBNA_001/20220921_090000.WAV,Telephone Field,recover-20220922,001,1795
1125.2245,1125.2665,68437,82714,Rhinolophus ferrumequinum,0.024,0.024,-1,Echolocation,/mnt/ubna_data_02_mir/recover-20220922/UBNA_001/20220921_090000.WAV,Telephone Field,recover-20220922,001,1795
1125.2265,1125.2371,22031,26089,Nyctalus leisleri,0.012,0.023,-1,Echolocation,/mnt/ubna_data_02_mir/recover-20220922/UBNA_001/20220921_090000.WAV,Telephone Field,recover-20220922,001,1795
1125.2335,1125.2539,17734,20719,Nyctalus noctula,0.013,0.024,-1,Echolocation,/mnt/ubna_data_02_mir/recover-20220922/UBNA_001/20220921_090000.WAV,Telephone Field,recover-20220922,001,1795
1125.2445,1125.284,68437,82286,Rhinolophus ferrumequinum,0.023,0.023,-1,Echolocation,/mnt/ubna_data_02_mir/recover-20220922/UBNA_001/20220921_090000.WAV,Telephone Field,recover-20220922,001,1795
1125.3185,1125.3291,22031,26108,Nyctalus leisleri,0.013,0.022,-1,Echolocation,/mnt/ubna_data_02_mir/recover-20220922/UBNA_001/20220921_090000.WAV,Telephone Field,recover-20220922,001,1795
1125.3525,1125.3599,27187,38135,Eptesicus serotinus,0.007,0.022,-1,Echolocation,/mnt/ubna_data_02_mir/recover-20220922/UBNA_001/20220921_090000.WAV,Telephone Field,recover-20220922,001,1795
1125.3635,1125.3719,22031,29065,Plecotus austriacus,0.01,0.022,-1,Echolocation,/mnt/ubna_data_02_mir/recover-20220922/UBNA_001/20220921_090000.WAV,Telephone Field,recover-20220922,001,1795
1125.3735,1125.3843,46093,49010,Pipistrellus pipistrellus,0.031,0.033,-1,Echolocation,/mnt/ubna_data_02_mir/recover-20220922/UBNA_001/20220921_090000.WAV,Telephone Field,recover-20220922,001,1795
1125.4025,1125.4103,27187,39490,Eptesicus serotinus,0.007,0.022,-1,Echolocation,/mnt/ubna_data_02_mir/recover-20220922/UBNA_001/20220921_090000.WAV,Telephone Field,recover-20220922,001,1795
1125.4235,1125.4628,68437,82526,Rhinolophus ferrumequinum,0.025,0.025,-1,Echolocation,/mnt/ubna_data_02_mir/recover-20220922/UBNA_001/20220921_090000.WAV,Telephone Field,recover-20220922,001,1795
1125.4325,1125.4708,68437,82254,Rhinolophus ferrumequinum,0.021,0.021,-1,Echolocation,/mnt/ubna_data_02_mir/recover-20220922/UBNA_001/20220921_090000.WAV,Telephone Field,recover-20220922,001,1795
1125.4595,1125.4677,28046,37969,Eptesicus serotinus,0.008,0.022,-1,Echolocation,/mnt/ubna_data_02_mir/recover-20220922/UBNA_001/20220921_090000.WAV,Telephone Field,recover-20220922,001,1795
1125.4635,1125.5043,68437,82362,Rhinolophus ferrumequinum,0.023,0.023,-1,Echolocation,/mnt/ubna_data_02_mir/recover-20220922/UBNA_001/20220921_090000.WAV,Telephone Field,recover-20220922,001,1795
1125.4895,1125.5281,68437,82217,Rhinolophus ferrumequinum,0.032,0.032,-1,Echolocation,/mnt/ubna_data_02_mir/recover-20220922/UBNA_001/20220921_090000.WAV,Telephone Field,recover-20220922,001,1795
1125.5095,1125.5221,50390,53790,Pipistrellus pipistrellus,0.018,0.029,-1,Echolocation,/mnt/ubna_data_02_mir/recover-20220922/UBNA_001/20220921_090000.WAV,Telephone Field,recover-20220922,001,1795
1125.5295,1125.5403,28046,35419,Eptesicus serotinus,0.011,0.023,-1,Echolocation,/mnt/ubna_data_02_mir/recover-20220922/UBNA_001/20220921_090000.WAV,Telephone Field,recover-20220922,001,1795
1125.5405,1125.5803,68437,82311,Rhinolophus ferrumequinum,0.021,0.021,-1,Echolocation,/mnt/ubna_data_02_mir/recover-20220922/UBNA_001/20220921_090000.WAV,Telephone Field,recover-20220922,001,1795
1125.5465,1125.5869,68437,82236,Rhinolophus ferrumequinum,0.021,0.021,-1,Echolocation,/mnt/ubna_data_02_mir/recover-20220922/UBNA_001/20220921_090000.WAV,Telephone Field,recover-20220922,001,1795
1125.5565,1125.5671,22890,28540,Nyctalus leisleri,0.009,0.022,-1,Echolocation,/mnt/ubna_data_02_mir/recover-20220922/UBNA_001/20220921_090000.WAV,Telephone Field,recover-20220922,001,1795
1125.5695,1125.6079,68437,81624,Rhinolophus ferrumequinum,0.024,0.024,-1,Echolocation,/mnt/ubna_data_02_mir/recover-20220922/UBNA_001/20220921_090000.WAV,Telephone Field,recover-20220922,001,1795
1125.5775,1125.6139,68437,81595,Rhinolophus ferrumequinum,0.021,0.021,-1,Echolocation,/mnt/ubna_data_02_mir/recover-20220922/UBNA_001/20220921_090000.WAV,Telephone Field,recover-20220922,001,1795
1125.5995,1125.6403,68437,82496,Rhinolophus ferrumequinum,0.022,0.022,-1,Echolocation,/mnt/ubna_data_02_mir/recover-20220922/UBNA_001/20220921_090000.WAV,Telephone Field,recover-20220922,001,1795
1125.6255,1125.6367,33203,40457,Eptesicus serotinus,0.008,0.031,-1,Echolocation,/mnt/ubna_data_02_mir/recover-20220922/UBNA_001/20220921_090000.WAV,Telephone Field,recover-20220922,001,1795
1125.6275,1125.6369,28046,39472,Eptesicus serotinus,0.011,0.025,-1,Echolocation,/mnt/ubna_data_02_mir/recover-20220922/UBNA_001/20220921_090000.WAV,Telephone Field,recover-20220922,001,1795
1125.6385,1125.677,68437,81849,Rhinolophus ferrumequinum,0.023,0.023,-1,Echolocation,/mnt/ubna_data_02_mir/recover-20220922/UBNA_001/20220921_090000.WAV,Telephone Field,recover-20220922,001,1795
1125.6455,1125.6831,68437,81712,Rhinolophus ferrumequinum,0.022,0.023,-1,Echolocation,/mnt/ubna_data_02_mir/recover-20220922/UBNA_001/20220921_090000.WAV,Telephone Field,recover-20220922,001,1795
1125.6525,1125.6908,68437,82084,Rhinolophus ferrumequinum,0.024,0.024,-1,Echolocation,/mnt/ubna_data_02_mir/recover-20220922/UBNA_001/20220921_090000.WAV,Telephone Field,recover-20220922,001,1795
1125.6655,1125.6735,28046,38262,Eptesicus serotinus,0.009,0.024,-1,Echolocation,/mnt/ubna_data_02_mir/recover-20220922/UBNA_001/20220921_090000.WAV,Telephone Field,recover-20220922,001,1795
1125.7015,1125.7413,68437,81945,Rhinolophus ferrumequinum,0.024,0.024,-1,Echolocation,/mnt/ubna_data_02_mir/recover-20220922/UBNA_001/20220921_090000.WAV,Telephone Field,recover-20220922,001,1795
1125.7045,1125.7167,35781,41327,Eptesicus serotinus,0.005,0.024,-1,Echolocation,/mnt/ubna_data_02_mir/recover-20220922/UBNA_001/20220921_090000.WAV,Telephone Field,recover-20220922,001,1795
1125.7305,1125.7689,68437,81745,Rhinolophus ferrumequinum,0.025,0.025,-1,Echolocation,/mnt/ubna_data_02_mir/recover-20220922/UBNA_001/20220921_090000.WAV,Telephone Field,recover-20220922,001,1795
1125.7455,1125.7842,68437,80691,Rhinolophus ferrumequinum,0.025,0.025,-1,Echolocation,/mnt/ubna_data_02_mir/recover-20220922/UBNA_001/20220921_090000.WAV,Telephone Field,recover-20220922,001,1795
1125.7745,1125.8143,68437,82604,Rhinolophus ferrumequinum,0.024,0.024,-1,Echolocation,/mnt/ubna_data_02_mir/recover-20220922/UBNA_001/20220921_090000.WAV,Telephone Field,recover-20220922,001,1795
1125.7965,1125.8076,28046,35577,Eptesicus serotinus,0.015,0.029,-1,Echolocation,/mnt/ubna_data_02_mir/recover-20220922/UBNA_001/20220921_090000.WAV,Telephone Field,recover-20220922,001,1795
1125.8445,1125.8843,68437,82347,Rhinolophus ferrumequinum,0.023,0.023,-1,Echolocation,/mnt/ubna_data_02_mir/recover-20220922/UBNA_001/20220921_090000.WAV,Telephone Field,recover-20220922,001,1795
1125.8645,1125.8748,47812,51871,Pipistrellus pipistrellus,0.039,0.041,-1,Echolocation,/mnt/ubna_data_02_mir/recover-20220922/UBNA_001/20220921_090000.WAV,Telephone Field,recover-20220922,001,1795
1125.8855,1125.8944,22890,30280,Plecotus austriacus,0.007,0.022,-1,Echolocation,/mnt/ubna_data_02_mir/recover-20220922/UBNA_001/20220921_090000.WAV,Telephone Field,recover-20220922,001,1795
1125.9255,1125.9345,28046,38943,Eptesicus serotinus,0.01,0.025,-1,Echolocation,/mnt/ubna_data_02_mir/recover-20220922/UBNA_001/20220921_090000.WAV,Telephone Field,recover-20220922,001,1795
1125.9725,1125.9813,23750,30876,Nyctalus leisleri,0.007,0.022,-1,Echolocation,/mnt/ubna_data_02_mir/recover-20220922/UBNA_001/20220921_090000.WAV,Telephone Field,recover-20220922,001,1795
1126.0015,1126.0098,44375,50421,Pipistrellus pipistrellus,0.019,0.024,-1,Echolocation,/mnt/ubna_data_02_mir/recover-20220922/UBNA_001/20220921_090000.WAV,Telephone Field,recover-20220922,001,1795
1126.0015,1126.0292,68437,80059,Rhinolophus ferrumequinum,0.03,0.03,-1,Echolocation,/mnt/ubna_data_02_mir/recover-20220922/UBNA_001/20220921_090000.WAV,Telephone Field,recover-20220922,001,1795
1126.0015,1126.0096,22890,29484,Nyctalus leisleri,0.009,0.026,-1,Echolocation,/mnt/ubna_data_02_mir/recover-20220922/UBNA_001/20220921_090000.WAV,Telephone Field,recover-20220922,001,1795
1126.0565,1126.065,22890,29839,Plecotus austriacus,0.009,0.023,-1,Echolocation,/mnt/ubna_data_02_mir/recover-20220922/UBNA_001/20220921_090000.WAV,Telephone Field,recover-20220922,001,1795
1126.0565,1126.0962,68437,82292,Rhinolophus ferrumequinum,0.021,0.021,-1,Echolocation,/mnt/ubna_data_02_mir/recover-20220922/UBNA_001/20220921_090000.WAV,Telephone Field,recover-20220922,001,1795
1126.0815,1126.1174,68437,81657,Rhinolophus ferrumequinum,0.022,0.022,-1,Echolocation,/mnt/ubna_data_02_mir/recover-20220922/UBNA_001/20220921_090000.WAV,Telephone Field,recover-20220922,001,1795
1126.0915,1126.099,46093,52781,Pipistrellus pipistrellus,0.02,0.021,-1,Echolocation,/mnt/ubna_data_02_mir/recover-20220922/UBNA_001/20220921_090000.WAV,Telephone Field,recover-20220922,001,1795
1126.0955,1126.1292,68437,81035,Rhinolophus ferrumequinum,0.022,0.022,-1,Echolocation,/mnt/ubna_data_02_mir/recover-20220922/UBNA_001/20220921_090000.WAV,Telephone Field,recover-20220922,001,1795
1126.1055,1126.1155,26328,35207,Eptesicus serotinus,0.012,0.026,-1,Echolocation,/mnt/ubna_data_02_mir/recover-20220922/UBNA_001/20220921_090000.WAV,Telephone Field,recover-20220922,001,1795
1126.1235,1126.1627,68437,81901,Rhinolophus ferrumequinum,0.028,0.028,-1,Echolocation,/mnt/ubna_data_02_mir/recover-20220922/UBNA_001/20220921_090000.WAV,Telephone Field,recover-20220922,001,1795
1126.1565,1126.1668,23750,29638,Nyctalus leisleri,0.01,0.024,-1,Echolocation,/mnt/ubna_data_02_mir/recover-20220922/UBNA_001/20220921_090000.WAV,Telephone Field,recover-20220922,001,1795
1126.1985,1126.207,28046,41194,Eptesicus serotinus,0.008,0.022,-1,Echolocation,/mnt/ubna_data_02_mir/recover-20220922/UBNA_001/20220921_090000.WAV,Telephone Field,recover-20220922,001,1795
1126.2085,1126.2487,68437,81860,Rhinolophus ferrumequinum,0.022,0.022,-1,Echolocation,/mnt/ubna_data_02_mir/recover-20220922/UBNA_001/20220921_090000.WAV,Telephone Field,recover-20220922,001,1795
1126.2295,1126.2665,68437,81669,Rhinolophus ferrumequinum,0.025,0.025,-1,Echolocation,/mnt/ubna_data_02_mir/recover-20220922/UBNA_001/20220921_090000.WAV,Telephone Field,recover-20220922,001,1795
1126.2645,1126.3012,68437,81456,Rhinolophus ferrumequinum,0.023,0.023,-1,Echolocation,/mnt/ubna_data_02_mir/recover-20220922/UBNA_001/20220921_090000.WAV,Telephone Field,recover-20220922,001,1795
1126.3045,1126.3175,23750,28852,Nyctalus leisleri,0.012,0.025,-1,Echolocation,/mnt/ubna_data_02_mir/recover-20220922/UBNA_001/20220921_090000.WAV,Telephone Field,recover-20220922,001,1795
1126.3135,1126.3527,68437,82538,Rhinolophus ferrumequinum,0.036,0.036,-1,Echolocation,/mnt/ubna_data_02_mir/recover-20220922/UBNA_001/20220921_090000.WAV,Telephone Field,recover-20220922,001,1795
1126.3255,1126.336,23750,29208,Nyctalus leisleri,0.009,0.021,-1,Echolocation,/mnt/ubna_data_02_mir/recover-20220922/UBNA_001/20220921_090000.WAV,Telephone Field,recover-20220922,001,1795
1126.3385,1126.3789,68437,82510,Rhinolophus ferrumequinum,0.023,0.023,-1,Echolocation,/mnt/ubna_data_02_mir/recover-20220922/UBNA_001/20220921_090000.WAV,Telephone Field,recover-20220922,001,1795
1126.3885,1126.4228,68437,81057,Rhinolophus ferrumequinum,0.021,0.021,-1,Echolocation,/mnt/ubna_data_02_mir/recover-20220922/UBNA_001/20220921_090000.WAV,Telephone Field,recover-20220922,001,1795
1126.3985,1126.4084,24609,30656,Nyctalus leisleri,0.009,0.025,-1,Echolocation,/mnt/ubna_data_02_mir/recover-20220922/UBNA_001/20220921_090000.WAV,Telephone Field,recover-20220922,001,1795
1126.4065,1126.4461000000001,68437,81755,Rhinolophus ferrumequinum,0.021,0.021,-1,Echolocation,/mnt/ubna_data_02_mir/recover-20220922/UBNA_001/20220921_090000.WAV,Telephone Field,recover-20220922,001,1795
1126.4245,1126.4636,68437,82483,Rhinolophus ferrumequinum,0.023,0.023,-1,Echolocation,/mnt/ubna_data_02_mir/recover-20220922/UBNA_001/20220921_090000.WAV,Telephone Field,recover-20220922,001,1795
1126.4435,1126.4506,27187,36275,Eptesicus serotinus,0.005,0.021,-1,Echolocation,/mnt/ubna_data_02_mir/recover-20220922/UBNA_001/20220921_090000.WAV,Telephone Field,recover-20220922,001,1795
1126.4565,1126.496,68437,81961,Rhinolophus ferrumequinum,0.026,0.026,-1,Echolocation,/mnt/ubna_data_02_mir/recover-20220922/UBNA_001/20220921_090000.WAV,Telephone Field,recover-20220922,001,1795
1126.5175,1126.5549,68437,81768,Rhinolophus ferrumequinum,0.022,0.022,-1,Echolocation,/mnt/ubna_data_02_mir/recover-20220922/UBNA_001/20220921_090000.WAV,Telephone Field,recover-20220922,001,1795
1126.5265,1126.536,28906,36776,Eptesicus serotinus,0.009,0.022,-1,Echolocation,/mnt/ubna_data_02_mir/recover-20220922/UBNA_001/20220921_090000.WAV,Telephone Field,recover-20220922,001,1795
1126.5365,1126.5718,68437,81021,Rhinolophus ferrumequinum,0.022,0.022,-1,Echolocation,/mnt/ubna_data_02_mir/recover-20220922/UBNA_001/20220921_090000.WAV,Telephone Field,recover-20220922,001,1795
1126.5445,1126.5852,68437,82156,Rhinolophus ferrumequinum,0.024,0.024,-1,Echolocation,/mnt/ubna_data_02_mir/recover-20220922/UBNA_001/20220921_090000.WAV,Telephone Field,recover-20220922,001,1795
1126.5595,1126.5678,27187,38084,Eptesicus serotinus,0.007,0.022,-1,Echolocation,/mnt/ubna_data_02_mir/recover-20220922/UBNA_001/20220921_090000.WAV,Telephone Field,recover-20220922,001,1795
1126.5685,1126.6061,68437,81603,Rhinolophus ferrumequinum,0.021,0.021,-1,Echolocation,/mnt/ubna_data_02_mir/recover-20220922/UBNA_001/20220921_090000.WAV,Telephone Field,recover-20220922,001,1795
1126.6155,1126.6547,68437,82200,Rhinolophus ferrumequinum,0.021,0.021,-1,Echolocation,/mnt/ubna_data_02_mir/recover-20220922/UBNA_001/20220921_090000.WAV,Telephone Field,recover-20220922,001,1795
1126.6315,1126.6681,68437,81620,Rhinolophus ferrumequinum,0.023,0.023,-1,Echolocation,/mnt/ubna_data_02_mir/recover-20220922/UBNA_001/20220921_090000.WAV,Telephone Field,recover-20220922,001,1795
1126.6585,1126.6966,68437,82492,Rhinolophus ferrumequinum,0.023,0.023,-1,Echolocation,/mnt/ubna_data_02_mir/recover-20220922/UBNA_001/20220921_090000.WAV,Telephone Field,recover-20220922,001,1795
1126.6655,1126.6798,22031,26769,Nyctalus noctula,0.046,0.114,-1,Echolocation,/mnt/ubna_data_02_mir/recover-20220922/UBNA_001/20220921_090000.WAV,Telephone Field,recover-20220922,001,1795
1126.6655,1126.6764,47812,52371,Pipistrellus pipistrellus,0.019,0.021,-1,Echolocation,/mnt/ubna_data_02_mir/recover-20220922/UBNA_001/20220921_090000.WAV,Telephone Field,recover-20220922,001,1795
1126.6895,1126.7023,23750,28078,Nyctalus leisleri,0.023,0.043,-1,Echolocation,/mnt/ubna_data_02_mir/recover-20220922/UBNA_001/20220921_090000.WAV,Telephone Field,recover-20220922,001,1795
1126.7155,1126.7501,68437,80926,Rhinolophus ferrumequinum,0.022,0.022,-1,Echolocation,/mnt/ubna_data_02_mir/recover-20220922/UBNA_001/20220921_090000.WAV,Telephone Field,recover-20220922,001,1795
1126.7405,1126.7758,68437,80455,Rhinolophus ferrumequinum,0.024,0.024,-1,Echolocation,/mnt/ubna_data_02_mir/recover-20220922/UBNA_001/20220921_090000.WAV,Telephone Field,recover-20220922,001,1795
1126.7715,1126.782,22031,27298,Nyctalus leisleri,0.009,0.021,-1,Echolocation,/mnt/ubna_data_02_mir/recover-20220922/UBNA_001/20220921_090000.WAV,Telephone Field,recover-20220922,001,1795
1126.8115,1126.8512,68437,82203,Rhinolophus ferrumequinum,0.022,0.022,-1,Echolocation,/mnt/ubna_data_02_mir/recover-20220922/UBNA_001/20220921_090000.WAV,Telephone Field,recover-20220922,001,1795
1126.8155,1126.8242,28906,37993,Eptesicus serotinus,0.007,0.022,-1,Echolocation,/mnt/ubna_data_02_mir/recover-20220922/UBNA_001/20220921_090000.WAV,Telephone Field,recover-20220922,001,1795
1126.8165,1126.8287,22890,27990,Nyctalus leisleri,0.013,0.024,-1,Echolocation,/mnt/ubna_data_02_mir/recover-20220922/UBNA_001/20220921_090000.WAV,Telephone Field,recover-20220922,001,1795
1126.8275,1126.8403,44375,47555,Pipistrellus pipistrellus,0.041,0.044,-1,Echolocation,/mnt/ubna_data_02_mir/recover-20220922/UBNA_001/20220921_090000.WAV,Telephone Field,recover-20220922,001,1795
1126.8375,1126.8757,68437,82501,Rhinolophus ferrumequinum,0.021,0.021,-1,Echolocation,/mnt/ubna_data_02_mir/recover-20220922/UBNA_001/20220921_090000.WAV,Telephone Field,recover-20220922,001,1795
1126.8535,1126.8652,28906,35682,Eptesicus serotinus,0.015,0.03,-1,Echolocation,/mnt/ubna_data_02_mir/recover-20220922/UBNA_001/20220921_090000.WAV,Telephone Field,recover-20220922,001,1795
1126.8685,1126.8795,24609,30813,Nyctalus leisleri,0.012,0.028,-1,Echolocation,/mnt/ubna_data_02_mir/recover-20220922/UBNA_001/20220921_090000.WAV,Telephone Field,recover-20220922,001,1795
1126.8985,1126.9374,68437,82359,Rhinolophus ferrumequinum,0.021,0.021,-1,Echolocation,/mnt/ubna_data_02_mir/recover-20220922/UBNA_001/20220921_090000.WAV,Telephone Field,recover-20220922,001,1795
1126.9255,1126.9641,68437,81873,Rhinolophus ferrumequinum,0.021,0.022,-1,Echolocation,/mnt/ubna_data_02_mir/recover-20220922/UBNA_001/20220921_090000.WAV,Telephone Field,recover-20220922,001,1795
1126.9615,1127.0015,68437,82638,Rhinolophus ferrumequinum,0.022,0.022,-1,Echolocation,/mnt/ubna_data_02_mir/recover-20220922/UBNA_001/20220921_090000.WAV,Telephone Field,recover-20220922,001,1795
1126.9905,1127.0302,68437,82754,Rhinolophus ferrumequinum,0.022,0.022,-1,Echolocation,/mnt/ubna_data_02_mir/recover-20220922/UBNA_001/20220921_090000.WAV,Telephone Field,recover-20220922,001,1795
1126.9965,1127.0059,28906,36862,Eptesicus serotinus,0.007,0.021,-1,Echolocation,/mnt/ubna_data_02_mir/recover-20220922/UBNA_001/20220921_090000.WAV,Telephone Field,recover-20220922,001,1795
1127.0045,1127.0155,24609,30668,Nyctalus leisleri,0.008,0.022,-1,Echolocation,/mnt/ubna_data_02_mir/recover-20220922/UBNA_001/20220921_090000.WAV,Telephone Field,recover-20220922,001,1795
1127.0385,1127.0493,22890,27933,Nyctalus leisleri,0.012,0.023,-1,Echolocation,/mnt/ubna_data_02_mir/recover-20220922/UBNA_001/20220921_090000.WAV,Telephone Field,recover-20220922,001,1795
1127.0385,1127.0793,68437,82755,Rhinolophus ferrumequinum,0.028,0.028,-1,Echolocation,/mnt/ubna_data_02_mir/recover-20220922/UBNA_001/20220921_090000.WAV,Telephone Field,recover-20220922,001,1795
1127.0665,1127.1034,68437,81510,Rhinolophus ferrumequinum,0.021,0.021,-1,Echolocation,/mnt/ubna_data_02_mir/recover-20220922/UBNA_001/20220921_090000.WAV,Telephone Field,recover-20220922,001,1795
1127.0765,1127.0871,23750,29370,Nyctalus leisleri,0.009,0.021,-1,Echolocation,/mnt/ubna_data_02_mir/recover-20220922/UBNA_001/20220921_090000.WAV,Telephone Field,recover-20220922,001,1795
1127.0775,1127.1131,68437,81127,Rhinolophus ferrumequinum,0.024,0.024,-1,Echolocation,/mnt/ubna_data_02_mir/recover-20220922/UBNA_001/20220921_090000.WAV,Telephone Field,recover-20220922,001,1795
1127.1305,1127.1421,22031,26614,Nyctalus leisleri,0.012,0.024,-1,Echolocation,/mnt/ubna_data_02_mir/recover-20220922/UBNA_001/20220921_090000.WAV,Telephone Field,recover-20220922,001,1795
1127.1795,1127.2194,68437,82492,Rhinolophus ferrumequinum,0.025,0.025,-1,Echolocation,/mnt/ubna_data_02_mir/recover-20220922/UBNA_001/20220921_090000.WAV,Telephone Field,recover-20220922,001,1795
1127.1965,1127.2049,46953,51038,Pipistrellus pipistrellus,0.032,0.033,-1,Echolocation,/mnt/ubna_data_02_mir/recover-20220922/UBNA_001/20220921_090000.WAV,Telephone Field,recover-20220922,001,1795
1127.2275,1127.2371,30625,38494,Eptesicus serotinus,0.007,0.022,-1,Echolocation,/mnt/ubna_data_02_mir/recover-20220922/UBNA_001/20220921_090000.WAV,Telephone Field,recover-20220922,001,1795
1127.2275,1127.2413,35781,40110,Nyctalus leisleri,0.008,0.026,-1,Echolocation,/mnt/ubna_data_02_mir/recover-20220922/UBNA_001/20220921_090000.WAV,Telephone Field,recover-20220922,001,1795
1127.2355,1127.2456,22890,27700,Nyctalus leisleri,0.011,0.022,-1,Echolocation,/mnt/ubna_data_02_mir/recover-20220922/UBNA_001/20220921_090000.WAV,Telephone Field,recover-20220922,001,1795
1127.2515,1127.2908,68437,81794,Rhinolophus ferrumequinum,0.022,0.023,-1,Echolocation,/mnt/ubna_data_02_mir/recover-20220922/UBNA_001/20220921_090000.WAV,Telephone Field,recover-20220922,001,1795
1127.2585,1127.2988,68437,82428,Rhinolophus ferrumequinum,0.027,0.027,-1,Echolocation,/mnt/ubna_data_02_mir/recover-20220922/UBNA_001/20220921_090000.WAV,Telephone Field,recover-20220922,001,1795
1127.2705,1127.3112,68437,82842,Rhinolophus ferrumequinum,0.023,0.023,-1,Echolocation,/mnt/ubna_data_02_mir/recover-20220922/UBNA_001/20220921_090000.WAV,Telephone Field,recover-20220922,001,1795
1127.3105,1127.3506,68437,82115,Rhinolophus ferrumequinum,0.024,0.024,-1,Echolocation,/mnt/ubna_data_02_mir/recover-20220922/UBNA_001/20220921_090000.WAV,Telephone Field,recover-20220922,001,1795
1127.3265,1127.3673,68437,82380,Rhinolophus ferrumequinum,0.025,0.025,-1,Echolocation,/mnt/ubna_data_02_mir/recover-20220922/UBNA_001/20220921_090000.WAV,Telephone Field,recover-20220922,001,1795
1127.3345,1127.3434,28046,36505,Eptesicus serotinus,0.008,0.022,-1,Echolocation,/mnt/ubna_data_02_mir/recover-20220922/UBNA_001/20220921_090000.WAV,Telephone Field,recover-20220922,001,1795
1127.3585,1127.3678,28046,36919,Eptesicus serotinus,0.009,0.021,-1,Echolocation,/mnt/ubna_data_02_mir/recover-20220922/UBNA_001/20220921_090000.WAV,Telephone Field,recover-20220922,001,1795
1127.3745,1127.4155,68437,82796,Rhinolophus ferrumequinum,0.03,0.03,-1,Echolocation,/mnt/ubna_data_02_mir/recover-20220922/UBNA_001/20220921_090000.WAV,Telephone Field,recover-20220922,001,1795
1127.3905,1127.4288999999999,68437,81341,Rhinolophus ferrumequinum,0.022,0.022,-1,Echolocation,/mnt/ubna_data_02_mir/recover-20220922/UBNA_001/20220921_090000.WAV,Telephone Field,recover-20220922,001,1795
1127.3925,1127.4023,25468,33251,Nyctalus leisleri,0.007,0.022,-1,Echolocation,/mnt/ubna_data_02_mir/recover-20220922/UBNA_001/20220921_090000.WAV,Telephone Field,recover-20220922,001,1795
1127.4145,1127.4518,68437,82199,Rhinolophus ferrumequinum,0.022,0.022,-1,Echolocation,/mnt/ubna_data_02_mir/recover-20220922/UBNA_001/20220921_090000.WAV,Telephone Field,recover-20220922,001,1795
1127.4845,1127.5251,68437,82470,Rhinolophus ferrumequinum,0.023,0.023,-1,Echolocation,/mnt/ubna_data_02_mir/recover-20220922/UBNA_001/20220921_090000.WAV,Telephone Field,recover-20220922,001,1795
1127.4905,1127.5329,68437,82679,Rhinolophus ferrumequinum,0.022,0.022,-1,Echolocation,/mnt/ubna_data_02_mir/recover-20220922/UBNA_001/20220921_090000.WAV,Telephone Field,recover-20220922,001,1795
1127.5025,1127.5186,21171,24422,Nyctalus leisleri,0.013,0.022,-1,Echolocation,/mnt/ubna_data_02_mir/recover-20220922/UBNA_001/20220921_090000.WAV,Telephone Field,recover-20220922,001,1795
1127.5085,1127.5169,28046,39424,Eptesicus serotinus,0.007,0.022,-1,Echolocation,/mnt/ubna_data_02_mir/recover-20220922/UBNA_001/20220921_090000.WAV,Telephone Field,recover-20220922,001,1795
1127.5335,1127.5751,68437,82644,Rhinolophus ferrumequinum,0.023,0.023,-1,Echolocation,/mnt/ubna_data_02_mir/recover-20220922/UBNA_001/20220921_090000.WAV,Telephone Field,recover-20220922,001,1795
1127.5435,1127.5805,68437,82275,Rhinolophus ferrumequinum,0.021,0.021,-1,Echolocation,/mnt/ubna_data_02_mir/recover-20220922/UBNA_001/20220921_090000.WAV,Telephone Field,recover-20220922,001,1795
1127.5555,1127.5977,68437,83355,Rhinolophus ferrumequinum,0.023,0.023,-1,Echolocation,/mnt/ubna_data_02_mir/recover-20220922/UBNA_001/20220921_090000.WAV,Telephone Field,recover-20220922,001,1795
1127.5565,1127.5659,22890,29576,Nyctalus leisleri,0.007,0.021,-1,Echolocation,/mnt/ubna_data_02_mir/recover-20220922/UBNA_001/20220921_090000.WAV,Telephone Field,recover-20220922,001,1795
1127.5765,1127.59,13437,18022,Nyctalus noctula,0.016,0.039,-1,Echolocation,/mnt/ubna_data_02_mir/recover-20220922/UBNA_001/20220921_090000.WAV,Telephone Field,recover-20220922,001,1795
1127.5915,1127.6033,22031,26822,Nyctalus leisleri,0.013,0.027,-1,Echolocation,/mnt/ubna_data_02_mir/recover-20220922/UBNA_001/20220921_090000.WAV,Telephone Field,recover-20220922,001,1795
1127.5955,1127.6326,68437,81559,Rhinolophus ferrumequinum,0.022,0.022,-1,Echolocation,/mnt/ubna_data_02_mir/recover-20220922/UBNA_001/20220921_090000.WAV,Telephone Field,recover-20220922,001,1795
1127.6105,1127.6188,27187,38342,Eptesicus serotinus,0.008,0.023,-1,Echolocation,/mnt/ubna_data_02_mir/recover-20220922/UBNA_001/20220921_090000.WAV,Telephone Field,recover-20220922,001,1795
1127.6275,1127.6614,68437,80545,Rhinolophus ferrumequinum,0.021,0.021,-1,Echolocation,/mnt/ubna_data_02_mir/recover-20220922/UBNA_001/20220921_090000.WAV,Telephone Field,recover-20220922,001,1795
1127.6435,1127.6525,28046,40632,Eptesicus serotinus,0.008,0.021,-1,Echolocation,/mnt/ubna_data_02_mir/recover-20220922/UBNA_001/20220921_090000.WAV,Telephone Field,recover-20220922,001,1795
1127.6655,1127.676,28906,36476,Eptesicus serotinus,0.01,0.023,-1,Echolocation,/mnt/ubna_data_02_mir/recover-20220922/UBNA_001/20220921_090000.WAV,Telephone Field,recover-20220922,001,1795
1127.6755,1127.7159,68437,82157,Rhinolophus ferrumequinum,0.023,0.023,-1,Echolocation,/mnt/ubna_data_02_mir/recover-20220922/UBNA_001/20220921_090000.WAV,Telephone Field,recover-20220922,001,1795
1127.7315,1127.7409,26328,33453,Nyctalus leisleri,0.007,0.022,-1,Echolocation,/mnt/ubna_data_02_mir/recover-20220922/UBNA_001/20220921_090000.WAV,Telephone Field,recover-20220922,001,1795
1127.7385,1127.749,22890,27546,Nyctalus leisleri,0.011,0.023,-1,Echolocation,/mnt/ubna_data_02_mir/recover-20220922/UBNA_001/20220921_090000.WAV,Telephone Field,recover-20220922,001,1795
1127.7595,1127.7993,68437,82232,Rhinolophus ferrumequinum,0.021,0.021,-1,Echolocation,/mnt/ubna_data_02_mir/recover-20220922/UBNA_001/20220921_090000.WAV,Telephone Field,recover-20220922,001,1795
1127.7735,1127.7821,28046,38429,Eptesicus serotinus,0.008,0.021,-1,Echolocation,/mnt/ubna_data_02_mir/recover-20220922/UBNA_001/20220921_090000.WAV,Telephone Field,recover-20220922,001,1795
1127.7905,1127.8299,68437,81769,Rhinolophus ferrumequinum,0.024,0.024,-1,Echolocation,/mnt/ubna_data_02_mir/recover-20220922/UBNA_001/20220921_090000.WAV,Telephone Field,recover-20220922,001,1795
1127.8795,1127.9196,68437,82402,Rhinolophus ferrumequinum,0.021,0.021,-1,Echolocation,/mnt/ubna_data_02_mir/recover-20220922/UBNA_001/20220921_090000.WAV,Telephone Field,recover-20220922,001,1795
1127.9015,1127.9422,68437,83065,Rhinolophus ferrumequinum,0.023,0.023,-1,Echolocation,/mnt/ubna_data_02_mir/recover-20220922/UBNA_001/20220921_090000.WAV,Telephone Field,recover-20220922,001,1795
1127.9135,1127.9211,22890,30427,Plecotus austriacus,0.012,0.029,-1,Echolocation,/mnt/ubna_data_02_mir/recover-20220922/UBNA_001/20220921_090000.WAV,Telephone Field,recover-20220922,001,1795
1127.9495,1127.9581,51250,57431,Pipistrellus pipistrellus,0.02,0.025,-1,Echolocation,/mnt/ubna_data_02_mir/recover-20220922/UBNA_001/20220921_090000.WAV,Telephone Field,recover-20220922,001,1795
1128.0015,1128.012,50390,56079,Pipistrellus pipistrellus,0.012,0.024,-1,Echolocation,/mnt/ubna_data_02_mir/recover-20220922/UBNA_001/20220921_090000.WAV,Telephone Field,recover-20220922,001,1795
1128.0015,1128.0383,69296,81962,Rhinolophus ferrumequinum,0.038,0.038,-1,Echolocation,/mnt/ubna_data_02_mir/recover-20220922/UBNA_001/20220921_090000.WAV,Telephone Field,recover-20220922,001,1795
1128.0015,1128.0141,18593,23433,Nyctalus leisleri,0.015,0.037,-1,Echolocation,/mnt/ubna_data_02_mir/recover-20220922/UBNA_001/20220921_090000.WAV,Telephone Field,recover-20220922,001,1795
1128.0085,1128.0553,68437,83344,Rhinolophus ferrumequinum,0.025,0.025,-1,Echolocation,/mnt/ubna_data_02_mir/recover-20220922/UBNA_001/20220921_090000.WAV,Telephone Field,recover-20220922,001,1795
1128.0165,1128.028,45234,48184,Pipistrellus pipistrellus,0.026,0.03,-1,Echolocation,/mnt/ubna_data_02_mir/recover-20220922/UBNA_001/20220921_090000.WAV,Telephone Field,recover-20220922,001,1795
1128.0225,1128.062,68437,82454,Rhinolophus ferrumequinum,0.025,0.025,-1,Echolocation,/mnt/ubna_data_02_mir/recover-20220922/UBNA_001/20220921_090000.WAV,Telephone Field,recover-20220922,001,1795
1128.0235,1128.0342,22031,27024,Nyctalus leisleri,0.012,0.025,-1,Echolocation,/mnt/ubna_data_02_mir/recover-20220922/UBNA_001/20220921_090000.WAV,Telephone Field,recover-20220922,001,1795
1128.0615,1128.0989,68437,81403,Rhinolophus ferrumequinum,0.022,0.022,-1,Echolocation,/mnt/ubna_data_02_mir/recover-20220922/UBNA_001/20220921_090000.WAV,Telephone Field,recover-20220922,001,1795
1128.0795,1128.1169,68437,82020,Rhinolophus ferrumequinum,0.023,0.023,-1,Echolocation,/mnt/ubna_data_02_mir/recover-20220922/UBNA_001/20220921_090000.WAV,Telephone Field,recover-20220922,001,1795
1128.0865,1128.0974,23750,30417,Nyctalus leisleri,0.01,0.027,-1,Echolocation,/mnt/ubna_data_02_mir/recover-20220922/UBNA_001/20220921_090000.WAV,Telephone Field,recover-20220922,001,1795
1128.1315,1128.1709,68437,81565,Rhinolophus ferrumequinum,0.022,0.022,-1,Echolocation,/mnt/ubna_data_02_mir/recover-20220922/UBNA_001/20220921_090000.WAV,Telephone Field,recover-20220922,001,1795
1128.1355,1128.1438,27187,39000,Eptesicus serotinus,0.008,0.022,-1,Echolocation,/mnt/ubna_data_02_mir/recover-20220922/UBNA_001/20220921_090000.WAV,Telephone Field,recover-20220922,001,1795
1128.1395,1128.1737,68437,81191,Rhinolophus ferrumequinum,0.031,0.031,-1,Echolocation,/mnt/ubna_data_02_mir/recover-20220922/UBNA_001/20220921_090000.WAV,Telephone Field,recover-20220922,001,1795
1128.1905,1128.2342,68437,82486,Rhinolophus ferrumequinum,0.022,0.022,-1,Echolocation,/mnt/ubna_data_02_mir/recover-20220922/UBNA_001/20220921_090000.WAV,Telephone Field,recover-20220922,001,1795
1128.1995,1128.243,68437,83411,Rhinolophus ferrumequinum,0.036,0.036,-1,Echolocation,/mnt/ubna_data_02_mir/recover-20220922/UBNA_001/20220921_090000.WAV,Telephone Field,recover-20220922,001,1795
1128.2935,1128.3049,28046,35857,Eptesicus serotinus,0.012,0.024,-1,Echolocation,/mnt/ubna_data_02_mir/recover-20220922/UBNA_001/20220921_090000.WAV,Telephone Field,recover-20220922,001,1795
1128.3015,1128.3389,68437,81458,Rhinolophus ferrumequinum,0.026,0.026,-1,Echolocation,/mnt/ubna_data_02_mir/recover-20220922/UBNA_001/20220921_090000.WAV,Telephone Field,recover-20220922,001,1795
1128.3295,1128.3665,68437,81248,Rhinolophus ferrumequinum,0.024,0.024,-1,Echolocation,/mnt/ubna_data_02_mir/recover-20220922/UBNA_001/20220921_090000.WAV,Telephone Field,recover-20220922,001,1795
1128.3605,1128.3682,28906,37763,Eptesicus serotinus,0.008,0.026,-1,Echolocation,/mnt/ubna_data_02_mir/recover-20220922/UBNA_001/20220921_090000.WAV,Telephone Field,recover-20220922,001,1795
1128.3655,1128.4057,68437,82705,Rhinolophus ferrumequinum,0.024,0.024,-1,Echolocation,/mnt/ubna_data_02_mir/recover-20220922/UBNA_001/20220921_090000.WAV,Telephone Field,recover-20220922,001,1795
1128.3745,1128.3853,23750,30047,Nyctalus leisleri,0.013,0.033,-1,Echolocation,/mnt/ubna_data_02_mir/recover-20220922/UBNA_001/20220921_090000.WAV,Telephone Field,recover-20220922,001,1795
1128.4215,1128.4614,68437,82275,Rhinolophus ferrumequinum,0.023,0.023,-1,Echolocation,/mnt/ubna_data_02_mir/recover-20220922/UBNA_001/20220921_090000.WAV,Telephone Field,recover-20220922,001,1795
1128.4725,1128.5133,68437,82440,Rhinolophus ferrumequinum,0.029,0.029,-1,Echolocation,/mnt/ubna_data_02_mir/recover-20220922/UBNA_001/20220921_090000.WAV,Telephone Field,recover-20220922,001,1795
1128.4805,1128.4885,27187,38222,Eptesicus serotinus,0.01,0.026,-1,Echolocation,/mnt/ubna_data_02_mir/recover-20220922/UBNA_001/20220921_090000.WAV,Telephone Field,recover-20220922,001,1795
1128.4955,1128.5372,68437,82831,Rhinolophus ferrumequinum,0.024,0.024,-1,Echolocation,/mnt/ubna_data_02_mir/recover-20220922/UBNA_001/20220921_090000.WAV,Telephone Field,recover-20220922,001,1795
1128.5135,1128.5514,68437,82229,Rhinolophus ferrumequinum,0.028,0.028,-1,Echolocation,/mnt/ubna_data_02_mir/recover-20220922/UBNA_001/20220921_090000.WAV,Telephone Field,recover-20220922,001,1795
1128.5295,1128.5682,68437,82042,Rhinolophus ferrumequinum,0.029,0.029,-1,Echolocation,/mnt/ubna_data_02_mir/recover-20220922/UBNA_001/20220921_090000.WAV,Telephone Field,recover-20220922,001,1795
1128.5455,1128.5562,22890,27906,Nyctalus leisleri,0.013,0.024,-1,Echolocation,/mnt/ubna_data_02_mir/recover-20220922/UBNA_001/20220921_090000.WAV,Telephone Field,recover-20220922,001,1795
1128.5565,1128.5936,68437,81009,Rhinolophus ferrumequinum,0.021,0.022,-1,Echolocation,/mnt/ubna_data_02_mir/recover-20220922/UBNA_001/20220921_090000.WAV,Telephone Field,recover-20220922,001,1795
1128.5745,1128.5887,11718,17082,Nyctalus leisleri,0.038,0.063,-1,Echolocation,/mnt/ubna_data_02_mir/recover-20220922/UBNA_001/20220921_090000.WAV,Telephone Field,recover-20220922,001,1795
1128.5835,1128.6218,68437,81077,Rhinolophus ferrumequinum,0.022,0.022,-1,Echolocation,/mnt/ubna_data_02_mir/recover-20220922/UBNA_001/20220921_090000.WAV,Telephone Field,recover-20220922,001,1795
1128.6115,1128.6547,68437,83026,Rhinolophus ferrumequinum,0.031,0.031,-1,Echolocation,/mnt/ubna_data_02_mir/recover-20220922/UBNA_001/20220921_090000.WAV,Telephone Field,recover-20220922,001,1795
1128.6875,1128.6996,22890,27432,Nyctalus leisleri,0.017,0.029,-1,Echolocation,/mnt/ubna_data_02_mir/recover-20220922/UBNA_001/20220921_090000.WAV,Telephone Field,recover-20220922,001,1795
1128.7005,1128.7382,68437,81529,Rhinolophus ferrumequinum,0.022,0.022,-1,Echolocation,/mnt/ubna_data_02_mir/recover-20220922/UBNA_001/20220921_090000.WAV,Telephone Field,recover-20220922,001,1795
1128.7015,1128.7094,27187,37790,Eptesicus serotinus,0.007,0.022,-1,Echolocation,/mnt/ubna_data_02_mir/recover-20220922/UBNA_001/20220921_090000.WAV,Telephone Field,recover-20220922,001,1795
1128.7415,1128.7534,22031,26395,Nyctalus leisleri,0.016,0.031,-1,Echolocation,/mnt/ubna_data_02_mir/recover-20220922/UBNA_001/20220921_090000.WAV,Telephone Field,recover-20220922,001,1795
1128.7515,1128.7934,68437,82624,Rhinolophus ferrumequinum,0.024,0.024,-1,Echolocation,/mnt/ubna_data_02_mir/recover-20220922/UBNA_001/20220921_090000.WAV,Telephone Field,recover-20220922,001,1795
1128.8755,1128.8831,27187,38631,Eptesicus serotinus,0.008,0.024,-1,Echolocation,/mnt/ubna_data_02_mir/recover-20220922/UBNA_001/20220921_090000.WAV,Telephone Field,recover-20220922,001,1795
1128.8835,1128.9247,68437,82805,Rhinolophus ferrumequinum,0.026,0.026,-1,Echolocation,/mnt/ubna_data_02_mir/recover-20220922/UBNA_001/20220921_090000.WAV,Telephone Field,recover-20220922,001,1795
1128.9735,1128.9843,22890,28813,Nyctalus leisleri,0.011,0.028,-1,Echolocation,/mnt/ubna_data_02_mir/recover-20220922/UBNA_001/20220921_090000.WAV,Telephone Field,recover-20220922,001,1795
1128.9915,1129.0317,68437,82456,Rhinolophus ferrumequinum,0.036,0.036,-1,Echolocation,/mnt/ubna_data_02_mir/recover-20220922/UBNA_001/20220921_090000.WAV,Telephone Field,recover-20220922,001,1795
1129.0655,1129.0756,24609,31165,Nyctalus leisleri,0.008,0.022,-1,Echolocation,/mnt/ubna_data_02_mir/recover-20220922/UBNA_001/20220921_090000.WAV,Telephone Field,recover-20220922,001,1795
1129.0765,1129.0874,23750,28647,Nyctalus leisleri,0.01,0.023,-1,Echolocation,/mnt/ubna_data_02_mir/recover-20220922/UBNA_001/20220921_090000.WAV,Telephone Field,recover-20220922,001,1795
1129.0965,1129.1064,28906,36040,Eptesicus serotinus,0.009,0.023,-1,Echolocation,/mnt/ubna_data_02_mir/recover-20220922/UBNA_001/20220921_090000.WAV,Telephone Field,recover-20220922,001,1795
1129.1035,1129.1462,68437,83242,Rhinolophus ferrumequinum,0.036,0.036,-1,Echolocation,/mnt/ubna_data_02_mir/recover-20220922/UBNA_001/20220921_090000.WAV,Telephone Field,recover-20220922,001,1795
1129.1315,1129.1397,27187,37219,Eptesicus serotinus,0.007,0.022,-1,Echolocation,/mnt/ubna_data_02_mir/recover-20220922/UBNA_001/20220921_090000.WAV,Telephone Field,recover-20220922,001,1795
1129.1505,1129.1894,68437,82125,Rhinolophus ferrumequinum,0.024,0.024,-1,Echolocation,/mnt/ubna_data_02_mir/recover-20220922/UBNA_001/20220921_090000.WAV,Telephone Field,recover-20220922,001,1795
1129.1595,1129.2004,68437,82423,Rhinolophus ferrumequinum,0.024,0.024,-1,Echolocation,/mnt/ubna_data_02_mir/recover-20220922/UBNA_001/20220921_090000.WAV,Telephone Field,recover-20220922,001,1795
1129.1675,1129.1755,28046,39226,Eptesicus serotinus,0.008,0.024,-1,Echolocation,/mnt/ubna_data_02_mir/recover-20220922/UBNA_001/20220921_090000.WAV,Telephone Field,recover-20220922,001,1795
1129.2155,1129.2256,27187,35721,Eptesicus serotinus,0.01,0.025,-1,Echolocation,/mnt/ubna_data_02_mir/recover-20220922/UBNA_001/20220921_090000.WAV,Telephone Field,recover-20220922,001,1795
1129.2175,1129.2579,68437,82688,Rhinolophus ferrumequinum,0.024,0.024,-1,Echolocation,/mnt/ubna_data_02_mir/recover-20220922/UBNA_001/20220921_090000.WAV,Telephone Field,recover-20220922,001,1795
1129.2225,1129.2315,27187,36225,Eptesicus serotinus,0.009,0.024,-1,Echolocation,/mnt/ubna_data_02_mir/recover-20220922/UBNA_001/20220921_090000.WAV,Telephone Field,recover-20220922,001,1795
1129.2315,1129.2695,68437,81918,Rhinolophus ferrumequinum,0.022,0.022,-1,Echolocation,/mnt/ubna_data_02_mir/recover-20220922/UBNA_001/20220921_090000.WAV,Telephone Field,recover-20220922,001,1795
1129.2715,1129.2786,23750,33254,Plecotus austriacus,0.01,0.025,-1,Echolocation,/mnt/ubna_data_02_mir/recover-20220922/UBNA_001/20220921_090000.WAV,Telephone Field,recover-20220922,001,1795
1129.3415,1129.3768,68437,81575,Rhinolophus ferrumequinum,0.022,0.022,-1,Echolocation,/mnt/ubna_data_02_mir/recover-20220922/UBNA_001/20220921_090000.WAV,Telephone Field,recover-20220922,001,1795
1129.3635,1129.4004,68437,81836,Rhinolophus ferrumequinum,0.022,0.022,-1,Echolocation,/mnt/ubna_data_02_mir/recover-20220922/UBNA_001/20220921_090000.WAV,Telephone Field,recover-20220922,001,1795
1129.3915,1129.4317,68437,82096,Rhinolophus ferrumequinum,0.022,0.022,-1,Echolocation,/mnt/ubna_data_02_mir/recover-20220922/UBNA_001/20220921_090000.WAV,Telephone Field,recover-20220922,001,1795
1129.3975,1129.4384,68437,82493,Rhinolophus ferrumequinum,0.023,0.023,-1,Echolocation,/mnt/ubna_data_02_mir/recover-20220922/UBNA_001/20220921_090000.WAV,Telephone Field,recover-20220922,001,1795
1129.4065,1129.4143,28046,39538,Eptesicus serotinus,0.009,0.026,-1,Echolocation,/mnt/ubna_data_02_mir/recover-20220922/UBNA_001/20220921_090000.WAV,Telephone Field,recover-20220922,001,1795
1129.4285,1129.469,68437,82423,Rhinolophus ferrumequinum,0.023,0.023,-1,Echolocation,/mnt/ubna_data_02_mir/recover-20220922/UBNA_001/20220921_090000.WAV,Telephone Field,recover-20220922,001,1795
1129.4465,1129.4533,28046,38562,Eptesicus serotinus,0.008,0.027,-1,Echolocation,/mnt/ubna_data_02_mir/recover-20220922/UBNA_001/20220921_090000.WAV,Telephone Field,recover-20220922,001,1795
1129.4585,1129.4985,68437,82074,Rhinolophus ferrumequinum,0.022,0.022,-1,Echolocation,/mnt/ubna_data_02_mir/recover-20220922/UBNA_001/20220921_090000.WAV,Telephone Field,recover-20220922,001,1795
1129.4625,1129.4718,28046,39009,Eptesicus serotinus,0.012,0.027,-1,Echolocation,/mnt/ubna_data_02_mir/recover-20220922/UBNA_001/20220921_090000.WAV,Telephone Field,recover-20220922,001,1795
1129.4695,1129.4767,28046,37199,Eptesicus serotinus,0.008,0.025,-1,Echolocation,/mnt/ubna_data_02_mir/recover-20220922/UBNA_001/20220921_090000.WAV,Telephone Field,recover-20220922,001,1795
1129.4755,1129.5145,68437,82101,Rhinolophus ferrumequinum,0.024,0.024,-1,Echolocation,/mnt/ubna_data_02_mir/recover-20220922/UBNA_001/20220921_090000.WAV,Telephone Field,recover-20220922,001,1795
1129.4975,1129.5099,52109,56618,Pipistrellus pipistrellus,0.014,0.026,-1,Echolocation,/mnt/ubna_data_02_mir/recover-20220922/UBNA_001/20220921_090000.WAV,Telephone Field,recover-20220922,001,1795
1129.5045,1129.5425,68437,82064,Rhinolophus ferrumequinum,0.027,0.027,-1,Echolocation,/mnt/ubna_data_02_mir/recover-20220922/UBNA_001/20220921_090000.WAV,Telephone Field,recover-20220922,001,1795
1129.5155,1129.5269,23750,29947,Nyctalus leisleri,0.014,0.033,-1,Echolocation,/mnt/ubna_data_02_mir/recover-20220922/UBNA_001/20220921_090000.WAV,Telephone Field,recover-20220922,001,1795
1129.5345,1129.5453,28906,36473,Eptesicus serotinus,0.013,0.028,-1,Echolocation,/mnt/ubna_data_02_mir/recover-20220922/UBNA_001/20220921_090000.WAV,Telephone Field,recover-20220922,001,1795
1129.5405,1129.5772,68437,81870,Rhinolophus ferrumequinum,0.026,0.026,-1,Echolocation,/mnt/ubna_data_02_mir/recover-20220922/UBNA_001/20220921_090000.WAV,Telephone Field,recover-20220922,001,1795
1129.5815,1129.5903,28046,36939,Eptesicus serotinus,0.008,0.023,-1,Echolocation,/mnt/ubna_data_02_mir/recover-20220922/UBNA_001/20220921_090000.WAV,Telephone Field,recover-20220922,001,1795
1129.5945,1129.6312,68437,81865,Rhinolophus ferrumequinum,0.023,0.023,-1,Echolocation,/mnt/ubna_data_02_mir/recover-20220922/UBNA_001/20220921_090000.WAV,Telephone Field,recover-20220922,001,1795
1129.6045,1129.6151,28906,35464,Eptesicus serotinus,0.014,0.029,-1,Echolocation,/mnt/ubna_data_02_mir/recover-20220922/UBNA_001/20220921_090000.WAV,Telephone Field,recover-20220922,001,1795
1129.6395,1129.6807,68437,82718,Rhinolophus ferrumequinum,0.028,0.028,-1,Echolocation,/mnt/ubna_data_02_mir/recover-20220922/UBNA_001/20220921_090000.WAV,Telephone Field,recover-20220922,001,1795
1129.6795,1129.7234,68437,82891,Rhinolophus ferrumequinum,0.03,0.03,-1,Echolocation,/mnt/ubna_data_02_mir/recover-20220922/UBNA_001/20220921_090000.WAV,Telephone Field,recover-20220922,001,1795
1129.7075,1129.7498,68437,82695,Rhinolophus ferrumequinum,0.027,0.027,-1,Echolocation,/mnt/ubna_data_02_mir/recover-20220922/UBNA_001/20220921_090000.WAV,Telephone Field,recover-20220922,001,1795
1129.7185,1129.7588,68437,82289,Rhinolophus ferrumequinum,0.023,0.023,-1,Echolocation,/mnt/ubna_data_02_mir/recover-20220922/UBNA_001/20220921_090000.WAV,Telephone Field,recover-20220922,001,1795
1129.7235,1129.7337,28046,35353,Eptesicus serotinus,0.013,0.027,-1,Echolocation,/mnt/ubna_data_02_mir/recover-20220922/UBNA_001/20220921_090000.WAV,Telephone Field,recover-20220922,001,1795
1129.7365,1129.7744,68437,82319,Rhinolophus ferrumequinum,0.024,0.025,-1,Echolocation,/mnt/ubna_data_02_mir/recover-20220922/UBNA_001/20220921_090000.WAV,Telephone Field,recover-20220922,001,1795
1129.7435,1129.7837,68437,82223,Rhinolophus ferrumequinum,0.024,0.024,-1,Echolocation,/mnt/ubna_data_02_mir/recover-20220922/UBNA_001/20220921_090000.WAV,Telephone Field,recover-20220922,001,1795
1129.7505,1129.7904,68437,82472,Rhinolophus ferrumequinum,0.022,0.022,-1,Echolocation,/mnt/ubna_data_02_mir/recover-20220922/UBNA_001/20220921_090000.WAV,Telephone Field,recover-20220922,001,1795
1129.7765,1129.8146,68437,82391,Rhinolophus ferrumequinum,0.024,0.024,-1,Echolocation,/mnt/ubna_data_02_mir/recover-20220922/UBNA_001/20220921_090000.WAV,Telephone Field,recover-20220922,001,1795
1129.8325,1129.8744,68437,82847,Rhinolophus ferrumequinum,0.03,0.03,-1,Echolocation,/mnt/ubna_data_02_mir/recover-20220922/UBNA_001/20220921_090000.WAV,Telephone Field,recover-20220922,001,1795
1129.8405,1129.8492,26328,37260,Eptesicus serotinus,0.009,0.023,-1,Echolocation,/mnt/ubna_data_02_mir/recover-20220922/UBNA_001/20220921_090000.WAV,Telephone Field,recover-20220922,001,1795
1129.8715,1129.9101,68437,82157,Rhinolophus ferrumequinum,0.022,0.022,-1,Echolocation,/mnt/ubna_data_02_mir/recover-20220922/UBNA_001/20220921_090000.WAV,Telephone Field,recover-20220922,001,1795
1129.8865,1129.928,68437,82828,Rhinolophus ferrumequinum,0.024,0.024,-1,Echolocation,/mnt/ubna_data_02_mir/recover-20220922/UBNA_001/20220921_090000.WAV,Telephone Field,recover-20220922,001,1795
1129.8895,1129.8980999999999,22890,30765,Plecotus austriacus,0.01,0.025,-1,Echolocation,/mnt/ubna_data_02_mir/recover-20220922/UBNA_001/20220921_090000.WAV,Telephone Field,recover-20220922,001,1795
1129.9315,1129.9676,68437,81497,Rhinolophus ferrumequinum,0.023,0.023,-1,Echolocation,/mnt/ubna_data_02_mir/recover-20220922/UBNA_001/20220921_090000.WAV,Telephone Field,recover-20220922,001,1795
1129.9385,1129.9776,68437,82554,Rhinolophus ferrumequinum,0.025,0.025,-1,Echolocation,/mnt/ubna_data_02_mir/recover-20220922/UBNA_001/20220921_090000.WAV,Telephone Field,recover-20220922,001,1795
1129.9795,1129.9891,28046,37164,Eptesicus serotinus,0.013,0.03,-1,Echolocation,/mnt/ubna_data_02_mir/recover-20220922/UBNA_001/20220921_090000.WAV,Telephone Field,recover-20220922,001,1795
1130.0015,1130.0335,69296,82196,Rhinolophus ferrumequinum,0.03,0.03,-1,Echolocation,/mnt/ubna_data_02_mir/recover-20220922/UBNA_001/20220921_090000.WAV,Telephone Field,recover-20220922,001,1795
1130.0015,1130.0095,22031,28318,Nyctalus leisleri,0.01,0.03,-1,Echolocation,/mnt/ubna_data_02_mir/recover-20220922/UBNA_001/20220921_090000.WAV,Telephone Field,recover-20220922,001,1795
1130.0495,1130.0877,68437,81740,Rhinolophus ferrumequinum,0.023,0.023,-1,Echolocation,/mnt/ubna_data_02_mir/recover-20220922/UBNA_001/20220921_090000.WAV,Telephone Field,recover-20220922,001,1795
1130.0635,1130.1036,68437,81949,Rhinolophus ferrumequinum,0.022,0.022,-1,Echolocation,/mnt/ubna_data_02_mir/recover-20220922/UBNA_001/20220921_090000.WAV,Telephone Field,recover-20220922,001,1795
1130.0925,1130.105,27187,33968,Eptesicus serotinus,0.021,0.038,-1,Echolocation,/mnt/ubna_data_02_mir/recover-20220922/UBNA_001/20220921_090000.WAV,Telephone Field,recover-20220922,001,1795
1130.1365,1130.1762,68437,81944,Rhinolophus ferrumequinum,0.021,0.021,-1,Echolocation,/mnt/ubna_data_02_mir/recover-20220922/UBNA_001/20220921_090000.WAV,Telephone Field,recover-20220922,001,1795
1130.1445,1130.1563,39218,43004,Pipistrellus nathusii,0.014,0.023,-1,Echolocation,/mnt/ubna_data_02_mir/recover-20220922/UBNA_001/20220921_090000.WAV,Telephone Field,recover-20220922,001,1795
1130.1445,1130.1855,68437,81896,Rhinolophus ferrumequinum,0.021,0.021,-1,Echolocation,/mnt/ubna_data_02_mir/recover-20220922/UBNA_001/20220921_090000.WAV,Telephone Field,recover-20220922,001,1795
1130.1515,1130.1919,68437,81900,Rhinolophus ferrumequinum,0.021,0.021,-1,Echolocation,/mnt/ubna_data_02_mir/recover-20220922/UBNA_001/20220921_090000.WAV,Telephone Field,recover-20220922,001,1795
1130.1825,1130.2044,20312,23059,Nyctalus leisleri,0.024,0.043,-1,Echolocation,/mnt/ubna_data_02_mir/recover-20220922/UBNA_001/20220921_090000.WAV,Telephone Field,recover-20220922,001,1795
1130.2015,1130.2402,68437,82544,Rhinolophus ferrumequinum,0.022,0.022,-1,Echolocation,/mnt/ubna_data_02_mir/recover-20220922/UBNA_001/20220921_090000.WAV,Telephone Field,recover-20220922,001,1795
1130.2135,1130.2535,68437,82611,Rhinolophus ferrumequinum,0.025,0.025,-1,Echolocation,/mnt/ubna_data_02_mir/recover-20220922/UBNA_001/20220921_090000.WAV,Telephone Field,recover-20220922,001,1795
1130.2225,1130.2333,22890,29518,Nyctalus leisleri,0.011,0.028,-1,Echolocation,/mnt/ubna_data_02_mir/recover-20220922/UBNA_001/20220921_090000.WAV,Telephone Field,recover-20220922,001,1795
1130.2355,1130.2765,68437,82140,Rhinolophus ferrumequinum,0.022,0.022,-1,Echolocation,/mnt/ubna_data_02_mir/recover-20220922/UBNA_001/20220921_090000.WAV,Telephone Field,recover-20220922,001,1795
1130.2735,1130.2922,21171,24489,Nyctalus leisleri,0.014,0.025,-1,Echolocation,/mnt/ubna_data_02_mir/recover-20220922/UBNA_001/20220921_090000.WAV,Telephone Field,recover-20220922,001,1795
1130.2805,1130.2954,22031,26151,Nyctalus leisleri,0.015,0.025,-1,Echolocation,/mnt/ubna_data_02_mir/recover-20220922/UBNA_001/20220921_090000.WAV,Telephone Field,recover-20220922,001,1795
1130.3035,1130.3464,68437,82605,Rhinolophus ferrumequinum,0.022,0.022,-1,Echolocation,/mnt/ubna_data_02_mir/recover-20220922/UBNA_001/20220921_090000.WAV,Telephone Field,recover-20220922,001,1795
1130.3265,1130.3643,68437,81935,Rhinolophus ferrumequinum,0.023,0.023,-1,Echolocation,/mnt/ubna_data_02_mir/recover-20220922/UBNA_001/20220921_090000.WAV,Telephone Field,recover-20220922,001,1795
1130.3655,1130.4043,68437,81450,Rhinolophus ferrumequinum,0.022,0.022,-1,Echolocation,/mnt/ubna_data_02_mir/recover-20220922/UBNA_001/20220921_090000.WAV,Telephone Field,recover-20220922,001,1795
1130.3655,1130.3761,28906,36010,Eptesicus serotinus,0.011,0.027,-1,Echolocation,/mnt/ubna_data_02_mir/recover-20220922/UBNA_001/20220921_090000.WAV,Telephone Field,recover-20220922,001,1795
1130.3985,1130.4395,68437,82834,Rhinolophus ferrumequinum,0.024,0.024,-1,Echolocation,/mnt/ubna_data_02_mir/recover-20220922/UBNA_001/20220921_090000.WAV,Telephone Field,recover-20220922,001,1795
1130.4395,1130.4763,68437,81366,Rhinolophus ferrumequinum,0.023,0.023,-1,Echolocation,/mnt/ubna_data_02_mir/recover-20220922/UBNA_001/20220921_090000.WAV,Telephone Field,recover-20220922,001,1795
1130.4495,1130.4895,68437,82222,Rhinolophus ferrumequinum,0.023,0.023,-1,Echolocation,/mnt/ubna_data_02_mir/recover-20220922/UBNA_001/20220921_090000.WAV,Telephone Field,recover-20220922,001,1795
1130.4595,1130.4991,68437,82702,Rhinolophus ferrumequinum,0.022,0.022,-1,Echolocation,/mnt/ubna_data_02_mir/recover-20220922/UBNA_001/20220921_090000.WAV,Telephone Field,recover-20220922,001,1795
1130.5035,1130.5413,68437,81922,Rhinolophus ferrumequinum,0.021,0.021,-1,Echolocation,/mnt/ubna_data_02_mir/recover-20220922/UBNA_001/20220921_090000.WAV,Telephone Field,recover-20220922,001,1795
1130.5085,1130.5230999999999,35781,39372,Pipistrellus nathusii,0.015,0.026,-1,Echolocation,/mnt/ubna_data_02_mir/recover-20220922/UBNA_001/20220921_090000.WAV,Telephone Field,recover-20220922,001,1795
1130.5155,1130.5239,26328,35054,Eptesicus serotinus,0.011,0.028,-1,Echolocation,/mnt/ubna_data_02_mir/recover-20220922/UBNA_001/20220921_090000.WAV,Telephone Field,recover-20220922,001,1795
1130.5285,1130.5691,68437,81987,Rhinolophus ferrumequinum,0.023,0.023,-1,Echolocation,/mnt/ubna_data_02_mir/recover-20220922/UBNA_001/20220921_090000.WAV,Telephone Field,recover-20220922,001,1795
1130.5395,1130.578,68437,81874,Rhinolophus ferrumequinum,0.021,0.021,-1,Echolocation,/mnt/ubna_data_02_mir/recover-20220922/UBNA_001/20220921_090000.WAV,Telephone Field,recover-20220922,001,1795
1130.5855,1130.6236,68437,82058,Rhinolophus ferrumequinum,0.023,0.023,-1,Echolocation,/mnt/ubna_data_02_mir/recover-20220922/UBNA_001/20220921_090000.WAV,Telephone Field,recover-20220922,001,1795
1130.6025,1130.613,28906,36996,Eptesicus serotinus,0.009,0.022,-1,Echolocation,/mnt/ubna_data_02_mir/recover-20220922/UBNA_001/20220921_090000.WAV,Telephone Field,recover-20220922,001,1795
1130.6235,1130.6616,68437,81725,Rhinolophus ferrumequinum,0.022,0.022,-1,Echolocation,/mnt/ubna_data_02_mir/recover-20220922/UBNA_001/20220921_090000.WAV,Telephone Field,recover-20220922,001,1795
1130.6295,1130.6388,25468,32828,Eptesicus serotinus,0.01,0.03,-1,Echolocation,/mnt/ubna_data_02_mir/recover-20220922/UBNA_001/20220921_090000.WAV,Telephone Field,recover-20220922,001,1795
1130.6325,1130.6688,68437,81673,Rhinolophus ferrumequinum,0.023,0.023,-1,Echolocation,/mnt/ubna_data_02_mir/recover-20220922/UBNA_001/20220921_090000.WAV,Telephone Field,recover-20220922,001,1795
1130.6395,1130.6799,68437,82434,Rhinolophus ferrumequinum,0.021,0.021,-1,Echolocation,/mnt/ubna_data_02_mir/recover-20220922/UBNA_001/20220921_090000.WAV,Telephone Field,recover-20220922,001,1795
1130.6415,1130.6511,43515,51469,Pipistrellus pipistrellus,0.015,0.025,-1,Echolocation,/mnt/ubna_data_02_mir/recover-20220922/UBNA_001/20220921_090000.WAV,Telephone Field,recover-20220922,001,1795
1130.6535,1130.6621,28046,37164,Eptesicus serotinus,0.007,0.021,-1,Echolocation,/mnt/ubna_data_02_mir/recover-20220922/UBNA_001/20220921_090000.WAV,Telephone Field,recover-20220922,001,1795
1130.6585,1130.6674,25468,34176,Eptesicus serotinus,0.007,0.021,-1,Echolocation,/mnt/ubna_data_02_mir/recover-20220922/UBNA_001/20220921_090000.WAV,Telephone Field,recover-20220922,001,1795
1130.6605,1130.7001,68437,82148,Rhinolophus ferrumequinum,0.028,0.028,-1,Echolocation,/mnt/ubna_data_02_mir/recover-20220922/UBNA_001/20220921_090000.WAV,Telephone Field,recover-20220922,001,1795
1130.6985,1130.7374,68437,81882,Rhinolophus ferrumequinum,0.022,0.022,-1,Echolocation,/mnt/ubna_data_02_mir/recover-20220922/UBNA_001/20220921_090000.WAV,Telephone Field,recover-20220922,001,1795
1130.7055,1130.716,28906,35876,Eptesicus serotinus,0.011,0.024,-1,Echolocation,/mnt/ubna_data_02_mir/recover-20220922/UBNA_001/20220921_090000.WAV,Telephone Field,recover-20220922,001,1795
1130.7095,1130.7489,68437,82082,Rhinolophus ferrumequinum,0.023,0.023,-1,Echolocation,/mnt/ubna_data_02_mir/recover-20220922/UBNA_001/20220921_090000.WAV,Telephone Field,recover-20220922,001,1795
1130.7295,1130.7415,55546,61018,Pipistrellus pygmaeus,0.018,0.024,-1,Echolocation,/mnt/ubna_data_02_mir/recover-20220922/UBNA_001/20220921_090000.WAV,Telephone Field,recover-20220922,001,1795
1130.7485,1130.7599,22890,28101,Nyctalus leisleri,0.016,0.033,-1,Echolocation,/mnt/ubna_data_02_mir/recover-20220922/UBNA_001/20220921_090000.WAV,Telephone Field,recover-20220922,001,1795
1130.7685,1130.8069,68437,81790,Rhinolophus ferrumequinum,0.023,0.023,-1,Echolocation,/mnt/ubna_data_02_mir/recover-20220922/UBNA_001/20220921_090000.WAV,Telephone Field,recover-20220922,001,1795
1130.8365,1130.8453,25468,33315,Eptesicus serotinus,0.007,0.021,-1,Echolocation,/mnt/ubna_data_02_mir/recover-20220922/UBNA_001/20220921_090000.WAV,Telephone Field,recover-20220922,001,1795
1130.8795,1130.9195,68437,82244,Rhinolophus ferrumequinum,0.024,0.024,-1,Echolocation,/mnt/ubna_data_02_mir/recover-20220922/UBNA_001/20220921_090000.WAV,Telephone Field,recover-20220922,001,1795
1130.9055,1130.9152,23750,31065,Nyctalus leisleri,0.008,0.024,-1,Echolocation,/mnt/ubna_data_02_mir/recover-20220922/UBNA_001/20220921_090000.WAV,Telephone Field,recover-20220922,001,1795
1130.9215,1130.9312,28906,38731,Eptesicus serotinus,0.009,0.022,-1,Echolocation,/mnt/ubna_data_02_mir/recover-20220922/UBNA_001/20220921_090000.WAV,Telephone Field,recover-20220922,001,1795
1131.0115,1131.0501,68437,82033,Rhinolophus ferrumequinum,0.033,0.033,-1,Echolocation,/mnt/ubna_data_02_mir/recover-20220922/UBNA_001/20220921_090000.WAV,Telephone Field,recover-20220922,001,1795
1131.0535,1131.0889,68437,81181,Rhinolophus ferrumequinum,0.021,0.021,-1,Echolocation,/mnt/ubna_data_02_mir/recover-20220922/UBNA_001/20220921_090000.WAV,Telephone Field,recover-20220922,001,1795
1131.0655,1131.1006,68437,80679,Rhinolophus ferrumequinum,0.03,0.03,-1,Echolocation,/mnt/ubna_data_02_mir/recover-20220922/UBNA_001/20220921_090000.WAV,Telephone Field,recover-20220922,001,1795
1131.0915,1131.0988,28046,38460,Eptesicus serotinus,0.006,0.021,-1,Echolocation,/mnt/ubna_data_02_mir/recover-20220922/UBNA_001/20220921_090000.WAV,Telephone Field,recover-20220922,001,1795
1131.1025,1131.1402,68437,81552,Rhinolophus ferrumequinum,0.021,0.021,-1,Echolocation,/mnt/ubna_data_02_mir/recover-20220922/UBNA_001/20220921_090000.WAV,Telephone Field,recover-20220922,001,1795
1131.1275,1131.1688,68437,82422,Rhinolophus ferrumequinum,0.03,0.03,-1,Echolocation,/mnt/ubna_data_02_mir/recover-20220922/UBNA_001/20220921_090000.WAV,Telephone Field,recover-20220922,001,1795
1131.1285,1131.1367,28046,38619,Eptesicus serotinus,0.007,0.023,-1,Echolocation,/mnt/ubna_data_02_mir/recover-20220922/UBNA_001/20220921_090000.WAV,Telephone Field,recover-20220922,001,1795
1131.1375,1131.147,28906,37914,Eptesicus serotinus,0.01,0.026,-1,Echolocation,/mnt/ubna_data_02_mir/recover-20220922/UBNA_001/20220921_090000.WAV,Telephone Field,recover-20220922,001,1795
1131.1905,1131.2325,68437,83201,Rhinolophus ferrumequinum,0.022,0.022,-1,Echolocation,/mnt/ubna_data_02_mir/recover-20220922/UBNA_001/20220921_090000.WAV,Telephone Field,recover-20220922,001,1795
1131.2105,1131.2503,68437,82319,Rhinolophus ferrumequinum,0.033,0.033,-1,Echolocation,/mnt/ubna_data_02_mir/recover-20220922/UBNA_001/20220921_090000.WAV,Telephone Field,recover-20220922,001,1795
1131.2185,1131.2293,44375,53299,Pipistrellus pipistrellus,0.015,0.025,-1,Echolocation,/mnt/ubna_data_02_mir/recover-20220922/UBNA_001/20220921_090000.WAV,Telephone Field,recover-20220922,001,1795
1131.2365,1131.2744,68437,81697,Rhinolophus ferrumequinum,0.023,0.023,-1,Echolocation,/mnt/ubna_data_02_mir/recover-20220922/UBNA_001/20220921_090000.WAV,Telephone Field,recover-20220922,001,1795
1131.2385,1131.2499,24609,31263,Nyctalus leisleri,0.012,0.029,-1,Echolocation,/mnt/ubna_data_02_mir/recover-20220922/UBNA_001/20220921_090000.WAV,Telephone Field,recover-20220922,001,1795
1131.2665,1131.2772,24609,31095,Nyctalus leisleri,0.012,0.029,-1,Echolocation,/mnt/ubna_data_02_mir/recover-20220922/UBNA_001/20220921_090000.WAV,Telephone Field,recover-20220922,001,1795
1131.2915,1131.2997,48671,53500,Pipistrellus pipistrellus,0.027,0.029,-1,Echolocation,/mnt/ubna_data_02_mir/recover-20220922/UBNA_001/20220921_090000.WAV,Telephone Field,recover-20220922,001,1795
1131.3285,1131.365,68437,81678,Rhinolophus ferrumequinum,0.025,0.025,-1,Echolocation,/mnt/ubna_data_02_mir/recover-20220922/UBNA_001/20220921_090000.WAV,Telephone Field,recover-20220922,001,1795
1131.3465,1131.3548,28046,38598,Eptesicus serotinus,0.01,0.027,-1,Echolocation,/mnt/ubna_data_02_mir/recover-20220922/UBNA_001/20220921_090000.WAV,Telephone Field,recover-20220922,001,1795
1131.3525,1131.3901,68437,82556,Rhinolophus ferrumequinum,0.022,0.022,-1,Echolocation,/mnt/ubna_data_02_mir/recover-20220922/UBNA_001/20220921_090000.WAV,Telephone Field,recover-20220922,001,1795
1131.3635,1131.4061,68437,82964,Rhinolophus ferrumequinum,0.023,0.023,-1,Echolocation,/mnt/ubna_data_02_mir/recover-20220922/UBNA_001/20220921_090000.WAV,Telephone Field,recover-20220922,001,1795
1131.3975,1131.4352,68437,81854,Rhinolophus ferrumequinum,0.021,0.021,-1,Echolocation,/mnt/ubna_data_02_mir/recover-20220922/UBNA_001/20220921_090000.WAV,Telephone Field,recover-20220922,001,1795
1131.4025,1131.4389,68437,81784,Rhinolophus ferrumequinum,0.021,0.021,-1,Echolocation,/mnt/ubna_data_02_mir/recover-20220922/UBNA_001/20220921_090000.WAV,Telephone Field,recover-20220922,001,1795
1131.4145,1131.4521,68437,82107,Rhinolophus ferrumequinum,0.025,0.025,-1,Echolocation,/mnt/ubna_data_02_mir/recover-20220922/UBNA_001/20220921_090000.WAV,Telephone Field,recover-20220922,001,1795
1131.4315,1131.4399,28906,37477,Eptesicus serotinus,0.008,0.023,-1,Echolocation,/mnt/ubna_data_02_mir/recover-20220922/UBNA_001/20220921_090000.WAV,Telephone Field,recover-20220922,001,1795
1131.4435,1131.4839,68437,82431,Rhinolophus ferrumequinum,0.022,0.022,-1,Echolocation,/mnt/ubna_data_02_mir/recover-20220922/UBNA_001/20220921_090000.WAV,Telephone Field,recover-20220922,001,1795
1131.4525,1131.4911,68437,81781,Rhinolophus ferrumequinum,0.022,0.022,-1,Echolocation,/mnt/ubna_data_02_mir/recover-20220922/UBNA_001/20220921_090000.WAV,Telephone Field,recover-20220922,001,1795
1131.4595,1131.4991,68437,82228,Rhinolophus ferrumequinum,0.021,0.021,-1,Echolocation,/mnt/ubna_data_02_mir/recover-20220922/UBNA_001/20220921_090000.WAV,Telephone Field,recover-20220922,001,1795
1131.4845,1131.5236,68437,81937,Rhinolophus ferrumequinum,0.023,0.024,-1,Echolocation,/mnt/ubna_data_02_mir/recover-20220922/UBNA_001/20220921_090000.WAV,Telephone Field,recover-20220922,001,1795
1131.5245,1131.5639,68437,82233,Rhinolophus ferrumequinum,0.023,0.023,-1,Echolocation,/mnt/ubna_data_02_mir/recover-20220922/UBNA_001/20220921_090000.WAV,Telephone Field,recover-20220922,001,1795
1131.5605,1131.5986,68437,81987,Rhinolophus ferrumequinum,0.021,0.021,-1,Echolocation,/mnt/ubna_data_02_mir/recover-20220922/UBNA_001/20220921_090000.WAV,Telephone Field,recover-20220922,001,1795
1131.5665,1131.6045,68437,81572,Rhinolophus ferrumequinum,0.021,0.021,-1,Echolocation,/mnt/ubna_data_02_mir/recover-20220922/UBNA_001/20220921_090000.WAV,Telephone Field,recover-20220922,001,1795
1131.5805,1131.62,68437,82154,Rhinolophus ferrumequinum,0.023,0.023,-1,Echolocation,/mnt/ubna_data_02_mir/recover-20220922/UBNA_001/20220921_090000.WAV,Telephone Field,recover-20220922,001,1795
1131.5965,1131.6032,24609,32785,Plecotus austriacus,0.01,0.024,-1,Echolocation,/mnt/ubna_data_02_mir/recover-20220922/UBNA_001/20220921_090000.WAV,Telephone Field,recover-20220922,001,1795
1131.6035,1131.6109,28906,39573,Eptesicus serotinus,0.007,0.022,-1,Echolocation,/mnt/ubna_data_02_mir/recover-20220922/UBNA_001/20220921_090000.WAV,Telephone Field,recover-20220922,001,1795
1131.6675,1131.7037,68437,81194,Rhinolophus ferrumequinum,0.022,0.022,-1,Echolocation,/mnt/ubna_data_02_mir/recover-20220922/UBNA_001/20220921_090000.WAV,Telephone Field,recover-20220922,001,1795
1131.6915,1131.7311,68437,82460,Rhinolophus ferrumequinum,0.023,0.023,-1,Echolocation,/mnt/ubna_data_02_mir/recover-20220922/UBNA_001/20220921_090000.WAV,Telephone Field,recover-20220922,001,1795
1131.7055,1131.7174,23750,29244,Nyctalus leisleri,0.014,0.03,-1,Echolocation,/mnt/ubna_data_02_mir/recover-20220922/UBNA_001/20220921_090000.WAV,Telephone Field,recover-20220922,001,1795
1131.7485,1131.7906,68437,82184,Rhinolophus ferrumequinum,0.029,0.029,-1,Echolocation,/mnt/ubna_data_02_mir/recover-20220922/UBNA_001/20220921_090000.WAV,Telephone Field,recover-20220922,001,1795
1131.7955,1131.8359,68437,82780,Rhinolophus ferrumequinum,0.027,0.027,-1,Echolocation,/mnt/ubna_data_02_mir/recover-20220922/UBNA_001/20220921_090000.WAV,Telephone Field,recover-20220922,001,1795
1131.8345,1131.8733,68437,82485,Rhinolophus ferrumequinum,0.023,0.023,-1,Echolocation,/mnt/ubna_data_02_mir/recover-20220922/UBNA_001/20220921_090000.WAV,Telephone Field,recover-20220922,001,1795
1131.8665,1131.8757,28046,38071,Eptesicus serotinus,0.008,0.023,-1,Echolocation,/mnt/ubna_data_02_mir/recover-20220922/UBNA_001/20220921_090000.WAV,Telephone Field,recover-20220922,001,1795
1131.9025,1131.9416,68437,81326,Rhinolophus ferrumequinum,0.022,0.022,-1,Echolocation,/mnt/ubna_data_02_mir/recover-20220922/UBNA_001/20220921_090000.WAV,Telephone Field,recover-20220922,001,1795
1131.9085,1131.9152,28046,39388,Eptesicus serotinus,0.006,0.022,-1,Echolocation,/mnt/ubna_data_02_mir/recover-20220922/UBNA_001/20220921_090000.WAV,Telephone Field,recover-20220922,001,1795
1131.9185,1131.9561,68437,82465,Rhinolophus ferrumequinum,0.022,0.022,-1,Echolocation,/mnt/ubna_data_02_mir/recover-20220922/UBNA_001/20220921_090000.WAV,Telephone Field,recover-20220922,001,1795
1131.9565,1131.9641,28046,37647,Eptesicus serotinus,0.006,0.021,-1,Echolocation,/mnt/ubna_data_02_mir/recover-20220922/UBNA_001/20220921_090000.WAV,Telephone Field,recover-20220922,001,1795
1132.0015,1132.0347,69296,80792,Rhinolophus ferrumequinum,0.026,0.026,-1,Echolocation,/mnt/ubna_data_02_mir/recover-20220922/UBNA_001/20220921_090000.WAV,Telephone Field,recover-20220922,001,1795
1132.0015,1132.0109,22031,27911,Nyctalus leisleri,0.013,0.035,-1,Echolocation,/mnt/ubna_data_02_mir/recover-20220922/UBNA_001/20220921_090000.WAV,Telephone Field,recover-20220922,001,1795
1132.0105,1132.05,68437,81992,Rhinolophus ferrumequinum,0.027,0.027,-1,Echolocation,/mnt/ubna_data_02_mir/recover-20220922/UBNA_001/20220921_090000.WAV,Telephone Field,recover-20220922,001,1795
1132.0145,1132.0221,30625,45479,Myotis daubentonii,0.011,0.023,-1,Echolocation,/mnt/ubna_data_02_mir/recover-20220922/UBNA_001/20220921_090000.WAV,Telephone Field,recover-20220922,001,1795
1132.0285,1132.0655,68437,81882,Rhinolophus ferrumequinum,0.023,0.023,-1,Echolocation,/mnt/ubna_data_02_mir/recover-20220922/UBNA_001/20220921_090000.WAV,Telephone Field,recover-20220922,001,1795
1132.0425,1132.0508,28906,37543,Eptesicus serotinus,0.009,0.023,-1,Echolocation,/mnt/ubna_data_02_mir/recover-20220922/UBNA_001/20220921_090000.WAV,Telephone Field,recover-20220922,001,1795
1132.0695,1132.0779,27187,36478,Eptesicus serotinus,0.017,0.035,-1,Echolocation,/mnt/ubna_data_02_mir/recover-20220922/UBNA_001/20220921_090000.WAV,Telephone Field,recover-20220922,001,1795
1132.0975,1132.1344,68437,82412,Rhinolophus ferrumequinum,0.022,0.022,-1,Echolocation,/mnt/ubna_data_02_mir/recover-20220922/UBNA_001/20220921_090000.WAV,Telephone Field,recover-20220922,001,1795
1132.1055,1132.113,28906,40987,Eptesicus serotinus,0.007,0.023,-1,Echolocation,/mnt/ubna_data_02_mir/recover-20220922/UBNA_001/20220921_090000.WAV,Telephone Field,recover-20220922,001,1795
1132.1235,1132.1671,68437,83096,Rhinolophus ferrumequinum,0.038,0.038,-1,Echolocation,/mnt/ubna_data_02_mir/recover-20220922/UBNA_001/20220921_090000.WAV,Telephone Field,recover-20220922,001,1795
1132.1675,1132.2041,68437,81687,Rhinolophus ferrumequinum,0.021,0.021,-1,Echolocation,/mnt/ubna_data_02_mir/recover-20220922/UBNA_001/20220921_090000.WAV,Telephone Field,recover-20220922,001,1795
1132.1895,1132.1998,29765,41613,Eptesicus serotinus,0.01,0.024,-1,Echolocation,/mnt/ubna_data_02_mir/recover-20220922/UBNA_001/20220921_090000.WAV,Telephone Field,recover-20220922,001,1795
1132.1955,1132.232,68437,81599,Rhinolophus ferrumequinum,0.023,0.023,-1,Echolocation,/mnt/ubna_data_02_mir/recover-20220922/UBNA_001/20220921_090000.WAV,Telephone Field,recover-20220922,001,1795
1132.1975,1132.2084,28046,36976,Eptesicus serotinus,0.013,0.027,-1,Echolocation,/mnt/ubna_data_02_mir/recover-20220922/UBNA_001/20220921_090000.WAV,Telephone Field,recover-20220922,001,1795
1132.2385,1132.2759,68437,82222,Rhinolophus ferrumequinum,0.027,0.027,-1,Echolocation,/mnt/ubna_data_02_mir/recover-20220922/UBNA_001/20220921_090000.WAV,Telephone Field,recover-20220922,001,1795
1132.2565,1132.2897,68437,81188,Rhinolophus ferrumequinum,0.021,0.021,-1,Echolocation,/mnt/ubna_data_02_mir/recover-20220922/UBNA_001/20220921_090000.WAV,Telephone Field,recover-20220922,001,1795
1132.2715,1132.3076,68437,81439,Rhinolophus ferrumequinum,0.022,0.022,-1,Echolocation,/mnt/ubna_data_02_mir/recover-20220922/UBNA_001/20220921_090000.WAV,Telephone Field,recover-20220922,001,1795
1132.2805,1132.2899,23750,30979,Nyctalus leisleri,0.008,0.027,-1,Echolocation,/mnt/ubna_data_02_mir/recover-20220922/UBNA_001/20220921_090000.WAV,Telephone Field,recover-20220922,001,1795
1132.3035,1132.3403,68437,81431,Rhinolophus ferrumequinum,0.023,0.023,-1,Echolocation,/mnt/ubna_data_02_mir/recover-20220922/UBNA_001/20220921_090000.WAV,Telephone Field,recover-20220922,001,1795
1132.3505,1132.388,68437,81946,Rhinolophus ferrumequinum,0.021,0.021,-1,Echolocation,/mnt/ubna_data_02_mir/recover-20220922/UBNA_001/20220921_090000.WAV,Telephone Field,recover-20220922,001,1795
1132.3705,1132.3792,28906,37747,Eptesicus serotinus,0.009,0.027,-1,Echolocation,/mnt/ubna_data_02_mir/recover-20220922/UBNA_001/20220921_090000.WAV,Telephone Field,recover-20220922,001,1795
1132.3725,1132.381,22031,28643,Plecotus austriacus,0.009,0.021,-1,Echolocation,/mnt/ubna_data_02_mir/recover-20220922/UBNA_001/20220921_090000.WAV,Telephone Field,recover-20220922,001,1795
1132.3935,1132.4291,68437,81638,Rhinolophus ferrumequinum,0.021,0.021,-1,Echolocation,/mnt/ubna_data_02_mir/recover-20220922/UBNA_001/20220921_090000.WAV,Telephone Field,recover-20220922,001,1795
1132.4115,1132.4212,22890,27788,Nyctalus leisleri,0.009,0.021,-1,Echolocation,/mnt/ubna_data_02_mir/recover-20220922/UBNA_001/20220921_090000.WAV,Telephone Field,recover-20220922,001,1795
1132.4185,1132.4581,68437,81856,Rhinolophus ferrumequinum,0.021,0.022,-1,Echolocation,/mnt/ubna_data_02_mir/recover-20220922/UBNA_001/20220921_090000.WAV,Telephone Field,recover-20220922,001,1795
1132.4315,1132.4717,68437,82906,Rhinolophus ferrumequinum,0.031,0.031,-1,Echolocation,/mnt/ubna_data_02_mir/recover-20220922/UBNA_001/20220921_090000.WAV,Telephone Field,recover-20220922,001,1795
1132.4455,1132.4548,23750,30867,Nyctalus leisleri,0.007,0.022,-1,Echolocation,/mnt/ubna_data_02_mir/recover-20220922/UBNA_001/20220921_090000.WAV,Telephone Field,recover-20220922,001,1795
1132.4665,1132.5022,68437,81940,Rhinolophus ferrumequinum,0.021,0.021,-1,Echolocation,/mnt/ubna_data_02_mir/recover-20220922/UBNA_001/20220921_090000.WAV,Telephone Field,recover-20220922,001,1795
1132.5075,1132.5152,28046,40030,Eptesicus serotinus,0.007,0.023,-1,Echolocation,/mnt/ubna_data_02_mir/recover-20220922/UBNA_001/20220921_090000.WAV,Telephone Field,recover-20220922,001,1795
1132.5145,1132.5554,68437,82891,Rhinolophus ferrumequinum,0.029,0.029,-1,Echolocation,/mnt/ubna_data_02_mir/recover-20220922/UBNA_001/20220921_090000.WAV,Telephone Field,recover-20220922,001,1795
1132.5455,1132.5859,68437,82604,Rhinolophus ferrumequinum,0.034,0.034,-1,Echolocation,/mnt/ubna_data_02_mir/recover-20220922/UBNA_001/20220921_090000.WAV,Telephone Field,recover-20220922,001,1795
1132.5985,1132.637,68437,81758,Rhinolophus ferrumequinum,0.021,0.021,-1,Echolocation,/mnt/ubna_data_02_mir/recover-20220922/UBNA_001/20220921_090000.WAV,Telephone Field,recover-20220922,001,1795
1132.6035,1132.6436,68437,81860,Rhinolophus ferrumequinum,0.021,0.021,-1,Echolocation,/mnt/ubna_data_02_mir/recover-20220922/UBNA_001/20220921_090000.WAV,Telephone Field,recover-20220922,001,1795
1132.6145,1132.6551,68437,82626,Rhinolophus ferrumequinum,0.028,0.028,-1,Echolocation,/mnt/ubna_data_02_mir/recover-20220922/UBNA_001/20220921_090000.WAV,Telephone Field,recover-20220922,001,1795
1132.6385,1132.6775,68437,82223,Rhinolophus ferrumequinum,0.022,0.022,-1,Echolocation,/mnt/ubna_data_02_mir/recover-20220922/UBNA_001/20220921_090000.WAV,Telephone Field,recover-20220922,001,1795
1132.6425,1132.6525,22890,29312,Nyctalus leisleri,0.009,0.023,-1,Echolocation,/mnt/ubna_data_02_mir/recover-20220922/UBNA_001/20220921_090000.WAV,Telephone Field,recover-20220922,001,1795
1132.6825,1132.7227,68437,82231,Rhinolophus ferrumequinum,0.025,0.025,-1,Echolocation,/mnt/ubna_data_02_mir/recover-20220922/UBNA_001/20220921_090000.WAV,Telephone Field,recover-20220922,001,1795
1132.6965,1132.7408,68437,83295,Rhinolophus ferrumequinum,0.042,0.042,-1,Echolocation,/mnt/ubna_data_02_mir/recover-20220922/UBNA_001/20220921_090000.WAV,Telephone Field,recover-20220922,001,1795
1132.7015,1132.7111,22890,28709,Nyctalus leisleri,0.008,0.021,-1,Echolocation,/mnt/ubna_data_02_mir/recover-20220922/UBNA_001/20220921_090000.WAV,Telephone Field,recover-20220922,001,1795
1132.7125,1132.7504,68437,82874,Rhinolophus ferrumequinum,0.023,0.023,-1,Echolocation,/mnt/ubna_data_02_mir/recover-20220922/UBNA_001/20220921_090000.WAV,Telephone Field,recover-20220922,001,1795
1132.7255,1132.7349,29765,40025,Eptesicus serotinus,0.008,0.023,-1,Echolocation,/mnt/ubna_data_02_mir/recover-20220922/UBNA_001/20220921_090000.WAV,Telephone Field,recover-20220922,001,1795
1132.7275,1132.7646,68437,81904,Rhinolophus ferrumequinum,0.023,0.023,-1,Echolocation,/mnt/ubna_data_02_mir/recover-20220922/UBNA_001/20220921_090000.WAV,Telephone Field,recover-20220922,001,1795
1132.7465,1132.7882,68437,83166,Rhinolophus ferrumequinum,0.027,0.027,-1,Echolocation,/mnt/ubna_data_02_mir/recover-20220922/UBNA_001/20220921_090000.WAV,Telephone Field,recover-20220922,001,1795
1132.7555,1132.7936,68437,82549,Rhinolophus ferrumequinum,0.021,0.021,-1,Echolocation,/mnt/ubna_data_02_mir/recover-20220922/UBNA_001/20220921_090000.WAV,Telephone Field,recover-20220922,001,1795
1132.7725,1132.782,26328,34344,Eptesicus serotinus,0.01,0.022,-1,Echolocation,/mnt/ubna_data_02_mir/recover-20220922/UBNA_001/20220921_090000.WAV,Telephone Field,recover-20220922,001,1795
1132.7785,1132.7887,28046,36442,Eptesicus serotinus,0.01,0.022,-1,Echolocation,/mnt/ubna_data_02_mir/recover-20220922/UBNA_001/20220921_090000.WAV,Telephone Field,recover-20220922,001,1795
1132.7845,1132.8258,68437,83091,Rhinolophus ferrumequinum,0.035,0.035,-1,Echolocation,/mnt/ubna_data_02_mir/recover-20220922/UBNA_001/20220921_090000.WAV,Telephone Field,recover-20220922,001,1795
1132.8025,1132.8122,28906,36240,Eptesicus serotinus,0.008,0.021,-1,Echolocation,/mnt/ubna_data_02_mir/recover-20220922/UBNA_001/20220921_090000.WAV,Telephone Field,recover-20220922,001,1795
1132.8255,1132.8669,68437,82850,Rhinolophus ferrumequinum,0.029,0.029,-1,Echolocation,/mnt/ubna_data_02_mir/recover-20220922/UBNA_001/20220921_090000.WAV,Telephone Field,recover-20220922,001,1795
1132.8595,1132.9002,68437,82679,Rhinolophus ferrumequinum,0.033,0.033,-1,Echolocation,/mnt/ubna_data_02_mir/recover-20220922/UBNA_001/20220921_090000.WAV,Telephone Field,recover-20220922,001,1795
1132.8825,1132.9192,68437,82204,Rhinolophus ferrumequinum,0.022,0.022,-1,Echolocation,/mnt/ubna_data_02_mir/recover-20220922/UBNA_001/20220921_090000.WAV,Telephone Field,recover-20220922,001,1795
1132.9035,1132.94,68437,81608,Rhinolophus ferrumequinum,0.021,0.021,-1,Echolocation,/mnt/ubna_data_02_mir/recover-20220922/UBNA_001/20220921_090000.WAV,Telephone Field,recover-20220922,001,1795
1132.9035,1132.9133,28046,38843,Eptesicus serotinus,0.012,0.028,-1,Echolocation,/mnt/ubna_data_02_mir/recover-20220922/UBNA_001/20220921_090000.WAV,Telephone Field,recover-20220922,001,1795
1132.9125,1132.9229,22890,28828,Nyctalus leisleri,0.01,0.024,-1,Echolocation,/mnt/ubna_data_02_mir/recover-20220922/UBNA_001/20220921_090000.WAV,Telephone Field,recover-20220922,001,1795
1132.9335,1132.9417,28046,38879,Eptesicus serotinus,0.008,0.022,-1,Echolocation,/mnt/ubna_data_02_mir/recover-20220922/UBNA_001/20220921_090000.WAV,Telephone Field,recover-20220922,001,1795
1132.9495,1132.987,68437,81952,Rhinolophus ferrumequinum,0.024,0.024,-1,Echolocation,/mnt/ubna_data_02_mir/recover-20220922/UBNA_001/20220921_090000.WAV,Telephone Field,recover-20220922,001,1795
1132.9675,1132.9772,24609,31298,Nyctalus leisleri,0.008,0.023,-1,Echolocation,/mnt/ubna_data_02_mir/recover-20220922/UBNA_001/20220921_090000.WAV,Telephone Field,recover-20220922,001,1795
1132.9705,1133.0085,68437,81947,Rhinolophus ferrumequinum,0.021,0.021,-1,Echolocation,/mnt/ubna_data_02_mir/recover-20220922/UBNA_001/20220921_090000.WAV,Telephone Field,recover-20220922,001,1795
1132.9925,1133.0325,68437,82702,Rhinolophus ferrumequinum,0.024,0.024,-1,Echolocation,/mnt/ubna_data_02_mir/recover-20220922/UBNA_001/20220921_090000.WAV,Telephone Field,recover-20220922,001,1795
1133.0205,1133.0598,68437,82490,Rhinolophus ferrumequinum,0.023,0.023,-1,Echolocation,/mnt/ubna_data_02_mir/recover-20220922/UBNA_001/20220921_090000.WAV,Telephone Field,recover-20220922,001,1795
1133.0285,1133.0694,68437,83104,Rhinolophus ferrumequinum,0.038,0.038,-1,Echolocation,/mnt/ubna_data_02_mir/recover-20220922/UBNA_001/20220921_090000.WAV,Telephone Field,recover-20220922,001,1795
1133.0765,1133.0862,28906,36633,Eptesicus serotinus,0.008,0.021,-1,Echolocation,/mnt/ubna_data_02_mir/recover-20220922/UBNA_001/20220921_090000.WAV,Telephone Field,recover-20220922,001,1795
1133.0905,1133.1283,68437,81310,Rhinolophus ferrumequinum,0.022,0.022,-1,Echolocation,/mnt/ubna_data_02_mir/recover-20220922/UBNA_001/20220921_090000.WAV,Telephone Field,recover-20220922,001,1795
1133.1725,1133.2119,68437,82086,Rhinolophus ferrumequinum,0.028,0.028,-1,Echolocation,/mnt/ubna_data_02_mir/recover-20220922/UBNA_001/20220921_090000.WAV,Telephone Field,recover-20220922,001,1795
1133.2195,1133.228,27187,40543,Eptesicus serotinus,0.008,0.022,-1,Echolocation,/mnt/ubna_data_02_mir/recover-20220922/UBNA_001/20220921_090000.WAV,Telephone Field,recover-20220922,001,1795
1133.2645,1133.302,68437,82318,Rhinolophus ferrumequinum,0.022,0.022,-1,Echolocation,/mnt/ubna_data_02_mir/recover-20220922/UBNA_001/20220921_090000.WAV,Telephone Field,recover-20220922,001,1795
1133.2695,1133.2768,24609,33539,Plecotus austriacus,0.007,0.022,-1,Echolocation,/mnt/ubna_data_02_mir/recover-20220922/UBNA_001/20220921_090000.WAV,Telephone Field,recover-20220922,001,1795
1133.3065,1133.3469,68437,83036,Rhinolophus ferrumequinum,0.027,0.027,-1,Echolocation,/mnt/ubna_data_02_mir/recover-20220922/UBNA_001/20220921_090000.WAV,Telephone Field,recover-20220922,001,1795
1133.3105,1133.3177,23750,32106,Plecotus austriacus,0.009,0.021,-1,Echolocation,/mnt/ubna_data_02_mir/recover-20220922/UBNA_001/20220921_090000.WAV,Telephone Field,recover-20220922,001,1795
1133.3225,1133.3628,68437,83329,Rhinolophus ferrumequinum,0.028,0.028,-1,Echolocation,/mnt/ubna_data_02_mir/recover-20220922/UBNA_001/20220921_090000.WAV,Telephone Field,recover-20220922,001,1795
1133.3295,1133.3395,27187,36217,Eptesicus serotinus,0.012,0.025,-1,Echolocation,/mnt/ubna_data_02_mir/recover-20220922/UBNA_001/20220921_090000.WAV,Telephone Field,recover-20220922,001,1795
1133.3445,1133.38,68437,81290,Rhinolophus ferrumequinum,0.024,0.024,-1,Echolocation,/mnt/ubna_data_02_mir/recover-20220922/UBNA_001/20220921_090000.WAV,Telephone Field,recover-20220922,001,1795
1133.3575,1133.3663,22031,30239,Plecotus austriacus,0.038,0.081,-1,Echolocation,/mnt/ubna_data_02_mir/recover-20220922/UBNA_001/20220921_090000.WAV,Telephone Field,recover-20220922,001,1795
1133.3645,1133.4017,68437,81292,Rhinolophus ferrumequinum,0.025,0.025,-1,Echolocation,/mnt/ubna_data_02_mir/recover-20220922/UBNA_001/20220921_090000.WAV,Telephone Field,recover-20220922,001,1795
1133.4065,1133.4444,68437,81853,Rhinolophus ferrumequinum,0.024,0.024,-1,Echolocation,/mnt/ubna_data_02_mir/recover-20220922/UBNA_001/20220921_090000.WAV,Telephone Field,recover-20220922,001,1795
1133.4295,1133.4671,68437,81994,Rhinolophus ferrumequinum,0.025,0.025,-1,Echolocation,/mnt/ubna_data_02_mir/recover-20220922/UBNA_001/20220921_090000.WAV,Telephone Field,recover-20220922,001,1795
1133.4765,1133.489,22031,26314,Nyctalus leisleri,0.012,0.021,-1,Echolocation,/mnt/ubna_data_02_mir/recover-20220922/UBNA_001/20220921_090000.WAV,Telephone Field,recover-20220922,001,1795
1133.4975,1133.5054,27187,41496,Eptesicus serotinus,0.008,0.022,-1,Echolocation,/mnt/ubna_data_02_mir/recover-20220922/UBNA_001/20220921_090000.WAV,Telephone Field,recover-20220922,001,1795
1133.5035,1133.5118,32343,40571,Myotis daubentonii,0.008,0.024,-1,Echolocation,/mnt/ubna_data_02_mir/recover-20220922/UBNA_001/20220921_090000.WAV,Telephone Field,recover-20220922,001,1795
1133.5265,1133.5647,68437,82048,Rhinolophus ferrumequinum,0.022,0.022,-1,Echolocation,/mnt/ubna_data_02_mir/recover-20220922/UBNA_001/20220921_090000.WAV,Telephone Field,recover-20220922,001,1795
1133.5455,1133.5864,68437,82252,Rhinolophus ferrumequinum,0.05,0.05,-1,Echolocation,/mnt/ubna_data_02_mir/recover-20220922/UBNA_001/20220921_090000.WAV,Telephone Field,recover-20220922,001,1795
1133.5515,1133.559,24609,33334,Plecotus austriacus,0.012,0.03,-1,Echolocation,/mnt/ubna_data_02_mir/recover-20220922/UBNA_001/20220921_090000.WAV,Telephone Field,recover-20220922,001,1795
1133.5845,1133.6238,68437,81963,Rhinolophus ferrumequinum,0.039,0.039,-1,Echolocation,/mnt/ubna_data_02_mir/recover-20220922/UBNA_001/20220921_090000.WAV,Telephone Field,recover-20220922,001,1795
1133.6485,1133.6869,68437,82182,Rhinolophus ferrumequinum,0.029,0.029,-1,Echolocation,/mnt/ubna_data_02_mir/recover-20220922/UBNA_001/20220921_090000.WAV,Telephone Field,recover-20220922,001,1795
1133.6495,1133.6578,28046,40632,Eptesicus serotinus,0.008,0.022,-1,Echolocation,/mnt/ubna_data_02_mir/recover-20220922/UBNA_001/20220921_090000.WAV,Telephone Field,recover-20220922,001,1795
1133.6595,1133.7026,68437,83125,Rhinolophus ferrumequinum,0.029,0.029,-1,Echolocation,/mnt/ubna_data_02_mir/recover-20220922/UBNA_001/20220921_090000.WAV,Telephone Field,recover-20220922,001,1795
1133.6875,1133.6969,27187,35980,Eptesicus serotinus,0.012,0.026,-1,Echolocation,/mnt/ubna_data_02_mir/recover-20220922/UBNA_001/20220921_090000.WAV,Telephone Field,recover-20220922,001,1795
1133.6895,1133.7265,68437,80618,Rhinolophus ferrumequinum,0.029,0.029,-1,Echolocation,/mnt/ubna_data_02_mir/recover-20220922/UBNA_001/20220921_090000.WAV,Telephone Field,recover-20220922,001,1795
1133.7075,1133.7198,22031,25848,Nyctalus leisleri,0.014,0.022,-1,Echolocation,/mnt/ubna_data_02_mir/recover-20220922/UBNA_001/20220921_090000.WAV,Telephone Field,recover-20220922,001,1795
1133.7185,1133.7557,68437,81828,Rhinolophus ferrumequinum,0.023,0.023,-1,Echolocation,/mnt/ubna_data_02_mir/recover-20220922/UBNA_001/20220921_090000.WAV,Telephone Field,recover-20220922,001,1795
1133.7495,1133.7614,28906,36175,Eptesicus serotinus,0.015,0.027,-1,Echolocation,/mnt/ubna_data_02_mir/recover-20220922/UBNA_001/20220921_090000.WAV,Telephone Field,recover-20220922,001,1795
1133.7595,1133.7987,68437,82552,Rhinolophus ferrumequinum,0.026,0.026,-1,Echolocation,/mnt/ubna_data_02_mir/recover-20220922/UBNA_001/20220921_090000.WAV,Telephone Field,recover-20220922,001,1795
1133.7665,1133.7752,28046,37046,Eptesicus serotinus,0.011,0.026,-1,Echolocation,/mnt/ubna_data_02_mir/recover-20220922/UBNA_001/20220921_090000.WAV,Telephone Field,recover-20220922,001,1795
1133.7855,1133.8269,68437,83145,Rhinolophus ferrumequinum,0.043,0.043,-1,Echolocation,/mnt/ubna_data_02_mir/recover-20220922/UBNA_001/20220921_090000.WAV,Telephone Field,recover-20220922,001,1795
1133.7915,1133.8006,28906,41218,Eptesicus serotinus,0.008,0.023,-1,Echolocation,/mnt/ubna_data_02_mir/recover-20220922/UBNA_001/20220921_090000.WAV,Telephone Field,recover-20220922,001,1795
1133.8055,1133.8144,28906,36199,Eptesicus serotinus,0.007,0.021,-1,Echolocation,/mnt/ubna_data_02_mir/recover-20220922/UBNA_001/20220921_090000.WAV,Telephone Field,recover-20220922,001,1795
1133.8255,1133.8642,68437,81462,Rhinolophus ferrumequinum,0.026,0.026,-1,Echolocation,/mnt/ubna_data_02_mir/recover-20220922/UBNA_001/20220921_090000.WAV,Telephone Field,recover-20220922,001,1795
1133.8445,1133.8562,23750,28932,Nyctalus leisleri,0.012,0.025,-1,Echolocation,/mnt/ubna_data_02_mir/recover-20220922/UBNA_001/20220921_090000.WAV,Telephone Field,recover-20220922,001,1795
1133.8575,1133.9041,68437,83801,Rhinolophus ferrumequinum,0.049,0.049,-1,Echolocation,/mnt/ubna_data_02_mir/recover-20220922/UBNA_001/20220921_090000.WAV,Telephone Field,recover-20220922,001,1795
1133.8825,1133.9209,68437,82032,Rhinolophus ferrumequinum,0.021,0.021,-1,Echolocation,/mnt/ubna_data_02_mir/recover-20220922/UBNA_001/20220921_090000.WAV,Telephone Field,recover-20220922,001,1795
1133.8875,1133.8957,28046,40247,Eptesicus serotinus,0.007,0.021,-1,Echolocation,/mnt/ubna_data_02_mir/recover-20220922/UBNA_001/20220921_090000.WAV,Telephone Field,recover-20220922,001,1795
1133.9075,1133.9155,28906,37230,Eptesicus serotinus,0.007,0.021,-1,Echolocation,/mnt/ubna_data_02_mir/recover-20220922/UBNA_001/20220921_090000.WAV,Telephone Field,recover-20220922,001,1795
1133.9305,1133.9733,68437,83264,Rhinolophus ferrumequinum,0.041,0.041,-1,Echolocation,/mnt/ubna_data_02_mir/recover-20220922/UBNA_001/20220921_090000.WAV,Telephone Field,recover-20220922,001,1795
1133.9565,1133.9657,28906,37450,Eptesicus serotinus,0.027,0.048,-1,Echolocation,/mnt/ubna_data_02_mir/recover-20220922/UBNA_001/20220921_090000.WAV,Telephone Field,recover-20220922,001,1795
1134.0015,1134.0106,22890,30323,Nyctalus leisleri,0.01,0.031,-1,Echolocation,/mnt/ubna_data_02_mir/recover-20220922/UBNA_001/20220921_090000.WAV,Telephone Field,recover-20220922,001,1795
1134.0085,1134.047,68437,81325,Rhinolophus ferrumequinum,0.023,0.023,-1,Echolocation,/mnt/ubna_data_02_mir/recover-20220922/UBNA_001/20220921_090000.WAV,Telephone Field,recover-20220922,001,1795
1134.0185,1134.0265,23750,32268,Plecotus austriacus,0.014,0.029,-1,Echolocation,/mnt/ubna_data_02_mir/recover-20220922/UBNA_001/20220921_090000.WAV,Telephone Field,recover-20220922,001,1795
1134.0195,1134.0267,29765,38179,Eptesicus serotinus,0.007,0.027,-1,Echolocation,/mnt/ubna_data_02_mir/recover-20220922/UBNA_001/20220921_090000.WAV,Telephone Field,recover-20220922,001,1795
1134.0425,1134.0818,68437,81519,Rhinolophus ferrumequinum,0.022,0.022,-1,Echolocation,/mnt/ubna_data_02_mir/recover-20220922/UBNA_001/20220921_090000.WAV,Telephone Field,recover-20220922,001,1795
1134.0605,1134.0702,28906,37386,Eptesicus serotinus,0.01,0.024,-1,Echolocation,/mnt/ubna_data_02_mir/recover-20220922/UBNA_001/20220921_090000.WAV,Telephone Field,recover-20220922,001,1795
1134.0745,1134.0855999999999,26328,33073,Eptesicus serotinus,0.015,0.037,-1,Echolocation,/mnt/ubna_data_02_mir/recover-20220922/UBNA_001/20220921_090000.WAV,Telephone Field,recover-20220922,001,1795
1134.0865,1134.1244,68437,82637,Rhinolophus ferrumequinum,0.03,0.03,-1,Echolocation,/mnt/ubna_data_02_mir/recover-20220922/UBNA_001/20220921_090000.WAV,Telephone Field,recover-20220922,001,1795
1134.0955,1134.1346,68437,82164,Rhinolophus ferrumequinum,0.026,0.026,-1,Echolocation,/mnt/ubna_data_02_mir/recover-20220922/UBNA_001/20220921_090000.WAV,Telephone Field,recover-20220922,001,1795
1134.1215,1134.1612,68437,82406,Rhinolophus ferrumequinum,0.024,0.024,-1,Echolocation,/mnt/ubna_data_02_mir/recover-20220922/UBNA_001/20220921_090000.WAV,Telephone Field,recover-20220922,001,1795
1134.1355,1134.1735,68437,81517,Rhinolophus ferrumequinum,0.025,0.025,-1,Echolocation,/mnt/ubna_data_02_mir/recover-20220922/UBNA_001/20220921_090000.WAV,Telephone Field,recover-20220922,001,1795
1134.1615,1134.1966,68437,81365,Rhinolophus ferrumequinum,0.022,0.022,-1,Echolocation,/mnt/ubna_data_02_mir/recover-20220922/UBNA_001/20220921_090000.WAV,Telephone Field,recover-20220922,001,1795
1134.2055,1134.2449,68437,82441,Rhinolophus ferrumequinum,0.026,0.026,-1,Echolocation,/mnt/ubna_data_02_mir/recover-20220922/UBNA_001/20220921_090000.WAV,Telephone Field,recover-20220922,001,1795
1134.2105,1134.2215,23750,29414,Nyctalus leisleri,0.017,0.035,-1,Echolocation,/mnt/ubna_data_02_mir/recover-20220922/UBNA_001/20220921_090000.WAV,Telephone Field,recover-20220922,001,1795
1134.2215,1134.2612,68437,82705,Rhinolophus ferrumequinum,0.024,0.024,-1,Echolocation,/mnt/ubna_data_02_mir/recover-20220922/UBNA_001/20220921_090000.WAV,Telephone Field,recover-20220922,001,1795
1134.2395,1134.2452,34062,44097,Myotis daubentonii,0.009,0.025,-1,Echolocation,/mnt/ubna_data_02_mir/recover-20220922/UBNA_001/20220921_090000.WAV,Telephone Field,recover-20220922,001,1795
1134.2405,1134.2766,68437,81688,Rhinolophus ferrumequinum,0.022,0.022,-1,Echolocation,/mnt/ubna_data_02_mir/recover-20220922/UBNA_001/20220921_090000.WAV,Telephone Field,recover-20220922,001,1795
1134.2405,1134.2484,25468,36160,Plecotus austriacus,0.009,0.036,-1,Echolocation,/mnt/ubna_data_02_mir/recover-20220922/UBNA_001/20220921_090000.WAV,Telephone Field,recover-20220922,001,1795
1134.2765,1134.2871,28906,36800,Eptesicus serotinus,0.026,0.044,-1,Echolocation,/mnt/ubna_data_02_mir/recover-20220922/UBNA_001/20220921_090000.WAV,Telephone Field,recover-20220922,001,1795
1134.2805,1134.3223,68437,82919,Rhinolophus ferrumequinum,0.031,0.031,-1,Echolocation,/mnt/ubna_data_02_mir/recover-20220922/UBNA_001/20220921_090000.WAV,Telephone Field,recover-20220922,001,1795
1134.3075,1134.3467,68437,82158,Rhinolophus ferrumequinum,0.022,0.023,-1,Echolocation,/mnt/ubna_data_02_mir/recover-20220922/UBNA_001/20220921_090000.WAV,Telephone Field,recover-20220922,001,1795
1134.3445,1134.3516,28046,38416,Eptesicus serotinus,0.009,0.026,-1,Echolocation,/mnt/ubna_data_02_mir/recover-20220922/UBNA_001/20220921_090000.WAV,Telephone Field,recover-20220922,001,1795
1134.3735,1134.384,23750,29920,Nyctalus leisleri,0.009,0.023,-1,Echolocation,/mnt/ubna_data_02_mir/recover-20220922/UBNA_001/20220921_090000.WAV,Telephone Field,recover-20220922,001,1795
1134.3915,1134.4296,68437,81898,Rhinolophus ferrumequinum,0.024,0.024,-1,Echolocation,/mnt/ubna_data_02_mir/recover-20220922/UBNA_001/20220921_090000.WAV,Telephone Field,recover-20220922,001,1795
1134.4035,1134.4469,68437,83163,Rhinolophus ferrumequinum,0.028,0.028,-1,Echolocation,/mnt/ubna_data_02_mir/recover-20220922/UBNA_001/20220921_090000.WAV,Telephone Field,recover-20220922,001,1795
1134.4535,1134.4926,68437,82740,Rhinolophus ferrumequinum,0.026,0.027,-1,Echolocation,/mnt/ubna_data_02_mir/recover-20220922/UBNA_001/20220921_090000.WAV,Telephone Field,recover-20220922,001,1795
1134.4545,1134.4639,25468,33667,Eptesicus serotinus,0.009,0.023,-1,Echolocation,/mnt/ubna_data_02_mir/recover-20220922/UBNA_001/20220921_090000.WAV,Telephone Field,recover-20220922,001,1795
1134.4805,1134.4885,28046,38732,Eptesicus serotinus,0.007,0.021,-1,Echolocation,/mnt/ubna_data_02_mir/recover-20220922/UBNA_001/20220921_090000.WAV,Telephone Field,recover-20220922,001,1795
1134.4815,1134.5227,68437,82565,Rhinolophus ferrumequinum,0.025,0.025,-1,Echolocation,/mnt/ubna_data_02_mir/recover-20220922/UBNA_001/20220921_090000.WAV,Telephone Field,recover-20220922,001,1795
1134.5045,1134.5132,23750,31959,Plecotus austriacus,0.015,0.041,-1,Echolocation,/mnt/ubna_data_02_mir/recover-20220922/UBNA_001/20220921_090000.WAV,Telephone Field,recover-20220922,001,1795
1134.5095,1134.5505,68437,82094,Rhinolophus ferrumequinum,0.021,0.021,-1,Echolocation,/mnt/ubna_data_02_mir/recover-20220922/UBNA_001/20220921_090000.WAV,Telephone Field,recover-20220922,001,1795
1134.5225,1134.5336,22031,26023,Nyctalus leisleri,0.013,0.022,-1,Echolocation,/mnt/ubna_data_02_mir/recover-20220922/UBNA_001/20220921_090000.WAV,Telephone Field,recover-20220922,001,1795
1134.5235,1134.566,68437,82426,Rhinolophus ferrumequinum,0.028,0.028,-1,Echolocation,/mnt/ubna_data_02_mir/recover-20220922/UBNA_001/20220921_090000.WAV,Telephone Field,recover-20220922,001,1795
1134.5495,1134.5597,25468,34333,Eptesicus serotinus,0.01,0.024,-1,Echolocation,/mnt/ubna_data_02_mir/recover-20220922/UBNA_001/20220921_090000.WAV,Telephone Field,recover-20220922,001,1795
1134.5575,1134.5979,68437,82717,Rhinolophus ferrumequinum,0.024,0.024,-1,Echolocation,/mnt/ubna_data_02_mir/recover-20220922/UBNA_001/20220921_090000.WAV,Telephone Field,recover-20220922,001,1795
1134.5765,1134.6153,68437,82320,Rhinolophus ferrumequinum,0.022,0.022,-1,Echolocation,/mnt/ubna_data_02_mir/recover-20220922/UBNA_001/20220921_090000.WAV,Telephone Field,recover-20220922,001,1795
1134.5825,1134.5914,28906,37396,Eptesicus serotinus,0.009,0.023,-1,Echolocation,/mnt/ubna_data_02_mir/recover-20220922/UBNA_001/20220921_090000.WAV,Telephone Field,recover-20220922,001,1795
1134.6205,1134.6588,68437,82112,Rhinolophus ferrumequinum,0.026,0.026,-1,Echolocation,/mnt/ubna_data_02_mir/recover-20220922/UBNA_001/20220921_090000.WAV,Telephone Field,recover-20220922,001,1795
1134.6345,1134.6714,68437,81952,Rhinolophus ferrumequinum,0.023,0.023,-1,Echolocation,/mnt/ubna_data_02_mir/recover-20220922/UBNA_001/20220921_090000.WAV,Telephone Field,recover-20220922,001,1795
1134.6355,1134.6458,26328,34448,Eptesicus serotinus,0.013,0.028,-1,Echolocation,/mnt/ubna_data_02_mir/recover-20220922/UBNA_001/20220921_090000.WAV,Telephone Field,recover-20220922,001,1795
1134.6705,1134.7108,68437,82677,Rhinolophus ferrumequinum,0.026,0.026,-1,Echolocation,/mnt/ubna_data_02_mir/recover-20220922/UBNA_001/20220921_090000.WAV,Telephone Field,recover-20220922,001,1795
1134.7035,1134.7413,68437,81436,Rhinolophus ferrumequinum,0.022,0.022,-1,Echolocation,/mnt/ubna_data_02_mir/recover-20220922/UBNA_001/20220921_090000.WAV,Telephone Field,recover-20220922,001,1795
1134.7435,1134.785,68437,82730,Rhinolophus ferrumequinum,0.035,0.035,-1,Echolocation,/mnt/ubna_data_02_mir/recover-20220922/UBNA_001/20220921_090000.WAV,Telephone Field,recover-20220922,001,1795
1134.7715,1134.781,28906,37303,Eptesicus serotinus,0.01,0.024,-1,Echolocation,/mnt/ubna_data_02_mir/recover-20220922/UBNA_001/20220921_090000.WAV,Telephone Field,recover-20220922,001,1795
1134.7905,1134.7985,46093,49702,Pipistrellus pipistrellus,0.022,0.023,-1,Echolocation,/mnt/ubna_data_02_mir/recover-20220922/UBNA_001/20220921_090000.WAV,Telephone Field,recover-20220922,001,1795
1134.7935,1134.8328,68437,82191,Rhinolophus ferrumequinum,0.04,0.04,-1,Echolocation,/mnt/ubna_data_02_mir/recover-20220922/UBNA_001/20220921_090000.WAV,Telephone Field,recover-20220922,001,1795
1134.8335,1134.8702,68437,81379,Rhinolophus ferrumequinum,0.022,0.022,-1,Echolocation,/mnt/ubna_data_02_mir/recover-20220922/UBNA_001/20220921_090000.WAV,Telephone Field,recover-20220922,001,1795
1134.8635,1134.9031,68437,82227,Rhinolophus ferrumequinum,0.031,0.031,-1,Echolocation,/mnt/ubna_data_02_mir/recover-20220922/UBNA_001/20220921_090000.WAV,Telephone Field,recover-20220922,001,1795
1134.8675,1134.8775,24609,32069,Nyctalus leisleri,0.008,0.022,-1,Echolocation,/mnt/ubna_data_02_mir/recover-20220922/UBNA_001/20220921_090000.WAV,Telephone Field,recover-20220922,001,1795
1134.8825,1134.8923,28906,36677,Eptesicus serotinus,0.009,0.023,-1,Echolocation,/mnt/ubna_data_02_mir/recover-20220922/UBNA_001/20220921_090000.WAV,Telephone Field,recover-20220922,001,1795
1134.9285,1134.9386,28906,37846,Eptesicus serotinus,0.011,0.025,-1,Echolocation,/mnt/ubna_data_02_mir/recover-20220922/UBNA_001/20220921_090000.WAV,Telephone Field,recover-20220922,001,1795
1134.9705,1135.0071,68437,81247,Rhinolophus ferrumequinum,0.023,0.023,-1,Echolocation,/mnt/ubna_data_02_mir/recover-20220922/UBNA_001/20220921_090000.WAV,Telephone Field,recover-20220922,001,1795
1134.9715,1134.9839,23750,28757,Nyctalus leisleri,0.012,0.025,-1,Echolocation,/mnt/ubna_data_02_mir/recover-20220922/UBNA_001/20220921_090000.WAV,Telephone Field,recover-20220922,001,1795
1134.9805,1135.0167,68437,81573,Rhinolophus ferrumequinum,0.033,0.033,-1,Echolocation,/mnt/ubna_data_02_mir/recover-20220922/UBNA_001/20220921_090000.WAV,Telephone Field,recover-20220922,001,1795
1135.0085,1135.0473,68437,81705,Rhinolophus ferrumequinum,0.024,0.024,-1,Echolocation,/mnt/ubna_data_02_mir/recover-20220922/UBNA_001/20220921_090000.WAV,Telephone Field,recover-20220922,001,1795
1135.0105,1135.0319,18593,21817,Nyctalus noctula,0.012,0.023,-1,Echolocation,/mnt/ubna_data_02_mir/recover-20220922/UBNA_001/20220921_090000.WAV,Telephone Field,recover-20220922,001,1795
1135.0135,1135.0219,28906,39290,Eptesicus serotinus,0.008,0.022,-1,Echolocation,/mnt/ubna_data_02_mir/recover-20220922/UBNA_001/20220921_090000.WAV,Telephone Field,recover-20220922,001,1795
1135.0185,1135.0262,28906,40854,Eptesicus serotinus,0.007,0.022,-1,Echolocation,/mnt/ubna_data_02_mir/recover-20220922/UBNA_001/20220921_090000.WAV,Telephone Field,recover-20220922,001,1795
1135.0285,1135.0662,68437,81440,Rhinolophus ferrumequinum,0.021,0.021,-1,Echolocation,/mnt/ubna_data_02_mir/recover-20220922/UBNA_001/20220921_090000.WAV,Telephone Field,recover-20220922,001,1795
1135.0725,1135.1129,68437,82245,Rhinolophus ferrumequinum,0.023,0.023,-1,Echolocation,/mnt/ubna_data_02_mir/recover-20220922/UBNA_001/20220921_090000.WAV,Telephone Field,recover-20220922,001,1795
1135.0795,1135.1182,68437,82222,Rhinolophus ferrumequinum,0.026,0.026,-1,Echolocation,/mnt/ubna_data_02_mir/recover-20220922/UBNA_001/20220921_090000.WAV,Telephone Field,recover-20220922,001,1795
1135.1095,1135.1484,68437,82166,Rhinolophus ferrumequinum,0.022,0.022,-1,Echolocation,/mnt/ubna_data_02_mir/recover-20220922/UBNA_001/20220921_090000.WAV,Telephone Field,recover-20220922,001,1795
1135.1145,1135.1544,68437,81964,Rhinolophus ferrumequinum,0.022,0.022,-1,Echolocation,/mnt/ubna_data_02_mir/recover-20220922/UBNA_001/20220921_090000.WAV,Telephone Field,recover-20220922,001,1795
1135.1515,1135.1961000000001,68437,83572,Rhinolophus ferrumequinum,0.043,0.043,-1,Echolocation,/mnt/ubna_data_02_mir/recover-20220922/UBNA_001/20220921_090000.WAV,Telephone Field,recover-20220922,001,1795
1135.2105,1135.2189,28046,40999,Eptesicus serotinus,0.007,0.021,-1,Echolocation,/mnt/ubna_data_02_mir/recover-20220922/UBNA_001/20220921_090000.WAV,Telephone Field,recover-20220922,001,1795
1135.2215,1135.2574,68437,81039,Rhinolophus ferrumequinum,0.025,0.025,-1,Echolocation,/mnt/ubna_data_02_mir/recover-20220922/UBNA_001/20220921_090000.WAV,Telephone Field,recover-20220922,001,1795
1135.2645,1135.3033,68437,81837,Rhinolophus ferrumequinum,0.023,0.023,-1,Echolocation,/mnt/ubna_data_02_mir/recover-20220922/UBNA_001/20220921_090000.WAV,Telephone Field,recover-20220922,001,1795
1135.2735,1135.28,25468,38936,Plecotus austriacus,0.007,0.026,-1,Echolocation,/mnt/ubna_data_02_mir/recover-20220922/UBNA_001/20220921_090000.WAV,Telephone Field,recover-20220922,001,1795
1135.2965,1135.3087,28906,34286,Eptesicus serotinus,0.017,0.03,-1,Echolocation,/mnt/ubna_data_02_mir/recover-20220922/UBNA_001/20220921_090000.WAV,Telephone Field,recover-20220922,001,1795
1135.3395,1135.3776,68437,81790,Rhinolophus ferrumequinum,0.023,0.023,-1,Echolocation,/mnt/ubna_data_02_mir/recover-20220922/UBNA_001/20220921_090000.WAV,Telephone Field,recover-20220922,001,1795
1135.3565,1135.3675,28046,33821,Eptesicus serotinus,0.016,0.032,-1,Echolocation,/mnt/ubna_data_02_mir/recover-20220922/UBNA_001/20220921_090000.WAV,Telephone Field,recover-20220922,001,1795
1135.3765,1135.4172,68437,82426,Rhinolophus ferrumequinum,0.025,0.025,-1,Echolocation,/mnt/ubna_data_02_mir/recover-20220922/UBNA_001/20220921_090000.WAV,Telephone Field,recover-20220922,001,1795
1135.4155,1135.423,27187,40847,Eptesicus serotinus,0.007,0.024,-1,Echolocation,/mnt/ubna_data_02_mir/recover-20220922/UBNA_001/20220921_090000.WAV,Telephone Field,recover-20220922,001,1795
1135.4315,1135.4725,68437,82882,Rhinolophus ferrumequinum,0.024,0.024,-1,Echolocation,/mnt/ubna_data_02_mir/recover-20220922/UBNA_001/20220921_090000.WAV,Telephone Field,recover-20220922,001,1795
1135.4405,1135.4799,68437,82231,Rhinolophus ferrumequinum,0.023,0.023,-1,Echolocation,/mnt/ubna_data_02_mir/recover-20220922/UBNA_001/20220921_090000.WAV,Telephone Field,recover-20220922,001,1795
1135.4885,1135.528,68437,82120,Rhinolophus ferrumequinum,0.021,0.022,-1,Echolocation,/mnt/ubna_data_02_mir/recover-20220922/UBNA_001/20220921_090000.WAV,Telephone Field,recover-20220922,001,1795
1135.5145,1135.5235,28906,38636,Eptesicus serotinus,0.009,0.023,-1,Echolocation,/mnt/ubna_data_02_mir/recover-20220922/UBNA_001/20220921_090000.WAV,Telephone Field,recover-20220922,001,1795
1135.5455,1135.5834,68437,81943,Rhinolophus ferrumequinum,0.022,0.022,-1,Echolocation,/mnt/ubna_data_02_mir/recover-20220922/UBNA_001/20220921_090000.WAV,Telephone Field,recover-20220922,001,1795
1135.5725,1135.6115,68437,82045,Rhinolophus ferrumequinum,0.028,0.028,-1,Echolocation,/mnt/ubna_data_02_mir/recover-20220922/UBNA_001/20220921_090000.WAV,Telephone Field,recover-20220922,001,1795
1135.6105,1135.6222,52968,56816,Pipistrellus pygmaeus,0.02,0.024,-1,Echolocation,/mnt/ubna_data_02_mir/recover-20220922/UBNA_001/20220921_090000.WAV,Telephone Field,recover-20220922,001,1795
1135.6155,1135.6259,28906,35150,Eptesicus serotinus,0.029,0.05,-1,Echolocation,/mnt/ubna_data_02_mir/recover-20220922/UBNA_001/20220921_090000.WAV,Telephone Field,recover-20220922,001,1795
1135.6435,1135.6505,27187,37105,Eptesicus serotinus,0.007,0.025,-1,Echolocation,/mnt/ubna_data_02_mir/recover-20220922/UBNA_001/20220921_090000.WAV,Telephone Field,recover-20220922,001,1795
1135.6525,1135.663,22031,25956,Nyctalus leisleri,0.013,0.022,-1,Echolocation,/mnt/ubna_data_02_mir/recover-20220922/UBNA_001/20220921_090000.WAV,Telephone Field,recover-20220922,001,1795
1135.6545,1135.6878,68437,80753,Rhinolophus ferrumequinum,0.021,0.021,-1,Echolocation,/mnt/ubna_data_02_mir/recover-20220922/UBNA_001/20220921_090000.WAV,Telephone Field,recover-20220922,001,1795
1135.6655,1135.7034,68437,82262,Rhinolophus ferrumequinum,0.023,0.023,-1,Echolocation,/mnt/ubna_data_02_mir/recover-20220922/UBNA_001/20220921_090000.WAV,Telephone Field,recover-20220922,001,1795
1135.7095,1135.746,68437,81513,Rhinolophus ferrumequinum,0.027,0.027,-1,Echolocation,/mnt/ubna_data_02_mir/recover-20220922/UBNA_001/20220921_090000.WAV,Telephone Field,recover-20220922,001,1795
1135.7265,1135.7388,22890,27767,Nyctalus leisleri,0.015,0.028,-1,Echolocation,/mnt/ubna_data_02_mir/recover-20220922/UBNA_001/20220921_090000.WAV,Telephone Field,recover-20220922,001,1795
1135.7325,1135.7737,68437,82384,Rhinolophus ferrumequinum,0.033,0.033,-1,Echolocation,/mnt/ubna_data_02_mir/recover-20220922/UBNA_001/20220921_090000.WAV,Telephone Field,recover-20220922,001,1795
1135.7525,1135.7637,15156,20379,Nyctalus noctula,0.014,0.025,-1,Echolocation,/mnt/ubna_data_02_mir/recover-20220922/UBNA_001/20220921_090000.WAV,Telephone Field,recover-20220922,001,1795
1135.7665,1135.8059,68437,81995,Rhinolophus ferrumequinum,0.024,0.024,-1,Echolocation,/mnt/ubna_data_02_mir/recover-20220922/UBNA_001/20220921_090000.WAV,Telephone Field,recover-20220922,001,1795
1135.7725,1135.783,23750,29402,Nyctalus leisleri,0.011,0.026,-1,Echolocation,/mnt/ubna_data_02_mir/recover-20220922/UBNA_001/20220921_090000.WAV,Telephone Field,recover-20220922,001,1795
1135.7875,1135.8256,68437,82369,Rhinolophus ferrumequinum,0.025,0.025,-1,Echolocation,/mnt/ubna_data_02_mir/recover-20220922/UBNA_001/20220921_090000.WAV,Telephone Field,recover-20220922,001,1795
1135.7915,1135.7994,28046,39908,Eptesicus serotinus,0.008,0.022,-1,Echolocation,/mnt/ubna_data_02_mir/recover-20220922/UBNA_001/20220921_090000.WAV,Telephone Field,recover-20220922,001,1795
1135.8135,1135.8537,68437,82557,Rhinolophus ferrumequinum,0.033,0.033,-1,Echolocation,/mnt/ubna_data_02_mir/recover-20220922/UBNA_001/20220921_090000.WAV,Telephone Field,recover-20220922,001,1795
1135.8405,1135.8762,68437,81199,Rhinolophus ferrumequinum,0.027,0.027,-1,Echolocation,/mnt/ubna_data_02_mir/recover-20220922/UBNA_001/20220921_090000.WAV,Telephone Field,recover-20220922,001,1795
1135.8635,1135.8742,28906,37693,Eptesicus serotinus,0.016,0.031,-1,Echolocation,/mnt/ubna_data_02_mir/recover-20220922/UBNA_001/20220921_090000.WAV,Telephone Field,recover-20220922,001,1795
1135.8775,1135.915,68437,81286,Rhinolophus ferrumequinum,0.021,0.022,-1,Echolocation,/mnt/ubna_data_02_mir/recover-20220922/UBNA_001/20220921_090000.WAV,Telephone Field,recover-20220922,001,1795
1135.8825,1135.9208,68437,81407,Rhinolophus ferrumequinum,0.022,0.022,-1,Echolocation,/mnt/ubna_data_02_mir/recover-20220922/UBNA_001/20220921_090000.WAV,Telephone Field,recover-20220922,001,1795
1135.8875,1135.8961,28906,37819,Eptesicus serotinus,0.015,0.031,-1,Echolocation,/mnt/ubna_data_02_mir/recover-20220922/UBNA_001/20220921_090000.WAV,Telephone Field,recover-20220922,001,1795
1135.8955,1135.934,68437,81958,Rhinolophus ferrumequinum,0.022,0.022,-1,Echolocation,/mnt/ubna_data_02_mir/recover-20220922/UBNA_001/20220921_090000.WAV,Telephone Field,recover-20220922,001,1795
1135.9165,1135.9256,44375,53808,Pipistrellus pipistrellus,0.018,0.03,-1,Echolocation,/mnt/ubna_data_02_mir/recover-20220922/UBNA_001/20220921_090000.WAV,Telephone Field,recover-20220922,001,1795
1135.9225,1135.9329,28046,34974,Eptesicus serotinus,0.014,0.031,-1,Echolocation,/mnt/ubna_data_02_mir/recover-20220922/UBNA_001/20220921_090000.WAV,Telephone Field,recover-20220922,001,1795
1135.9375,1135.9463,28046,39551,Eptesicus serotinus,0.011,0.024,-1,Echolocation,/mnt/ubna_data_02_mir/recover-20220922/UBNA_001/20220921_090000.WAV,Telephone Field,recover-20220922,001,1795
1136.0015,1136.0111,22890,29499,Nyctalus leisleri,0.011,0.028,-1,Echolocation,/mnt/ubna_data_02_mir/recover-20220922/UBNA_001/20220921_090000.WAV,Telephone Field,recover-20220922,001,1795
1136.0015,1136.0355,68437,80356,Rhinolophus ferrumequinum,0.032,0.033,-1,Echolocation,/mnt/ubna_data_02_mir/recover-20220922/UBNA_001/20220921_090000.WAV,Telephone Field,recover-20220922,001,1795
1136.0025,1136.0149,58984,65420,Pipistrellus pygmaeus,0.024,0.024,-1,Echolocation,/mnt/ubna_data_02_mir/recover-20220922/UBNA_001/20220921_090000.WAV,Telephone Field,recover-20220922,001,1795
1136.0405,1136.0478,23750,33625,Plecotus austriacus,0.014,0.031,-1,Echolocation,/mnt/ubna_data_02_mir/recover-20220922/UBNA_001/20220921_090000.WAV,Telephone Field,recover-20220922,001,1795
1136.0555,1136.0987,68437,82568,Rhinolophus ferrumequinum,0.044,0.044,-1,Echolocation,/mnt/ubna_data_02_mir/recover-20220922/UBNA_001/20220921_090000.WAV,Telephone Field,recover-20220922,001,1795
1136.0835,1136.0919,28046,40700,Eptesicus serotinus,0.008,0.022,-1,Echolocation,/mnt/ubna_data_02_mir/recover-20220922/UBNA_001/20220921_090000.WAV,Telephone Field,recover-20220922,001,1795
1136.1135,1136.1518,68437,81900,Rhinolophus ferrumequinum,0.022,0.022,-1,Echolocation,/mnt/ubna_data_02_mir/recover-20220922/UBNA_001/20220921_090000.WAV,Telephone Field,recover-20220922,001,1795
1136.1345,1136.1738,68437,82426,Rhinolophus ferrumequinum,0.027,0.027,-1,Echolocation,/mnt/ubna_data_02_mir/recover-20220922/UBNA_001/20220921_090000.WAV,Telephone Field,recover-20220922,001,1795
1136.1625,1136.2016,68437,82125,Rhinolophus ferrumequinum,0.021,0.021,-1,Echolocation,/mnt/ubna_data_02_mir/recover-20220922/UBNA_001/20220921_090000.WAV,Telephone Field,recover-20220922,001,1795
1136.1655,1136.1756,22890,28284,Nyctalus leisleri,0.01,0.023,-1,Echolocation,/mnt/ubna_data_02_mir/recover-20220922/UBNA_001/20220921_090000.WAV,Telephone Field,recover-20220922,001,1795
1136.1905,1136.2271,68437,81101,Rhinolophus ferrumequinum,0.024,0.024,-1,Echolocation,/mnt/ubna_data_02_mir/recover-20220922/UBNA_001/20220921_090000.WAV,Telephone Field,recover-20220922,001,1795
1136.2055,1136.2448,68437,82236,Rhinolophus ferrumequinum,0.021,0.021,-1,Echolocation,/mnt/ubna_data_02_mir/recover-20220922/UBNA_001/20220921_090000.WAV,Telephone Field,recover-20220922,001,1795
1136.2235,1136.2316,23750,31672,Plecotus austriacus,0.008,0.024,-1,Echolocation,/mnt/ubna_data_02_mir/recover-20220922/UBNA_001/20220921_090000.WAV,Telephone Field,recover-20220922,001,1795
1136.2405,1136.2804,68437,82100,Rhinolophus ferrumequinum,0.022,0.022,-1,Echolocation,/mnt/ubna_data_02_mir/recover-20220922/UBNA_001/20220921_090000.WAV,Telephone Field,recover-20220922,001,1795
1136.2565,1136.2944,68437,81256,Rhinolophus ferrumequinum,0.025,0.025,-1,Echolocation,/mnt/ubna_data_02_mir/recover-20220922/UBNA_001/20220921_090000.WAV,Telephone Field,recover-20220922,001,1795
1136.2715,1136.3107,68437,81848,Rhinolophus ferrumequinum,0.024,0.024,-1,Echolocation,/mnt/ubna_data_02_mir/recover-20220922/UBNA_001/20220921_090000.WAV,Telephone Field,recover-20220922,001,1795
1136.2865,1136.2988,23750,29234,Nyctalus leisleri,0.013,0.028,-1,Echolocation,/mnt/ubna_data_02_mir/recover-20220922/UBNA_001/20220921_090000.WAV,Telephone Field,recover-20220922,001,1795
1136.3065,1136.3473,68437,83433,Rhinolophus ferrumequinum,0.027,0.027,-1,Echolocation,/mnt/ubna_data_02_mir/recover-20220922/UBNA_001/20220921_090000.WAV,Telephone Field,recover-20220922,001,1795
1136.3225,1136.364,68437,82956,Rhinolophus ferrumequinum,0.03,0.03,-1,Echolocation,/mnt/ubna_data_02_mir/recover-20220922/UBNA_001/20220921_090000.WAV,Telephone Field,recover-20220922,001,1795
1136.3555,1136.3655,23750,30161,Nyctalus leisleri,0.01,0.025,-1,Echolocation,/mnt/ubna_data_02_mir/recover-20220922/UBNA_001/20220921_090000.WAV,Telephone Field,recover-20220922,001,1795
1136.3955,1136.4334,68437,82000,Rhinolophus ferrumequinum,0.023,0.023,-1,Echolocation,/mnt/ubna_data_02_mir/recover-20220922/UBNA_001/20220921_090000.WAV,Telephone Field,recover-20220922,001,1795
1136.4345,1136.4447,28046,35951,Eptesicus serotinus,0.01,0.021,-1,Echolocation,/mnt/ubna_data_02_mir/recover-20220922/UBNA_001/20220921_090000.WAV,Telephone Field,recover-20220922,001,1795
1136.4865,1136.53,68437,83242,Rhinolophus ferrumequinum,0.042,0.042,-1,Echolocation,/mnt/ubna_data_02_mir/recover-20220922/UBNA_001/20220921_090000.WAV,Telephone Field,recover-20220922,001,1795
1136.5175,1136.5553,68437,82040,Rhinolophus ferrumequinum,0.022,0.022,-1,Echolocation,/mnt/ubna_data_02_mir/recover-20220922/UBNA_001/20220921_090000.WAV,Telephone Field,recover-20220922,001,1795
1136.5315,1136.5394000000001,28046,40788,Eptesicus serotinus,0.008,0.022,-1,Echolocation,/mnt/ubna_data_02_mir/recover-20220922/UBNA_001/20220921_090000.WAV,Telephone Field,recover-20220922,001,1795
1136.5715,1136.611,68437,81923,Rhinolophus ferrumequinum,0.025,0.025,-1,Echolocation,/mnt/ubna_data_02_mir/recover-20220922/UBNA_001/20220921_090000.WAV,Telephone Field,recover-20220922,001,1795
1136.5975,1136.6091,22890,27083,Nyctalus leisleri,0.012,0.023,-1,Echolocation,/mnt/ubna_data_02_mir/recover-20220922/UBNA_001/20220921_090000.WAV,Telephone Field,recover-20220922,001,1795
1136.5975,1136.6352,68437,81851,Rhinolophus ferrumequinum,0.025,0.025,-1,Echolocation,/mnt/ubna_data_02_mir/recover-20220922/UBNA_001/20220921_090000.WAV,Telephone Field,recover-20220922,001,1795
1136.6385,1136.6765,68437,82277,Rhinolophus ferrumequinum,0.025,0.025,-1,Echolocation,/mnt/ubna_data_02_mir/recover-20220922/UBNA_001/20220921_090000.WAV,Telephone Field,recover-20220922,001,1795
1136.6565,1136.6951,68437,82236,Rhinolophus ferrumequinum,0.033,0.033,-1,Echolocation,/mnt/ubna_data_02_mir/recover-20220922/UBNA_001/20220921_090000.WAV,Telephone Field,recover-20220922,001,1795
1136.6765,1136.7164,68437,82169,Rhinolophus ferrumequinum,0.025,0.025,-1,Echolocation,/mnt/ubna_data_02_mir/recover-20220922/UBNA_001/20220921_090000.WAV,Telephone Field,recover-20220922,001,1795
1136.6855,1136.7209,68437,81761,Rhinolophus ferrumequinum,0.022,0.022,-1,Echolocation,/mnt/ubna_data_02_mir/recover-20220922/UBNA_001/20220921_090000.WAV,Telephone Field,recover-20220922,001,1795
1136.7235,1136.734,14296,19950,Nyctalus noctula,0.016,0.028,-1,Echolocation,/mnt/ubna_data_02_mir/recover-20220922/UBNA_001/20220921_090000.WAV,Telephone Field,recover-20220922,001,1795
1136.7435,1136.7528,28046,37077,Eptesicus serotinus,0.017,0.031,-1,Echolocation,/mnt/ubna_data_02_mir/recover-20220922/UBNA_001/20220921_090000.WAV,Telephone Field,recover-20220922,001,1795
1136.7475,1136.7853,68437,82106,Rhinolophus ferrumequinum,0.024,0.024,-1,Echolocation,/mnt/ubna_data_02_mir/recover-20220922/UBNA_001/20220921_090000.WAV,Telephone Field,recover-20220922,001,1795
1136.7545,1136.7928,68437,81687,Rhinolophus ferrumequinum,0.023,0.023,-1,Echolocation,/mnt/ubna_data_02_mir/recover-20220922/UBNA_001/20220921_090000.WAV,Telephone Field,recover-20220922,001,1795
1136.7925,1136.8333,68437,82130,Rhinolophus ferrumequinum,0.032,0.032,-1,Echolocation,/mnt/ubna_data_02_mir/recover-20220922/UBNA_001/20220921_090000.WAV,Telephone Field,recover-20220922,001,1795
1136.8125,1136.8516,68437,82233,Rhinolophus ferrumequinum,0.021,0.021,-1,Echolocation,/mnt/ubna_data_02_mir/recover-20220922/UBNA_001/20220921_090000.WAV,Telephone Field,recover-20220922,001,1795
1136.8305,1136.8671,68437,81910,Rhinolophus ferrumequinum,0.023,0.023,-1,Echolocation,/mnt/ubna_data_02_mir/recover-20220922/UBNA_001/20220921_090000.WAV,Telephone Field,recover-20220922,001,1795
1136.8425,1136.8508,28906,37845,Eptesicus serotinus,0.007,0.022,-1,Echolocation,/mnt/ubna_data_02_mir/recover-20220922/UBNA_001/20220921_090000.WAV,Telephone Field,recover-20220922,001,1795
1136.8525,1136.8908,68437,81782,Rhinolophus ferrumequinum,0.021,0.021,-1,Echolocation,/mnt/ubna_data_02_mir/recover-20220922/UBNA_001/20220921_090000.WAV,Telephone Field,recover-20220922,001,1795
1136.8605,1136.899,68437,82288,Rhinolophus ferrumequinum,0.023,0.023,-1,Echolocation,/mnt/ubna_data_02_mir/recover-20220922/UBNA_001/20220921_090000.WAV,Telephone Field,recover-20220922,001,1795
1136.8845,1136.9206,68437,81075,Rhinolophus ferrumequinum,0.022,0.022,-1,Echolocation,/mnt/ubna_data_02_mir/recover-20220922/UBNA_001/20220921_090000.WAV,Telephone Field,recover-20220922,001,1795
1136.8995,1136.9386,68437,82513,Rhinolophus ferrumequinum,0.023,0.023,-1,Echolocation,/mnt/ubna_data_02_mir/recover-20220922/UBNA_001/20220921_090000.WAV,Telephone Field,recover-20220922,001,1795
1136.9135,1136.9488,68437,81143,Rhinolophus ferrumequinum,0.024,0.024,-1,Echolocation,/mnt/ubna_data_02_mir/recover-20220922/UBNA_001/20220921_090000.WAV,Telephone Field,recover-20220922,001,1795
1136.9315,1136.972,68437,82425,Rhinolophus ferrumequinum,0.034,0.034,-1,Echolocation,/mnt/ubna_data_02_mir/recover-20220922/UBNA_001/20220921_090000.WAV,Telephone Field,recover-20220922,001,1795
1136.9375,1136.9482,28046,36399,Eptesicus serotinus,0.012,0.024,-1,Echolocation,/mnt/ubna_data_02_mir/recover-20220922/UBNA_001/20220921_090000.WAV,Telephone Field,recover-20220922,001,1795
1137.0285,1137.0368,28046,37450,Eptesicus serotinus,0.01,0.025,-1,Echolocation,/mnt/ubna_data_02_mir/recover-20220922/UBNA_001/20220921_090000.WAV,Telephone Field,recover-20220922,001,1795
1137.0405,1137.0517,27187,33927,Eptesicus serotinus,0.01,0.021,-1,Echolocation,/mnt/ubna_data_02_mir/recover-20220922/UBNA_001/20220921_090000.WAV,Telephone Field,recover-20220922,001,1795
1137.0445,1137.0878,68437,83118,Rhinolophus ferrumequinum,0.025,0.025,-1,Echolocation,/mnt/ubna_data_02_mir/recover-20220922/UBNA_001/20220921_090000.WAV,Telephone Field,recover-20220922,001,1795
1137.0985,1137.1052,23750,33410,Plecotus austriacus,0.01,0.023,-1,Echolocation,/mnt/ubna_data_02_mir/recover-20220922/UBNA_001/20220921_090000.WAV,Telephone Field,recover-20220922,001,1795
1137.0985,1137.1348,68437,81633,Rhinolophus ferrumequinum,0.022,0.023,-1,Echolocation,/mnt/ubna_data_02_mir/recover-20220922/UBNA_001/20220921_090000.WAV,Telephone Field,recover-20220922,001,1795
1137.1285,1137.1711,68437,83058,Rhinolophus ferrumequinum,0.028,0.028,-1,Echolocation,/mnt/ubna_data_02_mir/recover-20220922/UBNA_001/20220921_090000.WAV,Telephone Field,recover-20220922,001,1795
1137.1475,1137.158,28906,35665,Eptesicus serotinus,0.013,0.024,-1,Echolocation,/mnt/ubna_data_02_mir/recover-20220922/UBNA_001/20220921_090000.WAV,Telephone Field,recover-20220922,001,1795
1137.2295,1137.2702,68437,82671,Rhinolophus ferrumequinum,0.026,0.026,-1,Echolocation,/mnt/ubna_data_02_mir/recover-20220922/UBNA_001/20220921_090000.WAV,Telephone Field,recover-20220922,001,1795
1137.2505,1137.2584,26328,35441,Eptesicus serotinus,0.008,0.023,-1,Echolocation,/mnt/ubna_data_02_mir/recover-20220922/UBNA_001/20220921_090000.WAV,Telephone Field,recover-20220922,001,1795
1137.2635,1137.3034,68437,82675,Rhinolophus ferrumequinum,0.028,0.028,-1,Echolocation,/mnt/ubna_data_02_mir/recover-20220922/UBNA_001/20220921_090000.WAV,Telephone Field,recover-20220922,001,1795
1137.2835,1137.295,22890,28234,Nyctalus leisleri,0.011,0.022,-1,Echolocation,/mnt/ubna_data_02_mir/recover-20220922/UBNA_001/20220921_090000.WAV,Telephone Field,recover-20220922,001,1795
1137.3085,1137.3184,28906,37371,Eptesicus serotinus,0.009,0.022,-1,Echolocation,/mnt/ubna_data_02_mir/recover-20220922/UBNA_001/20220921_090000.WAV,Telephone Field,recover-20220922,001,1795
1137.3145,1137.3226,28906,37953,Eptesicus serotinus,0.008,0.022,-1,Echolocation,/mnt/ubna_data_02_mir/recover-20220922/UBNA_001/20220921_090000.WAV,Telephone Field,recover-20220922,001,1795
1137.3235,1137.3607,68437,81841,Rhinolophus ferrumequinum,0.022,0.022,-1,Echolocation,/mnt/ubna_data_02_mir/recover-20220922/UBNA_001/20220921_090000.WAV,Telephone Field,recover-20220922,001,1795
1137.3415,1137.3808,68437,82098,Rhinolophus ferrumequinum,0.022,0.022,-1,Echolocation,/mnt/ubna_data_02_mir/recover-20220922/UBNA_001/20220921_090000.WAV,Telephone Field,recover-20220922,001,1795
1137.3655,1137.4013,68437,81726,Rhinolophus ferrumequinum,0.025,0.025,-1,Echolocation,/mnt/ubna_data_02_mir/recover-20220922/UBNA_001/20220921_090000.WAV,Telephone Field,recover-20220922,001,1795
1137.3685,1137.3791,25468,32429,Eptesicus serotinus,0.009,0.022,-1,Echolocation,/mnt/ubna_data_02_mir/recover-20220922/UBNA_001/20220921_090000.WAV,Telephone Field,recover-20220922,001,1795
1137.3885,1137.4302,68437,82643,Rhinolophus ferrumequinum,0.024,0.024,-1,Echolocation,/mnt/ubna_data_02_mir/recover-20220922/UBNA_001/20220921_090000.WAV,Telephone Field,recover-20220922,001,1795
1137.4085,1137.4149,24609,36279,Plecotus austriacus,0.011,0.03,-1,Echolocation,/mnt/ubna_data_02_mir/recover-20220922/UBNA_001/20220921_090000.WAV,Telephone Field,recover-20220922,001,1795
1137.4315,1137.4711,68437,81849,Rhinolophus ferrumequinum,0.027,0.027,-1,Echolocation,/mnt/ubna_data_02_mir/recover-20220922/UBNA_001/20220921_090000.WAV,Telephone Field,recover-20220922,001,1795
1137.4535,1137.4615,45234,53317,Pipistrellus pipistrellus,0.019,0.022,-1,Echolocation,/mnt/ubna_data_02_mir/recover-20220922/UBNA_001/20220921_090000.WAV,Telephone Field,recover-20220922,001,1795
1137.4865,1137.4977,34062,39689,Eptesicus serotinus,0.006,0.024,-1,Echolocation,/mnt/ubna_data_02_mir/recover-20220922/UBNA_001/20220921_090000.WAV,Telephone Field,recover-20220922,001,1795
1137.4925,1137.5029,28046,36397,Eptesicus serotinus,0.016,0.031,-1,Echolocation,/mnt/ubna_data_02_mir/recover-20220922/UBNA_001/20220921_090000.WAV,Telephone Field,recover-20220922,001,1795
1137.4985,1137.54,68437,82498,Rhinolophus ferrumequinum,0.023,0.023,-1,Echolocation,/mnt/ubna_data_02_mir/recover-20220922/UBNA_001/20220921_090000.WAV,Telephone Field,recover-20220922,001,1795
1137.5205,1137.5598,68437,82134,Rhinolophus ferrumequinum,0.024,0.024,-1,Echolocation,/mnt/ubna_data_02_mir/recover-20220922/UBNA_001/20220921_090000.WAV,Telephone Field,recover-20220922,001,1795
1137.5385,1137.5786,68437,82808,Rhinolophus ferrumequinum,0.026,0.026,-1,Echolocation,/mnt/ubna_data_02_mir/recover-20220922/UBNA_001/20220921_090000.WAV,Telephone Field,recover-20220922,001,1795
1137.5485,1137.5919,68437,83287,Rhinolophus ferrumequinum,0.024,0.024,-1,Echolocation,/mnt/ubna_data_02_mir/recover-20220922/UBNA_001/20220921_090000.WAV,Telephone Field,recover-20220922,001,1795
1137.5715,1137.6102,68437,82206,Rhinolophus ferrumequinum,0.025,0.025,-1,Echolocation,/mnt/ubna_data_02_mir/recover-20220922/UBNA_001/20220921_090000.WAV,Telephone Field,recover-20220922,001,1795
1137.5755,1137.5835,28046,40939,Eptesicus serotinus,0.007,0.022,-1,Echolocation,/mnt/ubna_data_02_mir/recover-20220922/UBNA_001/20220921_090000.WAV,Telephone Field,recover-20220922,001,1795
1137.5885,1137.6238,68437,81355,Rhinolophus ferrumequinum,0.022,0.022,-1,Echolocation,/mnt/ubna_data_02_mir/recover-20220922/UBNA_001/20220921_090000.WAV,Telephone Field,recover-20220922,001,1795
1137.6145,1137.6546,68437,82560,Rhinolophus ferrumequinum,0.035,0.035,-1,Echolocation,/mnt/ubna_data_02_mir/recover-20220922/UBNA_001/20220921_090000.WAV,Telephone Field,recover-20220922,001,1795
1137.6415,1137.6805,68437,82174,Rhinolophus ferrumequinum,0.023,0.023,-1,Echolocation,/mnt/ubna_data_02_mir/recover-20220922/UBNA_001/20220921_090000.WAV,Telephone Field,recover-20220922,001,1795
1137.6705,1137.7096,68437,82354,Rhinolophus ferrumequinum,0.025,0.025,-1,Echolocation,/mnt/ubna_data_02_mir/recover-20220922/UBNA_001/20220921_090000.WAV,Telephone Field,recover-20220922,001,1795
1137.7185,1137.7548,68437,81537,Rhinolophus ferrumequinum,0.022,0.022,-1,Echolocation,/mnt/ubna_data_02_mir/recover-20220922/UBNA_001/20220921_090000.WAV,Telephone Field,recover-20220922,001,1795
1137.7485,1137.7878,68437,81917,Rhinolophus ferrumequinum,0.023,0.023,-1,Echolocation,/mnt/ubna_data_02_mir/recover-20220922/UBNA_001/20220921_090000.WAV,Telephone Field,recover-20220922,001,1795
1137.7795,1137.8184,68437,81983,Rhinolophus ferrumequinum,0.023,0.023,-1,Echolocation,/mnt/ubna_data_02_mir/recover-20220922/UBNA_001/20220921_090000.WAV,Telephone Field,recover-20220922,001,1795
1137.8165,1137.8561,68437,82042,Rhinolophus ferrumequinum,0.022,0.022,-1,Echolocation,/mnt/ubna_data_02_mir/recover-20220922/UBNA_001/20220921_090000.WAV,Telephone Field,recover-20220922,001,1795
1137.8335,1137.8392,27187,38737,Plecotus austriacus,0.011,0.039,-1,Echolocation,/mnt/ubna_data_02_mir/recover-20220922/UBNA_001/20220921_090000.WAV,Telephone Field,recover-20220922,001,1795
1137.8445,1137.8788,68437,81515,Rhinolophus ferrumequinum,0.022,0.022,-1,Echolocation,/mnt/ubna_data_02_mir/recover-20220922/UBNA_001/20220921_090000.WAV,Telephone Field,recover-20220922,001,1795
1137.8575,1137.8954,68437,81601,Rhinolophus ferrumequinum,0.021,0.021,-1,Echolocation,/mnt/ubna_data_02_mir/recover-20220922/UBNA_001/20220921_090000.WAV,Telephone Field,recover-20220922,001,1795
1137.8685,1137.8765,22890,30695,Plecotus austriacus,0.01,0.022,-1,Echolocation,/mnt/ubna_data_02_mir/recover-20220922/UBNA_001/20220921_090000.WAV,Telephone Field,recover-20220922,001,1795
1137.8865,1137.8969,28046,35075,Eptesicus serotinus,0.013,0.024,-1,Echolocation,/mnt/ubna_data_02_mir/recover-20220922/UBNA_001/20220921_090000.WAV,Telephone Field,recover-20220922,001,1795
1137.9095,1137.9214,22031,25751,Nyctalus leisleri,0.013,0.022,-1,Echolocation,/mnt/ubna_data_02_mir/recover-20220922/UBNA_001/20220921_090000.WAV,Telephone Field,recover-20220922,001,1795
1137.9315,1137.9694,68437,81946,Rhinolophus ferrumequinum,0.024,0.024,-1,Echolocation,/mnt/ubna_data_02_mir/recover-20220922/UBNA_001/20220921_090000.WAV,Telephone Field,recover-20220922,001,1795
1137.9415,1137.9503,44375,46932,Pipistrellus pipistrellus,0.033,0.036,-1,Echolocation,/mnt/ubna_data_02_mir/recover-20220922/UBNA_001/20220921_090000.WAV,Telephone Field,recover-20220922,001,1795
1137.9495,1137.9581,31484,37894,Barbastellus barbastellus,0.024,0.044,-1,Echolocation,/mnt/ubna_data_02_mir/recover-20220922/UBNA_001/20220921_090000.WAV,Telephone Field,recover-20220922,001,1795
1137.9585,1137.9979,68437,82197,Rhinolophus ferrumequinum,0.023,0.023,-1,Echolocation,/mnt/ubna_data_02_mir/recover-20220922/UBNA_001/20220921_090000.WAV,Telephone Field,recover-20220922,001,1795
1137.9815,1137.9926,28046,36932,Eptesicus serotinus,0.014,0.027,-1,Echolocation,/mnt/ubna_data_02_mir/recover-20220922/UBNA_001/20220921_090000.WAV,Telephone Field,recover-20220922,001,1795
1138.0015,1138.0336,68437,79692,Rhinolophus ferrumequinum,0.039,0.039,-1,Echolocation,/mnt/ubna_data_02_mir/recover-20220922/UBNA_001/20220921_090000.WAV,Telephone Field,recover-20220922,001,1795
1138.0015,1138.0115,25468,31946,Nyctalus leisleri,0.016,0.036,-1,Echolocation,/mnt/ubna_data_02_mir/recover-20220922/UBNA_001/20220921_090000.WAV,Telephone Field,recover-20220922,001,1795
1138.0015,1138.0167,58125,64736,Pipistrellus pygmaeus,0.025,0.027,-1,Echolocation,/mnt/ubna_data_02_mir/recover-20220922/UBNA_001/20220921_090000.WAV,Telephone Field,recover-20220922,001,1795
1138.0015,1138.0118,49531,61407,Pipistrellus pipistrellus,0.025,0.035,-1,Echolocation,/mnt/ubna_data_02_mir/recover-20220922/UBNA_001/20220921_090000.WAV,Telephone Field,recover-20220922,001,1795
1138.0095,1138.0485,68437,82233,Rhinolophus ferrumequinum,0.025,0.025,-1,Echolocation,/mnt/ubna_data_02_mir/recover-20220922/UBNA_001/20220921_090000.WAV,Telephone Field,recover-20220922,001,1795
1138.0235,1138.0658,68437,82622,Rhinolophus ferrumequinum,0.025,0.025,-1,Echolocation,/mnt/ubna_data_02_mir/recover-20220922/UBNA_001/20220921_090000.WAV,Telephone Field,recover-20220922,001,1795
1138.0615,1138.0987,68437,81476,Rhinolophus ferrumequinum,0.026,0.026,-1,Echolocation,/mnt/ubna_data_02_mir/recover-20220922/UBNA_001/20220921_090000.WAV,Telephone Field,recover-20220922,001,1795
1138.1295,1138.1669,68437,82151,Rhinolophus ferrumequinum,0.024,0.024,-1,Echolocation,/mnt/ubna_data_02_mir/recover-20220922/UBNA_001/20220921_090000.WAV,Telephone Field,recover-20220922,001,1795
1138.1585,1138.1978,68437,81801,Rhinolophus ferrumequinum,0.023,0.023,-1,Echolocation,/mnt/ubna_data_02_mir/recover-20220922/UBNA_001/20220921_090000.WAV,Telephone Field,recover-20220922,001,1795
1138.1645,1138.2034,68437,81791,Rhinolophus ferrumequinum,0.023,0.023,-1,Echolocation,/mnt/ubna_data_02_mir/recover-20220922/UBNA_001/20220921_090000.WAV,Telephone Field,recover-20220922,001,1795
1138.1945,1138.2336,68437,82360,Rhinolophus ferrumequinum,0.025,0.025,-1,Echolocation,/mnt/ubna_data_02_mir/recover-20220922/UBNA_001/20220921_090000.WAV,Telephone Field,recover-20220922,001,1795
1138.2205,1138.2622,68437,82627,Rhinolophus ferrumequinum,0.028,0.028,-1,Echolocation,/mnt/ubna_data_02_mir/recover-20220922/UBNA_001/20220921_090000.WAV,Telephone Field,recover-20220922,001,1795
1138.2385,1138.247,28046,41260,Eptesicus serotinus,0.008,0.023,-1,Echolocation,/mnt/ubna_data_02_mir/recover-20220922/UBNA_001/20220921_090000.WAV,Telephone Field,recover-20220922,001,1795
1138.2385,1138.2781,68437,81970,Rhinolophus ferrumequinum,0.024,0.024,-1,Echolocation,/mnt/ubna_data_02_mir/recover-20220922/UBNA_001/20220921_090000.WAV,Telephone Field,recover-20220922,001,1795
1138.2475,1138.287,68437,82595,Rhinolophus ferrumequinum,0.024,0.024,-1,Echolocation,/mnt/ubna_data_02_mir/recover-20220922/UBNA_001/20220921_090000.WAV,Telephone Field,recover-20220922,001,1795
1138.2605,1138.2658,23750,36862,Plecotus austriacus,0.03,0.063,-1,Echolocation,/mnt/ubna_data_02_mir/recover-20220922/UBNA_001/20220921_090000.WAV,Telephone Field,recover-20220922,001,1795
1138.2685,1138.3033,68437,82379,Rhinolophus ferrumequinum,0.024,0.024,-1,Echolocation,/mnt/ubna_data_02_mir/recover-20220922/UBNA_001/20220921_090000.WAV,Telephone Field,recover-20220922,001,1795
1138.2895,1138.3298,68437,82518,Rhinolophus ferrumequinum,0.042,0.042,-1,Echolocation,/mnt/ubna_data_02_mir/recover-20220922/UBNA_001/20220921_090000.WAV,Telephone Field,recover-20220922,001,1795
1138.3255,1138.3328,28906,43063,Eptesicus serotinus,0.008,0.025,-1,Echolocation,/mnt/ubna_data_02_mir/recover-20220922/UBNA_001/20220921_090000.WAV,Telephone Field,recover-20220922,001,1795
1138.3525,1138.3915,68437,81886,Rhinolophus ferrumequinum,0.024,0.024,-1,Echolocation,/mnt/ubna_data_02_mir/recover-20220922/UBNA_001/20220921_090000.WAV,Telephone Field,recover-20220922,001,1795
1138.3755,1138.4141,68437,82583,Rhinolophus ferrumequinum,0.031,0.031,-1,Echolocation,/mnt/ubna_data_02_mir/recover-20220922/UBNA_001/20220921_090000.WAV,Telephone Field,recover-20220922,001,1795
1138.4075,1138.4167,22890,30870,Plecotus austriacus,0.016,0.042,-1,Echolocation,/mnt/ubna_data_02_mir/recover-20220922/UBNA_001/20220921_090000.WAV,Telephone Field,recover-20220922,001,1795
1138.4175,1138.4587,68437,82759,Rhinolophus ferrumequinum,0.024,0.024,-1,Echolocation,/mnt/ubna_data_02_mir/recover-20220922/UBNA_001/20220921_090000.WAV,Telephone Field,recover-20220922,001,1795
1138.4365,1138.4749,68437,82565,Rhinolophus ferrumequinum,0.024,0.024,-1,Echolocation,/mnt/ubna_data_02_mir/recover-20220922/UBNA_001/20220921_090000.WAV,Telephone Field,recover-20220922,001,1795
1138.4805,1138.5245,68437,83714,Rhinolophus ferrumequinum,0.038,0.038,-1,Echolocation,/mnt/ubna_data_02_mir/recover-20220922/UBNA_001/20220921_090000.WAV,Telephone Field,recover-20220922,001,1795
1138.5115,1138.5195,26328,37497,Eptesicus serotinus,0.008,0.024,-1,Echolocation,/mnt/ubna_data_02_mir/recover-20220922/UBNA_001/20220921_090000.WAV,Telephone Field,recover-20220922,001,1795
1138.5255,1138.5362,28906,36429,Eptesicus serotinus,0.011,0.024,-1,Echolocation,/mnt/ubna_data_02_mir/recover-20220922/UBNA_001/20220921_090000.WAV,Telephone Field,recover-20220922,001,1795
1138.5555,1138.5954,68437,82250,Rhinolophus ferrumequinum,0.024,0.024,-1,Echolocation,/mnt/ubna_data_02_mir/recover-20220922/UBNA_001/20220921_090000.WAV,Telephone Field,recover-20220922,001,1795
1138.5735,1138.6127,68437,82483,Rhinolophus ferrumequinum,0.023,0.023,-1,Echolocation,/mnt/ubna_data_02_mir/recover-20220922/UBNA_001/20220921_090000.WAV,Telephone Field,recover-20220922,001,1795
1138.6105,1138.647,68437,81750,Rhinolophus ferrumequinum,0.026,0.026,-1,Echolocation,/mnt/ubna_data_02_mir/recover-20220922/UBNA_001/20220921_090000.WAV,Telephone Field,recover-20220922,001,1795
1138.6215,1138.6323,22031,26880,Nyctalus leisleri,0.013,0.03,-1,Echolocation,/mnt/ubna_data_02_mir/recover-20220922/UBNA_001/20220921_090000.WAV,Telephone Field,recover-20220922,001,1795
1138.6265,1138.6653,68437,81912,Rhinolophus ferrumequinum,0.025,0.025,-1,Echolocation,/mnt/ubna_data_02_mir/recover-20220922/UBNA_001/20220921_090000.WAV,Telephone Field,recover-20220922,001,1795
1138.6435,1138.6822,68437,82545,Rhinolophus ferrumequinum,0.024,0.024,-1,Echolocation,/mnt/ubna_data_02_mir/recover-20220922/UBNA_001/20220921_090000.WAV,Telephone Field,recover-20220922,001,1795
1138.6475,1138.6583,24609,29968,Nyctalus leisleri,0.012,0.031,-1,Echolocation,/mnt/ubna_data_02_mir/recover-20220922/UBNA_001/20220921_090000.WAV,Telephone Field,recover-20220922,001,1795
1138.6805,1138.7187,68437,82537,Rhinolophus ferrumequinum,0.029,0.029,-1,Echolocation,/mnt/ubna_data_02_mir/recover-20220922/UBNA_001/20220921_090000.WAV,Telephone Field,recover-20220922,001,1795
1138.6815,1138.6919,22890,28707,Nyctalus leisleri,0.009,0.023,-1,Echolocation,/mnt/ubna_data_02_mir/recover-20220922/UBNA_001/20220921_090000.WAV,Telephone Field,recover-20220922,001,1795
1138.6935,1138.732,68437,81655,Rhinolophus ferrumequinum,0.024,0.024,-1,Echolocation,/mnt/ubna_data_02_mir/recover-20220922/UBNA_001/20220921_090000.WAV,Telephone Field,recover-20220922,001,1795
1138.7175,1138.7259,28046,39235,Eptesicus serotinus,0.009,0.023,-1,Echolocation,/mnt/ubna_data_02_mir/recover-20220922/UBNA_001/20220921_090000.WAV,Telephone Field,recover-20220922,001,1795
1138.7195,1138.7337,39218,42297,Pipistrellus nathusii,0.025,0.035,-1,Echolocation,/mnt/ubna_data_02_mir/recover-20220922/UBNA_001/20220921_090000.WAV,Telephone Field,recover-20220922,001,1795
1138.7345,1138.7774,68437,82746,Rhinolophus ferrumequinum,0.029,0.029,-1,Echolocation,/mnt/ubna_data_02_mir/recover-20220922/UBNA_001/20220921_090000.WAV,Telephone Field,recover-20220922,001,1795
1138.7715,1138.8122,68437,82536,Rhinolophus ferrumequinum,0.032,0.032,-1,Echolocation,/mnt/ubna_data_02_mir/recover-20220922/UBNA_001/20220921_090000.WAV,Telephone Field,recover-20220922,001,1795
1138.8075,1138.8468,68437,82603,Rhinolophus ferrumequinum,0.023,0.024,-1,Echolocation,/mnt/ubna_data_02_mir/recover-20220922/UBNA_001/20220921_090000.WAV,Telephone Field,recover-20220922,001,1795
1138.8185,1138.8287,28046,36864,Eptesicus serotinus,0.012,0.029,-1,Echolocation,/mnt/ubna_data_02_mir/recover-20220922/UBNA_001/20220921_090000.WAV,Telephone Field,recover-20220922,001,1795
1138.8745,1138.9085,68437,80641,Rhinolophus ferrumequinum,0.023,0.023,-1,Echolocation,/mnt/ubna_data_02_mir/recover-20220922/UBNA_001/20220921_090000.WAV,Telephone Field,recover-20220922,001,1795
1138.9035,1138.9491,68437,83492,Rhinolophus ferrumequinum,0.058,0.058,-1,Echolocation,/mnt/ubna_data_02_mir/recover-20220922/UBNA_001/20220921_090000.WAV,Telephone Field,recover-20220922,001,1795
1138.9405,1138.9511,28906,35885,Eptesicus serotinus,0.012,0.026,-1,Echolocation,/mnt/ubna_data_02_mir/recover-20220922/UBNA_001/20220921_090000.WAV,Telephone Field,recover-20220922,001,1795
1138.9505,1138.9886,68437,82672,Rhinolophus ferrumequinum,0.023,0.023,-1,Echolocation,/mnt/ubna_data_02_mir/recover-20220922/UBNA_001/20220921_090000.WAV,Telephone Field,recover-20220922,001,1795
1138.9515,1138.9615,23750,30168,Nyctalus leisleri,0.009,0.024,-1,Echolocation,/mnt/ubna_data_02_mir/recover-20220922/UBNA_001/20220921_090000.WAV,Telephone Field,recover-20220922,001,1795
1138.9665,1139.0073,68437,82744,Rhinolophus ferrumequinum,0.035,0.035,-1,Echolocation,/mnt/ubna_data_02_mir/recover-20220922/UBNA_001/20220921_090000.WAV,Telephone Field,recover-20220922,001,1795
1138.9675,1138.9789,37500,42392,Pipistrellus nathusii,0.015,0.024,-1,Echolocation,/mnt/ubna_data_02_mir/recover-20220922/UBNA_001/20220921_090000.WAV,Telephone Field,recover-20220922,001,1795
1138.9955,1139.0072,34062,39762,Eptesicus serotinus,0.008,0.031,-1,Echolocation,/mnt/ubna_data_02_mir/recover-20220922/UBNA_001/20220921_090000.WAV,Telephone Field,recover-20220922,001,1795
1138.9995,1139.0361,68437,81191,Rhinolophus ferrumequinum,0.022,0.022,-1,Echolocation,/mnt/ubna_data_02_mir/recover-20220922/UBNA_001/20220921_090000.WAV,Telephone Field,recover-20220922,001,1795
1139.0145,1139.0234,27187,36628,Eptesicus serotinus,0.009,0.023,-1,Echolocation,/mnt/ubna_data_02_mir/recover-20220922/UBNA_001/20220921_090000.WAV,Telephone Field,recover-20220922,001,1795
1139.0515,1139.0917,68437,82449,Rhinolophus ferrumequinum,0.025,0.025,-1,Echolocation,/mnt/ubna_data_02_mir/recover-20220922/UBNA_001/20220921_090000.WAV,Telephone Field,recover-20220922,001,1795
1139.0755,1139.1163999999999,68437,83384,Rhinolophus ferrumequinum,0.03,0.03,-1,Echolocation,/mnt/ubna_data_02_mir/recover-20220922/UBNA_001/20220921_090000.WAV,Telephone Field,recover-20220922,001,1795
1139.0965,1139.1328,68437,81676,Rhinolophus ferrumequinum,0.023,0.023,-1,Echolocation,/mnt/ubna_data_02_mir/recover-20220922/UBNA_001/20220921_090000.WAV,Telephone Field,recover-20220922,001,1795
1139.1535,1139.1957,68437,83215,Rhinolophus ferrumequinum,0.039,0.039,-1,Echolocation,/mnt/ubna_data_02_mir/recover-20220922/UBNA_001/20220921_090000.WAV,Telephone Field,recover-20220922,001,1795
1139.1795,1139.2177,68437,82130,Rhinolophus ferrumequinum,0.023,0.023,-1,Echolocation,/mnt/ubna_data_02_mir/recover-20220922/UBNA_001/20220921_090000.WAV,Telephone Field,recover-20220922,001,1795
1139.1955,1139.2051,28906,36908,Eptesicus serotinus,0.01,0.025,-1,Echolocation,/mnt/ubna_data_02_mir/recover-20220922/UBNA_001/20220921_090000.WAV,Telephone Field,recover-20220922,001,1795
1139.2375,1139.2801,68437,83099,Rhinolophus ferrumequinum,0.027,0.027,-1,Echolocation,/mnt/ubna_data_02_mir/recover-20220922/UBNA_001/20220921_090000.WAV,Telephone Field,recover-20220922,001,1795
1139.2435,1139.2507,28046,38871,Eptesicus serotinus,0.007,0.024,-1,Echolocation,/mnt/ubna_data_02_mir/recover-20220922/UBNA_001/20220921_090000.WAV,Telephone Field,recover-20220922,001,1795
1139.2635,1139.2728,25468,32814,Eptesicus serotinus,0.019,0.047,-1,Echolocation,/mnt/ubna_data_02_mir/recover-20220922/UBNA_001/20220921_090000.WAV,Telephone Field,recover-20220922,001,1795
1139.2735,1139.3129,68437,82446,Rhinolophus ferrumequinum,0.024,0.024,-1,Echolocation,/mnt/ubna_data_02_mir/recover-20220922/UBNA_001/20220921_090000.WAV,Telephone Field,recover-20220922,001,1795
1139.2755,1139.2841,26328,34697,Eptesicus serotinus,0.01,0.024,-1,Echolocation,/mnt/ubna_data_02_mir/recover-20220922/UBNA_001/20220921_090000.WAV,Telephone Field,recover-20220922,001,1795
1139.3145,1139.3545,68437,82051,Rhinolophus ferrumequinum,0.023,0.023,-1,Echolocation,/mnt/ubna_data_02_mir/recover-20220922/UBNA_001/20220921_090000.WAV,Telephone Field,recover-20220922,001,1795
1139.3215,1139.3611,68437,82146,Rhinolophus ferrumequinum,0.025,0.025,-1,Echolocation,/mnt/ubna_data_02_mir/recover-20220922/UBNA_001/20220921_090000.WAV,Telephone Field,recover-20220922,001,1795
1139.3355,1139.3725,68437,81734,Rhinolophus ferrumequinum,0.026,0.026,-1,Echolocation,/mnt/ubna_data_02_mir/recover-20220922/UBNA_001/20220921_090000.WAV,Telephone Field,recover-20220922,001,1795
1139.3535,1139.3877,68437,81617,Rhinolophus ferrumequinum,0.025,0.025,-1,Echolocation,/mnt/ubna_data_02_mir/recover-20220922/UBNA_001/20220921_090000.WAV,Telephone Field,recover-20220922,001,1795
1139.3795,1139.4178,68437,81929,Rhinolophus ferrumequinum,0.024,0.024,-1,Echolocation,/mnt/ubna_data_02_mir/recover-20220922/UBNA_001/20220921_090000.WAV,Telephone Field,recover-20220922,001,1795
1139.3925,1139.4274,68437,81709,Rhinolophus ferrumequinum,0.023,0.023,-1,Echolocation,/mnt/ubna_data_02_mir/recover-20220922/UBNA_001/20220921_090000.WAV,Telephone Field,recover-20220922,001,1795
1139.4105,1139.4485,68437,81802,Rhinolophus ferrumequinum,0.023,0.023,-1,Echolocation,/mnt/ubna_data_02_mir/recover-20220922/UBNA_001/20220921_090000.WAV,Telephone Field,recover-20220922,001,1795
1139.4995,1139.5085,28046,39560,Eptesicus serotinus,0.009,0.023,-1,Echolocation,/mnt/ubna_data_02_mir/recover-20220922/UBNA_001/20220921_090000.WAV,Telephone Field,recover-20220922,001,1795
1139.5005,1139.5414,68437,82921,Rhinolophus ferrumequinum,0.032,0.032,-1,Echolocation,/mnt/ubna_data_02_mir/recover-20220922/UBNA_001/20220921_090000.WAV,Telephone Field,recover-20220922,001,1795
1139.5365,1139.5459,22890,29961,Plecotus austriacus,0.008,0.023,-1,Echolocation,/mnt/ubna_data_02_mir/recover-20220922/UBNA_001/20220921_090000.WAV,Telephone Field,recover-20220922,001,1795
1139.5455,1139.5871,68437,82915,Rhinolophus ferrumequinum,0.029,0.029,-1,Echolocation,/mnt/ubna_data_02_mir/recover-20220922/UBNA_001/20220921_090000.WAV,Telephone Field,recover-20220922,001,1795
1139.5695,1139.6091,68437,82095,Rhinolophus ferrumequinum,0.023,0.023,-1,Echolocation,/mnt/ubna_data_02_mir/recover-20220922/UBNA_001/20220921_090000.WAV,Telephone Field,recover-20220922,001,1795
1139.5895,1139.6289,68437,82041,Rhinolophus ferrumequinum,0.023,0.023,-1,Echolocation,/mnt/ubna_data_02_mir/recover-20220922/UBNA_001/20220921_090000.WAV,Telephone Field,recover-20220922,001,1795
1139.6185,1139.6537,68437,81753,Rhinolophus ferrumequinum,0.022,0.023,-1,Echolocation,/mnt/ubna_data_02_mir/recover-20220922/UBNA_001/20220921_090000.WAV,Telephone Field,recover-20220922,001,1795
1139.6255,1139.6323,25468,35089,Plecotus austriacus,0.01,0.029,-1,Echolocation,/mnt/ubna_data_02_mir/recover-20220922/UBNA_001/20220921_090000.WAV,Telephone Field,recover-20220922,001,1795
1139.6315,1139.6714,68437,82145,Rhinolophus ferrumequinum,0.023,0.023,-1,Echolocation,/mnt/ubna_data_02_mir/recover-20220922/UBNA_001/20220921_090000.WAV,Telephone Field,recover-20220922,001,1795
1139.6605,1139.7002,68437,82224,Rhinolophus ferrumequinum,0.025,0.025,-1,Echolocation,/mnt/ubna_data_02_mir/recover-20220922/UBNA_001/20220921_090000.WAV,Telephone Field,recover-20220922,001,1795
1139.7095,1139.7195,21171,26420,Nyctalus leisleri,0.01,0.028,-1,Echolocation,/mnt/ubna_data_02_mir/recover-20220922/UBNA_001/20220921_090000.WAV,Telephone Field,recover-20220922,001,1795
1139.7105,1139.721,27187,34776,Eptesicus serotinus,0.012,0.027,-1,Echolocation,/mnt/ubna_data_02_mir/recover-20220922/UBNA_001/20220921_090000.WAV,Telephone Field,recover-20220922,001,1795
1139.7395,1139.7794,68437,82667,Rhinolophus ferrumequinum,0.025,0.025,-1,Echolocation,/mnt/ubna_data_02_mir/recover-20220922/UBNA_001/20220921_090000.WAV,Telephone Field,recover-20220922,001,1795
1139.7715,1139.811,68437,82548,Rhinolophus ferrumequinum,0.023,0.024,-1,Echolocation,/mnt/ubna_data_02_mir/recover-20220922/UBNA_001/20220921_090000.WAV,Telephone Field,recover-20220922,001,1795
1139.7915,1139.8019,28906,36746,Eptesicus serotinus,0.01,0.024,-1,Echolocation,/mnt/ubna_data_02_mir/recover-20220922/UBNA_001/20220921_090000.WAV,Telephone Field,recover-20220922,001,1795
1139.7995,1139.8098,28906,36211,Eptesicus serotinus,0.009,0.024,-1,Echolocation,/mnt/ubna_data_02_mir/recover-20220922/UBNA_001/20220921_090000.WAV,Telephone Field,recover-20220922,001,1795
1139.8005,1139.8424,68437,82878,Rhinolophus ferrumequinum,0.023,0.023,-1,Echolocation,/mnt/ubna_data_02_mir/recover-20220922/UBNA_001/20220921_090000.WAV,Telephone Field,recover-20220922,001,1795
1139.8645,1139.9045,68437,82500,Rhinolophus ferrumequinum,0.025,0.025,-1,Echolocation,/mnt/ubna_data_02_mir/recover-20220922/UBNA_001/20220921_090000.WAV,Telephone Field,recover-20220922,001,1795
1139.8715,1139.8822,14296,19395,Nyctalus noctula,0.069,0.107,-1,Echolocation,/mnt/ubna_data_02_mir/recover-20220922/UBNA_001/20220921_090000.WAV,Telephone Field,recover-20220922,001,1795
1139.8825,1139.9204,68437,81797,Rhinolophus ferrumequinum,0.023,0.023,-1,Echolocation,/mnt/ubna_data_02_mir/recover-20220922/UBNA_001/20220921_090000.WAV,Telephone Field,recover-20220922,001,1795
1139.9035,1139.9145,44375,47803,Pipistrellus pipistrellus,0.086,0.095,-1,Echolocation,/mnt/ubna_data_02_mir/recover-20220922/UBNA_001/20220921_090000.WAV,Telephone Field,recover-20220922,001,1795
1139.9085,1139.9154,27187,38752,Eptesicus serotinus,0.007,0.025,-1,Echolocation,/mnt/ubna_data_02_mir/recover-20220922/UBNA_001/20220921_090000.WAV,Telephone Field,recover-20220922,001,1795
1139.9195,1139.9593,68437,82231,Rhinolophus ferrumequinum,0.026,0.026,-1,Echolocation,/mnt/ubna_data_02_mir/recover-20220922/UBNA_001/20220921_090000.WAV,Telephone Field,recover-20220922,001,1795
1139.9545,1139.9975,68437,83189,Rhinolophus ferrumequinum,0.048,0.048,-1,Echolocation,/mnt/ubna_data_02_mir/recover-20220922/UBNA_001/20220921_090000.WAV,Telephone Field,recover-20220922,001,1795
1140.0015,1140.0352,68437,79892,Rhinolophus ferrumequinum,0.045,0.045,-1,Echolocation,/mnt/ubna_data_02_mir/recover-20220922/UBNA_001/20220921_090000.WAV,Telephone Field,recover-20220922,001,1795
1140.0015,1140.0108,21171,26129,Nyctalus leisleri,0.011,0.024,-1,Echolocation,/mnt/ubna_data_02_mir/recover-20220922/UBNA_001/20220921_090000.WAV,Telephone Field,recover-20220922,001,1795
1140.0065,1140.0472,68437,81938,Rhinolophus ferrumequinum,0.028,0.029,-1,Echolocation,/mnt/ubna_data_02_mir/recover-20220922/UBNA_001/20220921_090000.WAV,Telephone Field,recover-20220922,001,1795
1140.0435,1140.0518,27187,39395,Eptesicus serotinus,0.008,0.023,-1,Echolocation,/mnt/ubna_data_02_mir/recover-20220922/UBNA_001/20220921_090000.WAV,Telephone Field,recover-20220922,001,1795
1140.0655,1140.1057,68437,82503,Rhinolophus ferrumequinum,0.026,0.026,-1,Echolocation,/mnt/ubna_data_02_mir/recover-20220922/UBNA_001/20220921_090000.WAV,Telephone Field,recover-20220922,001,1795
1140.0795,1140.0896,28046,37636,Eptesicus serotinus,0.012,0.028,-1,Echolocation,/mnt/ubna_data_02_mir/recover-20220922/UBNA_001/20220921_090000.WAV,Telephone Field,recover-20220922,001,1795
1140.0895,1140.0974,28046,36978,Eptesicus serotinus,0.008,0.025,-1,Echolocation,/mnt/ubna_data_02_mir/recover-20220922/UBNA_001/20220921_090000.WAV,Telephone Field,recover-20220922,001,1795
1140.0945,1140.1324,68437,81990,Rhinolophus ferrumequinum,0.025,0.025,-1,Echolocation,/mnt/ubna_data_02_mir/recover-20220922/UBNA_001/20220921_090000.WAV,Telephone Field,recover-20220922,001,1795
1140.0995,1140.137,68437,82363,Rhinolophus ferrumequinum,0.024,0.024,-1,Echolocation,/mnt/ubna_data_02_mir/recover-20220922/UBNA_001/20220921_090000.WAV,Telephone Field,recover-20220922,001,1795
1140.1225,1140.1618,68437,82410,Rhinolophus ferrumequinum,0.025,0.025,-1,Echolocation,/mnt/ubna_data_02_mir/recover-20220922/UBNA_001/20220921_090000.WAV,Telephone Field,recover-20220922,001,1795
1140.1335,1140.1542,16015,20881,Nyctalus noctula,0.031,0.04,-1,Echolocation,/mnt/ubna_data_02_mir/recover-20220922/UBNA_001/20220921_090000.WAV,Telephone Field,recover-20220922,001,1795
1140.2365,1140.2442,25468,39680,Eptesicus serotinus,0.006,0.025,-1,Echolocation,/mnt/ubna_data_02_mir/recover-20220922/UBNA_001/20220921_090000.WAV,Telephone Field,recover-20220922,001,1795
1140.2495,1140.2876,68437,82200,Rhinolophus ferrumequinum,0.024,0.024,-1,Echolocation,/mnt/ubna_data_02_mir/recover-20220922/UBNA_001/20220921_090000.WAV,Telephone Field,recover-20220922,001,1795
1140.2975,1140.3367,68437,82357,Rhinolophus ferrumequinum,0.022,0.022,-1,Echolocation,/mnt/ubna_data_02_mir/recover-20220922/UBNA_001/20220921_090000.WAV,Telephone Field,recover-20220922,001,1795
1140.3055,1140.3468,68437,83261,Rhinolophus ferrumequinum,0.026,0.026,-1,Echolocation,/mnt/ubna_data_02_mir/recover-20220922/UBNA_001/20220921_090000.WAV,Telephone Field,recover-20220922,001,1795
1140.3065,1140.3168,23750,30539,Nyctalus leisleri,0.008,0.024,-1,Echolocation,/mnt/ubna_data_02_mir/recover-20220922/UBNA_001/20220921_090000.WAV,Telephone Field,recover-20220922,001,1795
1140.3175,1140.3258,28906,39210,Eptesicus serotinus,0.008,0.026,-1,Echolocation,/mnt/ubna_data_02_mir/recover-20220922/UBNA_001/20220921_090000.WAV,Telephone Field,recover-20220922,001,1795
1140.3205,1140.3324,33203,39542,Eptesicus serotinus,0.008,0.024,-1,Echolocation,/mnt/ubna_data_02_mir/recover-20220922/UBNA_001/20220921_090000.WAV,Telephone Field,recover-20220922,001,1795
1140.3285,1140.3683,68437,82354,Rhinolophus ferrumequinum,0.031,0.031,-1,Echolocation,/mnt/ubna_data_02_mir/recover-20220922/UBNA_001/20220921_090000.WAV,Telephone Field,recover-20220922,001,1795
1140.3785,1140.416,68437,82073,Rhinolophus ferrumequinum,0.037,0.037,-1,Echolocation,/mnt/ubna_data_02_mir/recover-20220922/UBNA_001/20220921_090000.WAV,Telephone Field,recover-20220922,001,1795
1140.3885,1140.399,22890,29192,Nyctalus leisleri,0.009,0.022,-1,Echolocation,/mnt/ubna_data_02_mir/recover-20220922/UBNA_001/20220921_090000.WAV,Telephone Field,recover-20220922,001,1795
1140.3925,1140.4304,68437,81980,Rhinolophus ferrumequinum,0.024,0.024,-1,Echolocation,/mnt/ubna_data_02_mir/recover-20220922/UBNA_001/20220921_090000.WAV,Telephone Field,recover-20220922,001,1795
1140.3935,1140.4014,27187,36865,Eptesicus serotinus,0.007,0.022,-1,Echolocation,/mnt/ubna_data_02_mir/recover-20220922/UBNA_001/20220921_090000.WAV,Telephone Field,recover-20220922,001,1795
1140.4015,1140.4417,68437,82468,Rhinolophus ferrumequinum,0.023,0.023,-1,Echolocation,/mnt/ubna_data_02_mir/recover-20220922/UBNA_001/20220921_090000.WAV,Telephone Field,recover-20220922,001,1795
1140.4725,1140.4843,28906,35465,Eptesicus serotinus,0.015,0.031,-1,Echolocation,/mnt/ubna_data_02_mir/recover-20220922/UBNA_001/20220921_090000.WAV,Telephone Field,recover-20220922,001,1795
1140.4845,1140.5237,68437,81834,Rhinolophus ferrumequinum,0.023,0.023,-1,Echolocation,/mnt/ubna_data_02_mir/recover-20220922/UBNA_001/20220921_090000.WAV,Telephone Field,recover-20220922,001,1795
1140.4935,1140.5332,68437,82878,Rhinolophus ferrumequinum,0.031,0.031,-1,Echolocation,/mnt/ubna_data_02_mir/recover-20220922/UBNA_001/20220921_090000.WAV,Telephone Field,recover-20220922,001,1795
1140.5115,1140.5511,68437,82751,Rhinolophus ferrumequinum,0.024,0.024,-1,Echolocation,/mnt/ubna_data_02_mir/recover-20220922/UBNA_001/20220921_090000.WAV,Telephone Field,recover-20220922,001,1795
1140.5185,1140.5589,68437,82857,Rhinolophus ferrumequinum,0.024,0.024,-1,Echolocation,/mnt/ubna_data_02_mir/recover-20220922/UBNA_001/20220921_090000.WAV,Telephone Field,recover-20220922,001,1795
1140.5445,1140.5826,68437,82149,Rhinolophus ferrumequinum,0.026,0.026,-1,Echolocation,/mnt/ubna_data_02_mir/recover-20220922/UBNA_001/20220921_090000.WAV,Telephone Field,recover-20220922,001,1795
1140.5525,1140.5933,68437,82709,Rhinolophus ferrumequinum,0.024,0.024,-1,Echolocation,/mnt/ubna_data_02_mir/recover-20220922/UBNA_001/20220921_090000.WAV,Telephone Field,recover-20220922,001,1795
1140.6155,1140.6585,68437,83376,Rhinolophus ferrumequinum,0.026,0.026,-1,Echolocation,/mnt/ubna_data_02_mir/recover-20220922/UBNA_001/20220921_090000.WAV,Telephone Field,recover-20220922,001,1795
1140.6165,1140.6251,26328,34539,Eptesicus serotinus,0.009,0.025,-1,Echolocation,/mnt/ubna_data_02_mir/recover-20220922/UBNA_001/20220921_090000.WAV,Telephone Field,recover-20220922,001,1795
1140.6305,1140.6422,28046,34769,Eptesicus serotinus,0.014,0.029,-1,Echolocation,/mnt/ubna_data_02_mir/recover-20220922/UBNA_001/20220921_090000.WAV,Telephone Field,recover-20220922,001,1795
1140.7435,1140.7817,68437,82342,Rhinolophus ferrumequinum,0.026,0.026,-1,Echolocation,/mnt/ubna_data_02_mir/recover-20220922/UBNA_001/20220921_090000.WAV,Telephone Field,recover-20220922,001,1795
1140.7725,1140.8147,68437,82649,Rhinolophus ferrumequinum,0.027,0.027,-1,Echolocation,/mnt/ubna_data_02_mir/recover-20220922/UBNA_001/20220921_090000.WAV,Telephone Field,recover-20220922,001,1795
1140.7825,1140.7871,37500,50006,Myotis daubentonii,0.021,0.052,-1,Echolocation,/mnt/ubna_data_02_mir/recover-20220922/UBNA_001/20220921_090000.WAV,Telephone Field,recover-20220922,001,1795
1140.7835,1140.7888,27187,49874,Myotis nattereri,0.009,0.038,-1,Echolocation,/mnt/ubna_data_02_mir/recover-20220922/UBNA_001/20220921_090000.WAV,Telephone Field,recover-20220922,001,1795
1140.8195,1140.8271,28046,38514,Eptesicus serotinus,0.008,0.026,-1,Echolocation,/mnt/ubna_data_02_mir/recover-20220922/UBNA_001/20220921_090000.WAV,Telephone Field,recover-20220922,001,1795
1140.8325,1140.8724,68437,82232,Rhinolophus ferrumequinum,0.022,0.023,-1,Echolocation,/mnt/ubna_data_02_mir/recover-20220922/UBNA_001/20220921_090000.WAV,Telephone Field,recover-20220922,001,1795
1140.8395,1140.8808,68437,82757,Rhinolophus ferrumequinum,0.026,0.026,-1,Echolocation,/mnt/ubna_data_02_mir/recover-20220922/UBNA_001/20220921_090000.WAV,Telephone Field,recover-20220922,001,1795
1140.8475,1140.8566,28046,37936,Eptesicus serotinus,0.01,0.024,-1,Echolocation,/mnt/ubna_data_02_mir/recover-20220922/UBNA_001/20220921_090000.WAV,Telephone Field,recover-20220922,001,1795
1140.8665,1140.907,68437,82101,Rhinolophus ferrumequinum,0.023,0.023,-1,Echolocation,/mnt/ubna_data_02_mir/recover-20220922/UBNA_001/20220921_090000.WAV,Telephone Field,recover-20220922,001,1795
1140.8775,1140.915,68437,81908,Rhinolophus ferrumequinum,0.023,0.023,-1,Echolocation,/mnt/ubna_data_02_mir/recover-20220922/UBNA_001/20220921_090000.WAV,Telephone Field,recover-20220922,001,1795
1140.9035,1140.9158,15156,22564,Nyctalus noctula,0.015,0.023,-1,Echolocation,/mnt/ubna_data_02_mir/recover-20220922/UBNA_001/20220921_090000.WAV,Telephone Field,recover-20220922,001,1795
1140.9335,1140.9735,68437,82440,Rhinolophus ferrumequinum,0.023,0.023,-1,Echolocation,/mnt/ubna_data_02_mir/recover-20220922/UBNA_001/20220921_090000.WAV,Telephone Field,recover-20220922,001,1795
1140.9745,1141.0159,68437,82790,Rhinolophus ferrumequinum,0.032,0.032,-1,Echolocation,/mnt/ubna_data_02_mir/recover-20220922/UBNA_001/20220921_090000.WAV,Telephone Field,recover-20220922,001,1795
1141.0105,1141.0179,28046,37829,Eptesicus serotinus,0.007,0.027,-1,Echolocation,/mnt/ubna_data_02_mir/recover-20220922/UBNA_001/20220921_090000.WAV,Telephone Field,recover-20220922,001,1795
1141.0155,1141.0521,68437,82209,Rhinolophus ferrumequinum,0.023,0.023,-1,Echolocation,/mnt/ubna_data_02_mir/recover-20220922/UBNA_001/20220921_090000.WAV,Telephone Field,recover-20220922,001,1795
1141.0205,1141.0603,68437,82544,Rhinolophus ferrumequinum,0.023,0.023,-1,Echolocation,/mnt/ubna_data_02_mir/recover-20220922/UBNA_001/20220921_090000.WAV,Telephone Field,recover-20220922,001,1795
1141.0585,1141.0963,68437,82313,Rhinolophus ferrumequinum,0.026,0.026,-1,Echolocation,/mnt/ubna_data_02_mir/recover-20220922/UBNA_001/20220921_090000.WAV,Telephone Field,recover-20220922,001,1795
1141.0625,1141.0708,28046,38996,Eptesicus serotinus,0.009,0.026,-1,Echolocation,/mnt/ubna_data_02_mir/recover-20220922/UBNA_001/20220921_090000.WAV,Telephone Field,recover-20220922,001,1795
1141.0765,1141.1155,68437,82081,Rhinolophus ferrumequinum,0.04,0.04,-1,Echolocation,/mnt/ubna_data_02_mir/recover-20220922/UBNA_001/20220921_090000.WAV,Telephone Field,recover-20220922,001,1795
1141.0875,1141.0977,22031,27411,Nyctalus leisleri,0.011,0.025,-1,Echolocation,/mnt/ubna_data_02_mir/recover-20220922/UBNA_001/20220921_090000.WAV,Telephone Field,recover-20220922,001,1795
1141.1035,1141.1418,68437,81684,Rhinolophus ferrumequinum,0.024,0.024,-1,Echolocation,/mnt/ubna_data_02_mir/recover-20220922/UBNA_001/20220921_090000.WAV,Telephone Field,recover-20220922,001,1795
1141.1275,1141.136,28046,38842,Eptesicus serotinus,0.009,0.024,-1,Echolocation,/mnt/ubna_data_02_mir/recover-20220922/UBNA_001/20220921_090000.WAV,Telephone Field,recover-20220922,001,1795
1141.1615,1141.1724,23750,29133,Nyctalus leisleri,0.013,0.031,-1,Echolocation,/mnt/ubna_data_02_mir/recover-20220922/UBNA_001/20220921_090000.WAV,Telephone Field,recover-20220922,001,1795
1141.1695,1141.2049,68437,80949,Rhinolophus ferrumequinum,0.039,0.039,-1,Echolocation,/mnt/ubna_data_02_mir/recover-20220922/UBNA_001/20220921_090000.WAV,Telephone Field,recover-20220922,001,1795
1141.1905,1141.2026,28046,34374,Eptesicus serotinus,0.017,0.034,-1,Echolocation,/mnt/ubna_data_02_mir/recover-20220922/UBNA_001/20220921_090000.WAV,Telephone Field,recover-20220922,001,1795
1141.2395,1141.2806,68437,82746,Rhinolophus ferrumequinum,0.03,0.03,-1,Echolocation,/mnt/ubna_data_02_mir/recover-20220922/UBNA_001/20220921_090000.WAV,Telephone Field,recover-20220922,001,1795
1141.2725,1141.2794,24609,33899,Plecotus austriacus,0.013,0.029,-1,Echolocation,/mnt/ubna_data_02_mir/recover-20220922/UBNA_001/20220921_090000.WAV,Telephone Field,recover-20220922,001,1795
1141.3025,1141.3104,24609,33006,Plecotus austriacus,0.007,0.023,-1,Echolocation,/mnt/ubna_data_02_mir/recover-20220922/UBNA_001/20220921_090000.WAV,Telephone Field,recover-20220922,001,1795
1141.3405,1141.3827,68437,83289,Rhinolophus ferrumequinum,0.028,0.028,-1,Echolocation,/mnt/ubna_data_02_mir/recover-20220922/UBNA_001/20220921_090000.WAV,Telephone Field,recover-20220922,001,1795
1141.4105,1141.4518,68437,82928,Rhinolophus ferrumequinum,0.027,0.027,-1,Echolocation,/mnt/ubna_data_02_mir/recover-20220922/UBNA_001/20220921_090000.WAV,Telephone Field,recover-20220922,001,1795
1141.4605,1141.4693,27187,36606,Eptesicus serotinus,0.009,0.024,-1,Echolocation,/mnt/ubna_data_02_mir/recover-20220922/UBNA_001/20220921_090000.WAV,Telephone Field,recover-20220922,001,1795
1141.4985,1141.5196,16875,20638,Nyctalus noctula,0.02,0.028,-1,Echolocation,/mnt/ubna_data_02_mir/recover-20220922/UBNA_001/20220921_090000.WAV,Telephone Field,recover-20220922,001,1795
1141.5105,1141.552,68437,82587,Rhinolophus ferrumequinum,0.026,0.026,-1,Echolocation,/mnt/ubna_data_02_mir/recover-20220922/UBNA_001/20220921_090000.WAV,Telephone Field,recover-20220922,001,1795
1141.5355,1141.5774,68437,83206,Rhinolophus ferrumequinum,0.025,0.025,-1,Echolocation,/mnt/ubna_data_02_mir/recover-20220922/UBNA_001/20220921_090000.WAV,Telephone Field,recover-20220922,001,1795
1141.5605,1141.5691,28046,38696,Eptesicus serotinus,0.01,0.026,-1,Echolocation,/mnt/ubna_data_02_mir/recover-20220922/UBNA_001/20220921_090000.WAV,Telephone Field,recover-20220922,001,1795
1141.6015,1141.6073,27187,49641,Myotis nattereri,0.009,0.034,-1,Echolocation,/mnt/ubna_data_02_mir/recover-20220922/UBNA_001/20220921_090000.WAV,Telephone Field,recover-20220922,001,1795
1141.6015,1141.6354,68437,80723,Rhinolophus ferrumequinum,0.022,0.022,-1,Echolocation,/mnt/ubna_data_02_mir/recover-20220922/UBNA_001/20220921_090000.WAV,Telephone Field,recover-20220922,001,1795
1141.6205,1141.6587,68437,82595,Rhinolophus ferrumequinum,0.025,0.025,-1,Echolocation,/mnt/ubna_data_02_mir/recover-20220922/UBNA_001/20220921_090000.WAV,Telephone Field,recover-20220922,001,1795
1141.6405,1141.6491,28046,41614,Eptesicus serotinus,0.008,0.023,-1,Echolocation,/mnt/ubna_data_02_mir/recover-20220922/UBNA_001/20220921_090000.WAV,Telephone Field,recover-20220922,001,1795
1141.6835,1141.6926,34921,41287,Barbastellus barbastellus,0.008,0.026,-1,Echolocation,/mnt/ubna_data_02_mir/recover-20220922/UBNA_001/20220921_090000.WAV,Telephone Field,recover-20220922,001,1795
1141.7065,1141.7141,27187,37350,Eptesicus serotinus,0.007,0.022,-1,Echolocation,/mnt/ubna_data_02_mir/recover-20220922/UBNA_001/20220921_090000.WAV,Telephone Field,recover-20220922,001,1795
1141.7265,1141.7633,68437,81345,Rhinolophus ferrumequinum,0.022,0.022,-1,Echolocation,/mnt/ubna_data_02_mir/recover-20220922/UBNA_001/20220921_090000.WAV,Telephone Field,recover-20220922,001,1795
1141.7415,1141.7497,50390,54495,Pipistrellus pipistrellus,0.021,0.023,-1,Echolocation,/mnt/ubna_data_02_mir/recover-20220922/UBNA_001/20220921_090000.WAV,Telephone Field,recover-20220922,001,1795
1141.7515,1141.7591,27187,39762,Eptesicus serotinus,0.007,0.023,-1,Echolocation,/mnt/ubna_data_02_mir/recover-20220922/UBNA_001/20220921_090000.WAV,Telephone Field,recover-20220922,001,1795
1141.7675,1141.8061,68437,81774,Rhinolophus ferrumequinum,0.023,0.023,-1,Echolocation,/mnt/ubna_data_02_mir/recover-20220922/UBNA_001/20220921_090000.WAV,Telephone Field,recover-20220922,001,1795
1141.7875,1141.798,23750,30178,Nyctalus leisleri,0.01,0.024,-1,Echolocation,/mnt/ubna_data_02_mir/recover-20220922/UBNA_001/20220921_090000.WAV,Telephone Field,recover-20220922,001,1795
1141.8265,1141.8357,28046,38140,Eptesicus serotinus,0.009,0.024,-1,Echolocation,/mnt/ubna_data_02_mir/recover-20220922/UBNA_001/20220921_090000.WAV,Telephone Field,recover-20220922,001,1795
1141.8305,1141.8711,68437,82942,Rhinolophus ferrumequinum,0.025,0.025,-1,Echolocation,/mnt/ubna_data_02_mir/recover-20220922/UBNA_001/20220921_090000.WAV,Telephone Field,recover-20220922,001,1795
1141.8645,1141.8776,24609,30309,Nyctalus leisleri,0.022,0.051,-1,Echolocation,/mnt/ubna_data_02_mir/recover-20220922/UBNA_001/20220921_090000.WAV,Telephone Field,recover-20220922,001,1795
1141.8925,1141.9026,28906,37086,Eptesicus serotinus,0.011,0.024,-1,Echolocation,/mnt/ubna_data_02_mir/recover-20220922/UBNA_001/20220921_090000.WAV,Telephone Field,recover-20220922,001,1795
1141.9435,1141.985,68437,82323,Rhinolophus ferrumequinum,0.034,0.034,-1,Echolocation,/mnt/ubna_data_02_mir/recover-20220922/UBNA_001/20220921_090000.WAV,Telephone Field,recover-20220922,001,1795
1142.0015,1142.0351,68437,80344,Rhinolophus ferrumequinum,0.047,0.047,-1,Echolocation,/mnt/ubna_data_02_mir/recover-20220922/UBNA_001/20220921_090000.WAV,Telephone Field,recover-20220922,001,1795
1142.0015,1142.0155,30625,37696,Eptesicus serotinus,0.012,0.025,-1,Echolocation,/mnt/ubna_data_02_mir/recover-20220922/UBNA_001/20220921_090000.WAV,Telephone Field,recover-20220922,001,1795
1142.0015,1142.0096,48671,56015,Pipistrellus pipistrellus,0.013,0.023,-1,Echolocation,/mnt/ubna_data_02_mir/recover-20220922/UBNA_001/20220921_090000.WAV,Telephone Field,recover-20220922,001,1795
1142.0105,1142.054,68437,82353,Rhinolophus ferrumequinum,0.031,0.031,-1,Echolocation,/mnt/ubna_data_02_mir/recover-20220922/UBNA_001/20220921_090000.WAV,Telephone Field,recover-20220922,001,1795
1142.0135,1142.025,28906,35583,Eptesicus serotinus,0.013,0.029,-1,Echolocation,/mnt/ubna_data_02_mir/recover-20220922/UBNA_001/20220921_090000.WAV,Telephone Field,recover-20220922,001,1795
1142.0355,1142.0749,68437,82579,Rhinolophus ferrumequinum,0.023,0.023,-1,Echolocation,/mnt/ubna_data_02_mir/recover-20220922/UBNA_001/20220921_090000.WAV,Telephone Field,recover-20220922,001,1795
1142.0555,1142.0678,22890,28031,Nyctalus leisleri,0.01,0.021,-1,Echolocation,/mnt/ubna_data_02_mir/recover-20220922/UBNA_001/20220921_090000.WAV,Telephone Field,recover-20220922,001,1795
1142.0675,1142.1047,68437,82565,Rhinolophus ferrumequinum,0.027,0.027,-1,Echolocation,/mnt/ubna_data_02_mir/recover-20220922/UBNA_001/20220921_090000.WAV,Telephone Field,recover-20220922,001,1795
1142.1305,1142.1694,68437,82199,Rhinolophus ferrumequinum,0.023,0.023,-1,Echolocation,/mnt/ubna_data_02_mir/recover-20220922/UBNA_001/20220921_090000.WAV,Telephone Field,recover-20220922,001,1795
1142.1595,1142.201,68437,83316,Rhinolophus ferrumequinum,0.031,0.032,-1,Echolocation,/mnt/ubna_data_02_mir/recover-20220922/UBNA_001/20220921_090000.WAV,Telephone Field,recover-20220922,001,1795
1142.1695,1142.2099,68437,82527,Rhinolophus ferrumequinum,0.021,0.021,-1,Echolocation,/mnt/ubna_data_02_mir/recover-20220922/UBNA_001/20220921_090000.WAV,Telephone Field,recover-20220922,001,1795
1142.1705,1142.1774,28046,38147,Eptesicus serotinus,0.006,0.023,-1,Echolocation,/mnt/ubna_data_02_mir/recover-20220922/UBNA_001/20220921_090000.WAV,Telephone Field,recover-20220922,001,1795
1142.1945,1142.2328,68437,82428,Rhinolophus ferrumequinum,0.023,0.023,-1,Echolocation,/mnt/ubna_data_02_mir/recover-20220922/UBNA_001/20220921_090000.WAV,Telephone Field,recover-20220922,001,1795
1142.2105,1142.2468,68437,81878,Rhinolophus ferrumequinum,0.022,0.022,-1,Echolocation,/mnt/ubna_data_02_mir/recover-20220922/UBNA_001/20220921_090000.WAV,Telephone Field,recover-20220922,001,1795
1142.2435,1142.2817,68437,81779,Rhinolophus ferrumequinum,0.023,0.023,-1,Echolocation,/mnt/ubna_data_02_mir/recover-20220922/UBNA_001/20220921_090000.WAV,Telephone Field,recover-20220922,001,1795
1142.2675,1142.2768,28046,37025,Eptesicus serotinus,0.009,0.021,-1,Echolocation,/mnt/ubna_data_02_mir/recover-20220922/UBNA_001/20220921_090000.WAV,Telephone Field,recover-20220922,001,1795
1142.2745,1142.3144,68437,82059,Rhinolophus ferrumequinum,0.024,0.024,-1,Echolocation,/mnt/ubna_data_02_mir/recover-20220922/UBNA_001/20220921_090000.WAV,Telephone Field,recover-20220922,001,1795
1142.3145,1142.3267,22890,27954,Nyctalus leisleri,0.013,0.025,-1,Echolocation,/mnt/ubna_data_02_mir/recover-20220922/UBNA_001/20220921_090000.WAV,Telephone Field,recover-20220922,001,1795
1142.3275,1142.3701,68437,83104,Rhinolophus ferrumequinum,0.035,0.035,-1,Echolocation,/mnt/ubna_data_02_mir/recover-20220922/UBNA_001/20220921_090000.WAV,Telephone Field,recover-20220922,001,1795
1142.3315,1142.3401,32343,42620,Myotis daubentonii,0.009,0.023,-1,Echolocation,/mnt/ubna_data_02_mir/recover-20220922/UBNA_001/20220921_090000.WAV,Telephone Field,recover-20220922,001,1795
1142.3565,1142.3656,28906,37050,Eptesicus serotinus,0.007,0.022,-1,Echolocation,/mnt/ubna_data_02_mir/recover-20220922/UBNA_001/20220921_090000.WAV,Telephone Field,recover-20220922,001,1795
1142.4205,1142.4314,23750,30211,Nyctalus leisleri,0.01,0.026,-1,Echolocation,/mnt/ubna_data_02_mir/recover-20220922/UBNA_001/20220921_090000.WAV,Telephone Field,recover-20220922,001,1795
1142.4885,1142.5281,68437,82573,Rhinolophus ferrumequinum,0.025,0.025,-1,Echolocation,/mnt/ubna_data_02_mir/recover-20220922/UBNA_001/20220921_090000.WAV,Telephone Field,recover-20220922,001,1795
1142.5295,1142.5689,68437,82699,Rhinolophus ferrumequinum,0.021,0.021,-1,Echolocation,/mnt/ubna_data_02_mir/recover-20220922/UBNA_001/20220921_090000.WAV,Telephone Field,recover-20220922,001,1795
1142.5355,1142.5757,68437,82352,Rhinolophus ferrumequinum,0.021,0.021,-1,Echolocation,/mnt/ubna_data_02_mir/recover-20220922/UBNA_001/20220921_090000.WAV,Telephone Field,recover-20220922,001,1795
1142.5395,1142.5483,27187,42751,Eptesicus serotinus,0.008,0.021,-1,Echolocation,/mnt/ubna_data_02_mir/recover-20220922/UBNA_001/20220921_090000.WAV,Telephone Field,recover-20220922,001,1795
1142.5445,1142.5821,68437,82363,Rhinolophus ferrumequinum,0.022,0.022,-1,Echolocation,/mnt/ubna_data_02_mir/recover-20220922/UBNA_001/20220921_090000.WAV,Telephone Field,recover-20220922,001,1795
1142.5495,1142.5862,68437,82216,Rhinolophus ferrumequinum,0.022,0.022,-1,Echolocation,/mnt/ubna_data_02_mir/recover-20220922/UBNA_001/20220921_090000.WAV,Telephone Field,recover-20220922,001,1795
1142.5725,1142.6115,68437,82349,Rhinolophus ferrumequinum,0.021,0.021,-1,Echolocation,/mnt/ubna_data_02_mir/recover-20220922/UBNA_001/20220921_090000.WAV,Telephone Field,recover-20220922,001,1795
1142.5795,1142.6155,68437,81988,Rhinolophus ferrumequinum,0.021,0.021,-1,Echolocation,/mnt/ubna_data_02_mir/recover-20220922/UBNA_001/20220921_090000.WAV,Telephone Field,recover-20220922,001,1795
1142.5915,1142.6339,68437,82590,Rhinolophus ferrumequinum,0.025,0.025,-1,Echolocation,/mnt/ubna_data_02_mir/recover-20220922/UBNA_001/20220921_090000.WAV,Telephone Field,recover-20220922,001,1795
1142.6585,1142.6984,68437,82684,Rhinolophus ferrumequinum,0.033,0.033,-1,Echolocation,/mnt/ubna_data_02_mir/recover-20220922/UBNA_001/20220921_090000.WAV,Telephone Field,recover-20220922,001,1795
1142.6845,1142.7284,68437,83104,Rhinolophus ferrumequinum,0.036,0.036,-1,Echolocation,/mnt/ubna_data_02_mir/recover-20220922/UBNA_001/20220921_090000.WAV,Telephone Field,recover-20220922,001,1795
1142.7165,1142.725,28046,37218,Eptesicus serotinus,0.007,0.022,-1,Echolocation,/mnt/ubna_data_02_mir/recover-20220922/UBNA_001/20220921_090000.WAV,Telephone Field,recover-20220922,001,1795
1142.7305,1142.7727,68437,83240,Rhinolophus ferrumequinum,0.037,0.037,-1,Echolocation,/mnt/ubna_data_02_mir/recover-20220922/UBNA_001/20220921_090000.WAV,Telephone Field,recover-20220922,001,1795
1142.7385,1142.7463,22890,30769,Plecotus austriacus,0.011,0.025,-1,Echolocation,/mnt/ubna_data_02_mir/recover-20220922/UBNA_001/20220921_090000.WAV,Telephone Field,recover-20220922,001,1795
1142.7705,1142.8117,68437,82884,Rhinolophus ferrumequinum,0.035,0.035,-1,Echolocation,/mnt/ubna_data_02_mir/recover-20220922/UBNA_001/20220921_090000.WAV,Telephone Field,recover-20220922,001,1795
1142.8275,1142.8393,22890,27129,Nyctalus leisleri,0.021,0.036,-1,Echolocation,/mnt/ubna_data_02_mir/recover-20220922/UBNA_001/20220921_090000.WAV,Telephone Field,recover-20220922,001,1795
1142.8325,1142.8733,68437,81872,Rhinolophus ferrumequinum,0.024,0.024,-1,Echolocation,/mnt/ubna_data_02_mir/recover-20220922/UBNA_001/20220921_090000.WAV,Telephone Field,recover-20220922,001,1795
1142.8525,1142.8622,44375,48641,Pipistrellus pipistrellus,0.019,0.022,-1,Echolocation,/mnt/ubna_data_02_mir/recover-20220922/UBNA_001/20220921_090000.WAV,Telephone Field,recover-20220922,001,1795
1142.8535,1142.8927,68437,83218,Rhinolophus ferrumequinum,0.029,0.029,-1,Echolocation,/mnt/ubna_data_02_mir/recover-20220922/UBNA_001/20220921_090000.WAV,Telephone Field,recover-20220922,001,1795
1142.8775,1142.9181,68437,82765,Rhinolophus ferrumequinum,0.026,0.026,-1,Echolocation,/mnt/ubna_data_02_mir/recover-20220922/UBNA_001/20220921_090000.WAV,Telephone Field,recover-20220922,001,1795
1142.9075,1142.9492,68437,82830,Rhinolophus ferrumequinum,0.024,0.024,-1,Echolocation,/mnt/ubna_data_02_mir/recover-20220922/UBNA_001/20220921_090000.WAV,Telephone Field,recover-20220922,001,1795
1142.9195,1142.9585,68437,82715,Rhinolophus ferrumequinum,0.022,0.022,-1,Echolocation,/mnt/ubna_data_02_mir/recover-20220922/UBNA_001/20220921_090000.WAV,Telephone Field,recover-20220922,001,1795
1142.9385,1142.9772,68437,82335,Rhinolophus ferrumequinum,0.024,0.024,-1,Echolocation,/mnt/ubna_data_02_mir/recover-20220922/UBNA_001/20220921_090000.WAV,Telephone Field,recover-20220922,001,1795
1142.9465,1142.9857,68437,82083,Rhinolophus ferrumequinum,0.021,0.021,-1,Echolocation,/mnt/ubna_data_02_mir/recover-20220922/UBNA_001/20220921_090000.WAV,Telephone Field,recover-20220922,001,1795
1142.9555,1142.9624,27187,38623,Eptesicus serotinus,0.006,0.022,-1,Echolocation,/mnt/ubna_data_02_mir/recover-20220922/UBNA_001/20220921_090000.WAV,Telephone Field,recover-20220922,001,1795
1142.9735,1142.9805,36640,43773,Barbastellus barbastellus,0.011,0.029,-1,Echolocation,/mnt/ubna_data_02_mir/recover-20220922/UBNA_001/20220921_090000.WAV,Telephone Field,recover-20220922,001,1795
1142.9935,1143.031,68437,81936,Rhinolophus ferrumequinum,0.023,0.023,-1,Echolocation,/mnt/ubna_data_02_mir/recover-20220922/UBNA_001/20220921_090000.WAV,Telephone Field,recover-20220922,001,1795
1143.0125,1143.0544,68437,82819,Rhinolophus ferrumequinum,0.029,0.029,-1,Echolocation,/mnt/ubna_data_02_mir/recover-20220922/UBNA_001/20220921_090000.WAV,Telephone Field,recover-20220922,001,1795
1143.1575,1143.1942,68437,81924,Rhinolophus ferrumequinum,0.032,0.032,-1,Echolocation,/mnt/ubna_data_02_mir/recover-20220922/UBNA_001/20220921_090000.WAV,Telephone Field,recover-20220922,001,1795
1143.1685,1143.1794,53828,58071,Pipistrellus pygmaeus,0.029,0.033,-1,Echolocation,/mnt/ubna_data_02_mir/recover-20220922/UBNA_001/20220921_090000.WAV,Telephone Field,recover-20220922,001,1795
1143.1825,1143.2201,68437,81817,Rhinolophus ferrumequinum,0.021,0.021,-1,Echolocation,/mnt/ubna_data_02_mir/recover-20220922/UBNA_001/20220921_090000.WAV,Telephone Field,recover-20220922,001,1795
1143.1915,1143.2124,20312,23251,Nyctalus leisleri,0.012,0.023,-1,Echolocation,/mnt/ubna_data_02_mir/recover-20220922/UBNA_001/20220921_090000.WAV,Telephone Field,recover-20220922,001,1795
1143.2005,1143.2068,28046,40607,Eptesicus serotinus,0.006,0.025,-1,Echolocation,/mnt/ubna_data_02_mir/recover-20220922/UBNA_001/20220921_090000.WAV,Telephone Field,recover-20220922,001,1795
1143.2425,1143.2524,28046,36361,Eptesicus serotinus,0.009,0.021,-1,Echolocation,/mnt/ubna_data_02_mir/recover-20220922/UBNA_001/20220921_090000.WAV,Telephone Field,recover-20220922,001,1795
1143.2625,1143.3037,68437,82977,Rhinolophus ferrumequinum,0.024,0.024,-1,Echolocation,/mnt/ubna_data_02_mir/recover-20220922/UBNA_001/20220921_090000.WAV,Telephone Field,recover-20220922,001,1795
1143.3025,1143.3417,68437,82541,Rhinolophus ferrumequinum,0.027,0.027,-1,Echolocation,/mnt/ubna_data_02_mir/recover-20220922/UBNA_001/20220921_090000.WAV,Telephone Field,recover-20220922,001,1795
1143.3135,1143.3527,68437,81912,Rhinolophus ferrumequinum,0.021,0.021,-1,Echolocation,/mnt/ubna_data_02_mir/recover-20220922/UBNA_001/20220921_090000.WAV,Telephone Field,recover-20220922,001,1795
1143.3205,1143.3562,68437,81202,Rhinolophus ferrumequinum,0.022,0.022,-1,Echolocation,/mnt/ubna_data_02_mir/recover-20220922/UBNA_001/20220921_090000.WAV,Telephone Field,recover-20220922,001,1795
1143.3385,1143.3765,68437,81594,Rhinolophus ferrumequinum,0.022,0.022,-1,Echolocation,/mnt/ubna_data_02_mir/recover-20220922/UBNA_001/20220921_090000.WAV,Telephone Field,recover-20220922,001,1795
1143.3435,1143.3797,68437,81613,Rhinolophus ferrumequinum,0.022,0.022,-1,Echolocation,/mnt/ubna_data_02_mir/recover-20220922/UBNA_001/20220921_090000.WAV,Telephone Field,recover-20220922,001,1795
1143.3615,1143.3705,26328,34763,Eptesicus serotinus,0.01,0.023,-1,Echolocation,/mnt/ubna_data_02_mir/recover-20220922/UBNA_001/20220921_090000.WAV,Telephone Field,recover-20220922,001,1795
1143.3815,1143.3917,22031,26401,Nyctalus leisleri,0.012,0.023,-1,Echolocation,/mnt/ubna_data_02_mir/recover-20220922/UBNA_001/20220921_090000.WAV,Telephone Field,recover-20220922,001,1795
1143.4095,1143.4201,22031,28099,Nyctalus leisleri,0.011,0.031,-1,Echolocation,/mnt/ubna_data_02_mir/recover-20220922/UBNA_001/20220921_090000.WAV,Telephone Field,recover-20220922,001,1795
1143.4195,1143.4566,68437,81973,Rhinolophus ferrumequinum,0.021,0.021,-1,Echolocation,/mnt/ubna_data_02_mir/recover-20220922/UBNA_001/20220921_090000.WAV,Telephone Field,recover-20220922,001,1795
1143.4335,1143.4721,68437,82468,Rhinolophus ferrumequinum,0.023,0.023,-1,Echolocation,/mnt/ubna_data_02_mir/recover-20220922/UBNA_001/20220921_090000.WAV,Telephone Field,recover-20220922,001,1795
1143.4925,1143.5023,27187,35376,Eptesicus serotinus,0.009,0.022,-1,Echolocation,/mnt/ubna_data_02_mir/recover-20220922/UBNA_001/20220921_090000.WAV,Telephone Field,recover-20220922,001,1795
1143.5585,1143.597,68437,82334,Rhinolophus ferrumequinum,0.024,0.024,-1,Echolocation,/mnt/ubna_data_02_mir/recover-20220922/UBNA_001/20220921_090000.WAV,Telephone Field,recover-20220922,001,1795
1143.6165,1143.6513,68437,81623,Rhinolophus ferrumequinum,0.022,0.022,-1,Echolocation,/mnt/ubna_data_02_mir/recover-20220922/UBNA_001/20220921_090000.WAV,Telephone Field,recover-20220922,001,1795
1143.6195,1143.6247,33203,45682,Myotis daubentonii,0.013,0.027,-1,Echolocation,/mnt/ubna_data_02_mir/recover-20220922/UBNA_001/20220921_090000.WAV,Telephone Field,recover-20220922,001,1795
1143.6445,1143.6772,68437,81357,Rhinolophus ferrumequinum,0.021,0.021,-1,Echolocation,/mnt/ubna_data_02_mir/recover-20220922/UBNA_001/20220921_090000.WAV,Telephone Field,recover-20220922,001,1795
1143.6555,1143.69,68437,82004,Rhinolophus ferrumequinum,0.023,0.023,-1,Echolocation,/mnt/ubna_data_02_mir/recover-20220922/UBNA_001/20220921_090000.WAV,Telephone Field,recover-20220922,001,1795
1143.6615,1143.6743,22890,27952,Nyctalus leisleri,0.013,0.026,-1,Echolocation,/mnt/ubna_data_02_mir/recover-20220922/UBNA_001/20220921_090000.WAV,Telephone Field,recover-20220922,001,1795
1143.7015,1143.7136,22031,26217,Nyctalus leisleri,0.014,0.024,-1,Echolocation,/mnt/ubna_data_02_mir/recover-20220922/UBNA_001/20220921_090000.WAV,Telephone Field,recover-20220922,001,1795
1143.7265,1143.7669,68437,82207,Rhinolophus ferrumequinum,0.029,0.029,-1,Echolocation,/mnt/ubna_data_02_mir/recover-20220922/UBNA_001/20220921_090000.WAV,Telephone Field,recover-20220922,001,1795
1143.7465,1143.7879,68437,82727,Rhinolophus ferrumequinum,0.03,0.03,-1,Echolocation,/mnt/ubna_data_02_mir/recover-20220922/UBNA_001/20220921_090000.WAV,Telephone Field,recover-20220922,001,1795
1143.8065,1143.8182,28046,34496,Eptesicus serotinus,0.018,0.036,-1,Echolocation,/mnt/ubna_data_02_mir/recover-20220922/UBNA_001/20220921_090000.WAV,Telephone Field,recover-20220922,001,1795
1143.8235,1143.8638,68437,82450,Rhinolophus ferrumequinum,0.024,0.024,-1,Echolocation,/mnt/ubna_data_02_mir/recover-20220922/UBNA_001/20220921_090000.WAV,Telephone Field,recover-20220922,001,1795
1143.8455,1143.8853,68437,82663,Rhinolophus ferrumequinum,0.031,0.031,-1,Echolocation,/mnt/ubna_data_02_mir/recover-20220922/UBNA_001/20220921_090000.WAV,Telephone Field,recover-20220922,001,1795
1143.8585,1143.8706,23750,29116,Nyctalus leisleri,0.014,0.031,-1,Echolocation,/mnt/ubna_data_02_mir/recover-20220922/UBNA_001/20220921_090000.WAV,Telephone Field,recover-20220922,001,1795
1143.8745,1143.8824,47812,55743,Pipistrellus pipistrellus,0.015,0.027,-1,Echolocation,/mnt/ubna_data_02_mir/recover-20220922/UBNA_001/20220921_090000.WAV,Telephone Field,recover-20220922,001,1795
1143.8945,1143.9292,68437,81505,Rhinolophus ferrumequinum,0.021,0.021,-1,Echolocation,/mnt/ubna_data_02_mir/recover-20220922/UBNA_001/20220921_090000.WAV,Telephone Field,recover-20220922,001,1795
1143.9005,1143.9369,68437,81597,Rhinolophus ferrumequinum,0.022,0.022,-1,Echolocation,/mnt/ubna_data_02_mir/recover-20220922/UBNA_001/20220921_090000.WAV,Telephone Field,recover-20220922,001,1795
1143.9195,1143.9547,68437,81526,Rhinolophus ferrumequinum,0.022,0.022,-1,Echolocation,/mnt/ubna_data_02_mir/recover-20220922/UBNA_001/20220921_090000.WAV,Telephone Field,recover-20220922,001,1795
1143.9385,1143.9487,25468,33261,Eptesicus serotinus,0.016,0.04,-1,Echolocation,/mnt/ubna_data_02_mir/recover-20220922/UBNA_001/20220921_090000.WAV,Telephone Field,recover-20220922,001,1795
1143.9785,1143.9876,28046,36899,Eptesicus serotinus,0.008,0.022,-1,Echolocation,/mnt/ubna_data_02_mir/recover-20220922/UBNA_001/20220921_090000.WAV,Telephone Field,recover-20220922,001,1795
1144.0015,1144.009,46953,51455,Pipistrellus pipistrellus,0.021,0.027,-1,Echolocation,/mnt/ubna_data_02_mir/recover-20220922/UBNA_001/20220921_090000.WAV,Telephone Field,recover-20220922,001,1795
1144.0015,1144.0339,68437,79997,Rhinolophus ferrumequinum,0.035,0.036,-1,Echolocation,/mnt/ubna_data_02_mir/recover-20220922/UBNA_001/20220921_090000.WAV,Telephone Field,recover-20220922,001,1795
1144.0015,1144.0094,24609,33999,Nyctalus leisleri,0.005,0.023,-1,Echolocation,/mnt/ubna_data_02_mir/recover-20220922/UBNA_001/20220921_090000.WAV,Telephone Field,recover-20220922,001,1795
1144.0115,1144.0583,68437,83442,Rhinolophus ferrumequinum,0.032,0.032,-1,Echolocation,/mnt/ubna_data_02_mir/recover-20220922/UBNA_001/20220921_090000.WAV,Telephone Field,recover-20220922,001,1795
1144.0515,1144.0932,68437,82790,Rhinolophus ferrumequinum,0.026,0.026,-1,Echolocation,/mnt/ubna_data_02_mir/recover-20220922/UBNA_001/20220921_090000.WAV,Telephone Field,recover-20220922,001,1795
1144.1065,1144.1163,25468,34274,Eptesicus serotinus,0.012,0.027,-1,Echolocation,/mnt/ubna_data_02_mir/recover-20220922/UBNA_001/20220921_090000.WAV,Telephone Field,recover-20220922,001,1795
1144.1435,1144.1556,28046,34614,Eptesicus serotinus,0.014,0.025,-1,Echolocation,/mnt/ubna_data_02_mir/recover-20220922/UBNA_001/20220921_090000.WAV,Telephone Field,recover-20220922,001,1795
1144.1595,1144.168,28046,39857,Eptesicus serotinus,0.008,0.022,-1,Echolocation,/mnt/ubna_data_02_mir/recover-20220922/UBNA_001/20220921_090000.WAV,Telephone Field,recover-20220922,001,1795
1144.1745,1144.2136,68437,82530,Rhinolophus ferrumequinum,0.023,0.023,-1,Echolocation,/mnt/ubna_data_02_mir/recover-20220922/UBNA_001/20220921_090000.WAV,Telephone Field,recover-20220922,001,1795
1144.1915,1144.2307,68437,82574,Rhinolophus ferrumequinum,0.022,0.022,-1,Echolocation,/mnt/ubna_data_02_mir/recover-20220922/UBNA_001/20220921_090000.WAV,Telephone Field,recover-20220922,001,1795
1144.1945,1144.2048,23750,30596,Nyctalus leisleri,0.007,0.023,-1,Echolocation,/mnt/ubna_data_02_mir/recover-20220922/UBNA_001/20220921_090000.WAV,Telephone Field,recover-20220922,001,1795
1144.2125,1144.2543,68437,82743,Rhinolophus ferrumequinum,0.03,0.03,-1,Echolocation,/mnt/ubna_data_02_mir/recover-20220922/UBNA_001/20220921_090000.WAV,Telephone Field,recover-20220922,001,1795
1144.2835,1144.2934,22890,28601,Nyctalus leisleri,0.01,0.023,-1,Echolocation,/mnt/ubna_data_02_mir/recover-20220922/UBNA_001/20220921_090000.WAV,Telephone Field,recover-20220922,001,1795
1144.2995,1144.3416,68437,82645,Rhinolophus ferrumequinum,0.025,0.025,-1,Echolocation,/mnt/ubna_data_02_mir/recover-20220922/UBNA_001/20220921_090000.WAV,Telephone Field,recover-20220922,001,1795
1144.3105,1144.3191,28906,39269,Eptesicus serotinus,0.011,0.027,-1,Echolocation,/mnt/ubna_data_02_mir/recover-20220922/UBNA_001/20220921_090000.WAV,Telephone Field,recover-20220922,001,1795
1144.3425,1144.3563,14296,18528,Nyctalus noctula,0.024,0.036,-1,Echolocation,/mnt/ubna_data_02_mir/recover-20220922/UBNA_001/20220921_090000.WAV,Telephone Field,recover-20220922,001,1795
1144.3545,1144.3923,68437,82216,Rhinolophus ferrumequinum,0.024,0.024,-1,Echolocation,/mnt/ubna_data_02_mir/recover-20220922/UBNA_001/20220921_090000.WAV,Telephone Field,recover-20220922,001,1795
1144.3665,1144.4086,68437,82799,Rhinolophus ferrumequinum,0.035,0.035,-1,Echolocation,/mnt/ubna_data_02_mir/recover-20220922/UBNA_001/20220921_090000.WAV,Telephone Field,recover-20220922,001,1795
1144.3715,1144.3818,49531,56898,Pipistrellus pipistrellus,0.023,0.029,-1,Echolocation,/mnt/ubna_data_02_mir/recover-20220922/UBNA_001/20220921_090000.WAV,Telephone Field,recover-20220922,001,1795
1144.3875,1144.4257,68437,82166,Rhinolophus ferrumequinum,0.022,0.022,-1,Echolocation,/mnt/ubna_data_02_mir/recover-20220922/UBNA_001/20220921_090000.WAV,Telephone Field,recover-20220922,001,1795
1144.3945,1144.4025,28046,37782,Eptesicus serotinus,0.008,0.022,-1,Echolocation,/mnt/ubna_data_02_mir/recover-20220922/UBNA_001/20220921_090000.WAV,Telephone Field,recover-20220922,001,1795
1144.4195,1144.4602,68437,82708,Rhinolophus ferrumequinum,0.03,0.031,-1,Echolocation,/mnt/ubna_data_02_mir/recover-20220922/UBNA_001/20220921_090000.WAV,Telephone Field,recover-20220922,001,1795
1144.4515,1144.4592,23750,32484,Plecotus austriacus,0.009,0.023,-1,Echolocation,/mnt/ubna_data_02_mir/recover-20220922/UBNA_001/20220921_090000.WAV,Telephone Field,recover-20220922,001,1795
1144.4615,1144.502,68437,82338,Rhinolophus ferrumequinum,0.023,0.023,-1,Echolocation,/mnt/ubna_data_02_mir/recover-20220922/UBNA_001/20220921_090000.WAV,Telephone Field,recover-20220922,001,1795
1144.4685,1144.5078,68437,82324,Rhinolophus ferrumequinum,0.023,0.023,-1,Echolocation,/mnt/ubna_data_02_mir/recover-20220922/UBNA_001/20220921_090000.WAV,Telephone Field,recover-20220922,001,1795
1144.4805,1144.4943,30625,36359,Eptesicus serotinus,0.014,0.03,-1,Echolocation,/mnt/ubna_data_02_mir/recover-20220922/UBNA_001/20220921_090000.WAV,Telephone Field,recover-20220922,001,1795
1144.4825,1144.4924,46093,49382,Pipistrellus pipistrellus,0.053,0.056,-1,Echolocation,/mnt/ubna_data_02_mir/recover-20220922/UBNA_001/20220921_090000.WAV,Telephone Field,recover-20220922,001,1795
1144.4995,1144.5138,14296,19181,Nyctalus noctula,0.015,0.023,-1,Echolocation,/mnt/ubna_data_02_mir/recover-20220922/UBNA_001/20220921_090000.WAV,Telephone Field,recover-20220922,001,1795
1144.5735,1144.5809,28046,36982,Eptesicus serotinus,0.007,0.023,-1,Echolocation,/mnt/ubna_data_02_mir/recover-20220922/UBNA_001/20220921_090000.WAV,Telephone Field,recover-20220922,001,1795
1144.5865,1144.6252,68437,82103,Rhinolophus ferrumequinum,0.022,0.022,-1,Echolocation,/mnt/ubna_data_02_mir/recover-20220922/UBNA_001/20220921_090000.WAV,Telephone Field,recover-20220922,001,1795
1144.6275,1144.666,68437,82309,Rhinolophus ferrumequinum,0.024,0.024,-1,Echolocation,/mnt/ubna_data_02_mir/recover-20220922/UBNA_001/20220921_090000.WAV,Telephone Field,recover-20220922,001,1795
1144.6295,1144.6364,28046,41543,Eptesicus serotinus,0.007,0.027,-1,Echolocation,/mnt/ubna_data_02_mir/recover-20220922/UBNA_001/20220921_090000.WAV,Telephone Field,recover-20220922,001,1795
1144.6515,1144.6884,68437,81721,Rhinolophus ferrumequinum,0.022,0.022,-1,Echolocation,/mnt/ubna_data_02_mir/recover-20220922/UBNA_001/20220921_090000.WAV,Telephone Field,recover-20220922,001,1795
1144.6805,1144.7197,68437,82037,Rhinolophus ferrumequinum,0.023,0.023,-1,Echolocation,/mnt/ubna_data_02_mir/recover-20220922/UBNA_001/20220921_090000.WAV,Telephone Field,recover-20220922,001,1795
1144.6955,1144.7351,68437,82304,Rhinolophus ferrumequinum,0.022,0.022,-1,Echolocation,/mnt/ubna_data_02_mir/recover-20220922/UBNA_001/20220921_090000.WAV,Telephone Field,recover-20220922,001,1795
1144.7005,1144.7131,22890,27127,Nyctalus leisleri,0.013,0.023,-1,Echolocation,/mnt/ubna_data_02_mir/recover-20220922/UBNA_001/20220921_090000.WAV,Telephone Field,recover-20220922,001,1795
1144.7215,1144.7384,20312,23844,Nyctalus leisleri,0.011,0.023,-1,Echolocation,/mnt/ubna_data_02_mir/recover-20220922/UBNA_001/20220921_090000.WAV,Telephone Field,recover-20220922,001,1795
1144.7225,1144.7621,68437,81945,Rhinolophus ferrumequinum,0.025,0.025,-1,Echolocation,/mnt/ubna_data_02_mir/recover-20220922/UBNA_001/20220921_090000.WAV,Telephone Field,recover-20220922,001,1795
1144.7595,1144.7967,68437,81295,Rhinolophus ferrumequinum,0.022,0.022,-1,Echolocation,/mnt/ubna_data_02_mir/recover-20220922/UBNA_001/20220921_090000.WAV,Telephone Field,recover-20220922,001,1795
1144.7915,1144.8333,68437,83064,Rhinolophus ferrumequinum,0.025,0.025,-1,Echolocation,/mnt/ubna_data_02_mir/recover-20220922/UBNA_001/20220921_090000.WAV,Telephone Field,recover-20220922,001,1795
1144.8075,1144.816,28046,39365,Eptesicus serotinus,0.008,0.022,-1,Echolocation,/mnt/ubna_data_02_mir/recover-20220922/UBNA_001/20220921_090000.WAV,Telephone Field,recover-20220922,001,1795
1144.8235,1144.8643,68437,82491,Rhinolophus ferrumequinum,0.045,0.045,-1,Echolocation,/mnt/ubna_data_02_mir/recover-20220922/UBNA_001/20220921_090000.WAV,Telephone Field,recover-20220922,001,1795
1144.8465,1144.8593,27187,32618,Eptesicus serotinus,0.013,0.026,-1,Echolocation,/mnt/ubna_data_02_mir/recover-20220922/UBNA_001/20220921_090000.WAV,Telephone Field,recover-20220922,001,1795
1144.8785,1144.8892,23750,30045,Nyctalus leisleri,0.01,0.023,-1,Echolocation,/mnt/ubna_data_02_mir/recover-20220922/UBNA_001/20220921_090000.WAV,Telephone Field,recover-20220922,001,1795
1144.8825,1144.9245,68437,82858,Rhinolophus ferrumequinum,0.022,0.022,-1,Echolocation,/mnt/ubna_data_02_mir/recover-20220922/UBNA_001/20220921_090000.WAV,Telephone Field,recover-20220922,001,1795
1144.9035,1144.9432,68437,82122,Rhinolophus ferrumequinum,0.023,0.023,-1,Echolocation,/mnt/ubna_data_02_mir/recover-20220922/UBNA_001/20220921_090000.WAV,Telephone Field,recover-20220922,001,1795
1144.9035,1144.9127,28046,36155,Eptesicus serotinus,0.009,0.022,-1,Echolocation,/mnt/ubna_data_02_mir/recover-20220922/UBNA_001/20220921_090000.WAV,Telephone Field,recover-20220922,001,1795
1144.9225,1144.9604,68437,82344,Rhinolophus ferrumequinum,0.025,0.025,-1,Echolocation,/mnt/ubna_data_02_mir/recover-20220922/UBNA_001/20220921_090000.WAV,Telephone Field,recover-20220922,001,1795
1144.9365,1144.9751,68437,81688,Rhinolophus ferrumequinum,0.022,0.022,-1,Echolocation,/mnt/ubna_data_02_mir/recover-20220922/UBNA_001/20220921_090000.WAV,Telephone Field,recover-20220922,001,1795
1144.9785,1145.0188,68437,81598,Rhinolophus ferrumequinum,0.032,0.032,-1,Echolocation,/mnt/ubna_data_02_mir/recover-20220922/UBNA_001/20220921_090000.WAV,Telephone Field,recover-20220922,001,1795
1145.0015,1145.0405,68437,82388,Rhinolophus ferrumequinum,0.023,0.023,-1,Echolocation,/mnt/ubna_data_02_mir/recover-20220922/UBNA_001/20220921_090000.WAV,Telephone Field,recover-20220922,001,1795
1145.0375,1145.0764,68437,82597,Rhinolophus ferrumequinum,0.023,0.023,-1,Echolocation,/mnt/ubna_data_02_mir/recover-20220922/UBNA_001/20220921_090000.WAV,Telephone Field,recover-20220922,001,1795
1145.0805,1145.1203,68437,81690,Rhinolophus ferrumequinum,0.031,0.031,-1,Echolocation,/mnt/ubna_data_02_mir/recover-20220922/UBNA_001/20220921_090000.WAV,Telephone Field,recover-20220922,001,1795
1145.0845,1145.0928,28046,36158,Eptesicus serotinus,0.038,0.071,-1,Echolocation,/mnt/ubna_data_02_mir/recover-20220922/UBNA_001/20220921_090000.WAV,Telephone Field,recover-20220922,001,1795
1145.1015,1145.1391,68437,81640,Rhinolophus ferrumequinum,0.022,0.022,-1,Echolocation,/mnt/ubna_data_02_mir/recover-20220922/UBNA_001/20220921_090000.WAV,Telephone Field,recover-20220922,001,1795
1145.1405,1145.1477,15156,26546,Plecotus auritus,0.032,0.047,-1,Echolocation,/mnt/ubna_data_02_mir/recover-20220922/UBNA_001/20220921_090000.WAV,Telephone Field,recover-20220922,001,1795
1145.1405,1145.1808,68437,82319,Rhinolophus ferrumequinum,0.023,0.023,-1,Echolocation,/mnt/ubna_data_02_mir/recover-20220922/UBNA_001/20220921_090000.WAV,Telephone Field,recover-20220922,001,1795
1145.1445,1145.1545,23750,28877,Nyctalus leisleri,0.009,0.022,-1,Echolocation,/mnt/ubna_data_02_mir/recover-20220922/UBNA_001/20220921_090000.WAV,Telephone Field,recover-20220922,001,1795
1145.1675,1145.2065,68437,81988,Rhinolophus ferrumequinum,0.025,0.025,-1,Echolocation,/mnt/ubna_data_02_mir/recover-20220922/UBNA_001/20220921_090000.WAV,Telephone Field,recover-20220922,001,1795
1145.1735,1145.1812,14296,24525,Plecotus auritus,0.008,0.022,-1,Echolocation,/mnt/ubna_data_02_mir/recover-20220922/UBNA_001/20220921_090000.WAV,Telephone Field,recover-20220922,001,1795
1145.2485,1145.2591,23750,28831,Nyctalus leisleri,0.011,0.022,-1,Echolocation,/mnt/ubna_data_02_mir/recover-20220922/UBNA_001/20220921_090000.WAV,Telephone Field,recover-20220922,001,1795
1145.2935,1145.3326,68437,81482,Rhinolophus ferrumequinum,0.022,0.022,-1,Echolocation,/mnt/ubna_data_02_mir/recover-20220922/UBNA_001/20220921_090000.WAV,Telephone Field,recover-20220922,001,1795
1145.3135,1145.3565,68437,83373,Rhinolophus ferrumequinum,0.038,0.038,-1,Echolocation,/mnt/ubna_data_02_mir/recover-20220922/UBNA_001/20220921_090000.WAV,Telephone Field,recover-20220922,001,1795
1145.3635,1145.4048,68437,83039,Rhinolophus ferrumequinum,0.045,0.046,-1,Echolocation,/mnt/ubna_data_02_mir/recover-20220922/UBNA_001/20220921_090000.WAV,Telephone Field,recover-20220922,001,1795
1145.4095,1145.4192,28046,35856,Eptesicus serotinus,0.012,0.024,-1,Echolocation,/mnt/ubna_data_02_mir/recover-20220922/UBNA_001/20220921_090000.WAV,Telephone Field,recover-20220922,001,1795
1145.4205,1145.4609,68437,82557,Rhinolophus ferrumequinum,0.035,0.035,-1,Echolocation,/mnt/ubna_data_02_mir/recover-20220922/UBNA_001/20220921_090000.WAV,Telephone Field,recover-20220922,001,1795
1145.4595,1145.4982,68437,82087,Rhinolophus ferrumequinum,0.035,0.035,-1,Echolocation,/mnt/ubna_data_02_mir/recover-20220922/UBNA_001/20220921_090000.WAV,Telephone Field,recover-20220922,001,1795
1145.4885,1145.4979,25468,32366,Eptesicus serotinus,0.007,0.022,-1,Echolocation,/mnt/ubna_data_02_mir/recover-20220922/UBNA_001/20220921_090000.WAV,Telephone Field,recover-20220922,001,1795
1145.5235,1145.5584,68437,81642,Rhinolophus ferrumequinum,0.024,0.024,-1,Echolocation,/mnt/ubna_data_02_mir/recover-20220922/UBNA_001/20220921_090000.WAV,Telephone Field,recover-20220922,001,1795
1145.5365,1145.5479,24609,30523,Nyctalus leisleri,0.014,0.035,-1,Echolocation,/mnt/ubna_data_02_mir/recover-20220922/UBNA_001/20220921_090000.WAV,Telephone Field,recover-20220922,001,1795
1145.5635,1145.5954,68437,80210,Rhinolophus ferrumequinum,0.022,0.022,-1,Echolocation,/mnt/ubna_data_02_mir/recover-20220922/UBNA_001/20220921_090000.WAV,Telephone Field,recover-20220922,001,1795
1145.5795,1145.6185,68437,82646,Rhinolophus ferrumequinum,0.028,0.028,-1,Echolocation,/mnt/ubna_data_02_mir/recover-20220922/UBNA_001/20220921_090000.WAV,Telephone Field,recover-20220922,001,1795
1145.6065,1145.6452,68437,82529,Rhinolophus ferrumequinum,0.029,0.029,-1,Echolocation,/mnt/ubna_data_02_mir/recover-20220922/UBNA_001/20220921_090000.WAV,Telephone Field,recover-20220922,001,1795
1145.6165,1145.6271,23750,28644,Nyctalus leisleri,0.011,0.022,-1,Echolocation,/mnt/ubna_data_02_mir/recover-20220922/UBNA_001/20220921_090000.WAV,Telephone Field,recover-20220922,001,1795
1145.6265,1145.6334,45234,51868,Pipistrellus pipistrellus,0.022,0.023,-1,Echolocation,/mnt/ubna_data_02_mir/recover-20220922/UBNA_001/20220921_090000.WAV,Telephone Field,recover-20220922,001,1795
1145.6635,1145.704,68437,81915,Rhinolophus ferrumequinum,0.022,0.022,-1,Echolocation,/mnt/ubna_data_02_mir/recover-20220922/UBNA_001/20220921_090000.WAV,Telephone Field,recover-20220922,001,1795
1145.7015,1145.7432,68437,83050,Rhinolophus ferrumequinum,0.029,0.029,-1,Echolocation,/mnt/ubna_data_02_mir/recover-20220922/UBNA_001/20220921_090000.WAV,Telephone Field,recover-20220922,001,1795
1145.7175,1145.7592,68437,82507,Rhinolophus ferrumequinum,0.022,0.022,-1,Echolocation,/mnt/ubna_data_02_mir/recover-20220922/UBNA_001/20220921_090000.WAV,Telephone Field,recover-20220922,001,1795
1145.7635,1145.7972,68437,81180,Rhinolophus ferrumequinum,0.023,0.024,-1,Echolocation,/mnt/ubna_data_02_mir/recover-20220922/UBNA_001/20220921_090000.WAV,Telephone Field,recover-20220922,001,1795
1145.8205,1145.8596,68437,82760,Rhinolophus ferrumequinum,0.023,0.023,-1,Echolocation,/mnt/ubna_data_02_mir/recover-20220922/UBNA_001/20220921_090000.WAV,Telephone Field,recover-20220922,001,1795
1145.8265,1145.8633,68437,82316,Rhinolophus ferrumequinum,0.023,0.023,-1,Echolocation,/mnt/ubna_data_02_mir/recover-20220922/UBNA_001/20220921_090000.WAV,Telephone Field,recover-20220922,001,1795
1145.8515,1145.8918,68437,82282,Rhinolophus ferrumequinum,0.023,0.023,-1,Echolocation,/mnt/ubna_data_02_mir/recover-20220922/UBNA_001/20220921_090000.WAV,Telephone Field,recover-20220922,001,1795
1145.9005,1145.9115,28046,34869,Eptesicus serotinus,0.011,0.023,-1,Echolocation,/mnt/ubna_data_02_mir/recover-20220922/UBNA_001/20220921_090000.WAV,Telephone Field,recover-20220922,001,1795
1145.9345,1145.9729,68437,82225,Rhinolophus ferrumequinum,0.025,0.025,-1,Echolocation,/mnt/ubna_data_02_mir/recover-20220922/UBNA_001/20220921_090000.WAV,Telephone Field,recover-20220922,001,1795
1145.9825,1145.993,22031,26531,Nyctalus leisleri,0.011,0.022,-1,Echolocation,/mnt/ubna_data_02_mir/recover-20220922/UBNA_001/20220921_090000.WAV,Telephone Field,recover-20220922,001,1795
1146.0015,1146.0371,69296,80653,Rhinolophus ferrumequinum,0.041,0.041,-1,Echolocation,/mnt/ubna_data_02_mir/recover-20220922/UBNA_001/20220921_090000.WAV,Telephone Field,recover-20220922,001,1795
1146.0015,1146.0107,26328,34915,Nyctalus leisleri,0.013,0.047,-1,Echolocation,/mnt/ubna_data_02_mir/recover-20220922/UBNA_001/20220921_090000.WAV,Telephone Field,recover-20220922,001,1795
1146.0285,1146.0703,68437,83183,Rhinolophus ferrumequinum,0.031,0.031,-1,Echolocation,/mnt/ubna_data_02_mir/recover-20220922/UBNA_001/20220921_090000.WAV,Telephone Field,recover-20220922,001,1795
1146.0735,1146.1126,68437,81941,Rhinolophus ferrumequinum,0.023,0.023,-1,Echolocation,/mnt/ubna_data_02_mir/recover-20220922/UBNA_001/20220921_090000.WAV,Telephone Field,recover-20220922,001,1795
1146.1045,1146.1464,68437,82702,Rhinolophus ferrumequinum,0.032,0.032,-1,Echolocation,/mnt/ubna_data_02_mir/recover-20220922/UBNA_001/20220921_090000.WAV,Telephone Field,recover-20220922,001,1795
1146.1055,1146.1147,28906,36152,Eptesicus serotinus,0.01,0.023,-1,Echolocation,/mnt/ubna_data_02_mir/recover-20220922/UBNA_001/20220921_090000.WAV,Telephone Field,recover-20220922,001,1795
1146.1555,1146.1644,27187,36190,Eptesicus serotinus,0.009,0.022,-1,Echolocation,/mnt/ubna_data_02_mir/recover-20220922/UBNA_001/20220921_090000.WAV,Telephone Field,recover-20220922,001,1795
1146.1615,1146.2003,68437,82571,Rhinolophus ferrumequinum,0.024,0.024,-1,Echolocation,/mnt/ubna_data_02_mir/recover-20220922/UBNA_001/20220921_090000.WAV,Telephone Field,recover-20220922,001,1795
1146.1945,1146.2026,28046,37662,Eptesicus serotinus,0.007,0.022,-1,Echolocation,/mnt/ubna_data_02_mir/recover-20220922/UBNA_001/20220921_090000.WAV,Telephone Field,recover-20220922,001,1795
1146.2055,1146.2454,68437,82435,Rhinolophus ferrumequinum,0.021,0.022,-1,Echolocation,/mnt/ubna_data_02_mir/recover-20220922/UBNA_001/20220921_090000.WAV,Telephone Field,recover-20220922,001,1795
1146.2385,1146.2781,68437,82126,Rhinolophus ferrumequinum,0.025,0.025,-1,Echolocation,/mnt/ubna_data_02_mir/recover-20220922/UBNA_001/20220921_090000.WAV,Telephone Field,recover-20220922,001,1795
1146.2445,1146.252,28046,38018,Eptesicus serotinus,0.006,0.021,-1,Echolocation,/mnt/ubna_data_02_mir/recover-20220922/UBNA_001/20220921_090000.WAV,Telephone Field,recover-20220922,001,1795
1146.2625,1146.3004,68437,81223,Rhinolophus ferrumequinum,0.022,0.022,-1,Echolocation,/mnt/ubna_data_02_mir/recover-20220922/UBNA_001/20220921_090000.WAV,Telephone Field,recover-20220922,001,1795
1146.2665,1146.2771,23750,30375,Nyctalus leisleri,0.009,0.024,-1,Echolocation,/mnt/ubna_data_02_mir/recover-20220922/UBNA_001/20220921_090000.WAV,Telephone Field,recover-20220922,001,1795
1146.2685,1146.2786,28046,35822,Eptesicus serotinus,0.01,0.023,-1,Echolocation,/mnt/ubna_data_02_mir/recover-20220922/UBNA_001/20220921_090000.WAV,Telephone Field,recover-20220922,001,1795
1146.2865,1146.3251,68437,82216,Rhinolophus ferrumequinum,0.032,0.032,-1,Echolocation,/mnt/ubna_data_02_mir/recover-20220922/UBNA_001/20220921_090000.WAV,Telephone Field,recover-20220922,001,1795
1146.3285,1146.3389,23750,28687,Nyctalus leisleri,0.012,0.024,-1,Echolocation,/mnt/ubna_data_02_mir/recover-20220922/UBNA_001/20220921_090000.WAV,Telephone Field,recover-20220922,001,1795
1146.3405,1146.3834,68437,82785,Rhinolophus ferrumequinum,0.029,0.029,-1,Echolocation,/mnt/ubna_data_02_mir/recover-20220922/UBNA_001/20220921_090000.WAV,Telephone Field,recover-20220922,001,1795
1146.4455,1146.4874,68437,82557,Rhinolophus ferrumequinum,0.023,0.023,-1,Echolocation,/mnt/ubna_data_02_mir/recover-20220922/UBNA_001/20220921_090000.WAV,Telephone Field,recover-20220922,001,1795
1146.4515,1146.4598,28046,38476,Eptesicus serotinus,0.007,0.021,-1,Echolocation,/mnt/ubna_data_02_mir/recover-20220922/UBNA_001/20220921_090000.WAV,Telephone Field,recover-20220922,001,1795
1146.4575,1146.4944,68437,81695,Rhinolophus ferrumequinum,0.022,0.022,-1,Echolocation,/mnt/ubna_data_02_mir/recover-20220922/UBNA_001/20220921_090000.WAV,Telephone Field,recover-20220922,001,1795
1146.4975,1146.5384,68437,82284,Rhinolophus ferrumequinum,0.022,0.022,-1,Echolocation,/mnt/ubna_data_02_mir/recover-20220922/UBNA_001/20220921_090000.WAV,Telephone Field,recover-20220922,001,1795
1146.5025,1146.5454,68437,82422,Rhinolophus ferrumequinum,0.022,0.022,-1,Echolocation,/mnt/ubna_data_02_mir/recover-20220922/UBNA_001/20220921_090000.WAV,Telephone Field,recover-20220922,001,1795
1146.5095,1146.5201,22890,28682,Nyctalus leisleri,0.013,0.029,-1,Echolocation,/mnt/ubna_data_02_mir/recover-20220922/UBNA_001/20220921_090000.WAV,Telephone Field,recover-20220922,001,1795
1146.5165,1146.5561,68437,82285,Rhinolophus ferrumequinum,0.024,0.024,-1,Echolocation,/mnt/ubna_data_02_mir/recover-20220922/UBNA_001/20220921_090000.WAV,Telephone Field,recover-20220922,001,1795
1146.5705,1146.6149,68437,83411,Rhinolophus ferrumequinum,0.057,0.057,-1,Echolocation,/mnt/ubna_data_02_mir/recover-20220922/UBNA_001/20220921_090000.WAV,Telephone Field,recover-20220922,001,1795
1146.5945,1146.6352,68437,82516,Rhinolophus ferrumequinum,0.022,0.022,-1,Echolocation,/mnt/ubna_data_02_mir/recover-20220922/UBNA_001/20220921_090000.WAV,Telephone Field,recover-20220922,001,1795
1146.5995,1146.6072,26328,36043,Eptesicus serotinus,0.007,0.025,-1,Echolocation,/mnt/ubna_data_02_mir/recover-20220922/UBNA_001/20220921_090000.WAV,Telephone Field,recover-20220922,001,1795
1146.6225,1146.6288,28046,36863,Eptesicus serotinus,0.011,0.035,-1,Echolocation,/mnt/ubna_data_02_mir/recover-20220922/UBNA_001/20220921_090000.WAV,Telephone Field,recover-20220922,001,1795
1146.6395,1146.6798,68437,82548,Rhinolophus ferrumequinum,0.023,0.023,-1,Echolocation,/mnt/ubna_data_02_mir/recover-20220922/UBNA_001/20220921_090000.WAV,Telephone Field,recover-20220922,001,1795
1146.6655,1146.7054,68437,81986,Rhinolophus ferrumequinum,0.021,0.021,-1,Echolocation,/mnt/ubna_data_02_mir/recover-20220922/UBNA_001/20220921_090000.WAV,Telephone Field,recover-20220922,001,1795
1146.6655,1146.6757,28046,37531,Eptesicus serotinus,0.012,0.025,-1,Echolocation,/mnt/ubna_data_02_mir/recover-20220922/UBNA_001/20220921_090000.WAV,Telephone Field,recover-20220922,001,1795
1146.6935,1146.7319,68437,82250,Rhinolophus ferrumequinum,0.029,0.029,-1,Echolocation,/mnt/ubna_data_02_mir/recover-20220922/UBNA_001/20220921_090000.WAV,Telephone Field,recover-20220922,001,1795
1146.7145,1146.7214,27187,38052,Eptesicus serotinus,0.006,0.024,-1,Echolocation,/mnt/ubna_data_02_mir/recover-20220922/UBNA_001/20220921_090000.WAV,Telephone Field,recover-20220922,001,1795
1146.7355,1146.7753,68437,82849,Rhinolophus ferrumequinum,0.026,0.027,-1,Echolocation,/mnt/ubna_data_02_mir/recover-20220922/UBNA_001/20220921_090000.WAV,Telephone Field,recover-20220922,001,1795
1146.7525,1146.7932,68437,82370,Rhinolophus ferrumequinum,0.023,0.023,-1,Echolocation,/mnt/ubna_data_02_mir/recover-20220922/UBNA_001/20220921_090000.WAV,Telephone Field,recover-20220922,001,1795
1146.7965,1146.8426,68437,83768,Rhinolophus ferrumequinum,0.062,0.062,-1,Echolocation,/mnt/ubna_data_02_mir/recover-20220922/UBNA_001/20220921_090000.WAV,Telephone Field,recover-20220922,001,1795
1146.8425,1146.8484,26328,41510,Myotis nattereri,0.005,0.025,-1,Echolocation,/mnt/ubna_data_02_mir/recover-20220922/UBNA_001/20220921_090000.WAV,Telephone Field,recover-20220922,001,1795
1146.8735,1146.8846,25468,32028,Eptesicus serotinus,0.009,0.024,-1,Echolocation,/mnt/ubna_data_02_mir/recover-20220922/UBNA_001/20220921_090000.WAV,Telephone Field,recover-20220922,001,1795
1146.8765,1146.9184,68437,83735,Rhinolophus ferrumequinum,0.028,0.028,-1,Echolocation,/mnt/ubna_data_02_mir/recover-20220922/UBNA_001/20220921_090000.WAV,Telephone Field,recover-20220922,001,1795
1146.8875,1146.928,68437,82301,Rhinolophus ferrumequinum,0.021,0.021,-1,Echolocation,/mnt/ubna_data_02_mir/recover-20220922/UBNA_001/20220921_090000.WAV,Telephone Field,recover-20220922,001,1795
1146.9025,1146.9403,68437,82124,Rhinolophus ferrumequinum,0.021,0.021,-1,Echolocation,/mnt/ubna_data_02_mir/recover-20220922/UBNA_001/20220921_090000.WAV,Telephone Field,recover-20220922,001,1795
1146.9165,1146.9272,22890,28172,Nyctalus leisleri,0.015,0.03,-1,Echolocation,/mnt/ubna_data_02_mir/recover-20220922/UBNA_001/20220921_090000.WAV,Telephone Field,recover-20220922,001,1795
1146.9425,1146.9835,68437,82626,Rhinolophus ferrumequinum,0.032,0.032,-1,Echolocation,/mnt/ubna_data_02_mir/recover-20220922/UBNA_001/20220921_090000.WAV,Telephone Field,recover-20220922,001,1795
1146.9555,1146.989,69296,81283,Rhinolophus ferrumequinum,0.021,0.021,-1,Echolocation,/mnt/ubna_data_02_mir/recover-20220922/UBNA_001/20220921_090000.WAV,Telephone Field,recover-20220922,001,1795
1146.9695,1146.9808,22031,26118,Nyctalus leisleri,0.012,0.023,-1,Echolocation,/mnt/ubna_data_02_mir/recover-20220922/UBNA_001/20220921_090000.WAV,Telephone Field,recover-20220922,001,1795
1146.9735,1147.0096,68437,81283,Rhinolophus ferrumequinum,0.022,0.023,-1,Echolocation,/mnt/ubna_data_02_mir/recover-20220922/UBNA_001/20220921_090000.WAV,Telephone Field,recover-20220922,001,1795
1147.0045,1147.0151,28046,36873,Eptesicus serotinus,0.012,0.026,-1,Echolocation,/mnt/ubna_data_02_mir/recover-20220922/UBNA_001/20220921_090000.WAV,Telephone Field,recover-20220922,001,1795
1147.0165,1147.0567,68437,82775,Rhinolophus ferrumequinum,0.029,0.029,-1,Echolocation,/mnt/ubna_data_02_mir/recover-20220922/UBNA_001/20220921_090000.WAV,Telephone Field,recover-20220922,001,1795
1147.0385,1147.0768,68437,81561,Rhinolophus ferrumequinum,0.021,0.021,-1,Echolocation,/mnt/ubna_data_02_mir/recover-20220922/UBNA_001/20220921_090000.WAV,Telephone Field,recover-20220922,001,1795
1147.0505,1147.0869,68437,81051,Rhinolophus ferrumequinum,0.024,0.024,-1,Echolocation,/mnt/ubna_data_02_mir/recover-20220922/UBNA_001/20220921_090000.WAV,Telephone Field,recover-20220922,001,1795
1147.0555,1147.0692,35781,39117,Pipistrellus nathusii,0.017,0.042,-1,Echolocation,/mnt/ubna_data_02_mir/recover-20220922/UBNA_001/20220921_090000.WAV,Telephone Field,recover-20220922,001,1795
1147.0595,1147.0682,28046,36760,Eptesicus serotinus,0.008,0.024,-1,Echolocation,/mnt/ubna_data_02_mir/recover-20220922/UBNA_001/20220921_090000.WAV,Telephone Field,recover-20220922,001,1795
1147.0995,1147.1078,28046,39959,Eptesicus serotinus,0.007,0.022,-1,Echolocation,/mnt/ubna_data_02_mir/recover-20220922/UBNA_001/20220921_090000.WAV,Telephone Field,recover-20220922,001,1795
1147.1035,1147.143,68437,82154,Rhinolophus ferrumequinum,0.022,0.022,-1,Echolocation,/mnt/ubna_data_02_mir/recover-20220922/UBNA_001/20220921_090000.WAV,Telephone Field,recover-20220922,001,1795
1147.1405,1147.1764,68437,81270,Rhinolophus ferrumequinum,0.022,0.023,-1,Echolocation,/mnt/ubna_data_02_mir/recover-20220922/UBNA_001/20220921_090000.WAV,Telephone Field,recover-20220922,001,1795
1147.1525,1147.1738,18593,21696,Nyctalus noctula,0.013,0.024,-1,Echolocation,/mnt/ubna_data_02_mir/recover-20220922/UBNA_001/20220921_090000.WAV,Telephone Field,recover-20220922,001,1795
1147.1915,1147.2266,68437,81579,Rhinolophus ferrumequinum,0.022,0.022,-1,Echolocation,/mnt/ubna_data_02_mir/recover-20220922/UBNA_001/20220921_090000.WAV,Telephone Field,recover-20220922,001,1795
1147.2055,1147.2453,68437,82405,Rhinolophus ferrumequinum,0.024,0.024,-1,Echolocation,/mnt/ubna_data_02_mir/recover-20220922/UBNA_001/20220921_090000.WAV,Telephone Field,recover-20220922,001,1795
1147.2245,1147.2344,26328,33202,Eptesicus serotinus,0.007,0.021,-1,Echolocation,/mnt/ubna_data_02_mir/recover-20220922/UBNA_001/20220921_090000.WAV,Telephone Field,recover-20220922,001,1795
1147.2585,1147.2994,68437,82677,Rhinolophus ferrumequinum,0.028,0.028,-1,Echolocation,/mnt/ubna_data_02_mir/recover-20220922/UBNA_001/20220921_090000.WAV,Telephone Field,recover-20220922,001,1795
1147.3065,1147.313,23750,32431,Plecotus austriacus,0.013,0.026,-1,Echolocation,/mnt/ubna_data_02_mir/recover-20220922/UBNA_001/20220921_090000.WAV,Telephone Field,recover-20220922,001,1795
1147.3185,1147.36,68437,82480,Rhinolophus ferrumequinum,0.022,0.022,-1,Echolocation,/mnt/ubna_data_02_mir/recover-20220922/UBNA_001/20220921_090000.WAV,Telephone Field,recover-20220922,001,1795
1147.3465,1147.3551,25468,33249,Eptesicus serotinus,0.01,0.025,-1,Echolocation,/mnt/ubna_data_02_mir/recover-20220922/UBNA_001/20220921_090000.WAV,Telephone Field,recover-20220922,001,1795
1147.3485,1147.3899,68437,83081,Rhinolophus ferrumequinum,0.026,0.026,-1,Echolocation,/mnt/ubna_data_02_mir/recover-20220922/UBNA_001/20220921_090000.WAV,Telephone Field,recover-20220922,001,1795
1147.3565,1147.3979,68437,82822,Rhinolophus ferrumequinum,0.022,0.022,-1,Echolocation,/mnt/ubna_data_02_mir/recover-20220922/UBNA_001/20220921_090000.WAV,Telephone Field,recover-20220922,001,1795
1147.3645,1147.4028,68437,82000,Rhinolophus ferrumequinum,0.031,0.031,-1,Echolocation,/mnt/ubna_data_02_mir/recover-20220922/UBNA_001/20220921_090000.WAV,Telephone Field,recover-20220922,001,1795
1147.3875,1147.4265,68437,82513,Rhinolophus ferrumequinum,0.023,0.023,-1,Echolocation,/mnt/ubna_data_02_mir/recover-20220922/UBNA_001/20220921_090000.WAV,Telephone Field,recover-20220922,001,1795
1147.4155,1147.4601,68437,83170,Rhinolophus ferrumequinum,0.047,0.047,-1,Echolocation,/mnt/ubna_data_02_mir/recover-20220922/UBNA_001/20220921_090000.WAV,Telephone Field,recover-20220922,001,1795
1147.4475,1147.4569,27187,34246,Eptesicus serotinus,0.011,0.026,-1,Echolocation,/mnt/ubna_data_02_mir/recover-20220922/UBNA_001/20220921_090000.WAV,Telephone Field,recover-20220922,001,1795
1147.4555,1147.4981,68437,82830,Rhinolophus ferrumequinum,0.029,0.029,-1,Echolocation,/mnt/ubna_data_02_mir/recover-20220922/UBNA_001/20220921_090000.WAV,Telephone Field,recover-20220922,001,1795
1147.4655,1147.4764,23750,30124,Nyctalus leisleri,0.01,0.024,-1,Echolocation,/mnt/ubna_data_02_mir/recover-20220922/UBNA_001/20220921_090000.WAV,Telephone Field,recover-20220922,001,1795
1147.4755,1147.5141,68437,82358,Rhinolophus ferrumequinum,0.021,0.021,-1,Echolocation,/mnt/ubna_data_02_mir/recover-20220922/UBNA_001/20220921_090000.WAV,Telephone Field,recover-20220922,001,1795
1147.5195,1147.5655,68437,83665,Rhinolophus ferrumequinum,0.035,0.035,-1,Echolocation,/mnt/ubna_data_02_mir/recover-20220922/UBNA_001/20220921_090000.WAV,Telephone Field,recover-20220922,001,1795
1147.6385,1147.6461,27187,38878,Eptesicus serotinus,0.007,0.022,-1,Echolocation,/mnt/ubna_data_02_mir/recover-20220922/UBNA_001/20220921_090000.WAV,Telephone Field,recover-20220922,001,1795
1147.6545,1147.6938,68437,81924,Rhinolophus ferrumequinum,0.024,0.024,-1,Echolocation,/mnt/ubna_data_02_mir/recover-20220922/UBNA_001/20220921_090000.WAV,Telephone Field,recover-20220922,001,1795
1147.6645,1147.6728,28046,36415,Eptesicus serotinus,0.007,0.022,-1,Echolocation,/mnt/ubna_data_02_mir/recover-20220922/UBNA_001/20220921_090000.WAV,Telephone Field,recover-20220922,001,1795
1147.6665,1147.708,68437,82975,Rhinolophus ferrumequinum,0.031,0.031,-1,Echolocation,/mnt/ubna_data_02_mir/recover-20220922/UBNA_001/20220921_090000.WAV,Telephone Field,recover-20220922,001,1795
1147.7275,1147.7494,20312,23357,Nyctalus leisleri,0.016,0.034,-1,Echolocation,/mnt/ubna_data_02_mir/recover-20220922/UBNA_001/20220921_090000.WAV,Telephone Field,recover-20220922,001,1795
1147.7325,1147.773,68437,82761,Rhinolophus ferrumequinum,0.026,0.026,-1,Echolocation,/mnt/ubna_data_02_mir/recover-20220922/UBNA_001/20220921_090000.WAV,Telephone Field,recover-20220922,001,1795
1147.8145,1147.8542,68437,82216,Rhinolophus ferrumequinum,0.021,0.021,-1,Echolocation,/mnt/ubna_data_02_mir/recover-20220922/UBNA_001/20220921_090000.WAV,Telephone Field,recover-20220922,001,1795
1147.8175,1147.8249,28046,37439,Eptesicus serotinus,0.006,0.023,-1,Echolocation,/mnt/ubna_data_02_mir/recover-20220922/UBNA_001/20220921_090000.WAV,Telephone Field,recover-20220922,001,1795
1147.8245,1147.8604,68437,81984,Rhinolophus ferrumequinum,0.021,0.021,-1,Echolocation,/mnt/ubna_data_02_mir/recover-20220922/UBNA_001/20220921_090000.WAV,Telephone Field,recover-20220922,001,1795
1147.8555,1147.8959,68437,82086,Rhinolophus ferrumequinum,0.05,0.05,-1,Echolocation,/mnt/ubna_data_02_mir/recover-20220922/UBNA_001/20220921_090000.WAV,Telephone Field,recover-20220922,001,1795
1147.8955,1147.9348,68437,82044,Rhinolophus ferrumequinum,0.022,0.022,-1,Echolocation,/mnt/ubna_data_02_mir/recover-20220922/UBNA_001/20220921_090000.WAV,Telephone Field,recover-20220922,001,1795
1147.9045,1147.9462,68437,83133,Rhinolophus ferrumequinum,0.028,0.028,-1,Echolocation,/mnt/ubna_data_02_mir/recover-20220922/UBNA_001/20220921_090000.WAV,Telephone Field,recover-20220922,001,1795
1147.9315,1147.9697,68437,81479,Rhinolophus ferrumequinum,0.022,0.022,-1,Echolocation,/mnt/ubna_data_02_mir/recover-20220922/UBNA_001/20220921_090000.WAV,Telephone Field,recover-20220922,001,1795
1147.9395,1147.9812,68437,82793,Rhinolophus ferrumequinum,0.023,0.023,-1,Echolocation,/mnt/ubna_data_02_mir/recover-20220922/UBNA_001/20220921_090000.WAV,Telephone Field,recover-20220922,001,1795
1147.9475,1147.9563,28046,37745,Eptesicus serotinus,0.008,0.021,-1,Echolocation,/mnt/ubna_data_02_mir/recover-20220922/UBNA_001/20220921_090000.WAV,Telephone Field,recover-20220922,001,1795
1148.0015,1148.0103,26328,39341,Nyctalus leisleri,0.009,0.038,-1,Echolocation,/mnt/ubna_data_02_mir/recover-20220922/UBNA_001/20220921_090000.WAV,Telephone Field,recover-20220922,001,1795
1148.0015,1148.0107,46953,52309,Pipistrellus pipistrellus,0.017,0.022,-1,Echolocation,/mnt/ubna_data_02_mir/recover-20220922/UBNA_001/20220921_090000.WAV,Telephone Field,recover-20220922,001,1795
1148.0015,1148.0314,68437,81632,Rhinolophus ferrumequinum,0.032,0.032,-1,Echolocation,/mnt/ubna_data_02_mir/recover-20220922/UBNA_001/20220921_090000.WAV,Telephone Field,recover-20220922,001,1795
1148.0125,1148.0248,24609,29901,Eptesicus serotinus,0.011,0.027,-1,Echolocation,/mnt/ubna_data_02_mir/recover-20220922/UBNA_001/20220921_090000.WAV,Telephone Field,recover-20220922,001,1795
1148.0435,1148.0507,24609,33465,Plecotus austriacus,0.009,0.024,-1,Echolocation,/mnt/ubna_data_02_mir/recover-20220922/UBNA_001/20220921_090000.WAV,Telephone Field,recover-20220922,001,1795
1148.0515,1148.0915,68437,82347,Rhinolophus ferrumequinum,0.021,0.021,-1,Echolocation,/mnt/ubna_data_02_mir/recover-20220922/UBNA_001/20220921_090000.WAV,Telephone Field,recover-20220922,001,1795
1148.0575,1148.0974,68437,82306,Rhinolophus ferrumequinum,0.021,0.021,-1,Echolocation,/mnt/ubna_data_02_mir/recover-20220922/UBNA_001/20220921_090000.WAV,Telephone Field,recover-20220922,001,1795
1148.0655,1148.1009,68437,81774,Rhinolophus ferrumequinum,0.022,0.022,-1,Echolocation,/mnt/ubna_data_02_mir/recover-20220922/UBNA_001/20220921_090000.WAV,Telephone Field,recover-20220922,001,1795
1148.0795,1148.1195,68437,82270,Rhinolophus ferrumequinum,0.03,0.03,-1,Echolocation,/mnt/ubna_data_02_mir/recover-20220922/UBNA_001/20220921_090000.WAV,Telephone Field,recover-20220922,001,1795
1148.1355,1148.1775,68437,82580,Rhinolophus ferrumequinum,0.027,0.027,-1,Echolocation,/mnt/ubna_data_02_mir/recover-20220922/UBNA_001/20220921_090000.WAV,Telephone Field,recover-20220922,001,1795
1148.1455,1148.1834,68437,82362,Rhinolophus ferrumequinum,0.025,0.025,-1,Echolocation,/mnt/ubna_data_02_mir/recover-20220922/UBNA_001/20220921_090000.WAV,Telephone Field,recover-20220922,001,1795
1148.1455,1148.1561,28046,34090,Eptesicus serotinus,0.011,0.024,-1,Echolocation,/mnt/ubna_data_02_mir/recover-20220922/UBNA_001/20220921_090000.WAV,Telephone Field,recover-20220922,001,1795
1148.1705,1148.2081,68437,82029,Rhinolophus ferrumequinum,0.022,0.022,-1,Echolocation,/mnt/ubna_data_02_mir/recover-20220922/UBNA_001/20220921_090000.WAV,Telephone Field,recover-20220922,001,1795
1148.2035,1148.246,68437,82915,Rhinolophus ferrumequinum,0.04,0.04,-1,Echolocation,/mnt/ubna_data_02_mir/recover-20220922/UBNA_001/20220921_090000.WAV,Telephone Field,recover-20220922,001,1795
1148.2225,1148.233,22890,27598,Nyctalus leisleri,0.011,0.021,-1,Echolocation,/mnt/ubna_data_02_mir/recover-20220922/UBNA_001/20220921_090000.WAV,Telephone Field,recover-20220922,001,1795
1148.2425,1148.2808,68437,82400,Rhinolophus ferrumequinum,0.033,0.033,-1,Echolocation,/mnt/ubna_data_02_mir/recover-20220922/UBNA_001/20220921_090000.WAV,Telephone Field,recover-20220922,001,1795
1148.2605,1148.2982,68437,82255,Rhinolophus ferrumequinum,0.021,0.021,-1,Echolocation,/mnt/ubna_data_02_mir/recover-20220922/UBNA_001/20220921_090000.WAV,Telephone Field,recover-20220922,001,1795
1148.2645,1148.2714,24609,34035,Plecotus austriacus,0.007,0.021,-1,Echolocation,/mnt/ubna_data_02_mir/recover-20220922/UBNA_001/20220921_090000.WAV,Telephone Field,recover-20220922,001,1795
1148.3555,1148.3941,68437,81948,Rhinolophus ferrumequinum,0.021,0.021,-1,Echolocation,/mnt/ubna_data_02_mir/recover-20220922/UBNA_001/20220921_090000.WAV,Telephone Field,recover-20220922,001,1795
1148.3635,1148.4021,68437,82221,Rhinolophus ferrumequinum,0.022,0.022,-1,Echolocation,/mnt/ubna_data_02_mir/recover-20220922/UBNA_001/20220921_090000.WAV,Telephone Field,recover-20220922,001,1795
1148.3815,1148.3916,28046,34719,Eptesicus serotinus,0.011,0.024,-1,Echolocation,/mnt/ubna_data_02_mir/recover-20220922/UBNA_001/20220921_090000.WAV,Telephone Field,recover-20220922,001,1795
1148.3975,1148.4383,68437,82801,Rhinolophus ferrumequinum,0.033,0.033,-1,Echolocation,/mnt/ubna_data_02_mir/recover-20220922/UBNA_001/20220921_090000.WAV,Telephone Field,recover-20220922,001,1795
1148.4105,1148.4187,28046,39735,Eptesicus serotinus,0.007,0.021,-1,Echolocation,/mnt/ubna_data_02_mir/recover-20220922/UBNA_001/20220921_090000.WAV,Telephone Field,recover-20220922,001,1795
1148.4105,1148.448,68437,81957,Rhinolophus ferrumequinum,0.022,0.022,-1,Echolocation,/mnt/ubna_data_02_mir/recover-20220922/UBNA_001/20220921_090000.WAV,Telephone Field,recover-20220922,001,1795
1148.4325,1148.4417,22890,29894,Plecotus austriacus,0.01,0.028,-1,Echolocation,/mnt/ubna_data_02_mir/recover-20220922/UBNA_001/20220921_090000.WAV,Telephone Field,recover-20220922,001,1795
1148.4405,1148.4806,68437,81812,Rhinolophus ferrumequinum,0.022,0.022,-1,Echolocation,/mnt/ubna_data_02_mir/recover-20220922/UBNA_001/20220921_090000.WAV,Telephone Field,recover-20220922,001,1795
1148.4525,1148.4908,68437,82601,Rhinolophus ferrumequinum,0.023,0.023,-1,Echolocation,/mnt/ubna_data_02_mir/recover-20220922/UBNA_001/20220921_090000.WAV,Telephone Field,recover-20220922,001,1795
1148.4765,1148.5186,68437,83055,Rhinolophus ferrumequinum,0.032,0.032,-1,Echolocation,/mnt/ubna_data_02_mir/recover-20220922/UBNA_001/20220921_090000.WAV,Telephone Field,recover-20220922,001,1795
1148.5045,1148.5423,68437,81985,Rhinolophus ferrumequinum,0.024,0.024,-1,Echolocation,/mnt/ubna_data_02_mir/recover-20220922/UBNA_001/20220921_090000.WAV,Telephone Field,recover-20220922,001,1795
1148.5175,1148.5539,68437,81833,Rhinolophus ferrumequinum,0.021,0.021,-1,Echolocation,/mnt/ubna_data_02_mir/recover-20220922/UBNA_001/20220921_090000.WAV,Telephone Field,recover-20220922,001,1795
1148.5285,1148.5364,28046,40663,Eptesicus serotinus,0.006,0.021,-1,Echolocation,/mnt/ubna_data_02_mir/recover-20220922/UBNA_001/20220921_090000.WAV,Telephone Field,recover-20220922,001,1795
1148.5835,1148.5948,23750,28956,Nyctalus leisleri,0.01,0.024,-1,Echolocation,/mnt/ubna_data_02_mir/recover-20220922/UBNA_001/20220921_090000.WAV,Telephone Field,recover-20220922,001,1795
1148.5885,1148.6263,68437,81828,Rhinolophus ferrumequinum,0.023,0.023,-1,Echolocation,/mnt/ubna_data_02_mir/recover-20220922/UBNA_001/20220921_090000.WAV,Telephone Field,recover-20220922,001,1795
1148.6195,1148.6594,68437,82359,Rhinolophus ferrumequinum,0.022,0.022,-1,Echolocation,/mnt/ubna_data_02_mir/recover-20220922/UBNA_001/20220921_090000.WAV,Telephone Field,recover-20220922,001,1795
1148.6345,1148.6417,51250,60707,Pipistrellus pipistrellus,0.02,0.025,-1,Echolocation,/mnt/ubna_data_02_mir/recover-20220922/UBNA_001/20220921_090000.WAV,Telephone Field,recover-20220922,001,1795
1148.6485,1148.6882,68437,82125,Rhinolophus ferrumequinum,0.021,0.021,-1,Echolocation,/mnt/ubna_data_02_mir/recover-20220922/UBNA_001/20220921_090000.WAV,Telephone Field,recover-20220922,001,1795
1148.7175,1148.7552,68437,82339,Rhinolophus ferrumequinum,0.022,0.022,-1,Echolocation,/mnt/ubna_data_02_mir/recover-20220922/UBNA_001/20220921_090000.WAV,Telephone Field,recover-20220922,001,1795
1148.7255,1148.7342,27187,40702,Eptesicus serotinus,0.009,0.024,-1,Echolocation,/mnt/ubna_data_02_mir/recover-20220922/UBNA_001/20220921_090000.WAV,Telephone Field,recover-20220922,001,1795
1148.7545,1148.7995,68437,82957,Rhinolophus ferrumequinum,0.055,0.055,-1,Echolocation,/mnt/ubna_data_02_mir/recover-20220922/UBNA_001/20220921_090000.WAV,Telephone Field,recover-20220922,001,1795
1148.7685,1148.7756,27187,39330,Eptesicus serotinus,0.011,0.03,-1,Echolocation,/mnt/ubna_data_02_mir/recover-20220922/UBNA_001/20220921_090000.WAV,Telephone Field,recover-20220922,001,1795
1148.7845,1148.7928,23750,31901,Plecotus austriacus,0.008,0.023,-1,Echolocation,/mnt/ubna_data_02_mir/recover-20220922/UBNA_001/20220921_090000.WAV,Telephone Field,recover-20220922,001,1795
1148.7955,1148.8044,28046,37179,Eptesicus serotinus,0.009,0.023,-1,Echolocation,/mnt/ubna_data_02_mir/recover-20220922/UBNA_001/20220921_090000.WAV,Telephone Field,recover-20220922,001,1795
1148.8145,1148.8223,27187,36452,Eptesicus serotinus,0.008,0.023,-1,Echolocation,/mnt/ubna_data_02_mir/recover-20220922/UBNA_001/20220921_090000.WAV,Telephone Field,recover-20220922,001,1795
1148.8175,1148.8564,68437,81822,Rhinolophus ferrumequinum,0.021,0.021,-1,Echolocation,/mnt/ubna_data_02_mir/recover-20220922/UBNA_001/20220921_090000.WAV,Telephone Field,recover-20220922,001,1795
1148.8355,1148.8436,31484,42076,Myotis daubentonii,0.01,0.027,-1,Echolocation,/mnt/ubna_data_02_mir/recover-20220922/UBNA_001/20220921_090000.WAV,Telephone Field,recover-20220922,001,1795
1148.8475,1148.8899,68437,82679,Rhinolophus ferrumequinum,0.028,0.028,-1,Echolocation,/mnt/ubna_data_02_mir/recover-20220922/UBNA_001/20220921_090000.WAV,Telephone Field,recover-20220922,001,1795
1148.8905,1148.9327,68437,82777,Rhinolophus ferrumequinum,0.038,0.038,-1,Echolocation,/mnt/ubna_data_02_mir/recover-20220922/UBNA_001/20220921_090000.WAV,Telephone Field,recover-20220922,001,1795
1148.9255,1148.9626,68437,82101,Rhinolophus ferrumequinum,0.023,0.023,-1,Echolocation,/mnt/ubna_data_02_mir/recover-20220922/UBNA_001/20220921_090000.WAV,Telephone Field,recover-20220922,001,1795
1148.9415,1148.9793,68437,81998,Rhinolophus ferrumequinum,0.023,0.023,-1,Echolocation,/mnt/ubna_data_02_mir/recover-20220922/UBNA_001/20220921_090000.WAV,Telephone Field,recover-20220922,001,1795
1148.9545,1148.9913,68437,82235,Rhinolophus ferrumequinum,0.022,0.022,-1,Echolocation,/mnt/ubna_data_02_mir/recover-20220922/UBNA_001/20220921_090000.WAV,Telephone Field,recover-20220922,001,1795
1148.9675,1149.0057,68437,81795,Rhinolophus ferrumequinum,0.022,0.022,-1,Echolocation,/mnt/ubna_data_02_mir/recover-20220922/UBNA_001/20220921_090000.WAV,Telephone Field,recover-20220922,001,1795
1148.9905,1149.0305,68437,82218,Rhinolophus ferrumequinum,0.023,0.023,-1,Echolocation,/mnt/ubna_data_02_mir/recover-20220922/UBNA_001/20220921_090000.WAV,Telephone Field,recover-20220922,001,1795
1149.0225,1149.0645,68437,82792,Rhinolophus ferrumequinum,0.034,0.034,-1,Echolocation,/mnt/ubna_data_02_mir/recover-20220922/UBNA_001/20220921_090000.WAV,Telephone Field,recover-20220922,001,1795
1149.0625,1149.1001,68437,81669,Rhinolophus ferrumequinum,0.021,0.021,-1,Echolocation,/mnt/ubna_data_02_mir/recover-20220922/UBNA_001/20220921_090000.WAV,Telephone Field,recover-20220922,001,1795
1149.0695,1149.0744,31484,47813,Myotis daubentonii,0.016,0.029,-1,Echolocation,/mnt/ubna_data_02_mir/recover-20220922/UBNA_001/20220921_090000.WAV,Telephone Field,recover-20220922,001,1795
1149.0695,1149.0764,24609,38096,Myotis nattereri,0.007,0.022,-1,Echolocation,/mnt/ubna_data_02_mir/recover-20220922/UBNA_001/20220921_090000.WAV,Telephone Field,recover-20220922,001,1795
1149.1215,1149.1618,68437,82580,Rhinolophus ferrumequinum,0.028,0.028,-1,Echolocation,/mnt/ubna_data_02_mir/recover-20220922/UBNA_001/20220921_090000.WAV,Telephone Field,recover-20220922,001,1795
1149.1515,1149.1628,28906,35155,Eptesicus serotinus,0.012,0.027,-1,Echolocation,/mnt/ubna_data_02_mir/recover-20220922/UBNA_001/20220921_090000.WAV,Telephone Field,recover-20220922,001,1795
1149.1565,1149.1963,68437,81895,Rhinolophus ferrumequinum,0.021,0.021,-1,Echolocation,/mnt/ubna_data_02_mir/recover-20220922/UBNA_001/20220921_090000.WAV,Telephone Field,recover-20220922,001,1795
1149.1595,1149.1714,22890,27156,Nyctalus leisleri,0.017,0.031,-1,Echolocation,/mnt/ubna_data_02_mir/recover-20220922/UBNA_001/20220921_090000.WAV,Telephone Field,recover-20220922,001,1795
1149.1685,1149.2029,68437,80471,Rhinolophus ferrumequinum,0.023,0.023,-1,Echolocation,/mnt/ubna_data_02_mir/recover-20220922/UBNA_001/20220921_090000.WAV,Telephone Field,recover-20220922,001,1795
1149.1825,1149.2211,68437,82365,Rhinolophus ferrumequinum,0.022,0.022,-1,Echolocation,/mnt/ubna_data_02_mir/recover-20220922/UBNA_001/20220921_090000.WAV,Telephone Field,recover-20220922,001,1795
1149.2145,1149.221,28046,40829,Eptesicus serotinus,0.007,0.025,-1,Echolocation,/mnt/ubna_data_02_mir/recover-20220922/UBNA_001/20220921_090000.WAV,Telephone Field,recover-20220922,001,1795
1149.2575,1149.2973,68437,81986,Rhinolophus ferrumequinum,0.023,0.023,-1,Echolocation,/mnt/ubna_data_02_mir/recover-20220922/UBNA_001/20220921_090000.WAV,Telephone Field,recover-20220922,001,1795
1149.2765,1149.3124,68437,81586,Rhinolophus ferrumequinum,0.022,0.023,-1,Echolocation,/mnt/ubna_data_02_mir/recover-20220922/UBNA_001/20220921_090000.WAV,Telephone Field,recover-20220922,001,1795
1149.2835,1149.3225,68437,82272,Rhinolophus ferrumequinum,0.025,0.025,-1,Echolocation,/mnt/ubna_data_02_mir/recover-20220922/UBNA_001/20220921_090000.WAV,Telephone Field,recover-20220922,001,1795
1149.2895,1149.3302,68437,82952,Rhinolophus ferrumequinum,0.028,0.028,-1,Echolocation,/mnt/ubna_data_02_mir/recover-20220922/UBNA_001/20220921_090000.WAV,Telephone Field,recover-20220922,001,1795
1149.3255,1149.3341,27187,36322,Eptesicus serotinus,0.007,0.021,-1,Echolocation,/mnt/ubna_data_02_mir/recover-20220922/UBNA_001/20220921_090000.WAV,Telephone Field,recover-20220922,001,1795
1149.3275,1149.3625,68437,81287,Rhinolophus ferrumequinum,0.023,0.023,-1,Echolocation,/mnt/ubna_data_02_mir/recover-20220922/UBNA_001/20220921_090000.WAV,Telephone Field,recover-20220922,001,1795
1149.3355,1149.3458,28046,35251,Eptesicus serotinus,0.012,0.025,-1,Echolocation,/mnt/ubna_data_02_mir/recover-20220922/UBNA_001/20220921_090000.WAV,Telephone Field,recover-20220922,001,1795
1149.3485,1149.3892,68437,82245,Rhinolophus ferrumequinum,0.023,0.023,-1,Echolocation,/mnt/ubna_data_02_mir/recover-20220922/UBNA_001/20220921_090000.WAV,Telephone Field,recover-20220922,001,1795
1149.3555,1149.3663,23750,29293,Nyctalus leisleri,0.012,0.027,-1,Echolocation,/mnt/ubna_data_02_mir/recover-20220922/UBNA_001/20220921_090000.WAV,Telephone Field,recover-20220922,001,1795
1149.3915,1149.4002,49531,55382,Pipistrellus pipistrellus,0.027,0.031,-1,Echolocation,/mnt/ubna_data_02_mir/recover-20220922/UBNA_001/20220921_090000.WAV,Telephone Field,recover-20220922,001,1795
1149.4155,1149.4547,68437,82719,Rhinolophus ferrumequinum,0.022,0.022,-1,Echolocation,/mnt/ubna_data_02_mir/recover-20220922/UBNA_001/20220921_090000.WAV,Telephone Field,recover-20220922,001,1795
1149.4395,1149.4494,22890,28055,Nyctalus leisleri,0.01,0.022,-1,Echolocation,/mnt/ubna_data_02_mir/recover-20220922/UBNA_001/20220921_090000.WAV,Telephone Field,recover-20220922,001,1795
1149.4665,1149.5023,68437,82068,Rhinolophus ferrumequinum,0.022,0.022,-1,Echolocation,/mnt/ubna_data_02_mir/recover-20220922/UBNA_001/20220921_090000.WAV,Telephone Field,recover-20220922,001,1795
1149.4745,1149.5098,68437,81138,Rhinolophus ferrumequinum,0.023,0.023,-1,Echolocation,/mnt/ubna_data_02_mir/recover-20220922/UBNA_001/20220921_090000.WAV,Telephone Field,recover-20220922,001,1795
1149.4985,1149.5125,22031,26390,Nyctalus leisleri,0.013,0.027,-1,Echolocation,/mnt/ubna_data_02_mir/recover-20220922/UBNA_001/20220921_090000.WAV,Telephone Field,recover-20220922,001,1795
1149.5005,1149.5404,68437,82811,Rhinolophus ferrumequinum,0.023,0.023,-1,Echolocation,/mnt/ubna_data_02_mir/recover-20220922/UBNA_001/20220921_090000.WAV,Telephone Field,recover-20220922,001,1795
1149.5145,1149.5524,68437,81940,Rhinolophus ferrumequinum,0.021,0.021,-1,Echolocation,/mnt/ubna_data_02_mir/recover-20220922/UBNA_001/20220921_090000.WAV,Telephone Field,recover-20220922,001,1795
1149.5535,1149.5597,27187,41077,Eptesicus serotinus,0.006,0.026,-1,Echolocation,/mnt/ubna_data_02_mir/recover-20220922/UBNA_001/20220921_090000.WAV,Telephone Field,recover-20220922,001,1795
1149.5535,1149.5594,33203,43750,Myotis daubentonii,0.01,0.026,-1,Echolocation,/mnt/ubna_data_02_mir/recover-20220922/UBNA_001/20220921_090000.WAV,Telephone Field,recover-20220922,001,1795
1149.5565,1149.5944,68437,82260,Rhinolophus ferrumequinum,0.025,0.025,-1,Echolocation,/mnt/ubna_data_02_mir/recover-20220922/UBNA_001/20220921_090000.WAV,Telephone Field,recover-20220922,001,1795
1149.5945,1149.6023,27187,38338,Eptesicus serotinus,0.007,0.022,-1,Echolocation,/mnt/ubna_data_02_mir/recover-20220922/UBNA_001/20220921_090000.WAV,Telephone Field,recover-20220922,001,1795
1149.6085,1149.6195,28906,34908,Eptesicus serotinus,0.011,0.022,-1,Echolocation,/mnt/ubna_data_02_mir/recover-20220922/UBNA_001/20220921_090000.WAV,Telephone Field,recover-20220922,001,1795
1149.6495,1149.6868,68437,82472,Rhinolophus ferrumequinum,0.023,0.023,-1,Echolocation,/mnt/ubna_data_02_mir/recover-20220922/UBNA_001/20220921_090000.WAV,Telephone Field,recover-20220922,001,1795
1149.6875,1149.726,68437,82096,Rhinolophus ferrumequinum,0.021,0.021,-1,Echolocation,/mnt/ubna_data_02_mir/recover-20220922/UBNA_001/20220921_090000.WAV,Telephone Field,recover-20220922,001,1795
1149.7155,1149.7229,28046,38685,Eptesicus serotinus,0.006,0.021,-1,Echolocation,/mnt/ubna_data_02_mir/recover-20220922/UBNA_001/20220921_090000.WAV,Telephone Field,recover-20220922,001,1795
1149.7185,1149.7564,68437,82298,Rhinolophus ferrumequinum,0.024,0.024,-1,Echolocation,/mnt/ubna_data_02_mir/recover-20220922/UBNA_001/20220921_090000.WAV,Telephone Field,recover-20220922,001,1795
1149.7235,1149.7335,22890,28593,Nyctalus leisleri,0.009,0.021,-1,Echolocation,/mnt/ubna_data_02_mir/recover-20220922/UBNA_001/20220921_090000.WAV,Telephone Field,recover-20220922,001,1795
1149.7425,1149.7788,68437,81216,Rhinolophus ferrumequinum,0.022,0.022,-1,Echolocation,/mnt/ubna_data_02_mir/recover-20220922/UBNA_001/20220921_090000.WAV,Telephone Field,recover-20220922,001,1795
1149.7635,1149.7711,45234,50691,Pipistrellus pipistrellus,0.021,0.022,-1,Echolocation,/mnt/ubna_data_02_mir/recover-20220922/UBNA_001/20220921_090000.WAV,Telephone Field,recover-20220922,001,1795
1149.7655,1149.8092,68437,83396,Rhinolophus ferrumequinum,0.035,0.035,-1,Echolocation,/mnt/ubna_data_02_mir/recover-20220922/UBNA_001/20220921_090000.WAV,Telephone Field,recover-20220922,001,1795
1149.8085,1149.843,68437,81092,Rhinolophus ferrumequinum,0.024,0.024,-1,Echolocation,/mnt/ubna_data_02_mir/recover-20220922/UBNA_001/20220921_090000.WAV,Telephone Field,recover-20220922,001,1795
1149.8315,1149.8678,68437,81346,Rhinolophus ferrumequinum,0.022,0.023,-1,Echolocation,/mnt/ubna_data_02_mir/recover-20220922/UBNA_001/20220921_090000.WAV,Telephone Field,recover-20220922,001,1795
1149.8415,1149.8516,28906,37776,Eptesicus serotinus,0.025,0.042,-1,Echolocation,/mnt/ubna_data_02_mir/recover-20220922/UBNA_001/20220921_090000.WAV,Telephone Field,recover-20220922,001,1795
1149.8535,1149.8923,68437,81707,Rhinolophus ferrumequinum,0.022,0.022,-1,Echolocation,/mnt/ubna_data_02_mir/recover-20220922/UBNA_001/20220921_090000.WAV,Telephone Field,recover-20220922,001,1795
1149.8745,1149.8811,32343,48880,Myotis daubentonii,0.013,0.022,-1,Echolocation,/mnt/ubna_data_02_mir/recover-20220922/UBNA_001/20220921_090000.WAV,Telephone Field,recover-20220922,001,1795
1149.8985,1149.9417,68437,83204,Rhinolophus ferrumequinum,0.035,0.035,-1,Echolocation,/mnt/ubna_data_02_mir/recover-20220922/UBNA_001/20220921_090000.WAV,Telephone Field,recover-20220922,001,1795
1149.9335,1149.9437,28046,36369,Eptesicus serotinus,0.009,0.022,-1,Echolocation,/mnt/ubna_data_02_mir/recover-20220922/UBNA_001/20220921_090000.WAV,Telephone Field,recover-20220922,001,1795
1149.9875,1149.9991,23750,30037,Nyctalus leisleri,0.013,0.029,-1,Echolocation,/mnt/ubna_data_02_mir/recover-20220922/UBNA_001/20220921_090000.WAV,Telephone Field,recover-20220922,001,1795
1150.0015,1150.0107,24609,32703,Nyctalus leisleri,0.009,0.029,-1,Echolocation,/mnt/ubna_data_02_mir/recover-20220922/UBNA_001/20220921_090000.WAV,Telephone Field,recover-20220922,001,1795
1150.0015,1150.0132,48671,53227,Pipistrellus pipistrellus,0.023,0.03,-1,Echolocation,/mnt/ubna_data_02_mir/recover-20220922/UBNA_001/20220921_090000.WAV,Telephone Field,recover-20220922,001,1795
1150.0015,1150.0341,68437,79954,Rhinolophus ferrumequinum,0.037,0.037,-1,Echolocation,/mnt/ubna_data_02_mir/recover-20220922/UBNA_001/20220921_090000.WAV,Telephone Field,recover-20220922,001,1795
1150.0095,1150.0186,24609,31840,Eptesicus serotinus,0.008,0.021,-1,Echolocation,/mnt/ubna_data_02_mir/recover-20220922/UBNA_001/20220921_090000.WAV,Telephone Field,recover-20220922,001,1795
1150.0095,1150.0527,68437,82607,Rhinolophus ferrumequinum,0.026,0.026,-1,Echolocation,/mnt/ubna_data_02_mir/recover-20220922/UBNA_001/20220921_090000.WAV,Telephone Field,recover-20220922,001,1795
1150.0125,1150.0218,14296,21449,Plecotus auritus,0.009,0.022,-1,Echolocation,/mnt/ubna_data_02_mir/recover-20220922/UBNA_001/20220921_090000.WAV,Telephone Field,recover-20220922,001,1795
1150.0355,1150.0433,28906,37557,Eptesicus serotinus,0.008,0.024,-1,Echolocation,/mnt/ubna_data_02_mir/recover-20220922/UBNA_001/20220921_090000.WAV,Telephone Field,recover-20220922,001,1795
1150.0985,1150.137,68437,82160,Rhinolophus ferrumequinum,0.024,0.024,-1,Echolocation,/mnt/ubna_data_02_mir/recover-20220922/UBNA_001/20220921_090000.WAV,Telephone Field,recover-20220922,001,1795
1150.1205,1150.1273,27187,37827,Eptesicus serotinus,0.015,0.047,-1,Echolocation,/mnt/ubna_data_02_mir/recover-20220922/UBNA_001/20220921_090000.WAV,Telephone Field,recover-20220922,001,1795
1150.2025,1150.2171,22031,25719,Nyctalus leisleri,0.016,0.028,-1,Echolocation,/mnt/ubna_data_02_mir/recover-20220922/UBNA_001/20220921_090000.WAV,Telephone Field,recover-20220922,001,1795
1150.2105,1150.252,68437,82961,Rhinolophus ferrumequinum,0.024,0.024,-1,Echolocation,/mnt/ubna_data_02_mir/recover-20220922/UBNA_001/20220921_090000.WAV,Telephone Field,recover-20220922,001,1795
1150.2315,1150.2405,25468,34155,Eptesicus serotinus,0.01,0.027,-1,Echolocation,/mnt/ubna_data_02_mir/recover-20220922/UBNA_001/20220921_090000.WAV,Telephone Field,recover-20220922,001,1795
1150.2915,1150.3293,68437,82605,Rhinolophus ferrumequinum,0.022,0.022,-1,Echolocation,/mnt/ubna_data_02_mir/recover-20220922/UBNA_001/20220921_090000.WAV,Telephone Field,recover-20220922,001,1795
1150.2975,1150.3351,68437,82050,Rhinolophus ferrumequinum,0.021,0.021,-1,Echolocation,/mnt/ubna_data_02_mir/recover-20220922/UBNA_001/20220921_090000.WAV,Telephone Field,recover-20220922,001,1795
1150.2985,1150.3083,22890,28964,Nyctalus leisleri,0.009,0.023,-1,Echolocation,/mnt/ubna_data_02_mir/recover-20220922/UBNA_001/20220921_090000.WAV,Telephone Field,recover-20220922,001,1795
1150.3155,1150.3578,68437,83297,Rhinolophus ferrumequinum,0.022,0.022,-1,Echolocation,/mnt/ubna_data_02_mir/recover-20220922/UBNA_001/20220921_090000.WAV,Telephone Field,recover-20220922,001,1795
1150.3265,1150.3334,28046,39012,Eptesicus serotinus,0.006,0.023,-1,Echolocation,/mnt/ubna_data_02_mir/recover-20220922/UBNA_001/20220921_090000.WAV,Telephone Field,recover-20220922,001,1795
1150.3425,1150.3845,68437,82650,Rhinolophus ferrumequinum,0.036,0.036,-1,Echolocation,/mnt/ubna_data_02_mir/recover-20220922/UBNA_001/20220921_090000.WAV,Telephone Field,recover-20220922,001,1795
1150.3465,1150.3555,28906,39408,Eptesicus serotinus,0.012,0.026,-1,Echolocation,/mnt/ubna_data_02_mir/recover-20220922/UBNA_001/20220921_090000.WAV,Telephone Field,recover-20220922,001,1795
1150.3665,1150.4057,68437,83181,Rhinolophus ferrumequinum,0.028,0.028,-1,Echolocation,/mnt/ubna_data_02_mir/recover-20220922/UBNA_001/20220921_090000.WAV,Telephone Field,recover-20220922,001,1795
1150.3935,1150.4029,25468,32693,Eptesicus serotinus,0.007,0.022,-1,Echolocation,/mnt/ubna_data_02_mir/recover-20220922/UBNA_001/20220921_090000.WAV,Telephone Field,recover-20220922,001,1795
1150.4175,1150.4287,22890,28003,Nyctalus leisleri,0.036,0.088,-1,Echolocation,/mnt/ubna_data_02_mir/recover-20220922/UBNA_001/20220921_090000.WAV,Telephone Field,recover-20220922,001,1795
1150.4215,1150.4279,47812,53279,Pipistrellus pipistrellus,0.021,0.022,-1,Echolocation,/mnt/ubna_data_02_mir/recover-20220922/UBNA_001/20220921_090000.WAV,Telephone Field,recover-20220922,001,1795
1150.4605,1150.471,28906,36332,Eptesicus serotinus,0.01,0.024,-1,Echolocation,/mnt/ubna_data_02_mir/recover-20220922/UBNA_001/20220921_090000.WAV,Telephone Field,recover-20220922,001,1795
1150.4805,1150.523,68437,83250,Rhinolophus ferrumequinum,0.022,0.022,-1,Echolocation,/mnt/ubna_data_02_mir/recover-20220922/UBNA_001/20220921_090000.WAV,Telephone Field,recover-20220922,001,1795
1150.4875,1150.4933,37500,48728,Myotis daubentonii,0.008,0.025,-1,Echolocation,/mnt/ubna_data_02_mir/recover-20220922/UBNA_001/20220921_090000.WAV,Telephone Field,recover-20220922,001,1795
1150.4895,1150.497,27187,40656,Eptesicus serotinus,0.007,0.025,-1,Echolocation,/mnt/ubna_data_02_mir/recover-20220922/UBNA_001/20220921_090000.WAV,Telephone Field,recover-20220922,001,1795
1150.5245,1150.5666,68437,82652,Rhinolophus ferrumequinum,0.031,0.031,-1,Echolocation,/mnt/ubna_data_02_mir/recover-20220922/UBNA_001/20220921_090000.WAV,Telephone Field,recover-20220922,001,1795
1150.5285,1150.5356,28046,42480,Eptesicus serotinus,0.008,0.028,-1,Echolocation,/mnt/ubna_data_02_mir/recover-20220922/UBNA_001/20220921_090000.WAV,Telephone Field,recover-20220922,001,1795
1150.5865,1150.6245,68437,81599,Rhinolophus ferrumequinum,0.022,0.022,-1,Echolocation,/mnt/ubna_data_02_mir/recover-20220922/UBNA_001/20220921_090000.WAV,Telephone Field,recover-20220922,001,1795
1150.6325,1150.6723,68437,82931,Rhinolophus ferrumequinum,0.025,0.025,-1,Echolocation,/mnt/ubna_data_02_mir/recover-20220922/UBNA_001/20220921_090000.WAV,Telephone Field,recover-20220922,001,1795
1150.6495,1150.6567,47812,52188,Pipistrellus pipistrellus,0.023,0.024,-1,Echolocation,/mnt/ubna_data_02_mir/recover-20220922/UBNA_001/20220921_090000.WAV,Telephone Field,recover-20220922,001,1795
1150.6575,1150.697,68437,82261,Rhinolophus ferrumequinum,0.038,0.038,-1,Echolocation,/mnt/ubna_data_02_mir/recover-20220922/UBNA_001/20220921_090000.WAV,Telephone Field,recover-20220922,001,1795
1150.7105,1150.7513,68437,83006,Rhinolophus ferrumequinum,0.024,0.024,-1,Echolocation,/mnt/ubna_data_02_mir/recover-20220922/UBNA_001/20220921_090000.WAV,Telephone Field,recover-20220922,001,1795
1150.7185,1150.759,68437,82659,Rhinolophus ferrumequinum,0.022,0.022,-1,Echolocation,/mnt/ubna_data_02_mir/recover-20220922/UBNA_001/20220921_090000.WAV,Telephone Field,recover-20220922,001,1795
1150.7405,1150.7513,28046,35682,Eptesicus serotinus,0.018,0.035,-1,Echolocation,/mnt/ubna_data_02_mir/recover-20220922/UBNA_001/20220921_090000.WAV,Telephone Field,recover-20220922,001,1795
1150.8085,1150.8485,68437,82343,Rhinolophus ferrumequinum,0.023,0.023,-1,Echolocation,/mnt/ubna_data_02_mir/recover-20220922/UBNA_001/20220921_090000.WAV,Telephone Field,recover-20220922,001,1795
1150.8325,1150.8409,26328,37999,Eptesicus serotinus,0.008,0.021,-1,Echolocation,/mnt/ubna_data_02_mir/recover-20220922/UBNA_001/20220921_090000.WAV,Telephone Field,recover-20220922,001,1795
1150.8525,1150.8897,68437,81645,Rhinolophus ferrumequinum,0.024,0.024,-1,Echolocation,/mnt/ubna_data_02_mir/recover-20220922/UBNA_001/20220921_090000.WAV,Telephone Field,recover-20220922,001,1795
1150.8845,1150.9244,68437,82027,Rhinolophus ferrumequinum,0.022,0.022,-1,Echolocation,/mnt/ubna_data_02_mir/recover-20220922/UBNA_001/20220921_090000.WAV,Telephone Field,recover-20220922,001,1795
1150.8885,1150.8972,24609,32607,Plecotus austriacus,0.012,0.036,-1,Echolocation,/mnt/ubna_data_02_mir/recover-20220922/UBNA_001/20220921_090000.WAV,Telephone Field,recover-20220922,001,1795
1150.9075,1150.9172,28906,37638,Eptesicus serotinus,0.01,0.022,-1,Echolocation,/mnt/ubna_data_02_mir/recover-20220922/UBNA_001/20220921_090000.WAV,Telephone Field,recover-20220922,001,1795
1150.9205,1150.9595,68437,82353,Rhinolophus ferrumequinum,0.024,0.024,-1,Echolocation,/mnt/ubna_data_02_mir/recover-20220922/UBNA_001/20220921_090000.WAV,Telephone Field,recover-20220922,001,1795
1150.9315,1150.9453,22031,26100,Nyctalus leisleri,0.014,0.024,-1,Echolocation,/mnt/ubna_data_02_mir/recover-20220922/UBNA_001/20220921_090000.WAV,Telephone Field,recover-20220922,001,1795
1150.9325,1150.9726,68437,82792,Rhinolophus ferrumequinum,0.022,0.022,-1,Echolocation,/mnt/ubna_data_02_mir/recover-20220922/UBNA_001/20220921_090000.WAV,Telephone Field,recover-20220922,001,1795
1150.9385,1150.9809,68437,82856,Rhinolophus ferrumequinum,0.023,0.023,-1,Echolocation,/mnt/ubna_data_02_mir/recover-20220922/UBNA_001/20220921_090000.WAV,Telephone Field,recover-20220922,001,1795
1150.9615,1150.9981,68437,81825,Rhinolophus ferrumequinum,0.023,0.023,-1,Echolocation,/mnt/ubna_data_02_mir/recover-20220922/UBNA_001/20220921_090000.WAV,Telephone Field,recover-20220922,001,1795
1150.9735,1150.9813,28046,37099,Eptesicus serotinus,0.007,0.022,-1,Echolocation,/mnt/ubna_data_02_mir/recover-20220922/UBNA_001/20220921_090000.WAV,Telephone Field,recover-20220922,001,1795
1150.9755,1150.9836,23750,32027,Plecotus austriacus,0.009,0.023,-1,Echolocation,/mnt/ubna_data_02_mir/recover-20220922/UBNA_001/20220921_090000.WAV,Telephone Field,recover-20220922,001,1795
1150.9775,1151.0169,68437,82294,Rhinolophus ferrumequinum,0.022,0.022,-1,Echolocation,/mnt/ubna_data_02_mir/recover-20220922/UBNA_001/20220921_090000.WAV,Telephone Field,recover-20220922,001,1795
1150.9895,1151.0283,68437,82007,Rhinolophus ferrumequinum,0.021,0.021,-1,Echolocation,/mnt/ubna_data_02_mir/recover-20220922/UBNA_001/20220921_090000.WAV,Telephone Field,recover-20220922,001,1795
1151.0005,1151.0099,26328,34267,Eptesicus serotinus,0.01,0.027,-1,Echolocation,/mnt/ubna_data_02_mir/recover-20220922/UBNA_001/20220921_090000.WAV,Telephone Field,recover-20220922,001,1795
1151.0275,1151.0674,68437,82889,Rhinolophus ferrumequinum,0.025,0.025,-1,Echolocation,/mnt/ubna_data_02_mir/recover-20220922/UBNA_001/20220921_090000.WAV,Telephone Field,recover-20220922,001,1795
1151.0395,1151.0479,28046,37383,Eptesicus serotinus,0.01,0.023,-1,Echolocation,/mnt/ubna_data_02_mir/recover-20220922/UBNA_001/20220921_090000.WAV,Telephone Field,recover-20220922,001,1795
1151.0425,1151.0815,68437,81722,Rhinolophus ferrumequinum,0.023,0.024,-1,Echolocation,/mnt/ubna_data_02_mir/recover-20220922/UBNA_001/20220921_090000.WAV,Telephone Field,recover-20220922,001,1795
1151.0625,1151.0711,28906,37912,Eptesicus serotinus,0.008,0.023,-1,Echolocation,/mnt/ubna_data_02_mir/recover-20220922/UBNA_001/20220921_090000.WAV,Telephone Field,recover-20220922,001,1795
1151.0785,1151.1163,68437,82119,Rhinolophus ferrumequinum,0.027,0.027,-1,Echolocation,/mnt/ubna_data_02_mir/recover-20220922/UBNA_001/20220921_090000.WAV,Telephone Field,recover-20220922,001,1795
1151.1065,1151.1399,68437,81420,Rhinolophus ferrumequinum,0.021,0.021,-1,Echolocation,/mnt/ubna_data_02_mir/recover-20220922/UBNA_001/20220921_090000.WAV,Telephone Field,recover-20220922,001,1795
1151.1455,1151.1533,22890,30158,Plecotus austriacus,0.011,0.025,-1,Echolocation,/mnt/ubna_data_02_mir/recover-20220922/UBNA_001/20220921_090000.WAV,Telephone Field,recover-20220922,001,1795
1151.1915,1151.1989,45234,52022,Pipistrellus pipistrellus,0.019,0.022,-1,Echolocation,/mnt/ubna_data_02_mir/recover-20220922/UBNA_001/20220921_090000.WAV,Telephone Field,recover-20220922,001,1795
1151.2135,1151.253,68437,82461,Rhinolophus ferrumequinum,0.023,0.023,-1,Echolocation,/mnt/ubna_data_02_mir/recover-20220922/UBNA_001/20220921_090000.WAV,Telephone Field,recover-20220922,001,1795
1151.2225,1151.2626,68437,82590,Rhinolophus ferrumequinum,0.024,0.024,-1,Echolocation,/mnt/ubna_data_02_mir/recover-20220922/UBNA_001/20220921_090000.WAV,Telephone Field,recover-20220922,001,1795
1151.2745,1151.3147,68437,82089,Rhinolophus ferrumequinum,0.022,0.022,-1,Echolocation,/mnt/ubna_data_02_mir/recover-20220922/UBNA_001/20220921_090000.WAV,Telephone Field,recover-20220922,001,1795
1151.2975,1151.3066,28046,39523,Eptesicus serotinus,0.008,0.022,-1,Echolocation,/mnt/ubna_data_02_mir/recover-20220922/UBNA_001/20220921_090000.WAV,Telephone Field,recover-20220922,001,1795
1151.3065,1151.3165,28046,35885,Eptesicus serotinus,0.008,0.022,-1,Echolocation,/mnt/ubna_data_02_mir/recover-20220922/UBNA_001/20220921_090000.WAV,Telephone Field,recover-20220922,001,1795
1151.3135,1151.3514,68437,82613,Rhinolophus ferrumequinum,0.021,0.021,-1,Echolocation,/mnt/ubna_data_02_mir/recover-20220922/UBNA_001/20220921_090000.WAV,Telephone Field,recover-20220922,001,1795
1151.3155,1151.3238,28906,37317,Eptesicus serotinus,0.007,0.022,-1,Echolocation,/mnt/ubna_data_02_mir/recover-20220922/UBNA_001/20220921_090000.WAV,Telephone Field,recover-20220922,001,1795
1151.3825,1151.3957,22890,27630,Nyctalus leisleri,0.013,0.025,-1,Echolocation,/mnt/ubna_data_02_mir/recover-20220922/UBNA_001/20220921_090000.WAV,Telephone Field,recover-20220922,001,1795
1151.3835,1151.4271,68437,83360,Rhinolophus ferrumequinum,0.033,0.033,-1,Echolocation,/mnt/ubna_data_02_mir/recover-20220922/UBNA_001/20220921_090000.WAV,Telephone Field,recover-20220922,001,1795
1151.3905,1151.401,22890,27890,Nyctalus leisleri,0.011,0.023,-1,Echolocation,/mnt/ubna_data_02_mir/recover-20220922/UBNA_001/20220921_090000.WAV,Telephone Field,recover-20220922,001,1795
1151.4145,1151.4534,68437,82283,Rhinolophus ferrumequinum,0.025,0.025,-1,Echolocation,/mnt/ubna_data_02_mir/recover-20220922/UBNA_001/20220921_090000.WAV,Telephone Field,recover-20220922,001,1795
1151.4905,1151.5008,25468,31902,Eptesicus serotinus,0.01,0.024,-1,Echolocation,/mnt/ubna_data_02_mir/recover-20220922/UBNA_001/20220921_090000.WAV,Telephone Field,recover-20220922,001,1795
1151.4935,1151.5303,68437,81830,Rhinolophus ferrumequinum,0.023,0.023,-1,Echolocation,/mnt/ubna_data_02_mir/recover-20220922/UBNA_001/20220921_090000.WAV,Telephone Field,recover-20220922,001,1795
1151.5075,1151.5489,68437,82579,Rhinolophus ferrumequinum,0.025,0.025,-1,Echolocation,/mnt/ubna_data_02_mir/recover-20220922/UBNA_001/20220921_090000.WAV,Telephone Field,recover-20220922,001,1795
1151.5325,1151.5406,28046,37589,Eptesicus serotinus,0.007,0.022,-1,Echolocation,/mnt/ubna_data_02_mir/recover-20220922/UBNA_001/20220921_090000.WAV,Telephone Field,recover-20220922,001,1795
1151.5355,1151.573,68437,82261,Rhinolophus ferrumequinum,0.024,0.024,-1,Echolocation,/mnt/ubna_data_02_mir/recover-20220922/UBNA_001/20220921_090000.WAV,Telephone Field,recover-20220922,001,1795
1151.5715,1151.5773,24609,38263,Plecotus austriacus,0.011,0.031,-1,Echolocation,/mnt/ubna_data_02_mir/recover-20220922/UBNA_001/20220921_090000.WAV,Telephone Field,recover-20220922,001,1795
1151.5795,1151.6193,68437,82415,Rhinolophus ferrumequinum,0.026,0.027,-1,Echolocation,/mnt/ubna_data_02_mir/recover-20220922/UBNA_001/20220921_090000.WAV,Telephone Field,recover-20220922,001,1795
1151.5945,1151.6007,28046,41258,Eptesicus serotinus,0.006,0.025,-1,Echolocation,/mnt/ubna_data_02_mir/recover-20220922/UBNA_001/20220921_090000.WAV,Telephone Field,recover-20220922,001,1795
1151.6195,1151.628,28046,39296,Eptesicus serotinus,0.007,0.022,-1,Echolocation,/mnt/ubna_data_02_mir/recover-20220922/UBNA_001/20220921_090000.WAV,Telephone Field,recover-20220922,001,1795
1151.6295,1151.6409,25468,30996,Eptesicus serotinus,0.009,0.024,-1,Echolocation,/mnt/ubna_data_02_mir/recover-20220922/UBNA_001/20220921_090000.WAV,Telephone Field,recover-20220922,001,1795
1151.6345,1151.6749,68437,82649,Rhinolophus ferrumequinum,0.021,0.021,-1,Echolocation,/mnt/ubna_data_02_mir/recover-20220922/UBNA_001/20220921_090000.WAV,Telephone Field,recover-20220922,001,1795
1151.6755,1151.6817,26328,41092,Myotis nattereri,0.005,0.021,-1,Echolocation,/mnt/ubna_data_02_mir/recover-20220922/UBNA_001/20220921_090000.WAV,Telephone Field,recover-20220922,001,1795
1151.6815,1151.7208,68437,81716,Rhinolophus ferrumequinum,0.022,0.023,-1,Echolocation,/mnt/ubna_data_02_mir/recover-20220922/UBNA_001/20220921_090000.WAV,Telephone Field,recover-20220922,001,1795
1151.6985,1151.7076,28046,41090,Eptesicus serotinus,0.009,0.022,-1,Echolocation,/mnt/ubna_data_02_mir/recover-20220922/UBNA_001/20220921_090000.WAV,Telephone Field,recover-20220922,001,1795
1151.7005,1151.7429,68437,83547,Rhinolophus ferrumequinum,0.058,0.058,-1,Echolocation,/mnt/ubna_data_02_mir/recover-20220922/UBNA_001/20220921_090000.WAV,Telephone Field,recover-20220922,001,1795
1151.7355,1151.7736,68437,82121,Rhinolophus ferrumequinum,0.023,0.023,-1,Echolocation,/mnt/ubna_data_02_mir/recover-20220922/UBNA_001/20220921_090000.WAV,Telephone Field,recover-20220922,001,1795
1151.7425,1151.7501,23750,31938,Plecotus austriacus,0.009,0.023,-1,Echolocation,/mnt/ubna_data_02_mir/recover-20220922/UBNA_001/20220921_090000.WAV,Telephone Field,recover-20220922,001,1795
1151.7485,1151.7864,68437,82643,Rhinolophus ferrumequinum,0.026,0.026,-1,Echolocation,/mnt/ubna_data_02_mir/recover-20220922/UBNA_001/20220921_090000.WAV,Telephone Field,recover-20220922,001,1795
1151.7925,1151.7995,45234,50228,Pipistrellus pipistrellus,0.055,0.057,-1,Echolocation,/mnt/ubna_data_02_mir/recover-20220922/UBNA_001/20220921_090000.WAV,Telephone Field,recover-20220922,001,1795
1151.8205,1151.8276,25468,36356,Eptesicus serotinus,0.005,0.022,-1,Echolocation,/mnt/ubna_data_02_mir/recover-20220922/UBNA_001/20220921_090000.WAV,Telephone Field,recover-20220922,001,1795
1151.8395,1151.8832,68437,83108,Rhinolophus ferrumequinum,0.031,0.031,-1,Echolocation,/mnt/ubna_data_02_mir/recover-20220922/UBNA_001/20220921_090000.WAV,Telephone Field,recover-20220922,001,1795
1151.8675,1151.9126,68437,83542,Rhinolophus ferrumequinum,0.038,0.038,-1,Echolocation,/mnt/ubna_data_02_mir/recover-20220922/UBNA_001/20220921_090000.WAV,Telephone Field,recover-20220922,001,1795
1151.8755,1151.8834,28046,38071,Eptesicus serotinus,0.007,0.023,-1,Echolocation,/mnt/ubna_data_02_mir/recover-20220922/UBNA_001/20220921_090000.WAV,Telephone Field,recover-20220922,001,1795
1151.8945,1151.9318,68437,81634,Rhinolophus ferrumequinum,0.022,0.023,-1,Echolocation,/mnt/ubna_data_02_mir/recover-20220922/UBNA_001/20220921_090000.WAV,Telephone Field,recover-20220922,001,1795
1151.9335,1151.9709,68437,80925,Rhinolophus ferrumequinum,0.025,0.025,-1,Echolocation,/mnt/ubna_data_02_mir/recover-20220922/UBNA_001/20220921_090000.WAV,Telephone Field,recover-20220922,001,1795
1151.9345,1151.9415,28046,42646,Eptesicus serotinus,0.008,0.025,-1,Echolocation,/mnt/ubna_data_02_mir/recover-20220922/UBNA_001/20220921_090000.WAV,Telephone Field,recover-20220922,001,1795
1151.9475,1151.9814,68437,81424,Rhinolophus ferrumequinum,0.025,0.025,-1,Echolocation,/mnt/ubna_data_02_mir/recover-20220922/UBNA_001/20220921_090000.WAV,Telephone Field,recover-20220922,001,1795
1151.9845,1151.9938,24609,33097,Eptesicus serotinus,0.008,0.024,-1,Echolocation,/mnt/ubna_data_02_mir/recover-20220922/UBNA_001/20220921_090000.WAV,Telephone Field,recover-20220922,001,1795
1151.9845,1151.9967,35781,40978,Pipistrellus nathusii,0.01,0.027,-1,Echolocation,/mnt/ubna_data_02_mir/recover-20220922/UBNA_001/20220921_090000.WAV,Telephone Field,recover-20220922,001,1795
1152.0015,1152.0089,23750,31308,Nyctalus leisleri,0.008,0.026,-1,Echolocation,/mnt/ubna_data_02_mir/recover-20220922/UBNA_001/20220921_090000.WAV,Telephone Field,recover-20220922,001,1795
1152.0015,1152.0097,49531,56032,Pipistrellus pipistrellus,0.02,0.026,-1,Echolocation,/mnt/ubna_data_02_mir/recover-20220922/UBNA_001/20220921_090000.WAV,Telephone Field,recover-20220922,001,1795
1152.0015,1152.0313,69296,81227,Rhinolophus ferrumequinum,0.027,0.027,-1,Echolocation,/mnt/ubna_data_02_mir/recover-20220922/UBNA_001/20220921_090000.WAV,Telephone Field,recover-20220922,001,1795
1152.0115,1152.0548,68437,82232,Rhinolophus ferrumequinum,0.026,0.026,-1,Echolocation,/mnt/ubna_data_02_mir/recover-20220922/UBNA_001/20220921_090000.WAV,Telephone Field,recover-20220922,001,1795
1152.0355,1152.0773,68437,82890,Rhinolophus ferrumequinum,0.046,0.046,-1,Echolocation,/mnt/ubna_data_02_mir/recover-20220922/UBNA_001/20220921_090000.WAV,Telephone Field,recover-20220922,001,1795
1152.0655,1152.1032,68437,82270,Rhinolophus ferrumequinum,0.022,0.022,-1,Echolocation,/mnt/ubna_data_02_mir/recover-20220922/UBNA_001/20220921_090000.WAV,Telephone Field,recover-20220922,001,1795
1152.0835,1152.0911,24609,32646,Plecotus austriacus,0.007,0.022,-1,Echolocation,/mnt/ubna_data_02_mir/recover-20220922/UBNA_001/20220921_090000.WAV,Telephone Field,recover-20220922,001,1795
1152.0895,1152.1314,68437,82971,Rhinolophus ferrumequinum,0.028,0.028,-1,Echolocation,/mnt/ubna_data_02_mir/recover-20220922/UBNA_001/20220921_090000.WAV,Telephone Field,recover-20220922,001,1795
1152.1005,1152.1103,22031,27421,Nyctalus leisleri,0.008,0.022,-1,Echolocation,/mnt/ubna_data_02_mir/recover-20220922/UBNA_001/20220921_090000.WAV,Telephone Field,recover-20220922,001,1795
1152.1215,1152.1607,68437,82236,Rhinolophus ferrumequinum,0.021,0.021,-1,Echolocation,/mnt/ubna_data_02_mir/recover-20220922/UBNA_001/20220921_090000.WAV,Telephone Field,recover-20220922,001,1795
1152.1405,1152.1781,68437,81740,Rhinolophus ferrumequinum,0.021,0.021,-1,Echolocation,/mnt/ubna_data_02_mir/recover-20220922/UBNA_001/20220921_090000.WAV,Telephone Field,recover-20220922,001,1795
1152.1475,1152.186,68437,82353,Rhinolophus ferrumequinum,0.021,0.021,-1,Echolocation,/mnt/ubna_data_02_mir/recover-20220922/UBNA_001/20220921_090000.WAV,Telephone Field,recover-20220922,001,1795
1152.1675,1152.1748,28046,38587,Eptesicus serotinus,0.008,0.022,-1,Echolocation,/mnt/ubna_data_02_mir/recover-20220922/UBNA_001/20220921_090000.WAV,Telephone Field,recover-20220922,001,1795
1152.1685,1152.2082,68437,81792,Rhinolophus ferrumequinum,0.024,0.024,-1,Echolocation,/mnt/ubna_data_02_mir/recover-20220922/UBNA_001/20220921_090000.WAV,Telephone Field,recover-20220922,001,1795
1152.1695,1152.179,22031,28342,Plecotus austriacus,0.008,0.023,-1,Echolocation,/mnt/ubna_data_02_mir/recover-20220922/UBNA_001/20220921_090000.WAV,Telephone Field,recover-20220922,001,1795
1152.1905,1152.1998,47812,50833,Pipistrellus pipistrellus,0.07,0.073,-1,Echolocation,/mnt/ubna_data_02_mir/recover-20220922/UBNA_001/20220921_090000.WAV,Telephone Field,recover-20220922,001,1795
1152.1965,1152.235,68437,82190,Rhinolophus ferrumequinum,0.024,0.024,-1,Echolocation,/mnt/ubna_data_02_mir/recover-20220922/UBNA_001/20220921_090000.WAV,Telephone Field,recover-20220922,001,1795
1152.2075,1152.2481,68437,82135,Rhinolophus ferrumequinum,0.02,0.02,-1,Echolocation,/mnt/ubna_data_02_mir/recover-20220922/UBNA_001/20220921_090000.WAV,Telephone Field,recover-20220922,001,1795
1152.2295,1152.2383,28906,39502,Eptesicus serotinus,0.008,0.023,-1,Echolocation,/mnt/ubna_data_02_mir/recover-20220922/UBNA_001/20220921_090000.WAV,Telephone Field,recover-20220922,001,1795
1152.2295,1152.2657,68437,81922,Rhinolophus ferrumequinum,0.02,0.02,-1,Echolocation,/mnt/ubna_data_02_mir/recover-20220922/UBNA_001/20220921_090000.WAV,Telephone Field,recover-20220922,001,1795
1152.2345,1152.2721,68437,82013,Rhinolophus ferrumequinum,0.02,0.02,-1,Echolocation,/mnt/ubna_data_02_mir/recover-20220922/UBNA_001/20220921_090000.WAV,Telephone Field,recover-20220922,001,1795
1152.2545,1152.291,68437,81217,Rhinolophus ferrumequinum,0.022,0.023,-1,Echolocation,/mnt/ubna_data_02_mir/recover-20220922/UBNA_001/20220921_090000.WAV,Telephone Field,recover-20220922,001,1795
1152.2715,1152.2835,22031,25609,Nyctalus leisleri,0.013,0.022,-1,Echolocation,/mnt/ubna_data_02_mir/recover-20220922/UBNA_001/20220921_090000.WAV,Telephone Field,recover-20220922,001,1795
1152.2845,1152.2921,47812,53174,Pipistrellus pipistrellus,0.02,0.022,-1,Echolocation,/mnt/ubna_data_02_mir/recover-20220922/UBNA_001/20220921_090000.WAV,Telephone Field,recover-20220922,001,1795
1152.2965,1152.3053,25468,32887,Eptesicus serotinus,0.007,0.02,-1,Echolocation,/mnt/ubna_data_02_mir/recover-20220922/UBNA_001/20220921_090000.WAV,Telephone Field,recover-20220922,001,1795
1152.3165,1152.3245,28046,36895,Eptesicus serotinus,0.01,0.024,-1,Echolocation,/mnt/ubna_data_02_mir/recover-20220922/UBNA_001/20220921_090000.WAV,Telephone Field,recover-20220922,001,1795
1152.3185,1152.3598,68437,82156,Rhinolophus ferrumequinum,0.026,0.026,-1,Echolocation,/mnt/ubna_data_02_mir/recover-20220922/UBNA_001/20220921_090000.WAV,Telephone Field,recover-20220922,001,1795
1152.3385,1152.3478,27187,35310,Eptesicus serotinus,0.012,0.026,-1,Echolocation,/mnt/ubna_data_02_mir/recover-20220922/UBNA_001/20220921_090000.WAV,Telephone Field,recover-20220922,001,1795
1152.3465,1152.3853,68437,82109,Rhinolophus ferrumequinum,0.02,0.021,-1,Echolocation,/mnt/ubna_data_02_mir/recover-20220922/UBNA_001/20220921_090000.WAV,Telephone Field,recover-20220922,001,1795
1152.3725,1152.4145,68437,82637,Rhinolophus ferrumequinum,0.027,0.027,-1,Echolocation,/mnt/ubna_data_02_mir/recover-20220922/UBNA_001/20220921_090000.WAV,Telephone Field,recover-20220922,001,1795
1152.3875,1152.4244,68437,81100,Rhinolophus ferrumequinum,0.02,0.02,-1,Echolocation,/mnt/ubna_data_02_mir/recover-20220922/UBNA_001/20220921_090000.WAV,Telephone Field,recover-20220922,001,1795
1152.4105,1152.4487,68437,82002,Rhinolophus ferrumequinum,0.022,0.022,-1,Echolocation,/mnt/ubna_data_02_mir/recover-20220922/UBNA_001/20220921_090000.WAV,Telephone Field,recover-20220922,001,1795
1152.4235,1152.4307,45234,51225,Pipistrellus pipistrellus,0.026,0.028,-1,Echolocation,/mnt/ubna_data_02_mir/recover-20220922/UBNA_001/20220921_090000.WAV,Telephone Field,recover-20220922,001,1795
1152.4275,1152.4638,68437,81507,Rhinolophus ferrumequinum,0.02,0.02,-1,Echolocation,/mnt/ubna_data_02_mir/recover-20220922/UBNA_001/20220921_090000.WAV,Telephone Field,recover-20220922,001,1795
1152.4405,1152.4523,22031,25734,Nyctalus leisleri,0.012,0.02,-1,Echolocation,/mnt/ubna_data_02_mir/recover-20220922/UBNA_001/20220921_090000.WAV,Telephone Field,recover-20220922,001,1795
1152.4445,1152.4826,68437,81968,Rhinolophus ferrumequinum,0.021,0.021,-1,Echolocation,/mnt/ubna_data_02_mir/recover-20220922/UBNA_001/20220921_090000.WAV,Telephone Field,recover-20220922,001,1795
1152.4525,1152.4916,68437,81990,Rhinolophus ferrumequinum,0.02,0.02,-1,Echolocation,/mnt/ubna_data_02_mir/recover-20220922/UBNA_001/20220921_090000.WAV,Telephone Field,recover-20220922,001,1795
1152.4595,1152.5019,68437,82310,Rhinolophus ferrumequinum,0.02,0.02,-1,Echolocation,/mnt/ubna_data_02_mir/recover-20220922/UBNA_001/20220921_090000.WAV,Telephone Field,recover-20220922,001,1795
1152.4685,1152.5089,68437,82732,Rhinolophus ferrumequinum,0.02,0.02,-1,Echolocation,/mnt/ubna_data_02_mir/recover-20220922/UBNA_001/20220921_090000.WAV,Telephone Field,recover-20220922,001,1795
1152.4725,1152.4826,28906,36416,Eptesicus serotinus,0.009,0.023,-1,Echolocation,/mnt/ubna_data_02_mir/recover-20220922/UBNA_001/20220921_090000.WAV,Telephone Field,recover-20220922,001,1795
1152.4855,1152.4981,49531,53928,Pipistrellus pipistrellus,0.024,0.03,-1,Echolocation,/mnt/ubna_data_02_mir/recover-20220922/UBNA_001/20220921_090000.WAV,Telephone Field,recover-20220922,001,1795
1152.4945,1152.5047,48671,54084,Pipistrellus pipistrellus,0.02,0.025,-1,Echolocation,/mnt/ubna_data_02_mir/recover-20220922/UBNA_001/20220921_090000.WAV,Telephone Field,recover-20220922,001,1795
1152.4955,1152.5293,68437,81773,Rhinolophus ferrumequinum,0.025,0.025,-1,Echolocation,/mnt/ubna_data_02_mir/recover-20220922/UBNA_001/20220921_090000.WAV,Telephone Field,recover-20220922,001,1795
1152.5125,1152.5534,68437,82536,Rhinolophus ferrumequinum,0.028,0.028,-1,Echolocation,/mnt/ubna_data_02_mir/recover-20220922/UBNA_001/20220921_090000.WAV,Telephone Field,recover-20220922,001,1795
1152.5235,1152.5626,68437,82704,Rhinolophus ferrumequinum,0.023,0.023,-1,Echolocation,/mnt/ubna_data_02_mir/recover-20220922/UBNA_001/20220921_090000.WAV,Telephone Field,recover-20220922,001,1795
1152.5515,1152.5889,68437,81637,Rhinolophus ferrumequinum,0.022,0.022,-1,Echolocation,/mnt/ubna_data_02_mir/recover-20220922/UBNA_001/20220921_090000.WAV,Telephone Field,recover-20220922,001,1795
1152.5585,1152.5698,28906,34577,Eptesicus serotinus,0.01,0.025,-1,Echolocation,/mnt/ubna_data_02_mir/recover-20220922/UBNA_001/20220921_090000.WAV,Telephone Field,recover-20220922,001,1795
1152.5695,1152.6088,68437,82106,Rhinolophus ferrumequinum,0.022,0.022,-1,Echolocation,/mnt/ubna_data_02_mir/recover-20220922/UBNA_001/20220921_090000.WAV,Telephone Field,recover-20220922,001,1795
1152.5765,1152.5878,23750,29007,Nyctalus leisleri,0.012,0.025,-1,Echolocation,/mnt/ubna_data_02_mir/recover-20220922/UBNA_001/20220921_090000.WAV,Telephone Field,recover-20220922,001,1795
1152.6075,1152.644,68437,81361,Rhinolophus ferrumequinum,0.02,0.02,-1,Echolocation,/mnt/ubna_data_02_mir/recover-20220922/UBNA_001/20220921_090000.WAV,Telephone Field,recover-20220922,001,1795
1152.6205,1152.658,68437,80773,Rhinolophus ferrumequinum,0.02,0.021,-1,Echolocation,/mnt/ubna_data_02_mir/recover-20220922/UBNA_001/20220921_090000.WAV,Telephone Field,recover-20220922,001,1795
1152.6475,1152.6881,68437,82680,Rhinolophus ferrumequinum,0.023,0.023,-1,Echolocation,/mnt/ubna_data_02_mir/recover-20220922/UBNA_001/20220921_090000.WAV,Telephone Field,recover-20220922,001,1795
1152.6555,1152.6986,68437,83259,Rhinolophus ferrumequinum,0.022,0.022,-1,Echolocation,/mnt/ubna_data_02_mir/recover-20220922/UBNA_001/20220921_090000.WAV,Telephone Field,recover-20220922,001,1795
1152.6685,1152.6914,18593,21193,Nyctalus noctula,0.014,0.027,-1,Echolocation,/mnt/ubna_data_02_mir/recover-20220922/UBNA_001/20220921_090000.WAV,Telephone Field,recover-20220922,001,1795
1152.6755,1152.7162,68437,81912,Rhinolophus ferrumequinum,0.025,0.025,-1,Echolocation,/mnt/ubna_data_02_mir/recover-20220922/UBNA_001/20220921_090000.WAV,Telephone Field,recover-20220922,001,1795
1152.6785,1152.6859,28046,40755,Eptesicus serotinus,0.006,0.021,-1,Echolocation,/mnt/ubna_data_02_mir/recover-20220922/UBNA_001/20220921_090000.WAV,Telephone Field,recover-20220922,001,1795
1152.6935,1152.7351,68437,82878,Rhinolophus ferrumequinum,0.034,0.034,-1,Echolocation,/mnt/ubna_data_02_mir/recover-20220922/UBNA_001/20220921_090000.WAV,Telephone Field,recover-20220922,001,1795
1152.7215,1152.7611,68437,82596,Rhinolophus ferrumequinum,0.037,0.037,-1,Echolocation,/mnt/ubna_data_02_mir/recover-20220922/UBNA_001/20220921_090000.WAV,Telephone Field,recover-20220922,001,1795
1152.7255,1152.7335,23750,31820,Plecotus austriacus,0.009,0.025,-1,Echolocation,/mnt/ubna_data_02_mir/recover-20220922/UBNA_001/20220921_090000.WAV,Telephone Field,recover-20220922,001,1795
1152.7475,1152.7887,68437,82764,Rhinolophus ferrumequinum,0.027,0.027,-1,Echolocation,/mnt/ubna_data_02_mir/recover-20220922/UBNA_001/20220921_090000.WAV,Telephone Field,recover-20220922,001,1795
1152.7635,1152.7736,22890,29304,Nyctalus leisleri,0.008,0.024,-1,Echolocation,/mnt/ubna_data_02_mir/recover-20220922/UBNA_001/20220921_090000.WAV,Telephone Field,recover-20220922,001,1795
1152.7745,1152.8101,68437,81936,Rhinolophus ferrumequinum,0.025,0.025,-1,Echolocation,/mnt/ubna_data_02_mir/recover-20220922/UBNA_001/20220921_090000.WAV,Telephone Field,recover-20220922,001,1795
1152.7885,1152.8215,68437,80849,Rhinolophus ferrumequinum,0.021,0.021,-1,Echolocation,/mnt/ubna_data_02_mir/recover-20220922/UBNA_001/20220921_090000.WAV,Telephone Field,recover-20220922,001,1795
1152.7995,1152.8314,68437,80094,Rhinolophus ferrumequinum,0.022,0.022,-1,Echolocation,/mnt/ubna_data_02_mir/recover-20220922/UBNA_001/20220921_090000.WAV,Telephone Field,recover-20220922,001,1795
1152.8445,1152.8831,68437,82364,Rhinolophus ferrumequinum,0.028,0.028,-1,Echolocation,/mnt/ubna_data_02_mir/recover-20220922/UBNA_001/20220921_090000.WAV,Telephone Field,recover-20220922,001,1795
1152.8705,1152.9053,68437,80793,Rhinolophus ferrumequinum,0.02,0.021,-1,Echolocation,/mnt/ubna_data_02_mir/recover-20220922/UBNA_001/20220921_090000.WAV,Telephone Field,recover-20220922,001,1795
1152.8745,1152.8843,45234,52978,Pipistrellus pipistrellus,0.017,0.023,-1,Echolocation,/mnt/ubna_data_02_mir/recover-20220922/UBNA_001/20220921_090000.WAV,Telephone Field,recover-20220922,001,1795
1152.9015,1152.941,68437,82301,Rhinolophus ferrumequinum,0.026,0.026,-1,Echolocation,/mnt/ubna_data_02_mir/recover-20220922/UBNA_001/20220921_090000.WAV,Telephone Field,recover-20220922,001,1795
1152.9145,1152.9483,68437,80915,Rhinolophus ferrumequinum,0.02,0.02,-1,Echolocation,/mnt/ubna_data_02_mir/recover-20220922/UBNA_001/20220921_090000.WAV,Telephone Field,recover-20220922,001,1795
1152.9335,1152.9435,28906,39451,Eptesicus serotinus,0.012,0.026,-1,Echolocation,/mnt/ubna_data_02_mir/recover-20220922/UBNA_001/20220921_090000.WAV,Telephone Field,recover-20220922,001,1795
1152.9475,1152.9863,68437,82021,Rhinolophus ferrumequinum,0.021,0.021,-1,Echolocation,/mnt/ubna_data_02_mir/recover-20220922/UBNA_001/20220921_090000.WAV,Telephone Field,recover-20220922,001,1795
1152.9475,1152.9603,23750,29638,Nyctalus leisleri,0.011,0.025,-1,Echolocation,/mnt/ubna_data_02_mir/recover-20220922/UBNA_001/20220921_090000.WAV,Telephone Field,recover-20220922,001,1795
1152.9605,1152.971,46953,51239,Pipistrellus pipistrellus,0.053,0.055,-1,Echolocation,/mnt/ubna_data_02_mir/recover-20220922/UBNA_001/20220921_090000.WAV,Telephone Field,recover-20220922,001,1795
1152.9605,1153.0004,68437,82744,Rhinolophus ferrumequinum,0.022,0.022,-1,Echolocation,/mnt/ubna_data_02_mir/recover-20220922/UBNA_001/20220921_090000.WAV,Telephone Field,recover-20220922,001,1795
1153.0225,1153.0334,27187,34478,Eptesicus serotinus,0.016,0.033,-1,Echolocation,/mnt/ubna_data_02_mir/recover-20220922/UBNA_001/20220921_090000.WAV,Telephone Field,recover-20220922,001,1795
1153.0245,1153.0591,68437,81198,Rhinolophus ferrumequinum,0.023,0.023,-1,Echolocation,/mnt/ubna_data_02_mir/recover-20220922/UBNA_001/20220921_090000.WAV,Telephone Field,recover-20220922,001,1795
1153.0775,1153.1212,68437,83784,Rhinolophus ferrumequinum,0.046,0.046,-1,Echolocation,/mnt/ubna_data_02_mir/recover-20220922/UBNA_001/20220921_090000.WAV,Telephone Field,recover-20220922,001,1795
1153.0785,1153.0871,28906,38803,Eptesicus serotinus,0.007,0.021,-1,Echolocation,/mnt/ubna_data_02_mir/recover-20220922/UBNA_001/20220921_090000.WAV,Telephone Field,recover-20220922,001,1795
1153.1245,1153.1694,68437,83366,Rhinolophus ferrumequinum,0.032,0.032,-1,Echolocation,/mnt/ubna_data_02_mir/recover-20220922/UBNA_001/20220921_090000.WAV,Telephone Field,recover-20220922,001,1795
1153.1495,1153.161,49531,54136,Pipistrellus pipistrellus,0.021,0.025,-1,Echolocation,/mnt/ubna_data_02_mir/recover-20220922/UBNA_001/20220921_090000.WAV,Telephone Field,recover-20220922,001,1795
1153.1745,1153.2184,68437,83609,Rhinolophus ferrumequinum,0.036,0.036,-1,Echolocation,/mnt/ubna_data_02_mir/recover-20220922/UBNA_001/20220921_090000.WAV,Telephone Field,recover-20220922,001,1795
1153.2155,1153.2257,25468,32111,Nyctalus leisleri,0.007,0.021,-1,Echolocation,/mnt/ubna_data_02_mir/recover-20220922/UBNA_001/20220921_090000.WAV,Telephone Field,recover-20220922,001,1795
1153.2265,1153.2629,68437,81519,Rhinolophus ferrumequinum,0.024,0.024,-1,Echolocation,/mnt/ubna_data_02_mir/recover-20220922/UBNA_001/20220921_090000.WAV,Telephone Field,recover-20220922,001,1795
1153.2465,1153.2843,68437,81621,Rhinolophus ferrumequinum,0.022,0.022,-1,Echolocation,/mnt/ubna_data_02_mir/recover-20220922/UBNA_001/20220921_090000.WAV,Telephone Field,recover-20220922,001,1795
1153.2655,1153.3055,68437,82146,Rhinolophus ferrumequinum,0.026,0.026,-1,Echolocation,/mnt/ubna_data_02_mir/recover-20220922/UBNA_001/20220921_090000.WAV,Telephone Field,recover-20220922,001,1795
1153.2715,1153.2933,16015,20246,Nyctalus noctula,0.016,0.023,-1,Echolocation,/mnt/ubna_data_02_mir/recover-20220922/UBNA_001/20220921_090000.WAV,Telephone Field,recover-20220922,001,1795
1153.2755,1153.3148,68437,82213,Rhinolophus ferrumequinum,0.023,0.023,-1,Echolocation,/mnt/ubna_data_02_mir/recover-20220922/UBNA_001/20220921_090000.WAV,Telephone Field,recover-20220922,001,1795
1153.3095,1153.3491,68437,82078,Rhinolophus ferrumequinum,0.021,0.021,-1,Echolocation,/mnt/ubna_data_02_mir/recover-20220922/UBNA_001/20220921_090000.WAV,Telephone Field,recover-20220922,001,1795
1153.3405,1153.3746,68437,79955,Rhinolophus ferrumequinum,0.024,0.024,-1,Echolocation,/mnt/ubna_data_02_mir/recover-20220922/UBNA_001/20220921_090000.WAV,Telephone Field,recover-20220922,001,1795
1153.3455,1153.3801,68437,80684,Rhinolophus ferrumequinum,0.024,0.024,-1,Echolocation,/mnt/ubna_data_02_mir/recover-20220922/UBNA_001/20220921_090000.WAV,Telephone Field,recover-20220922,001,1795
1153.3515,1153.3885,68437,81742,Rhinolophus ferrumequinum,0.02,0.02,-1,Echolocation,/mnt/ubna_data_02_mir/recover-20220922/UBNA_001/20220921_090000.WAV,Telephone Field,recover-20220922,001,1795
1153.3635,1153.3724,26328,35519,Eptesicus serotinus,0.009,0.022,-1,Echolocation,/mnt/ubna_data_02_mir/recover-20220922/UBNA_001/20220921_090000.WAV,Telephone Field,recover-20220922,001,1795
1153.3875,1153.3976,45234,48749,Pipistrellus pipistrellus,0.019,0.021,-1,Echolocation,/mnt/ubna_data_02_mir/recover-20220922/UBNA_001/20220921_090000.WAV,Telephone Field,recover-20220922,001,1795
1153.3915,1153.4306,68437,82300,Rhinolophus ferrumequinum,0.02,0.02,-1,Echolocation,/mnt/ubna_data_02_mir/recover-20220922/UBNA_001/20220921_090000.WAV,Telephone Field,recover-20220922,001,1795
1153.3965,1153.4351,68437,82277,Rhinolophus ferrumequinum,0.02,0.02,-1,Echolocation,/mnt/ubna_data_02_mir/recover-20220922/UBNA_001/20220921_090000.WAV,Telephone Field,recover-20220922,001,1795
1153.4015,1153.4123,22031,26465,Nyctalus leisleri,0.012,0.022,-1,Echolocation,/mnt/ubna_data_02_mir/recover-20220922/UBNA_001/20220921_090000.WAV,Telephone Field,recover-20220922,001,1795
1153.4405,1153.4787,68437,81987,Rhinolophus ferrumequinum,0.023,0.023,-1,Echolocation,/mnt/ubna_data_02_mir/recover-20220922/UBNA_001/20220921_090000.WAV,Telephone Field,recover-20220922,001,1795
1153.4475,1153.4856,68437,81742,Rhinolophus ferrumequinum,0.022,0.022,-1,Echolocation,/mnt/ubna_data_02_mir/recover-20220922/UBNA_001/20220921_090000.WAV,Telephone Field,recover-20220922,001,1795
1153.4475,1153.4564,28046,39915,Eptesicus serotinus,0.008,0.02,-1,Echolocation,/mnt/ubna_data_02_mir/recover-20220922/UBNA_001/20220921_090000.WAV,Telephone Field,recover-20220922,001,1795
1153.4535,1153.4902,68437,82111,Rhinolophus ferrumequinum,0.022,0.022,-1,Echolocation,/mnt/ubna_data_02_mir/recover-20220922/UBNA_001/20220921_090000.WAV,Telephone Field,recover-20220922,001,1795
1153.4615,1153.47,28906,37360,Eptesicus serotinus,0.008,0.02,-1,Echolocation,/mnt/ubna_data_02_mir/recover-20220922/UBNA_001/20220921_090000.WAV,Telephone Field,recover-20220922,001,1795
1153.4765,1153.5118,68437,81125,Rhinolophus ferrumequinum,0.02,0.021,-1,Echolocation,/mnt/ubna_data_02_mir/recover-20220922/UBNA_001/20220921_090000.WAV,Telephone Field,recover-20220922,001,1795
1153.4915,1153.5026,24609,31261,Eptesicus serotinus,0.015,0.04,-1,Echolocation,/mnt/ubna_data_02_mir/recover-20220922/UBNA_001/20220921_090000.WAV,Telephone Field,recover-20220922,001,1795
1153.5075,1153.516,26328,35998,Eptesicus serotinus,0.007,0.02,-1,Echolocation,/mnt/ubna_data_02_mir/recover-20220922/UBNA_001/20220921_090000.WAV,Telephone Field,recover-20220922,001,1795
1153.5325,1153.5421,24609,31959,Eptesicus serotinus,0.008,0.021,-1,Echolocation,/mnt/ubna_data_02_mir/recover-20220922/UBNA_001/20220921_090000.WAV,Telephone Field,recover-20220922,001,1795
1153.5405,1153.579,68437,81886,Rhinolophus ferrumequinum,0.022,0.022,-1,Echolocation,/mnt/ubna_data_02_mir/recover-20220922/UBNA_001/20220921_090000.WAV,Telephone Field,recover-20220922,001,1795
1153.5435,1153.554,24609,31709,Eptesicus serotinus,0.007,0.021,-1,Echolocation,/mnt/ubna_data_02_mir/recover-20220922/UBNA_001/20220921_090000.WAV,Telephone Field,recover-20220922,001,1795
1153.5535,1153.5619,28906,39742,Eptesicus serotinus,0.007,0.022,-1,Echolocation,/mnt/ubna_data_02_mir/recover-20220922/UBNA_001/20220921_090000.WAV,Telephone Field,recover-20220922,001,1795
1153.5565,1153.5974,68437,81803,Rhinolophus ferrumequinum,0.021,0.021,-1,Echolocation,/mnt/ubna_data_02_mir/recover-20220922/UBNA_001/20220921_090000.WAV,Telephone Field,recover-20220922,001,1795
1153.5645,1153.6066,68437,82631,Rhinolophus ferrumequinum,0.022,0.022,-1,Echolocation,/mnt/ubna_data_02_mir/recover-20220922/UBNA_001/20220921_090000.WAV,Telephone Field,recover-20220922,001,1795
1153.5805,1153.6195,68437,81616,Rhinolophus ferrumequinum,0.021,0.021,-1,Echolocation,/mnt/ubna_data_02_mir/recover-20220922/UBNA_001/20220921_090000.WAV,Telephone Field,recover-20220922,001,1795
1153.6135,1153.658,68437,83119,Rhinolophus ferrumequinum,0.024,0.024,-1,Echolocation,/mnt/ubna_data_02_mir/recover-20220922/UBNA_001/20220921_090000.WAV,Telephone Field,recover-20220922,001,1795
1153.6155,1153.6257,22890,28618,Nyctalus leisleri,0.009,0.021,-1,Echolocation,/mnt/ubna_data_02_mir/recover-20220922/UBNA_001/20220921_090000.WAV,Telephone Field,recover-20220922,001,1795
1153.6445,1153.6843,68437,82327,Rhinolophus ferrumequinum,0.024,0.024,-1,Echolocation,/mnt/ubna_data_02_mir/recover-20220922/UBNA_001/20220921_090000.WAV,Telephone Field,recover-20220922,001,1795
1153.6635,1153.7015,68437,82369,Rhinolophus ferrumequinum,0.024,0.024,-1,Echolocation,/mnt/ubna_data_02_mir/recover-20220922/UBNA_001/20220921_090000.WAV,Telephone Field,recover-20220922,001,1795
1153.7025,1153.741,68437,82367,Rhinolophus ferrumequinum,0.022,0.022,-1,Echolocation,/mnt/ubna_data_02_mir/recover-20220922/UBNA_001/20220921_090000.WAV,Telephone Field,recover-20220922,001,1795
1153.7165,1153.7264,28046,35792,Eptesicus serotinus,0.012,0.025,-1,Echolocation,/mnt/ubna_data_02_mir/recover-20220922/UBNA_001/20220921_090000.WAV,Telephone Field,recover-20220922,001,1795
1153.7345,1153.777,68437,83295,Rhinolophus ferrumequinum,0.029,0.029,-1,Echolocation,/mnt/ubna_data_02_mir/recover-20220922/UBNA_001/20220921_090000.WAV,Telephone Field,recover-20220922,001,1795
1153.7375,1153.7471,27187,37385,Eptesicus serotinus,0.009,0.022,-1,Echolocation,/mnt/ubna_data_02_mir/recover-20220922/UBNA_001/20220921_090000.WAV,Telephone Field,recover-20220922,001,1795
1153.7785,1153.8144,68437,81230,Rhinolophus ferrumequinum,0.021,0.021,-1,Echolocation,/mnt/ubna_data_02_mir/recover-20220922/UBNA_001/20220921_090000.WAV,Telephone Field,recover-20220922,001,1795
1153.7975,1153.8359,68437,81171,Rhinolophus ferrumequinum,0.023,0.024,-1,Echolocation,/mnt/ubna_data_02_mir/recover-20220922/UBNA_001/20220921_090000.WAV,Telephone Field,recover-20220922,001,1795
1153.8065,1153.8453,68437,81966,Rhinolophus ferrumequinum,0.021,0.021,-1,Echolocation,/mnt/ubna_data_02_mir/recover-20220922/UBNA_001/20220921_090000.WAV,Telephone Field,recover-20220922,001,1795
1153.8185,1153.8578,68437,81732,Rhinolophus ferrumequinum,0.02,0.02,-1,Echolocation,/mnt/ubna_data_02_mir/recover-20220922/UBNA_001/20220921_090000.WAV,Telephone Field,recover-20220922,001,1795
1153.8345,1153.8446,27187,34654,Eptesicus serotinus,0.013,0.027,-1,Echolocation,/mnt/ubna_data_02_mir/recover-20220922/UBNA_001/20220921_090000.WAV,Telephone Field,recover-20220922,001,1795
1153.8405,1153.8813,68437,82717,Rhinolophus ferrumequinum,0.048,0.048,-1,Echolocation,/mnt/ubna_data_02_mir/recover-20220922/UBNA_001/20220921_090000.WAV,Telephone Field,recover-20220922,001,1795
1153.8435,1153.8547,25468,30814,Eptesicus serotinus,0.009,0.024,-1,Echolocation,/mnt/ubna_data_02_mir/recover-20220922/UBNA_001/20220921_090000.WAV,Telephone Field,recover-20220922,001,1795
1153.8735,1153.9118,68437,81878,Rhinolophus ferrumequinum,0.022,0.022,-1,Echolocation,/mnt/ubna_data_02_mir/recover-20220922/UBNA_001/20220921_090000.WAV,Telephone Field,recover-20220922,001,1795
1153.8935,1153.9341,68437,82581,Rhinolophus ferrumequinum,0.024,0.024,-1,Echolocation,/mnt/ubna_data_02_mir/recover-20220922/UBNA_001/20220921_090000.WAV,Telephone Field,recover-20220922,001,1795
1153.9145,1153.9544,68437,82190,Rhinolophus ferrumequinum,0.021,0.021,-1,Echolocation,/mnt/ubna_data_02_mir/recover-20220922/UBNA_001/20220921_090000.WAV,Telephone Field,recover-20220922,001,1795
1153.9275,1153.9667,68437,82433,Rhinolophus ferrumequinum,0.022,0.022,-1,Echolocation,/mnt/ubna_data_02_mir/recover-20220922/UBNA_001/20220921_090000.WAV,Telephone Field,recover-20220922,001,1795
1153.9385,1153.9523,23750,27926,Nyctalus leisleri,0.014,0.025,-1,Echolocation,/mnt/ubna_data_02_mir/recover-20220922/UBNA_001/20220921_090000.WAV,Telephone Field,recover-20220922,001,1795
1154.0015,1154.0303,69296,81673,Rhinolophus ferrumequinum,0.034,0.035,-1,Echolocation,/mnt/ubna_data_02_mir/recover-20220922/UBNA_001/20220921_090000.WAV,Telephone Field,recover-20220922,001,1795
1154.0015,1154.0106,47812,53538,Pipistrellus pipistrellus,0.019,0.024,-1,Echolocation,/mnt/ubna_data_02_mir/recover-20220922/UBNA_001/20220921_090000.WAV,Telephone Field,recover-20220922,001,1795
1154.0015,1154.0093,26328,40681,Eptesicus serotinus,0.007,0.028,-1,Echolocation,/mnt/ubna_data_02_mir/recover-20220922/UBNA_001/20220921_090000.WAV,Telephone Field,recover-20220922,001,1795
1154.0415,1154.0791,68437,81507,Rhinolophus ferrumequinum,0.02,0.02,-1,Echolocation,/mnt/ubna_data_02_mir/recover-20220922/UBNA_001/20220921_090000.WAV,Telephone Field,recover-20220922,001,1795
1154.0905,1154.0991,23750,31590,Plecotus austriacus,0.006,0.021,-1,Echolocation,/mnt/ubna_data_02_mir/recover-20220922/UBNA_001/20220921_090000.WAV,Telephone Field,recover-20220922,001,1795
1154.1075,1154.1478,68437,83241,Rhinolophus ferrumequinum,0.027,0.027,-1,Echolocation,/mnt/ubna_data_02_mir/recover-20220922/UBNA_001/20220921_090000.WAV,Telephone Field,recover-20220922,001,1795
1154.1455,1154.1534,24609,33635,Plecotus austriacus,0.007,0.022,-1,Echolocation,/mnt/ubna_data_02_mir/recover-20220922/UBNA_001/20220921_090000.WAV,Telephone Field,recover-20220922,001,1795
1154.1735,1154.1853,25468,30604,Nyctalus leisleri,0.017,0.039,-1,Echolocation,/mnt/ubna_data_02_mir/recover-20220922/UBNA_001/20220921_090000.WAV,Telephone Field,recover-20220922,001,1795
1154.1765,1154.2156,68437,82499,Rhinolophus ferrumequinum,0.02,0.02,-1,Echolocation,/mnt/ubna_data_02_mir/recover-20220922/UBNA_001/20220921_090000.WAV,Telephone Field,recover-20220922,001,1795
1154.1855,1154.2234,68437,82163,Rhinolophus ferrumequinum,0.021,0.021,-1,Echolocation,/mnt/ubna_data_02_mir/recover-20220922/UBNA_001/20220921_090000.WAV,Telephone Field,recover-20220922,001,1795
1154.2165,1154.2235,24609,33398,Plecotus austriacus,0.009,0.025,-1,Echolocation,/mnt/ubna_data_02_mir/recover-20220922/UBNA_001/20220921_090000.WAV,Telephone Field,recover-20220922,001,1795
1154.2395,1154.2768,68437,81869,Rhinolophus ferrumequinum,0.02,0.02,-1,Echolocation,/mnt/ubna_data_02_mir/recover-20220922/UBNA_001/20220921_090000.WAV,Telephone Field,recover-20220922,001,1795
1154.2715,1154.3107,68437,81961,Rhinolophus ferrumequinum,0.02,0.02,-1,Echolocation,/mnt/ubna_data_02_mir/recover-20220922/UBNA_001/20220921_090000.WAV,Telephone Field,recover-20220922,001,1795
1154.2945,1154.3038,28046,37468,Eptesicus serotinus,0.008,0.022,-1,Echolocation,/mnt/ubna_data_02_mir/recover-20220922/UBNA_001/20220921_090000.WAV,Telephone Field,recover-20220922,001,1795
1154.3395,1154.3766,68437,82377,Rhinolophus ferrumequinum,0.031,0.031,-1,Echolocation,/mnt/ubna_data_02_mir/recover-20220922/UBNA_001/20220921_090000.WAV,Telephone Field,recover-20220922,001,1795
1154.3885,1154.3968,28906,37171,Eptesicus serotinus,0.008,0.025,-1,Echolocation,/mnt/ubna_data_02_mir/recover-20220922/UBNA_001/20220921_090000.WAV,Telephone Field,recover-20220922,001,1795
1154.4165,1154.4522,68437,81701,Rhinolophus ferrumequinum,0.02,0.02,-1,Echolocation,/mnt/ubna_data_02_mir/recover-20220922/UBNA_001/20220921_090000.WAV,Telephone Field,recover-20220922,001,1795
1154.4175,1154.4267,23750,31652,Plecotus austriacus,0.006,0.021,-1,Echolocation,/mnt/ubna_data_02_mir/recover-20220922/UBNA_001/20220921_090000.WAV,Telephone Field,recover-20220922,001,1795
1154.4475,1154.4888,68437,82769,Rhinolophus ferrumequinum,0.023,0.023,-1,Echolocation,/mnt/ubna_data_02_mir/recover-20220922/UBNA_001/20220921_090000.WAV,Telephone Field,recover-20220922,001,1795
1154.4545,1154.4924,68437,82466,Rhinolophus ferrumequinum,0.021,0.021,-1,Echolocation,/mnt/ubna_data_02_mir/recover-20220922/UBNA_001/20220921_090000.WAV,Telephone Field,recover-20220922,001,1795
1154.5005,1154.5394000000001,68437,82596,Rhinolophus ferrumequinum,0.021,0.021,-1,Echolocation,/mnt/ubna_data_02_mir/recover-20220922/UBNA_001/20220921_090000.WAV,Telephone Field,recover-20220922,001,1795
1154.5415,1154.5817,68437,82741,Rhinolophus ferrumequinum,0.023,0.023,-1,Echolocation,/mnt/ubna_data_02_mir/recover-20220922/UBNA_001/20220921_090000.WAV,Telephone Field,recover-20220922,001,1795
1154.5585,1154.5653,23750,32919,Plecotus austriacus,0.014,0.03,-1,Echolocation,/mnt/ubna_data_02_mir/recover-20220922/UBNA_001/20220921_090000.WAV,Telephone Field,recover-20220922,001,1795
1154.6415,1154.6829,68437,82494,Rhinolophus ferrumequinum,0.022,0.022,-1,Echolocation,/mnt/ubna_data_02_mir/recover-20220922/UBNA_001/20220921_090000.WAV,Telephone Field,recover-20220922,001,1795
1154.6895,1154.7262,68437,81899,Rhinolophus ferrumequinum,0.021,0.021,-1,Echolocation,/mnt/ubna_data_02_mir/recover-20220922/UBNA_001/20220921_090000.WAV,Telephone Field,recover-20220922,001,1795
1154.7515,1154.7671,23750,28195,Nyctalus leisleri,0.031,0.06,-1,Echolocation,/mnt/ubna_data_02_mir/recover-20220922/UBNA_001/20220921_090000.WAV,Telephone Field,recover-20220922,001,1795
1154.8185,1154.826,28906,42669,Eptesicus serotinus,0.007,0.021,-1,Echolocation,/mnt/ubna_data_02_mir/recover-20220922/UBNA_001/20220921_090000.WAV,Telephone Field,recover-20220922,001,1795
1154.8535,1154.8963,68437,83598,Rhinolophus ferrumequinum,0.042,0.042,-1,Echolocation,/mnt/ubna_data_02_mir/recover-20220922/UBNA_001/20220921_090000.WAV,Telephone Field,recover-20220922,001,1795
1154.8565,1154.8684,34921,41179,Pipistrellus nathusii,0.01,0.028,-1,Echolocation,/mnt/ubna_data_02_mir/recover-20220922/UBNA_001/20220921_090000.WAV,Telephone Field,recover-20220922,001,1795
1154.8945,1154.9366,68437,82720,Rhinolophus ferrumequinum,0.022,0.022,-1,Echolocation,/mnt/ubna_data_02_mir/recover-20220922/UBNA_001/20220921_090000.WAV,Telephone Field,recover-20220922,001,1795
1154.9005,1154.9116,22031,26198,Nyctalus leisleri,0.013,0.023,-1,Echolocation,/mnt/ubna_data_02_mir/recover-20220922/UBNA_001/20220921_090000.WAV,Telephone Field,recover-20220922,001,1795
1154.9095,1154.9529,68437,82925,Rhinolophus ferrumequinum,0.027,0.027,-1,Echolocation,/mnt/ubna_data_02_mir/recover-20220922/UBNA_001/20220921_090000.WAV,Telephone Field,recover-20220922,001,1795
1154.9335,1154.9756,68437,82963,Rhinolophus ferrumequinum,0.022,0.022,-1,Echolocation,/mnt/ubna_data_02_mir/recover-20220922/UBNA_001/20220921_090000.WAV,Telephone Field,recover-20220922,001,1795
1154.9535,1154.9654,28906,37353,Eptesicus serotinus,0.02,0.034,-1,Echolocation,/mnt/ubna_data_02_mir/recover-20220922/UBNA_001/20220921_090000.WAV,Telephone Field,recover-20220922,001,1795
1154.9665,1155.0075,68437,82369,Rhinolophus ferrumequinum,0.022,0.022,-1,Echolocation,/mnt/ubna_data_02_mir/recover-20220922/UBNA_001/20220921_090000.WAV,Telephone Field,recover-20220922,001,1795
1154.9795,1155.0188,68437,82004,Rhinolophus ferrumequinum,0.021,0.021,-1,Echolocation,/mnt/ubna_data_02_mir/recover-20220922/UBNA_001/20220921_090000.WAV,Telephone Field,recover-20220922,001,1795
1154.9845,1154.9946,22031,27433,Nyctalus leisleri,0.011,0.028,-1,Echolocation,/mnt/ubna_data_02_mir/recover-20220922/UBNA_001/20220921_090000.WAV,Telephone Field,recover-20220922,001,1795
1155.0055,1155.0447,68437,82197,Rhinolophus ferrumequinum,0.023,0.023,-1,Echolocation,/mnt/ubna_data_02_mir/recover-20220922/UBNA_001/20220921_090000.WAV,Telephone Field,recover-20220922,001,1795
1155.0205,1155.0616,68437,82792,Rhinolophus ferrumequinum,0.022,0.022,-1,Echolocation,/mnt/ubna_data_02_mir/recover-20220922/UBNA_001/20220921_090000.WAV,Telephone Field,recover-20220922,001,1795
1155.0515,1155.0867,68437,81324,Rhinolophus ferrumequinum,0.021,0.021,-1,Echolocation,/mnt/ubna_data_02_mir/recover-20220922/UBNA_001/20220921_090000.WAV,Telephone Field,recover-20220922,001,1795
1155.0545,1155.0648,27187,36424,Eptesicus serotinus,0.011,0.023,-1,Echolocation,/mnt/ubna_data_02_mir/recover-20220922/UBNA_001/20220921_090000.WAV,Telephone Field,recover-20220922,001,1795
1155.0615,1155.0706,27187,35922,Eptesicus serotinus,0.007,0.02,-1,Echolocation,/mnt/ubna_data_02_mir/recover-20220922/UBNA_001/20220921_090000.WAV,Telephone Field,recover-20220922,001,1795
1155.0955,1155.1333,68437,81832,Rhinolophus ferrumequinum,0.021,0.021,-1,Echolocation,/mnt/ubna_data_02_mir/recover-20220922/UBNA_001/20220921_090000.WAV,Telephone Field,recover-20220922,001,1795
1155.1725,1155.2108,68437,82141,Rhinolophus ferrumequinum,0.022,0.022,-1,Echolocation,/mnt/ubna_data_02_mir/recover-20220922/UBNA_001/20220921_090000.WAV,Telephone Field,recover-20220922,001,1795
1155.2205,1155.2279,28046,42125,Eptesicus serotinus,0.007,0.02,-1,Echolocation,/mnt/ubna_data_02_mir/recover-20220922/UBNA_001/20220921_090000.WAV,Telephone Field,recover-20220922,001,1795
1155.2255,1155.2639,68437,82140,Rhinolophus ferrumequinum,0.021,0.021,-1,Echolocation,/mnt/ubna_data_02_mir/recover-20220922/UBNA_001/20220921_090000.WAV,Telephone Field,recover-20220922,001,1795
1155.2375,1155.2465,24609,32351,Eptesicus serotinus,0.006,0.023,-1,Echolocation,/mnt/ubna_data_02_mir/recover-20220922/UBNA_001/20220921_090000.WAV,Telephone Field,recover-20220922,001,1795
1155.2725,1155.2835,26328,33800,Eptesicus serotinus,0.014,0.029,-1,Echolocation,/mnt/ubna_data_02_mir/recover-20220922/UBNA_001/20220921_090000.WAV,Telephone Field,recover-20220922,001,1795
1155.2795,1155.2933,24609,30178,Nyctalus leisleri,0.012,0.028,-1,Echolocation,/mnt/ubna_data_02_mir/recover-20220922/UBNA_001/20220921_090000.WAV,Telephone Field,recover-20220922,001,1795
1155.3025,1155.3428,68437,82898,Rhinolophus ferrumequinum,0.026,0.026,-1,Echolocation,/mnt/ubna_data_02_mir/recover-20220922/UBNA_001/20220921_090000.WAV,Telephone Field,recover-20220922,001,1795
1155.3435,1155.3836,68437,81959,Rhinolophus ferrumequinum,0.021,0.021,-1,Echolocation,/mnt/ubna_data_02_mir/recover-20220922/UBNA_001/20220921_090000.WAV,Telephone Field,recover-20220922,001,1795
1155.4125,1155.4189,24609,35898,Plecotus austriacus,0.011,0.029,-1,Echolocation,/mnt/ubna_data_02_mir/recover-20220922/UBNA_001/20220921_090000.WAV,Telephone Field,recover-20220922,001,1795
1155.4195,1155.4576,68437,81889,Rhinolophus ferrumequinum,0.023,0.023,-1,Echolocation,/mnt/ubna_data_02_mir/recover-20220922/UBNA_001/20220921_090000.WAV,Telephone Field,recover-20220922,001,1795
1155.4265,1155.4365,23750,29883,Nyctalus leisleri,0.008,0.024,-1,Echolocation,/mnt/ubna_data_02_mir/recover-20220922/UBNA_001/20220921_090000.WAV,Telephone Field,recover-20220922,001,1795
1155.5045,1155.5107,24609,39164,Plecotus austriacus,0.008,0.025,-1,Echolocation,/mnt/ubna_data_02_mir/recover-20220922/UBNA_001/20220921_090000.WAV,Telephone Field,recover-20220922,001,1795
1155.5505,1155.5587,23750,31627,Plecotus austriacus,0.007,0.02,-1,Echolocation,/mnt/ubna_data_02_mir/recover-20220922/UBNA_001/20220921_090000.WAV,Telephone Field,recover-20220922,001,1795
1155.5945,1155.6321,68437,82488,Rhinolophus ferrumequinum,0.023,0.023,-1,Echolocation,/mnt/ubna_data_02_mir/recover-20220922/UBNA_001/20220921_090000.WAV,Telephone Field,recover-20220922,001,1795
1155.6435,1155.6848,68437,82593,Rhinolophus ferrumequinum,0.021,0.021,-1,Echolocation,/mnt/ubna_data_02_mir/recover-20220922/UBNA_001/20220921_090000.WAV,Telephone Field,recover-20220922,001,1795
1155.6795,1155.7208,68437,82434,Rhinolophus ferrumequinum,0.023,0.023,-1,Echolocation,/mnt/ubna_data_02_mir/recover-20220922/UBNA_001/20220921_090000.WAV,Telephone Field,recover-20220922,001,1795
1155.7155,1155.7261,23750,29359,Nyctalus leisleri,0.012,0.027,-1,Echolocation,/mnt/ubna_data_02_mir/recover-20220922/UBNA_001/20220921_090000.WAV,Telephone Field,recover-20220922,001,1795
1155.7695,1155.8061,68437,81733,Rhinolophus ferrumequinum,0.024,0.024,-1,Echolocation,/mnt/ubna_data_02_mir/recover-20220922/UBNA_001/20220921_090000.WAV,Telephone Field,recover-20220922,001,1795
1155.7845,1155.7915,28046,37342,Eptesicus serotinus,0.008,0.025,-1,Echolocation,/mnt/ubna_data_02_mir/recover-20220922/UBNA_001/20220921_090000.WAV,Telephone Field,recover-20220922,001,1795
1155.8085,1155.8182,28046,38326,Eptesicus serotinus,0.012,0.027,-1,Echolocation,/mnt/ubna_data_02_mir/recover-20220922/UBNA_001/20220921_090000.WAV,Telephone Field,recover-20220922,001,1795
1155.8255,1155.8346,24609,32589,Eptesicus serotinus,0.006,0.021,-1,Echolocation,/mnt/ubna_data_02_mir/recover-20220922/UBNA_001/20220921_090000.WAV,Telephone Field,recover-20220922,001,1795
1155.8275,1155.8663,68437,81848,Rhinolophus ferrumequinum,0.021,0.021,-1,Echolocation,/mnt/ubna_data_02_mir/recover-20220922/UBNA_001/20220921_090000.WAV,Telephone Field,recover-20220922,001,1795
1155.8425,1155.8828,68437,82562,Rhinolophus ferrumequinum,0.023,0.023,-1,Echolocation,/mnt/ubna_data_02_mir/recover-20220922/UBNA_001/20220921_090000.WAV,Telephone Field,recover-20220922,001,1795
1155.8715,1155.9114,68437,82672,Rhinolophus ferrumequinum,0.023,0.023,-1,Echolocation,/mnt/ubna_data_02_mir/recover-20220922/UBNA_001/20220921_090000.WAV,Telephone Field,recover-20220922,001,1795
1155.8805,1155.9193,68437,82360,Rhinolophus ferrumequinum,0.021,0.021,-1,Echolocation,/mnt/ubna_data_02_mir/recover-20220922/UBNA_001/20220921_090000.WAV,Telephone Field,recover-20220922,001,1795
1155.8855,1155.9279,68437,82898,Rhinolophus ferrumequinum,0.021,0.021,-1,Echolocation,/mnt/ubna_data_02_mir/recover-20220922/UBNA_001/20220921_090000.WAV,Telephone Field,recover-20220922,001,1795
1155.8915,1155.9313,68437,82354,Rhinolophus ferrumequinum,0.021,0.021,-1,Echolocation,/mnt/ubna_data_02_mir/recover-20220922/UBNA_001/20220921_090000.WAV,Telephone Field,recover-20220922,001,1795
1155.9385,1155.9467,28046,38990,Eptesicus serotinus,0.008,0.02,-1,Echolocation,/mnt/ubna_data_02_mir/recover-20220922/UBNA_001/20220921_090000.WAV,Telephone Field,recover-20220922,001,1795
1156.0015,1156.0108,27187,35775,Nyctalus leisleri,0.009,0.029,-1,Echolocation,/mnt/ubna_data_02_mir/recover-20220922/UBNA_001/20220921_090000.WAV,Telephone Field,recover-20220922,001,1795
1156.0015,1156.0122,48671,52827,Pipistrellus pipistrellus,0.029,0.037,-1,Echolocation,/mnt/ubna_data_02_mir/recover-20220922/UBNA_001/20220921_090000.WAV,Telephone Field,recover-20220922,001,1795
1156.0145,1156.0528,68437,81944,Rhinolophus ferrumequinum,0.022,0.022,-1,Echolocation,/mnt/ubna_data_02_mir/recover-20220922/UBNA_001/20220921_090000.WAV,Telephone Field,recover-20220922,001,1795
1156.0405,1156.0761,68437,81237,Rhinolophus ferrumequinum,0.022,0.022,-1,Echolocation,/mnt/ubna_data_02_mir/recover-20220922/UBNA_001/20220921_090000.WAV,Telephone Field,recover-20220922,001,1795
1156.0425,1156.0508,28046,38650,Eptesicus serotinus,0.007,0.022,-1,Echolocation,/mnt/ubna_data_02_mir/recover-20220922/UBNA_001/20220921_090000.WAV,Telephone Field,recover-20220922,001,1795
1156.0515,1156.0906,68437,81496,Rhinolophus ferrumequinum,0.022,0.022,-1,Echolocation,/mnt/ubna_data_02_mir/recover-20220922/UBNA_001/20220921_090000.WAV,Telephone Field,recover-20220922,001,1795
1156.0545,1156.0742,18593,21593,Nyctalus noctula,0.017,0.03,-1,Echolocation,/mnt/ubna_data_02_mir/recover-20220922/UBNA_001/20220921_090000.WAV,Telephone Field,recover-20220922,001,1795
1156.0655,1156.0996,68437,81467,Rhinolophus ferrumequinum,0.029,0.029,-1,Echolocation,/mnt/ubna_data_02_mir/recover-20220922/UBNA_001/20220921_090000.WAV,Telephone Field,recover-20220922,001,1795
1156.0665,1156.0749,26328,35336,Eptesicus serotinus,0.008,0.022,-1,Echolocation,/mnt/ubna_data_02_mir/recover-20220922/UBNA_001/20220921_090000.WAV,Telephone Field,recover-20220922,001,1795
1156.1005,1156.1397,68437,82207,Rhinolophus ferrumequinum,0.024,0.024,-1,Echolocation,/mnt/ubna_data_02_mir/recover-20220922/UBNA_001/20220921_090000.WAV,Telephone Field,recover-20220922,001,1795
1156.1135,1156.1557,68437,83025,Rhinolophus ferrumequinum,0.026,0.026,-1,Echolocation,/mnt/ubna_data_02_mir/recover-20220922/UBNA_001/20220921_090000.WAV,Telephone Field,recover-20220922,001,1795
1156.1225,1156.1329,23750,30734,Nyctalus leisleri,0.008,0.023,-1,Echolocation,/mnt/ubna_data_02_mir/recover-20220922/UBNA_001/20220921_090000.WAV,Telephone Field,recover-20220922,001,1795
1156.1375,1156.1782,68437,82682,Rhinolophus ferrumequinum,0.027,0.027,-1,Echolocation,/mnt/ubna_data_02_mir/recover-20220922/UBNA_001/20220921_090000.WAV,Telephone Field,recover-20220922,001,1795
1156.1735,1156.2095,68437,80896,Rhinolophus ferrumequinum,0.022,0.022,-1,Echolocation,/mnt/ubna_data_02_mir/recover-20220922/UBNA_001/20220921_090000.WAV,Telephone Field,recover-20220922,001,1795
1156.1785,1156.1902,41796,45222,Pipistrellus pipistrellus,0.031,0.038,-1,Echolocation,/mnt/ubna_data_02_mir/recover-20220922/UBNA_001/20220921_090000.WAV,Telephone Field,recover-20220922,001,1795
1156.1805,1156.1874,28046,37944,Eptesicus serotinus,0.008,0.027,-1,Echolocation,/mnt/ubna_data_02_mir/recover-20220922/UBNA_001/20220921_090000.WAV,Telephone Field,recover-20220922,001,1795
1156.2005,1156.2395,68437,82386,Rhinolophus ferrumequinum,0.023,0.023,-1,Echolocation,/mnt/ubna_data_02_mir/recover-20220922/UBNA_001/20220921_090000.WAV,Telephone Field,recover-20220922,001,1795
1156.2095,1156.2489,68437,81793,Rhinolophus ferrumequinum,0.025,0.025,-1,Echolocation,/mnt/ubna_data_02_mir/recover-20220922/UBNA_001/20220921_090000.WAV,Telephone Field,recover-20220922,001,1795
1156.2395,1156.2789,68437,81529,Rhinolophus ferrumequinum,0.022,0.022,-1,Echolocation,/mnt/ubna_data_02_mir/recover-20220922/UBNA_001/20220921_090000.WAV,Telephone Field,recover-20220922,001,1795
1156.3025,1156.3413,68437,82047,Rhinolophus ferrumequinum,0.021,0.022,-1,Echolocation,/mnt/ubna_data_02_mir/recover-20220922/UBNA_001/20220921_090000.WAV,Telephone Field,recover-20220922,001,1795
1156.3115,1156.3511,68437,81998,Rhinolophus ferrumequinum,0.027,0.027,-1,Echolocation,/mnt/ubna_data_02_mir/recover-20220922/UBNA_001/20220921_090000.WAV,Telephone Field,recover-20220922,001,1795
1156.3355,1156.3696,68437,80756,Rhinolophus ferrumequinum,0.024,0.024,-1,Echolocation,/mnt/ubna_data_02_mir/recover-20220922/UBNA_001/20220921_090000.WAV,Telephone Field,recover-20220922,001,1795
1156.3745,1156.3817,27187,39036,Eptesicus serotinus,0.009,0.026,-1,Echolocation,/mnt/ubna_data_02_mir/recover-20220922/UBNA_001/20220921_090000.WAV,Telephone Field,recover-20220922,001,1795
1156.3795,1156.4187,68437,81932,Rhinolophus ferrumequinum,0.027,0.027,-1,Echolocation,/mnt/ubna_data_02_mir/recover-20220922/UBNA_001/20220921_090000.WAV,Telephone Field,recover-20220922,001,1795
1156.3995,1156.4102,23750,29514,Nyctalus leisleri,0.01,0.022,-1,Echolocation,/mnt/ubna_data_02_mir/recover-20220922/UBNA_001/20220921_090000.WAV,Telephone Field,recover-20220922,001,1795
1156.4035,1156.438,68437,80688,Rhinolophus ferrumequinum,0.022,0.022,-1,Echolocation,/mnt/ubna_data_02_mir/recover-20220922/UBNA_001/20220921_090000.WAV,Telephone Field,recover-20220922,001,1795
1156.4135,1156.45,68437,81905,Rhinolophus ferrumequinum,0.021,0.021,-1,Echolocation,/mnt/ubna_data_02_mir/recover-20220922/UBNA_001/20220921_090000.WAV,Telephone Field,recover-20220922,001,1795
1156.4515,1156.4881,68437,81069,Rhinolophus ferrumequinum,0.027,0.027,-1,Echolocation,/mnt/ubna_data_02_mir/recover-20220922/UBNA_001/20220921_090000.WAV,Telephone Field,recover-20220922,001,1795
1156.4875,1156.5297,68437,82928,Rhinolophus ferrumequinum,0.026,0.026,-1,Echolocation,/mnt/ubna_data_02_mir/recover-20220922/UBNA_001/20220921_090000.WAV,Telephone Field,recover-20220922,001,1795
1156.4995,1156.5094,22890,29053,Nyctalus leisleri,0.008,0.022,-1,Echolocation,/mnt/ubna_data_02_mir/recover-20220922/UBNA_001/20220921_090000.WAV,Telephone Field,recover-20220922,001,1795
1156.5185,1156.5561,68437,81954,Rhinolophus ferrumequinum,0.022,0.022,-1,Echolocation,/mnt/ubna_data_02_mir/recover-20220922/UBNA_001/20220921_090000.WAV,Telephone Field,recover-20220922,001,1795
1156.5245,1156.5335,28046,36593,Eptesicus serotinus,0.01,0.023,-1,Echolocation,/mnt/ubna_data_02_mir/recover-20220922/UBNA_001/20220921_090000.WAV,Telephone Field,recover-20220922,001,1795
1156.5645,1156.6028,68437,82163,Rhinolophus ferrumequinum,0.036,0.036,-1,Echolocation,/mnt/ubna_data_02_mir/recover-20220922/UBNA_001/20220921_090000.WAV,Telephone Field,recover-20220922,001,1795
1156.5655,1156.5729,28046,38527,Eptesicus serotinus,0.008,0.021,-1,Echolocation,/mnt/ubna_data_02_mir/recover-20220922/UBNA_001/20220921_090000.WAV,Telephone Field,recover-20220922,001,1795
1156.6095,1156.6193,24609,31637,Eptesicus serotinus,0.008,0.022,-1,Echolocation,/mnt/ubna_data_02_mir/recover-20220922/UBNA_001/20220921_090000.WAV,Telephone Field,recover-20220922,001,1795
1156.6235,1156.6304,28046,40326,Eptesicus serotinus,0.006,0.022,-1,Echolocation,/mnt/ubna_data_02_mir/recover-20220922/UBNA_001/20220921_090000.WAV,Telephone Field,recover-20220922,001,1795
1156.6285,1156.6661,68437,81739,Rhinolophus ferrumequinum,0.022,0.022,-1,Echolocation,/mnt/ubna_data_02_mir/recover-20220922/UBNA_001/20220921_090000.WAV,Telephone Field,recover-20220922,001,1795
1156.6915,1156.7323,68437,82542,Rhinolophus ferrumequinum,0.029,0.029,-1,Echolocation,/mnt/ubna_data_02_mir/recover-20220922/UBNA_001/20220921_090000.WAV,Telephone Field,recover-20220922,001,1795
1156.7175,1156.7584,68437,82608,Rhinolophus ferrumequinum,0.023,0.023,-1,Echolocation,/mnt/ubna_data_02_mir/recover-20220922/UBNA_001/20220921_090000.WAV,Telephone Field,recover-20220922,001,1795
1156.7205,1156.7311,28046,35581,Eptesicus serotinus,0.009,0.022,-1,Echolocation,/mnt/ubna_data_02_mir/recover-20220922/UBNA_001/20220921_090000.WAV,Telephone Field,recover-20220922,001,1795
1156.7475,1156.7876,68437,82380,Rhinolophus ferrumequinum,0.023,0.023,-1,Echolocation,/mnt/ubna_data_02_mir/recover-20220922/UBNA_001/20220921_090000.WAV,Telephone Field,recover-20220922,001,1795
1156.7555,1156.7633,28046,39169,Eptesicus serotinus,0.007,0.023,-1,Echolocation,/mnt/ubna_data_02_mir/recover-20220922/UBNA_001/20220921_090000.WAV,Telephone Field,recover-20220922,001,1795
1156.7685,1156.808,68437,82391,Rhinolophus ferrumequinum,0.025,0.025,-1,Echolocation,/mnt/ubna_data_02_mir/recover-20220922/UBNA_001/20220921_090000.WAV,Telephone Field,recover-20220922,001,1795
1156.7735,1156.7829,28046,36864,Eptesicus serotinus,0.009,0.023,-1,Echolocation,/mnt/ubna_data_02_mir/recover-20220922/UBNA_001/20220921_090000.WAV,Telephone Field,recover-20220922,001,1795
1156.7855,1156.8231,68437,82048,Rhinolophus ferrumequinum,0.028,0.028,-1,Echolocation,/mnt/ubna_data_02_mir/recover-20220922/UBNA_001/20220921_090000.WAV,Telephone Field,recover-20220922,001,1795
1156.8165,1156.8552,68437,81271,Rhinolophus ferrumequinum,0.036,0.036,-1,Echolocation,/mnt/ubna_data_02_mir/recover-20220922/UBNA_001/20220921_090000.WAV,Telephone Field,recover-20220922,001,1795
1156.8465,1156.8872,68437,82750,Rhinolophus ferrumequinum,0.027,0.027,-1,Echolocation,/mnt/ubna_data_02_mir/recover-20220922/UBNA_001/20220921_090000.WAV,Telephone Field,recover-20220922,001,1795
1156.8765,1156.9144000000001,68437,81813,Rhinolophus ferrumequinum,0.022,0.022,-1,Echolocation,/mnt/ubna_data_02_mir/recover-20220922/UBNA_001/20220921_090000.WAV,Telephone Field,recover-20220922,001,1795
1156.8915,1156.9302,68437,81595,Rhinolophus ferrumequinum,0.025,0.026,-1,Echolocation,/mnt/ubna_data_02_mir/recover-20220922/UBNA_001/20220921_090000.WAV,Telephone Field,recover-20220922,001,1795
1156.8925,1156.8989,27187,37698,Eptesicus serotinus,0.006,0.023,-1,Echolocation,/mnt/ubna_data_02_mir/recover-20220922/UBNA_001/20220921_090000.WAV,Telephone Field,recover-20220922,001,1795
1156.8975,1156.9389,68437,82369,Rhinolophus ferrumequinum,0.026,0.026,-1,Echolocation,/mnt/ubna_data_02_mir/recover-20220922/UBNA_001/20220921_090000.WAV,Telephone Field,recover-20220922,001,1795
1156.9115,1156.9503,68437,82600,Rhinolophus ferrumequinum,0.022,0.022,-1,Echolocation,/mnt/ubna_data_02_mir/recover-20220922/UBNA_001/20220921_090000.WAV,Telephone Field,recover-20220922,001,1795
1156.9495,1156.9575,23750,31679,Plecotus austriacus,0.01,0.024,-1,Echolocation,/mnt/ubna_data_02_mir/recover-20220922/UBNA_001/20220921_090000.WAV,Telephone Field,recover-20220922,001,1795
1156.9595,1157.0001,68437,83053,Rhinolophus ferrumequinum,0.026,0.026,-1,Echolocation,/mnt/ubna_data_02_mir/recover-20220922/UBNA_001/20220921_090000.WAV,Telephone Field,recover-20220922,001,1795
1156.9645,1156.9733,27187,36516,Eptesicus serotinus,0.009,0.021,-1,Echolocation,/mnt/ubna_data_02_mir/recover-20220922/UBNA_001/20220921_090000.WAV,Telephone Field,recover-20220922,001,1795
1156.9825,1156.9909,25468,32876,Eptesicus serotinus,0.008,0.022,-1,Echolocation,/mnt/ubna_data_02_mir/recover-20220922/UBNA_001/20220921_090000.WAV,Telephone Field,recover-20220922,001,1795
1156.9965,1157.0421,68437,83789,Rhinolophus ferrumequinum,0.035,0.035,-1,Echolocation,/mnt/ubna_data_02_mir/recover-20220922/UBNA_001/20220921_090000.WAV,Telephone Field,recover-20220922,001,1795
1157.0455,1157.0851,68437,82249,Rhinolophus ferrumequinum,0.036,0.036,-1,Echolocation,/mnt/ubna_data_02_mir/recover-20220922/UBNA_001/20220921_090000.WAV,Telephone Field,recover-20220922,001,1795
1157.0635,1157.0733,22890,29244,Nyctalus leisleri,0.009,0.026,-1,Echolocation,/mnt/ubna_data_02_mir/recover-20220922/UBNA_001/20220921_090000.WAV,Telephone Field,recover-20220922,001,1795
1157.0915,1157.1287,68437,81376,Rhinolophus ferrumequinum,0.034,0.034,-1,Echolocation,/mnt/ubna_data_02_mir/recover-20220922/UBNA_001/20220921_090000.WAV,Telephone Field,recover-20220922,001,1795
1157.1325,1157.1692,68437,81327,Rhinolophus ferrumequinum,0.024,0.024,-1,Echolocation,/mnt/ubna_data_02_mir/recover-20220922/UBNA_001/20220921_090000.WAV,Telephone Field,recover-20220922,001,1795
1157.1675,1157.175,27187,39884,Eptesicus serotinus,0.007,0.022,-1,Echolocation,/mnt/ubna_data_02_mir/recover-20220922/UBNA_001/20220921_090000.WAV,Telephone Field,recover-20220922,001,1795
1157.1885,1157.2315,68437,83253,Rhinolophus ferrumequinum,0.038,0.038,-1,Echolocation,/mnt/ubna_data_02_mir/recover-20220922/UBNA_001/20220921_090000.WAV,Telephone Field,recover-20220922,001,1795
1157.1985,1157.2401,68437,82637,Rhinolophus ferrumequinum,0.024,0.024,-1,Echolocation,/mnt/ubna_data_02_mir/recover-20220922/UBNA_001/20220921_090000.WAV,Telephone Field,recover-20220922,001,1795
1157.2075,1157.2459,68437,82322,Rhinolophus ferrumequinum,0.023,0.023,-1,Echolocation,/mnt/ubna_data_02_mir/recover-20220922/UBNA_001/20220921_090000.WAV,Telephone Field,recover-20220922,001,1795
1157.2115,1157.2198,24609,33825,Plecotus austriacus,0.011,0.031,-1,Echolocation,/mnt/ubna_data_02_mir/recover-20220922/UBNA_001/20220921_090000.WAV,Telephone Field,recover-20220922,001,1795
1157.2265,1157.2367,28046,36221,Eptesicus serotinus,0.012,0.027,-1,Echolocation,/mnt/ubna_data_02_mir/recover-20220922/UBNA_001/20220921_090000.WAV,Telephone Field,recover-20220922,001,1795
1157.2525,1157.294,68437,83010,Rhinolophus ferrumequinum,0.032,0.032,-1,Echolocation,/mnt/ubna_data_02_mir/recover-20220922/UBNA_001/20220921_090000.WAV,Telephone Field,recover-20220922,001,1795
1157.2835,1157.3201,68437,82188,Rhinolophus ferrumequinum,0.023,0.023,-1,Echolocation,/mnt/ubna_data_02_mir/recover-20220922/UBNA_001/20220921_090000.WAV,Telephone Field,recover-20220922,001,1795
1157.2895,1157.3271,68437,82108,Rhinolophus ferrumequinum,0.023,0.023,-1,Echolocation,/mnt/ubna_data_02_mir/recover-20220922/UBNA_001/20220921_090000.WAV,Telephone Field,recover-20220922,001,1795
1157.3135,1157.3531,68437,82473,Rhinolophus ferrumequinum,0.024,0.024,-1,Echolocation,/mnt/ubna_data_02_mir/recover-20220922/UBNA_001/20220921_090000.WAV,Telephone Field,recover-20220922,001,1795
1157.3215,1157.3589,68437,82060,Rhinolophus ferrumequinum,0.028,0.028,-1,Echolocation,/mnt/ubna_data_02_mir/recover-20220922/UBNA_001/20220921_090000.WAV,Telephone Field,recover-20220922,001,1795
1157.3215,1157.3314,27187,35514,Eptesicus serotinus,0.01,0.023,-1,Echolocation,/mnt/ubna_data_02_mir/recover-20220922/UBNA_001/20220921_090000.WAV,Telephone Field,recover-20220922,001,1795
1157.3585,1157.3688,28906,36069,Eptesicus serotinus,0.01,0.024,-1,Echolocation,/mnt/ubna_data_02_mir/recover-20220922/UBNA_001/20220921_090000.WAV,Telephone Field,recover-20220922,001,1795
1157.4065,1157.4163,22890,29387,Nyctalus leisleri,0.008,0.024,-1,Echolocation,/mnt/ubna_data_02_mir/recover-20220922/UBNA_001/20220921_090000.WAV,Telephone Field,recover-20220922,001,1795
1157.4105,1157.4482,68437,81880,Rhinolophus ferrumequinum,0.023,0.023,-1,Echolocation,/mnt/ubna_data_02_mir/recover-20220922/UBNA_001/20220921_090000.WAV,Telephone Field,recover-20220922,001,1795
1157.4465,1157.486,68437,82847,Rhinolophus ferrumequinum,0.03,0.03,-1,Echolocation,/mnt/ubna_data_02_mir/recover-20220922/UBNA_001/20220921_090000.WAV,Telephone Field,recover-20220922,001,1795
1157.4735,1157.512,68437,81770,Rhinolophus ferrumequinum,0.027,0.027,-1,Echolocation,/mnt/ubna_data_02_mir/recover-20220922/UBNA_001/20220921_090000.WAV,Telephone Field,recover-20220922,001,1795
1157.4805,1157.4887,28046,38427,Eptesicus serotinus,0.008,0.022,-1,Echolocation,/mnt/ubna_data_02_mir/recover-20220922/UBNA_001/20220921_090000.WAV,Telephone Field,recover-20220922,001,1795
1157.5165,1157.5277,21171,25269,Nyctalus leisleri,0.012,0.022,-1,Echolocation,/mnt/ubna_data_02_mir/recover-20220922/UBNA_001/20220921_090000.WAV,Telephone Field,recover-20220922,001,1795
1157.5395,1157.5745,68437,81235,Rhinolophus ferrumequinum,0.022,0.022,-1,Echolocation,/mnt/ubna_data_02_mir/recover-20220922/UBNA_001/20220921_090000.WAV,Telephone Field,recover-20220922,001,1795
1157.5445,1157.5514,28046,39065,Eptesicus serotinus,0.017,0.047,-1,Echolocation,/mnt/ubna_data_02_mir/recover-20220922/UBNA_001/20220921_090000.WAV,Telephone Field,recover-20220922,001,1795
1157.5635,1157.6018,68437,82424,Rhinolophus ferrumequinum,0.023,0.023,-1,Echolocation,/mnt/ubna_data_02_mir/recover-20220922/UBNA_001/20220921_090000.WAV,Telephone Field,recover-20220922,001,1795
1157.6045,1157.6398,68437,80344,Rhinolophus ferrumequinum,0.025,0.025,-1,Echolocation,/mnt/ubna_data_02_mir/recover-20220922/UBNA_001/20220921_090000.WAV,Telephone Field,recover-20220922,001,1795
1157.6335,1157.644,28906,35353,Eptesicus serotinus,0.012,0.025,-1,Echolocation,/mnt/ubna_data_02_mir/recover-20220922/UBNA_001/20220921_090000.WAV,Telephone Field,recover-20220922,001,1795
1157.6485,1157.6898,68437,82890,Rhinolophus ferrumequinum,0.029,0.029,-1,Echolocation,/mnt/ubna_data_02_mir/recover-20220922/UBNA_001/20220921_090000.WAV,Telephone Field,recover-20220922,001,1795
1157.7165,1157.7551,68437,82056,Rhinolophus ferrumequinum,0.022,0.022,-1,Echolocation,/mnt/ubna_data_02_mir/recover-20220922/UBNA_001/20220921_090000.WAV,Telephone Field,recover-20220922,001,1795
1157.7185,1157.726,27187,41191,Eptesicus serotinus,0.007,0.023,-1,Echolocation,/mnt/ubna_data_02_mir/recover-20220922/UBNA_001/20220921_090000.WAV,Telephone Field,recover-20220922,001,1795
1157.7385,1157.7763,68437,82028,Rhinolophus ferrumequinum,0.023,0.023,-1,Echolocation,/mnt/ubna_data_02_mir/recover-20220922/UBNA_001/20220921_090000.WAV,Telephone Field,recover-20220922,001,1795
1157.7535,1157.7927,68437,81673,Rhinolophus ferrumequinum,0.022,0.022,-1,Echolocation,/mnt/ubna_data_02_mir/recover-20220922/UBNA_001/20220921_090000.WAV,Telephone Field,recover-20220922,001,1795
1157.8005,1157.8069,27187,39202,Eptesicus serotinus,0.009,0.032,-1,Echolocation,/mnt/ubna_data_02_mir/recover-20220922/UBNA_001/20220921_090000.WAV,Telephone Field,recover-20220922,001,1795
1157.8455,1157.8846,68437,82257,Rhinolophus ferrumequinum,0.022,0.022,-1,Echolocation,/mnt/ubna_data_02_mir/recover-20220922/UBNA_001/20220921_090000.WAV,Telephone Field,recover-20220922,001,1795
1157.8595,1157.8955,68437,80919,Rhinolophus ferrumequinum,0.023,0.023,-1,Echolocation,/mnt/ubna_data_02_mir/recover-20220922/UBNA_001/20220921_090000.WAV,Telephone Field,recover-20220922,001,1795
1157.9415,1157.9838,68437,82622,Rhinolophus ferrumequinum,0.022,0.022,-1,Echolocation,/mnt/ubna_data_02_mir/recover-20220922/UBNA_001/20220921_090000.WAV,Telephone Field,recover-20220922,001,1795
1157.9875,1157.9984,22890,29045,Nyctalus leisleri,0.009,0.022,-1,Echolocation,/mnt/ubna_data_02_mir/recover-20220922/UBNA_001/20220921_090000.WAV,Telephone Field,recover-20220922,001,1795
1158.0015,1158.0106,24609,32171,Nyctalus leisleri,0.009,0.027,-1,Echolocation,/mnt/ubna_data_02_mir/recover-20220922/UBNA_001/20220921_090000.WAV,Telephone Field,recover-20220922,001,1795
1158.0015,1158.0105,46953,52450,Pipistrellus pipistrellus,0.017,0.022,-1,Echolocation,/mnt/ubna_data_02_mir/recover-20220922/UBNA_001/20220921_090000.WAV,Telephone Field,recover-20220922,001,1795
1158.0025,1158.0404,68437,80874,Rhinolophus ferrumequinum,0.021,0.022,-1,Echolocation,/mnt/ubna_data_02_mir/recover-20220922/UBNA_001/20220921_090000.WAV,Telephone Field,recover-20220922,001,1795
1158.0305,1158.0425,29765,37304,Eptesicus serotinus,0.015,0.028,-1,Echolocation,/mnt/ubna_data_02_mir/recover-20220922/UBNA_001/20220921_090000.WAV,Telephone Field,recover-20220922,001,1795
1158.0625,1158.0711000000001,25468,32449,Eptesicus serotinus,0.007,0.022,-1,Echolocation,/mnt/ubna_data_02_mir/recover-20220922/UBNA_001/20220921_090000.WAV,Telephone Field,recover-20220922,001,1795
1158.0755,1158.0878,25468,31304,Nyctalus leisleri,0.017,0.041,-1,Echolocation,/mnt/ubna_data_02_mir/recover-20220922/UBNA_001/20220921_090000.WAV,Telephone Field,recover-20220922,001,1795
1158.1705,1158.1803,27187,34818,Eptesicus serotinus,0.01,0.022,-1,Echolocation,/mnt/ubna_data_02_mir/recover-20220922/UBNA_001/20220921_090000.WAV,Telephone Field,recover-20220922,001,1795
1158.2135,1158.2225,28906,37874,Eptesicus serotinus,0.007,0.022,-1,Echolocation,/mnt/ubna_data_02_mir/recover-20220922/UBNA_001/20220921_090000.WAV,Telephone Field,recover-20220922,001,1795
1158.2365,1158.2754,68437,81982,Rhinolophus ferrumequinum,0.021,0.021,-1,Echolocation,/mnt/ubna_data_02_mir/recover-20220922/UBNA_001/20220921_090000.WAV,Telephone Field,recover-20220922,001,1795
1158.3065,1158.347,68437,82230,Rhinolophus ferrumequinum,0.022,0.022,-1,Echolocation,/mnt/ubna_data_02_mir/recover-20220922/UBNA_001/20220921_090000.WAV,Telephone Field,recover-20220922,001,1795
1158.3105,1158.3185,28046,39648,Eptesicus serotinus,0.007,0.021,-1,Echolocation,/mnt/ubna_data_02_mir/recover-20220922/UBNA_001/20220921_090000.WAV,Telephone Field,recover-20220922,001,1795
1158.3275,1158.364,68437,81812,Rhinolophus ferrumequinum,0.021,0.021,-1,Echolocation,/mnt/ubna_data_02_mir/recover-20220922/UBNA_001/20220921_090000.WAV,Telephone Field,recover-20220922,001,1795
1158.3445,1158.3527,28046,38099,Eptesicus serotinus,0.007,0.022,-1,Echolocation,/mnt/ubna_data_02_mir/recover-20220922/UBNA_001/20220921_090000.WAV,Telephone Field,recover-20220922,001,1795
1158.3465,1158.3675,18593,21605,Nyctalus noctula,0.013,0.024,-1,Echolocation,/mnt/ubna_data_02_mir/recover-20220922/UBNA_001/20220921_090000.WAV,Telephone Field,recover-20220922,001,1795
1158.3675,1158.4081,68437,82265,Rhinolophus ferrumequinum,0.024,0.024,-1,Echolocation,/mnt/ubna_data_02_mir/recover-20220922/UBNA_001/20220921_090000.WAV,Telephone Field,recover-20220922,001,1795
1158.4105,1158.4504,68437,82028,Rhinolophus ferrumequinum,0.022,0.022,-1,Echolocation,/mnt/ubna_data_02_mir/recover-20220922/UBNA_001/20220921_090000.WAV,Telephone Field,recover-20220922,001,1795
1158.4755,1158.4867,28046,34401,Eptesicus serotinus,0.011,0.024,-1,Echolocation,/mnt/ubna_data_02_mir/recover-20220922/UBNA_001/20220921_090000.WAV,Telephone Field,recover-20220922,001,1795
1158.4825,1158.5239,68437,82461,Rhinolophus ferrumequinum,0.022,0.022,-1,Echolocation,/mnt/ubna_data_02_mir/recover-20220922/UBNA_001/20220921_090000.WAV,Telephone Field,recover-20220922,001,1795
1158.5035,1158.5112,23750,32152,Plecotus austriacus,0.011,0.025,-1,Echolocation,/mnt/ubna_data_02_mir/recover-20220922/UBNA_001/20220921_090000.WAV,Telephone Field,recover-20220922,001,1795
1158.5295,1158.5689,68437,81337,Rhinolophus ferrumequinum,0.022,0.022,-1,Echolocation,/mnt/ubna_data_02_mir/recover-20220922/UBNA_001/20220921_090000.WAV,Telephone Field,recover-20220922,001,1795
1158.5355,1158.5439,28046,38149,Eptesicus serotinus,0.008,0.02,-1,Echolocation,/mnt/ubna_data_02_mir/recover-20220922/UBNA_001/20220921_090000.WAV,Telephone Field,recover-20220922,001,1795
1158.5655,1158.5736,27187,39318,Eptesicus serotinus,0.007,0.021,-1,Echolocation,/mnt/ubna_data_02_mir/recover-20220922/UBNA_001/20220921_090000.WAV,Telephone Field,recover-20220922,001,1795
1158.5795,1158.617,68437,81856,Rhinolophus ferrumequinum,0.021,0.021,-1,Echolocation,/mnt/ubna_data_02_mir/recover-20220922/UBNA_001/20220921_090000.WAV,Telephone Field,recover-20220922,001,1795
1158.5865,1158.6288,68437,82321,Rhinolophus ferrumequinum,0.021,0.021,-1,Echolocation,/mnt/ubna_data_02_mir/recover-20220922/UBNA_001/20220921_090000.WAV,Telephone Field,recover-20220922,001,1795
1158.6005,1158.6395,68437,82346,Rhinolophus ferrumequinum,0.023,0.023,-1,Echolocation,/mnt/ubna_data_02_mir/recover-20220922/UBNA_001/20220921_090000.WAV,Telephone Field,recover-20220922,001,1795
1158.6245,1158.665,68437,81265,Rhinolophus ferrumequinum,0.027,0.027,-1,Echolocation,/mnt/ubna_data_02_mir/recover-20220922/UBNA_001/20220921_090000.WAV,Telephone Field,recover-20220922,001,1795
1158.6325,1158.6401,28046,40349,Eptesicus serotinus,0.007,0.021,-1,Echolocation,/mnt/ubna_data_02_mir/recover-20220922/UBNA_001/20220921_090000.WAV,Telephone Field,recover-20220922,001,1795
1158.6485,1158.6631,22890,27893,Nyctalus leisleri,0.011,0.023,-1,Echolocation,/mnt/ubna_data_02_mir/recover-20220922/UBNA_001/20220921_090000.WAV,Telephone Field,recover-20220922,001,1795
1158.6535,1158.6938,68437,81984,Rhinolophus ferrumequinum,0.023,0.023,-1,Echolocation,/mnt/ubna_data_02_mir/recover-20220922/UBNA_001/20220921_090000.WAV,Telephone Field,recover-20220922,001,1795
1158.6615,1158.6711,26328,35333,Eptesicus serotinus,0.01,0.021,-1,Echolocation,/mnt/ubna_data_02_mir/recover-20220922/UBNA_001/20220921_090000.WAV,Telephone Field,recover-20220922,001,1795
1158.6815,1158.7205,68437,82819,Rhinolophus ferrumequinum,0.022,0.022,-1,Echolocation,/mnt/ubna_data_02_mir/recover-20220922/UBNA_001/20220921_090000.WAV,Telephone Field,recover-20220922,001,1795
1158.6895,1158.7309,68437,82361,Rhinolophus ferrumequinum,0.022,0.022,-1,Echolocation,/mnt/ubna_data_02_mir/recover-20220922/UBNA_001/20220921_090000.WAV,Telephone Field,recover-20220922,001,1795
1158.7125,1158.7224,23750,30824,Eptesicus serotinus,0.007,0.022,-1,Echolocation,/mnt/ubna_data_02_mir/recover-20220922/UBNA_001/20220921_090000.WAV,Telephone Field,recover-20220922,001,1795
1158.7875,1158.8289,68437,82973,Rhinolophus ferrumequinum,0.025,0.025,-1,Echolocation,/mnt/ubna_data_02_mir/recover-20220922/UBNA_001/20220921_090000.WAV,Telephone Field,recover-20220922,001,1795
1158.7985,1158.8077,28046,36211,Eptesicus serotinus,0.012,0.025,-1,Echolocation,/mnt/ubna_data_02_mir/recover-20220922/UBNA_001/20220921_090000.WAV,Telephone Field,recover-20220922,001,1795
1158.8545,1158.8625,24609,33083,Plecotus austriacus,0.008,0.025,-1,Echolocation,/mnt/ubna_data_02_mir/recover-20220922/UBNA_001/20220921_090000.WAV,Telephone Field,recover-20220922,001,1795
1158.8725,1158.883,22890,28394,Nyctalus leisleri,0.008,0.02,-1,Echolocation,/mnt/ubna_data_02_mir/recover-20220922/UBNA_001/20220921_090000.WAV,Telephone Field,recover-20220922,001,1795
1158.9945,1159.0029,29765,36187,Eptesicus serotinus,0.015,0.035,-1,Echolocation,/mnt/ubna_data_02_mir/recover-20220922/UBNA_001/20220921_090000.WAV,Telephone Field,recover-20220922,001,1795
1159.0035,1159.04,68437,81405,Rhinolophus ferrumequinum,0.024,0.024,-1,Echolocation,/mnt/ubna_data_02_mir/recover-20220922/UBNA_001/20220921_090000.WAV,Telephone Field,recover-20220922,001,1795
1159.0315,1159.0395,28046,37425,Eptesicus serotinus,0.007,0.021,-1,Echolocation,/mnt/ubna_data_02_mir/recover-20220922/UBNA_001/20220921_090000.WAV,Telephone Field,recover-20220922,001,1795
1159.0325,1159.0684,68437,81602,Rhinolophus ferrumequinum,0.026,0.027,-1,Echolocation,/mnt/ubna_data_02_mir/recover-20220922/UBNA_001/20220921_090000.WAV,Telephone Field,recover-20220922,001,1795
1159.0795,1159.1152,68437,81353,Rhinolophus ferrumequinum,0.022,0.022,-1,Echolocation,/mnt/ubna_data_02_mir/recover-20220922/UBNA_001/20220921_090000.WAV,Telephone Field,recover-20220922,001,1795
1159.0865,1159.1223,68437,81554,Rhinolophus ferrumequinum,0.022,0.022,-1,Echolocation,/mnt/ubna_data_02_mir/recover-20220922/UBNA_001/20220921_090000.WAV,Telephone Field,recover-20220922,001,1795
1159.1015,1159.1122,22890,28137,Nyctalus leisleri,0.009,0.021,-1,Echolocation,/mnt/ubna_data_02_mir/recover-20220922/UBNA_001/20220921_090000.WAV,Telephone Field,recover-20220922,001,1795
1159.1065,1159.1364,69296,80410,Rhinolophus ferrumequinum,0.023,0.023,-1,Echolocation,/mnt/ubna_data_02_mir/recover-20220922/UBNA_001/20220921_090000.WAV,Telephone Field,recover-20220922,001,1795
1159.1315,1159.1687,68437,81818,Rhinolophus ferrumequinum,0.021,0.021,-1,Echolocation,/mnt/ubna_data_02_mir/recover-20220922/UBNA_001/20220921_090000.WAV,Telephone Field,recover-20220922,001,1795
1159.1625,1159.199,68437,81140,Rhinolophus ferrumequinum,0.021,0.021,-1,Echolocation,/mnt/ubna_data_02_mir/recover-20220922/UBNA_001/20220921_090000.WAV,Telephone Field,recover-20220922,001,1795
1159.1785,1159.2199,68437,82505,Rhinolophus ferrumequinum,0.029,0.029,-1,Echolocation,/mnt/ubna_data_02_mir/recover-20220922/UBNA_001/20220921_090000.WAV,Telephone Field,recover-20220922,001,1795
1159.1955,1159.2018,49531,54074,Pipistrellus pipistrellus,0.022,0.023,-1,Echolocation,/mnt/ubna_data_02_mir/recover-20220922/UBNA_001/20220921_090000.WAV,Telephone Field,recover-20220922,001,1795
1159.2065,1159.2447,68437,82454,Rhinolophus ferrumequinum,0.021,0.021,-1,Echolocation,/mnt/ubna_data_02_mir/recover-20220922/UBNA_001/20220921_090000.WAV,Telephone Field,recover-20220922,001,1795
1159.2105,1159.2182,26328,38496,Eptesicus serotinus,0.006,0.022,-1,Echolocation,/mnt/ubna_data_02_mir/recover-20220922/UBNA_001/20220921_090000.WAV,Telephone Field,recover-20220922,001,1795
1159.2295,1159.2699,68437,82222,Rhinolophus ferrumequinum,0.028,0.028,-1,Echolocation,/mnt/ubna_data_02_mir/recover-20220922/UBNA_001/20220921_090000.WAV,Telephone Field,recover-20220922,001,1795
1159.2475,1159.2574,28046,36523,Eptesicus serotinus,0.009,0.023,-1,Echolocation,/mnt/ubna_data_02_mir/recover-20220922/UBNA_001/20220921_090000.WAV,Telephone Field,recover-20220922,001,1795
1159.2575,1159.2978,68437,82241,Rhinolophus ferrumequinum,0.023,0.023,-1,Echolocation,/mnt/ubna_data_02_mir/recover-20220922/UBNA_001/20220921_090000.WAV,Telephone Field,recover-20220922,001,1795
1159.2665,1159.3016,68437,80496,Rhinolophus ferrumequinum,0.022,0.023,-1,Echolocation,/mnt/ubna_data_02_mir/recover-20220922/UBNA_001/20220921_090000.WAV,Telephone Field,recover-20220922,001,1795
1159.2945,1159.3047,22890,28182,Nyctalus leisleri,0.01,0.022,-1,Echolocation,/mnt/ubna_data_02_mir/recover-20220922/UBNA_001/20220921_090000.WAV,Telephone Field,recover-20220922,001,1795
1159.3205,1159.3589,68437,82178,Rhinolophus ferrumequinum,0.021,0.021,-1,Echolocation,/mnt/ubna_data_02_mir/recover-20220922/UBNA_001/20220921_090000.WAV,Telephone Field,recover-20220922,001,1795
1159.3455,1159.356,23750,30310,Nyctalus leisleri,0.013,0.031,-1,Echolocation,/mnt/ubna_data_02_mir/recover-20220922/UBNA_001/20220921_090000.WAV,Telephone Field,recover-20220922,001,1795
1159.3475,1159.3849,68437,81601,Rhinolophus ferrumequinum,0.023,0.024,-1,Echolocation,/mnt/ubna_data_02_mir/recover-20220922/UBNA_001/20220921_090000.WAV,Telephone Field,recover-20220922,001,1795
1159.3775,1159.415,68437,81177,Rhinolophus ferrumequinum,0.022,0.022,-1,Echolocation,/mnt/ubna_data_02_mir/recover-20220922/UBNA_001/20220921_090000.WAV,Telephone Field,recover-20220922,001,1795
1159.3845,1159.3951,28906,37016,Eptesicus serotinus,0.011,0.024,-1,Echolocation,/mnt/ubna_data_02_mir/recover-20220922/UBNA_001/20220921_090000.WAV,Telephone Field,recover-20220922,001,1795
1159.4055,1159.4118,26328,37410,Plecotus austriacus,0.008,0.027,-1,Echolocation,/mnt/ubna_data_02_mir/recover-20220922/UBNA_001/20220921_090000.WAV,Telephone Field,recover-20220922,001,1795
1159.4625,1159.4734,22890,26972,Nyctalus leisleri,0.012,0.021,-1,Echolocation,/mnt/ubna_data_02_mir/recover-20220922/UBNA_001/20220921_090000.WAV,Telephone Field,recover-20220922,001,1795
1159.5225,1159.5328,23750,30339,Nyctalus leisleri,0.008,0.022,-1,Echolocation,/mnt/ubna_data_02_mir/recover-20220922/UBNA_001/20220921_090000.WAV,Telephone Field,recover-20220922,001,1795
1159.5465,1159.5875,68437,83222,Rhinolophus ferrumequinum,0.038,0.038,-1,Echolocation,/mnt/ubna_data_02_mir/recover-20220922/UBNA_001/20220921_090000.WAV,Telephone Field,recover-20220922,001,1795
1159.5465,1159.5559,28046,37627,Eptesicus serotinus,0.01,0.025,-1,Echolocation,/mnt/ubna_data_02_mir/recover-20220922/UBNA_001/20220921_090000.WAV,Telephone Field,recover-20220922,001,1795
1159.5725,1159.6089,68437,81566,Rhinolophus ferrumequinum,0.024,0.024,-1,Echolocation,/mnt/ubna_data_02_mir/recover-20220922/UBNA_001/20220921_090000.WAV,Telephone Field,recover-20220922,001,1795
1159.5935,1159.6288,68437,81453,Rhinolophus ferrumequinum,0.025,0.025,-1,Echolocation,/mnt/ubna_data_02_mir/recover-20220922/UBNA_001/20220921_090000.WAV,Telephone Field,recover-20220922,001,1795
1159.6365,1159.6475,23750,30045,Nyctalus leisleri,0.014,0.032,-1,Echolocation,/mnt/ubna_data_02_mir/recover-20220922/UBNA_001/20220921_090000.WAV,Telephone Field,recover-20220922,001,1795
1159.6535,1159.6953,68437,82298,Rhinolophus ferrumequinum,0.022,0.022,-1,Echolocation,/mnt/ubna_data_02_mir/recover-20220922/UBNA_001/20220921_090000.WAV,Telephone Field,recover-20220922,001,1795
1159.6615,1159.7036,68437,83015,Rhinolophus ferrumequinum,0.021,0.021,-1,Echolocation,/mnt/ubna_data_02_mir/recover-20220922/UBNA_001/20220921_090000.WAV,Telephone Field,recover-20220922,001,1795
1159.6705,1159.7101,68437,82295,Rhinolophus ferrumequinum,0.021,0.021,-1,Echolocation,/mnt/ubna_data_02_mir/recover-20220922/UBNA_001/20220921_090000.WAV,Telephone Field,recover-20220922,001,1795
1159.7165,1159.7578,68437,82156,Rhinolophus ferrumequinum,0.023,0.023,-1,Echolocation,/mnt/ubna_data_02_mir/recover-20220922/UBNA_001/20220921_090000.WAV,Telephone Field,recover-20220922,001,1795
1159.7195,1159.728,46953,52267,Pipistrellus pipistrellus,0.023,0.024,-1,Echolocation,/mnt/ubna_data_02_mir/recover-20220922/UBNA_001/20220921_090000.WAV,Telephone Field,recover-20220922,001,1795
1159.7555,1159.7968,68437,82261,Rhinolophus ferrumequinum,0.025,0.025,-1,Echolocation,/mnt/ubna_data_02_mir/recover-20220922/UBNA_001/20220921_090000.WAV,Telephone Field,recover-20220922,001,1795
1159.7905,1159.8007,28906,36452,Eptesicus serotinus,0.009,0.023,-1,Echolocation,/mnt/ubna_data_02_mir/recover-20220922/UBNA_001/20220921_090000.WAV,Telephone Field,recover-20220922,001,1795
1159.8445,1159.8825,68437,82086,Rhinolophus ferrumequinum,0.024,0.024,-1,Echolocation,/mnt/ubna_data_02_mir/recover-20220922/UBNA_001/20220921_090000.WAV,Telephone Field,recover-20220922,001,1795
1159.8485,1159.854,25468,37119,Plecotus austriacus,0.017,0.042,-1,Echolocation,/mnt/ubna_data_02_mir/recover-20220922/UBNA_001/20220921_090000.WAV,Telephone Field,recover-20220922,001,1795
1159.8525,1159.8936,68437,82646,Rhinolophus ferrumequinum,0.022,0.022,-1,Echolocation,/mnt/ubna_data_02_mir/recover-20220922/UBNA_001/20220921_090000.WAV,Telephone Field,recover-20220922,001,1795
1159.8835,1159.9233,68437,81843,Rhinolophus ferrumequinum,0.021,0.021,-1,Echolocation,/mnt/ubna_data_02_mir/recover-20220922/UBNA_001/20220921_090000.WAV,Telephone Field,recover-20220922,001,1795
1160.0015,1160.012,22031,26964,Nyctalus leisleri,0.015,0.03,-1,Echolocation,/mnt/ubna_data_02_mir/recover-20220922/UBNA_001/20220921_090000.WAV,Telephone Field,recover-20220922,001,1795
1160.0015,1160.0347,68437,79567,Rhinolophus ferrumequinum,0.021,0.021,-1,Echolocation,/mnt/ubna_data_02_mir/recover-20220922/UBNA_001/20220921_090000.WAV,Telephone Field,recover-20220922,001,1795
1160.0185,1160.0307,22890,27651,Nyctalus leisleri,0.021,0.048,-1,Echolocation,/mnt/ubna_data_02_mir/recover-20220922/UBNA_001/20220921_090000.WAV,Telephone Field,recover-20220922,001,1795
1160.0215,1160.0575,67578,80401,Rhinolophus ferrumequinum,0.021,0.021,-1,Echolocation,/mnt/ubna_data_02_mir/recover-20220922/UBNA_001/20220921_090000.WAV,Telephone Field,recover-20220922,001,1795
1160.0285,1160.0642,68437,81703,Rhinolophus ferrumequinum,0.02,0.02,-1,Echolocation,/mnt/ubna_data_02_mir/recover-20220922/UBNA_001/20220921_090000.WAV,Telephone Field,recover-20220922,001,1795
1160.0455,1160.0581,23750,28126,Nyctalus leisleri,0.013,0.024,-1,Echolocation,/mnt/ubna_data_02_mir/recover-20220922/UBNA_001/20220921_090000.WAV,Telephone Field,recover-20220922,001,1795
1160.0475,1160.0848,68437,81418,Rhinolophus ferrumequinum,0.02,0.02,-1,Echolocation,/mnt/ubna_data_02_mir/recover-20220922/UBNA_001/20220921_090000.WAV,Telephone Field,recover-20220922,001,1795
1160.0495,1160.0592,33203,44511,Eptesicus serotinus,0.007,0.024,-1,Echolocation,/mnt/ubna_data_02_mir/recover-20220922/UBNA_001/20220921_090000.WAV,Telephone Field,recover-20220922,001,1795
1160.0705,1160.0815,23750,29907,Nyctalus leisleri,0.01,0.025,-1,Echolocation,/mnt/ubna_data_02_mir/recover-20220922/UBNA_001/20220921_090000.WAV,Telephone Field,recover-20220922,001,1795
1160.0835,1160.0939,25468,32403,Nyctalus leisleri,0.011,0.03,-1,Echolocation,/mnt/ubna_data_02_mir/recover-20220922/UBNA_001/20220921_090000.WAV,Telephone Field,recover-20220922,001,1795
1160.0975,1160.1385,68437,82111,Rhinolophus ferrumequinum,0.02,0.021,-1,Echolocation,/mnt/ubna_data_02_mir/recover-20220922/UBNA_001/20220921_090000.WAV,Telephone Field,recover-20220922,001,1795
1160.1055,1160.1141,29765,38107,Eptesicus serotinus,0.008,0.026,-1,Echolocation,/mnt/ubna_data_02_mir/recover-20220922/UBNA_001/20220921_090000.WAV,Telephone Field,recover-20220922,001,1795
1160.1225,1160.1305,29765,40065,Eptesicus serotinus,0.007,0.022,-1,Echolocation,/mnt/ubna_data_02_mir/recover-20220922/UBNA_001/20220921_090000.WAV,Telephone Field,recover-20220922,001,1795
1160.1245,1160.165,68437,82128,Rhinolophus ferrumequinum,0.021,0.021,-1,Echolocation,/mnt/ubna_data_02_mir/recover-20220922/UBNA_001/20220921_090000.WAV,Telephone Field,recover-20220922,001,1795
1160.1575,1160.1936,68437,81099,Rhinolophus ferrumequinum,0.021,0.021,-1,Echolocation,/mnt/ubna_data_02_mir/recover-20220922/UBNA_001/20220921_090000.WAV,Telephone Field,recover-20220922,001,1795
1160.1825,1160.2201,68437,81165,Rhinolophus ferrumequinum,0.021,0.021,-1,Echolocation,/mnt/ubna_data_02_mir/recover-20220922/UBNA_001/20220921_090000.WAV,Telephone Field,recover-20220922,001,1795
1160.2195,1160.2293,30625,38120,Eptesicus serotinus,0.007,0.021,-1,Echolocation,/mnt/ubna_data_02_mir/recover-20220922/UBNA_001/20220921_090000.WAV,Telephone Field,recover-20220922,001,1795
1160.2515,1160.2915,68437,82497,Rhinolophus ferrumequinum,0.021,0.021,-1,Echolocation,/mnt/ubna_data_02_mir/recover-20220922/UBNA_001/20220921_090000.WAV,Telephone Field,recover-20220922,001,1795
1160.2775,1160.315,68437,82160,Rhinolophus ferrumequinum,0.021,0.021,-1,Echolocation,/mnt/ubna_data_02_mir/recover-20220922/UBNA_001/20220921_090000.WAV,Telephone Field,recover-20220922,001,1795
1160.2925,1160.3318,68437,81899,Rhinolophus ferrumequinum,0.021,0.021,-1,Echolocation,/mnt/ubna_data_02_mir/recover-20220922/UBNA_001/20220921_090000.WAV,Telephone Field,recover-20220922,001,1795
1160.2945,1160.3047,22890,28179,Nyctalus leisleri,0.01,0.022,-1,Echolocation,/mnt/ubna_data_02_mir/recover-20220922/UBNA_001/20220921_090000.WAV,Telephone Field,recover-20220922,001,1795
1160.3195,1160.328,28906,40216,Eptesicus serotinus,0.009,0.026,-1,Echolocation,/mnt/ubna_data_02_mir/recover-20220922/UBNA_001/20220921_090000.WAV,Telephone Field,recover-20220922,001,1795
1160.3595,1160.3676,24609,33935,Plecotus austriacus,0.006,0.024,-1,Echolocation,/mnt/ubna_data_02_mir/recover-20220922/UBNA_001/20220921_090000.WAV,Telephone Field,recover-20220922,001,1795
1160.3865,1160.4245,68437,81690,Rhinolophus ferrumequinum,0.021,0.021,-1,Echolocation,/mnt/ubna_data_02_mir/recover-20220922/UBNA_001/20220921_090000.WAV,Telephone Field,recover-20220922,001,1795
1160.3885,1160.3980999999999,24609,32223,Eptesicus serotinus,0.007,0.022,-1,Echolocation,/mnt/ubna_data_02_mir/recover-20220922/UBNA_001/20220921_090000.WAV,Telephone Field,recover-20220922,001,1795
1160.4055,1160.4466,68437,82695,Rhinolophus ferrumequinum,0.023,0.023,-1,Echolocation,/mnt/ubna_data_02_mir/recover-20220922/UBNA_001/20220921_090000.WAV,Telephone Field,recover-20220922,001,1795
1160.4355,1160.4793,68437,83448,Rhinolophus ferrumequinum,0.041,0.041,-1,Echolocation,/mnt/ubna_data_02_mir/recover-20220922/UBNA_001/20220921_090000.WAV,Telephone Field,recover-20220922,001,1795
1160.5075,1160.5157,28046,39912,Eptesicus serotinus,0.008,0.021,-1,Echolocation,/mnt/ubna_data_02_mir/recover-20220922/UBNA_001/20220921_090000.WAV,Telephone Field,recover-20220922,001,1795
1160.5405,1160.5762,68437,80906,Rhinolophus ferrumequinum,0.021,0.021,-1,Echolocation,/mnt/ubna_data_02_mir/recover-20220922/UBNA_001/20220921_090000.WAV,Telephone Field,recover-20220922,001,1795
1160.5795,1160.5923,13437,17356,Nyctalus noctula,0.013,0.028,-1,Echolocation,/mnt/ubna_data_02_mir/recover-20220922/UBNA_001/20220921_090000.WAV,Telephone Field,recover-20220922,001,1795
1160.5805,1160.6186,68437,81758,Rhinolophus ferrumequinum,0.031,0.031,-1,Echolocation,/mnt/ubna_data_02_mir/recover-20220922/UBNA_001/20220921_090000.WAV,Telephone Field,recover-20220922,001,1795
1160.5855,1160.594,47812,53659,Pipistrellus pipistrellus,0.02,0.022,-1,Echolocation,/mnt/ubna_data_02_mir/recover-20220922/UBNA_001/20220921_090000.WAV,Telephone Field,recover-20220922,001,1795
1160.6225,1160.6573,68437,80725,Rhinolophus ferrumequinum,0.021,0.021,-1,Echolocation,/mnt/ubna_data_02_mir/recover-20220922/UBNA_001/20220921_090000.WAV,Telephone Field,recover-20220922,001,1795
1160.6315,1160.6694,68437,81918,Rhinolophus ferrumequinum,0.022,0.022,-1,Echolocation,/mnt/ubna_data_02_mir/recover-20220922/UBNA_001/20220921_090000.WAV,Telephone Field,recover-20220922,001,1795
1160.6325,1160.653,20312,23537,Nyctalus leisleri,0.016,0.031,-1,Echolocation,/mnt/ubna_data_02_mir/recover-20220922/UBNA_001/20220921_090000.WAV,Telephone Field,recover-20220922,001,1795
1160.6875,1160.7239,68437,81095,Rhinolophus ferrumequinum,0.021,0.022,-1,Echolocation,/mnt/ubna_data_02_mir/recover-20220922/UBNA_001/20220921_090000.WAV,Telephone Field,recover-20220922,001,1795
1160.6945,1160.7049,28906,36863,Eptesicus serotinus,0.015,0.028,-1,Echolocation,/mnt/ubna_data_02_mir/recover-20220922/UBNA_001/20220921_090000.WAV,Telephone Field,recover-20220922,001,1795
1160.7215,1160.7617,68437,82856,Rhinolophus ferrumequinum,0.023,0.023,-1,Echolocation,/mnt/ubna_data_02_mir/recover-20220922/UBNA_001/20220921_090000.WAV,Telephone Field,recover-20220922,001,1795
1160.7645,1160.798,68437,80279,Rhinolophus ferrumequinum,0.022,0.022,-1,Echolocation,/mnt/ubna_data_02_mir/recover-20220922/UBNA_001/20220921_090000.WAV,Telephone Field,recover-20220922,001,1795
1160.8485,1160.8895,68437,82403,Rhinolophus ferrumequinum,0.023,0.023,-1,Echolocation,/mnt/ubna_data_02_mir/recover-20220922/UBNA_001/20220921_090000.WAV,Telephone Field,recover-20220922,001,1795
1160.8685,1160.8796,28906,36195,Eptesicus serotinus,0.02,0.034,-1,Echolocation,/mnt/ubna_data_02_mir/recover-20220922/UBNA_001/20220921_090000.WAV,Telephone Field,recover-20220922,001,1795
1160.9055,1160.9446,68437,81883,Rhinolophus ferrumequinum,0.023,0.023,-1,Echolocation,/mnt/ubna_data_02_mir/recover-20220922/UBNA_001/20220921_090000.WAV,Telephone Field,recover-20220922,001,1795
1160.9245,1160.9346,26328,32995,Nyctalus leisleri,0.009,0.023,-1,Echolocation,/mnt/ubna_data_02_mir/recover-20220922/UBNA_001/20220921_090000.WAV,Telephone Field,recover-20220922,001,1795
1160.9675,1161.0074,68437,82416,Rhinolophus ferrumequinum,0.025,0.025,-1,Echolocation,/mnt/ubna_data_02_mir/recover-20220922/UBNA_001/20220921_090000.WAV,Telephone Field,recover-20220922,001,1795
1160.9875,1160.9942,47812,53432,Pipistrellus pipistrellus,0.03,0.031,-1,Echolocation,/mnt/ubna_data_02_mir/recover-20220922/UBNA_001/20220921_090000.WAV,Telephone Field,recover-20220922,001,1795
1161.0245,1161.0623,68437,81440,Rhinolophus ferrumequinum,0.023,0.023,-1,Echolocation,/mnt/ubna_data_02_mir/recover-20220922/UBNA_001/20220921_090000.WAV,Telephone Field,recover-20220922,001,1795
1161.0435,1161.0516,24609,33464,Plecotus austriacus,0.01,0.029,-1,Echolocation,/mnt/ubna_data_02_mir/recover-20220922/UBNA_001/20220921_090000.WAV,Telephone Field,recover-20220922,001,1795
1161.0705,1161.1106,68437,82390,Rhinolophus ferrumequinum,0.024,0.024,-1,Echolocation,/mnt/ubna_data_02_mir/recover-20220922/UBNA_001/20220921_090000.WAV,Telephone Field,recover-20220922,001,1795
1161.0735,1161.0838,23750,29543,Nyctalus leisleri,0.009,0.023,-1,Echolocation,/mnt/ubna_data_02_mir/recover-20220922/UBNA_001/20220921_090000.WAV,Telephone Field,recover-20220922,001,1795
1161.1205,1161.1603,68437,82082,Rhinolophus ferrumequinum,0.022,0.022,-1,Echolocation,/mnt/ubna_data_02_mir/recover-20220922/UBNA_001/20220921_090000.WAV,Telephone Field,recover-20220922,001,1795
1161.1265,1161.1338,28046,40312,Eptesicus serotinus,0.007,0.021,-1,Echolocation,/mnt/ubna_data_02_mir/recover-20220922/UBNA_001/20220921_090000.WAV,Telephone Field,recover-20220922,001,1795
1161.1275,1161.1669,68437,82082,Rhinolophus ferrumequinum,0.022,0.022,-1,Echolocation,/mnt/ubna_data_02_mir/recover-20220922/UBNA_001/20220921_090000.WAV,Telephone Field,recover-20220922,001,1795
1161.1365,1161.1736,68437,81121,Rhinolophus ferrumequinum,0.021,0.021,-1,Echolocation,/mnt/ubna_data_02_mir/recover-20220922/UBNA_001/20220921_090000.WAV,Telephone Field,recover-20220922,001,1795
1161.1885,1161.2277,68437,82003,Rhinolophus ferrumequinum,0.027,0.027,-1,Echolocation,/mnt/ubna_data_02_mir/recover-20220922/UBNA_001/20220921_090000.WAV,Telephone Field,recover-20220922,001,1795
1161.1985,1161.2379,68437,82112,Rhinolophus ferrumequinum,0.023,0.023,-1,Echolocation,/mnt/ubna_data_02_mir/recover-20220922/UBNA_001/20220921_090000.WAV,Telephone Field,recover-20220922,001,1795
1161.2035,1161.2441,68437,82511,Rhinolophus ferrumequinum,0.022,0.022,-1,Echolocation,/mnt/ubna_data_02_mir/recover-20220922/UBNA_001/20220921_090000.WAV,Telephone Field,recover-20220922,001,1795
1161.2325,1161.2686,68437,81613,Rhinolophus ferrumequinum,0.021,0.021,-1,Echolocation,/mnt/ubna_data_02_mir/recover-20220922/UBNA_001/20220921_090000.WAV,Telephone Field,recover-20220922,001,1795
1161.2425,1161.28,68437,81497,Rhinolophus ferrumequinum,0.021,0.021,-1,Echolocation,/mnt/ubna_data_02_mir/recover-20220922/UBNA_001/20220921_090000.WAV,Telephone Field,recover-20220922,001,1795
1161.2875,1161.3255,68437,81814,Rhinolophus ferrumequinum,0.021,0.021,-1,Echolocation,/mnt/ubna_data_02_mir/recover-20220922/UBNA_001/20220921_090000.WAV,Telephone Field,recover-20220922,001,1795
1161.3155,1161.356,68437,82062,Rhinolophus ferrumequinum,0.023,0.023,-1,Echolocation,/mnt/ubna_data_02_mir/recover-20220922/UBNA_001/20220921_090000.WAV,Telephone Field,recover-20220922,001,1795
1161.3185,1161.3301,28906,34437,Eptesicus serotinus,0.013,0.025,-1,Echolocation,/mnt/ubna_data_02_mir/recover-20220922/UBNA_001/20220921_090000.WAV,Telephone Field,recover-20220922,001,1795
1161.3465,1161.3592,28906,34755,Eptesicus serotinus,0.014,0.025,-1,Echolocation,/mnt/ubna_data_02_mir/recover-20220922/UBNA_001/20220921_090000.WAV,Telephone Field,recover-20220922,001,1795
1161.3535,1161.3925,68437,81920,Rhinolophus ferrumequinum,0.022,0.023,-1,Echolocation,/mnt/ubna_data_02_mir/recover-20220922/UBNA_001/20220921_090000.WAV,Telephone Field,recover-20220922,001,1795
1161.3565,1161.3658,28906,38387,Eptesicus serotinus,0.009,0.021,-1,Echolocation,/mnt/ubna_data_02_mir/recover-20220922/UBNA_001/20220921_090000.WAV,Telephone Field,recover-20220922,001,1795
1161.3655,1161.3748,23750,30885,Nyctalus leisleri,0.008,0.026,-1,Echolocation,/mnt/ubna_data_02_mir/recover-20220922/UBNA_001/20220921_090000.WAV,Telephone Field,recover-20220922,001,1795
1161.3825,1161.3921,28906,38619,Eptesicus serotinus,0.008,0.02,-1,Echolocation,/mnt/ubna_data_02_mir/recover-20220922/UBNA_001/20220921_090000.WAV,Telephone Field,recover-20220922,001,1795
1161.4305,1161.4384,27187,39887,Eptesicus serotinus,0.007,0.021,-1,Echolocation,/mnt/ubna_data_02_mir/recover-20220922/UBNA_001/20220921_090000.WAV,Telephone Field,recover-20220922,001,1795
1161.4495,1161.4874,68437,82013,Rhinolophus ferrumequinum,0.02,0.02,-1,Echolocation,/mnt/ubna_data_02_mir/recover-20220922/UBNA_001/20220921_090000.WAV,Telephone Field,recover-20220922,001,1795
1161.4765,1161.5169,68437,82390,Rhinolophus ferrumequinum,0.025,0.025,-1,Echolocation,/mnt/ubna_data_02_mir/recover-20220922/UBNA_001/20220921_090000.WAV,Telephone Field,recover-20220922,001,1795
1161.4945,1161.5051,28906,37179,Eptesicus serotinus,0.015,0.029,-1,Echolocation,/mnt/ubna_data_02_mir/recover-20220922/UBNA_001/20220921_090000.WAV,Telephone Field,recover-20220922,001,1795
1161.5205,1161.5586,68437,81484,Rhinolophus ferrumequinum,0.021,0.021,-1,Echolocation,/mnt/ubna_data_02_mir/recover-20220922/UBNA_001/20220921_090000.WAV,Telephone Field,recover-20220922,001,1795
1161.5395,1161.5474,22890,30741,Plecotus austriacus,0.009,0.02,-1,Echolocation,/mnt/ubna_data_02_mir/recover-20220922/UBNA_001/20220921_090000.WAV,Telephone Field,recover-20220922,001,1795
1161.5855,1161.6002,43515,47901,Pipistrellus pipistrellus,0.028,0.033,-1,Echolocation,/mnt/ubna_data_02_mir/recover-20220922/UBNA_001/20220921_090000.WAV,Telephone Field,recover-20220922,001,1795
1161.5865,1161.5954,25468,33675,Eptesicus serotinus,0.009,0.023,-1,Echolocation,/mnt/ubna_data_02_mir/recover-20220922/UBNA_001/20220921_090000.WAV,Telephone Field,recover-20220922,001,1795
1161.5875,1161.6209,68437,81209,Rhinolophus ferrumequinum,0.021,0.021,-1,Echolocation,/mnt/ubna_data_02_mir/recover-20220922/UBNA_001/20220921_090000.WAV,Telephone Field,recover-20220922,001,1795
1161.6335,1161.6463,28046,35622,Eptesicus serotinus,0.039,0.059,-1,Echolocation,/mnt/ubna_data_02_mir/recover-20220922/UBNA_001/20220921_090000.WAV,Telephone Field,recover-20220922,001,1795
1161.6465,1161.6848,68437,81371,Rhinolophus ferrumequinum,0.026,0.026,-1,Echolocation,/mnt/ubna_data_02_mir/recover-20220922/UBNA_001/20220921_090000.WAV,Telephone Field,recover-20220922,001,1795
1161.6585,1161.6686,23750,31395,Nyctalus leisleri,0.007,0.022,-1,Echolocation,/mnt/ubna_data_02_mir/recover-20220922/UBNA_001/20220921_090000.WAV,Telephone Field,recover-20220922,001,1795
1161.6675,1161.6793,23750,28115,Nyctalus leisleri,0.011,0.022,-1,Echolocation,/mnt/ubna_data_02_mir/recover-20220922/UBNA_001/20220921_090000.WAV,Telephone Field,recover-20220922,001,1795
1161.6705,1161.6814,50390,55738,Pipistrellus pipistrellus,0.016,0.02,-1,Echolocation,/mnt/ubna_data_02_mir/recover-20220922/UBNA_001/20220921_090000.WAV,Telephone Field,recover-20220922,001,1795
1161.7225,1161.7322,22890,29225,Nyctalus leisleri,0.007,0.021,-1,Echolocation,/mnt/ubna_data_02_mir/recover-20220922/UBNA_001/20220921_090000.WAV,Telephone Field,recover-20220922,001,1795
1161.7255,1161.7643,68437,82200,Rhinolophus ferrumequinum,0.024,0.024,-1,Echolocation,/mnt/ubna_data_02_mir/recover-20220922/UBNA_001/20220921_090000.WAV,Telephone Field,recover-20220922,001,1795
1161.7415,1161.7833,68437,82930,Rhinolophus ferrumequinum,0.022,0.022,-1,Echolocation,/mnt/ubna_data_02_mir/recover-20220922/UBNA_001/20220921_090000.WAV,Telephone Field,recover-20220922,001,1795
1161.7575,1161.7969,68437,82804,Rhinolophus ferrumequinum,0.021,0.021,-1,Echolocation,/mnt/ubna_data_02_mir/recover-20220922/UBNA_001/20220921_090000.WAV,Telephone Field,recover-20220922,001,1795
1161.7845,1161.826,68437,82651,Rhinolophus ferrumequinum,0.026,0.026,-1,Echolocation,/mnt/ubna_data_02_mir/recover-20220922/UBNA_001/20220921_090000.WAV,Telephone Field,recover-20220922,001,1795
1161.8325,1161.8719,68437,82376,Rhinolophus ferrumequinum,0.022,0.022,-1,Echolocation,/mnt/ubna_data_02_mir/recover-20220922/UBNA_001/20220921_090000.WAV,Telephone Field,recover-20220922,001,1795
1161.8685,1161.9061,68437,81264,Rhinolophus ferrumequinum,0.023,0.023,-1,Echolocation,/mnt/ubna_data_02_mir/recover-20220922/UBNA_001/20220921_090000.WAV,Telephone Field,recover-20220922,001,1795
1161.9295,1161.9371,23750,32191,Plecotus austriacus,0.012,0.027,-1,Echolocation,/mnt/ubna_data_02_mir/recover-20220922/UBNA_001/20220921_090000.WAV,Telephone Field,recover-20220922,001,1795
1161.9415,1161.9823,68437,82662,Rhinolophus ferrumequinum,0.026,0.026,-1,Echolocation,/mnt/ubna_data_02_mir/recover-20220922/UBNA_001/20220921_090000.WAV,Telephone Field,recover-20220922,001,1795
1161.9505,1161.9883,68437,81977,Rhinolophus ferrumequinum,0.022,0.022,-1,Echolocation,/mnt/ubna_data_02_mir/recover-20220922/UBNA_001/20220921_090000.WAV,Telephone Field,recover-20220922,001,1795
1161.9815,1161.9902,28046,36632,Eptesicus serotinus,0.01,0.023,-1,Echolocation,/mnt/ubna_data_02_mir/recover-20220922/UBNA_001/20220921_090000.WAV,Telephone Field,recover-20220922,001,1795
1162.0015,1162.0091,25468,36125,Nyctalus leisleri,0.005,0.024,-1,Echolocation,/mnt/ubna_data_02_mir/recover-20220922/UBNA_001/20220921_090000.WAV,Telephone Field,recover-20220922,001,1795
1162.0015,1162.0325,69296,80942,Rhinolophus ferrumequinum,0.038,0.038,-1,Echolocation,/mnt/ubna_data_02_mir/recover-20220922/UBNA_001/20220921_090000.WAV,Telephone Field,recover-20220922,001,1795
1162.0175,1162.0263,25468,33925,Eptesicus serotinus,0.008,0.021,-1,Echolocation,/mnt/ubna_data_02_mir/recover-20220922/UBNA_001/20220921_090000.WAV,Telephone Field,recover-20220922,001,1795
1162.0355,1162.0754,68437,82330,Rhinolophus ferrumequinum,0.033,0.033,-1,Echolocation,/mnt/ubna_data_02_mir/recover-20220922/UBNA_001/20220921_090000.WAV,Telephone Field,recover-20220922,001,1795
1162.0535,1162.0632,28906,36540,Eptesicus serotinus,0.009,0.024,-1,Echolocation,/mnt/ubna_data_02_mir/recover-20220922/UBNA_001/20220921_090000.WAV,Telephone Field,recover-20220922,001,1795
1162.0695,1162.1069,68437,81490,Rhinolophus ferrumequinum,0.022,0.022,-1,Echolocation,/mnt/ubna_data_02_mir/recover-20220922/UBNA_001/20220921_090000.WAV,Telephone Field,recover-20220922,001,1795
1162.1115,1162.152,68437,82012,Rhinolophus ferrumequinum,0.025,0.025,-1,Echolocation,/mnt/ubna_data_02_mir/recover-20220922/UBNA_001/20220921_090000.WAV,Telephone Field,recover-20220922,001,1795
1162.1465,1162.1813,68437,80074,Rhinolophus ferrumequinum,0.021,0.022,-1,Echolocation,/mnt/ubna_data_02_mir/recover-20220922/UBNA_001/20220921_090000.WAV,Telephone Field,recover-20220922,001,1795
1162.1905,1162.2265,68437,81629,Rhinolophus ferrumequinum,0.021,0.021,-1,Echolocation,/mnt/ubna_data_02_mir/recover-20220922/UBNA_001/20220921_090000.WAV,Telephone Field,recover-20220922,001,1795
1162.2305,1162.2682,68437,82076,Rhinolophus ferrumequinum,0.023,0.023,-1,Echolocation,/mnt/ubna_data_02_mir/recover-20220922/UBNA_001/20220921_090000.WAV,Telephone Field,recover-20220922,001,1795
1162.2395,1162.2771,68437,82207,Rhinolophus ferrumequinum,0.022,0.022,-1,Echolocation,/mnt/ubna_data_02_mir/recover-20220922/UBNA_001/20220921_090000.WAV,Telephone Field,recover-20220922,001,1795
1162.2845,1162.3014,20312,24121,Nyctalus leisleri,0.018,0.038,-1,Echolocation,/mnt/ubna_data_02_mir/recover-20220922/UBNA_001/20220921_090000.WAV,Telephone Field,recover-20220922,001,1795
1162.2885,1162.3267,68437,81899,Rhinolophus ferrumequinum,0.023,0.023,-1,Echolocation,/mnt/ubna_data_02_mir/recover-20220922/UBNA_001/20220921_090000.WAV,Telephone Field,recover-20220922,001,1795
1162.3105,1162.3512,68437,83057,Rhinolophus ferrumequinum,0.032,0.032,-1,Echolocation,/mnt/ubna_data_02_mir/recover-20220922/UBNA_001/20220921_090000.WAV,Telephone Field,recover-20220922,001,1795
1162.3185,1162.3419,16015,19849,Nyctalus noctula,0.016,0.023,-1,Echolocation,/mnt/ubna_data_02_mir/recover-20220922/UBNA_001/20220921_090000.WAV,Telephone Field,recover-20220922,001,1795
1162.3235,1162.3327,28046,36880,Eptesicus serotinus,0.01,0.023,-1,Echolocation,/mnt/ubna_data_02_mir/recover-20220922/UBNA_001/20220921_090000.WAV,Telephone Field,recover-20220922,001,1795
1162.3335,1162.345,56406,61538,Pipistrellus pygmaeus,0.021,0.022,-1,Echolocation,/mnt/ubna_data_02_mir/recover-20220922/UBNA_001/20220921_090000.WAV,Telephone Field,recover-20220922,001,1795
1162.3625,1162.4033,68437,82397,Rhinolophus ferrumequinum,0.025,0.025,-1,Echolocation,/mnt/ubna_data_02_mir/recover-20220922/UBNA_001/20220921_090000.WAV,Telephone Field,recover-20220922,001,1795
1162.3705,1162.4106,68437,82251,Rhinolophus ferrumequinum,0.021,0.021,-1,Echolocation,/mnt/ubna_data_02_mir/recover-20220922/UBNA_001/20220921_090000.WAV,Telephone Field,recover-20220922,001,1795
1162.4065,1162.4485,68437,83413,Rhinolophus ferrumequinum,0.042,0.042,-1,Echolocation,/mnt/ubna_data_02_mir/recover-20220922/UBNA_001/20220921_090000.WAV,Telephone Field,recover-20220922,001,1795
1162.4405,1162.481,68437,82689,Rhinolophus ferrumequinum,0.027,0.027,-1,Echolocation,/mnt/ubna_data_02_mir/recover-20220922/UBNA_001/20220921_090000.WAV,Telephone Field,recover-20220922,001,1795
1162.5145,1162.5557,68437,83043,Rhinolophus ferrumequinum,0.025,0.025,-1,Echolocation,/mnt/ubna_data_02_mir/recover-20220922/UBNA_001/20220921_090000.WAV,Telephone Field,recover-20220922,001,1795
1162.5685,1162.5787,22031,26646,Nyctalus leisleri,0.01,0.021,-1,Echolocation,/mnt/ubna_data_02_mir/recover-20220922/UBNA_001/20220921_090000.WAV,Telephone Field,recover-20220922,001,1795
1162.5735,1162.6143,68437,82742,Rhinolophus ferrumequinum,0.021,0.021,-1,Echolocation,/mnt/ubna_data_02_mir/recover-20220922/UBNA_001/20220921_090000.WAV,Telephone Field,recover-20220922,001,1795
1162.6145,1162.6241,23750,30680,Nyctalus leisleri,0.008,0.024,-1,Echolocation,/mnt/ubna_data_02_mir/recover-20220922/UBNA_001/20220921_090000.WAV,Telephone Field,recover-20220922,001,1795
1162.6375,1162.6714,68437,81478,Rhinolophus ferrumequinum,0.022,0.022,-1,Echolocation,/mnt/ubna_data_02_mir/recover-20220922/UBNA_001/20220921_090000.WAV,Telephone Field,recover-20220922,001,1795
1162.6485,1162.686,68437,81535,Rhinolophus ferrumequinum,0.032,0.032,-1,Echolocation,/mnt/ubna_data_02_mir/recover-20220922/UBNA_001/20220921_090000.WAV,Telephone Field,recover-20220922,001,1795
1162.6975,1162.708,28906,36710,Eptesicus serotinus,0.013,0.026,-1,Echolocation,/mnt/ubna_data_02_mir/recover-20220922/UBNA_001/20220921_090000.WAV,Telephone Field,recover-20220922,001,1795
1162.7075,1162.7408,68437,81196,Rhinolophus ferrumequinum,0.023,0.023,-1,Echolocation,/mnt/ubna_data_02_mir/recover-20220922/UBNA_001/20220921_090000.WAV,Telephone Field,recover-20220922,001,1795
1162.7175,1162.7577,68437,82154,Rhinolophus ferrumequinum,0.021,0.021,-1,Echolocation,/mnt/ubna_data_02_mir/recover-20220922/UBNA_001/20220921_090000.WAV,Telephone Field,recover-20220922,001,1795
1162.7315,1162.7672,68437,81860,Rhinolophus ferrumequinum,0.021,0.021,-1,Echolocation,/mnt/ubna_data_02_mir/recover-20220922/UBNA_001/20220921_090000.WAV,Telephone Field,recover-20220922,001,1795
1162.7495,1162.7566,28046,39143,Eptesicus serotinus,0.006,0.022,-1,Echolocation,/mnt/ubna_data_02_mir/recover-20220922/UBNA_001/20220921_090000.WAV,Telephone Field,recover-20220922,001,1795
1162.7655,1162.8059,68437,82501,Rhinolophus ferrumequinum,0.024,0.024,-1,Echolocation,/mnt/ubna_data_02_mir/recover-20220922/UBNA_001/20220921_090000.WAV,Telephone Field,recover-20220922,001,1795
1162.7695,1162.782,22031,26107,Nyctalus leisleri,0.012,0.022,-1,Echolocation,/mnt/ubna_data_02_mir/recover-20220922/UBNA_001/20220921_090000.WAV,Telephone Field,recover-20220922,001,1795
1162.8185,1162.8561,68437,81883,Rhinolophus ferrumequinum,0.021,0.021,-1,Echolocation,/mnt/ubna_data_02_mir/recover-20220922/UBNA_001/20220921_090000.WAV,Telephone Field,recover-20220922,001,1795
1162.8465,1162.8856,68437,82535,Rhinolophus ferrumequinum,0.022,0.022,-1,Echolocation,/mnt/ubna_data_02_mir/recover-20220922/UBNA_001/20220921_090000.WAV,Telephone Field,recover-20220922,001,1795
1162.8545,1162.8658,33203,38098,Eptesicus serotinus,0.006,0.023,-1,Echolocation,/mnt/ubna_data_02_mir/recover-20220922/UBNA_001/20220921_090000.WAV,Telephone Field,recover-20220922,001,1795
1162.8705,1162.9103,68437,82943,Rhinolophus ferrumequinum,0.027,0.027,-1,Echolocation,/mnt/ubna_data_02_mir/recover-20220922/UBNA_001/20220921_090000.WAV,Telephone Field,recover-20220922,001,1795
1162.9225,1162.9638,68437,82621,Rhinolophus ferrumequinum,0.023,0.023,-1,Echolocation,/mnt/ubna_data_02_mir/recover-20220922/UBNA_001/20220921_090000.WAV,Telephone Field,recover-20220922,001,1795
1162.9275,1162.9349,50390,57374,Pipistrellus pipistrellus,0.022,0.028,-1,Echolocation,/mnt/ubna_data_02_mir/recover-20220922/UBNA_001/20220921_090000.WAV,Telephone Field,recover-20220922,001,1795
1162.9635,1163.0001,68437,81319,Rhinolophus ferrumequinum,0.022,0.022,-1,Echolocation,/mnt/ubna_data_02_mir/recover-20220922/UBNA_001/20220921_090000.WAV,Telephone Field,recover-20220922,001,1795
1162.9825,1163.0211,68437,81934,Rhinolophus ferrumequinum,0.022,0.022,-1,Echolocation,/mnt/ubna_data_02_mir/recover-20220922/UBNA_001/20220921_090000.WAV,Telephone Field,recover-20220922,001,1795
1162.9935,1163.0018,24609,32711,Eptesicus serotinus,0.006,0.021,-1,Echolocation,/mnt/ubna_data_02_mir/recover-20220922/UBNA_001/20220921_090000.WAV,Telephone Field,recover-20220922,001,1795
1163.0235,1163.0324,28906,38286,Eptesicus serotinus,0.012,0.027,-1,Echolocation,/mnt/ubna_data_02_mir/recover-20220922/UBNA_001/20220921_090000.WAV,Telephone Field,recover-20220922,001,1795
1163.0325,1163.0461,28046,33788,Eptesicus serotinus,0.021,0.035,-1,Echolocation,/mnt/ubna_data_02_mir/recover-20220922/UBNA_001/20220921_090000.WAV,Telephone Field,recover-20220922,001,1795
1163.0595,1163.0687,27187,36477,Eptesicus serotinus,0.008,0.021,-1,Echolocation,/mnt/ubna_data_02_mir/recover-20220922/UBNA_001/20220921_090000.WAV,Telephone Field,recover-20220922,001,1795
1163.0625,1163.0984,68437,81342,Rhinolophus ferrumequinum,0.021,0.021,-1,Echolocation,/mnt/ubna_data_02_mir/recover-20220922/UBNA_001/20220921_090000.WAV,Telephone Field,recover-20220922,001,1795
1163.0975,1163.1322,68437,81388,Rhinolophus ferrumequinum,0.021,0.021,-1,Echolocation,/mnt/ubna_data_02_mir/recover-20220922/UBNA_001/20220921_090000.WAV,Telephone Field,recover-20220922,001,1795
1163.1095,1163.1462,68437,81958,Rhinolophus ferrumequinum,0.023,0.023,-1,Echolocation,/mnt/ubna_data_02_mir/recover-20220922/UBNA_001/20220921_090000.WAV,Telephone Field,recover-20220922,001,1795
1163.1195,1163.127,46953,51095,Pipistrellus pipistrellus,0.032,0.033,-1,Echolocation,/mnt/ubna_data_02_mir/recover-20220922/UBNA_001/20220921_090000.WAV,Telephone Field,recover-20220922,001,1795
1163.1525,1163.1597,27187,39397,Eptesicus serotinus,0.006,0.021,-1,Echolocation,/mnt/ubna_data_02_mir/recover-20220922/UBNA_001/20220921_090000.WAV,Telephone Field,recover-20220922,001,1795
1163.1635,1163.2056,68437,82661,Rhinolophus ferrumequinum,0.031,0.031,-1,Echolocation,/mnt/ubna_data_02_mir/recover-20220922/UBNA_001/20220921_090000.WAV,Telephone Field,recover-20220922,001,1795
1163.2135,1163.2554,68437,82872,Rhinolophus ferrumequinum,0.027,0.027,-1,Echolocation,/mnt/ubna_data_02_mir/recover-20220922/UBNA_001/20220921_090000.WAV,Telephone Field,recover-20220922,001,1795
1163.2225,1163.2332,28906,35893,Eptesicus serotinus,0.01,0.023,-1,Echolocation,/mnt/ubna_data_02_mir/recover-20220922/UBNA_001/20220921_090000.WAV,Telephone Field,recover-20220922,001,1795
1163.2235,1163.2642,68437,83028,Rhinolophus ferrumequinum,0.024,0.024,-1,Echolocation,/mnt/ubna_data_02_mir/recover-20220922/UBNA_001/20220921_090000.WAV,Telephone Field,recover-20220922,001,1795
1163.2515,1163.2911,68437,82602,Rhinolophus ferrumequinum,0.025,0.025,-1,Echolocation,/mnt/ubna_data_02_mir/recover-20220922/UBNA_001/20220921_090000.WAV,Telephone Field,recover-20220922,001,1795
1163.2805,1163.3179,68437,81889,Rhinolophus ferrumequinum,0.021,0.021,-1,Echolocation,/mnt/ubna_data_02_mir/recover-20220922/UBNA_001/20220921_090000.WAV,Telephone Field,recover-20220922,001,1795
1163.2925,1163.3355,68437,82977,Rhinolophus ferrumequinum,0.032,0.032,-1,Echolocation,/mnt/ubna_data_02_mir/recover-20220922/UBNA_001/20220921_090000.WAV,Telephone Field,recover-20220922,001,1795
1163.3175,1163.3262,28046,39657,Eptesicus serotinus,0.007,0.021,-1,Echolocation,/mnt/ubna_data_02_mir/recover-20220922/UBNA_001/20220921_090000.WAV,Telephone Field,recover-20220922,001,1795
1163.4265,1163.4641,68437,82132,Rhinolophus ferrumequinum,0.022,0.022,-1,Echolocation,/mnt/ubna_data_02_mir/recover-20220922/UBNA_001/20220921_090000.WAV,Telephone Field,recover-20220922,001,1795
1163.4835,1163.5207,68437,81911,Rhinolophus ferrumequinum,0.023,0.023,-1,Echolocation,/mnt/ubna_data_02_mir/recover-20220922/UBNA_001/20220921_090000.WAV,Telephone Field,recover-20220922,001,1795
1163.5135,1163.5254,25468,32266,Eptesicus serotinus,0.012,0.025,-1,Echolocation,/mnt/ubna_data_02_mir/recover-20220922/UBNA_001/20220921_090000.WAV,Telephone Field,recover-20220922,001,1795
1163.5365,1163.5762,68437,81928,Rhinolophus ferrumequinum,0.021,0.021,-1,Echolocation,/mnt/ubna_data_02_mir/recover-20220922/UBNA_001/20220921_090000.WAV,Telephone Field,recover-20220922,001,1795
1163.5705,1163.6025,68437,81152,Rhinolophus ferrumequinum,0.022,0.022,-1,Echolocation,/mnt/ubna_data_02_mir/recover-20220922/UBNA_001/20220921_090000.WAV,Telephone Field,recover-20220922,001,1795
1163.5895,1163.6015,23750,28543,Nyctalus leisleri,0.018,0.035,-1,Echolocation,/mnt/ubna_data_02_mir/recover-20220922/UBNA_001/20220921_090000.WAV,Telephone Field,recover-20220922,001,1795
1163.6275,1163.6679,68437,82271,Rhinolophus ferrumequinum,0.024,0.024,-1,Echolocation,/mnt/ubna_data_02_mir/recover-20220922/UBNA_001/20220921_090000.WAV,Telephone Field,recover-20220922,001,1795
1163.6335,1163.6734,68437,82130,Rhinolophus ferrumequinum,0.023,0.024,-1,Echolocation,/mnt/ubna_data_02_mir/recover-20220922/UBNA_001/20220921_090000.WAV,Telephone Field,recover-20220922,001,1795
1163.6695,1163.7071,68437,82163,Rhinolophus ferrumequinum,0.022,0.022,-1,Echolocation,/mnt/ubna_data_02_mir/recover-20220922/UBNA_001/20220921_090000.WAV,Telephone Field,recover-20220922,001,1795
1163.6905,1163.7313,68437,82484,Rhinolophus ferrumequinum,0.023,0.023,-1,Echolocation,/mnt/ubna_data_02_mir/recover-20220922/UBNA_001/20220921_090000.WAV,Telephone Field,recover-20220922,001,1795
1163.7185,1163.7312,22890,28546,Nyctalus leisleri,0.016,0.034,-1,Echolocation,/mnt/ubna_data_02_mir/recover-20220922/UBNA_001/20220921_090000.WAV,Telephone Field,recover-20220922,001,1795
1163.7325,1163.7384,28046,38656,Eptesicus serotinus,0.007,0.026,-1,Echolocation,/mnt/ubna_data_02_mir/recover-20220922/UBNA_001/20220921_090000.WAV,Telephone Field,recover-20220922,001,1795
1163.7415,1163.7806,68437,82383,Rhinolophus ferrumequinum,0.022,0.022,-1,Echolocation,/mnt/ubna_data_02_mir/recover-20220922/UBNA_001/20220921_090000.WAV,Telephone Field,recover-20220922,001,1795
1163.7575,1163.7985,68437,82821,Rhinolophus ferrumequinum,0.031,0.031,-1,Echolocation,/mnt/ubna_data_02_mir/recover-20220922/UBNA_001/20220921_090000.WAV,Telephone Field,recover-20220922,001,1795
1163.7975,1163.8374,68437,82225,Rhinolophus ferrumequinum,0.027,0.027,-1,Echolocation,/mnt/ubna_data_02_mir/recover-20220922/UBNA_001/20220921_090000.WAV,Telephone Field,recover-20220922,001,1795
1163.8515,1163.8873,68437,81292,Rhinolophus ferrumequinum,0.021,0.021,-1,Echolocation,/mnt/ubna_data_02_mir/recover-20220922/UBNA_001/20220921_090000.WAV,Telephone Field,recover-20220922,001,1795
1163.8575,1163.8955,68437,81655,Rhinolophus ferrumequinum,0.022,0.022,-1,Echolocation,/mnt/ubna_data_02_mir/recover-20220922/UBNA_001/20220921_090000.WAV,Telephone Field,recover-20220922,001,1795
1163.8745,1163.9128,68437,82006,Rhinolophus ferrumequinum,0.022,0.022,-1,Echolocation,/mnt/ubna_data_02_mir/recover-20220922/UBNA_001/20220921_090000.WAV,Telephone Field,recover-20220922,001,1795
1163.8965,1163.9334,68437,81895,Rhinolophus ferrumequinum,0.022,0.022,-1,Echolocation,/mnt/ubna_data_02_mir/recover-20220922/UBNA_001/20220921_090000.WAV,Telephone Field,recover-20220922,001,1795
1163.9165,1163.9271,28046,34990,Eptesicus serotinus,0.011,0.03,-1,Echolocation,/mnt/ubna_data_02_mir/recover-20220922/UBNA_001/20220921_090000.WAV,Telephone Field,recover-20220922,001,1795
1163.9365,1163.9454,45234,49426,Pipistrellus pipistrellus,0.021,0.022,-1,Echolocation,/mnt/ubna_data_02_mir/recover-20220922/UBNA_001/20220921_090000.WAV,Telephone Field,recover-20220922,001,1795
1163.9455,1163.9542,26328,34559,Eptesicus serotinus,0.009,0.025,-1,Echolocation,/mnt/ubna_data_02_mir/recover-20220922/UBNA_001/20220921_090000.WAV,Telephone Field,recover-20220922,001,1795
1163.9755,1163.9963,19453,22253,Nyctalus leisleri,0.014,0.028,-1,Echolocation,/mnt/ubna_data_02_mir/recover-20220922/UBNA_001/20220921_090000.WAV,Telephone Field,recover-20220922,001,1795
1163.9815,1163.9905,28906,37987,Eptesicus serotinus,0.007,0.021,-1,Echolocation,/mnt/ubna_data_02_mir/recover-20220922/UBNA_001/20220921_090000.WAV,Telephone Field,recover-20220922,001,1795
1163.9905,1164.0,27187,36314,Eptesicus serotinus,0.008,0.021,-1,Echolocation,/mnt/ubna_data_02_mir/recover-20220922/UBNA_001/20220921_090000.WAV,Telephone Field,recover-20220922,001,1795
1164.0015,1164.0097,22890,30072,Nyctalus leisleri,0.007,0.022,-1,Echolocation,/mnt/ubna_data_02_mir/recover-20220922/UBNA_001/20220921_090000.WAV,Telephone Field,recover-20220922,001,1795
1164.0015,1164.0335,68437,79687,Rhinolophus ferrumequinum,0.044,0.044,-1,Echolocation,/mnt/ubna_data_02_mir/recover-20220922/UBNA_001/20220921_090000.WAV,Telephone Field,recover-20220922,001,1795
1164.0015,1164.0144,49531,54379,Pipistrellus pipistrellus,0.017,0.026,-1,Echolocation,/mnt/ubna_data_02_mir/recover-20220922/UBNA_001/20220921_090000.WAV,Telephone Field,recover-20220922,001,1795
1164.0075,1164.0478,68437,82244,Rhinolophus ferrumequinum,0.022,0.022,-1,Echolocation,/mnt/ubna_data_02_mir/recover-20220922/UBNA_001/20220921_090000.WAV,Telephone Field,recover-20220922,001,1795
1164.0185,1164.0271,24609,32429,Plecotus austriacus,0.007,0.026,-1,Echolocation,/mnt/ubna_data_02_mir/recover-20220922/UBNA_001/20220921_090000.WAV,Telephone Field,recover-20220922,001,1795
1164.0665,1164.0751,28906,36815,Eptesicus serotinus,0.007,0.021,-1,Echolocation,/mnt/ubna_data_02_mir/recover-20220922/UBNA_001/20220921_090000.WAV,Telephone Field,recover-20220922,001,1795
1164.1125,1164.1539,68437,82950,Rhinolophus ferrumequinum,0.025,0.025,-1,Echolocation,/mnt/ubna_data_02_mir/recover-20220922/UBNA_001/20220921_090000.WAV,Telephone Field,recover-20220922,001,1795
1164.1315,1164.1392,28046,39747,Eptesicus serotinus,0.009,0.026,-1,Echolocation,/mnt/ubna_data_02_mir/recover-20220922/UBNA_001/20220921_090000.WAV,Telephone Field,recover-20220922,001,1795
1164.1345,1164.1705,68437,81195,Rhinolophus ferrumequinum,0.022,0.022,-1,Echolocation,/mnt/ubna_data_02_mir/recover-20220922/UBNA_001/20220921_090000.WAV,Telephone Field,recover-20220922,001,1795
1164.2405,1164.2799,68437,81974,Rhinolophus ferrumequinum,0.029,0.029,-1,Echolocation,/mnt/ubna_data_02_mir/recover-20220922/UBNA_001/20220921_090000.WAV,Telephone Field,recover-20220922,001,1795
1164.2595,1164.2991,68437,82241,Rhinolophus ferrumequinum,0.023,0.023,-1,Echolocation,/mnt/ubna_data_02_mir/recover-20220922/UBNA_001/20220921_090000.WAV,Telephone Field,recover-20220922,001,1795
1164.2865,1164.3231,68437,82115,Rhinolophus ferrumequinum,0.024,0.024,-1,Echolocation,/mnt/ubna_data_02_mir/recover-20220922/UBNA_001/20220921_090000.WAV,Telephone Field,recover-20220922,001,1795
1164.2945,1164.3288,68437,81557,Rhinolophus ferrumequinum,0.021,0.021,-1,Echolocation,/mnt/ubna_data_02_mir/recover-20220922/UBNA_001/20220921_090000.WAV,Telephone Field,recover-20220922,001,1795
1164.3165,1164.3499,68437,81415,Rhinolophus ferrumequinum,0.021,0.021,-1,Echolocation,/mnt/ubna_data_02_mir/recover-20220922/UBNA_001/20220921_090000.WAV,Telephone Field,recover-20220922,001,1795
1164.3295,1164.3676,68437,82458,Rhinolophus ferrumequinum,0.024,0.024,-1,Echolocation,/mnt/ubna_data_02_mir/recover-20220922/UBNA_001/20220921_090000.WAV,Telephone Field,recover-20220922,001,1795
1164.3625,1164.3729,27187,34812,Eptesicus serotinus,0.009,0.022,-1,Echolocation,/mnt/ubna_data_02_mir/recover-20220922/UBNA_001/20220921_090000.WAV,Telephone Field,recover-20220922,001,1795
1164.3725,1164.38,28046,37875,Eptesicus serotinus,0.006,0.022,-1,Echolocation,/mnt/ubna_data_02_mir/recover-20220922/UBNA_001/20220921_090000.WAV,Telephone Field,recover-20220922,001,1795
1164.3845,1164.4275,68437,83088,Rhinolophus ferrumequinum,0.033,0.033,-1,Echolocation,/mnt/ubna_data_02_mir/recover-20220922/UBNA_001/20220921_090000.WAV,Telephone Field,recover-20220922,001,1795
1164.3955,1164.4046,27187,37198,Eptesicus serotinus,0.008,0.021,-1,Echolocation,/mnt/ubna_data_02_mir/recover-20220922/UBNA_001/20220921_090000.WAV,Telephone Field,recover-20220922,001,1795
1164.4165,1164.4568,68437,82918,Rhinolophus ferrumequinum,0.027,0.027,-1,Echolocation,/mnt/ubna_data_02_mir/recover-20220922/UBNA_001/20220921_090000.WAV,Telephone Field,recover-20220922,001,1795
1164.4445,1164.4578,44375,47209,Pipistrellus pipistrellus,0.025,0.03,-1,Echolocation,/mnt/ubna_data_02_mir/recover-20220922/UBNA_001/20220921_090000.WAV,Telephone Field,recover-20220922,001,1795
1164.4535,1164.4621,28046,38104,Eptesicus serotinus,0.009,0.024,-1,Echolocation,/mnt/ubna_data_02_mir/recover-20220922/UBNA_001/20220921_090000.WAV,Telephone Field,recover-20220922,001,1795
1164.4975,1164.5078,28046,35348,Eptesicus serotinus,0.01,0.022,-1,Echolocation,/mnt/ubna_data_02_mir/recover-20220922/UBNA_001/20220921_090000.WAV,Telephone Field,recover-20220922,001,1795
1164.5095,1164.546,68437,81819,Rhinolophus ferrumequinum,0.021,0.021,-1,Echolocation,/mnt/ubna_data_02_mir/recover-20220922/UBNA_001/20220921_090000.WAV,Telephone Field,recover-20220922,001,1795
1164.5405,1164.579,68437,82189,Rhinolophus ferrumequinum,0.023,0.023,-1,Echolocation,/mnt/ubna_data_02_mir/recover-20220922/UBNA_001/20220921_090000.WAV,Telephone Field,recover-20220922,001,1795
1164.5405,1164.5499,28906,36883,Eptesicus serotinus,0.009,0.023,-1,Echolocation,/mnt/ubna_data_02_mir/recover-20220922/UBNA_001/20220921_090000.WAV,Telephone Field,recover-20220922,001,1795
1164.5475,1164.5855999999999,68437,82065,Rhinolophus ferrumequinum,0.022,0.022,-1,Echolocation,/mnt/ubna_data_02_mir/recover-20220922/UBNA_001/20220921_090000.WAV,Telephone Field,recover-20220922,001,1795
1164.5595,1164.5996,68437,82912,Rhinolophus ferrumequinum,0.044,0.044,-1,Echolocation,/mnt/ubna_data_02_mir/recover-20220922/UBNA_001/20220921_090000.WAV,Telephone Field,recover-20220922,001,1795
1164.5855,1164.6259,68437,82466,Rhinolophus ferrumequinum,0.023,0.023,-1,Echolocation,/mnt/ubna_data_02_mir/recover-20220922/UBNA_001/20220921_090000.WAV,Telephone Field,recover-20220922,001,1795
1164.6075,1164.6451,68437,82166,Rhinolophus ferrumequinum,0.024,0.024,-1,Echolocation,/mnt/ubna_data_02_mir/recover-20220922/UBNA_001/20220921_090000.WAV,Telephone Field,recover-20220922,001,1795
1164.6155,1164.6275,22031,27631,Nyctalus leisleri,0.011,0.028,-1,Echolocation,/mnt/ubna_data_02_mir/recover-20220922/UBNA_001/20220921_090000.WAV,Telephone Field,recover-20220922,001,1795
1164.6215,1164.66,68437,81679,Rhinolophus ferrumequinum,0.022,0.022,-1,Echolocation,/mnt/ubna_data_02_mir/recover-20220922/UBNA_001/20220921_090000.WAV,Telephone Field,recover-20220922,001,1795
1164.6365,1164.6766,68437,82363,Rhinolophus ferrumequinum,0.022,0.022,-1,Echolocation,/mnt/ubna_data_02_mir/recover-20220922/UBNA_001/20220921_090000.WAV,Telephone Field,recover-20220922,001,1795
1164.6945,1164.7343,68437,82211,Rhinolophus ferrumequinum,0.026,0.026,-1,Echolocation,/mnt/ubna_data_02_mir/recover-20220922/UBNA_001/20220921_090000.WAV,Telephone Field,recover-20220922,001,1795
1164.7175,1164.7553,68437,81895,Rhinolophus ferrumequinum,0.022,0.022,-1,Echolocation,/mnt/ubna_data_02_mir/recover-20220922/UBNA_001/20220921_090000.WAV,Telephone Field,recover-20220922,001,1795
1164.7395,1164.7775,68437,82054,Rhinolophus ferrumequinum,0.024,0.024,-1,Echolocation,/mnt/ubna_data_02_mir/recover-20220922/UBNA_001/20220921_090000.WAV,Telephone Field,recover-20220922,001,1795
1164.7585,1164.7953,68437,81862,Rhinolophus ferrumequinum,0.021,0.022,-1,Echolocation,/mnt/ubna_data_02_mir/recover-20220922/UBNA_001/20220921_090000.WAV,Telephone Field,recover-20220922,001,1795
1164.7975,1164.808,23750,28720,Nyctalus leisleri,0.01,0.022,-1,Echolocation,/mnt/ubna_data_02_mir/recover-20220922/UBNA_001/20220921_090000.WAV,Telephone Field,recover-20220922,001,1795
1164.8155,1164.8522,68437,82133,Rhinolophus ferrumequinum,0.028,0.028,-1,Echolocation,/mnt/ubna_data_02_mir/recover-20220922/UBNA_001/20220921_090000.WAV,Telephone Field,recover-20220922,001,1795
1164.8325,1164.8704,68437,81314,Rhinolophus ferrumequinum,0.022,0.022,-1,Echolocation,/mnt/ubna_data_02_mir/recover-20220922/UBNA_001/20220921_090000.WAV,Telephone Field,recover-20220922,001,1795
1164.8385,1164.8739,68437,81793,Rhinolophus ferrumequinum,0.021,0.021,-1,Echolocation,/mnt/ubna_data_02_mir/recover-20220922/UBNA_001/20220921_090000.WAV,Telephone Field,recover-20220922,001,1795
1164.8715,1164.9091,68437,81862,Rhinolophus ferrumequinum,0.022,0.022,-1,Echolocation,/mnt/ubna_data_02_mir/recover-20220922/UBNA_001/20220921_090000.WAV,Telephone Field,recover-20220922,001,1795
1164.8865,1164.9224,68437,81025,Rhinolophus ferrumequinum,0.022,0.022,-1,Echolocation,/mnt/ubna_data_02_mir/recover-20220922/UBNA_001/20220921_090000.WAV,Telephone Field,recover-20220922,001,1795
1164.9105,1164.9502,68437,82086,Rhinolophus ferrumequinum,0.021,0.021,-1,Echolocation,/mnt/ubna_data_02_mir/recover-20220922/UBNA_001/20220921_090000.WAV,Telephone Field,recover-20220922,001,1795
1164.9285,1164.9379,27187,36062,Eptesicus serotinus,0.008,0.021,-1,Echolocation,/mnt/ubna_data_02_mir/recover-20220922/UBNA_001/20220921_090000.WAV,Telephone Field,recover-20220922,001,1795
1164.9685,1164.9764,23750,32016,Plecotus austriacus,0.01,0.025,-1,Echolocation,/mnt/ubna_data_02_mir/recover-20220922/UBNA_001/20220921_090000.WAV,Telephone Field,recover-20220922,001,1795
1164.9955,1165.0088,23750,29285,Nyctalus leisleri,0.013,0.026,-1,Echolocation,/mnt/ubna_data_02_mir/recover-20220922/UBNA_001/20220921_090000.WAV,Telephone Field,recover-20220922,001,1795
1165.0095,1165.0481,68437,82095,Rhinolophus ferrumequinum,0.022,0.022,-1,Echolocation,/mnt/ubna_data_02_mir/recover-20220922/UBNA_001/20220921_090000.WAV,Telephone Field,recover-20220922,001,1795
1165.0105,1165.0232,22890,27021,Nyctalus leisleri,0.016,0.027,-1,Echolocation,/mnt/ubna_data_02_mir/recover-20220922/UBNA_001/20220921_090000.WAV,Telephone Field,recover-20220922,001,1795
1165.0295,1165.0669,68437,82433,Rhinolophus ferrumequinum,0.023,0.023,-1,Echolocation,/mnt/ubna_data_02_mir/recover-20220922/UBNA_001/20220921_090000.WAV,Telephone Field,recover-20220922,001,1795
1165.0595,1165.0665,23750,37158,Plecotus austriacus,0.012,0.031,-1,Echolocation,/mnt/ubna_data_02_mir/recover-20220922/UBNA_001/20220921_090000.WAV,Telephone Field,recover-20220922,001,1795
1165.0705,1165.1075,68437,81242,Rhinolophus ferrumequinum,0.022,0.022,-1,Echolocation,/mnt/ubna_data_02_mir/recover-20220922/UBNA_001/20220921_090000.WAV,Telephone Field,recover-20220922,001,1795
1165.0815,1165.1007,16875,20946,Nyctalus noctula,0.022,0.03,-1,Echolocation,/mnt/ubna_data_02_mir/recover-20220922/UBNA_001/20220921_090000.WAV,Telephone Field,recover-20220922,001,1795
1165.0925,1165.1316,68437,82638,Rhinolophus ferrumequinum,0.04,0.04,-1,Echolocation,/mnt/ubna_data_02_mir/recover-20220922/UBNA_001/20220921_090000.WAV,Telephone Field,recover-20220922,001,1795
1165.1095,1165.1493,68437,82529,Rhinolophus ferrumequinum,0.022,0.022,-1,Echolocation,/mnt/ubna_data_02_mir/recover-20220922/UBNA_001/20220921_090000.WAV,Telephone Field,recover-20220922,001,1795
1165.1325,1165.1467,24609,30363,Nyctalus leisleri,0.01,0.025,-1,Echolocation,/mnt/ubna_data_02_mir/recover-20220922/UBNA_001/20220921_090000.WAV,Telephone Field,recover-20220922,001,1795
1165.1495,1165.1894,68437,82295,Rhinolophus ferrumequinum,0.025,0.025,-1,Echolocation,/mnt/ubna_data_02_mir/recover-20220922/UBNA_001/20220921_090000.WAV,Telephone Field,recover-20220922,001,1795
1165.1815,1165.2138,68437,80853,Rhinolophus ferrumequinum,0.022,0.022,-1,Echolocation,/mnt/ubna_data_02_mir/recover-20220922/UBNA_001/20220921_090000.WAV,Telephone Field,recover-20220922,001,1795
1165.1965,1165.2081,22890,27445,Nyctalus leisleri,0.013,0.025,-1,Echolocation,/mnt/ubna_data_02_mir/recover-20220922/UBNA_001/20220921_090000.WAV,Telephone Field,recover-20220922,001,1795
1165.1985,1165.2355,68437,81957,Rhinolophus ferrumequinum,0.023,0.023,-1,Echolocation,/mnt/ubna_data_02_mir/recover-20220922/UBNA_001/20220921_090000.WAV,Telephone Field,recover-20220922,001,1795
1165.2435,1165.2533,22890,28919,Nyctalus leisleri,0.008,0.023,-1,Echolocation,/mnt/ubna_data_02_mir/recover-20220922/UBNA_001/20220921_090000.WAV,Telephone Field,recover-20220922,001,1795
1165.2485,1165.2881,68437,82142,Rhinolophus ferrumequinum,0.022,0.022,-1,Echolocation,/mnt/ubna_data_02_mir/recover-20220922/UBNA_001/20220921_090000.WAV,Telephone Field,recover-20220922,001,1795
1165.2965,1165.3087,24609,29122,Nyctalus leisleri,0.017,0.032,-1,Echolocation,/mnt/ubna_data_02_mir/recover-20220922/UBNA_001/20220921_090000.WAV,Telephone Field,recover-20220922,001,1795
1165.2995,1165.3354,68437,81590,Rhinolophus ferrumequinum,0.021,0.022,-1,Echolocation,/mnt/ubna_data_02_mir/recover-20220922/UBNA_001/20220921_090000.WAV,Telephone Field,recover-20220922,001,1795
1165.3505,1165.3894,68437,82771,Rhinolophus ferrumequinum,0.026,0.026,-1,Echolocation,/mnt/ubna_data_02_mir/recover-20220922/UBNA_001/20220921_090000.WAV,Telephone Field,recover-20220922,001,1795
1165.3515,1165.3627,23750,28508,Nyctalus leisleri,0.012,0.023,-1,Echolocation,/mnt/ubna_data_02_mir/recover-20220922/UBNA_001/20220921_090000.WAV,Telephone Field,recover-20220922,001,1795
1165.3665,1165.405,68437,82531,Rhinolophus ferrumequinum,0.026,0.026,-1,Echolocation,/mnt/ubna_data_02_mir/recover-20220922/UBNA_001/20220921_090000.WAV,Telephone Field,recover-20220922,001,1795
1165.3995,1165.4383,68437,82255,Rhinolophus ferrumequinum,0.024,0.024,-1,Echolocation,/mnt/ubna_data_02_mir/recover-20220922/UBNA_001/20220921_090000.WAV,Telephone Field,recover-20220922,001,1795
1165.4155,1165.4529,68437,81207,Rhinolophus ferrumequinum,0.022,0.022,-1,Echolocation,/mnt/ubna_data_02_mir/recover-20220922/UBNA_001/20220921_090000.WAV,Telephone Field,recover-20220922,001,1795
1165.4385,1165.4489,22031,26972,Nyctalus leisleri,0.009,0.021,-1,Echolocation,/mnt/ubna_data_02_mir/recover-20220922/UBNA_001/20220921_090000.WAV,Telephone Field,recover-20220922,001,1795
1165.4615,1165.5016,68437,82879,Rhinolophus ferrumequinum,0.031,0.031,-1,Echolocation,/mnt/ubna_data_02_mir/recover-20220922/UBNA_001/20220921_090000.WAV,Telephone Field,recover-20220922,001,1795
1165.4755,1165.5146,68437,82764,Rhinolophus ferrumequinum,0.027,0.027,-1,Echolocation,/mnt/ubna_data_02_mir/recover-20220922/UBNA_001/20220921_090000.WAV,Telephone Field,recover-20220922,001,1795
1165.5065,1165.5161,22031,27694,Nyctalus leisleri,0.008,0.022,-1,Echolocation,/mnt/ubna_data_02_mir/recover-20220922/UBNA_001/20220921_090000.WAV,Telephone Field,recover-20220922,001,1795
1165.5075,1165.5478,68437,82256,Rhinolophus ferrumequinum,0.022,0.022,-1,Echolocation,/mnt/ubna_data_02_mir/recover-20220922/UBNA_001/20220921_090000.WAV,Telephone Field,recover-20220922,001,1795
1165.5145,1165.5538999999999,68437,81947,Rhinolophus ferrumequinum,0.022,0.022,-1,Echolocation,/mnt/ubna_data_02_mir/recover-20220922/UBNA_001/20220921_090000.WAV,Telephone Field,recover-20220922,001,1795
1165.5525,1165.596,68437,82741,Rhinolophus ferrumequinum,0.035,0.035,-1,Echolocation,/mnt/ubna_data_02_mir/recover-20220922/UBNA_001/20220921_090000.WAV,Telephone Field,recover-20220922,001,1795
1165.6115,1165.6563,68437,83149,Rhinolophus ferrumequinum,0.083,0.083,-1,Echolocation,/mnt/ubna_data_02_mir/recover-20220922/UBNA_001/20220921_090000.WAV,Telephone Field,recover-20220922,001,1795
1165.6285,1165.6347,23750,33046,Plecotus austriacus,0.016,0.029,-1,Echolocation,/mnt/ubna_data_02_mir/recover-20220922/UBNA_001/20220921_090000.WAV,Telephone Field,recover-20220922,001,1795
1165.6445,1165.6834,68437,80770,Rhinolophus ferrumequinum,0.04,0.041,-1,Echolocation,/mnt/ubna_data_02_mir/recover-20220922/UBNA_001/20220921_090000.WAV,Telephone Field,recover-20220922,001,1795
1165.6915,1165.7276,68437,81631,Rhinolophus ferrumequinum,0.024,0.024,-1,Echolocation,/mnt/ubna_data_02_mir/recover-20220922/UBNA_001/20220921_090000.WAV,Telephone Field,recover-20220922,001,1795
1165.6965,1165.7103,23750,27786,Nyctalus leisleri,0.014,0.025,-1,Echolocation,/mnt/ubna_data_02_mir/recover-20220922/UBNA_001/20220921_090000.WAV,Telephone Field,recover-20220922,001,1795
1165.7015,1165.7396,68437,81807,Rhinolophus ferrumequinum,0.022,0.022,-1,Echolocation,/mnt/ubna_data_02_mir/recover-20220922/UBNA_001/20220921_090000.WAV,Telephone Field,recover-20220922,001,1795
1165.7525,1165.7894000000001,68437,81845,Rhinolophus ferrumequinum,0.022,0.022,-1,Echolocation,/mnt/ubna_data_02_mir/recover-20220922/UBNA_001/20220921_090000.WAV,Telephone Field,recover-20220922,001,1795
1165.7555,1165.7642,28046,37390,Eptesicus serotinus,0.007,0.023,-1,Echolocation,/mnt/ubna_data_02_mir/recover-20220922/UBNA_001/20220921_090000.WAV,Telephone Field,recover-20220922,001,1795
1165.7575,1165.7929,68437,81799,Rhinolophus ferrumequinum,0.021,0.021,-1,Echolocation,/mnt/ubna_data_02_mir/recover-20220922/UBNA_001/20220921_090000.WAV,Telephone Field,recover-20220922,001,1795
1165.8085,1165.8477,68437,81893,Rhinolophus ferrumequinum,0.027,0.027,-1,Echolocation,/mnt/ubna_data_02_mir/recover-20220922/UBNA_001/20220921_090000.WAV,Telephone Field,recover-20220922,001,1795
1165.8275,1165.8714,68437,84017,Rhinolophus ferrumequinum,0.037,0.037,-1,Echolocation,/mnt/ubna_data_02_mir/recover-20220922/UBNA_001/20220921_090000.WAV,Telephone Field,recover-20220922,001,1795
1165.8475,1165.8592,22890,27601,Nyctalus leisleri,0.012,0.023,-1,Echolocation,/mnt/ubna_data_02_mir/recover-20220922/UBNA_001/20220921_090000.WAV,Telephone Field,recover-20220922,001,1795
1165.8725,1165.885,27187,32437,Nyctalus leisleri,0.011,0.028,-1,Echolocation,/mnt/ubna_data_02_mir/recover-20220922/UBNA_001/20220921_090000.WAV,Telephone Field,recover-20220922,001,1795
1165.8865,1165.9258,68437,82063,Rhinolophus ferrumequinum,0.022,0.022,-1,Echolocation,/mnt/ubna_data_02_mir/recover-20220922/UBNA_001/20220921_090000.WAV,Telephone Field,recover-20220922,001,1795
1165.8915,1165.9044,22031,26064,Nyctalus leisleri,0.014,0.024,-1,Echolocation,/mnt/ubna_data_02_mir/recover-20220922/UBNA_001/20220921_090000.WAV,Telephone Field,recover-20220922,001,1795
1165.9345,1165.9725,68437,82061,Rhinolophus ferrumequinum,0.022,0.022,-1,Echolocation,/mnt/ubna_data_02_mir/recover-20220922/UBNA_001/20220921_090000.WAV,Telephone Field,recover-20220922,001,1795
1165.9545,1165.9921,68437,81832,Rhinolophus ferrumequinum,0.021,0.021,-1,Echolocation,/mnt/ubna_data_02_mir/recover-20220922/UBNA_001/20220921_090000.WAV,Telephone Field,recover-20220922,001,1795
1165.9595,1165.9686,25468,33211,Eptesicus serotinus,0.007,0.021,-1,Echolocation,/mnt/ubna_data_02_mir/recover-20220922/UBNA_001/20220921_090000.WAV,Telephone Field,recover-20220922,001,1795
1166.0015,1166.0325,68437,79514,Rhinolophus ferrumequinum,0.042,0.043,-1,Echolocation,/mnt/ubna_data_02_mir/recover-20220922/UBNA_001/20220921_090000.WAV,Telephone Field,recover-20220922,001,1795
1166.0015,1166.0108,21171,26923,Nyctalus leisleri,0.01,0.026,-1,Echolocation,/mnt/ubna_data_02_mir/recover-20220922/UBNA_001/20220921_090000.WAV,Telephone Field,recover-20220922,001,1795
1166.0015,1166.0105,30625,41788,Eptesicus serotinus,0.005,0.021,-1,Echolocation,/mnt/ubna_data_02_mir/recover-20220922/UBNA_001/20220921_090000.WAV,Telephone Field,recover-20220922,001,1795
1166.0085,1166.0474,68437,81360,Rhinolophus ferrumequinum,0.023,0.023,-1,Echolocation,/mnt/ubna_data_02_mir/recover-20220922/UBNA_001/20220921_090000.WAV,Telephone Field,recover-20220922,001,1795
1166.0105,1166.0164,33203,44828,Myotis daubentonii,0.012,0.021,-1,Echolocation,/mnt/ubna_data_02_mir/recover-20220922/UBNA_001/20220921_090000.WAV,Telephone Field,recover-20220922,001,1795
1166.0455,1166.0829,68437,81901,Rhinolophus ferrumequinum,0.021,0.021,-1,Echolocation,/mnt/ubna_data_02_mir/recover-20220922/UBNA_001/20220921_090000.WAV,Telephone Field,recover-20220922,001,1795
1166.0515,1166.0882,68437,81206,Rhinolophus ferrumequinum,0.021,0.021,-1,Echolocation,/mnt/ubna_data_02_mir/recover-20220922/UBNA_001/20220921_090000.WAV,Telephone Field,recover-20220922,001,1795
1166.0845,1166.1216,68437,81497,Rhinolophus ferrumequinum,0.02,0.02,-1,Echolocation,/mnt/ubna_data_02_mir/recover-20220922/UBNA_001/20220921_090000.WAV,Telephone Field,recover-20220922,001,1795
1166.1065,1166.1165,23750,30039,Nyctalus leisleri,0.008,0.022,-1,Echolocation,/mnt/ubna_data_02_mir/recover-20220922/UBNA_001/20220921_090000.WAV,Telephone Field,recover-20220922,001,1795
1166.1125,1166.1524,68437,82254,Rhinolophus ferrumequinum,0.021,0.021,-1,Echolocation,/mnt/ubna_data_02_mir/recover-20220922/UBNA_001/20220921_090000.WAV,Telephone Field,recover-20220922,001,1795
1166.1655,1166.177,25468,31999,Eptesicus serotinus,0.01,0.024,-1,Echolocation,/mnt/ubna_data_02_mir/recover-20220922/UBNA_001/20220921_090000.WAV,Telephone Field,recover-20220922,001,1795
1166.1835,1166.2227,68437,82648,Rhinolophus ferrumequinum,0.023,0.023,-1,Echolocation,/mnt/ubna_data_02_mir/recover-20220922/UBNA_001/20220921_090000.WAV,Telephone Field,recover-20220922,001,1795
1166.1965,1166.2079,25468,32407,Eptesicus serotinus,0.01,0.025,-1,Echolocation,/mnt/ubna_data_02_mir/recover-20220922/UBNA_001/20220921_090000.WAV,Telephone Field,recover-20220922,001,1795
1166.2485,1166.2578,22890,29301,Nyctalus leisleri,0.007,0.021,-1,Echolocation,/mnt/ubna_data_02_mir/recover-20220922/UBNA_001/20220921_090000.WAV,Telephone Field,recover-20220922,001,1795
1166.2505,1166.2593,28906,36845,Eptesicus serotinus,0.007,0.023,-1,Echolocation,/mnt/ubna_data_02_mir/recover-20220922/UBNA_001/20220921_090000.WAV,Telephone Field,recover-20220922,001,1795
1166.2795,1166.289,29765,38215,Eptesicus serotinus,0.01,0.025,-1,Echolocation,/mnt/ubna_data_02_mir/recover-20220922/UBNA_001/20220921_090000.WAV,Telephone Field,recover-20220922,001,1795
1166.2875,1166.2983,28906,35462,Eptesicus serotinus,0.009,0.02,-1,Echolocation,/mnt/ubna_data_02_mir/recover-20220922/UBNA_001/20220921_090000.WAV,Telephone Field,recover-20220922,001,1795
1166.3325,1166.3412,28906,36632,Eptesicus serotinus,0.008,0.02,-1,Echolocation,/mnt/ubna_data_02_mir/recover-20220922/UBNA_001/20220921_090000.WAV,Telephone Field,recover-20220922,001,1795
1166.3375,1166.3739,68437,81237,Rhinolophus ferrumequinum,0.02,0.02,-1,Echolocation,/mnt/ubna_data_02_mir/recover-20220922/UBNA_001/20220921_090000.WAV,Telephone Field,recover-20220922,001,1795
1166.3585,1166.3976,68437,82100,Rhinolophus ferrumequinum,0.022,0.022,-1,Echolocation,/mnt/ubna_data_02_mir/recover-20220922/UBNA_001/20220921_090000.WAV,Telephone Field,recover-20220922,001,1795
1166.3815,1166.4205,68437,81954,Rhinolophus ferrumequinum,0.022,0.022,-1,Echolocation,/mnt/ubna_data_02_mir/recover-20220922/UBNA_001/20220921_090000.WAV,Telephone Field,recover-20220922,001,1795
1166.4005,1166.4126,50390,55396,Pipistrellus pipistrellus,0.015,0.02,-1,Echolocation,/mnt/ubna_data_02_mir/recover-20220922/UBNA_001/20220921_090000.WAV,Telephone Field,recover-20220922,001,1795
1166.4455,1166.4826,68437,81020,Rhinolophus ferrumequinum,0.021,0.021,-1,Echolocation,/mnt/ubna_data_02_mir/recover-20220922/UBNA_001/20220921_090000.WAV,Telephone Field,recover-20220922,001,1795
1166.4965,1166.5075,22890,28471,Nyctalus leisleri,0.009,0.02,-1,Echolocation,/mnt/ubna_data_02_mir/recover-20220922/UBNA_001/20220921_090000.WAV,Telephone Field,recover-20220922,001,1795
1166.5035,1166.5144,23750,29678,Nyctalus leisleri,0.009,0.022,-1,Echolocation,/mnt/ubna_data_02_mir/recover-20220922/UBNA_001/20220921_090000.WAV,Telephone Field,recover-20220922,001,1795
1166.5525,1166.5925,68437,82224,Rhinolophus ferrumequinum,0.02,0.02,-1,Echolocation,/mnt/ubna_data_02_mir/recover-20220922/UBNA_001/20220921_090000.WAV,Telephone Field,recover-20220922,001,1795
1166.5605,1166.6031,68437,82851,Rhinolophus ferrumequinum,0.022,0.022,-1,Echolocation,/mnt/ubna_data_02_mir/recover-20220922/UBNA_001/20220921_090000.WAV,Telephone Field,recover-20220922,001,1795
1166.5635,1166.5777,23750,29472,Nyctalus leisleri,0.02,0.039,-1,Echolocation,/mnt/ubna_data_02_mir/recover-20220922/UBNA_001/20220921_090000.WAV,Telephone Field,recover-20220922,001,1795
1166.6045,1166.6135,28046,35536,Eptesicus serotinus,0.01,0.023,-1,Echolocation,/mnt/ubna_data_02_mir/recover-20220922/UBNA_001/20220921_090000.WAV,Telephone Field,recover-20220922,001,1795
1166.6065,1166.6143,15156,27203,Plecotus auritus,0.013,0.029,-1,Echolocation,/mnt/ubna_data_02_mir/recover-20220922/UBNA_001/20220921_090000.WAV,Telephone Field,recover-20220922,001,1795
1166.6075,1166.6165,21171,26772,Plecotus austriacus,0.011,0.024,-1,Echolocation,/mnt/ubna_data_02_mir/recover-20220922/UBNA_001/20220921_090000.WAV,Telephone Field,recover-20220922,001,1795
1166.7105,1166.7503,68437,81528,Rhinolophus ferrumequinum,0.022,0.022,-1,Echolocation,/mnt/ubna_data_02_mir/recover-20220922/UBNA_001/20220921_090000.WAV,Telephone Field,recover-20220922,001,1795
1166.7345,1166.7454,26328,34198,Eptesicus serotinus,0.013,0.025,-1,Echolocation,/mnt/ubna_data_02_mir/recover-20220922/UBNA_001/20220921_090000.WAV,Telephone Field,recover-20220922,001,1795
1166.7605,1166.8007,68437,81582,Rhinolophus ferrumequinum,0.02,0.02,-1,Echolocation,/mnt/ubna_data_02_mir/recover-20220922/UBNA_001/20220921_090000.WAV,Telephone Field,recover-20220922,001,1795
1166.8035,1166.8418,68437,82500,Rhinolophus ferrumequinum,0.02,0.02,-1,Echolocation,/mnt/ubna_data_02_mir/recover-20220922/UBNA_001/20220921_090000.WAV,Telephone Field,recover-20220922,001,1795
1166.8265,1166.8666,68437,82417,Rhinolophus ferrumequinum,0.024,0.025,-1,Echolocation,/mnt/ubna_data_02_mir/recover-20220922/UBNA_001/20220921_090000.WAV,Telephone Field,recover-20220922,001,1795
1166.8505,1166.8881,68437,81178,Rhinolophus ferrumequinum,0.021,0.021,-1,Echolocation,/mnt/ubna_data_02_mir/recover-20220922/UBNA_001/20220921_090000.WAV,Telephone Field,recover-20220922,001,1795
1166.8625,1166.9018,68437,81647,Rhinolophus ferrumequinum,0.02,0.02,-1,Echolocation,/mnt/ubna_data_02_mir/recover-20220922/UBNA_001/20220921_090000.WAV,Telephone Field,recover-20220922,001,1795
1166.9005,1166.9109,22890,27682,Nyctalus leisleri,0.014,0.028,-1,Echolocation,/mnt/ubna_data_02_mir/recover-20220922/UBNA_001/20220921_090000.WAV,Telephone Field,recover-20220922,001,1795
1166.9015,1166.9373,68437,81247,Rhinolophus ferrumequinum,0.02,0.02,-1,Echolocation,/mnt/ubna_data_02_mir/recover-20220922/UBNA_001/20220921_090000.WAV,Telephone Field,recover-20220922,001,1795
1166.9335,1166.9749,68437,82649,Rhinolophus ferrumequinum,0.024,0.024,-1,Echolocation,/mnt/ubna_data_02_mir/recover-20220922/UBNA_001/20220921_090000.WAV,Telephone Field,recover-20220922,001,1795
1166.9455,1166.9829,68437,81764,Rhinolophus ferrumequinum,0.02,0.02,-1,Echolocation,/mnt/ubna_data_02_mir/recover-20220922/UBNA_001/20220921_090000.WAV,Telephone Field,recover-20220922,001,1795
1166.9915,1167.031,68437,82320,Rhinolophus ferrumequinum,0.02,0.02,-1,Echolocation,/mnt/ubna_data_02_mir/recover-20220922/UBNA_001/20220921_090000.WAV,Telephone Field,recover-20220922,001,1795
1167.0015,1167.0104,49531,53970,Pipistrellus pipistrellus,0.02,0.022,-1,Echolocation,/mnt/ubna_data_02_mir/recover-20220922/UBNA_001/20220921_090000.WAV,Telephone Field,recover-20220922,001,1795
1167.0035,1167.0147,28906,35185,Eptesicus serotinus,0.011,0.025,-1,Echolocation,/mnt/ubna_data_02_mir/recover-20220922/UBNA_001/20220921_090000.WAV,Telephone Field,recover-20220922,001,1795
1167.0135,1167.053,68437,82525,Rhinolophus ferrumequinum,0.022,0.022,-1,Echolocation,/mnt/ubna_data_02_mir/recover-20220922/UBNA_001/20220921_090000.WAV,Telephone Field,recover-20220922,001,1795
1167.0315,1167.0425,24609,30854,Eptesicus serotinus,0.008,0.02,-1,Echolocation,/mnt/ubna_data_02_mir/recover-20220922/UBNA_001/20220921_090000.WAV,Telephone Field,recover-20220922,001,1795
1167.1085,1167.1498,68437,82667,Rhinolophus ferrumequinum,0.022,0.022,-1,Echolocation,/mnt/ubna_data_02_mir/recover-20220922/UBNA_001/20220921_090000.WAV,Telephone Field,recover-20220922,001,1795
1167.1265,1167.1614,68437,80702,Rhinolophus ferrumequinum,0.021,0.021,-1,Echolocation,/mnt/ubna_data_02_mir/recover-20220922/UBNA_001/20220921_090000.WAV,Telephone Field,recover-20220922,001,1795
1167.1275,1167.1352,27187,35618,Eptesicus serotinus,0.007,0.022,-1,Echolocation,/mnt/ubna_data_02_mir/recover-20220922/UBNA_001/20220921_090000.WAV,Telephone Field,recover-20220922,001,1795
1167.1375,1167.1741,68437,81496,Rhinolophus ferrumequinum,0.02,0.02,-1,Echolocation,/mnt/ubna_data_02_mir/recover-20220922/UBNA_001/20220921_090000.WAV,Telephone Field,recover-20220922,001,1795
1167.1595,1167.2003,68437,82567,Rhinolophus ferrumequinum,0.022,0.022,-1,Echolocation,/mnt/ubna_data_02_mir/recover-20220922/UBNA_001/20220921_090000.WAV,Telephone Field,recover-20220922,001,1795
1167.1635,1167.1736,22890,29715,Nyctalus leisleri,0.009,0.027,-1,Echolocation,/mnt/ubna_data_02_mir/recover-20220922/UBNA_001/20220921_090000.WAV,Telephone Field,recover-20220922,001,1795
1167.2285,1167.2662,68437,81634,Rhinolophus ferrumequinum,0.021,0.021,-1,Echolocation,/mnt/ubna_data_02_mir/recover-20220922/UBNA_001/20220921_090000.WAV,Telephone Field,recover-20220922,001,1795
1167.2605,1167.2686,25468,34671,Eptesicus serotinus,0.006,0.022,-1,Echolocation,/mnt/ubna_data_02_mir/recover-20220922/UBNA_001/20220921_090000.WAV,Telephone Field,recover-20220922,001,1795
1167.3355,1167.3745,68437,82155,Rhinolophus ferrumequinum,0.021,0.021,-1,Echolocation,/mnt/ubna_data_02_mir/recover-20220922/UBNA_001/20220921_090000.WAV,Telephone Field,recover-20220922,001,1795
1167.3625,1167.3715,24609,32782,Eptesicus serotinus,0.006,0.02,-1,Echolocation,/mnt/ubna_data_02_mir/recover-20220922/UBNA_001/20220921_090000.WAV,Telephone Field,recover-20220922,001,1795
1167.4015,1167.4403,68437,82629,Rhinolophus ferrumequinum,0.031,0.031,-1,Echolocation,/mnt/ubna_data_02_mir/recover-20220922/UBNA_001/20220921_090000.WAV,Telephone Field,recover-20220922,001,1795
1167.4275,1167.4375,27187,35420,Eptesicus serotinus,0.01,0.023,-1,Echolocation,/mnt/ubna_data_02_mir/recover-20220922/UBNA_001/20220921_090000.WAV,Telephone Field,recover-20220922,001,1795
1167.4435,1167.4812,68437,81576,Rhinolophus ferrumequinum,0.02,0.02,-1,Echolocation,/mnt/ubna_data_02_mir/recover-20220922/UBNA_001/20220921_090000.WAV,Telephone Field,recover-20220922,001,1795
1167.4435,1167.4514,28046,36778,Eptesicus serotinus,0.011,0.029,-1,Echolocation,/mnt/ubna_data_02_mir/recover-20220922/UBNA_001/20220921_090000.WAV,Telephone Field,recover-20220922,001,1795
1167.5035,1167.5432,68437,82431,Rhinolophus ferrumequinum,0.023,0.023,-1,Echolocation,/mnt/ubna_data_02_mir/recover-20220922/UBNA_001/20220921_090000.WAV,Telephone Field,recover-20220922,001,1795
1167.5555,1167.5648,28906,37681,Eptesicus serotinus,0.008,0.022,-1,Echolocation,/mnt/ubna_data_02_mir/recover-20220922/UBNA_001/20220921_090000.WAV,Telephone Field,recover-20220922,001,1795
1167.5985,1167.6383,68437,82872,Rhinolophus ferrumequinum,0.023,0.023,-1,Echolocation,/mnt/ubna_data_02_mir/recover-20220922/UBNA_001/20220921_090000.WAV,Telephone Field,recover-20220922,001,1795
1167.6095,1167.6184,28046,38090,Eptesicus serotinus,0.008,0.02,-1,Echolocation,/mnt/ubna_data_02_mir/recover-20220922/UBNA_001/20220921_090000.WAV,Telephone Field,recover-20220922,001,1795
1167.6115,1167.621,22890,29001,Nyctalus leisleri,0.008,0.02,-1,Echolocation,/mnt/ubna_data_02_mir/recover-20220922/UBNA_001/20220921_090000.WAV,Telephone Field,recover-20220922,001,1795
1167.6485,1167.6886,68437,82146,Rhinolophus ferrumequinum,0.022,0.022,-1,Echolocation,/mnt/ubna_data_02_mir/recover-20220922/UBNA_001/20220921_090000.WAV,Telephone Field,recover-20220922,001,1795
1167.6545,1167.6937,68437,82750,Rhinolophus ferrumequinum,0.022,0.022,-1,Echolocation,/mnt/ubna_data_02_mir/recover-20220922/UBNA_001/20220921_090000.WAV,Telephone Field,recover-20220922,001,1795
1167.7125,1167.7515,68437,82085,Rhinolophus ferrumequinum,0.021,0.022,-1,Echolocation,/mnt/ubna_data_02_mir/recover-20220922/UBNA_001/20220921_090000.WAV,Telephone Field,recover-20220922,001,1795
1167.7455,1167.7865,68437,82287,Rhinolophus ferrumequinum,0.022,0.022,-1,Echolocation,/mnt/ubna_data_02_mir/recover-20220922/UBNA_001/20220921_090000.WAV,Telephone Field,recover-20220922,001,1795
1167.7825,1167.7906,28046,38411,Eptesicus serotinus,0.007,0.02,-1,Echolocation,/mnt/ubna_data_02_mir/recover-20220922/UBNA_001/20220921_090000.WAV,Telephone Field,recover-20220922,001,1795
1167.8085,1167.8448,68437,82221,Rhinolophus ferrumequinum,0.02,0.02,-1,Echolocation,/mnt/ubna_data_02_mir/recover-20220922/UBNA_001/20220921_090000.WAV,Telephone Field,recover-20220922,001,1795
1167.8335,1167.8672,68437,80790,Rhinolophus ferrumequinum,0.02,0.02,-1,Echolocation,/mnt/ubna_data_02_mir/recover-20220922/UBNA_001/20220921_090000.WAV,Telephone Field,recover-20220922,001,1795
1167.8435,1167.8812,68437,81665,Rhinolophus ferrumequinum,0.024,0.024,-1,Echolocation,/mnt/ubna_data_02_mir/recover-20220922/UBNA_001/20220921_090000.WAV,Telephone Field,recover-20220922,001,1795
1167.9115,1167.9533,68437,82664,Rhinolophus ferrumequinum,0.023,0.023,-1,Echolocation,/mnt/ubna_data_02_mir/recover-20220922/UBNA_001/20220921_090000.WAV,Telephone Field,recover-20220922,001,1795
1167.9485,1167.9583,28906,36620,Eptesicus serotinus,0.007,0.021,-1,Echolocation,/mnt/ubna_data_02_mir/recover-20220922/UBNA_001/20220921_090000.WAV,Telephone Field,recover-20220922,001,1795
1167.9695,1167.9885,16875,21170,Nyctalus noctula,0.024,0.033,-1,Echolocation,/mnt/ubna_data_02_mir/recover-20220922/UBNA_001/20220921_090000.WAV,Telephone Field,recover-20220922,001,1795
1168.0015,1168.0098,23750,30304,Nyctalus leisleri,0.01,0.028,-1,Echolocation,/mnt/ubna_data_02_mir/recover-20220922/UBNA_001/20220921_090000.WAV,Telephone Field,recover-20220922,001,1795
1168.0015,1168.0333,68437,79986,Rhinolophus ferrumequinum,0.028,0.029,-1,Echolocation,/mnt/ubna_data_02_mir/recover-20220922/UBNA_001/20220921_090000.WAV,Telephone Field,recover-20220922,001,1795
1168.0015,1168.0077,49531,57758,Pipistrellus pipistrellus,0.018,0.024,-1,Echolocation,/mnt/ubna_data_02_mir/recover-20220922/UBNA_001/20220921_090000.WAV,Telephone Field,recover-20220922,001,1795
1168.0075,1168.0476,68437,82097,Rhinolophus ferrumequinum,0.022,0.022,-1,Echolocation,/mnt/ubna_data_02_mir/recover-20220922/UBNA_001/20220921_090000.WAV,Telephone Field,recover-20220922,001,1795
1168.0145,1168.0557,68437,83162,Rhinolophus ferrumequinum,0.023,0.023,-1,Echolocation,/mnt/ubna_data_02_mir/recover-20220922/UBNA_001/20220921_090000.WAV,Telephone Field,recover-20220922,001,1795
1168.0235,1168.0326,22890,29551,Nyctalus leisleri,0.007,0.022,-1,Echolocation,/mnt/ubna_data_02_mir/recover-20220922/UBNA_001/20220921_090000.WAV,Telephone Field,recover-20220922,001,1795
1168.0605,1168.0672,26328,36661,Plecotus austriacus,0.015,0.05,-1,Echolocation,/mnt/ubna_data_02_mir/recover-20220922/UBNA_001/20220921_090000.WAV,Telephone Field,recover-20220922,001,1795
1168.1255,1168.1621,68437,81449,Rhinolophus ferrumequinum,0.026,0.026,-1,Echolocation,/mnt/ubna_data_02_mir/recover-20220922/UBNA_001/20220921_090000.WAV,Telephone Field,recover-20220922,001,1795
1168.1525,1168.1587,25468,40213,Plecotus austriacus,0.006,0.027,-1,Echolocation,/mnt/ubna_data_02_mir/recover-20220922/UBNA_001/20220921_090000.WAV,Telephone Field,recover-20220922,001,1795
1168.1655,1168.1741,28906,39878,Eptesicus serotinus,0.007,0.023,-1,Echolocation,/mnt/ubna_data_02_mir/recover-20220922/UBNA_001/20220921_090000.WAV,Telephone Field,recover-20220922,001,1795
1168.1915,1168.1969,40078,50513,Myotis daubentonii,0.009,0.025,-1,Echolocation,/mnt/ubna_data_02_mir/recover-20220922/UBNA_001/20220921_090000.WAV,Telephone Field,recover-20220922,001,1795
1168.2125,1168.2193,23750,33684,Plecotus austriacus,0.018,0.036,-1,Echolocation,/mnt/ubna_data_02_mir/recover-20220922/UBNA_001/20220921_090000.WAV,Telephone Field,recover-20220922,001,1795
1168.2185,1168.259,68437,82422,Rhinolophus ferrumequinum,0.023,0.023,-1,Echolocation,/mnt/ubna_data_02_mir/recover-20220922/UBNA_001/20220921_090000.WAV,Telephone Field,recover-20220922,001,1795
1168.2195,1168.2279,28906,37393,Eptesicus serotinus,0.01,0.025,-1,Echolocation,/mnt/ubna_data_02_mir/recover-20220922/UBNA_001/20220921_090000.WAV,Telephone Field,recover-20220922,001,1795
1168.2195,1168.2287,34921,40720,Barbastellus barbastellus,0.007,0.022,-1,Echolocation,/mnt/ubna_data_02_mir/recover-20220922/UBNA_001/20220921_090000.WAV,Telephone Field,recover-20220922,001,1795
1168.2355,1168.2425,28906,39680,Eptesicus serotinus,0.007,0.024,-1,Echolocation,/mnt/ubna_data_02_mir/recover-20220922/UBNA_001/20220921_090000.WAV,Telephone Field,recover-20220922,001,1795
1168.2365,1168.2437,24609,33666,Plecotus austriacus,0.009,0.024,-1,Echolocation,/mnt/ubna_data_02_mir/recover-20220922/UBNA_001/20220921_090000.WAV,Telephone Field,recover-20220922,001,1795
1168.2485,1168.2877,68437,81828,Rhinolophus ferrumequinum,0.021,0.021,-1,Echolocation,/mnt/ubna_data_02_mir/recover-20220922/UBNA_001/20220921_090000.WAV,Telephone Field,recover-20220922,001,1795
1168.2845,1168.2949,24609,31391,Eptesicus serotinus,0.008,0.021,-1,Echolocation,/mnt/ubna_data_02_mir/recover-20220922/UBNA_001/20220921_090000.WAV,Telephone Field,recover-20220922,001,1795
1168.2925,1168.3029,24609,31232,Eptesicus serotinus,0.008,0.021,-1,Echolocation,/mnt/ubna_data_02_mir/recover-20220922/UBNA_001/20220921_090000.WAV,Telephone Field,recover-20220922,001,1795
1168.3005,1168.3105,24609,31121,Nyctalus leisleri,0.008,0.021,-1,Echolocation,/mnt/ubna_data_02_mir/recover-20220922/UBNA_001/20220921_090000.WAV,Telephone Field,recover-20220922,001,1795
1168.3215,1168.3602,68437,82303,Rhinolophus ferrumequinum,0.02,0.021,-1,Echolocation,/mnt/ubna_data_02_mir/recover-20220922/UBNA_001/20220921_090000.WAV,Telephone Field,recover-20220922,001,1795
1168.3365,1168.3737,68437,81510,Rhinolophus ferrumequinum,0.021,0.021,-1,Echolocation,/mnt/ubna_data_02_mir/recover-20220922/UBNA_001/20220921_090000.WAV,Telephone Field,recover-20220922,001,1795
1168.3395,1168.3478,27187,35532,Eptesicus serotinus,0.008,0.021,-1,Echolocation,/mnt/ubna_data_02_mir/recover-20220922/UBNA_001/20220921_090000.WAV,Telephone Field,recover-20220922,001,1795
1168.3495,1168.3883,68437,81376,Rhinolophus ferrumequinum,0.02,0.021,-1,Echolocation,/mnt/ubna_data_02_mir/recover-20220922/UBNA_001/20220921_090000.WAV,Telephone Field,recover-20220922,001,1795
1168.3605,1168.4008,68437,81971,Rhinolophus ferrumequinum,0.025,0.025,-1,Echolocation,/mnt/ubna_data_02_mir/recover-20220922/UBNA_001/20220921_090000.WAV,Telephone Field,recover-20220922,001,1795
1168.3895,1168.431,68437,82622,Rhinolophus ferrumequinum,0.025,0.025,-1,Echolocation,/mnt/ubna_data_02_mir/recover-20220922/UBNA_001/20220921_090000.WAV,Telephone Field,recover-20220922,001,1795
1168.4025,1168.4411,68437,82397,Rhinolophus ferrumequinum,0.024,0.024,-1,Echolocation,/mnt/ubna_data_02_mir/recover-20220922/UBNA_001/20220921_090000.WAV,Telephone Field,recover-20220922,001,1795
1168.4515,1168.4917,68437,82117,Rhinolophus ferrumequinum,0.024,0.024,-1,Echolocation,/mnt/ubna_data_02_mir/recover-20220922/UBNA_001/20220921_090000.WAV,Telephone Field,recover-20220922,001,1795
1168.4665,1168.4754,28906,36862,Eptesicus serotinus,0.009,0.023,-1,Echolocation,/mnt/ubna_data_02_mir/recover-20220922/UBNA_001/20220921_090000.WAV,Telephone Field,recover-20220922,001,1795
1168.4925,1168.5334,68437,82349,Rhinolophus ferrumequinum,0.02,0.02,-1,Echolocation,/mnt/ubna_data_02_mir/recover-20220922/UBNA_001/20220921_090000.WAV,Telephone Field,recover-20220922,001,1795
1168.5165,1168.5279,23750,29568,Nyctalus leisleri,0.011,0.026,-1,Echolocation,/mnt/ubna_data_02_mir/recover-20220922/UBNA_001/20220921_090000.WAV,Telephone Field,recover-20220922,001,1795
1168.5165,1168.5595,68437,83036,Rhinolophus ferrumequinum,0.029,0.029,-1,Echolocation,/mnt/ubna_data_02_mir/recover-20220922/UBNA_001/20220921_090000.WAV,Telephone Field,recover-20220922,001,1795
1168.5345,1168.5422,27187,36065,Eptesicus serotinus,0.008,0.023,-1,Echolocation,/mnt/ubna_data_02_mir/recover-20220922/UBNA_001/20220921_090000.WAV,Telephone Field,recover-20220922,001,1795
1168.5705,1168.6116,68437,82744,Rhinolophus ferrumequinum,0.025,0.025,-1,Echolocation,/mnt/ubna_data_02_mir/recover-20220922/UBNA_001/20220921_090000.WAV,Telephone Field,recover-20220922,001,1795
1168.6195,1168.6272,28046,42120,Eptesicus serotinus,0.007,0.022,-1,Echolocation,/mnt/ubna_data_02_mir/recover-20220922/UBNA_001/20220921_090000.WAV,Telephone Field,recover-20220922,001,1795
1168.6245,1168.6337,24609,31677,Nyctalus leisleri,0.007,0.022,-1,Echolocation,/mnt/ubna_data_02_mir/recover-20220922/UBNA_001/20220921_090000.WAV,Telephone Field,recover-20220922,001,1795
1168.6275,1168.6667,68437,83110,Rhinolophus ferrumequinum,0.021,0.021,-1,Echolocation,/mnt/ubna_data_02_mir/recover-20220922/UBNA_001/20220921_090000.WAV,Telephone Field,recover-20220922,001,1795
1168.6705,1168.7094,68437,82037,Rhinolophus ferrumequinum,0.026,0.026,-1,Echolocation,/mnt/ubna_data_02_mir/recover-20220922/UBNA_001/20220921_090000.WAV,Telephone Field,recover-20220922,001,1795
1168.7175,1168.7569,68437,82269,Rhinolophus ferrumequinum,0.025,0.025,-1,Echolocation,/mnt/ubna_data_02_mir/recover-20220922/UBNA_001/20220921_090000.WAV,Telephone Field,recover-20220922,001,1795
1168.7345,1168.7463,23750,28855,Nyctalus leisleri,0.014,0.027,-1,Echolocation,/mnt/ubna_data_02_mir/recover-20220922/UBNA_001/20220921_090000.WAV,Telephone Field,recover-20220922,001,1795
1168.7445,1168.7822,68437,82541,Rhinolophus ferrumequinum,0.024,0.024,-1,Echolocation,/mnt/ubna_data_02_mir/recover-20220922/UBNA_001/20220921_090000.WAV,Telephone Field,recover-20220922,001,1795
1168.7475,1168.7603,45234,48756,Pipistrellus pipistrellus,0.04,0.043,-1,Echolocation,/mnt/ubna_data_02_mir/recover-20220922/UBNA_001/20220921_090000.WAV,Telephone Field,recover-20220922,001,1795
1168.7625,1168.7708,28046,40580,Eptesicus serotinus,0.008,0.023,-1,Echolocation,/mnt/ubna_data_02_mir/recover-20220922/UBNA_001/20220921_090000.WAV,Telephone Field,recover-20220922,001,1795
1168.7805,1168.8209,68437,82423,Rhinolophus ferrumequinum,0.028,0.028,-1,Echolocation,/mnt/ubna_data_02_mir/recover-20220922/UBNA_001/20220921_090000.WAV,Telephone Field,recover-20220922,001,1795
1168.8235,1168.8616,68437,82238,Rhinolophus ferrumequinum,0.021,0.021,-1,Echolocation,/mnt/ubna_data_02_mir/recover-20220922/UBNA_001/20220921_090000.WAV,Telephone Field,recover-20220922,001,1795
1168.8305,1168.8683,68437,81651,Rhinolophus ferrumequinum,0.021,0.021,-1,Echolocation,/mnt/ubna_data_02_mir/recover-20220922/UBNA_001/20220921_090000.WAV,Telephone Field,recover-20220922,001,1795
1168.8665,1168.876,28046,37645,Eptesicus serotinus,0.011,0.026,-1,Echolocation,/mnt/ubna_data_02_mir/recover-20220922/UBNA_001/20220921_090000.WAV,Telephone Field,recover-20220922,001,1795
1168.9245,1168.9313,28046,39021,Eptesicus serotinus,0.014,0.035,-1,Echolocation,/mnt/ubna_data_02_mir/recover-20220922/UBNA_001/20220921_090000.WAV,Telephone Field,recover-20220922,001,1795
1168.9715,1169.0126,68437,82856,Rhinolophus ferrumequinum,0.024,0.024,-1,Echolocation,/mnt/ubna_data_02_mir/recover-20220922/UBNA_001/20220921_090000.WAV,Telephone Field,recover-20220922,001,1795
1169.0255,1169.0647,68437,82243,Rhinolophus ferrumequinum,0.023,0.023,-1,Echolocation,/mnt/ubna_data_02_mir/recover-20220922/UBNA_001/20220921_090000.WAV,Telephone Field,recover-20220922,001,1795
1169.0455,1169.0877,68437,82728,Rhinolophus ferrumequinum,0.021,0.021,-1,Echolocation,/mnt/ubna_data_02_mir/recover-20220922/UBNA_001/20220921_090000.WAV,Telephone Field,recover-20220922,001,1795
1169.0505,1169.0903,68437,82337,Rhinolophus ferrumequinum,0.022,0.022,-1,Echolocation,/mnt/ubna_data_02_mir/recover-20220922/UBNA_001/20220921_090000.WAV,Telephone Field,recover-20220922,001,1795
1169.0625,1169.0733,28906,36089,Eptesicus serotinus,0.011,0.023,-1,Echolocation,/mnt/ubna_data_02_mir/recover-20220922/UBNA_001/20220921_090000.WAV,Telephone Field,recover-20220922,001,1795
1169.0785,1169.1176,68437,82030,Rhinolophus ferrumequinum,0.021,0.021,-1,Echolocation,/mnt/ubna_data_02_mir/recover-20220922/UBNA_001/20220921_090000.WAV,Telephone Field,recover-20220922,001,1795
1169.0925,1169.1323,68437,81514,Rhinolophus ferrumequinum,0.021,0.021,-1,Echolocation,/mnt/ubna_data_02_mir/recover-20220922/UBNA_001/20220921_090000.WAV,Telephone Field,recover-20220922,001,1795
1169.1155,1169.1564,68437,82979,Rhinolophus ferrumequinum,0.029,0.029,-1,Echolocation,/mnt/ubna_data_02_mir/recover-20220922/UBNA_001/20220921_090000.WAV,Telephone Field,recover-20220922,001,1795
1169.1235,1169.1307,28046,37733,Eptesicus serotinus,0.01,0.031,-1,Echolocation,/mnt/ubna_data_02_mir/recover-20220922/UBNA_001/20220921_090000.WAV,Telephone Field,recover-20220922,001,1795
1169.1305,1169.1705,68437,82350,Rhinolophus ferrumequinum,0.022,0.022,-1,Echolocation,/mnt/ubna_data_02_mir/recover-20220922/UBNA_001/20220921_090000.WAV,Telephone Field,recover-20220922,001,1795
1169.1405,1169.1514,23750,28899,Nyctalus leisleri,0.013,0.03,-1,Echolocation,/mnt/ubna_data_02_mir/recover-20220922/UBNA_001/20220921_090000.WAV,Telephone Field,recover-20220922,001,1795
1169.1685,1169.1761,27187,39837,Eptesicus serotinus,0.007,0.023,-1,Echolocation,/mnt/ubna_data_02_mir/recover-20220922/UBNA_001/20220921_090000.WAV,Telephone Field,recover-20220922,001,1795
1169.1695,1169.2054,68437,81207,Rhinolophus ferrumequinum,0.021,0.021,-1,Echolocation,/mnt/ubna_data_02_mir/recover-20220922/UBNA_001/20220921_090000.WAV,Telephone Field,recover-20220922,001,1795
1169.1825,1169.1922,28046,36035,Eptesicus serotinus,0.009,0.022,-1,Echolocation,/mnt/ubna_data_02_mir/recover-20220922/UBNA_001/20220921_090000.WAV,Telephone Field,recover-20220922,001,1795
1169.1855,1169.2264,68437,82541,Rhinolophus ferrumequinum,0.022,0.022,-1,Echolocation,/mnt/ubna_data_02_mir/recover-20220922/UBNA_001/20220921_090000.WAV,Telephone Field,recover-20220922,001,1795
1169.2215,1169.2353,23750,29180,Nyctalus leisleri,0.023,0.047,-1,Echolocation,/mnt/ubna_data_02_mir/recover-20220922/UBNA_001/20220921_090000.WAV,Telephone Field,recover-20220922,001,1795
1169.2225,1169.2631,68437,82563,Rhinolophus ferrumequinum,0.03,0.03,-1,Echolocation,/mnt/ubna_data_02_mir/recover-20220922/UBNA_001/20220921_090000.WAV,Telephone Field,recover-20220922,001,1795
1169.2665,1169.275,48671,53600,Pipistrellus pipistrellus,0.026,0.029,-1,Echolocation,/mnt/ubna_data_02_mir/recover-20220922/UBNA_001/20220921_090000.WAV,Telephone Field,recover-20220922,001,1795
1169.2685,1169.3043,68437,81688,Rhinolophus ferrumequinum,0.022,0.022,-1,Echolocation,/mnt/ubna_data_02_mir/recover-20220922/UBNA_001/20220921_090000.WAV,Telephone Field,recover-20220922,001,1795
1169.2955,1169.3336,68437,81733,Rhinolophus ferrumequinum,0.022,0.022,-1,Echolocation,/mnt/ubna_data_02_mir/recover-20220922/UBNA_001/20220921_090000.WAV,Telephone Field,recover-20220922,001,1795
1169.3435,1169.353,22890,29239,Nyctalus leisleri,0.008,0.024,-1,Echolocation,/mnt/ubna_data_02_mir/recover-20220922/UBNA_001/20220921_090000.WAV,Telephone Field,recover-20220922,001,1795
1169.3505,1169.3918,68437,82894,Rhinolophus ferrumequinum,0.024,0.024,-1,Echolocation,/mnt/ubna_data_02_mir/recover-20220922/UBNA_001/20220921_090000.WAV,Telephone Field,recover-20220922,001,1795
1169.3685,1169.4094,68437,82367,Rhinolophus ferrumequinum,0.023,0.023,-1,Echolocation,/mnt/ubna_data_02_mir/recover-20220922/UBNA_001/20220921_090000.WAV,Telephone Field,recover-20220922,001,1795
1169.4065,1169.4167,24609,30569,Nyctalus leisleri,0.009,0.022,-1,Echolocation,/mnt/ubna_data_02_mir/recover-20220922/UBNA_001/20220921_090000.WAV,Telephone Field,recover-20220922,001,1795
1169.4255,1169.4573,68437,80099,Rhinolophus ferrumequinum,0.022,0.022,-1,Echolocation,/mnt/ubna_data_02_mir/recover-20220922/UBNA_001/20220921_090000.WAV,Telephone Field,recover-20220922,001,1795
1169.4285,1169.4364,28906,38880,Eptesicus serotinus,0.009,0.027,-1,Echolocation,/mnt/ubna_data_02_mir/recover-20220922/UBNA_001/20220921_090000.WAV,Telephone Field,recover-20220922,001,1795
1169.4415,1169.4805,68437,82384,Rhinolophus ferrumequinum,0.021,0.021,-1,Echolocation,/mnt/ubna_data_02_mir/recover-20220922/UBNA_001/20220921_090000.WAV,Telephone Field,recover-20220922,001,1795
1169.4955,1169.5059,22890,28896,Nyctalus leisleri,0.009,0.022,-1,Echolocation,/mnt/ubna_data_02_mir/recover-20220922/UBNA_001/20220921_090000.WAV,Telephone Field,recover-20220922,001,1795
1169.5005,1169.5361,68437,81256,Rhinolophus ferrumequinum,0.022,0.022,-1,Echolocation,/mnt/ubna_data_02_mir/recover-20220922/UBNA_001/20220921_090000.WAV,Telephone Field,recover-20220922,001,1795
1169.5125,1169.5193,47812,52927,Pipistrellus pipistrellus,0.02,0.021,-1,Echolocation,/mnt/ubna_data_02_mir/recover-20220922/UBNA_001/20220921_090000.WAV,Telephone Field,recover-20220922,001,1795
1169.5685,1169.579,28906,35618,Eptesicus serotinus,0.01,0.022,-1,Echolocation,/mnt/ubna_data_02_mir/recover-20220922/UBNA_001/20220921_090000.WAV,Telephone Field,recover-20220922,001,1795
1169.5705,1169.6102,68437,82497,Rhinolophus ferrumequinum,0.023,0.023,-1,Echolocation,/mnt/ubna_data_02_mir/recover-20220922/UBNA_001/20220921_090000.WAV,Telephone Field,recover-20220922,001,1795
1169.5965,1169.6046,47812,51159,Pipistrellus pipistrellus,0.026,0.028,-1,Echolocation,/mnt/ubna_data_02_mir/recover-20220922/UBNA_001/20220921_090000.WAV,Telephone Field,recover-20220922,001,1795
1169.5965,1169.6385,68437,82525,Rhinolophus ferrumequinum,0.022,0.022,-1,Echolocation,/mnt/ubna_data_02_mir/recover-20220922/UBNA_001/20220921_090000.WAV,Telephone Field,recover-20220922,001,1795
1169.6325,1169.6395,28046,41692,Eptesicus serotinus,0.007,0.022,-1,Echolocation,/mnt/ubna_data_02_mir/recover-20220922/UBNA_001/20220921_090000.WAV,Telephone Field,recover-20220922,001,1795
1169.6585,1169.6691,22890,28097,Nyctalus leisleri,0.009,0.021,-1,Echolocation,/mnt/ubna_data_02_mir/recover-20220922/UBNA_001/20220921_090000.WAV,Telephone Field,recover-20220922,001,1795
1169.7685,1169.7786,22031,27440,Nyctalus leisleri,0.009,0.022,-1,Echolocation,/mnt/ubna_data_02_mir/recover-20220922/UBNA_001/20220921_090000.WAV,Telephone Field,recover-20220922,001,1795
1169.7685,1169.8096,68437,82874,Rhinolophus ferrumequinum,0.03,0.03,-1,Echolocation,/mnt/ubna_data_02_mir/recover-20220922/UBNA_001/20220921_090000.WAV,Telephone Field,recover-20220922,001,1795
1169.8155,1169.8234,28046,39256,Eptesicus serotinus,0.008,0.026,-1,Echolocation,/mnt/ubna_data_02_mir/recover-20220922/UBNA_001/20220921_090000.WAV,Telephone Field,recover-20220922,001,1795
1169.8445,1169.8838,68437,82634,Rhinolophus ferrumequinum,0.032,0.032,-1,Echolocation,/mnt/ubna_data_02_mir/recover-20220922/UBNA_001/20220921_090000.WAV,Telephone Field,recover-20220922,001,1795
1169.8905,1169.8987,22890,31378,Plecotus austriacus,0.025,0.057,-1,Echolocation,/mnt/ubna_data_02_mir/recover-20220922/UBNA_001/20220921_090000.WAV,Telephone Field,recover-20220922,001,1795
1169.9285,1169.9357,24609,34177,Plecotus austriacus,0.006,0.021,-1,Echolocation,/mnt/ubna_data_02_mir/recover-20220922/UBNA_001/20220921_090000.WAV,Telephone Field,recover-20220922,001,1795
1169.9405,1169.9522,26328,33116,Eptesicus serotinus,0.014,0.029,-1,Echolocation,/mnt/ubna_data_02_mir/recover-20220922/UBNA_001/20220921_090000.WAV,Telephone Field,recover-20220922,001,1795
1169.9755,1169.9853,22890,28854,Nyctalus leisleri,0.008,0.021,-1,Echolocation,/mnt/ubna_data_02_mir/recover-20220922/UBNA_001/20220921_090000.WAV,Telephone Field,recover-20220922,001,1795
1169.9845,1169.994,25468,34874,Eptesicus serotinus,0.01,0.03,-1,Echolocation,/mnt/ubna_data_02_mir/recover-20220922/UBNA_001/20220921_090000.WAV,Telephone Field,recover-20220922,001,1795
1170.0015,1170.0354,68437,79993,Rhinolophus ferrumequinum,0.027,0.027,-1,Echolocation,/mnt/ubna_data_02_mir/recover-20220922/UBNA_001/20220921_090000.WAV,Telephone Field,recover-20220922,001,1795
1170.0015,1170.0106,24609,30796,Nyctalus leisleri,0.015,0.036,-1,Echolocation,/mnt/ubna_data_02_mir/recover-20220922/UBNA_001/20220921_090000.WAV,Telephone Field,recover-20220922,001,1795
1170.0315,1170.069,68437,81376,Rhinolophus ferrumequinum,0.024,0.024,-1,Echolocation,/mnt/ubna_data_02_mir/recover-20220922/UBNA_001/20220921_090000.WAV,Telephone Field,recover-20220922,001,1795
1170.0425,1170.05,28046,40471,Eptesicus serotinus,0.008,0.023,-1,Echolocation,/mnt/ubna_data_02_mir/recover-20220922/UBNA_001/20220921_090000.WAV,Telephone Field,recover-20220922,001,1795
1170.0815,1170.1195,68437,82480,Rhinolophus ferrumequinum,0.033,0.033,-1,Echolocation,/mnt/ubna_data_02_mir/recover-20220922/UBNA_001/20220921_090000.WAV,Telephone Field,recover-20220922,001,1795
1170.1025,1170.1126,22031,27983,Nyctalus leisleri,0.008,0.022,-1,Echolocation,/mnt/ubna_data_02_mir/recover-20220922/UBNA_001/20220921_090000.WAV,Telephone Field,recover-20220922,001,1795
1170.1135,1170.1231,46093,49761,Pipistrellus pipistrellus,0.025,0.027,-1,Echolocation,/mnt/ubna_data_02_mir/recover-20220922/UBNA_001/20220921_090000.WAV,Telephone Field,recover-20220922,001,1795
1170.1165,1170.1255,26328,34424,Eptesicus serotinus,0.01,0.023,-1,Echolocation,/mnt/ubna_data_02_mir/recover-20220922/UBNA_001/20220921_090000.WAV,Telephone Field,recover-20220922,001,1795
1170.1515,1170.1626,23750,29516,Nyctalus leisleri,0.013,0.027,-1,Echolocation,/mnt/ubna_data_02_mir/recover-20220922/UBNA_001/20220921_090000.WAV,Telephone Field,recover-20220922,001,1795
1170.1625,1170.1985,68437,81222,Rhinolophus ferrumequinum,0.024,0.024,-1,Echolocation,/mnt/ubna_data_02_mir/recover-20220922/UBNA_001/20220921_090000.WAV,Telephone Field,recover-20220922,001,1795
1170.1745,1170.186,14296,18468,Nyctalus noctula,0.01,0.022,-1,Echolocation,/mnt/ubna_data_02_mir/recover-20220922/UBNA_001/20220921_090000.WAV,Telephone Field,recover-20220922,001,1795
1170.1795,1170.2187,68437,81946,Rhinolophus ferrumequinum,0.024,0.024,-1,Echolocation,/mnt/ubna_data_02_mir/recover-20220922/UBNA_001/20220921_090000.WAV,Telephone Field,recover-20220922,001,1795
1170.1885,1170.199,23750,31075,Nyctalus leisleri,0.008,0.023,-1,Echolocation,/mnt/ubna_data_02_mir/recover-20220922/UBNA_001/20220921_090000.WAV,Telephone Field,recover-20220922,001,1795
1170.2085,1170.2525,68437,83004,Rhinolophus ferrumequinum,0.024,0.024,-1,Echolocation,/mnt/ubna_data_02_mir/recover-20220922/UBNA_001/20220921_090000.WAV,Telephone Field,recover-20220922,001,1795
1170.2385,1170.2488,22890,28050,Nyctalus leisleri,0.011,0.025,-1,Echolocation,/mnt/ubna_data_02_mir/recover-20220922/UBNA_001/20220921_090000.WAV,Telephone Field,recover-20220922,001,1795
1170.2965,1170.3073,24609,29891,Nyctalus leisleri,0.012,0.027,-1,Echolocation,/mnt/ubna_data_02_mir/recover-20220922/UBNA_001/20220921_090000.WAV,Telephone Field,recover-20220922,001,1795
1170.3005,1170.3412,68437,82417,Rhinolophus ferrumequinum,0.022,0.022,-1,Echolocation,/mnt/ubna_data_02_mir/recover-20220922/UBNA_001/20220921_090000.WAV,Telephone Field,recover-20220922,001,1795
1170.3075,1170.3473,68437,82520,Rhinolophus ferrumequinum,0.022,0.022,-1,Echolocation,/mnt/ubna_data_02_mir/recover-20220922/UBNA_001/20220921_090000.WAV,Telephone Field,recover-20220922,001,1795
1170.3305,1170.3691,68437,82231,Rhinolophus ferrumequinum,0.022,0.022,-1,Echolocation,/mnt/ubna_data_02_mir/recover-20220922/UBNA_001/20220921_090000.WAV,Telephone Field,recover-20220922,001,1795
1170.3735,1170.4127,68437,82105,Rhinolophus ferrumequinum,0.022,0.022,-1,Echolocation,/mnt/ubna_data_02_mir/recover-20220922/UBNA_001/20220921_090000.WAV,Telephone Field,recover-20220922,001,1795
1170.3845,1170.4258,68437,82568,Rhinolophus ferrumequinum,0.023,0.024,-1,Echolocation,/mnt/ubna_data_02_mir/recover-20220922/UBNA_001/20220921_090000.WAV,Telephone Field,recover-20220922,001,1795
1170.3855,1170.3952,28046,35722,Eptesicus serotinus,0.01,0.024,-1,Echolocation,/mnt/ubna_data_02_mir/recover-20220922/UBNA_001/20220921_090000.WAV,Telephone Field,recover-20220922,001,1795
1170.4095,1170.4436,68437,80677,Rhinolophus ferrumequinum,0.021,0.021,-1,Echolocation,/mnt/ubna_data_02_mir/recover-20220922/UBNA_001/20220921_090000.WAV,Telephone Field,recover-20220922,001,1795
1170.4475,1170.4865,68437,82223,Rhinolophus ferrumequinum,0.022,0.022,-1,Echolocation,/mnt/ubna_data_02_mir/recover-20220922/UBNA_001/20220921_090000.WAV,Telephone Field,recover-20220922,001,1795
1170.4535,1170.4617,28046,38019,Eptesicus serotinus,0.008,0.022,-1,Echolocation,/mnt/ubna_data_02_mir/recover-20220922/UBNA_001/20220921_090000.WAV,Telephone Field,recover-20220922,001,1795
1170.4885,1170.4967,23750,32140,Plecotus austriacus,0.008,0.022,-1,Echolocation,/mnt/ubna_data_02_mir/recover-20220922/UBNA_001/20220921_090000.WAV,Telephone Field,recover-20220922,001,1795
1170.5135,1170.5582,68437,82937,Rhinolophus ferrumequinum,0.024,0.024,-1,Echolocation,/mnt/ubna_data_02_mir/recover-20220922/UBNA_001/20220921_090000.WAV,Telephone Field,recover-20220922,001,1795
1170.5665,1170.6053,68437,81866,Rhinolophus ferrumequinum,0.022,0.022,-1,Echolocation,/mnt/ubna_data_02_mir/recover-20220922/UBNA_001/20220921_090000.WAV,Telephone Field,recover-20220922,001,1795
1170.5995,1170.6382,68437,82282,Rhinolophus ferrumequinum,0.029,0.029,-1,Echolocation,/mnt/ubna_data_02_mir/recover-20220922/UBNA_001/20220921_090000.WAV,Telephone Field,recover-20220922,001,1795
1170.6335,1170.6735,68437,82600,Rhinolophus ferrumequinum,0.022,0.022,-1,Echolocation,/mnt/ubna_data_02_mir/recover-20220922/UBNA_001/20220921_090000.WAV,Telephone Field,recover-20220922,001,1795
1170.6485,1170.6894,68437,82494,Rhinolophus ferrumequinum,0.022,0.022,-1,Echolocation,/mnt/ubna_data_02_mir/recover-20220922/UBNA_001/20220921_090000.WAV,Telephone Field,recover-20220922,001,1795
1170.6555,1170.6932,68437,82498,Rhinolophus ferrumequinum,0.022,0.022,-1,Echolocation,/mnt/ubna_data_02_mir/recover-20220922/UBNA_001/20220921_090000.WAV,Telephone Field,recover-20220922,001,1795
1170.6965,1170.7336,68437,82132,Rhinolophus ferrumequinum,0.022,0.022,-1,Echolocation,/mnt/ubna_data_02_mir/recover-20220922/UBNA_001/20220921_090000.WAV,Telephone Field,recover-20220922,001,1795
1170.7185,1170.7584,68437,82750,Rhinolophus ferrumequinum,0.028,0.028,-1,Echolocation,/mnt/ubna_data_02_mir/recover-20220922/UBNA_001/20220921_090000.WAV,Telephone Field,recover-20220922,001,1795
1170.7235,1170.7336,24609,32716,Eptesicus serotinus,0.009,0.026,-1,Echolocation,/mnt/ubna_data_02_mir/recover-20220922/UBNA_001/20220921_090000.WAV,Telephone Field,recover-20220922,001,1795
1170.7595,1170.799,68437,82357,Rhinolophus ferrumequinum,0.023,0.023,-1,Echolocation,/mnt/ubna_data_02_mir/recover-20220922/UBNA_001/20220921_090000.WAV,Telephone Field,recover-20220922,001,1795
1170.8435,1170.8641,16015,19071,Nyctalus noctula,0.042,0.06,-1,Echolocation,/mnt/ubna_data_02_mir/recover-20220922/UBNA_001/20220921_090000.WAV,Telephone Field,recover-20220922,001,1795
1170.8675,1170.9067,68437,82557,Rhinolophus ferrumequinum,0.024,0.024,-1,Echolocation,/mnt/ubna_data_02_mir/recover-20220922/UBNA_001/20220921_090000.WAV,Telephone Field,recover-20220922,001,1795
1170.8675,1170.8759,28046,37614,Eptesicus serotinus,0.008,0.025,-1,Echolocation,/mnt/ubna_data_02_mir/recover-20220922/UBNA_001/20220921_090000.WAV,Telephone Field,recover-20220922,001,1795
1170.8765,1170.8921,21171,24381,Nyctalus leisleri,0.014,0.022,-1,Echolocation,/mnt/ubna_data_02_mir/recover-20220922/UBNA_001/20220921_090000.WAV,Telephone Field,recover-20220922,001,1795
1170.9065,1170.946,68437,81797,Rhinolophus ferrumequinum,0.023,0.024,-1,Echolocation,/mnt/ubna_data_02_mir/recover-20220922/UBNA_001/20220921_090000.WAV,Telephone Field,recover-20220922,001,1795
1170.9265,1170.9358,28906,37794,Eptesicus serotinus,0.012,0.026,-1,Echolocation,/mnt/ubna_data_02_mir/recover-20220922/UBNA_001/20220921_090000.WAV,Telephone Field,recover-20220922,001,1795
1170.9345,1170.9428,28046,36154,Eptesicus serotinus,0.008,0.021,-1,Echolocation,/mnt/ubna_data_02_mir/recover-20220922/UBNA_001/20220921_090000.WAV,Telephone Field,recover-20220922,001,1795
1170.9615,1171.0,68437,81708,Rhinolophus ferrumequinum,0.028,0.028,-1,Echolocation,/mnt/ubna_data_02_mir/recover-20220922/UBNA_001/20220921_090000.WAV,Telephone Field,recover-20220922,001,1795
1170.9715,1170.9828,22890,27499,Nyctalus leisleri,0.012,0.022,-1,Echolocation,/mnt/ubna_data_02_mir/recover-20220922/UBNA_001/20220921_090000.WAV,Telephone Field,recover-20220922,001,1795
1171.0215,1171.0568,68437,80592,Rhinolophus ferrumequinum,0.022,0.022,-1,Echolocation,/mnt/ubna_data_02_mir/recover-20220922/UBNA_001/20220921_090000.WAV,Telephone Field,recover-20220922,001,1795
1171.0255,1171.0339,28046,36869,Eptesicus serotinus,0.011,0.026,-1,Echolocation,/mnt/ubna_data_02_mir/recover-20220922/UBNA_001/20220921_090000.WAV,Telephone Field,recover-20220922,001,1795
1171.0875,1171.1282,68437,82251,Rhinolophus ferrumequinum,0.024,0.024,-1,Echolocation,/mnt/ubna_data_02_mir/recover-20220922/UBNA_001/20220921_090000.WAV,Telephone Field,recover-20220922,001,1795
1171.1095,1171.1205,28906,35007,Eptesicus serotinus,0.017,0.032,-1,Echolocation,/mnt/ubna_data_02_mir/recover-20220922/UBNA_001/20220921_090000.WAV,Telephone Field,recover-20220922,001,1795
1171.1275,1171.1701,68437,83057,Rhinolophus ferrumequinum,0.03,0.03,-1,Echolocation,/mnt/ubna_data_02_mir/recover-20220922/UBNA_001/20220921_090000.WAV,Telephone Field,recover-20220922,001,1795
1171.1755,1171.2194,68437,82606,Rhinolophus ferrumequinum,0.027,0.027,-1,Echolocation,/mnt/ubna_data_02_mir/recover-20220922/UBNA_001/20220921_090000.WAV,Telephone Field,recover-20220922,001,1795
1171.2375,1171.244,28046,37990,Eptesicus serotinus,0.011,0.038,-1,Echolocation,/mnt/ubna_data_02_mir/recover-20220922/UBNA_001/20220921_090000.WAV,Telephone Field,recover-20220922,001,1795
1171.2625,1171.2739,23750,29617,Nyctalus leisleri,0.011,0.025,-1,Echolocation,/mnt/ubna_data_02_mir/recover-20220922/UBNA_001/20220921_090000.WAV,Telephone Field,recover-20220922,001,1795
1171.2925,1171.3022,26328,34870,Eptesicus serotinus,0.012,0.027,-1,Echolocation,/mnt/ubna_data_02_mir/recover-20220922/UBNA_001/20220921_090000.WAV,Telephone Field,recover-20220922,001,1795
1171.2995,1171.3107,28906,35023,Eptesicus serotinus,0.013,0.028,-1,Echolocation,/mnt/ubna_data_02_mir/recover-20220922/UBNA_001/20220921_090000.WAV,Telephone Field,recover-20220922,001,1795
1171.3315,1171.371,68437,82699,Rhinolophus ferrumequinum,0.025,0.025,-1,Echolocation,/mnt/ubna_data_02_mir/recover-20220922/UBNA_001/20220921_090000.WAV,Telephone Field,recover-20220922,001,1795
1171.3705,1171.4092,68437,82056,Rhinolophus ferrumequinum,0.023,0.023,-1,Echolocation,/mnt/ubna_data_02_mir/recover-20220922/UBNA_001/20220921_090000.WAV,Telephone Field,recover-20220922,001,1795
1171.3885,1171.3996,23750,29351,Nyctalus leisleri,0.014,0.028,-1,Echolocation,/mnt/ubna_data_02_mir/recover-20220922/UBNA_001/20220921_090000.WAV,Telephone Field,recover-20220922,001,1795
1171.3985,1171.4067,27187,36208,Eptesicus serotinus,0.01,0.029,-1,Echolocation,/mnt/ubna_data_02_mir/recover-20220922/UBNA_001/20220921_090000.WAV,Telephone Field,recover-20220922,001,1795
1171.4115,1171.4203,44375,53688,Pipistrellus pipistrellus,0.013,0.022,-1,Echolocation,/mnt/ubna_data_02_mir/recover-20220922/UBNA_001/20220921_090000.WAV,Telephone Field,recover-20220922,001,1795
1171.4275,1171.4382,22031,27306,Nyctalus leisleri,0.01,0.024,-1,Echolocation,/mnt/ubna_data_02_mir/recover-20220922/UBNA_001/20220921_090000.WAV,Telephone Field,recover-20220922,001,1795
1171.4275,1171.4352,28046,37731,Eptesicus serotinus,0.006,0.021,-1,Echolocation,/mnt/ubna_data_02_mir/recover-20220922/UBNA_001/20220921_090000.WAV,Telephone Field,recover-20220922,001,1795
1171.4835,1171.5229,68437,81506,Rhinolophus ferrumequinum,0.032,0.032,-1,Echolocation,/mnt/ubna_data_02_mir/recover-20220922/UBNA_001/20220921_090000.WAV,Telephone Field,recover-20220922,001,1795
1171.5225,1171.562,68437,82584,Rhinolophus ferrumequinum,0.023,0.023,-1,Echolocation,/mnt/ubna_data_02_mir/recover-20220922/UBNA_001/20220921_090000.WAV,Telephone Field,recover-20220922,001,1795
1171.5615,1171.6042,68437,82950,Rhinolophus ferrumequinum,0.026,0.026,-1,Echolocation,/mnt/ubna_data_02_mir/recover-20220922/UBNA_001/20220921_090000.WAV,Telephone Field,recover-20220922,001,1795
1171.5625,1171.5719,28906,37646,Eptesicus serotinus,0.011,0.026,-1,Echolocation,/mnt/ubna_data_02_mir/recover-20220922/UBNA_001/20220921_090000.WAV,Telephone Field,recover-20220922,001,1795
1171.6375,1171.6761,68437,82337,Rhinolophus ferrumequinum,0.022,0.022,-1,Echolocation,/mnt/ubna_data_02_mir/recover-20220922/UBNA_001/20220921_090000.WAV,Telephone Field,recover-20220922,001,1795
1171.6555,1171.6657,22890,28703,Nyctalus leisleri,0.01,0.022,-1,Echolocation,/mnt/ubna_data_02_mir/recover-20220922/UBNA_001/20220921_090000.WAV,Telephone Field,recover-20220922,001,1795
1171.6975,1171.7058,27187,39120,Eptesicus serotinus,0.007,0.022,-1,Echolocation,/mnt/ubna_data_02_mir/recover-20220922/UBNA_001/20220921_090000.WAV,Telephone Field,recover-20220922,001,1795
1171.7045,1171.745,68437,82419,Rhinolophus ferrumequinum,0.022,0.022,-1,Echolocation,/mnt/ubna_data_02_mir/recover-20220922/UBNA_001/20220921_090000.WAV,Telephone Field,recover-20220922,001,1795
1171.7065,1171.7156,28046,37321,Eptesicus serotinus,0.009,0.024,-1,Echolocation,/mnt/ubna_data_02_mir/recover-20220922/UBNA_001/20220921_090000.WAV,Telephone Field,recover-20220922,001,1795
1171.7155,1171.7567,68437,81847,Rhinolophus ferrumequinum,0.022,0.022,-1,Echolocation,/mnt/ubna_data_02_mir/recover-20220922/UBNA_001/20220921_090000.WAV,Telephone Field,recover-20220922,001,1795
1171.7215,1171.7327,22031,26727,Nyctalus leisleri,0.012,0.023,-1,Echolocation,/mnt/ubna_data_02_mir/recover-20220922/UBNA_001/20220921_090000.WAV,Telephone Field,recover-20220922,001,1795
1171.7335,1171.7453,23750,29002,Nyctalus leisleri,0.014,0.029,-1,Echolocation,/mnt/ubna_data_02_mir/recover-20220922/UBNA_001/20220921_090000.WAV,Telephone Field,recover-20220922,001,1795
1171.7735,1171.7828,28046,37356,Eptesicus serotinus,0.009,0.023,-1,Echolocation,/mnt/ubna_data_02_mir/recover-20220922/UBNA_001/20220921_090000.WAV,Telephone Field,recover-20220922,001,1795
1171.7895,1171.7961,28046,41812,Eptesicus serotinus,0.007,0.031,-1,Echolocation,/mnt/ubna_data_02_mir/recover-20220922/UBNA_001/20220921_090000.WAV,Telephone Field,recover-20220922,001,1795
1171.8155,1171.854,68437,82023,Rhinolophus ferrumequinum,0.023,0.023,-1,Echolocation,/mnt/ubna_data_02_mir/recover-20220922/UBNA_001/20220921_090000.WAV,Telephone Field,recover-20220922,001,1795
1171.8385,1171.8766,68437,81433,Rhinolophus ferrumequinum,0.021,0.021,-1,Echolocation,/mnt/ubna_data_02_mir/recover-20220922/UBNA_001/20220921_090000.WAV,Telephone Field,recover-20220922,001,1795
1171.8495,1171.861,30625,38249,Eptesicus serotinus,0.009,0.022,-1,Echolocation,/mnt/ubna_data_02_mir/recover-20220922/UBNA_001/20220921_090000.WAV,Telephone Field,recover-20220922,001,1795
1171.9355,1171.9718,68437,81556,Rhinolophus ferrumequinum,0.028,0.028,-1,Echolocation,/mnt/ubna_data_02_mir/recover-20220922/UBNA_001/20220921_090000.WAV,Telephone Field,recover-20220922,001,1795
1171.9525,1171.9602,23750,32218,Plecotus austriacus,0.009,0.022,-1,Echolocation,/mnt/ubna_data_02_mir/recover-20220922/UBNA_001/20220921_090000.WAV,Telephone Field,recover-20220922,001,1795
1171.9655,1171.9742,28046,37000,Eptesicus serotinus,0.009,0.027,-1,Echolocation,/mnt/ubna_data_02_mir/recover-20220922/UBNA_001/20220921_090000.WAV,Telephone Field,recover-20220922,001,1795
1172.0015,1172.0087,31484,41664,Myotis daubentonii,0.008,0.027,-1,Echolocation,/mnt/ubna_data_02_mir/recover-20220922/UBNA_001/20220921_090000.WAV,Telephone Field,recover-20220922,001,1795
1172.0015,1172.0344,68437,79582,Rhinolophus ferrumequinum,0.03,0.031,-1,Echolocation,/mnt/ubna_data_02_mir/recover-20220922/UBNA_001/20220921_090000.WAV,Telephone Field,recover-20220922,001,1795
1172.0015,1172.0137,22031,26115,Nyctalus leisleri,0.026,0.045,-1,Echolocation,/mnt/ubna_data_02_mir/recover-20220922/UBNA_001/20220921_090000.WAV,Telephone Field,recover-20220922,001,1795
1172.0425,1172.0824,68437,82280,Rhinolophus ferrumequinum,0.025,0.025,-1,Echolocation,/mnt/ubna_data_02_mir/recover-20220922/UBNA_001/20220921_090000.WAV,Telephone Field,recover-20220922,001,1795
1172.0715,1172.1101,68437,82145,Rhinolophus ferrumequinum,0.026,0.026,-1,Echolocation,/mnt/ubna_data_02_mir/recover-20220922/UBNA_001/20220921_090000.WAV,Telephone Field,recover-20220922,001,1795
1172.1145,1172.1567,68437,83069,Rhinolophus ferrumequinum,0.028,0.028,-1,Echolocation,/mnt/ubna_data_02_mir/recover-20220922/UBNA_001/20220921_090000.WAV,Telephone Field,recover-20220922,001,1795
1172.1715,1172.1793,22890,29930,Plecotus austriacus,0.009,0.021,-1,Echolocation,/mnt/ubna_data_02_mir/recover-20220922/UBNA_001/20220921_090000.WAV,Telephone Field,recover-20220922,001,1795
1172.1945,1172.2323,68437,82377,Rhinolophus ferrumequinum,0.022,0.022,-1,Echolocation,/mnt/ubna_data_02_mir/recover-20220922/UBNA_001/20220921_090000.WAV,Telephone Field,recover-20220922,001,1795
1172.2225,1172.2293,28046,39969,Eptesicus serotinus,0.006,0.022,-1,Echolocation,/mnt/ubna_data_02_mir/recover-20220922/UBNA_001/20220921_090000.WAV,Telephone Field,recover-20220922,001,1795
1172.2285,1172.2651,68437,82638,Rhinolophus ferrumequinum,0.022,0.022,-1,Echolocation,/mnt/ubna_data_02_mir/recover-20220922/UBNA_001/20220921_090000.WAV,Telephone Field,recover-20220922,001,1795
1172.2475,1172.2862,68437,82117,Rhinolophus ferrumequinum,0.022,0.022,-1,Echolocation,/mnt/ubna_data_02_mir/recover-20220922/UBNA_001/20220921_090000.WAV,Telephone Field,recover-20220922,001,1795
1172.2615,1172.2733,25468,30221,Nyctalus leisleri,0.039,0.083,-1,Echolocation,/mnt/ubna_data_02_mir/recover-20220922/UBNA_001/20220921_090000.WAV,Telephone Field,recover-20220922,001,1795
1172.2975,1172.3051,22890,30450,Plecotus austriacus,0.016,0.036,-1,Echolocation,/mnt/ubna_data_02_mir/recover-20220922/UBNA_001/20220921_090000.WAV,Telephone Field,recover-20220922,001,1795
1172.3265,1172.3674,68437,82414,Rhinolophus ferrumequinum,0.021,0.021,-1,Echolocation,/mnt/ubna_data_02_mir/recover-20220922/UBNA_001/20220921_090000.WAV,Telephone Field,recover-20220922,001,1795
1172.3355,1172.3734,68437,82665,Rhinolophus ferrumequinum,0.021,0.021,-1,Echolocation,/mnt/ubna_data_02_mir/recover-20220922/UBNA_001/20220921_090000.WAV,Telephone Field,recover-20220922,001,1795
1172.3715,1172.3791,28906,39571,Eptesicus serotinus,0.007,0.022,-1,Echolocation,/mnt/ubna_data_02_mir/recover-20220922/UBNA_001/20220921_090000.WAV,Telephone Field,recover-20220922,001,1795
1172.3795,1172.4179,68437,82281,Rhinolophus ferrumequinum,0.024,0.024,-1,Echolocation,/mnt/ubna_data_02_mir/recover-20220922/UBNA_001/20220921_090000.WAV,Telephone Field,recover-20220922,001,1795
1172.3935,1172.4055,16875,22606,Nyctalus noctula,0.02,0.034,-1,Echolocation,/mnt/ubna_data_02_mir/recover-20220922/UBNA_001/20220921_090000.WAV,Telephone Field,recover-20220922,001,1795
1172.4355,1172.4491,22890,27313,Nyctalus leisleri,0.051,0.101,-1,Echolocation,/mnt/ubna_data_02_mir/recover-20220922/UBNA_001/20220921_090000.WAV,Telephone Field,recover-20220922,001,1795
1172.4485,1172.4875,68437,81898,Rhinolophus ferrumequinum,0.021,0.021,-1,Echolocation,/mnt/ubna_data_02_mir/recover-20220922/UBNA_001/20220921_090000.WAV,Telephone Field,recover-20220922,001,1795
1172.5105,1172.5181,27187,39957,Eptesicus serotinus,0.007,0.022,-1,Echolocation,/mnt/ubna_data_02_mir/recover-20220922/UBNA_001/20220921_090000.WAV,Telephone Field,recover-20220922,001,1795
1172.5135,1172.5599,68437,83943,Rhinolophus ferrumequinum,0.047,0.047,-1,Echolocation,/mnt/ubna_data_02_mir/recover-20220922/UBNA_001/20220921_090000.WAV,Telephone Field,recover-20220922,001,1795
1172.5355,1172.5743,68437,81706,Rhinolophus ferrumequinum,0.023,0.023,-1,Echolocation,/mnt/ubna_data_02_mir/recover-20220922/UBNA_001/20220921_090000.WAV,Telephone Field,recover-20220922,001,1795
1172.5595,1172.574,22031,25634,Nyctalus leisleri,0.022,0.036,-1,Echolocation,/mnt/ubna_data_02_mir/recover-20220922/UBNA_001/20220921_090000.WAV,Telephone Field,recover-20220922,001,1795
1172.5835,1172.6197,68437,81181,Rhinolophus ferrumequinum,0.024,0.024,-1,Echolocation,/mnt/ubna_data_02_mir/recover-20220922/UBNA_001/20220921_090000.WAV,Telephone Field,recover-20220922,001,1795
1172.5945,1172.6362,68437,82817,Rhinolophus ferrumequinum,0.028,0.028,-1,Echolocation,/mnt/ubna_data_02_mir/recover-20220922/UBNA_001/20220921_090000.WAV,Telephone Field,recover-20220922,001,1795
1172.5945,1172.6039,25468,33263,Eptesicus serotinus,0.009,0.022,-1,Echolocation,/mnt/ubna_data_02_mir/recover-20220922/UBNA_001/20220921_090000.WAV,Telephone Field,recover-20220922,001,1795
1172.6035,1172.6126,25468,32678,Nyctalus leisleri,0.007,0.026,-1,Echolocation,/mnt/ubna_data_02_mir/recover-20220922/UBNA_001/20220921_090000.WAV,Telephone Field,recover-20220922,001,1795
1172.6115,1172.631,19453,22594,Nyctalus noctula,0.015,0.032,-1,Echolocation,/mnt/ubna_data_02_mir/recover-20220922/UBNA_001/20220921_090000.WAV,Telephone Field,recover-20220922,001,1795
1172.6285,1172.6344,27187,38234,Plecotus austriacus,0.01,0.037,-1,Echolocation,/mnt/ubna_data_02_mir/recover-20220922/UBNA_001/20220921_090000.WAV,Telephone Field,recover-20220922,001,1795
1172.6385,1172.6747,68437,81347,Rhinolophus ferrumequinum,0.021,0.021,-1,Echolocation,/mnt/ubna_data_02_mir/recover-20220922/UBNA_001/20220921_090000.WAV,Telephone Field,recover-20220922,001,1795
1172.6415,1172.6505,24609,33050,Nyctalus leisleri,0.006,0.022,-1,Echolocation,/mnt/ubna_data_02_mir/recover-20220922/UBNA_001/20220921_090000.WAV,Telephone Field,recover-20220922,001,1795
1172.6625,1172.703,68437,82083,Rhinolophus ferrumequinum,0.021,0.022,-1,Echolocation,/mnt/ubna_data_02_mir/recover-20220922/UBNA_001/20220921_090000.WAV,Telephone Field,recover-20220922,001,1795
1172.6715,1172.6817,28906,36877,Eptesicus serotinus,0.009,0.021,-1,Echolocation,/mnt/ubna_data_02_mir/recover-20220922/UBNA_001/20220921_090000.WAV,Telephone Field,recover-20220922,001,1795
1172.6945,1172.704,28046,36507,Eptesicus serotinus,0.01,0.023,-1,Echolocation,/mnt/ubna_data_02_mir/recover-20220922/UBNA_001/20220921_090000.WAV,Telephone Field,recover-20220922,001,1795
1172.6945,1172.7348,68437,82289,Rhinolophus ferrumequinum,0.023,0.023,-1,Echolocation,/mnt/ubna_data_02_mir/recover-20220922/UBNA_001/20220921_090000.WAV,Telephone Field,recover-20220922,001,1795
1172.7085,1172.7182,22890,28732,Nyctalus leisleri,0.008,0.021,-1,Echolocation,/mnt/ubna_data_02_mir/recover-20220922/UBNA_001/20220921_090000.WAV,Telephone Field,recover-20220922,001,1795
1172.7325,1172.7411,28046,36863,Eptesicus serotinus,0.008,0.022,-1,Echolocation,/mnt/ubna_data_02_mir/recover-20220922/UBNA_001/20220921_090000.WAV,Telephone Field,recover-20220922,001,1795
1172.7355,1172.7731,68437,81538,Rhinolophus ferrumequinum,0.027,0.027,-1,Echolocation,/mnt/ubna_data_02_mir/recover-20220922/UBNA_001/20220921_090000.WAV,Telephone Field,recover-20220922,001,1795
1172.8045,1172.843,68437,82445,Rhinolophus ferrumequinum,0.022,0.022,-1,Echolocation,/mnt/ubna_data_02_mir/recover-20220922/UBNA_001/20220921_090000.WAV,Telephone Field,recover-20220922,001,1795
1172.8195,1172.8285,22031,28440,Plecotus austriacus,0.011,0.026,-1,Echolocation,/mnt/ubna_data_02_mir/recover-20220922/UBNA_001/20220921_090000.WAV,Telephone Field,recover-20220922,001,1795
1172.8195,1172.8281,28046,36827,Eptesicus serotinus,0.008,0.023,-1,Echolocation,/mnt/ubna_data_02_mir/recover-20220922/UBNA_001/20220921_090000.WAV,Telephone Field,recover-20220922,001,1795
1172.8315,1172.8697,68437,82619,Rhinolophus ferrumequinum,0.022,0.022,-1,Echolocation,/mnt/ubna_data_02_mir/recover-20220922/UBNA_001/20220921_090000.WAV,Telephone Field,recover-20220922,001,1795
1172.8705,1172.9109,68437,82465,Rhinolophus ferrumequinum,0.021,0.021,-1,Echolocation,/mnt/ubna_data_02_mir/recover-20220922/UBNA_001/20220921_090000.WAV,Telephone Field,recover-20220922,001,1795
1172.8965,1172.9317,68437,80908,Rhinolophus ferrumequinum,0.021,0.021,-1,Echolocation,/mnt/ubna_data_02_mir/recover-20220922/UBNA_001/20220921_090000.WAV,Telephone Field,recover-20220922,001,1795
1172.9055,1172.9411,68437,81350,Rhinolophus ferrumequinum,0.022,0.022,-1,Echolocation,/mnt/ubna_data_02_mir/recover-20220922/UBNA_001/20220921_090000.WAV,Telephone Field,recover-20220922,001,1795
1172.9075,1172.9155,22031,30741,Plecotus austriacus,0.042,0.156,-1,Echolocation,/mnt/ubna_data_02_mir/recover-20220922/UBNA_001/20220921_090000.WAV,Telephone Field,recover-20220922,001,1795
1172.9255,1172.9626,68437,82205,Rhinolophus ferrumequinum,0.025,0.025,-1,Echolocation,/mnt/ubna_data_02_mir/recover-20220922/UBNA_001/20220921_090000.WAV,Telephone Field,recover-20220922,001,1795
1172.9615,1172.9711,28046,38248,Eptesicus serotinus,0.01,0.024,-1,Echolocation,/mnt/ubna_data_02_mir/recover-20220922/UBNA_001/20220921_090000.WAV,Telephone Field,recover-20220922,001,1795
1172.9675,1173.0041,68437,81481,Rhinolophus ferrumequinum,0.021,0.021,-1,Echolocation,/mnt/ubna_data_02_mir/recover-20220922/UBNA_001/20220921_090000.WAV,Telephone Field,recover-20220922,001,1795
1173.0035,1173.0143,23750,29376,Nyctalus leisleri,0.009,0.021,-1,Echolocation,/mnt/ubna_data_02_mir/recover-20220922/UBNA_001/20220921_090000.WAV,Telephone Field,recover-20220922,001,1795
1173.0045,1173.042,68437,82141,Rhinolophus ferrumequinum,0.022,0.022,-1,Echolocation,/mnt/ubna_data_02_mir/recover-20220922/UBNA_001/20220921_090000.WAV,Telephone Field,recover-20220922,001,1795
1173.0185,1173.0295,23750,29675,Nyctalus leisleri,0.015,0.035,-1,Echolocation,/mnt/ubna_data_02_mir/recover-20220922/UBNA_001/20220921_090000.WAV,Telephone Field,recover-20220922,001,1795
1173.0385,1173.0777,68437,81955,Rhinolophus ferrumequinum,0.021,0.021,-1,Echolocation,/mnt/ubna_data_02_mir/recover-20220922/UBNA_001/20220921_090000.WAV,Telephone Field,recover-20220922,001,1795
1173.0425,1173.0514,28046,36515,Eptesicus serotinus,0.008,0.021,-1,Echolocation,/mnt/ubna_data_02_mir/recover-20220922/UBNA_001/20220921_090000.WAV,Telephone Field,recover-20220922,001,1795
1173.0505,1173.0891,68437,81877,Rhinolophus ferrumequinum,0.022,0.022,-1,Echolocation,/mnt/ubna_data_02_mir/recover-20220922/UBNA_001/20220921_090000.WAV,Telephone Field,recover-20220922,001,1795
1173.0715,1173.1104,68437,81998,Rhinolophus ferrumequinum,0.026,0.026,-1,Echolocation,/mnt/ubna_data_02_mir/recover-20220922/UBNA_001/20220921_090000.WAV,Telephone Field,recover-20220922,001,1795
1173.0745,1173.0827,27187,39751,Eptesicus serotinus,0.008,0.023,-1,Echolocation,/mnt/ubna_data_02_mir/recover-20220922/UBNA_001/20220921_090000.WAV,Telephone Field,recover-20220922,001,1795
1173.0835,1173.1239,68437,83256,Rhinolophus ferrumequinum,0.03,0.03,-1,Echolocation,/mnt/ubna_data_02_mir/recover-20220922/UBNA_001/20220921_090000.WAV,Telephone Field,recover-20220922,001,1795
1173.0845,1173.095,23750,29871,Nyctalus leisleri,0.011,0.025,-1,Echolocation,/mnt/ubna_data_02_mir/recover-20220922/UBNA_001/20220921_090000.WAV,Telephone Field,recover-20220922,001,1795
1173.1215,1173.1593,68437,82091,Rhinolophus ferrumequinum,0.021,0.021,-1,Echolocation,/mnt/ubna_data_02_mir/recover-20220922/UBNA_001/20220921_090000.WAV,Telephone Field,recover-20220922,001,1795
1173.1495,1173.1868,68437,82474,Rhinolophus ferrumequinum,0.029,0.029,-1,Echolocation,/mnt/ubna_data_02_mir/recover-20220922/UBNA_001/20220921_090000.WAV,Telephone Field,recover-20220922,001,1795
1173.1585,1173.1674,27187,35995,Eptesicus serotinus,0.007,0.022,-1,Echolocation,/mnt/ubna_data_02_mir/recover-20220922/UBNA_001/20220921_090000.WAV,Telephone Field,recover-20220922,001,1795
1173.1605,1173.1684,22890,30878,Plecotus austriacus,0.009,0.021,-1,Echolocation,/mnt/ubna_data_02_mir/recover-20220922/UBNA_001/20220921_090000.WAV,Telephone Field,recover-20220922,001,1795
1173.1725,1173.2106,68437,81956,Rhinolophus ferrumequinum,0.023,0.024,-1,Echolocation,/mnt/ubna_data_02_mir/recover-20220922/UBNA_001/20220921_090000.WAV,Telephone Field,recover-20220922,001,1795
1173.1885,1173.1977,26328,34211,Eptesicus serotinus,0.011,0.028,-1,Echolocation,/mnt/ubna_data_02_mir/recover-20220922/UBNA_001/20220921_090000.WAV,Telephone Field,recover-20220922,001,1795
1173.1915,1173.1977,47812,53950,Pipistrellus pipistrellus,0.025,0.026,-1,Echolocation,/mnt/ubna_data_02_mir/recover-20220922/UBNA_001/20220921_090000.WAV,Telephone Field,recover-20220922,001,1795
1173.2045,1173.2119,23750,32636,Plecotus austriacus,0.009,0.022,-1,Echolocation,/mnt/ubna_data_02_mir/recover-20220922/UBNA_001/20220921_090000.WAV,Telephone Field,recover-20220922,001,1795
1173.2135,1173.2519,68437,81811,Rhinolophus ferrumequinum,0.021,0.021,-1,Echolocation,/mnt/ubna_data_02_mir/recover-20220922/UBNA_001/20220921_090000.WAV,Telephone Field,recover-20220922,001,1795
1173.2695,1173.3106,68437,82679,Rhinolophus ferrumequinum,0.022,0.022,-1,Echolocation,/mnt/ubna_data_02_mir/recover-20220922/UBNA_001/20220921_090000.WAV,Telephone Field,recover-20220922,001,1795
1173.2755,1173.2862,22890,29002,Nyctalus leisleri,0.01,0.023,-1,Echolocation,/mnt/ubna_data_02_mir/recover-20220922/UBNA_001/20220921_090000.WAV,Telephone Field,recover-20220922,001,1795
1173.2875,1173.3246,68437,81809,Rhinolophus ferrumequinum,0.022,0.022,-1,Echolocation,/mnt/ubna_data_02_mir/recover-20220922/UBNA_001/20220921_090000.WAV,Telephone Field,recover-20220922,001,1795
1173.3095,1173.3507,68437,83002,Rhinolophus ferrumequinum,0.03,0.03,-1,Echolocation,/mnt/ubna_data_02_mir/recover-20220922/UBNA_001/20220921_090000.WAV,Telephone Field,recover-20220922,001,1795
1173.3255,1173.3364,22890,27977,Nyctalus leisleri,0.018,0.039,-1,Echolocation,/mnt/ubna_data_02_mir/recover-20220922/UBNA_001/20220921_090000.WAV,Telephone Field,recover-20220922,001,1795
1173.3425,1173.3487,28046,42100,Eptesicus serotinus,0.006,0.027,-1,Echolocation,/mnt/ubna_data_02_mir/recover-20220922/UBNA_001/20220921_090000.WAV,Telephone Field,recover-20220922,001,1795
1173.3635,1173.4021,68437,82023,Rhinolophus ferrumequinum,0.022,0.022,-1,Echolocation,/mnt/ubna_data_02_mir/recover-20220922/UBNA_001/20220921_090000.WAV,Telephone Field,recover-20220922,001,1795
1173.3725,1173.4101,68437,81315,Rhinolophus ferrumequinum,0.022,0.022,-1,Echolocation,/mnt/ubna_data_02_mir/recover-20220922/UBNA_001/20220921_090000.WAV,Telephone Field,recover-20220922,001,1795
1173.4125,1173.4542,68437,82780,Rhinolophus ferrumequinum,0.021,0.021,-1,Echolocation,/mnt/ubna_data_02_mir/recover-20220922/UBNA_001/20220921_090000.WAV,Telephone Field,recover-20220922,001,1795
1173.4155,1173.4259,22890,27937,Nyctalus leisleri,0.01,0.021,-1,Echolocation,/mnt/ubna_data_02_mir/recover-20220922/UBNA_001/20220921_090000.WAV,Telephone Field,recover-20220922,001,1795
1173.4165,1173.4243,28906,37474,Eptesicus serotinus,0.007,0.022,-1,Echolocation,/mnt/ubna_data_02_mir/recover-20220922/UBNA_001/20220921_090000.WAV,Telephone Field,recover-20220922,001,1795
1173.4455,1173.4561,23750,29837,Nyctalus leisleri,0.009,0.023,-1,Echolocation,/mnt/ubna_data_02_mir/recover-20220922/UBNA_001/20220921_090000.WAV,Telephone Field,recover-20220922,001,1795
1173.4495,1173.4905,68437,82815,Rhinolophus ferrumequinum,0.024,0.024,-1,Echolocation,/mnt/ubna_data_02_mir/recover-20220922/UBNA_001/20220921_090000.WAV,Telephone Field,recover-20220922,001,1795
1173.4745,1173.4826,27187,39034,Eptesicus serotinus,0.007,0.021,-1,Echolocation,/mnt/ubna_data_02_mir/recover-20220922/UBNA_001/20220921_090000.WAV,Telephone Field,recover-20220922,001,1795
1173.5685,1173.6088,68437,82325,Rhinolophus ferrumequinum,0.022,0.022,-1,Echolocation,/mnt/ubna_data_02_mir/recover-20220922/UBNA_001/20220921_090000.WAV,Telephone Field,recover-20220922,001,1795
1173.5885,1173.5962,24609,33748,Plecotus austriacus,0.01,0.027,-1,Echolocation,/mnt/ubna_data_02_mir/recover-20220922/UBNA_001/20220921_090000.WAV,Telephone Field,recover-20220922,001,1795
1173.6105,1173.6527,68437,83042,Rhinolophus ferrumequinum,0.052,0.052,-1,Echolocation,/mnt/ubna_data_02_mir/recover-20220922/UBNA_001/20220921_090000.WAV,Telephone Field,recover-20220922,001,1795
1173.6715,1173.6782,26328,41557,Eptesicus serotinus,0.005,0.025,-1,Echolocation,/mnt/ubna_data_02_mir/recover-20220922/UBNA_001/20220921_090000.WAV,Telephone Field,recover-20220922,001,1795
1173.7195,1173.7339,23750,28802,Nyctalus leisleri,0.023,0.051,-1,Echolocation,/mnt/ubna_data_02_mir/recover-20220922/UBNA_001/20220921_090000.WAV,Telephone Field,recover-20220922,001,1795
1173.7335,1173.772,68437,81739,Rhinolophus ferrumequinum,0.023,0.023,-1,Echolocation,/mnt/ubna_data_02_mir/recover-20220922/UBNA_001/20220921_090000.WAV,Telephone Field,recover-20220922,001,1795
1173.7435,1173.7543,23750,30275,Nyctalus leisleri,0.009,0.025,-1,Echolocation,/mnt/ubna_data_02_mir/recover-20220922/UBNA_001/20220921_090000.WAV,Telephone Field,recover-20220922,001,1795
1173.7475,1173.7889,68437,82803,Rhinolophus ferrumequinum,0.029,0.029,-1,Echolocation,/mnt/ubna_data_02_mir/recover-20220922/UBNA_001/20220921_090000.WAV,Telephone Field,recover-20220922,001,1795
1173.7735,1173.8147,68437,82359,Rhinolophus ferrumequinum,0.025,0.025,-1,Echolocation,/mnt/ubna_data_02_mir/recover-20220922/UBNA_001/20220921_090000.WAV,Telephone Field,recover-20220922,001,1795
1173.7845,1173.8275,68437,83791,Rhinolophus ferrumequinum,0.031,0.031,-1,Echolocation,/mnt/ubna_data_02_mir/recover-20220922/UBNA_001/20220921_090000.WAV,Telephone Field,recover-20220922,001,1795
1173.8295,1173.8658,68437,82515,Rhinolophus ferrumequinum,0.024,0.024,-1,Echolocation,/mnt/ubna_data_02_mir/recover-20220922/UBNA_001/20220921_090000.WAV,Telephone Field,recover-20220922,001,1795
1173.8505,1173.885,68437,81308,Rhinolophus ferrumequinum,0.021,0.022,-1,Echolocation,/mnt/ubna_data_02_mir/recover-20220922/UBNA_001/20220921_090000.WAV,Telephone Field,recover-20220922,001,1795
1173.8535,1173.8605,28046,38896,Myotis daubentonii,0.006,0.024,-1,Echolocation,/mnt/ubna_data_02_mir/recover-20220922/UBNA_001/20220921_090000.WAV,Telephone Field,recover-20220922,001,1795
1173.8795,1173.8864,24609,33978,Plecotus austriacus,0.009,0.023,-1,Echolocation,/mnt/ubna_data_02_mir/recover-20220922/UBNA_001/20220921_090000.WAV,Telephone Field,recover-20220922,001,1795
1173.8795,1173.9184,68437,82613,Rhinolophus ferrumequinum,0.023,0.023,-1,Echolocation,/mnt/ubna_data_02_mir/recover-20220922/UBNA_001/20220921_090000.WAV,Telephone Field,recover-20220922,001,1795
1173.8975,1173.9361,68437,82405,Rhinolophus ferrumequinum,0.024,0.024,-1,Echolocation,/mnt/ubna_data_02_mir/recover-20220922/UBNA_001/20220921_090000.WAV,Telephone Field,recover-20220922,001,1795
1173.9175,1173.9257,22890,30236,Plecotus austriacus,0.01,0.023,-1,Echolocation,/mnt/ubna_data_02_mir/recover-20220922/UBNA_001/20220921_090000.WAV,Telephone Field,recover-20220922,001,1795
1173.9395,1173.9796,68437,82321,Rhinolophus ferrumequinum,0.021,0.021,-1,Echolocation,/mnt/ubna_data_02_mir/recover-20220922/UBNA_001/20220921_090000.WAV,Telephone Field,recover-20220922,001,1795
1174.0015,1174.0099,22031,29314,Nyctalus leisleri,0.01,0.028,-1,Echolocation,/mnt/ubna_data_02_mir/recover-20220922/UBNA_001/20220921_090000.WAV,Telephone Field,recover-20220922,001,1795
1174.0015,1174.0312,68437,79780,Rhinolophus ferrumequinum,0.03,0.03,-1,Echolocation,/mnt/ubna_data_02_mir/recover-20220922/UBNA_001/20220921_090000.WAV,Telephone Field,recover-20220922,001,1795
1174.0015,1174.0099,47812,52909,Pipistrellus pipistrellus,0.025,0.032,-1,Echolocation,/mnt/ubna_data_02_mir/recover-20220922/UBNA_001/20220921_090000.WAV,Telephone Field,recover-20220922,001,1795
1174.0145,1174.0217,23750,32099,Plecotus austriacus,0.008,0.023,-1,Echolocation,/mnt/ubna_data_02_mir/recover-20220922/UBNA_001/20220921_090000.WAV,Telephone Field,recover-20220922,001,1795
1174.0475,1174.0853,68437,81986,Rhinolophus ferrumequinum,0.022,0.022,-1,Echolocation,/mnt/ubna_data_02_mir/recover-20220922/UBNA_001/20220921_090000.WAV,Telephone Field,recover-20220922,001,1795
1174.0755,1174.1159,68437,82038,Rhinolophus ferrumequinum,0.03,0.03,-1,Echolocation,/mnt/ubna_data_02_mir/recover-20220922/UBNA_001/20220921_090000.WAV,Telephone Field,recover-20220922,001,1795
1174.0995,1174.1066,26328,36290,Eptesicus serotinus,0.006,0.023,-1,Echolocation,/mnt/ubna_data_02_mir/recover-20220922/UBNA_001/20220921_090000.WAV,Telephone Field,recover-20220922,001,1795
1174.1035,1174.1412,68437,81557,Rhinolophus ferrumequinum,0.025,0.025,-1,Echolocation,/mnt/ubna_data_02_mir/recover-20220922/UBNA_001/20220921_090000.WAV,Telephone Field,recover-20220922,001,1795
1174.1195,1174.1584,68437,82476,Rhinolophus ferrumequinum,0.023,0.023,-1,Echolocation,/mnt/ubna_data_02_mir/recover-20220922/UBNA_001/20220921_090000.WAV,Telephone Field,recover-20220922,001,1795
1174.1275,1174.1659,68437,82099,Rhinolophus ferrumequinum,0.021,0.021,-1,Echolocation,/mnt/ubna_data_02_mir/recover-20220922/UBNA_001/20220921_090000.WAV,Telephone Field,recover-20220922,001,1795
1174.1445,1174.1838,68437,82516,Rhinolophus ferrumequinum,0.025,0.025,-1,Echolocation,/mnt/ubna_data_02_mir/recover-20220922/UBNA_001/20220921_090000.WAV,Telephone Field,recover-20220922,001,1795
1174.1515,1174.1912,68437,82103,Rhinolophus ferrumequinum,0.024,0.024,-1,Echolocation,/mnt/ubna_data_02_mir/recover-20220922/UBNA_001/20220921_090000.WAV,Telephone Field,recover-20220922,001,1795
1174.1885,1174.2275,68437,82393,Rhinolophus ferrumequinum,0.026,0.026,-1,Echolocation,/mnt/ubna_data_02_mir/recover-20220922/UBNA_001/20220921_090000.WAV,Telephone Field,recover-20220922,001,1795
1174.2175,1174.2545,68437,81650,Rhinolophus ferrumequinum,0.023,0.023,-1,Echolocation,/mnt/ubna_data_02_mir/recover-20220922/UBNA_001/20220921_090000.WAV,Telephone Field,recover-20220922,001,1795
1174.2525,1174.2916,68437,82455,Rhinolophus ferrumequinum,0.025,0.025,-1,Echolocation,/mnt/ubna_data_02_mir/recover-20220922/UBNA_001/20220921_090000.WAV,Telephone Field,recover-20220922,001,1795
1174.3255,1174.3685,68437,82966,Rhinolophus ferrumequinum,0.027,0.027,-1,Echolocation,/mnt/ubna_data_02_mir/recover-20220922/UBNA_001/20220921_090000.WAV,Telephone Field,recover-20220922,001,1795
1174.3365,1174.3489,22031,26217,Nyctalus leisleri,0.013,0.024,-1,Echolocation,/mnt/ubna_data_02_mir/recover-20220922/UBNA_001/20220921_090000.WAV,Telephone Field,recover-20220922,001,1795
1174.3485,1174.3866,68437,82441,Rhinolophus ferrumequinum,0.021,0.021,-1,Echolocation,/mnt/ubna_data_02_mir/recover-20220922/UBNA_001/20220921_090000.WAV,Telephone Field,recover-20220922,001,1795
1174.3655,1174.3741,22890,30243,Plecotus austriacus,0.009,0.022,-1,Echolocation,/mnt/ubna_data_02_mir/recover-20220922/UBNA_001/20220921_090000.WAV,Telephone Field,recover-20220922,001,1795
1174.4045,1174.4131,28046,35569,Eptesicus serotinus,0.009,0.023,-1,Echolocation,/mnt/ubna_data_02_mir/recover-20220922/UBNA_001/20220921_090000.WAV,Telephone Field,recover-20220922,001,1795
1174.4155,1174.453,68437,81375,Rhinolophus ferrumequinum,0.022,0.022,-1,Echolocation,/mnt/ubna_data_02_mir/recover-20220922/UBNA_001/20220921_090000.WAV,Telephone Field,recover-20220922,001,1795
1174.4175,1174.4281,22890,27896,Nyctalus leisleri,0.011,0.023,-1,Echolocation,/mnt/ubna_data_02_mir/recover-20220922/UBNA_001/20220921_090000.WAV,Telephone Field,recover-20220922,001,1795
1174.4315,1174.4717,68437,82991,Rhinolophus ferrumequinum,0.024,0.024,-1,Echolocation,/mnt/ubna_data_02_mir/recover-20220922/UBNA_001/20220921_090000.WAV,Telephone Field,recover-20220922,001,1795
1174.4655,1174.5058,68437,82727,Rhinolophus ferrumequinum,0.024,0.024,-1,Echolocation,/mnt/ubna_data_02_mir/recover-20220922/UBNA_001/20220921_090000.WAV,Telephone Field,recover-20220922,001,1795
1174.4795,1174.5205,68437,82679,Rhinolophus ferrumequinum,0.025,0.025,-1,Echolocation,/mnt/ubna_data_02_mir/recover-20220922/UBNA_001/20220921_090000.WAV,Telephone Field,recover-20220922,001,1795
1174.5045,1174.5426,68437,82206,Rhinolophus ferrumequinum,0.024,0.024,-1,Echolocation,/mnt/ubna_data_02_mir/recover-20220922/UBNA_001/20220921_090000.WAV,Telephone Field,recover-20220922,001,1795
1174.5185,1174.5277,26328,34022,Eptesicus serotinus,0.008,0.021,-1,Echolocation,/mnt/ubna_data_02_mir/recover-20220922/UBNA_001/20220921_090000.WAV,Telephone Field,recover-20220922,001,1795
1174.5305,1174.5698,68437,81766,Rhinolophus ferrumequinum,0.023,0.023,-1,Echolocation,/mnt/ubna_data_02_mir/recover-20220922/UBNA_001/20220921_090000.WAV,Telephone Field,recover-20220922,001,1795
1174.5495,1174.5569,28046,40722,Eptesicus serotinus,0.007,0.022,-1,Echolocation,/mnt/ubna_data_02_mir/recover-20220922/UBNA_001/20220921_090000.WAV,Telephone Field,recover-20220922,001,1795
1174.5745,1174.5822,25468,33822,Eptesicus serotinus,0.006,0.021,-1,Echolocation,/mnt/ubna_data_02_mir/recover-20220922/UBNA_001/20220921_090000.WAV,Telephone Field,recover-20220922,001,1795
1174.5985,1174.6401,68437,83235,Rhinolophus ferrumequinum,0.036,0.036,-1,Echolocation,/mnt/ubna_data_02_mir/recover-20220922/UBNA_001/20220921_090000.WAV,Telephone Field,recover-20220922,001,1795
1174.6015,1174.6116,24609,31520,Nyctalus leisleri,0.008,0.023,-1,Echolocation,/mnt/ubna_data_02_mir/recover-20220922/UBNA_001/20220921_090000.WAV,Telephone Field,recover-20220922,001,1795
1174.6295,1174.6686,68437,82247,Rhinolophus ferrumequinum,0.024,0.024,-1,Echolocation,/mnt/ubna_data_02_mir/recover-20220922/UBNA_001/20220921_090000.WAV,Telephone Field,recover-20220922,001,1795
1174.6325,1174.6402,28046,38902,Eptesicus serotinus,0.007,0.022,-1,Echolocation,/mnt/ubna_data_02_mir/recover-20220922/UBNA_001/20220921_090000.WAV,Telephone Field,recover-20220922,001,1795
1174.6405,1174.6499,21171,27235,Plecotus austriacus,0.009,0.025,-1,Echolocation,/mnt/ubna_data_02_mir/recover-20220922/UBNA_001/20220921_090000.WAV,Telephone Field,recover-20220922,001,1795
1174.6635,1174.705,68437,82807,Rhinolophus ferrumequinum,0.024,0.024,-1,Echolocation,/mnt/ubna_data_02_mir/recover-20220922/UBNA_001/20220921_090000.WAV,Telephone Field,recover-20220922,001,1795
1174.6955,1174.7385,68437,83134,Rhinolophus ferrumequinum,0.027,0.027,-1,Echolocation,/mnt/ubna_data_02_mir/recover-20220922/UBNA_001/20220921_090000.WAV,Telephone Field,recover-20220922,001,1795
1174.6965,1174.7053,28906,35744,Eptesicus serotinus,0.01,0.026,-1,Echolocation,/mnt/ubna_data_02_mir/recover-20220922/UBNA_001/20220921_090000.WAV,Telephone Field,recover-20220922,001,1795
1174.7395,1174.7461,28046,41238,Myotis nattereri,0.005,0.027,-1,Echolocation,/mnt/ubna_data_02_mir/recover-20220922/UBNA_001/20220921_090000.WAV,Telephone Field,recover-20220922,001,1795
1174.7555,1174.7981,68437,83156,Rhinolophus ferrumequinum,0.028,0.028,-1,Echolocation,/mnt/ubna_data_02_mir/recover-20220922/UBNA_001/20220921_090000.WAV,Telephone Field,recover-20220922,001,1795
1174.7755,1174.8138,68437,82126,Rhinolophus ferrumequinum,0.021,0.021,-1,Echolocation,/mnt/ubna_data_02_mir/recover-20220922/UBNA_001/20220921_090000.WAV,Telephone Field,recover-20220922,001,1795
1174.7885,1174.8268,68437,82393,Rhinolophus ferrumequinum,0.025,0.025,-1,Echolocation,/mnt/ubna_data_02_mir/recover-20220922/UBNA_001/20220921_090000.WAV,Telephone Field,recover-20220922,001,1795
1174.8375,1174.8774,68437,82250,Rhinolophus ferrumequinum,0.022,0.022,-1,Echolocation,/mnt/ubna_data_02_mir/recover-20220922/UBNA_001/20220921_090000.WAV,Telephone Field,recover-20220922,001,1795
1174.8405,1174.8532,21171,26387,Nyctalus noctula,0.043,0.117,-1,Echolocation,/mnt/ubna_data_02_mir/recover-20220922/UBNA_001/20220921_090000.WAV,Telephone Field,recover-20220922,001,1795
1174.8705,1174.9097,68437,82937,Rhinolophus ferrumequinum,0.022,0.022,-1,Echolocation,/mnt/ubna_data_02_mir/recover-20220922/UBNA_001/20220921_090000.WAV,Telephone Field,recover-20220922,001,1795
1174.8955,1174.9064,47812,50767,Pipistrellus pipistrellus,0.033,0.038,-1,Echolocation,/mnt/ubna_data_02_mir/recover-20220922/UBNA_001/20220921_090000.WAV,Telephone Field,recover-20220922,001,1795
1174.9015,1174.9413,68437,82039,Rhinolophus ferrumequinum,0.022,0.022,-1,Echolocation,/mnt/ubna_data_02_mir/recover-20220922/UBNA_001/20220921_090000.WAV,Telephone Field,recover-20220922,001,1795
1174.9075,1174.9172,22031,27220,Nyctalus leisleri,0.009,0.023,-1,Echolocation,/mnt/ubna_data_02_mir/recover-20220922/UBNA_001/20220921_090000.WAV,Telephone Field,recover-20220922,001,1795
1174.9295,1174.9697,68437,82288,Rhinolophus ferrumequinum,0.023,0.023,-1,Echolocation,/mnt/ubna_data_02_mir/recover-20220922/UBNA_001/20220921_090000.WAV,Telephone Field,recover-20220922,001,1795
1174.9515,1174.9892,68437,81682,Rhinolophus ferrumequinum,0.023,0.023,-1,Echolocation,/mnt/ubna_data_02_mir/recover-20220922/UBNA_001/20220921_090000.WAV,Telephone Field,recover-20220922,001,1795
1174.9555,1174.9647,49531,54738,Pipistrellus pipistrellus,0.028,0.034,-1,Echolocation,/mnt/ubna_data_02_mir/recover-20220922/UBNA_001/20220921_090000.WAV,Telephone Field,recover-20220922,001,1795
1174.9735,1175.0125,68437,81976,Rhinolophus ferrumequinum,0.022,0.022,-1,Echolocation,/mnt/ubna_data_02_mir/recover-20220922/UBNA_001/20220921_090000.WAV,Telephone Field,recover-20220922,001,1795
1174.9865,1174.997,22890,28804,Nyctalus leisleri,0.01,0.025,-1,Echolocation,/mnt/ubna_data_02_mir/recover-20220922/UBNA_001/20220921_090000.WAV,Telephone Field,recover-20220922,001,1795
1175.0065,1175.0449,68437,81687,Rhinolophus ferrumequinum,0.03,0.03,-1,Echolocation,/mnt/ubna_data_02_mir/recover-20220922/UBNA_001/20220921_090000.WAV,Telephone Field,recover-20220922,001,1795
1175.0345,1175.0441,28046,36288,Eptesicus serotinus,0.01,0.022,-1,Echolocation,/mnt/ubna_data_02_mir/recover-20220922/UBNA_001/20220921_090000.WAV,Telephone Field,recover-20220922,001,1795
1175.0485,1175.0892,68437,82530,Rhinolophus ferrumequinum,0.022,0.022,-1,Echolocation,/mnt/ubna_data_02_mir/recover-20220922/UBNA_001/20220921_090000.WAV,Telephone Field,recover-20220922,001,1795
1175.0835,1175.0922,22890,30044,Plecotus austriacus,0.008,0.021,-1,Echolocation,/mnt/ubna_data_02_mir/recover-20220922/UBNA_001/20220921_090000.WAV,Telephone Field,recover-20220922,001,1795
1175.0835,1175.1229,68437,82705,Rhinolophus ferrumequinum,0.024,0.024,-1,Echolocation,/mnt/ubna_data_02_mir/recover-20220922/UBNA_001/20220921_090000.WAV,Telephone Field,recover-20220922,001,1795
1175.1075,1175.1149,28046,39161,Eptesicus serotinus,0.007,0.022,-1,Echolocation,/mnt/ubna_data_02_mir/recover-20220922/UBNA_001/20220921_090000.WAV,Telephone Field,recover-20220922,001,1795
1175.1245,1175.1314,25468,34815,Plecotus austriacus,0.006,0.021,-1,Echolocation,/mnt/ubna_data_02_mir/recover-20220922/UBNA_001/20220921_090000.WAV,Telephone Field,recover-20220922,001,1795
1175.1475,1175.1884,68437,82869,Rhinolophus ferrumequinum,0.03,0.03,-1,Echolocation,/mnt/ubna_data_02_mir/recover-20220922/UBNA_001/20220921_090000.WAV,Telephone Field,recover-20220922,001,1795
1175.1505,1175.1579,46953,53367,Pipistrellus pipistrellus,0.02,0.022,-1,Echolocation,/mnt/ubna_data_02_mir/recover-20220922/UBNA_001/20220921_090000.WAV,Telephone Field,recover-20220922,001,1795
1175.1675,1175.1743,28046,41408,Eptesicus serotinus,0.006,0.021,-1,Echolocation,/mnt/ubna_data_02_mir/recover-20220922/UBNA_001/20220921_090000.WAV,Telephone Field,recover-20220922,001,1795
1175.2025,1175.2414,68437,82050,Rhinolophus ferrumequinum,0.023,0.023,-1,Echolocation,/mnt/ubna_data_02_mir/recover-20220922/UBNA_001/20220921_090000.WAV,Telephone Field,recover-20220922,001,1795
1175.2085,1175.2155,26328,35916,Eptesicus serotinus,0.005,0.022,-1,Echolocation,/mnt/ubna_data_02_mir/recover-20220922/UBNA_001/20220921_090000.WAV,Telephone Field,recover-20220922,001,1795
1175.2215,1175.2606,68437,81742,Rhinolophus ferrumequinum,0.022,0.022,-1,Echolocation,/mnt/ubna_data_02_mir/recover-20220922/UBNA_001/20220921_090000.WAV,Telephone Field,recover-20220922,001,1795
1175.2475,1175.2865,68437,82068,Rhinolophus ferrumequinum,0.023,0.023,-1,Echolocation,/mnt/ubna_data_02_mir/recover-20220922/UBNA_001/20220921_090000.WAV,Telephone Field,recover-20220922,001,1795
1175.2965,1175.3063,28046,35721,Eptesicus serotinus,0.01,0.023,-1,Echolocation,/mnt/ubna_data_02_mir/recover-20220922/UBNA_001/20220921_090000.WAV,Telephone Field,recover-20220922,001,1795
1175.2975,1175.3373,68437,82457,Rhinolophus ferrumequinum,0.024,0.024,-1,Echolocation,/mnt/ubna_data_02_mir/recover-20220922/UBNA_001/20220921_090000.WAV,Telephone Field,recover-20220922,001,1795
1175.3175,1175.3587,68437,82772,Rhinolophus ferrumequinum,0.023,0.023,-1,Echolocation,/mnt/ubna_data_02_mir/recover-20220922/UBNA_001/20220921_090000.WAV,Telephone Field,recover-20220922,001,1795
1175.3325,1175.3735,68437,82494,Rhinolophus ferrumequinum,0.025,0.025,-1,Echolocation,/mnt/ubna_data_02_mir/recover-20220922/UBNA_001/20220921_090000.WAV,Telephone Field,recover-20220922,001,1795
1175.3875,1175.4208,68437,80603,Rhinolophus ferrumequinum,0.03,0.03,-1,Echolocation,/mnt/ubna_data_02_mir/recover-20220922/UBNA_001/20220921_090000.WAV,Telephone Field,recover-20220922,001,1795
1175.3955,1175.4326,68437,82045,Rhinolophus ferrumequinum,0.022,0.022,-1,Echolocation,/mnt/ubna_data_02_mir/recover-20220922/UBNA_001/20220921_090000.WAV,Telephone Field,recover-20220922,001,1795
1175.4065,1175.4487,68437,83468,Rhinolophus ferrumequinum,0.028,0.028,-1,Echolocation,/mnt/ubna_data_02_mir/recover-20220922/UBNA_001/20220921_090000.WAV,Telephone Field,recover-20220922,001,1795
1175.4175,1175.4281,24609,30506,Nyctalus leisleri,0.009,0.024,-1,Echolocation,/mnt/ubna_data_02_mir/recover-20220922/UBNA_001/20220921_090000.WAV,Telephone Field,recover-20220922,001,1795
1175.4205,1175.4597,68437,83154,Rhinolophus ferrumequinum,0.024,0.024,-1,Echolocation,/mnt/ubna_data_02_mir/recover-20220922/UBNA_001/20220921_090000.WAV,Telephone Field,recover-20220922,001,1795
1175.4395,1175.4466,28046,41514,Eptesicus serotinus,0.007,0.025,-1,Echolocation,/mnt/ubna_data_02_mir/recover-20220922/UBNA_001/20220921_090000.WAV,Telephone Field,recover-20220922,001,1795
1175.4585,1175.4686,28906,36662,Eptesicus serotinus,0.01,0.023,-1,Echolocation,/mnt/ubna_data_02_mir/recover-20220922/UBNA_001/20220921_090000.WAV,Telephone Field,recover-20220922,001,1795
1175.4695,1175.5118,68437,82877,Rhinolophus ferrumequinum,0.031,0.031,-1,Echolocation,/mnt/ubna_data_02_mir/recover-20220922/UBNA_001/20220921_090000.WAV,Telephone Field,recover-20220922,001,1795
1175.4745,1175.5144,68437,82212,Rhinolophus ferrumequinum,0.032,0.032,-1,Echolocation,/mnt/ubna_data_02_mir/recover-20220922/UBNA_001/20220921_090000.WAV,Telephone Field,recover-20220922,001,1795
1175.4795,1175.4905,22890,27139,Nyctalus leisleri,0.011,0.022,-1,Echolocation,/mnt/ubna_data_02_mir/recover-20220922/UBNA_001/20220921_090000.WAV,Telephone Field,recover-20220922,001,1795
1175.5075,1175.5502,68437,82782,Rhinolophus ferrumequinum,0.031,0.031,-1,Echolocation,/mnt/ubna_data_02_mir/recover-20220922/UBNA_001/20220921_090000.WAV,Telephone Field,recover-20220922,001,1795
1175.5105,1175.5223,22031,26955,Nyctalus leisleri,0.011,0.021,-1,Echolocation,/mnt/ubna_data_02_mir/recover-20220922/UBNA_001/20220921_090000.WAV,Telephone Field,recover-20220922,001,1795
1175.5205,1175.5289,23750,31183,Plecotus austriacus,0.011,0.027,-1,Echolocation,/mnt/ubna_data_02_mir/recover-20220922/UBNA_001/20220921_090000.WAV,Telephone Field,recover-20220922,001,1795
1175.5535,1175.5961,68437,82889,Rhinolophus ferrumequinum,0.028,0.028,-1,Echolocation,/mnt/ubna_data_02_mir/recover-20220922/UBNA_001/20220921_090000.WAV,Telephone Field,recover-20220922,001,1795
1175.5545,1175.5646,27187,34877,Eptesicus serotinus,0.014,0.028,-1,Echolocation,/mnt/ubna_data_02_mir/recover-20220922/UBNA_001/20220921_090000.WAV,Telephone Field,recover-20220922,001,1795
1175.5715,1175.6144,68437,82863,Rhinolophus ferrumequinum,0.033,0.033,-1,Echolocation,/mnt/ubna_data_02_mir/recover-20220922/UBNA_001/20220921_090000.WAV,Telephone Field,recover-20220922,001,1795
1175.5945,1175.6058,27187,34369,Eptesicus serotinus,0.013,0.027,-1,Echolocation,/mnt/ubna_data_02_mir/recover-20220922/UBNA_001/20220921_090000.WAV,Telephone Field,recover-20220922,001,1795
1175.6135,1175.6542,68437,82902,Rhinolophus ferrumequinum,0.022,0.022,-1,Echolocation,/mnt/ubna_data_02_mir/recover-20220922/UBNA_001/20220921_090000.WAV,Telephone Field,recover-20220922,001,1795
1175.6325,1175.6758,68437,83107,Rhinolophus ferrumequinum,0.034,0.034,-1,Echolocation,/mnt/ubna_data_02_mir/recover-20220922/UBNA_001/20220921_090000.WAV,Telephone Field,recover-20220922,001,1795
1175.7015,1175.7443,68437,82895,Rhinolophus ferrumequinum,0.039,0.039,-1,Echolocation,/mnt/ubna_data_02_mir/recover-20220922/UBNA_001/20220921_090000.WAV,Telephone Field,recover-20220922,001,1795
1175.7095,1175.7178,26328,34494,Eptesicus serotinus,0.009,0.023,-1,Echolocation,/mnt/ubna_data_02_mir/recover-20220922/UBNA_001/20220921_090000.WAV,Telephone Field,recover-20220922,001,1795
1175.7555,1175.7925,68437,82258,Rhinolophus ferrumequinum,0.024,0.024,-1,Echolocation,/mnt/ubna_data_02_mir/recover-20220922/UBNA_001/20220921_090000.WAV,Telephone Field,recover-20220922,001,1795
1175.7695,1175.8106,68437,82552,Rhinolophus ferrumequinum,0.025,0.025,-1,Echolocation,/mnt/ubna_data_02_mir/recover-20220922/UBNA_001/20220921_090000.WAV,Telephone Field,recover-20220922,001,1795
1175.7825,1175.7915,25468,34395,Eptesicus serotinus,0.008,0.023,-1,Echolocation,/mnt/ubna_data_02_mir/recover-20220922/UBNA_001/20220921_090000.WAV,Telephone Field,recover-20220922,001,1795
1175.8025,1175.8096,27187,39939,Eptesicus serotinus,0.006,0.025,-1,Echolocation,/mnt/ubna_data_02_mir/recover-20220922/UBNA_001/20220921_090000.WAV,Telephone Field,recover-20220922,001,1795
1175.8085,1175.844,68437,81774,Rhinolophus ferrumequinum,0.026,0.026,-1,Echolocation,/mnt/ubna_data_02_mir/recover-20220922/UBNA_001/20220921_090000.WAV,Telephone Field,recover-20220922,001,1795
1175.8155,1175.8527,68437,81571,Rhinolophus ferrumequinum,0.023,0.023,-1,Echolocation,/mnt/ubna_data_02_mir/recover-20220922/UBNA_001/20220921_090000.WAV,Telephone Field,recover-20220922,001,1795
1175.8755,1175.9142,68437,82717,Rhinolophus ferrumequinum,0.024,0.024,-1,Echolocation,/mnt/ubna_data_02_mir/recover-20220922/UBNA_001/20220921_090000.WAV,Telephone Field,recover-20220922,001,1795
1175.8925,1175.9033,40937,45681,Pipistrellus nathusii,0.008,0.025,-1,Echolocation,/mnt/ubna_data_02_mir/recover-20220922/UBNA_001/20220921_090000.WAV,Telephone Field,recover-20220922,001,1795
1175.8925,1175.9003,24609,33709,Plecotus austriacus,0.008,0.024,-1,Echolocation,/mnt/ubna_data_02_mir/recover-20220922/UBNA_001/20220921_090000.WAV,Telephone Field,recover-20220922,001,1795
1175.9065,1175.9487,68437,83109,Rhinolophus ferrumequinum,0.035,0.035,-1,Echolocation,/mnt/ubna_data_02_mir/recover-20220922/UBNA_001/20220921_090000.WAV,Telephone Field,recover-20220922,001,1795
1175.9255,1175.9328,50390,55746,Pipistrellus pipistrellus,0.03,0.033,-1,Echolocation,/mnt/ubna_data_02_mir/recover-20220922/UBNA_001/20220921_090000.WAV,Telephone Field,recover-20220922,001,1795
1175.9495,1175.991,68437,82523,Rhinolophus ferrumequinum,0.024,0.024,-1,Echolocation,/mnt/ubna_data_02_mir/recover-20220922/UBNA_001/20220921_090000.WAV,Telephone Field,recover-20220922,001,1795
1175.9555,1175.9968,68437,82783,Rhinolophus ferrumequinum,0.024,0.024,-1,Echolocation,/mnt/ubna_data_02_mir/recover-20220922/UBNA_001/20220921_090000.WAV,Telephone Field,recover-20220922,001,1795
1176.0015,1176.0184,20312,25729,Nyctalus noctula,0.024,0.05,-1,Echolocation,/mnt/ubna_data_02_mir/recover-20220922/UBNA_001/20220921_090000.WAV,Telephone Field,recover-20220922,001,1795
1176.0015,1176.0072,47812,53115,Pipistrellus pipistrellus,0.017,0.024,-1,Echolocation,/mnt/ubna_data_02_mir/recover-20220922/UBNA_001/20220921_090000.WAV,Telephone Field,recover-20220922,001,1795
1176.0015,1176.0309,69296,81653,Rhinolophus ferrumequinum,0.038,0.038,-1,Echolocation,/mnt/ubna_data_02_mir/recover-20220922/UBNA_001/20220921_090000.WAV,Telephone Field,recover-20220922,001,1795
1176.0495,1176.0907,68437,82724,Rhinolophus ferrumequinum,0.026,0.026,-1,Echolocation,/mnt/ubna_data_02_mir/recover-20220922/UBNA_001/20220921_090000.WAV,Telephone Field,recover-20220922,001,1795
1176.0555,1176.0976,68437,83222,Rhinolophus ferrumequinum,0.024,0.024,-1,Echolocation,/mnt/ubna_data_02_mir/recover-20220922/UBNA_001/20220921_090000.WAV,Telephone Field,recover-20220922,001,1795
1176.0865,1176.1246,68437,81816,Rhinolophus ferrumequinum,0.021,0.021,-1,Echolocation,/mnt/ubna_data_02_mir/recover-20220922/UBNA_001/20220921_090000.WAV,Telephone Field,recover-20220922,001,1795
1176.1295,1176.1718,68437,83096,Rhinolophus ferrumequinum,0.027,0.027,-1,Echolocation,/mnt/ubna_data_02_mir/recover-20220922/UBNA_001/20220921_090000.WAV,Telephone Field,recover-20220922,001,1795
1176.1565,1176.1933,68437,81740,Rhinolophus ferrumequinum,0.021,0.021,-1,Echolocation,/mnt/ubna_data_02_mir/recover-20220922/UBNA_001/20220921_090000.WAV,Telephone Field,recover-20220922,001,1795
1176.1615,1176.2001,68437,82172,Rhinolophus ferrumequinum,0.021,0.021,-1,Echolocation,/mnt/ubna_data_02_mir/recover-20220922/UBNA_001/20220921_090000.WAV,Telephone Field,recover-20220922,001,1795
1176.1735,1176.1839,23750,30505,Nyctalus leisleri,0.008,0.023,-1,Echolocation,/mnt/ubna_data_02_mir/recover-20220922/UBNA_001/20220921_090000.WAV,Telephone Field,recover-20220922,001,1795
1176.1975,1176.2083,38359,42219,Pipistrellus nathusii,0.016,0.025,-1,Echolocation,/mnt/ubna_data_02_mir/recover-20220922/UBNA_001/20220921_090000.WAV,Telephone Field,recover-20220922,001,1795
1176.2255,1176.2656,68437,81791,Rhinolophus ferrumequinum,0.024,0.024,-1,Echolocation,/mnt/ubna_data_02_mir/recover-20220922/UBNA_001/20220921_090000.WAV,Telephone Field,recover-20220922,001,1795
1176.2295,1176.2378,28046,37769,Eptesicus serotinus,0.009,0.023,-1,Echolocation,/mnt/ubna_data_02_mir/recover-20220922/UBNA_001/20220921_090000.WAV,Telephone Field,recover-20220922,001,1795
1176.2425,1176.2804,68437,81547,Rhinolophus ferrumequinum,0.024,0.024,-1,Echolocation,/mnt/ubna_data_02_mir/recover-20220922/UBNA_001/20220921_090000.WAV,Telephone Field,recover-20220922,001,1795
1176.2865,1176.3223,68437,81160,Rhinolophus ferrumequinum,0.021,0.021,-1,Echolocation,/mnt/ubna_data_02_mir/recover-20220922/UBNA_001/20220921_090000.WAV,Telephone Field,recover-20220922,001,1795
1176.3035,1176.3375,68437,81379,Rhinolophus ferrumequinum,0.022,0.022,-1,Echolocation,/mnt/ubna_data_02_mir/recover-20220922/UBNA_001/20220921_090000.WAV,Telephone Field,recover-20220922,001,1795
1176.3135,1176.323,28906,36586,Eptesicus serotinus,0.009,0.023,-1,Echolocation,/mnt/ubna_data_02_mir/recover-20220922/UBNA_001/20220921_090000.WAV,Telephone Field,recover-20220922,001,1795
1176.3225,1176.354,68437,80554,Rhinolophus ferrumequinum,0.023,0.023,-1,Echolocation,/mnt/ubna_data_02_mir/recover-20220922/UBNA_001/20220921_090000.WAV,Telephone Field,recover-20220922,001,1795
1176.3405,1176.3785,68437,82212,Rhinolophus ferrumequinum,0.028,0.028,-1,Echolocation,/mnt/ubna_data_02_mir/recover-20220922/UBNA_001/20220921_090000.WAV,Telephone Field,recover-20220922,001,1795
1176.3825,1176.393,56406,61263,Pipistrellus pygmaeus,0.024,0.025,-1,Echolocation,/mnt/ubna_data_02_mir/recover-20220922/UBNA_001/20220921_090000.WAV,Telephone Field,recover-20220922,001,1795
1176.4045,1176.4111,28906,36958,Eptesicus serotinus,0.005,0.021,-1,Echolocation,/mnt/ubna_data_02_mir/recover-20220922/UBNA_001/20220921_090000.WAV,Telephone Field,recover-20220922,001,1795
1176.4485,1176.4882,68437,81913,Rhinolophus ferrumequinum,0.028,0.028,-1,Echolocation,/mnt/ubna_data_02_mir/recover-20220922/UBNA_001/20220921_090000.WAV,Telephone Field,recover-20220922,001,1795
1176.4515,1176.4603,26328,35447,Eptesicus serotinus,0.009,0.024,-1,Echolocation,/mnt/ubna_data_02_mir/recover-20220922/UBNA_001/20220921_090000.WAV,Telephone Field,recover-20220922,001,1795
1176.4595,1176.4948,68437,81676,Rhinolophus ferrumequinum,0.029,0.029,-1,Echolocation,/mnt/ubna_data_02_mir/recover-20220922/UBNA_001/20220921_090000.WAV,Telephone Field,recover-20220922,001,1795
1176.4645,1176.4761,32343,38344,Eptesicus serotinus,0.007,0.024,-1,Echolocation,/mnt/ubna_data_02_mir/recover-20220922/UBNA_001/20220921_090000.WAV,Telephone Field,recover-20220922,001,1795
1176.4715,1176.5129,68437,82807,Rhinolophus ferrumequinum,0.028,0.028,-1,Echolocation,/mnt/ubna_data_02_mir/recover-20220922/UBNA_001/20220921_090000.WAV,Telephone Field,recover-20220922,001,1795
1176.4805,1176.5213,68437,82788,Rhinolophus ferrumequinum,0.024,0.024,-1,Echolocation,/mnt/ubna_data_02_mir/recover-20220922/UBNA_001/20220921_090000.WAV,Telephone Field,recover-20220922,001,1795
1176.4885,1176.4971,27187,35122,Eptesicus serotinus,0.016,0.034,-1,Echolocation,/mnt/ubna_data_02_mir/recover-20220922/UBNA_001/20220921_090000.WAV,Telephone Field,recover-20220922,001,1795
1176.5285,1176.537,27187,38550,Eptesicus serotinus,0.008,0.022,-1,Echolocation,/mnt/ubna_data_02_mir/recover-20220922/UBNA_001/20220921_090000.WAV,Telephone Field,recover-20220922,001,1795
1176.5425,1176.5821,68437,82617,Rhinolophus ferrumequinum,0.03,0.03,-1,Echolocation,/mnt/ubna_data_02_mir/recover-20220922/UBNA_001/20220921_090000.WAV,Telephone Field,recover-20220922,001,1795
1176.5645,1176.603,68437,81589,Rhinolophus ferrumequinum,0.021,0.021,-1,Echolocation,/mnt/ubna_data_02_mir/recover-20220922/UBNA_001/20220921_090000.WAV,Telephone Field,recover-20220922,001,1795
1176.5665,1176.5731,26328,39488,Eptesicus serotinus,0.006,0.028,-1,Echolocation,/mnt/ubna_data_02_mir/recover-20220922/UBNA_001/20220921_090000.WAV,Telephone Field,recover-20220922,001,1795
1176.5815,1176.6246,68437,83529,Rhinolophus ferrumequinum,0.047,0.047,-1,Echolocation,/mnt/ubna_data_02_mir/recover-20220922/UBNA_001/20220921_090000.WAV,Telephone Field,recover-20220922,001,1795
1176.6415,1176.6775,68437,81327,Rhinolophus ferrumequinum,0.022,0.022,-1,Echolocation,/mnt/ubna_data_02_mir/recover-20220922/UBNA_001/20220921_090000.WAV,Telephone Field,recover-20220922,001,1795
1176.6595,1176.6667,26328,35640,Eptesicus serotinus,0.007,0.021,-1,Echolocation,/mnt/ubna_data_02_mir/recover-20220922/UBNA_001/20220921_090000.WAV,Telephone Field,recover-20220922,001,1795
1176.6785,1176.6901,51250,55867,Pipistrellus pipistrellus,0.027,0.035,-1,Echolocation,/mnt/ubna_data_02_mir/recover-20220922/UBNA_001/20220921_090000.WAV,Telephone Field,recover-20220922,001,1795
1176.7055,1176.7447,68437,82179,Rhinolophus ferrumequinum,0.021,0.021,-1,Echolocation,/mnt/ubna_data_02_mir/recover-20220922/UBNA_001/20220921_090000.WAV,Telephone Field,recover-20220922,001,1795
1176.7105,1176.7194,28046,42795,Eptesicus serotinus,0.008,0.021,-1,Echolocation,/mnt/ubna_data_02_mir/recover-20220922/UBNA_001/20220921_090000.WAV,Telephone Field,recover-20220922,001,1795
1176.7585,1176.798,68437,82812,Rhinolophus ferrumequinum,0.022,0.022,-1,Echolocation,/mnt/ubna_data_02_mir/recover-20220922/UBNA_001/20220921_090000.WAV,Telephone Field,recover-20220922,001,1795
1176.7765,1176.8148,68437,82193,Rhinolophus ferrumequinum,0.021,0.021,-1,Echolocation,/mnt/ubna_data_02_mir/recover-20220922/UBNA_001/20220921_090000.WAV,Telephone Field,recover-20220922,001,1795
1176.7825,1176.8211,68437,82180,Rhinolophus ferrumequinum,0.022,0.022,-1,Echolocation,/mnt/ubna_data_02_mir/recover-20220922/UBNA_001/20220921_090000.WAV,Telephone Field,recover-20220922,001,1795
1176.7835,1176.7922,28046,37304,Eptesicus serotinus,0.008,0.021,-1,Echolocation,/mnt/ubna_data_02_mir/recover-20220922/UBNA_001/20220921_090000.WAV,Telephone Field,recover-20220922,001,1795
1176.7965,1176.8076,54687,59030,Pipistrellus pygmaeus,0.019,0.021,-1,Echolocation,/mnt/ubna_data_02_mir/recover-20220922/UBNA_001/20220921_090000.WAV,Telephone Field,recover-20220922,001,1795
1176.8375,1176.8736,68437,81616,Rhinolophus ferrumequinum,0.022,0.022,-1,Echolocation,/mnt/ubna_data_02_mir/recover-20220922/UBNA_001/20220921_090000.WAV,Telephone Field,recover-20220922,001,1795
1176.8725,1176.9118,68437,81930,Rhinolophus ferrumequinum,0.022,0.022,-1,Echolocation,/mnt/ubna_data_02_mir/recover-20220922/UBNA_001/20220921_090000.WAV,Telephone Field,recover-20220922,001,1795
1176.9155,1176.9222,26328,36492,Plecotus auritus,0.008,0.029,-1,Echolocation,/mnt/ubna_data_02_mir/recover-20220922/UBNA_001/20220921_090000.WAV,Telephone Field,recover-20220922,001,1795
1176.9325,1176.9662,68437,80347,Rhinolophus ferrumequinum,0.021,0.021,-1,Echolocation,/mnt/ubna_data_02_mir/recover-20220922/UBNA_001/20220921_090000.WAV,Telephone Field,recover-20220922,001,1795
1176.9375,1176.95,22031,26287,Nyctalus leisleri,0.013,0.023,-1,Echolocation,/mnt/ubna_data_02_mir/recover-20220922/UBNA_001/20220921_090000.WAV,Telephone Field,recover-20220922,001,1795
1176.9535,1176.9921,68437,82242,Rhinolophus ferrumequinum,0.025,0.025,-1,Echolocation,/mnt/ubna_data_02_mir/recover-20220922/UBNA_001/20220921_090000.WAV,Telephone Field,recover-20220922,001,1795
1176.9995,1177.0073,27187,36864,Eptesicus serotinus,0.012,0.032,-1,Echolocation,/mnt/ubna_data_02_mir/recover-20220922/UBNA_001/20220921_090000.WAV,Telephone Field,recover-20220922,001,1795
1176.9995,1177.0359,68437,82696,Rhinolophus ferrumequinum,0.021,0.021,-1,Echolocation,/mnt/ubna_data_02_mir/recover-20220922/UBNA_001/20220921_090000.WAV,Telephone Field,recover-20220922,001,1795
1177.0095,1177.0478,68437,81623,Rhinolophus ferrumequinum,0.021,0.021,-1,Echolocation,/mnt/ubna_data_02_mir/recover-20220922/UBNA_001/20220921_090000.WAV,Telephone Field,recover-20220922,001,1795
1177.0665,1177.0744,28046,38943,Eptesicus serotinus,0.007,0.021,-1,Echolocation,/mnt/ubna_data_02_mir/recover-20220922/UBNA_001/20220921_090000.WAV,Telephone Field,recover-20220922,001,1795
1177.0865,1177.1253,68437,82021,Rhinolophus ferrumequinum,0.022,0.022,-1,Echolocation,/mnt/ubna_data_02_mir/recover-20220922/UBNA_001/20220921_090000.WAV,Telephone Field,recover-20220922,001,1795
1177.0915,1177.0998,28906,38803,Eptesicus serotinus,0.007,0.021,-1,Echolocation,/mnt/ubna_data_02_mir/recover-20220922/UBNA_001/20220921_090000.WAV,Telephone Field,recover-20220922,001,1795
1177.1155,1177.153,68437,81572,Rhinolophus ferrumequinum,0.021,0.021,-1,Echolocation,/mnt/ubna_data_02_mir/recover-20220922/UBNA_001/20220921_090000.WAV,Telephone Field,recover-20220922,001,1795
1177.1575,1177.1728,25468,30469,Eptesicus serotinus,0.016,0.036,-1,Echolocation,/mnt/ubna_data_02_mir/recover-20220922/UBNA_001/20220921_090000.WAV,Telephone Field,recover-20220922,001,1795
1177.1655,1177.2025,68437,81444,Rhinolophus ferrumequinum,0.021,0.021,-1,Echolocation,/mnt/ubna_data_02_mir/recover-20220922/UBNA_001/20220921_090000.WAV,Telephone Field,recover-20220922,001,1795
1177.1715,1177.2107,68437,81879,Rhinolophus ferrumequinum,0.022,0.022,-1,Echolocation,/mnt/ubna_data_02_mir/recover-20220922/UBNA_001/20220921_090000.WAV,Telephone Field,recover-20220922,001,1795
1177.1715,1177.1794,28906,40034,Eptesicus serotinus,0.006,0.021,-1,Echolocation,/mnt/ubna_data_02_mir/recover-20220922/UBNA_001/20220921_090000.WAV,Telephone Field,recover-20220922,001,1795
1177.1815,1177.2207,68437,81780,Rhinolophus ferrumequinum,0.022,0.022,-1,Echolocation,/mnt/ubna_data_02_mir/recover-20220922/UBNA_001/20220921_090000.WAV,Telephone Field,recover-20220922,001,1795
1177.2165,1177.257,68437,82294,Rhinolophus ferrumequinum,0.025,0.025,-1,Echolocation,/mnt/ubna_data_02_mir/recover-20220922/UBNA_001/20220921_090000.WAV,Telephone Field,recover-20220922,001,1795
1177.2365,1177.2741,68437,81627,Rhinolophus ferrumequinum,0.028,0.028,-1,Echolocation,/mnt/ubna_data_02_mir/recover-20220922/UBNA_001/20220921_090000.WAV,Telephone Field,recover-20220922,001,1795
1177.2425,1177.2815,68437,82289,Rhinolophus ferrumequinum,0.027,0.027,-1,Echolocation,/mnt/ubna_data_02_mir/recover-20220922/UBNA_001/20220921_090000.WAV,Telephone Field,recover-20220922,001,1795
1177.2495,1177.2609,39218,43714,Pipistrellus nathusii,0.034,0.047,-1,Echolocation,/mnt/ubna_data_02_mir/recover-20220922/UBNA_001/20220921_090000.WAV,Telephone Field,recover-20220922,001,1795
1177.2705,1177.2794,29765,38450,Eptesicus serotinus,0.008,0.026,-1,Echolocation,/mnt/ubna_data_02_mir/recover-20220922/UBNA_001/20220921_090000.WAV,Telephone Field,recover-20220922,001,1795
1177.2835,1177.3222,68437,82159,Rhinolophus ferrumequinum,0.022,0.022,-1,Echolocation,/mnt/ubna_data_02_mir/recover-20220922/UBNA_001/20220921_090000.WAV,Telephone Field,recover-20220922,001,1795
1177.2905,1177.3296,68437,82271,Rhinolophus ferrumequinum,0.024,0.024,-1,Echolocation,/mnt/ubna_data_02_mir/recover-20220922/UBNA_001/20220921_090000.WAV,Telephone Field,recover-20220922,001,1795
1177.2925,1177.3118,21171,24325,Nyctalus leisleri,0.029,0.055,-1,Echolocation,/mnt/ubna_data_02_mir/recover-20220922/UBNA_001/20220921_090000.WAV,Telephone Field,recover-20220922,001,1795
1177.3125,1177.3489,68437,81503,Rhinolophus ferrumequinum,0.022,0.022,-1,Echolocation,/mnt/ubna_data_02_mir/recover-20220922/UBNA_001/20220921_090000.WAV,Telephone Field,recover-20220922,001,1795
1177.3435,1177.382,68437,82386,Rhinolophus ferrumequinum,0.029,0.029,-1,Echolocation,/mnt/ubna_data_02_mir/recover-20220922/UBNA_001/20220921_090000.WAV,Telephone Field,recover-20220922,001,1795
1177.3525,1177.391,68437,82517,Rhinolophus ferrumequinum,0.024,0.024,-1,Echolocation,/mnt/ubna_data_02_mir/recover-20220922/UBNA_001/20220921_090000.WAV,Telephone Field,recover-20220922,001,1795
1177.3625,1177.3716,25468,33322,Eptesicus serotinus,0.009,0.023,-1,Echolocation,/mnt/ubna_data_02_mir/recover-20220922/UBNA_001/20220921_090000.WAV,Telephone Field,recover-20220922,001,1795
1177.3755,1177.4152,68437,82110,Rhinolophus ferrumequinum,0.025,0.025,-1,Echolocation,/mnt/ubna_data_02_mir/recover-20220922/UBNA_001/20220921_090000.WAV,Telephone Field,recover-20220922,001,1795
1177.3985,1177.4371,68437,82360,Rhinolophus ferrumequinum,0.021,0.021,-1,Echolocation,/mnt/ubna_data_02_mir/recover-20220922/UBNA_001/20220921_090000.WAV,Telephone Field,recover-20220922,001,1795
1177.4035,1177.4124,14296,23256,Plecotus auritus,0.015,0.029,-1,Echolocation,/mnt/ubna_data_02_mir/recover-20220922/UBNA_001/20220921_090000.WAV,Telephone Field,recover-20220922,001,1795
1177.4095,1177.4485,68437,82426,Rhinolophus ferrumequinum,0.022,0.022,-1,Echolocation,/mnt/ubna_data_02_mir/recover-20220922/UBNA_001/20220921_090000.WAV,Telephone Field,recover-20220922,001,1795
1177.4245,1177.4348,24609,31436,Eptesicus serotinus,0.008,0.021,-1,Echolocation,/mnt/ubna_data_02_mir/recover-20220922/UBNA_001/20220921_090000.WAV,Telephone Field,recover-20220922,001,1795
1177.4285,1177.4682,68437,82788,Rhinolophus ferrumequinum,0.022,0.022,-1,Echolocation,/mnt/ubna_data_02_mir/recover-20220922/UBNA_001/20220921_090000.WAV,Telephone Field,recover-20220922,001,1795
1177.4445,1177.4552,22890,27863,Nyctalus leisleri,0.012,0.024,-1,Echolocation,/mnt/ubna_data_02_mir/recover-20220922/UBNA_001/20220921_090000.WAV,Telephone Field,recover-20220922,001,1795
1177.4615,1177.4723,47812,52724,Pipistrellus pipistrellus,0.025,0.029,-1,Echolocation,/mnt/ubna_data_02_mir/recover-20220922/UBNA_001/20220921_090000.WAV,Telephone Field,recover-20220922,001,1795
1177.4695,1177.5098,68437,82272,Rhinolophus ferrumequinum,0.035,0.035,-1,Echolocation,/mnt/ubna_data_02_mir/recover-20220922/UBNA_001/20220921_090000.WAV,Telephone Field,recover-20220922,001,1795
1177.4875,1177.529,68437,82691,Rhinolophus ferrumequinum,0.022,0.022,-1,Echolocation,/mnt/ubna_data_02_mir/recover-20220922/UBNA_001/20220921_090000.WAV,Telephone Field,recover-20220922,001,1795
1177.4935,1177.5336,68437,82500,Rhinolophus ferrumequinum,0.023,0.023,-1,Echolocation,/mnt/ubna_data_02_mir/recover-20220922/UBNA_001/20220921_090000.WAV,Telephone Field,recover-20220922,001,1795
1177.4985,1177.5376,68437,82241,Rhinolophus ferrumequinum,0.023,0.023,-1,Echolocation,/mnt/ubna_data_02_mir/recover-20220922/UBNA_001/20220921_090000.WAV,Telephone Field,recover-20220922,001,1795
1177.5325,1177.5653,68437,80625,Rhinolophus ferrumequinum,0.021,0.022,-1,Echolocation,/mnt/ubna_data_02_mir/recover-20220922/UBNA_001/20220921_090000.WAV,Telephone Field,recover-20220922,001,1795
1177.5395,1177.5482,28046,39121,Eptesicus serotinus,0.008,0.021,-1,Echolocation,/mnt/ubna_data_02_mir/recover-20220922/UBNA_001/20220921_090000.WAV,Telephone Field,recover-20220922,001,1795
1177.5835,1177.5925,33203,41003,Barbastellus barbastellus,0.008,0.03,-1,Echolocation,/mnt/ubna_data_02_mir/recover-20220922/UBNA_001/20220921_090000.WAV,Telephone Field,recover-20220922,001,1795
1177.5845,1177.5923,27187,40238,Eptesicus serotinus,0.009,0.026,-1,Echolocation,/mnt/ubna_data_02_mir/recover-20220922/UBNA_001/20220921_090000.WAV,Telephone Field,recover-20220922,001,1795
1177.5865,1177.6221,68437,82093,Rhinolophus ferrumequinum,0.022,0.022,-1,Echolocation,/mnt/ubna_data_02_mir/recover-20220922/UBNA_001/20220921_090000.WAV,Telephone Field,recover-20220922,001,1795
1177.6025,1177.6133,46953,50437,Pipistrellus pipistrellus,0.023,0.027,-1,Echolocation,/mnt/ubna_data_02_mir/recover-20220922/UBNA_001/20220921_090000.WAV,Telephone Field,recover-20220922,001,1795
1177.6185,1177.6557,68437,81051,Rhinolophus ferrumequinum,0.021,0.021,-1,Echolocation,/mnt/ubna_data_02_mir/recover-20220922/UBNA_001/20220921_090000.WAV,Telephone Field,recover-20220922,001,1795
1177.6395,1177.6809,68437,83050,Rhinolophus ferrumequinum,0.029,0.029,-1,Echolocation,/mnt/ubna_data_02_mir/recover-20220922/UBNA_001/20220921_090000.WAV,Telephone Field,recover-20220922,001,1795
1177.6605,1177.6997,68437,82428,Rhinolophus ferrumequinum,0.026,0.026,-1,Echolocation,/mnt/ubna_data_02_mir/recover-20220922/UBNA_001/20220921_090000.WAV,Telephone Field,recover-20220922,001,1795
1177.6715,1177.6817,22890,29067,Nyctalus leisleri,0.009,0.025,-1,Echolocation,/mnt/ubna_data_02_mir/recover-20220922/UBNA_001/20220921_090000.WAV,Telephone Field,recover-20220922,001,1795
1177.6885,1177.7267,68437,82227,Rhinolophus ferrumequinum,0.021,0.021,-1,Echolocation,/mnt/ubna_data_02_mir/recover-20220922/UBNA_001/20220921_090000.WAV,Telephone Field,recover-20220922,001,1795
1177.6885,1177.6966,49531,54097,Pipistrellus pipistrellus,0.021,0.024,-1,Echolocation,/mnt/ubna_data_02_mir/recover-20220922/UBNA_001/20220921_090000.WAV,Telephone Field,recover-20220922,001,1795
1177.7095,1177.7514,68437,83477,Rhinolophus ferrumequinum,0.031,0.031,-1,Echolocation,/mnt/ubna_data_02_mir/recover-20220922/UBNA_001/20220921_090000.WAV,Telephone Field,recover-20220922,001,1795
1177.7355,1177.7717,68437,81386,Rhinolophus ferrumequinum,0.022,0.022,-1,Echolocation,/mnt/ubna_data_02_mir/recover-20220922/UBNA_001/20220921_090000.WAV,Telephone Field,recover-20220922,001,1795
1177.7415,1177.7789,68437,81847,Rhinolophus ferrumequinum,0.022,0.022,-1,Echolocation,/mnt/ubna_data_02_mir/recover-20220922/UBNA_001/20220921_090000.WAV,Telephone Field,recover-20220922,001,1795
1177.7525,1177.7904,68437,81415,Rhinolophus ferrumequinum,0.022,0.022,-1,Echolocation,/mnt/ubna_data_02_mir/recover-20220922/UBNA_001/20220921_090000.WAV,Telephone Field,recover-20220922,001,1795
1177.7585,1177.7955,68437,81868,Rhinolophus ferrumequinum,0.022,0.022,-1,Echolocation,/mnt/ubna_data_02_mir/recover-20220922/UBNA_001/20220921_090000.WAV,Telephone Field,recover-20220922,001,1795
1177.7655,1177.7746,28046,36766,Eptesicus serotinus,0.008,0.021,-1,Echolocation,/mnt/ubna_data_02_mir/recover-20220922/UBNA_001/20220921_090000.WAV,Telephone Field,recover-20220922,001,1795
1177.7815,1177.8229,68437,82764,Rhinolophus ferrumequinum,0.021,0.021,-1,Echolocation,/mnt/ubna_data_02_mir/recover-20220922/UBNA_001/20220921_090000.WAV,Telephone Field,recover-20220922,001,1795
1177.8075,1177.8468,68437,82631,Rhinolophus ferrumequinum,0.023,0.023,-1,Echolocation,/mnt/ubna_data_02_mir/recover-20220922/UBNA_001/20220921_090000.WAV,Telephone Field,recover-20220922,001,1795
1177.8215,1177.8364,22031,25487,Nyctalus leisleri,0.017,0.027,-1,Echolocation,/mnt/ubna_data_02_mir/recover-20220922/UBNA_001/20220921_090000.WAV,Telephone Field,recover-20220922,001,1795
1177.8765,1177.8852,47812,52955,Pipistrellus pipistrellus,0.02,0.022,-1,Echolocation,/mnt/ubna_data_02_mir/recover-20220922/UBNA_001/20220921_090000.WAV,Telephone Field,recover-20220922,001,1795
1177.8945,1177.9327,68437,81819,Rhinolophus ferrumequinum,0.024,0.025,-1,Echolocation,/mnt/ubna_data_02_mir/recover-20220922/UBNA_001/20220921_090000.WAV,Telephone Field,recover-20220922,001,1795
1177.9195,1177.9589,68437,82194,Rhinolophus ferrumequinum,0.022,0.022,-1,Echolocation,/mnt/ubna_data_02_mir/recover-20220922/UBNA_001/20220921_090000.WAV,Telephone Field,recover-20220922,001,1795
1177.9565,1177.9635,23750,32513,Plecotus austriacus,0.01,0.022,-1,Echolocation,/mnt/ubna_data_02_mir/recover-20220922/UBNA_001/20220921_090000.WAV,Telephone Field,recover-20220922,001,1795
1177.9905,1178.0,27187,37393,Eptesicus serotinus,0.009,0.021,-1,Echolocation,/mnt/ubna_data_02_mir/recover-20220922/UBNA_001/20220921_090000.WAV,Telephone Field,recover-20220922,001,1795
1178.0015,1178.0112,47812,55587,Pipistrellus pipistrellus,0.022,0.027,-1,Echolocation,/mnt/ubna_data_02_mir/recover-20220922/UBNA_001/20220921_090000.WAV,Telephone Field,recover-20220922,001,1795
1178.0015,1178.0101,26328,33156,Nyctalus leisleri,0.01,0.029,-1,Echolocation,/mnt/ubna_data_02_mir/recover-20220922/UBNA_001/20220921_090000.WAV,Telephone Field,recover-20220922,001,1795
1178.0015,1178.034,68437,79594,Rhinolophus ferrumequinum,0.033,0.033,-1,Echolocation,/mnt/ubna_data_02_mir/recover-20220922/UBNA_001/20220921_090000.WAV,Telephone Field,recover-20220922,001,1795
1178.0225,1178.06,68437,81670,Rhinolophus ferrumequinum,0.021,0.021,-1,Echolocation,/mnt/ubna_data_02_mir/recover-20220922/UBNA_001/20220921_090000.WAV,Telephone Field,recover-20220922,001,1795
1178.0285,1178.0685,68437,82223,Rhinolophus ferrumequinum,0.022,0.022,-1,Echolocation,/mnt/ubna_data_02_mir/recover-20220922/UBNA_001/20220921_090000.WAV,Telephone Field,recover-20220922,001,1795
1178.0645,1178.0764,23750,28846,Nyctalus leisleri,0.013,0.027,-1,Echolocation,/mnt/ubna_data_02_mir/recover-20220922/UBNA_001/20220921_090000.WAV,Telephone Field,recover-20220922,001,1795
1178.0835,1178.1221,68437,81902,Rhinolophus ferrumequinum,0.022,0.022,-1,Echolocation,/mnt/ubna_data_02_mir/recover-20220922/UBNA_001/20220921_090000.WAV,Telephone Field,recover-20220922,001,1795
1178.0905,1178.127,68437,81077,Rhinolophus ferrumequinum,0.023,0.023,-1,Echolocation,/mnt/ubna_data_02_mir/recover-20220922/UBNA_001/20220921_090000.WAV,Telephone Field,recover-20220922,001,1795
1178.0995,1178.1372,68437,81922,Rhinolophus ferrumequinum,0.022,0.022,-1,Echolocation,/mnt/ubna_data_02_mir/recover-20220922/UBNA_001/20220921_090000.WAV,Telephone Field,recover-20220922,001,1795
1178.1025,1178.1099,24609,33771,Plecotus austriacus,0.009,0.025,-1,Echolocation,/mnt/ubna_data_02_mir/recover-20220922/UBNA_001/20220921_090000.WAV,Telephone Field,recover-20220922,001,1795
1178.1145,1178.1547,68437,82667,Rhinolophus ferrumequinum,0.036,0.036,-1,Echolocation,/mnt/ubna_data_02_mir/recover-20220922/UBNA_001/20220921_090000.WAV,Telephone Field,recover-20220922,001,1795
1178.1505,1178.1632,24609,29196,Nyctalus leisleri,0.013,0.027,-1,Echolocation,/mnt/ubna_data_02_mir/recover-20220922/UBNA_001/20220921_090000.WAV,Telephone Field,recover-20220922,001,1795
1178.1545,1178.1884,68437,81177,Rhinolophus ferrumequinum,0.039,0.039,-1,Echolocation,/mnt/ubna_data_02_mir/recover-20220922/UBNA_001/20220921_090000.WAV,Telephone Field,recover-20220922,001,1795
1178.1615,1178.1717,22890,27045,Nyctalus leisleri,0.012,0.023,-1,Echolocation,/mnt/ubna_data_02_mir/recover-20220922/UBNA_001/20220921_090000.WAV,Telephone Field,recover-20220922,001,1795
1178.1705,1178.208,68437,81998,Rhinolophus ferrumequinum,0.021,0.021,-1,Echolocation,/mnt/ubna_data_02_mir/recover-20220922/UBNA_001/20220921_090000.WAV,Telephone Field,recover-20220922,001,1795
1178.1945,1178.2034,28046,36644,Eptesicus serotinus,0.009,0.021,-1,Echolocation,/mnt/ubna_data_02_mir/recover-20220922/UBNA_001/20220921_090000.WAV,Telephone Field,recover-20220922,001,1795
1178.1955,1178.234,68437,82013,Rhinolophus ferrumequinum,0.023,0.023,-1,Echolocation,/mnt/ubna_data_02_mir/recover-20220922/UBNA_001/20220921_090000.WAV,Telephone Field,recover-20220922,001,1795
1178.2075,1178.2187,23750,28992,Nyctalus leisleri,0.012,0.025,-1,Echolocation,/mnt/ubna_data_02_mir/recover-20220922/UBNA_001/20220921_090000.WAV,Telephone Field,recover-20220922,001,1795
1178.2245,1178.2654,68437,82077,Rhinolophus ferrumequinum,0.023,0.023,-1,Echolocation,/mnt/ubna_data_02_mir/recover-20220922/UBNA_001/20220921_090000.WAV,Telephone Field,recover-20220922,001,1795
1178.2325,1178.2747,68437,82908,Rhinolophus ferrumequinum,0.025,0.025,-1,Echolocation,/mnt/ubna_data_02_mir/recover-20220922/UBNA_001/20220921_090000.WAV,Telephone Field,recover-20220922,001,1795
1178.2395,1178.2512,22890,27545,Nyctalus leisleri,0.012,0.023,-1,Echolocation,/mnt/ubna_data_02_mir/recover-20220922/UBNA_001/20220921_090000.WAV,Telephone Field,recover-20220922,001,1795
1178.2405,1178.2816,68437,82726,Rhinolophus ferrumequinum,0.021,0.021,-1,Echolocation,/mnt/ubna_data_02_mir/recover-20220922/UBNA_001/20220921_090000.WAV,Telephone Field,recover-20220922,001,1795
1178.2715,1178.279,28046,40042,Eptesicus serotinus,0.006,0.021,-1,Echolocation,/mnt/ubna_data_02_mir/recover-20220922/UBNA_001/20220921_090000.WAV,Telephone Field,recover-20220922,001,1795
1178.2895,1178.3304,68437,82309,Rhinolophus ferrumequinum,0.032,0.032,-1,Echolocation,/mnt/ubna_data_02_mir/recover-20220922/UBNA_001/20220921_090000.WAV,Telephone Field,recover-20220922,001,1795
1178.2955,1178.3045,28906,37603,Eptesicus serotinus,0.009,0.025,-1,Echolocation,/mnt/ubna_data_02_mir/recover-20220922/UBNA_001/20220921_090000.WAV,Telephone Field,recover-20220922,001,1795
1178.3005,1178.3419,68437,82439,Rhinolophus ferrumequinum,0.026,0.026,-1,Echolocation,/mnt/ubna_data_02_mir/recover-20220922/UBNA_001/20220921_090000.WAV,Telephone Field,recover-20220922,001,1795
1178.3415,1178.3807,68437,82278,Rhinolophus ferrumequinum,0.023,0.023,-1,Echolocation,/mnt/ubna_data_02_mir/recover-20220922/UBNA_001/20220921_090000.WAV,Telephone Field,recover-20220922,001,1795
1178.3485,1178.3893,68437,82424,Rhinolophus ferrumequinum,0.024,0.024,-1,Echolocation,/mnt/ubna_data_02_mir/recover-20220922/UBNA_001/20220921_090000.WAV,Telephone Field,recover-20220922,001,1795
1178.3685,1178.4103,68437,83044,Rhinolophus ferrumequinum,0.029,0.029,-1,Echolocation,/mnt/ubna_data_02_mir/recover-20220922/UBNA_001/20220921_090000.WAV,Telephone Field,recover-20220922,001,1795
1178.3925,1178.403,34921,41788,Barbastellus barbastellus,0.01,0.035,-1,Echolocation,/mnt/ubna_data_02_mir/recover-20220922/UBNA_001/20220921_090000.WAV,Telephone Field,recover-20220922,001,1795
1178.4165,1178.4533,68437,81679,Rhinolophus ferrumequinum,0.023,0.023,-1,Echolocation,/mnt/ubna_data_02_mir/recover-20220922/UBNA_001/20220921_090000.WAV,Telephone Field,recover-20220922,001,1795
1178.4235,1178.4341,25468,32584,Nyctalus leisleri,0.011,0.031,-1,Echolocation,/mnt/ubna_data_02_mir/recover-20220922/UBNA_001/20220921_090000.WAV,Telephone Field,recover-20220922,001,1795
1178.4445,1178.4876,68437,82978,Rhinolophus ferrumequinum,0.027,0.027,-1,Echolocation,/mnt/ubna_data_02_mir/recover-20220922/UBNA_001/20220921_090000.WAV,Telephone Field,recover-20220922,001,1795
1178.4875,1178.5249,68437,81151,Rhinolophus ferrumequinum,0.037,0.037,-1,Echolocation,/mnt/ubna_data_02_mir/recover-20220922/UBNA_001/20220921_090000.WAV,Telephone Field,recover-20220922,001,1795
1178.5145,1178.5522,68437,81554,Rhinolophus ferrumequinum,0.022,0.022,-1,Echolocation,/mnt/ubna_data_02_mir/recover-20220922/UBNA_001/20220921_090000.WAV,Telephone Field,recover-20220922,001,1795
1178.5335,1178.5729,68437,82117,Rhinolophus ferrumequinum,0.022,0.022,-1,Echolocation,/mnt/ubna_data_02_mir/recover-20220922/UBNA_001/20220921_090000.WAV,Telephone Field,recover-20220922,001,1795
1178.5735,1178.6065,68437,79778,Rhinolophus ferrumequinum,0.024,0.024,-1,Echolocation,/mnt/ubna_data_02_mir/recover-20220922/UBNA_001/20220921_090000.WAV,Telephone Field,recover-20220922,001,1795
1178.6275,1178.639,28906,36344,Eptesicus serotinus,0.017,0.032,-1,Echolocation,/mnt/ubna_data_02_mir/recover-20220922/UBNA_001/20220921_090000.WAV,Telephone Field,recover-20220922,001,1795
1178.6405,1178.6859,68437,83145,Rhinolophus ferrumequinum,0.043,0.043,-1,Echolocation,/mnt/ubna_data_02_mir/recover-20220922/UBNA_001/20220921_090000.WAV,Telephone Field,recover-20220922,001,1795
1178.6605,1178.6712,22890,27189,Nyctalus leisleri,0.012,0.022,-1,Echolocation,/mnt/ubna_data_02_mir/recover-20220922/UBNA_001/20220921_090000.WAV,Telephone Field,recover-20220922,001,1795
1178.7285,1178.7365,26328,35693,Eptesicus serotinus,0.01,0.026,-1,Echolocation,/mnt/ubna_data_02_mir/recover-20220922/UBNA_001/20220921_090000.WAV,Telephone Field,recover-20220922,001,1795
1178.7395,1178.7804,68437,82848,Rhinolophus ferrumequinum,0.026,0.026,-1,Echolocation,/mnt/ubna_data_02_mir/recover-20220922/UBNA_001/20220921_090000.WAV,Telephone Field,recover-20220922,001,1795
1178.7725,1178.8105,68437,80933,Rhinolophus ferrumequinum,0.025,0.025,-1,Echolocation,/mnt/ubna_data_02_mir/recover-20220922/UBNA_001/20220921_090000.WAV,Telephone Field,recover-20220922,001,1795
1178.7905,1178.801,28046,35891,Eptesicus serotinus,0.014,0.027,-1,Echolocation,/mnt/ubna_data_02_mir/recover-20220922/UBNA_001/20220921_090000.WAV,Telephone Field,recover-20220922,001,1795
1178.7955,1178.8049,44375,47023,Pipistrellus pipistrellus,0.027,0.029,-1,Echolocation,/mnt/ubna_data_02_mir/recover-20220922/UBNA_001/20220921_090000.WAV,Telephone Field,recover-20220922,001,1795
1178.7975,1178.8352,68437,81680,Rhinolophus ferrumequinum,0.021,0.021,-1,Echolocation,/mnt/ubna_data_02_mir/recover-20220922/UBNA_001/20220921_090000.WAV,Telephone Field,recover-20220922,001,1795
1178.8345,1178.8746,68437,81667,Rhinolophus ferrumequinum,0.022,0.022,-1,Echolocation,/mnt/ubna_data_02_mir/recover-20220922/UBNA_001/20220921_090000.WAV,Telephone Field,recover-20220922,001,1795
1178.8455,1178.8828,68437,81425,Rhinolophus ferrumequinum,0.025,0.025,-1,Echolocation,/mnt/ubna_data_02_mir/recover-20220922/UBNA_001/20220921_090000.WAV,Telephone Field,recover-20220922,001,1795
1178.9025,1178.9446,68437,83105,Rhinolophus ferrumequinum,0.031,0.031,-1,Echolocation,/mnt/ubna_data_02_mir/recover-20220922/UBNA_001/20220921_090000.WAV,Telephone Field,recover-20220922,001,1795
1178.9165,1178.9299,23750,27842,Nyctalus leisleri,0.017,0.03,-1,Echolocation,/mnt/ubna_data_02_mir/recover-20220922/UBNA_001/20220921_090000.WAV,Telephone Field,recover-20220922,001,1795
1178.9185,1178.9558,68437,81311,Rhinolophus ferrumequinum,0.022,0.022,-1,Echolocation,/mnt/ubna_data_02_mir/recover-20220922/UBNA_001/20220921_090000.WAV,Telephone Field,recover-20220922,001,1795
1178.9715,1179.0095,68437,81837,Rhinolophus ferrumequinum,0.022,0.022,-1,Echolocation,/mnt/ubna_data_02_mir/recover-20220922/UBNA_001/20220921_090000.WAV,Telephone Field,recover-20220922,001,1795
1179.0015,1179.0089,34921,43065,Barbastellus barbastellus,0.018,0.042,-1,Echolocation,/mnt/ubna_data_02_mir/recover-20220922/UBNA_001/20220921_090000.WAV,Telephone Field,recover-20220922,001,1795
1179.0025,1179.0104,26328,40313,Eptesicus serotinus,0.008,0.025,-1,Echolocation,/mnt/ubna_data_02_mir/recover-20220922/UBNA_001/20220921_090000.WAV,Telephone Field,recover-20220922,001,1795
1179.0115,1179.0206,28906,37408,Eptesicus serotinus,0.009,0.024,-1,Echolocation,/mnt/ubna_data_02_mir/recover-20220922/UBNA_001/20220921_090000.WAV,Telephone Field,recover-20220922,001,1795
1179.0415,1179.0783,68437,81048,Rhinolophus ferrumequinum,0.021,0.021,-1,Echolocation,/mnt/ubna_data_02_mir/recover-20220922/UBNA_001/20220921_090000.WAV,Telephone Field,recover-20220922,001,1795
1179.0475,1179.057,22031,28155,Plecotus austriacus,0.009,0.022,-1,Echolocation,/mnt/ubna_data_02_mir/recover-20220922/UBNA_001/20220921_090000.WAV,Telephone Field,recover-20220922,001,1795
1179.0755,1179.1178,68437,82381,Rhinolophus ferrumequinum,0.024,0.024,-1,Echolocation,/mnt/ubna_data_02_mir/recover-20220922/UBNA_001/20220921_090000.WAV,Telephone Field,recover-20220922,001,1795
1179.0835,1179.1243,68437,82666,Rhinolophus ferrumequinum,0.022,0.022,-1,Echolocation,/mnt/ubna_data_02_mir/recover-20220922/UBNA_001/20220921_090000.WAV,Telephone Field,recover-20220922,001,1795
1179.1165,1179.1594,68437,82544,Rhinolophus ferrumequinum,0.033,0.033,-1,Echolocation,/mnt/ubna_data_02_mir/recover-20220922/UBNA_001/20220921_090000.WAV,Telephone Field,recover-20220922,001,1795
1179.1235,1179.167,68437,83380,Rhinolophus ferrumequinum,0.033,0.034,-1,Echolocation,/mnt/ubna_data_02_mir/recover-20220922/UBNA_001/20220921_090000.WAV,Telephone Field,recover-20220922,001,1795
1179.1955,1179.2052,28906,36839,Eptesicus serotinus,0.012,0.028,-1,Echolocation,/mnt/ubna_data_02_mir/recover-20220922/UBNA_001/20220921_090000.WAV,Telephone Field,recover-20220922,001,1795
1179.2205,1179.2632,68437,82946,Rhinolophus ferrumequinum,0.034,0.034,-1,Echolocation,/mnt/ubna_data_02_mir/recover-20220922/UBNA_001/20220921_090000.WAV,Telephone Field,recover-20220922,001,1795
1179.2395,1179.279,68437,82150,Rhinolophus ferrumequinum,0.021,0.021,-1,Echolocation,/mnt/ubna_data_02_mir/recover-20220922/UBNA_001/20220921_090000.WAV,Telephone Field,recover-20220922,001,1795
1179.2445,1179.2842,68437,82542,Rhinolophus ferrumequinum,0.022,0.022,-1,Echolocation,/mnt/ubna_data_02_mir/recover-20220922/UBNA_001/20220921_090000.WAV,Telephone Field,recover-20220922,001,1795
1179.2665,1179.307,68437,82075,Rhinolophus ferrumequinum,0.022,0.022,-1,Echolocation,/mnt/ubna_data_02_mir/recover-20220922/UBNA_001/20220921_090000.WAV,Telephone Field,recover-20220922,001,1795
1179.2755,1179.316,68437,82959,Rhinolophus ferrumequinum,0.032,0.032,-1,Echolocation,/mnt/ubna_data_02_mir/recover-20220922/UBNA_001/20220921_090000.WAV,Telephone Field,recover-20220922,001,1795
1179.3115,1179.3511,68437,82584,Rhinolophus ferrumequinum,0.024,0.024,-1,Echolocation,/mnt/ubna_data_02_mir/recover-20220922/UBNA_001/20220921_090000.WAV,Telephone Field,recover-20220922,001,1795
1179.3185,1179.3597,68437,82597,Rhinolophus ferrumequinum,0.024,0.024,-1,Echolocation,/mnt/ubna_data_02_mir/recover-20220922/UBNA_001/20220921_090000.WAV,Telephone Field,recover-20220922,001,1795
1179.3405,1179.3546,22890,26608,Nyctalus leisleri,0.021,0.036,-1,Echolocation,/mnt/ubna_data_02_mir/recover-20220922/UBNA_001/20220921_090000.WAV,Telephone Field,recover-20220922,001,1795
1179.3495,1179.384,68437,81117,Rhinolophus ferrumequinum,0.021,0.021,-1,Echolocation,/mnt/ubna_data_02_mir/recover-20220922/UBNA_001/20220921_090000.WAV,Telephone Field,recover-20220922,001,1795
1179.3655,1179.382,21171,24248,Nyctalus leisleri,0.017,0.027,-1,Echolocation,/mnt/ubna_data_02_mir/recover-20220922/UBNA_001/20220921_090000.WAV,Telephone Field,recover-20220922,001,1795
1179.3795,1179.4177,68437,82264,Rhinolophus ferrumequinum,0.026,0.027,-1,Echolocation,/mnt/ubna_data_02_mir/recover-20220922/UBNA_001/20220921_090000.WAV,Telephone Field,recover-20220922,001,1795
1179.3805,1179.3899,28906,38147,Eptesicus serotinus,0.009,0.024,-1,Echolocation,/mnt/ubna_data_02_mir/recover-20220922/UBNA_001/20220921_090000.WAV,Telephone Field,recover-20220922,001,1795
1179.3945,1179.431,68437,81089,Rhinolophus ferrumequinum,0.021,0.021,-1,Echolocation,/mnt/ubna_data_02_mir/recover-20220922/UBNA_001/20220921_090000.WAV,Telephone Field,recover-20220922,001,1795
1179.4035,1179.4414,68437,81439,Rhinolophus ferrumequinum,0.024,0.024,-1,Echolocation,/mnt/ubna_data_02_mir/recover-20220922/UBNA_001/20220921_090000.WAV,Telephone Field,recover-20220922,001,1795
1179.4135,1179.4496,68437,81568,Rhinolophus ferrumequinum,0.022,0.023,-1,Echolocation,/mnt/ubna_data_02_mir/recover-20220922/UBNA_001/20220921_090000.WAV,Telephone Field,recover-20220922,001,1795
1179.4445,1179.4821,68437,81903,Rhinolophus ferrumequinum,0.024,0.024,-1,Echolocation,/mnt/ubna_data_02_mir/recover-20220922/UBNA_001/20220921_090000.WAV,Telephone Field,recover-20220922,001,1795
1179.4995,1179.5412,68437,82794,Rhinolophus ferrumequinum,0.031,0.032,-1,Echolocation,/mnt/ubna_data_02_mir/recover-20220922/UBNA_001/20220921_090000.WAV,Telephone Field,recover-20220922,001,1795
1179.5445,1179.5839,68437,82271,Rhinolophus ferrumequinum,0.023,0.023,-1,Echolocation,/mnt/ubna_data_02_mir/recover-20220922/UBNA_001/20220921_090000.WAV,Telephone Field,recover-20220922,001,1795
1179.5665,1179.6017,68437,81163,Rhinolophus ferrumequinum,0.025,0.025,-1,Echolocation,/mnt/ubna_data_02_mir/recover-20220922/UBNA_001/20220921_090000.WAV,Telephone Field,recover-20220922,001,1795
1179.5815,1179.621,68437,81831,Rhinolophus ferrumequinum,0.023,0.023,-1,Echolocation,/mnt/ubna_data_02_mir/recover-20220922/UBNA_001/20220921_090000.WAV,Telephone Field,recover-20220922,001,1795
1179.6265,1179.6699,68437,82994,Rhinolophus ferrumequinum,0.032,0.032,-1,Echolocation,/mnt/ubna_data_02_mir/recover-20220922/UBNA_001/20220921_090000.WAV,Telephone Field,recover-20220922,001,1795
1179.6585,1179.6986,68437,82359,Rhinolophus ferrumequinum,0.024,0.024,-1,Echolocation,/mnt/ubna_data_02_mir/recover-20220922/UBNA_001/20220921_090000.WAV,Telephone Field,recover-20220922,001,1795
1179.7085,1179.7482,68437,82728,Rhinolophus ferrumequinum,0.026,0.026,-1,Echolocation,/mnt/ubna_data_02_mir/recover-20220922/UBNA_001/20220921_090000.WAV,Telephone Field,recover-20220922,001,1795
1179.7305,1179.7706,68437,82722,Rhinolophus ferrumequinum,0.034,0.034,-1,Echolocation,/mnt/ubna_data_02_mir/recover-20220922/UBNA_001/20220921_090000.WAV,Telephone Field,recover-20220922,001,1795
1179.7555,1179.7662,23750,28639,Nyctalus leisleri,0.011,0.023,-1,Echolocation,/mnt/ubna_data_02_mir/recover-20220922/UBNA_001/20220921_090000.WAV,Telephone Field,recover-20220922,001,1795
1179.7925,1179.8315,68437,81546,Rhinolophus ferrumequinum,0.021,0.021,-1,Echolocation,/mnt/ubna_data_02_mir/recover-20220922/UBNA_001/20220921_090000.WAV,Telephone Field,recover-20220922,001,1795
1179.7985,1179.8362,68437,81914,Rhinolophus ferrumequinum,0.021,0.021,-1,Echolocation,/mnt/ubna_data_02_mir/recover-20220922/UBNA_001/20220921_090000.WAV,Telephone Field,recover-20220922,001,1795
1179.8145,1179.8219,24609,34080,Plecotus austriacus,0.01,0.027,-1,Echolocation,/mnt/ubna_data_02_mir/recover-20220922/UBNA_001/20220921_090000.WAV,Telephone Field,recover-20220922,001,1795
1179.8345,1179.873,68437,82494,Rhinolophus ferrumequinum,0.026,0.026,-1,Echolocation,/mnt/ubna_data_02_mir/recover-20220922/UBNA_001/20220921_090000.WAV,Telephone Field,recover-20220922,001,1795
1179.8415,1179.8778,68437,82117,Rhinolophus ferrumequinum,0.021,0.021,-1,Echolocation,/mnt/ubna_data_02_mir/recover-20220922/UBNA_001/20220921_090000.WAV,Telephone Field,recover-20220922,001,1795
1179.8875,1179.9309,68437,82849,Rhinolophus ferrumequinum,0.027,0.027,-1,Echolocation,/mnt/ubna_data_02_mir/recover-20220922/UBNA_001/20220921_090000.WAV,Telephone Field,recover-20220922,001,1795
1179.9095,1179.9495,68437,82346,Rhinolophus ferrumequinum,0.022,0.022,-1,Echolocation,/mnt/ubna_data_02_mir/recover-20220922/UBNA_001/20220921_090000.WAV,Telephone Field,recover-20220922,001,1795
1179.9585,1179.9969,68437,82060,Rhinolophus ferrumequinum,0.027,0.027,-1,Echolocation,/mnt/ubna_data_02_mir/recover-20220922/UBNA_001/20220921_090000.WAV,Telephone Field,recover-20220922,001,1795
1179.9885,1179.9977,28046,40227,Eptesicus serotinus,0.009,0.024,-1,Echolocation,/mnt/ubna_data_02_mir/recover-20220922/UBNA_001/20220921_090000.WAV,Telephone Field,recover-20220922,001,1795
1180.0015,1180.0351,69296,81313,Rhinolophus ferrumequinum,0.031,0.031,-1,Echolocation,/mnt/ubna_data_02_mir/recover-20220922/UBNA_001/20220921_090000.WAV,Telephone Field,recover-20220922,001,1795
1180.0015,1180.0107,23750,30088,Nyctalus leisleri,0.014,0.032,-1,Echolocation,/mnt/ubna_data_02_mir/recover-20220922/UBNA_001/20220921_090000.WAV,Telephone Field,recover-20220922,001,1795
1180.0315,1180.0673,68437,81940,Rhinolophus ferrumequinum,0.021,0.021,-1,Echolocation,/mnt/ubna_data_02_mir/recover-20220922/UBNA_001/20220921_090000.WAV,Telephone Field,recover-20220922,001,1795
1180.0555,1180.0655,26328,33636,Eptesicus serotinus,0.01,0.022,-1,Echolocation,/mnt/ubna_data_02_mir/recover-20220922/UBNA_001/20220921_090000.WAV,Telephone Field,recover-20220922,001,1795
1180.0585,1180.0962,68437,82081,Rhinolophus ferrumequinum,0.026,0.026,-1,Echolocation,/mnt/ubna_data_02_mir/recover-20220922/UBNA_001/20220921_090000.WAV,Telephone Field,recover-20220922,001,1795
1180.0695,1180.1092,68437,82734,Rhinolophus ferrumequinum,0.026,0.026,-1,Echolocation,/mnt/ubna_data_02_mir/recover-20220922/UBNA_001/20220921_090000.WAV,Telephone Field,recover-20220922,001,1795
1180.0775,1180.115,68437,82097,Rhinolophus ferrumequinum,0.022,0.022,-1,Echolocation,/mnt/ubna_data_02_mir/recover-20220922/UBNA_001/20220921_090000.WAV,Telephone Field,recover-20220922,001,1795
1180.0855,1180.0959,22890,28194,Nyctalus leisleri,0.01,0.021,-1,Echolocation,/mnt/ubna_data_02_mir/recover-20220922/UBNA_001/20220921_090000.WAV,Telephone Field,recover-20220922,001,1795
1180.1315,1180.1724,68437,83028,Rhinolophus ferrumequinum,0.031,0.031,-1,Echolocation,/mnt/ubna_data_02_mir/recover-20220922/UBNA_001/20220921_090000.WAV,Telephone Field,recover-20220922,001,1795
1180.1415,1180.1822,68437,82896,Rhinolophus ferrumequinum,0.024,0.024,-1,Echolocation,/mnt/ubna_data_02_mir/recover-20220922/UBNA_001/20220921_090000.WAV,Telephone Field,recover-20220922,001,1795
1180.1595,1180.167,23750,31868,Plecotus austriacus,0.009,0.022,-1,Echolocation,/mnt/ubna_data_02_mir/recover-20220922/UBNA_001/20220921_090000.WAV,Telephone Field,recover-20220922,001,1795
1180.1665,1180.2033,68437,81772,Rhinolophus ferrumequinum,0.021,0.021,-1,Echolocation,/mnt/ubna_data_02_mir/recover-20220922/UBNA_001/20220921_090000.WAV,Telephone Field,recover-20220922,001,1795
1180.1835,1180.2235,68437,81833,Rhinolophus ferrumequinum,0.022,0.022,-1,Echolocation,/mnt/ubna_data_02_mir/recover-20220922/UBNA_001/20220921_090000.WAV,Telephone Field,recover-20220922,001,1795
1180.2085,1180.2484,68437,82821,Rhinolophus ferrumequinum,0.023,0.023,-1,Echolocation,/mnt/ubna_data_02_mir/recover-20220922/UBNA_001/20220921_090000.WAV,Telephone Field,recover-20220922,001,1795
1180.2185,1180.2588,68437,82819,Rhinolophus ferrumequinum,0.022,0.022,-1,Echolocation,/mnt/ubna_data_02_mir/recover-20220922/UBNA_001/20220921_090000.WAV,Telephone Field,recover-20220922,001,1795
1180.2495,1180.2605,24609,31636,Nyctalus leisleri,0.01,0.03,-1,Echolocation,/mnt/ubna_data_02_mir/recover-20220922/UBNA_001/20220921_090000.WAV,Telephone Field,recover-20220922,001,1795
1180.2605,1180.27,26328,34057,Eptesicus serotinus,0.01,0.023,-1,Echolocation,/mnt/ubna_data_02_mir/recover-20220922/UBNA_001/20220921_090000.WAV,Telephone Field,recover-20220922,001,1795
1180.2745,1180.3121,68437,82037,Rhinolophus ferrumequinum,0.022,0.022,-1,Echolocation,/mnt/ubna_data_02_mir/recover-20220922/UBNA_001/20220921_090000.WAV,Telephone Field,recover-20220922,001,1795
1180.2825,1180.318,68437,81815,Rhinolophus ferrumequinum,0.022,0.022,-1,Echolocation,/mnt/ubna_data_02_mir/recover-20220922/UBNA_001/20220921_090000.WAV,Telephone Field,recover-20220922,001,1795
1180.3085,1180.3488,68437,82811,Rhinolophus ferrumequinum,0.029,0.029,-1,Echolocation,/mnt/ubna_data_02_mir/recover-20220922/UBNA_001/20220921_090000.WAV,Telephone Field,recover-20220922,001,1795
1180.3475,1180.3855,68437,82267,Rhinolophus ferrumequinum,0.037,0.037,-1,Echolocation,/mnt/ubna_data_02_mir/recover-20220922/UBNA_001/20220921_090000.WAV,Telephone Field,recover-20220922,001,1795
1180.3605,1180.3716,22890,27495,Nyctalus leisleri,0.011,0.022,-1,Echolocation,/mnt/ubna_data_02_mir/recover-20220922/UBNA_001/20220921_090000.WAV,Telephone Field,recover-20220922,001,1795
1180.3635,1180.4028,68437,82174,Rhinolophus ferrumequinum,0.021,0.021,-1,Echolocation,/mnt/ubna_data_02_mir/recover-20220922/UBNA_001/20220921_090000.WAV,Telephone Field,recover-20220922,001,1795
1180.3805,1180.3902,28906,36877,Eptesicus serotinus,0.009,0.022,-1,Echolocation,/mnt/ubna_data_02_mir/recover-20220922/UBNA_001/20220921_090000.WAV,Telephone Field,recover-20220922,001,1795
1180.4115,1180.4482,68437,81275,Rhinolophus ferrumequinum,0.023,0.023,-1,Echolocation,/mnt/ubna_data_02_mir/recover-20220922/UBNA_001/20220921_090000.WAV,Telephone Field,recover-20220922,001,1795
1180.4195,1180.4574,68437,82657,Rhinolophus ferrumequinum,0.027,0.027,-1,Echolocation,/mnt/ubna_data_02_mir/recover-20220922/UBNA_001/20220921_090000.WAV,Telephone Field,recover-20220922,001,1795
1180.4315,1180.4383,25468,39505,Myotis nattereri,0.005,0.021,-1,Echolocation,/mnt/ubna_data_02_mir/recover-20220922/UBNA_001/20220921_090000.WAV,Telephone Field,recover-20220922,001,1795
1180.4565,1180.4934,68437,81449,Rhinolophus ferrumequinum,0.021,0.022,-1,Echolocation,/mnt/ubna_data_02_mir/recover-20220922/UBNA_001/20220921_090000.WAV,Telephone Field,recover-20220922,001,1795
1180.4795,1180.516,68437,81975,Rhinolophus ferrumequinum,0.021,0.021,-1,Echolocation,/mnt/ubna_data_02_mir/recover-20220922/UBNA_001/20220921_090000.WAV,Telephone Field,recover-20220922,001,1795
1180.5215,1180.5598,68437,81483,Rhinolophus ferrumequinum,0.022,0.022,-1,Echolocation,/mnt/ubna_data_02_mir/recover-20220922/UBNA_001/20220921_090000.WAV,Telephone Field,recover-20220922,001,1795
1180.5585,1180.5932,68437,80952,Rhinolophus ferrumequinum,0.022,0.022,-1,Echolocation,/mnt/ubna_data_02_mir/recover-20220922/UBNA_001/20220921_090000.WAV,Telephone Field,recover-20220922,001,1795
1180.5665,1180.6014,68437,80751,Rhinolophus ferrumequinum,0.023,0.024,-1,Echolocation,/mnt/ubna_data_02_mir/recover-20220922/UBNA_001/20220921_090000.WAV,Telephone Field,recover-20220922,001,1795
1180.5825,1180.5909,28046,37004,Eptesicus serotinus,0.01,0.026,-1,Echolocation,/mnt/ubna_data_02_mir/recover-20220922/UBNA_001/20220921_090000.WAV,Telephone Field,recover-20220922,001,1795
1180.6595,1180.6683,28046,37115,Eptesicus serotinus,0.009,0.025,-1,Echolocation,/mnt/ubna_data_02_mir/recover-20220922/UBNA_001/20220921_090000.WAV,Telephone Field,recover-20220922,001,1795
1180.6655,1180.6738,28046,37061,Eptesicus serotinus,0.007,0.023,-1,Echolocation,/mnt/ubna_data_02_mir/recover-20220922/UBNA_001/20220921_090000.WAV,Telephone Field,recover-20220922,001,1795
1180.6865,1180.7229,68437,81934,Rhinolophus ferrumequinum,0.025,0.025,-1,Echolocation,/mnt/ubna_data_02_mir/recover-20220922/UBNA_001/20220921_090000.WAV,Telephone Field,recover-20220922,001,1795
1180.7625,1180.8047,68437,82884,Rhinolophus ferrumequinum,0.035,0.035,-1,Echolocation,/mnt/ubna_data_02_mir/recover-20220922/UBNA_001/20220921_090000.WAV,Telephone Field,recover-20220922,001,1795
1180.8285,1180.8393,23750,28671,Nyctalus leisleri,0.012,0.025,-1,Echolocation,/mnt/ubna_data_02_mir/recover-20220922/UBNA_001/20220921_090000.WAV,Telephone Field,recover-20220922,001,1795
1180.8325,1180.8717,68437,82679,Rhinolophus ferrumequinum,0.024,0.024,-1,Echolocation,/mnt/ubna_data_02_mir/recover-20220922/UBNA_001/20220921_090000.WAV,Telephone Field,recover-20220922,001,1795
1180.9015,1180.9339,68437,79872,Rhinolophus ferrumequinum,0.021,0.021,-1,Echolocation,/mnt/ubna_data_02_mir/recover-20220922/UBNA_001/20220921_090000.WAV,Telephone Field,recover-20220922,001,1795
1180.9055,1180.9154,22031,28628,Plecotus austriacus,0.011,0.028,-1,Echolocation,/mnt/ubna_data_02_mir/recover-20220922/UBNA_001/20220921_090000.WAV,Telephone Field,recover-20220922,001,1795
1180.9285,1180.9385,22031,26997,Nyctalus leisleri,0.01,0.022,-1,Echolocation,/mnt/ubna_data_02_mir/recover-20220922/UBNA_001/20220921_090000.WAV,Telephone Field,recover-20220922,001,1795
1180.9375,1180.9788,68437,83381,Rhinolophus ferrumequinum,0.034,0.034,-1,Echolocation,/mnt/ubna_data_02_mir/recover-20220922/UBNA_001/20220921_090000.WAV,Telephone Field,recover-20220922,001,1795
1180.9625,1181.0071,68437,83678,Rhinolophus ferrumequinum,0.04,0.04,-1,Echolocation,/mnt/ubna_data_02_mir/recover-20220922/UBNA_001/20220921_090000.WAV,Telephone Field,recover-20220922,001,1795
1180.9735,1181.0151,68437,82750,Rhinolophus ferrumequinum,0.027,0.027,-1,Echolocation,/mnt/ubna_data_02_mir/recover-20220922/UBNA_001/20220921_090000.WAV,Telephone Field,recover-20220922,001,1795
1180.9765,1180.9868,28046,36480,Eptesicus serotinus,0.013,0.027,-1,Echolocation,/mnt/ubna_data_02_mir/recover-20220922/UBNA_001/20220921_090000.WAV,Telephone Field,recover-20220922,001,1795
1181.0095,1181.0185,24609,33107,Eptesicus serotinus,0.008,0.022,-1,Echolocation,/mnt/ubna_data_02_mir/recover-20220922/UBNA_001/20220921_090000.WAV,Telephone Field,recover-20220922,001,1795
1181.0265,1181.0693,68437,83117,Rhinolophus ferrumequinum,0.026,0.026,-1,Echolocation,/mnt/ubna_data_02_mir/recover-20220922/UBNA_001/20220921_090000.WAV,Telephone Field,recover-20220922,001,1795
1181.0745,1181.1157,68437,82134,Rhinolophus ferrumequinum,0.024,0.024,-1,Echolocation,/mnt/ubna_data_02_mir/recover-20220922/UBNA_001/20220921_090000.WAV,Telephone Field,recover-20220922,001,1795
1181.1185,1181.1576,68437,82332,Rhinolophus ferrumequinum,0.022,0.022,-1,Echolocation,/mnt/ubna_data_02_mir/recover-20220922/UBNA_001/20220921_090000.WAV,Telephone Field,recover-20220922,001,1795
1181.1365,1181.1754,68437,82315,Rhinolophus ferrumequinum,0.022,0.022,-1,Echolocation,/mnt/ubna_data_02_mir/recover-20220922/UBNA_001/20220921_090000.WAV,Telephone Field,recover-20220922,001,1795
1181.1425,1181.1818,68437,82225,Rhinolophus ferrumequinum,0.022,0.022,-1,Echolocation,/mnt/ubna_data_02_mir/recover-20220922/UBNA_001/20220921_090000.WAV,Telephone Field,recover-20220922,001,1795
1181.1605,1181.1986,68437,81606,Rhinolophus ferrumequinum,0.021,0.021,-1,Echolocation,/mnt/ubna_data_02_mir/recover-20220922/UBNA_001/20220921_090000.WAV,Telephone Field,recover-20220922,001,1795
1181.1685,1181.209,68437,82693,Rhinolophus ferrumequinum,0.026,0.026,-1,Echolocation,/mnt/ubna_data_02_mir/recover-20220922/UBNA_001/20220921_090000.WAV,Telephone Field,recover-20220922,001,1795
1181.1955,1181.21,21171,25201,Nyctalus leisleri,0.012,0.024,-1,Echolocation,/mnt/ubna_data_02_mir/recover-20220922/UBNA_001/20220921_090000.WAV,Telephone Field,recover-20220922,001,1795
1181.1975,1181.2356,68437,82224,Rhinolophus ferrumequinum,0.025,0.025,-1,Echolocation,/mnt/ubna_data_02_mir/recover-20220922/UBNA_001/20220921_090000.WAV,Telephone Field,recover-20220922,001,1795
1181.2185,1181.258,68437,82115,Rhinolophus ferrumequinum,0.023,0.023,-1,Echolocation,/mnt/ubna_data_02_mir/recover-20220922/UBNA_001/20220921_090000.WAV,Telephone Field,recover-20220922,001,1795
1181.2425,1181.2612,21171,24524,Nyctalus leisleri,0.015,0.025,-1,Echolocation,/mnt/ubna_data_02_mir/recover-20220922/UBNA_001/20220921_090000.WAV,Telephone Field,recover-20220922,001,1795
1181.2585,1181.2963,68437,82074,Rhinolophus ferrumequinum,0.023,0.023,-1,Echolocation,/mnt/ubna_data_02_mir/recover-20220922/UBNA_001/20220921_090000.WAV,Telephone Field,recover-20220922,001,1795
1181.2635,1181.2758,28906,35738,Eptesicus serotinus,0.015,0.031,-1,Echolocation,/mnt/ubna_data_02_mir/recover-20220922/UBNA_001/20220921_090000.WAV,Telephone Field,recover-20220922,001,1795
1181.2775,1181.289,25468,31811,Nyctalus leisleri,0.012,0.032,-1,Echolocation,/mnt/ubna_data_02_mir/recover-20220922/UBNA_001/20220921_090000.WAV,Telephone Field,recover-20220922,001,1795
1181.2945,1181.302,46953,54859,Pipistrellus pipistrellus,0.025,0.027,-1,Echolocation,/mnt/ubna_data_02_mir/recover-20220922/UBNA_001/20220921_090000.WAV,Telephone Field,recover-20220922,001,1795
1181.3085,1181.3446,68437,81046,Rhinolophus ferrumequinum,0.022,0.022,-1,Echolocation,/mnt/ubna_data_02_mir/recover-20220922/UBNA_001/20220921_090000.WAV,Telephone Field,recover-20220922,001,1795
1181.3305,1181.3382,26328,36683,Eptesicus serotinus,0.007,0.024,-1,Echolocation,/mnt/ubna_data_02_mir/recover-20220922/UBNA_001/20220921_090000.WAV,Telephone Field,recover-20220922,001,1795
1181.3445,1181.3855,68437,83191,Rhinolophus ferrumequinum,0.032,0.032,-1,Echolocation,/mnt/ubna_data_02_mir/recover-20220922/UBNA_001/20220921_090000.WAV,Telephone Field,recover-20220922,001,1795
1181.3705,1181.4103,68437,82489,Rhinolophus ferrumequinum,0.027,0.027,-1,Echolocation,/mnt/ubna_data_02_mir/recover-20220922/UBNA_001/20220921_090000.WAV,Telephone Field,recover-20220922,001,1795
1181.4045,1181.4142,26328,34430,Eptesicus serotinus,0.009,0.023,-1,Echolocation,/mnt/ubna_data_02_mir/recover-20220922/UBNA_001/20220921_090000.WAV,Telephone Field,recover-20220922,001,1795
1181.4185,1181.4554,68437,81118,Rhinolophus ferrumequinum,0.023,0.023,-1,Echolocation,/mnt/ubna_data_02_mir/recover-20220922/UBNA_001/20220921_090000.WAV,Telephone Field,recover-20220922,001,1795
1181.4475,1181.4854,68437,81798,Rhinolophus ferrumequinum,0.023,0.023,-1,Echolocation,/mnt/ubna_data_02_mir/recover-20220922/UBNA_001/20220921_090000.WAV,Telephone Field,recover-20220922,001,1795
1181.4575,1181.4976,68437,82412,Rhinolophus ferrumequinum,0.021,0.021,-1,Echolocation,/mnt/ubna_data_02_mir/recover-20220922/UBNA_001/20220921_090000.WAV,Telephone Field,recover-20220922,001,1795
1181.4675,1181.4785,23750,30211,Nyctalus leisleri,0.008,0.022,-1,Echolocation,/mnt/ubna_data_02_mir/recover-20220922/UBNA_001/20220921_090000.WAV,Telephone Field,recover-20220922,001,1795
1181.4845,1181.4923,23750,32290,Plecotus austriacus,0.008,0.021,-1,Echolocation,/mnt/ubna_data_02_mir/recover-20220922/UBNA_001/20220921_090000.WAV,Telephone Field,recover-20220922,001,1795
1181.4895,1181.4992,28906,36669,Eptesicus serotinus,0.008,0.021,-1,Echolocation,/mnt/ubna_data_02_mir/recover-20220922/UBNA_001/20220921_090000.WAV,Telephone Field,recover-20220922,001,1795
1181.4935,1181.5304,68437,82097,Rhinolophus ferrumequinum,0.021,0.021,-1,Echolocation,/mnt/ubna_data_02_mir/recover-20220922/UBNA_001/20220921_090000.WAV,Telephone Field,recover-20220922,001,1795
1181.5075,1181.5455,68437,81513,Rhinolophus ferrumequinum,0.025,0.025,-1,Echolocation,/mnt/ubna_data_02_mir/recover-20220922/UBNA_001/20220921_090000.WAV,Telephone Field,recover-20220922,001,1795
1181.5075,1181.5176,29765,38137,Eptesicus serotinus,0.013,0.031,-1,Echolocation,/mnt/ubna_data_02_mir/recover-20220922/UBNA_001/20220921_090000.WAV,Telephone Field,recover-20220922,001,1795
1181.5185,1181.5606,68437,82647,Rhinolophus ferrumequinum,0.026,0.026,-1,Echolocation,/mnt/ubna_data_02_mir/recover-20220922/UBNA_001/20220921_090000.WAV,Telephone Field,recover-20220922,001,1795
1181.5605,1181.5698,28046,39098,Eptesicus serotinus,0.009,0.023,-1,Echolocation,/mnt/ubna_data_02_mir/recover-20220922/UBNA_001/20220921_090000.WAV,Telephone Field,recover-20220922,001,1795
1181.5635,1181.6075,68437,82681,Rhinolophus ferrumequinum,0.038,0.038,-1,Echolocation,/mnt/ubna_data_02_mir/recover-20220922/UBNA_001/20220921_090000.WAV,Telephone Field,recover-20220922,001,1795
1181.6095,1181.6186,24609,32348,Eptesicus serotinus,0.008,0.022,-1,Echolocation,/mnt/ubna_data_02_mir/recover-20220922/UBNA_001/20220921_090000.WAV,Telephone Field,recover-20220922,001,1795
1181.6295,1181.6662,68437,81947,Rhinolophus ferrumequinum,0.022,0.022,-1,Echolocation,/mnt/ubna_data_02_mir/recover-20220922/UBNA_001/20220921_090000.WAV,Telephone Field,recover-20220922,001,1795
1181.6435,1181.6507,28046,41428,Eptesicus serotinus,0.006,0.021,-1,Echolocation,/mnt/ubna_data_02_mir/recover-20220922/UBNA_001/20220921_090000.WAV,Telephone Field,recover-20220922,001,1795
1181.6605,1181.7014,68437,82409,Rhinolophus ferrumequinum,0.024,0.024,-1,Echolocation,/mnt/ubna_data_02_mir/recover-20220922/UBNA_001/20220921_090000.WAV,Telephone Field,recover-20220922,001,1795
1181.6645,1181.6761,24609,30233,Nyctalus leisleri,0.012,0.028,-1,Echolocation,/mnt/ubna_data_02_mir/recover-20220922/UBNA_001/20220921_090000.WAV,Telephone Field,recover-20220922,001,1795
1181.6855,1181.727,68437,82761,Rhinolophus ferrumequinum,0.026,0.026,-1,Echolocation,/mnt/ubna_data_02_mir/recover-20220922/UBNA_001/20220921_090000.WAV,Telephone Field,recover-20220922,001,1795
1181.7125,1181.7214,23750,30945,Plecotus austriacus,0.007,0.023,-1,Echolocation,/mnt/ubna_data_02_mir/recover-20220922/UBNA_001/20220921_090000.WAV,Telephone Field,recover-20220922,001,1795
1181.7245,1181.7603,68437,81406,Rhinolophus ferrumequinum,0.023,0.023,-1,Echolocation,/mnt/ubna_data_02_mir/recover-20220922/UBNA_001/20220921_090000.WAV,Telephone Field,recover-20220922,001,1795
1181.7335,1181.7722,68437,82208,Rhinolophus ferrumequinum,0.022,0.022,-1,Echolocation,/mnt/ubna_data_02_mir/recover-20220922/UBNA_001/20220921_090000.WAV,Telephone Field,recover-20220922,001,1795
1181.7545,1181.7628,27187,36306,Eptesicus serotinus,0.01,0.024,-1,Echolocation,/mnt/ubna_data_02_mir/recover-20220922/UBNA_001/20220921_090000.WAV,Telephone Field,recover-20220922,001,1795
1181.7615,1181.802,68437,82451,Rhinolophus ferrumequinum,0.024,0.024,-1,Echolocation,/mnt/ubna_data_02_mir/recover-20220922/UBNA_001/20220921_090000.WAV,Telephone Field,recover-20220922,001,1795
1181.7865,1181.8248,68437,82445,Rhinolophus ferrumequinum,0.031,0.031,-1,Echolocation,/mnt/ubna_data_02_mir/recover-20220922/UBNA_001/20220921_090000.WAV,Telephone Field,recover-20220922,001,1795
1181.7935,1181.8313,68437,81753,Rhinolophus ferrumequinum,0.021,0.021,-1,Echolocation,/mnt/ubna_data_02_mir/recover-20220922/UBNA_001/20220921_090000.WAV,Telephone Field,recover-20220922,001,1795
1181.8125,1181.851,68437,82038,Rhinolophus ferrumequinum,0.021,0.021,-1,Echolocation,/mnt/ubna_data_02_mir/recover-20220922/UBNA_001/20220921_090000.WAV,Telephone Field,recover-20220922,001,1795
1181.8295,1181.8682,68437,81945,Rhinolophus ferrumequinum,0.022,0.022,-1,Echolocation,/mnt/ubna_data_02_mir/recover-20220922/UBNA_001/20220921_090000.WAV,Telephone Field,recover-20220922,001,1795
1181.8295,1181.8377,23750,31403,Plecotus austriacus,0.008,0.022,-1,Echolocation,/mnt/ubna_data_02_mir/recover-20220922/UBNA_001/20220921_090000.WAV,Telephone Field,recover-20220922,001,1795
1181.8385,1181.8471,46093,50310,Pipistrellus pipistrellus,0.023,0.024,-1,Echolocation,/mnt/ubna_data_02_mir/recover-20220922/UBNA_001/20220921_090000.WAV,Telephone Field,recover-20220922,001,1795
1181.8475,1181.8841,68437,81639,Rhinolophus ferrumequinum,0.022,0.022,-1,Echolocation,/mnt/ubna_data_02_mir/recover-20220922/UBNA_001/20220921_090000.WAV,Telephone Field,recover-20220922,001,1795
1181.8715,1181.9107,68437,82179,Rhinolophus ferrumequinum,0.022,0.022,-1,Echolocation,/mnt/ubna_data_02_mir/recover-20220922/UBNA_001/20220921_090000.WAV,Telephone Field,recover-20220922,001,1795
1181.8875,1181.8952,27187,38965,Eptesicus serotinus,0.006,0.022,-1,Echolocation,/mnt/ubna_data_02_mir/recover-20220922/UBNA_001/20220921_090000.WAV,Telephone Field,recover-20220922,001,1795
1181.8945,1181.9339,68437,82274,Rhinolophus ferrumequinum,0.023,0.023,-1,Echolocation,/mnt/ubna_data_02_mir/recover-20220922/UBNA_001/20220921_090000.WAV,Telephone Field,recover-20220922,001,1795
1181.9355,1181.9747,68437,82198,Rhinolophus ferrumequinum,0.026,0.026,-1,Echolocation,/mnt/ubna_data_02_mir/recover-20220922/UBNA_001/20220921_090000.WAV,Telephone Field,recover-20220922,001,1795
1181.9405,1181.951,22890,27996,Nyctalus leisleri,0.011,0.023,-1,Echolocation,/mnt/ubna_data_02_mir/recover-20220922/UBNA_001/20220921_090000.WAV,Telephone Field,recover-20220922,001,1795
1181.9515,1181.9887,68437,81445,Rhinolophus ferrumequinum,0.021,0.021,-1,Echolocation,/mnt/ubna_data_02_mir/recover-20220922/UBNA_001/20220921_090000.WAV,Telephone Field,recover-20220922,001,1795
1182.0015,1182.0129,22031,27116,Nyctalus leisleri,0.013,0.027,-1,Echolocation,/mnt/ubna_data_02_mir/recover-20220922/UBNA_001/20220921_090000.WAV,Telephone Field,recover-20220922,001,1795
1182.0015,1182.0376,68437,80404,Rhinolophus ferrumequinum,0.051,0.051,-1,Echolocation,/mnt/ubna_data_02_mir/recover-20220922/UBNA_001/20220921_090000.WAV,Telephone Field,recover-20220922,001,1795
1182.0085,1182.0553,68437,83202,Rhinolophus ferrumequinum,0.035,0.035,-1,Echolocation,/mnt/ubna_data_02_mir/recover-20220922/UBNA_001/20220921_090000.WAV,Telephone Field,recover-20220922,001,1795
1182.0615,1182.0706,27187,36847,Eptesicus serotinus,0.009,0.022,-1,Echolocation,/mnt/ubna_data_02_mir/recover-20220922/UBNA_001/20220921_090000.WAV,Telephone Field,recover-20220922,001,1795
1182.0655,1182.0998,68437,81197,Rhinolophus ferrumequinum,0.023,0.023,-1,Echolocation,/mnt/ubna_data_02_mir/recover-20220922/UBNA_001/20220921_090000.WAV,Telephone Field,recover-20220922,001,1795
1182.0875,1182.1295,68437,81962,Rhinolophus ferrumequinum,0.065,0.065,-1,Echolocation,/mnt/ubna_data_02_mir/recover-20220922/UBNA_001/20220921_090000.WAV,Telephone Field,recover-20220922,001,1795
1182.0975,1182.1096,35781,41027,Pipistrellus nathusii,0.006,0.025,-1,Echolocation,/mnt/ubna_data_02_mir/recover-20220922/UBNA_001/20220921_090000.WAV,Telephone Field,recover-20220922,001,1795
1182.0995,1182.1383,68437,82268,Rhinolophus ferrumequinum,0.023,0.023,-1,Echolocation,/mnt/ubna_data_02_mir/recover-20220922/UBNA_001/20220921_090000.WAV,Telephone Field,recover-20220922,001,1795
1182.1205,1182.1606,68437,82218,Rhinolophus ferrumequinum,0.022,0.022,-1,Echolocation,/mnt/ubna_data_02_mir/recover-20220922/UBNA_001/20220921_090000.WAV,Telephone Field,recover-20220922,001,1795
1182.1455,1182.182,68437,81527,Rhinolophus ferrumequinum,0.027,0.027,-1,Echolocation,/mnt/ubna_data_02_mir/recover-20220922/UBNA_001/20220921_090000.WAV,Telephone Field,recover-20220922,001,1795
1182.1605,1182.1988,68437,82211,Rhinolophus ferrumequinum,0.025,0.025,-1,Echolocation,/mnt/ubna_data_02_mir/recover-20220922/UBNA_001/20220921_090000.WAV,Telephone Field,recover-20220922,001,1795
1182.1675,1182.2075,68437,82526,Rhinolophus ferrumequinum,0.025,0.025,-1,Echolocation,/mnt/ubna_data_02_mir/recover-20220922/UBNA_001/20220921_090000.WAV,Telephone Field,recover-20220922,001,1795
1182.1935,1182.2348,68437,82257,Rhinolophus ferrumequinum,0.048,0.048,-1,Echolocation,/mnt/ubna_data_02_mir/recover-20220922/UBNA_001/20220921_090000.WAV,Telephone Field,recover-20220922,001,1795
1182.2115,1182.2502,68437,82287,Rhinolophus ferrumequinum,0.026,0.026,-1,Echolocation,/mnt/ubna_data_02_mir/recover-20220922/UBNA_001/20220921_090000.WAV,Telephone Field,recover-20220922,001,1795
1182.2255,1182.2637,68437,81677,Rhinolophus ferrumequinum,0.025,0.025,-1,Echolocation,/mnt/ubna_data_02_mir/recover-20220922/UBNA_001/20220921_090000.WAV,Telephone Field,recover-20220922,001,1795
1182.2345,1182.2408,28046,40577,Myotis daubentonii,0.007,0.027,-1,Echolocation,/mnt/ubna_data_02_mir/recover-20220922/UBNA_001/20220921_090000.WAV,Telephone Field,recover-20220922,001,1795
1182.2365,1182.2712,68437,80965,Rhinolophus ferrumequinum,0.026,0.026,-1,Echolocation,/mnt/ubna_data_02_mir/recover-20220922/UBNA_001/20220921_090000.WAV,Telephone Field,recover-20220922,001,1795
1182.2515,1182.2589,27187,39662,Eptesicus serotinus,0.007,0.023,-1,Echolocation,/mnt/ubna_data_02_mir/recover-20220922/UBNA_001/20220921_090000.WAV,Telephone Field,recover-20220922,001,1795
1182.2805,1182.32,68437,82455,Rhinolophus ferrumequinum,0.035,0.035,-1,Echolocation,/mnt/ubna_data_02_mir/recover-20220922/UBNA_001/20220921_090000.WAV,Telephone Field,recover-20220922,001,1795
1182.3015,1182.3421,68437,82331,Rhinolophus ferrumequinum,0.028,0.028,-1,Echolocation,/mnt/ubna_data_02_mir/recover-20220922/UBNA_001/20220921_090000.WAV,Telephone Field,recover-20220922,001,1795
1182.3445,1182.3553,22890,27979,Nyctalus leisleri,0.015,0.028,-1,Echolocation,/mnt/ubna_data_02_mir/recover-20220922/UBNA_001/20220921_090000.WAV,Telephone Field,recover-20220922,001,1795
1182.3585,1182.4018,68437,82688,Rhinolophus ferrumequinum,0.033,0.033,-1,Echolocation,/mnt/ubna_data_02_mir/recover-20220922/UBNA_001/20220921_090000.WAV,Telephone Field,recover-20220922,001,1795
1182.3955,1182.4324,68437,81559,Rhinolophus ferrumequinum,0.028,0.028,-1,Echolocation,/mnt/ubna_data_02_mir/recover-20220922/UBNA_001/20220921_090000.WAV,Telephone Field,recover-20220922,001,1795
1182.4295,1182.4718,68437,82675,Rhinolophus ferrumequinum,0.042,0.042,-1,Echolocation,/mnt/ubna_data_02_mir/recover-20220922/UBNA_001/20220921_090000.WAV,Telephone Field,recover-20220922,001,1795
1182.4515,1182.4935,68437,82359,Rhinolophus ferrumequinum,0.027,0.027,-1,Echolocation,/mnt/ubna_data_02_mir/recover-20220922/UBNA_001/20220921_090000.WAV,Telephone Field,recover-20220922,001,1795
1182.4765,1182.5199,68437,83430,Rhinolophus ferrumequinum,0.046,0.046,-1,Echolocation,/mnt/ubna_data_02_mir/recover-20220922/UBNA_001/20220921_090000.WAV,Telephone Field,recover-20220922,001,1795
1182.4765,1182.488,23750,29621,Nyctalus leisleri,0.013,0.027,-1,Echolocation,/mnt/ubna_data_02_mir/recover-20220922/UBNA_001/20220921_090000.WAV,Telephone Field,recover-20220922,001,1795
1182.5025,1182.539,68437,82020,Rhinolophus ferrumequinum,0.022,0.022,-1,Echolocation,/mnt/ubna_data_02_mir/recover-20220922/UBNA_001/20220921_090000.WAV,Telephone Field,recover-20220922,001,1795
1182.5295,1182.5684,68437,82114,Rhinolophus ferrumequinum,0.023,0.023,-1,Echolocation,/mnt/ubna_data_02_mir/recover-20220922/UBNA_001/20220921_090000.WAV,Telephone Field,recover-20220922,001,1795
1182.5515,1182.5898,68437,81781,Rhinolophus ferrumequinum,0.026,0.026,-1,Echolocation,/mnt/ubna_data_02_mir/recover-20220922/UBNA_001/20220921_090000.WAV,Telephone Field,recover-20220922,001,1795
1182.5615,1182.5689,27187,40509,Eptesicus serotinus,0.007,0.022,-1,Echolocation,/mnt/ubna_data_02_mir/recover-20220922/UBNA_001/20220921_090000.WAV,Telephone Field,recover-20220922,001,1795
1182.5675,1182.6038,68437,82024,Rhinolophus ferrumequinum,0.022,0.022,-1,Echolocation,/mnt/ubna_data_02_mir/recover-20220922/UBNA_001/20220921_090000.WAV,Telephone Field,recover-20220922,001,1795
1182.5745,1182.5867,40937,45784,Pipistrellus nathusii,0.033,0.052,-1,Echolocation,/mnt/ubna_data_02_mir/recover-20220922/UBNA_001/20220921_090000.WAV,Telephone Field,recover-20220922,001,1795
1182.5885,1182.6288,68437,82072,Rhinolophus ferrumequinum,0.05,0.05,-1,Echolocation,/mnt/ubna_data_02_mir/recover-20220922/UBNA_001/20220921_090000.WAV,Telephone Field,recover-20220922,001,1795
1182.5975,1182.6077,28046,35851,Eptesicus serotinus,0.01,0.024,-1,Echolocation,/mnt/ubna_data_02_mir/recover-20220922/UBNA_001/20220921_090000.WAV,Telephone Field,recover-20220922,001,1795
1182.6335,1182.6737,68437,82466,Rhinolophus ferrumequinum,0.03,0.03,-1,Echolocation,/mnt/ubna_data_02_mir/recover-20220922/UBNA_001/20220921_090000.WAV,Telephone Field,recover-20220922,001,1795
1182.6425,1182.6833,68437,82761,Rhinolophus ferrumequinum,0.028,0.028,-1,Echolocation,/mnt/ubna_data_02_mir/recover-20220922/UBNA_001/20220921_090000.WAV,Telephone Field,recover-20220922,001,1795
1182.6605,1182.6696,24609,31962,Nyctalus leisleri,0.007,0.024,-1,Echolocation,/mnt/ubna_data_02_mir/recover-20220922/UBNA_001/20220921_090000.WAV,Telephone Field,recover-20220922,001,1795
1182.6945,1182.7265,68437,80144,Rhinolophus ferrumequinum,0.039,0.039,-1,Echolocation,/mnt/ubna_data_02_mir/recover-20220922/UBNA_001/20220921_090000.WAV,Telephone Field,recover-20220922,001,1795
1182.7065,1182.7131,27187,37687,Eptesicus serotinus,0.005,0.024,-1,Echolocation,/mnt/ubna_data_02_mir/recover-20220922/UBNA_001/20220921_090000.WAV,Telephone Field,recover-20220922,001,1795
1182.7215,1182.7591,68437,82038,Rhinolophus ferrumequinum,0.025,0.025,-1,Echolocation,/mnt/ubna_data_02_mir/recover-20220922/UBNA_001/20220921_090000.WAV,Telephone Field,recover-20220922,001,1795
1182.7375,1182.7737,68437,81817,Rhinolophus ferrumequinum,0.023,0.023,-1,Echolocation,/mnt/ubna_data_02_mir/recover-20220922/UBNA_001/20220921_090000.WAV,Telephone Field,recover-20220922,001,1795
1182.7455,1182.7833,68437,82149,Rhinolophus ferrumequinum,0.022,0.022,-1,Echolocation,/mnt/ubna_data_02_mir/recover-20220922/UBNA_001/20220921_090000.WAV,Telephone Field,recover-20220922,001,1795
1182.7815,1182.8209,68437,81601,Rhinolophus ferrumequinum,0.026,0.026,-1,Echolocation,/mnt/ubna_data_02_mir/recover-20220922/UBNA_001/20220921_090000.WAV,Telephone Field,recover-20220922,001,1795
1182.7945,1182.833,68437,82408,Rhinolophus ferrumequinum,0.037,0.037,-1,Echolocation,/mnt/ubna_data_02_mir/recover-20220922/UBNA_001/20220921_090000.WAV,Telephone Field,recover-20220922,001,1795
1182.8085,1182.8485,68437,83300,Rhinolophus ferrumequinum,0.025,0.025,-1,Echolocation,/mnt/ubna_data_02_mir/recover-20220922/UBNA_001/20220921_090000.WAV,Telephone Field,recover-20220922,001,1795
1182.8165,1182.8565,68437,82244,Rhinolophus ferrumequinum,0.023,0.023,-1,Echolocation,/mnt/ubna_data_02_mir/recover-20220922/UBNA_001/20220921_090000.WAV,Telephone Field,recover-20220922,001,1795
1182.8245,1182.8422,21171,23949,Nyctalus leisleri,0.016,0.023,-1,Echolocation,/mnt/ubna_data_02_mir/recover-20220922/UBNA_001/20220921_090000.WAV,Telephone Field,recover-20220922,001,1795
1182.8455,1182.8864,68437,83279,Rhinolophus ferrumequinum,0.025,0.025,-1,Echolocation,/mnt/ubna_data_02_mir/recover-20220922/UBNA_001/20220921_090000.WAV,Telephone Field,recover-20220922,001,1795
1182.8525,1182.862,28046,37973,Eptesicus serotinus,0.01,0.024,-1,Echolocation,/mnt/ubna_data_02_mir/recover-20220922/UBNA_001/20220921_090000.WAV,Telephone Field,recover-20220922,001,1795
1182.8675,1182.9064,68437,82209,Rhinolophus ferrumequinum,0.024,0.024,-1,Echolocation,/mnt/ubna_data_02_mir/recover-20220922/UBNA_001/20220921_090000.WAV,Telephone Field,recover-20220922,001,1795
1182.9085,1182.9467,68437,82035,Rhinolophus ferrumequinum,0.026,0.026,-1,Echolocation,/mnt/ubna_data_02_mir/recover-20220922/UBNA_001/20220921_090000.WAV,Telephone Field,recover-20220922,001,1795
1182.9165,1182.9552,68437,81868,Rhinolophus ferrumequinum,0.023,0.023,-1,Echolocation,/mnt/ubna_data_02_mir/recover-20220922/UBNA_001/20220921_090000.WAV,Telephone Field,recover-20220922,001,1795
1182.9235,1182.9626,68437,82274,Rhinolophus ferrumequinum,0.026,0.026,-1,Echolocation,/mnt/ubna_data_02_mir/recover-20220922/UBNA_001/20220921_090000.WAV,Telephone Field,recover-20220922,001,1795
1182.9295,1182.9408,21171,25650,Nyctalus leisleri,0.011,0.024,-1,Echolocation,/mnt/ubna_data_02_mir/recover-20220922/UBNA_001/20220921_090000.WAV,Telephone Field,recover-20220922,001,1795
1182.9505,1182.9912,68437,82638,Rhinolophus ferrumequinum,0.028,0.028,-1,Echolocation,/mnt/ubna_data_02_mir/recover-20220922/UBNA_001/20220921_090000.WAV,Telephone Field,recover-20220922,001,1795
1182.9905,1182.9986,28046,39701,Eptesicus serotinus,0.007,0.022,-1,Echolocation,/mnt/ubna_data_02_mir/recover-20220922/UBNA_001/20220921_090000.WAV,Telephone Field,recover-20220922,001,1795
1183.0055,1183.0133,28046,38884,Eptesicus serotinus,0.007,0.023,-1,Echolocation,/mnt/ubna_data_02_mir/recover-20220922/UBNA_001/20220921_090000.WAV,Telephone Field,recover-20220922,001,1795
1183.0075,1183.0513,68437,83115,Rhinolophus ferrumequinum,0.041,0.041,-1,Echolocation,/mnt/ubna_data_02_mir/recover-20220922/UBNA_001/20220921_090000.WAV,Telephone Field,recover-20220922,001,1795
1183.0175,1183.0355,22031,25855,Nyctalus leisleri,0.018,0.03,-1,Echolocation,/mnt/ubna_data_02_mir/recover-20220922/UBNA_001/20220921_090000.WAV,Telephone Field,recover-20220922,001,1795
1183.0365,1183.0781,68437,81897,Rhinolophus ferrumequinum,0.028,0.028,-1,Echolocation,/mnt/ubna_data_02_mir/recover-20220922/UBNA_001/20220921_090000.WAV,Telephone Field,recover-20220922,001,1795
1183.0685,1183.1075,68437,82222,Rhinolophus ferrumequinum,0.024,0.024,-1,Echolocation,/mnt/ubna_data_02_mir/recover-20220922/UBNA_001/20220921_090000.WAV,Telephone Field,recover-20220922,001,1795
1183.0775,1183.1167,68437,81963,Rhinolophus ferrumequinum,0.022,0.022,-1,Echolocation,/mnt/ubna_data_02_mir/recover-20220922/UBNA_001/20220921_090000.WAV,Telephone Field,recover-20220922,001,1795
1183.0975,1183.1069,27187,35916,Eptesicus serotinus,0.008,0.022,-1,Echolocation,/mnt/ubna_data_02_mir/recover-20220922/UBNA_001/20220921_090000.WAV,Telephone Field,recover-20220922,001,1795
1183.1325,1183.1695,68437,81320,Rhinolophus ferrumequinum,0.022,0.022,-1,Echolocation,/mnt/ubna_data_02_mir/recover-20220922/UBNA_001/20220921_090000.WAV,Telephone Field,recover-20220922,001,1795
1183.1705,1183.1812,35781,40819,Barbastellus barbastellus,0.01,0.027,-1,Echolocation,/mnt/ubna_data_02_mir/recover-20220922/UBNA_001/20220921_090000.WAV,Telephone Field,recover-20220922,001,1795
1183.1715,1183.2124,68437,82973,Rhinolophus ferrumequinum,0.028,0.028,-1,Echolocation,/mnt/ubna_data_02_mir/recover-20220922/UBNA_001/20220921_090000.WAV,Telephone Field,recover-20220922,001,1795
1183.1725,1183.1807,27187,37549,Eptesicus serotinus,0.008,0.025,-1,Echolocation,/mnt/ubna_data_02_mir/recover-20220922/UBNA_001/20220921_090000.WAV,Telephone Field,recover-20220922,001,1795
1183.1835,1183.2189,68437,81465,Rhinolophus ferrumequinum,0.025,0.025,-1,Echolocation,/mnt/ubna_data_02_mir/recover-20220922/UBNA_001/20220921_090000.WAV,Telephone Field,recover-20220922,001,1795
1183.2005,1183.2424,68437,82687,Rhinolophus ferrumequinum,0.027,0.027,-1,Echolocation,/mnt/ubna_data_02_mir/recover-20220922/UBNA_001/20220921_090000.WAV,Telephone Field,recover-20220922,001,1795
1183.2385,1183.246,27187,36677,Eptesicus serotinus,0.01,0.031,-1,Echolocation,/mnt/ubna_data_02_mir/recover-20220922/UBNA_001/20220921_090000.WAV,Telephone Field,recover-20220922,001,1795
1183.2475,1183.2874,68437,82604,Rhinolophus ferrumequinum,0.029,0.029,-1,Echolocation,/mnt/ubna_data_02_mir/recover-20220922/UBNA_001/20220921_090000.WAV,Telephone Field,recover-20220922,001,1795
1183.2895,1183.3352,68437,82986,Rhinolophus ferrumequinum,0.095,0.095,-1,Echolocation,/mnt/ubna_data_02_mir/recover-20220922/UBNA_001/20220921_090000.WAV,Telephone Field,recover-20220922,001,1795
1183.2935,1183.3075,21171,24508,Nyctalus leisleri,0.016,0.025,-1,Echolocation,/mnt/ubna_data_02_mir/recover-20220922/UBNA_001/20220921_090000.WAV,Telephone Field,recover-20220922,001,1795
1183.3145,1183.3537,68437,82071,Rhinolophus ferrumequinum,0.029,0.029,-1,Echolocation,/mnt/ubna_data_02_mir/recover-20220922/UBNA_001/20220921_090000.WAV,Telephone Field,recover-20220922,001,1795
1183.3395,1183.3499,26328,33158,Eptesicus serotinus,0.012,0.027,-1,Echolocation,/mnt/ubna_data_02_mir/recover-20220922/UBNA_001/20220921_090000.WAV,Telephone Field,recover-20220922,001,1795
1183.3755,1183.4112,68437,81323,Rhinolophus ferrumequinum,0.023,0.024,-1,Echolocation,/mnt/ubna_data_02_mir/recover-20220922/UBNA_001/20220921_090000.WAV,Telephone Field,recover-20220922,001,1795
1183.3925,1183.434,68437,83311,Rhinolophus ferrumequinum,0.058,0.058,-1,Echolocation,/mnt/ubna_data_02_mir/recover-20220922/UBNA_001/20220921_090000.WAV,Telephone Field,recover-20220922,001,1795
1183.4095,1183.4496,68437,82589,Rhinolophus ferrumequinum,0.024,0.025,-1,Echolocation,/mnt/ubna_data_02_mir/recover-20220922/UBNA_001/20220921_090000.WAV,Telephone Field,recover-20220922,001,1795
1183.4405,1183.4827,68437,82885,Rhinolophus ferrumequinum,0.043,0.043,-1,Echolocation,/mnt/ubna_data_02_mir/recover-20220922/UBNA_001/20220921_090000.WAV,Telephone Field,recover-20220922,001,1795
1183.4545,1183.499,68437,83722,Rhinolophus ferrumequinum,0.038,0.038,-1,Echolocation,/mnt/ubna_data_02_mir/recover-20220922/UBNA_001/20220921_090000.WAV,Telephone Field,recover-20220922,001,1795
1183.4555,1183.477,18593,21374,Nyctalus noctula,0.017,0.034,-1,Echolocation,/mnt/ubna_data_02_mir/recover-20220922/UBNA_001/20220921_090000.WAV,Telephone Field,recover-20220922,001,1795
1183.4855,1183.5254,68437,82407,Rhinolophus ferrumequinum,0.027,0.027,-1,Echolocation,/mnt/ubna_data_02_mir/recover-20220922/UBNA_001/20220921_090000.WAV,Telephone Field,recover-20220922,001,1795
1183.5075,1183.544,68437,81353,Rhinolophus ferrumequinum,0.028,0.028,-1,Echolocation,/mnt/ubna_data_02_mir/recover-20220922/UBNA_001/20220921_090000.WAV,Telephone Field,recover-20220922,001,1795
1183.5365,1183.5745,68437,81756,Rhinolophus ferrumequinum,0.022,0.022,-1,Echolocation,/mnt/ubna_data_02_mir/recover-20220922/UBNA_001/20220921_090000.WAV,Telephone Field,recover-20220922,001,1795
1183.5565,1183.5934,68437,81881,Rhinolophus ferrumequinum,0.023,0.023,-1,Echolocation,/mnt/ubna_data_02_mir/recover-20220922/UBNA_001/20220921_090000.WAV,Telephone Field,recover-20220922,001,1795
1183.5715,1183.5786,28906,37120,Eptesicus serotinus,0.008,0.028,-1,Echolocation,/mnt/ubna_data_02_mir/recover-20220922/UBNA_001/20220921_090000.WAV,Telephone Field,recover-20220922,001,1795
1183.5905,1183.6322,68437,82462,Rhinolophus ferrumequinum,0.024,0.024,-1,Echolocation,/mnt/ubna_data_02_mir/recover-20220922/UBNA_001/20220921_090000.WAV,Telephone Field,recover-20220922,001,1795
1183.6015,1183.642,68437,82755,Rhinolophus ferrumequinum,0.03,0.03,-1,Echolocation,/mnt/ubna_data_02_mir/recover-20220922/UBNA_001/20220921_090000.WAV,Telephone Field,recover-20220922,001,1795
1183.6125,1183.6502,68437,82282,Rhinolophus ferrumequinum,0.022,0.022,-1,Echolocation,/mnt/ubna_data_02_mir/recover-20220922/UBNA_001/20220921_090000.WAV,Telephone Field,recover-20220922,001,1795
1183.6475,1183.6545,27187,36158,Eptesicus serotinus,0.008,0.026,-1,Echolocation,/mnt/ubna_data_02_mir/recover-20220922/UBNA_001/20220921_090000.WAV,Telephone Field,recover-20220922,001,1795
1183.6675,1183.7088,68437,82736,Rhinolophus ferrumequinum,0.04,0.04,-1,Echolocation,/mnt/ubna_data_02_mir/recover-20220922/UBNA_001/20220921_090000.WAV,Telephone Field,recover-20220922,001,1795
1183.6895,1183.7239,68437,80784,Rhinolophus ferrumequinum,0.022,0.022,-1,Echolocation,/mnt/ubna_data_02_mir/recover-20220922/UBNA_001/20220921_090000.WAV,Telephone Field,recover-20220922,001,1795
1183.6945,1183.7053,22890,26579,Nyctalus leisleri,0.013,0.022,-1,Echolocation,/mnt/ubna_data_02_mir/recover-20220922/UBNA_001/20220921_090000.WAV,Telephone Field,recover-20220922,001,1795
1183.7115,1183.7523,68437,82745,Rhinolophus ferrumequinum,0.028,0.028,-1,Echolocation,/mnt/ubna_data_02_mir/recover-20220922/UBNA_001/20220921_090000.WAV,Telephone Field,recover-20220922,001,1795
1183.7335,1183.7729,68437,81811,Rhinolophus ferrumequinum,0.03,0.03,-1,Echolocation,/mnt/ubna_data_02_mir/recover-20220922/UBNA_001/20220921_090000.WAV,Telephone Field,recover-20220922,001,1795
1183.7405,1183.7489,28046,36918,Eptesicus serotinus,0.009,0.024,-1,Echolocation,/mnt/ubna_data_02_mir/recover-20220922/UBNA_001/20220921_090000.WAV,Telephone Field,recover-20220922,001,1795
1183.7555,1183.7686,22031,25622,Nyctalus leisleri,0.014,0.023,-1,Echolocation,/mnt/ubna_data_02_mir/recover-20220922/UBNA_001/20220921_090000.WAV,Telephone Field,recover-20220922,001,1795
1183.7825,1183.8232,68437,82951,Rhinolophus ferrumequinum,0.03,0.03,-1,Echolocation,/mnt/ubna_data_02_mir/recover-20220922/UBNA_001/20220921_090000.WAV,Telephone Field,recover-20220922,001,1795
1183.8305,1183.8682,68437,82291,Rhinolophus ferrumequinum,0.025,0.025,-1,Echolocation,/mnt/ubna_data_02_mir/recover-20220922/UBNA_001/20220921_090000.WAV,Telephone Field,recover-20220922,001,1795
1183.8535,1183.8918,68437,81747,Rhinolophus ferrumequinum,0.028,0.028,-1,Echolocation,/mnt/ubna_data_02_mir/recover-20220922/UBNA_001/20220921_090000.WAV,Telephone Field,recover-20220922,001,1795
1183.8795,1183.9206,68437,82167,Rhinolophus ferrumequinum,0.025,0.025,-1,Echolocation,/mnt/ubna_data_02_mir/recover-20220922/UBNA_001/20220921_090000.WAV,Telephone Field,recover-20220922,001,1795
1183.8845,1183.9253,68437,82223,Rhinolophus ferrumequinum,0.025,0.025,-1,Echolocation,/mnt/ubna_data_02_mir/recover-20220922/UBNA_001/20220921_090000.WAV,Telephone Field,recover-20220922,001,1795
1183.8865,1183.8974,28906,35256,Eptesicus serotinus,0.012,0.028,-1,Echolocation,/mnt/ubna_data_02_mir/recover-20220922/UBNA_001/20220921_090000.WAV,Telephone Field,recover-20220922,001,1795
1183.8945,1183.9326,68437,82271,Rhinolophus ferrumequinum,0.023,0.023,-1,Echolocation,/mnt/ubna_data_02_mir/recover-20220922/UBNA_001/20220921_090000.WAV,Telephone Field,recover-20220922,001,1795
1183.9325,1183.9704,68437,81919,Rhinolophus ferrumequinum,0.026,0.026,-1,Echolocation,/mnt/ubna_data_02_mir/recover-20220922/UBNA_001/20220921_090000.WAV,Telephone Field,recover-20220922,001,1795
1183.9905,1183.9996,26328,37224,Eptesicus serotinus,0.01,0.025,-1,Echolocation,/mnt/ubna_data_02_mir/recover-20220922/UBNA_001/20220921_090000.WAV,Telephone Field,recover-20220922,001,1795
1184.0015,1184.0095,26328,35119,Eptesicus serotinus,0.006,0.027,-1,Echolocation,/mnt/ubna_data_02_mir/recover-20220922/UBNA_001/20220921_090000.WAV,Telephone Field,recover-20220922,001,1795
1184.0015,1184.017,19453,24124,Nyctalus leisleri,0.02,0.048,-1,Echolocation,/mnt/ubna_data_02_mir/recover-20220922/UBNA_001/20220921_090000.WAV,Telephone Field,recover-20220922,001,1795
1184.0015,1184.0326,68437,80052,Rhinolophus ferrumequinum,0.035,0.035,-1,Echolocation,/mnt/ubna_data_02_mir/recover-20220922/UBNA_001/20220921_090000.WAV,Telephone Field,recover-20220922,001,1795
1184.0465,1184.0884,68437,82463,Rhinolophus ferrumequinum,0.026,0.026,-1,Echolocation,/mnt/ubna_data_02_mir/recover-20220922/UBNA_001/20220921_090000.WAV,Telephone Field,recover-20220922,001,1795
1184.0545,1184.0659,24609,30293,Nyctalus leisleri,0.01,0.023,-1,Echolocation,/mnt/ubna_data_02_mir/recover-20220922/UBNA_001/20220921_090000.WAV,Telephone Field,recover-20220922,001,1795
1184.0585,1184.1002,68437,82745,Rhinolophus ferrumequinum,0.033,0.033,-1,Echolocation,/mnt/ubna_data_02_mir/recover-20220922/UBNA_001/20220921_090000.WAV,Telephone Field,recover-20220922,001,1795
1184.0905,1184.1279,68437,82237,Rhinolophus ferrumequinum,0.027,0.027,-1,Echolocation,/mnt/ubna_data_02_mir/recover-20220922/UBNA_001/20220921_090000.WAV,Telephone Field,recover-20220922,001,1795
1184.1125,1184.1505,68437,81774,Rhinolophus ferrumequinum,0.025,0.025,-1,Echolocation,/mnt/ubna_data_02_mir/recover-20220922/UBNA_001/20220921_090000.WAV,Telephone Field,recover-20220922,001,1795
1184.1315,1184.1694,68437,82178,Rhinolophus ferrumequinum,0.022,0.022,-1,Echolocation,/mnt/ubna_data_02_mir/recover-20220922/UBNA_001/20220921_090000.WAV,Telephone Field,recover-20220922,001,1795
1184.1375,1184.1432,24609,39251,Plecotus austriacus,0.015,0.037,-1,Echolocation,/mnt/ubna_data_02_mir/recover-20220922/UBNA_001/20220921_090000.WAV,Telephone Field,recover-20220922,001,1795
1184.1535,1184.1861,67578,78724,Rhinolophus ferrumequinum,0.023,0.024,-1,Echolocation,/mnt/ubna_data_02_mir/recover-20220922/UBNA_001/20220921_090000.WAV,Telephone Field,recover-20220922,001,1795
1184.1755,1184.2213,68437,83280,Rhinolophus ferrumequinum,0.06,0.06,-1,Echolocation,/mnt/ubna_data_02_mir/recover-20220922/UBNA_001/20220921_090000.WAV,Telephone Field,recover-20220922,001,1795
1184.1845,1184.1953,26328,33262,Eptesicus serotinus,0.012,0.029,-1,Echolocation,/mnt/ubna_data_02_mir/recover-20220922/UBNA_001/20220921_090000.WAV,Telephone Field,recover-20220922,001,1795
1184.1935,1184.2369,68437,83714,Rhinolophus ferrumequinum,0.027,0.027,-1,Echolocation,/mnt/ubna_data_02_mir/recover-20220922/UBNA_001/20220921_090000.WAV,Telephone Field,recover-20220922,001,1795
1184.1975,1184.211,22031,25396,Nyctalus leisleri,0.015,0.023,-1,Echolocation,/mnt/ubna_data_02_mir/recover-20220922/UBNA_001/20220921_090000.WAV,Telephone Field,recover-20220922,001,1795
1184.2195,1184.2534,68437,81551,Rhinolophus ferrumequinum,0.024,0.024,-1,Echolocation,/mnt/ubna_data_02_mir/recover-20220922/UBNA_001/20220921_090000.WAV,Telephone Field,recover-20220922,001,1795
1184.2495,1184.2563,30625,45466,Myotis daubentonii,0.015,0.03,-1,Echolocation,/mnt/ubna_data_02_mir/recover-20220922/UBNA_001/20220921_090000.WAV,Telephone Field,recover-20220922,001,1795
1184.3435,1184.3814,68437,82249,Rhinolophus ferrumequinum,0.031,0.031,-1,Echolocation,/mnt/ubna_data_02_mir/recover-20220922/UBNA_001/20220921_090000.WAV,Telephone Field,recover-20220922,001,1795
1184.3475,1184.3582,22031,26871,Nyctalus leisleri,0.011,0.023,-1,Echolocation,/mnt/ubna_data_02_mir/recover-20220922/UBNA_001/20220921_090000.WAV,Telephone Field,recover-20220922,001,1795
1184.3525,1184.3916,68437,82434,Rhinolophus ferrumequinum,0.025,0.025,-1,Echolocation,/mnt/ubna_data_02_mir/recover-20220922/UBNA_001/20220921_090000.WAV,Telephone Field,recover-20220922,001,1795
1184.3635,1184.3766,14296,18832,Nyctalus noctula,0.014,0.023,-1,Echolocation,/mnt/ubna_data_02_mir/recover-20220922/UBNA_001/20220921_090000.WAV,Telephone Field,recover-20220922,001,1795
1184.3805,1184.3915,24609,31291,Nyctalus leisleri,0.009,0.025,-1,Echolocation,/mnt/ubna_data_02_mir/recover-20220922/UBNA_001/20220921_090000.WAV,Telephone Field,recover-20220922,001,1795
1184.4325,1184.4386,25468,41917,Plecotus austriacus,0.012,0.041,-1,Echolocation,/mnt/ubna_data_02_mir/recover-20220922/UBNA_001/20220921_090000.WAV,Telephone Field,recover-20220922,001,1795
1184.4615,1184.4985,68437,81737,Rhinolophus ferrumequinum,0.029,0.029,-1,Echolocation,/mnt/ubna_data_02_mir/recover-20220922/UBNA_001/20220921_090000.WAV,Telephone Field,recover-20220922,001,1795
1184.4625,1184.4704,28046,38845,Eptesicus serotinus,0.007,0.024,-1,Echolocation,/mnt/ubna_data_02_mir/recover-20220922/UBNA_001/20220921_090000.WAV,Telephone Field,recover-20220922,001,1795
1184.4785,1184.4854,48671,53880,Pipistrellus pipistrellus,0.024,0.025,-1,Echolocation,/mnt/ubna_data_02_mir/recover-20220922/UBNA_001/20220921_090000.WAV,Telephone Field,recover-20220922,001,1795
1184.5025,1184.5129,23750,29881,Nyctalus leisleri,0.01,0.025,-1,Echolocation,/mnt/ubna_data_02_mir/recover-20220922/UBNA_001/20220921_090000.WAV,Telephone Field,recover-20220922,001,1795
1184.5585,1184.568,27187,35953,Eptesicus serotinus,0.009,0.023,-1,Echolocation,/mnt/ubna_data_02_mir/recover-20220922/UBNA_001/20220921_090000.WAV,Telephone Field,recover-20220922,001,1795
1184.5965,1184.6039,22890,31415,Plecotus austriacus,0.011,0.024,-1,Echolocation,/mnt/ubna_data_02_mir/recover-20220922/UBNA_001/20220921_090000.WAV,Telephone Field,recover-20220922,001,1795
1184.6195,1184.6577,68437,82533,Rhinolophus ferrumequinum,0.025,0.025,-1,Echolocation,/mnt/ubna_data_02_mir/recover-20220922/UBNA_001/20220921_090000.WAV,Telephone Field,recover-20220922,001,1795
1184.6795,1184.6869,27187,36597,Eptesicus serotinus,0.011,0.037,-1,Echolocation,/mnt/ubna_data_02_mir/recover-20220922/UBNA_001/20220921_090000.WAV,Telephone Field,recover-20220922,001,1795
1184.6875,1184.7276,68437,82276,Rhinolophus ferrumequinum,0.023,0.023,-1,Echolocation,/mnt/ubna_data_02_mir/recover-20220922/UBNA_001/20220921_090000.WAV,Telephone Field,recover-20220922,001,1795
1184.6945,1184.7343,68437,82039,Rhinolophus ferrumequinum,0.024,0.024,-1,Echolocation,/mnt/ubna_data_02_mir/recover-20220922/UBNA_001/20220921_090000.WAV,Telephone Field,recover-20220922,001,1795
1184.7215,1184.7292,28906,42026,Eptesicus serotinus,0.007,0.025,-1,Echolocation,/mnt/ubna_data_02_mir/recover-20220922/UBNA_001/20220921_090000.WAV,Telephone Field,recover-20220922,001,1795
1184.7305,1184.7706,68437,81974,Rhinolophus ferrumequinum,0.033,0.033,-1,Echolocation,/mnt/ubna_data_02_mir/recover-20220922/UBNA_001/20220921_090000.WAV,Telephone Field,recover-20220922,001,1795
1184.7645,1184.775,23750,29958,Nyctalus leisleri,0.014,0.032,-1,Echolocation,/mnt/ubna_data_02_mir/recover-20220922/UBNA_001/20220921_090000.WAV,Telephone Field,recover-20220922,001,1795
1184.7765,1184.7868,43515,46966,Pipistrellus pipistrellus,0.055,0.061,-1,Echolocation,/mnt/ubna_data_02_mir/recover-20220922/UBNA_001/20220921_090000.WAV,Telephone Field,recover-20220922,001,1795
1184.8035,1184.8358,68437,80154,Rhinolophus ferrumequinum,0.022,0.022,-1,Echolocation,/mnt/ubna_data_02_mir/recover-20220922/UBNA_001/20220921_090000.WAV,Telephone Field,recover-20220922,001,1795
1184.8175,1184.8258,27187,39572,Eptesicus serotinus,0.008,0.025,-1,Echolocation,/mnt/ubna_data_02_mir/recover-20220922/UBNA_001/20220921_090000.WAV,Telephone Field,recover-20220922,001,1795
1184.8255,1184.8633,68437,82122,Rhinolophus ferrumequinum,0.027,0.027,-1,Echolocation,/mnt/ubna_data_02_mir/recover-20220922/UBNA_001/20220921_090000.WAV,Telephone Field,recover-20220922,001,1795
1184.8735,1184.915,68437,82813,Rhinolophus ferrumequinum,0.026,0.026,-1,Echolocation,/mnt/ubna_data_02_mir/recover-20220922/UBNA_001/20220921_090000.WAV,Telephone Field,recover-20220922,001,1795
1184.8805,1184.8866,28046,42099,Myotis daubentonii,0.006,0.028,-1,Echolocation,/mnt/ubna_data_02_mir/recover-20220922/UBNA_001/20220921_090000.WAV,Telephone Field,recover-20220922,001,1795
1184.9515,1184.9595,25468,35749,Eptesicus serotinus,0.007,0.023,-1,Echolocation,/mnt/ubna_data_02_mir/recover-20220922/UBNA_001/20220921_090000.WAV,Telephone Field,recover-20220922,001,1795
1184.9575,1184.969,36640,40566,Pipistrellus nathusii,0.006,0.024,-1,Echolocation,/mnt/ubna_data_02_mir/recover-20220922/UBNA_001/20220921_090000.WAV,Telephone Field,recover-20220922,001,1795
1184.9695,1184.9788,25468,33119,Eptesicus serotinus,0.014,0.036,-1,Echolocation,/mnt/ubna_data_02_mir/recover-20220922/UBNA_001/20220921_090000.WAV,Telephone Field,recover-20220922,001,1795
1185.0205,1185.04,19453,22223,Nyctalus leisleri,0.013,0.023,-1,Echolocation,/mnt/ubna_data_02_mir/recover-20220922/UBNA_001/20220921_090000.WAV,Telephone Field,recover-20220922,001,1795
1185.0395,1185.0795,68437,82365,Rhinolophus ferrumequinum,0.024,0.024,-1,Echolocation,/mnt/ubna_data_02_mir/recover-20220922/UBNA_001/20220921_090000.WAV,Telephone Field,recover-20220922,001,1795
1185.0735,1185.0837,22031,27187,Nyctalus leisleri,0.011,0.025,-1,Echolocation,/mnt/ubna_data_02_mir/recover-20220922/UBNA_001/20220921_090000.WAV,Telephone Field,recover-20220922,001,1795
1185.1105,1185.1183,58984,64509,Pipistrellus pygmaeus,0.023,0.023,-1,Echolocation,/mnt/ubna_data_02_mir/recover-20220922/UBNA_001/20220921_090000.WAV,Telephone Field,recover-20220922,001,1795
1185.1105,1185.1462,68437,81103,Rhinolophus ferrumequinum,0.024,0.025,-1,Echolocation,/mnt/ubna_data_02_mir/recover-20220922/UBNA_001/20220921_090000.WAV,Telephone Field,recover-20220922,001,1795
1185.1505,1185.1627,28046,33463,Eptesicus serotinus,0.014,0.03,-1,Echolocation,/mnt/ubna_data_02_mir/recover-20220922/UBNA_001/20220921_090000.WAV,Telephone Field,recover-20220922,001,1795
1185.1705,1185.1776,25468,35543,Plecotus austriacus,0.01,0.028,-1,Echolocation,/mnt/ubna_data_02_mir/recover-20220922/UBNA_001/20220921_090000.WAV,Telephone Field,recover-20220922,001,1795
1185.2085,1185.2478,68437,82348,Rhinolophus ferrumequinum,0.027,0.027,-1,Echolocation,/mnt/ubna_data_02_mir/recover-20220922/UBNA_001/20220921_090000.WAV,Telephone Field,recover-20220922,001,1795
1185.2315,1185.2395,28046,39146,Eptesicus serotinus,0.007,0.023,-1,Echolocation,/mnt/ubna_data_02_mir/recover-20220922/UBNA_001/20220921_090000.WAV,Telephone Field,recover-20220922,001,1795
1185.2755,1185.3144,68437,82215,Rhinolophus ferrumequinum,0.026,0.026,-1,Echolocation,/mnt/ubna_data_02_mir/recover-20220922/UBNA_001/20220921_090000.WAV,Telephone Field,recover-20220922,001,1795
1185.2795,1185.2865,27187,38308,Myotis daubentonii,0.005,0.023,-1,Echolocation,/mnt/ubna_data_02_mir/recover-20220922/UBNA_001/20220921_090000.WAV,Telephone Field,recover-20220922,001,1795
1185.3215,1185.3301,45234,49334,Pipistrellus pipistrellus,0.027,0.029,-1,Echolocation,/mnt/ubna_data_02_mir/recover-20220922/UBNA_001/20220921_090000.WAV,Telephone Field,recover-20220922,001,1795
1185.3525,1185.3928,68437,82555,Rhinolophus ferrumequinum,0.022,0.022,-1,Echolocation,/mnt/ubna_data_02_mir/recover-20220922/UBNA_001/20220921_090000.WAV,Telephone Field,recover-20220922,001,1795
1185.3855,1185.3959,25468,32306,Eptesicus serotinus,0.01,0.026,-1,Echolocation,/mnt/ubna_data_02_mir/recover-20220922/UBNA_001/20220921_090000.WAV,Telephone Field,recover-20220922,001,1795
1185.4115,1185.4214,22031,27484,Nyctalus leisleri,0.011,0.025,-1,Echolocation,/mnt/ubna_data_02_mir/recover-20220922/UBNA_001/20220921_090000.WAV,Telephone Field,recover-20220922,001,1795
1185.4545,1185.4937,68437,82722,Rhinolophus ferrumequinum,0.027,0.027,-1,Echolocation,/mnt/ubna_data_02_mir/recover-20220922/UBNA_001/20220921_090000.WAV,Telephone Field,recover-20220922,001,1795
1185.4635,1185.5075,68437,83705,Rhinolophus ferrumequinum,0.031,0.031,-1,Echolocation,/mnt/ubna_data_02_mir/recover-20220922/UBNA_001/20220921_090000.WAV,Telephone Field,recover-20220922,001,1795
1185.4785,1185.5197,68437,82701,Rhinolophus ferrumequinum,0.023,0.023,-1,Echolocation,/mnt/ubna_data_02_mir/recover-20220922/UBNA_001/20220921_090000.WAV,Telephone Field,recover-20220922,001,1795
1185.4805,1185.4905,22031,28480,Plecotus austriacus,0.01,0.027,-1,Echolocation,/mnt/ubna_data_02_mir/recover-20220922/UBNA_001/20220921_090000.WAV,Telephone Field,recover-20220922,001,1795
1185.4985,1185.5367,68437,81852,Rhinolophus ferrumequinum,0.022,0.022,-1,Echolocation,/mnt/ubna_data_02_mir/recover-20220922/UBNA_001/20220921_090000.WAV,Telephone Field,recover-20220922,001,1795
1185.5095,1185.5497,68437,82298,Rhinolophus ferrumequinum,0.023,0.023,-1,Echolocation,/mnt/ubna_data_02_mir/recover-20220922/UBNA_001/20220921_090000.WAV,Telephone Field,recover-20220922,001,1795
1185.5155,1185.5209,24609,42018,Plecotus austriacus,0.015,0.043,-1,Echolocation,/mnt/ubna_data_02_mir/recover-20220922/UBNA_001/20220921_090000.WAV,Telephone Field,recover-20220922,001,1795
1185.5245,1185.5331,28906,37428,Eptesicus serotinus,0.008,0.023,-1,Echolocation,/mnt/ubna_data_02_mir/recover-20220922/UBNA_001/20220921_090000.WAV,Telephone Field,recover-20220922,001,1795
1185.5955,1185.6023,27187,40613,Eptesicus serotinus,0.007,0.026,-1,Echolocation,/mnt/ubna_data_02_mir/recover-20220922/UBNA_001/20220921_090000.WAV,Telephone Field,recover-20220922,001,1795
1185.6035,1185.6423,68437,81747,Rhinolophus ferrumequinum,0.023,0.023,-1,Echolocation,/mnt/ubna_data_02_mir/recover-20220922/UBNA_001/20220921_090000.WAV,Telephone Field,recover-20220922,001,1795
1185.6285,1185.6665,68437,82162,Rhinolophus ferrumequinum,0.025,0.025,-1,Echolocation,/mnt/ubna_data_02_mir/recover-20220922/UBNA_001/20220921_090000.WAV,Telephone Field,recover-20220922,001,1795
1185.6475,1185.6869,68437,81823,Rhinolophus ferrumequinum,0.022,0.022,-1,Echolocation,/mnt/ubna_data_02_mir/recover-20220922/UBNA_001/20220921_090000.WAV,Telephone Field,recover-20220922,001,1795
1185.6545,1185.6928,68437,82176,Rhinolophus ferrumequinum,0.025,0.025,-1,Echolocation,/mnt/ubna_data_02_mir/recover-20220922/UBNA_001/20220921_090000.WAV,Telephone Field,recover-20220922,001,1795
1185.6785,1185.7151,68437,81593,Rhinolophus ferrumequinum,0.023,0.023,-1,Echolocation,/mnt/ubna_data_02_mir/recover-20220922/UBNA_001/20220921_090000.WAV,Telephone Field,recover-20220922,001,1795
1185.6995,1185.7425,68437,83106,Rhinolophus ferrumequinum,0.027,0.027,-1,Echolocation,/mnt/ubna_data_02_mir/recover-20220922/UBNA_001/20220921_090000.WAV,Telephone Field,recover-20220922,001,1795
1185.7205,1185.7609,68437,82348,Rhinolophus ferrumequinum,0.022,0.022,-1,Echolocation,/mnt/ubna_data_02_mir/recover-20220922/UBNA_001/20220921_090000.WAV,Telephone Field,recover-20220922,001,1795
1185.7365,1185.7456,27187,36330,Eptesicus serotinus,0.01,0.023,-1,Echolocation,/mnt/ubna_data_02_mir/recover-20220922/UBNA_001/20220921_090000.WAV,Telephone Field,recover-20220922,001,1795
1185.7525,1185.7901,68437,81981,Rhinolophus ferrumequinum,0.022,0.022,-1,Echolocation,/mnt/ubna_data_02_mir/recover-20220922/UBNA_001/20220921_090000.WAV,Telephone Field,recover-20220922,001,1795
1185.7565,1185.7654,22890,29281,Plecotus austriacus,0.009,0.023,-1,Echolocation,/mnt/ubna_data_02_mir/recover-20220922/UBNA_001/20220921_090000.WAV,Telephone Field,recover-20220922,001,1795
1185.7705,1185.8093,68437,82669,Rhinolophus ferrumequinum,0.027,0.027,-1,Echolocation,/mnt/ubna_data_02_mir/recover-20220922/UBNA_001/20220921_090000.WAV,Telephone Field,recover-20220922,001,1795
1185.8225,1185.8605,68437,82132,Rhinolophus ferrumequinum,0.024,0.024,-1,Echolocation,/mnt/ubna_data_02_mir/recover-20220922/UBNA_001/20220921_090000.WAV,Telephone Field,recover-20220922,001,1795
1185.8295,1185.869,68437,82201,Rhinolophus ferrumequinum,0.024,0.024,-1,Echolocation,/mnt/ubna_data_02_mir/recover-20220922/UBNA_001/20220921_090000.WAV,Telephone Field,recover-20220922,001,1795
1185.8705,1185.9103,68437,82556,Rhinolophus ferrumequinum,0.025,0.025,-1,Echolocation,/mnt/ubna_data_02_mir/recover-20220922/UBNA_001/20220921_090000.WAV,Telephone Field,recover-20220922,001,1795
1185.8745,1185.8836,28906,36903,Eptesicus serotinus,0.008,0.025,-1,Echolocation,/mnt/ubna_data_02_mir/recover-20220922/UBNA_001/20220921_090000.WAV,Telephone Field,recover-20220922,001,1795
1185.8965,1185.9382,68437,82916,Rhinolophus ferrumequinum,0.031,0.031,-1,Echolocation,/mnt/ubna_data_02_mir/recover-20220922/UBNA_001/20220921_090000.WAV,Telephone Field,recover-20220922,001,1795
1186.0015,1186.0349,68437,80016,Rhinolophus ferrumequinum,0.047,0.047,-1,Echolocation,/mnt/ubna_data_02_mir/recover-20220922/UBNA_001/20220921_090000.WAV,Telephone Field,recover-20220922,001,1795
1186.0015,1186.0124,48671,54700,Pipistrellus pipistrellus,0.019,0.025,-1,Echolocation,/mnt/ubna_data_02_mir/recover-20220922/UBNA_001/20220921_090000.WAV,Telephone Field,recover-20220922,001,1795
1186.0015,1186.0098,22031,28541,Nyctalus leisleri,0.007,0.025,-1,Echolocation,/mnt/ubna_data_02_mir/recover-20220922/UBNA_001/20220921_090000.WAV,Telephone Field,recover-20220922,001,1795
1186.0085,1186.0199,55546,59374,Pipistrellus pygmaeus,0.026,0.029,-1,Echolocation,/mnt/ubna_data_02_mir/recover-20220922/UBNA_001/20220921_090000.WAV,Telephone Field,recover-20220922,001,1795
1186.0095,1186.0509,68437,82609,Rhinolophus ferrumequinum,0.024,0.024,-1,Echolocation,/mnt/ubna_data_02_mir/recover-20220922/UBNA_001/20220921_090000.WAV,Telephone Field,recover-20220922,001,1795
1186.0115,1186.0194,28046,37849,Eptesicus serotinus,0.006,0.023,-1,Echolocation,/mnt/ubna_data_02_mir/recover-20220922/UBNA_001/20220921_090000.WAV,Telephone Field,recover-20220922,001,1795
1186.0255,1186.0649,68437,82570,Rhinolophus ferrumequinum,0.023,0.023,-1,Echolocation,/mnt/ubna_data_02_mir/recover-20220922/UBNA_001/20220921_090000.WAV,Telephone Field,recover-20220922,001,1795
1186.0405,1186.0486,26328,39219,Eptesicus serotinus,0.008,0.024,-1,Echolocation,/mnt/ubna_data_02_mir/recover-20220922/UBNA_001/20220921_090000.WAV,Telephone Field,recover-20220922,001,1795
1186.0775,1186.0846,28046,38510,Eptesicus serotinus,0.006,0.024,-1,Echolocation,/mnt/ubna_data_02_mir/recover-20220922/UBNA_001/20220921_090000.WAV,Telephone Field,recover-20220922,001,1795
1186.0815,1186.1211,68437,82445,Rhinolophus ferrumequinum,0.021,0.021,-1,Echolocation,/mnt/ubna_data_02_mir/recover-20220922/UBNA_001/20220921_090000.WAV,Telephone Field,recover-20220922,001,1795
1186.1065,1186.1202,34921,39296,Pipistrellus nathusii,0.027,0.055,-1,Echolocation,/mnt/ubna_data_02_mir/recover-20220922/UBNA_001/20220921_090000.WAV,Telephone Field,recover-20220922,001,1795
1186.1375,1186.1788999999999,68437,82220,Rhinolophus ferrumequinum,0.023,0.023,-1,Echolocation,/mnt/ubna_data_02_mir/recover-20220922/UBNA_001/20220921_090000.WAV,Telephone Field,recover-20220922,001,1795
1186.1875,1186.2269000000001,68437,82572,Rhinolophus ferrumequinum,0.021,0.021,-1,Echolocation,/mnt/ubna_data_02_mir/recover-20220922/UBNA_001/20220921_090000.WAV,Telephone Field,recover-20220922,001,1795
1186.1995,1186.2367,68437,81750,Rhinolophus ferrumequinum,0.023,0.023,-1,Echolocation,/mnt/ubna_data_02_mir/recover-20220922/UBNA_001/20220921_090000.WAV,Telephone Field,recover-20220922,001,1795
1186.2295,1186.2673,68437,81996,Rhinolophus ferrumequinum,0.025,0.025,-1,Echolocation,/mnt/ubna_data_02_mir/recover-20220922/UBNA_001/20220921_090000.WAV,Telephone Field,recover-20220922,001,1795
1186.2545,1186.2657,22890,27499,Nyctalus leisleri,0.012,0.022,-1,Echolocation,/mnt/ubna_data_02_mir/recover-20220922/UBNA_001/20220921_090000.WAV,Telephone Field,recover-20220922,001,1795
1186.2635,1186.2722,25468,34878,Nyctalus leisleri,0.006,0.022,-1,Echolocation,/mnt/ubna_data_02_mir/recover-20220922/UBNA_001/20220921_090000.WAV,Telephone Field,recover-20220922,001,1795
1186.2875,1186.3267,68437,82591,Rhinolophus ferrumequinum,0.023,0.023,-1,Echolocation,/mnt/ubna_data_02_mir/recover-20220922/UBNA_001/20220921_090000.WAV,Telephone Field,recover-20220922,001,1795
1186.3395,1186.349,28046,35981,Eptesicus serotinus,0.009,0.023,-1,Echolocation,/mnt/ubna_data_02_mir/recover-20220922/UBNA_001/20220921_090000.WAV,Telephone Field,recover-20220922,001,1795
1186.3565,1186.3965,68437,82246,Rhinolophus ferrumequinum,0.022,0.022,-1,Echolocation,/mnt/ubna_data_02_mir/recover-20220922/UBNA_001/20220921_090000.WAV,Telephone Field,recover-20220922,001,1795
1186.3825,1186.39,48671,54554,Pipistrellus pipistrellus,0.022,0.024,-1,Echolocation,/mnt/ubna_data_02_mir/recover-20220922/UBNA_001/20220921_090000.WAV,Telephone Field,recover-20220922,001,1795
1186.4155,1186.4233,26328,34636,Eptesicus serotinus,0.008,0.022,-1,Echolocation,/mnt/ubna_data_02_mir/recover-20220922/UBNA_001/20220921_090000.WAV,Telephone Field,recover-20220922,001,1795
1186.4505,1186.4903,68437,82379,Rhinolophus ferrumequinum,0.024,0.024,-1,Echolocation,/mnt/ubna_data_02_mir/recover-20220922/UBNA_001/20220921_090000.WAV,Telephone Field,recover-20220922,001,1795
1186.4625,1186.4718,27187,36043,Eptesicus serotinus,0.009,0.021,-1,Echolocation,/mnt/ubna_data_02_mir/recover-20220922/UBNA_001/20220921_090000.WAV,Telephone Field,recover-20220922,001,1795
1186.4715,1186.4798,27187,36091,Eptesicus serotinus,0.01,0.027,-1,Echolocation,/mnt/ubna_data_02_mir/recover-20220922/UBNA_001/20220921_090000.WAV,Telephone Field,recover-20220922,001,1795
1186.5015,1186.5089,27187,39690,Eptesicus serotinus,0.006,0.021,-1,Echolocation,/mnt/ubna_data_02_mir/recover-20220922/UBNA_001/20220921_090000.WAV,Telephone Field,recover-20220922,001,1795
1186.5205,1186.5604,68437,82424,Rhinolophus ferrumequinum,0.025,0.025,-1,Echolocation,/mnt/ubna_data_02_mir/recover-20220922/UBNA_001/20220921_090000.WAV,Telephone Field,recover-20220922,001,1795
1186.5235,1186.5383,15156,21433,Nyctalus noctula,0.021,0.029,-1,Echolocation,/mnt/ubna_data_02_mir/recover-20220922/UBNA_001/20220921_090000.WAV,Telephone Field,recover-20220922,001,1795
1186.5605,1186.5978,68437,81990,Rhinolophus ferrumequinum,0.022,0.022,-1,Echolocation,/mnt/ubna_data_02_mir/recover-20220922/UBNA_001/20220921_090000.WAV,Telephone Field,recover-20220922,001,1795
1186.5635,1186.5713,23750,31072,Plecotus austriacus,0.009,0.023,-1,Echolocation,/mnt/ubna_data_02_mir/recover-20220922/UBNA_001/20220921_090000.WAV,Telephone Field,recover-20220922,001,1795
1186.6285,1186.6671,68437,82280,Rhinolophus ferrumequinum,0.025,0.025,-1,Echolocation,/mnt/ubna_data_02_mir/recover-20220922/UBNA_001/20220921_090000.WAV,Telephone Field,recover-20220922,001,1795
1186.6595,1186.6973,68437,82189,Rhinolophus ferrumequinum,0.021,0.021,-1,Echolocation,/mnt/ubna_data_02_mir/recover-20220922/UBNA_001/20220921_090000.WAV,Telephone Field,recover-20220922,001,1795
1186.6725,1186.7126,68437,82572,Rhinolophus ferrumequinum,0.028,0.029,-1,Echolocation,/mnt/ubna_data_02_mir/recover-20220922/UBNA_001/20220921_090000.WAV,Telephone Field,recover-20220922,001,1795
1186.6845,1186.6935,29765,38766,Myotis daubentonii,0.008,0.023,-1,Echolocation,/mnt/ubna_data_02_mir/recover-20220922/UBNA_001/20220921_090000.WAV,Telephone Field,recover-20220922,001,1795
1186.6955,1186.733,68437,82063,Rhinolophus ferrumequinum,0.023,0.023,-1,Echolocation,/mnt/ubna_data_02_mir/recover-20220922/UBNA_001/20220921_090000.WAV,Telephone Field,recover-20220922,001,1795
1186.7235,1186.7315,28046,38744,Eptesicus serotinus,0.009,0.024,-1,Echolocation,/mnt/ubna_data_02_mir/recover-20220922/UBNA_001/20220921_090000.WAV,Telephone Field,recover-20220922,001,1795
1186.7375,1186.7772,68437,82064,Rhinolophus ferrumequinum,0.024,0.024,-1,Echolocation,/mnt/ubna_data_02_mir/recover-20220922/UBNA_001/20220921_090000.WAV,Telephone Field,recover-20220922,001,1795
1186.7695,1186.8094,68437,81831,Rhinolophus ferrumequinum,0.021,0.021,-1,Echolocation,/mnt/ubna_data_02_mir/recover-20220922/UBNA_001/20220921_090000.WAV,Telephone Field,recover-20220922,001,1795
1186.7745,1186.7846,22890,28416,Nyctalus leisleri,0.011,0.027,-1,Echolocation,/mnt/ubna_data_02_mir/recover-20220922/UBNA_001/20220921_090000.WAV,Telephone Field,recover-20220922,001,1795
1186.8125,1186.8546,68437,81862,Rhinolophus ferrumequinum,0.034,0.034,-1,Echolocation,/mnt/ubna_data_02_mir/recover-20220922/UBNA_001/20220921_090000.WAV,Telephone Field,recover-20220922,001,1795
1186.8545,1186.8921,68437,81472,Rhinolophus ferrumequinum,0.022,0.022,-1,Echolocation,/mnt/ubna_data_02_mir/recover-20220922/UBNA_001/20220921_090000.WAV,Telephone Field,recover-20220922,001,1795
1186.8855,1186.9249,68437,82040,Rhinolophus ferrumequinum,0.021,0.021,-1,Echolocation,/mnt/ubna_data_02_mir/recover-20220922/UBNA_001/20220921_090000.WAV,Telephone Field,recover-20220922,001,1795
1186.9295,1186.9696,68437,82616,Rhinolophus ferrumequinum,0.024,0.024,-1,Echolocation,/mnt/ubna_data_02_mir/recover-20220922/UBNA_001/20220921_090000.WAV,Telephone Field,recover-20220922,001,1795
1186.9355,1186.9432,27187,39222,Eptesicus serotinus,0.007,0.024,-1,Echolocation,/mnt/ubna_data_02_mir/recover-20220922/UBNA_001/20220921_090000.WAV,Telephone Field,recover-20220922,001,1795
1186.9375,1186.9476,22890,28437,Nyctalus leisleri,0.011,0.024,-1,Echolocation,/mnt/ubna_data_02_mir/recover-20220922/UBNA_001/20220921_090000.WAV,Telephone Field,recover-20220922,001,1795
1186.9615,1186.9682,28046,41654,Eptesicus serotinus,0.006,0.023,-1,Echolocation,/mnt/ubna_data_02_mir/recover-20220922/UBNA_001/20220921_090000.WAV,Telephone Field,recover-20220922,001,1795
1187.0135,1187.0506,68437,81178,Rhinolophus ferrumequinum,0.021,0.021,-1,Echolocation,/mnt/ubna_data_02_mir/recover-20220922/UBNA_001/20220921_090000.WAV,Telephone Field,recover-20220922,001,1795
1187.0395,1187.075,68437,81344,Rhinolophus ferrumequinum,0.023,0.023,-1,Echolocation,/mnt/ubna_data_02_mir/recover-20220922/UBNA_001/20220921_090000.WAV,Telephone Field,recover-20220922,001,1795
1187.0665,1187.076,28046,36253,Eptesicus serotinus,0.012,0.027,-1,Echolocation,/mnt/ubna_data_02_mir/recover-20220922/UBNA_001/20220921_090000.WAV,Telephone Field,recover-20220922,001,1795
1187.1035,1187.1426,68437,82080,Rhinolophus ferrumequinum,0.022,0.022,-1,Echolocation,/mnt/ubna_data_02_mir/recover-20220922/UBNA_001/20220921_090000.WAV,Telephone Field,recover-20220922,001,1795
1187.1125,1187.1193,27187,39807,Eptesicus serotinus,0.005,0.021,-1,Echolocation,/mnt/ubna_data_02_mir/recover-20220922/UBNA_001/20220921_090000.WAV,Telephone Field,recover-20220922,001,1795
1187.1205,1187.1585,68437,81811,Rhinolophus ferrumequinum,0.024,0.024,-1,Echolocation,/mnt/ubna_data_02_mir/recover-20220922/UBNA_001/20220921_090000.WAV,Telephone Field,recover-20220922,001,1795
1187.1525,1187.1631,44375,46935,Pipistrellus pipistrellus,0.042,0.044,-1,Echolocation,/mnt/ubna_data_02_mir/recover-20220922/UBNA_001/20220921_090000.WAV,Telephone Field,recover-20220922,001,1795
1187.1765,1187.2164,68437,82246,Rhinolophus ferrumequinum,0.024,0.024,-1,Echolocation,/mnt/ubna_data_02_mir/recover-20220922/UBNA_001/20220921_090000.WAV,Telephone Field,recover-20220922,001,1795
1187.2045,1187.2419,68437,81843,Rhinolophus ferrumequinum,0.028,0.029,-1,Echolocation,/mnt/ubna_data_02_mir/recover-20220922/UBNA_001/20220921_090000.WAV,Telephone Field,recover-20220922,001,1795
1187.2115,1187.2217,22031,27439,Nyctalus leisleri,0.009,0.023,-1,Echolocation,/mnt/ubna_data_02_mir/recover-20220922/UBNA_001/20220921_090000.WAV,Telephone Field,recover-20220922,001,1795
1187.2125,1187.2211,28046,37059,Eptesicus serotinus,0.008,0.022,-1,Echolocation,/mnt/ubna_data_02_mir/recover-20220922/UBNA_001/20220921_090000.WAV,Telephone Field,recover-20220922,001,1795
1187.2265,1187.2374,22890,28384,Nyctalus leisleri,0.011,0.025,-1,Echolocation,/mnt/ubna_data_02_mir/recover-20220922/UBNA_001/20220921_090000.WAV,Telephone Field,recover-20220922,001,1795
1187.2385,1187.2774,68437,82028,Rhinolophus ferrumequinum,0.021,0.021,-1,Echolocation,/mnt/ubna_data_02_mir/recover-20220922/UBNA_001/20220921_090000.WAV,Telephone Field,recover-20220922,001,1795
1187.2475,1187.287,68437,82402,Rhinolophus ferrumequinum,0.024,0.024,-1,Echolocation,/mnt/ubna_data_02_mir/recover-20220922/UBNA_001/20220921_090000.WAV,Telephone Field,recover-20220922,001,1795
1187.2525,1187.2603,28046,40103,Eptesicus serotinus,0.008,0.025,-1,Echolocation,/mnt/ubna_data_02_mir/recover-20220922/UBNA_001/20220921_090000.WAV,Telephone Field,recover-20220922,001,1795
1187.2565,1187.2939,68437,81721,Rhinolophus ferrumequinum,0.021,0.021,-1,Echolocation,/mnt/ubna_data_02_mir/recover-20220922/UBNA_001/20220921_090000.WAV,Telephone Field,recover-20220922,001,1795
1187.2675,1187.3087,68437,82344,Rhinolophus ferrumequinum,0.022,0.022,-1,Echolocation,/mnt/ubna_data_02_mir/recover-20220922/UBNA_001/20220921_090000.WAV,Telephone Field,recover-20220922,001,1795
1187.3085,1187.3481,68437,82716,Rhinolophus ferrumequinum,0.022,0.022,-1,Echolocation,/mnt/ubna_data_02_mir/recover-20220922/UBNA_001/20220921_090000.WAV,Telephone Field,recover-20220922,001,1795
1187.3115,1187.3249,15156,20947,Nyctalus noctula,0.013,0.021,-1,Echolocation,/mnt/ubna_data_02_mir/recover-20220922/UBNA_001/20220921_090000.WAV,Telephone Field,recover-20220922,001,1795
1187.3425,1187.35,28046,39152,Eptesicus serotinus,0.007,0.023,-1,Echolocation,/mnt/ubna_data_02_mir/recover-20220922/UBNA_001/20220921_090000.WAV,Telephone Field,recover-20220922,001,1795
1187.3505,1187.3921,68437,83409,Rhinolophus ferrumequinum,0.024,0.024,-1,Echolocation,/mnt/ubna_data_02_mir/recover-20220922/UBNA_001/20220921_090000.WAV,Telephone Field,recover-20220922,001,1795
1187.3635,1187.3708,44375,47910,Pipistrellus pipistrellus,0.03,0.032,-1,Echolocation,/mnt/ubna_data_02_mir/recover-20220922/UBNA_001/20220921_090000.WAV,Telephone Field,recover-20220922,001,1795
1187.3705,1187.3846,22031,26323,Nyctalus leisleri,0.014,0.025,-1,Echolocation,/mnt/ubna_data_02_mir/recover-20220922/UBNA_001/20220921_090000.WAV,Telephone Field,recover-20220922,001,1795
1187.4025,1187.4414,68437,81910,Rhinolophus ferrumequinum,0.021,0.021,-1,Echolocation,/mnt/ubna_data_02_mir/recover-20220922/UBNA_001/20220921_090000.WAV,Telephone Field,recover-20220922,001,1795
1187.4215,1187.4288,28046,38568,Eptesicus serotinus,0.007,0.023,-1,Echolocation,/mnt/ubna_data_02_mir/recover-20220922/UBNA_001/20220921_090000.WAV,Telephone Field,recover-20220922,001,1795
1187.4225,1187.4585,68437,81629,Rhinolophus ferrumequinum,0.022,0.022,-1,Echolocation,/mnt/ubna_data_02_mir/recover-20220922/UBNA_001/20220921_090000.WAV,Telephone Field,recover-20220922,001,1795
1187.4465,1187.4872,68437,82039,Rhinolophus ferrumequinum,0.033,0.033,-1,Echolocation,/mnt/ubna_data_02_mir/recover-20220922/UBNA_001/20220921_090000.WAV,Telephone Field,recover-20220922,001,1795
1187.4625,1187.4988,68437,81435,Rhinolophus ferrumequinum,0.024,0.024,-1,Echolocation,/mnt/ubna_data_02_mir/recover-20220922/UBNA_001/20220921_090000.WAV,Telephone Field,recover-20220922,001,1795
1187.4745,1187.4852,28906,36447,Eptesicus serotinus,0.009,0.022,-1,Echolocation,/mnt/ubna_data_02_mir/recover-20220922/UBNA_001/20220921_090000.WAV,Telephone Field,recover-20220922,001,1795
1187.4795,1187.4899,28906,36409,Eptesicus serotinus,0.009,0.021,-1,Echolocation,/mnt/ubna_data_02_mir/recover-20220922/UBNA_001/20220921_090000.WAV,Telephone Field,recover-20220922,001,1795
1187.5165,1187.557,68437,82817,Rhinolophus ferrumequinum,0.027,0.027,-1,Echolocation,/mnt/ubna_data_02_mir/recover-20220922/UBNA_001/20220921_090000.WAV,Telephone Field,recover-20220922,001,1795
1187.5375,1187.5483,51250,55918,Pipistrellus pipistrellus,0.016,0.023,-1,Echolocation,/mnt/ubna_data_02_mir/recover-20220922/UBNA_001/20220921_090000.WAV,Telephone Field,recover-20220922,001,1795
1187.5675,1187.609,68437,82873,Rhinolophus ferrumequinum,0.027,0.027,-1,Echolocation,/mnt/ubna_data_02_mir/recover-20220922/UBNA_001/20220921_090000.WAV,Telephone Field,recover-20220922,001,1795
1187.6395,1187.6518,26328,33306,Eptesicus serotinus,0.016,0.033,-1,Echolocation,/mnt/ubna_data_02_mir/recover-20220922/UBNA_001/20220921_090000.WAV,Telephone Field,recover-20220922,001,1795
1187.6605,1187.6984,68437,82001,Rhinolophus ferrumequinum,0.022,0.022,-1,Echolocation,/mnt/ubna_data_02_mir/recover-20220922/UBNA_001/20220921_090000.WAV,Telephone Field,recover-20220922,001,1795
1187.6835,1187.6928,28046,37918,Eptesicus serotinus,0.01,0.025,-1,Echolocation,/mnt/ubna_data_02_mir/recover-20220922/UBNA_001/20220921_090000.WAV,Telephone Field,recover-20220922,001,1795
1187.6915,1187.7327,68437,82707,Rhinolophus ferrumequinum,0.026,0.026,-1,Echolocation,/mnt/ubna_data_02_mir/recover-20220922/UBNA_001/20220921_090000.WAV,Telephone Field,recover-20220922,001,1795
1187.7145,1187.7271,22031,25655,Nyctalus leisleri,0.014,0.023,-1,Echolocation,/mnt/ubna_data_02_mir/recover-20220922/UBNA_001/20220921_090000.WAV,Telephone Field,recover-20220922,001,1795
1187.7215,1187.7327,47812,52599,Pipistrellus pipistrellus,0.048,0.052,-1,Echolocation,/mnt/ubna_data_02_mir/recover-20220922/UBNA_001/20220921_090000.WAV,Telephone Field,recover-20220922,001,1795
1187.7415,1187.7488,27187,40226,Eptesicus serotinus,0.006,0.021,-1,Echolocation,/mnt/ubna_data_02_mir/recover-20220922/UBNA_001/20220921_090000.WAV,Telephone Field,recover-20220922,001,1795
1187.7525,1187.7935,68437,83099,Rhinolophus ferrumequinum,0.023,0.023,-1,Echolocation,/mnt/ubna_data_02_mir/recover-20220922/UBNA_001/20220921_090000.WAV,Telephone Field,recover-20220922,001,1795
1187.7775,1187.8208,68437,83211,Rhinolophus ferrumequinum,0.027,0.027,-1,Echolocation,/mnt/ubna_data_02_mir/recover-20220922/UBNA_001/20220921_090000.WAV,Telephone Field,recover-20220922,001,1795
1187.7835,1187.8247,68437,83068,Rhinolophus ferrumequinum,0.029,0.03,-1,Echolocation,/mnt/ubna_data_02_mir/recover-20220922/UBNA_001/20220921_090000.WAV,Telephone Field,recover-20220922,001,1795
1187.7935,1187.8302,68437,81881,Rhinolophus ferrumequinum,0.021,0.021,-1,Echolocation,/mnt/ubna_data_02_mir/recover-20220922/UBNA_001/20220921_090000.WAV,Telephone Field,recover-20220922,001,1795
1187.8135,1187.8233,23750,30443,Nyctalus leisleri,0.008,0.021,-1,Echolocation,/mnt/ubna_data_02_mir/recover-20220922/UBNA_001/20220921_090000.WAV,Telephone Field,recover-20220922,001,1795
1187.8145,1187.8555,68437,82884,Rhinolophus ferrumequinum,0.022,0.022,-1,Echolocation,/mnt/ubna_data_02_mir/recover-20220922/UBNA_001/20220921_090000.WAV,Telephone Field,recover-20220922,001,1795
1187.8155,1187.8242,28046,36880,Eptesicus serotinus,0.008,0.021,-1,Echolocation,/mnt/ubna_data_02_mir/recover-20220922/UBNA_001/20220921_090000.WAV,Telephone Field,recover-20220922,001,1795
1187.8295,1187.8645,68437,81347,Rhinolophus ferrumequinum,0.025,0.025,-1,Echolocation,/mnt/ubna_data_02_mir/recover-20220922/UBNA_001/20220921_090000.WAV,Telephone Field,recover-20220922,001,1795
1187.8315,1187.8382,28046,39062,Eptesicus serotinus,0.005,0.024,-1,Echolocation,/mnt/ubna_data_02_mir/recover-20220922/UBNA_001/20220921_090000.WAV,Telephone Field,recover-20220922,001,1795
1187.8425,1187.8536,23750,29396,Nyctalus leisleri,0.013,0.03,-1,Echolocation,/mnt/ubna_data_02_mir/recover-20220922/UBNA_001/20220921_090000.WAV,Telephone Field,recover-20220922,001,1795
1187.8955,1187.9348,68437,82301,Rhinolophus ferrumequinum,0.024,0.024,-1,Echolocation,/mnt/ubna_data_02_mir/recover-20220922/UBNA_001/20220921_090000.WAV,Telephone Field,recover-20220922,001,1795
1187.9215,1187.9607,68437,81712,Rhinolophus ferrumequinum,0.027,0.027,-1,Echolocation,/mnt/ubna_data_02_mir/recover-20220922/UBNA_001/20220921_090000.WAV,Telephone Field,recover-20220922,001,1795
1187.9475,1187.9581,27187,34697,Eptesicus serotinus,0.012,0.026,-1,Echolocation,/mnt/ubna_data_02_mir/recover-20220922/UBNA_001/20220921_090000.WAV,Telephone Field,recover-20220922,001,1795
1187.9605,1187.9998,68437,82154,Rhinolophus ferrumequinum,0.023,0.023,-1,Echolocation,/mnt/ubna_data_02_mir/recover-20220922/UBNA_001/20220921_090000.WAV,Telephone Field,recover-20220922,001,1795
1188.0015,1188.0147,18593,23542,Nyctalus leisleri,0.011,0.027,-1,Echolocation,/mnt/ubna_data_02_mir/recover-20220922/UBNA_001/20220921_090000.WAV,Telephone Field,recover-20220922,001,1795
1188.0015,1188.0352,69296,81303,Rhinolophus ferrumequinum,0.036,0.036,-1,Echolocation,/mnt/ubna_data_02_mir/recover-20220922/UBNA_001/20220921_090000.WAV,Telephone Field,recover-20220922,001,1795
1188.0015,1188.0081,46093,52581,Pipistrellus pipistrellus,0.016,0.022,-1,Echolocation,/mnt/ubna_data_02_mir/recover-20220922/UBNA_001/20220921_090000.WAV,Telephone Field,recover-20220922,001,1795
1188.0095,1188.0505,68437,82377,Rhinolophus ferrumequinum,0.022,0.022,-1,Echolocation,/mnt/ubna_data_02_mir/recover-20220922/UBNA_001/20220921_090000.WAV,Telephone Field,recover-20220922,001,1795
1188.0545,1188.0955,68437,82321,Rhinolophus ferrumequinum,0.023,0.023,-1,Echolocation,/mnt/ubna_data_02_mir/recover-20220922/UBNA_001/20220921_090000.WAV,Telephone Field,recover-20220922,001,1795
1188.0625,1188.0748,38359,42581,Pipistrellus nathusii,0.018,0.025,-1,Echolocation,/mnt/ubna_data_02_mir/recover-20220922/UBNA_001/20220921_090000.WAV,Telephone Field,recover-20220922,001,1795
1188.0795,1188.1189,68437,82176,Rhinolophus ferrumequinum,0.021,0.021,-1,Echolocation,/mnt/ubna_data_02_mir/recover-20220922/UBNA_001/20220921_090000.WAV,Telephone Field,recover-20220922,001,1795
1188.0935,1188.1038,25468,32195,Eptesicus serotinus,0.009,0.022,-1,Echolocation,/mnt/ubna_data_02_mir/recover-20220922/UBNA_001/20220921_090000.WAV,Telephone Field,recover-20220922,001,1795
1188.1025,1188.1396,68437,81923,Rhinolophus ferrumequinum,0.02,0.021,-1,Echolocation,/mnt/ubna_data_02_mir/recover-20220922/UBNA_001/20220921_090000.WAV,Telephone Field,recover-20220922,001,1795
1188.1335,1188.1774,68437,83083,Rhinolophus ferrumequinum,0.035,0.035,-1,Echolocation,/mnt/ubna_data_02_mir/recover-20220922/UBNA_001/20220921_090000.WAV,Telephone Field,recover-20220922,001,1795
1188.1475,1188.1887,68437,82494,Rhinolophus ferrumequinum,0.021,0.021,-1,Echolocation,/mnt/ubna_data_02_mir/recover-20220922/UBNA_001/20220921_090000.WAV,Telephone Field,recover-20220922,001,1795
1188.1525,1188.1922,68437,82632,Rhinolophus ferrumequinum,0.022,0.022,-1,Echolocation,/mnt/ubna_data_02_mir/recover-20220922/UBNA_001/20220921_090000.WAV,Telephone Field,recover-20220922,001,1795
1188.1685,1188.2057,68437,81592,Rhinolophus ferrumequinum,0.024,0.024,-1,Echolocation,/mnt/ubna_data_02_mir/recover-20220922/UBNA_001/20220921_090000.WAV,Telephone Field,recover-20220922,001,1795
1188.1825,1188.193,23750,29530,Nyctalus leisleri,0.01,0.026,-1,Echolocation,/mnt/ubna_data_02_mir/recover-20220922/UBNA_001/20220921_090000.WAV,Telephone Field,recover-20220922,001,1795
1188.1885,1188.2294,68437,82184,Rhinolophus ferrumequinum,0.023,0.024,-1,Echolocation,/mnt/ubna_data_02_mir/recover-20220922/UBNA_001/20220921_090000.WAV,Telephone Field,recover-20220922,001,1795
1188.2305,1188.2701,68437,81841,Rhinolophus ferrumequinum,0.021,0.021,-1,Echolocation,/mnt/ubna_data_02_mir/recover-20220922/UBNA_001/20220921_090000.WAV,Telephone Field,recover-20220922,001,1795
1188.2385,1188.2482,28046,36217,Eptesicus serotinus,0.008,0.021,-1,Echolocation,/mnt/ubna_data_02_mir/recover-20220922/UBNA_001/20220921_090000.WAV,Telephone Field,recover-20220922,001,1795
1188.2445,1188.2839,68437,82610,Rhinolophus ferrumequinum,0.047,0.047,-1,Echolocation,/mnt/ubna_data_02_mir/recover-20220922/UBNA_001/20220921_090000.WAV,Telephone Field,recover-20220922,001,1795
1188.2495,1188.2581,28046,38503,Eptesicus serotinus,0.008,0.021,-1,Echolocation,/mnt/ubna_data_02_mir/recover-20220922/UBNA_001/20220921_090000.WAV,Telephone Field,recover-20220922,001,1795
1188.2775,1188.2865,46953,53050,Pipistrellus pipistrellus,0.031,0.036,-1,Echolocation,/mnt/ubna_data_02_mir/recover-20220922/UBNA_001/20220921_090000.WAV,Telephone Field,recover-20220922,001,1795
1188.2925,1188.329,68437,81421,Rhinolophus ferrumequinum,0.021,0.021,-1,Echolocation,/mnt/ubna_data_02_mir/recover-20220922/UBNA_001/20220921_090000.WAV,Telephone Field,recover-20220922,001,1795
1188.3325,1188.3725,68437,82362,Rhinolophus ferrumequinum,0.022,0.022,-1,Echolocation,/mnt/ubna_data_02_mir/recover-20220922/UBNA_001/20220921_090000.WAV,Telephone Field,recover-20220922,001,1795
1188.3455,1188.3566,48671,52156,Pipistrellus pipistrellus,0.033,0.039,-1,Echolocation,/mnt/ubna_data_02_mir/recover-20220922/UBNA_001/20220921_090000.WAV,Telephone Field,recover-20220922,001,1795
1188.3945,1188.4341,68437,82036,Rhinolophus ferrumequinum,0.022,0.022,-1,Echolocation,/mnt/ubna_data_02_mir/recover-20220922/UBNA_001/20220921_090000.WAV,Telephone Field,recover-20220922,001,1795
1188.3955,1188.4024,28046,40798,Eptesicus serotinus,0.008,0.026,-1,Echolocation,/mnt/ubna_data_02_mir/recover-20220922/UBNA_001/20220921_090000.WAV,Telephone Field,recover-20220922,001,1795
1188.4305,1188.4713,68437,82562,Rhinolophus ferrumequinum,0.022,0.022,-1,Echolocation,/mnt/ubna_data_02_mir/recover-20220922/UBNA_001/20220921_090000.WAV,Telephone Field,recover-20220922,001,1795
1188.4375,1188.4758,68437,82262,Rhinolophus ferrumequinum,0.023,0.023,-1,Echolocation,/mnt/ubna_data_02_mir/recover-20220922/UBNA_001/20220921_090000.WAV,Telephone Field,recover-20220922,001,1795
1188.4385,1188.4485,22031,26559,Nyctalus leisleri,0.01,0.02,-1,Echolocation,/mnt/ubna_data_02_mir/recover-20220922/UBNA_001/20220921_090000.WAV,Telephone Field,recover-20220922,001,1795
1188.4585,1188.4961,68437,81361,Rhinolophus ferrumequinum,0.021,0.021,-1,Echolocation,/mnt/ubna_data_02_mir/recover-20220922/UBNA_001/20220921_090000.WAV,Telephone Field,recover-20220922,001,1795
1188.4625,1188.474,23750,29220,Nyctalus leisleri,0.012,0.027,-1,Echolocation,/mnt/ubna_data_02_mir/recover-20220922/UBNA_001/20220921_090000.WAV,Telephone Field,recover-20220922,001,1795
1188.4775,1188.4868,28046,37213,Eptesicus serotinus,0.01,0.022,-1,Echolocation,/mnt/ubna_data_02_mir/recover-20220922/UBNA_001/20220921_090000.WAV,Telephone Field,recover-20220922,001,1795
1188.5015,1188.5106,49531,55141,Pipistrellus pipistrellus,0.024,0.029,-1,Echolocation,/mnt/ubna_data_02_mir/recover-20220922/UBNA_001/20220921_090000.WAV,Telephone Field,recover-20220922,001,1795
1188.5425,1188.5516,28906,38591,Eptesicus serotinus,0.008,0.023,-1,Echolocation,/mnt/ubna_data_02_mir/recover-20220922/UBNA_001/20220921_090000.WAV,Telephone Field,recover-20220922,001,1795
1188.5445,1188.5828,68437,81398,Rhinolophus ferrumequinum,0.023,0.023,-1,Echolocation,/mnt/ubna_data_02_mir/recover-20220922/UBNA_001/20220921_090000.WAV,Telephone Field,recover-20220922,001,1795
1188.5515,1188.5622,24609,31261,Nyctalus leisleri,0.01,0.027,-1,Echolocation,/mnt/ubna_data_02_mir/recover-20220922/UBNA_001/20220921_090000.WAV,Telephone Field,recover-20220922,001,1795
1188.5705,1188.6112,68437,82651,Rhinolophus ferrumequinum,0.026,0.026,-1,Echolocation,/mnt/ubna_data_02_mir/recover-20220922/UBNA_001/20220921_090000.WAV,Telephone Field,recover-20220922,001,1795
1188.5995,1188.6432,68437,83504,Rhinolophus ferrumequinum,0.033,0.033,-1,Echolocation,/mnt/ubna_data_02_mir/recover-20220922/UBNA_001/20220921_090000.WAV,Telephone Field,recover-20220922,001,1795
1188.6075,1188.6148,26328,35127,Eptesicus serotinus,0.006,0.021,-1,Echolocation,/mnt/ubna_data_02_mir/recover-20220922/UBNA_001/20220921_090000.WAV,Telephone Field,recover-20220922,001,1795
1188.6345,1188.6758,68437,82545,Rhinolophus ferrumequinum,0.034,0.034,-1,Echolocation,/mnt/ubna_data_02_mir/recover-20220922/UBNA_001/20220921_090000.WAV,Telephone Field,recover-20220922,001,1795
1188.6525,1188.6604,49531,54372,Pipistrellus pipistrellus,0.02,0.023,-1,Echolocation,/mnt/ubna_data_02_mir/recover-20220922/UBNA_001/20220921_090000.WAV,Telephone Field,recover-20220922,001,1795
1188.6605,1188.6996,68437,81828,Rhinolophus ferrumequinum,0.022,0.022,-1,Echolocation,/mnt/ubna_data_02_mir/recover-20220922/UBNA_001/20220921_090000.WAV,Telephone Field,recover-20220922,001,1795
1188.6945,1188.7335,68437,82015,Rhinolophus ferrumequinum,0.021,0.021,-1,Echolocation,/mnt/ubna_data_02_mir/recover-20220922/UBNA_001/20220921_090000.WAV,Telephone Field,recover-20220922,001,1795
1188.7095,1188.7456,68437,81310,Rhinolophus ferrumequinum,0.02,0.021,-1,Echolocation,/mnt/ubna_data_02_mir/recover-20220922/UBNA_001/20220921_090000.WAV,Telephone Field,recover-20220922,001,1795
1188.7305,1188.7669,68437,82036,Rhinolophus ferrumequinum,0.023,0.023,-1,Echolocation,/mnt/ubna_data_02_mir/recover-20220922/UBNA_001/20220921_090000.WAV,Telephone Field,recover-20220922,001,1795
1188.7355,1188.7477,23750,29782,Nyctalus leisleri,0.01,0.026,-1,Echolocation,/mnt/ubna_data_02_mir/recover-20220922/UBNA_001/20220921_090000.WAV,Telephone Field,recover-20220922,001,1795
1188.7555,1188.7941,68437,82180,Rhinolophus ferrumequinum,0.025,0.025,-1,Echolocation,/mnt/ubna_data_02_mir/recover-20220922/UBNA_001/20220921_090000.WAV,Telephone Field,recover-20220922,001,1795
1188.7745,1188.7839,28046,36480,Eptesicus serotinus,0.012,0.027,-1,Echolocation,/mnt/ubna_data_02_mir/recover-20220922/UBNA_001/20220921_090000.WAV,Telephone Field,recover-20220922,001,1795
1188.8255,1188.8361,23750,29402,Nyctalus leisleri,0.011,0.026,-1,Echolocation,/mnt/ubna_data_02_mir/recover-20220922/UBNA_001/20220921_090000.WAV,Telephone Field,recover-20220922,001,1795
1188.8475,1188.8842,68437,81626,Rhinolophus ferrumequinum,0.021,0.021,-1,Echolocation,/mnt/ubna_data_02_mir/recover-20220922/UBNA_001/20220921_090000.WAV,Telephone Field,recover-20220922,001,1795
1188.8755,1188.9135,68437,81385,Rhinolophus ferrumequinum,0.021,0.022,-1,Echolocation,/mnt/ubna_data_02_mir/recover-20220922/UBNA_001/20220921_090000.WAV,Telephone Field,recover-20220922,001,1795
1188.8935,1188.9333,68437,82625,Rhinolophus ferrumequinum,0.021,0.021,-1,Echolocation,/mnt/ubna_data_02_mir/recover-20220922/UBNA_001/20220921_090000.WAV,Telephone Field,recover-20220922,001,1795
1188.9255,1188.9668,68437,82353,Rhinolophus ferrumequinum,0.022,0.022,-1,Echolocation,/mnt/ubna_data_02_mir/recover-20220922/UBNA_001/20220921_090000.WAV,Telephone Field,recover-20220922,001,1795
1188.9485,1188.9559,28046,38546,Eptesicus serotinus,0.008,0.026,-1,Echolocation,/mnt/ubna_data_02_mir/recover-20220922/UBNA_001/20220921_090000.WAV,Telephone Field,recover-20220922,001,1795
1188.9645,1189.0089,68437,83421,Rhinolophus ferrumequinum,0.034,0.034,-1,Echolocation,/mnt/ubna_data_02_mir/recover-20220922/UBNA_001/20220921_090000.WAV,Telephone Field,recover-20220922,001,1795
1189.0115,1189.0538,68437,82874,Rhinolophus ferrumequinum,0.031,0.031,-1,Echolocation,/mnt/ubna_data_02_mir/recover-20220922/UBNA_001/20220921_090000.WAV,Telephone Field,recover-20220922,001,1795
1189.0485,1189.0687,17734,21701,Nyctalus noctula,0.019,0.027,-1,Echolocation,/mnt/ubna_data_02_mir/recover-20220922/UBNA_001/20220921_090000.WAV,Telephone Field,recover-20220922,001,1795
1189.1065,1189.146,68437,82375,Rhinolophus ferrumequinum,0.023,0.023,-1,Echolocation,/mnt/ubna_data_02_mir/recover-20220922/UBNA_001/20220921_090000.WAV,Telephone Field,recover-20220922,001,1795
1189.1135,1189.1507,68437,82131,Rhinolophus ferrumequinum,0.024,0.024,-1,Echolocation,/mnt/ubna_data_02_mir/recover-20220922/UBNA_001/20220921_090000.WAV,Telephone Field,recover-20220922,001,1795
1189.1265,1189.165,68437,82050,Rhinolophus ferrumequinum,0.053,0.053,-1,Echolocation,/mnt/ubna_data_02_mir/recover-20220922/UBNA_001/20220921_090000.WAV,Telephone Field,recover-20220922,001,1795
1189.1645,1189.2048,68437,82265,Rhinolophus ferrumequinum,0.048,0.049,-1,Echolocation,/mnt/ubna_data_02_mir/recover-20220922/UBNA_001/20220921_090000.WAV,Telephone Field,recover-20220922,001,1795
1189.1885,1189.2265,68437,82139,Rhinolophus ferrumequinum,0.027,0.027,-1,Echolocation,/mnt/ubna_data_02_mir/recover-20220922/UBNA_001/20220921_090000.WAV,Telephone Field,recover-20220922,001,1795
1189.2105,1189.2191,27187,38875,Eptesicus serotinus,0.007,0.02,-1,Echolocation,/mnt/ubna_data_02_mir/recover-20220922/UBNA_001/20220921_090000.WAV,Telephone Field,recover-20220922,001,1795
1189.2145,1189.2528,68437,82619,Rhinolophus ferrumequinum,0.025,0.025,-1,Echolocation,/mnt/ubna_data_02_mir/recover-20220922/UBNA_001/20220921_090000.WAV,Telephone Field,recover-20220922,001,1795
1189.2345,1189.2752,68437,82600,Rhinolophus ferrumequinum,0.023,0.023,-1,Echolocation,/mnt/ubna_data_02_mir/recover-20220922/UBNA_001/20220921_090000.WAV,Telephone Field,recover-20220922,001,1795
1189.2485,1189.261,22031,26382,Nyctalus leisleri,0.013,0.024,-1,Echolocation,/mnt/ubna_data_02_mir/recover-20220922/UBNA_001/20220921_090000.WAV,Telephone Field,recover-20220922,001,1795
1189.2935,1189.304,22890,28751,Nyctalus leisleri,0.01,0.022,-1,Echolocation,/mnt/ubna_data_02_mir/recover-20220922/UBNA_001/20220921_090000.WAV,Telephone Field,recover-20220922,001,1795
1189.3095,1189.3482,68437,82208,Rhinolophus ferrumequinum,0.021,0.021,-1,Echolocation,/mnt/ubna_data_02_mir/recover-20220922/UBNA_001/20220921_090000.WAV,Telephone Field,recover-20220922,001,1795
1189.3725,1189.4124,68437,82328,Rhinolophus ferrumequinum,0.028,0.028,-1,Echolocation,/mnt/ubna_data_02_mir/recover-20220922/UBNA_001/20220921_090000.WAV,Telephone Field,recover-20220922,001,1795
1189.3735,1189.3821,27187,40002,Eptesicus serotinus,0.008,0.021,-1,Echolocation,/mnt/ubna_data_02_mir/recover-20220922/UBNA_001/20220921_090000.WAV,Telephone Field,recover-20220922,001,1795
1189.3745,1189.3842,37500,43281,Pipistrellus nathusii,0.015,0.029,-1,Echolocation,/mnt/ubna_data_02_mir/recover-20220922/UBNA_001/20220921_090000.WAV,Telephone Field,recover-20220922,001,1795
1189.4365,1189.4753,68437,82099,Rhinolophus ferrumequinum,0.021,0.021,-1,Echolocation,/mnt/ubna_data_02_mir/recover-20220922/UBNA_001/20220921_090000.WAV,Telephone Field,recover-20220922,001,1795
1189.4515,1189.4904,68437,81548,Rhinolophus ferrumequinum,0.022,0.022,-1,Echolocation,/mnt/ubna_data_02_mir/recover-20220922/UBNA_001/20220921_090000.WAV,Telephone Field,recover-20220922,001,1795
1189.4515,1189.4618,22890,28456,Nyctalus leisleri,0.009,0.023,-1,Echolocation,/mnt/ubna_data_02_mir/recover-20220922/UBNA_001/20220921_090000.WAV,Telephone Field,recover-20220922,001,1795
1189.4615,1189.5013,68437,82354,Rhinolophus ferrumequinum,0.022,0.022,-1,Echolocation,/mnt/ubna_data_02_mir/recover-20220922/UBNA_001/20220921_090000.WAV,Telephone Field,recover-20220922,001,1795
1189.4795,1189.4872,27187,39399,Eptesicus serotinus,0.008,0.023,-1,Echolocation,/mnt/ubna_data_02_mir/recover-20220922/UBNA_001/20220921_090000.WAV,Telephone Field,recover-20220922,001,1795
1189.4885,1189.5259,68437,81700,Rhinolophus ferrumequinum,0.023,0.023,-1,Echolocation,/mnt/ubna_data_02_mir/recover-20220922/UBNA_001/20220921_090000.WAV,Telephone Field,recover-20220922,001,1795
1189.4895,1189.4979,25468,32788,Eptesicus serotinus,0.007,0.024,-1,Echolocation,/mnt/ubna_data_02_mir/recover-20220922/UBNA_001/20220921_090000.WAV,Telephone Field,recover-20220922,001,1795
1189.5065,1189.5186,22890,27318,Nyctalus leisleri,0.012,0.023,-1,Echolocation,/mnt/ubna_data_02_mir/recover-20220922/UBNA_001/20220921_090000.WAV,Telephone Field,recover-20220922,001,1795
1189.5165,1189.5564,68437,82741,Rhinolophus ferrumequinum,0.027,0.027,-1,Echolocation,/mnt/ubna_data_02_mir/recover-20220922/UBNA_001/20220921_090000.WAV,Telephone Field,recover-20220922,001,1795
1189.5375,1189.5775,68437,82058,Rhinolophus ferrumequinum,0.024,0.024,-1,Echolocation,/mnt/ubna_data_02_mir/recover-20220922/UBNA_001/20220921_090000.WAV,Telephone Field,recover-20220922,001,1795
1189.5425,1189.5822,68437,82589,Rhinolophus ferrumequinum,0.024,0.024,-1,Echolocation,/mnt/ubna_data_02_mir/recover-20220922/UBNA_001/20220921_090000.WAV,Telephone Field,recover-20220922,001,1795
1189.5515,1189.5884,68437,81571,Rhinolophus ferrumequinum,0.022,0.022,-1,Echolocation,/mnt/ubna_data_02_mir/recover-20220922/UBNA_001/20220921_090000.WAV,Telephone Field,recover-20220922,001,1795
1189.5645,1189.5976,68437,80673,Rhinolophus ferrumequinum,0.024,0.024,-1,Echolocation,/mnt/ubna_data_02_mir/recover-20220922/UBNA_001/20220921_090000.WAV,Telephone Field,recover-20220922,001,1795
1189.5795,1189.6133,68437,80835,Rhinolophus ferrumequinum,0.021,0.021,-1,Echolocation,/mnt/ubna_data_02_mir/recover-20220922/UBNA_001/20220921_090000.WAV,Telephone Field,recover-20220922,001,1795
1189.5935,1189.6013,23750,33082,Plecotus austriacus,0.009,0.024,-1,Echolocation,/mnt/ubna_data_02_mir/recover-20220922/UBNA_001/20220921_090000.WAV,Telephone Field,recover-20220922,001,1795
1189.6015,1189.645,68437,83350,Rhinolophus ferrumequinum,0.038,0.038,-1,Echolocation,/mnt/ubna_data_02_mir/recover-20220922/UBNA_001/20220921_090000.WAV,Telephone Field,recover-20220922,001,1795
1189.6245,1189.6624,68437,82022,Rhinolophus ferrumequinum,0.021,0.021,-1,Echolocation,/mnt/ubna_data_02_mir/recover-20220922/UBNA_001/20220921_090000.WAV,Telephone Field,recover-20220922,001,1795
1189.6295,1189.6387,28046,36272,Eptesicus serotinus,0.007,0.021,-1,Echolocation,/mnt/ubna_data_02_mir/recover-20220922/UBNA_001/20220921_090000.WAV,Telephone Field,recover-20220922,001,1795
1189.6445,1189.675,69296,80386,Rhinolophus ferrumequinum,0.027,0.027,-1,Echolocation,/mnt/ubna_data_02_mir/recover-20220922/UBNA_001/20220921_090000.WAV,Telephone Field,recover-20220922,001,1795
1189.6545,1189.663,28046,36979,Eptesicus serotinus,0.01,0.024,-1,Echolocation,/mnt/ubna_data_02_mir/recover-20220922/UBNA_001/20220921_090000.WAV,Telephone Field,recover-20220922,001,1795
1189.6575,1189.6935,68437,81442,Rhinolophus ferrumequinum,0.025,0.025,-1,Echolocation,/mnt/ubna_data_02_mir/recover-20220922/UBNA_001/20220921_090000.WAV,Telephone Field,recover-20220922,001,1795
1189.6665,1189.7034,68437,81579,Rhinolophus ferrumequinum,0.022,0.022,-1,Echolocation,/mnt/ubna_data_02_mir/recover-20220922/UBNA_001/20220921_090000.WAV,Telephone Field,recover-20220922,001,1795
1189.6765,1189.719,68437,83007,Rhinolophus ferrumequinum,0.025,0.025,-1,Echolocation,/mnt/ubna_data_02_mir/recover-20220922/UBNA_001/20220921_090000.WAV,Telephone Field,recover-20220922,001,1795
1189.7105,1189.7484,68437,81556,Rhinolophus ferrumequinum,0.034,0.034,-1,Echolocation,/mnt/ubna_data_02_mir/recover-20220922/UBNA_001/20220921_090000.WAV,Telephone Field,recover-20220922,001,1795
1189.7185,1189.7545,68437,81164,Rhinolophus ferrumequinum,0.023,0.024,-1,Echolocation,/mnt/ubna_data_02_mir/recover-20220922/UBNA_001/20220921_090000.WAV,Telephone Field,recover-20220922,001,1795
1189.7305,1189.7677,68437,81485,Rhinolophus ferrumequinum,0.021,0.021,-1,Echolocation,/mnt/ubna_data_02_mir/recover-20220922/UBNA_001/20220921_090000.WAV,Telephone Field,recover-20220922,001,1795
1189.7305,1189.7397,24609,31009,Nyctalus leisleri,0.008,0.021,-1,Echolocation,/mnt/ubna_data_02_mir/recover-20220922/UBNA_001/20220921_090000.WAV,Telephone Field,recover-20220922,001,1795
1189.7555,1189.7737,20312,22864,Nyctalus leisleri,0.014,0.022,-1,Echolocation,/mnt/ubna_data_02_mir/recover-20220922/UBNA_001/20220921_090000.WAV,Telephone Field,recover-20220922,001,1795
1189.7695,1189.7775,25468,38823,Eptesicus serotinus,0.006,0.021,-1,Echolocation,/mnt/ubna_data_02_mir/recover-20220922/UBNA_001/20220921_090000.WAV,Telephone Field,recover-20220922,001,1795
1189.7815,1189.8218,68437,82374,Rhinolophus ferrumequinum,0.021,0.021,-1,Echolocation,/mnt/ubna_data_02_mir/recover-20220922/UBNA_001/20220921_090000.WAV,Telephone Field,recover-20220922,001,1795
1189.7985,1189.8082,28046,36210,Eptesicus serotinus,0.009,0.021,-1,Echolocation,/mnt/ubna_data_02_mir/recover-20220922/UBNA_001/20220921_090000.WAV,Telephone Field,recover-20220922,001,1795
1189.8025,1189.8409,68437,82115,Rhinolophus ferrumequinum,0.02,0.021,-1,Echolocation,/mnt/ubna_data_02_mir/recover-20220922/UBNA_001/20220921_090000.WAV,Telephone Field,recover-20220922,001,1795
1189.8125,1189.8491,68437,82091,Rhinolophus ferrumequinum,0.022,0.022,-1,Echolocation,/mnt/ubna_data_02_mir/recover-20220922/UBNA_001/20220921_090000.WAV,Telephone Field,recover-20220922,001,1795
1189.8275,1189.865,68437,82258,Rhinolophus ferrumequinum,0.023,0.023,-1,Echolocation,/mnt/ubna_data_02_mir/recover-20220922/UBNA_001/20220921_090000.WAV,Telephone Field,recover-20220922,001,1795
1189.8475,1189.8608,51250,55765,Pipistrellus pipistrellus,0.031,0.046,-1,Echolocation,/mnt/ubna_data_02_mir/recover-20220922/UBNA_001/20220921_090000.WAV,Telephone Field,recover-20220922,001,1795
1189.8515,1189.862,27187,34702,Eptesicus serotinus,0.011,0.023,-1,Echolocation,/mnt/ubna_data_02_mir/recover-20220922/UBNA_001/20220921_090000.WAV,Telephone Field,recover-20220922,001,1795
1189.8685,1189.909,68437,82591,Rhinolophus ferrumequinum,0.021,0.021,-1,Echolocation,/mnt/ubna_data_02_mir/recover-20220922/UBNA_001/20220921_090000.WAV,Telephone Field,recover-20220922,001,1795
1189.8835,1189.9203,68437,81999,Rhinolophus ferrumequinum,0.04,0.04,-1,Echolocation,/mnt/ubna_data_02_mir/recover-20220922/UBNA_001/20220921_090000.WAV,Telephone Field,recover-20220922,001,1795
1189.9115,1189.9493,68437,82158,Rhinolophus ferrumequinum,0.021,0.021,-1,Echolocation,/mnt/ubna_data_02_mir/recover-20220922/UBNA_001/20220921_090000.WAV,Telephone Field,recover-20220922,001,1795
1189.9385,1189.9446,50390,56028,Pipistrellus pipistrellus,0.019,0.021,-1,Echolocation,/mnt/ubna_data_02_mir/recover-20220922/UBNA_001/20220921_090000.WAV,Telephone Field,recover-20220922,001,1795
1189.9475,1189.986,68437,82106,Rhinolophus ferrumequinum,0.021,0.021,-1,Echolocation,/mnt/ubna_data_02_mir/recover-20220922/UBNA_001/20220921_090000.WAV,Telephone Field,recover-20220922,001,1795
1189.9605,1189.9725,28906,35652,Eptesicus serotinus,0.013,0.024,-1,Echolocation,/mnt/ubna_data_02_mir/recover-20220922/UBNA_001/20220921_090000.WAV,Telephone Field,recover-20220922,001,1795
1189.9605,1189.9983,68437,81865,Rhinolophus ferrumequinum,0.022,0.022,-1,Echolocation,/mnt/ubna_data_02_mir/recover-20220922/UBNA_001/20220921_090000.WAV,Telephone Field,recover-20220922,001,1795
1190.0015,1190.0098,26328,35192,Eptesicus serotinus,0.007,0.026,-1,Echolocation,/mnt/ubna_data_02_mir/recover-20220922/UBNA_001/20220921_090000.WAV,Telephone Field,recover-20220922,001,1795
1190.0015,1190.029,69296,80530,Rhinolophus ferrumequinum,0.025,0.025,-1,Echolocation,/mnt/ubna_data_02_mir/recover-20220922/UBNA_001/20220921_090000.WAV,Telephone Field,recover-20220922,001,1795
1190.0145,1190.0501,68437,81562,Rhinolophus ferrumequinum,0.02,0.02,-1,Echolocation,/mnt/ubna_data_02_mir/recover-20220922/UBNA_001/20220921_090000.WAV,Telephone Field,recover-20220922,001,1795
1190.0315,1190.0661,68437,81657,Rhinolophus ferrumequinum,0.024,0.024,-1,Echolocation,/mnt/ubna_data_02_mir/recover-20220922/UBNA_001/20220921_090000.WAV,Telephone Field,recover-20220922,001,1795
1190.0335,1190.0408,23750,32640,Plecotus austriacus,0.011,0.024,-1,Echolocation,/mnt/ubna_data_02_mir/recover-20220922/UBNA_001/20220921_090000.WAV,Telephone Field,recover-20220922,001,1795
1190.0485,1190.0866,68437,81948,Rhinolophus ferrumequinum,0.032,0.032,-1,Echolocation,/mnt/ubna_data_02_mir/recover-20220922/UBNA_001/20220921_090000.WAV,Telephone Field,recover-20220922,001,1795
1190.0585,1190.0943,68437,81927,Rhinolophus ferrumequinum,0.023,0.023,-1,Echolocation,/mnt/ubna_data_02_mir/recover-20220922/UBNA_001/20220921_090000.WAV,Telephone Field,recover-20220922,001,1795
1190.1295,1190.1697,68437,82615,Rhinolophus ferrumequinum,0.022,0.022,-1,Echolocation,/mnt/ubna_data_02_mir/recover-20220922/UBNA_001/20220921_090000.WAV,Telephone Field,recover-20220922,001,1795
1190.1325,1190.1387,24609,35212,Plecotus austriacus,0.015,0.034,-1,Echolocation,/mnt/ubna_data_02_mir/recover-20220922/UBNA_001/20220921_090000.WAV,Telephone Field,recover-20220922,001,1795
1190.1665,1190.2059,68437,82254,Rhinolophus ferrumequinum,0.027,0.027,-1,Echolocation,/mnt/ubna_data_02_mir/recover-20220922/UBNA_001/20220921_090000.WAV,Telephone Field,recover-20220922,001,1795
1190.2285,1190.2364,48671,52500,Pipistrellus pipistrellus,0.021,0.023,-1,Echolocation,/mnt/ubna_data_02_mir/recover-20220922/UBNA_001/20220921_090000.WAV,Telephone Field,recover-20220922,001,1795
1190.2405,1190.2785,68437,82150,Rhinolophus ferrumequinum,0.021,0.021,-1,Echolocation,/mnt/ubna_data_02_mir/recover-20220922/UBNA_001/20220921_090000.WAV,Telephone Field,recover-20220922,001,1795
1190.2505,1190.2896,68437,82118,Rhinolophus ferrumequinum,0.021,0.021,-1,Echolocation,/mnt/ubna_data_02_mir/recover-20220922/UBNA_001/20220921_090000.WAV,Telephone Field,recover-20220922,001,1795
1190.3075,1190.3424,68437,81013,Rhinolophus ferrumequinum,0.026,0.026,-1,Echolocation,/mnt/ubna_data_02_mir/recover-20220922/UBNA_001/20220921_090000.WAV,Telephone Field,recover-20220922,001,1795
1190.3165,1190.3557,68437,82225,Rhinolophus ferrumequinum,0.025,0.025,-1,Echolocation,/mnt/ubna_data_02_mir/recover-20220922/UBNA_001/20220921_090000.WAV,Telephone Field,recover-20220922,001,1795
1190.3605,1190.3799,19453,22542,Nyctalus noctula,0.013,0.029,-1,Echolocation,/mnt/ubna_data_02_mir/recover-20220922/UBNA_001/20220921_090000.WAV,Telephone Field,recover-20220922,001,1795
1190.3785,1190.4202,68437,82273,Rhinolophus ferrumequinum,0.022,0.022,-1,Echolocation,/mnt/ubna_data_02_mir/recover-20220922/UBNA_001/20220921_090000.WAV,Telephone Field,recover-20220922,001,1795
1190.4025,1190.4405,68437,82305,Rhinolophus ferrumequinum,0.022,0.022,-1,Echolocation,/mnt/ubna_data_02_mir/recover-20220922/UBNA_001/20220921_090000.WAV,Telephone Field,recover-20220922,001,1795
1190.4065,1190.4131,25468,38884,Myotis nattereri,0.005,0.02,-1,Echolocation,/mnt/ubna_data_02_mir/recover-20220922/UBNA_001/20220921_090000.WAV,Telephone Field,recover-20220922,001,1795
1190.4075,1190.4443,68437,82264,Rhinolophus ferrumequinum,0.021,0.021,-1,Echolocation,/mnt/ubna_data_02_mir/recover-20220922/UBNA_001/20220921_090000.WAV,Telephone Field,recover-20220922,001,1795
1190.4145,1190.452,68437,81521,Rhinolophus ferrumequinum,0.02,0.02,-1,Echolocation,/mnt/ubna_data_02_mir/recover-20220922/UBNA_001/20220921_090000.WAV,Telephone Field,recover-20220922,001,1795
1190.4205,1190.4593,68437,81631,Rhinolophus ferrumequinum,0.02,0.02,-1,Echolocation,/mnt/ubna_data_02_mir/recover-20220922/UBNA_001/20220921_090000.WAV,Telephone Field,recover-20220922,001,1795
1190.4315,1190.4703,68437,82328,Rhinolophus ferrumequinum,0.023,0.023,-1,Echolocation,/mnt/ubna_data_02_mir/recover-20220922/UBNA_001/20220921_090000.WAV,Telephone Field,recover-20220922,001,1795
1190.4825,1190.4936,23750,29104,Nyctalus leisleri,0.009,0.02,-1,Echolocation,/mnt/ubna_data_02_mir/recover-20220922/UBNA_001/20220921_090000.WAV,Telephone Field,recover-20220922,001,1795
1190.4995,1190.5395,68437,82716,Rhinolophus ferrumequinum,0.022,0.022,-1,Echolocation,/mnt/ubna_data_02_mir/recover-20220922/UBNA_001/20220921_090000.WAV,Telephone Field,recover-20220922,001,1795
1190.5375,1190.5787,68437,82350,Rhinolophus ferrumequinum,0.021,0.021,-1,Echolocation,/mnt/ubna_data_02_mir/recover-20220922/UBNA_001/20220921_090000.WAV,Telephone Field,recover-20220922,001,1795
1190.5505,1190.5886,68437,82059,Rhinolophus ferrumequinum,0.024,0.024,-1,Echolocation,/mnt/ubna_data_02_mir/recover-20220922/UBNA_001/20220921_090000.WAV,Telephone Field,recover-20220922,001,1795
1190.5925,1190.6347,68437,82896,Rhinolophus ferrumequinum,0.056,0.056,-1,Echolocation,/mnt/ubna_data_02_mir/recover-20220922/UBNA_001/20220921_090000.WAV,Telephone Field,recover-20220922,001,1795
1190.6155,1190.6538,68437,82119,Rhinolophus ferrumequinum,0.02,0.02,-1,Echolocation,/mnt/ubna_data_02_mir/recover-20220922/UBNA_001/20220921_090000.WAV,Telephone Field,recover-20220922,001,1795
1190.6215,1190.6317,22890,27504,Nyctalus leisleri,0.011,0.02,-1,Echolocation,/mnt/ubna_data_02_mir/recover-20220922/UBNA_001/20220921_090000.WAV,Telephone Field,recover-20220922,001,1795
1190.6385,1190.6811,68437,82990,Rhinolophus ferrumequinum,0.027,0.027,-1,Echolocation,/mnt/ubna_data_02_mir/recover-20220922/UBNA_001/20220921_090000.WAV,Telephone Field,recover-20220922,001,1795
1190.6435,1190.6516,28046,38134,Eptesicus serotinus,0.007,0.02,-1,Echolocation,/mnt/ubna_data_02_mir/recover-20220922/UBNA_001/20220921_090000.WAV,Telephone Field,recover-20220922,001,1795
1190.6545,1190.6612,23750,32676,Plecotus austriacus,0.011,0.025,-1,Echolocation,/mnt/ubna_data_02_mir/recover-20220922/UBNA_001/20220921_090000.WAV,Telephone Field,recover-20220922,001,1795
1190.6565,1190.6655,58125,62956,Pipistrellus pygmaeus,0.04,0.04,-1,Echolocation,/mnt/ubna_data_02_mir/recover-20220922/UBNA_001/20220921_090000.WAV,Telephone Field,recover-20220922,001,1795
1190.6745,1190.7152,68437,82760,Rhinolophus ferrumequinum,0.023,0.023,-1,Echolocation,/mnt/ubna_data_02_mir/recover-20220922/UBNA_001/20220921_090000.WAV,Telephone Field,recover-20220922,001,1795
1190.6855,1190.6957,23750,30721,Nyctalus leisleri,0.007,0.021,-1,Echolocation,/mnt/ubna_data_02_mir/recover-20220922/UBNA_001/20220921_090000.WAV,Telephone Field,recover-20220922,001,1795
1190.6955,1190.7039,26328,35178,Eptesicus serotinus,0.012,0.03,-1,Echolocation,/mnt/ubna_data_02_mir/recover-20220922/UBNA_001/20220921_090000.WAV,Telephone Field,recover-20220922,001,1795
1190.7075,1190.749,68437,83422,Rhinolophus ferrumequinum,0.033,0.033,-1,Echolocation,/mnt/ubna_data_02_mir/recover-20220922/UBNA_001/20220921_090000.WAV,Telephone Field,recover-20220922,001,1795
1190.7505,1190.7902,68437,82375,Rhinolophus ferrumequinum,0.023,0.023,-1,Echolocation,/mnt/ubna_data_02_mir/recover-20220922/UBNA_001/20220921_090000.WAV,Telephone Field,recover-20220922,001,1795
1190.7655,1190.8016,68437,81456,Rhinolophus ferrumequinum,0.021,0.021,-1,Echolocation,/mnt/ubna_data_02_mir/recover-20220922/UBNA_001/20220921_090000.WAV,Telephone Field,recover-20220922,001,1795
1190.7795,1190.8175,68437,81943,Rhinolophus ferrumequinum,0.02,0.02,-1,Echolocation,/mnt/ubna_data_02_mir/recover-20220922/UBNA_001/20220921_090000.WAV,Telephone Field,recover-20220922,001,1795
1190.7865,1190.7975,28906,38053,Eptesicus serotinus,0.014,0.028,-1,Echolocation,/mnt/ubna_data_02_mir/recover-20220922/UBNA_001/20220921_090000.WAV,Telephone Field,recover-20220922,001,1795
1190.8135,1190.8533,68437,81946,Rhinolophus ferrumequinum,0.031,0.032,-1,Echolocation,/mnt/ubna_data_02_mir/recover-20220922/UBNA_001/20220921_090000.WAV,Telephone Field,recover-20220922,001,1795
1190.8325,1190.8698,68437,81636,Rhinolophus ferrumequinum,0.02,0.02,-1,Echolocation,/mnt/ubna_data_02_mir/recover-20220922/UBNA_001/20220921_090000.WAV,Telephone Field,recover-20220922,001,1795
1190.8485,1190.8907,68437,82804,Rhinolophus ferrumequinum,0.029,0.029,-1,Echolocation,/mnt/ubna_data_02_mir/recover-20220922/UBNA_001/20220921_090000.WAV,Telephone Field,recover-20220922,001,1795
1190.8665,1190.9055,68437,82200,Rhinolophus ferrumequinum,0.023,0.023,-1,Echolocation,/mnt/ubna_data_02_mir/recover-20220922/UBNA_001/20220921_090000.WAV,Telephone Field,recover-20220922,001,1795
1190.8795,1190.9211,68437,83400,Rhinolophus ferrumequinum,0.034,0.034,-1,Echolocation,/mnt/ubna_data_02_mir/recover-20220922/UBNA_001/20220921_090000.WAV,Telephone Field,recover-20220922,001,1795
1190.9085,1190.9171,28906,38122,Eptesicus serotinus,0.008,0.027,-1,Echolocation,/mnt/ubna_data_02_mir/recover-20220922/UBNA_001/20220921_090000.WAV,Telephone Field,recover-20220922,001,1795
1190.9145,1190.9543,68437,82376,Rhinolophus ferrumequinum,0.02,0.02,-1,Echolocation,/mnt/ubna_data_02_mir/recover-20220922/UBNA_001/20220921_090000.WAV,Telephone Field,recover-20220922,001,1795
1190.9385,1190.9735,68437,81103,Rhinolophus ferrumequinum,0.023,0.023,-1,Echolocation,/mnt/ubna_data_02_mir/recover-20220922/UBNA_001/20220921_090000.WAV,Telephone Field,recover-20220922,001,1795
1190.9715,1191.0124,68437,82298,Rhinolophus ferrumequinum,0.023,0.023,-1,Echolocation,/mnt/ubna_data_02_mir/recover-20220922/UBNA_001/20220921_090000.WAV,Telephone Field,recover-20220922,001,1795
1190.9825,1191.0222,68437,82601,Rhinolophus ferrumequinum,0.021,0.021,-1,Echolocation,/mnt/ubna_data_02_mir/recover-20220922/UBNA_001/20220921_090000.WAV,Telephone Field,recover-20220922,001,1795
1191.0095,1191.0465,68437,80456,Rhinolophus ferrumequinum,0.02,0.021,-1,Echolocation,/mnt/ubna_data_02_mir/recover-20220922/UBNA_001/20220921_090000.WAV,Telephone Field,recover-20220922,001,1795
1191.0505,1191.0578,28046,40900,Eptesicus serotinus,0.007,0.024,-1,Echolocation,/mnt/ubna_data_02_mir/recover-20220922/UBNA_001/20220921_090000.WAV,Telephone Field,recover-20220922,001,1795
1191.0555,1191.0624,28046,39874,Eptesicus serotinus,0.006,0.023,-1,Echolocation,/mnt/ubna_data_02_mir/recover-20220922/UBNA_001/20220921_090000.WAV,Telephone Field,recover-20220922,001,1795
1191.0635,1191.1039,68437,81686,Rhinolophus ferrumequinum,0.022,0.022,-1,Echolocation,/mnt/ubna_data_02_mir/recover-20220922/UBNA_001/20220921_090000.WAV,Telephone Field,recover-20220922,001,1795
1191.1125,1191.1522,68437,82590,Rhinolophus ferrumequinum,0.029,0.029,-1,Echolocation,/mnt/ubna_data_02_mir/recover-20220922/UBNA_001/20220921_090000.WAV,Telephone Field,recover-20220922,001,1795
1191.1225,1191.1328,23750,29434,Nyctalus leisleri,0.009,0.021,-1,Echolocation,/mnt/ubna_data_02_mir/recover-20220922/UBNA_001/20220921_090000.WAV,Telephone Field,recover-20220922,001,1795
1191.1295,1191.1695,68437,82511,Rhinolophus ferrumequinum,0.02,0.02,-1,Echolocation,/mnt/ubna_data_02_mir/recover-20220922/UBNA_001/20220921_090000.WAV,Telephone Field,recover-20220922,001,1795
1191.1485,1191.184,68437,81552,Rhinolophus ferrumequinum,0.02,0.02,-1,Echolocation,/mnt/ubna_data_02_mir/recover-20220922/UBNA_001/20220921_090000.WAV,Telephone Field,recover-20220922,001,1795
1191.1615,1191.2046,68437,83097,Rhinolophus ferrumequinum,0.032,0.032,-1,Echolocation,/mnt/ubna_data_02_mir/recover-20220922/UBNA_001/20220921_090000.WAV,Telephone Field,recover-20220922,001,1795
1191.1645,1191.1727,28046,37407,Eptesicus serotinus,0.009,0.023,-1,Echolocation,/mnt/ubna_data_02_mir/recover-20220922/UBNA_001/20220921_090000.WAV,Telephone Field,recover-20220922,001,1795
1191.1725,1191.2103,68437,81642,Rhinolophus ferrumequinum,0.026,0.026,-1,Echolocation,/mnt/ubna_data_02_mir/recover-20220922/UBNA_001/20220921_090000.WAV,Telephone Field,recover-20220922,001,1795
1191.1835,1191.2211,68437,81484,Rhinolophus ferrumequinum,0.022,0.022,-1,Echolocation,/mnt/ubna_data_02_mir/recover-20220922/UBNA_001/20220921_090000.WAV,Telephone Field,recover-20220922,001,1795
1191.2475,1191.2874,68437,82150,Rhinolophus ferrumequinum,0.021,0.021,-1,Echolocation,/mnt/ubna_data_02_mir/recover-20220922/UBNA_001/20220921_090000.WAV,Telephone Field,recover-20220922,001,1795
1191.2505,1191.2595,27187,38159,Eptesicus serotinus,0.011,0.029,-1,Echolocation,/mnt/ubna_data_02_mir/recover-20220922/UBNA_001/20220921_090000.WAV,Telephone Field,recover-20220922,001,1795
1191.2785,1191.2879,23750,30494,Nyctalus leisleri,0.006,0.02,-1,Echolocation,/mnt/ubna_data_02_mir/recover-20220922/UBNA_001/20220921_090000.WAV,Telephone Field,recover-20220922,001,1795
1191.2925,1191.3343,68437,83289,Rhinolophus ferrumequinum,0.029,0.029,-1,Echolocation,/mnt/ubna_data_02_mir/recover-20220922/UBNA_001/20220921_090000.WAV,Telephone Field,recover-20220922,001,1795
1191.3055,1191.3462,68437,82843,Rhinolophus ferrumequinum,0.025,0.025,-1,Echolocation,/mnt/ubna_data_02_mir/recover-20220922/UBNA_001/20220921_090000.WAV,Telephone Field,recover-20220922,001,1795
1191.3175,1191.3577,68437,82904,Rhinolophus ferrumequinum,0.032,0.032,-1,Echolocation,/mnt/ubna_data_02_mir/recover-20220922/UBNA_001/20220921_090000.WAV,Telephone Field,recover-20220922,001,1795
1191.3225,1191.3305,28046,39267,Eptesicus serotinus,0.006,0.02,-1,Echolocation,/mnt/ubna_data_02_mir/recover-20220922/UBNA_001/20220921_090000.WAV,Telephone Field,recover-20220922,001,1795
1191.3425,1191.3803,68437,82097,Rhinolophus ferrumequinum,0.021,0.021,-1,Echolocation,/mnt/ubna_data_02_mir/recover-20220922/UBNA_001/20220921_090000.WAV,Telephone Field,recover-20220922,001,1795
1191.3735,1191.3853,22890,28028,Nyctalus leisleri,0.013,0.024,-1,Echolocation,/mnt/ubna_data_02_mir/recover-20220922/UBNA_001/20220921_090000.WAV,Telephone Field,recover-20220922,001,1795
1191.3755,1191.414,68437,82005,Rhinolophus ferrumequinum,0.02,0.02,-1,Echolocation,/mnt/ubna_data_02_mir/recover-20220922/UBNA_001/20220921_090000.WAV,Telephone Field,recover-20220922,001,1795
1191.3875,1191.3984,28046,35157,Eptesicus serotinus,0.01,0.022,-1,Echolocation,/mnt/ubna_data_02_mir/recover-20220922/UBNA_001/20220921_090000.WAV,Telephone Field,recover-20220922,001,1795
1191.3955,1191.4056,28906,35545,Eptesicus serotinus,0.008,0.021,-1,Echolocation,/mnt/ubna_data_02_mir/recover-20220922/UBNA_001/20220921_090000.WAV,Telephone Field,recover-20220922,001,1795
1191.4025,1191.4405,68437,81819,Rhinolophus ferrumequinum,0.021,0.021,-1,Echolocation,/mnt/ubna_data_02_mir/recover-20220922/UBNA_001/20220921_090000.WAV,Telephone Field,recover-20220922,001,1795
1191.4105,1191.4493,68437,82241,Rhinolophus ferrumequinum,0.021,0.021,-1,Echolocation,/mnt/ubna_data_02_mir/recover-20220922/UBNA_001/20220921_090000.WAV,Telephone Field,recover-20220922,001,1795
1191.4285,1191.4634,68437,81380,Rhinolophus ferrumequinum,0.022,0.022,-1,Echolocation,/mnt/ubna_data_02_mir/recover-20220922/UBNA_001/20220921_090000.WAV,Telephone Field,recover-20220922,001,1795
1191.4565,1191.496,68437,82533,Rhinolophus ferrumequinum,0.023,0.023,-1,Echolocation,/mnt/ubna_data_02_mir/recover-20220922/UBNA_001/20220921_090000.WAV,Telephone Field,recover-20220922,001,1795
1191.4975,1191.5336,68437,82179,Rhinolophus ferrumequinum,0.022,0.022,-1,Echolocation,/mnt/ubna_data_02_mir/recover-20220922/UBNA_001/20220921_090000.WAV,Telephone Field,recover-20220922,001,1795
1191.5015,1191.5101,28906,37898,Eptesicus serotinus,0.007,0.022,-1,Echolocation,/mnt/ubna_data_02_mir/recover-20220922/UBNA_001/20220921_090000.WAV,Telephone Field,recover-20220922,001,1795
1191.5345,1191.5751,68437,82478,Rhinolophus ferrumequinum,0.031,0.031,-1,Echolocation,/mnt/ubna_data_02_mir/recover-20220922/UBNA_001/20220921_090000.WAV,Telephone Field,recover-20220922,001,1795
1191.6085,1191.6473,68437,82481,Rhinolophus ferrumequinum,0.023,0.023,-1,Echolocation,/mnt/ubna_data_02_mir/recover-20220922/UBNA_001/20220921_090000.WAV,Telephone Field,recover-20220922,001,1795
1191.6155,1191.6549,68437,82193,Rhinolophus ferrumequinum,0.02,0.02,-1,Echolocation,/mnt/ubna_data_02_mir/recover-20220922/UBNA_001/20220921_090000.WAV,Telephone Field,recover-20220922,001,1795
1191.6315,1191.6713,68437,82731,Rhinolophus ferrumequinum,0.022,0.022,-1,Echolocation,/mnt/ubna_data_02_mir/recover-20220922/UBNA_001/20220921_090000.WAV,Telephone Field,recover-20220922,001,1795
1191.6315,1191.64,27187,38708,Eptesicus serotinus,0.007,0.021,-1,Echolocation,/mnt/ubna_data_02_mir/recover-20220922/UBNA_001/20220921_090000.WAV,Telephone Field,recover-20220922,001,1795
1191.6615,1191.7027,68437,82761,Rhinolophus ferrumequinum,0.027,0.027,-1,Echolocation,/mnt/ubna_data_02_mir/recover-20220922/UBNA_001/20220921_090000.WAV,Telephone Field,recover-20220922,001,1795
1191.6815,1191.7204,68437,82211,Rhinolophus ferrumequinum,0.021,0.021,-1,Echolocation,/mnt/ubna_data_02_mir/recover-20220922/UBNA_001/20220921_090000.WAV,Telephone Field,recover-20220922,001,1795
1191.6945,1191.7043,28046,36492,Eptesicus serotinus,0.008,0.021,-1,Echolocation,/mnt/ubna_data_02_mir/recover-20220922/UBNA_001/20220921_090000.WAV,Telephone Field,recover-20220922,001,1795
1191.6965,1191.7346,68437,81807,Rhinolophus ferrumequinum,0.021,0.021,-1,Echolocation,/mnt/ubna_data_02_mir/recover-20220922/UBNA_001/20220921_090000.WAV,Telephone Field,recover-20220922,001,1795
1191.7135,1191.7547,68437,82156,Rhinolophus ferrumequinum,0.022,0.022,-1,Echolocation,/mnt/ubna_data_02_mir/recover-20220922/UBNA_001/20220921_090000.WAV,Telephone Field,recover-20220922,001,1795
1191.7525,1191.7926,68437,81768,Rhinolophus ferrumequinum,0.03,0.03,-1,Echolocation,/mnt/ubna_data_02_mir/recover-20220922/UBNA_001/20220921_090000.WAV,Telephone Field,recover-20220922,001,1795
1191.7735,1191.8143,68437,82406,Rhinolophus ferrumequinum,0.024,0.024,-1,Echolocation,/mnt/ubna_data_02_mir/recover-20220922/UBNA_001/20220921_090000.WAV,Telephone Field,recover-20220922,001,1795
1191.8075,1191.8469,68437,82406,Rhinolophus ferrumequinum,0.021,0.021,-1,Echolocation,/mnt/ubna_data_02_mir/recover-20220922/UBNA_001/20220921_090000.WAV,Telephone Field,recover-20220922,001,1795
1191.8235,1191.8645,68437,82769,Rhinolophus ferrumequinum,0.023,0.023,-1,Echolocation,/mnt/ubna_data_02_mir/recover-20220922/UBNA_001/20220921_090000.WAV,Telephone Field,recover-20220922,001,1795
1191.8465,1191.8549,28046,35927,Eptesicus serotinus,0.006,0.02,-1,Echolocation,/mnt/ubna_data_02_mir/recover-20220922/UBNA_001/20220921_090000.WAV,Telephone Field,recover-20220922,001,1795
1191.8475,1191.884,68437,81595,Rhinolophus ferrumequinum,0.021,0.022,-1,Echolocation,/mnt/ubna_data_02_mir/recover-20220922/UBNA_001/20220921_090000.WAV,Telephone Field,recover-20220922,001,1795
1191.8655,1191.8762,28046,35333,Eptesicus serotinus,0.024,0.042,-1,Echolocation,/mnt/ubna_data_02_mir/recover-20220922/UBNA_001/20220921_090000.WAV,Telephone Field,recover-20220922,001,1795
1191.8845,1191.8954,28906,35333,Eptesicus serotinus,0.017,0.036,-1,Echolocation,/mnt/ubna_data_02_mir/recover-20220922/UBNA_001/20220921_090000.WAV,Telephone Field,recover-20220922,001,1795
1191.9025,1191.913,23750,28939,Nyctalus leisleri,0.01,0.02,-1,Echolocation,/mnt/ubna_data_02_mir/recover-20220922/UBNA_001/20220921_090000.WAV,Telephone Field,recover-20220922,001,1795
1191.9195,1191.9572,68437,81939,Rhinolophus ferrumequinum,0.02,0.02,-1,Echolocation,/mnt/ubna_data_02_mir/recover-20220922/UBNA_001/20220921_090000.WAV,Telephone Field,recover-20220922,001,1795
1191.9565,1191.9959,68437,82646,Rhinolophus ferrumequinum,0.028,0.028,-1,Echolocation,/mnt/ubna_data_02_mir/recover-20220922/UBNA_001/20220921_090000.WAV,Telephone Field,recover-20220922,001,1795
1192.0015,1192.0094,21171,26963,Nyctalus leisleri,0.008,0.024,-1,Echolocation,/mnt/ubna_data_02_mir/recover-20220922/UBNA_001/20220921_090000.WAV,Telephone Field,recover-20220922,001,1795
1192.0015,1192.0338,68437,79950,Rhinolophus ferrumequinum,0.026,0.026,-1,Echolocation,/mnt/ubna_data_02_mir/recover-20220922/UBNA_001/20220921_090000.WAV,Telephone Field,recover-20220922,001,1795
1192.0015,1192.0112,34062,41624,Myotis daubentonii,0.005,0.022,-1,Echolocation,/mnt/ubna_data_02_mir/recover-20220922/UBNA_001/20220921_090000.WAV,Telephone Field,recover-20220922,001,1795
1192.0015,1192.0098,27187,35804,Eptesicus serotinus,0.007,0.021,-1,Echolocation,/mnt/ubna_data_02_mir/recover-20220922/UBNA_001/20220921_090000.WAV,Telephone Field,recover-20220922,001,1795
1192.0245,1192.0655,68437,83013,Rhinolophus ferrumequinum,0.024,0.024,-1,Echolocation,/mnt/ubna_data_02_mir/recover-20220922/UBNA_001/20220921_090000.WAV,Telephone Field,recover-20220922,001,1795
1192.0475,1192.0553,23750,31788,Plecotus austriacus,0.011,0.028,-1,Echolocation,/mnt/ubna_data_02_mir/recover-20220922/UBNA_001/20220921_090000.WAV,Telephone Field,recover-20220922,001,1795
1192.0615,1192.0752,51250,56940,Pipistrellus pipistrellus,0.02,0.026,-1,Echolocation,/mnt/ubna_data_02_mir/recover-20220922/UBNA_001/20220921_090000.WAV,Telephone Field,recover-20220922,001,1795
1192.0685,1192.108,68437,81742,Rhinolophus ferrumequinum,0.024,0.024,-1,Echolocation,/mnt/ubna_data_02_mir/recover-20220922/UBNA_001/20220921_090000.WAV,Telephone Field,recover-20220922,001,1795
1192.0755,1192.1136,68437,82421,Rhinolophus ferrumequinum,0.024,0.024,-1,Echolocation,/mnt/ubna_data_02_mir/recover-20220922/UBNA_001/20220921_090000.WAV,Telephone Field,recover-20220922,001,1795
1192.0895,1192.1286,68437,82040,Rhinolophus ferrumequinum,0.024,0.024,-1,Echolocation,/mnt/ubna_data_02_mir/recover-20220922/UBNA_001/20220921_090000.WAV,Telephone Field,recover-20220922,001,1795
1192.1025,1192.1129,28906,36030,Eptesicus serotinus,0.01,0.021,-1,Echolocation,/mnt/ubna_data_02_mir/recover-20220922/UBNA_001/20220921_090000.WAV,Telephone Field,recover-20220922,001,1795
1192.1465,1192.1825,68437,81953,Rhinolophus ferrumequinum,0.026,0.026,-1,Echolocation,/mnt/ubna_data_02_mir/recover-20220922/UBNA_001/20220921_090000.WAV,Telephone Field,recover-20220922,001,1795
1192.1475,1192.1559,23750,31319,Plecotus austriacus,0.008,0.021,-1,Echolocation,/mnt/ubna_data_02_mir/recover-20220922/UBNA_001/20220921_090000.WAV,Telephone Field,recover-20220922,001,1795
1192.1595,1192.2012,68437,82801,Rhinolophus ferrumequinum,0.025,0.025,-1,Echolocation,/mnt/ubna_data_02_mir/recover-20220922/UBNA_001/20220921_090000.WAV,Telephone Field,recover-20220922,001,1795
1192.1865,1192.2254,68437,82191,Rhinolophus ferrumequinum,0.021,0.021,-1,Echolocation,/mnt/ubna_data_02_mir/recover-20220922/UBNA_001/20220921_090000.WAV,Telephone Field,recover-20220922,001,1795
1192.1885,1192.198,27187,35948,Eptesicus serotinus,0.008,0.021,-1,Echolocation,/mnt/ubna_data_02_mir/recover-20220922/UBNA_001/20220921_090000.WAV,Telephone Field,recover-20220922,001,1795
1192.2085,1192.2513,68437,82873,Rhinolophus ferrumequinum,0.028,0.028,-1,Echolocation,/mnt/ubna_data_02_mir/recover-20220922/UBNA_001/20220921_090000.WAV,Telephone Field,recover-20220922,001,1795
1192.2175,1192.2581,68437,82661,Rhinolophus ferrumequinum,0.025,0.025,-1,Echolocation,/mnt/ubna_data_02_mir/recover-20220922/UBNA_001/20220921_090000.WAV,Telephone Field,recover-20220922,001,1795
1192.2535,1192.264,27187,34298,Eptesicus serotinus,0.01,0.021,-1,Echolocation,/mnt/ubna_data_02_mir/recover-20220922/UBNA_001/20220921_090000.WAV,Telephone Field,recover-20220922,001,1795
1192.2715,1192.2812,29765,36553,Eptesicus serotinus,0.009,0.023,-1,Echolocation,/mnt/ubna_data_02_mir/recover-20220922/UBNA_001/20220921_090000.WAV,Telephone Field,recover-20220922,001,1795
1192.2885,1192.3261,68437,81697,Rhinolophus ferrumequinum,0.023,0.023,-1,Echolocation,/mnt/ubna_data_02_mir/recover-20220922/UBNA_001/20220921_090000.WAV,Telephone Field,recover-20220922,001,1795
1192.3055,1192.3446,68437,82025,Rhinolophus ferrumequinum,0.024,0.024,-1,Echolocation,/mnt/ubna_data_02_mir/recover-20220922/UBNA_001/20220921_090000.WAV,Telephone Field,recover-20220922,001,1795
1192.3365,1192.3754,68437,82141,Rhinolophus ferrumequinum,0.022,0.022,-1,Echolocation,/mnt/ubna_data_02_mir/recover-20220922/UBNA_001/20220921_090000.WAV,Telephone Field,recover-20220922,001,1795
1192.3395,1192.3489,45234,49257,Pipistrellus pipistrellus,0.023,0.025,-1,Echolocation,/mnt/ubna_data_02_mir/recover-20220922/UBNA_001/20220921_090000.WAV,Telephone Field,recover-20220922,001,1795
1192.3435,1192.3805,68437,80997,Rhinolophus ferrumequinum,0.022,0.022,-1,Echolocation,/mnt/ubna_data_02_mir/recover-20220922/UBNA_001/20220921_090000.WAV,Telephone Field,recover-20220922,001,1795
1192.3605,1192.3963,68437,81716,Rhinolophus ferrumequinum,0.022,0.022,-1,Echolocation,/mnt/ubna_data_02_mir/recover-20220922/UBNA_001/20220921_090000.WAV,Telephone Field,recover-20220922,001,1795
1192.3665,1192.4053,68437,82601,Rhinolophus ferrumequinum,0.022,0.023,-1,Echolocation,/mnt/ubna_data_02_mir/recover-20220922/UBNA_001/20220921_090000.WAV,Telephone Field,recover-20220922,001,1795
1192.3885,1192.398,28046,37253,Eptesicus serotinus,0.009,0.021,-1,Echolocation,/mnt/ubna_data_02_mir/recover-20220922/UBNA_001/20220921_090000.WAV,Telephone Field,recover-20220922,001,1795
1192.3935,1192.4315,68437,81729,Rhinolophus ferrumequinum,0.021,0.021,-1,Echolocation,/mnt/ubna_data_02_mir/recover-20220922/UBNA_001/20220921_090000.WAV,Telephone Field,recover-20220922,001,1795
1192.4205,1192.4603,68437,82632,Rhinolophus ferrumequinum,0.026,0.026,-1,Echolocation,/mnt/ubna_data_02_mir/recover-20220922/UBNA_001/20220921_090000.WAV,Telephone Field,recover-20220922,001,1795
1192.4755,1192.5179,68437,83409,Rhinolophus ferrumequinum,0.038,0.038,-1,Echolocation,/mnt/ubna_data_02_mir/recover-20220922/UBNA_001/20220921_090000.WAV,Telephone Field,recover-20220922,001,1795
1192.4775,1192.4848,23750,32112,Plecotus austriacus,0.01,0.024,-1,Echolocation,/mnt/ubna_data_02_mir/recover-20220922/UBNA_001/20220921_090000.WAV,Telephone Field,recover-20220922,001,1795
1192.5015,1192.5106,28046,36865,Eptesicus serotinus,0.008,0.021,-1,Echolocation,/mnt/ubna_data_02_mir/recover-20220922/UBNA_001/20220921_090000.WAV,Telephone Field,recover-20220922,001,1795
1192.5325,1192.5436,24609,29703,Nyctalus leisleri,0.013,0.027,-1,Echolocation,/mnt/ubna_data_02_mir/recover-20220922/UBNA_001/20220921_090000.WAV,Telephone Field,recover-20220922,001,1795
1192.5415,1192.5534,48671,54134,Pipistrellus pipistrellus,0.026,0.03,-1,Echolocation,/mnt/ubna_data_02_mir/recover-20220922/UBNA_001/20220921_090000.WAV,Telephone Field,recover-20220922,001,1795
1192.5475,1192.5878,68437,83219,Rhinolophus ferrumequinum,0.045,0.045,-1,Echolocation,/mnt/ubna_data_02_mir/recover-20220922/UBNA_001/20220921_090000.WAV,Telephone Field,recover-20220922,001,1795
1192.5665,1192.6031,68437,81681,Rhinolophus ferrumequinum,0.023,0.023,-1,Echolocation,/mnt/ubna_data_02_mir/recover-20220922/UBNA_001/20220921_090000.WAV,Telephone Field,recover-20220922,001,1795
1192.6065,1192.614,28046,39701,Eptesicus serotinus,0.006,0.021,-1,Echolocation,/mnt/ubna_data_02_mir/recover-20220922/UBNA_001/20220921_090000.WAV,Telephone Field,recover-20220922,001,1795
1192.6155,1192.6552,68437,82548,Rhinolophus ferrumequinum,0.024,0.024,-1,Echolocation,/mnt/ubna_data_02_mir/recover-20220922/UBNA_001/20220921_090000.WAV,Telephone Field,recover-20220922,001,1795
1192.6285,1192.6673,68437,82199,Rhinolophus ferrumequinum,0.023,0.023,-1,Echolocation,/mnt/ubna_data_02_mir/recover-20220922/UBNA_001/20220921_090000.WAV,Telephone Field,recover-20220922,001,1795
1192.6325,1192.6393,28046,42600,Eptesicus serotinus,0.006,0.023,-1,Echolocation,/mnt/ubna_data_02_mir/recover-20220922/UBNA_001/20220921_090000.WAV,Telephone Field,recover-20220922,001,1795
1192.6735,1192.7098,68437,81524,Rhinolophus ferrumequinum,0.021,0.021,-1,Echolocation,/mnt/ubna_data_02_mir/recover-20220922/UBNA_001/20220921_090000.WAV,Telephone Field,recover-20220922,001,1795
1192.6775,1192.6847,28046,39082,Eptesicus serotinus,0.006,0.021,-1,Echolocation,/mnt/ubna_data_02_mir/recover-20220922/UBNA_001/20220921_090000.WAV,Telephone Field,recover-20220922,001,1795
1192.6905,1192.7272,68437,81908,Rhinolophus ferrumequinum,0.024,0.024,-1,Echolocation,/mnt/ubna_data_02_mir/recover-20220922/UBNA_001/20220921_090000.WAV,Telephone Field,recover-20220922,001,1795
1192.6965,1192.7342,68437,82239,Rhinolophus ferrumequinum,0.023,0.023,-1,Echolocation,/mnt/ubna_data_02_mir/recover-20220922/UBNA_001/20220921_090000.WAV,Telephone Field,recover-20220922,001,1795
1192.6965,1192.7062,24609,30886,Nyctalus leisleri,0.009,0.025,-1,Echolocation,/mnt/ubna_data_02_mir/recover-20220922/UBNA_001/20220921_090000.WAV,Telephone Field,recover-20220922,001,1795
1192.7075,1192.746,68437,81647,Rhinolophus ferrumequinum,0.022,0.022,-1,Echolocation,/mnt/ubna_data_02_mir/recover-20220922/UBNA_001/20220921_090000.WAV,Telephone Field,recover-20220922,001,1795
1192.7365,1192.7454,55546,60687,Pipistrellus pygmaeus,0.053,0.057,-1,Echolocation,/mnt/ubna_data_02_mir/recover-20220922/UBNA_001/20220921_090000.WAV,Telephone Field,recover-20220922,001,1795
1192.7545,1192.7915,68437,81515,Rhinolophus ferrumequinum,0.024,0.024,-1,Echolocation,/mnt/ubna_data_02_mir/recover-20220922/UBNA_001/20220921_090000.WAV,Telephone Field,recover-20220922,001,1795
1192.7715,1192.782,28906,36071,Eptesicus serotinus,0.009,0.022,-1,Echolocation,/mnt/ubna_data_02_mir/recover-20220922/UBNA_001/20220921_090000.WAV,Telephone Field,recover-20220922,001,1795
1192.7995,1192.8374,68437,81925,Rhinolophus ferrumequinum,0.023,0.024,-1,Echolocation,/mnt/ubna_data_02_mir/recover-20220922/UBNA_001/20220921_090000.WAV,Telephone Field,recover-20220922,001,1795
1192.8065,1192.8402,68437,80794,Rhinolophus ferrumequinum,0.023,0.023,-1,Echolocation,/mnt/ubna_data_02_mir/recover-20220922/UBNA_001/20220921_090000.WAV,Telephone Field,recover-20220922,001,1795
1192.8385,1192.8778,68437,82376,Rhinolophus ferrumequinum,0.023,0.023,-1,Echolocation,/mnt/ubna_data_02_mir/recover-20220922/UBNA_001/20220921_090000.WAV,Telephone Field,recover-20220922,001,1795
1192.8655,1192.8764,24609,31698,Nyctalus leisleri,0.009,0.024,-1,Echolocation,/mnt/ubna_data_02_mir/recover-20220922/UBNA_001/20220921_090000.WAV,Telephone Field,recover-20220922,001,1795
1192.9045,1192.9398,68437,81112,Rhinolophus ferrumequinum,0.022,0.022,-1,Echolocation,/mnt/ubna_data_02_mir/recover-20220922/UBNA_001/20220921_090000.WAV,Telephone Field,recover-20220922,001,1795
1192.9215,1192.9616,68437,82321,Rhinolophus ferrumequinum,0.023,0.023,-1,Echolocation,/mnt/ubna_data_02_mir/recover-20220922/UBNA_001/20220921_090000.WAV,Telephone Field,recover-20220922,001,1795
1192.9435,1192.9853,68437,83310,Rhinolophus ferrumequinum,0.032,0.032,-1,Echolocation,/mnt/ubna_data_02_mir/recover-20220922/UBNA_001/20220921_090000.WAV,Telephone Field,recover-20220922,001,1795
1192.9975,1193.0372,68437,82806,Rhinolophus ferrumequinum,0.023,0.023,-1,Echolocation,/mnt/ubna_data_02_mir/recover-20220922/UBNA_001/20220921_090000.WAV,Telephone Field,recover-20220922,001,1795
1193.0225,1193.0613,68437,81616,Rhinolophus ferrumequinum,0.022,0.022,-1,Echolocation,/mnt/ubna_data_02_mir/recover-20220922/UBNA_001/20220921_090000.WAV,Telephone Field,recover-20220922,001,1795
1193.0275,1193.0352,45234,49187,Pipistrellus pipistrellus,0.028,0.029,-1,Echolocation,/mnt/ubna_data_02_mir/recover-20220922/UBNA_001/20220921_090000.WAV,Telephone Field,recover-20220922,001,1795
1193.0445,1193.0522,23750,32791,Plecotus austriacus,0.019,0.038,-1,Echolocation,/mnt/ubna_data_02_mir/recover-20220922/UBNA_001/20220921_090000.WAV,Telephone Field,recover-20220922,001,1795
1193.0545,1193.091,68437,82150,Rhinolophus ferrumequinum,0.024,0.024,-1,Echolocation,/mnt/ubna_data_02_mir/recover-20220922/UBNA_001/20220921_090000.WAV,Telephone Field,recover-20220922,001,1795
1193.0645,1193.1065,68437,83023,Rhinolophus ferrumequinum,0.033,0.033,-1,Echolocation,/mnt/ubna_data_02_mir/recover-20220922/UBNA_001/20220921_090000.WAV,Telephone Field,recover-20220922,001,1795
1193.0795,1193.1212,68437,82715,Rhinolophus ferrumequinum,0.023,0.023,-1,Echolocation,/mnt/ubna_data_02_mir/recover-20220922/UBNA_001/20220921_090000.WAV,Telephone Field,recover-20220922,001,1795
1193.1045,1193.1438,68437,81612,Rhinolophus ferrumequinum,0.021,0.021,-1,Echolocation,/mnt/ubna_data_02_mir/recover-20220922/UBNA_001/20220921_090000.WAV,Telephone Field,recover-20220922,001,1795
1193.1595,1193.1688,28046,37959,Eptesicus serotinus,0.01,0.025,-1,Echolocation,/mnt/ubna_data_02_mir/recover-20220922/UBNA_001/20220921_090000.WAV,Telephone Field,recover-20220922,001,1795
1193.1645,1193.2059,68437,82279,Rhinolophus ferrumequinum,0.025,0.025,-1,Echolocation,/mnt/ubna_data_02_mir/recover-20220922/UBNA_001/20220921_090000.WAV,Telephone Field,recover-20220922,001,1795
1193.1875,1193.2302,68437,83050,Rhinolophus ferrumequinum,0.027,0.027,-1,Echolocation,/mnt/ubna_data_02_mir/recover-20220922/UBNA_001/20220921_090000.WAV,Telephone Field,recover-20220922,001,1795
1193.1985,1193.2381,68437,82264,Rhinolophus ferrumequinum,0.023,0.023,-1,Echolocation,/mnt/ubna_data_02_mir/recover-20220922/UBNA_001/20220921_090000.WAV,Telephone Field,recover-20220922,001,1795
1193.2245,1193.2628,68437,82356,Rhinolophus ferrumequinum,0.025,0.025,-1,Echolocation,/mnt/ubna_data_02_mir/recover-20220922/UBNA_001/20220921_090000.WAV,Telephone Field,recover-20220922,001,1795
1193.2345,1193.2751,68437,82771,Rhinolophus ferrumequinum,0.026,0.026,-1,Echolocation,/mnt/ubna_data_02_mir/recover-20220922/UBNA_001/20220921_090000.WAV,Telephone Field,recover-20220922,001,1795
1193.2445,1193.2546,22031,26980,Nyctalus leisleri,0.009,0.021,-1,Echolocation,/mnt/ubna_data_02_mir/recover-20220922/UBNA_001/20220921_090000.WAV,Telephone Field,recover-20220922,001,1795
1193.2535,1193.2938,68437,82875,Rhinolophus ferrumequinum,0.036,0.036,-1,Echolocation,/mnt/ubna_data_02_mir/recover-20220922/UBNA_001/20220921_090000.WAV,Telephone Field,recover-20220922,001,1795
1193.2645,1193.3044,68437,82476,Rhinolophus ferrumequinum,0.025,0.025,-1,Echolocation,/mnt/ubna_data_02_mir/recover-20220922/UBNA_001/20220921_090000.WAV,Telephone Field,recover-20220922,001,1795
1193.2975,1193.3059,14296,25625,Plecotus auritus,0.013,0.021,-1,Echolocation,/mnt/ubna_data_02_mir/recover-20220922/UBNA_001/20220921_090000.WAV,Telephone Field,recover-20220922,001,1795
1193.3185,1193.361,68437,82817,Rhinolophus ferrumequinum,0.036,0.036,-1,Echolocation,/mnt/ubna_data_02_mir/recover-20220922/UBNA_001/20220921_090000.WAV,Telephone Field,recover-20220922,001,1795
1193.3255,1193.3335,28906,38391,Eptesicus serotinus,0.007,0.022,-1,Echolocation,/mnt/ubna_data_02_mir/recover-20220922/UBNA_001/20220921_090000.WAV,Telephone Field,recover-20220922,001,1795
1193.3585,1193.3673,25468,34078,Eptesicus serotinus,0.008,0.028,-1,Echolocation,/mnt/ubna_data_02_mir/recover-20220922/UBNA_001/20220921_090000.WAV,Telephone Field,recover-20220922,001,1795
1193.3855,1193.3945,22890,29234,Nyctalus leisleri,0.007,0.021,-1,Echolocation,/mnt/ubna_data_02_mir/recover-20220922/UBNA_001/20220921_090000.WAV,Telephone Field,recover-20220922,001,1795
1193.3995,1193.4081,28046,38479,Eptesicus serotinus,0.007,0.021,-1,Echolocation,/mnt/ubna_data_02_mir/recover-20220922/UBNA_001/20220921_090000.WAV,Telephone Field,recover-20220922,001,1795
1193.4065,1193.415,45234,52108,Pipistrellus pipistrellus,0.02,0.022,-1,Echolocation,/mnt/ubna_data_02_mir/recover-20220922/UBNA_001/20220921_090000.WAV,Telephone Field,recover-20220922,001,1795
1193.4115,1193.4492,68437,81228,Rhinolophus ferrumequinum,0.021,0.021,-1,Echolocation,/mnt/ubna_data_02_mir/recover-20220922/UBNA_001/20220921_090000.WAV,Telephone Field,recover-20220922,001,1795
1193.4125,1193.4263,23750,29571,Nyctalus leisleri,0.012,0.026,-1,Echolocation,/mnt/ubna_data_02_mir/recover-20220922/UBNA_001/20220921_090000.WAV,Telephone Field,recover-20220922,001,1795
1193.4345,1193.4738,68437,82082,Rhinolophus ferrumequinum,0.024,0.024,-1,Echolocation,/mnt/ubna_data_02_mir/recover-20220922/UBNA_001/20220921_090000.WAV,Telephone Field,recover-20220922,001,1795
1193.4395,1193.4452,50390,54845,Pipistrellus pipistrellus,0.02,0.022,-1,Echolocation,/mnt/ubna_data_02_mir/recover-20220922/UBNA_001/20220921_090000.WAV,Telephone Field,recover-20220922,001,1795
1193.4505,1193.4913999999999,68437,82522,Rhinolophus ferrumequinum,0.022,0.022,-1,Echolocation,/mnt/ubna_data_02_mir/recover-20220922/UBNA_001/20220921_090000.WAV,Telephone Field,recover-20220922,001,1795
1193.4855,1193.5249,68437,82313,Rhinolophus ferrumequinum,0.024,0.024,-1,Echolocation,/mnt/ubna_data_02_mir/recover-20220922/UBNA_001/20220921_090000.WAV,Telephone Field,recover-20220922,001,1795
1193.4935,1193.5033,28906,36553,Eptesicus serotinus,0.009,0.023,-1,Echolocation,/mnt/ubna_data_02_mir/recover-20220922/UBNA_001/20220921_090000.WAV,Telephone Field,recover-20220922,001,1795
1193.4965,1193.5351,68437,82034,Rhinolophus ferrumequinum,0.025,0.025,-1,Echolocation,/mnt/ubna_data_02_mir/recover-20220922/UBNA_001/20220921_090000.WAV,Telephone Field,recover-20220922,001,1795
1193.5165,1193.5586,68437,83489,Rhinolophus ferrumequinum,0.027,0.027,-1,Echolocation,/mnt/ubna_data_02_mir/recover-20220922/UBNA_001/20220921_090000.WAV,Telephone Field,recover-20220922,001,1795
1193.5215,1193.5324,22890,29168,Nyctalus leisleri,0.011,0.031,-1,Echolocation,/mnt/ubna_data_02_mir/recover-20220922/UBNA_001/20220921_090000.WAV,Telephone Field,recover-20220922,001,1795
1193.5435,1193.5858,68437,82443,Rhinolophus ferrumequinum,0.023,0.023,-1,Echolocation,/mnt/ubna_data_02_mir/recover-20220922/UBNA_001/20220921_090000.WAV,Telephone Field,recover-20220922,001,1795
1193.5505,1193.5892,68437,82020,Rhinolophus ferrumequinum,0.024,0.024,-1,Echolocation,/mnt/ubna_data_02_mir/recover-20220922/UBNA_001/20220921_090000.WAV,Telephone Field,recover-20220922,001,1795
1193.5725,1193.6148,68437,82880,Rhinolophus ferrumequinum,0.028,0.028,-1,Echolocation,/mnt/ubna_data_02_mir/recover-20220922/UBNA_001/20220921_090000.WAV,Telephone Field,recover-20220922,001,1795
1193.6215,1193.659,68437,80433,Rhinolophus ferrumequinum,0.036,0.036,-1,Echolocation,/mnt/ubna_data_02_mir/recover-20220922/UBNA_001/20220921_090000.WAV,Telephone Field,recover-20220922,001,1795
1193.6305,1193.6399,28046,37088,Eptesicus serotinus,0.009,0.023,-1,Echolocation,/mnt/ubna_data_02_mir/recover-20220922/UBNA_001/20220921_090000.WAV,Telephone Field,recover-20220922,001,1795
1193.6525,1193.6887,68437,82045,Rhinolophus ferrumequinum,0.022,0.022,-1,Echolocation,/mnt/ubna_data_02_mir/recover-20220922/UBNA_001/20220921_090000.WAV,Telephone Field,recover-20220922,001,1795
1193.6795,1193.7174,68437,81903,Rhinolophus ferrumequinum,0.022,0.022,-1,Echolocation,/mnt/ubna_data_02_mir/recover-20220922/UBNA_001/20220921_090000.WAV,Telephone Field,recover-20220922,001,1795
1193.6845,1193.6946,23750,30015,Nyctalus leisleri,0.009,0.023,-1,Echolocation,/mnt/ubna_data_02_mir/recover-20220922/UBNA_001/20220921_090000.WAV,Telephone Field,recover-20220922,001,1795
1193.7085,1193.7468,68437,81991,Rhinolophus ferrumequinum,0.022,0.022,-1,Echolocation,/mnt/ubna_data_02_mir/recover-20220922/UBNA_001/20220921_090000.WAV,Telephone Field,recover-20220922,001,1795
1193.7525,1193.7609,28906,38622,Eptesicus serotinus,0.008,0.023,-1,Echolocation,/mnt/ubna_data_02_mir/recover-20220922/UBNA_001/20220921_090000.WAV,Telephone Field,recover-20220922,001,1795
1193.7655,1193.8024,68437,81310,Rhinolophus ferrumequinum,0.022,0.022,-1,Echolocation,/mnt/ubna_data_02_mir/recover-20220922/UBNA_001/20220921_090000.WAV,Telephone Field,recover-20220922,001,1795
1193.7725,1193.8107,68437,81626,Rhinolophus ferrumequinum,0.023,0.023,-1,Echolocation,/mnt/ubna_data_02_mir/recover-20220922/UBNA_001/20220921_090000.WAV,Telephone Field,recover-20220922,001,1795
1193.8135,1193.8221,26328,35634,Eptesicus serotinus,0.008,0.026,-1,Echolocation,/mnt/ubna_data_02_mir/recover-20220922/UBNA_001/20220921_090000.WAV,Telephone Field,recover-20220922,001,1795
1193.8145,1193.8212,34062,41969,Myotis daubentonii,0.01,0.022,-1,Echolocation,/mnt/ubna_data_02_mir/recover-20220922/UBNA_001/20220921_090000.WAV,Telephone Field,recover-20220922,001,1795
1193.8495,1193.8901,68437,82441,Rhinolophus ferrumequinum,0.026,0.026,-1,Echolocation,/mnt/ubna_data_02_mir/recover-20220922/UBNA_001/20220921_090000.WAV,Telephone Field,recover-20220922,001,1795
1193.8915,1193.9271,68437,81408,Rhinolophus ferrumequinum,0.022,0.022,-1,Echolocation,/mnt/ubna_data_02_mir/recover-20220922/UBNA_001/20220921_090000.WAV,Telephone Field,recover-20220922,001,1795
1193.9235,1193.9637,68437,82267,Rhinolophus ferrumequinum,0.024,0.024,-1,Echolocation,/mnt/ubna_data_02_mir/recover-20220922/UBNA_001/20220921_090000.WAV,Telephone Field,recover-20220922,001,1795
1193.9305,1193.9699,68437,81475,Rhinolophus ferrumequinum,0.022,0.022,-1,Echolocation,/mnt/ubna_data_02_mir/recover-20220922/UBNA_001/20220921_090000.WAV,Telephone Field,recover-20220922,001,1795
1193.9585,1193.997,68437,82572,Rhinolophus ferrumequinum,0.022,0.022,-1,Echolocation,/mnt/ubna_data_02_mir/recover-20220922/UBNA_001/20220921_090000.WAV,Telephone Field,recover-20220922,001,1795
1193.9805,1193.9905,28906,36270,Eptesicus serotinus,0.01,0.024,-1,Echolocation,/mnt/ubna_data_02_mir/recover-20220922/UBNA_001/20220921_090000.WAV,Telephone Field,recover-20220922,001,1795
1194.0015,1194.0089,23750,32981,Plecotus austriacus,0.005,0.021,-1,Echolocation,/mnt/ubna_data_02_mir/recover-20220922/UBNA_001/20220921_090000.WAV,Telephone Field,recover-20220922,001,1795
1194.0015,1194.0314,69296,81843,Rhinolophus ferrumequinum,0.028,0.028,-1,Echolocation,/mnt/ubna_data_02_mir/recover-20220922/UBNA_001/20220921_090000.WAV,Telephone Field,recover-20220922,001,1795
1194.0255,1194.0364,23750,30390,Nyctalus leisleri,0.009,0.027,-1,Echolocation,/mnt/ubna_data_02_mir/recover-20220922/UBNA_001/20220921_090000.WAV,Telephone Field,recover-20220922,001,1795
1194.0565,1194.0972,68437,82620,Rhinolophus ferrumequinum,0.021,0.021,-1,Echolocation,/mnt/ubna_data_02_mir/recover-20220922/UBNA_001/20220921_090000.WAV,Telephone Field,recover-20220922,001,1795
1194.0595,1194.0693,43515,45587,Pipistrellus pipistrellus,0.024,0.026,-1,Echolocation,/mnt/ubna_data_02_mir/recover-20220922/UBNA_001/20220921_090000.WAV,Telephone Field,recover-20220922,001,1795
1194.0675,1194.0751,23750,32167,Plecotus austriacus,0.008,0.022,-1,Echolocation,/mnt/ubna_data_02_mir/recover-20220922/UBNA_001/20220921_090000.WAV,Telephone Field,recover-20220922,001,1795
1194.0835,1194.0939,25468,31455,Eptesicus serotinus,0.035,0.076,-1,Echolocation,/mnt/ubna_data_02_mir/recover-20220922/UBNA_001/20220921_090000.WAV,Telephone Field,recover-20220922,001,1795
1194.0895,1194.131,68437,82896,Rhinolophus ferrumequinum,0.028,0.028,-1,Echolocation,/mnt/ubna_data_02_mir/recover-20220922/UBNA_001/20220921_090000.WAV,Telephone Field,recover-20220922,001,1795
1194.0975,1194.1382,68437,83239,Rhinolophus ferrumequinum,0.028,0.028,-1,Echolocation,/mnt/ubna_data_02_mir/recover-20220922/UBNA_001/20220921_090000.WAV,Telephone Field,recover-20220922,001,1795
1194.0995,1194.1065,28046,41818,Eptesicus serotinus,0.006,0.021,-1,Echolocation,/mnt/ubna_data_02_mir/recover-20220922/UBNA_001/20220921_090000.WAV,Telephone Field,recover-20220922,001,1795
1194.1085,1194.1478,68437,82255,Rhinolophus ferrumequinum,0.021,0.021,-1,Echolocation,/mnt/ubna_data_02_mir/recover-20220922/UBNA_001/20220921_090000.WAV,Telephone Field,recover-20220922,001,1795
1194.1335,1194.1702,68437,81366,Rhinolophus ferrumequinum,0.022,0.022,-1,Echolocation,/mnt/ubna_data_02_mir/recover-20220922/UBNA_001/20220921_090000.WAV,Telephone Field,recover-20220922,001,1795
1194.1615,1194.2042,68437,82110,Rhinolophus ferrumequinum,0.034,0.034,-1,Echolocation,/mnt/ubna_data_02_mir/recover-20220922/UBNA_001/20220921_090000.WAV,Telephone Field,recover-20220922,001,1795
1194.1795,1194.2159,68437,81376,Rhinolophus ferrumequinum,0.022,0.022,-1,Echolocation,/mnt/ubna_data_02_mir/recover-20220922/UBNA_001/20220921_090000.WAV,Telephone Field,recover-20220922,001,1795
1194.1915,1194.2264,68437,81016,Rhinolophus ferrumequinum,0.021,0.021,-1,Echolocation,/mnt/ubna_data_02_mir/recover-20220922/UBNA_001/20220921_090000.WAV,Telephone Field,recover-20220922,001,1795
1194.2215,1194.2303,37500,43516,Barbastellus barbastellus,0.008,0.021,-1,Echolocation,/mnt/ubna_data_02_mir/recover-20220922/UBNA_001/20220921_090000.WAV,Telephone Field,recover-20220922,001,1795
1194.2235,1194.2304,33203,42986,Myotis daubentonii,0.009,0.022,-1,Echolocation,/mnt/ubna_data_02_mir/recover-20220922/UBNA_001/20220921_090000.WAV,Telephone Field,recover-20220922,001,1795
1194.2755,1194.314,68437,82073,Rhinolophus ferrumequinum,0.021,0.021,-1,Echolocation,/mnt/ubna_data_02_mir/recover-20220922/UBNA_001/20220921_090000.WAV,Telephone Field,recover-20220922,001,1795
1194.3015,1194.3391,68437,81192,Rhinolophus ferrumequinum,0.021,0.021,-1,Echolocation,/mnt/ubna_data_02_mir/recover-20220922/UBNA_001/20220921_090000.WAV,Telephone Field,recover-20220922,001,1795
1194.3315,1194.3397,22890,30116,Plecotus austriacus,0.007,0.021,-1,Echolocation,/mnt/ubna_data_02_mir/recover-20220922/UBNA_001/20220921_090000.WAV,Telephone Field,recover-20220922,001,1795
1194.4065,1194.44,68437,80191,Rhinolophus ferrumequinum,0.023,0.024,-1,Echolocation,/mnt/ubna_data_02_mir/recover-20220922/UBNA_001/20220921_090000.WAV,Telephone Field,recover-20220922,001,1795
1194.4065,1194.4158,28906,39481,Eptesicus serotinus,0.008,0.021,-1,Echolocation,/mnt/ubna_data_02_mir/recover-20220922/UBNA_001/20220921_090000.WAV,Telephone Field,recover-20220922,001,1795
1194.4485,1194.4834,68437,80970,Rhinolophus ferrumequinum,0.021,0.021,-1,Echolocation,/mnt/ubna_data_02_mir/recover-20220922/UBNA_001/20220921_090000.WAV,Telephone Field,recover-20220922,001,1795
1194.4775,1194.5195,68437,83151,Rhinolophus ferrumequinum,0.024,0.024,-1,Echolocation,/mnt/ubna_data_02_mir/recover-20220922/UBNA_001/20220921_090000.WAV,Telephone Field,recover-20220922,001,1795
1194.4925,1194.5022,22890,29209,Nyctalus leisleri,0.009,0.026,-1,Echolocation,/mnt/ubna_data_02_mir/recover-20220922/UBNA_001/20220921_090000.WAV,Telephone Field,recover-20220922,001,1795
1194.5335,1194.573,68437,82261,Rhinolophus ferrumequinum,0.022,0.022,-1,Echolocation,/mnt/ubna_data_02_mir/recover-20220922/UBNA_001/20220921_090000.WAV,Telephone Field,recover-20220922,001,1795
1194.5665,1194.5774,28906,38325,Eptesicus serotinus,0.011,0.025,-1,Echolocation,/mnt/ubna_data_02_mir/recover-20220922/UBNA_001/20220921_090000.WAV,Telephone Field,recover-20220922,001,1795
1194.5775,1194.6188,68437,82385,Rhinolophus ferrumequinum,0.025,0.025,-1,Echolocation,/mnt/ubna_data_02_mir/recover-20220922/UBNA_001/20220921_090000.WAV,Telephone Field,recover-20220922,001,1795
1194.5805,1194.5914,22890,28423,Nyctalus leisleri,0.009,0.023,-1,Echolocation,/mnt/ubna_data_02_mir/recover-20220922/UBNA_001/20220921_090000.WAV,Telephone Field,recover-20220922,001,1795
1194.6085,1194.6480999999999,68437,82110,Rhinolophus ferrumequinum,0.022,0.022,-1,Echolocation,/mnt/ubna_data_02_mir/recover-20220922/UBNA_001/20220921_090000.WAV,Telephone Field,recover-20220922,001,1795
1194.6615,1194.671,28046,38198,Eptesicus serotinus,0.008,0.021,-1,Echolocation,/mnt/ubna_data_02_mir/recover-20220922/UBNA_001/20220921_090000.WAV,Telephone Field,recover-20220922,001,1795
1194.6625,1194.6974,68437,81171,Rhinolophus ferrumequinum,0.021,0.022,-1,Echolocation,/mnt/ubna_data_02_mir/recover-20220922/UBNA_001/20220921_090000.WAV,Telephone Field,recover-20220922,001,1795
1194.6955,1194.7321,68437,81621,Rhinolophus ferrumequinum,0.021,0.021,-1,Echolocation,/mnt/ubna_data_02_mir/recover-20220922/UBNA_001/20220921_090000.WAV,Telephone Field,recover-20220922,001,1795
1194.7845,1194.7956,28906,35499,Eptesicus serotinus,0.01,0.023,-1,Echolocation,/mnt/ubna_data_02_mir/recover-20220922/UBNA_001/20220921_090000.WAV,Telephone Field,recover-20220922,001,1795
1194.8525,1194.8919,68437,82456,Rhinolophus ferrumequinum,0.023,0.023,-1,Echolocation,/mnt/ubna_data_02_mir/recover-20220922/UBNA_001/20220921_090000.WAV,Telephone Field,recover-20220922,001,1795
1194.8605,1194.8669,29765,43053,Myotis daubentonii,0.011,0.032,-1,Echolocation,/mnt/ubna_data_02_mir/recover-20220922/UBNA_001/20220921_090000.WAV,Telephone Field,recover-20220922,001,1795
1194.8915,1194.9008,28906,40174,Eptesicus serotinus,0.009,0.023,-1,Echolocation,/mnt/ubna_data_02_mir/recover-20220922/UBNA_001/20220921_090000.WAV,Telephone Field,recover-20220922,001,1795
1194.9095,1194.9491,68437,81896,Rhinolophus ferrumequinum,0.025,0.025,-1,Echolocation,/mnt/ubna_data_02_mir/recover-20220922/UBNA_001/20220921_090000.WAV,Telephone Field,recover-20220922,001,1795
1194.9225,1194.9621,68437,82351,Rhinolophus ferrumequinum,0.027,0.027,-1,Echolocation,/mnt/ubna_data_02_mir/recover-20220922/UBNA_001/20220921_090000.WAV,Telephone Field,recover-20220922,001,1795
1194.9305,1194.9384,28906,41023,Eptesicus serotinus,0.01,0.029,-1,Echolocation,/mnt/ubna_data_02_mir/recover-20220922/UBNA_001/20220921_090000.WAV,Telephone Field,recover-20220922,001,1795
1194.9555,1194.9639,28046,38096,Eptesicus serotinus,0.01,0.025,-1,Echolocation,/mnt/ubna_data_02_mir/recover-20220922/UBNA_001/20220921_090000.WAV,Telephone Field,recover-20220922,001,1795
1194.9765,1195.0131,68437,81287,Rhinolophus ferrumequinum,0.025,0.025,-1,Echolocation,/mnt/ubna_data_02_mir/recover-20220922/UBNA_001/20220921_090000.WAV,Telephone Field,recover-20220922,001,1795
1194.9845,1195.0237,68437,81558,Rhinolophus ferrumequinum,0.024,0.024,-1,Echolocation,/mnt/ubna_data_02_mir/recover-20220922/UBNA_001/20220921_090000.WAV,Telephone Field,recover-20220922,001,1795
1195.0145,1195.0246,24609,31076,Nyctalus leisleri,0.012,0.03,-1,Echolocation,/mnt/ubna_data_02_mir/recover-20220922/UBNA_001/20220921_090000.WAV,Telephone Field,recover-20220922,001,1795
1195.0245,1195.0352,26328,33900,Eptesicus serotinus,0.012,0.024,-1,Echolocation,/mnt/ubna_data_02_mir/recover-20220922/UBNA_001/20220921_090000.WAV,Telephone Field,recover-20220922,001,1795
1195.0615,1195.0716,23750,29416,Nyctalus leisleri,0.009,0.022,-1,Echolocation,/mnt/ubna_data_02_mir/recover-20220922/UBNA_001/20220921_090000.WAV,Telephone Field,recover-20220922,001,1795
1195.1055,1195.1168,27187,34373,Eptesicus serotinus,0.017,0.029,-1,Echolocation,/mnt/ubna_data_02_mir/recover-20220922/UBNA_001/20220921_090000.WAV,Telephone Field,recover-20220922,001,1795
1195.1185,1195.1277,28906,37514,Eptesicus serotinus,0.01,0.025,-1,Echolocation,/mnt/ubna_data_02_mir/recover-20220922/UBNA_001/20220921_090000.WAV,Telephone Field,recover-20220922,001,1795
1195.1215,1195.1608,68437,82002,Rhinolophus ferrumequinum,0.024,0.024,-1,Echolocation,/mnt/ubna_data_02_mir/recover-20220922/UBNA_001/20220921_090000.WAV,Telephone Field,recover-20220922,001,1795
1195.1355,1195.1779,68437,82722,Rhinolophus ferrumequinum,0.029,0.029,-1,Echolocation,/mnt/ubna_data_02_mir/recover-20220922/UBNA_001/20220921_090000.WAV,Telephone Field,recover-20220922,001,1795
1195.1425,1195.1842,68437,82142,Rhinolophus ferrumequinum,0.027,0.027,-1,Echolocation,/mnt/ubna_data_02_mir/recover-20220922/UBNA_001/20220921_090000.WAV,Telephone Field,recover-20220922,001,1795
1195.2195,1195.2274,27187,37050,Eptesicus serotinus,0.008,0.022,-1,Echolocation,/mnt/ubna_data_02_mir/recover-20220922/UBNA_001/20220921_090000.WAV,Telephone Field,recover-20220922,001,1795
1195.2375,1195.2793,68437,82519,Rhinolophus ferrumequinum,0.027,0.027,-1,Echolocation,/mnt/ubna_data_02_mir/recover-20220922/UBNA_001/20220921_090000.WAV,Telephone Field,recover-20220922,001,1795
1195.2515,1195.2596,28906,41440,Eptesicus serotinus,0.007,0.022,-1,Echolocation,/mnt/ubna_data_02_mir/recover-20220922/UBNA_001/20220921_090000.WAV,Telephone Field,recover-20220922,001,1795
1195.2885,1195.3252,68437,81618,Rhinolophus ferrumequinum,0.023,0.023,-1,Echolocation,/mnt/ubna_data_02_mir/recover-20220922/UBNA_001/20220921_090000.WAV,Telephone Field,recover-20220922,001,1795
1195.2975,1195.3361,68437,81928,Rhinolophus ferrumequinum,0.022,0.022,-1,Echolocation,/mnt/ubna_data_02_mir/recover-20220922/UBNA_001/20220921_090000.WAV,Telephone Field,recover-20220922,001,1795
1195.3225,1195.3631,68437,82334,Rhinolophus ferrumequinum,0.021,0.021,-1,Echolocation,/mnt/ubna_data_02_mir/recover-20220922/UBNA_001/20220921_090000.WAV,Telephone Field,recover-20220922,001,1795
1195.3335,1195.373,68437,82045,Rhinolophus ferrumequinum,0.022,0.022,-1,Echolocation,/mnt/ubna_data_02_mir/recover-20220922/UBNA_001/20220921_090000.WAV,Telephone Field,recover-20220922,001,1795
1195.3345,1195.3449,24609,30694,Nyctalus leisleri,0.009,0.022,-1,Echolocation,/mnt/ubna_data_02_mir/recover-20220922/UBNA_001/20220921_090000.WAV,Telephone Field,recover-20220922,001,1795
1195.3405,1195.3774,68437,81147,Rhinolophus ferrumequinum,0.022,0.022,-1,Echolocation,/mnt/ubna_data_02_mir/recover-20220922/UBNA_001/20220921_090000.WAV,Telephone Field,recover-20220922,001,1795
1195.3545,1195.3654,28906,36091,Eptesicus serotinus,0.01,0.024,-1,Echolocation,/mnt/ubna_data_02_mir/recover-20220922/UBNA_001/20220921_090000.WAV,Telephone Field,recover-20220922,001,1795
1195.3565,1195.3980999999999,68437,82835,Rhinolophus ferrumequinum,0.038,0.038,-1,Echolocation,/mnt/ubna_data_02_mir/recover-20220922/UBNA_001/20220921_090000.WAV,Telephone Field,recover-20220922,001,1795
1195.3835,1195.4232,68437,82013,Rhinolophus ferrumequinum,0.022,0.022,-1,Echolocation,/mnt/ubna_data_02_mir/recover-20220922/UBNA_001/20220921_090000.WAV,Telephone Field,recover-20220922,001,1795
1195.3975,1195.4356,68437,81543,Rhinolophus ferrumequinum,0.023,0.023,-1,Echolocation,/mnt/ubna_data_02_mir/recover-20220922/UBNA_001/20220921_090000.WAV,Telephone Field,recover-20220922,001,1795
1195.4215,1195.431,28906,38814,Eptesicus serotinus,0.013,0.027,-1,Echolocation,/mnt/ubna_data_02_mir/recover-20220922/UBNA_001/20220921_090000.WAV,Telephone Field,recover-20220922,001,1795
1195.4355,1195.474,68437,82277,Rhinolophus ferrumequinum,0.021,0.022,-1,Echolocation,/mnt/ubna_data_02_mir/recover-20220922/UBNA_001/20220921_090000.WAV,Telephone Field,recover-20220922,001,1795
1195.4655,1195.504,68437,81975,Rhinolophus ferrumequinum,0.031,0.031,-1,Echolocation,/mnt/ubna_data_02_mir/recover-20220922/UBNA_001/20220921_090000.WAV,Telephone Field,recover-20220922,001,1795
1195.4785,1195.5194,68437,82506,Rhinolophus ferrumequinum,0.023,0.023,-1,Echolocation,/mnt/ubna_data_02_mir/recover-20220922/UBNA_001/20220921_090000.WAV,Telephone Field,recover-20220922,001,1795
1195.5175,1195.5282,29765,37416,Eptesicus serotinus,0.01,0.023,-1,Echolocation,/mnt/ubna_data_02_mir/recover-20220922/UBNA_001/20220921_090000.WAV,Telephone Field,recover-20220922,001,1795
1195.5805,1195.6209,68437,82603,Rhinolophus ferrumequinum,0.021,0.021,-1,Echolocation,/mnt/ubna_data_02_mir/recover-20220922/UBNA_001/20220921_090000.WAV,Telephone Field,recover-20220922,001,1795
1195.6045,1195.6128,27187,36363,Eptesicus serotinus,0.01,0.025,-1,Echolocation,/mnt/ubna_data_02_mir/recover-20220922/UBNA_001/20220921_090000.WAV,Telephone Field,recover-20220922,001,1795
1195.6165,1195.6307,30625,34828,Eptesicus serotinus,0.014,0.031,-1,Echolocation,/mnt/ubna_data_02_mir/recover-20220922/UBNA_001/20220921_090000.WAV,Telephone Field,recover-20220922,001,1795
1195.6435,1195.677,68437,80889,Rhinolophus ferrumequinum,0.021,0.021,-1,Echolocation,/mnt/ubna_data_02_mir/recover-20220922/UBNA_001/20220921_090000.WAV,Telephone Field,recover-20220922,001,1795
1195.6755,1195.7157,68437,82241,Rhinolophus ferrumequinum,0.023,0.023,-1,Echolocation,/mnt/ubna_data_02_mir/recover-20220922/UBNA_001/20220921_090000.WAV,Telephone Field,recover-20220922,001,1795
1195.7145,1195.7532,68437,82273,Rhinolophus ferrumequinum,0.022,0.022,-1,Echolocation,/mnt/ubna_data_02_mir/recover-20220922/UBNA_001/20220921_090000.WAV,Telephone Field,recover-20220922,001,1795
1195.7525,1195.7902,68437,81588,Rhinolophus ferrumequinum,0.056,0.056,-1,Echolocation,/mnt/ubna_data_02_mir/recover-20220922/UBNA_001/20220921_090000.WAV,Telephone Field,recover-20220922,001,1795
1195.7695,1195.7786,28046,39360,Eptesicus serotinus,0.009,0.022,-1,Echolocation,/mnt/ubna_data_02_mir/recover-20220922/UBNA_001/20220921_090000.WAV,Telephone Field,recover-20220922,001,1795
1195.7865,1195.8255,68437,81936,Rhinolophus ferrumequinum,0.023,0.023,-1,Echolocation,/mnt/ubna_data_02_mir/recover-20220922/UBNA_001/20220921_090000.WAV,Telephone Field,recover-20220922,001,1795
1195.7895,1195.8001,27187,34948,Eptesicus serotinus,0.013,0.025,-1,Echolocation,/mnt/ubna_data_02_mir/recover-20220922/UBNA_001/20220921_090000.WAV,Telephone Field,recover-20220922,001,1795
1195.8045,1195.8124,46093,49747,Pipistrellus pipistrellus,0.023,0.024,-1,Echolocation,/mnt/ubna_data_02_mir/recover-20220922/UBNA_001/20220921_090000.WAV,Telephone Field,recover-20220922,001,1795
1195.8365,1195.8475,31484,39910,Eptesicus serotinus,0.013,0.026,-1,Echolocation,/mnt/ubna_data_02_mir/recover-20220922/UBNA_001/20220921_090000.WAV,Telephone Field,recover-20220922,001,1795
1195.8605,1195.8695,24609,32103,Eptesicus serotinus,0.008,0.022,-1,Echolocation,/mnt/ubna_data_02_mir/recover-20220922/UBNA_001/20220921_090000.WAV,Telephone Field,recover-20220922,001,1795
1195.8635,1195.8729,46093,49898,Pipistrellus pipistrellus,0.025,0.026,-1,Echolocation,/mnt/ubna_data_02_mir/recover-20220922/UBNA_001/20220921_090000.WAV,Telephone Field,recover-20220922,001,1795
1195.8645,1195.9033,68437,81926,Rhinolophus ferrumequinum,0.022,0.022,-1,Echolocation,/mnt/ubna_data_02_mir/recover-20220922/UBNA_001/20220921_090000.WAV,Telephone Field,recover-20220922,001,1795
1195.9075,1195.9456,68437,81775,Rhinolophus ferrumequinum,0.026,0.026,-1,Echolocation,/mnt/ubna_data_02_mir/recover-20220922/UBNA_001/20220921_090000.WAV,Telephone Field,recover-20220922,001,1795
1195.9075,1195.9176,22890,27833,Nyctalus leisleri,0.012,0.024,-1,Echolocation,/mnt/ubna_data_02_mir/recover-20220922/UBNA_001/20220921_090000.WAV,Telephone Field,recover-20220922,001,1795
1195.9455,1195.983,68437,82142,Rhinolophus ferrumequinum,0.021,0.021,-1,Echolocation,/mnt/ubna_data_02_mir/recover-20220922/UBNA_001/20220921_090000.WAV,Telephone Field,recover-20220922,001,1795
1195.9765,1195.9838,26328,38161,Eptesicus serotinus,0.006,0.021,-1,Echolocation,/mnt/ubna_data_02_mir/recover-20220922/UBNA_001/20220921_090000.WAV,Telephone Field,recover-20220922,001,1795
1195.9855,1195.996,22890,28787,Nyctalus leisleri,0.009,0.022,-1,Echolocation,/mnt/ubna_data_02_mir/recover-20220922/UBNA_001/20220921_090000.WAV,Telephone Field,recover-20220922,001,1795
1196.0015,1196.0359,68437,79969,Rhinolophus ferrumequinum,0.032,0.033,-1,Echolocation,/mnt/ubna_data_02_mir/recover-20220922/UBNA_001/20220921_090000.WAV,Telephone Field,recover-20220922,001,1795
1196.0015,1196.0096,25468,36734,Nyctalus leisleri,0.006,0.025,-1,Echolocation,/mnt/ubna_data_02_mir/recover-20220922/UBNA_001/20220921_090000.WAV,Telephone Field,recover-20220922,001,1795
1196.0145,1196.0235,24609,32295,Eptesicus serotinus,0.009,0.027,-1,Echolocation,/mnt/ubna_data_02_mir/recover-20220922/UBNA_001/20220921_090000.WAV,Telephone Field,recover-20220922,001,1795
1196.0235,1196.0326,28046,35924,Eptesicus serotinus,0.009,0.021,-1,Echolocation,/mnt/ubna_data_02_mir/recover-20220922/UBNA_001/20220921_090000.WAV,Telephone Field,recover-20220922,001,1795
1196.0295,1196.0386,24609,31616,Eptesicus serotinus,0.008,0.023,-1,Echolocation,/mnt/ubna_data_02_mir/recover-20220922/UBNA_001/20220921_090000.WAV,Telephone Field,recover-20220922,001,1795
1196.0515,1196.0899,68437,82352,Rhinolophus ferrumequinum,0.023,0.024,-1,Echolocation,/mnt/ubna_data_02_mir/recover-20220922/UBNA_001/20220921_090000.WAV,Telephone Field,recover-20220922,001,1795
1196.0715,1196.1131,68437,82943,Rhinolophus ferrumequinum,0.025,0.025,-1,Echolocation,/mnt/ubna_data_02_mir/recover-20220922/UBNA_001/20220921_090000.WAV,Telephone Field,recover-20220922,001,1795
1196.0725,1196.0831,28906,36979,Eptesicus serotinus,0.01,0.021,-1,Echolocation,/mnt/ubna_data_02_mir/recover-20220922/UBNA_001/20220921_090000.WAV,Telephone Field,recover-20220922,001,1795
1196.0925,1196.1305,68437,82041,Rhinolophus ferrumequinum,0.025,0.025,-1,Echolocation,/mnt/ubna_data_02_mir/recover-20220922/UBNA_001/20220921_090000.WAV,Telephone Field,recover-20220922,001,1795
1196.1065,1196.1441,68437,81834,Rhinolophus ferrumequinum,0.023,0.023,-1,Echolocation,/mnt/ubna_data_02_mir/recover-20220922/UBNA_001/20220921_090000.WAV,Telephone Field,recover-20220922,001,1795
1196.1365,1196.1735,68437,82007,Rhinolophus ferrumequinum,0.024,0.024,-1,Echolocation,/mnt/ubna_data_02_mir/recover-20220922/UBNA_001/20220921_090000.WAV,Telephone Field,recover-20220922,001,1795
1196.1635,1196.2011,68437,81506,Rhinolophus ferrumequinum,0.021,0.021,-1,Echolocation,/mnt/ubna_data_02_mir/recover-20220922/UBNA_001/20220921_090000.WAV,Telephone Field,recover-20220922,001,1795
1196.1925,1196.2301,68437,81508,Rhinolophus ferrumequinum,0.023,0.023,-1,Echolocation,/mnt/ubna_data_02_mir/recover-20220922/UBNA_001/20220921_090000.WAV,Telephone Field,recover-20220922,001,1795
1196.2275,1196.2339,28046,39759,Eptesicus serotinus,0.009,0.028,-1,Echolocation,/mnt/ubna_data_02_mir/recover-20220922/UBNA_001/20220921_090000.WAV,Telephone Field,recover-20220922,001,1795
1196.2295,1196.2681,68437,82327,Rhinolophus ferrumequinum,0.025,0.025,-1,Echolocation,/mnt/ubna_data_02_mir/recover-20220922/UBNA_001/20220921_090000.WAV,Telephone Field,recover-20220922,001,1795
1196.2395,1196.2779,68437,82119,Rhinolophus ferrumequinum,0.023,0.023,-1,Echolocation,/mnt/ubna_data_02_mir/recover-20220922/UBNA_001/20220921_090000.WAV,Telephone Field,recover-20220922,001,1795
1196.3025,1196.3374,68437,80997,Rhinolophus ferrumequinum,0.026,0.026,-1,Echolocation,/mnt/ubna_data_02_mir/recover-20220922/UBNA_001/20220921_090000.WAV,Telephone Field,recover-20220922,001,1795
1196.3395,1196.3825,68437,83386,Rhinolophus ferrumequinum,0.023,0.023,-1,Echolocation,/mnt/ubna_data_02_mir/recover-20220922/UBNA_001/20220921_090000.WAV,Telephone Field,recover-20220922,001,1795
1196.3395,1196.3504,22890,28120,Nyctalus leisleri,0.011,0.024,-1,Echolocation,/mnt/ubna_data_02_mir/recover-20220922/UBNA_001/20220921_090000.WAV,Telephone Field,recover-20220922,001,1795
1196.3725,1196.4127,68437,82607,Rhinolophus ferrumequinum,0.034,0.034,-1,Echolocation,/mnt/ubna_data_02_mir/recover-20220922/UBNA_001/20220921_090000.WAV,Telephone Field,recover-20220922,001,1795
1196.3835,1196.3955,32343,36897,Eptesicus serotinus,0.006,0.023,-1,Echolocation,/mnt/ubna_data_02_mir/recover-20220922/UBNA_001/20220921_090000.WAV,Telephone Field,recover-20220922,001,1795
1196.4005,1196.4169,15156,20569,Nyctalus noctula,0.02,0.028,-1,Echolocation,/mnt/ubna_data_02_mir/recover-20220922/UBNA_001/20220921_090000.WAV,Telephone Field,recover-20220922,001,1795
1196.4195,1196.4619,68437,83061,Rhinolophus ferrumequinum,0.03,0.03,-1,Echolocation,/mnt/ubna_data_02_mir/recover-20220922/UBNA_001/20220921_090000.WAV,Telephone Field,recover-20220922,001,1795
1196.4555,1196.4645,28046,35738,Eptesicus serotinus,0.014,0.028,-1,Echolocation,/mnt/ubna_data_02_mir/recover-20220922/UBNA_001/20220921_090000.WAV,Telephone Field,recover-20220922,001,1795
1196.4725,1196.4818,23750,31218,Nyctalus leisleri,0.007,0.021,-1,Echolocation,/mnt/ubna_data_02_mir/recover-20220922/UBNA_001/20220921_090000.WAV,Telephone Field,recover-20220922,001,1795
1196.4825,1196.521,68437,81711,Rhinolophus ferrumequinum,0.028,0.028,-1,Echolocation,/mnt/ubna_data_02_mir/recover-20220922/UBNA_001/20220921_090000.WAV,Telephone Field,recover-20220922,001,1795
1196.4875,1196.4999,28906,36035,Eptesicus serotinus,0.015,0.028,-1,Echolocation,/mnt/ubna_data_02_mir/recover-20220922/UBNA_001/20220921_090000.WAV,Telephone Field,recover-20220922,001,1795
1196.5175,1196.5263,28906,39924,Eptesicus serotinus,0.008,0.023,-1,Echolocation,/mnt/ubna_data_02_mir/recover-20220922/UBNA_001/20220921_090000.WAV,Telephone Field,recover-20220922,001,1795
1196.5275,1196.5652,68437,82208,Rhinolophus ferrumequinum,0.021,0.021,-1,Echolocation,/mnt/ubna_data_02_mir/recover-20220922/UBNA_001/20220921_090000.WAV,Telephone Field,recover-20220922,001,1795
1196.6275,1196.6346,28046,37281,Eptesicus serotinus,0.007,0.022,-1,Echolocation,/mnt/ubna_data_02_mir/recover-20220922/UBNA_001/20220921_090000.WAV,Telephone Field,recover-20220922,001,1795
1196.6505,1196.6904,68437,82748,Rhinolophus ferrumequinum,0.031,0.031,-1,Echolocation,/mnt/ubna_data_02_mir/recover-20220922/UBNA_001/20220921_090000.WAV,Telephone Field,recover-20220922,001,1795
1196.6815,1196.7192,68437,81818,Rhinolophus ferrumequinum,0.023,0.023,-1,Echolocation,/mnt/ubna_data_02_mir/recover-20220922/UBNA_001/20220921_090000.WAV,Telephone Field,recover-20220922,001,1795
1196.6855,1196.6949,25468,37221,Eptesicus serotinus,0.01,0.025,-1,Echolocation,/mnt/ubna_data_02_mir/recover-20220922/UBNA_001/20220921_090000.WAV,Telephone Field,recover-20220922,001,1795
1196.6965,1196.7062,28046,35944,Eptesicus serotinus,0.009,0.022,-1,Echolocation,/mnt/ubna_data_02_mir/recover-20220922/UBNA_001/20220921_090000.WAV,Telephone Field,recover-20220922,001,1795
1196.7175,1196.7586000000001,68437,83001,Rhinolophus ferrumequinum,0.022,0.022,-1,Echolocation,/mnt/ubna_data_02_mir/recover-20220922/UBNA_001/20220921_090000.WAV,Telephone Field,recover-20220922,001,1795
1196.7875,1196.8247,68437,81952,Rhinolophus ferrumequinum,0.021,0.022,-1,Echolocation,/mnt/ubna_data_02_mir/recover-20220922/UBNA_001/20220921_090000.WAV,Telephone Field,recover-20220922,001,1795
1196.8015,1196.8431,68437,82524,Rhinolophus ferrumequinum,0.021,0.021,-1,Echolocation,/mnt/ubna_data_02_mir/recover-20220922/UBNA_001/20220921_090000.WAV,Telephone Field,recover-20220922,001,1795
1196.8215,1196.862,68437,82662,Rhinolophus ferrumequinum,0.038,0.038,-1,Echolocation,/mnt/ubna_data_02_mir/recover-20220922/UBNA_001/20220921_090000.WAV,Telephone Field,recover-20220922,001,1795
1196.8395,1196.8816,68437,83304,Rhinolophus ferrumequinum,0.022,0.023,-1,Echolocation,/mnt/ubna_data_02_mir/recover-20220922/UBNA_001/20220921_090000.WAV,Telephone Field,recover-20220922,001,1795
1196.8495,1196.8611,25468,32118,Eptesicus serotinus,0.01,0.022,-1,Echolocation,/mnt/ubna_data_02_mir/recover-20220922/UBNA_001/20220921_090000.WAV,Telephone Field,recover-20220922,001,1795
1196.8515,1196.8893,68437,82096,Rhinolophus ferrumequinum,0.021,0.021,-1,Echolocation,/mnt/ubna_data_02_mir/recover-20220922/UBNA_001/20220921_090000.WAV,Telephone Field,recover-20220922,001,1795
1196.8565,1196.8658,27187,35234,Eptesicus serotinus,0.011,0.023,-1,Echolocation,/mnt/ubna_data_02_mir/recover-20220922/UBNA_001/20220921_090000.WAV,Telephone Field,recover-20220922,001,1795
1196.9055,1196.9456,68437,82071,Rhinolophus ferrumequinum,0.023,0.023,-1,Echolocation,/mnt/ubna_data_02_mir/recover-20220922/UBNA_001/20220921_090000.WAV,Telephone Field,recover-20220922,001,1795
1196.9055,1196.9137,28906,37643,Eptesicus serotinus,0.01,0.022,-1,Echolocation,/mnt/ubna_data_02_mir/recover-20220922/UBNA_001/20220921_090000.WAV,Telephone Field,recover-20220922,001,1795
1196.9295,1196.9438,23750,27853,Nyctalus leisleri,0.024,0.048,-1,Echolocation,/mnt/ubna_data_02_mir/recover-20220922/UBNA_001/20220921_090000.WAV,Telephone Field,recover-20220922,001,1795
1196.9365,1196.976,68437,82374,Rhinolophus ferrumequinum,0.027,0.027,-1,Echolocation,/mnt/ubna_data_02_mir/recover-20220922/UBNA_001/20220921_090000.WAV,Telephone Field,recover-20220922,001,1795
1196.9525,1196.9596,24609,34371,Plecotus austriacus,0.009,0.024,-1,Echolocation,/mnt/ubna_data_02_mir/recover-20220922/UBNA_001/20220921_090000.WAV,Telephone Field,recover-20220922,001,1795
1196.9605,1196.9983,68437,81921,Rhinolophus ferrumequinum,0.022,0.022,-1,Echolocation,/mnt/ubna_data_02_mir/recover-20220922/UBNA_001/20220921_090000.WAV,Telephone Field,recover-20220922,001,1795
1196.9695,1196.9771,23750,32599,Plecotus austriacus,0.009,0.024,-1,Echolocation,/mnt/ubna_data_02_mir/recover-20220922/UBNA_001/20220921_090000.WAV,Telephone Field,recover-20220922,001,1795
1197.0005,1197.0358,68437,81125,Rhinolophus ferrumequinum,0.025,0.025,-1,Echolocation,/mnt/ubna_data_02_mir/recover-20220922/UBNA_001/20220921_090000.WAV,Telephone Field,recover-20220922,001,1795
1197.0965,1197.136,68437,82851,Rhinolophus ferrumequinum,0.032,0.032,-1,Echolocation,/mnt/ubna_data_02_mir/recover-20220922/UBNA_001/20220921_090000.WAV,Telephone Field,recover-20220922,001,1795
1197.1075,1197.148,68437,82451,Rhinolophus ferrumequinum,0.024,0.024,-1,Echolocation,/mnt/ubna_data_02_mir/recover-20220922/UBNA_001/20220921_090000.WAV,Telephone Field,recover-20220922,001,1795
1197.1425,1197.1804,68437,81820,Rhinolophus ferrumequinum,0.022,0.022,-1,Echolocation,/mnt/ubna_data_02_mir/recover-20220922/UBNA_001/20220921_090000.WAV,Telephone Field,recover-20220922,001,1795
1197.1445,1197.1526,27187,35324,Eptesicus serotinus,0.009,0.026,-1,Echolocation,/mnt/ubna_data_02_mir/recover-20220922/UBNA_001/20220921_090000.WAV,Telephone Field,recover-20220922,001,1795
1197.1515,1197.1875,68437,81420,Rhinolophus ferrumequinum,0.021,0.021,-1,Echolocation,/mnt/ubna_data_02_mir/recover-20220922/UBNA_001/20220921_090000.WAV,Telephone Field,recover-20220922,001,1795
1197.1565,1197.1654,49531,54308,Pipistrellus pipistrellus,0.028,0.031,-1,Echolocation,/mnt/ubna_data_02_mir/recover-20220922/UBNA_001/20220921_090000.WAV,Telephone Field,recover-20220922,001,1795
1197.1565,1197.1938,68437,81652,Rhinolophus ferrumequinum,0.022,0.022,-1,Echolocation,/mnt/ubna_data_02_mir/recover-20220922/UBNA_001/20220921_090000.WAV,Telephone Field,recover-20220922,001,1795
1197.1665,1197.2059,68437,82486,Rhinolophus ferrumequinum,0.023,0.023,-1,Echolocation,/mnt/ubna_data_02_mir/recover-20220922/UBNA_001/20220921_090000.WAV,Telephone Field,recover-20220922,001,1795
1197.2055,1197.2472,68437,82804,Rhinolophus ferrumequinum,0.03,0.03,-1,Echolocation,/mnt/ubna_data_02_mir/recover-20220922/UBNA_001/20220921_090000.WAV,Telephone Field,recover-20220922,001,1795
1197.2175,1197.2269000000001,22890,29008,Nyctalus leisleri,0.008,0.024,-1,Echolocation,/mnt/ubna_data_02_mir/recover-20220922/UBNA_001/20220921_090000.WAV,Telephone Field,recover-20220922,001,1795
1197.3155,1197.3569,68437,82106,Rhinolophus ferrumequinum,0.023,0.023,-1,Echolocation,/mnt/ubna_data_02_mir/recover-20220922/UBNA_001/20220921_090000.WAV,Telephone Field,recover-20220922,001,1795
1197.3335,1197.3708,68437,82005,Rhinolophus ferrumequinum,0.022,0.022,-1,Echolocation,/mnt/ubna_data_02_mir/recover-20220922/UBNA_001/20220921_090000.WAV,Telephone Field,recover-20220922,001,1795
1197.4215,1197.4626,68437,82591,Rhinolophus ferrumequinum,0.033,0.033,-1,Echolocation,/mnt/ubna_data_02_mir/recover-20220922/UBNA_001/20220921_090000.WAV,Telephone Field,recover-20220922,001,1795
1197.4645,1197.5048,68437,81916,Rhinolophus ferrumequinum,0.023,0.023,-1,Echolocation,/mnt/ubna_data_02_mir/recover-20220922/UBNA_001/20220921_090000.WAV,Telephone Field,recover-20220922,001,1795
1197.5005,1197.539,68437,82252,Rhinolophus ferrumequinum,0.022,0.022,-1,Echolocation,/mnt/ubna_data_02_mir/recover-20220922/UBNA_001/20220921_090000.WAV,Telephone Field,recover-20220922,001,1795
1197.5675,1197.6119,68437,83353,Rhinolophus ferrumequinum,0.036,0.036,-1,Echolocation,/mnt/ubna_data_02_mir/recover-20220922/UBNA_001/20220921_090000.WAV,Telephone Field,recover-20220922,001,1795
1197.6085,1197.6463,68437,82227,Rhinolophus ferrumequinum,0.023,0.023,-1,Echolocation,/mnt/ubna_data_02_mir/recover-20220922/UBNA_001/20220921_090000.WAV,Telephone Field,recover-20220922,001,1795
1197.6215,1197.6302,28906,39003,Eptesicus serotinus,0.008,0.021,-1,Echolocation,/mnt/ubna_data_02_mir/recover-20220922/UBNA_001/20220921_090000.WAV,Telephone Field,recover-20220922,001,1795
1197.6695,1197.7107,68437,82337,Rhinolophus ferrumequinum,0.024,0.024,-1,Echolocation,/mnt/ubna_data_02_mir/recover-20220922/UBNA_001/20220921_090000.WAV,Telephone Field,recover-20220922,001,1795
1197.6825,1197.7228,68437,82392,Rhinolophus ferrumequinum,0.028,0.028,-1,Echolocation,/mnt/ubna_data_02_mir/recover-20220922/UBNA_001/20220921_090000.WAV,Telephone Field,recover-20220922,001,1795
1197.6825,1197.6879,36640,44920,Barbastellus barbastellus,0.007,0.023,-1,Echolocation,/mnt/ubna_data_02_mir/recover-20220922/UBNA_001/20220921_090000.WAV,Telephone Field,recover-20220922,001,1795
1197.6835,1197.6899,28906,42996,Eptesicus serotinus,0.007,0.027,-1,Echolocation,/mnt/ubna_data_02_mir/recover-20220922/UBNA_001/20220921_090000.WAV,Telephone Field,recover-20220922,001,1795
1197.7085,1197.7459,68437,81629,Rhinolophus ferrumequinum,0.026,0.026,-1,Echolocation,/mnt/ubna_data_02_mir/recover-20220922/UBNA_001/20220921_090000.WAV,Telephone Field,recover-20220922,001,1795
1197.7335,1197.7722,68437,81966,Rhinolophus ferrumequinum,0.026,0.026,-1,Echolocation,/mnt/ubna_data_02_mir/recover-20220922/UBNA_001/20220921_090000.WAV,Telephone Field,recover-20220922,001,1795
1197.7535,1197.7879,68437,80816,Rhinolophus ferrumequinum,0.021,0.021,-1,Echolocation,/mnt/ubna_data_02_mir/recover-20220922/UBNA_001/20220921_090000.WAV,Telephone Field,recover-20220922,001,1795
1197.7765,1197.8143,68437,81696,Rhinolophus ferrumequinum,0.021,0.021,-1,Echolocation,/mnt/ubna_data_02_mir/recover-20220922/UBNA_001/20220921_090000.WAV,Telephone Field,recover-20220922,001,1795
1197.7775,1197.7945,20312,23976,Nyctalus leisleri,0.014,0.027,-1,Echolocation,/mnt/ubna_data_02_mir/recover-20220922/UBNA_001/20220921_090000.WAV,Telephone Field,recover-20220922,001,1795
1197.7885,1197.7968,28046,39396,Eptesicus serotinus,0.009,0.022,-1,Echolocation,/mnt/ubna_data_02_mir/recover-20220922/UBNA_001/20220921_090000.WAV,Telephone Field,recover-20220922,001,1795
1197.8035,1197.8456,68437,83142,Rhinolophus ferrumequinum,0.025,0.025,-1,Echolocation,/mnt/ubna_data_02_mir/recover-20220922/UBNA_001/20220921_090000.WAV,Telephone Field,recover-20220922,001,1795
1197.8225,1197.8306,26328,38497,Eptesicus serotinus,0.007,0.023,-1,Echolocation,/mnt/ubna_data_02_mir/recover-20220922/UBNA_001/20220921_090000.WAV,Telephone Field,recover-20220922,001,1795
1197.8255,1197.8627,68437,81810,Rhinolophus ferrumequinum,0.022,0.022,-1,Echolocation,/mnt/ubna_data_02_mir/recover-20220922/UBNA_001/20220921_090000.WAV,Telephone Field,recover-20220922,001,1795
1197.8505,1197.889,68437,82254,Rhinolophus ferrumequinum,0.024,0.024,-1,Echolocation,/mnt/ubna_data_02_mir/recover-20220922/UBNA_001/20220921_090000.WAV,Telephone Field,recover-20220922,001,1795
1197.8505,1197.8589,28046,41962,Eptesicus serotinus,0.009,0.023,-1,Echolocation,/mnt/ubna_data_02_mir/recover-20220922/UBNA_001/20220921_090000.WAV,Telephone Field,recover-20220922,001,1795
1197.8785,1197.9186,68437,82919,Rhinolophus ferrumequinum,0.023,0.023,-1,Echolocation,/mnt/ubna_data_02_mir/recover-20220922/UBNA_001/20220921_090000.WAV,Telephone Field,recover-20220922,001,1795
1197.8855,1197.9232,68437,82419,Rhinolophus ferrumequinum,0.023,0.023,-1,Echolocation,/mnt/ubna_data_02_mir/recover-20220922/UBNA_001/20220921_090000.WAV,Telephone Field,recover-20220922,001,1795
1197.9285,1197.9388,23750,30121,Nyctalus leisleri,0.01,0.027,-1,Echolocation,/mnt/ubna_data_02_mir/recover-20220922/UBNA_001/20220921_090000.WAV,Telephone Field,recover-20220922,001,1795
1197.9325,1197.9411,14296,23753,Plecotus auritus,0.017,0.039,-1,Echolocation,/mnt/ubna_data_02_mir/recover-20220922/UBNA_001/20220921_090000.WAV,Telephone Field,recover-20220922,001,1795
1197.9395,1197.9506,22031,26235,Nyctalus leisleri,0.011,0.021,-1,Echolocation,/mnt/ubna_data_02_mir/recover-20220922/UBNA_001/20220921_090000.WAV,Telephone Field,recover-20220922,001,1795
1197.9545,1197.9941,68437,82330,Rhinolophus ferrumequinum,0.024,0.024,-1,Echolocation,/mnt/ubna_data_02_mir/recover-20220922/UBNA_001/20220921_090000.WAV,Telephone Field,recover-20220922,001,1795
1197.9775,1197.9836,24609,35235,Plecotus auritus,0.011,0.028,-1,Echolocation,/mnt/ubna_data_02_mir/recover-20220922/UBNA_001/20220921_090000.WAV,Telephone Field,recover-20220922,001,1795
1197.9905,1197.9998,28046,39959,Eptesicus serotinus,0.011,0.025,-1,Echolocation,/mnt/ubna_data_02_mir/recover-20220922/UBNA_001/20220921_090000.WAV,Telephone Field,recover-20220922,001,1795
1198.0015,1198.0095,25468,36927,Nyctalus leisleri,0.007,0.03,-1,Echolocation,/mnt/ubna_data_02_mir/recover-20220922/UBNA_001/20220921_090000.WAV,Telephone Field,recover-20220922,001,1795
1198.0015,1198.0335,68437,79932,Rhinolophus ferrumequinum,0.03,0.031,-1,Echolocation,/mnt/ubna_data_02_mir/recover-20220922/UBNA_001/20220921_090000.WAV,Telephone Field,recover-20220922,001,1795
1198.0015,1198.0138,48671,54797,Pipistrellus pipistrellus,0.017,0.025,-1,Echolocation,/mnt/ubna_data_02_mir/recover-20220922/UBNA_001/20220921_090000.WAV,Telephone Field,recover-20220922,001,1795
1198.0415,1198.0826,68437,82132,Rhinolophus ferrumequinum,0.023,0.023,-1,Echolocation,/mnt/ubna_data_02_mir/recover-20220922/UBNA_001/20220921_090000.WAV,Telephone Field,recover-20220922,001,1795
1198.0515,1198.0931,68437,82917,Rhinolophus ferrumequinum,0.027,0.027,-1,Echolocation,/mnt/ubna_data_02_mir/recover-20220922/UBNA_001/20220921_090000.WAV,Telephone Field,recover-20220922,001,1795
1198.0725,1198.111,68437,82417,Rhinolophus ferrumequinum,0.021,0.021,-1,Echolocation,/mnt/ubna_data_02_mir/recover-20220922/UBNA_001/20220921_090000.WAV,Telephone Field,recover-20220922,001,1795
1198.0855,1198.0967,22890,27500,Nyctalus leisleri,0.013,0.025,-1,Echolocation,/mnt/ubna_data_02_mir/recover-20220922/UBNA_001/20220921_090000.WAV,Telephone Field,recover-20220922,001,1795
1198.0865,1198.128,68437,82914,Rhinolophus ferrumequinum,0.021,0.021,-1,Echolocation,/mnt/ubna_data_02_mir/recover-20220922/UBNA_001/20220921_090000.WAV,Telephone Field,recover-20220922,001,1795
1198.1015,1198.1388,68437,82090,Rhinolophus ferrumequinum,0.022,0.022,-1,Echolocation,/mnt/ubna_data_02_mir/recover-20220922/UBNA_001/20220921_090000.WAV,Telephone Field,recover-20220922,001,1795
1198.1075,1198.1432,68437,81796,Rhinolophus ferrumequinum,0.023,0.023,-1,Echolocation,/mnt/ubna_data_02_mir/recover-20220922/UBNA_001/20220921_090000.WAV,Telephone Field,recover-20220922,001,1795
1198.1135,1198.1244,24609,31103,Eptesicus serotinus,0.008,0.023,-1,Echolocation,/mnt/ubna_data_02_mir/recover-20220922/UBNA_001/20220921_090000.WAV,Telephone Field,recover-20220922,001,1795
1198.1295,1198.1398,23750,30009,Nyctalus leisleri,0.008,0.023,-1,Echolocation,/mnt/ubna_data_02_mir/recover-20220922/UBNA_001/20220921_090000.WAV,Telephone Field,recover-20220922,001,1795
1198.1575,1198.1965,68437,82324,Rhinolophus ferrumequinum,0.021,0.021,-1,Echolocation,/mnt/ubna_data_02_mir/recover-20220922/UBNA_001/20220921_090000.WAV,Telephone Field,recover-20220922,001,1795
1198.1675,1198.1798,22031,26402,Nyctalus leisleri,0.013,0.024,-1,Echolocation,/mnt/ubna_data_02_mir/recover-20220922/UBNA_001/20220921_090000.WAV,Telephone Field,recover-20220922,001,1795
1198.1825,1198.2215,68437,82383,Rhinolophus ferrumequinum,0.022,0.022,-1,Echolocation,/mnt/ubna_data_02_mir/recover-20220922/UBNA_001/20220921_090000.WAV,Telephone Field,recover-20220922,001,1795
1198.2015,1198.2121,23750,29637,Nyctalus leisleri,0.01,0.024,-1,Echolocation,/mnt/ubna_data_02_mir/recover-20220922/UBNA_001/20220921_090000.WAV,Telephone Field,recover-20220922,001,1795
1198.2085,1198.2213,23750,27998,Nyctalus leisleri,0.012,0.023,-1,Echolocation,/mnt/ubna_data_02_mir/recover-20220922/UBNA_001/20220921_090000.WAV,Telephone Field,recover-20220922,001,1795
1198.2135,1198.2528,68437,82781,Rhinolophus ferrumequinum,0.022,0.022,-1,Echolocation,/mnt/ubna_data_02_mir/recover-20220922/UBNA_001/20220921_090000.WAV,Telephone Field,recover-20220922,001,1795
1198.2215,1198.2607,68437,82368,Rhinolophus ferrumequinum,0.022,0.022,-1,Echolocation,/mnt/ubna_data_02_mir/recover-20220922/UBNA_001/20220921_090000.WAV,Telephone Field,recover-20220922,001,1795
1198.2455,1198.2591,29765,35852,Eptesicus serotinus,0.015,0.027,-1,Echolocation,/mnt/ubna_data_02_mir/recover-20220922/UBNA_001/20220921_090000.WAV,Telephone Field,recover-20220922,001,1795
1198.2515,1198.2871,68437,81984,Rhinolophus ferrumequinum,0.021,0.021,-1,Echolocation,/mnt/ubna_data_02_mir/recover-20220922/UBNA_001/20220921_090000.WAV,Telephone Field,recover-20220922,001,1795
1198.2605,1198.2994,68437,82101,Rhinolophus ferrumequinum,0.023,0.023,-1,Echolocation,/mnt/ubna_data_02_mir/recover-20220922/UBNA_001/20220921_090000.WAV,Telephone Field,recover-20220922,001,1795
1198.2655,1198.3066,68437,82625,Rhinolophus ferrumequinum,0.023,0.023,-1,Echolocation,/mnt/ubna_data_02_mir/recover-20220922/UBNA_001/20220921_090000.WAV,Telephone Field,recover-20220922,001,1795
1198.2715,1198.2826,23750,29528,Nyctalus leisleri,0.012,0.028,-1,Echolocation,/mnt/ubna_data_02_mir/recover-20220922/UBNA_001/20220921_090000.WAV,Telephone Field,recover-20220922,001,1795
1198.2905,1198.3281,68437,81576,Rhinolophus ferrumequinum,0.024,0.024,-1,Echolocation,/mnt/ubna_data_02_mir/recover-20220922/UBNA_001/20220921_090000.WAV,Telephone Field,recover-20220922,001,1795
1198.2905,1198.2993,28046,38624,Eptesicus serotinus,0.01,0.025,-1,Echolocation,/mnt/ubna_data_02_mir/recover-20220922/UBNA_001/20220921_090000.WAV,Telephone Field,recover-20220922,001,1795
1198.3245,1198.359,68437,81536,Rhinolophus ferrumequinum,0.022,0.022,-1,Echolocation,/mnt/ubna_data_02_mir/recover-20220922/UBNA_001/20220921_090000.WAV,Telephone Field,recover-20220922,001,1795
1198.3355,1198.3457,22031,27618,Nyctalus leisleri,0.009,0.024,-1,Echolocation,/mnt/ubna_data_02_mir/recover-20220922/UBNA_001/20220921_090000.WAV,Telephone Field,recover-20220922,001,1795
1198.3525,1198.3933,68437,82632,Rhinolophus ferrumequinum,0.022,0.022,-1,Echolocation,/mnt/ubna_data_02_mir/recover-20220922/UBNA_001/20220921_090000.WAV,Telephone Field,recover-20220922,001,1795
1198.3645,1198.3756,23750,28831,Nyctalus leisleri,0.017,0.033,-1,Echolocation,/mnt/ubna_data_02_mir/recover-20220922/UBNA_001/20220921_090000.WAV,Telephone Field,recover-20220922,001,1795
1198.3875,1198.4234,68437,81856,Rhinolophus ferrumequinum,0.03,0.03,-1,Echolocation,/mnt/ubna_data_02_mir/recover-20220922/UBNA_001/20220921_090000.WAV,Telephone Field,recover-20220922,001,1795
1198.4545,1198.4958,68437,82274,Rhinolophus ferrumequinum,0.026,0.026,-1,Echolocation,/mnt/ubna_data_02_mir/recover-20220922/UBNA_001/20220921_090000.WAV,Telephone Field,recover-20220922,001,1795
1198.4625,1198.4804,20312,23461,Nyctalus leisleri,0.016,0.028,-1,Echolocation,/mnt/ubna_data_02_mir/recover-20220922/UBNA_001/20220921_090000.WAV,Telephone Field,recover-20220922,001,1795
1198.5285,1198.5681,68437,82081,Rhinolophus ferrumequinum,0.023,0.023,-1,Echolocation,/mnt/ubna_data_02_mir/recover-20220922/UBNA_001/20220921_090000.WAV,Telephone Field,recover-20220922,001,1795
1198.5595,1198.5968,68437,82194,Rhinolophus ferrumequinum,0.023,0.023,-1,Echolocation,/mnt/ubna_data_02_mir/recover-20220922/UBNA_001/20220921_090000.WAV,Telephone Field,recover-20220922,001,1795
1198.5615,1198.5749,23750,28736,Nyctalus leisleri,0.016,0.031,-1,Echolocation,/mnt/ubna_data_02_mir/recover-20220922/UBNA_001/20220921_090000.WAV,Telephone Field,recover-20220922,001,1795
1198.5825,1198.5922,27187,37447,Eptesicus serotinus,0.01,0.023,-1,Echolocation,/mnt/ubna_data_02_mir/recover-20220922/UBNA_001/20220921_090000.WAV,Telephone Field,recover-20220922,001,1795
1198.6065,1198.6157,28046,42575,Eptesicus serotinus,0.008,0.021,-1,Echolocation,/mnt/ubna_data_02_mir/recover-20220922/UBNA_001/20220921_090000.WAV,Telephone Field,recover-20220922,001,1795
1198.6065,1198.6456,68437,81674,Rhinolophus ferrumequinum,0.032,0.032,-1,Echolocation,/mnt/ubna_data_02_mir/recover-20220922/UBNA_001/20220921_090000.WAV,Telephone Field,recover-20220922,001,1795
1198.6195,1198.627,25468,34460,Plecotus austriacus,0.007,0.024,-1,Echolocation,/mnt/ubna_data_02_mir/recover-20220922/UBNA_001/20220921_090000.WAV,Telephone Field,recover-20220922,001,1795
1198.6695,1198.6806,29765,37230,Eptesicus serotinus,0.013,0.027,-1,Echolocation,/mnt/ubna_data_02_mir/recover-20220922/UBNA_001/20220921_090000.WAV,Telephone Field,recover-20220922,001,1795
1198.7475,1198.7937,68437,83540,Rhinolophus ferrumequinum,0.077,0.077,-1,Echolocation,/mnt/ubna_data_02_mir/recover-20220922/UBNA_001/20220921_090000.WAV,Telephone Field,recover-20220922,001,1795
1198.8345,1198.8695,68437,81815,Rhinolophus ferrumequinum,0.022,0.022,-1,Echolocation,/mnt/ubna_data_02_mir/recover-20220922/UBNA_001/20220921_090000.WAV,Telephone Field,recover-20220922,001,1795
1198.8355,1198.8421,28046,41468,Eptesicus serotinus,0.012,0.04,-1,Echolocation,/mnt/ubna_data_02_mir/recover-20220922/UBNA_001/20220921_090000.WAV,Telephone Field,recover-20220922,001,1795
1198.9085,1198.948,68437,82639,Rhinolophus ferrumequinum,0.024,0.024,-1,Echolocation,/mnt/ubna_data_02_mir/recover-20220922/UBNA_001/20220921_090000.WAV,Telephone Field,recover-20220922,001,1795
1198.9105,1198.9177,45234,51729,Pipistrellus pipistrellus,0.019,0.025,-1,Echolocation,/mnt/ubna_data_02_mir/recover-20220922/UBNA_001/20220921_090000.WAV,Telephone Field,recover-20220922,001,1795
1198.9325,1198.9397,28046,38206,Eptesicus serotinus,0.006,0.022,-1,Echolocation,/mnt/ubna_data_02_mir/recover-20220922/UBNA_001/20220921_090000.WAV,Telephone Field,recover-20220922,001,1795
1198.9325,1198.9429,22890,29024,Nyctalus leisleri,0.01,0.026,-1,Echolocation,/mnt/ubna_data_02_mir/recover-20220922/UBNA_001/20220921_090000.WAV,Telephone Field,recover-20220922,001,1795
1198.9565,1198.9975,68437,82735,Rhinolophus ferrumequinum,0.025,0.025,-1,Echolocation,/mnt/ubna_data_02_mir/recover-20220922/UBNA_001/20220921_090000.WAV,Telephone Field,recover-20220922,001,1795
1198.9985,1199.0071,27187,39536,Eptesicus serotinus,0.01,0.026,-1,Echolocation,/mnt/ubna_data_02_mir/recover-20220922/UBNA_001/20220921_090000.WAV,Telephone Field,recover-20220922,001,1795
1198.9995,1199.0399,68437,82579,Rhinolophus ferrumequinum,0.022,0.022,-1,Echolocation,/mnt/ubna_data_02_mir/recover-20220922/UBNA_001/20220921_090000.WAV,Telephone Field,recover-20220922,001,1795
1199.0195,1199.0316,25468,31660,Eptesicus serotinus,0.011,0.027,-1,Echolocation,/mnt/ubna_data_02_mir/recover-20220922/UBNA_001/20220921_090000.WAV,Telephone Field,recover-20220922,001,1795
1199.0195,1199.0596,68437,82060,Rhinolophus ferrumequinum,0.022,0.022,-1,Echolocation,/mnt/ubna_data_02_mir/recover-20220922/UBNA_001/20220921_090000.WAV,Telephone Field,recover-20220922,001,1795
1199.0615,1199.0996,68437,82115,Rhinolophus ferrumequinum,0.025,0.025,-1,Echolocation,/mnt/ubna_data_02_mir/recover-20220922/UBNA_001/20220921_090000.WAV,Telephone Field,recover-20220922,001,1795
1199.0665,1199.0744,27187,36374,Eptesicus serotinus,0.009,0.026,-1,Echolocation,/mnt/ubna_data_02_mir/recover-20220922/UBNA_001/20220921_090000.WAV,Telephone Field,recover-20220922,001,1795
1199.1015,1199.111,54687,59431,Pipistrellus pygmaeus,0.02,0.023,-1,Echolocation,/mnt/ubna_data_02_mir/recover-20220922/UBNA_001/20220921_090000.WAV,Telephone Field,recover-20220922,001,1795
1199.1035,1199.1413,68437,81921,Rhinolophus ferrumequinum,0.022,0.023,-1,Echolocation,/mnt/ubna_data_02_mir/recover-20220922/UBNA_001/20220921_090000.WAV,Telephone Field,recover-20220922,001,1795
1199.1095,1199.1472,68437,82476,Rhinolophus ferrumequinum,0.024,0.024,-1,Echolocation,/mnt/ubna_data_02_mir/recover-20220922/UBNA_001/20220921_090000.WAV,Telephone Field,recover-20220922,001,1795
1199.1235,1199.132,30625,41929,Eptesicus serotinus,0.006,0.022,-1,Echolocation,/mnt/ubna_data_02_mir/recover-20220922/UBNA_001/20220921_090000.WAV,Telephone Field,recover-20220922,001,1795
1199.1235,1199.1613,68437,81475,Rhinolophus ferrumequinum,0.021,0.021,-1,Echolocation,/mnt/ubna_data_02_mir/recover-20220922/UBNA_001/20220921_090000.WAV,Telephone Field,recover-20220922,001,1795
1199.1425,1199.1775,68437,81109,Rhinolophus ferrumequinum,0.023,0.023,-1,Echolocation,/mnt/ubna_data_02_mir/recover-20220922/UBNA_001/20220921_090000.WAV,Telephone Field,recover-20220922,001,1795
1199.1545,1199.1618,28046,39069,Eptesicus serotinus,0.006,0.022,-1,Echolocation,/mnt/ubna_data_02_mir/recover-20220922/UBNA_001/20220921_090000.WAV,Telephone Field,recover-20220922,001,1795
1199.1855,1199.1948,26328,34864,Eptesicus serotinus,0.01,0.024,-1,Echolocation,/mnt/ubna_data_02_mir/recover-20220922/UBNA_001/20220921_090000.WAV,Telephone Field,recover-20220922,001,1795
1199.2025,1199.2421,68437,81741,Rhinolophus ferrumequinum,0.021,0.022,-1,Echolocation,/mnt/ubna_data_02_mir/recover-20220922/UBNA_001/20220921_090000.WAV,Telephone Field,recover-20220922,001,1795
1199.2095,1199.2477,68437,82357,Rhinolophus ferrumequinum,0.022,0.022,-1,Echolocation,/mnt/ubna_data_02_mir/recover-20220922/UBNA_001/20220921_090000.WAV,Telephone Field,recover-20220922,001,1795
1199.2205,1199.2612,68437,82407,Rhinolophus ferrumequinum,0.029,0.029,-1,Echolocation,/mnt/ubna_data_02_mir/recover-20220922/UBNA_001/20220921_090000.WAV,Telephone Field,recover-20220922,001,1795
1199.2345,1199.2742,68437,82168,Rhinolophus ferrumequinum,0.023,0.023,-1,Echolocation,/mnt/ubna_data_02_mir/recover-20220922/UBNA_001/20220921_090000.WAV,Telephone Field,recover-20220922,001,1795
1199.2445,1199.2828,68437,81865,Rhinolophus ferrumequinum,0.024,0.024,-1,Echolocation,/mnt/ubna_data_02_mir/recover-20220922/UBNA_001/20220921_090000.WAV,Telephone Field,recover-20220922,001,1795
1199.2505,1199.2862,68437,81761,Rhinolophus ferrumequinum,0.024,0.024,-1,Echolocation,/mnt/ubna_data_02_mir/recover-20220922/UBNA_001/20220921_090000.WAV,Telephone Field,recover-20220922,001,1795
1199.2715,1199.3126,68437,82772,Rhinolophus ferrumequinum,0.028,0.028,-1,Echolocation,/mnt/ubna_data_02_mir/recover-20220922/UBNA_001/20220921_090000.WAV,Telephone Field,recover-20220922,001,1795
1199.2775,1199.3184,68437,82555,Rhinolophus ferrumequinum,0.029,0.029,-1,Echolocation,/mnt/ubna_data_02_mir/recover-20220922/UBNA_001/20220921_090000.WAV,Telephone Field,recover-20220922,001,1795
1199.3055,1199.3156,22890,28320,Nyctalus leisleri,0.009,0.022,-1,Echolocation,/mnt/ubna_data_02_mir/recover-20220922/UBNA_001/20220921_090000.WAV,Telephone Field,recover-20220922,001,1795
1199.3535,1199.3944,68437,82517,Rhinolophus ferrumequinum,0.027,0.027,-1,Echolocation,/mnt/ubna_data_02_mir/recover-20220922/UBNA_001/20220921_090000.WAV,Telephone Field,recover-20220922,001,1795
1199.3565,1199.367,28906,34956,Eptesicus serotinus,0.031,0.055,-1,Echolocation,/mnt/ubna_data_02_mir/recover-20220922/UBNA_001/20220921_090000.WAV,Telephone Field,recover-20220922,001,1795
1199.3905,1199.4292,68437,81819,Rhinolophus ferrumequinum,0.025,0.025,-1,Echolocation,/mnt/ubna_data_02_mir/recover-20220922/UBNA_001/20220921_090000.WAV,Telephone Field,recover-20220922,001,1795
1199.4285,1199.4698,68437,82756,Rhinolophus ferrumequinum,0.025,0.025,-1,Echolocation,/mnt/ubna_data_02_mir/recover-20220922/UBNA_001/20220921_090000.WAV,Telephone Field,recover-20220922,001,1795
1199.4645,1199.5043,68437,81043,Rhinolophus ferrumequinum,0.024,0.025,-1,Echolocation,/mnt/ubna_data_02_mir/recover-20220922/UBNA_001/20220921_090000.WAV,Telephone Field,recover-20220922,001,1795
1199.4875,1199.5264,68437,82032,Rhinolophus ferrumequinum,0.022,0.022,-1,Echolocation,/mnt/ubna_data_02_mir/recover-20220922/UBNA_001/20220921_090000.WAV,Telephone Field,recover-20220922,001,1795
1199.4965,1199.5079,28906,35646,Eptesicus serotinus,0.017,0.032,-1,Echolocation,/mnt/ubna_data_02_mir/recover-20220922/UBNA_001/20220921_090000.WAV,Telephone Field,recover-20220922,001,1795
1199.5095,1199.5169,27187,37736,Eptesicus serotinus,0.009,0.027,-1,Echolocation,/mnt/ubna_data_02_mir/recover-20220922/UBNA_001/20220921_090000.WAV,Telephone Field,recover-20220922,001,1795
1199.5225,1199.53,28046,39603,Eptesicus serotinus,0.009,0.026,-1,Echolocation,/mnt/ubna_data_02_mir/recover-20220922/UBNA_001/20220921_090000.WAV,Telephone Field,recover-20220922,001,1795
1199.5565,1199.5988,68437,83135,Rhinolophus ferrumequinum,0.025,0.025,-1,Echolocation,/mnt/ubna_data_02_mir/recover-20220922/UBNA_001/20220921_090000.WAV,Telephone Field,recover-20220922,001,1795
1199.6035,1199.6443,68437,82155,Rhinolophus ferrumequinum,0.027,0.027,-1,Echolocation,/mnt/ubna_data_02_mir/recover-20220922/UBNA_001/20220921_090000.WAV,Telephone Field,recover-20220922,001,1795
1199.6415,1199.6524,23750,29568,Nyctalus leisleri,0.011,0.027,-1,Echolocation,/mnt/ubna_data_02_mir/recover-20220922/UBNA_001/20220921_090000.WAV,Telephone Field,recover-20220922,001,1795
1199.6575,1199.6675,29765,37394,Eptesicus serotinus,0.012,0.025,-1,Echolocation,/mnt/ubna_data_02_mir/recover-20220922/UBNA_001/20220921_090000.WAV,Telephone Field,recover-20220922,001,1795
1199.6935,1199.7305,68437,81058,Rhinolophus ferrumequinum,0.023,0.023,-1,Echolocation,/mnt/ubna_data_02_mir/recover-20220922/UBNA_001/20220921_090000.WAV,Telephone Field,recover-20220922,001,1795
1199.7265,1199.765,68437,82219,Rhinolophus ferrumequinum,0.021,0.021,-1,Echolocation,/mnt/ubna_data_02_mir/recover-20220922/UBNA_001/20220921_090000.WAV,Telephone Field,recover-20220922,001,1795
1199.7305,1199.7386,26328,36242,Eptesicus serotinus,0.011,0.03,-1,Echolocation,/mnt/ubna_data_02_mir/recover-20220922/UBNA_001/20220921_090000.WAV,Telephone Field,recover-20220922,001,1795
1199.7525,1199.7923,68437,82309,Rhinolophus ferrumequinum,0.025,0.025,-1,Echolocation,/mnt/ubna_data_02_mir/recover-20220922/UBNA_001/20220921_090000.WAV,Telephone Field,recover-20220922,001,1795
1199.7525,1199.7603,28906,38177,Eptesicus serotinus,0.008,0.023,-1,Echolocation,/mnt/ubna_data_02_mir/recover-20220922/UBNA_001/20220921_090000.WAV,Telephone Field,recover-20220922,001,1795
1199.7615,1199.799,68437,81301,Rhinolophus ferrumequinum,0.023,0.023,-1,Echolocation,/mnt/ubna_data_02_mir/recover-20220922/UBNA_001/20220921_090000.WAV,Telephone Field,recover-20220922,001,1795
1199.7635,1199.7844,19453,22515,Nyctalus leisleri,0.01,0.022,-1,Echolocation,/mnt/ubna_data_02_mir/recover-20220922/UBNA_001/20220921_090000.WAV,Telephone Field,recover-20220922,001,1795
1199.8425,1199.8811,68437,81794,Rhinolophus ferrumequinum,0.022,0.022,-1,Echolocation,/mnt/ubna_data_02_mir/recover-20220922/UBNA_001/20220921_090000.WAV,Telephone Field,recover-20220922,001,1795
1199.8435,1199.8545,28906,35578,Eptesicus serotinus,0.016,0.03,-1,Echolocation,/mnt/ubna_data_02_mir/recover-20220922/UBNA_001/20220921_090000.WAV,Telephone Field,recover-20220922,001,1795
1199.8735,1199.9139,68437,82128,Rhinolophus ferrumequinum,0.023,0.023,-1,Echolocation,/mnt/ubna_data_02_mir/recover-20220922/UBNA_001/20220921_090000.WAV,Telephone Field,recover-20220922,001,1795
1199.8865,1199.9245,68437,81808,Rhinolophus ferrumequinum,0.021,0.021,-1,Echolocation,/mnt/ubna_data_02_mir/recover-20220922/UBNA_001/20220921_090000.WAV,Telephone Field,recover-20220922,001,1795
1199.9135,1199.9535,68437,82619,Rhinolophus ferrumequinum,0.023,0.023,-1,Echolocation,/mnt/ubna_data_02_mir/recover-20220922/UBNA_001/20220921_090000.WAV,Telephone Field,recover-20220922,001,1795
1199.9235,1199.9341,23750,29952,Nyctalus leisleri,0.009,0.023,-1,Echolocation,/mnt/ubna_data_02_mir/recover-20220922/UBNA_001/20220921_090000.WAV,Telephone Field,recover-20220922,001,1795
1199.9475,1199.9883,68437,82724,Rhinolophus ferrumequinum,0.031,0.031,-1,Echolocation,/mnt/ubna_data_02_mir/recover-20220922/UBNA_001/20220921_090000.WAV,Telephone Field,recover-20220922,001,1795
1199.9545,1199.9627,28046,37959,Eptesicus serotinus,0.008,0.021,-1,Echolocation,/mnt/ubna_data_02_mir/recover-20220922/UBNA_001/20220921_090000.WAV,Telephone Field,recover-20220922,001,1795
1200.0015,1200.009,23750,33432,Plecotus austriacus,0.008,0.03,-1,Echolocation,/mnt/ubna_data_02_mir/recover-20220922/UBNA_001/20220921_090000.WAV,Telephone Field,recover-20220922,001,1795
1200.0015,1200.0389,68437,80450,Rhinolophus ferrumequinum,0.036,0.037,-1,Echolocation,/mnt/ubna_data_02_mir/recover-20220922/UBNA_001/20220921_090000.WAV,Telephone Field,recover-20220922,001,1795
1200.0075,1200.0518,68437,82244,Rhinolophus ferrumequinum,0.022,0.022,-1,Echolocation,/mnt/ubna_data_02_mir/recover-20220922/UBNA_001/20220921_090000.WAV,Telephone Field,recover-20220922,001,1795
1200.0305,1200.0696,68437,82444,Rhinolophus ferrumequinum,0.022,0.022,-1,Echolocation,/mnt/ubna_data_02_mir/recover-20220922/UBNA_001/20220921_090000.WAV,Telephone Field,recover-20220922,001,1795
1200.0415,1200.0803,68437,81633,Rhinolophus ferrumequinum,0.02,0.02,-1,Echolocation,/mnt/ubna_data_02_mir/recover-20220922/UBNA_001/20220921_090000.WAV,Telephone Field,recover-20220922,001,1795
1200.0695,1200.1108,68437,82707,Rhinolophus ferrumequinum,0.02,0.02,-1,Echolocation,/mnt/ubna_data_02_mir/recover-20220922/UBNA_001/20220921_090000.WAV,Telephone Field,recover-20220922,001,1795
1200.0945,1200.1025,46953,51726,Pipistrellus pipistrellus,0.021,0.023,-1,Echolocation,/mnt/ubna_data_02_mir/recover-20220922/UBNA_001/20220921_090000.WAV,Telephone Field,recover-20220922,001,1795
1200.1255,1200.1655,68437,82489,Rhinolophus ferrumequinum,0.021,0.021,-1,Echolocation,/mnt/ubna_data_02_mir/recover-20220922/UBNA_001/20220921_090000.WAV,Telephone Field,recover-20220922,001,1795
1200.1335,1200.1723,68437,82187,Rhinolophus ferrumequinum,0.02,0.021,-1,Echolocation,/mnt/ubna_data_02_mir/recover-20220922/UBNA_001/20220921_090000.WAV,Telephone Field,recover-20220922,001,1795
1200.1505,1200.1584,27187,40043,Eptesicus serotinus,0.007,0.021,-1,Echolocation,/mnt/ubna_data_02_mir/recover-20220922/UBNA_001/20220921_090000.WAV,Telephone Field,recover-20220922,001,1795
1200.2035,1200.2389,68437,81058,Rhinolophus ferrumequinum,0.026,0.026,-1,Echolocation,/mnt/ubna_data_02_mir/recover-20220922/UBNA_001/20220921_090000.WAV,Telephone Field,recover-20220922,001,1795
1200.2155,1200.2223,47812,53426,Pipistrellus pipistrellus,0.033,0.035,-1,Echolocation,/mnt/ubna_data_02_mir/recover-20220922/UBNA_001/20220921_090000.WAV,Telephone Field,recover-20220922,001,1795
1200.2265,1200.234,26328,35638,Eptesicus serotinus,0.006,0.02,-1,Echolocation,/mnt/ubna_data_02_mir/recover-20220922/UBNA_001/20220921_090000.WAV,Telephone Field,recover-20220922,001,1795
1200.2415,1200.2741,68437,80875,Rhinolophus ferrumequinum,0.02,0.02,-1,Echolocation,/mnt/ubna_data_02_mir/recover-20220922/UBNA_001/20220921_090000.WAV,Telephone Field,recover-20220922,001,1795
1200.2675,1200.2761,23750,31545,Plecotus austriacus,0.006,0.022,-1,Echolocation,/mnt/ubna_data_02_mir/recover-20220922/UBNA_001/20220921_090000.WAV,Telephone Field,recover-20220922,001,1795
1200.2945,1200.3048,28906,36612,Eptesicus serotinus,0.009,0.021,-1,Echolocation,/mnt/ubna_data_02_mir/recover-20220922/UBNA_001/20220921_090000.WAV,Telephone Field,recover-20220922,001,1795
1200.3355,1200.3774,68437,82658,Rhinolophus ferrumequinum,0.023,0.023,-1,Echolocation,/mnt/ubna_data_02_mir/recover-20220922/UBNA_001/20220921_090000.WAV,Telephone Field,recover-20220922,001,1795
1200.3665,1200.4073,68437,82633,Rhinolophus ferrumequinum,0.022,0.022,-1,Echolocation,/mnt/ubna_data_02_mir/recover-20220922/UBNA_001/20220921_090000.WAV,Telephone Field,recover-20220922,001,1795
1200.3835,1200.4203,68437,81650,Rhinolophus ferrumequinum,0.02,0.02,-1,Echolocation,/mnt/ubna_data_02_mir/recover-20220922/UBNA_001/20220921_090000.WAV,Telephone Field,recover-20220922,001,1795
1200.3995,1200.4366,68437,81519,Rhinolophus ferrumequinum,0.02,0.02,-1,Echolocation,/mnt/ubna_data_02_mir/recover-20220922/UBNA_001/20220921_090000.WAV,Telephone Field,recover-20220922,001,1795
1200.4075,1200.4463,68437,81734,Rhinolophus ferrumequinum,0.02,0.02,-1,Echolocation,/mnt/ubna_data_02_mir/recover-20220922/UBNA_001/20220921_090000.WAV,Telephone Field,recover-20220922,001,1795
1200.4875,1200.4947,28046,42903,Eptesicus serotinus,0.007,0.024,-1,Echolocation,/mnt/ubna_data_02_mir/recover-20220922/UBNA_001/20220921_090000.WAV,Telephone Field,recover-20220922,001,1795
1200.5015,1200.5421,68437,82642,Rhinolophus ferrumequinum,0.021,0.021,-1,Echolocation,/mnt/ubna_data_02_mir/recover-20220922/UBNA_001/20220921_090000.WAV,Telephone Field,recover-20220922,001,1795
1200.5035,1200.511,28046,40777,Eptesicus serotinus,0.007,0.023,-1,Echolocation,/mnt/ubna_data_02_mir/recover-20220922/UBNA_001/20220921_090000.WAV,Telephone Field,recover-20220922,001,1795
1200.5205,1200.5578,68437,82339,Rhinolophus ferrumequinum,0.021,0.021,-1,Echolocation,/mnt/ubna_data_02_mir/recover-20220922/UBNA_001/20220921_090000.WAV,Telephone Field,recover-20220922,001,1795
1200.5345,1200.5443,23750,31233,Nyctalus leisleri,0.007,0.022,-1,Echolocation,/mnt/ubna_data_02_mir/recover-20220922/UBNA_001/20220921_090000.WAV,Telephone Field,recover-20220922,001,1795
1200.5365,1200.5747,68437,81662,Rhinolophus ferrumequinum,0.022,0.022,-1,Echolocation,/mnt/ubna_data_02_mir/recover-20220922/UBNA_001/20220921_090000.WAV,Telephone Field,recover-20220922,001,1795
1200.5805,1200.6201,68437,82663,Rhinolophus ferrumequinum,0.026,0.026,-1,Echolocation,/mnt/ubna_data_02_mir/recover-20220922/UBNA_001/20220921_090000.WAV,Telephone Field,recover-20220922,001,1795
1200.5825,1200.5918,27187,36786,Eptesicus serotinus,0.008,0.021,-1,Echolocation,/mnt/ubna_data_02_mir/recover-20220922/UBNA_001/20220921_090000.WAV,Telephone Field,recover-20220922,001,1795
1200.6225,1200.6311,28046,38492,Eptesicus serotinus,0.009,0.023,-1,Echolocation,/mnt/ubna_data_02_mir/recover-20220922/UBNA_001/20220921_090000.WAV,Telephone Field,recover-20220922,001,1795
1200.6365,1200.6747,68437,82309,Rhinolophus ferrumequinum,0.023,0.023,-1,Echolocation,/mnt/ubna_data_02_mir/recover-20220922/UBNA_001/20220921_090000.WAV,Telephone Field,recover-20220922,001,1795
1200.6965,1200.7071,28906,35612,Eptesicus serotinus,0.014,0.027,-1,Echolocation,/mnt/ubna_data_02_mir/recover-20220922/UBNA_001/20220921_090000.WAV,Telephone Field,recover-20220922,001,1795
1200.7045,1200.7427,68437,81776,Rhinolophus ferrumequinum,0.022,0.022,-1,Echolocation,/mnt/ubna_data_02_mir/recover-20220922/UBNA_001/20220921_090000.WAV,Telephone Field,recover-20220922,001,1795
1200.7115,1200.7502,68437,82516,Rhinolophus ferrumequinum,0.021,0.021,-1,Echolocation,/mnt/ubna_data_02_mir/recover-20220922/UBNA_001/20220921_090000.WAV,Telephone Field,recover-20220922,001,1795
1200.7265,1200.7658,68437,82746,Rhinolophus ferrumequinum,0.021,0.021,-1,Echolocation,/mnt/ubna_data_02_mir/recover-20220922/UBNA_001/20220921_090000.WAV,Telephone Field,recover-20220922,001,1795
1200.7375,1200.7478,23750,29733,Nyctalus leisleri,0.009,0.021,-1,Echolocation,/mnt/ubna_data_02_mir/recover-20220922/UBNA_001/20220921_090000.WAV,Telephone Field,recover-20220922,001,1795
1200.7775,1200.8168,68437,82517,Rhinolophus ferrumequinum,0.023,0.023,-1,Echolocation,/mnt/ubna_data_02_mir/recover-20220922/UBNA_001/20220921_090000.WAV,Telephone Field,recover-20220922,001,1795
1200.7805,1200.7877,25468,35696,Plecotus austriacus,0.01,0.03,-1,Echolocation,/mnt/ubna_data_02_mir/recover-20220922/UBNA_001/20220921_090000.WAV,Telephone Field,recover-20220922,001,1795
1200.8055,1200.8457,68437,82501,Rhinolophus ferrumequinum,0.024,0.024,-1,Echolocation,/mnt/ubna_data_02_mir/recover-20220922/UBNA_001/20220921_090000.WAV,Telephone Field,recover-20220922,001,1795
1200.8125,1200.8206,43515,50579,Pipistrellus pipistrellus,0.015,0.021,-1,Echolocation,/mnt/ubna_data_02_mir/recover-20220922/UBNA_001/20220921_090000.WAV,Telephone Field,recover-20220922,001,1795
1200.8695,1200.909,68437,81611,Rhinolophus ferrumequinum,0.022,0.022,-1,Echolocation,/mnt/ubna_data_02_mir/recover-20220922/UBNA_001/20220921_090000.WAV,Telephone Field,recover-20220922,001,1795
1200.8745,1200.8853,22890,27783,Nyctalus leisleri,0.01,0.022,-1,Echolocation,/mnt/ubna_data_02_mir/recover-20220922/UBNA_001/20220921_090000.WAV,Telephone Field,recover-20220922,001,1795
1200.8895,1200.8977,26328,36554,Eptesicus serotinus,0.008,0.021,-1,Echolocation,/mnt/ubna_data_02_mir/recover-20220922/UBNA_001/20220921_090000.WAV,Telephone Field,recover-20220922,001,1795
1200.9205,1200.932,25468,31117,Nyctalus leisleri,0.012,0.03,-1,Echolocation,/mnt/ubna_data_02_mir/recover-20220922/UBNA_001/20220921_090000.WAV,Telephone Field,recover-20220922,001,1795
1200.9405,1200.9793,68437,82099,Rhinolophus ferrumequinum,0.021,0.021,-1,Echolocation,/mnt/ubna_data_02_mir/recover-20220922/UBNA_001/20220921_090000.WAV,Telephone Field,recover-20220922,001,1795
1200.9765,1201.0203,68437,83591,Rhinolophus ferrumequinum,0.027,0.027,-1,Echolocation,/mnt/ubna_data_02_mir/recover-20220922/UBNA_001/20220921_090000.WAV,Telephone Field,recover-20220922,001,1795
1201.0015,1201.0444,68437,82960,Rhinolophus ferrumequinum,0.031,0.031,-1,Echolocation,/mnt/ubna_data_02_mir/recover-20220922/UBNA_001/20220921_090000.WAV,Telephone Field,recover-20220922,001,1795
1201.0305,1201.0391,27187,38658,Eptesicus serotinus,0.009,0.022,-1,Echolocation,/mnt/ubna_data_02_mir/recover-20220922/UBNA_001/20220921_090000.WAV,Telephone Field,recover-20220922,001,1795
1201.0795,1201.1183,68437,81700,Rhinolophus ferrumequinum,0.021,0.021,-1,Echolocation,/mnt/ubna_data_02_mir/recover-20220922/UBNA_001/20220921_090000.WAV,Telephone Field,recover-20220922,001,1795
1201.1365,1201.1774,68437,81880,Rhinolophus ferrumequinum,0.021,0.021,-1,Echolocation,/mnt/ubna_data_02_mir/recover-20220922/UBNA_001/20220921_090000.WAV,Telephone Field,recover-20220922,001,1795
1201.1425,1201.1531,22890,28234,Nyctalus leisleri,0.011,0.024,-1,Echolocation,/mnt/ubna_data_02_mir/recover-20220922/UBNA_001/20220921_090000.WAV,Telephone Field,recover-20220922,001,1795
1201.1435,1201.1842,68437,82284,Rhinolophus ferrumequinum,0.021,0.021,-1,Echolocation,/mnt/ubna_data_02_mir/recover-20220922/UBNA_001/20220921_090000.WAV,Telephone Field,recover-20220922,001,1795
1201.1685,1201.175,28906,40537,Eptesicus serotinus,0.009,0.03,-1,Echolocation,/mnt/ubna_data_02_mir/recover-20220922/UBNA_001/20220921_090000.WAV,Telephone Field,recover-20220922,001,1795
1201.1925,1201.2042,26328,31482,Eptesicus serotinus,0.029,0.061,-1,Echolocation,/mnt/ubna_data_02_mir/recover-20220922/UBNA_001/20220921_090000.WAV,Telephone Field,recover-20220922,001,1795
1201.1975,1201.2383,68437,82931,Rhinolophus ferrumequinum,0.032,0.032,-1,Echolocation,/mnt/ubna_data_02_mir/recover-20220922/UBNA_001/20220921_090000.WAV,Telephone Field,recover-20220922,001,1795
1201.2345,1201.2739,68437,81993,Rhinolophus ferrumequinum,0.021,0.021,-1,Echolocation,/mnt/ubna_data_02_mir/recover-20220922/UBNA_001/20220921_090000.WAV,Telephone Field,recover-20220922,001,1795
1201.2605,1201.3003,68437,82676,Rhinolophus ferrumequinum,0.02,0.02,-1,Echolocation,/mnt/ubna_data_02_mir/recover-20220922/UBNA_001/20220921_090000.WAV,Telephone Field,recover-20220922,001,1795
1201.2955,1201.3343,68437,81954,Rhinolophus ferrumequinum,0.02,0.02,-1,Echolocation,/mnt/ubna_data_02_mir/recover-20220922/UBNA_001/20220921_090000.WAV,Telephone Field,recover-20220922,001,1795
1201.3595,1201.3991,68437,82372,Rhinolophus ferrumequinum,0.02,0.02,-1,Echolocation,/mnt/ubna_data_02_mir/recover-20220922/UBNA_001/20220921_090000.WAV,Telephone Field,recover-20220922,001,1795
1201.3635,1201.3736,22031,27055,Nyctalus leisleri,0.009,0.02,-1,Echolocation,/mnt/ubna_data_02_mir/recover-20220922/UBNA_001/20220921_090000.WAV,Telephone Field,recover-20220922,001,1795
1201.3795,1201.3895,25468,32601,Eptesicus serotinus,0.009,0.02,-1,Echolocation,/mnt/ubna_data_02_mir/recover-20220922/UBNA_001/20220921_090000.WAV,Telephone Field,recover-20220922,001,1795
1201.3885,1201.3987,22031,26754,Nyctalus leisleri,0.009,0.021,-1,Echolocation,/mnt/ubna_data_02_mir/recover-20220922/UBNA_001/20220921_090000.WAV,Telephone Field,recover-20220922,001,1795
1201.3945,1201.4332,68437,81882,Rhinolophus ferrumequinum,0.023,0.023,-1,Echolocation,/mnt/ubna_data_02_mir/recover-20220922/UBNA_001/20220921_090000.WAV,Telephone Field,recover-20220922,001,1795
1201.4025,1201.4121,28046,36814,Eptesicus serotinus,0.013,0.027,-1,Echolocation,/mnt/ubna_data_02_mir/recover-20220922/UBNA_001/20220921_090000.WAV,Telephone Field,recover-20220922,001,1795
1201.4455,1201.4808,68437,80384,Rhinolophus ferrumequinum,0.02,0.021,-1,Echolocation,/mnt/ubna_data_02_mir/recover-20220922/UBNA_001/20220921_090000.WAV,Telephone Field,recover-20220922,001,1795
1201.4895,1201.5262,68437,81919,Rhinolophus ferrumequinum,0.02,0.02,-1,Echolocation,/mnt/ubna_data_02_mir/recover-20220922/UBNA_001/20220921_090000.WAV,Telephone Field,recover-20220922,001,1795
1201.4955,1201.5042,24609,32963,Eptesicus serotinus,0.007,0.02,-1,Echolocation,/mnt/ubna_data_02_mir/recover-20220922/UBNA_001/20220921_090000.WAV,Telephone Field,recover-20220922,001,1795
1201.5135,1201.5232,27187,37839,Eptesicus serotinus,0.009,0.021,-1,Echolocation,/mnt/ubna_data_02_mir/recover-20220922/UBNA_001/20220921_090000.WAV,Telephone Field,recover-20220922,001,1795
1201.5175,1201.5571,68437,82184,Rhinolophus ferrumequinum,0.021,0.021,-1,Echolocation,/mnt/ubna_data_02_mir/recover-20220922/UBNA_001/20220921_090000.WAV,Telephone Field,recover-20220922,001,1795
1201.5755,1201.618,68437,83010,Rhinolophus ferrumequinum,0.03,0.03,-1,Echolocation,/mnt/ubna_data_02_mir/recover-20220922/UBNA_001/20220921_090000.WAV,Telephone Field,recover-20220922,001,1795
1201.5875,1201.5947,28046,40989,Eptesicus serotinus,0.008,0.026,-1,Echolocation,/mnt/ubna_data_02_mir/recover-20220922/UBNA_001/20220921_090000.WAV,Telephone Field,recover-20220922,001,1795
1201.6145,1201.6543,68437,81690,Rhinolophus ferrumequinum,0.023,0.023,-1,Echolocation,/mnt/ubna_data_02_mir/recover-20220922/UBNA_001/20220921_090000.WAV,Telephone Field,recover-20220922,001,1795
1201.6215,1201.6582,68437,81336,Rhinolophus ferrumequinum,0.022,0.022,-1,Echolocation,/mnt/ubna_data_02_mir/recover-20220922/UBNA_001/20220921_090000.WAV,Telephone Field,recover-20220922,001,1795
1201.6575,1201.6975,68437,82159,Rhinolophus ferrumequinum,0.02,0.02,-1,Echolocation,/mnt/ubna_data_02_mir/recover-20220922/UBNA_001/20220921_090000.WAV,Telephone Field,recover-20220922,001,1795
1201.6725,1201.7112,68437,82060,Rhinolophus ferrumequinum,0.021,0.021,-1,Echolocation,/mnt/ubna_data_02_mir/recover-20220922/UBNA_001/20220921_090000.WAV,Telephone Field,recover-20220922,001,1795
1201.7005,1201.7101,27187,35621,Eptesicus serotinus,0.009,0.02,-1,Echolocation,/mnt/ubna_data_02_mir/recover-20220922/UBNA_001/20220921_090000.WAV,Telephone Field,recover-20220922,001,1795
1201.7095,1201.755,68437,83843,Rhinolophus ferrumequinum,0.04,0.04,-1,Echolocation,/mnt/ubna_data_02_mir/recover-20220922/UBNA_001/20220921_090000.WAV,Telephone Field,recover-20220922,001,1795
1201.7705,1201.8123,68437,82850,Rhinolophus ferrumequinum,0.029,0.029,-1,Echolocation,/mnt/ubna_data_02_mir/recover-20220922/UBNA_001/20220921_090000.WAV,Telephone Field,recover-20220922,001,1795
1201.8175,1201.8548,68437,81181,Rhinolophus ferrumequinum,0.037,0.037,-1,Echolocation,/mnt/ubna_data_02_mir/recover-20220922/UBNA_001/20220921_090000.WAV,Telephone Field,recover-20220922,001,1795
1201.8215,1201.8299,28046,38123,Eptesicus serotinus,0.007,0.022,-1,Echolocation,/mnt/ubna_data_02_mir/recover-20220922/UBNA_001/20220921_090000.WAV,Telephone Field,recover-20220922,001,1795
1201.8505,1201.8926,68437,83159,Rhinolophus ferrumequinum,0.036,0.036,-1,Echolocation,/mnt/ubna_data_02_mir/recover-20220922/UBNA_001/20220921_090000.WAV,Telephone Field,recover-20220922,001,1795
1201.9435,1201.9826,68437,82890,Rhinolophus ferrumequinum,0.029,0.029,-1,Echolocation,/mnt/ubna_data_02_mir/recover-20220922/UBNA_001/20220921_090000.WAV,Telephone Field,recover-20220922,001,1795
1201.9465,1201.9545,27187,38782,Eptesicus serotinus,0.008,0.021,-1,Echolocation,/mnt/ubna_data_02_mir/recover-20220922/UBNA_001/20220921_090000.WAV,Telephone Field,recover-20220922,001,1795
1201.9715,1201.9784,23750,32504,Plecotus austriacus,0.013,0.027,-1,Echolocation,/mnt/ubna_data_02_mir/recover-20220922/UBNA_001/20220921_090000.WAV,Telephone Field,recover-20220922,001,1795
1202.0015,1202.0105,22031,28768,Nyctalus leisleri,0.01,0.028,-1,Echolocation,/mnt/ubna_data_02_mir/recover-20220922/UBNA_001/20220921_090000.WAV,Telephone Field,recover-20220922,001,1795
1202.0015,1202.0331,68437,80504,Rhinolophus ferrumequinum,0.041,0.041,-1,Echolocation,/mnt/ubna_data_02_mir/recover-20220922/UBNA_001/20220921_090000.WAV,Telephone Field,recover-20220922,001,1795
1202.0035,1202.0102,52968,57481,Pipistrellus pygmaeus,0.019,0.023,-1,Echolocation,/mnt/ubna_data_02_mir/recover-20220922/UBNA_001/20220921_090000.WAV,Telephone Field,recover-20220922,001,1795
1202.0115,1202.056,68437,82701,Rhinolophus ferrumequinum,0.031,0.031,-1,Echolocation,/mnt/ubna_data_02_mir/recover-20220922/UBNA_001/20220921_090000.WAV,Telephone Field,recover-20220922,001,1795
1202.0455,1202.0811,68437,81660,Rhinolophus ferrumequinum,0.027,0.027,-1,Echolocation,/mnt/ubna_data_02_mir/recover-20220922/UBNA_001/20220921_090000.WAV,Telephone Field,recover-20220922,001,1795
1202.0635,1202.1023,68437,82560,Rhinolophus ferrumequinum,0.023,0.023,-1,Echolocation,/mnt/ubna_data_02_mir/recover-20220922/UBNA_001/20220921_090000.WAV,Telephone Field,recover-20220922,001,1795
1202.0865,1202.0932,27187,41689,Eptesicus serotinus,0.007,0.025,-1,Echolocation,/mnt/ubna_data_02_mir/recover-20220922/UBNA_001/20220921_090000.WAV,Telephone Field,recover-20220922,001,1795
1202.0975,1202.1354,68437,81839,Rhinolophus ferrumequinum,0.021,0.021,-1,Echolocation,/mnt/ubna_data_02_mir/recover-20220922/UBNA_001/20220921_090000.WAV,Telephone Field,recover-20220922,001,1795
1202.1085,1202.1481,68437,82253,Rhinolophus ferrumequinum,0.024,0.024,-1,Echolocation,/mnt/ubna_data_02_mir/recover-20220922/UBNA_001/20220921_090000.WAV,Telephone Field,recover-20220922,001,1795
1202.1195,1202.1582,68437,81680,Rhinolophus ferrumequinum,0.021,0.021,-1,Echolocation,/mnt/ubna_data_02_mir/recover-20220922/UBNA_001/20220921_090000.WAV,Telephone Field,recover-20220922,001,1795
1202.1275,1202.1659,68437,82319,Rhinolophus ferrumequinum,0.024,0.024,-1,Echolocation,/mnt/ubna_data_02_mir/recover-20220922/UBNA_001/20220921_090000.WAV,Telephone Field,recover-20220922,001,1795
1202.1335,1202.1737,68437,82335,Rhinolophus ferrumequinum,0.025,0.025,-1,Echolocation,/mnt/ubna_data_02_mir/recover-20220922/UBNA_001/20220921_090000.WAV,Telephone Field,recover-20220922,001,1795
1202.1635,1202.2038,68437,82419,Rhinolophus ferrumequinum,0.022,0.022,-1,Echolocation,/mnt/ubna_data_02_mir/recover-20220922/UBNA_001/20220921_090000.WAV,Telephone Field,recover-20220922,001,1795
1202.1745,1202.1818,26328,35677,Eptesicus serotinus,0.008,0.026,-1,Echolocation,/mnt/ubna_data_02_mir/recover-20220922/UBNA_001/20220921_090000.WAV,Telephone Field,recover-20220922,001,1795
1202.2095,1202.2484,68437,82277,Rhinolophus ferrumequinum,0.024,0.024,-1,Echolocation,/mnt/ubna_data_02_mir/recover-20220922/UBNA_001/20220921_090000.WAV,Telephone Field,recover-20220922,001,1795
1202.2195,1202.2579,68437,81654,Rhinolophus ferrumequinum,0.025,0.025,-1,Echolocation,/mnt/ubna_data_02_mir/recover-20220922/UBNA_001/20220921_090000.WAV,Telephone Field,recover-20220922,001,1795
1202.2295,1202.2395,27187,34935,Eptesicus serotinus,0.01,0.022,-1,Echolocation,/mnt/ubna_data_02_mir/recover-20220922/UBNA_001/20220921_090000.WAV,Telephone Field,recover-20220922,001,1795
1202.2655,1202.3038,68437,82486,Rhinolophus ferrumequinum,0.026,0.026,-1,Echolocation,/mnt/ubna_data_02_mir/recover-20220922/UBNA_001/20220921_090000.WAV,Telephone Field,recover-20220922,001,1795
1202.2795,1202.3181,68437,82097,Rhinolophus ferrumequinum,0.022,0.022,-1,Echolocation,/mnt/ubna_data_02_mir/recover-20220922/UBNA_001/20220921_090000.WAV,Telephone Field,recover-20220922,001,1795
1202.2925,1202.3312,68437,82372,Rhinolophus ferrumequinum,0.022,0.022,-1,Echolocation,/mnt/ubna_data_02_mir/recover-20220922/UBNA_001/20220921_090000.WAV,Telephone Field,recover-20220922,001,1795
1202.3015,1202.3389,68437,82032,Rhinolophus ferrumequinum,0.023,0.023,-1,Echolocation,/mnt/ubna_data_02_mir/recover-20220922/UBNA_001/20220921_090000.WAV,Telephone Field,recover-20220922,001,1795
1202.3465,1202.3572,43515,47976,Pipistrellus pipistrellus,0.014,0.023,-1,Echolocation,/mnt/ubna_data_02_mir/recover-20220922/UBNA_001/20220921_090000.WAV,Telephone Field,recover-20220922,001,1795
1202.3465,1202.3883,68437,82691,Rhinolophus ferrumequinum,0.034,0.034,-1,Echolocation,/mnt/ubna_data_02_mir/recover-20220922/UBNA_001/20220921_090000.WAV,Telephone Field,recover-20220922,001,1795
1202.3735,1202.411,68437,81435,Rhinolophus ferrumequinum,0.022,0.022,-1,Echolocation,/mnt/ubna_data_02_mir/recover-20220922/UBNA_001/20220921_090000.WAV,Telephone Field,recover-20220922,001,1795
1202.4035,1202.4456,68437,82602,Rhinolophus ferrumequinum,0.026,0.026,-1,Echolocation,/mnt/ubna_data_02_mir/recover-20220922/UBNA_001/20220921_090000.WAV,Telephone Field,recover-20220922,001,1795
1202.4325,1202.4721,68437,82440,Rhinolophus ferrumequinum,0.026,0.026,-1,Echolocation,/mnt/ubna_data_02_mir/recover-20220922/UBNA_001/20220921_090000.WAV,Telephone Field,recover-20220922,001,1795
1202.4415,1202.4837,68437,82964,Rhinolophus ferrumequinum,0.031,0.031,-1,Echolocation,/mnt/ubna_data_02_mir/recover-20220922/UBNA_001/20220921_090000.WAV,Telephone Field,recover-20220922,001,1795
1202.4555,1202.4634,28906,37909,Eptesicus serotinus,0.008,0.023,-1,Echolocation,/mnt/ubna_data_02_mir/recover-20220922/UBNA_001/20220921_090000.WAV,Telephone Field,recover-20220922,001,1795
1202.4815,1202.4919,23750,30392,Nyctalus leisleri,0.009,0.023,-1,Echolocation,/mnt/ubna_data_02_mir/recover-20220922/UBNA_001/20220921_090000.WAV,Telephone Field,recover-20220922,001,1795
1202.4875,1202.496,26328,34088,Eptesicus serotinus,0.008,0.023,-1,Echolocation,/mnt/ubna_data_02_mir/recover-20220922/UBNA_001/20220921_090000.WAV,Telephone Field,recover-20220922,001,1795
1202.4895,1202.5308,68437,82753,Rhinolophus ferrumequinum,0.028,0.028,-1,Echolocation,/mnt/ubna_data_02_mir/recover-20220922/UBNA_001/20220921_090000.WAV,Telephone Field,recover-20220922,001,1795
1202.5115,1202.5511,68437,82563,Rhinolophus ferrumequinum,0.022,0.022,-1,Echolocation,/mnt/ubna_data_02_mir/recover-20220922/UBNA_001/20220921_090000.WAV,Telephone Field,recover-20220922,001,1795
1202.5515,1202.5614,23750,30725,Nyctalus leisleri,0.007,0.024,-1,Echolocation,/mnt/ubna_data_02_mir/recover-20220922/UBNA_001/20220921_090000.WAV,Telephone Field,recover-20220922,001,1795
1202.5525,1202.587,68437,80891,Rhinolophus ferrumequinum,0.021,0.021,-1,Echolocation,/mnt/ubna_data_02_mir/recover-20220922/UBNA_001/20220921_090000.WAV,Telephone Field,recover-20220922,001,1795
1202.5785,1202.618,68437,81215,Rhinolophus ferrumequinum,0.025,0.025,-1,Echolocation,/mnt/ubna_data_02_mir/recover-20220922/UBNA_001/20220921_090000.WAV,Telephone Field,recover-20220922,001,1795
1202.5895,1202.5973,22890,31141,Plecotus austriacus,0.009,0.022,-1,Echolocation,/mnt/ubna_data_02_mir/recover-20220922/UBNA_001/20220921_090000.WAV,Telephone Field,recover-20220922,001,1795
1202.6195,1202.6313,23750,29211,Nyctalus leisleri,0.014,0.029,-1,Echolocation,/mnt/ubna_data_02_mir/recover-20220922/UBNA_001/20220921_090000.WAV,Telephone Field,recover-20220922,001,1795
1202.6305,1202.6739,68437,83341,Rhinolophus ferrumequinum,0.047,0.047,-1,Echolocation,/mnt/ubna_data_02_mir/recover-20220922/UBNA_001/20220921_090000.WAV,Telephone Field,recover-20220922,001,1795
1202.6925,1202.7283,68437,81184,Rhinolophus ferrumequinum,0.023,0.023,-1,Echolocation,/mnt/ubna_data_02_mir/recover-20220922/UBNA_001/20220921_090000.WAV,Telephone Field,recover-20220922,001,1795
1202.6995,1202.7358,68437,82084,Rhinolophus ferrumequinum,0.024,0.024,-1,Echolocation,/mnt/ubna_data_02_mir/recover-20220922/UBNA_001/20220921_090000.WAV,Telephone Field,recover-20220922,001,1795
1202.7075,1202.745,68437,81720,Rhinolophus ferrumequinum,0.024,0.024,-1,Echolocation,/mnt/ubna_data_02_mir/recover-20220922/UBNA_001/20220921_090000.WAV,Telephone Field,recover-20220922,001,1795
1202.7165,1202.7272,24609,30659,Nyctalus leisleri,0.01,0.025,-1,Echolocation,/mnt/ubna_data_02_mir/recover-20220922/UBNA_001/20220921_090000.WAV,Telephone Field,recover-20220922,001,1795
1202.7225,1202.7639,68437,82745,Rhinolophus ferrumequinum,0.028,0.028,-1,Echolocation,/mnt/ubna_data_02_mir/recover-20220922/UBNA_001/20220921_090000.WAV,Telephone Field,recover-20220922,001,1795
1202.7535,1202.7928,68437,81973,Rhinolophus ferrumequinum,0.028,0.028,-1,Echolocation,/mnt/ubna_data_02_mir/recover-20220922/UBNA_001/20220921_090000.WAV,Telephone Field,recover-20220922,001,1795
1202.7675,1202.8052,68437,81739,Rhinolophus ferrumequinum,0.022,0.022,-1,Echolocation,/mnt/ubna_data_02_mir/recover-20220922/UBNA_001/20220921_090000.WAV,Telephone Field,recover-20220922,001,1795
1202.7955,1202.8343,68437,82365,Rhinolophus ferrumequinum,0.024,0.024,-1,Echolocation,/mnt/ubna_data_02_mir/recover-20220922/UBNA_001/20220921_090000.WAV,Telephone Field,recover-20220922,001,1795
1202.8035,1202.8115,28046,40769,Eptesicus serotinus,0.008,0.024,-1,Echolocation,/mnt/ubna_data_02_mir/recover-20220922/UBNA_001/20220921_090000.WAV,Telephone Field,recover-20220922,001,1795
1202.8065,1202.8148,49531,56438,Pipistrellus pipistrellus,0.019,0.023,-1,Echolocation,/mnt/ubna_data_02_mir/recover-20220922/UBNA_001/20220921_090000.WAV,Telephone Field,recover-20220922,001,1795
1202.8405,1202.874,68437,80792,Rhinolophus ferrumequinum,0.021,0.021,-1,Echolocation,/mnt/ubna_data_02_mir/recover-20220922/UBNA_001/20220921_090000.WAV,Telephone Field,recover-20220922,001,1795
1202.8495,1202.8826,68437,81674,Rhinolophus ferrumequinum,0.023,0.023,-1,Echolocation,/mnt/ubna_data_02_mir/recover-20220922/UBNA_001/20220921_090000.WAV,Telephone Field,recover-20220922,001,1795
1202.8725,1202.9131,68437,82435,Rhinolophus ferrumequinum,0.024,0.024,-1,Echolocation,/mnt/ubna_data_02_mir/recover-20220922/UBNA_001/20220921_090000.WAV,Telephone Field,recover-20220922,001,1795
1202.8905,1202.9017,44375,48340,Pipistrellus pipistrellus,0.032,0.036,-1,Echolocation,/mnt/ubna_data_02_mir/recover-20220922/UBNA_001/20220921_090000.WAV,Telephone Field,recover-20220922,001,1795
1202.8955,1202.9377,68437,82592,Rhinolophus ferrumequinum,0.026,0.026,-1,Echolocation,/mnt/ubna_data_02_mir/recover-20220922/UBNA_001/20220921_090000.WAV,Telephone Field,recover-20220922,001,1795
1202.9165,1202.9555,68437,82227,Rhinolophus ferrumequinum,0.023,0.023,-1,Echolocation,/mnt/ubna_data_02_mir/recover-20220922/UBNA_001/20220921_090000.WAV,Telephone Field,recover-20220922,001,1795
1202.9205,1202.9315,24609,29969,Nyctalus leisleri,0.01,0.023,-1,Echolocation,/mnt/ubna_data_02_mir/recover-20220922/UBNA_001/20220921_090000.WAV,Telephone Field,recover-20220922,001,1795
1202.9685,1203.0003,68437,80699,Rhinolophus ferrumequinum,0.022,0.022,-1,Echolocation,/mnt/ubna_data_02_mir/recover-20220922/UBNA_001/20220921_090000.WAV,Telephone Field,recover-20220922,001,1795
1202.9755,1203.0137,68437,81751,Rhinolophus ferrumequinum,0.023,0.023,-1,Echolocation,/mnt/ubna_data_02_mir/recover-20220922/UBNA_001/20220921_090000.WAV,Telephone Field,recover-20220922,001,1795
1202.9825,1203.0198,68437,82553,Rhinolophus ferrumequinum,0.021,0.021,-1,Echolocation,/mnt/ubna_data_02_mir/recover-20220922/UBNA_001/20220921_090000.WAV,Telephone Field,recover-20220922,001,1795
1203.0155,1203.0547,68437,82166,Rhinolophus ferrumequinum,0.023,0.023,-1,Echolocation,/mnt/ubna_data_02_mir/recover-20220922/UBNA_001/20220921_090000.WAV,Telephone Field,recover-20220922,001,1795
1203.0255,1203.061,68437,82055,Rhinolophus ferrumequinum,0.023,0.023,-1,Echolocation,/mnt/ubna_data_02_mir/recover-20220922/UBNA_001/20220921_090000.WAV,Telephone Field,recover-20220922,001,1795
1203.0415,1203.0832,68437,82856,Rhinolophus ferrumequinum,0.031,0.031,-1,Echolocation,/mnt/ubna_data_02_mir/recover-20220922/UBNA_001/20220921_090000.WAV,Telephone Field,recover-20220922,001,1795
1203.0585,1203.0675,28906,36798,Eptesicus serotinus,0.008,0.023,-1,Echolocation,/mnt/ubna_data_02_mir/recover-20220922/UBNA_001/20220921_090000.WAV,Telephone Field,recover-20220922,001,1795
1203.0855,1203.1258,68437,81961,Rhinolophus ferrumequinum,0.031,0.031,-1,Echolocation,/mnt/ubna_data_02_mir/recover-20220922/UBNA_001/20220921_090000.WAV,Telephone Field,recover-20220922,001,1795
1203.1115,1203.122,25468,33067,Eptesicus serotinus,0.013,0.03,-1,Echolocation,/mnt/ubna_data_02_mir/recover-20220922/UBNA_001/20220921_090000.WAV,Telephone Field,recover-20220922,001,1795
1203.1365,1203.148,23750,31469,Nyctalus leisleri,0.019,0.056,-1,Echolocation,/mnt/ubna_data_02_mir/recover-20220922/UBNA_001/20220921_090000.WAV,Telephone Field,recover-20220922,001,1795
1203.1435,1203.1841,68437,82942,Rhinolophus ferrumequinum,0.037,0.037,-1,Echolocation,/mnt/ubna_data_02_mir/recover-20220922/UBNA_001/20220921_090000.WAV,Telephone Field,recover-20220922,001,1795
1203.1525,1203.1621,57265,62640,Pipistrellus pygmaeus,0.023,0.024,-1,Echolocation,/mnt/ubna_data_02_mir/recover-20220922/UBNA_001/20220921_090000.WAV,Telephone Field,recover-20220922,001,1795
1203.1735,1203.2078,68437,80545,Rhinolophus ferrumequinum,0.021,0.021,-1,Echolocation,/mnt/ubna_data_02_mir/recover-20220922/UBNA_001/20220921_090000.WAV,Telephone Field,recover-20220922,001,1795
1203.1915,1203.2012,23750,30329,Nyctalus leisleri,0.008,0.021,-1,Echolocation,/mnt/ubna_data_02_mir/recover-20220922/UBNA_001/20220921_090000.WAV,Telephone Field,recover-20220922,001,1795
1203.2285,1203.2651,68437,81574,Rhinolophus ferrumequinum,0.021,0.021,-1,Echolocation,/mnt/ubna_data_02_mir/recover-20220922/UBNA_001/20220921_090000.WAV,Telephone Field,recover-20220922,001,1795
1203.2405,1203.2794,68437,82603,Rhinolophus ferrumequinum,0.024,0.024,-1,Echolocation,/mnt/ubna_data_02_mir/recover-20220922/UBNA_001/20220921_090000.WAV,Telephone Field,recover-20220922,001,1795
1203.2575,1203.2678,24609,32388,Eptesicus serotinus,0.008,0.026,-1,Echolocation,/mnt/ubna_data_02_mir/recover-20220922/UBNA_001/20220921_090000.WAV,Telephone Field,recover-20220922,001,1795
1203.2685,1203.3065,68437,81932,Rhinolophus ferrumequinum,0.024,0.024,-1,Echolocation,/mnt/ubna_data_02_mir/recover-20220922/UBNA_001/20220921_090000.WAV,Telephone Field,recover-20220922,001,1795
1203.2825,1203.2909,28046,36993,Eptesicus serotinus,0.009,0.023,-1,Echolocation,/mnt/ubna_data_02_mir/recover-20220922/UBNA_001/20220921_090000.WAV,Telephone Field,recover-20220922,001,1795
1203.2925,1203.3288,68437,81337,Rhinolophus ferrumequinum,0.032,0.032,-1,Echolocation,/mnt/ubna_data_02_mir/recover-20220922/UBNA_001/20220921_090000.WAV,Telephone Field,recover-20220922,001,1795
1203.3005,1203.3094,23750,31470,Plecotus austriacus,0.005,0.022,-1,Echolocation,/mnt/ubna_data_02_mir/recover-20220922/UBNA_001/20220921_090000.WAV,Telephone Field,recover-20220922,001,1795
1203.3265,1203.3678,68437,82082,Rhinolophus ferrumequinum,0.028,0.028,-1,Echolocation,/mnt/ubna_data_02_mir/recover-20220922/UBNA_001/20220921_090000.WAV,Telephone Field,recover-20220922,001,1795
1203.3435,1203.3508,22890,31278,Plecotus austriacus,0.01,0.022,-1,Echolocation,/mnt/ubna_data_02_mir/recover-20220922/UBNA_001/20220921_090000.WAV,Telephone Field,recover-20220922,001,1795
1203.4005,1203.439,68437,81347,Rhinolophus ferrumequinum,0.023,0.023,-1,Echolocation,/mnt/ubna_data_02_mir/recover-20220922/UBNA_001/20220921_090000.WAV,Telephone Field,recover-20220922,001,1795
1203.4195,1203.4564,68437,81913,Rhinolophus ferrumequinum,0.025,0.025,-1,Echolocation,/mnt/ubna_data_02_mir/recover-20220922/UBNA_001/20220921_090000.WAV,Telephone Field,recover-20220922,001,1795
1203.4395,1203.4796,68437,82548,Rhinolophus ferrumequinum,0.024,0.024,-1,Echolocation,/mnt/ubna_data_02_mir/recover-20220922/UBNA_001/20220921_090000.WAV,Telephone Field,recover-20220922,001,1795
1203.4475,1203.4862,68437,82013,Rhinolophus ferrumequinum,0.029,0.029,-1,Echolocation,/mnt/ubna_data_02_mir/recover-20220922/UBNA_001/20220921_090000.WAV,Telephone Field,recover-20220922,001,1795
1203.4565,1203.4687,22031,25882,Nyctalus leisleri,0.012,0.021,-1,Echolocation,/mnt/ubna_data_02_mir/recover-20220922/UBNA_001/20220921_090000.WAV,Telephone Field,recover-20220922,001,1795
1203.5055,1203.5462,68437,82075,Rhinolophus ferrumequinum,0.024,0.024,-1,Echolocation,/mnt/ubna_data_02_mir/recover-20220922/UBNA_001/20220921_090000.WAV,Telephone Field,recover-20220922,001,1795
1203.5155,1203.554,68437,81740,Rhinolophus ferrumequinum,0.022,0.022,-1,Echolocation,/mnt/ubna_data_02_mir/recover-20220922/UBNA_001/20220921_090000.WAV,Telephone Field,recover-20220922,001,1795
1203.5205,1203.5305,24609,31612,Nyctalus leisleri,0.008,0.026,-1,Echolocation,/mnt/ubna_data_02_mir/recover-20220922/UBNA_001/20220921_090000.WAV,Telephone Field,recover-20220922,001,1795
1203.5405,1203.5781,68437,81970,Rhinolophus ferrumequinum,0.024,0.024,-1,Echolocation,/mnt/ubna_data_02_mir/recover-20220922/UBNA_001/20220921_090000.WAV,Telephone Field,recover-20220922,001,1795
1203.5415,1203.5501,28046,37949,Eptesicus serotinus,0.008,0.023,-1,Echolocation,/mnt/ubna_data_02_mir/recover-20220922/UBNA_001/20220921_090000.WAV,Telephone Field,recover-20220922,001,1795
1203.5815,1203.6242,68437,83023,Rhinolophus ferrumequinum,0.044,0.044,-1,Echolocation,/mnt/ubna_data_02_mir/recover-20220922/UBNA_001/20220921_090000.WAV,Telephone Field,recover-20220922,001,1795
1203.6125,1203.6222,25468,32804,Nyctalus leisleri,0.008,0.024,-1,Echolocation,/mnt/ubna_data_02_mir/recover-20220922/UBNA_001/20220921_090000.WAV,Telephone Field,recover-20220922,001,1795
1203.6325,1203.6718,68437,82096,Rhinolophus ferrumequinum,0.025,0.025,-1,Echolocation,/mnt/ubna_data_02_mir/recover-20220922/UBNA_001/20220921_090000.WAV,Telephone Field,recover-20220922,001,1795
1203.6515,1203.6899,68437,81737,Rhinolophus ferrumequinum,0.029,0.029,-1,Echolocation,/mnt/ubna_data_02_mir/recover-20220922/UBNA_001/20220921_090000.WAV,Telephone Field,recover-20220922,001,1795
1203.6625,1203.6714,28046,39165,Eptesicus serotinus,0.008,0.022,-1,Echolocation,/mnt/ubna_data_02_mir/recover-20220922/UBNA_001/20220921_090000.WAV,Telephone Field,recover-20220922,001,1795
1203.7025,1203.7092,27187,36985,Eptesicus serotinus,0.008,0.028,-1,Echolocation,/mnt/ubna_data_02_mir/recover-20220922/UBNA_001/20220921_090000.WAV,Telephone Field,recover-20220922,001,1795
1203.7125,1203.7514,68437,81910,Rhinolophus ferrumequinum,0.023,0.023,-1,Echolocation,/mnt/ubna_data_02_mir/recover-20220922/UBNA_001/20220921_090000.WAV,Telephone Field,recover-20220922,001,1795
1203.7195,1203.7582,68437,81865,Rhinolophus ferrumequinum,0.022,0.022,-1,Echolocation,/mnt/ubna_data_02_mir/recover-20220922/UBNA_001/20220921_090000.WAV,Telephone Field,recover-20220922,001,1795
1203.7275,1203.7382,22890,28754,Nyctalus leisleri,0.017,0.04,-1,Echolocation,/mnt/ubna_data_02_mir/recover-20220922/UBNA_001/20220921_090000.WAV,Telephone Field,recover-20220922,001,1795
1203.7325,1203.7704,68437,81439,Rhinolophus ferrumequinum,0.022,0.023,-1,Echolocation,/mnt/ubna_data_02_mir/recover-20220922/UBNA_001/20220921_090000.WAV,Telephone Field,recover-20220922,001,1795
1203.7455,1203.7847,68437,82192,Rhinolophus ferrumequinum,0.022,0.022,-1,Echolocation,/mnt/ubna_data_02_mir/recover-20220922/UBNA_001/20220921_090000.WAV,Telephone Field,recover-20220922,001,1795
1203.7585,1203.7669,27187,38369,Eptesicus serotinus,0.008,0.022,-1,Echolocation,/mnt/ubna_data_02_mir/recover-20220922/UBNA_001/20220921_090000.WAV,Telephone Field,recover-20220922,001,1795
1203.7605,1203.8009,68437,82544,Rhinolophus ferrumequinum,0.025,0.025,-1,Echolocation,/mnt/ubna_data_02_mir/recover-20220922/UBNA_001/20220921_090000.WAV,Telephone Field,recover-20220922,001,1795
1203.7965,1203.8039,28906,36851,Eptesicus serotinus,0.011,0.033,-1,Echolocation,/mnt/ubna_data_02_mir/recover-20220922/UBNA_001/20220921_090000.WAV,Telephone Field,recover-20220922,001,1795
1203.7975,1203.8371,68437,82374,Rhinolophus ferrumequinum,0.022,0.022,-1,Echolocation,/mnt/ubna_data_02_mir/recover-20220922/UBNA_001/20220921_090000.WAV,Telephone Field,recover-20220922,001,1795
1203.8225,1203.8626,68437,82317,Rhinolophus ferrumequinum,0.025,0.025,-1,Echolocation,/mnt/ubna_data_02_mir/recover-20220922/UBNA_001/20220921_090000.WAV,Telephone Field,recover-20220922,001,1795
1203.8265,1203.8378,22890,28205,Nyctalus leisleri,0.011,0.024,-1,Echolocation,/mnt/ubna_data_02_mir/recover-20220922/UBNA_001/20220921_090000.WAV,Telephone Field,recover-20220922,001,1795
1203.8325,1203.8677,68437,81716,Rhinolophus ferrumequinum,0.021,0.021,-1,Echolocation,/mnt/ubna_data_02_mir/recover-20220922/UBNA_001/20220921_090000.WAV,Telephone Field,recover-20220922,001,1795
1203.8415,1203.8785,68437,81329,Rhinolophus ferrumequinum,0.021,0.021,-1,Echolocation,/mnt/ubna_data_02_mir/recover-20220922/UBNA_001/20220921_090000.WAV,Telephone Field,recover-20220922,001,1795
1203.8565,1203.8948,68437,81777,Rhinolophus ferrumequinum,0.024,0.024,-1,Echolocation,/mnt/ubna_data_02_mir/recover-20220922/UBNA_001/20220921_090000.WAV,Telephone Field,recover-20220922,001,1795
1203.8805,1203.9197,68437,81796,Rhinolophus ferrumequinum,0.022,0.022,-1,Echolocation,/mnt/ubna_data_02_mir/recover-20220922/UBNA_001/20220921_090000.WAV,Telephone Field,recover-20220922,001,1795
1203.8875,1203.9258,68437,81904,Rhinolophus ferrumequinum,0.022,0.022,-1,Echolocation,/mnt/ubna_data_02_mir/recover-20220922/UBNA_001/20220921_090000.WAV,Telephone Field,recover-20220922,001,1795
1203.8995,1203.9068,28046,39744,Eptesicus serotinus,0.007,0.023,-1,Echolocation,/mnt/ubna_data_02_mir/recover-20220922/UBNA_001/20220921_090000.WAV,Telephone Field,recover-20220922,001,1795
1203.9555,1203.9975,68437,82911,Rhinolophus ferrumequinum,0.026,0.026,-1,Echolocation,/mnt/ubna_data_02_mir/recover-20220922/UBNA_001/20220921_090000.WAV,Telephone Field,recover-20220922,001,1795
1204.0015,1204.0315,69296,80849,Rhinolophus ferrumequinum,0.028,0.028,-1,Echolocation,/mnt/ubna_data_02_mir/recover-20220922/UBNA_001/20220921_090000.WAV,Telephone Field,recover-20220922,001,1795
1204.0015,1204.0109,27187,34489,Eptesicus serotinus,0.012,0.032,-1,Echolocation,/mnt/ubna_data_02_mir/recover-20220922/UBNA_001/20220921_090000.WAV,Telephone Field,recover-20220922,001,1795
1204.0015,1204.0145,54687,61869,Pipistrellus pygmaeus,0.018,0.022,-1,Echolocation,/mnt/ubna_data_02_mir/recover-20220922/UBNA_001/20220921_090000.WAV,Telephone Field,recover-20220922,001,1795
1204.0235,1204.0335,28906,36616,Eptesicus serotinus,0.01,0.024,-1,Echolocation,/mnt/ubna_data_02_mir/recover-20220922/UBNA_001/20220921_090000.WAV,Telephone Field,recover-20220922,001,1795
1204.0405,1204.0794,68437,82192,Rhinolophus ferrumequinum,0.023,0.023,-1,Echolocation,/mnt/ubna_data_02_mir/recover-20220922/UBNA_001/20220921_090000.WAV,Telephone Field,recover-20220922,001,1795
1204.0545,1204.0964,68437,82722,Rhinolophus ferrumequinum,0.026,0.026,-1,Echolocation,/mnt/ubna_data_02_mir/recover-20220922/UBNA_001/20220921_090000.WAV,Telephone Field,recover-20220922,001,1795
1204.0665,1204.107,68437,82512,Rhinolophus ferrumequinum,0.022,0.022,-1,Echolocation,/mnt/ubna_data_02_mir/recover-20220922/UBNA_001/20220921_090000.WAV,Telephone Field,recover-20220922,001,1795
1204.0785,1204.1203,68437,83132,Rhinolophus ferrumequinum,0.024,0.024,-1,Echolocation,/mnt/ubna_data_02_mir/recover-20220922/UBNA_001/20220921_090000.WAV,Telephone Field,recover-20220922,001,1795
1204.0885,1204.0951,24609,34860,Plecotus austriacus,0.008,0.024,-1,Echolocation,/mnt/ubna_data_02_mir/recover-20220922/UBNA_001/20220921_090000.WAV,Telephone Field,recover-20220922,001,1795
1204.1015,1204.1117,28906,38876,Eptesicus serotinus,0.01,0.022,-1,Echolocation,/mnt/ubna_data_02_mir/recover-20220922/UBNA_001/20220921_090000.WAV,Telephone Field,recover-20220922,001,1795
1204.1255,1204.1658,68437,82261,Rhinolophus ferrumequinum,0.026,0.026,-1,Echolocation,/mnt/ubna_data_02_mir/recover-20220922/UBNA_001/20220921_090000.WAV,Telephone Field,recover-20220922,001,1795
1204.1815,1204.1924,23750,29208,Nyctalus leisleri,0.02,0.039,-1,Echolocation,/mnt/ubna_data_02_mir/recover-20220922/UBNA_001/20220921_090000.WAV,Telephone Field,recover-20220922,001,1795
1204.2585,1204.2763,20312,23307,Nyctalus leisleri,0.018,0.029,-1,Echolocation,/mnt/ubna_data_02_mir/recover-20220922/UBNA_001/20220921_090000.WAV,Telephone Field,recover-20220922,001,1795
1204.2735,1204.3136,68437,82470,Rhinolophus ferrumequinum,0.021,0.021,-1,Echolocation,/mnt/ubna_data_02_mir/recover-20220922/UBNA_001/20220921_090000.WAV,Telephone Field,recover-20220922,001,1795
1204.2775,1204.2902,22890,27300,Nyctalus leisleri,0.013,0.023,-1,Echolocation,/mnt/ubna_data_02_mir/recover-20220922/UBNA_001/20220921_090000.WAV,Telephone Field,recover-20220922,001,1795
1204.3045,1204.3171,28046,35473,Eptesicus serotinus,0.035,0.049,-1,Echolocation,/mnt/ubna_data_02_mir/recover-20220922/UBNA_001/20220921_090000.WAV,Telephone Field,recover-20220922,001,1795
1204.3155,1204.3291,22031,26150,Nyctalus leisleri,0.016,0.029,-1,Echolocation,/mnt/ubna_data_02_mir/recover-20220922/UBNA_001/20220921_090000.WAV,Telephone Field,recover-20220922,001,1795
1204.3275,1204.3661,68437,81985,Rhinolophus ferrumequinum,0.03,0.03,-1,Echolocation,/mnt/ubna_data_02_mir/recover-20220922/UBNA_001/20220921_090000.WAV,Telephone Field,recover-20220922,001,1795
1204.3495,1204.36,44375,46894,Pipistrellus pipistrellus,0.031,0.034,-1,Echolocation,/mnt/ubna_data_02_mir/recover-20220922/UBNA_001/20220921_090000.WAV,Telephone Field,recover-20220922,001,1795
1204.3885,1204.4259,68437,82170,Rhinolophus ferrumequinum,0.025,0.025,-1,Echolocation,/mnt/ubna_data_02_mir/recover-20220922/UBNA_001/20220921_090000.WAV,Telephone Field,recover-20220922,001,1795
1204.3905,1204.3993,28046,39890,Eptesicus serotinus,0.011,0.026,-1,Echolocation,/mnt/ubna_data_02_mir/recover-20220922/UBNA_001/20220921_090000.WAV,Telephone Field,recover-20220922,001,1795
1204.4175,1204.456,68437,82231,Rhinolophus ferrumequinum,0.023,0.023,-1,Echolocation,/mnt/ubna_data_02_mir/recover-20220922/UBNA_001/20220921_090000.WAV,Telephone Field,recover-20220922,001,1795
1204.4405,1204.477,68437,81606,Rhinolophus ferrumequinum,0.022,0.022,-1,Echolocation,/mnt/ubna_data_02_mir/recover-20220922/UBNA_001/20220921_090000.WAV,Telephone Field,recover-20220922,001,1795
1204.4635,1204.4721,28906,40209,Eptesicus serotinus,0.008,0.022,-1,Echolocation,/mnt/ubna_data_02_mir/recover-20220922/UBNA_001/20220921_090000.WAV,Telephone Field,recover-20220922,001,1795
1204.4645,1204.476,35781,41408,Eptesicus serotinus,0.006,0.026,-1,Echolocation,/mnt/ubna_data_02_mir/recover-20220922/UBNA_001/20220921_090000.WAV,Telephone Field,recover-20220922,001,1795
1204.4665,1204.4766,22031,27469,Nyctalus leisleri,0.01,0.022,-1,Echolocation,/mnt/ubna_data_02_mir/recover-20220922/UBNA_001/20220921_090000.WAV,Telephone Field,recover-20220922,001,1795
1204.4885,1204.5261,68437,82004,Rhinolophus ferrumequinum,0.021,0.021,-1,Echolocation,/mnt/ubna_data_02_mir/recover-20220922/UBNA_001/20220921_090000.WAV,Telephone Field,recover-20220922,001,1795
1204.5295,1204.536,25468,40784,Myotis nattereri,0.005,0.021,-1,Echolocation,/mnt/ubna_data_02_mir/recover-20220922/UBNA_001/20220921_090000.WAV,Telephone Field,recover-20220922,001,1795
1204.5325,1204.5705,68437,81811,Rhinolophus ferrumequinum,0.022,0.022,-1,Echolocation,/mnt/ubna_data_02_mir/recover-20220922/UBNA_001/20220921_090000.WAV,Telephone Field,recover-20220922,001,1795
1204.5635,1204.6049,68437,83057,Rhinolophus ferrumequinum,0.029,0.029,-1,Echolocation,/mnt/ubna_data_02_mir/recover-20220922/UBNA_001/20220921_090000.WAV,Telephone Field,recover-20220922,001,1795
1204.5755,1204.5832,25468,34278,Eptesicus serotinus,0.007,0.022,-1,Echolocation,/mnt/ubna_data_02_mir/recover-20220922/UBNA_001/20220921_090000.WAV,Telephone Field,recover-20220922,001,1795
1204.5945,1204.636,68437,82224,Rhinolophus ferrumequinum,0.022,0.022,-1,Echolocation,/mnt/ubna_data_02_mir/recover-20220922/UBNA_001/20220921_090000.WAV,Telephone Field,recover-20220922,001,1795
1204.6125,1204.6202,27187,36913,Eptesicus serotinus,0.014,0.033,-1,Echolocation,/mnt/ubna_data_02_mir/recover-20220922/UBNA_001/20220921_090000.WAV,Telephone Field,recover-20220922,001,1795
1204.6285,1204.6643,68437,80902,Rhinolophus ferrumequinum,0.022,0.022,-1,Echolocation,/mnt/ubna_data_02_mir/recover-20220922/UBNA_001/20220921_090000.WAV,Telephone Field,recover-20220922,001,1795
1204.6555,1204.6934,68437,81883,Rhinolophus ferrumequinum,0.023,0.023,-1,Echolocation,/mnt/ubna_data_02_mir/recover-20220922/UBNA_001/20220921_090000.WAV,Telephone Field,recover-20220922,001,1795
1204.6815,1204.7218,68437,82025,Rhinolophus ferrumequinum,0.024,0.024,-1,Echolocation,/mnt/ubna_data_02_mir/recover-20220922/UBNA_001/20220921_090000.WAV,Telephone Field,recover-20220922,001,1795
1204.7185,1204.7546,68437,81098,Rhinolophus ferrumequinum,0.027,0.027,-1,Echolocation,/mnt/ubna_data_02_mir/recover-20220922/UBNA_001/20220921_090000.WAV,Telephone Field,recover-20220922,001,1795
1204.7545,1204.793,68437,82122,Rhinolophus ferrumequinum,0.022,0.022,-1,Echolocation,/mnt/ubna_data_02_mir/recover-20220922/UBNA_001/20220921_090000.WAV,Telephone Field,recover-20220922,001,1795
1204.7625,1204.803,68437,82290,Rhinolophus ferrumequinum,0.022,0.022,-1,Echolocation,/mnt/ubna_data_02_mir/recover-20220922/UBNA_001/20220921_090000.WAV,Telephone Field,recover-20220922,001,1795
1204.8095,1204.85,68437,82813,Rhinolophus ferrumequinum,0.023,0.023,-1,Echolocation,/mnt/ubna_data_02_mir/recover-20220922/UBNA_001/20220921_090000.WAV,Telephone Field,recover-20220922,001,1795
1204.8535,1204.8682,37500,41516,Pipistrellus nathusii,0.014,0.024,-1,Echolocation,/mnt/ubna_data_02_mir/recover-20220922/UBNA_001/20220921_090000.WAV,Telephone Field,recover-20220922,001,1795
1204.8715,1204.881,24609,31381,Eptesicus serotinus,0.008,0.022,-1,Echolocation,/mnt/ubna_data_02_mir/recover-20220922/UBNA_001/20220921_090000.WAV,Telephone Field,recover-20220922,001,1795
1204.8745,1204.9102,68437,81454,Rhinolophus ferrumequinum,0.022,0.022,-1,Echolocation,/mnt/ubna_data_02_mir/recover-20220922/UBNA_001/20220921_090000.WAV,Telephone Field,recover-20220922,001,1795
1204.9175,1204.9581,68437,82248,Rhinolophus ferrumequinum,0.025,0.025,-1,Echolocation,/mnt/ubna_data_02_mir/recover-20220922/UBNA_001/20220921_090000.WAV,Telephone Field,recover-20220922,001,1795
1204.9405,1204.9526,27187,33976,Eptesicus serotinus,0.022,0.038,-1,Echolocation,/mnt/ubna_data_02_mir/recover-20220922/UBNA_001/20220921_090000.WAV,Telephone Field,recover-20220922,001,1795
1204.9545,1204.9927,68437,81488,Rhinolophus ferrumequinum,0.022,0.022,-1,Echolocation,/mnt/ubna_data_02_mir/recover-20220922/UBNA_001/20220921_090000.WAV,Telephone Field,recover-20220922,001,1795
1205.0035,1205.0154,32343,36581,Eptesicus serotinus,0.018,0.054,-1,Echolocation,/mnt/ubna_data_02_mir/recover-20220922/UBNA_001/20220921_090000.WAV,Telephone Field,recover-20220922,001,1795
1205.0705,1205.1072,68437,81340,Rhinolophus ferrumequinum,0.024,0.024,-1,Echolocation,/mnt/ubna_data_02_mir/recover-20220922/UBNA_001/20220921_090000.WAV,Telephone Field,recover-20220922,001,1795
1205.0755,1205.0817,27187,36887,Eptesicus serotinus,0.017,0.048,-1,Echolocation,/mnt/ubna_data_02_mir/recover-20220922/UBNA_001/20220921_090000.WAV,Telephone Field,recover-20220922,001,1795
1205.0965,1205.1349,68437,82328,Rhinolophus ferrumequinum,0.022,0.022,-1,Echolocation,/mnt/ubna_data_02_mir/recover-20220922/UBNA_001/20220921_090000.WAV,Telephone Field,recover-20220922,001,1795
1205.1475,1205.1858,68437,82009,Rhinolophus ferrumequinum,0.022,0.022,-1,Echolocation,/mnt/ubna_data_02_mir/recover-20220922/UBNA_001/20220921_090000.WAV,Telephone Field,recover-20220922,001,1795
1205.1555,1205.1652,22031,27805,Nyctalus leisleri,0.008,0.022,-1,Echolocation,/mnt/ubna_data_02_mir/recover-20220922/UBNA_001/20220921_090000.WAV,Telephone Field,recover-20220922,001,1795
1205.1575,1205.2003,68437,82474,Rhinolophus ferrumequinum,0.028,0.028,-1,Echolocation,/mnt/ubna_data_02_mir/recover-20220922/UBNA_001/20220921_090000.WAV,Telephone Field,recover-20220922,001,1795
1205.1675,1205.2076,68437,82428,Rhinolophus ferrumequinum,0.022,0.022,-1,Echolocation,/mnt/ubna_data_02_mir/recover-20220922/UBNA_001/20220921_090000.WAV,Telephone Field,recover-20220922,001,1795
1205.2125,1205.2247,49531,53561,Pipistrellus pipistrellus,0.018,0.024,-1,Echolocation,/mnt/ubna_data_02_mir/recover-20220922/UBNA_001/20220921_090000.WAV,Telephone Field,recover-20220922,001,1795
1205.2505,1205.2594,49531,53175,Pipistrellus pipistrellus,0.031,0.033,-1,Echolocation,/mnt/ubna_data_02_mir/recover-20220922/UBNA_001/20220921_090000.WAV,Telephone Field,recover-20220922,001,1795
1205.2895,1205.3317,68437,82882,Rhinolophus ferrumequinum,0.023,0.023,-1,Echolocation,/mnt/ubna_data_02_mir/recover-20220922/UBNA_001/20220921_090000.WAV,Telephone Field,recover-20220922,001,1795
1205.3155,1205.356,68437,82456,Rhinolophus ferrumequinum,0.029,0.029,-1,Echolocation,/mnt/ubna_data_02_mir/recover-20220922/UBNA_001/20220921_090000.WAV,Telephone Field,recover-20220922,001,1795
1205.3595,1205.3678,28046,39535,Eptesicus serotinus,0.008,0.023,-1,Echolocation,/mnt/ubna_data_02_mir/recover-20220922/UBNA_001/20220921_090000.WAV,Telephone Field,recover-20220922,001,1795
1205.3865,1205.398,22890,28171,Nyctalus leisleri,0.014,0.029,-1,Echolocation,/mnt/ubna_data_02_mir/recover-20220922/UBNA_001/20220921_090000.WAV,Telephone Field,recover-20220922,001,1795
1205.4215,1205.4605,68437,82216,Rhinolophus ferrumequinum,0.024,0.024,-1,Echolocation,/mnt/ubna_data_02_mir/recover-20220922/UBNA_001/20220921_090000.WAV,Telephone Field,recover-20220922,001,1795
1205.4505,1205.4904,68437,82302,Rhinolophus ferrumequinum,0.023,0.023,-1,Echolocation,/mnt/ubna_data_02_mir/recover-20220922/UBNA_001/20220921_090000.WAV,Telephone Field,recover-20220922,001,1795
1205.5085,1205.5179,25468,33639,Eptesicus serotinus,0.008,0.022,-1,Echolocation,/mnt/ubna_data_02_mir/recover-20220922/UBNA_001/20220921_090000.WAV,Telephone Field,recover-20220922,001,1795
1205.5395,1205.5491,24609,32231,Nyctalus leisleri,0.007,0.023,-1,Echolocation,/mnt/ubna_data_02_mir/recover-20220922/UBNA_001/20220921_090000.WAV,Telephone Field,recover-20220922,001,1795
1205.5645,1205.6045,68437,82834,Rhinolophus ferrumequinum,0.026,0.026,-1,Echolocation,/mnt/ubna_data_02_mir/recover-20220922/UBNA_001/20220921_090000.WAV,Telephone Field,recover-20220922,001,1795
1205.5715,1205.6122,68437,82743,Rhinolophus ferrumequinum,0.025,0.025,-1,Echolocation,/mnt/ubna_data_02_mir/recover-20220922/UBNA_001/20220921_090000.WAV,Telephone Field,recover-20220922,001,1795
1205.5875,1205.6267,68437,81919,Rhinolophus ferrumequinum,0.025,0.025,-1,Echolocation,/mnt/ubna_data_02_mir/recover-20220922/UBNA_001/20220921_090000.WAV,Telephone Field,recover-20220922,001,1795
1205.5985,1205.6374,68437,82175,Rhinolophus ferrumequinum,0.026,0.026,-1,Echolocation,/mnt/ubna_data_02_mir/recover-20220922/UBNA_001/20220921_090000.WAV,Telephone Field,recover-20220922,001,1795
1205.6375,1205.6767,68437,82208,Rhinolophus ferrumequinum,0.022,0.022,-1,Echolocation,/mnt/ubna_data_02_mir/recover-20220922/UBNA_001/20220921_090000.WAV,Telephone Field,recover-20220922,001,1795
1205.6475,1205.6599,22890,27429,Nyctalus leisleri,0.013,0.024,-1,Echolocation,/mnt/ubna_data_02_mir/recover-20220922/UBNA_001/20220921_090000.WAV,Telephone Field,recover-20220922,001,1795
1205.6715,1205.6823,24609,31797,Nyctalus leisleri,0.01,0.028,-1,Echolocation,/mnt/ubna_data_02_mir/recover-20220922/UBNA_001/20220921_090000.WAV,Telephone Field,recover-20220922,001,1795
1205.6935,1205.704,28906,36666,Eptesicus serotinus,0.014,0.026,-1,Echolocation,/mnt/ubna_data_02_mir/recover-20220922/UBNA_001/20220921_090000.WAV,Telephone Field,recover-20220922,001,1795
1205.7005,1205.7428,68437,83136,Rhinolophus ferrumequinum,0.025,0.025,-1,Echolocation,/mnt/ubna_data_02_mir/recover-20220922/UBNA_001/20220921_090000.WAV,Telephone Field,recover-20220922,001,1795
1205.7155,1205.7538,68437,81939,Rhinolophus ferrumequinum,0.023,0.023,-1,Echolocation,/mnt/ubna_data_02_mir/recover-20220922/UBNA_001/20220921_090000.WAV,Telephone Field,recover-20220922,001,1795
1205.7225,1205.7318,29765,38601,Eptesicus serotinus,0.007,0.023,-1,Echolocation,/mnt/ubna_data_02_mir/recover-20220922/UBNA_001/20220921_090000.WAV,Telephone Field,recover-20220922,001,1795
1205.7725,1205.8106,68437,81569,Rhinolophus ferrumequinum,0.022,0.022,-1,Echolocation,/mnt/ubna_data_02_mir/recover-20220922/UBNA_001/20220921_090000.WAV,Telephone Field,recover-20220922,001,1795
1205.7805,1205.7925,14296,19843,Nyctalus noctula,0.013,0.022,-1,Echolocation,/mnt/ubna_data_02_mir/recover-20220922/UBNA_001/20220921_090000.WAV,Telephone Field,recover-20220922,001,1795
1205.7825,1205.8231,68437,82576,Rhinolophus ferrumequinum,0.023,0.023,-1,Echolocation,/mnt/ubna_data_02_mir/recover-20220922/UBNA_001/20220921_090000.WAV,Telephone Field,recover-20220922,001,1795
1205.7865,1205.7955,28046,38742,Eptesicus serotinus,0.01,0.024,-1,Echolocation,/mnt/ubna_data_02_mir/recover-20220922/UBNA_001/20220921_090000.WAV,Telephone Field,recover-20220922,001,1795
1205.8015,1205.8369,67578,79186,Rhinolophus ferrumequinum,0.023,0.024,-1,Echolocation,/mnt/ubna_data_02_mir/recover-20220922/UBNA_001/20220921_090000.WAV,Telephone Field,recover-20220922,001,1795
1205.8275,1205.8359,28906,38654,Eptesicus serotinus,0.009,0.023,-1,Echolocation,/mnt/ubna_data_02_mir/recover-20220922/UBNA_001/20220921_090000.WAV,Telephone Field,recover-20220922,001,1795
1205.8335,1205.8745,68437,83130,Rhinolophus ferrumequinum,0.029,0.029,-1,Echolocation,/mnt/ubna_data_02_mir/recover-20220922/UBNA_001/20220921_090000.WAV,Telephone Field,recover-20220922,001,1795
1205.8615,1205.9031,68437,82783,Rhinolophus ferrumequinum,0.025,0.025,-1,Echolocation,/mnt/ubna_data_02_mir/recover-20220922/UBNA_001/20220921_090000.WAV,Telephone Field,recover-20220922,001,1795
1205.8705,1205.8809,14296,19720,Nyctalus noctula,0.012,0.025,-1,Echolocation,/mnt/ubna_data_02_mir/recover-20220922/UBNA_001/20220921_090000.WAV,Telephone Field,recover-20220922,001,1795
1205.8835,1205.9216,68437,81993,Rhinolophus ferrumequinum,0.024,0.024,-1,Echolocation,/mnt/ubna_data_02_mir/recover-20220922/UBNA_001/20220921_090000.WAV,Telephone Field,recover-20220922,001,1795
1205.8935,1205.9025,22031,28644,Plecotus austriacus,0.008,0.022,-1,Echolocation,/mnt/ubna_data_02_mir/recover-20220922/UBNA_001/20220921_090000.WAV,Telephone Field,recover-20220922,001,1795
1205.9175,1205.9545,68437,82445,Rhinolophus ferrumequinum,0.027,0.027,-1,Echolocation,/mnt/ubna_data_02_mir/recover-20220922/UBNA_001/20220921_090000.WAV,Telephone Field,recover-20220922,001,1795
1205.9295,1205.9371,24609,33769,Plecotus austriacus,0.012,0.029,-1,Echolocation,/mnt/ubna_data_02_mir/recover-20220922/UBNA_001/20220921_090000.WAV,Telephone Field,recover-20220922,001,1795
1205.9555,1205.9924,68437,82035,Rhinolophus ferrumequinum,0.022,0.022,-1,Echolocation,/mnt/ubna_data_02_mir/recover-20220922/UBNA_001/20220921_090000.WAV,Telephone Field,recover-20220922,001,1795
1206.0015,1206.0332,68437,79954,Rhinolophus ferrumequinum,0.031,0.032,-1,Echolocation,/mnt/ubna_data_02_mir/recover-20220922/UBNA_001/20220921_090000.WAV,Telephone Field,recover-20220922,001,1795
1206.0015,1206.0146,17734,22071,Nyctalus leisleri,0.012,0.029,-1,Echolocation,/mnt/ubna_data_02_mir/recover-20220922/UBNA_001/20220921_090000.WAV,Telephone Field,recover-20220922,001,1795
1206.0155,1206.0248,27187,39372,Eptesicus serotinus,0.01,0.025,-1,Echolocation,/mnt/ubna_data_02_mir/recover-20220922/UBNA_001/20220921_090000.WAV,Telephone Field,recover-20220922,001,1795
1206.0325,1206.0689,68437,81289,Rhinolophus ferrumequinum,0.021,0.021,-1,Echolocation,/mnt/ubna_data_02_mir/recover-20220922/UBNA_001/20220921_090000.WAV,Telephone Field,recover-20220922,001,1795
1206.0415,1206.0785,68437,81768,Rhinolophus ferrumequinum,0.024,0.024,-1,Echolocation,/mnt/ubna_data_02_mir/recover-20220922/UBNA_001/20220921_090000.WAV,Telephone Field,recover-20220922,001,1795
1206.0865,1206.1229,68437,81929,Rhinolophus ferrumequinum,0.023,0.023,-1,Echolocation,/mnt/ubna_data_02_mir/recover-20220922/UBNA_001/20220921_090000.WAV,Telephone Field,recover-20220922,001,1795
1206.0965,1206.1349,68437,82208,Rhinolophus ferrumequinum,0.023,0.023,-1,Echolocation,/mnt/ubna_data_02_mir/recover-20220922/UBNA_001/20220921_090000.WAV,Telephone Field,recover-20220922,001,1795
1206.0995,1206.1074,28046,39361,Eptesicus serotinus,0.007,0.021,-1,Echolocation,/mnt/ubna_data_02_mir/recover-20220922/UBNA_001/20220921_090000.WAV,Telephone Field,recover-20220922,001,1795
1206.1565,1206.1944,68437,82583,Rhinolophus ferrumequinum,0.025,0.025,-1,Echolocation,/mnt/ubna_data_02_mir/recover-20220922/UBNA_001/20220921_090000.WAV,Telephone Field,recover-20220922,001,1795
1206.1765,1206.2137,68437,81535,Rhinolophus ferrumequinum,0.023,0.023,-1,Echolocation,/mnt/ubna_data_02_mir/recover-20220922/UBNA_001/20220921_090000.WAV,Telephone Field,recover-20220922,001,1795
1206.1835,1206.2225,68437,81842,Rhinolophus ferrumequinum,0.023,0.023,-1,Echolocation,/mnt/ubna_data_02_mir/recover-20220922/UBNA_001/20220921_090000.WAV,Telephone Field,recover-20220922,001,1795
1206.2045,1206.2417,68437,82036,Rhinolophus ferrumequinum,0.024,0.024,-1,Echolocation,/mnt/ubna_data_02_mir/recover-20220922/UBNA_001/20220921_090000.WAV,Telephone Field,recover-20220922,001,1795
1206.2355,1206.2753,68437,82496,Rhinolophus ferrumequinum,0.023,0.023,-1,Echolocation,/mnt/ubna_data_02_mir/recover-20220922/UBNA_001/20220921_090000.WAV,Telephone Field,recover-20220922,001,1795
1206.2975,1206.3059,28046,38068,Eptesicus serotinus,0.008,0.023,-1,Echolocation,/mnt/ubna_data_02_mir/recover-20220922/UBNA_001/20220921_090000.WAV,Telephone Field,recover-20220922,001,1795
1206.2995,1206.3397,68437,81605,Rhinolophus ferrumequinum,0.044,0.044,-1,Echolocation,/mnt/ubna_data_02_mir/recover-20220922/UBNA_001/20220921_090000.WAV,Telephone Field,recover-20220922,001,1795
1206.3935,1206.4039,22890,28886,Nyctalus leisleri,0.014,0.034,-1,Echolocation,/mnt/ubna_data_02_mir/recover-20220922/UBNA_001/20220921_090000.WAV,Telephone Field,recover-20220922,001,1795
1206.4285,1206.4357,25468,35220,Eptesicus serotinus,0.007,0.023,-1,Echolocation,/mnt/ubna_data_02_mir/recover-20220922/UBNA_001/20220921_090000.WAV,Telephone Field,recover-20220922,001,1795
1206.4685,1206.5061,68437,81254,Rhinolophus ferrumequinum,0.03,0.03,-1,Echolocation,/mnt/ubna_data_02_mir/recover-20220922/UBNA_001/20220921_090000.WAV,Telephone Field,recover-20220922,001,1795
1206.4955,1206.5343,68437,81938,Rhinolophus ferrumequinum,0.023,0.023,-1,Echolocation,/mnt/ubna_data_02_mir/recover-20220922/UBNA_001/20220921_090000.WAV,Telephone Field,recover-20220922,001,1795
1206.5205,1206.5579,68437,82236,Rhinolophus ferrumequinum,0.023,0.023,-1,Echolocation,/mnt/ubna_data_02_mir/recover-20220922/UBNA_001/20220921_090000.WAV,Telephone Field,recover-20220922,001,1795
1206.5365,1206.5441,28046,40065,Eptesicus serotinus,0.007,0.022,-1,Echolocation,/mnt/ubna_data_02_mir/recover-20220922/UBNA_001/20220921_090000.WAV,Telephone Field,recover-20220922,001,1795
1206.5505,1206.5912,68437,82486,Rhinolophus ferrumequinum,0.04,0.04,-1,Echolocation,/mnt/ubna_data_02_mir/recover-20220922/UBNA_001/20220921_090000.WAV,Telephone Field,recover-20220922,001,1795
1206.5555,1206.5642,28906,38632,Eptesicus serotinus,0.011,0.029,-1,Echolocation,/mnt/ubna_data_02_mir/recover-20220922/UBNA_001/20220921_090000.WAV,Telephone Field,recover-20220922,001,1795
1206.5725,1206.6119,68437,82421,Rhinolophus ferrumequinum,0.022,0.022,-1,Echolocation,/mnt/ubna_data_02_mir/recover-20220922/UBNA_001/20220921_090000.WAV,Telephone Field,recover-20220922,001,1795
1206.5785,1206.5868,28046,39048,Eptesicus serotinus,0.008,0.022,-1,Echolocation,/mnt/ubna_data_02_mir/recover-20220922/UBNA_001/20220921_090000.WAV,Telephone Field,recover-20220922,001,1795
1206.5925,1206.633,68437,82685,Rhinolophus ferrumequinum,0.028,0.028,-1,Echolocation,/mnt/ubna_data_02_mir/recover-20220922/UBNA_001/20220921_090000.WAV,Telephone Field,recover-20220922,001,1795
1206.6395,1206.6819,68437,82819,Rhinolophus ferrumequinum,0.042,0.042,-1,Echolocation,/mnt/ubna_data_02_mir/recover-20220922/UBNA_001/20220921_090000.WAV,Telephone Field,recover-20220922,001,1795
1206.6565,1206.6664,24609,31279,Eptesicus serotinus,0.009,0.026,-1,Echolocation,/mnt/ubna_data_02_mir/recover-20220922/UBNA_001/20220921_090000.WAV,Telephone Field,recover-20220922,001,1795
1206.6785,1206.7198,68437,82004,Rhinolophus ferrumequinum,0.023,0.023,-1,Echolocation,/mnt/ubna_data_02_mir/recover-20220922/UBNA_001/20220921_090000.WAV,Telephone Field,recover-20220922,001,1795
1206.6855,1206.7273,68437,82568,Rhinolophus ferrumequinum,0.024,0.024,-1,Echolocation,/mnt/ubna_data_02_mir/recover-20220922/UBNA_001/20220921_090000.WAV,Telephone Field,recover-20220922,001,1795
1206.6965,1206.7039,25468,34043,Eptesicus serotinus,0.006,0.021,-1,Echolocation,/mnt/ubna_data_02_mir/recover-20220922/UBNA_001/20220921_090000.WAV,Telephone Field,recover-20220922,001,1795
1206.7045,1206.7401,68437,81916,Rhinolophus ferrumequinum,0.022,0.022,-1,Echolocation,/mnt/ubna_data_02_mir/recover-20220922/UBNA_001/20220921_090000.WAV,Telephone Field,recover-20220922,001,1795
1206.7075,1206.7154,36640,45858,Myotis daubentonii,0.009,0.027,-1,Echolocation,/mnt/ubna_data_02_mir/recover-20220922/UBNA_001/20220921_090000.WAV,Telephone Field,recover-20220922,001,1795
1206.7295,1206.7671,68437,81990,Rhinolophus ferrumequinum,0.021,0.021,-1,Echolocation,/mnt/ubna_data_02_mir/recover-20220922/UBNA_001/20220921_090000.WAV,Telephone Field,recover-20220922,001,1795
1206.7455,1206.7525,26328,40111,Eptesicus serotinus,0.006,0.022,-1,Echolocation,/mnt/ubna_data_02_mir/recover-20220922/UBNA_001/20220921_090000.WAV,Telephone Field,recover-20220922,001,1795
1206.7755,1206.8146,68437,81965,Rhinolophus ferrumequinum,0.021,0.021,-1,Echolocation,/mnt/ubna_data_02_mir/recover-20220922/UBNA_001/20220921_090000.WAV,Telephone Field,recover-20220922,001,1795
1206.7995,1206.8395,68437,82091,Rhinolophus ferrumequinum,0.023,0.023,-1,Echolocation,/mnt/ubna_data_02_mir/recover-20220922/UBNA_001/20220921_090000.WAV,Telephone Field,recover-20220922,001,1795
1206.8395,1206.8805,68437,82730,Rhinolophus ferrumequinum,0.023,0.023,-1,Echolocation,/mnt/ubna_data_02_mir/recover-20220922/UBNA_001/20220921_090000.WAV,Telephone Field,recover-20220922,001,1795
1206.8435,1206.8511,28046,42018,Eptesicus serotinus,0.007,0.023,-1,Echolocation,/mnt/ubna_data_02_mir/recover-20220922/UBNA_001/20220921_090000.WAV,Telephone Field,recover-20220922,001,1795
1206.8435,1206.8534,43515,50453,Pipistrellus pipistrellus,0.016,0.021,-1,Echolocation,/mnt/ubna_data_02_mir/recover-20220922/UBNA_001/20220921_090000.WAV,Telephone Field,recover-20220922,001,1795
1206.8645,1206.8738,44375,47096,Pipistrellus pipistrellus,0.025,0.027,-1,Echolocation,/mnt/ubna_data_02_mir/recover-20220922/UBNA_001/20220921_090000.WAV,Telephone Field,recover-20220922,001,1795
1206.8655,1206.8735,28046,40587,Eptesicus serotinus,0.008,0.022,-1,Echolocation,/mnt/ubna_data_02_mir/recover-20220922/UBNA_001/20220921_090000.WAV,Telephone Field,recover-20220922,001,1795
1206.8735,1206.9095,68437,80736,Rhinolophus ferrumequinum,0.022,0.023,-1,Echolocation,/mnt/ubna_data_02_mir/recover-20220922/UBNA_001/20220921_090000.WAV,Telephone Field,recover-20220922,001,1795
1206.8795,1206.9151,68437,81809,Rhinolophus ferrumequinum,0.022,0.022,-1,Echolocation,/mnt/ubna_data_02_mir/recover-20220922/UBNA_001/20220921_090000.WAV,Telephone Field,recover-20220922,001,1795
1206.8885,1206.9295,68437,82903,Rhinolophus ferrumequinum,0.023,0.023,-1,Echolocation,/mnt/ubna_data_02_mir/recover-20220922/UBNA_001/20220921_090000.WAV,Telephone Field,recover-20220922,001,1795
1206.9635,1207.001,68437,81768,Rhinolophus ferrumequinum,0.022,0.022,-1,Echolocation,/mnt/ubna_data_02_mir/recover-20220922/UBNA_001/20220921_090000.WAV,Telephone Field,recover-20220922,001,1795
1206.9935,1207.0349,68437,82798,Rhinolophus ferrumequinum,0.022,0.022,-1,Echolocation,/mnt/ubna_data_02_mir/recover-20220922/UBNA_001/20220921_090000.WAV,Telephone Field,recover-20220922,001,1795
1207.0375,1207.0447,27187,36263,Eptesicus serotinus,0.012,0.032,-1,Echolocation,/mnt/ubna_data_02_mir/recover-20220922/UBNA_001/20220921_090000.WAV,Telephone Field,recover-20220922,001,1795
1207.0565,1207.0978,68437,82573,Rhinolophus ferrumequinum,0.023,0.023,-1,Echolocation,/mnt/ubna_data_02_mir/recover-20220922/UBNA_001/20220921_090000.WAV,Telephone Field,recover-20220922,001,1795
1207.0635,1207.1041,68437,82624,Rhinolophus ferrumequinum,0.027,0.027,-1,Echolocation,/mnt/ubna_data_02_mir/recover-20220922/UBNA_001/20220921_090000.WAV,Telephone Field,recover-20220922,001,1795
1207.0635,1207.0712,28046,35457,Eptesicus serotinus,0.019,0.042,-1,Echolocation,/mnt/ubna_data_02_mir/recover-20220922/UBNA_001/20220921_090000.WAV,Telephone Field,recover-20220922,001,1795
1207.0725,1207.1123,68437,82918,Rhinolophus ferrumequinum,0.025,0.025,-1,Echolocation,/mnt/ubna_data_02_mir/recover-20220922/UBNA_001/20220921_090000.WAV,Telephone Field,recover-20220922,001,1795
1207.0975,1207.1386,68437,82027,Rhinolophus ferrumequinum,0.024,0.024,-1,Echolocation,/mnt/ubna_data_02_mir/recover-20220922/UBNA_001/20220921_090000.WAV,Telephone Field,recover-20220922,001,1795
1207.1875,1207.2004,22031,25642,Nyctalus leisleri,0.014,0.022,-1,Echolocation,/mnt/ubna_data_02_mir/recover-20220922/UBNA_001/20220921_090000.WAV,Telephone Field,recover-20220922,001,1795
1207.1965,1207.2376,68437,82416,Rhinolophus ferrumequinum,0.028,0.028,-1,Echolocation,/mnt/ubna_data_02_mir/recover-20220922/UBNA_001/20220921_090000.WAV,Telephone Field,recover-20220922,001,1795
1207.2075,1207.2156,28906,36388,Eptesicus serotinus,0.024,0.048,-1,Echolocation,/mnt/ubna_data_02_mir/recover-20220922/UBNA_001/20220921_090000.WAV,Telephone Field,recover-20220922,001,1795
1207.2485,1207.2556,49531,53188,Pipistrellus pipistrellus,0.025,0.027,-1,Echolocation,/mnt/ubna_data_02_mir/recover-20220922/UBNA_001/20220921_090000.WAV,Telephone Field,recover-20220922,001,1795
1207.2485,1207.257,28046,37265,Eptesicus serotinus,0.007,0.021,-1,Echolocation,/mnt/ubna_data_02_mir/recover-20220922/UBNA_001/20220921_090000.WAV,Telephone Field,recover-20220922,001,1795
1207.2495,1207.2876,68437,82154,Rhinolophus ferrumequinum,0.022,0.022,-1,Echolocation,/mnt/ubna_data_02_mir/recover-20220922/UBNA_001/20220921_090000.WAV,Telephone Field,recover-20220922,001,1795
1207.2755,1207.3119,68437,81767,Rhinolophus ferrumequinum,0.022,0.022,-1,Echolocation,/mnt/ubna_data_02_mir/recover-20220922/UBNA_001/20220921_090000.WAV,Telephone Field,recover-20220922,001,1795
1207.3135,1207.3517,68437,82279,Rhinolophus ferrumequinum,0.021,0.022,-1,Echolocation,/mnt/ubna_data_02_mir/recover-20220922/UBNA_001/20220921_090000.WAV,Telephone Field,recover-20220922,001,1795
1207.3555,1207.3635,26328,36103,Eptesicus serotinus,0.006,0.021,-1,Echolocation,/mnt/ubna_data_02_mir/recover-20220922/UBNA_001/20220921_090000.WAV,Telephone Field,recover-20220922,001,1795
1207.3705,1207.411,68437,82314,Rhinolophus ferrumequinum,0.027,0.027,-1,Echolocation,/mnt/ubna_data_02_mir/recover-20220922/UBNA_001/20220921_090000.WAV,Telephone Field,recover-20220922,001,1795
1207.3785,1207.3866,28046,38025,Eptesicus serotinus,0.009,0.023,-1,Echolocation,/mnt/ubna_data_02_mir/recover-20220922/UBNA_001/20220921_090000.WAV,Telephone Field,recover-20220922,001,1795
1207.4035,1207.4118,28906,38588,Eptesicus serotinus,0.008,0.022,-1,Echolocation,/mnt/ubna_data_02_mir/recover-20220922/UBNA_001/20220921_090000.WAV,Telephone Field,recover-20220922,001,1795
1207.4235,1207.4644,68437,82901,Rhinolophus ferrumequinum,0.026,0.026,-1,Echolocation,/mnt/ubna_data_02_mir/recover-20220922/UBNA_001/20220921_090000.WAV,Telephone Field,recover-20220922,001,1795
1207.4375,1207.4768,68437,82027,Rhinolophus ferrumequinum,0.022,0.022,-1,Echolocation,/mnt/ubna_data_02_mir/recover-20220922/UBNA_001/20220921_090000.WAV,Telephone Field,recover-20220922,001,1795
1207.5005,1207.519,20312,23821,Nyctalus leisleri,0.014,0.025,-1,Echolocation,/mnt/ubna_data_02_mir/recover-20220922/UBNA_001/20220921_090000.WAV,Telephone Field,recover-20220922,001,1795
1207.5325,1207.5698,68437,82278,Rhinolophus ferrumequinum,0.021,0.021,-1,Echolocation,/mnt/ubna_data_02_mir/recover-20220922/UBNA_001/20220921_090000.WAV,Telephone Field,recover-20220922,001,1795
1207.5465,1207.5556,25468,33526,Eptesicus serotinus,0.009,0.022,-1,Echolocation,/mnt/ubna_data_02_mir/recover-20220922/UBNA_001/20220921_090000.WAV,Telephone Field,recover-20220922,001,1795
1207.5545,1207.5958,68437,82807,Rhinolophus ferrumequinum,0.023,0.023,-1,Echolocation,/mnt/ubna_data_02_mir/recover-20220922/UBNA_001/20220921_090000.WAV,Telephone Field,recover-20220922,001,1795
1207.5815,1207.5908,26328,34414,Eptesicus serotinus,0.01,0.022,-1,Echolocation,/mnt/ubna_data_02_mir/recover-20220922/UBNA_001/20220921_090000.WAV,Telephone Field,recover-20220922,001,1795
1207.6105,1207.6177,24609,34468,Plecotus austriacus,0.01,0.027,-1,Echolocation,/mnt/ubna_data_02_mir/recover-20220922/UBNA_001/20220921_090000.WAV,Telephone Field,recover-20220922,001,1795
1207.6235,1207.631,24609,33464,Eptesicus serotinus,0.006,0.021,-1,Echolocation,/mnt/ubna_data_02_mir/recover-20220922/UBNA_001/20220921_090000.WAV,Telephone Field,recover-20220922,001,1795
1207.6425,1207.6807,68437,82066,Rhinolophus ferrumequinum,0.024,0.024,-1,Echolocation,/mnt/ubna_data_02_mir/recover-20220922/UBNA_001/20220921_090000.WAV,Telephone Field,recover-20220922,001,1795
1207.6715,1207.6784,28046,40523,Eptesicus serotinus,0.008,0.026,-1,Echolocation,/mnt/ubna_data_02_mir/recover-20220922/UBNA_001/20220921_090000.WAV,Telephone Field,recover-20220922,001,1795
1207.7355,1207.7767,68437,83090,Rhinolophus ferrumequinum,0.023,0.023,-1,Echolocation,/mnt/ubna_data_02_mir/recover-20220922/UBNA_001/20220921_090000.WAV,Telephone Field,recover-20220922,001,1795
1207.7705,1207.8082,68437,82368,Rhinolophus ferrumequinum,0.025,0.025,-1,Echolocation,/mnt/ubna_data_02_mir/recover-20220922/UBNA_001/20220921_090000.WAV,Telephone Field,recover-20220922,001,1795
1207.7955,1207.8349,68437,82094,Rhinolophus ferrumequinum,0.026,0.026,-1,Echolocation,/mnt/ubna_data_02_mir/recover-20220922/UBNA_001/20220921_090000.WAV,Telephone Field,recover-20220922,001,1795
1207.8425,1207.86,21171,24241,Nyctalus leisleri,0.016,0.025,-1,Echolocation,/mnt/ubna_data_02_mir/recover-20220922/UBNA_001/20220921_090000.WAV,Telephone Field,recover-20220922,001,1795
1207.8555,1207.8618,28906,40000,Eptesicus serotinus,0.019,0.05,-1,Echolocation,/mnt/ubna_data_02_mir/recover-20220922/UBNA_001/20220921_090000.WAV,Telephone Field,recover-20220922,001,1795
1207.9225,1207.958,68437,80736,Rhinolophus ferrumequinum,0.021,0.022,-1,Echolocation,/mnt/ubna_data_02_mir/recover-20220922/UBNA_001/20220921_090000.WAV,Telephone Field,recover-20220922,001,1795
1207.9375,1207.976,68437,81887,Rhinolophus ferrumequinum,0.022,0.022,-1,Echolocation,/mnt/ubna_data_02_mir/recover-20220922/UBNA_001/20220921_090000.WAV,Telephone Field,recover-20220922,001,1795
1208.0015,1208.033,69296,80915,Rhinolophus ferrumequinum,0.043,0.043,-1,Echolocation,/mnt/ubna_data_02_mir/recover-20220922/UBNA_001/20220921_090000.WAV,Telephone Field,recover-20220922,001,1795
1208.0015,1208.0112,23750,30456,Nyctalus leisleri,0.015,0.037,-1,Echolocation,/mnt/ubna_data_02_mir/recover-20220922/UBNA_001/20220921_090000.WAV,Telephone Field,recover-20220922,001,1795
1208.0015,1208.0121,47812,53695,Pipistrellus pipistrellus,0.021,0.027,-1,Echolocation,/mnt/ubna_data_02_mir/recover-20220922/UBNA_001/20220921_090000.WAV,Telephone Field,recover-20220922,001,1795
1208.0145,1208.0576,68437,83190,Rhinolophus ferrumequinum,0.024,0.024,-1,Echolocation,/mnt/ubna_data_02_mir/recover-20220922/UBNA_001/20220921_090000.WAV,Telephone Field,recover-20220922,001,1795
1208.0245,1208.0347,25468,32689,Eptesicus serotinus,0.012,0.03,-1,Echolocation,/mnt/ubna_data_02_mir/recover-20220922/UBNA_001/20220921_090000.WAV,Telephone Field,recover-20220922,001,1795
1208.0335,1208.0748,68437,83181,Rhinolophus ferrumequinum,0.024,0.024,-1,Echolocation,/mnt/ubna_data_02_mir/recover-20220922/UBNA_001/20220921_090000.WAV,Telephone Field,recover-20220922,001,1795
1208.0685,1208.1063,68437,81735,Rhinolophus ferrumequinum,0.025,0.025,-1,Echolocation,/mnt/ubna_data_02_mir/recover-20220922/UBNA_001/20220921_090000.WAV,Telephone Field,recover-20220922,001,1795
1208.0755,1208.1137,68437,81654,Rhinolophus ferrumequinum,0.024,0.024,-1,Echolocation,/mnt/ubna_data_02_mir/recover-20220922/UBNA_001/20220921_090000.WAV,Telephone Field,recover-20220922,001,1795
1208.0925,1208.1341,68437,82749,Rhinolophus ferrumequinum,0.022,0.022,-1,Echolocation,/mnt/ubna_data_02_mir/recover-20220922/UBNA_001/20220921_090000.WAV,Telephone Field,recover-20220922,001,1795
1208.1055,1208.1459,68437,82492,Rhinolophus ferrumequinum,0.026,0.026,-1,Echolocation,/mnt/ubna_data_02_mir/recover-20220922/UBNA_001/20220921_090000.WAV,Telephone Field,recover-20220922,001,1795
1208.1495,1208.1595,24609,31177,Nyctalus leisleri,0.009,0.025,-1,Echolocation,/mnt/ubna_data_02_mir/recover-20220922/UBNA_001/20220921_090000.WAV,Telephone Field,recover-20220922,001,1795
1208.1715,1208.2143,68437,83415,Rhinolophus ferrumequinum,0.031,0.031,-1,Echolocation,/mnt/ubna_data_02_mir/recover-20220922/UBNA_001/20220921_090000.WAV,Telephone Field,recover-20220922,001,1795
1208.2155,1208.254,68437,81843,Rhinolophus ferrumequinum,0.022,0.022,-1,Echolocation,/mnt/ubna_data_02_mir/recover-20220922/UBNA_001/20220921_090000.WAV,Telephone Field,recover-20220922,001,1795
1208.2315,1208.2388,27187,36568,Eptesicus serotinus,0.008,0.023,-1,Echolocation,/mnt/ubna_data_02_mir/recover-20220922/UBNA_001/20220921_090000.WAV,Telephone Field,recover-20220922,001,1795
1208.2435,1208.2778,68437,81384,Rhinolophus ferrumequinum,0.051,0.051,-1,Echolocation,/mnt/ubna_data_02_mir/recover-20220922/UBNA_001/20220921_090000.WAV,Telephone Field,recover-20220922,001,1795
1208.3165,1208.3277,50390,55484,Pipistrellus pipistrellus,0.016,0.022,-1,Echolocation,/mnt/ubna_data_02_mir/recover-20220922/UBNA_001/20220921_090000.WAV,Telephone Field,recover-20220922,001,1795
1208.3215,1208.3318,22890,28457,Nyctalus leisleri,0.01,0.025,-1,Echolocation,/mnt/ubna_data_02_mir/recover-20220922/UBNA_001/20220921_090000.WAV,Telephone Field,recover-20220922,001,1795
1208.3325,1208.3726,68437,82391,Rhinolophus ferrumequinum,0.023,0.023,-1,Echolocation,/mnt/ubna_data_02_mir/recover-20220922/UBNA_001/20220921_090000.WAV,Telephone Field,recover-20220922,001,1795
1208.3515,1208.3916,68437,82153,Rhinolophus ferrumequinum,0.024,0.024,-1,Echolocation,/mnt/ubna_data_02_mir/recover-20220922/UBNA_001/20220921_090000.WAV,Telephone Field,recover-20220922,001,1795
1208.3885,1208.4274,68437,82449,Rhinolophus ferrumequinum,0.026,0.026,-1,Echolocation,/mnt/ubna_data_02_mir/recover-20220922/UBNA_001/20220921_090000.WAV,Telephone Field,recover-20220922,001,1795
1208.4155,1208.4563,68437,82156,Rhinolophus ferrumequinum,0.027,0.027,-1,Echolocation,/mnt/ubna_data_02_mir/recover-20220922/UBNA_001/20220921_090000.WAV,Telephone Field,recover-20220922,001,1795
1208.4705,1208.5142,68437,82604,Rhinolophus ferrumequinum,0.022,0.022,-1,Echolocation,/mnt/ubna_data_02_mir/recover-20220922/UBNA_001/20220921_090000.WAV,Telephone Field,recover-20220922,001,1795
1208.4795,1208.5228,68437,83550,Rhinolophus ferrumequinum,0.028,0.028,-1,Echolocation,/mnt/ubna_data_02_mir/recover-20220922/UBNA_001/20220921_090000.WAV,Telephone Field,recover-20220922,001,1795
1208.4865,1208.4952,28046,37846,Eptesicus serotinus,0.01,0.024,-1,Echolocation,/mnt/ubna_data_02_mir/recover-20220922/UBNA_001/20220921_090000.WAV,Telephone Field,recover-20220922,001,1795
1208.4895,1208.5291,68437,82080,Rhinolophus ferrumequinum,0.022,0.022,-1,Echolocation,/mnt/ubna_data_02_mir/recover-20220922/UBNA_001/20220921_090000.WAV,Telephone Field,recover-20220922,001,1795
1208.5045,1208.5419,68437,81467,Rhinolophus ferrumequinum,0.024,0.024,-1,Echolocation,/mnt/ubna_data_02_mir/recover-20220922/UBNA_001/20220921_090000.WAV,Telephone Field,recover-20220922,001,1795
1208.5385,1208.5754,68437,81864,Rhinolophus ferrumequinum,0.045,0.045,-1,Echolocation,/mnt/ubna_data_02_mir/recover-20220922/UBNA_001/20220921_090000.WAV,Telephone Field,recover-20220922,001,1795
1208.5475,1208.5903,68437,83054,Rhinolophus ferrumequinum,0.027,0.027,-1,Echolocation,/mnt/ubna_data_02_mir/recover-20220922/UBNA_001/20220921_090000.WAV,Telephone Field,recover-20220922,001,1795
1208.5535,1208.5936,68437,82583,Rhinolophus ferrumequinum,0.025,0.025,-1,Echolocation,/mnt/ubna_data_02_mir/recover-20220922/UBNA_001/20220921_090000.WAV,Telephone Field,recover-20220922,001,1795
1208.6435,1208.6793,68437,80658,Rhinolophus ferrumequinum,0.024,0.024,-1,Echolocation,/mnt/ubna_data_02_mir/recover-20220922/UBNA_001/20220921_090000.WAV,Telephone Field,recover-20220922,001,1795
1208.6635,1208.7035,68437,82723,Rhinolophus ferrumequinum,0.026,0.026,-1,Echolocation,/mnt/ubna_data_02_mir/recover-20220922/UBNA_001/20220921_090000.WAV,Telephone Field,recover-20220922,001,1795
1208.6785,1208.688,28046,37770,Eptesicus serotinus,0.01,0.025,-1,Echolocation,/mnt/ubna_data_02_mir/recover-20220922/UBNA_001/20220921_090000.WAV,Telephone Field,recover-20220922,001,1795
1208.6855,1208.7262,68437,82578,Rhinolophus ferrumequinum,0.024,0.024,-1,Echolocation,/mnt/ubna_data_02_mir/recover-20220922/UBNA_001/20220921_090000.WAV,Telephone Field,recover-20220922,001,1795
1208.7175,1208.7583,68437,82683,Rhinolophus ferrumequinum,0.022,0.022,-1,Echolocation,/mnt/ubna_data_02_mir/recover-20220922/UBNA_001/20220921_090000.WAV,Telephone Field,recover-20220922,001,1795
1208.7615,1208.7716,27187,34614,Eptesicus serotinus,0.012,0.026,-1,Echolocation,/mnt/ubna_data_02_mir/recover-20220922/UBNA_001/20220921_090000.WAV,Telephone Field,recover-20220922,001,1795
1208.7765,1208.8169,68437,82370,Rhinolophus ferrumequinum,0.022,0.022,-1,Echolocation,/mnt/ubna_data_02_mir/recover-20220922/UBNA_001/20220921_090000.WAV,Telephone Field,recover-20220922,001,1795
1208.8505,1208.8696,20312,22902,Nyctalus leisleri,0.015,0.023,-1,Echolocation,/mnt/ubna_data_02_mir/recover-20220922/UBNA_001/20220921_090000.WAV,Telephone Field,recover-20220922,001,1795
1208.8595,1208.8972,68437,80736,Rhinolophus ferrumequinum,0.024,0.024,-1,Echolocation,/mnt/ubna_data_02_mir/recover-20220922/UBNA_001/20220921_090000.WAV,Telephone Field,recover-20220922,001,1795
1208.8655,1208.9015,68437,81100,Rhinolophus ferrumequinum,0.021,0.022,-1,Echolocation,/mnt/ubna_data_02_mir/recover-20220922/UBNA_001/20220921_090000.WAV,Telephone Field,recover-20220922,001,1795
1208.8875,1208.9249,68437,82004,Rhinolophus ferrumequinum,0.022,0.022,-1,Echolocation,/mnt/ubna_data_02_mir/recover-20220922/UBNA_001/20220921_090000.WAV,Telephone Field,recover-20220922,001,1795
1208.9015,1208.9416,68437,82219,Rhinolophus ferrumequinum,0.023,0.023,-1,Echolocation,/mnt/ubna_data_02_mir/recover-20220922/UBNA_001/20220921_090000.WAV,Telephone Field,recover-20220922,001,1795
1208.9335,1208.9427,28046,38590,Eptesicus serotinus,0.009,0.023,-1,Echolocation,/mnt/ubna_data_02_mir/recover-20220922/UBNA_001/20220921_090000.WAV,Telephone Field,recover-20220922,001,1795
1208.9385,1208.9468,23750,31987,Plecotus austriacus,0.008,0.022,-1,Echolocation,/mnt/ubna_data_02_mir/recover-20220922/UBNA_001/20220921_090000.WAV,Telephone Field,recover-20220922,001,1795
1208.9555,1208.9962,68437,82691,Rhinolophus ferrumequinum,0.024,0.024,-1,Echolocation,/mnt/ubna_data_02_mir/recover-20220922/UBNA_001/20220921_090000.WAV,Telephone Field,recover-20220922,001,1795
1208.9715,1209.0095,68437,82307,Rhinolophus ferrumequinum,0.021,0.021,-1,Echolocation,/mnt/ubna_data_02_mir/recover-20220922/UBNA_001/20220921_090000.WAV,Telephone Field,recover-20220922,001,1795
1208.9895,1208.9966,27187,37297,Eptesicus serotinus,0.009,0.028,-1,Echolocation,/mnt/ubna_data_02_mir/recover-20220922/UBNA_001/20220921_090000.WAV,Telephone Field,recover-20220922,001,1795
1209.0075,1209.022,22031,25433,Nyctalus leisleri,0.017,0.026,-1,Echolocation,/mnt/ubna_data_02_mir/recover-20220922/UBNA_001/20220921_090000.WAV,Telephone Field,recover-20220922,001,1795
1209.0155,1209.0558,68437,82578,Rhinolophus ferrumequinum,0.026,0.026,-1,Echolocation,/mnt/ubna_data_02_mir/recover-20220922/UBNA_001/20220921_090000.WAV,Telephone Field,recover-20220922,001,1795
1209.0635,1209.1053,68437,82795,Rhinolophus ferrumequinum,0.035,0.035,-1,Echolocation,/mnt/ubna_data_02_mir/recover-20220922/UBNA_001/20220921_090000.WAV,Telephone Field,recover-20220922,001,1795
1209.0755,1209.0835,28906,37572,Eptesicus serotinus,0.018,0.042,-1,Echolocation,/mnt/ubna_data_02_mir/recover-20220922/UBNA_001/20220921_090000.WAV,Telephone Field,recover-20220922,001,1795
1209.1075,1209.1485,68437,82706,Rhinolophus ferrumequinum,0.025,0.025,-1,Echolocation,/mnt/ubna_data_02_mir/recover-20220922/UBNA_001/20220921_090000.WAV,Telephone Field,recover-20220922,001,1795
1209.1125,1209.126,32343,37126,Eptesicus serotinus,0.011,0.036,-1,Echolocation,/mnt/ubna_data_02_mir/recover-20220922/UBNA_001/20220921_090000.WAV,Telephone Field,recover-20220922,001,1795
1209.1295,1209.1408,23750,28235,Nyctalus leisleri,0.011,0.022,-1,Echolocation,/mnt/ubna_data_02_mir/recover-20220922/UBNA_001/20220921_090000.WAV,Telephone Field,recover-20220922,001,1795
1209.1335,1209.1786,68437,83207,Rhinolophus ferrumequinum,0.045,0.045,-1,Echolocation,/mnt/ubna_data_02_mir/recover-20220922/UBNA_001/20220921_090000.WAV,Telephone Field,recover-20220922,001,1795
1209.1435,1209.1881,68437,83605,Rhinolophus ferrumequinum,0.038,0.038,-1,Echolocation,/mnt/ubna_data_02_mir/recover-20220922/UBNA_001/20220921_090000.WAV,Telephone Field,recover-20220922,001,1795
1209.1875,1209.2246,68437,81309,Rhinolophus ferrumequinum,0.021,0.022,-1,Echolocation,/mnt/ubna_data_02_mir/recover-20220922/UBNA_001/20220921_090000.WAV,Telephone Field,recover-20220922,001,1795
1209.2115,1209.2503,68437,81895,Rhinolophus ferrumequinum,0.023,0.023,-1,Echolocation,/mnt/ubna_data_02_mir/recover-20220922/UBNA_001/20220921_090000.WAV,Telephone Field,recover-20220922,001,1795
1209.2455,1209.2827,68437,81796,Rhinolophus ferrumequinum,0.022,0.022,-1,Echolocation,/mnt/ubna_data_02_mir/recover-20220922/UBNA_001/20220921_090000.WAV,Telephone Field,recover-20220922,001,1795
1209.2725,1209.2812,27187,38977,Eptesicus serotinus,0.009,0.024,-1,Echolocation,/mnt/ubna_data_02_mir/recover-20220922/UBNA_001/20220921_090000.WAV,Telephone Field,recover-20220922,001,1795
1209.2975,1209.3399,68437,82904,Rhinolophus ferrumequinum,0.024,0.024,-1,Echolocation,/mnt/ubna_data_02_mir/recover-20220922/UBNA_001/20220921_090000.WAV,Telephone Field,recover-20220922,001,1795
1209.3235,1209.3623,68437,82767,Rhinolophus ferrumequinum,0.023,0.023,-1,Echolocation,/mnt/ubna_data_02_mir/recover-20220922/UBNA_001/20220921_090000.WAV,Telephone Field,recover-20220922,001,1795
1209.3335,1209.3445,44375,52448,Pipistrellus pipistrellus,0.015,0.022,-1,Echolocation,/mnt/ubna_data_02_mir/recover-20220922/UBNA_001/20220921_090000.WAV,Telephone Field,recover-20220922,001,1795
1209.3385,1209.3803,68437,82408,Rhinolophus ferrumequinum,0.023,0.023,-1,Echolocation,/mnt/ubna_data_02_mir/recover-20220922/UBNA_001/20220921_090000.WAV,Telephone Field,recover-20220922,001,1795
1209.3575,1209.3922,68437,80772,Rhinolophus ferrumequinum,0.025,0.025,-1,Echolocation,/mnt/ubna_data_02_mir/recover-20220922/UBNA_001/20220921_090000.WAV,Telephone Field,recover-20220922,001,1795
1209.3785,1209.4178,68437,82266,Rhinolophus ferrumequinum,0.028,0.028,-1,Echolocation,/mnt/ubna_data_02_mir/recover-20220922/UBNA_001/20220921_090000.WAV,Telephone Field,recover-20220922,001,1795
1209.4005,1209.4362,68437,81791,Rhinolophus ferrumequinum,0.021,0.021,-1,Echolocation,/mnt/ubna_data_02_mir/recover-20220922/UBNA_001/20220921_090000.WAV,Telephone Field,recover-20220922,001,1795
1209.4315,1209.4394,28046,38458,Eptesicus serotinus,0.009,0.024,-1,Echolocation,/mnt/ubna_data_02_mir/recover-20220922/UBNA_001/20220921_090000.WAV,Telephone Field,recover-20220922,001,1795
1209.4615,1209.4706,50390,55826,Pipistrellus pipistrellus,0.017,0.022,-1,Echolocation,/mnt/ubna_data_02_mir/recover-20220922/UBNA_001/20220921_090000.WAV,Telephone Field,recover-20220922,001,1795
1209.4835,1209.4912,23750,31801,Plecotus austriacus,0.009,0.021,-1,Echolocation,/mnt/ubna_data_02_mir/recover-20220922/UBNA_001/20220921_090000.WAV,Telephone Field,recover-20220922,001,1795
1209.5205,1209.562,68437,82773,Rhinolophus ferrumequinum,0.04,0.04,-1,Echolocation,/mnt/ubna_data_02_mir/recover-20220922/UBNA_001/20220921_090000.WAV,Telephone Field,recover-20220922,001,1795
1209.5305,1209.569,68437,82211,Rhinolophus ferrumequinum,0.023,0.023,-1,Echolocation,/mnt/ubna_data_02_mir/recover-20220922/UBNA_001/20220921_090000.WAV,Telephone Field,recover-20220922,001,1795
1209.5475,1209.5583,23750,29234,Nyctalus leisleri,0.01,0.022,-1,Echolocation,/mnt/ubna_data_02_mir/recover-20220922/UBNA_001/20220921_090000.WAV,Telephone Field,recover-20220922,001,1795
1209.5625,1209.571,28046,38264,Eptesicus serotinus,0.008,0.023,-1,Echolocation,/mnt/ubna_data_02_mir/recover-20220922/UBNA_001/20220921_090000.WAV,Telephone Field,recover-20220922,001,1795
1209.6025,1209.613,24609,31135,Nyctalus leisleri,0.011,0.029,-1,Echolocation,/mnt/ubna_data_02_mir/recover-20220922/UBNA_001/20220921_090000.WAV,Telephone Field,recover-20220922,001,1795
1209.6125,1209.6521,68437,82143,Rhinolophus ferrumequinum,0.026,0.026,-1,Echolocation,/mnt/ubna_data_02_mir/recover-20220922/UBNA_001/20220921_090000.WAV,Telephone Field,recover-20220922,001,1795
1209.6165,1209.6269,28906,36502,Eptesicus serotinus,0.01,0.024,-1,Echolocation,/mnt/ubna_data_02_mir/recover-20220922/UBNA_001/20220921_090000.WAV,Telephone Field,recover-20220922,001,1795
1209.6225,1209.6329,22890,28253,Nyctalus leisleri,0.01,0.021,-1,Echolocation,/mnt/ubna_data_02_mir/recover-20220922/UBNA_001/20220921_090000.WAV,Telephone Field,recover-20220922,001,1795
1209.6275,1209.6685,68437,83063,Rhinolophus ferrumequinum,0.033,0.033,-1,Echolocation,/mnt/ubna_data_02_mir/recover-20220922/UBNA_001/20220921_090000.WAV,Telephone Field,recover-20220922,001,1795
1209.6605,1209.6966,68437,81731,Rhinolophus ferrumequinum,0.022,0.022,-1,Echolocation,/mnt/ubna_data_02_mir/recover-20220922/UBNA_001/20220921_090000.WAV,Telephone Field,recover-20220922,001,1795
1209.6885,1209.7263,68437,82116,Rhinolophus ferrumequinum,0.034,0.034,-1,Echolocation,/mnt/ubna_data_02_mir/recover-20220922/UBNA_001/20220921_090000.WAV,Telephone Field,recover-20220922,001,1795
1209.6965,1209.7384,68437,82666,Rhinolophus ferrumequinum,0.023,0.023,-1,Echolocation,/mnt/ubna_data_02_mir/recover-20220922/UBNA_001/20220921_090000.WAV,Telephone Field,recover-20220922,001,1795
1209.7125,1209.7202,46093,49560,Pipistrellus pipistrellus,0.026,0.026,-1,Echolocation,/mnt/ubna_data_02_mir/recover-20220922/UBNA_001/20220921_090000.WAV,Telephone Field,recover-20220922,001,1795
1209.7415,1209.7835,68437,82968,Rhinolophus ferrumequinum,0.023,0.023,-1,Echolocation,/mnt/ubna_data_02_mir/recover-20220922/UBNA_001/20220921_090000.WAV,Telephone Field,recover-20220922,001,1795
1209.7555,1209.7951,68437,83043,Rhinolophus ferrumequinum,0.024,0.024,-1,Echolocation,/mnt/ubna_data_02_mir/recover-20220922/UBNA_001/20220921_090000.WAV,Telephone Field,recover-20220922,001,1795
1209.7655,1209.7783,22890,27279,Nyctalus leisleri,0.018,0.031,-1,Echolocation,/mnt/ubna_data_02_mir/recover-20220922/UBNA_001/20220921_090000.WAV,Telephone Field,recover-20220922,001,1795
1209.7905,1209.8258,68437,80821,Rhinolophus ferrumequinum,0.025,0.025,-1,Echolocation,/mnt/ubna_data_02_mir/recover-20220922/UBNA_001/20220921_090000.WAV,Telephone Field,recover-20220922,001,1795
1209.8305,1209.869,68437,82060,Rhinolophus ferrumequinum,0.022,0.022,-1,Echolocation,/mnt/ubna_data_02_mir/recover-20220922/UBNA_001/20220921_090000.WAV,Telephone Field,recover-20220922,001,1795
1209.8355,1209.844,47812,53371,Pipistrellus pipistrellus,0.02,0.022,-1,Echolocation,/mnt/ubna_data_02_mir/recover-20220922/UBNA_001/20220921_090000.WAV,Telephone Field,recover-20220922,001,1795
1209.8515,1209.862,28906,36264,Eptesicus serotinus,0.01,0.023,-1,Echolocation,/mnt/ubna_data_02_mir/recover-20220922/UBNA_001/20220921_090000.WAV,Telephone Field,recover-20220922,001,1795
1209.8695,1209.9133,68437,82638,Rhinolophus ferrumequinum,0.055,0.055,-1,Echolocation,/mnt/ubna_data_02_mir/recover-20220922/UBNA_001/20220921_090000.WAV,Telephone Field,recover-20220922,001,1795
1209.8775,1209.8865,25468,33598,Eptesicus serotinus,0.009,0.025,-1,Echolocation,/mnt/ubna_data_02_mir/recover-20220922/UBNA_001/20220921_090000.WAV,Telephone Field,recover-20220922,001,1795
1209.9345,1209.9747,68437,82603,Rhinolophus ferrumequinum,0.041,0.041,-1,Echolocation,/mnt/ubna_data_02_mir/recover-20220922/UBNA_001/20220921_090000.WAV,Telephone Field,recover-20220922,001,1795
1209.9845,1209.9948,27187,36326,Eptesicus serotinus,0.01,0.022,-1,Echolocation,/mnt/ubna_data_02_mir/recover-20220922/UBNA_001/20220921_090000.WAV,Telephone Field,recover-20220922,001,1795
1210.0015,1210.0303,70156,82946,Rhinolophus ferrumequinum,0.023,0.023,-1,Echolocation,/mnt/ubna_data_02_mir/recover-20220922/UBNA_001/20220921_090000.WAV,Telephone Field,recover-20220922,001,1795
1210.0055,1210.0162,24609,31303,Eptesicus serotinus,0.023,0.053,-1,Echolocation,/mnt/ubna_data_02_mir/recover-20220922/UBNA_001/20220921_090000.WAV,Telephone Field,recover-20220922,001,1795
1210.0355,1210.0765,68437,82249,Rhinolophus ferrumequinum,0.021,0.021,-1,Echolocation,/mnt/ubna_data_02_mir/recover-20220922/UBNA_001/20220921_090000.WAV,Telephone Field,recover-20220922,001,1795
1210.0385,1210.0451,27187,44033,Eptesicus serotinus,0.008,0.026,-1,Echolocation,/mnt/ubna_data_02_mir/recover-20220922/UBNA_001/20220921_090000.WAV,Telephone Field,recover-20220922,001,1795
1210.0965,1210.1371,68437,82677,Rhinolophus ferrumequinum,0.024,0.024,-1,Echolocation,/mnt/ubna_data_02_mir/recover-20220922/UBNA_001/20220921_090000.WAV,Telephone Field,recover-20220922,001,1795
1210.1045,1210.1117,51250,57949,Pipistrellus pipistrellus,0.025,0.028,-1,Echolocation,/mnt/ubna_data_02_mir/recover-20220922/UBNA_001/20220921_090000.WAV,Telephone Field,recover-20220922,001,1795
1210.1055,1210.1494,68437,83163,Rhinolophus ferrumequinum,0.025,0.025,-1,Echolocation,/mnt/ubna_data_02_mir/recover-20220922/UBNA_001/20220921_090000.WAV,Telephone Field,recover-20220922,001,1795
1210.1085,1210.1191,24609,31624,Nyctalus leisleri,0.011,0.029,-1,Echolocation,/mnt/ubna_data_02_mir/recover-20220922/UBNA_001/20220921_090000.WAV,Telephone Field,recover-20220922,001,1795
1210.1335,1210.1413,28046,37698,Eptesicus serotinus,0.008,0.023,-1,Echolocation,/mnt/ubna_data_02_mir/recover-20220922/UBNA_001/20220921_090000.WAV,Telephone Field,recover-20220922,001,1795
1210.1365,1210.1749,68437,82302,Rhinolophus ferrumequinum,0.021,0.021,-1,Echolocation,/mnt/ubna_data_02_mir/recover-20220922/UBNA_001/20220921_090000.WAV,Telephone Field,recover-20220922,001,1795
1210.1535,1210.17,22890,26880,Nyctalus leisleri,0.017,0.028,-1,Echolocation,/mnt/ubna_data_02_mir/recover-20220922/UBNA_001/20220921_090000.WAV,Telephone Field,recover-20220922,001,1795
1210.1735,1210.2147,68437,82762,Rhinolophus ferrumequinum,0.024,0.024,-1,Echolocation,/mnt/ubna_data_02_mir/recover-20220922/UBNA_001/20220921_090000.WAV,Telephone Field,recover-20220922,001,1795
1210.1845,1210.1953,23750,29615,Nyctalus leisleri,0.011,0.026,-1,Echolocation,/mnt/ubna_data_02_mir/recover-20220922/UBNA_001/20220921_090000.WAV,Telephone Field,recover-20220922,001,1795
1210.1965,1210.2359,68437,82213,Rhinolophus ferrumequinum,0.031,0.031,-1,Echolocation,/mnt/ubna_data_02_mir/recover-20220922/UBNA_001/20220921_090000.WAV,Telephone Field,recover-20220922,001,1795
1210.2315,1210.2685,68437,81787,Rhinolophus ferrumequinum,0.021,0.021,-1,Echolocation,/mnt/ubna_data_02_mir/recover-20220922/UBNA_001/20220921_090000.WAV,Telephone Field,recover-20220922,001,1795
1210.2655,1210.3032,68437,82278,Rhinolophus ferrumequinum,0.022,0.022,-1,Echolocation,/mnt/ubna_data_02_mir/recover-20220922/UBNA_001/20220921_090000.WAV,Telephone Field,recover-20220922,001,1795
1210.2715,1210.2808,28046,39437,Eptesicus serotinus,0.012,0.028,-1,Echolocation,/mnt/ubna_data_02_mir/recover-20220922/UBNA_001/20220921_090000.WAV,Telephone Field,recover-20220922,001,1795
1210.2765,1210.3143,68437,82277,Rhinolophus ferrumequinum,0.025,0.025,-1,Echolocation,/mnt/ubna_data_02_mir/recover-20220922/UBNA_001/20220921_090000.WAV,Telephone Field,recover-20220922,001,1795
1210.2875,1210.3273,68437,81983,Rhinolophus ferrumequinum,0.021,0.022,-1,Echolocation,/mnt/ubna_data_02_mir/recover-20220922/UBNA_001/20220921_090000.WAV,Telephone Field,recover-20220922,001,1795
1210.2945,1210.3309,68437,81893,Rhinolophus ferrumequinum,0.021,0.021,-1,Echolocation,/mnt/ubna_data_02_mir/recover-20220922/UBNA_001/20220921_090000.WAV,Telephone Field,recover-20220922,001,1795
1210.3125,1210.3234,23750,30230,Nyctalus leisleri,0.01,0.026,-1,Echolocation,/mnt/ubna_data_02_mir/recover-20220922/UBNA_001/20220921_090000.WAV,Telephone Field,recover-20220922,001,1795
1210.3335,1210.3446,45234,48501,Pipistrellus pipistrellus,0.025,0.027,-1,Echolocation,/mnt/ubna_data_02_mir/recover-20220922/UBNA_001/20220921_090000.WAV,Telephone Field,recover-20220922,001,1795
1210.3575,1210.3961,68437,81631,Rhinolophus ferrumequinum,0.021,0.021,-1,Echolocation,/mnt/ubna_data_02_mir/recover-20220922/UBNA_001/20220921_090000.WAV,Telephone Field,recover-20220922,001,1795
1210.3725,1210.4124,68437,82215,Rhinolophus ferrumequinum,0.028,0.028,-1,Echolocation,/mnt/ubna_data_02_mir/recover-20220922/UBNA_001/20220921_090000.WAV,Telephone Field,recover-20220922,001,1795
1210.3985,1210.4099,29765,36441,Eptesicus serotinus,0.01,0.021,-1,Echolocation,/mnt/ubna_data_02_mir/recover-20220922/UBNA_001/20220921_090000.WAV,Telephone Field,recover-20220922,001,1795
1210.4265,1210.4629,68437,81703,Rhinolophus ferrumequinum,0.027,0.027,-1,Echolocation,/mnt/ubna_data_02_mir/recover-20220922/UBNA_001/20220921_090000.WAV,Telephone Field,recover-20220922,001,1795
1210.4475,1210.4572,29765,37077,Eptesicus serotinus,0.009,0.021,-1,Echolocation,/mnt/ubna_data_02_mir/recover-20220922/UBNA_001/20220921_090000.WAV,Telephone Field,recover-20220922,001,1795
1210.5185,1210.5558,68437,81614,Rhinolophus ferrumequinum,0.023,0.023,-1,Echolocation,/mnt/ubna_data_02_mir/recover-20220922/UBNA_001/20220921_090000.WAV,Telephone Field,recover-20220922,001,1795
1210.5355,1210.5554,20312,23371,Nyctalus leisleri,0.012,0.021,-1,Echolocation,/mnt/ubna_data_02_mir/recover-20220922/UBNA_001/20220921_090000.WAV,Telephone Field,recover-20220922,001,1795
1210.5355,1210.5698,68437,81163,Rhinolophus ferrumequinum,0.022,0.022,-1,Echolocation,/mnt/ubna_data_02_mir/recover-20220922/UBNA_001/20220921_090000.WAV,Telephone Field,recover-20220922,001,1795
1210.5515,1210.5896,68437,81733,Rhinolophus ferrumequinum,0.021,0.021,-1,Echolocation,/mnt/ubna_data_02_mir/recover-20220922/UBNA_001/20220921_090000.WAV,Telephone Field,recover-20220922,001,1795
1210.5735,1210.6104,68437,81031,Rhinolophus ferrumequinum,0.021,0.021,-1,Echolocation,/mnt/ubna_data_02_mir/recover-20220922/UBNA_001/20220921_090000.WAV,Telephone Field,recover-20220922,001,1795
1210.5895,1210.6305,68437,82454,Rhinolophus ferrumequinum,0.025,0.025,-1,Echolocation,/mnt/ubna_data_02_mir/recover-20220922/UBNA_001/20220921_090000.WAV,Telephone Field,recover-20220922,001,1795
1210.6235,1210.6299,23750,33135,Plecotus austriacus,0.016,0.028,-1,Echolocation,/mnt/ubna_data_02_mir/recover-20220922/UBNA_001/20220921_090000.WAV,Telephone Field,recover-20220922,001,1795
1210.6385,1210.6771,68437,82016,Rhinolophus ferrumequinum,0.023,0.023,-1,Echolocation,/mnt/ubna_data_02_mir/recover-20220922/UBNA_001/20220921_090000.WAV,Telephone Field,recover-20220922,001,1795
1210.6485,1210.6585,23750,30117,Nyctalus leisleri,0.01,0.027,-1,Echolocation,/mnt/ubna_data_02_mir/recover-20220922/UBNA_001/20220921_090000.WAV,Telephone Field,recover-20220922,001,1795
1210.6695,1210.7066,68437,81945,Rhinolophus ferrumequinum,0.023,0.023,-1,Echolocation,/mnt/ubna_data_02_mir/recover-20220922/UBNA_001/20220921_090000.WAV,Telephone Field,recover-20220922,001,1795
1210.6925,1210.7005,48671,55970,Pipistrellus pipistrellus,0.021,0.023,-1,Echolocation,/mnt/ubna_data_02_mir/recover-20220922/UBNA_001/20220921_090000.WAV,Telephone Field,recover-20220922,001,1795
1210.7145,1210.754,68437,82166,Rhinolophus ferrumequinum,0.024,0.024,-1,Echolocation,/mnt/ubna_data_02_mir/recover-20220922/UBNA_001/20220921_090000.WAV,Telephone Field,recover-20220922,001,1795
1210.7355,1210.771,68437,81001,Rhinolophus ferrumequinum,0.035,0.035,-1,Echolocation,/mnt/ubna_data_02_mir/recover-20220922/UBNA_001/20220921_090000.WAV,Telephone Field,recover-20220922,001,1795
1210.7385,1210.7509,22890,27884,Nyctalus leisleri,0.015,0.029,-1,Echolocation,/mnt/ubna_data_02_mir/recover-20220922/UBNA_001/20220921_090000.WAV,Telephone Field,recover-20220922,001,1795
1210.7495,1210.7866,68437,81204,Rhinolophus ferrumequinum,0.021,0.021,-1,Echolocation,/mnt/ubna_data_02_mir/recover-20220922/UBNA_001/20220921_090000.WAV,Telephone Field,recover-20220922,001,1795
1210.7535,1210.7621,28906,37860,Eptesicus serotinus,0.008,0.021,-1,Echolocation,/mnt/ubna_data_02_mir/recover-20220922/UBNA_001/20220921_090000.WAV,Telephone Field,recover-20220922,001,1795
1210.8105,1210.8555,68437,83768,Rhinolophus ferrumequinum,0.083,0.083,-1,Echolocation,/mnt/ubna_data_02_mir/recover-20220922/UBNA_001/20220921_090000.WAV,Telephone Field,recover-20220922,001,1795
1210.8315,1210.8698,68437,82233,Rhinolophus ferrumequinum,0.022,0.022,-1,Echolocation,/mnt/ubna_data_02_mir/recover-20220922/UBNA_001/20220921_090000.WAV,Telephone Field,recover-20220922,001,1795
1210.8745,1210.8849,28046,34953,Eptesicus serotinus,0.015,0.028,-1,Echolocation,/mnt/ubna_data_02_mir/recover-20220922/UBNA_001/20220921_090000.WAV,Telephone Field,recover-20220922,001,1795
1210.8875,1210.9259,68437,82552,Rhinolophus ferrumequinum,0.037,0.037,-1,Echolocation,/mnt/ubna_data_02_mir/recover-20220922/UBNA_001/20220921_090000.WAV,Telephone Field,recover-20220922,001,1795
1210.9005,1210.9111,28906,34582,Eptesicus serotinus,0.011,0.024,-1,Echolocation,/mnt/ubna_data_02_mir/recover-20220922/UBNA_001/20220921_090000.WAV,Telephone Field,recover-20220922,001,1795
1210.9075,1210.9468,68437,81919,Rhinolophus ferrumequinum,0.023,0.023,-1,Echolocation,/mnt/ubna_data_02_mir/recover-20220922/UBNA_001/20220921_090000.WAV,Telephone Field,recover-20220922,001,1795
1210.9525,1210.9893,68437,81889,Rhinolophus ferrumequinum,0.025,0.025,-1,Echolocation,/mnt/ubna_data_02_mir/recover-20220922/UBNA_001/20220921_090000.WAV,Telephone Field,recover-20220922,001,1795
1210.9705,1211.0037,68437,81929,Rhinolophus ferrumequinum,0.021,0.021,-1,Echolocation,/mnt/ubna_data_02_mir/recover-20220922/UBNA_001/20220921_090000.WAV,Telephone Field,recover-20220922,001,1795
1211.0275,1211.0655,68437,81588,Rhinolophus ferrumequinum,0.021,0.021,-1,Echolocation,/mnt/ubna_data_02_mir/recover-20220922/UBNA_001/20220921_090000.WAV,Telephone Field,recover-20220922,001,1795
1211.0375,1211.0786,68437,82764,Rhinolophus ferrumequinum,0.026,0.026,-1,Echolocation,/mnt/ubna_data_02_mir/recover-20220922/UBNA_001/20220921_090000.WAV,Telephone Field,recover-20220922,001,1795
1211.0615,1211.1017,68437,82212,Rhinolophus ferrumequinum,0.021,0.021,-1,Echolocation,/mnt/ubna_data_02_mir/recover-20220922/UBNA_001/20220921_090000.WAV,Telephone Field,recover-20220922,001,1795
1211.0635,1211.0704,32343,49151,Myotis daubentonii,0.009,0.022,-1,Echolocation,/mnt/ubna_data_02_mir/recover-20220922/UBNA_001/20220921_090000.WAV,Telephone Field,recover-20220922,001,1795
1211.0715,1211.083,24609,30710,Nyctalus leisleri,0.013,0.033,-1,Echolocation,/mnt/ubna_data_02_mir/recover-20220922/UBNA_001/20220921_090000.WAV,Telephone Field,recover-20220922,001,1795
1211.0905,1211.1003,28906,37486,Eptesicus serotinus,0.013,0.028,-1,Echolocation,/mnt/ubna_data_02_mir/recover-20220922/UBNA_001/20220921_090000.WAV,Telephone Field,recover-20220922,001,1795
1211.1165,1211.1578,68437,82724,Rhinolophus ferrumequinum,0.034,0.034,-1,Echolocation,/mnt/ubna_data_02_mir/recover-20220922/UBNA_001/20220921_090000.WAV,Telephone Field,recover-20220922,001,1795
1211.1255,1211.1349,28046,36015,Eptesicus serotinus,0.007,0.021,-1,Echolocation,/mnt/ubna_data_02_mir/recover-20220922/UBNA_001/20220921_090000.WAV,Telephone Field,recover-20220922,001,1795
1211.1515,1211.1902,68437,80912,Rhinolophus ferrumequinum,0.026,0.027,-1,Echolocation,/mnt/ubna_data_02_mir/recover-20220922/UBNA_001/20220921_090000.WAV,Telephone Field,recover-20220922,001,1795
1211.1685,1211.1759,30625,41621,Myotis daubentonii,0.01,0.028,-1,Echolocation,/mnt/ubna_data_02_mir/recover-20220922/UBNA_001/20220921_090000.WAV,Telephone Field,recover-20220922,001,1795
1211.1915,1211.233,68437,82562,Rhinolophus ferrumequinum,0.024,0.024,-1,Echolocation,/mnt/ubna_data_02_mir/recover-20220922/UBNA_001/20220921_090000.WAV,Telephone Field,recover-20220922,001,1795
1211.1965,1211.2066,28046,35893,Eptesicus serotinus,0.01,0.023,-1,Echolocation,/mnt/ubna_data_02_mir/recover-20220922/UBNA_001/20220921_090000.WAV,Telephone Field,recover-20220922,001,1795
1211.2065,1211.2153,28046,37198,Eptesicus serotinus,0.008,0.022,-1,Echolocation,/mnt/ubna_data_02_mir/recover-20220922/UBNA_001/20220921_090000.WAV,Telephone Field,recover-20220922,001,1795
1211.2335,1211.2761,68437,82714,Rhinolophus ferrumequinum,0.024,0.024,-1,Echolocation,/mnt/ubna_data_02_mir/recover-20220922/UBNA_001/20220921_090000.WAV,Telephone Field,recover-20220922,001,1795
1211.2455,1211.2872,68437,83058,Rhinolophus ferrumequinum,0.022,0.022,-1,Echolocation,/mnt/ubna_data_02_mir/recover-20220922/UBNA_001/20220921_090000.WAV,Telephone Field,recover-20220922,001,1795
1211.2865,1211.324,68437,81375,Rhinolophus ferrumequinum,0.021,0.021,-1,Echolocation,/mnt/ubna_data_02_mir/recover-20220922/UBNA_001/20220921_090000.WAV,Telephone Field,recover-20220922,001,1795
1211.3115,1211.3542,68437,83028,Rhinolophus ferrumequinum,0.028,0.028,-1,Echolocation,/mnt/ubna_data_02_mir/recover-20220922/UBNA_001/20220921_090000.WAV,Telephone Field,recover-20220922,001,1795
1211.3405,1211.3774,68437,81760,Rhinolophus ferrumequinum,0.021,0.021,-1,Echolocation,/mnt/ubna_data_02_mir/recover-20220922/UBNA_001/20220921_090000.WAV,Telephone Field,recover-20220922,001,1795
1211.3565,1211.3948,68437,82040,Rhinolophus ferrumequinum,0.023,0.023,-1,Echolocation,/mnt/ubna_data_02_mir/recover-20220922/UBNA_001/20220921_090000.WAV,Telephone Field,recover-20220922,001,1795
1211.3765,1211.4133,68437,81621,Rhinolophus ferrumequinum,0.022,0.022,-1,Echolocation,/mnt/ubna_data_02_mir/recover-20220922/UBNA_001/20220921_090000.WAV,Telephone Field,recover-20220922,001,1795
1211.3875,1211.3968,24609,32158,Eptesicus serotinus,0.009,0.026,-1,Echolocation,/mnt/ubna_data_02_mir/recover-20220922/UBNA_001/20220921_090000.WAV,Telephone Field,recover-20220922,001,1795
1211.4065,1211.4444,68437,82111,Rhinolophus ferrumequinum,0.021,0.021,-1,Echolocation,/mnt/ubna_data_02_mir/recover-20220922/UBNA_001/20220921_090000.WAV,Telephone Field,recover-20220922,001,1795
1211.4225,1211.4599,68437,81683,Rhinolophus ferrumequinum,0.022,0.022,-1,Echolocation,/mnt/ubna_data_02_mir/recover-20220922/UBNA_001/20220921_090000.WAV,Telephone Field,recover-20220922,001,1795
1211.4575,1211.4978,68437,82580,Rhinolophus ferrumequinum,0.023,0.023,-1,Echolocation,/mnt/ubna_data_02_mir/recover-20220922/UBNA_001/20220921_090000.WAV,Telephone Field,recover-20220922,001,1795
1211.4805,1211.5173,68437,80082,Rhinolophus ferrumequinum,0.024,0.024,-1,Echolocation,/mnt/ubna_data_02_mir/recover-20220922/UBNA_001/20220921_090000.WAV,Telephone Field,recover-20220922,001,1795
1211.5515,1211.5905,68437,82484,Rhinolophus ferrumequinum,0.025,0.025,-1,Echolocation,/mnt/ubna_data_02_mir/recover-20220922/UBNA_001/20220921_090000.WAV,Telephone Field,recover-20220922,001,1795
1211.5575,1211.5728,20312,24090,Nyctalus leisleri,0.011,0.021,-1,Echolocation,/mnt/ubna_data_02_mir/recover-20220922/UBNA_001/20220921_090000.WAV,Telephone Field,recover-20220922,001,1795
1211.5655,1211.6037,68437,81804,Rhinolophus ferrumequinum,0.022,0.022,-1,Echolocation,/mnt/ubna_data_02_mir/recover-20220922/UBNA_001/20220921_090000.WAV,Telephone Field,recover-20220922,001,1795
1211.5675,1211.5848,19453,22346,Nyctalus leisleri,0.013,0.022,-1,Echolocation,/mnt/ubna_data_02_mir/recover-20220922/UBNA_001/20220921_090000.WAV,Telephone Field,recover-20220922,001,1795
1211.5965,1211.6073,23750,28974,Nyctalus leisleri,0.01,0.022,-1,Echolocation,/mnt/ubna_data_02_mir/recover-20220922/UBNA_001/20220921_090000.WAV,Telephone Field,recover-20220922,001,1795
1211.6055,1211.6444,68437,81881,Rhinolophus ferrumequinum,0.025,0.025,-1,Echolocation,/mnt/ubna_data_02_mir/recover-20220922/UBNA_001/20220921_090000.WAV,Telephone Field,recover-20220922,001,1795
1211.6305,1211.6712,68437,82557,Rhinolophus ferrumequinum,0.021,0.021,-1,Echolocation,/mnt/ubna_data_02_mir/recover-20220922/UBNA_001/20220921_090000.WAV,Telephone Field,recover-20220922,001,1795
1211.6675,1211.708,68437,82098,Rhinolophus ferrumequinum,0.024,0.024,-1,Echolocation,/mnt/ubna_data_02_mir/recover-20220922/UBNA_001/20220921_090000.WAV,Telephone Field,recover-20220922,001,1795
1211.7295,1211.7693,68437,82032,Rhinolophus ferrumequinum,0.021,0.021,-1,Echolocation,/mnt/ubna_data_02_mir/recover-20220922/UBNA_001/20220921_090000.WAV,Telephone Field,recover-20220922,001,1795
1211.7565,1211.7959,68437,82504,Rhinolophus ferrumequinum,0.021,0.021,-1,Echolocation,/mnt/ubna_data_02_mir/recover-20220922/UBNA_001/20220921_090000.WAV,Telephone Field,recover-20220922,001,1795
1211.7755,1211.8125,68437,82276,Rhinolophus ferrumequinum,0.021,0.021,-1,Echolocation,/mnt/ubna_data_02_mir/recover-20220922/UBNA_001/20220921_090000.WAV,Telephone Field,recover-20220922,001,1795
1211.8035,1211.8109,28906,39399,Eptesicus serotinus,0.008,0.026,-1,Echolocation,/mnt/ubna_data_02_mir/recover-20220922/UBNA_001/20220921_090000.WAV,Telephone Field,recover-20220922,001,1795
1211.8125,1211.8481,68437,81243,Rhinolophus ferrumequinum,0.023,0.023,-1,Echolocation,/mnt/ubna_data_02_mir/recover-20220922/UBNA_001/20220921_090000.WAV,Telephone Field,recover-20220922,001,1795
1211.8405,1211.8474,31484,41863,Barbastellus barbastellus,0.013,0.041,-1,Echolocation,/mnt/ubna_data_02_mir/recover-20220922/UBNA_001/20220921_090000.WAV,Telephone Field,recover-20220922,001,1795
1211.8595,1211.8924,68437,80742,Rhinolophus ferrumequinum,0.021,0.021,-1,Echolocation,/mnt/ubna_data_02_mir/recover-20220922/UBNA_001/20220921_090000.WAV,Telephone Field,recover-20220922,001,1795
1211.8705,1211.8799,28046,37712,Eptesicus serotinus,0.008,0.021,-1,Echolocation,/mnt/ubna_data_02_mir/recover-20220922/UBNA_001/20220921_090000.WAV,Telephone Field,recover-20220922,001,1795
1211.8725,1211.9098,68437,81690,Rhinolophus ferrumequinum,0.021,0.021,-1,Echolocation,/mnt/ubna_data_02_mir/recover-20220922/UBNA_001/20220921_090000.WAV,Telephone Field,recover-20220922,001,1795
1211.8815,1211.9183,68437,81828,Rhinolophus ferrumequinum,0.021,0.021,-1,Echolocation,/mnt/ubna_data_02_mir/recover-20220922/UBNA_001/20220921_090000.WAV,Telephone Field,recover-20220922,001,1795
1211.8925,1211.9316,68437,82048,Rhinolophus ferrumequinum,0.029,0.029,-1,Echolocation,/mnt/ubna_data_02_mir/recover-20220922/UBNA_001/20220921_090000.WAV,Telephone Field,recover-20220922,001,1795
1211.9305,1211.9382,28046,37323,Eptesicus serotinus,0.01,0.024,-1,Echolocation,/mnt/ubna_data_02_mir/recover-20220922/UBNA_001/20220921_090000.WAV,Telephone Field,recover-20220922,001,1795
1211.9565,1211.9982,68437,82474,Rhinolophus ferrumequinum,0.028,0.028,-1,Echolocation,/mnt/ubna_data_02_mir/recover-20220922/UBNA_001/20220921_090000.WAV,Telephone Field,recover-20220922,001,1795
1211.9835,1211.9947,28046,34471,Eptesicus serotinus,0.048,0.073,-1,Echolocation,/mnt/ubna_data_02_mir/recover-20220922/UBNA_001/20220921_090000.WAV,Telephone Field,recover-20220922,001,1795
1212.0015,1212.036,68437,80220,Rhinolophus ferrumequinum,0.052,0.052,-1,Echolocation,/mnt/ubna_data_02_mir/recover-20220922/UBNA_001/20220921_090000.WAV,Telephone Field,recover-20220922,001,1795
1212.0015,1212.0103,21171,27002,Nyctalus leisleri,0.008,0.022,-1,Echolocation,/mnt/ubna_data_02_mir/recover-20220922/UBNA_001/20220921_090000.WAV,Telephone Field,recover-20220922,001,1795
1212.0015,1212.0097,26328,36564,Nyctalus leisleri,0.006,0.024,-1,Echolocation,/mnt/ubna_data_02_mir/recover-20220922/UBNA_001/20220921_090000.WAV,Telephone Field,recover-20220922,001,1795
1212.0075,1212.0501,68437,82392,Rhinolophus ferrumequinum,0.023,0.023,-1,Echolocation,/mnt/ubna_data_02_mir/recover-20220922/UBNA_001/20220921_090000.WAV,Telephone Field,recover-20220922,001,1795
1212.0365,1212.0763,68437,81975,Rhinolophus ferrumequinum,0.029,0.029,-1,Echolocation,/mnt/ubna_data_02_mir/recover-20220922/UBNA_001/20220921_090000.WAV,Telephone Field,recover-20220922,001,1795
1212.0515,1212.0619,24609,31117,Nyctalus leisleri,0.009,0.025,-1,Echolocation,/mnt/ubna_data_02_mir/recover-20220922/UBNA_001/20220921_090000.WAV,Telephone Field,recover-20220922,001,1795
1212.0515,1212.0615,54687,59524,Pipistrellus pygmaeus,0.019,0.021,-1,Echolocation,/mnt/ubna_data_02_mir/recover-20220922/UBNA_001/20220921_090000.WAV,Telephone Field,recover-20220922,001,1795
1212.0835,1212.1244,68437,82457,Rhinolophus ferrumequinum,0.025,0.025,-1,Echolocation,/mnt/ubna_data_02_mir/recover-20220922/UBNA_001/20220921_090000.WAV,Telephone Field,recover-20220922,001,1795
1212.0945,1212.1342,68437,82165,Rhinolophus ferrumequinum,0.026,0.026,-1,Echolocation,/mnt/ubna_data_02_mir/recover-20220922/UBNA_001/20220921_090000.WAV,Telephone Field,recover-20220922,001,1795
1212.0995,1212.1071,28046,41616,Eptesicus serotinus,0.009,0.027,-1,Echolocation,/mnt/ubna_data_02_mir/recover-20220922/UBNA_001/20220921_090000.WAV,Telephone Field,recover-20220922,001,1795
1212.1045,1212.1409,68437,81887,Rhinolophus ferrumequinum,0.021,0.021,-1,Echolocation,/mnt/ubna_data_02_mir/recover-20220922/UBNA_001/20220921_090000.WAV,Telephone Field,recover-20220922,001,1795
1212.1255,1212.1346,28046,36171,Eptesicus serotinus,0.007,0.021,-1,Echolocation,/mnt/ubna_data_02_mir/recover-20220922/UBNA_001/20220921_090000.WAV,Telephone Field,recover-20220922,001,1795
1212.1475,1212.1576,51250,56888,Pipistrellus pipistrellus,0.016,0.022,-1,Echolocation,/mnt/ubna_data_02_mir/recover-20220922/UBNA_001/20220921_090000.WAV,Telephone Field,recover-20220922,001,1795
1212.1625,1212.2037,68437,82749,Rhinolophus ferrumequinum,0.027,0.027,-1,Echolocation,/mnt/ubna_data_02_mir/recover-20220922/UBNA_001/20220921_090000.WAV,Telephone Field,recover-20220922,001,1795
1212.2295,1212.2391,28046,36970,Eptesicus serotinus,0.01,0.024,-1,Echolocation,/mnt/ubna_data_02_mir/recover-20220922/UBNA_001/20220921_090000.WAV,Telephone Field,recover-20220922,001,1795
1212.2325,1212.2743,68437,82659,Rhinolophus ferrumequinum,0.032,0.032,-1,Echolocation,/mnt/ubna_data_02_mir/recover-20220922/UBNA_001/20220921_090000.WAV,Telephone Field,recover-20220922,001,1795
1212.2395,1212.2504,22890,28143,Nyctalus leisleri,0.016,0.031,-1,Echolocation,/mnt/ubna_data_02_mir/recover-20220922/UBNA_001/20220921_090000.WAV,Telephone Field,recover-20220922,001,1795
1212.2625,1212.3018,68437,82367,Rhinolophus ferrumequinum,0.021,0.021,-1,Echolocation,/mnt/ubna_data_02_mir/recover-20220922/UBNA_001/20220921_090000.WAV,Telephone Field,recover-20220922,001,1795
1212.2795,1212.3174,68437,81755,Rhinolophus ferrumequinum,0.022,0.022,-1,Echolocation,/mnt/ubna_data_02_mir/recover-20220922/UBNA_001/20220921_090000.WAV,Telephone Field,recover-20220922,001,1795
1212.2875,1212.327,68437,82536,Rhinolophus ferrumequinum,0.022,0.022,-1,Echolocation,/mnt/ubna_data_02_mir/recover-20220922/UBNA_001/20220921_090000.WAV,Telephone Field,recover-20220922,001,1795
1212.3315,1212.342,23750,30036,Nyctalus leisleri,0.016,0.038,-1,Echolocation,/mnt/ubna_data_02_mir/recover-20220922/UBNA_001/20220921_090000.WAV,Telephone Field,recover-20220922,001,1795
1212.3335,1212.3709,68437,81903,Rhinolophus ferrumequinum,0.021,0.021,-1,Echolocation,/mnt/ubna_data_02_mir/recover-20220922/UBNA_001/20220921_090000.WAV,Telephone Field,recover-20220922,001,1795
1212.3535,1212.395,68437,82867,Rhinolophus ferrumequinum,0.054,0.054,-1,Echolocation,/mnt/ubna_data_02_mir/recover-20220922/UBNA_001/20220921_090000.WAV,Telephone Field,recover-20220922,001,1795
1212.3995,1212.4394,68437,82328,Rhinolophus ferrumequinum,0.023,0.023,-1,Echolocation,/mnt/ubna_data_02_mir/recover-20220922/UBNA_001/20220921_090000.WAV,Telephone Field,recover-20220922,001,1795
1212.4025,1212.4134,25468,31375,Eptesicus serotinus,0.008,0.022,-1,Echolocation,/mnt/ubna_data_02_mir/recover-20220922/UBNA_001/20220921_090000.WAV,Telephone Field,recover-20220922,001,1795
1212.4105,1212.4499,68437,82458,Rhinolophus ferrumequinum,0.025,0.025,-1,Echolocation,/mnt/ubna_data_02_mir/recover-20220922/UBNA_001/20220921_090000.WAV,Telephone Field,recover-20220922,001,1795
1212.4195,1212.4575,68437,81661,Rhinolophus ferrumequinum,0.021,0.021,-1,Echolocation,/mnt/ubna_data_02_mir/recover-20220922/UBNA_001/20220921_090000.WAV,Telephone Field,recover-20220922,001,1795
1212.4305,1212.4375,25468,36797,Plecotus austriacus,0.006,0.022,-1,Echolocation,/mnt/ubna_data_02_mir/recover-20220922/UBNA_001/20220921_090000.WAV,Telephone Field,recover-20220922,001,1795
1212.4305,1212.4727,68437,82953,Rhinolophus ferrumequinum,0.028,0.028,-1,Echolocation,/mnt/ubna_data_02_mir/recover-20220922/UBNA_001/20220921_090000.WAV,Telephone Field,recover-20220922,001,1795
1212.4575,1212.4674,28906,36035,Eptesicus serotinus,0.008,0.021,-1,Echolocation,/mnt/ubna_data_02_mir/recover-20220922/UBNA_001/20220921_090000.WAV,Telephone Field,recover-20220922,001,1795
1212.4825,1212.5171,68437,81515,Rhinolophus ferrumequinum,0.023,0.024,-1,Echolocation,/mnt/ubna_data_02_mir/recover-20220922/UBNA_001/20220921_090000.WAV,Telephone Field,recover-20220922,001,1795
1212.4915,1212.5273,68437,82040,Rhinolophus ferrumequinum,0.021,0.021,-1,Echolocation,/mnt/ubna_data_02_mir/recover-20220922/UBNA_001/20220921_090000.WAV,Telephone Field,recover-20220922,001,1795
1212.5165,1212.5555,68437,82357,Rhinolophus ferrumequinum,0.024,0.024,-1,Echolocation,/mnt/ubna_data_02_mir/recover-20220922/UBNA_001/20220921_090000.WAV,Telephone Field,recover-20220922,001,1795
1212.5415,1212.5772,68437,81812,Rhinolophus ferrumequinum,0.025,0.025,-1,Echolocation,/mnt/ubna_data_02_mir/recover-20220922/UBNA_001/20220921_090000.WAV,Telephone Field,recover-20220922,001,1795
1212.5655,1212.6056,68437,82784,Rhinolophus ferrumequinum,0.022,0.022,-1,Echolocation,/mnt/ubna_data_02_mir/recover-20220922/UBNA_001/20220921_090000.WAV,Telephone Field,recover-20220922,001,1795
1212.5725,1212.5799,28046,38299,Eptesicus serotinus,0.007,0.021,-1,Echolocation,/mnt/ubna_data_02_mir/recover-20220922/UBNA_001/20220921_090000.WAV,Telephone Field,recover-20220922,001,1795
1212.5885,1212.6003,34921,40714,Pipistrellus nathusii,0.008,0.023,-1,Echolocation,/mnt/ubna_data_02_mir/recover-20220922/UBNA_001/20220921_090000.WAV,Telephone Field,recover-20220922,001,1795
1212.6055,1212.6437,68437,82408,Rhinolophus ferrumequinum,0.021,0.021,-1,Echolocation,/mnt/ubna_data_02_mir/recover-20220922/UBNA_001/20220921_090000.WAV,Telephone Field,recover-20220922,001,1795
1212.6145,1212.6247,23750,29395,Nyctalus leisleri,0.009,0.022,-1,Echolocation,/mnt/ubna_data_02_mir/recover-20220922/UBNA_001/20220921_090000.WAV,Telephone Field,recover-20220922,001,1795
1212.6585,1212.6682,21171,26732,Plecotus austriacus,0.009,0.025,-1,Echolocation,/mnt/ubna_data_02_mir/recover-20220922/UBNA_001/20220921_090000.WAV,Telephone Field,recover-20220922,001,1795
1212.6655,1212.7076,68437,82887,Rhinolophus ferrumequinum,0.075,0.075,-1,Echolocation,/mnt/ubna_data_02_mir/recover-20220922/UBNA_001/20220921_090000.WAV,Telephone Field,recover-20220922,001,1795
1212.6815,1212.6929,25468,31491,Eptesicus serotinus,0.01,0.024,-1,Echolocation,/mnt/ubna_data_02_mir/recover-20220922/UBNA_001/20220921_090000.WAV,Telephone Field,recover-20220922,001,1795
1212.6855,1212.6921,47812,55501,Pipistrellus pipistrellus,0.035,0.037,-1,Echolocation,/mnt/ubna_data_02_mir/recover-20220922/UBNA_001/20220921_090000.WAV,Telephone Field,recover-20220922,001,1795
1212.7145,1212.7524,68437,82534,Rhinolophus ferrumequinum,0.022,0.022,-1,Echolocation,/mnt/ubna_data_02_mir/recover-20220922/UBNA_001/20220921_090000.WAV,Telephone Field,recover-20220922,001,1795
1212.7345,1212.7743,68437,82454,Rhinolophus ferrumequinum,0.029,0.029,-1,Echolocation,/mnt/ubna_data_02_mir/recover-20220922/UBNA_001/20220921_090000.WAV,Telephone Field,recover-20220922,001,1795
1212.7615,1212.7992,68437,82347,Rhinolophus ferrumequinum,0.024,0.024,-1,Echolocation,/mnt/ubna_data_02_mir/recover-20220922/UBNA_001/20220921_090000.WAV,Telephone Field,recover-20220922,001,1795
1212.7695,1212.8101,68437,81544,Rhinolophus ferrumequinum,0.021,0.022,-1,Echolocation,/mnt/ubna_data_02_mir/recover-20220922/UBNA_001/20220921_090000.WAV,Telephone Field,recover-20220922,001,1795
1212.7825,1212.7931,22890,28737,Nyctalus leisleri,0.01,0.023,-1,Echolocation,/mnt/ubna_data_02_mir/recover-20220922/UBNA_001/20220921_090000.WAV,Telephone Field,recover-20220922,001,1795
1212.7875,1212.8224,68437,80672,Rhinolophus ferrumequinum,0.022,0.022,-1,Echolocation,/mnt/ubna_data_02_mir/recover-20220922/UBNA_001/20220921_090000.WAV,Telephone Field,recover-20220922,001,1795
1212.7925,1212.8007,23750,31575,Plecotus austriacus,0.008,0.021,-1,Echolocation,/mnt/ubna_data_02_mir/recover-20220922/UBNA_001/20220921_090000.WAV,Telephone Field,recover-20220922,001,1795
1212.8195,1212.8304,27187,33348,Eptesicus serotinus,0.013,0.027,-1,Echolocation,/mnt/ubna_data_02_mir/recover-20220922/UBNA_001/20220921_090000.WAV,Telephone Field,recover-20220922,001,1795
1212.8375,1212.8775,68437,81647,Rhinolophus ferrumequinum,0.022,0.022,-1,Echolocation,/mnt/ubna_data_02_mir/recover-20220922/UBNA_001/20220921_090000.WAV,Telephone Field,recover-20220922,001,1795
1212.8405,1212.8494,28046,36671,Eptesicus serotinus,0.009,0.025,-1,Echolocation,/mnt/ubna_data_02_mir/recover-20220922/UBNA_001/20220921_090000.WAV,Telephone Field,recover-20220922,001,1795
1212.8545,1212.8901,68437,81986,Rhinolophus ferrumequinum,0.023,0.023,-1,Echolocation,/mnt/ubna_data_02_mir/recover-20220922/UBNA_001/20220921_090000.WAV,Telephone Field,recover-20220922,001,1795
1212.8555,1212.8666,35781,40584,Barbastellus barbastellus,0.007,0.03,-1,Echolocation,/mnt/ubna_data_02_mir/recover-20220922/UBNA_001/20220921_090000.WAV,Telephone Field,recover-20220922,001,1795
1212.8585,1212.867,28046,36872,Eptesicus serotinus,0.009,0.026,-1,Echolocation,/mnt/ubna_data_02_mir/recover-20220922/UBNA_001/20220921_090000.WAV,Telephone Field,recover-20220922,001,1795
1212.8715,1212.9023,68437,80498,Rhinolophus ferrumequinum,0.021,0.021,-1,Echolocation,/mnt/ubna_data_02_mir/recover-20220922/UBNA_001/20220921_090000.WAV,Telephone Field,recover-20220922,001,1795
1212.9005,1212.9369,68437,82249,Rhinolophus ferrumequinum,0.021,0.021,-1,Echolocation,/mnt/ubna_data_02_mir/recover-20220922/UBNA_001/20220921_090000.WAV,Telephone Field,recover-20220922,001,1795
1212.9435,1212.9536,44375,49587,Pipistrellus pipistrellus,0.021,0.023,-1,Echolocation,/mnt/ubna_data_02_mir/recover-20220922/UBNA_001/20220921_090000.WAV,Telephone Field,recover-20220922,001,1795
1212.9795,1212.9902,23750,29643,Nyctalus leisleri,0.012,0.028,-1,Echolocation,/mnt/ubna_data_02_mir/recover-20220922/UBNA_001/20220921_090000.WAV,Telephone Field,recover-20220922,001,1795
1212.9795,1213.0182,68437,82146,Rhinolophus ferrumequinum,0.025,0.025,-1,Echolocation,/mnt/ubna_data_02_mir/recover-20220922/UBNA_001/20220921_090000.WAV,Telephone Field,recover-20220922,001,1795
1213.0075,1213.0476,68437,82267,Rhinolophus ferrumequinum,0.024,0.024,-1,Echolocation,/mnt/ubna_data_02_mir/recover-20220922/UBNA_001/20220921_090000.WAV,Telephone Field,recover-20220922,001,1795
1213.0115,1213.0193,28046,37177,Eptesicus serotinus,0.007,0.022,-1,Echolocation,/mnt/ubna_data_02_mir/recover-20220922/UBNA_001/20220921_090000.WAV,Telephone Field,recover-20220922,001,1795
1213.0125,1213.0199,23750,32448,Plecotus austriacus,0.01,0.022,-1,Echolocation,/mnt/ubna_data_02_mir/recover-20220922/UBNA_001/20220921_090000.WAV,Telephone Field,recover-20220922,001,1795
1213.0185,1213.0581,68437,82492,Rhinolophus ferrumequinum,0.03,0.03,-1,Echolocation,/mnt/ubna_data_02_mir/recover-20220922/UBNA_001/20220921_090000.WAV,Telephone Field,recover-20220922,001,1795
1213.0625,1213.1008,68437,82539,Rhinolophus ferrumequinum,0.029,0.029,-1,Echolocation,/mnt/ubna_data_02_mir/recover-20220922/UBNA_001/20220921_090000.WAV,Telephone Field,recover-20220922,001,1795
1213.0835,1213.1241,68437,82447,Rhinolophus ferrumequinum,0.031,0.031,-1,Echolocation,/mnt/ubna_data_02_mir/recover-20220922/UBNA_001/20220921_090000.WAV,Telephone Field,recover-20220922,001,1795
1213.1195,1213.1327,46093,49099,Pipistrellus pipistrellus,0.028,0.031,-1,Echolocation,/mnt/ubna_data_02_mir/recover-20220922/UBNA_001/20220921_090000.WAV,Telephone Field,recover-20220922,001,1795
1213.1235,1213.1628,68437,82104,Rhinolophus ferrumequinum,0.025,0.025,-1,Echolocation,/mnt/ubna_data_02_mir/recover-20220922/UBNA_001/20220921_090000.WAV,Telephone Field,recover-20220922,001,1795
1213.1285,1213.1456,21171,23855,Nyctalus leisleri,0.015,0.024,-1,Echolocation,/mnt/ubna_data_02_mir/recover-20220922/UBNA_001/20220921_090000.WAV,Telephone Field,recover-20220922,001,1795
1213.1395,1213.1803,68437,82181,Rhinolophus ferrumequinum,0.021,0.021,-1,Echolocation,/mnt/ubna_data_02_mir/recover-20220922/UBNA_001/20220921_090000.WAV,Telephone Field,recover-20220922,001,1795
1213.1485,1213.1907,68437,83070,Rhinolophus ferrumequinum,0.026,0.026,-1,Echolocation,/mnt/ubna_data_02_mir/recover-20220922/UBNA_001/20220921_090000.WAV,Telephone Field,recover-20220922,001,1795
1213.1555,1213.1673,22890,27742,Nyctalus leisleri,0.013,0.024,-1,Echolocation,/mnt/ubna_data_02_mir/recover-20220922/UBNA_001/20220921_090000.WAV,Telephone Field,recover-20220922,001,1795
1213.1845,1213.1923,23750,32446,Plecotus austriacus,0.009,0.026,-1,Echolocation,/mnt/ubna_data_02_mir/recover-20220922/UBNA_001/20220921_090000.WAV,Telephone Field,recover-20220922,001,1795
1213.1895,1213.2299,68437,82243,Rhinolophus ferrumequinum,0.025,0.025,-1,Echolocation,/mnt/ubna_data_02_mir/recover-20220922/UBNA_001/20220921_090000.WAV,Telephone Field,recover-20220922,001,1795
1213.2045,1213.2125,28906,39383,Eptesicus serotinus,0.007,0.022,-1,Echolocation,/mnt/ubna_data_02_mir/recover-20220922/UBNA_001/20220921_090000.WAV,Telephone Field,recover-20220922,001,1795
1213.2045,1213.2399,68437,80312,Rhinolophus ferrumequinum,0.024,0.024,-1,Echolocation,/mnt/ubna_data_02_mir/recover-20220922/UBNA_001/20220921_090000.WAV,Telephone Field,recover-20220922,001,1795
1213.2175,1213.256,68437,81632,Rhinolophus ferrumequinum,0.03,0.03,-1,Echolocation,/mnt/ubna_data_02_mir/recover-20220922/UBNA_001/20220921_090000.WAV,Telephone Field,recover-20220922,001,1795
1213.2855,1213.3274,68437,82770,Rhinolophus ferrumequinum,0.03,0.03,-1,Echolocation,/mnt/ubna_data_02_mir/recover-20220922/UBNA_001/20220921_090000.WAV,Telephone Field,recover-20220922,001,1795
1213.3175,1213.3588,68437,82607,Rhinolophus ferrumequinum,0.022,0.022,-1,Echolocation,/mnt/ubna_data_02_mir/recover-20220922/UBNA_001/20220921_090000.WAV,Telephone Field,recover-20220922,001,1795
1213.3215,1213.3309,44375,50808,Pipistrellus pipistrellus,0.023,0.027,-1,Echolocation,/mnt/ubna_data_02_mir/recover-20220922/UBNA_001/20220921_090000.WAV,Telephone Field,recover-20220922,001,1795
1213.3455,1213.3842,68437,82187,Rhinolophus ferrumequinum,0.028,0.028,-1,Echolocation,/mnt/ubna_data_02_mir/recover-20220922/UBNA_001/20220921_090000.WAV,Telephone Field,recover-20220922,001,1795
1213.3515,1213.3612,28906,36921,Eptesicus serotinus,0.01,0.023,-1,Echolocation,/mnt/ubna_data_02_mir/recover-20220922/UBNA_001/20220921_090000.WAV,Telephone Field,recover-20220922,001,1795
1213.3655,1213.3756,27187,34719,Eptesicus serotinus,0.01,0.021,-1,Echolocation,/mnt/ubna_data_02_mir/recover-20220922/UBNA_001/20220921_090000.WAV,Telephone Field,recover-20220922,001,1795
1213.3725,1213.4074,68437,81301,Rhinolophus ferrumequinum,0.022,0.022,-1,Echolocation,/mnt/ubna_data_02_mir/recover-20220922/UBNA_001/20220921_090000.WAV,Telephone Field,recover-20220922,001,1795
1213.3885,1213.4026,22890,26847,Nyctalus leisleri,0.016,0.027,-1,Echolocation,/mnt/ubna_data_02_mir/recover-20220922/UBNA_001/20220921_090000.WAV,Telephone Field,recover-20220922,001,1795
1213.4055,1213.4136,28906,38891,Eptesicus serotinus,0.007,0.023,-1,Echolocation,/mnt/ubna_data_02_mir/recover-20220922/UBNA_001/20220921_090000.WAV,Telephone Field,recover-20220922,001,1795
1213.4255,1213.4648,68437,82033,Rhinolophus ferrumequinum,0.027,0.027,-1,Echolocation,/mnt/ubna_data_02_mir/recover-20220922/UBNA_001/20220921_090000.WAV,Telephone Field,recover-20220922,001,1795
1213.4495,1213.4879,68437,82056,Rhinolophus ferrumequinum,0.021,0.021,-1,Echolocation,/mnt/ubna_data_02_mir/recover-20220922/UBNA_001/20220921_090000.WAV,Telephone Field,recover-20220922,001,1795
1213.4795,1213.5189,68437,82082,Rhinolophus ferrumequinum,0.025,0.025,-1,Echolocation,/mnt/ubna_data_02_mir/recover-20220922/UBNA_001/20220921_090000.WAV,Telephone Field,recover-20220922,001,1795
1213.4845,1213.4947,28906,38947,Eptesicus serotinus,0.01,0.024,-1,Echolocation,/mnt/ubna_data_02_mir/recover-20220922/UBNA_001/20220921_090000.WAV,Telephone Field,recover-20220922,001,1795
1213.4895,1213.534,68437,82815,Rhinolophus ferrumequinum,0.026,0.026,-1,Echolocation,/mnt/ubna_data_02_mir/recover-20220922/UBNA_001/20220921_090000.WAV,Telephone Field,recover-20220922,001,1795
1213.5085,1213.5169,46093,49563,Pipistrellus pipistrellus,0.035,0.036,-1,Echolocation,/mnt/ubna_data_02_mir/recover-20220922/UBNA_001/20220921_090000.WAV,Telephone Field,recover-20220922,001,1795
1213.5135,1213.553,68437,82546,Rhinolophus ferrumequinum,0.024,0.024,-1,Echolocation,/mnt/ubna_data_02_mir/recover-20220922/UBNA_001/20220921_090000.WAV,Telephone Field,recover-20220922,001,1795
1213.5165,1213.5261,28906,36301,Eptesicus serotinus,0.009,0.022,-1,Echolocation,/mnt/ubna_data_02_mir/recover-20220922/UBNA_001/20220921_090000.WAV,Telephone Field,recover-20220922,001,1795
1213.5225,1213.5618,68437,81850,Rhinolophus ferrumequinum,0.022,0.022,-1,Echolocation,/mnt/ubna_data_02_mir/recover-20220922/UBNA_001/20220921_090000.WAV,Telephone Field,recover-20220922,001,1795
1213.5635,1213.6005,68437,81474,Rhinolophus ferrumequinum,0.021,0.021,-1,Echolocation,/mnt/ubna_data_02_mir/recover-20220922/UBNA_001/20220921_090000.WAV,Telephone Field,recover-20220922,001,1795
1213.5765,1213.6147,68437,81949,Rhinolophus ferrumequinum,0.024,0.024,-1,Echolocation,/mnt/ubna_data_02_mir/recover-20220922/UBNA_001/20220921_090000.WAV,Telephone Field,recover-20220922,001,1795
1213.5835,1213.5916,48671,55005,Pipistrellus pipistrellus,0.023,0.025,-1,Echolocation,/mnt/ubna_data_02_mir/recover-20220922/UBNA_001/20220921_090000.WAV,Telephone Field,recover-20220922,001,1795
1213.6165,1213.6535,68437,81415,Rhinolophus ferrumequinum,0.022,0.022,-1,Echolocation,/mnt/ubna_data_02_mir/recover-20220922/UBNA_001/20220921_090000.WAV,Telephone Field,recover-20220922,001,1795
1213.6315,1213.67,68437,82142,Rhinolophus ferrumequinum,0.027,0.027,-1,Echolocation,/mnt/ubna_data_02_mir/recover-20220922/UBNA_001/20220921_090000.WAV,Telephone Field,recover-20220922,001,1795
1213.6505,1213.6913,68437,82198,Rhinolophus ferrumequinum,0.033,0.033,-1,Echolocation,/mnt/ubna_data_02_mir/recover-20220922/UBNA_001/20220921_090000.WAV,Telephone Field,recover-20220922,001,1795
1213.6695,1213.7091,68437,82744,Rhinolophus ferrumequinum,0.022,0.022,-1,Echolocation,/mnt/ubna_data_02_mir/recover-20220922/UBNA_001/20220921_090000.WAV,Telephone Field,recover-20220922,001,1795
1213.7025,1213.742,68437,82982,Rhinolophus ferrumequinum,0.021,0.021,-1,Echolocation,/mnt/ubna_data_02_mir/recover-20220922/UBNA_001/20220921_090000.WAV,Telephone Field,recover-20220922,001,1795
1213.7265,1213.7669,68437,82869,Rhinolophus ferrumequinum,0.036,0.036,-1,Echolocation,/mnt/ubna_data_02_mir/recover-20220922/UBNA_001/20220921_090000.WAV,Telephone Field,recover-20220922,001,1795
1213.7565,1213.7968,68437,82630,Rhinolophus ferrumequinum,0.023,0.023,-1,Echolocation,/mnt/ubna_data_02_mir/recover-20220922/UBNA_001/20220921_090000.WAV,Telephone Field,recover-20220922,001,1795
1213.7625,1213.8037,68437,82324,Rhinolophus ferrumequinum,0.022,0.022,-1,Echolocation,/mnt/ubna_data_02_mir/recover-20220922/UBNA_001/20220921_090000.WAV,Telephone Field,recover-20220922,001,1795
1213.7655,1213.7737,28046,38092,Eptesicus serotinus,0.007,0.022,-1,Echolocation,/mnt/ubna_data_02_mir/recover-20220922/UBNA_001/20220921_090000.WAV,Telephone Field,recover-20220922,001,1795
1213.7735,1213.8126,68437,82535,Rhinolophus ferrumequinum,0.025,0.025,-1,Echolocation,/mnt/ubna_data_02_mir/recover-20220922/UBNA_001/20220921_090000.WAV,Telephone Field,recover-20220922,001,1795
1213.7745,1213.7811,23750,31958,Plecotus austriacus,0.01,0.022,-1,Echolocation,/mnt/ubna_data_02_mir/recover-20220922/UBNA_001/20220921_090000.WAV,Telephone Field,recover-20220922,001,1795
1213.7815,1213.7885,50390,57620,Pipistrellus pipistrellus,0.025,0.028,-1,Echolocation,/mnt/ubna_data_02_mir/recover-20220922/UBNA_001/20220921_090000.WAV,Telephone Field,recover-20220922,001,1795
1213.8505,1213.8863,68437,81580,Rhinolophus ferrumequinum,0.023,0.023,-1,Echolocation,/mnt/ubna_data_02_mir/recover-20220922/UBNA_001/20220921_090000.WAV,Telephone Field,recover-20220922,001,1795
1213.8775,1213.9133,68437,81672,Rhinolophus ferrumequinum,0.021,0.021,-1,Echolocation,/mnt/ubna_data_02_mir/recover-20220922/UBNA_001/20220921_090000.WAV,Telephone Field,recover-20220922,001,1795
1213.8865,1213.9225,68437,81563,Rhinolophus ferrumequinum,0.021,0.021,-1,Echolocation,/mnt/ubna_data_02_mir/recover-20220922/UBNA_001/20220921_090000.WAV,Telephone Field,recover-20220922,001,1795
1213.9035,1213.9115,50390,57183,Pipistrellus pipistrellus,0.026,0.028,-1,Echolocation,/mnt/ubna_data_02_mir/recover-20220922/UBNA_001/20220921_090000.WAV,Telephone Field,recover-20220922,001,1795
1213.9125,1213.9476,68437,82009,Rhinolophus ferrumequinum,0.032,0.032,-1,Echolocation,/mnt/ubna_data_02_mir/recover-20220922/UBNA_001/20220921_090000.WAV,Telephone Field,recover-20220922,001,1795
1213.9275,1213.9636,68437,81809,Rhinolophus ferrumequinum,0.022,0.022,-1,Echolocation,/mnt/ubna_data_02_mir/recover-20220922/UBNA_001/20220921_090000.WAV,Telephone Field,recover-20220922,001,1795
1213.9375,1213.9458,28906,37879,Eptesicus serotinus,0.007,0.021,-1,Echolocation,/mnt/ubna_data_02_mir/recover-20220922/UBNA_001/20220921_090000.WAV,Telephone Field,recover-20220922,001,1795
1213.9485,1213.9851,68437,82021,Rhinolophus ferrumequinum,0.023,0.023,-1,Echolocation,/mnt/ubna_data_02_mir/recover-20220922/UBNA_001/20220921_090000.WAV,Telephone Field,recover-20220922,001,1795
1213.9545,1213.9634,28046,37411,Eptesicus serotinus,0.008,0.023,-1,Echolocation,/mnt/ubna_data_02_mir/recover-20220922/UBNA_001/20220921_090000.WAV,Telephone Field,recover-20220922,001,1795
1213.9785,1213.9875,22890,28966,Nyctalus leisleri,0.009,0.022,-1,Echolocation,/mnt/ubna_data_02_mir/recover-20220922/UBNA_001/20220921_090000.WAV,Telephone Field,recover-20220922,001,1795
1213.9825,1213.9914,28906,37906,Eptesicus serotinus,0.007,0.022,-1,Echolocation,/mnt/ubna_data_02_mir/recover-20220922/UBNA_001/20220921_090000.WAV,Telephone Field,recover-20220922,001,1795
1214.0015,1214.0355,68437,80299,Rhinolophus ferrumequinum,0.048,0.048,-1,Echolocation,/mnt/ubna_data_02_mir/recover-20220922/UBNA_001/20220921_090000.WAV,Telephone Field,recover-20220922,001,1795
1214.0015,1214.0157,47812,52276,Pipistrellus pipistrellus,0.03,0.04,-1,Echolocation,/mnt/ubna_data_02_mir/recover-20220922/UBNA_001/20220921_090000.WAV,Telephone Field,recover-20220922,001,1795
1214.0015,1214.0111,22031,28145,Nyctalus leisleri,0.01,0.025,-1,Echolocation,/mnt/ubna_data_02_mir/recover-20220922/UBNA_001/20220921_090000.WAV,Telephone Field,recover-20220922,001,1795
1214.0075,1214.0507,68437,81845,Rhinolophus ferrumequinum,0.023,0.023,-1,Echolocation,/mnt/ubna_data_02_mir/recover-20220922/UBNA_001/20220921_090000.WAV,Telephone Field,recover-20220922,001,1795
1214.0315,1214.0678,68437,81021,Rhinolophus ferrumequinum,0.021,0.021,-1,Echolocation,/mnt/ubna_data_02_mir/recover-20220922/UBNA_001/20220921_090000.WAV,Telephone Field,recover-20220922,001,1795
1214.0415,1214.0543,37500,41591,Pipistrellus nathusii,0.028,0.04,-1,Echolocation,/mnt/ubna_data_02_mir/recover-20220922/UBNA_001/20220921_090000.WAV,Telephone Field,recover-20220922,001,1795
1214.0645,1214.1065,68437,82737,Rhinolophus ferrumequinum,0.027,0.027,-1,Echolocation,/mnt/ubna_data_02_mir/recover-20220922/UBNA_001/20220921_090000.WAV,Telephone Field,recover-20220922,001,1795
1214.0775,1214.0848,27187,35654,Eptesicus serotinus,0.009,0.027,-1,Echolocation,/mnt/ubna_data_02_mir/recover-20220922/UBNA_001/20220921_090000.WAV,Telephone Field,recover-20220922,001,1795
1214.1425,1214.1824,68437,82528,Rhinolophus ferrumequinum,0.021,0.021,-1,Echolocation,/mnt/ubna_data_02_mir/recover-20220922/UBNA_001/20220921_090000.WAV,Telephone Field,recover-20220922,001,1795
1214.1635,1214.1733,25468,32849,Eptesicus serotinus,0.01,0.025,-1,Echolocation,/mnt/ubna_data_02_mir/recover-20220922/UBNA_001/20220921_090000.WAV,Telephone Field,recover-20220922,001,1795
1214.1655,1214.2043,68437,82325,Rhinolophus ferrumequinum,0.027,0.027,-1,Echolocation,/mnt/ubna_data_02_mir/recover-20220922/UBNA_001/20220921_090000.WAV,Telephone Field,recover-20220922,001,1795
1214.1735,1214.1833,28046,35503,Eptesicus serotinus,0.023,0.043,-1,Echolocation,/mnt/ubna_data_02_mir/recover-20220922/UBNA_001/20220921_090000.WAV,Telephone Field,recover-20220922,001,1795
1214.1885,1214.2007,22890,27746,Nyctalus leisleri,0.012,0.023,-1,Echolocation,/mnt/ubna_data_02_mir/recover-20220922/UBNA_001/20220921_090000.WAV,Telephone Field,recover-20220922,001,1795
1214.1955,1214.2337,68437,81732,Rhinolophus ferrumequinum,0.021,0.021,-1,Echolocation,/mnt/ubna_data_02_mir/recover-20220922/UBNA_001/20220921_090000.WAV,Telephone Field,recover-20220922,001,1795
1214.2145,1214.2576,68437,83225,Rhinolophus ferrumequinum,0.032,0.032,-1,Echolocation,/mnt/ubna_data_02_mir/recover-20220922/UBNA_001/20220921_090000.WAV,Telephone Field,recover-20220922,001,1795
1214.2865,1214.3295,68437,83482,Rhinolophus ferrumequinum,0.023,0.023,-1,Echolocation,/mnt/ubna_data_02_mir/recover-20220922/UBNA_001/20220921_090000.WAV,Telephone Field,recover-20220922,001,1795
1214.2925,1214.3011,22890,30373,Plecotus austriacus,0.008,0.021,-1,Echolocation,/mnt/ubna_data_02_mir/recover-20220922/UBNA_001/20220921_090000.WAV,Telephone Field,recover-20220922,001,1795
1214.3035,1214.3448,68437,82879,Rhinolophus ferrumequinum,0.023,0.023,-1,Echolocation,/mnt/ubna_data_02_mir/recover-20220922/UBNA_001/20220921_090000.WAV,Telephone Field,recover-20220922,001,1795
1214.3035,1214.3148,23750,30453,Nyctalus leisleri,0.011,0.031,-1,Echolocation,/mnt/ubna_data_02_mir/recover-20220922/UBNA_001/20220921_090000.WAV,Telephone Field,recover-20220922,001,1795
1214.3175,1214.3251,29765,38958,Eptesicus serotinus,0.007,0.023,-1,Echolocation,/mnt/ubna_data_02_mir/recover-20220922/UBNA_001/20220921_090000.WAV,Telephone Field,recover-20220922,001,1795
1214.3175,1214.3249,23750,32375,Plecotus austriacus,0.011,0.023,-1,Echolocation,/mnt/ubna_data_02_mir/recover-20220922/UBNA_001/20220921_090000.WAV,Telephone Field,recover-20220922,001,1795
1214.3475,1214.3876,68437,82024,Rhinolophus ferrumequinum,0.022,0.022,-1,Echolocation,/mnt/ubna_data_02_mir/recover-20220922/UBNA_001/20220921_090000.WAV,Telephone Field,recover-20220922,001,1795
1214.3535,1214.3648,38359,43111,Pipistrellus nathusii,0.013,0.025,-1,Echolocation,/mnt/ubna_data_02_mir/recover-20220922/UBNA_001/20220921_090000.WAV,Telephone Field,recover-20220922,001,1795
1214.4005,1214.4111,14296,19088,Nyctalus noctula,0.01,0.021,-1,Echolocation,/mnt/ubna_data_02_mir/recover-20220922/UBNA_001/20220921_090000.WAV,Telephone Field,recover-20220922,001,1795
1214.4095,1214.4165,28046,40700,Eptesicus serotinus,0.007,0.023,-1,Echolocation,/mnt/ubna_data_02_mir/recover-20220922/UBNA_001/20220921_090000.WAV,Telephone Field,recover-20220922,001,1795
1214.4135,1214.4551,68437,82850,Rhinolophus ferrumequinum,0.023,0.024,-1,Echolocation,/mnt/ubna_data_02_mir/recover-20220922/UBNA_001/20220921_090000.WAV,Telephone Field,recover-20220922,001,1795
1214.4165,1214.4257,22890,29346,Plecotus austriacus,0.007,0.021,-1,Echolocation,/mnt/ubna_data_02_mir/recover-20220922/UBNA_001/20220921_090000.WAV,Telephone Field,recover-20220922,001,1795
1214.4695,1214.5063,68437,80859,Rhinolophus ferrumequinum,0.023,0.023,-1,Echolocation,/mnt/ubna_data_02_mir/recover-20220922/UBNA_001/20220921_090000.WAV,Telephone Field,recover-20220922,001,1795
1214.4805,1214.5145,68437,81338,Rhinolophus ferrumequinum,0.023,0.023,-1,Echolocation,/mnt/ubna_data_02_mir/recover-20220922/UBNA_001/20220921_090000.WAV,Telephone Field,recover-20220922,001,1795
1214.5085,1214.5197,28906,35155,Eptesicus serotinus,0.011,0.025,-1,Echolocation,/mnt/ubna_data_02_mir/recover-20220922/UBNA_001/20220921_090000.WAV,Telephone Field,recover-20220922,001,1795
1214.5185,1214.5274,22890,30274,Plecotus austriacus,0.009,0.022,-1,Echolocation,/mnt/ubna_data_02_mir/recover-20220922/UBNA_001/20220921_090000.WAV,Telephone Field,recover-20220922,001,1795
1214.5315,1214.5681,68437,81514,Rhinolophus ferrumequinum,0.032,0.032,-1,Echolocation,/mnt/ubna_data_02_mir/recover-20220922/UBNA_001/20220921_090000.WAV,Telephone Field,recover-20220922,001,1795
1214.5585,1214.599,68437,81809,Rhinolophus ferrumequinum,0.021,0.021,-1,Echolocation,/mnt/ubna_data_02_mir/recover-20220922/UBNA_001/20220921_090000.WAV,Telephone Field,recover-20220922,001,1795
1214.5645,1214.6041,68437,81798,Rhinolophus ferrumequinum,0.022,0.022,-1,Echolocation,/mnt/ubna_data_02_mir/recover-20220922/UBNA_001/20220921_090000.WAV,Telephone Field,recover-20220922,001,1795
1214.5905,1214.6328,68437,83023,Rhinolophus ferrumequinum,0.026,0.026,-1,Echolocation,/mnt/ubna_data_02_mir/recover-20220922/UBNA_001/20220921_090000.WAV,Telephone Field,recover-20220922,001,1795
1214.6235,1214.6604,68437,81084,Rhinolophus ferrumequinum,0.021,0.021,-1,Echolocation,/mnt/ubna_data_02_mir/recover-20220922/UBNA_001/20220921_090000.WAV,Telephone Field,recover-20220922,001,1795
1214.6915,1214.7068,20312,23801,Nyctalus leisleri,0.012,0.023,-1,Echolocation,/mnt/ubna_data_02_mir/recover-20220922/UBNA_001/20220921_090000.WAV,Telephone Field,recover-20220922,001,1795
1214.7435,1214.7816,68437,81763,Rhinolophus ferrumequinum,0.024,0.024,-1,Echolocation,/mnt/ubna_data_02_mir/recover-20220922/UBNA_001/20220921_090000.WAV,Telephone Field,recover-20220922,001,1795
1214.7465,1214.7597,43515,47546,Pipistrellus pipistrellus,0.02,0.024,-1,Echolocation,/mnt/ubna_data_02_mir/recover-20220922/UBNA_001/20220921_090000.WAV,Telephone Field,recover-20220922,001,1795
1214.7595,1214.77,22890,27271,Nyctalus leisleri,0.011,0.021,-1,Echolocation,/mnt/ubna_data_02_mir/recover-20220922/UBNA_001/20220921_090000.WAV,Telephone Field,recover-20220922,001,1795
1214.7975,1214.8081,27187,35987,Eptesicus serotinus,0.015,0.03,-1,Echolocation,/mnt/ubna_data_02_mir/recover-20220922/UBNA_001/20220921_090000.WAV,Telephone Field,recover-20220922,001,1795
1214.7985,1214.8416,68437,82917,Rhinolophus ferrumequinum,0.032,0.032,-1,Echolocation,/mnt/ubna_data_02_mir/recover-20220922/UBNA_001/20220921_090000.WAV,Telephone Field,recover-20220922,001,1795
1214.8255,1214.8658,68437,82045,Rhinolophus ferrumequinum,0.025,0.025,-1,Echolocation,/mnt/ubna_data_02_mir/recover-20220922/UBNA_001/20220921_090000.WAV,Telephone Field,recover-20220922,001,1795
1214.8705,1214.9107,68437,82063,Rhinolophus ferrumequinum,0.023,0.023,-1,Echolocation,/mnt/ubna_data_02_mir/recover-20220922/UBNA_001/20220921_090000.WAV,Telephone Field,recover-20220922,001,1795
1214.9425,1214.979,68437,81163,Rhinolophus ferrumequinum,0.022,0.022,-1,Echolocation,/mnt/ubna_data_02_mir/recover-20220922/UBNA_001/20220921_090000.WAV,Telephone Field,recover-20220922,001,1795
1214.9515,1214.9625,22031,26874,Nyctalus leisleri,0.01,0.022,-1,Echolocation,/mnt/ubna_data_02_mir/recover-20220922/UBNA_001/20220921_090000.WAV,Telephone Field,recover-20220922,001,1795
1214.9635,1215.0047,68437,83326,Rhinolophus ferrumequinum,0.026,0.026,-1,Echolocation,/mnt/ubna_data_02_mir/recover-20220922/UBNA_001/20220921_090000.WAV,Telephone Field,recover-20220922,001,1795
1214.9945,1215.0367,68437,82375,Rhinolophus ferrumequinum,0.023,0.023,-1,Echolocation,/mnt/ubna_data_02_mir/recover-20220922/UBNA_001/20220921_090000.WAV,Telephone Field,recover-20220922,001,1795
1215.0275,1215.0375,22890,27693,Nyctalus leisleri,0.01,0.021,-1,Echolocation,/mnt/ubna_data_02_mir/recover-20220922/UBNA_001/20220921_090000.WAV,Telephone Field,recover-20220922,001,1795
1215.0435,1215.0848,68437,82367,Rhinolophus ferrumequinum,0.025,0.025,-1,Echolocation,/mnt/ubna_data_02_mir/recover-20220922/UBNA_001/20220921_090000.WAV,Telephone Field,recover-20220922,001,1795
1215.0855,1215.1219,68437,81671,Rhinolophus ferrumequinum,0.022,0.022,-1,Echolocation,/mnt/ubna_data_02_mir/recover-20220922/UBNA_001/20220921_090000.WAV,Telephone Field,recover-20220922,001,1795
1215.1155,1215.1548,68437,82215,Rhinolophus ferrumequinum,0.022,0.022,-1,Echolocation,/mnt/ubna_data_02_mir/recover-20220922/UBNA_001/20220921_090000.WAV,Telephone Field,recover-20220922,001,1795
1215.1455,1215.1526,24609,34063,Plecotus austriacus,0.01,0.024,-1,Echolocation,/mnt/ubna_data_02_mir/recover-20220922/UBNA_001/20220921_090000.WAV,Telephone Field,recover-20220922,001,1795
1215.1475,1215.1889,68437,83064,Rhinolophus ferrumequinum,0.025,0.025,-1,Echolocation,/mnt/ubna_data_02_mir/recover-20220922/UBNA_001/20220921_090000.WAV,Telephone Field,recover-20220922,001,1795
1215.1815,1215.2228,68437,82473,Rhinolophus ferrumequinum,0.024,0.024,-1,Echolocation,/mnt/ubna_data_02_mir/recover-20220922/UBNA_001/20220921_090000.WAV,Telephone Field,recover-20220922,001,1795
1215.1865,1215.1982,24609,30108,Nyctalus leisleri,0.014,0.028,-1,Echolocation,/mnt/ubna_data_02_mir/recover-20220922/UBNA_001/20220921_090000.WAV,Telephone Field,recover-20220922,001,1795
1215.1935,1215.2091,22890,27234,Nyctalus leisleri,0.017,0.029,-1,Echolocation,/mnt/ubna_data_02_mir/recover-20220922/UBNA_001/20220921_090000.WAV,Telephone Field,recover-20220922,001,1795
1215.2685,1215.3057,68437,82564,Rhinolophus ferrumequinum,0.023,0.023,-1,Echolocation,/mnt/ubna_data_02_mir/recover-20220922/UBNA_001/20220921_090000.WAV,Telephone Field,recover-20220922,001,1795
1215.2895,1215.3284,68437,82649,Rhinolophus ferrumequinum,0.022,0.022,-1,Echolocation,/mnt/ubna_data_02_mir/recover-20220922/UBNA_001/20220921_090000.WAV,Telephone Field,recover-20220922,001,1795
1215.3275,1215.366,68437,82002,Rhinolophus ferrumequinum,0.021,0.021,-1,Echolocation,/mnt/ubna_data_02_mir/recover-20220922/UBNA_001/20220921_090000.WAV,Telephone Field,recover-20220922,001,1795
1215.3475,1215.3879,68437,82091,Rhinolophus ferrumequinum,0.022,0.022,-1,Echolocation,/mnt/ubna_data_02_mir/recover-20220922/UBNA_001/20220921_090000.WAV,Telephone Field,recover-20220922,001,1795
1215.4485,1215.4921,68437,82953,Rhinolophus ferrumequinum,0.037,0.037,-1,Echolocation,/mnt/ubna_data_02_mir/recover-20220922/UBNA_001/20220921_090000.WAV,Telephone Field,recover-20220922,001,1795
1215.5235,1215.5331,28906,36587,Eptesicus serotinus,0.008,0.021,-1,Echolocation,/mnt/ubna_data_02_mir/recover-20220922/UBNA_001/20220921_090000.WAV,Telephone Field,recover-20220922,001,1795
1215.5395,1215.5786,68437,82406,Rhinolophus ferrumequinum,0.021,0.021,-1,Echolocation,/mnt/ubna_data_02_mir/recover-20220922/UBNA_001/20220921_090000.WAV,Telephone Field,recover-20220922,001,1795
1215.5475,1215.5866,68437,82765,Rhinolophus ferrumequinum,0.021,0.021,-1,Echolocation,/mnt/ubna_data_02_mir/recover-20220922/UBNA_001/20220921_090000.WAV,Telephone Field,recover-20220922,001,1795
1215.5785,1215.6195,68437,82859,Rhinolophus ferrumequinum,0.021,0.021,-1,Echolocation,/mnt/ubna_data_02_mir/recover-20220922/UBNA_001/20220921_090000.WAV,Telephone Field,recover-20220922,001,1795
1215.5895,1215.6004,23750,28433,Nyctalus leisleri,0.017,0.033,-1,Echolocation,/mnt/ubna_data_02_mir/recover-20220922/UBNA_001/20220921_090000.WAV,Telephone Field,recover-20220922,001,1795
1215.5935,1215.6344,68437,82606,Rhinolophus ferrumequinum,0.023,0.023,-1,Echolocation,/mnt/ubna_data_02_mir/recover-20220922/UBNA_001/20220921_090000.WAV,Telephone Field,recover-20220922,001,1795
1215.6075,1215.6208,22031,25712,Nyctalus leisleri,0.014,0.022,-1,Echolocation,/mnt/ubna_data_02_mir/recover-20220922/UBNA_001/20220921_090000.WAV,Telephone Field,recover-20220922,001,1795
1215.6175,1215.6575,68437,82679,Rhinolophus ferrumequinum,0.027,0.027,-1,Echolocation,/mnt/ubna_data_02_mir/recover-20220922/UBNA_001/20220921_090000.WAV,Telephone Field,recover-20220922,001,1795
1215.6525,1215.664,23750,29175,Nyctalus leisleri,0.014,0.028,-1,Echolocation,/mnt/ubna_data_02_mir/recover-20220922/UBNA_001/20220921_090000.WAV,Telephone Field,recover-20220922,001,1795
1215.6815,1215.6973,28906,33529,Eptesicus serotinus,0.037,0.072,-1,Echolocation,/mnt/ubna_data_02_mir/recover-20220922/UBNA_001/20220921_090000.WAV,Telephone Field,recover-20220922,001,1795
1215.6845,1215.6963,14296,21141,Nyctalus noctula,0.012,0.021,-1,Echolocation,/mnt/ubna_data_02_mir/recover-20220922/UBNA_001/20220921_090000.WAV,Telephone Field,recover-20220922,001,1795
1215.7065,1215.7176,23750,27581,Nyctalus leisleri,0.012,0.022,-1,Echolocation,/mnt/ubna_data_02_mir/recover-20220922/UBNA_001/20220921_090000.WAV,Telephone Field,recover-20220922,001,1795
1215.7325,1215.7747,68437,83259,Rhinolophus ferrumequinum,0.037,0.037,-1,Echolocation,/mnt/ubna_data_02_mir/recover-20220922/UBNA_001/20220921_090000.WAV,Telephone Field,recover-20220922,001,1795
1215.7565,1215.7969,68437,82540,Rhinolophus ferrumequinum,0.023,0.023,-1,Echolocation,/mnt/ubna_data_02_mir/recover-20220922/UBNA_001/20220921_090000.WAV,Telephone Field,recover-20220922,001,1795
1215.7715,1215.7792,28046,37459,Eptesicus serotinus,0.007,0.022,-1,Echolocation,/mnt/ubna_data_02_mir/recover-20220922/UBNA_001/20220921_090000.WAV,Telephone Field,recover-20220922,001,1795
1215.8215,1215.8651,68437,83510,Rhinolophus ferrumequinum,0.033,0.033,-1,Echolocation,/mnt/ubna_data_02_mir/recover-20220922/UBNA_001/20220921_090000.WAV,Telephone Field,recover-20220922,001,1795
1215.8455,1215.8572,13437,18020,Nyctalus noctula,0.011,0.023,-1,Echolocation,/mnt/ubna_data_02_mir/recover-20220922/UBNA_001/20220921_090000.WAV,Telephone Field,recover-20220922,001,1795
1215.8595,1215.9017,68437,82417,Rhinolophus ferrumequinum,0.053,0.053,-1,Echolocation,/mnt/ubna_data_02_mir/recover-20220922/UBNA_001/20220921_090000.WAV,Telephone Field,recover-20220922,001,1795
1215.8635,1215.8713,28046,36459,Eptesicus serotinus,0.01,0.026,-1,Echolocation,/mnt/ubna_data_02_mir/recover-20220922/UBNA_001/20220921_090000.WAV,Telephone Field,recover-20220922,001,1795
1215.8975,1215.9122,55546,61558,Pipistrellus pygmaeus,0.023,0.026,-1,Echolocation,/mnt/ubna_data_02_mir/recover-20220922/UBNA_001/20220921_090000.WAV,Telephone Field,recover-20220922,001,1795
1215.8995,1215.9061,28046,43511,Eptesicus serotinus,0.006,0.025,-1,Echolocation,/mnt/ubna_data_02_mir/recover-20220922/UBNA_001/20220921_090000.WAV,Telephone Field,recover-20220922,001,1795
1215.9205,1215.9293,25468,35734,Eptesicus serotinus,0.008,0.024,-1,Echolocation,/mnt/ubna_data_02_mir/recover-20220922/UBNA_001/20220921_090000.WAV,Telephone Field,recover-20220922,001,1795
1215.9425,1215.9827,68437,83002,Rhinolophus ferrumequinum,0.025,0.025,-1,Echolocation,/mnt/ubna_data_02_mir/recover-20220922/UBNA_001/20220921_090000.WAV,Telephone Field,recover-20220922,001,1795
1215.9605,1215.968,28046,38380,Eptesicus serotinus,0.007,0.022,-1,Echolocation,/mnt/ubna_data_02_mir/recover-20220922/UBNA_001/20220921_090000.WAV,Telephone Field,recover-20220922,001,1795
1216.0015,1216.0328,69296,81437,Rhinolophus ferrumequinum,0.022,0.022,-1,Echolocation,/mnt/ubna_data_02_mir/recover-20220922/UBNA_001/20220921_090000.WAV,Telephone Field,recover-20220922,001,1795
1216.0015,1216.0102,26328,35759,Nyctalus leisleri,0.008,0.027,-1,Echolocation,/mnt/ubna_data_02_mir/recover-20220922/UBNA_001/20220921_090000.WAV,Telephone Field,recover-20220922,001,1795
1216.0175,1216.0261,27187,36567,Eptesicus serotinus,0.007,0.022,-1,Echolocation,/mnt/ubna_data_02_mir/recover-20220922/UBNA_001/20220921_090000.WAV,Telephone Field,recover-20220922,001,1795
1216.0435,1216.0842,68437,82481,Rhinolophus ferrumequinum,0.023,0.023,-1,Echolocation,/mnt/ubna_data_02_mir/recover-20220922/UBNA_001/20220921_090000.WAV,Telephone Field,recover-20220922,001,1795
1216.0445,1216.0563,22031,26365,Nyctalus leisleri,0.014,0.026,-1,Echolocation,/mnt/ubna_data_02_mir/recover-20220922/UBNA_001/20220921_090000.WAV,Telephone Field,recover-20220922,001,1795
1216.0475,1216.0547,49531,54846,Pipistrellus pipistrellus,0.021,0.023,-1,Echolocation,/mnt/ubna_data_02_mir/recover-20220922/UBNA_001/20220921_090000.WAV,Telephone Field,recover-20220922,001,1795
1216.0715,1216.1097,68437,81955,Rhinolophus ferrumequinum,0.024,0.024,-1,Echolocation,/mnt/ubna_data_02_mir/recover-20220922/UBNA_001/20220921_090000.WAV,Telephone Field,recover-20220922,001,1795
1216.0725,1216.0793,23750,33407,Plecotus austriacus,0.011,0.025,-1,Echolocation,/mnt/ubna_data_02_mir/recover-20220922/UBNA_001/20220921_090000.WAV,Telephone Field,recover-20220922,001,1795
1216.0725,1216.0792,28046,38654,Eptesicus serotinus,0.006,0.025,-1,Echolocation,/mnt/ubna_data_02_mir/recover-20220922/UBNA_001/20220921_090000.WAV,Telephone Field,recover-20220922,001,1795
1216.0785,1216.116,68437,81806,Rhinolophus ferrumequinum,0.026,0.026,-1,Echolocation,/mnt/ubna_data_02_mir/recover-20220922/UBNA_001/20220921_090000.WAV,Telephone Field,recover-20220922,001,1795
1216.1035,1216.1222,18593,22710,Nyctalus noctula,0.017,0.027,-1,Echolocation,/mnt/ubna_data_02_mir/recover-20220922/UBNA_001/20220921_090000.WAV,Telephone Field,recover-20220922,001,1795
1216.1315,1216.1736,68437,82414,Rhinolophus ferrumequinum,0.037,0.037,-1,Echolocation,/mnt/ubna_data_02_mir/recover-20220922/UBNA_001/20220921_090000.WAV,Telephone Field,recover-20220922,001,1795
1216.1465,1216.1549,28046,39557,Eptesicus serotinus,0.009,0.024,-1,Echolocation,/mnt/ubna_data_02_mir/recover-20220922/UBNA_001/20220921_090000.WAV,Telephone Field,recover-20220922,001,1795
1216.1545,1216.1631,28046,36212,Eptesicus serotinus,0.008,0.022,-1,Echolocation,/mnt/ubna_data_02_mir/recover-20220922/UBNA_001/20220921_090000.WAV,Telephone Field,recover-20220922,001,1795
1216.1685,1216.1823,21171,25113,Nyctalus leisleri,0.012,0.022,-1,Echolocation,/mnt/ubna_data_02_mir/recover-20220922/UBNA_001/20220921_090000.WAV,Telephone Field,recover-20220922,001,1795
1216.1895,1216.2023,56406,61549,Pipistrellus pygmaeus,0.032,0.033,-1,Echolocation,/mnt/ubna_data_02_mir/recover-20220922/UBNA_001/20220921_090000.WAV,Telephone Field,recover-20220922,001,1795
1216.1935,1216.2392,68437,83866,Rhinolophus ferrumequinum,0.052,0.052,-1,Echolocation,/mnt/ubna_data_02_mir/recover-20220922/UBNA_001/20220921_090000.WAV,Telephone Field,recover-20220922,001,1795
1216.2185,1216.2578,68437,82070,Rhinolophus ferrumequinum,0.021,0.021,-1,Echolocation,/mnt/ubna_data_02_mir/recover-20220922/UBNA_001/20220921_090000.WAV,Telephone Field,recover-20220922,001,1795
1216.2195,1216.2293,28906,36715,Eptesicus serotinus,0.011,0.025,-1,Echolocation,/mnt/ubna_data_02_mir/recover-20220922/UBNA_001/20220921_090000.WAV,Telephone Field,recover-20220922,001,1795
1216.2675,1216.3061,68437,82409,Rhinolophus ferrumequinum,0.021,0.022,-1,Echolocation,/mnt/ubna_data_02_mir/recover-20220922/UBNA_001/20220921_090000.WAV,Telephone Field,recover-20220922,001,1795
1216.2955,1216.337,68437,82640,Rhinolophus ferrumequinum,0.025,0.025,-1,Echolocation,/mnt/ubna_data_02_mir/recover-20220922/UBNA_001/20220921_090000.WAV,Telephone Field,recover-20220922,001,1795
1216.2985,1216.3079,23750,31026,Nyctalus leisleri,0.006,0.021,-1,Echolocation,/mnt/ubna_data_02_mir/recover-20220922/UBNA_001/20220921_090000.WAV,Telephone Field,recover-20220922,001,1795
1216.3255,1216.3641,68437,81703,Rhinolophus ferrumequinum,0.026,0.026,-1,Echolocation,/mnt/ubna_data_02_mir/recover-20220922/UBNA_001/20220921_090000.WAV,Telephone Field,recover-20220922,001,1795
1216.3365,1216.3494,28906,34807,Eptesicus serotinus,0.041,0.062,-1,Echolocation,/mnt/ubna_data_02_mir/recover-20220922/UBNA_001/20220921_090000.WAV,Telephone Field,recover-20220922,001,1795
1216.4075,1216.4486,68437,82183,Rhinolophus ferrumequinum,0.025,0.025,-1,Echolocation,/mnt/ubna_data_02_mir/recover-20220922/UBNA_001/20220921_090000.WAV,Telephone Field,recover-20220922,001,1795
1216.4165,1216.4537,68437,81761,Rhinolophus ferrumequinum,0.021,0.022,-1,Echolocation,/mnt/ubna_data_02_mir/recover-20220922/UBNA_001/20220921_090000.WAV,Telephone Field,recover-20220922,001,1795
1216.4265,1216.465,68437,81899,Rhinolophus ferrumequinum,0.022,0.022,-1,Echolocation,/mnt/ubna_data_02_mir/recover-20220922/UBNA_001/20220921_090000.WAV,Telephone Field,recover-20220922,001,1795
1216.4535,1216.4937,68437,83071,Rhinolophus ferrumequinum,0.027,0.027,-1,Echolocation,/mnt/ubna_data_02_mir/recover-20220922/UBNA_001/20220921_090000.WAV,Telephone Field,recover-20220922,001,1795
1216.4745,1216.5168,68437,83264,Rhinolophus ferrumequinum,0.037,0.037,-1,Echolocation,/mnt/ubna_data_02_mir/recover-20220922/UBNA_001/20220921_090000.WAV,Telephone Field,recover-20220922,001,1795
1216.5085,1216.5476,68437,82649,Rhinolophus ferrumequinum,0.026,0.026,-1,Echolocation,/mnt/ubna_data_02_mir/recover-20220922/UBNA_001/20220921_090000.WAV,Telephone Field,recover-20220922,001,1795
1216.5675,1216.6077,68437,82789,Rhinolophus ferrumequinum,0.025,0.025,-1,Echolocation,/mnt/ubna_data_02_mir/recover-20220922/UBNA_001/20220921_090000.WAV,Telephone Field,recover-20220922,001,1795
1216.5895,1216.6282,68437,82080,Rhinolophus ferrumequinum,0.021,0.021,-1,Echolocation,/mnt/ubna_data_02_mir/recover-20220922/UBNA_001/20220921_090000.WAV,Telephone Field,recover-20220922,001,1795
1216.5935,1216.6027,27187,36958,Eptesicus serotinus,0.009,0.023,-1,Echolocation,/mnt/ubna_data_02_mir/recover-20220922/UBNA_001/20220921_090000.WAV,Telephone Field,recover-20220922,001,1795
1216.6205,1216.6586,68437,82175,Rhinolophus ferrumequinum,0.022,0.022,-1,Echolocation,/mnt/ubna_data_02_mir/recover-20220922/UBNA_001/20220921_090000.WAV,Telephone Field,recover-20220922,001,1795
1216.6625,1216.6978,68437,81321,Rhinolophus ferrumequinum,0.022,0.022,-1,Echolocation,/mnt/ubna_data_02_mir/recover-20220922/UBNA_001/20220921_090000.WAV,Telephone Field,recover-20220922,001,1795
1216.6675,1216.6779,22890,28977,Nyctalus leisleri,0.011,0.025,-1,Echolocation,/mnt/ubna_data_02_mir/recover-20220922/UBNA_001/20220921_090000.WAV,Telephone Field,recover-20220922,001,1795
1216.6945,1216.731,68437,81824,Rhinolophus ferrumequinum,0.028,0.028,-1,Echolocation,/mnt/ubna_data_02_mir/recover-20220922/UBNA_001/20220921_090000.WAV,Telephone Field,recover-20220922,001,1795
1216.7245,1216.7629,68437,82383,Rhinolophus ferrumequinum,0.021,0.021,-1,Echolocation,/mnt/ubna_data_02_mir/recover-20220922/UBNA_001/20220921_090000.WAV,Telephone Field,recover-20220922,001,1795
1216.7405,1216.7809,68437,82984,Rhinolophus ferrumequinum,0.026,0.026,-1,Echolocation,/mnt/ubna_data_02_mir/recover-20220922/UBNA_001/20220921_090000.WAV,Telephone Field,recover-20220922,001,1795
1216.7485,1216.7586000000001,23750,30550,Nyctalus leisleri,0.009,0.025,-1,Echolocation,/mnt/ubna_data_02_mir/recover-20220922/UBNA_001/20220921_090000.WAV,Telephone Field,recover-20220922,001,1795
1216.7745,1216.81,68437,80874,Rhinolophus ferrumequinum,0.031,0.031,-1,Echolocation,/mnt/ubna_data_02_mir/recover-20220922/UBNA_001/20220921_090000.WAV,Telephone Field,recover-20220922,001,1795
1216.7855,1216.8221,68437,81766,Rhinolophus ferrumequinum,0.021,0.021,-1,Echolocation,/mnt/ubna_data_02_mir/recover-20220922/UBNA_001/20220921_090000.WAV,Telephone Field,recover-20220922,001,1795
1216.8515,1216.8591,26328,35519,Eptesicus serotinus,0.008,0.023,-1,Echolocation,/mnt/ubna_data_02_mir/recover-20220922/UBNA_001/20220921_090000.WAV,Telephone Field,recover-20220922,001,1795
1216.8555,1216.8911,68437,80610,Rhinolophus ferrumequinum,0.03,0.03,-1,Echolocation,/mnt/ubna_data_02_mir/recover-20220922/UBNA_001/20220921_090000.WAV,Telephone Field,recover-20220922,001,1795
1216.8675,1216.9043,68437,82024,Rhinolophus ferrumequinum,0.023,0.023,-1,Echolocation,/mnt/ubna_data_02_mir/recover-20220922/UBNA_001/20220921_090000.WAV,Telephone Field,recover-20220922,001,1795
1216.8745,1216.884,28046,36624,Eptesicus serotinus,0.013,0.027,-1,Echolocation,/mnt/ubna_data_02_mir/recover-20220922/UBNA_001/20220921_090000.WAV,Telephone Field,recover-20220922,001,1795
1216.8935,1216.9326,68437,82035,Rhinolophus ferrumequinum,0.022,0.022,-1,Echolocation,/mnt/ubna_data_02_mir/recover-20220922/UBNA_001/20220921_090000.WAV,Telephone Field,recover-20220922,001,1795
1216.8975,1216.9064,28046,38039,Eptesicus serotinus,0.008,0.021,-1,Echolocation,/mnt/ubna_data_02_mir/recover-20220922/UBNA_001/20220921_090000.WAV,Telephone Field,recover-20220922,001,1795
1216.9035,1216.9412,68437,82283,Rhinolophus ferrumequinum,0.021,0.021,-1,Echolocation,/mnt/ubna_data_02_mir/recover-20220922/UBNA_001/20220921_090000.WAV,Telephone Field,recover-20220922,001,1795
1216.9045,1216.9124,28046,40040,Eptesicus serotinus,0.008,0.023,-1,Echolocation,/mnt/ubna_data_02_mir/recover-20220922/UBNA_001/20220921_090000.WAV,Telephone Field,recover-20220922,001,1795
1216.9275,1216.9363,28046,37632,Eptesicus serotinus,0.008,0.021,-1,Echolocation,/mnt/ubna_data_02_mir/recover-20220922/UBNA_001/20220921_090000.WAV,Telephone Field,recover-20220922,001,1795
1216.9405,1216.9743,68437,80903,Rhinolophus ferrumequinum,0.02,0.021,-1,Echolocation,/mnt/ubna_data_02_mir/recover-20220922/UBNA_001/20220921_090000.WAV,Telephone Field,recover-20220922,001,1795
1216.9575,1216.9999,68437,83353,Rhinolophus ferrumequinum,0.031,0.031,-1,Echolocation,/mnt/ubna_data_02_mir/recover-20220922/UBNA_001/20220921_090000.WAV,Telephone Field,recover-20220922,001,1795
1216.9665,1217.0078,68437,82807,Rhinolophus ferrumequinum,0.024,0.024,-1,Echolocation,/mnt/ubna_data_02_mir/recover-20220922/UBNA_001/20220921_090000.WAV,Telephone Field,recover-20220922,001,1795
1216.9845,1217.0251,68437,82672,Rhinolophus ferrumequinum,0.028,0.028,-1,Echolocation,/mnt/ubna_data_02_mir/recover-20220922/UBNA_001/20220921_090000.WAV,Telephone Field,recover-20220922,001,1795
1217.0225,1217.0298,28906,37689,Eptesicus serotinus,0.008,0.025,-1,Echolocation,/mnt/ubna_data_02_mir/recover-20220922/UBNA_001/20220921_090000.WAV,Telephone Field,recover-20220922,001,1795
1217.0245,1217.0588,68437,81117,Rhinolophus ferrumequinum,0.022,0.023,-1,Echolocation,/mnt/ubna_data_02_mir/recover-20220922/UBNA_001/20220921_090000.WAV,Telephone Field,recover-20220922,001,1795
1217.0385,1217.0744,68437,81465,Rhinolophus ferrumequinum,0.022,0.022,-1,Echolocation,/mnt/ubna_data_02_mir/recover-20220922/UBNA_001/20220921_090000.WAV,Telephone Field,recover-20220922,001,1795
1217.0675,1217.08,22031,26341,Nyctalus leisleri,0.017,0.031,-1,Echolocation,/mnt/ubna_data_02_mir/recover-20220922/UBNA_001/20220921_090000.WAV,Telephone Field,recover-20220922,001,1795
1217.0785,1217.1141,68437,81643,Rhinolophus ferrumequinum,0.022,0.022,-1,Echolocation,/mnt/ubna_data_02_mir/recover-20220922/UBNA_001/20220921_090000.WAV,Telephone Field,recover-20220922,001,1795
1217.0805,1217.0886,27187,37689,Eptesicus serotinus,0.007,0.021,-1,Echolocation,/mnt/ubna_data_02_mir/recover-20220922/UBNA_001/20220921_090000.WAV,Telephone Field,recover-20220922,001,1795
1217.0975,1217.1346,68437,81850,Rhinolophus ferrumequinum,0.021,0.021,-1,Echolocation,/mnt/ubna_data_02_mir/recover-20220922/UBNA_001/20220921_090000.WAV,Telephone Field,recover-20220922,001,1795
1217.1065,1217.1155,28046,37258,Eptesicus serotinus,0.012,0.028,-1,Echolocation,/mnt/ubna_data_02_mir/recover-20220922/UBNA_001/20220921_090000.WAV,Telephone Field,recover-20220922,001,1795
1217.1295,1217.1691,68437,82837,Rhinolophus ferrumequinum,0.027,0.027,-1,Echolocation,/mnt/ubna_data_02_mir/recover-20220922/UBNA_001/20220921_090000.WAV,Telephone Field,recover-20220922,001,1795
1217.1505,1217.1902,68437,82581,Rhinolophus ferrumequinum,0.029,0.029,-1,Echolocation,/mnt/ubna_data_02_mir/recover-20220922/UBNA_001/20220921_090000.WAV,Telephone Field,recover-20220922,001,1795
1217.2065,1217.2488,68437,82541,Rhinolophus ferrumequinum,0.022,0.022,-1,Echolocation,/mnt/ubna_data_02_mir/recover-20220922/UBNA_001/20220921_090000.WAV,Telephone Field,recover-20220922,001,1795
1217.2105,1217.2169,23750,36229,Plecotus austriacus,0.009,0.024,-1,Echolocation,/mnt/ubna_data_02_mir/recover-20220922/UBNA_001/20220921_090000.WAV,Telephone Field,recover-20220922,001,1795
1217.2155,1217.2227,33203,45189,Myotis daubentonii,0.007,0.022,-1,Echolocation,/mnt/ubna_data_02_mir/recover-20220922/UBNA_001/20220921_090000.WAV,Telephone Field,recover-20220922,001,1795
1217.2155,1217.2232,28046,45071,Eptesicus serotinus,0.008,0.023,-1,Echolocation,/mnt/ubna_data_02_mir/recover-20220922/UBNA_001/20220921_090000.WAV,Telephone Field,recover-20220922,001,1795
1217.2775,1217.3183,68437,82253,Rhinolophus ferrumequinum,0.021,0.021,-1,Echolocation,/mnt/ubna_data_02_mir/recover-20220922/UBNA_001/20220921_090000.WAV,Telephone Field,recover-20220922,001,1795
1217.2965,1217.3368,68437,82733,Rhinolophus ferrumequinum,0.024,0.024,-1,Echolocation,/mnt/ubna_data_02_mir/recover-20220922/UBNA_001/20220921_090000.WAV,Telephone Field,recover-20220922,001,1795
1217.3035,1217.3445,68437,82955,Rhinolophus ferrumequinum,0.026,0.026,-1,Echolocation,/mnt/ubna_data_02_mir/recover-20220922/UBNA_001/20220921_090000.WAV,Telephone Field,recover-20220922,001,1795
1217.3075,1217.3151,27187,39350,Eptesicus serotinus,0.007,0.022,-1,Echolocation,/mnt/ubna_data_02_mir/recover-20220922/UBNA_001/20220921_090000.WAV,Telephone Field,recover-20220922,001,1795
1217.3305,1217.3745,68437,83013,Rhinolophus ferrumequinum,0.054,0.054,-1,Echolocation,/mnt/ubna_data_02_mir/recover-20220922/UBNA_001/20220921_090000.WAV,Telephone Field,recover-20220922,001,1795
1217.3535,1217.3912,68437,82302,Rhinolophus ferrumequinum,0.027,0.027,-1,Echolocation,/mnt/ubna_data_02_mir/recover-20220922/UBNA_001/20220921_090000.WAV,Telephone Field,recover-20220922,001,1795
1217.3605,1217.3674,28046,42507,Eptesicus serotinus,0.007,0.025,-1,Echolocation,/mnt/ubna_data_02_mir/recover-20220922/UBNA_001/20220921_090000.WAV,Telephone Field,recover-20220922,001,1795
1217.3785,1217.4144000000001,68437,81800,Rhinolophus ferrumequinum,0.028,0.028,-1,Echolocation,/mnt/ubna_data_02_mir/recover-20220922/UBNA_001/20220921_090000.WAV,Telephone Field,recover-20220922,001,1795
1217.3825,1217.4,22031,25399,Nyctalus leisleri,0.018,0.03,-1,Echolocation,/mnt/ubna_data_02_mir/recover-20220922/UBNA_001/20220921_090000.WAV,Telephone Field,recover-20220922,001,1795
1217.4055,1217.4482,68437,83070,Rhinolophus ferrumequinum,0.04,0.04,-1,Echolocation,/mnt/ubna_data_02_mir/recover-20220922/UBNA_001/20220921_090000.WAV,Telephone Field,recover-20220922,001,1795
1217.4415,1217.4804,68437,82391,Rhinolophus ferrumequinum,0.023,0.023,-1,Echolocation,/mnt/ubna_data_02_mir/recover-20220922/UBNA_001/20220921_090000.WAV,Telephone Field,recover-20220922,001,1795
1217.4495,1217.4579,28046,37918,Eptesicus serotinus,0.008,0.022,-1,Echolocation,/mnt/ubna_data_02_mir/recover-20220922/UBNA_001/20220921_090000.WAV,Telephone Field,recover-20220922,001,1795
1217.4955,1217.5063,45234,49222,Pipistrellus pipistrellus,0.041,0.044,-1,Echolocation,/mnt/ubna_data_02_mir/recover-20220922/UBNA_001/20220921_090000.WAV,Telephone Field,recover-20220922,001,1795
1217.5275,1217.5662,68437,81421,Rhinolophus ferrumequinum,0.022,0.022,-1,Echolocation,/mnt/ubna_data_02_mir/recover-20220922/UBNA_001/20220921_090000.WAV,Telephone Field,recover-20220922,001,1795
1217.5315,1217.541,27187,35357,Eptesicus serotinus,0.015,0.034,-1,Echolocation,/mnt/ubna_data_02_mir/recover-20220922/UBNA_001/20220921_090000.WAV,Telephone Field,recover-20220922,001,1795
1217.5465,1217.581,68437,80925,Rhinolophus ferrumequinum,0.022,0.022,-1,Echolocation,/mnt/ubna_data_02_mir/recover-20220922/UBNA_001/20220921_090000.WAV,Telephone Field,recover-20220922,001,1795
1217.5465,1217.5529,46093,53271,Pipistrellus pipistrellus,0.016,0.021,-1,Echolocation,/mnt/ubna_data_02_mir/recover-20220922/UBNA_001/20220921_090000.WAV,Telephone Field,recover-20220922,001,1795
1217.5545,1217.5629,28046,39984,Eptesicus serotinus,0.007,0.021,-1,Echolocation,/mnt/ubna_data_02_mir/recover-20220922/UBNA_001/20220921_090000.WAV,Telephone Field,recover-20220922,001,1795
1217.5905,1217.599,28046,39109,Eptesicus serotinus,0.008,0.022,-1,Echolocation,/mnt/ubna_data_02_mir/recover-20220922/UBNA_001/20220921_090000.WAV,Telephone Field,recover-20220922,001,1795
1217.6405,1217.6523,22890,27977,Nyctalus leisleri,0.012,0.024,-1,Echolocation,/mnt/ubna_data_02_mir/recover-20220922/UBNA_001/20220921_090000.WAV,Telephone Field,recover-20220922,001,1795
1217.6485,1217.6575,24609,32056,Nyctalus leisleri,0.006,0.022,-1,Echolocation,/mnt/ubna_data_02_mir/recover-20220922/UBNA_001/20220921_090000.WAV,Telephone Field,recover-20220922,001,1795
1217.6615,1217.6992,68437,82189,Rhinolophus ferrumequinum,0.023,0.023,-1,Echolocation,/mnt/ubna_data_02_mir/recover-20220922/UBNA_001/20220921_090000.WAV,Telephone Field,recover-20220922,001,1795
1217.6805,1217.6882,27187,38943,Eptesicus serotinus,0.007,0.021,-1,Echolocation,/mnt/ubna_data_02_mir/recover-20220922/UBNA_001/20220921_090000.WAV,Telephone Field,recover-20220922,001,1795
1217.6955,1217.7023,28046,36940,Eptesicus serotinus,0.006,0.021,-1,Echolocation,/mnt/ubna_data_02_mir/recover-20220922/UBNA_001/20220921_090000.WAV,Telephone Field,recover-20220922,001,1795
1217.6965,1217.7318,68437,80771,Rhinolophus ferrumequinum,0.023,0.023,-1,Echolocation,/mnt/ubna_data_02_mir/recover-20220922/UBNA_001/20220921_090000.WAV,Telephone Field,recover-20220922,001,1795
1217.6965,1217.7036,23750,32207,Plecotus austriacus,0.008,0.021,-1,Echolocation,/mnt/ubna_data_02_mir/recover-20220922/UBNA_001/20220921_090000.WAV,Telephone Field,recover-20220922,001,1795
1217.7025,1217.7099,28046,40558,Eptesicus serotinus,0.006,0.022,-1,Echolocation,/mnt/ubna_data_02_mir/recover-20220922/UBNA_001/20220921_090000.WAV,Telephone Field,recover-20220922,001,1795
1217.7155,1217.754,68437,82250,Rhinolophus ferrumequinum,0.021,0.021,-1,Echolocation,/mnt/ubna_data_02_mir/recover-20220922/UBNA_001/20220921_090000.WAV,Telephone Field,recover-20220922,001,1795
1217.7295,1217.7389,28046,36265,Eptesicus serotinus,0.009,0.021,-1,Echolocation,/mnt/ubna_data_02_mir/recover-20220922/UBNA_001/20220921_090000.WAV,Telephone Field,recover-20220922,001,1795
1217.7295,1217.7671,68437,82152,Rhinolophus ferrumequinum,0.022,0.022,-1,Echolocation,/mnt/ubna_data_02_mir/recover-20220922/UBNA_001/20220921_090000.WAV,Telephone Field,recover-20220922,001,1795
1217.7345,1217.7437,27187,35139,Eptesicus serotinus,0.008,0.021,-1,Echolocation,/mnt/ubna_data_02_mir/recover-20220922/UBNA_001/20220921_090000.WAV,Telephone Field,recover-20220922,001,1795
1217.7425,1217.7793,68437,81622,Rhinolophus ferrumequinum,0.021,0.021,-1,Echolocation,/mnt/ubna_data_02_mir/recover-20220922/UBNA_001/20220921_090000.WAV,Telephone Field,recover-20220922,001,1795
1217.7555,1217.793,68437,82112,Rhinolophus ferrumequinum,0.022,0.022,-1,Echolocation,/mnt/ubna_data_02_mir/recover-20220922/UBNA_001/20220921_090000.WAV,Telephone Field,recover-20220922,001,1795
1217.7755,1217.7829,29765,39782,Myotis daubentonii,0.008,0.026,-1,Echolocation,/mnt/ubna_data_02_mir/recover-20220922/UBNA_001/20220921_090000.WAV,Telephone Field,recover-20220922,001,1795
1217.8005,1217.8378,68437,82102,Rhinolophus ferrumequinum,0.023,0.023,-1,Echolocation,/mnt/ubna_data_02_mir/recover-20220922/UBNA_001/20220921_090000.WAV,Telephone Field,recover-20220922,001,1795
1217.8185,1217.8578,68437,82543,Rhinolophus ferrumequinum,0.024,0.024,-1,Echolocation,/mnt/ubna_data_02_mir/recover-20220922/UBNA_001/20220921_090000.WAV,Telephone Field,recover-20220922,001,1795
1217.8535,1217.893,68437,82461,Rhinolophus ferrumequinum,0.023,0.023,-1,Echolocation,/mnt/ubna_data_02_mir/recover-20220922/UBNA_001/20220921_090000.WAV,Telephone Field,recover-20220922,001,1795
1217.8605,1217.9018,68437,82063,Rhinolophus ferrumequinum,0.023,0.023,-1,Echolocation,/mnt/ubna_data_02_mir/recover-20220922/UBNA_001/20220921_090000.WAV,Telephone Field,recover-20220922,001,1795
1217.8775,1217.9127,68437,81391,Rhinolophus ferrumequinum,0.022,0.022,-1,Echolocation,/mnt/ubna_data_02_mir/recover-20220922/UBNA_001/20220921_090000.WAV,Telephone Field,recover-20220922,001,1795
1217.8895,1217.9004,22890,27739,Nyctalus leisleri,0.011,0.022,-1,Echolocation,/mnt/ubna_data_02_mir/recover-20220922/UBNA_001/20220921_090000.WAV,Telephone Field,recover-20220922,001,1795
1217.8995,1217.9387,68437,82230,Rhinolophus ferrumequinum,0.027,0.027,-1,Echolocation,/mnt/ubna_data_02_mir/recover-20220922/UBNA_001/20220921_090000.WAV,Telephone Field,recover-20220922,001,1795
1217.9175,1217.9527,68437,80841,Rhinolophus ferrumequinum,0.023,0.023,-1,Echolocation,/mnt/ubna_data_02_mir/recover-20220922/UBNA_001/20220921_090000.WAV,Telephone Field,recover-20220922,001,1795
1217.9225,1217.9321,28046,36890,Eptesicus serotinus,0.009,0.022,-1,Echolocation,/mnt/ubna_data_02_mir/recover-20220922/UBNA_001/20220921_090000.WAV,Telephone Field,recover-20220922,001,1795
1217.9505,1217.9912,68437,82971,Rhinolophus ferrumequinum,0.026,0.026,-1,Echolocation,/mnt/ubna_data_02_mir/recover-20220922/UBNA_001/20220921_090000.WAV,Telephone Field,recover-20220922,001,1795
1217.9605,1217.967,28046,38621,Eptesicus serotinus,0.011,0.035,-1,Echolocation,/mnt/ubna_data_02_mir/recover-20220922/UBNA_001/20220921_090000.WAV,Telephone Field,recover-20220922,001,1795
1217.9855,1217.9953,27187,39968,Eptesicus serotinus,0.008,0.026,-1,Echolocation,/mnt/ubna_data_02_mir/recover-20220922/UBNA_001/20220921_090000.WAV,Telephone Field,recover-20220922,001,1795
1218.0015,1218.0077,44375,48868,Pipistrellus pipistrellus,0.027,0.032,-1,Echolocation,/mnt/ubna_data_02_mir/recover-20220922/UBNA_001/20220921_090000.WAV,Telephone Field,recover-20220922,001,1795
1218.0015,1218.0151,20312,24179,Nyctalus leisleri,0.018,0.03,-1,Echolocation,/mnt/ubna_data_02_mir/recover-20220922/UBNA_001/20220921_090000.WAV,Telephone Field,recover-20220922,001,1795
1218.0015,1218.0341,68437,79640,Rhinolophus ferrumequinum,0.029,0.029,-1,Echolocation,/mnt/ubna_data_02_mir/recover-20220922/UBNA_001/20220921_090000.WAV,Telephone Field,recover-20220922,001,1795
1218.0015,1218.0105,26328,33892,Nyctalus leisleri,0.009,0.028,-1,Echolocation,/mnt/ubna_data_02_mir/recover-20220922/UBNA_001/20220921_090000.WAV,Telephone Field,recover-20220922,001,1795
1218.0265,1218.0656,68437,81574,Rhinolophus ferrumequinum,0.023,0.023,-1,Echolocation,/mnt/ubna_data_02_mir/recover-20220922/UBNA_001/20220921_090000.WAV,Telephone Field,recover-20220922,001,1795
1218.0425,1218.0527,28906,36069,Eptesicus serotinus,0.013,0.028,-1,Echolocation,/mnt/ubna_data_02_mir/recover-20220922/UBNA_001/20220921_090000.WAV,Telephone Field,recover-20220922,001,1795
1218.0915,1218.1041,27187,32523,Eptesicus serotinus,0.036,0.07,-1,Echolocation,/mnt/ubna_data_02_mir/recover-20220922/UBNA_001/20220921_090000.WAV,Telephone Field,recover-20220922,001,1795
1218.1015,1218.1418,68437,82803,Rhinolophus ferrumequinum,0.025,0.025,-1,Echolocation,/mnt/ubna_data_02_mir/recover-20220922/UBNA_001/20220921_090000.WAV,Telephone Field,recover-20220922,001,1795
1218.1155,1218.1281,23750,29039,Nyctalus leisleri,0.017,0.034,-1,Echolocation,/mnt/ubna_data_02_mir/recover-20220922/UBNA_001/20220921_090000.WAV,Telephone Field,recover-20220922,001,1795
1218.1465,1218.1544,26328,35690,Eptesicus serotinus,0.009,0.025,-1,Echolocation,/mnt/ubna_data_02_mir/recover-20220922/UBNA_001/20220921_090000.WAV,Telephone Field,recover-20220922,001,1795
1218.1925,1218.23,68437,81687,Rhinolophus ferrumequinum,0.022,0.022,-1,Echolocation,/mnt/ubna_data_02_mir/recover-20220922/UBNA_001/20220921_090000.WAV,Telephone Field,recover-20220922,001,1795
1218.2385,1218.2479,46093,51485,Pipistrellus pipistrellus,0.032,0.034,-1,Echolocation,/mnt/ubna_data_02_mir/recover-20220922/UBNA_001/20220921_090000.WAV,Telephone Field,recover-20220922,001,1795
1218.2435,1218.2812,68437,81366,Rhinolophus ferrumequinum,0.024,0.024,-1,Echolocation,/mnt/ubna_data_02_mir/recover-20220922/UBNA_001/20220921_090000.WAV,Telephone Field,recover-20220922,001,1795
1218.2495,1218.2875,68437,81724,Rhinolophus ferrumequinum,0.024,0.024,-1,Echolocation,/mnt/ubna_data_02_mir/recover-20220922/UBNA_001/20220921_090000.WAV,Telephone Field,recover-20220922,001,1795
1218.2605,1218.3002,68437,82222,Rhinolophus ferrumequinum,0.027,0.027,-1,Echolocation,/mnt/ubna_data_02_mir/recover-20220922/UBNA_001/20220921_090000.WAV,Telephone Field,recover-20220922,001,1795
1218.2875,1218.3293,68437,82876,Rhinolophus ferrumequinum,0.026,0.026,-1,Echolocation,/mnt/ubna_data_02_mir/recover-20220922/UBNA_001/20220921_090000.WAV,Telephone Field,recover-20220922,001,1795
1218.2875,1218.2961,47812,56447,Pipistrellus pipistrellus,0.019,0.023,-1,Echolocation,/mnt/ubna_data_02_mir/recover-20220922/UBNA_001/20220921_090000.WAV,Telephone Field,recover-20220922,001,1795
1218.3245,1218.3673,68437,83546,Rhinolophus ferrumequinum,0.046,0.046,-1,Echolocation,/mnt/ubna_data_02_mir/recover-20220922/UBNA_001/20220921_090000.WAV,Telephone Field,recover-20220922,001,1795
1218.3775,1218.3881,23750,29919,Nyctalus leisleri,0.009,0.022,-1,Echolocation,/mnt/ubna_data_02_mir/recover-20220922/UBNA_001/20220921_090000.WAV,Telephone Field,recover-20220922,001,1795
1218.4175,1218.4563,68437,82130,Rhinolophus ferrumequinum,0.023,0.023,-1,Echolocation,/mnt/ubna_data_02_mir/recover-20220922/UBNA_001/20220921_090000.WAV,Telephone Field,recover-20220922,001,1795
1218.4565,1218.4904,68437,80758,Rhinolophus ferrumequinum,0.022,0.023,-1,Echolocation,/mnt/ubna_data_02_mir/recover-20220922/UBNA_001/20220921_090000.WAV,Telephone Field,recover-20220922,001,1795
1218.4695,1218.4814,23750,29013,Nyctalus leisleri,0.02,0.043,-1,Echolocation,/mnt/ubna_data_02_mir/recover-20220922/UBNA_001/20220921_090000.WAV,Telephone Field,recover-20220922,001,1795
1218.5305,1218.5705,68437,82463,Rhinolophus ferrumequinum,0.029,0.029,-1,Echolocation,/mnt/ubna_data_02_mir/recover-20220922/UBNA_001/20220921_090000.WAV,Telephone Field,recover-20220922,001,1795
1218.5775,1218.6132,68437,81627,Rhinolophus ferrumequinum,0.022,0.022,-1,Echolocation,/mnt/ubna_data_02_mir/recover-20220922/UBNA_001/20220921_090000.WAV,Telephone Field,recover-20220922,001,1795
1218.6115,1218.622,22031,27435,Nyctalus leisleri,0.01,0.023,-1,Echolocation,/mnt/ubna_data_02_mir/recover-20220922/UBNA_001/20220921_090000.WAV,Telephone Field,recover-20220922,001,1795
1218.6185,1218.6582,68437,82363,Rhinolophus ferrumequinum,0.029,0.029,-1,Echolocation,/mnt/ubna_data_02_mir/recover-20220922/UBNA_001/20220921_090000.WAV,Telephone Field,recover-20220922,001,1795
1218.6525,1218.6628,28046,36675,Eptesicus serotinus,0.015,0.029,-1,Echolocation,/mnt/ubna_data_02_mir/recover-20220922/UBNA_001/20220921_090000.WAV,Telephone Field,recover-20220922,001,1795
1218.6785,1218.7163,68437,82013,Rhinolophus ferrumequinum,0.024,0.024,-1,Echolocation,/mnt/ubna_data_02_mir/recover-20220922/UBNA_001/20220921_090000.WAV,Telephone Field,recover-20220922,001,1795
1218.7305,1218.7671,68437,81500,Rhinolophus ferrumequinum,0.024,0.024,-1,Echolocation,/mnt/ubna_data_02_mir/recover-20220922/UBNA_001/20220921_090000.WAV,Telephone Field,recover-20220922,001,1795
1218.7645,1218.7741,28046,37900,Eptesicus serotinus,0.009,0.022,-1,Echolocation,/mnt/ubna_data_02_mir/recover-20220922/UBNA_001/20220921_090000.WAV,Telephone Field,recover-20220922,001,1795
1218.7705,1218.7795,28906,37255,Eptesicus serotinus,0.01,0.023,-1,Echolocation,/mnt/ubna_data_02_mir/recover-20220922/UBNA_001/20220921_090000.WAV,Telephone Field,recover-20220922,001,1795
1218.8125,1218.8509,68437,82258,Rhinolophus ferrumequinum,0.035,0.035,-1,Echolocation,/mnt/ubna_data_02_mir/recover-20220922/UBNA_001/20220921_090000.WAV,Telephone Field,recover-20220922,001,1795
1218.8435,1218.8823,68437,82470,Rhinolophus ferrumequinum,0.025,0.025,-1,Echolocation,/mnt/ubna_data_02_mir/recover-20220922/UBNA_001/20220921_090000.WAV,Telephone Field,recover-20220922,001,1795
1218.8695,1218.8795,23750,30399,Nyctalus leisleri,0.008,0.024,-1,Echolocation,/mnt/ubna_data_02_mir/recover-20220922/UBNA_001/20220921_090000.WAV,Telephone Field,recover-20220922,001,1795
1218.8705,1218.912,68437,82542,Rhinolophus ferrumequinum,0.029,0.029,-1,Echolocation,/mnt/ubna_data_02_mir/recover-20220922/UBNA_001/20220921_090000.WAV,Telephone Field,recover-20220922,001,1795
1218.8805,1218.915,68437,80232,Rhinolophus ferrumequinum,0.023,0.023,-1,Echolocation,/mnt/ubna_data_02_mir/recover-20220922/UBNA_001/20220921_090000.WAV,Telephone Field,recover-20220922,001,1795
1218.9175,1218.9281,28906,35124,Eptesicus serotinus,0.012,0.026,-1,Echolocation,/mnt/ubna_data_02_mir/recover-20220922/UBNA_001/20220921_090000.WAV,Telephone Field,recover-20220922,001,1795
1218.9225,1218.9353,22031,25923,Nyctalus leisleri,0.013,0.022,-1,Echolocation,/mnt/ubna_data_02_mir/recover-20220922/UBNA_001/20220921_090000.WAV,Telephone Field,recover-20220922,001,1795
1218.9435,1218.9844,68437,82902,Rhinolophus ferrumequinum,0.034,0.034,-1,Echolocation,/mnt/ubna_data_02_mir/recover-20220922/UBNA_001/20220921_090000.WAV,Telephone Field,recover-20220922,001,1795
1218.9585,1219.0,68437,83147,Rhinolophus ferrumequinum,0.03,0.03,-1,Echolocation,/mnt/ubna_data_02_mir/recover-20220922/UBNA_001/20220921_090000.WAV,Telephone Field,recover-20220922,001,1795
1218.9685,1218.9779,28906,37430,Eptesicus serotinus,0.01,0.024,-1,Echolocation,/mnt/ubna_data_02_mir/recover-20220922/UBNA_001/20220921_090000.WAV,Telephone Field,recover-20220922,001,1795
1218.9835,1219.026,68437,82624,Rhinolophus ferrumequinum,0.025,0.025,-1,Echolocation,/mnt/ubna_data_02_mir/recover-20220922/UBNA_001/20220921_090000.WAV,Telephone Field,recover-20220922,001,1795
1218.9855,1218.9986,23750,29457,Nyctalus leisleri,0.014,0.033,-1,Echolocation,/mnt/ubna_data_02_mir/recover-20220922/UBNA_001/20220921_090000.WAV,Telephone Field,recover-20220922,001,1795
1218.9935,1219.0355,68437,82728,Rhinolophus ferrumequinum,0.024,0.024,-1,Echolocation,/mnt/ubna_data_02_mir/recover-20220922/UBNA_001/20220921_090000.WAV,Telephone Field,recover-20220922,001,1795
1219.0005,1219.044,68437,82992,Rhinolophus ferrumequinum,0.03,0.03,-1,Echolocation,/mnt/ubna_data_02_mir/recover-20220922/UBNA_001/20220921_090000.WAV,Telephone Field,recover-20220922,001,1795
1219.0095,1219.0485,68437,82649,Rhinolophus ferrumequinum,0.023,0.023,-1,Echolocation,/mnt/ubna_data_02_mir/recover-20220922/UBNA_001/20220921_090000.WAV,Telephone Field,recover-20220922,001,1795
1219.0275,1219.0637,68437,80588,Rhinolophus ferrumequinum,0.022,0.023,-1,Echolocation,/mnt/ubna_data_02_mir/recover-20220922/UBNA_001/20220921_090000.WAV,Telephone Field,recover-20220922,001,1795
1219.0705,1219.0792,28046,38060,Eptesicus serotinus,0.01,0.026,-1,Echolocation,/mnt/ubna_data_02_mir/recover-20220922/UBNA_001/20220921_090000.WAV,Telephone Field,recover-20220922,001,1795
1219.1235,1219.1675,68437,83170,Rhinolophus ferrumequinum,0.039,0.039,-1,Echolocation,/mnt/ubna_data_02_mir/recover-20220922/UBNA_001/20220921_090000.WAV,Telephone Field,recover-20220922,001,1795
1219.1605,1219.1701,25468,32906,Eptesicus serotinus,0.009,0.022,-1,Echolocation,/mnt/ubna_data_02_mir/recover-20220922/UBNA_001/20220921_090000.WAV,Telephone Field,recover-20220922,001,1795
1219.1715,1219.2104,68437,81762,Rhinolophus ferrumequinum,0.04,0.04,-1,Echolocation,/mnt/ubna_data_02_mir/recover-20220922/UBNA_001/20220921_090000.WAV,Telephone Field,recover-20220922,001,1795
1219.1835,1219.1929,28906,36527,Eptesicus serotinus,0.009,0.024,-1,Echolocation,/mnt/ubna_data_02_mir/recover-20220922/UBNA_001/20220921_090000.WAV,Telephone Field,recover-20220922,001,1795
1219.2425,1219.2842,68437,82377,Rhinolophus ferrumequinum,0.03,0.03,-1,Echolocation,/mnt/ubna_data_02_mir/recover-20220922/UBNA_001/20220921_090000.WAV,Telephone Field,recover-20220922,001,1795
1219.2555,1219.2898,68437,81095,Rhinolophus ferrumequinum,0.024,0.024,-1,Echolocation,/mnt/ubna_data_02_mir/recover-20220922/UBNA_001/20220921_090000.WAV,Telephone Field,recover-20220922,001,1795
1219.2755,1219.3121,68437,82026,Rhinolophus ferrumequinum,0.026,0.026,-1,Echolocation,/mnt/ubna_data_02_mir/recover-20220922/UBNA_001/20220921_090000.WAV,Telephone Field,recover-20220922,001,1795
1219.2995,1219.3364,68437,81416,Rhinolophus ferrumequinum,0.022,0.022,-1,Echolocation,/mnt/ubna_data_02_mir/recover-20220922/UBNA_001/20220921_090000.WAV,Telephone Field,recover-20220922,001,1795
1219.3265,1219.3685,68437,83047,Rhinolophus ferrumequinum,0.032,0.032,-1,Echolocation,/mnt/ubna_data_02_mir/recover-20220922/UBNA_001/20220921_090000.WAV,Telephone Field,recover-20220922,001,1795
1219.3285,1219.3436,23750,28667,Nyctalus leisleri,0.014,0.027,-1,Echolocation,/mnt/ubna_data_02_mir/recover-20220922/UBNA_001/20220921_090000.WAV,Telephone Field,recover-20220922,001,1795
1219.3555,1219.3982,68437,83355,Rhinolophus ferrumequinum,0.026,0.026,-1,Echolocation,/mnt/ubna_data_02_mir/recover-20220922/UBNA_001/20220921_090000.WAV,Telephone Field,recover-20220922,001,1795
1219.3715,1219.3817,23750,30149,Nyctalus leisleri,0.009,0.024,-1,Echolocation,/mnt/ubna_data_02_mir/recover-20220922/UBNA_001/20220921_090000.WAV,Telephone Field,recover-20220922,001,1795
1219.4005,1219.4071,28046,37628,Eptesicus serotinus,0.006,0.022,-1,Echolocation,/mnt/ubna_data_02_mir/recover-20220922/UBNA_001/20220921_090000.WAV,Telephone Field,recover-20220922,001,1795
1219.4435,1219.4527,47812,52097,Pipistrellus pipistrellus,0.022,0.024,-1,Echolocation,/mnt/ubna_data_02_mir/recover-20220922/UBNA_001/20220921_090000.WAV,Telephone Field,recover-20220922,001,1795
1219.4945,1219.5043,24609,32198,Eptesicus serotinus,0.008,0.026,-1,Echolocation,/mnt/ubna_data_02_mir/recover-20220922/UBNA_001/20220921_090000.WAV,Telephone Field,recover-20220922,001,1795
1219.5005,1219.5389,68437,82055,Rhinolophus ferrumequinum,0.024,0.024,-1,Echolocation,/mnt/ubna_data_02_mir/recover-20220922/UBNA_001/20220921_090000.WAV,Telephone Field,recover-20220922,001,1795
1219.5035,1219.5133,28906,35531,Eptesicus serotinus,0.011,0.024,-1,Echolocation,/mnt/ubna_data_02_mir/recover-20220922/UBNA_001/20220921_090000.WAV,Telephone Field,recover-20220922,001,1795
1219.5195,1219.5311,45234,47894,Pipistrellus pipistrellus,0.041,0.043,-1,Echolocation,/mnt/ubna_data_02_mir/recover-20220922/UBNA_001/20220921_090000.WAV,Telephone Field,recover-20220922,001,1795
1219.5365,1219.5754,68437,82158,Rhinolophus ferrumequinum,0.029,0.029,-1,Echolocation,/mnt/ubna_data_02_mir/recover-20220922/UBNA_001/20220921_090000.WAV,Telephone Field,recover-20220922,001,1795
1219.5575,1219.5946,68437,81456,Rhinolophus ferrumequinum,0.027,0.027,-1,Echolocation,/mnt/ubna_data_02_mir/recover-20220922/UBNA_001/20220921_090000.WAV,Telephone Field,recover-20220922,001,1795
1219.5755,1219.6096,68437,80301,Rhinolophus ferrumequinum,0.023,0.023,-1,Echolocation,/mnt/ubna_data_02_mir/recover-20220922/UBNA_001/20220921_090000.WAV,Telephone Field,recover-20220922,001,1795
1219.5785,1219.5857,50390,58253,Pipistrellus pipistrellus,0.02,0.024,-1,Echolocation,/mnt/ubna_data_02_mir/recover-20220922/UBNA_001/20220921_090000.WAV,Telephone Field,recover-20220922,001,1795
1219.5865,1219.6224,68437,80775,Rhinolophus ferrumequinum,0.027,0.027,-1,Echolocation,/mnt/ubna_data_02_mir/recover-20220922/UBNA_001/20220921_090000.WAV,Telephone Field,recover-20220922,001,1795
1219.6155,1219.6537,68437,81908,Rhinolophus ferrumequinum,0.026,0.026,-1,Echolocation,/mnt/ubna_data_02_mir/recover-20220922/UBNA_001/20220921_090000.WAV,Telephone Field,recover-20220922,001,1795
1219.6235,1219.6644000000001,68437,82019,Rhinolophus ferrumequinum,0.024,0.024,-1,Echolocation,/mnt/ubna_data_02_mir/recover-20220922/UBNA_001/20220921_090000.WAV,Telephone Field,recover-20220922,001,1795
1219.6615,1219.7033,68437,82681,Rhinolophus ferrumequinum,0.026,0.026,-1,Echolocation,/mnt/ubna_data_02_mir/recover-20220922/UBNA_001/20220921_090000.WAV,Telephone Field,recover-20220922,001,1795
1219.6685,1219.7105,68437,82994,Rhinolophus ferrumequinum,0.028,0.028,-1,Echolocation,/mnt/ubna_data_02_mir/recover-20220922/UBNA_001/20220921_090000.WAV,Telephone Field,recover-20220922,001,1795
1219.6935,1219.7041,22031,26712,Nyctalus leisleri,0.012,0.026,-1,Echolocation,/mnt/ubna_data_02_mir/recover-20220922/UBNA_001/20220921_090000.WAV,Telephone Field,recover-20220922,001,1795
1219.7065,1219.7129,28906,42464,Eptesicus serotinus,0.007,0.027,-1,Echolocation,/mnt/ubna_data_02_mir/recover-20220922/UBNA_001/20220921_090000.WAV,Telephone Field,recover-20220922,001,1795
1219.7105,1219.7537,68437,83131,Rhinolophus ferrumequinum,0.041,0.041,-1,Echolocation,/mnt/ubna_data_02_mir/recover-20220922/UBNA_001/20220921_090000.WAV,Telephone Field,recover-20220922,001,1795
1219.7325,1219.7412,26328,35565,Eptesicus serotinus,0.011,0.026,-1,Echolocation,/mnt/ubna_data_02_mir/recover-20220922/UBNA_001/20220921_090000.WAV,Telephone Field,recover-20220922,001,1795
1219.7515,1219.7916,68437,82693,Rhinolophus ferrumequinum,0.025,0.025,-1,Echolocation,/mnt/ubna_data_02_mir/recover-20220922/UBNA_001/20220921_090000.WAV,Telephone Field,recover-20220922,001,1795
1219.7685,1219.8096,68437,82934,Rhinolophus ferrumequinum,0.029,0.029,-1,Echolocation,/mnt/ubna_data_02_mir/recover-20220922/UBNA_001/20220921_090000.WAV,Telephone Field,recover-20220922,001,1795
1219.7815,1219.7923,23750,29759,Nyctalus leisleri,0.009,0.023,-1,Echolocation,/mnt/ubna_data_02_mir/recover-20220922/UBNA_001/20220921_090000.WAV,Telephone Field,recover-20220922,001,1795
1219.8155,1219.8549,68437,82754,Rhinolophus ferrumequinum,0.023,0.023,-1,Echolocation,/mnt/ubna_data_02_mir/recover-20220922/UBNA_001/20220921_090000.WAV,Telephone Field,recover-20220922,001,1795
1219.8225,1219.8625,68437,82558,Rhinolophus ferrumequinum,0.022,0.022,-1,Echolocation,/mnt/ubna_data_02_mir/recover-20220922/UBNA_001/20220921_090000.WAV,Telephone Field,recover-20220922,001,1795
1219.8525,1219.8882,68437,81754,Rhinolophus ferrumequinum,0.026,0.026,-1,Echolocation,/mnt/ubna_data_02_mir/recover-20220922/UBNA_001/20220921_090000.WAV,Telephone Field,recover-20220922,001,1795
1219.8775,1219.8867,29765,37482,Eptesicus serotinus,0.008,0.023,-1,Echolocation,/mnt/ubna_data_02_mir/recover-20220922/UBNA_001/20220921_090000.WAV,Telephone Field,recover-20220922,001,1795
1219.8995,1219.9416,68437,83093,Rhinolophus ferrumequinum,0.038,0.038,-1,Echolocation,/mnt/ubna_data_02_mir/recover-20220922/UBNA_001/20220921_090000.WAV,Telephone Field,recover-20220922,001,1795
1219.9415,1219.9812,68437,82831,Rhinolophus ferrumequinum,0.028,0.028,-1,Echolocation,/mnt/ubna_data_02_mir/recover-20220922/UBNA_001/20220921_090000.WAV,Telephone Field,recover-20220922,001,1795
1219.9605,1219.9967,68437,81997,Rhinolophus ferrumequinum,0.023,0.023,-1,Echolocation,/mnt/ubna_data_02_mir/recover-20220922/UBNA_001/20220921_090000.WAV,Telephone Field,recover-20220922,001,1795
1219.9655,1219.9714,51250,57550,Pipistrellus pipistrellus,0.092,0.168,-1,Echolocation,/mnt/ubna_data_02_mir/recover-20220922/UBNA_001/20220921_090000.WAV,Telephone Field,recover-20220922,001,1795
1220.0015,1220.0093,25468,42068,Myotis nattereri,0.007,0.026,-1,Echolocation,/mnt/ubna_data_02_mir/recover-20220922/UBNA_001/20220921_090000.WAV,Telephone Field,recover-20220922,001,1795
1220.0015,1220.0313,69296,81881,Rhinolophus ferrumequinum,0.028,0.028,-1,Echolocation,/mnt/ubna_data_02_mir/recover-20220922/UBNA_001/20220921_090000.WAV,Telephone Field,recover-20220922,001,1795
1220.0245,1220.0388,28046,34291,Eptesicus serotinus,0.04,0.064,-1,Echolocation,/mnt/ubna_data_02_mir/recover-20220922/UBNA_001/20220921_090000.WAV,Telephone Field,recover-20220922,001,1795
1220.0375,1220.0788,68437,82471,Rhinolophus ferrumequinum,0.024,0.024,-1,Echolocation,/mnt/ubna_data_02_mir/recover-20220922/UBNA_001/20220921_090000.WAV,Telephone Field,recover-20220922,001,1795
1220.0385,1220.0477,28046,38775,Eptesicus serotinus,0.008,0.022,-1,Echolocation,/mnt/ubna_data_02_mir/recover-20220922/UBNA_001/20220921_090000.WAV,Telephone Field,recover-20220922,001,1795
1220.0475,1220.0575,28906,36259,Eptesicus serotinus,0.012,0.022,-1,Echolocation,/mnt/ubna_data_02_mir/recover-20220922/UBNA_001/20220921_090000.WAV,Telephone Field,recover-20220922,001,1795
1220.1065,1220.1445,68437,81408,Rhinolophus ferrumequinum,0.022,0.022,-1,Echolocation,/mnt/ubna_data_02_mir/recover-20220922/UBNA_001/20220921_090000.WAV,Telephone Field,recover-20220922,001,1795
1220.1325,1220.1434,55546,60202,Pipistrellus pygmaeus,0.022,0.024,-1,Echolocation,/mnt/ubna_data_02_mir/recover-20220922/UBNA_001/20220921_090000.WAV,Telephone Field,recover-20220922,001,1795
1220.1415,1220.1527,28906,36668,Eptesicus serotinus,0.015,0.029,-1,Echolocation,/mnt/ubna_data_02_mir/recover-20220922/UBNA_001/20220921_090000.WAV,Telephone Field,recover-20220922,001,1795
1220.1805,1220.1866,24609,34784,Plecotus austriacus,0.017,0.04,-1,Echolocation,/mnt/ubna_data_02_mir/recover-20220922/UBNA_001/20220921_090000.WAV,Telephone Field,recover-20220922,001,1795
1220.2045,1220.242,68437,81933,Rhinolophus ferrumequinum,0.021,0.021,-1,Echolocation,/mnt/ubna_data_02_mir/recover-20220922/UBNA_001/20220921_090000.WAV,Telephone Field,recover-20220922,001,1795
1220.2125,1220.2195,23750,33476,Plecotus austriacus,0.011,0.024,-1,Echolocation,/mnt/ubna_data_02_mir/recover-20220922/UBNA_001/20220921_090000.WAV,Telephone Field,recover-20220922,001,1795
1220.2125,1220.2202,29765,38337,Eptesicus serotinus,0.009,0.026,-1,Echolocation,/mnt/ubna_data_02_mir/recover-20220922/UBNA_001/20220921_090000.WAV,Telephone Field,recover-20220922,001,1795
1220.2145,1220.2506,68437,81878,Rhinolophus ferrumequinum,0.021,0.021,-1,Echolocation,/mnt/ubna_data_02_mir/recover-20220922/UBNA_001/20220921_090000.WAV,Telephone Field,recover-20220922,001,1795
1220.2325,1220.2732,68437,83331,Rhinolophus ferrumequinum,0.029,0.029,-1,Echolocation,/mnt/ubna_data_02_mir/recover-20220922/UBNA_001/20220921_090000.WAV,Telephone Field,recover-20220922,001,1795
1220.2405,1220.2503,28046,36392,Eptesicus serotinus,0.01,0.022,-1,Echolocation,/mnt/ubna_data_02_mir/recover-20220922/UBNA_001/20220921_090000.WAV,Telephone Field,recover-20220922,001,1795
1220.2475,1220.2568,28906,36946,Eptesicus serotinus,0.009,0.022,-1,Echolocation,/mnt/ubna_data_02_mir/recover-20220922/UBNA_001/20220921_090000.WAV,Telephone Field,recover-20220922,001,1795
1220.2555,1220.2996,68437,83484,Rhinolophus ferrumequinum,0.027,0.027,-1,Echolocation,/mnt/ubna_data_02_mir/recover-20220922/UBNA_001/20220921_090000.WAV,Telephone Field,recover-20220922,001,1795
1220.2935,1220.3302,68437,81420,Rhinolophus ferrumequinum,0.022,0.022,-1,Echolocation,/mnt/ubna_data_02_mir/recover-20220922/UBNA_001/20220921_090000.WAV,Telephone Field,recover-20220922,001,1795
1220.3095,1220.3505,68437,82129,Rhinolophus ferrumequinum,0.022,0.022,-1,Echolocation,/mnt/ubna_data_02_mir/recover-20220922/UBNA_001/20220921_090000.WAV,Telephone Field,recover-20220922,001,1795
1220.3135,1220.3204,27187,40422,Eptesicus serotinus,0.006,0.022,-1,Echolocation,/mnt/ubna_data_02_mir/recover-20220922/UBNA_001/20220921_090000.WAV,Telephone Field,recover-20220922,001,1795
1220.3185,1220.3539,68437,81425,Rhinolophus ferrumequinum,0.024,0.024,-1,Echolocation,/mnt/ubna_data_02_mir/recover-20220922/UBNA_001/20220921_090000.WAV,Telephone Field,recover-20220922,001,1795
1220.3485,1220.3592,22890,28266,Nyctalus leisleri,0.011,0.022,-1,Echolocation,/mnt/ubna_data_02_mir/recover-20220922/UBNA_001/20220921_090000.WAV,Telephone Field,recover-20220922,001,1795
1220.3595,1220.3965,68437,82194,Rhinolophus ferrumequinum,0.026,0.026,-1,Echolocation,/mnt/ubna_data_02_mir/recover-20220922/UBNA_001/20220921_090000.WAV,Telephone Field,recover-20220922,001,1795
1220.3925,1220.404,23750,29468,Nyctalus leisleri,0.011,0.026,-1,Echolocation,/mnt/ubna_data_02_mir/recover-20220922/UBNA_001/20220921_090000.WAV,Telephone Field,recover-20220922,001,1795
1220.4015,1220.4379,68437,81888,Rhinolophus ferrumequinum,0.022,0.022,-1,Echolocation,/mnt/ubna_data_02_mir/recover-20220922/UBNA_001/20220921_090000.WAV,Telephone Field,recover-20220922,001,1795
1220.4015,1220.4076,25468,38043,Plecotus austriacus,0.01,0.03,-1,Echolocation,/mnt/ubna_data_02_mir/recover-20220922/UBNA_001/20220921_090000.WAV,Telephone Field,recover-20220922,001,1795
1220.4095,1220.4455,68437,82619,Rhinolophus ferrumequinum,0.022,0.022,-1,Echolocation,/mnt/ubna_data_02_mir/recover-20220922/UBNA_001/20220921_090000.WAV,Telephone Field,recover-20220922,001,1795
1220.4215,1220.4627,68437,82945,Rhinolophus ferrumequinum,0.029,0.029,-1,Echolocation,/mnt/ubna_data_02_mir/recover-20220922/UBNA_001/20220921_090000.WAV,Telephone Field,recover-20220922,001,1795
1220.4475,1220.4856,68437,81851,Rhinolophus ferrumequinum,0.022,0.022,-1,Echolocation,/mnt/ubna_data_02_mir/recover-20220922/UBNA_001/20220921_090000.WAV,Telephone Field,recover-20220922,001,1795
1220.4675,1220.5085,68437,82219,Rhinolophus ferrumequinum,0.022,0.022,-1,Echolocation,/mnt/ubna_data_02_mir/recover-20220922/UBNA_001/20220921_090000.WAV,Telephone Field,recover-20220922,001,1795
1220.4985,1220.5321,68437,80943,Rhinolophus ferrumequinum,0.022,0.022,-1,Echolocation,/mnt/ubna_data_02_mir/recover-20220922/UBNA_001/20220921_090000.WAV,Telephone Field,recover-20220922,001,1795
1220.5175,1220.5249,27187,37868,Eptesicus serotinus,0.008,0.025,-1,Echolocation,/mnt/ubna_data_02_mir/recover-20220922/UBNA_001/20220921_090000.WAV,Telephone Field,recover-20220922,001,1795
1220.5355,1220.5731,68437,82404,Rhinolophus ferrumequinum,0.022,0.022,-1,Echolocation,/mnt/ubna_data_02_mir/recover-20220922/UBNA_001/20220921_090000.WAV,Telephone Field,recover-20220922,001,1795
1220.5465,1220.5791,68437,80272,Rhinolophus ferrumequinum,0.03,0.03,-1,Echolocation,/mnt/ubna_data_02_mir/recover-20220922/UBNA_001/20220921_090000.WAV,Telephone Field,recover-20220922,001,1795
1220.5555,1220.589,68437,81128,Rhinolophus ferrumequinum,0.021,0.021,-1,Echolocation,/mnt/ubna_data_02_mir/recover-20220922/UBNA_001/20220921_090000.WAV,Telephone Field,recover-20220922,001,1795
1220.5625,1220.6015,68437,82064,Rhinolophus ferrumequinum,0.022,0.022,-1,Echolocation,/mnt/ubna_data_02_mir/recover-20220922/UBNA_001/20220921_090000.WAV,Telephone Field,recover-20220922,001,1795
1220.5695,1220.5766,23750,32917,Plecotus austriacus,0.01,0.023,-1,Echolocation,/mnt/ubna_data_02_mir/recover-20220922/UBNA_001/20220921_090000.WAV,Telephone Field,recover-20220922,001,1795
1220.6025,1220.6127,24609,30314,Nyctalus leisleri,0.012,0.032,-1,Echolocation,/mnt/ubna_data_02_mir/recover-20220922/UBNA_001/20220921_090000.WAV,Telephone Field,recover-20220922,001,1795
1220.6035,1220.6099,13437,35195,Plecotus auritus,0.023,0.025,-1,Echolocation,/mnt/ubna_data_02_mir/recover-20220922/UBNA_001/20220921_090000.WAV,Telephone Field,recover-20220922,001,1795
1220.6185,1220.6577,68437,81740,Rhinolophus ferrumequinum,0.022,0.022,-1,Echolocation,/mnt/ubna_data_02_mir/recover-20220922/UBNA_001/20220921_090000.WAV,Telephone Field,recover-20220922,001,1795
1220.6355,1220.6701,68437,81427,Rhinolophus ferrumequinum,0.025,0.025,-1,Echolocation,/mnt/ubna_data_02_mir/recover-20220922/UBNA_001/20220921_090000.WAV,Telephone Field,recover-20220922,001,1795
1220.6525,1220.6882,68437,80999,Rhinolophus ferrumequinum,0.023,0.023,-1,Echolocation,/mnt/ubna_data_02_mir/recover-20220922/UBNA_001/20220921_090000.WAV,Telephone Field,recover-20220922,001,1795
1220.6635,1220.6714,28046,41244,Eptesicus serotinus,0.008,0.022,-1,Echolocation,/mnt/ubna_data_02_mir/recover-20220922/UBNA_001/20220921_090000.WAV,Telephone Field,recover-20220922,001,1795
1220.6725,1220.708,68437,81359,Rhinolophus ferrumequinum,0.021,0.021,-1,Echolocation,/mnt/ubna_data_02_mir/recover-20220922/UBNA_001/20220921_090000.WAV,Telephone Field,recover-20220922,001,1795
1220.6795,1220.7173,68437,81994,Rhinolophus ferrumequinum,0.024,0.024,-1,Echolocation,/mnt/ubna_data_02_mir/recover-20220922/UBNA_001/20220921_090000.WAV,Telephone Field,recover-20220922,001,1795
1220.6955,1220.7046,23750,30961,Nyctalus leisleri,0.006,0.021,-1,Echolocation,/mnt/ubna_data_02_mir/recover-20220922/UBNA_001/20220921_090000.WAV,Telephone Field,recover-20220922,001,1795
1220.7095,1220.7528,68437,83509,Rhinolophus ferrumequinum,0.036,0.036,-1,Echolocation,/mnt/ubna_data_02_mir/recover-20220922/UBNA_001/20220921_090000.WAV,Telephone Field,recover-20220922,001,1795
1220.7485,1220.7861,68437,81251,Rhinolophus ferrumequinum,0.025,0.025,-1,Echolocation,/mnt/ubna_data_02_mir/recover-20220922/UBNA_001/20220921_090000.WAV,Telephone Field,recover-20220922,001,1795
1220.7535,1220.7606,23750,32392,Plecotus austriacus,0.009,0.021,-1,Echolocation,/mnt/ubna_data_02_mir/recover-20220922/UBNA_001/20220921_090000.WAV,Telephone Field,recover-20220922,001,1795
1220.7775,1220.817,68437,81890,Rhinolophus ferrumequinum,0.026,0.026,-1,Echolocation,/mnt/ubna_data_02_mir/recover-20220922/UBNA_001/20220921_090000.WAV,Telephone Field,recover-20220922,001,1795
1220.7835,1220.8247,68437,82745,Rhinolophus ferrumequinum,0.023,0.023,-1,Echolocation,/mnt/ubna_data_02_mir/recover-20220922/UBNA_001/20220921_090000.WAV,Telephone Field,recover-20220922,001,1795
1220.8005,1220.8422,68437,82535,Rhinolophus ferrumequinum,0.021,0.021,-1,Echolocation,/mnt/ubna_data_02_mir/recover-20220922/UBNA_001/20220921_090000.WAV,Telephone Field,recover-20220922,001,1795
1220.8305,1220.8496,20312,23287,Nyctalus leisleri,0.016,0.029,-1,Echolocation,/mnt/ubna_data_02_mir/recover-20220922/UBNA_001/20220921_090000.WAV,Telephone Field,recover-20220922,001,1795
1220.8505,1220.8593,55546,60625,Pipistrellus pygmaeus,0.02,0.021,-1,Echolocation,/mnt/ubna_data_02_mir/recover-20220922/UBNA_001/20220921_090000.WAV,Telephone Field,recover-20220922,001,1795
1220.8675,1220.9053,68437,81992,Rhinolophus ferrumequinum,0.022,0.022,-1,Echolocation,/mnt/ubna_data_02_mir/recover-20220922/UBNA_001/20220921_090000.WAV,Telephone Field,recover-20220922,001,1795
1220.8805,1220.9189,68437,82129,Rhinolophus ferrumequinum,0.021,0.021,-1,Echolocation,/mnt/ubna_data_02_mir/recover-20220922/UBNA_001/20220921_090000.WAV,Telephone Field,recover-20220922,001,1795
1220.9005,1220.9382,68437,82385,Rhinolophus ferrumequinum,0.023,0.023,-1,Echolocation,/mnt/ubna_data_02_mir/recover-20220922/UBNA_001/20220921_090000.WAV,Telephone Field,recover-20220922,001,1795
1220.9335,1220.9483,22890,26757,Nyctalus leisleri,0.015,0.026,-1,Echolocation,/mnt/ubna_data_02_mir/recover-20220922/UBNA_001/20220921_090000.WAV,Telephone Field,recover-20220922,001,1795
1220.9675,1221.0076,68437,82413,Rhinolophus ferrumequinum,0.023,0.023,-1,Echolocation,/mnt/ubna_data_02_mir/recover-20220922/UBNA_001/20220921_090000.WAV,Telephone Field,recover-20220922,001,1795
1220.9705,1220.9785,23750,32730,Plecotus austriacus,0.009,0.026,-1,Echolocation,/mnt/ubna_data_02_mir/recover-20220922/UBNA_001/20220921_090000.WAV,Telephone Field,recover-20220922,001,1795
1221.0015,1221.0406,68437,82464,Rhinolophus ferrumequinum,0.024,0.024,-1,Echolocation,/mnt/ubna_data_02_mir/recover-20220922/UBNA_001/20220921_090000.WAV,Telephone Field,recover-20220922,001,1795
1221.0045,1221.0136,49531,56574,Pipistrellus pipistrellus,0.023,0.027,-1,Echolocation,/mnt/ubna_data_02_mir/recover-20220922/UBNA_001/20220921_090000.WAV,Telephone Field,recover-20220922,001,1795
1221.0125,1221.0212,28906,39717,Eptesicus serotinus,0.008,0.021,-1,Echolocation,/mnt/ubna_data_02_mir/recover-20220922/UBNA_001/20220921_090000.WAV,Telephone Field,recover-20220922,001,1795
1221.0335,1221.0439,24609,31868,Nyctalus leisleri,0.008,0.026,-1,Echolocation,/mnt/ubna_data_02_mir/recover-20220922/UBNA_001/20220921_090000.WAV,Telephone Field,recover-20220922,001,1795
1221.0625,1221.1018,68437,82186,Rhinolophus ferrumequinum,0.026,0.026,-1,Echolocation,/mnt/ubna_data_02_mir/recover-20220922/UBNA_001/20220921_090000.WAV,Telephone Field,recover-20220922,001,1795
1221.0815,1221.0918,28046,39519,Eptesicus serotinus,0.009,0.021,-1,Echolocation,/mnt/ubna_data_02_mir/recover-20220922/UBNA_001/20220921_090000.WAV,Telephone Field,recover-20220922,001,1795
1221.1115,1221.1492,68437,82691,Rhinolophus ferrumequinum,0.021,0.021,-1,Echolocation,/mnt/ubna_data_02_mir/recover-20220922/UBNA_001/20220921_090000.WAV,Telephone Field,recover-20220922,001,1795
1221.1235,1221.1617,68437,82046,Rhinolophus ferrumequinum,0.021,0.021,-1,Echolocation,/mnt/ubna_data_02_mir/recover-20220922/UBNA_001/20220921_090000.WAV,Telephone Field,recover-20220922,001,1795
1221.1305,1221.1714,68437,82951,Rhinolophus ferrumequinum,0.023,0.023,-1,Echolocation,/mnt/ubna_data_02_mir/recover-20220922/UBNA_001/20220921_090000.WAV,Telephone Field,recover-20220922,001,1795
1221.1795,1221.1923,22890,27472,Nyctalus leisleri,0.011,0.022,-1,Echolocation,/mnt/ubna_data_02_mir/recover-20220922/UBNA_001/20220921_090000.WAV,Telephone Field,recover-20220922,001,1795
1221.1955,1221.205,26328,33745,Eptesicus serotinus,0.008,0.022,-1,Echolocation,/mnt/ubna_data_02_mir/recover-20220922/UBNA_001/20220921_090000.WAV,Telephone Field,recover-20220922,001,1795
1221.2205,1221.2568,68437,81545,Rhinolophus ferrumequinum,0.023,0.024,-1,Echolocation,/mnt/ubna_data_02_mir/recover-20220922/UBNA_001/20220921_090000.WAV,Telephone Field,recover-20220922,001,1795
1221.2345,1221.2734,68437,82556,Rhinolophus ferrumequinum,0.022,0.022,-1,Echolocation,/mnt/ubna_data_02_mir/recover-20220922/UBNA_001/20220921_090000.WAV,Telephone Field,recover-20220922,001,1795
1221.2485,1221.2575,28906,36742,Eptesicus serotinus,0.008,0.022,-1,Echolocation,/mnt/ubna_data_02_mir/recover-20220922/UBNA_001/20220921_090000.WAV,Telephone Field,recover-20220922,001,1795
1221.3145,1221.355,68437,82821,Rhinolophus ferrumequinum,0.024,0.024,-1,Echolocation,/mnt/ubna_data_02_mir/recover-20220922/UBNA_001/20220921_090000.WAV,Telephone Field,recover-20220922,001,1795
1221.3445,1221.3529,23750,31326,Plecotus austriacus,0.012,0.029,-1,Echolocation,/mnt/ubna_data_02_mir/recover-20220922/UBNA_001/20220921_090000.WAV,Telephone Field,recover-20220922,001,1795
1221.3535,1221.3922,68437,82922,Rhinolophus ferrumequinum,0.032,0.032,-1,Echolocation,/mnt/ubna_data_02_mir/recover-20220922/UBNA_001/20220921_090000.WAV,Telephone Field,recover-20220922,001,1795
1221.4225,1221.4307,27187,36746,Eptesicus serotinus,0.007,0.022,-1,Echolocation,/mnt/ubna_data_02_mir/recover-20220922/UBNA_001/20220921_090000.WAV,Telephone Field,recover-20220922,001,1795
1221.4235,1221.4618,68437,82718,Rhinolophus ferrumequinum,0.024,0.024,-1,Echolocation,/mnt/ubna_data_02_mir/recover-20220922/UBNA_001/20220921_090000.WAV,Telephone Field,recover-20220922,001,1795
1221.4465,1221.455,24609,32700,Eptesicus serotinus,0.006,0.022,-1,Echolocation,/mnt/ubna_data_02_mir/recover-20220922/UBNA_001/20220921_090000.WAV,Telephone Field,recover-20220922,001,1795
1221.4575,1221.4972,68437,81876,Rhinolophus ferrumequinum,0.033,0.033,-1,Echolocation,/mnt/ubna_data_02_mir/recover-20220922/UBNA_001/20220921_090000.WAV,Telephone Field,recover-20220922,001,1795
1221.5395,1221.5815,68437,82920,Rhinolophus ferrumequinum,0.035,0.035,-1,Echolocation,/mnt/ubna_data_02_mir/recover-20220922/UBNA_001/20220921_090000.WAV,Telephone Field,recover-20220922,001,1795
1221.5765,1221.5827,23750,33528,Plecotus austriacus,0.016,0.031,-1,Echolocation,/mnt/ubna_data_02_mir/recover-20220922/UBNA_001/20220921_090000.WAV,Telephone Field,recover-20220922,001,1795
1221.5875,1221.6294,68437,83487,Rhinolophus ferrumequinum,0.027,0.027,-1,Echolocation,/mnt/ubna_data_02_mir/recover-20220922/UBNA_001/20220921_090000.WAV,Telephone Field,recover-20220922,001,1795
1221.6165,1221.6258,43515,46686,Pipistrellus pipistrellus,0.046,0.051,-1,Echolocation,/mnt/ubna_data_02_mir/recover-20220922/UBNA_001/20220921_090000.WAV,Telephone Field,recover-20220922,001,1795
1221.6445,1221.651,47812,52180,Pipistrellus pipistrellus,0.023,0.024,-1,Echolocation,/mnt/ubna_data_02_mir/recover-20220922/UBNA_001/20220921_090000.WAV,Telephone Field,recover-20220922,001,1795
1221.6585,1221.6939,68437,82270,Rhinolophus ferrumequinum,0.022,0.022,-1,Echolocation,/mnt/ubna_data_02_mir/recover-20220922/UBNA_001/20220921_090000.WAV,Telephone Field,recover-20220922,001,1795
1221.6665,1221.7048,68437,81980,Rhinolophus ferrumequinum,0.023,0.023,-1,Echolocation,/mnt/ubna_data_02_mir/recover-20220922/UBNA_001/20220921_090000.WAV,Telephone Field,recover-20220922,001,1795
1221.6885,1221.7287,68437,82472,Rhinolophus ferrumequinum,0.022,0.022,-1,Echolocation,/mnt/ubna_data_02_mir/recover-20220922/UBNA_001/20220921_090000.WAV,Telephone Field,recover-20220922,001,1795
1221.6975,1221.7052,51250,58887,Pipistrellus pipistrellus,0.017,0.021,-1,Echolocation,/mnt/ubna_data_02_mir/recover-20220922/UBNA_001/20220921_090000.WAV,Telephone Field,recover-20220922,001,1795
1221.6995,1221.7384,68437,82565,Rhinolophus ferrumequinum,0.022,0.022,-1,Echolocation,/mnt/ubna_data_02_mir/recover-20220922/UBNA_001/20220921_090000.WAV,Telephone Field,recover-20220922,001,1795
1221.7095,1221.7448,68437,81367,Rhinolophus ferrumequinum,0.021,0.021,-1,Echolocation,/mnt/ubna_data_02_mir/recover-20220922/UBNA_001/20220921_090000.WAV,Telephone Field,recover-20220922,001,1795
1221.7415,1221.7798,68437,82082,Rhinolophus ferrumequinum,0.023,0.023,-1,Echolocation,/mnt/ubna_data_02_mir/recover-20220922/UBNA_001/20220921_090000.WAV,Telephone Field,recover-20220922,001,1795
1221.7565,1221.7633,24609,33996,Plecotus austriacus,0.008,0.023,-1,Echolocation,/mnt/ubna_data_02_mir/recover-20220922/UBNA_001/20220921_090000.WAV,Telephone Field,recover-20220922,001,1795
1221.7895,1221.8316,68437,82600,Rhinolophus ferrumequinum,0.022,0.022,-1,Echolocation,/mnt/ubna_data_02_mir/recover-20220922/UBNA_001/20220921_090000.WAV,Telephone Field,recover-20220922,001,1795
1221.8345,1221.8411,49531,54582,Pipistrellus pipistrellus,0.025,0.026,-1,Echolocation,/mnt/ubna_data_02_mir/recover-20220922/UBNA_001/20220921_090000.WAV,Telephone Field,recover-20220922,001,1795
1221.8345,1221.8725,68437,81914,Rhinolophus ferrumequinum,0.021,0.021,-1,Echolocation,/mnt/ubna_data_02_mir/recover-20220922/UBNA_001/20220921_090000.WAV,Telephone Field,recover-20220922,001,1795
1221.8455,1221.8818,68437,81868,Rhinolophus ferrumequinum,0.022,0.022,-1,Echolocation,/mnt/ubna_data_02_mir/recover-20220922/UBNA_001/20220921_090000.WAV,Telephone Field,recover-20220922,001,1795
1221.8535,1221.8931,68437,81856,Rhinolophus ferrumequinum,0.023,0.023,-1,Echolocation,/mnt/ubna_data_02_mir/recover-20220922/UBNA_001/20220921_090000.WAV,Telephone Field,recover-20220922,001,1795
1221.8765,1221.8839,28046,38601,Eptesicus serotinus,0.009,0.025,-1,Echolocation,/mnt/ubna_data_02_mir/recover-20220922/UBNA_001/20220921_090000.WAV,Telephone Field,recover-20220922,001,1795
1221.8935,1221.9006,28046,41635,Eptesicus serotinus,0.008,0.029,-1,Echolocation,/mnt/ubna_data_02_mir/recover-20220922/UBNA_001/20220921_090000.WAV,Telephone Field,recover-20220922,001,1795
1221.9285,1221.9341,51250,58935,Pipistrellus pipistrellus,0.019,0.022,-1,Echolocation,/mnt/ubna_data_02_mir/recover-20220922/UBNA_001/20220921_090000.WAV,Telephone Field,recover-20220922,001,1795
1221.9305,1221.9351,43515,61847,Myotis mystacinus,0.013,0.032,-1,Echolocation,/mnt/ubna_data_02_mir/recover-20220922/UBNA_001/20220921_090000.WAV,Telephone Field,recover-20220922,001,1795
1221.9395,1221.9808,68437,82679,Rhinolophus ferrumequinum,0.029,0.029,-1,Echolocation,/mnt/ubna_data_02_mir/recover-20220922/UBNA_001/20220921_090000.WAV,Telephone Field,recover-20220922,001,1795
1222.0015,1222.0112,46093,51740,Pipistrellus pipistrellus,0.022,0.031,-1,Echolocation,/mnt/ubna_data_02_mir/recover-20220922/UBNA_001/20220921_090000.WAV,Telephone Field,recover-20220922,001,1795
1222.0015,1222.0095,25468,34999,Nyctalus leisleri,0.005,0.022,-1,Echolocation,/mnt/ubna_data_02_mir/recover-20220922/UBNA_001/20220921_090000.WAV,Telephone Field,recover-20220922,001,1795
1222.0015,1222.0343,69296,81934,Rhinolophus ferrumequinum,0.023,0.023,-1,Echolocation,/mnt/ubna_data_02_mir/recover-20220922/UBNA_001/20220921_090000.WAV,Telephone Field,recover-20220922,001,1795
1222.0535,1222.0646,22031,25765,Nyctalus leisleri,0.012,0.021,-1,Echolocation,/mnt/ubna_data_02_mir/recover-20220922/UBNA_001/20220921_090000.WAV,Telephone Field,recover-20220922,001,1795
1222.0595,1222.0972,68437,82284,Rhinolophus ferrumequinum,0.025,0.025,-1,Echolocation,/mnt/ubna_data_02_mir/recover-20220922/UBNA_001/20220921_090000.WAV,Telephone Field,recover-20220922,001,1795
1222.0735,1222.0849,23750,28467,Nyctalus leisleri,0.011,0.022,-1,Echolocation,/mnt/ubna_data_02_mir/recover-20220922/UBNA_001/20220921_090000.WAV,Telephone Field,recover-20220922,001,1795
1222.1025,1222.1384,68437,81220,Rhinolophus ferrumequinum,0.021,0.021,-1,Echolocation,/mnt/ubna_data_02_mir/recover-20220922/UBNA_001/20220921_090000.WAV,Telephone Field,recover-20220922,001,1795
1222.1105,1222.1513,68437,82838,Rhinolophus ferrumequinum,0.023,0.023,-1,Echolocation,/mnt/ubna_data_02_mir/recover-20220922/UBNA_001/20220921_090000.WAV,Telephone Field,recover-20220922,001,1795
1222.1175,1222.1586,68437,82972,Rhinolophus ferrumequinum,0.024,0.024,-1,Echolocation,/mnt/ubna_data_02_mir/recover-20220922/UBNA_001/20220921_090000.WAV,Telephone Field,recover-20220922,001,1795
1222.1265,1222.1364,22890,28422,Nyctalus leisleri,0.01,0.023,-1,Echolocation,/mnt/ubna_data_02_mir/recover-20220922/UBNA_001/20220921_090000.WAV,Telephone Field,recover-20220922,001,1795
1222.1365,1222.1751,68437,81806,Rhinolophus ferrumequinum,0.022,0.022,-1,Echolocation,/mnt/ubna_data_02_mir/recover-20220922/UBNA_001/20220921_090000.WAV,Telephone Field,recover-20220922,001,1795
1222.1405,1222.1527,15156,21891,Nyctalus noctula,0.012,0.02,-1,Echolocation,/mnt/ubna_data_02_mir/recover-20220922/UBNA_001/20220921_090000.WAV,Telephone Field,recover-20220922,001,1795
1222.1435,1222.153,24609,31456,Nyctalus leisleri,0.007,0.022,-1,Echolocation,/mnt/ubna_data_02_mir/recover-20220922/UBNA_001/20220921_090000.WAV,Telephone Field,recover-20220922,001,1795
1222.1825,1222.2227,68437,82585,Rhinolophus ferrumequinum,0.024,0.024,-1,Echolocation,/mnt/ubna_data_02_mir/recover-20220922/UBNA_001/20220921_090000.WAV,Telephone Field,recover-20220922,001,1795
1222.2055,1222.2138,27187,37123,Eptesicus serotinus,0.007,0.021,-1,Echolocation,/mnt/ubna_data_02_mir/recover-20220922/UBNA_001/20220921_090000.WAV,Telephone Field,recover-20220922,001,1795
1222.2315,1222.2428,22031,27058,Nyctalus leisleri,0.014,0.029,-1,Echolocation,/mnt/ubna_data_02_mir/recover-20220922/UBNA_001/20220921_090000.WAV,Telephone Field,recover-20220922,001,1795
1222.2405,1222.2499,28906,37324,Eptesicus serotinus,0.007,0.02,-1,Echolocation,/mnt/ubna_data_02_mir/recover-20220922/UBNA_001/20220921_090000.WAV,Telephone Field,recover-20220922,001,1795
1222.2485,1222.2856,68437,81729,Rhinolophus ferrumequinum,0.022,0.022,-1,Echolocation,/mnt/ubna_data_02_mir/recover-20220922/UBNA_001/20220921_090000.WAV,Telephone Field,recover-20220922,001,1795
1222.2655,1222.276,22031,26656,Nyctalus leisleri,0.012,0.025,-1,Echolocation,/mnt/ubna_data_02_mir/recover-20220922/UBNA_001/20220921_090000.WAV,Telephone Field,recover-20220922,001,1795
1222.2885,1222.2993,23750,29605,Nyctalus leisleri,0.01,0.025,-1,Echolocation,/mnt/ubna_data_02_mir/recover-20220922/UBNA_001/20220921_090000.WAV,Telephone Field,recover-20220922,001,1795
1222.2905,1222.3296,68437,82175,Rhinolophus ferrumequinum,0.02,0.02,-1,Echolocation,/mnt/ubna_data_02_mir/recover-20220922/UBNA_001/20220921_090000.WAV,Telephone Field,recover-20220922,001,1795
1222.3275,1222.3373,26328,35099,Eptesicus serotinus,0.011,0.022,-1,Echolocation,/mnt/ubna_data_02_mir/recover-20220922/UBNA_001/20220921_090000.WAV,Telephone Field,recover-20220922,001,1795
1222.3355,1222.3451,28046,38011,Eptesicus serotinus,0.01,0.024,-1,Echolocation,/mnt/ubna_data_02_mir/recover-20220922/UBNA_001/20220921_090000.WAV,Telephone Field,recover-20220922,001,1795
1222.3475,1222.3857,68437,82083,Rhinolophus ferrumequinum,0.021,0.021,-1,Echolocation,/mnt/ubna_data_02_mir/recover-20220922/UBNA_001/20220921_090000.WAV,Telephone Field,recover-20220922,001,1795
1222.4165,1222.4549,68437,81897,Rhinolophus ferrumequinum,0.021,0.021,-1,Echolocation,/mnt/ubna_data_02_mir/recover-20220922/UBNA_001/20220921_090000.WAV,Telephone Field,recover-20220922,001,1795
1222.4515,1222.4931,68437,82982,Rhinolophus ferrumequinum,0.024,0.024,-1,Echolocation,/mnt/ubna_data_02_mir/recover-20220922/UBNA_001/20220921_090000.WAV,Telephone Field,recover-20220922,001,1795
1222.5125,1222.5242,22890,27122,Nyctalus leisleri,0.011,0.021,-1,Echolocation,/mnt/ubna_data_02_mir/recover-20220922/UBNA_001/20220921_090000.WAV,Telephone Field,recover-20220922,001,1795
1222.5485,1222.5855,68437,81822,Rhinolophus ferrumequinum,0.02,0.02,-1,Echolocation,/mnt/ubna_data_02_mir/recover-20220922/UBNA_001/20220921_090000.WAV,Telephone Field,recover-20220922,001,1795
1222.5685,1222.5768,28046,37457,Eptesicus serotinus,0.007,0.021,-1,Echolocation,/mnt/ubna_data_02_mir/recover-20220922/UBNA_001/20220921_090000.WAV,Telephone Field,recover-20220922,001,1795
1222.5705,1222.6093,68437,81614,Rhinolophus ferrumequinum,0.021,0.021,-1,Echolocation,/mnt/ubna_data_02_mir/recover-20220922/UBNA_001/20220921_090000.WAV,Telephone Field,recover-20220922,001,1795
1222.5935,1222.6048,22031,28444,Nyctalus leisleri,0.009,0.032,-1,Echolocation,/mnt/ubna_data_02_mir/recover-20220922/UBNA_001/20220921_090000.WAV,Telephone Field,recover-20220922,001,1795
1222.6235,1222.6451,18593,21538,Nyctalus noctula,0.011,0.021,-1,Echolocation,/mnt/ubna_data_02_mir/recover-20220922/UBNA_001/20220921_090000.WAV,Telephone Field,recover-20220922,001,1795
1222.6675,1222.7084,68437,81990,Rhinolophus ferrumequinum,0.021,0.021,-1,Echolocation,/mnt/ubna_data_02_mir/recover-20220922/UBNA_001/20220921_090000.WAV,Telephone Field,recover-20220922,001,1795
1222.6885,1222.6958,27187,39639,Eptesicus serotinus,0.006,0.021,-1,Echolocation,/mnt/ubna_data_02_mir/recover-20220922/UBNA_001/20220921_090000.WAV,Telephone Field,recover-20220922,001,1795
1222.6955,1222.7063,22890,27965,Nyctalus leisleri,0.01,0.021,-1,Echolocation,/mnt/ubna_data_02_mir/recover-20220922/UBNA_001/20220921_090000.WAV,Telephone Field,recover-20220922,001,1795
1222.7225,1222.7303,28046,41963,Eptesicus serotinus,0.009,0.024,-1,Echolocation,/mnt/ubna_data_02_mir/recover-20220922/UBNA_001/20220921_090000.WAV,Telephone Field,recover-20220922,001,1795
1222.7295,1222.764,68437,81074,Rhinolophus ferrumequinum,0.022,0.022,-1,Echolocation,/mnt/ubna_data_02_mir/recover-20220922/UBNA_001/20220921_090000.WAV,Telephone Field,recover-20220922,001,1795
1222.7635,1222.7716,23750,31834,Plecotus austriacus,0.009,0.023,-1,Echolocation,/mnt/ubna_data_02_mir/recover-20220922/UBNA_001/20220921_090000.WAV,Telephone Field,recover-20220922,001,1795
1222.7815,1222.7892,27187,40868,Eptesicus serotinus,0.007,0.023,-1,Echolocation,/mnt/ubna_data_02_mir/recover-20220922/UBNA_001/20220921_090000.WAV,Telephone Field,recover-20220922,001,1795
1222.8245,1222.8627,68437,82384,Rhinolophus ferrumequinum,0.021,0.021,-1,Echolocation,/mnt/ubna_data_02_mir/recover-20220922/UBNA_001/20220921_090000.WAV,Telephone Field,recover-20220922,001,1795
1222.8545,1222.8928,68437,82794,Rhinolophus ferrumequinum,0.026,0.026,-1,Echolocation,/mnt/ubna_data_02_mir/recover-20220922/UBNA_001/20220921_090000.WAV,Telephone Field,recover-20220922,001,1795
1222.8775,1222.9159,68437,81295,Rhinolophus ferrumequinum,0.027,0.027,-1,Echolocation,/mnt/ubna_data_02_mir/recover-20220922/UBNA_001/20220921_090000.WAV,Telephone Field,recover-20220922,001,1795
1222.9315,1222.9702,68437,81682,Rhinolophus ferrumequinum,0.027,0.027,-1,Echolocation,/mnt/ubna_data_02_mir/recover-20220922/UBNA_001/20220921_090000.WAV,Telephone Field,recover-20220922,001,1795
1222.9925,1223.0294,68437,82264,Rhinolophus ferrumequinum,0.021,0.021,-1,Echolocation,/mnt/ubna_data_02_mir/recover-20220922/UBNA_001/20220921_090000.WAV,Telephone Field,recover-20220922,001,1795
1222.9985,1223.0348,68437,82277,Rhinolophus ferrumequinum,0.021,0.021,-1,Echolocation,/mnt/ubna_data_02_mir/recover-20220922/UBNA_001/20220921_090000.WAV,Telephone Field,recover-20220922,001,1795
1223.0855,1223.1253,68437,82134,Rhinolophus ferrumequinum,0.022,0.022,-1,Echolocation,/mnt/ubna_data_02_mir/recover-20220922/UBNA_001/20220921_090000.WAV,Telephone Field,recover-20220922,001,1795
1223.1385,1223.1806,68437,83296,Rhinolophus ferrumequinum,0.03,0.03,-1,Echolocation,/mnt/ubna_data_02_mir/recover-20220922/UBNA_001/20220921_090000.WAV,Telephone Field,recover-20220922,001,1795
1223.1545,1223.1897,68437,81045,Rhinolophus ferrumequinum,0.023,0.024,-1,Echolocation,/mnt/ubna_data_02_mir/recover-20220922/UBNA_001/20220921_090000.WAV,Telephone Field,recover-20220922,001,1795
1223.1585,1223.1665,22890,30769,Plecotus austriacus,0.01,0.022,-1,Echolocation,/mnt/ubna_data_02_mir/recover-20220922/UBNA_001/20220921_090000.WAV,Telephone Field,recover-20220922,001,1795
1223.1805,1223.1913,22031,26718,Nyctalus leisleri,0.01,0.02,-1,Echolocation,/mnt/ubna_data_02_mir/recover-20220922/UBNA_001/20220921_090000.WAV,Telephone Field,recover-20220922,001,1795
1223.1925,1223.2336,68437,82665,Rhinolophus ferrumequinum,0.022,0.022,-1,Echolocation,/mnt/ubna_data_02_mir/recover-20220922/UBNA_001/20220921_090000.WAV,Telephone Field,recover-20220922,001,1795
1223.2125,1223.2221,28046,36675,Eptesicus serotinus,0.007,0.02,-1,Echolocation,/mnt/ubna_data_02_mir/recover-20220922/UBNA_001/20220921_090000.WAV,Telephone Field,recover-20220922,001,1795
1223.2125,1223.2498,68437,81969,Rhinolophus ferrumequinum,0.021,0.021,-1,Echolocation,/mnt/ubna_data_02_mir/recover-20220922/UBNA_001/20220921_090000.WAV,Telephone Field,recover-20220922,001,1795
1223.2285,1223.2384,22890,27805,Nyctalus leisleri,0.011,0.021,-1,Echolocation,/mnt/ubna_data_02_mir/recover-20220922/UBNA_001/20220921_090000.WAV,Telephone Field,recover-20220922,001,1795
1223.2695,1223.3071,68437,81422,Rhinolophus ferrumequinum,0.025,0.025,-1,Echolocation,/mnt/ubna_data_02_mir/recover-20220922/UBNA_001/20220921_090000.WAV,Telephone Field,recover-20220922,001,1795
1223.2835,1223.3253,68437,83322,Rhinolophus ferrumequinum,0.03,0.03,-1,Echolocation,/mnt/ubna_data_02_mir/recover-20220922/UBNA_001/20220921_090000.WAV,Telephone Field,recover-20220922,001,1795
1223.2935,1223.3357,68437,82793,Rhinolophus ferrumequinum,0.022,0.022,-1,Echolocation,/mnt/ubna_data_02_mir/recover-20220922/UBNA_001/20220921_090000.WAV,Telephone Field,recover-20220922,001,1795
1223.3785,1223.3893,24609,31473,Eptesicus serotinus,0.009,0.026,-1,Echolocation,/mnt/ubna_data_02_mir/recover-20220922/UBNA_001/20220921_090000.WAV,Telephone Field,recover-20220922,001,1795
1223.4215,1223.4291,27187,38115,Eptesicus serotinus,0.007,0.022,-1,Echolocation,/mnt/ubna_data_02_mir/recover-20220922/UBNA_001/20220921_090000.WAV,Telephone Field,recover-20220922,001,1795
1223.4465,1223.4851,68437,82299,Rhinolophus ferrumequinum,0.02,0.02,-1,Echolocation,/mnt/ubna_data_02_mir/recover-20220922/UBNA_001/20220921_090000.WAV,Telephone Field,recover-20220922,001,1795
1223.4525,1223.463,22031,27740,Nyctalus leisleri,0.008,0.021,-1,Echolocation,/mnt/ubna_data_02_mir/recover-20220922/UBNA_001/20220921_090000.WAV,Telephone Field,recover-20220922,001,1795
1223.4675,1223.4748,28046,38663,Eptesicus serotinus,0.007,0.025,-1,Echolocation,/mnt/ubna_data_02_mir/recover-20220922/UBNA_001/20220921_090000.WAV,Telephone Field,recover-20220922,001,1795
1223.5095,1223.5224,22890,27514,Nyctalus leisleri,0.018,0.034,-1,Echolocation,/mnt/ubna_data_02_mir/recover-20220922/UBNA_001/20220921_090000.WAV,Telephone Field,recover-20220922,001,1795
1223.5675,1223.5763,47812,51774,Pipistrellus pipistrellus,0.022,0.023,-1,Echolocation,/mnt/ubna_data_02_mir/recover-20220922/UBNA_001/20220921_090000.WAV,Telephone Field,recover-20220922,001,1795
1223.5915,1223.5997,28046,37323,Eptesicus serotinus,0.007,0.023,-1,Echolocation,/mnt/ubna_data_02_mir/recover-20220922/UBNA_001/20220921_090000.WAV,Telephone Field,recover-20220922,001,1795
1223.6675,1223.6775,55546,60574,Pipistrellus pygmaeus,0.026,0.028,-1,Echolocation,/mnt/ubna_data_02_mir/recover-20220922/UBNA_001/20220921_090000.WAV,Telephone Field,recover-20220922,001,1795
1223.6985,1223.7373,68437,82021,Rhinolophus ferrumequinum,0.023,0.023,-1,Echolocation,/mnt/ubna_data_02_mir/recover-20220922/UBNA_001/20220921_090000.WAV,Telephone Field,recover-20220922,001,1795
1223.7065,1223.7146,26328,36216,Eptesicus serotinus,0.006,0.021,-1,Echolocation,/mnt/ubna_data_02_mir/recover-20220922/UBNA_001/20220921_090000.WAV,Telephone Field,recover-20220922,001,1795
1223.7065,1223.7479,68437,82976,Rhinolophus ferrumequinum,0.021,0.021,-1,Echolocation,/mnt/ubna_data_02_mir/recover-20220922/UBNA_001/20220921_090000.WAV,Telephone Field,recover-20220922,001,1795
1223.7245,1223.738,22031,26028,Nyctalus leisleri,0.011,0.02,-1,Echolocation,/mnt/ubna_data_02_mir/recover-20220922/UBNA_001/20220921_090000.WAV,Telephone Field,recover-20220922,001,1795
1223.7285,1223.7674,68437,81517,Rhinolophus ferrumequinum,0.025,0.025,-1,Echolocation,/mnt/ubna_data_02_mir/recover-20220922/UBNA_001/20220921_090000.WAV,Telephone Field,recover-20220922,001,1795
1223.7335,1223.7425,25468,33334,Eptesicus serotinus,0.008,0.021,-1,Echolocation,/mnt/ubna_data_02_mir/recover-20220922/UBNA_001/20220921_090000.WAV,Telephone Field,recover-20220922,001,1795
1223.7375,1223.7768,68437,81835,Rhinolophus ferrumequinum,0.03,0.03,-1,Echolocation,/mnt/ubna_data_02_mir/recover-20220922/UBNA_001/20220921_090000.WAV,Telephone Field,recover-20220922,001,1795
1223.7625,1223.7698,23750,32264,Plecotus austriacus,0.008,0.021,-1,Echolocation,/mnt/ubna_data_02_mir/recover-20220922/UBNA_001/20220921_090000.WAV,Telephone Field,recover-20220922,001,1795
1223.7905,1223.8265,68437,81340,Rhinolophus ferrumequinum,0.023,0.023,-1,Echolocation,/mnt/ubna_data_02_mir/recover-20220922/UBNA_001/20220921_090000.WAV,Telephone Field,recover-20220922,001,1795
1223.8195,1223.855,68437,82041,Rhinolophus ferrumequinum,0.02,0.02,-1,Echolocation,/mnt/ubna_data_02_mir/recover-20220922/UBNA_001/20220921_090000.WAV,Telephone Field,recover-20220922,001,1795
1223.8465,1223.8631,15156,20186,Nyctalus noctula,0.017,0.024,-1,Echolocation,/mnt/ubna_data_02_mir/recover-20220922/UBNA_001/20220921_090000.WAV,Telephone Field,recover-20220922,001,1795
1223.8545,1223.8926,68437,81894,Rhinolophus ferrumequinum,0.021,0.021,-1,Echolocation,/mnt/ubna_data_02_mir/recover-20220922/UBNA_001/20220921_090000.WAV,Telephone Field,recover-20220922,001,1795
1223.8745,1223.8844,28046,35967,Eptesicus serotinus,0.008,0.021,-1,Echolocation,/mnt/ubna_data_02_mir/recover-20220922/UBNA_001/20220921_090000.WAV,Telephone Field,recover-20220922,001,1795
1223.8785,1223.918,68437,82495,Rhinolophus ferrumequinum,0.029,0.029,-1,Echolocation,/mnt/ubna_data_02_mir/recover-20220922/UBNA_001/20220921_090000.WAV,Telephone Field,recover-20220922,001,1795
1223.9115,1223.9498,68437,82193,Rhinolophus ferrumequinum,0.025,0.025,-1,Echolocation,/mnt/ubna_data_02_mir/recover-20220922/UBNA_001/20220921_090000.WAV,Telephone Field,recover-20220922,001,1795
1223.9315,1223.9391,24609,34888,Plecotus austriacus,0.012,0.032,-1,Echolocation,/mnt/ubna_data_02_mir/recover-20220922/UBNA_001/20220921_090000.WAV,Telephone Field,recover-20220922,001,1795
1223.9665,1223.9764,22890,30436,Plecotus austriacus,0.011,0.038,-1,Echolocation,/mnt/ubna_data_02_mir/recover-20220922/UBNA_001/20220921_090000.WAV,Telephone Field,recover-20220922,001,1795
1224.0015,1224.0104,46953,51983,Pipistrellus pipistrellus,0.019,0.025,-1,Echolocation,/mnt/ubna_data_02_mir/recover-20220922/UBNA_001/20220921_090000.WAV,Telephone Field,recover-20220922,001,1795
1224.0015,1224.0113,40937,47232,Pipistrellus nathusii,0.016,0.029,-1,Echolocation,/mnt/ubna_data_02_mir/recover-20220922/UBNA_001/20220921_090000.WAV,Telephone Field,recover-20220922,001,1795
1224.0015,1224.0107,24609,34573,Nyctalus leisleri,0.009,0.032,-1,Echolocation,/mnt/ubna_data_02_mir/recover-20220922/UBNA_001/20220921_090000.WAV,Telephone Field,recover-20220922,001,1795
1224.0015,1224.0316,68437,79899,Rhinolophus ferrumequinum,0.033,0.033,-1,Echolocation,/mnt/ubna_data_02_mir/recover-20220922/UBNA_001/20220921_090000.WAV,Telephone Field,recover-20220922,001,1795
1224.0405,1224.0776,68437,81550,Rhinolophus ferrumequinum,0.024,0.024,-1,Echolocation,/mnt/ubna_data_02_mir/recover-20220922/UBNA_001/20220921_090000.WAV,Telephone Field,recover-20220922,001,1795
1224.0635,1224.1061,68437,82975,Rhinolophus ferrumequinum,0.028,0.028,-1,Echolocation,/mnt/ubna_data_02_mir/recover-20220922/UBNA_001/20220921_090000.WAV,Telephone Field,recover-20220922,001,1795
1224.0645,1224.0748,22890,29048,Nyctalus leisleri,0.012,0.032,-1,Echolocation,/mnt/ubna_data_02_mir/recover-20220922/UBNA_001/20220921_090000.WAV,Telephone Field,recover-20220922,001,1795
1224.0725,1224.1117,68437,82683,Rhinolophus ferrumequinum,0.021,0.021,-1,Echolocation,/mnt/ubna_data_02_mir/recover-20220922/UBNA_001/20220921_090000.WAV,Telephone Field,recover-20220922,001,1795
1224.0975,1224.1329,68437,81557,Rhinolophus ferrumequinum,0.022,0.022,-1,Echolocation,/mnt/ubna_data_02_mir/recover-20220922/UBNA_001/20220921_090000.WAV,Telephone Field,recover-20220922,001,1795
1224.1055,1224.1142,27187,34242,Eptesicus serotinus,0.01,0.024,-1,Echolocation,/mnt/ubna_data_02_mir/recover-20220922/UBNA_001/20220921_090000.WAV,Telephone Field,recover-20220922,001,1795
1224.1195,1224.1616,68437,83123,Rhinolophus ferrumequinum,0.035,0.035,-1,Echolocation,/mnt/ubna_data_02_mir/recover-20220922/UBNA_001/20220921_090000.WAV,Telephone Field,recover-20220922,001,1795
1224.1325,1224.1401,28046,37586,Eptesicus serotinus,0.006,0.021,-1,Echolocation,/mnt/ubna_data_02_mir/recover-20220922/UBNA_001/20220921_090000.WAV,Telephone Field,recover-20220922,001,1795
1224.1805,1224.2188,68437,82005,Rhinolophus ferrumequinum,0.022,0.022,-1,Echolocation,/mnt/ubna_data_02_mir/recover-20220922/UBNA_001/20220921_090000.WAV,Telephone Field,recover-20220922,001,1795
1224.2015,1224.2422,68437,82447,Rhinolophus ferrumequinum,0.021,0.021,-1,Echolocation,/mnt/ubna_data_02_mir/recover-20220922/UBNA_001/20220921_090000.WAV,Telephone Field,recover-20220922,001,1795
1224.2375,1224.2745,68437,81935,Rhinolophus ferrumequinum,0.027,0.027,-1,Echolocation,/mnt/ubna_data_02_mir/recover-20220922/UBNA_001/20220921_090000.WAV,Telephone Field,recover-20220922,001,1795
1224.2555,1224.294,68437,81960,Rhinolophus ferrumequinum,0.022,0.022,-1,Echolocation,/mnt/ubna_data_02_mir/recover-20220922/UBNA_001/20220921_090000.WAV,Telephone Field,recover-20220922,001,1795
1224.2615,1224.2998,68437,82062,Rhinolophus ferrumequinum,0.021,0.021,-1,Echolocation,/mnt/ubna_data_02_mir/recover-20220922/UBNA_001/20220921_090000.WAV,Telephone Field,recover-20220922,001,1795
1224.2785,1224.2887,22890,28986,Nyctalus leisleri,0.01,0.025,-1,Echolocation,/mnt/ubna_data_02_mir/recover-20220922/UBNA_001/20220921_090000.WAV,Telephone Field,recover-20220922,001,1795
1224.2815,1224.3158,68437,81905,Rhinolophus ferrumequinum,0.021,0.021,-1,Echolocation,/mnt/ubna_data_02_mir/recover-20220922/UBNA_001/20220921_090000.WAV,Telephone Field,recover-20220922,001,1795
1224.2995,1224.3418,68437,83080,Rhinolophus ferrumequinum,0.029,0.029,-1,Echolocation,/mnt/ubna_data_02_mir/recover-20220922/UBNA_001/20220921_090000.WAV,Telephone Field,recover-20220922,001,1795
1224.3205,1224.33,26328,34219,Eptesicus serotinus,0.019,0.04,-1,Echolocation,/mnt/ubna_data_02_mir/recover-20220922/UBNA_001/20220921_090000.WAV,Telephone Field,recover-20220922,001,1795
1224.3405,1224.3771,68437,81377,Rhinolophus ferrumequinum,0.021,0.021,-1,Echolocation,/mnt/ubna_data_02_mir/recover-20220922/UBNA_001/20220921_090000.WAV,Telephone Field,recover-20220922,001,1795
1224.3455,1224.382,68437,81575,Rhinolophus ferrumequinum,0.021,0.021,-1,Echolocation,/mnt/ubna_data_02_mir/recover-20220922/UBNA_001/20220921_090000.WAV,Telephone Field,recover-20220922,001,1795
1224.3625,1224.3971,68437,81404,Rhinolophus ferrumequinum,0.022,0.022,-1,Echolocation,/mnt/ubna_data_02_mir/recover-20220922/UBNA_001/20220921_090000.WAV,Telephone Field,recover-20220922,001,1795
1224.3915,1224.4023,25468,32712,Nyctalus leisleri,0.01,0.03,-1,Echolocation,/mnt/ubna_data_02_mir/recover-20220922/UBNA_001/20220921_090000.WAV,Telephone Field,recover-20220922,001,1795
1224.4145,1224.4522,68437,81608,Rhinolophus ferrumequinum,0.022,0.022,-1,Echolocation,/mnt/ubna_data_02_mir/recover-20220922/UBNA_001/20220921_090000.WAV,Telephone Field,recover-20220922,001,1795
1224.4225,1224.4369,22031,25756,Nyctalus leisleri,0.015,0.025,-1,Echolocation,/mnt/ubna_data_02_mir/recover-20220922/UBNA_001/20220921_090000.WAV,Telephone Field,recover-20220922,001,1795
1224.4925,1224.5026,22890,28323,Nyctalus leisleri,0.022,0.053,-1,Echolocation,/mnt/ubna_data_02_mir/recover-20220922/UBNA_001/20220921_090000.WAV,Telephone Field,recover-20220922,001,1795
1224.4985,1224.5374,68437,82453,Rhinolophus ferrumequinum,0.039,0.039,-1,Echolocation,/mnt/ubna_data_02_mir/recover-20220922/UBNA_001/20220921_090000.WAV,Telephone Field,recover-20220922,001,1795
1224.5285,1224.5662,68437,81889,Rhinolophus ferrumequinum,0.025,0.025,-1,Echolocation,/mnt/ubna_data_02_mir/recover-20220922/UBNA_001/20220921_090000.WAV,Telephone Field,recover-20220922,001,1795
1224.5565,1224.5673,22890,28136,Nyctalus leisleri,0.01,0.022,-1,Echolocation,/mnt/ubna_data_02_mir/recover-20220922/UBNA_001/20220921_090000.WAV,Telephone Field,recover-20220922,001,1795
1224.5595,1224.5967,68437,81597,Rhinolophus ferrumequinum,0.022,0.022,-1,Echolocation,/mnt/ubna_data_02_mir/recover-20220922/UBNA_001/20220921_090000.WAV,Telephone Field,recover-20220922,001,1795
1224.5675,1224.604,68437,81279,Rhinolophus ferrumequinum,0.02,0.021,-1,Echolocation,/mnt/ubna_data_02_mir/recover-20220922/UBNA_001/20220921_090000.WAV,Telephone Field,recover-20220922,001,1795
1224.6155,1224.6233,28046,38808,Eptesicus serotinus,0.007,0.023,-1,Echolocation,/mnt/ubna_data_02_mir/recover-20220922/UBNA_001/20220921_090000.WAV,Telephone Field,recover-20220922,001,1795
1224.6325,1224.6746,68437,82735,Rhinolophus ferrumequinum,0.033,0.033,-1,Echolocation,/mnt/ubna_data_02_mir/recover-20220922/UBNA_001/20220921_090000.WAV,Telephone Field,recover-20220922,001,1795
1224.6525,1224.6613,28046,37081,Eptesicus serotinus,0.008,0.023,-1,Echolocation,/mnt/ubna_data_02_mir/recover-20220922/UBNA_001/20220921_090000.WAV,Telephone Field,recover-20220922,001,1795
1224.6545,1224.6951,68437,82457,Rhinolophus ferrumequinum,0.023,0.023,-1,Echolocation,/mnt/ubna_data_02_mir/recover-20220922/UBNA_001/20220921_090000.WAV,Telephone Field,recover-20220922,001,1795
1224.6615,1224.6991,68437,82172,Rhinolophus ferrumequinum,0.022,0.022,-1,Echolocation,/mnt/ubna_data_02_mir/recover-20220922/UBNA_001/20220921_090000.WAV,Telephone Field,recover-20220922,001,1795
1224.6795,1224.7196,68437,82423,Rhinolophus ferrumequinum,0.024,0.024,-1,Echolocation,/mnt/ubna_data_02_mir/recover-20220922/UBNA_001/20220921_090000.WAV,Telephone Field,recover-20220922,001,1795
1224.6865,1224.7278,68437,82911,Rhinolophus ferrumequinum,0.026,0.026,-1,Echolocation,/mnt/ubna_data_02_mir/recover-20220922/UBNA_001/20220921_090000.WAV,Telephone Field,recover-20220922,001,1795
1224.7035,1224.7107,23750,33246,Plecotus austriacus,0.013,0.029,-1,Echolocation,/mnt/ubna_data_02_mir/recover-20220922/UBNA_001/20220921_090000.WAV,Telephone Field,recover-20220922,001,1795
1224.7355,1224.7452,28906,36511,Eptesicus serotinus,0.011,0.025,-1,Echolocation,/mnt/ubna_data_02_mir/recover-20220922/UBNA_001/20220921_090000.WAV,Telephone Field,recover-20220922,001,1795
1224.7635,1224.8037,68437,82458,Rhinolophus ferrumequinum,0.023,0.023,-1,Echolocation,/mnt/ubna_data_02_mir/recover-20220922/UBNA_001/20220921_090000.WAV,Telephone Field,recover-20220922,001,1795
1224.7755,1224.7842,28046,37511,Eptesicus serotinus,0.007,0.021,-1,Echolocation,/mnt/ubna_data_02_mir/recover-20220922/UBNA_001/20220921_090000.WAV,Telephone Field,recover-20220922,001,1795
1224.7845,1224.8226,68437,81463,Rhinolophus ferrumequinum,0.023,0.023,-1,Echolocation,/mnt/ubna_data_02_mir/recover-20220922/UBNA_001/20220921_090000.WAV,Telephone Field,recover-20220922,001,1795
1224.8415,1224.8816,68437,82251,Rhinolophus ferrumequinum,0.022,0.022,-1,Echolocation,/mnt/ubna_data_02_mir/recover-20220922/UBNA_001/20220921_090000.WAV,Telephone Field,recover-20220922,001,1795
1224.8625,1224.9011,68437,82407,Rhinolophus ferrumequinum,0.02,0.021,-1,Echolocation,/mnt/ubna_data_02_mir/recover-20220922/UBNA_001/20220921_090000.WAV,Telephone Field,recover-20220922,001,1795
1224.8905,1224.9251,68437,81720,Rhinolophus ferrumequinum,0.021,0.021,-1,Echolocation,/mnt/ubna_data_02_mir/recover-20220922/UBNA_001/20220921_090000.WAV,Telephone Field,recover-20220922,001,1795
1224.9025,1224.9118,27187,38486,Eptesicus serotinus,0.009,0.023,-1,Echolocation,/mnt/ubna_data_02_mir/recover-20220922/UBNA_001/20220921_090000.WAV,Telephone Field,recover-20220922,001,1795
1224.9105,1224.9213,28046,36213,Eptesicus serotinus,0.011,0.024,-1,Echolocation,/mnt/ubna_data_02_mir/recover-20220922/UBNA_001/20220921_090000.WAV,Telephone Field,recover-20220922,001,1795
1224.9465,1224.9844,68437,82642,Rhinolophus ferrumequinum,0.023,0.023,-1,Echolocation,/mnt/ubna_data_02_mir/recover-20220922/UBNA_001/20220921_090000.WAV,Telephone Field,recover-20220922,001,1795
1224.9575,1224.9688,24609,31648,Nyctalus leisleri,0.02,0.054,-1,Echolocation,/mnt/ubna_data_02_mir/recover-20220922/UBNA_001/20220921_090000.WAV,Telephone Field,recover-20220922,001,1795
1224.9695,1225.0034,68437,81632,Rhinolophus ferrumequinum,0.021,0.021,-1,Echolocation,/mnt/ubna_data_02_mir/recover-20220922/UBNA_001/20220921_090000.WAV,Telephone Field,recover-20220922,001,1795
1224.9745,1224.983,28046,38082,Eptesicus serotinus,0.008,0.024,-1,Echolocation,/mnt/ubna_data_02_mir/recover-20220922/UBNA_001/20220921_090000.WAV,Telephone Field,recover-20220922,001,1795
1224.9955,1225.0366,68437,82900,Rhinolophus ferrumequinum,0.034,0.034,-1,Echolocation,/mnt/ubna_data_02_mir/recover-20220922/UBNA_001/20220921_090000.WAV,Telephone Field,recover-20220922,001,1795
1225.0235,1225.0477,18593,21261,Nyctalus noctula,0.019,0.033,-1,Echolocation,/mnt/ubna_data_02_mir/recover-20220922/UBNA_001/20220921_090000.WAV,Telephone Field,recover-20220922,001,1795
1225.0665,1225.1045,68437,81624,Rhinolophus ferrumequinum,0.022,0.022,-1,Echolocation,/mnt/ubna_data_02_mir/recover-20220922/UBNA_001/20220921_090000.WAV,Telephone Field,recover-20220922,001,1795
1225.0665,1225.0768,25468,32889,Eptesicus serotinus,0.007,0.022,-1,Echolocation,/mnt/ubna_data_02_mir/recover-20220922/UBNA_001/20220921_090000.WAV,Telephone Field,recover-20220922,001,1795
1225.1105,1225.1501,68437,82719,Rhinolophus ferrumequinum,0.025,0.025,-1,Echolocation,/mnt/ubna_data_02_mir/recover-20220922/UBNA_001/20220921_090000.WAV,Telephone Field,recover-20220922,001,1795
1225.1285,1225.1661,68437,82672,Rhinolophus ferrumequinum,0.027,0.027,-1,Echolocation,/mnt/ubna_data_02_mir/recover-20220922/UBNA_001/20220921_090000.WAV,Telephone Field,recover-20220922,001,1795
1225.1325,1225.143,22031,26676,Nyctalus leisleri,0.011,0.023,-1,Echolocation,/mnt/ubna_data_02_mir/recover-20220922/UBNA_001/20220921_090000.WAV,Telephone Field,recover-20220922,001,1795
1225.1525,1225.1898,68437,82740,Rhinolophus ferrumequinum,0.023,0.023,-1,Echolocation,/mnt/ubna_data_02_mir/recover-20220922/UBNA_001/20220921_090000.WAV,Telephone Field,recover-20220922,001,1795
1225.1555,1225.1622,27187,40509,Eptesicus serotinus,0.006,0.024,-1,Echolocation,/mnt/ubna_data_02_mir/recover-20220922/UBNA_001/20220921_090000.WAV,Telephone Field,recover-20220922,001,1795
1225.1945,1225.2342,68437,82280,Rhinolophus ferrumequinum,0.023,0.023,-1,Echolocation,/mnt/ubna_data_02_mir/recover-20220922/UBNA_001/20220921_090000.WAV,Telephone Field,recover-20220922,001,1795
1225.3015,1225.3408,68437,82178,Rhinolophus ferrumequinum,0.021,0.021,-1,Echolocation,/mnt/ubna_data_02_mir/recover-20220922/UBNA_001/20220921_090000.WAV,Telephone Field,recover-20220922,001,1795
1225.3365,1225.3769,68437,82518,Rhinolophus ferrumequinum,0.023,0.023,-1,Echolocation,/mnt/ubna_data_02_mir/recover-20220922/UBNA_001/20220921_090000.WAV,Telephone Field,recover-20220922,001,1795
1225.3455,1225.3852,68437,82863,Rhinolophus ferrumequinum,0.024,0.024,-1,Echolocation,/mnt/ubna_data_02_mir/recover-20220922/UBNA_001/20220921_090000.WAV,Telephone Field,recover-20220922,001,1795
1225.3505,1225.3903,68437,82445,Rhinolophus ferrumequinum,0.022,0.022,-1,Echolocation,/mnt/ubna_data_02_mir/recover-20220922/UBNA_001/20220921_090000.WAV,Telephone Field,recover-20220922,001,1795
1225.3525,1225.3625,27187,35114,Eptesicus serotinus,0.01,0.022,-1,Echolocation,/mnt/ubna_data_02_mir/recover-20220922/UBNA_001/20220921_090000.WAV,Telephone Field,recover-20220922,001,1795
1225.3615,1225.402,68437,82805,Rhinolophus ferrumequinum,0.022,0.022,-1,Echolocation,/mnt/ubna_data_02_mir/recover-20220922/UBNA_001/20220921_090000.WAV,Telephone Field,recover-20220922,001,1795
1225.3795,1225.4144000000001,68437,81760,Rhinolophus ferrumequinum,0.02,0.021,-1,Echolocation,/mnt/ubna_data_02_mir/recover-20220922/UBNA_001/20220921_090000.WAV,Telephone Field,recover-20220922,001,1795
1225.3965,1225.4074,28046,35492,Eptesicus serotinus,0.012,0.027,-1,Echolocation,/mnt/ubna_data_02_mir/recover-20220922/UBNA_001/20220921_090000.WAV,Telephone Field,recover-20220922,001,1795
1225.4205,1225.4603,68437,82241,Rhinolophus ferrumequinum,0.021,0.021,-1,Echolocation,/mnt/ubna_data_02_mir/recover-20220922/UBNA_001/20220921_090000.WAV,Telephone Field,recover-20220922,001,1795
1225.4365,1225.4481,22890,27440,Nyctalus leisleri,0.012,0.022,-1,Echolocation,/mnt/ubna_data_02_mir/recover-20220922/UBNA_001/20220921_090000.WAV,Telephone Field,recover-20220922,001,1795
1225.4455,1225.4863,68437,83049,Rhinolophus ferrumequinum,0.023,0.023,-1,Echolocation,/mnt/ubna_data_02_mir/recover-20220922/UBNA_001/20220921_090000.WAV,Telephone Field,recover-20220922,001,1795
1225.4795,1225.5161,68437,81940,Rhinolophus ferrumequinum,0.023,0.023,-1,Echolocation,/mnt/ubna_data_02_mir/recover-20220922/UBNA_001/20220921_090000.WAV,Telephone Field,recover-20220922,001,1795
1225.5125,1225.5245,22031,27624,Nyctalus leisleri,0.011,0.025,-1,Echolocation,/mnt/ubna_data_02_mir/recover-20220922/UBNA_001/20220921_090000.WAV,Telephone Field,recover-20220922,001,1795
1225.5485,1225.5601,22890,27465,Nyctalus leisleri,0.012,0.023,-1,Echolocation,/mnt/ubna_data_02_mir/recover-20220922/UBNA_001/20220921_090000.WAV,Telephone Field,recover-20220922,001,1795
1225.5505,1225.591,68437,82311,Rhinolophus ferrumequinum,0.022,0.022,-1,Echolocation,/mnt/ubna_data_02_mir/recover-20220922/UBNA_001/20220921_090000.WAV,Telephone Field,recover-20220922,001,1795
1225.5585,1225.567,26328,34247,Eptesicus serotinus,0.011,0.027,-1,Echolocation,/mnt/ubna_data_02_mir/recover-20220922/UBNA_001/20220921_090000.WAV,Telephone Field,recover-20220922,001,1795
1225.5745,1225.6143,68437,83031,Rhinolophus ferrumequinum,0.025,0.025,-1,Echolocation,/mnt/ubna_data_02_mir/recover-20220922/UBNA_001/20220921_090000.WAV,Telephone Field,recover-20220922,001,1795
1225.5875,1225.6306,68437,83110,Rhinolophus ferrumequinum,0.029,0.029,-1,Echolocation,/mnt/ubna_data_02_mir/recover-20220922/UBNA_001/20220921_090000.WAV,Telephone Field,recover-20220922,001,1795
1225.5945,1225.603,26328,34704,Eptesicus serotinus,0.007,0.021,-1,Echolocation,/mnt/ubna_data_02_mir/recover-20220922/UBNA_001/20220921_090000.WAV,Telephone Field,recover-20220922,001,1795
1225.6135,1225.6534,68437,82087,Rhinolophus ferrumequinum,0.021,0.021,-1,Echolocation,/mnt/ubna_data_02_mir/recover-20220922/UBNA_001/20220921_090000.WAV,Telephone Field,recover-20220922,001,1795
1225.6255,1225.6628,68437,81413,Rhinolophus ferrumequinum,0.021,0.021,-1,Echolocation,/mnt/ubna_data_02_mir/recover-20220922/UBNA_001/20220921_090000.WAV,Telephone Field,recover-20220922,001,1795
1225.6595,1225.6674,34062,43357,Myotis daubentonii,0.01,0.026,-1,Echolocation,/mnt/ubna_data_02_mir/recover-20220922/UBNA_001/20220921_090000.WAV,Telephone Field,recover-20220922,001,1795
1225.6605,1225.6675,27187,39568,Eptesicus serotinus,0.006,0.022,-1,Echolocation,/mnt/ubna_data_02_mir/recover-20220922/UBNA_001/20220921_090000.WAV,Telephone Field,recover-20220922,001,1795
1225.6845,1225.7247,68437,82394,Rhinolophus ferrumequinum,0.022,0.022,-1,Echolocation,/mnt/ubna_data_02_mir/recover-20220922/UBNA_001/20220921_090000.WAV,Telephone Field,recover-20220922,001,1795
1225.7235,1225.7608,68437,81124,Rhinolophus ferrumequinum,0.023,0.023,-1,Echolocation,/mnt/ubna_data_02_mir/recover-20220922/UBNA_001/20220921_090000.WAV,Telephone Field,recover-20220922,001,1795
1225.7345,1225.7751,68437,82665,Rhinolophus ferrumequinum,0.022,0.022,-1,Echolocation,/mnt/ubna_data_02_mir/recover-20220922/UBNA_001/20220921_090000.WAV,Telephone Field,recover-20220922,001,1795
1225.8275,1225.864,68437,81115,Rhinolophus ferrumequinum,0.021,0.021,-1,Echolocation,/mnt/ubna_data_02_mir/recover-20220922/UBNA_001/20220921_090000.WAV,Telephone Field,recover-20220922,001,1795
1225.8365,1225.8732,68437,81609,Rhinolophus ferrumequinum,0.023,0.023,-1,Echolocation,/mnt/ubna_data_02_mir/recover-20220922/UBNA_001/20220921_090000.WAV,Telephone Field,recover-20220922,001,1795
1225.9035,1225.9433,68437,82367,Rhinolophus ferrumequinum,0.024,0.024,-1,Echolocation,/mnt/ubna_data_02_mir/recover-20220922/UBNA_001/20220921_090000.WAV,Telephone Field,recover-20220922,001,1795
1225.9435,1225.9839,68437,82455,Rhinolophus ferrumequinum,0.023,0.024,-1,Echolocation,/mnt/ubna_data_02_mir/recover-20220922/UBNA_001/20220921_090000.WAV,Telephone Field,recover-20220922,001,1795
1225.9635,1225.9993,68437,81676,Rhinolophus ferrumequinum,0.02,0.021,-1,Echolocation,/mnt/ubna_data_02_mir/recover-20220922/UBNA_001/20220921_090000.WAV,Telephone Field,recover-20220922,001,1795
1225.9785,1225.9863,28046,42457,Eptesicus serotinus,0.007,0.024,-1,Echolocation,/mnt/ubna_data_02_mir/recover-20220922/UBNA_001/20220921_090000.WAV,Telephone Field,recover-20220922,001,1795
1226.0015,1226.0119,47812,54301,Pipistrellus pipistrellus,0.018,0.024,-1,Echolocation,/mnt/ubna_data_02_mir/recover-20220922/UBNA_001/20220921_090000.WAV,Telephone Field,recover-20220922,001,1795
1226.0015,1226.0323,68437,79510,Rhinolophus ferrumequinum,0.03,0.031,-1,Echolocation,/mnt/ubna_data_02_mir/recover-20220922/UBNA_001/20220921_090000.WAV,Telephone Field,recover-20220922,001,1795
1226.0135,1226.054,68437,82876,Rhinolophus ferrumequinum,0.025,0.025,-1,Echolocation,/mnt/ubna_data_02_mir/recover-20220922/UBNA_001/20220921_090000.WAV,Telephone Field,recover-20220922,001,1795
1226.0245,1226.0372,22890,26933,Nyctalus leisleri,0.013,0.023,-1,Echolocation,/mnt/ubna_data_02_mir/recover-20220922/UBNA_001/20220921_090000.WAV,Telephone Field,recover-20220922,001,1795
1226.0305,1226.0714,68437,83172,Rhinolophus ferrumequinum,0.026,0.026,-1,Echolocation,/mnt/ubna_data_02_mir/recover-20220922/UBNA_001/20220921_090000.WAV,Telephone Field,recover-20220922,001,1795
1226.0385,1226.0489,24609,30882,Nyctalus leisleri,0.009,0.022,-1,Echolocation,/mnt/ubna_data_02_mir/recover-20220922/UBNA_001/20220921_090000.WAV,Telephone Field,recover-20220922,001,1795
1226.0495,1226.0885,68437,81547,Rhinolophus ferrumequinum,0.024,0.024,-1,Echolocation,/mnt/ubna_data_02_mir/recover-20220922/UBNA_001/20220921_090000.WAV,Telephone Field,recover-20220922,001,1795
1226.0635,1226.0751,28046,34781,Eptesicus serotinus,0.017,0.031,-1,Echolocation,/mnt/ubna_data_02_mir/recover-20220922/UBNA_001/20220921_090000.WAV,Telephone Field,recover-20220922,001,1795
1226.0635,1226.1005,68437,81309,Rhinolophus ferrumequinum,0.022,0.022,-1,Echolocation,/mnt/ubna_data_02_mir/recover-20220922/UBNA_001/20220921_090000.WAV,Telephone Field,recover-20220922,001,1795
1226.1235,1226.1608,68437,82083,Rhinolophus ferrumequinum,0.031,0.031,-1,Echolocation,/mnt/ubna_data_02_mir/recover-20220922/UBNA_001/20220921_090000.WAV,Telephone Field,recover-20220922,001,1795
1226.1515,1226.1918,68437,82518,Rhinolophus ferrumequinum,0.026,0.026,-1,Echolocation,/mnt/ubna_data_02_mir/recover-20220922/UBNA_001/20220921_090000.WAV,Telephone Field,recover-20220922,001,1795
1226.1545,1226.1677,22031,26834,Nyctalus leisleri,0.014,0.03,-1,Echolocation,/mnt/ubna_data_02_mir/recover-20220922/UBNA_001/20220921_090000.WAV,Telephone Field,recover-20220922,001,1795
1226.1815,1226.2191,68437,81536,Rhinolophus ferrumequinum,0.021,0.021,-1,Echolocation,/mnt/ubna_data_02_mir/recover-20220922/UBNA_001/20220921_090000.WAV,Telephone Field,recover-20220922,001,1795
1226.1945,1226.2308,68437,81413,Rhinolophus ferrumequinum,0.021,0.021,-1,Echolocation,/mnt/ubna_data_02_mir/recover-20220922/UBNA_001/20220921_090000.WAV,Telephone Field,recover-20220922,001,1795
1226.2155,1226.2556,68437,82647,Rhinolophus ferrumequinum,0.022,0.022,-1,Echolocation,/mnt/ubna_data_02_mir/recover-20220922/UBNA_001/20220921_090000.WAV,Telephone Field,recover-20220922,001,1795
1226.2655,1226.3063,68437,83085,Rhinolophus ferrumequinum,0.023,0.023,-1,Echolocation,/mnt/ubna_data_02_mir/recover-20220922/UBNA_001/20220921_090000.WAV,Telephone Field,recover-20220922,001,1795
1226.2755,1226.315,68437,82741,Rhinolophus ferrumequinum,0.027,0.027,-1,Echolocation,/mnt/ubna_data_02_mir/recover-20220922/UBNA_001/20220921_090000.WAV,Telephone Field,recover-20220922,001,1795
1226.2965,1226.3355,68437,82448,Rhinolophus ferrumequinum,0.023,0.023,-1,Echolocation,/mnt/ubna_data_02_mir/recover-20220922/UBNA_001/20220921_090000.WAV,Telephone Field,recover-20220922,001,1795
1226.2965,1226.3054,22890,29428,Plecotus austriacus,0.007,0.021,-1,Echolocation,/mnt/ubna_data_02_mir/recover-20220922/UBNA_001/20220921_090000.WAV,Telephone Field,recover-20220922,001,1795
1226.3175,1226.3577,68437,82082,Rhinolophus ferrumequinum,0.023,0.023,-1,Echolocation,/mnt/ubna_data_02_mir/recover-20220922/UBNA_001/20220921_090000.WAV,Telephone Field,recover-20220922,001,1795
1226.3385,1226.3802,68437,82800,Rhinolophus ferrumequinum,0.055,0.055,-1,Echolocation,/mnt/ubna_data_02_mir/recover-20220922/UBNA_001/20220921_090000.WAV,Telephone Field,recover-20220922,001,1795
1226.3535,1226.3931,68437,82959,Rhinolophus ferrumequinum,0.031,0.031,-1,Echolocation,/mnt/ubna_data_02_mir/recover-20220922/UBNA_001/20220921_090000.WAV,Telephone Field,recover-20220922,001,1795
1226.4105,1226.4499,68437,81933,Rhinolophus ferrumequinum,0.024,0.024,-1,Echolocation,/mnt/ubna_data_02_mir/recover-20220922/UBNA_001/20220921_090000.WAV,Telephone Field,recover-20220922,001,1795
1226.4285,1226.4389,22890,28116,Nyctalus leisleri,0.01,0.022,-1,Echolocation,/mnt/ubna_data_02_mir/recover-20220922/UBNA_001/20220921_090000.WAV,Telephone Field,recover-20220922,001,1795
1226.4325,1226.4714,68437,82244,Rhinolophus ferrumequinum,0.023,0.023,-1,Echolocation,/mnt/ubna_data_02_mir/recover-20220922/UBNA_001/20220921_090000.WAV,Telephone Field,recover-20220922,001,1795
1226.4505,1226.4881,68437,81291,Rhinolophus ferrumequinum,0.024,0.025,-1,Echolocation,/mnt/ubna_data_02_mir/recover-20220922/UBNA_001/20220921_090000.WAV,Telephone Field,recover-20220922,001,1795
1226.4835,1226.5266,68437,82520,Rhinolophus ferrumequinum,0.033,0.033,-1,Echolocation,/mnt/ubna_data_02_mir/recover-20220922/UBNA_001/20220921_090000.WAV,Telephone Field,recover-20220922,001,1795
1226.5005,1226.5398,68437,82617,Rhinolophus ferrumequinum,0.022,0.022,-1,Echolocation,/mnt/ubna_data_02_mir/recover-20220922/UBNA_001/20220921_090000.WAV,Telephone Field,recover-20220922,001,1795
1226.5105,1226.548,68437,82063,Rhinolophus ferrumequinum,0.023,0.023,-1,Echolocation,/mnt/ubna_data_02_mir/recover-20220922/UBNA_001/20220921_090000.WAV,Telephone Field,recover-20220922,001,1795
1226.5555,1226.5659,22890,29071,Nyctalus leisleri,0.011,0.027,-1,Echolocation,/mnt/ubna_data_02_mir/recover-20220922/UBNA_001/20220921_090000.WAV,Telephone Field,recover-20220922,001,1795
1226.6035,1226.6431,68437,82426,Rhinolophus ferrumequinum,0.021,0.021,-1,Echolocation,/mnt/ubna_data_02_mir/recover-20220922/UBNA_001/20220921_090000.WAV,Telephone Field,recover-20220922,001,1795
1226.6225,1226.6574,68437,80747,Rhinolophus ferrumequinum,0.022,0.022,-1,Echolocation,/mnt/ubna_data_02_mir/recover-20220922/UBNA_001/20220921_090000.WAV,Telephone Field,recover-20220922,001,1795
1226.6315,1226.6426,23750,28624,Nyctalus leisleri,0.015,0.028,-1,Echolocation,/mnt/ubna_data_02_mir/recover-20220922/UBNA_001/20220921_090000.WAV,Telephone Field,recover-20220922,001,1795
1226.6425,1226.6777,68437,81230,Rhinolophus ferrumequinum,0.022,0.022,-1,Echolocation,/mnt/ubna_data_02_mir/recover-20220922/UBNA_001/20220921_090000.WAV,Telephone Field,recover-20220922,001,1795
1226.6535,1226.6912,68437,82253,Rhinolophus ferrumequinum,0.022,0.022,-1,Echolocation,/mnt/ubna_data_02_mir/recover-20220922/UBNA_001/20220921_090000.WAV,Telephone Field,recover-20220922,001,1795
1226.6625,1226.6719,28046,37376,Eptesicus serotinus,0.018,0.034,-1,Echolocation,/mnt/ubna_data_02_mir/recover-20220922/UBNA_001/20220921_090000.WAV,Telephone Field,recover-20220922,001,1795
1226.7055,1226.7465,68437,82575,Rhinolophus ferrumequinum,0.022,0.022,-1,Echolocation,/mnt/ubna_data_02_mir/recover-20220922/UBNA_001/20220921_090000.WAV,Telephone Field,recover-20220922,001,1795
1226.7135,1226.7523,68437,82857,Rhinolophus ferrumequinum,0.024,0.024,-1,Echolocation,/mnt/ubna_data_02_mir/recover-20220922/UBNA_001/20220921_090000.WAV,Telephone Field,recover-20220922,001,1795
1226.7195,1226.7596,68437,82076,Rhinolophus ferrumequinum,0.023,0.023,-1,Echolocation,/mnt/ubna_data_02_mir/recover-20220922/UBNA_001/20220921_090000.WAV,Telephone Field,recover-20220922,001,1795
1226.7475,1226.7557,28046,39052,Eptesicus serotinus,0.007,0.021,-1,Echolocation,/mnt/ubna_data_02_mir/recover-20220922/UBNA_001/20220921_090000.WAV,Telephone Field,recover-20220922,001,1795
1226.7485,1226.7551,13437,29615,Plecotus auritus,0.022,0.024,-1,Echolocation,/mnt/ubna_data_02_mir/recover-20220922/UBNA_001/20220921_090000.WAV,Telephone Field,recover-20220922,001,1795
1226.7705,1226.8111,68437,82452,Rhinolophus ferrumequinum,0.027,0.027,-1,Echolocation,/mnt/ubna_data_02_mir/recover-20220922/UBNA_001/20220921_090000.WAV,Telephone Field,recover-20220922,001,1795
1226.7895,1226.8294,68437,82292,Rhinolophus ferrumequinum,0.029,0.029,-1,Echolocation,/mnt/ubna_data_02_mir/recover-20220922/UBNA_001/20220921_090000.WAV,Telephone Field,recover-20220922,001,1795
1226.8425,1226.8829,68437,82552,Rhinolophus ferrumequinum,0.023,0.023,-1,Echolocation,/mnt/ubna_data_02_mir/recover-20220922/UBNA_001/20220921_090000.WAV,Telephone Field,recover-20220922,001,1795
1226.8595,1226.8994,68437,82459,Rhinolophus ferrumequinum,0.025,0.025,-1,Echolocation,/mnt/ubna_data_02_mir/recover-20220922/UBNA_001/20220921_090000.WAV,Telephone Field,recover-20220922,001,1795
1226.8615,1226.8704,23750,30299,Plecotus austriacus,0.007,0.023,-1,Echolocation,/mnt/ubna_data_02_mir/recover-20220922/UBNA_001/20220921_090000.WAV,Telephone Field,recover-20220922,001,1795
1226.8875,1226.9272,68437,82576,Rhinolophus ferrumequinum,0.028,0.028,-1,Echolocation,/mnt/ubna_data_02_mir/recover-20220922/UBNA_001/20220921_090000.WAV,Telephone Field,recover-20220922,001,1795
1226.9235,1226.9639,68437,82108,Rhinolophus ferrumequinum,0.021,0.021,-1,Echolocation,/mnt/ubna_data_02_mir/recover-20220922/UBNA_001/20220921_090000.WAV,Telephone Field,recover-20220922,001,1795
1226.9355,1226.9492,38359,43098,Pipistrellus nathusii,0.019,0.032,-1,Echolocation,/mnt/ubna_data_02_mir/recover-20220922/UBNA_001/20220921_090000.WAV,Telephone Field,recover-20220922,001,1795
1226.9405,1226.9546,43515,47256,Pipistrellus pipistrellus,0.025,0.031,-1,Echolocation,/mnt/ubna_data_02_mir/recover-20220922/UBNA_001/20220921_090000.WAV,Telephone Field,recover-20220922,001,1795
1226.9695,1227.0113,68437,82956,Rhinolophus ferrumequinum,0.037,0.037,-1,Echolocation,/mnt/ubna_data_02_mir/recover-20220922/UBNA_001/20220921_090000.WAV,Telephone Field,recover-20220922,001,1795
1227.0135,1227.023,28906,36665,Eptesicus serotinus,0.013,0.026,-1,Echolocation,/mnt/ubna_data_02_mir/recover-20220922/UBNA_001/20220921_090000.WAV,Telephone Field,recover-20220922,001,1795
1227.0215,1227.0583,68437,81147,Rhinolophus ferrumequinum,0.022,0.022,-1,Echolocation,/mnt/ubna_data_02_mir/recover-20220922/UBNA_001/20220921_090000.WAV,Telephone Field,recover-20220922,001,1795
1227.0315,1227.0739,68437,83106,Rhinolophus ferrumequinum,0.034,0.034,-1,Echolocation,/mnt/ubna_data_02_mir/recover-20220922/UBNA_001/20220921_090000.WAV,Telephone Field,recover-20220922,001,1795
1227.0565,1227.0688,24609,30903,Nyctalus leisleri,0.015,0.038,-1,Echolocation,/mnt/ubna_data_02_mir/recover-20220922/UBNA_001/20220921_090000.WAV,Telephone Field,recover-20220922,001,1795
1227.0635,1227.0761,22890,27902,Nyctalus leisleri,0.021,0.04,-1,Echolocation,/mnt/ubna_data_02_mir/recover-20220922/UBNA_001/20220921_090000.WAV,Telephone Field,recover-20220922,001,1795
1227.0885,1227.1291,68437,82498,Rhinolophus ferrumequinum,0.022,0.022,-1,Echolocation,/mnt/ubna_data_02_mir/recover-20220922/UBNA_001/20220921_090000.WAV,Telephone Field,recover-20220922,001,1795
1227.0945,1227.1325,68437,82469,Rhinolophus ferrumequinum,0.023,0.023,-1,Echolocation,/mnt/ubna_data_02_mir/recover-20220922/UBNA_001/20220921_090000.WAV,Telephone Field,recover-20220922,001,1795
1227.1325,1227.1439,23750,28298,Nyctalus leisleri,0.015,0.032,-1,Echolocation,/mnt/ubna_data_02_mir/recover-20220922/UBNA_001/20220921_090000.WAV,Telephone Field,recover-20220922,001,1795
1227.1335,1227.1480999999999,37500,41369,Pipistrellus nathusii,0.038,0.047,-1,Echolocation,/mnt/ubna_data_02_mir/recover-20220922/UBNA_001/20220921_090000.WAV,Telephone Field,recover-20220922,001,1795
1227.1625,1227.2034,68437,82246,Rhinolophus ferrumequinum,0.024,0.024,-1,Echolocation,/mnt/ubna_data_02_mir/recover-20220922/UBNA_001/20220921_090000.WAV,Telephone Field,recover-20220922,001,1795
1227.1715,1227.2118,68437,82814,Rhinolophus ferrumequinum,0.023,0.023,-1,Echolocation,/mnt/ubna_data_02_mir/recover-20220922/UBNA_001/20220921_090000.WAV,Telephone Field,recover-20220922,001,1795
1227.1825,1227.2244,68437,82967,Rhinolophus ferrumequinum,0.023,0.023,-1,Echolocation,/mnt/ubna_data_02_mir/recover-20220922/UBNA_001/20220921_090000.WAV,Telephone Field,recover-20220922,001,1795
1227.2285,1227.2398,23750,29398,Nyctalus leisleri,0.015,0.033,-1,Echolocation,/mnt/ubna_data_02_mir/recover-20220922/UBNA_001/20220921_090000.WAV,Telephone Field,recover-20220922,001,1795
1227.2995,1227.3109,23750,29832,Nyctalus leisleri,0.011,0.024,-1,Echolocation,/mnt/ubna_data_02_mir/recover-20220922/UBNA_001/20220921_090000.WAV,Telephone Field,recover-20220922,001,1795
1227.3035,1227.3446,68437,82889,Rhinolophus ferrumequinum,0.03,0.03,-1,Echolocation,/mnt/ubna_data_02_mir/recover-20220922/UBNA_001/20220921_090000.WAV,Telephone Field,recover-20220922,001,1795
1227.3235,1227.3321,27187,35985,Eptesicus serotinus,0.01,0.025,-1,Echolocation,/mnt/ubna_data_02_mir/recover-20220922/UBNA_001/20220921_090000.WAV,Telephone Field,recover-20220922,001,1795
1227.3355,1227.3759,68437,82005,Rhinolophus ferrumequinum,0.022,0.022,-1,Echolocation,/mnt/ubna_data_02_mir/recover-20220922/UBNA_001/20220921_090000.WAV,Telephone Field,recover-20220922,001,1795
1227.3615,1227.4039,68437,83170,Rhinolophus ferrumequinum,0.033,0.033,-1,Echolocation,/mnt/ubna_data_02_mir/recover-20220922/UBNA_001/20220921_090000.WAV,Telephone Field,recover-20220922,001,1795
1227.3635,1227.3729,25468,33289,Eptesicus serotinus,0.009,0.026,-1,Echolocation,/mnt/ubna_data_02_mir/recover-20220922/UBNA_001/20220921_090000.WAV,Telephone Field,recover-20220922,001,1795
1227.3735,1227.4127,68437,82592,Rhinolophus ferrumequinum,0.023,0.023,-1,Echolocation,/mnt/ubna_data_02_mir/recover-20220922/UBNA_001/20220921_090000.WAV,Telephone Field,recover-20220922,001,1795
1227.3965,1227.437,68437,82276,Rhinolophus ferrumequinum,0.023,0.023,-1,Echolocation,/mnt/ubna_data_02_mir/recover-20220922/UBNA_001/20220921_090000.WAV,Telephone Field,recover-20220922,001,1795
1227.4105,1227.4501,68437,82170,Rhinolophus ferrumequinum,0.028,0.028,-1,Echolocation,/mnt/ubna_data_02_mir/recover-20220922/UBNA_001/20220921_090000.WAV,Telephone Field,recover-20220922,001,1795
1227.4365,1227.4764,68437,81695,Rhinolophus ferrumequinum,0.025,0.025,-1,Echolocation,/mnt/ubna_data_02_mir/recover-20220922/UBNA_001/20220921_090000.WAV,Telephone Field,recover-20220922,001,1795
1227.4615,1227.502,68437,82512,Rhinolophus ferrumequinum,0.025,0.025,-1,Echolocation,/mnt/ubna_data_02_mir/recover-20220922/UBNA_001/20220921_090000.WAV,Telephone Field,recover-20220922,001,1795
1227.4745,1227.4822,23750,31988,Plecotus austriacus,0.009,0.023,-1,Echolocation,/mnt/ubna_data_02_mir/recover-20220922/UBNA_001/20220921_090000.WAV,Telephone Field,recover-20220922,001,1795
1227.4915,1227.5304,68437,82544,Rhinolophus ferrumequinum,0.029,0.029,-1,Echolocation,/mnt/ubna_data_02_mir/recover-20220922/UBNA_001/20220921_090000.WAV,Telephone Field,recover-20220922,001,1795
1227.5045,1227.5409,68437,81633,Rhinolophus ferrumequinum,0.022,0.022,-1,Echolocation,/mnt/ubna_data_02_mir/recover-20220922/UBNA_001/20220921_090000.WAV,Telephone Field,recover-20220922,001,1795
1227.5325,1227.5745,68437,82921,Rhinolophus ferrumequinum,0.029,0.029,-1,Echolocation,/mnt/ubna_data_02_mir/recover-20220922/UBNA_001/20220921_090000.WAV,Telephone Field,recover-20220922,001,1795
1227.5645,1227.6033,68437,82137,Rhinolophus ferrumequinum,0.023,0.023,-1,Echolocation,/mnt/ubna_data_02_mir/recover-20220922/UBNA_001/20220921_090000.WAV,Telephone Field,recover-20220922,001,1795
1227.5895,1227.628,68437,82018,Rhinolophus ferrumequinum,0.022,0.022,-1,Echolocation,/mnt/ubna_data_02_mir/recover-20220922/UBNA_001/20220921_090000.WAV,Telephone Field,recover-20220922,001,1795
1227.6155,1227.6254,23750,29224,Nyctalus leisleri,0.01,0.022,-1,Echolocation,/mnt/ubna_data_02_mir/recover-20220922/UBNA_001/20220921_090000.WAV,Telephone Field,recover-20220922,001,1795
1227.6315,1227.6389,27187,41522,Eptesicus serotinus,0.007,0.023,-1,Echolocation,/mnt/ubna_data_02_mir/recover-20220922/UBNA_001/20220921_090000.WAV,Telephone Field,recover-20220922,001,1795
1227.6395,1227.6812,68437,82608,Rhinolophus ferrumequinum,0.042,0.042,-1,Echolocation,/mnt/ubna_data_02_mir/recover-20220922/UBNA_001/20220921_090000.WAV,Telephone Field,recover-20220922,001,1795
1227.6565,1227.695,68437,81811,Rhinolophus ferrumequinum,0.024,0.024,-1,Echolocation,/mnt/ubna_data_02_mir/recover-20220922/UBNA_001/20220921_090000.WAV,Telephone Field,recover-20220922,001,1795
1227.6675,1227.7038,68437,81370,Rhinolophus ferrumequinum,0.023,0.023,-1,Echolocation,/mnt/ubna_data_02_mir/recover-20220922/UBNA_001/20220921_090000.WAV,Telephone Field,recover-20220922,001,1795
1227.6715,1227.6806,26328,35008,Eptesicus serotinus,0.013,0.035,-1,Echolocation,/mnt/ubna_data_02_mir/recover-20220922/UBNA_001/20220921_090000.WAV,Telephone Field,recover-20220922,001,1795
1227.6865,1227.6968,24609,31100,Nyctalus leisleri,0.009,0.023,-1,Echolocation,/mnt/ubna_data_02_mir/recover-20220922/UBNA_001/20220921_090000.WAV,Telephone Field,recover-20220922,001,1795
1227.7255,1227.7663,68437,82682,Rhinolophus ferrumequinum,0.023,0.023,-1,Echolocation,/mnt/ubna_data_02_mir/recover-20220922/UBNA_001/20220921_090000.WAV,Telephone Field,recover-20220922,001,1795
1227.7565,1227.8013,68437,83256,Rhinolophus ferrumequinum,0.032,0.032,-1,Echolocation,/mnt/ubna_data_02_mir/recover-20220922/UBNA_001/20220921_090000.WAV,Telephone Field,recover-20220922,001,1795
1227.7765,1227.7906,22890,27466,Nyctalus leisleri,0.025,0.047,-1,Echolocation,/mnt/ubna_data_02_mir/recover-20220922/UBNA_001/20220921_090000.WAV,Telephone Field,recover-20220922,001,1795
1227.7935,1227.8303,68437,82151,Rhinolophus ferrumequinum,0.021,0.021,-1,Echolocation,/mnt/ubna_data_02_mir/recover-20220922/UBNA_001/20220921_090000.WAV,Telephone Field,recover-20220922,001,1795
1227.8005,1227.8088,27187,38707,Eptesicus serotinus,0.008,0.023,-1,Echolocation,/mnt/ubna_data_02_mir/recover-20220922/UBNA_001/20220921_090000.WAV,Telephone Field,recover-20220922,001,1795
1227.8185,1227.8569,68437,82502,Rhinolophus ferrumequinum,0.023,0.023,-1,Echolocation,/mnt/ubna_data_02_mir/recover-20220922/UBNA_001/20220921_090000.WAV,Telephone Field,recover-20220922,001,1795
1227.8575,1227.8965,68437,82015,Rhinolophus ferrumequinum,0.022,0.022,-1,Echolocation,/mnt/ubna_data_02_mir/recover-20220922/UBNA_001/20220921_090000.WAV,Telephone Field,recover-20220922,001,1795
1227.8645,1227.8751,22890,28186,Nyctalus leisleri,0.009,0.021,-1,Echolocation,/mnt/ubna_data_02_mir/recover-20220922/UBNA_001/20220921_090000.WAV,Telephone Field,recover-20220922,001,1795
1227.8885,1227.9296,68437,82609,Rhinolophus ferrumequinum,0.025,0.025,-1,Echolocation,/mnt/ubna_data_02_mir/recover-20220922/UBNA_001/20220921_090000.WAV,Telephone Field,recover-20220922,001,1795
1227.9065,1227.9441,68437,82052,Rhinolophus ferrumequinum,0.022,0.022,-1,Echolocation,/mnt/ubna_data_02_mir/recover-20220922/UBNA_001/20220921_090000.WAV,Telephone Field,recover-20220922,001,1795
1227.9105,1227.9209,37500,43030,Pipistrellus nathusii,0.012,0.028,-1,Echolocation,/mnt/ubna_data_02_mir/recover-20220922/UBNA_001/20220921_090000.WAV,Telephone Field,recover-20220922,001,1795
1227.9145,1227.9523,68437,82042,Rhinolophus ferrumequinum,0.024,0.024,-1,Echolocation,/mnt/ubna_data_02_mir/recover-20220922/UBNA_001/20220921_090000.WAV,Telephone Field,recover-20220922,001,1795
1227.9215,1227.9316,24609,31323,Eptesicus serotinus,0.007,0.021,-1,Echolocation,/mnt/ubna_data_02_mir/recover-20220922/UBNA_001/20220921_090000.WAV,Telephone Field,recover-20220922,001,1795
1227.9415,1227.9788,68437,81890,Rhinolophus ferrumequinum,0.023,0.023,-1,Echolocation,/mnt/ubna_data_02_mir/recover-20220922/UBNA_001/20220921_090000.WAV,Telephone Field,recover-20220922,001,1795
1227.9845,1227.9962,22031,26283,Nyctalus leisleri,0.012,0.022,-1,Echolocation,/mnt/ubna_data_02_mir/recover-20220922/UBNA_001/20220921_090000.WAV,Telephone Field,recover-20220922,001,1795
1228.0015,1228.0126,22890,28693,Nyctalus leisleri,0.015,0.033,-1,Echolocation,/mnt/ubna_data_02_mir/recover-20220922/UBNA_001/20220921_090000.WAV,Telephone Field,recover-20220922,001,1795
1228.0015,1228.0342,68437,79719,Rhinolophus ferrumequinum,0.033,0.034,-1,Echolocation,/mnt/ubna_data_02_mir/recover-20220922/UBNA_001/20220921_090000.WAV,Telephone Field,recover-20220922,001,1795
1228.0105,1228.0203,22890,29321,Plecotus austriacus,0.01,0.028,-1,Echolocation,/mnt/ubna_data_02_mir/recover-20220922/UBNA_001/20220921_090000.WAV,Telephone Field,recover-20220922,001,1795
1228.0135,1228.0537,68437,82283,Rhinolophus ferrumequinum,0.023,0.023,-1,Echolocation,/mnt/ubna_data_02_mir/recover-20220922/UBNA_001/20220921_090000.WAV,Telephone Field,recover-20220922,001,1795
1228.0485,1228.0867,68437,81779,Rhinolophus ferrumequinum,0.023,0.023,-1,Echolocation,/mnt/ubna_data_02_mir/recover-20220922/UBNA_001/20220921_090000.WAV,Telephone Field,recover-20220922,001,1795
1228.1155,1228.1569,68437,83306,Rhinolophus ferrumequinum,0.033,0.033,-1,Echolocation,/mnt/ubna_data_02_mir/recover-20220922/UBNA_001/20220921_090000.WAV,Telephone Field,recover-20220922,001,1795
1228.1265,1228.1357,28046,37741,Eptesicus serotinus,0.01,0.025,-1,Echolocation,/mnt/ubna_data_02_mir/recover-20220922/UBNA_001/20220921_090000.WAV,Telephone Field,recover-20220922,001,1795
1228.1565,1228.1667,24609,31434,Nyctalus leisleri,0.008,0.023,-1,Echolocation,/mnt/ubna_data_02_mir/recover-20220922/UBNA_001/20220921_090000.WAV,Telephone Field,recover-20220922,001,1795
1228.1885,1228.2002,23750,29685,Nyctalus leisleri,0.015,0.031,-1,Echolocation,/mnt/ubna_data_02_mir/recover-20220922/UBNA_001/20220921_090000.WAV,Telephone Field,recover-20220922,001,1795
1228.1955,1228.2064,23750,28675,Nyctalus leisleri,0.014,0.029,-1,Echolocation,/mnt/ubna_data_02_mir/recover-20220922/UBNA_001/20220921_090000.WAV,Telephone Field,recover-20220922,001,1795
1228.1955,1228.2346,68437,81911,Rhinolophus ferrumequinum,0.022,0.022,-1,Echolocation,/mnt/ubna_data_02_mir/recover-20220922/UBNA_001/20220921_090000.WAV,Telephone Field,recover-20220922,001,1795
1228.2065,1228.2492,68437,82131,Rhinolophus ferrumequinum,0.029,0.029,-1,Echolocation,/mnt/ubna_data_02_mir/recover-20220922/UBNA_001/20220921_090000.WAV,Telephone Field,recover-20220922,001,1795
1228.2155,1228.2605,68437,83542,Rhinolophus ferrumequinum,0.034,0.034,-1,Echolocation,/mnt/ubna_data_02_mir/recover-20220922/UBNA_001/20220921_090000.WAV,Telephone Field,recover-20220922,001,1795
1228.2235,1228.2321,27187,38933,Eptesicus serotinus,0.008,0.022,-1,Echolocation,/mnt/ubna_data_02_mir/recover-20220922/UBNA_001/20220921_090000.WAV,Telephone Field,recover-20220922,001,1795
1228.2835,1228.2941,28906,35857,Eptesicus serotinus,0.018,0.036,-1,Echolocation,/mnt/ubna_data_02_mir/recover-20220922/UBNA_001/20220921_090000.WAV,Telephone Field,recover-20220922,001,1795
1228.3285,1228.3688,68437,82294,Rhinolophus ferrumequinum,0.023,0.023,-1,Echolocation,/mnt/ubna_data_02_mir/recover-20220922/UBNA_001/20220921_090000.WAV,Telephone Field,recover-20220922,001,1795
1228.3375,1228.3798,68437,83051,Rhinolophus ferrumequinum,0.024,0.025,-1,Echolocation,/mnt/ubna_data_02_mir/recover-20220922/UBNA_001/20220921_090000.WAV,Telephone Field,recover-20220922,001,1795
1228.4275,1228.4677,68437,82976,Rhinolophus ferrumequinum,0.035,0.035,-1,Echolocation,/mnt/ubna_data_02_mir/recover-20220922/UBNA_001/20220921_090000.WAV,Telephone Field,recover-20220922,001,1795
1228.4435,1228.4536,26328,33899,Eptesicus serotinus,0.011,0.025,-1,Echolocation,/mnt/ubna_data_02_mir/recover-20220922/UBNA_001/20220921_090000.WAV,Telephone Field,recover-20220922,001,1795
1228.4835,1228.5222,68437,81689,Rhinolophus ferrumequinum,0.025,0.025,-1,Echolocation,/mnt/ubna_data_02_mir/recover-20220922/UBNA_001/20220921_090000.WAV,Telephone Field,recover-20220922,001,1795
1228.5355,1228.5432,28046,38608,Eptesicus serotinus,0.007,0.026,-1,Echolocation,/mnt/ubna_data_02_mir/recover-20220922/UBNA_001/20220921_090000.WAV,Telephone Field,recover-20220922,001,1795
1228.5485,1228.5598,25468,30865,Nyctalus leisleri,0.008,0.022,-1,Echolocation,/mnt/ubna_data_02_mir/recover-20220922/UBNA_001/20220921_090000.WAV,Telephone Field,recover-20220922,001,1795
1228.5715,1228.5804,24609,32569,Nyctalus leisleri,0.006,0.022,-1,Echolocation,/mnt/ubna_data_02_mir/recover-20220922/UBNA_001/20220921_090000.WAV,Telephone Field,recover-20220922,001,1795
1228.5875,1228.6278,68437,82618,Rhinolophus ferrumequinum,0.025,0.025,-1,Echolocation,/mnt/ubna_data_02_mir/recover-20220922/UBNA_001/20220921_090000.WAV,Telephone Field,recover-20220922,001,1795
1228.6055,1228.6441,68437,81742,Rhinolophus ferrumequinum,0.022,0.022,-1,Echolocation,/mnt/ubna_data_02_mir/recover-20220922/UBNA_001/20220921_090000.WAV,Telephone Field,recover-20220922,001,1795
1228.6255,1228.6363,22031,26371,Nyctalus leisleri,0.012,0.023,-1,Echolocation,/mnt/ubna_data_02_mir/recover-20220922/UBNA_001/20220921_090000.WAV,Telephone Field,recover-20220922,001,1795
1228.6635,1228.7009,68437,81615,Rhinolophus ferrumequinum,0.022,0.022,-1,Echolocation,/mnt/ubna_data_02_mir/recover-20220922/UBNA_001/20220921_090000.WAV,Telephone Field,recover-20220922,001,1795
1228.6995,1228.738,68437,82333,Rhinolophus ferrumequinum,0.024,0.024,-1,Echolocation,/mnt/ubna_data_02_mir/recover-20220922/UBNA_001/20220921_090000.WAV,Telephone Field,recover-20220922,001,1795
1228.7115,1228.7481,68437,81311,Rhinolophus ferrumequinum,0.025,0.025,-1,Echolocation,/mnt/ubna_data_02_mir/recover-20220922/UBNA_001/20220921_090000.WAV,Telephone Field,recover-20220922,001,1795
1228.7245,1228.7352,22890,28382,Nyctalus leisleri,0.01,0.022,-1,Echolocation,/mnt/ubna_data_02_mir/recover-20220922/UBNA_001/20220921_090000.WAV,Telephone Field,recover-20220922,001,1795
1228.7305,1228.7682,68437,82447,Rhinolophus ferrumequinum,0.022,0.022,-1,Echolocation,/mnt/ubna_data_02_mir/recover-20220922/UBNA_001/20220921_090000.WAV,Telephone Field,recover-20220922,001,1795
1228.7395,1228.7781,68437,82184,Rhinolophus ferrumequinum,0.022,0.022,-1,Echolocation,/mnt/ubna_data_02_mir/recover-20220922/UBNA_001/20220921_090000.WAV,Telephone Field,recover-20220922,001,1795
1228.7705,1228.8121,68437,82295,Rhinolophus ferrumequinum,0.023,0.023,-1,Echolocation,/mnt/ubna_data_02_mir/recover-20220922/UBNA_001/20220921_090000.WAV,Telephone Field,recover-20220922,001,1795
1228.7815,1228.7922,24609,30398,Nyctalus leisleri,0.009,0.023,-1,Echolocation,/mnt/ubna_data_02_mir/recover-20220922/UBNA_001/20220921_090000.WAV,Telephone Field,recover-20220922,001,1795
1228.8145,1228.853,68437,81731,Rhinolophus ferrumequinum,0.031,0.031,-1,Echolocation,/mnt/ubna_data_02_mir/recover-20220922/UBNA_001/20220921_090000.WAV,Telephone Field,recover-20220922,001,1795
1228.8375,1228.8492,22031,26713,Nyctalus leisleri,0.012,0.023,-1,Echolocation,/mnt/ubna_data_02_mir/recover-20220922/UBNA_001/20220921_090000.WAV,Telephone Field,recover-20220922,001,1795
1228.8575,1228.8662,46093,49915,Pipistrellus pipistrellus,0.056,0.058,-1,Echolocation,/mnt/ubna_data_02_mir/recover-20220922/UBNA_001/20220921_090000.WAV,Telephone Field,recover-20220922,001,1795
1228.8845,1228.8924,28906,40230,Eptesicus serotinus,0.007,0.024,-1,Echolocation,/mnt/ubna_data_02_mir/recover-20220922/UBNA_001/20220921_090000.WAV,Telephone Field,recover-20220922,001,1795
1228.8935,1228.9325,68437,81754,Rhinolophus ferrumequinum,0.023,0.023,-1,Echolocation,/mnt/ubna_data_02_mir/recover-20220922/UBNA_001/20220921_090000.WAV,Telephone Field,recover-20220922,001,1795
1228.9115,1228.949,68437,81239,Rhinolophus ferrumequinum,0.024,0.024,-1,Echolocation,/mnt/ubna_data_02_mir/recover-20220922/UBNA_001/20220921_090000.WAV,Telephone Field,recover-20220922,001,1795
1228.9635,1229.0039,68437,82615,Rhinolophus ferrumequinum,0.026,0.026,-1,Echolocation,/mnt/ubna_data_02_mir/recover-20220922/UBNA_001/20220921_090000.WAV,Telephone Field,recover-20220922,001,1795
1228.9725,1228.9837,23750,29988,Nyctalus leisleri,0.009,0.022,-1,Echolocation,/mnt/ubna_data_02_mir/recover-20220922/UBNA_001/20220921_090000.WAV,Telephone Field,recover-20220922,001,1795
1228.9885,1229.0296,68437,82803,Rhinolophus ferrumequinum,0.024,0.024,-1,Echolocation,/mnt/ubna_data_02_mir/recover-20220922/UBNA_001/20220921_090000.WAV,Telephone Field,recover-20220922,001,1795
1228.9945,1229.0026,46953,55028,Pipistrellus pipistrellus,0.021,0.024,-1,Echolocation,/mnt/ubna_data_02_mir/recover-20220922/UBNA_001/20220921_090000.WAV,Telephone Field,recover-20220922,001,1795
1229.0095,1229.0463,68437,81768,Rhinolophus ferrumequinum,0.024,0.024,-1,Echolocation,/mnt/ubna_data_02_mir/recover-20220922/UBNA_001/20220921_090000.WAV,Telephone Field,recover-20220922,001,1795
1229.0165,1229.0534,68437,81423,Rhinolophus ferrumequinum,0.024,0.024,-1,Echolocation,/mnt/ubna_data_02_mir/recover-20220922/UBNA_001/20220921_090000.WAV,Telephone Field,recover-20220922,001,1795
1229.0545,1229.0622,27187,35860,Eptesicus serotinus,0.008,0.023,-1,Echolocation,/mnt/ubna_data_02_mir/recover-20220922/UBNA_001/20220921_090000.WAV,Telephone Field,recover-20220922,001,1795
1229.0615,1229.1009,68437,82185,Rhinolophus ferrumequinum,0.024,0.024,-1,Echolocation,/mnt/ubna_data_02_mir/recover-20220922/UBNA_001/20220921_090000.WAV,Telephone Field,recover-20220922,001,1795
1229.0995,1229.1103,22890,27893,Nyctalus leisleri,0.013,0.025,-1,Echolocation,/mnt/ubna_data_02_mir/recover-20220922/UBNA_001/20220921_090000.WAV,Telephone Field,recover-20220922,001,1795
1229.1415,1229.1547,22031,27140,Nyctalus leisleri,0.031,0.076,-1,Echolocation,/mnt/ubna_data_02_mir/recover-20220922/UBNA_001/20220921_090000.WAV,Telephone Field,recover-20220922,001,1795
1229.1755,1229.1835,28906,40331,Eptesicus serotinus,0.007,0.022,-1,Echolocation,/mnt/ubna_data_02_mir/recover-20220922/UBNA_001/20220921_090000.WAV,Telephone Field,recover-20220922,001,1795
1229.1855,1229.1958,28906,35534,Eptesicus serotinus,0.009,0.022,-1,Echolocation,/mnt/ubna_data_02_mir/recover-20220922/UBNA_001/20220921_090000.WAV,Telephone Field,recover-20220922,001,1795
1229.2035,1229.2431,68437,82603,Rhinolophus ferrumequinum,0.022,0.022,-1,Echolocation,/mnt/ubna_data_02_mir/recover-20220922/UBNA_001/20220921_090000.WAV,Telephone Field,recover-20220922,001,1795
1229.2165,1229.2384,18593,21929,Nyctalus noctula,0.019,0.035,-1,Echolocation,/mnt/ubna_data_02_mir/recover-20220922/UBNA_001/20220921_090000.WAV,Telephone Field,recover-20220922,001,1795
1229.2705,1229.3067,68437,81481,Rhinolophus ferrumequinum,0.022,0.023,-1,Echolocation,/mnt/ubna_data_02_mir/recover-20220922/UBNA_001/20220921_090000.WAV,Telephone Field,recover-20220922,001,1795
1229.2995,1229.307,28046,37215,Eptesicus serotinus,0.009,0.024,-1,Echolocation,/mnt/ubna_data_02_mir/recover-20220922/UBNA_001/20220921_090000.WAV,Telephone Field,recover-20220922,001,1795
1229.3135,1229.3525,68437,82293,Rhinolophus ferrumequinum,0.026,0.026,-1,Echolocation,/mnt/ubna_data_02_mir/recover-20220922/UBNA_001/20220921_090000.WAV,Telephone Field,recover-20220922,001,1795
1229.3475,1229.3927,68437,83364,Rhinolophus ferrumequinum,0.051,0.051,-1,Echolocation,/mnt/ubna_data_02_mir/recover-20220922/UBNA_001/20220921_090000.WAV,Telephone Field,recover-20220922,001,1795
1229.3965,1229.4418,68437,83377,Rhinolophus ferrumequinum,0.039,0.039,-1,Echolocation,/mnt/ubna_data_02_mir/recover-20220922/UBNA_001/20220921_090000.WAV,Telephone Field,recover-20220922,001,1795
1229.4165,1229.4558,68437,82050,Rhinolophus ferrumequinum,0.024,0.024,-1,Echolocation,/mnt/ubna_data_02_mir/recover-20220922/UBNA_001/20220921_090000.WAV,Telephone Field,recover-20220922,001,1795
1229.4315,1229.445,23750,29077,Nyctalus leisleri,0.011,0.023,-1,Echolocation,/mnt/ubna_data_02_mir/recover-20220922/UBNA_001/20220921_090000.WAV,Telephone Field,recover-20220922,001,1795
1229.4665,1229.5059,68437,81997,Rhinolophus ferrumequinum,0.031,0.031,-1,Echolocation,/mnt/ubna_data_02_mir/recover-20220922/UBNA_001/20220921_090000.WAV,Telephone Field,recover-20220922,001,1795
1229.4875,1229.5247,68437,81563,Rhinolophus ferrumequinum,0.023,0.023,-1,Echolocation,/mnt/ubna_data_02_mir/recover-20220922/UBNA_001/20220921_090000.WAV,Telephone Field,recover-20220922,001,1795
1229.4875,1229.4934,25468,36163,Plecotus austriacus,0.01,0.029,-1,Echolocation,/mnt/ubna_data_02_mir/recover-20220922/UBNA_001/20220921_090000.WAV,Telephone Field,recover-20220922,001,1795
1229.5045,1229.5154,22031,27343,Nyctalus leisleri,0.01,0.023,-1,Echolocation,/mnt/ubna_data_02_mir/recover-20220922/UBNA_001/20220921_090000.WAV,Telephone Field,recover-20220922,001,1795
1229.5395,1229.5792,68437,82627,Rhinolophus ferrumequinum,0.022,0.022,-1,Echolocation,/mnt/ubna_data_02_mir/recover-20220922/UBNA_001/20220921_090000.WAV,Telephone Field,recover-20220922,001,1795
1229.5395,1229.5485,28046,36943,Eptesicus serotinus,0.011,0.026,-1,Echolocation,/mnt/ubna_data_02_mir/recover-20220922/UBNA_001/20220921_090000.WAV,Telephone Field,recover-20220922,001,1795
1229.5555,1229.562,28046,47608,Eptesicus serotinus,0.006,0.023,-1,Echolocation,/mnt/ubna_data_02_mir/recover-20220922/UBNA_001/20220921_090000.WAV,Telephone Field,recover-20220922,001,1795
1229.5705,1229.6108,68437,82243,Rhinolophus ferrumequinum,0.023,0.023,-1,Echolocation,/mnt/ubna_data_02_mir/recover-20220922/UBNA_001/20220921_090000.WAV,Telephone Field,recover-20220922,001,1795
1229.5755,1229.5827,28046,38879,Eptesicus serotinus,0.009,0.027,-1,Echolocation,/mnt/ubna_data_02_mir/recover-20220922/UBNA_001/20220921_090000.WAV,Telephone Field,recover-20220922,001,1795
1229.5865,1229.6258,68437,81927,Rhinolophus ferrumequinum,0.025,0.025,-1,Echolocation,/mnt/ubna_data_02_mir/recover-20220922/UBNA_001/20220921_090000.WAV,Telephone Field,recover-20220922,001,1795
1229.6045,1229.6125,48671,53767,Pipistrellus pipistrellus,0.02,0.022,-1,Echolocation,/mnt/ubna_data_02_mir/recover-20220922/UBNA_001/20220921_090000.WAV,Telephone Field,recover-20220922,001,1795
1229.6055,1229.6423,68437,81796,Rhinolophus ferrumequinum,0.023,0.023,-1,Echolocation,/mnt/ubna_data_02_mir/recover-20220922/UBNA_001/20220921_090000.WAV,Telephone Field,recover-20220922,001,1795
1229.6105,1229.6165,26328,42174,Plecotus auritus,0.006,0.028,-1,Echolocation,/mnt/ubna_data_02_mir/recover-20220922/UBNA_001/20220921_090000.WAV,Telephone Field,recover-20220922,001,1795
1229.6675,1229.6771,28906,37979,Eptesicus serotinus,0.01,0.025,-1,Echolocation,/mnt/ubna_data_02_mir/recover-20220922/UBNA_001/20220921_090000.WAV,Telephone Field,recover-20220922,001,1795
1229.6745,1229.7157,68437,82522,Rhinolophus ferrumequinum,0.026,0.026,-1,Echolocation,/mnt/ubna_data_02_mir/recover-20220922/UBNA_001/20220921_090000.WAV,Telephone Field,recover-20220922,001,1795
1229.7045,1229.7451,68437,82699,Rhinolophus ferrumequinum,0.023,0.023,-1,Echolocation,/mnt/ubna_data_02_mir/recover-20220922/UBNA_001/20220921_090000.WAV,Telephone Field,recover-20220922,001,1795
1229.7485,1229.7561,31484,40986,Myotis daubentonii,0.009,0.025,-1,Echolocation,/mnt/ubna_data_02_mir/recover-20220922/UBNA_001/20220921_090000.WAV,Telephone Field,recover-20220922,001,1795
1229.7495,1229.7579,22890,30597,Plecotus austriacus,0.011,0.025,-1,Echolocation,/mnt/ubna_data_02_mir/recover-20220922/UBNA_001/20220921_090000.WAV,Telephone Field,recover-20220922,001,1795
1229.7525,1229.7913,68437,81597,Rhinolophus ferrumequinum,0.024,0.025,-1,Echolocation,/mnt/ubna_data_02_mir/recover-20220922/UBNA_001/20220921_090000.WAV,Telephone Field,recover-20220922,001,1795
1229.7725,1229.7812,28046,38335,Eptesicus serotinus,0.008,0.022,-1,Echolocation,/mnt/ubna_data_02_mir/recover-20220922/UBNA_001/20220921_090000.WAV,Telephone Field,recover-20220922,001,1795
1229.7755,1229.8124,68437,80927,Rhinolophus ferrumequinum,0.023,0.023,-1,Echolocation,/mnt/ubna_data_02_mir/recover-20220922/UBNA_001/20220921_090000.WAV,Telephone Field,recover-20220922,001,1795
1229.7825,1229.7904,28046,37697,Eptesicus serotinus,0.009,0.029,-1,Echolocation,/mnt/ubna_data_02_mir/recover-20220922/UBNA_001/20220921_090000.WAV,Telephone Field,recover-20220922,001,1795
1229.7865,1229.7957,22890,30035,Plecotus austriacus,0.01,0.026,-1,Echolocation,/mnt/ubna_data_02_mir/recover-20220922/UBNA_001/20220921_090000.WAV,Telephone Field,recover-20220922,001,1795
1229.7955,1229.8346,68437,82852,Rhinolophus ferrumequinum,0.027,0.027,-1,Echolocation,/mnt/ubna_data_02_mir/recover-20220922/UBNA_001/20220921_090000.WAV,Telephone Field,recover-20220922,001,1795
1229.7975,1229.8157,22031,25250,Nyctalus leisleri,0.02,0.035,-1,Echolocation,/mnt/ubna_data_02_mir/recover-20220922/UBNA_001/20220921_090000.WAV,Telephone Field,recover-20220922,001,1795
1229.8385,1229.8794,68437,82553,Rhinolophus ferrumequinum,0.026,0.026,-1,Echolocation,/mnt/ubna_data_02_mir/recover-20220922/UBNA_001/20220921_090000.WAV,Telephone Field,recover-20220922,001,1795
1229.8655,1229.8766,24609,29879,Nyctalus leisleri,0.013,0.028,-1,Echolocation,/mnt/ubna_data_02_mir/recover-20220922/UBNA_001/20220921_090000.WAV,Telephone Field,recover-20220922,001,1795
1229.8865,1229.8951,51250,55478,Pipistrellus pipistrellus,0.025,0.029,-1,Echolocation,/mnt/ubna_data_02_mir/recover-20220922/UBNA_001/20220921_090000.WAV,Telephone Field,recover-20220922,001,1795
1229.8965,1229.9062,24609,31796,Nyctalus leisleri,0.008,0.023,-1,Echolocation,/mnt/ubna_data_02_mir/recover-20220922/UBNA_001/20220921_090000.WAV,Telephone Field,recover-20220922,001,1795
1229.9375,1229.9476,22890,29073,Nyctalus leisleri,0.009,0.023,-1,Echolocation,/mnt/ubna_data_02_mir/recover-20220922/UBNA_001/20220921_090000.WAV,Telephone Field,recover-20220922,001,1795
1229.9415,1229.9778,68437,81303,Rhinolophus ferrumequinum,0.026,0.026,-1,Echolocation,/mnt/ubna_data_02_mir/recover-20220922/UBNA_001/20220921_090000.WAV,Telephone Field,recover-20220922,001,1795
1229.9895,1229.9986,27187,38534,Eptesicus serotinus,0.011,0.03,-1,Echolocation,/mnt/ubna_data_02_mir/recover-20220922/UBNA_001/20220921_090000.WAV,Telephone Field,recover-20220922,001,1795
1230.0015,1230.0341,68437,79618,Rhinolophus ferrumequinum,0.046,0.047,-1,Echolocation,/mnt/ubna_data_02_mir/recover-20220922/UBNA_001/20220921_090000.WAV,Telephone Field,recover-20220922,001,1795
1230.0015,1230.0143,45234,50466,Pipistrellus pipistrellus,0.025,0.031,-1,Echolocation,/mnt/ubna_data_02_mir/recover-20220922/UBNA_001/20220921_090000.WAV,Telephone Field,recover-20220922,001,1795
1230.0015,1230.0128,20312,25147,Nyctalus leisleri,0.011,0.025,-1,Echolocation,/mnt/ubna_data_02_mir/recover-20220922/UBNA_001/20220921_090000.WAV,Telephone Field,recover-20220922,001,1795
1230.0075,1230.0507,68437,82493,Rhinolophus ferrumequinum,0.022,0.022,-1,Echolocation,/mnt/ubna_data_02_mir/recover-20220922/UBNA_001/20220921_090000.WAV,Telephone Field,recover-20220922,001,1795
1230.0155,1230.0571,68437,81904,Rhinolophus ferrumequinum,0.024,0.024,-1,Echolocation,/mnt/ubna_data_02_mir/recover-20220922/UBNA_001/20220921_090000.WAV,Telephone Field,recover-20220922,001,1795
1230.0555,1230.0922,68437,81968,Rhinolophus ferrumequinum,0.022,0.022,-1,Echolocation,/mnt/ubna_data_02_mir/recover-20220922/UBNA_001/20220921_090000.WAV,Telephone Field,recover-20220922,001,1795
1230.1245,1230.1317,28046,38473,Eptesicus serotinus,0.007,0.022,-1,Echolocation,/mnt/ubna_data_02_mir/recover-20220922/UBNA_001/20220921_090000.WAV,Telephone Field,recover-20220922,001,1795
1230.1375,1230.1446,25468,35287,Plecotus austriacus,0.007,0.025,-1,Echolocation,/mnt/ubna_data_02_mir/recover-20220922/UBNA_001/20220921_090000.WAV,Telephone Field,recover-20220922,001,1795
1230.1445,1230.1806,68437,81749,Rhinolophus ferrumequinum,0.022,0.022,-1,Echolocation,/mnt/ubna_data_02_mir/recover-20220922/UBNA_001/20220921_090000.WAV,Telephone Field,recover-20220922,001,1795
1230.1615,1230.1714,28906,35884,Eptesicus serotinus,0.011,0.026,-1,Echolocation,/mnt/ubna_data_02_mir/recover-20220922/UBNA_001/20220921_090000.WAV,Telephone Field,recover-20220922,001,1795
1230.1955,1230.2327,68437,82122,Rhinolophus ferrumequinum,0.022,0.022,-1,Echolocation,/mnt/ubna_data_02_mir/recover-20220922/UBNA_001/20220921_090000.WAV,Telephone Field,recover-20220922,001,1795
1230.2185,1230.2569,68437,82132,Rhinolophus ferrumequinum,0.023,0.023,-1,Echolocation,/mnt/ubna_data_02_mir/recover-20220922/UBNA_001/20220921_090000.WAV,Telephone Field,recover-20220922,001,1795
1230.2585,1230.2659,28046,37365,Eptesicus serotinus,0.007,0.023,-1,Echolocation,/mnt/ubna_data_02_mir/recover-20220922/UBNA_001/20220921_090000.WAV,Telephone Field,recover-20220922,001,1795
1230.2675,1230.3073,68437,82120,Rhinolophus ferrumequinum,0.022,0.022,-1,Echolocation,/mnt/ubna_data_02_mir/recover-20220922/UBNA_001/20220921_090000.WAV,Telephone Field,recover-20220922,001,1795
1230.2865,1230.328,68437,82887,Rhinolophus ferrumequinum,0.032,0.032,-1,Echolocation,/mnt/ubna_data_02_mir/recover-20220922/UBNA_001/20220921_090000.WAV,Telephone Field,recover-20220922,001,1795
1230.2895,1230.3008,23750,28936,Nyctalus leisleri,0.015,0.028,-1,Echolocation,/mnt/ubna_data_02_mir/recover-20220922/UBNA_001/20220921_090000.WAV,Telephone Field,recover-20220922,001,1795
1230.3315,1230.3719,68437,82551,Rhinolophus ferrumequinum,0.025,0.025,-1,Echolocation,/mnt/ubna_data_02_mir/recover-20220922/UBNA_001/20220921_090000.WAV,Telephone Field,recover-20220922,001,1795
1230.3605,1230.4002,68437,82607,Rhinolophus ferrumequinum,0.024,0.024,-1,Echolocation,/mnt/ubna_data_02_mir/recover-20220922/UBNA_001/20220921_090000.WAV,Telephone Field,recover-20220922,001,1795
1230.3615,1230.3735,53828,58650,Pipistrellus pygmaeus,0.032,0.039,-1,Echolocation,/mnt/ubna_data_02_mir/recover-20220922/UBNA_001/20220921_090000.WAV,Telephone Field,recover-20220922,001,1795
1230.3905,1230.4322,68437,82802,Rhinolophus ferrumequinum,0.023,0.023,-1,Echolocation,/mnt/ubna_data_02_mir/recover-20220922/UBNA_001/20220921_090000.WAV,Telephone Field,recover-20220922,001,1795
1230.4135,1230.4237,28906,36751,Eptesicus serotinus,0.009,0.024,-1,Echolocation,/mnt/ubna_data_02_mir/recover-20220922/UBNA_001/20220921_090000.WAV,Telephone Field,recover-20220922,001,1795
1230.4155,1230.4544,68437,82576,Rhinolophus ferrumequinum,0.023,0.023,-1,Echolocation,/mnt/ubna_data_02_mir/recover-20220922/UBNA_001/20220921_090000.WAV,Telephone Field,recover-20220922,001,1795
1230.4225,1230.4627,68437,82363,Rhinolophus ferrumequinum,0.026,0.026,-1,Echolocation,/mnt/ubna_data_02_mir/recover-20220922/UBNA_001/20220921_090000.WAV,Telephone Field,recover-20220922,001,1795
1230.4515,1230.4881,68437,82990,Rhinolophus ferrumequinum,0.032,0.032,-1,Echolocation,/mnt/ubna_data_02_mir/recover-20220922/UBNA_001/20220921_090000.WAV,Telephone Field,recover-20220922,001,1795
1230.4615,1230.472,26328,33667,Eptesicus serotinus,0.017,0.035,-1,Echolocation,/mnt/ubna_data_02_mir/recover-20220922/UBNA_001/20220921_090000.WAV,Telephone Field,recover-20220922,001,1795
1230.4795,1230.4971,20312,23473,Nyctalus leisleri,0.015,0.025,-1,Echolocation,/mnt/ubna_data_02_mir/recover-20220922/UBNA_001/20220921_090000.WAV,Telephone Field,recover-20220922,001,1795
1230.5095,1230.5209,22031,26542,Nyctalus leisleri,0.012,0.022,-1,Echolocation,/mnt/ubna_data_02_mir/recover-20220922/UBNA_001/20220921_090000.WAV,Telephone Field,recover-20220922,001,1795
1230.5335,1230.5451,23750,29082,Nyctalus leisleri,0.012,0.027,-1,Echolocation,/mnt/ubna_data_02_mir/recover-20220922/UBNA_001/20220921_090000.WAV,Telephone Field,recover-20220922,001,1795
1230.5375,1230.5752,68437,82494,Rhinolophus ferrumequinum,0.022,0.022,-1,Echolocation,/mnt/ubna_data_02_mir/recover-20220922/UBNA_001/20220921_090000.WAV,Telephone Field,recover-20220922,001,1795
1230.5445,1230.5545,39218,44325,Pipistrellus nathusii,0.014,0.023,-1,Echolocation,/mnt/ubna_data_02_mir/recover-20220922/UBNA_001/20220921_090000.WAV,Telephone Field,recover-20220922,001,1795
1230.5635,1230.5741,23750,29865,Nyctalus leisleri,0.01,0.024,-1,Echolocation,/mnt/ubna_data_02_mir/recover-20220922/UBNA_001/20220921_090000.WAV,Telephone Field,recover-20220922,001,1795
1230.5705,1230.5777,42656,47570,Pipistrellus pipistrellus,0.019,0.022,-1,Echolocation,/mnt/ubna_data_02_mir/recover-20220922/UBNA_001/20220921_090000.WAV,Telephone Field,recover-20220922,001,1795
1230.5985,1230.6423,68437,83599,Rhinolophus ferrumequinum,0.043,0.043,-1,Echolocation,/mnt/ubna_data_02_mir/recover-20220922/UBNA_001/20220921_090000.WAV,Telephone Field,recover-20220922,001,1795
1230.6425,1230.6821,68437,82032,Rhinolophus ferrumequinum,0.024,0.024,-1,Echolocation,/mnt/ubna_data_02_mir/recover-20220922/UBNA_001/20220921_090000.WAV,Telephone Field,recover-20220922,001,1795
1230.6505,1230.6866,68437,81629,Rhinolophus ferrumequinum,0.024,0.024,-1,Echolocation,/mnt/ubna_data_02_mir/recover-20220922/UBNA_001/20220921_090000.WAV,Telephone Field,recover-20220922,001,1795
1230.6735,1230.6837,22890,29123,Nyctalus leisleri,0.011,0.028,-1,Echolocation,/mnt/ubna_data_02_mir/recover-20220922/UBNA_001/20220921_090000.WAV,Telephone Field,recover-20220922,001,1795
1230.7015,1230.7083,23750,33189,Plecotus austriacus,0.011,0.026,-1,Echolocation,/mnt/ubna_data_02_mir/recover-20220922/UBNA_001/20220921_090000.WAV,Telephone Field,recover-20220922,001,1795
1230.7125,1230.7497,68437,82239,Rhinolophus ferrumequinum,0.023,0.023,-1,Echolocation,/mnt/ubna_data_02_mir/recover-20220922/UBNA_001/20220921_090000.WAV,Telephone Field,recover-20220922,001,1795
1230.7305,1230.7711,68437,82443,Rhinolophus ferrumequinum,0.023,0.023,-1,Echolocation,/mnt/ubna_data_02_mir/recover-20220922/UBNA_001/20220921_090000.WAV,Telephone Field,recover-20220922,001,1795
1230.7575,1230.7968,68437,82272,Rhinolophus ferrumequinum,0.022,0.023,-1,Echolocation,/mnt/ubna_data_02_mir/recover-20220922/UBNA_001/20220921_090000.WAV,Telephone Field,recover-20220922,001,1795
1230.7815,1230.822,68437,82652,Rhinolophus ferrumequinum,0.024,0.024,-1,Echolocation,/mnt/ubna_data_02_mir/recover-20220922/UBNA_001/20220921_090000.WAV,Telephone Field,recover-20220922,001,1795
1230.8085,1230.8162,46093,50103,Pipistrellus pipistrellus,0.024,0.025,-1,Echolocation,/mnt/ubna_data_02_mir/recover-20220922/UBNA_001/20220921_090000.WAV,Telephone Field,recover-20220922,001,1795
1230.8305,1230.8711,68437,82365,Rhinolophus ferrumequinum,0.025,0.025,-1,Echolocation,/mnt/ubna_data_02_mir/recover-20220922/UBNA_001/20220921_090000.WAV,Telephone Field,recover-20220922,001,1795
1230.8875,1230.9246,68437,82404,Rhinolophus ferrumequinum,0.023,0.023,-1,Echolocation,/mnt/ubna_data_02_mir/recover-20220922/UBNA_001/20220921_090000.WAV,Telephone Field,recover-20220922,001,1795
1230.9415,1230.9496,22890,30700,Plecotus austriacus,0.01,0.022,-1,Echolocation,/mnt/ubna_data_02_mir/recover-20220922/UBNA_001/20220921_090000.WAV,Telephone Field,recover-20220922,001,1795
1230.9505,1230.9897,68437,82520,Rhinolophus ferrumequinum,0.027,0.027,-1,Echolocation,/mnt/ubna_data_02_mir/recover-20220922/UBNA_001/20220921_090000.WAV,Telephone Field,recover-20220922,001,1795
1230.9685,1230.9756,24609,33939,Plecotus austriacus,0.01,0.025,-1,Echolocation,/mnt/ubna_data_02_mir/recover-20220922/UBNA_001/20220921_090000.WAV,Telephone Field,recover-20220922,001,1795
1231.0515,1231.0902,68437,81852,Rhinolophus ferrumequinum,0.061,0.061,-1,Echolocation,/mnt/ubna_data_02_mir/recover-20220922/UBNA_001/20220921_090000.WAV,Telephone Field,recover-20220922,001,1795
1231.0705,1231.0785,28046,39585,Eptesicus serotinus,0.009,0.026,-1,Echolocation,/mnt/ubna_data_02_mir/recover-20220922/UBNA_001/20220921_090000.WAV,Telephone Field,recover-20220922,001,1795
1231.0935,1231.1301,68437,82143,Rhinolophus ferrumequinum,0.023,0.023,-1,Echolocation,/mnt/ubna_data_02_mir/recover-20220922/UBNA_001/20220921_090000.WAV,Telephone Field,recover-20220922,001,1795
1231.0965,1231.1071,22031,26918,Nyctalus leisleri,0.01,0.022,-1,Echolocation,/mnt/ubna_data_02_mir/recover-20220922/UBNA_001/20220921_090000.WAV,Telephone Field,recover-20220922,001,1795
1231.1185,1231.1594,68437,82456,Rhinolophus ferrumequinum,0.028,0.028,-1,Echolocation,/mnt/ubna_data_02_mir/recover-20220922/UBNA_001/20220921_090000.WAV,Telephone Field,recover-20220922,001,1795
1231.3065,1231.3147,28046,39631,Eptesicus serotinus,0.007,0.022,-1,Echolocation,/mnt/ubna_data_02_mir/recover-20220922/UBNA_001/20220921_090000.WAV,Telephone Field,recover-20220922,001,1795
1231.3085,1231.3472,68437,82611,Rhinolophus ferrumequinum,0.027,0.027,-1,Echolocation,/mnt/ubna_data_02_mir/recover-20220922/UBNA_001/20220921_090000.WAV,Telephone Field,recover-20220922,001,1795
1231.3585,1231.3715,14296,18324,Nyctalus noctula,0.044,0.07,-1,Echolocation,/mnt/ubna_data_02_mir/recover-20220922/UBNA_001/20220921_090000.WAV,Telephone Field,recover-20220922,001,1795
1231.3715,1231.379,27187,38519,Eptesicus serotinus,0.006,0.022,-1,Echolocation,/mnt/ubna_data_02_mir/recover-20220922/UBNA_001/20220921_090000.WAV,Telephone Field,recover-20220922,001,1795
1231.3955,1231.4339,68437,82864,Rhinolophus ferrumequinum,0.034,0.034,-1,Echolocation,/mnt/ubna_data_02_mir/recover-20220922/UBNA_001/20220921_090000.WAV,Telephone Field,recover-20220922,001,1795
1231.4115,1231.4197,30625,41413,Myotis daubentonii,0.009,0.023,-1,Echolocation,/mnt/ubna_data_02_mir/recover-20220922/UBNA_001/20220921_090000.WAV,Telephone Field,recover-20220922,001,1795
1231.5055,1231.5438,68437,81903,Rhinolophus ferrumequinum,0.023,0.023,-1,Echolocation,/mnt/ubna_data_02_mir/recover-20220922/UBNA_001/20220921_090000.WAV,Telephone Field,recover-20220922,001,1795
1231.5275,1231.5365,28046,40032,Eptesicus serotinus,0.009,0.023,-1,Echolocation,/mnt/ubna_data_02_mir/recover-20220922/UBNA_001/20220921_090000.WAV,Telephone Field,recover-20220922,001,1795
1231.5335,1231.5732,68437,82076,Rhinolophus ferrumequinum,0.023,0.023,-1,Echolocation,/mnt/ubna_data_02_mir/recover-20220922/UBNA_001/20220921_090000.WAV,Telephone Field,recover-20220922,001,1795
1231.5415,1231.5795,68437,82247,Rhinolophus ferrumequinum,0.025,0.025,-1,Echolocation,/mnt/ubna_data_02_mir/recover-20220922/UBNA_001/20220921_090000.WAV,Telephone Field,recover-20220922,001,1795
1231.5725,1231.6114,68437,82388,Rhinolophus ferrumequinum,0.022,0.022,-1,Echolocation,/mnt/ubna_data_02_mir/recover-20220922/UBNA_001/20220921_090000.WAV,Telephone Field,recover-20220922,001,1795
1231.6105,1231.6198,28906,37255,Eptesicus serotinus,0.012,0.026,-1,Echolocation,/mnt/ubna_data_02_mir/recover-20220922/UBNA_001/20220921_090000.WAV,Telephone Field,recover-20220922,001,1795
1231.6235,1231.6609,68437,81916,Rhinolophus ferrumequinum,0.025,0.025,-1,Echolocation,/mnt/ubna_data_02_mir/recover-20220922/UBNA_001/20220921_090000.WAV,Telephone Field,recover-20220922,001,1795
1231.6555,1231.6672,22031,25951,Nyctalus leisleri,0.012,0.022,-1,Echolocation,/mnt/ubna_data_02_mir/recover-20220922/UBNA_001/20220921_090000.WAV,Telephone Field,recover-20220922,001,1795
1231.6575,1231.7008,68437,83370,Rhinolophus ferrumequinum,0.053,0.053,-1,Echolocation,/mnt/ubna_data_02_mir/recover-20220922/UBNA_001/20220921_090000.WAV,Telephone Field,recover-20220922,001,1795
1231.7265,1231.7666,68437,83041,Rhinolophus ferrumequinum,0.031,0.031,-1,Echolocation,/mnt/ubna_data_02_mir/recover-20220922/UBNA_001/20220921_090000.WAV,Telephone Field,recover-20220922,001,1795
1231.7525,1231.7898,68437,81759,Rhinolophus ferrumequinum,0.022,0.022,-1,Echolocation,/mnt/ubna_data_02_mir/recover-20220922/UBNA_001/20220921_090000.WAV,Telephone Field,recover-20220922,001,1795
1231.7525,1231.7635,22031,25813,Nyctalus leisleri,0.014,0.024,-1,Echolocation,/mnt/ubna_data_02_mir/recover-20220922/UBNA_001/20220921_090000.WAV,Telephone Field,recover-20220922,001,1795
1231.7665,1231.8085,68437,82769,Rhinolophus ferrumequinum,0.023,0.023,-1,Echolocation,/mnt/ubna_data_02_mir/recover-20220922/UBNA_001/20220921_090000.WAV,Telephone Field,recover-20220922,001,1795
1231.7975,1231.8359,68437,81234,Rhinolophus ferrumequinum,0.023,0.023,-1,Echolocation,/mnt/ubna_data_02_mir/recover-20220922/UBNA_001/20220921_090000.WAV,Telephone Field,recover-20220922,001,1795
1231.8155,1231.8529,68437,81980,Rhinolophus ferrumequinum,0.025,0.025,-1,Echolocation,/mnt/ubna_data_02_mir/recover-20220922/UBNA_001/20220921_090000.WAV,Telephone Field,recover-20220922,001,1795
1231.8255,1231.8642,68437,82034,Rhinolophus ferrumequinum,0.022,0.022,-1,Echolocation,/mnt/ubna_data_02_mir/recover-20220922/UBNA_001/20220921_090000.WAV,Telephone Field,recover-20220922,001,1795
1231.8285,1231.8382,27187,35541,Eptesicus serotinus,0.011,0.027,-1,Echolocation,/mnt/ubna_data_02_mir/recover-20220922/UBNA_001/20220921_090000.WAV,Telephone Field,recover-20220922,001,1795
1231.8535,1231.8932,68437,82143,Rhinolophus ferrumequinum,0.022,0.022,-1,Echolocation,/mnt/ubna_data_02_mir/recover-20220922/UBNA_001/20220921_090000.WAV,Telephone Field,recover-20220922,001,1795
1231.8635,1231.8755,23750,29204,Nyctalus leisleri,0.019,0.038,-1,Echolocation,/mnt/ubna_data_02_mir/recover-20220922/UBNA_001/20220921_090000.WAV,Telephone Field,recover-20220922,001,1795
1231.8635,1231.9045,68437,82630,Rhinolophus ferrumequinum,0.028,0.028,-1,Echolocation,/mnt/ubna_data_02_mir/recover-20220922/UBNA_001/20220921_090000.WAV,Telephone Field,recover-20220922,001,1795
1231.9255,1231.9316,48671,53945,Pipistrellus pipistrellus,0.02,0.022,-1,Echolocation,/mnt/ubna_data_02_mir/recover-20220922/UBNA_001/20220921_090000.WAV,Telephone Field,recover-20220922,001,1795
1231.9265,1231.9623,68437,82395,Rhinolophus ferrumequinum,0.027,0.027,-1,Echolocation,/mnt/ubna_data_02_mir/recover-20220922/UBNA_001/20220921_090000.WAV,Telephone Field,recover-20220922,001,1795
1231.9335,1231.9445,28046,35389,Eptesicus serotinus,0.013,0.025,-1,Echolocation,/mnt/ubna_data_02_mir/recover-20220922/UBNA_001/20220921_090000.WAV,Telephone Field,recover-20220922,001,1795
1231.9495,1231.9885,68437,82546,Rhinolophus ferrumequinum,0.022,0.022,-1,Echolocation,/mnt/ubna_data_02_mir/recover-20220922/UBNA_001/20220921_090000.WAV,Telephone Field,recover-20220922,001,1795
1231.9715,1231.9802,26328,36033,Eptesicus serotinus,0.008,0.025,-1,Echolocation,/mnt/ubna_data_02_mir/recover-20220922/UBNA_001/20220921_090000.WAV,Telephone Field,recover-20220922,001,1795
1231.9815,1231.9894,27187,37526,Eptesicus serotinus,0.008,0.025,-1,Echolocation,/mnt/ubna_data_02_mir/recover-20220922/UBNA_001/20220921_090000.WAV,Telephone Field,recover-20220922,001,1795
1231.9865,1231.998,53828,59092,Pipistrellus pygmaeus,0.022,0.024,-1,Echolocation,/mnt/ubna_data_02_mir/recover-20220922/UBNA_001/20220921_090000.WAV,Telephone Field,recover-20220922,001,1795
1232.0015,1232.0322,69296,81533,Rhinolophus ferrumequinum,0.023,0.023,-1,Echolocation,/mnt/ubna_data_02_mir/recover-20220922/UBNA_001/20220921_090000.WAV,Telephone Field,recover-20220922,001,1795
1232.0015,1232.0095,46953,53759,Pipistrellus pipistrellus,0.017,0.023,-1,Echolocation,/mnt/ubna_data_02_mir/recover-20220922/UBNA_001/20220921_090000.WAV,Telephone Field,recover-20220922,001,1795
1232.0015,1232.0103,22890,29429,Nyctalus leisleri,0.012,0.036,-1,Echolocation,/mnt/ubna_data_02_mir/recover-20220922/UBNA_001/20220921_090000.WAV,Telephone Field,recover-20220922,001,1795
1232.0605,1232.072,23750,29271,Nyctalus leisleri,0.012,0.028,-1,Echolocation,/mnt/ubna_data_02_mir/recover-20220922/UBNA_001/20220921_090000.WAV,Telephone Field,recover-20220922,001,1795
1232.0635,1232.1016,68437,81595,Rhinolophus ferrumequinum,0.021,0.021,-1,Echolocation,/mnt/ubna_data_02_mir/recover-20220922/UBNA_001/20220921_090000.WAV,Telephone Field,recover-20220922,001,1795
1232.1035,1232.1444,68437,82697,Rhinolophus ferrumequinum,0.022,0.022,-1,Echolocation,/mnt/ubna_data_02_mir/recover-20220922/UBNA_001/20220921_090000.WAV,Telephone Field,recover-20220922,001,1795
1232.1215,1232.1326,28906,35672,Eptesicus serotinus,0.011,0.023,-1,Echolocation,/mnt/ubna_data_02_mir/recover-20220922/UBNA_001/20220921_090000.WAV,Telephone Field,recover-20220922,001,1795
1232.1295,1232.1686,68437,82964,Rhinolophus ferrumequinum,0.03,0.03,-1,Echolocation,/mnt/ubna_data_02_mir/recover-20220922/UBNA_001/20220921_090000.WAV,Telephone Field,recover-20220922,001,1795
1232.1485,1232.1884,68437,81233,Rhinolophus ferrumequinum,0.023,0.023,-1,Echolocation,/mnt/ubna_data_02_mir/recover-20220922/UBNA_001/20220921_090000.WAV,Telephone Field,recover-20220922,001,1795
1232.1555,1232.1636,28906,36849,Eptesicus serotinus,0.009,0.023,-1,Echolocation,/mnt/ubna_data_02_mir/recover-20220922/UBNA_001/20220921_090000.WAV,Telephone Field,recover-20220922,001,1795
1232.2345,1232.2776,68437,83285,Rhinolophus ferrumequinum,0.025,0.025,-1,Echolocation,/mnt/ubna_data_02_mir/recover-20220922/UBNA_001/20220921_090000.WAV,Telephone Field,recover-20220922,001,1795
1232.2785,1232.3179,68437,82147,Rhinolophus ferrumequinum,0.023,0.023,-1,Echolocation,/mnt/ubna_data_02_mir/recover-20220922/UBNA_001/20220921_090000.WAV,Telephone Field,recover-20220922,001,1795
1232.2895,1232.3292,68437,82641,Rhinolophus ferrumequinum,0.023,0.023,-1,Echolocation,/mnt/ubna_data_02_mir/recover-20220922/UBNA_001/20220921_090000.WAV,Telephone Field,recover-20220922,001,1795
1232.3345,1232.3491,22890,27449,Nyctalus leisleri,0.014,0.025,-1,Echolocation,/mnt/ubna_data_02_mir/recover-20220922/UBNA_001/20220921_090000.WAV,Telephone Field,recover-20220922,001,1795
1232.3755,1232.4125,68437,81988,Rhinolophus ferrumequinum,0.022,0.022,-1,Echolocation,/mnt/ubna_data_02_mir/recover-20220922/UBNA_001/20220921_090000.WAV,Telephone Field,recover-20220922,001,1795
1232.3815,1232.3894,45234,49865,Pipistrellus pipistrellus,0.022,0.023,-1,Echolocation,/mnt/ubna_data_02_mir/recover-20220922/UBNA_001/20220921_090000.WAV,Telephone Field,recover-20220922,001,1795
1232.3985,1232.4381,68437,82180,Rhinolophus ferrumequinum,0.022,0.022,-1,Echolocation,/mnt/ubna_data_02_mir/recover-20220922/UBNA_001/20220921_090000.WAV,Telephone Field,recover-20220922,001,1795
1232.4035,1232.4111,28046,39779,Eptesicus serotinus,0.007,0.022,-1,Echolocation,/mnt/ubna_data_02_mir/recover-20220922/UBNA_001/20220921_090000.WAV,Telephone Field,recover-20220922,001,1795
1232.4275,1232.4447,19453,23316,Nyctalus leisleri,0.009,0.022,-1,Echolocation,/mnt/ubna_data_02_mir/recover-20220922/UBNA_001/20220921_090000.WAV,Telephone Field,recover-20220922,001,1795
1232.4415,1232.48,68437,82351,Rhinolophus ferrumequinum,0.023,0.023,-1,Echolocation,/mnt/ubna_data_02_mir/recover-20220922/UBNA_001/20220921_090000.WAV,Telephone Field,recover-20220922,001,1795
1232.4565,1232.465,27187,36070,Eptesicus serotinus,0.011,0.026,-1,Echolocation,/mnt/ubna_data_02_mir/recover-20220922/UBNA_001/20220921_090000.WAV,Telephone Field,recover-20220922,001,1795
1232.4635,1232.5075,68437,83110,Rhinolophus ferrumequinum,0.028,0.028,-1,Echolocation,/mnt/ubna_data_02_mir/recover-20220922/UBNA_001/20220921_090000.WAV,Telephone Field,recover-20220922,001,1795
1232.4725,1232.5149,68437,83541,Rhinolophus ferrumequinum,0.033,0.033,-1,Echolocation,/mnt/ubna_data_02_mir/recover-20220922/UBNA_001/20220921_090000.WAV,Telephone Field,recover-20220922,001,1795
1232.4795,1232.4913,51250,57017,Pipistrellus pipistrellus,0.02,0.026,-1,Echolocation,/mnt/ubna_data_02_mir/recover-20220922/UBNA_001/20220921_090000.WAV,Telephone Field,recover-20220922,001,1795
1232.5015,1232.5437,68437,82600,Rhinolophus ferrumequinum,0.024,0.024,-1,Echolocation,/mnt/ubna_data_02_mir/recover-20220922/UBNA_001/20220921_090000.WAV,Telephone Field,recover-20220922,001,1795
1232.5235,1232.5638,68437,82374,Rhinolophus ferrumequinum,0.023,0.023,-1,Echolocation,/mnt/ubna_data_02_mir/recover-20220922/UBNA_001/20220921_090000.WAV,Telephone Field,recover-20220922,001,1795
1232.5425,1232.5794,68437,81884,Rhinolophus ferrumequinum,0.021,0.022,-1,Echolocation,/mnt/ubna_data_02_mir/recover-20220922/UBNA_001/20220921_090000.WAV,Telephone Field,recover-20220922,001,1795
1232.5485,1232.5587,28906,34962,Eptesicus serotinus,0.008,0.022,-1,Echolocation,/mnt/ubna_data_02_mir/recover-20220922/UBNA_001/20220921_090000.WAV,Telephone Field,recover-20220922,001,1795
1232.5665,1232.5738,28046,39524,Eptesicus serotinus,0.007,0.022,-1,Echolocation,/mnt/ubna_data_02_mir/recover-20220922/UBNA_001/20220921_090000.WAV,Telephone Field,recover-20220922,001,1795
1232.5675,1232.5775,22890,29392,Nyctalus leisleri,0.008,0.022,-1,Echolocation,/mnt/ubna_data_02_mir/recover-20220922/UBNA_001/20220921_090000.WAV,Telephone Field,recover-20220922,001,1795
1232.5755,1232.613,68437,81333,Rhinolophus ferrumequinum,0.023,0.023,-1,Echolocation,/mnt/ubna_data_02_mir/recover-20220922/UBNA_001/20220921_090000.WAV,Telephone Field,recover-20220922,001,1795
1232.6135,1232.6582,68437,82856,Rhinolophus ferrumequinum,0.05,0.05,-1,Echolocation,/mnt/ubna_data_02_mir/recover-20220922/UBNA_001/20220921_090000.WAV,Telephone Field,recover-20220922,001,1795
1232.6555,1232.6948,68437,82049,Rhinolophus ferrumequinum,0.022,0.022,-1,Echolocation,/mnt/ubna_data_02_mir/recover-20220922/UBNA_001/20220921_090000.WAV,Telephone Field,recover-20220922,001,1795
1232.6675,1232.6762,26328,34542,Eptesicus serotinus,0.008,0.023,-1,Echolocation,/mnt/ubna_data_02_mir/recover-20220922/UBNA_001/20220921_090000.WAV,Telephone Field,recover-20220922,001,1795
1232.6995,1232.7394,68437,82479,Rhinolophus ferrumequinum,0.025,0.025,-1,Echolocation,/mnt/ubna_data_02_mir/recover-20220922/UBNA_001/20220921_090000.WAV,Telephone Field,recover-20220922,001,1795
1232.7325,1232.7701,68437,81827,Rhinolophus ferrumequinum,0.021,0.022,-1,Echolocation,/mnt/ubna_data_02_mir/recover-20220922/UBNA_001/20220921_090000.WAV,Telephone Field,recover-20220922,001,1795
1232.7785,1232.819,68437,82670,Rhinolophus ferrumequinum,0.025,0.025,-1,Echolocation,/mnt/ubna_data_02_mir/recover-20220922/UBNA_001/20220921_090000.WAV,Telephone Field,recover-20220922,001,1795
1232.8055,1232.8446,68437,82050,Rhinolophus ferrumequinum,0.026,0.026,-1,Echolocation,/mnt/ubna_data_02_mir/recover-20220922/UBNA_001/20220921_090000.WAV,Telephone Field,recover-20220922,001,1795
1232.8075,1232.8146,28046,40107,Eptesicus serotinus,0.006,0.025,-1,Echolocation,/mnt/ubna_data_02_mir/recover-20220922/UBNA_001/20220921_090000.WAV,Telephone Field,recover-20220922,001,1795
1232.8345,1232.8756,68437,82708,Rhinolophus ferrumequinum,0.024,0.024,-1,Echolocation,/mnt/ubna_data_02_mir/recover-20220922/UBNA_001/20220921_090000.WAV,Telephone Field,recover-20220922,001,1795
1232.8855,1232.9224,68437,81051,Rhinolophus ferrumequinum,0.024,0.024,-1,Echolocation,/mnt/ubna_data_02_mir/recover-20220922/UBNA_001/20220921_090000.WAV,Telephone Field,recover-20220922,001,1795
1232.9375,1232.9779,68437,82962,Rhinolophus ferrumequinum,0.026,0.026,-1,Echolocation,/mnt/ubna_data_02_mir/recover-20220922/UBNA_001/20220921_090000.WAV,Telephone Field,recover-20220922,001,1795
1232.9675,1233.0067,68437,82053,Rhinolophus ferrumequinum,0.022,0.022,-1,Echolocation,/mnt/ubna_data_02_mir/recover-20220922/UBNA_001/20220921_090000.WAV,Telephone Field,recover-20220922,001,1795
1232.9735,1232.9837,46953,52306,Pipistrellus pipistrellus,0.026,0.028,-1,Echolocation,/mnt/ubna_data_02_mir/recover-20220922/UBNA_001/20220921_090000.WAV,Telephone Field,recover-20220922,001,1795
1232.9795,1232.988,27187,36125,Eptesicus serotinus,0.01,0.026,-1,Echolocation,/mnt/ubna_data_02_mir/recover-20220922/UBNA_001/20220921_090000.WAV,Telephone Field,recover-20220922,001,1795
1233.0015,1233.0165,21171,24713,Nyctalus leisleri,0.013,0.022,-1,Echolocation,/mnt/ubna_data_02_mir/recover-20220922/UBNA_001/20220921_090000.WAV,Telephone Field,recover-20220922,001,1795
1233.0155,1233.057,68437,83075,Rhinolophus ferrumequinum,0.023,0.023,-1,Echolocation,/mnt/ubna_data_02_mir/recover-20220922/UBNA_001/20220921_090000.WAV,Telephone Field,recover-20220922,001,1795
1233.0215,1233.0626,68437,82658,Rhinolophus ferrumequinum,0.023,0.023,-1,Echolocation,/mnt/ubna_data_02_mir/recover-20220922/UBNA_001/20220921_090000.WAV,Telephone Field,recover-20220922,001,1795
1233.0375,1233.0753,68437,81386,Rhinolophus ferrumequinum,0.024,0.024,-1,Echolocation,/mnt/ubna_data_02_mir/recover-20220922/UBNA_001/20220921_090000.WAV,Telephone Field,recover-20220922,001,1795
1233.0665,1233.105,68437,81995,Rhinolophus ferrumequinum,0.037,0.037,-1,Echolocation,/mnt/ubna_data_02_mir/recover-20220922/UBNA_001/20220921_090000.WAV,Telephone Field,recover-20220922,001,1795
1233.0795,1233.1228,68437,82965,Rhinolophus ferrumequinum,0.025,0.025,-1,Echolocation,/mnt/ubna_data_02_mir/recover-20220922/UBNA_001/20220921_090000.WAV,Telephone Field,recover-20220922,001,1795
1233.0915,1233.0984,28046,39439,Eptesicus serotinus,0.006,0.023,-1,Echolocation,/mnt/ubna_data_02_mir/recover-20220922/UBNA_001/20220921_090000.WAV,Telephone Field,recover-20220922,001,1795
1233.1315,1233.1715,68437,81869,Rhinolophus ferrumequinum,0.03,0.03,-1,Echolocation,/mnt/ubna_data_02_mir/recover-20220922/UBNA_001/20220921_090000.WAV,Telephone Field,recover-20220922,001,1795
1233.1495,1233.1917,68437,82395,Rhinolophus ferrumequinum,0.024,0.024,-1,Echolocation,/mnt/ubna_data_02_mir/recover-20220922/UBNA_001/20220921_090000.WAV,Telephone Field,recover-20220922,001,1795
1233.1585,1233.168,28046,37473,Eptesicus serotinus,0.009,0.023,-1,Echolocation,/mnt/ubna_data_02_mir/recover-20220922/UBNA_001/20220921_090000.WAV,Telephone Field,recover-20220922,001,1795
1233.1745,1233.2166,68437,82512,Rhinolophus ferrumequinum,0.022,0.022,-1,Echolocation,/mnt/ubna_data_02_mir/recover-20220922/UBNA_001/20220921_090000.WAV,Telephone Field,recover-20220922,001,1795
1233.2205,1233.2584,68437,82156,Rhinolophus ferrumequinum,0.022,0.022,-1,Echolocation,/mnt/ubna_data_02_mir/recover-20220922/UBNA_001/20220921_090000.WAV,Telephone Field,recover-20220922,001,1795
1233.2815,1233.3207,68437,82053,Rhinolophus ferrumequinum,0.022,0.022,-1,Echolocation,/mnt/ubna_data_02_mir/recover-20220922/UBNA_001/20220921_090000.WAV,Telephone Field,recover-20220922,001,1795
1233.3095,1233.3543,68437,83686,Rhinolophus ferrumequinum,0.04,0.04,-1,Echolocation,/mnt/ubna_data_02_mir/recover-20220922/UBNA_001/20220921_090000.WAV,Telephone Field,recover-20220922,001,1795
1233.3305,1233.37,68437,81862,Rhinolophus ferrumequinum,0.023,0.023,-1,Echolocation,/mnt/ubna_data_02_mir/recover-20220922/UBNA_001/20220921_090000.WAV,Telephone Field,recover-20220922,001,1795
1233.3955,1233.4329,68437,81232,Rhinolophus ferrumequinum,0.023,0.023,-1,Echolocation,/mnt/ubna_data_02_mir/recover-20220922/UBNA_001/20220921_090000.WAV,Telephone Field,recover-20220922,001,1795
1233.4175,1233.4545,68437,82188,Rhinolophus ferrumequinum,0.027,0.027,-1,Echolocation,/mnt/ubna_data_02_mir/recover-20220922/UBNA_001/20220921_090000.WAV,Telephone Field,recover-20220922,001,1795
1233.4235,1233.4401,51250,54813,Pipistrellus pygmaeus,0.035,0.065,-1,Echolocation,/mnt/ubna_data_02_mir/recover-20220922/UBNA_001/20220921_090000.WAV,Telephone Field,recover-20220922,001,1795
1233.4755,1233.5173,68437,82765,Rhinolophus ferrumequinum,0.023,0.023,-1,Echolocation,/mnt/ubna_data_02_mir/recover-20220922/UBNA_001/20220921_090000.WAV,Telephone Field,recover-20220922,001,1795
1233.4905,1233.501,22031,26491,Nyctalus leisleri,0.011,0.022,-1,Echolocation,/mnt/ubna_data_02_mir/recover-20220922/UBNA_001/20220921_090000.WAV,Telephone Field,recover-20220922,001,1795
1233.5225,1233.5646,68437,82720,Rhinolophus ferrumequinum,0.023,0.023,-1,Echolocation,/mnt/ubna_data_02_mir/recover-20220922/UBNA_001/20220921_090000.WAV,Telephone Field,recover-20220922,001,1795
1233.5425,1233.5535,27187,35099,Eptesicus serotinus,0.012,0.026,-1,Echolocation,/mnt/ubna_data_02_mir/recover-20220922/UBNA_001/20220921_090000.WAV,Telephone Field,recover-20220922,001,1795
1233.5625,1233.6033,68437,81823,Rhinolophus ferrumequinum,0.026,0.026,-1,Echolocation,/mnt/ubna_data_02_mir/recover-20220922/UBNA_001/20220921_090000.WAV,Telephone Field,recover-20220922,001,1795
1233.6035,1233.6395,68437,81587,Rhinolophus ferrumequinum,0.021,0.021,-1,Echolocation,/mnt/ubna_data_02_mir/recover-20220922/UBNA_001/20220921_090000.WAV,Telephone Field,recover-20220922,001,1795
1233.6115,1233.6509,68437,81881,Rhinolophus ferrumequinum,0.022,0.022,-1,Echolocation,/mnt/ubna_data_02_mir/recover-20220922/UBNA_001/20220921_090000.WAV,Telephone Field,recover-20220922,001,1795
1233.6235,1233.6331,23750,30198,Nyctalus leisleri,0.008,0.021,-1,Echolocation,/mnt/ubna_data_02_mir/recover-20220922/UBNA_001/20220921_090000.WAV,Telephone Field,recover-20220922,001,1795
1233.6555,1233.6944,68437,82542,Rhinolophus ferrumequinum,0.026,0.026,-1,Echolocation,/mnt/ubna_data_02_mir/recover-20220922/UBNA_001/20220921_090000.WAV,Telephone Field,recover-20220922,001,1795
1233.6745,1233.7158,68437,82450,Rhinolophus ferrumequinum,0.021,0.022,-1,Echolocation,/mnt/ubna_data_02_mir/recover-20220922/UBNA_001/20220921_090000.WAV,Telephone Field,recover-20220922,001,1795
1233.6915,1233.7,28046,39788,Eptesicus serotinus,0.009,0.024,-1,Echolocation,/mnt/ubna_data_02_mir/recover-20220922/UBNA_001/20220921_090000.WAV,Telephone Field,recover-20220922,001,1795
1233.7485,1233.7562,28046,36508,Eptesicus serotinus,0.015,0.035,-1,Echolocation,/mnt/ubna_data_02_mir/recover-20220922/UBNA_001/20220921_090000.WAV,Telephone Field,recover-20220922,001,1795
1233.7645,1233.803,68437,81997,Rhinolophus ferrumequinum,0.022,0.022,-1,Echolocation,/mnt/ubna_data_02_mir/recover-20220922/UBNA_001/20220921_090000.WAV,Telephone Field,recover-20220922,001,1795
1233.7765,1233.7855,28906,38007,Eptesicus serotinus,0.008,0.023,-1,Echolocation,/mnt/ubna_data_02_mir/recover-20220922/UBNA_001/20220921_090000.WAV,Telephone Field,recover-20220922,001,1795
1233.7975,1233.8382,68437,83113,Rhinolophus ferrumequinum,0.025,0.025,-1,Echolocation,/mnt/ubna_data_02_mir/recover-20220922/UBNA_001/20220921_090000.WAV,Telephone Field,recover-20220922,001,1795
1233.7995,1233.8103,27187,37419,Eptesicus serotinus,0.013,0.026,-1,Echolocation,/mnt/ubna_data_02_mir/recover-20220922/UBNA_001/20220921_090000.WAV,Telephone Field,recover-20220922,001,1795
1233.8465,1233.8539,28046,40294,Eptesicus serotinus,0.006,0.021,-1,Echolocation,/mnt/ubna_data_02_mir/recover-20220922/UBNA_001/20220921_090000.WAV,Telephone Field,recover-20220922,001,1795
1233.8525,1233.892,68437,82619,Rhinolophus ferrumequinum,0.026,0.026,-1,Echolocation,/mnt/ubna_data_02_mir/recover-20220922/UBNA_001/20220921_090000.WAV,Telephone Field,recover-20220922,001,1795
1233.9035,1233.9482,68437,83633,Rhinolophus ferrumequinum,0.032,0.032,-1,Echolocation,/mnt/ubna_data_02_mir/recover-20220922/UBNA_001/20220921_090000.WAV,Telephone Field,recover-20220922,001,1795
1233.9065,1233.9134,24609,37280,Plecotus austriacus,0.009,0.027,-1,Echolocation,/mnt/ubna_data_02_mir/recover-20220922/UBNA_001/20220921_090000.WAV,Telephone Field,recover-20220922,001,1795
1233.9365,1233.948,23750,29749,Nyctalus leisleri,0.018,0.041,-1,Echolocation,/mnt/ubna_data_02_mir/recover-20220922/UBNA_001/20220921_090000.WAV,Telephone Field,recover-20220922,001,1795
1233.9475,1233.9606,37500,41553,Pipistrellus nathusii,0.012,0.031,-1,Echolocation,/mnt/ubna_data_02_mir/recover-20220922/UBNA_001/20220921_090000.WAV,Telephone Field,recover-20220922,001,1795
1234.0015,1234.0104,48671,56352,Pipistrellus pipistrellus,0.018,0.024,-1,Echolocation,/mnt/ubna_data_02_mir/recover-20220922/UBNA_001/20220921_090000.WAV,Telephone Field,recover-20220922,001,1795
1234.0015,1234.0346,69296,81665,Rhinolophus ferrumequinum,0.032,0.032,-1,Echolocation,/mnt/ubna_data_02_mir/recover-20220922/UBNA_001/20220921_090000.WAV,Telephone Field,recover-20220922,001,1795
1234.0015,1234.0147,18593,23508,Nyctalus noctula,0.01,0.026,-1,Echolocation,/mnt/ubna_data_02_mir/recover-20220922/UBNA_001/20220921_090000.WAV,Telephone Field,recover-20220922,001,1795
1234.0015,1234.0105,22890,29245,Nyctalus leisleri,0.012,0.028,-1,Echolocation,/mnt/ubna_data_02_mir/recover-20220922/UBNA_001/20220921_090000.WAV,Telephone Field,recover-20220922,001,1795
1234.0015,1234.0134,54687,61472,Pipistrellus pygmaeus,0.019,0.021,-1,Echolocation,/mnt/ubna_data_02_mir/recover-20220922/UBNA_001/20220921_090000.WAV,Telephone Field,recover-20220922,001,1795
1234.0095,1234.0524,68437,82792,Rhinolophus ferrumequinum,0.027,0.027,-1,Echolocation,/mnt/ubna_data_02_mir/recover-20220922/UBNA_001/20220921_090000.WAV,Telephone Field,recover-20220922,001,1795
1234.0225,1234.0637,68437,82920,Rhinolophus ferrumequinum,0.022,0.022,-1,Echolocation,/mnt/ubna_data_02_mir/recover-20220922/UBNA_001/20220921_090000.WAV,Telephone Field,recover-20220922,001,1795
1234.0485,1234.0567,28046,38287,Eptesicus serotinus,0.007,0.021,-1,Echolocation,/mnt/ubna_data_02_mir/recover-20220922/UBNA_001/20220921_090000.WAV,Telephone Field,recover-20220922,001,1795
1234.0545,1234.0991,68437,84006,Rhinolophus ferrumequinum,0.049,0.049,-1,Echolocation,/mnt/ubna_data_02_mir/recover-20220922/UBNA_001/20220921_090000.WAV,Telephone Field,recover-20220922,001,1795
1234.0855,1234.0941,23750,31432,Plecotus austriacus,0.009,0.024,-1,Echolocation,/mnt/ubna_data_02_mir/recover-20220922/UBNA_001/20220921_090000.WAV,Telephone Field,recover-20220922,001,1795
1234.1045,1234.1436,68437,81849,Rhinolophus ferrumequinum,0.025,0.025,-1,Echolocation,/mnt/ubna_data_02_mir/recover-20220922/UBNA_001/20220921_090000.WAV,Telephone Field,recover-20220922,001,1795
1234.1085,1234.1146,27187,43362,Eptesicus serotinus,0.006,0.027,-1,Echolocation,/mnt/ubna_data_02_mir/recover-20220922/UBNA_001/20220921_090000.WAV,Telephone Field,recover-20220922,001,1795
1234.1875,1234.2257,68437,81975,Rhinolophus ferrumequinum,0.022,0.022,-1,Echolocation,/mnt/ubna_data_02_mir/recover-20220922/UBNA_001/20220921_090000.WAV,Telephone Field,recover-20220922,001,1795
1234.2145,1234.2532,68437,81680,Rhinolophus ferrumequinum,0.021,0.021,-1,Echolocation,/mnt/ubna_data_02_mir/recover-20220922/UBNA_001/20220921_090000.WAV,Telephone Field,recover-20220922,001,1795
1234.2225,1234.2612,68437,82532,Rhinolophus ferrumequinum,0.022,0.022,-1,Echolocation,/mnt/ubna_data_02_mir/recover-20220922/UBNA_001/20220921_090000.WAV,Telephone Field,recover-20220922,001,1795
1234.2345,1234.2721,68437,81860,Rhinolophus ferrumequinum,0.022,0.022,-1,Echolocation,/mnt/ubna_data_02_mir/recover-20220922/UBNA_001/20220921_090000.WAV,Telephone Field,recover-20220922,001,1795
1234.2755,1234.3179,68437,82864,Rhinolophus ferrumequinum,0.023,0.023,-1,Echolocation,/mnt/ubna_data_02_mir/recover-20220922/UBNA_001/20220921_090000.WAV,Telephone Field,recover-20220922,001,1795
1234.3285,1234.3749,68437,83431,Rhinolophus ferrumequinum,0.047,0.047,-1,Echolocation,/mnt/ubna_data_02_mir/recover-20220922/UBNA_001/20220921_090000.WAV,Telephone Field,recover-20220922,001,1795
1234.3285,1234.3425,44375,48214,Pipistrellus pipistrellus,0.054,0.061,-1,Echolocation,/mnt/ubna_data_02_mir/recover-20220922/UBNA_001/20220921_090000.WAV,Telephone Field,recover-20220922,001,1795
1234.3305,1234.341,23750,29977,Nyctalus leisleri,0.008,0.021,-1,Echolocation,/mnt/ubna_data_02_mir/recover-20220922/UBNA_001/20220921_090000.WAV,Telephone Field,recover-20220922,001,1795
1234.3425,1234.353,23750,30111,Nyctalus leisleri,0.008,0.022,-1,Echolocation,/mnt/ubna_data_02_mir/recover-20220922/UBNA_001/20220921_090000.WAV,Telephone Field,recover-20220922,001,1795
1234.3515,1234.363,25468,31712,Eptesicus serotinus,0.011,0.025,-1,Echolocation,/mnt/ubna_data_02_mir/recover-20220922/UBNA_001/20220921_090000.WAV,Telephone Field,recover-20220922,001,1795
1234.3685,1234.4098,68437,82722,Rhinolophus ferrumequinum,0.029,0.029,-1,Echolocation,/mnt/ubna_data_02_mir/recover-20220922/UBNA_001/20220921_090000.WAV,Telephone Field,recover-20220922,001,1795
1234.3915,1234.4319,68437,82298,Rhinolophus ferrumequinum,0.023,0.023,-1,Echolocation,/mnt/ubna_data_02_mir/recover-20220922/UBNA_001/20220921_090000.WAV,Telephone Field,recover-20220922,001,1795
1234.4145,1234.4248,25468,32576,Eptesicus serotinus,0.01,0.029,-1,Echolocation,/mnt/ubna_data_02_mir/recover-20220922/UBNA_001/20220921_090000.WAV,Telephone Field,recover-20220922,001,1795
1234.4285,1234.4398,27187,34416,Eptesicus serotinus,0.013,0.024,-1,Echolocation,/mnt/ubna_data_02_mir/recover-20220922/UBNA_001/20220921_090000.WAV,Telephone Field,recover-20220922,001,1795
1234.4595,1234.4696,28906,36524,Eptesicus serotinus,0.009,0.024,-1,Echolocation,/mnt/ubna_data_02_mir/recover-20220922/UBNA_001/20220921_090000.WAV,Telephone Field,recover-20220922,001,1795
1234.4615,1234.4954,68437,81303,Rhinolophus ferrumequinum,0.022,0.022,-1,Echolocation,/mnt/ubna_data_02_mir/recover-20220922/UBNA_001/20220921_090000.WAV,Telephone Field,recover-20220922,001,1795
1234.4965,1234.5043,26328,34908,Eptesicus serotinus,0.008,0.024,-1,Echolocation,/mnt/ubna_data_02_mir/recover-20220922/UBNA_001/20220921_090000.WAV,Telephone Field,recover-20220922,001,1795
1234.5085,1234.5486,68437,82353,Rhinolophus ferrumequinum,0.023,0.023,-1,Echolocation,/mnt/ubna_data_02_mir/recover-20220922/UBNA_001/20220921_090000.WAV,Telephone Field,recover-20220922,001,1795
1234.5255,1234.5632,68437,81932,Rhinolophus ferrumequinum,0.024,0.024,-1,Echolocation,/mnt/ubna_data_02_mir/recover-20220922/UBNA_001/20220921_090000.WAV,Telephone Field,recover-20220922,001,1795
1234.5375,1234.578,68437,82602,Rhinolophus ferrumequinum,0.021,0.021,-1,Echolocation,/mnt/ubna_data_02_mir/recover-20220922/UBNA_001/20220921_090000.WAV,Telephone Field,recover-20220922,001,1795
1234.5685,1234.5787,54687,59256,Pipistrellus pygmaeus,0.02,0.022,-1,Echolocation,/mnt/ubna_data_02_mir/recover-20220922/UBNA_001/20220921_090000.WAV,Telephone Field,recover-20220922,001,1795
1234.5925,1234.6017,52109,55914,Pipistrellus pygmaeus,0.016,0.023,-1,Echolocation,/mnt/ubna_data_02_mir/recover-20220922/UBNA_001/20220921_090000.WAV,Telephone Field,recover-20220922,001,1795
1234.5935,1234.6327,68437,82341,Rhinolophus ferrumequinum,0.021,0.021,-1,Echolocation,/mnt/ubna_data_02_mir/recover-20220922/UBNA_001/20220921_090000.WAV,Telephone Field,recover-20220922,001,1795
1234.6275,1234.6681,68437,82679,Rhinolophus ferrumequinum,0.037,0.037,-1,Echolocation,/mnt/ubna_data_02_mir/recover-20220922/UBNA_001/20220921_090000.WAV,Telephone Field,recover-20220922,001,1795
1234.6365,1234.6432,27187,40140,Eptesicus serotinus,0.006,0.022,-1,Echolocation,/mnt/ubna_data_02_mir/recover-20220922/UBNA_001/20220921_090000.WAV,Telephone Field,recover-20220922,001,1795
1234.6365,1234.6431,32343,43376,Myotis daubentonii,0.009,0.022,-1,Echolocation,/mnt/ubna_data_02_mir/recover-20220922/UBNA_001/20220921_090000.WAV,Telephone Field,recover-20220922,001,1795
1234.6435,1234.6818,68437,81543,Rhinolophus ferrumequinum,0.026,0.026,-1,Echolocation,/mnt/ubna_data_02_mir/recover-20220922/UBNA_001/20220921_090000.WAV,Telephone Field,recover-20220922,001,1795
1234.6895,1234.7293,68437,82081,Rhinolophus ferrumequinum,0.024,0.024,-1,Echolocation,/mnt/ubna_data_02_mir/recover-20220922/UBNA_001/20220921_090000.WAV,Telephone Field,recover-20220922,001,1795
1234.7155,1234.7564,68437,82487,Rhinolophus ferrumequinum,0.029,0.029,-1,Echolocation,/mnt/ubna_data_02_mir/recover-20220922/UBNA_001/20220921_090000.WAV,Telephone Field,recover-20220922,001,1795
1234.7445,1234.7847,68437,82176,Rhinolophus ferrumequinum,0.022,0.023,-1,Echolocation,/mnt/ubna_data_02_mir/recover-20220922/UBNA_001/20220921_090000.WAV,Telephone Field,recover-20220922,001,1795
1234.7465,1234.7545,28046,36992,Eptesicus serotinus,0.007,0.022,-1,Echolocation,/mnt/ubna_data_02_mir/recover-20220922/UBNA_001/20220921_090000.WAV,Telephone Field,recover-20220922,001,1795
1234.7625,1234.8021,68437,81179,Rhinolophus ferrumequinum,0.024,0.024,-1,Echolocation,/mnt/ubna_data_02_mir/recover-20220922/UBNA_001/20220921_090000.WAV,Telephone Field,recover-20220922,001,1795
1234.7885,1234.8283,68437,82233,Rhinolophus ferrumequinum,0.023,0.023,-1,Echolocation,/mnt/ubna_data_02_mir/recover-20220922/UBNA_001/20220921_090000.WAV,Telephone Field,recover-20220922,001,1795
1234.8055,1234.8423,68437,81585,Rhinolophus ferrumequinum,0.021,0.021,-1,Echolocation,/mnt/ubna_data_02_mir/recover-20220922/UBNA_001/20220921_090000.WAV,Telephone Field,recover-20220922,001,1795
1234.8405,1234.851,23750,29770,Nyctalus leisleri,0.01,0.024,-1,Echolocation,/mnt/ubna_data_02_mir/recover-20220922/UBNA_001/20220921_090000.WAV,Telephone Field,recover-20220922,001,1795
1234.8595,1234.8963,68437,81882,Rhinolophus ferrumequinum,0.023,0.023,-1,Echolocation,/mnt/ubna_data_02_mir/recover-20220922/UBNA_001/20220921_090000.WAV,Telephone Field,recover-20220922,001,1795
1234.8665,1234.905,68437,81357,Rhinolophus ferrumequinum,0.021,0.022,-1,Echolocation,/mnt/ubna_data_02_mir/recover-20220922/UBNA_001/20220921_090000.WAV,Telephone Field,recover-20220922,001,1795
1234.8755,1234.9158,68437,82634,Rhinolophus ferrumequinum,0.024,0.024,-1,Echolocation,/mnt/ubna_data_02_mir/recover-20220922/UBNA_001/20220921_090000.WAV,Telephone Field,recover-20220922,001,1795
1234.9155,1234.9513,68437,81333,Rhinolophus ferrumequinum,0.022,0.022,-1,Echolocation,/mnt/ubna_data_02_mir/recover-20220922/UBNA_001/20220921_090000.WAV,Telephone Field,recover-20220922,001,1795
1234.9285,1234.9679,68437,81905,Rhinolophus ferrumequinum,0.024,0.024,-1,Echolocation,/mnt/ubna_data_02_mir/recover-20220922/UBNA_001/20220921_090000.WAV,Telephone Field,recover-20220922,001,1795
1234.9425,1234.9831,68437,82473,Rhinolophus ferrumequinum,0.022,0.022,-1,Echolocation,/mnt/ubna_data_02_mir/recover-20220922/UBNA_001/20220921_090000.WAV,Telephone Field,recover-20220922,001,1795
1234.9845,1235.0179,68437,80910,Rhinolophus ferrumequinum,0.024,0.024,-1,Echolocation,/mnt/ubna_data_02_mir/recover-20220922/UBNA_001/20220921_090000.WAV,Telephone Field,recover-20220922,001,1795
1235.0055,1235.0128,46093,50337,Pipistrellus pipistrellus,0.023,0.024,-1,Echolocation,/mnt/ubna_data_02_mir/recover-20220922/UBNA_001/20220921_090000.WAV,Telephone Field,recover-20220922,001,1795
1235.0285,1235.0653,68437,81313,Rhinolophus ferrumequinum,0.022,0.022,-1,Echolocation,/mnt/ubna_data_02_mir/recover-20220922/UBNA_001/20220921_090000.WAV,Telephone Field,recover-20220922,001,1795
1235.0955,1235.1352,68437,82261,Rhinolophus ferrumequinum,0.026,0.026,-1,Echolocation,/mnt/ubna_data_02_mir/recover-20220922/UBNA_001/20220921_090000.WAV,Telephone Field,recover-20220922,001,1795
1235.0995,1235.1069,28046,41570,Eptesicus serotinus,0.01,0.029,-1,Echolocation,/mnt/ubna_data_02_mir/recover-20220922/UBNA_001/20220921_090000.WAV,Telephone Field,recover-20220922,001,1795
1235.1085,1235.1499,68437,82750,Rhinolophus ferrumequinum,0.023,0.023,-1,Echolocation,/mnt/ubna_data_02_mir/recover-20220922/UBNA_001/20220921_090000.WAV,Telephone Field,recover-20220922,001,1795
1235.1155,1235.1266,22890,28439,Nyctalus leisleri,0.012,0.028,-1,Echolocation,/mnt/ubna_data_02_mir/recover-20220922/UBNA_001/20220921_090000.WAV,Telephone Field,recover-20220922,001,1795
1235.1355,1235.1744,68437,82160,Rhinolophus ferrumequinum,0.023,0.023,-1,Echolocation,/mnt/ubna_data_02_mir/recover-20220922/UBNA_001/20220921_090000.WAV,Telephone Field,recover-20220922,001,1795
1235.1595,1235.2005,68437,82376,Rhinolophus ferrumequinum,0.023,0.023,-1,Echolocation,/mnt/ubna_data_02_mir/recover-20220922/UBNA_001/20220921_090000.WAV,Telephone Field,recover-20220922,001,1795
1235.1845,1235.2249,68437,82278,Rhinolophus ferrumequinum,0.026,0.026,-1,Echolocation,/mnt/ubna_data_02_mir/recover-20220922/UBNA_001/20220921_090000.WAV,Telephone Field,recover-20220922,001,1795
1235.1985,1235.2051,28046,38423,Eptesicus serotinus,0.006,0.023,-1,Echolocation,/mnt/ubna_data_02_mir/recover-20220922/UBNA_001/20220921_090000.WAV,Telephone Field,recover-20220922,001,1795
1235.2225,1235.2345,23750,29013,Nyctalus leisleri,0.009,0.021,-1,Echolocation,/mnt/ubna_data_02_mir/recover-20220922/UBNA_001/20220921_090000.WAV,Telephone Field,recover-20220922,001,1795
1235.2315,1235.2718,68437,83030,Rhinolophus ferrumequinum,0.03,0.03,-1,Echolocation,/mnt/ubna_data_02_mir/recover-20220922/UBNA_001/20220921_090000.WAV,Telephone Field,recover-20220922,001,1795
1235.2555,1235.2942,68437,82504,Rhinolophus ferrumequinum,0.026,0.026,-1,Echolocation,/mnt/ubna_data_02_mir/recover-20220922/UBNA_001/20220921_090000.WAV,Telephone Field,recover-20220922,001,1795
1235.2655,1235.3052,68437,82212,Rhinolophus ferrumequinum,0.021,0.022,-1,Echolocation,/mnt/ubna_data_02_mir/recover-20220922/UBNA_001/20220921_090000.WAV,Telephone Field,recover-20220922,001,1795
1235.2755,1235.3157,68437,83227,Rhinolophus ferrumequinum,0.022,0.022,-1,Echolocation,/mnt/ubna_data_02_mir/recover-20220922/UBNA_001/20220921_090000.WAV,Telephone Field,recover-20220922,001,1795
1235.2895,1235.3275,68437,82858,Rhinolophus ferrumequinum,0.024,0.024,-1,Echolocation,/mnt/ubna_data_02_mir/recover-20220922/UBNA_001/20220921_090000.WAV,Telephone Field,recover-20220922,001,1795
1235.2965,1235.3356,68437,82797,Rhinolophus ferrumequinum,0.023,0.023,-1,Echolocation,/mnt/ubna_data_02_mir/recover-20220922/UBNA_001/20220921_090000.WAV,Telephone Field,recover-20220922,001,1795
1235.3165,1235.3595,68437,82889,Rhinolophus ferrumequinum,0.026,0.026,-1,Echolocation,/mnt/ubna_data_02_mir/recover-20220922/UBNA_001/20220921_090000.WAV,Telephone Field,recover-20220922,001,1795
1235.3325,1235.3711,68437,82336,Rhinolophus ferrumequinum,0.023,0.024,-1,Echolocation,/mnt/ubna_data_02_mir/recover-20220922/UBNA_001/20220921_090000.WAV,Telephone Field,recover-20220922,001,1795
1235.3645,1235.4042,68437,82815,Rhinolophus ferrumequinum,0.024,0.024,-1,Echolocation,/mnt/ubna_data_02_mir/recover-20220922/UBNA_001/20220921_090000.WAV,Telephone Field,recover-20220922,001,1795
1235.3995,1235.4395,68437,82950,Rhinolophus ferrumequinum,0.029,0.029,-1,Echolocation,/mnt/ubna_data_02_mir/recover-20220922/UBNA_001/20220921_090000.WAV,Telephone Field,recover-20220922,001,1795
1235.4045,1235.4165,26328,31908,Nyctalus leisleri,0.025,0.058,-1,Echolocation,/mnt/ubna_data_02_mir/recover-20220922/UBNA_001/20220921_090000.WAV,Telephone Field,recover-20220922,001,1795
1235.4325,1235.4408,28046,37617,Eptesicus serotinus,0.009,0.026,-1,Echolocation,/mnt/ubna_data_02_mir/recover-20220922/UBNA_001/20220921_090000.WAV,Telephone Field,recover-20220922,001,1795
1235.4565,1235.4972,68437,82628,Rhinolophus ferrumequinum,0.031,0.031,-1,Echolocation,/mnt/ubna_data_02_mir/recover-20220922/UBNA_001/20220921_090000.WAV,Telephone Field,recover-20220922,001,1795
1235.4665,1235.4749,28906,39182,Eptesicus serotinus,0.007,0.021,-1,Echolocation,/mnt/ubna_data_02_mir/recover-20220922/UBNA_001/20220921_090000.WAV,Telephone Field,recover-20220922,001,1795
1235.4675,1235.5099,68437,82843,Rhinolophus ferrumequinum,0.04,0.04,-1,Echolocation,/mnt/ubna_data_02_mir/recover-20220922/UBNA_001/20220921_090000.WAV,Telephone Field,recover-20220922,001,1795
1235.5105,1235.5465,68437,82216,Rhinolophus ferrumequinum,0.028,0.028,-1,Echolocation,/mnt/ubna_data_02_mir/recover-20220922/UBNA_001/20220921_090000.WAV,Telephone Field,recover-20220922,001,1795
1235.5175,1235.5535,68437,81811,Rhinolophus ferrumequinum,0.025,0.026,-1,Echolocation,/mnt/ubna_data_02_mir/recover-20220922/UBNA_001/20220921_090000.WAV,Telephone Field,recover-20220922,001,1795
1235.5275,1235.5665,68437,82287,Rhinolophus ferrumequinum,0.027,0.027,-1,Echolocation,/mnt/ubna_data_02_mir/recover-20220922/UBNA_001/20220921_090000.WAV,Telephone Field,recover-20220922,001,1795
1235.5565,1235.5949,68437,81518,Rhinolophus ferrumequinum,0.025,0.025,-1,Echolocation,/mnt/ubna_data_02_mir/recover-20220922/UBNA_001/20220921_090000.WAV,Telephone Field,recover-20220922,001,1795
1235.5635,1235.5739,22890,29137,Nyctalus leisleri,0.011,0.03,-1,Echolocation,/mnt/ubna_data_02_mir/recover-20220922/UBNA_001/20220921_090000.WAV,Telephone Field,recover-20220922,001,1795
1235.5665,1235.6053,68437,82626,Rhinolophus ferrumequinum,0.023,0.023,-1,Echolocation,/mnt/ubna_data_02_mir/recover-20220922/UBNA_001/20220921_090000.WAV,Telephone Field,recover-20220922,001,1795
1235.5905,1235.63,68437,82743,Rhinolophus ferrumequinum,0.025,0.025,-1,Echolocation,/mnt/ubna_data_02_mir/recover-20220922/UBNA_001/20220921_090000.WAV,Telephone Field,recover-20220922,001,1795
1235.6085,1235.643,68437,80769,Rhinolophus ferrumequinum,0.021,0.021,-1,Echolocation,/mnt/ubna_data_02_mir/recover-20220922/UBNA_001/20220921_090000.WAV,Telephone Field,recover-20220922,001,1795
1235.6245,1235.6316,25468,35115,Plecotus auritus,0.014,0.049,-1,Echolocation,/mnt/ubna_data_02_mir/recover-20220922/UBNA_001/20220921_090000.WAV,Telephone Field,recover-20220922,001,1795
1235.6615,1235.672,23750,30205,Nyctalus leisleri,0.009,0.022,-1,Echolocation,/mnt/ubna_data_02_mir/recover-20220922/UBNA_001/20220921_090000.WAV,Telephone Field,recover-20220922,001,1795
1235.6635,1235.7024,68437,82260,Rhinolophus ferrumequinum,0.024,0.024,-1,Echolocation,/mnt/ubna_data_02_mir/recover-20220922/UBNA_001/20220921_090000.WAV,Telephone Field,recover-20220922,001,1795
1235.7125,1235.7544,68437,83121,Rhinolophus ferrumequinum,0.036,0.036,-1,Echolocation,/mnt/ubna_data_02_mir/recover-20220922/UBNA_001/20220921_090000.WAV,Telephone Field,recover-20220922,001,1795
1235.7595,1235.7997,68437,82801,Rhinolophus ferrumequinum,0.027,0.027,-1,Echolocation,/mnt/ubna_data_02_mir/recover-20220922/UBNA_001/20220921_090000.WAV,Telephone Field,recover-20220922,001,1795
1235.7925,1235.8286,68437,81743,Rhinolophus ferrumequinum,0.021,0.021,-1,Echolocation,/mnt/ubna_data_02_mir/recover-20220922/UBNA_001/20220921_090000.WAV,Telephone Field,recover-20220922,001,1795
1235.7965,1235.8072,53828,57547,Pipistrellus pygmaeus,0.026,0.028,-1,Echolocation,/mnt/ubna_data_02_mir/recover-20220922/UBNA_001/20220921_090000.WAV,Telephone Field,recover-20220922,001,1795
1235.7995,1235.8369,68437,81948,Rhinolophus ferrumequinum,0.023,0.023,-1,Echolocation,/mnt/ubna_data_02_mir/recover-20220922/UBNA_001/20220921_090000.WAV,Telephone Field,recover-20220922,001,1795
1235.8075,1235.8469,68437,82051,Rhinolophus ferrumequinum,0.025,0.025,-1,Echolocation,/mnt/ubna_data_02_mir/recover-20220922/UBNA_001/20220921_090000.WAV,Telephone Field,recover-20220922,001,1795
1235.8285,1235.8686,68437,82248,Rhinolophus ferrumequinum,0.022,0.022,-1,Echolocation,/mnt/ubna_data_02_mir/recover-20220922/UBNA_001/20220921_090000.WAV,Telephone Field,recover-20220922,001,1795
1235.8285,1235.8392,22890,28525,Nyctalus leisleri,0.011,0.026,-1,Echolocation,/mnt/ubna_data_02_mir/recover-20220922/UBNA_001/20220921_090000.WAV,Telephone Field,recover-20220922,001,1795
1235.8455,1235.882,68437,81705,Rhinolophus ferrumequinum,0.021,0.021,-1,Echolocation,/mnt/ubna_data_02_mir/recover-20220922/UBNA_001/20220921_090000.WAV,Telephone Field,recover-20220922,001,1795
1235.8575,1235.8965,68437,82057,Rhinolophus ferrumequinum,0.023,0.023,-1,Echolocation,/mnt/ubna_data_02_mir/recover-20220922/UBNA_001/20220921_090000.WAV,Telephone Field,recover-20220922,001,1795
1235.8775,1235.9151,68437,82267,Rhinolophus ferrumequinum,0.046,0.046,-1,Echolocation,/mnt/ubna_data_02_mir/recover-20220922/UBNA_001/20220921_090000.WAV,Telephone Field,recover-20220922,001,1795
1235.8905,1235.9302,68437,82872,Rhinolophus ferrumequinum,0.03,0.03,-1,Echolocation,/mnt/ubna_data_02_mir/recover-20220922/UBNA_001/20220921_090000.WAV,Telephone Field,recover-20220922,001,1795
1235.9195,1235.9277,27187,36669,Eptesicus serotinus,0.011,0.029,-1,Echolocation,/mnt/ubna_data_02_mir/recover-20220922/UBNA_001/20220921_090000.WAV,Telephone Field,recover-20220922,001,1795
1236.0015,1236.0102,23750,32028,Nyctalus leisleri,0.01,0.027,-1,Echolocation,/mnt/ubna_data_02_mir/recover-20220922/UBNA_001/20220921_090000.WAV,Telephone Field,recover-20220922,001,1795
1236.0025,1236.0439,68437,82513,Rhinolophus ferrumequinum,0.029,0.03,-1,Echolocation,/mnt/ubna_data_02_mir/recover-20220922/UBNA_001/20220921_090000.WAV,Telephone Field,recover-20220922,001,1795
1236.0085,1236.0511,68437,82661,Rhinolophus ferrumequinum,0.023,0.023,-1,Echolocation,/mnt/ubna_data_02_mir/recover-20220922/UBNA_001/20220921_090000.WAV,Telephone Field,recover-20220922,001,1795
1236.0205,1236.0356,29765,35160,Eptesicus serotinus,0.017,0.03,-1,Echolocation,/mnt/ubna_data_02_mir/recover-20220922/UBNA_001/20220921_090000.WAV,Telephone Field,recover-20220922,001,1795
1236.0405,1236.0742,68437,81183,Rhinolophus ferrumequinum,0.022,0.022,-1,Echolocation,/mnt/ubna_data_02_mir/recover-20220922/UBNA_001/20220921_090000.WAV,Telephone Field,recover-20220922,001,1795
1236.0815,1236.1208,68437,82132,Rhinolophus ferrumequinum,0.039,0.039,-1,Echolocation,/mnt/ubna_data_02_mir/recover-20220922/UBNA_001/20220921_090000.WAV,Telephone Field,recover-20220922,001,1795
1236.1105,1236.1488,68437,82289,Rhinolophus ferrumequinum,0.023,0.023,-1,Echolocation,/mnt/ubna_data_02_mir/recover-20220922/UBNA_001/20220921_090000.WAV,Telephone Field,recover-20220922,001,1795
1236.1595,1236.1986,68437,82261,Rhinolophus ferrumequinum,0.023,0.023,-1,Echolocation,/mnt/ubna_data_02_mir/recover-20220922/UBNA_001/20220921_090000.WAV,Telephone Field,recover-20220922,001,1795
1236.2235,1236.2309,24609,33333,Plecotus austriacus,0.008,0.023,-1,Echolocation,/mnt/ubna_data_02_mir/recover-20220922/UBNA_001/20220921_090000.WAV,Telephone Field,recover-20220922,001,1795
1236.2625,1236.274,26328,33822,Eptesicus serotinus,0.013,0.026,-1,Echolocation,/mnt/ubna_data_02_mir/recover-20220922/UBNA_001/20220921_090000.WAV,Telephone Field,recover-20220922,001,1795
1236.2845,1236.3241,68437,82723,Rhinolophus ferrumequinum,0.029,0.029,-1,Echolocation,/mnt/ubna_data_02_mir/recover-20220922/UBNA_001/20220921_090000.WAV,Telephone Field,recover-20220922,001,1795
1236.3025,1236.3416,68437,81933,Rhinolophus ferrumequinum,0.023,0.023,-1,Echolocation,/mnt/ubna_data_02_mir/recover-20220922/UBNA_001/20220921_090000.WAV,Telephone Field,recover-20220922,001,1795
1236.3155,1236.3538,68437,82142,Rhinolophus ferrumequinum,0.025,0.025,-1,Echolocation,/mnt/ubna_data_02_mir/recover-20220922/UBNA_001/20220921_090000.WAV,Telephone Field,recover-20220922,001,1795
1236.3485,1236.3568,47812,55920,Pipistrellus pipistrellus,0.021,0.024,-1,Echolocation,/mnt/ubna_data_02_mir/recover-20220922/UBNA_001/20220921_090000.WAV,Telephone Field,recover-20220922,001,1795
1236.3675,1236.4063,68437,82306,Rhinolophus ferrumequinum,0.026,0.026,-1,Echolocation,/mnt/ubna_data_02_mir/recover-20220922/UBNA_001/20220921_090000.WAV,Telephone Field,recover-20220922,001,1795
1236.4015,1236.4379,68437,82086,Rhinolophus ferrumequinum,0.023,0.023,-1,Echolocation,/mnt/ubna_data_02_mir/recover-20220922/UBNA_001/20220921_090000.WAV,Telephone Field,recover-20220922,001,1795
1236.4255,1236.4628,68437,82251,Rhinolophus ferrumequinum,0.024,0.024,-1,Echolocation,/mnt/ubna_data_02_mir/recover-20220922/UBNA_001/20220921_090000.WAV,Telephone Field,recover-20220922,001,1795
1236.4375,1236.4748,68437,82329,Rhinolophus ferrumequinum,0.024,0.024,-1,Echolocation,/mnt/ubna_data_02_mir/recover-20220922/UBNA_001/20220921_090000.WAV,Telephone Field,recover-20220922,001,1795
1236.4465,1236.4883,68437,83119,Rhinolophus ferrumequinum,0.024,0.024,-1,Echolocation,/mnt/ubna_data_02_mir/recover-20220922/UBNA_001/20220921_090000.WAV,Telephone Field,recover-20220922,001,1795
1236.4765,1236.5142,68437,81984,Rhinolophus ferrumequinum,0.023,0.023,-1,Echolocation,/mnt/ubna_data_02_mir/recover-20220922/UBNA_001/20220921_090000.WAV,Telephone Field,recover-20220922,001,1795
1236.4955,1236.5348,68437,82521,Rhinolophus ferrumequinum,0.025,0.025,-1,Echolocation,/mnt/ubna_data_02_mir/recover-20220922/UBNA_001/20220921_090000.WAV,Telephone Field,recover-20220922,001,1795
1236.4975,1236.5146,22031,25978,Nyctalus leisleri,0.023,0.04,-1,Echolocation,/mnt/ubna_data_02_mir/recover-20220922/UBNA_001/20220921_090000.WAV,Telephone Field,recover-20220922,001,1795
1236.5315,1236.5697,68437,82207,Rhinolophus ferrumequinum,0.023,0.023,-1,Echolocation,/mnt/ubna_data_02_mir/recover-20220922/UBNA_001/20220921_090000.WAV,Telephone Field,recover-20220922,001,1795
1236.5465,1236.586,68437,82379,Rhinolophus ferrumequinum,0.025,0.025,-1,Echolocation,/mnt/ubna_data_02_mir/recover-20220922/UBNA_001/20220921_090000.WAV,Telephone Field,recover-20220922,001,1795
1236.5975,1236.6111,21171,24339,Nyctalus leisleri,0.017,0.025,-1,Echolocation,/mnt/ubna_data_02_mir/recover-20220922/UBNA_001/20220921_090000.WAV,Telephone Field,recover-20220922,001,1795
1236.6145,1236.6529,68437,82360,Rhinolophus ferrumequinum,0.023,0.023,-1,Echolocation,/mnt/ubna_data_02_mir/recover-20220922/UBNA_001/20220921_090000.WAV,Telephone Field,recover-20220922,001,1795
1236.6385,1236.6793,68437,83010,Rhinolophus ferrumequinum,0.028,0.028,-1,Echolocation,/mnt/ubna_data_02_mir/recover-20220922/UBNA_001/20220921_090000.WAV,Telephone Field,recover-20220922,001,1795
1236.6465,1236.6883,68437,82483,Rhinolophus ferrumequinum,0.025,0.025,-1,Echolocation,/mnt/ubna_data_02_mir/recover-20220922/UBNA_001/20220921_090000.WAV,Telephone Field,recover-20220922,001,1795
1236.6975,1236.7049,24609,33258,Plecotus austriacus,0.009,0.023,-1,Echolocation,/mnt/ubna_data_02_mir/recover-20220922/UBNA_001/20220921_090000.WAV,Telephone Field,recover-20220922,001,1795
1236.7095,1236.7495,68437,82762,Rhinolophus ferrumequinum,0.023,0.023,-1,Echolocation,/mnt/ubna_data_02_mir/recover-20220922/UBNA_001/20220921_090000.WAV,Telephone Field,recover-20220922,001,1795
1236.7685,1236.8023,68437,81391,Rhinolophus ferrumequinum,0.024,0.024,-1,Echolocation,/mnt/ubna_data_02_mir/recover-20220922/UBNA_001/20220921_090000.WAV,Telephone Field,recover-20220922,001,1795
1236.7975,1236.8437,68437,83925,Rhinolophus ferrumequinum,0.072,0.072,-1,Echolocation,/mnt/ubna_data_02_mir/recover-20220922/UBNA_001/20220921_090000.WAV,Telephone Field,recover-20220922,001,1795
1236.8355,1236.8735,68437,82015,Rhinolophus ferrumequinum,0.032,0.032,-1,Echolocation,/mnt/ubna_data_02_mir/recover-20220922/UBNA_001/20220921_090000.WAV,Telephone Field,recover-20220922,001,1795
1236.8605,1236.9039,68437,83184,Rhinolophus ferrumequinum,0.033,0.033,-1,Echolocation,/mnt/ubna_data_02_mir/recover-20220922/UBNA_001/20220921_090000.WAV,Telephone Field,recover-20220922,001,1795
1236.8785,1236.8851,28046,41885,Eptesicus serotinus,0.009,0.04,-1,Echolocation,/mnt/ubna_data_02_mir/recover-20220922/UBNA_001/20220921_090000.WAV,Telephone Field,recover-20220922,001,1795
1236.9275,1236.9641,68437,81704,Rhinolophus ferrumequinum,0.026,0.026,-1,Echolocation,/mnt/ubna_data_02_mir/recover-20220922/UBNA_001/20220921_090000.WAV,Telephone Field,recover-20220922,001,1795
1236.9495,1236.9891,68437,82490,Rhinolophus ferrumequinum,0.023,0.023,-1,Echolocation,/mnt/ubna_data_02_mir/recover-20220922/UBNA_001/20220921_090000.WAV,Telephone Field,recover-20220922,001,1795
1236.9545,1236.9951,68437,82410,Rhinolophus ferrumequinum,0.023,0.023,-1,Echolocation,/mnt/ubna_data_02_mir/recover-20220922/UBNA_001/20220921_090000.WAV,Telephone Field,recover-20220922,001,1795
1236.9735,1237.0105,68437,81829,Rhinolophus ferrumequinum,0.023,0.023,-1,Echolocation,/mnt/ubna_data_02_mir/recover-20220922/UBNA_001/20220921_090000.WAV,Telephone Field,recover-20220922,001,1795
1236.9875,1236.9975,28906,37533,Eptesicus serotinus,0.018,0.037,-1,Echolocation,/mnt/ubna_data_02_mir/recover-20220922/UBNA_001/20220921_090000.WAV,Telephone Field,recover-20220922,001,1795
1237.0135,1237.0542,68437,82848,Rhinolophus ferrumequinum,0.023,0.023,-1,Echolocation,/mnt/ubna_data_02_mir/recover-20220922/UBNA_001/20220921_090000.WAV,Telephone Field,recover-20220922,001,1795
1237.0505,1237.0609,22890,27174,Nyctalus leisleri,0.013,0.023,-1,Echolocation,/mnt/ubna_data_02_mir/recover-20220922/UBNA_001/20220921_090000.WAV,Telephone Field,recover-20220922,001,1795
1237.0885,1237.1296,68437,82996,Rhinolophus ferrumequinum,0.026,0.026,-1,Echolocation,/mnt/ubna_data_02_mir/recover-20220922/UBNA_001/20220921_090000.WAV,Telephone Field,recover-20220922,001,1795
1237.1055,1237.1456,68437,82240,Rhinolophus ferrumequinum,0.023,0.023,-1,Echolocation,/mnt/ubna_data_02_mir/recover-20220922/UBNA_001/20220921_090000.WAV,Telephone Field,recover-20220922,001,1795
1237.1255,1237.1638,68437,81880,Rhinolophus ferrumequinum,0.023,0.023,-1,Echolocation,/mnt/ubna_data_02_mir/recover-20220922/UBNA_001/20220921_090000.WAV,Telephone Field,recover-20220922,001,1795
1237.1675,1237.21,68437,83141,Rhinolophus ferrumequinum,0.03,0.03,-1,Echolocation,/mnt/ubna_data_02_mir/recover-20220922/UBNA_001/20220921_090000.WAV,Telephone Field,recover-20220922,001,1795
1237.1775,1237.2152,68437,82445,Rhinolophus ferrumequinum,0.022,0.022,-1,Echolocation,/mnt/ubna_data_02_mir/recover-20220922/UBNA_001/20220921_090000.WAV,Telephone Field,recover-20220922,001,1795
1237.1885,1237.1989,23750,30984,Nyctalus leisleri,0.009,0.024,-1,Echolocation,/mnt/ubna_data_02_mir/recover-20220922/UBNA_001/20220921_090000.WAV,Telephone Field,recover-20220922,001,1795
1237.2305,1237.2699,68437,82725,Rhinolophus ferrumequinum,0.023,0.023,-1,Echolocation,/mnt/ubna_data_02_mir/recover-20220922/UBNA_001/20220921_090000.WAV,Telephone Field,recover-20220922,001,1795
1237.2305,1237.2384,45234,50543,Pipistrellus pipistrellus,0.025,0.027,-1,Echolocation,/mnt/ubna_data_02_mir/recover-20220922/UBNA_001/20220921_090000.WAV,Telephone Field,recover-20220922,001,1795
1237.2565,1237.297,68437,82180,Rhinolophus ferrumequinum,0.026,0.026,-1,Echolocation,/mnt/ubna_data_02_mir/recover-20220922/UBNA_001/20220921_090000.WAV,Telephone Field,recover-20220922,001,1795
1237.2585,1237.2689,24609,31349,Nyctalus leisleri,0.012,0.032,-1,Echolocation,/mnt/ubna_data_02_mir/recover-20220922/UBNA_001/20220921_090000.WAV,Telephone Field,recover-20220922,001,1795
1237.2905,1237.33,68437,82427,Rhinolophus ferrumequinum,0.023,0.023,-1,Echolocation,/mnt/ubna_data_02_mir/recover-20220922/UBNA_001/20220921_090000.WAV,Telephone Field,recover-20220922,001,1795
1237.3105,1237.3236,27187,33490,Eptesicus serotinus,0.025,0.042,-1,Echolocation,/mnt/ubna_data_02_mir/recover-20220922/UBNA_001/20220921_090000.WAV,Telephone Field,recover-20220922,001,1795
1237.3225,1237.3576,68437,80710,Rhinolophus ferrumequinum,0.029,0.029,-1,Echolocation,/mnt/ubna_data_02_mir/recover-20220922/UBNA_001/20220921_090000.WAV,Telephone Field,recover-20220922,001,1795
1237.3845,1237.4266,68437,82671,Rhinolophus ferrumequinum,0.034,0.034,-1,Echolocation,/mnt/ubna_data_02_mir/recover-20220922/UBNA_001/20220921_090000.WAV,Telephone Field,recover-20220922,001,1795
1237.4325,1237.4686,68437,81741,Rhinolophus ferrumequinum,0.032,0.032,-1,Echolocation,/mnt/ubna_data_02_mir/recover-20220922/UBNA_001/20220921_090000.WAV,Telephone Field,recover-20220922,001,1795
1237.4645,1237.4726,22890,31214,Plecotus austriacus,0.022,0.041,-1,Echolocation,/mnt/ubna_data_02_mir/recover-20220922/UBNA_001/20220921_090000.WAV,Telephone Field,recover-20220922,001,1795
1237.4745,1237.5167,68437,83287,Rhinolophus ferrumequinum,0.047,0.047,-1,Echolocation,/mnt/ubna_data_02_mir/recover-20220922/UBNA_001/20220921_090000.WAV,Telephone Field,recover-20220922,001,1795
1237.5225,1237.5337,22890,27394,Nyctalus leisleri,0.016,0.029,-1,Echolocation,/mnt/ubna_data_02_mir/recover-20220922/UBNA_001/20220921_090000.WAV,Telephone Field,recover-20220922,001,1795
1237.5325,1237.5422,22890,28620,Nyctalus leisleri,0.012,0.025,-1,Echolocation,/mnt/ubna_data_02_mir/recover-20220922/UBNA_001/20220921_090000.WAV,Telephone Field,recover-20220922,001,1795
1237.5885,1237.5991,28906,36534,Eptesicus serotinus,0.01,0.025,-1,Echolocation,/mnt/ubna_data_02_mir/recover-20220922/UBNA_001/20220921_090000.WAV,Telephone Field,recover-20220922,001,1795
1237.5895,1237.6254,68437,81329,Rhinolophus ferrumequinum,0.025,0.025,-1,Echolocation,/mnt/ubna_data_02_mir/recover-20220922/UBNA_001/20220921_090000.WAV,Telephone Field,recover-20220922,001,1795
1237.6055,1237.6484,68437,83119,Rhinolophus ferrumequinum,0.035,0.035,-1,Echolocation,/mnt/ubna_data_02_mir/recover-20220922/UBNA_001/20220921_090000.WAV,Telephone Field,recover-20220922,001,1795
1237.6455,1237.6522,28046,39078,Eptesicus serotinus,0.006,0.025,-1,Echolocation,/mnt/ubna_data_02_mir/recover-20220922/UBNA_001/20220921_090000.WAV,Telephone Field,recover-20220922,001,1795
1237.7385,1237.779,68437,82771,Rhinolophus ferrumequinum,0.024,0.024,-1,Echolocation,/mnt/ubna_data_02_mir/recover-20220922/UBNA_001/20220921_090000.WAV,Telephone Field,recover-20220922,001,1795
1237.7435,1237.7834,68437,82256,Rhinolophus ferrumequinum,0.025,0.025,-1,Echolocation,/mnt/ubna_data_02_mir/recover-20220922/UBNA_001/20220921_090000.WAV,Telephone Field,recover-20220922,001,1795
1237.7575,1237.7965,68437,80536,Rhinolophus ferrumequinum,0.041,0.041,-1,Echolocation,/mnt/ubna_data_02_mir/recover-20220922/UBNA_001/20220921_090000.WAV,Telephone Field,recover-20220922,001,1795
1237.7615,1237.7725,32343,37977,Eptesicus serotinus,0.013,0.039,-1,Echolocation,/mnt/ubna_data_02_mir/recover-20220922/UBNA_001/20220921_090000.WAV,Telephone Field,recover-20220922,001,1795
1237.8265,1237.8346,28046,40495,Eptesicus serotinus,0.008,0.022,-1,Echolocation,/mnt/ubna_data_02_mir/recover-20220922/UBNA_001/20220921_090000.WAV,Telephone Field,recover-20220922,001,1795
1237.8615,1237.8992,68437,81967,Rhinolophus ferrumequinum,0.027,0.027,-1,Echolocation,/mnt/ubna_data_02_mir/recover-20220922/UBNA_001/20220921_090000.WAV,Telephone Field,recover-20220922,001,1795
1237.8905,1237.9311,68437,82687,Rhinolophus ferrumequinum,0.023,0.023,-1,Echolocation,/mnt/ubna_data_02_mir/recover-20220922/UBNA_001/20220921_090000.WAV,Telephone Field,recover-20220922,001,1795
1237.9095,1237.9517,68437,83300,Rhinolophus ferrumequinum,0.035,0.035,-1,Echolocation,/mnt/ubna_data_02_mir/recover-20220922/UBNA_001/20220921_090000.WAV,Telephone Field,recover-20220922,001,1795
1237.9265,1237.9613,68437,81109,Rhinolophus ferrumequinum,0.023,0.023,-1,Echolocation,/mnt/ubna_data_02_mir/recover-20220922/UBNA_001/20220921_090000.WAV,Telephone Field,recover-20220922,001,1795
1237.9275,1237.9359,25468,34163,Eptesicus serotinus,0.008,0.03,-1,Echolocation,/mnt/ubna_data_02_mir/recover-20220922/UBNA_001/20220921_090000.WAV,Telephone Field,recover-20220922,001,1795
1237.9545,1237.9959,68437,82355,Rhinolophus ferrumequinum,0.028,0.028,-1,Echolocation,/mnt/ubna_data_02_mir/recover-20220922/UBNA_001/20220921_090000.WAV,Telephone Field,recover-20220922,001,1795
1237.9685,1237.9762,46093,54640,Pipistrellus pipistrellus,0.015,0.023,-1,Echolocation,/mnt/ubna_data_02_mir/recover-20220922/UBNA_001/20220921_090000.WAV,Telephone Field,recover-20220922,001,1795
1238.0015,1238.0346,68437,79809,Rhinolophus ferrumequinum,0.028,0.029,-1,Echolocation,/mnt/ubna_data_02_mir/recover-20220922/UBNA_001/20220921_090000.WAV,Telephone Field,recover-20220922,001,1795
1238.0015,1238.0103,23750,31048,Nyctalus leisleri,0.01,0.026,-1,Echolocation,/mnt/ubna_data_02_mir/recover-20220922/UBNA_001/20220921_090000.WAV,Telephone Field,recover-20220922,001,1795
1238.0015,1238.0089,46093,50371,Pipistrellus pipistrellus,0.019,0.023,-1,Echolocation,/mnt/ubna_data_02_mir/recover-20220922/UBNA_001/20220921_090000.WAV,Telephone Field,recover-20220922,001,1795
1238.0435,1238.0548,46093,49790,Pipistrellus pipistrellus,0.023,0.025,-1,Echolocation,/mnt/ubna_data_02_mir/recover-20220922/UBNA_001/20220921_090000.WAV,Telephone Field,recover-20220922,001,1795
1238.0545,1238.0898,68437,81987,Rhinolophus ferrumequinum,0.022,0.022,-1,Echolocation,/mnt/ubna_data_02_mir/recover-20220922/UBNA_001/20220921_090000.WAV,Telephone Field,recover-20220922,001,1795
1238.1155,1238.1557,68437,82933,Rhinolophus ferrumequinum,0.022,0.022,-1,Echolocation,/mnt/ubna_data_02_mir/recover-20220922/UBNA_001/20220921_090000.WAV,Telephone Field,recover-20220922,001,1795
1238.1315,1238.171,68437,81966,Rhinolophus ferrumequinum,0.022,0.022,-1,Echolocation,/mnt/ubna_data_02_mir/recover-20220922/UBNA_001/20220921_090000.WAV,Telephone Field,recover-20220922,001,1795
1238.1735,1238.1837,47812,51572,Pipistrellus pipistrellus,0.02,0.022,-1,Echolocation,/mnt/ubna_data_02_mir/recover-20220922/UBNA_001/20220921_090000.WAV,Telephone Field,recover-20220922,001,1795
1238.1825,1238.192,28046,36102,Eptesicus serotinus,0.012,0.028,-1,Echolocation,/mnt/ubna_data_02_mir/recover-20220922/UBNA_001/20220921_090000.WAV,Telephone Field,recover-20220922,001,1795
1238.2155,1238.2229,28046,38730,Eptesicus serotinus,0.008,0.027,-1,Echolocation,/mnt/ubna_data_02_mir/recover-20220922/UBNA_001/20220921_090000.WAV,Telephone Field,recover-20220922,001,1795
1238.2265,1238.2656,68437,82214,Rhinolophus ferrumequinum,0.022,0.022,-1,Echolocation,/mnt/ubna_data_02_mir/recover-20220922/UBNA_001/20220921_090000.WAV,Telephone Field,recover-20220922,001,1795
1238.2485,1238.2875,68437,81677,Rhinolophus ferrumequinum,0.023,0.023,-1,Echolocation,/mnt/ubna_data_02_mir/recover-20220922/UBNA_001/20220921_090000.WAV,Telephone Field,recover-20220922,001,1795
1238.2845,1238.3236,68437,82705,Rhinolophus ferrumequinum,0.023,0.023,-1,Echolocation,/mnt/ubna_data_02_mir/recover-20220922/UBNA_001/20220921_090000.WAV,Telephone Field,recover-20220922,001,1795
1238.3085,1238.3454,68437,81863,Rhinolophus ferrumequinum,0.022,0.022,-1,Echolocation,/mnt/ubna_data_02_mir/recover-20220922/UBNA_001/20220921_090000.WAV,Telephone Field,recover-20220922,001,1795
1238.3115,1238.3223,22890,28573,Nyctalus leisleri,0.011,0.023,-1,Echolocation,/mnt/ubna_data_02_mir/recover-20220922/UBNA_001/20220921_090000.WAV,Telephone Field,recover-20220922,001,1795
1238.3355,1238.3456,28046,36206,Eptesicus serotinus,0.012,0.024,-1,Echolocation,/mnt/ubna_data_02_mir/recover-20220922/UBNA_001/20220921_090000.WAV,Telephone Field,recover-20220922,001,1795
1238.3565,1238.395,68437,81829,Rhinolophus ferrumequinum,0.032,0.032,-1,Echolocation,/mnt/ubna_data_02_mir/recover-20220922/UBNA_001/20220921_090000.WAV,Telephone Field,recover-20220922,001,1795
1238.4015,1238.4375,68437,81346,Rhinolophus ferrumequinum,0.022,0.022,-1,Echolocation,/mnt/ubna_data_02_mir/recover-20220922/UBNA_001/20220921_090000.WAV,Telephone Field,recover-20220922,001,1795
1238.4235,1238.4352,25468,32044,Eptesicus serotinus,0.011,0.024,-1,Echolocation,/mnt/ubna_data_02_mir/recover-20220922/UBNA_001/20220921_090000.WAV,Telephone Field,recover-20220922,001,1795
1238.4515,1238.4601,28046,40717,Eptesicus serotinus,0.008,0.022,-1,Echolocation,/mnt/ubna_data_02_mir/recover-20220922/UBNA_001/20220921_090000.WAV,Telephone Field,recover-20220922,001,1795
1238.5545,1238.5628,28046,38321,Eptesicus serotinus,0.008,0.023,-1,Echolocation,/mnt/ubna_data_02_mir/recover-20220922/UBNA_001/20220921_090000.WAV,Telephone Field,recover-20220922,001,1795
1238.5655,1238.573,27187,37751,Eptesicus serotinus,0.007,0.024,-1,Echolocation,/mnt/ubna_data_02_mir/recover-20220922/UBNA_001/20220921_090000.WAV,Telephone Field,recover-20220922,001,1795
1238.6605,1238.6718,26328,33631,Eptesicus serotinus,0.023,0.044,-1,Echolocation,/mnt/ubna_data_02_mir/recover-20220922/UBNA_001/20220921_090000.WAV,Telephone Field,recover-20220922,001,1795
1238.6935,1238.7036,22031,27505,Nyctalus leisleri,0.009,0.023,-1,Echolocation,/mnt/ubna_data_02_mir/recover-20220922/UBNA_001/20220921_090000.WAV,Telephone Field,recover-20220922,001,1795
1238.7225,1238.7637,68437,82219,Rhinolophus ferrumequinum,0.022,0.022,-1,Echolocation,/mnt/ubna_data_02_mir/recover-20220922/UBNA_001/20220921_090000.WAV,Telephone Field,recover-20220922,001,1795
1238.7455,1238.7527,46953,50887,Pipistrellus pipistrellus,0.025,0.026,-1,Echolocation,/mnt/ubna_data_02_mir/recover-20220922/UBNA_001/20220921_090000.WAV,Telephone Field,recover-20220922,001,1795
1238.7735,1238.7959,20312,23158,Nyctalus leisleri,0.017,0.031,-1,Echolocation,/mnt/ubna_data_02_mir/recover-20220922/UBNA_001/20220921_090000.WAV,Telephone Field,recover-20220922,001,1795
1238.7805,1238.7924,23750,28179,Nyctalus leisleri,0.016,0.03,-1,Echolocation,/mnt/ubna_data_02_mir/recover-20220922/UBNA_001/20220921_090000.WAV,Telephone Field,recover-20220922,001,1795
1238.7835,1238.8251,68437,82097,Rhinolophus ferrumequinum,0.022,0.022,-1,Echolocation,/mnt/ubna_data_02_mir/recover-20220922/UBNA_001/20220921_090000.WAV,Telephone Field,recover-20220922,001,1795
1238.8205,1238.8288,28046,35998,Eptesicus serotinus,0.015,0.033,-1,Echolocation,/mnt/ubna_data_02_mir/recover-20220922/UBNA_001/20220921_090000.WAV,Telephone Field,recover-20220922,001,1795
1238.8215,1238.8309,47812,51886,Pipistrellus pipistrellus,0.027,0.03,-1,Echolocation,/mnt/ubna_data_02_mir/recover-20220922/UBNA_001/20220921_090000.WAV,Telephone Field,recover-20220922,001,1795
1238.8545,1238.8933,68437,82144,Rhinolophus ferrumequinum,0.022,0.022,-1,Echolocation,/mnt/ubna_data_02_mir/recover-20220922/UBNA_001/20220921_090000.WAV,Telephone Field,recover-20220922,001,1795
1238.8865,1238.9233,68437,81881,Rhinolophus ferrumequinum,0.022,0.022,-1,Echolocation,/mnt/ubna_data_02_mir/recover-20220922/UBNA_001/20220921_090000.WAV,Telephone Field,recover-20220922,001,1795
1238.9365,1238.9724,68437,81696,Rhinolophus ferrumequinum,0.023,0.023,-1,Echolocation,/mnt/ubna_data_02_mir/recover-20220922/UBNA_001/20220921_090000.WAV,Telephone Field,recover-20220922,001,1795
1238.9395,1238.9509,22890,28258,Nyctalus leisleri,0.012,0.025,-1,Echolocation,/mnt/ubna_data_02_mir/recover-20220922/UBNA_001/20220921_090000.WAV,Telephone Field,recover-20220922,001,1795
1238.9655,1239.0027,68437,81520,Rhinolophus ferrumequinum,0.027,0.027,-1,Echolocation,/mnt/ubna_data_02_mir/recover-20220922/UBNA_001/20220921_090000.WAV,Telephone Field,recover-20220922,001,1795
1238.9875,1238.9951,44375,53746,Pipistrellus pipistrellus,0.026,0.039,-1,Echolocation,/mnt/ubna_data_02_mir/recover-20220922/UBNA_001/20220921_090000.WAV,Telephone Field,recover-20220922,001,1795
1239.0305,1239.0647,68437,80898,Rhinolophus ferrumequinum,0.023,0.023,-1,Echolocation,/mnt/ubna_data_02_mir/recover-20220922/UBNA_001/20220921_090000.WAV,Telephone Field,recover-20220922,001,1795
1239.0735,1239.0825,55546,60422,Pipistrellus pygmaeus,0.022,0.023,-1,Echolocation,/mnt/ubna_data_02_mir/recover-20220922/UBNA_001/20220921_090000.WAV,Telephone Field,recover-20220922,001,1795
1239.0775,1239.0876,28046,35102,Eptesicus serotinus,0.013,0.027,-1,Echolocation,/mnt/ubna_data_02_mir/recover-20220922/UBNA_001/20220921_090000.WAV,Telephone Field,recover-20220922,001,1795
1239.0985,1239.1405,68437,83225,Rhinolophus ferrumequinum,0.043,0.043,-1,Echolocation,/mnt/ubna_data_02_mir/recover-20220922/UBNA_001/20220921_090000.WAV,Telephone Field,recover-20220922,001,1795
1239.1355,1239.1706,68437,81088,Rhinolophus ferrumequinum,0.023,0.023,-1,Echolocation,/mnt/ubna_data_02_mir/recover-20220922/UBNA_001/20220921_090000.WAV,Telephone Field,recover-20220922,001,1795
1239.1405,1239.1758,68437,81508,Rhinolophus ferrumequinum,0.023,0.023,-1,Echolocation,/mnt/ubna_data_02_mir/recover-20220922/UBNA_001/20220921_090000.WAV,Telephone Field,recover-20220922,001,1795
1239.1575,1239.1631,31484,50573,Myotis daubentonii,0.017,0.028,-1,Echolocation,/mnt/ubna_data_02_mir/recover-20220922/UBNA_001/20220921_090000.WAV,Telephone Field,recover-20220922,001,1795
1239.1585,1239.1649,25468,41470,Eptesicus serotinus,0.005,0.024,-1,Echolocation,/mnt/ubna_data_02_mir/recover-20220922/UBNA_001/20220921_090000.WAV,Telephone Field,recover-20220922,001,1795
1239.1685,1239.1836,22031,26668,Nyctalus leisleri,0.017,0.033,-1,Echolocation,/mnt/ubna_data_02_mir/recover-20220922/UBNA_001/20220921_090000.WAV,Telephone Field,recover-20220922,001,1795
1239.2145,1239.2555,68437,83171,Rhinolophus ferrumequinum,0.023,0.023,-1,Echolocation,/mnt/ubna_data_02_mir/recover-20220922/UBNA_001/20220921_090000.WAV,Telephone Field,recover-20220922,001,1795
1239.2875,1239.3273,68437,82258,Rhinolophus ferrumequinum,0.031,0.031,-1,Echolocation,/mnt/ubna_data_02_mir/recover-20220922/UBNA_001/20220921_090000.WAV,Telephone Field,recover-20220922,001,1795
1239.3795,1239.3868,28046,38841,Eptesicus serotinus,0.008,0.028,-1,Echolocation,/mnt/ubna_data_02_mir/recover-20220922/UBNA_001/20220921_090000.WAV,Telephone Field,recover-20220922,001,1795
1239.4055,1239.445,68437,82085,Rhinolophus ferrumequinum,0.023,0.023,-1,Echolocation,/mnt/ubna_data_02_mir/recover-20220922/UBNA_001/20220921_090000.WAV,Telephone Field,recover-20220922,001,1795
1239.4445,1239.4845,68437,81937,Rhinolophus ferrumequinum,0.024,0.024,-1,Echolocation,/mnt/ubna_data_02_mir/recover-20220922/UBNA_001/20220921_090000.WAV,Telephone Field,recover-20220922,001,1795
1239.4685,1239.477,27187,37125,Eptesicus serotinus,0.011,0.028,-1,Echolocation,/mnt/ubna_data_02_mir/recover-20220922/UBNA_001/20220921_090000.WAV,Telephone Field,recover-20220922,001,1795
1239.5135,1239.5228,28046,38947,Eptesicus serotinus,0.008,0.022,-1,Echolocation,/mnt/ubna_data_02_mir/recover-20220922/UBNA_001/20220921_090000.WAV,Telephone Field,recover-20220922,001,1795
1239.5315,1239.538,31484,53112,Myotis daubentonii,0.014,0.022,-1,Echolocation,/mnt/ubna_data_02_mir/recover-20220922/UBNA_001/20220921_090000.WAV,Telephone Field,recover-20220922,001,1795
1239.5405,1239.5602,19453,22016,Nyctalus leisleri,0.015,0.028,-1,Echolocation,/mnt/ubna_data_02_mir/recover-20220922/UBNA_001/20220921_090000.WAV,Telephone Field,recover-20220922,001,1795
1239.5805,1239.5911,22031,27014,Nyctalus leisleri,0.011,0.025,-1,Echolocation,/mnt/ubna_data_02_mir/recover-20220922/UBNA_001/20220921_090000.WAV,Telephone Field,recover-20220922,001,1795
1239.6105,1239.6484,68437,82150,Rhinolophus ferrumequinum,0.023,0.023,-1,Echolocation,/mnt/ubna_data_02_mir/recover-20220922/UBNA_001/20220921_090000.WAV,Telephone Field,recover-20220922,001,1795
1239.6485,1239.6926,68437,83323,Rhinolophus ferrumequinum,0.024,0.024,-1,Echolocation,/mnt/ubna_data_02_mir/recover-20220922/UBNA_001/20220921_090000.WAV,Telephone Field,recover-20220922,001,1795
1239.6555,1239.6984,68437,83729,Rhinolophus ferrumequinum,0.024,0.025,-1,Echolocation,/mnt/ubna_data_02_mir/recover-20220922/UBNA_001/20220921_090000.WAV,Telephone Field,recover-20220922,001,1795
1239.6765,1239.6857,28046,38014,Eptesicus serotinus,0.009,0.024,-1,Echolocation,/mnt/ubna_data_02_mir/recover-20220922/UBNA_001/20220921_090000.WAV,Telephone Field,recover-20220922,001,1795
1239.7105,1239.7206,26328,36608,Eptesicus serotinus,0.011,0.026,-1,Echolocation,/mnt/ubna_data_02_mir/recover-20220922/UBNA_001/20220921_090000.WAV,Telephone Field,recover-20220922,001,1795
1239.7215,1239.7304,26328,34300,Eptesicus serotinus,0.01,0.028,-1,Echolocation,/mnt/ubna_data_02_mir/recover-20220922/UBNA_001/20220921_090000.WAV,Telephone Field,recover-20220922,001,1795
1239.7775,1239.818,68437,82514,Rhinolophus ferrumequinum,0.024,0.024,-1,Echolocation,/mnt/ubna_data_02_mir/recover-20220922/UBNA_001/20220921_090000.WAV,Telephone Field,recover-20220922,001,1795
1239.7905,1239.7992,46953,50790,Pipistrellus pipistrellus,0.029,0.031,-1,Echolocation,/mnt/ubna_data_02_mir/recover-20220922/UBNA_001/20220921_090000.WAV,Telephone Field,recover-20220922,001,1795
1239.8025,1239.8088,46953,57176,Pipistrellus pipistrellus,0.016,0.022,-1,Echolocation,/mnt/ubna_data_02_mir/recover-20220922/UBNA_001/20220921_090000.WAV,Telephone Field,recover-20220922,001,1795
1239.8165,1239.8289,22890,27947,Nyctalus leisleri,0.011,0.022,-1,Echolocation,/mnt/ubna_data_02_mir/recover-20220922/UBNA_001/20220921_090000.WAV,Telephone Field,recover-20220922,001,1795
1239.8175,1239.8599,68437,82853,Rhinolophus ferrumequinum,0.027,0.027,-1,Echolocation,/mnt/ubna_data_02_mir/recover-20220922/UBNA_001/20220921_090000.WAV,Telephone Field,recover-20220922,001,1795
1239.8255,1239.8383,22031,26044,Nyctalus leisleri,0.014,0.024,-1,Echolocation,/mnt/ubna_data_02_mir/recover-20220922/UBNA_001/20220921_090000.WAV,Telephone Field,recover-20220922,001,1795
1239.8405,1239.852,28046,34932,Eptesicus serotinus,0.012,0.025,-1,Echolocation,/mnt/ubna_data_02_mir/recover-20220922/UBNA_001/20220921_090000.WAV,Telephone Field,recover-20220922,001,1795
1239.8595,1239.8673,25468,34063,Eptesicus serotinus,0.007,0.022,-1,Echolocation,/mnt/ubna_data_02_mir/recover-20220922/UBNA_001/20220921_090000.WAV,Telephone Field,recover-20220922,001,1795
1239.8905,1239.9025,22031,26269,Nyctalus leisleri,0.014,0.024,-1,Echolocation,/mnt/ubna_data_02_mir/recover-20220922/UBNA_001/20220921_090000.WAV,Telephone Field,recover-20220922,001,1795
1239.9005,1239.9406,68437,81982,Rhinolophus ferrumequinum,0.022,0.022,-1,Echolocation,/mnt/ubna_data_02_mir/recover-20220922/UBNA_001/20220921_090000.WAV,Telephone Field,recover-20220922,001,1795
1240.0015,1240.0302,69296,80930,Rhinolophus ferrumequinum,0.023,0.023,-1,Echolocation,/mnt/ubna_data_02_mir/recover-20220922/UBNA_001/20220921_090000.WAV,Telephone Field,recover-20220922,001,1795
1240.0015,1240.0097,22890,29040,Nyctalus leisleri,0.009,0.025,-1,Echolocation,/mnt/ubna_data_02_mir/recover-20220922/UBNA_001/20220921_090000.WAV,Telephone Field,recover-20220922,001,1795
1240.0025,1240.02,62421,71109,Pipistrellus pygmaeus,0.021,0.021,-1,Echolocation,/mnt/ubna_data_02_mir/recover-20220922/UBNA_001/20220921_090000.WAV,Telephone Field,recover-20220922,001,1795
1240.0155,1240.0604,68437,83534,Rhinolophus ferrumequinum,0.031,0.031,-1,Echolocation,/mnt/ubna_data_02_mir/recover-20220922/UBNA_001/20220921_090000.WAV,Telephone Field,recover-20220922,001,1795
1240.0215,1240.0307,28046,36397,Eptesicus serotinus,0.008,0.021,-1,Echolocation,/mnt/ubna_data_02_mir/recover-20220922/UBNA_001/20220921_090000.WAV,Telephone Field,recover-20220922,001,1795
1240.0535,1240.0901,68437,81995,Rhinolophus ferrumequinum,0.021,0.021,-1,Echolocation,/mnt/ubna_data_02_mir/recover-20220922/UBNA_001/20220921_090000.WAV,Telephone Field,recover-20220922,001,1795
1240.0605,1240.0709,22031,27366,Nyctalus leisleri,0.008,0.021,-1,Echolocation,/mnt/ubna_data_02_mir/recover-20220922/UBNA_001/20220921_090000.WAV,Telephone Field,recover-20220922,001,1795
1240.1025,1240.1365,68437,80908,Rhinolophus ferrumequinum,0.021,0.021,-1,Echolocation,/mnt/ubna_data_02_mir/recover-20220922/UBNA_001/20220921_090000.WAV,Telephone Field,recover-20220922,001,1795
1240.1285,1240.1351,25468,38755,Myotis nattereri,0.005,0.023,-1,Echolocation,/mnt/ubna_data_02_mir/recover-20220922/UBNA_001/20220921_090000.WAV,Telephone Field,recover-20220922,001,1795
1240.1465,1240.1877,68437,82569,Rhinolophus ferrumequinum,0.038,0.038,-1,Echolocation,/mnt/ubna_data_02_mir/recover-20220922/UBNA_001/20220921_090000.WAV,Telephone Field,recover-20220922,001,1795
1240.1775,1240.2179,68437,82339,Rhinolophus ferrumequinum,0.044,0.044,-1,Echolocation,/mnt/ubna_data_02_mir/recover-20220922/UBNA_001/20220921_090000.WAV,Telephone Field,recover-20220922,001,1795
1240.1785,1240.1844,24609,40249,Myotis nattereri,0.009,0.029,-1,Echolocation,/mnt/ubna_data_02_mir/recover-20220922/UBNA_001/20220921_090000.WAV,Telephone Field,recover-20220922,001,1795
1240.1915,1240.1995,28906,37637,Eptesicus serotinus,0.008,0.024,-1,Echolocation,/mnt/ubna_data_02_mir/recover-20220922/UBNA_001/20220921_090000.WAV,Telephone Field,recover-20220922,001,1795
1240.2025,1240.241,68437,82056,Rhinolophus ferrumequinum,0.021,0.021,-1,Echolocation,/mnt/ubna_data_02_mir/recover-20220922/UBNA_001/20220921_090000.WAV,Telephone Field,recover-20220922,001,1795
1240.2115,1240.2191,26328,35187,Eptesicus serotinus,0.006,0.02,-1,Echolocation,/mnt/ubna_data_02_mir/recover-20220922/UBNA_001/20220921_090000.WAV,Telephone Field,recover-20220922,001,1795
1240.2255,1240.2404,22031,25780,Nyctalus leisleri,0.015,0.026,-1,Echolocation,/mnt/ubna_data_02_mir/recover-20220922/UBNA_001/20220921_090000.WAV,Telephone Field,recover-20220922,001,1795
1240.2435,1240.2809,68437,82353,Rhinolophus ferrumequinum,0.021,0.021,-1,Echolocation,/mnt/ubna_data_02_mir/recover-20220922/UBNA_001/20220921_090000.WAV,Telephone Field,recover-20220922,001,1795
1240.2585,1240.2949,68437,80816,Rhinolophus ferrumequinum,0.024,0.024,-1,Echolocation,/mnt/ubna_data_02_mir/recover-20220922/UBNA_001/20220921_090000.WAV,Telephone Field,recover-20220922,001,1795
1240.2755,1240.3182,68437,83282,Rhinolophus ferrumequinum,0.035,0.035,-1,Echolocation,/mnt/ubna_data_02_mir/recover-20220922/UBNA_001/20220921_090000.WAV,Telephone Field,recover-20220922,001,1795
1240.2955,1240.3342,68437,82269,Rhinolophus ferrumequinum,0.025,0.025,-1,Echolocation,/mnt/ubna_data_02_mir/recover-20220922/UBNA_001/20220921_090000.WAV,Telephone Field,recover-20220922,001,1795
1240.3005,1240.3168,19453,24136,Nyctalus noctula,0.034,0.062,-1,Echolocation,/mnt/ubna_data_02_mir/recover-20220922/UBNA_001/20220921_090000.WAV,Telephone Field,recover-20220922,001,1795
1240.3265,1240.3647,68437,82611,Rhinolophus ferrumequinum,0.026,0.026,-1,Echolocation,/mnt/ubna_data_02_mir/recover-20220922/UBNA_001/20220921_090000.WAV,Telephone Field,recover-20220922,001,1795
1240.3505,1240.3911,68437,82465,Rhinolophus ferrumequinum,0.021,0.021,-1,Echolocation,/mnt/ubna_data_02_mir/recover-20220922/UBNA_001/20220921_090000.WAV,Telephone Field,recover-20220922,001,1795
1240.3545,1240.3633,27187,36802,Eptesicus serotinus,0.01,0.025,-1,Echolocation,/mnt/ubna_data_02_mir/recover-20220922/UBNA_001/20220921_090000.WAV,Telephone Field,recover-20220922,001,1795
1240.3765,1240.4126,68437,82308,Rhinolophus ferrumequinum,0.035,0.035,-1,Echolocation,/mnt/ubna_data_02_mir/recover-20220922/UBNA_001/20220921_090000.WAV,Telephone Field,recover-20220922,001,1795
1240.3915,1240.4299,68437,82733,Rhinolophus ferrumequinum,0.025,0.025,-1,Echolocation,/mnt/ubna_data_02_mir/recover-20220922/UBNA_001/20220921_090000.WAV,Telephone Field,recover-20220922,001,1795
1240.3925,1240.4003,28046,37815,Eptesicus serotinus,0.006,0.02,-1,Echolocation,/mnt/ubna_data_02_mir/recover-20220922/UBNA_001/20220921_090000.WAV,Telephone Field,recover-20220922,001,1795
1240.4345,1240.4398,37500,56610,Myotis brandtii,0.006,0.021,-1,Echolocation,/mnt/ubna_data_02_mir/recover-20220922/UBNA_001/20220921_090000.WAV,Telephone Field,recover-20220922,001,1795
1240.4575,1240.495,68437,82027,Rhinolophus ferrumequinum,0.022,0.022,-1,Echolocation,/mnt/ubna_data_02_mir/recover-20220922/UBNA_001/20220921_090000.WAV,Telephone Field,recover-20220922,001,1795
1240.4665,1240.5056,68437,82522,Rhinolophus ferrumequinum,0.023,0.023,-1,Echolocation,/mnt/ubna_data_02_mir/recover-20220922/UBNA_001/20220921_090000.WAV,Telephone Field,recover-20220922,001,1795
1240.4905,1240.5303,68437,83052,Rhinolophus ferrumequinum,0.023,0.024,-1,Echolocation,/mnt/ubna_data_02_mir/recover-20220922/UBNA_001/20220921_090000.WAV,Telephone Field,recover-20220922,001,1795
1240.5115,1240.5518,68437,82382,Rhinolophus ferrumequinum,0.026,0.026,-1,Echolocation,/mnt/ubna_data_02_mir/recover-20220922/UBNA_001/20220921_090000.WAV,Telephone Field,recover-20220922,001,1795
1240.5415,1240.5807,68437,81845,Rhinolophus ferrumequinum,0.02,0.02,-1,Echolocation,/mnt/ubna_data_02_mir/recover-20220922/UBNA_001/20220921_090000.WAV,Telephone Field,recover-20220922,001,1795
1240.5605,1240.5976,68437,81746,Rhinolophus ferrumequinum,0.022,0.022,-1,Echolocation,/mnt/ubna_data_02_mir/recover-20220922/UBNA_001/20220921_090000.WAV,Telephone Field,recover-20220922,001,1795
1240.6015,1240.6394,68437,81855,Rhinolophus ferrumequinum,0.02,0.02,-1,Echolocation,/mnt/ubna_data_02_mir/recover-20220922/UBNA_001/20220921_090000.WAV,Telephone Field,recover-20220922,001,1795
1240.6095,1240.646,68437,81535,Rhinolophus ferrumequinum,0.025,0.025,-1,Echolocation,/mnt/ubna_data_02_mir/recover-20220922/UBNA_001/20220921_090000.WAV,Telephone Field,recover-20220922,001,1795
1240.6375,1240.6773,68437,82652,Rhinolophus ferrumequinum,0.037,0.037,-1,Echolocation,/mnt/ubna_data_02_mir/recover-20220922/UBNA_001/20220921_090000.WAV,Telephone Field,recover-20220922,001,1795
1240.6435,1240.6546,26328,34007,Eptesicus serotinus,0.009,0.02,-1,Echolocation,/mnt/ubna_data_02_mir/recover-20220922/UBNA_001/20220921_090000.WAV,Telephone Field,recover-20220922,001,1795
1240.6605,1240.6674,28046,37777,Eptesicus serotinus,0.008,0.027,-1,Echolocation,/mnt/ubna_data_02_mir/recover-20220922/UBNA_001/20220921_090000.WAV,Telephone Field,recover-20220922,001,1795
1240.6825,1240.6904,28046,39171,Eptesicus serotinus,0.009,0.026,-1,Echolocation,/mnt/ubna_data_02_mir/recover-20220922/UBNA_001/20220921_090000.WAV,Telephone Field,recover-20220922,001,1795
1240.6995,1240.7092,28046,35916,Eptesicus serotinus,0.009,0.021,-1,Echolocation,/mnt/ubna_data_02_mir/recover-20220922/UBNA_001/20220921_090000.WAV,Telephone Field,recover-20220922,001,1795
1240.7505,1240.7889,68437,82003,Rhinolophus ferrumequinum,0.022,0.023,-1,Echolocation,/mnt/ubna_data_02_mir/recover-20220922/UBNA_001/20220921_090000.WAV,Telephone Field,recover-20220922,001,1795
1240.7585,1240.7976,68437,82228,Rhinolophus ferrumequinum,0.024,0.024,-1,Echolocation,/mnt/ubna_data_02_mir/recover-20220922/UBNA_001/20220921_090000.WAV,Telephone Field,recover-20220922,001,1795
1240.7855,1240.8229,68437,82329,Rhinolophus ferrumequinum,0.02,0.02,-1,Echolocation,/mnt/ubna_data_02_mir/recover-20220922/UBNA_001/20220921_090000.WAV,Telephone Field,recover-20220922,001,1795
1240.7895,1240.7986,43515,51983,Pipistrellus pipistrellus,0.011,0.022,-1,Echolocation,/mnt/ubna_data_02_mir/recover-20220922/UBNA_001/20220921_090000.WAV,Telephone Field,recover-20220922,001,1795
1240.8035,1240.8405,68437,82281,Rhinolophus ferrumequinum,0.02,0.02,-1,Echolocation,/mnt/ubna_data_02_mir/recover-20220922/UBNA_001/20220921_090000.WAV,Telephone Field,recover-20220922,001,1795
1240.8125,1240.8232,24609,31294,Nyctalus leisleri,0.008,0.024,-1,Echolocation,/mnt/ubna_data_02_mir/recover-20220922/UBNA_001/20220921_090000.WAV,Telephone Field,recover-20220922,001,1795
1240.8465,1240.8876,68437,82889,Rhinolophus ferrumequinum,0.028,0.028,-1,Echolocation,/mnt/ubna_data_02_mir/recover-20220922/UBNA_001/20220921_090000.WAV,Telephone Field,recover-20220922,001,1795
1240.8735,1240.9117,68437,82194,Rhinolophus ferrumequinum,0.021,0.021,-1,Echolocation,/mnt/ubna_data_02_mir/recover-20220922/UBNA_001/20220921_090000.WAV,Telephone Field,recover-20220922,001,1795
1240.9025,1240.9403,68437,82045,Rhinolophus ferrumequinum,0.02,0.02,-1,Echolocation,/mnt/ubna_data_02_mir/recover-20220922/UBNA_001/20220921_090000.WAV,Telephone Field,recover-20220922,001,1795
1240.9155,1240.9235,28046,36674,Eptesicus serotinus,0.01,0.025,-1,Echolocation,/mnt/ubna_data_02_mir/recover-20220922/UBNA_001/20220921_090000.WAV,Telephone Field,recover-20220922,001,1795
1240.9285,1240.9423,57265,62879,Pipistrellus pygmaeus,0.029,0.03,-1,Echolocation,/mnt/ubna_data_02_mir/recover-20220922/UBNA_001/20220921_090000.WAV,Telephone Field,recover-20220922,001,1795
1240.9495,1240.96,22890,27479,Nyctalus leisleri,0.01,0.021,-1,Echolocation,/mnt/ubna_data_02_mir/recover-20220922/UBNA_001/20220921_090000.WAV,Telephone Field,recover-20220922,001,1795
1240.9665,1241.0068,68437,82681,Rhinolophus ferrumequinum,0.024,0.024,-1,Echolocation,/mnt/ubna_data_02_mir/recover-20220922/UBNA_001/20220921_090000.WAV,Telephone Field,recover-20220922,001,1795
1241.0175,1241.0581,68437,82107,Rhinolophus ferrumequinum,0.022,0.022,-1,Echolocation,/mnt/ubna_data_02_mir/recover-20220922/UBNA_001/20220921_090000.WAV,Telephone Field,recover-20220922,001,1795
1241.0205,1241.0285,28046,37378,Eptesicus serotinus,0.007,0.021,-1,Echolocation,/mnt/ubna_data_02_mir/recover-20220922/UBNA_001/20220921_090000.WAV,Telephone Field,recover-20220922,001,1795
1241.0325,1241.0701,68437,81043,Rhinolophus ferrumequinum,0.021,0.021,-1,Echolocation,/mnt/ubna_data_02_mir/recover-20220922/UBNA_001/20220921_090000.WAV,Telephone Field,recover-20220922,001,1795
1241.0365,1241.0444,27187,41095,Eptesicus serotinus,0.007,0.023,-1,Echolocation,/mnt/ubna_data_02_mir/recover-20220922/UBNA_001/20220921_090000.WAV,Telephone Field,recover-20220922,001,1795
1241.0805,1241.0904,26328,35348,Eptesicus serotinus,0.013,0.025,-1,Echolocation,/mnt/ubna_data_02_mir/recover-20220922/UBNA_001/20220921_090000.WAV,Telephone Field,recover-20220922,001,1795
1241.1105,1241.1489,68437,82326,Rhinolophus ferrumequinum,0.022,0.022,-1,Echolocation,/mnt/ubna_data_02_mir/recover-20220922/UBNA_001/20220921_090000.WAV,Telephone Field,recover-20220922,001,1795
1241.1515,1241.1951,68437,82864,Rhinolophus ferrumequinum,0.035,0.035,-1,Echolocation,/mnt/ubna_data_02_mir/recover-20220922/UBNA_001/20220921_090000.WAV,Telephone Field,recover-20220922,001,1795
1241.1845,1241.224,68437,82390,Rhinolophus ferrumequinum,0.02,0.02,-1,Echolocation,/mnt/ubna_data_02_mir/recover-20220922/UBNA_001/20220921_090000.WAV,Telephone Field,recover-20220922,001,1795
1241.1915,1241.1993,28046,40173,Eptesicus serotinus,0.007,0.022,-1,Echolocation,/mnt/ubna_data_02_mir/recover-20220922/UBNA_001/20220921_090000.WAV,Telephone Field,recover-20220922,001,1795
1241.2145,1241.2303,21171,24118,Nyctalus leisleri,0.014,0.021,-1,Echolocation,/mnt/ubna_data_02_mir/recover-20220922/UBNA_001/20220921_090000.WAV,Telephone Field,recover-20220922,001,1795
1241.2155,1241.2536,68437,82078,Rhinolophus ferrumequinum,0.02,0.02,-1,Echolocation,/mnt/ubna_data_02_mir/recover-20220922/UBNA_001/20220921_090000.WAV,Telephone Field,recover-20220922,001,1795
1241.2445,1241.2842,68437,82605,Rhinolophus ferrumequinum,0.024,0.024,-1,Echolocation,/mnt/ubna_data_02_mir/recover-20220922/UBNA_001/20220921_090000.WAV,Telephone Field,recover-20220922,001,1795
1241.2465,1241.2633,20312,23970,Nyctalus leisleri,0.014,0.028,-1,Echolocation,/mnt/ubna_data_02_mir/recover-20220922/UBNA_001/20220921_090000.WAV,Telephone Field,recover-20220922,001,1795
1241.2695,1241.2755,46953,53430,Pipistrellus pipistrellus,0.023,0.027,-1,Echolocation,/mnt/ubna_data_02_mir/recover-20220922/UBNA_001/20220921_090000.WAV,Telephone Field,recover-20220922,001,1795
1241.2705,1241.3098,68437,82206,Rhinolophus ferrumequinum,0.024,0.024,-1,Echolocation,/mnt/ubna_data_02_mir/recover-20220922/UBNA_001/20220921_090000.WAV,Telephone Field,recover-20220922,001,1795
1241.3365,1241.3744,68437,82226,Rhinolophus ferrumequinum,0.024,0.024,-1,Echolocation,/mnt/ubna_data_02_mir/recover-20220922/UBNA_001/20220921_090000.WAV,Telephone Field,recover-20220922,001,1795
1241.3435,1241.3535,21171,25755,Nyctalus leisleri,0.01,0.022,-1,Echolocation,/mnt/ubna_data_02_mir/recover-20220922/UBNA_001/20220921_090000.WAV,Telephone Field,recover-20220922,001,1795
1241.3885,1241.425,68437,81562,Rhinolophus ferrumequinum,0.021,0.021,-1,Echolocation,/mnt/ubna_data_02_mir/recover-20220922/UBNA_001/20220921_090000.WAV,Telephone Field,recover-20220922,001,1795
1241.3895,1241.3977,28046,39296,Eptesicus serotinus,0.007,0.023,-1,Echolocation,/mnt/ubna_data_02_mir/recover-20220922/UBNA_001/20220921_090000.WAV,Telephone Field,recover-20220922,001,1795
1241.4185,1241.4533,68437,81390,Rhinolophus ferrumequinum,0.022,0.022,-1,Echolocation,/mnt/ubna_data_02_mir/recover-20220922/UBNA_001/20220921_090000.WAV,Telephone Field,recover-20220922,001,1795
1241.4775,1241.4883,28906,35769,Eptesicus serotinus,0.01,0.025,-1,Echolocation,/mnt/ubna_data_02_mir/recover-20220922/UBNA_001/20220921_090000.WAV,Telephone Field,recover-20220922,001,1795
1241.5035,1241.5426,68437,82428,Rhinolophus ferrumequinum,0.02,0.02,-1,Echolocation,/mnt/ubna_data_02_mir/recover-20220922/UBNA_001/20220921_090000.WAV,Telephone Field,recover-20220922,001,1795
1241.5085,1241.5191,48671,52216,Pipistrellus pipistrellus,0.024,0.029,-1,Echolocation,/mnt/ubna_data_02_mir/recover-20220922/UBNA_001/20220921_090000.WAV,Telephone Field,recover-20220922,001,1795
1241.5835,1241.6216,68437,81986,Rhinolophus ferrumequinum,0.024,0.024,-1,Echolocation,/mnt/ubna_data_02_mir/recover-20220922/UBNA_001/20220921_090000.WAV,Telephone Field,recover-20220922,001,1795
1241.6285,1241.6355,27187,37777,Eptesicus serotinus,0.005,0.02,-1,Echolocation,/mnt/ubna_data_02_mir/recover-20220922/UBNA_001/20220921_090000.WAV,Telephone Field,recover-20220922,001,1795
1241.6405,1241.6837,68437,83514,Rhinolophus ferrumequinum,0.034,0.034,-1,Echolocation,/mnt/ubna_data_02_mir/recover-20220922/UBNA_001/20220921_090000.WAV,Telephone Field,recover-20220922,001,1795
1241.6795,1241.7152,68437,81288,Rhinolophus ferrumequinum,0.02,0.02,-1,Echolocation,/mnt/ubna_data_02_mir/recover-20220922/UBNA_001/20220921_090000.WAV,Telephone Field,recover-20220922,001,1795
1241.6955,1241.7355,68437,82095,Rhinolophus ferrumequinum,0.023,0.023,-1,Echolocation,/mnt/ubna_data_02_mir/recover-20220922/UBNA_001/20220921_090000.WAV,Telephone Field,recover-20220922,001,1795
1241.7355,1241.7730999999999,68437,81935,Rhinolophus ferrumequinum,0.022,0.022,-1,Echolocation,/mnt/ubna_data_02_mir/recover-20220922/UBNA_001/20220921_090000.WAV,Telephone Field,recover-20220922,001,1795
1241.7555,1241.792,68437,81658,Rhinolophus ferrumequinum,0.024,0.024,-1,Echolocation,/mnt/ubna_data_02_mir/recover-20220922/UBNA_001/20220921_090000.WAV,Telephone Field,recover-20220922,001,1795
1241.7825,1241.8196,68437,81957,Rhinolophus ferrumequinum,0.02,0.02,-1,Echolocation,/mnt/ubna_data_02_mir/recover-20220922/UBNA_001/20220921_090000.WAV,Telephone Field,recover-20220922,001,1795
1241.7905,1241.8008,28046,36433,Eptesicus serotinus,0.009,0.021,-1,Echolocation,/mnt/ubna_data_02_mir/recover-20220922/UBNA_001/20220921_090000.WAV,Telephone Field,recover-20220922,001,1795
1241.8085,1241.8445,68437,81898,Rhinolophus ferrumequinum,0.021,0.021,-1,Echolocation,/mnt/ubna_data_02_mir/recover-20220922/UBNA_001/20220921_090000.WAV,Telephone Field,recover-20220922,001,1795
1241.8165,1241.8555,68437,81961,Rhinolophus ferrumequinum,0.021,0.021,-1,Echolocation,/mnt/ubna_data_02_mir/recover-20220922/UBNA_001/20220921_090000.WAV,Telephone Field,recover-20220922,001,1795
1241.8435,1241.8836,68437,82556,Rhinolophus ferrumequinum,0.021,0.021,-1,Echolocation,/mnt/ubna_data_02_mir/recover-20220922/UBNA_001/20220921_090000.WAV,Telephone Field,recover-20220922,001,1795
1241.8755,1241.8846,28046,37427,Eptesicus serotinus,0.018,0.036,-1,Echolocation,/mnt/ubna_data_02_mir/recover-20220922/UBNA_001/20220921_090000.WAV,Telephone Field,recover-20220922,001,1795
1241.8775,1241.9187,68437,82563,Rhinolophus ferrumequinum,0.025,0.025,-1,Echolocation,/mnt/ubna_data_02_mir/recover-20220922/UBNA_001/20220921_090000.WAV,Telephone Field,recover-20220922,001,1795
1241.9315,1241.9436,22031,26826,Nyctalus leisleri,0.012,0.024,-1,Echolocation,/mnt/ubna_data_02_mir/recover-20220922/UBNA_001/20220921_090000.WAV,Telephone Field,recover-20220922,001,1795
1241.9385,1241.9488,22031,26795,Nyctalus leisleri,0.011,0.024,-1,Echolocation,/mnt/ubna_data_02_mir/recover-20220922/UBNA_001/20220921_090000.WAV,Telephone Field,recover-20220922,001,1795
1241.9385,1241.9466,28046,38887,Eptesicus serotinus,0.007,0.021,-1,Echolocation,/mnt/ubna_data_02_mir/recover-20220922/UBNA_001/20220921_090000.WAV,Telephone Field,recover-20220922,001,1795
1241.9835,1241.9928,24609,32973,Eptesicus serotinus,0.007,0.021,-1,Echolocation,/mnt/ubna_data_02_mir/recover-20220922/UBNA_001/20220921_090000.WAV,Telephone Field,recover-20220922,001,1795
1242.0015,1242.0096,24609,35517,Nyctalus leisleri,0.007,0.026,-1,Echolocation,/mnt/ubna_data_02_mir/recover-20220922/UBNA_001/20220921_090000.WAV,Telephone Field,recover-20220922,001,1795
1242.0015,1242.034,68437,79300,Rhinolophus ferrumequinum,0.051,0.051,-1,Echolocation,/mnt/ubna_data_02_mir/recover-20220922/UBNA_001/20220921_090000.WAV,Telephone Field,recover-20220922,001,1795
1242.0075,1242.0446,67578,79413,Rhinolophus ferrumequinum,0.021,0.022,-1,Echolocation,/mnt/ubna_data_02_mir/recover-20220922/UBNA_001/20220921_090000.WAV,Telephone Field,recover-20220922,001,1795
1242.0225,1242.0307,49531,53926,Pipistrellus pipistrellus,0.022,0.024,-1,Echolocation,/mnt/ubna_data_02_mir/recover-20220922/UBNA_001/20220921_090000.WAV,Telephone Field,recover-20220922,001,1795
1242.0385,1242.0774,68437,82826,Rhinolophus ferrumequinum,0.029,0.029,-1,Echolocation,/mnt/ubna_data_02_mir/recover-20220922/UBNA_001/20220921_090000.WAV,Telephone Field,recover-20220922,001,1795
1242.0495,1242.0864,68437,81964,Rhinolophus ferrumequinum,0.023,0.023,-1,Echolocation,/mnt/ubna_data_02_mir/recover-20220922/UBNA_001/20220921_090000.WAV,Telephone Field,recover-20220922,001,1795
1242.0645,1242.0848,16875,20348,Nyctalus noctula,0.014,0.022,-1,Echolocation,/mnt/ubna_data_02_mir/recover-20220922/UBNA_001/20220921_090000.WAV,Telephone Field,recover-20220922,001,1795
1242.0705,1242.0795,43515,47959,Pipistrellus pipistrellus,0.019,0.023,-1,Echolocation,/mnt/ubna_data_02_mir/recover-20220922/UBNA_001/20220921_090000.WAV,Telephone Field,recover-20220922,001,1795
1242.1045,1242.1415,68437,81427,Rhinolophus ferrumequinum,0.022,0.022,-1,Echolocation,/mnt/ubna_data_02_mir/recover-20220922/UBNA_001/20220921_090000.WAV,Telephone Field,recover-20220922,001,1795
1242.1075,1242.1175,28906,36610,Eptesicus serotinus,0.011,0.027,-1,Echolocation,/mnt/ubna_data_02_mir/recover-20220922/UBNA_001/20220921_090000.WAV,Telephone Field,recover-20220922,001,1795
1242.1345,1242.1758,68437,82108,Rhinolophus ferrumequinum,0.022,0.022,-1,Echolocation,/mnt/ubna_data_02_mir/recover-20220922/UBNA_001/20220921_090000.WAV,Telephone Field,recover-20220922,001,1795
1242.1615,1242.1985,68437,81691,Rhinolophus ferrumequinum,0.024,0.024,-1,Echolocation,/mnt/ubna_data_02_mir/recover-20220922/UBNA_001/20220921_090000.WAV,Telephone Field,recover-20220922,001,1795
1242.1635,1242.1714,27187,39869,Eptesicus serotinus,0.007,0.022,-1,Echolocation,/mnt/ubna_data_02_mir/recover-20220922/UBNA_001/20220921_090000.WAV,Telephone Field,recover-20220922,001,1795
1242.1755,1242.1875,24609,30679,Nyctalus leisleri,0.012,0.029,-1,Echolocation,/mnt/ubna_data_02_mir/recover-20220922/UBNA_001/20220921_090000.WAV,Telephone Field,recover-20220922,001,1795
1242.2025,1242.2104,28046,38678,Eptesicus serotinus,0.009,0.026,-1,Echolocation,/mnt/ubna_data_02_mir/recover-20220922/UBNA_001/20220921_090000.WAV,Telephone Field,recover-20220922,001,1795
1242.2145,1242.2496,68437,80783,Rhinolophus ferrumequinum,0.027,0.027,-1,Echolocation,/mnt/ubna_data_02_mir/recover-20220922/UBNA_001/20220921_090000.WAV,Telephone Field,recover-20220922,001,1795
1242.2535,1242.291,68437,81495,Rhinolophus ferrumequinum,0.03,0.03,-1,Echolocation,/mnt/ubna_data_02_mir/recover-20220922/UBNA_001/20220921_090000.WAV,Telephone Field,recover-20220922,001,1795
1242.2535,1242.2658,28046,35245,Eptesicus serotinus,0.014,0.027,-1,Echolocation,/mnt/ubna_data_02_mir/recover-20220922/UBNA_001/20220921_090000.WAV,Telephone Field,recover-20220922,001,1795
1242.2715,1242.3082,68437,82620,Rhinolophus ferrumequinum,0.024,0.024,-1,Echolocation,/mnt/ubna_data_02_mir/recover-20220922/UBNA_001/20220921_090000.WAV,Telephone Field,recover-20220922,001,1795
1242.2995,1242.3093,28046,39088,Eptesicus serotinus,0.01,0.024,-1,Echolocation,/mnt/ubna_data_02_mir/recover-20220922/UBNA_001/20220921_090000.WAV,Telephone Field,recover-20220922,001,1795
1242.3175,1242.3514,68437,81152,Rhinolophus ferrumequinum,0.022,0.022,-1,Echolocation,/mnt/ubna_data_02_mir/recover-20220922/UBNA_001/20220921_090000.WAV,Telephone Field,recover-20220922,001,1795
1242.3305,1242.3418,22031,26734,Nyctalus leisleri,0.011,0.023,-1,Echolocation,/mnt/ubna_data_02_mir/recover-20220922/UBNA_001/20220921_090000.WAV,Telephone Field,recover-20220922,001,1795
1242.3745,1242.4158,68437,82341,Rhinolophus ferrumequinum,0.044,0.044,-1,Echolocation,/mnt/ubna_data_02_mir/recover-20220922/UBNA_001/20220921_090000.WAV,Telephone Field,recover-20220922,001,1795
1242.3765,1242.3867,22890,27415,Nyctalus leisleri,0.011,0.023,-1,Echolocation,/mnt/ubna_data_02_mir/recover-20220922/UBNA_001/20220921_090000.WAV,Telephone Field,recover-20220922,001,1795
1242.4045,1242.4149,27187,38375,Eptesicus serotinus,0.011,0.026,-1,Echolocation,/mnt/ubna_data_02_mir/recover-20220922/UBNA_001/20220921_090000.WAV,Telephone Field,recover-20220922,001,1795
1242.4265,1242.4397,22031,25964,Nyctalus leisleri,0.015,0.026,-1,Echolocation,/mnt/ubna_data_02_mir/recover-20220922/UBNA_001/20220921_090000.WAV,Telephone Field,recover-20220922,001,1795
1242.4295,1242.467,68437,82014,Rhinolophus ferrumequinum,0.023,0.023,-1,Echolocation,/mnt/ubna_data_02_mir/recover-20220922/UBNA_001/20220921_090000.WAV,Telephone Field,recover-20220922,001,1795
1242.4355,1242.4425,28906,38339,Eptesicus serotinus,0.007,0.023,-1,Echolocation,/mnt/ubna_data_02_mir/recover-20220922/UBNA_001/20220921_090000.WAV,Telephone Field,recover-20220922,001,1795
1242.4385,1242.4749,68437,82032,Rhinolophus ferrumequinum,0.023,0.023,-1,Echolocation,/mnt/ubna_data_02_mir/recover-20220922/UBNA_001/20220921_090000.WAV,Telephone Field,recover-20220922,001,1795
1242.4465,1242.4525,48671,55075,Pipistrellus pipistrellus,0.088,0.091,-1,Echolocation,/mnt/ubna_data_02_mir/recover-20220922/UBNA_001/20220921_090000.WAV,Telephone Field,recover-20220922,001,1795
1242.4655,1242.5085,68437,82964,Rhinolophus ferrumequinum,0.03,0.03,-1,Echolocation,/mnt/ubna_data_02_mir/recover-20220922/UBNA_001/20220921_090000.WAV,Telephone Field,recover-20220922,001,1795
1242.4785,1242.4857,27187,39701,Eptesicus serotinus,0.006,0.025,-1,Echolocation,/mnt/ubna_data_02_mir/recover-20220922/UBNA_001/20220921_090000.WAV,Telephone Field,recover-20220922,001,1795
1242.4795,1242.5209,68437,83193,Rhinolophus ferrumequinum,0.038,0.038,-1,Echolocation,/mnt/ubna_data_02_mir/recover-20220922/UBNA_001/20220921_090000.WAV,Telephone Field,recover-20220922,001,1795
1242.5025,1242.5101,28046,38539,Eptesicus serotinus,0.007,0.023,-1,Echolocation,/mnt/ubna_data_02_mir/recover-20220922/UBNA_001/20220921_090000.WAV,Telephone Field,recover-20220922,001,1795
1242.5185,1242.5278,24609,32658,Eptesicus serotinus,0.008,0.022,-1,Echolocation,/mnt/ubna_data_02_mir/recover-20220922/UBNA_001/20220921_090000.WAV,Telephone Field,recover-20220922,001,1795
1242.5295,1242.5376,47812,54803,Pipistrellus pipistrellus,0.023,0.025,-1,Echolocation,/mnt/ubna_data_02_mir/recover-20220922/UBNA_001/20220921_090000.WAV,Telephone Field,recover-20220922,001,1795
1242.5355,1242.5423,28046,38366,Eptesicus serotinus,0.023,0.057,-1,Echolocation,/mnt/ubna_data_02_mir/recover-20220922/UBNA_001/20220921_090000.WAV,Telephone Field,recover-20220922,001,1795
1242.5525,1242.5921,68437,83084,Rhinolophus ferrumequinum,0.027,0.027,-1,Echolocation,/mnt/ubna_data_02_mir/recover-20220922/UBNA_001/20220921_090000.WAV,Telephone Field,recover-20220922,001,1795
1242.5625,1242.6042,68437,82942,Rhinolophus ferrumequinum,0.025,0.025,-1,Echolocation,/mnt/ubna_data_02_mir/recover-20220922/UBNA_001/20220921_090000.WAV,Telephone Field,recover-20220922,001,1795
1242.6035,1242.6408,68437,82086,Rhinolophus ferrumequinum,0.03,0.03,-1,Echolocation,/mnt/ubna_data_02_mir/recover-20220922/UBNA_001/20220921_090000.WAV,Telephone Field,recover-20220922,001,1795
1242.6525,1242.6955,68437,82777,Rhinolophus ferrumequinum,0.025,0.025,-1,Echolocation,/mnt/ubna_data_02_mir/recover-20220922/UBNA_001/20220921_090000.WAV,Telephone Field,recover-20220922,001,1795
1242.6645,1242.6741,24609,32733,Eptesicus serotinus,0.008,0.022,-1,Echolocation,/mnt/ubna_data_02_mir/recover-20220922/UBNA_001/20220921_090000.WAV,Telephone Field,recover-20220922,001,1795
1242.7125,1242.7536,68437,82962,Rhinolophus ferrumequinum,0.035,0.035,-1,Echolocation,/mnt/ubna_data_02_mir/recover-20220922/UBNA_001/20220921_090000.WAV,Telephone Field,recover-20220922,001,1795
1242.7135,1242.724,24609,31182,Nyctalus leisleri,0.013,0.037,-1,Echolocation,/mnt/ubna_data_02_mir/recover-20220922/UBNA_001/20220921_090000.WAV,Telephone Field,recover-20220922,001,1795
1242.7435,1242.7845,68437,82562,Rhinolophus ferrumequinum,0.024,0.024,-1,Echolocation,/mnt/ubna_data_02_mir/recover-20220922/UBNA_001/20220921_090000.WAV,Telephone Field,recover-20220922,001,1795
1242.7455,1242.7538,27187,38823,Eptesicus serotinus,0.008,0.024,-1,Echolocation,/mnt/ubna_data_02_mir/recover-20220922/UBNA_001/20220921_090000.WAV,Telephone Field,recover-20220922,001,1795
1242.7625,1242.8039,68437,82964,Rhinolophus ferrumequinum,0.032,0.032,-1,Echolocation,/mnt/ubna_data_02_mir/recover-20220922/UBNA_001/20220921_090000.WAV,Telephone Field,recover-20220922,001,1795
1242.8235,1242.8284,51250,60741,Pipistrellus pipistrellus,0.017,0.022,-1,Echolocation,/mnt/ubna_data_02_mir/recover-20220922/UBNA_001/20220921_090000.WAV,Telephone Field,recover-20220922,001,1795
1242.8365,1242.8471,28906,35817,Eptesicus serotinus,0.01,0.026,-1,Echolocation,/mnt/ubna_data_02_mir/recover-20220922/UBNA_001/20220921_090000.WAV,Telephone Field,recover-20220922,001,1795
1242.8585,1242.8677,26328,38725,Eptesicus serotinus,0.011,0.025,-1,Echolocation,/mnt/ubna_data_02_mir/recover-20220922/UBNA_001/20220921_090000.WAV,Telephone Field,recover-20220922,001,1795
1242.8755,1242.9149,68437,82293,Rhinolophus ferrumequinum,0.024,0.024,-1,Echolocation,/mnt/ubna_data_02_mir/recover-20220922/UBNA_001/20220921_090000.WAV,Telephone Field,recover-20220922,001,1795
1242.8785,1242.8857,28046,38992,Eptesicus serotinus,0.007,0.024,-1,Echolocation,/mnt/ubna_data_02_mir/recover-20220922/UBNA_001/20220921_090000.WAV,Telephone Field,recover-20220922,001,1795
1242.8835,1242.9236,68437,82682,Rhinolophus ferrumequinum,0.025,0.025,-1,Echolocation,/mnt/ubna_data_02_mir/recover-20220922/UBNA_001/20220921_090000.WAV,Telephone Field,recover-20220922,001,1795
1242.9025,1242.9131,22890,28059,Nyctalus leisleri,0.011,0.022,-1,Echolocation,/mnt/ubna_data_02_mir/recover-20220922/UBNA_001/20220921_090000.WAV,Telephone Field,recover-20220922,001,1795
1242.9175,1242.9249,27187,45579,Eptesicus serotinus,0.006,0.022,-1,Echolocation,/mnt/ubna_data_02_mir/recover-20220922/UBNA_001/20220921_090000.WAV,Telephone Field,recover-20220922,001,1795
1242.9305,1242.966,68437,81901,Rhinolophus ferrumequinum,0.024,0.024,-1,Echolocation,/mnt/ubna_data_02_mir/recover-20220922/UBNA_001/20220921_090000.WAV,Telephone Field,recover-20220922,001,1795
1242.9405,1242.9506,27187,34595,Eptesicus serotinus,0.012,0.026,-1,Echolocation,/mnt/ubna_data_02_mir/recover-20220922/UBNA_001/20220921_090000.WAV,Telephone Field,recover-20220922,001,1795
1242.9765,1243.0173,68437,82398,Rhinolophus ferrumequinum,0.027,0.027,-1,Echolocation,/mnt/ubna_data_02_mir/recover-20220922/UBNA_001/20220921_090000.WAV,Telephone Field,recover-20220922,001,1795
1242.9995,1243.0412,68437,82808,Rhinolophus ferrumequinum,0.027,0.027,-1,Echolocation,/mnt/ubna_data_02_mir/recover-20220922/UBNA_001/20220921_090000.WAV,Telephone Field,recover-20220922,001,1795
1243.0405,1243.0511,43515,50154,Pipistrellus pipistrellus,0.015,0.029,-1,Echolocation,/mnt/ubna_data_02_mir/recover-20220922/UBNA_001/20220921_090000.WAV,Telephone Field,recover-20220922,001,1795
1243.0435,1243.085,68437,82805,Rhinolophus ferrumequinum,0.033,0.033,-1,Echolocation,/mnt/ubna_data_02_mir/recover-20220922/UBNA_001/20220921_090000.WAV,Telephone Field,recover-20220922,001,1795
1243.0465,1243.0561,26328,35844,Eptesicus serotinus,0.015,0.031,-1,Echolocation,/mnt/ubna_data_02_mir/recover-20220922/UBNA_001/20220921_090000.WAV,Telephone Field,recover-20220922,001,1795
1243.0805,1243.0888,28046,37796,Eptesicus serotinus,0.009,0.024,-1,Echolocation,/mnt/ubna_data_02_mir/recover-20220922/UBNA_001/20220921_090000.WAV,Telephone Field,recover-20220922,001,1795
1243.0945,1243.1298,68437,81665,Rhinolophus ferrumequinum,0.025,0.025,-1,Echolocation,/mnt/ubna_data_02_mir/recover-20220922/UBNA_001/20220921_090000.WAV,Telephone Field,recover-20220922,001,1795
1243.1095,1243.1193,26328,35884,Eptesicus serotinus,0.015,0.03,-1,Echolocation,/mnt/ubna_data_02_mir/recover-20220922/UBNA_001/20220921_090000.WAV,Telephone Field,recover-20220922,001,1795
1243.1245,1243.1346,27187,37349,Eptesicus serotinus,0.012,0.026,-1,Echolocation,/mnt/ubna_data_02_mir/recover-20220922/UBNA_001/20220921_090000.WAV,Telephone Field,recover-20220922,001,1795
1243.1515,1243.1878,68437,81655,Rhinolophus ferrumequinum,0.024,0.024,-1,Echolocation,/mnt/ubna_data_02_mir/recover-20220922/UBNA_001/20220921_090000.WAV,Telephone Field,recover-20220922,001,1795
1243.1655,1243.2033,68437,82137,Rhinolophus ferrumequinum,0.022,0.022,-1,Echolocation,/mnt/ubna_data_02_mir/recover-20220922/UBNA_001/20220921_090000.WAV,Telephone Field,recover-20220922,001,1795
1243.1665,1243.1766,23750,30117,Nyctalus leisleri,0.009,0.022,-1,Echolocation,/mnt/ubna_data_02_mir/recover-20220922/UBNA_001/20220921_090000.WAV,Telephone Field,recover-20220922,001,1795
1243.2105,1243.2513,68437,82536,Rhinolophus ferrumequinum,0.022,0.022,-1,Echolocation,/mnt/ubna_data_02_mir/recover-20220922/UBNA_001/20220921_090000.WAV,Telephone Field,recover-20220922,001,1795
1243.2165,1243.2277,27187,33821,Eptesicus serotinus,0.024,0.043,-1,Echolocation,/mnt/ubna_data_02_mir/recover-20220922/UBNA_001/20220921_090000.WAV,Telephone Field,recover-20220922,001,1795
1243.2495,1243.2619,23750,29073,Nyctalus leisleri,0.013,0.027,-1,Echolocation,/mnt/ubna_data_02_mir/recover-20220922/UBNA_001/20220921_090000.WAV,Telephone Field,recover-20220922,001,1795
1243.2845,1243.3234,68437,82092,Rhinolophus ferrumequinum,0.025,0.025,-1,Echolocation,/mnt/ubna_data_02_mir/recover-20220922/UBNA_001/20220921_090000.WAV,Telephone Field,recover-20220922,001,1795
1243.3025,1243.3094,27187,40551,Eptesicus serotinus,0.006,0.023,-1,Echolocation,/mnt/ubna_data_02_mir/recover-20220922/UBNA_001/20220921_090000.WAV,Telephone Field,recover-20220922,001,1795
1243.3385,1243.3486,28046,37520,Eptesicus serotinus,0.009,0.023,-1,Echolocation,/mnt/ubna_data_02_mir/recover-20220922/UBNA_001/20220921_090000.WAV,Telephone Field,recover-20220922,001,1795
1243.3825,1243.3917,24609,32706,Eptesicus serotinus,0.007,0.023,-1,Echolocation,/mnt/ubna_data_02_mir/recover-20220922/UBNA_001/20220921_090000.WAV,Telephone Field,recover-20220922,001,1795
1243.4475,1243.4548,27187,47964,Eptesicus serotinus,0.007,0.024,-1,Echolocation,/mnt/ubna_data_02_mir/recover-20220922/UBNA_001/20220921_090000.WAV,Telephone Field,recover-20220922,001,1795
1243.4765,1243.4854,22890,30650,Plecotus austriacus,0.01,0.025,-1,Echolocation,/mnt/ubna_data_02_mir/recover-20220922/UBNA_001/20220921_090000.WAV,Telephone Field,recover-20220922,001,1795
1243.4835,1243.4944,22031,26249,Nyctalus leisleri,0.013,0.023,-1,Echolocation,/mnt/ubna_data_02_mir/recover-20220922/UBNA_001/20220921_090000.WAV,Telephone Field,recover-20220922,001,1795
1243.5095,1243.5187,43515,47447,Pipistrellus pipistrellus,0.024,0.027,-1,Echolocation,/mnt/ubna_data_02_mir/recover-20220922/UBNA_001/20220921_090000.WAV,Telephone Field,recover-20220922,001,1795
1243.5225,1243.5605,68437,81420,Rhinolophus ferrumequinum,0.022,0.022,-1,Echolocation,/mnt/ubna_data_02_mir/recover-20220922/UBNA_001/20220921_090000.WAV,Telephone Field,recover-20220922,001,1795
1243.5335,1243.5463,15156,21550,Nyctalus noctula,0.022,0.033,-1,Echolocation,/mnt/ubna_data_02_mir/recover-20220922/UBNA_001/20220921_090000.WAV,Telephone Field,recover-20220922,001,1795
1243.5535,1243.5634,28046,39332,Eptesicus serotinus,0.017,0.035,-1,Echolocation,/mnt/ubna_data_02_mir/recover-20220922/UBNA_001/20220921_090000.WAV,Telephone Field,recover-20220922,001,1795
1243.5975,1243.6374,68437,82221,Rhinolophus ferrumequinum,0.022,0.022,-1,Echolocation,/mnt/ubna_data_02_mir/recover-20220922/UBNA_001/20220921_090000.WAV,Telephone Field,recover-20220922,001,1795
1243.6155,1243.6506,68437,81248,Rhinolophus ferrumequinum,0.023,0.023,-1,Echolocation,/mnt/ubna_data_02_mir/recover-20220922/UBNA_001/20220921_090000.WAV,Telephone Field,recover-20220922,001,1795
1243.6425,1243.6842,68437,83242,Rhinolophus ferrumequinum,0.04,0.04,-1,Echolocation,/mnt/ubna_data_02_mir/recover-20220922/UBNA_001/20220921_090000.WAV,Telephone Field,recover-20220922,001,1795
1243.6485,1243.6604,15156,21203,Nyctalus noctula,0.025,0.037,-1,Echolocation,/mnt/ubna_data_02_mir/recover-20220922/UBNA_001/20220921_090000.WAV,Telephone Field,recover-20220922,001,1795
1243.6575,1243.6651,46093,50192,Pipistrellus pipistrellus,0.023,0.024,-1,Echolocation,/mnt/ubna_data_02_mir/recover-20220922/UBNA_001/20220921_090000.WAV,Telephone Field,recover-20220922,001,1795
1243.6695,1243.7098,68437,83163,Rhinolophus ferrumequinum,0.024,0.024,-1,Echolocation,/mnt/ubna_data_02_mir/recover-20220922/UBNA_001/20220921_090000.WAV,Telephone Field,recover-20220922,001,1795
1243.7175,1243.7284,22890,28086,Nyctalus leisleri,0.012,0.025,-1,Echolocation,/mnt/ubna_data_02_mir/recover-20220922/UBNA_001/20220921_090000.WAV,Telephone Field,recover-20220922,001,1795
1243.7555,1243.7636,23750,33019,Plecotus austriacus,0.01,0.027,-1,Echolocation,/mnt/ubna_data_02_mir/recover-20220922/UBNA_001/20220921_090000.WAV,Telephone Field,recover-20220922,001,1795
1243.7955,1243.8341,68437,82620,Rhinolophus ferrumequinum,0.028,0.028,-1,Echolocation,/mnt/ubna_data_02_mir/recover-20220922/UBNA_001/20220921_090000.WAV,Telephone Field,recover-20220922,001,1795
1243.8525,1243.8593,28046,38297,Eptesicus serotinus,0.007,0.024,-1,Echolocation,/mnt/ubna_data_02_mir/recover-20220922/UBNA_001/20220921_090000.WAV,Telephone Field,recover-20220922,001,1795
1243.8655,1243.9055,68437,82479,Rhinolophus ferrumequinum,0.028,0.028,-1,Echolocation,/mnt/ubna_data_02_mir/recover-20220922/UBNA_001/20220921_090000.WAV,Telephone Field,recover-20220922,001,1795
1243.8865,1243.9256,68437,82720,Rhinolophus ferrumequinum,0.024,0.024,-1,Echolocation,/mnt/ubna_data_02_mir/recover-20220922/UBNA_001/20220921_090000.WAV,Telephone Field,recover-20220922,001,1795
1243.9045,1243.9106,25468,40278,Myotis nattereri,0.007,0.028,-1,Echolocation,/mnt/ubna_data_02_mir/recover-20220922/UBNA_001/20220921_090000.WAV,Telephone Field,recover-20220922,001,1795
1243.9175,1243.9319,34062,37923,Pipistrellus nathusii,0.027,0.059,-1,Echolocation,/mnt/ubna_data_02_mir/recover-20220922/UBNA_001/20220921_090000.WAV,Telephone Field,recover-20220922,001,1795
1244.0015,1244.0089,46093,51884,Pipistrellus pipistrellus,0.016,0.022,-1,Echolocation,/mnt/ubna_data_02_mir/recover-20220922/UBNA_001/20220921_090000.WAV,Telephone Field,recover-20220922,001,1795
1244.0015,1244.0316,69296,80236,Rhinolophus ferrumequinum,0.021,0.022,-1,Echolocation,/mnt/ubna_data_02_mir/recover-20220922/UBNA_001/20220921_090000.WAV,Telephone Field,recover-20220922,001,1795
1244.0015,1244.0107,25468,33819,Nyctalus leisleri,0.011,0.031,-1,Echolocation,/mnt/ubna_data_02_mir/recover-20220922/UBNA_001/20220921_090000.WAV,Telephone Field,recover-20220922,001,1795
1244.0135,1244.0229,27187,36624,Eptesicus serotinus,0.01,0.024,-1,Echolocation,/mnt/ubna_data_02_mir/recover-20220922/UBNA_001/20220921_090000.WAV,Telephone Field,recover-20220922,001,1795
1244.0465,1244.0591,22031,26193,Nyctalus leisleri,0.012,0.022,-1,Echolocation,/mnt/ubna_data_02_mir/recover-20220922/UBNA_001/20220921_090000.WAV,Telephone Field,recover-20220922,001,1795
1244.0625,1244.0727,33203,40783,Eptesicus serotinus,0.006,0.023,-1,Echolocation,/mnt/ubna_data_02_mir/recover-20220922/UBNA_001/20220921_090000.WAV,Telephone Field,recover-20220922,001,1795
1244.0815,1244.121,68437,82437,Rhinolophus ferrumequinum,0.024,0.024,-1,Echolocation,/mnt/ubna_data_02_mir/recover-20220922/UBNA_001/20220921_090000.WAV,Telephone Field,recover-20220922,001,1795
1244.1125,1244.1516,68437,82710,Rhinolophus ferrumequinum,0.023,0.023,-1,Echolocation,/mnt/ubna_data_02_mir/recover-20220922/UBNA_001/20220921_090000.WAV,Telephone Field,recover-20220922,001,1795
1244.1195,1244.1588,68437,82439,Rhinolophus ferrumequinum,0.021,0.021,-1,Echolocation,/mnt/ubna_data_02_mir/recover-20220922/UBNA_001/20220921_090000.WAV,Telephone Field,recover-20220922,001,1795
1244.1335,1244.1458,22890,27047,Nyctalus leisleri,0.015,0.028,-1,Echolocation,/mnt/ubna_data_02_mir/recover-20220922/UBNA_001/20220921_090000.WAV,Telephone Field,recover-20220922,001,1795
1244.1435,1244.1525,28046,36465,Eptesicus serotinus,0.008,0.022,-1,Echolocation,/mnt/ubna_data_02_mir/recover-20220922/UBNA_001/20220921_090000.WAV,Telephone Field,recover-20220922,001,1795
1244.1795,1244.1875,28906,37162,Eptesicus serotinus,0.009,0.024,-1,Echolocation,/mnt/ubna_data_02_mir/recover-20220922/UBNA_001/20220921_090000.WAV,Telephone Field,recover-20220922,001,1795
1244.1925,1244.2305,68437,81620,Rhinolophus ferrumequinum,0.024,0.024,-1,Echolocation,/mnt/ubna_data_02_mir/recover-20220922/UBNA_001/20220921_090000.WAV,Telephone Field,recover-20220922,001,1795
1244.1975,1244.2082,22890,28866,Nyctalus leisleri,0.01,0.022,-1,Echolocation,/mnt/ubna_data_02_mir/recover-20220922/UBNA_001/20220921_090000.WAV,Telephone Field,recover-20220922,001,1795
1244.2165,1244.2518,68437,81076,Rhinolophus ferrumequinum,0.025,0.025,-1,Echolocation,/mnt/ubna_data_02_mir/recover-20220922/UBNA_001/20220921_090000.WAV,Telephone Field,recover-20220922,001,1795
1244.2425,1244.2504,28046,38795,Eptesicus serotinus,0.009,0.024,-1,Echolocation,/mnt/ubna_data_02_mir/recover-20220922/UBNA_001/20220921_090000.WAV,Telephone Field,recover-20220922,001,1795
1244.2605,1244.3005,68437,82085,Rhinolophus ferrumequinum,0.025,0.025,-1,Echolocation,/mnt/ubna_data_02_mir/recover-20220922/UBNA_001/20220921_090000.WAV,Telephone Field,recover-20220922,001,1795
1244.2745,1244.2803,38359,51207,Myotis daubentonii,0.005,0.021,-1,Echolocation,/mnt/ubna_data_02_mir/recover-20220922/UBNA_001/20220921_090000.WAV,Telephone Field,recover-20220922,001,1795
1244.3385,1244.3781,68437,82335,Rhinolophus ferrumequinum,0.023,0.023,-1,Echolocation,/mnt/ubna_data_02_mir/recover-20220922/UBNA_001/20220921_090000.WAV,Telephone Field,recover-20220922,001,1795
1244.3475,1244.3847,68437,81756,Rhinolophus ferrumequinum,0.021,0.021,-1,Echolocation,/mnt/ubna_data_02_mir/recover-20220922/UBNA_001/20220921_090000.WAV,Telephone Field,recover-20220922,001,1795
1244.3985,1244.4376,68437,82724,Rhinolophus ferrumequinum,0.023,0.023,-1,Echolocation,/mnt/ubna_data_02_mir/recover-20220922/UBNA_001/20220921_090000.WAV,Telephone Field,recover-20220922,001,1795
1244.4185,1244.4589,68437,82637,Rhinolophus ferrumequinum,0.023,0.023,-1,Echolocation,/mnt/ubna_data_02_mir/recover-20220922/UBNA_001/20220921_090000.WAV,Telephone Field,recover-20220922,001,1795
1244.4475,1244.4835,68437,81539,Rhinolophus ferrumequinum,0.022,0.022,-1,Echolocation,/mnt/ubna_data_02_mir/recover-20220922/UBNA_001/20220921_090000.WAV,Telephone Field,recover-20220922,001,1795
1244.4615,1244.501,68437,82304,Rhinolophus ferrumequinum,0.022,0.022,-1,Echolocation,/mnt/ubna_data_02_mir/recover-20220922/UBNA_001/20220921_090000.WAV,Telephone Field,recover-20220922,001,1795
1244.4665,1244.4761,51250,57344,Pipistrellus pipistrellus,0.016,0.022,-1,Echolocation,/mnt/ubna_data_02_mir/recover-20220922/UBNA_001/20220921_090000.WAV,Telephone Field,recover-20220922,001,1795
1244.4855,1244.5219,68437,81737,Rhinolophus ferrumequinum,0.026,0.026,-1,Echolocation,/mnt/ubna_data_02_mir/recover-20220922/UBNA_001/20220921_090000.WAV,Telephone Field,recover-20220922,001,1795
1244.5425,1244.5847,68437,82816,Rhinolophus ferrumequinum,0.028,0.028,-1,Echolocation,/mnt/ubna_data_02_mir/recover-20220922/UBNA_001/20220921_090000.WAV,Telephone Field,recover-20220922,001,1795
1244.5455,1244.5597,16015,20688,Nyctalus noctula,0.02,0.031,-1,Echolocation,/mnt/ubna_data_02_mir/recover-20220922/UBNA_001/20220921_090000.WAV,Telephone Field,recover-20220922,001,1795
1244.5755,1244.5873,28906,36023,Eptesicus serotinus,0.011,0.024,-1,Echolocation,/mnt/ubna_data_02_mir/recover-20220922/UBNA_001/20220921_090000.WAV,Telephone Field,recover-20220922,001,1795
1244.5835,1244.6253,68437,82242,Rhinolophus ferrumequinum,0.024,0.024,-1,Echolocation,/mnt/ubna_data_02_mir/recover-20220922/UBNA_001/20220921_090000.WAV,Telephone Field,recover-20220922,001,1795
1244.6635,1244.7004,68437,81971,Rhinolophus ferrumequinum,0.022,0.022,-1,Echolocation,/mnt/ubna_data_02_mir/recover-20220922/UBNA_001/20220921_090000.WAV,Telephone Field,recover-20220922,001,1795
1244.6755,1244.7181,68437,83292,Rhinolophus ferrumequinum,0.032,0.032,-1,Echolocation,/mnt/ubna_data_02_mir/recover-20220922/UBNA_001/20220921_090000.WAV,Telephone Field,recover-20220922,001,1795
1244.6845,1244.6991,21171,24190,Nyctalus leisleri,0.015,0.023,-1,Echolocation,/mnt/ubna_data_02_mir/recover-20220922/UBNA_001/20220921_090000.WAV,Telephone Field,recover-20220922,001,1795
1244.7045,1244.7141,50390,55409,Pipistrellus pipistrellus,0.024,0.026,-1,Echolocation,/mnt/ubna_data_02_mir/recover-20220922/UBNA_001/20220921_090000.WAV,Telephone Field,recover-20220922,001,1795
1244.7115,1244.747,68437,81193,Rhinolophus ferrumequinum,0.022,0.022,-1,Echolocation,/mnt/ubna_data_02_mir/recover-20220922/UBNA_001/20220921_090000.WAV,Telephone Field,recover-20220922,001,1795
1244.7235,1244.7311,26328,35378,Eptesicus serotinus,0.01,0.029,-1,Echolocation,/mnt/ubna_data_02_mir/recover-20220922/UBNA_001/20220921_090000.WAV,Telephone Field,recover-20220922,001,1795
1244.7455,1244.7549,54687,60277,Pipistrellus pygmaeus,0.022,0.024,-1,Echolocation,/mnt/ubna_data_02_mir/recover-20220922/UBNA_001/20220921_090000.WAV,Telephone Field,recover-20220922,001,1795
1244.7555,1244.7622,28046,36680,Eptesicus serotinus,0.033,0.083,-1,Echolocation,/mnt/ubna_data_02_mir/recover-20220922/UBNA_001/20220921_090000.WAV,Telephone Field,recover-20220922,001,1795
1244.7585,1244.7947,68437,81605,Rhinolophus ferrumequinum,0.022,0.022,-1,Echolocation,/mnt/ubna_data_02_mir/recover-20220922/UBNA_001/20220921_090000.WAV,Telephone Field,recover-20220922,001,1795
1244.7775,1244.8178,68437,82985,Rhinolophus ferrumequinum,0.025,0.025,-1,Echolocation,/mnt/ubna_data_02_mir/recover-20220922/UBNA_001/20220921_090000.WAV,Telephone Field,recover-20220922,001,1795
1244.7975,1244.8364,68437,82980,Rhinolophus ferrumequinum,0.038,0.038,-1,Echolocation,/mnt/ubna_data_02_mir/recover-20220922/UBNA_001/20220921_090000.WAV,Telephone Field,recover-20220922,001,1795
1244.8055,1244.8154,26328,34675,Eptesicus serotinus,0.012,0.026,-1,Echolocation,/mnt/ubna_data_02_mir/recover-20220922/UBNA_001/20220921_090000.WAV,Telephone Field,recover-20220922,001,1795
1244.8175,1244.8557,68437,82261,Rhinolophus ferrumequinum,0.023,0.023,-1,Echolocation,/mnt/ubna_data_02_mir/recover-20220922/UBNA_001/20220921_090000.WAV,Telephone Field,recover-20220922,001,1795
1244.8395,1244.8793,68437,82383,Rhinolophus ferrumequinum,0.027,0.027,-1,Echolocation,/mnt/ubna_data_02_mir/recover-20220922/UBNA_001/20220921_090000.WAV,Telephone Field,recover-20220922,001,1795
1244.8685,1244.8792,22031,27403,Nyctalus leisleri,0.011,0.026,-1,Echolocation,/mnt/ubna_data_02_mir/recover-20220922/UBNA_001/20220921_090000.WAV,Telephone Field,recover-20220922,001,1795
1244.8795,1244.9204,68437,82442,Rhinolophus ferrumequinum,0.025,0.025,-1,Echolocation,/mnt/ubna_data_02_mir/recover-20220922/UBNA_001/20220921_090000.WAV,Telephone Field,recover-20220922,001,1795
1244.8845,1244.8958,23750,29669,Nyctalus leisleri,0.01,0.025,-1,Echolocation,/mnt/ubna_data_02_mir/recover-20220922/UBNA_001/20220921_090000.WAV,Telephone Field,recover-20220922,001,1795
1244.8915,1244.8986,28046,39190,Eptesicus serotinus,0.006,0.024,-1,Echolocation,/mnt/ubna_data_02_mir/recover-20220922/UBNA_001/20220921_090000.WAV,Telephone Field,recover-20220922,001,1795
1244.9195,1244.9594,68437,82532,Rhinolophus ferrumequinum,0.022,0.022,-1,Echolocation,/mnt/ubna_data_02_mir/recover-20220922/UBNA_001/20220921_090000.WAV,Telephone Field,recover-20220922,001,1795
1244.9355,1244.972,68437,81942,Rhinolophus ferrumequinum,0.024,0.024,-1,Echolocation,/mnt/ubna_data_02_mir/recover-20220922/UBNA_001/20220921_090000.WAV,Telephone Field,recover-20220922,001,1795
1244.9425,1244.9835,68437,83021,Rhinolophus ferrumequinum,0.026,0.026,-1,Echolocation,/mnt/ubna_data_02_mir/recover-20220922/UBNA_001/20220921_090000.WAV,Telephone Field,recover-20220922,001,1795
1244.9845,1245.027,68437,82508,Rhinolophus ferrumequinum,0.031,0.031,-1,Echolocation,/mnt/ubna_data_02_mir/recover-20220922/UBNA_001/20220921_090000.WAV,Telephone Field,recover-20220922,001,1795
1245.0195,1245.0585,68437,82228,Rhinolophus ferrumequinum,0.033,0.033,-1,Echolocation,/mnt/ubna_data_02_mir/recover-20220922/UBNA_001/20220921_090000.WAV,Telephone Field,recover-20220922,001,1795
1245.0775,1245.1156,68437,82018,Rhinolophus ferrumequinum,0.029,0.029,-1,Echolocation,/mnt/ubna_data_02_mir/recover-20220922/UBNA_001/20220921_090000.WAV,Telephone Field,recover-20220922,001,1795
1245.0975,1245.1041,24609,34120,Plecotus austriacus,0.01,0.026,-1,Echolocation,/mnt/ubna_data_02_mir/recover-20220922/UBNA_001/20220921_090000.WAV,Telephone Field,recover-20220922,001,1795
1245.1295,1245.1692,68437,81574,Rhinolophus ferrumequinum,0.023,0.023,-1,Echolocation,/mnt/ubna_data_02_mir/recover-20220922/UBNA_001/20220921_090000.WAV,Telephone Field,recover-20220922,001,1795
1245.1365,1245.1763,68437,82447,Rhinolophus ferrumequinum,0.021,0.021,-1,Echolocation,/mnt/ubna_data_02_mir/recover-20220922/UBNA_001/20220921_090000.WAV,Telephone Field,recover-20220922,001,1795
1245.1645,1245.1733,46953,54148,Pipistrellus pipistrellus,0.03,0.031,-1,Echolocation,/mnt/ubna_data_02_mir/recover-20220922/UBNA_001/20220921_090000.WAV,Telephone Field,recover-20220922,001,1795
1245.1735,1245.1808,47812,52262,Pipistrellus pipistrellus,0.03,0.031,-1,Echolocation,/mnt/ubna_data_02_mir/recover-20220922/UBNA_001/20220921_090000.WAV,Telephone Field,recover-20220922,001,1795
1245.2805,1245.3213,68437,82422,Rhinolophus ferrumequinum,0.029,0.029,-1,Echolocation,/mnt/ubna_data_02_mir/recover-20220922/UBNA_001/20220921_090000.WAV,Telephone Field,recover-20220922,001,1795
1245.3085,1245.3154,48671,53076,Pipistrellus pipistrellus,0.023,0.024,-1,Echolocation,/mnt/ubna_data_02_mir/recover-20220922/UBNA_001/20220921_090000.WAV,Telephone Field,recover-20220922,001,1795
1245.3195,1245.3276,28046,38399,Eptesicus serotinus,0.008,0.022,-1,Echolocation,/mnt/ubna_data_02_mir/recover-20220922/UBNA_001/20220921_090000.WAV,Telephone Field,recover-20220922,001,1795
1245.3275,1245.3671,68437,82536,Rhinolophus ferrumequinum,0.023,0.023,-1,Echolocation,/mnt/ubna_data_02_mir/recover-20220922/UBNA_001/20220921_090000.WAV,Telephone Field,recover-20220922,001,1795
1245.3395,1245.3463,25468,39913,Eptesicus serotinus,0.005,0.023,-1,Echolocation,/mnt/ubna_data_02_mir/recover-20220922/UBNA_001/20220921_090000.WAV,Telephone Field,recover-20220922,001,1795
1245.3505,1245.3591,28906,38130,Eptesicus serotinus,0.009,0.025,-1,Echolocation,/mnt/ubna_data_02_mir/recover-20220922/UBNA_001/20220921_090000.WAV,Telephone Field,recover-20220922,001,1795
1245.3545,1245.3891,68437,81158,Rhinolophus ferrumequinum,0.022,0.023,-1,Echolocation,/mnt/ubna_data_02_mir/recover-20220922/UBNA_001/20220921_090000.WAV,Telephone Field,recover-20220922,001,1795
1245.3725,1245.4111,68437,81502,Rhinolophus ferrumequinum,0.022,0.022,-1,Echolocation,/mnt/ubna_data_02_mir/recover-20220922/UBNA_001/20220921_090000.WAV,Telephone Field,recover-20220922,001,1795
1245.3945,1245.4296,68437,81720,Rhinolophus ferrumequinum,0.022,0.022,-1,Echolocation,/mnt/ubna_data_02_mir/recover-20220922/UBNA_001/20220921_090000.WAV,Telephone Field,recover-20220922,001,1795
1245.4175,1245.4264,27187,37365,Eptesicus serotinus,0.008,0.021,-1,Echolocation,/mnt/ubna_data_02_mir/recover-20220922/UBNA_001/20220921_090000.WAV,Telephone Field,recover-20220922,001,1795
1245.4295,1245.4408,24609,30971,Nyctalus leisleri,0.008,0.022,-1,Echolocation,/mnt/ubna_data_02_mir/recover-20220922/UBNA_001/20220921_090000.WAV,Telephone Field,recover-20220922,001,1795
1245.4565,1245.4964,68437,81616,Rhinolophus ferrumequinum,0.031,0.031,-1,Echolocation,/mnt/ubna_data_02_mir/recover-20220922/UBNA_001/20220921_090000.WAV,Telephone Field,recover-20220922,001,1795
1245.4665,1245.4755,28046,36536,Eptesicus serotinus,0.011,0.026,-1,Echolocation,/mnt/ubna_data_02_mir/recover-20220922/UBNA_001/20220921_090000.WAV,Telephone Field,recover-20220922,001,1795
1245.4985,1245.5354,68437,82394,Rhinolophus ferrumequinum,0.021,0.021,-1,Echolocation,/mnt/ubna_data_02_mir/recover-20220922/UBNA_001/20220921_090000.WAV,Telephone Field,recover-20220922,001,1795
1245.5135,1245.5565,68437,82680,Rhinolophus ferrumequinum,0.027,0.027,-1,Echolocation,/mnt/ubna_data_02_mir/recover-20220922/UBNA_001/20220921_090000.WAV,Telephone Field,recover-20220922,001,1795
1245.5505,1245.5882,68437,81821,Rhinolophus ferrumequinum,0.023,0.023,-1,Echolocation,/mnt/ubna_data_02_mir/recover-20220922/UBNA_001/20220921_090000.WAV,Telephone Field,recover-20220922,001,1795
1245.5605,1245.5669,24609,35632,Plecotus austriacus,0.009,0.024,-1,Echolocation,/mnt/ubna_data_02_mir/recover-20220922/UBNA_001/20220921_090000.WAV,Telephone Field,recover-20220922,001,1795
1245.5955,1245.634,68437,82308,Rhinolophus ferrumequinum,0.028,0.028,-1,Echolocation,/mnt/ubna_data_02_mir/recover-20220922/UBNA_001/20220921_090000.WAV,Telephone Field,recover-20220922,001,1795
1245.6015,1245.6411,68437,82498,Rhinolophus ferrumequinum,0.022,0.022,-1,Echolocation,/mnt/ubna_data_02_mir/recover-20220922/UBNA_001/20220921_090000.WAV,Telephone Field,recover-20220922,001,1795
1245.6235,1245.6588,68437,81005,Rhinolophus ferrumequinum,0.023,0.023,-1,Echolocation,/mnt/ubna_data_02_mir/recover-20220922/UBNA_001/20220921_090000.WAV,Telephone Field,recover-20220922,001,1795
1245.6535,1245.6638,22031,27194,Nyctalus leisleri,0.01,0.024,-1,Echolocation,/mnt/ubna_data_02_mir/recover-20220922/UBNA_001/20220921_090000.WAV,Telephone Field,recover-20220922,001,1795
1245.6555,1245.6952,68437,82685,Rhinolophus ferrumequinum,0.028,0.028,-1,Echolocation,/mnt/ubna_data_02_mir/recover-20220922/UBNA_001/20220921_090000.WAV,Telephone Field,recover-20220922,001,1795
1245.7165,1245.7557,68437,82575,Rhinolophus ferrumequinum,0.029,0.029,-1,Echolocation,/mnt/ubna_data_02_mir/recover-20220922/UBNA_001/20220921_090000.WAV,Telephone Field,recover-20220922,001,1795
1245.7235,1245.737,23750,29608,Nyctalus leisleri,0.012,0.028,-1,Echolocation,/mnt/ubna_data_02_mir/recover-20220922/UBNA_001/20220921_090000.WAV,Telephone Field,recover-20220922,001,1795
1245.7365,1245.7725,68437,81800,Rhinolophus ferrumequinum,0.027,0.027,-1,Echolocation,/mnt/ubna_data_02_mir/recover-20220922/UBNA_001/20220921_090000.WAV,Telephone Field,recover-20220922,001,1795
1245.7365,1245.7441,28046,37912,Eptesicus serotinus,0.007,0.024,-1,Echolocation,/mnt/ubna_data_02_mir/recover-20220922/UBNA_001/20220921_090000.WAV,Telephone Field,recover-20220922,001,1795
1245.7375,1245.748,22031,27284,Nyctalus leisleri,0.014,0.031,-1,Echolocation,/mnt/ubna_data_02_mir/recover-20220922/UBNA_001/20220921_090000.WAV,Telephone Field,recover-20220922,001,1795
1245.7595,1245.7997,68437,82466,Rhinolophus ferrumequinum,0.043,0.043,-1,Echolocation,/mnt/ubna_data_02_mir/recover-20220922/UBNA_001/20220921_090000.WAV,Telephone Field,recover-20220922,001,1795
1245.7775,1245.787,28046,37517,Eptesicus serotinus,0.01,0.023,-1,Echolocation,/mnt/ubna_data_02_mir/recover-20220922/UBNA_001/20220921_090000.WAV,Telephone Field,recover-20220922,001,1795
1245.7985,1245.8368,68437,82277,Rhinolophus ferrumequinum,0.023,0.024,-1,Echolocation,/mnt/ubna_data_02_mir/recover-20220922/UBNA_001/20220921_090000.WAV,Telephone Field,recover-20220922,001,1795
1245.8085,1245.8475,68437,81569,Rhinolophus ferrumequinum,0.023,0.023,-1,Echolocation,/mnt/ubna_data_02_mir/recover-20220922/UBNA_001/20220921_090000.WAV,Telephone Field,recover-20220922,001,1795
1245.8175,1245.8576,68437,82636,Rhinolophus ferrumequinum,0.023,0.023,-1,Echolocation,/mnt/ubna_data_02_mir/recover-20220922/UBNA_001/20220921_090000.WAV,Telephone Field,recover-20220922,001,1795
1245.8405,1245.8493,25468,34575,Eptesicus serotinus,0.007,0.021,-1,Echolocation,/mnt/ubna_data_02_mir/recover-20220922/UBNA_001/20220921_090000.WAV,Telephone Field,recover-20220922,001,1795
1245.8505,1245.8854,68437,81458,Rhinolophus ferrumequinum,0.022,0.022,-1,Echolocation,/mnt/ubna_data_02_mir/recover-20220922/UBNA_001/20220921_090000.WAV,Telephone Field,recover-20220922,001,1795
1245.8525,1245.865,24609,30830,Eptesicus serotinus,0.013,0.031,-1,Echolocation,/mnt/ubna_data_02_mir/recover-20220922/UBNA_001/20220921_090000.WAV,Telephone Field,recover-20220922,001,1795
1245.8945,1245.9092,22890,27356,Nyctalus leisleri,0.011,0.021,-1,Echolocation,/mnt/ubna_data_02_mir/recover-20220922/UBNA_001/20220921_090000.WAV,Telephone Field,recover-20220922,001,1795
1245.8965,1245.9358,68437,82423,Rhinolophus ferrumequinum,0.045,0.045,-1,Echolocation,/mnt/ubna_data_02_mir/recover-20220922/UBNA_001/20220921_090000.WAV,Telephone Field,recover-20220922,001,1795
1245.9105,1245.9198,28906,38735,Eptesicus serotinus,0.008,0.021,-1,Echolocation,/mnt/ubna_data_02_mir/recover-20220922/UBNA_001/20220921_090000.WAV,Telephone Field,recover-20220922,001,1795
1245.9495,1245.9591,24609,32007,Eptesicus serotinus,0.008,0.024,-1,Echolocation,/mnt/ubna_data_02_mir/recover-20220922/UBNA_001/20220921_090000.WAV,Telephone Field,recover-20220922,001,1795
1245.9835,1245.9904,27187,40513,Eptesicus serotinus,0.007,0.026,-1,Echolocation,/mnt/ubna_data_02_mir/recover-20220922/UBNA_001/20220921_090000.WAV,Telephone Field,recover-20220922,001,1795
1246.0015,1246.0084,25468,37488,Nyctalus leisleri,0.005,0.024,-1,Echolocation,/mnt/ubna_data_02_mir/recover-20220922/UBNA_001/20220921_090000.WAV,Telephone Field,recover-20220922,001,1795
1246.0015,1246.032,69296,81270,Rhinolophus ferrumequinum,0.028,0.028,-1,Echolocation,/mnt/ubna_data_02_mir/recover-20220922/UBNA_001/20220921_090000.WAV,Telephone Field,recover-20220922,001,1795
1246.0015,1246.0103,21171,27164,Nyctalus leisleri,0.009,0.025,-1,Echolocation,/mnt/ubna_data_02_mir/recover-20220922/UBNA_001/20220921_090000.WAV,Telephone Field,recover-20220922,001,1795
1246.0195,1246.0267,28046,40069,Eptesicus serotinus,0.008,0.024,-1,Echolocation,/mnt/ubna_data_02_mir/recover-20220922/UBNA_001/20220921_090000.WAV,Telephone Field,recover-20220922,001,1795
1246.0625,1246.0716,27187,37292,Eptesicus serotinus,0.011,0.027,-1,Echolocation,/mnt/ubna_data_02_mir/recover-20220922/UBNA_001/20220921_090000.WAV,Telephone Field,recover-20220922,001,1795
1246.0635,1246.101,68437,81916,Rhinolophus ferrumequinum,0.035,0.035,-1,Echolocation,/mnt/ubna_data_02_mir/recover-20220922/UBNA_001/20220921_090000.WAV,Telephone Field,recover-20220922,001,1795
1246.0885,1246.1239,68437,81182,Rhinolophus ferrumequinum,0.02,0.02,-1,Echolocation,/mnt/ubna_data_02_mir/recover-20220922/UBNA_001/20220921_090000.WAV,Telephone Field,recover-20220922,001,1795
1246.0935,1246.103,25468,32941,Nyctalus leisleri,0.011,0.035,-1,Echolocation,/mnt/ubna_data_02_mir/recover-20220922/UBNA_001/20220921_090000.WAV,Telephone Field,recover-20220922,001,1795
1246.0995,1246.1353,68437,82129,Rhinolophus ferrumequinum,0.021,0.021,-1,Echolocation,/mnt/ubna_data_02_mir/recover-20220922/UBNA_001/20220921_090000.WAV,Telephone Field,recover-20220922,001,1795
1246.1135,1246.1205,23750,32768,Plecotus austriacus,0.009,0.022,-1,Echolocation,/mnt/ubna_data_02_mir/recover-20220922/UBNA_001/20220921_090000.WAV,Telephone Field,recover-20220922,001,1795
1246.1185,1246.1265,28046,40238,Eptesicus serotinus,0.008,0.023,-1,Echolocation,/mnt/ubna_data_02_mir/recover-20220922/UBNA_001/20220921_090000.WAV,Telephone Field,recover-20220922,001,1795
1246.1365,1246.176,68437,82419,Rhinolophus ferrumequinum,0.022,0.022,-1,Echolocation,/mnt/ubna_data_02_mir/recover-20220922/UBNA_001/20220921_090000.WAV,Telephone Field,recover-20220922,001,1795
1246.1435,1246.1509,25468,34227,Eptesicus serotinus,0.006,0.021,-1,Echolocation,/mnt/ubna_data_02_mir/recover-20220922/UBNA_001/20220921_090000.WAV,Telephone Field,recover-20220922,001,1795
1246.1515,1246.195,68437,83041,Rhinolophus ferrumequinum,0.03,0.03,-1,Echolocation,/mnt/ubna_data_02_mir/recover-20220922/UBNA_001/20220921_090000.WAV,Telephone Field,recover-20220922,001,1795
1246.2025,1246.2117,27187,36764,Eptesicus serotinus,0.011,0.025,-1,Echolocation,/mnt/ubna_data_02_mir/recover-20220922/UBNA_001/20220921_090000.WAV,Telephone Field,recover-20220922,001,1795
1246.2135,1246.2256,23750,28774,Nyctalus leisleri,0.01,0.022,-1,Echolocation,/mnt/ubna_data_02_mir/recover-20220922/UBNA_001/20220921_090000.WAV,Telephone Field,recover-20220922,001,1795
1246.2165,1246.2558,68437,82725,Rhinolophus ferrumequinum,0.022,0.023,-1,Echolocation,/mnt/ubna_data_02_mir/recover-20220922/UBNA_001/20220921_090000.WAV,Telephone Field,recover-20220922,001,1795
1246.2375,1246.2742,68437,81777,Rhinolophus ferrumequinum,0.021,0.021,-1,Echolocation,/mnt/ubna_data_02_mir/recover-20220922/UBNA_001/20220921_090000.WAV,Telephone Field,recover-20220922,001,1795
1246.2385,1246.2461,27187,42834,Eptesicus serotinus,0.008,0.024,-1,Echolocation,/mnt/ubna_data_02_mir/recover-20220922/UBNA_001/20220921_090000.WAV,Telephone Field,recover-20220922,001,1795
1246.2595,1246.2951,68437,81653,Rhinolophus ferrumequinum,0.022,0.022,-1,Echolocation,/mnt/ubna_data_02_mir/recover-20220922/UBNA_001/20220921_090000.WAV,Telephone Field,recover-20220922,001,1795
1246.3175,1246.3244,50390,55079,Pipistrellus pipistrellus,0.02,0.023,-1,Echolocation,/mnt/ubna_data_02_mir/recover-20220922/UBNA_001/20220921_090000.WAV,Telephone Field,recover-20220922,001,1795
1246.3175,1246.3556,68437,81978,Rhinolophus ferrumequinum,0.021,0.021,-1,Echolocation,/mnt/ubna_data_02_mir/recover-20220922/UBNA_001/20220921_090000.WAV,Telephone Field,recover-20220922,001,1795
1246.3805,1246.4193,68437,81867,Rhinolophus ferrumequinum,0.022,0.022,-1,Echolocation,/mnt/ubna_data_02_mir/recover-20220922/UBNA_001/20220921_090000.WAV,Telephone Field,recover-20220922,001,1795
1246.3915,1246.3995,51250,56147,Pipistrellus pipistrellus,0.024,0.029,-1,Echolocation,/mnt/ubna_data_02_mir/recover-20220922/UBNA_001/20220921_090000.WAV,Telephone Field,recover-20220922,001,1795
1246.4105,1246.4202,25468,34573,Eptesicus serotinus,0.008,0.021,-1,Echolocation,/mnt/ubna_data_02_mir/recover-20220922/UBNA_001/20220921_090000.WAV,Telephone Field,recover-20220922,001,1795
1246.4305,1246.4681,68437,81624,Rhinolophus ferrumequinum,0.022,0.022,-1,Echolocation,/mnt/ubna_data_02_mir/recover-20220922/UBNA_001/20220921_090000.WAV,Telephone Field,recover-20220922,001,1795
1246.4395,1246.4793,68437,82342,Rhinolophus ferrumequinum,0.026,0.026,-1,Echolocation,/mnt/ubna_data_02_mir/recover-20220922/UBNA_001/20220921_090000.WAV,Telephone Field,recover-20220922,001,1795
1246.4935,1246.5317,68437,81639,Rhinolophus ferrumequinum,0.022,0.022,-1,Echolocation,/mnt/ubna_data_02_mir/recover-20220922/UBNA_001/20220921_090000.WAV,Telephone Field,recover-20220922,001,1795
1246.4945,1246.5026,28046,40164,Eptesicus serotinus,0.007,0.021,-1,Echolocation,/mnt/ubna_data_02_mir/recover-20220922/UBNA_001/20220921_090000.WAV,Telephone Field,recover-20220922,001,1795
1246.5065,1246.5389,68437,81007,Rhinolophus ferrumequinum,0.02,0.02,-1,Echolocation,/mnt/ubna_data_02_mir/recover-20220922/UBNA_001/20220921_090000.WAV,Telephone Field,recover-20220922,001,1795
1246.5255,1246.5604,68437,81601,Rhinolophus ferrumequinum,0.022,0.023,-1,Echolocation,/mnt/ubna_data_02_mir/recover-20220922/UBNA_001/20220921_090000.WAV,Telephone Field,recover-20220922,001,1795
1246.5355,1246.5721,68437,81588,Rhinolophus ferrumequinum,0.022,0.022,-1,Echolocation,/mnt/ubna_data_02_mir/recover-20220922/UBNA_001/20220921_090000.WAV,Telephone Field,recover-20220922,001,1795
1246.5885,1246.5967,24609,33707,Plecotus austriacus,0.009,0.03,-1,Echolocation,/mnt/ubna_data_02_mir/recover-20220922/UBNA_001/20220921_090000.WAV,Telephone Field,recover-20220922,001,1795
1246.5945,1246.6334,68437,81915,Rhinolophus ferrumequinum,0.021,0.021,-1,Echolocation,/mnt/ubna_data_02_mir/recover-20220922/UBNA_001/20220921_090000.WAV,Telephone Field,recover-20220922,001,1795
1246.6275,1246.6677,68437,82414,Rhinolophus ferrumequinum,0.036,0.036,-1,Echolocation,/mnt/ubna_data_02_mir/recover-20220922/UBNA_001/20220921_090000.WAV,Telephone Field,recover-20220922,001,1795
1246.6305,1246.6412,28046,35290,Eptesicus serotinus,0.014,0.029,-1,Echolocation,/mnt/ubna_data_02_mir/recover-20220922/UBNA_001/20220921_090000.WAV,Telephone Field,recover-20220922,001,1795
1246.6805,1246.6894,28046,39966,Eptesicus serotinus,0.013,0.033,-1,Echolocation,/mnt/ubna_data_02_mir/recover-20220922/UBNA_001/20220921_090000.WAV,Telephone Field,recover-20220922,001,1795
1246.6805,1246.723,68437,82613,Rhinolophus ferrumequinum,0.024,0.024,-1,Echolocation,/mnt/ubna_data_02_mir/recover-20220922/UBNA_001/20220921_090000.WAV,Telephone Field,recover-20220922,001,1795
1246.6965,1246.7377,68437,82479,Rhinolophus ferrumequinum,0.021,0.021,-1,Echolocation,/mnt/ubna_data_02_mir/recover-20220922/UBNA_001/20220921_090000.WAV,Telephone Field,recover-20220922,001,1795
1246.7135,1246.7522,68437,82119,Rhinolophus ferrumequinum,0.02,0.021,-1,Echolocation,/mnt/ubna_data_02_mir/recover-20220922/UBNA_001/20220921_090000.WAV,Telephone Field,recover-20220922,001,1795
1246.7455,1246.7858,68437,82101,Rhinolophus ferrumequinum,0.024,0.024,-1,Echolocation,/mnt/ubna_data_02_mir/recover-20220922/UBNA_001/20220921_090000.WAV,Telephone Field,recover-20220922,001,1795
1246.7525,1246.7606,28046,39822,Eptesicus serotinus,0.008,0.021,-1,Echolocation,/mnt/ubna_data_02_mir/recover-20220922/UBNA_001/20220921_090000.WAV,Telephone Field,recover-20220922,001,1795
1246.7635,1246.8003,68437,81829,Rhinolophus ferrumequinum,0.02,0.02,-1,Echolocation,/mnt/ubna_data_02_mir/recover-20220922/UBNA_001/20220921_090000.WAV,Telephone Field,recover-20220922,001,1795
1246.7835,1246.8232,68437,82388,Rhinolophus ferrumequinum,0.02,0.021,-1,Echolocation,/mnt/ubna_data_02_mir/recover-20220922/UBNA_001/20220921_090000.WAV,Telephone Field,recover-20220922,001,1795
1246.7955,1246.8297,68437,81351,Rhinolophus ferrumequinum,0.02,0.02,-1,Echolocation,/mnt/ubna_data_02_mir/recover-20220922/UBNA_001/20220921_090000.WAV,Telephone Field,recover-20220922,001,1795
1246.8015,1246.837,68437,81193,Rhinolophus ferrumequinum,0.021,0.021,-1,Echolocation,/mnt/ubna_data_02_mir/recover-20220922/UBNA_001/20220921_090000.WAV,Telephone Field,recover-20220922,001,1795
1246.8035,1246.8106,23750,33126,Plecotus austriacus,0.008,0.021,-1,Echolocation,/mnt/ubna_data_02_mir/recover-20220922/UBNA_001/20220921_090000.WAV,Telephone Field,recover-20220922,001,1795
1246.8655,1246.8705,40078,56842,Myotis mystacinus,0.007,0.021,-1,Echolocation,/mnt/ubna_data_02_mir/recover-20220922/UBNA_001/20220921_090000.WAV,Telephone Field,recover-20220922,001,1795
1246.8755,1246.8848,28046,36548,Eptesicus serotinus,0.008,0.022,-1,Echolocation,/mnt/ubna_data_02_mir/recover-20220922/UBNA_001/20220921_090000.WAV,Telephone Field,recover-20220922,001,1795
1246.8795,1246.9207,68437,82372,Rhinolophus ferrumequinum,0.025,0.025,-1,Echolocation,/mnt/ubna_data_02_mir/recover-20220922/UBNA_001/20220921_090000.WAV,Telephone Field,recover-20220922,001,1795
1246.9045,1246.9444,68437,82275,Rhinolophus ferrumequinum,0.021,0.022,-1,Echolocation,/mnt/ubna_data_02_mir/recover-20220922/UBNA_001/20220921_090000.WAV,Telephone Field,recover-20220922,001,1795
1246.9545,1246.9654,22890,27557,Nyctalus leisleri,0.011,0.021,-1,Echolocation,/mnt/ubna_data_02_mir/recover-20220922/UBNA_001/20220921_090000.WAV,Telephone Field,recover-20220922,001,1795
1246.9615,1246.9816,20312,23182,Nyctalus leisleri,0.012,0.021,-1,Echolocation,/mnt/ubna_data_02_mir/recover-20220922/UBNA_001/20220921_090000.WAV,Telephone Field,recover-20220922,001,1795
1246.9715,1246.9826,23750,29807,Nyctalus leisleri,0.009,0.021,-1,Echolocation,/mnt/ubna_data_02_mir/recover-20220922/UBNA_001/20220921_090000.WAV,Telephone Field,recover-20220922,001,1795
1247.0295,1247.0396,23750,29269,Nyctalus leisleri,0.009,0.021,-1,Echolocation,/mnt/ubna_data_02_mir/recover-20220922/UBNA_001/20220921_090000.WAV,Telephone Field,recover-20220922,001,1795
1247.0535,1247.0652,22031,26395,Nyctalus leisleri,0.012,0.023,-1,Echolocation,/mnt/ubna_data_02_mir/recover-20220922/UBNA_001/20220921_090000.WAV,Telephone Field,recover-20220922,001,1795
1247.0685,1247.1058,68437,82006,Rhinolophus ferrumequinum,0.021,0.021,-1,Echolocation,/mnt/ubna_data_02_mir/recover-20220922/UBNA_001/20220921_090000.WAV,Telephone Field,recover-20220922,001,1795
1247.0845,1247.123,68437,81533,Rhinolophus ferrumequinum,0.022,0.022,-1,Echolocation,/mnt/ubna_data_02_mir/recover-20220922/UBNA_001/20220921_090000.WAV,Telephone Field,recover-20220922,001,1795
1247.1095,1247.1215,14296,18841,Nyctalus noctula,0.015,0.026,-1,Echolocation,/mnt/ubna_data_02_mir/recover-20220922/UBNA_001/20220921_090000.WAV,Telephone Field,recover-20220922,001,1795
1247.1185,1247.1599,68437,83009,Rhinolophus ferrumequinum,0.032,0.032,-1,Echolocation,/mnt/ubna_data_02_mir/recover-20220922/UBNA_001/20220921_090000.WAV,Telephone Field,recover-20220922,001,1795
1247.1885,1247.1951,23750,32639,Plecotus austriacus,0.013,0.025,-1,Echolocation,/mnt/ubna_data_02_mir/recover-20220922/UBNA_001/20220921_090000.WAV,Telephone Field,recover-20220922,001,1795
1247.1935,1247.2353,68437,82815,Rhinolophus ferrumequinum,0.023,0.023,-1,Echolocation,/mnt/ubna_data_02_mir/recover-20220922/UBNA_001/20220921_090000.WAV,Telephone Field,recover-20220922,001,1795
1247.1965,1247.2043,45234,51304,Pipistrellus pipistrellus,0.018,0.022,-1,Echolocation,/mnt/ubna_data_02_mir/recover-20220922/UBNA_001/20220921_090000.WAV,Telephone Field,recover-20220922,001,1795
1247.2385,1247.2746,68437,81291,Rhinolophus ferrumequinum,0.023,0.023,-1,Echolocation,/mnt/ubna_data_02_mir/recover-20220922/UBNA_001/20220921_090000.WAV,Telephone Field,recover-20220922,001,1795
1247.2695,1247.2781,25468,33484,Eptesicus serotinus,0.007,0.021,-1,Echolocation,/mnt/ubna_data_02_mir/recover-20220922/UBNA_001/20220921_090000.WAV,Telephone Field,recover-20220922,001,1795
1247.2865,1247.3265,68437,82579,Rhinolophus ferrumequinum,0.021,0.021,-1,Echolocation,/mnt/ubna_data_02_mir/recover-20220922/UBNA_001/20220921_090000.WAV,Telephone Field,recover-20220922,001,1795
1247.2955,1247.3362,68437,82607,Rhinolophus ferrumequinum,0.025,0.025,-1,Echolocation,/mnt/ubna_data_02_mir/recover-20220922/UBNA_001/20220921_090000.WAV,Telephone Field,recover-20220922,001,1795
1247.3025,1247.3431,68437,83220,Rhinolophus ferrumequinum,0.025,0.025,-1,Echolocation,/mnt/ubna_data_02_mir/recover-20220922/UBNA_001/20220921_090000.WAV,Telephone Field,recover-20220922,001,1795
1247.3075,1247.3175,23750,29562,Nyctalus leisleri,0.009,0.021,-1,Echolocation,/mnt/ubna_data_02_mir/recover-20220922/UBNA_001/20220921_090000.WAV,Telephone Field,recover-20220922,001,1795
1247.3115,1247.3508,68437,82538,Rhinolophus ferrumequinum,0.021,0.021,-1,Echolocation,/mnt/ubna_data_02_mir/recover-20220922/UBNA_001/20220921_090000.WAV,Telephone Field,recover-20220922,001,1795
1247.3515,1247.3949,68437,83777,Rhinolophus ferrumequinum,0.039,0.039,-1,Echolocation,/mnt/ubna_data_02_mir/recover-20220922/UBNA_001/20220921_090000.WAV,Telephone Field,recover-20220922,001,1795
1247.3645,1247.4057,68437,83008,Rhinolophus ferrumequinum,0.027,0.027,-1,Echolocation,/mnt/ubna_data_02_mir/recover-20220922/UBNA_001/20220921_090000.WAV,Telephone Field,recover-20220922,001,1795
1247.3735,1247.3831,22890,30069,Plecotus austriacus,0.009,0.025,-1,Echolocation,/mnt/ubna_data_02_mir/recover-20220922/UBNA_001/20220921_090000.WAV,Telephone Field,recover-20220922,001,1795
1247.3785,1247.3879,28906,37028,Eptesicus serotinus,0.011,0.025,-1,Echolocation,/mnt/ubna_data_02_mir/recover-20220922/UBNA_001/20220921_090000.WAV,Telephone Field,recover-20220922,001,1795
1247.3875,1247.4247,68437,81451,Rhinolophus ferrumequinum,0.021,0.021,-1,Echolocation,/mnt/ubna_data_02_mir/recover-20220922/UBNA_001/20220921_090000.WAV,Telephone Field,recover-20220922,001,1795
1247.3975,1247.4345,68437,82476,Rhinolophus ferrumequinum,0.022,0.022,-1,Echolocation,/mnt/ubna_data_02_mir/recover-20220922/UBNA_001/20220921_090000.WAV,Telephone Field,recover-20220922,001,1795
1247.4005,1247.4094,50390,56153,Pipistrellus pipistrellus,0.028,0.033,-1,Echolocation,/mnt/ubna_data_02_mir/recover-20220922/UBNA_001/20220921_090000.WAV,Telephone Field,recover-20220922,001,1795
1247.4235,1247.4608,68437,81823,Rhinolophus ferrumequinum,0.022,0.022,-1,Echolocation,/mnt/ubna_data_02_mir/recover-20220922/UBNA_001/20220921_090000.WAV,Telephone Field,recover-20220922,001,1795
1247.4315,1247.473,68437,82062,Rhinolophus ferrumequinum,0.026,0.026,-1,Echolocation,/mnt/ubna_data_02_mir/recover-20220922/UBNA_001/20220921_090000.WAV,Telephone Field,recover-20220922,001,1795
1247.4545,1247.4921,68437,81706,Rhinolophus ferrumequinum,0.021,0.021,-1,Echolocation,/mnt/ubna_data_02_mir/recover-20220922/UBNA_001/20220921_090000.WAV,Telephone Field,recover-20220922,001,1795
1247.4585,1247.4674,28046,39600,Eptesicus serotinus,0.009,0.024,-1,Echolocation,/mnt/ubna_data_02_mir/recover-20220922/UBNA_001/20220921_090000.WAV,Telephone Field,recover-20220922,001,1795
1247.4895,1247.525,68437,81398,Rhinolophus ferrumequinum,0.022,0.022,-1,Echolocation,/mnt/ubna_data_02_mir/recover-20220922/UBNA_001/20220921_090000.WAV,Telephone Field,recover-20220922,001,1795
1247.4975,1247.5331,68437,81876,Rhinolophus ferrumequinum,0.023,0.023,-1,Echolocation,/mnt/ubna_data_02_mir/recover-20220922/UBNA_001/20220921_090000.WAV,Telephone Field,recover-20220922,001,1795
1247.5095,1247.5456,68437,81635,Rhinolophus ferrumequinum,0.021,0.022,-1,Echolocation,/mnt/ubna_data_02_mir/recover-20220922/UBNA_001/20220921_090000.WAV,Telephone Field,recover-20220922,001,1795
1247.5225,1247.5641,68437,82409,Rhinolophus ferrumequinum,0.024,0.024,-1,Echolocation,/mnt/ubna_data_02_mir/recover-20220922/UBNA_001/20220921_090000.WAV,Telephone Field,recover-20220922,001,1795
1247.5725,1247.5798,28046,38926,Eptesicus serotinus,0.006,0.023,-1,Echolocation,/mnt/ubna_data_02_mir/recover-20220922/UBNA_001/20220921_090000.WAV,Telephone Field,recover-20220922,001,1795
1247.5975,1247.609,23750,28338,Nyctalus leisleri,0.016,0.032,-1,Echolocation,/mnt/ubna_data_02_mir/recover-20220922/UBNA_001/20220921_090000.WAV,Telephone Field,recover-20220922,001,1795
1247.6695,1247.71,68437,82553,Rhinolophus ferrumequinum,0.024,0.024,-1,Echolocation,/mnt/ubna_data_02_mir/recover-20220922/UBNA_001/20220921_090000.WAV,Telephone Field,recover-20220922,001,1795
1247.6735,1247.6813,26328,38239,Eptesicus serotinus,0.006,0.021,-1,Echolocation,/mnt/ubna_data_02_mir/recover-20220922/UBNA_001/20220921_090000.WAV,Telephone Field,recover-20220922,001,1795
1247.7125,1247.7201,23750,32263,Plecotus austriacus,0.009,0.023,-1,Echolocation,/mnt/ubna_data_02_mir/recover-20220922/UBNA_001/20220921_090000.WAV,Telephone Field,recover-20220922,001,1795
1247.7245,1247.7311,25468,38174,Myotis nattereri,0.005,0.022,-1,Echolocation,/mnt/ubna_data_02_mir/recover-20220922/UBNA_001/20220921_090000.WAV,Telephone Field,recover-20220922,001,1795
1247.7395,1247.7482,28906,36955,Eptesicus serotinus,0.007,0.021,-1,Echolocation,/mnt/ubna_data_02_mir/recover-20220922/UBNA_001/20220921_090000.WAV,Telephone Field,recover-20220922,001,1795
1247.7425,1247.7795,68437,82069,Rhinolophus ferrumequinum,0.02,0.02,-1,Echolocation,/mnt/ubna_data_02_mir/recover-20220922/UBNA_001/20220921_090000.WAV,Telephone Field,recover-20220922,001,1795
1247.8125,1247.8253,22031,26007,Nyctalus leisleri,0.012,0.022,-1,Echolocation,/mnt/ubna_data_02_mir/recover-20220922/UBNA_001/20220921_090000.WAV,Telephone Field,recover-20220922,001,1795
1247.8155,1247.8559,68437,82688,Rhinolophus ferrumequinum,0.026,0.026,-1,Echolocation,/mnt/ubna_data_02_mir/recover-20220922/UBNA_001/20220921_090000.WAV,Telephone Field,recover-20220922,001,1795
1247.8245,1247.834,28046,37491,Eptesicus serotinus,0.011,0.026,-1,Echolocation,/mnt/ubna_data_02_mir/recover-20220922/UBNA_001/20220921_090000.WAV,Telephone Field,recover-20220922,001,1795
1247.8925,1247.9323,68437,82376,Rhinolophus ferrumequinum,0.024,0.024,-1,Echolocation,/mnt/ubna_data_02_mir/recover-20220922/UBNA_001/20220921_090000.WAV,Telephone Field,recover-20220922,001,1795
1247.9125,1247.9223,28046,36854,Eptesicus serotinus,0.019,0.039,-1,Echolocation,/mnt/ubna_data_02_mir/recover-20220922/UBNA_001/20220921_090000.WAV,Telephone Field,recover-20220922,001,1795
1247.9285,1247.9619,68437,81672,Rhinolophus ferrumequinum,0.021,0.021,-1,Echolocation,/mnt/ubna_data_02_mir/recover-20220922/UBNA_001/20220921_090000.WAV,Telephone Field,recover-20220922,001,1795
1247.9355,1247.9715,68437,82008,Rhinolophus ferrumequinum,0.02,0.02,-1,Echolocation,/mnt/ubna_data_02_mir/recover-20220922/UBNA_001/20220921_090000.WAV,Telephone Field,recover-20220922,001,1795
1247.9375,1247.9458,23750,31278,Plecotus austriacus,0.006,0.021,-1,Echolocation,/mnt/ubna_data_02_mir/recover-20220922/UBNA_001/20220921_090000.WAV,Telephone Field,recover-20220922,001,1795
1247.9495,1247.959,22890,29607,Nyctalus leisleri,0.007,0.022,-1,Echolocation,/mnt/ubna_data_02_mir/recover-20220922/UBNA_001/20220921_090000.WAV,Telephone Field,recover-20220922,001,1795
1248.0015,1248.0163,58125,64204,Pipistrellus pygmaeus,0.027,0.028,-1,Echolocation,/mnt/ubna_data_02_mir/recover-20220922/UBNA_001/20220921_090000.WAV,Telephone Field,recover-20220922,001,1795
1248.0015,1248.0118,48671,54221,Pipistrellus pipistrellus,0.024,0.029,-1,Echolocation,/mnt/ubna_data_02_mir/recover-20220922/UBNA_001/20220921_090000.WAV,Telephone Field,recover-20220922,001,1795
1248.0015,1248.0097,26328,33341,Nyctalus leisleri,0.013,0.034,-1,Echolocation,/mnt/ubna_data_02_mir/recover-20220922/UBNA_001/20220921_090000.WAV,Telephone Field,recover-20220922,001,1795
1248.0015,1248.0344,68437,80344,Rhinolophus ferrumequinum,0.04,0.04,-1,Echolocation,/mnt/ubna_data_02_mir/recover-20220922/UBNA_001/20220921_090000.WAV,Telephone Field,recover-20220922,001,1795
1248.0085,1248.0527,68437,82815,Rhinolophus ferrumequinum,0.024,0.024,-1,Echolocation,/mnt/ubna_data_02_mir/recover-20220922/UBNA_001/20220921_090000.WAV,Telephone Field,recover-20220922,001,1795
1248.0705,1248.1131,68437,83385,Rhinolophus ferrumequinum,0.048,0.048,-1,Echolocation,/mnt/ubna_data_02_mir/recover-20220922/UBNA_001/20220921_090000.WAV,Telephone Field,recover-20220922,001,1795
1248.0845,1248.0941,22890,29423,Plecotus austriacus,0.011,0.028,-1,Echolocation,/mnt/ubna_data_02_mir/recover-20220922/UBNA_001/20220921_090000.WAV,Telephone Field,recover-20220922,001,1795
1248.0985,1248.1367,68437,82839,Rhinolophus ferrumequinum,0.027,0.027,-1,Echolocation,/mnt/ubna_data_02_mir/recover-20220922/UBNA_001/20220921_090000.WAV,Telephone Field,recover-20220922,001,1795
1248.1255,1248.1337,28046,40732,Eptesicus serotinus,0.008,0.022,-1,Echolocation,/mnt/ubna_data_02_mir/recover-20220922/UBNA_001/20220921_090000.WAV,Telephone Field,recover-20220922,001,1795
1248.1535,1248.1631,20312,25271,Plecotus austriacus,0.008,0.022,-1,Echolocation,/mnt/ubna_data_02_mir/recover-20220922/UBNA_001/20220921_090000.WAV,Telephone Field,recover-20220922,001,1795
1248.1675,1248.1777,26328,35151,Eptesicus serotinus,0.01,0.023,-1,Echolocation,/mnt/ubna_data_02_mir/recover-20220922/UBNA_001/20220921_090000.WAV,Telephone Field,recover-20220922,001,1795
1248.1835,1248.1943,22031,26390,Nyctalus leisleri,0.013,0.024,-1,Echolocation,/mnt/ubna_data_02_mir/recover-20220922/UBNA_001/20220921_090000.WAV,Telephone Field,recover-20220922,001,1795
1248.1855,1248.2271,68437,82381,Rhinolophus ferrumequinum,0.028,0.028,-1,Echolocation,/mnt/ubna_data_02_mir/recover-20220922/UBNA_001/20220921_090000.WAV,Telephone Field,recover-20220922,001,1795
1248.1985,1248.2058,28046,41001,Eptesicus serotinus,0.007,0.023,-1,Echolocation,/mnt/ubna_data_02_mir/recover-20220922/UBNA_001/20220921_090000.WAV,Telephone Field,recover-20220922,001,1795
1248.2135,1248.2236,44375,50471,Pipistrellus pipistrellus,0.023,0.027,-1,Echolocation,/mnt/ubna_data_02_mir/recover-20220922/UBNA_001/20220921_090000.WAV,Telephone Field,recover-20220922,001,1795
1248.2645,1248.2987,68437,81584,Rhinolophus ferrumequinum,0.039,0.039,-1,Echolocation,/mnt/ubna_data_02_mir/recover-20220922/UBNA_001/20220921_090000.WAV,Telephone Field,recover-20220922,001,1795
1248.2755,1248.3155,68437,82635,Rhinolophus ferrumequinum,0.022,0.022,-1,Echolocation,/mnt/ubna_data_02_mir/recover-20220922/UBNA_001/20220921_090000.WAV,Telephone Field,recover-20220922,001,1795
1248.2755,1248.2853,22031,27843,Nyctalus leisleri,0.008,0.024,-1,Echolocation,/mnt/ubna_data_02_mir/recover-20220922/UBNA_001/20220921_090000.WAV,Telephone Field,recover-20220922,001,1795
1248.2865,1248.3262,68437,82546,Rhinolophus ferrumequinum,0.022,0.022,-1,Echolocation,/mnt/ubna_data_02_mir/recover-20220922/UBNA_001/20220921_090000.WAV,Telephone Field,recover-20220922,001,1795
1248.3285,1248.3669,68437,81535,Rhinolophus ferrumequinum,0.023,0.023,-1,Echolocation,/mnt/ubna_data_02_mir/recover-20220922/UBNA_001/20220921_090000.WAV,Telephone Field,recover-20220922,001,1795
1248.3555,1248.3649,24609,32436,Eptesicus serotinus,0.008,0.025,-1,Echolocation,/mnt/ubna_data_02_mir/recover-20220922/UBNA_001/20220921_090000.WAV,Telephone Field,recover-20220922,001,1795
1248.3955,1248.4349,68437,82544,Rhinolophus ferrumequinum,0.028,0.028,-1,Echolocation,/mnt/ubna_data_02_mir/recover-20220922/UBNA_001/20220921_090000.WAV,Telephone Field,recover-20220922,001,1795
1248.4215,1248.4576,68437,81892,Rhinolophus ferrumequinum,0.025,0.025,-1,Echolocation,/mnt/ubna_data_02_mir/recover-20220922/UBNA_001/20220921_090000.WAV,Telephone Field,recover-20220922,001,1795
1248.4295,1248.4363,28046,39329,Eptesicus serotinus,0.006,0.025,-1,Echolocation,/mnt/ubna_data_02_mir/recover-20220922/UBNA_001/20220921_090000.WAV,Telephone Field,recover-20220922,001,1795
1248.4305,1248.4693,68437,81854,Rhinolophus ferrumequinum,0.024,0.025,-1,Echolocation,/mnt/ubna_data_02_mir/recover-20220922/UBNA_001/20220921_090000.WAV,Telephone Field,recover-20220922,001,1795
1248.4585,1248.5003,68437,82678,Rhinolophus ferrumequinum,0.023,0.023,-1,Echolocation,/mnt/ubna_data_02_mir/recover-20220922/UBNA_001/20220921_090000.WAV,Telephone Field,recover-20220922,001,1795
1248.4665,1248.4786,22031,27600,Nyctalus leisleri,0.014,0.035,-1,Echolocation,/mnt/ubna_data_02_mir/recover-20220922/UBNA_001/20220921_090000.WAV,Telephone Field,recover-20220922,001,1795
1248.4835,1248.524,68437,82498,Rhinolophus ferrumequinum,0.022,0.022,-1,Echolocation,/mnt/ubna_data_02_mir/recover-20220922/UBNA_001/20220921_090000.WAV,Telephone Field,recover-20220922,001,1795
1248.5545,1248.5655,23750,29204,Nyctalus leisleri,0.013,0.028,-1,Echolocation,/mnt/ubna_data_02_mir/recover-20220922/UBNA_001/20220921_090000.WAV,Telephone Field,recover-20220922,001,1795
1248.5615,1248.6027,68437,82908,Rhinolophus ferrumequinum,0.026,0.026,-1,Echolocation,/mnt/ubna_data_02_mir/recover-20220922/UBNA_001/20220921_090000.WAV,Telephone Field,recover-20220922,001,1795
1248.5965,1248.6056,28906,37176,Eptesicus serotinus,0.009,0.023,-1,Echolocation,/mnt/ubna_data_02_mir/recover-20220922/UBNA_001/20220921_090000.WAV,Telephone Field,recover-20220922,001,1795
1248.6065,1248.6457,68437,82520,Rhinolophus ferrumequinum,0.022,0.023,-1,Echolocation,/mnt/ubna_data_02_mir/recover-20220922/UBNA_001/20220921_090000.WAV,Telephone Field,recover-20220922,001,1795
1248.6155,1248.6581,68437,82952,Rhinolophus ferrumequinum,0.024,0.024,-1,Echolocation,/mnt/ubna_data_02_mir/recover-20220922/UBNA_001/20220921_090000.WAV,Telephone Field,recover-20220922,001,1795
1248.6235,1248.6344,55546,60400,Pipistrellus pygmaeus,0.029,0.03,-1,Echolocation,/mnt/ubna_data_02_mir/recover-20220922/UBNA_001/20220921_090000.WAV,Telephone Field,recover-20220922,001,1795
1248.6555,1248.6948,68437,82455,Rhinolophus ferrumequinum,0.023,0.023,-1,Echolocation,/mnt/ubna_data_02_mir/recover-20220922/UBNA_001/20220921_090000.WAV,Telephone Field,recover-20220922,001,1795
1248.6675,1248.7068,68437,82666,Rhinolophus ferrumequinum,0.022,0.022,-1,Echolocation,/mnt/ubna_data_02_mir/recover-20220922/UBNA_001/20220921_090000.WAV,Telephone Field,recover-20220922,001,1795
1248.7115,1248.7508,68437,81894,Rhinolophus ferrumequinum,0.031,0.031,-1,Echolocation,/mnt/ubna_data_02_mir/recover-20220922/UBNA_001/20220921_090000.WAV,Telephone Field,recover-20220922,001,1795
1248.7195,1248.7584,68437,82113,Rhinolophus ferrumequinum,0.025,0.025,-1,Echolocation,/mnt/ubna_data_02_mir/recover-20220922/UBNA_001/20220921_090000.WAV,Telephone Field,recover-20220922,001,1795
1248.7385,1248.7784,68437,82551,Rhinolophus ferrumequinum,0.028,0.028,-1,Echolocation,/mnt/ubna_data_02_mir/recover-20220922/UBNA_001/20220921_090000.WAV,Telephone Field,recover-20220922,001,1795
1248.7495,1248.7603,22031,26864,Nyctalus leisleri,0.01,0.022,-1,Echolocation,/mnt/ubna_data_02_mir/recover-20220922/UBNA_001/20220921_090000.WAV,Telephone Field,recover-20220922,001,1795
1248.7525,1248.7927,68437,82160,Rhinolophus ferrumequinum,0.023,0.023,-1,Echolocation,/mnt/ubna_data_02_mir/recover-20220922/UBNA_001/20220921_090000.WAV,Telephone Field,recover-20220922,001,1795
1248.7595,1248.7999,68437,82547,Rhinolophus ferrumequinum,0.022,0.022,-1,Echolocation,/mnt/ubna_data_02_mir/recover-20220922/UBNA_001/20220921_090000.WAV,Telephone Field,recover-20220922,001,1795
1248.7685,1248.8097,68437,82961,Rhinolophus ferrumequinum,0.024,0.024,-1,Echolocation,/mnt/ubna_data_02_mir/recover-20220922/UBNA_001/20220921_090000.WAV,Telephone Field,recover-20220922,001,1795
1248.7855,1248.8248,68437,82010,Rhinolophus ferrumequinum,0.022,0.022,-1,Echolocation,/mnt/ubna_data_02_mir/recover-20220922/UBNA_001/20220921_090000.WAV,Telephone Field,recover-20220922,001,1795
1248.8015,1248.8393,68437,82220,Rhinolophus ferrumequinum,0.022,0.022,-1,Echolocation,/mnt/ubna_data_02_mir/recover-20220922/UBNA_001/20220921_090000.WAV,Telephone Field,recover-20220922,001,1795
1248.8135,1248.8503,68437,81239,Rhinolophus ferrumequinum,0.027,0.027,-1,Echolocation,/mnt/ubna_data_02_mir/recover-20220922/UBNA_001/20220921_090000.WAV,Telephone Field,recover-20220922,001,1795
1248.8185,1248.8279,42656,46374,Pipistrellus pipistrellus,0.059,0.066,-1,Echolocation,/mnt/ubna_data_02_mir/recover-20220922/UBNA_001/20220921_090000.WAV,Telephone Field,recover-20220922,001,1795
1248.8805,1248.9186,68437,82110,Rhinolophus ferrumequinum,0.023,0.023,-1,Echolocation,/mnt/ubna_data_02_mir/recover-20220922/UBNA_001/20220921_090000.WAV,Telephone Field,recover-20220922,001,1795
1248.9125,1248.9207,27187,36797,Eptesicus serotinus,0.007,0.022,-1,Echolocation,/mnt/ubna_data_02_mir/recover-20220922/UBNA_001/20220921_090000.WAV,Telephone Field,recover-20220922,001,1795
1248.9255,1248.9648,68437,82170,Rhinolophus ferrumequinum,0.024,0.024,-1,Echolocation,/mnt/ubna_data_02_mir/recover-20220922/UBNA_001/20220921_090000.WAV,Telephone Field,recover-20220922,001,1795
1248.9375,1248.9465,28046,39284,Eptesicus serotinus,0.01,0.025,-1,Echolocation,/mnt/ubna_data_02_mir/recover-20220922/UBNA_001/20220921_090000.WAV,Telephone Field,recover-20220922,001,1795
1248.9755,1248.9856,24609,30018,Nyctalus leisleri,0.009,0.023,-1,Echolocation,/mnt/ubna_data_02_mir/recover-20220922/UBNA_001/20220921_090000.WAV,Telephone Field,recover-20220922,001,1795
1249.0095,1249.0189,28906,37741,Eptesicus serotinus,0.01,0.027,-1,Echolocation,/mnt/ubna_data_02_mir/recover-20220922/UBNA_001/20220921_090000.WAV,Telephone Field,recover-20220922,001,1795
1249.0265,1249.0332,28046,39540,Eptesicus serotinus,0.006,0.026,-1,Echolocation,/mnt/ubna_data_02_mir/recover-20220922/UBNA_001/20220921_090000.WAV,Telephone Field,recover-20220922,001,1795
1249.0795,1249.1168,68437,82019,Rhinolophus ferrumequinum,0.022,0.022,-1,Echolocation,/mnt/ubna_data_02_mir/recover-20220922/UBNA_001/20220921_090000.WAV,Telephone Field,recover-20220922,001,1795
1249.0905,1249.1008,23750,30659,Nyctalus leisleri,0.008,0.023,-1,Echolocation,/mnt/ubna_data_02_mir/recover-20220922/UBNA_001/20220921_090000.WAV,Telephone Field,recover-20220922,001,1795
1249.0935,1249.1317,68437,81903,Rhinolophus ferrumequinum,0.023,0.023,-1,Echolocation,/mnt/ubna_data_02_mir/recover-20220922/UBNA_001/20220921_090000.WAV,Telephone Field,recover-20220922,001,1795
1249.1075,1249.1447,68437,82262,Rhinolophus ferrumequinum,0.024,0.024,-1,Echolocation,/mnt/ubna_data_02_mir/recover-20220922/UBNA_001/20220921_090000.WAV,Telephone Field,recover-20220922,001,1795
1249.1155,1249.1552,68437,81789,Rhinolophus ferrumequinum,0.023,0.023,-1,Echolocation,/mnt/ubna_data_02_mir/recover-20220922/UBNA_001/20220921_090000.WAV,Telephone Field,recover-20220922,001,1795
1249.1515,1249.1665,25468,29574,Nyctalus leisleri,0.016,0.033,-1,Echolocation,/mnt/ubna_data_02_mir/recover-20220922/UBNA_001/20220921_090000.WAV,Telephone Field,recover-20220922,001,1795
1249.1705,1249.2104,68437,81980,Rhinolophus ferrumequinum,0.022,0.022,-1,Echolocation,/mnt/ubna_data_02_mir/recover-20220922/UBNA_001/20220921_090000.WAV,Telephone Field,recover-20220922,001,1795
1249.1745,1249.1848,28906,36534,Eptesicus serotinus,0.01,0.023,-1,Echolocation,/mnt/ubna_data_02_mir/recover-20220922/UBNA_001/20220921_090000.WAV,Telephone Field,recover-20220922,001,1795
1249.1925,1249.2025,27187,39247,Eptesicus serotinus,0.013,0.029,-1,Echolocation,/mnt/ubna_data_02_mir/recover-20220922/UBNA_001/20220921_090000.WAV,Telephone Field,recover-20220922,001,1795
1249.2205,1249.2297,28046,37940,Eptesicus serotinus,0.013,0.028,-1,Echolocation,/mnt/ubna_data_02_mir/recover-20220922/UBNA_001/20220921_090000.WAV,Telephone Field,recover-20220922,001,1795
1249.2325,1249.272,68437,82296,Rhinolophus ferrumequinum,0.025,0.025,-1,Echolocation,/mnt/ubna_data_02_mir/recover-20220922/UBNA_001/20220921_090000.WAV,Telephone Field,recover-20220922,001,1795
1249.2845,1249.2934,27187,38015,Eptesicus serotinus,0.008,0.022,-1,Echolocation,/mnt/ubna_data_02_mir/recover-20220922/UBNA_001/20220921_090000.WAV,Telephone Field,recover-20220922,001,1795
1249.3105,1249.3488,68437,81689,Rhinolophus ferrumequinum,0.023,0.023,-1,Echolocation,/mnt/ubna_data_02_mir/recover-20220922/UBNA_001/20220921_090000.WAV,Telephone Field,recover-20220922,001,1795
1249.3145,1249.3244,24609,32282,Eptesicus serotinus,0.015,0.038,-1,Echolocation,/mnt/ubna_data_02_mir/recover-20220922/UBNA_001/20220921_090000.WAV,Telephone Field,recover-20220922,001,1795
1249.3265,1249.3337,28046,41541,Eptesicus serotinus,0.006,0.022,-1,Echolocation,/mnt/ubna_data_02_mir/recover-20220922/UBNA_001/20220921_090000.WAV,Telephone Field,recover-20220922,001,1795
1249.3555,1249.3997,68437,83524,Rhinolophus ferrumequinum,0.057,0.057,-1,Echolocation,/mnt/ubna_data_02_mir/recover-20220922/UBNA_001/20220921_090000.WAV,Telephone Field,recover-20220922,001,1795
1249.3895,1249.4023,22890,27730,Nyctalus leisleri,0.014,0.026,-1,Echolocation,/mnt/ubna_data_02_mir/recover-20220922/UBNA_001/20220921_090000.WAV,Telephone Field,recover-20220922,001,1795
1249.3895,1249.4292,68437,82292,Rhinolophus ferrumequinum,0.026,0.027,-1,Echolocation,/mnt/ubna_data_02_mir/recover-20220922/UBNA_001/20220921_090000.WAV,Telephone Field,recover-20220922,001,1795
1249.4345,1249.4717,68437,82385,Rhinolophus ferrumequinum,0.022,0.022,-1,Echolocation,/mnt/ubna_data_02_mir/recover-20220922/UBNA_001/20220921_090000.WAV,Telephone Field,recover-20220922,001,1795
1249.4565,1249.4982,68437,82716,Rhinolophus ferrumequinum,0.022,0.022,-1,Echolocation,/mnt/ubna_data_02_mir/recover-20220922/UBNA_001/20220921_090000.WAV,Telephone Field,recover-20220922,001,1795
1249.4645,1249.5055,68437,82419,Rhinolophus ferrumequinum,0.025,0.025,-1,Echolocation,/mnt/ubna_data_02_mir/recover-20220922/UBNA_001/20220921_090000.WAV,Telephone Field,recover-20220922,001,1795
1249.4965,1249.5314,68437,81173,Rhinolophus ferrumequinum,0.022,0.022,-1,Echolocation,/mnt/ubna_data_02_mir/recover-20220922/UBNA_001/20220921_090000.WAV,Telephone Field,recover-20220922,001,1795
1249.5255,1249.532,46953,51178,Pipistrellus pipistrellus,0.023,0.025,-1,Echolocation,/mnt/ubna_data_02_mir/recover-20220922/UBNA_001/20220921_090000.WAV,Telephone Field,recover-20220922,001,1795
1249.5315,1249.5427,15156,20599,Nyctalus noctula,0.026,0.041,-1,Echolocation,/mnt/ubna_data_02_mir/recover-20220922/UBNA_001/20220921_090000.WAV,Telephone Field,recover-20220922,001,1795
1249.5645,1249.5741,28046,36191,Eptesicus serotinus,0.008,0.024,-1,Echolocation,/mnt/ubna_data_02_mir/recover-20220922/UBNA_001/20220921_090000.WAV,Telephone Field,recover-20220922,001,1795
1249.6225,1249.6604,68437,81218,Rhinolophus ferrumequinum,0.024,0.024,-1,Echolocation,/mnt/ubna_data_02_mir/recover-20220922/UBNA_001/20220921_090000.WAV,Telephone Field,recover-20220922,001,1795
1249.6325,1249.6403,28046,38993,Eptesicus serotinus,0.007,0.024,-1,Echolocation,/mnt/ubna_data_02_mir/recover-20220922/UBNA_001/20220921_090000.WAV,Telephone Field,recover-20220922,001,1795
1249.6335,1249.6441,22031,27502,Nyctalus leisleri,0.01,0.024,-1,Echolocation,/mnt/ubna_data_02_mir/recover-20220922/UBNA_001/20220921_090000.WAV,Telephone Field,recover-20220922,001,1795
1249.6635,1249.6825,20312,23505,Nyctalus leisleri,0.013,0.023,-1,Echolocation,/mnt/ubna_data_02_mir/recover-20220922/UBNA_001/20220921_090000.WAV,Telephone Field,recover-20220922,001,1795
1249.7045,1249.7113,23750,33581,Plecotus austriacus,0.018,0.037,-1,Echolocation,/mnt/ubna_data_02_mir/recover-20220922/UBNA_001/20220921_090000.WAV,Telephone Field,recover-20220922,001,1795
1249.7115,1249.7519,68437,82166,Rhinolophus ferrumequinum,0.023,0.023,-1,Echolocation,/mnt/ubna_data_02_mir/recover-20220922/UBNA_001/20220921_090000.WAV,Telephone Field,recover-20220922,001,1795
1249.7525,1249.7871,68437,80484,Rhinolophus ferrumequinum,0.024,0.024,-1,Echolocation,/mnt/ubna_data_02_mir/recover-20220922/UBNA_001/20220921_090000.WAV,Telephone Field,recover-20220922,001,1795
1249.7795,1249.8252,68437,83233,Rhinolophus ferrumequinum,0.056,0.056,-1,Echolocation,/mnt/ubna_data_02_mir/recover-20220922/UBNA_001/20220921_090000.WAV,Telephone Field,recover-20220922,001,1795
1249.7945,1249.8148,19453,22118,Nyctalus leisleri,0.012,0.022,-1,Echolocation,/mnt/ubna_data_02_mir/recover-20220922/UBNA_001/20220921_090000.WAV,Telephone Field,recover-20220922,001,1795
1249.7995,1249.8376,68437,82018,Rhinolophus ferrumequinum,0.027,0.027,-1,Echolocation,/mnt/ubna_data_02_mir/recover-20220922/UBNA_001/20220921_090000.WAV,Telephone Field,recover-20220922,001,1795
1249.8065,1249.8168,30625,38403,Eptesicus serotinus,0.014,0.034,-1,Echolocation,/mnt/ubna_data_02_mir/recover-20220922/UBNA_001/20220921_090000.WAV,Telephone Field,recover-20220922,001,1795
1249.8245,1249.8622,68437,81732,Rhinolophus ferrumequinum,0.022,0.022,-1,Echolocation,/mnt/ubna_data_02_mir/recover-20220922/UBNA_001/20220921_090000.WAV,Telephone Field,recover-20220922,001,1795
1249.8455,1249.8816,68437,81488,Rhinolophus ferrumequinum,0.027,0.027,-1,Echolocation,/mnt/ubna_data_02_mir/recover-20220922/UBNA_001/20220921_090000.WAV,Telephone Field,recover-20220922,001,1795
1249.8765,1249.8848,25468,34216,Eptesicus serotinus,0.009,0.027,-1,Echolocation,/mnt/ubna_data_02_mir/recover-20220922/UBNA_001/20220921_090000.WAV,Telephone Field,recover-20220922,001,1795
1249.8815,1249.9251,68437,83477,Rhinolophus ferrumequinum,0.033,0.033,-1,Echolocation,/mnt/ubna_data_02_mir/recover-20220922/UBNA_001/20220921_090000.WAV,Telephone Field,recover-20220922,001,1795
1249.8835,1249.8943,24609,31321,Eptesicus serotinus,0.011,0.03,-1,Echolocation,/mnt/ubna_data_02_mir/recover-20220922/UBNA_001/20220921_090000.WAV,Telephone Field,recover-20220922,001,1795
1249.8915,1249.9301,68437,82043,Rhinolophus ferrumequinum,0.024,0.024,-1,Echolocation,/mnt/ubna_data_02_mir/recover-20220922/UBNA_001/20220921_090000.WAV,Telephone Field,recover-20220922,001,1795
1249.9025,1249.9442,68437,82826,Rhinolophus ferrumequinum,0.028,0.028,-1,Echolocation,/mnt/ubna_data_02_mir/recover-20220922/UBNA_001/20220921_090000.WAV,Telephone Field,recover-20220922,001,1795
1249.9045,1249.9132,27187,39800,Eptesicus serotinus,0.012,0.031,-1,Echolocation,/mnt/ubna_data_02_mir/recover-20220922/UBNA_001/20220921_090000.WAV,Telephone Field,recover-20220922,001,1795
1249.9285,1249.9403,22890,27898,Nyctalus leisleri,0.011,0.023,-1,Echolocation,/mnt/ubna_data_02_mir/recover-20220922/UBNA_001/20220921_090000.WAV,Telephone Field,recover-20220922,001,1795
1249.9305,1249.9721,68437,82275,Rhinolophus ferrumequinum,0.027,0.027,-1,Echolocation,/mnt/ubna_data_02_mir/recover-20220922/UBNA_001/20220921_090000.WAV,Telephone Field,recover-20220922,001,1795
1249.9395,1249.9776,68437,82192,Rhinolophus ferrumequinum,0.024,0.024,-1,Echolocation,/mnt/ubna_data_02_mir/recover-20220922/UBNA_001/20220921_090000.WAV,Telephone Field,recover-20220922,001,1795
1249.9805,1249.9915,22890,28860,Nyctalus leisleri,0.01,0.024,-1,Echolocation,/mnt/ubna_data_02_mir/recover-20220922/UBNA_001/20220921_090000.WAV,Telephone Field,recover-20220922,001,1795
1249.9845,1249.9945,42656,47791,Pipistrellus pipistrellus,0.012,0.022,-1,Echolocation,/mnt/ubna_data_02_mir/recover-20220922/UBNA_001/20220921_090000.WAV,Telephone Field,recover-20220922,001,1795
1250.0015,1250.0104,49531,56893,Pipistrellus pipistrellus,0.024,0.031,-1,Echolocation,/mnt/ubna_data_02_mir/recover-20220922/UBNA_001/20220921_090000.WAV,Telephone Field,recover-20220922,001,1795
1250.0015,1250.0353,69296,81035,Rhinolophus ferrumequinum,0.032,0.032,-1,Echolocation,/mnt/ubna_data_02_mir/recover-20220922/UBNA_001/20220921_090000.WAV,Telephone Field,recover-20220922,001,1795
1250.0015,1250.0101,27187,35344,Eptesicus serotinus,0.009,0.027,-1,Echolocation,/mnt/ubna_data_02_mir/recover-20220922/UBNA_001/20220921_090000.WAV,Telephone Field,recover-20220922,001,1795
1250.0085,1250.0489,68437,82013,Rhinolophus ferrumequinum,0.024,0.024,-1,Echolocation,/mnt/ubna_data_02_mir/recover-20220922/UBNA_001/20220921_090000.WAV,Telephone Field,recover-20220922,001,1795
1250.1005,1250.1391,68437,81583,Rhinolophus ferrumequinum,0.024,0.024,-1,Echolocation,/mnt/ubna_data_02_mir/recover-20220922/UBNA_001/20220921_090000.WAV,Telephone Field,recover-20220922,001,1795
1250.1245,1250.1335,28906,36997,Eptesicus serotinus,0.008,0.022,-1,Echolocation,/mnt/ubna_data_02_mir/recover-20220922/UBNA_001/20220921_090000.WAV,Telephone Field,recover-20220922,001,1795
1250.1565,1250.1983,68437,82922,Rhinolophus ferrumequinum,0.026,0.026,-1,Echolocation,/mnt/ubna_data_02_mir/recover-20220922/UBNA_001/20220921_090000.WAV,Telephone Field,recover-20220922,001,1795
1250.1615,1250.202,68437,82939,Rhinolophus ferrumequinum,0.026,0.026,-1,Echolocation,/mnt/ubna_data_02_mir/recover-20220922/UBNA_001/20220921_090000.WAV,Telephone Field,recover-20220922,001,1795
1250.1755,1250.1825,27187,42077,Eptesicus serotinus,0.007,0.023,-1,Echolocation,/mnt/ubna_data_02_mir/recover-20220922/UBNA_001/20220921_090000.WAV,Telephone Field,recover-20220922,001,1795
1250.1935,1250.2122,20312,22759,Nyctalus leisleri,0.014,0.023,-1,Echolocation,/mnt/ubna_data_02_mir/recover-20220922/UBNA_001/20220921_090000.WAV,Telephone Field,recover-20220922,001,1795
1250.2095,1250.2467,68437,81488,Rhinolophus ferrumequinum,0.021,0.021,-1,Echolocation,/mnt/ubna_data_02_mir/recover-20220922/UBNA_001/20220921_090000.WAV,Telephone Field,recover-20220922,001,1795
1250.2635,1250.3046,68437,82518,Rhinolophus ferrumequinum,0.023,0.023,-1,Echolocation,/mnt/ubna_data_02_mir/recover-20220922/UBNA_001/20220921_090000.WAV,Telephone Field,recover-20220922,001,1795
1250.2755,1250.2843,28906,39224,Eptesicus serotinus,0.007,0.021,-1,Echolocation,/mnt/ubna_data_02_mir/recover-20220922/UBNA_001/20220921_090000.WAV,Telephone Field,recover-20220922,001,1795
1250.2995,1250.3078,25468,33302,Eptesicus serotinus,0.007,0.021,-1,Echolocation,/mnt/ubna_data_02_mir/recover-20220922/UBNA_001/20220921_090000.WAV,Telephone Field,recover-20220922,001,1795
1250.3335,1250.3715,68437,81284,Rhinolophus ferrumequinum,0.024,0.024,-1,Echolocation,/mnt/ubna_data_02_mir/recover-20220922/UBNA_001/20220921_090000.WAV,Telephone Field,recover-20220922,001,1795
1250.3595,1250.3976,68437,81920,Rhinolophus ferrumequinum,0.022,0.022,-1,Echolocation,/mnt/ubna_data_02_mir/recover-20220922/UBNA_001/20220921_090000.WAV,Telephone Field,recover-20220922,001,1795
1250.3905,1250.4303,68437,82312,Rhinolophus ferrumequinum,0.022,0.022,-1,Echolocation,/mnt/ubna_data_02_mir/recover-20220922/UBNA_001/20220921_090000.WAV,Telephone Field,recover-20220922,001,1795
1250.4025,1250.4183,20312,23367,Nyctalus leisleri,0.014,0.023,-1,Echolocation,/mnt/ubna_data_02_mir/recover-20220922/UBNA_001/20220921_090000.WAV,Telephone Field,recover-20220922,001,1795
1250.4215,1250.4608,68437,82907,Rhinolophus ferrumequinum,0.025,0.025,-1,Echolocation,/mnt/ubna_data_02_mir/recover-20220922/UBNA_001/20220921_090000.WAV,Telephone Field,recover-20220922,001,1795
1250.4805,1250.5239,68437,83427,Rhinolophus ferrumequinum,0.026,0.026,-1,Echolocation,/mnt/ubna_data_02_mir/recover-20220922/UBNA_001/20220921_090000.WAV,Telephone Field,recover-20220922,001,1795
1250.5015,1250.5386,68437,82290,Rhinolophus ferrumequinum,0.024,0.024,-1,Echolocation,/mnt/ubna_data_02_mir/recover-20220922/UBNA_001/20220921_090000.WAV,Telephone Field,recover-20220922,001,1795
1250.5435,1250.5545,23750,29816,Nyctalus leisleri,0.013,0.03,-1,Echolocation,/mnt/ubna_data_02_mir/recover-20220922/UBNA_001/20220921_090000.WAV,Telephone Field,recover-20220922,001,1795
1250.5965,1250.6365,68437,83071,Rhinolophus ferrumequinum,0.023,0.023,-1,Echolocation,/mnt/ubna_data_02_mir/recover-20220922/UBNA_001/20220921_090000.WAV,Telephone Field,recover-20220922,001,1795
1250.6435,1250.6824,68437,82282,Rhinolophus ferrumequinum,0.028,0.028,-1,Echolocation,/mnt/ubna_data_02_mir/recover-20220922/UBNA_001/20220921_090000.WAV,Telephone Field,recover-20220922,001,1795
1250.6535,1250.6924,68437,81980,Rhinolophus ferrumequinum,0.029,0.029,-1,Echolocation,/mnt/ubna_data_02_mir/recover-20220922/UBNA_001/20220921_090000.WAV,Telephone Field,recover-20220922,001,1795
1250.6805,1250.7178,68437,81667,Rhinolophus ferrumequinum,0.022,0.022,-1,Echolocation,/mnt/ubna_data_02_mir/recover-20220922/UBNA_001/20220921_090000.WAV,Telephone Field,recover-20220922,001,1795
1250.7235,1250.7628,68437,82633,Rhinolophus ferrumequinum,0.021,0.021,-1,Echolocation,/mnt/ubna_data_02_mir/recover-20220922/UBNA_001/20220921_090000.WAV,Telephone Field,recover-20220922,001,1795
1250.8065,1250.844,68437,81587,Rhinolophus ferrumequinum,0.021,0.021,-1,Echolocation,/mnt/ubna_data_02_mir/recover-20220922/UBNA_001/20220921_090000.WAV,Telephone Field,recover-20220922,001,1795
1250.8285,1250.8388,25468,31580,Eptesicus serotinus,0.01,0.024,-1,Echolocation,/mnt/ubna_data_02_mir/recover-20220922/UBNA_001/20220921_090000.WAV,Telephone Field,recover-20220922,001,1795
1250.8765,1250.8877,28906,37340,Eptesicus serotinus,0.015,0.029,-1,Echolocation,/mnt/ubna_data_02_mir/recover-20220922/UBNA_001/20220921_090000.WAV,Telephone Field,recover-20220922,001,1795
1250.8815,1250.9245,68437,82934,Rhinolophus ferrumequinum,0.023,0.023,-1,Echolocation,/mnt/ubna_data_02_mir/recover-20220922/UBNA_001/20220921_090000.WAV,Telephone Field,recover-20220922,001,1795
1250.9025,1250.9437,68437,82776,Rhinolophus ferrumequinum,0.027,0.027,-1,Echolocation,/mnt/ubna_data_02_mir/recover-20220922/UBNA_001/20220921_090000.WAV,Telephone Field,recover-20220922,001,1795
1250.9215,1250.9608,68437,82265,Rhinolophus ferrumequinum,0.021,0.021,-1,Echolocation,/mnt/ubna_data_02_mir/recover-20220922/UBNA_001/20220921_090000.WAV,Telephone Field,recover-20220922,001,1795
1250.9405,1250.9785,68437,82132,Rhinolophus ferrumequinum,0.022,0.022,-1,Echolocation,/mnt/ubna_data_02_mir/recover-20220922/UBNA_001/20220921_090000.WAV,Telephone Field,recover-20220922,001,1795
1250.9515,1250.96,28046,38815,Eptesicus serotinus,0.008,0.021,-1,Echolocation,/mnt/ubna_data_02_mir/recover-20220922/UBNA_001/20220921_090000.WAV,Telephone Field,recover-20220922,001,1795
1250.9645,1251.006,68437,82285,Rhinolophus ferrumequinum,0.04,0.04,-1,Echolocation,/mnt/ubna_data_02_mir/recover-20220922/UBNA_001/20220921_090000.WAV,Telephone Field,recover-20220922,001,1795
1250.9825,1251.0226,68437,82638,Rhinolophus ferrumequinum,0.028,0.028,-1,Echolocation,/mnt/ubna_data_02_mir/recover-20220922/UBNA_001/20220921_090000.WAV,Telephone Field,recover-20220922,001,1795
1251.0415,1251.078,68437,81800,Rhinolophus ferrumequinum,0.024,0.024,-1,Echolocation,/mnt/ubna_data_02_mir/recover-20220922/UBNA_001/20220921_090000.WAV,Telephone Field,recover-20220922,001,1795
1251.0515,1251.0937,68437,82521,Rhinolophus ferrumequinum,0.027,0.027,-1,Echolocation,/mnt/ubna_data_02_mir/recover-20220922/UBNA_001/20220921_090000.WAV,Telephone Field,recover-20220922,001,1795
1251.0795,1251.0865,28046,39361,Eptesicus serotinus,0.006,0.022,-1,Echolocation,/mnt/ubna_data_02_mir/recover-20220922/UBNA_001/20220921_090000.WAV,Telephone Field,recover-20220922,001,1795
1251.1045,1251.1412,68437,81752,Rhinolophus ferrumequinum,0.023,0.023,-1,Echolocation,/mnt/ubna_data_02_mir/recover-20220922/UBNA_001/20220921_090000.WAV,Telephone Field,recover-20220922,001,1795
1251.1495,1251.1592,28906,37000,Eptesicus serotinus,0.01,0.023,-1,Echolocation,/mnt/ubna_data_02_mir/recover-20220922/UBNA_001/20220921_090000.WAV,Telephone Field,recover-20220922,001,1795
1251.1915,1251.2358,68437,83214,Rhinolophus ferrumequinum,0.023,0.023,-1,Echolocation,/mnt/ubna_data_02_mir/recover-20220922/UBNA_001/20220921_090000.WAV,Telephone Field,recover-20220922,001,1795
1251.2015,1251.2418,68437,82971,Rhinolophus ferrumequinum,0.023,0.023,-1,Echolocation,/mnt/ubna_data_02_mir/recover-20220922/UBNA_001/20220921_090000.WAV,Telephone Field,recover-20220922,001,1795
1251.2445,1251.2531,28906,37788,Eptesicus serotinus,0.008,0.023,-1,Echolocation,/mnt/ubna_data_02_mir/recover-20220922/UBNA_001/20220921_090000.WAV,Telephone Field,recover-20220922,001,1795
1251.2685,1251.3055,68437,81740,Rhinolophus ferrumequinum,0.024,0.025,-1,Echolocation,/mnt/ubna_data_02_mir/recover-20220922/UBNA_001/20220921_090000.WAV,Telephone Field,recover-20220922,001,1795
1251.2715,1251.278,28046,40628,Eptesicus serotinus,0.006,0.023,-1,Echolocation,/mnt/ubna_data_02_mir/recover-20220922/UBNA_001/20220921_090000.WAV,Telephone Field,recover-20220922,001,1795
1251.3075,1251.3179,28906,37320,Eptesicus serotinus,0.013,0.028,-1,Echolocation,/mnt/ubna_data_02_mir/recover-20220922/UBNA_001/20220921_090000.WAV,Telephone Field,recover-20220922,001,1795
1251.3105,1251.3486,68437,81674,Rhinolophus ferrumequinum,0.022,0.022,-1,Echolocation,/mnt/ubna_data_02_mir/recover-20220922/UBNA_001/20220921_090000.WAV,Telephone Field,recover-20220922,001,1795
1251.3165,1251.3528,68437,81902,Rhinolophus ferrumequinum,0.021,0.021,-1,Echolocation,/mnt/ubna_data_02_mir/recover-20220922/UBNA_001/20220921_090000.WAV,Telephone Field,recover-20220922,001,1795
1251.3745,1251.3832,27187,37944,Eptesicus serotinus,0.008,0.021,-1,Echolocation,/mnt/ubna_data_02_mir/recover-20220922/UBNA_001/20220921_090000.WAV,Telephone Field,recover-20220922,001,1795
1251.3895,1251.4308,68437,83205,Rhinolophus ferrumequinum,0.028,0.028,-1,Echolocation,/mnt/ubna_data_02_mir/recover-20220922/UBNA_001/20220921_090000.WAV,Telephone Field,recover-20220922,001,1795
1251.4035,1251.4117,28046,37839,Eptesicus serotinus,0.008,0.023,-1,Echolocation,/mnt/ubna_data_02_mir/recover-20220922/UBNA_001/20220921_090000.WAV,Telephone Field,recover-20220922,001,1795
1251.4305,1251.438,27187,40354,Eptesicus serotinus,0.007,0.022,-1,Echolocation,/mnt/ubna_data_02_mir/recover-20220922/UBNA_001/20220921_090000.WAV,Telephone Field,recover-20220922,001,1795
1251.4325,1251.4746,68437,82649,Rhinolophus ferrumequinum,0.023,0.023,-1,Echolocation,/mnt/ubna_data_02_mir/recover-20220922/UBNA_001/20220921_090000.WAV,Telephone Field,recover-20220922,001,1795
1251.4475,1251.4558,24609,34087,Plecotus austriacus,0.008,0.028,-1,Echolocation,/mnt/ubna_data_02_mir/recover-20220922/UBNA_001/20220921_090000.WAV,Telephone Field,recover-20220922,001,1795
1251.4675,1251.5065,68437,82135,Rhinolophus ferrumequinum,0.021,0.021,-1,Echolocation,/mnt/ubna_data_02_mir/recover-20220922/UBNA_001/20220921_090000.WAV,Telephone Field,recover-20220922,001,1795
1251.4695,1251.4775,27187,36566,Eptesicus serotinus,0.01,0.025,-1,Echolocation,/mnt/ubna_data_02_mir/recover-20220922/UBNA_001/20220921_090000.WAV,Telephone Field,recover-20220922,001,1795
1251.4885,1251.5299,68437,82678,Rhinolophus ferrumequinum,0.028,0.028,-1,Echolocation,/mnt/ubna_data_02_mir/recover-20220922/UBNA_001/20220921_090000.WAV,Telephone Field,recover-20220922,001,1795
1251.5095,1251.5466,68437,82468,Rhinolophus ferrumequinum,0.023,0.023,-1,Echolocation,/mnt/ubna_data_02_mir/recover-20220922/UBNA_001/20220921_090000.WAV,Telephone Field,recover-20220922,001,1795
1251.5465,1251.5866,68437,82969,Rhinolophus ferrumequinum,0.024,0.024,-1,Echolocation,/mnt/ubna_data_02_mir/recover-20220922/UBNA_001/20220921_090000.WAV,Telephone Field,recover-20220922,001,1795
1251.5625,1251.5777,14296,19043,Nyctalus noctula,0.026,0.038,-1,Echolocation,/mnt/ubna_data_02_mir/recover-20220922/UBNA_001/20220921_090000.WAV,Telephone Field,recover-20220922,001,1795
1251.5805,1251.6209,68437,82873,Rhinolophus ferrumequinum,0.027,0.027,-1,Echolocation,/mnt/ubna_data_02_mir/recover-20220922/UBNA_001/20220921_090000.WAV,Telephone Field,recover-20220922,001,1795
1251.6285,1251.6655,68437,82496,Rhinolophus ferrumequinum,0.022,0.022,-1,Echolocation,/mnt/ubna_data_02_mir/recover-20220922/UBNA_001/20220921_090000.WAV,Telephone Field,recover-20220922,001,1795
1251.6405,1251.6833,68437,82233,Rhinolophus ferrumequinum,0.024,0.024,-1,Echolocation,/mnt/ubna_data_02_mir/recover-20220922/UBNA_001/20220921_090000.WAV,Telephone Field,recover-20220922,001,1795
1251.6475,1251.6574,27187,34863,Eptesicus serotinus,0.009,0.022,-1,Echolocation,/mnt/ubna_data_02_mir/recover-20220922/UBNA_001/20220921_090000.WAV,Telephone Field,recover-20220922,001,1795
1251.6885,1251.7302,68437,82758,Rhinolophus ferrumequinum,0.027,0.027,-1,Echolocation,/mnt/ubna_data_02_mir/recover-20220922/UBNA_001/20220921_090000.WAV,Telephone Field,recover-20220922,001,1795
1251.7065,1251.7478,68437,82973,Rhinolophus ferrumequinum,0.024,0.024,-1,Echolocation,/mnt/ubna_data_02_mir/recover-20220922/UBNA_001/20220921_090000.WAV,Telephone Field,recover-20220922,001,1795
1251.7435,1251.7839,68437,82400,Rhinolophus ferrumequinum,0.03,0.03,-1,Echolocation,/mnt/ubna_data_02_mir/recover-20220922/UBNA_001/20220921_090000.WAV,Telephone Field,recover-20220922,001,1795
1251.7675,1251.7753,28046,39041,Eptesicus serotinus,0.007,0.023,-1,Echolocation,/mnt/ubna_data_02_mir/recover-20220922/UBNA_001/20220921_090000.WAV,Telephone Field,recover-20220922,001,1795
1251.8045,1251.8448,68437,82563,Rhinolophus ferrumequinum,0.024,0.024,-1,Echolocation,/mnt/ubna_data_02_mir/recover-20220922/UBNA_001/20220921_090000.WAV,Telephone Field,recover-20220922,001,1795
1251.8115,1251.8197,27187,38572,Eptesicus serotinus,0.008,0.023,-1,Echolocation,/mnt/ubna_data_02_mir/recover-20220922/UBNA_001/20220921_090000.WAV,Telephone Field,recover-20220922,001,1795
1251.8315,1251.8383,26328,38566,Eptesicus serotinus,0.006,0.022,-1,Echolocation,/mnt/ubna_data_02_mir/recover-20220922/UBNA_001/20220921_090000.WAV,Telephone Field,recover-20220922,001,1795
1251.8315,1251.8684,68437,82055,Rhinolophus ferrumequinum,0.023,0.023,-1,Echolocation,/mnt/ubna_data_02_mir/recover-20220922/UBNA_001/20220921_090000.WAV,Telephone Field,recover-20220922,001,1795
1251.8365,1251.8439,26328,35730,Eptesicus serotinus,0.007,0.022,-1,Echolocation,/mnt/ubna_data_02_mir/recover-20220922/UBNA_001/20220921_090000.WAV,Telephone Field,recover-20220922,001,1795
1251.8385,1251.8752,68437,81526,Rhinolophus ferrumequinum,0.022,0.022,-1,Echolocation,/mnt/ubna_data_02_mir/recover-20220922/UBNA_001/20220921_090000.WAV,Telephone Field,recover-20220922,001,1795
1251.8755,1251.8847,23750,31327,Plecotus austriacus,0.007,0.024,-1,Echolocation,/mnt/ubna_data_02_mir/recover-20220922/UBNA_001/20220921_090000.WAV,Telephone Field,recover-20220922,001,1795
1251.9015,1251.9399,68437,82336,Rhinolophus ferrumequinum,0.023,0.023,-1,Echolocation,/mnt/ubna_data_02_mir/recover-20220922/UBNA_001/20220921_090000.WAV,Telephone Field,recover-20220922,001,1795
1251.9595,1251.9665,28046,38741,Eptesicus serotinus,0.006,0.021,-1,Echolocation,/mnt/ubna_data_02_mir/recover-20220922/UBNA_001/20220921_090000.WAV,Telephone Field,recover-20220922,001,1795
1251.9785,1251.9861,28046,39819,Eptesicus serotinus,0.008,0.025,-1,Echolocation,/mnt/ubna_data_02_mir/recover-20220922/UBNA_001/20220921_090000.WAV,Telephone Field,recover-20220922,001,1795
1252.0015,1252.0089,25468,37601,Eptesicus serotinus,0.005,0.024,-1,Echolocation,/mnt/ubna_data_02_mir/recover-20220922/UBNA_001/20220921_090000.WAV,Telephone Field,recover-20220922,001,1795
1252.0015,1252.0345,70156,81231,Rhinolophus ferrumequinum,0.04,0.04,-1,Echolocation,/mnt/ubna_data_02_mir/recover-20220922/UBNA_001/20220921_090000.WAV,Telephone Field,recover-20220922,001,1795
1252.0585,1252.069,28046,35867,Eptesicus serotinus,0.011,0.027,-1,Echolocation,/mnt/ubna_data_02_mir/recover-20220922/UBNA_001/20220921_090000.WAV,Telephone Field,recover-20220922,001,1795
1252.0845,1252.1251,68437,82560,Rhinolophus ferrumequinum,0.022,0.023,-1,Echolocation,/mnt/ubna_data_02_mir/recover-20220922/UBNA_001/20220921_090000.WAV,Telephone Field,recover-20220922,001,1795
1252.1035,1252.1391,68437,81149,Rhinolophus ferrumequinum,0.023,0.023,-1,Echolocation,/mnt/ubna_data_02_mir/recover-20220922/UBNA_001/20220921_090000.WAV,Telephone Field,recover-20220922,001,1795
1252.1515,1252.1912,68437,82211,Rhinolophus ferrumequinum,0.024,0.024,-1,Echolocation,/mnt/ubna_data_02_mir/recover-20220922/UBNA_001/20220921_090000.WAV,Telephone Field,recover-20220922,001,1795
1252.1625,1252.1753,26328,33155,Eptesicus serotinus,0.017,0.033,-1,Echolocation,/mnt/ubna_data_02_mir/recover-20220922/UBNA_001/20220921_090000.WAV,Telephone Field,recover-20220922,001,1795
1252.1835,1252.2249,68437,83175,Rhinolophus ferrumequinum,0.028,0.028,-1,Echolocation,/mnt/ubna_data_02_mir/recover-20220922/UBNA_001/20220921_090000.WAV,Telephone Field,recover-20220922,001,1795
1252.1945,1252.2019,25468,41066,Eptesicus serotinus,0.006,0.021,-1,Echolocation,/mnt/ubna_data_02_mir/recover-20220922/UBNA_001/20220921_090000.WAV,Telephone Field,recover-20220922,001,1795
1252.2075,1252.2179,28046,35131,Eptesicus serotinus,0.009,0.022,-1,Echolocation,/mnt/ubna_data_02_mir/recover-20220922/UBNA_001/20220921_090000.WAV,Telephone Field,recover-20220922,001,1795
1252.2625,1252.2732,27187,35932,Eptesicus serotinus,0.011,0.025,-1,Echolocation,/mnt/ubna_data_02_mir/recover-20220922/UBNA_001/20220921_090000.WAV,Telephone Field,recover-20220922,001,1795
1252.2755,1252.2847,25468,32622,Eptesicus serotinus,0.009,0.027,-1,Echolocation,/mnt/ubna_data_02_mir/recover-20220922/UBNA_001/20220921_090000.WAV,Telephone Field,recover-20220922,001,1795
1252.3175,1252.3581,68437,82793,Rhinolophus ferrumequinum,0.027,0.027,-1,Echolocation,/mnt/ubna_data_02_mir/recover-20220922/UBNA_001/20220921_090000.WAV,Telephone Field,recover-20220922,001,1795
1252.3245,1252.3322,30625,40798,Myotis daubentonii,0.007,0.022,-1,Echolocation,/mnt/ubna_data_02_mir/recover-20220922/UBNA_001/20220921_090000.WAV,Telephone Field,recover-20220922,001,1795
1252.3395,1252.3467,27187,40792,Eptesicus serotinus,0.006,0.021,-1,Echolocation,/mnt/ubna_data_02_mir/recover-20220922/UBNA_001/20220921_090000.WAV,Telephone Field,recover-20220922,001,1795
1252.3785,1252.386,28046,37937,Eptesicus serotinus,0.007,0.022,-1,Echolocation,/mnt/ubna_data_02_mir/recover-20220922/UBNA_001/20220921_090000.WAV,Telephone Field,recover-20220922,001,1795
1252.3895,1252.4286,68437,81903,Rhinolophus ferrumequinum,0.024,0.024,-1,Echolocation,/mnt/ubna_data_02_mir/recover-20220922/UBNA_001/20220921_090000.WAV,Telephone Field,recover-20220922,001,1795
1252.3915,1252.4021,44375,51852,Pipistrellus pipistrellus,0.021,0.035,-1,Echolocation,/mnt/ubna_data_02_mir/recover-20220922/UBNA_001/20220921_090000.WAV,Telephone Field,recover-20220922,001,1795
1252.4155,1252.4574,68437,82529,Rhinolophus ferrumequinum,0.026,0.026,-1,Echolocation,/mnt/ubna_data_02_mir/recover-20220922/UBNA_001/20220921_090000.WAV,Telephone Field,recover-20220922,001,1795
1252.4445,1252.4833,68437,82485,Rhinolophus ferrumequinum,0.024,0.024,-1,Echolocation,/mnt/ubna_data_02_mir/recover-20220922/UBNA_001/20220921_090000.WAV,Telephone Field,recover-20220922,001,1795
1252.4595,1252.4979,68437,82394,Rhinolophus ferrumequinum,0.021,0.021,-1,Echolocation,/mnt/ubna_data_02_mir/recover-20220922/UBNA_001/20220921_090000.WAV,Telephone Field,recover-20220922,001,1795
1252.4675,1252.478,22890,27780,Nyctalus leisleri,0.011,0.022,-1,Echolocation,/mnt/ubna_data_02_mir/recover-20220922/UBNA_001/20220921_090000.WAV,Telephone Field,recover-20220922,001,1795
1252.4925,1252.5349,68437,82935,Rhinolophus ferrumequinum,0.059,0.059,-1,Echolocation,/mnt/ubna_data_02_mir/recover-20220922/UBNA_001/20220921_090000.WAV,Telephone Field,recover-20220922,001,1795
1252.5145,1252.5254,28046,36690,Eptesicus serotinus,0.012,0.027,-1,Echolocation,/mnt/ubna_data_02_mir/recover-20220922/UBNA_001/20220921_090000.WAV,Telephone Field,recover-20220922,001,1795
1252.5195,1252.5562,68437,81905,Rhinolophus ferrumequinum,0.026,0.026,-1,Echolocation,/mnt/ubna_data_02_mir/recover-20220922/UBNA_001/20220921_090000.WAV,Telephone Field,recover-20220922,001,1795
1252.5255,1252.5355,23750,30055,Nyctalus leisleri,0.009,0.022,-1,Echolocation,/mnt/ubna_data_02_mir/recover-20220922/UBNA_001/20220921_090000.WAV,Telephone Field,recover-20220922,001,1795
1252.5485,1252.5872,68437,82153,Rhinolophus ferrumequinum,0.022,0.022,-1,Echolocation,/mnt/ubna_data_02_mir/recover-20220922/UBNA_001/20220921_090000.WAV,Telephone Field,recover-20220922,001,1795
1252.5515,1252.5612,43515,49697,Pipistrellus pipistrellus,0.017,0.023,-1,Echolocation,/mnt/ubna_data_02_mir/recover-20220922/UBNA_001/20220921_090000.WAV,Telephone Field,recover-20220922,001,1795
1252.6005,1252.6426,68437,82877,Rhinolophus ferrumequinum,0.023,0.023,-1,Echolocation,/mnt/ubna_data_02_mir/recover-20220922/UBNA_001/20220921_090000.WAV,Telephone Field,recover-20220922,001,1795
1252.6065,1252.6145,24609,33301,Plecotus austriacus,0.007,0.024,-1,Echolocation,/mnt/ubna_data_02_mir/recover-20220922/UBNA_001/20220921_090000.WAV,Telephone Field,recover-20220922,001,1795
1252.6245,1252.6629,68437,82847,Rhinolophus ferrumequinum,0.021,0.021,-1,Echolocation,/mnt/ubna_data_02_mir/recover-20220922/UBNA_001/20220921_090000.WAV,Telephone Field,recover-20220922,001,1795
1252.6345,1252.6425,28046,38957,Eptesicus serotinus,0.008,0.024,-1,Echolocation,/mnt/ubna_data_02_mir/recover-20220922/UBNA_001/20220921_090000.WAV,Telephone Field,recover-20220922,001,1795
1252.6625,1252.7036,68437,82146,Rhinolophus ferrumequinum,0.025,0.025,-1,Echolocation,/mnt/ubna_data_02_mir/recover-20220922/UBNA_001/20220921_090000.WAV,Telephone Field,recover-20220922,001,1795
1252.7115,1252.7469,68437,80905,Rhinolophus ferrumequinum,0.021,0.021,-1,Echolocation,/mnt/ubna_data_02_mir/recover-20220922/UBNA_001/20220921_090000.WAV,Telephone Field,recover-20220922,001,1795
1252.7205,1252.7598,68437,82184,Rhinolophus ferrumequinum,0.026,0.026,-1,Echolocation,/mnt/ubna_data_02_mir/recover-20220922/UBNA_001/20220921_090000.WAV,Telephone Field,recover-20220922,001,1795
1252.7235,1252.7352,22031,26649,Nyctalus leisleri,0.013,0.025,-1,Echolocation,/mnt/ubna_data_02_mir/recover-20220922/UBNA_001/20220921_090000.WAV,Telephone Field,recover-20220922,001,1795
1252.7275,1252.7671,68437,83017,Rhinolophus ferrumequinum,0.023,0.023,-1,Echolocation,/mnt/ubna_data_02_mir/recover-20220922/UBNA_001/20220921_090000.WAV,Telephone Field,recover-20220922,001,1795
1252.7625,1252.8008,68437,82459,Rhinolophus ferrumequinum,0.03,0.03,-1,Echolocation,/mnt/ubna_data_02_mir/recover-20220922/UBNA_001/20220921_090000.WAV,Telephone Field,recover-20220922,001,1795
1252.7755,1252.7825,26328,38109,Eptesicus serotinus,0.006,0.021,-1,Echolocation,/mnt/ubna_data_02_mir/recover-20220922/UBNA_001/20220921_090000.WAV,Telephone Field,recover-20220922,001,1795
1252.8045,1252.8425,68437,82185,Rhinolophus ferrumequinum,0.022,0.022,-1,Echolocation,/mnt/ubna_data_02_mir/recover-20220922/UBNA_001/20220921_090000.WAV,Telephone Field,recover-20220922,001,1795
1252.8635,1252.8705,23750,32633,Plecotus austriacus,0.009,0.023,-1,Echolocation,/mnt/ubna_data_02_mir/recover-20220922/UBNA_001/20220921_090000.WAV,Telephone Field,recover-20220922,001,1795
1252.8745,1252.9134,68437,81965,Rhinolophus ferrumequinum,0.022,0.022,-1,Echolocation,/mnt/ubna_data_02_mir/recover-20220922/UBNA_001/20220921_090000.WAV,Telephone Field,recover-20220922,001,1795
1252.8925,1252.9297,68437,82406,Rhinolophus ferrumequinum,0.027,0.027,-1,Echolocation,/mnt/ubna_data_02_mir/recover-20220922/UBNA_001/20220921_090000.WAV,Telephone Field,recover-20220922,001,1795
1252.9225,1252.9305,28046,38599,Eptesicus serotinus,0.007,0.022,-1,Echolocation,/mnt/ubna_data_02_mir/recover-20220922/UBNA_001/20220921_090000.WAV,Telephone Field,recover-20220922,001,1795
1252.9615,1253.0015,68437,82820,Rhinolophus ferrumequinum,0.027,0.027,-1,Echolocation,/mnt/ubna_data_02_mir/recover-20220922/UBNA_001/20220921_090000.WAV,Telephone Field,recover-20220922,001,1795
1252.9835,1253.0217,68437,81557,Rhinolophus ferrumequinum,0.024,0.024,-1,Echolocation,/mnt/ubna_data_02_mir/recover-20220922/UBNA_001/20220921_090000.WAV,Telephone Field,recover-20220922,001,1795
1252.9905,1253.0036,22890,27901,Nyctalus leisleri,0.013,0.026,-1,Echolocation,/mnt/ubna_data_02_mir/recover-20220922/UBNA_001/20220921_090000.WAV,Telephone Field,recover-20220922,001,1795
1253.0155,1253.0558,68437,81963,Rhinolophus ferrumequinum,0.024,0.024,-1,Echolocation,/mnt/ubna_data_02_mir/recover-20220922/UBNA_001/20220921_090000.WAV,Telephone Field,recover-20220922,001,1795
1253.0395,1253.0502,24609,30222,Nyctalus leisleri,0.009,0.021,-1,Echolocation,/mnt/ubna_data_02_mir/recover-20220922/UBNA_001/20220921_090000.WAV,Telephone Field,recover-20220922,001,1795
1253.0675,1253.1067,68437,82549,Rhinolophus ferrumequinum,0.026,0.026,-1,Echolocation,/mnt/ubna_data_02_mir/recover-20220922/UBNA_001/20220921_090000.WAV,Telephone Field,recover-20220922,001,1795
1253.0955,1253.1334,68437,81644,Rhinolophus ferrumequinum,0.021,0.021,-1,Echolocation,/mnt/ubna_data_02_mir/recover-20220922/UBNA_001/20220921_090000.WAV,Telephone Field,recover-20220922,001,1795
1253.1015,1253.1389,68437,81085,Rhinolophus ferrumequinum,0.021,0.021,-1,Echolocation,/mnt/ubna_data_02_mir/recover-20220922/UBNA_001/20220921_090000.WAV,Telephone Field,recover-20220922,001,1795
1253.1085,1253.1446,68437,81566,Rhinolophus ferrumequinum,0.021,0.021,-1,Echolocation,/mnt/ubna_data_02_mir/recover-20220922/UBNA_001/20220921_090000.WAV,Telephone Field,recover-20220922,001,1795
1253.1145,1253.1532,68437,82008,Rhinolophus ferrumequinum,0.022,0.022,-1,Echolocation,/mnt/ubna_data_02_mir/recover-20220922/UBNA_001/20220921_090000.WAV,Telephone Field,recover-20220922,001,1795
1253.1565,1253.1638,51250,55954,Pipistrellus pipistrellus,0.02,0.022,-1,Echolocation,/mnt/ubna_data_02_mir/recover-20220922/UBNA_001/20220921_090000.WAV,Telephone Field,recover-20220922,001,1795
1253.1725,1253.1794,24609,33105,Plecotus austriacus,0.008,0.026,-1,Echolocation,/mnt/ubna_data_02_mir/recover-20220922/UBNA_001/20220921_090000.WAV,Telephone Field,recover-20220922,001,1795
1253.1935,1253.2304,68437,81650,Rhinolophus ferrumequinum,0.021,0.021,-1,Echolocation,/mnt/ubna_data_02_mir/recover-20220922/UBNA_001/20220921_090000.WAV,Telephone Field,recover-20220922,001,1795
1253.2045,1253.2134,28046,36260,Eptesicus serotinus,0.008,0.021,-1,Echolocation,/mnt/ubna_data_02_mir/recover-20220922/UBNA_001/20220921_090000.WAV,Telephone Field,recover-20220922,001,1795
1253.2075,1253.2509,68437,83012,Rhinolophus ferrumequinum,0.028,0.028,-1,Echolocation,/mnt/ubna_data_02_mir/recover-20220922/UBNA_001/20220921_090000.WAV,Telephone Field,recover-20220922,001,1795
1253.2175,1253.2239,46953,52263,Pipistrellus pipistrellus,0.024,0.026,-1,Echolocation,/mnt/ubna_data_02_mir/recover-20220922/UBNA_001/20220921_090000.WAV,Telephone Field,recover-20220922,001,1795
1253.2295,1253.2371,27187,37009,Eptesicus serotinus,0.011,0.03,-1,Echolocation,/mnt/ubna_data_02_mir/recover-20220922/UBNA_001/20220921_090000.WAV,Telephone Field,recover-20220922,001,1795
1253.2385,1253.2783,68437,82520,Rhinolophus ferrumequinum,0.023,0.023,-1,Echolocation,/mnt/ubna_data_02_mir/recover-20220922/UBNA_001/20220921_090000.WAV,Telephone Field,recover-20220922,001,1795
1253.2565,1253.265,28906,41277,Eptesicus serotinus,0.008,0.022,-1,Echolocation,/mnt/ubna_data_02_mir/recover-20220922/UBNA_001/20220921_090000.WAV,Telephone Field,recover-20220922,001,1795
1253.2665,1253.3076,68437,82330,Rhinolophus ferrumequinum,0.024,0.024,-1,Echolocation,/mnt/ubna_data_02_mir/recover-20220922/UBNA_001/20220921_090000.WAV,Telephone Field,recover-20220922,001,1795
1253.2765,1253.3159,68437,82945,Rhinolophus ferrumequinum,0.024,0.024,-1,Echolocation,/mnt/ubna_data_02_mir/recover-20220922/UBNA_001/20220921_090000.WAV,Telephone Field,recover-20220922,001,1795
1253.3175,1253.3282,22031,26564,Nyctalus leisleri,0.011,0.023,-1,Echolocation,/mnt/ubna_data_02_mir/recover-20220922/UBNA_001/20220921_090000.WAV,Telephone Field,recover-20220922,001,1795
1253.3285,1253.3718,68437,83398,Rhinolophus ferrumequinum,0.034,0.034,-1,Echolocation,/mnt/ubna_data_02_mir/recover-20220922/UBNA_001/20220921_090000.WAV,Telephone Field,recover-20220922,001,1795
1253.3495,1253.3884,68437,81866,Rhinolophus ferrumequinum,0.023,0.023,-1,Echolocation,/mnt/ubna_data_02_mir/recover-20220922/UBNA_001/20220921_090000.WAV,Telephone Field,recover-20220922,001,1795
1253.3745,1253.4141,68437,82565,Rhinolophus ferrumequinum,0.025,0.025,-1,Echolocation,/mnt/ubna_data_02_mir/recover-20220922/UBNA_001/20220921_090000.WAV,Telephone Field,recover-20220922,001,1795
1253.3835,1253.4223,68437,82487,Rhinolophus ferrumequinum,0.021,0.021,-1,Echolocation,/mnt/ubna_data_02_mir/recover-20220922/UBNA_001/20220921_090000.WAV,Telephone Field,recover-20220922,001,1795
1253.3915,1253.4315,68437,82347,Rhinolophus ferrumequinum,0.021,0.021,-1,Echolocation,/mnt/ubna_data_02_mir/recover-20220922/UBNA_001/20220921_090000.WAV,Telephone Field,recover-20220922,001,1795
1253.4095,1253.4493,68437,82866,Rhinolophus ferrumequinum,0.022,0.022,-1,Echolocation,/mnt/ubna_data_02_mir/recover-20220922/UBNA_001/20220921_090000.WAV,Telephone Field,recover-20220922,001,1795
1253.4205,1253.4271,28046,40769,Eptesicus serotinus,0.007,0.022,-1,Echolocation,/mnt/ubna_data_02_mir/recover-20220922/UBNA_001/20220921_090000.WAV,Telephone Field,recover-20220922,001,1795
1253.4335,1253.4731,68437,82144,Rhinolophus ferrumequinum,0.024,0.024,-1,Echolocation,/mnt/ubna_data_02_mir/recover-20220922/UBNA_001/20220921_090000.WAV,Telephone Field,recover-20220922,001,1795
1253.4555,1253.4933,68437,81443,Rhinolophus ferrumequinum,0.024,0.024,-1,Echolocation,/mnt/ubna_data_02_mir/recover-20220922/UBNA_001/20220921_090000.WAV,Telephone Field,recover-20220922,001,1795
1253.4855,1253.52,68437,81055,Rhinolophus ferrumequinum,0.021,0.021,-1,Echolocation,/mnt/ubna_data_02_mir/recover-20220922/UBNA_001/20220921_090000.WAV,Telephone Field,recover-20220922,001,1795
1253.5105,1253.5518,68437,82899,Rhinolophus ferrumequinum,0.026,0.026,-1,Echolocation,/mnt/ubna_data_02_mir/recover-20220922/UBNA_001/20220921_090000.WAV,Telephone Field,recover-20220922,001,1795
1253.5385,1253.5751,68437,81933,Rhinolophus ferrumequinum,0.023,0.023,-1,Echolocation,/mnt/ubna_data_02_mir/recover-20220922/UBNA_001/20220921_090000.WAV,Telephone Field,recover-20220922,001,1795
1253.5425,1253.55,28046,39723,Eptesicus serotinus,0.006,0.021,-1,Echolocation,/mnt/ubna_data_02_mir/recover-20220922/UBNA_001/20220921_090000.WAV,Telephone Field,recover-20220922,001,1795
1253.5665,1253.6049,68437,81963,Rhinolophus ferrumequinum,0.023,0.024,-1,Echolocation,/mnt/ubna_data_02_mir/recover-20220922/UBNA_001/20220921_090000.WAV,Telephone Field,recover-20220922,001,1795
1253.6005,1253.6395,68437,82711,Rhinolophus ferrumequinum,0.022,0.022,-1,Echolocation,/mnt/ubna_data_02_mir/recover-20220922/UBNA_001/20220921_090000.WAV,Telephone Field,recover-20220922,001,1795
1253.6135,1253.6244,23750,30087,Nyctalus leisleri,0.009,0.023,-1,Echolocation,/mnt/ubna_data_02_mir/recover-20220922/UBNA_001/20220921_090000.WAV,Telephone Field,recover-20220922,001,1795
1253.6315,1253.6693,68437,81844,Rhinolophus ferrumequinum,0.024,0.024,-1,Echolocation,/mnt/ubna_data_02_mir/recover-20220922/UBNA_001/20220921_090000.WAV,Telephone Field,recover-20220922,001,1795
1253.6575,1253.7001,68437,82687,Rhinolophus ferrumequinum,0.027,0.028,-1,Echolocation,/mnt/ubna_data_02_mir/recover-20220922/UBNA_001/20220921_090000.WAV,Telephone Field,recover-20220922,001,1795
1253.6595,1253.667,28046,38619,Eptesicus serotinus,0.007,0.022,-1,Echolocation,/mnt/ubna_data_02_mir/recover-20220922/UBNA_001/20220921_090000.WAV,Telephone Field,recover-20220922,001,1795
1253.6965,1253.7387,68437,82285,Rhinolophus ferrumequinum,0.024,0.024,-1,Echolocation,/mnt/ubna_data_02_mir/recover-20220922/UBNA_001/20220921_090000.WAV,Telephone Field,recover-20220922,001,1795
1253.7405,1253.78,68437,82455,Rhinolophus ferrumequinum,0.029,0.029,-1,Echolocation,/mnt/ubna_data_02_mir/recover-20220922/UBNA_001/20220921_090000.WAV,Telephone Field,recover-20220922,001,1795
1253.7435,1253.7533,28906,36990,Eptesicus serotinus,0.01,0.024,-1,Echolocation,/mnt/ubna_data_02_mir/recover-20220922/UBNA_001/20220921_090000.WAV,Telephone Field,recover-20220922,001,1795
1253.7795,1253.7892,44375,52103,Pipistrellus pipistrellus,0.016,0.022,-1,Echolocation,/mnt/ubna_data_02_mir/recover-20220922/UBNA_001/20220921_090000.WAV,Telephone Field,recover-20220922,001,1795
1253.9045,1253.9147,24609,32049,Nyctalus leisleri,0.009,0.027,-1,Echolocation,/mnt/ubna_data_02_mir/recover-20220922/UBNA_001/20220921_090000.WAV,Telephone Field,recover-20220922,001,1795
1253.9115,1253.9485,68437,81333,Rhinolophus ferrumequinum,0.022,0.022,-1,Echolocation,/mnt/ubna_data_02_mir/recover-20220922/UBNA_001/20220921_090000.WAV,Telephone Field,recover-20220922,001,1795
1253.9545,1253.9694,22031,26694,Nyctalus leisleri,0.029,0.059,-1,Echolocation,/mnt/ubna_data_02_mir/recover-20220922/UBNA_001/20220921_090000.WAV,Telephone Field,recover-20220922,001,1795
1253.9545,1253.9937,68437,81869,Rhinolophus ferrumequinum,0.021,0.021,-1,Echolocation,/mnt/ubna_data_02_mir/recover-20220922/UBNA_001/20220921_090000.WAV,Telephone Field,recover-20220922,001,1795
1254.0015,1254.0102,37500,43667,Pipistrellus nathusii,0.013,0.025,-1,Echolocation,/mnt/ubna_data_02_mir/recover-20220922/UBNA_001/20220921_090000.WAV,Telephone Field,recover-20220922,001,1795
1254.0015,1254.034,69296,80294,Rhinolophus ferrumequinum,0.038,0.039,-1,Echolocation,/mnt/ubna_data_02_mir/recover-20220922/UBNA_001/20220921_090000.WAV,Telephone Field,recover-20220922,001,1795
1254.0015,1254.0106,22031,28676,Nyctalus leisleri,0.01,0.028,-1,Echolocation,/mnt/ubna_data_02_mir/recover-20220922/UBNA_001/20220921_090000.WAV,Telephone Field,recover-20220922,001,1795
1254.0095,1254.0203,22890,27032,Nyctalus leisleri,0.01,0.02,-1,Echolocation,/mnt/ubna_data_02_mir/recover-20220922/UBNA_001/20220921_090000.WAV,Telephone Field,recover-20220922,001,1795
1254.0105,1254.0514,68437,82056,Rhinolophus ferrumequinum,0.021,0.021,-1,Echolocation,/mnt/ubna_data_02_mir/recover-20220922/UBNA_001/20220921_090000.WAV,Telephone Field,recover-20220922,001,1795
1254.0205,1254.0283,28046,41523,Eptesicus serotinus,0.007,0.022,-1,Echolocation,/mnt/ubna_data_02_mir/recover-20220922/UBNA_001/20220921_090000.WAV,Telephone Field,recover-20220922,001,1795
1254.0435,1254.0529,23750,30525,Eptesicus serotinus,0.007,0.021,-1,Echolocation,/mnt/ubna_data_02_mir/recover-20220922/UBNA_001/20220921_090000.WAV,Telephone Field,recover-20220922,001,1795
1254.0465,1254.0855999999999,68437,82070,Rhinolophus ferrumequinum,0.021,0.021,-1,Echolocation,/mnt/ubna_data_02_mir/recover-20220922/UBNA_001/20220921_090000.WAV,Telephone Field,recover-20220922,001,1795
1254.0575,1254.0984,68437,82928,Rhinolophus ferrumequinum,0.022,0.022,-1,Echolocation,/mnt/ubna_data_02_mir/recover-20220922/UBNA_001/20220921_090000.WAV,Telephone Field,recover-20220922,001,1795
1254.0715,1254.1133,68437,82582,Rhinolophus ferrumequinum,0.022,0.022,-1,Echolocation,/mnt/ubna_data_02_mir/recover-20220922/UBNA_001/20220921_090000.WAV,Telephone Field,recover-20220922,001,1795
1254.0745,1254.0834,27187,35529,Eptesicus serotinus,0.007,0.02,-1,Echolocation,/mnt/ubna_data_02_mir/recover-20220922/UBNA_001/20220921_090000.WAV,Telephone Field,recover-20220922,001,1795
1254.0835,1254.1225,68437,82668,Rhinolophus ferrumequinum,0.02,0.02,-1,Echolocation,/mnt/ubna_data_02_mir/recover-20220922/UBNA_001/20220921_090000.WAV,Telephone Field,recover-20220922,001,1795
1254.0885,1254.1267,68437,82185,Rhinolophus ferrumequinum,0.02,0.02,-1,Echolocation,/mnt/ubna_data_02_mir/recover-20220922/UBNA_001/20220921_090000.WAV,Telephone Field,recover-20220922,001,1795
1254.0985,1254.1359,68437,81841,Rhinolophus ferrumequinum,0.023,0.023,-1,Echolocation,/mnt/ubna_data_02_mir/recover-20220922/UBNA_001/20220921_090000.WAV,Telephone Field,recover-20220922,001,1795
1254.0995,1254.1082,28906,38326,Eptesicus serotinus,0.008,0.025,-1,Echolocation,/mnt/ubna_data_02_mir/recover-20220922/UBNA_001/20220921_090000.WAV,Telephone Field,recover-20220922,001,1795
1254.1195,1254.1573,68437,81725,Rhinolophus ferrumequinum,0.02,0.02,-1,Echolocation,/mnt/ubna_data_02_mir/recover-20220922/UBNA_001/20220921_090000.WAV,Telephone Field,recover-20220922,001,1795
1254.1465,1254.157,47812,52237,Pipistrellus pipistrellus,0.022,0.025,-1,Echolocation,/mnt/ubna_data_02_mir/recover-20220922/UBNA_001/20220921_090000.WAV,Telephone Field,recover-20220922,001,1795
1254.1735,1254.2158,68437,82158,Rhinolophus ferrumequinum,0.025,0.025,-1,Echolocation,/mnt/ubna_data_02_mir/recover-20220922/UBNA_001/20220921_090000.WAV,Telephone Field,recover-20220922,001,1795
1254.1745,1254.1815,25468,39318,Eptesicus serotinus,0.005,0.024,-1,Echolocation,/mnt/ubna_data_02_mir/recover-20220922/UBNA_001/20220921_090000.WAV,Telephone Field,recover-20220922,001,1795
1254.2275,1254.2646,68437,81726,Rhinolophus ferrumequinum,0.024,0.024,-1,Echolocation,/mnt/ubna_data_02_mir/recover-20220922/UBNA_001/20220921_090000.WAV,Telephone Field,recover-20220922,001,1795
1254.2675,1254.2766,26328,33734,Eptesicus serotinus,0.007,0.022,-1,Echolocation,/mnt/ubna_data_02_mir/recover-20220922/UBNA_001/20220921_090000.WAV,Telephone Field,recover-20220922,001,1795
1254.2795,1254.319,68437,82548,Rhinolophus ferrumequinum,0.021,0.021,-1,Echolocation,/mnt/ubna_data_02_mir/recover-20220922/UBNA_001/20220921_090000.WAV,Telephone Field,recover-20220922,001,1795
1254.3555,1254.3972,68437,82967,Rhinolophus ferrumequinum,0.024,0.024,-1,Echolocation,/mnt/ubna_data_02_mir/recover-20220922/UBNA_001/20220921_090000.WAV,Telephone Field,recover-20220922,001,1795
1254.4425,1254.4826,68437,82646,Rhinolophus ferrumequinum,0.021,0.021,-1,Echolocation,/mnt/ubna_data_02_mir/recover-20220922/UBNA_001/20220921_090000.WAV,Telephone Field,recover-20220922,001,1795
1254.4575,1254.4949,68437,81933,Rhinolophus ferrumequinum,0.02,0.02,-1,Echolocation,/mnt/ubna_data_02_mir/recover-20220922/UBNA_001/20220921_090000.WAV,Telephone Field,recover-20220922,001,1795
1254.4855,1254.5222,68437,81422,Rhinolophus ferrumequinum,0.021,0.021,-1,Echolocation,/mnt/ubna_data_02_mir/recover-20220922/UBNA_001/20220921_090000.WAV,Telephone Field,recover-20220922,001,1795
1254.5075,1254.5469,68437,82216,Rhinolophus ferrumequinum,0.021,0.021,-1,Echolocation,/mnt/ubna_data_02_mir/recover-20220922/UBNA_001/20220921_090000.WAV,Telephone Field,recover-20220922,001,1795
1254.5265,1254.5677,68437,82954,Rhinolophus ferrumequinum,0.022,0.022,-1,Echolocation,/mnt/ubna_data_02_mir/recover-20220922/UBNA_001/20220921_090000.WAV,Telephone Field,recover-20220922,001,1795
1254.6045,1254.6434,68437,82226,Rhinolophus ferrumequinum,0.023,0.023,-1,Echolocation,/mnt/ubna_data_02_mir/recover-20220922/UBNA_001/20220921_090000.WAV,Telephone Field,recover-20220922,001,1795
1254.6095,1254.6171,27187,38344,Eptesicus serotinus,0.006,0.021,-1,Echolocation,/mnt/ubna_data_02_mir/recover-20220922/UBNA_001/20220921_090000.WAV,Telephone Field,recover-20220922,001,1795
1254.6485,1254.6884,68437,83238,Rhinolophus ferrumequinum,0.027,0.027,-1,Echolocation,/mnt/ubna_data_02_mir/recover-20220922/UBNA_001/20220921_090000.WAV,Telephone Field,recover-20220922,001,1795
1254.6695,1254.7092,68437,82568,Rhinolophus ferrumequinum,0.022,0.022,-1,Echolocation,/mnt/ubna_data_02_mir/recover-20220922/UBNA_001/20220921_090000.WAV,Telephone Field,recover-20220922,001,1795
1254.7085,1254.7192,26328,33839,Eptesicus serotinus,0.01,0.022,-1,Echolocation,/mnt/ubna_data_02_mir/recover-20220922/UBNA_001/20220921_090000.WAV,Telephone Field,recover-20220922,001,1795
1254.7255,1254.7648,68437,81926,Rhinolophus ferrumequinum,0.021,0.021,-1,Echolocation,/mnt/ubna_data_02_mir/recover-20220922/UBNA_001/20220921_090000.WAV,Telephone Field,recover-20220922,001,1795
1254.7305,1254.7368,23750,32497,Plecotus austriacus,0.012,0.026,-1,Echolocation,/mnt/ubna_data_02_mir/recover-20220922/UBNA_001/20220921_090000.WAV,Telephone Field,recover-20220922,001,1795
1254.7545,1254.7765,18593,22246,Nyctalus noctula,0.012,0.02,-1,Echolocation,/mnt/ubna_data_02_mir/recover-20220922/UBNA_001/20220921_090000.WAV,Telephone Field,recover-20220922,001,1795
1254.7615,1254.771,50390,54344,Pipistrellus pipistrellus,0.016,0.022,-1,Echolocation,/mnt/ubna_data_02_mir/recover-20220922/UBNA_001/20220921_090000.WAV,Telephone Field,recover-20220922,001,1795
1254.7765,1254.813,68437,82243,Rhinolophus ferrumequinum,0.021,0.021,-1,Echolocation,/mnt/ubna_data_02_mir/recover-20220922/UBNA_001/20220921_090000.WAV,Telephone Field,recover-20220922,001,1795
1254.8045,1254.8117,23750,32352,Plecotus austriacus,0.012,0.026,-1,Echolocation,/mnt/ubna_data_02_mir/recover-20220922/UBNA_001/20220921_090000.WAV,Telephone Field,recover-20220922,001,1795
1254.8155,1254.8541,68437,81637,Rhinolophus ferrumequinum,0.022,0.022,-1,Echolocation,/mnt/ubna_data_02_mir/recover-20220922/UBNA_001/20220921_090000.WAV,Telephone Field,recover-20220922,001,1795
1254.8235,1254.8306,28046,38910,Eptesicus serotinus,0.006,0.021,-1,Echolocation,/mnt/ubna_data_02_mir/recover-20220922/UBNA_001/20220921_090000.WAV,Telephone Field,recover-20220922,001,1795
1254.8345,1254.8743,68437,82477,Rhinolophus ferrumequinum,0.023,0.023,-1,Echolocation,/mnt/ubna_data_02_mir/recover-20220922/UBNA_001/20220921_090000.WAV,Telephone Field,recover-20220922,001,1795
1254.9015,1254.942,68437,82440,Rhinolophus ferrumequinum,0.026,0.026,-1,Echolocation,/mnt/ubna_data_02_mir/recover-20220922/UBNA_001/20220921_090000.WAV,Telephone Field,recover-20220922,001,1795
1254.9065,1254.9148,28046,37263,Eptesicus serotinus,0.007,0.02,-1,Echolocation,/mnt/ubna_data_02_mir/recover-20220922/UBNA_001/20220921_090000.WAV,Telephone Field,recover-20220922,001,1795
1254.9085,1254.9509,68437,83058,Rhinolophus ferrumequinum,0.025,0.025,-1,Echolocation,/mnt/ubna_data_02_mir/recover-20220922/UBNA_001/20220921_090000.WAV,Telephone Field,recover-20220922,001,1795
1254.9425,1254.984,68437,83063,Rhinolophus ferrumequinum,0.029,0.029,-1,Echolocation,/mnt/ubna_data_02_mir/recover-20220922/UBNA_001/20220921_090000.WAV,Telephone Field,recover-20220922,001,1795
1254.9615,1255.0019,68437,82564,Rhinolophus ferrumequinum,0.021,0.021,-1,Echolocation,/mnt/ubna_data_02_mir/recover-20220922/UBNA_001/20220921_090000.WAV,Telephone Field,recover-20220922,001,1795
1254.9845,1254.9953,22031,25950,Nyctalus leisleri,0.013,0.023,-1,Echolocation,/mnt/ubna_data_02_mir/recover-20220922/UBNA_001/20220921_090000.WAV,Telephone Field,recover-20220922,001,1795
1254.9875,1254.9976,48671,51982,Pipistrellus pipistrellus,0.055,0.061,-1,Echolocation,/mnt/ubna_data_02_mir/recover-20220922/UBNA_001/20220921_090000.WAV,Telephone Field,recover-20220922,001,1795
1255.0135,1255.052,68437,82592,Rhinolophus ferrumequinum,0.029,0.029,-1,Echolocation,/mnt/ubna_data_02_mir/recover-20220922/UBNA_001/20220921_090000.WAV,Telephone Field,recover-20220922,001,1795
1255.0465,1255.0865,68437,82399,Rhinolophus ferrumequinum,0.021,0.021,-1,Echolocation,/mnt/ubna_data_02_mir/recover-20220922/UBNA_001/20220921_090000.WAV,Telephone Field,recover-20220922,001,1795
1255.0555,1255.0948,68437,81813,Rhinolophus ferrumequinum,0.02,0.02,-1,Echolocation,/mnt/ubna_data_02_mir/recover-20220922/UBNA_001/20220921_090000.WAV,Telephone Field,recover-20220922,001,1795
1255.0635,1255.103,68437,82984,Rhinolophus ferrumequinum,0.022,0.022,-1,Echolocation,/mnt/ubna_data_02_mir/recover-20220922/UBNA_001/20220921_090000.WAV,Telephone Field,recover-20220922,001,1795
1255.0785,1255.0874,28046,35996,Eptesicus serotinus,0.011,0.025,-1,Echolocation,/mnt/ubna_data_02_mir/recover-20220922/UBNA_001/20220921_090000.WAV,Telephone Field,recover-20220922,001,1795
1255.1015,1255.1395,68437,81729,Rhinolophus ferrumequinum,0.02,0.02,-1,Echolocation,/mnt/ubna_data_02_mir/recover-20220922/UBNA_001/20220921_090000.WAV,Telephone Field,recover-20220922,001,1795
1255.1065,1255.1448,68437,81937,Rhinolophus ferrumequinum,0.02,0.02,-1,Echolocation,/mnt/ubna_data_02_mir/recover-20220922/UBNA_001/20220921_090000.WAV,Telephone Field,recover-20220922,001,1795
1255.1325,1255.1747,68437,83414,Rhinolophus ferrumequinum,0.034,0.034,-1,Echolocation,/mnt/ubna_data_02_mir/recover-20220922/UBNA_001/20220921_090000.WAV,Telephone Field,recover-20220922,001,1795
1255.1715,1255.1813,25468,33058,Eptesicus serotinus,0.019,0.051,-1,Echolocation,/mnt/ubna_data_02_mir/recover-20220922/UBNA_001/20220921_090000.WAV,Telephone Field,recover-20220922,001,1795
1255.1815,1255.2204,68437,82199,Rhinolophus ferrumequinum,0.021,0.021,-1,Echolocation,/mnt/ubna_data_02_mir/recover-20220922/UBNA_001/20220921_090000.WAV,Telephone Field,recover-20220922,001,1795
1255.2695,1255.3105,68437,82550,Rhinolophus ferrumequinum,0.02,0.02,-1,Echolocation,/mnt/ubna_data_02_mir/recover-20220922/UBNA_001/20220921_090000.WAV,Telephone Field,recover-20220922,001,1795
1255.2865,1255.3246,68437,81491,Rhinolophus ferrumequinum,0.02,0.02,-1,Echolocation,/mnt/ubna_data_02_mir/recover-20220922/UBNA_001/20220921_090000.WAV,Telephone Field,recover-20220922,001,1795
1255.3095,1255.3484,68437,82381,Rhinolophus ferrumequinum,0.025,0.025,-1,Echolocation,/mnt/ubna_data_02_mir/recover-20220922/UBNA_001/20220921_090000.WAV,Telephone Field,recover-20220922,001,1795
1255.3385,1255.3464,27187,38320,Eptesicus serotinus,0.007,0.021,-1,Echolocation,/mnt/ubna_data_02_mir/recover-20220922/UBNA_001/20220921_090000.WAV,Telephone Field,recover-20220922,001,1795
1255.4225,1255.4324,22031,26693,Nyctalus leisleri,0.008,0.02,-1,Echolocation,/mnt/ubna_data_02_mir/recover-20220922/UBNA_001/20220921_090000.WAV,Telephone Field,recover-20220922,001,1795
1255.4665,1255.5066,68437,82084,Rhinolophus ferrumequinum,0.02,0.02,-1,Echolocation,/mnt/ubna_data_02_mir/recover-20220922/UBNA_001/20220921_090000.WAV,Telephone Field,recover-20220922,001,1795
1255.4945,1255.5329,68437,82031,Rhinolophus ferrumequinum,0.022,0.022,-1,Echolocation,/mnt/ubna_data_02_mir/recover-20220922/UBNA_001/20220921_090000.WAV,Telephone Field,recover-20220922,001,1795
1255.5205,1255.5593,68437,82430,Rhinolophus ferrumequinum,0.021,0.021,-1,Echolocation,/mnt/ubna_data_02_mir/recover-20220922/UBNA_001/20220921_090000.WAV,Telephone Field,recover-20220922,001,1795
1255.5535,1255.5662,23750,28884,Nyctalus leisleri,0.019,0.037,-1,Echolocation,/mnt/ubna_data_02_mir/recover-20220922/UBNA_001/20220921_090000.WAV,Telephone Field,recover-20220922,001,1795
1255.5715,1255.6076,68437,81951,Rhinolophus ferrumequinum,0.02,0.02,-1,Echolocation,/mnt/ubna_data_02_mir/recover-20220922/UBNA_001/20220921_090000.WAV,Telephone Field,recover-20220922,001,1795
1255.5865,1255.6278,68437,82558,Rhinolophus ferrumequinum,0.021,0.021,-1,Echolocation,/mnt/ubna_data_02_mir/recover-20220922/UBNA_001/20220921_090000.WAV,Telephone Field,recover-20220922,001,1795
1255.6035,1255.6432,68437,82311,Rhinolophus ferrumequinum,0.021,0.021,-1,Echolocation,/mnt/ubna_data_02_mir/recover-20220922/UBNA_001/20220921_090000.WAV,Telephone Field,recover-20220922,001,1795
1255.6145,1255.6541,68437,82149,Rhinolophus ferrumequinum,0.02,0.02,-1,Echolocation,/mnt/ubna_data_02_mir/recover-20220922/UBNA_001/20220921_090000.WAV,Telephone Field,recover-20220922,001,1795
1255.6385,1255.6748,68437,81565,Rhinolophus ferrumequinum,0.022,0.022,-1,Echolocation,/mnt/ubna_data_02_mir/recover-20220922/UBNA_001/20220921_090000.WAV,Telephone Field,recover-20220922,001,1795
1255.6665,1255.6767,27187,35707,Eptesicus serotinus,0.012,0.027,-1,Echolocation,/mnt/ubna_data_02_mir/recover-20220922/UBNA_001/20220921_090000.WAV,Telephone Field,recover-20220922,001,1795
1255.6735,1255.7102,68437,81772,Rhinolophus ferrumequinum,0.021,0.021,-1,Echolocation,/mnt/ubna_data_02_mir/recover-20220922/UBNA_001/20220921_090000.WAV,Telephone Field,recover-20220922,001,1795
1255.6745,1255.6836,28046,36396,Eptesicus serotinus,0.009,0.022,-1,Echolocation,/mnt/ubna_data_02_mir/recover-20220922/UBNA_001/20220921_090000.WAV,Telephone Field,recover-20220922,001,1795
1255.7005,1255.7427,68437,82954,Rhinolophus ferrumequinum,0.034,0.034,-1,Echolocation,/mnt/ubna_data_02_mir/recover-20220922/UBNA_001/20220921_090000.WAV,Telephone Field,recover-20220922,001,1795
1255.7285,1255.7401,28046,35012,Eptesicus serotinus,0.016,0.03,-1,Echolocation,/mnt/ubna_data_02_mir/recover-20220922/UBNA_001/20220921_090000.WAV,Telephone Field,recover-20220922,001,1795
1255.7445,1255.7873,68437,83334,Rhinolophus ferrumequinum,0.031,0.031,-1,Echolocation,/mnt/ubna_data_02_mir/recover-20220922/UBNA_001/20220921_090000.WAV,Telephone Field,recover-20220922,001,1795
1255.7505,1255.7589,26328,34665,Eptesicus serotinus,0.01,0.023,-1,Echolocation,/mnt/ubna_data_02_mir/recover-20220922/UBNA_001/20220921_090000.WAV,Telephone Field,recover-20220922,001,1795
1255.8045,1255.8138,28046,36912,Eptesicus serotinus,0.01,0.024,-1,Echolocation,/mnt/ubna_data_02_mir/recover-20220922/UBNA_001/20220921_090000.WAV,Telephone Field,recover-20220922,001,1795
1255.8135,1255.8556,68437,82691,Rhinolophus ferrumequinum,0.031,0.031,-1,Echolocation,/mnt/ubna_data_02_mir/recover-20220922/UBNA_001/20220921_090000.WAV,Telephone Field,recover-20220922,001,1795
1255.8545,1255.8956,68437,82895,Rhinolophus ferrumequinum,0.02,0.02,-1,Echolocation,/mnt/ubna_data_02_mir/recover-20220922/UBNA_001/20220921_090000.WAV,Telephone Field,recover-20220922,001,1795
1255.8595,1255.8764,21171,24190,Nyctalus leisleri,0.014,0.021,-1,Echolocation,/mnt/ubna_data_02_mir/recover-20220922/UBNA_001/20220921_090000.WAV,Telephone Field,recover-20220922,001,1795
1255.8875,1255.8985,23750,29089,Nyctalus leisleri,0.009,0.02,-1,Echolocation,/mnt/ubna_data_02_mir/recover-20220922/UBNA_001/20220921_090000.WAV,Telephone Field,recover-20220922,001,1795
1255.8925,1255.9384,68437,83719,Rhinolophus ferrumequinum,0.042,0.042,-1,Echolocation,/mnt/ubna_data_02_mir/recover-20220922/UBNA_001/20220921_090000.WAV,Telephone Field,recover-20220922,001,1795
1255.9335,1255.973,68437,82389,Rhinolophus ferrumequinum,0.021,0.021,-1,Echolocation,/mnt/ubna_data_02_mir/recover-20220922/UBNA_001/20220921_090000.WAV,Telephone Field,recover-20220922,001,1795
1256.0015,1256.0324,68437,79283,Rhinolophus ferrumequinum,0.067,0.067,-1,Echolocation,/mnt/ubna_data_02_mir/recover-20220922/UBNA_001/20220921_090000.WAV,Telephone Field,recover-20220922,001,1795
1256.0015,1256.0102,26328,35172,Eptesicus serotinus,0.008,0.025,-1,Echolocation,/mnt/ubna_data_02_mir/recover-20220922/UBNA_001/20220921_090000.WAV,Telephone Field,recover-20220922,001,1795
1256.0255,1256.035,22890,28860,Nyctalus leisleri,0.008,0.021,-1,Echolocation,/mnt/ubna_data_02_mir/recover-20220922/UBNA_001/20220921_090000.WAV,Telephone Field,recover-20220922,001,1795
1256.0505,1256.0917,68437,82351,Rhinolophus ferrumequinum,0.024,0.024,-1,Echolocation,/mnt/ubna_data_02_mir/recover-20220922/UBNA_001/20220921_090000.WAV,Telephone Field,recover-20220922,001,1795
1256.0905,1256.1287,68437,82242,Rhinolophus ferrumequinum,0.024,0.024,-1,Echolocation,/mnt/ubna_data_02_mir/recover-20220922/UBNA_001/20220921_090000.WAV,Telephone Field,recover-20220922,001,1795
1256.0915,1256.1007,28046,36773,Eptesicus serotinus,0.008,0.023,-1,Echolocation,/mnt/ubna_data_02_mir/recover-20220922/UBNA_001/20220921_090000.WAV,Telephone Field,recover-20220922,001,1795
1256.1135,1256.1523,68437,82188,Rhinolophus ferrumequinum,0.022,0.022,-1,Echolocation,/mnt/ubna_data_02_mir/recover-20220922/UBNA_001/20220921_090000.WAV,Telephone Field,recover-20220922,001,1795
1256.1315,1256.1728,68437,82972,Rhinolophus ferrumequinum,0.038,0.038,-1,Echolocation,/mnt/ubna_data_02_mir/recover-20220922/UBNA_001/20220921_090000.WAV,Telephone Field,recover-20220922,001,1795
1256.2015,1256.21,27187,39042,Eptesicus serotinus,0.008,0.023,-1,Echolocation,/mnt/ubna_data_02_mir/recover-20220922/UBNA_001/20220921_090000.WAV,Telephone Field,recover-20220922,001,1795
1256.2155,1256.2532,68437,82718,Rhinolophus ferrumequinum,0.025,0.025,-1,Echolocation,/mnt/ubna_data_02_mir/recover-20220922/UBNA_001/20220921_090000.WAV,Telephone Field,recover-20220922,001,1795
1256.2435,1256.2836,68437,82209,Rhinolophus ferrumequinum,0.024,0.024,-1,Echolocation,/mnt/ubna_data_02_mir/recover-20220922/UBNA_001/20220921_090000.WAV,Telephone Field,recover-20220922,001,1795
1256.2575,1256.2951,68437,82282,Rhinolophus ferrumequinum,0.024,0.024,-1,Echolocation,/mnt/ubna_data_02_mir/recover-20220922/UBNA_001/20220921_090000.WAV,Telephone Field,recover-20220922,001,1795
1256.2765,1256.3181,68437,82369,Rhinolophus ferrumequinum,0.035,0.035,-1,Echolocation,/mnt/ubna_data_02_mir/recover-20220922/UBNA_001/20220921_090000.WAV,Telephone Field,recover-20220922,001,1795
1256.3005,1256.3427,68437,83337,Rhinolophus ferrumequinum,0.033,0.033,-1,Echolocation,/mnt/ubna_data_02_mir/recover-20220922/UBNA_001/20220921_090000.WAV,Telephone Field,recover-20220922,001,1795
1256.3025,1256.3106,50390,55270,Pipistrellus pipistrellus,0.019,0.021,-1,Echolocation,/mnt/ubna_data_02_mir/recover-20220922/UBNA_001/20220921_090000.WAV,Telephone Field,recover-20220922,001,1795
1256.3285,1256.3683,68437,82551,Rhinolophus ferrumequinum,0.022,0.022,-1,Echolocation,/mnt/ubna_data_02_mir/recover-20220922/UBNA_001/20220921_090000.WAV,Telephone Field,recover-20220922,001,1795
1256.3385,1256.3806,68437,83264,Rhinolophus ferrumequinum,0.033,0.033,-1,Echolocation,/mnt/ubna_data_02_mir/recover-20220922/UBNA_001/20220921_090000.WAV,Telephone Field,recover-20220922,001,1795
1256.3585,1256.3691,23750,29795,Nyctalus leisleri,0.01,0.025,-1,Echolocation,/mnt/ubna_data_02_mir/recover-20220922/UBNA_001/20220921_090000.WAV,Telephone Field,recover-20220922,001,1795
1256.3935,1256.4334,68437,82090,Rhinolophus ferrumequinum,0.026,0.026,-1,Echolocation,/mnt/ubna_data_02_mir/recover-20220922/UBNA_001/20220921_090000.WAV,Telephone Field,recover-20220922,001,1795
1256.4195,1256.4264,28046,39630,Eptesicus serotinus,0.006,0.022,-1,Echolocation,/mnt/ubna_data_02_mir/recover-20220922/UBNA_001/20220921_090000.WAV,Telephone Field,recover-20220922,001,1795
1256.4365,1256.4767,68437,82832,Rhinolophus ferrumequinum,0.029,0.029,-1,Echolocation,/mnt/ubna_data_02_mir/recover-20220922/UBNA_001/20220921_090000.WAV,Telephone Field,recover-20220922,001,1795
1256.5215,1256.5588,68437,81953,Rhinolophus ferrumequinum,0.022,0.022,-1,Echolocation,/mnt/ubna_data_02_mir/recover-20220922/UBNA_001/20220921_090000.WAV,Telephone Field,recover-20220922,001,1795
1256.5235,1256.5314,28046,39458,Eptesicus serotinus,0.009,0.027,-1,Echolocation,/mnt/ubna_data_02_mir/recover-20220922/UBNA_001/20220921_090000.WAV,Telephone Field,recover-20220922,001,1795
1256.5675,1256.5894,18593,21366,Nyctalus leisleri,0.014,0.028,-1,Echolocation,/mnt/ubna_data_02_mir/recover-20220922/UBNA_001/20220921_090000.WAV,Telephone Field,recover-20220922,001,1795
1256.5775,1256.5858,27187,37800,Eptesicus serotinus,0.007,0.022,-1,Echolocation,/mnt/ubna_data_02_mir/recover-20220922/UBNA_001/20220921_090000.WAV,Telephone Field,recover-20220922,001,1795
1256.5775,1256.6177,68437,82821,Rhinolophus ferrumequinum,0.025,0.025,-1,Echolocation,/mnt/ubna_data_02_mir/recover-20220922/UBNA_001/20220921_090000.WAV,Telephone Field,recover-20220922,001,1795
1256.6125,1256.6514,68437,81932,Rhinolophus ferrumequinum,0.033,0.033,-1,Echolocation,/mnt/ubna_data_02_mir/recover-20220922/UBNA_001/20220921_090000.WAV,Telephone Field,recover-20220922,001,1795
1256.6545,1256.6948,68437,83176,Rhinolophus ferrumequinum,0.035,0.035,-1,Echolocation,/mnt/ubna_data_02_mir/recover-20220922/UBNA_001/20220921_090000.WAV,Telephone Field,recover-20220922,001,1795
1256.6565,1256.6646,27187,39779,Eptesicus serotinus,0.008,0.021,-1,Echolocation,/mnt/ubna_data_02_mir/recover-20220922/UBNA_001/20220921_090000.WAV,Telephone Field,recover-20220922,001,1795
1256.6815,1256.7214,68437,81905,Rhinolophus ferrumequinum,0.029,0.029,-1,Echolocation,/mnt/ubna_data_02_mir/recover-20220922/UBNA_001/20220921_090000.WAV,Telephone Field,recover-20220922,001,1795
1256.6825,1256.6938,22031,27083,Nyctalus leisleri,0.012,0.024,-1,Echolocation,/mnt/ubna_data_02_mir/recover-20220922/UBNA_001/20220921_090000.WAV,Telephone Field,recover-20220922,001,1795
1256.7175,1256.7562,68437,82642,Rhinolophus ferrumequinum,0.023,0.023,-1,Echolocation,/mnt/ubna_data_02_mir/recover-20220922/UBNA_001/20220921_090000.WAV,Telephone Field,recover-20220922,001,1795
1256.7225,1256.7338,24609,30197,Nyctalus leisleri,0.012,0.027,-1,Echolocation,/mnt/ubna_data_02_mir/recover-20220922/UBNA_001/20220921_090000.WAV,Telephone Field,recover-20220922,001,1795
1256.7245,1256.7343,47812,51801,Pipistrellus pipistrellus,0.019,0.022,-1,Echolocation,/mnt/ubna_data_02_mir/recover-20220922/UBNA_001/20220921_090000.WAV,Telephone Field,recover-20220922,001,1795
1256.7395,1256.7771,68437,81012,Rhinolophus ferrumequinum,0.021,0.022,-1,Echolocation,/mnt/ubna_data_02_mir/recover-20220922/UBNA_001/20220921_090000.WAV,Telephone Field,recover-20220922,001,1795
1256.7595,1256.7987,68437,81769,Rhinolophus ferrumequinum,0.021,0.021,-1,Echolocation,/mnt/ubna_data_02_mir/recover-20220922/UBNA_001/20220921_090000.WAV,Telephone Field,recover-20220922,001,1795
1256.7825,1256.7894000000001,27187,35897,Eptesicus serotinus,0.008,0.023,-1,Echolocation,/mnt/ubna_data_02_mir/recover-20220922/UBNA_001/20220921_090000.WAV,Telephone Field,recover-20220922,001,1795
1256.7845,1256.8201,68437,81990,Rhinolophus ferrumequinum,0.029,0.029,-1,Echolocation,/mnt/ubna_data_02_mir/recover-20220922/UBNA_001/20220921_090000.WAV,Telephone Field,recover-20220922,001,1795
1256.7915,1256.8306,68437,82360,Rhinolophus ferrumequinum,0.022,0.022,-1,Echolocation,/mnt/ubna_data_02_mir/recover-20220922/UBNA_001/20220921_090000.WAV,Telephone Field,recover-20220922,001,1795
1256.8175,1256.8537,68437,81429,Rhinolophus ferrumequinum,0.021,0.021,-1,Echolocation,/mnt/ubna_data_02_mir/recover-20220922/UBNA_001/20220921_090000.WAV,Telephone Field,recover-20220922,001,1795
1256.8445,1256.8803,68437,81899,Rhinolophus ferrumequinum,0.027,0.027,-1,Echolocation,/mnt/ubna_data_02_mir/recover-20220922/UBNA_001/20220921_090000.WAV,Telephone Field,recover-20220922,001,1795
1256.8645,1256.9061,68437,82313,Rhinolophus ferrumequinum,0.027,0.027,-1,Echolocation,/mnt/ubna_data_02_mir/recover-20220922/UBNA_001/20220921_090000.WAV,Telephone Field,recover-20220922,001,1795
1256.9215,1256.9626,68437,82453,Rhinolophus ferrumequinum,0.028,0.028,-1,Echolocation,/mnt/ubna_data_02_mir/recover-20220922/UBNA_001/20220921_090000.WAV,Telephone Field,recover-20220922,001,1795
1256.9265,1256.9358,22890,29662,Plecotus austriacus,0.009,0.028,-1,Echolocation,/mnt/ubna_data_02_mir/recover-20220922/UBNA_001/20220921_090000.WAV,Telephone Field,recover-20220922,001,1795
1256.9655,1256.9757,25468,33176,Nyctalus leisleri,0.01,0.03,-1,Echolocation,/mnt/ubna_data_02_mir/recover-20220922/UBNA_001/20220921_090000.WAV,Telephone Field,recover-20220922,001,1795
1256.9955,1257.0389,68437,83072,Rhinolophus ferrumequinum,0.028,0.029,-1,Echolocation,/mnt/ubna_data_02_mir/recover-20220922/UBNA_001/20220921_090000.WAV,Telephone Field,recover-20220922,001,1795
1257.0145,1257.0261,54687,59853,Pipistrellus pygmaeus,0.018,0.022,-1,Echolocation,/mnt/ubna_data_02_mir/recover-20220922/UBNA_001/20220921_090000.WAV,Telephone Field,recover-20220922,001,1795
1257.0295,1257.0672,68437,82428,Rhinolophus ferrumequinum,0.024,0.024,-1,Echolocation,/mnt/ubna_data_02_mir/recover-20220922/UBNA_001/20220921_090000.WAV,Telephone Field,recover-20220922,001,1795
1257.0545,1257.0938,68437,81855,Rhinolophus ferrumequinum,0.025,0.025,-1,Echolocation,/mnt/ubna_data_02_mir/recover-20220922/UBNA_001/20220921_090000.WAV,Telephone Field,recover-20220922,001,1795
1257.0585,1257.0677,28046,38519,Eptesicus serotinus,0.009,0.023,-1,Echolocation,/mnt/ubna_data_02_mir/recover-20220922/UBNA_001/20220921_090000.WAV,Telephone Field,recover-20220922,001,1795
1257.0615,1257.0715,23750,30493,Nyctalus leisleri,0.008,0.023,-1,Echolocation,/mnt/ubna_data_02_mir/recover-20220922/UBNA_001/20220921_090000.WAV,Telephone Field,recover-20220922,001,1795
1257.0675,1257.1083,68437,82359,Rhinolophus ferrumequinum,0.033,0.033,-1,Echolocation,/mnt/ubna_data_02_mir/recover-20220922/UBNA_001/20220921_090000.WAV,Telephone Field,recover-20220922,001,1795
1257.0955,1257.1314,68437,81491,Rhinolophus ferrumequinum,0.023,0.023,-1,Echolocation,/mnt/ubna_data_02_mir/recover-20220922/UBNA_001/20220921_090000.WAV,Telephone Field,recover-20220922,001,1795
1257.0995,1257.1069,28046,38413,Eptesicus serotinus,0.006,0.023,-1,Echolocation,/mnt/ubna_data_02_mir/recover-20220922/UBNA_001/20220921_090000.WAV,Telephone Field,recover-20220922,001,1795
1257.1045,1257.1416,68437,81416,Rhinolophus ferrumequinum,0.022,0.022,-1,Echolocation,/mnt/ubna_data_02_mir/recover-20220922/UBNA_001/20220921_090000.WAV,Telephone Field,recover-20220922,001,1795
1257.1115,1257.1462,68437,81170,Rhinolophus ferrumequinum,0.022,0.022,-1,Echolocation,/mnt/ubna_data_02_mir/recover-20220922/UBNA_001/20220921_090000.WAV,Telephone Field,recover-20220922,001,1795
1257.1265,1257.135,27187,35760,Eptesicus serotinus,0.009,0.022,-1,Echolocation,/mnt/ubna_data_02_mir/recover-20220922/UBNA_001/20220921_090000.WAV,Telephone Field,recover-20220922,001,1795
1257.1355,1257.1478,22890,27439,Nyctalus leisleri,0.015,0.027,-1,Echolocation,/mnt/ubna_data_02_mir/recover-20220922/UBNA_001/20220921_090000.WAV,Telephone Field,recover-20220922,001,1795
1257.1575,1257.1986,68437,82213,Rhinolophus ferrumequinum,0.022,0.022,-1,Echolocation,/mnt/ubna_data_02_mir/recover-20220922/UBNA_001/20220921_090000.WAV,Telephone Field,recover-20220922,001,1795
1257.1655,1257.1728,28046,37894,Eptesicus serotinus,0.006,0.021,-1,Echolocation,/mnt/ubna_data_02_mir/recover-20220922/UBNA_001/20220921_090000.WAV,Telephone Field,recover-20220922,001,1795
1257.1915,1257.2058,36640,39947,Pipistrellus nathusii,0.037,0.072,-1,Echolocation,/mnt/ubna_data_02_mir/recover-20220922/UBNA_001/20220921_090000.WAV,Telephone Field,recover-20220922,001,1795
1257.2285,1257.2699,68437,82920,Rhinolophus ferrumequinum,0.03,0.03,-1,Echolocation,/mnt/ubna_data_02_mir/recover-20220922/UBNA_001/20220921_090000.WAV,Telephone Field,recover-20220922,001,1795
1257.2375,1257.2781,68437,83023,Rhinolophus ferrumequinum,0.023,0.023,-1,Echolocation,/mnt/ubna_data_02_mir/recover-20220922/UBNA_001/20220921_090000.WAV,Telephone Field,recover-20220922,001,1795
1257.2485,1257.257,28046,39506,Eptesicus serotinus,0.007,0.021,-1,Echolocation,/mnt/ubna_data_02_mir/recover-20220922/UBNA_001/20220921_090000.WAV,Telephone Field,recover-20220922,001,1795
1257.2695,1257.2821,58125,64411,Pipistrellus pygmaeus,0.024,0.024,-1,Echolocation,/mnt/ubna_data_02_mir/recover-20220922/UBNA_001/20220921_090000.WAV,Telephone Field,recover-20220922,001,1795
1257.2835,1257.3212,68437,81333,Rhinolophus ferrumequinum,0.023,0.023,-1,Echolocation,/mnt/ubna_data_02_mir/recover-20220922/UBNA_001/20220921_090000.WAV,Telephone Field,recover-20220922,001,1795
1257.3475,1257.3875,68437,82221,Rhinolophus ferrumequinum,0.021,0.021,-1,Echolocation,/mnt/ubna_data_02_mir/recover-20220922/UBNA_001/20220921_090000.WAV,Telephone Field,recover-20220922,001,1795
1257.3995,1257.4068,27187,40071,Eptesicus serotinus,0.006,0.028,-1,Echolocation,/mnt/ubna_data_02_mir/recover-20220922/UBNA_001/20220921_090000.WAV,Telephone Field,recover-20220922,001,1795
1257.4105,1257.417,30625,49650,Myotis daubentonii,0.013,0.024,-1,Echolocation,/mnt/ubna_data_02_mir/recover-20220922/UBNA_001/20220921_090000.WAV,Telephone Field,recover-20220922,001,1795
1257.4295,1257.4681,68437,82641,Rhinolophus ferrumequinum,0.025,0.025,-1,Echolocation,/mnt/ubna_data_02_mir/recover-20220922/UBNA_001/20220921_090000.WAV,Telephone Field,recover-20220922,001,1795
1257.4415,1257.4545,35781,41129,Pipistrellus nathusii,0.009,0.03,-1,Echolocation,/mnt/ubna_data_02_mir/recover-20220922/UBNA_001/20220921_090000.WAV,Telephone Field,recover-20220922,001,1795
1257.4685,1257.5031,68437,80896,Rhinolophus ferrumequinum,0.021,0.021,-1,Echolocation,/mnt/ubna_data_02_mir/recover-20220922/UBNA_001/20220921_090000.WAV,Telephone Field,recover-20220922,001,1795
1257.5115,1257.5517,68437,82435,Rhinolophus ferrumequinum,0.027,0.027,-1,Echolocation,/mnt/ubna_data_02_mir/recover-20220922/UBNA_001/20220921_090000.WAV,Telephone Field,recover-20220922,001,1795
1257.5355,1257.5435,48671,53983,Pipistrellus pipistrellus,0.02,0.021,-1,Echolocation,/mnt/ubna_data_02_mir/recover-20220922/UBNA_001/20220921_090000.WAV,Telephone Field,recover-20220922,001,1795
1257.5375,1257.579,68437,82880,Rhinolophus ferrumequinum,0.025,0.025,-1,Echolocation,/mnt/ubna_data_02_mir/recover-20220922/UBNA_001/20220921_090000.WAV,Telephone Field,recover-20220922,001,1795
1257.5635,1257.5963,68437,80735,Rhinolophus ferrumequinum,0.022,0.023,-1,Echolocation,/mnt/ubna_data_02_mir/recover-20220922/UBNA_001/20220921_090000.WAV,Telephone Field,recover-20220922,001,1795
1257.6125,1257.6197,28046,39087,Eptesicus serotinus,0.006,0.024,-1,Echolocation,/mnt/ubna_data_02_mir/recover-20220922/UBNA_001/20220921_090000.WAV,Telephone Field,recover-20220922,001,1795
1257.6265,1257.6659,68437,81739,Rhinolophus ferrumequinum,0.022,0.022,-1,Echolocation,/mnt/ubna_data_02_mir/recover-20220922/UBNA_001/20220921_090000.WAV,Telephone Field,recover-20220922,001,1795
1257.6705,1257.708,68437,81596,Rhinolophus ferrumequinum,0.027,0.027,-1,Echolocation,/mnt/ubna_data_02_mir/recover-20220922/UBNA_001/20220921_090000.WAV,Telephone Field,recover-20220922,001,1795
1257.6725,1257.6815,24609,33075,Nyctalus leisleri,0.005,0.022,-1,Echolocation,/mnt/ubna_data_02_mir/recover-20220922/UBNA_001/20220921_090000.WAV,Telephone Field,recover-20220922,001,1795
1257.6935,1257.7043,22031,26402,Nyctalus leisleri,0.012,0.023,-1,Echolocation,/mnt/ubna_data_02_mir/recover-20220922/UBNA_001/20220921_090000.WAV,Telephone Field,recover-20220922,001,1795
1257.7275,1257.737,22031,27930,Plecotus austriacus,0.008,0.023,-1,Echolocation,/mnt/ubna_data_02_mir/recover-20220922/UBNA_001/20220921_090000.WAV,Telephone Field,recover-20220922,001,1795
1257.7795,1257.8184,68437,81463,Rhinolophus ferrumequinum,0.022,0.022,-1,Echolocation,/mnt/ubna_data_02_mir/recover-20220922/UBNA_001/20220921_090000.WAV,Telephone Field,recover-20220922,001,1795
1257.8235,1257.8629,68437,82287,Rhinolophus ferrumequinum,0.023,0.023,-1,Echolocation,/mnt/ubna_data_02_mir/recover-20220922/UBNA_001/20220921_090000.WAV,Telephone Field,recover-20220922,001,1795
1257.8295,1257.8384,46093,52556,Pipistrellus pipistrellus,0.022,0.024,-1,Echolocation,/mnt/ubna_data_02_mir/recover-20220922/UBNA_001/20220921_090000.WAV,Telephone Field,recover-20220922,001,1795
1257.8355,1257.8423,27187,42230,Eptesicus serotinus,0.005,0.023,-1,Echolocation,/mnt/ubna_data_02_mir/recover-20220922/UBNA_001/20220921_090000.WAV,Telephone Field,recover-20220922,001,1795
1257.8495,1257.8866,68437,81086,Rhinolophus ferrumequinum,0.022,0.022,-1,Echolocation,/mnt/ubna_data_02_mir/recover-20220922/UBNA_001/20220921_090000.WAV,Telephone Field,recover-20220922,001,1795
1257.8535,1257.8635,22031,27177,Nyctalus leisleri,0.011,0.025,-1,Echolocation,/mnt/ubna_data_02_mir/recover-20220922/UBNA_001/20220921_090000.WAV,Telephone Field,recover-20220922,001,1795
1257.8905,1257.9303,68437,81937,Rhinolophus ferrumequinum,0.023,0.023,-1,Echolocation,/mnt/ubna_data_02_mir/recover-20220922/UBNA_001/20220921_090000.WAV,Telephone Field,recover-20220922,001,1795
1257.8975,1257.9045,28046,38617,Myotis daubentonii,0.006,0.025,-1,Echolocation,/mnt/ubna_data_02_mir/recover-20220922/UBNA_001/20220921_090000.WAV,Telephone Field,recover-20220922,001,1795
1257.9245,1257.9325,23750,31933,Plecotus austriacus,0.009,0.023,-1,Echolocation,/mnt/ubna_data_02_mir/recover-20220922/UBNA_001/20220921_090000.WAV,Telephone Field,recover-20220922,001,1795
1257.9245,1257.9594,68437,81244,Rhinolophus ferrumequinum,0.022,0.022,-1,Echolocation,/mnt/ubna_data_02_mir/recover-20220922/UBNA_001/20220921_090000.WAV,Telephone Field,recover-20220922,001,1795
1257.9405,1257.9743,68437,80788,Rhinolophus ferrumequinum,0.022,0.022,-1,Echolocation,/mnt/ubna_data_02_mir/recover-20220922/UBNA_001/20220921_090000.WAV,Telephone Field,recover-20220922,001,1795
1257.9685,1257.9752,48671,52346,Pipistrellus pipistrellus,0.02,0.022,-1,Echolocation,/mnt/ubna_data_02_mir/recover-20220922/UBNA_001/20220921_090000.WAV,Telephone Field,recover-20220922,001,1795
1257.9735,1257.9889,19453,23522,Nyctalus noctula,0.011,0.024,-1,Echolocation,/mnt/ubna_data_02_mir/recover-20220922/UBNA_001/20220921_090000.WAV,Telephone Field,recover-20220922,001,1795
1257.9825,1257.9913,26328,34622,Eptesicus serotinus,0.008,0.024,-1,Echolocation,/mnt/ubna_data_02_mir/recover-20220922/UBNA_001/20220921_090000.WAV,Telephone Field,recover-20220922,001,1795
1258.0015,1258.0113,21171,27294,Nyctalus leisleri,0.01,0.025,-1,Echolocation,/mnt/ubna_data_02_mir/recover-20220922/UBNA_001/20220921_090000.WAV,Telephone Field,recover-20220922,001,1795
1258.0015,1258.0297,69296,82031,Rhinolophus ferrumequinum,0.025,0.025,-1,Echolocation,/mnt/ubna_data_02_mir/recover-20220922/UBNA_001/20220921_090000.WAV,Telephone Field,recover-20220922,001,1795
1258.0015,1258.0081,46953,52106,Pipistrellus pipistrellus,0.02,0.026,-1,Echolocation,/mnt/ubna_data_02_mir/recover-20220922/UBNA_001/20220921_090000.WAV,Telephone Field,recover-20220922,001,1795
1258.0305,1258.0698,68437,82467,Rhinolophus ferrumequinum,0.022,0.022,-1,Echolocation,/mnt/ubna_data_02_mir/recover-20220922/UBNA_001/20220921_090000.WAV,Telephone Field,recover-20220922,001,1795
1258.0375,1258.0792,68437,82577,Rhinolophus ferrumequinum,0.022,0.022,-1,Echolocation,/mnt/ubna_data_02_mir/recover-20220922/UBNA_001/20220921_090000.WAV,Telephone Field,recover-20220922,001,1795
1258.0715,1258.1109,68437,82952,Rhinolophus ferrumequinum,0.022,0.022,-1,Echolocation,/mnt/ubna_data_02_mir/recover-20220922/UBNA_001/20220921_090000.WAV,Telephone Field,recover-20220922,001,1795
1258.1125,1258.1513,68437,81871,Rhinolophus ferrumequinum,0.024,0.024,-1,Echolocation,/mnt/ubna_data_02_mir/recover-20220922/UBNA_001/20220921_090000.WAV,Telephone Field,recover-20220922,001,1795
1258.1365,1258.1738,68437,82050,Rhinolophus ferrumequinum,0.023,0.023,-1,Echolocation,/mnt/ubna_data_02_mir/recover-20220922/UBNA_001/20220921_090000.WAV,Telephone Field,recover-20220922,001,1795
1258.1625,1258.1968,68437,80996,Rhinolophus ferrumequinum,0.029,0.029,-1,Echolocation,/mnt/ubna_data_02_mir/recover-20220922/UBNA_001/20220921_090000.WAV,Telephone Field,recover-20220922,001,1795
1258.1825,1258.2198,68437,81797,Rhinolophus ferrumequinum,0.023,0.023,-1,Echolocation,/mnt/ubna_data_02_mir/recover-20220922/UBNA_001/20220921_090000.WAV,Telephone Field,recover-20220922,001,1795
1258.1895,1258.1999,23750,29778,Nyctalus leisleri,0.009,0.023,-1,Echolocation,/mnt/ubna_data_02_mir/recover-20220922/UBNA_001/20220921_090000.WAV,Telephone Field,recover-20220922,001,1795
1258.2155,1258.2264,22890,30044,Nyctalus leisleri,0.01,0.032,-1,Echolocation,/mnt/ubna_data_02_mir/recover-20220922/UBNA_001/20220921_090000.WAV,Telephone Field,recover-20220922,001,1795
1258.2235,1258.2602,68437,81739,Rhinolophus ferrumequinum,0.021,0.021,-1,Echolocation,/mnt/ubna_data_02_mir/recover-20220922/UBNA_001/20220921_090000.WAV,Telephone Field,recover-20220922,001,1795
1258.2305,1258.2704,68437,82245,Rhinolophus ferrumequinum,0.022,0.022,-1,Echolocation,/mnt/ubna_data_02_mir/recover-20220922/UBNA_001/20220921_090000.WAV,Telephone Field,recover-20220922,001,1795
1258.2655,1258.27,31484,46256,Myotis daubentonii,0.031,0.067,-1,Echolocation,/mnt/ubna_data_02_mir/recover-20220922/UBNA_001/20220921_090000.WAV,Telephone Field,recover-20220922,001,1795
1258.2845,1258.2935,25468,34563,Eptesicus serotinus,0.011,0.027,-1,Echolocation,/mnt/ubna_data_02_mir/recover-20220922/UBNA_001/20220921_090000.WAV,Telephone Field,recover-20220922,001,1795
1258.2975,1258.3406,68437,83454,Rhinolophus ferrumequinum,0.038,0.038,-1,Echolocation,/mnt/ubna_data_02_mir/recover-20220922/UBNA_001/20220921_090000.WAV,Telephone Field,recover-20220922,001,1795
1258.3145,1258.3522,68437,81872,Rhinolophus ferrumequinum,0.022,0.022,-1,Echolocation,/mnt/ubna_data_02_mir/recover-20220922/UBNA_001/20220921_090000.WAV,Telephone Field,recover-20220922,001,1795
1258.3225,1258.3321,28046,37025,Eptesicus serotinus,0.011,0.024,-1,Echolocation,/mnt/ubna_data_02_mir/recover-20220922/UBNA_001/20220921_090000.WAV,Telephone Field,recover-20220922,001,1795
1258.3435,1258.3822,68437,82109,Rhinolophus ferrumequinum,0.024,0.024,-1,Echolocation,/mnt/ubna_data_02_mir/recover-20220922/UBNA_001/20220921_090000.WAV,Telephone Field,recover-20220922,001,1795
1258.3695,1258.407,68437,82152,Rhinolophus ferrumequinum,0.022,0.022,-1,Echolocation,/mnt/ubna_data_02_mir/recover-20220922/UBNA_001/20220921_090000.WAV,Telephone Field,recover-20220922,001,1795
1258.3795,1258.3874,27187,45611,Eptesicus serotinus,0.009,0.025,-1,Echolocation,/mnt/ubna_data_02_mir/recover-20220922/UBNA_001/20220921_090000.WAV,Telephone Field,recover-20220922,001,1795
1258.3995,1258.4378,68437,82064,Rhinolophus ferrumequinum,0.022,0.022,-1,Echolocation,/mnt/ubna_data_02_mir/recover-20220922/UBNA_001/20220921_090000.WAV,Telephone Field,recover-20220922,001,1795
1258.4215,1258.4605,68437,82258,Rhinolophus ferrumequinum,0.021,0.021,-1,Echolocation,/mnt/ubna_data_02_mir/recover-20220922/UBNA_001/20220921_090000.WAV,Telephone Field,recover-20220922,001,1795
1258.4315,1258.4453,35781,39286,Pipistrellus nathusii,0.019,0.044,-1,Echolocation,/mnt/ubna_data_02_mir/recover-20220922/UBNA_001/20220921_090000.WAV,Telephone Field,recover-20220922,001,1795
1258.4395,1258.4505,27187,33428,Eptesicus serotinus,0.012,0.026,-1,Echolocation,/mnt/ubna_data_02_mir/recover-20220922/UBNA_001/20220921_090000.WAV,Telephone Field,recover-20220922,001,1795
1258.4555,1258.4782,18593,21503,Nyctalus noctula,0.016,0.028,-1,Echolocation,/mnt/ubna_data_02_mir/recover-20220922/UBNA_001/20220921_090000.WAV,Telephone Field,recover-20220922,001,1795
1258.4705,1258.5099,68437,82144,Rhinolophus ferrumequinum,0.023,0.023,-1,Echolocation,/mnt/ubna_data_02_mir/recover-20220922/UBNA_001/20220921_090000.WAV,Telephone Field,recover-20220922,001,1795
1258.4735,1258.4822,47812,55107,Pipistrellus pipistrellus,0.026,0.029,-1,Echolocation,/mnt/ubna_data_02_mir/recover-20220922/UBNA_001/20220921_090000.WAV,Telephone Field,recover-20220922,001,1795
1258.4855,1258.4962,23750,29920,Nyctalus leisleri,0.009,0.023,-1,Echolocation,/mnt/ubna_data_02_mir/recover-20220922/UBNA_001/20220921_090000.WAV,Telephone Field,recover-20220922,001,1795
1258.5025,1258.5435,68437,82287,Rhinolophus ferrumequinum,0.023,0.023,-1,Echolocation,/mnt/ubna_data_02_mir/recover-20220922/UBNA_001/20220921_090000.WAV,Telephone Field,recover-20220922,001,1795
1258.5485,1258.5553,28046,40746,Eptesicus serotinus,0.024,0.056,-1,Echolocation,/mnt/ubna_data_02_mir/recover-20220922/UBNA_001/20220921_090000.WAV,Telephone Field,recover-20220922,001,1795
1258.5555,1258.5911,68437,81012,Rhinolophus ferrumequinum,0.022,0.022,-1,Echolocation,/mnt/ubna_data_02_mir/recover-20220922/UBNA_001/20220921_090000.WAV,Telephone Field,recover-20220922,001,1795
1258.5725,1258.5832,28906,36500,Eptesicus serotinus,0.011,0.023,-1,Echolocation,/mnt/ubna_data_02_mir/recover-20220922/UBNA_001/20220921_090000.WAV,Telephone Field,recover-20220922,001,1795
1258.5865,1258.5933,28046,41096,Eptesicus serotinus,0.008,0.026,-1,Echolocation,/mnt/ubna_data_02_mir/recover-20220922/UBNA_001/20220921_090000.WAV,Telephone Field,recover-20220922,001,1795
1258.6145,1258.6551,68437,82795,Rhinolophus ferrumequinum,0.028,0.028,-1,Echolocation,/mnt/ubna_data_02_mir/recover-20220922/UBNA_001/20220921_090000.WAV,Telephone Field,recover-20220922,001,1795
1258.6155,1258.6242,28046,39197,Eptesicus serotinus,0.008,0.022,-1,Echolocation,/mnt/ubna_data_02_mir/recover-20220922/UBNA_001/20220921_090000.WAV,Telephone Field,recover-20220922,001,1795
1258.6395,1258.6472,27187,37052,Eptesicus serotinus,0.007,0.022,-1,Echolocation,/mnt/ubna_data_02_mir/recover-20220922/UBNA_001/20220921_090000.WAV,Telephone Field,recover-20220922,001,1795
1258.6395,1258.6795,68437,82376,Rhinolophus ferrumequinum,0.022,0.022,-1,Echolocation,/mnt/ubna_data_02_mir/recover-20220922/UBNA_001/20220921_090000.WAV,Telephone Field,recover-20220922,001,1795
1258.6455,1258.6524,27187,39571,Eptesicus serotinus,0.006,0.023,-1,Echolocation,/mnt/ubna_data_02_mir/recover-20220922/UBNA_001/20220921_090000.WAV,Telephone Field,recover-20220922,001,1795
1258.6775,1258.7176,68437,82096,Rhinolophus ferrumequinum,0.021,0.021,-1,Echolocation,/mnt/ubna_data_02_mir/recover-20220922/UBNA_001/20220921_090000.WAV,Telephone Field,recover-20220922,001,1795
1258.6925,1258.7303,68437,81512,Rhinolophus ferrumequinum,0.024,0.024,-1,Echolocation,/mnt/ubna_data_02_mir/recover-20220922/UBNA_001/20220921_090000.WAV,Telephone Field,recover-20220922,001,1795
1258.7115,1258.7229,23750,29132,Nyctalus leisleri,0.026,0.06,-1,Echolocation,/mnt/ubna_data_02_mir/recover-20220922/UBNA_001/20220921_090000.WAV,Telephone Field,recover-20220922,001,1795
1258.7235,1258.7617,68437,82159,Rhinolophus ferrumequinum,0.021,0.021,-1,Echolocation,/mnt/ubna_data_02_mir/recover-20220922/UBNA_001/20220921_090000.WAV,Telephone Field,recover-20220922,001,1795
1258.7485,1258.7586000000001,28046,35440,Eptesicus serotinus,0.016,0.032,-1,Echolocation,/mnt/ubna_data_02_mir/recover-20220922/UBNA_001/20220921_090000.WAV,Telephone Field,recover-20220922,001,1795
1258.7995,1258.8368,68437,81949,Rhinolophus ferrumequinum,0.023,0.023,-1,Echolocation,/mnt/ubna_data_02_mir/recover-20220922/UBNA_001/20220921_090000.WAV,Telephone Field,recover-20220922,001,1795
1258.8035,1258.8118,27187,41051,Eptesicus serotinus,0.008,0.021,-1,Echolocation,/mnt/ubna_data_02_mir/recover-20220922/UBNA_001/20220921_090000.WAV,Telephone Field,recover-20220922,001,1795
1258.8035,1258.8137,34921,40796,Barbastellus barbastellus,0.013,0.031,-1,Echolocation,/mnt/ubna_data_02_mir/recover-20220922/UBNA_001/20220921_090000.WAV,Telephone Field,recover-20220922,001,1795
1258.8135,1258.8233,23750,29696,Nyctalus leisleri,0.009,0.023,-1,Echolocation,/mnt/ubna_data_02_mir/recover-20220922/UBNA_001/20220921_090000.WAV,Telephone Field,recover-20220922,001,1795
1258.8335,1258.8732,68437,82782,Rhinolophus ferrumequinum,0.023,0.023,-1,Echolocation,/mnt/ubna_data_02_mir/recover-20220922/UBNA_001/20220921_090000.WAV,Telephone Field,recover-20220922,001,1795
1258.8405,1258.85,27187,35507,Eptesicus serotinus,0.009,0.022,-1,Echolocation,/mnt/ubna_data_02_mir/recover-20220922/UBNA_001/20220921_090000.WAV,Telephone Field,recover-20220922,001,1795
1258.8575,1258.8966,68437,82311,Rhinolophus ferrumequinum,0.022,0.022,-1,Echolocation,/mnt/ubna_data_02_mir/recover-20220922/UBNA_001/20220921_090000.WAV,Telephone Field,recover-20220922,001,1795
1258.8955,1258.9023,28046,42831,Eptesicus serotinus,0.007,0.026,-1,Echolocation,/mnt/ubna_data_02_mir/recover-20220922/UBNA_001/20220921_090000.WAV,Telephone Field,recover-20220922,001,1795
1258.9195,1258.958,68437,82025,Rhinolophus ferrumequinum,0.021,0.021,-1,Echolocation,/mnt/ubna_data_02_mir/recover-20220922/UBNA_001/20220921_090000.WAV,Telephone Field,recover-20220922,001,1795
1258.9205,1258.9281,27187,38745,Eptesicus serotinus,0.008,0.025,-1,Echolocation,/mnt/ubna_data_02_mir/recover-20220922/UBNA_001/20220921_090000.WAV,Telephone Field,recover-20220922,001,1795
1258.9625,1259.0032,68437,82459,Rhinolophus ferrumequinum,0.03,0.03,-1,Echolocation,/mnt/ubna_data_02_mir/recover-20220922/UBNA_001/20220921_090000.WAV,Telephone Field,recover-20220922,001,1795
1258.9935,1259.0344,68437,82916,Rhinolophus ferrumequinum,0.026,0.026,-1,Echolocation,/mnt/ubna_data_02_mir/recover-20220922/UBNA_001/20220921_090000.WAV,Telephone Field,recover-20220922,001,1795
1258.9955,1259.0028,34062,40957,Barbastellus barbastellus,0.008,0.023,-1,Echolocation,/mnt/ubna_data_02_mir/recover-20220922/UBNA_001/20220921_090000.WAV,Telephone Field,recover-20220922,001,1795
1258.9985,1259.0078,28046,37196,Eptesicus serotinus,0.013,0.027,-1,Echolocation,/mnt/ubna_data_02_mir/recover-20220922/UBNA_001/20220921_090000.WAV,Telephone Field,recover-20220922,001,1795
1259.0095,1259.0487,68437,82705,Rhinolophus ferrumequinum,0.026,0.027,-1,Echolocation,/mnt/ubna_data_02_mir/recover-20220922/UBNA_001/20220921_090000.WAV,Telephone Field,recover-20220922,001,1795
1259.0185,1259.0587,68437,82269,Rhinolophus ferrumequinum,0.026,0.026,-1,Echolocation,/mnt/ubna_data_02_mir/recover-20220922/UBNA_001/20220921_090000.WAV,Telephone Field,recover-20220922,001,1795
1259.0455,1259.0839,68437,82116,Rhinolophus ferrumequinum,0.023,0.023,-1,Echolocation,/mnt/ubna_data_02_mir/recover-20220922/UBNA_001/20220921_090000.WAV,Telephone Field,recover-20220922,001,1795
1259.0815,1259.1205,68437,82274,Rhinolophus ferrumequinum,0.022,0.022,-1,Echolocation,/mnt/ubna_data_02_mir/recover-20220922/UBNA_001/20220921_090000.WAV,Telephone Field,recover-20220922,001,1795
1259.0915,1259.1011,23750,30463,Nyctalus leisleri,0.007,0.022,-1,Echolocation,/mnt/ubna_data_02_mir/recover-20220922/UBNA_001/20220921_090000.WAV,Telephone Field,recover-20220922,001,1795
1259.1045,1259.1449,68437,82694,Rhinolophus ferrumequinum,0.03,0.03,-1,Echolocation,/mnt/ubna_data_02_mir/recover-20220922/UBNA_001/20220921_090000.WAV,Telephone Field,recover-20220922,001,1795
1259.1305,1259.1694,68437,82842,Rhinolophus ferrumequinum,0.03,0.03,-1,Echolocation,/mnt/ubna_data_02_mir/recover-20220922/UBNA_001/20220921_090000.WAV,Telephone Field,recover-20220922,001,1795
1259.1575,1259.1948,68437,81945,Rhinolophus ferrumequinum,0.028,0.028,-1,Echolocation,/mnt/ubna_data_02_mir/recover-20220922/UBNA_001/20220921_090000.WAV,Telephone Field,recover-20220922,001,1795
1259.1665,1259.207,68437,82501,Rhinolophus ferrumequinum,0.024,0.024,-1,Echolocation,/mnt/ubna_data_02_mir/recover-20220922/UBNA_001/20220921_090000.WAV,Telephone Field,recover-20220922,001,1795
1259.1745,1259.2142,68437,82760,Rhinolophus ferrumequinum,0.024,0.024,-1,Echolocation,/mnt/ubna_data_02_mir/recover-20220922/UBNA_001/20220921_090000.WAV,Telephone Field,recover-20220922,001,1795
1259.1875,1259.195,27187,39607,Eptesicus serotinus,0.011,0.032,-1,Echolocation,/mnt/ubna_data_02_mir/recover-20220922/UBNA_001/20220921_090000.WAV,Telephone Field,recover-20220922,001,1795
1259.2275,1259.2354,23750,31899,Plecotus austriacus,0.008,0.022,-1,Echolocation,/mnt/ubna_data_02_mir/recover-20220922/UBNA_001/20220921_090000.WAV,Telephone Field,recover-20220922,001,1795
1259.2595,1259.297,68437,82338,Rhinolophus ferrumequinum,0.026,0.026,-1,Echolocation,/mnt/ubna_data_02_mir/recover-20220922/UBNA_001/20220921_090000.WAV,Telephone Field,recover-20220922,001,1795
1259.2635,1259.2708,26328,34835,Eptesicus serotinus,0.008,0.022,-1,Echolocation,/mnt/ubna_data_02_mir/recover-20220922/UBNA_001/20220921_090000.WAV,Telephone Field,recover-20220922,001,1795
1259.3155,1259.3573,68437,83038,Rhinolophus ferrumequinum,0.022,0.022,-1,Echolocation,/mnt/ubna_data_02_mir/recover-20220922/UBNA_001/20220921_090000.WAV,Telephone Field,recover-20220922,001,1795
1259.3235,1259.3636,68437,82747,Rhinolophus ferrumequinum,0.022,0.022,-1,Echolocation,/mnt/ubna_data_02_mir/recover-20220922/UBNA_001/20220921_090000.WAV,Telephone Field,recover-20220922,001,1795
1259.3475,1259.3548,28046,38753,Eptesicus serotinus,0.009,0.027,-1,Echolocation,/mnt/ubna_data_02_mir/recover-20220922/UBNA_001/20220921_090000.WAV,Telephone Field,recover-20220922,001,1795
1259.3715,1259.4113,68437,82457,Rhinolophus ferrumequinum,0.023,0.023,-1,Echolocation,/mnt/ubna_data_02_mir/recover-20220922/UBNA_001/20220921_090000.WAV,Telephone Field,recover-20220922,001,1795
1259.3865,1259.3955,27187,39277,Eptesicus serotinus,0.009,0.023,-1,Echolocation,/mnt/ubna_data_02_mir/recover-20220922/UBNA_001/20220921_090000.WAV,Telephone Field,recover-20220922,001,1795
1259.4195,1259.4608,68437,82299,Rhinolophus ferrumequinum,0.026,0.026,-1,Echolocation,/mnt/ubna_data_02_mir/recover-20220922/UBNA_001/20220921_090000.WAV,Telephone Field,recover-20220922,001,1795
1259.4365,1259.4724,68437,81614,Rhinolophus ferrumequinum,0.024,0.024,-1,Echolocation,/mnt/ubna_data_02_mir/recover-20220922/UBNA_001/20220921_090000.WAV,Telephone Field,recover-20220922,001,1795
1259.4875,1259.4976,23750,30540,Nyctalus leisleri,0.008,0.022,-1,Echolocation,/mnt/ubna_data_02_mir/recover-20220922/UBNA_001/20220921_090000.WAV,Telephone Field,recover-20220922,001,1795
1259.5045,1259.545,68437,82589,Rhinolophus ferrumequinum,0.032,0.032,-1,Echolocation,/mnt/ubna_data_02_mir/recover-20220922/UBNA_001/20220921_090000.WAV,Telephone Field,recover-20220922,001,1795
1259.5045,1259.5108,28046,41287,Eptesicus serotinus,0.006,0.027,-1,Echolocation,/mnt/ubna_data_02_mir/recover-20220922/UBNA_001/20220921_090000.WAV,Telephone Field,recover-20220922,001,1795
1259.5115,1259.5558,68437,83244,Rhinolophus ferrumequinum,0.025,0.025,-1,Echolocation,/mnt/ubna_data_02_mir/recover-20220922/UBNA_001/20220921_090000.WAV,Telephone Field,recover-20220922,001,1795
1259.5195,1259.5303,24609,30404,Nyctalus leisleri,0.011,0.031,-1,Echolocation,/mnt/ubna_data_02_mir/recover-20220922/UBNA_001/20220921_090000.WAV,Telephone Field,recover-20220922,001,1795
1259.5425,1259.5558,24609,30264,Nyctalus leisleri,0.013,0.03,-1,Echolocation,/mnt/ubna_data_02_mir/recover-20220922/UBNA_001/20220921_090000.WAV,Telephone Field,recover-20220922,001,1795
1259.5565,1259.5997,68437,83277,Rhinolophus ferrumequinum,0.053,0.053,-1,Echolocation,/mnt/ubna_data_02_mir/recover-20220922/UBNA_001/20220921_090000.WAV,Telephone Field,recover-20220922,001,1795
1259.5705,1259.5793,25468,33174,Eptesicus serotinus,0.008,0.022,-1,Echolocation,/mnt/ubna_data_02_mir/recover-20220922/UBNA_001/20220921_090000.WAV,Telephone Field,recover-20220922,001,1795
1259.6045,1259.6113,28046,39467,Eptesicus serotinus,0.006,0.022,-1,Echolocation,/mnt/ubna_data_02_mir/recover-20220922/UBNA_001/20220921_090000.WAV,Telephone Field,recover-20220922,001,1795
1259.6775,1259.7167,68437,82751,Rhinolophus ferrumequinum,0.024,0.024,-1,Echolocation,/mnt/ubna_data_02_mir/recover-20220922/UBNA_001/20220921_090000.WAV,Telephone Field,recover-20220922,001,1795
1259.6805,1259.6883,26328,38162,Eptesicus serotinus,0.006,0.023,-1,Echolocation,/mnt/ubna_data_02_mir/recover-20220922/UBNA_001/20220921_090000.WAV,Telephone Field,recover-20220922,001,1795
1259.6935,1259.733,68437,82323,Rhinolophus ferrumequinum,0.024,0.024,-1,Echolocation,/mnt/ubna_data_02_mir/recover-20220922/UBNA_001/20220921_090000.WAV,Telephone Field,recover-20220922,001,1795
1259.6945,1259.7034,27187,38107,Eptesicus serotinus,0.01,0.023,-1,Echolocation,/mnt/ubna_data_02_mir/recover-20220922/UBNA_001/20220921_090000.WAV,Telephone Field,recover-20220922,001,1795
1259.7065,1259.7428,68437,82064,Rhinolophus ferrumequinum,0.022,0.022,-1,Echolocation,/mnt/ubna_data_02_mir/recover-20220922/UBNA_001/20220921_090000.WAV,Telephone Field,recover-20220922,001,1795
1259.7225,1259.7314,40078,48199,Pipistrellus nathusii,0.013,0.025,-1,Echolocation,/mnt/ubna_data_02_mir/recover-20220922/UBNA_001/20220921_090000.WAV,Telephone Field,recover-20220922,001,1795
1259.7325,1259.7433,28046,34912,Eptesicus serotinus,0.034,0.054,-1,Echolocation,/mnt/ubna_data_02_mir/recover-20220922/UBNA_001/20220921_090000.WAV,Telephone Field,recover-20220922,001,1795
1259.7405,1259.7793,68437,82241,Rhinolophus ferrumequinum,0.021,0.021,-1,Echolocation,/mnt/ubna_data_02_mir/recover-20220922/UBNA_001/20220921_090000.WAV,Telephone Field,recover-20220922,001,1795
1259.7555,1259.79,68437,81556,Rhinolophus ferrumequinum,0.021,0.021,-1,Echolocation,/mnt/ubna_data_02_mir/recover-20220922/UBNA_001/20220921_090000.WAV,Telephone Field,recover-20220922,001,1795
1259.7705,1259.7797,24609,33565,Eptesicus serotinus,0.008,0.022,-1,Echolocation,/mnt/ubna_data_02_mir/recover-20220922/UBNA_001/20220921_090000.WAV,Telephone Field,recover-20220922,001,1795
1259.7705,1259.8097,68437,82139,Rhinolophus ferrumequinum,0.022,0.022,-1,Echolocation,/mnt/ubna_data_02_mir/recover-20220922/UBNA_001/20220921_090000.WAV,Telephone Field,recover-20220922,001,1795
1259.8095,1259.8192,22890,29555,Nyctalus leisleri,0.007,0.021,-1,Echolocation,/mnt/ubna_data_02_mir/recover-20220922/UBNA_001/20220921_090000.WAV,Telephone Field,recover-20220922,001,1795
1259.8415,1259.8819,68437,82318,Rhinolophus ferrumequinum,0.029,0.029,-1,Echolocation,/mnt/ubna_data_02_mir/recover-20220922/UBNA_001/20220921_090000.WAV,Telephone Field,recover-20220922,001,1795
1259.8985,1259.939,68437,82651,Rhinolophus ferrumequinum,0.025,0.025,-1,Echolocation,/mnt/ubna_data_02_mir/recover-20220922/UBNA_001/20220921_090000.WAV,Telephone Field,recover-20220922,001,1795
1259.9045,1259.9107,27187,41797,Eptesicus serotinus,0.006,0.028,-1,Echolocation,/mnt/ubna_data_02_mir/recover-20220922/UBNA_001/20220921_090000.WAV,Telephone Field,recover-20220922,001,1795
1259.9215,1259.9656,68437,83731,Rhinolophus ferrumequinum,0.035,0.035,-1,Echolocation,/mnt/ubna_data_02_mir/recover-20220922/UBNA_001/20220921_090000.WAV,Telephone Field,recover-20220922,001,1795
1259.9255,1259.9327,27187,41342,Eptesicus serotinus,0.007,0.022,-1,Echolocation,/mnt/ubna_data_02_mir/recover-20220922/UBNA_001/20220921_090000.WAV,Telephone Field,recover-20220922,001,1795
1259.9435,1259.9507,27187,39193,Eptesicus serotinus,0.01,0.026,-1,Echolocation,/mnt/ubna_data_02_mir/recover-20220922/UBNA_001/20220921_090000.WAV,Telephone Field,recover-20220922,001,1795
1259.9715,1259.9798,26328,35011,Eptesicus serotinus,0.009,0.025,-1,Echolocation,/mnt/ubna_data_02_mir/recover-20220922/UBNA_001/20220921_090000.WAV,Telephone Field,recover-20220922,001,1795
1260.0015,1260.0125,46953,51687,Pipistrellus pipistrellus,0.021,0.027,-1,Echolocation,/mnt/ubna_data_02_mir/recover-20220922/UBNA_001/20220921_090000.WAV,Telephone Field,recover-20220922,001,1795
1260.0015,1260.0346,68437,80354,Rhinolophus ferrumequinum,0.046,0.047,-1,Echolocation,/mnt/ubna_data_02_mir/recover-20220922/UBNA_001/20220921_090000.WAV,Telephone Field,recover-20220922,001,1795
1260.0015,1260.0109,23750,30402,Nyctalus leisleri,0.011,0.028,-1,Echolocation,/mnt/ubna_data_02_mir/recover-20220922/UBNA_001/20220921_090000.WAV,Telephone Field,recover-20220922,001,1795
1260.0435,1260.0813,68437,82556,Rhinolophus ferrumequinum,0.03,0.03,-1,Echolocation,/mnt/ubna_data_02_mir/recover-20220922/UBNA_001/20220921_090000.WAV,Telephone Field,recover-20220922,001,1795
1260.0795,1260.1202,68437,82803,Rhinolophus ferrumequinum,0.038,0.038,-1,Echolocation,/mnt/ubna_data_02_mir/recover-20220922/UBNA_001/20220921_090000.WAV,Telephone Field,recover-20220922,001,1795
1260.0935,1260.1054,23750,28664,Nyctalus leisleri,0.018,0.035,-1,Echolocation,/mnt/ubna_data_02_mir/recover-20220922/UBNA_001/20220921_090000.WAV,Telephone Field,recover-20220922,001,1795
1260.1135,1260.1206,28046,39227,Eptesicus serotinus,0.006,0.023,-1,Echolocation,/mnt/ubna_data_02_mir/recover-20220922/UBNA_001/20220921_090000.WAV,Telephone Field,recover-20220922,001,1795
1260.1165,1260.1256,22890,29834,Plecotus austriacus,0.009,0.024,-1,Echolocation,/mnt/ubna_data_02_mir/recover-20220922/UBNA_001/20220921_090000.WAV,Telephone Field,recover-20220922,001,1795
1260.1175,1260.1565,68437,82496,Rhinolophus ferrumequinum,0.024,0.024,-1,Echolocation,/mnt/ubna_data_02_mir/recover-20220922/UBNA_001/20220921_090000.WAV,Telephone Field,recover-20220922,001,1795
1260.1875,1260.2239,68437,81796,Rhinolophus ferrumequinum,0.03,0.03,-1,Echolocation,/mnt/ubna_data_02_mir/recover-20220922/UBNA_001/20220921_090000.WAV,Telephone Field,recover-20220922,001,1795
1260.1995,1260.2128,23750,28953,Nyctalus leisleri,0.015,0.032,-1,Echolocation,/mnt/ubna_data_02_mir/recover-20220922/UBNA_001/20220921_090000.WAV,Telephone Field,recover-20220922,001,1795
1260.2205,1260.2603,68437,82827,Rhinolophus ferrumequinum,0.024,0.024,-1,Echolocation,/mnt/ubna_data_02_mir/recover-20220922/UBNA_001/20220921_090000.WAV,Telephone Field,recover-20220922,001,1795
1260.2355,1260.2745,68437,82114,Rhinolophus ferrumequinum,0.023,0.023,-1,Echolocation,/mnt/ubna_data_02_mir/recover-20220922/UBNA_001/20220921_090000.WAV,Telephone Field,recover-20220922,001,1795
1260.2385,1260.2461,28046,39963,Eptesicus serotinus,0.007,0.024,-1,Echolocation,/mnt/ubna_data_02_mir/recover-20220922/UBNA_001/20220921_090000.WAV,Telephone Field,recover-20220922,001,1795
1260.2575,1260.2632,28906,44054,Myotis daubentonii,0.01,0.029,-1,Echolocation,/mnt/ubna_data_02_mir/recover-20220922/UBNA_001/20220921_090000.WAV,Telephone Field,recover-20220922,001,1795
1260.2635,1260.3049,68437,83072,Rhinolophus ferrumequinum,0.028,0.028,-1,Echolocation,/mnt/ubna_data_02_mir/recover-20220922/UBNA_001/20220921_090000.WAV,Telephone Field,recover-20220922,001,1795
1260.2985,1260.339,68437,82885,Rhinolophus ferrumequinum,0.028,0.028,-1,Echolocation,/mnt/ubna_data_02_mir/recover-20220922/UBNA_001/20220921_090000.WAV,Telephone Field,recover-20220922,001,1795
1260.3255,1260.3645,68437,82793,Rhinolophus ferrumequinum,0.032,0.032,-1,Echolocation,/mnt/ubna_data_02_mir/recover-20220922/UBNA_001/20220921_090000.WAV,Telephone Field,recover-20220922,001,1795
1260.3555,1260.3961,68437,82759,Rhinolophus ferrumequinum,0.044,0.044,-1,Echolocation,/mnt/ubna_data_02_mir/recover-20220922/UBNA_001/20220921_090000.WAV,Telephone Field,recover-20220922,001,1795
1260.3815,1260.388,52109,57259,Pipistrellus pipistrellus,0.022,0.025,-1,Echolocation,/mnt/ubna_data_02_mir/recover-20220922/UBNA_001/20220921_090000.WAV,Telephone Field,recover-20220922,001,1795
1260.3965,1260.4377,68437,82935,Rhinolophus ferrumequinum,0.047,0.047,-1,Echolocation,/mnt/ubna_data_02_mir/recover-20220922/UBNA_001/20220921_090000.WAV,Telephone Field,recover-20220922,001,1795
1260.4335,1260.4721,68437,83213,Rhinolophus ferrumequinum,0.029,0.029,-1,Echolocation,/mnt/ubna_data_02_mir/recover-20220922/UBNA_001/20220921_090000.WAV,Telephone Field,recover-20220922,001,1795
1260.4425,1260.4504,28046,40091,Eptesicus serotinus,0.008,0.026,-1,Echolocation,/mnt/ubna_data_02_mir/recover-20220922/UBNA_001/20220921_090000.WAV,Telephone Field,recover-20220922,001,1795
1260.4435,1260.4807,68437,82080,Rhinolophus ferrumequinum,0.023,0.023,-1,Echolocation,/mnt/ubna_data_02_mir/recover-20220922/UBNA_001/20220921_090000.WAV,Telephone Field,recover-20220922,001,1795
1260.4565,1260.4632,13437,29914,Plecotus auritus,0.026,0.028,-1,Echolocation,/mnt/ubna_data_02_mir/recover-20220922/UBNA_001/20220921_090000.WAV,Telephone Field,recover-20220922,001,1795
1260.4755,1260.5142,68437,82076,Rhinolophus ferrumequinum,0.026,0.026,-1,Echolocation,/mnt/ubna_data_02_mir/recover-20220922/UBNA_001/20220921_090000.WAV,Telephone Field,recover-20220922,001,1795
1260.4945,1260.5021,15156,27079,Plecotus auritus,0.015,0.023,-1,Echolocation,/mnt/ubna_data_02_mir/recover-20220922/UBNA_001/20220921_090000.WAV,Telephone Field,recover-20220922,001,1795
1260.4975,1260.5068,25468,32329,Eptesicus serotinus,0.008,0.023,-1,Echolocation,/mnt/ubna_data_02_mir/recover-20220922/UBNA_001/20220921_090000.WAV,Telephone Field,recover-20220922,001,1795
1260.5215,1260.5586,68437,81603,Rhinolophus ferrumequinum,0.023,0.023,-1,Echolocation,/mnt/ubna_data_02_mir/recover-20220922/UBNA_001/20220921_090000.WAV,Telephone Field,recover-20220922,001,1795
1260.5315,1260.5705,68437,82353,Rhinolophus ferrumequinum,0.027,0.027,-1,Echolocation,/mnt/ubna_data_02_mir/recover-20220922/UBNA_001/20220921_090000.WAV,Telephone Field,recover-20220922,001,1795
1260.5345,1260.5432,28046,39343,Eptesicus serotinus,0.01,0.025,-1,Echolocation,/mnt/ubna_data_02_mir/recover-20220922/UBNA_001/20220921_090000.WAV,Telephone Field,recover-20220922,001,1795
1260.5445,1260.5816,68437,82508,Rhinolophus ferrumequinum,0.024,0.024,-1,Echolocation,/mnt/ubna_data_02_mir/recover-20220922/UBNA_001/20220921_090000.WAV,Telephone Field,recover-20220922,001,1795
1260.5575,1260.5989,68437,83111,Rhinolophus ferrumequinum,0.033,0.033,-1,Echolocation,/mnt/ubna_data_02_mir/recover-20220922/UBNA_001/20220921_090000.WAV,Telephone Field,recover-20220922,001,1795
1260.6275,1260.6701,68437,83800,Rhinolophus ferrumequinum,0.038,0.038,-1,Echolocation,/mnt/ubna_data_02_mir/recover-20220922/UBNA_001/20220921_090000.WAV,Telephone Field,recover-20220922,001,1795
1260.6585,1260.6663,28046,37963,Eptesicus serotinus,0.007,0.023,-1,Echolocation,/mnt/ubna_data_02_mir/recover-20220922/UBNA_001/20220921_090000.WAV,Telephone Field,recover-20220922,001,1795
1260.6645,1260.7009,68437,81330,Rhinolophus ferrumequinum,0.035,0.035,-1,Echolocation,/mnt/ubna_data_02_mir/recover-20220922/UBNA_001/20220921_090000.WAV,Telephone Field,recover-20220922,001,1795
1260.6755,1260.7166,68437,82537,Rhinolophus ferrumequinum,0.05,0.05,-1,Echolocation,/mnt/ubna_data_02_mir/recover-20220922/UBNA_001/20220921_090000.WAV,Telephone Field,recover-20220922,001,1795
1260.7515,1260.7601,28046,39405,Eptesicus serotinus,0.01,0.025,-1,Echolocation,/mnt/ubna_data_02_mir/recover-20220922/UBNA_001/20220921_090000.WAV,Telephone Field,recover-20220922,001,1795
1260.7675,1260.8046,68437,82015,Rhinolophus ferrumequinum,0.025,0.025,-1,Echolocation,/mnt/ubna_data_02_mir/recover-20220922/UBNA_001/20220921_090000.WAV,Telephone Field,recover-20220922,001,1795
1260.7735,1260.7828,46953,51378,Pipistrellus pipistrellus,0.025,0.028,-1,Echolocation,/mnt/ubna_data_02_mir/recover-20220922/UBNA_001/20220921_090000.WAV,Telephone Field,recover-20220922,001,1795
1260.7935,1260.8314,68437,81827,Rhinolophus ferrumequinum,0.025,0.025,-1,Echolocation,/mnt/ubna_data_02_mir/recover-20220922/UBNA_001/20220921_090000.WAV,Telephone Field,recover-20220922,001,1795
1260.7975,1260.8049,26328,35673,Eptesicus serotinus,0.012,0.038,-1,Echolocation,/mnt/ubna_data_02_mir/recover-20220922/UBNA_001/20220921_090000.WAV,Telephone Field,recover-20220922,001,1795
1260.8235,1260.8647,68437,83494,Rhinolophus ferrumequinum,0.045,0.045,-1,Echolocation,/mnt/ubna_data_02_mir/recover-20220922/UBNA_001/20220921_090000.WAV,Telephone Field,recover-20220922,001,1795
1260.8465,1260.8528,37500,46750,Myotis daubentonii,0.014,0.037,-1,Echolocation,/mnt/ubna_data_02_mir/recover-20220922/UBNA_001/20220921_090000.WAV,Telephone Field,recover-20220922,001,1795
1260.8605,1260.9048,68437,83505,Rhinolophus ferrumequinum,0.066,0.066,-1,Echolocation,/mnt/ubna_data_02_mir/recover-20220922/UBNA_001/20220921_090000.WAV,Telephone Field,recover-20220922,001,1795
1260.8945,1260.9022,44375,51456,Pipistrellus pipistrellus,0.028,0.036,-1,Echolocation,/mnt/ubna_data_02_mir/recover-20220922/UBNA_001/20220921_090000.WAV,Telephone Field,recover-20220922,001,1795
1260.9095,1260.9223,22890,28004,Nyctalus leisleri,0.013,0.029,-1,Echolocation,/mnt/ubna_data_02_mir/recover-20220922/UBNA_001/20220921_090000.WAV,Telephone Field,recover-20220922,001,1795
1260.9145,1260.9572,68437,83573,Rhinolophus ferrumequinum,0.043,0.043,-1,Echolocation,/mnt/ubna_data_02_mir/recover-20220922/UBNA_001/20220921_090000.WAV,Telephone Field,recover-20220922,001,1795
1260.9575,1261.0027,68437,83660,Rhinolophus ferrumequinum,0.042,0.042,-1,Echolocation,/mnt/ubna_data_02_mir/recover-20220922/UBNA_001/20220921_090000.WAV,Telephone Field,recover-20220922,001,1795
1260.9875,1260.9935,27187,43182,Plecotus auritus,0.008,0.035,-1,Echolocation,/mnt/ubna_data_02_mir/recover-20220922/UBNA_001/20220921_090000.WAV,Telephone Field,recover-20220922,001,1795
1260.9945,1261.0346,68437,81909,Rhinolophus ferrumequinum,0.023,0.023,-1,Echolocation,/mnt/ubna_data_02_mir/recover-20220922/UBNA_001/20220921_090000.WAV,Telephone Field,recover-20220922,001,1795
1261.0605,1261.098,68437,81736,Rhinolophus ferrumequinum,0.023,0.023,-1,Echolocation,/mnt/ubna_data_02_mir/recover-20220922/UBNA_001/20220921_090000.WAV,Telephone Field,recover-20220922,001,1795
1261.0675,1261.0733,27187,44821,Myotis nattereri,0.005,0.026,-1,Echolocation,/mnt/ubna_data_02_mir/recover-20220922/UBNA_001/20220921_090000.WAV,Telephone Field,recover-20220922,001,1795
1261.0855,1261.0994,22031,26471,Nyctalus leisleri,0.012,0.025,-1,Echolocation,/mnt/ubna_data_02_mir/recover-20220922/UBNA_001/20220921_090000.WAV,Telephone Field,recover-20220922,001,1795
1261.0955,1261.1086,26328,31154,Nyctalus leisleri,0.015,0.037,-1,Echolocation,/mnt/ubna_data_02_mir/recover-20220922/UBNA_001/20220921_090000.WAV,Telephone Field,recover-20220922,001,1795
1261.1395,1261.1839,68437,83453,Rhinolophus ferrumequinum,0.073,0.073,-1,Echolocation,/mnt/ubna_data_02_mir/recover-20220922/UBNA_001/20220921_090000.WAV,Telephone Field,recover-20220922,001,1795
1261.1925,1261.2366,68437,83761,Rhinolophus ferrumequinum,0.038,0.038,-1,Echolocation,/mnt/ubna_data_02_mir/recover-20220922/UBNA_001/20220921_090000.WAV,Telephone Field,recover-20220922,001,1795
1261.2015,1261.2455,68437,83927,Rhinolophus ferrumequinum,0.029,0.029,-1,Echolocation,/mnt/ubna_data_02_mir/recover-20220922/UBNA_001/20220921_090000.WAV,Telephone Field,recover-20220922,001,1795
1261.2025,1261.2141,22890,27658,Nyctalus leisleri,0.013,0.025,-1,Echolocation,/mnt/ubna_data_02_mir/recover-20220922/UBNA_001/20220921_090000.WAV,Telephone Field,recover-20220922,001,1795
1261.2145,1261.2578,68437,83308,Rhinolophus ferrumequinum,0.024,0.024,-1,Echolocation,/mnt/ubna_data_02_mir/recover-20220922/UBNA_001/20220921_090000.WAV,Telephone Field,recover-20220922,001,1795
1261.2165,1261.2284,27187,33484,Eptesicus serotinus,0.013,0.03,-1,Echolocation,/mnt/ubna_data_02_mir/recover-20220922/UBNA_001/20220921_090000.WAV,Telephone Field,recover-20220922,001,1795
1261.2325,1261.2513,65859,73185,Pipistrellus pygmaeus,0.029,0.03,-1,Echolocation,/mnt/ubna_data_02_mir/recover-20220922/UBNA_001/20220921_090000.WAV,Telephone Field,recover-20220922,001,1795
1261.2435,1261.2794,68437,80537,Rhinolophus ferrumequinum,0.023,0.023,-1,Echolocation,/mnt/ubna_data_02_mir/recover-20220922/UBNA_001/20220921_090000.WAV,Telephone Field,recover-20220922,001,1795
1261.2875,1261.3285,68437,82648,Rhinolophus ferrumequinum,0.034,0.034,-1,Echolocation,/mnt/ubna_data_02_mir/recover-20220922/UBNA_001/20220921_090000.WAV,Telephone Field,recover-20220922,001,1795
1261.3505,1261.3899,68437,83198,Rhinolophus ferrumequinum,0.029,0.029,-1,Echolocation,/mnt/ubna_data_02_mir/recover-20220922/UBNA_001/20220921_090000.WAV,Telephone Field,recover-20220922,001,1795
1261.3995,1261.4357,68437,81222,Rhinolophus ferrumequinum,0.027,0.027,-1,Echolocation,/mnt/ubna_data_02_mir/recover-20220922/UBNA_001/20220921_090000.WAV,Telephone Field,recover-20220922,001,1795
1261.4105,1261.4176,28046,39177,Eptesicus serotinus,0.008,0.029,-1,Echolocation,/mnt/ubna_data_02_mir/recover-20220922/UBNA_001/20220921_090000.WAV,Telephone Field,recover-20220922,001,1795
1261.4395,1261.4767,68437,82237,Rhinolophus ferrumequinum,0.027,0.027,-1,Echolocation,/mnt/ubna_data_02_mir/recover-20220922/UBNA_001/20220921_090000.WAV,Telephone Field,recover-20220922,001,1795
1261.4555,1261.4663,35781,40614,Barbastellus barbastellus,0.005,0.023,-1,Echolocation,/mnt/ubna_data_02_mir/recover-20220922/UBNA_001/20220921_090000.WAV,Telephone Field,recover-20220922,001,1795
1261.4695,1261.507,68437,82201,Rhinolophus ferrumequinum,0.034,0.034,-1,Echolocation,/mnt/ubna_data_02_mir/recover-20220922/UBNA_001/20220921_090000.WAV,Telephone Field,recover-20220922,001,1795
1261.4835,1261.5217,68437,82145,Rhinolophus ferrumequinum,0.024,0.024,-1,Echolocation,/mnt/ubna_data_02_mir/recover-20220922/UBNA_001/20220921_090000.WAV,Telephone Field,recover-20220922,001,1795
1261.5055,1261.544,68437,81824,Rhinolophus ferrumequinum,0.023,0.023,-1,Echolocation,/mnt/ubna_data_02_mir/recover-20220922/UBNA_001/20220921_090000.WAV,Telephone Field,recover-20220922,001,1795
1261.5175,1261.5243,49531,57435,Pipistrellus pipistrellus,0.021,0.025,-1,Echolocation,/mnt/ubna_data_02_mir/recover-20220922/UBNA_001/20220921_090000.WAV,Telephone Field,recover-20220922,001,1795
1261.5475,1261.5578,48671,52510,Pipistrellus pipistrellus,0.02,0.023,-1,Echolocation,/mnt/ubna_data_02_mir/recover-20220922/UBNA_001/20220921_090000.WAV,Telephone Field,recover-20220922,001,1795
1261.5905,1261.6312,68437,82653,Rhinolophus ferrumequinum,0.032,0.032,-1,Echolocation,/mnt/ubna_data_02_mir/recover-20220922/UBNA_001/20220921_090000.WAV,Telephone Field,recover-20220922,001,1795
1261.5985,1261.6095,22890,27816,Nyctalus leisleri,0.012,0.025,-1,Echolocation,/mnt/ubna_data_02_mir/recover-20220922/UBNA_001/20220921_090000.WAV,Telephone Field,recover-20220922,001,1795
1261.6135,1261.6206,50390,56680,Pipistrellus pipistrellus,0.021,0.024,-1,Echolocation,/mnt/ubna_data_02_mir/recover-20220922/UBNA_001/20220921_090000.WAV,Telephone Field,recover-20220922,001,1795
1261.6245,1261.6633,68437,82174,Rhinolophus ferrumequinum,0.028,0.028,-1,Echolocation,/mnt/ubna_data_02_mir/recover-20220922/UBNA_001/20220921_090000.WAV,Telephone Field,recover-20220922,001,1795
1261.6445,1261.6532,50390,58270,Pipistrellus pipistrellus,0.013,0.024,-1,Echolocation,/mnt/ubna_data_02_mir/recover-20220922/UBNA_001/20220921_090000.WAV,Telephone Field,recover-20220922,001,1795
1261.6455,1261.6679,18593,22104,Nyctalus noctula,0.037,0.055,-1,Echolocation,/mnt/ubna_data_02_mir/recover-20220922/UBNA_001/20220921_090000.WAV,Telephone Field,recover-20220922,001,1795
1261.6485,1261.6868,68437,82898,Rhinolophus ferrumequinum,0.024,0.024,-1,Echolocation,/mnt/ubna_data_02_mir/recover-20220922/UBNA_001/20220921_090000.WAV,Telephone Field,recover-20220922,001,1795
1261.6615,1261.703,68437,83120,Rhinolophus ferrumequinum,0.039,0.039,-1,Echolocation,/mnt/ubna_data_02_mir/recover-20220922/UBNA_001/20220921_090000.WAV,Telephone Field,recover-20220922,001,1795
1261.7035,1261.7143,22890,27985,Nyctalus leisleri,0.012,0.024,-1,Echolocation,/mnt/ubna_data_02_mir/recover-20220922/UBNA_001/20220921_090000.WAV,Telephone Field,recover-20220922,001,1795
1261.7195,1261.7586,68437,82199,Rhinolophus ferrumequinum,0.025,0.025,-1,Echolocation,/mnt/ubna_data_02_mir/recover-20220922/UBNA_001/20220921_090000.WAV,Telephone Field,recover-20220922,001,1795
1261.7275,1261.7656,68437,81478,Rhinolophus ferrumequinum,0.023,0.023,-1,Echolocation,/mnt/ubna_data_02_mir/recover-20220922/UBNA_001/20220921_090000.WAV,Telephone Field,recover-20220922,001,1795
1261.7505,1261.7586,44375,52800,Pipistrellus pipistrellus,0.019,0.024,-1,Echolocation,/mnt/ubna_data_02_mir/recover-20220922/UBNA_001/20220921_090000.WAV,Telephone Field,recover-20220922,001,1795
1261.7855,1261.823,68437,82133,Rhinolophus ferrumequinum,0.023,0.023,-1,Echolocation,/mnt/ubna_data_02_mir/recover-20220922/UBNA_001/20220921_090000.WAV,Telephone Field,recover-20220922,001,1795
1261.7945,1261.8038,23750,31083,Nyctalus leisleri,0.007,0.023,-1,Echolocation,/mnt/ubna_data_02_mir/recover-20220922/UBNA_001/20220921_090000.WAV,Telephone Field,recover-20220922,001,1795
1261.8075,1261.8439,68437,81555,Rhinolophus ferrumequinum,0.026,0.026,-1,Echolocation,/mnt/ubna_data_02_mir/recover-20220922/UBNA_001/20220921_090000.WAV,Telephone Field,recover-20220922,001,1795
1261.8335,1261.8748,68437,82980,Rhinolophus ferrumequinum,0.025,0.025,-1,Echolocation,/mnt/ubna_data_02_mir/recover-20220922/UBNA_001/20220921_090000.WAV,Telephone Field,recover-20220922,001,1795
1261.8405,1261.8833,68437,82570,Rhinolophus ferrumequinum,0.024,0.024,-1,Echolocation,/mnt/ubna_data_02_mir/recover-20220922/UBNA_001/20220921_090000.WAV,Telephone Field,recover-20220922,001,1795
1261.8415,1261.85,28046,39145,Eptesicus serotinus,0.009,0.023,-1,Echolocation,/mnt/ubna_data_02_mir/recover-20220922/UBNA_001/20220921_090000.WAV,Telephone Field,recover-20220922,001,1795
1261.8515,1261.8617,48671,52784,Pipistrellus pipistrellus,0.026,0.03,-1,Echolocation,/mnt/ubna_data_02_mir/recover-20220922/UBNA_001/20220921_090000.WAV,Telephone Field,recover-20220922,001,1795
1261.8885,1261.925,68437,81299,Rhinolophus ferrumequinum,0.023,0.023,-1,Echolocation,/mnt/ubna_data_02_mir/recover-20220922/UBNA_001/20220921_090000.WAV,Telephone Field,recover-20220922,001,1795
1261.9015,1261.9397,68437,82227,Rhinolophus ferrumequinum,0.024,0.024,-1,Echolocation,/mnt/ubna_data_02_mir/recover-20220922/UBNA_001/20220921_090000.WAV,Telephone Field,recover-20220922,001,1795
1261.9355,1261.9438,27187,38082,Eptesicus serotinus,0.007,0.026,-1,Echolocation,/mnt/ubna_data_02_mir/recover-20220922/UBNA_001/20220921_090000.WAV,Telephone Field,recover-20220922,001,1795
1261.9365,1261.9449,22890,30747,Plecotus austriacus,0.011,0.024,-1,Echolocation,/mnt/ubna_data_02_mir/recover-20220922/UBNA_001/20220921_090000.WAV,Telephone Field,recover-20220922,001,1795
1261.9545,1261.9928,68437,82044,Rhinolophus ferrumequinum,0.035,0.035,-1,Echolocation,/mnt/ubna_data_02_mir/recover-20220922/UBNA_001/20220921_090000.WAV,Telephone Field,recover-20220922,001,1795
1262.0015,1262.0101,26328,33810,Nyctalus leisleri,0.008,0.027,-1,Echolocation,/mnt/ubna_data_02_mir/recover-20220922/UBNA_001/20220921_090000.WAV,Telephone Field,recover-20220922,001,1795
1262.0015,1262.0351,68437,80010,Rhinolophus ferrumequinum,0.032,0.033,-1,Echolocation,/mnt/ubna_data_02_mir/recover-20220922/UBNA_001/20220921_090000.WAV,Telephone Field,recover-20220922,001,1795
1262.0095,1262.048,68437,82014,Rhinolophus ferrumequinum,0.02,0.021,-1,Echolocation,/mnt/ubna_data_02_mir/recover-20220922/UBNA_001/20220921_090000.WAV,Telephone Field,recover-20220922,001,1795
1262.0205,1262.0337,52968,56826,Pipistrellus pygmaeus,0.03,0.033,-1,Echolocation,/mnt/ubna_data_02_mir/recover-20220922/UBNA_001/20220921_090000.WAV,Telephone Field,recover-20220922,001,1795
1262.0465,1262.0599,28046,33172,Eptesicus serotinus,0.05,0.086,-1,Echolocation,/mnt/ubna_data_02_mir/recover-20220922/UBNA_001/20220921_090000.WAV,Telephone Field,recover-20220922,001,1795
1262.0705,1262.0777,26328,36747,Eptesicus serotinus,0.007,0.023,-1,Echolocation,/mnt/ubna_data_02_mir/recover-20220922/UBNA_001/20220921_090000.WAV,Telephone Field,recover-20220922,001,1795
1262.1185,1262.1573,68437,82314,Rhinolophus ferrumequinum,0.021,0.021,-1,Echolocation,/mnt/ubna_data_02_mir/recover-20220922/UBNA_001/20220921_090000.WAV,Telephone Field,recover-20220922,001,1795
1262.1475,1262.1859,68437,82169,Rhinolophus ferrumequinum,0.031,0.031,-1,Echolocation,/mnt/ubna_data_02_mir/recover-20220922/UBNA_001/20220921_090000.WAV,Telephone Field,recover-20220922,001,1795
1262.1565,1262.1663,28906,37770,Eptesicus serotinus,0.009,0.023,-1,Echolocation,/mnt/ubna_data_02_mir/recover-20220922/UBNA_001/20220921_090000.WAV,Telephone Field,recover-20220922,001,1795
1262.1755,1262.2172,68437,82713,Rhinolophus ferrumequinum,0.026,0.026,-1,Echolocation,/mnt/ubna_data_02_mir/recover-20220922/UBNA_001/20220921_090000.WAV,Telephone Field,recover-20220922,001,1795
1262.2165,1262.2514,68437,81457,Rhinolophus ferrumequinum,0.021,0.021,-1,Echolocation,/mnt/ubna_data_02_mir/recover-20220922/UBNA_001/20220921_090000.WAV,Telephone Field,recover-20220922,001,1795
1262.2385,1262.2757,68437,82197,Rhinolophus ferrumequinum,0.023,0.023,-1,Echolocation,/mnt/ubna_data_02_mir/recover-20220922/UBNA_001/20220921_090000.WAV,Telephone Field,recover-20220922,001,1795
1262.2415,1262.2515,23750,30759,Nyctalus leisleri,0.008,0.027,-1,Echolocation,/mnt/ubna_data_02_mir/recover-20220922/UBNA_001/20220921_090000.WAV,Telephone Field,recover-20220922,001,1795
1262.2865,1262.3254,68437,81351,Rhinolophus ferrumequinum,0.021,0.021,-1,Echolocation,/mnt/ubna_data_02_mir/recover-20220922/UBNA_001/20220921_090000.WAV,Telephone Field,recover-20220922,001,1795
1262.3265,1262.3685,68437,82678,Rhinolophus ferrumequinum,0.032,0.033,-1,Echolocation,/mnt/ubna_data_02_mir/recover-20220922/UBNA_001/20220921_090000.WAV,Telephone Field,recover-20220922,001,1795
1262.3705,1262.3809,27187,34854,Eptesicus serotinus,0.011,0.024,-1,Echolocation,/mnt/ubna_data_02_mir/recover-20220922/UBNA_001/20220921_090000.WAV,Telephone Field,recover-20220922,001,1795
1262.3835,1262.4235,68437,83251,Rhinolophus ferrumequinum,0.028,0.029,-1,Echolocation,/mnt/ubna_data_02_mir/recover-20220922/UBNA_001/20220921_090000.WAV,Telephone Field,recover-20220922,001,1795
1262.4035,1262.4425,68437,82279,Rhinolophus ferrumequinum,0.021,0.021,-1,Echolocation,/mnt/ubna_data_02_mir/recover-20220922/UBNA_001/20220921_090000.WAV,Telephone Field,recover-20220922,001,1795
1262.4165,1262.457,68437,82145,Rhinolophus ferrumequinum,0.026,0.026,-1,Echolocation,/mnt/ubna_data_02_mir/recover-20220922/UBNA_001/20220921_090000.WAV,Telephone Field,recover-20220922,001,1795
1262.4505,1262.4596,26328,37029,Eptesicus serotinus,0.008,0.021,-1,Echolocation,/mnt/ubna_data_02_mir/recover-20220922/UBNA_001/20220921_090000.WAV,Telephone Field,recover-20220922,001,1795
1262.4855,1262.5269,68437,81980,Rhinolophus ferrumequinum,0.027,0.027,-1,Echolocation,/mnt/ubna_data_02_mir/recover-20220922/UBNA_001/20220921_090000.WAV,Telephone Field,recover-20220922,001,1795
1262.5415,1262.5527,28906,35196,Eptesicus serotinus,0.013,0.025,-1,Echolocation,/mnt/ubna_data_02_mir/recover-20220922/UBNA_001/20220921_090000.WAV,Telephone Field,recover-20220922,001,1795
1262.5495,1262.5907,68437,82516,Rhinolophus ferrumequinum,0.023,0.023,-1,Echolocation,/mnt/ubna_data_02_mir/recover-20220922/UBNA_001/20220921_090000.WAV,Telephone Field,recover-20220922,001,1795
1262.5525,1262.5622,28906,37899,Eptesicus serotinus,0.008,0.021,-1,Echolocation,/mnt/ubna_data_02_mir/recover-20220922/UBNA_001/20220921_090000.WAV,Telephone Field,recover-20220922,001,1795
1262.5795,1262.6215,68437,83016,Rhinolophus ferrumequinum,0.028,0.028,-1,Echolocation,/mnt/ubna_data_02_mir/recover-20220922/UBNA_001/20220921_090000.WAV,Telephone Field,recover-20220922,001,1795
1262.5865,1262.6259,68437,82727,Rhinolophus ferrumequinum,0.025,0.025,-1,Echolocation,/mnt/ubna_data_02_mir/recover-20220922/UBNA_001/20220921_090000.WAV,Telephone Field,recover-20220922,001,1795
1262.5925,1262.6025,23750,29542,Nyctalus leisleri,0.009,0.023,-1,Echolocation,/mnt/ubna_data_02_mir/recover-20220922/UBNA_001/20220921_090000.WAV,Telephone Field,recover-20220922,001,1795
1262.6095,1262.6453,68437,81714,Rhinolophus ferrumequinum,0.02,0.02,-1,Echolocation,/mnt/ubna_data_02_mir/recover-20220922/UBNA_001/20220921_090000.WAV,Telephone Field,recover-20220922,001,1795
1262.6175,1262.626,28046,40553,Eptesicus serotinus,0.011,0.028,-1,Echolocation,/mnt/ubna_data_02_mir/recover-20220922/UBNA_001/20220921_090000.WAV,Telephone Field,recover-20220922,001,1795
1262.6425,1262.6798,68437,81773,Rhinolophus ferrumequinum,0.02,0.02,-1,Echolocation,/mnt/ubna_data_02_mir/recover-20220922/UBNA_001/20220921_090000.WAV,Telephone Field,recover-20220922,001,1795
1262.6525,1262.6934,68437,82771,Rhinolophus ferrumequinum,0.021,0.021,-1,Echolocation,/mnt/ubna_data_02_mir/recover-20220922/UBNA_001/20220921_090000.WAV,Telephone Field,recover-20220922,001,1795
1262.6735,1262.7113,68437,82597,Rhinolophus ferrumequinum,0.021,0.021,-1,Echolocation,/mnt/ubna_data_02_mir/recover-20220922/UBNA_001/20220921_090000.WAV,Telephone Field,recover-20220922,001,1795
1262.7035,1262.7122,28906,37177,Eptesicus serotinus,0.008,0.024,-1,Echolocation,/mnt/ubna_data_02_mir/recover-20220922/UBNA_001/20220921_090000.WAV,Telephone Field,recover-20220922,001,1795
1262.7245,1262.762,68437,82376,Rhinolophus ferrumequinum,0.023,0.023,-1,Echolocation,/mnt/ubna_data_02_mir/recover-20220922/UBNA_001/20220921_090000.WAV,Telephone Field,recover-20220922,001,1795
1262.7495,1262.7884,68437,81942,Rhinolophus ferrumequinum,0.023,0.023,-1,Echolocation,/mnt/ubna_data_02_mir/recover-20220922/UBNA_001/20220921_090000.WAV,Telephone Field,recover-20220922,001,1795
1262.7735,1262.8123,68437,82366,Rhinolophus ferrumequinum,0.021,0.021,-1,Echolocation,/mnt/ubna_data_02_mir/recover-20220922/UBNA_001/20220921_090000.WAV,Telephone Field,recover-20220922,001,1795
1262.7875,1262.8245,68437,81501,Rhinolophus ferrumequinum,0.02,0.02,-1,Echolocation,/mnt/ubna_data_02_mir/recover-20220922/UBNA_001/20220921_090000.WAV,Telephone Field,recover-20220922,001,1795
1262.7965,1262.806,25468,33694,Eptesicus serotinus,0.007,0.02,-1,Echolocation,/mnt/ubna_data_02_mir/recover-20220922/UBNA_001/20220921_090000.WAV,Telephone Field,recover-20220922,001,1795
1262.8035,1262.8124,28046,36483,Eptesicus serotinus,0.007,0.02,-1,Echolocation,/mnt/ubna_data_02_mir/recover-20220922/UBNA_001/20220921_090000.WAV,Telephone Field,recover-20220922,001,1795
1262.8165,1262.8565,68437,82060,Rhinolophus ferrumequinum,0.025,0.025,-1,Echolocation,/mnt/ubna_data_02_mir/recover-20220922/UBNA_001/20220921_090000.WAV,Telephone Field,recover-20220922,001,1795
1262.8275,1262.8669,68437,82448,Rhinolophus ferrumequinum,0.023,0.023,-1,Echolocation,/mnt/ubna_data_02_mir/recover-20220922/UBNA_001/20220921_090000.WAV,Telephone Field,recover-20220922,001,1795
1262.8545,1262.8965,68437,82916,Rhinolophus ferrumequinum,0.023,0.023,-1,Echolocation,/mnt/ubna_data_02_mir/recover-20220922/UBNA_001/20220921_090000.WAV,Telephone Field,recover-20220922,001,1795
1262.8575,1262.866,26328,34745,Eptesicus serotinus,0.01,0.024,-1,Echolocation,/mnt/ubna_data_02_mir/recover-20220922/UBNA_001/20220921_090000.WAV,Telephone Field,recover-20220922,001,1795
1262.9125,1262.9528,68437,82439,Rhinolophus ferrumequinum,0.023,0.023,-1,Echolocation,/mnt/ubna_data_02_mir/recover-20220922/UBNA_001/20220921_090000.WAV,Telephone Field,recover-20220922,001,1795
1262.9215,1262.9621,68437,82498,Rhinolophus ferrumequinum,0.028,0.028,-1,Echolocation,/mnt/ubna_data_02_mir/recover-20220922/UBNA_001/20220921_090000.WAV,Telephone Field,recover-20220922,001,1795
1262.9665,1263.0028,68437,81953,Rhinolophus ferrumequinum,0.02,0.02,-1,Echolocation,/mnt/ubna_data_02_mir/recover-20220922/UBNA_001/20220921_090000.WAV,Telephone Field,recover-20220922,001,1795
1262.9685,1262.9873,20312,23506,Nyctalus leisleri,0.016,0.028,-1,Echolocation,/mnt/ubna_data_02_mir/recover-20220922/UBNA_001/20220921_090000.WAV,Telephone Field,recover-20220922,001,1795
1262.9785,1263.0154,68437,82317,Rhinolophus ferrumequinum,0.022,0.022,-1,Echolocation,/mnt/ubna_data_02_mir/recover-20220922/UBNA_001/20220921_090000.WAV,Telephone Field,recover-20220922,001,1795
1263.0235,1263.0616,68437,81511,Rhinolophus ferrumequinum,0.02,0.02,-1,Echolocation,/mnt/ubna_data_02_mir/recover-20220922/UBNA_001/20220921_090000.WAV,Telephone Field,recover-20220922,001,1795
1263.0635,1263.1029,68437,82901,Rhinolophus ferrumequinum,0.03,0.03,-1,Echolocation,/mnt/ubna_data_02_mir/recover-20220922/UBNA_001/20220921_090000.WAV,Telephone Field,recover-20220922,001,1795
1263.0705,1263.1056,68437,81923,Rhinolophus ferrumequinum,0.021,0.022,-1,Echolocation,/mnt/ubna_data_02_mir/recover-20220922/UBNA_001/20220921_090000.WAV,Telephone Field,recover-20220922,001,1795
1263.0885,1263.1293,68437,82546,Rhinolophus ferrumequinum,0.037,0.037,-1,Echolocation,/mnt/ubna_data_02_mir/recover-20220922/UBNA_001/20220921_090000.WAV,Telephone Field,recover-20220922,001,1795
1263.1025,1263.1395,68437,81884,Rhinolophus ferrumequinum,0.021,0.021,-1,Echolocation,/mnt/ubna_data_02_mir/recover-20220922/UBNA_001/20220921_090000.WAV,Telephone Field,recover-20220922,001,1795
1263.1195,1263.1576,68437,81637,Rhinolophus ferrumequinum,0.025,0.025,-1,Echolocation,/mnt/ubna_data_02_mir/recover-20220922/UBNA_001/20220921_090000.WAV,Telephone Field,recover-20220922,001,1795
1263.1245,1263.1329,23750,31471,Plecotus austriacus,0.007,0.021,-1,Echolocation,/mnt/ubna_data_02_mir/recover-20220922/UBNA_001/20220921_090000.WAV,Telephone Field,recover-20220922,001,1795
1263.1515,1263.1915,68437,82693,Rhinolophus ferrumequinum,0.026,0.026,-1,Echolocation,/mnt/ubna_data_02_mir/recover-20220922/UBNA_001/20220921_090000.WAV,Telephone Field,recover-20220922,001,1795
1263.1735,1263.2184,68437,83845,Rhinolophus ferrumequinum,0.047,0.048,-1,Echolocation,/mnt/ubna_data_02_mir/recover-20220922/UBNA_001/20220921_090000.WAV,Telephone Field,recover-20220922,001,1795
1263.1825,1263.1905,24609,32041,Eptesicus serotinus,0.006,0.02,-1,Echolocation,/mnt/ubna_data_02_mir/recover-20220922/UBNA_001/20220921_090000.WAV,Telephone Field,recover-20220922,001,1795
1263.2005,1263.2104,28046,35324,Eptesicus serotinus,0.008,0.021,-1,Echolocation,/mnt/ubna_data_02_mir/recover-20220922/UBNA_001/20220921_090000.WAV,Telephone Field,recover-20220922,001,1795
1263.2175,1263.2308,22031,25864,Nyctalus leisleri,0.015,0.025,-1,Echolocation,/mnt/ubna_data_02_mir/recover-20220922/UBNA_001/20220921_090000.WAV,Telephone Field,recover-20220922,001,1795
1263.2415,1263.2518,22890,27505,Nyctalus leisleri,0.012,0.022,-1,Echolocation,/mnt/ubna_data_02_mir/recover-20220922/UBNA_001/20220921_090000.WAV,Telephone Field,recover-20220922,001,1795
1263.2585,1263.2928,68437,81726,Rhinolophus ferrumequinum,0.022,0.023,-1,Echolocation,/mnt/ubna_data_02_mir/recover-20220922/UBNA_001/20220921_090000.WAV,Telephone Field,recover-20220922,001,1795
1263.2645,1263.3023,68437,81511,Rhinolophus ferrumequinum,0.022,0.022,-1,Echolocation,/mnt/ubna_data_02_mir/recover-20220922/UBNA_001/20220921_090000.WAV,Telephone Field,recover-20220922,001,1795
1263.2725,1263.2803,28046,38777,Eptesicus serotinus,0.006,0.022,-1,Echolocation,/mnt/ubna_data_02_mir/recover-20220922/UBNA_001/20220921_090000.WAV,Telephone Field,recover-20220922,001,1795
1263.2915,1263.3015,25468,32077,Eptesicus serotinus,0.009,0.022,-1,Echolocation,/mnt/ubna_data_02_mir/recover-20220922/UBNA_001/20220921_090000.WAV,Telephone Field,recover-20220922,001,1795
1263.2925,1263.3349,68437,83210,Rhinolophus ferrumequinum,0.038,0.038,-1,Echolocation,/mnt/ubna_data_02_mir/recover-20220922/UBNA_001/20220921_090000.WAV,Telephone Field,recover-20220922,001,1795
1263.2995,1263.338,68437,81340,Rhinolophus ferrumequinum,0.023,0.023,-1,Echolocation,/mnt/ubna_data_02_mir/recover-20220922/UBNA_001/20220921_090000.WAV,Telephone Field,recover-20220922,001,1795
1263.3075,1263.3447,68437,81055,Rhinolophus ferrumequinum,0.021,0.021,-1,Echolocation,/mnt/ubna_data_02_mir/recover-20220922/UBNA_001/20220921_090000.WAV,Telephone Field,recover-20220922,001,1795
1263.3235,1263.3635,68437,82246,Rhinolophus ferrumequinum,0.025,0.025,-1,Echolocation,/mnt/ubna_data_02_mir/recover-20220922/UBNA_001/20220921_090000.WAV,Telephone Field,recover-20220922,001,1795
1263.3525,1263.3893,68437,81701,Rhinolophus ferrumequinum,0.02,0.02,-1,Echolocation,/mnt/ubna_data_02_mir/recover-20220922/UBNA_001/20220921_090000.WAV,Telephone Field,recover-20220922,001,1795
1263.3775,1263.416,68437,81772,Rhinolophus ferrumequinum,0.022,0.022,-1,Echolocation,/mnt/ubna_data_02_mir/recover-20220922/UBNA_001/20220921_090000.WAV,Telephone Field,recover-20220922,001,1795
1263.4095,1263.4477,68437,81876,Rhinolophus ferrumequinum,0.023,0.023,-1,Echolocation,/mnt/ubna_data_02_mir/recover-20220922/UBNA_001/20220921_090000.WAV,Telephone Field,recover-20220922,001,1795
1263.4145,1263.4213,28906,43880,Eptesicus serotinus,0.008,0.026,-1,Echolocation,/mnt/ubna_data_02_mir/recover-20220922/UBNA_001/20220921_090000.WAV,Telephone Field,recover-20220922,001,1795
1263.4275,1263.4688,68437,82586,Rhinolophus ferrumequinum,0.024,0.024,-1,Echolocation,/mnt/ubna_data_02_mir/recover-20220922/UBNA_001/20220921_090000.WAV,Telephone Field,recover-20220922,001,1795
1263.4525,1263.4904,68437,82198,Rhinolophus ferrumequinum,0.021,0.021,-1,Echolocation,/mnt/ubna_data_02_mir/recover-20220922/UBNA_001/20220921_090000.WAV,Telephone Field,recover-20220922,001,1795
1263.4945,1263.5322,68437,81797,Rhinolophus ferrumequinum,0.022,0.022,-1,Echolocation,/mnt/ubna_data_02_mir/recover-20220922/UBNA_001/20220921_090000.WAV,Telephone Field,recover-20220922,001,1795
1263.5175,1263.5524,68437,81473,Rhinolophus ferrumequinum,0.02,0.021,-1,Echolocation,/mnt/ubna_data_02_mir/recover-20220922/UBNA_001/20220921_090000.WAV,Telephone Field,recover-20220922,001,1795
1263.5275,1263.5348,28046,39857,Eptesicus serotinus,0.008,0.022,-1,Echolocation,/mnt/ubna_data_02_mir/recover-20220922/UBNA_001/20220921_090000.WAV,Telephone Field,recover-20220922,001,1795
1263.5305,1263.5652,68437,81594,Rhinolophus ferrumequinum,0.021,0.021,-1,Echolocation,/mnt/ubna_data_02_mir/recover-20220922/UBNA_001/20220921_090000.WAV,Telephone Field,recover-20220922,001,1795
1263.5695,1263.6088,68437,82437,Rhinolophus ferrumequinum,0.02,0.02,-1,Echolocation,/mnt/ubna_data_02_mir/recover-20220922/UBNA_001/20220921_090000.WAV,Telephone Field,recover-20220922,001,1795
1263.5975,1263.6374,68437,81718,Rhinolophus ferrumequinum,0.025,0.025,-1,Echolocation,/mnt/ubna_data_02_mir/recover-20220922/UBNA_001/20220921_090000.WAV,Telephone Field,recover-20220922,001,1795
1263.6315,1263.6384,28046,41676,Eptesicus serotinus,0.007,0.024,-1,Echolocation,/mnt/ubna_data_02_mir/recover-20220922/UBNA_001/20220921_090000.WAV,Telephone Field,recover-20220922,001,1795
1263.6495,1263.684,68437,81209,Rhinolophus ferrumequinum,0.021,0.021,-1,Echolocation,/mnt/ubna_data_02_mir/recover-20220922/UBNA_001/20220921_090000.WAV,Telephone Field,recover-20220922,001,1795
1263.6565,1263.668,22031,26409,Nyctalus leisleri,0.011,0.023,-1,Echolocation,/mnt/ubna_data_02_mir/recover-20220922/UBNA_001/20220921_090000.WAV,Telephone Field,recover-20220922,001,1795
1263.7015,1263.7394,68437,82001,Rhinolophus ferrumequinum,0.021,0.021,-1,Echolocation,/mnt/ubna_data_02_mir/recover-20220922/UBNA_001/20220921_090000.WAV,Telephone Field,recover-20220922,001,1795
1263.7425,1263.7502,28046,38105,Eptesicus serotinus,0.006,0.02,-1,Echolocation,/mnt/ubna_data_02_mir/recover-20220922/UBNA_001/20220921_090000.WAV,Telephone Field,recover-20220922,001,1795
1263.7425,1263.7581,19453,24249,Nyctalus noctula,0.017,0.035,-1,Echolocation,/mnt/ubna_data_02_mir/recover-20220922/UBNA_001/20220921_090000.WAV,Telephone Field,recover-20220922,001,1795
1263.7665,1263.8055,68437,82490,Rhinolophus ferrumequinum,0.028,0.028,-1,Echolocation,/mnt/ubna_data_02_mir/recover-20220922/UBNA_001/20220921_090000.WAV,Telephone Field,recover-20220922,001,1795
1263.7795,1263.8126,68437,80965,Rhinolophus ferrumequinum,0.02,0.02,-1,Echolocation,/mnt/ubna_data_02_mir/recover-20220922/UBNA_001/20220921_090000.WAV,Telephone Field,recover-20220922,001,1795
1263.7975,1263.8383,68437,82422,Rhinolophus ferrumequinum,0.021,0.021,-1,Echolocation,/mnt/ubna_data_02_mir/recover-20220922/UBNA_001/20220921_090000.WAV,Telephone Field,recover-20220922,001,1795
1263.8035,1263.813,28046,36489,Eptesicus serotinus,0.008,0.022,-1,Echolocation,/mnt/ubna_data_02_mir/recover-20220922/UBNA_001/20220921_090000.WAV,Telephone Field,recover-20220922,001,1795
1263.8425,1263.8818,68437,81726,Rhinolophus ferrumequinum,0.021,0.021,-1,Echolocation,/mnt/ubna_data_02_mir/recover-20220922/UBNA_001/20220921_090000.WAV,Telephone Field,recover-20220922,001,1795
1263.8505,1263.8867,68437,81595,Rhinolophus ferrumequinum,0.021,0.021,-1,Echolocation,/mnt/ubna_data_02_mir/recover-20220922/UBNA_001/20220921_090000.WAV,Telephone Field,recover-20220922,001,1795
1263.8865,1263.9243,68437,81478,Rhinolophus ferrumequinum,0.021,0.021,-1,Echolocation,/mnt/ubna_data_02_mir/recover-20220922/UBNA_001/20220921_090000.WAV,Telephone Field,recover-20220922,001,1795
1263.8995,1263.9065,28046,39031,Eptesicus serotinus,0.006,0.02,-1,Echolocation,/mnt/ubna_data_02_mir/recover-20220922/UBNA_001/20220921_090000.WAV,Telephone Field,recover-20220922,001,1795
1263.9085,1263.9169,47812,51955,Pipistrellus pipistrellus,0.021,0.022,-1,Echolocation,/mnt/ubna_data_02_mir/recover-20220922/UBNA_001/20220921_090000.WAV,Telephone Field,recover-20220922,001,1795
1263.9485,1263.9571,23750,31125,Plecotus austriacus,0.007,0.02,-1,Echolocation,/mnt/ubna_data_02_mir/recover-20220922/UBNA_001/20220921_090000.WAV,Telephone Field,recover-20220922,001,1795
1263.9485,1263.9911,68437,82840,Rhinolophus ferrumequinum,0.027,0.027,-1,Echolocation,/mnt/ubna_data_02_mir/recover-20220922/UBNA_001/20220921_090000.WAV,Telephone Field,recover-20220922,001,1795
1264.0015,1264.0118,22031,27134,Nyctalus leisleri,0.018,0.037,-1,Echolocation,/mnt/ubna_data_02_mir/recover-20220922/UBNA_001/20220921_090000.WAV,Telephone Field,recover-20220922,001,1795
1264.0015,1264.0353,69296,81178,Rhinolophus ferrumequinum,0.027,0.027,-1,Echolocation,/mnt/ubna_data_02_mir/recover-20220922/UBNA_001/20220921_090000.WAV,Telephone Field,recover-20220922,001,1795
1264.0015,1264.011,47812,53213,Pipistrellus pipistrellus,0.015,0.021,-1,Echolocation,/mnt/ubna_data_02_mir/recover-20220922/UBNA_001/20220921_090000.WAV,Telephone Field,recover-20220922,001,1795
1264.0385,1264.0463,28046,39471,Eptesicus serotinus,0.008,0.021,-1,Echolocation,/mnt/ubna_data_02_mir/recover-20220922/UBNA_001/20220921_090000.WAV,Telephone Field,recover-20220922,001,1795
1264.0555,1264.0946,68437,82366,Rhinolophus ferrumequinum,0.022,0.022,-1,Echolocation,/mnt/ubna_data_02_mir/recover-20220922/UBNA_001/20220921_090000.WAV,Telephone Field,recover-20220922,001,1795
1264.0745,1264.1139,68437,82298,Rhinolophus ferrumequinum,0.023,0.023,-1,Echolocation,/mnt/ubna_data_02_mir/recover-20220922/UBNA_001/20220921_090000.WAV,Telephone Field,recover-20220922,001,1795
1264.1075,1264.1152,28046,39695,Eptesicus serotinus,0.009,0.024,-1,Echolocation,/mnt/ubna_data_02_mir/recover-20220922/UBNA_001/20220921_090000.WAV,Telephone Field,recover-20220922,001,1795
1264.1805,1264.218,68437,81859,Rhinolophus ferrumequinum,0.022,0.022,-1,Echolocation,/mnt/ubna_data_02_mir/recover-20220922/UBNA_001/20220921_090000.WAV,Telephone Field,recover-20220922,001,1795
1264.1885,1264.2277,68437,81751,Rhinolophus ferrumequinum,0.023,0.023,-1,Echolocation,/mnt/ubna_data_02_mir/recover-20220922/UBNA_001/20220921_090000.WAV,Telephone Field,recover-20220922,001,1795
1264.2135,1264.2567,68437,83496,Rhinolophus ferrumequinum,0.022,0.022,-1,Echolocation,/mnt/ubna_data_02_mir/recover-20220922/UBNA_001/20220921_090000.WAV,Telephone Field,recover-20220922,001,1795
1264.2275,1264.264,68437,81474,Rhinolophus ferrumequinum,0.02,0.02,-1,Echolocation,/mnt/ubna_data_02_mir/recover-20220922/UBNA_001/20220921_090000.WAV,Telephone Field,recover-20220922,001,1795
1264.2425,1264.2767,68437,81250,Rhinolophus ferrumequinum,0.02,0.02,-1,Echolocation,/mnt/ubna_data_02_mir/recover-20220922/UBNA_001/20220921_090000.WAV,Telephone Field,recover-20220922,001,1795
1264.2785,1264.3152,68437,81675,Rhinolophus ferrumequinum,0.021,0.021,-1,Echolocation,/mnt/ubna_data_02_mir/recover-20220922/UBNA_001/20220921_090000.WAV,Telephone Field,recover-20220922,001,1795
1264.3465,1264.3542,24609,32898,Plecotus austriacus,0.007,0.025,-1,Echolocation,/mnt/ubna_data_02_mir/recover-20220922/UBNA_001/20220921_090000.WAV,Telephone Field,recover-20220922,001,1795
1264.3635,1264.3726,33203,39932,Barbastellus barbastellus,0.012,0.031,-1,Echolocation,/mnt/ubna_data_02_mir/recover-20220922/UBNA_001/20220921_090000.WAV,Telephone Field,recover-20220922,001,1795
1264.3695,1264.4108,68437,82656,Rhinolophus ferrumequinum,0.022,0.022,-1,Echolocation,/mnt/ubna_data_02_mir/recover-20220922/UBNA_001/20220921_090000.WAV,Telephone Field,recover-20220922,001,1795
1264.3985,1264.4378,68437,82649,Rhinolophus ferrumequinum,0.026,0.026,-1,Echolocation,/mnt/ubna_data_02_mir/recover-20220922/UBNA_001/20220921_090000.WAV,Telephone Field,recover-20220922,001,1795
1264.4615,1264.4721,24609,30549,Nyctalus leisleri,0.007,0.02,-1,Echolocation,/mnt/ubna_data_02_mir/recover-20220922/UBNA_001/20220921_090000.WAV,Telephone Field,recover-20220922,001,1795
1264.4705,1264.5019,68437,80237,Rhinolophus ferrumequinum,0.021,0.021,-1,Echolocation,/mnt/ubna_data_02_mir/recover-20220922/UBNA_001/20220921_090000.WAV,Telephone Field,recover-20220922,001,1795
1264.4845,1264.4918,27187,45995,Eptesicus serotinus,0.007,0.02,-1,Echolocation,/mnt/ubna_data_02_mir/recover-20220922/UBNA_001/20220921_090000.WAV,Telephone Field,recover-20220922,001,1795
1264.4865,1264.5253,68437,82088,Rhinolophus ferrumequinum,0.023,0.023,-1,Echolocation,/mnt/ubna_data_02_mir/recover-20220922/UBNA_001/20220921_090000.WAV,Telephone Field,recover-20220922,001,1795
1264.5275,1264.5665,68437,82150,Rhinolophus ferrumequinum,0.02,0.02,-1,Echolocation,/mnt/ubna_data_02_mir/recover-20220922/UBNA_001/20220921_090000.WAV,Telephone Field,recover-20220922,001,1795
1264.5595,1264.5704,22890,28512,Nyctalus leisleri,0.009,0.021,-1,Echolocation,/mnt/ubna_data_02_mir/recover-20220922/UBNA_001/20220921_090000.WAV,Telephone Field,recover-20220922,001,1795
1264.5715,1264.6072,68437,82220,Rhinolophus ferrumequinum,0.021,0.021,-1,Echolocation,/mnt/ubna_data_02_mir/recover-20220922/UBNA_001/20220921_090000.WAV,Telephone Field,recover-20220922,001,1795
1264.5895,1264.6301,68437,82439,Rhinolophus ferrumequinum,0.023,0.023,-1,Echolocation,/mnt/ubna_data_02_mir/recover-20220922/UBNA_001/20220921_090000.WAV,Telephone Field,recover-20220922,001,1795
1264.6135,1264.6515,68437,82494,Rhinolophus ferrumequinum,0.02,0.02,-1,Echolocation,/mnt/ubna_data_02_mir/recover-20220922/UBNA_001/20220921_090000.WAV,Telephone Field,recover-20220922,001,1795
1264.6245,1264.6623,68437,81571,Rhinolophus ferrumequinum,0.021,0.021,-1,Echolocation,/mnt/ubna_data_02_mir/recover-20220922/UBNA_001/20220921_090000.WAV,Telephone Field,recover-20220922,001,1795
1264.6465,1264.6832,68437,81489,Rhinolophus ferrumequinum,0.022,0.022,-1,Echolocation,/mnt/ubna_data_02_mir/recover-20220922/UBNA_001/20220921_090000.WAV,Telephone Field,recover-20220922,001,1795
1264.6555,1264.6941,68437,82350,Rhinolophus ferrumequinum,0.021,0.021,-1,Echolocation,/mnt/ubna_data_02_mir/recover-20220922/UBNA_001/20220921_090000.WAV,Telephone Field,recover-20220922,001,1795
1264.6635,1264.6732,23750,29984,Nyctalus leisleri,0.008,0.021,-1,Echolocation,/mnt/ubna_data_02_mir/recover-20220922/UBNA_001/20220921_090000.WAV,Telephone Field,recover-20220922,001,1795
1264.6665,1264.7054,68437,81556,Rhinolophus ferrumequinum,0.025,0.025,-1,Echolocation,/mnt/ubna_data_02_mir/recover-20220922/UBNA_001/20220921_090000.WAV,Telephone Field,recover-20220922,001,1795
1264.6925,1264.7333,68437,83279,Rhinolophus ferrumequinum,0.028,0.028,-1,Echolocation,/mnt/ubna_data_02_mir/recover-20220922/UBNA_001/20220921_090000.WAV,Telephone Field,recover-20220922,001,1795
1264.7095,1264.7549,68437,84054,Rhinolophus ferrumequinum,0.046,0.046,-1,Echolocation,/mnt/ubna_data_02_mir/recover-20220922/UBNA_001/20220921_090000.WAV,Telephone Field,recover-20220922,001,1795
1264.7225,1264.7309,28046,36440,Eptesicus serotinus,0.024,0.048,-1,Echolocation,/mnt/ubna_data_02_mir/recover-20220922/UBNA_001/20220921_090000.WAV,Telephone Field,recover-20220922,001,1795
1264.7425,1264.7773,68437,81281,Rhinolophus ferrumequinum,0.021,0.021,-1,Echolocation,/mnt/ubna_data_02_mir/recover-20220922/UBNA_001/20220921_090000.WAV,Telephone Field,recover-20220922,001,1795
1264.7735,1264.8133,68437,82210,Rhinolophus ferrumequinum,0.026,0.026,-1,Echolocation,/mnt/ubna_data_02_mir/recover-20220922/UBNA_001/20220921_090000.WAV,Telephone Field,recover-20220922,001,1795
1264.8075,1264.8158,28046,39408,Eptesicus serotinus,0.008,0.022,-1,Echolocation,/mnt/ubna_data_02_mir/recover-20220922/UBNA_001/20220921_090000.WAV,Telephone Field,recover-20220922,001,1795
1264.8115,1264.8493,68437,81917,Rhinolophus ferrumequinum,0.023,0.023,-1,Echolocation,/mnt/ubna_data_02_mir/recover-20220922/UBNA_001/20220921_090000.WAV,Telephone Field,recover-20220922,001,1795
1264.8365,1264.879,68437,83260,Rhinolophus ferrumequinum,0.041,0.041,-1,Echolocation,/mnt/ubna_data_02_mir/recover-20220922/UBNA_001/20220921_090000.WAV,Telephone Field,recover-20220922,001,1795
1264.8425,1264.8871,68437,83598,Rhinolophus ferrumequinum,0.036,0.036,-1,Echolocation,/mnt/ubna_data_02_mir/recover-20220922/UBNA_001/20220921_090000.WAV,Telephone Field,recover-20220922,001,1795
1264.8775,1264.9155,68437,82301,Rhinolophus ferrumequinum,0.023,0.023,-1,Echolocation,/mnt/ubna_data_02_mir/recover-20220922/UBNA_001/20220921_090000.WAV,Telephone Field,recover-20220922,001,1795
1264.8925,1264.9289,68437,81963,Rhinolophus ferrumequinum,0.024,0.024,-1,Echolocation,/mnt/ubna_data_02_mir/recover-20220922/UBNA_001/20220921_090000.WAV,Telephone Field,recover-20220922,001,1795
1264.8955,1264.9043,24609,32541,Eptesicus serotinus,0.007,0.02,-1,Echolocation,/mnt/ubna_data_02_mir/recover-20220922/UBNA_001/20220921_090000.WAV,Telephone Field,recover-20220922,001,1795
1264.9275,1264.9666,68437,82170,Rhinolophus ferrumequinum,0.021,0.021,-1,Echolocation,/mnt/ubna_data_02_mir/recover-20220922/UBNA_001/20220921_090000.WAV,Telephone Field,recover-20220922,001,1795
1264.9385,1264.9497,23750,28516,Nyctalus leisleri,0.013,0.025,-1,Echolocation,/mnt/ubna_data_02_mir/recover-20220922/UBNA_001/20220921_090000.WAV,Telephone Field,recover-20220922,001,1795
1264.9505,1264.9904,68437,82662,Rhinolophus ferrumequinum,0.026,0.026,-1,Echolocation,/mnt/ubna_data_02_mir/recover-20220922/UBNA_001/20220921_090000.WAV,Telephone Field,recover-20220922,001,1795
1265.0395,1265.078,68437,81741,Rhinolophus ferrumequinum,0.02,0.02,-1,Echolocation,/mnt/ubna_data_02_mir/recover-20220922/UBNA_001/20220921_090000.WAV,Telephone Field,recover-20220922,001,1795
1265.0925,1265.1285,68437,82329,Rhinolophus ferrumequinum,0.026,0.026,-1,Echolocation,/mnt/ubna_data_02_mir/recover-20220922/UBNA_001/20220921_090000.WAV,Telephone Field,recover-20220922,001,1795
1265.1195,1265.1591,68437,82200,Rhinolophus ferrumequinum,0.023,0.023,-1,Echolocation,/mnt/ubna_data_02_mir/recover-20220922/UBNA_001/20220921_090000.WAV,Telephone Field,recover-20220922,001,1795
1265.1295,1265.1732,68437,83042,Rhinolophus ferrumequinum,0.024,0.024,-1,Echolocation,/mnt/ubna_data_02_mir/recover-20220922/UBNA_001/20220921_090000.WAV,Telephone Field,recover-20220922,001,1795
1265.2475,1265.2552,23750,32405,Plecotus austriacus,0.009,0.024,-1,Echolocation,/mnt/ubna_data_02_mir/recover-20220922/UBNA_001/20220921_090000.WAV,Telephone Field,recover-20220922,001,1795
1265.2615,1265.3001,68437,82602,Rhinolophus ferrumequinum,0.02,0.02,-1,Echolocation,/mnt/ubna_data_02_mir/recover-20220922/UBNA_001/20220921_090000.WAV,Telephone Field,recover-20220922,001,1795
1265.2825,1265.2958,23750,29039,Nyctalus leisleri,0.014,0.032,-1,Echolocation,/mnt/ubna_data_02_mir/recover-20220922/UBNA_001/20220921_090000.WAV,Telephone Field,recover-20220922,001,1795
1265.2835,1265.3226,68437,83125,Rhinolophus ferrumequinum,0.031,0.031,-1,Echolocation,/mnt/ubna_data_02_mir/recover-20220922/UBNA_001/20220921_090000.WAV,Telephone Field,recover-20220922,001,1795
1265.3165,1265.3263,15156,20917,Nyctalus noctula,0.01,0.024,-1,Echolocation,/mnt/ubna_data_02_mir/recover-20220922/UBNA_001/20220921_090000.WAV,Telephone Field,recover-20220922,001,1795
1265.3185,1265.3548,68437,81958,Rhinolophus ferrumequinum,0.02,0.02,-1,Echolocation,/mnt/ubna_data_02_mir/recover-20220922/UBNA_001/20220921_090000.WAV,Telephone Field,recover-20220922,001,1795
1265.3495,1265.3588,28046,36086,Eptesicus serotinus,0.01,0.023,-1,Echolocation,/mnt/ubna_data_02_mir/recover-20220922/UBNA_001/20220921_090000.WAV,Telephone Field,recover-20220922,001,1795
1265.3525,1265.3919,68437,82416,Rhinolophus ferrumequinum,0.023,0.023,-1,Echolocation,/mnt/ubna_data_02_mir/recover-20220922/UBNA_001/20220921_090000.WAV,Telephone Field,recover-20220922,001,1795
1265.3835,1265.4205,68437,81956,Rhinolophus ferrumequinum,0.026,0.026,-1,Echolocation,/mnt/ubna_data_02_mir/recover-20220922/UBNA_001/20220921_090000.WAV,Telephone Field,recover-20220922,001,1795
1265.4185,1265.4603,68437,83436,Rhinolophus ferrumequinum,0.03,0.03,-1,Echolocation,/mnt/ubna_data_02_mir/recover-20220922/UBNA_001/20220921_090000.WAV,Telephone Field,recover-20220922,001,1795
1265.4275,1265.4357,28046,39074,Eptesicus serotinus,0.009,0.025,-1,Echolocation,/mnt/ubna_data_02_mir/recover-20220922/UBNA_001/20220921_090000.WAV,Telephone Field,recover-20220922,001,1795
1265.4525,1265.4925,68437,82949,Rhinolophus ferrumequinum,0.025,0.025,-1,Echolocation,/mnt/ubna_data_02_mir/recover-20220922/UBNA_001/20220921_090000.WAV,Telephone Field,recover-20220922,001,1795
1265.4555,1265.4679,22031,26831,Nyctalus leisleri,0.014,0.027,-1,Echolocation,/mnt/ubna_data_02_mir/recover-20220922/UBNA_001/20220921_090000.WAV,Telephone Field,recover-20220922,001,1795
1265.4795,1265.4866,28046,41677,Eptesicus serotinus,0.007,0.023,-1,Echolocation,/mnt/ubna_data_02_mir/recover-20220922/UBNA_001/20220921_090000.WAV,Telephone Field,recover-20220922,001,1795
1265.5065,1265.5448,68437,81683,Rhinolophus ferrumequinum,0.022,0.022,-1,Echolocation,/mnt/ubna_data_02_mir/recover-20220922/UBNA_001/20220921_090000.WAV,Telephone Field,recover-20220922,001,1795
1265.5465,1265.5845,68437,82557,Rhinolophus ferrumequinum,0.022,0.022,-1,Echolocation,/mnt/ubna_data_02_mir/recover-20220922/UBNA_001/20220921_090000.WAV,Telephone Field,recover-20220922,001,1795
1265.5815,1265.6191,68437,82225,Rhinolophus ferrumequinum,0.021,0.021,-1,Echolocation,/mnt/ubna_data_02_mir/recover-20220922/UBNA_001/20220921_090000.WAV,Telephone Field,recover-20220922,001,1795
1265.5905,1265.5997,27187,36014,Eptesicus serotinus,0.015,0.029,-1,Echolocation,/mnt/ubna_data_02_mir/recover-20220922/UBNA_001/20220921_090000.WAV,Telephone Field,recover-20220922,001,1795
1265.6195,1265.6564,68437,81627,Rhinolophus ferrumequinum,0.028,0.028,-1,Echolocation,/mnt/ubna_data_02_mir/recover-20220922/UBNA_001/20220921_090000.WAV,Telephone Field,recover-20220922,001,1795
1265.6315,1265.6477,22031,26003,Nyctalus leisleri,0.019,0.031,-1,Echolocation,/mnt/ubna_data_02_mir/recover-20220922/UBNA_001/20220921_090000.WAV,Telephone Field,recover-20220922,001,1795
1265.6365,1265.6744,68437,81965,Rhinolophus ferrumequinum,0.023,0.023,-1,Echolocation,/mnt/ubna_data_02_mir/recover-20220922/UBNA_001/20220921_090000.WAV,Telephone Field,recover-20220922,001,1795
1265.6505,1265.6866,68437,81614,Rhinolophus ferrumequinum,0.022,0.022,-1,Echolocation,/mnt/ubna_data_02_mir/recover-20220922/UBNA_001/20220921_090000.WAV,Telephone Field,recover-20220922,001,1795
1265.6855,1265.7256,68437,81811,Rhinolophus ferrumequinum,0.024,0.024,-1,Echolocation,/mnt/ubna_data_02_mir/recover-20220922/UBNA_001/20220921_090000.WAV,Telephone Field,recover-20220922,001,1795
1265.7055,1265.7404,68437,81335,Rhinolophus ferrumequinum,0.02,0.02,-1,Echolocation,/mnt/ubna_data_02_mir/recover-20220922/UBNA_001/20220921_090000.WAV,Telephone Field,recover-20220922,001,1795
1265.7175,1265.7584,68437,83329,Rhinolophus ferrumequinum,0.024,0.024,-1,Echolocation,/mnt/ubna_data_02_mir/recover-20220922/UBNA_001/20220921_090000.WAV,Telephone Field,recover-20220922,001,1795
1265.7235,1265.7319,28906,36295,Eptesicus serotinus,0.014,0.03,-1,Echolocation,/mnt/ubna_data_02_mir/recover-20220922/UBNA_001/20220921_090000.WAV,Telephone Field,recover-20220922,001,1795
1265.7475,1265.7543,27187,42782,Eptesicus serotinus,0.007,0.022,-1,Echolocation,/mnt/ubna_data_02_mir/recover-20220922/UBNA_001/20220921_090000.WAV,Telephone Field,recover-20220922,001,1795
1265.7945,1265.8278,68437,81269,Rhinolophus ferrumequinum,0.021,0.021,-1,Echolocation,/mnt/ubna_data_02_mir/recover-20220922/UBNA_001/20220921_090000.WAV,Telephone Field,recover-20220922,001,1795
1265.8005,1265.8099,23750,30877,Nyctalus leisleri,0.007,0.022,-1,Echolocation,/mnt/ubna_data_02_mir/recover-20220922/UBNA_001/20220921_090000.WAV,Telephone Field,recover-20220922,001,1795
1265.8175,1265.8578,68437,82541,Rhinolophus ferrumequinum,0.025,0.025,-1,Echolocation,/mnt/ubna_data_02_mir/recover-20220922/UBNA_001/20220921_090000.WAV,Telephone Field,recover-20220922,001,1795
1265.8705,1265.9038,68437,80722,Rhinolophus ferrumequinum,0.022,0.022,-1,Echolocation,/mnt/ubna_data_02_mir/recover-20220922/UBNA_001/20220921_090000.WAV,Telephone Field,recover-20220922,001,1795
1265.8765,1265.8843,28046,37742,Eptesicus serotinus,0.014,0.03,-1,Echolocation,/mnt/ubna_data_02_mir/recover-20220922/UBNA_001/20220921_090000.WAV,Telephone Field,recover-20220922,001,1795
1265.8925,1265.9296,68437,81725,Rhinolophus ferrumequinum,0.02,0.02,-1,Echolocation,/mnt/ubna_data_02_mir/recover-20220922/UBNA_001/20220921_090000.WAV,Telephone Field,recover-20220922,001,1795
1265.9075,1265.9492,68437,82642,Rhinolophus ferrumequinum,0.023,0.023,-1,Echolocation,/mnt/ubna_data_02_mir/recover-20220922/UBNA_001/20220921_090000.WAV,Telephone Field,recover-20220922,001,1795
1265.9295,1265.9377,27187,36335,Eptesicus serotinus,0.013,0.029,-1,Echolocation,/mnt/ubna_data_02_mir/recover-20220922/UBNA_001/20220921_090000.WAV,Telephone Field,recover-20220922,001,1795
1265.9405,1265.9787,68437,81472,Rhinolophus ferrumequinum,0.02,0.02,-1,Echolocation,/mnt/ubna_data_02_mir/recover-20220922/UBNA_001/20220921_090000.WAV,Telephone Field,recover-20220922,001,1795
1265.9495,1265.9842,68437,81539,Rhinolophus ferrumequinum,0.022,0.022,-1,Echolocation,/mnt/ubna_data_02_mir/recover-20220922/UBNA_001/20220921_090000.WAV,Telephone Field,recover-20220922,001,1795
1265.9735,1265.9838,23750,29813,Nyctalus leisleri,0.008,0.022,-1,Echolocation,/mnt/ubna_data_02_mir/recover-20220922/UBNA_001/20220921_090000.WAV,Telephone Field,recover-20220922,001,1795
1265.9855,1265.9962,23750,30922,Nyctalus leisleri,0.007,0.022,-1,Echolocation,/mnt/ubna_data_02_mir/recover-20220922/UBNA_001/20220921_090000.WAV,Telephone Field,recover-20220922,001,1795
1266.0015,1266.0098,25468,36178,Nyctalus leisleri,0.007,0.03,-1,Echolocation,/mnt/ubna_data_02_mir/recover-20220922/UBNA_001/20220921_090000.WAV,Telephone Field,recover-20220922,001,1795
1266.0015,1266.0305,68437,80104,Rhinolophus ferrumequinum,0.031,0.031,-1,Echolocation,/mnt/ubna_data_02_mir/recover-20220922/UBNA_001/20220921_090000.WAV,Telephone Field,recover-20220922,001,1795
1266.0015,1266.0087,46953,51461,Pipistrellus pipistrellus,0.017,0.024,-1,Echolocation,/mnt/ubna_data_02_mir/recover-20220922/UBNA_001/20220921_090000.WAV,Telephone Field,recover-20220922,001,1795
1266.0335,1266.0437,25468,33060,Eptesicus serotinus,0.009,0.022,-1,Echolocation,/mnt/ubna_data_02_mir/recover-20220922/UBNA_001/20220921_090000.WAV,Telephone Field,recover-20220922,001,1795
1266.0475,1266.0858,68437,81981,Rhinolophus ferrumequinum,0.023,0.023,-1,Echolocation,/mnt/ubna_data_02_mir/recover-20220922/UBNA_001/20220921_090000.WAV,Telephone Field,recover-20220922,001,1795
1266.0895,1266.0971,22890,30641,Plecotus austriacus,0.011,0.022,-1,Echolocation,/mnt/ubna_data_02_mir/recover-20220922/UBNA_001/20220921_090000.WAV,Telephone Field,recover-20220922,001,1795
1266.1045,1266.1454,68437,83025,Rhinolophus ferrumequinum,0.029,0.03,-1,Echolocation,/mnt/ubna_data_02_mir/recover-20220922/UBNA_001/20220921_090000.WAV,Telephone Field,recover-20220922,001,1795
1266.1055,1266.1149,26328,36194,Eptesicus serotinus,0.01,0.023,-1,Echolocation,/mnt/ubna_data_02_mir/recover-20220922/UBNA_001/20220921_090000.WAV,Telephone Field,recover-20220922,001,1795
1266.1775,1266.1884,22031,26679,Nyctalus leisleri,0.012,0.024,-1,Echolocation,/mnt/ubna_data_02_mir/recover-20220922/UBNA_001/20220921_090000.WAV,Telephone Field,recover-20220922,001,1795
1266.2135,1266.255,68437,83083,Rhinolophus ferrumequinum,0.023,0.023,-1,Echolocation,/mnt/ubna_data_02_mir/recover-20220922/UBNA_001/20220921_090000.WAV,Telephone Field,recover-20220922,001,1795
1266.2235,1266.2636,68437,82499,Rhinolophus ferrumequinum,0.024,0.024,-1,Echolocation,/mnt/ubna_data_02_mir/recover-20220922/UBNA_001/20220921_090000.WAV,Telephone Field,recover-20220922,001,1795
1266.2325,1266.273,68437,82407,Rhinolophus ferrumequinum,0.023,0.023,-1,Echolocation,/mnt/ubna_data_02_mir/recover-20220922/UBNA_001/20220921_090000.WAV,Telephone Field,recover-20220922,001,1795
1266.2375,1266.2497,23750,30426,Nyctalus leisleri,0.012,0.029,-1,Echolocation,/mnt/ubna_data_02_mir/recover-20220922/UBNA_001/20220921_090000.WAV,Telephone Field,recover-20220922,001,1795
1266.2445,1266.258,22890,27692,Nyctalus leisleri,0.015,0.029,-1,Echolocation,/mnt/ubna_data_02_mir/recover-20220922/UBNA_001/20220921_090000.WAV,Telephone Field,recover-20220922,001,1795
1266.2485,1266.2905,68437,82634,Rhinolophus ferrumequinum,0.031,0.031,-1,Echolocation,/mnt/ubna_data_02_mir/recover-20220922/UBNA_001/20220921_090000.WAV,Telephone Field,recover-20220922,001,1795
1266.2605,1266.2722,49531,55603,Pipistrellus pipistrellus,0.018,0.022,-1,Echolocation,/mnt/ubna_data_02_mir/recover-20220922/UBNA_001/20220921_090000.WAV,Telephone Field,recover-20220922,001,1795
1266.2635,1266.2712,24609,35549,Plecotus austriacus,0.013,0.034,-1,Echolocation,/mnt/ubna_data_02_mir/recover-20220922/UBNA_001/20220921_090000.WAV,Telephone Field,recover-20220922,001,1795
1266.2775,1266.3164,68437,82886,Rhinolophus ferrumequinum,0.025,0.025,-1,Echolocation,/mnt/ubna_data_02_mir/recover-20220922/UBNA_001/20220921_090000.WAV,Telephone Field,recover-20220922,001,1795
1266.2915,1266.3025,23750,28842,Nyctalus leisleri,0.011,0.022,-1,Echolocation,/mnt/ubna_data_02_mir/recover-20220922/UBNA_001/20220921_090000.WAV,Telephone Field,recover-20220922,001,1795
1266.3045,1266.3414,68437,81758,Rhinolophus ferrumequinum,0.029,0.029,-1,Echolocation,/mnt/ubna_data_02_mir/recover-20220922/UBNA_001/20220921_090000.WAV,Telephone Field,recover-20220922,001,1795
1266.3235,1266.3638,68437,82644,Rhinolophus ferrumequinum,0.024,0.024,-1,Echolocation,/mnt/ubna_data_02_mir/recover-20220922/UBNA_001/20220921_090000.WAV,Telephone Field,recover-20220922,001,1795
1266.3445,1266.3833,68437,82716,Rhinolophus ferrumequinum,0.025,0.025,-1,Echolocation,/mnt/ubna_data_02_mir/recover-20220922/UBNA_001/20220921_090000.WAV,Telephone Field,recover-20220922,001,1795
1266.3485,1266.3579,25468,32886,Eptesicus serotinus,0.008,0.024,-1,Echolocation,/mnt/ubna_data_02_mir/recover-20220922/UBNA_001/20220921_090000.WAV,Telephone Field,recover-20220922,001,1795
1266.3815,1266.4217,68437,82493,Rhinolophus ferrumequinum,0.024,0.024,-1,Echolocation,/mnt/ubna_data_02_mir/recover-20220922/UBNA_001/20220921_090000.WAV,Telephone Field,recover-20220922,001,1795
1266.3875,1266.4294,68437,82629,Rhinolophus ferrumequinum,0.023,0.023,-1,Echolocation,/mnt/ubna_data_02_mir/recover-20220922/UBNA_001/20220921_090000.WAV,Telephone Field,recover-20220922,001,1795
1266.3935,1266.4325,68437,82423,Rhinolophus ferrumequinum,0.022,0.022,-1,Echolocation,/mnt/ubna_data_02_mir/recover-20220922/UBNA_001/20220921_090000.WAV,Telephone Field,recover-20220922,001,1795
1266.4045,1266.4164,25468,31558,Eptesicus serotinus,0.009,0.023,-1,Echolocation,/mnt/ubna_data_02_mir/recover-20220922/UBNA_001/20220921_090000.WAV,Telephone Field,recover-20220922,001,1795
1266.4825,1266.4929,28906,36420,Eptesicus serotinus,0.012,0.025,-1,Echolocation,/mnt/ubna_data_02_mir/recover-20220922/UBNA_001/20220921_090000.WAV,Telephone Field,recover-20220922,001,1795
1266.4865,1266.5239,68437,81831,Rhinolophus ferrumequinum,0.024,0.025,-1,Echolocation,/mnt/ubna_data_02_mir/recover-20220922/UBNA_001/20220921_090000.WAV,Telephone Field,recover-20220922,001,1795
1266.5245,1266.5643,68437,82397,Rhinolophus ferrumequinum,0.029,0.029,-1,Echolocation,/mnt/ubna_data_02_mir/recover-20220922/UBNA_001/20220921_090000.WAV,Telephone Field,recover-20220922,001,1795
1266.5475,1266.5878,68437,82059,Rhinolophus ferrumequinum,0.033,0.033,-1,Echolocation,/mnt/ubna_data_02_mir/recover-20220922/UBNA_001/20220921_090000.WAV,Telephone Field,recover-20220922,001,1795
1266.6125,1266.6522,68437,82684,Rhinolophus ferrumequinum,0.023,0.023,-1,Echolocation,/mnt/ubna_data_02_mir/recover-20220922/UBNA_001/20220921_090000.WAV,Telephone Field,recover-20220922,001,1795
1266.6315,1266.6429,14296,23473,Nyctalus noctula,0.012,0.022,-1,Echolocation,/mnt/ubna_data_02_mir/recover-20220922/UBNA_001/20220921_090000.WAV,Telephone Field,recover-20220922,001,1795
1266.6695,1266.7074,68437,82232,Rhinolophus ferrumequinum,0.022,0.022,-1,Echolocation,/mnt/ubna_data_02_mir/recover-20220922/UBNA_001/20220921_090000.WAV,Telephone Field,recover-20220922,001,1795
1266.6875,1266.7291,68437,82879,Rhinolophus ferrumequinum,0.022,0.022,-1,Echolocation,/mnt/ubna_data_02_mir/recover-20220922/UBNA_001/20220921_090000.WAV,Telephone Field,recover-20220922,001,1795
1266.6885,1266.6979,50390,54416,Pipistrellus pipistrellus,0.027,0.031,-1,Echolocation,/mnt/ubna_data_02_mir/recover-20220922/UBNA_001/20220921_090000.WAV,Telephone Field,recover-20220922,001,1795
1266.7145,1266.7539,68437,82816,Rhinolophus ferrumequinum,0.025,0.025,-1,Echolocation,/mnt/ubna_data_02_mir/recover-20220922/UBNA_001/20220921_090000.WAV,Telephone Field,recover-20220922,001,1795
1266.7265,1266.7648,68437,81878,Rhinolophus ferrumequinum,0.024,0.024,-1,Echolocation,/mnt/ubna_data_02_mir/recover-20220922/UBNA_001/20220921_090000.WAV,Telephone Field,recover-20220922,001,1795
1266.7465,1266.7847,68437,81868,Rhinolophus ferrumequinum,0.022,0.022,-1,Echolocation,/mnt/ubna_data_02_mir/recover-20220922/UBNA_001/20220921_090000.WAV,Telephone Field,recover-20220922,001,1795
1266.7515,1266.7662,29765,34802,Eptesicus serotinus,0.02,0.033,-1,Echolocation,/mnt/ubna_data_02_mir/recover-20220922/UBNA_001/20220921_090000.WAV,Telephone Field,recover-20220922,001,1795
1266.7715,1266.7792,28906,40112,Eptesicus serotinus,0.008,0.022,-1,Echolocation,/mnt/ubna_data_02_mir/recover-20220922/UBNA_001/20220921_090000.WAV,Telephone Field,recover-20220922,001,1795
1266.7915,1266.8338,68437,82748,Rhinolophus ferrumequinum,0.026,0.026,-1,Echolocation,/mnt/ubna_data_02_mir/recover-20220922/UBNA_001/20220921_090000.WAV,Telephone Field,recover-20220922,001,1795
1266.7945,1266.8029,28046,40065,Eptesicus serotinus,0.008,0.022,-1,Echolocation,/mnt/ubna_data_02_mir/recover-20220922/UBNA_001/20220921_090000.WAV,Telephone Field,recover-20220922,001,1795
1266.8295,1266.8677,68437,81925,Rhinolophus ferrumequinum,0.022,0.022,-1,Echolocation,/mnt/ubna_data_02_mir/recover-20220922/UBNA_001/20220921_090000.WAV,Telephone Field,recover-20220922,001,1795
1266.8495,1266.8853,68437,81319,Rhinolophus ferrumequinum,0.023,0.023,-1,Echolocation,/mnt/ubna_data_02_mir/recover-20220922/UBNA_001/20220921_090000.WAV,Telephone Field,recover-20220922,001,1795
1266.8545,1266.862,27187,36159,Eptesicus serotinus,0.011,0.03,-1,Echolocation,/mnt/ubna_data_02_mir/recover-20220922/UBNA_001/20220921_090000.WAV,Telephone Field,recover-20220922,001,1795
1266.9065,1266.9458,68437,82729,Rhinolophus ferrumequinum,0.025,0.025,-1,Echolocation,/mnt/ubna_data_02_mir/recover-20220922/UBNA_001/20220921_090000.WAV,Telephone Field,recover-20220922,001,1795
1266.9255,1266.9593,68437,80935,Rhinolophus ferrumequinum,0.023,0.023,-1,Echolocation,/mnt/ubna_data_02_mir/recover-20220922/UBNA_001/20220921_090000.WAV,Telephone Field,recover-20220922,001,1795
1266.9725,1267.0139,68437,82639,Rhinolophus ferrumequinum,0.023,0.023,-1,Echolocation,/mnt/ubna_data_02_mir/recover-20220922/UBNA_001/20220921_090000.WAV,Telephone Field,recover-20220922,001,1795
1266.9895,1267.0274,68437,81911,Rhinolophus ferrumequinum,0.023,0.023,-1,Echolocation,/mnt/ubna_data_02_mir/recover-20220922/UBNA_001/20220921_090000.WAV,Telephone Field,recover-20220922,001,1795
1267.0205,1267.067,68437,83862,Rhinolophus ferrumequinum,0.054,0.054,-1,Echolocation,/mnt/ubna_data_02_mir/recover-20220922/UBNA_001/20220921_090000.WAV,Telephone Field,recover-20220922,001,1795
1267.0285,1267.0341,24609,35855,Plecotus austriacus,0.019,0.042,-1,Echolocation,/mnt/ubna_data_02_mir/recover-20220922/UBNA_001/20220921_090000.WAV,Telephone Field,recover-20220922,001,1795
1267.0905,1267.098,28906,38302,Eptesicus serotinus,0.009,0.023,-1,Echolocation,/mnt/ubna_data_02_mir/recover-20220922/UBNA_001/20220921_090000.WAV,Telephone Field,recover-20220922,001,1795
1267.0955,1267.1356,68437,82988,Rhinolophus ferrumequinum,0.032,0.032,-1,Echolocation,/mnt/ubna_data_02_mir/recover-20220922/UBNA_001/20220921_090000.WAV,Telephone Field,recover-20220922,001,1795
1267.1115,1267.1222,23750,29228,Nyctalus leisleri,0.01,0.023,-1,Echolocation,/mnt/ubna_data_02_mir/recover-20220922/UBNA_001/20220921_090000.WAV,Telephone Field,recover-20220922,001,1795
1267.1385,1267.1812,68437,83380,Rhinolophus ferrumequinum,0.052,0.052,-1,Echolocation,/mnt/ubna_data_02_mir/recover-20220922/UBNA_001/20220921_090000.WAV,Telephone Field,recover-20220922,001,1795
1267.1565,1267.1664,28906,38590,Eptesicus serotinus,0.01,0.022,-1,Echolocation,/mnt/ubna_data_02_mir/recover-20220922/UBNA_001/20220921_090000.WAV,Telephone Field,recover-20220922,001,1795
1267.1615,1267.1696,26328,35248,Eptesicus serotinus,0.008,0.022,-1,Echolocation,/mnt/ubna_data_02_mir/recover-20220922/UBNA_001/20220921_090000.WAV,Telephone Field,recover-20220922,001,1795
1267.1995,1267.238,68437,82737,Rhinolophus ferrumequinum,0.029,0.029,-1,Echolocation,/mnt/ubna_data_02_mir/recover-20220922/UBNA_001/20220921_090000.WAV,Telephone Field,recover-20220922,001,1795
1267.2205,1267.2623,68437,82668,Rhinolophus ferrumequinum,0.031,0.031,-1,Echolocation,/mnt/ubna_data_02_mir/recover-20220922/UBNA_001/20220921_090000.WAV,Telephone Field,recover-20220922,001,1795
1267.2685,1267.2804,36640,42453,Pipistrellus nathusii,0.017,0.032,-1,Echolocation,/mnt/ubna_data_02_mir/recover-20220922/UBNA_001/20220921_090000.WAV,Telephone Field,recover-20220922,001,1795
1267.2735,1267.3098,68437,81958,Rhinolophus ferrumequinum,0.024,0.024,-1,Echolocation,/mnt/ubna_data_02_mir/recover-20220922/UBNA_001/20220921_090000.WAV,Telephone Field,recover-20220922,001,1795
1267.2845,1267.2935,23750,30239,Nyctalus leisleri,0.008,0.023,-1,Echolocation,/mnt/ubna_data_02_mir/recover-20220922/UBNA_001/20220921_090000.WAV,Telephone Field,recover-20220922,001,1795
1267.3125,1267.3491,68437,81904,Rhinolophus ferrumequinum,0.023,0.023,-1,Echolocation,/mnt/ubna_data_02_mir/recover-20220922/UBNA_001/20220921_090000.WAV,Telephone Field,recover-20220922,001,1795
1267.3565,1267.3994,68437,83122,Rhinolophus ferrumequinum,0.037,0.037,-1,Echolocation,/mnt/ubna_data_02_mir/recover-20220922/UBNA_001/20220921_090000.WAV,Telephone Field,recover-20220922,001,1795
1267.4175,1267.4593,68437,82759,Rhinolophus ferrumequinum,0.036,0.036,-1,Echolocation,/mnt/ubna_data_02_mir/recover-20220922/UBNA_001/20220921_090000.WAV,Telephone Field,recover-20220922,001,1795
1267.4345,1267.4757,68437,82679,Rhinolophus ferrumequinum,0.025,0.025,-1,Echolocation,/mnt/ubna_data_02_mir/recover-20220922/UBNA_001/20220921_090000.WAV,Telephone Field,recover-20220922,001,1795
1267.4645,1267.5041,68437,82112,Rhinolophus ferrumequinum,0.031,0.031,-1,Echolocation,/mnt/ubna_data_02_mir/recover-20220922/UBNA_001/20220921_090000.WAV,Telephone Field,recover-20220922,001,1795
1267.5215,1267.5352,22890,27641,Nyctalus leisleri,0.013,0.026,-1,Echolocation,/mnt/ubna_data_02_mir/recover-20220922/UBNA_001/20220921_090000.WAV,Telephone Field,recover-20220922,001,1795
1267.5355,1267.5811,68437,83118,Rhinolophus ferrumequinum,0.069,0.069,-1,Echolocation,/mnt/ubna_data_02_mir/recover-20220922/UBNA_001/20220921_090000.WAV,Telephone Field,recover-20220922,001,1795
1267.5485,1267.5907,68437,83375,Rhinolophus ferrumequinum,0.033,0.033,-1,Echolocation,/mnt/ubna_data_02_mir/recover-20220922/UBNA_001/20220921_090000.WAV,Telephone Field,recover-20220922,001,1795
1267.5715,1267.5837,14296,19722,Nyctalus noctula,0.027,0.044,-1,Echolocation,/mnt/ubna_data_02_mir/recover-20220922/UBNA_001/20220921_090000.WAV,Telephone Field,recover-20220922,001,1795
1267.5795,1267.6175,68437,81892,Rhinolophus ferrumequinum,0.025,0.025,-1,Echolocation,/mnt/ubna_data_02_mir/recover-20220922/UBNA_001/20220921_090000.WAV,Telephone Field,recover-20220922,001,1795
1267.6015,1267.6435,68437,83102,Rhinolophus ferrumequinum,0.03,0.03,-1,Echolocation,/mnt/ubna_data_02_mir/recover-20220922/UBNA_001/20220921_090000.WAV,Telephone Field,recover-20220922,001,1795
1267.6195,1267.6585,68437,81655,Rhinolophus ferrumequinum,0.022,0.023,-1,Echolocation,/mnt/ubna_data_02_mir/recover-20220922/UBNA_001/20220921_090000.WAV,Telephone Field,recover-20220922,001,1795
1267.6225,1267.6316,26328,34993,Eptesicus serotinus,0.012,0.025,-1,Echolocation,/mnt/ubna_data_02_mir/recover-20220922/UBNA_001/20220921_090000.WAV,Telephone Field,recover-20220922,001,1795
1267.6395,1267.6762,68437,81670,Rhinolophus ferrumequinum,0.023,0.024,-1,Echolocation,/mnt/ubna_data_02_mir/recover-20220922/UBNA_001/20220921_090000.WAV,Telephone Field,recover-20220922,001,1795
1267.6405,1267.6525,22031,26138,Nyctalus leisleri,0.013,0.023,-1,Echolocation,/mnt/ubna_data_02_mir/recover-20220922/UBNA_001/20220921_090000.WAV,Telephone Field,recover-20220922,001,1795
1267.6475,1267.6836,68437,81286,Rhinolophus ferrumequinum,0.022,0.023,-1,Echolocation,/mnt/ubna_data_02_mir/recover-20220922/UBNA_001/20220921_090000.WAV,Telephone Field,recover-20220922,001,1795
1267.6855,1267.7221,68437,82135,Rhinolophus ferrumequinum,0.022,0.022,-1,Echolocation,/mnt/ubna_data_02_mir/recover-20220922/UBNA_001/20220921_090000.WAV,Telephone Field,recover-20220922,001,1795
1267.7095,1267.7481,68437,82048,Rhinolophus ferrumequinum,0.023,0.023,-1,Echolocation,/mnt/ubna_data_02_mir/recover-20220922/UBNA_001/20220921_090000.WAV,Telephone Field,recover-20220922,001,1795
1267.7175,1267.7565,68437,82053,Rhinolophus ferrumequinum,0.024,0.024,-1,Echolocation,/mnt/ubna_data_02_mir/recover-20220922/UBNA_001/20220921_090000.WAV,Telephone Field,recover-20220922,001,1795
1267.7435,1267.7528,25468,34052,Eptesicus serotinus,0.01,0.027,-1,Echolocation,/mnt/ubna_data_02_mir/recover-20220922/UBNA_001/20220921_090000.WAV,Telephone Field,recover-20220922,001,1795
1267.7965,1267.8386,68437,83039,Rhinolophus ferrumequinum,0.024,0.024,-1,Echolocation,/mnt/ubna_data_02_mir/recover-20220922/UBNA_001/20220921_090000.WAV,Telephone Field,recover-20220922,001,1795
1267.8355,1267.8462,22890,26949,Nyctalus leisleri,0.014,0.026,-1,Echolocation,/mnt/ubna_data_02_mir/recover-20220922/UBNA_001/20220921_090000.WAV,Telephone Field,recover-20220922,001,1795
1267.9295,1267.9694,68437,82190,Rhinolophus ferrumequinum,0.024,0.024,-1,Echolocation,/mnt/ubna_data_02_mir/recover-20220922/UBNA_001/20220921_090000.WAV,Telephone Field,recover-20220922,001,1795
1267.9485,1267.9568,26328,34585,Eptesicus serotinus,0.01,0.023,-1,Echolocation,/mnt/ubna_data_02_mir/recover-20220922/UBNA_001/20220921_090000.WAV,Telephone Field,recover-20220922,001,1795
1267.9825,1267.9928,28906,36340,Eptesicus serotinus,0.01,0.024,-1,Echolocation,/mnt/ubna_data_02_mir/recover-20220922/UBNA_001/20220921_090000.WAV,Telephone Field,recover-20220922,001,1795
1268.0015,1268.0075,47812,53910,Pipistrellus pipistrellus,0.024,0.03,-1,Echolocation,/mnt/ubna_data_02_mir/recover-20220922/UBNA_001/20220921_090000.WAV,Telephone Field,recover-20220922,001,1795
1268.0015,1268.0129,22031,27714,Nyctalus leisleri,0.01,0.024,-1,Echolocation,/mnt/ubna_data_02_mir/recover-20220922/UBNA_001/20220921_090000.WAV,Telephone Field,recover-20220922,001,1795
1268.0015,1268.0347,68437,79818,Rhinolophus ferrumequinum,0.034,0.034,-1,Echolocation,/mnt/ubna_data_02_mir/recover-20220922/UBNA_001/20220921_090000.WAV,Telephone Field,recover-20220922,001,1795
1268.0085,1268.0504,68437,82657,Rhinolophus ferrumequinum,0.024,0.024,-1,Echolocation,/mnt/ubna_data_02_mir/recover-20220922/UBNA_001/20220921_090000.WAV,Telephone Field,recover-20220922,001,1795
1268.0675,1268.1096,68437,83224,Rhinolophus ferrumequinum,0.038,0.038,-1,Echolocation,/mnt/ubna_data_02_mir/recover-20220922/UBNA_001/20220921_090000.WAV,Telephone Field,recover-20220922,001,1795
1268.1095,1268.1492,68437,82386,Rhinolophus ferrumequinum,0.025,0.025,-1,Echolocation,/mnt/ubna_data_02_mir/recover-20220922/UBNA_001/20220921_090000.WAV,Telephone Field,recover-20220922,001,1795
1268.1275,1268.1698,68437,83434,Rhinolophus ferrumequinum,0.034,0.034,-1,Echolocation,/mnt/ubna_data_02_mir/recover-20220922/UBNA_001/20220921_090000.WAV,Telephone Field,recover-20220922,001,1795
1268.2575,1268.2654,58984,64807,Pipistrellus pygmaeus,0.023,0.023,-1,Echolocation,/mnt/ubna_data_02_mir/recover-20220922/UBNA_001/20220921_090000.WAV,Telephone Field,recover-20220922,001,1795
1268.2935,1268.3298,68437,81860,Rhinolophus ferrumequinum,0.023,0.023,-1,Echolocation,/mnt/ubna_data_02_mir/recover-20220922/UBNA_001/20220921_090000.WAV,Telephone Field,recover-20220922,001,1795
1268.3265,1268.369,68437,82994,Rhinolophus ferrumequinum,0.026,0.026,-1,Echolocation,/mnt/ubna_data_02_mir/recover-20220922/UBNA_001/20220921_090000.WAV,Telephone Field,recover-20220922,001,1795
1268.3495,1268.3871,68437,81340,Rhinolophus ferrumequinum,0.024,0.024,-1,Echolocation,/mnt/ubna_data_02_mir/recover-20220922/UBNA_001/20220921_090000.WAV,Telephone Field,recover-20220922,001,1795
1268.3675,1268.3753,15156,24587,Plecotus auritus,0.015,0.023,-1,Echolocation,/mnt/ubna_data_02_mir/recover-20220922/UBNA_001/20220921_090000.WAV,Telephone Field,recover-20220922,001,1795
1268.3815,1268.4182,68437,82048,Rhinolophus ferrumequinum,0.023,0.023,-1,Echolocation,/mnt/ubna_data_02_mir/recover-20220922/UBNA_001/20220921_090000.WAV,Telephone Field,recover-20220922,001,1795
1268.3825,1268.3939,23750,29315,Nyctalus leisleri,0.012,0.026,-1,Echolocation,/mnt/ubna_data_02_mir/recover-20220922/UBNA_001/20220921_090000.WAV,Telephone Field,recover-20220922,001,1795
1268.4145,1268.4256,22031,27503,Nyctalus leisleri,0.01,0.024,-1,Echolocation,/mnt/ubna_data_02_mir/recover-20220922/UBNA_001/20220921_090000.WAV,Telephone Field,recover-20220922,001,1795
1268.4285,1268.4659,68437,82176,Rhinolophus ferrumequinum,0.022,0.023,-1,Echolocation,/mnt/ubna_data_02_mir/recover-20220922/UBNA_001/20220921_090000.WAV,Telephone Field,recover-20220922,001,1795
1268.4475,1268.4542,24609,35229,Plecotus austriacus,0.008,0.023,-1,Echolocation,/mnt/ubna_data_02_mir/recover-20220922/UBNA_001/20220921_090000.WAV,Telephone Field,recover-20220922,001,1795
1268.4525,1268.4881,68437,81764,Rhinolophus ferrumequinum,0.023,0.023,-1,Echolocation,/mnt/ubna_data_02_mir/recover-20220922/UBNA_001/20220921_090000.WAV,Telephone Field,recover-20220922,001,1795
1268.4755,1268.4871,28046,34518,Eptesicus serotinus,0.04,0.066,-1,Echolocation,/mnt/ubna_data_02_mir/recover-20220922/UBNA_001/20220921_090000.WAV,Telephone Field,recover-20220922,001,1795
1268.4945,1268.5346,68437,82073,Rhinolophus ferrumequinum,0.022,0.022,-1,Echolocation,/mnt/ubna_data_02_mir/recover-20220922/UBNA_001/20220921_090000.WAV,Telephone Field,recover-20220922,001,1795
1268.5015,1268.5405,68437,82589,Rhinolophus ferrumequinum,0.023,0.023,-1,Echolocation,/mnt/ubna_data_02_mir/recover-20220922/UBNA_001/20220921_090000.WAV,Telephone Field,recover-20220922,001,1795
1268.5085,1268.5455,68437,82294,Rhinolophus ferrumequinum,0.022,0.022,-1,Echolocation,/mnt/ubna_data_02_mir/recover-20220922/UBNA_001/20220921_090000.WAV,Telephone Field,recover-20220922,001,1795
1268.5155,1268.5217,27187,42559,Eptesicus serotinus,0.007,0.029,-1,Echolocation,/mnt/ubna_data_02_mir/recover-20220922/UBNA_001/20220921_090000.WAV,Telephone Field,recover-20220922,001,1795
1268.5315,1268.5711,68437,81974,Rhinolophus ferrumequinum,0.024,0.024,-1,Echolocation,/mnt/ubna_data_02_mir/recover-20220922/UBNA_001/20220921_090000.WAV,Telephone Field,recover-20220922,001,1795
1268.5535,1268.5916,68437,81783,Rhinolophus ferrumequinum,0.024,0.024,-1,Echolocation,/mnt/ubna_data_02_mir/recover-20220922/UBNA_001/20220921_090000.WAV,Telephone Field,recover-20220922,001,1795
1268.5775,1268.5855999999999,47812,51670,Pipistrellus pipistrellus,0.025,0.027,-1,Echolocation,/mnt/ubna_data_02_mir/recover-20220922/UBNA_001/20220921_090000.WAV,Telephone Field,recover-20220922,001,1795
1268.5955,1268.6345,68437,82313,Rhinolophus ferrumequinum,0.024,0.024,-1,Echolocation,/mnt/ubna_data_02_mir/recover-20220922/UBNA_001/20220921_090000.WAV,Telephone Field,recover-20220922,001,1795
1268.6075,1268.6129,34062,46005,Myotis daubentonii,0.015,0.031,-1,Echolocation,/mnt/ubna_data_02_mir/recover-20220922/UBNA_001/20220921_090000.WAV,Telephone Field,recover-20220922,001,1795
1268.6175,1268.6601,68437,82804,Rhinolophus ferrumequinum,0.025,0.026,-1,Echolocation,/mnt/ubna_data_02_mir/recover-20220922/UBNA_001/20220921_090000.WAV,Telephone Field,recover-20220922,001,1795
1268.6265,1268.6347,27187,38754,Eptesicus serotinus,0.008,0.023,-1,Echolocation,/mnt/ubna_data_02_mir/recover-20220922/UBNA_001/20220921_090000.WAV,Telephone Field,recover-20220922,001,1795
1268.6545,1268.6953,68437,82654,Rhinolophus ferrumequinum,0.033,0.033,-1,Echolocation,/mnt/ubna_data_02_mir/recover-20220922/UBNA_001/20220921_090000.WAV,Telephone Field,recover-20220922,001,1795
1268.6755,1268.7143,68437,82575,Rhinolophus ferrumequinum,0.029,0.029,-1,Echolocation,/mnt/ubna_data_02_mir/recover-20220922/UBNA_001/20220921_090000.WAV,Telephone Field,recover-20220922,001,1795
1268.6955,1268.7058,23750,29739,Nyctalus leisleri,0.01,0.025,-1,Echolocation,/mnt/ubna_data_02_mir/recover-20220922/UBNA_001/20220921_090000.WAV,Telephone Field,recover-20220922,001,1795
1268.7035,1268.7152,51250,57691,Pipistrellus pipistrellus,0.026,0.033,-1,Echolocation,/mnt/ubna_data_02_mir/recover-20220922/UBNA_001/20220921_090000.WAV,Telephone Field,recover-20220922,001,1795
1268.7345,1268.7421,23750,32812,Plecotus austriacus,0.007,0.024,-1,Echolocation,/mnt/ubna_data_02_mir/recover-20220922/UBNA_001/20220921_090000.WAV,Telephone Field,recover-20220922,001,1795
1268.7585,1268.7996,68437,82564,Rhinolophus ferrumequinum,0.026,0.026,-1,Echolocation,/mnt/ubna_data_02_mir/recover-20220922/UBNA_001/20220921_090000.WAV,Telephone Field,recover-20220922,001,1795
1268.7585,1268.7652,44375,50774,Pipistrellus pipistrellus,0.028,0.033,-1,Echolocation,/mnt/ubna_data_02_mir/recover-20220922/UBNA_001/20220921_090000.WAV,Telephone Field,recover-20220922,001,1795
1268.8185,1268.8558,68437,81850,Rhinolophus ferrumequinum,0.023,0.023,-1,Echolocation,/mnt/ubna_data_02_mir/recover-20220922/UBNA_001/20220921_090000.WAV,Telephone Field,recover-20220922,001,1795
1268.8195,1268.8273,28046,40182,Eptesicus serotinus,0.009,0.026,-1,Echolocation,/mnt/ubna_data_02_mir/recover-20220922/UBNA_001/20220921_090000.WAV,Telephone Field,recover-20220922,001,1795
1268.8375,1268.8432,28906,39542,Plecotus auritus,0.008,0.033,-1,Echolocation,/mnt/ubna_data_02_mir/recover-20220922/UBNA_001/20220921_090000.WAV,Telephone Field,recover-20220922,001,1795
1268.8385,1268.8791,68437,82883,Rhinolophus ferrumequinum,0.023,0.023,-1,Echolocation,/mnt/ubna_data_02_mir/recover-20220922/UBNA_001/20220921_090000.WAV,Telephone Field,recover-20220922,001,1795
1268.8435,1268.885,68437,82981,Rhinolophus ferrumequinum,0.023,0.023,-1,Echolocation,/mnt/ubna_data_02_mir/recover-20220922/UBNA_001/20220921_090000.WAV,Telephone Field,recover-20220922,001,1795
1268.8675,1268.9072,68437,82132,Rhinolophus ferrumequinum,0.025,0.025,-1,Echolocation,/mnt/ubna_data_02_mir/recover-20220922/UBNA_001/20220921_090000.WAV,Telephone Field,recover-20220922,001,1795
1268.9235,1268.9611,68437,80775,Rhinolophus ferrumequinum,0.022,0.023,-1,Echolocation,/mnt/ubna_data_02_mir/recover-20220922/UBNA_001/20220921_090000.WAV,Telephone Field,recover-20220922,001,1795
1268.9435,1268.9785,68437,81672,Rhinolophus ferrumequinum,0.023,0.023,-1,Echolocation,/mnt/ubna_data_02_mir/recover-20220922/UBNA_001/20220921_090000.WAV,Telephone Field,recover-20220922,001,1795
1268.9495,1268.9665,15156,20058,Nyctalus noctula,0.017,0.024,-1,Echolocation,/mnt/ubna_data_02_mir/recover-20220922/UBNA_001/20220921_090000.WAV,Telephone Field,recover-20220922,001,1795
1268.9675,1268.9765,26328,35096,Eptesicus serotinus,0.012,0.026,-1,Echolocation,/mnt/ubna_data_02_mir/recover-20220922/UBNA_001/20220921_090000.WAV,Telephone Field,recover-20220922,001,1795
1269.0225,1269.0587,68437,82361,Rhinolophus ferrumequinum,0.027,0.027,-1,Echolocation,/mnt/ubna_data_02_mir/recover-20220922/UBNA_001/20220921_090000.WAV,Telephone Field,recover-20220922,001,1795
1269.0245,1269.0307,39218,49087,Myotis daubentonii,0.011,0.027,-1,Echolocation,/mnt/ubna_data_02_mir/recover-20220922/UBNA_001/20220921_090000.WAV,Telephone Field,recover-20220922,001,1795
1269.0385,1269.0781,68437,82547,Rhinolophus ferrumequinum,0.023,0.023,-1,Echolocation,/mnt/ubna_data_02_mir/recover-20220922/UBNA_001/20220921_090000.WAV,Telephone Field,recover-20220922,001,1795
1269.0785,1269.0855,28046,39564,Eptesicus serotinus,0.007,0.022,-1,Echolocation,/mnt/ubna_data_02_mir/recover-20220922/UBNA_001/20220921_090000.WAV,Telephone Field,recover-20220922,001,1795
1269.1245,1269.1584,68437,81528,Rhinolophus ferrumequinum,0.031,0.031,-1,Echolocation,/mnt/ubna_data_02_mir/recover-20220922/UBNA_001/20220921_090000.WAV,Telephone Field,recover-20220922,001,1795
1269.1335,1269.1413,28046,39187,Eptesicus serotinus,0.008,0.024,-1,Echolocation,/mnt/ubna_data_02_mir/recover-20220922/UBNA_001/20220921_090000.WAV,Telephone Field,recover-20220922,001,1795
1269.1525,1269.1929,68437,83117,Rhinolophus ferrumequinum,0.023,0.023,-1,Echolocation,/mnt/ubna_data_02_mir/recover-20220922/UBNA_001/20220921_090000.WAV,Telephone Field,recover-20220922,001,1795
1269.1635,1269.2044,68437,82168,Rhinolophus ferrumequinum,0.024,0.024,-1,Echolocation,/mnt/ubna_data_02_mir/recover-20220922/UBNA_001/20220921_090000.WAV,Telephone Field,recover-20220922,001,1795
1269.1845,1269.1977,14296,19201,Nyctalus noctula,0.015,0.025,-1,Echolocation,/mnt/ubna_data_02_mir/recover-20220922/UBNA_001/20220921_090000.WAV,Telephone Field,recover-20220922,001,1795
1269.1865,1269.2265,68437,82244,Rhinolophus ferrumequinum,0.028,0.028,-1,Echolocation,/mnt/ubna_data_02_mir/recover-20220922/UBNA_001/20220921_090000.WAV,Telephone Field,recover-20220922,001,1795
1269.2185,1269.257,68437,82268,Rhinolophus ferrumequinum,0.023,0.023,-1,Echolocation,/mnt/ubna_data_02_mir/recover-20220922/UBNA_001/20220921_090000.WAV,Telephone Field,recover-20220922,001,1795
1269.2435,1269.2508,28046,37866,Eptesicus serotinus,0.007,0.023,-1,Echolocation,/mnt/ubna_data_02_mir/recover-20220922/UBNA_001/20220921_090000.WAV,Telephone Field,recover-20220922,001,1795
1269.2445,1269.291,68437,83963,Rhinolophus ferrumequinum,0.061,0.061,-1,Echolocation,/mnt/ubna_data_02_mir/recover-20220922/UBNA_001/20220921_090000.WAV,Telephone Field,recover-20220922,001,1795
1269.2725,1269.3111,68437,81532,Rhinolophus ferrumequinum,0.028,0.028,-1,Echolocation,/mnt/ubna_data_02_mir/recover-20220922/UBNA_001/20220921_090000.WAV,Telephone Field,recover-20220922,001,1795
1269.2755,1269.2831,28046,38227,Eptesicus serotinus,0.006,0.023,-1,Echolocation,/mnt/ubna_data_02_mir/recover-20220922/UBNA_001/20220921_090000.WAV,Telephone Field,recover-20220922,001,1795
1269.3215,1269.3585,68437,81479,Rhinolophus ferrumequinum,0.022,0.023,-1,Echolocation,/mnt/ubna_data_02_mir/recover-20220922/UBNA_001/20220921_090000.WAV,Telephone Field,recover-20220922,001,1795
1269.3295,1269.3363,27187,42820,Eptesicus serotinus,0.011,0.036,-1,Echolocation,/mnt/ubna_data_02_mir/recover-20220922/UBNA_001/20220921_090000.WAV,Telephone Field,recover-20220922,001,1795
1269.3355,1269.3746,68437,82726,Rhinolophus ferrumequinum,0.028,0.028,-1,Echolocation,/mnt/ubna_data_02_mir/recover-20220922/UBNA_001/20220921_090000.WAV,Telephone Field,recover-20220922,001,1795
1269.3855,1269.4216,68437,82067,Rhinolophus ferrumequinum,0.023,0.023,-1,Echolocation,/mnt/ubna_data_02_mir/recover-20220922/UBNA_001/20220921_090000.WAV,Telephone Field,recover-20220922,001,1795
1269.3875,1269.3974,23750,30702,Nyctalus leisleri,0.008,0.023,-1,Echolocation,/mnt/ubna_data_02_mir/recover-20220922/UBNA_001/20220921_090000.WAV,Telephone Field,recover-20220922,001,1795
1269.4145,1269.4541,68437,81699,Rhinolophus ferrumequinum,0.023,0.023,-1,Echolocation,/mnt/ubna_data_02_mir/recover-20220922/UBNA_001/20220921_090000.WAV,Telephone Field,recover-20220922,001,1795
1269.4245,1269.4623,68437,82014,Rhinolophus ferrumequinum,0.023,0.023,-1,Echolocation,/mnt/ubna_data_02_mir/recover-20220922/UBNA_001/20220921_090000.WAV,Telephone Field,recover-20220922,001,1795
1269.4325,1269.4707,68437,82256,Rhinolophus ferrumequinum,0.023,0.023,-1,Echolocation,/mnt/ubna_data_02_mir/recover-20220922/UBNA_001/20220921_090000.WAV,Telephone Field,recover-20220922,001,1795
1269.4385,1269.449,45234,50204,Pipistrellus pipistrellus,0.03,0.033,-1,Echolocation,/mnt/ubna_data_02_mir/recover-20220922/UBNA_001/20220921_090000.WAV,Telephone Field,recover-20220922,001,1795
1269.4435,1269.4831,68437,83108,Rhinolophus ferrumequinum,0.026,0.026,-1,Echolocation,/mnt/ubna_data_02_mir/recover-20220922/UBNA_001/20220921_090000.WAV,Telephone Field,recover-20220922,001,1795
1269.4485,1269.4584,22890,28364,Nyctalus leisleri,0.01,0.024,-1,Echolocation,/mnt/ubna_data_02_mir/recover-20220922/UBNA_001/20220921_090000.WAV,Telephone Field,recover-20220922,001,1795
1269.4955,1269.5348,68437,82059,Rhinolophus ferrumequinum,0.027,0.027,-1,Echolocation,/mnt/ubna_data_02_mir/recover-20220922/UBNA_001/20220921_090000.WAV,Telephone Field,recover-20220922,001,1795
1269.4995,1269.5082,28046,37411,Eptesicus serotinus,0.008,0.022,-1,Echolocation,/mnt/ubna_data_02_mir/recover-20220922/UBNA_001/20220921_090000.WAV,Telephone Field,recover-20220922,001,1795
1269.5215,1269.5632,68437,82146,Rhinolophus ferrumequinum,0.035,0.035,-1,Echolocation,/mnt/ubna_data_02_mir/recover-20220922/UBNA_001/20220921_090000.WAV,Telephone Field,recover-20220922,001,1795
1269.5355,1269.5743,68437,82435,Rhinolophus ferrumequinum,0.025,0.025,-1,Echolocation,/mnt/ubna_data_02_mir/recover-20220922/UBNA_001/20220921_090000.WAV,Telephone Field,recover-20220922,001,1795
1269.5595,1269.5958,68437,80939,Rhinolophus ferrumequinum,0.026,0.026,-1,Echolocation,/mnt/ubna_data_02_mir/recover-20220922/UBNA_001/20220921_090000.WAV,Telephone Field,recover-20220922,001,1795
1269.5695,1269.6094,68437,82623,Rhinolophus ferrumequinum,0.027,0.027,-1,Echolocation,/mnt/ubna_data_02_mir/recover-20220922/UBNA_001/20220921_090000.WAV,Telephone Field,recover-20220922,001,1795
1269.6095,1269.6197,55546,59986,Pipistrellus pygmaeus,0.029,0.031,-1,Echolocation,/mnt/ubna_data_02_mir/recover-20220922/UBNA_001/20220921_090000.WAV,Telephone Field,recover-20220922,001,1795
1269.6125,1269.6245,22890,26855,Nyctalus leisleri,0.018,0.03,-1,Echolocation,/mnt/ubna_data_02_mir/recover-20220922/UBNA_001/20220921_090000.WAV,Telephone Field,recover-20220922,001,1795
1269.6605,1269.7003,68437,81689,Rhinolophus ferrumequinum,0.03,0.03,-1,Echolocation,/mnt/ubna_data_02_mir/recover-20220922/UBNA_001/20220921_090000.WAV,Telephone Field,recover-20220922,001,1795
1269.7355,1269.7712,68437,81216,Rhinolophus ferrumequinum,0.032,0.032,-1,Echolocation,/mnt/ubna_data_02_mir/recover-20220922/UBNA_001/20220921_090000.WAV,Telephone Field,recover-20220922,001,1795
1269.7555,1269.7938,68437,82755,Rhinolophus ferrumequinum,0.039,0.039,-1,Echolocation,/mnt/ubna_data_02_mir/recover-20220922/UBNA_001/20220921_090000.WAV,Telephone Field,recover-20220922,001,1795
1269.7575,1269.7653,26328,36585,Eptesicus serotinus,0.01,0.03,-1,Echolocation,/mnt/ubna_data_02_mir/recover-20220922/UBNA_001/20220921_090000.WAV,Telephone Field,recover-20220922,001,1795
1269.7845,1269.7943,44375,49980,Pipistrellus pipistrellus,0.019,0.026,-1,Echolocation,/mnt/ubna_data_02_mir/recover-20220922/UBNA_001/20220921_090000.WAV,Telephone Field,recover-20220922,001,1795
1269.7875,1269.7932,26328,48562,Myotis nattereri,0.011,0.035,-1,Echolocation,/mnt/ubna_data_02_mir/recover-20220922/UBNA_001/20220921_090000.WAV,Telephone Field,recover-20220922,001,1795
1269.8035,1269.8453,68437,82883,Rhinolophus ferrumequinum,0.03,0.03,-1,Echolocation,/mnt/ubna_data_02_mir/recover-20220922/UBNA_001/20220921_090000.WAV,Telephone Field,recover-20220922,001,1795
1269.8355,1269.8708,68437,81217,Rhinolophus ferrumequinum,0.028,0.028,-1,Echolocation,/mnt/ubna_data_02_mir/recover-20220922/UBNA_001/20220921_090000.WAV,Telephone Field,recover-20220922,001,1795
1269.8435,1269.8499,28046,38400,Eptesicus serotinus,0.006,0.023,-1,Echolocation,/mnt/ubna_data_02_mir/recover-20220922/UBNA_001/20220921_090000.WAV,Telephone Field,recover-20220922,001,1795
1269.8495,1269.8882,68437,82109,Rhinolophus ferrumequinum,0.025,0.025,-1,Echolocation,/mnt/ubna_data_02_mir/recover-20220922/UBNA_001/20220921_090000.WAV,Telephone Field,recover-20220922,001,1795
1269.8565,1269.8643,47812,51911,Pipistrellus pipistrellus,0.034,0.035,-1,Echolocation,/mnt/ubna_data_02_mir/recover-20220922/UBNA_001/20220921_090000.WAV,Telephone Field,recover-20220922,001,1795
1269.8865,1269.925,68437,82156,Rhinolophus ferrumequinum,0.022,0.022,-1,Echolocation,/mnt/ubna_data_02_mir/recover-20220922/UBNA_001/20220921_090000.WAV,Telephone Field,recover-20220922,001,1795
1269.9065,1269.9464,68437,82158,Rhinolophus ferrumequinum,0.024,0.024,-1,Echolocation,/mnt/ubna_data_02_mir/recover-20220922/UBNA_001/20220921_090000.WAV,Telephone Field,recover-20220922,001,1795
1269.9085,1269.9165,26328,38017,Eptesicus serotinus,0.007,0.022,-1,Echolocation,/mnt/ubna_data_02_mir/recover-20220922/UBNA_001/20220921_090000.WAV,Telephone Field,recover-20220922,001,1795
1269.9395,1269.9799,68437,82731,Rhinolophus ferrumequinum,0.026,0.026,-1,Echolocation,/mnt/ubna_data_02_mir/recover-20220922/UBNA_001/20220921_090000.WAV,Telephone Field,recover-20220922,001,1795
1269.9575,1269.9646,42656,53838,Myotis mystacinus,0.009,0.034,-1,Echolocation,/mnt/ubna_data_02_mir/recover-20220922/UBNA_001/20220921_090000.WAV,Telephone Field,recover-20220922,001,1795
1269.9805,1269.9884,28046,39502,Eptesicus serotinus,0.008,0.024,-1,Echolocation,/mnt/ubna_data_02_mir/recover-20220922/UBNA_001/20220921_090000.WAV,Telephone Field,recover-20220922,001,1795
1269.9845,1269.9932,34062,42116,Barbastellus barbastellus,0.008,0.025,-1,Echolocation,/mnt/ubna_data_02_mir/recover-20220922/UBNA_001/20220921_090000.WAV,Telephone Field,recover-20220922,001,1795
1270.0015,1270.0116,21171,26353,Nyctalus leisleri,0.016,0.032,-1,Echolocation,/mnt/ubna_data_02_mir/recover-20220922/UBNA_001/20220921_090000.WAV,Telephone Field,recover-20220922,001,1795
1270.0015,1270.034,69296,81579,Rhinolophus ferrumequinum,0.031,0.031,-1,Echolocation,/mnt/ubna_data_02_mir/recover-20220922/UBNA_001/20220921_090000.WAV,Telephone Field,recover-20220922,001,1795
1270.0295,1270.0356,24609,33915,Plecotus austriacus,0.009,0.025,-1,Echolocation,/mnt/ubna_data_02_mir/recover-20220922/UBNA_001/20220921_090000.WAV,Telephone Field,recover-20220922,001,1795
1270.0385,1270.078,68437,82333,Rhinolophus ferrumequinum,0.025,0.025,-1,Echolocation,/mnt/ubna_data_02_mir/recover-20220922/UBNA_001/20220921_090000.WAV,Telephone Field,recover-20220922,001,1795
1270.1105,1270.1495,68437,81679,Rhinolophus ferrumequinum,0.026,0.026,-1,Echolocation,/mnt/ubna_data_02_mir/recover-20220922/UBNA_001/20220921_090000.WAV,Telephone Field,recover-20220922,001,1795
1270.1185,1270.1525,68437,81071,Rhinolophus ferrumequinum,0.023,0.023,-1,Echolocation,/mnt/ubna_data_02_mir/recover-20220922/UBNA_001/20220921_090000.WAV,Telephone Field,recover-20220922,001,1795
1270.1435,1270.1773,68437,80393,Rhinolophus ferrumequinum,0.026,0.026,-1,Echolocation,/mnt/ubna_data_02_mir/recover-20220922/UBNA_001/20220921_090000.WAV,Telephone Field,recover-20220922,001,1795
1270.1485,1270.1615,35781,41288,Eptesicus serotinus,0.009,0.033,-1,Echolocation,/mnt/ubna_data_02_mir/recover-20220922/UBNA_001/20220921_090000.WAV,Telephone Field,recover-20220922,001,1795
1270.1995,1270.2411,68437,82560,Rhinolophus ferrumequinum,0.024,0.024,-1,Echolocation,/mnt/ubna_data_02_mir/recover-20220922/UBNA_001/20220921_090000.WAV,Telephone Field,recover-20220922,001,1795
1270.2075,1270.2478,68437,82265,Rhinolophus ferrumequinum,0.025,0.025,-1,Echolocation,/mnt/ubna_data_02_mir/recover-20220922/UBNA_001/20220921_090000.WAV,Telephone Field,recover-20220922,001,1795
1270.2385,1270.2794,68437,83043,Rhinolophus ferrumequinum,0.03,0.03,-1,Echolocation,/mnt/ubna_data_02_mir/recover-20220922/UBNA_001/20220921_090000.WAV,Telephone Field,recover-20220922,001,1795
1270.2585,1270.2697,22890,28389,Nyctalus leisleri,0.011,0.023,-1,Echolocation,/mnt/ubna_data_02_mir/recover-20220922/UBNA_001/20220921_090000.WAV,Telephone Field,recover-20220922,001,1795
1270.2625,1270.2995,68437,82019,Rhinolophus ferrumequinum,0.025,0.025,-1,Echolocation,/mnt/ubna_data_02_mir/recover-20220922/UBNA_001/20220921_090000.WAV,Telephone Field,recover-20220922,001,1795
1270.3005,1270.3086,28046,40355,Eptesicus serotinus,0.008,0.022,-1,Echolocation,/mnt/ubna_data_02_mir/recover-20220922/UBNA_001/20220921_090000.WAV,Telephone Field,recover-20220922,001,1795
1270.3555,1270.3646,23750,31113,Nyctalus leisleri,0.007,0.022,-1,Echolocation,/mnt/ubna_data_02_mir/recover-20220922/UBNA_001/20220921_090000.WAV,Telephone Field,recover-20220922,001,1795
1270.3655,1270.3988,68437,80573,Rhinolophus ferrumequinum,0.021,0.022,-1,Echolocation,/mnt/ubna_data_02_mir/recover-20220922/UBNA_001/20220921_090000.WAV,Telephone Field,recover-20220922,001,1795
1270.3725,1270.3813,28046,37563,Eptesicus serotinus,0.008,0.022,-1,Echolocation,/mnt/ubna_data_02_mir/recover-20220922/UBNA_001/20220921_090000.WAV,Telephone Field,recover-20220922,001,1795
1270.3975,1270.4349,68437,81114,Rhinolophus ferrumequinum,0.021,0.021,-1,Echolocation,/mnt/ubna_data_02_mir/recover-20220922/UBNA_001/20220921_090000.WAV,Telephone Field,recover-20220922,001,1795
1270.4075,1270.4471,68437,82276,Rhinolophus ferrumequinum,0.033,0.033,-1,Echolocation,/mnt/ubna_data_02_mir/recover-20220922/UBNA_001/20220921_090000.WAV,Telephone Field,recover-20220922,001,1795
1270.4205,1270.4597,68437,82173,Rhinolophus ferrumequinum,0.026,0.026,-1,Echolocation,/mnt/ubna_data_02_mir/recover-20220922/UBNA_001/20220921_090000.WAV,Telephone Field,recover-20220922,001,1795
1270.4385,1270.4474,28046,40623,Eptesicus serotinus,0.009,0.023,-1,Echolocation,/mnt/ubna_data_02_mir/recover-20220922/UBNA_001/20220921_090000.WAV,Telephone Field,recover-20220922,001,1795
1270.4565,1270.4973,68437,82660,Rhinolophus ferrumequinum,0.035,0.035,-1,Echolocation,/mnt/ubna_data_02_mir/recover-20220922/UBNA_001/20220921_090000.WAV,Telephone Field,recover-20220922,001,1795
1270.5265,1270.5339,23750,32454,Plecotus austriacus,0.01,0.023,-1,Echolocation,/mnt/ubna_data_02_mir/recover-20220922/UBNA_001/20220921_090000.WAV,Telephone Field,recover-20220922,001,1795
1270.5385,1270.5763,68437,81745,Rhinolophus ferrumequinum,0.025,0.025,-1,Echolocation,/mnt/ubna_data_02_mir/recover-20220922/UBNA_001/20220921_090000.WAV,Telephone Field,recover-20220922,001,1795
1270.5525,1270.59,68437,81732,Rhinolophus ferrumequinum,0.022,0.023,-1,Echolocation,/mnt/ubna_data_02_mir/recover-20220922/UBNA_001/20220921_090000.WAV,Telephone Field,recover-20220922,001,1795
1270.5705,1270.6081,68437,82557,Rhinolophus ferrumequinum,0.026,0.026,-1,Echolocation,/mnt/ubna_data_02_mir/recover-20220922/UBNA_001/20220921_090000.WAV,Telephone Field,recover-20220922,001,1795
1270.5715,1270.5799,28046,39615,Eptesicus serotinus,0.007,0.022,-1,Echolocation,/mnt/ubna_data_02_mir/recover-20220922/UBNA_001/20220921_090000.WAV,Telephone Field,recover-20220922,001,1795
1270.5945,1270.6326,68437,82021,Rhinolophus ferrumequinum,0.024,0.024,-1,Echolocation,/mnt/ubna_data_02_mir/recover-20220922/UBNA_001/20220921_090000.WAV,Telephone Field,recover-20220922,001,1795
1270.6085,1270.6469,68437,82543,Rhinolophus ferrumequinum,0.021,0.021,-1,Echolocation,/mnt/ubna_data_02_mir/recover-20220922/UBNA_001/20220921_090000.WAV,Telephone Field,recover-20220922,001,1795
1270.6115,1270.6193,24609,33343,Plecotus austriacus,0.007,0.022,-1,Echolocation,/mnt/ubna_data_02_mir/recover-20220922/UBNA_001/20220921_090000.WAV,Telephone Field,recover-20220922,001,1795
1270.6155,1270.6533,68437,82353,Rhinolophus ferrumequinum,0.021,0.022,-1,Echolocation,/mnt/ubna_data_02_mir/recover-20220922/UBNA_001/20220921_090000.WAV,Telephone Field,recover-20220922,001,1795
1270.6235,1270.6637,68437,82744,Rhinolophus ferrumequinum,0.024,0.024,-1,Echolocation,/mnt/ubna_data_02_mir/recover-20220922/UBNA_001/20220921_090000.WAV,Telephone Field,recover-20220922,001,1795
1270.6305,1270.6399,26328,34610,Eptesicus serotinus,0.011,0.024,-1,Echolocation,/mnt/ubna_data_02_mir/recover-20220922/UBNA_001/20220921_090000.WAV,Telephone Field,recover-20220922,001,1795
1270.6475,1270.6581,27187,35792,Eptesicus serotinus,0.01,0.023,-1,Echolocation,/mnt/ubna_data_02_mir/recover-20220922/UBNA_001/20220921_090000.WAV,Telephone Field,recover-20220922,001,1795
1270.6815,1270.69,28046,39612,Eptesicus serotinus,0.008,0.021,-1,Echolocation,/mnt/ubna_data_02_mir/recover-20220922/UBNA_001/20220921_090000.WAV,Telephone Field,recover-20220922,001,1795
1270.7015,1270.7395,68437,82411,Rhinolophus ferrumequinum,0.029,0.029,-1,Echolocation,/mnt/ubna_data_02_mir/recover-20220922/UBNA_001/20220921_090000.WAV,Telephone Field,recover-20220922,001,1795
1270.7435,1270.7854,68437,82686,Rhinolophus ferrumequinum,0.027,0.027,-1,Echolocation,/mnt/ubna_data_02_mir/recover-20220922/UBNA_001/20220921_090000.WAV,Telephone Field,recover-20220922,001,1795
1270.7585,1270.7696,24609,32054,Eptesicus serotinus,0.011,0.027,-1,Echolocation,/mnt/ubna_data_02_mir/recover-20220922/UBNA_001/20220921_090000.WAV,Telephone Field,recover-20220922,001,1795
1270.7865,1270.8248,68437,82510,Rhinolophus ferrumequinum,0.028,0.028,-1,Echolocation,/mnt/ubna_data_02_mir/recover-20220922/UBNA_001/20220921_090000.WAV,Telephone Field,recover-20220922,001,1795
1270.8555,1270.8963,68437,82311,Rhinolophus ferrumequinum,0.024,0.024,-1,Echolocation,/mnt/ubna_data_02_mir/recover-20220922/UBNA_001/20220921_090000.WAV,Telephone Field,recover-20220922,001,1795
1270.8675,1270.8752,28906,40186,Eptesicus serotinus,0.007,0.022,-1,Echolocation,/mnt/ubna_data_02_mir/recover-20220922/UBNA_001/20220921_090000.WAV,Telephone Field,recover-20220922,001,1795
1270.8865,1270.9274,68437,82882,Rhinolophus ferrumequinum,0.026,0.026,-1,Echolocation,/mnt/ubna_data_02_mir/recover-20220922/UBNA_001/20220921_090000.WAV,Telephone Field,recover-20220922,001,1795
1270.9205,1270.9579,68437,81631,Rhinolophus ferrumequinum,0.023,0.023,-1,Echolocation,/mnt/ubna_data_02_mir/recover-20220922/UBNA_001/20220921_090000.WAV,Telephone Field,recover-20220922,001,1795
1270.9335,1270.9434,27187,35806,Eptesicus serotinus,0.01,0.022,-1,Echolocation,/mnt/ubna_data_02_mir/recover-20220922/UBNA_001/20220921_090000.WAV,Telephone Field,recover-20220922,001,1795
1270.9535,1270.9618,28046,38690,Eptesicus serotinus,0.007,0.022,-1,Echolocation,/mnt/ubna_data_02_mir/recover-20220922/UBNA_001/20220921_090000.WAV,Telephone Field,recover-20220922,001,1795
1270.9825,1270.9948,56406,60998,Pipistrellus pygmaeus,0.024,0.025,-1,Echolocation,/mnt/ubna_data_02_mir/recover-20220922/UBNA_001/20220921_090000.WAV,Telephone Field,recover-20220922,001,1795
1270.9915,1270.9997,27187,37518,Eptesicus serotinus,0.01,0.026,-1,Echolocation,/mnt/ubna_data_02_mir/recover-20220922/UBNA_001/20220921_090000.WAV,Telephone Field,recover-20220922,001,1795
1271.0355,1271.0452,22890,29899,Nyctalus leisleri,0.007,0.023,-1,Echolocation,/mnt/ubna_data_02_mir/recover-20220922/UBNA_001/20220921_090000.WAV,Telephone Field,recover-20220922,001,1795
1271.1075,1271.1508,68437,82742,Rhinolophus ferrumequinum,0.052,0.052,-1,Echolocation,/mnt/ubna_data_02_mir/recover-20220922/UBNA_001/20220921_090000.WAV,Telephone Field,recover-20220922,001,1795
1271.1075,1271.1196,28046,34552,Eptesicus serotinus,0.014,0.028,-1,Echolocation,/mnt/ubna_data_02_mir/recover-20220922/UBNA_001/20220921_090000.WAV,Telephone Field,recover-20220922,001,1795
1271.1275,1271.1663,68437,82588,Rhinolophus ferrumequinum,0.027,0.027,-1,Echolocation,/mnt/ubna_data_02_mir/recover-20220922/UBNA_001/20220921_090000.WAV,Telephone Field,recover-20220922,001,1795
1271.1365,1271.1448,26328,36305,Eptesicus serotinus,0.008,0.021,-1,Echolocation,/mnt/ubna_data_02_mir/recover-20220922/UBNA_001/20220921_090000.WAV,Telephone Field,recover-20220922,001,1795
1271.1365,1271.1763,68437,82766,Rhinolophus ferrumequinum,0.024,0.024,-1,Echolocation,/mnt/ubna_data_02_mir/recover-20220922/UBNA_001/20220921_090000.WAV,Telephone Field,recover-20220922,001,1795
1271.1875,1271.2255,68437,81635,Rhinolophus ferrumequinum,0.023,0.023,-1,Echolocation,/mnt/ubna_data_02_mir/recover-20220922/UBNA_001/20220921_090000.WAV,Telephone Field,recover-20220922,001,1795
1271.2095,1271.2228,27187,34098,Eptesicus serotinus,0.024,0.043,-1,Echolocation,/mnt/ubna_data_02_mir/recover-20220922/UBNA_001/20220921_090000.WAV,Telephone Field,recover-20220922,001,1795
1271.2165,1271.2303,27187,32470,Eptesicus serotinus,0.015,0.037,-1,Echolocation,/mnt/ubna_data_02_mir/recover-20220922/UBNA_001/20220921_090000.WAV,Telephone Field,recover-20220922,001,1795
1271.2255,1271.2652,68437,82257,Rhinolophus ferrumequinum,0.023,0.023,-1,Echolocation,/mnt/ubna_data_02_mir/recover-20220922/UBNA_001/20220921_090000.WAV,Telephone Field,recover-20220922,001,1795
1271.2345,1271.275,68437,82306,Rhinolophus ferrumequinum,0.028,0.028,-1,Echolocation,/mnt/ubna_data_02_mir/recover-20220922/UBNA_001/20220921_090000.WAV,Telephone Field,recover-20220922,001,1795
1271.2355,1271.2459,49531,53519,Pipistrellus pipistrellus,0.045,0.052,-1,Echolocation,/mnt/ubna_data_02_mir/recover-20220922/UBNA_001/20220921_090000.WAV,Telephone Field,recover-20220922,001,1795
1271.2485,1271.2594,22890,28336,Nyctalus leisleri,0.011,0.025,-1,Echolocation,/mnt/ubna_data_02_mir/recover-20220922/UBNA_001/20220921_090000.WAV,Telephone Field,recover-20220922,001,1795
1271.2655,1271.3071,68437,82478,Rhinolophus ferrumequinum,0.028,0.028,-1,Echolocation,/mnt/ubna_data_02_mir/recover-20220922/UBNA_001/20220921_090000.WAV,Telephone Field,recover-20220922,001,1795
1271.2835,1271.3223,68437,82332,Rhinolophus ferrumequinum,0.022,0.022,-1,Echolocation,/mnt/ubna_data_02_mir/recover-20220922/UBNA_001/20220921_090000.WAV,Telephone Field,recover-20220922,001,1795
1271.2955,1271.3027,24609,34216,Plecotus austriacus,0.01,0.027,-1,Echolocation,/mnt/ubna_data_02_mir/recover-20220922/UBNA_001/20220921_090000.WAV,Telephone Field,recover-20220922,001,1795
1271.3155,1271.3554,68437,82350,Rhinolophus ferrumequinum,0.033,0.033,-1,Echolocation,/mnt/ubna_data_02_mir/recover-20220922/UBNA_001/20220921_090000.WAV,Telephone Field,recover-20220922,001,1795
1271.3175,1271.3369,20312,24376,Nyctalus noctula,0.023,0.046,-1,Echolocation,/mnt/ubna_data_02_mir/recover-20220922/UBNA_001/20220921_090000.WAV,Telephone Field,recover-20220922,001,1795
1271.3515,1271.3899,68437,81926,Rhinolophus ferrumequinum,0.022,0.022,-1,Echolocation,/mnt/ubna_data_02_mir/recover-20220922/UBNA_001/20220921_090000.WAV,Telephone Field,recover-20220922,001,1795
1271.3515,1271.3694,22031,25529,Nyctalus leisleri,0.025,0.04,-1,Echolocation,/mnt/ubna_data_02_mir/recover-20220922/UBNA_001/20220921_090000.WAV,Telephone Field,recover-20220922,001,1795
1271.3695,1271.4102,68437,82624,Rhinolophus ferrumequinum,0.022,0.022,-1,Echolocation,/mnt/ubna_data_02_mir/recover-20220922/UBNA_001/20220921_090000.WAV,Telephone Field,recover-20220922,001,1795
1271.4885,1271.4974,22890,30173,Plecotus austriacus,0.012,0.035,-1,Echolocation,/mnt/ubna_data_02_mir/recover-20220922/UBNA_001/20220921_090000.WAV,Telephone Field,recover-20220922,001,1795
1271.5795,1271.6147,68437,81418,Rhinolophus ferrumequinum,0.022,0.022,-1,Echolocation,/mnt/ubna_data_02_mir/recover-20220922/UBNA_001/20220921_090000.WAV,Telephone Field,recover-20220922,001,1795
1271.5835,1271.5941,26328,34651,Eptesicus serotinus,0.012,0.023,-1,Echolocation,/mnt/ubna_data_02_mir/recover-20220922/UBNA_001/20220921_090000.WAV,Telephone Field,recover-20220922,001,1795
1271.6185,1271.6596,68437,83075,Rhinolophus ferrumequinum,0.031,0.031,-1,Echolocation,/mnt/ubna_data_02_mir/recover-20220922/UBNA_001/20220921_090000.WAV,Telephone Field,recover-20220922,001,1795
1271.6365,1271.6466,22890,28939,Nyctalus leisleri,0.011,0.026,-1,Echolocation,/mnt/ubna_data_02_mir/recover-20220922/UBNA_001/20220921_090000.WAV,Telephone Field,recover-20220922,001,1795
1271.6465,1271.6854,68437,81622,Rhinolophus ferrumequinum,0.022,0.022,-1,Echolocation,/mnt/ubna_data_02_mir/recover-20220922/UBNA_001/20220921_090000.WAV,Telephone Field,recover-20220922,001,1795
1271.6735,1271.7132,68437,82416,Rhinolophus ferrumequinum,0.037,0.037,-1,Echolocation,/mnt/ubna_data_02_mir/recover-20220922/UBNA_001/20220921_090000.WAV,Telephone Field,recover-20220922,001,1795
1271.6875,1271.6957,28046,38093,Eptesicus serotinus,0.008,0.022,-1,Echolocation,/mnt/ubna_data_02_mir/recover-20220922/UBNA_001/20220921_090000.WAV,Telephone Field,recover-20220922,001,1795
1271.7255,1271.7646,68437,82496,Rhinolophus ferrumequinum,0.024,0.024,-1,Echolocation,/mnt/ubna_data_02_mir/recover-20220922/UBNA_001/20220921_090000.WAV,Telephone Field,recover-20220922,001,1795
1271.7525,1271.7901,68437,82107,Rhinolophus ferrumequinum,0.024,0.024,-1,Echolocation,/mnt/ubna_data_02_mir/recover-20220922/UBNA_001/20220921_090000.WAV,Telephone Field,recover-20220922,001,1795
1271.8105,1271.8212,22031,27044,Nyctalus leisleri,0.011,0.025,-1,Echolocation,/mnt/ubna_data_02_mir/recover-20220922/UBNA_001/20220921_090000.WAV,Telephone Field,recover-20220922,001,1795
1271.8195,1271.8617,68437,82821,Rhinolophus ferrumequinum,0.043,0.043,-1,Echolocation,/mnt/ubna_data_02_mir/recover-20220922/UBNA_001/20220921_090000.WAV,Telephone Field,recover-20220922,001,1795
1271.8405,1271.8545,22890,27284,Nyctalus leisleri,0.016,0.029,-1,Echolocation,/mnt/ubna_data_02_mir/recover-20220922/UBNA_001/20220921_090000.WAV,Telephone Field,recover-20220922,001,1795
1271.8555,1271.8926,68437,81720,Rhinolophus ferrumequinum,0.028,0.028,-1,Echolocation,/mnt/ubna_data_02_mir/recover-20220922/UBNA_001/20220921_090000.WAV,Telephone Field,recover-20220922,001,1795
1271.8915,1271.9004,28906,37470,Eptesicus serotinus,0.009,0.022,-1,Echolocation,/mnt/ubna_data_02_mir/recover-20220922/UBNA_001/20220921_090000.WAV,Telephone Field,recover-20220922,001,1795
1271.9015,1271.9437,68437,82965,Rhinolophus ferrumequinum,0.029,0.029,-1,Echolocation,/mnt/ubna_data_02_mir/recover-20220922/UBNA_001/20220921_090000.WAV,Telephone Field,recover-20220922,001,1795
1271.9225,1271.9328,23750,29719,Nyctalus leisleri,0.01,0.025,-1,Echolocation,/mnt/ubna_data_02_mir/recover-20220922/UBNA_001/20220921_090000.WAV,Telephone Field,recover-20220922,001,1795
1271.9325,1271.9461,15156,21248,Nyctalus noctula,0.018,0.026,-1,Echolocation,/mnt/ubna_data_02_mir/recover-20220922/UBNA_001/20220921_090000.WAV,Telephone Field,recover-20220922,001,1795
1271.9405,1271.9505,28046,36280,Eptesicus serotinus,0.01,0.022,-1,Echolocation,/mnt/ubna_data_02_mir/recover-20220922/UBNA_001/20220921_090000.WAV,Telephone Field,recover-20220922,001,1795
1271.9565,1271.9928,68437,81109,Rhinolophus ferrumequinum,0.031,0.031,-1,Echolocation,/mnt/ubna_data_02_mir/recover-20220922/UBNA_001/20220921_090000.WAV,Telephone Field,recover-20220922,001,1795
1271.9775,1271.9869,25468,33610,Eptesicus serotinus,0.01,0.035,-1,Echolocation,/mnt/ubna_data_02_mir/recover-20220922/UBNA_001/20220921_090000.WAV,Telephone Field,recover-20220922,001,1795
1272.0015,1272.0101,21171,27496,Nyctalus leisleri,0.008,0.028,-1,Echolocation,/mnt/ubna_data_02_mir/recover-20220922/UBNA_001/20220921_090000.WAV,Telephone Field,recover-20220922,001,1795
1272.0015,1272.0333,69296,80734,Rhinolophus ferrumequinum,0.034,0.034,-1,Echolocation,/mnt/ubna_data_02_mir/recover-20220922/UBNA_001/20220921_090000.WAV,Telephone Field,recover-20220922,001,1795
1272.0295,1272.0724,68437,83329,Rhinolophus ferrumequinum,0.024,0.024,-1,Echolocation,/mnt/ubna_data_02_mir/recover-20220922/UBNA_001/20220921_090000.WAV,Telephone Field,recover-20220922,001,1795
1272.0305,1272.0373,28046,38730,Eptesicus serotinus,0.006,0.022,-1,Echolocation,/mnt/ubna_data_02_mir/recover-20220922/UBNA_001/20220921_090000.WAV,Telephone Field,recover-20220922,001,1795
1272.0505,1272.0895,68437,82271,Rhinolophus ferrumequinum,0.021,0.021,-1,Echolocation,/mnt/ubna_data_02_mir/recover-20220922/UBNA_001/20220921_090000.WAV,Telephone Field,recover-20220922,001,1795
1272.0615,1272.0988,68437,81854,Rhinolophus ferrumequinum,0.021,0.021,-1,Echolocation,/mnt/ubna_data_02_mir/recover-20220922/UBNA_001/20220921_090000.WAV,Telephone Field,recover-20220922,001,1795
1272.0735,1272.1151,68437,82905,Rhinolophus ferrumequinum,0.024,0.024,-1,Echolocation,/mnt/ubna_data_02_mir/recover-20220922/UBNA_001/20220921_090000.WAV,Telephone Field,recover-20220922,001,1795
1272.0785,1272.0898,22890,28183,Nyctalus leisleri,0.013,0.027,-1,Echolocation,/mnt/ubna_data_02_mir/recover-20220922/UBNA_001/20220921_090000.WAV,Telephone Field,recover-20220922,001,1795
1272.1285,1272.1677,68437,82501,Rhinolophus ferrumequinum,0.026,0.026,-1,Echolocation,/mnt/ubna_data_02_mir/recover-20220922/UBNA_001/20220921_090000.WAV,Telephone Field,recover-20220922,001,1795
1272.1375,1272.1731,68437,81503,Rhinolophus ferrumequinum,0.021,0.021,-1,Echolocation,/mnt/ubna_data_02_mir/recover-20220922/UBNA_001/20220921_090000.WAV,Telephone Field,recover-20220922,001,1795
1272.1575,1272.1985,68437,82182,Rhinolophus ferrumequinum,0.023,0.023,-1,Echolocation,/mnt/ubna_data_02_mir/recover-20220922/UBNA_001/20220921_090000.WAV,Telephone Field,recover-20220922,001,1795
1272.1735,1272.2134,68437,82636,Rhinolophus ferrumequinum,0.021,0.021,-1,Echolocation,/mnt/ubna_data_02_mir/recover-20220922/UBNA_001/20220921_090000.WAV,Telephone Field,recover-20220922,001,1795
1272.1935,1272.2332,68437,82995,Rhinolophus ferrumequinum,0.022,0.022,-1,Echolocation,/mnt/ubna_data_02_mir/recover-20220922/UBNA_001/20220921_090000.WAV,Telephone Field,recover-20220922,001,1795
1272.2195,1272.2561,68437,82214,Rhinolophus ferrumequinum,0.022,0.022,-1,Echolocation,/mnt/ubna_data_02_mir/recover-20220922/UBNA_001/20220921_090000.WAV,Telephone Field,recover-20220922,001,1795
1272.2365,1272.2472,22890,27937,Nyctalus leisleri,0.012,0.024,-1,Echolocation,/mnt/ubna_data_02_mir/recover-20220922/UBNA_001/20220921_090000.WAV,Telephone Field,recover-20220922,001,1795
1272.2645,1272.2745,24609,30805,Nyctalus leisleri,0.008,0.023,-1,Echolocation,/mnt/ubna_data_02_mir/recover-20220922/UBNA_001/20220921_090000.WAV,Telephone Field,recover-20220922,001,1795
1272.3005,1272.3355999999999,68437,81740,Rhinolophus ferrumequinum,0.023,0.023,-1,Echolocation,/mnt/ubna_data_02_mir/recover-20220922/UBNA_001/20220921_090000.WAV,Telephone Field,recover-20220922,001,1795
1272.3165,1272.3243,24609,33392,Plecotus austriacus,0.006,0.021,-1,Echolocation,/mnt/ubna_data_02_mir/recover-20220922/UBNA_001/20220921_090000.WAV,Telephone Field,recover-20220922,001,1795
1272.3445,1272.3546,22890,29553,Nyctalus leisleri,0.01,0.027,-1,Echolocation,/mnt/ubna_data_02_mir/recover-20220922/UBNA_001/20220921_090000.WAV,Telephone Field,recover-20220922,001,1795
1272.3545,1272.3758,20312,23198,Nyctalus leisleri,0.024,0.042,-1,Echolocation,/mnt/ubna_data_02_mir/recover-20220922/UBNA_001/20220921_090000.WAV,Telephone Field,recover-20220922,001,1795
1272.3595,1272.3675,28046,36666,Eptesicus serotinus,0.008,0.022,-1,Echolocation,/mnt/ubna_data_02_mir/recover-20220922/UBNA_001/20220921_090000.WAV,Telephone Field,recover-20220922,001,1795
1272.3615,1272.3691,50390,58335,Pipistrellus pipistrellus,0.023,0.029,-1,Echolocation,/mnt/ubna_data_02_mir/recover-20220922/UBNA_001/20220921_090000.WAV,Telephone Field,recover-20220922,001,1795
1272.4085,1272.4264,22031,25918,Nyctalus leisleri,0.014,0.026,-1,Echolocation,/mnt/ubna_data_02_mir/recover-20220922/UBNA_001/20220921_090000.WAV,Telephone Field,recover-20220922,001,1795
1272.4465,1272.4877,68437,82116,Rhinolophus ferrumequinum,0.023,0.023,-1,Echolocation,/mnt/ubna_data_02_mir/recover-20220922/UBNA_001/20220921_090000.WAV,Telephone Field,recover-20220922,001,1795
1272.4475,1272.4575,22890,27962,Nyctalus leisleri,0.01,0.022,-1,Echolocation,/mnt/ubna_data_02_mir/recover-20220922/UBNA_001/20220921_090000.WAV,Telephone Field,recover-20220922,001,1795
1272.4685,1272.5072,68437,82095,Rhinolophus ferrumequinum,0.021,0.021,-1,Echolocation,/mnt/ubna_data_02_mir/recover-20220922/UBNA_001/20220921_090000.WAV,Telephone Field,recover-20220922,001,1795
1272.4705,1272.4804,25468,32205,Eptesicus serotinus,0.011,0.03,-1,Echolocation,/mnt/ubna_data_02_mir/recover-20220922/UBNA_001/20220921_090000.WAV,Telephone Field,recover-20220922,001,1795
1272.5385,1272.5813,68437,82384,Rhinolophus ferrumequinum,0.024,0.024,-1,Echolocation,/mnt/ubna_data_02_mir/recover-20220922/UBNA_001/20220921_090000.WAV,Telephone Field,recover-20220922,001,1795
1272.5435,1272.5522,30625,42815,Myotis daubentonii,0.007,0.025,-1,Echolocation,/mnt/ubna_data_02_mir/recover-20220922/UBNA_001/20220921_090000.WAV,Telephone Field,recover-20220922,001,1795
1272.5515,1272.59,68437,82318,Rhinolophus ferrumequinum,0.021,0.021,-1,Echolocation,/mnt/ubna_data_02_mir/recover-20220922/UBNA_001/20220921_090000.WAV,Telephone Field,recover-20220922,001,1795
1272.5935,1272.634,68437,82240,Rhinolophus ferrumequinum,0.025,0.025,-1,Echolocation,/mnt/ubna_data_02_mir/recover-20220922/UBNA_001/20220921_090000.WAV,Telephone Field,recover-20220922,001,1795
1272.6015,1272.6407,68437,82634,Rhinolophus ferrumequinum,0.021,0.021,-1,Echolocation,/mnt/ubna_data_02_mir/recover-20220922/UBNA_001/20220921_090000.WAV,Telephone Field,recover-20220922,001,1795
1272.6075,1272.6463,68437,82455,Rhinolophus ferrumequinum,0.022,0.022,-1,Echolocation,/mnt/ubna_data_02_mir/recover-20220922/UBNA_001/20220921_090000.WAV,Telephone Field,recover-20220922,001,1795
1272.6655,1272.6767,23750,29413,Nyctalus leisleri,0.014,0.031,-1,Echolocation,/mnt/ubna_data_02_mir/recover-20220922/UBNA_001/20220921_090000.WAV,Telephone Field,recover-20220922,001,1795
1272.6675,1272.7076,68437,82715,Rhinolophus ferrumequinum,0.028,0.028,-1,Echolocation,/mnt/ubna_data_02_mir/recover-20220922/UBNA_001/20220921_090000.WAV,Telephone Field,recover-20220922,001,1795
1272.7615,1272.7727,28906,35078,Eptesicus serotinus,0.017,0.032,-1,Echolocation,/mnt/ubna_data_02_mir/recover-20220922/UBNA_001/20220921_090000.WAV,Telephone Field,recover-20220922,001,1795
1272.7855,1272.8263,68437,81951,Rhinolophus ferrumequinum,0.028,0.028,-1,Echolocation,/mnt/ubna_data_02_mir/recover-20220922/UBNA_001/20220921_090000.WAV,Telephone Field,recover-20220922,001,1795
1272.7875,1272.7972,25468,31944,Nyctalus leisleri,0.007,0.022,-1,Echolocation,/mnt/ubna_data_02_mir/recover-20220922/UBNA_001/20220921_090000.WAV,Telephone Field,recover-20220922,001,1795
1272.8135,1272.8538,68437,82295,Rhinolophus ferrumequinum,0.021,0.021,-1,Echolocation,/mnt/ubna_data_02_mir/recover-20220922/UBNA_001/20220921_090000.WAV,Telephone Field,recover-20220922,001,1795
1272.8335,1272.8711,68437,82075,Rhinolophus ferrumequinum,0.023,0.023,-1,Echolocation,/mnt/ubna_data_02_mir/recover-20220922/UBNA_001/20220921_090000.WAV,Telephone Field,recover-20220922,001,1795
1272.8435,1272.8817,68437,82107,Rhinolophus ferrumequinum,0.025,0.025,-1,Echolocation,/mnt/ubna_data_02_mir/recover-20220922/UBNA_001/20220921_090000.WAV,Telephone Field,recover-20220922,001,1795
1272.8595,1272.8687,45234,52648,Pipistrellus pipistrellus,0.016,0.021,-1,Echolocation,/mnt/ubna_data_02_mir/recover-20220922/UBNA_001/20220921_090000.WAV,Telephone Field,recover-20220922,001,1795
1272.8625,1272.8732,23750,29761,Nyctalus leisleri,0.01,0.024,-1,Echolocation,/mnt/ubna_data_02_mir/recover-20220922/UBNA_001/20220921_090000.WAV,Telephone Field,recover-20220922,001,1795
1272.8705,1272.8794,28046,38685,Eptesicus serotinus,0.01,0.026,-1,Echolocation,/mnt/ubna_data_02_mir/recover-20220922/UBNA_001/20220921_090000.WAV,Telephone Field,recover-20220922,001,1795
1272.8805,1272.8923,22890,27330,Nyctalus leisleri,0.015,0.026,-1,Echolocation,/mnt/ubna_data_02_mir/recover-20220922/UBNA_001/20220921_090000.WAV,Telephone Field,recover-20220922,001,1795
1272.8985,1272.9374,68437,81839,Rhinolophus ferrumequinum,0.022,0.022,-1,Echolocation,/mnt/ubna_data_02_mir/recover-20220922/UBNA_001/20220921_090000.WAV,Telephone Field,recover-20220922,001,1795
1272.9165,1272.9238,23750,31896,Plecotus austriacus,0.009,0.021,-1,Echolocation,/mnt/ubna_data_02_mir/recover-20220922/UBNA_001/20220921_090000.WAV,Telephone Field,recover-20220922,001,1795
1272.9435,1272.951,23750,32021,Plecotus austriacus,0.009,0.021,-1,Echolocation,/mnt/ubna_data_02_mir/recover-20220922/UBNA_001/20220921_090000.WAV,Telephone Field,recover-20220922,001,1795
1272.9445,1272.9836,68437,82523,Rhinolophus ferrumequinum,0.022,0.022,-1,Echolocation,/mnt/ubna_data_02_mir/recover-20220922/UBNA_001/20220921_090000.WAV,Telephone Field,recover-20220922,001,1795
1272.9475,1272.9576,31484,38501,Eptesicus serotinus,0.006,0.021,-1,Echolocation,/mnt/ubna_data_02_mir/recover-20220922/UBNA_001/20220921_090000.WAV,Telephone Field,recover-20220922,001,1795
1273.0045,1273.0235,19453,22447,Nyctalus leisleri,0.019,0.035,-1,Echolocation,/mnt/ubna_data_02_mir/recover-20220922/UBNA_001/20220921_090000.WAV,Telephone Field,recover-20220922,001,1795
1273.0145,1273.0526,68437,81621,Rhinolophus ferrumequinum,0.022,0.022,-1,Echolocation,/mnt/ubna_data_02_mir/recover-20220922/UBNA_001/20220921_090000.WAV,Telephone Field,recover-20220922,001,1795
1273.0535,1273.0639,28906,34839,Eptesicus serotinus,0.012,0.025,-1,Echolocation,/mnt/ubna_data_02_mir/recover-20220922/UBNA_001/20220921_090000.WAV,Telephone Field,recover-20220922,001,1795
1273.0755,1273.1134,68437,81641,Rhinolophus ferrumequinum,0.022,0.022,-1,Echolocation,/mnt/ubna_data_02_mir/recover-20220922/UBNA_001/20220921_090000.WAV,Telephone Field,recover-20220922,001,1795
1273.0845,1273.1254,68437,82228,Rhinolophus ferrumequinum,0.022,0.022,-1,Echolocation,/mnt/ubna_data_02_mir/recover-20220922/UBNA_001/20220921_090000.WAV,Telephone Field,recover-20220922,001,1795
1273.1075,1273.1496,68437,82890,Rhinolophus ferrumequinum,0.024,0.024,-1,Echolocation,/mnt/ubna_data_02_mir/recover-20220922/UBNA_001/20220921_090000.WAV,Telephone Field,recover-20220922,001,1795
1273.1095,1273.1176,46093,51392,Pipistrellus pipistrellus,0.022,0.023,-1,Echolocation,/mnt/ubna_data_02_mir/recover-20220922/UBNA_001/20220921_090000.WAV,Telephone Field,recover-20220922,001,1795
1273.1325,1273.1736,68437,82569,Rhinolophus ferrumequinum,0.026,0.026,-1,Echolocation,/mnt/ubna_data_02_mir/recover-20220922/UBNA_001/20220921_090000.WAV,Telephone Field,recover-20220922,001,1795
1273.1555,1273.1938,68437,81694,Rhinolophus ferrumequinum,0.021,0.021,-1,Echolocation,/mnt/ubna_data_02_mir/recover-20220922/UBNA_001/20220921_090000.WAV,Telephone Field,recover-20220922,001,1795
1273.1865,1273.1932,27187,40405,Eptesicus serotinus,0.006,0.023,-1,Echolocation,/mnt/ubna_data_02_mir/recover-20220922/UBNA_001/20220921_090000.WAV,Telephone Field,recover-20220922,001,1795
1273.2245,1273.2326,28046,40562,Eptesicus serotinus,0.007,0.022,-1,Echolocation,/mnt/ubna_data_02_mir/recover-20220922/UBNA_001/20220921_090000.WAV,Telephone Field,recover-20220922,001,1795
1273.2365,1273.2738,68437,81598,Rhinolophus ferrumequinum,0.024,0.024,-1,Echolocation,/mnt/ubna_data_02_mir/recover-20220922/UBNA_001/20220921_090000.WAV,Telephone Field,recover-20220922,001,1795
1273.2795,1273.3175,68437,82137,Rhinolophus ferrumequinum,0.024,0.024,-1,Echolocation,/mnt/ubna_data_02_mir/recover-20220922/UBNA_001/20220921_090000.WAV,Telephone Field,recover-20220922,001,1795
1273.2935,1273.3347,68437,82586,Rhinolophus ferrumequinum,0.022,0.022,-1,Echolocation,/mnt/ubna_data_02_mir/recover-20220922/UBNA_001/20220921_090000.WAV,Telephone Field,recover-20220922,001,1795
1273.2985,1273.3376,68437,82606,Rhinolophus ferrumequinum,0.022,0.022,-1,Echolocation,/mnt/ubna_data_02_mir/recover-20220922/UBNA_001/20220921_090000.WAV,Telephone Field,recover-20220922,001,1795
1273.3115,1273.353,68437,83027,Rhinolophus ferrumequinum,0.024,0.024,-1,Echolocation,/mnt/ubna_data_02_mir/recover-20220922/UBNA_001/20220921_090000.WAV,Telephone Field,recover-20220922,001,1795
1273.3125,1273.3223,24609,31845,Nyctalus leisleri,0.008,0.023,-1,Echolocation,/mnt/ubna_data_02_mir/recover-20220922/UBNA_001/20220921_090000.WAV,Telephone Field,recover-20220922,001,1795
1273.3215,1273.3306,28906,36384,Eptesicus serotinus,0.008,0.021,-1,Echolocation,/mnt/ubna_data_02_mir/recover-20220922/UBNA_001/20220921_090000.WAV,Telephone Field,recover-20220922,001,1795
1273.3695,1273.4093,68437,82847,Rhinolophus ferrumequinum,0.026,0.026,-1,Echolocation,/mnt/ubna_data_02_mir/recover-20220922/UBNA_001/20220921_090000.WAV,Telephone Field,recover-20220922,001,1795
1273.3775,1273.4187,68437,82583,Rhinolophus ferrumequinum,0.026,0.026,-1,Echolocation,/mnt/ubna_data_02_mir/recover-20220922/UBNA_001/20220921_090000.WAV,Telephone Field,recover-20220922,001,1795
1273.4025,1273.4411,68437,82156,Rhinolophus ferrumequinum,0.023,0.023,-1,Echolocation,/mnt/ubna_data_02_mir/recover-20220922/UBNA_001/20220921_090000.WAV,Telephone Field,recover-20220922,001,1795
1273.4115,1273.4273,22890,27084,Nyctalus leisleri,0.018,0.032,-1,Echolocation,/mnt/ubna_data_02_mir/recover-20220922/UBNA_001/20220921_090000.WAV,Telephone Field,recover-20220922,001,1795
1273.4285,1273.4645,68437,82330,Rhinolophus ferrumequinum,0.021,0.021,-1,Echolocation,/mnt/ubna_data_02_mir/recover-20220922/UBNA_001/20220921_090000.WAV,Telephone Field,recover-20220922,001,1795
1273.4305,1273.4377,27187,40385,Eptesicus serotinus,0.006,0.022,-1,Echolocation,/mnt/ubna_data_02_mir/recover-20220922/UBNA_001/20220921_090000.WAV,Telephone Field,recover-20220922,001,1795
1273.4725,1273.512,68437,81659,Rhinolophus ferrumequinum,0.023,0.023,-1,Echolocation,/mnt/ubna_data_02_mir/recover-20220922/UBNA_001/20220921_090000.WAV,Telephone Field,recover-20220922,001,1795
1273.4875,1273.5055,19453,23798,Nyctalus noctula,0.016,0.032,-1,Echolocation,/mnt/ubna_data_02_mir/recover-20220922/UBNA_001/20220921_090000.WAV,Telephone Field,recover-20220922,001,1795
1273.4885,1273.4962,27187,35402,Eptesicus serotinus,0.007,0.023,-1,Echolocation,/mnt/ubna_data_02_mir/recover-20220922/UBNA_001/20220921_090000.WAV,Telephone Field,recover-20220922,001,1795
1273.4995,1273.5085,48671,54812,Pipistrellus pipistrellus,0.02,0.023,-1,Echolocation,/mnt/ubna_data_02_mir/recover-20220922/UBNA_001/20220921_090000.WAV,Telephone Field,recover-20220922,001,1795
1273.5085,1273.5196,27187,34495,Eptesicus serotinus,0.014,0.029,-1,Echolocation,/mnt/ubna_data_02_mir/recover-20220922/UBNA_001/20220921_090000.WAV,Telephone Field,recover-20220922,001,1795
1273.5345,1273.5411,23750,33022,Plecotus austriacus,0.012,0.025,-1,Echolocation,/mnt/ubna_data_02_mir/recover-20220922/UBNA_001/20220921_090000.WAV,Telephone Field,recover-20220922,001,1795
1273.5355,1273.5782,68437,82938,Rhinolophus ferrumequinum,0.026,0.026,-1,Echolocation,/mnt/ubna_data_02_mir/recover-20220922/UBNA_001/20220921_090000.WAV,Telephone Field,recover-20220922,001,1795
1273.5495,1273.5895,68437,82514,Rhinolophus ferrumequinum,0.023,0.023,-1,Echolocation,/mnt/ubna_data_02_mir/recover-20220922/UBNA_001/20220921_090000.WAV,Telephone Field,recover-20220922,001,1795
1273.5715,1273.6123,68437,82136,Rhinolophus ferrumequinum,0.023,0.023,-1,Echolocation,/mnt/ubna_data_02_mir/recover-20220922/UBNA_001/20220921_090000.WAV,Telephone Field,recover-20220922,001,1795
1273.5985,1273.6059,23750,31902,Plecotus austriacus,0.014,0.027,-1,Echolocation,/mnt/ubna_data_02_mir/recover-20220922/UBNA_001/20220921_090000.WAV,Telephone Field,recover-20220922,001,1795
1273.6175,1273.6585,68437,82494,Rhinolophus ferrumequinum,0.025,0.025,-1,Echolocation,/mnt/ubna_data_02_mir/recover-20220922/UBNA_001/20220921_090000.WAV,Telephone Field,recover-20220922,001,1795
1273.6425,1273.6868,68437,83027,Rhinolophus ferrumequinum,0.046,0.046,-1,Echolocation,/mnt/ubna_data_02_mir/recover-20220922/UBNA_001/20220921_090000.WAV,Telephone Field,recover-20220922,001,1795
1273.6755,1273.7117,68437,80930,Rhinolophus ferrumequinum,0.022,0.022,-1,Echolocation,/mnt/ubna_data_02_mir/recover-20220922/UBNA_001/20220921_090000.WAV,Telephone Field,recover-20220922,001,1795
1273.6915,1273.7031,28906,33802,Eptesicus serotinus,0.01,0.022,-1,Echolocation,/mnt/ubna_data_02_mir/recover-20220922/UBNA_001/20220921_090000.WAV,Telephone Field,recover-20220922,001,1795
1273.6965,1273.7077,28906,34042,Eptesicus serotinus,0.009,0.022,-1,Echolocation,/mnt/ubna_data_02_mir/recover-20220922/UBNA_001/20220921_090000.WAV,Telephone Field,recover-20220922,001,1795
1273.7035,1273.7421,68437,81872,Rhinolophus ferrumequinum,0.023,0.023,-1,Echolocation,/mnt/ubna_data_02_mir/recover-20220922/UBNA_001/20220921_090000.WAV,Telephone Field,recover-20220922,001,1795
1273.7115,1273.7481,68437,82703,Rhinolophus ferrumequinum,0.024,0.025,-1,Echolocation,/mnt/ubna_data_02_mir/recover-20220922/UBNA_001/20220921_090000.WAV,Telephone Field,recover-20220922,001,1795
1273.7315,1273.7487,23750,27641,Nyctalus leisleri,0.018,0.032,-1,Echolocation,/mnt/ubna_data_02_mir/recover-20220922/UBNA_001/20220921_090000.WAV,Telephone Field,recover-20220922,001,1795
1273.7445,1273.7513,26328,39342,Myotis nattereri,0.005,0.023,-1,Echolocation,/mnt/ubna_data_02_mir/recover-20220922/UBNA_001/20220921_090000.WAV,Telephone Field,recover-20220922,001,1795
1273.7555,1273.7921,68437,82085,Rhinolophus ferrumequinum,0.029,0.029,-1,Echolocation,/mnt/ubna_data_02_mir/recover-20220922/UBNA_001/20220921_090000.WAV,Telephone Field,recover-20220922,001,1795
1273.8305,1273.8382,46093,49322,Pipistrellus pipistrellus,0.022,0.023,-1,Echolocation,/mnt/ubna_data_02_mir/recover-20220922/UBNA_001/20220921_090000.WAV,Telephone Field,recover-20220922,001,1795
1273.8315,1273.8709,68437,82801,Rhinolophus ferrumequinum,0.026,0.026,-1,Echolocation,/mnt/ubna_data_02_mir/recover-20220922/UBNA_001/20220921_090000.WAV,Telephone Field,recover-20220922,001,1795
1273.8455,1273.8851,68437,82112,Rhinolophus ferrumequinum,0.021,0.021,-1,Echolocation,/mnt/ubna_data_02_mir/recover-20220922/UBNA_001/20220921_090000.WAV,Telephone Field,recover-20220922,001,1795
1273.8505,1273.8604,22890,29629,Nyctalus leisleri,0.009,0.027,-1,Echolocation,/mnt/ubna_data_02_mir/recover-20220922/UBNA_001/20220921_090000.WAV,Telephone Field,recover-20220922,001,1795
1273.8665,1273.8754,28906,37034,Eptesicus serotinus,0.012,0.031,-1,Echolocation,/mnt/ubna_data_02_mir/recover-20220922/UBNA_001/20220921_090000.WAV,Telephone Field,recover-20220922,001,1795
1273.8755,1273.9131,68437,82232,Rhinolophus ferrumequinum,0.023,0.023,-1,Echolocation,/mnt/ubna_data_02_mir/recover-20220922/UBNA_001/20220921_090000.WAV,Telephone Field,recover-20220922,001,1795
1273.9045,1273.9424,68437,82075,Rhinolophus ferrumequinum,0.03,0.03,-1,Echolocation,/mnt/ubna_data_02_mir/recover-20220922/UBNA_001/20220921_090000.WAV,Telephone Field,recover-20220922,001,1795
1273.9055,1273.9128,28046,40865,Eptesicus serotinus,0.007,0.023,-1,Echolocation,/mnt/ubna_data_02_mir/recover-20220922/UBNA_001/20220921_090000.WAV,Telephone Field,recover-20220922,001,1795
1273.9395,1273.9469,23750,32258,Plecotus austriacus,0.012,0.024,-1,Echolocation,/mnt/ubna_data_02_mir/recover-20220922/UBNA_001/20220921_090000.WAV,Telephone Field,recover-20220922,001,1795
1273.9405,1273.9481,28046,39200,Eptesicus serotinus,0.007,0.025,-1,Echolocation,/mnt/ubna_data_02_mir/recover-20220922/UBNA_001/20220921_090000.WAV,Telephone Field,recover-20220922,001,1795
1273.9415,1273.9816,68437,82623,Rhinolophus ferrumequinum,0.026,0.026,-1,Echolocation,/mnt/ubna_data_02_mir/recover-20220922/UBNA_001/20220921_090000.WAV,Telephone Field,recover-20220922,001,1795
1273.9825,1273.9917,28906,37369,Eptesicus serotinus,0.008,0.022,-1,Echolocation,/mnt/ubna_data_02_mir/recover-20220922/UBNA_001/20220921_090000.WAV,Telephone Field,recover-20220922,001,1795
1274.0015,1274.033,69296,81330,Rhinolophus ferrumequinum,0.024,0.024,-1,Echolocation,/mnt/ubna_data_02_mir/recover-20220922/UBNA_001/20220921_090000.WAV,Telephone Field,recover-20220922,001,1795
1274.0015,1274.0097,24609,33723,Nyctalus leisleri,0.005,0.022,-1,Echolocation,/mnt/ubna_data_02_mir/recover-20220922/UBNA_001/20220921_090000.WAV,Telephone Field,recover-20220922,001,1795
1274.0115,1274.0523,68437,82545,Rhinolophus ferrumequinum,0.021,0.021,-1,Echolocation,/mnt/ubna_data_02_mir/recover-20220922/UBNA_001/20220921_090000.WAV,Telephone Field,recover-20220922,001,1795
1274.0255,1274.0344,24609,32227,Nyctalus leisleri,0.006,0.021,-1,Echolocation,/mnt/ubna_data_02_mir/recover-20220922/UBNA_001/20220921_090000.WAV,Telephone Field,recover-20220922,001,1795
1274.0335,1274.0735,68437,82761,Rhinolophus ferrumequinum,0.021,0.021,-1,Echolocation,/mnt/ubna_data_02_mir/recover-20220922/UBNA_001/20220921_090000.WAV,Telephone Field,recover-20220922,001,1795
1274.0615,1274.1067,68437,83224,Rhinolophus ferrumequinum,0.03,0.03,-1,Echolocation,/mnt/ubna_data_02_mir/recover-20220922/UBNA_001/20220921_090000.WAV,Telephone Field,recover-20220922,001,1795
1274.0735,1274.0846,23750,28231,Nyctalus leisleri,0.013,0.023,-1,Echolocation,/mnt/ubna_data_02_mir/recover-20220922/UBNA_001/20220921_090000.WAV,Telephone Field,recover-20220922,001,1795
1274.0995,1274.1097,24609,31388,Nyctalus leisleri,0.009,0.024,-1,Echolocation,/mnt/ubna_data_02_mir/recover-20220922/UBNA_001/20220921_090000.WAV,Telephone Field,recover-20220922,001,1795
1274.1325,1274.1725,68437,82260,Rhinolophus ferrumequinum,0.021,0.021,-1,Echolocation,/mnt/ubna_data_02_mir/recover-20220922/UBNA_001/20220921_090000.WAV,Telephone Field,recover-20220922,001,1795
1274.1905,1274.232,68437,82592,Rhinolophus ferrumequinum,0.024,0.024,-1,Echolocation,/mnt/ubna_data_02_mir/recover-20220922/UBNA_001/20220921_090000.WAV,Telephone Field,recover-20220922,001,1795
1274.2455,1274.2564,22890,28215,Nyctalus leisleri,0.01,0.022,-1,Echolocation,/mnt/ubna_data_02_mir/recover-20220922/UBNA_001/20220921_090000.WAV,Telephone Field,recover-20220922,001,1795
1274.2465,1274.2845,68437,82506,Rhinolophus ferrumequinum,0.023,0.023,-1,Echolocation,/mnt/ubna_data_02_mir/recover-20220922/UBNA_001/20220921_090000.WAV,Telephone Field,recover-20220922,001,1795
1274.2675,1274.2764,31484,38438,Eptesicus serotinus,0.025,0.058,-1,Echolocation,/mnt/ubna_data_02_mir/recover-20220922/UBNA_001/20220921_090000.WAV,Telephone Field,recover-20220922,001,1795
1274.2695,1274.3125,68437,82814,Rhinolophus ferrumequinum,0.03,0.03,-1,Echolocation,/mnt/ubna_data_02_mir/recover-20220922/UBNA_001/20220921_090000.WAV,Telephone Field,recover-20220922,001,1795
1274.2985,1274.34,68437,82782,Rhinolophus ferrumequinum,0.029,0.029,-1,Echolocation,/mnt/ubna_data_02_mir/recover-20220922/UBNA_001/20220921_090000.WAV,Telephone Field,recover-20220922,001,1795
1274.3035,1274.3123,28906,37694,Eptesicus serotinus,0.007,0.023,-1,Echolocation,/mnt/ubna_data_02_mir/recover-20220922/UBNA_001/20220921_090000.WAV,Telephone Field,recover-20220922,001,1795
1274.3055,1274.3479,68437,82911,Rhinolophus ferrumequinum,0.029,0.029,-1,Echolocation,/mnt/ubna_data_02_mir/recover-20220922/UBNA_001/20220921_090000.WAV,Telephone Field,recover-20220922,001,1795
1274.3055,1274.3177,35781,41125,Pipistrellus nathusii,0.007,0.023,-1,Echolocation,/mnt/ubna_data_02_mir/recover-20220922/UBNA_001/20220921_090000.WAV,Telephone Field,recover-20220922,001,1795
1274.3105,1274.3184,26328,34934,Eptesicus serotinus,0.006,0.021,-1,Echolocation,/mnt/ubna_data_02_mir/recover-20220922/UBNA_001/20220921_090000.WAV,Telephone Field,recover-20220922,001,1795
1274.3295,1274.3398,22031,26685,Nyctalus leisleri,0.012,0.024,-1,Echolocation,/mnt/ubna_data_02_mir/recover-20220922/UBNA_001/20220921_090000.WAV,Telephone Field,recover-20220922,001,1795
1274.3535,1274.39,68437,81787,Rhinolophus ferrumequinum,0.02,0.021,-1,Echolocation,/mnt/ubna_data_02_mir/recover-20220922/UBNA_001/20220921_090000.WAV,Telephone Field,recover-20220922,001,1795
1274.3765,1274.415,68437,81900,Rhinolophus ferrumequinum,0.024,0.024,-1,Echolocation,/mnt/ubna_data_02_mir/recover-20220922/UBNA_001/20220921_090000.WAV,Telephone Field,recover-20220922,001,1795
1274.3995,1274.4438,68437,82831,Rhinolophus ferrumequinum,0.039,0.039,-1,Echolocation,/mnt/ubna_data_02_mir/recover-20220922/UBNA_001/20220921_090000.WAV,Telephone Field,recover-20220922,001,1795
1274.4295,1274.4707,68437,82356,Rhinolophus ferrumequinum,0.059,0.059,-1,Echolocation,/mnt/ubna_data_02_mir/recover-20220922/UBNA_001/20220921_090000.WAV,Telephone Field,recover-20220922,001,1795
1274.4505,1274.459,28046,38655,Eptesicus serotinus,0.008,0.021,-1,Echolocation,/mnt/ubna_data_02_mir/recover-20220922/UBNA_001/20220921_090000.WAV,Telephone Field,recover-20220922,001,1795
1274.4585,1274.4958,68437,81981,Rhinolophus ferrumequinum,0.02,0.02,-1,Echolocation,/mnt/ubna_data_02_mir/recover-20220922/UBNA_001/20220921_090000.WAV,Telephone Field,recover-20220922,001,1795
1274.4605,1274.4686,28906,38614,Eptesicus serotinus,0.008,0.021,-1,Echolocation,/mnt/ubna_data_02_mir/recover-20220922/UBNA_001/20220921_090000.WAV,Telephone Field,recover-20220922,001,1795
1274.4805,1274.5168,68437,81401,Rhinolophus ferrumequinum,0.024,0.024,-1,Echolocation,/mnt/ubna_data_02_mir/recover-20220922/UBNA_001/20220921_090000.WAV,Telephone Field,recover-20220922,001,1795
1274.4965,1274.5087,15156,21216,Nyctalus noctula,0.02,0.03,-1,Echolocation,/mnt/ubna_data_02_mir/recover-20220922/UBNA_001/20220921_090000.WAV,Telephone Field,recover-20220922,001,1795
1274.5135,1274.5232,22031,27026,Nyctalus leisleri,0.008,0.021,-1,Echolocation,/mnt/ubna_data_02_mir/recover-20220922/UBNA_001/20220921_090000.WAV,Telephone Field,recover-20220922,001,1795
1274.5335,1274.5764,68437,83036,Rhinolophus ferrumequinum,0.025,0.025,-1,Echolocation,/mnt/ubna_data_02_mir/recover-20220922/UBNA_001/20220921_090000.WAV,Telephone Field,recover-20220922,001,1795
1274.5525,1274.5623,27187,35425,Eptesicus serotinus,0.012,0.023,-1,Echolocation,/mnt/ubna_data_02_mir/recover-20220922/UBNA_001/20220921_090000.WAV,Telephone Field,recover-20220922,001,1795
1274.5575,1274.5951,68437,80567,Rhinolophus ferrumequinum,0.026,0.026,-1,Echolocation,/mnt/ubna_data_02_mir/recover-20220922/UBNA_001/20220921_090000.WAV,Telephone Field,recover-20220922,001,1795
1274.5775,1274.5886,23750,29300,Nyctalus leisleri,0.02,0.047,-1,Echolocation,/mnt/ubna_data_02_mir/recover-20220922/UBNA_001/20220921_090000.WAV,Telephone Field,recover-20220922,001,1795
1274.5915,1274.6334,68437,83071,Rhinolophus ferrumequinum,0.027,0.027,-1,Echolocation,/mnt/ubna_data_02_mir/recover-20220922/UBNA_001/20220921_090000.WAV,Telephone Field,recover-20220922,001,1795
1274.6115,1274.6513,68437,82052,Rhinolophus ferrumequinum,0.023,0.023,-1,Echolocation,/mnt/ubna_data_02_mir/recover-20220922/UBNA_001/20220921_090000.WAV,Telephone Field,recover-20220922,001,1795
1274.6525,1274.6627,27187,36062,Eptesicus serotinus,0.011,0.022,-1,Echolocation,/mnt/ubna_data_02_mir/recover-20220922/UBNA_001/20220921_090000.WAV,Telephone Field,recover-20220922,001,1795
1274.6545,1274.6928,68437,81596,Rhinolophus ferrumequinum,0.021,0.021,-1,Echolocation,/mnt/ubna_data_02_mir/recover-20220922/UBNA_001/20220921_090000.WAV,Telephone Field,recover-20220922,001,1795
1274.6585,1274.6688,26328,33869,Eptesicus serotinus,0.009,0.023,-1,Echolocation,/mnt/ubna_data_02_mir/recover-20220922/UBNA_001/20220921_090000.WAV,Telephone Field,recover-20220922,001,1795
1274.6925,1274.7307,68437,81629,Rhinolophus ferrumequinum,0.021,0.021,-1,Echolocation,/mnt/ubna_data_02_mir/recover-20220922/UBNA_001/20220921_090000.WAV,Telephone Field,recover-20220922,001,1795
1274.7015,1274.7411,68437,82073,Rhinolophus ferrumequinum,0.023,0.023,-1,Echolocation,/mnt/ubna_data_02_mir/recover-20220922/UBNA_001/20220921_090000.WAV,Telephone Field,recover-20220922,001,1795
1274.7045,1274.7136,28046,36151,Eptesicus serotinus,0.01,0.023,-1,Echolocation,/mnt/ubna_data_02_mir/recover-20220922/UBNA_001/20220921_090000.WAV,Telephone Field,recover-20220922,001,1795
1274.7515,1274.7888,68437,81441,Rhinolophus ferrumequinum,0.021,0.021,-1,Echolocation,/mnt/ubna_data_02_mir/recover-20220922/UBNA_001/20220921_090000.WAV,Telephone Field,recover-20220922,001,1795
1274.7755,1274.8165,68437,82818,Rhinolophus ferrumequinum,0.024,0.024,-1,Echolocation,/mnt/ubna_data_02_mir/recover-20220922/UBNA_001/20220921_090000.WAV,Telephone Field,recover-20220922,001,1795
1274.7905,1274.8276,68437,82096,Rhinolophus ferrumequinum,0.022,0.022,-1,Echolocation,/mnt/ubna_data_02_mir/recover-20220922/UBNA_001/20220921_090000.WAV,Telephone Field,recover-20220922,001,1795
1274.8005,1274.8383,68437,81855,Rhinolophus ferrumequinum,0.022,0.022,-1,Echolocation,/mnt/ubna_data_02_mir/recover-20220922/UBNA_001/20220921_090000.WAV,Telephone Field,recover-20220922,001,1795
1274.8625,1274.9037,68437,82233,Rhinolophus ferrumequinum,0.022,0.022,-1,Echolocation,/mnt/ubna_data_02_mir/recover-20220922/UBNA_001/20220921_090000.WAV,Telephone Field,recover-20220922,001,1795
1274.8705,1274.9109,68437,82229,Rhinolophus ferrumequinum,0.02,0.02,-1,Echolocation,/mnt/ubna_data_02_mir/recover-20220922/UBNA_001/20220921_090000.WAV,Telephone Field,recover-20220922,001,1795
1274.8945,1274.9321,68437,81818,Rhinolophus ferrumequinum,0.023,0.023,-1,Echolocation,/mnt/ubna_data_02_mir/recover-20220922/UBNA_001/20220921_090000.WAV,Telephone Field,recover-20220922,001,1795
1274.9165,1274.9578,68437,83058,Rhinolophus ferrumequinum,0.03,0.03,-1,Echolocation,/mnt/ubna_data_02_mir/recover-20220922/UBNA_001/20220921_090000.WAV,Telephone Field,recover-20220922,001,1795
1274.9445,1274.9827,68437,81803,Rhinolophus ferrumequinum,0.028,0.028,-1,Echolocation,/mnt/ubna_data_02_mir/recover-20220922/UBNA_001/20220921_090000.WAV,Telephone Field,recover-20220922,001,1795
1274.9585,1274.9972,68437,82385,Rhinolophus ferrumequinum,0.022,0.022,-1,Echolocation,/mnt/ubna_data_02_mir/recover-20220922/UBNA_001/20220921_090000.WAV,Telephone Field,recover-20220922,001,1795
1274.9845,1275.0262,68437,82748,Rhinolophus ferrumequinum,0.025,0.025,-1,Echolocation,/mnt/ubna_data_02_mir/recover-20220922/UBNA_001/20220921_090000.WAV,Telephone Field,recover-20220922,001,1795
1275.0215,1275.0586,68437,81875,Rhinolophus ferrumequinum,0.022,0.022,-1,Echolocation,/mnt/ubna_data_02_mir/recover-20220922/UBNA_001/20220921_090000.WAV,Telephone Field,recover-20220922,001,1795
1275.0435,1275.0519,28906,38711,Eptesicus serotinus,0.007,0.021,-1,Echolocation,/mnt/ubna_data_02_mir/recover-20220922/UBNA_001/20220921_090000.WAV,Telephone Field,recover-20220922,001,1795
1275.0655,1275.1031,68437,81279,Rhinolophus ferrumequinum,0.024,0.024,-1,Echolocation,/mnt/ubna_data_02_mir/recover-20220922/UBNA_001/20220921_090000.WAV,Telephone Field,recover-20220922,001,1795
1275.1005,1275.1077,27187,42416,Eptesicus serotinus,0.005,0.021,-1,Echolocation,/mnt/ubna_data_02_mir/recover-20220922/UBNA_001/20220921_090000.WAV,Telephone Field,recover-20220922,001,1795
1275.1215,1275.1641,68437,82877,Rhinolophus ferrumequinum,0.023,0.023,-1,Echolocation,/mnt/ubna_data_02_mir/recover-20220922/UBNA_001/20220921_090000.WAV,Telephone Field,recover-20220922,001,1795
1275.1295,1275.1371,46953,51121,Pipistrellus pipistrellus,0.053,0.055,-1,Echolocation,/mnt/ubna_data_02_mir/recover-20220922/UBNA_001/20220921_090000.WAV,Telephone Field,recover-20220922,001,1795
1275.1575,1275.167,25468,33439,Eptesicus serotinus,0.01,0.027,-1,Echolocation,/mnt/ubna_data_02_mir/recover-20220922/UBNA_001/20220921_090000.WAV,Telephone Field,recover-20220922,001,1795
1275.1855,1275.2254,68437,82021,Rhinolophus ferrumequinum,0.025,0.025,-1,Echolocation,/mnt/ubna_data_02_mir/recover-20220922/UBNA_001/20220921_090000.WAV,Telephone Field,recover-20220922,001,1795
1275.1875,1275.1978,22031,26525,Nyctalus leisleri,0.01,0.021,-1,Echolocation,/mnt/ubna_data_02_mir/recover-20220922/UBNA_001/20220921_090000.WAV,Telephone Field,recover-20220922,001,1795
1275.1965,1275.2371,68437,82370,Rhinolophus ferrumequinum,0.029,0.029,-1,Echolocation,/mnt/ubna_data_02_mir/recover-20220922/UBNA_001/20220921_090000.WAV,Telephone Field,recover-20220922,001,1795
1275.2165,1275.257,68437,81790,Rhinolophus ferrumequinum,0.024,0.024,-1,Echolocation,/mnt/ubna_data_02_mir/recover-20220922/UBNA_001/20220921_090000.WAV,Telephone Field,recover-20220922,001,1795
1275.2235,1275.262,68437,82235,Rhinolophus ferrumequinum,0.023,0.023,-1,Echolocation,/mnt/ubna_data_02_mir/recover-20220922/UBNA_001/20220921_090000.WAV,Telephone Field,recover-20220922,001,1795
1275.2555,1275.2905,68437,80475,Rhinolophus ferrumequinum,0.026,0.026,-1,Echolocation,/mnt/ubna_data_02_mir/recover-20220922/UBNA_001/20220921_090000.WAV,Telephone Field,recover-20220922,001,1795
1275.2555,1275.2658,44375,53760,Pipistrellus pipistrellus,0.02,0.027,-1,Echolocation,/mnt/ubna_data_02_mir/recover-20220922/UBNA_001/20220921_090000.WAV,Telephone Field,recover-20220922,001,1795
1275.2635,1275.2739,22890,27612,Nyctalus leisleri,0.01,0.021,-1,Echolocation,/mnt/ubna_data_02_mir/recover-20220922/UBNA_001/20220921_090000.WAV,Telephone Field,recover-20220922,001,1795
1275.2765,1275.3119,68437,82316,Rhinolophus ferrumequinum,0.028,0.028,-1,Echolocation,/mnt/ubna_data_02_mir/recover-20220922/UBNA_001/20220921_090000.WAV,Telephone Field,recover-20220922,001,1795
1275.2875,1275.3281,68437,82234,Rhinolophus ferrumequinum,0.021,0.021,-1,Echolocation,/mnt/ubna_data_02_mir/recover-20220922/UBNA_001/20220921_090000.WAV,Telephone Field,recover-20220922,001,1795
1275.3025,1275.3125,27187,34080,Eptesicus serotinus,0.008,0.023,-1,Echolocation,/mnt/ubna_data_02_mir/recover-20220922/UBNA_001/20220921_090000.WAV,Telephone Field,recover-20220922,001,1795
1275.3045,1275.318,22031,26190,Nyctalus leisleri,0.013,0.024,-1,Echolocation,/mnt/ubna_data_02_mir/recover-20220922/UBNA_001/20220921_090000.WAV,Telephone Field,recover-20220922,001,1795
1275.3265,1275.3354,28046,38816,Eptesicus serotinus,0.009,0.023,-1,Echolocation,/mnt/ubna_data_02_mir/recover-20220922/UBNA_001/20220921_090000.WAV,Telephone Field,recover-20220922,001,1795
1275.3335,1275.3709,68437,81927,Rhinolophus ferrumequinum,0.022,0.022,-1,Echolocation,/mnt/ubna_data_02_mir/recover-20220922/UBNA_001/20220921_090000.WAV,Telephone Field,recover-20220922,001,1795
1275.3385,1275.3474,28046,37709,Eptesicus serotinus,0.008,0.022,-1,Echolocation,/mnt/ubna_data_02_mir/recover-20220922/UBNA_001/20220921_090000.WAV,Telephone Field,recover-20220922,001,1795
1275.3585,1275.4003,68437,82698,Rhinolophus ferrumequinum,0.023,0.023,-1,Echolocation,/mnt/ubna_data_02_mir/recover-20220922/UBNA_001/20220921_090000.WAV,Telephone Field,recover-20220922,001,1795
1275.3915,1275.4324,68437,82763,Rhinolophus ferrumequinum,0.027,0.027,-1,Echolocation,/mnt/ubna_data_02_mir/recover-20220922/UBNA_001/20220921_090000.WAV,Telephone Field,recover-20220922,001,1795
1275.4355,1275.4439,28906,37834,Eptesicus serotinus,0.008,0.02,-1,Echolocation,/mnt/ubna_data_02_mir/recover-20220922/UBNA_001/20220921_090000.WAV,Telephone Field,recover-20220922,001,1795
1275.4475,1275.4833,68437,81752,Rhinolophus ferrumequinum,0.022,0.022,-1,Echolocation,/mnt/ubna_data_02_mir/recover-20220922/UBNA_001/20220921_090000.WAV,Telephone Field,recover-20220922,001,1795
1275.4615,1275.4699,24609,32211,Nyctalus leisleri,0.006,0.021,-1,Echolocation,/mnt/ubna_data_02_mir/recover-20220922/UBNA_001/20220921_090000.WAV,Telephone Field,recover-20220922,001,1795
1275.4625,1275.4713,50390,55956,Pipistrellus pipistrellus,0.02,0.024,-1,Echolocation,/mnt/ubna_data_02_mir/recover-20220922/UBNA_001/20220921_090000.WAV,Telephone Field,recover-20220922,001,1795
1275.4735,1275.5145,68437,82689,Rhinolophus ferrumequinum,0.033,0.033,-1,Echolocation,/mnt/ubna_data_02_mir/recover-20220922/UBNA_001/20220921_090000.WAV,Telephone Field,recover-20220922,001,1795
1275.5005,1275.5401,68437,82229,Rhinolophus ferrumequinum,0.023,0.023,-1,Echolocation,/mnt/ubna_data_02_mir/recover-20220922/UBNA_001/20220921_090000.WAV,Telephone Field,recover-20220922,001,1795
1275.5015,1275.5106,28906,39306,Eptesicus serotinus,0.008,0.022,-1,Echolocation,/mnt/ubna_data_02_mir/recover-20220922/UBNA_001/20220921_090000.WAV,Telephone Field,recover-20220922,001,1795
1275.5305,1275.5399,27187,36486,Eptesicus serotinus,0.008,0.021,-1,Echolocation,/mnt/ubna_data_02_mir/recover-20220922/UBNA_001/20220921_090000.WAV,Telephone Field,recover-20220922,001,1795
1275.5395,1275.5801,68437,82299,Rhinolophus ferrumequinum,0.022,0.022,-1,Echolocation,/mnt/ubna_data_02_mir/recover-20220922/UBNA_001/20220921_090000.WAV,Telephone Field,recover-20220922,001,1795
1275.5575,1275.5979,68437,82103,Rhinolophus ferrumequinum,0.021,0.021,-1,Echolocation,/mnt/ubna_data_02_mir/recover-20220922/UBNA_001/20220921_090000.WAV,Telephone Field,recover-20220922,001,1795
1275.5615,1275.5682,23750,33041,Plecotus austriacus,0.023,0.04,-1,Echolocation,/mnt/ubna_data_02_mir/recover-20220922/UBNA_001/20220921_090000.WAV,Telephone Field,recover-20220922,001,1795
1275.5765,1275.6168,68437,82398,Rhinolophus ferrumequinum,0.034,0.034,-1,Echolocation,/mnt/ubna_data_02_mir/recover-20220922/UBNA_001/20220921_090000.WAV,Telephone Field,recover-20220922,001,1795
1275.5975,1275.6368,68437,81894,Rhinolophus ferrumequinum,0.024,0.024,-1,Echolocation,/mnt/ubna_data_02_mir/recover-20220922/UBNA_001/20220921_090000.WAV,Telephone Field,recover-20220922,001,1795
1275.6025,1275.6419,68437,82035,Rhinolophus ferrumequinum,0.024,0.024,-1,Echolocation,/mnt/ubna_data_02_mir/recover-20220922/UBNA_001/20220921_090000.WAV,Telephone Field,recover-20220922,001,1795
1275.6265,1275.666,68437,82562,Rhinolophus ferrumequinum,0.021,0.021,-1,Echolocation,/mnt/ubna_data_02_mir/recover-20220922/UBNA_001/20220921_090000.WAV,Telephone Field,recover-20220922,001,1795
1275.6385,1275.6786,68437,82324,Rhinolophus ferrumequinum,0.023,0.023,-1,Echolocation,/mnt/ubna_data_02_mir/recover-20220922/UBNA_001/20220921_090000.WAV,Telephone Field,recover-20220922,001,1795
1275.6565,1275.6932,68437,81497,Rhinolophus ferrumequinum,0.02,0.02,-1,Echolocation,/mnt/ubna_data_02_mir/recover-20220922/UBNA_001/20220921_090000.WAV,Telephone Field,recover-20220922,001,1795
1275.6895,1275.7277,68437,81877,Rhinolophus ferrumequinum,0.026,0.026,-1,Echolocation,/mnt/ubna_data_02_mir/recover-20220922/UBNA_001/20220921_090000.WAV,Telephone Field,recover-20220922,001,1795
1275.7145,1275.751,68437,81312,Rhinolophus ferrumequinum,0.022,0.022,-1,Echolocation,/mnt/ubna_data_02_mir/recover-20220922/UBNA_001/20220921_090000.WAV,Telephone Field,recover-20220922,001,1795
1275.7275,1275.7377,28906,36336,Eptesicus serotinus,0.01,0.025,-1,Echolocation,/mnt/ubna_data_02_mir/recover-20220922/UBNA_001/20220921_090000.WAV,Telephone Field,recover-20220922,001,1795
1275.7305,1275.7744,68437,83397,Rhinolophus ferrumequinum,0.034,0.034,-1,Echolocation,/mnt/ubna_data_02_mir/recover-20220922/UBNA_001/20220921_090000.WAV,Telephone Field,recover-20220922,001,1795
1275.7455,1275.7534,31484,42225,Myotis daubentonii,0.007,0.022,-1,Echolocation,/mnt/ubna_data_02_mir/recover-20220922/UBNA_001/20220921_090000.WAV,Telephone Field,recover-20220922,001,1795
1275.7885,1275.8259,68437,81619,Rhinolophus ferrumequinum,0.022,0.022,-1,Echolocation,/mnt/ubna_data_02_mir/recover-20220922/UBNA_001/20220921_090000.WAV,Telephone Field,recover-20220922,001,1795
1275.7995,1275.8372,68437,81421,Rhinolophus ferrumequinum,0.023,0.023,-1,Echolocation,/mnt/ubna_data_02_mir/recover-20220922/UBNA_001/20220921_090000.WAV,Telephone Field,recover-20220922,001,1795
1275.7995,1275.8119,45234,49221,Pipistrellus pipistrellus,0.026,0.03,-1,Echolocation,/mnt/ubna_data_02_mir/recover-20220922/UBNA_001/20220921_090000.WAV,Telephone Field,recover-20220922,001,1795
1275.8255,1275.8676,68437,82683,Rhinolophus ferrumequinum,0.027,0.027,-1,Echolocation,/mnt/ubna_data_02_mir/recover-20220922/UBNA_001/20220921_090000.WAV,Telephone Field,recover-20220922,001,1795
1275.8645,1275.902,68437,81797,Rhinolophus ferrumequinum,0.022,0.022,-1,Echolocation,/mnt/ubna_data_02_mir/recover-20220922/UBNA_001/20220921_090000.WAV,Telephone Field,recover-20220922,001,1795
1275.8745,1275.9137,68437,82235,Rhinolophus ferrumequinum,0.024,0.024,-1,Echolocation,/mnt/ubna_data_02_mir/recover-20220922/UBNA_001/20220921_090000.WAV,Telephone Field,recover-20220922,001,1795
1275.8885,1275.9292,68437,82527,Rhinolophus ferrumequinum,0.028,0.028,-1,Echolocation,/mnt/ubna_data_02_mir/recover-20220922/UBNA_001/20220921_090000.WAV,Telephone Field,recover-20220922,001,1795
1275.8915,1275.8988,27187,36177,Eptesicus serotinus,0.008,0.025,-1,Echolocation,/mnt/ubna_data_02_mir/recover-20220922/UBNA_001/20220921_090000.WAV,Telephone Field,recover-20220922,001,1795
1275.9305,1275.97,68437,82284,Rhinolophus ferrumequinum,0.023,0.023,-1,Echolocation,/mnt/ubna_data_02_mir/recover-20220922/UBNA_001/20220921_090000.WAV,Telephone Field,recover-20220922,001,1795
1276.0015,1276.034,68437,79925,Rhinolophus ferrumequinum,0.044,0.045,-1,Echolocation,/mnt/ubna_data_02_mir/recover-20220922/UBNA_001/20220921_090000.WAV,Telephone Field,recover-20220922,001,1795
1276.0015,1276.0106,22890,29082,Nyctalus leisleri,0.009,0.024,-1,Echolocation,/mnt/ubna_data_02_mir/recover-20220922/UBNA_001/20220921_090000.WAV,Telephone Field,recover-20220922,001,1795
1276.0015,1276.0101,28046,36907,Eptesicus serotinus,0.008,0.025,-1,Echolocation,/mnt/ubna_data_02_mir/recover-20220922/UBNA_001/20220921_090000.WAV,Telephone Field,recover-20220922,001,1795
1276.0085,1276.0522,68437,82367,Rhinolophus ferrumequinum,0.025,0.025,-1,Echolocation,/mnt/ubna_data_02_mir/recover-20220922/UBNA_001/20220921_090000.WAV,Telephone Field,recover-20220922,001,1795
1276.0465,1276.0847,68437,81823,Rhinolophus ferrumequinum,0.022,0.022,-1,Echolocation,/mnt/ubna_data_02_mir/recover-20220922/UBNA_001/20220921_090000.WAV,Telephone Field,recover-20220922,001,1795
1276.0525,1276.0623,26328,34418,Eptesicus serotinus,0.009,0.022,-1,Echolocation,/mnt/ubna_data_02_mir/recover-20220922/UBNA_001/20220921_090000.WAV,Telephone Field,recover-20220922,001,1795
1276.1675,1276.1783,23750,29595,Nyctalus leisleri,0.009,0.022,-1,Echolocation,/mnt/ubna_data_02_mir/recover-20220922/UBNA_001/20220921_090000.WAV,Telephone Field,recover-20220922,001,1795
1276.1855,1276.1955,28906,36896,Eptesicus serotinus,0.01,0.024,-1,Echolocation,/mnt/ubna_data_02_mir/recover-20220922/UBNA_001/20220921_090000.WAV,Telephone Field,recover-20220922,001,1795
1276.2085,1276.246,68437,81504,Rhinolophus ferrumequinum,0.026,0.026,-1,Echolocation,/mnt/ubna_data_02_mir/recover-20220922/UBNA_001/20220921_090000.WAV,Telephone Field,recover-20220922,001,1795
1276.2145,1276.2252,22890,28956,Nyctalus leisleri,0.009,0.023,-1,Echolocation,/mnt/ubna_data_02_mir/recover-20220922/UBNA_001/20220921_090000.WAV,Telephone Field,recover-20220922,001,1795
1276.2695,1276.3057,68437,80989,Rhinolophus ferrumequinum,0.024,0.024,-1,Echolocation,/mnt/ubna_data_02_mir/recover-20220922/UBNA_001/20220921_090000.WAV,Telephone Field,recover-20220922,001,1795
1276.2785,1276.316,68437,82197,Rhinolophus ferrumequinum,0.023,0.023,-1,Echolocation,/mnt/ubna_data_02_mir/recover-20220922/UBNA_001/20220921_090000.WAV,Telephone Field,recover-20220922,001,1795
1276.3185,1276.3603,68437,82528,Rhinolophus ferrumequinum,0.022,0.022,-1,Echolocation,/mnt/ubna_data_02_mir/recover-20220922/UBNA_001/20220921_090000.WAV,Telephone Field,recover-20220922,001,1795
1276.3195,1276.3285,56406,61152,Pipistrellus pygmaeus,0.025,0.026,-1,Echolocation,/mnt/ubna_data_02_mir/recover-20220922/UBNA_001/20220921_090000.WAV,Telephone Field,recover-20220922,001,1795
1276.3265,1276.3374,24609,31088,Nyctalus leisleri,0.009,0.023,-1,Echolocation,/mnt/ubna_data_02_mir/recover-20220922/UBNA_001/20220921_090000.WAV,Telephone Field,recover-20220922,001,1795
1276.3545,1276.3627,28046,39364,Eptesicus serotinus,0.008,0.024,-1,Echolocation,/mnt/ubna_data_02_mir/recover-20220922/UBNA_001/20220921_090000.WAV,Telephone Field,recover-20220922,001,1795
1276.3545,1276.384,68437,79757,Rhinolophus ferrumequinum,0.03,0.03,-1,Echolocation,/mnt/ubna_data_02_mir/recover-20220922/UBNA_001/20220921_090000.WAV,Telephone Field,recover-20220922,001,1795
1276.3705,1276.4054,68437,81687,Rhinolophus ferrumequinum,0.021,0.022,-1,Echolocation,/mnt/ubna_data_02_mir/recover-20220922/UBNA_001/20220921_090000.WAV,Telephone Field,recover-20220922,001,1795
1276.4185,1276.4559,68437,81751,Rhinolophus ferrumequinum,0.022,0.022,-1,Echolocation,/mnt/ubna_data_02_mir/recover-20220922/UBNA_001/20220921_090000.WAV,Telephone Field,recover-20220922,001,1795
1276.4535,1276.4944,68437,83054,Rhinolophus ferrumequinum,0.022,0.022,-1,Echolocation,/mnt/ubna_data_02_mir/recover-20220922/UBNA_001/20220921_090000.WAV,Telephone Field,recover-20220922,001,1795
1276.4665,1276.5049,68437,82540,Rhinolophus ferrumequinum,0.023,0.023,-1,Echolocation,/mnt/ubna_data_02_mir/recover-20220922/UBNA_001/20220921_090000.WAV,Telephone Field,recover-20220922,001,1795
1276.4935,1276.532,68437,81981,Rhinolophus ferrumequinum,0.022,0.023,-1,Echolocation,/mnt/ubna_data_02_mir/recover-20220922/UBNA_001/20220921_090000.WAV,Telephone Field,recover-20220922,001,1795
1276.4995,1276.5117,15156,21925,Nyctalus noctula,0.028,0.039,-1,Echolocation,/mnt/ubna_data_02_mir/recover-20220922/UBNA_001/20220921_090000.WAV,Telephone Field,recover-20220922,001,1795
1276.5105,1276.5489,68437,82992,Rhinolophus ferrumequinum,0.027,0.027,-1,Echolocation,/mnt/ubna_data_02_mir/recover-20220922/UBNA_001/20220921_090000.WAV,Telephone Field,recover-20220922,001,1795
1276.5175,1276.5594,68437,82846,Rhinolophus ferrumequinum,0.029,0.029,-1,Echolocation,/mnt/ubna_data_02_mir/recover-20220922/UBNA_001/20220921_090000.WAV,Telephone Field,recover-20220922,001,1795
1276.5245,1276.5324,28046,38813,Eptesicus serotinus,0.008,0.023,-1,Echolocation,/mnt/ubna_data_02_mir/recover-20220922/UBNA_001/20220921_090000.WAV,Telephone Field,recover-20220922,001,1795
1276.5445,1276.5644,18593,21698,Nyctalus noctula,0.013,0.026,-1,Echolocation,/mnt/ubna_data_02_mir/recover-20220922/UBNA_001/20220921_090000.WAV,Telephone Field,recover-20220922,001,1795
1276.5835,1276.6027,21171,23687,Nyctalus leisleri,0.016,0.025,-1,Echolocation,/mnt/ubna_data_02_mir/recover-20220922/UBNA_001/20220921_090000.WAV,Telephone Field,recover-20220922,001,1795
1276.5935,1276.6322,68437,82234,Rhinolophus ferrumequinum,0.021,0.021,-1,Echolocation,/mnt/ubna_data_02_mir/recover-20220922/UBNA_001/20220921_090000.WAV,Telephone Field,recover-20220922,001,1795
1276.5995,1276.6098,23750,29385,Nyctalus leisleri,0.01,0.024,-1,Echolocation,/mnt/ubna_data_02_mir/recover-20220922/UBNA_001/20220921_090000.WAV,Telephone Field,recover-20220922,001,1795
1276.6425,1276.6546,24609,30494,Nyctalus leisleri,0.011,0.027,-1,Echolocation,/mnt/ubna_data_02_mir/recover-20220922/UBNA_001/20220921_090000.WAV,Telephone Field,recover-20220922,001,1795
1276.6855,1276.7207,68437,81478,Rhinolophus ferrumequinum,0.024,0.024,-1,Echolocation,/mnt/ubna_data_02_mir/recover-20220922/UBNA_001/20220921_090000.WAV,Telephone Field,recover-20220922,001,1795
1276.6945,1276.7356,68437,82496,Rhinolophus ferrumequinum,0.026,0.026,-1,Echolocation,/mnt/ubna_data_02_mir/recover-20220922/UBNA_001/20220921_090000.WAV,Telephone Field,recover-20220922,001,1795
1276.7255,1276.7654,68437,82690,Rhinolophus ferrumequinum,0.033,0.033,-1,Echolocation,/mnt/ubna_data_02_mir/recover-20220922/UBNA_001/20220921_090000.WAV,Telephone Field,recover-20220922,001,1795
1276.7735,1276.8106,68437,82594,Rhinolophus ferrumequinum,0.023,0.023,-1,Echolocation,/mnt/ubna_data_02_mir/recover-20220922/UBNA_001/20220921_090000.WAV,Telephone Field,recover-20220922,001,1795
1276.8275,1276.863,68437,82188,Rhinolophus ferrumequinum,0.032,0.032,-1,Echolocation,/mnt/ubna_data_02_mir/recover-20220922/UBNA_001/20220921_090000.WAV,Telephone Field,recover-20220922,001,1795
1276.8415,1276.8475,24609,34242,Plecotus austriacus,0.012,0.028,-1,Echolocation,/mnt/ubna_data_02_mir/recover-20220922/UBNA_001/20220921_090000.WAV,Telephone Field,recover-20220922,001,1795
1276.8415,1276.8493,14296,26057,Plecotus auritus,0.02,0.033,-1,Echolocation,/mnt/ubna_data_02_mir/recover-20220922/UBNA_001/20220921_090000.WAV,Telephone Field,recover-20220922,001,1795
1276.8565,1276.8967,68437,82291,Rhinolophus ferrumequinum,0.021,0.021,-1,Echolocation,/mnt/ubna_data_02_mir/recover-20220922/UBNA_001/20220921_090000.WAV,Telephone Field,recover-20220922,001,1795
1276.8655,1276.9062,68437,82958,Rhinolophus ferrumequinum,0.022,0.022,-1,Echolocation,/mnt/ubna_data_02_mir/recover-20220922/UBNA_001/20220921_090000.WAV,Telephone Field,recover-20220922,001,1795
1276.8925,1276.9336,68437,82768,Rhinolophus ferrumequinum,0.028,0.028,-1,Echolocation,/mnt/ubna_data_02_mir/recover-20220922/UBNA_001/20220921_090000.WAV,Telephone Field,recover-20220922,001,1795
1276.8995,1276.9406,68437,82913,Rhinolophus ferrumequinum,0.027,0.028,-1,Echolocation,/mnt/ubna_data_02_mir/recover-20220922/UBNA_001/20220921_090000.WAV,Telephone Field,recover-20220922,001,1795
1276.9075,1276.9155,28906,38639,Eptesicus serotinus,0.007,0.025,-1,Echolocation,/mnt/ubna_data_02_mir/recover-20220922/UBNA_001/20220921_090000.WAV,Telephone Field,recover-20220922,001,1795
1276.9175,1276.9552,68437,81883,Rhinolophus ferrumequinum,0.024,0.024,-1,Echolocation,/mnt/ubna_data_02_mir/recover-20220922/UBNA_001/20220921_090000.WAV,Telephone Field,recover-20220922,001,1795
1276.9555,1276.9941,68437,81920,Rhinolophus ferrumequinum,0.023,0.023,-1,Echolocation,/mnt/ubna_data_02_mir/recover-20220922/UBNA_001/20220921_090000.WAV,Telephone Field,recover-20220922,001,1795
1276.9665,1277.0087,68437,82207,Rhinolophus ferrumequinum,0.023,0.023,-1,Echolocation,/mnt/ubna_data_02_mir/recover-20220922/UBNA_001/20220921_090000.WAV,Telephone Field,recover-20220922,001,1795
1276.9985,1277.0184,20312,23412,Nyctalus leisleri,0.03,0.062,-1,Echolocation,/mnt/ubna_data_02_mir/recover-20220922/UBNA_001/20220921_090000.WAV,Telephone Field,recover-20220922,001,1795
1277.0485,1277.0873,68437,82165,Rhinolophus ferrumequinum,0.025,0.025,-1,Echolocation,/mnt/ubna_data_02_mir/recover-20220922/UBNA_001/20220921_090000.WAV,Telephone Field,recover-20220922,001,1795
1277.0685,1277.106,68437,81999,Rhinolophus ferrumequinum,0.021,0.021,-1,Echolocation,/mnt/ubna_data_02_mir/recover-20220922/UBNA_001/20220921_090000.WAV,Telephone Field,recover-20220922,001,1795
1277.0795,1277.117,68437,81787,Rhinolophus ferrumequinum,0.021,0.021,-1,Echolocation,/mnt/ubna_data_02_mir/recover-20220922/UBNA_001/20220921_090000.WAV,Telephone Field,recover-20220922,001,1795
1277.1125,1277.1517,68437,82235,Rhinolophus ferrumequinum,0.023,0.023,-1,Echolocation,/mnt/ubna_data_02_mir/recover-20220922/UBNA_001/20220921_090000.WAV,Telephone Field,recover-20220922,001,1795
1277.1495,1277.1914,68437,82654,Rhinolophus ferrumequinum,0.031,0.031,-1,Echolocation,/mnt/ubna_data_02_mir/recover-20220922/UBNA_001/20220921_090000.WAV,Telephone Field,recover-20220922,001,1795
1277.1805,1277.1909,25468,32234,Eptesicus serotinus,0.016,0.041,-1,Echolocation,/mnt/ubna_data_02_mir/recover-20220922/UBNA_001/20220921_090000.WAV,Telephone Field,recover-20220922,001,1795
1277.1855,1277.2262,68437,82893,Rhinolophus ferrumequinum,0.022,0.022,-1,Echolocation,/mnt/ubna_data_02_mir/recover-20220922/UBNA_001/20220921_090000.WAV,Telephone Field,recover-20220922,001,1795
1277.2025,1277.2115,51250,55653,Pipistrellus pipistrellus,0.019,0.024,-1,Echolocation,/mnt/ubna_data_02_mir/recover-20220922/UBNA_001/20220921_090000.WAV,Telephone Field,recover-20220922,001,1795
1277.2055,1277.2151,37500,44664,Pipistrellus nathusii,0.022,0.038,-1,Echolocation,/mnt/ubna_data_02_mir/recover-20220922/UBNA_001/20220921_090000.WAV,Telephone Field,recover-20220922,001,1795
1277.2055,1277.245,68437,82420,Rhinolophus ferrumequinum,0.022,0.022,-1,Echolocation,/mnt/ubna_data_02_mir/recover-20220922/UBNA_001/20220921_090000.WAV,Telephone Field,recover-20220922,001,1795
1277.2275,1277.2603,68437,80610,Rhinolophus ferrumequinum,0.021,0.021,-1,Echolocation,/mnt/ubna_data_02_mir/recover-20220922/UBNA_001/20220921_090000.WAV,Telephone Field,recover-20220922,001,1795
1277.2675,1277.2746,26328,40537,Eptesicus serotinus,0.007,0.023,-1,Echolocation,/mnt/ubna_data_02_mir/recover-20220922/UBNA_001/20220921_090000.WAV,Telephone Field,recover-20220922,001,1795
1277.2805,1277.2987,18593,22036,Nyctalus noctula,0.015,0.026,-1,Echolocation,/mnt/ubna_data_02_mir/recover-20220922/UBNA_001/20220921_090000.WAV,Telephone Field,recover-20220922,001,1795
1277.2865,1277.3267,68437,82993,Rhinolophus ferrumequinum,0.026,0.026,-1,Echolocation,/mnt/ubna_data_02_mir/recover-20220922/UBNA_001/20220921_090000.WAV,Telephone Field,recover-20220922,001,1795
1277.2895,1277.3004,22890,28259,Nyctalus leisleri,0.011,0.025,-1,Echolocation,/mnt/ubna_data_02_mir/recover-20220922/UBNA_001/20220921_090000.WAV,Telephone Field,recover-20220922,001,1795
1277.3005,1277.3074,28906,40693,Eptesicus serotinus,0.007,0.025,-1,Echolocation,/mnt/ubna_data_02_mir/recover-20220922/UBNA_001/20220921_090000.WAV,Telephone Field,recover-20220922,001,1795
1277.3105,1277.3533,68437,83150,Rhinolophus ferrumequinum,0.035,0.035,-1,Echolocation,/mnt/ubna_data_02_mir/recover-20220922/UBNA_001/20220921_090000.WAV,Telephone Field,recover-20220922,001,1795
1277.3225,1277.3574,68437,81460,Rhinolophus ferrumequinum,0.024,0.024,-1,Echolocation,/mnt/ubna_data_02_mir/recover-20220922/UBNA_001/20220921_090000.WAV,Telephone Field,recover-20220922,001,1795
1277.4475,1277.4554,28046,37382,Eptesicus serotinus,0.007,0.021,-1,Echolocation,/mnt/ubna_data_02_mir/recover-20220922/UBNA_001/20220921_090000.WAV,Telephone Field,recover-20220922,001,1795
1277.4555,1277.4875,68437,80989,Rhinolophus ferrumequinum,0.022,0.022,-1,Echolocation,/mnt/ubna_data_02_mir/recover-20220922/UBNA_001/20220921_090000.WAV,Telephone Field,recover-20220922,001,1795
1277.4645,1277.5031,68437,82179,Rhinolophus ferrumequinum,0.025,0.025,-1,Echolocation,/mnt/ubna_data_02_mir/recover-20220922/UBNA_001/20220921_090000.WAV,Telephone Field,recover-20220922,001,1795
1277.5425,1277.5809,68437,82833,Rhinolophus ferrumequinum,0.028,0.028,-1,Echolocation,/mnt/ubna_data_02_mir/recover-20220922/UBNA_001/20220921_090000.WAV,Telephone Field,recover-20220922,001,1795
1277.5455,1277.5547,25468,33675,Eptesicus serotinus,0.008,0.022,-1,Echolocation,/mnt/ubna_data_02_mir/recover-20220922/UBNA_001/20220921_090000.WAV,Telephone Field,recover-20220922,001,1795
1277.5525,1277.5897,68437,81776,Rhinolophus ferrumequinum,0.023,0.023,-1,Echolocation,/mnt/ubna_data_02_mir/recover-20220922/UBNA_001/20220921_090000.WAV,Telephone Field,recover-20220922,001,1795
1277.5835,1277.6228,68437,82110,Rhinolophus ferrumequinum,0.025,0.025,-1,Echolocation,/mnt/ubna_data_02_mir/recover-20220922/UBNA_001/20220921_090000.WAV,Telephone Field,recover-20220922,001,1795
1277.5855,1277.5924,27187,40839,Eptesicus serotinus,0.006,0.022,-1,Echolocation,/mnt/ubna_data_02_mir/recover-20220922/UBNA_001/20220921_090000.WAV,Telephone Field,recover-20220922,001,1795
1277.6215,1277.6603,68437,81661,Rhinolophus ferrumequinum,0.023,0.023,-1,Echolocation,/mnt/ubna_data_02_mir/recover-20220922/UBNA_001/20220921_090000.WAV,Telephone Field,recover-20220922,001,1795
1277.6525,1277.6912,68437,82381,Rhinolophus ferrumequinum,0.023,0.023,-1,Echolocation,/mnt/ubna_data_02_mir/recover-20220922/UBNA_001/20220921_090000.WAV,Telephone Field,recover-20220922,001,1795
1277.6935,1277.7024,28906,36736,Eptesicus serotinus,0.012,0.027,-1,Echolocation,/mnt/ubna_data_02_mir/recover-20220922/UBNA_001/20220921_090000.WAV,Telephone Field,recover-20220922,001,1795
1277.7115,1277.7476,68437,82019,Rhinolophus ferrumequinum,0.027,0.027,-1,Echolocation,/mnt/ubna_data_02_mir/recover-20220922/UBNA_001/20220921_090000.WAV,Telephone Field,recover-20220922,001,1795
1277.7515,1277.7916,68437,83150,Rhinolophus ferrumequinum,0.027,0.027,-1,Echolocation,/mnt/ubna_data_02_mir/recover-20220922/UBNA_001/20220921_090000.WAV,Telephone Field,recover-20220922,001,1795
1277.7795,1277.819,68437,82590,Rhinolophus ferrumequinum,0.021,0.021,-1,Echolocation,/mnt/ubna_data_02_mir/recover-20220922/UBNA_001/20220921_090000.WAV,Telephone Field,recover-20220922,001,1795
1277.7975,1277.8347,68437,81502,Rhinolophus ferrumequinum,0.021,0.021,-1,Echolocation,/mnt/ubna_data_02_mir/recover-20220922/UBNA_001/20220921_090000.WAV,Telephone Field,recover-20220922,001,1795
1277.8615,1277.902,68437,82693,Rhinolophus ferrumequinum,0.031,0.031,-1,Echolocation,/mnt/ubna_data_02_mir/recover-20220922/UBNA_001/20220921_090000.WAV,Telephone Field,recover-20220922,001,1795
1277.8635,1277.871,28046,38060,Eptesicus serotinus,0.013,0.039,-1,Echolocation,/mnt/ubna_data_02_mir/recover-20220922/UBNA_001/20220921_090000.WAV,Telephone Field,recover-20220922,001,1795
1277.8945,1277.9377,68437,83515,Rhinolophus ferrumequinum,0.028,0.028,-1,Echolocation,/mnt/ubna_data_02_mir/recover-20220922/UBNA_001/20220921_090000.WAV,Telephone Field,recover-20220922,001,1795
1277.8945,1277.9069,39218,43199,Pipistrellus nathusii,0.012,0.023,-1,Echolocation,/mnt/ubna_data_02_mir/recover-20220922/UBNA_001/20220921_090000.WAV,Telephone Field,recover-20220922,001,1795
1277.9145,1277.9526,68437,81999,Rhinolophus ferrumequinum,0.021,0.021,-1,Echolocation,/mnt/ubna_data_02_mir/recover-20220922/UBNA_001/20220921_090000.WAV,Telephone Field,recover-20220922,001,1795
1277.9375,1277.9744,68437,81545,Rhinolophus ferrumequinum,0.022,0.022,-1,Echolocation,/mnt/ubna_data_02_mir/recover-20220922/UBNA_001/20220921_090000.WAV,Telephone Field,recover-20220922,001,1795
1277.9445,1277.9542,26328,32867,Eptesicus serotinus,0.01,0.03,-1,Echolocation,/mnt/ubna_data_02_mir/recover-20220922/UBNA_001/20220921_090000.WAV,Telephone Field,recover-20220922,001,1795
1278.0015,1278.0324,69296,81554,Rhinolophus ferrumequinum,0.031,0.031,-1,Echolocation,/mnt/ubna_data_02_mir/recover-20220922/UBNA_001/20220921_090000.WAV,Telephone Field,recover-20220922,001,1795
1278.0015,1278.0145,18593,23319,Nyctalus leisleri,0.013,0.034,-1,Echolocation,/mnt/ubna_data_02_mir/recover-20220922/UBNA_001/20220921_090000.WAV,Telephone Field,recover-20220922,001,1795
1278.0015,1278.0094,46093,50528,Pipistrellus pipistrellus,0.023,0.027,-1,Echolocation,/mnt/ubna_data_02_mir/recover-20220922/UBNA_001/20220921_090000.WAV,Telephone Field,recover-20220922,001,1795
1278.0085,1278.0508,68437,82094,Rhinolophus ferrumequinum,0.026,0.026,-1,Echolocation,/mnt/ubna_data_02_mir/recover-20220922/UBNA_001/20220921_090000.WAV,Telephone Field,recover-20220922,001,1795
1278.0165,1278.0275,22031,25754,Nyctalus leisleri,0.012,0.022,-1,Echolocation,/mnt/ubna_data_02_mir/recover-20220922/UBNA_001/20220921_090000.WAV,Telephone Field,recover-20220922,001,1795
1278.0665,1278.1062,68437,82257,Rhinolophus ferrumequinum,0.022,0.022,-1,Echolocation,/mnt/ubna_data_02_mir/recover-20220922/UBNA_001/20220921_090000.WAV,Telephone Field,recover-20220922,001,1795
1278.0875,1278.0951,26328,35014,Eptesicus serotinus,0.007,0.022,-1,Echolocation,/mnt/ubna_data_02_mir/recover-20220922/UBNA_001/20220921_090000.WAV,Telephone Field,recover-20220922,001,1795
1278.1515,1278.1925,68437,82943,Rhinolophus ferrumequinum,0.042,0.042,-1,Echolocation,/mnt/ubna_data_02_mir/recover-20220922/UBNA_001/20220921_090000.WAV,Telephone Field,recover-20220922,001,1795
1278.1715,1278.1809,28906,38262,Eptesicus serotinus,0.008,0.021,-1,Echolocation,/mnt/ubna_data_02_mir/recover-20220922/UBNA_001/20220921_090000.WAV,Telephone Field,recover-20220922,001,1795
1278.1995,1278.2391,68437,82545,Rhinolophus ferrumequinum,0.027,0.027,-1,Echolocation,/mnt/ubna_data_02_mir/recover-20220922/UBNA_001/20220921_090000.WAV,Telephone Field,recover-20220922,001,1795
1278.2145,1278.2251,23750,28888,Nyctalus leisleri,0.019,0.044,-1,Echolocation,/mnt/ubna_data_02_mir/recover-20220922/UBNA_001/20220921_090000.WAV,Telephone Field,recover-20220922,001,1795
1278.2915,1278.2994,28906,36302,Eptesicus serotinus,0.012,0.027,-1,Echolocation,/mnt/ubna_data_02_mir/recover-20220922/UBNA_001/20220921_090000.WAV,Telephone Field,recover-20220922,001,1795
1278.3385,1278.3758,68437,81627,Rhinolophus ferrumequinum,0.022,0.022,-1,Echolocation,/mnt/ubna_data_02_mir/recover-20220922/UBNA_001/20220921_090000.WAV,Telephone Field,recover-20220922,001,1795
1278.3585,1278.3962,68437,82110,Rhinolophus ferrumequinum,0.025,0.025,-1,Echolocation,/mnt/ubna_data_02_mir/recover-20220922/UBNA_001/20220921_090000.WAV,Telephone Field,recover-20220922,001,1795
1278.4335,1278.4713,68437,81819,Rhinolophus ferrumequinum,0.023,0.024,-1,Echolocation,/mnt/ubna_data_02_mir/recover-20220922/UBNA_001/20220921_090000.WAV,Telephone Field,recover-20220922,001,1795
1278.4575,1278.4955,68437,81434,Rhinolophus ferrumequinum,0.023,0.023,-1,Echolocation,/mnt/ubna_data_02_mir/recover-20220922/UBNA_001/20220921_090000.WAV,Telephone Field,recover-20220922,001,1795
1278.4895,1278.5279,68437,81161,Rhinolophus ferrumequinum,0.022,0.022,-1,Echolocation,/mnt/ubna_data_02_mir/recover-20220922/UBNA_001/20220921_090000.WAV,Telephone Field,recover-20220922,001,1795
1278.4955,1278.5033,28046,39135,Eptesicus serotinus,0.007,0.022,-1,Echolocation,/mnt/ubna_data_02_mir/recover-20220922/UBNA_001/20220921_090000.WAV,Telephone Field,recover-20220922,001,1795
1278.5035,1278.5365,68437,80503,Rhinolophus ferrumequinum,0.025,0.025,-1,Echolocation,/mnt/ubna_data_02_mir/recover-20220922/UBNA_001/20220921_090000.WAV,Telephone Field,recover-20220922,001,1795
1278.5265,1278.5365,28046,34519,Eptesicus serotinus,0.011,0.023,-1,Echolocation,/mnt/ubna_data_02_mir/recover-20220922/UBNA_001/20220921_090000.WAV,Telephone Field,recover-20220922,001,1795
1278.5275,1278.5684,68437,81739,Rhinolophus ferrumequinum,0.024,0.024,-1,Echolocation,/mnt/ubna_data_02_mir/recover-20220922/UBNA_001/20220921_090000.WAV,Telephone Field,recover-20220922,001,1795
1278.5385,1278.5803,68437,82874,Rhinolophus ferrumequinum,0.026,0.026,-1,Echolocation,/mnt/ubna_data_02_mir/recover-20220922/UBNA_001/20220921_090000.WAV,Telephone Field,recover-20220922,001,1795
1278.5675,1278.579,22890,27914,Nyctalus leisleri,0.012,0.024,-1,Echolocation,/mnt/ubna_data_02_mir/recover-20220922/UBNA_001/20220921_090000.WAV,Telephone Field,recover-20220922,001,1795
1278.6025,1278.6109,56406,63098,Pipistrellus pygmaeus,0.022,0.023,-1,Echolocation,/mnt/ubna_data_02_mir/recover-20220922/UBNA_001/20220921_090000.WAV,Telephone Field,recover-20220922,001,1795
1278.6225,1278.6329,28046,36519,Eptesicus serotinus,0.012,0.024,-1,Echolocation,/mnt/ubna_data_02_mir/recover-20220922/UBNA_001/20220921_090000.WAV,Telephone Field,recover-20220922,001,1795
1278.6605,1278.6719,23750,29683,Nyctalus leisleri,0.01,0.023,-1,Echolocation,/mnt/ubna_data_02_mir/recover-20220922/UBNA_001/20220921_090000.WAV,Telephone Field,recover-20220922,001,1795
1278.6755,1278.6854,28906,38677,Eptesicus serotinus,0.01,0.021,-1,Echolocation,/mnt/ubna_data_02_mir/recover-20220922/UBNA_001/20220921_090000.WAV,Telephone Field,recover-20220922,001,1795
1278.6895,1278.7345,68437,83651,Rhinolophus ferrumequinum,0.035,0.035,-1,Echolocation,/mnt/ubna_data_02_mir/recover-20220922/UBNA_001/20220921_090000.WAV,Telephone Field,recover-20220922,001,1795
1278.7025,1278.713,23750,29377,Nyctalus leisleri,0.011,0.025,-1,Echolocation,/mnt/ubna_data_02_mir/recover-20220922/UBNA_001/20220921_090000.WAV,Telephone Field,recover-20220922,001,1795
1278.7075,1278.7457,68437,82395,Rhinolophus ferrumequinum,0.024,0.024,-1,Echolocation,/mnt/ubna_data_02_mir/recover-20220922/UBNA_001/20220921_090000.WAV,Telephone Field,recover-20220922,001,1795
1278.7565,1278.7645,23750,32052,Plecotus austriacus,0.014,0.03,-1,Echolocation,/mnt/ubna_data_02_mir/recover-20220922/UBNA_001/20220921_090000.WAV,Telephone Field,recover-20220922,001,1795
1278.7835,1278.8226,68437,82586,Rhinolophus ferrumequinum,0.024,0.024,-1,Echolocation,/mnt/ubna_data_02_mir/recover-20220922/UBNA_001/20220921_090000.WAV,Telephone Field,recover-20220922,001,1795
1278.8035,1278.8409,68437,81187,Rhinolophus ferrumequinum,0.023,0.023,-1,Echolocation,/mnt/ubna_data_02_mir/recover-20220922/UBNA_001/20220921_090000.WAV,Telephone Field,recover-20220922,001,1795
1278.8175,1278.8563,68437,82215,Rhinolophus ferrumequinum,0.024,0.024,-1,Echolocation,/mnt/ubna_data_02_mir/recover-20220922/UBNA_001/20220921_090000.WAV,Telephone Field,recover-20220922,001,1795
1278.8205,1278.8276,29765,41923,Myotis daubentonii,0.009,0.023,-1,Echolocation,/mnt/ubna_data_02_mir/recover-20220922/UBNA_001/20220921_090000.WAV,Telephone Field,recover-20220922,001,1795
1278.8395,1278.8803,68437,82602,Rhinolophus ferrumequinum,0.035,0.036,-1,Echolocation,/mnt/ubna_data_02_mir/recover-20220922/UBNA_001/20220921_090000.WAV,Telephone Field,recover-20220922,001,1795
1278.9065,1278.9233,22031,26535,Nyctalus leisleri,0.02,0.038,-1,Echolocation,/mnt/ubna_data_02_mir/recover-20220922/UBNA_001/20220921_090000.WAV,Telephone Field,recover-20220922,001,1795
1278.9245,1278.9609,68437,81918,Rhinolophus ferrumequinum,0.022,0.022,-1,Echolocation,/mnt/ubna_data_02_mir/recover-20220922/UBNA_001/20220921_090000.WAV,Telephone Field,recover-20220922,001,1795
1278.9585,1278.9995,68437,82751,Rhinolophus ferrumequinum,0.037,0.037,-1,Echolocation,/mnt/ubna_data_02_mir/recover-20220922/UBNA_001/20220921_090000.WAV,Telephone Field,recover-20220922,001,1795
1278.9615,1278.9759,22890,26341,Nyctalus leisleri,0.018,0.029,-1,Echolocation,/mnt/ubna_data_02_mir/recover-20220922/UBNA_001/20220921_090000.WAV,Telephone Field,recover-20220922,001,1795
1278.9865,1278.9987,23750,29146,Nyctalus leisleri,0.015,0.033,-1,Echolocation,/mnt/ubna_data_02_mir/recover-20220922/UBNA_001/20220921_090000.WAV,Telephone Field,recover-20220922,001,1795
1279.0075,1279.0418,68437,81166,Rhinolophus ferrumequinum,0.023,0.023,-1,Echolocation,/mnt/ubna_data_02_mir/recover-20220922/UBNA_001/20220921_090000.WAV,Telephone Field,recover-20220922,001,1795
1279.0255,1279.0465,37500,41228,Pipistrellus nathusii,0.071,0.105,-1,Echolocation,/mnt/ubna_data_02_mir/recover-20220922/UBNA_001/20220921_090000.WAV,Telephone Field,recover-20220922,001,1795
1279.0485,1279.0852,68437,81468,Rhinolophus ferrumequinum,0.021,0.021,-1,Echolocation,/mnt/ubna_data_02_mir/recover-20220922/UBNA_001/20220921_090000.WAV,Telephone Field,recover-20220922,001,1795
1279.0565,1279.0703,28906,34100,Eptesicus serotinus,0.02,0.036,-1,Echolocation,/mnt/ubna_data_02_mir/recover-20220922/UBNA_001/20220921_090000.WAV,Telephone Field,recover-20220922,001,1795
1279.0605,1279.0688,47812,52654,Pipistrellus pipistrellus,0.033,0.036,-1,Echolocation,/mnt/ubna_data_02_mir/recover-20220922/UBNA_001/20220921_090000.WAV,Telephone Field,recover-20220922,001,1795
1279.1045,1279.1099,28046,43701,Myotis nattereri,0.009,0.038,-1,Echolocation,/mnt/ubna_data_02_mir/recover-20220922/UBNA_001/20220921_090000.WAV,Telephone Field,recover-20220922,001,1795
1279.1095,1279.1488,68437,82579,Rhinolophus ferrumequinum,0.022,0.022,-1,Echolocation,/mnt/ubna_data_02_mir/recover-20220922/UBNA_001/20220921_090000.WAV,Telephone Field,recover-20220922,001,1795
1279.1445,1279.1522,28906,39187,Eptesicus serotinus,0.007,0.022,-1,Echolocation,/mnt/ubna_data_02_mir/recover-20220922/UBNA_001/20220921_090000.WAV,Telephone Field,recover-20220922,001,1795
1279.1455,1279.1526,23750,32425,Plecotus austriacus,0.009,0.022,-1,Echolocation,/mnt/ubna_data_02_mir/recover-20220922/UBNA_001/20220921_090000.WAV,Telephone Field,recover-20220922,001,1795
1279.1965,1279.2373,68437,82389,Rhinolophus ferrumequinum,0.023,0.023,-1,Echolocation,/mnt/ubna_data_02_mir/recover-20220922/UBNA_001/20220921_090000.WAV,Telephone Field,recover-20220922,001,1795
1279.2025,1279.2438,68437,82666,Rhinolophus ferrumequinum,0.023,0.023,-1,Echolocation,/mnt/ubna_data_02_mir/recover-20220922/UBNA_001/20220921_090000.WAV,Telephone Field,recover-20220922,001,1795
1279.2265,1279.2369,47812,50777,Pipistrellus pipistrellus,0.025,0.029,-1,Echolocation,/mnt/ubna_data_02_mir/recover-20220922/UBNA_001/20220921_090000.WAV,Telephone Field,recover-20220922,001,1795
1279.2285,1279.2372,25468,34191,Eptesicus serotinus,0.007,0.022,-1,Echolocation,/mnt/ubna_data_02_mir/recover-20220922/UBNA_001/20220921_090000.WAV,Telephone Field,recover-20220922,001,1795
1279.2305,1279.2694,68437,82210,Rhinolophus ferrumequinum,0.022,0.022,-1,Echolocation,/mnt/ubna_data_02_mir/recover-20220922/UBNA_001/20220921_090000.WAV,Telephone Field,recover-20220922,001,1795
1279.2435,1279.2534,25468,31982,Eptesicus serotinus,0.011,0.034,-1,Echolocation,/mnt/ubna_data_02_mir/recover-20220922/UBNA_001/20220921_090000.WAV,Telephone Field,recover-20220922,001,1795
1279.2725,1279.3141,68437,82141,Rhinolophus ferrumequinum,0.026,0.026,-1,Echolocation,/mnt/ubna_data_02_mir/recover-20220922/UBNA_001/20220921_090000.WAV,Telephone Field,recover-20220922,001,1795
1279.2835,1279.2913,24609,32756,Plecotus austriacus,0.007,0.024,-1,Echolocation,/mnt/ubna_data_02_mir/recover-20220922/UBNA_001/20220921_090000.WAV,Telephone Field,recover-20220922,001,1795
1279.2945,1279.3288,68437,80601,Rhinolophus ferrumequinum,0.024,0.024,-1,Echolocation,/mnt/ubna_data_02_mir/recover-20220922/UBNA_001/20220921_090000.WAV,Telephone Field,recover-20220922,001,1795
1279.3125,1279.3237,24609,31948,Eptesicus serotinus,0.009,0.023,-1,Echolocation,/mnt/ubna_data_02_mir/recover-20220922/UBNA_001/20220921_090000.WAV,Telephone Field,recover-20220922,001,1795
1279.3385,1279.3784,68437,82400,Rhinolophus ferrumequinum,0.024,0.024,-1,Echolocation,/mnt/ubna_data_02_mir/recover-20220922/UBNA_001/20220921_090000.WAV,Telephone Field,recover-20220922,001,1795
1279.3765,1279.4154,68437,81708,Rhinolophus ferrumequinum,0.028,0.028,-1,Echolocation,/mnt/ubna_data_02_mir/recover-20220922/UBNA_001/20220921_090000.WAV,Telephone Field,recover-20220922,001,1795
1279.3775,1279.3938,21171,24803,Nyctalus leisleri,0.018,0.034,-1,Echolocation,/mnt/ubna_data_02_mir/recover-20220922/UBNA_001/20220921_090000.WAV,Telephone Field,recover-20220922,001,1795
1279.3835,1279.4245,68437,82499,Rhinolophus ferrumequinum,0.028,0.028,-1,Echolocation,/mnt/ubna_data_02_mir/recover-20220922/UBNA_001/20220921_090000.WAV,Telephone Field,recover-20220922,001,1795
1279.4625,1279.4738,55546,59855,Pipistrellus pygmaeus,0.027,0.028,-1,Echolocation,/mnt/ubna_data_02_mir/recover-20220922/UBNA_001/20220921_090000.WAV,Telephone Field,recover-20220922,001,1795
1279.4765,1279.4864,28906,38574,Eptesicus serotinus,0.009,0.021,-1,Echolocation,/mnt/ubna_data_02_mir/recover-20220922/UBNA_001/20220921_090000.WAV,Telephone Field,recover-20220922,001,1795
1279.4865,1279.4932,24609,34053,Plecotus austriacus,0.016,0.041,-1,Echolocation,/mnt/ubna_data_02_mir/recover-20220922/UBNA_001/20220921_090000.WAV,Telephone Field,recover-20220922,001,1795
1279.5305,1279.5686,68437,82093,Rhinolophus ferrumequinum,0.022,0.022,-1,Echolocation,/mnt/ubna_data_02_mir/recover-20220922/UBNA_001/20220921_090000.WAV,Telephone Field,recover-20220922,001,1795
1279.5565,1279.5914,68437,81412,Rhinolophus ferrumequinum,0.024,0.024,-1,Echolocation,/mnt/ubna_data_02_mir/recover-20220922/UBNA_001/20220921_090000.WAV,Telephone Field,recover-20220922,001,1795
1279.5715,1279.5817,28046,36154,Eptesicus serotinus,0.01,0.022,-1,Echolocation,/mnt/ubna_data_02_mir/recover-20220922/UBNA_001/20220921_090000.WAV,Telephone Field,recover-20220922,001,1795
1279.5855,1279.6255,68437,82588,Rhinolophus ferrumequinum,0.025,0.025,-1,Echolocation,/mnt/ubna_data_02_mir/recover-20220922/UBNA_001/20220921_090000.WAV,Telephone Field,recover-20220922,001,1795
1279.5975,1279.6361,68437,82247,Rhinolophus ferrumequinum,0.023,0.023,-1,Echolocation,/mnt/ubna_data_02_mir/recover-20220922/UBNA_001/20220921_090000.WAV,Telephone Field,recover-20220922,001,1795
1279.6295,1279.6405,23750,29796,Nyctalus leisleri,0.011,0.029,-1,Echolocation,/mnt/ubna_data_02_mir/recover-20220922/UBNA_001/20220921_090000.WAV,Telephone Field,recover-20220922,001,1795
1279.6545,1279.6603,50390,57626,Pipistrellus pipistrellus,0.021,0.023,-1,Echolocation,/mnt/ubna_data_02_mir/recover-20220922/UBNA_001/20220921_090000.WAV,Telephone Field,recover-20220922,001,1795
1279.6895,1279.6978,28906,38517,Eptesicus serotinus,0.008,0.023,-1,Echolocation,/mnt/ubna_data_02_mir/recover-20220922/UBNA_001/20220921_090000.WAV,Telephone Field,recover-20220922,001,1795
1279.6955,1279.7344,68437,81669,Rhinolophus ferrumequinum,0.021,0.021,-1,Echolocation,/mnt/ubna_data_02_mir/recover-20220922/UBNA_001/20220921_090000.WAV,Telephone Field,recover-20220922,001,1795
1279.7015,1279.7393,68437,81681,Rhinolophus ferrumequinum,0.021,0.021,-1,Echolocation,/mnt/ubna_data_02_mir/recover-20220922/UBNA_001/20220921_090000.WAV,Telephone Field,recover-20220922,001,1795
1279.7035,1279.7149,22890,28461,Nyctalus leisleri,0.011,0.026,-1,Echolocation,/mnt/ubna_data_02_mir/recover-20220922/UBNA_001/20220921_090000.WAV,Telephone Field,recover-20220922,001,1795
1279.7275,1279.7377,46093,49817,Pipistrellus pipistrellus,0.02,0.022,-1,Echolocation,/mnt/ubna_data_02_mir/recover-20220922/UBNA_001/20220921_090000.WAV,Telephone Field,recover-20220922,001,1795
1279.7575,1279.7964,68437,82387,Rhinolophus ferrumequinum,0.023,0.023,-1,Echolocation,/mnt/ubna_data_02_mir/recover-20220922/UBNA_001/20220921_090000.WAV,Telephone Field,recover-20220922,001,1795
1279.7645,1279.7744,24609,31618,Eptesicus serotinus,0.007,0.021,-1,Echolocation,/mnt/ubna_data_02_mir/recover-20220922/UBNA_001/20220921_090000.WAV,Telephone Field,recover-20220922,001,1795
1279.7655,1279.8029,68437,81786,Rhinolophus ferrumequinum,0.023,0.023,-1,Echolocation,/mnt/ubna_data_02_mir/recover-20220922/UBNA_001/20220921_090000.WAV,Telephone Field,recover-20220922,001,1795
1279.7795,1279.7874,28906,38295,Eptesicus serotinus,0.008,0.025,-1,Echolocation,/mnt/ubna_data_02_mir/recover-20220922/UBNA_001/20220921_090000.WAV,Telephone Field,recover-20220922,001,1795
1279.8315,1279.8709,68437,82658,Rhinolophus ferrumequinum,0.022,0.022,-1,Echolocation,/mnt/ubna_data_02_mir/recover-20220922/UBNA_001/20220921_090000.WAV,Telephone Field,recover-20220922,001,1795
1279.8615,1279.9022,68437,82499,Rhinolophus ferrumequinum,0.022,0.022,-1,Echolocation,/mnt/ubna_data_02_mir/recover-20220922/UBNA_001/20220921_090000.WAV,Telephone Field,recover-20220922,001,1795
1279.8835,1279.9224,68437,81877,Rhinolophus ferrumequinum,0.022,0.022,-1,Echolocation,/mnt/ubna_data_02_mir/recover-20220922/UBNA_001/20220921_090000.WAV,Telephone Field,recover-20220922,001,1795
1279.8865,1279.8943,27187,37105,Eptesicus serotinus,0.015,0.036,-1,Echolocation,/mnt/ubna_data_02_mir/recover-20220922/UBNA_001/20220921_090000.WAV,Telephone Field,recover-20220922,001,1795
1279.9185,1279.9585,68437,82319,Rhinolophus ferrumequinum,0.026,0.026,-1,Echolocation,/mnt/ubna_data_02_mir/recover-20220922/UBNA_001/20220921_090000.WAV,Telephone Field,recover-20220922,001,1795
1279.9275,1279.9368,22031,28245,Plecotus austriacus,0.009,0.024,-1,Echolocation,/mnt/ubna_data_02_mir/recover-20220922/UBNA_001/20220921_090000.WAV,Telephone Field,recover-20220922,001,1795
1279.9275,1279.9642,68437,81824,Rhinolophus ferrumequinum,0.022,0.022,-1,Echolocation,/mnt/ubna_data_02_mir/recover-20220922/UBNA_001/20220921_090000.WAV,Telephone Field,recover-20220922,001,1795
1279.9365,1279.9749,68437,82381,Rhinolophus ferrumequinum,0.026,0.026,-1,Echolocation,/mnt/ubna_data_02_mir/recover-20220922/UBNA_001/20220921_090000.WAV,Telephone Field,recover-20220922,001,1795
1279.9435,1279.9506,29765,40993,Myotis daubentonii,0.011,0.034,-1,Echolocation,/mnt/ubna_data_02_mir/recover-20220922/UBNA_001/20220921_090000.WAV,Telephone Field,recover-20220922,001,1795
1280.0015,1280.0108,22890,28659,Nyctalus leisleri,0.013,0.03,-1,Echolocation,/mnt/ubna_data_02_mir/recover-20220922/UBNA_001/20220921_090000.WAV,Telephone Field,recover-20220922,001,1795
1280.0015,1280.0301,69296,81425,Rhinolophus ferrumequinum,0.03,0.031,-1,Echolocation,/mnt/ubna_data_02_mir/recover-20220922/UBNA_001/20220921_090000.WAV,Telephone Field,recover-20220922,001,1795
1280.0015,1280.0137,45234,52504,Pipistrellus pipistrellus,0.031,0.037,-1,Echolocation,/mnt/ubna_data_02_mir/recover-20220922/UBNA_001/20220921_090000.WAV,Telephone Field,recover-20220922,001,1795
1280.0315,1280.0404,28906,40305,Eptesicus serotinus,0.008,0.022,-1,Echolocation,/mnt/ubna_data_02_mir/recover-20220922/UBNA_001/20220921_090000.WAV,Telephone Field,recover-20220922,001,1795
1280.0635,1280.1018,68437,81276,Rhinolophus ferrumequinum,0.022,0.022,-1,Echolocation,/mnt/ubna_data_02_mir/recover-20220922/UBNA_001/20220921_090000.WAV,Telephone Field,recover-20220922,001,1795
1280.0815,1280.0912,23750,30874,Nyctalus leisleri,0.008,0.023,-1,Echolocation,/mnt/ubna_data_02_mir/recover-20220922/UBNA_001/20220921_090000.WAV,Telephone Field,recover-20220922,001,1795
1280.0995,1280.1102,28046,35902,Eptesicus serotinus,0.011,0.023,-1,Echolocation,/mnt/ubna_data_02_mir/recover-20220922/UBNA_001/20220921_090000.WAV,Telephone Field,recover-20220922,001,1795
1280.1025,1280.1431,68437,82316,Rhinolophus ferrumequinum,0.024,0.024,-1,Echolocation,/mnt/ubna_data_02_mir/recover-20220922/UBNA_001/20220921_090000.WAV,Telephone Field,recover-20220922,001,1795
1280.1075,1280.1157,45234,53296,Pipistrellus pipistrellus,0.023,0.026,-1,Echolocation,/mnt/ubna_data_02_mir/recover-20220922/UBNA_001/20220921_090000.WAV,Telephone Field,recover-20220922,001,1795
1280.1225,1280.1334,22890,28778,Nyctalus leisleri,0.012,0.026,-1,Echolocation,/mnt/ubna_data_02_mir/recover-20220922/UBNA_001/20220921_090000.WAV,Telephone Field,recover-20220922,001,1795
1280.1615,1280.1725,24609,30509,Nyctalus leisleri,0.013,0.033,-1,Echolocation,/mnt/ubna_data_02_mir/recover-20220922/UBNA_001/20220921_090000.WAV,Telephone Field,recover-20220922,001,1795
1280.1655,1280.1781,15156,21082,Nyctalus noctula,0.016,0.028,-1,Echolocation,/mnt/ubna_data_02_mir/recover-20220922/UBNA_001/20220921_090000.WAV,Telephone Field,recover-20220922,001,1795
1280.1905,1280.231,68437,82576,Rhinolophus ferrumequinum,0.029,0.029,-1,Echolocation,/mnt/ubna_data_02_mir/recover-20220922/UBNA_001/20220921_090000.WAV,Telephone Field,recover-20220922,001,1795
1280.2265,1280.2359,28046,36679,Eptesicus serotinus,0.009,0.026,-1,Echolocation,/mnt/ubna_data_02_mir/recover-20220922/UBNA_001/20220921_090000.WAV,Telephone Field,recover-20220922,001,1795
1280.2385,1280.2767,68437,81542,Rhinolophus ferrumequinum,0.024,0.024,-1,Echolocation,/mnt/ubna_data_02_mir/recover-20220922/UBNA_001/20220921_090000.WAV,Telephone Field,recover-20220922,001,1795
1280.2485,1280.2847,68437,81086,Rhinolophus ferrumequinum,0.023,0.023,-1,Echolocation,/mnt/ubna_data_02_mir/recover-20220922/UBNA_001/20220921_090000.WAV,Telephone Field,recover-20220922,001,1795
1280.2555,1280.2631,28046,38594,Eptesicus serotinus,0.006,0.022,-1,Echolocation,/mnt/ubna_data_02_mir/recover-20220922/UBNA_001/20220921_090000.WAV,Telephone Field,recover-20220922,001,1795
1280.2645,1280.3051,68437,82602,Rhinolophus ferrumequinum,0.025,0.025,-1,Echolocation,/mnt/ubna_data_02_mir/recover-20220922/UBNA_001/20220921_090000.WAV,Telephone Field,recover-20220922,001,1795
1280.2785,1280.2864,47812,54897,Pipistrellus pipistrellus,0.064,0.068,-1,Echolocation,/mnt/ubna_data_02_mir/recover-20220922/UBNA_001/20220921_090000.WAV,Telephone Field,recover-20220922,001,1795
1280.2905,1280.304,26328,31384,Eptesicus serotinus,0.012,0.03,-1,Echolocation,/mnt/ubna_data_02_mir/recover-20220922/UBNA_001/20220921_090000.WAV,Telephone Field,recover-20220922,001,1795
1280.3345,1280.3769,68437,83236,Rhinolophus ferrumequinum,0.025,0.025,-1,Echolocation,/mnt/ubna_data_02_mir/recover-20220922/UBNA_001/20220921_090000.WAV,Telephone Field,recover-20220922,001,1795
1280.3715,1280.4092,68437,81748,Rhinolophus ferrumequinum,0.024,0.024,-1,Echolocation,/mnt/ubna_data_02_mir/recover-20220922/UBNA_001/20220921_090000.WAV,Telephone Field,recover-20220922,001,1795
1280.3715,1280.381,28906,42062,Eptesicus serotinus,0.011,0.026,-1,Echolocation,/mnt/ubna_data_02_mir/recover-20220922/UBNA_001/20220921_090000.WAV,Telephone Field,recover-20220922,001,1795
1280.3905,1280.4298,68437,82202,Rhinolophus ferrumequinum,0.024,0.024,-1,Echolocation,/mnt/ubna_data_02_mir/recover-20220922/UBNA_001/20220921_090000.WAV,Telephone Field,recover-20220922,001,1795
1280.4205,1280.428,27187,36420,Eptesicus serotinus,0.007,0.024,-1,Echolocation,/mnt/ubna_data_02_mir/recover-20220922/UBNA_001/20220921_090000.WAV,Telephone Field,recover-20220922,001,1795
1280.4325,1280.4675,68437,80597,Rhinolophus ferrumequinum,0.023,0.023,-1,Echolocation,/mnt/ubna_data_02_mir/recover-20220922/UBNA_001/20220921_090000.WAV,Telephone Field,recover-20220922,001,1795
1280.4425,1280.4512,28046,36982,Eptesicus serotinus,0.009,0.023,-1,Echolocation,/mnt/ubna_data_02_mir/recover-20220922/UBNA_001/20220921_090000.WAV,Telephone Field,recover-20220922,001,1795
1280.4745,1280.5189,68437,82442,Rhinolophus ferrumequinum,0.033,0.033,-1,Echolocation,/mnt/ubna_data_02_mir/recover-20220922/UBNA_001/20220921_090000.WAV,Telephone Field,recover-20220922,001,1795
1280.4955,1280.5018,28046,40081,Eptesicus serotinus,0.006,0.027,-1,Echolocation,/mnt/ubna_data_02_mir/recover-20220922/UBNA_001/20220921_090000.WAV,Telephone Field,recover-20220922,001,1795
1280.5115,1280.5489,68437,82387,Rhinolophus ferrumequinum,0.026,0.026,-1,Echolocation,/mnt/ubna_data_02_mir/recover-20220922/UBNA_001/20220921_090000.WAV,Telephone Field,recover-20220922,001,1795
1280.5195,1280.5586,68437,81868,Rhinolophus ferrumequinum,0.024,0.024,-1,Echolocation,/mnt/ubna_data_02_mir/recover-20220922/UBNA_001/20220921_090000.WAV,Telephone Field,recover-20220922,001,1795
1280.5265,1280.5616,68437,81892,Rhinolophus ferrumequinum,0.029,0.029,-1,Echolocation,/mnt/ubna_data_02_mir/recover-20220922/UBNA_001/20220921_090000.WAV,Telephone Field,recover-20220922,001,1795
1280.5325,1280.5455,21171,24619,Nyctalus leisleri,0.014,0.023,-1,Echolocation,/mnt/ubna_data_02_mir/recover-20220922/UBNA_001/20220921_090000.WAV,Telephone Field,recover-20220922,001,1795
1280.5395,1280.5624,16875,19697,Nyctalus noctula,0.013,0.024,-1,Echolocation,/mnt/ubna_data_02_mir/recover-20220922/UBNA_001/20220921_090000.WAV,Telephone Field,recover-20220922,001,1795
1280.5415,1280.5803,68437,81807,Rhinolophus ferrumequinum,0.022,0.022,-1,Echolocation,/mnt/ubna_data_02_mir/recover-20220922/UBNA_001/20220921_090000.WAV,Telephone Field,recover-20220922,001,1795
1280.5665,1280.6049,68437,81623,Rhinolophus ferrumequinum,0.022,0.022,-1,Echolocation,/mnt/ubna_data_02_mir/recover-20220922/UBNA_001/20220921_090000.WAV,Telephone Field,recover-20220922,001,1795
1280.5865,1280.6254,68437,82034,Rhinolophus ferrumequinum,0.023,0.023,-1,Echolocation,/mnt/ubna_data_02_mir/recover-20220922/UBNA_001/20220921_090000.WAV,Telephone Field,recover-20220922,001,1795
1280.6035,1280.6444,68437,83305,Rhinolophus ferrumequinum,0.024,0.024,-1,Echolocation,/mnt/ubna_data_02_mir/recover-20220922/UBNA_001/20220921_090000.WAV,Telephone Field,recover-20220922,001,1795
1280.6255,1280.6658,68437,82676,Rhinolophus ferrumequinum,0.022,0.022,-1,Echolocation,/mnt/ubna_data_02_mir/recover-20220922/UBNA_001/20220921_090000.WAV,Telephone Field,recover-20220922,001,1795
1280.6375,1280.6471,23750,30279,Nyctalus leisleri,0.009,0.024,-1,Echolocation,/mnt/ubna_data_02_mir/recover-20220922/UBNA_001/20220921_090000.WAV,Telephone Field,recover-20220922,001,1795
1280.6495,1280.6599,27187,33792,Eptesicus serotinus,0.012,0.025,-1,Echolocation,/mnt/ubna_data_02_mir/recover-20220922/UBNA_001/20220921_090000.WAV,Telephone Field,recover-20220922,001,1795
1280.6765,1280.7166,68437,82297,Rhinolophus ferrumequinum,0.023,0.023,-1,Echolocation,/mnt/ubna_data_02_mir/recover-20220922/UBNA_001/20220921_090000.WAV,Telephone Field,recover-20220922,001,1795
1280.7195,1280.7268,25468,35896,Plecotus austriacus,0.006,0.025,-1,Echolocation,/mnt/ubna_data_02_mir/recover-20220922/UBNA_001/20220921_090000.WAV,Telephone Field,recover-20220922,001,1795
1280.7355,1280.7762,68437,82933,Rhinolophus ferrumequinum,0.024,0.024,-1,Echolocation,/mnt/ubna_data_02_mir/recover-20220922/UBNA_001/20220921_090000.WAV,Telephone Field,recover-20220922,001,1795
1280.7595,1280.8013,68437,82895,Rhinolophus ferrumequinum,0.024,0.024,-1,Echolocation,/mnt/ubna_data_02_mir/recover-20220922/UBNA_001/20220921_090000.WAV,Telephone Field,recover-20220922,001,1795
1280.7985,1280.8375,68437,82338,Rhinolophus ferrumequinum,0.024,0.024,-1,Echolocation,/mnt/ubna_data_02_mir/recover-20220922/UBNA_001/20220921_090000.WAV,Telephone Field,recover-20220922,001,1795
1280.8455,1280.8869,68437,82671,Rhinolophus ferrumequinum,0.024,0.024,-1,Echolocation,/mnt/ubna_data_02_mir/recover-20220922/UBNA_001/20220921_090000.WAV,Telephone Field,recover-20220922,001,1795
1280.8515,1280.8612,25468,32637,Eptesicus serotinus,0.012,0.034,-1,Echolocation,/mnt/ubna_data_02_mir/recover-20220922/UBNA_001/20220921_090000.WAV,Telephone Field,recover-20220922,001,1795
1280.9355,1280.9769000000001,68437,83391,Rhinolophus ferrumequinum,0.034,0.034,-1,Echolocation,/mnt/ubna_data_02_mir/recover-20220922/UBNA_001/20220921_090000.WAV,Telephone Field,recover-20220922,001,1795
1280.9605,1280.9949,68437,81150,Rhinolophus ferrumequinum,0.022,0.023,-1,Echolocation,/mnt/ubna_data_02_mir/recover-20220922/UBNA_001/20220921_090000.WAV,Telephone Field,recover-20220922,001,1795
1281.0135,1281.0230999999999,23750,30893,Nyctalus leisleri,0.01,0.027,-1,Echolocation,/mnt/ubna_data_02_mir/recover-20220922/UBNA_001/20220921_090000.WAV,Telephone Field,recover-20220922,001,1795
1281.0305,1281.0657,68437,81328,Rhinolophus ferrumequinum,0.024,0.024,-1,Echolocation,/mnt/ubna_data_02_mir/recover-20220922/UBNA_001/20220921_090000.WAV,Telephone Field,recover-20220922,001,1795
1281.0595,1281.0708,23750,28307,Nyctalus leisleri,0.013,0.024,-1,Echolocation,/mnt/ubna_data_02_mir/recover-20220922/UBNA_001/20220921_090000.WAV,Telephone Field,recover-20220922,001,1795
1281.0725,1281.1117,68437,82035,Rhinolophus ferrumequinum,0.022,0.022,-1,Echolocation,/mnt/ubna_data_02_mir/recover-20220922/UBNA_001/20220921_090000.WAV,Telephone Field,recover-20220922,001,1795
1281.0955,1281.1174,17734,21651,Nyctalus noctula,0.016,0.024,-1,Echolocation,/mnt/ubna_data_02_mir/recover-20220922/UBNA_001/20220921_090000.WAV,Telephone Field,recover-20220922,001,1795
1281.1395,1281.1773,68437,81755,Rhinolophus ferrumequinum,0.022,0.022,-1,Echolocation,/mnt/ubna_data_02_mir/recover-20220922/UBNA_001/20220921_090000.WAV,Telephone Field,recover-20220922,001,1795
1281.1745,1281.1843,39218,44647,Pipistrellus nathusii,0.011,0.023,-1,Echolocation,/mnt/ubna_data_02_mir/recover-20220922/UBNA_001/20220921_090000.WAV,Telephone Field,recover-20220922,001,1795
1281.1765,1281.2176,68437,82617,Rhinolophus ferrumequinum,0.031,0.031,-1,Echolocation,/mnt/ubna_data_02_mir/recover-20220922/UBNA_001/20220921_090000.WAV,Telephone Field,recover-20220922,001,1795
1281.1935,1281.2009,23750,32305,Plecotus austriacus,0.011,0.023,-1,Echolocation,/mnt/ubna_data_02_mir/recover-20220922/UBNA_001/20220921_090000.WAV,Telephone Field,recover-20220922,001,1795
1281.2135,1281.2505,68437,81746,Rhinolophus ferrumequinum,0.023,0.023,-1,Echolocation,/mnt/ubna_data_02_mir/recover-20220922/UBNA_001/20220921_090000.WAV,Telephone Field,recover-20220922,001,1795
1281.2195,1281.2285,22890,29885,Plecotus austriacus,0.009,0.024,-1,Echolocation,/mnt/ubna_data_02_mir/recover-20220922/UBNA_001/20220921_090000.WAV,Telephone Field,recover-20220922,001,1795
1281.2485,1281.257,23750,31291,Plecotus austriacus,0.008,0.024,-1,Echolocation,/mnt/ubna_data_02_mir/recover-20220922/UBNA_001/20220921_090000.WAV,Telephone Field,recover-20220922,001,1795
1281.2805,1281.3223,68437,82489,Rhinolophus ferrumequinum,0.023,0.023,-1,Echolocation,/mnt/ubna_data_02_mir/recover-20220922/UBNA_001/20220921_090000.WAV,Telephone Field,recover-20220922,001,1795
1281.2925,1281.2984,49531,53519,Pipistrellus pipistrellus,0.025,0.026,-1,Echolocation,/mnt/ubna_data_02_mir/recover-20220922/UBNA_001/20220921_090000.WAV,Telephone Field,recover-20220922,001,1795
1281.2935,1281.3078,23750,28617,Nyctalus leisleri,0.014,0.027,-1,Echolocation,/mnt/ubna_data_02_mir/recover-20220922/UBNA_001/20220921_090000.WAV,Telephone Field,recover-20220922,001,1795
1281.3015,1281.3401,68437,81721,Rhinolophus ferrumequinum,0.022,0.022,-1,Echolocation,/mnt/ubna_data_02_mir/recover-20220922/UBNA_001/20220921_090000.WAV,Telephone Field,recover-20220922,001,1795
1281.3365,1281.3748,68437,81902,Rhinolophus ferrumequinum,0.025,0.025,-1,Echolocation,/mnt/ubna_data_02_mir/recover-20220922/UBNA_001/20220921_090000.WAV,Telephone Field,recover-20220922,001,1795
1281.3475,1281.3857,68437,82771,Rhinolophus ferrumequinum,0.031,0.031,-1,Echolocation,/mnt/ubna_data_02_mir/recover-20220922/UBNA_001/20220921_090000.WAV,Telephone Field,recover-20220922,001,1795
1281.3635,1281.3714,28046,38887,Eptesicus serotinus,0.007,0.023,-1,Echolocation,/mnt/ubna_data_02_mir/recover-20220922/UBNA_001/20220921_090000.WAV,Telephone Field,recover-20220922,001,1795
1281.4085,1281.4186,29765,36036,Eptesicus serotinus,0.011,0.026,-1,Echolocation,/mnt/ubna_data_02_mir/recover-20220922/UBNA_001/20220921_090000.WAV,Telephone Field,recover-20220922,001,1795
1281.4205,1281.4605999999999,68437,82224,Rhinolophus ferrumequinum,0.023,0.023,-1,Echolocation,/mnt/ubna_data_02_mir/recover-20220922/UBNA_001/20220921_090000.WAV,Telephone Field,recover-20220922,001,1795
1281.4355,1281.4433,28906,39815,Eptesicus serotinus,0.008,0.024,-1,Echolocation,/mnt/ubna_data_02_mir/recover-20220922/UBNA_001/20220921_090000.WAV,Telephone Field,recover-20220922,001,1795
1281.4455,1281.4851,68437,82168,Rhinolophus ferrumequinum,0.03,0.03,-1,Echolocation,/mnt/ubna_data_02_mir/recover-20220922/UBNA_001/20220921_090000.WAV,Telephone Field,recover-20220922,001,1795
1281.4675,1281.5094,68437,82702,Rhinolophus ferrumequinum,0.028,0.028,-1,Echolocation,/mnt/ubna_data_02_mir/recover-20220922/UBNA_001/20220921_090000.WAV,Telephone Field,recover-20220922,001,1795
1281.4755,1281.4837,23750,31290,Plecotus austriacus,0.008,0.022,-1,Echolocation,/mnt/ubna_data_02_mir/recover-20220922/UBNA_001/20220921_090000.WAV,Telephone Field,recover-20220922,001,1795
1281.4965,1281.5332,68437,81273,Rhinolophus ferrumequinum,0.023,0.023,-1,Echolocation,/mnt/ubna_data_02_mir/recover-20220922/UBNA_001/20220921_090000.WAV,Telephone Field,recover-20220922,001,1795
1281.5255,1281.5373,23750,29918,Nyctalus leisleri,0.013,0.03,-1,Echolocation,/mnt/ubna_data_02_mir/recover-20220922/UBNA_001/20220921_090000.WAV,Telephone Field,recover-20220922,001,1795
1281.5635,1281.6041,68437,83039,Rhinolophus ferrumequinum,0.024,0.024,-1,Echolocation,/mnt/ubna_data_02_mir/recover-20220922/UBNA_001/20220921_090000.WAV,Telephone Field,recover-20220922,001,1795
1281.5865,1281.5969,22890,27942,Nyctalus leisleri,0.011,0.023,-1,Echolocation,/mnt/ubna_data_02_mir/recover-20220922/UBNA_001/20220921_090000.WAV,Telephone Field,recover-20220922,001,1795
1281.5945,1281.6328,68437,82380,Rhinolophus ferrumequinum,0.023,0.023,-1,Echolocation,/mnt/ubna_data_02_mir/recover-20220922/UBNA_001/20220921_090000.WAV,Telephone Field,recover-20220922,001,1795
1281.6295,1281.6664,68437,82540,Rhinolophus ferrumequinum,0.022,0.022,-1,Echolocation,/mnt/ubna_data_02_mir/recover-20220922/UBNA_001/20220921_090000.WAV,Telephone Field,recover-20220922,001,1795
1281.6465,1281.6568,25468,32321,Nyctalus leisleri,0.009,0.026,-1,Echolocation,/mnt/ubna_data_02_mir/recover-20220922/UBNA_001/20220921_090000.WAV,Telephone Field,recover-20220922,001,1795
1281.6675,1281.6784,23750,29539,Nyctalus leisleri,0.011,0.026,-1,Echolocation,/mnt/ubna_data_02_mir/recover-20220922/UBNA_001/20220921_090000.WAV,Telephone Field,recover-20220922,001,1795
1281.6685,1281.7077,68437,82285,Rhinolophus ferrumequinum,0.023,0.023,-1,Echolocation,/mnt/ubna_data_02_mir/recover-20220922/UBNA_001/20220921_090000.WAV,Telephone Field,recover-20220922,001,1795
1281.6775,1281.6854,28046,38942,Eptesicus serotinus,0.007,0.023,-1,Echolocation,/mnt/ubna_data_02_mir/recover-20220922/UBNA_001/20220921_090000.WAV,Telephone Field,recover-20220922,001,1795
1281.7055,1281.7142,23750,31290,Plecotus austriacus,0.01,0.027,-1,Echolocation,/mnt/ubna_data_02_mir/recover-20220922/UBNA_001/20220921_090000.WAV,Telephone Field,recover-20220922,001,1795
1281.7115,1281.7505,68437,82437,Rhinolophus ferrumequinum,0.028,0.028,-1,Echolocation,/mnt/ubna_data_02_mir/recover-20220922/UBNA_001/20220921_090000.WAV,Telephone Field,recover-20220922,001,1795
1281.7295,1281.7679,68437,81960,Rhinolophus ferrumequinum,0.023,0.023,-1,Echolocation,/mnt/ubna_data_02_mir/recover-20220922/UBNA_001/20220921_090000.WAV,Telephone Field,recover-20220922,001,1795
1281.7595,1281.7674,50390,55636,Pipistrellus pipistrellus,0.019,0.023,-1,Echolocation,/mnt/ubna_data_02_mir/recover-20220922/UBNA_001/20220921_090000.WAV,Telephone Field,recover-20220922,001,1795
1281.7835,1281.7928,22890,29223,Nyctalus leisleri,0.008,0.023,-1,Echolocation,/mnt/ubna_data_02_mir/recover-20220922/UBNA_001/20220921_090000.WAV,Telephone Field,recover-20220922,001,1795
1281.7975,1281.834,68437,81642,Rhinolophus ferrumequinum,0.023,0.023,-1,Echolocation,/mnt/ubna_data_02_mir/recover-20220922/UBNA_001/20220921_090000.WAV,Telephone Field,recover-20220922,001,1795
1281.8825,1281.92,68437,81358,Rhinolophus ferrumequinum,0.022,0.022,-1,Echolocation,/mnt/ubna_data_02_mir/recover-20220922/UBNA_001/20220921_090000.WAV,Telephone Field,recover-20220922,001,1795
1281.9025,1281.9129,23750,30003,Nyctalus leisleri,0.01,0.025,-1,Echolocation,/mnt/ubna_data_02_mir/recover-20220922/UBNA_001/20220921_090000.WAV,Telephone Field,recover-20220922,001,1795
1281.9465,1281.9867,68437,82727,Rhinolophus ferrumequinum,0.034,0.034,-1,Echolocation,/mnt/ubna_data_02_mir/recover-20220922/UBNA_001/20220921_090000.WAV,Telephone Field,recover-20220922,001,1795
1281.9605,1281.9677,22890,32544,Plecotus austriacus,0.022,0.038,-1,Echolocation,/mnt/ubna_data_02_mir/recover-20220922/UBNA_001/20220921_090000.WAV,Telephone Field,recover-20220922,001,1795
1281.9775,1281.9841,24609,35355,Plecotus austriacus,0.014,0.033,-1,Echolocation,/mnt/ubna_data_02_mir/recover-20220922/UBNA_001/20220921_090000.WAV,Telephone Field,recover-20220922,001,1795
1281.9855,1281.9971,37500,42584,Pipistrellus nathusii,0.04,0.054,-1,Echolocation,/mnt/ubna_data_02_mir/recover-20220922/UBNA_001/20220921_090000.WAV,Telephone Field,recover-20220922,001,1795
1282.0015,1282.0156,20312,24792,Nyctalus noctula,0.025,0.058,-1,Echolocation,/mnt/ubna_data_02_mir/recover-20220922/UBNA_001/20220921_090000.WAV,Telephone Field,recover-20220922,001,1795
1282.0015,1282.0313,68437,80127,Rhinolophus ferrumequinum,0.032,0.033,-1,Echolocation,/mnt/ubna_data_02_mir/recover-20220922/UBNA_001/20220921_090000.WAV,Telephone Field,recover-20220922,001,1795
1282.0035,1282.0126,48671,52485,Pipistrellus pipistrellus,0.03,0.036,-1,Echolocation,/mnt/ubna_data_02_mir/recover-20220922/UBNA_001/20220921_090000.WAV,Telephone Field,recover-20220922,001,1795
1282.0275,1282.0389,23750,29681,Nyctalus leisleri,0.008,0.021,-1,Echolocation,/mnt/ubna_data_02_mir/recover-20220922/UBNA_001/20220921_090000.WAV,Telephone Field,recover-20220922,001,1795
1282.0385,1282.0799,68437,82457,Rhinolophus ferrumequinum,0.029,0.029,-1,Echolocation,/mnt/ubna_data_02_mir/recover-20220922/UBNA_001/20220921_090000.WAV,Telephone Field,recover-20220922,001,1795
1282.0535,1282.0605,28046,39862,Eptesicus serotinus,0.006,0.02,-1,Echolocation,/mnt/ubna_data_02_mir/recover-20220922/UBNA_001/20220921_090000.WAV,Telephone Field,recover-20220922,001,1795
1282.0635,1282.0831,19453,22473,Nyctalus leisleri,0.015,0.029,-1,Echolocation,/mnt/ubna_data_02_mir/recover-20220922/UBNA_001/20220921_090000.WAV,Telephone Field,recover-20220922,001,1795
1282.0875,1282.1276,68437,81884,Rhinolophus ferrumequinum,0.022,0.022,-1,Echolocation,/mnt/ubna_data_02_mir/recover-20220922/UBNA_001/20220921_090000.WAV,Telephone Field,recover-20220922,001,1795
1282.1015,1282.1359,68437,81242,Rhinolophus ferrumequinum,0.024,0.024,-1,Echolocation,/mnt/ubna_data_02_mir/recover-20220922/UBNA_001/20220921_090000.WAV,Telephone Field,recover-20220922,001,1795
1282.1315,1282.1393,27187,35765,Eptesicus serotinus,0.013,0.035,-1,Echolocation,/mnt/ubna_data_02_mir/recover-20220922/UBNA_001/20220921_090000.WAV,Telephone Field,recover-20220922,001,1795
1282.1315,1282.1701,68437,82449,Rhinolophus ferrumequinum,0.024,0.024,-1,Echolocation,/mnt/ubna_data_02_mir/recover-20220922/UBNA_001/20220921_090000.WAV,Telephone Field,recover-20220922,001,1795
1282.1685,1282.2073,68437,82188,Rhinolophus ferrumequinum,0.023,0.023,-1,Echolocation,/mnt/ubna_data_02_mir/recover-20220922/UBNA_001/20220921_090000.WAV,Telephone Field,recover-20220922,001,1795
1282.1875,1282.2265,68437,82411,Rhinolophus ferrumequinum,0.023,0.023,-1,Echolocation,/mnt/ubna_data_02_mir/recover-20220922/UBNA_001/20220921_090000.WAV,Telephone Field,recover-20220922,001,1795
1282.1875,1282.1942,25468,38698,Plecotus austriacus,0.006,0.025,-1,Echolocation,/mnt/ubna_data_02_mir/recover-20220922/UBNA_001/20220921_090000.WAV,Telephone Field,recover-20220922,001,1795
1282.1985,1282.2388,68437,81990,Rhinolophus ferrumequinum,0.023,0.023,-1,Echolocation,/mnt/ubna_data_02_mir/recover-20220922/UBNA_001/20220921_090000.WAV,Telephone Field,recover-20220922,001,1795
1282.2265,1282.2621,68437,80903,Rhinolophus ferrumequinum,0.02,0.02,-1,Echolocation,/mnt/ubna_data_02_mir/recover-20220922/UBNA_001/20220921_090000.WAV,Telephone Field,recover-20220922,001,1795
1282.2715,1282.2803,27187,36094,Eptesicus serotinus,0.008,0.021,-1,Echolocation,/mnt/ubna_data_02_mir/recover-20220922/UBNA_001/20220921_090000.WAV,Telephone Field,recover-20220922,001,1795
1282.2725,1282.31,68437,82167,Rhinolophus ferrumequinum,0.022,0.022,-1,Echolocation,/mnt/ubna_data_02_mir/recover-20220922/UBNA_001/20220921_090000.WAV,Telephone Field,recover-20220922,001,1795
1282.3005,1282.3095,27187,39165,Eptesicus serotinus,0.009,0.022,-1,Echolocation,/mnt/ubna_data_02_mir/recover-20220922/UBNA_001/20220921_090000.WAV,Telephone Field,recover-20220922,001,1795
1282.3095,1282.3494,68437,81842,Rhinolophus ferrumequinum,0.021,0.021,-1,Echolocation,/mnt/ubna_data_02_mir/recover-20220922/UBNA_001/20220921_090000.WAV,Telephone Field,recover-20220922,001,1795
1282.3155,1282.3534,68437,82336,Rhinolophus ferrumequinum,0.02,0.02,-1,Echolocation,/mnt/ubna_data_02_mir/recover-20220922/UBNA_001/20220921_090000.WAV,Telephone Field,recover-20220922,001,1795
1282.3405,1282.3792,68437,81985,Rhinolophus ferrumequinum,0.024,0.024,-1,Echolocation,/mnt/ubna_data_02_mir/recover-20220922/UBNA_001/20220921_090000.WAV,Telephone Field,recover-20220922,001,1795
1282.3585,1282.3692,23750,29633,Nyctalus leisleri,0.009,0.021,-1,Echolocation,/mnt/ubna_data_02_mir/recover-20220922/UBNA_001/20220921_090000.WAV,Telephone Field,recover-20220922,001,1795
1282.3665,1282.3761,25468,33782,Eptesicus serotinus,0.007,0.02,-1,Echolocation,/mnt/ubna_data_02_mir/recover-20220922/UBNA_001/20220921_090000.WAV,Telephone Field,recover-20220922,001,1795
1282.3665,1282.4049,68437,82465,Rhinolophus ferrumequinum,0.021,0.021,-1,Echolocation,/mnt/ubna_data_02_mir/recover-20220922/UBNA_001/20220921_090000.WAV,Telephone Field,recover-20220922,001,1795
1282.3715,1282.4084,68437,82112,Rhinolophus ferrumequinum,0.02,0.02,-1,Echolocation,/mnt/ubna_data_02_mir/recover-20220922/UBNA_001/20220921_090000.WAV,Telephone Field,recover-20220922,001,1795
1282.3835,1282.3938,28906,36592,Eptesicus serotinus,0.01,0.022,-1,Echolocation,/mnt/ubna_data_02_mir/recover-20220922/UBNA_001/20220921_090000.WAV,Telephone Field,recover-20220922,001,1795
1282.3895,1282.4275,68437,81878,Rhinolophus ferrumequinum,0.024,0.024,-1,Echolocation,/mnt/ubna_data_02_mir/recover-20220922/UBNA_001/20220921_090000.WAV,Telephone Field,recover-20220922,001,1795
1282.4175,1282.4265,57265,62634,Pipistrellus pygmaeus,0.025,0.026,-1,Echolocation,/mnt/ubna_data_02_mir/recover-20220922/UBNA_001/20220921_090000.WAV,Telephone Field,recover-20220922,001,1795
1282.4335,1282.4705,68437,81453,Rhinolophus ferrumequinum,0.021,0.021,-1,Echolocation,/mnt/ubna_data_02_mir/recover-20220922/UBNA_001/20220921_090000.WAV,Telephone Field,recover-20220922,001,1795
1282.4535,1282.4977,68437,83340,Rhinolophus ferrumequinum,0.04,0.04,-1,Echolocation,/mnt/ubna_data_02_mir/recover-20220922/UBNA_001/20220921_090000.WAV,Telephone Field,recover-20220922,001,1795
1282.4775,1282.4877,22890,27828,Nyctalus leisleri,0.012,0.023,-1,Echolocation,/mnt/ubna_data_02_mir/recover-20220922/UBNA_001/20220921_090000.WAV,Telephone Field,recover-20220922,001,1795
1282.4885,1282.5079,20312,23686,Nyctalus leisleri,0.013,0.023,-1,Echolocation,/mnt/ubna_data_02_mir/recover-20220922/UBNA_001/20220921_090000.WAV,Telephone Field,recover-20220922,001,1795
1282.4985,1282.5365,68437,82206,Rhinolophus ferrumequinum,0.023,0.024,-1,Echolocation,/mnt/ubna_data_02_mir/recover-20220922/UBNA_001/20220921_090000.WAV,Telephone Field,recover-20220922,001,1795
1282.5025,1282.5111,28046,40651,Eptesicus serotinus,0.008,0.02,-1,Echolocation,/mnt/ubna_data_02_mir/recover-20220922/UBNA_001/20220921_090000.WAV,Telephone Field,recover-20220922,001,1795
1282.5405,1282.5502,22031,27461,Plecotus austriacus,0.007,0.02,-1,Echolocation,/mnt/ubna_data_02_mir/recover-20220922/UBNA_001/20220921_090000.WAV,Telephone Field,recover-20220922,001,1795
1282.5635,1282.6038,68437,82870,Rhinolophus ferrumequinum,0.027,0.027,-1,Echolocation,/mnt/ubna_data_02_mir/recover-20220922/UBNA_001/20220921_090000.WAV,Telephone Field,recover-20220922,001,1795
1282.5645,1282.5703,40078,53775,Myotis daubentonii,0.008,0.034,-1,Echolocation,/mnt/ubna_data_02_mir/recover-20220922/UBNA_001/20220921_090000.WAV,Telephone Field,recover-20220922,001,1795
1282.5705,1282.578,26328,37856,Eptesicus serotinus,0.006,0.021,-1,Echolocation,/mnt/ubna_data_02_mir/recover-20220922/UBNA_001/20220921_090000.WAV,Telephone Field,recover-20220922,001,1795
1282.5935,1282.6325,68437,82309,Rhinolophus ferrumequinum,0.02,0.02,-1,Echolocation,/mnt/ubna_data_02_mir/recover-20220922/UBNA_001/20220921_090000.WAV,Telephone Field,recover-20220922,001,1795
1282.5955,1282.6057,42656,47027,Pipistrellus pipistrellus,0.024,0.029,-1,Echolocation,/mnt/ubna_data_02_mir/recover-20220922/UBNA_001/20220921_090000.WAV,Telephone Field,recover-20220922,001,1795
1282.6225,1282.6607,68437,82013,Rhinolophus ferrumequinum,0.023,0.023,-1,Echolocation,/mnt/ubna_data_02_mir/recover-20220922/UBNA_001/20220921_090000.WAV,Telephone Field,recover-20220922,001,1795
1282.6255,1282.6344,28046,43406,Eptesicus serotinus,0.008,0.02,-1,Echolocation,/mnt/ubna_data_02_mir/recover-20220922/UBNA_001/20220921_090000.WAV,Telephone Field,recover-20220922,001,1795
1282.6635,1282.7,68437,81586,Rhinolophus ferrumequinum,0.021,0.021,-1,Echolocation,/mnt/ubna_data_02_mir/recover-20220922/UBNA_001/20220921_090000.WAV,Telephone Field,recover-20220922,001,1795
1282.6925,1282.7311,68437,82378,Rhinolophus ferrumequinum,0.021,0.021,-1,Echolocation,/mnt/ubna_data_02_mir/recover-20220922/UBNA_001/20220921_090000.WAV,Telephone Field,recover-20220922,001,1795
1282.7235,1282.759,68437,81556,Rhinolophus ferrumequinum,0.02,0.021,-1,Echolocation,/mnt/ubna_data_02_mir/recover-20220922/UBNA_001/20220921_090000.WAV,Telephone Field,recover-20220922,001,1795
1282.7735,1282.8136,68437,82504,Rhinolophus ferrumequinum,0.023,0.023,-1,Echolocation,/mnt/ubna_data_02_mir/recover-20220922/UBNA_001/20220921_090000.WAV,Telephone Field,recover-20220922,001,1795
1282.7815,1282.8203,68437,82120,Rhinolophus ferrumequinum,0.022,0.022,-1,Echolocation,/mnt/ubna_data_02_mir/recover-20220922/UBNA_001/20220921_090000.WAV,Telephone Field,recover-20220922,001,1795
1282.8295,1282.8668,68437,81764,Rhinolophus ferrumequinum,0.022,0.022,-1,Echolocation,/mnt/ubna_data_02_mir/recover-20220922/UBNA_001/20220921_090000.WAV,Telephone Field,recover-20220922,001,1795
1282.8345,1282.8428,28046,39435,Eptesicus serotinus,0.007,0.021,-1,Echolocation,/mnt/ubna_data_02_mir/recover-20220922/UBNA_001/20220921_090000.WAV,Telephone Field,recover-20220922,001,1795
1282.8565,1282.8947,68437,81812,Rhinolophus ferrumequinum,0.02,0.02,-1,Echolocation,/mnt/ubna_data_02_mir/recover-20220922/UBNA_001/20220921_090000.WAV,Telephone Field,recover-20220922,001,1795
1282.8595,1282.8674,27187,36391,Eptesicus serotinus,0.006,0.02,-1,Echolocation,/mnt/ubna_data_02_mir/recover-20220922/UBNA_001/20220921_090000.WAV,Telephone Field,recover-20220922,001,1795
1282.8735,1282.9127,68437,81831,Rhinolophus ferrumequinum,0.02,0.02,-1,Echolocation,/mnt/ubna_data_02_mir/recover-20220922/UBNA_001/20220921_090000.WAV,Telephone Field,recover-20220922,001,1795
1282.8755,1282.8857,50390,56707,Pipistrellus pipistrellus,0.023,0.029,-1,Echolocation,/mnt/ubna_data_02_mir/recover-20220922/UBNA_001/20220921_090000.WAV,Telephone Field,recover-20220922,001,1795
1282.8975,1282.9379,68437,81828,Rhinolophus ferrumequinum,0.029,0.03,-1,Echolocation,/mnt/ubna_data_02_mir/recover-20220922/UBNA_001/20220921_090000.WAV,Telephone Field,recover-20220922,001,1795
1282.9015,1282.9138,22031,27507,Nyctalus leisleri,0.013,0.033,-1,Echolocation,/mnt/ubna_data_02_mir/recover-20220922/UBNA_001/20220921_090000.WAV,Telephone Field,recover-20220922,001,1795
1282.9255,1282.9647,68437,82603,Rhinolophus ferrumequinum,0.021,0.021,-1,Echolocation,/mnt/ubna_data_02_mir/recover-20220922/UBNA_001/20220921_090000.WAV,Telephone Field,recover-20220922,001,1795
1282.9435,1282.9874,68437,83238,Rhinolophus ferrumequinum,0.043,0.043,-1,Echolocation,/mnt/ubna_data_02_mir/recover-20220922/UBNA_001/20220921_090000.WAV,Telephone Field,recover-20220922,001,1795
1282.9865,1283.0264,68437,82172,Rhinolophus ferrumequinum,0.021,0.022,-1,Echolocation,/mnt/ubna_data_02_mir/recover-20220922/UBNA_001/20220921_090000.WAV,Telephone Field,recover-20220922,001,1795
1283.0065,1283.0447,68437,81787,Rhinolophus ferrumequinum,0.023,0.023,-1,Echolocation,/mnt/ubna_data_02_mir/recover-20220922/UBNA_001/20220921_090000.WAV,Telephone Field,recover-20220922,001,1795
1283.0095,1283.0165,27187,37067,Eptesicus serotinus,0.005,0.022,-1,Echolocation,/mnt/ubna_data_02_mir/recover-20220922/UBNA_001/20220921_090000.WAV,Telephone Field,recover-20220922,001,1795
1283.0235,1283.0609,68437,81870,Rhinolophus ferrumequinum,0.02,0.02,-1,Echolocation,/mnt/ubna_data_02_mir/recover-20220922/UBNA_001/20220921_090000.WAV,Telephone Field,recover-20220922,001,1795
1283.0395,1283.0784,68437,82261,Rhinolophus ferrumequinum,0.023,0.023,-1,Echolocation,/mnt/ubna_data_02_mir/recover-20220922/UBNA_001/20220921_090000.WAV,Telephone Field,recover-20220922,001,1795
1283.0475,1283.0882,68437,82218,Rhinolophus ferrumequinum,0.022,0.022,-1,Echolocation,/mnt/ubna_data_02_mir/recover-20220922/UBNA_001/20220921_090000.WAV,Telephone Field,recover-20220922,001,1795
1283.0605,1283.0961,68437,81282,Rhinolophus ferrumequinum,0.021,0.021,-1,Echolocation,/mnt/ubna_data_02_mir/recover-20220922/UBNA_001/20220921_090000.WAV,Telephone Field,recover-20220922,001,1795
1283.0675,1283.0771,24609,33244,Eptesicus serotinus,0.008,0.022,-1,Echolocation,/mnt/ubna_data_02_mir/recover-20220922/UBNA_001/20220921_090000.WAV,Telephone Field,recover-20220922,001,1795
1283.1035,1283.1464,68437,83252,Rhinolophus ferrumequinum,0.029,0.029,-1,Echolocation,/mnt/ubna_data_02_mir/recover-20220922/UBNA_001/20220921_090000.WAV,Telephone Field,recover-20220922,001,1795
1283.1085,1283.1198,26328,33364,Eptesicus serotinus,0.011,0.024,-1,Echolocation,/mnt/ubna_data_02_mir/recover-20220922/UBNA_001/20220921_090000.WAV,Telephone Field,recover-20220922,001,1795
1283.1605,1283.1698,50390,55675,Pipistrellus pipistrellus,0.032,0.037,-1,Echolocation,/mnt/ubna_data_02_mir/recover-20220922/UBNA_001/20220921_090000.WAV,Telephone Field,recover-20220922,001,1795
1283.1645,1283.2041,68437,82646,Rhinolophus ferrumequinum,0.03,0.03,-1,Echolocation,/mnt/ubna_data_02_mir/recover-20220922/UBNA_001/20220921_090000.WAV,Telephone Field,recover-20220922,001,1795
1283.1925,1283.2304,68437,82050,Rhinolophus ferrumequinum,0.022,0.022,-1,Echolocation,/mnt/ubna_data_02_mir/recover-20220922/UBNA_001/20220921_090000.WAV,Telephone Field,recover-20220922,001,1795
1283.2165,1283.2267,22890,28769,Nyctalus leisleri,0.008,0.021,-1,Echolocation,/mnt/ubna_data_02_mir/recover-20220922/UBNA_001/20220921_090000.WAV,Telephone Field,recover-20220922,001,1795
1283.2245,1283.2628,68437,81644,Rhinolophus ferrumequinum,0.02,0.02,-1,Echolocation,/mnt/ubna_data_02_mir/recover-20220922/UBNA_001/20220921_090000.WAV,Telephone Field,recover-20220922,001,1795
1283.2435,1283.2848,68437,82506,Rhinolophus ferrumequinum,0.04,0.04,-1,Echolocation,/mnt/ubna_data_02_mir/recover-20220922/UBNA_001/20220921_090000.WAV,Telephone Field,recover-20220922,001,1795
1283.2765,1283.2883,23750,28782,Nyctalus leisleri,0.013,0.024,-1,Echolocation,/mnt/ubna_data_02_mir/recover-20220922/UBNA_001/20220921_090000.WAV,Telephone Field,recover-20220922,001,1795
1283.2895,1283.2989,47812,56151,Pipistrellus pipistrellus,0.017,0.02,-1,Echolocation,/mnt/ubna_data_02_mir/recover-20220922/UBNA_001/20220921_090000.WAV,Telephone Field,recover-20220922,001,1795
1283.3025,1283.3396,68437,81816,Rhinolophus ferrumequinum,0.021,0.021,-1,Echolocation,/mnt/ubna_data_02_mir/recover-20220922/UBNA_001/20220921_090000.WAV,Telephone Field,recover-20220922,001,1795
1283.3585,1283.3982,68437,82121,Rhinolophus ferrumequinum,0.024,0.024,-1,Echolocation,/mnt/ubna_data_02_mir/recover-20220922/UBNA_001/20220921_090000.WAV,Telephone Field,recover-20220922,001,1795
1283.3825,1283.3941,23750,28866,Nyctalus leisleri,0.014,0.027,-1,Echolocation,/mnt/ubna_data_02_mir/recover-20220922/UBNA_001/20220921_090000.WAV,Telephone Field,recover-20220922,001,1795
1283.4015,1283.4419,68437,82608,Rhinolophus ferrumequinum,0.024,0.024,-1,Echolocation,/mnt/ubna_data_02_mir/recover-20220922/UBNA_001/20220921_090000.WAV,Telephone Field,recover-20220922,001,1795
1283.4125,1283.4517,68437,82045,Rhinolophus ferrumequinum,0.021,0.021,-1,Echolocation,/mnt/ubna_data_02_mir/recover-20220922/UBNA_001/20220921_090000.WAV,Telephone Field,recover-20220922,001,1795
1283.4215,1283.4618,68437,82453,Rhinolophus ferrumequinum,0.021,0.021,-1,Echolocation,/mnt/ubna_data_02_mir/recover-20220922/UBNA_001/20220921_090000.WAV,Telephone Field,recover-20220922,001,1795
1283.4275,1283.438,23750,29798,Nyctalus leisleri,0.009,0.021,-1,Echolocation,/mnt/ubna_data_02_mir/recover-20220922/UBNA_001/20220921_090000.WAV,Telephone Field,recover-20220922,001,1795
1283.4275,1283.4698,68437,82993,Rhinolophus ferrumequinum,0.022,0.022,-1,Echolocation,/mnt/ubna_data_02_mir/recover-20220922/UBNA_001/20220921_090000.WAV,Telephone Field,recover-20220922,001,1795
1283.4545,1283.4624,28046,39173,Eptesicus serotinus,0.006,0.021,-1,Echolocation,/mnt/ubna_data_02_mir/recover-20220922/UBNA_001/20220921_090000.WAV,Telephone Field,recover-20220922,001,1795
1283.4795,1283.5205,68437,82443,Rhinolophus ferrumequinum,0.021,0.021,-1,Echolocation,/mnt/ubna_data_02_mir/recover-20220922/UBNA_001/20220921_090000.WAV,Telephone Field,recover-20220922,001,1795
1283.4895,1283.5294,68437,82464,Rhinolophus ferrumequinum,0.021,0.021,-1,Echolocation,/mnt/ubna_data_02_mir/recover-20220922/UBNA_001/20220921_090000.WAV,Telephone Field,recover-20220922,001,1795
1283.4945,1283.5061,23750,29797,Nyctalus leisleri,0.01,0.025,-1,Echolocation,/mnt/ubna_data_02_mir/recover-20220922/UBNA_001/20220921_090000.WAV,Telephone Field,recover-20220922,001,1795
1283.5345,1283.5467,25468,31927,Eptesicus serotinus,0.011,0.028,-1,Echolocation,/mnt/ubna_data_02_mir/recover-20220922/UBNA_001/20220921_090000.WAV,Telephone Field,recover-20220922,001,1795
1283.5555,1283.595,68437,82257,Rhinolophus ferrumequinum,0.028,0.028,-1,Echolocation,/mnt/ubna_data_02_mir/recover-20220922/UBNA_001/20220921_090000.WAV,Telephone Field,recover-20220922,001,1795
1283.5575,1283.5661,28906,38375,Eptesicus serotinus,0.006,0.021,-1,Echolocation,/mnt/ubna_data_02_mir/recover-20220922/UBNA_001/20220921_090000.WAV,Telephone Field,recover-20220922,001,1795
1283.5745,1283.5851,27187,36053,Eptesicus serotinus,0.029,0.047,-1,Echolocation,/mnt/ubna_data_02_mir/recover-20220922/UBNA_001/20220921_090000.WAV,Telephone Field,recover-20220922,001,1795
1283.5955,1283.6333,68437,81748,Rhinolophus ferrumequinum,0.021,0.021,-1,Echolocation,/mnt/ubna_data_02_mir/recover-20220922/UBNA_001/20220921_090000.WAV,Telephone Field,recover-20220922,001,1795
1283.6015,1283.6176,20312,23291,Nyctalus leisleri,0.014,0.021,-1,Echolocation,/mnt/ubna_data_02_mir/recover-20220922/UBNA_001/20220921_090000.WAV,Telephone Field,recover-20220922,001,1795
1283.6365,1283.6736,68437,81603,Rhinolophus ferrumequinum,0.023,0.023,-1,Echolocation,/mnt/ubna_data_02_mir/recover-20220922/UBNA_001/20220921_090000.WAV,Telephone Field,recover-20220922,001,1795
1283.6795,1283.6864,28906,41168,Eptesicus serotinus,0.008,0.03,-1,Echolocation,/mnt/ubna_data_02_mir/recover-20220922/UBNA_001/20220921_090000.WAV,Telephone Field,recover-20220922,001,1795
1283.6955,1283.7331,68437,82120,Rhinolophus ferrumequinum,0.021,0.021,-1,Echolocation,/mnt/ubna_data_02_mir/recover-20220922/UBNA_001/20220921_090000.WAV,Telephone Field,recover-20220922,001,1795
1283.7005,1283.7072,28906,38680,Eptesicus serotinus,0.006,0.025,-1,Echolocation,/mnt/ubna_data_02_mir/recover-20220922/UBNA_001/20220921_090000.WAV,Telephone Field,recover-20220922,001,1795
1283.7095,1283.749,68437,82266,Rhinolophus ferrumequinum,0.022,0.022,-1,Echolocation,/mnt/ubna_data_02_mir/recover-20220922/UBNA_001/20220921_090000.WAV,Telephone Field,recover-20220922,001,1795
1283.7265,1283.7641,68437,81329,Rhinolophus ferrumequinum,0.021,0.021,-1,Echolocation,/mnt/ubna_data_02_mir/recover-20220922/UBNA_001/20220921_090000.WAV,Telephone Field,recover-20220922,001,1795
1283.7485,1283.7879,68437,82529,Rhinolophus ferrumequinum,0.025,0.025,-1,Echolocation,/mnt/ubna_data_02_mir/recover-20220922/UBNA_001/20220921_090000.WAV,Telephone Field,recover-20220922,001,1795
1283.7535,1283.76,27187,38060,Eptesicus serotinus,0.006,0.028,-1,Echolocation,/mnt/ubna_data_02_mir/recover-20220922/UBNA_001/20220921_090000.WAV,Telephone Field,recover-20220922,001,1795
1283.7855,1283.8243,68437,82044,Rhinolophus ferrumequinum,0.021,0.021,-1,Echolocation,/mnt/ubna_data_02_mir/recover-20220922/UBNA_001/20220921_090000.WAV,Telephone Field,recover-20220922,001,1795
1283.7965,1283.8053,28906,37426,Eptesicus serotinus,0.007,0.022,-1,Echolocation,/mnt/ubna_data_02_mir/recover-20220922/UBNA_001/20220921_090000.WAV,Telephone Field,recover-20220922,001,1795
1283.8105,1283.8492,68437,82188,Rhinolophus ferrumequinum,0.024,0.025,-1,Echolocation,/mnt/ubna_data_02_mir/recover-20220922/UBNA_001/20220921_090000.WAV,Telephone Field,recover-20220922,001,1795
1283.8335,1283.8401,22890,31443,Plecotus austriacus,0.01,0.021,-1,Echolocation,/mnt/ubna_data_02_mir/recover-20220922/UBNA_001/20220921_090000.WAV,Telephone Field,recover-20220922,001,1795
1283.8525,1283.8913,68437,81668,Rhinolophus ferrumequinum,0.02,0.02,-1,Echolocation,/mnt/ubna_data_02_mir/recover-20220922/UBNA_001/20220921_090000.WAV,Telephone Field,recover-20220922,001,1795
1283.8715,1283.9076,68437,81745,Rhinolophus ferrumequinum,0.021,0.021,-1,Echolocation,/mnt/ubna_data_02_mir/recover-20220922/UBNA_001/20220921_090000.WAV,Telephone Field,recover-20220922,001,1795
1283.8975,1283.9053,27187,38300,Eptesicus serotinus,0.008,0.025,-1,Echolocation,/mnt/ubna_data_02_mir/recover-20220922/UBNA_001/20220921_090000.WAV,Telephone Field,recover-20220922,001,1795
1283.9235,1283.9333,24609,32539,Eptesicus serotinus,0.007,0.021,-1,Echolocation,/mnt/ubna_data_02_mir/recover-20220922/UBNA_001/20220921_090000.WAV,Telephone Field,recover-20220922,001,1795
1283.9365,1283.9785,68437,82600,Rhinolophus ferrumequinum,0.022,0.022,-1,Echolocation,/mnt/ubna_data_02_mir/recover-20220922/UBNA_001/20220921_090000.WAV,Telephone Field,recover-20220922,001,1795
1283.9435,1283.9522,51250,57918,Pipistrellus pipistrellus,0.022,0.029,-1,Echolocation,/mnt/ubna_data_02_mir/recover-20220922/UBNA_001/20220921_090000.WAV,Telephone Field,recover-20220922,001,1795
1283.9615,1283.999,68437,81757,Rhinolophus ferrumequinum,0.021,0.022,-1,Echolocation,/mnt/ubna_data_02_mir/recover-20220922/UBNA_001/20220921_090000.WAV,Telephone Field,recover-20220922,001,1795
1284.0015,1284.0097,47812,52284,Pipistrellus pipistrellus,0.018,0.023,-1,Echolocation,/mnt/ubna_data_02_mir/recover-20220922/UBNA_001/20220921_090000.WAV,Telephone Field,recover-20220922,001,1795
1284.0015,1284.0329,69296,81008,Rhinolophus ferrumequinum,0.032,0.032,-1,Echolocation,/mnt/ubna_data_02_mir/recover-20220922/UBNA_001/20220921_090000.WAV,Telephone Field,recover-20220922,001,1795
1284.0015,1284.0113,22890,29364,Nyctalus leisleri,0.013,0.031,-1,Echolocation,/mnt/ubna_data_02_mir/recover-20220922/UBNA_001/20220921_090000.WAV,Telephone Field,recover-20220922,001,1795
1284.0095,1284.0513,68437,82075,Rhinolophus ferrumequinum,0.022,0.022,-1,Echolocation,/mnt/ubna_data_02_mir/recover-20220922/UBNA_001/20220921_090000.WAV,Telephone Field,recover-20220922,001,1795
1284.0155,1284.0273,40937,45070,Pipistrellus nathusii,0.015,0.032,-1,Echolocation,/mnt/ubna_data_02_mir/recover-20220922/UBNA_001/20220921_090000.WAV,Telephone Field,recover-20220922,001,1795
1284.0405,1284.0774,68437,82401,Rhinolophus ferrumequinum,0.023,0.023,-1,Echolocation,/mnt/ubna_data_02_mir/recover-20220922/UBNA_001/20220921_090000.WAV,Telephone Field,recover-20220922,001,1795
1284.0485,1284.0578,24609,32396,Nyctalus leisleri,0.008,0.024,-1,Echolocation,/mnt/ubna_data_02_mir/recover-20220922/UBNA_001/20220921_090000.WAV,Telephone Field,recover-20220922,001,1795
1284.0885,1284.0979,22890,29992,Plecotus austriacus,0.008,0.025,-1,Echolocation,/mnt/ubna_data_02_mir/recover-20220922/UBNA_001/20220921_090000.WAV,Telephone Field,recover-20220922,001,1795
1284.0975,1284.1372,68437,82690,Rhinolophus ferrumequinum,0.024,0.024,-1,Echolocation,/mnt/ubna_data_02_mir/recover-20220922/UBNA_001/20220921_090000.WAV,Telephone Field,recover-20220922,001,1795
1284.1235,1284.1619,68437,81571,Rhinolophus ferrumequinum,0.026,0.026,-1,Echolocation,/mnt/ubna_data_02_mir/recover-20220922/UBNA_001/20220921_090000.WAV,Telephone Field,recover-20220922,001,1795
1284.1575,1284.1968,68437,81715,Rhinolophus ferrumequinum,0.024,0.024,-1,Echolocation,/mnt/ubna_data_02_mir/recover-20220922/UBNA_001/20220921_090000.WAV,Telephone Field,recover-20220922,001,1795
1284.1915,1284.2259,68437,80974,Rhinolophus ferrumequinum,0.028,0.028,-1,Echolocation,/mnt/ubna_data_02_mir/recover-20220922/UBNA_001/20220921_090000.WAV,Telephone Field,recover-20220922,001,1795
1284.1965,1284.2048,27187,37549,Eptesicus serotinus,0.009,0.026,-1,Echolocation,/mnt/ubna_data_02_mir/recover-20220922/UBNA_001/20220921_090000.WAV,Telephone Field,recover-20220922,001,1795
1284.2255,1284.2361,23750,29480,Nyctalus leisleri,0.012,0.025,-1,Echolocation,/mnt/ubna_data_02_mir/recover-20220922/UBNA_001/20220921_090000.WAV,Telephone Field,recover-20220922,001,1795
1284.2625,1284.2692,28046,39574,Eptesicus serotinus,0.008,0.027,-1,Echolocation,/mnt/ubna_data_02_mir/recover-20220922/UBNA_001/20220921_090000.WAV,Telephone Field,recover-20220922,001,1795
1284.2785,1284.3159,68437,82056,Rhinolophus ferrumequinum,0.023,0.023,-1,Echolocation,/mnt/ubna_data_02_mir/recover-20220922/UBNA_001/20220921_090000.WAV,Telephone Field,recover-20220922,001,1795
1284.2865,1284.297,22031,27081,Nyctalus leisleri,0.01,0.022,-1,Echolocation,/mnt/ubna_data_02_mir/recover-20220922/UBNA_001/20220921_090000.WAV,Telephone Field,recover-20220922,001,1795
1284.3145,1284.3564,68437,82550,Rhinolophus ferrumequinum,0.025,0.025,-1,Echolocation,/mnt/ubna_data_02_mir/recover-20220922/UBNA_001/20220921_090000.WAV,Telephone Field,recover-20220922,001,1795
1284.3195,1284.3296,23750,29707,Nyctalus leisleri,0.01,0.024,-1,Echolocation,/mnt/ubna_data_02_mir/recover-20220922/UBNA_001/20220921_090000.WAV,Telephone Field,recover-20220922,001,1795
1284.3495,1284.3583,28906,38111,Eptesicus serotinus,0.009,0.024,-1,Echolocation,/mnt/ubna_data_02_mir/recover-20220922/UBNA_001/20220921_090000.WAV,Telephone Field,recover-20220922,001,1795
1284.3615,1284.3721,23750,29897,Nyctalus leisleri,0.009,0.022,-1,Echolocation,/mnt/ubna_data_02_mir/recover-20220922/UBNA_001/20220921_090000.WAV,Telephone Field,recover-20220922,001,1795
1284.3765,1284.415,68437,82356,Rhinolophus ferrumequinum,0.024,0.024,-1,Echolocation,/mnt/ubna_data_02_mir/recover-20220922/UBNA_001/20220921_090000.WAV,Telephone Field,recover-20220922,001,1795
1284.3845,1284.3954,28906,36570,Eptesicus serotinus,0.011,0.024,-1,Echolocation,/mnt/ubna_data_02_mir/recover-20220922/UBNA_001/20220921_090000.WAV,Telephone Field,recover-20220922,001,1795
1284.4275,1284.4455,16015,20733,Nyctalus noctula,0.019,0.027,-1,Echolocation,/mnt/ubna_data_02_mir/recover-20220922/UBNA_001/20220921_090000.WAV,Telephone Field,recover-20220922,001,1795
1284.4425,1284.4843,68437,83061,Rhinolophus ferrumequinum,0.023,0.024,-1,Echolocation,/mnt/ubna_data_02_mir/recover-20220922/UBNA_001/20220921_090000.WAV,Telephone Field,recover-20220922,001,1795
1284.4565,1284.4948,68437,81711,Rhinolophus ferrumequinum,0.022,0.022,-1,Echolocation,/mnt/ubna_data_02_mir/recover-20220922/UBNA_001/20220921_090000.WAV,Telephone Field,recover-20220922,001,1795
1284.4975,1284.5053,28046,41718,Eptesicus serotinus,0.009,0.026,-1,Echolocation,/mnt/ubna_data_02_mir/recover-20220922/UBNA_001/20220921_090000.WAV,Telephone Field,recover-20220922,001,1795
1284.5435,1284.5855999999999,68437,83114,Rhinolophus ferrumequinum,0.026,0.026,-1,Echolocation,/mnt/ubna_data_02_mir/recover-20220922/UBNA_001/20220921_090000.WAV,Telephone Field,recover-20220922,001,1795
1284.5705,1284.6094,68437,82270,Rhinolophus ferrumequinum,0.022,0.023,-1,Echolocation,/mnt/ubna_data_02_mir/recover-20220922/UBNA_001/20220921_090000.WAV,Telephone Field,recover-20220922,001,1795
1284.5775,1284.6174,68437,82623,Rhinolophus ferrumequinum,0.025,0.025,-1,Echolocation,/mnt/ubna_data_02_mir/recover-20220922/UBNA_001/20220921_090000.WAV,Telephone Field,recover-20220922,001,1795
1284.5955,1284.6353,68437,82257,Rhinolophus ferrumequinum,0.023,0.023,-1,Echolocation,/mnt/ubna_data_02_mir/recover-20220922/UBNA_001/20220921_090000.WAV,Telephone Field,recover-20220922,001,1795
1284.6305,1284.664,68437,80348,Rhinolophus ferrumequinum,0.024,0.024,-1,Echolocation,/mnt/ubna_data_02_mir/recover-20220922/UBNA_001/20220921_090000.WAV,Telephone Field,recover-20220922,001,1795
1284.6655,1284.7045,68437,81794,Rhinolophus ferrumequinum,0.023,0.023,-1,Echolocation,/mnt/ubna_data_02_mir/recover-20220922/UBNA_001/20220921_090000.WAV,Telephone Field,recover-20220922,001,1795
1284.6715,1284.7116,68437,82425,Rhinolophus ferrumequinum,0.024,0.024,-1,Echolocation,/mnt/ubna_data_02_mir/recover-20220922/UBNA_001/20220921_090000.WAV,Telephone Field,recover-20220922,001,1795
1284.6865,1284.6966,24609,32369,Eptesicus serotinus,0.009,0.024,-1,Echolocation,/mnt/ubna_data_02_mir/recover-20220922/UBNA_001/20220921_090000.WAV,Telephone Field,recover-20220922,001,1795
1284.6935,1284.732,68437,82438,Rhinolophus ferrumequinum,0.022,0.022,-1,Echolocation,/mnt/ubna_data_02_mir/recover-20220922/UBNA_001/20220921_090000.WAV,Telephone Field,recover-20220922,001,1795
1284.7105,1284.7482,68437,81732,Rhinolophus ferrumequinum,0.025,0.025,-1,Echolocation,/mnt/ubna_data_02_mir/recover-20220922/UBNA_001/20220921_090000.WAV,Telephone Field,recover-20220922,001,1795
1284.7475,1284.7875,68437,82648,Rhinolophus ferrumequinum,0.022,0.023,-1,Echolocation,/mnt/ubna_data_02_mir/recover-20220922/UBNA_001/20220921_090000.WAV,Telephone Field,recover-20220922,001,1795
1284.7585,1284.7997,68437,82760,Rhinolophus ferrumequinum,0.026,0.026,-1,Echolocation,/mnt/ubna_data_02_mir/recover-20220922/UBNA_001/20220921_090000.WAV,Telephone Field,recover-20220922,001,1795
1284.7735,1284.782,28046,38132,Eptesicus serotinus,0.008,0.022,-1,Echolocation,/mnt/ubna_data_02_mir/recover-20220922/UBNA_001/20220921_090000.WAV,Telephone Field,recover-20220922,001,1795
1284.7775,1284.7844,23750,32219,Plecotus austriacus,0.009,0.022,-1,Echolocation,/mnt/ubna_data_02_mir/recover-20220922/UBNA_001/20220921_090000.WAV,Telephone Field,recover-20220922,001,1795
1284.7995,1284.815,16015,21552,Nyctalus noctula,0.044,0.061,-1,Echolocation,/mnt/ubna_data_02_mir/recover-20220922/UBNA_001/20220921_090000.WAV,Telephone Field,recover-20220922,001,1795
1284.8205,1284.83,28906,38171,Eptesicus serotinus,0.011,0.027,-1,Echolocation,/mnt/ubna_data_02_mir/recover-20220922/UBNA_001/20220921_090000.WAV,Telephone Field,recover-20220922,001,1795
1284.8415,1284.8765,68437,81539,Rhinolophus ferrumequinum,0.022,0.022,-1,Echolocation,/mnt/ubna_data_02_mir/recover-20220922/UBNA_001/20220921_090000.WAV,Telephone Field,recover-20220922,001,1795
1284.8695,1284.8999,68437,80240,Rhinolophus ferrumequinum,0.027,0.027,-1,Echolocation,/mnt/ubna_data_02_mir/recover-20220922/UBNA_001/20220921_090000.WAV,Telephone Field,recover-20220922,001,1795
1284.8855,1284.927,68437,82398,Rhinolophus ferrumequinum,0.025,0.025,-1,Echolocation,/mnt/ubna_data_02_mir/recover-20220922/UBNA_001/20220921_090000.WAV,Telephone Field,recover-20220922,001,1795
1284.8875,1284.8957,22890,31256,Plecotus austriacus,0.011,0.028,-1,Echolocation,/mnt/ubna_data_02_mir/recover-20220922/UBNA_001/20220921_090000.WAV,Telephone Field,recover-20220922,001,1795
1284.8935,1284.9324,68437,82062,Rhinolophus ferrumequinum,0.024,0.024,-1,Echolocation,/mnt/ubna_data_02_mir/recover-20220922/UBNA_001/20220921_090000.WAV,Telephone Field,recover-20220922,001,1795
1284.9215,1284.9295,27187,38907,Eptesicus serotinus,0.007,0.022,-1,Echolocation,/mnt/ubna_data_02_mir/recover-20220922/UBNA_001/20220921_090000.WAV,Telephone Field,recover-20220922,001,1795
1284.9475,1284.9904,68437,82887,Rhinolophus ferrumequinum,0.038,0.038,-1,Echolocation,/mnt/ubna_data_02_mir/recover-20220922/UBNA_001/20220921_090000.WAV,Telephone Field,recover-20220922,001,1795
1284.9485,1284.9548,23750,33196,Plecotus austriacus,0.014,0.03,-1,Echolocation,/mnt/ubna_data_02_mir/recover-20220922/UBNA_001/20220921_090000.WAV,Telephone Field,recover-20220922,001,1795
1285.0095,1285.0313,18593,21328,Nyctalus noctula,0.011,0.022,-1,Echolocation,/mnt/ubna_data_02_mir/recover-20220922/UBNA_001/20220921_090000.WAV,Telephone Field,recover-20220922,001,1795
1285.0745,1285.112,68437,81515,Rhinolophus ferrumequinum,0.022,0.022,-1,Echolocation,/mnt/ubna_data_02_mir/recover-20220922/UBNA_001/20220921_090000.WAV,Telephone Field,recover-20220922,001,1795
1285.0745,1285.0835,28046,41008,Eptesicus serotinus,0.011,0.029,-1,Echolocation,/mnt/ubna_data_02_mir/recover-20220922/UBNA_001/20220921_090000.WAV,Telephone Field,recover-20220922,001,1795
1285.0845,1285.095,56406,61335,Pipistrellus pygmaeus,0.027,0.028,-1,Echolocation,/mnt/ubna_data_02_mir/recover-20220922/UBNA_001/20220921_090000.WAV,Telephone Field,recover-20220922,001,1795
1285.1205,1285.1567,68437,81619,Rhinolophus ferrumequinum,0.022,0.023,-1,Echolocation,/mnt/ubna_data_02_mir/recover-20220922/UBNA_001/20220921_090000.WAV,Telephone Field,recover-20220922,001,1795
1285.1385,1285.1486,28046,36843,Eptesicus serotinus,0.012,0.027,-1,Echolocation,/mnt/ubna_data_02_mir/recover-20220922/UBNA_001/20220921_090000.WAV,Telephone Field,recover-20220922,001,1795
1285.1415,1285.1799,68437,81814,Rhinolophus ferrumequinum,0.023,0.023,-1,Echolocation,/mnt/ubna_data_02_mir/recover-20220922/UBNA_001/20220921_090000.WAV,Telephone Field,recover-20220922,001,1795
1285.1525,1285.1937,68437,82611,Rhinolophus ferrumequinum,0.023,0.023,-1,Echolocation,/mnt/ubna_data_02_mir/recover-20220922/UBNA_001/20220921_090000.WAV,Telephone Field,recover-20220922,001,1795
1285.1715,1285.2128,68437,82932,Rhinolophus ferrumequinum,0.027,0.027,-1,Echolocation,/mnt/ubna_data_02_mir/recover-20220922/UBNA_001/20220921_090000.WAV,Telephone Field,recover-20220922,001,1795
1285.1835,1285.1902,56406,61390,Pipistrellus pygmaeus,0.023,0.024,-1,Echolocation,/mnt/ubna_data_02_mir/recover-20220922/UBNA_001/20220921_090000.WAV,Telephone Field,recover-20220922,001,1795
1285.1945,1285.2054,22890,28728,Nyctalus leisleri,0.011,0.025,-1,Echolocation,/mnt/ubna_data_02_mir/recover-20220922/UBNA_001/20220921_090000.WAV,Telephone Field,recover-20220922,001,1795
1285.1975,1285.2062,28046,38571,Eptesicus serotinus,0.009,0.023,-1,Echolocation,/mnt/ubna_data_02_mir/recover-20220922/UBNA_001/20220921_090000.WAV,Telephone Field,recover-20220922,001,1795
1285.2255,1285.264,68437,82057,Rhinolophus ferrumequinum,0.023,0.023,-1,Echolocation,/mnt/ubna_data_02_mir/recover-20220922/UBNA_001/20220921_090000.WAV,Telephone Field,recover-20220922,001,1795
1285.2465,1285.257,22890,29390,Nyctalus leisleri,0.01,0.026,-1,Echolocation,/mnt/ubna_data_02_mir/recover-20220922/UBNA_001/20220921_090000.WAV,Telephone Field,recover-20220922,001,1795
1285.2565,1285.2952,68437,81668,Rhinolophus ferrumequinum,0.022,0.022,-1,Echolocation,/mnt/ubna_data_02_mir/recover-20220922/UBNA_001/20220921_090000.WAV,Telephone Field,recover-20220922,001,1795
1285.2805,1285.3229,68437,82220,Rhinolophus ferrumequinum,0.044,0.044,-1,Echolocation,/mnt/ubna_data_02_mir/recover-20220922/UBNA_001/20220921_090000.WAV,Telephone Field,recover-20220922,001,1795
1285.2805,1285.2895,26328,35768,Eptesicus serotinus,0.018,0.036,-1,Echolocation,/mnt/ubna_data_02_mir/recover-20220922/UBNA_001/20220921_090000.WAV,Telephone Field,recover-20220922,001,1795
1285.3385,1285.3497,43515,51216,Pipistrellus pipistrellus,0.018,0.029,-1,Echolocation,/mnt/ubna_data_02_mir/recover-20220922/UBNA_001/20220921_090000.WAV,Telephone Field,recover-20220922,001,1795
1285.3415,1285.3814,68437,82998,Rhinolophus ferrumequinum,0.024,0.024,-1,Echolocation,/mnt/ubna_data_02_mir/recover-20220922/UBNA_001/20220921_090000.WAV,Telephone Field,recover-20220922,001,1795
1285.3925,1285.4005,47812,53242,Pipistrellus pipistrellus,0.021,0.023,-1,Echolocation,/mnt/ubna_data_02_mir/recover-20220922/UBNA_001/20220921_090000.WAV,Telephone Field,recover-20220922,001,1795
1285.3955,1285.4409,68437,83409,Rhinolophus ferrumequinum,0.03,0.03,-1,Echolocation,/mnt/ubna_data_02_mir/recover-20220922/UBNA_001/20220921_090000.WAV,Telephone Field,recover-20220922,001,1795
1285.4195,1285.4302,44375,48099,Pipistrellus pipistrellus,0.03,0.032,-1,Echolocation,/mnt/ubna_data_02_mir/recover-20220922/UBNA_001/20220921_090000.WAV,Telephone Field,recover-20220922,001,1795
1285.4405,1285.4786,68437,81799,Rhinolophus ferrumequinum,0.022,0.023,-1,Echolocation,/mnt/ubna_data_02_mir/recover-20220922/UBNA_001/20220921_090000.WAV,Telephone Field,recover-20220922,001,1795
1285.4415,1285.4492,27187,41347,Eptesicus serotinus,0.008,0.023,-1,Echolocation,/mnt/ubna_data_02_mir/recover-20220922/UBNA_001/20220921_090000.WAV,Telephone Field,recover-20220922,001,1795
1285.4565,1285.4939,68437,82226,Rhinolophus ferrumequinum,0.025,0.025,-1,Echolocation,/mnt/ubna_data_02_mir/recover-20220922/UBNA_001/20220921_090000.WAV,Telephone Field,recover-20220922,001,1795
1285.5075,1285.543,68437,81601,Rhinolophus ferrumequinum,0.034,0.034,-1,Echolocation,/mnt/ubna_data_02_mir/recover-20220922/UBNA_001/20220921_090000.WAV,Telephone Field,recover-20220922,001,1795
1285.5145,1285.5532,68437,81506,Rhinolophus ferrumequinum,0.024,0.025,-1,Echolocation,/mnt/ubna_data_02_mir/recover-20220922/UBNA_001/20220921_090000.WAV,Telephone Field,recover-20220922,001,1795
1285.5385,1285.5749,68437,81714,Rhinolophus ferrumequinum,0.022,0.022,-1,Echolocation,/mnt/ubna_data_02_mir/recover-20220922/UBNA_001/20220921_090000.WAV,Telephone Field,recover-20220922,001,1795
1285.6425,1285.6868,68437,82823,Rhinolophus ferrumequinum,0.029,0.029,-1,Echolocation,/mnt/ubna_data_02_mir/recover-20220922/UBNA_001/20220921_090000.WAV,Telephone Field,recover-20220922,001,1795
1285.6495,1285.6942,68437,83066,Rhinolophus ferrumequinum,0.03,0.03,-1,Echolocation,/mnt/ubna_data_02_mir/recover-20220922/UBNA_001/20220921_090000.WAV,Telephone Field,recover-20220922,001,1795
1285.6555,1285.6633,27187,41875,Eptesicus serotinus,0.007,0.022,-1,Echolocation,/mnt/ubna_data_02_mir/recover-20220922/UBNA_001/20220921_090000.WAV,Telephone Field,recover-20220922,001,1795
1285.6625,1285.7039,68437,82617,Rhinolophus ferrumequinum,0.026,0.026,-1,Echolocation,/mnt/ubna_data_02_mir/recover-20220922/UBNA_001/20220921_090000.WAV,Telephone Field,recover-20220922,001,1795
1285.6705,1285.7121,68437,82767,Rhinolophus ferrumequinum,0.025,0.025,-1,Echolocation,/mnt/ubna_data_02_mir/recover-20220922/UBNA_001/20220921_090000.WAV,Telephone Field,recover-20220922,001,1795
1285.7045,1285.745,68437,82966,Rhinolophus ferrumequinum,0.03,0.03,-1,Echolocation,/mnt/ubna_data_02_mir/recover-20220922/UBNA_001/20220921_090000.WAV,Telephone Field,recover-20220922,001,1795
1285.7065,1285.7142,26328,35613,Eptesicus serotinus,0.01,0.027,-1,Echolocation,/mnt/ubna_data_02_mir/recover-20220922/UBNA_001/20220921_090000.WAV,Telephone Field,recover-20220922,001,1795
1285.7285,1285.7656,68437,81636,Rhinolophus ferrumequinum,0.023,0.023,-1,Echolocation,/mnt/ubna_data_02_mir/recover-20220922/UBNA_001/20220921_090000.WAV,Telephone Field,recover-20220922,001,1795
1285.7525,1285.7926,68437,82433,Rhinolophus ferrumequinum,0.03,0.03,-1,Echolocation,/mnt/ubna_data_02_mir/recover-20220922/UBNA_001/20220921_090000.WAV,Telephone Field,recover-20220922,001,1795
1285.7755,1285.8162,68437,82481,Rhinolophus ferrumequinum,0.029,0.029,-1,Echolocation,/mnt/ubna_data_02_mir/recover-20220922/UBNA_001/20220921_090000.WAV,Telephone Field,recover-20220922,001,1795
1285.8095,1285.8454,68437,81236,Rhinolophus ferrumequinum,0.029,0.029,-1,Echolocation,/mnt/ubna_data_02_mir/recover-20220922/UBNA_001/20220921_090000.WAV,Telephone Field,recover-20220922,001,1795
1285.8355,1285.847,22890,27701,Nyctalus leisleri,0.012,0.023,-1,Echolocation,/mnt/ubna_data_02_mir/recover-20220922/UBNA_001/20220921_090000.WAV,Telephone Field,recover-20220922,001,1795
1285.8755,1285.9115,68437,81688,Rhinolophus ferrumequinum,0.022,0.022,-1,Echolocation,/mnt/ubna_data_02_mir/recover-20220922/UBNA_001/20220921_090000.WAV,Telephone Field,recover-20220922,001,1795
1285.8755,1285.884,24609,33007,Plecotus austriacus,0.007,0.024,-1,Echolocation,/mnt/ubna_data_02_mir/recover-20220922/UBNA_001/20220921_090000.WAV,Telephone Field,recover-20220922,001,1795
1285.8925,1285.9295,68437,81393,Rhinolophus ferrumequinum,0.022,0.022,-1,Echolocation,/mnt/ubna_data_02_mir/recover-20220922/UBNA_001/20220921_090000.WAV,Telephone Field,recover-20220922,001,1795
1285.9065,1285.9441,68437,81752,Rhinolophus ferrumequinum,0.022,0.022,-1,Echolocation,/mnt/ubna_data_02_mir/recover-20220922/UBNA_001/20220921_090000.WAV,Telephone Field,recover-20220922,001,1795
1285.9775,1285.9873,28046,35968,Eptesicus serotinus,0.018,0.037,-1,Echolocation,/mnt/ubna_data_02_mir/recover-20220922/UBNA_001/20220921_090000.WAV,Telephone Field,recover-20220922,001,1795
1286.0015,1286.0101,26328,36025,Nyctalus leisleri,0.006,0.025,-1,Echolocation,/mnt/ubna_data_02_mir/recover-20220922/UBNA_001/20220921_090000.WAV,Telephone Field,recover-20220922,001,1795
1286.0015,1286.0294,69296,80694,Rhinolophus ferrumequinum,0.039,0.039,-1,Echolocation,/mnt/ubna_data_02_mir/recover-20220922/UBNA_001/20220921_090000.WAV,Telephone Field,recover-20220922,001,1795
1286.0015,1286.0139,20312,25075,Nyctalus leisleri,0.013,0.028,-1,Echolocation,/mnt/ubna_data_02_mir/recover-20220922/UBNA_001/20220921_090000.WAV,Telephone Field,recover-20220922,001,1795
1286.0105,1286.0508,68437,81874,Rhinolophus ferrumequinum,0.029,0.029,-1,Echolocation,/mnt/ubna_data_02_mir/recover-20220922/UBNA_001/20220921_090000.WAV,Telephone Field,recover-20220922,001,1795
1286.0125,1286.0205,28906,39299,Eptesicus serotinus,0.008,0.025,-1,Echolocation,/mnt/ubna_data_02_mir/recover-20220922/UBNA_001/20220921_090000.WAV,Telephone Field,recover-20220922,001,1795
1286.0405,1286.0493,28046,39239,Eptesicus serotinus,0.008,0.023,-1,Echolocation,/mnt/ubna_data_02_mir/recover-20220922/UBNA_001/20220921_090000.WAV,Telephone Field,recover-20220922,001,1795
1286.0475,1286.056,28906,38067,Eptesicus serotinus,0.007,0.022,-1,Echolocation,/mnt/ubna_data_02_mir/recover-20220922/UBNA_001/20220921_090000.WAV,Telephone Field,recover-20220922,001,1795
1286.0495,1286.0954,68437,83062,Rhinolophus ferrumequinum,0.06,0.06,-1,Echolocation,/mnt/ubna_data_02_mir/recover-20220922/UBNA_001/20220921_090000.WAV,Telephone Field,recover-20220922,001,1795
1286.1095,1286.1501,68437,82250,Rhinolophus ferrumequinum,0.024,0.024,-1,Echolocation,/mnt/ubna_data_02_mir/recover-20220922/UBNA_001/20220921_090000.WAV,Telephone Field,recover-20220922,001,1795
1286.1335,1286.1763,68437,82801,Rhinolophus ferrumequinum,0.043,0.043,-1,Echolocation,/mnt/ubna_data_02_mir/recover-20220922/UBNA_001/20220921_090000.WAV,Telephone Field,recover-20220922,001,1795
1286.1395,1286.1454,24609,36845,Plecotus austriacus,0.022,0.05,-1,Echolocation,/mnt/ubna_data_02_mir/recover-20220922/UBNA_001/20220921_090000.WAV,Telephone Field,recover-20220922,001,1795
1286.1455,1286.1869,68437,82565,Rhinolophus ferrumequinum,0.021,0.021,-1,Echolocation,/mnt/ubna_data_02_mir/recover-20220922/UBNA_001/20220921_090000.WAV,Telephone Field,recover-20220922,001,1795
1286.1545,1286.193,68437,82089,Rhinolophus ferrumequinum,0.022,0.022,-1,Echolocation,/mnt/ubna_data_02_mir/recover-20220922/UBNA_001/20220921_090000.WAV,Telephone Field,recover-20220922,001,1795
1286.1875,1286.2271,68437,82395,Rhinolophus ferrumequinum,0.033,0.033,-1,Echolocation,/mnt/ubna_data_02_mir/recover-20220922/UBNA_001/20220921_090000.WAV,Telephone Field,recover-20220922,001,1795
1286.1985,1286.2063,28046,39129,Eptesicus serotinus,0.008,0.024,-1,Echolocation,/mnt/ubna_data_02_mir/recover-20220922/UBNA_001/20220921_090000.WAV,Telephone Field,recover-20220922,001,1795
1286.2255,1286.2664,68437,83034,Rhinolophus ferrumequinum,0.03,0.03,-1,Echolocation,/mnt/ubna_data_02_mir/recover-20220922/UBNA_001/20220921_090000.WAV,Telephone Field,recover-20220922,001,1795
1286.2625,1286.3085,68437,83744,Rhinolophus ferrumequinum,0.056,0.056,-1,Echolocation,/mnt/ubna_data_02_mir/recover-20220922/UBNA_001/20220921_090000.WAV,Telephone Field,recover-20220922,001,1795
1286.2895,1286.3286,68437,82271,Rhinolophus ferrumequinum,0.022,0.022,-1,Echolocation,/mnt/ubna_data_02_mir/recover-20220922/UBNA_001/20220921_090000.WAV,Telephone Field,recover-20220922,001,1795
1286.2955,1286.305,27187,37815,Eptesicus serotinus,0.01,0.024,-1,Echolocation,/mnt/ubna_data_02_mir/recover-20220922/UBNA_001/20220921_090000.WAV,Telephone Field,recover-20220922,001,1795
1286.3085,1286.3465,68437,82508,Rhinolophus ferrumequinum,0.026,0.026,-1,Echolocation,/mnt/ubna_data_02_mir/recover-20220922/UBNA_001/20220921_090000.WAV,Telephone Field,recover-20220922,001,1795
1286.3335,1286.3717,68437,81872,Rhinolophus ferrumequinum,0.028,0.028,-1,Echolocation,/mnt/ubna_data_02_mir/recover-20220922/UBNA_001/20220921_090000.WAV,Telephone Field,recover-20220922,001,1795
1286.3475,1286.3574,28906,37374,Eptesicus serotinus,0.012,0.028,-1,Echolocation,/mnt/ubna_data_02_mir/recover-20220922/UBNA_001/20220921_090000.WAV,Telephone Field,recover-20220922,001,1795
1286.3525,1286.3928,68437,82322,Rhinolophus ferrumequinum,0.022,0.022,-1,Echolocation,/mnt/ubna_data_02_mir/recover-20220922/UBNA_001/20220921_090000.WAV,Telephone Field,recover-20220922,001,1795
1286.3785,1286.3875,44375,51155,Pipistrellus pipistrellus,0.019,0.023,-1,Echolocation,/mnt/ubna_data_02_mir/recover-20220922/UBNA_001/20220921_090000.WAV,Telephone Field,recover-20220922,001,1795
1286.3795,1286.4205,68437,83344,Rhinolophus ferrumequinum,0.035,0.035,-1,Echolocation,/mnt/ubna_data_02_mir/recover-20220922/UBNA_001/20220921_090000.WAV,Telephone Field,recover-20220922,001,1795
1286.3875,1286.4081,17734,21725,Nyctalus noctula,0.028,0.038,-1,Echolocation,/mnt/ubna_data_02_mir/recover-20220922/UBNA_001/20220921_090000.WAV,Telephone Field,recover-20220922,001,1795
1286.3875,1286.4296,68437,83245,Rhinolophus ferrumequinum,0.028,0.028,-1,Echolocation,/mnt/ubna_data_02_mir/recover-20220922/UBNA_001/20220921_090000.WAV,Telephone Field,recover-20220922,001,1795
1286.3965,1286.4045,26328,38076,Eptesicus serotinus,0.008,0.025,-1,Echolocation,/mnt/ubna_data_02_mir/recover-20220922/UBNA_001/20220921_090000.WAV,Telephone Field,recover-20220922,001,1795
1286.4245,1286.4614,68437,81759,Rhinolophus ferrumequinum,0.023,0.023,-1,Echolocation,/mnt/ubna_data_02_mir/recover-20220922/UBNA_001/20220921_090000.WAV,Telephone Field,recover-20220922,001,1795
1286.4275,1286.4385,22890,27929,Nyctalus leisleri,0.015,0.031,-1,Echolocation,/mnt/ubna_data_02_mir/recover-20220922/UBNA_001/20220921_090000.WAV,Telephone Field,recover-20220922,001,1795
1286.4385,1286.4793,68437,83052,Rhinolophus ferrumequinum,0.027,0.027,-1,Echolocation,/mnt/ubna_data_02_mir/recover-20220922/UBNA_001/20220921_090000.WAV,Telephone Field,recover-20220922,001,1795
1286.4405,1286.4481,28906,38288,Eptesicus serotinus,0.008,0.023,-1,Echolocation,/mnt/ubna_data_02_mir/recover-20220922/UBNA_001/20220921_090000.WAV,Telephone Field,recover-20220922,001,1795
1286.4785,1286.5181,68437,82782,Rhinolophus ferrumequinum,0.045,0.045,-1,Echolocation,/mnt/ubna_data_02_mir/recover-20220922/UBNA_001/20220921_090000.WAV,Telephone Field,recover-20220922,001,1795
1286.4795,1286.4873,28046,39311,Eptesicus serotinus,0.008,0.024,-1,Echolocation,/mnt/ubna_data_02_mir/recover-20220922/UBNA_001/20220921_090000.WAV,Telephone Field,recover-20220922,001,1795
1286.5015,1286.5122,29765,37379,Eptesicus serotinus,0.009,0.021,-1,Echolocation,/mnt/ubna_data_02_mir/recover-20220922/UBNA_001/20220921_090000.WAV,Telephone Field,recover-20220922,001,1795
1286.5125,1286.523,22031,26900,Nyctalus leisleri,0.012,0.023,-1,Echolocation,/mnt/ubna_data_02_mir/recover-20220922/UBNA_001/20220921_090000.WAV,Telephone Field,recover-20220922,001,1795
1286.5205,1286.5586,68437,82073,Rhinolophus ferrumequinum,0.027,0.027,-1,Echolocation,/mnt/ubna_data_02_mir/recover-20220922/UBNA_001/20220921_090000.WAV,Telephone Field,recover-20220922,001,1795
1286.5455,1286.5807,68437,82238,Rhinolophus ferrumequinum,0.037,0.037,-1,Echolocation,/mnt/ubna_data_02_mir/recover-20220922/UBNA_001/20220921_090000.WAV,Telephone Field,recover-20220922,001,1795
1286.5605,1286.5682,28046,37451,Eptesicus serotinus,0.009,0.026,-1,Echolocation,/mnt/ubna_data_02_mir/recover-20220922/UBNA_001/20220921_090000.WAV,Telephone Field,recover-20220922,001,1795
1286.5635,1286.6045,68437,82757,Rhinolophus ferrumequinum,0.028,0.028,-1,Echolocation,/mnt/ubna_data_02_mir/recover-20220922/UBNA_001/20220921_090000.WAV,Telephone Field,recover-20220922,001,1795
1286.5675,1286.5754,15156,26456,Plecotus auritus,0.022,0.036,-1,Echolocation,/mnt/ubna_data_02_mir/recover-20220922/UBNA_001/20220921_090000.WAV,Telephone Field,recover-20220922,001,1795
1286.6095,1286.6511,68437,82811,Rhinolophus ferrumequinum,0.036,0.036,-1,Echolocation,/mnt/ubna_data_02_mir/recover-20220922/UBNA_001/20220921_090000.WAV,Telephone Field,recover-20220922,001,1795
1286.6305,1286.6399,45234,50992,Pipistrellus pipistrellus,0.02,0.023,-1,Echolocation,/mnt/ubna_data_02_mir/recover-20220922/UBNA_001/20220921_090000.WAV,Telephone Field,recover-20220922,001,1795
1286.6775,1286.715,68437,81913,Rhinolophus ferrumequinum,0.022,0.022,-1,Echolocation,/mnt/ubna_data_02_mir/recover-20220922/UBNA_001/20220921_090000.WAV,Telephone Field,recover-20220922,001,1795
1286.7055,1286.7142,28046,39045,Eptesicus serotinus,0.009,0.024,-1,Echolocation,/mnt/ubna_data_02_mir/recover-20220922/UBNA_001/20220921_090000.WAV,Telephone Field,recover-20220922,001,1795
1286.7165,1286.7638,68437,84174,Rhinolophus ferrumequinum,0.06,0.06,-1,Echolocation,/mnt/ubna_data_02_mir/recover-20220922/UBNA_001/20220921_090000.WAV,Telephone Field,recover-20220922,001,1795
1286.7245,1286.7344,28046,36958,Eptesicus serotinus,0.011,0.024,-1,Echolocation,/mnt/ubna_data_02_mir/recover-20220922/UBNA_001/20220921_090000.WAV,Telephone Field,recover-20220922,001,1795
1286.7795,1286.8025,16875,19578,Nyctalus noctula,0.026,0.044,-1,Echolocation,/mnt/ubna_data_02_mir/recover-20220922/UBNA_001/20220921_090000.WAV,Telephone Field,recover-20220922,001,1795
1286.7815,1286.7918,22031,27058,Nyctalus leisleri,0.011,0.022,-1,Echolocation,/mnt/ubna_data_02_mir/recover-20220922/UBNA_001/20220921_090000.WAV,Telephone Field,recover-20220922,001,1795
1286.7945,1286.8015,28046,43097,Eptesicus serotinus,0.007,0.026,-1,Echolocation,/mnt/ubna_data_02_mir/recover-20220922/UBNA_001/20220921_090000.WAV,Telephone Field,recover-20220922,001,1795
1286.8185,1286.8593,68437,82953,Rhinolophus ferrumequinum,0.032,0.032,-1,Echolocation,/mnt/ubna_data_02_mir/recover-20220922/UBNA_001/20220921_090000.WAV,Telephone Field,recover-20220922,001,1795
1286.8285,1286.871,68437,83401,Rhinolophus ferrumequinum,0.026,0.026,-1,Echolocation,/mnt/ubna_data_02_mir/recover-20220922/UBNA_001/20220921_090000.WAV,Telephone Field,recover-20220922,001,1795
1286.8475,1286.8885,68437,82697,Rhinolophus ferrumequinum,0.046,0.046,-1,Echolocation,/mnt/ubna_data_02_mir/recover-20220922/UBNA_001/20220921_090000.WAV,Telephone Field,recover-20220922,001,1795
1286.8565,1286.8711,22890,28158,Nyctalus leisleri,0.013,0.027,-1,Echolocation,/mnt/ubna_data_02_mir/recover-20220922/UBNA_001/20220921_090000.WAV,Telephone Field,recover-20220922,001,1795
1286.8665,1286.901,68437,81528,Rhinolophus ferrumequinum,0.022,0.022,-1,Echolocation,/mnt/ubna_data_02_mir/recover-20220922/UBNA_001/20220921_090000.WAV,Telephone Field,recover-20220922,001,1795
1286.8945,1286.9305,68437,81618,Rhinolophus ferrumequinum,0.022,0.022,-1,Echolocation,/mnt/ubna_data_02_mir/recover-20220922/UBNA_001/20220921_090000.WAV,Telephone Field,recover-20220922,001,1795
1286.9045,1286.9163,24609,30824,Eptesicus serotinus,0.009,0.024,-1,Echolocation,/mnt/ubna_data_02_mir/recover-20220922/UBNA_001/20220921_090000.WAV,Telephone Field,recover-20220922,001,1795
1286.9385,1286.9779,68437,82459,Rhinolophus ferrumequinum,0.022,0.022,-1,Echolocation,/mnt/ubna_data_02_mir/recover-20220922/UBNA_001/20220921_090000.WAV,Telephone Field,recover-20220922,001,1795
1286.9655,1287.0055,68437,83059,Rhinolophus ferrumequinum,0.027,0.027,-1,Echolocation,/mnt/ubna_data_02_mir/recover-20220922/UBNA_001/20220921_090000.WAV,Telephone Field,recover-20220922,001,1795
1286.9935,1287.0082,16015,21044,Nyctalus noctula,0.024,0.035,-1,Echolocation,/mnt/ubna_data_02_mir/recover-20220922/UBNA_001/20220921_090000.WAV,Telephone Field,recover-20220922,001,1795
1286.9965,1287.0362,68437,81575,Rhinolophus ferrumequinum,0.022,0.022,-1,Echolocation,/mnt/ubna_data_02_mir/recover-20220922/UBNA_001/20220921_090000.WAV,Telephone Field,recover-20220922,001,1795
1287.0085,1287.0476,68437,82628,Rhinolophus ferrumequinum,0.023,0.023,-1,Echolocation,/mnt/ubna_data_02_mir/recover-20220922/UBNA_001/20220921_090000.WAV,Telephone Field,recover-20220922,001,1795
1287.0135,1287.024,23750,30006,Nyctalus leisleri,0.009,0.023,-1,Echolocation,/mnt/ubna_data_02_mir/recover-20220922/UBNA_001/20220921_090000.WAV,Telephone Field,recover-20220922,001,1795
1287.0415,1287.0521,42656,46963,Pipistrellus pipistrellus,0.019,0.023,-1,Echolocation,/mnt/ubna_data_02_mir/recover-20220922/UBNA_001/20220921_090000.WAV,Telephone Field,recover-20220922,001,1795
1287.0465,1287.0855999999999,68437,82586,Rhinolophus ferrumequinum,0.023,0.023,-1,Echolocation,/mnt/ubna_data_02_mir/recover-20220922/UBNA_001/20220921_090000.WAV,Telephone Field,recover-20220922,001,1795
1287.0745,1287.1132,68437,82190,Rhinolophus ferrumequinum,0.031,0.031,-1,Echolocation,/mnt/ubna_data_02_mir/recover-20220922/UBNA_001/20220921_090000.WAV,Telephone Field,recover-20220922,001,1795
1287.1155,1287.1244,28046,39876,Eptesicus serotinus,0.009,0.022,-1,Echolocation,/mnt/ubna_data_02_mir/recover-20220922/UBNA_001/20220921_090000.WAV,Telephone Field,recover-20220922,001,1795
1287.1435,1287.1809,68437,81581,Rhinolophus ferrumequinum,0.022,0.022,-1,Echolocation,/mnt/ubna_data_02_mir/recover-20220922/UBNA_001/20220921_090000.WAV,Telephone Field,recover-20220922,001,1795
1287.1465,1287.1555,27187,38850,Eptesicus serotinus,0.009,0.027,-1,Echolocation,/mnt/ubna_data_02_mir/recover-20220922/UBNA_001/20220921_090000.WAV,Telephone Field,recover-20220922,001,1795
1287.1575,1287.1685,23750,29713,Nyctalus leisleri,0.01,0.021,-1,Echolocation,/mnt/ubna_data_02_mir/recover-20220922/UBNA_001/20220921_090000.WAV,Telephone Field,recover-20220922,001,1795
1287.1705,1287.2098,68437,82345,Rhinolophus ferrumequinum,0.023,0.023,-1,Echolocation,/mnt/ubna_data_02_mir/recover-20220922/UBNA_001/20220921_090000.WAV,Telephone Field,recover-20220922,001,1795
1287.2595,1287.2988,68437,82929,Rhinolophus ferrumequinum,0.039,0.039,-1,Echolocation,/mnt/ubna_data_02_mir/recover-20220922/UBNA_001/20220921_090000.WAV,Telephone Field,recover-20220922,001,1795
1287.2725,1287.3104,68437,81689,Rhinolophus ferrumequinum,0.022,0.022,-1,Echolocation,/mnt/ubna_data_02_mir/recover-20220922/UBNA_001/20220921_090000.WAV,Telephone Field,recover-20220922,001,1795
1287.2975,1287.3344,68437,81515,Rhinolophus ferrumequinum,0.021,0.022,-1,Echolocation,/mnt/ubna_data_02_mir/recover-20220922/UBNA_001/20220921_090000.WAV,Telephone Field,recover-20220922,001,1795
1287.3035,1287.3406,68437,81683,Rhinolophus ferrumequinum,0.022,0.022,-1,Echolocation,/mnt/ubna_data_02_mir/recover-20220922/UBNA_001/20220921_090000.WAV,Telephone Field,recover-20220922,001,1795
1287.3245,1287.3657,68437,82784,Rhinolophus ferrumequinum,0.024,0.025,-1,Echolocation,/mnt/ubna_data_02_mir/recover-20220922/UBNA_001/20220921_090000.WAV,Telephone Field,recover-20220922,001,1795
1287.3545,1287.3973,68437,83009,Rhinolophus ferrumequinum,0.033,0.033,-1,Echolocation,/mnt/ubna_data_02_mir/recover-20220922/UBNA_001/20220921_090000.WAV,Telephone Field,recover-20220922,001,1795
1287.3695,1287.3806,25468,31029,Nyctalus leisleri,0.01,0.026,-1,Echolocation,/mnt/ubna_data_02_mir/recover-20220922/UBNA_001/20220921_090000.WAV,Telephone Field,recover-20220922,001,1795
1287.3755,1287.4125,68437,81469,Rhinolophus ferrumequinum,0.021,0.021,-1,Echolocation,/mnt/ubna_data_02_mir/recover-20220922/UBNA_001/20220921_090000.WAV,Telephone Field,recover-20220922,001,1795
1287.4115,1287.4218,25468,32333,Eptesicus serotinus,0.013,0.028,-1,Echolocation,/mnt/ubna_data_02_mir/recover-20220922/UBNA_001/20220921_090000.WAV,Telephone Field,recover-20220922,001,1795
1287.4165,1287.4571,68437,82836,Rhinolophus ferrumequinum,0.032,0.032,-1,Echolocation,/mnt/ubna_data_02_mir/recover-20220922/UBNA_001/20220921_090000.WAV,Telephone Field,recover-20220922,001,1795
1287.4495,1287.4932,68437,83763,Rhinolophus ferrumequinum,0.048,0.048,-1,Echolocation,/mnt/ubna_data_02_mir/recover-20220922/UBNA_001/20220921_090000.WAV,Telephone Field,recover-20220922,001,1795
1287.4665,1287.5085,68437,83287,Rhinolophus ferrumequinum,0.034,0.034,-1,Echolocation,/mnt/ubna_data_02_mir/recover-20220922/UBNA_001/20220921_090000.WAV,Telephone Field,recover-20220922,001,1795
1287.4835,1287.524,68437,82459,Rhinolophus ferrumequinum,0.022,0.022,-1,Echolocation,/mnt/ubna_data_02_mir/recover-20220922/UBNA_001/20220921_090000.WAV,Telephone Field,recover-20220922,001,1795
1287.5065,1287.518,22890,28077,Nyctalus leisleri,0.011,0.022,-1,Echolocation,/mnt/ubna_data_02_mir/recover-20220922/UBNA_001/20220921_090000.WAV,Telephone Field,recover-20220922,001,1795
1287.5135,1287.547,68437,80501,Rhinolophus ferrumequinum,0.021,0.021,-1,Echolocation,/mnt/ubna_data_02_mir/recover-20220922/UBNA_001/20220921_090000.WAV,Telephone Field,recover-20220922,001,1795
1287.5585,1287.5967,68437,81960,Rhinolophus ferrumequinum,0.023,0.023,-1,Echolocation,/mnt/ubna_data_02_mir/recover-20220922/UBNA_001/20220921_090000.WAV,Telephone Field,recover-20220922,001,1795
1287.5665,1287.6047,68437,82404,Rhinolophus ferrumequinum,0.025,0.025,-1,Echolocation,/mnt/ubna_data_02_mir/recover-20220922/UBNA_001/20220921_090000.WAV,Telephone Field,recover-20220922,001,1795
1287.5985,1287.6399,68437,83088,Rhinolophus ferrumequinum,0.025,0.025,-1,Echolocation,/mnt/ubna_data_02_mir/recover-20220922/UBNA_001/20220921_090000.WAV,Telephone Field,recover-20220922,001,1795
1287.6055,1287.6459,68437,82739,Rhinolophus ferrumequinum,0.025,0.025,-1,Echolocation,/mnt/ubna_data_02_mir/recover-20220922/UBNA_001/20220921_090000.WAV,Telephone Field,recover-20220922,001,1795
1287.6265,1287.6354,25468,33981,Eptesicus serotinus,0.008,0.022,-1,Echolocation,/mnt/ubna_data_02_mir/recover-20220922/UBNA_001/20220921_090000.WAV,Telephone Field,recover-20220922,001,1795
1287.6515,1287.6907,68437,82135,Rhinolophus ferrumequinum,0.022,0.023,-1,Echolocation,/mnt/ubna_data_02_mir/recover-20220922/UBNA_001/20220921_090000.WAV,Telephone Field,recover-20220922,001,1795
1287.7025,1287.7413999999999,68437,81824,Rhinolophus ferrumequinum,0.027,0.027,-1,Echolocation,/mnt/ubna_data_02_mir/recover-20220922/UBNA_001/20220921_090000.WAV,Telephone Field,recover-20220922,001,1795
1287.7255,1287.7689,68437,83731,Rhinolophus ferrumequinum,0.049,0.049,-1,Echolocation,/mnt/ubna_data_02_mir/recover-20220922/UBNA_001/20220921_090000.WAV,Telephone Field,recover-20220922,001,1795
1287.7535,1287.7607,28046,40829,Eptesicus serotinus,0.007,0.022,-1,Echolocation,/mnt/ubna_data_02_mir/recover-20220922/UBNA_001/20220921_090000.WAV,Telephone Field,recover-20220922,001,1795
1287.7635,1287.8056,68437,83106,Rhinolophus ferrumequinum,0.027,0.027,-1,Echolocation,/mnt/ubna_data_02_mir/recover-20220922/UBNA_001/20220921_090000.WAV,Telephone Field,recover-20220922,001,1795
1287.7645,1287.7733,28046,38023,Eptesicus serotinus,0.009,0.022,-1,Echolocation,/mnt/ubna_data_02_mir/recover-20220922/UBNA_001/20220921_090000.WAV,Telephone Field,recover-20220922,001,1795
1287.8065,1287.8444,68437,81386,Rhinolophus ferrumequinum,0.026,0.026,-1,Echolocation,/mnt/ubna_data_02_mir/recover-20220922/UBNA_001/20220921_090000.WAV,Telephone Field,recover-20220922,001,1795
1287.8145,1287.8235,22890,30855,Plecotus austriacus,0.012,0.028,-1,Echolocation,/mnt/ubna_data_02_mir/recover-20220922/UBNA_001/20220921_090000.WAV,Telephone Field,recover-20220922,001,1795
1287.8145,1287.8219,29765,41743,Eptesicus serotinus,0.009,0.029,-1,Echolocation,/mnt/ubna_data_02_mir/recover-20220922/UBNA_001/20220921_090000.WAV,Telephone Field,recover-20220922,001,1795
1287.8385,1287.8769,68437,81448,Rhinolophus ferrumequinum,0.023,0.023,-1,Echolocation,/mnt/ubna_data_02_mir/recover-20220922/UBNA_001/20220921_090000.WAV,Telephone Field,recover-20220922,001,1795
1287.8445,1287.8817,68437,82137,Rhinolophus ferrumequinum,0.022,0.022,-1,Echolocation,/mnt/ubna_data_02_mir/recover-20220922/UBNA_001/20220921_090000.WAV,Telephone Field,recover-20220922,001,1795
1287.8615,1287.872,22890,27861,Nyctalus leisleri,0.011,0.023,-1,Echolocation,/mnt/ubna_data_02_mir/recover-20220922/UBNA_001/20220921_090000.WAV,Telephone Field,recover-20220922,001,1795
1287.8685,1287.8786,23750,29425,Nyctalus leisleri,0.009,0.022,-1,Echolocation,/mnt/ubna_data_02_mir/recover-20220922/UBNA_001/20220921_090000.WAV,Telephone Field,recover-20220922,001,1795
1287.8735,1287.9129,68437,82300,Rhinolophus ferrumequinum,0.026,0.026,-1,Echolocation,/mnt/ubna_data_02_mir/recover-20220922/UBNA_001/20220921_090000.WAV,Telephone Field,recover-20220922,001,1795
1287.8935,1287.9305,68437,81630,Rhinolophus ferrumequinum,0.022,0.023,-1,Echolocation,/mnt/ubna_data_02_mir/recover-20220922/UBNA_001/20220921_090000.WAV,Telephone Field,recover-20220922,001,1795
1287.9075,1287.9187,28906,35908,Eptesicus serotinus,0.012,0.024,-1,Echolocation,/mnt/ubna_data_02_mir/recover-20220922/UBNA_001/20220921_090000.WAV,Telephone Field,recover-20220922,001,1795
1287.9255,1287.9626,68437,81716,Rhinolophus ferrumequinum,0.022,0.022,-1,Echolocation,/mnt/ubna_data_02_mir/recover-20220922/UBNA_001/20220921_090000.WAV,Telephone Field,recover-20220922,001,1795
1287.9305,1287.9409,22890,28838,Nyctalus leisleri,0.01,0.024,-1,Echolocation,/mnt/ubna_data_02_mir/recover-20220922/UBNA_001/20220921_090000.WAV,Telephone Field,recover-20220922,001,1795
1287.9435,1287.9836,68437,82218,Rhinolophus ferrumequinum,0.029,0.029,-1,Echolocation,/mnt/ubna_data_02_mir/recover-20220922/UBNA_001/20220921_090000.WAV,Telephone Field,recover-20220922,001,1795
1287.9815,1287.9913999999999,42656,46024,Pipistrellus pipistrellus,0.022,0.027,-1,Echolocation,/mnt/ubna_data_02_mir/recover-20220922/UBNA_001/20220921_090000.WAV,Telephone Field,recover-20220922,001,1795
1287.9875,1287.9972,28046,37158,Eptesicus serotinus,0.009,0.023,-1,Echolocation,/mnt/ubna_data_02_mir/recover-20220922/UBNA_001/20220921_090000.WAV,Telephone Field,recover-20220922,001,1795
1288.0015,1288.0092,47812,56354,Pipistrellus pipistrellus,0.016,0.023,-1,Echolocation,/mnt/ubna_data_02_mir/recover-20220922/UBNA_001/20220921_090000.WAV,Telephone Field,recover-20220922,001,1795
1288.0015,1288.0105,24609,30660,Nyctalus leisleri,0.014,0.034,-1,Echolocation,/mnt/ubna_data_02_mir/recover-20220922/UBNA_001/20220921_090000.WAV,Telephone Field,recover-20220922,001,1795
1288.0015,1288.0357,69296,81757,Rhinolophus ferrumequinum,0.029,0.029,-1,Echolocation,/mnt/ubna_data_02_mir/recover-20220922/UBNA_001/20220921_090000.WAV,Telephone Field,recover-20220922,001,1795
1288.0155,1288.057,68437,82761,Rhinolophus ferrumequinum,0.021,0.021,-1,Echolocation,/mnt/ubna_data_02_mir/recover-20220922/UBNA_001/20220921_090000.WAV,Telephone Field,recover-20220922,001,1795
1288.0425,1288.0816,68437,82307,Rhinolophus ferrumequinum,0.028,0.028,-1,Echolocation,/mnt/ubna_data_02_mir/recover-20220922/UBNA_001/20220921_090000.WAV,Telephone Field,recover-20220922,001,1795
1288.0865,1288.1254,68437,82500,Rhinolophus ferrumequinum,0.032,0.032,-1,Echolocation,/mnt/ubna_data_02_mir/recover-20220922/UBNA_001/20220921_090000.WAV,Telephone Field,recover-20220922,001,1795
1288.1035,1288.1118,28906,37040,Eptesicus serotinus,0.019,0.04,-1,Echolocation,/mnt/ubna_data_02_mir/recover-20220922/UBNA_001/20220921_090000.WAV,Telephone Field,recover-20220922,001,1795
1288.1225,1288.1622,68437,82354,Rhinolophus ferrumequinum,0.023,0.023,-1,Echolocation,/mnt/ubna_data_02_mir/recover-20220922/UBNA_001/20220921_090000.WAV,Telephone Field,recover-20220922,001,1795
1288.1315,1288.1427,22890,27712,Nyctalus leisleri,0.011,0.021,-1,Echolocation,/mnt/ubna_data_02_mir/recover-20220922/UBNA_001/20220921_090000.WAV,Telephone Field,recover-20220922,001,1795
1288.1405,1288.1529,23750,29386,Nyctalus leisleri,0.009,0.021,-1,Echolocation,/mnt/ubna_data_02_mir/recover-20220922/UBNA_001/20220921_090000.WAV,Telephone Field,recover-20220922,001,1795
1288.1715,1288.1798,28046,37219,Eptesicus serotinus,0.007,0.024,-1,Echolocation,/mnt/ubna_data_02_mir/recover-20220922/UBNA_001/20220921_090000.WAV,Telephone Field,recover-20220922,001,1795
1288.1745,1288.2121,68437,81765,Rhinolophus ferrumequinum,0.022,0.022,-1,Echolocation,/mnt/ubna_data_02_mir/recover-20220922/UBNA_001/20220921_090000.WAV,Telephone Field,recover-20220922,001,1795
1288.2385,1288.2513,15156,20614,Nyctalus noctula,0.018,0.028,-1,Echolocation,/mnt/ubna_data_02_mir/recover-20220922/UBNA_001/20220921_090000.WAV,Telephone Field,recover-20220922,001,1795
1288.2405,1288.2799,68437,82522,Rhinolophus ferrumequinum,0.022,0.022,-1,Echolocation,/mnt/ubna_data_02_mir/recover-20220922/UBNA_001/20220921_090000.WAV,Telephone Field,recover-20220922,001,1795
1288.2515,1288.2915,68437,82022,Rhinolophus ferrumequinum,0.023,0.023,-1,Echolocation,/mnt/ubna_data_02_mir/recover-20220922/UBNA_001/20220921_090000.WAV,Telephone Field,recover-20220922,001,1795
1288.2575,1288.2679,22031,27505,Nyctalus leisleri,0.012,0.029,-1,Echolocation,/mnt/ubna_data_02_mir/recover-20220922/UBNA_001/20220921_090000.WAV,Telephone Field,recover-20220922,001,1795
1288.2695,1288.2811,29765,36047,Eptesicus serotinus,0.015,0.028,-1,Echolocation,/mnt/ubna_data_02_mir/recover-20220922/UBNA_001/20220921_090000.WAV,Telephone Field,recover-20220922,001,1795
1288.2935,1288.3031,26328,33023,Eptesicus serotinus,0.008,0.021,-1,Echolocation,/mnt/ubna_data_02_mir/recover-20220922/UBNA_001/20220921_090000.WAV,Telephone Field,recover-20220922,001,1795
1288.3145,1288.3224,23750,32153,Plecotus austriacus,0.008,0.021,-1,Echolocation,/mnt/ubna_data_02_mir/recover-20220922/UBNA_001/20220921_090000.WAV,Telephone Field,recover-20220922,001,1795
1288.3695,1288.4056,68437,80704,Rhinolophus ferrumequinum,0.021,0.021,-1,Echolocation,/mnt/ubna_data_02_mir/recover-20220922/UBNA_001/20220921_090000.WAV,Telephone Field,recover-20220922,001,1795
1288.3885,1288.4235,68437,81122,Rhinolophus ferrumequinum,0.021,0.021,-1,Echolocation,/mnt/ubna_data_02_mir/recover-20220922/UBNA_001/20220921_090000.WAV,Telephone Field,recover-20220922,001,1795
1288.4465,1288.4562,26328,34045,Eptesicus serotinus,0.013,0.032,-1,Echolocation,/mnt/ubna_data_02_mir/recover-20220922/UBNA_001/20220921_090000.WAV,Telephone Field,recover-20220922,001,1795
1288.4595,1288.5002,68437,82655,Rhinolophus ferrumequinum,0.022,0.022,-1,Echolocation,/mnt/ubna_data_02_mir/recover-20220922/UBNA_001/20220921_090000.WAV,Telephone Field,recover-20220922,001,1795
1288.4775,1288.4849,28906,38707,Eptesicus serotinus,0.006,0.021,-1,Echolocation,/mnt/ubna_data_02_mir/recover-20220922/UBNA_001/20220921_090000.WAV,Telephone Field,recover-20220922,001,1795
1288.5155,1288.5564,68437,82372,Rhinolophus ferrumequinum,0.023,0.023,-1,Echolocation,/mnt/ubna_data_02_mir/recover-20220922/UBNA_001/20220921_090000.WAV,Telephone Field,recover-20220922,001,1795
1288.5945,1288.6014,26328,40285,Plecotus austriacus,0.006,0.028,-1,Echolocation,/mnt/ubna_data_02_mir/recover-20220922/UBNA_001/20220921_090000.WAV,Telephone Field,recover-20220922,001,1795
1288.5955,1288.6373,68437,82835,Rhinolophus ferrumequinum,0.022,0.022,-1,Echolocation,/mnt/ubna_data_02_mir/recover-20220922/UBNA_001/20220921_090000.WAV,Telephone Field,recover-20220922,001,1795
1288.6405,1288.6497,28906,38854,Eptesicus serotinus,0.009,0.023,-1,Echolocation,/mnt/ubna_data_02_mir/recover-20220922/UBNA_001/20220921_090000.WAV,Telephone Field,recover-20220922,001,1795
1288.6425,1288.6816,68437,82399,Rhinolophus ferrumequinum,0.024,0.024,-1,Echolocation,/mnt/ubna_data_02_mir/recover-20220922/UBNA_001/20220921_090000.WAV,Telephone Field,recover-20220922,001,1795
1288.6925,1288.7335,68437,82758,Rhinolophus ferrumequinum,0.024,0.024,-1,Echolocation,/mnt/ubna_data_02_mir/recover-20220922/UBNA_001/20220921_090000.WAV,Telephone Field,recover-20220922,001,1795
1288.7035,1288.7105,23750,34586,Plecotus austriacus,0.012,0.028,-1,Echolocation,/mnt/ubna_data_02_mir/recover-20220922/UBNA_001/20220921_090000.WAV,Telephone Field,recover-20220922,001,1795
1288.7065,1288.714,28906,41392,Eptesicus serotinus,0.009,0.027,-1,Echolocation,/mnt/ubna_data_02_mir/recover-20220922/UBNA_001/20220921_090000.WAV,Telephone Field,recover-20220922,001,1795
1288.7415,1288.7827,68437,82141,Rhinolophus ferrumequinum,0.022,0.022,-1,Echolocation,/mnt/ubna_data_02_mir/recover-20220922/UBNA_001/20220921_090000.WAV,Telephone Field,recover-20220922,001,1795
1288.7575,1288.7677,48671,52733,Pipistrellus pipistrellus,0.037,0.04,-1,Echolocation,/mnt/ubna_data_02_mir/recover-20220922/UBNA_001/20220921_090000.WAV,Telephone Field,recover-20220922,001,1795
1288.7645,1288.804,68437,81790,Rhinolophus ferrumequinum,0.022,0.022,-1,Echolocation,/mnt/ubna_data_02_mir/recover-20220922/UBNA_001/20220921_090000.WAV,Telephone Field,recover-20220922,001,1795
1288.7655,1288.7768,22890,26899,Nyctalus leisleri,0.013,0.023,-1,Echolocation,/mnt/ubna_data_02_mir/recover-20220922/UBNA_001/20220921_090000.WAV,Telephone Field,recover-20220922,001,1795
1288.7775,1288.8181,68437,82254,Rhinolophus ferrumequinum,0.022,0.022,-1,Echolocation,/mnt/ubna_data_02_mir/recover-20220922/UBNA_001/20220921_090000.WAV,Telephone Field,recover-20220922,001,1795
1288.7805,1288.7913,22890,28385,Nyctalus leisleri,0.01,0.021,-1,Echolocation,/mnt/ubna_data_02_mir/recover-20220922/UBNA_001/20220921_090000.WAV,Telephone Field,recover-20220922,001,1795
1288.7845,1288.7936,27187,38557,Eptesicus serotinus,0.008,0.021,-1,Echolocation,/mnt/ubna_data_02_mir/recover-20220922/UBNA_001/20220921_090000.WAV,Telephone Field,recover-20220922,001,1795
1288.7995,1288.8399,68437,82302,Rhinolophus ferrumequinum,0.024,0.024,-1,Echolocation,/mnt/ubna_data_02_mir/recover-20220922/UBNA_001/20220921_090000.WAV,Telephone Field,recover-20220922,001,1795
1288.8205,1288.8567,68437,81905,Rhinolophus ferrumequinum,0.023,0.023,-1,Echolocation,/mnt/ubna_data_02_mir/recover-20220922/UBNA_001/20220921_090000.WAV,Telephone Field,recover-20220922,001,1795
1288.8235,1288.8318,43515,47220,Pipistrellus pipistrellus,0.034,0.036,-1,Echolocation,/mnt/ubna_data_02_mir/recover-20220922/UBNA_001/20220921_090000.WAV,Telephone Field,recover-20220922,001,1795
1288.8385,1288.8463,26328,36606,Eptesicus serotinus,0.007,0.021,-1,Echolocation,/mnt/ubna_data_02_mir/recover-20220922/UBNA_001/20220921_090000.WAV,Telephone Field,recover-20220922,001,1795
1288.8455,1288.8841,68437,82122,Rhinolophus ferrumequinum,0.023,0.023,-1,Echolocation,/mnt/ubna_data_02_mir/recover-20220922/UBNA_001/20220921_090000.WAV,Telephone Field,recover-20220922,001,1795
1288.8535,1288.8922,68437,82096,Rhinolophus ferrumequinum,0.024,0.024,-1,Echolocation,/mnt/ubna_data_02_mir/recover-20220922/UBNA_001/20220921_090000.WAV,Telephone Field,recover-20220922,001,1795
1288.8555,1288.8632,44375,48126,Pipistrellus pipistrellus,0.073,0.075,-1,Echolocation,/mnt/ubna_data_02_mir/recover-20220922/UBNA_001/20220921_090000.WAV,Telephone Field,recover-20220922,001,1795
1288.8705,1288.879,28906,38023,Eptesicus serotinus,0.008,0.023,-1,Echolocation,/mnt/ubna_data_02_mir/recover-20220922/UBNA_001/20220921_090000.WAV,Telephone Field,recover-20220922,001,1795
1288.8785,1288.9192,68437,82961,Rhinolophus ferrumequinum,0.032,0.032,-1,Echolocation,/mnt/ubna_data_02_mir/recover-20220922/UBNA_001/20220921_090000.WAV,Telephone Field,recover-20220922,001,1795
1288.9075,1288.915,33203,41736,Myotis daubentonii,0.009,0.031,-1,Echolocation,/mnt/ubna_data_02_mir/recover-20220922/UBNA_001/20220921_090000.WAV,Telephone Field,recover-20220922,001,1795
1288.9395,1288.9811,68437,82244,Rhinolophus ferrumequinum,0.024,0.024,-1,Echolocation,/mnt/ubna_data_02_mir/recover-20220922/UBNA_001/20220921_090000.WAV,Telephone Field,recover-20220922,001,1795
1289.0025,1289.0137,28046,35538,Eptesicus serotinus,0.012,0.025,-1,Echolocation,/mnt/ubna_data_02_mir/recover-20220922/UBNA_001/20220921_090000.WAV,Telephone Field,recover-20220922,001,1795
1289.0185,1289.0632,68437,82850,Rhinolophus ferrumequinum,0.057,0.057,-1,Echolocation,/mnt/ubna_data_02_mir/recover-20220922/UBNA_001/20220921_090000.WAV,Telephone Field,recover-20220922,001,1795
1289.0445,1289.0516,23750,31946,Plecotus austriacus,0.012,0.025,-1,Echolocation,/mnt/ubna_data_02_mir/recover-20220922/UBNA_001/20220921_090000.WAV,Telephone Field,recover-20220922,001,1795
1289.0595,1289.0774,50390,54060,Pipistrellus pipistrellus,0.023,0.035,-1,Echolocation,/mnt/ubna_data_02_mir/recover-20220922/UBNA_001/20220921_090000.WAV,Telephone Field,recover-20220922,001,1795
1289.1145,1289.1519,68437,81337,Rhinolophus ferrumequinum,0.021,0.021,-1,Echolocation,/mnt/ubna_data_02_mir/recover-20220922/UBNA_001/20220921_090000.WAV,Telephone Field,recover-20220922,001,1795
1289.1195,1289.1292,23750,31557,Nyctalus leisleri,0.007,0.022,-1,Echolocation,/mnt/ubna_data_02_mir/recover-20220922/UBNA_001/20220921_090000.WAV,Telephone Field,recover-20220922,001,1795
1289.2015,1289.2412,68437,81898,Rhinolophus ferrumequinum,0.024,0.024,-1,Echolocation,/mnt/ubna_data_02_mir/recover-20220922/UBNA_001/20220921_090000.WAV,Telephone Field,recover-20220922,001,1795
1289.2045,1289.2152,22031,26643,Nyctalus leisleri,0.01,0.021,-1,Echolocation,/mnt/ubna_data_02_mir/recover-20220922/UBNA_001/20220921_090000.WAV,Telephone Field,recover-20220922,001,1795
1289.2365,1289.2468,28906,36440,Eptesicus serotinus,0.008,0.021,-1,Echolocation,/mnt/ubna_data_02_mir/recover-20220922/UBNA_001/20220921_090000.WAV,Telephone Field,recover-20220922,001,1795
1289.2415,1289.2484,51250,57375,Pipistrellus pipistrellus,0.022,0.024,-1,Echolocation,/mnt/ubna_data_02_mir/recover-20220922/UBNA_001/20220921_090000.WAV,Telephone Field,recover-20220922,001,1795
1289.2525,1289.2662,14296,19446,Nyctalus noctula,0.016,0.025,-1,Echolocation,/mnt/ubna_data_02_mir/recover-20220922/UBNA_001/20220921_090000.WAV,Telephone Field,recover-20220922,001,1795
1289.2605,1289.269,23750,30318,Plecotus austriacus,0.007,0.022,-1,Echolocation,/mnt/ubna_data_02_mir/recover-20220922/UBNA_001/20220921_090000.WAV,Telephone Field,recover-20220922,001,1795
1289.3225,1289.3315,22890,29829,Plecotus austriacus,0.008,0.022,-1,Echolocation,/mnt/ubna_data_02_mir/recover-20220922/UBNA_001/20220921_090000.WAV,Telephone Field,recover-20220922,001,1795
1289.3395,1289.3764,68437,81000,Rhinolophus ferrumequinum,0.021,0.021,-1,Echolocation,/mnt/ubna_data_02_mir/recover-20220922/UBNA_001/20220921_090000.WAV,Telephone Field,recover-20220922,001,1795
1289.3505,1289.3872,68437,80505,Rhinolophus ferrumequinum,0.022,0.022,-1,Echolocation,/mnt/ubna_data_02_mir/recover-20220922/UBNA_001/20220921_090000.WAV,Telephone Field,recover-20220922,001,1795
1289.3655,1289.4035,68437,81429,Rhinolophus ferrumequinum,0.022,0.022,-1,Echolocation,/mnt/ubna_data_02_mir/recover-20220922/UBNA_001/20220921_090000.WAV,Telephone Field,recover-20220922,001,1795
1289.4625,1289.4742,22031,26642,Nyctalus leisleri,0.011,0.021,-1,Echolocation,/mnt/ubna_data_02_mir/recover-20220922/UBNA_001/20220921_090000.WAV,Telephone Field,recover-20220922,001,1795
1289.6025,1289.6421,68437,81777,Rhinolophus ferrumequinum,0.024,0.024,-1,Echolocation,/mnt/ubna_data_02_mir/recover-20220922/UBNA_001/20220921_090000.WAV,Telephone Field,recover-20220922,001,1795
1289.6195,1289.6597,68437,82003,Rhinolophus ferrumequinum,0.022,0.022,-1,Echolocation,/mnt/ubna_data_02_mir/recover-20220922/UBNA_001/20220921_090000.WAV,Telephone Field,recover-20220922,001,1795
1289.6505,1289.6618,28046,33634,Eptesicus serotinus,0.023,0.043,-1,Echolocation,/mnt/ubna_data_02_mir/recover-20220922/UBNA_001/20220921_090000.WAV,Telephone Field,recover-20220922,001,1795
1289.6985,1289.739,68437,82195,Rhinolophus ferrumequinum,0.026,0.027,-1,Echolocation,/mnt/ubna_data_02_mir/recover-20220922/UBNA_001/20220921_090000.WAV,Telephone Field,recover-20220922,001,1795
1289.7125,1289.7536,68437,83155,Rhinolophus ferrumequinum,0.027,0.027,-1,Echolocation,/mnt/ubna_data_02_mir/recover-20220922/UBNA_001/20220921_090000.WAV,Telephone Field,recover-20220922,001,1795
1289.7275,1289.7351,23750,32002,Plecotus austriacus,0.009,0.023,-1,Echolocation,/mnt/ubna_data_02_mir/recover-20220922/UBNA_001/20220921_090000.WAV,Telephone Field,recover-20220922,001,1795
1289.7315,1289.7689,68437,81516,Rhinolophus ferrumequinum,0.021,0.021,-1,Echolocation,/mnt/ubna_data_02_mir/recover-20220922/UBNA_001/20220921_090000.WAV,Telephone Field,recover-20220922,001,1795
1289.7585,1289.7686,22031,27843,Nyctalus leisleri,0.009,0.025,-1,Echolocation,/mnt/ubna_data_02_mir/recover-20220922/UBNA_001/20220921_090000.WAV,Telephone Field,recover-20220922,001,1795
1289.7685,1289.8109,68437,83106,Rhinolophus ferrumequinum,0.026,0.026,-1,Echolocation,/mnt/ubna_data_02_mir/recover-20220922/UBNA_001/20220921_090000.WAV,Telephone Field,recover-20220922,001,1795
1289.8165,1289.8567,68437,82783,Rhinolophus ferrumequinum,0.024,0.024,-1,Echolocation,/mnt/ubna_data_02_mir/recover-20220922/UBNA_001/20220921_090000.WAV,Telephone Field,recover-20220922,001,1795
1289.8645,1289.9042,68437,82486,Rhinolophus ferrumequinum,0.022,0.022,-1,Echolocation,/mnt/ubna_data_02_mir/recover-20220922/UBNA_001/20220921_090000.WAV,Telephone Field,recover-20220922,001,1795
1289.9115,1289.9505,68437,82012,Rhinolophus ferrumequinum,0.024,0.024,-1,Echolocation,/mnt/ubna_data_02_mir/recover-20220922/UBNA_001/20220921_090000.WAV,Telephone Field,recover-20220922,001,1795
1289.9585,1289.9656,28906,39708,Eptesicus serotinus,0.007,0.022,-1,Echolocation,/mnt/ubna_data_02_mir/recover-20220922/UBNA_001/20220921_090000.WAV,Telephone Field,recover-20220922,001,1795
1289.9815,1289.9897,28906,39108,Eptesicus serotinus,0.007,0.023,-1,Echolocation,/mnt/ubna_data_02_mir/recover-20220922/UBNA_001/20220921_090000.WAV,Telephone Field,recover-20220922,001,1795
1290.0015,1290.0091,25468,35880,Nyctalus leisleri,0.004,0.023,-1,Echolocation,/mnt/ubna_data_02_mir/recover-20220922/UBNA_001/20220921_090000.WAV,Telephone Field,recover-20220922,001,1795
1290.0015,1290.0344,68437,79604,Rhinolophus ferrumequinum,0.037,0.038,-1,Echolocation,/mnt/ubna_data_02_mir/recover-20220922/UBNA_001/20220921_090000.WAV,Telephone Field,recover-20220922,001,1795
1290.0015,1290.0122,46953,51918,Pipistrellus pipistrellus,0.019,0.025,-1,Echolocation,/mnt/ubna_data_02_mir/recover-20220922/UBNA_001/20220921_090000.WAV,Telephone Field,recover-20220922,001,1795
1290.0085,1290.0505,68437,82541,Rhinolophus ferrumequinum,0.036,0.036,-1,Echolocation,/mnt/ubna_data_02_mir/recover-20220922/UBNA_001/20220921_090000.WAV,Telephone Field,recover-20220922,001,1795
1290.0465,1290.0835,68437,81952,Rhinolophus ferrumequinum,0.023,0.023,-1,Echolocation,/mnt/ubna_data_02_mir/recover-20220922/UBNA_001/20220921_090000.WAV,Telephone Field,recover-20220922,001,1795
1290.0585,1290.0665,27187,39250,Eptesicus serotinus,0.006,0.022,-1,Echolocation,/mnt/ubna_data_02_mir/recover-20220922/UBNA_001/20220921_090000.WAV,Telephone Field,recover-20220922,001,1795
1290.0865,1290.1275,68437,82942,Rhinolophus ferrumequinum,0.03,0.03,-1,Echolocation,/mnt/ubna_data_02_mir/recover-20220922/UBNA_001/20220921_090000.WAV,Telephone Field,recover-20220922,001,1795
1290.1035,1290.1419,68437,82200,Rhinolophus ferrumequinum,0.022,0.022,-1,Echolocation,/mnt/ubna_data_02_mir/recover-20220922/UBNA_001/20220921_090000.WAV,Telephone Field,recover-20220922,001,1795
1290.1535,1290.1963,68437,82609,Rhinolophus ferrumequinum,0.022,0.022,-1,Echolocation,/mnt/ubna_data_02_mir/recover-20220922/UBNA_001/20220921_090000.WAV,Telephone Field,recover-20220922,001,1795
1290.1835,1290.2018,19453,22726,Nyctalus leisleri,0.017,0.036,-1,Echolocation,/mnt/ubna_data_02_mir/recover-20220922/UBNA_001/20220921_090000.WAV,Telephone Field,recover-20220922,001,1795
1290.2065,1290.2462,68437,82577,Rhinolophus ferrumequinum,0.021,0.022,-1,Echolocation,/mnt/ubna_data_02_mir/recover-20220922/UBNA_001/20220921_090000.WAV,Telephone Field,recover-20220922,001,1795
1290.2225,1290.2586,68437,81394,Rhinolophus ferrumequinum,0.023,0.023,-1,Echolocation,/mnt/ubna_data_02_mir/recover-20220922/UBNA_001/20220921_090000.WAV,Telephone Field,recover-20220922,001,1795
1290.2325,1290.2707,68437,82108,Rhinolophus ferrumequinum,0.026,0.026,-1,Echolocation,/mnt/ubna_data_02_mir/recover-20220922/UBNA_001/20220921_090000.WAV,Telephone Field,recover-20220922,001,1795
1290.2395,1290.2781,68437,82065,Rhinolophus ferrumequinum,0.023,0.023,-1,Echolocation,/mnt/ubna_data_02_mir/recover-20220922/UBNA_001/20220921_090000.WAV,Telephone Field,recover-20220922,001,1795
1290.2605,1290.2988,68437,82216,Rhinolophus ferrumequinum,0.022,0.022,-1,Echolocation,/mnt/ubna_data_02_mir/recover-20220922/UBNA_001/20220921_090000.WAV,Telephone Field,recover-20220922,001,1795
1290.2935,1290.334,68437,82293,Rhinolophus ferrumequinum,0.023,0.023,-1,Echolocation,/mnt/ubna_data_02_mir/recover-20220922/UBNA_001/20220921_090000.WAV,Telephone Field,recover-20220922,001,1795
1290.3055,1290.316,22890,28483,Nyctalus leisleri,0.009,0.022,-1,Echolocation,/mnt/ubna_data_02_mir/recover-20220922/UBNA_001/20220921_090000.WAV,Telephone Field,recover-20220922,001,1795
1290.3075,1290.318,28906,36056,Eptesicus serotinus,0.011,0.026,-1,Echolocation,/mnt/ubna_data_02_mir/recover-20220922/UBNA_001/20220921_090000.WAV,Telephone Field,recover-20220922,001,1795
1290.3155,1290.3535,68437,81898,Rhinolophus ferrumequinum,0.021,0.021,-1,Echolocation,/mnt/ubna_data_02_mir/recover-20220922/UBNA_001/20220921_090000.WAV,Telephone Field,recover-20220922,001,1795
1290.3315,1290.3681,68437,81472,Rhinolophus ferrumequinum,0.021,0.021,-1,Echolocation,/mnt/ubna_data_02_mir/recover-20220922/UBNA_001/20220921_090000.WAV,Telephone Field,recover-20220922,001,1795
1290.3605,1290.4027,68437,82433,Rhinolophus ferrumequinum,0.029,0.029,-1,Echolocation,/mnt/ubna_data_02_mir/recover-20220922/UBNA_001/20220921_090000.WAV,Telephone Field,recover-20220922,001,1795
1290.3735,1290.3837,28906,35986,Eptesicus serotinus,0.01,0.024,-1,Echolocation,/mnt/ubna_data_02_mir/recover-20220922/UBNA_001/20220921_090000.WAV,Telephone Field,recover-20220922,001,1795
1290.3995,1290.4404,68437,82383,Rhinolophus ferrumequinum,0.029,0.029,-1,Echolocation,/mnt/ubna_data_02_mir/recover-20220922/UBNA_001/20220921_090000.WAV,Telephone Field,recover-20220922,001,1795
1290.4095,1290.4182,22031,28746,Plecotus austriacus,0.012,0.025,-1,Echolocation,/mnt/ubna_data_02_mir/recover-20220922/UBNA_001/20220921_090000.WAV,Telephone Field,recover-20220922,001,1795
1290.4125,1290.4534,68437,82377,Rhinolophus ferrumequinum,0.025,0.025,-1,Echolocation,/mnt/ubna_data_02_mir/recover-20220922/UBNA_001/20220921_090000.WAV,Telephone Field,recover-20220922,001,1795
1290.4345,1290.4718,68437,80936,Rhinolophus ferrumequinum,0.025,0.025,-1,Echolocation,/mnt/ubna_data_02_mir/recover-20220922/UBNA_001/20220921_090000.WAV,Telephone Field,recover-20220922,001,1795
1290.4545,1290.4934,68437,82100,Rhinolophus ferrumequinum,0.021,0.021,-1,Echolocation,/mnt/ubna_data_02_mir/recover-20220922/UBNA_001/20220921_090000.WAV,Telephone Field,recover-20220922,001,1795
1290.4595,1290.4782,21171,24657,Nyctalus leisleri,0.019,0.034,-1,Echolocation,/mnt/ubna_data_02_mir/recover-20220922/UBNA_001/20220921_090000.WAV,Telephone Field,recover-20220922,001,1795
1290.4695,1290.5109,68437,82915,Rhinolophus ferrumequinum,0.025,0.025,-1,Echolocation,/mnt/ubna_data_02_mir/recover-20220922/UBNA_001/20220921_090000.WAV,Telephone Field,recover-20220922,001,1795
1290.4945,1290.5332,68437,81798,Rhinolophus ferrumequinum,0.031,0.031,-1,Echolocation,/mnt/ubna_data_02_mir/recover-20220922/UBNA_001/20220921_090000.WAV,Telephone Field,recover-20220922,001,1795
1290.5145,1290.5523,68437,82465,Rhinolophus ferrumequinum,0.022,0.022,-1,Echolocation,/mnt/ubna_data_02_mir/recover-20220922/UBNA_001/20220921_090000.WAV,Telephone Field,recover-20220922,001,1795
1290.5245,1290.5589,68437,81019,Rhinolophus ferrumequinum,0.031,0.031,-1,Echolocation,/mnt/ubna_data_02_mir/recover-20220922/UBNA_001/20220921_090000.WAV,Telephone Field,recover-20220922,001,1795
1290.5395,1290.5754,68437,81084,Rhinolophus ferrumequinum,0.024,0.024,-1,Echolocation,/mnt/ubna_data_02_mir/recover-20220922/UBNA_001/20220921_090000.WAV,Telephone Field,recover-20220922,001,1795
1290.5395,1290.5525,22031,25479,Nyctalus leisleri,0.015,0.025,-1,Echolocation,/mnt/ubna_data_02_mir/recover-20220922/UBNA_001/20220921_090000.WAV,Telephone Field,recover-20220922,001,1795
1290.5555,1290.5922,68437,81281,Rhinolophus ferrumequinum,0.023,0.023,-1,Echolocation,/mnt/ubna_data_02_mir/recover-20220922/UBNA_001/20220921_090000.WAV,Telephone Field,recover-20220922,001,1795
1290.5625,1290.6028,68437,82372,Rhinolophus ferrumequinum,0.025,0.025,-1,Echolocation,/mnt/ubna_data_02_mir/recover-20220922/UBNA_001/20220921_090000.WAV,Telephone Field,recover-20220922,001,1795
1290.5805,1290.5908,22031,28591,Nyctalus leisleri,0.014,0.041,-1,Echolocation,/mnt/ubna_data_02_mir/recover-20220922/UBNA_001/20220921_090000.WAV,Telephone Field,recover-20220922,001,1795
1290.5935,1290.6278,68437,80567,Rhinolophus ferrumequinum,0.021,0.021,-1,Echolocation,/mnt/ubna_data_02_mir/recover-20220922/UBNA_001/20220921_090000.WAV,Telephone Field,recover-20220922,001,1795
1290.6055,1290.6406,68437,80833,Rhinolophus ferrumequinum,0.021,0.021,-1,Echolocation,/mnt/ubna_data_02_mir/recover-20220922/UBNA_001/20220921_090000.WAV,Telephone Field,recover-20220922,001,1795
1290.6195,1290.6567,68437,82108,Rhinolophus ferrumequinum,0.025,0.025,-1,Echolocation,/mnt/ubna_data_02_mir/recover-20220922/UBNA_001/20220921_090000.WAV,Telephone Field,recover-20220922,001,1795
1290.6345,1290.6759,68437,82407,Rhinolophus ferrumequinum,0.026,0.026,-1,Echolocation,/mnt/ubna_data_02_mir/recover-20220922/UBNA_001/20220921_090000.WAV,Telephone Field,recover-20220922,001,1795
1290.6395,1290.6562,22031,25748,Nyctalus leisleri,0.024,0.041,-1,Echolocation,/mnt/ubna_data_02_mir/recover-20220922/UBNA_001/20220921_090000.WAV,Telephone Field,recover-20220922,001,1795
1290.6715,1290.7098,68437,81950,Rhinolophus ferrumequinum,0.023,0.023,-1,Echolocation,/mnt/ubna_data_02_mir/recover-20220922/UBNA_001/20220921_090000.WAV,Telephone Field,recover-20220922,001,1795
1290.6805,1290.6908,23750,30136,Nyctalus leisleri,0.01,0.025,-1,Echolocation,/mnt/ubna_data_02_mir/recover-20220922/UBNA_001/20220921_090000.WAV,Telephone Field,recover-20220922,001,1795
1290.6915,1290.7293,68437,81832,Rhinolophus ferrumequinum,0.021,0.021,-1,Echolocation,/mnt/ubna_data_02_mir/recover-20220922/UBNA_001/20220921_090000.WAV,Telephone Field,recover-20220922,001,1795
1290.7305,1290.7714,68437,82240,Rhinolophus ferrumequinum,0.026,0.026,-1,Echolocation,/mnt/ubna_data_02_mir/recover-20220922/UBNA_001/20220921_090000.WAV,Telephone Field,recover-20220922,001,1795
1290.7315,1290.746,22031,24973,Nyctalus leisleri,0.016,0.024,-1,Echolocation,/mnt/ubna_data_02_mir/recover-20220922/UBNA_001/20220921_090000.WAV,Telephone Field,recover-20220922,001,1795
1290.7595,1290.7971,68437,82397,Rhinolophus ferrumequinum,0.023,0.023,-1,Echolocation,/mnt/ubna_data_02_mir/recover-20220922/UBNA_001/20220921_090000.WAV,Telephone Field,recover-20220922,001,1795
1290.7855,1290.8231,68437,81945,Rhinolophus ferrumequinum,0.022,0.022,-1,Echolocation,/mnt/ubna_data_02_mir/recover-20220922/UBNA_001/20220921_090000.WAV,Telephone Field,recover-20220922,001,1795
1290.7905,1290.7981,26328,38943,Eptesicus serotinus,0.006,0.021,-1,Echolocation,/mnt/ubna_data_02_mir/recover-20220922/UBNA_001/20220921_090000.WAV,Telephone Field,recover-20220922,001,1795
1290.8325,1290.8426,27187,35026,Eptesicus serotinus,0.011,0.023,-1,Echolocation,/mnt/ubna_data_02_mir/recover-20220922/UBNA_001/20220921_090000.WAV,Telephone Field,recover-20220922,001,1795
1290.8335,1290.8724,68437,81719,Rhinolophus ferrumequinum,0.022,0.022,-1,Echolocation,/mnt/ubna_data_02_mir/recover-20220922/UBNA_001/20220921_090000.WAV,Telephone Field,recover-20220922,001,1795
1290.8925,1290.9318,68437,81737,Rhinolophus ferrumequinum,0.022,0.022,-1,Echolocation,/mnt/ubna_data_02_mir/recover-20220922/UBNA_001/20220921_090000.WAV,Telephone Field,recover-20220922,001,1795
1290.9255,1290.9702,68437,83258,Rhinolophus ferrumequinum,0.059,0.059,-1,Echolocation,/mnt/ubna_data_02_mir/recover-20220922/UBNA_001/20220921_090000.WAV,Telephone Field,recover-20220922,001,1795
1290.9335,1290.9416,28906,37941,Eptesicus serotinus,0.009,0.026,-1,Echolocation,/mnt/ubna_data_02_mir/recover-20220922/UBNA_001/20220921_090000.WAV,Telephone Field,recover-20220922,001,1795
1290.9465,1290.9843,68437,81750,Rhinolophus ferrumequinum,0.022,0.022,-1,Echolocation,/mnt/ubna_data_02_mir/recover-20220922/UBNA_001/20220921_090000.WAV,Telephone Field,recover-20220922,001,1795
1290.9705,1290.9806,25468,32148,Nyctalus leisleri,0.01,0.03,-1,Echolocation,/mnt/ubna_data_02_mir/recover-20220922/UBNA_001/20220921_090000.WAV,Telephone Field,recover-20220922,001,1795
1290.9725,1291.0099,68437,82001,Rhinolophus ferrumequinum,0.026,0.026,-1,Echolocation,/mnt/ubna_data_02_mir/recover-20220922/UBNA_001/20220921_090000.WAV,Telephone Field,recover-20220922,001,1795
1290.9815,1291.02,68437,82012,Rhinolophus ferrumequinum,0.023,0.023,-1,Echolocation,/mnt/ubna_data_02_mir/recover-20220922/UBNA_001/20220921_090000.WAV,Telephone Field,recover-20220922,001,1795
1290.9935,1291.0288,68437,81245,Rhinolophus ferrumequinum,0.021,0.021,-1,Echolocation,/mnt/ubna_data_02_mir/recover-20220922/UBNA_001/20220921_090000.WAV,Telephone Field,recover-20220922,001,1795
1291.0045,1291.0392,68437,80746,Rhinolophus ferrumequinum,0.027,0.027,-1,Echolocation,/mnt/ubna_data_02_mir/recover-20220922/UBNA_001/20220921_090000.WAV,Telephone Field,recover-20220922,001,1795
1291.0145,1291.0524,68437,82424,Rhinolophus ferrumequinum,0.042,0.042,-1,Echolocation,/mnt/ubna_data_02_mir/recover-20220922/UBNA_001/20220921_090000.WAV,Telephone Field,recover-20220922,001,1795
1291.0255,1291.0647,68437,82353,Rhinolophus ferrumequinum,0.023,0.023,-1,Echolocation,/mnt/ubna_data_02_mir/recover-20220922/UBNA_001/20220921_090000.WAV,Telephone Field,recover-20220922,001,1795
1291.0615,1291.104,68437,82842,Rhinolophus ferrumequinum,0.035,0.035,-1,Echolocation,/mnt/ubna_data_02_mir/recover-20220922/UBNA_001/20220921_090000.WAV,Telephone Field,recover-20220922,001,1795
1291.0655,1291.0732,26328,36446,Eptesicus serotinus,0.007,0.021,-1,Echolocation,/mnt/ubna_data_02_mir/recover-20220922/UBNA_001/20220921_090000.WAV,Telephone Field,recover-20220922,001,1795
1291.0855,1291.1256,68437,82291,Rhinolophus ferrumequinum,0.022,0.022,-1,Echolocation,/mnt/ubna_data_02_mir/recover-20220922/UBNA_001/20220921_090000.WAV,Telephone Field,recover-20220922,001,1795
1291.0855,1291.0948,28046,36442,Eptesicus serotinus,0.008,0.023,-1,Echolocation,/mnt/ubna_data_02_mir/recover-20220922/UBNA_001/20220921_090000.WAV,Telephone Field,recover-20220922,001,1795
1291.1185,1291.1258,25468,35142,Plecotus austriacus,0.007,0.024,-1,Echolocation,/mnt/ubna_data_02_mir/recover-20220922/UBNA_001/20220921_090000.WAV,Telephone Field,recover-20220922,001,1795
1291.1375,1291.1755,68437,81323,Rhinolophus ferrumequinum,0.024,0.024,-1,Echolocation,/mnt/ubna_data_02_mir/recover-20220922/UBNA_001/20220921_090000.WAV,Telephone Field,recover-20220922,001,1795
1291.1675,1291.2024,68437,81436,Rhinolophus ferrumequinum,0.024,0.024,-1,Echolocation,/mnt/ubna_data_02_mir/recover-20220922/UBNA_001/20220921_090000.WAV,Telephone Field,recover-20220922,001,1795
1291.1785,1291.1886,22031,27051,Nyctalus leisleri,0.009,0.021,-1,Echolocation,/mnt/ubna_data_02_mir/recover-20220922/UBNA_001/20220921_090000.WAV,Telephone Field,recover-20220922,001,1795
1291.2075,1291.2456,68437,82162,Rhinolophus ferrumequinum,0.027,0.027,-1,Echolocation,/mnt/ubna_data_02_mir/recover-20220922/UBNA_001/20220921_090000.WAV,Telephone Field,recover-20220922,001,1795
1291.2335,1291.2682,68437,81063,Rhinolophus ferrumequinum,0.021,0.021,-1,Echolocation,/mnt/ubna_data_02_mir/recover-20220922/UBNA_001/20220921_090000.WAV,Telephone Field,recover-20220922,001,1795
1291.2525,1291.2937,68437,82455,Rhinolophus ferrumequinum,0.027,0.027,-1,Echolocation,/mnt/ubna_data_02_mir/recover-20220922/UBNA_001/20220921_090000.WAV,Telephone Field,recover-20220922,001,1795
1291.2775,1291.314,68437,81578,Rhinolophus ferrumequinum,0.023,0.023,-1,Echolocation,/mnt/ubna_data_02_mir/recover-20220922/UBNA_001/20220921_090000.WAV,Telephone Field,recover-20220922,001,1795
1291.2855,1291.322,68437,81663,Rhinolophus ferrumequinum,0.022,0.022,-1,Echolocation,/mnt/ubna_data_02_mir/recover-20220922/UBNA_001/20220921_090000.WAV,Telephone Field,recover-20220922,001,1795
1291.3025,1291.3411,68437,82019,Rhinolophus ferrumequinum,0.023,0.023,-1,Echolocation,/mnt/ubna_data_02_mir/recover-20220922/UBNA_001/20220921_090000.WAV,Telephone Field,recover-20220922,001,1795
1291.3095,1291.3167,28046,39086,Eptesicus serotinus,0.006,0.024,-1,Echolocation,/mnt/ubna_data_02_mir/recover-20220922/UBNA_001/20220921_090000.WAV,Telephone Field,recover-20220922,001,1795
1291.3165,1291.3532,68437,81208,Rhinolophus ferrumequinum,0.025,0.025,-1,Echolocation,/mnt/ubna_data_02_mir/recover-20220922/UBNA_001/20220921_090000.WAV,Telephone Field,recover-20220922,001,1795
1291.3465,1291.3841,68437,82338,Rhinolophus ferrumequinum,0.03,0.03,-1,Echolocation,/mnt/ubna_data_02_mir/recover-20220922/UBNA_001/20220921_090000.WAV,Telephone Field,recover-20220922,001,1795
1291.3525,1291.3622,22031,27559,Nyctalus leisleri,0.008,0.024,-1,Echolocation,/mnt/ubna_data_02_mir/recover-20220922/UBNA_001/20220921_090000.WAV,Telephone Field,recover-20220922,001,1795
1291.3625,1291.4019,68437,82078,Rhinolophus ferrumequinum,0.022,0.022,-1,Echolocation,/mnt/ubna_data_02_mir/recover-20220922/UBNA_001/20220921_090000.WAV,Telephone Field,recover-20220922,001,1795
1291.3725,1291.4105,68437,82148,Rhinolophus ferrumequinum,0.023,0.023,-1,Echolocation,/mnt/ubna_data_02_mir/recover-20220922/UBNA_001/20220921_090000.WAV,Telephone Field,recover-20220922,001,1795
1291.4065,1291.4451,68437,82018,Rhinolophus ferrumequinum,0.021,0.021,-1,Echolocation,/mnt/ubna_data_02_mir/recover-20220922/UBNA_001/20220921_090000.WAV,Telephone Field,recover-20220922,001,1795
1291.4225,1291.4312,28046,36369,Eptesicus serotinus,0.007,0.021,-1,Echolocation,/mnt/ubna_data_02_mir/recover-20220922/UBNA_001/20220921_090000.WAV,Telephone Field,recover-20220922,001,1795
1291.4415,1291.4808,68437,82111,Rhinolophus ferrumequinum,0.022,0.022,-1,Echolocation,/mnt/ubna_data_02_mir/recover-20220922/UBNA_001/20220921_090000.WAV,Telephone Field,recover-20220922,001,1795
1291.4665,1291.4753,28046,38228,Eptesicus serotinus,0.008,0.026,-1,Echolocation,/mnt/ubna_data_02_mir/recover-20220922/UBNA_001/20220921_090000.WAV,Telephone Field,recover-20220922,001,1795
1291.4675,1291.5075,68437,82308,Rhinolophus ferrumequinum,0.021,0.021,-1,Echolocation,/mnt/ubna_data_02_mir/recover-20220922/UBNA_001/20220921_090000.WAV,Telephone Field,recover-20220922,001,1795
1291.4785,1291.5203,68437,82468,Rhinolophus ferrumequinum,0.025,0.025,-1,Echolocation,/mnt/ubna_data_02_mir/recover-20220922/UBNA_001/20220921_090000.WAV,Telephone Field,recover-20220922,001,1795
1291.4905,1291.5309,68437,82887,Rhinolophus ferrumequinum,0.025,0.025,-1,Echolocation,/mnt/ubna_data_02_mir/recover-20220922/UBNA_001/20220921_090000.WAV,Telephone Field,recover-20220922,001,1795
1291.5065,1291.5172,22890,27768,Nyctalus leisleri,0.011,0.024,-1,Echolocation,/mnt/ubna_data_02_mir/recover-20220922/UBNA_001/20220921_090000.WAV,Telephone Field,recover-20220922,001,1795
1291.5075,1291.5466,68437,82248,Rhinolophus ferrumequinum,0.023,0.023,-1,Echolocation,/mnt/ubna_data_02_mir/recover-20220922/UBNA_001/20220921_090000.WAV,Telephone Field,recover-20220922,001,1795
1291.5195,1291.5277,23750,31384,Plecotus austriacus,0.008,0.023,-1,Echolocation,/mnt/ubna_data_02_mir/recover-20220922/UBNA_001/20220921_090000.WAV,Telephone Field,recover-20220922,001,1795
1291.5335,1291.5707,68437,81978,Rhinolophus ferrumequinum,0.024,0.024,-1,Echolocation,/mnt/ubna_data_02_mir/recover-20220922/UBNA_001/20220921_090000.WAV,Telephone Field,recover-20220922,001,1795
1291.5555,1291.5944,68437,82243,Rhinolophus ferrumequinum,0.026,0.026,-1,Echolocation,/mnt/ubna_data_02_mir/recover-20220922/UBNA_001/20220921_090000.WAV,Telephone Field,recover-20220922,001,1795
1291.5975,1291.6358,68437,81930,Rhinolophus ferrumequinum,0.025,0.025,-1,Echolocation,/mnt/ubna_data_02_mir/recover-20220922/UBNA_001/20220921_090000.WAV,Telephone Field,recover-20220922,001,1795
1291.6115,1291.6515,68437,82786,Rhinolophus ferrumequinum,0.023,0.024,-1,Echolocation,/mnt/ubna_data_02_mir/recover-20220922/UBNA_001/20220921_090000.WAV,Telephone Field,recover-20220922,001,1795
1291.6195,1291.6291,54687,59242,Pipistrellus pygmaeus,0.021,0.022,-1,Echolocation,/mnt/ubna_data_02_mir/recover-20220922/UBNA_001/20220921_090000.WAV,Telephone Field,recover-20220922,001,1795
1291.6295,1291.6686,68437,82319,Rhinolophus ferrumequinum,0.021,0.021,-1,Echolocation,/mnt/ubna_data_02_mir/recover-20220922/UBNA_001/20220921_090000.WAV,Telephone Field,recover-20220922,001,1795
1291.6485,1291.6841,68437,81010,Rhinolophus ferrumequinum,0.021,0.021,-1,Echolocation,/mnt/ubna_data_02_mir/recover-20220922/UBNA_001/20220921_090000.WAV,Telephone Field,recover-20220922,001,1795
1291.6525,1291.6606,28906,38549,Eptesicus serotinus,0.006,0.021,-1,Echolocation,/mnt/ubna_data_02_mir/recover-20220922/UBNA_001/20220921_090000.WAV,Telephone Field,recover-20220922,001,1795
1291.6575,1291.6952,68437,81597,Rhinolophus ferrumequinum,0.021,0.021,-1,Echolocation,/mnt/ubna_data_02_mir/recover-20220922/UBNA_001/20220921_090000.WAV,Telephone Field,recover-20220922,001,1795
1291.6865,1291.7236,68437,81695,Rhinolophus ferrumequinum,0.022,0.022,-1,Echolocation,/mnt/ubna_data_02_mir/recover-20220922/UBNA_001/20220921_090000.WAV,Telephone Field,recover-20220922,001,1795
1291.7135,1291.7525,68437,82040,Rhinolophus ferrumequinum,0.026,0.026,-1,Echolocation,/mnt/ubna_data_02_mir/recover-20220922/UBNA_001/20220921_090000.WAV,Telephone Field,recover-20220922,001,1795
1291.7305,1291.7391,28906,37219,Eptesicus serotinus,0.006,0.021,-1,Echolocation,/mnt/ubna_data_02_mir/recover-20220922/UBNA_001/20220921_090000.WAV,Telephone Field,recover-20220922,001,1795
1291.7355,1291.7713,68437,81546,Rhinolophus ferrumequinum,0.023,0.023,-1,Echolocation,/mnt/ubna_data_02_mir/recover-20220922/UBNA_001/20220921_090000.WAV,Telephone Field,recover-20220922,001,1795
1291.7505,1291.7861,68437,82115,Rhinolophus ferrumequinum,0.022,0.022,-1,Echolocation,/mnt/ubna_data_02_mir/recover-20220922/UBNA_001/20220921_090000.WAV,Telephone Field,recover-20220922,001,1795
1291.7725,1291.8086,68437,81919,Rhinolophus ferrumequinum,0.021,0.021,-1,Echolocation,/mnt/ubna_data_02_mir/recover-20220922/UBNA_001/20220921_090000.WAV,Telephone Field,recover-20220922,001,1795
1291.7895,1291.8006,23750,29099,Nyctalus leisleri,0.012,0.025,-1,Echolocation,/mnt/ubna_data_02_mir/recover-20220922/UBNA_001/20220921_090000.WAV,Telephone Field,recover-20220922,001,1795
1291.8015,1291.8399,68437,81980,Rhinolophus ferrumequinum,0.022,0.022,-1,Echolocation,/mnt/ubna_data_02_mir/recover-20220922/UBNA_001/20220921_090000.WAV,Telephone Field,recover-20220922,001,1795
1291.8225,1291.8306,28906,38160,Eptesicus serotinus,0.007,0.021,-1,Echolocation,/mnt/ubna_data_02_mir/recover-20220922/UBNA_001/20220921_090000.WAV,Telephone Field,recover-20220922,001,1795
1291.8815,1291.8884,24609,33450,Plecotus austriacus,0.008,0.024,-1,Echolocation,/mnt/ubna_data_02_mir/recover-20220922/UBNA_001/20220921_090000.WAV,Telephone Field,recover-20220922,001,1795
1291.8955,1291.9337,68437,82172,Rhinolophus ferrumequinum,0.021,0.021,-1,Echolocation,/mnt/ubna_data_02_mir/recover-20220922/UBNA_001/20220921_090000.WAV,Telephone Field,recover-20220922,001,1795
1291.9055,1291.9133,23750,32452,Plecotus austriacus,0.01,0.023,-1,Echolocation,/mnt/ubna_data_02_mir/recover-20220922/UBNA_001/20220921_090000.WAV,Telephone Field,recover-20220922,001,1795
1291.9075,1291.9157,28906,37175,Eptesicus serotinus,0.007,0.023,-1,Echolocation,/mnt/ubna_data_02_mir/recover-20220922/UBNA_001/20220921_090000.WAV,Telephone Field,recover-20220922,001,1795
1291.9355,1291.9765,68437,82750,Rhinolophus ferrumequinum,0.031,0.031,-1,Echolocation,/mnt/ubna_data_02_mir/recover-20220922/UBNA_001/20220921_090000.WAV,Telephone Field,recover-20220922,001,1795
1291.9445,1291.9846,68437,82414,Rhinolophus ferrumequinum,0.025,0.025,-1,Echolocation,/mnt/ubna_data_02_mir/recover-20220922/UBNA_001/20220921_090000.WAV,Telephone Field,recover-20220922,001,1795
1291.9525,1291.9702,21171,24442,Nyctalus leisleri,0.017,0.028,-1,Echolocation,/mnt/ubna_data_02_mir/recover-20220922/UBNA_001/20220921_090000.WAV,Telephone Field,recover-20220922,001,1795
1291.9635,1291.9734,24609,31038,Nyctalus leisleri,0.009,0.023,-1,Echolocation,/mnt/ubna_data_02_mir/recover-20220922/UBNA_001/20220921_090000.WAV,Telephone Field,recover-20220922,001,1795
1292.0015,1292.0348,68437,79722,Rhinolophus ferrumequinum,0.028,0.028,-1,Echolocation,/mnt/ubna_data_02_mir/recover-20220922/UBNA_001/20220921_090000.WAV,Telephone Field,recover-20220922,001,1795
1292.0015,1292.0103,27187,36351,Eptesicus serotinus,0.007,0.024,-1,Echolocation,/mnt/ubna_data_02_mir/recover-20220922/UBNA_001/20220921_090000.WAV,Telephone Field,recover-20220922,001,1795
1292.0075,1292.051,68437,81811,Rhinolophus ferrumequinum,0.024,0.024,-1,Echolocation,/mnt/ubna_data_02_mir/recover-20220922/UBNA_001/20220921_090000.WAV,Telephone Field,recover-20220922,001,1795
1292.0205,1292.06,68437,82647,Rhinolophus ferrumequinum,0.023,0.023,-1,Echolocation,/mnt/ubna_data_02_mir/recover-20220922/UBNA_001/20220921_090000.WAV,Telephone Field,recover-20220922,001,1795
1292.0295,1292.0399,24609,31384,Eptesicus serotinus,0.011,0.028,-1,Echolocation,/mnt/ubna_data_02_mir/recover-20220922/UBNA_001/20220921_090000.WAV,Telephone Field,recover-20220922,001,1795
1292.0635,1292.0715,47812,52925,Pipistrellus pipistrellus,0.026,0.028,-1,Echolocation,/mnt/ubna_data_02_mir/recover-20220922/UBNA_001/20220921_090000.WAV,Telephone Field,recover-20220922,001,1795
1292.0665,1292.0765,27187,36627,Eptesicus serotinus,0.01,0.024,-1,Echolocation,/mnt/ubna_data_02_mir/recover-20220922/UBNA_001/20220921_090000.WAV,Telephone Field,recover-20220922,001,1795
1292.0815,1292.1229,68437,83084,Rhinolophus ferrumequinum,0.022,0.022,-1,Echolocation,/mnt/ubna_data_02_mir/recover-20220922/UBNA_001/20220921_090000.WAV,Telephone Field,recover-20220922,001,1795
1292.1035,1292.1409,68437,82149,Rhinolophus ferrumequinum,0.025,0.025,-1,Echolocation,/mnt/ubna_data_02_mir/recover-20220922/UBNA_001/20220921_090000.WAV,Telephone Field,recover-20220922,001,1795
1292.1435,1292.1568,15156,20328,Nyctalus noctula,0.017,0.027,-1,Echolocation,/mnt/ubna_data_02_mir/recover-20220922/UBNA_001/20220921_090000.WAV,Telephone Field,recover-20220922,001,1795
1292.1465,1292.1575,23750,30058,Nyctalus leisleri,0.009,0.024,-1,Echolocation,/mnt/ubna_data_02_mir/recover-20220922/UBNA_001/20220921_090000.WAV,Telephone Field,recover-20220922,001,1795
1292.1825,1292.2147,68437,80893,Rhinolophus ferrumequinum,0.022,0.022,-1,Echolocation,/mnt/ubna_data_02_mir/recover-20220922/UBNA_001/20220921_090000.WAV,Telephone Field,recover-20220922,001,1795
1292.2015,1292.2098,22890,30375,Plecotus austriacus,0.011,0.025,-1,Echolocation,/mnt/ubna_data_02_mir/recover-20220922/UBNA_001/20220921_090000.WAV,Telephone Field,recover-20220922,001,1795
1292.2605,1292.2987,68437,81878,Rhinolophus ferrumequinum,0.03,0.031,-1,Echolocation,/mnt/ubna_data_02_mir/recover-20220922/UBNA_001/20220921_090000.WAV,Telephone Field,recover-20220922,001,1795
1292.2865,1292.2943,27187,40297,Eptesicus serotinus,0.007,0.022,-1,Echolocation,/mnt/ubna_data_02_mir/recover-20220922/UBNA_001/20220921_090000.WAV,Telephone Field,recover-20220922,001,1795
1292.2965,1292.305,26328,34415,Eptesicus serotinus,0.008,0.025,-1,Echolocation,/mnt/ubna_data_02_mir/recover-20220922/UBNA_001/20220921_090000.WAV,Telephone Field,recover-20220922,001,1795
1292.3075,1292.3485,68437,82616,Rhinolophus ferrumequinum,0.035,0.035,-1,Echolocation,/mnt/ubna_data_02_mir/recover-20220922/UBNA_001/20220921_090000.WAV,Telephone Field,recover-20220922,001,1795
1292.3265,1292.3339,27187,40757,Eptesicus serotinus,0.007,0.022,-1,Echolocation,/mnt/ubna_data_02_mir/recover-20220922/UBNA_001/20220921_090000.WAV,Telephone Field,recover-20220922,001,1795
1292.3425,1292.3841,68437,82754,Rhinolophus ferrumequinum,0.023,0.023,-1,Echolocation,/mnt/ubna_data_02_mir/recover-20220922/UBNA_001/20220921_090000.WAV,Telephone Field,recover-20220922,001,1795
1292.4115,1292.4267,20312,24381,Nyctalus leisleri,0.013,0.03,-1,Echolocation,/mnt/ubna_data_02_mir/recover-20220922/UBNA_001/20220921_090000.WAV,Telephone Field,recover-20220922,001,1795
1292.4145,1292.4554,68437,82512,Rhinolophus ferrumequinum,0.024,0.024,-1,Echolocation,/mnt/ubna_data_02_mir/recover-20220922/UBNA_001/20220921_090000.WAV,Telephone Field,recover-20220922,001,1795
1292.4765,1292.5142,68437,81726,Rhinolophus ferrumequinum,0.026,0.026,-1,Echolocation,/mnt/ubna_data_02_mir/recover-20220922/UBNA_001/20220921_090000.WAV,Telephone Field,recover-20220922,001,1795
1292.5295,1292.5753,68437,83353,Rhinolophus ferrumequinum,0.043,0.043,-1,Echolocation,/mnt/ubna_data_02_mir/recover-20220922/UBNA_001/20220921_090000.WAV,Telephone Field,recover-20220922,001,1795
1292.5675,1292.5794,24609,30035,Nyctalus leisleri,0.015,0.033,-1,Echolocation,/mnt/ubna_data_02_mir/recover-20220922/UBNA_001/20220921_090000.WAV,Telephone Field,recover-20220922,001,1795
1292.5915,1292.6288,68437,82371,Rhinolophus ferrumequinum,0.023,0.024,-1,Echolocation,/mnt/ubna_data_02_mir/recover-20220922/UBNA_001/20220921_090000.WAV,Telephone Field,recover-20220922,001,1795
1292.6055,1292.6278,19453,22180,Nyctalus leisleri,0.012,0.025,-1,Echolocation,/mnt/ubna_data_02_mir/recover-20220922/UBNA_001/20220921_090000.WAV,Telephone Field,recover-20220922,001,1795
1292.6265,1292.6373,28906,35653,Eptesicus serotinus,0.013,0.027,-1,Echolocation,/mnt/ubna_data_02_mir/recover-20220922/UBNA_001/20220921_090000.WAV,Telephone Field,recover-20220922,001,1795
1292.6385,1292.6556,15156,18175,Nyctalus noctula,0.017,0.029,-1,Echolocation,/mnt/ubna_data_02_mir/recover-20220922/UBNA_001/20220921_090000.WAV,Telephone Field,recover-20220922,001,1795
1292.6495,1292.687,68437,81985,Rhinolophus ferrumequinum,0.024,0.024,-1,Echolocation,/mnt/ubna_data_02_mir/recover-20220922/UBNA_001/20220921_090000.WAV,Telephone Field,recover-20220922,001,1795
1292.6675,1292.7056,68437,82066,Rhinolophus ferrumequinum,0.022,0.022,-1,Echolocation,/mnt/ubna_data_02_mir/recover-20220922/UBNA_001/20220921_090000.WAV,Telephone Field,recover-20220922,001,1795
1292.7455,1292.7815,68437,80634,Rhinolophus ferrumequinum,0.024,0.024,-1,Echolocation,/mnt/ubna_data_02_mir/recover-20220922/UBNA_001/20220921_090000.WAV,Telephone Field,recover-20220922,001,1795
1292.7525,1292.7871,68437,80748,Rhinolophus ferrumequinum,0.022,0.022,-1,Echolocation,/mnt/ubna_data_02_mir/recover-20220922/UBNA_001/20220921_090000.WAV,Telephone Field,recover-20220922,001,1795
1292.7635,1292.8001,68437,82061,Rhinolophus ferrumequinum,0.025,0.025,-1,Echolocation,/mnt/ubna_data_02_mir/recover-20220922/UBNA_001/20220921_090000.WAV,Telephone Field,recover-20220922,001,1795
1292.7705,1292.7826,33203,39090,Eptesicus serotinus,0.007,0.025,-1,Echolocation,/mnt/ubna_data_02_mir/recover-20220922/UBNA_001/20220921_090000.WAV,Telephone Field,recover-20220922,001,1795
1292.7825,1292.8189,68437,81382,Rhinolophus ferrumequinum,0.022,0.022,-1,Echolocation,/mnt/ubna_data_02_mir/recover-20220922/UBNA_001/20220921_090000.WAV,Telephone Field,recover-20220922,001,1795
1292.7925,1292.8268,68437,81391,Rhinolophus ferrumequinum,0.026,0.026,-1,Echolocation,/mnt/ubna_data_02_mir/recover-20220922/UBNA_001/20220921_090000.WAV,Telephone Field,recover-20220922,001,1795
1292.8115,1292.848,68437,81716,Rhinolophus ferrumequinum,0.022,0.022,-1,Echolocation,/mnt/ubna_data_02_mir/recover-20220922/UBNA_001/20220921_090000.WAV,Telephone Field,recover-20220922,001,1795
1292.8235,1292.8296,28046,39587,Eptesicus serotinus,0.016,0.06,-1,Echolocation,/mnt/ubna_data_02_mir/recover-20220922/UBNA_001/20220921_090000.WAV,Telephone Field,recover-20220922,001,1795
1292.8515,1292.8588,28906,40450,Eptesicus serotinus,0.007,0.024,-1,Echolocation,/mnt/ubna_data_02_mir/recover-20220922/UBNA_001/20220921_090000.WAV,Telephone Field,recover-20220922,001,1795
1292.9015,1292.9413,68437,82487,Rhinolophus ferrumequinum,0.028,0.028,-1,Echolocation,/mnt/ubna_data_02_mir/recover-20220922/UBNA_001/20220921_090000.WAV,Telephone Field,recover-20220922,001,1795
1292.9135,1292.9218,28046,37520,Eptesicus serotinus,0.007,0.022,-1,Echolocation,/mnt/ubna_data_02_mir/recover-20220922/UBNA_001/20220921_090000.WAV,Telephone Field,recover-20220922,001,1795
1292.9265,1292.966,68437,82569,Rhinolophus ferrumequinum,0.022,0.022,-1,Echolocation,/mnt/ubna_data_02_mir/recover-20220922/UBNA_001/20220921_090000.WAV,Telephone Field,recover-20220922,001,1795
1292.9675,1293.0039,68437,82288,Rhinolophus ferrumequinum,0.022,0.022,-1,Echolocation,/mnt/ubna_data_02_mir/recover-20220922/UBNA_001/20220921_090000.WAV,Telephone Field,recover-20220922,001,1795
1293.0075,1293.0401,68437,80618,Rhinolophus ferrumequinum,0.024,0.024,-1,Echolocation,/mnt/ubna_data_02_mir/recover-20220922/UBNA_001/20220921_090000.WAV,Telephone Field,recover-20220922,001,1795
1293.0345,1293.0736,68437,82223,Rhinolophus ferrumequinum,0.038,0.039,-1,Echolocation,/mnt/ubna_data_02_mir/recover-20220922/UBNA_001/20220921_090000.WAV,Telephone Field,recover-20220922,001,1795
1293.0445,1293.0529,28046,40984,Eptesicus serotinus,0.009,0.024,-1,Echolocation,/mnt/ubna_data_02_mir/recover-20220922/UBNA_001/20220921_090000.WAV,Telephone Field,recover-20220922,001,1795
1293.0915,1293.1275,68437,81728,Rhinolophus ferrumequinum,0.022,0.022,-1,Echolocation,/mnt/ubna_data_02_mir/recover-20220922/UBNA_001/20220921_090000.WAV,Telephone Field,recover-20220922,001,1795
1293.0925,1293.1025,28906,37409,Eptesicus serotinus,0.011,0.026,-1,Echolocation,/mnt/ubna_data_02_mir/recover-20220922/UBNA_001/20220921_090000.WAV,Telephone Field,recover-20220922,001,1795
1293.1135,1293.1532,68437,82869,Rhinolophus ferrumequinum,0.033,0.033,-1,Echolocation,/mnt/ubna_data_02_mir/recover-20220922/UBNA_001/20220921_090000.WAV,Telephone Field,recover-20220922,001,1795
1293.1405,1293.1797,68437,82327,Rhinolophus ferrumequinum,0.024,0.024,-1,Echolocation,/mnt/ubna_data_02_mir/recover-20220922/UBNA_001/20220921_090000.WAV,Telephone Field,recover-20220922,001,1795
1293.1475,1293.1576,23750,29469,Nyctalus leisleri,0.01,0.023,-1,Echolocation,/mnt/ubna_data_02_mir/recover-20220922/UBNA_001/20220921_090000.WAV,Telephone Field,recover-20220922,001,1795
1293.1495,1293.1899,68437,82247,Rhinolophus ferrumequinum,0.023,0.023,-1,Echolocation,/mnt/ubna_data_02_mir/recover-20220922/UBNA_001/20220921_090000.WAV,Telephone Field,recover-20220922,001,1795
1293.1625,1293.1727,27187,35708,Eptesicus serotinus,0.01,0.023,-1,Echolocation,/mnt/ubna_data_02_mir/recover-20220922/UBNA_001/20220921_090000.WAV,Telephone Field,recover-20220922,001,1795
1293.2535,1293.2969,68437,83516,Rhinolophus ferrumequinum,0.033,0.033,-1,Echolocation,/mnt/ubna_data_02_mir/recover-20220922/UBNA_001/20220921_090000.WAV,Telephone Field,recover-20220922,001,1795
1293.2855,1293.2946,28906,39223,Eptesicus serotinus,0.012,0.029,-1,Echolocation,/mnt/ubna_data_02_mir/recover-20220922/UBNA_001/20220921_090000.WAV,Telephone Field,recover-20220922,001,1795
1293.2955,1293.3049,28046,37411,Eptesicus serotinus,0.011,0.027,-1,Echolocation,/mnt/ubna_data_02_mir/recover-20220922/UBNA_001/20220921_090000.WAV,Telephone Field,recover-20220922,001,1795
1293.3385,1293.3757,68437,82336,Rhinolophus ferrumequinum,0.023,0.023,-1,Echolocation,/mnt/ubna_data_02_mir/recover-20220922/UBNA_001/20220921_090000.WAV,Telephone Field,recover-20220922,001,1795
1293.3405,1293.349,26328,34826,Eptesicus serotinus,0.011,0.025,-1,Echolocation,/mnt/ubna_data_02_mir/recover-20220922/UBNA_001/20220921_090000.WAV,Telephone Field,recover-20220922,001,1795
1293.3745,1293.4107,68437,81648,Rhinolophus ferrumequinum,0.031,0.031,-1,Echolocation,/mnt/ubna_data_02_mir/recover-20220922/UBNA_001/20220921_090000.WAV,Telephone Field,recover-20220922,001,1795
1293.3825,1293.4207,68437,82234,Rhinolophus ferrumequinum,0.023,0.023,-1,Echolocation,/mnt/ubna_data_02_mir/recover-20220922/UBNA_001/20220921_090000.WAV,Telephone Field,recover-20220922,001,1795
1293.4045,1293.4422,68437,82566,Rhinolophus ferrumequinum,0.034,0.034,-1,Echolocation,/mnt/ubna_data_02_mir/recover-20220922/UBNA_001/20220921_090000.WAV,Telephone Field,recover-20220922,001,1795
1293.4065,1293.4155,22890,30293,Plecotus austriacus,0.009,0.024,-1,Echolocation,/mnt/ubna_data_02_mir/recover-20220922/UBNA_001/20220921_090000.WAV,Telephone Field,recover-20220922,001,1795
1293.4215,1293.4323,23750,28393,Nyctalus leisleri,0.011,0.022,-1,Echolocation,/mnt/ubna_data_02_mir/recover-20220922/UBNA_001/20220921_090000.WAV,Telephone Field,recover-20220922,001,1795
1293.5015,1293.5405,68437,82562,Rhinolophus ferrumequinum,0.023,0.023,-1,Echolocation,/mnt/ubna_data_02_mir/recover-20220922/UBNA_001/20220921_090000.WAV,Telephone Field,recover-20220922,001,1795
1293.5375,1293.5484,28046,36731,Eptesicus serotinus,0.011,0.023,-1,Echolocation,/mnt/ubna_data_02_mir/recover-20220922/UBNA_001/20220921_090000.WAV,Telephone Field,recover-20220922,001,1795
1293.5385,1293.5803,68437,83196,Rhinolophus ferrumequinum,0.024,0.024,-1,Echolocation,/mnt/ubna_data_02_mir/recover-20220922/UBNA_001/20220921_090000.WAV,Telephone Field,recover-20220922,001,1795
1293.5735,1293.6093,68437,81827,Rhinolophus ferrumequinum,0.022,0.022,-1,Echolocation,/mnt/ubna_data_02_mir/recover-20220922/UBNA_001/20220921_090000.WAV,Telephone Field,recover-20220922,001,1795
1293.5805,1293.5915,23750,29333,Nyctalus leisleri,0.011,0.026,-1,Echolocation,/mnt/ubna_data_02_mir/recover-20220922/UBNA_001/20220921_090000.WAV,Telephone Field,recover-20220922,001,1795
1293.5855,1293.6278,68437,82453,Rhinolophus ferrumequinum,0.033,0.033,-1,Echolocation,/mnt/ubna_data_02_mir/recover-20220922/UBNA_001/20220921_090000.WAV,Telephone Field,recover-20220922,001,1795
1293.6015,1293.6094,47812,51171,Pipistrellus pipistrellus,0.022,0.023,-1,Echolocation,/mnt/ubna_data_02_mir/recover-20220922/UBNA_001/20220921_090000.WAV,Telephone Field,recover-20220922,001,1795
1293.6175,1293.6564,68437,82446,Rhinolophus ferrumequinum,0.026,0.026,-1,Echolocation,/mnt/ubna_data_02_mir/recover-20220922/UBNA_001/20220921_090000.WAV,Telephone Field,recover-20220922,001,1795
1293.6265,1293.6672,68437,82209,Rhinolophus ferrumequinum,0.022,0.022,-1,Echolocation,/mnt/ubna_data_02_mir/recover-20220922/UBNA_001/20220921_090000.WAV,Telephone Field,recover-20220922,001,1795
1293.6315,1293.6394,28046,40683,Eptesicus serotinus,0.007,0.022,-1,Echolocation,/mnt/ubna_data_02_mir/recover-20220922/UBNA_001/20220921_090000.WAV,Telephone Field,recover-20220922,001,1795
1293.6715,1293.6798,28906,38608,Eptesicus serotinus,0.007,0.024,-1,Echolocation,/mnt/ubna_data_02_mir/recover-20220922/UBNA_001/20220921_090000.WAV,Telephone Field,recover-20220922,001,1795
1293.6725,1293.7109,68437,82439,Rhinolophus ferrumequinum,0.024,0.025,-1,Echolocation,/mnt/ubna_data_02_mir/recover-20220922/UBNA_001/20220921_090000.WAV,Telephone Field,recover-20220922,001,1795
1293.7175,1293.757,68437,82030,Rhinolophus ferrumequinum,0.026,0.026,-1,Echolocation,/mnt/ubna_data_02_mir/recover-20220922/UBNA_001/20220921_090000.WAV,Telephone Field,recover-20220922,001,1795
1293.7275,1293.7374,27187,36419,Eptesicus serotinus,0.011,0.026,-1,Echolocation,/mnt/ubna_data_02_mir/recover-20220922/UBNA_001/20220921_090000.WAV,Telephone Field,recover-20220922,001,1795
1293.7525,1293.7939,68437,82989,Rhinolophus ferrumequinum,0.035,0.035,-1,Echolocation,/mnt/ubna_data_02_mir/recover-20220922/UBNA_001/20220921_090000.WAV,Telephone Field,recover-20220922,001,1795
1293.7735,1293.8103,68437,82202,Rhinolophus ferrumequinum,0.022,0.022,-1,Echolocation,/mnt/ubna_data_02_mir/recover-20220922/UBNA_001/20220921_090000.WAV,Telephone Field,recover-20220922,001,1795
1293.7905,1293.8004,23750,31381,Nyctalus leisleri,0.006,0.022,-1,Echolocation,/mnt/ubna_data_02_mir/recover-20220922/UBNA_001/20220921_090000.WAV,Telephone Field,recover-20220922,001,1795
1293.8245,1293.8334,28046,36722,Eptesicus serotinus,0.009,0.024,-1,Echolocation,/mnt/ubna_data_02_mir/recover-20220922/UBNA_001/20220921_090000.WAV,Telephone Field,recover-20220922,001,1795
1293.8475,1293.8856,68437,82125,Rhinolophus ferrumequinum,0.024,0.024,-1,Echolocation,/mnt/ubna_data_02_mir/recover-20220922/UBNA_001/20220921_090000.WAV,Telephone Field,recover-20220922,001,1795
1293.8835,1293.8957,22890,26989,Nyctalus leisleri,0.016,0.028,-1,Echolocation,/mnt/ubna_data_02_mir/recover-20220922/UBNA_001/20220921_090000.WAV,Telephone Field,recover-20220922,001,1795
1293.8835,1293.9198,68437,81065,Rhinolophus ferrumequinum,0.022,0.022,-1,Echolocation,/mnt/ubna_data_02_mir/recover-20220922/UBNA_001/20220921_090000.WAV,Telephone Field,recover-20220922,001,1795
1293.9045,1293.9161,28906,35358,Eptesicus serotinus,0.018,0.031,-1,Echolocation,/mnt/ubna_data_02_mir/recover-20220922/UBNA_001/20220921_090000.WAV,Telephone Field,recover-20220922,001,1795
1293.9285,1293.9666,68437,82017,Rhinolophus ferrumequinum,0.022,0.022,-1,Echolocation,/mnt/ubna_data_02_mir/recover-20220922/UBNA_001/20220921_090000.WAV,Telephone Field,recover-20220922,001,1795
1293.9435,1293.9497,28046,39137,Eptesicus serotinus,0.012,0.04,-1,Echolocation,/mnt/ubna_data_02_mir/recover-20220922/UBNA_001/20220921_090000.WAV,Telephone Field,recover-20220922,001,1795
1293.9455,1293.986,68437,82578,Rhinolophus ferrumequinum,0.025,0.025,-1,Echolocation,/mnt/ubna_data_02_mir/recover-20220922/UBNA_001/20220921_090000.WAV,Telephone Field,recover-20220922,001,1795
1293.9545,1293.9924,68437,82670,Rhinolophus ferrumequinum,0.022,0.022,-1,Echolocation,/mnt/ubna_data_02_mir/recover-20220922/UBNA_001/20220921_090000.WAV,Telephone Field,recover-20220922,001,1795
1294.0015,1294.01,48671,55224,Pipistrellus pipistrellus,0.017,0.026,-1,Echolocation,/mnt/ubna_data_02_mir/recover-20220922/UBNA_001/20220921_090000.WAV,Telephone Field,recover-20220922,001,1795
1294.0015,1294.0109,25468,34766,Nyctalus leisleri,0.009,0.029,-1,Echolocation,/mnt/ubna_data_02_mir/recover-20220922/UBNA_001/20220921_090000.WAV,Telephone Field,recover-20220922,001,1795
1294.0015,1294.0339,68437,79593,Rhinolophus ferrumequinum,0.036,0.037,-1,Echolocation,/mnt/ubna_data_02_mir/recover-20220922/UBNA_001/20220921_090000.WAV,Telephone Field,recover-20220922,001,1795
1294.0075,1294.0504,68437,82034,Rhinolophus ferrumequinum,0.023,0.023,-1,Echolocation,/mnt/ubna_data_02_mir/recover-20220922/UBNA_001/20220921_090000.WAV,Telephone Field,recover-20220922,001,1795
1294.0085,1294.0171,27187,36957,Eptesicus serotinus,0.007,0.021,-1,Echolocation,/mnt/ubna_data_02_mir/recover-20220922/UBNA_001/20220921_090000.WAV,Telephone Field,recover-20220922,001,1795
1294.0985,1294.1085,26328,33906,Eptesicus serotinus,0.011,0.025,-1,Echolocation,/mnt/ubna_data_02_mir/recover-20220922/UBNA_001/20220921_090000.WAV,Telephone Field,recover-20220922,001,1795
1294.1255,1294.1713,68437,83873,Rhinolophus ferrumequinum,0.049,0.049,-1,Echolocation,/mnt/ubna_data_02_mir/recover-20220922/UBNA_001/20220921_090000.WAV,Telephone Field,recover-20220922,001,1795
1294.1415,1294.1831,68437,82181,Rhinolophus ferrumequinum,0.023,0.023,-1,Echolocation,/mnt/ubna_data_02_mir/recover-20220922/UBNA_001/20220921_090000.WAV,Telephone Field,recover-20220922,001,1795
1294.1525,1294.1909,68437,82380,Rhinolophus ferrumequinum,0.026,0.027,-1,Echolocation,/mnt/ubna_data_02_mir/recover-20220922/UBNA_001/20220921_090000.WAV,Telephone Field,recover-20220922,001,1795
1294.1915,1294.2312,68437,82339,Rhinolophus ferrumequinum,0.024,0.024,-1,Echolocation,/mnt/ubna_data_02_mir/recover-20220922/UBNA_001/20220921_090000.WAV,Telephone Field,recover-20220922,001,1795
1294.2105,1294.2175,49531,53855,Pipistrellus pipistrellus,0.02,0.022,-1,Echolocation,/mnt/ubna_data_02_mir/recover-20220922/UBNA_001/20220921_090000.WAV,Telephone Field,recover-20220922,001,1795
1294.2225,1294.2317,28046,42881,Eptesicus serotinus,0.01,0.024,-1,Echolocation,/mnt/ubna_data_02_mir/recover-20220922/UBNA_001/20220921_090000.WAV,Telephone Field,recover-20220922,001,1795
1294.2815,1294.2926,28046,34948,Eptesicus serotinus,0.016,0.028,-1,Echolocation,/mnt/ubna_data_02_mir/recover-20220922/UBNA_001/20220921_090000.WAV,Telephone Field,recover-20220922,001,1795
1294.3065,1294.3443,68437,81587,Rhinolophus ferrumequinum,0.021,0.021,-1,Echolocation,/mnt/ubna_data_02_mir/recover-20220922/UBNA_001/20220921_090000.WAV,Telephone Field,recover-20220922,001,1795
1294.3245,1294.335,23750,28906,Nyctalus leisleri,0.01,0.021,-1,Echolocation,/mnt/ubna_data_02_mir/recover-20220922/UBNA_001/20220921_090000.WAV,Telephone Field,recover-20220922,001,1795
1294.3635,1294.4015,68437,81745,Rhinolophus ferrumequinum,0.022,0.022,-1,Echolocation,/mnt/ubna_data_02_mir/recover-20220922/UBNA_001/20220921_090000.WAV,Telephone Field,recover-20220922,001,1795
1294.3635,1294.3738,23750,30324,Nyctalus leisleri,0.008,0.023,-1,Echolocation,/mnt/ubna_data_02_mir/recover-20220922/UBNA_001/20220921_090000.WAV,Telephone Field,recover-20220922,001,1795
1294.3895,1294.4031,23750,29422,Nyctalus leisleri,0.011,0.027,-1,Echolocation,/mnt/ubna_data_02_mir/recover-20220922/UBNA_001/20220921_090000.WAV,Telephone Field,recover-20220922,001,1795
1294.3945,1294.4352,68437,82338,Rhinolophus ferrumequinum,0.022,0.022,-1,Echolocation,/mnt/ubna_data_02_mir/recover-20220922/UBNA_001/20220921_090000.WAV,Telephone Field,recover-20220922,001,1795
1294.4025,1294.4395,68437,81902,Rhinolophus ferrumequinum,0.022,0.022,-1,Echolocation,/mnt/ubna_data_02_mir/recover-20220922/UBNA_001/20220921_090000.WAV,Telephone Field,recover-20220922,001,1795
1294.4125,1294.452,68437,82414,Rhinolophus ferrumequinum,0.021,0.021,-1,Echolocation,/mnt/ubna_data_02_mir/recover-20220922/UBNA_001/20220921_090000.WAV,Telephone Field,recover-20220922,001,1795
1294.4365,1294.4764,68437,82583,Rhinolophus ferrumequinum,0.022,0.022,-1,Echolocation,/mnt/ubna_data_02_mir/recover-20220922/UBNA_001/20220921_090000.WAV,Telephone Field,recover-20220922,001,1795
1294.4665,1294.4764,27187,35647,Eptesicus serotinus,0.01,0.024,-1,Echolocation,/mnt/ubna_data_02_mir/recover-20220922/UBNA_001/20220921_090000.WAV,Telephone Field,recover-20220922,001,1795
1294.4765,1294.4862,29765,37959,Eptesicus serotinus,0.009,0.025,-1,Echolocation,/mnt/ubna_data_02_mir/recover-20220922/UBNA_001/20220921_090000.WAV,Telephone Field,recover-20220922,001,1795
1294.4895,1294.5291,68437,81936,Rhinolophus ferrumequinum,0.021,0.021,-1,Echolocation,/mnt/ubna_data_02_mir/recover-20220922/UBNA_001/20220921_090000.WAV,Telephone Field,recover-20220922,001,1795
1294.5005,1294.5432,68437,82519,Rhinolophus ferrumequinum,0.022,0.022,-1,Echolocation,/mnt/ubna_data_02_mir/recover-20220922/UBNA_001/20220921_090000.WAV,Telephone Field,recover-20220922,001,1795
1294.5015,1294.5114,28046,35277,Eptesicus serotinus,0.013,0.027,-1,Echolocation,/mnt/ubna_data_02_mir/recover-20220922/UBNA_001/20220921_090000.WAV,Telephone Field,recover-20220922,001,1795
1294.5075,1294.5455,68437,82201,Rhinolophus ferrumequinum,0.023,0.023,-1,Echolocation,/mnt/ubna_data_02_mir/recover-20220922/UBNA_001/20220921_090000.WAV,Telephone Field,recover-20220922,001,1795
1294.5385,1294.5813,68437,82819,Rhinolophus ferrumequinum,0.028,0.028,-1,Echolocation,/mnt/ubna_data_02_mir/recover-20220922/UBNA_001/20220921_090000.WAV,Telephone Field,recover-20220922,001,1795
1294.5965,1294.6071,26328,32470,Eptesicus serotinus,0.011,0.03,-1,Echolocation,/mnt/ubna_data_02_mir/recover-20220922/UBNA_001/20220921_090000.WAV,Telephone Field,recover-20220922,001,1795
1294.6105,1294.6191,46093,51910,Pipistrellus pipistrellus,0.02,0.022,-1,Echolocation,/mnt/ubna_data_02_mir/recover-20220922/UBNA_001/20220921_090000.WAV,Telephone Field,recover-20220922,001,1795
1294.6385,1294.6495,28046,36390,Eptesicus serotinus,0.011,0.023,-1,Echolocation,/mnt/ubna_data_02_mir/recover-20220922/UBNA_001/20220921_090000.WAV,Telephone Field,recover-20220922,001,1795
1294.6565,1294.6937,68437,81562,Rhinolophus ferrumequinum,0.021,0.021,-1,Echolocation,/mnt/ubna_data_02_mir/recover-20220922/UBNA_001/20220921_090000.WAV,Telephone Field,recover-20220922,001,1795
1294.6575,1294.6673,28046,38078,Eptesicus serotinus,0.01,0.023,-1,Echolocation,/mnt/ubna_data_02_mir/recover-20220922/UBNA_001/20220921_090000.WAV,Telephone Field,recover-20220922,001,1795
1294.6625,1294.6998,68437,81352,Rhinolophus ferrumequinum,0.021,0.021,-1,Echolocation,/mnt/ubna_data_02_mir/recover-20220922/UBNA_001/20220921_090000.WAV,Telephone Field,recover-20220922,001,1795
1294.6705,1294.7068,68437,80944,Rhinolophus ferrumequinum,0.021,0.021,-1,Echolocation,/mnt/ubna_data_02_mir/recover-20220922/UBNA_001/20220921_090000.WAV,Telephone Field,recover-20220922,001,1795
1294.6745,1294.6846,50390,54409,Pipistrellus pipistrellus,0.017,0.023,-1,Echolocation,/mnt/ubna_data_02_mir/recover-20220922/UBNA_001/20220921_090000.WAV,Telephone Field,recover-20220922,001,1795
1294.6985,1294.7335,68437,80744,Rhinolophus ferrumequinum,0.024,0.024,-1,Echolocation,/mnt/ubna_data_02_mir/recover-20220922/UBNA_001/20220921_090000.WAV,Telephone Field,recover-20220922,001,1795
1294.7045,1294.7422,68437,81570,Rhinolophus ferrumequinum,0.022,0.022,-1,Echolocation,/mnt/ubna_data_02_mir/recover-20220922/UBNA_001/20220921_090000.WAV,Telephone Field,recover-20220922,001,1795
1294.7115,1294.7485,68437,82335,Rhinolophus ferrumequinum,0.021,0.021,-1,Echolocation,/mnt/ubna_data_02_mir/recover-20220922/UBNA_001/20220921_090000.WAV,Telephone Field,recover-20220922,001,1795
1294.7165,1294.724,28046,40985,Eptesicus serotinus,0.007,0.022,-1,Echolocation,/mnt/ubna_data_02_mir/recover-20220922/UBNA_001/20220921_090000.WAV,Telephone Field,recover-20220922,001,1795
1294.7365,1294.7468,28906,36592,Eptesicus serotinus,0.013,0.028,-1,Echolocation,/mnt/ubna_data_02_mir/recover-20220922/UBNA_001/20220921_090000.WAV,Telephone Field,recover-20220922,001,1795
1294.7405,1294.7523,22031,26982,Nyctalus leisleri,0.012,0.024,-1,Echolocation,/mnt/ubna_data_02_mir/recover-20220922/UBNA_001/20220921_090000.WAV,Telephone Field,recover-20220922,001,1795
1294.7535,1294.7911,68437,81939,Rhinolophus ferrumequinum,0.022,0.022,-1,Echolocation,/mnt/ubna_data_02_mir/recover-20220922/UBNA_001/20220921_090000.WAV,Telephone Field,recover-20220922,001,1795
1294.7795,1294.7888,22890,29622,Nyctalus leisleri,0.007,0.021,-1,Echolocation,/mnt/ubna_data_02_mir/recover-20220922/UBNA_001/20220921_090000.WAV,Telephone Field,recover-20220922,001,1795
1294.7885,1294.8233,68437,80984,Rhinolophus ferrumequinum,0.025,0.025,-1,Echolocation,/mnt/ubna_data_02_mir/recover-20220922/UBNA_001/20220921_090000.WAV,Telephone Field,recover-20220922,001,1795
1294.8145,1294.857,68437,82466,Rhinolophus ferrumequinum,0.022,0.022,-1,Echolocation,/mnt/ubna_data_02_mir/recover-20220922/UBNA_001/20220921_090000.WAV,Telephone Field,recover-20220922,001,1795
1294.8465,1294.8584,24609,31388,Nyctalus leisleri,0.011,0.028,-1,Echolocation,/mnt/ubna_data_02_mir/recover-20220922/UBNA_001/20220921_090000.WAV,Telephone Field,recover-20220922,001,1795
1294.8575,1294.8949,68437,81151,Rhinolophus ferrumequinum,0.021,0.021,-1,Echolocation,/mnt/ubna_data_02_mir/recover-20220922/UBNA_001/20220921_090000.WAV,Telephone Field,recover-20220922,001,1795
1294.8655,1294.9017,68437,81917,Rhinolophus ferrumequinum,0.026,0.026,-1,Echolocation,/mnt/ubna_data_02_mir/recover-20220922/UBNA_001/20220921_090000.WAV,Telephone Field,recover-20220922,001,1795
1294.8755,1294.9148,68437,81692,Rhinolophus ferrumequinum,0.024,0.024,-1,Echolocation,/mnt/ubna_data_02_mir/recover-20220922/UBNA_001/20220921_090000.WAV,Telephone Field,recover-20220922,001,1795
1294.9105,1294.9194,28906,40001,Eptesicus serotinus,0.009,0.023,-1,Echolocation,/mnt/ubna_data_02_mir/recover-20220922/UBNA_001/20220921_090000.WAV,Telephone Field,recover-20220922,001,1795
1294.9185,1294.9629,68437,83010,Rhinolophus ferrumequinum,0.032,0.032,-1,Echolocation,/mnt/ubna_data_02_mir/recover-20220922/UBNA_001/20220921_090000.WAV,Telephone Field,recover-20220922,001,1795
1294.9405,1294.9813,68437,82369,Rhinolophus ferrumequinum,0.023,0.023,-1,Echolocation,/mnt/ubna_data_02_mir/recover-20220922/UBNA_001/20220921_090000.WAV,Telephone Field,recover-20220922,001,1795
1294.9565,1294.9949,68437,82776,Rhinolophus ferrumequinum,0.023,0.023,-1,Echolocation,/mnt/ubna_data_02_mir/recover-20220922/UBNA_001/20220921_090000.WAV,Telephone Field,recover-20220922,001,1795
1294.9745,1295.013,68437,82343,Rhinolophus ferrumequinum,0.021,0.021,-1,Echolocation,/mnt/ubna_data_02_mir/recover-20220922/UBNA_001/20220921_090000.WAV,Telephone Field,recover-20220922,001,1795
1295.0055,1295.0481,68437,83063,Rhinolophus ferrumequinum,0.041,0.041,-1,Echolocation,/mnt/ubna_data_02_mir/recover-20220922/UBNA_001/20220921_090000.WAV,Telephone Field,recover-20220922,001,1795
1295.0255,1295.0357,22890,29209,Nyctalus leisleri,0.009,0.021,-1,Echolocation,/mnt/ubna_data_02_mir/recover-20220922/UBNA_001/20220921_090000.WAV,Telephone Field,recover-20220922,001,1795
1295.0535,1295.0643,22890,29134,Nyctalus leisleri,0.01,0.025,-1,Echolocation,/mnt/ubna_data_02_mir/recover-20220922/UBNA_001/20220921_090000.WAV,Telephone Field,recover-20220922,001,1795
1295.0695,1295.1102,68437,82841,Rhinolophus ferrumequinum,0.023,0.023,-1,Echolocation,/mnt/ubna_data_02_mir/recover-20220922/UBNA_001/20220921_090000.WAV,Telephone Field,recover-20220922,001,1795
1295.1025,1295.1104,23750,32069,Plecotus austriacus,0.011,0.025,-1,Echolocation,/mnt/ubna_data_02_mir/recover-20220922/UBNA_001/20220921_090000.WAV,Telephone Field,recover-20220922,001,1795
1295.1275,1295.1686,68437,82395,Rhinolophus ferrumequinum,0.027,0.027,-1,Echolocation,/mnt/ubna_data_02_mir/recover-20220922/UBNA_001/20220921_090000.WAV,Telephone Field,recover-20220922,001,1795
1295.1535,1295.1644,23750,30009,Nyctalus leisleri,0.012,0.029,-1,Echolocation,/mnt/ubna_data_02_mir/recover-20220922/UBNA_001/20220921_090000.WAV,Telephone Field,recover-20220922,001,1795
1295.1865,1295.1947,25468,35717,Eptesicus serotinus,0.009,0.023,-1,Echolocation,/mnt/ubna_data_02_mir/recover-20220922/UBNA_001/20220921_090000.WAV,Telephone Field,recover-20220922,001,1795
1295.1885,1295.2295,68437,81933,Rhinolophus ferrumequinum,0.022,0.022,-1,Echolocation,/mnt/ubna_data_02_mir/recover-20220922/UBNA_001/20220921_090000.WAV,Telephone Field,recover-20220922,001,1795
1295.1985,1295.2352,68437,81426,Rhinolophus ferrumequinum,0.021,0.022,-1,Echolocation,/mnt/ubna_data_02_mir/recover-20220922/UBNA_001/20220921_090000.WAV,Telephone Field,recover-20220922,001,1795
1295.2145,1295.224,28046,36503,Eptesicus serotinus,0.009,0.022,-1,Echolocation,/mnt/ubna_data_02_mir/recover-20220922/UBNA_001/20220921_090000.WAV,Telephone Field,recover-20220922,001,1795
1295.2305,1295.2385,27187,36076,Eptesicus serotinus,0.011,0.025,-1,Echolocation,/mnt/ubna_data_02_mir/recover-20220922/UBNA_001/20220921_090000.WAV,Telephone Field,recover-20220922,001,1795
1295.2645,1295.3052,68437,82281,Rhinolophus ferrumequinum,0.021,0.021,-1,Echolocation,/mnt/ubna_data_02_mir/recover-20220922/UBNA_001/20220921_090000.WAV,Telephone Field,recover-20220922,001,1795
1295.3455,1295.3857,68437,82228,Rhinolophus ferrumequinum,0.022,0.022,-1,Echolocation,/mnt/ubna_data_02_mir/recover-20220922/UBNA_001/20220921_090000.WAV,Telephone Field,recover-20220922,001,1795
1295.3455,1295.354,44375,51194,Pipistrellus pipistrellus,0.013,0.021,-1,Echolocation,/mnt/ubna_data_02_mir/recover-20220922/UBNA_001/20220921_090000.WAV,Telephone Field,recover-20220922,001,1795
1295.3475,1295.3567,28046,41440,Eptesicus serotinus,0.009,0.022,-1,Echolocation,/mnt/ubna_data_02_mir/recover-20220922/UBNA_001/20220921_090000.WAV,Telephone Field,recover-20220922,001,1795
1295.3715,1295.379,25468,35064,Plecotus austriacus,0.007,0.024,-1,Echolocation,/mnt/ubna_data_02_mir/recover-20220922/UBNA_001/20220921_090000.WAV,Telephone Field,recover-20220922,001,1795
1295.4175,1295.4564,68437,82143,Rhinolophus ferrumequinum,0.022,0.022,-1,Echolocation,/mnt/ubna_data_02_mir/recover-20220922/UBNA_001/20220921_090000.WAV,Telephone Field,recover-20220922,001,1795
1295.4335,1295.4704,68437,80964,Rhinolophus ferrumequinum,0.022,0.022,-1,Echolocation,/mnt/ubna_data_02_mir/recover-20220922/UBNA_001/20220921_090000.WAV,Telephone Field,recover-20220922,001,1795
1295.4575,1295.4999,68437,82856,Rhinolophus ferrumequinum,0.027,0.027,-1,Echolocation,/mnt/ubna_data_02_mir/recover-20220922/UBNA_001/20220921_090000.WAV,Telephone Field,recover-20220922,001,1795
1295.4835,1295.4934,28046,37035,Eptesicus serotinus,0.014,0.029,-1,Echolocation,/mnt/ubna_data_02_mir/recover-20220922/UBNA_001/20220921_090000.WAV,Telephone Field,recover-20220922,001,1795
1295.4865,1295.5332,68437,83673,Rhinolophus ferrumequinum,0.046,0.046,-1,Echolocation,/mnt/ubna_data_02_mir/recover-20220922/UBNA_001/20220921_090000.WAV,Telephone Field,recover-20220922,001,1795
1295.5205,1295.5316,57265,62259,Pipistrellus pygmaeus,0.022,0.022,-1,Echolocation,/mnt/ubna_data_02_mir/recover-20220922/UBNA_001/20220921_090000.WAV,Telephone Field,recover-20220922,001,1795
1295.5225,1295.5306,28046,40055,Eptesicus serotinus,0.008,0.023,-1,Echolocation,/mnt/ubna_data_02_mir/recover-20220922/UBNA_001/20220921_090000.WAV,Telephone Field,recover-20220922,001,1795
1295.5235,1295.5654,68437,82949,Rhinolophus ferrumequinum,0.034,0.034,-1,Echolocation,/mnt/ubna_data_02_mir/recover-20220922/UBNA_001/20220921_090000.WAV,Telephone Field,recover-20220922,001,1795
1295.5445,1295.5845,68437,82780,Rhinolophus ferrumequinum,0.023,0.023,-1,Echolocation,/mnt/ubna_data_02_mir/recover-20220922/UBNA_001/20220921_090000.WAV,Telephone Field,recover-20220922,001,1795
1295.5655,1295.575,23750,31324,Plecotus austriacus,0.009,0.032,-1,Echolocation,/mnt/ubna_data_02_mir/recover-20220922/UBNA_001/20220921_090000.WAV,Telephone Field,recover-20220922,001,1795
1295.5675,1295.6063,68437,82414,Rhinolophus ferrumequinum,0.023,0.023,-1,Echolocation,/mnt/ubna_data_02_mir/recover-20220922/UBNA_001/20220921_090000.WAV,Telephone Field,recover-20220922,001,1795
1295.5825,1295.6229,68437,82885,Rhinolophus ferrumequinum,0.021,0.022,-1,Echolocation,/mnt/ubna_data_02_mir/recover-20220922/UBNA_001/20220921_090000.WAV,Telephone Field,recover-20220922,001,1795
1295.6065,1295.6418,68437,81756,Rhinolophus ferrumequinum,0.021,0.021,-1,Echolocation,/mnt/ubna_data_02_mir/recover-20220922/UBNA_001/20220921_090000.WAV,Telephone Field,recover-20220922,001,1795
1295.6315,1295.6713,68437,82033,Rhinolophus ferrumequinum,0.021,0.021,-1,Echolocation,/mnt/ubna_data_02_mir/recover-20220922/UBNA_001/20220921_090000.WAV,Telephone Field,recover-20220922,001,1795
1295.6375,1295.6765,68437,82280,Rhinolophus ferrumequinum,0.021,0.021,-1,Echolocation,/mnt/ubna_data_02_mir/recover-20220922/UBNA_001/20220921_090000.WAV,Telephone Field,recover-20220922,001,1795
1295.6435,1295.6535,25468,33018,Eptesicus serotinus,0.009,0.024,-1,Echolocation,/mnt/ubna_data_02_mir/recover-20220922/UBNA_001/20220921_090000.WAV,Telephone Field,recover-20220922,001,1795
1295.6485,1295.6862,68437,81911,Rhinolophus ferrumequinum,0.022,0.022,-1,Echolocation,/mnt/ubna_data_02_mir/recover-20220922/UBNA_001/20220921_090000.WAV,Telephone Field,recover-20220922,001,1795
1295.6605,1295.6711,28046,36034,Eptesicus serotinus,0.011,0.024,-1,Echolocation,/mnt/ubna_data_02_mir/recover-20220922/UBNA_001/20220921_090000.WAV,Telephone Field,recover-20220922,001,1795
1295.6715,1295.7088,68437,81720,Rhinolophus ferrumequinum,0.021,0.021,-1,Echolocation,/mnt/ubna_data_02_mir/recover-20220922/UBNA_001/20220921_090000.WAV,Telephone Field,recover-20220922,001,1795
1295.6735,1295.6809,27187,39049,Eptesicus serotinus,0.007,0.024,-1,Echolocation,/mnt/ubna_data_02_mir/recover-20220922/UBNA_001/20220921_090000.WAV,Telephone Field,recover-20220922,001,1795
1295.6975,1295.708,28906,36480,Eptesicus serotinus,0.011,0.023,-1,Echolocation,/mnt/ubna_data_02_mir/recover-20220922/UBNA_001/20220921_090000.WAV,Telephone Field,recover-20220922,001,1795
1295.7025,1295.7452,68437,82681,Rhinolophus ferrumequinum,0.025,0.025,-1,Echolocation,/mnt/ubna_data_02_mir/recover-20220922/UBNA_001/20220921_090000.WAV,Telephone Field,recover-20220922,001,1795
1295.7155,1295.757,68437,82197,Rhinolophus ferrumequinum,0.022,0.022,-1,Echolocation,/mnt/ubna_data_02_mir/recover-20220922/UBNA_001/20220921_090000.WAV,Telephone Field,recover-20220922,001,1795
1295.7485,1295.7919,68437,82855,Rhinolophus ferrumequinum,0.027,0.027,-1,Echolocation,/mnt/ubna_data_02_mir/recover-20220922/UBNA_001/20220921_090000.WAV,Telephone Field,recover-20220922,001,1795
1295.7515,1295.7647,28046,34510,Eptesicus serotinus,0.05,0.076,-1,Echolocation,/mnt/ubna_data_02_mir/recover-20220922/UBNA_001/20220921_090000.WAV,Telephone Field,recover-20220922,001,1795
1295.7875,1295.7947,28046,39669,Eptesicus serotinus,0.007,0.023,-1,Echolocation,/mnt/ubna_data_02_mir/recover-20220922/UBNA_001/20220921_090000.WAV,Telephone Field,recover-20220922,001,1795
1295.8105,1295.849,68437,81225,Rhinolophus ferrumequinum,0.024,0.024,-1,Echolocation,/mnt/ubna_data_02_mir/recover-20220922/UBNA_001/20220921_090000.WAV,Telephone Field,recover-20220922,001,1795
1295.8185,1295.857,68437,82461,Rhinolophus ferrumequinum,0.022,0.022,-1,Echolocation,/mnt/ubna_data_02_mir/recover-20220922/UBNA_001/20220921_090000.WAV,Telephone Field,recover-20220922,001,1795
1295.8625,1295.9038,68437,82160,Rhinolophus ferrumequinum,0.024,0.024,-1,Echolocation,/mnt/ubna_data_02_mir/recover-20220922/UBNA_001/20220921_090000.WAV,Telephone Field,recover-20220922,001,1795
1295.8785,1295.8915,28906,35248,Eptesicus serotinus,0.016,0.027,-1,Echolocation,/mnt/ubna_data_02_mir/recover-20220922/UBNA_001/20220921_090000.WAV,Telephone Field,recover-20220922,001,1795
1295.8895,1295.8998,47812,52508,Pipistrellus pipistrellus,0.042,0.046,-1,Echolocation,/mnt/ubna_data_02_mir/recover-20220922/UBNA_001/20220921_090000.WAV,Telephone Field,recover-20220922,001,1795
1295.8965,1295.9075,26328,32801,Eptesicus serotinus,0.01,0.027,-1,Echolocation,/mnt/ubna_data_02_mir/recover-20220922/UBNA_001/20220921_090000.WAV,Telephone Field,recover-20220922,001,1795
1295.8975,1295.9083,47812,51368,Pipistrellus pipistrellus,0.034,0.038,-1,Echolocation,/mnt/ubna_data_02_mir/recover-20220922/UBNA_001/20220921_090000.WAV,Telephone Field,recover-20220922,001,1795
1295.9105,1295.922,28906,35602,Eptesicus serotinus,0.015,0.027,-1,Echolocation,/mnt/ubna_data_02_mir/recover-20220922/UBNA_001/20220921_090000.WAV,Telephone Field,recover-20220922,001,1795
1295.9245,1295.965,68437,81796,Rhinolophus ferrumequinum,0.021,0.021,-1,Echolocation,/mnt/ubna_data_02_mir/recover-20220922/UBNA_001/20220921_090000.WAV,Telephone Field,recover-20220922,001,1795
1295.9475,1295.9894,68437,82747,Rhinolophus ferrumequinum,0.022,0.022,-1,Echolocation,/mnt/ubna_data_02_mir/recover-20220922/UBNA_001/20220921_090000.WAV,Telephone Field,recover-20220922,001,1795
1295.9535,1295.9614,26328,37297,Eptesicus serotinus,0.008,0.023,-1,Echolocation,/mnt/ubna_data_02_mir/recover-20220922/UBNA_001/20220921_090000.WAV,Telephone Field,recover-20220922,001,1795
1296.0015,1296.0354,68437,80014,Rhinolophus ferrumequinum,0.046,0.047,-1,Echolocation,/mnt/ubna_data_02_mir/recover-20220922/UBNA_001/20220921_090000.WAV,Telephone Field,recover-20220922,001,1795
1296.0015,1296.0094,44375,50686,Pipistrellus pipistrellus,0.024,0.031,-1,Echolocation,/mnt/ubna_data_02_mir/recover-20220922/UBNA_001/20220921_090000.WAV,Telephone Field,recover-20220922,001,1795
1296.0015,1296.0104,21171,27456,Nyctalus leisleri,0.008,0.023,-1,Echolocation,/mnt/ubna_data_02_mir/recover-20220922/UBNA_001/20220921_090000.WAV,Telephone Field,recover-20220922,001,1795
1296.0095,1296.0503,68437,82270,Rhinolophus ferrumequinum,0.022,0.022,-1,Echolocation,/mnt/ubna_data_02_mir/recover-20220922/UBNA_001/20220921_090000.WAV,Telephone Field,recover-20220922,001,1795
1296.0215,1296.0305,28906,37459,Eptesicus serotinus,0.009,0.022,-1,Echolocation,/mnt/ubna_data_02_mir/recover-20220922/UBNA_001/20220921_090000.WAV,Telephone Field,recover-20220922,001,1795
1296.0305,1296.0391,28046,35870,Eptesicus serotinus,0.012,0.026,-1,Echolocation,/mnt/ubna_data_02_mir/recover-20220922/UBNA_001/20220921_090000.WAV,Telephone Field,recover-20220922,001,1795
1296.0505,1296.0605,28046,35442,Eptesicus serotinus,0.012,0.024,-1,Echolocation,/mnt/ubna_data_02_mir/recover-20220922/UBNA_001/20220921_090000.WAV,Telephone Field,recover-20220922,001,1795
1296.0795,1296.1218,68437,82865,Rhinolophus ferrumequinum,0.039,0.039,-1,Echolocation,/mnt/ubna_data_02_mir/recover-20220922/UBNA_001/20220921_090000.WAV,Telephone Field,recover-20220922,001,1795
1296.0865,1296.0966,23750,30499,Nyctalus leisleri,0.012,0.029,-1,Echolocation,/mnt/ubna_data_02_mir/recover-20220922/UBNA_001/20220921_090000.WAV,Telephone Field,recover-20220922,001,1795
1296.0945,1296.1326,68437,81039,Rhinolophus ferrumequinum,0.022,0.022,-1,Echolocation,/mnt/ubna_data_02_mir/recover-20220922/UBNA_001/20220921_090000.WAV,Telephone Field,recover-20220922,001,1795
1296.1155,1296.1263,28046,35112,Eptesicus serotinus,0.017,0.03,-1,Echolocation,/mnt/ubna_data_02_mir/recover-20220922/UBNA_001/20220921_090000.WAV,Telephone Field,recover-20220922,001,1795
1296.1585,1296.1958,68437,82242,Rhinolophus ferrumequinum,0.025,0.025,-1,Echolocation,/mnt/ubna_data_02_mir/recover-20220922/UBNA_001/20220921_090000.WAV,Telephone Field,recover-20220922,001,1795
1296.1745,1296.1857,28906,36689,Eptesicus serotinus,0.015,0.027,-1,Echolocation,/mnt/ubna_data_02_mir/recover-20220922/UBNA_001/20220921_090000.WAV,Telephone Field,recover-20220922,001,1795
1296.2125,1296.251,68437,82460,Rhinolophus ferrumequinum,0.025,0.025,-1,Echolocation,/mnt/ubna_data_02_mir/recover-20220922/UBNA_001/20220921_090000.WAV,Telephone Field,recover-20220922,001,1795
1296.2345,1296.2742,68437,82597,Rhinolophus ferrumequinum,0.025,0.025,-1,Echolocation,/mnt/ubna_data_02_mir/recover-20220922/UBNA_001/20220921_090000.WAV,Telephone Field,recover-20220922,001,1795
1296.2545,1296.2935,68437,82718,Rhinolophus ferrumequinum,0.023,0.023,-1,Echolocation,/mnt/ubna_data_02_mir/recover-20220922/UBNA_001/20220921_090000.WAV,Telephone Field,recover-20220922,001,1795
1296.2915,1296.3292,68437,81972,Rhinolophus ferrumequinum,0.033,0.033,-1,Echolocation,/mnt/ubna_data_02_mir/recover-20220922/UBNA_001/20220921_090000.WAV,Telephone Field,recover-20220922,001,1795
1296.3215,1296.3649,68437,83106,Rhinolophus ferrumequinum,0.03,0.03,-1,Echolocation,/mnt/ubna_data_02_mir/recover-20220922/UBNA_001/20220921_090000.WAV,Telephone Field,recover-20220922,001,1795
1296.3725,1296.4082,68437,81813,Rhinolophus ferrumequinum,0.025,0.025,-1,Echolocation,/mnt/ubna_data_02_mir/recover-20220922/UBNA_001/20220921_090000.WAV,Telephone Field,recover-20220922,001,1795
1296.4245,1296.4353,22890,27502,Nyctalus leisleri,0.011,0.022,-1,Echolocation,/mnt/ubna_data_02_mir/recover-20220922/UBNA_001/20220921_090000.WAV,Telephone Field,recover-20220922,001,1795
1296.4305,1296.4686,68437,82020,Rhinolophus ferrumequinum,0.027,0.027,-1,Echolocation,/mnt/ubna_data_02_mir/recover-20220922/UBNA_001/20220921_090000.WAV,Telephone Field,recover-20220922,001,1795
1296.4415,1296.4485,24609,34611,Plecotus austriacus,0.011,0.026,-1,Echolocation,/mnt/ubna_data_02_mir/recover-20220922/UBNA_001/20220921_090000.WAV,Telephone Field,recover-20220922,001,1795
1296.4585,1296.4723,22031,25764,Nyctalus leisleri,0.019,0.031,-1,Echolocation,/mnt/ubna_data_02_mir/recover-20220922/UBNA_001/20220921_090000.WAV,Telephone Field,recover-20220922,001,1795
1296.4785,1296.5221,68437,83704,Rhinolophus ferrumequinum,0.039,0.039,-1,Echolocation,/mnt/ubna_data_02_mir/recover-20220922/UBNA_001/20220921_090000.WAV,Telephone Field,recover-20220922,001,1795
1296.5245,1296.5642,68437,82479,Rhinolophus ferrumequinum,0.022,0.022,-1,Echolocation,/mnt/ubna_data_02_mir/recover-20220922/UBNA_001/20220921_090000.WAV,Telephone Field,recover-20220922,001,1795
1296.5535,1296.5937,68437,82646,Rhinolophus ferrumequinum,0.027,0.027,-1,Echolocation,/mnt/ubna_data_02_mir/recover-20220922/UBNA_001/20220921_090000.WAV,Telephone Field,recover-20220922,001,1795
1296.5875,1296.629,68437,82566,Rhinolophus ferrumequinum,0.023,0.023,-1,Echolocation,/mnt/ubna_data_02_mir/recover-20220922/UBNA_001/20220921_090000.WAV,Telephone Field,recover-20220922,001,1795
1296.5905,1296.6013,23750,28917,Nyctalus leisleri,0.011,0.024,-1,Echolocation,/mnt/ubna_data_02_mir/recover-20220922/UBNA_001/20220921_090000.WAV,Telephone Field,recover-20220922,001,1795
1296.6135,1296.6516,68437,82248,Rhinolophus ferrumequinum,0.022,0.022,-1,Echolocation,/mnt/ubna_data_02_mir/recover-20220922/UBNA_001/20220921_090000.WAV,Telephone Field,recover-20220922,001,1795
1296.6165,1296.6259,32343,39663,Barbastellus barbastellus,0.009,0.027,-1,Echolocation,/mnt/ubna_data_02_mir/recover-20220922/UBNA_001/20220921_090000.WAV,Telephone Field,recover-20220922,001,1795
1296.6325,1296.6705,68437,81019,Rhinolophus ferrumequinum,0.025,0.026,-1,Echolocation,/mnt/ubna_data_02_mir/recover-20220922/UBNA_001/20220921_090000.WAV,Telephone Field,recover-20220922,001,1795
1296.6825,1296.7241,68437,82773,Rhinolophus ferrumequinum,0.036,0.036,-1,Echolocation,/mnt/ubna_data_02_mir/recover-20220922/UBNA_001/20220921_090000.WAV,Telephone Field,recover-20220922,001,1795
1296.6855,1296.6948,24609,33477,Nyctalus leisleri,0.008,0.028,-1,Echolocation,/mnt/ubna_data_02_mir/recover-20220922/UBNA_001/20220921_090000.WAV,Telephone Field,recover-20220922,001,1795
1296.7225,1296.7331,24609,30835,Eptesicus serotinus,0.012,0.033,-1,Echolocation,/mnt/ubna_data_02_mir/recover-20220922/UBNA_001/20220921_090000.WAV,Telephone Field,recover-20220922,001,1795
1296.7225,1296.7634,68437,82603,Rhinolophus ferrumequinum,0.031,0.031,-1,Echolocation,/mnt/ubna_data_02_mir/recover-20220922/UBNA_001/20220921_090000.WAV,Telephone Field,recover-20220922,001,1795
1296.7515,1296.7615,23750,30515,Nyctalus leisleri,0.01,0.026,-1,Echolocation,/mnt/ubna_data_02_mir/recover-20220922/UBNA_001/20220921_090000.WAV,Telephone Field,recover-20220922,001,1795
1296.7575,1296.7974,68437,82525,Rhinolophus ferrumequinum,0.024,0.024,-1,Echolocation,/mnt/ubna_data_02_mir/recover-20220922/UBNA_001/20220921_090000.WAV,Telephone Field,recover-20220922,001,1795
1296.7845,1296.8221,68437,81879,Rhinolophus ferrumequinum,0.022,0.023,-1,Echolocation,/mnt/ubna_data_02_mir/recover-20220922/UBNA_001/20220921_090000.WAV,Telephone Field,recover-20220922,001,1795
1296.7865,1296.7938,28906,39908,Eptesicus serotinus,0.008,0.024,-1,Echolocation,/mnt/ubna_data_02_mir/recover-20220922/UBNA_001/20220921_090000.WAV,Telephone Field,recover-20220922,001,1795
1296.8205,1296.8314,14296,20082,Nyctalus noctula,0.015,0.027,-1,Echolocation,/mnt/ubna_data_02_mir/recover-20220922/UBNA_001/20220921_090000.WAV,Telephone Field,recover-20220922,001,1795
1296.8255,1296.8341,47812,51483,Pipistrellus pipistrellus,0.025,0.026,-1,Echolocation,/mnt/ubna_data_02_mir/recover-20220922/UBNA_001/20220921_090000.WAV,Telephone Field,recover-20220922,001,1795
1296.8785,1296.9156,68437,82017,Rhinolophus ferrumequinum,0.025,0.025,-1,Echolocation,/mnt/ubna_data_02_mir/recover-20220922/UBNA_001/20220921_090000.WAV,Telephone Field,recover-20220922,001,1795
1296.9065,1296.9438,68437,81813,Rhinolophus ferrumequinum,0.023,0.023,-1,Echolocation,/mnt/ubna_data_02_mir/recover-20220922/UBNA_001/20220921_090000.WAV,Telephone Field,recover-20220922,001,1795
1296.9065,1296.9136,26328,37299,Eptesicus serotinus,0.007,0.022,-1,Echolocation,/mnt/ubna_data_02_mir/recover-20220922/UBNA_001/20220921_090000.WAV,Telephone Field,recover-20220922,001,1795
1296.9315,1296.9701,68437,82124,Rhinolophus ferrumequinum,0.028,0.028,-1,Echolocation,/mnt/ubna_data_02_mir/recover-20220922/UBNA_001/20220921_090000.WAV,Telephone Field,recover-20220922,001,1795
1296.9565,1296.997,68437,82307,Rhinolophus ferrumequinum,0.025,0.025,-1,Echolocation,/mnt/ubna_data_02_mir/recover-20220922/UBNA_001/20220921_090000.WAV,Telephone Field,recover-20220922,001,1795
1296.9735,1297.015,68437,82830,Rhinolophus ferrumequinum,0.03,0.03,-1,Echolocation,/mnt/ubna_data_02_mir/recover-20220922/UBNA_001/20220921_090000.WAV,Telephone Field,recover-20220922,001,1795
1297.0245,1297.0652,68437,82586,Rhinolophus ferrumequinum,0.022,0.022,-1,Echolocation,/mnt/ubna_data_02_mir/recover-20220922/UBNA_001/20220921_090000.WAV,Telephone Field,recover-20220922,001,1795
1297.0395,1297.0737,68437,81557,Rhinolophus ferrumequinum,0.022,0.022,-1,Echolocation,/mnt/ubna_data_02_mir/recover-20220922/UBNA_001/20220921_090000.WAV,Telephone Field,recover-20220922,001,1795
1297.0755,1297.117,68437,82342,Rhinolophus ferrumequinum,0.027,0.028,-1,Echolocation,/mnt/ubna_data_02_mir/recover-20220922/UBNA_001/20220921_090000.WAV,Telephone Field,recover-20220922,001,1795
1297.0965,1297.1042,23750,32864,Plecotus austriacus,0.012,0.032,-1,Echolocation,/mnt/ubna_data_02_mir/recover-20220922/UBNA_001/20220921_090000.WAV,Telephone Field,recover-20220922,001,1795
1297.1055,1297.1455,68437,82297,Rhinolophus ferrumequinum,0.029,0.029,-1,Echolocation,/mnt/ubna_data_02_mir/recover-20220922/UBNA_001/20220921_090000.WAV,Telephone Field,recover-20220922,001,1795
1297.1465,1297.1894,68437,83319,Rhinolophus ferrumequinum,0.031,0.031,-1,Echolocation,/mnt/ubna_data_02_mir/recover-20220922/UBNA_001/20220921_090000.WAV,Telephone Field,recover-20220922,001,1795
1297.1485,1297.1649,16875,20891,Nyctalus noctula,0.02,0.033,-1,Echolocation,/mnt/ubna_data_02_mir/recover-20220922/UBNA_001/20220921_090000.WAV,Telephone Field,recover-20220922,001,1795
1297.1845,1297.2287,68437,83576,Rhinolophus ferrumequinum,0.042,0.042,-1,Echolocation,/mnt/ubna_data_02_mir/recover-20220922/UBNA_001/20220921_090000.WAV,Telephone Field,recover-20220922,001,1795
1297.1885,1297.2001,37500,43029,Pipistrellus nathusii,0.01,0.027,-1,Echolocation,/mnt/ubna_data_02_mir/recover-20220922/UBNA_001/20220921_090000.WAV,Telephone Field,recover-20220922,001,1795
1297.1915,1297.2025,22031,26329,Nyctalus leisleri,0.012,0.022,-1,Echolocation,/mnt/ubna_data_02_mir/recover-20220922/UBNA_001/20220921_090000.WAV,Telephone Field,recover-20220922,001,1795
1297.2095,1297.2499,68437,82608,Rhinolophus ferrumequinum,0.022,0.022,-1,Echolocation,/mnt/ubna_data_02_mir/recover-20220922/UBNA_001/20220921_090000.WAV,Telephone Field,recover-20220922,001,1795
1297.2175,1297.2551,68437,82086,Rhinolophus ferrumequinum,0.023,0.023,-1,Echolocation,/mnt/ubna_data_02_mir/recover-20220922/UBNA_001/20220921_090000.WAV,Telephone Field,recover-20220922,001,1795
1297.2325,1297.27,68437,81913,Rhinolophus ferrumequinum,0.022,0.022,-1,Echolocation,/mnt/ubna_data_02_mir/recover-20220922/UBNA_001/20220921_090000.WAV,Telephone Field,recover-20220922,001,1795
1297.2505,1297.2862,68437,81793,Rhinolophus ferrumequinum,0.022,0.022,-1,Echolocation,/mnt/ubna_data_02_mir/recover-20220922/UBNA_001/20220921_090000.WAV,Telephone Field,recover-20220922,001,1795
1297.3335,1297.3422,28906,39252,Eptesicus serotinus,0.01,0.025,-1,Echolocation,/mnt/ubna_data_02_mir/recover-20220922/UBNA_001/20220921_090000.WAV,Telephone Field,recover-20220922,001,1795
1297.3355,1297.3733,68437,82648,Rhinolophus ferrumequinum,0.03,0.03,-1,Echolocation,/mnt/ubna_data_02_mir/recover-20220922/UBNA_001/20220921_090000.WAV,Telephone Field,recover-20220922,001,1795
1297.3865,1297.4259,68437,82005,Rhinolophus ferrumequinum,0.026,0.026,-1,Echolocation,/mnt/ubna_data_02_mir/recover-20220922/UBNA_001/20220921_090000.WAV,Telephone Field,recover-20220922,001,1795
1297.4035,1297.4415,68437,82124,Rhinolophus ferrumequinum,0.022,0.022,-1,Echolocation,/mnt/ubna_data_02_mir/recover-20220922/UBNA_001/20220921_090000.WAV,Telephone Field,recover-20220922,001,1795
1297.4255,1297.4656,68437,82250,Rhinolophus ferrumequinum,0.022,0.022,-1,Echolocation,/mnt/ubna_data_02_mir/recover-20220922/UBNA_001/20220921_090000.WAV,Telephone Field,recover-20220922,001,1795
1297.4325,1297.4734,68437,82461,Rhinolophus ferrumequinum,0.024,0.024,-1,Echolocation,/mnt/ubna_data_02_mir/recover-20220922/UBNA_001/20220921_090000.WAV,Telephone Field,recover-20220922,001,1795
1297.4645,1297.5051,68437,82824,Rhinolophus ferrumequinum,0.023,0.023,-1,Echolocation,/mnt/ubna_data_02_mir/recover-20220922/UBNA_001/20220921_090000.WAV,Telephone Field,recover-20220922,001,1795
1297.4725,1297.4859,15156,20777,Nyctalus noctula,0.019,0.028,-1,Echolocation,/mnt/ubna_data_02_mir/recover-20220922/UBNA_001/20220921_090000.WAV,Telephone Field,recover-20220922,001,1795
1297.4875,1297.5289,68437,82653,Rhinolophus ferrumequinum,0.024,0.024,-1,Echolocation,/mnt/ubna_data_02_mir/recover-20220922/UBNA_001/20220921_090000.WAV,Telephone Field,recover-20220922,001,1795
1297.5005,1297.5395,68437,82178,Rhinolophus ferrumequinum,0.022,0.022,-1,Echolocation,/mnt/ubna_data_02_mir/recover-20220922/UBNA_001/20220921_090000.WAV,Telephone Field,recover-20220922,001,1795
1297.5055,1297.5449,68437,82117,Rhinolophus ferrumequinum,0.022,0.022,-1,Echolocation,/mnt/ubna_data_02_mir/recover-20220922/UBNA_001/20220921_090000.WAV,Telephone Field,recover-20220922,001,1795
1297.5105,1297.5506,68437,82105,Rhinolophus ferrumequinum,0.022,0.022,-1,Echolocation,/mnt/ubna_data_02_mir/recover-20220922/UBNA_001/20220921_090000.WAV,Telephone Field,recover-20220922,001,1795
1297.5545,1297.5961,68437,83234,Rhinolophus ferrumequinum,0.037,0.037,-1,Echolocation,/mnt/ubna_data_02_mir/recover-20220922/UBNA_001/20220921_090000.WAV,Telephone Field,recover-20220922,001,1795
1297.5785,1297.6155,68437,81946,Rhinolophus ferrumequinum,0.023,0.023,-1,Echolocation,/mnt/ubna_data_02_mir/recover-20220922/UBNA_001/20220921_090000.WAV,Telephone Field,recover-20220922,001,1795
1297.6115,1297.6221,24609,31075,Nyctalus leisleri,0.01,0.028,-1,Echolocation,/mnt/ubna_data_02_mir/recover-20220922/UBNA_001/20220921_090000.WAV,Telephone Field,recover-20220922,001,1795
1297.6285,1297.667,68437,82010,Rhinolophus ferrumequinum,0.023,0.023,-1,Echolocation,/mnt/ubna_data_02_mir/recover-20220922/UBNA_001/20220921_090000.WAV,Telephone Field,recover-20220922,001,1795
1297.6535,1297.6619,45234,53081,Pipistrellus pipistrellus,0.021,0.023,-1,Echolocation,/mnt/ubna_data_02_mir/recover-20220922/UBNA_001/20220921_090000.WAV,Telephone Field,recover-20220922,001,1795
1297.6695,1297.6814,34062,38705,Pipistrellus nathusii,0.007,0.025,-1,Echolocation,/mnt/ubna_data_02_mir/recover-20220922/UBNA_001/20220921_090000.WAV,Telephone Field,recover-20220922,001,1795
1297.6755,1297.6854,28906,38066,Eptesicus serotinus,0.011,0.023,-1,Echolocation,/mnt/ubna_data_02_mir/recover-20220922/UBNA_001/20220921_090000.WAV,Telephone Field,recover-20220922,001,1795
1297.6945,1297.7367,68437,82998,Rhinolophus ferrumequinum,0.027,0.027,-1,Echolocation,/mnt/ubna_data_02_mir/recover-20220922/UBNA_001/20220921_090000.WAV,Telephone Field,recover-20220922,001,1795
1297.6965,1297.7055,22890,30145,Plecotus austriacus,0.007,0.022,-1,Echolocation,/mnt/ubna_data_02_mir/recover-20220922/UBNA_001/20220921_090000.WAV,Telephone Field,recover-20220922,001,1795
1297.7035,1297.7421,68437,81988,Rhinolophus ferrumequinum,0.023,0.023,-1,Echolocation,/mnt/ubna_data_02_mir/recover-20220922/UBNA_001/20220921_090000.WAV,Telephone Field,recover-20220922,001,1795
1297.7105,1297.7447,68437,80454,Rhinolophus ferrumequinum,0.024,0.024,-1,Echolocation,/mnt/ubna_data_02_mir/recover-20220922/UBNA_001/20220921_090000.WAV,Telephone Field,recover-20220922,001,1795
1297.7545,1297.7917,68437,82354,Rhinolophus ferrumequinum,0.022,0.022,-1,Echolocation,/mnt/ubna_data_02_mir/recover-20220922/UBNA_001/20220921_090000.WAV,Telephone Field,recover-20220922,001,1795
1297.7915,1297.8319,68437,82975,Rhinolophus ferrumequinum,0.029,0.029,-1,Echolocation,/mnt/ubna_data_02_mir/recover-20220922/UBNA_001/20220921_090000.WAV,Telephone Field,recover-20220922,001,1795
1297.8135,1297.8529,68437,82392,Rhinolophus ferrumequinum,0.023,0.023,-1,Echolocation,/mnt/ubna_data_02_mir/recover-20220922/UBNA_001/20220921_090000.WAV,Telephone Field,recover-20220922,001,1795
1297.8445,1297.8821,68437,81796,Rhinolophus ferrumequinum,0.022,0.022,-1,Echolocation,/mnt/ubna_data_02_mir/recover-20220922/UBNA_001/20220921_090000.WAV,Telephone Field,recover-20220922,001,1795
1297.8525,1297.8608,45234,49765,Pipistrellus pipistrellus,0.033,0.036,-1,Echolocation,/mnt/ubna_data_02_mir/recover-20220922/UBNA_001/20220921_090000.WAV,Telephone Field,recover-20220922,001,1795
1297.8625,1297.8801,20312,23711,Nyctalus leisleri,0.015,0.027,-1,Echolocation,/mnt/ubna_data_02_mir/recover-20220922/UBNA_001/20220921_090000.WAV,Telephone Field,recover-20220922,001,1795
1297.9195,1297.9278,27187,36070,Eptesicus serotinus,0.008,0.022,-1,Echolocation,/mnt/ubna_data_02_mir/recover-20220922/UBNA_001/20220921_090000.WAV,Telephone Field,recover-20220922,001,1795
1297.9445,1297.9543,28906,36471,Eptesicus serotinus,0.014,0.028,-1,Echolocation,/mnt/ubna_data_02_mir/recover-20220922/UBNA_001/20220921_090000.WAV,Telephone Field,recover-20220922,001,1795
1297.9875,1297.9961,22890,31247,Plecotus austriacus,0.009,0.022,-1,Echolocation,/mnt/ubna_data_02_mir/recover-20220922/UBNA_001/20220921_090000.WAV,Telephone Field,recover-20220922,001,1795
1298.0015,1298.0356,69296,81580,Rhinolophus ferrumequinum,0.052,0.052,-1,Echolocation,/mnt/ubna_data_02_mir/recover-20220922/UBNA_001/20220921_090000.WAV,Telephone Field,recover-20220922,001,1795
1298.0015,1298.0105,22031,28802,Nyctalus leisleri,0.013,0.035,-1,Echolocation,/mnt/ubna_data_02_mir/recover-20220922/UBNA_001/20220921_090000.WAV,Telephone Field,recover-20220922,001,1795
1298.0015,1298.0117,46953,51641,Pipistrellus pipistrellus,0.028,0.035,-1,Echolocation,/mnt/ubna_data_02_mir/recover-20220922/UBNA_001/20220921_090000.WAV,Telephone Field,recover-20220922,001,1795
1298.0155,1298.0592,68437,83575,Rhinolophus ferrumequinum,0.023,0.023,-1,Echolocation,/mnt/ubna_data_02_mir/recover-20220922/UBNA_001/20220921_090000.WAV,Telephone Field,recover-20220922,001,1795
1298.0515,1298.0922,68437,82715,Rhinolophus ferrumequinum,0.033,0.033,-1,Echolocation,/mnt/ubna_data_02_mir/recover-20220922/UBNA_001/20220921_090000.WAV,Telephone Field,recover-20220922,001,1795
1298.0555,1298.0655,24609,30567,Nyctalus leisleri,0.009,0.023,-1,Echolocation,/mnt/ubna_data_02_mir/recover-20220922/UBNA_001/20220921_090000.WAV,Telephone Field,recover-20220922,001,1795
1298.1555,1298.1907,68437,81498,Rhinolophus ferrumequinum,0.022,0.022,-1,Echolocation,/mnt/ubna_data_02_mir/recover-20220922/UBNA_001/20220921_090000.WAV,Telephone Field,recover-20220922,001,1795
1298.1705,1298.1783,51250,57756,Pipistrellus pipistrellus,0.018,0.022,-1,Echolocation,/mnt/ubna_data_02_mir/recover-20220922/UBNA_001/20220921_090000.WAV,Telephone Field,recover-20220922,001,1795
1298.1835,1298.2261,68437,83372,Rhinolophus ferrumequinum,0.039,0.039,-1,Echolocation,/mnt/ubna_data_02_mir/recover-20220922/UBNA_001/20220921_090000.WAV,Telephone Field,recover-20220922,001,1795
1298.1955,1298.2027,28046,40036,Eptesicus serotinus,0.007,0.022,-1,Echolocation,/mnt/ubna_data_02_mir/recover-20220922/UBNA_001/20220921_090000.WAV,Telephone Field,recover-20220922,001,1795
1298.2025,1298.2108,24609,33474,Eptesicus serotinus,0.006,0.023,-1,Echolocation,/mnt/ubna_data_02_mir/recover-20220922/UBNA_001/20220921_090000.WAV,Telephone Field,recover-20220922,001,1795
1298.2045,1298.2485,68437,82640,Rhinolophus ferrumequinum,0.039,0.039,-1,Echolocation,/mnt/ubna_data_02_mir/recover-20220922/UBNA_001/20220921_090000.WAV,Telephone Field,recover-20220922,001,1795
1298.2235,1298.261,68437,81986,Rhinolophus ferrumequinum,0.023,0.024,-1,Echolocation,/mnt/ubna_data_02_mir/recover-20220922/UBNA_001/20220921_090000.WAV,Telephone Field,recover-20220922,001,1795
1298.2385,1298.2730999999999,68437,81863,Rhinolophus ferrumequinum,0.023,0.023,-1,Echolocation,/mnt/ubna_data_02_mir/recover-20220922/UBNA_001/20220921_090000.WAV,Telephone Field,recover-20220922,001,1795
1298.2555,1298.2984,68437,83323,Rhinolophus ferrumequinum,0.031,0.031,-1,Echolocation,/mnt/ubna_data_02_mir/recover-20220922/UBNA_001/20220921_090000.WAV,Telephone Field,recover-20220922,001,1795
1298.2865,1298.2967,14296,18973,Nyctalus noctula,0.014,0.029,-1,Echolocation,/mnt/ubna_data_02_mir/recover-20220922/UBNA_001/20220921_090000.WAV,Telephone Field,recover-20220922,001,1795
1298.3005,1298.3426,68437,82769,Rhinolophus ferrumequinum,0.039,0.039,-1,Echolocation,/mnt/ubna_data_02_mir/recover-20220922/UBNA_001/20220921_090000.WAV,Telephone Field,recover-20220922,001,1795
1298.3035,1298.3116,47812,55041,Pipistrellus pipistrellus,0.024,0.026,-1,Echolocation,/mnt/ubna_data_02_mir/recover-20220922/UBNA_001/20220921_090000.WAV,Telephone Field,recover-20220922,001,1795
1298.3205,1298.363,68437,83438,Rhinolophus ferrumequinum,0.029,0.029,-1,Echolocation,/mnt/ubna_data_02_mir/recover-20220922/UBNA_001/20220921_090000.WAV,Telephone Field,recover-20220922,001,1795
1298.3415,1298.3803,68437,82314,Rhinolophus ferrumequinum,0.023,0.023,-1,Echolocation,/mnt/ubna_data_02_mir/recover-20220922/UBNA_001/20220921_090000.WAV,Telephone Field,recover-20220922,001,1795
1298.3435,1298.3517,28906,38197,Eptesicus serotinus,0.01,0.027,-1,Echolocation,/mnt/ubna_data_02_mir/recover-20220922/UBNA_001/20220921_090000.WAV,Telephone Field,recover-20220922,001,1795
1298.3625,1298.4027,68437,82721,Rhinolophus ferrumequinum,0.031,0.031,-1,Echolocation,/mnt/ubna_data_02_mir/recover-20220922/UBNA_001/20220921_090000.WAV,Telephone Field,recover-20220922,001,1795
1298.3865,1298.3951,27187,37511,Eptesicus serotinus,0.009,0.022,-1,Echolocation,/mnt/ubna_data_02_mir/recover-20220922/UBNA_001/20220921_090000.WAV,Telephone Field,recover-20220922,001,1795
1298.3865,1298.4227,68437,81696,Rhinolophus ferrumequinum,0.026,0.026,-1,Echolocation,/mnt/ubna_data_02_mir/recover-20220922/UBNA_001/20220921_090000.WAV,Telephone Field,recover-20220922,001,1795
1298.3885,1298.398,22031,28299,Plecotus austriacus,0.007,0.022,-1,Echolocation,/mnt/ubna_data_02_mir/recover-20220922/UBNA_001/20220921_090000.WAV,Telephone Field,recover-20220922,001,1795
1298.3885,1298.3951,15156,31136,Plecotus auritus,0.014,0.022,-1,Echolocation,/mnt/ubna_data_02_mir/recover-20220922/UBNA_001/20220921_090000.WAV,Telephone Field,recover-20220922,001,1795
1298.4005,1298.4169,20312,23811,Nyctalus leisleri,0.017,0.035,-1,Echolocation,/mnt/ubna_data_02_mir/recover-20220922/UBNA_001/20220921_090000.WAV,Telephone Field,recover-20220922,001,1795
1298.4035,1298.4457,68437,83033,Rhinolophus ferrumequinum,0.025,0.025,-1,Echolocation,/mnt/ubna_data_02_mir/recover-20220922/UBNA_001/20220921_090000.WAV,Telephone Field,recover-20220922,001,1795
1298.4585,1298.4992,68437,82985,Rhinolophus ferrumequinum,0.035,0.035,-1,Echolocation,/mnt/ubna_data_02_mir/recover-20220922/UBNA_001/20220921_090000.WAV,Telephone Field,recover-20220922,001,1795
1298.5155,1298.5229,25468,35136,Eptesicus serotinus,0.009,0.029,-1,Echolocation,/mnt/ubna_data_02_mir/recover-20220922/UBNA_001/20220921_090000.WAV,Telephone Field,recover-20220922,001,1795
1298.5255,1298.5657,68437,82921,Rhinolophus ferrumequinum,0.023,0.023,-1,Echolocation,/mnt/ubna_data_02_mir/recover-20220922/UBNA_001/20220921_090000.WAV,Telephone Field,recover-20220922,001,1795
1298.5315,1298.5703,68437,81699,Rhinolophus ferrumequinum,0.022,0.023,-1,Echolocation,/mnt/ubna_data_02_mir/recover-20220922/UBNA_001/20220921_090000.WAV,Telephone Field,recover-20220922,001,1795
1298.5465,1298.5849,68437,81975,Rhinolophus ferrumequinum,0.022,0.022,-1,Echolocation,/mnt/ubna_data_02_mir/recover-20220922/UBNA_001/20220921_090000.WAV,Telephone Field,recover-20220922,001,1795
1298.5685,1298.5783,48671,53440,Pipistrellus pipistrellus,0.028,0.03,-1,Echolocation,/mnt/ubna_data_02_mir/recover-20220922/UBNA_001/20220921_090000.WAV,Telephone Field,recover-20220922,001,1795
1298.5905,1298.6305,68437,82275,Rhinolophus ferrumequinum,0.022,0.022,-1,Echolocation,/mnt/ubna_data_02_mir/recover-20220922/UBNA_001/20220921_090000.WAV,Telephone Field,recover-20220922,001,1795
1298.6075,1298.6449,68437,81685,Rhinolophus ferrumequinum,0.031,0.031,-1,Echolocation,/mnt/ubna_data_02_mir/recover-20220922/UBNA_001/20220921_090000.WAV,Telephone Field,recover-20220922,001,1795
1298.6315,1298.6383,26328,38004,Eptesicus serotinus,0.008,0.027,-1,Echolocation,/mnt/ubna_data_02_mir/recover-20220922/UBNA_001/20220921_090000.WAV,Telephone Field,recover-20220922,001,1795
1298.6635,1298.7009,68437,82096,Rhinolophus ferrumequinum,0.023,0.023,-1,Echolocation,/mnt/ubna_data_02_mir/recover-20220922/UBNA_001/20220921_090000.WAV,Telephone Field,recover-20220922,001,1795
1298.6665,1298.6769,28906,36138,Eptesicus serotinus,0.011,0.025,-1,Echolocation,/mnt/ubna_data_02_mir/recover-20220922/UBNA_001/20220921_090000.WAV,Telephone Field,recover-20220922,001,1795
1298.6825,1298.7181,68437,80927,Rhinolophus ferrumequinum,0.022,0.022,-1,Echolocation,/mnt/ubna_data_02_mir/recover-20220922/UBNA_001/20220921_090000.WAV,Telephone Field,recover-20220922,001,1795
1298.7015,1298.7438,68437,82809,Rhinolophus ferrumequinum,0.025,0.025,-1,Echolocation,/mnt/ubna_data_02_mir/recover-20220922/UBNA_001/20220921_090000.WAV,Telephone Field,recover-20220922,001,1795
1298.7205,1298.7599,68437,82009,Rhinolophus ferrumequinum,0.022,0.022,-1,Echolocation,/mnt/ubna_data_02_mir/recover-20220922/UBNA_001/20220921_090000.WAV,Telephone Field,recover-20220922,001,1795
1298.7325,1298.771,68437,81490,Rhinolophus ferrumequinum,0.027,0.027,-1,Echolocation,/mnt/ubna_data_02_mir/recover-20220922/UBNA_001/20220921_090000.WAV,Telephone Field,recover-20220922,001,1795
1298.7935,1298.8302,68437,82306,Rhinolophus ferrumequinum,0.023,0.023,-1,Echolocation,/mnt/ubna_data_02_mir/recover-20220922/UBNA_001/20220921_090000.WAV,Telephone Field,recover-20220922,001,1795
1298.8095,1298.85,68437,82627,Rhinolophus ferrumequinum,0.022,0.022,-1,Echolocation,/mnt/ubna_data_02_mir/recover-20220922/UBNA_001/20220921_090000.WAV,Telephone Field,recover-20220922,001,1795
1298.8335,1298.8725,68437,82290,Rhinolophus ferrumequinum,0.027,0.027,-1,Echolocation,/mnt/ubna_data_02_mir/recover-20220922/UBNA_001/20220921_090000.WAV,Telephone Field,recover-20220922,001,1795
1298.8705,1298.9086,68437,81717,Rhinolophus ferrumequinum,0.024,0.024,-1,Echolocation,/mnt/ubna_data_02_mir/recover-20220922/UBNA_001/20220921_090000.WAV,Telephone Field,recover-20220922,001,1795
1298.8805,1298.8921,29765,37406,Eptesicus serotinus,0.012,0.025,-1,Echolocation,/mnt/ubna_data_02_mir/recover-20220922/UBNA_001/20220921_090000.WAV,Telephone Field,recover-20220922,001,1795
1298.8915,1298.9337,68437,82967,Rhinolophus ferrumequinum,0.03,0.03,-1,Echolocation,/mnt/ubna_data_02_mir/recover-20220922/UBNA_001/20220921_090000.WAV,Telephone Field,recover-20220922,001,1795
1298.9015,1298.9421,68437,82818,Rhinolophus ferrumequinum,0.025,0.025,-1,Echolocation,/mnt/ubna_data_02_mir/recover-20220922/UBNA_001/20220921_090000.WAV,Telephone Field,recover-20220922,001,1795
1298.9115,1298.9503,68437,82570,Rhinolophus ferrumequinum,0.025,0.025,-1,Echolocation,/mnt/ubna_data_02_mir/recover-20220922/UBNA_001/20220921_090000.WAV,Telephone Field,recover-20220922,001,1795
1298.9285,1298.9515,19453,21951,Nyctalus leisleri,0.014,0.027,-1,Echolocation,/mnt/ubna_data_02_mir/recover-20220922/UBNA_001/20220921_090000.WAV,Telephone Field,recover-20220922,001,1795
1298.9385,1298.9785,68437,81470,Rhinolophus ferrumequinum,0.026,0.026,-1,Echolocation,/mnt/ubna_data_02_mir/recover-20220922/UBNA_001/20220921_090000.WAV,Telephone Field,recover-20220922,001,1795
1298.9755,1299.0146,68437,82455,Rhinolophus ferrumequinum,0.037,0.037,-1,Echolocation,/mnt/ubna_data_02_mir/recover-20220922/UBNA_001/20220921_090000.WAV,Telephone Field,recover-20220922,001,1795
1298.9975,1299.0417,68437,83328,Rhinolophus ferrumequinum,0.039,0.039,-1,Echolocation,/mnt/ubna_data_02_mir/recover-20220922/UBNA_001/20220921_090000.WAV,Telephone Field,recover-20220922,001,1795
1299.0265,1299.0365,27187,34954,Eptesicus serotinus,0.012,0.025,-1,Echolocation,/mnt/ubna_data_02_mir/recover-20220922/UBNA_001/20220921_090000.WAV,Telephone Field,recover-20220922,001,1795
1299.0355,1299.0447,28046,38062,Eptesicus serotinus,0.008,0.022,-1,Echolocation,/mnt/ubna_data_02_mir/recover-20220922/UBNA_001/20220921_090000.WAV,Telephone Field,recover-20220922,001,1795
1299.0625,1299.1059,68437,83446,Rhinolophus ferrumequinum,0.039,0.039,-1,Echolocation,/mnt/ubna_data_02_mir/recover-20220922/UBNA_001/20220921_090000.WAV,Telephone Field,recover-20220922,001,1795
1299.0675,1299.0835,21171,24411,Nyctalus leisleri,0.017,0.026,-1,Echolocation,/mnt/ubna_data_02_mir/recover-20220922/UBNA_001/20220921_090000.WAV,Telephone Field,recover-20220922,001,1795
1299.0825,1299.125,68437,82764,Rhinolophus ferrumequinum,0.022,0.022,-1,Echolocation,/mnt/ubna_data_02_mir/recover-20220922/UBNA_001/20220921_090000.WAV,Telephone Field,recover-20220922,001,1795
1299.1215,1299.1589,68437,82343,Rhinolophus ferrumequinum,0.022,0.022,-1,Echolocation,/mnt/ubna_data_02_mir/recover-20220922/UBNA_001/20220921_090000.WAV,Telephone Field,recover-20220922,001,1795
1299.1325,1299.1453,23750,29415,Nyctalus leisleri,0.016,0.035,-1,Echolocation,/mnt/ubna_data_02_mir/recover-20220922/UBNA_001/20220921_090000.WAV,Telephone Field,recover-20220922,001,1795
1299.1565,1299.1925,68437,81271,Rhinolophus ferrumequinum,0.022,0.022,-1,Echolocation,/mnt/ubna_data_02_mir/recover-20220922/UBNA_001/20220921_090000.WAV,Telephone Field,recover-20220922,001,1795
1299.1715,1299.2104,68437,82701,Rhinolophus ferrumequinum,0.022,0.022,-1,Echolocation,/mnt/ubna_data_02_mir/recover-20220922/UBNA_001/20220921_090000.WAV,Telephone Field,recover-20220922,001,1795
1299.1905,1299.2308,68437,82233,Rhinolophus ferrumequinum,0.024,0.024,-1,Echolocation,/mnt/ubna_data_02_mir/recover-20220922/UBNA_001/20220921_090000.WAV,Telephone Field,recover-20220922,001,1795
1299.2115,1299.2513,68437,81984,Rhinolophus ferrumequinum,0.023,0.023,-1,Echolocation,/mnt/ubna_data_02_mir/recover-20220922/UBNA_001/20220921_090000.WAV,Telephone Field,recover-20220922,001,1795
1299.2185,1299.2308,22031,26738,Nyctalus leisleri,0.013,0.026,-1,Echolocation,/mnt/ubna_data_02_mir/recover-20220922/UBNA_001/20220921_090000.WAV,Telephone Field,recover-20220922,001,1795
1299.2715,1299.311,68437,82838,Rhinolophus ferrumequinum,0.032,0.032,-1,Echolocation,/mnt/ubna_data_02_mir/recover-20220922/UBNA_001/20220921_090000.WAV,Telephone Field,recover-20220922,001,1795
1299.2805,1299.322,68437,83242,Rhinolophus ferrumequinum,0.024,0.024,-1,Echolocation,/mnt/ubna_data_02_mir/recover-20220922/UBNA_001/20220921_090000.WAV,Telephone Field,recover-20220922,001,1795
1299.2955,1299.3034,28906,39671,Eptesicus serotinus,0.01,0.025,-1,Echolocation,/mnt/ubna_data_02_mir/recover-20220922/UBNA_001/20220921_090000.WAV,Telephone Field,recover-20220922,001,1795
1299.3045,1299.3467,68437,82387,Rhinolophus ferrumequinum,0.029,0.029,-1,Echolocation,/mnt/ubna_data_02_mir/recover-20220922/UBNA_001/20220921_090000.WAV,Telephone Field,recover-20220922,001,1795
1299.3305,1299.3411,28906,36538,Eptesicus serotinus,0.013,0.028,-1,Echolocation,/mnt/ubna_data_02_mir/recover-20220922/UBNA_001/20220921_090000.WAV,Telephone Field,recover-20220922,001,1795
1299.3645,1299.403,68437,81832,Rhinolophus ferrumequinum,0.022,0.022,-1,Echolocation,/mnt/ubna_data_02_mir/recover-20220922/UBNA_001/20220921_090000.WAV,Telephone Field,recover-20220922,001,1795
1299.3855,1299.4211,68437,81738,Rhinolophus ferrumequinum,0.034,0.034,-1,Echolocation,/mnt/ubna_data_02_mir/recover-20220922/UBNA_001/20220921_090000.WAV,Telephone Field,recover-20220922,001,1795
1299.3915,1299.4035,25468,31534,Eptesicus serotinus,0.014,0.035,-1,Echolocation,/mnt/ubna_data_02_mir/recover-20220922/UBNA_001/20220921_090000.WAV,Telephone Field,recover-20220922,001,1795
1299.4005,1299.437,68437,81709,Rhinolophus ferrumequinum,0.023,0.023,-1,Echolocation,/mnt/ubna_data_02_mir/recover-20220922/UBNA_001/20220921_090000.WAV,Telephone Field,recover-20220922,001,1795
1299.4295,1299.4735,68437,82972,Rhinolophus ferrumequinum,0.046,0.046,-1,Echolocation,/mnt/ubna_data_02_mir/recover-20220922/UBNA_001/20220921_090000.WAV,Telephone Field,recover-20220922,001,1795
1299.4505,1299.4614,22890,28273,Nyctalus leisleri,0.011,0.026,-1,Echolocation,/mnt/ubna_data_02_mir/recover-20220922/UBNA_001/20220921_090000.WAV,Telephone Field,recover-20220922,001,1795
1299.4925,1299.5052,32343,36570,Eptesicus serotinus,0.009,0.028,-1,Echolocation,/mnt/ubna_data_02_mir/recover-20220922/UBNA_001/20220921_090000.WAV,Telephone Field,recover-20220922,001,1795
1299.5535,1299.5947,68437,82476,Rhinolophus ferrumequinum,0.023,0.023,-1,Echolocation,/mnt/ubna_data_02_mir/recover-20220922/UBNA_001/20220921_090000.WAV,Telephone Field,recover-20220922,001,1795
1299.5625,1299.6011,68437,82439,Rhinolophus ferrumequinum,0.025,0.025,-1,Echolocation,/mnt/ubna_data_02_mir/recover-20220922/UBNA_001/20220921_090000.WAV,Telephone Field,recover-20220922,001,1795
1299.5715,1299.5815,23750,30476,Nyctalus leisleri,0.008,0.025,-1,Echolocation,/mnt/ubna_data_02_mir/recover-20220922/UBNA_001/20220921_090000.WAV,Telephone Field,recover-20220922,001,1795
1299.6055,1299.6418,68437,81061,Rhinolophus ferrumequinum,0.026,0.026,-1,Echolocation,/mnt/ubna_data_02_mir/recover-20220922/UBNA_001/20220921_090000.WAV,Telephone Field,recover-20220922,001,1795
1299.6075,1299.6148,28906,38006,Eptesicus serotinus,0.01,0.028,-1,Echolocation,/mnt/ubna_data_02_mir/recover-20220922/UBNA_001/20220921_090000.WAV,Telephone Field,recover-20220922,001,1795
1299.6225,1299.6327,24609,31576,Eptesicus serotinus,0.01,0.025,-1,Echolocation,/mnt/ubna_data_02_mir/recover-20220922/UBNA_001/20220921_090000.WAV,Telephone Field,recover-20220922,001,1795
1299.6275,1299.6688,68437,82585,Rhinolophus ferrumequinum,0.023,0.023,-1,Echolocation,/mnt/ubna_data_02_mir/recover-20220922/UBNA_001/20220921_090000.WAV,Telephone Field,recover-20220922,001,1795
1299.6465,1299.6839,68437,82080,Rhinolophus ferrumequinum,0.028,0.028,-1,Echolocation,/mnt/ubna_data_02_mir/recover-20220922/UBNA_001/20220921_090000.WAV,Telephone Field,recover-20220922,001,1795
1299.6645,1299.7045,68437,83110,Rhinolophus ferrumequinum,0.045,0.045,-1,Echolocation,/mnt/ubna_data_02_mir/recover-20220922/UBNA_001/20220921_090000.WAV,Telephone Field,recover-20220922,001,1795
1299.6965,1299.7058,28046,37263,Eptesicus serotinus,0.008,0.023,-1,Echolocation,/mnt/ubna_data_02_mir/recover-20220922/UBNA_001/20220921_090000.WAV,Telephone Field,recover-20220922,001,1795
1299.6985,1299.7369,68437,81700,Rhinolophus ferrumequinum,0.033,0.033,-1,Echolocation,/mnt/ubna_data_02_mir/recover-20220922/UBNA_001/20220921_090000.WAV,Telephone Field,recover-20220922,001,1795
1299.6995,1299.7099,22890,28487,Nyctalus leisleri,0.011,0.022,-1,Echolocation,/mnt/ubna_data_02_mir/recover-20220922/UBNA_001/20220921_090000.WAV,Telephone Field,recover-20220922,001,1795
1299.7525,1299.7897,68437,82159,Rhinolophus ferrumequinum,0.023,0.023,-1,Echolocation,/mnt/ubna_data_02_mir/recover-20220922/UBNA_001/20220921_090000.WAV,Telephone Field,recover-20220922,001,1795
1299.7705,1299.7812,22890,27683,Nyctalus leisleri,0.015,0.029,-1,Echolocation,/mnt/ubna_data_02_mir/recover-20220922/UBNA_001/20220921_090000.WAV,Telephone Field,recover-20220922,001,1795
1299.8005,1299.8467,68437,83724,Rhinolophus ferrumequinum,0.084,0.084,-1,Echolocation,/mnt/ubna_data_02_mir/recover-20220922/UBNA_001/20220921_090000.WAV,Telephone Field,recover-20220922,001,1795
1299.8255,1299.8645,68437,81986,Rhinolophus ferrumequinum,0.025,0.025,-1,Echolocation,/mnt/ubna_data_02_mir/recover-20220922/UBNA_001/20220921_090000.WAV,Telephone Field,recover-20220922,001,1795
1299.8325,1299.8724,68437,82065,Rhinolophus ferrumequinum,0.029,0.029,-1,Echolocation,/mnt/ubna_data_02_mir/recover-20220922/UBNA_001/20220921_090000.WAV,Telephone Field,recover-20220922,001,1795
1299.8865,1299.9248,68437,82274,Rhinolophus ferrumequinum,0.023,0.023,-1,Echolocation,/mnt/ubna_data_02_mir/recover-20220922/UBNA_001/20220921_090000.WAV,Telephone Field,recover-20220922,001,1795
1299.9075,1299.9456,68437,81809,Rhinolophus ferrumequinum,0.024,0.024,-1,Echolocation,/mnt/ubna_data_02_mir/recover-20220922/UBNA_001/20220921_090000.WAV,Telephone Field,recover-20220922,001,1795
1299.9185,1299.9542,68437,80800,Rhinolophus ferrumequinum,0.022,0.022,-1,Echolocation,/mnt/ubna_data_02_mir/recover-20220922/UBNA_001/20220921_090000.WAV,Telephone Field,recover-20220922,001,1795
1299.9425,1299.9868,68437,83591,Rhinolophus ferrumequinum,0.054,0.054,-1,Echolocation,/mnt/ubna_data_02_mir/recover-20220922/UBNA_001/20220921_090000.WAV,Telephone Field,recover-20220922,001,1795
1300.0015,1300.0347,68437,79817,Rhinolophus ferrumequinum,0.039,0.039,-1,Echolocation,/mnt/ubna_data_02_mir/recover-20220922/UBNA_001/20220921_090000.WAV,Telephone Field,recover-20220922,001,1795
1300.0015,1300.0094,25468,37952,Myotis nattereri,0.006,0.031,-1,Echolocation,/mnt/ubna_data_02_mir/recover-20220922/UBNA_001/20220921_090000.WAV,Telephone Field,recover-20220922,001,1795
1300.0015,1300.0081,44375,48828,Pipistrellus pipistrellus,0.028,0.033,-1,Echolocation,/mnt/ubna_data_02_mir/recover-20220922/UBNA_001/20220921_090000.WAV,Telephone Field,recover-20220922,001,1795
1300.0075,1300.0523,68437,82068,Rhinolophus ferrumequinum,0.029,0.029,-1,Echolocation,/mnt/ubna_data_02_mir/recover-20220922/UBNA_001/20220921_090000.WAV,Telephone Field,recover-20220922,001,1795
1300.0085,1300.0194,22890,29232,Nyctalus leisleri,0.011,0.027,-1,Echolocation,/mnt/ubna_data_02_mir/recover-20220922/UBNA_001/20220921_090000.WAV,Telephone Field,recover-20220922,001,1795
1300.0155,1300.0333,20312,23450,Nyctalus leisleri,0.014,0.027,-1,Echolocation,/mnt/ubna_data_02_mir/recover-20220922/UBNA_001/20220921_090000.WAV,Telephone Field,recover-20220922,001,1795
1300.0395,1300.079,68437,82114,Rhinolophus ferrumequinum,0.024,0.024,-1,Echolocation,/mnt/ubna_data_02_mir/recover-20220922/UBNA_001/20220921_090000.WAV,Telephone Field,recover-20220922,001,1795
1300.0785,1300.1161,68437,82076,Rhinolophus ferrumequinum,0.026,0.026,-1,Echolocation,/mnt/ubna_data_02_mir/recover-20220922/UBNA_001/20220921_090000.WAV,Telephone Field,recover-20220922,001,1795
1300.0805,1300.092,47812,52959,Pipistrellus pipistrellus,0.044,0.048,-1,Echolocation,/mnt/ubna_data_02_mir/recover-20220922/UBNA_001/20220921_090000.WAV,Telephone Field,recover-20220922,001,1795
1300.0995,1300.1379,68437,82543,Rhinolophus ferrumequinum,0.022,0.022,-1,Echolocation,/mnt/ubna_data_02_mir/recover-20220922/UBNA_001/20220921_090000.WAV,Telephone Field,recover-20220922,001,1795
1300.1305,1300.1414,22890,29343,Nyctalus leisleri,0.011,0.028,-1,Echolocation,/mnt/ubna_data_02_mir/recover-20220922/UBNA_001/20220921_090000.WAV,Telephone Field,recover-20220922,001,1795
1300.1625,1300.201,68437,82145,Rhinolophus ferrumequinum,0.023,0.023,-1,Echolocation,/mnt/ubna_data_02_mir/recover-20220922/UBNA_001/20220921_090000.WAV,Telephone Field,recover-20220922,001,1795
1300.1645,1300.1736,28906,39010,Eptesicus serotinus,0.008,0.025,-1,Echolocation,/mnt/ubna_data_02_mir/recover-20220922/UBNA_001/20220921_090000.WAV,Telephone Field,recover-20220922,001,1795
1300.1885,1300.1967,51250,55602,Pipistrellus pipistrellus,0.024,0.028,-1,Echolocation,/mnt/ubna_data_02_mir/recover-20220922/UBNA_001/20220921_090000.WAV,Telephone Field,recover-20220922,001,1795
1300.1945,1300.2298,68437,81385,Rhinolophus ferrumequinum,0.023,0.023,-1,Echolocation,/mnt/ubna_data_02_mir/recover-20220922/UBNA_001/20220921_090000.WAV,Telephone Field,recover-20220922,001,1795
1300.2155,1300.2561,68437,83106,Rhinolophus ferrumequinum,0.027,0.027,-1,Echolocation,/mnt/ubna_data_02_mir/recover-20220922/UBNA_001/20220921_090000.WAV,Telephone Field,recover-20220922,001,1795
1300.2235,1300.2325,22031,28036,Plecotus austriacus,0.008,0.022,-1,Echolocation,/mnt/ubna_data_02_mir/recover-20220922/UBNA_001/20220921_090000.WAV,Telephone Field,recover-20220922,001,1795
1300.2885,1300.3302,68437,82802,Rhinolophus ferrumequinum,0.024,0.024,-1,Echolocation,/mnt/ubna_data_02_mir/recover-20220922/UBNA_001/20220921_090000.WAV,Telephone Field,recover-20220922,001,1795
1300.3275,1300.3351,23750,32420,Plecotus austriacus,0.011,0.025,-1,Echolocation,/mnt/ubna_data_02_mir/recover-20220922/UBNA_001/20220921_090000.WAV,Telephone Field,recover-20220922,001,1795
1300.3755,1300.3874,29765,37170,Eptesicus serotinus,0.013,0.027,-1,Echolocation,/mnt/ubna_data_02_mir/recover-20220922/UBNA_001/20220921_090000.WAV,Telephone Field,recover-20220922,001,1795
1300.4735,1300.4824,23750,31732,Plecotus austriacus,0.008,0.025,-1,Echolocation,/mnt/ubna_data_02_mir/recover-20220922/UBNA_001/20220921_090000.WAV,Telephone Field,recover-20220922,001,1795
1300.5755,1300.6142,68437,82100,Rhinolophus ferrumequinum,0.024,0.024,-1,Echolocation,/mnt/ubna_data_02_mir/recover-20220922/UBNA_001/20220921_090000.WAV,Telephone Field,recover-20220922,001,1795
1300.5795,1300.5904,22890,28827,Nyctalus leisleri,0.009,0.022,-1,Echolocation,/mnt/ubna_data_02_mir/recover-20220922/UBNA_001/20220921_090000.WAV,Telephone Field,recover-20220922,001,1795
1300.6005,1300.6239,17734,20385,Nyctalus noctula,0.015,0.027,-1,Echolocation,/mnt/ubna_data_02_mir/recover-20220922/UBNA_001/20220921_090000.WAV,Telephone Field,recover-20220922,001,1795
1300.6165,1300.6558,68437,82713,Rhinolophus ferrumequinum,0.026,0.026,-1,Echolocation,/mnt/ubna_data_02_mir/recover-20220922/UBNA_001/20220921_090000.WAV,Telephone Field,recover-20220922,001,1795
1300.6195,1300.6291,28046,35905,Eptesicus serotinus,0.02,0.038,-1,Echolocation,/mnt/ubna_data_02_mir/recover-20220922/UBNA_001/20220921_090000.WAV,Telephone Field,recover-20220922,001,1795
1300.6485,1300.656,23750,32572,Plecotus austriacus,0.009,0.024,-1,Echolocation,/mnt/ubna_data_02_mir/recover-20220922/UBNA_001/20220921_090000.WAV,Telephone Field,recover-20220922,001,1795
1300.6805,1300.7188,68437,82366,Rhinolophus ferrumequinum,0.022,0.022,-1,Echolocation,/mnt/ubna_data_02_mir/recover-20220922/UBNA_001/20220921_090000.WAV,Telephone Field,recover-20220922,001,1795
1300.6865,1300.6946,26328,37897,Eptesicus serotinus,0.009,0.024,-1,Echolocation,/mnt/ubna_data_02_mir/recover-20220922/UBNA_001/20220921_090000.WAV,Telephone Field,recover-20220922,001,1795
1300.6985,1300.706,26328,35085,Eptesicus serotinus,0.008,0.023,-1,Echolocation,/mnt/ubna_data_02_mir/recover-20220922/UBNA_001/20220921_090000.WAV,Telephone Field,recover-20220922,001,1795
1300.7235,1300.7308,28046,40524,Eptesicus serotinus,0.008,0.024,-1,Echolocation,/mnt/ubna_data_02_mir/recover-20220922/UBNA_001/20220921_090000.WAV,Telephone Field,recover-20220922,001,1795
1300.7425,1300.7509,28906,38458,Eptesicus serotinus,0.007,0.023,-1,Echolocation,/mnt/ubna_data_02_mir/recover-20220922/UBNA_001/20220921_090000.WAV,Telephone Field,recover-20220922,001,1795
1300.7505,1300.7601,28906,40016,Eptesicus serotinus,0.008,0.022,-1,Echolocation,/mnt/ubna_data_02_mir/recover-20220922/UBNA_001/20220921_090000.WAV,Telephone Field,recover-20220922,001,1795
1300.7685,1300.8098,68437,82640,Rhinolophus ferrumequinum,0.038,0.038,-1,Echolocation,/mnt/ubna_data_02_mir/recover-20220922/UBNA_001/20220921_090000.WAV,Telephone Field,recover-20220922,001,1795
1300.7965,1300.8361,68437,81967,Rhinolophus ferrumequinum,0.024,0.024,-1,Echolocation,/mnt/ubna_data_02_mir/recover-20220922/UBNA_001/20220921_090000.WAV,Telephone Field,recover-20220922,001,1795
1300.7975,1300.8045,41796,53607,Myotis daubentonii,0.007,0.032,-1,Echolocation,/mnt/ubna_data_02_mir/recover-20220922/UBNA_001/20220921_090000.WAV,Telephone Field,recover-20220922,001,1795
1300.8065,1300.8448,68437,83016,Rhinolophus ferrumequinum,0.039,0.04,-1,Echolocation,/mnt/ubna_data_02_mir/recover-20220922/UBNA_001/20220921_090000.WAV,Telephone Field,recover-20220922,001,1795
1300.8405,1300.8513,28906,37019,Eptesicus serotinus,0.014,0.029,-1,Echolocation,/mnt/ubna_data_02_mir/recover-20220922/UBNA_001/20220921_090000.WAV,Telephone Field,recover-20220922,001,1795
1300.8505,1300.862,27187,33944,Eptesicus serotinus,0.014,0.027,-1,Echolocation,/mnt/ubna_data_02_mir/recover-20220922/UBNA_001/20220921_090000.WAV,Telephone Field,recover-20220922,001,1795
1300.8735,1300.9124,68437,82159,Rhinolophus ferrumequinum,0.022,0.022,-1,Echolocation,/mnt/ubna_data_02_mir/recover-20220922/UBNA_001/20220921_090000.WAV,Telephone Field,recover-20220922,001,1795
1300.8785,1300.8902,22890,27766,Nyctalus leisleri,0.011,0.022,-1,Echolocation,/mnt/ubna_data_02_mir/recover-20220922/UBNA_001/20220921_090000.WAV,Telephone Field,recover-20220922,001,1795
1300.8925,1300.9304,68437,82115,Rhinolophus ferrumequinum,0.022,0.022,-1,Echolocation,/mnt/ubna_data_02_mir/recover-20220922/UBNA_001/20220921_090000.WAV,Telephone Field,recover-20220922,001,1795
1300.9015,1300.9091,44375,48583,Pipistrellus pipistrellus,0.035,0.037,-1,Echolocation,/mnt/ubna_data_02_mir/recover-20220922/UBNA_001/20220921_090000.WAV,Telephone Field,recover-20220922,001,1795
1300.9095,1300.9195,22031,27412,Nyctalus leisleri,0.009,0.023,-1,Echolocation,/mnt/ubna_data_02_mir/recover-20220922/UBNA_001/20220921_090000.WAV,Telephone Field,recover-20220922,001,1795
1300.9205,1300.9578,68437,82012,Rhinolophus ferrumequinum,0.023,0.024,-1,Echolocation,/mnt/ubna_data_02_mir/recover-20220922/UBNA_001/20220921_090000.WAV,Telephone Field,recover-20220922,001,1795
1300.9685,1301.0077,68437,82268,Rhinolophus ferrumequinum,0.022,0.022,-1,Echolocation,/mnt/ubna_data_02_mir/recover-20220922/UBNA_001/20220921_090000.WAV,Telephone Field,recover-20220922,001,1795
1300.9705,1300.9901,17734,22380,Nyctalus noctula,0.016,0.023,-1,Echolocation,/mnt/ubna_data_02_mir/recover-20220922/UBNA_001/20220921_090000.WAV,Telephone Field,recover-20220922,001,1795
1300.9765,1301.015,68437,81526,Rhinolophus ferrumequinum,0.022,0.023,-1,Echolocation,/mnt/ubna_data_02_mir/recover-20220922/UBNA_001/20220921_090000.WAV,Telephone Field,recover-20220922,001,1795
1301.0125,1301.052,68437,82297,Rhinolophus ferrumequinum,0.03,0.03,-1,Echolocation,/mnt/ubna_data_02_mir/recover-20220922/UBNA_001/20220921_090000.WAV,Telephone Field,recover-20220922,001,1795
1301.0905,1301.13,68437,82169,Rhinolophus ferrumequinum,0.024,0.024,-1,Echolocation,/mnt/ubna_data_02_mir/recover-20220922/UBNA_001/20220921_090000.WAV,Telephone Field,recover-20220922,001,1795
1301.1045,1301.1433,68437,81922,Rhinolophus ferrumequinum,0.022,0.022,-1,Echolocation,/mnt/ubna_data_02_mir/recover-20220922/UBNA_001/20220921_090000.WAV,Telephone Field,recover-20220922,001,1795
1301.1345,1301.1773,68437,82842,Rhinolophus ferrumequinum,0.029,0.029,-1,Echolocation,/mnt/ubna_data_02_mir/recover-20220922/UBNA_001/20220921_090000.WAV,Telephone Field,recover-20220922,001,1795
1301.1635,1301.1729,24609,32293,Nyctalus leisleri,0.009,0.029,-1,Echolocation,/mnt/ubna_data_02_mir/recover-20220922/UBNA_001/20220921_090000.WAV,Telephone Field,recover-20220922,001,1795
1301.1635,1301.2026,68437,82184,Rhinolophus ferrumequinum,0.022,0.022,-1,Echolocation,/mnt/ubna_data_02_mir/recover-20220922/UBNA_001/20220921_090000.WAV,Telephone Field,recover-20220922,001,1795
1301.1635,1301.1718,43515,50493,Pipistrellus pipistrellus,0.018,0.024,-1,Echolocation,/mnt/ubna_data_02_mir/recover-20220922/UBNA_001/20220921_090000.WAV,Telephone Field,recover-20220922,001,1795
1301.1885,1301.2073,18593,22874,Nyctalus noctula,0.019,0.03,-1,Echolocation,/mnt/ubna_data_02_mir/recover-20220922/UBNA_001/20220921_090000.WAV,Telephone Field,recover-20220922,001,1795
1301.2215,1301.2591,68437,81506,Rhinolophus ferrumequinum,0.026,0.026,-1,Echolocation,/mnt/ubna_data_02_mir/recover-20220922/UBNA_001/20220921_090000.WAV,Telephone Field,recover-20220922,001,1795
1301.2505,1301.2914,68437,82460,Rhinolophus ferrumequinum,0.022,0.022,-1,Echolocation,/mnt/ubna_data_02_mir/recover-20220922/UBNA_001/20220921_090000.WAV,Telephone Field,recover-20220922,001,1795
1301.2945,1301.3311,68437,82336,Rhinolophus ferrumequinum,0.025,0.025,-1,Echolocation,/mnt/ubna_data_02_mir/recover-20220922/UBNA_001/20220921_090000.WAV,Telephone Field,recover-20220922,001,1795
1301.3095,1301.3163,26328,35838,Eptesicus serotinus,0.005,0.021,-1,Echolocation,/mnt/ubna_data_02_mir/recover-20220922/UBNA_001/20220921_090000.WAV,Telephone Field,recover-20220922,001,1795
1301.3315,1301.3697,68437,81653,Rhinolophus ferrumequinum,0.022,0.023,-1,Echolocation,/mnt/ubna_data_02_mir/recover-20220922/UBNA_001/20220921_090000.WAV,Telephone Field,recover-20220922,001,1795
1301.3385,1301.3791,68437,82564,Rhinolophus ferrumequinum,0.026,0.026,-1,Echolocation,/mnt/ubna_data_02_mir/recover-20220922/UBNA_001/20220921_090000.WAV,Telephone Field,recover-20220922,001,1795
1301.3855,1301.4233,68437,82153,Rhinolophus ferrumequinum,0.024,0.024,-1,Echolocation,/mnt/ubna_data_02_mir/recover-20220922/UBNA_001/20220921_090000.WAV,Telephone Field,recover-20220922,001,1795
1301.3935,1301.4323,68437,81888,Rhinolophus ferrumequinum,0.022,0.022,-1,Echolocation,/mnt/ubna_data_02_mir/recover-20220922/UBNA_001/20220921_090000.WAV,Telephone Field,recover-20220922,001,1795
1301.4095,1301.4486,68437,81871,Rhinolophus ferrumequinum,0.027,0.027,-1,Echolocation,/mnt/ubna_data_02_mir/recover-20220922/UBNA_001/20220921_090000.WAV,Telephone Field,recover-20220922,001,1795
1301.4155,1301.4251,22890,30207,Plecotus austriacus,0.007,0.021,-1,Echolocation,/mnt/ubna_data_02_mir/recover-20220922/UBNA_001/20220921_090000.WAV,Telephone Field,recover-20220922,001,1795
1301.4415,1301.4824,68437,82376,Rhinolophus ferrumequinum,0.022,0.023,-1,Echolocation,/mnt/ubna_data_02_mir/recover-20220922/UBNA_001/20220921_090000.WAV,Telephone Field,recover-20220922,001,1795
1301.4685,1301.5055,68437,81676,Rhinolophus ferrumequinum,0.023,0.023,-1,Echolocation,/mnt/ubna_data_02_mir/recover-20220922/UBNA_001/20220921_090000.WAV,Telephone Field,recover-20220922,001,1795
1301.4825,1301.4925,28046,36007,Eptesicus serotinus,0.023,0.042,-1,Echolocation,/mnt/ubna_data_02_mir/recover-20220922/UBNA_001/20220921_090000.WAV,Telephone Field,recover-20220922,001,1795
1301.5085,1301.5494,68437,82335,Rhinolophus ferrumequinum,0.035,0.035,-1,Echolocation,/mnt/ubna_data_02_mir/recover-20220922/UBNA_001/20220921_090000.WAV,Telephone Field,recover-20220922,001,1795
1301.5195,1301.5578,68437,82264,Rhinolophus ferrumequinum,0.025,0.025,-1,Echolocation,/mnt/ubna_data_02_mir/recover-20220922/UBNA_001/20220921_090000.WAV,Telephone Field,recover-20220922,001,1795
1301.5215,1301.5326,44375,47771,Pipistrellus pipistrellus,0.044,0.047,-1,Echolocation,/mnt/ubna_data_02_mir/recover-20220922/UBNA_001/20220921_090000.WAV,Telephone Field,recover-20220922,001,1795
1301.5425,1301.5814,68437,82212,Rhinolophus ferrumequinum,0.021,0.022,-1,Echolocation,/mnt/ubna_data_02_mir/recover-20220922/UBNA_001/20220921_090000.WAV,Telephone Field,recover-20220922,001,1795
1301.5725,1301.6091,68437,81860,Rhinolophus ferrumequinum,0.022,0.022,-1,Echolocation,/mnt/ubna_data_02_mir/recover-20220922/UBNA_001/20220921_090000.WAV,Telephone Field,recover-20220922,001,1795
1301.5925,1301.6069,23750,28247,Nyctalus leisleri,0.011,0.022,-1,Echolocation,/mnt/ubna_data_02_mir/recover-20220922/UBNA_001/20220921_090000.WAV,Telephone Field,recover-20220922,001,1795
1301.6055,1301.6439,68437,81408,Rhinolophus ferrumequinum,0.026,0.026,-1,Echolocation,/mnt/ubna_data_02_mir/recover-20220922/UBNA_001/20220921_090000.WAV,Telephone Field,recover-20220922,001,1795
1301.6285,1301.64,23750,29754,Nyctalus leisleri,0.01,0.024,-1,Echolocation,/mnt/ubna_data_02_mir/recover-20220922/UBNA_001/20220921_090000.WAV,Telephone Field,recover-20220922,001,1795
1301.6575,1301.6736,16015,20753,Nyctalus noctula,0.015,0.023,-1,Echolocation,/mnt/ubna_data_02_mir/recover-20220922/UBNA_001/20220921_090000.WAV,Telephone Field,recover-20220922,001,1795
1301.6915,1301.7321,68437,82988,Rhinolophus ferrumequinum,0.026,0.026,-1,Echolocation,/mnt/ubna_data_02_mir/recover-20220922/UBNA_001/20220921_090000.WAV,Telephone Field,recover-20220922,001,1795
1301.7145,1301.7558,68437,82271,Rhinolophus ferrumequinum,0.025,0.025,-1,Echolocation,/mnt/ubna_data_02_mir/recover-20220922/UBNA_001/20220921_090000.WAV,Telephone Field,recover-20220922,001,1795
1301.7595,1301.8002,68437,82902,Rhinolophus ferrumequinum,0.028,0.028,-1,Echolocation,/mnt/ubna_data_02_mir/recover-20220922/UBNA_001/20220921_090000.WAV,Telephone Field,recover-20220922,001,1795
1301.7625,1301.7708,27187,38856,Eptesicus serotinus,0.009,0.024,-1,Echolocation,/mnt/ubna_data_02_mir/recover-20220922/UBNA_001/20220921_090000.WAV,Telephone Field,recover-20220922,001,1795
1301.8125,1301.8569,68437,83528,Rhinolophus ferrumequinum,0.042,0.042,-1,Echolocation,/mnt/ubna_data_02_mir/recover-20220922/UBNA_001/20220921_090000.WAV,Telephone Field,recover-20220922,001,1795
1301.9045,1301.9429,68437,81506,Rhinolophus ferrumequinum,0.022,0.022,-1,Echolocation,/mnt/ubna_data_02_mir/recover-20220922/UBNA_001/20220921_090000.WAV,Telephone Field,recover-20220922,001,1795
1301.9095,1301.9197,28046,37464,Eptesicus serotinus,0.011,0.024,-1,Echolocation,/mnt/ubna_data_02_mir/recover-20220922/UBNA_001/20220921_090000.WAV,Telephone Field,recover-20220922,001,1795
1301.9195,1301.9283,28046,39681,Eptesicus serotinus,0.01,0.025,-1,Echolocation,/mnt/ubna_data_02_mir/recover-20220922/UBNA_001/20220921_090000.WAV,Telephone Field,recover-20220922,001,1795
1301.9305,1301.9708,68437,82355,Rhinolophus ferrumequinum,0.025,0.025,-1,Echolocation,/mnt/ubna_data_02_mir/recover-20220922/UBNA_001/20220921_090000.WAV,Telephone Field,recover-20220922,001,1795
1301.9445,1301.9829,68437,81697,Rhinolophus ferrumequinum,0.023,0.023,-1,Echolocation,/mnt/ubna_data_02_mir/recover-20220922/UBNA_001/20220921_090000.WAV,Telephone Field,recover-20220922,001,1795
1301.9855,1301.9961,22031,27194,Nyctalus leisleri,0.01,0.023,-1,Echolocation,/mnt/ubna_data_02_mir/recover-20220922/UBNA_001/20220921_090000.WAV,Telephone Field,recover-20220922,001,1795
1302.0015,1302.0134,20312,26422,Nyctalus leisleri,0.011,0.026,-1,Echolocation,/mnt/ubna_data_02_mir/recover-20220922/UBNA_001/20220921_090000.WAV,Telephone Field,recover-20220922,001,1795
1302.0015,1302.0349,68437,79650,Rhinolophus ferrumequinum,0.031,0.031,-1,Echolocation,/mnt/ubna_data_02_mir/recover-20220922/UBNA_001/20220921_090000.WAV,Telephone Field,recover-20220922,001,1795
1302.0015,1302.0135,50390,55370,Pipistrellus pipistrellus,0.021,0.031,-1,Echolocation,/mnt/ubna_data_02_mir/recover-20220922/UBNA_001/20220921_090000.WAV,Telephone Field,recover-20220922,001,1795
1302.0075,1302.0488,68437,82312,Rhinolophus ferrumequinum,0.022,0.022,-1,Echolocation,/mnt/ubna_data_02_mir/recover-20220922/UBNA_001/20220921_090000.WAV,Telephone Field,recover-20220922,001,1795
1302.0365,1302.0805,68437,83496,Rhinolophus ferrumequinum,0.046,0.046,-1,Echolocation,/mnt/ubna_data_02_mir/recover-20220922/UBNA_001/20220921_090000.WAV,Telephone Field,recover-20220922,001,1795
1302.0505,1302.0612,29765,36274,Eptesicus serotinus,0.013,0.026,-1,Echolocation,/mnt/ubna_data_02_mir/recover-20220922/UBNA_001/20220921_090000.WAV,Telephone Field,recover-20220922,001,1795
1302.0795,1302.0871,28046,37909,Eptesicus serotinus,0.011,0.032,-1,Echolocation,/mnt/ubna_data_02_mir/recover-20220922/UBNA_001/20220921_090000.WAV,Telephone Field,recover-20220922,001,1795
1302.0995,1302.1386,68437,82302,Rhinolophus ferrumequinum,0.022,0.022,-1,Echolocation,/mnt/ubna_data_02_mir/recover-20220922/UBNA_001/20220921_090000.WAV,Telephone Field,recover-20220922,001,1795
1302.1055,1302.1472,68437,82974,Rhinolophus ferrumequinum,0.022,0.022,-1,Echolocation,/mnt/ubna_data_02_mir/recover-20220922/UBNA_001/20220921_090000.WAV,Telephone Field,recover-20220922,001,1795
1302.1245,1302.135,14296,20413,Nyctalus noctula,0.014,0.026,-1,Echolocation,/mnt/ubna_data_02_mir/recover-20220922/UBNA_001/20220921_090000.WAV,Telephone Field,recover-20220922,001,1795
1302.1345,1302.1736,68437,82617,Rhinolophus ferrumequinum,0.024,0.024,-1,Echolocation,/mnt/ubna_data_02_mir/recover-20220922/UBNA_001/20220921_090000.WAV,Telephone Field,recover-20220922,001,1795
1302.1675,1302.2076,68437,82008,Rhinolophus ferrumequinum,0.028,0.028,-1,Echolocation,/mnt/ubna_data_02_mir/recover-20220922/UBNA_001/20220921_090000.WAV,Telephone Field,recover-20220922,001,1795
1302.2135,1302.2245,27187,35123,Eptesicus serotinus,0.011,0.025,-1,Echolocation,/mnt/ubna_data_02_mir/recover-20220922/UBNA_001/20220921_090000.WAV,Telephone Field,recover-20220922,001,1795
1302.2205,1302.2606,68437,81577,Rhinolophus ferrumequinum,0.027,0.027,-1,Echolocation,/mnt/ubna_data_02_mir/recover-20220922/UBNA_001/20220921_090000.WAV,Telephone Field,recover-20220922,001,1795
1302.2255,1302.2632,68437,81638,Rhinolophus ferrumequinum,0.024,0.024,-1,Echolocation,/mnt/ubna_data_02_mir/recover-20220922/UBNA_001/20220921_090000.WAV,Telephone Field,recover-20220922,001,1795
1302.2475,1302.2854,68437,81191,Rhinolophus ferrumequinum,0.022,0.022,-1,Echolocation,/mnt/ubna_data_02_mir/recover-20220922/UBNA_001/20220921_090000.WAV,Telephone Field,recover-20220922,001,1795
1302.2945,1302.3334,68437,81477,Rhinolophus ferrumequinum,0.024,0.024,-1,Echolocation,/mnt/ubna_data_02_mir/recover-20220922/UBNA_001/20220921_090000.WAV,Telephone Field,recover-20220922,001,1795
1302.3225,1302.3622,68437,82297,Rhinolophus ferrumequinum,0.023,0.023,-1,Echolocation,/mnt/ubna_data_02_mir/recover-20220922/UBNA_001/20220921_090000.WAV,Telephone Field,recover-20220922,001,1795
1302.3435,1302.3833,68437,82985,Rhinolophus ferrumequinum,0.029,0.029,-1,Echolocation,/mnt/ubna_data_02_mir/recover-20220922/UBNA_001/20220921_090000.WAV,Telephone Field,recover-20220922,001,1795
1302.3635,1302.3744,28906,35476,Eptesicus serotinus,0.008,0.021,-1,Echolocation,/mnt/ubna_data_02_mir/recover-20220922/UBNA_001/20220921_090000.WAV,Telephone Field,recover-20220922,001,1795
1302.3935,1302.4358,68437,83401,Rhinolophus ferrumequinum,0.043,0.043,-1,Echolocation,/mnt/ubna_data_02_mir/recover-20220922/UBNA_001/20220921_090000.WAV,Telephone Field,recover-20220922,001,1795
1302.3965,1302.406,23750,30286,Nyctalus leisleri,0.009,0.03,-1,Echolocation,/mnt/ubna_data_02_mir/recover-20220922/UBNA_001/20220921_090000.WAV,Telephone Field,recover-20220922,001,1795
1302.4145,1302.4246,26328,33094,Eptesicus serotinus,0.012,0.031,-1,Echolocation,/mnt/ubna_data_02_mir/recover-20220922/UBNA_001/20220921_090000.WAV,Telephone Field,recover-20220922,001,1795
1302.4345,1302.4413,50390,55094,Pipistrellus pipistrellus,0.021,0.023,-1,Echolocation,/mnt/ubna_data_02_mir/recover-20220922/UBNA_001/20220921_090000.WAV,Telephone Field,recover-20220922,001,1795
1302.4445,1302.4829,68437,82154,Rhinolophus ferrumequinum,0.026,0.026,-1,Echolocation,/mnt/ubna_data_02_mir/recover-20220922/UBNA_001/20220921_090000.WAV,Telephone Field,recover-20220922,001,1795
1302.4635,1302.4696,28906,38715,Eptesicus serotinus,0.008,0.03,-1,Echolocation,/mnt/ubna_data_02_mir/recover-20220922/UBNA_001/20220921_090000.WAV,Telephone Field,recover-20220922,001,1795
1302.4635,1302.4727,22890,30252,Plecotus austriacus,0.012,0.031,-1,Echolocation,/mnt/ubna_data_02_mir/recover-20220922/UBNA_001/20220921_090000.WAV,Telephone Field,recover-20220922,001,1795
1302.4785,1302.5157,68437,81955,Rhinolophus ferrumequinum,0.026,0.026,-1,Echolocation,/mnt/ubna_data_02_mir/recover-20220922/UBNA_001/20220921_090000.WAV,Telephone Field,recover-20220922,001,1795
1302.5025,1302.5125,28046,35538,Eptesicus serotinus,0.012,0.026,-1,Echolocation,/mnt/ubna_data_02_mir/recover-20220922/UBNA_001/20220921_090000.WAV,Telephone Field,recover-20220922,001,1795
1302.5175,1302.5564,68437,82394,Rhinolophus ferrumequinum,0.021,0.021,-1,Echolocation,/mnt/ubna_data_02_mir/recover-20220922/UBNA_001/20220921_090000.WAV,Telephone Field,recover-20220922,001,1795
1302.5305,1302.5405,22031,27450,Nyctalus leisleri,0.009,0.024,-1,Echolocation,/mnt/ubna_data_02_mir/recover-20220922/UBNA_001/20220921_090000.WAV,Telephone Field,recover-20220922,001,1795
1302.5405,1302.5805,68437,82075,Rhinolophus ferrumequinum,0.023,0.023,-1,Echolocation,/mnt/ubna_data_02_mir/recover-20220922/UBNA_001/20220921_090000.WAV,Telephone Field,recover-20220922,001,1795
1302.5455,1302.5531,23750,32393,Plecotus austriacus,0.01,0.025,-1,Echolocation,/mnt/ubna_data_02_mir/recover-20220922/UBNA_001/20220921_090000.WAV,Telephone Field,recover-20220922,001,1795
1302.5695,1302.6079,68437,82079,Rhinolophus ferrumequinum,0.023,0.023,-1,Echolocation,/mnt/ubna_data_02_mir/recover-20220922/UBNA_001/20220921_090000.WAV,Telephone Field,recover-20220922,001,1795
1302.5815,1302.6206,68437,81998,Rhinolophus ferrumequinum,0.021,0.021,-1,Echolocation,/mnt/ubna_data_02_mir/recover-20220922/UBNA_001/20220921_090000.WAV,Telephone Field,recover-20220922,001,1795
1302.6325,1302.6735,68437,83044,Rhinolophus ferrumequinum,0.029,0.029,-1,Echolocation,/mnt/ubna_data_02_mir/recover-20220922/UBNA_001/20220921_090000.WAV,Telephone Field,recover-20220922,001,1795
1302.6355,1302.6453,26328,35329,Eptesicus serotinus,0.012,0.026,-1,Echolocation,/mnt/ubna_data_02_mir/recover-20220922/UBNA_001/20220921_090000.WAV,Telephone Field,recover-20220922,001,1795
1302.6395,1302.649,48671,52778,Pipistrellus pipistrellus,0.029,0.032,-1,Echolocation,/mnt/ubna_data_02_mir/recover-20220922/UBNA_001/20220921_090000.WAV,Telephone Field,recover-20220922,001,1795
1302.6545,1302.6892,68437,81547,Rhinolophus ferrumequinum,0.022,0.022,-1,Echolocation,/mnt/ubna_data_02_mir/recover-20220922/UBNA_001/20220921_090000.WAV,Telephone Field,recover-20220922,001,1795
1302.6615,1302.6731,22890,27805,Nyctalus leisleri,0.011,0.023,-1,Echolocation,/mnt/ubna_data_02_mir/recover-20220922/UBNA_001/20220921_090000.WAV,Telephone Field,recover-20220922,001,1795
1302.6645,1302.6767,35781,42759,Pipistrellus nathusii,0.013,0.025,-1,Echolocation,/mnt/ubna_data_02_mir/recover-20220922/UBNA_001/20220921_090000.WAV,Telephone Field,recover-20220922,001,1795
1302.6665,1302.7049,68437,82153,Rhinolophus ferrumequinum,0.021,0.021,-1,Echolocation,/mnt/ubna_data_02_mir/recover-20220922/UBNA_001/20220921_090000.WAV,Telephone Field,recover-20220922,001,1795
1302.6925,1302.7009,26328,35050,Eptesicus serotinus,0.011,0.03,-1,Echolocation,/mnt/ubna_data_02_mir/recover-20220922/UBNA_001/20220921_090000.WAV,Telephone Field,recover-20220922,001,1795
1302.7095,1302.7486,68437,82770,Rhinolophus ferrumequinum,0.031,0.031,-1,Echolocation,/mnt/ubna_data_02_mir/recover-20220922/UBNA_001/20220921_090000.WAV,Telephone Field,recover-20220922,001,1795
1302.7335,1302.773,68437,82504,Rhinolophus ferrumequinum,0.023,0.023,-1,Echolocation,/mnt/ubna_data_02_mir/recover-20220922/UBNA_001/20220921_090000.WAV,Telephone Field,recover-20220922,001,1795
1302.7525,1302.7926,68437,82374,Rhinolophus ferrumequinum,0.023,0.023,-1,Echolocation,/mnt/ubna_data_02_mir/recover-20220922/UBNA_001/20220921_090000.WAV,Telephone Field,recover-20220922,001,1795
1302.7775,1302.8163,68437,82121,Rhinolophus ferrumequinum,0.023,0.023,-1,Echolocation,/mnt/ubna_data_02_mir/recover-20220922/UBNA_001/20220921_090000.WAV,Telephone Field,recover-20220922,001,1795
1302.7865,1302.8237,68437,81801,Rhinolophus ferrumequinum,0.022,0.022,-1,Echolocation,/mnt/ubna_data_02_mir/recover-20220922/UBNA_001/20220921_090000.WAV,Telephone Field,recover-20220922,001,1795
1302.8015,1302.839,68437,81811,Rhinolophus ferrumequinum,0.023,0.023,-1,Echolocation,/mnt/ubna_data_02_mir/recover-20220922/UBNA_001/20220921_090000.WAV,Telephone Field,recover-20220922,001,1795
1302.8075,1302.8259,19453,22126,Nyctalus leisleri,0.011,0.021,-1,Echolocation,/mnt/ubna_data_02_mir/recover-20220922/UBNA_001/20220921_090000.WAV,Telephone Field,recover-20220922,001,1795
1302.8225,1302.834,22890,27141,Nyctalus leisleri,0.012,0.024,-1,Echolocation,/mnt/ubna_data_02_mir/recover-20220922/UBNA_001/20220921_090000.WAV,Telephone Field,recover-20220922,001,1795
1302.8695,1302.9054,68437,81931,Rhinolophus ferrumequinum,0.022,0.022,-1,Echolocation,/mnt/ubna_data_02_mir/recover-20220922/UBNA_001/20220921_090000.WAV,Telephone Field,recover-20220922,001,1795
1302.8935,1302.9026,28906,37664,Eptesicus serotinus,0.009,0.023,-1,Echolocation,/mnt/ubna_data_02_mir/recover-20220922/UBNA_001/20220921_090000.WAV,Telephone Field,recover-20220922,001,1795
1302.9185,1302.9573,68437,82240,Rhinolophus ferrumequinum,0.021,0.021,-1,Echolocation,/mnt/ubna_data_02_mir/recover-20220922/UBNA_001/20220921_090000.WAV,Telephone Field,recover-20220922,001,1795
1302.9395,1302.9502,28046,36155,Eptesicus serotinus,0.012,0.028,-1,Echolocation,/mnt/ubna_data_02_mir/recover-20220922/UBNA_001/20220921_090000.WAV,Telephone Field,recover-20220922,001,1795
1302.9405,1302.9803,68437,81939,Rhinolophus ferrumequinum,0.025,0.026,-1,Echolocation,/mnt/ubna_data_02_mir/recover-20220922/UBNA_001/20220921_090000.WAV,Telephone Field,recover-20220922,001,1795
1302.9915,1302.9979,23750,35475,Plecotus austriacus,0.024,0.047,-1,Echolocation,/mnt/ubna_data_02_mir/recover-20220922/UBNA_001/20220921_090000.WAV,Telephone Field,recover-20220922,001,1795
1302.9935,1303.0031,15156,22739,Nyctalus noctula,0.01,0.023,-1,Echolocation,/mnt/ubna_data_02_mir/recover-20220922/UBNA_001/20220921_090000.WAV,Telephone Field,recover-20220922,001,1795
1303.0045,1303.0146,25468,32313,Eptesicus serotinus,0.01,0.023,-1,Echolocation,/mnt/ubna_data_02_mir/recover-20220922/UBNA_001/20220921_090000.WAV,Telephone Field,recover-20220922,001,1795
1303.0105,1303.0515,68437,82506,Rhinolophus ferrumequinum,0.022,0.022,-1,Echolocation,/mnt/ubna_data_02_mir/recover-20220922/UBNA_001/20220921_090000.WAV,Telephone Field,recover-20220922,001,1795
1303.0195,1303.0269,26328,35772,Eptesicus serotinus,0.008,0.024,-1,Echolocation,/mnt/ubna_data_02_mir/recover-20220922/UBNA_001/20220921_090000.WAV,Telephone Field,recover-20220922,001,1795
1303.0475,1303.087,68437,81896,Rhinolophus ferrumequinum,0.021,0.021,-1,Echolocation,/mnt/ubna_data_02_mir/recover-20220922/UBNA_001/20220921_090000.WAV,Telephone Field,recover-20220922,001,1795
1303.0695,1303.0773,26328,38497,Eptesicus serotinus,0.007,0.021,-1,Echolocation,/mnt/ubna_data_02_mir/recover-20220922/UBNA_001/20220921_090000.WAV,Telephone Field,recover-20220922,001,1795
1303.0855,1303.0953,23750,30416,Nyctalus leisleri,0.008,0.023,-1,Echolocation,/mnt/ubna_data_02_mir/recover-20220922/UBNA_001/20220921_090000.WAV,Telephone Field,recover-20220922,001,1795
1303.0915,1303.1356,68437,83300,Rhinolophus ferrumequinum,0.033,0.033,-1,Echolocation,/mnt/ubna_data_02_mir/recover-20220922/UBNA_001/20220921_090000.WAV,Telephone Field,recover-20220922,001,1795
1303.0965,1303.1048,28046,40168,Eptesicus serotinus,0.007,0.022,-1,Echolocation,/mnt/ubna_data_02_mir/recover-20220922/UBNA_001/20220921_090000.WAV,Telephone Field,recover-20220922,001,1795
1303.1165,1303.1531,68437,82193,Rhinolophus ferrumequinum,0.021,0.021,-1,Echolocation,/mnt/ubna_data_02_mir/recover-20220922/UBNA_001/20220921_090000.WAV,Telephone Field,recover-20220922,001,1795
1303.1235,1303.1313,24609,33862,Plecotus austriacus,0.015,0.044,-1,Echolocation,/mnt/ubna_data_02_mir/recover-20220922/UBNA_001/20220921_090000.WAV,Telephone Field,recover-20220922,001,1795
1303.1385,1303.1788,68437,82835,Rhinolophus ferrumequinum,0.024,0.024,-1,Echolocation,/mnt/ubna_data_02_mir/recover-20220922/UBNA_001/20220921_090000.WAV,Telephone Field,recover-20220922,001,1795
1303.1655,1303.1743,25468,34295,Eptesicus serotinus,0.008,0.022,-1,Echolocation,/mnt/ubna_data_02_mir/recover-20220922/UBNA_001/20220921_090000.WAV,Telephone Field,recover-20220922,001,1795
1303.2155,1303.2534,68437,81653,Rhinolophus ferrumequinum,0.022,0.022,-1,Echolocation,/mnt/ubna_data_02_mir/recover-20220922/UBNA_001/20220921_090000.WAV,Telephone Field,recover-20220922,001,1795
1303.2225,1303.2328,22890,28148,Nyctalus leisleri,0.01,0.022,-1,Echolocation,/mnt/ubna_data_02_mir/recover-20220922/UBNA_001/20220921_090000.WAV,Telephone Field,recover-20220922,001,1795
1303.2245,1303.2622,68437,82596,Rhinolophus ferrumequinum,0.022,0.022,-1,Echolocation,/mnt/ubna_data_02_mir/recover-20220922/UBNA_001/20220921_090000.WAV,Telephone Field,recover-20220922,001,1795
1303.2655,1303.2996,68437,81440,Rhinolophus ferrumequinum,0.021,0.021,-1,Echolocation,/mnt/ubna_data_02_mir/recover-20220922/UBNA_001/20220921_090000.WAV,Telephone Field,recover-20220922,001,1795
1303.3545,1303.3629,27187,39283,Eptesicus serotinus,0.008,0.023,-1,Echolocation,/mnt/ubna_data_02_mir/recover-20220922/UBNA_001/20220921_090000.WAV,Telephone Field,recover-20220922,001,1795
1303.3685,1303.4091,68437,82966,Rhinolophus ferrumequinum,0.023,0.023,-1,Echolocation,/mnt/ubna_data_02_mir/recover-20220922/UBNA_001/20220921_090000.WAV,Telephone Field,recover-20220922,001,1795
1303.3715,1303.3793,23750,32488,Plecotus austriacus,0.01,0.025,-1,Echolocation,/mnt/ubna_data_02_mir/recover-20220922/UBNA_001/20220921_090000.WAV,Telephone Field,recover-20220922,001,1795
1303.3805,1303.4176,68437,81610,Rhinolophus ferrumequinum,0.023,0.023,-1,Echolocation,/mnt/ubna_data_02_mir/recover-20220922/UBNA_001/20220921_090000.WAV,Telephone Field,recover-20220922,001,1795
1303.4275,1303.4372,25468,33374,Eptesicus serotinus,0.009,0.024,-1,Echolocation,/mnt/ubna_data_02_mir/recover-20220922/UBNA_001/20220921_090000.WAV,Telephone Field,recover-20220922,001,1795
1303.4395,1303.4596,17734,21450,Nyctalus noctula,0.03,0.043,-1,Echolocation,/mnt/ubna_data_02_mir/recover-20220922/UBNA_001/20220921_090000.WAV,Telephone Field,recover-20220922,001,1795
1303.5025,1303.5128,26328,34446,Eptesicus serotinus,0.01,0.022,-1,Echolocation,/mnt/ubna_data_02_mir/recover-20220922/UBNA_001/20220921_090000.WAV,Telephone Field,recover-20220922,001,1795
1303.5105,1303.5477,68437,81348,Rhinolophus ferrumequinum,0.022,0.022,-1,Echolocation,/mnt/ubna_data_02_mir/recover-20220922/UBNA_001/20220921_090000.WAV,Telephone Field,recover-20220922,001,1795
1303.5135,1303.5238,24609,32312,Eptesicus serotinus,0.01,0.026,-1,Echolocation,/mnt/ubna_data_02_mir/recover-20220922/UBNA_001/20220921_090000.WAV,Telephone Field,recover-20220922,001,1795
1303.5265,1303.5368,24609,31161,Nyctalus leisleri,0.007,0.021,-1,Echolocation,/mnt/ubna_data_02_mir/recover-20220922/UBNA_001/20220921_090000.WAV,Telephone Field,recover-20220922,001,1795
1303.5275,1303.5671,68437,82934,Rhinolophus ferrumequinum,0.025,0.025,-1,Echolocation,/mnt/ubna_data_02_mir/recover-20220922/UBNA_001/20220921_090000.WAV,Telephone Field,recover-20220922,001,1795
1303.5505,1303.5924,68437,82797,Rhinolophus ferrumequinum,0.036,0.036,-1,Echolocation,/mnt/ubna_data_02_mir/recover-20220922/UBNA_001/20220921_090000.WAV,Telephone Field,recover-20220922,001,1795
1303.5765,1303.5955,20312,23258,Nyctalus leisleri,0.023,0.044,-1,Echolocation,/mnt/ubna_data_02_mir/recover-20220922/UBNA_001/20220921_090000.WAV,Telephone Field,recover-20220922,001,1795
1303.6115,1303.6498,68437,82114,Rhinolophus ferrumequinum,0.022,0.022,-1,Echolocation,/mnt/ubna_data_02_mir/recover-20220922/UBNA_001/20220921_090000.WAV,Telephone Field,recover-20220922,001,1795
1303.6125,1303.6201,26328,38481,Eptesicus serotinus,0.006,0.022,-1,Echolocation,/mnt/ubna_data_02_mir/recover-20220922/UBNA_001/20220921_090000.WAV,Telephone Field,recover-20220922,001,1795
1303.6285,1303.6397,22031,26863,Nyctalus leisleri,0.011,0.023,-1,Echolocation,/mnt/ubna_data_02_mir/recover-20220922/UBNA_001/20220921_090000.WAV,Telephone Field,recover-20220922,001,1795
1303.6345,1303.6432,27187,36537,Eptesicus serotinus,0.012,0.028,-1,Echolocation,/mnt/ubna_data_02_mir/recover-20220922/UBNA_001/20220921_090000.WAV,Telephone Field,recover-20220922,001,1795
1303.6605,1303.6997,68437,82605,Rhinolophus ferrumequinum,0.026,0.026,-1,Echolocation,/mnt/ubna_data_02_mir/recover-20220922/UBNA_001/20220921_090000.WAV,Telephone Field,recover-20220922,001,1795
1303.7155,1303.7521,68437,81782,Rhinolophus ferrumequinum,0.023,0.023,-1,Echolocation,/mnt/ubna_data_02_mir/recover-20220922/UBNA_001/20220921_090000.WAV,Telephone Field,recover-20220922,001,1795
1303.7235,1303.7622,68437,81396,Rhinolophus ferrumequinum,0.022,0.022,-1,Echolocation,/mnt/ubna_data_02_mir/recover-20220922/UBNA_001/20220921_090000.WAV,Telephone Field,recover-20220922,001,1795
1303.7245,1303.7412,21171,24523,Nyctalus leisleri,0.014,0.025,-1,Echolocation,/mnt/ubna_data_02_mir/recover-20220922/UBNA_001/20220921_090000.WAV,Telephone Field,recover-20220922,001,1795
1303.8005,1303.8099,28906,39281,Eptesicus serotinus,0.01,0.022,-1,Echolocation,/mnt/ubna_data_02_mir/recover-20220922/UBNA_001/20220921_090000.WAV,Telephone Field,recover-20220922,001,1795
1303.8135,1303.8485,68437,81435,Rhinolophus ferrumequinum,0.022,0.022,-1,Echolocation,/mnt/ubna_data_02_mir/recover-20220922/UBNA_001/20220921_090000.WAV,Telephone Field,recover-20220922,001,1795
1303.8765,1303.917,68437,82774,Rhinolophus ferrumequinum,0.032,0.032,-1,Echolocation,/mnt/ubna_data_02_mir/recover-20220922/UBNA_001/20220921_090000.WAV,Telephone Field,recover-20220922,001,1795
1303.8985,1303.9137,20312,23998,Nyctalus leisleri,0.013,0.024,-1,Echolocation,/mnt/ubna_data_02_mir/recover-20220922/UBNA_001/20220921_090000.WAV,Telephone Field,recover-20220922,001,1795
1303.9675,1303.9789,22890,28550,Nyctalus leisleri,0.012,0.026,-1,Echolocation,/mnt/ubna_data_02_mir/recover-20220922/UBNA_001/20220921_090000.WAV,Telephone Field,recover-20220922,001,1795
1303.9775,1303.9852,28906,37869,Eptesicus serotinus,0.007,0.022,-1,Echolocation,/mnt/ubna_data_02_mir/recover-20220922/UBNA_001/20220921_090000.WAV,Telephone Field,recover-20220922,001,1795
1304.0015,1304.0098,34921,43434,Myotis daubentonii,0.007,0.024,-1,Echolocation,/mnt/ubna_data_02_mir/recover-20220922/UBNA_001/20220921_090000.WAV,Telephone Field,recover-20220922,001,1795
1304.0015,1304.0343,68437,79430,Rhinolophus ferrumequinum,0.023,0.024,-1,Echolocation,/mnt/ubna_data_02_mir/recover-20220922/UBNA_001/20220921_090000.WAV,Telephone Field,recover-20220922,001,1795
1304.0015,1304.0106,25468,35347,Nyctalus leisleri,0.009,0.032,-1,Echolocation,/mnt/ubna_data_02_mir/recover-20220922/UBNA_001/20220921_090000.WAV,Telephone Field,recover-20220922,001,1795
1304.0025,1304.0146,54687,60182,Pipistrellus pygmaeus,0.021,0.022,-1,Echolocation,/mnt/ubna_data_02_mir/recover-20220922/UBNA_001/20220921_090000.WAV,Telephone Field,recover-20220922,001,1795
1304.0105,1304.0213,28906,35388,Eptesicus serotinus,0.015,0.031,-1,Echolocation,/mnt/ubna_data_02_mir/recover-20220922/UBNA_001/20220921_090000.WAV,Telephone Field,recover-20220922,001,1795
1304.0125,1304.0485,68437,82329,Rhinolophus ferrumequinum,0.022,0.022,-1,Echolocation,/mnt/ubna_data_02_mir/recover-20220922/UBNA_001/20220921_090000.WAV,Telephone Field,recover-20220922,001,1795
1304.0255,1304.0643,68437,81924,Rhinolophus ferrumequinum,0.022,0.022,-1,Echolocation,/mnt/ubna_data_02_mir/recover-20220922/UBNA_001/20220921_090000.WAV,Telephone Field,recover-20220922,001,1795
1304.0265,1304.0362,40078,47687,Pipistrellus nathusii,0.009,0.022,-1,Echolocation,/mnt/ubna_data_02_mir/recover-20220922/UBNA_001/20220921_090000.WAV,Telephone Field,recover-20220922,001,1795
1304.0445,1304.0537,28046,38918,Eptesicus serotinus,0.011,0.026,-1,Echolocation,/mnt/ubna_data_02_mir/recover-20220922/UBNA_001/20220921_090000.WAV,Telephone Field,recover-20220922,001,1795
1304.0725,1304.1097,68437,81616,Rhinolophus ferrumequinum,0.024,0.024,-1,Echolocation,/mnt/ubna_data_02_mir/recover-20220922/UBNA_001/20220921_090000.WAV,Telephone Field,recover-20220922,001,1795
1304.0775,1304.0855,27187,38318,Eptesicus serotinus,0.006,0.023,-1,Echolocation,/mnt/ubna_data_02_mir/recover-20220922/UBNA_001/20220921_090000.WAV,Telephone Field,recover-20220922,001,1795
1304.1075,1304.1449,68437,81481,Rhinolophus ferrumequinum,0.025,0.025,-1,Echolocation,/mnt/ubna_data_02_mir/recover-20220922/UBNA_001/20220921_090000.WAV,Telephone Field,recover-20220922,001,1795
1304.1145,1304.1541,68437,82130,Rhinolophus ferrumequinum,0.025,0.025,-1,Echolocation,/mnt/ubna_data_02_mir/recover-20220922/UBNA_001/20220921_090000.WAV,Telephone Field,recover-20220922,001,1795
1304.1485,1304.1899,68437,82626,Rhinolophus ferrumequinum,0.029,0.029,-1,Echolocation,/mnt/ubna_data_02_mir/recover-20220922/UBNA_001/20220921_090000.WAV,Telephone Field,recover-20220922,001,1795
1304.1525,1304.1639,28906,36382,Eptesicus serotinus,0.015,0.026,-1,Echolocation,/mnt/ubna_data_02_mir/recover-20220922/UBNA_001/20220921_090000.WAV,Telephone Field,recover-20220922,001,1795
1304.1695,1304.205,68437,80733,Rhinolophus ferrumequinum,0.023,0.024,-1,Echolocation,/mnt/ubna_data_02_mir/recover-20220922/UBNA_001/20220921_090000.WAV,Telephone Field,recover-20220922,001,1795
1304.1815,1304.2196,68437,81265,Rhinolophus ferrumequinum,0.023,0.023,-1,Echolocation,/mnt/ubna_data_02_mir/recover-20220922/UBNA_001/20220921_090000.WAV,Telephone Field,recover-20220922,001,1795
1304.1985,1304.2061,28046,35879,Eptesicus serotinus,0.012,0.03,-1,Echolocation,/mnt/ubna_data_02_mir/recover-20220922/UBNA_001/20220921_090000.WAV,Telephone Field,recover-20220922,001,1795
1304.2155,1304.2559,68437,82520,Rhinolophus ferrumequinum,0.029,0.029,-1,Echolocation,/mnt/ubna_data_02_mir/recover-20220922/UBNA_001/20220921_090000.WAV,Telephone Field,recover-20220922,001,1795
1304.2295,1304.2374,25468,34400,Eptesicus serotinus,0.007,0.024,-1,Echolocation,/mnt/ubna_data_02_mir/recover-20220922/UBNA_001/20220921_090000.WAV,Telephone Field,recover-20220922,001,1795
1304.2535,1304.2734,20312,23090,Nyctalus leisleri,0.02,0.033,-1,Echolocation,/mnt/ubna_data_02_mir/recover-20220922/UBNA_001/20220921_090000.WAV,Telephone Field,recover-20220922,001,1795
1304.2965,1304.304,23750,32393,Plecotus austriacus,0.009,0.022,-1,Echolocation,/mnt/ubna_data_02_mir/recover-20220922/UBNA_001/20220921_090000.WAV,Telephone Field,recover-20220922,001,1795
1304.2965,1304.3337,68437,81741,Rhinolophus ferrumequinum,0.025,0.025,-1,Echolocation,/mnt/ubna_data_02_mir/recover-20220922/UBNA_001/20220921_090000.WAV,Telephone Field,recover-20220922,001,1795
1304.3065,1304.3486,68437,82692,Rhinolophus ferrumequinum,0.028,0.028,-1,Echolocation,/mnt/ubna_data_02_mir/recover-20220922/UBNA_001/20220921_090000.WAV,Telephone Field,recover-20220922,001,1795
1304.3195,1304.365,68437,83627,Rhinolophus ferrumequinum,0.033,0.033,-1,Echolocation,/mnt/ubna_data_02_mir/recover-20220922/UBNA_001/20220921_090000.WAV,Telephone Field,recover-20220922,001,1795
1304.3525,1304.363,22890,28484,Nyctalus leisleri,0.01,0.022,-1,Echolocation,/mnt/ubna_data_02_mir/recover-20220922/UBNA_001/20220921_090000.WAV,Telephone Field,recover-20220922,001,1795
1304.3835,1304.4215,68437,81622,Rhinolophus ferrumequinum,0.022,0.022,-1,Echolocation,/mnt/ubna_data_02_mir/recover-20220922/UBNA_001/20220921_090000.WAV,Telephone Field,recover-20220922,001,1795
1304.4005,1304.4113,22890,27589,Nyctalus leisleri,0.01,0.021,-1,Echolocation,/mnt/ubna_data_02_mir/recover-20220922/UBNA_001/20220921_090000.WAV,Telephone Field,recover-20220922,001,1795
1304.4335,1304.4415,28046,44545,Eptesicus serotinus,0.01,0.025,-1,Echolocation,/mnt/ubna_data_02_mir/recover-20220922/UBNA_001/20220921_090000.WAV,Telephone Field,recover-20220922,001,1795
1304.4335,1304.4417,36640,41842,Barbastellus barbastellus,0.016,0.031,-1,Echolocation,/mnt/ubna_data_02_mir/recover-20220922/UBNA_001/20220921_090000.WAV,Telephone Field,recover-20220922,001,1795
1304.4455,1304.4839,68437,81968,Rhinolophus ferrumequinum,0.023,0.023,-1,Echolocation,/mnt/ubna_data_02_mir/recover-20220922/UBNA_001/20220921_090000.WAV,Telephone Field,recover-20220922,001,1795
1304.4865,1304.5217,68437,81524,Rhinolophus ferrumequinum,0.023,0.023,-1,Echolocation,/mnt/ubna_data_02_mir/recover-20220922/UBNA_001/20220921_090000.WAV,Telephone Field,recover-20220922,001,1795
1304.4925,1304.5292,68437,81695,Rhinolophus ferrumequinum,0.022,0.022,-1,Echolocation,/mnt/ubna_data_02_mir/recover-20220922/UBNA_001/20220921_090000.WAV,Telephone Field,recover-20220922,001,1795
1304.4985,1304.5063,28046,38616,Eptesicus serotinus,0.008,0.023,-1,Echolocation,/mnt/ubna_data_02_mir/recover-20220922/UBNA_001/20220921_090000.WAV,Telephone Field,recover-20220922,001,1795
1304.5005,1304.5391,68437,81845,Rhinolophus ferrumequinum,0.024,0.024,-1,Echolocation,/mnt/ubna_data_02_mir/recover-20220922/UBNA_001/20220921_090000.WAV,Telephone Field,recover-20220922,001,1795
1304.5235,1304.5642,68437,82386,Rhinolophus ferrumequinum,0.022,0.022,-1,Echolocation,/mnt/ubna_data_02_mir/recover-20220922/UBNA_001/20220921_090000.WAV,Telephone Field,recover-20220922,001,1795
1304.5265,1304.5348,27187,41287,Eptesicus serotinus,0.008,0.022,-1,Echolocation,/mnt/ubna_data_02_mir/recover-20220922/UBNA_001/20220921_090000.WAV,Telephone Field,recover-20220922,001,1795
1304.5625,1304.5998,68437,82076,Rhinolophus ferrumequinum,0.023,0.023,-1,Echolocation,/mnt/ubna_data_02_mir/recover-20220922/UBNA_001/20220921_090000.WAV,Telephone Field,recover-20220922,001,1795
1304.5785,1304.6191,68437,82561,Rhinolophus ferrumequinum,0.025,0.025,-1,Echolocation,/mnt/ubna_data_02_mir/recover-20220922/UBNA_001/20220921_090000.WAV,Telephone Field,recover-20220922,001,1795
1304.5905,1304.6017,26328,33726,Eptesicus serotinus,0.015,0.031,-1,Echolocation,/mnt/ubna_data_02_mir/recover-20220922/UBNA_001/20220921_090000.WAV,Telephone Field,recover-20220922,001,1795
1304.6065,1304.6431,68437,81489,Rhinolophus ferrumequinum,0.021,0.022,-1,Echolocation,/mnt/ubna_data_02_mir/recover-20220922/UBNA_001/20220921_090000.WAV,Telephone Field,recover-20220922,001,1795
1304.6425,1304.6777,68437,81919,Rhinolophus ferrumequinum,0.026,0.026,-1,Echolocation,/mnt/ubna_data_02_mir/recover-20220922/UBNA_001/20220921_090000.WAV,Telephone Field,recover-20220922,001,1795
1304.6945,1304.7027,28046,38267,Eptesicus serotinus,0.008,0.024,-1,Echolocation,/mnt/ubna_data_02_mir/recover-20220922/UBNA_001/20220921_090000.WAV,Telephone Field,recover-20220922,001,1795
1304.7425,1304.7502,28046,38691,Eptesicus serotinus,0.007,0.022,-1,Echolocation,/mnt/ubna_data_02_mir/recover-20220922/UBNA_001/20220921_090000.WAV,Telephone Field,recover-20220922,001,1795
1304.7805,1304.8188,68437,82255,Rhinolophus ferrumequinum,0.025,0.025,-1,Echolocation,/mnt/ubna_data_02_mir/recover-20220922/UBNA_001/20220921_090000.WAV,Telephone Field,recover-20220922,001,1795
1304.8125,1304.8235,23750,29621,Nyctalus leisleri,0.01,0.022,-1,Echolocation,/mnt/ubna_data_02_mir/recover-20220922/UBNA_001/20220921_090000.WAV,Telephone Field,recover-20220922,001,1795
1304.8195,1304.8281,25468,33685,Eptesicus serotinus,0.007,0.022,-1,Echolocation,/mnt/ubna_data_02_mir/recover-20220922/UBNA_001/20220921_090000.WAV,Telephone Field,recover-20220922,001,1795
1304.8485,1304.8593,23750,29547,Nyctalus leisleri,0.011,0.025,-1,Echolocation,/mnt/ubna_data_02_mir/recover-20220922/UBNA_001/20220921_090000.WAV,Telephone Field,recover-20220922,001,1795
1304.8485,1304.8862,68437,81985,Rhinolophus ferrumequinum,0.022,0.022,-1,Echolocation,/mnt/ubna_data_02_mir/recover-20220922/UBNA_001/20220921_090000.WAV,Telephone Field,recover-20220922,001,1795
1304.8695,1304.878,28046,40548,Eptesicus serotinus,0.008,0.022,-1,Echolocation,/mnt/ubna_data_02_mir/recover-20220922/UBNA_001/20220921_090000.WAV,Telephone Field,recover-20220922,001,1795
1304.8855,1304.9253,68437,82107,Rhinolophus ferrumequinum,0.023,0.023,-1,Echolocation,/mnt/ubna_data_02_mir/recover-20220922/UBNA_001/20220921_090000.WAV,Telephone Field,recover-20220922,001,1795
1304.8945,1304.9338,68437,82562,Rhinolophus ferrumequinum,0.022,0.022,-1,Echolocation,/mnt/ubna_data_02_mir/recover-20220922/UBNA_001/20220921_090000.WAV,Telephone Field,recover-20220922,001,1795
1304.9155,1304.9552,68437,82446,Rhinolophus ferrumequinum,0.022,0.022,-1,Echolocation,/mnt/ubna_data_02_mir/recover-20220922/UBNA_001/20220921_090000.WAV,Telephone Field,recover-20220922,001,1795
1304.9495,1304.9603,27187,34249,Eptesicus serotinus,0.014,0.028,-1,Echolocation,/mnt/ubna_data_02_mir/recover-20220922/UBNA_001/20220921_090000.WAV,Telephone Field,recover-20220922,001,1795
1304.9565,1304.9917,68437,80740,Rhinolophus ferrumequinum,0.022,0.022,-1,Echolocation,/mnt/ubna_data_02_mir/recover-20220922/UBNA_001/20220921_090000.WAV,Telephone Field,recover-20220922,001,1795
1304.9975,1305.0364,68437,82240,Rhinolophus ferrumequinum,0.026,0.026,-1,Echolocation,/mnt/ubna_data_02_mir/recover-20220922/UBNA_001/20220921_090000.WAV,Telephone Field,recover-20220922,001,1795
1305.0305,1305.0401,26328,34431,Eptesicus serotinus,0.009,0.022,-1,Echolocation,/mnt/ubna_data_02_mir/recover-20220922/UBNA_001/20220921_090000.WAV,Telephone Field,recover-20220922,001,1795
1305.0315,1305.0733,68437,83140,Rhinolophus ferrumequinum,0.026,0.026,-1,Echolocation,/mnt/ubna_data_02_mir/recover-20220922/UBNA_001/20220921_090000.WAV,Telephone Field,recover-20220922,001,1795
1305.1025,1305.1394,68437,81649,Rhinolophus ferrumequinum,0.022,0.022,-1,Echolocation,/mnt/ubna_data_02_mir/recover-20220922/UBNA_001/20220921_090000.WAV,Telephone Field,recover-20220922,001,1795
1305.1495,1305.1619,22890,27044,Nyctalus leisleri,0.018,0.03,-1,Echolocation,/mnt/ubna_data_02_mir/recover-20220922/UBNA_001/20220921_090000.WAV,Telephone Field,recover-20220922,001,1795
1305.1665,1305.207,68437,82782,Rhinolophus ferrumequinum,0.022,0.022,-1,Echolocation,/mnt/ubna_data_02_mir/recover-20220922/UBNA_001/20220921_090000.WAV,Telephone Field,recover-20220922,001,1795
1305.1905,1305.2016,23750,29593,Nyctalus leisleri,0.01,0.023,-1,Echolocation,/mnt/ubna_data_02_mir/recover-20220922/UBNA_001/20220921_090000.WAV,Telephone Field,recover-20220922,001,1795
1305.2125,1305.252,68437,82850,Rhinolophus ferrumequinum,0.024,0.024,-1,Echolocation,/mnt/ubna_data_02_mir/recover-20220922/UBNA_001/20220921_090000.WAV,Telephone Field,recover-20220922,001,1795
1305.2225,1305.2328,23750,30739,Nyctalus leisleri,0.012,0.036,-1,Echolocation,/mnt/ubna_data_02_mir/recover-20220922/UBNA_001/20220921_090000.WAV,Telephone Field,recover-20220922,001,1795
1305.2335,1305.2747,68437,82768,Rhinolophus ferrumequinum,0.028,0.028,-1,Echolocation,/mnt/ubna_data_02_mir/recover-20220922/UBNA_001/20220921_090000.WAV,Telephone Field,recover-20220922,001,1795
1305.2545,1305.2637,26328,34413,Eptesicus serotinus,0.012,0.024,-1,Echolocation,/mnt/ubna_data_02_mir/recover-20220922/UBNA_001/20220921_090000.WAV,Telephone Field,recover-20220922,001,1795
1305.2555,1305.2947,68437,82417,Rhinolophus ferrumequinum,0.024,0.024,-1,Echolocation,/mnt/ubna_data_02_mir/recover-20220922/UBNA_001/20220921_090000.WAV,Telephone Field,recover-20220922,001,1795
1305.2565,1305.2624,15156,33382,Plecotus auritus,0.086,0.112,-1,Echolocation,/mnt/ubna_data_02_mir/recover-20220922/UBNA_001/20220921_090000.WAV,Telephone Field,recover-20220922,001,1795
1305.2855,1305.3263,68437,82872,Rhinolophus ferrumequinum,0.035,0.035,-1,Echolocation,/mnt/ubna_data_02_mir/recover-20220922/UBNA_001/20220921_090000.WAV,Telephone Field,recover-20220922,001,1795
1305.3155,1305.326,24609,31514,Eptesicus serotinus,0.01,0.027,-1,Echolocation,/mnt/ubna_data_02_mir/recover-20220922/UBNA_001/20220921_090000.WAV,Telephone Field,recover-20220922,001,1795
1305.3265,1305.3676,68437,82926,Rhinolophus ferrumequinum,0.026,0.026,-1,Echolocation,/mnt/ubna_data_02_mir/recover-20220922/UBNA_001/20220921_090000.WAV,Telephone Field,recover-20220922,001,1795
1305.3405,1305.349,28046,40015,Eptesicus serotinus,0.008,0.022,-1,Echolocation,/mnt/ubna_data_02_mir/recover-20220922/UBNA_001/20220921_090000.WAV,Telephone Field,recover-20220922,001,1795
1305.3545,1305.3909,68437,81616,Rhinolophus ferrumequinum,0.021,0.021,-1,Echolocation,/mnt/ubna_data_02_mir/recover-20220922/UBNA_001/20220921_090000.WAV,Telephone Field,recover-20220922,001,1795
1305.3635,1305.4032,68437,82187,Rhinolophus ferrumequinum,0.023,0.023,-1,Echolocation,/mnt/ubna_data_02_mir/recover-20220922/UBNA_001/20220921_090000.WAV,Telephone Field,recover-20220922,001,1795
1305.3705,1305.4049,67578,79686,Rhinolophus ferrumequinum,0.021,0.022,-1,Echolocation,/mnt/ubna_data_02_mir/recover-20220922/UBNA_001/20220921_090000.WAV,Telephone Field,recover-20220922,001,1795
1305.3735,1305.3861,22890,27994,Nyctalus leisleri,0.044,0.092,-1,Echolocation,/mnt/ubna_data_02_mir/recover-20220922/UBNA_001/20220921_090000.WAV,Telephone Field,recover-20220922,001,1795
1305.3905,1305.4281,68437,81806,Rhinolophus ferrumequinum,0.027,0.027,-1,Echolocation,/mnt/ubna_data_02_mir/recover-20220922/UBNA_001/20220921_090000.WAV,Telephone Field,recover-20220922,001,1795
1305.3925,1305.4044,33203,38442,Eptesicus serotinus,0.007,0.023,-1,Echolocation,/mnt/ubna_data_02_mir/recover-20220922/UBNA_001/20220921_090000.WAV,Telephone Field,recover-20220922,001,1795
1305.4325,1305.474,68437,82366,Rhinolophus ferrumequinum,0.027,0.027,-1,Echolocation,/mnt/ubna_data_02_mir/recover-20220922/UBNA_001/20220921_090000.WAV,Telephone Field,recover-20220922,001,1795
1305.4565,1305.4638,28046,39256,Eptesicus serotinus,0.006,0.022,-1,Echolocation,/mnt/ubna_data_02_mir/recover-20220922/UBNA_001/20220921_090000.WAV,Telephone Field,recover-20220922,001,1795
1305.4785,1305.5178,68437,82334,Rhinolophus ferrumequinum,0.022,0.022,-1,Echolocation,/mnt/ubna_data_02_mir/recover-20220922/UBNA_001/20220921_090000.WAV,Telephone Field,recover-20220922,001,1795
1305.5485,1305.5831,68437,81150,Rhinolophus ferrumequinum,0.025,0.025,-1,Echolocation,/mnt/ubna_data_02_mir/recover-20220922/UBNA_001/20220921_090000.WAV,Telephone Field,recover-20220922,001,1795
1305.5985,1305.6088,22890,27157,Nyctalus leisleri,0.011,0.021,-1,Echolocation,/mnt/ubna_data_02_mir/recover-20220922/UBNA_001/20220921_090000.WAV,Telephone Field,recover-20220922,001,1795
1305.6895,1305.7332,68437,83224,Rhinolophus ferrumequinum,0.034,0.034,-1,Echolocation,/mnt/ubna_data_02_mir/recover-20220922/UBNA_001/20220921_090000.WAV,Telephone Field,recover-20220922,001,1795
1305.7095,1305.7494,68437,83044,Rhinolophus ferrumequinum,0.041,0.041,-1,Echolocation,/mnt/ubna_data_02_mir/recover-20220922/UBNA_001/20220921_090000.WAV,Telephone Field,recover-20220922,001,1795
1305.7455,1305.7856,68437,82083,Rhinolophus ferrumequinum,0.022,0.022,-1,Echolocation,/mnt/ubna_data_02_mir/recover-20220922/UBNA_001/20220921_090000.WAV,Telephone Field,recover-20220922,001,1795
1305.7575,1305.8006,68437,83607,Rhinolophus ferrumequinum,0.029,0.029,-1,Echolocation,/mnt/ubna_data_02_mir/recover-20220922/UBNA_001/20220921_090000.WAV,Telephone Field,recover-20220922,001,1795
1305.7655,1305.7735,24609,33310,Plecotus austriacus,0.007,0.025,-1,Echolocation,/mnt/ubna_data_02_mir/recover-20220922/UBNA_001/20220921_090000.WAV,Telephone Field,recover-20220922,001,1795
1305.8365,1305.8754,68437,81039,Rhinolophus ferrumequinum,0.029,0.029,-1,Echolocation,/mnt/ubna_data_02_mir/recover-20220922/UBNA_001/20220921_090000.WAV,Telephone Field,recover-20220922,001,1795
1305.8805,1305.9184,68437,80702,Rhinolophus ferrumequinum,0.027,0.028,-1,Echolocation,/mnt/ubna_data_02_mir/recover-20220922/UBNA_001/20220921_090000.WAV,Telephone Field,recover-20220922,001,1795
1305.8905,1305.929,68437,82262,Rhinolophus ferrumequinum,0.022,0.022,-1,Echolocation,/mnt/ubna_data_02_mir/recover-20220922/UBNA_001/20220921_090000.WAV,Telephone Field,recover-20220922,001,1795
1305.9095,1305.9184,28046,36914,Eptesicus serotinus,0.007,0.022,-1,Echolocation,/mnt/ubna_data_02_mir/recover-20220922/UBNA_001/20220921_090000.WAV,Telephone Field,recover-20220922,001,1795
1305.9405,1305.9479,27187,35844,Eptesicus serotinus,0.01,0.026,-1,Echolocation,/mnt/ubna_data_02_mir/recover-20220922/UBNA_001/20220921_090000.WAV,Telephone Field,recover-20220922,001,1795
1305.9425,1305.9825,68437,82378,Rhinolophus ferrumequinum,0.025,0.025,-1,Echolocation,/mnt/ubna_data_02_mir/recover-20220922/UBNA_001/20220921_090000.WAV,Telephone Field,recover-20220922,001,1795
1305.9495,1305.9878,68437,81995,Rhinolophus ferrumequinum,0.022,0.022,-1,Echolocation,/mnt/ubna_data_02_mir/recover-20220922/UBNA_001/20220921_090000.WAV,Telephone Field,recover-20220922,001,1795
1305.9545,1305.992,68437,82182,Rhinolophus ferrumequinum,0.022,0.022,-1,Echolocation,/mnt/ubna_data_02_mir/recover-20220922/UBNA_001/20220921_090000.WAV,Telephone Field,recover-20220922,001,1795
1305.9855,1305.9962,22890,29233,Nyctalus leisleri,0.012,0.028,-1,Echolocation,/mnt/ubna_data_02_mir/recover-20220922/UBNA_001/20220921_090000.WAV,Telephone Field,recover-20220922,001,1795
1306.0015,1306.0345,68437,79548,Rhinolophus ferrumequinum,0.029,0.029,-1,Echolocation,/mnt/ubna_data_02_mir/recover-20220922/UBNA_001/20220921_090000.WAV,Telephone Field,recover-20220922,001,1795
1306.0015,1306.01,26328,36323,Eptesicus serotinus,0.007,0.027,-1,Echolocation,/mnt/ubna_data_02_mir/recover-20220922/UBNA_001/20220921_090000.WAV,Telephone Field,recover-20220922,001,1795
1306.0095,1306.0548,68437,82463,Rhinolophus ferrumequinum,0.022,0.022,-1,Echolocation,/mnt/ubna_data_02_mir/recover-20220922/UBNA_001/20220921_090000.WAV,Telephone Field,recover-20220922,001,1795
1306.0155,1306.0572,68437,82928,Rhinolophus ferrumequinum,0.022,0.022,-1,Echolocation,/mnt/ubna_data_02_mir/recover-20220922/UBNA_001/20220921_090000.WAV,Telephone Field,recover-20220922,001,1795
1306.0225,1306.0327,28906,36503,Eptesicus serotinus,0.012,0.027,-1,Echolocation,/mnt/ubna_data_02_mir/recover-20220922/UBNA_001/20220921_090000.WAV,Telephone Field,recover-20220922,001,1795
1306.0245,1306.0661,68437,82059,Rhinolophus ferrumequinum,0.021,0.022,-1,Echolocation,/mnt/ubna_data_02_mir/recover-20220922/UBNA_001/20220921_090000.WAV,Telephone Field,recover-20220922,001,1795
1306.0665,1306.1054,68437,81953,Rhinolophus ferrumequinum,0.025,0.025,-1,Echolocation,/mnt/ubna_data_02_mir/recover-20220922/UBNA_001/20220921_090000.WAV,Telephone Field,recover-20220922,001,1795
1306.0715,1306.0793,46953,51103,Pipistrellus pipistrellus,0.023,0.025,-1,Echolocation,/mnt/ubna_data_02_mir/recover-20220922/UBNA_001/20220921_090000.WAV,Telephone Field,recover-20220922,001,1795
1306.0915,1306.1015,24609,31543,Eptesicus serotinus,0.011,0.026,-1,Echolocation,/mnt/ubna_data_02_mir/recover-20220922/UBNA_001/20220921_090000.WAV,Telephone Field,recover-20220922,001,1795
1306.1155,1306.154,68437,82228,Rhinolophus ferrumequinum,0.025,0.025,-1,Echolocation,/mnt/ubna_data_02_mir/recover-20220922/UBNA_001/20220921_090000.WAV,Telephone Field,recover-20220922,001,1795
1306.1225,1306.1309,26328,35116,Eptesicus serotinus,0.009,0.024,-1,Echolocation,/mnt/ubna_data_02_mir/recover-20220922/UBNA_001/20220921_090000.WAV,Telephone Field,recover-20220922,001,1795
1306.1455,1306.1561,28906,36023,Eptesicus serotinus,0.009,0.022,-1,Echolocation,/mnt/ubna_data_02_mir/recover-20220922/UBNA_001/20220921_090000.WAV,Telephone Field,recover-20220922,001,1795
1306.1605,1306.1995,68437,82007,Rhinolophus ferrumequinum,0.022,0.022,-1,Echolocation,/mnt/ubna_data_02_mir/recover-20220922/UBNA_001/20220921_090000.WAV,Telephone Field,recover-20220922,001,1795
1306.1915,1306.2001,28046,41291,Eptesicus serotinus,0.011,0.027,-1,Echolocation,/mnt/ubna_data_02_mir/recover-20220922/UBNA_001/20220921_090000.WAV,Telephone Field,recover-20220922,001,1795
1306.1915,1306.1984,37500,45506,Myotis daubentonii,0.008,0.021,-1,Echolocation,/mnt/ubna_data_02_mir/recover-20220922/UBNA_001/20220921_090000.WAV,Telephone Field,recover-20220922,001,1795
1306.2015,1306.2428,68437,82976,Rhinolophus ferrumequinum,0.026,0.026,-1,Echolocation,/mnt/ubna_data_02_mir/recover-20220922/UBNA_001/20220921_090000.WAV,Telephone Field,recover-20220922,001,1795
1306.2295,1306.2703,68437,82299,Rhinolophus ferrumequinum,0.026,0.026,-1,Echolocation,/mnt/ubna_data_02_mir/recover-20220922/UBNA_001/20220921_090000.WAV,Telephone Field,recover-20220922,001,1795
1306.2615,1306.2981,68437,81982,Rhinolophus ferrumequinum,0.021,0.021,-1,Echolocation,/mnt/ubna_data_02_mir/recover-20220922/UBNA_001/20220921_090000.WAV,Telephone Field,recover-20220922,001,1795
1306.2695,1306.3067,68437,81587,Rhinolophus ferrumequinum,0.023,0.023,-1,Echolocation,/mnt/ubna_data_02_mir/recover-20220922/UBNA_001/20220921_090000.WAV,Telephone Field,recover-20220922,001,1795
1306.2845,1306.323,68437,82552,Rhinolophus ferrumequinum,0.024,0.024,-1,Echolocation,/mnt/ubna_data_02_mir/recover-20220922/UBNA_001/20220921_090000.WAV,Telephone Field,recover-20220922,001,1795
1306.2845,1306.2916,46093,52120,Pipistrellus pipistrellus,0.019,0.021,-1,Echolocation,/mnt/ubna_data_02_mir/recover-20220922/UBNA_001/20220921_090000.WAV,Telephone Field,recover-20220922,001,1795
1306.3005,1306.3399,68437,81987,Rhinolophus ferrumequinum,0.023,0.023,-1,Echolocation,/mnt/ubna_data_02_mir/recover-20220922/UBNA_001/20220921_090000.WAV,Telephone Field,recover-20220922,001,1795
1306.3075,1306.3144,28046,39214,Eptesicus serotinus,0.007,0.024,-1,Echolocation,/mnt/ubna_data_02_mir/recover-20220922/UBNA_001/20220921_090000.WAV,Telephone Field,recover-20220922,001,1795
1306.3315,1306.3732,68437,83147,Rhinolophus ferrumequinum,0.023,0.023,-1,Echolocation,/mnt/ubna_data_02_mir/recover-20220922/UBNA_001/20220921_090000.WAV,Telephone Field,recover-20220922,001,1795
1306.3375,1306.3461,27187,35936,Eptesicus serotinus,0.033,0.06,-1,Echolocation,/mnt/ubna_data_02_mir/recover-20220922/UBNA_001/20220921_090000.WAV,Telephone Field,recover-20220922,001,1795
1306.3855,1306.3915,37500,48995,Myotis bechsteinii,0.004,0.021,-1,Echolocation,/mnt/ubna_data_02_mir/recover-20220922/UBNA_001/20220921_090000.WAV,Telephone Field,recover-20220922,001,1795
1306.3915,1306.4299,68437,82006,Rhinolophus ferrumequinum,0.021,0.021,-1,Echolocation,/mnt/ubna_data_02_mir/recover-20220922/UBNA_001/20220921_090000.WAV,Telephone Field,recover-20220922,001,1795
1306.4015,1306.4393,68437,82007,Rhinolophus ferrumequinum,0.022,0.022,-1,Echolocation,/mnt/ubna_data_02_mir/recover-20220922/UBNA_001/20220921_090000.WAV,Telephone Field,recover-20220922,001,1795
1306.4165,1306.4261,27187,38470,Eptesicus serotinus,0.009,0.021,-1,Echolocation,/mnt/ubna_data_02_mir/recover-20220922/UBNA_001/20220921_090000.WAV,Telephone Field,recover-20220922,001,1795
1306.4305,1306.4671,68437,82009,Rhinolophus ferrumequinum,0.022,0.022,-1,Echolocation,/mnt/ubna_data_02_mir/recover-20220922/UBNA_001/20220921_090000.WAV,Telephone Field,recover-20220922,001,1795
1306.4525,1306.4605999999999,26328,34616,Eptesicus serotinus,0.008,0.022,-1,Echolocation,/mnt/ubna_data_02_mir/recover-20220922/UBNA_001/20220921_090000.WAV,Telephone Field,recover-20220922,001,1795
1306.4565,1306.4928,68437,81874,Rhinolophus ferrumequinum,0.033,0.033,-1,Echolocation,/mnt/ubna_data_02_mir/recover-20220922/UBNA_001/20220921_090000.WAV,Telephone Field,recover-20220922,001,1795
1306.4725,1306.4797,28046,41640,Eptesicus serotinus,0.007,0.025,-1,Echolocation,/mnt/ubna_data_02_mir/recover-20220922/UBNA_001/20220921_090000.WAV,Telephone Field,recover-20220922,001,1795
1306.4965,1306.5355,68437,82171,Rhinolophus ferrumequinum,0.023,0.023,-1,Echolocation,/mnt/ubna_data_02_mir/recover-20220922/UBNA_001/20220921_090000.WAV,Telephone Field,recover-20220922,001,1795
1306.5235,1306.5619,68437,82166,Rhinolophus ferrumequinum,0.02,0.02,-1,Echolocation,/mnt/ubna_data_02_mir/recover-20220922/UBNA_001/20220921_090000.WAV,Telephone Field,recover-20220922,001,1795
1306.5665,1306.6081,68437,82831,Rhinolophus ferrumequinum,0.037,0.037,-1,Echolocation,/mnt/ubna_data_02_mir/recover-20220922/UBNA_001/20220921_090000.WAV,Telephone Field,recover-20220922,001,1795
1306.5875,1306.622,68437,80900,Rhinolophus ferrumequinum,0.021,0.021,-1,Echolocation,/mnt/ubna_data_02_mir/recover-20220922/UBNA_001/20220921_090000.WAV,Telephone Field,recover-20220922,001,1795
1306.6155,1306.654,68437,81908,Rhinolophus ferrumequinum,0.022,0.022,-1,Echolocation,/mnt/ubna_data_02_mir/recover-20220922/UBNA_001/20220921_090000.WAV,Telephone Field,recover-20220922,001,1795
1306.6215,1306.6353,15156,21861,Nyctalus noctula,0.015,0.022,-1,Echolocation,/mnt/ubna_data_02_mir/recover-20220922/UBNA_001/20220921_090000.WAV,Telephone Field,recover-20220922,001,1795
1306.6235,1306.662,68437,82592,Rhinolophus ferrumequinum,0.022,0.022,-1,Echolocation,/mnt/ubna_data_02_mir/recover-20220922/UBNA_001/20220921_090000.WAV,Telephone Field,recover-20220922,001,1795
1306.6315,1306.6701,68437,82442,Rhinolophus ferrumequinum,0.025,0.025,-1,Echolocation,/mnt/ubna_data_02_mir/recover-20220922/UBNA_001/20220921_090000.WAV,Telephone Field,recover-20220922,001,1795
1306.6515,1306.6915,68437,82309,Rhinolophus ferrumequinum,0.023,0.023,-1,Echolocation,/mnt/ubna_data_02_mir/recover-20220922/UBNA_001/20220921_090000.WAV,Telephone Field,recover-20220922,001,1795
1306.6885,1306.7286,68437,82861,Rhinolophus ferrumequinum,0.023,0.023,-1,Echolocation,/mnt/ubna_data_02_mir/recover-20220922/UBNA_001/20220921_090000.WAV,Telephone Field,recover-20220922,001,1795
1306.7175,1306.7591,68437,83036,Rhinolophus ferrumequinum,0.03,0.03,-1,Echolocation,/mnt/ubna_data_02_mir/recover-20220922/UBNA_001/20220921_090000.WAV,Telephone Field,recover-20220922,001,1795
1306.7305,1306.7685,68437,82059,Rhinolophus ferrumequinum,0.02,0.02,-1,Echolocation,/mnt/ubna_data_02_mir/recover-20220922/UBNA_001/20220921_090000.WAV,Telephone Field,recover-20220922,001,1795
1306.7625,1306.7773,22031,27856,Nyctalus leisleri,0.016,0.035,-1,Echolocation,/mnt/ubna_data_02_mir/recover-20220922/UBNA_001/20220921_090000.WAV,Telephone Field,recover-20220922,001,1795
1306.7635,1306.7745,28906,36329,Eptesicus serotinus,0.027,0.045,-1,Echolocation,/mnt/ubna_data_02_mir/recover-20220922/UBNA_001/20220921_090000.WAV,Telephone Field,recover-20220922,001,1795
1306.7995,1306.8387,68437,82105,Rhinolophus ferrumequinum,0.021,0.021,-1,Echolocation,/mnt/ubna_data_02_mir/recover-20220922/UBNA_001/20220921_090000.WAV,Telephone Field,recover-20220922,001,1795
1306.8155,1306.8592,68437,83103,Rhinolophus ferrumequinum,0.038,0.038,-1,Echolocation,/mnt/ubna_data_02_mir/recover-20220922/UBNA_001/20220921_090000.WAV,Telephone Field,recover-20220922,001,1795
1306.8355,1306.8474,57265,64164,Pipistrellus pygmaeus,0.021,0.022,-1,Echolocation,/mnt/ubna_data_02_mir/recover-20220922/UBNA_001/20220921_090000.WAV,Telephone Field,recover-20220922,001,1795
1306.8485,1306.8884,68437,82781,Rhinolophus ferrumequinum,0.021,0.021,-1,Echolocation,/mnt/ubna_data_02_mir/recover-20220922/UBNA_001/20220921_090000.WAV,Telephone Field,recover-20220922,001,1795
1306.9095,1306.9239,21171,24312,Nyctalus leisleri,0.013,0.021,-1,Echolocation,/mnt/ubna_data_02_mir/recover-20220922/UBNA_001/20220921_090000.WAV,Telephone Field,recover-20220922,001,1795
1306.9235,1306.9604,68437,81143,Rhinolophus ferrumequinum,0.029,0.029,-1,Echolocation,/mnt/ubna_data_02_mir/recover-20220922/UBNA_001/20220921_090000.WAV,Telephone Field,recover-20220922,001,1795
1306.9405,1306.9794,68437,81654,Rhinolophus ferrumequinum,0.023,0.023,-1,Echolocation,/mnt/ubna_data_02_mir/recover-20220922/UBNA_001/20220921_090000.WAV,Telephone Field,recover-20220922,001,1795
1306.9635,1306.9713,24609,33152,Plecotus austriacus,0.007,0.024,-1,Echolocation,/mnt/ubna_data_02_mir/recover-20220922/UBNA_001/20220921_090000.WAV,Telephone Field,recover-20220922,001,1795
1306.9825,1307.0223,68437,83005,Rhinolophus ferrumequinum,0.022,0.022,-1,Echolocation,/mnt/ubna_data_02_mir/recover-20220922/UBNA_001/20220921_090000.WAV,Telephone Field,recover-20220922,001,1795
1307.0045,1307.0441,68437,81667,Rhinolophus ferrumequinum,0.022,0.022,-1,Echolocation,/mnt/ubna_data_02_mir/recover-20220922/UBNA_001/20220921_090000.WAV,Telephone Field,recover-20220922,001,1795
1307.0145,1307.0545,68437,82613,Rhinolophus ferrumequinum,0.023,0.023,-1,Echolocation,/mnt/ubna_data_02_mir/recover-20220922/UBNA_001/20220921_090000.WAV,Telephone Field,recover-20220922,001,1795
1307.0365,1307.0771,68437,83370,Rhinolophus ferrumequinum,0.026,0.026,-1,Echolocation,/mnt/ubna_data_02_mir/recover-20220922/UBNA_001/20220921_090000.WAV,Telephone Field,recover-20220922,001,1795
1307.0485,1307.0881,68437,82212,Rhinolophus ferrumequinum,0.022,0.022,-1,Echolocation,/mnt/ubna_data_02_mir/recover-20220922/UBNA_001/20220921_090000.WAV,Telephone Field,recover-20220922,001,1795
1307.0605,1307.0702,27187,35489,Eptesicus serotinus,0.009,0.021,-1,Echolocation,/mnt/ubna_data_02_mir/recover-20220922/UBNA_001/20220921_090000.WAV,Telephone Field,recover-20220922,001,1795
1307.0765,1307.0877,23750,30143,Nyctalus leisleri,0.008,0.021,-1,Echolocation,/mnt/ubna_data_02_mir/recover-20220922/UBNA_001/20220921_090000.WAV,Telephone Field,recover-20220922,001,1795
1307.0795,1307.1162,68437,81178,Rhinolophus ferrumequinum,0.023,0.023,-1,Echolocation,/mnt/ubna_data_02_mir/recover-20220922/UBNA_001/20220921_090000.WAV,Telephone Field,recover-20220922,001,1795
1307.1365,1307.1755,68437,82100,Rhinolophus ferrumequinum,0.021,0.021,-1,Echolocation,/mnt/ubna_data_02_mir/recover-20220922/UBNA_001/20220921_090000.WAV,Telephone Field,recover-20220922,001,1795
1307.1765,1307.2139,68437,81216,Rhinolophus ferrumequinum,0.022,0.022,-1,Echolocation,/mnt/ubna_data_02_mir/recover-20220922/UBNA_001/20220921_090000.WAV,Telephone Field,recover-20220922,001,1795
1307.1845,1307.2235,68437,82481,Rhinolophus ferrumequinum,0.025,0.025,-1,Echolocation,/mnt/ubna_data_02_mir/recover-20220922/UBNA_001/20220921_090000.WAV,Telephone Field,recover-20220922,001,1795
1307.2145,1307.2516,68437,81227,Rhinolophus ferrumequinum,0.021,0.021,-1,Echolocation,/mnt/ubna_data_02_mir/recover-20220922/UBNA_001/20220921_090000.WAV,Telephone Field,recover-20220922,001,1795
1307.2575,1307.2977,68437,82087,Rhinolophus ferrumequinum,0.028,0.028,-1,Echolocation,/mnt/ubna_data_02_mir/recover-20220922/UBNA_001/20220921_090000.WAV,Telephone Field,recover-20220922,001,1795
1307.2635,1307.2732,24609,32379,Eptesicus serotinus,0.008,0.022,-1,Echolocation,/mnt/ubna_data_02_mir/recover-20220922/UBNA_001/20220921_090000.WAV,Telephone Field,recover-20220922,001,1795
1307.2985,1307.3369,68437,81358,Rhinolophus ferrumequinum,0.023,0.023,-1,Echolocation,/mnt/ubna_data_02_mir/recover-20220922/UBNA_001/20220921_090000.WAV,Telephone Field,recover-20220922,001,1795
1307.3025,1307.3108,28046,37484,Eptesicus serotinus,0.008,0.021,-1,Echolocation,/mnt/ubna_data_02_mir/recover-20220922/UBNA_001/20220921_090000.WAV,Telephone Field,recover-20220922,001,1795
1307.3045,1307.3136,16015,24992,Nyctalus noctula,0.009,0.022,-1,Echolocation,/mnt/ubna_data_02_mir/recover-20220922/UBNA_001/20220921_090000.WAV,Telephone Field,recover-20220922,001,1795
1307.3425,1307.3507,23750,31839,Plecotus austriacus,0.011,0.028,-1,Echolocation,/mnt/ubna_data_02_mir/recover-20220922/UBNA_001/20220921_090000.WAV,Telephone Field,recover-20220922,001,1795
1307.3435,1307.3835,68437,82267,Rhinolophus ferrumequinum,0.021,0.021,-1,Echolocation,/mnt/ubna_data_02_mir/recover-20220922/UBNA_001/20220921_090000.WAV,Telephone Field,recover-20220922,001,1795
1307.3535,1307.3935,68437,81872,Rhinolophus ferrumequinum,0.021,0.021,-1,Echolocation,/mnt/ubna_data_02_mir/recover-20220922/UBNA_001/20220921_090000.WAV,Telephone Field,recover-20220922,001,1795
1307.4635,1307.4732,26328,32681,Eptesicus serotinus,0.009,0.025,-1,Echolocation,/mnt/ubna_data_02_mir/recover-20220922/UBNA_001/20220921_090000.WAV,Telephone Field,recover-20220922,001,1795
1307.4655,1307.5037,68437,82613,Rhinolophus ferrumequinum,0.031,0.031,-1,Echolocation,/mnt/ubna_data_02_mir/recover-20220922/UBNA_001/20220921_090000.WAV,Telephone Field,recover-20220922,001,1795
1307.4975,1307.5169,20312,22832,Nyctalus leisleri,0.012,0.02,-1,Echolocation,/mnt/ubna_data_02_mir/recover-20220922/UBNA_001/20220921_090000.WAV,Telephone Field,recover-20220922,001,1795
1307.5195,1307.5605,68437,82978,Rhinolophus ferrumequinum,0.027,0.027,-1,Echolocation,/mnt/ubna_data_02_mir/recover-20220922/UBNA_001/20220921_090000.WAV,Telephone Field,recover-20220922,001,1795
1307.5375,1307.5487,22890,27291,Nyctalus leisleri,0.011,0.021,-1,Echolocation,/mnt/ubna_data_02_mir/recover-20220922/UBNA_001/20220921_090000.WAV,Telephone Field,recover-20220922,001,1795
1307.5625,1307.6044,68437,83051,Rhinolophus ferrumequinum,0.026,0.026,-1,Echolocation,/mnt/ubna_data_02_mir/recover-20220922/UBNA_001/20220921_090000.WAV,Telephone Field,recover-20220922,001,1795
1307.5715,1307.6129,68437,82713,Rhinolophus ferrumequinum,0.026,0.026,-1,Echolocation,/mnt/ubna_data_02_mir/recover-20220922/UBNA_001/20220921_090000.WAV,Telephone Field,recover-20220922,001,1795
1307.5755,1307.5835,24609,32990,Plecotus austriacus,0.006,0.023,-1,Echolocation,/mnt/ubna_data_02_mir/recover-20220922/UBNA_001/20220921_090000.WAV,Telephone Field,recover-20220922,001,1795
1307.6005,1307.6109,28906,39437,Eptesicus serotinus,0.037,0.06,-1,Echolocation,/mnt/ubna_data_02_mir/recover-20220922/UBNA_001/20220921_090000.WAV,Telephone Field,recover-20220922,001,1795
1307.6135,1307.6496,68437,81430,Rhinolophus ferrumequinum,0.023,0.023,-1,Echolocation,/mnt/ubna_data_02_mir/recover-20220922/UBNA_001/20220921_090000.WAV,Telephone Field,recover-20220922,001,1795
1307.6215,1307.6561,68437,81118,Rhinolophus ferrumequinum,0.024,0.024,-1,Echolocation,/mnt/ubna_data_02_mir/recover-20220922/UBNA_001/20220921_090000.WAV,Telephone Field,recover-20220922,001,1795
1307.6515,1307.688,68437,81377,Rhinolophus ferrumequinum,0.021,0.021,-1,Echolocation,/mnt/ubna_data_02_mir/recover-20220922/UBNA_001/20220921_090000.WAV,Telephone Field,recover-20220922,001,1795
1307.6975,1307.7391,68437,83452,Rhinolophus ferrumequinum,0.039,0.039,-1,Echolocation,/mnt/ubna_data_02_mir/recover-20220922/UBNA_001/20220921_090000.WAV,Telephone Field,recover-20220922,001,1795
1307.7805,1307.8222,68437,83479,Rhinolophus ferrumequinum,0.034,0.034,-1,Echolocation,/mnt/ubna_data_02_mir/recover-20220922/UBNA_001/20220921_090000.WAV,Telephone Field,recover-20220922,001,1795
1307.7815,1307.7906,28906,40214,Eptesicus serotinus,0.013,0.032,-1,Echolocation,/mnt/ubna_data_02_mir/recover-20220922/UBNA_001/20220921_090000.WAV,Telephone Field,recover-20220922,001,1795
1307.7945,1307.8059,27187,32859,Eptesicus serotinus,0.011,0.025,-1,Echolocation,/mnt/ubna_data_02_mir/recover-20220922/UBNA_001/20220921_090000.WAV,Telephone Field,recover-20220922,001,1795
1307.8265,1307.8336,49531,54141,Pipistrellus pipistrellus,0.021,0.022,-1,Echolocation,/mnt/ubna_data_02_mir/recover-20220922/UBNA_001/20220921_090000.WAV,Telephone Field,recover-20220922,001,1795
1307.8265,1307.8692,68437,82385,Rhinolophus ferrumequinum,0.023,0.023,-1,Echolocation,/mnt/ubna_data_02_mir/recover-20220922/UBNA_001/20220921_090000.WAV,Telephone Field,recover-20220922,001,1795
1307.8355,1307.8748,68437,82671,Rhinolophus ferrumequinum,0.02,0.02,-1,Echolocation,/mnt/ubna_data_02_mir/recover-20220922/UBNA_001/20220921_090000.WAV,Telephone Field,recover-20220922,001,1795
1307.8445,1307.8847,68437,82808,Rhinolophus ferrumequinum,0.022,0.022,-1,Echolocation,/mnt/ubna_data_02_mir/recover-20220922/UBNA_001/20220921_090000.WAV,Telephone Field,recover-20220922,001,1795
1307.8475,1307.8558,46093,54128,Pipistrellus pipistrellus,0.024,0.028,-1,Echolocation,/mnt/ubna_data_02_mir/recover-20220922/UBNA_001/20220921_090000.WAV,Telephone Field,recover-20220922,001,1795
1307.8955,1307.9358,68437,81885,Rhinolophus ferrumequinum,0.023,0.023,-1,Echolocation,/mnt/ubna_data_02_mir/recover-20220922/UBNA_001/20220921_090000.WAV,Telephone Field,recover-20220922,001,1795
1307.9035,1307.9414,68437,82075,Rhinolophus ferrumequinum,0.021,0.021,-1,Echolocation,/mnt/ubna_data_02_mir/recover-20220922/UBNA_001/20220921_090000.WAV,Telephone Field,recover-20220922,001,1795
1307.9345,1307.9751,68437,82992,Rhinolophus ferrumequinum,0.023,0.023,-1,Echolocation,/mnt/ubna_data_02_mir/recover-20220922/UBNA_001/20220921_090000.WAV,Telephone Field,recover-20220922,001,1795
1307.9735,1307.9828,22890,29634,Plecotus austriacus,0.007,0.021,-1,Echolocation,/mnt/ubna_data_02_mir/recover-20220922/UBNA_001/20220921_090000.WAV,Telephone Field,recover-20220922,001,1795
1307.9865,1307.9961,27187,36292,Eptesicus serotinus,0.009,0.021,-1,Echolocation,/mnt/ubna_data_02_mir/recover-20220922/UBNA_001/20220921_090000.WAV,Telephone Field,recover-20220922,001,1795
1308.0015,1308.0297,69296,81535,Rhinolophus ferrumequinum,0.025,0.025,-1,Echolocation,/mnt/ubna_data_02_mir/recover-20220922/UBNA_001/20220921_090000.WAV,Telephone Field,recover-20220922,001,1795
1308.0015,1308.0116,23750,30467,Nyctalus leisleri,0.015,0.036,-1,Echolocation,/mnt/ubna_data_02_mir/recover-20220922/UBNA_001/20220921_090000.WAV,Telephone Field,recover-20220922,001,1795
1308.0075,1308.0197,23750,29619,Nyctalus leisleri,0.01,0.024,-1,Echolocation,/mnt/ubna_data_02_mir/recover-20220922/UBNA_001/20220921_090000.WAV,Telephone Field,recover-20220922,001,1795
1308.0315,1308.0704,68437,82398,Rhinolophus ferrumequinum,0.022,0.022,-1,Echolocation,/mnt/ubna_data_02_mir/recover-20220922/UBNA_001/20220921_090000.WAV,Telephone Field,recover-20220922,001,1795
1308.0545,1308.094,68437,82580,Rhinolophus ferrumequinum,0.027,0.027,-1,Echolocation,/mnt/ubna_data_02_mir/recover-20220922/UBNA_001/20220921_090000.WAV,Telephone Field,recover-20220922,001,1795
1308.0705,1308.0812,28906,35318,Eptesicus serotinus,0.021,0.042,-1,Echolocation,/mnt/ubna_data_02_mir/recover-20220922/UBNA_001/20220921_090000.WAV,Telephone Field,recover-20220922,001,1795
1308.0965,1308.135,68437,82151,Rhinolophus ferrumequinum,0.022,0.022,-1,Echolocation,/mnt/ubna_data_02_mir/recover-20220922/UBNA_001/20220921_090000.WAV,Telephone Field,recover-20220922,001,1795
1308.1745,1308.1853,48671,51930,Pipistrellus pipistrellus,0.042,0.046,-1,Echolocation,/mnt/ubna_data_02_mir/recover-20220922/UBNA_001/20220921_090000.WAV,Telephone Field,recover-20220922,001,1795
1308.1855,1308.1931,27187,39004,Eptesicus serotinus,0.006,0.022,-1,Echolocation,/mnt/ubna_data_02_mir/recover-20220922/UBNA_001/20220921_090000.WAV,Telephone Field,recover-20220922,001,1795
1308.1975,1308.2048,24609,33468,Plecotus austriacus,0.01,0.025,-1,Echolocation,/mnt/ubna_data_02_mir/recover-20220922/UBNA_001/20220921_090000.WAV,Telephone Field,recover-20220922,001,1795
1308.2205,1308.2282,23750,32262,Plecotus austriacus,0.008,0.021,-1,Echolocation,/mnt/ubna_data_02_mir/recover-20220922/UBNA_001/20220921_090000.WAV,Telephone Field,recover-20220922,001,1795
1308.2445,1308.2522,23750,32245,Plecotus austriacus,0.012,0.027,-1,Echolocation,/mnt/ubna_data_02_mir/recover-20220922/UBNA_001/20220921_090000.WAV,Telephone Field,recover-20220922,001,1795
1308.2675,1308.2742,25468,34764,Plecotus austriacus,0.008,0.025,-1,Echolocation,/mnt/ubna_data_02_mir/recover-20220922/UBNA_001/20220921_090000.WAV,Telephone Field,recover-20220922,001,1795
1308.2825,1308.3211000000001,68437,82126,Rhinolophus ferrumequinum,0.022,0.022,-1,Echolocation,/mnt/ubna_data_02_mir/recover-20220922/UBNA_001/20220921_090000.WAV,Telephone Field,recover-20220922,001,1795
1308.2875,1308.3246,68437,81269,Rhinolophus ferrumequinum,0.022,0.022,-1,Echolocation,/mnt/ubna_data_02_mir/recover-20220922/UBNA_001/20220921_090000.WAV,Telephone Field,recover-20220922,001,1795
1308.3495,1308.3874,68437,82310,Rhinolophus ferrumequinum,0.022,0.022,-1,Echolocation,/mnt/ubna_data_02_mir/recover-20220922/UBNA_001/20220921_090000.WAV,Telephone Field,recover-20220922,001,1795
1308.3905,1308.4312,68437,82502,Rhinolophus ferrumequinum,0.027,0.027,-1,Echolocation,/mnt/ubna_data_02_mir/recover-20220922/UBNA_001/20220921_090000.WAV,Telephone Field,recover-20220922,001,1795
1308.4165,1308.4279,14296,19012,Nyctalus noctula,0.023,0.04,-1,Echolocation,/mnt/ubna_data_02_mir/recover-20220922/UBNA_001/20220921_090000.WAV,Telephone Field,recover-20220922,001,1795
1308.4415,1308.4801,68437,81660,Rhinolophus ferrumequinum,0.029,0.029,-1,Echolocation,/mnt/ubna_data_02_mir/recover-20220922/UBNA_001/20220921_090000.WAV,Telephone Field,recover-20220922,001,1795
1308.4935,1308.535,68437,83101,Rhinolophus ferrumequinum,0.026,0.026,-1,Echolocation,/mnt/ubna_data_02_mir/recover-20220922/UBNA_001/20220921_090000.WAV,Telephone Field,recover-20220922,001,1795
1308.5165,1308.5567,68437,82119,Rhinolophus ferrumequinum,0.021,0.021,-1,Echolocation,/mnt/ubna_data_02_mir/recover-20220922/UBNA_001/20220921_090000.WAV,Telephone Field,recover-20220922,001,1795
1308.5385,1308.5774,68437,82178,Rhinolophus ferrumequinum,0.024,0.024,-1,Echolocation,/mnt/ubna_data_02_mir/recover-20220922/UBNA_001/20220921_090000.WAV,Telephone Field,recover-20220922,001,1795
1308.5875,1308.6281,68437,82693,Rhinolophus ferrumequinum,0.025,0.026,-1,Echolocation,/mnt/ubna_data_02_mir/recover-20220922/UBNA_001/20220921_090000.WAV,Telephone Field,recover-20220922,001,1795
1308.6265,1308.663,68437,81919,Rhinolophus ferrumequinum,0.022,0.022,-1,Echolocation,/mnt/ubna_data_02_mir/recover-20220922/UBNA_001/20220921_090000.WAV,Telephone Field,recover-20220922,001,1795
1308.6625,1308.6997,68437,82314,Rhinolophus ferrumequinum,0.023,0.023,-1,Echolocation,/mnt/ubna_data_02_mir/recover-20220922/UBNA_001/20220921_090000.WAV,Telephone Field,recover-20220922,001,1795
1308.7265,1308.767,68437,82722,Rhinolophus ferrumequinum,0.024,0.024,-1,Echolocation,/mnt/ubna_data_02_mir/recover-20220922/UBNA_001/20220921_090000.WAV,Telephone Field,recover-20220922,001,1795
1308.7425,1308.7844,68437,82633,Rhinolophus ferrumequinum,0.023,0.023,-1,Echolocation,/mnt/ubna_data_02_mir/recover-20220922/UBNA_001/20220921_090000.WAV,Telephone Field,recover-20220922,001,1795
1308.7445,1308.7556,26328,34542,Eptesicus serotinus,0.013,0.027,-1,Echolocation,/mnt/ubna_data_02_mir/recover-20220922/UBNA_001/20220921_090000.WAV,Telephone Field,recover-20220922,001,1795
1308.7685,1308.808,68437,82319,Rhinolophus ferrumequinum,0.022,0.022,-1,Echolocation,/mnt/ubna_data_02_mir/recover-20220922/UBNA_001/20220921_090000.WAV,Telephone Field,recover-20220922,001,1795
1308.7785,1308.8162,68437,81846,Rhinolophus ferrumequinum,0.026,0.026,-1,Echolocation,/mnt/ubna_data_02_mir/recover-20220922/UBNA_001/20220921_090000.WAV,Telephone Field,recover-20220922,001,1795
1308.8175,1308.8573,68437,82259,Rhinolophus ferrumequinum,0.023,0.023,-1,Echolocation,/mnt/ubna_data_02_mir/recover-20220922/UBNA_001/20220921_090000.WAV,Telephone Field,recover-20220922,001,1795
1308.8385,1308.8482,28046,36986,Eptesicus serotinus,0.009,0.022,-1,Echolocation,/mnt/ubna_data_02_mir/recover-20220922/UBNA_001/20220921_090000.WAV,Telephone Field,recover-20220922,001,1795
1308.8455,1308.8874,68437,83204,Rhinolophus ferrumequinum,0.034,0.034,-1,Echolocation,/mnt/ubna_data_02_mir/recover-20220922/UBNA_001/20220921_090000.WAV,Telephone Field,recover-20220922,001,1795
1308.8865,1308.8937,23750,33993,Plecotus austriacus,0.008,0.022,-1,Echolocation,/mnt/ubna_data_02_mir/recover-20220922/UBNA_001/20220921_090000.WAV,Telephone Field,recover-20220922,001,1795
1308.9075,1308.9437,68437,81148,Rhinolophus ferrumequinum,0.021,0.021,-1,Echolocation,/mnt/ubna_data_02_mir/recover-20220922/UBNA_001/20220921_090000.WAV,Telephone Field,recover-20220922,001,1795
1308.9195,1308.9558,68437,81371,Rhinolophus ferrumequinum,0.022,0.022,-1,Echolocation,/mnt/ubna_data_02_mir/recover-20220922/UBNA_001/20220921_090000.WAV,Telephone Field,recover-20220922,001,1795
1308.9335,1308.9698,68437,81812,Rhinolophus ferrumequinum,0.024,0.024,-1,Echolocation,/mnt/ubna_data_02_mir/recover-20220922/UBNA_001/20220921_090000.WAV,Telephone Field,recover-20220922,001,1795
1308.9435,1308.9497,32343,43538,Myotis daubentonii,0.01,0.023,-1,Echolocation,/mnt/ubna_data_02_mir/recover-20220922/UBNA_001/20220921_090000.WAV,Telephone Field,recover-20220922,001,1795
1308.9435,1308.9503,27187,43470,Eptesicus serotinus,0.007,0.028,-1,Echolocation,/mnt/ubna_data_02_mir/recover-20220922/UBNA_001/20220921_090000.WAV,Telephone Field,recover-20220922,001,1795
1309.0095,1309.019,28046,37389,Eptesicus serotinus,0.028,0.047,-1,Echolocation,/mnt/ubna_data_02_mir/recover-20220922/UBNA_001/20220921_090000.WAV,Telephone Field,recover-20220922,001,1795
1309.0095,1309.0457,68437,81475,Rhinolophus ferrumequinum,0.024,0.024,-1,Echolocation,/mnt/ubna_data_02_mir/recover-20220922/UBNA_001/20220921_090000.WAV,Telephone Field,recover-20220922,001,1795
1309.0305,1309.0675,68437,82320,Rhinolophus ferrumequinum,0.024,0.024,-1,Echolocation,/mnt/ubna_data_02_mir/recover-20220922/UBNA_001/20220921_090000.WAV,Telephone Field,recover-20220922,001,1795
1309.0385,1309.0466,45234,52686,Pipistrellus pipistrellus,0.018,0.023,-1,Echolocation,/mnt/ubna_data_02_mir/recover-20220922/UBNA_001/20220921_090000.WAV,Telephone Field,recover-20220922,001,1795
1309.0575,1309.0968,68437,82507,Rhinolophus ferrumequinum,0.029,0.029,-1,Echolocation,/mnt/ubna_data_02_mir/recover-20220922/UBNA_001/20220921_090000.WAV,Telephone Field,recover-20220922,001,1795
1309.0765,1309.0848,28906,40752,Eptesicus serotinus,0.008,0.023,-1,Echolocation,/mnt/ubna_data_02_mir/recover-20220922/UBNA_001/20220921_090000.WAV,Telephone Field,recover-20220922,001,1795
1309.0875,1309.1289,68437,82626,Rhinolophus ferrumequinum,0.024,0.024,-1,Echolocation,/mnt/ubna_data_02_mir/recover-20220922/UBNA_001/20220921_090000.WAV,Telephone Field,recover-20220922,001,1795
1309.0945,1309.135,68437,82984,Rhinolophus ferrumequinum,0.023,0.023,-1,Echolocation,/mnt/ubna_data_02_mir/recover-20220922/UBNA_001/20220921_090000.WAV,Telephone Field,recover-20220922,001,1795
1309.1375,1309.1480999999999,24609,30652,Nyctalus leisleri,0.01,0.026,-1,Echolocation,/mnt/ubna_data_02_mir/recover-20220922/UBNA_001/20220921_090000.WAV,Telephone Field,recover-20220922,001,1795
1309.1495,1309.1956,68437,83675,Rhinolophus ferrumequinum,0.044,0.044,-1,Echolocation,/mnt/ubna_data_02_mir/recover-20220922/UBNA_001/20220921_090000.WAV,Telephone Field,recover-20220922,001,1795
1309.2115,1309.2496,68437,81820,Rhinolophus ferrumequinum,0.022,0.022,-1,Echolocation,/mnt/ubna_data_02_mir/recover-20220922/UBNA_001/20220921_090000.WAV,Telephone Field,recover-20220922,001,1795
1309.2275,1309.2648,68437,81737,Rhinolophus ferrumequinum,0.022,0.022,-1,Echolocation,/mnt/ubna_data_02_mir/recover-20220922/UBNA_001/20220921_090000.WAV,Telephone Field,recover-20220922,001,1795
1309.2345,1309.2713,68437,81716,Rhinolophus ferrumequinum,0.023,0.023,-1,Echolocation,/mnt/ubna_data_02_mir/recover-20220922/UBNA_001/20220921_090000.WAV,Telephone Field,recover-20220922,001,1795
1309.2405,1309.2484,45234,49293,Pipistrellus pipistrellus,0.03,0.032,-1,Echolocation,/mnt/ubna_data_02_mir/recover-20220922/UBNA_001/20220921_090000.WAV,Telephone Field,recover-20220922,001,1795
1309.2855,1309.3245,68437,82217,Rhinolophus ferrumequinum,0.021,0.021,-1,Echolocation,/mnt/ubna_data_02_mir/recover-20220922/UBNA_001/20220921_090000.WAV,Telephone Field,recover-20220922,001,1795
1309.2915,1309.3074,20312,24570,Nyctalus leisleri,0.009,0.022,-1,Echolocation,/mnt/ubna_data_02_mir/recover-20220922/UBNA_001/20220921_090000.WAV,Telephone Field,recover-20220922,001,1795
1309.2955,1309.3357,68437,82281,Rhinolophus ferrumequinum,0.023,0.023,-1,Echolocation,/mnt/ubna_data_02_mir/recover-20220922/UBNA_001/20220921_090000.WAV,Telephone Field,recover-20220922,001,1795
1309.3025,1309.342,68437,81971,Rhinolophus ferrumequinum,0.023,0.023,-1,Echolocation,/mnt/ubna_data_02_mir/recover-20220922/UBNA_001/20220921_090000.WAV,Telephone Field,recover-20220922,001,1795
1309.3255,1309.3363,22890,27471,Nyctalus leisleri,0.013,0.024,-1,Echolocation,/mnt/ubna_data_02_mir/recover-20220922/UBNA_001/20220921_090000.WAV,Telephone Field,recover-20220922,001,1795
1309.3535,1309.3601,28046,37272,Eptesicus serotinus,0.007,0.026,-1,Echolocation,/mnt/ubna_data_02_mir/recover-20220922/UBNA_001/20220921_090000.WAV,Telephone Field,recover-20220922,001,1795
1309.3675,1309.4085,68437,82729,Rhinolophus ferrumequinum,0.025,0.026,-1,Echolocation,/mnt/ubna_data_02_mir/recover-20220922/UBNA_001/20220921_090000.WAV,Telephone Field,recover-20220922,001,1795
1309.4045,1309.4153,22031,26687,Nyctalus leisleri,0.011,0.022,-1,Echolocation,/mnt/ubna_data_02_mir/recover-20220922/UBNA_001/20220921_090000.WAV,Telephone Field,recover-20220922,001,1795
1309.4385,1309.4491,23750,29597,Nyctalus leisleri,0.009,0.023,-1,Echolocation,/mnt/ubna_data_02_mir/recover-20220922/UBNA_001/20220921_090000.WAV,Telephone Field,recover-20220922,001,1795
1309.4605,1309.5,68437,81762,Rhinolophus ferrumequinum,0.022,0.022,-1,Echolocation,/mnt/ubna_data_02_mir/recover-20220922/UBNA_001/20220921_090000.WAV,Telephone Field,recover-20220922,001,1795
1309.4915,1309.5026,22890,26959,Nyctalus leisleri,0.013,0.022,-1,Echolocation,/mnt/ubna_data_02_mir/recover-20220922/UBNA_001/20220921_090000.WAV,Telephone Field,recover-20220922,001,1795
1309.5195,1309.5564,68437,81776,Rhinolophus ferrumequinum,0.021,0.021,-1,Echolocation,/mnt/ubna_data_02_mir/recover-20220922/UBNA_001/20220921_090000.WAV,Telephone Field,recover-20220922,001,1795
1309.5255,1309.5638,68437,82362,Rhinolophus ferrumequinum,0.021,0.021,-1,Echolocation,/mnt/ubna_data_02_mir/recover-20220922/UBNA_001/20220921_090000.WAV,Telephone Field,recover-20220922,001,1795
1309.5545,1309.5636,27187,36698,Eptesicus serotinus,0.007,0.024,-1,Echolocation,/mnt/ubna_data_02_mir/recover-20220922/UBNA_001/20220921_090000.WAV,Telephone Field,recover-20220922,001,1795
1309.5775,1309.6172,68437,82330,Rhinolophus ferrumequinum,0.025,0.025,-1,Echolocation,/mnt/ubna_data_02_mir/recover-20220922/UBNA_001/20220921_090000.WAV,Telephone Field,recover-20220922,001,1795
1309.6185,1309.631,22890,28029,Nyctalus leisleri,0.013,0.026,-1,Echolocation,/mnt/ubna_data_02_mir/recover-20220922/UBNA_001/20220921_090000.WAV,Telephone Field,recover-20220922,001,1795
1309.6215,1309.6507,68437,79878,Rhinolophus ferrumequinum,0.033,0.033,-1,Echolocation,/mnt/ubna_data_02_mir/recover-20220922/UBNA_001/20220921_090000.WAV,Telephone Field,recover-20220922,001,1795
1309.6555,1309.6949,68437,82216,Rhinolophus ferrumequinum,0.023,0.023,-1,Echolocation,/mnt/ubna_data_02_mir/recover-20220922/UBNA_001/20220921_090000.WAV,Telephone Field,recover-20220922,001,1795
1309.6725,1309.7098,68437,82120,Rhinolophus ferrumequinum,0.021,0.021,-1,Echolocation,/mnt/ubna_data_02_mir/recover-20220922/UBNA_001/20220921_090000.WAV,Telephone Field,recover-20220922,001,1795
1309.6855,1309.6952,27187,36410,Eptesicus serotinus,0.011,0.024,-1,Echolocation,/mnt/ubna_data_02_mir/recover-20220922/UBNA_001/20220921_090000.WAV,Telephone Field,recover-20220922,001,1795
1309.7495,1309.7883,68437,82074,Rhinolophus ferrumequinum,0.023,0.023,-1,Echolocation,/mnt/ubna_data_02_mir/recover-20220922/UBNA_001/20220921_090000.WAV,Telephone Field,recover-20220922,001,1795
1309.7505,1309.7573,28046,37565,Eptesicus serotinus,0.005,0.022,-1,Echolocation,/mnt/ubna_data_02_mir/recover-20220922/UBNA_001/20220921_090000.WAV,Telephone Field,recover-20220922,001,1795
1309.7555,1309.7951,68437,82230,Rhinolophus ferrumequinum,0.022,0.022,-1,Echolocation,/mnt/ubna_data_02_mir/recover-20220922/UBNA_001/20220921_090000.WAV,Telephone Field,recover-20220922,001,1795
1309.7665,1309.7775,22890,27252,Nyctalus leisleri,0.012,0.022,-1,Echolocation,/mnt/ubna_data_02_mir/recover-20220922/UBNA_001/20220921_090000.WAV,Telephone Field,recover-20220922,001,1795
1309.8415,1309.8794,68437,81720,Rhinolophus ferrumequinum,0.022,0.022,-1,Echolocation,/mnt/ubna_data_02_mir/recover-20220922/UBNA_001/20220921_090000.WAV,Telephone Field,recover-20220922,001,1795
1309.8525,1309.8616,28906,38263,Eptesicus serotinus,0.008,0.022,-1,Echolocation,/mnt/ubna_data_02_mir/recover-20220922/UBNA_001/20220921_090000.WAV,Telephone Field,recover-20220922,001,1795
1309.8575,1309.898,68437,83097,Rhinolophus ferrumequinum,0.028,0.028,-1,Echolocation,/mnt/ubna_data_02_mir/recover-20220922/UBNA_001/20220921_090000.WAV,Telephone Field,recover-20220922,001,1795
1309.8605,1309.8743,15156,21396,Nyctalus noctula,0.016,0.023,-1,Echolocation,/mnt/ubna_data_02_mir/recover-20220922/UBNA_001/20220921_090000.WAV,Telephone Field,recover-20220922,001,1795
1309.9295,1309.9718,68437,83159,Rhinolophus ferrumequinum,0.028,0.028,-1,Echolocation,/mnt/ubna_data_02_mir/recover-20220922/UBNA_001/20220921_090000.WAV,Telephone Field,recover-20220922,001,1795
1309.9545,1309.9978,68437,82940,Rhinolophus ferrumequinum,0.047,0.047,-1,Echolocation,/mnt/ubna_data_02_mir/recover-20220922/UBNA_001/20220921_090000.WAV,Telephone Field,recover-20220922,001,1795
1309.9635,1309.9771,22890,27046,Nyctalus leisleri,0.014,0.025,-1,Echolocation,/mnt/ubna_data_02_mir/recover-20220922/UBNA_001/20220921_090000.WAV,Telephone Field,recover-20220922,001,1795
1310.0015,1310.0349,68437,80294,Rhinolophus ferrumequinum,0.059,0.059,-1,Echolocation,/mnt/ubna_data_02_mir/recover-20220922/UBNA_001/20220921_090000.WAV,Telephone Field,recover-20220922,001,1795
1310.0015,1310.0128,19453,24667,Nyctalus noctula,0.01,0.027,-1,Echolocation,/mnt/ubna_data_02_mir/recover-20220922/UBNA_001/20220921_090000.WAV,Telephone Field,recover-20220922,001,1795
1310.0075,1310.0504,68437,82529,Rhinolophus ferrumequinum,0.026,0.026,-1,Echolocation,/mnt/ubna_data_02_mir/recover-20220922/UBNA_001/20220921_090000.WAV,Telephone Field,recover-20220922,001,1795
1310.0285,1310.0679,68437,82274,Rhinolophus ferrumequinum,0.023,0.023,-1,Echolocation,/mnt/ubna_data_02_mir/recover-20220922/UBNA_001/20220921_090000.WAV,Telephone Field,recover-20220922,001,1795
1310.0305,1310.041,24609,31112,Nyctalus leisleri,0.009,0.023,-1,Echolocation,/mnt/ubna_data_02_mir/recover-20220922/UBNA_001/20220921_090000.WAV,Telephone Field,recover-20220922,001,1795
1310.0515,1310.0901,68437,82065,Rhinolophus ferrumequinum,0.022,0.022,-1,Echolocation,/mnt/ubna_data_02_mir/recover-20220922/UBNA_001/20220921_090000.WAV,Telephone Field,recover-20220922,001,1795
1310.0755,1310.1169,68437,82926,Rhinolophus ferrumequinum,0.024,0.024,-1,Echolocation,/mnt/ubna_data_02_mir/recover-20220922/UBNA_001/20220921_090000.WAV,Telephone Field,recover-20220922,001,1795
1310.1015,1310.1106,23750,30990,Nyctalus leisleri,0.007,0.022,-1,Echolocation,/mnt/ubna_data_02_mir/recover-20220922/UBNA_001/20220921_090000.WAV,Telephone Field,recover-20220922,001,1795
1310.1125,1310.1238,23750,29986,Nyctalus leisleri,0.009,0.023,-1,Echolocation,/mnt/ubna_data_02_mir/recover-20220922/UBNA_001/20220921_090000.WAV,Telephone Field,recover-20220922,001,1795
1310.1285,1310.1663,68437,81869,Rhinolophus ferrumequinum,0.023,0.023,-1,Echolocation,/mnt/ubna_data_02_mir/recover-20220922/UBNA_001/20220921_090000.WAV,Telephone Field,recover-20220922,001,1795
1310.1825,1310.193,25468,32415,Eptesicus serotinus,0.034,0.072,-1,Echolocation,/mnt/ubna_data_02_mir/recover-20220922/UBNA_001/20220921_090000.WAV,Telephone Field,recover-20220922,001,1795
1310.1875,1310.2239,68437,81672,Rhinolophus ferrumequinum,0.023,0.023,-1,Echolocation,/mnt/ubna_data_02_mir/recover-20220922/UBNA_001/20220921_090000.WAV,Telephone Field,recover-20220922,001,1795
1310.2235,1310.2646,68437,82928,Rhinolophus ferrumequinum,0.024,0.024,-1,Echolocation,/mnt/ubna_data_02_mir/recover-20220922/UBNA_001/20220921_090000.WAV,Telephone Field,recover-20220922,001,1795
1310.2275,1310.239,22031,25865,Nyctalus leisleri,0.014,0.023,-1,Echolocation,/mnt/ubna_data_02_mir/recover-20220922/UBNA_001/20220921_090000.WAV,Telephone Field,recover-20220922,001,1795
1310.2845,1310.294,23750,31040,Nyctalus leisleri,0.007,0.022,-1,Echolocation,/mnt/ubna_data_02_mir/recover-20220922/UBNA_001/20220921_090000.WAV,Telephone Field,recover-20220922,001,1795
1310.2945,1310.3327,68437,82018,Rhinolophus ferrumequinum,0.021,0.021,-1,Echolocation,/mnt/ubna_data_02_mir/recover-20220922/UBNA_001/20220921_090000.WAV,Telephone Field,recover-20220922,001,1795
1310.3205,1310.3306,28906,38149,Eptesicus serotinus,0.01,0.026,-1,Echolocation,/mnt/ubna_data_02_mir/recover-20220922/UBNA_001/20220921_090000.WAV,Telephone Field,recover-20220922,001,1795
1310.3305,1310.366,68437,82168,Rhinolophus ferrumequinum,0.021,0.021,-1,Echolocation,/mnt/ubna_data_02_mir/recover-20220922/UBNA_001/20220921_090000.WAV,Telephone Field,recover-20220922,001,1795
1310.3995,1310.4352,68437,81698,Rhinolophus ferrumequinum,0.028,0.028,-1,Echolocation,/mnt/ubna_data_02_mir/recover-20220922/UBNA_001/20220921_090000.WAV,Telephone Field,recover-20220922,001,1795
1310.4825,1310.5232,68437,82408,Rhinolophus ferrumequinum,0.021,0.021,-1,Echolocation,/mnt/ubna_data_02_mir/recover-20220922/UBNA_001/20220921_090000.WAV,Telephone Field,recover-20220922,001,1795
1310.4845,1310.4941,45234,52696,Pipistrellus pipistrellus,0.014,0.023,-1,Echolocation,/mnt/ubna_data_02_mir/recover-20220922/UBNA_001/20220921_090000.WAV,Telephone Field,recover-20220922,001,1795
1310.5165,1310.553,68437,81659,Rhinolophus ferrumequinum,0.021,0.021,-1,Echolocation,/mnt/ubna_data_02_mir/recover-20220922/UBNA_001/20220921_090000.WAV,Telephone Field,recover-20220922,001,1795
1310.5235,1310.5605,68437,81967,Rhinolophus ferrumequinum,0.023,0.023,-1,Echolocation,/mnt/ubna_data_02_mir/recover-20220922/UBNA_001/20220921_090000.WAV,Telephone Field,recover-20220922,001,1795
1310.5255,1310.5356,28046,36219,Eptesicus serotinus,0.013,0.027,-1,Echolocation,/mnt/ubna_data_02_mir/recover-20220922/UBNA_001/20220921_090000.WAV,Telephone Field,recover-20220922,001,1795
1310.5445,1310.5543,28046,41142,Eptesicus serotinus,0.01,0.025,-1,Echolocation,/mnt/ubna_data_02_mir/recover-20220922/UBNA_001/20220921_090000.WAV,Telephone Field,recover-20220922,001,1795
1310.5895,1310.6273,68437,82115,Rhinolophus ferrumequinum,0.022,0.022,-1,Echolocation,/mnt/ubna_data_02_mir/recover-20220922/UBNA_001/20220921_090000.WAV,Telephone Field,recover-20220922,001,1795
1310.6135,1310.654,68437,83142,Rhinolophus ferrumequinum,0.025,0.025,-1,Echolocation,/mnt/ubna_data_02_mir/recover-20220922/UBNA_001/20220921_090000.WAV,Telephone Field,recover-20220922,001,1795
1310.6215,1310.6319,40937,48159,Pipistrellus nathusii,0.016,0.033,-1,Echolocation,/mnt/ubna_data_02_mir/recover-20220922/UBNA_001/20220921_090000.WAV,Telephone Field,recover-20220922,001,1795
1310.6245,1310.664,68437,82148,Rhinolophus ferrumequinum,0.022,0.022,-1,Echolocation,/mnt/ubna_data_02_mir/recover-20220922/UBNA_001/20220921_090000.WAV,Telephone Field,recover-20220922,001,1795
1310.6265,1310.6341,27187,40110,Eptesicus serotinus,0.007,0.023,-1,Echolocation,/mnt/ubna_data_02_mir/recover-20220922/UBNA_001/20220921_090000.WAV,Telephone Field,recover-20220922,001,1795
1310.7045,1310.7431,68437,82193,Rhinolophus ferrumequinum,0.023,0.023,-1,Echolocation,/mnt/ubna_data_02_mir/recover-20220922/UBNA_001/20220921_090000.WAV,Telephone Field,recover-20220922,001,1795
1310.7095,1310.7207,23750,30068,Nyctalus leisleri,0.01,0.024,-1,Echolocation,/mnt/ubna_data_02_mir/recover-20220922/UBNA_001/20220921_090000.WAV,Telephone Field,recover-20220922,001,1795
1310.7195,1310.731,44375,46947,Pipistrellus pipistrellus,0.02,0.023,-1,Echolocation,/mnt/ubna_data_02_mir/recover-20220922/UBNA_001/20220921_090000.WAV,Telephone Field,recover-20220922,001,1795
1310.7565,1310.7981,68437,82827,Rhinolophus ferrumequinum,0.027,0.027,-1,Echolocation,/mnt/ubna_data_02_mir/recover-20220922/UBNA_001/20220921_090000.WAV,Telephone Field,recover-20220922,001,1795
1310.7635,1310.7703,28046,41253,Eptesicus serotinus,0.007,0.025,-1,Echolocation,/mnt/ubna_data_02_mir/recover-20220922/UBNA_001/20220921_090000.WAV,Telephone Field,recover-20220922,001,1795
1310.7745,1310.7821,25468,34924,Plecotus austriacus,0.007,0.026,-1,Echolocation,/mnt/ubna_data_02_mir/recover-20220922/UBNA_001/20220921_090000.WAV,Telephone Field,recover-20220922,001,1795
1310.7855,1310.8244,68437,81422,Rhinolophus ferrumequinum,0.025,0.025,-1,Echolocation,/mnt/ubna_data_02_mir/recover-20220922/UBNA_001/20220921_090000.WAV,Telephone Field,recover-20220922,001,1795
1310.7955,1310.832,68437,81388,Rhinolophus ferrumequinum,0.021,0.021,-1,Echolocation,/mnt/ubna_data_02_mir/recover-20220922/UBNA_001/20220921_090000.WAV,Telephone Field,recover-20220922,001,1795
1310.8265,1310.8678,68437,82340,Rhinolophus ferrumequinum,0.025,0.025,-1,Echolocation,/mnt/ubna_data_02_mir/recover-20220922/UBNA_001/20220921_090000.WAV,Telephone Field,recover-20220922,001,1795
1310.8355,1310.8447,28906,38498,Eptesicus serotinus,0.009,0.022,-1,Echolocation,/mnt/ubna_data_02_mir/recover-20220922/UBNA_001/20220921_090000.WAV,Telephone Field,recover-20220922,001,1795
1310.8745,1310.9153,68437,82404,Rhinolophus ferrumequinum,0.027,0.027,-1,Echolocation,/mnt/ubna_data_02_mir/recover-20220922/UBNA_001/20220921_090000.WAV,Telephone Field,recover-20220922,001,1795
1310.9775,1311.0167,68437,81453,Rhinolophus ferrumequinum,0.022,0.022,-1,Echolocation,/mnt/ubna_data_02_mir/recover-20220922/UBNA_001/20220921_090000.WAV,Telephone Field,recover-20220922,001,1795
1310.9835,1310.9937,27187,35827,Eptesicus serotinus,0.011,0.026,-1,Echolocation,/mnt/ubna_data_02_mir/recover-20220922/UBNA_001/20220921_090000.WAV,Telephone Field,recover-20220922,001,1795
1311.0215,1311.0616,68437,81994,Rhinolophus ferrumequinum,0.024,0.024,-1,Echolocation,/mnt/ubna_data_02_mir/recover-20220922/UBNA_001/20220921_090000.WAV,Telephone Field,recover-20220922,001,1795
1311.0255,1311.0346,22890,29656,Plecotus austriacus,0.007,0.022,-1,Echolocation,/mnt/ubna_data_02_mir/recover-20220922/UBNA_001/20220921_090000.WAV,Telephone Field,recover-20220922,001,1795
1311.0585,1311.0673,26328,35087,Eptesicus serotinus,0.017,0.04,-1,Echolocation,/mnt/ubna_data_02_mir/recover-20220922/UBNA_001/20220921_090000.WAV,Telephone Field,recover-20220922,001,1795
1311.0975,1311.138,68437,82528,Rhinolophus ferrumequinum,0.026,0.026,-1,Echolocation,/mnt/ubna_data_02_mir/recover-20220922/UBNA_001/20220921_090000.WAV,Telephone Field,recover-20220922,001,1795
1311.1305,1311.1394,27187,37377,Eptesicus serotinus,0.009,0.022,-1,Echolocation,/mnt/ubna_data_02_mir/recover-20220922/UBNA_001/20220921_090000.WAV,Telephone Field,recover-20220922,001,1795
1311.1365,1311.1767,68437,82603,Rhinolophus ferrumequinum,0.023,0.023,-1,Echolocation,/mnt/ubna_data_02_mir/recover-20220922/UBNA_001/20220921_090000.WAV,Telephone Field,recover-20220922,001,1795
1311.1375,1311.1465,28906,38103,Eptesicus serotinus,0.009,0.023,-1,Echolocation,/mnt/ubna_data_02_mir/recover-20220922/UBNA_001/20220921_090000.WAV,Telephone Field,recover-20220922,001,1795
1311.1755,1311.2131,68437,82033,Rhinolophus ferrumequinum,0.024,0.025,-1,Echolocation,/mnt/ubna_data_02_mir/recover-20220922/UBNA_001/20220921_090000.WAV,Telephone Field,recover-20220922,001,1795
1311.1825,1311.2233,68437,82812,Rhinolophus ferrumequinum,0.022,0.023,-1,Echolocation,/mnt/ubna_data_02_mir/recover-20220922/UBNA_001/20220921_090000.WAV,Telephone Field,recover-20220922,001,1795
1311.2135,1311.2549,68437,82203,Rhinolophus ferrumequinum,0.022,0.022,-1,Echolocation,/mnt/ubna_data_02_mir/recover-20220922/UBNA_001/20220921_090000.WAV,Telephone Field,recover-20220922,001,1795
1311.2795,1311.3188,68437,82255,Rhinolophus ferrumequinum,0.021,0.021,-1,Echolocation,/mnt/ubna_data_02_mir/recover-20220922/UBNA_001/20220921_090000.WAV,Telephone Field,recover-20220922,001,1795
1311.3345,1311.3704,68437,81072,Rhinolophus ferrumequinum,0.022,0.022,-1,Echolocation,/mnt/ubna_data_02_mir/recover-20220922/UBNA_001/20220921_090000.WAV,Telephone Field,recover-20220922,001,1795
1311.3355,1311.3453,22890,28624,Nyctalus leisleri,0.008,0.021,-1,Echolocation,/mnt/ubna_data_02_mir/recover-20220922/UBNA_001/20220921_090000.WAV,Telephone Field,recover-20220922,001,1795
1311.3435,1311.3791,68437,80846,Rhinolophus ferrumequinum,0.022,0.022,-1,Echolocation,/mnt/ubna_data_02_mir/recover-20220922/UBNA_001/20220921_090000.WAV,Telephone Field,recover-20220922,001,1795
1311.3645,1311.3732,28046,37232,Eptesicus serotinus,0.009,0.022,-1,Echolocation,/mnt/ubna_data_02_mir/recover-20220922/UBNA_001/20220921_090000.WAV,Telephone Field,recover-20220922,001,1795
1311.3765,1311.4156,68437,82367,Rhinolophus ferrumequinum,0.021,0.022,-1,Echolocation,/mnt/ubna_data_02_mir/recover-20220922/UBNA_001/20220921_090000.WAV,Telephone Field,recover-20220922,001,1795
1311.4035,1311.4443,68437,83330,Rhinolophus ferrumequinum,0.029,0.029,-1,Echolocation,/mnt/ubna_data_02_mir/recover-20220922/UBNA_001/20220921_090000.WAV,Telephone Field,recover-20220922,001,1795
1311.4855,1311.5233,68437,81746,Rhinolophus ferrumequinum,0.021,0.021,-1,Echolocation,/mnt/ubna_data_02_mir/recover-20220922/UBNA_001/20220921_090000.WAV,Telephone Field,recover-20220922,001,1795
1311.4985,1311.5118,23750,28715,Nyctalus leisleri,0.019,0.037,-1,Echolocation,/mnt/ubna_data_02_mir/recover-20220922/UBNA_001/20220921_090000.WAV,Telephone Field,recover-20220922,001,1795
1311.5315,1311.541,28906,37539,Eptesicus serotinus,0.01,0.023,-1,Echolocation,/mnt/ubna_data_02_mir/recover-20220922/UBNA_001/20220921_090000.WAV,Telephone Field,recover-20220922,001,1795
1311.5335,1311.5722,68437,82599,Rhinolophus ferrumequinum,0.024,0.024,-1,Echolocation,/mnt/ubna_data_02_mir/recover-20220922/UBNA_001/20220921_090000.WAV,Telephone Field,recover-20220922,001,1795
1311.5695,1311.5782,25468,33619,Eptesicus serotinus,0.009,0.023,-1,Echolocation,/mnt/ubna_data_02_mir/recover-20220922/UBNA_001/20220921_090000.WAV,Telephone Field,recover-20220922,001,1795
1311.5745,1311.6176,68437,83163,Rhinolophus ferrumequinum,0.028,0.028,-1,Echolocation,/mnt/ubna_data_02_mir/recover-20220922/UBNA_001/20220921_090000.WAV,Telephone Field,recover-20220922,001,1795
1311.6465,1311.6843,68437,82439,Rhinolophus ferrumequinum,0.024,0.024,-1,Echolocation,/mnt/ubna_data_02_mir/recover-20220922/UBNA_001/20220921_090000.WAV,Telephone Field,recover-20220922,001,1795
1311.6715,1311.6809,28046,36963,Eptesicus serotinus,0.01,0.024,-1,Echolocation,/mnt/ubna_data_02_mir/recover-20220922/UBNA_001/20220921_090000.WAV,Telephone Field,recover-20220922,001,1795
1311.6965,1311.7028,27187,45709,Eptesicus serotinus,0.006,0.022,-1,Echolocation,/mnt/ubna_data_02_mir/recover-20220922/UBNA_001/20220921_090000.WAV,Telephone Field,recover-20220922,001,1795
1311.7565,1311.795,68437,81525,Rhinolophus ferrumequinum,0.022,0.022,-1,Echolocation,/mnt/ubna_data_02_mir/recover-20220922/UBNA_001/20220921_090000.WAV,Telephone Field,recover-20220922,001,1795
1311.7745,1311.8144,68437,82064,Rhinolophus ferrumequinum,0.021,0.021,-1,Echolocation,/mnt/ubna_data_02_mir/recover-20220922/UBNA_001/20220921_090000.WAV,Telephone Field,recover-20220922,001,1795
1311.8015,1311.8113,22031,27836,Plecotus austriacus,0.01,0.027,-1,Echolocation,/mnt/ubna_data_02_mir/recover-20220922/UBNA_001/20220921_090000.WAV,Telephone Field,recover-20220922,001,1795
1311.8625,1311.9003,68437,81564,Rhinolophus ferrumequinum,0.022,0.022,-1,Echolocation,/mnt/ubna_data_02_mir/recover-20220922/UBNA_001/20220921_090000.WAV,Telephone Field,recover-20220922,001,1795
1311.8805,1311.8917,37500,42638,Pipistrellus nathusii,0.012,0.024,-1,Echolocation,/mnt/ubna_data_02_mir/recover-20220922/UBNA_001/20220921_090000.WAV,Telephone Field,recover-20220922,001,1795
1311.8885,1311.8993,22890,27643,Nyctalus leisleri,0.011,0.021,-1,Echolocation,/mnt/ubna_data_02_mir/recover-20220922/UBNA_001/20220921_090000.WAV,Telephone Field,recover-20220922,001,1795
1311.8935,1311.9308,68437,82356,Rhinolophus ferrumequinum,0.023,0.023,-1,Echolocation,/mnt/ubna_data_02_mir/recover-20220922/UBNA_001/20220921_090000.WAV,Telephone Field,recover-20220922,001,1795
1311.8995,1311.9137,22031,25907,Nyctalus leisleri,0.015,0.025,-1,Echolocation,/mnt/ubna_data_02_mir/recover-20220922/UBNA_001/20220921_090000.WAV,Telephone Field,recover-20220922,001,1795
1311.9205,1311.9602,68437,82124,Rhinolophus ferrumequinum,0.038,0.038,-1,Echolocation,/mnt/ubna_data_02_mir/recover-20220922/UBNA_001/20220921_090000.WAV,Telephone Field,recover-20220922,001,1795
1312.0015,1312.0107,22031,27523,Nyctalus leisleri,0.011,0.027,-1,Echolocation,/mnt/ubna_data_02_mir/recover-20220922/UBNA_001/20220921_090000.WAV,Telephone Field,recover-20220922,001,1795
1312.0015,1312.0346,68437,80268,Rhinolophus ferrumequinum,0.033,0.033,-1,Echolocation,/mnt/ubna_data_02_mir/recover-20220922/UBNA_001/20220921_090000.WAV,Telephone Field,recover-20220922,001,1795
1312.0385,1312.0773,68437,81985,Rhinolophus ferrumequinum,0.026,0.026,-1,Echolocation,/mnt/ubna_data_02_mir/recover-20220922/UBNA_001/20220921_090000.WAV,Telephone Field,recover-20220922,001,1795
1312.0475,1312.0865,68437,82293,Rhinolophus ferrumequinum,0.026,0.026,-1,Echolocation,/mnt/ubna_data_02_mir/recover-20220922/UBNA_001/20220921_090000.WAV,Telephone Field,recover-20220922,001,1795
1312.1055,1312.1138,27187,39755,Eptesicus serotinus,0.008,0.023,-1,Echolocation,/mnt/ubna_data_02_mir/recover-20220922/UBNA_001/20220921_090000.WAV,Telephone Field,recover-20220922,001,1795
1312.1125,1312.1214,24609,32692,Eptesicus serotinus,0.007,0.022,-1,Echolocation,/mnt/ubna_data_02_mir/recover-20220922/UBNA_001/20220921_090000.WAV,Telephone Field,recover-20220922,001,1795
1312.1675,1312.1766,26328,34087,Eptesicus serotinus,0.012,0.028,-1,Echolocation,/mnt/ubna_data_02_mir/recover-20220922/UBNA_001/20220921_090000.WAV,Telephone Field,recover-20220922,001,1795
1312.1915,1312.2023,24609,30607,Nyctalus leisleri,0.012,0.029,-1,Echolocation,/mnt/ubna_data_02_mir/recover-20220922/UBNA_001/20220921_090000.WAV,Telephone Field,recover-20220922,001,1795
1312.2015,1312.2107,46953,54226,Pipistrellus pipistrellus,0.02,0.024,-1,Echolocation,/mnt/ubna_data_02_mir/recover-20220922/UBNA_001/20220921_090000.WAV,Telephone Field,recover-20220922,001,1795
1312.2475,1312.2556,34062,43280,Myotis daubentonii,0.007,0.021,-1,Echolocation,/mnt/ubna_data_02_mir/recover-20220922/UBNA_001/20220921_090000.WAV,Telephone Field,recover-20220922,001,1795
1312.2915,1312.3044,22890,27848,Nyctalus leisleri,0.011,0.024,-1,Echolocation,/mnt/ubna_data_02_mir/recover-20220922/UBNA_001/20220921_090000.WAV,Telephone Field,recover-20220922,001,1795
1312.3035,1312.3105,28046,39247,Eptesicus serotinus,0.007,0.022,-1,Echolocation,/mnt/ubna_data_02_mir/recover-20220922/UBNA_001/20220921_090000.WAV,Telephone Field,recover-20220922,001,1795
1312.3115,1312.3531,68437,82812,Rhinolophus ferrumequinum,0.023,0.023,-1,Echolocation,/mnt/ubna_data_02_mir/recover-20220922/UBNA_001/20220921_090000.WAV,Telephone Field,recover-20220922,001,1795
1312.3265,1312.3687,68437,83128,Rhinolophus ferrumequinum,0.024,0.024,-1,Echolocation,/mnt/ubna_data_02_mir/recover-20220922/UBNA_001/20220921_090000.WAV,Telephone Field,recover-20220922,001,1795
1312.3345,1312.3751,68437,82730,Rhinolophus ferrumequinum,0.022,0.022,-1,Echolocation,/mnt/ubna_data_02_mir/recover-20220922/UBNA_001/20220921_090000.WAV,Telephone Field,recover-20220922,001,1795
1312.3765,1312.3825,28906,42739,Eptesicus serotinus,0.006,0.025,-1,Echolocation,/mnt/ubna_data_02_mir/recover-20220922/UBNA_001/20220921_090000.WAV,Telephone Field,recover-20220922,001,1795
1312.3905,1312.3987,28046,39880,Eptesicus serotinus,0.009,0.024,-1,Echolocation,/mnt/ubna_data_02_mir/recover-20220922/UBNA_001/20220921_090000.WAV,Telephone Field,recover-20220922,001,1795
1312.4215,1312.4588,68437,82577,Rhinolophus ferrumequinum,0.024,0.024,-1,Echolocation,/mnt/ubna_data_02_mir/recover-20220922/UBNA_001/20220921_090000.WAV,Telephone Field,recover-20220922,001,1795
1312.4485,1312.4872,68437,81665,Rhinolophus ferrumequinum,0.022,0.022,-1,Echolocation,/mnt/ubna_data_02_mir/recover-20220922/UBNA_001/20220921_090000.WAV,Telephone Field,recover-20220922,001,1795
1312.4715,1312.5077,68437,81899,Rhinolophus ferrumequinum,0.022,0.022,-1,Echolocation,/mnt/ubna_data_02_mir/recover-20220922/UBNA_001/20220921_090000.WAV,Telephone Field,recover-20220922,001,1795
1312.4725,1312.4848,56406,62409,Pipistrellus pygmaeus,0.021,0.022,-1,Echolocation,/mnt/ubna_data_02_mir/recover-20220922/UBNA_001/20220921_090000.WAV,Telephone Field,recover-20220922,001,1795
1312.4935,1312.5334,68437,82798,Rhinolophus ferrumequinum,0.027,0.027,-1,Echolocation,/mnt/ubna_data_02_mir/recover-20220922/UBNA_001/20220921_090000.WAV,Telephone Field,recover-20220922,001,1795
1312.5365,1312.5778,68437,82722,Rhinolophus ferrumequinum,0.043,0.043,-1,Echolocation,/mnt/ubna_data_02_mir/recover-20220922/UBNA_001/20220921_090000.WAV,Telephone Field,recover-20220922,001,1795
1312.5365,1312.5429,50390,54651,Pipistrellus pipistrellus,0.022,0.024,-1,Echolocation,/mnt/ubna_data_02_mir/recover-20220922/UBNA_001/20220921_090000.WAV,Telephone Field,recover-20220922,001,1795
1312.5375,1312.5466,24609,32192,Eptesicus serotinus,0.011,0.034,-1,Echolocation,/mnt/ubna_data_02_mir/recover-20220922/UBNA_001/20220921_090000.WAV,Telephone Field,recover-20220922,001,1795
1312.5565,1312.5691,22890,28022,Nyctalus leisleri,0.018,0.037,-1,Echolocation,/mnt/ubna_data_02_mir/recover-20220922/UBNA_001/20220921_090000.WAV,Telephone Field,recover-20220922,001,1795
1312.5845,1312.5921,36640,45475,Myotis daubentonii,0.007,0.021,-1,Echolocation,/mnt/ubna_data_02_mir/recover-20220922/UBNA_001/20220921_090000.WAV,Telephone Field,recover-20220922,001,1795
1312.6015,1312.6427,68437,83406,Rhinolophus ferrumequinum,0.028,0.028,-1,Echolocation,/mnt/ubna_data_02_mir/recover-20220922/UBNA_001/20220921_090000.WAV,Telephone Field,recover-20220922,001,1795
1312.6215,1312.6364,23750,29222,Nyctalus leisleri,0.016,0.035,-1,Echolocation,/mnt/ubna_data_02_mir/recover-20220922/UBNA_001/20220921_090000.WAV,Telephone Field,recover-20220922,001,1795
1312.6295,1312.6692,68437,82744,Rhinolophus ferrumequinum,0.031,0.031,-1,Echolocation,/mnt/ubna_data_02_mir/recover-20220922/UBNA_001/20220921_090000.WAV,Telephone Field,recover-20220922,001,1795
1312.6545,1312.694,68437,82549,Rhinolophus ferrumequinum,0.024,0.024,-1,Echolocation,/mnt/ubna_data_02_mir/recover-20220922/UBNA_001/20220921_090000.WAV,Telephone Field,recover-20220922,001,1795
1312.6585,1312.6677,30625,38037,Eptesicus serotinus,0.006,0.022,-1,Echolocation,/mnt/ubna_data_02_mir/recover-20220922/UBNA_001/20220921_090000.WAV,Telephone Field,recover-20220922,001,1795
1312.6685,1312.7038,68437,81163,Rhinolophus ferrumequinum,0.022,0.022,-1,Echolocation,/mnt/ubna_data_02_mir/recover-20220922/UBNA_001/20220921_090000.WAV,Telephone Field,recover-20220922,001,1795
1312.6765,1312.6873,22890,28225,Nyctalus leisleri,0.011,0.024,-1,Echolocation,/mnt/ubna_data_02_mir/recover-20220922/UBNA_001/20220921_090000.WAV,Telephone Field,recover-20220922,001,1795
1312.7675,1312.8075,68437,82832,Rhinolophus ferrumequinum,0.025,0.025,-1,Echolocation,/mnt/ubna_data_02_mir/recover-20220922/UBNA_001/20220921_090000.WAV,Telephone Field,recover-20220922,001,1795
1312.7955,1312.804,30625,40045,Myotis daubentonii,0.009,0.025,-1,Echolocation,/mnt/ubna_data_02_mir/recover-20220922/UBNA_001/20220921_090000.WAV,Telephone Field,recover-20220922,001,1795
1312.8175,1312.856,68437,82668,Rhinolophus ferrumequinum,0.026,0.026,-1,Echolocation,/mnt/ubna_data_02_mir/recover-20220922/UBNA_001/20220921_090000.WAV,Telephone Field,recover-20220922,001,1795
1312.8405,1312.8551,27187,31942,Eptesicus serotinus,0.039,0.086,-1,Echolocation,/mnt/ubna_data_02_mir/recover-20220922/UBNA_001/20220921_090000.WAV,Telephone Field,recover-20220922,001,1795
1312.8865,1312.9227,68437,81347,Rhinolophus ferrumequinum,0.021,0.021,-1,Echolocation,/mnt/ubna_data_02_mir/recover-20220922/UBNA_001/20220921_090000.WAV,Telephone Field,recover-20220922,001,1795
1312.9135,1312.9514,68437,81195,Rhinolophus ferrumequinum,0.023,0.023,-1,Echolocation,/mnt/ubna_data_02_mir/recover-20220922/UBNA_001/20220921_090000.WAV,Telephone Field,recover-20220922,001,1795
1312.9405,1312.9484,57265,62863,Pipistrellus pygmaeus,0.025,0.025,-1,Echolocation,/mnt/ubna_data_02_mir/recover-20220922/UBNA_001/20220921_090000.WAV,Telephone Field,recover-20220922,001,1795
1312.9575,1312.9955,68437,81628,Rhinolophus ferrumequinum,0.022,0.022,-1,Echolocation,/mnt/ubna_data_02_mir/recover-20220922/UBNA_001/20220921_090000.WAV,Telephone Field,recover-20220922,001,1795
1312.9615,1312.9702,23750,31923,Plecotus austriacus,0.006,0.022,-1,Echolocation,/mnt/ubna_data_02_mir/recover-20220922/UBNA_001/20220921_090000.WAV,Telephone Field,recover-20220922,001,1795
1312.9665,1313.003,68437,81528,Rhinolophus ferrumequinum,0.023,0.023,-1,Echolocation,/mnt/ubna_data_02_mir/recover-20220922/UBNA_001/20220921_090000.WAV,Telephone Field,recover-20220922,001,1795
1312.9915,1313.0311,68437,82037,Rhinolophus ferrumequinum,0.025,0.025,-1,Echolocation,/mnt/ubna_data_02_mir/recover-20220922/UBNA_001/20220921_090000.WAV,Telephone Field,recover-20220922,001,1795
1313.0215,1313.03,29765,36382,Eptesicus serotinus,0.019,0.044,-1,Echolocation,/mnt/ubna_data_02_mir/recover-20220922/UBNA_001/20220921_090000.WAV,Telephone Field,recover-20220922,001,1795
1313.0485,1313.0585,26328,34181,Eptesicus serotinus,0.012,0.026,-1,Echolocation,/mnt/ubna_data_02_mir/recover-20220922/UBNA_001/20220921_090000.WAV,Telephone Field,recover-20220922,001,1795
1313.0495,1313.0855999999999,68437,82083,Rhinolophus ferrumequinum,0.023,0.023,-1,Echolocation,/mnt/ubna_data_02_mir/recover-20220922/UBNA_001/20220921_090000.WAV,Telephone Field,recover-20220922,001,1795
1313.0605,1313.1005,68437,82372,Rhinolophus ferrumequinum,0.029,0.029,-1,Echolocation,/mnt/ubna_data_02_mir/recover-20220922/UBNA_001/20220921_090000.WAV,Telephone Field,recover-20220922,001,1795
1313.0945,1313.1329,68437,82578,Rhinolophus ferrumequinum,0.025,0.025,-1,Echolocation,/mnt/ubna_data_02_mir/recover-20220922/UBNA_001/20220921_090000.WAV,Telephone Field,recover-20220922,001,1795
1313.0965,1313.1069,28046,39313,Eptesicus serotinus,0.012,0.026,-1,Echolocation,/mnt/ubna_data_02_mir/recover-20220922/UBNA_001/20220921_090000.WAV,Telephone Field,recover-20220922,001,1795
1313.1075,1313.1144,28046,36198,Eptesicus serotinus,0.01,0.03,-1,Echolocation,/mnt/ubna_data_02_mir/recover-20220922/UBNA_001/20220921_090000.WAV,Telephone Field,recover-20220922,001,1795
1313.1175,1313.1577,68437,82279,Rhinolophus ferrumequinum,0.026,0.026,-1,Echolocation,/mnt/ubna_data_02_mir/recover-20220922/UBNA_001/20220921_090000.WAV,Telephone Field,recover-20220922,001,1795
1313.1365,1313.1455,50390,56874,Pipistrellus pipistrellus,0.016,0.022,-1,Echolocation,/mnt/ubna_data_02_mir/recover-20220922/UBNA_001/20220921_090000.WAV,Telephone Field,recover-20220922,001,1795
1313.1605,1313.1707,23750,30743,Nyctalus leisleri,0.009,0.025,-1,Echolocation,/mnt/ubna_data_02_mir/recover-20220922/UBNA_001/20220921_090000.WAV,Telephone Field,recover-20220922,001,1795
1313.1645,1313.2001,68437,80992,Rhinolophus ferrumequinum,0.021,0.022,-1,Echolocation,/mnt/ubna_data_02_mir/recover-20220922/UBNA_001/20220921_090000.WAV,Telephone Field,recover-20220922,001,1795
1313.2175,1313.2289,49531,54398,Pipistrellus pipistrellus,0.027,0.031,-1,Echolocation,/mnt/ubna_data_02_mir/recover-20220922/UBNA_001/20220921_090000.WAV,Telephone Field,recover-20220922,001,1795
1313.2345,1313.2515,20312,24555,Nyctalus leisleri,0.017,0.038,-1,Echolocation,/mnt/ubna_data_02_mir/recover-20220922/UBNA_001/20220921_090000.WAV,Telephone Field,recover-20220922,001,1795
1313.2355,1313.2744,68437,82957,Rhinolophus ferrumequinum,0.024,0.024,-1,Echolocation,/mnt/ubna_data_02_mir/recover-20220922/UBNA_001/20220921_090000.WAV,Telephone Field,recover-20220922,001,1795
1313.2685,1313.3117,68437,82709,Rhinolophus ferrumequinum,0.039,0.039,-1,Echolocation,/mnt/ubna_data_02_mir/recover-20220922/UBNA_001/20220921_090000.WAV,Telephone Field,recover-20220922,001,1795
1313.2685,1313.2779,28046,38441,Eptesicus serotinus,0.009,0.022,-1,Echolocation,/mnt/ubna_data_02_mir/recover-20220922/UBNA_001/20220921_090000.WAV,Telephone Field,recover-20220922,001,1795
1313.2755,1313.286,22890,28431,Nyctalus leisleri,0.01,0.024,-1,Echolocation,/mnt/ubna_data_02_mir/recover-20220922/UBNA_001/20220921_090000.WAV,Telephone Field,recover-20220922,001,1795
1313.2985,1313.3094,27187,33758,Eptesicus serotinus,0.011,0.024,-1,Echolocation,/mnt/ubna_data_02_mir/recover-20220922/UBNA_001/20220921_090000.WAV,Telephone Field,recover-20220922,001,1795
1313.3205,1313.3283,27187,39670,Eptesicus serotinus,0.007,0.022,-1,Echolocation,/mnt/ubna_data_02_mir/recover-20220922/UBNA_001/20220921_090000.WAV,Telephone Field,recover-20220922,001,1795
1313.3405,1313.3502,28046,36294,Eptesicus serotinus,0.01,0.023,-1,Echolocation,/mnt/ubna_data_02_mir/recover-20220922/UBNA_001/20220921_090000.WAV,Telephone Field,recover-20220922,001,1795
1313.3435,1313.3541,23750,29771,Nyctalus leisleri,0.009,0.023,-1,Echolocation,/mnt/ubna_data_02_mir/recover-20220922/UBNA_001/20220921_090000.WAV,Telephone Field,recover-20220922,001,1795
1313.3815,1313.4208,68437,82050,Rhinolophus ferrumequinum,0.023,0.023,-1,Echolocation,/mnt/ubna_data_02_mir/recover-20220922/UBNA_001/20220921_090000.WAV,Telephone Field,recover-20220922,001,1795
1313.4075,1313.4187,28906,36000,Eptesicus serotinus,0.011,0.024,-1,Echolocation,/mnt/ubna_data_02_mir/recover-20220922/UBNA_001/20220921_090000.WAV,Telephone Field,recover-20220922,001,1795
1313.4225,1313.4575,68437,81108,Rhinolophus ferrumequinum,0.023,0.024,-1,Echolocation,/mnt/ubna_data_02_mir/recover-20220922/UBNA_001/20220921_090000.WAV,Telephone Field,recover-20220922,001,1795
1313.4455,1313.4545,22890,30128,Plecotus austriacus,0.006,0.024,-1,Echolocation,/mnt/ubna_data_02_mir/recover-20220922/UBNA_001/20220921_090000.WAV,Telephone Field,recover-20220922,001,1795
1313.4695,1313.5131,68437,83662,Rhinolophus ferrumequinum,0.03,0.03,-1,Echolocation,/mnt/ubna_data_02_mir/recover-20220922/UBNA_001/20220921_090000.WAV,Telephone Field,recover-20220922,001,1795
1313.5055,1313.5441,68437,82216,Rhinolophus ferrumequinum,0.022,0.022,-1,Echolocation,/mnt/ubna_data_02_mir/recover-20220922/UBNA_001/20220921_090000.WAV,Telephone Field,recover-20220922,001,1795
1313.5165,1313.5513,68437,80874,Rhinolophus ferrumequinum,0.021,0.022,-1,Echolocation,/mnt/ubna_data_02_mir/recover-20220922/UBNA_001/20220921_090000.WAV,Telephone Field,recover-20220922,001,1795
1313.5625,1313.6005,68437,82040,Rhinolophus ferrumequinum,0.022,0.022,-1,Echolocation,/mnt/ubna_data_02_mir/recover-20220922/UBNA_001/20220921_090000.WAV,Telephone Field,recover-20220922,001,1795
1313.5625,1313.5693,28046,37866,Eptesicus serotinus,0.007,0.023,-1,Echolocation,/mnt/ubna_data_02_mir/recover-20220922/UBNA_001/20220921_090000.WAV,Telephone Field,recover-20220922,001,1795
1313.5665,1313.5743,47812,56053,Pipistrellus pipistrellus,0.019,0.021,-1,Echolocation,/mnt/ubna_data_02_mir/recover-20220922/UBNA_001/20220921_090000.WAV,Telephone Field,recover-20220922,001,1795
1313.5745,1313.5916,21171,24583,Nyctalus leisleri,0.02,0.034,-1,Echolocation,/mnt/ubna_data_02_mir/recover-20220922/UBNA_001/20220921_090000.WAV,Telephone Field,recover-20220922,001,1795
1313.5775,1313.5848,28046,37808,Eptesicus serotinus,0.006,0.023,-1,Echolocation,/mnt/ubna_data_02_mir/recover-20220922/UBNA_001/20220921_090000.WAV,Telephone Field,recover-20220922,001,1795
1313.5955,1313.6065,24609,31158,Nyctalus leisleri,0.013,0.032,-1,Echolocation,/mnt/ubna_data_02_mir/recover-20220922/UBNA_001/20220921_090000.WAV,Telephone Field,recover-20220922,001,1795
1313.6055,1313.6459,68437,82063,Rhinolophus ferrumequinum,0.048,0.048,-1,Echolocation,/mnt/ubna_data_02_mir/recover-20220922/UBNA_001/20220921_090000.WAV,Telephone Field,recover-20220922,001,1795
1313.6195,1313.6615,68437,82777,Rhinolophus ferrumequinum,0.03,0.03,-1,Echolocation,/mnt/ubna_data_02_mir/recover-20220922/UBNA_001/20220921_090000.WAV,Telephone Field,recover-20220922,001,1795
1313.6385,1313.6781,68437,82607,Rhinolophus ferrumequinum,0.023,0.023,-1,Echolocation,/mnt/ubna_data_02_mir/recover-20220922/UBNA_001/20220921_090000.WAV,Telephone Field,recover-20220922,001,1795
1313.6955,1313.735,68437,81882,Rhinolophus ferrumequinum,0.025,0.025,-1,Echolocation,/mnt/ubna_data_02_mir/recover-20220922/UBNA_001/20220921_090000.WAV,Telephone Field,recover-20220922,001,1795
1313.7255,1313.7353,22890,28545,Nyctalus leisleri,0.009,0.022,-1,Echolocation,/mnt/ubna_data_02_mir/recover-20220922/UBNA_001/20220921_090000.WAV,Telephone Field,recover-20220922,001,1795
1313.7825,1313.7934,22890,28137,Nyctalus leisleri,0.01,0.022,-1,Echolocation,/mnt/ubna_data_02_mir/recover-20220922/UBNA_001/20220921_090000.WAV,Telephone Field,recover-20220922,001,1795
1313.7875,1313.8268,68437,82384,Rhinolophus ferrumequinum,0.022,0.022,-1,Echolocation,/mnt/ubna_data_02_mir/recover-20220922/UBNA_001/20220921_090000.WAV,Telephone Field,recover-20220922,001,1795
1313.7995,1313.8389,68437,82079,Rhinolophus ferrumequinum,0.021,0.021,-1,Echolocation,/mnt/ubna_data_02_mir/recover-20220922/UBNA_001/20220921_090000.WAV,Telephone Field,recover-20220922,001,1795
1313.8115,1313.8195,27187,39124,Eptesicus serotinus,0.008,0.022,-1,Echolocation,/mnt/ubna_data_02_mir/recover-20220922/UBNA_001/20220921_090000.WAV,Telephone Field,recover-20220922,001,1795
1313.8335,1313.8422,28046,39498,Eptesicus serotinus,0.01,0.026,-1,Echolocation,/mnt/ubna_data_02_mir/recover-20220922/UBNA_001/20220921_090000.WAV,Telephone Field,recover-20220922,001,1795
1313.8355,1313.8741,68437,81968,Rhinolophus ferrumequinum,0.022,0.022,-1,Echolocation,/mnt/ubna_data_02_mir/recover-20220922/UBNA_001/20220921_090000.WAV,Telephone Field,recover-20220922,001,1795
1313.8965,1313.9335,68437,81517,Rhinolophus ferrumequinum,0.022,0.022,-1,Echolocation,/mnt/ubna_data_02_mir/recover-20220922/UBNA_001/20220921_090000.WAV,Telephone Field,recover-20220922,001,1795
1313.9165,1313.9548,68437,81692,Rhinolophus ferrumequinum,0.021,0.021,-1,Echolocation,/mnt/ubna_data_02_mir/recover-20220922/UBNA_001/20220921_090000.WAV,Telephone Field,recover-20220922,001,1795
1313.9265,1313.9368,24609,30989,Eptesicus serotinus,0.009,0.026,-1,Echolocation,/mnt/ubna_data_02_mir/recover-20220922/UBNA_001/20220921_090000.WAV,Telephone Field,recover-20220922,001,1795
1313.9785,1313.9854,28046,37544,Eptesicus serotinus,0.008,0.025,-1,Echolocation,/mnt/ubna_data_02_mir/recover-20220922/UBNA_001/20220921_090000.WAV,Telephone Field,recover-20220922,001,1795
1314.0015,1314.0176,21171,25199,Nyctalus leisleri,0.021,0.044,-1,Echolocation,/mnt/ubna_data_02_mir/recover-20220922/UBNA_001/20220921_090000.WAV,Telephone Field,recover-20220922,001,1795
1314.0015,1314.0374,68437,80895,Rhinolophus ferrumequinum,0.036,0.036,-1,Echolocation,/mnt/ubna_data_02_mir/recover-20220922/UBNA_001/20220921_090000.WAV,Telephone Field,recover-20220922,001,1795
1314.0015,1314.0086000000001,48671,56936,Pipistrellus pipistrellus,0.014,0.023,-1,Echolocation,/mnt/ubna_data_02_mir/recover-20220922/UBNA_001/20220921_090000.WAV,Telephone Field,recover-20220922,001,1795
1314.0075,1314.0531,68437,82968,Rhinolophus ferrumequinum,0.034,0.034,-1,Echolocation,/mnt/ubna_data_02_mir/recover-20220922/UBNA_001/20220921_090000.WAV,Telephone Field,recover-20220922,001,1795
1314.0085,1314.0288,20312,23229,Nyctalus leisleri,0.012,0.021,-1,Echolocation,/mnt/ubna_data_02_mir/recover-20220922/UBNA_001/20220921_090000.WAV,Telephone Field,recover-20220922,001,1795
1314.0165,1314.0553,68437,82471,Rhinolophus ferrumequinum,0.021,0.021,-1,Echolocation,/mnt/ubna_data_02_mir/recover-20220922/UBNA_001/20220921_090000.WAV,Telephone Field,recover-20220922,001,1795
1314.0435,1314.055,22031,27641,Nyctalus leisleri,0.014,0.032,-1,Echolocation,/mnt/ubna_data_02_mir/recover-20220922/UBNA_001/20220921_090000.WAV,Telephone Field,recover-20220922,001,1795
1314.0705,1314.1102,68437,82168,Rhinolophus ferrumequinum,0.022,0.022,-1,Echolocation,/mnt/ubna_data_02_mir/recover-20220922/UBNA_001/20220921_090000.WAV,Telephone Field,recover-20220922,001,1795
1314.0835,1314.0935,22890,27341,Nyctalus leisleri,0.013,0.024,-1,Echolocation,/mnt/ubna_data_02_mir/recover-20220922/UBNA_001/20220921_090000.WAV,Telephone Field,recover-20220922,001,1795
1314.0875,1314.1252,68437,81729,Rhinolophus ferrumequinum,0.025,0.025,-1,Echolocation,/mnt/ubna_data_02_mir/recover-20220922/UBNA_001/20220921_090000.WAV,Telephone Field,recover-20220922,001,1795
1314.0965,1314.1332,68437,81430,Rhinolophus ferrumequinum,0.021,0.021,-1,Echolocation,/mnt/ubna_data_02_mir/recover-20220922/UBNA_001/20220921_090000.WAV,Telephone Field,recover-20220922,001,1795
1314.1155,1314.1525,68437,81174,Rhinolophus ferrumequinum,0.024,0.024,-1,Echolocation,/mnt/ubna_data_02_mir/recover-20220922/UBNA_001/20220921_090000.WAV,Telephone Field,recover-20220922,001,1795
1314.1545,1314.1932,68437,82651,Rhinolophus ferrumequinum,0.023,0.024,-1,Echolocation,/mnt/ubna_data_02_mir/recover-20220922/UBNA_001/20220921_090000.WAV,Telephone Field,recover-20220922,001,1795
1314.2265,1314.2664,68437,82223,Rhinolophus ferrumequinum,0.022,0.022,-1,Echolocation,/mnt/ubna_data_02_mir/recover-20220922/UBNA_001/20220921_090000.WAV,Telephone Field,recover-20220922,001,1795
1314.2385,1314.2744,68437,81172,Rhinolophus ferrumequinum,0.021,0.021,-1,Echolocation,/mnt/ubna_data_02_mir/recover-20220922/UBNA_001/20220921_090000.WAV,Telephone Field,recover-20220922,001,1795
1314.2475,1314.2855,68437,81630,Rhinolophus ferrumequinum,0.021,0.021,-1,Echolocation,/mnt/ubna_data_02_mir/recover-20220922/UBNA_001/20220921_090000.WAV,Telephone Field,recover-20220922,001,1795
1314.3425,1314.3807,68437,82112,Rhinolophus ferrumequinum,0.022,0.022,-1,Echolocation,/mnt/ubna_data_02_mir/recover-20220922/UBNA_001/20220921_090000.WAV,Telephone Field,recover-20220922,001,1795
1314.3455,1314.3524,25468,38369,Plecotus austriacus,0.009,0.031,-1,Echolocation,/mnt/ubna_data_02_mir/recover-20220922/UBNA_001/20220921_090000.WAV,Telephone Field,recover-20220922,001,1795
1314.3645,1314.384,19453,22479,Nyctalus leisleri,0.017,0.031,-1,Echolocation,/mnt/ubna_data_02_mir/recover-20220922/UBNA_001/20220921_090000.WAV,Telephone Field,recover-20220922,001,1795
1314.3675,1314.4066,68437,82158,Rhinolophus ferrumequinum,0.022,0.022,-1,Echolocation,/mnt/ubna_data_02_mir/recover-20220922/UBNA_001/20220921_090000.WAV,Telephone Field,recover-20220922,001,1795
1314.3725,1314.4106,68437,82098,Rhinolophus ferrumequinum,0.022,0.022,-1,Echolocation,/mnt/ubna_data_02_mir/recover-20220922/UBNA_001/20220921_090000.WAV,Telephone Field,recover-20220922,001,1795
1314.4305,1314.439,25468,35519,Eptesicus serotinus,0.008,0.023,-1,Echolocation,/mnt/ubna_data_02_mir/recover-20220922/UBNA_001/20220921_090000.WAV,Telephone Field,recover-20220922,001,1795
1314.4635,1314.4714,28046,38283,Eptesicus serotinus,0.007,0.021,-1,Echolocation,/mnt/ubna_data_02_mir/recover-20220922/UBNA_001/20220921_090000.WAV,Telephone Field,recover-20220922,001,1795
1314.4645,1314.5064,68437,82276,Rhinolophus ferrumequinum,0.028,0.028,-1,Echolocation,/mnt/ubna_data_02_mir/recover-20220922/UBNA_001/20220921_090000.WAV,Telephone Field,recover-20220922,001,1795
1314.4735,1314.5135,68437,81814,Rhinolophus ferrumequinum,0.032,0.032,-1,Echolocation,/mnt/ubna_data_02_mir/recover-20220922/UBNA_001/20220921_090000.WAV,Telephone Field,recover-20220922,001,1795
1314.4985,1314.5385,68437,81137,Rhinolophus ferrumequinum,0.028,0.028,-1,Echolocation,/mnt/ubna_data_02_mir/recover-20220922/UBNA_001/20220921_090000.WAV,Telephone Field,recover-20220922,001,1795
1314.5235,1314.5325,44375,48504,Pipistrellus pipistrellus,0.036,0.039,-1,Echolocation,/mnt/ubna_data_02_mir/recover-20220922/UBNA_001/20220921_090000.WAV,Telephone Field,recover-20220922,001,1795
1314.5505,1314.5915,68437,82479,Rhinolophus ferrumequinum,0.023,0.023,-1,Echolocation,/mnt/ubna_data_02_mir/recover-20220922/UBNA_001/20220921_090000.WAV,Telephone Field,recover-20220922,001,1795
1314.5955,1314.6334,68437,82267,Rhinolophus ferrumequinum,0.025,0.025,-1,Echolocation,/mnt/ubna_data_02_mir/recover-20220922/UBNA_001/20220921_090000.WAV,Telephone Field,recover-20220922,001,1795
1314.6215,1314.6296,25468,36764,Eptesicus serotinus,0.005,0.021,-1,Echolocation,/mnt/ubna_data_02_mir/recover-20220922/UBNA_001/20220921_090000.WAV,Telephone Field,recover-20220922,001,1795
1314.7125,1314.7496,68437,82054,Rhinolophus ferrumequinum,0.021,0.021,-1,Echolocation,/mnt/ubna_data_02_mir/recover-20220922/UBNA_001/20220921_090000.WAV,Telephone Field,recover-20220922,001,1795
1314.7255,1314.7644,68437,81753,Rhinolophus ferrumequinum,0.025,0.025,-1,Echolocation,/mnt/ubna_data_02_mir/recover-20220922/UBNA_001/20220921_090000.WAV,Telephone Field,recover-20220922,001,1795
1314.7335,1314.7744,68437,82277,Rhinolophus ferrumequinum,0.023,0.023,-1,Echolocation,/mnt/ubna_data_02_mir/recover-20220922/UBNA_001/20220921_090000.WAV,Telephone Field,recover-20220922,001,1795
1314.7375,1314.7452,28046,39739,Eptesicus serotinus,0.007,0.021,-1,Echolocation,/mnt/ubna_data_02_mir/recover-20220922/UBNA_001/20220921_090000.WAV,Telephone Field,recover-20220922,001,1795
1314.7375,1314.7459,23750,32203,Plecotus austriacus,0.007,0.021,-1,Echolocation,/mnt/ubna_data_02_mir/recover-20220922/UBNA_001/20220921_090000.WAV,Telephone Field,recover-20220922,001,1795
1314.7525,1314.7609,49531,56564,Pipistrellus pipistrellus,0.023,0.027,-1,Echolocation,/mnt/ubna_data_02_mir/recover-20220922/UBNA_001/20220921_090000.WAV,Telephone Field,recover-20220922,001,1795
1314.7665,1314.8052,68437,82055,Rhinolophus ferrumequinum,0.021,0.021,-1,Echolocation,/mnt/ubna_data_02_mir/recover-20220922/UBNA_001/20220921_090000.WAV,Telephone Field,recover-20220922,001,1795
1314.8345,1314.8463,22031,26119,Nyctalus leisleri,0.012,0.021,-1,Echolocation,/mnt/ubna_data_02_mir/recover-20220922/UBNA_001/20220921_090000.WAV,Telephone Field,recover-20220922,001,1795
1314.8715,1314.9077,68437,81013,Rhinolophus ferrumequinum,0.021,0.022,-1,Echolocation,/mnt/ubna_data_02_mir/recover-20220922/UBNA_001/20220921_090000.WAV,Telephone Field,recover-20220922,001,1795
1314.8795,1314.9196,68437,81909,Rhinolophus ferrumequinum,0.022,0.022,-1,Echolocation,/mnt/ubna_data_02_mir/recover-20220922/UBNA_001/20220921_090000.WAV,Telephone Field,recover-20220922,001,1795
1314.8995,1314.908,28906,39401,Eptesicus serotinus,0.008,0.024,-1,Echolocation,/mnt/ubna_data_02_mir/recover-20220922/UBNA_001/20220921_090000.WAV,Telephone Field,recover-20220922,001,1795
1314.9265,1314.9654,68437,82129,Rhinolophus ferrumequinum,0.022,0.022,-1,Echolocation,/mnt/ubna_data_02_mir/recover-20220922/UBNA_001/20220921_090000.WAV,Telephone Field,recover-20220922,001,1795
1314.9595,1314.9755,42656,45748,Pipistrellus pipistrellus,0.057,0.067,-1,Echolocation,/mnt/ubna_data_02_mir/recover-20220922/UBNA_001/20220921_090000.WAV,Telephone Field,recover-20220922,001,1795
1314.9985,1315.0094,28906,35936,Eptesicus serotinus,0.011,0.022,-1,Echolocation,/mnt/ubna_data_02_mir/recover-20220922/UBNA_001/20220921_090000.WAV,Telephone Field,recover-20220922,001,1795
1315.0065,1315.0166,28046,35424,Eptesicus serotinus,0.01,0.022,-1,Echolocation,/mnt/ubna_data_02_mir/recover-20220922/UBNA_001/20220921_090000.WAV,Telephone Field,recover-20220922,001,1795
1315.0105,1315.0483,68437,82350,Rhinolophus ferrumequinum,0.023,0.023,-1,Echolocation,/mnt/ubna_data_02_mir/recover-20220922/UBNA_001/20220921_090000.WAV,Telephone Field,recover-20220922,001,1795
1315.0205,1315.061,68437,82107,Rhinolophus ferrumequinum,0.021,0.021,-1,Echolocation,/mnt/ubna_data_02_mir/recover-20220922/UBNA_001/20220921_090000.WAV,Telephone Field,recover-20220922,001,1795
1315.0275,1315.0637,68437,82282,Rhinolophus ferrumequinum,0.023,0.023,-1,Echolocation,/mnt/ubna_data_02_mir/recover-20220922/UBNA_001/20220921_090000.WAV,Telephone Field,recover-20220922,001,1795
1315.0565,1315.0631,52109,56966,Pipistrellus pipistrellus,0.019,0.022,-1,Echolocation,/mnt/ubna_data_02_mir/recover-20220922/UBNA_001/20220921_090000.WAV,Telephone Field,recover-20220922,001,1795
1315.0835,1315.0923,46953,50961,Pipistrellus pipistrellus,0.021,0.022,-1,Echolocation,/mnt/ubna_data_02_mir/recover-20220922/UBNA_001/20220921_090000.WAV,Telephone Field,recover-20220922,001,1795
1315.1265,1315.1653,68437,81903,Rhinolophus ferrumequinum,0.027,0.027,-1,Echolocation,/mnt/ubna_data_02_mir/recover-20220922/UBNA_001/20220921_090000.WAV,Telephone Field,recover-20220922,001,1795
1315.1665,1315.207,68437,82965,Rhinolophus ferrumequinum,0.024,0.024,-1,Echolocation,/mnt/ubna_data_02_mir/recover-20220922/UBNA_001/20220921_090000.WAV,Telephone Field,recover-20220922,001,1795
1315.1825,1315.1923,22890,29345,Nyctalus leisleri,0.008,0.024,-1,Echolocation,/mnt/ubna_data_02_mir/recover-20220922/UBNA_001/20220921_090000.WAV,Telephone Field,recover-20220922,001,1795
1315.2205,1315.2585,68437,82053,Rhinolophus ferrumequinum,0.027,0.027,-1,Echolocation,/mnt/ubna_data_02_mir/recover-20220922/UBNA_001/20220921_090000.WAV,Telephone Field,recover-20220922,001,1795
1315.2285,1315.2413999999999,22890,26896,Nyctalus leisleri,0.014,0.023,-1,Echolocation,/mnt/ubna_data_02_mir/recover-20220922/UBNA_001/20220921_090000.WAV,Telephone Field,recover-20220922,001,1795
1315.2545,1315.2623,28906,38194,Eptesicus serotinus,0.008,0.027,-1,Echolocation,/mnt/ubna_data_02_mir/recover-20220922/UBNA_001/20220921_090000.WAV,Telephone Field,recover-20220922,001,1795
1315.2615,1315.2989,68437,82154,Rhinolophus ferrumequinum,0.022,0.022,-1,Echolocation,/mnt/ubna_data_02_mir/recover-20220922/UBNA_001/20220921_090000.WAV,Telephone Field,recover-20220922,001,1795
1315.2785,1315.3187,68437,81985,Rhinolophus ferrumequinum,0.024,0.024,-1,Echolocation,/mnt/ubna_data_02_mir/recover-20220922/UBNA_001/20220921_090000.WAV,Telephone Field,recover-20220922,001,1795
1315.3015,1315.3385,68437,81007,Rhinolophus ferrumequinum,0.022,0.022,-1,Echolocation,/mnt/ubna_data_02_mir/recover-20220922/UBNA_001/20220921_090000.WAV,Telephone Field,recover-20220922,001,1795
1315.3195,1315.3589,68437,81868,Rhinolophus ferrumequinum,0.021,0.021,-1,Echolocation,/mnt/ubna_data_02_mir/recover-20220922/UBNA_001/20220921_090000.WAV,Telephone Field,recover-20220922,001,1795
1315.3245,1315.336,23750,29127,Nyctalus leisleri,0.011,0.023,-1,Echolocation,/mnt/ubna_data_02_mir/recover-20220922/UBNA_001/20220921_090000.WAV,Telephone Field,recover-20220922,001,1795
1315.3575,1315.3652,28906,40471,Eptesicus serotinus,0.006,0.022,-1,Echolocation,/mnt/ubna_data_02_mir/recover-20220922/UBNA_001/20220921_090000.WAV,Telephone Field,recover-20220922,001,1795
1315.3655,1315.3985,68437,79956,Rhinolophus ferrumequinum,0.036,0.036,-1,Echolocation,/mnt/ubna_data_02_mir/recover-20220922/UBNA_001/20220921_090000.WAV,Telephone Field,recover-20220922,001,1795
1315.3945,1315.4037,49531,53940,Pipistrellus pipistrellus,0.02,0.023,-1,Echolocation,/mnt/ubna_data_02_mir/recover-20220922/UBNA_001/20220921_090000.WAV,Telephone Field,recover-20220922,001,1795
1315.3945,1315.4355,68437,83101,Rhinolophus ferrumequinum,0.025,0.025,-1,Echolocation,/mnt/ubna_data_02_mir/recover-20220922/UBNA_001/20220921_090000.WAV,Telephone Field,recover-20220922,001,1795
1315.4115,1315.4196,27187,35956,Eptesicus serotinus,0.017,0.038,-1,Echolocation,/mnt/ubna_data_02_mir/recover-20220922/UBNA_001/20220921_090000.WAV,Telephone Field,recover-20220922,001,1795
1315.4475,1315.4576,23750,30542,Nyctalus leisleri,0.008,0.021,-1,Echolocation,/mnt/ubna_data_02_mir/recover-20220922/UBNA_001/20220921_090000.WAV,Telephone Field,recover-20220922,001,1795
1315.4525,1315.4944,68437,82627,Rhinolophus ferrumequinum,0.026,0.026,-1,Echolocation,/mnt/ubna_data_02_mir/recover-20220922/UBNA_001/20220921_090000.WAV,Telephone Field,recover-20220922,001,1795
1315.4615,1315.5,68437,81283,Rhinolophus ferrumequinum,0.024,0.024,-1,Echolocation,/mnt/ubna_data_02_mir/recover-20220922/UBNA_001/20220921_090000.WAV,Telephone Field,recover-20220922,001,1795
1315.4935,1315.5064,28906,35354,Eptesicus serotinus,0.051,0.078,-1,Echolocation,/mnt/ubna_data_02_mir/recover-20220922/UBNA_001/20220921_090000.WAV,Telephone Field,recover-20220922,001,1795
1315.5045,1315.5445,68437,82658,Rhinolophus ferrumequinum,0.022,0.022,-1,Echolocation,/mnt/ubna_data_02_mir/recover-20220922/UBNA_001/20220921_090000.WAV,Telephone Field,recover-20220922,001,1795
1315.5445,1315.5846,68437,82346,Rhinolophus ferrumequinum,0.023,0.023,-1,Echolocation,/mnt/ubna_data_02_mir/recover-20220922/UBNA_001/20220921_090000.WAV,Telephone Field,recover-20220922,001,1795
1315.5455,1315.5553,28046,36147,Eptesicus serotinus,0.011,0.026,-1,Echolocation,/mnt/ubna_data_02_mir/recover-20220922/UBNA_001/20220921_090000.WAV,Telephone Field,recover-20220922,001,1795
1315.5615,1315.6023,68437,82183,Rhinolophus ferrumequinum,0.023,0.023,-1,Echolocation,/mnt/ubna_data_02_mir/recover-20220922/UBNA_001/20220921_090000.WAV,Telephone Field,recover-20220922,001,1795
1315.5855,1315.6291,68437,83219,Rhinolophus ferrumequinum,0.034,0.034,-1,Echolocation,/mnt/ubna_data_02_mir/recover-20220922/UBNA_001/20220921_090000.WAV,Telephone Field,recover-20220922,001,1795
1315.6125,1315.6492,68437,81941,Rhinolophus ferrumequinum,0.022,0.022,-1,Echolocation,/mnt/ubna_data_02_mir/recover-20220922/UBNA_001/20220921_090000.WAV,Telephone Field,recover-20220922,001,1795
1315.7005,1315.7105999999999,27187,36133,Eptesicus serotinus,0.01,0.023,-1,Echolocation,/mnt/ubna_data_02_mir/recover-20220922/UBNA_001/20220921_090000.WAV,Telephone Field,recover-20220922,001,1795
1315.7015,1315.7388,68437,81493,Rhinolophus ferrumequinum,0.022,0.023,-1,Echolocation,/mnt/ubna_data_02_mir/recover-20220922/UBNA_001/20220921_090000.WAV,Telephone Field,recover-20220922,001,1795
1315.7085,1315.7199,28906,35088,Eptesicus serotinus,0.014,0.03,-1,Echolocation,/mnt/ubna_data_02_mir/recover-20220922/UBNA_001/20220921_090000.WAV,Telephone Field,recover-20220922,001,1795
1315.7275,1315.768,68437,82463,Rhinolophus ferrumequinum,0.023,0.023,-1,Echolocation,/mnt/ubna_data_02_mir/recover-20220922/UBNA_001/20220921_090000.WAV,Telephone Field,recover-20220922,001,1795
1315.7705,1315.8105,68437,82433,Rhinolophus ferrumequinum,0.027,0.027,-1,Echolocation,/mnt/ubna_data_02_mir/recover-20220922/UBNA_001/20220921_090000.WAV,Telephone Field,recover-20220922,001,1795
1315.7805,1315.7909,25468,30973,Eptesicus serotinus,0.01,0.027,-1,Echolocation,/mnt/ubna_data_02_mir/recover-20220922/UBNA_001/20220921_090000.WAV,Telephone Field,recover-20220922,001,1795
1315.7945,1315.8035,28046,38293,Eptesicus serotinus,0.009,0.023,-1,Echolocation,/mnt/ubna_data_02_mir/recover-20220922/UBNA_001/20220921_090000.WAV,Telephone Field,recover-20220922,001,1795
1315.8095,1315.8483,68437,82020,Rhinolophus ferrumequinum,0.022,0.022,-1,Echolocation,/mnt/ubna_data_02_mir/recover-20220922/UBNA_001/20220921_090000.WAV,Telephone Field,recover-20220922,001,1795
1315.8215,1315.8265,34921,44236,Myotis daubentonii,0.009,0.026,-1,Echolocation,/mnt/ubna_data_02_mir/recover-20220922/UBNA_001/20220921_090000.WAV,Telephone Field,recover-20220922,001,1795
1315.8395,1315.8521,21171,24747,Nyctalus leisleri,0.013,0.021,-1,Echolocation,/mnt/ubna_data_02_mir/recover-20220922/UBNA_001/20220921_090000.WAV,Telephone Field,recover-20220922,001,1795
1315.9045,1315.917,49531,54225,Pipistrellus pipistrellus,0.019,0.022,-1,Echolocation,/mnt/ubna_data_02_mir/recover-20220922/UBNA_001/20220921_090000.WAV,Telephone Field,recover-20220922,001,1795
1315.9435,1315.9804,68437,81597,Rhinolophus ferrumequinum,0.021,0.021,-1,Echolocation,/mnt/ubna_data_02_mir/recover-20220922/UBNA_001/20220921_090000.WAV,Telephone Field,recover-20220922,001,1795
1315.9565,1315.9676,22890,27460,Nyctalus leisleri,0.012,0.022,-1,Echolocation,/mnt/ubna_data_02_mir/recover-20220922/UBNA_001/20220921_090000.WAV,Telephone Field,recover-20220922,001,1795
1316.0015,1316.0339,68437,80536,Rhinolophus ferrumequinum,0.03,0.03,-1,Echolocation,/mnt/ubna_data_02_mir/recover-20220922/UBNA_001/20220921_090000.WAV,Telephone Field,recover-20220922,001,1795
1316.0015,1316.0078,46953,53205,Pipistrellus pipistrellus,0.016,0.021,-1,Echolocation,/mnt/ubna_data_02_mir/recover-20220922/UBNA_001/20220921_090000.WAV,Telephone Field,recover-20220922,001,1795
1316.0015,1316.0158,18593,23163,Nyctalus noctula,0.015,0.037,-1,Echolocation,/mnt/ubna_data_02_mir/recover-20220922/UBNA_001/20220921_090000.WAV,Telephone Field,recover-20220922,001,1795
1316.0095,1316.0552,68437,82759,Rhinolophus ferrumequinum,0.036,0.036,-1,Echolocation,/mnt/ubna_data_02_mir/recover-20220922/UBNA_001/20220921_090000.WAV,Telephone Field,recover-20220922,001,1795
1316.0345,1316.0406,31484,54473,Myotis daubentonii,0.01,0.021,-1,Echolocation,/mnt/ubna_data_02_mir/recover-20220922/UBNA_001/20220921_090000.WAV,Telephone Field,recover-20220922,001,1795
1316.0665,1316.0753,28906,37291,Eptesicus serotinus,0.007,0.021,-1,Echolocation,/mnt/ubna_data_02_mir/recover-20220922/UBNA_001/20220921_090000.WAV,Telephone Field,recover-20220922,001,1795
1316.0735,1316.1182,68437,83439,Rhinolophus ferrumequinum,0.038,0.038,-1,Echolocation,/mnt/ubna_data_02_mir/recover-20220922/UBNA_001/20220921_090000.WAV,Telephone Field,recover-20220922,001,1795
1316.0945,1316.1314,68437,81564,Rhinolophus ferrumequinum,0.023,0.023,-1,Echolocation,/mnt/ubna_data_02_mir/recover-20220922/UBNA_001/20220921_090000.WAV,Telephone Field,recover-20220922,001,1795
1316.1125,1316.1215,28906,37435,Eptesicus serotinus,0.007,0.021,-1,Echolocation,/mnt/ubna_data_02_mir/recover-20220922/UBNA_001/20220921_090000.WAV,Telephone Field,recover-20220922,001,1795
1316.1435,1316.1831,68437,82122,Rhinolophus ferrumequinum,0.024,0.025,-1,Echolocation,/mnt/ubna_data_02_mir/recover-20220922/UBNA_001/20220921_090000.WAV,Telephone Field,recover-20220922,001,1795
1316.1815,1316.2214,68437,82006,Rhinolophus ferrumequinum,0.023,0.023,-1,Echolocation,/mnt/ubna_data_02_mir/recover-20220922/UBNA_001/20220921_090000.WAV,Telephone Field,recover-20220922,001,1795
1316.1895,1316.2265,68437,82147,Rhinolophus ferrumequinum,0.022,0.022,-1,Echolocation,/mnt/ubna_data_02_mir/recover-20220922/UBNA_001/20220921_090000.WAV,Telephone Field,recover-20220922,001,1795
1316.1965,1316.2357,68437,82025,Rhinolophus ferrumequinum,0.022,0.022,-1,Echolocation,/mnt/ubna_data_02_mir/recover-20220922/UBNA_001/20220921_090000.WAV,Telephone Field,recover-20220922,001,1795
1316.2005,1316.2112,23750,29000,Nyctalus leisleri,0.011,0.022,-1,Echolocation,/mnt/ubna_data_02_mir/recover-20220922/UBNA_001/20220921_090000.WAV,Telephone Field,recover-20220922,001,1795
1316.2025,1316.2415,68437,81678,Rhinolophus ferrumequinum,0.021,0.021,-1,Echolocation,/mnt/ubna_data_02_mir/recover-20220922/UBNA_001/20220921_090000.WAV,Telephone Field,recover-20220922,001,1795
1316.2135,1316.2489,68437,81256,Rhinolophus ferrumequinum,0.024,0.024,-1,Echolocation,/mnt/ubna_data_02_mir/recover-20220922/UBNA_001/20220921_090000.WAV,Telephone Field,recover-20220922,001,1795
1316.2275,1316.2393,15156,20870,Nyctalus noctula,0.016,0.026,-1,Echolocation,/mnt/ubna_data_02_mir/recover-20220922/UBNA_001/20220921_090000.WAV,Telephone Field,recover-20220922,001,1795
1316.2595,1316.301,68437,82917,Rhinolophus ferrumequinum,0.024,0.024,-1,Echolocation,/mnt/ubna_data_02_mir/recover-20220922/UBNA_001/20220921_090000.WAV,Telephone Field,recover-20220922,001,1795
1316.2725,1316.3089,68437,81763,Rhinolophus ferrumequinum,0.021,0.021,-1,Echolocation,/mnt/ubna_data_02_mir/recover-20220922/UBNA_001/20220921_090000.WAV,Telephone Field,recover-20220922,001,1795
1316.3065,1316.344,68437,82338,Rhinolophus ferrumequinum,0.021,0.021,-1,Echolocation,/mnt/ubna_data_02_mir/recover-20220922/UBNA_001/20220921_090000.WAV,Telephone Field,recover-20220922,001,1795
1316.3235,1316.358,68437,81330,Rhinolophus ferrumequinum,0.022,0.022,-1,Echolocation,/mnt/ubna_data_02_mir/recover-20220922/UBNA_001/20220921_090000.WAV,Telephone Field,recover-20220922,001,1795
1316.3695,1316.4086,68437,82103,Rhinolophus ferrumequinum,0.023,0.023,-1,Echolocation,/mnt/ubna_data_02_mir/recover-20220922/UBNA_001/20220921_090000.WAV,Telephone Field,recover-20220922,001,1795
1316.3695,1316.3793,50390,56615,Pipistrellus pipistrellus,0.016,0.021,-1,Echolocation,/mnt/ubna_data_02_mir/recover-20220922/UBNA_001/20220921_090000.WAV,Telephone Field,recover-20220922,001,1795
1316.3725,1316.3829,24609,31676,Nyctalus leisleri,0.01,0.029,-1,Echolocation,/mnt/ubna_data_02_mir/recover-20220922/UBNA_001/20220921_090000.WAV,Telephone Field,recover-20220922,001,1795
1316.3885,1316.4269,68437,81749,Rhinolophus ferrumequinum,0.023,0.023,-1,Echolocation,/mnt/ubna_data_02_mir/recover-20220922/UBNA_001/20220921_090000.WAV,Telephone Field,recover-20220922,001,1795
1316.3945,1316.4075,23750,29643,Nyctalus leisleri,0.01,0.024,-1,Echolocation,/mnt/ubna_data_02_mir/recover-20220922/UBNA_001/20220921_090000.WAV,Telephone Field,recover-20220922,001,1795
1316.4335,1316.4698,68437,81157,Rhinolophus ferrumequinum,0.021,0.021,-1,Echolocation,/mnt/ubna_data_02_mir/recover-20220922/UBNA_001/20220921_090000.WAV,Telephone Field,recover-20220922,001,1795
1316.4455,1316.456,27187,34675,Eptesicus serotinus,0.01,0.022,-1,Echolocation,/mnt/ubna_data_02_mir/recover-20220922/UBNA_001/20220921_090000.WAV,Telephone Field,recover-20220922,001,1795
1316.4465,1316.4839,68437,82071,Rhinolophus ferrumequinum,0.024,0.024,-1,Echolocation,/mnt/ubna_data_02_mir/recover-20220922/UBNA_001/20220921_090000.WAV,Telephone Field,recover-20220922,001,1795
1316.4705,1316.5083,68437,81685,Rhinolophus ferrumequinum,0.037,0.037,-1,Echolocation,/mnt/ubna_data_02_mir/recover-20220922/UBNA_001/20220921_090000.WAV,Telephone Field,recover-20220922,001,1795
1316.5165,1316.5516,68437,81269,Rhinolophus ferrumequinum,0.021,0.021,-1,Echolocation,/mnt/ubna_data_02_mir/recover-20220922/UBNA_001/20220921_090000.WAV,Telephone Field,recover-20220922,001,1795
1316.5435,1316.5543,23750,28849,Nyctalus leisleri,0.01,0.022,-1,Echolocation,/mnt/ubna_data_02_mir/recover-20220922/UBNA_001/20220921_090000.WAV,Telephone Field,recover-20220922,001,1795
1316.5445,1316.5833,68437,82734,Rhinolophus ferrumequinum,0.022,0.022,-1,Echolocation,/mnt/ubna_data_02_mir/recover-20220922/UBNA_001/20220921_090000.WAV,Telephone Field,recover-20220922,001,1795
1316.5545,1316.5945,68437,82350,Rhinolophus ferrumequinum,0.023,0.023,-1,Echolocation,/mnt/ubna_data_02_mir/recover-20220922/UBNA_001/20220921_090000.WAV,Telephone Field,recover-20220922,001,1795
1316.5635,1316.5712,28046,45608,Eptesicus serotinus,0.006,0.022,-1,Echolocation,/mnt/ubna_data_02_mir/recover-20220922/UBNA_001/20220921_090000.WAV,Telephone Field,recover-20220922,001,1795
1316.5795,1316.6178,68437,82291,Rhinolophus ferrumequinum,0.022,0.022,-1,Echolocation,/mnt/ubna_data_02_mir/recover-20220922/UBNA_001/20220921_090000.WAV,Telephone Field,recover-20220922,001,1795
1316.6035,1316.6441,68437,82789,Rhinolophus ferrumequinum,0.036,0.036,-1,Echolocation,/mnt/ubna_data_02_mir/recover-20220922/UBNA_001/20220921_090000.WAV,Telephone Field,recover-20220922,001,1795
1316.6055,1316.6145,28046,36487,Eptesicus serotinus,0.008,0.021,-1,Echolocation,/mnt/ubna_data_02_mir/recover-20220922/UBNA_001/20220921_090000.WAV,Telephone Field,recover-20220922,001,1795
1316.6065,1316.6168,22890,28617,Nyctalus leisleri,0.009,0.022,-1,Echolocation,/mnt/ubna_data_02_mir/recover-20220922/UBNA_001/20220921_090000.WAV,Telephone Field,recover-20220922,001,1795
1316.6485,1316.6887,68437,82661,Rhinolophus ferrumequinum,0.025,0.025,-1,Echolocation,/mnt/ubna_data_02_mir/recover-20220922/UBNA_001/20220921_090000.WAV,Telephone Field,recover-20220922,001,1795
1316.6785,1316.6952,58125,64173,Pipistrellus pygmaeus,0.021,0.022,-1,Echolocation,/mnt/ubna_data_02_mir/recover-20220922/UBNA_001/20220921_090000.WAV,Telephone Field,recover-20220922,001,1795
1316.7035,1316.7423,68437,81704,Rhinolophus ferrumequinum,0.021,0.021,-1,Echolocation,/mnt/ubna_data_02_mir/recover-20220922/UBNA_001/20220921_090000.WAV,Telephone Field,recover-20220922,001,1795
1316.7215,1316.7611,68437,81771,Rhinolophus ferrumequinum,0.025,0.025,-1,Echolocation,/mnt/ubna_data_02_mir/recover-20220922/UBNA_001/20220921_090000.WAV,Telephone Field,recover-20220922,001,1795
1316.7215,1316.7296,28046,39003,Eptesicus serotinus,0.007,0.022,-1,Echolocation,/mnt/ubna_data_02_mir/recover-20220922/UBNA_001/20220921_090000.WAV,Telephone Field,recover-20220922,001,1795
1316.7345,1316.7735,68437,81891,Rhinolophus ferrumequinum,0.024,0.024,-1,Echolocation,/mnt/ubna_data_02_mir/recover-20220922/UBNA_001/20220921_090000.WAV,Telephone Field,recover-20220922,001,1795
1316.7745,1316.81,68437,82306,Rhinolophus ferrumequinum,0.022,0.022,-1,Echolocation,/mnt/ubna_data_02_mir/recover-20220922/UBNA_001/20220921_090000.WAV,Telephone Field,recover-20220922,001,1795
1316.7935,1316.8344,68437,82555,Rhinolophus ferrumequinum,0.022,0.022,-1,Echolocation,/mnt/ubna_data_02_mir/recover-20220922/UBNA_001/20220921_090000.WAV,Telephone Field,recover-20220922,001,1795
1316.8035,1316.8421,68437,82501,Rhinolophus ferrumequinum,0.023,0.023,-1,Echolocation,/mnt/ubna_data_02_mir/recover-20220922/UBNA_001/20220921_090000.WAV,Telephone Field,recover-20220922,001,1795
1316.8125,1316.8511,68437,82011,Rhinolophus ferrumequinum,0.021,0.021,-1,Echolocation,/mnt/ubna_data_02_mir/recover-20220922/UBNA_001/20220921_090000.WAV,Telephone Field,recover-20220922,001,1795
1316.8145,1316.8246,25468,32787,Eptesicus serotinus,0.011,0.03,-1,Echolocation,/mnt/ubna_data_02_mir/recover-20220922/UBNA_001/20220921_090000.WAV,Telephone Field,recover-20220922,001,1795
1316.8395,1316.8474,28046,38807,Eptesicus serotinus,0.008,0.023,-1,Echolocation,/mnt/ubna_data_02_mir/recover-20220922/UBNA_001/20220921_090000.WAV,Telephone Field,recover-20220922,001,1795
1316.8545,1316.8941,68437,81516,Rhinolophus ferrumequinum,0.024,0.024,-1,Echolocation,/mnt/ubna_data_02_mir/recover-20220922/UBNA_001/20220921_090000.WAV,Telephone Field,recover-20220922,001,1795
1316.9025,1316.9106,28046,37121,Eptesicus serotinus,0.01,0.027,-1,Echolocation,/mnt/ubna_data_02_mir/recover-20220922/UBNA_001/20220921_090000.WAV,Telephone Field,recover-20220922,001,1795
1316.9045,1316.9462,68437,82774,Rhinolophus ferrumequinum,0.022,0.022,-1,Echolocation,/mnt/ubna_data_02_mir/recover-20220922/UBNA_001/20220921_090000.WAV,Telephone Field,recover-20220922,001,1795
1316.9135,1316.9524,68437,82347,Rhinolophus ferrumequinum,0.021,0.021,-1,Echolocation,/mnt/ubna_data_02_mir/recover-20220922/UBNA_001/20220921_090000.WAV,Telephone Field,recover-20220922,001,1795
1316.9155,1316.9241,28046,37143,Eptesicus serotinus,0.008,0.023,-1,Echolocation,/mnt/ubna_data_02_mir/recover-20220922/UBNA_001/20220921_090000.WAV,Telephone Field,recover-20220922,001,1795
1316.9365,1316.9773,68437,82158,Rhinolophus ferrumequinum,0.025,0.025,-1,Echolocation,/mnt/ubna_data_02_mir/recover-20220922/UBNA_001/20220921_090000.WAV,Telephone Field,recover-20220922,001,1795
1316.9405,1316.9492,28046,39901,Eptesicus serotinus,0.008,0.022,-1,Echolocation,/mnt/ubna_data_02_mir/recover-20220922/UBNA_001/20220921_090000.WAV,Telephone Field,recover-20220922,001,1795
1316.9725,1317.009,68437,81313,Rhinolophus ferrumequinum,0.023,0.023,-1,Echolocation,/mnt/ubna_data_02_mir/recover-20220922/UBNA_001/20220921_090000.WAV,Telephone Field,recover-20220922,001,1795
1316.9825,1316.9932,28906,35593,Eptesicus serotinus,0.011,0.024,-1,Echolocation,/mnt/ubna_data_02_mir/recover-20220922/UBNA_001/20220921_090000.WAV,Telephone Field,recover-20220922,001,1795
1316.9925,1317.0297,68437,82404,Rhinolophus ferrumequinum,0.026,0.026,-1,Echolocation,/mnt/ubna_data_02_mir/recover-20220922/UBNA_001/20220921_090000.WAV,Telephone Field,recover-20220922,001,1795
1317.0205,1317.0572,68437,81569,Rhinolophus ferrumequinum,0.022,0.023,-1,Echolocation,/mnt/ubna_data_02_mir/recover-20220922/UBNA_001/20220921_090000.WAV,Telephone Field,recover-20220922,001,1795
1317.0255,1317.0333,27187,36866,Eptesicus serotinus,0.008,0.024,-1,Echolocation,/mnt/ubna_data_02_mir/recover-20220922/UBNA_001/20220921_090000.WAV,Telephone Field,recover-20220922,001,1795
1317.0575,1317.0966,68437,82740,Rhinolophus ferrumequinum,0.03,0.03,-1,Echolocation,/mnt/ubna_data_02_mir/recover-20220922/UBNA_001/20220921_090000.WAV,Telephone Field,recover-20220922,001,1795
1317.0895,1317.0993,22890,28738,Nyctalus leisleri,0.011,0.026,-1,Echolocation,/mnt/ubna_data_02_mir/recover-20220922/UBNA_001/20220921_090000.WAV,Telephone Field,recover-20220922,001,1795
1317.0955,1317.1377,68437,83353,Rhinolophus ferrumequinum,0.034,0.034,-1,Echolocation,/mnt/ubna_data_02_mir/recover-20220922/UBNA_001/20220921_090000.WAV,Telephone Field,recover-20220922,001,1795
1317.1265,1317.1641,68437,82026,Rhinolophus ferrumequinum,0.022,0.022,-1,Echolocation,/mnt/ubna_data_02_mir/recover-20220922/UBNA_001/20220921_090000.WAV,Telephone Field,recover-20220922,001,1795
1317.1725,1317.2088,68437,81834,Rhinolophus ferrumequinum,0.02,0.021,-1,Echolocation,/mnt/ubna_data_02_mir/recover-20220922/UBNA_001/20220921_090000.WAV,Telephone Field,recover-20220922,001,1795
1317.1795,1317.2131,68437,81400,Rhinolophus ferrumequinum,0.021,0.021,-1,Echolocation,/mnt/ubna_data_02_mir/recover-20220922/UBNA_001/20220921_090000.WAV,Telephone Field,recover-20220922,001,1795
1317.1895,1317.2247,68437,81994,Rhinolophus ferrumequinum,0.031,0.031,-1,Echolocation,/mnt/ubna_data_02_mir/recover-20220922/UBNA_001/20220921_090000.WAV,Telephone Field,recover-20220922,001,1795
1317.2005,1317.2158,24609,30213,Nyctalus leisleri,0.021,0.05,-1,Echolocation,/mnt/ubna_data_02_mir/recover-20220922/UBNA_001/20220921_090000.WAV,Telephone Field,recover-20220922,001,1795
1317.2015,1317.2394,68437,82178,Rhinolophus ferrumequinum,0.022,0.022,-1,Echolocation,/mnt/ubna_data_02_mir/recover-20220922/UBNA_001/20220921_090000.WAV,Telephone Field,recover-20220922,001,1795
1317.2225,1317.2641,68437,82640,Rhinolophus ferrumequinum,0.024,0.024,-1,Echolocation,/mnt/ubna_data_02_mir/recover-20220922/UBNA_001/20220921_090000.WAV,Telephone Field,recover-20220922,001,1795
1317.2235,1317.232,27187,37921,Eptesicus serotinus,0.008,0.022,-1,Echolocation,/mnt/ubna_data_02_mir/recover-20220922/UBNA_001/20220921_090000.WAV,Telephone Field,recover-20220922,001,1795
1317.2355,1317.244,28046,38282,Eptesicus serotinus,0.007,0.022,-1,Echolocation,/mnt/ubna_data_02_mir/recover-20220922/UBNA_001/20220921_090000.WAV,Telephone Field,recover-20220922,001,1795
1317.2725,1317.2797,27187,39398,Eptesicus serotinus,0.007,0.023,-1,Echolocation,/mnt/ubna_data_02_mir/recover-20220922/UBNA_001/20220921_090000.WAV,Telephone Field,recover-20220922,001,1795
1317.2985,1317.3355999999999,68437,81254,Rhinolophus ferrumequinum,0.021,0.021,-1,Echolocation,/mnt/ubna_data_02_mir/recover-20220922/UBNA_001/20220921_090000.WAV,Telephone Field,recover-20220922,001,1795
1317.3045,1317.3432,68437,81685,Rhinolophus ferrumequinum,0.022,0.022,-1,Echolocation,/mnt/ubna_data_02_mir/recover-20220922/UBNA_001/20220921_090000.WAV,Telephone Field,recover-20220922,001,1795
1317.3245,1317.3321,24609,33746,Plecotus austriacus,0.01,0.028,-1,Echolocation,/mnt/ubna_data_02_mir/recover-20220922/UBNA_001/20220921_090000.WAV,Telephone Field,recover-20220922,001,1795
1317.3395,1317.3507,26328,33099,Eptesicus serotinus,0.013,0.028,-1,Echolocation,/mnt/ubna_data_02_mir/recover-20220922/UBNA_001/20220921_090000.WAV,Telephone Field,recover-20220922,001,1795
1317.3875,1317.4262,68437,81652,Rhinolophus ferrumequinum,0.025,0.025,-1,Echolocation,/mnt/ubna_data_02_mir/recover-20220922/UBNA_001/20220921_090000.WAV,Telephone Field,recover-20220922,001,1795
1317.4025,1317.4111,44375,52185,Pipistrellus pipistrellus,0.02,0.025,-1,Echolocation,/mnt/ubna_data_02_mir/recover-20220922/UBNA_001/20220921_090000.WAV,Telephone Field,recover-20220922,001,1795
1317.4175,1317.454,68437,81892,Rhinolophus ferrumequinum,0.021,0.022,-1,Echolocation,/mnt/ubna_data_02_mir/recover-20220922/UBNA_001/20220921_090000.WAV,Telephone Field,recover-20220922,001,1795
1317.4255,1317.4652,68437,82594,Rhinolophus ferrumequinum,0.025,0.025,-1,Echolocation,/mnt/ubna_data_02_mir/recover-20220922/UBNA_001/20220921_090000.WAV,Telephone Field,recover-20220922,001,1795
1317.4545,1317.4941,68437,82463,Rhinolophus ferrumequinum,0.023,0.023,-1,Echolocation,/mnt/ubna_data_02_mir/recover-20220922/UBNA_001/20220921_090000.WAV,Telephone Field,recover-20220922,001,1795
1317.4655,1317.4749,22890,29529,Nyctalus leisleri,0.007,0.021,-1,Echolocation,/mnt/ubna_data_02_mir/recover-20220922/UBNA_001/20220921_090000.WAV,Telephone Field,recover-20220922,001,1795
1317.4725,1317.5136,68437,82465,Rhinolophus ferrumequinum,0.021,0.021,-1,Echolocation,/mnt/ubna_data_02_mir/recover-20220922/UBNA_001/20220921_090000.WAV,Telephone Field,recover-20220922,001,1795
1317.5105,1317.5506,68437,82205,Rhinolophus ferrumequinum,0.023,0.023,-1,Echolocation,/mnt/ubna_data_02_mir/recover-20220922/UBNA_001/20220921_090000.WAV,Telephone Field,recover-20220922,001,1795
1317.5175,1317.5567,68437,82294,Rhinolophus ferrumequinum,0.022,0.022,-1,Echolocation,/mnt/ubna_data_02_mir/recover-20220922/UBNA_001/20220921_090000.WAV,Telephone Field,recover-20220922,001,1795
1317.5455,1317.5545,28046,37231,Eptesicus serotinus,0.008,0.021,-1,Echolocation,/mnt/ubna_data_02_mir/recover-20220922/UBNA_001/20220921_090000.WAV,Telephone Field,recover-20220922,001,1795
1317.5635,1317.5714,28046,39902,Eptesicus serotinus,0.01,0.028,-1,Echolocation,/mnt/ubna_data_02_mir/recover-20220922/UBNA_001/20220921_090000.WAV,Telephone Field,recover-20220922,001,1795
1317.6095,1317.6458,68437,81492,Rhinolophus ferrumequinum,0.022,0.022,-1,Echolocation,/mnt/ubna_data_02_mir/recover-20220922/UBNA_001/20220921_090000.WAV,Telephone Field,recover-20220922,001,1795
1317.6575,1317.6973,68437,82223,Rhinolophus ferrumequinum,0.024,0.024,-1,Echolocation,/mnt/ubna_data_02_mir/recover-20220922/UBNA_001/20220921_090000.WAV,Telephone Field,recover-20220922,001,1795
1317.6905,1317.7241,68437,81154,Rhinolophus ferrumequinum,0.022,0.022,-1,Echolocation,/mnt/ubna_data_02_mir/recover-20220922/UBNA_001/20220921_090000.WAV,Telephone Field,recover-20220922,001,1795
1317.7055,1317.7422,68437,81976,Rhinolophus ferrumequinum,0.021,0.021,-1,Echolocation,/mnt/ubna_data_02_mir/recover-20220922/UBNA_001/20220921_090000.WAV,Telephone Field,recover-20220922,001,1795
1317.7165,1317.7563,68437,82075,Rhinolophus ferrumequinum,0.023,0.023,-1,Echolocation,/mnt/ubna_data_02_mir/recover-20220922/UBNA_001/20220921_090000.WAV,Telephone Field,recover-20220922,001,1795
1317.7375,1317.7459,28046,38770,Eptesicus serotinus,0.007,0.021,-1,Echolocation,/mnt/ubna_data_02_mir/recover-20220922/UBNA_001/20220921_090000.WAV,Telephone Field,recover-20220922,001,1795
1317.7685,1317.8113,68437,83011,Rhinolophus ferrumequinum,0.029,0.029,-1,Echolocation,/mnt/ubna_data_02_mir/recover-20220922/UBNA_001/20220921_090000.WAV,Telephone Field,recover-20220922,001,1795
1317.7815,1317.82,68437,81911,Rhinolophus ferrumequinum,0.022,0.022,-1,Echolocation,/mnt/ubna_data_02_mir/recover-20220922/UBNA_001/20220921_090000.WAV,Telephone Field,recover-20220922,001,1795
1317.7855,1317.7923,28906,37229,Eptesicus serotinus,0.022,0.053,-1,Echolocation,/mnt/ubna_data_02_mir/recover-20220922/UBNA_001/20220921_090000.WAV,Telephone Field,recover-20220922,001,1795
1317.8015,1317.8076,28906,38662,Eptesicus serotinus,0.005,0.025,-1,Echolocation,/mnt/ubna_data_02_mir/recover-20220922/UBNA_001/20220921_090000.WAV,Telephone Field,recover-20220922,001,1795
1317.8015,1317.8081,23750,32952,Plecotus austriacus,0.011,0.025,-1,Echolocation,/mnt/ubna_data_02_mir/recover-20220922/UBNA_001/20220921_090000.WAV,Telephone Field,recover-20220922,001,1795
1317.8315,1317.8721,68437,82319,Rhinolophus ferrumequinum,0.024,0.024,-1,Echolocation,/mnt/ubna_data_02_mir/recover-20220922/UBNA_001/20220921_090000.WAV,Telephone Field,recover-20220922,001,1795
1317.8875,1317.8946,28046,38886,Eptesicus serotinus,0.007,0.025,-1,Echolocation,/mnt/ubna_data_02_mir/recover-20220922/UBNA_001/20220921_090000.WAV,Telephone Field,recover-20220922,001,1795
1317.8875,1317.9201,68437,80935,Rhinolophus ferrumequinum,0.02,0.021,-1,Echolocation,/mnt/ubna_data_02_mir/recover-20220922/UBNA_001/20220921_090000.WAV,Telephone Field,recover-20220922,001,1795
1317.9045,1317.9453,68437,82606,Rhinolophus ferrumequinum,0.021,0.021,-1,Echolocation,/mnt/ubna_data_02_mir/recover-20220922/UBNA_001/20220921_090000.WAV,Telephone Field,recover-20220922,001,1795
1317.9385,1317.9494,23750,28710,Nyctalus leisleri,0.013,0.026,-1,Echolocation,/mnt/ubna_data_02_mir/recover-20220922/UBNA_001/20220921_090000.WAV,Telephone Field,recover-20220922,001,1795
1317.9435,1317.9846,68437,82760,Rhinolophus ferrumequinum,0.025,0.025,-1,Echolocation,/mnt/ubna_data_02_mir/recover-20220922/UBNA_001/20220921_090000.WAV,Telephone Field,recover-20220922,001,1795
1317.9705,1317.9789,28046,38369,Eptesicus serotinus,0.008,0.021,-1,Echolocation,/mnt/ubna_data_02_mir/recover-20220922/UBNA_001/20220921_090000.WAV,Telephone Field,recover-20220922,001,1795
1318.0015,1318.0107,12578,22123,Nyctalus leisleri,0.02,0.027,-1,Echolocation,/mnt/ubna_data_02_mir/recover-20220922/UBNA_001/20220921_090000.WAV,Telephone Field,recover-20220922,001,1795
1318.0015,1318.0104,18593,24293,Nyctalus leisleri,0.007,0.021,-1,Echolocation,/mnt/ubna_data_02_mir/recover-20220922/UBNA_001/20220921_090000.WAV,Telephone Field,recover-20220922,001,1795
1318.0015,1318.0078,47812,53363,Pipistrellus pipistrellus,0.018,0.021,-1,Echolocation,/mnt/ubna_data_02_mir/recover-20220922/UBNA_001/20220921_090000.WAV,Telephone Field,recover-20220922,001,1795
1318.0015,1318.0341,68437,79815,Rhinolophus ferrumequinum,0.032,0.032,-1,Echolocation,/mnt/ubna_data_02_mir/recover-20220922/UBNA_001/20220921_090000.WAV,Telephone Field,recover-20220922,001,1795
1318.0155,1318.0584,68437,82872,Rhinolophus ferrumequinum,0.032,0.032,-1,Echolocation,/mnt/ubna_data_02_mir/recover-20220922/UBNA_001/20220921_090000.WAV,Telephone Field,recover-20220922,001,1795
1318.0185,1318.0294,22031,26789,Nyctalus leisleri,0.011,0.021,-1,Echolocation,/mnt/ubna_data_02_mir/recover-20220922/UBNA_001/20220921_090000.WAV,Telephone Field,recover-20220922,001,1795
1318.0295,1318.0399,23750,29624,Nyctalus leisleri,0.009,0.021,-1,Echolocation,/mnt/ubna_data_02_mir/recover-20220922/UBNA_001/20220921_090000.WAV,Telephone Field,recover-20220922,001,1795
1318.0555,1318.0626,28046,39119,Eptesicus serotinus,0.008,0.026,-1,Echolocation,/mnt/ubna_data_02_mir/recover-20220922/UBNA_001/20220921_090000.WAV,Telephone Field,recover-20220922,001,1795
1318.0585,1318.0656,23750,32925,Plecotus austriacus,0.013,0.025,-1,Echolocation,/mnt/ubna_data_02_mir/recover-20220922/UBNA_001/20220921_090000.WAV,Telephone Field,recover-20220922,001,1795
1318.0865,1318.0988,23750,28599,Nyctalus leisleri,0.015,0.028,-1,Echolocation,/mnt/ubna_data_02_mir/recover-20220922/UBNA_001/20220921_090000.WAV,Telephone Field,recover-20220922,001,1795
1318.0985,1318.1383,68437,82340,Rhinolophus ferrumequinum,0.022,0.022,-1,Echolocation,/mnt/ubna_data_02_mir/recover-20220922/UBNA_001/20220921_090000.WAV,Telephone Field,recover-20220922,001,1795
1318.1025,1318.1133,22031,26344,Nyctalus leisleri,0.012,0.023,-1,Echolocation,/mnt/ubna_data_02_mir/recover-20220922/UBNA_001/20220921_090000.WAV,Telephone Field,recover-20220922,001,1795
1318.1175,1318.159,68437,82575,Rhinolophus ferrumequinum,0.022,0.022,-1,Echolocation,/mnt/ubna_data_02_mir/recover-20220922/UBNA_001/20220921_090000.WAV,Telephone Field,recover-20220922,001,1795
1318.1455,1318.1532,51250,58653,Pipistrellus pipistrellus,0.018,0.021,-1,Echolocation,/mnt/ubna_data_02_mir/recover-20220922/UBNA_001/20220921_090000.WAV,Telephone Field,recover-20220922,001,1795
1318.1645,1318.2015,68437,82420,Rhinolophus ferrumequinum,0.025,0.025,-1,Echolocation,/mnt/ubna_data_02_mir/recover-20220922/UBNA_001/20220921_090000.WAV,Telephone Field,recover-20220922,001,1795
1318.1715,1318.1787,28046,38074,Eptesicus serotinus,0.006,0.023,-1,Echolocation,/mnt/ubna_data_02_mir/recover-20220922/UBNA_001/20220921_090000.WAV,Telephone Field,recover-20220922,001,1795
1318.2065,1318.2439,68437,81599,Rhinolophus ferrumequinum,0.024,0.024,-1,Echolocation,/mnt/ubna_data_02_mir/recover-20220922/UBNA_001/20220921_090000.WAV,Telephone Field,recover-20220922,001,1795
1318.2285,1318.2349,28046,40899,Eptesicus serotinus,0.006,0.023,-1,Echolocation,/mnt/ubna_data_02_mir/recover-20220922/UBNA_001/20220921_090000.WAV,Telephone Field,recover-20220922,001,1795
1318.2565,1318.2947,68437,81721,Rhinolophus ferrumequinum,0.022,0.022,-1,Echolocation,/mnt/ubna_data_02_mir/recover-20220922/UBNA_001/20220921_090000.WAV,Telephone Field,recover-20220922,001,1795
1318.2645,1318.2724,25468,34156,Plecotus austriacus,0.006,0.024,-1,Echolocation,/mnt/ubna_data_02_mir/recover-20220922/UBNA_001/20220921_090000.WAV,Telephone Field,recover-20220922,001,1795
1318.3015,1318.3101,27187,39717,Eptesicus serotinus,0.008,0.021,-1,Echolocation,/mnt/ubna_data_02_mir/recover-20220922/UBNA_001/20220921_090000.WAV,Telephone Field,recover-20220922,001,1795
1318.3095,1318.3193,28906,36529,Eptesicus serotinus,0.01,0.024,-1,Echolocation,/mnt/ubna_data_02_mir/recover-20220922/UBNA_001/20220921_090000.WAV,Telephone Field,recover-20220922,001,1795
1318.3335,1318.3749,68437,82408,Rhinolophus ferrumequinum,0.022,0.022,-1,Echolocation,/mnt/ubna_data_02_mir/recover-20220922/UBNA_001/20220921_090000.WAV,Telephone Field,recover-20220922,001,1795
1318.3865,1318.424,68437,82382,Rhinolophus ferrumequinum,0.024,0.024,-1,Echolocation,/mnt/ubna_data_02_mir/recover-20220922/UBNA_001/20220921_090000.WAV,Telephone Field,recover-20220922,001,1795
1318.3945,1318.4031,24609,32601,Eptesicus serotinus,0.006,0.021,-1,Echolocation,/mnt/ubna_data_02_mir/recover-20220922/UBNA_001/20220921_090000.WAV,Telephone Field,recover-20220922,001,1795
1318.4125,1318.4542,68437,81976,Rhinolophus ferrumequinum,0.053,0.053,-1,Echolocation,/mnt/ubna_data_02_mir/recover-20220922/UBNA_001/20220921_090000.WAV,Telephone Field,recover-20220922,001,1795
1318.4965,1318.5377,68437,82898,Rhinolophus ferrumequinum,0.038,0.038,-1,Echolocation,/mnt/ubna_data_02_mir/recover-20220922/UBNA_001/20220921_090000.WAV,Telephone Field,recover-20220922,001,1795
1318.5005,1318.5256,17734,21092,Nyctalus noctula,0.058,0.081,-1,Echolocation,/mnt/ubna_data_02_mir/recover-20220922/UBNA_001/20220921_090000.WAV,Telephone Field,recover-20220922,001,1795
1318.5325,1318.5716,68437,81877,Rhinolophus ferrumequinum,0.023,0.023,-1,Echolocation,/mnt/ubna_data_02_mir/recover-20220922/UBNA_001/20220921_090000.WAV,Telephone Field,recover-20220922,001,1795
1318.6025,1318.6145,24609,29469,Nyctalus leisleri,0.018,0.038,-1,Echolocation,/mnt/ubna_data_02_mir/recover-20220922/UBNA_001/20220921_090000.WAV,Telephone Field,recover-20220922,001,1795
1318.6065,1318.6506,68437,83622,Rhinolophus ferrumequinum,0.031,0.031,-1,Echolocation,/mnt/ubna_data_02_mir/recover-20220922/UBNA_001/20220921_090000.WAV,Telephone Field,recover-20220922,001,1795
1318.6635,1318.703,68437,82173,Rhinolophus ferrumequinum,0.022,0.022,-1,Echolocation,/mnt/ubna_data_02_mir/recover-20220922/UBNA_001/20220921_090000.WAV,Telephone Field,recover-20220922,001,1795
1318.6915,1318.7278,68437,81334,Rhinolophus ferrumequinum,0.027,0.027,-1,Echolocation,/mnt/ubna_data_02_mir/recover-20220922/UBNA_001/20220921_090000.WAV,Telephone Field,recover-20220922,001,1795
1318.7275,1318.7358,28906,38619,Eptesicus serotinus,0.009,0.029,-1,Echolocation,/mnt/ubna_data_02_mir/recover-20220922/UBNA_001/20220921_090000.WAV,Telephone Field,recover-20220922,001,1795
1318.7465,1318.7876,68437,82809,Rhinolophus ferrumequinum,0.023,0.023,-1,Echolocation,/mnt/ubna_data_02_mir/recover-20220922/UBNA_001/20220921_090000.WAV,Telephone Field,recover-20220922,001,1795
1318.7885,1318.7986,22031,27204,Nyctalus leisleri,0.009,0.022,-1,Echolocation,/mnt/ubna_data_02_mir/recover-20220922/UBNA_001/20220921_090000.WAV,Telephone Field,recover-20220922,001,1795
1318.8245,1318.8321,27187,40834,Eptesicus serotinus,0.008,0.026,-1,Echolocation,/mnt/ubna_data_02_mir/recover-20220922/UBNA_001/20220921_090000.WAV,Telephone Field,recover-20220922,001,1795
1318.9115,1318.92,27187,38712,Eptesicus serotinus,0.008,0.024,-1,Echolocation,/mnt/ubna_data_02_mir/recover-20220922/UBNA_001/20220921_090000.WAV,Telephone Field,recover-20220922,001,1795
1318.9495,1318.9899,68437,82617,Rhinolophus ferrumequinum,0.028,0.028,-1,Echolocation,/mnt/ubna_data_02_mir/recover-20220922/UBNA_001/20220921_090000.WAV,Telephone Field,recover-20220922,001,1795
1318.9585,1318.9651,28906,40700,Eptesicus serotinus,0.013,0.041,-1,Echolocation,/mnt/ubna_data_02_mir/recover-20220922/UBNA_001/20220921_090000.WAV,Telephone Field,recover-20220922,001,1795
1318.9715,1319.0137,68437,82812,Rhinolophus ferrumequinum,0.033,0.033,-1,Echolocation,/mnt/ubna_data_02_mir/recover-20220922/UBNA_001/20220921_090000.WAV,Telephone Field,recover-20220922,001,1795
1318.9715,1318.9823,26328,32676,Eptesicus serotinus,0.012,0.026,-1,Echolocation,/mnt/ubna_data_02_mir/recover-20220922/UBNA_001/20220921_090000.WAV,Telephone Field,recover-20220922,001,1795
1318.9965,1319.0044,22890,29750,Plecotus austriacus,0.009,0.022,-1,Echolocation,/mnt/ubna_data_02_mir/recover-20220922/UBNA_001/20220921_090000.WAV,Telephone Field,recover-20220922,001,1795
1319.0455,1319.0816,68437,81345,Rhinolophus ferrumequinum,0.024,0.024,-1,Echolocation,/mnt/ubna_data_02_mir/recover-20220922/UBNA_001/20220921_090000.WAV,Telephone Field,recover-20220922,001,1795
1319.0585,1319.0971,68437,82214,Rhinolophus ferrumequinum,0.023,0.023,-1,Echolocation,/mnt/ubna_data_02_mir/recover-20220922/UBNA_001/20220921_090000.WAV,Telephone Field,recover-20220922,001,1795
1319.1165,1319.1233,27187,36400,Eptesicus serotinus,0.008,0.025,-1,Echolocation,/mnt/ubna_data_02_mir/recover-20220922/UBNA_001/20220921_090000.WAV,Telephone Field,recover-20220922,001,1795
1319.1195,1319.1591,68437,82084,Rhinolophus ferrumequinum,0.021,0.021,-1,Echolocation,/mnt/ubna_data_02_mir/recover-20220922/UBNA_001/20220921_090000.WAV,Telephone Field,recover-20220922,001,1795
1319.1265,1319.1652,68437,81945,Rhinolophus ferrumequinum,0.022,0.022,-1,Echolocation,/mnt/ubna_data_02_mir/recover-20220922/UBNA_001/20220921_090000.WAV,Telephone Field,recover-20220922,001,1795
1319.2055,1319.2141,28046,38331,Eptesicus serotinus,0.007,0.022,-1,Echolocation,/mnt/ubna_data_02_mir/recover-20220922/UBNA_001/20220921_090000.WAV,Telephone Field,recover-20220922,001,1795
1319.2145,1319.2264,22031,25717,Nyctalus leisleri,0.013,0.022,-1,Echolocation,/mnt/ubna_data_02_mir/recover-20220922/UBNA_001/20220921_090000.WAV,Telephone Field,recover-20220922,001,1795
1319.2545,1319.2924,68437,81677,Rhinolophus ferrumequinum,0.027,0.027,-1,Echolocation,/mnt/ubna_data_02_mir/recover-20220922/UBNA_001/20220921_090000.WAV,Telephone Field,recover-20220922,001,1795
1319.3075,1319.3432,68437,81341,Rhinolophus ferrumequinum,0.022,0.022,-1,Echolocation,/mnt/ubna_data_02_mir/recover-20220922/UBNA_001/20220921_090000.WAV,Telephone Field,recover-20220922,001,1795
1319.3725,1319.4149,68437,82905,Rhinolophus ferrumequinum,0.025,0.025,-1,Echolocation,/mnt/ubna_data_02_mir/recover-20220922/UBNA_001/20220921_090000.WAV,Telephone Field,recover-20220922,001,1795
1319.3735,1319.3806,26328,38478,Eptesicus serotinus,0.005,0.022,-1,Echolocation,/mnt/ubna_data_02_mir/recover-20220922/UBNA_001/20220921_090000.WAV,Telephone Field,recover-20220922,001,1795
1319.4065,1319.446,68437,82450,Rhinolophus ferrumequinum,0.024,0.024,-1,Echolocation,/mnt/ubna_data_02_mir/recover-20220922/UBNA_001/20220921_090000.WAV,Telephone Field,recover-20220922,001,1795
1319.4285,1319.4385,28046,38572,Eptesicus serotinus,0.01,0.024,-1,Echolocation,/mnt/ubna_data_02_mir/recover-20220922/UBNA_001/20220921_090000.WAV,Telephone Field,recover-20220922,001,1795
1319.4385,1319.4451,28906,39248,Eptesicus serotinus,0.006,0.023,-1,Echolocation,/mnt/ubna_data_02_mir/recover-20220922/UBNA_001/20220921_090000.WAV,Telephone Field,recover-20220922,001,1795
1319.4655,1319.5048,68437,82134,Rhinolophus ferrumequinum,0.022,0.022,-1,Echolocation,/mnt/ubna_data_02_mir/recover-20220922/UBNA_001/20220921_090000.WAV,Telephone Field,recover-20220922,001,1795
1319.4865,1319.5206,68437,81297,Rhinolophus ferrumequinum,0.021,0.021,-1,Echolocation,/mnt/ubna_data_02_mir/recover-20220922/UBNA_001/20220921_090000.WAV,Telephone Field,recover-20220922,001,1795
1319.4905,1319.497,23750,33060,Plecotus austriacus,0.011,0.023,-1,Echolocation,/mnt/ubna_data_02_mir/recover-20220922/UBNA_001/20220921_090000.WAV,Telephone Field,recover-20220922,001,1795
1319.5085,1319.5462,68437,81802,Rhinolophus ferrumequinum,0.022,0.022,-1,Echolocation,/mnt/ubna_data_02_mir/recover-20220922/UBNA_001/20220921_090000.WAV,Telephone Field,recover-20220922,001,1795
1319.5375,1319.5762,68437,81768,Rhinolophus ferrumequinum,0.025,0.025,-1,Echolocation,/mnt/ubna_data_02_mir/recover-20220922/UBNA_001/20220921_090000.WAV,Telephone Field,recover-20220922,001,1795
1319.5485,1319.5656,21171,23913,Nyctalus leisleri,0.016,0.024,-1,Echolocation,/mnt/ubna_data_02_mir/recover-20220922/UBNA_001/20220921_090000.WAV,Telephone Field,recover-20220922,001,1795
1319.5705,1319.5804,30625,39115,Eptesicus serotinus,0.01,0.027,-1,Echolocation,/mnt/ubna_data_02_mir/recover-20220922/UBNA_001/20220921_090000.WAV,Telephone Field,recover-20220922,001,1795
1319.6265,1319.6367,28906,36561,Eptesicus serotinus,0.011,0.025,-1,Echolocation,/mnt/ubna_data_02_mir/recover-20220922/UBNA_001/20220921_090000.WAV,Telephone Field,recover-20220922,001,1795
1319.6545,1319.695,68437,82682,Rhinolophus ferrumequinum,0.023,0.023,-1,Echolocation,/mnt/ubna_data_02_mir/recover-20220922/UBNA_001/20220921_090000.WAV,Telephone Field,recover-20220922,001,1795
1319.6895,1319.7322,68437,82676,Rhinolophus ferrumequinum,0.027,0.027,-1,Echolocation,/mnt/ubna_data_02_mir/recover-20220922/UBNA_001/20220921_090000.WAV,Telephone Field,recover-20220922,001,1795
1319.6955,1319.7094,22890,27273,Nyctalus leisleri,0.051,0.084,-1,Echolocation,/mnt/ubna_data_02_mir/recover-20220922/UBNA_001/20220921_090000.WAV,Telephone Field,recover-20220922,001,1795
1319.7085,1319.7463,68437,81222,Rhinolophus ferrumequinum,0.022,0.022,-1,Echolocation,/mnt/ubna_data_02_mir/recover-20220922/UBNA_001/20220921_090000.WAV,Telephone Field,recover-20220922,001,1795
1319.7165,1319.7534,68437,80774,Rhinolophus ferrumequinum,0.024,0.024,-1,Echolocation,/mnt/ubna_data_02_mir/recover-20220922/UBNA_001/20220921_090000.WAV,Telephone Field,recover-20220922,001,1795
1319.7315,1319.7413999999999,28046,36475,Eptesicus serotinus,0.01,0.022,-1,Echolocation,/mnt/ubna_data_02_mir/recover-20220922/UBNA_001/20220921_090000.WAV,Telephone Field,recover-20220922,001,1795
1319.7315,1319.738,50390,55757,Pipistrellus pipistrellus,0.022,0.024,-1,Echolocation,/mnt/ubna_data_02_mir/recover-20220922/UBNA_001/20220921_090000.WAV,Telephone Field,recover-20220922,001,1795
1319.7415,1319.7524,23750,29346,Nyctalus leisleri,0.011,0.025,-1,Echolocation,/mnt/ubna_data_02_mir/recover-20220922/UBNA_001/20220921_090000.WAV,Telephone Field,recover-20220922,001,1795
1319.7555,1319.7907,68437,81395,Rhinolophus ferrumequinum,0.023,0.023,-1,Echolocation,/mnt/ubna_data_02_mir/recover-20220922/UBNA_001/20220921_090000.WAV,Telephone Field,recover-20220922,001,1795
1319.7835,1319.8241,68437,82257,Rhinolophus ferrumequinum,0.022,0.022,-1,Echolocation,/mnt/ubna_data_02_mir/recover-20220922/UBNA_001/20220921_090000.WAV,Telephone Field,recover-20220922,001,1795
1319.7885,1319.7986,22890,28419,Nyctalus leisleri,0.01,0.022,-1,Echolocation,/mnt/ubna_data_02_mir/recover-20220922/UBNA_001/20220921_090000.WAV,Telephone Field,recover-20220922,001,1795
1319.7945,1319.8041,45234,49162,Pipistrellus pipistrellus,0.021,0.024,-1,Echolocation,/mnt/ubna_data_02_mir/recover-20220922/UBNA_001/20220921_090000.WAV,Telephone Field,recover-20220922,001,1795
1319.8395,1319.88,68437,82489,Rhinolophus ferrumequinum,0.022,0.022,-1,Echolocation,/mnt/ubna_data_02_mir/recover-20220922/UBNA_001/20220921_090000.WAV,Telephone Field,recover-20220922,001,1795
1319.8405,1319.8528,39218,43304,Pipistrellus nathusii,0.036,0.051,-1,Echolocation,/mnt/ubna_data_02_mir/recover-20220922/UBNA_001/20220921_090000.WAV,Telephone Field,recover-20220922,001,1795
1319.8455,1319.8558,22031,27710,Nyctalus leisleri,0.008,0.023,-1,Echolocation,/mnt/ubna_data_02_mir/recover-20220922/UBNA_001/20220921_090000.WAV,Telephone Field,recover-20220922,001,1795
1319.8455,1319.8851,68437,82470,Rhinolophus ferrumequinum,0.022,0.022,-1,Echolocation,/mnt/ubna_data_02_mir/recover-20220922/UBNA_001/20220921_090000.WAV,Telephone Field,recover-20220922,001,1795
1319.8565,1319.8936,68437,82909,Rhinolophus ferrumequinum,0.029,0.029,-1,Echolocation,/mnt/ubna_data_02_mir/recover-20220922/UBNA_001/20220921_090000.WAV,Telephone Field,recover-20220922,001,1795
1319.9515,1319.9897,68437,82124,Rhinolophus ferrumequinum,0.022,0.022,-1,Echolocation,/mnt/ubna_data_02_mir/recover-20220922/UBNA_001/20220921_090000.WAV,Telephone Field,recover-20220922,001,1795
1320.0015,1320.0127,47812,52171,Pipistrellus pipistrellus,0.031,0.038,-1,Echolocation,/mnt/ubna_data_02_mir/recover-20220922/UBNA_001/20220921_090000.WAV,Telephone Field,recover-20220922,001,1795
1320.0015,1320.0356,68437,79742,Rhinolophus ferrumequinum,0.033,0.033,-1,Echolocation,/mnt/ubna_data_02_mir/recover-20220922/UBNA_001/20220921_090000.WAV,Telephone Field,recover-20220922,001,1795
1320.0015,1320.01,25468,35197,Nyctalus leisleri,0.006,0.024,-1,Echolocation,/mnt/ubna_data_02_mir/recover-20220922/UBNA_001/20220921_090000.WAV,Telephone Field,recover-20220922,001,1795
1320.0115,1320.0534,68437,82586,Rhinolophus ferrumequinum,0.031,0.031,-1,Echolocation,/mnt/ubna_data_02_mir/recover-20220922/UBNA_001/20220921_090000.WAV,Telephone Field,recover-20220922,001,1795
1320.0315,1320.0428,23750,28935,Nyctalus leisleri,0.011,0.024,-1,Echolocation,/mnt/ubna_data_02_mir/recover-20220922/UBNA_001/20220921_090000.WAV,Telephone Field,recover-20220922,001,1795
1320.0355,1320.0742,68437,82065,Rhinolophus ferrumequinum,0.023,0.023,-1,Echolocation,/mnt/ubna_data_02_mir/recover-20220922/UBNA_001/20220921_090000.WAV,Telephone Field,recover-20220922,001,1795
1320.0425,1320.0832,68437,82992,Rhinolophus ferrumequinum,0.026,0.026,-1,Echolocation,/mnt/ubna_data_02_mir/recover-20220922/UBNA_001/20220921_090000.WAV,Telephone Field,recover-20220922,001,1795
1320.0765,1320.1154,68437,82043,Rhinolophus ferrumequinum,0.023,0.023,-1,Echolocation,/mnt/ubna_data_02_mir/recover-20220922/UBNA_001/20220921_090000.WAV,Telephone Field,recover-20220922,001,1795
1320.1025,1320.114,23750,30342,Nyctalus leisleri,0.022,0.058,-1,Echolocation,/mnt/ubna_data_02_mir/recover-20220922/UBNA_001/20220921_090000.WAV,Telephone Field,recover-20220922,001,1795
1320.1455,1320.1592,33203,37409,Pipistrellus nathusii,0.008,0.029,-1,Echolocation,/mnt/ubna_data_02_mir/recover-20220922/UBNA_001/20220921_090000.WAV,Telephone Field,recover-20220922,001,1795
1320.1475,1320.1575,28046,35571,Eptesicus serotinus,0.01,0.025,-1,Echolocation,/mnt/ubna_data_02_mir/recover-20220922/UBNA_001/20220921_090000.WAV,Telephone Field,recover-20220922,001,1795
1320.1505,1320.1882,68437,81322,Rhinolophus ferrumequinum,0.034,0.034,-1,Echolocation,/mnt/ubna_data_02_mir/recover-20220922/UBNA_001/20220921_090000.WAV,Telephone Field,recover-20220922,001,1795
1320.1655,1320.1756,23750,30408,Nyctalus leisleri,0.009,0.025,-1,Echolocation,/mnt/ubna_data_02_mir/recover-20220922/UBNA_001/20220921_090000.WAV,Telephone Field,recover-20220922,001,1795
1320.1815,1320.219,68437,82609,Rhinolophus ferrumequinum,0.024,0.024,-1,Echolocation,/mnt/ubna_data_02_mir/recover-20220922/UBNA_001/20220921_090000.WAV,Telephone Field,recover-20220922,001,1795
1320.1865,1320.2245,68437,82581,Rhinolophus ferrumequinum,0.023,0.023,-1,Echolocation,/mnt/ubna_data_02_mir/recover-20220922/UBNA_001/20220921_090000.WAV,Telephone Field,recover-20220922,001,1795
1320.1915,1320.2326,68437,82977,Rhinolophus ferrumequinum,0.024,0.024,-1,Echolocation,/mnt/ubna_data_02_mir/recover-20220922/UBNA_001/20220921_090000.WAV,Telephone Field,recover-20220922,001,1795
1320.2165,1320.2583,68437,82438,Rhinolophus ferrumequinum,0.023,0.023,-1,Echolocation,/mnt/ubna_data_02_mir/recover-20220922/UBNA_001/20220921_090000.WAV,Telephone Field,recover-20220922,001,1795
1320.2205,1320.2283,49531,55594,Pipistrellus pipistrellus,0.021,0.024,-1,Echolocation,/mnt/ubna_data_02_mir/recover-20220922/UBNA_001/20220921_090000.WAV,Telephone Field,recover-20220922,001,1795
1320.2245,1320.2645,68437,82512,Rhinolophus ferrumequinum,0.026,0.026,-1,Echolocation,/mnt/ubna_data_02_mir/recover-20220922/UBNA_001/20220921_090000.WAV,Telephone Field,recover-20220922,001,1795
1320.2295,1320.269,68437,82574,Rhinolophus ferrumequinum,0.025,0.025,-1,Echolocation,/mnt/ubna_data_02_mir/recover-20220922/UBNA_001/20220921_090000.WAV,Telephone Field,recover-20220922,001,1795
1320.2495,1320.2857,68437,81718,Rhinolophus ferrumequinum,0.024,0.024,-1,Echolocation,/mnt/ubna_data_02_mir/recover-20220922/UBNA_001/20220921_090000.WAV,Telephone Field,recover-20220922,001,1795
1320.2575,1320.2978,68437,82488,Rhinolophus ferrumequinum,0.025,0.025,-1,Echolocation,/mnt/ubna_data_02_mir/recover-20220922/UBNA_001/20220921_090000.WAV,Telephone Field,recover-20220922,001,1795
1320.2795,1320.319,68437,82635,Rhinolophus ferrumequinum,0.028,0.028,-1,Echolocation,/mnt/ubna_data_02_mir/recover-20220922/UBNA_001/20220921_090000.WAV,Telephone Field,recover-20220922,001,1795
1320.2935,1320.3011,51250,55904,Pipistrellus pipistrellus,0.021,0.023,-1,Echolocation,/mnt/ubna_data_02_mir/recover-20220922/UBNA_001/20220921_090000.WAV,Telephone Field,recover-20220922,001,1795
1320.3235,1320.3288,37500,49828,Myotis daubentonii,0.008,0.024,-1,Echolocation,/mnt/ubna_data_02_mir/recover-20220922/UBNA_001/20220921_090000.WAV,Telephone Field,recover-20220922,001,1795
1320.3235,1320.3639,68437,83160,Rhinolophus ferrumequinum,0.036,0.036,-1,Echolocation,/mnt/ubna_data_02_mir/recover-20220922/UBNA_001/20220921_090000.WAV,Telephone Field,recover-20220922,001,1795
1320.3245,1320.3315,24609,38233,Plecotus austriacus,0.007,0.025,-1,Echolocation,/mnt/ubna_data_02_mir/recover-20220922/UBNA_001/20220921_090000.WAV,Telephone Field,recover-20220922,001,1795
1320.3505,1320.3875,68437,81553,Rhinolophus ferrumequinum,0.024,0.024,-1,Echolocation,/mnt/ubna_data_02_mir/recover-20220922/UBNA_001/20220921_090000.WAV,Telephone Field,recover-20220922,001,1795
1320.3825,1320.3946,22031,26726,Nyctalus leisleri,0.013,0.025,-1,Echolocation,/mnt/ubna_data_02_mir/recover-20220922/UBNA_001/20220921_090000.WAV,Telephone Field,recover-20220922,001,1795
1320.3965,1320.4338,68437,82294,Rhinolophus ferrumequinum,0.024,0.024,-1,Echolocation,/mnt/ubna_data_02_mir/recover-20220922/UBNA_001/20220921_090000.WAV,Telephone Field,recover-20220922,001,1795
1320.4035,1320.445,68437,82266,Rhinolophus ferrumequinum,0.028,0.028,-1,Echolocation,/mnt/ubna_data_02_mir/recover-20220922/UBNA_001/20220921_090000.WAV,Telephone Field,recover-20220922,001,1795
1320.4355,1320.4771,68437,82287,Rhinolophus ferrumequinum,0.051,0.051,-1,Echolocation,/mnt/ubna_data_02_mir/recover-20220922/UBNA_001/20220921_090000.WAV,Telephone Field,recover-20220922,001,1795
1320.4775,1320.4845,28046,39033,Eptesicus serotinus,0.006,0.023,-1,Echolocation,/mnt/ubna_data_02_mir/recover-20220922/UBNA_001/20220921_090000.WAV,Telephone Field,recover-20220922,001,1795
1320.5355,1320.5495,34062,39241,Pipistrellus nathusii,0.011,0.028,-1,Echolocation,/mnt/ubna_data_02_mir/recover-20220922/UBNA_001/20220921_090000.WAV,Telephone Field,recover-20220922,001,1795
1320.5395,1320.5836,68437,83062,Rhinolophus ferrumequinum,0.035,0.035,-1,Echolocation,/mnt/ubna_data_02_mir/recover-20220922/UBNA_001/20220921_090000.WAV,Telephone Field,recover-20220922,001,1795
1320.5755,1320.6177,68437,82912,Rhinolophus ferrumequinum,0.038,0.038,-1,Echolocation,/mnt/ubna_data_02_mir/recover-20220922/UBNA_001/20220921_090000.WAV,Telephone Field,recover-20220922,001,1795
1320.6125,1320.6523,68437,81880,Rhinolophus ferrumequinum,0.027,0.027,-1,Echolocation,/mnt/ubna_data_02_mir/recover-20220922/UBNA_001/20220921_090000.WAV,Telephone Field,recover-20220922,001,1795
1320.6635,1320.7028,68437,81568,Rhinolophus ferrumequinum,0.025,0.025,-1,Echolocation,/mnt/ubna_data_02_mir/recover-20220922/UBNA_001/20220921_090000.WAV,Telephone Field,recover-20220922,001,1795
1320.6715,1320.71,68437,82561,Rhinolophus ferrumequinum,0.025,0.025,-1,Echolocation,/mnt/ubna_data_02_mir/recover-20220922/UBNA_001/20220921_090000.WAV,Telephone Field,recover-20220922,001,1795
1320.6755,1320.6892,25468,30648,Nyctalus leisleri,0.021,0.047,-1,Echolocation,/mnt/ubna_data_02_mir/recover-20220922/UBNA_001/20220921_090000.WAV,Telephone Field,recover-20220922,001,1795
1320.6835,1320.6892,34062,44193,Myotis daubentonii,0.011,0.028,-1,Echolocation,/mnt/ubna_data_02_mir/recover-20220922/UBNA_001/20220921_090000.WAV,Telephone Field,recover-20220922,001,1795
1320.7315,1320.741,46953,49956,Pipistrellus pipistrellus,0.056,0.059,-1,Echolocation,/mnt/ubna_data_02_mir/recover-20220922/UBNA_001/20220921_090000.WAV,Telephone Field,recover-20220922,001,1795
1320.7875,1320.7961,54687,59355,Pipistrellus pygmaeus,0.023,0.023,-1,Echolocation,/mnt/ubna_data_02_mir/recover-20220922/UBNA_001/20220921_090000.WAV,Telephone Field,recover-20220922,001,1795
1320.7975,1320.839,68437,83683,Rhinolophus ferrumequinum,0.028,0.028,-1,Echolocation,/mnt/ubna_data_02_mir/recover-20220922/UBNA_001/20220921_090000.WAV,Telephone Field,recover-20220922,001,1795
1320.8425,1320.882,68437,81686,Rhinolophus ferrumequinum,0.023,0.023,-1,Echolocation,/mnt/ubna_data_02_mir/recover-20220922/UBNA_001/20220921_090000.WAV,Telephone Field,recover-20220922,001,1795
1320.8755,1320.9174,68437,82382,Rhinolophus ferrumequinum,0.024,0.024,-1,Echolocation,/mnt/ubna_data_02_mir/recover-20220922/UBNA_001/20220921_090000.WAV,Telephone Field,recover-20220922,001,1795
1320.9275,1320.934,37500,51423,Myotis daubentonii,0.011,0.025,-1,Echolocation,/mnt/ubna_data_02_mir/recover-20220922/UBNA_001/20220921_090000.WAV,Telephone Field,recover-20220922,001,1795
1320.9305,1320.9363,27187,44482,Myotis daubentonii,0.005,0.024,-1,Echolocation,/mnt/ubna_data_02_mir/recover-20220922/UBNA_001/20220921_090000.WAV,Telephone Field,recover-20220922,001,1795
1320.9455,1320.9539,22890,30606,Plecotus austriacus,0.013,0.029,-1,Echolocation,/mnt/ubna_data_02_mir/recover-20220922/UBNA_001/20220921_090000.WAV,Telephone Field,recover-20220922,001,1795
1320.9535,1320.9947,68437,82651,Rhinolophus ferrumequinum,0.023,0.023,-1,Echolocation,/mnt/ubna_data_02_mir/recover-20220922/UBNA_001/20220921_090000.WAV,Telephone Field,recover-20220922,001,1795
1321.0355,1321.0742,68437,81579,Rhinolophus ferrumequinum,0.025,0.025,-1,Echolocation,/mnt/ubna_data_02_mir/recover-20220922/UBNA_001/20220921_090000.WAV,Telephone Field,recover-20220922,001,1795
1321.0545,1321.0956,68437,82376,Rhinolophus ferrumequinum,0.023,0.023,-1,Echolocation,/mnt/ubna_data_02_mir/recover-20220922/UBNA_001/20220921_090000.WAV,Telephone Field,recover-20220922,001,1795
1321.0695,1321.0765,48671,52959,Pipistrellus pipistrellus,0.026,0.028,-1,Echolocation,/mnt/ubna_data_02_mir/recover-20220922/UBNA_001/20220921_090000.WAV,Telephone Field,recover-20220922,001,1795
1321.1015,1321.1443,68437,82868,Rhinolophus ferrumequinum,0.033,0.033,-1,Echolocation,/mnt/ubna_data_02_mir/recover-20220922/UBNA_001/20220921_090000.WAV,Telephone Field,recover-20220922,001,1795
1321.1075,1321.118,44375,50970,Pipistrellus pipistrellus,0.019,0.03,-1,Echolocation,/mnt/ubna_data_02_mir/recover-20220922/UBNA_001/20220921_090000.WAV,Telephone Field,recover-20220922,001,1795
1321.1165,1321.1252,25468,33563,Eptesicus serotinus,0.007,0.023,-1,Echolocation,/mnt/ubna_data_02_mir/recover-20220922/UBNA_001/20220921_090000.WAV,Telephone Field,recover-20220922,001,1795
1321.1425,1321.1818,68437,82114,Rhinolophus ferrumequinum,0.024,0.024,-1,Echolocation,/mnt/ubna_data_02_mir/recover-20220922/UBNA_001/20220921_090000.WAV,Telephone Field,recover-20220922,001,1795
1321.2035,1321.2397,68437,82313,Rhinolophus ferrumequinum,0.024,0.024,-1,Echolocation,/mnt/ubna_data_02_mir/recover-20220922/UBNA_001/20220921_090000.WAV,Telephone Field,recover-20220922,001,1795
1321.2145,1321.2549,68437,82440,Rhinolophus ferrumequinum,0.025,0.025,-1,Echolocation,/mnt/ubna_data_02_mir/recover-20220922/UBNA_001/20220921_090000.WAV,Telephone Field,recover-20220922,001,1795
1321.2165,1321.2224,28046,41657,Eptesicus serotinus,0.007,0.034,-1,Echolocation,/mnt/ubna_data_02_mir/recover-20220922/UBNA_001/20220921_090000.WAV,Telephone Field,recover-20220922,001,1795
1321.2615,1321.2733,28046,34908,Eptesicus serotinus,0.02,0.039,-1,Echolocation,/mnt/ubna_data_02_mir/recover-20220922/UBNA_001/20220921_090000.WAV,Telephone Field,recover-20220922,001,1795
1321.2985,1321.3092,13437,18252,Nyctalus noctula,0.008,0.023,-1,Echolocation,/mnt/ubna_data_02_mir/recover-20220922/UBNA_001/20220921_090000.WAV,Telephone Field,recover-20220922,001,1795
1321.3235,1321.3632,68437,82334,Rhinolophus ferrumequinum,0.024,0.024,-1,Echolocation,/mnt/ubna_data_02_mir/recover-20220922/UBNA_001/20220921_090000.WAV,Telephone Field,recover-20220922,001,1795
1321.3395,1321.3804,68437,82685,Rhinolophus ferrumequinum,0.027,0.027,-1,Echolocation,/mnt/ubna_data_02_mir/recover-20220922/UBNA_001/20220921_090000.WAV,Telephone Field,recover-20220922,001,1795
1321.3525,1321.3632,28046,35931,Eptesicus serotinus,0.01,0.023,-1,Echolocation,/mnt/ubna_data_02_mir/recover-20220922/UBNA_001/20220921_090000.WAV,Telephone Field,recover-20220922,001,1795
1321.3655,1321.4053,68437,82153,Rhinolophus ferrumequinum,0.023,0.023,-1,Echolocation,/mnt/ubna_data_02_mir/recover-20220922/UBNA_001/20220921_090000.WAV,Telephone Field,recover-20220922,001,1795
1321.3965,1321.4371,68437,82332,Rhinolophus ferrumequinum,0.024,0.024,-1,Echolocation,/mnt/ubna_data_02_mir/recover-20220922/UBNA_001/20220921_090000.WAV,Telephone Field,recover-20220922,001,1795
1321.4025,1321.4436,68437,82537,Rhinolophus ferrumequinum,0.024,0.024,-1,Echolocation,/mnt/ubna_data_02_mir/recover-20220922/UBNA_001/20220921_090000.WAV,Telephone Field,recover-20220922,001,1795
1321.4385,1321.4785,68437,82876,Rhinolophus ferrumequinum,0.024,0.024,-1,Echolocation,/mnt/ubna_data_02_mir/recover-20220922/UBNA_001/20220921_090000.WAV,Telephone Field,recover-20220922,001,1795
1321.4515,1321.4899,68437,82363,Rhinolophus ferrumequinum,0.023,0.023,-1,Echolocation,/mnt/ubna_data_02_mir/recover-20220922/UBNA_001/20220921_090000.WAV,Telephone Field,recover-20220922,001,1795
1321.4695,1321.5108,68437,82642,Rhinolophus ferrumequinum,0.023,0.023,-1,Echolocation,/mnt/ubna_data_02_mir/recover-20220922/UBNA_001/20220921_090000.WAV,Telephone Field,recover-20220922,001,1795
1321.5575,1321.5972,68437,82414,Rhinolophus ferrumequinum,0.024,0.024,-1,Echolocation,/mnt/ubna_data_02_mir/recover-20220922/UBNA_001/20220921_090000.WAV,Telephone Field,recover-20220922,001,1795
1321.6165,1321.6287,37500,41090,Pipistrellus nathusii,0.012,0.034,-1,Echolocation,/mnt/ubna_data_02_mir/recover-20220922/UBNA_001/20220921_090000.WAV,Telephone Field,recover-20220922,001,1795
1321.6215,1321.6593,68437,81965,Rhinolophus ferrumequinum,0.024,0.024,-1,Echolocation,/mnt/ubna_data_02_mir/recover-20220922/UBNA_001/20220921_090000.WAV,Telephone Field,recover-20220922,001,1795
1321.6285,1321.667,68437,82536,Rhinolophus ferrumequinum,0.024,0.024,-1,Echolocation,/mnt/ubna_data_02_mir/recover-20220922/UBNA_001/20220921_090000.WAV,Telephone Field,recover-20220922,001,1795
1321.6415,1321.6821,68437,83432,Rhinolophus ferrumequinum,0.044,0.044,-1,Echolocation,/mnt/ubna_data_02_mir/recover-20220922/UBNA_001/20220921_090000.WAV,Telephone Field,recover-20220922,001,1795
1321.6665,1321.7087,68437,82493,Rhinolophus ferrumequinum,0.026,0.026,-1,Echolocation,/mnt/ubna_data_02_mir/recover-20220922/UBNA_001/20220921_090000.WAV,Telephone Field,recover-20220922,001,1795
1321.6955,1321.7373,68437,83077,Rhinolophus ferrumequinum,0.053,0.053,-1,Echolocation,/mnt/ubna_data_02_mir/recover-20220922/UBNA_001/20220921_090000.WAV,Telephone Field,recover-20220922,001,1795
1321.7085,1321.7197,45234,48645,Pipistrellus pipistrellus,0.026,0.029,-1,Echolocation,/mnt/ubna_data_02_mir/recover-20220922/UBNA_001/20220921_090000.WAV,Telephone Field,recover-20220922,001,1795
1321.7255,1321.7649,68437,81554,Rhinolophus ferrumequinum,0.024,0.024,-1,Echolocation,/mnt/ubna_data_02_mir/recover-20220922/UBNA_001/20220921_090000.WAV,Telephone Field,recover-20220922,001,1795
1321.7765,1321.7871,23750,28990,Nyctalus leisleri,0.011,0.024,-1,Echolocation,/mnt/ubna_data_02_mir/recover-20220922/UBNA_001/20220921_090000.WAV,Telephone Field,recover-20220922,001,1795
1321.7815,1321.8218,68437,81949,Rhinolophus ferrumequinum,0.027,0.027,-1,Echolocation,/mnt/ubna_data_02_mir/recover-20220922/UBNA_001/20220921_090000.WAV,Telephone Field,recover-20220922,001,1795
1321.8125,1321.8193,27187,36882,Eptesicus serotinus,0.009,0.031,-1,Echolocation,/mnt/ubna_data_02_mir/recover-20220922/UBNA_001/20220921_090000.WAV,Telephone Field,recover-20220922,001,1795
1321.8465,1321.8579,24609,30790,Nyctalus leisleri,0.009,0.023,-1,Echolocation,/mnt/ubna_data_02_mir/recover-20220922/UBNA_001/20220921_090000.WAV,Telephone Field,recover-20220922,001,1795
1321.8725,1321.9143,68437,83223,Rhinolophus ferrumequinum,0.031,0.031,-1,Echolocation,/mnt/ubna_data_02_mir/recover-20220922/UBNA_001/20220921_090000.WAV,Telephone Field,recover-20220922,001,1795
1321.9095,1321.9167,46093,53275,Pipistrellus pipistrellus,0.018,0.023,-1,Echolocation,/mnt/ubna_data_02_mir/recover-20220922/UBNA_001/20220921_090000.WAV,Telephone Field,recover-20220922,001,1795
1321.9155,1321.922,40937,55318,Myotis daubentonii,0.007,0.024,-1,Echolocation,/mnt/ubna_data_02_mir/recover-20220922/UBNA_001/20220921_090000.WAV,Telephone Field,recover-20220922,001,1795
1321.9395,1321.9792,68437,82998,Rhinolophus ferrumequinum,0.033,0.033,-1,Echolocation,/mnt/ubna_data_02_mir/recover-20220922/UBNA_001/20220921_090000.WAV,Telephone Field,recover-20220922,001,1795
1321.9515,1321.9631,23750,29173,Nyctalus leisleri,0.035,0.085,-1,Echolocation,/mnt/ubna_data_02_mir/recover-20220922/UBNA_001/20220921_090000.WAV,Telephone Field,recover-20220922,001,1795
1321.9835,1321.9918,27187,36867,Eptesicus serotinus,0.008,0.025,-1,Echolocation,/mnt/ubna_data_02_mir/recover-20220922/UBNA_001/20220921_090000.WAV,Telephone Field,recover-20220922,001,1795
1322.0015,1322.0098,46093,56396,Pipistrellus pipistrellus,0.015,0.024,-1,Echolocation,/mnt/ubna_data_02_mir/recover-20220922/UBNA_001/20220921_090000.WAV,Telephone Field,recover-20220922,001,1795
1322.0015,1322.0131,21171,25977,Nyctalus leisleri,0.019,0.039,-1,Echolocation,/mnt/ubna_data_02_mir/recover-20220922/UBNA_001/20220921_090000.WAV,Telephone Field,recover-20220922,001,1795
1322.0015,1322.0346,69296,80870,Rhinolophus ferrumequinum,0.034,0.034,-1,Echolocation,/mnt/ubna_data_02_mir/recover-20220922/UBNA_001/20220921_090000.WAV,Telephone Field,recover-20220922,001,1795
1322.0075,1322.0459,68437,80515,Rhinolophus ferrumequinum,0.03,0.03,-1,Echolocation,/mnt/ubna_data_02_mir/recover-20220922/UBNA_001/20220921_090000.WAV,Telephone Field,recover-20220922,001,1795
1322.0695,1322.1076,68437,81795,Rhinolophus ferrumequinum,0.023,0.024,-1,Echolocation,/mnt/ubna_data_02_mir/recover-20220922/UBNA_001/20220921_090000.WAV,Telephone Field,recover-20220922,001,1795
1322.0795,1322.1187,68437,82047,Rhinolophus ferrumequinum,0.022,0.022,-1,Echolocation,/mnt/ubna_data_02_mir/recover-20220922/UBNA_001/20220921_090000.WAV,Telephone Field,recover-20220922,001,1795
1322.1495,1322.1598,28906,37014,Eptesicus serotinus,0.01,0.023,-1,Echolocation,/mnt/ubna_data_02_mir/recover-20220922/UBNA_001/20220921_090000.WAV,Telephone Field,recover-20220922,001,1795
1322.1995,1322.2098,27187,35228,Eptesicus serotinus,0.011,0.023,-1,Echolocation,/mnt/ubna_data_02_mir/recover-20220922/UBNA_001/20220921_090000.WAV,Telephone Field,recover-20220922,001,1795
1322.2065,1322.2157,28906,36910,Eptesicus serotinus,0.007,0.022,-1,Echolocation,/mnt/ubna_data_02_mir/recover-20220922/UBNA_001/20220921_090000.WAV,Telephone Field,recover-20220922,001,1795
1322.2225,1322.2619,68437,82611,Rhinolophus ferrumequinum,0.023,0.023,-1,Echolocation,/mnt/ubna_data_02_mir/recover-20220922/UBNA_001/20220921_090000.WAV,Telephone Field,recover-20220922,001,1795
1322.2315,1322.2728,68437,82930,Rhinolophus ferrumequinum,0.022,0.022,-1,Echolocation,/mnt/ubna_data_02_mir/recover-20220922/UBNA_001/20220921_090000.WAV,Telephone Field,recover-20220922,001,1795
1322.2385,1322.2797,68437,82609,Rhinolophus ferrumequinum,0.021,0.021,-1,Echolocation,/mnt/ubna_data_02_mir/recover-20220922/UBNA_001/20220921_090000.WAV,Telephone Field,recover-20220922,001,1795
1322.2455,1322.2855,68437,82076,Rhinolophus ferrumequinum,0.022,0.022,-1,Echolocation,/mnt/ubna_data_02_mir/recover-20220922/UBNA_001/20220921_090000.WAV,Telephone Field,recover-20220922,001,1795
1322.2665,1322.275,25468,33992,Eptesicus serotinus,0.009,0.023,-1,Echolocation,/mnt/ubna_data_02_mir/recover-20220922/UBNA_001/20220921_090000.WAV,Telephone Field,recover-20220922,001,1795
1322.3235,1322.3308,28046,41043,Eptesicus serotinus,0.007,0.024,-1,Echolocation,/mnt/ubna_data_02_mir/recover-20220922/UBNA_001/20220921_090000.WAV,Telephone Field,recover-20220922,001,1795
1322.3255,1322.3666,68437,82997,Rhinolophus ferrumequinum,0.029,0.029,-1,Echolocation,/mnt/ubna_data_02_mir/recover-20220922/UBNA_001/20220921_090000.WAV,Telephone Field,recover-20220922,001,1795
1322.3335,1322.3737,68437,82716,Rhinolophus ferrumequinum,0.028,0.028,-1,Echolocation,/mnt/ubna_data_02_mir/recover-20220922/UBNA_001/20220921_090000.WAV,Telephone Field,recover-20220922,001,1795
1322.3725,1322.409,68437,81417,Rhinolophus ferrumequinum,0.021,0.021,-1,Echolocation,/mnt/ubna_data_02_mir/recover-20220922/UBNA_001/20220921_090000.WAV,Telephone Field,recover-20220922,001,1795
1322.4165,1322.4539,68437,81536,Rhinolophus ferrumequinum,0.021,0.021,-1,Echolocation,/mnt/ubna_data_02_mir/recover-20220922/UBNA_001/20220921_090000.WAV,Telephone Field,recover-20220922,001,1795
1322.4235,1322.4622,68437,81596,Rhinolophus ferrumequinum,0.022,0.022,-1,Echolocation,/mnt/ubna_data_02_mir/recover-20220922/UBNA_001/20220921_090000.WAV,Telephone Field,recover-20220922,001,1795
1322.4315,1322.4713,68437,82294,Rhinolophus ferrumequinum,0.022,0.022,-1,Echolocation,/mnt/ubna_data_02_mir/recover-20220922/UBNA_001/20220921_090000.WAV,Telephone Field,recover-20220922,001,1795
1322.4885,1322.498,28906,38007,Eptesicus serotinus,0.012,0.03,-1,Echolocation,/mnt/ubna_data_02_mir/recover-20220922/UBNA_001/20220921_090000.WAV,Telephone Field,recover-20220922,001,1795
1322.4935,1322.5343,68437,82396,Rhinolophus ferrumequinum,0.023,0.023,-1,Echolocation,/mnt/ubna_data_02_mir/recover-20220922/UBNA_001/20220921_090000.WAV,Telephone Field,recover-20220922,001,1795
1322.5335,1322.573,68437,82535,Rhinolophus ferrumequinum,0.023,0.023,-1,Echolocation,/mnt/ubna_data_02_mir/recover-20220922/UBNA_001/20220921_090000.WAV,Telephone Field,recover-20220922,001,1795
1322.5495,1322.56,27187,34259,Eptesicus serotinus,0.012,0.025,-1,Echolocation,/mnt/ubna_data_02_mir/recover-20220922/UBNA_001/20220921_090000.WAV,Telephone Field,recover-20220922,001,1795
1322.5565,1322.5683,14296,19632,Nyctalus noctula,0.017,0.029,-1,Echolocation,/mnt/ubna_data_02_mir/recover-20220922/UBNA_001/20220921_090000.WAV,Telephone Field,recover-20220922,001,1795
1322.5585,1322.5939,68437,81331,Rhinolophus ferrumequinum,0.04,0.04,-1,Echolocation,/mnt/ubna_data_02_mir/recover-20220922/UBNA_001/20220921_090000.WAV,Telephone Field,recover-20220922,001,1795
1322.6095,1322.6195,28906,37271,Eptesicus serotinus,0.01,0.022,-1,Echolocation,/mnt/ubna_data_02_mir/recover-20220922/UBNA_001/20220921_090000.WAV,Telephone Field,recover-20220922,001,1795
1322.6835,1322.6948,22890,27963,Nyctalus leisleri,0.018,0.037,-1,Echolocation,/mnt/ubna_data_02_mir/recover-20220922/UBNA_001/20220921_090000.WAV,Telephone Field,recover-20220922,001,1795
1322.6865,1322.7222,68437,80774,Rhinolophus ferrumequinum,0.025,0.025,-1,Echolocation,/mnt/ubna_data_02_mir/recover-20220922/UBNA_001/20220921_090000.WAV,Telephone Field,recover-20220922,001,1795
1322.6965,1322.733,68437,81467,Rhinolophus ferrumequinum,0.021,0.021,-1,Echolocation,/mnt/ubna_data_02_mir/recover-20220922/UBNA_001/20220921_090000.WAV,Telephone Field,recover-20220922,001,1795
1322.7165,1322.7589,68437,82528,Rhinolophus ferrumequinum,0.035,0.035,-1,Echolocation,/mnt/ubna_data_02_mir/recover-20220922/UBNA_001/20220921_090000.WAV,Telephone Field,recover-20220922,001,1795
1322.7445,1322.7832,68437,82316,Rhinolophus ferrumequinum,0.023,0.023,-1,Echolocation,/mnt/ubna_data_02_mir/recover-20220922/UBNA_001/20220921_090000.WAV,Telephone Field,recover-20220922,001,1795
1322.7525,1322.793,68437,82458,Rhinolophus ferrumequinum,0.026,0.026,-1,Echolocation,/mnt/ubna_data_02_mir/recover-20220922/UBNA_001/20220921_090000.WAV,Telephone Field,recover-20220922,001,1795
1322.7685,1322.7793,45234,49048,Pipistrellus pipistrellus,0.022,0.025,-1,Echolocation,/mnt/ubna_data_02_mir/recover-20220922/UBNA_001/20220921_090000.WAV,Telephone Field,recover-20220922,001,1795
1322.7695,1322.7811,22031,26155,Nyctalus leisleri,0.012,0.021,-1,Echolocation,/mnt/ubna_data_02_mir/recover-20220922/UBNA_001/20220921_090000.WAV,Telephone Field,recover-20220922,001,1795
1322.8355,1322.8426,24609,33861,Plecotus austriacus,0.01,0.025,-1,Echolocation,/mnt/ubna_data_02_mir/recover-20220922/UBNA_001/20220921_090000.WAV,Telephone Field,recover-20220922,001,1795
1322.8605,1322.8722,28046,33549,Eptesicus serotinus,0.016,0.031,-1,Echolocation,/mnt/ubna_data_02_mir/recover-20220922/UBNA_001/20220921_090000.WAV,Telephone Field,recover-20220922,001,1795
1322.8675,1322.9068,68437,82826,Rhinolophus ferrumequinum,0.033,0.033,-1,Echolocation,/mnt/ubna_data_02_mir/recover-20220922/UBNA_001/20220921_090000.WAV,Telephone Field,recover-20220922,001,1795
1322.8705,1322.8806,22031,27498,Nyctalus leisleri,0.01,0.024,-1,Echolocation,/mnt/ubna_data_02_mir/recover-20220922/UBNA_001/20220921_090000.WAV,Telephone Field,recover-20220922,001,1795
1322.8895,1322.9305,68437,82393,Rhinolophus ferrumequinum,0.023,0.023,-1,Echolocation,/mnt/ubna_data_02_mir/recover-20220922/UBNA_001/20220921_090000.WAV,Telephone Field,recover-20220922,001,1795
1322.8975,1322.9069,48671,52187,Pipistrellus pipistrellus,0.023,0.027,-1,Echolocation,/mnt/ubna_data_02_mir/recover-20220922/UBNA_001/20220921_090000.WAV,Telephone Field,recover-20220922,001,1795
1322.9165,1322.9247,23750,31551,Plecotus austriacus,0.007,0.021,-1,Echolocation,/mnt/ubna_data_02_mir/recover-20220922/UBNA_001/20220921_090000.WAV,Telephone Field,recover-20220922,001,1795
1322.9425,1322.9773,68437,81493,Rhinolophus ferrumequinum,0.022,0.023,-1,Echolocation,/mnt/ubna_data_02_mir/recover-20220922/UBNA_001/20220921_090000.WAV,Telephone Field,recover-20220922,001,1795
1322.9435,1322.9592,40078,42507,Pipistrellus nathusii,0.035,0.053,-1,Echolocation,/mnt/ubna_data_02_mir/recover-20220922/UBNA_001/20220921_090000.WAV,Telephone Field,recover-20220922,001,1795
1322.9525,1322.9887,68437,81500,Rhinolophus ferrumequinum,0.021,0.021,-1,Echolocation,/mnt/ubna_data_02_mir/recover-20220922/UBNA_001/20220921_090000.WAV,Telephone Field,recover-20220922,001,1795
1322.9835,1322.9922,25468,32971,Eptesicus serotinus,0.01,0.025,-1,Echolocation,/mnt/ubna_data_02_mir/recover-20220922/UBNA_001/20220921_090000.WAV,Telephone Field,recover-20220922,001,1795
1323.0045,1323.0159,14296,19780,Nyctalus noctula,0.014,0.024,-1,Echolocation,/mnt/ubna_data_02_mir/recover-20220922/UBNA_001/20220921_090000.WAV,Telephone Field,recover-20220922,001,1795
1323.0055,1323.0458,68437,82687,Rhinolophus ferrumequinum,0.022,0.022,-1,Echolocation,/mnt/ubna_data_02_mir/recover-20220922/UBNA_001/20220921_090000.WAV,Telephone Field,recover-20220922,001,1795
1323.0265,1323.067,68437,82701,Rhinolophus ferrumequinum,0.026,0.026,-1,Echolocation,/mnt/ubna_data_02_mir/recover-20220922/UBNA_001/20220921_090000.WAV,Telephone Field,recover-20220922,001,1795
1323.0835,1323.1229,68437,82131,Rhinolophus ferrumequinum,0.023,0.023,-1,Echolocation,/mnt/ubna_data_02_mir/recover-20220922/UBNA_001/20220921_090000.WAV,Telephone Field,recover-20220922,001,1795
1323.0885,1323.0985,28046,36906,Eptesicus serotinus,0.009,0.021,-1,Echolocation,/mnt/ubna_data_02_mir/recover-20220922/UBNA_001/20220921_090000.WAV,Telephone Field,recover-20220922,001,1795
1323.1025,1323.11,28046,39834,Eptesicus serotinus,0.008,0.025,-1,Echolocation,/mnt/ubna_data_02_mir/recover-20220922/UBNA_001/20220921_090000.WAV,Telephone Field,recover-20220922,001,1795
1323.1205,1323.16,68437,82736,Rhinolophus ferrumequinum,0.023,0.023,-1,Echolocation,/mnt/ubna_data_02_mir/recover-20220922/UBNA_001/20220921_090000.WAV,Telephone Field,recover-20220922,001,1795
1323.1335,1323.1734,68437,82530,Rhinolophus ferrumequinum,0.027,0.027,-1,Echolocation,/mnt/ubna_data_02_mir/recover-20220922/UBNA_001/20220921_090000.WAV,Telephone Field,recover-20220922,001,1795
1323.1355,1323.1433,28906,40116,Eptesicus serotinus,0.007,0.022,-1,Echolocation,/mnt/ubna_data_02_mir/recover-20220922/UBNA_001/20220921_090000.WAV,Telephone Field,recover-20220922,001,1795
1323.1515,1323.1901,68437,81739,Rhinolophus ferrumequinum,0.021,0.021,-1,Echolocation,/mnt/ubna_data_02_mir/recover-20220922/UBNA_001/20220921_090000.WAV,Telephone Field,recover-20220922,001,1795
1323.1835,1323.1933,29765,37062,Eptesicus serotinus,0.009,0.021,-1,Echolocation,/mnt/ubna_data_02_mir/recover-20220922/UBNA_001/20220921_090000.WAV,Telephone Field,recover-20220922,001,1795
1323.2485,1323.2588,23750,30415,Eptesicus serotinus,0.008,0.022,-1,Echolocation,/mnt/ubna_data_02_mir/recover-20220922/UBNA_001/20220921_090000.WAV,Telephone Field,recover-20220922,001,1795
1323.2645,1323.2994,68437,81380,Rhinolophus ferrumequinum,0.021,0.022,-1,Echolocation,/mnt/ubna_data_02_mir/recover-20220922/UBNA_001/20220921_090000.WAV,Telephone Field,recover-20220922,001,1795
1323.3335,1323.3442,23750,30224,Nyctalus leisleri,0.009,0.023,-1,Echolocation,/mnt/ubna_data_02_mir/recover-20220922/UBNA_001/20220921_090000.WAV,Telephone Field,recover-20220922,001,1795
1323.3935,1323.4017,26328,37686,Eptesicus serotinus,0.011,0.03,-1,Echolocation,/mnt/ubna_data_02_mir/recover-20220922/UBNA_001/20220921_090000.WAV,Telephone Field,recover-20220922,001,1795
1323.4125,1323.4507,68437,82445,Rhinolophus ferrumequinum,0.027,0.027,-1,Echolocation,/mnt/ubna_data_02_mir/recover-20220922/UBNA_001/20220921_090000.WAV,Telephone Field,recover-20220922,001,1795
1323.4545,1323.4934,68437,82167,Rhinolophus ferrumequinum,0.023,0.023,-1,Echolocation,/mnt/ubna_data_02_mir/recover-20220922/UBNA_001/20220921_090000.WAV,Telephone Field,recover-20220922,001,1795
1323.4705,1323.5068,68437,81525,Rhinolophus ferrumequinum,0.023,0.023,-1,Echolocation,/mnt/ubna_data_02_mir/recover-20220922/UBNA_001/20220921_090000.WAV,Telephone Field,recover-20220922,001,1795
1323.4915,1323.5018,24609,31790,Eptesicus serotinus,0.008,0.022,-1,Echolocation,/mnt/ubna_data_02_mir/recover-20220922/UBNA_001/20220921_090000.WAV,Telephone Field,recover-20220922,001,1795
1323.4915,1323.532,68437,82735,Rhinolophus ferrumequinum,0.025,0.025,-1,Echolocation,/mnt/ubna_data_02_mir/recover-20220922/UBNA_001/20220921_090000.WAV,Telephone Field,recover-20220922,001,1795
1323.5195,1323.5292,27187,36495,Eptesicus serotinus,0.011,0.025,-1,Echolocation,/mnt/ubna_data_02_mir/recover-20220922/UBNA_001/20220921_090000.WAV,Telephone Field,recover-20220922,001,1795
1323.5255,1323.5367,28906,37187,Eptesicus serotinus,0.014,0.028,-1,Echolocation,/mnt/ubna_data_02_mir/recover-20220922/UBNA_001/20220921_090000.WAV,Telephone Field,recover-20220922,001,1795
1323.5275,1323.5681,68437,82648,Rhinolophus ferrumequinum,0.022,0.022,-1,Echolocation,/mnt/ubna_data_02_mir/recover-20220922/UBNA_001/20220921_090000.WAV,Telephone Field,recover-20220922,001,1795
1323.5935,1323.6328,68437,82420,Rhinolophus ferrumequinum,0.022,0.022,-1,Echolocation,/mnt/ubna_data_02_mir/recover-20220922/UBNA_001/20220921_090000.WAV,Telephone Field,recover-20220922,001,1795
1323.6315,1323.6691,68437,82016,Rhinolophus ferrumequinum,0.022,0.022,-1,Echolocation,/mnt/ubna_data_02_mir/recover-20220922/UBNA_001/20220921_090000.WAV,Telephone Field,recover-20220922,001,1795
1323.6815,1323.7236,68437,83082,Rhinolophus ferrumequinum,0.032,0.032,-1,Echolocation,/mnt/ubna_data_02_mir/recover-20220922/UBNA_001/20220921_090000.WAV,Telephone Field,recover-20220922,001,1795
1323.7055,1323.7443,68437,81685,Rhinolophus ferrumequinum,0.021,0.021,-1,Echolocation,/mnt/ubna_data_02_mir/recover-20220922/UBNA_001/20220921_090000.WAV,Telephone Field,recover-20220922,001,1795
1323.7355,1323.746,22890,28835,Nyctalus leisleri,0.009,0.022,-1,Echolocation,/mnt/ubna_data_02_mir/recover-20220922/UBNA_001/20220921_090000.WAV,Telephone Field,recover-20220922,001,1795
1323.7595,1323.7987,68437,81760,Rhinolophus ferrumequinum,0.023,0.023,-1,Echolocation,/mnt/ubna_data_02_mir/recover-20220922/UBNA_001/20220921_090000.WAV,Telephone Field,recover-20220922,001,1795
1323.7665,1323.7799,35781,40127,Pipistrellus nathusii,0.015,0.033,-1,Echolocation,/mnt/ubna_data_02_mir/recover-20220922/UBNA_001/20220921_090000.WAV,Telephone Field,recover-20220922,001,1795
1323.7815,1323.8181,68437,81234,Rhinolophus ferrumequinum,0.021,0.021,-1,Echolocation,/mnt/ubna_data_02_mir/recover-20220922/UBNA_001/20220921_090000.WAV,Telephone Field,recover-20220922,001,1795
1323.8015,1323.81,28906,38052,Eptesicus serotinus,0.007,0.021,-1,Echolocation,/mnt/ubna_data_02_mir/recover-20220922/UBNA_001/20220921_090000.WAV,Telephone Field,recover-20220922,001,1795
1323.8095,1323.8487,68437,81480,Rhinolophus ferrumequinum,0.023,0.023,-1,Echolocation,/mnt/ubna_data_02_mir/recover-20220922/UBNA_001/20220921_090000.WAV,Telephone Field,recover-20220922,001,1795
1323.8345,1323.8443,42656,49772,Pipistrellus pipistrellus,0.024,0.035,-1,Echolocation,/mnt/ubna_data_02_mir/recover-20220922/UBNA_001/20220921_090000.WAV,Telephone Field,recover-20220922,001,1795
1323.8535,1323.8929,68437,82250,Rhinolophus ferrumequinum,0.033,0.033,-1,Echolocation,/mnt/ubna_data_02_mir/recover-20220922/UBNA_001/20220921_090000.WAV,Telephone Field,recover-20220922,001,1795
1323.8545,1323.8643,28046,36317,Eptesicus serotinus,0.011,0.023,-1,Echolocation,/mnt/ubna_data_02_mir/recover-20220922/UBNA_001/20220921_090000.WAV,Telephone Field,recover-20220922,001,1795
1323.8845,1323.9249,68437,82227,Rhinolophus ferrumequinum,0.022,0.022,-1,Echolocation,/mnt/ubna_data_02_mir/recover-20220922/UBNA_001/20220921_090000.WAV,Telephone Field,recover-20220922,001,1795
1323.8955,1323.9361,68437,82375,Rhinolophus ferrumequinum,0.024,0.024,-1,Echolocation,/mnt/ubna_data_02_mir/recover-20220922/UBNA_001/20220921_090000.WAV,Telephone Field,recover-20220922,001,1795
1323.9015,1323.9159,22890,26133,Nyctalus leisleri,0.021,0.031,-1,Echolocation,/mnt/ubna_data_02_mir/recover-20220922/UBNA_001/20220921_090000.WAV,Telephone Field,recover-20220922,001,1795
1323.9335,1323.9517,20312,23270,Nyctalus leisleri,0.012,0.021,-1,Echolocation,/mnt/ubna_data_02_mir/recover-20220922/UBNA_001/20220921_090000.WAV,Telephone Field,recover-20220922,001,1795
1323.9735,1323.9834,24609,30512,Nyctalus leisleri,0.01,0.024,-1,Echolocation,/mnt/ubna_data_02_mir/recover-20220922/UBNA_001/20220921_090000.WAV,Telephone Field,recover-20220922,001,1795
1324.0015,1324.0346,68437,80341,Rhinolophus ferrumequinum,0.069,0.069,-1,Echolocation,/mnt/ubna_data_02_mir/recover-20220922/UBNA_001/20220921_090000.WAV,Telephone Field,recover-20220922,001,1795
1324.0015,1324.0106,22890,29955,Nyctalus leisleri,0.011,0.028,-1,Echolocation,/mnt/ubna_data_02_mir/recover-20220922/UBNA_001/20220921_090000.WAV,Telephone Field,recover-20220922,001,1795
1324.0085,1324.0521,68437,82913,Rhinolophus ferrumequinum,0.032,0.032,-1,Echolocation,/mnt/ubna_data_02_mir/recover-20220922/UBNA_001/20220921_090000.WAV,Telephone Field,recover-20220922,001,1795
1324.0195,1324.0621,68437,82991,Rhinolophus ferrumequinum,0.027,0.027,-1,Echolocation,/mnt/ubna_data_02_mir/recover-20220922/UBNA_001/20220921_090000.WAV,Telephone Field,recover-20220922,001,1795
1324.0205,1324.0278,27187,42885,Eptesicus serotinus,0.007,0.026,-1,Echolocation,/mnt/ubna_data_02_mir/recover-20220922/UBNA_001/20220921_090000.WAV,Telephone Field,recover-20220922,001,1795
1324.0535,1324.0908,68437,81664,Rhinolophus ferrumequinum,0.025,0.025,-1,Echolocation,/mnt/ubna_data_02_mir/recover-20220922/UBNA_001/20220921_090000.WAV,Telephone Field,recover-20220922,001,1795
1324.0595,1324.0686,27187,35388,Eptesicus serotinus,0.013,0.028,-1,Echolocation,/mnt/ubna_data_02_mir/recover-20220922/UBNA_001/20220921_090000.WAV,Telephone Field,recover-20220922,001,1795
1324.1185,1324.162,68437,83595,Rhinolophus ferrumequinum,0.043,0.043,-1,Echolocation,/mnt/ubna_data_02_mir/recover-20220922/UBNA_001/20220921_090000.WAV,Telephone Field,recover-20220922,001,1795
1324.1225,1324.1312,28906,37154,Eptesicus serotinus,0.008,0.023,-1,Echolocation,/mnt/ubna_data_02_mir/recover-20220922/UBNA_001/20220921_090000.WAV,Telephone Field,recover-20220922,001,1795
1324.1695,1324.2125,68437,82900,Rhinolophus ferrumequinum,0.031,0.031,-1,Echolocation,/mnt/ubna_data_02_mir/recover-20220922/UBNA_001/20220921_090000.WAV,Telephone Field,recover-20220922,001,1795
1324.1895,1324.2283,68437,82246,Rhinolophus ferrumequinum,0.022,0.022,-1,Echolocation,/mnt/ubna_data_02_mir/recover-20220922/UBNA_001/20220921_090000.WAV,Telephone Field,recover-20220922,001,1795
1324.2335,1324.2722,68437,82294,Rhinolophus ferrumequinum,0.023,0.023,-1,Echolocation,/mnt/ubna_data_02_mir/recover-20220922/UBNA_001/20220921_090000.WAV,Telephone Field,recover-20220922,001,1795
1324.2565,1324.2945,68437,82282,Rhinolophus ferrumequinum,0.031,0.031,-1,Echolocation,/mnt/ubna_data_02_mir/recover-20220922/UBNA_001/20220921_090000.WAV,Telephone Field,recover-20220922,001,1795
1324.2865,1324.2952,28046,36445,Eptesicus serotinus,0.01,0.025,-1,Echolocation,/mnt/ubna_data_02_mir/recover-20220922/UBNA_001/20220921_090000.WAV,Telephone Field,recover-20220922,001,1795
1324.3035,1324.3423,68437,82754,Rhinolophus ferrumequinum,0.024,0.024,-1,Echolocation,/mnt/ubna_data_02_mir/recover-20220922/UBNA_001/20220921_090000.WAV,Telephone Field,recover-20220922,001,1795
1324.3145,1324.324,23750,31264,Nyctalus leisleri,0.008,0.026,-1,Echolocation,/mnt/ubna_data_02_mir/recover-20220922/UBNA_001/20220921_090000.WAV,Telephone Field,recover-20220922,001,1795
1324.3365,1324.375,68437,82212,Rhinolophus ferrumequinum,0.034,0.034,-1,Echolocation,/mnt/ubna_data_02_mir/recover-20220922/UBNA_001/20220921_090000.WAV,Telephone Field,recover-20220922,001,1795
1324.3445,1324.3526,49531,53851,Pipistrellus pipistrellus,0.021,0.023,-1,Echolocation,/mnt/ubna_data_02_mir/recover-20220922/UBNA_001/20220921_090000.WAV,Telephone Field,recover-20220922,001,1795
1324.3725,1324.4153,68437,83527,Rhinolophus ferrumequinum,0.027,0.027,-1,Echolocation,/mnt/ubna_data_02_mir/recover-20220922/UBNA_001/20220921_090000.WAV,Telephone Field,recover-20220922,001,1795
1324.3935,1324.4308,68437,81819,Rhinolophus ferrumequinum,0.024,0.024,-1,Echolocation,/mnt/ubna_data_02_mir/recover-20220922/UBNA_001/20220921_090000.WAV,Telephone Field,recover-20220922,001,1795
1324.4275,1324.4372,35781,41599,Pipistrellus nathusii,0.009,0.021,-1,Echolocation,/mnt/ubna_data_02_mir/recover-20220922/UBNA_001/20220921_090000.WAV,Telephone Field,recover-20220922,001,1795
1324.4405,1324.4842,68437,83731,Rhinolophus ferrumequinum,0.04,0.04,-1,Echolocation,/mnt/ubna_data_02_mir/recover-20220922/UBNA_001/20220921_090000.WAV,Telephone Field,recover-20220922,001,1795
1324.4775,1324.4839,24609,35279,Plecotus austriacus,0.029,0.067,-1,Echolocation,/mnt/ubna_data_02_mir/recover-20220922/UBNA_001/20220921_090000.WAV,Telephone Field,recover-20220922,001,1795
1324.4865,1324.5313,68437,83732,Rhinolophus ferrumequinum,0.046,0.046,-1,Echolocation,/mnt/ubna_data_02_mir/recover-20220922/UBNA_001/20220921_090000.WAV,Telephone Field,recover-20220922,001,1795
1324.5425,1324.5811,68437,82269,Rhinolophus ferrumequinum,0.021,0.021,-1,Echolocation,/mnt/ubna_data_02_mir/recover-20220922/UBNA_001/20220921_090000.WAV,Telephone Field,recover-20220922,001,1795
1324.5935,1324.634,68437,82752,Rhinolophus ferrumequinum,0.024,0.024,-1,Echolocation,/mnt/ubna_data_02_mir/recover-20220922/UBNA_001/20220921_090000.WAV,Telephone Field,recover-20220922,001,1795
1324.6205,1324.6277,26328,35869,Eptesicus serotinus,0.006,0.022,-1,Echolocation,/mnt/ubna_data_02_mir/recover-20220922/UBNA_001/20220921_090000.WAV,Telephone Field,recover-20220922,001,1795
1324.6365,1324.6758,68437,82286,Rhinolophus ferrumequinum,0.024,0.024,-1,Echolocation,/mnt/ubna_data_02_mir/recover-20220922/UBNA_001/20220921_090000.WAV,Telephone Field,recover-20220922,001,1795
1324.6385,1324.646,28046,37791,Eptesicus serotinus,0.007,0.023,-1,Echolocation,/mnt/ubna_data_02_mir/recover-20220922/UBNA_001/20220921_090000.WAV,Telephone Field,recover-20220922,001,1795
1324.6425,1324.68,68437,82063,Rhinolophus ferrumequinum,0.024,0.024,-1,Echolocation,/mnt/ubna_data_02_mir/recover-20220922/UBNA_001/20220921_090000.WAV,Telephone Field,recover-20220922,001,1795
1324.6535,1324.6643,14296,18891,Nyctalus noctula,0.025,0.047,-1,Echolocation,/mnt/ubna_data_02_mir/recover-20220922/UBNA_001/20220921_090000.WAV,Telephone Field,recover-20220922,001,1795
1324.6555,1324.6666,27187,34193,Eptesicus serotinus,0.013,0.032,-1,Echolocation,/mnt/ubna_data_02_mir/recover-20220922/UBNA_001/20220921_090000.WAV,Telephone Field,recover-20220922,001,1795
1324.6685,1324.7073,68437,82355,Rhinolophus ferrumequinum,0.021,0.021,-1,Echolocation,/mnt/ubna_data_02_mir/recover-20220922/UBNA_001/20220921_090000.WAV,Telephone Field,recover-20220922,001,1795
1324.6755,1324.7119,68437,81522,Rhinolophus ferrumequinum,0.023,0.023,-1,Echolocation,/mnt/ubna_data_02_mir/recover-20220922/UBNA_001/20220921_090000.WAV,Telephone Field,recover-20220922,001,1795
1324.6895,1324.699,27187,35657,Eptesicus serotinus,0.008,0.021,-1,Echolocation,/mnt/ubna_data_02_mir/recover-20220922/UBNA_001/20220921_090000.WAV,Telephone Field,recover-20220922,001,1795
1324.6925,1324.7304,68437,82240,Rhinolophus ferrumequinum,0.021,0.021,-1,Echolocation,/mnt/ubna_data_02_mir/recover-20220922/UBNA_001/20220921_090000.WAV,Telephone Field,recover-20220922,001,1795
1324.6985,1324.7124,14296,20412,Nyctalus noctula,0.02,0.029,-1,Echolocation,/mnt/ubna_data_02_mir/recover-20220922/UBNA_001/20220921_090000.WAV,Telephone Field,recover-20220922,001,1795
1324.7335,1324.7726,68437,82696,Rhinolophus ferrumequinum,0.024,0.024,-1,Echolocation,/mnt/ubna_data_02_mir/recover-20220922/UBNA_001/20220921_090000.WAV,Telephone Field,recover-20220922,001,1795
1324.7445,1324.7516,26328,39649,Eptesicus serotinus,0.006,0.021,-1,Echolocation,/mnt/ubna_data_02_mir/recover-20220922/UBNA_001/20220921_090000.WAV,Telephone Field,recover-20220922,001,1795
1324.7595,1324.7675,27187,36536,Eptesicus serotinus,0.009,0.025,-1,Echolocation,/mnt/ubna_data_02_mir/recover-20220922/UBNA_001/20220921_090000.WAV,Telephone Field,recover-20220922,001,1795
1324.7885,1324.8272,68437,82367,Rhinolophus ferrumequinum,0.023,0.023,-1,Echolocation,/mnt/ubna_data_02_mir/recover-20220922/UBNA_001/20220921_090000.WAV,Telephone Field,recover-20220922,001,1795
1324.8095,1324.8159,28046,39816,Myotis daubentonii,0.006,0.027,-1,Echolocation,/mnt/ubna_data_02_mir/recover-20220922/UBNA_001/20220921_090000.WAV,Telephone Field,recover-20220922,001,1795
1324.8225,1324.8617,68437,82275,Rhinolophus ferrumequinum,0.021,0.021,-1,Echolocation,/mnt/ubna_data_02_mir/recover-20220922/UBNA_001/20220921_090000.WAV,Telephone Field,recover-20220922,001,1795
1324.8365,1324.8733,68437,82111,Rhinolophus ferrumequinum,0.022,0.022,-1,Echolocation,/mnt/ubna_data_02_mir/recover-20220922/UBNA_001/20220921_090000.WAV,Telephone Field,recover-20220922,001,1795
1324.8405,1324.8532,37500,41132,Pipistrellus nathusii,0.033,0.04,-1,Echolocation,/mnt/ubna_data_02_mir/recover-20220922/UBNA_001/20220921_090000.WAV,Telephone Field,recover-20220922,001,1795
1324.8585,1324.8673,24609,32794,Nyctalus leisleri,0.007,0.023,-1,Echolocation,/mnt/ubna_data_02_mir/recover-20220922/UBNA_001/20220921_090000.WAV,Telephone Field,recover-20220922,001,1795
1324.8765,1324.9143,68437,82507,Rhinolophus ferrumequinum,0.025,0.025,-1,Echolocation,/mnt/ubna_data_02_mir/recover-20220922/UBNA_001/20220921_090000.WAV,Telephone Field,recover-20220922,001,1795
1324.9045,1324.9125,28046,38226,Eptesicus serotinus,0.007,0.022,-1,Echolocation,/mnt/ubna_data_02_mir/recover-20220922/UBNA_001/20220921_090000.WAV,Telephone Field,recover-20220922,001,1795
1324.9085,1324.9473,68437,82763,Rhinolophus ferrumequinum,0.023,0.023,-1,Echolocation,/mnt/ubna_data_02_mir/recover-20220922/UBNA_001/20220921_090000.WAV,Telephone Field,recover-20220922,001,1795
1324.9205,1324.9594,68437,81541,Rhinolophus ferrumequinum,0.021,0.021,-1,Echolocation,/mnt/ubna_data_02_mir/recover-20220922/UBNA_001/20220921_090000.WAV,Telephone Field,recover-20220922,001,1795
1324.9335,1324.9764,68437,82799,Rhinolophus ferrumequinum,0.032,0.032,-1,Echolocation,/mnt/ubna_data_02_mir/recover-20220922/UBNA_001/20220921_090000.WAV,Telephone Field,recover-20220922,001,1795
1324.9875,1325.0284,68437,82415,Rhinolophus ferrumequinum,0.022,0.022,-1,Echolocation,/mnt/ubna_data_02_mir/recover-20220922/UBNA_001/20220921_090000.WAV,Telephone Field,recover-20220922,001,1795
1324.9975,1325.0362,68437,82317,Rhinolophus ferrumequinum,0.022,0.022,-1,Echolocation,/mnt/ubna_data_02_mir/recover-20220922/UBNA_001/20220921_090000.WAV,Telephone Field,recover-20220922,001,1795
1325.0065,1325.0468,68437,82577,Rhinolophus ferrumequinum,0.021,0.022,-1,Echolocation,/mnt/ubna_data_02_mir/recover-20220922/UBNA_001/20220921_090000.WAV,Telephone Field,recover-20220922,001,1795
1325.0135,1325.0218,27187,39057,Eptesicus serotinus,0.007,0.022,-1,Echolocation,/mnt/ubna_data_02_mir/recover-20220922/UBNA_001/20220921_090000.WAV,Telephone Field,recover-20220922,001,1795
1325.0195,1325.0589,68437,82452,Rhinolophus ferrumequinum,0.023,0.023,-1,Echolocation,/mnt/ubna_data_02_mir/recover-20220922/UBNA_001/20220921_090000.WAV,Telephone Field,recover-20220922,001,1795
1325.0285,1325.0675,68437,82712,Rhinolophus ferrumequinum,0.023,0.023,-1,Echolocation,/mnt/ubna_data_02_mir/recover-20220922/UBNA_001/20220921_090000.WAV,Telephone Field,recover-20220922,001,1795
1325.0625,1325.1001,68437,82147,Rhinolophus ferrumequinum,0.023,0.023,-1,Echolocation,/mnt/ubna_data_02_mir/recover-20220922/UBNA_001/20220921_090000.WAV,Telephone Field,recover-20220922,001,1795
1325.0685,1325.1061,68437,81754,Rhinolophus ferrumequinum,0.023,0.023,-1,Echolocation,/mnt/ubna_data_02_mir/recover-20220922/UBNA_001/20220921_090000.WAV,Telephone Field,recover-20220922,001,1795
1325.0785,1325.116,68437,82080,Rhinolophus ferrumequinum,0.025,0.025,-1,Echolocation,/mnt/ubna_data_02_mir/recover-20220922/UBNA_001/20220921_090000.WAV,Telephone Field,recover-20220922,001,1795
1325.1345,1325.1727,68437,82210,Rhinolophus ferrumequinum,0.025,0.026,-1,Echolocation,/mnt/ubna_data_02_mir/recover-20220922/UBNA_001/20220921_090000.WAV,Telephone Field,recover-20220922,001,1795
1325.1435,1325.1525,24609,31948,Eptesicus serotinus,0.007,0.022,-1,Echolocation,/mnt/ubna_data_02_mir/recover-20220922/UBNA_001/20220921_090000.WAV,Telephone Field,recover-20220922,001,1795
1325.1525,1325.1928,68437,82545,Rhinolophus ferrumequinum,0.021,0.021,-1,Echolocation,/mnt/ubna_data_02_mir/recover-20220922/UBNA_001/20220921_090000.WAV,Telephone Field,recover-20220922,001,1795
1325.1645,1325.2029,68437,82545,Rhinolophus ferrumequinum,0.024,0.024,-1,Echolocation,/mnt/ubna_data_02_mir/recover-20220922/UBNA_001/20220921_090000.WAV,Telephone Field,recover-20220922,001,1795
1325.1685,1325.1849,22890,26566,Nyctalus leisleri,0.032,0.056,-1,Echolocation,/mnt/ubna_data_02_mir/recover-20220922/UBNA_001/20220921_090000.WAV,Telephone Field,recover-20220922,001,1795
1325.1845,1325.2237,68437,82346,Rhinolophus ferrumequinum,0.026,0.026,-1,Echolocation,/mnt/ubna_data_02_mir/recover-20220922/UBNA_001/20220921_090000.WAV,Telephone Field,recover-20220922,001,1795
1325.1925,1325.2331,68437,82244,Rhinolophus ferrumequinum,0.027,0.027,-1,Echolocation,/mnt/ubna_data_02_mir/recover-20220922/UBNA_001/20220921_090000.WAV,Telephone Field,recover-20220922,001,1795
1325.2055,1325.2162,28906,35666,Eptesicus serotinus,0.008,0.022,-1,Echolocation,/mnt/ubna_data_02_mir/recover-20220922/UBNA_001/20220921_090000.WAV,Telephone Field,recover-20220922,001,1795
1325.2335,1325.2724,68437,82552,Rhinolophus ferrumequinum,0.024,0.024,-1,Echolocation,/mnt/ubna_data_02_mir/recover-20220922/UBNA_001/20220921_090000.WAV,Telephone Field,recover-20220922,001,1795
1325.2465,1325.2556,28906,36927,Eptesicus serotinus,0.007,0.022,-1,Echolocation,/mnt/ubna_data_02_mir/recover-20220922/UBNA_001/20220921_090000.WAV,Telephone Field,recover-20220922,001,1795
1325.2475,1325.2849,68437,82029,Rhinolophus ferrumequinum,0.029,0.029,-1,Echolocation,/mnt/ubna_data_02_mir/recover-20220922/UBNA_001/20220921_090000.WAV,Telephone Field,recover-20220922,001,1795
1325.2585,1325.2662,31484,49375,Myotis daubentonii,0.011,0.023,-1,Echolocation,/mnt/ubna_data_02_mir/recover-20220922/UBNA_001/20220921_090000.WAV,Telephone Field,recover-20220922,001,1795
1325.2625,1325.2698,26328,38216,Eptesicus serotinus,0.007,0.024,-1,Echolocation,/mnt/ubna_data_02_mir/recover-20220922/UBNA_001/20220921_090000.WAV,Telephone Field,recover-20220922,001,1795
1325.2735,1325.3173,68437,83492,Rhinolophus ferrumequinum,0.043,0.043,-1,Echolocation,/mnt/ubna_data_02_mir/recover-20220922/UBNA_001/20220921_090000.WAV,Telephone Field,recover-20220922,001,1795
1325.3075,1325.3172,28046,39262,Eptesicus serotinus,0.01,0.025,-1,Echolocation,/mnt/ubna_data_02_mir/recover-20220922/UBNA_001/20220921_090000.WAV,Telephone Field,recover-20220922,001,1795
1325.3635,1325.4019,68437,82538,Rhinolophus ferrumequinum,0.026,0.026,-1,Echolocation,/mnt/ubna_data_02_mir/recover-20220922/UBNA_001/20220921_090000.WAV,Telephone Field,recover-20220922,001,1795
1325.3885,1325.4288,68437,82553,Rhinolophus ferrumequinum,0.022,0.022,-1,Echolocation,/mnt/ubna_data_02_mir/recover-20220922/UBNA_001/20220921_090000.WAV,Telephone Field,recover-20220922,001,1795
1325.4085,1325.4468,68437,82083,Rhinolophus ferrumequinum,0.021,0.021,-1,Echolocation,/mnt/ubna_data_02_mir/recover-20220922/UBNA_001/20220921_090000.WAV,Telephone Field,recover-20220922,001,1795
1325.4165,1325.4546,68437,81953,Rhinolophus ferrumequinum,0.021,0.021,-1,Echolocation,/mnt/ubna_data_02_mir/recover-20220922/UBNA_001/20220921_090000.WAV,Telephone Field,recover-20220922,001,1795
1325.4245,1325.4324,28046,38111,Eptesicus serotinus,0.007,0.022,-1,Echolocation,/mnt/ubna_data_02_mir/recover-20220922/UBNA_001/20220921_090000.WAV,Telephone Field,recover-20220922,001,1795
1325.4325,1325.4719,68437,82693,Rhinolophus ferrumequinum,0.023,0.023,-1,Echolocation,/mnt/ubna_data_02_mir/recover-20220922/UBNA_001/20220921_090000.WAV,Telephone Field,recover-20220922,001,1795
1325.4745,1325.5156,68437,82731,Rhinolophus ferrumequinum,0.03,0.03,-1,Echolocation,/mnt/ubna_data_02_mir/recover-20220922/UBNA_001/20220921_090000.WAV,Telephone Field,recover-20220922,001,1795
1325.4805,1325.4877,28906,38374,Eptesicus serotinus,0.008,0.026,-1,Echolocation,/mnt/ubna_data_02_mir/recover-20220922/UBNA_001/20220921_090000.WAV,Telephone Field,recover-20220922,001,1795
1325.5065,1325.5188,22890,27686,Nyctalus leisleri,0.012,0.023,-1,Echolocation,/mnt/ubna_data_02_mir/recover-20220922/UBNA_001/20220921_090000.WAV,Telephone Field,recover-20220922,001,1795
1325.5085,1325.5465,68437,82051,Rhinolophus ferrumequinum,0.022,0.022,-1,Echolocation,/mnt/ubna_data_02_mir/recover-20220922/UBNA_001/20220921_090000.WAV,Telephone Field,recover-20220922,001,1795
1325.5175,1325.5543,68437,81653,Rhinolophus ferrumequinum,0.021,0.021,-1,Echolocation,/mnt/ubna_data_02_mir/recover-20220922/UBNA_001/20220921_090000.WAV,Telephone Field,recover-20220922,001,1795
1325.5275,1325.5347,28046,38255,Eptesicus serotinus,0.007,0.023,-1,Echolocation,/mnt/ubna_data_02_mir/recover-20220922/UBNA_001/20220921_090000.WAV,Telephone Field,recover-20220922,001,1795
1325.5315,1325.5422,22890,27608,Nyctalus leisleri,0.012,0.023,-1,Echolocation,/mnt/ubna_data_02_mir/recover-20220922/UBNA_001/20220921_090000.WAV,Telephone Field,recover-20220922,001,1795
1325.5415,1325.581,68437,82176,Rhinolophus ferrumequinum,0.021,0.021,-1,Echolocation,/mnt/ubna_data_02_mir/recover-20220922/UBNA_001/20220921_090000.WAV,Telephone Field,recover-20220922,001,1795
1325.5635,1325.5742,23750,29153,Nyctalus leisleri,0.01,0.021,-1,Echolocation,/mnt/ubna_data_02_mir/recover-20220922/UBNA_001/20220921_090000.WAV,Telephone Field,recover-20220922,001,1795
1325.5705,1325.6079,68437,81500,Rhinolophus ferrumequinum,0.021,0.021,-1,Echolocation,/mnt/ubna_data_02_mir/recover-20220922/UBNA_001/20220921_090000.WAV,Telephone Field,recover-20220922,001,1795
1325.5785,1325.5872,46093,52269,Pipistrellus pipistrellus,0.023,0.026,-1,Echolocation,/mnt/ubna_data_02_mir/recover-20220922/UBNA_001/20220921_090000.WAV,Telephone Field,recover-20220922,001,1795
1325.5855,1325.5947,25468,34165,Eptesicus serotinus,0.008,0.025,-1,Echolocation,/mnt/ubna_data_02_mir/recover-20220922/UBNA_001/20220921_090000.WAV,Telephone Field,recover-20220922,001,1795
1325.5935,1325.6339,68437,82754,Rhinolophus ferrumequinum,0.029,0.029,-1,Echolocation,/mnt/ubna_data_02_mir/recover-20220922/UBNA_001/20220921_090000.WAV,Telephone Field,recover-20220922,001,1795
1325.6185,1325.6559,68437,82272,Rhinolophus ferrumequinum,0.022,0.022,-1,Echolocation,/mnt/ubna_data_02_mir/recover-20220922/UBNA_001/20220921_090000.WAV,Telephone Field,recover-20220922,001,1795
1325.6255,1325.6647,68437,82519,Rhinolophus ferrumequinum,0.022,0.022,-1,Echolocation,/mnt/ubna_data_02_mir/recover-20220922/UBNA_001/20220921_090000.WAV,Telephone Field,recover-20220922,001,1795
1325.6285,1325.6378,22890,28884,Nyctalus leisleri,0.007,0.022,-1,Echolocation,/mnt/ubna_data_02_mir/recover-20220922/UBNA_001/20220921_090000.WAV,Telephone Field,recover-20220922,001,1795
1325.6355,1325.6755,68437,82546,Rhinolophus ferrumequinum,0.023,0.023,-1,Echolocation,/mnt/ubna_data_02_mir/recover-20220922/UBNA_001/20220921_090000.WAV,Telephone Field,recover-20220922,001,1795
1325.6505,1325.6853,68437,81315,Rhinolophus ferrumequinum,0.021,0.021,-1,Echolocation,/mnt/ubna_data_02_mir/recover-20220922/UBNA_001/20220921_090000.WAV,Telephone Field,recover-20220922,001,1795
1325.6505,1325.659,26328,35167,Eptesicus serotinus,0.008,0.022,-1,Echolocation,/mnt/ubna_data_02_mir/recover-20220922/UBNA_001/20220921_090000.WAV,Telephone Field,recover-20220922,001,1795
1325.6865,1325.6947,28046,37488,Eptesicus serotinus,0.007,0.023,-1,Echolocation,/mnt/ubna_data_02_mir/recover-20220922/UBNA_001/20220921_090000.WAV,Telephone Field,recover-20220922,001,1795
1325.6895,1325.7274,68437,82631,Rhinolophus ferrumequinum,0.022,0.022,-1,Echolocation,/mnt/ubna_data_02_mir/recover-20220922/UBNA_001/20220921_090000.WAV,Telephone Field,recover-20220922,001,1795
1325.7055,1325.7457,68437,82558,Rhinolophus ferrumequinum,0.025,0.025,-1,Echolocation,/mnt/ubna_data_02_mir/recover-20220922/UBNA_001/20220921_090000.WAV,Telephone Field,recover-20220922,001,1795
1325.7295,1325.738,27187,37600,Eptesicus serotinus,0.008,0.023,-1,Echolocation,/mnt/ubna_data_02_mir/recover-20220922/UBNA_001/20220921_090000.WAV,Telephone Field,recover-20220922,001,1795
1325.7535,1325.7928,68437,81820,Rhinolophus ferrumequinum,0.022,0.022,-1,Echolocation,/mnt/ubna_data_02_mir/recover-20220922/UBNA_001/20220921_090000.WAV,Telephone Field,recover-20220922,001,1795
1325.7615,1325.7998,68437,82264,Rhinolophus ferrumequinum,0.021,0.021,-1,Echolocation,/mnt/ubna_data_02_mir/recover-20220922/UBNA_001/20220921_090000.WAV,Telephone Field,recover-20220922,001,1795
1325.7635,1325.7739,23750,30178,Nyctalus leisleri,0.011,0.028,-1,Echolocation,/mnt/ubna_data_02_mir/recover-20220922/UBNA_001/20220921_090000.WAV,Telephone Field,recover-20220922,001,1795
1325.7765,1325.8169,68437,82362,Rhinolophus ferrumequinum,0.028,0.028,-1,Echolocation,/mnt/ubna_data_02_mir/recover-20220922/UBNA_001/20220921_090000.WAV,Telephone Field,recover-20220922,001,1795
1325.7955,1325.8338,68437,82291,Rhinolophus ferrumequinum,0.024,0.024,-1,Echolocation,/mnt/ubna_data_02_mir/recover-20220922/UBNA_001/20220921_090000.WAV,Telephone Field,recover-20220922,001,1795
1325.8415,1325.8801,68437,82217,Rhinolophus ferrumequinum,0.024,0.024,-1,Echolocation,/mnt/ubna_data_02_mir/recover-20220922/UBNA_001/20220921_090000.WAV,Telephone Field,recover-20220922,001,1795
1325.8435,1325.8537,42656,45742,Pipistrellus pipistrellus,0.037,0.044,-1,Echolocation,/mnt/ubna_data_02_mir/recover-20220922/UBNA_001/20220921_090000.WAV,Telephone Field,recover-20220922,001,1795
1325.8495,1325.859,29765,38664,Eptesicus serotinus,0.008,0.023,-1,Echolocation,/mnt/ubna_data_02_mir/recover-20220922/UBNA_001/20220921_090000.WAV,Telephone Field,recover-20220922,001,1795
1325.8705,1325.9092,68437,82352,Rhinolophus ferrumequinum,0.024,0.024,-1,Echolocation,/mnt/ubna_data_02_mir/recover-20220922/UBNA_001/20220921_090000.WAV,Telephone Field,recover-20220922,001,1795
1325.8955,1325.9044,27187,35196,Eptesicus serotinus,0.015,0.034,-1,Echolocation,/mnt/ubna_data_02_mir/recover-20220922/UBNA_001/20220921_090000.WAV,Telephone Field,recover-20220922,001,1795
1325.9065,1325.9163,27187,35851,Eptesicus serotinus,0.009,0.022,-1,Echolocation,/mnt/ubna_data_02_mir/recover-20220922/UBNA_001/20220921_090000.WAV,Telephone Field,recover-20220922,001,1795
1325.9085,1325.9437,68437,81327,Rhinolophus ferrumequinum,0.022,0.022,-1,Echolocation,/mnt/ubna_data_02_mir/recover-20220922/UBNA_001/20220921_090000.WAV,Telephone Field,recover-20220922,001,1795
1325.9175,1325.9567,68437,82164,Rhinolophus ferrumequinum,0.021,0.021,-1,Echolocation,/mnt/ubna_data_02_mir/recover-20220922/UBNA_001/20220921_090000.WAV,Telephone Field,recover-20220922,001,1795
1325.9445,1325.9834,68437,81562,Rhinolophus ferrumequinum,0.022,0.022,-1,Echolocation,/mnt/ubna_data_02_mir/recover-20220922/UBNA_001/20220921_090000.WAV,Telephone Field,recover-20220922,001,1795
1325.9535,1325.9942,68437,82174,Rhinolophus ferrumequinum,0.022,0.022,-1,Echolocation,/mnt/ubna_data_02_mir/recover-20220922/UBNA_001/20220921_090000.WAV,Telephone Field,recover-20220922,001,1795
1325.9765,1325.9992,17734,21057,Nyctalus noctula,0.016,0.027,-1,Echolocation,/mnt/ubna_data_02_mir/recover-20220922/UBNA_001/20220921_090000.WAV,Telephone Field,recover-20220922,001,1795
1326.0015,1326.0115,22031,27432,Nyctalus leisleri,0.012,0.027,-1,Echolocation,/mnt/ubna_data_02_mir/recover-20220922/UBNA_001/20220921_090000.WAV,Telephone Field,recover-20220922,001,1795
1326.0015,1326.0312,68437,79587,Rhinolophus ferrumequinum,0.042,0.043,-1,Echolocation,/mnt/ubna_data_02_mir/recover-20220922/UBNA_001/20220921_090000.WAV,Telephone Field,recover-20220922,001,1795
1326.0255,1326.0418,34921,39324,Pipistrellus nathusii,0.047,0.091,-1,Echolocation,/mnt/ubna_data_02_mir/recover-20220922/UBNA_001/20220921_090000.WAV,Telephone Field,recover-20220922,001,1795
1326.0575,1326.1002,68437,82459,Rhinolophus ferrumequinum,0.076,0.076,-1,Echolocation,/mnt/ubna_data_02_mir/recover-20220922/UBNA_001/20220921_090000.WAV,Telephone Field,recover-20220922,001,1795
1326.0855,1326.1234,68437,82081,Rhinolophus ferrumequinum,0.028,0.028,-1,Echolocation,/mnt/ubna_data_02_mir/recover-20220922/UBNA_001/20220921_090000.WAV,Telephone Field,recover-20220922,001,1795
1326.0955,1326.1064,23750,28688,Nyctalus leisleri,0.013,0.024,-1,Echolocation,/mnt/ubna_data_02_mir/recover-20220922/UBNA_001/20220921_090000.WAV,Telephone Field,recover-20220922,001,1795
1326.1055,1326.1173,54687,59570,Pipistrellus pygmaeus,0.019,0.021,-1,Echolocation,/mnt/ubna_data_02_mir/recover-20220922/UBNA_001/20220921_090000.WAV,Telephone Field,recover-20220922,001,1795
1326.1115,1326.1515,68437,81887,Rhinolophus ferrumequinum,0.021,0.021,-1,Echolocation,/mnt/ubna_data_02_mir/recover-20220922/UBNA_001/20220921_090000.WAV,Telephone Field,recover-20220922,001,1795
1326.1225,1326.1638,68437,82737,Rhinolophus ferrumequinum,0.023,0.023,-1,Echolocation,/mnt/ubna_data_02_mir/recover-20220922/UBNA_001/20220921_090000.WAV,Telephone Field,recover-20220922,001,1795
1326.1675,1326.2078,68437,82612,Rhinolophus ferrumequinum,0.023,0.023,-1,Echolocation,/mnt/ubna_data_02_mir/recover-20220922/UBNA_001/20220921_090000.WAV,Telephone Field,recover-20220922,001,1795
1326.1925,1326.2348,68437,82390,Rhinolophus ferrumequinum,0.031,0.031,-1,Echolocation,/mnt/ubna_data_02_mir/recover-20220922/UBNA_001/20220921_090000.WAV,Telephone Field,recover-20220922,001,1795
1326.2495,1326.2565,24609,33866,Plecotus austriacus,0.01,0.025,-1,Echolocation,/mnt/ubna_data_02_mir/recover-20220922/UBNA_001/20220921_090000.WAV,Telephone Field,recover-20220922,001,1795
1326.2625,1326.3016,68437,82369,Rhinolophus ferrumequinum,0.025,0.025,-1,Echolocation,/mnt/ubna_data_02_mir/recover-20220922/UBNA_001/20220921_090000.WAV,Telephone Field,recover-20220922,001,1795
1326.2825,1326.2937,26328,32687,Nyctalus leisleri,0.011,0.03,-1,Echolocation,/mnt/ubna_data_02_mir/recover-20220922/UBNA_001/20220921_090000.WAV,Telephone Field,recover-20220922,001,1795
1326.2885,1326.3273,68437,81600,Rhinolophus ferrumequinum,0.021,0.021,-1,Echolocation,/mnt/ubna_data_02_mir/recover-20220922/UBNA_001/20220921_090000.WAV,Telephone Field,recover-20220922,001,1795
1326.3115,1326.3488,68437,81456,Rhinolophus ferrumequinum,0.02,0.021,-1,Echolocation,/mnt/ubna_data_02_mir/recover-20220922/UBNA_001/20220921_090000.WAV,Telephone Field,recover-20220922,001,1795
1326.3185,1326.3563,68437,81750,Rhinolophus ferrumequinum,0.021,0.021,-1,Echolocation,/mnt/ubna_data_02_mir/recover-20220922/UBNA_001/20220921_090000.WAV,Telephone Field,recover-20220922,001,1795
1326.3465,1326.3816,68437,81398,Rhinolophus ferrumequinum,0.021,0.021,-1,Echolocation,/mnt/ubna_data_02_mir/recover-20220922/UBNA_001/20220921_090000.WAV,Telephone Field,recover-20220922,001,1795
1326.3745,1326.4104,68437,80926,Rhinolophus ferrumequinum,0.021,0.021,-1,Echolocation,/mnt/ubna_data_02_mir/recover-20220922/UBNA_001/20220921_090000.WAV,Telephone Field,recover-20220922,001,1795
1326.3995,1326.442,68437,83369,Rhinolophus ferrumequinum,0.041,0.041,-1,Echolocation,/mnt/ubna_data_02_mir/recover-20220922/UBNA_001/20220921_090000.WAV,Telephone Field,recover-20220922,001,1795
1326.3995,1326.4061,25468,41565,Myotis nattereri,0.006,0.021,-1,Echolocation,/mnt/ubna_data_02_mir/recover-20220922/UBNA_001/20220921_090000.WAV,Telephone Field,recover-20220922,001,1795
1326.4315,1326.4427,24609,29649,Nyctalus leisleri,0.026,0.05,-1,Echolocation,/mnt/ubna_data_02_mir/recover-20220922/UBNA_001/20220921_090000.WAV,Telephone Field,recover-20220922,001,1795
1326.4335,1326.4721,68437,80984,Rhinolophus ferrumequinum,0.02,0.021,-1,Echolocation,/mnt/ubna_data_02_mir/recover-20220922/UBNA_001/20220921_090000.WAV,Telephone Field,recover-20220922,001,1795
1326.4515,1326.4602,27187,38266,Eptesicus serotinus,0.007,0.021,-1,Echolocation,/mnt/ubna_data_02_mir/recover-20220922/UBNA_001/20220921_090000.WAV,Telephone Field,recover-20220922,001,1795
1326.4535,1326.493,68437,82153,Rhinolophus ferrumequinum,0.034,0.034,-1,Echolocation,/mnt/ubna_data_02_mir/recover-20220922/UBNA_001/20220921_090000.WAV,Telephone Field,recover-20220922,001,1795
1326.4935,1326.5331,68437,81818,Rhinolophus ferrumequinum,0.026,0.026,-1,Echolocation,/mnt/ubna_data_02_mir/recover-20220922/UBNA_001/20220921_090000.WAV,Telephone Field,recover-20220922,001,1795
1326.5185,1326.5558,68437,81852,Rhinolophus ferrumequinum,0.021,0.021,-1,Echolocation,/mnt/ubna_data_02_mir/recover-20220922/UBNA_001/20220921_090000.WAV,Telephone Field,recover-20220922,001,1795
1326.5435,1326.5858,68437,82815,Rhinolophus ferrumequinum,0.023,0.023,-1,Echolocation,/mnt/ubna_data_02_mir/recover-20220922/UBNA_001/20220921_090000.WAV,Telephone Field,recover-20220922,001,1795
1326.5605,1326.5711,23750,28993,Nyctalus leisleri,0.012,0.024,-1,Echolocation,/mnt/ubna_data_02_mir/recover-20220922/UBNA_001/20220921_090000.WAV,Telephone Field,recover-20220922,001,1795
1326.5795,1326.6203,68437,82686,Rhinolophus ferrumequinum,0.025,0.025,-1,Echolocation,/mnt/ubna_data_02_mir/recover-20220922/UBNA_001/20220921_090000.WAV,Telephone Field,recover-20220922,001,1795
1326.6135,1326.6557,68437,82617,Rhinolophus ferrumequinum,0.027,0.027,-1,Echolocation,/mnt/ubna_data_02_mir/recover-20220922/UBNA_001/20220921_090000.WAV,Telephone Field,recover-20220922,001,1795
1326.6265,1326.6369,22890,28424,Nyctalus leisleri,0.014,0.03,-1,Echolocation,/mnt/ubna_data_02_mir/recover-20220922/UBNA_001/20220921_090000.WAV,Telephone Field,recover-20220922,001,1795
1326.6545,1326.6979,68437,83358,Rhinolophus ferrumequinum,0.045,0.045,-1,Echolocation,/mnt/ubna_data_02_mir/recover-20220922/UBNA_001/20220921_090000.WAV,Telephone Field,recover-20220922,001,1795
1326.6565,1326.6611,36640,58434,Myotis mystacinus,0.007,0.027,-1,Echolocation,/mnt/ubna_data_02_mir/recover-20220922/UBNA_001/20220921_090000.WAV,Telephone Field,recover-20220922,001,1795
1326.7075,1326.7178,22031,27214,Nyctalus leisleri,0.01,0.022,-1,Echolocation,/mnt/ubna_data_02_mir/recover-20220922/UBNA_001/20220921_090000.WAV,Telephone Field,recover-20220922,001,1795
1326.7075,1326.7456,68437,82430,Rhinolophus ferrumequinum,0.022,0.022,-1,Echolocation,/mnt/ubna_data_02_mir/recover-20220922/UBNA_001/20220921_090000.WAV,Telephone Field,recover-20220922,001,1795
1326.7475,1326.788,68437,82262,Rhinolophus ferrumequinum,0.03,0.03,-1,Echolocation,/mnt/ubna_data_02_mir/recover-20220922/UBNA_001/20220921_090000.WAV,Telephone Field,recover-20220922,001,1795
1326.7635,1326.7709,23750,32775,Plecotus austriacus,0.01,0.025,-1,Echolocation,/mnt/ubna_data_02_mir/recover-20220922/UBNA_001/20220921_090000.WAV,Telephone Field,recover-20220922,001,1795
1326.8005,1326.8109,23750,30001,Nyctalus leisleri,0.008,0.021,-1,Echolocation,/mnt/ubna_data_02_mir/recover-20220922/UBNA_001/20220921_090000.WAV,Telephone Field,recover-20220922,001,1795
1326.8475,1326.8561,22890,30167,Plecotus austriacus,0.008,0.021,-1,Echolocation,/mnt/ubna_data_02_mir/recover-20220922/UBNA_001/20220921_090000.WAV,Telephone Field,recover-20220922,001,1795
1326.8545,1326.8928,68437,81433,Rhinolophus ferrumequinum,0.022,0.022,-1,Echolocation,/mnt/ubna_data_02_mir/recover-20220922/UBNA_001/20220921_090000.WAV,Telephone Field,recover-20220922,001,1795
1326.9005,1326.945,68437,83419,Rhinolophus ferrumequinum,0.042,0.042,-1,Echolocation,/mnt/ubna_data_02_mir/recover-20220922/UBNA_001/20220921_090000.WAV,Telephone Field,recover-20220922,001,1795
1326.9445,1326.9808,68437,81497,Rhinolophus ferrumequinum,0.021,0.021,-1,Echolocation,/mnt/ubna_data_02_mir/recover-20220922/UBNA_001/20220921_090000.WAV,Telephone Field,recover-20220922,001,1795
1326.9475,1326.9549,28046,38817,Eptesicus serotinus,0.006,0.021,-1,Echolocation,/mnt/ubna_data_02_mir/recover-20220922/UBNA_001/20220921_090000.WAV,Telephone Field,recover-20220922,001,1795
1326.9635,1326.9746,33203,39726,Eptesicus serotinus,0.005,0.022,-1,Echolocation,/mnt/ubna_data_02_mir/recover-20220922/UBNA_001/20220921_090000.WAV,Telephone Field,recover-20220922,001,1795
1326.9685,1327.0081,68437,81997,Rhinolophus ferrumequinum,0.026,0.026,-1,Echolocation,/mnt/ubna_data_02_mir/recover-20220922/UBNA_001/20220921_090000.WAV,Telephone Field,recover-20220922,001,1795
1326.9845,1327.0203,68437,81064,Rhinolophus ferrumequinum,0.02,0.021,-1,Echolocation,/mnt/ubna_data_02_mir/recover-20220922/UBNA_001/20220921_090000.WAV,Telephone Field,recover-20220922,001,1795
1326.9905,1327.0283,68437,81769,Rhinolophus ferrumequinum,0.022,0.022,-1,Echolocation,/mnt/ubna_data_02_mir/recover-20220922/UBNA_001/20220921_090000.WAV,Telephone Field,recover-20220922,001,1795
1327.0175,1327.0287,23750,29354,Nyctalus leisleri,0.015,0.03,-1,Echolocation,/mnt/ubna_data_02_mir/recover-20220922/UBNA_001/20220921_090000.WAV,Telephone Field,recover-20220922,001,1795
1327.0185,1327.0601,68437,82780,Rhinolophus ferrumequinum,0.042,0.042,-1,Echolocation,/mnt/ubna_data_02_mir/recover-20220922/UBNA_001/20220921_090000.WAV,Telephone Field,recover-20220922,001,1795
1327.0855,1327.1234,68437,81809,Rhinolophus ferrumequinum,0.022,0.022,-1,Echolocation,/mnt/ubna_data_02_mir/recover-20220922/UBNA_001/20220921_090000.WAV,Telephone Field,recover-20220922,001,1795
1327.0945,1327.1047,28906,36648,Eptesicus serotinus,0.01,0.024,-1,Echolocation,/mnt/ubna_data_02_mir/recover-20220922/UBNA_001/20220921_090000.WAV,Telephone Field,recover-20220922,001,1795
1327.1125,1327.1544,68437,82893,Rhinolophus ferrumequinum,0.027,0.027,-1,Echolocation,/mnt/ubna_data_02_mir/recover-20220922/UBNA_001/20220921_090000.WAV,Telephone Field,recover-20220922,001,1795
1327.1345,1327.1456,22890,27213,Nyctalus leisleri,0.012,0.022,-1,Echolocation,/mnt/ubna_data_02_mir/recover-20220922/UBNA_001/20220921_090000.WAV,Telephone Field,recover-20220922,001,1795
1327.1655,1327.2058,68437,82562,Rhinolophus ferrumequinum,0.029,0.03,-1,Echolocation,/mnt/ubna_data_02_mir/recover-20220922/UBNA_001/20220921_090000.WAV,Telephone Field,recover-20220922,001,1795
1327.1845,1327.2225,68437,82113,Rhinolophus ferrumequinum,0.021,0.022,-1,Echolocation,/mnt/ubna_data_02_mir/recover-20220922/UBNA_001/20220921_090000.WAV,Telephone Field,recover-20220922,001,1795
1327.2125,1327.2495,68437,81621,Rhinolophus ferrumequinum,0.026,0.026,-1,Echolocation,/mnt/ubna_data_02_mir/recover-20220922/UBNA_001/20220921_090000.WAV,Telephone Field,recover-20220922,001,1795
1327.2345,1327.2736,68437,82091,Rhinolophus ferrumequinum,0.02,0.02,-1,Echolocation,/mnt/ubna_data_02_mir/recover-20220922/UBNA_001/20220921_090000.WAV,Telephone Field,recover-20220922,001,1795
1327.2765,1327.3161,68437,82072,Rhinolophus ferrumequinum,0.021,0.021,-1,Echolocation,/mnt/ubna_data_02_mir/recover-20220922/UBNA_001/20220921_090000.WAV,Telephone Field,recover-20220922,001,1795
1327.2805,1327.2888,22890,29740,Plecotus austriacus,0.009,0.021,-1,Echolocation,/mnt/ubna_data_02_mir/recover-20220922/UBNA_001/20220921_090000.WAV,Telephone Field,recover-20220922,001,1795
1327.2965,1327.3349,68437,81847,Rhinolophus ferrumequinum,0.021,0.021,-1,Echolocation,/mnt/ubna_data_02_mir/recover-20220922/UBNA_001/20220921_090000.WAV,Telephone Field,recover-20220922,001,1795
1327.3065,1327.3454,68437,82053,Rhinolophus ferrumequinum,0.021,0.021,-1,Echolocation,/mnt/ubna_data_02_mir/recover-20220922/UBNA_001/20220921_090000.WAV,Telephone Field,recover-20220922,001,1795
1327.3345,1327.3757,68437,82853,Rhinolophus ferrumequinum,0.026,0.026,-1,Echolocation,/mnt/ubna_data_02_mir/recover-20220922/UBNA_001/20220921_090000.WAV,Telephone Field,recover-20220922,001,1795
1327.3525,1327.365,25468,30758,Nyctalus leisleri,0.011,0.024,-1,Echolocation,/mnt/ubna_data_02_mir/recover-20220922/UBNA_001/20220921_090000.WAV,Telephone Field,recover-20220922,001,1795
1327.3625,1327.3707,28046,38850,Eptesicus serotinus,0.007,0.021,-1,Echolocation,/mnt/ubna_data_02_mir/recover-20220922/UBNA_001/20220921_090000.WAV,Telephone Field,recover-20220922,001,1795
1327.3755,1327.4148,68437,82202,Rhinolophus ferrumequinum,0.022,0.022,-1,Echolocation,/mnt/ubna_data_02_mir/recover-20220922/UBNA_001/20220921_090000.WAV,Telephone Field,recover-20220922,001,1795
1327.3925,1327.4314,68437,82685,Rhinolophus ferrumequinum,0.021,0.021,-1,Echolocation,/mnt/ubna_data_02_mir/recover-20220922/UBNA_001/20220921_090000.WAV,Telephone Field,recover-20220922,001,1795
1327.3975,1327.4368,68437,82140,Rhinolophus ferrumequinum,0.021,0.021,-1,Echolocation,/mnt/ubna_data_02_mir/recover-20220922/UBNA_001/20220921_090000.WAV,Telephone Field,recover-20220922,001,1795
1327.4125,1327.4519,68437,81786,Rhinolophus ferrumequinum,0.021,0.021,-1,Echolocation,/mnt/ubna_data_02_mir/recover-20220922/UBNA_001/20220921_090000.WAV,Telephone Field,recover-20220922,001,1795
1327.4195,1327.4296,44375,48672,Pipistrellus pipistrellus,0.035,0.037,-1,Echolocation,/mnt/ubna_data_02_mir/recover-20220922/UBNA_001/20220921_090000.WAV,Telephone Field,recover-20220922,001,1795
1327.4565,1327.4656,56406,61632,Pipistrellus pygmaeus,0.022,0.022,-1,Echolocation,/mnt/ubna_data_02_mir/recover-20220922/UBNA_001/20220921_090000.WAV,Telephone Field,recover-20220922,001,1795
1327.4735,1327.5137,68437,82561,Rhinolophus ferrumequinum,0.026,0.026,-1,Echolocation,/mnt/ubna_data_02_mir/recover-20220922/UBNA_001/20220921_090000.WAV,Telephone Field,recover-20220922,001,1795
1327.4925,1327.534,68437,82763,Rhinolophus ferrumequinum,0.023,0.023,-1,Echolocation,/mnt/ubna_data_02_mir/recover-20220922/UBNA_001/20220921_090000.WAV,Telephone Field,recover-20220922,001,1795
1327.5295,1327.568,68437,82154,Rhinolophus ferrumequinum,0.022,0.022,-1,Echolocation,/mnt/ubna_data_02_mir/recover-20220922/UBNA_001/20220921_090000.WAV,Telephone Field,recover-20220922,001,1795
1327.5445,1327.584,68437,82438,Rhinolophus ferrumequinum,0.021,0.021,-1,Echolocation,/mnt/ubna_data_02_mir/recover-20220922/UBNA_001/20220921_090000.WAV,Telephone Field,recover-20220922,001,1795
1327.5865,1327.6274,68437,82772,Rhinolophus ferrumequinum,0.03,0.03,-1,Echolocation,/mnt/ubna_data_02_mir/recover-20220922/UBNA_001/20220921_090000.WAV,Telephone Field,recover-20220922,001,1795
1327.5885,1327.5981,29765,37230,Eptesicus serotinus,0.009,0.024,-1,Echolocation,/mnt/ubna_data_02_mir/recover-20220922/UBNA_001/20220921_090000.WAV,Telephone Field,recover-20220922,001,1795
1327.6015,1327.638,68437,81083,Rhinolophus ferrumequinum,0.023,0.023,-1,Echolocation,/mnt/ubna_data_02_mir/recover-20220922/UBNA_001/20220921_090000.WAV,Telephone Field,recover-20220922,001,1795
1327.6195,1327.6289,22031,27339,Nyctalus leisleri,0.008,0.021,-1,Echolocation,/mnt/ubna_data_02_mir/recover-20220922/UBNA_001/20220921_090000.WAV,Telephone Field,recover-20220922,001,1795
1327.6275,1327.665,68437,81616,Rhinolophus ferrumequinum,0.021,0.021,-1,Echolocation,/mnt/ubna_data_02_mir/recover-20220922/UBNA_001/20220921_090000.WAV,Telephone Field,recover-20220922,001,1795
1327.6505,1327.6878,68437,82249,Rhinolophus ferrumequinum,0.022,0.022,-1,Echolocation,/mnt/ubna_data_02_mir/recover-20220922/UBNA_001/20220921_090000.WAV,Telephone Field,recover-20220922,001,1795
1327.6605,1327.6981,68437,81742,Rhinolophus ferrumequinum,0.021,0.022,-1,Echolocation,/mnt/ubna_data_02_mir/recover-20220922/UBNA_001/20220921_090000.WAV,Telephone Field,recover-20220922,001,1795
1327.6855,1327.7228,68437,81907,Rhinolophus ferrumequinum,0.022,0.022,-1,Echolocation,/mnt/ubna_data_02_mir/recover-20220922/UBNA_001/20220921_090000.WAV,Telephone Field,recover-20220922,001,1795
1327.7095,1327.7518,68437,83074,Rhinolophus ferrumequinum,0.026,0.026,-1,Echolocation,/mnt/ubna_data_02_mir/recover-20220922/UBNA_001/20220921_090000.WAV,Telephone Field,recover-20220922,001,1795
1327.7165,1327.7276,23750,28180,Nyctalus leisleri,0.011,0.02,-1,Echolocation,/mnt/ubna_data_02_mir/recover-20220922/UBNA_001/20220921_090000.WAV,Telephone Field,recover-20220922,001,1795
1327.7335,1327.7429,25468,32115,Nyctalus leisleri,0.008,0.025,-1,Echolocation,/mnt/ubna_data_02_mir/recover-20220922/UBNA_001/20220921_090000.WAV,Telephone Field,recover-20220922,001,1795
1327.7385,1327.7757,68437,81454,Rhinolophus ferrumequinum,0.023,0.023,-1,Echolocation,/mnt/ubna_data_02_mir/recover-20220922/UBNA_001/20220921_090000.WAV,Telephone Field,recover-20220922,001,1795
1327.7455,1327.7799,68437,81301,Rhinolophus ferrumequinum,0.022,0.022,-1,Echolocation,/mnt/ubna_data_02_mir/recover-20220922/UBNA_001/20220921_090000.WAV,Telephone Field,recover-20220922,001,1795
1327.7515,1327.759,28046,38242,Eptesicus serotinus,0.006,0.024,-1,Echolocation,/mnt/ubna_data_02_mir/recover-20220922/UBNA_001/20220921_090000.WAV,Telephone Field,recover-20220922,001,1795
1327.7775,1327.8203,68437,82420,Rhinolophus ferrumequinum,0.026,0.026,-1,Echolocation,/mnt/ubna_data_02_mir/recover-20220922/UBNA_001/20220921_090000.WAV,Telephone Field,recover-20220922,001,1795
1327.7775,1327.7926,22031,25730,Nyctalus leisleri,0.023,0.036,-1,Echolocation,/mnt/ubna_data_02_mir/recover-20220922/UBNA_001/20220921_090000.WAV,Telephone Field,recover-20220922,001,1795
1327.8245,1327.8637,68437,82537,Rhinolophus ferrumequinum,0.022,0.022,-1,Echolocation,/mnt/ubna_data_02_mir/recover-20220922/UBNA_001/20220921_090000.WAV,Telephone Field,recover-20220922,001,1795
1327.8335,1327.8439,28906,36694,Eptesicus serotinus,0.01,0.023,-1,Echolocation,/mnt/ubna_data_02_mir/recover-20220922/UBNA_001/20220921_090000.WAV,Telephone Field,recover-20220922,001,1795
1327.8385,1327.8775,68437,81770,Rhinolophus ferrumequinum,0.022,0.022,-1,Echolocation,/mnt/ubna_data_02_mir/recover-20220922/UBNA_001/20220921_090000.WAV,Telephone Field,recover-20220922,001,1795
1327.8875,1327.9281,68437,82906,Rhinolophus ferrumequinum,0.027,0.027,-1,Echolocation,/mnt/ubna_data_02_mir/recover-20220922/UBNA_001/20220921_090000.WAV,Telephone Field,recover-20220922,001,1795
1327.9095,1327.9177,26328,38519,Eptesicus serotinus,0.007,0.022,-1,Echolocation,/mnt/ubna_data_02_mir/recover-20220922/UBNA_001/20220921_090000.WAV,Telephone Field,recover-20220922,001,1795
1327.9255,1327.9651,68437,82241,Rhinolophus ferrumequinum,0.022,0.022,-1,Echolocation,/mnt/ubna_data_02_mir/recover-20220922/UBNA_001/20220921_090000.WAV,Telephone Field,recover-20220922,001,1795
1327.9445,1327.985,68437,82310,Rhinolophus ferrumequinum,0.021,0.021,-1,Echolocation,/mnt/ubna_data_02_mir/recover-20220922/UBNA_001/20220921_090000.WAV,Telephone Field,recover-20220922,001,1795
1328.0015,1328.0129,21171,25691,Nyctalus leisleri,0.025,0.047,-1,Echolocation,/mnt/ubna_data_02_mir/recover-20220922/UBNA_001/20220921_090000.WAV,Telephone Field,recover-20220922,001,1795
1328.0015,1328.0107,47812,52904,Pipistrellus pipistrellus,0.025,0.03,-1,Echolocation,/mnt/ubna_data_02_mir/recover-20220922/UBNA_001/20220921_090000.WAV,Telephone Field,recover-20220922,001,1795
1328.0015,1328.0121,33203,39790,Barbastellus barbastellus,0.007,0.029,-1,Echolocation,/mnt/ubna_data_02_mir/recover-20220922/UBNA_001/20220921_090000.WAV,Telephone Field,recover-20220922,001,1795
1328.0015,1328.0088,27187,36119,Nyctalus leisleri,0.006,0.029,-1,Echolocation,/mnt/ubna_data_02_mir/recover-20220922/UBNA_001/20220921_090000.WAV,Telephone Field,recover-20220922,001,1795
1328.0315,1328.0425,28046,35774,Eptesicus serotinus,0.012,0.023,-1,Echolocation,/mnt/ubna_data_02_mir/recover-20220922/UBNA_001/20220921_090000.WAV,Telephone Field,recover-20220922,001,1795
1328.0565,1328.0659,28906,36728,Eptesicus serotinus,0.011,0.026,-1,Echolocation,/mnt/ubna_data_02_mir/recover-20220922/UBNA_001/20220921_090000.WAV,Telephone Field,recover-20220922,001,1795
1328.0615,1328.0686,28046,36887,Eptesicus serotinus,0.009,0.025,-1,Echolocation,/mnt/ubna_data_02_mir/recover-20220922/UBNA_001/20220921_090000.WAV,Telephone Field,recover-20220922,001,1795
1328.0865,1328.1195,68437,80486,Rhinolophus ferrumequinum,0.024,0.024,-1,Echolocation,/mnt/ubna_data_02_mir/recover-20220922/UBNA_001/20220921_090000.WAV,Telephone Field,recover-20220922,001,1795
1328.0945,1328.127,68437,80657,Rhinolophus ferrumequinum,0.022,0.022,-1,Echolocation,/mnt/ubna_data_02_mir/recover-20220922/UBNA_001/20220921_090000.WAV,Telephone Field,recover-20220922,001,1795
1328.0995,1328.1084,23750,30997,Nyctalus leisleri,0.007,0.021,-1,Echolocation,/mnt/ubna_data_02_mir/recover-20220922/UBNA_001/20220921_090000.WAV,Telephone Field,recover-20220922,001,1795
1328.1105,1328.1502,68437,82452,Rhinolophus ferrumequinum,0.022,0.022,-1,Echolocation,/mnt/ubna_data_02_mir/recover-20220922/UBNA_001/20220921_090000.WAV,Telephone Field,recover-20220922,001,1795
1328.1155,1328.1564,68437,82455,Rhinolophus ferrumequinum,0.022,0.022,-1,Echolocation,/mnt/ubna_data_02_mir/recover-20220922/UBNA_001/20220921_090000.WAV,Telephone Field,recover-20220922,001,1795
1328.1255,1328.1648,68437,82050,Rhinolophus ferrumequinum,0.021,0.021,-1,Echolocation,/mnt/ubna_data_02_mir/recover-20220922/UBNA_001/20220921_090000.WAV,Telephone Field,recover-20220922,001,1795
1328.1685,1328.2068,68437,82078,Rhinolophus ferrumequinum,0.022,0.023,-1,Echolocation,/mnt/ubna_data_02_mir/recover-20220922/UBNA_001/20220921_090000.WAV,Telephone Field,recover-20220922,001,1795
1328.1785,1328.1865,26328,37874,Eptesicus serotinus,0.007,0.022,-1,Echolocation,/mnt/ubna_data_02_mir/recover-20220922/UBNA_001/20220921_090000.WAV,Telephone Field,recover-20220922,001,1795
1328.1785,1328.2179,68437,82462,Rhinolophus ferrumequinum,0.022,0.022,-1,Echolocation,/mnt/ubna_data_02_mir/recover-20220922/UBNA_001/20220921_090000.WAV,Telephone Field,recover-20220922,001,1795
1328.2105,1328.2192,26328,35236,Eptesicus serotinus,0.017,0.039,-1,Echolocation,/mnt/ubna_data_02_mir/recover-20220922/UBNA_001/20220921_090000.WAV,Telephone Field,recover-20220922,001,1795
1328.2155,1328.2579,68437,82907,Rhinolophus ferrumequinum,0.025,0.025,-1,Echolocation,/mnt/ubna_data_02_mir/recover-20220922/UBNA_001/20220921_090000.WAV,Telephone Field,recover-20220922,001,1795
1328.2705,1328.3107,68437,82703,Rhinolophus ferrumequinum,0.025,0.025,-1,Echolocation,/mnt/ubna_data_02_mir/recover-20220922/UBNA_001/20220921_090000.WAV,Telephone Field,recover-20220922,001,1795
1328.2855,1328.3272,68437,83051,Rhinolophus ferrumequinum,0.026,0.026,-1,Echolocation,/mnt/ubna_data_02_mir/recover-20220922/UBNA_001/20220921_090000.WAV,Telephone Field,recover-20220922,001,1795
1328.2925,1328.302,23750,30760,Nyctalus leisleri,0.007,0.021,-1,Echolocation,/mnt/ubna_data_02_mir/recover-20220922/UBNA_001/20220921_090000.WAV,Telephone Field,recover-20220922,001,1795
1328.2935,1328.3034,45234,53016,Pipistrellus pipistrellus,0.022,0.03,-1,Echolocation,/mnt/ubna_data_02_mir/recover-20220922/UBNA_001/20220921_090000.WAV,Telephone Field,recover-20220922,001,1795
1328.3495,1328.3567,28046,37662,Eptesicus serotinus,0.008,0.026,-1,Echolocation,/mnt/ubna_data_02_mir/recover-20220922/UBNA_001/20220921_090000.WAV,Telephone Field,recover-20220922,001,1795
1328.3715,1328.4096,68437,81847,Rhinolophus ferrumequinum,0.021,0.021,-1,Echolocation,/mnt/ubna_data_02_mir/recover-20220922/UBNA_001/20220921_090000.WAV,Telephone Field,recover-20220922,001,1795
1328.3955,1328.4363,68437,82893,Rhinolophus ferrumequinum,0.024,0.024,-1,Echolocation,/mnt/ubna_data_02_mir/recover-20220922/UBNA_001/20220921_090000.WAV,Telephone Field,recover-20220922,001,1795
1328.3995,1328.4187,19453,22424,Nyctalus leisleri,0.017,0.037,-1,Echolocation,/mnt/ubna_data_02_mir/recover-20220922/UBNA_001/20220921_090000.WAV,Telephone Field,recover-20220922,001,1795
1328.4175,1328.4566,68437,82507,Rhinolophus ferrumequinum,0.027,0.027,-1,Echolocation,/mnt/ubna_data_02_mir/recover-20220922/UBNA_001/20220921_090000.WAV,Telephone Field,recover-20220922,001,1795
1328.4185,1328.4285,28046,35138,Eptesicus serotinus,0.018,0.034,-1,Echolocation,/mnt/ubna_data_02_mir/recover-20220922/UBNA_001/20220921_090000.WAV,Telephone Field,recover-20220922,001,1795
1328.4295,1328.4696,68437,83125,Rhinolophus ferrumequinum,0.022,0.022,-1,Echolocation,/mnt/ubna_data_02_mir/recover-20220922/UBNA_001/20220921_090000.WAV,Telephone Field,recover-20220922,001,1795
1328.4385,1328.4477,28046,37479,Eptesicus serotinus,0.009,0.023,-1,Echolocation,/mnt/ubna_data_02_mir/recover-20220922/UBNA_001/20220921_090000.WAV,Telephone Field,recover-20220922,001,1795
1328.4595,1328.4986,68437,82012,Rhinolophus ferrumequinum,0.022,0.022,-1,Echolocation,/mnt/ubna_data_02_mir/recover-20220922/UBNA_001/20220921_090000.WAV,Telephone Field,recover-20220922,001,1795
1328.4645,1328.4751,22890,28414,Nyctalus leisleri,0.009,0.022,-1,Echolocation,/mnt/ubna_data_02_mir/recover-20220922/UBNA_001/20220921_090000.WAV,Telephone Field,recover-20220922,001,1795
1328.4655,1328.5042,68437,81674,Rhinolophus ferrumequinum,0.022,0.022,-1,Echolocation,/mnt/ubna_data_02_mir/recover-20220922/UBNA_001/20220921_090000.WAV,Telephone Field,recover-20220922,001,1795
1328.4685,1328.4764,28906,37958,Eptesicus serotinus,0.007,0.022,-1,Echolocation,/mnt/ubna_data_02_mir/recover-20220922/UBNA_001/20220921_090000.WAV,Telephone Field,recover-20220922,001,1795
1328.5185,1328.5571,68437,82178,Rhinolophus ferrumequinum,0.021,0.022,-1,Echolocation,/mnt/ubna_data_02_mir/recover-20220922/UBNA_001/20220921_090000.WAV,Telephone Field,recover-20220922,001,1795
1328.5305,1328.5415,23750,29648,Nyctalus leisleri,0.009,0.022,-1,Echolocation,/mnt/ubna_data_02_mir/recover-20220922/UBNA_001/20220921_090000.WAV,Telephone Field,recover-20220922,001,1795
1328.5515,1328.596,68437,83456,Rhinolophus ferrumequinum,0.037,0.037,-1,Echolocation,/mnt/ubna_data_02_mir/recover-20220922/UBNA_001/20220921_090000.WAV,Telephone Field,recover-20220922,001,1795
1328.5535,1328.5613,24609,33260,Plecotus austriacus,0.007,0.023,-1,Echolocation,/mnt/ubna_data_02_mir/recover-20220922/UBNA_001/20220921_090000.WAV,Telephone Field,recover-20220922,001,1795
1328.5725,1328.6114,68437,81833,Rhinolophus ferrumequinum,0.023,0.023,-1,Echolocation,/mnt/ubna_data_02_mir/recover-20220922/UBNA_001/20220921_090000.WAV,Telephone Field,recover-20220922,001,1795
1328.5935,1328.6331,68437,82114,Rhinolophus ferrumequinum,0.025,0.025,-1,Echolocation,/mnt/ubna_data_02_mir/recover-20220922/UBNA_001/20220921_090000.WAV,Telephone Field,recover-20220922,001,1795
1328.6375,1328.6455,28906,37263,Eptesicus serotinus,0.009,0.024,-1,Echolocation,/mnt/ubna_data_02_mir/recover-20220922/UBNA_001/20220921_090000.WAV,Telephone Field,recover-20220922,001,1795
1328.6395,1328.6782,68437,82058,Rhinolophus ferrumequinum,0.021,0.021,-1,Echolocation,/mnt/ubna_data_02_mir/recover-20220922/UBNA_001/20220921_090000.WAV,Telephone Field,recover-20220922,001,1795
1328.6625,1328.6708,24609,36401,Plecotus austriacus,0.007,0.027,-1,Echolocation,/mnt/ubna_data_02_mir/recover-20220922/UBNA_001/20220921_090000.WAV,Telephone Field,recover-20220922,001,1795
1328.6905,1328.7017,27187,34395,Eptesicus serotinus,0.011,0.023,-1,Echolocation,/mnt/ubna_data_02_mir/recover-20220922/UBNA_001/20220921_090000.WAV,Telephone Field,recover-20220922,001,1795
1328.7295,1328.7701,68437,82159,Rhinolophus ferrumequinum,0.026,0.026,-1,Echolocation,/mnt/ubna_data_02_mir/recover-20220922/UBNA_001/20220921_090000.WAV,Telephone Field,recover-20220922,001,1795
1328.7305,1328.7398,23750,31074,Nyctalus leisleri,0.008,0.025,-1,Echolocation,/mnt/ubna_data_02_mir/recover-20220922/UBNA_001/20220921_090000.WAV,Telephone Field,recover-20220922,001,1795
1328.7515,1328.7624,42656,45883,Pipistrellus pipistrellus,0.019,0.022,-1,Echolocation,/mnt/ubna_data_02_mir/recover-20220922/UBNA_001/20220921_090000.WAV,Telephone Field,recover-20220922,001,1795
1328.7585,1328.7953,68437,81709,Rhinolophus ferrumequinum,0.031,0.031,-1,Echolocation,/mnt/ubna_data_02_mir/recover-20220922/UBNA_001/20220921_090000.WAV,Telephone Field,recover-20220922,001,1795
1328.7695,1328.8083,68437,82154,Rhinolophus ferrumequinum,0.036,0.036,-1,Echolocation,/mnt/ubna_data_02_mir/recover-20220922/UBNA_001/20220921_090000.WAV,Telephone Field,recover-20220922,001,1795
1328.8355,1328.8742,68437,81781,Rhinolophus ferrumequinum,0.022,0.022,-1,Echolocation,/mnt/ubna_data_02_mir/recover-20220922/UBNA_001/20220921_090000.WAV,Telephone Field,recover-20220922,001,1795
1328.8525,1328.8646,22890,28168,Nyctalus leisleri,0.012,0.025,-1,Echolocation,/mnt/ubna_data_02_mir/recover-20220922/UBNA_001/20220921_090000.WAV,Telephone Field,recover-20220922,001,1795
1328.8605,1328.8717,23750,28733,Nyctalus leisleri,0.014,0.026,-1,Echolocation,/mnt/ubna_data_02_mir/recover-20220922/UBNA_001/20220921_090000.WAV,Telephone Field,recover-20220922,001,1795
1328.8625,1328.8998,68437,81752,Rhinolophus ferrumequinum,0.022,0.022,-1,Echolocation,/mnt/ubna_data_02_mir/recover-20220922/UBNA_001/20220921_090000.WAV,Telephone Field,recover-20220922,001,1795
1328.8815,1328.9209,68437,82538,Rhinolophus ferrumequinum,0.028,0.028,-1,Echolocation,/mnt/ubna_data_02_mir/recover-20220922/UBNA_001/20220921_090000.WAV,Telephone Field,recover-20220922,001,1795
1328.8945,1328.9018,27187,37212,Eptesicus serotinus,0.008,0.024,-1,Echolocation,/mnt/ubna_data_02_mir/recover-20220922/UBNA_001/20220921_090000.WAV,Telephone Field,recover-20220922,001,1795
1328.9125,1328.9498,68437,81535,Rhinolophus ferrumequinum,0.028,0.028,-1,Echolocation,/mnt/ubna_data_02_mir/recover-20220922/UBNA_001/20220921_090000.WAV,Telephone Field,recover-20220922,001,1795
1328.9555,1328.9942,68437,82390,Rhinolophus ferrumequinum,0.022,0.022,-1,Echolocation,/mnt/ubna_data_02_mir/recover-20220922/UBNA_001/20220921_090000.WAV,Telephone Field,recover-20220922,001,1795
1328.9785,1329.0194,68437,82000,Rhinolophus ferrumequinum,0.022,0.022,-1,Echolocation,/mnt/ubna_data_02_mir/recover-20220922/UBNA_001/20220921_090000.WAV,Telephone Field,recover-20220922,001,1795
1328.9805,1328.9878,28046,39941,Eptesicus serotinus,0.007,0.023,-1,Echolocation,/mnt/ubna_data_02_mir/recover-20220922/UBNA_001/20220921_090000.WAV,Telephone Field,recover-20220922,001,1795
1328.9855,1328.9944,51250,55422,Pipistrellus pipistrellus,0.022,0.025,-1,Echolocation,/mnt/ubna_data_02_mir/recover-20220922/UBNA_001/20220921_090000.WAV,Telephone Field,recover-20220922,001,1795
1329.0045,1329.0426,68437,82493,Rhinolophus ferrumequinum,0.022,0.022,-1,Echolocation,/mnt/ubna_data_02_mir/recover-20220922/UBNA_001/20220921_090000.WAV,Telephone Field,recover-20220922,001,1795
1329.0615,1329.0726,23750,29670,Nyctalus leisleri,0.011,0.026,-1,Echolocation,/mnt/ubna_data_02_mir/recover-20220922/UBNA_001/20220921_090000.WAV,Telephone Field,recover-20220922,001,1795
1329.0845,1329.1221,68437,82399,Rhinolophus ferrumequinum,0.024,0.024,-1,Echolocation,/mnt/ubna_data_02_mir/recover-20220922/UBNA_001/20220921_090000.WAV,Telephone Field,recover-20220922,001,1795
1329.1265,1329.167,68437,82016,Rhinolophus ferrumequinum,0.023,0.023,-1,Echolocation,/mnt/ubna_data_02_mir/recover-20220922/UBNA_001/20220921_090000.WAV,Telephone Field,recover-20220922,001,1795
1329.1825,1329.2209,68437,82088,Rhinolophus ferrumequinum,0.025,0.025,-1,Echolocation,/mnt/ubna_data_02_mir/recover-20220922/UBNA_001/20220921_090000.WAV,Telephone Field,recover-20220922,001,1795
1329.2025,1329.244,68437,82826,Rhinolophus ferrumequinum,0.023,0.023,-1,Echolocation,/mnt/ubna_data_02_mir/recover-20220922/UBNA_001/20220921_090000.WAV,Telephone Field,recover-20220922,001,1795
1329.2285,1329.2683,68437,82251,Rhinolophus ferrumequinum,0.023,0.023,-1,Echolocation,/mnt/ubna_data_02_mir/recover-20220922/UBNA_001/20220921_090000.WAV,Telephone Field,recover-20220922,001,1795
1329.2315,1329.2394,28046,45573,Eptesicus serotinus,0.007,0.022,-1,Echolocation,/mnt/ubna_data_02_mir/recover-20220922/UBNA_001/20220921_090000.WAV,Telephone Field,recover-20220922,001,1795
1329.2585,1329.299,68437,82865,Rhinolophus ferrumequinum,0.028,0.028,-1,Echolocation,/mnt/ubna_data_02_mir/recover-20220922/UBNA_001/20220921_090000.WAV,Telephone Field,recover-20220922,001,1795
1329.3055,1329.3142,27187,36475,Eptesicus serotinus,0.007,0.021,-1,Echolocation,/mnt/ubna_data_02_mir/recover-20220922/UBNA_001/20220921_090000.WAV,Telephone Field,recover-20220922,001,1795
1329.3095,1329.3502,68437,82756,Rhinolophus ferrumequinum,0.025,0.025,-1,Echolocation,/mnt/ubna_data_02_mir/recover-20220922/UBNA_001/20220921_090000.WAV,Telephone Field,recover-20220922,001,1795
1329.3205,1329.3291,28906,38227,Eptesicus serotinus,0.008,0.024,-1,Echolocation,/mnt/ubna_data_02_mir/recover-20220922/UBNA_001/20220921_090000.WAV,Telephone Field,recover-20220922,001,1795
1329.3255,1329.3682,68437,83015,Rhinolophus ferrumequinum,0.023,0.023,-1,Echolocation,/mnt/ubna_data_02_mir/recover-20220922/UBNA_001/20220921_090000.WAV,Telephone Field,recover-20220922,001,1795
1329.3405,1329.349,25468,33920,Eptesicus serotinus,0.008,0.022,-1,Echolocation,/mnt/ubna_data_02_mir/recover-20220922/UBNA_001/20220921_090000.WAV,Telephone Field,recover-20220922,001,1795
1329.3465,1329.3846,68437,81849,Rhinolophus ferrumequinum,0.021,0.021,-1,Echolocation,/mnt/ubna_data_02_mir/recover-20220922/UBNA_001/20220921_090000.WAV,Telephone Field,recover-20220922,001,1795
1329.3495,1329.3584,28046,37655,Eptesicus serotinus,0.008,0.022,-1,Echolocation,/mnt/ubna_data_02_mir/recover-20220922/UBNA_001/20220921_090000.WAV,Telephone Field,recover-20220922,001,1795
1329.3885,1329.3964,23750,31880,Plecotus austriacus,0.01,0.024,-1,Echolocation,/mnt/ubna_data_02_mir/recover-20220922/UBNA_001/20220921_090000.WAV,Telephone Field,recover-20220922,001,1795
1329.3885,1329.396,29765,39125,Eptesicus serotinus,0.007,0.023,-1,Echolocation,/mnt/ubna_data_02_mir/recover-20220922/UBNA_001/20220921_090000.WAV,Telephone Field,recover-20220922,001,1795
1329.3975,1329.4353,68437,82364,Rhinolophus ferrumequinum,0.022,0.022,-1,Echolocation,/mnt/ubna_data_02_mir/recover-20220922/UBNA_001/20220921_090000.WAV,Telephone Field,recover-20220922,001,1795
1329.4095,1329.4506,68437,82503,Rhinolophus ferrumequinum,0.025,0.025,-1,Echolocation,/mnt/ubna_data_02_mir/recover-20220922/UBNA_001/20220921_090000.WAV,Telephone Field,recover-20220922,001,1795
1329.4285,1329.4687,68437,82214,Rhinolophus ferrumequinum,0.023,0.023,-1,Echolocation,/mnt/ubna_data_02_mir/recover-20220922/UBNA_001/20220921_090000.WAV,Telephone Field,recover-20220922,001,1795
1329.4405,1329.4804,68437,82563,Rhinolophus ferrumequinum,0.023,0.023,-1,Echolocation,/mnt/ubna_data_02_mir/recover-20220922/UBNA_001/20220921_090000.WAV,Telephone Field,recover-20220922,001,1795
1329.4455,1329.4847,68437,82502,Rhinolophus ferrumequinum,0.023,0.023,-1,Echolocation,/mnt/ubna_data_02_mir/recover-20220922/UBNA_001/20220921_090000.WAV,Telephone Field,recover-20220922,001,1795
1329.4835,1329.521,68437,81091,Rhinolophus ferrumequinum,0.021,0.021,-1,Echolocation,/mnt/ubna_data_02_mir/recover-20220922/UBNA_001/20220921_090000.WAV,Telephone Field,recover-20220922,001,1795
1329.5885,1329.6262,68437,81470,Rhinolophus ferrumequinum,0.024,0.024,-1,Echolocation,/mnt/ubna_data_02_mir/recover-20220922/UBNA_001/20220921_090000.WAV,Telephone Field,recover-20220922,001,1795
1329.5925,1329.6013,24609,32467,Eptesicus serotinus,0.006,0.021,-1,Echolocation,/mnt/ubna_data_02_mir/recover-20220922/UBNA_001/20220921_090000.WAV,Telephone Field,recover-20220922,001,1795
1329.6075,1329.6477,68437,82304,Rhinolophus ferrumequinum,0.022,0.022,-1,Echolocation,/mnt/ubna_data_02_mir/recover-20220922/UBNA_001/20220921_090000.WAV,Telephone Field,recover-20220922,001,1795
1329.6325,1329.6686,68437,81582,Rhinolophus ferrumequinum,0.021,0.021,-1,Echolocation,/mnt/ubna_data_02_mir/recover-20220922/UBNA_001/20220921_090000.WAV,Telephone Field,recover-20220922,001,1795
1329.6515,1329.6587,28046,39113,Eptesicus serotinus,0.006,0.021,-1,Echolocation,/mnt/ubna_data_02_mir/recover-20220922/UBNA_001/20220921_090000.WAV,Telephone Field,recover-20220922,001,1795
1329.6745,1329.7162,68437,82405,Rhinolophus ferrumequinum,0.025,0.025,-1,Echolocation,/mnt/ubna_data_02_mir/recover-20220922/UBNA_001/20220921_090000.WAV,Telephone Field,recover-20220922,001,1795
1329.7365,1329.7759,68437,82516,Rhinolophus ferrumequinum,0.023,0.023,-1,Echolocation,/mnt/ubna_data_02_mir/recover-20220922/UBNA_001/20220921_090000.WAV,Telephone Field,recover-20220922,001,1795
1329.7475,1329.7564,28906,39716,Eptesicus serotinus,0.008,0.021,-1,Echolocation,/mnt/ubna_data_02_mir/recover-20220922/UBNA_001/20220921_090000.WAV,Telephone Field,recover-20220922,001,1795
1329.7565,1329.7936,68437,82022,Rhinolophus ferrumequinum,0.025,0.025,-1,Echolocation,/mnt/ubna_data_02_mir/recover-20220922/UBNA_001/20220921_090000.WAV,Telephone Field,recover-20220922,001,1795
1329.8115,1329.8203,23750,30412,Nyctalus leisleri,0.007,0.021,-1,Echolocation,/mnt/ubna_data_02_mir/recover-20220922/UBNA_001/20220921_090000.WAV,Telephone Field,recover-20220922,001,1795
1329.8295,1329.8674,68437,82158,Rhinolophus ferrumequinum,0.028,0.028,-1,Echolocation,/mnt/ubna_data_02_mir/recover-20220922/UBNA_001/20220921_090000.WAV,Telephone Field,recover-20220922,001,1795
1329.8725,1329.9102,68437,81811,Rhinolophus ferrumequinum,0.024,0.024,-1,Echolocation,/mnt/ubna_data_02_mir/recover-20220922/UBNA_001/20220921_090000.WAV,Telephone Field,recover-20220922,001,1795
1329.9005,1329.9413,68437,83359,Rhinolophus ferrumequinum,0.037,0.037,-1,Echolocation,/mnt/ubna_data_02_mir/recover-20220922/UBNA_001/20220921_090000.WAV,Telephone Field,recover-20220922,001,1795
1329.9405,1329.9506,46093,49955,Pipistrellus pipistrellus,0.027,0.028,-1,Echolocation,/mnt/ubna_data_02_mir/recover-20220922/UBNA_001/20220921_090000.WAV,Telephone Field,recover-20220922,001,1795
1329.9565,1329.9922,68437,82091,Rhinolophus ferrumequinum,0.024,0.024,-1,Echolocation,/mnt/ubna_data_02_mir/recover-20220922/UBNA_001/20220921_090000.WAV,Telephone Field,recover-20220922,001,1795
1329.9685,1329.9814,22890,27285,Nyctalus leisleri,0.015,0.027,-1,Echolocation,/mnt/ubna_data_02_mir/recover-20220922/UBNA_001/20220921_090000.WAV,Telephone Field,recover-20220922,001,1795
1329.9785,1329.9861,33203,41319,Myotis daubentonii,0.009,0.024,-1,Echolocation,/mnt/ubna_data_02_mir/recover-20220922/UBNA_001/20220921_090000.WAV,Telephone Field,recover-20220922,001,1795
1329.9805,1329.9941,22890,27773,Nyctalus leisleri,0.019,0.033,-1,Echolocation,/mnt/ubna_data_02_mir/recover-20220922/UBNA_001/20220921_090000.WAV,Telephone Field,recover-20220922,001,1795
1330.0015,1330.011,27187,39608,Eptesicus serotinus,0.011,0.028,-1,Echolocation,/mnt/ubna_data_02_mir/recover-20220922/UBNA_001/20220921_090000.WAV,Telephone Field,recover-20220922,001,1795
1330.0015,1330.0337,69296,80402,Rhinolophus ferrumequinum,0.04,0.04,-1,Echolocation,/mnt/ubna_data_02_mir/recover-20220922/UBNA_001/20220921_090000.WAV,Telephone Field,recover-20220922,001,1795
1330.0125,1330.0536,68437,82326,Rhinolophus ferrumequinum,0.023,0.023,-1,Echolocation,/mnt/ubna_data_02_mir/recover-20220922/UBNA_001/20220921_090000.WAV,Telephone Field,recover-20220922,001,1795
1330.0145,1330.0234,25468,34512,Eptesicus serotinus,0.013,0.035,-1,Echolocation,/mnt/ubna_data_02_mir/recover-20220922/UBNA_001/20220921_090000.WAV,Telephone Field,recover-20220922,001,1795
1330.0475,1330.0876,68437,82484,Rhinolophus ferrumequinum,0.025,0.025,-1,Echolocation,/mnt/ubna_data_02_mir/recover-20220922/UBNA_001/20220921_090000.WAV,Telephone Field,recover-20220922,001,1795
1330.0725,1330.0843,28046,35306,Eptesicus serotinus,0.013,0.026,-1,Echolocation,/mnt/ubna_data_02_mir/recover-20220922/UBNA_001/20220921_090000.WAV,Telephone Field,recover-20220922,001,1795
1330.0725,1330.1132,68437,82425,Rhinolophus ferrumequinum,0.024,0.024,-1,Echolocation,/mnt/ubna_data_02_mir/recover-20220922/UBNA_001/20220921_090000.WAV,Telephone Field,recover-20220922,001,1795
1330.0775,1330.1183,68437,83039,Rhinolophus ferrumequinum,0.024,0.024,-1,Echolocation,/mnt/ubna_data_02_mir/recover-20220922/UBNA_001/20220921_090000.WAV,Telephone Field,recover-20220922,001,1795
1330.0875,1330.0961,28046,38682,Eptesicus serotinus,0.009,0.024,-1,Echolocation,/mnt/ubna_data_02_mir/recover-20220922/UBNA_001/20220921_090000.WAV,Telephone Field,recover-20220922,001,1795
1330.0885,1330.1308,68437,82867,Rhinolophus ferrumequinum,0.024,0.024,-1,Echolocation,/mnt/ubna_data_02_mir/recover-20220922/UBNA_001/20220921_090000.WAV,Telephone Field,recover-20220922,001,1795
1330.0975,1330.1373,68437,83155,Rhinolophus ferrumequinum,0.026,0.026,-1,Echolocation,/mnt/ubna_data_02_mir/recover-20220922/UBNA_001/20220921_090000.WAV,Telephone Field,recover-20220922,001,1795
1330.0975,1330.1076,23750,30748,Nyctalus leisleri,0.008,0.023,-1,Echolocation,/mnt/ubna_data_02_mir/recover-20220922/UBNA_001/20220921_090000.WAV,Telephone Field,recover-20220922,001,1795
1330.1245,1330.1636,68437,82340,Rhinolophus ferrumequinum,0.022,0.022,-1,Echolocation,/mnt/ubna_data_02_mir/recover-20220922/UBNA_001/20220921_090000.WAV,Telephone Field,recover-20220922,001,1795
1330.1575,1330.1969,68437,82610,Rhinolophus ferrumequinum,0.022,0.022,-1,Echolocation,/mnt/ubna_data_02_mir/recover-20220922/UBNA_001/20220921_090000.WAV,Telephone Field,recover-20220922,001,1795
1330.1865,1330.1945,28046,38174,Eptesicus serotinus,0.01,0.028,-1,Echolocation,/mnt/ubna_data_02_mir/recover-20220922/UBNA_001/20220921_090000.WAV,Telephone Field,recover-20220922,001,1795
1330.2055,1330.243,68437,81059,Rhinolophus ferrumequinum,0.022,0.022,-1,Echolocation,/mnt/ubna_data_02_mir/recover-20220922/UBNA_001/20220921_090000.WAV,Telephone Field,recover-20220922,001,1795
1330.2115,1330.2487,68437,81486,Rhinolophus ferrumequinum,0.022,0.022,-1,Echolocation,/mnt/ubna_data_02_mir/recover-20220922/UBNA_001/20220921_090000.WAV,Telephone Field,recover-20220922,001,1795
1330.2315,1330.2704,68437,82704,Rhinolophus ferrumequinum,0.022,0.022,-1,Echolocation,/mnt/ubna_data_02_mir/recover-20220922/UBNA_001/20220921_090000.WAV,Telephone Field,recover-20220922,001,1795
1330.2385,1330.2494,29765,40331,Eptesicus serotinus,0.019,0.038,-1,Echolocation,/mnt/ubna_data_02_mir/recover-20220922/UBNA_001/20220921_090000.WAV,Telephone Field,recover-20220922,001,1795
1330.2605,1330.2677,24609,33735,Plecotus austriacus,0.008,0.025,-1,Echolocation,/mnt/ubna_data_02_mir/recover-20220922/UBNA_001/20220921_090000.WAV,Telephone Field,recover-20220922,001,1795
1330.2725,1330.3135,68437,82383,Rhinolophus ferrumequinum,0.022,0.022,-1,Echolocation,/mnt/ubna_data_02_mir/recover-20220922/UBNA_001/20220921_090000.WAV,Telephone Field,recover-20220922,001,1795
1330.2895,1330.327,68437,81467,Rhinolophus ferrumequinum,0.022,0.022,-1,Echolocation,/mnt/ubna_data_02_mir/recover-20220922/UBNA_001/20220921_090000.WAV,Telephone Field,recover-20220922,001,1795
1330.3115,1330.3214,23750,29637,Nyctalus leisleri,0.012,0.029,-1,Echolocation,/mnt/ubna_data_02_mir/recover-20220922/UBNA_001/20220921_090000.WAV,Telephone Field,recover-20220922,001,1795
1330.3305,1330.3672,68437,81618,Rhinolophus ferrumequinum,0.022,0.022,-1,Echolocation,/mnt/ubna_data_02_mir/recover-20220922/UBNA_001/20220921_090000.WAV,Telephone Field,recover-20220922,001,1795
1330.3455,1330.3551,22890,29704,Nyctalus leisleri,0.007,0.022,-1,Echolocation,/mnt/ubna_data_02_mir/recover-20220922/UBNA_001/20220921_090000.WAV,Telephone Field,recover-20220922,001,1795
1330.3455,1330.3527,28046,38430,Eptesicus serotinus,0.006,0.022,-1,Echolocation,/mnt/ubna_data_02_mir/recover-20220922/UBNA_001/20220921_090000.WAV,Telephone Field,recover-20220922,001,1795
1330.3575,1330.3977,68437,82589,Rhinolophus ferrumequinum,0.026,0.026,-1,Echolocation,/mnt/ubna_data_02_mir/recover-20220922/UBNA_001/20220921_090000.WAV,Telephone Field,recover-20220922,001,1795
1330.3885,1330.4298,68437,82511,Rhinolophus ferrumequinum,0.041,0.041,-1,Echolocation,/mnt/ubna_data_02_mir/recover-20220922/UBNA_001/20220921_090000.WAV,Telephone Field,recover-20220922,001,1795
1330.4275,1330.4367,28906,37923,Eptesicus serotinus,0.013,0.028,-1,Echolocation,/mnt/ubna_data_02_mir/recover-20220922/UBNA_001/20220921_090000.WAV,Telephone Field,recover-20220922,001,1795
1330.4535,1330.4933,68437,82017,Rhinolophus ferrumequinum,0.021,0.021,-1,Echolocation,/mnt/ubna_data_02_mir/recover-20220922/UBNA_001/20220921_090000.WAV,Telephone Field,recover-20220922,001,1795
1330.4705,1330.4792,28046,36883,Eptesicus serotinus,0.011,0.028,-1,Echolocation,/mnt/ubna_data_02_mir/recover-20220922/UBNA_001/20220921_090000.WAV,Telephone Field,recover-20220922,001,1795
1330.4955,1330.5392,68437,83191,Rhinolophus ferrumequinum,0.04,0.04,-1,Echolocation,/mnt/ubna_data_02_mir/recover-20220922/UBNA_001/20220921_090000.WAV,Telephone Field,recover-20220922,001,1795
1330.5225,1330.5587,68437,81458,Rhinolophus ferrumequinum,0.022,0.022,-1,Echolocation,/mnt/ubna_data_02_mir/recover-20220922/UBNA_001/20220921_090000.WAV,Telephone Field,recover-20220922,001,1795
1330.5275,1330.5377,24609,32415,Eptesicus serotinus,0.011,0.029,-1,Echolocation,/mnt/ubna_data_02_mir/recover-20220922/UBNA_001/20220921_090000.WAV,Telephone Field,recover-20220922,001,1795
1330.5425,1330.5768,68437,81022,Rhinolophus ferrumequinum,0.024,0.024,-1,Echolocation,/mnt/ubna_data_02_mir/recover-20220922/UBNA_001/20220921_090000.WAV,Telephone Field,recover-20220922,001,1795
1330.5635,1330.6028,68437,82325,Rhinolophus ferrumequinum,0.023,0.023,-1,Echolocation,/mnt/ubna_data_02_mir/recover-20220922/UBNA_001/20220921_090000.WAV,Telephone Field,recover-20220922,001,1795
1330.5745,1330.6158,68437,82762,Rhinolophus ferrumequinum,0.022,0.022,-1,Echolocation,/mnt/ubna_data_02_mir/recover-20220922/UBNA_001/20220921_090000.WAV,Telephone Field,recover-20220922,001,1795
1330.5755,1330.5862,23750,28553,Nyctalus leisleri,0.01,0.021,-1,Echolocation,/mnt/ubna_data_02_mir/recover-20220922/UBNA_001/20220921_090000.WAV,Telephone Field,recover-20220922,001,1795
1330.5855,1330.6221,68437,81949,Rhinolophus ferrumequinum,0.021,0.022,-1,Echolocation,/mnt/ubna_data_02_mir/recover-20220922/UBNA_001/20220921_090000.WAV,Telephone Field,recover-20220922,001,1795
1330.5875,1330.595,26328,41829,Eptesicus serotinus,0.008,0.026,-1,Echolocation,/mnt/ubna_data_02_mir/recover-20220922/UBNA_001/20220921_090000.WAV,Telephone Field,recover-20220922,001,1795
1330.6045,1330.6438,68437,81810,Rhinolophus ferrumequinum,0.023,0.023,-1,Echolocation,/mnt/ubna_data_02_mir/recover-20220922/UBNA_001/20220921_090000.WAV,Telephone Field,recover-20220922,001,1795
1330.6465,1330.6851,68437,82259,Rhinolophus ferrumequinum,0.022,0.022,-1,Echolocation,/mnt/ubna_data_02_mir/recover-20220922/UBNA_001/20220921_090000.WAV,Telephone Field,recover-20220922,001,1795
1330.6875,1330.7234,68437,80024,Rhinolophus ferrumequinum,0.049,0.049,-1,Echolocation,/mnt/ubna_data_02_mir/recover-20220922/UBNA_001/20220921_090000.WAV,Telephone Field,recover-20220922,001,1795
1330.7025,1330.7393,68437,81483,Rhinolophus ferrumequinum,0.022,0.022,-1,Echolocation,/mnt/ubna_data_02_mir/recover-20220922/UBNA_001/20220921_090000.WAV,Telephone Field,recover-20220922,001,1795
1330.7045,1330.7137,24609,32684,Eptesicus serotinus,0.006,0.022,-1,Echolocation,/mnt/ubna_data_02_mir/recover-20220922/UBNA_001/20220921_090000.WAV,Telephone Field,recover-20220922,001,1795
1330.7065,1330.7113,40937,55764,Myotis daubentonii,0.006,0.024,-1,Echolocation,/mnt/ubna_data_02_mir/recover-20220922/UBNA_001/20220921_090000.WAV,Telephone Field,recover-20220922,001,1795
1330.7955,1330.8345,68437,82081,Rhinolophus ferrumequinum,0.023,0.023,-1,Echolocation,/mnt/ubna_data_02_mir/recover-20220922/UBNA_001/20220921_090000.WAV,Telephone Field,recover-20220922,001,1795
1330.7965,1330.8029,25468,35690,Plecotus auritus,0.052,0.121,-1,Echolocation,/mnt/ubna_data_02_mir/recover-20220922/UBNA_001/20220921_090000.WAV,Telephone Field,recover-20220922,001,1795
1330.8215,1330.8559,68437,81558,Rhinolophus ferrumequinum,0.022,0.022,-1,Echolocation,/mnt/ubna_data_02_mir/recover-20220922/UBNA_001/20220921_090000.WAV,Telephone Field,recover-20220922,001,1795
1330.8325,1330.8403,51250,56165,Pipistrellus pipistrellus,0.023,0.028,-1,Echolocation,/mnt/ubna_data_02_mir/recover-20220922/UBNA_001/20220921_090000.WAV,Telephone Field,recover-20220922,001,1795
1330.8325,1330.8402,28046,38998,Eptesicus serotinus,0.01,0.028,-1,Echolocation,/mnt/ubna_data_02_mir/recover-20220922/UBNA_001/20220921_090000.WAV,Telephone Field,recover-20220922,001,1795
1330.8775,1330.9176,68437,82408,Rhinolophus ferrumequinum,0.025,0.025,-1,Echolocation,/mnt/ubna_data_02_mir/recover-20220922/UBNA_001/20220921_090000.WAV,Telephone Field,recover-20220922,001,1795
1330.9055,1330.9163,28046,34223,Eptesicus serotinus,0.12,0.187,-1,Echolocation,/mnt/ubna_data_02_mir/recover-20220922/UBNA_001/20220921_090000.WAV,Telephone Field,recover-20220922,001,1795
1330.9645,1331.0079,68437,83068,Rhinolophus ferrumequinum,0.036,0.036,-1,Echolocation,/mnt/ubna_data_02_mir/recover-20220922/UBNA_001/20220921_090000.WAV,Telephone Field,recover-20220922,001,1795
1331.0165,1331.054,68437,82434,Rhinolophus ferrumequinum,0.024,0.024,-1,Echolocation,/mnt/ubna_data_02_mir/recover-20220922/UBNA_001/20220921_090000.WAV,Telephone Field,recover-20220922,001,1795
1331.0315,1331.0729,68437,82664,Rhinolophus ferrumequinum,0.025,0.025,-1,Echolocation,/mnt/ubna_data_02_mir/recover-20220922/UBNA_001/20220921_090000.WAV,Telephone Field,recover-20220922,001,1795
1331.0905,1331.1301,68437,82209,Rhinolophus ferrumequinum,0.021,0.021,-1,Echolocation,/mnt/ubna_data_02_mir/recover-20220922/UBNA_001/20220921_090000.WAV,Telephone Field,recover-20220922,001,1795
1331.1045,1331.1407,68437,82017,Rhinolophus ferrumequinum,0.022,0.022,-1,Echolocation,/mnt/ubna_data_02_mir/recover-20220922/UBNA_001/20220921_090000.WAV,Telephone Field,recover-20220922,001,1795
1331.1115,1331.1186,25468,35185,Plecotus austriacus,0.007,0.027,-1,Echolocation,/mnt/ubna_data_02_mir/recover-20220922/UBNA_001/20220921_090000.WAV,Telephone Field,recover-20220922,001,1795
1331.1535,1331.1708,20312,23721,Nyctalus leisleri,0.017,0.03,-1,Echolocation,/mnt/ubna_data_02_mir/recover-20220922/UBNA_001/20220921_090000.WAV,Telephone Field,recover-20220922,001,1795
1331.1735,1331.2141,68437,82553,Rhinolophus ferrumequinum,0.024,0.024,-1,Echolocation,/mnt/ubna_data_02_mir/recover-20220922/UBNA_001/20220921_090000.WAV,Telephone Field,recover-20220922,001,1795
1331.1835,1331.1904,27187,41597,Eptesicus serotinus,0.007,0.025,-1,Echolocation,/mnt/ubna_data_02_mir/recover-20220922/UBNA_001/20220921_090000.WAV,Telephone Field,recover-20220922,001,1795
1331.1835,1331.1897,32343,45010,Myotis daubentonii,0.011,0.024,-1,Echolocation,/mnt/ubna_data_02_mir/recover-20220922/UBNA_001/20220921_090000.WAV,Telephone Field,recover-20220922,001,1795
1331.1995,1331.2083,24609,32212,Eptesicus serotinus,0.007,0.024,-1,Echolocation,/mnt/ubna_data_02_mir/recover-20220922/UBNA_001/20220921_090000.WAV,Telephone Field,recover-20220922,001,1795
1331.2065,1331.2414,68437,81343,Rhinolophus ferrumequinum,0.023,0.023,-1,Echolocation,/mnt/ubna_data_02_mir/recover-20220922/UBNA_001/20220921_090000.WAV,Telephone Field,recover-20220922,001,1795
1331.2485,1331.2895,68437,83156,Rhinolophus ferrumequinum,0.031,0.031,-1,Echolocation,/mnt/ubna_data_02_mir/recover-20220922/UBNA_001/20220921_090000.WAV,Telephone Field,recover-20220922,001,1795
1331.2505,1331.2563,38359,50046,Myotis daubentonii,0.014,0.032,-1,Echolocation,/mnt/ubna_data_02_mir/recover-20220922/UBNA_001/20220921_090000.WAV,Telephone Field,recover-20220922,001,1795
1331.2585,1331.2696,28906,34934,Eptesicus serotinus,0.009,0.024,-1,Echolocation,/mnt/ubna_data_02_mir/recover-20220922/UBNA_001/20220921_090000.WAV,Telephone Field,recover-20220922,001,1795
1331.2795,1331.3191,68437,82636,Rhinolophus ferrumequinum,0.033,0.033,-1,Echolocation,/mnt/ubna_data_02_mir/recover-20220922/UBNA_001/20220921_090000.WAV,Telephone Field,recover-20220922,001,1795
1331.2825,1331.2907,25468,34416,Eptesicus serotinus,0.008,0.022,-1,Echolocation,/mnt/ubna_data_02_mir/recover-20220922/UBNA_001/20220921_090000.WAV,Telephone Field,recover-20220922,001,1795
1331.3415,1331.3789,68437,81822,Rhinolophus ferrumequinum,0.023,0.023,-1,Echolocation,/mnt/ubna_data_02_mir/recover-20220922/UBNA_001/20220921_090000.WAV,Telephone Field,recover-20220922,001,1795
1331.3795,1331.4201,68437,82390,Rhinolophus ferrumequinum,0.024,0.024,-1,Echolocation,/mnt/ubna_data_02_mir/recover-20220922/UBNA_001/20220921_090000.WAV,Telephone Field,recover-20220922,001,1795
1331.3925,1331.4333,68437,82816,Rhinolophus ferrumequinum,0.023,0.023,-1,Echolocation,/mnt/ubna_data_02_mir/recover-20220922/UBNA_001/20220921_090000.WAV,Telephone Field,recover-20220922,001,1795
1331.4395,1331.4815,68437,83106,Rhinolophus ferrumequinum,0.024,0.024,-1,Echolocation,/mnt/ubna_data_02_mir/recover-20220922/UBNA_001/20220921_090000.WAV,Telephone Field,recover-20220922,001,1795
1331.5125,1331.5226,22890,29036,Nyctalus leisleri,0.008,0.024,-1,Echolocation,/mnt/ubna_data_02_mir/recover-20220922/UBNA_001/20220921_090000.WAV,Telephone Field,recover-20220922,001,1795
1331.5415,1331.5517,28906,37369,Eptesicus serotinus,0.012,0.026,-1,Echolocation,/mnt/ubna_data_02_mir/recover-20220922/UBNA_001/20220921_090000.WAV,Telephone Field,recover-20220922,001,1795
1331.5605,1331.5987,68437,81879,Rhinolophus ferrumequinum,0.021,0.021,-1,Echolocation,/mnt/ubna_data_02_mir/recover-20220922/UBNA_001/20220921_090000.WAV,Telephone Field,recover-20220922,001,1795
1331.5855,1331.6273,68437,82666,Rhinolophus ferrumequinum,0.021,0.021,-1,Echolocation,/mnt/ubna_data_02_mir/recover-20220922/UBNA_001/20220921_090000.WAV,Telephone Field,recover-20220922,001,1795
1331.5975,1331.641,68437,83255,Rhinolophus ferrumequinum,0.023,0.023,-1,Echolocation,/mnt/ubna_data_02_mir/recover-20220922/UBNA_001/20220921_090000.WAV,Telephone Field,recover-20220922,001,1795
1331.5985,1331.6078,45234,52950,Pipistrellus pipistrellus,0.016,0.022,-1,Echolocation,/mnt/ubna_data_02_mir/recover-20220922/UBNA_001/20220921_090000.WAV,Telephone Field,recover-20220922,001,1795
1331.6085,1331.6175,23750,30876,Plecotus austriacus,0.007,0.025,-1,Echolocation,/mnt/ubna_data_02_mir/recover-20220922/UBNA_001/20220921_090000.WAV,Telephone Field,recover-20220922,001,1795
1331.6325,1331.6732,68437,82707,Rhinolophus ferrumequinum,0.026,0.026,-1,Echolocation,/mnt/ubna_data_02_mir/recover-20220922/UBNA_001/20220921_090000.WAV,Telephone Field,recover-20220922,001,1795
1331.6415,1331.6821,68437,82533,Rhinolophus ferrumequinum,0.021,0.021,-1,Echolocation,/mnt/ubna_data_02_mir/recover-20220922/UBNA_001/20220921_090000.WAV,Telephone Field,recover-20220922,001,1795
1331.6535,1331.6929,68437,82067,Rhinolophus ferrumequinum,0.022,0.022,-1,Echolocation,/mnt/ubna_data_02_mir/recover-20220922/UBNA_001/20220921_090000.WAV,Telephone Field,recover-20220922,001,1795
1331.6665,1331.6745,28046,36923,Eptesicus serotinus,0.011,0.026,-1,Echolocation,/mnt/ubna_data_02_mir/recover-20220922/UBNA_001/20220921_090000.WAV,Telephone Field,recover-20220922,001,1795
1331.6755,1331.69,16015,21402,Nyctalus noctula,0.02,0.03,-1,Echolocation,/mnt/ubna_data_02_mir/recover-20220922/UBNA_001/20220921_090000.WAV,Telephone Field,recover-20220922,001,1795
1331.6775,1331.7202,68437,82897,Rhinolophus ferrumequinum,0.028,0.028,-1,Echolocation,/mnt/ubna_data_02_mir/recover-20220922/UBNA_001/20220921_090000.WAV,Telephone Field,recover-20220922,001,1795
1331.6835,1331.7257,68437,82652,Rhinolophus ferrumequinum,0.028,0.028,-1,Echolocation,/mnt/ubna_data_02_mir/recover-20220922/UBNA_001/20220921_090000.WAV,Telephone Field,recover-20220922,001,1795
1331.7115,1331.7185,24609,34282,Plecotus austriacus,0.013,0.036,-1,Echolocation,/mnt/ubna_data_02_mir/recover-20220922/UBNA_001/20220921_090000.WAV,Telephone Field,recover-20220922,001,1795
1331.7585,1331.7668,26328,35502,Eptesicus serotinus,0.008,0.023,-1,Echolocation,/mnt/ubna_data_02_mir/recover-20220922/UBNA_001/20220921_090000.WAV,Telephone Field,recover-20220922,001,1795
1331.7615,1331.7975,68437,81506,Rhinolophus ferrumequinum,0.022,0.022,-1,Echolocation,/mnt/ubna_data_02_mir/recover-20220922/UBNA_001/20220921_090000.WAV,Telephone Field,recover-20220922,001,1795
1331.7865,1331.8091,19453,22543,Nyctalus noctula,0.044,0.08,-1,Echolocation,/mnt/ubna_data_02_mir/recover-20220922/UBNA_001/20220921_090000.WAV,Telephone Field,recover-20220922,001,1795
1331.8115,1331.8474,68437,81762,Rhinolophus ferrumequinum,0.024,0.024,-1,Echolocation,/mnt/ubna_data_02_mir/recover-20220922/UBNA_001/20220921_090000.WAV,Telephone Field,recover-20220922,001,1795
1331.8375,1331.8787,68437,82664,Rhinolophus ferrumequinum,0.022,0.022,-1,Echolocation,/mnt/ubna_data_02_mir/recover-20220922/UBNA_001/20220921_090000.WAV,Telephone Field,recover-20220922,001,1795
1331.8735,1331.9123,68437,81793,Rhinolophus ferrumequinum,0.022,0.022,-1,Echolocation,/mnt/ubna_data_02_mir/recover-20220922/UBNA_001/20220921_090000.WAV,Telephone Field,recover-20220922,001,1795
1331.8815,1331.8933,30625,35916,Eptesicus serotinus,0.017,0.034,-1,Echolocation,/mnt/ubna_data_02_mir/recover-20220922/UBNA_001/20220921_090000.WAV,Telephone Field,recover-20220922,001,1795
1331.8885,1331.9267,68437,82243,Rhinolophus ferrumequinum,0.028,0.028,-1,Echolocation,/mnt/ubna_data_02_mir/recover-20220922/UBNA_001/20220921_090000.WAV,Telephone Field,recover-20220922,001,1795
1331.8985,1331.9342,68437,81053,Rhinolophus ferrumequinum,0.024,0.024,-1,Echolocation,/mnt/ubna_data_02_mir/recover-20220922/UBNA_001/20220921_090000.WAV,Telephone Field,recover-20220922,001,1795
1331.9195,1331.9304,23750,29689,Nyctalus leisleri,0.012,0.026,-1,Echolocation,/mnt/ubna_data_02_mir/recover-20220922/UBNA_001/20220921_090000.WAV,Telephone Field,recover-20220922,001,1795
1331.9335,1331.9711,68437,81702,Rhinolophus ferrumequinum,0.029,0.029,-1,Echolocation,/mnt/ubna_data_02_mir/recover-20220922/UBNA_001/20220921_090000.WAV,Telephone Field,recover-20220922,001,1795
1331.9675,1331.9756,23750,31513,Plecotus austriacus,0.008,0.022,-1,Echolocation,/mnt/ubna_data_02_mir/recover-20220922/UBNA_001/20220921_090000.WAV,Telephone Field,recover-20220922,001,1795
1331.9675,1331.9747,28906,37803,Eptesicus serotinus,0.007,0.023,-1,Echolocation,/mnt/ubna_data_02_mir/recover-20220922/UBNA_001/20220921_090000.WAV,Telephone Field,recover-20220922,001,1795
1332.0015,1332.0104,24609,34502,Nyctalus leisleri,0.008,0.027,-1,Echolocation,/mnt/ubna_data_02_mir/recover-20220922/UBNA_001/20220921_090000.WAV,Telephone Field,recover-20220922,001,1795
1332.0015,1332.0376,68437,80397,Rhinolophus ferrumequinum,0.037,0.037,-1,Echolocation,/mnt/ubna_data_02_mir/recover-20220922/UBNA_001/20220921_090000.WAV,Telephone Field,recover-20220922,001,1795
1332.0015,1332.0157,20312,25060,Nyctalus leisleri,0.011,0.026,-1,Echolocation,/mnt/ubna_data_02_mir/recover-20220922/UBNA_001/20220921_090000.WAV,Telephone Field,recover-20220922,001,1795
1332.0015,1332.0099,48671,55613,Pipistrellus pipistrellus,0.019,0.025,-1,Echolocation,/mnt/ubna_data_02_mir/recover-20220922/UBNA_001/20220921_090000.WAV,Telephone Field,recover-20220922,001,1795
1332.0075,1332.0514,68437,82793,Rhinolophus ferrumequinum,0.023,0.023,-1,Echolocation,/mnt/ubna_data_02_mir/recover-20220922/UBNA_001/20220921_090000.WAV,Telephone Field,recover-20220922,001,1795
1332.0155,1332.0574,68437,82869,Rhinolophus ferrumequinum,0.023,0.023,-1,Echolocation,/mnt/ubna_data_02_mir/recover-20220922/UBNA_001/20220921_090000.WAV,Telephone Field,recover-20220922,001,1795
1332.0195,1332.0274,27187,37596,Eptesicus serotinus,0.006,0.021,-1,Echolocation,/mnt/ubna_data_02_mir/recover-20220922/UBNA_001/20220921_090000.WAV,Telephone Field,recover-20220922,001,1795
1332.0425,1332.0524,22031,27543,Nyctalus leisleri,0.009,0.023,-1,Echolocation,/mnt/ubna_data_02_mir/recover-20220922/UBNA_001/20220921_090000.WAV,Telephone Field,recover-20220922,001,1795
1332.0555,1332.0941,68437,82108,Rhinolophus ferrumequinum,0.03,0.03,-1,Echolocation,/mnt/ubna_data_02_mir/recover-20220922/UBNA_001/20220921_090000.WAV,Telephone Field,recover-20220922,001,1795
1332.0635,1332.1,68437,81729,Rhinolophus ferrumequinum,0.023,0.024,-1,Echolocation,/mnt/ubna_data_02_mir/recover-20220922/UBNA_001/20220921_090000.WAV,Telephone Field,recover-20220922,001,1795
1332.0735,1332.1108,68437,81857,Rhinolophus ferrumequinum,0.031,0.031,-1,Echolocation,/mnt/ubna_data_02_mir/recover-20220922/UBNA_001/20220921_090000.WAV,Telephone Field,recover-20220922,001,1795
1332.0755,1332.0855,45234,52939,Pipistrellus pipistrellus,0.017,0.024,-1,Echolocation,/mnt/ubna_data_02_mir/recover-20220922/UBNA_001/20220921_090000.WAV,Telephone Field,recover-20220922,001,1795
1332.0965,1332.1327,68437,81355,Rhinolophus ferrumequinum,0.021,0.021,-1,Echolocation,/mnt/ubna_data_02_mir/recover-20220922/UBNA_001/20220921_090000.WAV,Telephone Field,recover-20220922,001,1795
1332.0995,1332.1067,27187,40006,Eptesicus serotinus,0.006,0.021,-1,Echolocation,/mnt/ubna_data_02_mir/recover-20220922/UBNA_001/20220921_090000.WAV,Telephone Field,recover-20220922,001,1795
1332.1035,1332.1227,19453,22419,Nyctalus leisleri,0.016,0.03,-1,Echolocation,/mnt/ubna_data_02_mir/recover-20220922/UBNA_001/20220921_090000.WAV,Telephone Field,recover-20220922,001,1795
1332.1185,1332.1589,68437,82591,Rhinolophus ferrumequinum,0.029,0.029,-1,Echolocation,/mnt/ubna_data_02_mir/recover-20220922/UBNA_001/20220921_090000.WAV,Telephone Field,recover-20220922,001,1795
1332.2645,1332.3037,68437,82503,Rhinolophus ferrumequinum,0.023,0.023,-1,Echolocation,/mnt/ubna_data_02_mir/recover-20220922/UBNA_001/20220921_090000.WAV,Telephone Field,recover-20220922,001,1795
1332.2905,1332.2982,27187,36807,Eptesicus serotinus,0.007,0.023,-1,Echolocation,/mnt/ubna_data_02_mir/recover-20220922/UBNA_001/20220921_090000.WAV,Telephone Field,recover-20220922,001,1795
1332.3085,1332.3195,24609,30722,Nyctalus leisleri,0.012,0.028,-1,Echolocation,/mnt/ubna_data_02_mir/recover-20220922/UBNA_001/20220921_090000.WAV,Telephone Field,recover-20220922,001,1795
1332.3305,1332.3463,14296,18439,Nyctalus noctula,0.018,0.027,-1,Echolocation,/mnt/ubna_data_02_mir/recover-20220922/UBNA_001/20220921_090000.WAV,Telephone Field,recover-20220922,001,1795
1332.3315,1332.3749,68437,83615,Rhinolophus ferrumequinum,0.027,0.027,-1,Echolocation,/mnt/ubna_data_02_mir/recover-20220922/UBNA_001/20220921_090000.WAV,Telephone Field,recover-20220922,001,1795
1332.3585,1332.3998,68437,82344,Rhinolophus ferrumequinum,0.025,0.025,-1,Echolocation,/mnt/ubna_data_02_mir/recover-20220922/UBNA_001/20220921_090000.WAV,Telephone Field,recover-20220922,001,1795
1332.3845,1332.4236,68437,82810,Rhinolophus ferrumequinum,0.027,0.027,-1,Echolocation,/mnt/ubna_data_02_mir/recover-20220922/UBNA_001/20220921_090000.WAV,Telephone Field,recover-20220922,001,1795
1332.3905,1332.4267,68437,81697,Rhinolophus ferrumequinum,0.025,0.025,-1,Echolocation,/mnt/ubna_data_02_mir/recover-20220922/UBNA_001/20220921_090000.WAV,Telephone Field,recover-20220922,001,1795
1332.3945,1332.4025,23750,32460,Plecotus austriacus,0.01,0.025,-1,Echolocation,/mnt/ubna_data_02_mir/recover-20220922/UBNA_001/20220921_090000.WAV,Telephone Field,recover-20220922,001,1795
1332.4145,1332.422,27187,40045,Eptesicus serotinus,0.007,0.023,-1,Echolocation,/mnt/ubna_data_02_mir/recover-20220922/UBNA_001/20220921_090000.WAV,Telephone Field,recover-20220922,001,1795
1332.4215,1332.4618,68437,82414,Rhinolophus ferrumequinum,0.038,0.038,-1,Echolocation,/mnt/ubna_data_02_mir/recover-20220922/UBNA_001/20220921_090000.WAV,Telephone Field,recover-20220922,001,1795
1332.4305,1332.4413,28046,35188,Eptesicus serotinus,0.01,0.023,-1,Echolocation,/mnt/ubna_data_02_mir/recover-20220922/UBNA_001/20220921_090000.WAV,Telephone Field,recover-20220922,001,1795
1332.4335,1332.4407,56406,62858,Pipistrellus pygmaeus,0.025,0.025,-1,Echolocation,/mnt/ubna_data_02_mir/recover-20220922/UBNA_001/20220921_090000.WAV,Telephone Field,recover-20220922,001,1795
1332.4375,1332.4472,28046,36092,Eptesicus serotinus,0.008,0.024,-1,Echolocation,/mnt/ubna_data_02_mir/recover-20220922/UBNA_001/20220921_090000.WAV,Telephone Field,recover-20220922,001,1795
1332.4665,1332.4745,28046,39641,Eptesicus serotinus,0.008,0.023,-1,Echolocation,/mnt/ubna_data_02_mir/recover-20220922/UBNA_001/20220921_090000.WAV,Telephone Field,recover-20220922,001,1795
1332.4715,1332.5113,68437,83009,Rhinolophus ferrumequinum,0.024,0.024,-1,Echolocation,/mnt/ubna_data_02_mir/recover-20220922/UBNA_001/20220921_090000.WAV,Telephone Field,recover-20220922,001,1795
1332.4895,1332.5271,68437,82836,Rhinolophus ferrumequinum,0.022,0.022,-1,Echolocation,/mnt/ubna_data_02_mir/recover-20220922/UBNA_001/20220921_090000.WAV,Telephone Field,recover-20220922,001,1795
1332.5545,1332.5649,28046,36395,Eptesicus serotinus,0.012,0.027,-1,Echolocation,/mnt/ubna_data_02_mir/recover-20220922/UBNA_001/20220921_090000.WAV,Telephone Field,recover-20220922,001,1795
1332.5585,1332.6002,68437,82859,Rhinolophus ferrumequinum,0.037,0.037,-1,Echolocation,/mnt/ubna_data_02_mir/recover-20220922/UBNA_001/20220921_090000.WAV,Telephone Field,recover-20220922,001,1795
1332.6715,1332.7109,68437,82727,Rhinolophus ferrumequinum,0.027,0.027,-1,Echolocation,/mnt/ubna_data_02_mir/recover-20220922/UBNA_001/20220921_090000.WAV,Telephone Field,recover-20220922,001,1795
1332.6935,1332.7045,23750,30022,Nyctalus leisleri,0.009,0.022,-1,Echolocation,/mnt/ubna_data_02_mir/recover-20220922/UBNA_001/20220921_090000.WAV,Telephone Field,recover-20220922,001,1795
1332.7005,1332.7111,23750,29674,Nyctalus leisleri,0.01,0.023,-1,Echolocation,/mnt/ubna_data_02_mir/recover-20220922/UBNA_001/20220921_090000.WAV,Telephone Field,recover-20220922,001,1795
1332.7315,1332.7403,25468,34060,Eptesicus serotinus,0.009,0.023,-1,Echolocation,/mnt/ubna_data_02_mir/recover-20220922/UBNA_001/20220921_090000.WAV,Telephone Field,recover-20220922,001,1795
1332.7755,1332.8161,68437,82580,Rhinolophus ferrumequinum,0.025,0.025,-1,Echolocation,/mnt/ubna_data_02_mir/recover-20220922/UBNA_001/20220921_090000.WAV,Telephone Field,recover-20220922,001,1795
1332.7975,1332.8062,23750,31028,Plecotus austriacus,0.008,0.022,-1,Echolocation,/mnt/ubna_data_02_mir/recover-20220922/UBNA_001/20220921_090000.WAV,Telephone Field,recover-20220922,001,1795
1332.8055,1332.8454,68437,82564,Rhinolophus ferrumequinum,0.023,0.023,-1,Echolocation,/mnt/ubna_data_02_mir/recover-20220922/UBNA_001/20220921_090000.WAV,Telephone Field,recover-20220922,001,1795
1332.8125,1332.8494,68437,82088,Rhinolophus ferrumequinum,0.021,0.021,-1,Echolocation,/mnt/ubna_data_02_mir/recover-20220922/UBNA_001/20220921_090000.WAV,Telephone Field,recover-20220922,001,1795
1332.8345,1332.8729,68437,81180,Rhinolophus ferrumequinum,0.022,0.022,-1,Echolocation,/mnt/ubna_data_02_mir/recover-20220922/UBNA_001/20220921_090000.WAV,Telephone Field,recover-20220922,001,1795
1332.8635,1332.8714,23750,32028,Plecotus austriacus,0.007,0.022,-1,Echolocation,/mnt/ubna_data_02_mir/recover-20220922/UBNA_001/20220921_090000.WAV,Telephone Field,recover-20220922,001,1795
1332.8825,1332.9179,68437,81373,Rhinolophus ferrumequinum,0.021,0.021,-1,Echolocation,/mnt/ubna_data_02_mir/recover-20220922/UBNA_001/20220921_090000.WAV,Telephone Field,recover-20220922,001,1795
1332.9025,1332.9394,68437,81202,Rhinolophus ferrumequinum,0.021,0.022,-1,Echolocation,/mnt/ubna_data_02_mir/recover-20220922/UBNA_001/20220921_090000.WAV,Telephone Field,recover-20220922,001,1795
1332.9275,1332.9387,28046,33944,Eptesicus serotinus,0.009,0.022,-1,Echolocation,/mnt/ubna_data_02_mir/recover-20220922/UBNA_001/20220921_090000.WAV,Telephone Field,recover-20220922,001,1795
1332.9865,1332.9983,37500,41195,Pipistrellus nathusii,0.023,0.031,-1,Echolocation,/mnt/ubna_data_02_mir/recover-20220922/UBNA_001/20220921_090000.WAV,Telephone Field,recover-20220922,001,1795
1333.0535,1333.0859,68437,80548,Rhinolophus ferrumequinum,0.022,0.022,-1,Echolocation,/mnt/ubna_data_02_mir/recover-20220922/UBNA_001/20220921_090000.WAV,Telephone Field,recover-20220922,001,1795
1333.0545,1333.0632,27187,38388,Eptesicus serotinus,0.008,0.023,-1,Echolocation,/mnt/ubna_data_02_mir/recover-20220922/UBNA_001/20220921_090000.WAV,Telephone Field,recover-20220922,001,1795
1333.1245,1333.1636,68437,82061,Rhinolophus ferrumequinum,0.022,0.022,-1,Echolocation,/mnt/ubna_data_02_mir/recover-20220922/UBNA_001/20220921_090000.WAV,Telephone Field,recover-20220922,001,1795
1333.1395,1333.1483,27187,36950,Eptesicus serotinus,0.008,0.021,-1,Echolocation,/mnt/ubna_data_02_mir/recover-20220922/UBNA_001/20220921_090000.WAV,Telephone Field,recover-20220922,001,1795
1333.1405,1333.1803,68437,82579,Rhinolophus ferrumequinum,0.025,0.025,-1,Echolocation,/mnt/ubna_data_02_mir/recover-20220922/UBNA_001/20220921_090000.WAV,Telephone Field,recover-20220922,001,1795
1333.1815,1333.1908,28046,36754,Eptesicus serotinus,0.009,0.023,-1,Echolocation,/mnt/ubna_data_02_mir/recover-20220922/UBNA_001/20220921_090000.WAV,Telephone Field,recover-20220922,001,1795
1333.1875,1333.1945,28046,39705,Eptesicus serotinus,0.006,0.023,-1,Echolocation,/mnt/ubna_data_02_mir/recover-20220922/UBNA_001/20220921_090000.WAV,Telephone Field,recover-20220922,001,1795
1333.1985,1333.238,68437,82847,Rhinolophus ferrumequinum,0.028,0.028,-1,Echolocation,/mnt/ubna_data_02_mir/recover-20220922/UBNA_001/20220921_090000.WAV,Telephone Field,recover-20220922,001,1795
1333.2065,1333.2463,68437,81989,Rhinolophus ferrumequinum,0.023,0.023,-1,Echolocation,/mnt/ubna_data_02_mir/recover-20220922/UBNA_001/20220921_090000.WAV,Telephone Field,recover-20220922,001,1795
1333.2095,1333.217,28046,39555,Eptesicus serotinus,0.006,0.023,-1,Echolocation,/mnt/ubna_data_02_mir/recover-20220922/UBNA_001/20220921_090000.WAV,Telephone Field,recover-20220922,001,1795
1333.2115,1333.2513,68437,81968,Rhinolophus ferrumequinum,0.022,0.022,-1,Echolocation,/mnt/ubna_data_02_mir/recover-20220922/UBNA_001/20220921_090000.WAV,Telephone Field,recover-20220922,001,1795
1333.2195,1333.2594,68437,82326,Rhinolophus ferrumequinum,0.024,0.024,-1,Echolocation,/mnt/ubna_data_02_mir/recover-20220922/UBNA_001/20220921_090000.WAV,Telephone Field,recover-20220922,001,1795
1333.2425,1333.2521,28046,37965,Eptesicus serotinus,0.01,0.025,-1,Echolocation,/mnt/ubna_data_02_mir/recover-20220922/UBNA_001/20220921_090000.WAV,Telephone Field,recover-20220922,001,1795
1333.2655,1333.3057,68437,82358,Rhinolophus ferrumequinum,0.025,0.025,-1,Echolocation,/mnt/ubna_data_02_mir/recover-20220922/UBNA_001/20220921_090000.WAV,Telephone Field,recover-20220922,001,1795
1333.2775,1333.2874,24609,32431,Eptesicus serotinus,0.009,0.025,-1,Echolocation,/mnt/ubna_data_02_mir/recover-20220922/UBNA_001/20220921_090000.WAV,Telephone Field,recover-20220922,001,1795
1333.2815,1333.3185,68437,82111,Rhinolophus ferrumequinum,0.022,0.022,-1,Echolocation,/mnt/ubna_data_02_mir/recover-20220922/UBNA_001/20220921_090000.WAV,Telephone Field,recover-20220922,001,1795
1333.2995,1333.3096,22890,29190,Nyctalus leisleri,0.008,0.021,-1,Echolocation,/mnt/ubna_data_02_mir/recover-20220922/UBNA_001/20220921_090000.WAV,Telephone Field,recover-20220922,001,1795
1333.3175,1333.3582,68437,82907,Rhinolophus ferrumequinum,0.026,0.026,-1,Echolocation,/mnt/ubna_data_02_mir/recover-20220922/UBNA_001/20220921_090000.WAV,Telephone Field,recover-20220922,001,1795
1333.3295,1333.3657,68437,81231,Rhinolophus ferrumequinum,0.022,0.022,-1,Echolocation,/mnt/ubna_data_02_mir/recover-20220922/UBNA_001/20220921_090000.WAV,Telephone Field,recover-20220922,001,1795
1333.3465,1333.384,68437,81564,Rhinolophus ferrumequinum,0.027,0.027,-1,Echolocation,/mnt/ubna_data_02_mir/recover-20220922/UBNA_001/20220921_090000.WAV,Telephone Field,recover-20220922,001,1795
1333.4015,1333.4428,68437,82335,Rhinolophus ferrumequinum,0.029,0.029,-1,Echolocation,/mnt/ubna_data_02_mir/recover-20220922/UBNA_001/20220921_090000.WAV,Telephone Field,recover-20220922,001,1795
1333.4025,1333.4098,28046,38527,Eptesicus serotinus,0.008,0.023,-1,Echolocation,/mnt/ubna_data_02_mir/recover-20220922/UBNA_001/20220921_090000.WAV,Telephone Field,recover-20220922,001,1795
1333.4405,1333.4513,22890,28532,Nyctalus leisleri,0.01,0.025,-1,Echolocation,/mnt/ubna_data_02_mir/recover-20220922/UBNA_001/20220921_090000.WAV,Telephone Field,recover-20220922,001,1795
1333.4565,1333.4755,20312,23969,Nyctalus leisleri,0.018,0.036,-1,Echolocation,/mnt/ubna_data_02_mir/recover-20220922/UBNA_001/20220921_090000.WAV,Telephone Field,recover-20220922,001,1795
1333.5285,1333.5653,68437,81070,Rhinolophus ferrumequinum,0.025,0.025,-1,Echolocation,/mnt/ubna_data_02_mir/recover-20220922/UBNA_001/20220921_090000.WAV,Telephone Field,recover-20220922,001,1795
1333.5385,1333.5781,68437,82054,Rhinolophus ferrumequinum,0.022,0.022,-1,Echolocation,/mnt/ubna_data_02_mir/recover-20220922/UBNA_001/20220921_090000.WAV,Telephone Field,recover-20220922,001,1795
1333.5875,1333.5954,27187,37013,Eptesicus serotinus,0.011,0.034,-1,Echolocation,/mnt/ubna_data_02_mir/recover-20220922/UBNA_001/20220921_090000.WAV,Telephone Field,recover-20220922,001,1795
1333.6295,1333.6702,68437,83067,Rhinolophus ferrumequinum,0.025,0.025,-1,Echolocation,/mnt/ubna_data_02_mir/recover-20220922/UBNA_001/20220921_090000.WAV,Telephone Field,recover-20220922,001,1795
1333.6395,1333.6477,29765,41697,Myotis daubentonii,0.007,0.022,-1,Echolocation,/mnt/ubna_data_02_mir/recover-20220922/UBNA_001/20220921_090000.WAV,Telephone Field,recover-20220922,001,1795
1333.6435,1333.683,68437,82412,Rhinolophus ferrumequinum,0.023,0.023,-1,Echolocation,/mnt/ubna_data_02_mir/recover-20220922/UBNA_001/20220921_090000.WAV,Telephone Field,recover-20220922,001,1795
1333.6595,1333.672,22890,27567,Nyctalus leisleri,0.013,0.024,-1,Echolocation,/mnt/ubna_data_02_mir/recover-20220922/UBNA_001/20220921_090000.WAV,Telephone Field,recover-20220922,001,1795
1333.6715,1333.6799,26328,34839,Eptesicus serotinus,0.007,0.022,-1,Echolocation,/mnt/ubna_data_02_mir/recover-20220922/UBNA_001/20220921_090000.WAV,Telephone Field,recover-20220922,001,1795
1333.6785,1333.7192,68437,82995,Rhinolophus ferrumequinum,0.028,0.028,-1,Echolocation,/mnt/ubna_data_02_mir/recover-20220922/UBNA_001/20220921_090000.WAV,Telephone Field,recover-20220922,001,1795
1333.6915,1333.6999,28906,37649,Eptesicus serotinus,0.01,0.029,-1,Echolocation,/mnt/ubna_data_02_mir/recover-20220922/UBNA_001/20220921_090000.WAV,Telephone Field,recover-20220922,001,1795
1333.7145,1333.7228,26328,37154,Eptesicus serotinus,0.01,0.025,-1,Echolocation,/mnt/ubna_data_02_mir/recover-20220922/UBNA_001/20220921_090000.WAV,Telephone Field,recover-20220922,001,1795
1333.7165,1333.7534,68437,81820,Rhinolophus ferrumequinum,0.026,0.026,-1,Echolocation,/mnt/ubna_data_02_mir/recover-20220922/UBNA_001/20220921_090000.WAV,Telephone Field,recover-20220922,001,1795
1333.7465,1333.7566,24609,31288,Nyctalus leisleri,0.008,0.023,-1,Echolocation,/mnt/ubna_data_02_mir/recover-20220922/UBNA_001/20220921_090000.WAV,Telephone Field,recover-20220922,001,1795
1333.8275,1333.8696,68437,83207,Rhinolophus ferrumequinum,0.032,0.032,-1,Echolocation,/mnt/ubna_data_02_mir/recover-20220922/UBNA_001/20220921_090000.WAV,Telephone Field,recover-20220922,001,1795
1333.8445,1333.8529,23750,31400,Plecotus austriacus,0.009,0.025,-1,Echolocation,/mnt/ubna_data_02_mir/recover-20220922/UBNA_001/20220921_090000.WAV,Telephone Field,recover-20220922,001,1795
1333.8755,1333.8857,23750,29591,Nyctalus leisleri,0.009,0.022,-1,Echolocation,/mnt/ubna_data_02_mir/recover-20220922/UBNA_001/20220921_090000.WAV,Telephone Field,recover-20220922,001,1795
1333.8845,1333.9268,68437,83129,Rhinolophus ferrumequinum,0.029,0.029,-1,Echolocation,/mnt/ubna_data_02_mir/recover-20220922/UBNA_001/20220921_090000.WAV,Telephone Field,recover-20220922,001,1795
1333.9265,1333.9354,28046,36255,Eptesicus serotinus,0.013,0.031,-1,Echolocation,/mnt/ubna_data_02_mir/recover-20220922/UBNA_001/20220921_090000.WAV,Telephone Field,recover-20220922,001,1795
1333.9615,1333.9995,68437,81553,Rhinolophus ferrumequinum,0.027,0.027,-1,Echolocation,/mnt/ubna_data_02_mir/recover-20220922/UBNA_001/20220921_090000.WAV,Telephone Field,recover-20220922,001,1795
1333.9895,1333.9989,25468,36369,Eptesicus serotinus,0.008,0.022,-1,Echolocation,/mnt/ubna_data_02_mir/recover-20220922/UBNA_001/20220921_090000.WAV,Telephone Field,recover-20220922,001,1795
1334.0015,1334.0354,68437,80067,Rhinolophus ferrumequinum,0.061,0.062,-1,Echolocation,/mnt/ubna_data_02_mir/recover-20220922/UBNA_001/20220921_090000.WAV,Telephone Field,recover-20220922,001,1795
1334.0015,1334.0108,24609,31561,Nyctalus leisleri,0.01,0.028,-1,Echolocation,/mnt/ubna_data_02_mir/recover-20220922/UBNA_001/20220921_090000.WAV,Telephone Field,recover-20220922,001,1795
1334.0075,1334.0495,68437,81935,Rhinolophus ferrumequinum,0.024,0.024,-1,Echolocation,/mnt/ubna_data_02_mir/recover-20220922/UBNA_001/20220921_090000.WAV,Telephone Field,recover-20220922,001,1795
1334.0435,1334.0801,68437,81796,Rhinolophus ferrumequinum,0.023,0.023,-1,Echolocation,/mnt/ubna_data_02_mir/recover-20220922/UBNA_001/20220921_090000.WAV,Telephone Field,recover-20220922,001,1795
1334.0675,1334.078,22890,28345,Nyctalus leisleri,0.011,0.023,-1,Echolocation,/mnt/ubna_data_02_mir/recover-20220922/UBNA_001/20220921_090000.WAV,Telephone Field,recover-20220922,001,1795
1334.0745,1334.1127,68437,82353,Rhinolophus ferrumequinum,0.022,0.022,-1,Echolocation,/mnt/ubna_data_02_mir/recover-20220922/UBNA_001/20220921_090000.WAV,Telephone Field,recover-20220922,001,1795
1334.1035,1334.1136,23750,30348,Nyctalus leisleri,0.009,0.022,-1,Echolocation,/mnt/ubna_data_02_mir/recover-20220922/UBNA_001/20220921_090000.WAV,Telephone Field,recover-20220922,001,1795
1334.1075,1334.143,68437,82225,Rhinolophus ferrumequinum,0.022,0.022,-1,Echolocation,/mnt/ubna_data_02_mir/recover-20220922/UBNA_001/20220921_090000.WAV,Telephone Field,recover-20220922,001,1795
1334.1295,1334.137,27187,38818,Eptesicus serotinus,0.007,0.022,-1,Echolocation,/mnt/ubna_data_02_mir/recover-20220922/UBNA_001/20220921_090000.WAV,Telephone Field,recover-20220922,001,1795
1334.1315,1334.1419,22031,27612,Nyctalus leisleri,0.009,0.023,-1,Echolocation,/mnt/ubna_data_02_mir/recover-20220922/UBNA_001/20220921_090000.WAV,Telephone Field,recover-20220922,001,1795
1334.1515,1334.1901,68437,81866,Rhinolophus ferrumequinum,0.023,0.023,-1,Echolocation,/mnt/ubna_data_02_mir/recover-20220922/UBNA_001/20220921_090000.WAV,Telephone Field,recover-20220922,001,1795
1334.1595,1334.1982,68437,82642,Rhinolophus ferrumequinum,0.023,0.023,-1,Echolocation,/mnt/ubna_data_02_mir/recover-20220922/UBNA_001/20220921_090000.WAV,Telephone Field,recover-20220922,001,1795
1334.2005,1334.2391,68437,81911,Rhinolophus ferrumequinum,0.022,0.022,-1,Echolocation,/mnt/ubna_data_02_mir/recover-20220922/UBNA_001/20220921_090000.WAV,Telephone Field,recover-20220922,001,1795
1334.2075,1334.2441,68437,81810,Rhinolophus ferrumequinum,0.023,0.023,-1,Echolocation,/mnt/ubna_data_02_mir/recover-20220922/UBNA_001/20220921_090000.WAV,Telephone Field,recover-20220922,001,1795
1334.2135,1334.2502,68437,81819,Rhinolophus ferrumequinum,0.023,0.023,-1,Echolocation,/mnt/ubna_data_02_mir/recover-20220922/UBNA_001/20220921_090000.WAV,Telephone Field,recover-20220922,001,1795
1334.2185,1334.2557,68437,81821,Rhinolophus ferrumequinum,0.022,0.022,-1,Echolocation,/mnt/ubna_data_02_mir/recover-20220922/UBNA_001/20220921_090000.WAV,Telephone Field,recover-20220922,001,1795
1334.2355,1334.2457,22031,27911,Nyctalus leisleri,0.01,0.027,-1,Echolocation,/mnt/ubna_data_02_mir/recover-20220922/UBNA_001/20220921_090000.WAV,Telephone Field,recover-20220922,001,1795
1334.2735,1334.2812,28046,40168,Eptesicus serotinus,0.007,0.022,-1,Echolocation,/mnt/ubna_data_02_mir/recover-20220922/UBNA_001/20220921_090000.WAV,Telephone Field,recover-20220922,001,1795
1334.2765,1334.284,45234,49581,Pipistrellus pipistrellus,0.025,0.026,-1,Echolocation,/mnt/ubna_data_02_mir/recover-20220922/UBNA_001/20220921_090000.WAV,Telephone Field,recover-20220922,001,1795
1334.2805,1334.2906,28906,37056,Eptesicus serotinus,0.009,0.024,-1,Echolocation,/mnt/ubna_data_02_mir/recover-20220922/UBNA_001/20220921_090000.WAV,Telephone Field,recover-20220922,001,1795
1334.2845,1334.3221,68437,81830,Rhinolophus ferrumequinum,0.025,0.025,-1,Echolocation,/mnt/ubna_data_02_mir/recover-20220922/UBNA_001/20220921_090000.WAV,Telephone Field,recover-20220922,001,1795
1334.2995,1334.3068,28046,41410,Eptesicus serotinus,0.007,0.023,-1,Echolocation,/mnt/ubna_data_02_mir/recover-20220922/UBNA_001/20220921_090000.WAV,Telephone Field,recover-20220922,001,1795
1334.3225,1334.363,68437,82277,Rhinolophus ferrumequinum,0.022,0.022,-1,Echolocation,/mnt/ubna_data_02_mir/recover-20220922/UBNA_001/20220921_090000.WAV,Telephone Field,recover-20220922,001,1795
1334.3485,1334.3567,27187,36681,Eptesicus serotinus,0.007,0.022,-1,Echolocation,/mnt/ubna_data_02_mir/recover-20220922/UBNA_001/20220921_090000.WAV,Telephone Field,recover-20220922,001,1795
1334.3495,1334.3593,44375,48792,Pipistrellus pipistrellus,0.023,0.025,-1,Echolocation,/mnt/ubna_data_02_mir/recover-20220922/UBNA_001/20220921_090000.WAV,Telephone Field,recover-20220922,001,1795
1334.3535,1334.3621,28046,38320,Eptesicus serotinus,0.008,0.022,-1,Echolocation,/mnt/ubna_data_02_mir/recover-20220922/UBNA_001/20220921_090000.WAV,Telephone Field,recover-20220922,001,1795
1334.3765,1334.3837,27187,40840,Eptesicus serotinus,0.006,0.023,-1,Echolocation,/mnt/ubna_data_02_mir/recover-20220922/UBNA_001/20220921_090000.WAV,Telephone Field,recover-20220922,001,1795
1334.3815,1334.4202,68437,81546,Rhinolophus ferrumequinum,0.023,0.023,-1,Echolocation,/mnt/ubna_data_02_mir/recover-20220922/UBNA_001/20220921_090000.WAV,Telephone Field,recover-20220922,001,1795
1334.4415,1334.4498,27187,37346,Eptesicus serotinus,0.008,0.023,-1,Echolocation,/mnt/ubna_data_02_mir/recover-20220922/UBNA_001/20220921_090000.WAV,Telephone Field,recover-20220922,001,1795
1334.4495,1334.4894,68437,82740,Rhinolophus ferrumequinum,0.023,0.023,-1,Echolocation,/mnt/ubna_data_02_mir/recover-20220922/UBNA_001/20220921_090000.WAV,Telephone Field,recover-20220922,001,1795
1334.5395,1334.5741,68437,81118,Rhinolophus ferrumequinum,0.025,0.026,-1,Echolocation,/mnt/ubna_data_02_mir/recover-20220922/UBNA_001/20220921_090000.WAV,Telephone Field,recover-20220922,001,1795
1334.6075,1334.6132,50390,55219,Pipistrellus pipistrellus,0.022,0.023,-1,Echolocation,/mnt/ubna_data_02_mir/recover-20220922/UBNA_001/20220921_090000.WAV,Telephone Field,recover-20220922,001,1795
1334.6565,1334.6649,34921,42814,Barbastellus barbastellus,0.011,0.029,-1,Echolocation,/mnt/ubna_data_02_mir/recover-20220922/UBNA_001/20220921_090000.WAV,Telephone Field,recover-20220922,001,1795
1334.6565,1334.7018,68437,83115,Rhinolophus ferrumequinum,0.035,0.035,-1,Echolocation,/mnt/ubna_data_02_mir/recover-20220922/UBNA_001/20220921_090000.WAV,Telephone Field,recover-20220922,001,1795
1334.6945,1334.731,68437,81787,Rhinolophus ferrumequinum,0.023,0.023,-1,Echolocation,/mnt/ubna_data_02_mir/recover-20220922/UBNA_001/20220921_090000.WAV,Telephone Field,recover-20220922,001,1795
1334.7215,1334.7325,22890,28168,Nyctalus leisleri,0.012,0.024,-1,Echolocation,/mnt/ubna_data_02_mir/recover-20220922/UBNA_001/20220921_090000.WAV,Telephone Field,recover-20220922,001,1795
1334.7235,1334.7296,31484,52301,Myotis daubentonii,0.011,0.023,-1,Echolocation,/mnt/ubna_data_02_mir/recover-20220922/UBNA_001/20220921_090000.WAV,Telephone Field,recover-20220922,001,1795
1334.7645,1334.8025,68437,82304,Rhinolophus ferrumequinum,0.023,0.023,-1,Echolocation,/mnt/ubna_data_02_mir/recover-20220922/UBNA_001/20220921_090000.WAV,Telephone Field,recover-20220922,001,1795
1334.7665,1334.774,22890,31709,Plecotus austriacus,0.012,0.026,-1,Echolocation,/mnt/ubna_data_02_mir/recover-20220922/UBNA_001/20220921_090000.WAV,Telephone Field,recover-20220922,001,1795
1334.7835,1334.7932,28046,36527,Eptesicus serotinus,0.008,0.022,-1,Echolocation,/mnt/ubna_data_02_mir/recover-20220922/UBNA_001/20220921_090000.WAV,Telephone Field,recover-20220922,001,1795
1334.7965,1334.8364,68437,82602,Rhinolophus ferrumequinum,0.025,0.025,-1,Echolocation,/mnt/ubna_data_02_mir/recover-20220922/UBNA_001/20220921_090000.WAV,Telephone Field,recover-20220922,001,1795
1334.8075,1334.8445,68437,81836,Rhinolophus ferrumequinum,0.022,0.022,-1,Echolocation,/mnt/ubna_data_02_mir/recover-20220922/UBNA_001/20220921_090000.WAV,Telephone Field,recover-20220922,001,1795
1334.8385,1334.8779,68437,82421,Rhinolophus ferrumequinum,0.025,0.025,-1,Echolocation,/mnt/ubna_data_02_mir/recover-20220922/UBNA_001/20220921_090000.WAV,Telephone Field,recover-20220922,001,1795
1334.8395,1334.8461,28046,41140,Eptesicus serotinus,0.009,0.037,-1,Echolocation,/mnt/ubna_data_02_mir/recover-20220922/UBNA_001/20220921_090000.WAV,Telephone Field,recover-20220922,001,1795
1334.8685,1334.875,25468,35147,Plecotus austriacus,0.015,0.036,-1,Echolocation,/mnt/ubna_data_02_mir/recover-20220922/UBNA_001/20220921_090000.WAV,Telephone Field,recover-20220922,001,1795
1334.9045,1334.9159,28046,34777,Eptesicus serotinus,0.012,0.026,-1,Echolocation,/mnt/ubna_data_02_mir/recover-20220922/UBNA_001/20220921_090000.WAV,Telephone Field,recover-20220922,001,1795
1334.9195,1334.9282,24609,32841,Nyctalus leisleri,0.006,0.022,-1,Echolocation,/mnt/ubna_data_02_mir/recover-20220922/UBNA_001/20220921_090000.WAV,Telephone Field,recover-20220922,001,1795
1334.9395,1334.9805,68437,82859,Rhinolophus ferrumequinum,0.026,0.026,-1,Echolocation,/mnt/ubna_data_02_mir/recover-20220922/UBNA_001/20220921_090000.WAV,Telephone Field,recover-20220922,001,1795
1335.0165,1335.0564,68437,82027,Rhinolophus ferrumequinum,0.023,0.023,-1,Echolocation,/mnt/ubna_data_02_mir/recover-20220922/UBNA_001/20220921_090000.WAV,Telephone Field,recover-20220922,001,1795
1335.0535,1335.0641,22890,27709,Nyctalus leisleri,0.011,0.022,-1,Echolocation,/mnt/ubna_data_02_mir/recover-20220922/UBNA_001/20220921_090000.WAV,Telephone Field,recover-20220922,001,1795
1335.0605,1335.0989,68437,82275,Rhinolophus ferrumequinum,0.024,0.024,-1,Echolocation,/mnt/ubna_data_02_mir/recover-20220922/UBNA_001/20220921_090000.WAV,Telephone Field,recover-20220922,001,1795
1335.0985,1335.1362,68437,82194,Rhinolophus ferrumequinum,0.022,0.022,-1,Echolocation,/mnt/ubna_data_02_mir/recover-20220922/UBNA_001/20220921_090000.WAV,Telephone Field,recover-20220922,001,1795
1335.1115,1335.1482,68437,81962,Rhinolophus ferrumequinum,0.022,0.022,-1,Echolocation,/mnt/ubna_data_02_mir/recover-20220922/UBNA_001/20220921_090000.WAV,Telephone Field,recover-20220922,001,1795
1335.1205,1335.1582,68437,81220,Rhinolophus ferrumequinum,0.022,0.022,-1,Echolocation,/mnt/ubna_data_02_mir/recover-20220922/UBNA_001/20220921_090000.WAV,Telephone Field,recover-20220922,001,1795
1335.1245,1335.1335,22031,28366,Plecotus austriacus,0.01,0.023,-1,Echolocation,/mnt/ubna_data_02_mir/recover-20220922/UBNA_001/20220921_090000.WAV,Telephone Field,recover-20220922,001,1795
1335.1385,1335.1772,68437,82114,Rhinolophus ferrumequinum,0.022,0.022,-1,Echolocation,/mnt/ubna_data_02_mir/recover-20220922/UBNA_001/20220921_090000.WAV,Telephone Field,recover-20220922,001,1795
1335.1655,1335.1748,28046,38257,Eptesicus serotinus,0.009,0.023,-1,Echolocation,/mnt/ubna_data_02_mir/recover-20220922/UBNA_001/20220921_090000.WAV,Telephone Field,recover-20220922,001,1795
1335.1705,1335.2072,68437,81239,Rhinolophus ferrumequinum,0.022,0.022,-1,Echolocation,/mnt/ubna_data_02_mir/recover-20220922/UBNA_001/20220921_090000.WAV,Telephone Field,recover-20220922,001,1795
1335.1935,1335.2248,68437,80031,Rhinolophus ferrumequinum,0.022,0.022,-1,Echolocation,/mnt/ubna_data_02_mir/recover-20220922/UBNA_001/20220921_090000.WAV,Telephone Field,recover-20220922,001,1795
1335.1985,1335.2057,28906,37266,Eptesicus serotinus,0.006,0.023,-1,Echolocation,/mnt/ubna_data_02_mir/recover-20220922/UBNA_001/20220921_090000.WAV,Telephone Field,recover-20220922,001,1795
1335.2605,1335.2973,68437,81575,Rhinolophus ferrumequinum,0.023,0.023,-1,Echolocation,/mnt/ubna_data_02_mir/recover-20220922/UBNA_001/20220921_090000.WAV,Telephone Field,recover-20220922,001,1795
1335.2695,1335.303,68437,80940,Rhinolophus ferrumequinum,0.028,0.028,-1,Echolocation,/mnt/ubna_data_02_mir/recover-20220922/UBNA_001/20220921_090000.WAV,Telephone Field,recover-20220922,001,1795
1335.2735,1335.2824,27187,36055,Eptesicus serotinus,0.008,0.023,-1,Echolocation,/mnt/ubna_data_02_mir/recover-20220922/UBNA_001/20220921_090000.WAV,Telephone Field,recover-20220922,001,1795
1335.3025,1335.3105,28046,38539,Eptesicus serotinus,0.008,0.024,-1,Echolocation,/mnt/ubna_data_02_mir/recover-20220922/UBNA_001/20220921_090000.WAV,Telephone Field,recover-20220922,001,1795
1335.3305,1335.3466,22890,27773,Nyctalus leisleri,0.016,0.032,-1,Echolocation,/mnt/ubna_data_02_mir/recover-20220922/UBNA_001/20220921_090000.WAV,Telephone Field,recover-20220922,001,1795
1335.3375,1335.3455,48671,53522,Pipistrellus pipistrellus,0.022,0.024,-1,Echolocation,/mnt/ubna_data_02_mir/recover-20220922/UBNA_001/20220921_090000.WAV,Telephone Field,recover-20220922,001,1795
1335.3495,1335.3928,68437,82912,Rhinolophus ferrumequinum,0.041,0.041,-1,Echolocation,/mnt/ubna_data_02_mir/recover-20220922/UBNA_001/20220921_090000.WAV,Telephone Field,recover-20220922,001,1795
1335.3575,1335.3657,28046,37965,Eptesicus serotinus,0.008,0.023,-1,Echolocation,/mnt/ubna_data_02_mir/recover-20220922/UBNA_001/20220921_090000.WAV,Telephone Field,recover-20220922,001,1795
1335.3745,1335.413,68437,81713,Rhinolophus ferrumequinum,0.023,0.023,-1,Echolocation,/mnt/ubna_data_02_mir/recover-20220922/UBNA_001/20220921_090000.WAV,Telephone Field,recover-20220922,001,1795
1335.3845,1335.3955,22031,25857,Nyctalus leisleri,0.013,0.022,-1,Echolocation,/mnt/ubna_data_02_mir/recover-20220922/UBNA_001/20220921_090000.WAV,Telephone Field,recover-20220922,001,1795
1335.4085,1335.449,68437,82164,Rhinolophus ferrumequinum,0.025,0.025,-1,Echolocation,/mnt/ubna_data_02_mir/recover-20220922/UBNA_001/20220921_090000.WAV,Telephone Field,recover-20220922,001,1795
1335.4125,1335.4248,43515,49863,Pipistrellus pipistrellus,0.016,0.023,-1,Echolocation,/mnt/ubna_data_02_mir/recover-20220922/UBNA_001/20220921_090000.WAV,Telephone Field,recover-20220922,001,1795
1335.4335,1335.4732,68437,82381,Rhinolophus ferrumequinum,0.027,0.027,-1,Echolocation,/mnt/ubna_data_02_mir/recover-20220922/UBNA_001/20220921_090000.WAV,Telephone Field,recover-20220922,001,1795
1335.4345,1335.4478,22031,26298,Nyctalus leisleri,0.016,0.028,-1,Echolocation,/mnt/ubna_data_02_mir/recover-20220922/UBNA_001/20220921_090000.WAV,Telephone Field,recover-20220922,001,1795
1335.4435,1335.4819,68437,82248,Rhinolophus ferrumequinum,0.024,0.024,-1,Echolocation,/mnt/ubna_data_02_mir/recover-20220922/UBNA_001/20220921_090000.WAV,Telephone Field,recover-20220922,001,1795
1335.4575,1335.497,68437,82472,Rhinolophus ferrumequinum,0.022,0.022,-1,Echolocation,/mnt/ubna_data_02_mir/recover-20220922/UBNA_001/20220921_090000.WAV,Telephone Field,recover-20220922,001,1795
1335.4905,1335.4981,27187,37196,Eptesicus serotinus,0.007,0.022,-1,Echolocation,/mnt/ubna_data_02_mir/recover-20220922/UBNA_001/20220921_090000.WAV,Telephone Field,recover-20220922,001,1795
1335.5025,1335.5396,68437,82046,Rhinolophus ferrumequinum,0.023,0.023,-1,Echolocation,/mnt/ubna_data_02_mir/recover-20220922/UBNA_001/20220921_090000.WAV,Telephone Field,recover-20220922,001,1795
1335.5135,1335.5203,27187,39507,Eptesicus serotinus,0.006,0.023,-1,Echolocation,/mnt/ubna_data_02_mir/recover-20220922/UBNA_001/20220921_090000.WAV,Telephone Field,recover-20220922,001,1795
1335.5325,1335.5442,25468,31611,Nyctalus leisleri,0.01,0.025,-1,Echolocation,/mnt/ubna_data_02_mir/recover-20220922/UBNA_001/20220921_090000.WAV,Telephone Field,recover-20220922,001,1795
1335.5425,1335.5825,68437,82856,Rhinolophus ferrumequinum,0.022,0.022,-1,Echolocation,/mnt/ubna_data_02_mir/recover-20220922/UBNA_001/20220921_090000.WAV,Telephone Field,recover-20220922,001,1795
1335.5895,1335.6274,68437,81930,Rhinolophus ferrumequinum,0.022,0.022,-1,Echolocation,/mnt/ubna_data_02_mir/recover-20220922/UBNA_001/20220921_090000.WAV,Telephone Field,recover-20220922,001,1795
1335.5985,1335.6364,68437,81807,Rhinolophus ferrumequinum,0.022,0.022,-1,Echolocation,/mnt/ubna_data_02_mir/recover-20220922/UBNA_001/20220921_090000.WAV,Telephone Field,recover-20220922,001,1795
1335.6215,1335.6616,68437,82421,Rhinolophus ferrumequinum,0.024,0.024,-1,Echolocation,/mnt/ubna_data_02_mir/recover-20220922/UBNA_001/20220921_090000.WAV,Telephone Field,recover-20220922,001,1795
1335.6535,1335.6919,68437,82192,Rhinolophus ferrumequinum,0.024,0.024,-1,Echolocation,/mnt/ubna_data_02_mir/recover-20220922/UBNA_001/20220921_090000.WAV,Telephone Field,recover-20220922,001,1795
1335.6625,1335.6703,46953,52085,Pipistrellus pipistrellus,0.022,0.023,-1,Echolocation,/mnt/ubna_data_02_mir/recover-20220922/UBNA_001/20220921_090000.WAV,Telephone Field,recover-20220922,001,1795
1335.6635,1335.6716,25468,34920,Eptesicus serotinus,0.006,0.022,-1,Echolocation,/mnt/ubna_data_02_mir/recover-20220922/UBNA_001/20220921_090000.WAV,Telephone Field,recover-20220922,001,1795
1335.6985,1335.7362,68437,81265,Rhinolophus ferrumequinum,0.024,0.024,-1,Echolocation,/mnt/ubna_data_02_mir/recover-20220922/UBNA_001/20220921_090000.WAV,Telephone Field,recover-20220922,001,1795
1335.7075,1335.7476,68437,82435,Rhinolophus ferrumequinum,0.022,0.022,-1,Echolocation,/mnt/ubna_data_02_mir/recover-20220922/UBNA_001/20220921_090000.WAV,Telephone Field,recover-20220922,001,1795
1335.7105,1335.723,22031,26762,Nyctalus leisleri,0.014,0.027,-1,Echolocation,/mnt/ubna_data_02_mir/recover-20220922/UBNA_001/20220921_090000.WAV,Telephone Field,recover-20220922,001,1795
1335.7535,1335.7623,24609,32595,Eptesicus serotinus,0.007,0.024,-1,Echolocation,/mnt/ubna_data_02_mir/recover-20220922/UBNA_001/20220921_090000.WAV,Telephone Field,recover-20220922,001,1795
1335.8105,1335.8187,27187,38318,Eptesicus serotinus,0.008,0.024,-1,Echolocation,/mnt/ubna_data_02_mir/recover-20220922/UBNA_001/20220921_090000.WAV,Telephone Field,recover-20220922,001,1795
1335.8165,1335.8552,68437,82311,Rhinolophus ferrumequinum,0.024,0.024,-1,Echolocation,/mnt/ubna_data_02_mir/recover-20220922/UBNA_001/20220921_090000.WAV,Telephone Field,recover-20220922,001,1795
1335.8225,1335.8637,68437,82688,Rhinolophus ferrumequinum,0.022,0.023,-1,Echolocation,/mnt/ubna_data_02_mir/recover-20220922/UBNA_001/20220921_090000.WAV,Telephone Field,recover-20220922,001,1795
1335.8495,1335.8562,26328,39031,Eptesicus serotinus,0.005,0.023,-1,Echolocation,/mnt/ubna_data_02_mir/recover-20220922/UBNA_001/20220921_090000.WAV,Telephone Field,recover-20220922,001,1795
1335.8695,1335.8809,22890,28059,Nyctalus leisleri,0.01,0.022,-1,Echolocation,/mnt/ubna_data_02_mir/recover-20220922/UBNA_001/20220921_090000.WAV,Telephone Field,recover-20220922,001,1795
1335.9015,1335.9413,68437,82730,Rhinolophus ferrumequinum,0.023,0.023,-1,Echolocation,/mnt/ubna_data_02_mir/recover-20220922/UBNA_001/20220921_090000.WAV,Telephone Field,recover-20220922,001,1795
1335.9375,1335.9765,68437,82270,Rhinolophus ferrumequinum,0.029,0.029,-1,Echolocation,/mnt/ubna_data_02_mir/recover-20220922/UBNA_001/20220921_090000.WAV,Telephone Field,recover-20220922,001,1795
1335.9755,1335.984,28906,37110,Eptesicus serotinus,0.011,0.027,-1,Echolocation,/mnt/ubna_data_02_mir/recover-20220922/UBNA_001/20220921_090000.WAV,Telephone Field,recover-20220922,001,1795
1336.0015,1336.0291,69296,80929,Rhinolophus ferrumequinum,0.025,0.026,-1,Echolocation,/mnt/ubna_data_02_mir/recover-20220922/UBNA_001/20220921_090000.WAV,Telephone Field,recover-20220922,001,1795
1336.0015,1336.0108,26328,33279,Nyctalus leisleri,0.015,0.038,-1,Echolocation,/mnt/ubna_data_02_mir/recover-20220922/UBNA_001/20220921_090000.WAV,Telephone Field,recover-20220922,001,1795
1336.0145,1336.0534,68437,82212,Rhinolophus ferrumequinum,0.026,0.026,-1,Echolocation,/mnt/ubna_data_02_mir/recover-20220922/UBNA_001/20220921_090000.WAV,Telephone Field,recover-20220922,001,1795
1336.0335,1336.0427,27187,37257,Eptesicus serotinus,0.009,0.023,-1,Echolocation,/mnt/ubna_data_02_mir/recover-20220922/UBNA_001/20220921_090000.WAV,Telephone Field,recover-20220922,001,1795
1336.0715,1336.1104,68437,82309,Rhinolophus ferrumequinum,0.022,0.022,-1,Echolocation,/mnt/ubna_data_02_mir/recover-20220922/UBNA_001/20220921_090000.WAV,Telephone Field,recover-20220922,001,1795
1336.0755,1336.0814,28906,43424,Myotis daubentonii,0.006,0.03,-1,Echolocation,/mnt/ubna_data_02_mir/recover-20220922/UBNA_001/20220921_090000.WAV,Telephone Field,recover-20220922,001,1795
1336.0805,1336.1212,68437,82073,Rhinolophus ferrumequinum,0.021,0.021,-1,Echolocation,/mnt/ubna_data_02_mir/recover-20220922/UBNA_001/20220921_090000.WAV,Telephone Field,recover-20220922,001,1795
1336.0895,1336.1061,16875,21786,Nyctalus noctula,0.029,0.039,-1,Echolocation,/mnt/ubna_data_02_mir/recover-20220922/UBNA_001/20220921_090000.WAV,Telephone Field,recover-20220922,001,1795
1336.1055,1336.1142,28906,38320,Eptesicus serotinus,0.009,0.024,-1,Echolocation,/mnt/ubna_data_02_mir/recover-20220922/UBNA_001/20220921_090000.WAV,Telephone Field,recover-20220922,001,1795
1336.1255,1336.1642,68437,82228,Rhinolophus ferrumequinum,0.022,0.022,-1,Echolocation,/mnt/ubna_data_02_mir/recover-20220922/UBNA_001/20220921_090000.WAV,Telephone Field,recover-20220922,001,1795
1336.1425,1336.1532,22890,27712,Nyctalus leisleri,0.011,0.022,-1,Echolocation,/mnt/ubna_data_02_mir/recover-20220922/UBNA_001/20220921_090000.WAV,Telephone Field,recover-20220922,001,1795
1336.1635,1336.2013,68437,82327,Rhinolophus ferrumequinum,0.028,0.028,-1,Echolocation,/mnt/ubna_data_02_mir/recover-20220922/UBNA_001/20220921_090000.WAV,Telephone Field,recover-20220922,001,1795
1336.1705,1336.1809,50390,55547,Pipistrellus pipistrellus,0.026,0.033,-1,Echolocation,/mnt/ubna_data_02_mir/recover-20220922/UBNA_001/20220921_090000.WAV,Telephone Field,recover-20220922,001,1795
1336.1895,1336.199,24609,31519,Nyctalus leisleri,0.009,0.026,-1,Echolocation,/mnt/ubna_data_02_mir/recover-20220922/UBNA_001/20220921_090000.WAV,Telephone Field,recover-20220922,001,1795
1336.1955,1336.2344,68437,82135,Rhinolophus ferrumequinum,0.022,0.022,-1,Echolocation,/mnt/ubna_data_02_mir/recover-20220922/UBNA_001/20220921_090000.WAV,Telephone Field,recover-20220922,001,1795
1336.2035,1336.2406,68437,81921,Rhinolophus ferrumequinum,0.023,0.023,-1,Echolocation,/mnt/ubna_data_02_mir/recover-20220922/UBNA_001/20220921_090000.WAV,Telephone Field,recover-20220922,001,1795
1336.2055,1336.2253,20312,23421,Nyctalus leisleri,0.028,0.05,-1,Echolocation,/mnt/ubna_data_02_mir/recover-20220922/UBNA_001/20220921_090000.WAV,Telephone Field,recover-20220922,001,1795
1336.2495,1336.2912,68437,83002,Rhinolophus ferrumequinum,0.025,0.025,-1,Echolocation,/mnt/ubna_data_02_mir/recover-20220922/UBNA_001/20220921_090000.WAV,Telephone Field,recover-20220922,001,1795
1336.2595,1336.2696,23750,30243,Nyctalus leisleri,0.009,0.023,-1,Echolocation,/mnt/ubna_data_02_mir/recover-20220922/UBNA_001/20220921_090000.WAV,Telephone Field,recover-20220922,001,1795
1336.2675,1336.3071,68437,81954,Rhinolophus ferrumequinum,0.023,0.023,-1,Echolocation,/mnt/ubna_data_02_mir/recover-20220922/UBNA_001/20220921_090000.WAV,Telephone Field,recover-20220922,001,1795
1336.2775,1336.3174,68437,82897,Rhinolophus ferrumequinum,0.025,0.025,-1,Echolocation,/mnt/ubna_data_02_mir/recover-20220922/UBNA_001/20220921_090000.WAV,Telephone Field,recover-20220922,001,1795
1336.2905,1336.3313,68437,82057,Rhinolophus ferrumequinum,0.024,0.024,-1,Echolocation,/mnt/ubna_data_02_mir/recover-20220922/UBNA_001/20220921_090000.WAV,Telephone Field,recover-20220922,001,1795
1336.3105,1336.3505,68437,83000,Rhinolophus ferrumequinum,0.025,0.025,-1,Echolocation,/mnt/ubna_data_02_mir/recover-20220922/UBNA_001/20220921_090000.WAV,Telephone Field,recover-20220922,001,1795
1336.3175,1336.3276,22031,27745,Nyctalus leisleri,0.011,0.029,-1,Echolocation,/mnt/ubna_data_02_mir/recover-20220922/UBNA_001/20220921_090000.WAV,Telephone Field,recover-20220922,001,1795
1336.3365,1336.3719,68437,82122,Rhinolophus ferrumequinum,0.021,0.021,-1,Echolocation,/mnt/ubna_data_02_mir/recover-20220922/UBNA_001/20220921_090000.WAV,Telephone Field,recover-20220922,001,1795
1336.3485,1336.3671,19453,23168,Nyctalus leisleri,0.025,0.051,-1,Echolocation,/mnt/ubna_data_02_mir/recover-20220922/UBNA_001/20220921_090000.WAV,Telephone Field,recover-20220922,001,1795
1336.3995,1336.4087,28046,37382,Eptesicus serotinus,0.01,0.024,-1,Echolocation,/mnt/ubna_data_02_mir/recover-20220922/UBNA_001/20220921_090000.WAV,Telephone Field,recover-20220922,001,1795
1336.4185,1336.4564,68437,81479,Rhinolophus ferrumequinum,0.031,0.031,-1,Echolocation,/mnt/ubna_data_02_mir/recover-20220922/UBNA_001/20220921_090000.WAV,Telephone Field,recover-20220922,001,1795
1336.4435,1336.4802,68437,82566,Rhinolophus ferrumequinum,0.021,0.021,-1,Echolocation,/mnt/ubna_data_02_mir/recover-20220922/UBNA_001/20220921_090000.WAV,Telephone Field,recover-20220922,001,1795
1336.4735,1336.5128,68437,81776,Rhinolophus ferrumequinum,0.024,0.024,-1,Echolocation,/mnt/ubna_data_02_mir/recover-20220922/UBNA_001/20220921_090000.WAV,Telephone Field,recover-20220922,001,1795
1336.5065,1336.5428,68437,81861,Rhinolophus ferrumequinum,0.022,0.022,-1,Echolocation,/mnt/ubna_data_02_mir/recover-20220922/UBNA_001/20220921_090000.WAV,Telephone Field,recover-20220922,001,1795
1336.5125,1336.5228,22890,29237,Nyctalus leisleri,0.009,0.023,-1,Echolocation,/mnt/ubna_data_02_mir/recover-20220922/UBNA_001/20220921_090000.WAV,Telephone Field,recover-20220922,001,1795
1336.5235,1336.5345,22890,28235,Nyctalus leisleri,0.012,0.024,-1,Echolocation,/mnt/ubna_data_02_mir/recover-20220922/UBNA_001/20220921_090000.WAV,Telephone Field,recover-20220922,001,1795
1336.5345,1336.5717,68437,81568,Rhinolophus ferrumequinum,0.029,0.029,-1,Echolocation,/mnt/ubna_data_02_mir/recover-20220922/UBNA_001/20220921_090000.WAV,Telephone Field,recover-20220922,001,1795
1336.5565,1336.5935,68437,82299,Rhinolophus ferrumequinum,0.023,0.023,-1,Echolocation,/mnt/ubna_data_02_mir/recover-20220922/UBNA_001/20220921_090000.WAV,Telephone Field,recover-20220922,001,1795
1336.5815,1336.5894,57265,64205,Pipistrellus pygmaeus,0.021,0.022,-1,Echolocation,/mnt/ubna_data_02_mir/recover-20220922/UBNA_001/20220921_090000.WAV,Telephone Field,recover-20220922,001,1795
1336.5825,1336.6218,68437,81648,Rhinolophus ferrumequinum,0.027,0.027,-1,Echolocation,/mnt/ubna_data_02_mir/recover-20220922/UBNA_001/20220921_090000.WAV,Telephone Field,recover-20220922,001,1795
1336.5975,1336.608,28906,35998,Eptesicus serotinus,0.018,0.033,-1,Echolocation,/mnt/ubna_data_02_mir/recover-20220922/UBNA_001/20220921_090000.WAV,Telephone Field,recover-20220922,001,1795
1336.6195,1336.6599,68437,82390,Rhinolophus ferrumequinum,0.027,0.027,-1,Echolocation,/mnt/ubna_data_02_mir/recover-20220922/UBNA_001/20220921_090000.WAV,Telephone Field,recover-20220922,001,1795
1336.6205,1336.6321,23750,30319,Nyctalus leisleri,0.024,0.054,-1,Echolocation,/mnt/ubna_data_02_mir/recover-20220922/UBNA_001/20220921_090000.WAV,Telephone Field,recover-20220922,001,1795
1336.6525,1336.6922,68437,82589,Rhinolophus ferrumequinum,0.028,0.028,-1,Echolocation,/mnt/ubna_data_02_mir/recover-20220922/UBNA_001/20220921_090000.WAV,Telephone Field,recover-20220922,001,1795
1336.6795,1336.7196,68437,82129,Rhinolophus ferrumequinum,0.023,0.023,-1,Echolocation,/mnt/ubna_data_02_mir/recover-20220922/UBNA_001/20220921_090000.WAV,Telephone Field,recover-20220922,001,1795
1336.7175,1336.7557,68437,82460,Rhinolophus ferrumequinum,0.023,0.023,-1,Echolocation,/mnt/ubna_data_02_mir/recover-20220922/UBNA_001/20220921_090000.WAV,Telephone Field,recover-20220922,001,1795
1336.7245,1336.7352,23750,29700,Nyctalus leisleri,0.009,0.021,-1,Echolocation,/mnt/ubna_data_02_mir/recover-20220922/UBNA_001/20220921_090000.WAV,Telephone Field,recover-20220922,001,1795
1336.7415,1336.7521,28906,36237,Eptesicus serotinus,0.01,0.023,-1,Echolocation,/mnt/ubna_data_02_mir/recover-20220922/UBNA_001/20220921_090000.WAV,Telephone Field,recover-20220922,001,1795
1336.7625,1336.8001,68437,81726,Rhinolophus ferrumequinum,0.021,0.022,-1,Echolocation,/mnt/ubna_data_02_mir/recover-20220922/UBNA_001/20220921_090000.WAV,Telephone Field,recover-20220922,001,1795
1336.7715,1336.8118,68437,82315,Rhinolophus ferrumequinum,0.026,0.026,-1,Echolocation,/mnt/ubna_data_02_mir/recover-20220922/UBNA_001/20220921_090000.WAV,Telephone Field,recover-20220922,001,1795
1336.7855,1336.8312,68437,83594,Rhinolophus ferrumequinum,0.036,0.036,-1,Echolocation,/mnt/ubna_data_02_mir/recover-20220922/UBNA_001/20220921_090000.WAV,Telephone Field,recover-20220922,001,1795
1336.8105,1336.8506,68437,82475,Rhinolophus ferrumequinum,0.028,0.028,-1,Echolocation,/mnt/ubna_data_02_mir/recover-20220922/UBNA_001/20220921_090000.WAV,Telephone Field,recover-20220922,001,1795
1336.8125,1336.8189,24609,34280,Plecotus austriacus,0.009,0.026,-1,Echolocation,/mnt/ubna_data_02_mir/recover-20220922/UBNA_001/20220921_090000.WAV,Telephone Field,recover-20220922,001,1795
1336.8235,1336.8601,68437,81716,Rhinolophus ferrumequinum,0.023,0.023,-1,Echolocation,/mnt/ubna_data_02_mir/recover-20220922/UBNA_001/20220921_090000.WAV,Telephone Field,recover-20220922,001,1795
1336.8585,1336.8697,30625,36631,Eptesicus serotinus,0.013,0.029,-1,Echolocation,/mnt/ubna_data_02_mir/recover-20220922/UBNA_001/20220921_090000.WAV,Telephone Field,recover-20220922,001,1795
1336.8735,1336.9086,68437,80952,Rhinolophus ferrumequinum,0.022,0.022,-1,Echolocation,/mnt/ubna_data_02_mir/recover-20220922/UBNA_001/20220921_090000.WAV,Telephone Field,recover-20220922,001,1795
1336.9165,1336.9256,23750,31247,Plecotus austriacus,0.008,0.025,-1,Echolocation,/mnt/ubna_data_02_mir/recover-20220922/UBNA_001/20220921_090000.WAV,Telephone Field,recover-20220922,001,1795
1336.9225,1336.9632,68437,82444,Rhinolophus ferrumequinum,0.027,0.027,-1,Echolocation,/mnt/ubna_data_02_mir/recover-20220922/UBNA_001/20220921_090000.WAV,Telephone Field,recover-20220922,001,1795
1336.9445,1336.9822,68437,81476,Rhinolophus ferrumequinum,0.023,0.023,-1,Echolocation,/mnt/ubna_data_02_mir/recover-20220922/UBNA_001/20220921_090000.WAV,Telephone Field,recover-20220922,001,1795
1336.9685,1336.9773,49531,56301,Pipistrellus pipistrellus,0.018,0.022,-1,Echolocation,/mnt/ubna_data_02_mir/recover-20220922/UBNA_001/20220921_090000.WAV,Telephone Field,recover-20220922,001,1795
1336.9725,1337.0149,68437,83159,Rhinolophus ferrumequinum,0.027,0.027,-1,Echolocation,/mnt/ubna_data_02_mir/recover-20220922/UBNA_001/20220921_090000.WAV,Telephone Field,recover-20220922,001,1795
1337.0105,1337.0514,68437,83016,Rhinolophus ferrumequinum,0.024,0.024,-1,Echolocation,/mnt/ubna_data_02_mir/recover-20220922/UBNA_001/20220921_090000.WAV,Telephone Field,recover-20220922,001,1795
1337.0875,1337.0956,28046,43799,Eptesicus serotinus,0.008,0.022,-1,Echolocation,/mnt/ubna_data_02_mir/recover-20220922/UBNA_001/20220921_090000.WAV,Telephone Field,recover-20220922,001,1795
1337.0955,1337.1303,68437,81511,Rhinolophus ferrumequinum,0.025,0.025,-1,Echolocation,/mnt/ubna_data_02_mir/recover-20220922/UBNA_001/20220921_090000.WAV,Telephone Field,recover-20220922,001,1795
1337.1285,1337.1377,22890,29697,Plecotus austriacus,0.008,0.023,-1,Echolocation,/mnt/ubna_data_02_mir/recover-20220922/UBNA_001/20220921_090000.WAV,Telephone Field,recover-20220922,001,1795
1337.1495,1337.1881,68437,82869,Rhinolophus ferrumequinum,0.024,0.024,-1,Echolocation,/mnt/ubna_data_02_mir/recover-20220922/UBNA_001/20220921_090000.WAV,Telephone Field,recover-20220922,001,1795
1337.1685,1337.1772,26328,37903,Eptesicus serotinus,0.008,0.022,-1,Echolocation,/mnt/ubna_data_02_mir/recover-20220922/UBNA_001/20220921_090000.WAV,Telephone Field,recover-20220922,001,1795
1337.1905,1337.2253,68437,81345,Rhinolophus ferrumequinum,0.035,0.035,-1,Echolocation,/mnt/ubna_data_02_mir/recover-20220922/UBNA_001/20220921_090000.WAV,Telephone Field,recover-20220922,001,1795
1337.2075,1337.2462,68437,82735,Rhinolophus ferrumequinum,0.035,0.035,-1,Echolocation,/mnt/ubna_data_02_mir/recover-20220922/UBNA_001/20220921_090000.WAV,Telephone Field,recover-20220922,001,1795
1337.2095,1337.218,22031,28815,Plecotus austriacus,0.01,0.025,-1,Echolocation,/mnt/ubna_data_02_mir/recover-20220922/UBNA_001/20220921_090000.WAV,Telephone Field,recover-20220922,001,1795
1337.2315,1337.2697,68437,81497,Rhinolophus ferrumequinum,0.025,0.025,-1,Echolocation,/mnt/ubna_data_02_mir/recover-20220922/UBNA_001/20220921_090000.WAV,Telephone Field,recover-20220922,001,1795
1337.2475,1337.2883,68437,83139,Rhinolophus ferrumequinum,0.023,0.023,-1,Echolocation,/mnt/ubna_data_02_mir/recover-20220922/UBNA_001/20220921_090000.WAV,Telephone Field,recover-20220922,001,1795
1337.2615,1337.2993,68437,82004,Rhinolophus ferrumequinum,0.022,0.022,-1,Echolocation,/mnt/ubna_data_02_mir/recover-20220922/UBNA_001/20220921_090000.WAV,Telephone Field,recover-20220922,001,1795
1337.2715,1337.2805,40937,49760,Pipistrellus nathusii,0.007,0.021,-1,Echolocation,/mnt/ubna_data_02_mir/recover-20220922/UBNA_001/20220921_090000.WAV,Telephone Field,recover-20220922,001,1795
1337.3415,1337.3815,68437,82421,Rhinolophus ferrumequinum,0.028,0.028,-1,Echolocation,/mnt/ubna_data_02_mir/recover-20220922/UBNA_001/20220921_090000.WAV,Telephone Field,recover-20220922,001,1795
1337.3935,1337.4302,68437,81921,Rhinolophus ferrumequinum,0.025,0.025,-1,Echolocation,/mnt/ubna_data_02_mir/recover-20220922/UBNA_001/20220921_090000.WAV,Telephone Field,recover-20220922,001,1795
1337.4265,1337.4693,68437,83090,Rhinolophus ferrumequinum,0.028,0.029,-1,Echolocation,/mnt/ubna_data_02_mir/recover-20220922/UBNA_001/20220921_090000.WAV,Telephone Field,recover-20220922,001,1795
1337.4675,1337.5068,68437,82194,Rhinolophus ferrumequinum,0.022,0.022,-1,Echolocation,/mnt/ubna_data_02_mir/recover-20220922/UBNA_001/20220921_090000.WAV,Telephone Field,recover-20220922,001,1795
1337.4925,1337.4999,47812,52571,Pipistrellus pipistrellus,0.042,0.044,-1,Echolocation,/mnt/ubna_data_02_mir/recover-20220922/UBNA_001/20220921_090000.WAV,Telephone Field,recover-20220922,001,1795
1337.4935,1337.506,22890,27972,Nyctalus leisleri,0.013,0.028,-1,Echolocation,/mnt/ubna_data_02_mir/recover-20220922/UBNA_001/20220921_090000.WAV,Telephone Field,recover-20220922,001,1795
1337.4945,1337.5385,68437,83112,Rhinolophus ferrumequinum,0.031,0.031,-1,Echolocation,/mnt/ubna_data_02_mir/recover-20220922/UBNA_001/20220921_090000.WAV,Telephone Field,recover-20220922,001,1795
1337.5175,1337.5301,23750,29548,Nyctalus leisleri,0.015,0.033,-1,Echolocation,/mnt/ubna_data_02_mir/recover-20220922/UBNA_001/20220921_090000.WAV,Telephone Field,recover-20220922,001,1795
1337.5285,1337.5671,68437,82083,Rhinolophus ferrumequinum,0.022,0.022,-1,Echolocation,/mnt/ubna_data_02_mir/recover-20220922/UBNA_001/20220921_090000.WAV,Telephone Field,recover-20220922,001,1795
1337.5815,1337.6195,68437,82198,Rhinolophus ferrumequinum,0.024,0.024,-1,Echolocation,/mnt/ubna_data_02_mir/recover-20220922/UBNA_001/20220921_090000.WAV,Telephone Field,recover-20220922,001,1795
1337.5935,1337.6348,68437,82541,Rhinolophus ferrumequinum,0.026,0.026,-1,Echolocation,/mnt/ubna_data_02_mir/recover-20220922/UBNA_001/20220921_090000.WAV,Telephone Field,recover-20220922,001,1795
1337.6085,1337.6516,68437,82755,Rhinolophus ferrumequinum,0.024,0.024,-1,Echolocation,/mnt/ubna_data_02_mir/recover-20220922/UBNA_001/20220921_090000.WAV,Telephone Field,recover-20220922,001,1795
1337.6185,1337.658,68437,82556,Rhinolophus ferrumequinum,0.023,0.023,-1,Echolocation,/mnt/ubna_data_02_mir/recover-20220922/UBNA_001/20220921_090000.WAV,Telephone Field,recover-20220922,001,1795
1337.6255,1337.6634,68437,82015,Rhinolophus ferrumequinum,0.022,0.022,-1,Echolocation,/mnt/ubna_data_02_mir/recover-20220922/UBNA_001/20220921_090000.WAV,Telephone Field,recover-20220922,001,1795
1337.6355,1337.6719,68437,82076,Rhinolophus ferrumequinum,0.023,0.024,-1,Echolocation,/mnt/ubna_data_02_mir/recover-20220922/UBNA_001/20220921_090000.WAV,Telephone Field,recover-20220922,001,1795
1337.6405,1337.6491,46953,51350,Pipistrellus pipistrellus,0.024,0.026,-1,Echolocation,/mnt/ubna_data_02_mir/recover-20220922/UBNA_001/20220921_090000.WAV,Telephone Field,recover-20220922,001,1795
1337.6675,1337.7029,68437,81445,Rhinolophus ferrumequinum,0.022,0.022,-1,Echolocation,/mnt/ubna_data_02_mir/recover-20220922/UBNA_001/20220921_090000.WAV,Telephone Field,recover-20220922,001,1795
1337.6805,1337.6911,28906,37602,Eptesicus serotinus,0.011,0.024,-1,Echolocation,/mnt/ubna_data_02_mir/recover-20220922/UBNA_001/20220921_090000.WAV,Telephone Field,recover-20220922,001,1795
1337.6945,1337.7322,68437,82064,Rhinolophus ferrumequinum,0.022,0.022,-1,Echolocation,/mnt/ubna_data_02_mir/recover-20220922/UBNA_001/20220921_090000.WAV,Telephone Field,recover-20220922,001,1795
1337.7615,1337.7701,28906,39439,Eptesicus serotinus,0.009,0.023,-1,Echolocation,/mnt/ubna_data_02_mir/recover-20220922/UBNA_001/20220921_090000.WAV,Telephone Field,recover-20220922,001,1795
1337.7705,1337.8091,68437,82047,Rhinolophus ferrumequinum,0.022,0.022,-1,Echolocation,/mnt/ubna_data_02_mir/recover-20220922/UBNA_001/20220921_090000.WAV,Telephone Field,recover-20220922,001,1795
1337.7925,1337.8334,68437,82539,Rhinolophus ferrumequinum,0.023,0.023,-1,Echolocation,/mnt/ubna_data_02_mir/recover-20220922/UBNA_001/20220921_090000.WAV,Telephone Field,recover-20220922,001,1795
1337.7945,1337.8061,22031,26490,Nyctalus leisleri,0.012,0.023,-1,Echolocation,/mnt/ubna_data_02_mir/recover-20220922/UBNA_001/20220921_090000.WAV,Telephone Field,recover-20220922,001,1795
1337.8075,1337.847,68437,81645,Rhinolophus ferrumequinum,0.022,0.022,-1,Echolocation,/mnt/ubna_data_02_mir/recover-20220922/UBNA_001/20220921_090000.WAV,Telephone Field,recover-20220922,001,1795
1337.8165,1337.8544,68437,81856,Rhinolophus ferrumequinum,0.022,0.022,-1,Echolocation,/mnt/ubna_data_02_mir/recover-20220922/UBNA_001/20220921_090000.WAV,Telephone Field,recover-20220922,001,1795
1337.8375,1337.8494,24609,29996,Nyctalus leisleri,0.013,0.028,-1,Echolocation,/mnt/ubna_data_02_mir/recover-20220922/UBNA_001/20220921_090000.WAV,Telephone Field,recover-20220922,001,1795
1337.8755,1337.8841,26328,37636,Eptesicus serotinus,0.008,0.022,-1,Echolocation,/mnt/ubna_data_02_mir/recover-20220922/UBNA_001/20220921_090000.WAV,Telephone Field,recover-20220922,001,1795
1337.8955,1337.9405,68437,83503,Rhinolophus ferrumequinum,0.052,0.052,-1,Echolocation,/mnt/ubna_data_02_mir/recover-20220922/UBNA_001/20220921_090000.WAV,Telephone Field,recover-20220922,001,1795
1337.8985,1337.9071,28046,38041,Eptesicus serotinus,0.008,0.022,-1,Echolocation,/mnt/ubna_data_02_mir/recover-20220922/UBNA_001/20220921_090000.WAV,Telephone Field,recover-20220922,001,1795
1337.9305,1337.9696,68437,82487,Rhinolophus ferrumequinum,0.022,0.022,-1,Echolocation,/mnt/ubna_data_02_mir/recover-20220922/UBNA_001/20220921_090000.WAV,Telephone Field,recover-20220922,001,1795
1337.9405,1337.9795,68437,81945,Rhinolophus ferrumequinum,0.025,0.025,-1,Echolocation,/mnt/ubna_data_02_mir/recover-20220922/UBNA_001/20220921_090000.WAV,Telephone Field,recover-20220922,001,1795
1337.9535,1337.9902,68437,81350,Rhinolophus ferrumequinum,0.023,0.023,-1,Echolocation,/mnt/ubna_data_02_mir/recover-20220922/UBNA_001/20220921_090000.WAV,Telephone Field,recover-20220922,001,1795
1337.9615,1337.9973,68437,81497,Rhinolophus ferrumequinum,0.026,0.026,-1,Echolocation,/mnt/ubna_data_02_mir/recover-20220922/UBNA_001/20220921_090000.WAV,Telephone Field,recover-20220922,001,1795
1337.9845,1337.9934,44375,54201,Pipistrellus pipistrellus,0.013,0.022,-1,Echolocation,/mnt/ubna_data_02_mir/recover-20220922/UBNA_001/20220921_090000.WAV,Telephone Field,recover-20220922,001,1795
1338.0015,1338.0351,69296,81113,Rhinolophus ferrumequinum,0.025,0.025,-1,Echolocation,/mnt/ubna_data_02_mir/recover-20220922/UBNA_001/20220921_090000.WAV,Telephone Field,recover-20220922,001,1795
1338.0015,1338.0098,46093,52514,Pipistrellus pipistrellus,0.019,0.026,-1,Echolocation,/mnt/ubna_data_02_mir/recover-20220922/UBNA_001/20220921_090000.WAV,Telephone Field,recover-20220922,001,1795
1338.0015,1338.0111,22031,28409,Nyctalus leisleri,0.009,0.026,-1,Echolocation,/mnt/ubna_data_02_mir/recover-20220922/UBNA_001/20220921_090000.WAV,Telephone Field,recover-20220922,001,1795
1338.0085,1338.0473,68437,81995,Rhinolophus ferrumequinum,0.021,0.021,-1,Echolocation,/mnt/ubna_data_02_mir/recover-20220922/UBNA_001/20220921_090000.WAV,Telephone Field,recover-20220922,001,1795
1338.0165,1338.0249,28046,38155,Eptesicus serotinus,0.007,0.021,-1,Echolocation,/mnt/ubna_data_02_mir/recover-20220922/UBNA_001/20220921_090000.WAV,Telephone Field,recover-20220922,001,1795
1338.0435,1338.0506,24609,33908,Plecotus austriacus,0.008,0.023,-1,Echolocation,/mnt/ubna_data_02_mir/recover-20220922/UBNA_001/20220921_090000.WAV,Telephone Field,recover-20220922,001,1795
1338.0475,1338.0833,68437,81743,Rhinolophus ferrumequinum,0.021,0.021,-1,Echolocation,/mnt/ubna_data_02_mir/recover-20220922/UBNA_001/20220921_090000.WAV,Telephone Field,recover-20220922,001,1795
1338.0685,1338.0817,35781,40801,Pipistrellus nathusii,0.018,0.046,-1,Echolocation,/mnt/ubna_data_02_mir/recover-20220922/UBNA_001/20220921_090000.WAV,Telephone Field,recover-20220922,001,1795
1338.0755,1338.0844,23750,32551,Plecotus austriacus,0.008,0.026,-1,Echolocation,/mnt/ubna_data_02_mir/recover-20220922/UBNA_001/20220921_090000.WAV,Telephone Field,recover-20220922,001,1795
1338.1065,1338.1169,28906,36845,Eptesicus serotinus,0.011,0.024,-1,Echolocation,/mnt/ubna_data_02_mir/recover-20220922/UBNA_001/20220921_090000.WAV,Telephone Field,recover-20220922,001,1795
1338.1095,1338.1553,68437,83976,Rhinolophus ferrumequinum,0.071,0.071,-1,Echolocation,/mnt/ubna_data_02_mir/recover-20220922/UBNA_001/20220921_090000.WAV,Telephone Field,recover-20220922,001,1795
1338.1455,1338.1821,68437,81520,Rhinolophus ferrumequinum,0.022,0.022,-1,Echolocation,/mnt/ubna_data_02_mir/recover-20220922/UBNA_001/20220921_090000.WAV,Telephone Field,recover-20220922,001,1795
1338.1585,1338.1973,68437,81992,Rhinolophus ferrumequinum,0.022,0.022,-1,Echolocation,/mnt/ubna_data_02_mir/recover-20220922/UBNA_001/20220921_090000.WAV,Telephone Field,recover-20220922,001,1795
1338.1775,1338.2167,68437,82596,Rhinolophus ferrumequinum,0.041,0.041,-1,Echolocation,/mnt/ubna_data_02_mir/recover-20220922/UBNA_001/20220921_090000.WAV,Telephone Field,recover-20220922,001,1795
1338.1965,1338.2036,23750,32372,Plecotus austriacus,0.01,0.024,-1,Echolocation,/mnt/ubna_data_02_mir/recover-20220922/UBNA_001/20220921_090000.WAV,Telephone Field,recover-20220922,001,1795
1338.2065,1338.2432,68437,81713,Rhinolophus ferrumequinum,0.023,0.023,-1,Echolocation,/mnt/ubna_data_02_mir/recover-20220922/UBNA_001/20220921_090000.WAV,Telephone Field,recover-20220922,001,1795
1338.2165,1338.2547,68437,81464,Rhinolophus ferrumequinum,0.023,0.023,-1,Echolocation,/mnt/ubna_data_02_mir/recover-20220922/UBNA_001/20220921_090000.WAV,Telephone Field,recover-20220922,001,1795
1338.2175,1338.2298,22890,26380,Nyctalus leisleri,0.023,0.037,-1,Echolocation,/mnt/ubna_data_02_mir/recover-20220922/UBNA_001/20220921_090000.WAV,Telephone Field,recover-20220922,001,1795
1338.2425,1338.25,24609,33394,Plecotus austriacus,0.007,0.023,-1,Echolocation,/mnt/ubna_data_02_mir/recover-20220922/UBNA_001/20220921_090000.WAV,Telephone Field,recover-20220922,001,1795
1338.2455,1338.2825,68437,81681,Rhinolophus ferrumequinum,0.022,0.022,-1,Echolocation,/mnt/ubna_data_02_mir/recover-20220922/UBNA_001/20220921_090000.WAV,Telephone Field,recover-20220922,001,1795
1338.2515,1338.2884,68437,81992,Rhinolophus ferrumequinum,0.022,0.022,-1,Echolocation,/mnt/ubna_data_02_mir/recover-20220922/UBNA_001/20220921_090000.WAV,Telephone Field,recover-20220922,001,1795
1338.2825,1338.3206,68437,82059,Rhinolophus ferrumequinum,0.021,0.021,-1,Echolocation,/mnt/ubna_data_02_mir/recover-20220922/UBNA_001/20220921_090000.WAV,Telephone Field,recover-20220922,001,1795
1338.3415,1338.3824,68437,82555,Rhinolophus ferrumequinum,0.032,0.032,-1,Echolocation,/mnt/ubna_data_02_mir/recover-20220922/UBNA_001/20220921_090000.WAV,Telephone Field,recover-20220922,001,1795
1338.3575,1338.3695,22890,27013,Nyctalus leisleri,0.013,0.022,-1,Echolocation,/mnt/ubna_data_02_mir/recover-20220922/UBNA_001/20220921_090000.WAV,Telephone Field,recover-20220922,001,1795
1338.3645,1338.4028,68437,82021,Rhinolophus ferrumequinum,0.022,0.022,-1,Echolocation,/mnt/ubna_data_02_mir/recover-20220922/UBNA_001/20220921_090000.WAV,Telephone Field,recover-20220922,001,1795
1338.3715,1338.4085,68437,81892,Rhinolophus ferrumequinum,0.022,0.022,-1,Echolocation,/mnt/ubna_data_02_mir/recover-20220922/UBNA_001/20220921_090000.WAV,Telephone Field,recover-20220922,001,1795
1338.3755,1338.3836000000001,27187,36948,Eptesicus serotinus,0.008,0.023,-1,Echolocation,/mnt/ubna_data_02_mir/recover-20220922/UBNA_001/20220921_090000.WAV,Telephone Field,recover-20220922,001,1795
1338.3985,1338.4072,27187,39928,Eptesicus serotinus,0.008,0.022,-1,Echolocation,/mnt/ubna_data_02_mir/recover-20220922/UBNA_001/20220921_090000.WAV,Telephone Field,recover-20220922,001,1795
1338.4035,1338.4423,68437,81707,Rhinolophus ferrumequinum,0.022,0.022,-1,Echolocation,/mnt/ubna_data_02_mir/recover-20220922/UBNA_001/20220921_090000.WAV,Telephone Field,recover-20220922,001,1795
1338.4165,1338.4526,68437,81620,Rhinolophus ferrumequinum,0.034,0.034,-1,Echolocation,/mnt/ubna_data_02_mir/recover-20220922/UBNA_001/20220921_090000.WAV,Telephone Field,recover-20220922,001,1795
1338.4555,1338.4954,68437,82004,Rhinolophus ferrumequinum,0.026,0.026,-1,Echolocation,/mnt/ubna_data_02_mir/recover-20220922/UBNA_001/20220921_090000.WAV,Telephone Field,recover-20220922,001,1795
1338.4795,1338.5206,68437,82794,Rhinolophus ferrumequinum,0.028,0.028,-1,Echolocation,/mnt/ubna_data_02_mir/recover-20220922/UBNA_001/20220921_090000.WAV,Telephone Field,recover-20220922,001,1795
1338.5195,1338.5604,68437,82370,Rhinolophus ferrumequinum,0.025,0.025,-1,Echolocation,/mnt/ubna_data_02_mir/recover-20220922/UBNA_001/20220921_090000.WAV,Telephone Field,recover-20220922,001,1795
1338.5365,1338.5754,68437,82353,Rhinolophus ferrumequinum,0.021,0.021,-1,Echolocation,/mnt/ubna_data_02_mir/recover-20220922/UBNA_001/20220921_090000.WAV,Telephone Field,recover-20220922,001,1795
1338.5445,1338.5869,68437,82572,Rhinolophus ferrumequinum,0.025,0.025,-1,Echolocation,/mnt/ubna_data_02_mir/recover-20220922/UBNA_001/20220921_090000.WAV,Telephone Field,recover-20220922,001,1795
1338.5845,1338.6231,68437,82187,Rhinolophus ferrumequinum,0.022,0.022,-1,Echolocation,/mnt/ubna_data_02_mir/recover-20220922/UBNA_001/20220921_090000.WAV,Telephone Field,recover-20220922,001,1795
1338.6115,1338.624,34062,39318,Eptesicus serotinus,0.008,0.029,-1,Echolocation,/mnt/ubna_data_02_mir/recover-20220922/UBNA_001/20220921_090000.WAV,Telephone Field,recover-20220922,001,1795
1338.6155,1338.6239,28906,38157,Eptesicus serotinus,0.007,0.022,-1,Echolocation,/mnt/ubna_data_02_mir/recover-20220922/UBNA_001/20220921_090000.WAV,Telephone Field,recover-20220922,001,1795
1338.6255,1338.6683,68437,83407,Rhinolophus ferrumequinum,0.028,0.028,-1,Echolocation,/mnt/ubna_data_02_mir/recover-20220922/UBNA_001/20220921_090000.WAV,Telephone Field,recover-20220922,001,1795
1338.6435,1338.6533,24609,31137,Nyctalus leisleri,0.009,0.026,-1,Echolocation,/mnt/ubna_data_02_mir/recover-20220922/UBNA_001/20220921_090000.WAV,Telephone Field,recover-20220922,001,1795
1338.6475,1338.6832,68437,80363,Rhinolophus ferrumequinum,0.031,0.031,-1,Echolocation,/mnt/ubna_data_02_mir/recover-20220922/UBNA_001/20220921_090000.WAV,Telephone Field,recover-20220922,001,1795
1338.6925,1338.6987,27187,42116,Eptesicus serotinus,0.005,0.027,-1,Echolocation,/mnt/ubna_data_02_mir/recover-20220922/UBNA_001/20220921_090000.WAV,Telephone Field,recover-20220922,001,1795
1338.7185,1338.7587,68437,82373,Rhinolophus ferrumequinum,0.024,0.024,-1,Echolocation,/mnt/ubna_data_02_mir/recover-20220922/UBNA_001/20220921_090000.WAV,Telephone Field,recover-20220922,001,1795
1338.7525,1338.791,68437,81521,Rhinolophus ferrumequinum,0.021,0.021,-1,Echolocation,/mnt/ubna_data_02_mir/recover-20220922/UBNA_001/20220921_090000.WAV,Telephone Field,recover-20220922,001,1795
1338.7645,1338.798,68437,81172,Rhinolophus ferrumequinum,0.024,0.024,-1,Echolocation,/mnt/ubna_data_02_mir/recover-20220922/UBNA_001/20220921_090000.WAV,Telephone Field,recover-20220922,001,1795
1338.7715,1338.8067,68437,81834,Rhinolophus ferrumequinum,0.021,0.021,-1,Echolocation,/mnt/ubna_data_02_mir/recover-20220922/UBNA_001/20220921_090000.WAV,Telephone Field,recover-20220922,001,1795
1338.7925,1338.8007,22031,29217,Plecotus austriacus,0.011,0.023,-1,Echolocation,/mnt/ubna_data_02_mir/recover-20220922/UBNA_001/20220921_090000.WAV,Telephone Field,recover-20220922,001,1795
1338.7955,1338.8331,68437,81914,Rhinolophus ferrumequinum,0.029,0.029,-1,Echolocation,/mnt/ubna_data_02_mir/recover-20220922/UBNA_001/20220921_090000.WAV,Telephone Field,recover-20220922,001,1795
1338.8185,1338.8538,68437,81724,Rhinolophus ferrumequinum,0.023,0.024,-1,Echolocation,/mnt/ubna_data_02_mir/recover-20220922/UBNA_001/20220921_090000.WAV,Telephone Field,recover-20220922,001,1795
1338.8435,1338.8613,21171,24490,Nyctalus leisleri,0.012,0.022,-1,Echolocation,/mnt/ubna_data_02_mir/recover-20220922/UBNA_001/20220921_090000.WAV,Telephone Field,recover-20220922,001,1795
1338.8685,1338.8795,22890,28254,Nyctalus leisleri,0.009,0.022,-1,Echolocation,/mnt/ubna_data_02_mir/recover-20220922/UBNA_001/20220921_090000.WAV,Telephone Field,recover-20220922,001,1795
1338.8775,1338.8859,28046,39084,Eptesicus serotinus,0.009,0.023,-1,Echolocation,/mnt/ubna_data_02_mir/recover-20220922/UBNA_001/20220921_090000.WAV,Telephone Field,recover-20220922,001,1795
1338.8895,1338.9282,68437,81815,Rhinolophus ferrumequinum,0.028,0.028,-1,Echolocation,/mnt/ubna_data_02_mir/recover-20220922/UBNA_001/20220921_090000.WAV,Telephone Field,recover-20220922,001,1795
1338.9005,1338.9383,68437,82431,Rhinolophus ferrumequinum,0.022,0.022,-1,Echolocation,/mnt/ubna_data_02_mir/recover-20220922/UBNA_001/20220921_090000.WAV,Telephone Field,recover-20220922,001,1795
1338.9125,1338.9509,68437,82193,Rhinolophus ferrumequinum,0.022,0.022,-1,Echolocation,/mnt/ubna_data_02_mir/recover-20220922/UBNA_001/20220921_090000.WAV,Telephone Field,recover-20220922,001,1795
1338.9195,1338.9297,23750,29770,Nyctalus leisleri,0.009,0.023,-1,Echolocation,/mnt/ubna_data_02_mir/recover-20220922/UBNA_001/20220921_090000.WAV,Telephone Field,recover-20220922,001,1795
1338.9425,1338.9494,27187,41574,Eptesicus serotinus,0.006,0.025,-1,Echolocation,/mnt/ubna_data_02_mir/recover-20220922/UBNA_001/20220921_090000.WAV,Telephone Field,recover-20220922,001,1795
1338.9525,1338.9896,68437,81497,Rhinolophus ferrumequinum,0.022,0.022,-1,Echolocation,/mnt/ubna_data_02_mir/recover-20220922/UBNA_001/20220921_090000.WAV,Telephone Field,recover-20220922,001,1795
1338.9545,1338.9649,24609,30398,Nyctalus leisleri,0.011,0.028,-1,Echolocation,/mnt/ubna_data_02_mir/recover-20220922/UBNA_001/20220921_090000.WAV,Telephone Field,recover-20220922,001,1795
1338.9655,1339.0051,68437,82640,Rhinolophus ferrumequinum,0.023,0.023,-1,Echolocation,/mnt/ubna_data_02_mir/recover-20220922/UBNA_001/20220921_090000.WAV,Telephone Field,recover-20220922,001,1795
1339.0105,1339.0502,68437,82702,Rhinolophus ferrumequinum,0.022,0.022,-1,Echolocation,/mnt/ubna_data_02_mir/recover-20220922/UBNA_001/20220921_090000.WAV,Telephone Field,recover-20220922,001,1795
1339.0115,1339.0247,22031,26635,Nyctalus leisleri,0.016,0.032,-1,Echolocation,/mnt/ubna_data_02_mir/recover-20220922/UBNA_001/20220921_090000.WAV,Telephone Field,recover-20220922,001,1795
1339.0555,1339.0952,68437,82050,Rhinolophus ferrumequinum,0.028,0.029,-1,Echolocation,/mnt/ubna_data_02_mir/recover-20220922/UBNA_001/20220921_090000.WAV,Telephone Field,recover-20220922,001,1795
1339.1225,1339.1598,68437,82182,Rhinolophus ferrumequinum,0.021,0.021,-1,Echolocation,/mnt/ubna_data_02_mir/recover-20220922/UBNA_001/20220921_090000.WAV,Telephone Field,recover-20220922,001,1795
1339.1335,1339.1424,28906,36057,Eptesicus serotinus,0.01,0.024,-1,Echolocation,/mnt/ubna_data_02_mir/recover-20220922/UBNA_001/20220921_090000.WAV,Telephone Field,recover-20220922,001,1795
1339.1385,1339.1764,68437,82075,Rhinolophus ferrumequinum,0.021,0.021,-1,Echolocation,/mnt/ubna_data_02_mir/recover-20220922/UBNA_001/20220921_090000.WAV,Telephone Field,recover-20220922,001,1795
1339.1875,1339.1978,28046,36171,Eptesicus serotinus,0.01,0.021,-1,Echolocation,/mnt/ubna_data_02_mir/recover-20220922/UBNA_001/20220921_090000.WAV,Telephone Field,recover-20220922,001,1795
1339.1935,1339.232,68437,82418,Rhinolophus ferrumequinum,0.024,0.024,-1,Echolocation,/mnt/ubna_data_02_mir/recover-20220922/UBNA_001/20220921_090000.WAV,Telephone Field,recover-20220922,001,1795
1339.2085,1339.2167,28906,37452,Eptesicus serotinus,0.006,0.022,-1,Echolocation,/mnt/ubna_data_02_mir/recover-20220922/UBNA_001/20220921_090000.WAV,Telephone Field,recover-20220922,001,1795
1339.2295,1339.27,68437,82427,Rhinolophus ferrumequinum,0.024,0.024,-1,Echolocation,/mnt/ubna_data_02_mir/recover-20220922/UBNA_001/20220921_090000.WAV,Telephone Field,recover-20220922,001,1795
1339.2535,1339.2901,68437,81475,Rhinolophus ferrumequinum,0.022,0.022,-1,Echolocation,/mnt/ubna_data_02_mir/recover-20220922/UBNA_001/20220921_090000.WAV,Telephone Field,recover-20220922,001,1795
1339.2715,1339.311,68437,82269,Rhinolophus ferrumequinum,0.021,0.021,-1,Echolocation,/mnt/ubna_data_02_mir/recover-20220922/UBNA_001/20220921_090000.WAV,Telephone Field,recover-20220922,001,1795
1339.2955,1339.3345,68437,82564,Rhinolophus ferrumequinum,0.023,0.023,-1,Echolocation,/mnt/ubna_data_02_mir/recover-20220922/UBNA_001/20220921_090000.WAV,Telephone Field,recover-20220922,001,1795
1339.3025,1339.3123,23750,30797,Nyctalus leisleri,0.009,0.027,-1,Echolocation,/mnt/ubna_data_02_mir/recover-20220922/UBNA_001/20220921_090000.WAV,Telephone Field,recover-20220922,001,1795
1339.3275,1339.3353,27187,39310,Eptesicus serotinus,0.007,0.023,-1,Echolocation,/mnt/ubna_data_02_mir/recover-20220922/UBNA_001/20220921_090000.WAV,Telephone Field,recover-20220922,001,1795
1339.3355,1339.372,68437,82184,Rhinolophus ferrumequinum,0.024,0.024,-1,Echolocation,/mnt/ubna_data_02_mir/recover-20220922/UBNA_001/20220921_090000.WAV,Telephone Field,recover-20220922,001,1795
1339.3465,1339.3854,68437,82384,Rhinolophus ferrumequinum,0.022,0.022,-1,Echolocation,/mnt/ubna_data_02_mir/recover-20220922/UBNA_001/20220921_090000.WAV,Telephone Field,recover-20220922,001,1795
1339.3565,1339.3964,68437,82570,Rhinolophus ferrumequinum,0.022,0.022,-1,Echolocation,/mnt/ubna_data_02_mir/recover-20220922/UBNA_001/20220921_090000.WAV,Telephone Field,recover-20220922,001,1795
1339.3695,1339.4046,68437,81790,Rhinolophus ferrumequinum,0.021,0.021,-1,Echolocation,/mnt/ubna_data_02_mir/recover-20220922/UBNA_001/20220921_090000.WAV,Telephone Field,recover-20220922,001,1795
1339.4015,1339.4088,28046,39617,Eptesicus serotinus,0.007,0.021,-1,Echolocation,/mnt/ubna_data_02_mir/recover-20220922/UBNA_001/20220921_090000.WAV,Telephone Field,recover-20220922,001,1795
1339.4215,1339.4311,46953,50869,Pipistrellus pipistrellus,0.019,0.021,-1,Echolocation,/mnt/ubna_data_02_mir/recover-20220922/UBNA_001/20220921_090000.WAV,Telephone Field,recover-20220922,001,1795
1339.4405,1339.4746,68437,80902,Rhinolophus ferrumequinum,0.021,0.021,-1,Echolocation,/mnt/ubna_data_02_mir/recover-20220922/UBNA_001/20220921_090000.WAV,Telephone Field,recover-20220922,001,1795
1339.4575,1339.4659,28046,37779,Eptesicus serotinus,0.007,0.021,-1,Echolocation,/mnt/ubna_data_02_mir/recover-20220922/UBNA_001/20220921_090000.WAV,Telephone Field,recover-20220922,001,1795
1339.4725,1339.4828,24609,31716,Nyctalus leisleri,0.009,0.027,-1,Echolocation,/mnt/ubna_data_02_mir/recover-20220922/UBNA_001/20220921_090000.WAV,Telephone Field,recover-20220922,001,1795
1339.4725,1339.5104,68437,82023,Rhinolophus ferrumequinum,0.026,0.026,-1,Echolocation,/mnt/ubna_data_02_mir/recover-20220922/UBNA_001/20220921_090000.WAV,Telephone Field,recover-20220922,001,1795
1339.4745,1339.4835,28906,37488,Eptesicus serotinus,0.012,0.027,-1,Echolocation,/mnt/ubna_data_02_mir/recover-20220922/UBNA_001/20220921_090000.WAV,Telephone Field,recover-20220922,001,1795
1339.4935,1339.5335,68437,82560,Rhinolophus ferrumequinum,0.026,0.026,-1,Echolocation,/mnt/ubna_data_02_mir/recover-20220922/UBNA_001/20220921_090000.WAV,Telephone Field,recover-20220922,001,1795
1339.4955,1339.5085,22031,27653,Nyctalus leisleri,0.021,0.05,-1,Echolocation,/mnt/ubna_data_02_mir/recover-20220922/UBNA_001/20220921_090000.WAV,Telephone Field,recover-20220922,001,1795
1339.5125,1339.5534,68437,82573,Rhinolophus ferrumequinum,0.025,0.025,-1,Echolocation,/mnt/ubna_data_02_mir/recover-20220922/UBNA_001/20220921_090000.WAV,Telephone Field,recover-20220922,001,1795
1339.5335,1339.5716,68437,82067,Rhinolophus ferrumequinum,0.021,0.021,-1,Echolocation,/mnt/ubna_data_02_mir/recover-20220922/UBNA_001/20220921_090000.WAV,Telephone Field,recover-20220922,001,1795
1339.5405,1339.5493,24609,32347,Nyctalus leisleri,0.007,0.021,-1,Echolocation,/mnt/ubna_data_02_mir/recover-20220922/UBNA_001/20220921_090000.WAV,Telephone Field,recover-20220922,001,1795
1339.5585,1339.574,22031,26022,Nyctalus leisleri,0.018,0.031,-1,Echolocation,/mnt/ubna_data_02_mir/recover-20220922/UBNA_001/20220921_090000.WAV,Telephone Field,recover-20220922,001,1795
1339.5595,1339.5967,68437,81745,Rhinolophus ferrumequinum,0.021,0.021,-1,Echolocation,/mnt/ubna_data_02_mir/recover-20220922/UBNA_001/20220921_090000.WAV,Telephone Field,recover-20220922,001,1795
1339.5995,1339.6396,68437,82785,Rhinolophus ferrumequinum,0.028,0.028,-1,Echolocation,/mnt/ubna_data_02_mir/recover-20220922/UBNA_001/20220921_090000.WAV,Telephone Field,recover-20220922,001,1795
1339.6155,1339.6228,28046,40774,Eptesicus serotinus,0.006,0.021,-1,Echolocation,/mnt/ubna_data_02_mir/recover-20220922/UBNA_001/20220921_090000.WAV,Telephone Field,recover-20220922,001,1795
1339.6295,1339.6687,68437,82190,Rhinolophus ferrumequinum,0.023,0.023,-1,Echolocation,/mnt/ubna_data_02_mir/recover-20220922/UBNA_001/20220921_090000.WAV,Telephone Field,recover-20220922,001,1795
1339.6565,1339.688,68437,80303,Rhinolophus ferrumequinum,0.022,0.023,-1,Echolocation,/mnt/ubna_data_02_mir/recover-20220922/UBNA_001/20220921_090000.WAV,Telephone Field,recover-20220922,001,1795
1339.6885,1339.709,18593,21985,Nyctalus noctula,0.015,0.026,-1,Echolocation,/mnt/ubna_data_02_mir/recover-20220922/UBNA_001/20220921_090000.WAV,Telephone Field,recover-20220922,001,1795
1339.7115,1339.7497,68437,82362,Rhinolophus ferrumequinum,0.028,0.028,-1,Echolocation,/mnt/ubna_data_02_mir/recover-20220922/UBNA_001/20220921_090000.WAV,Telephone Field,recover-20220922,001,1795
1339.7405,1339.7762,68437,80208,Rhinolophus ferrumequinum,0.026,0.026,-1,Echolocation,/mnt/ubna_data_02_mir/recover-20220922/UBNA_001/20220921_090000.WAV,Telephone Field,recover-20220922,001,1795
1339.7515,1339.7883,68437,80890,Rhinolophus ferrumequinum,0.023,0.023,-1,Echolocation,/mnt/ubna_data_02_mir/recover-20220922/UBNA_001/20220921_090000.WAV,Telephone Field,recover-20220922,001,1795
1339.7605,1339.796,68437,81468,Rhinolophus ferrumequinum,0.024,0.024,-1,Echolocation,/mnt/ubna_data_02_mir/recover-20220922/UBNA_001/20220921_090000.WAV,Telephone Field,recover-20220922,001,1795
1339.7775,1339.7857,28046,37754,Eptesicus serotinus,0.02,0.039,-1,Echolocation,/mnt/ubna_data_02_mir/recover-20220922/UBNA_001/20220921_090000.WAV,Telephone Field,recover-20220922,001,1795
1339.8005,1339.8384,68437,81613,Rhinolophus ferrumequinum,0.022,0.022,-1,Echolocation,/mnt/ubna_data_02_mir/recover-20220922/UBNA_001/20220921_090000.WAV,Telephone Field,recover-20220922,001,1795
1339.8265,1339.8602,68437,80619,Rhinolophus ferrumequinum,0.022,0.022,-1,Echolocation,/mnt/ubna_data_02_mir/recover-20220922/UBNA_001/20220921_090000.WAV,Telephone Field,recover-20220922,001,1795
1339.8385,1339.8741,68437,81461,Rhinolophus ferrumequinum,0.021,0.021,-1,Echolocation,/mnt/ubna_data_02_mir/recover-20220922/UBNA_001/20220921_090000.WAV,Telephone Field,recover-20220922,001,1795
1339.8565,1339.8693,22031,25530,Nyctalus leisleri,0.016,0.026,-1,Echolocation,/mnt/ubna_data_02_mir/recover-20220922/UBNA_001/20220921_090000.WAV,Telephone Field,recover-20220922,001,1795
1339.8805,1339.917,68437,81754,Rhinolophus ferrumequinum,0.021,0.021,-1,Echolocation,/mnt/ubna_data_02_mir/recover-20220922/UBNA_001/20220921_090000.WAV,Telephone Field,recover-20220922,001,1795
1339.9225,1339.9308,44375,50022,Pipistrellus pipistrellus,0.024,0.029,-1,Echolocation,/mnt/ubna_data_02_mir/recover-20220922/UBNA_001/20220921_090000.WAV,Telephone Field,recover-20220922,001,1795
1339.9885,1339.9997,27187,35645,Eptesicus serotinus,0.023,0.041,-1,Echolocation,/mnt/ubna_data_02_mir/recover-20220922/UBNA_001/20220921_090000.WAV,Telephone Field,recover-20220922,001,1795
1340.0015,1340.0142,46953,51612,Pipistrellus pipistrellus,0.035,0.042,-1,Echolocation,/mnt/ubna_data_02_mir/recover-20220922/UBNA_001/20220921_090000.WAV,Telephone Field,recover-20220922,001,1795
1340.0015,1340.0122,29765,36331,Eptesicus serotinus,0.01,0.029,-1,Echolocation,/mnt/ubna_data_02_mir/recover-20220922/UBNA_001/20220921_090000.WAV,Telephone Field,recover-20220922,001,1795
1340.0185,1340.0597,68437,82369,Rhinolophus ferrumequinum,0.024,0.024,-1,Echolocation,/mnt/ubna_data_02_mir/recover-20220922/UBNA_001/20220921_090000.WAV,Telephone Field,recover-20220922,001,1795
1340.0605,1340.0999,68437,82296,Rhinolophus ferrumequinum,0.022,0.022,-1,Echolocation,/mnt/ubna_data_02_mir/recover-20220922/UBNA_001/20220921_090000.WAV,Telephone Field,recover-20220922,001,1795
1340.0975,1340.1053,26328,35902,Eptesicus serotinus,0.008,0.022,-1,Echolocation,/mnt/ubna_data_02_mir/recover-20220922/UBNA_001/20220921_090000.WAV,Telephone Field,recover-20220922,001,1795
1340.1105,1340.1497,68437,82480,Rhinolophus ferrumequinum,0.023,0.023,-1,Echolocation,/mnt/ubna_data_02_mir/recover-20220922/UBNA_001/20220921_090000.WAV,Telephone Field,recover-20220922,001,1795
1340.1835,1340.1992,20312,24099,Nyctalus leisleri,0.012,0.025,-1,Echolocation,/mnt/ubna_data_02_mir/recover-20220922/UBNA_001/20220921_090000.WAV,Telephone Field,recover-20220922,001,1795
1340.1835,1340.226,68437,83003,Rhinolophus ferrumequinum,0.025,0.025,-1,Echolocation,/mnt/ubna_data_02_mir/recover-20220922/UBNA_001/20220921_090000.WAV,Telephone Field,recover-20220922,001,1795
1340.1905,1340.2322,68437,82832,Rhinolophus ferrumequinum,0.027,0.027,-1,Echolocation,/mnt/ubna_data_02_mir/recover-20220922/UBNA_001/20220921_090000.WAV,Telephone Field,recover-20220922,001,1795
1340.2025,1340.2441,68437,83020,Rhinolophus ferrumequinum,0.023,0.023,-1,Echolocation,/mnt/ubna_data_02_mir/recover-20220922/UBNA_001/20220921_090000.WAV,Telephone Field,recover-20220922,001,1795
1340.2115,1340.2185,27187,38736,Eptesicus serotinus,0.006,0.021,-1,Echolocation,/mnt/ubna_data_02_mir/recover-20220922/UBNA_001/20220921_090000.WAV,Telephone Field,recover-20220922,001,1795
1340.2775,1340.3189,68437,82701,Rhinolophus ferrumequinum,0.026,0.026,-1,Echolocation,/mnt/ubna_data_02_mir/recover-20220922/UBNA_001/20220921_090000.WAV,Telephone Field,recover-20220922,001,1795
1340.3135,1340.3524,68437,81881,Rhinolophus ferrumequinum,0.022,0.022,-1,Echolocation,/mnt/ubna_data_02_mir/recover-20220922/UBNA_001/20220921_090000.WAV,Telephone Field,recover-20220922,001,1795
1340.3285,1340.3353,28046,38258,Eptesicus serotinus,0.006,0.021,-1,Echolocation,/mnt/ubna_data_02_mir/recover-20220922/UBNA_001/20220921_090000.WAV,Telephone Field,recover-20220922,001,1795
1340.3435,1340.3824,68437,82182,Rhinolophus ferrumequinum,0.021,0.021,-1,Echolocation,/mnt/ubna_data_02_mir/recover-20220922/UBNA_001/20220921_090000.WAV,Telephone Field,recover-20220922,001,1795
1340.3455,1340.3557,35781,46595,Pipistrellus nathusii,0.005,0.024,-1,Echolocation,/mnt/ubna_data_02_mir/recover-20220922/UBNA_001/20220921_090000.WAV,Telephone Field,recover-20220922,001,1795
1340.3615,1340.3942,67578,79370,Rhinolophus ferrumequinum,0.023,0.023,-1,Echolocation,/mnt/ubna_data_02_mir/recover-20220922/UBNA_001/20220921_090000.WAV,Telephone Field,recover-20220922,001,1795
1340.3885,1340.427,68437,82028,Rhinolophus ferrumequinum,0.021,0.021,-1,Echolocation,/mnt/ubna_data_02_mir/recover-20220922/UBNA_001/20220921_090000.WAV,Telephone Field,recover-20220922,001,1795
1340.4045,1340.443,68437,82072,Rhinolophus ferrumequinum,0.025,0.025,-1,Echolocation,/mnt/ubna_data_02_mir/recover-20220922/UBNA_001/20220921_090000.WAV,Telephone Field,recover-20220922,001,1795
1340.4305,1340.474,68437,83660,Rhinolophus ferrumequinum,0.028,0.028,-1,Echolocation,/mnt/ubna_data_02_mir/recover-20220922/UBNA_001/20220921_090000.WAV,Telephone Field,recover-20220922,001,1795
1340.4525,1340.4902,68437,82372,Rhinolophus ferrumequinum,0.021,0.022,-1,Echolocation,/mnt/ubna_data_02_mir/recover-20220922/UBNA_001/20220921_090000.WAV,Telephone Field,recover-20220922,001,1795
1340.4765,1340.4882,24609,31020,Nyctalus leisleri,0.01,0.027,-1,Echolocation,/mnt/ubna_data_02_mir/recover-20220922/UBNA_001/20220921_090000.WAV,Telephone Field,recover-20220922,001,1795
1340.4825,1340.5232,68437,82393,Rhinolophus ferrumequinum,0.022,0.022,-1,Echolocation,/mnt/ubna_data_02_mir/recover-20220922/UBNA_001/20220921_090000.WAV,Telephone Field,recover-20220922,001,1795
1340.4875,1340.5262,68437,81901,Rhinolophus ferrumequinum,0.022,0.022,-1,Echolocation,/mnt/ubna_data_02_mir/recover-20220922/UBNA_001/20220921_090000.WAV,Telephone Field,recover-20220922,001,1795
1340.4895,1340.4999,55546,59894,Pipistrellus pygmaeus,0.026,0.026,-1,Echolocation,/mnt/ubna_data_02_mir/recover-20220922/UBNA_001/20220921_090000.WAV,Telephone Field,recover-20220922,001,1795
1340.4945,1340.5341,68437,82270,Rhinolophus ferrumequinum,0.022,0.022,-1,Echolocation,/mnt/ubna_data_02_mir/recover-20220922/UBNA_001/20220921_090000.WAV,Telephone Field,recover-20220922,001,1795
1340.4995,1340.5077,27187,35269,Eptesicus serotinus,0.018,0.039,-1,Echolocation,/mnt/ubna_data_02_mir/recover-20220922/UBNA_001/20220921_090000.WAV,Telephone Field,recover-20220922,001,1795
1340.5205,1340.5596,68437,81291,Rhinolophus ferrumequinum,0.025,0.025,-1,Echolocation,/mnt/ubna_data_02_mir/recover-20220922/UBNA_001/20220921_090000.WAV,Telephone Field,recover-20220922,001,1795
1340.5285,1340.5652,68437,82074,Rhinolophus ferrumequinum,0.021,0.021,-1,Echolocation,/mnt/ubna_data_02_mir/recover-20220922/UBNA_001/20220921_090000.WAV,Telephone Field,recover-20220922,001,1795
1340.5385,1340.5758,68437,81740,Rhinolophus ferrumequinum,0.021,0.021,-1,Echolocation,/mnt/ubna_data_02_mir/recover-20220922/UBNA_001/20220921_090000.WAV,Telephone Field,recover-20220922,001,1795
1340.5805,1340.5927,29765,36545,Eptesicus serotinus,0.018,0.03,-1,Echolocation,/mnt/ubna_data_02_mir/recover-20220922/UBNA_001/20220921_090000.WAV,Telephone Field,recover-20220922,001,1795
1340.5865,1340.6259,68437,82562,Rhinolophus ferrumequinum,0.025,0.025,-1,Echolocation,/mnt/ubna_data_02_mir/recover-20220922/UBNA_001/20220921_090000.WAV,Telephone Field,recover-20220922,001,1795
1340.5965,1340.634,68437,81982,Rhinolophus ferrumequinum,0.022,0.023,-1,Echolocation,/mnt/ubna_data_02_mir/recover-20220922/UBNA_001/20220921_090000.WAV,Telephone Field,recover-20220922,001,1795
1340.6045,1340.64,68437,81640,Rhinolophus ferrumequinum,0.021,0.021,-1,Echolocation,/mnt/ubna_data_02_mir/recover-20220922/UBNA_001/20220921_090000.WAV,Telephone Field,recover-20220922,001,1795
1340.6485,1340.6852,68437,81806,Rhinolophus ferrumequinum,0.021,0.021,-1,Echolocation,/mnt/ubna_data_02_mir/recover-20220922/UBNA_001/20220921_090000.WAV,Telephone Field,recover-20220922,001,1795
1340.6915,1340.7279,68437,81735,Rhinolophus ferrumequinum,0.024,0.024,-1,Echolocation,/mnt/ubna_data_02_mir/recover-20220922/UBNA_001/20220921_090000.WAV,Telephone Field,recover-20220922,001,1795
1340.6965,1340.707,38359,43544,Pipistrellus nathusii,0.007,0.025,-1,Echolocation,/mnt/ubna_data_02_mir/recover-20220922/UBNA_001/20220921_090000.WAV,Telephone Field,recover-20220922,001,1795
1340.6995,1340.7056,34062,44327,Myotis daubentonii,0.011,0.024,-1,Echolocation,/mnt/ubna_data_02_mir/recover-20220922/UBNA_001/20220921_090000.WAV,Telephone Field,recover-20220922,001,1795
1340.7115,1340.7218,23750,29396,Nyctalus leisleri,0.009,0.022,-1,Echolocation,/mnt/ubna_data_02_mir/recover-20220922/UBNA_001/20220921_090000.WAV,Telephone Field,recover-20220922,001,1795
1340.7175,1340.7597,68437,82926,Rhinolophus ferrumequinum,0.028,0.028,-1,Echolocation,/mnt/ubna_data_02_mir/recover-20220922/UBNA_001/20220921_090000.WAV,Telephone Field,recover-20220922,001,1795
1340.7385,1340.7785,68437,81872,Rhinolophus ferrumequinum,0.022,0.022,-1,Echolocation,/mnt/ubna_data_02_mir/recover-20220922/UBNA_001/20220921_090000.WAV,Telephone Field,recover-20220922,001,1795
1340.7445,1340.7818,68437,81631,Rhinolophus ferrumequinum,0.022,0.022,-1,Echolocation,/mnt/ubna_data_02_mir/recover-20220922/UBNA_001/20220921_090000.WAV,Telephone Field,recover-20220922,001,1795
1340.7445,1340.7527,25468,33884,Eptesicus serotinus,0.007,0.021,-1,Echolocation,/mnt/ubna_data_02_mir/recover-20220922/UBNA_001/20220921_090000.WAV,Telephone Field,recover-20220922,001,1795
1340.8325,1340.8663999999999,68437,80874,Rhinolophus ferrumequinum,0.021,0.021,-1,Echolocation,/mnt/ubna_data_02_mir/recover-20220922/UBNA_001/20220921_090000.WAV,Telephone Field,recover-20220922,001,1795
1340.8395,1340.8494,23750,30361,Eptesicus serotinus,0.007,0.021,-1,Echolocation,/mnt/ubna_data_02_mir/recover-20220922/UBNA_001/20220921_090000.WAV,Telephone Field,recover-20220922,001,1795
1340.8725,1340.9125,68437,82678,Rhinolophus ferrumequinum,0.028,0.029,-1,Echolocation,/mnt/ubna_data_02_mir/recover-20220922/UBNA_001/20220921_090000.WAV,Telephone Field,recover-20220922,001,1795
1340.8875,1340.8966,24609,31327,Nyctalus leisleri,0.007,0.022,-1,Echolocation,/mnt/ubna_data_02_mir/recover-20220922/UBNA_001/20220921_090000.WAV,Telephone Field,recover-20220922,001,1795
1340.9425,1340.9824,68437,81797,Rhinolophus ferrumequinum,0.023,0.023,-1,Echolocation,/mnt/ubna_data_02_mir/recover-20220922/UBNA_001/20220921_090000.WAV,Telephone Field,recover-20220922,001,1795
1340.9605,1341.0005,68437,82421,Rhinolophus ferrumequinum,0.028,0.028,-1,Echolocation,/mnt/ubna_data_02_mir/recover-20220922/UBNA_001/20220921_090000.WAV,Telephone Field,recover-20220922,001,1795
1341.0515,1341.0919,68437,82235,Rhinolophus ferrumequinum,0.023,0.023,-1,Echolocation,/mnt/ubna_data_02_mir/recover-20220922/UBNA_001/20220921_090000.WAV,Telephone Field,recover-20220922,001,1795
1341.0595,1341.0958,68437,81436,Rhinolophus ferrumequinum,0.022,0.022,-1,Echolocation,/mnt/ubna_data_02_mir/recover-20220922/UBNA_001/20220921_090000.WAV,Telephone Field,recover-20220922,001,1795
1341.0825,1341.093,23750,29652,Nyctalus leisleri,0.008,0.021,-1,Echolocation,/mnt/ubna_data_02_mir/recover-20220922/UBNA_001/20220921_090000.WAV,Telephone Field,recover-20220922,001,1795
1341.0925,1341.133,68437,82274,Rhinolophus ferrumequinum,0.023,0.024,-1,Echolocation,/mnt/ubna_data_02_mir/recover-20220922/UBNA_001/20220921_090000.WAV,Telephone Field,recover-20220922,001,1795
1341.1255,1341.1347,23750,31287,Eptesicus serotinus,0.007,0.024,-1,Echolocation,/mnt/ubna_data_02_mir/recover-20220922/UBNA_001/20220921_090000.WAV,Telephone Field,recover-20220922,001,1795
1341.1495,1341.1572,44375,49946,Pipistrellus pipistrellus,0.019,0.022,-1,Echolocation,/mnt/ubna_data_02_mir/recover-20220922/UBNA_001/20220921_090000.WAV,Telephone Field,recover-20220922,001,1795
1341.1505,1341.1613,22890,28707,Nyctalus leisleri,0.01,0.023,-1,Echolocation,/mnt/ubna_data_02_mir/recover-20220922/UBNA_001/20220921_090000.WAV,Telephone Field,recover-20220922,001,1795
1341.1805,1341.1899,22890,29531,Plecotus austriacus,0.007,0.021,-1,Echolocation,/mnt/ubna_data_02_mir/recover-20220922/UBNA_001/20220921_090000.WAV,Telephone Field,recover-20220922,001,1795
1341.1965,1341.2357,68437,81517,Rhinolophus ferrumequinum,0.022,0.022,-1,Echolocation,/mnt/ubna_data_02_mir/recover-20220922/UBNA_001/20220921_090000.WAV,Telephone Field,recover-20220922,001,1795
1341.2075,1341.2493,68437,82935,Rhinolophus ferrumequinum,0.027,0.027,-1,Echolocation,/mnt/ubna_data_02_mir/recover-20220922/UBNA_001/20220921_090000.WAV,Telephone Field,recover-20220922,001,1795
1341.2365,1341.2748,68437,81808,Rhinolophus ferrumequinum,0.022,0.022,-1,Echolocation,/mnt/ubna_data_02_mir/recover-20220922/UBNA_001/20220921_090000.WAV,Telephone Field,recover-20220922,001,1795
1341.2655,1341.2748,28046,36145,Eptesicus serotinus,0.008,0.021,-1,Echolocation,/mnt/ubna_data_02_mir/recover-20220922/UBNA_001/20220921_090000.WAV,Telephone Field,recover-20220922,001,1795
1341.2695,1341.3074,68437,82229,Rhinolophus ferrumequinum,0.021,0.021,-1,Echolocation,/mnt/ubna_data_02_mir/recover-20220922/UBNA_001/20220921_090000.WAV,Telephone Field,recover-20220922,001,1795
1341.2935,1341.3322,68437,81946,Rhinolophus ferrumequinum,0.023,0.023,-1,Echolocation,/mnt/ubna_data_02_mir/recover-20220922/UBNA_001/20220921_090000.WAV,Telephone Field,recover-20220922,001,1795
1341.2995,1341.3398,68437,82280,Rhinolophus ferrumequinum,0.022,0.022,-1,Echolocation,/mnt/ubna_data_02_mir/recover-20220922/UBNA_001/20220921_090000.WAV,Telephone Field,recover-20220922,001,1795
1341.3295,1341.3679,68437,82454,Rhinolophus ferrumequinum,0.022,0.022,-1,Echolocation,/mnt/ubna_data_02_mir/recover-20220922/UBNA_001/20220921_090000.WAV,Telephone Field,recover-20220922,001,1795
1341.3685,1341.3783,25468,33608,Eptesicus serotinus,0.009,0.021,-1,Echolocation,/mnt/ubna_data_02_mir/recover-20220922/UBNA_001/20220921_090000.WAV,Telephone Field,recover-20220922,001,1795
1341.3745,1341.3826,27187,38908,Eptesicus serotinus,0.008,0.023,-1,Echolocation,/mnt/ubna_data_02_mir/recover-20220922/UBNA_001/20220921_090000.WAV,Telephone Field,recover-20220922,001,1795
1341.4265,1341.4673,68437,82514,Rhinolophus ferrumequinum,0.028,0.028,-1,Echolocation,/mnt/ubna_data_02_mir/recover-20220922/UBNA_001/20220921_090000.WAV,Telephone Field,recover-20220922,001,1795
1341.4495,1341.4867,68437,81182,Rhinolophus ferrumequinum,0.042,0.042,-1,Echolocation,/mnt/ubna_data_02_mir/recover-20220922/UBNA_001/20220921_090000.WAV,Telephone Field,recover-20220922,001,1795
1341.4605,1341.4989,68437,82471,Rhinolophus ferrumequinum,0.033,0.033,-1,Echolocation,/mnt/ubna_data_02_mir/recover-20220922/UBNA_001/20220921_090000.WAV,Telephone Field,recover-20220922,001,1795
1341.5025,1341.5438,68437,82230,Rhinolophus ferrumequinum,0.023,0.023,-1,Echolocation,/mnt/ubna_data_02_mir/recover-20220922/UBNA_001/20220921_090000.WAV,Telephone Field,recover-20220922,001,1795
1341.5185,1341.5265,27187,37283,Eptesicus serotinus,0.008,0.022,-1,Echolocation,/mnt/ubna_data_02_mir/recover-20220922/UBNA_001/20220921_090000.WAV,Telephone Field,recover-20220922,001,1795
1341.5305,1341.5383,50390,55633,Pipistrellus pipistrellus,0.021,0.026,-1,Echolocation,/mnt/ubna_data_02_mir/recover-20220922/UBNA_001/20220921_090000.WAV,Telephone Field,recover-20220922,001,1795
1341.5605,1341.5986,68437,82309,Rhinolophus ferrumequinum,0.022,0.022,-1,Echolocation,/mnt/ubna_data_02_mir/recover-20220922/UBNA_001/20220921_090000.WAV,Telephone Field,recover-20220922,001,1795
1341.5775,1341.616,68437,82481,Rhinolophus ferrumequinum,0.021,0.021,-1,Echolocation,/mnt/ubna_data_02_mir/recover-20220922/UBNA_001/20220921_090000.WAV,Telephone Field,recover-20220922,001,1795
1341.6005,1341.6357,68437,81348,Rhinolophus ferrumequinum,0.022,0.022,-1,Echolocation,/mnt/ubna_data_02_mir/recover-20220922/UBNA_001/20220921_090000.WAV,Telephone Field,recover-20220922,001,1795
1341.6255,1341.6637,68437,82172,Rhinolophus ferrumequinum,0.023,0.023,-1,Echolocation,/mnt/ubna_data_02_mir/recover-20220922/UBNA_001/20220921_090000.WAV,Telephone Field,recover-20220922,001,1795
1341.6565,1341.6931,68437,81557,Rhinolophus ferrumequinum,0.023,0.023,-1,Echolocation,/mnt/ubna_data_02_mir/recover-20220922/UBNA_001/20220921_090000.WAV,Telephone Field,recover-20220922,001,1795
1341.6575,1341.6661,32343,41038,Myotis daubentonii,0.008,0.023,-1,Echolocation,/mnt/ubna_data_02_mir/recover-20220922/UBNA_001/20220921_090000.WAV,Telephone Field,recover-20220922,001,1795
1341.6665,1341.7077,68437,82832,Rhinolophus ferrumequinum,0.021,0.021,-1,Echolocation,/mnt/ubna_data_02_mir/recover-20220922/UBNA_001/20220921_090000.WAV,Telephone Field,recover-20220922,001,1795
1341.6875,1341.7275,68437,82824,Rhinolophus ferrumequinum,0.025,0.025,-1,Echolocation,/mnt/ubna_data_02_mir/recover-20220922/UBNA_001/20220921_090000.WAV,Telephone Field,recover-20220922,001,1795
1341.7115,1341.7481,68437,80720,Rhinolophus ferrumequinum,0.021,0.021,-1,Echolocation,/mnt/ubna_data_02_mir/recover-20220922/UBNA_001/20220921_090000.WAV,Telephone Field,recover-20220922,001,1795
1341.7645,1341.8038,68437,82280,Rhinolophus ferrumequinum,0.023,0.023,-1,Echolocation,/mnt/ubna_data_02_mir/recover-20220922/UBNA_001/20220921_090000.WAV,Telephone Field,recover-20220922,001,1795
1341.7675,1341.7756,47812,55960,Pipistrellus pipistrellus,0.027,0.03,-1,Echolocation,/mnt/ubna_data_02_mir/recover-20220922/UBNA_001/20220921_090000.WAV,Telephone Field,recover-20220922,001,1795
1341.7935,1341.8331,68437,81868,Rhinolophus ferrumequinum,0.021,0.021,-1,Echolocation,/mnt/ubna_data_02_mir/recover-20220922/UBNA_001/20220921_090000.WAV,Telephone Field,recover-20220922,001,1795
1341.8015,1341.8417,68437,82648,Rhinolophus ferrumequinum,0.024,0.024,-1,Echolocation,/mnt/ubna_data_02_mir/recover-20220922/UBNA_001/20220921_090000.WAV,Telephone Field,recover-20220922,001,1795
1341.8215,1341.8317,23750,29932,Nyctalus leisleri,0.009,0.025,-1,Echolocation,/mnt/ubna_data_02_mir/recover-20220922/UBNA_001/20220921_090000.WAV,Telephone Field,recover-20220922,001,1795
1341.8325,1341.8398,27187,36157,Eptesicus serotinus,0.008,0.022,-1,Echolocation,/mnt/ubna_data_02_mir/recover-20220922/UBNA_001/20220921_090000.WAV,Telephone Field,recover-20220922,001,1795
1341.8485,1341.8864,68437,81323,Rhinolophus ferrumequinum,0.021,0.021,-1,Echolocation,/mnt/ubna_data_02_mir/recover-20220922/UBNA_001/20220921_090000.WAV,Telephone Field,recover-20220922,001,1795
1341.8625,1341.902,68437,82719,Rhinolophus ferrumequinum,0.033,0.033,-1,Echolocation,/mnt/ubna_data_02_mir/recover-20220922/UBNA_001/20220921_090000.WAV,Telephone Field,recover-20220922,001,1795
1341.8655,1341.8742,22890,29762,Plecotus austriacus,0.007,0.021,-1,Echolocation,/mnt/ubna_data_02_mir/recover-20220922/UBNA_001/20220921_090000.WAV,Telephone Field,recover-20220922,001,1795
1341.8825,1341.8909,24609,32900,Eptesicus serotinus,0.006,0.022,-1,Echolocation,/mnt/ubna_data_02_mir/recover-20220922/UBNA_001/20220921_090000.WAV,Telephone Field,recover-20220922,001,1795
1341.8905,1341.9335,68437,83288,Rhinolophus ferrumequinum,0.032,0.032,-1,Echolocation,/mnt/ubna_data_02_mir/recover-20220922/UBNA_001/20220921_090000.WAV,Telephone Field,recover-20220922,001,1795
1341.9375,1341.9759,68437,81970,Rhinolophus ferrumequinum,0.022,0.022,-1,Echolocation,/mnt/ubna_data_02_mir/recover-20220922/UBNA_001/20220921_090000.WAV,Telephone Field,recover-20220922,001,1795
1341.9415,1341.9505,27187,38651,Eptesicus serotinus,0.009,0.022,-1,Echolocation,/mnt/ubna_data_02_mir/recover-20220922/UBNA_001/20220921_090000.WAV,Telephone Field,recover-20220922,001,1795
1341.9705,1341.9788,26328,35080,Eptesicus serotinus,0.009,0.023,-1,Echolocation,/mnt/ubna_data_02_mir/recover-20220922/UBNA_001/20220921_090000.WAV,Telephone Field,recover-20220922,001,1795
1342.0015,1342.0101,23750,30440,Nyctalus leisleri,0.01,0.028,-1,Echolocation,/mnt/ubna_data_02_mir/recover-20220922/UBNA_001/20220921_090000.WAV,Telephone Field,recover-20220922,001,1795
1342.0025,1342.0429,68437,81565,Rhinolophus ferrumequinum,0.03,0.031,-1,Echolocation,/mnt/ubna_data_02_mir/recover-20220922/UBNA_001/20220921_090000.WAV,Telephone Field,recover-20220922,001,1795
1342.0075,1342.05,68437,82496,Rhinolophus ferrumequinum,0.024,0.024,-1,Echolocation,/mnt/ubna_data_02_mir/recover-20220922/UBNA_001/20220921_090000.WAV,Telephone Field,recover-20220922,001,1795
1342.0125,1342.0215,28046,39158,Eptesicus serotinus,0.009,0.023,-1,Echolocation,/mnt/ubna_data_02_mir/recover-20220922/UBNA_001/20220921_090000.WAV,Telephone Field,recover-20220922,001,1795
1342.0945,1342.1364,68437,83031,Rhinolophus ferrumequinum,0.029,0.029,-1,Echolocation,/mnt/ubna_data_02_mir/recover-20220922/UBNA_001/20220921_090000.WAV,Telephone Field,recover-20220922,001,1795
1342.1085,1342.1477,68437,81912,Rhinolophus ferrumequinum,0.022,0.022,-1,Echolocation,/mnt/ubna_data_02_mir/recover-20220922/UBNA_001/20220921_090000.WAV,Telephone Field,recover-20220922,001,1795
1342.1385,1342.1773,68437,81881,Rhinolophus ferrumequinum,0.022,0.022,-1,Echolocation,/mnt/ubna_data_02_mir/recover-20220922/UBNA_001/20220921_090000.WAV,Telephone Field,recover-20220922,001,1795
1342.1535,1342.1932,68437,82159,Rhinolophus ferrumequinum,0.023,0.023,-1,Echolocation,/mnt/ubna_data_02_mir/recover-20220922/UBNA_001/20220921_090000.WAV,Telephone Field,recover-20220922,001,1795
1342.1575,1342.1666,26328,35088,Eptesicus serotinus,0.011,0.026,-1,Echolocation,/mnt/ubna_data_02_mir/recover-20220922/UBNA_001/20220921_090000.WAV,Telephone Field,recover-20220922,001,1795
1342.1845,1342.1936,50390,55178,Pipistrellus pipistrellus,0.018,0.024,-1,Echolocation,/mnt/ubna_data_02_mir/recover-20220922/UBNA_001/20220921_090000.WAV,Telephone Field,recover-20220922,001,1795
1342.2695,1342.2779,26328,35168,Eptesicus serotinus,0.009,0.024,-1,Echolocation,/mnt/ubna_data_02_mir/recover-20220922/UBNA_001/20220921_090000.WAV,Telephone Field,recover-20220922,001,1795
1342.2725,1342.3045,68437,80686,Rhinolophus ferrumequinum,0.028,0.029,-1,Echolocation,/mnt/ubna_data_02_mir/recover-20220922/UBNA_001/20220921_090000.WAV,Telephone Field,recover-20220922,001,1795
1342.3675,1342.4088,68437,82693,Rhinolophus ferrumequinum,0.024,0.024,-1,Echolocation,/mnt/ubna_data_02_mir/recover-20220922/UBNA_001/20220921_090000.WAV,Telephone Field,recover-20220922,001,1795
1342.4105,1342.4489,68437,82852,Rhinolophus ferrumequinum,0.022,0.022,-1,Echolocation,/mnt/ubna_data_02_mir/recover-20220922/UBNA_001/20220921_090000.WAV,Telephone Field,recover-20220922,001,1795
1342.4555,1342.489,68437,81038,Rhinolophus ferrumequinum,0.022,0.023,-1,Echolocation,/mnt/ubna_data_02_mir/recover-20220922/UBNA_001/20220921_090000.WAV,Telephone Field,recover-20220922,001,1795
1342.4605,1342.4678,25468,34485,Plecotus austriacus,0.006,0.025,-1,Echolocation,/mnt/ubna_data_02_mir/recover-20220922/UBNA_001/20220921_090000.WAV,Telephone Field,recover-20220922,001,1795
1342.4675,1342.5083,68437,82641,Rhinolophus ferrumequinum,0.024,0.024,-1,Echolocation,/mnt/ubna_data_02_mir/recover-20220922/UBNA_001/20220921_090000.WAV,Telephone Field,recover-20220922,001,1795
1342.4745,1342.5155,68437,82122,Rhinolophus ferrumequinum,0.024,0.024,-1,Echolocation,/mnt/ubna_data_02_mir/recover-20220922/UBNA_001/20220921_090000.WAV,Telephone Field,recover-20220922,001,1795
1342.5135,1342.5241,24609,30719,Nyctalus leisleri,0.011,0.026,-1,Echolocation,/mnt/ubna_data_02_mir/recover-20220922/UBNA_001/20220921_090000.WAV,Telephone Field,recover-20220922,001,1795
1342.5715,1342.6111,68437,82198,Rhinolophus ferrumequinum,0.027,0.028,-1,Echolocation,/mnt/ubna_data_02_mir/recover-20220922/UBNA_001/20220921_090000.WAV,Telephone Field,recover-20220922,001,1795
1342.5745,1342.5823,28046,37600,Eptesicus serotinus,0.008,0.024,-1,Echolocation,/mnt/ubna_data_02_mir/recover-20220922/UBNA_001/20220921_090000.WAV,Telephone Field,recover-20220922,001,1795
1342.6005,1342.64,68437,82460,Rhinolophus ferrumequinum,0.022,0.022,-1,Echolocation,/mnt/ubna_data_02_mir/recover-20220922/UBNA_001/20220921_090000.WAV,Telephone Field,recover-20220922,001,1795
1342.6215,1342.6301,27187,39397,Eptesicus serotinus,0.008,0.023,-1,Echolocation,/mnt/ubna_data_02_mir/recover-20220922/UBNA_001/20220921_090000.WAV,Telephone Field,recover-20220922,001,1795
1342.6295,1342.6375,22890,30332,Plecotus austriacus,0.009,0.022,-1,Echolocation,/mnt/ubna_data_02_mir/recover-20220922/UBNA_001/20220921_090000.WAV,Telephone Field,recover-20220922,001,1795
1342.6465,1342.6532,23750,33759,Plecotus austriacus,0.014,0.031,-1,Echolocation,/mnt/ubna_data_02_mir/recover-20220922/UBNA_001/20220921_090000.WAV,Telephone Field,recover-20220922,001,1795
1342.6595,1342.6987,68437,82294,Rhinolophus ferrumequinum,0.022,0.022,-1,Echolocation,/mnt/ubna_data_02_mir/recover-20220922/UBNA_001/20220921_090000.WAV,Telephone Field,recover-20220922,001,1795
1342.6625,1342.6696,27187,38952,Eptesicus serotinus,0.006,0.022,-1,Echolocation,/mnt/ubna_data_02_mir/recover-20220922/UBNA_001/20220921_090000.WAV,Telephone Field,recover-20220922,001,1795
1342.6715,1342.7057,68437,80575,Rhinolophus ferrumequinum,0.025,0.025,-1,Echolocation,/mnt/ubna_data_02_mir/recover-20220922/UBNA_001/20220921_090000.WAV,Telephone Field,recover-20220922,001,1795
1342.7115,1342.7514,68437,82608,Rhinolophus ferrumequinum,0.025,0.025,-1,Echolocation,/mnt/ubna_data_02_mir/recover-20220922/UBNA_001/20220921_090000.WAV,Telephone Field,recover-20220922,001,1795
1342.7355,1342.7767,68437,82938,Rhinolophus ferrumequinum,0.024,0.024,-1,Echolocation,/mnt/ubna_data_02_mir/recover-20220922/UBNA_001/20220921_090000.WAV,Telephone Field,recover-20220922,001,1795
1342.7615,1342.7695,35781,41075,Barbastellus barbastellus,0.025,0.041,-1,Echolocation,/mnt/ubna_data_02_mir/recover-20220922/UBNA_001/20220921_090000.WAV,Telephone Field,recover-20220922,001,1795
1342.7615,1342.7696,27187,40121,Eptesicus serotinus,0.009,0.023,-1,Echolocation,/mnt/ubna_data_02_mir/recover-20220922/UBNA_001/20220921_090000.WAV,Telephone Field,recover-20220922,001,1795
1342.8035,1342.8419,68437,81744,Rhinolophus ferrumequinum,0.025,0.025,-1,Echolocation,/mnt/ubna_data_02_mir/recover-20220922/UBNA_001/20220921_090000.WAV,Telephone Field,recover-20220922,001,1795
1342.8325,1342.8402,47812,51671,Pipistrellus pipistrellus,0.036,0.037,-1,Echolocation,/mnt/ubna_data_02_mir/recover-20220922/UBNA_001/20220921_090000.WAV,Telephone Field,recover-20220922,001,1795
1342.8425,1342.8513,27187,36602,Eptesicus serotinus,0.01,0.023,-1,Echolocation,/mnt/ubna_data_02_mir/recover-20220922/UBNA_001/20220921_090000.WAV,Telephone Field,recover-20220922,001,1795
1342.8655,1342.904,68437,81475,Rhinolophus ferrumequinum,0.024,0.024,-1,Echolocation,/mnt/ubna_data_02_mir/recover-20220922/UBNA_001/20220921_090000.WAV,Telephone Field,recover-20220922,001,1795
1342.8865,1342.9245,68437,82491,Rhinolophus ferrumequinum,0.022,0.022,-1,Echolocation,/mnt/ubna_data_02_mir/recover-20220922/UBNA_001/20220921_090000.WAV,Telephone Field,recover-20220922,001,1795
1342.8945,1342.9035,46953,54642,Pipistrellus pipistrellus,0.026,0.03,-1,Echolocation,/mnt/ubna_data_02_mir/recover-20220922/UBNA_001/20220921_090000.WAV,Telephone Field,recover-20220922,001,1795
1342.9005,1342.9096,47812,52676,Pipistrellus pipistrellus,0.023,0.027,-1,Echolocation,/mnt/ubna_data_02_mir/recover-20220922/UBNA_001/20220921_090000.WAV,Telephone Field,recover-20220922,001,1795
1342.9175,1342.9579,68437,82299,Rhinolophus ferrumequinum,0.026,0.026,-1,Echolocation,/mnt/ubna_data_02_mir/recover-20220922/UBNA_001/20220921_090000.WAV,Telephone Field,recover-20220922,001,1795
1342.9385,1342.9759,68437,81665,Rhinolophus ferrumequinum,0.022,0.022,-1,Echolocation,/mnt/ubna_data_02_mir/recover-20220922/UBNA_001/20220921_090000.WAV,Telephone Field,recover-20220922,001,1795
1342.9805,1343.0202,68437,82669,Rhinolophus ferrumequinum,0.025,0.025,-1,Echolocation,/mnt/ubna_data_02_mir/recover-20220922/UBNA_001/20220921_090000.WAV,Telephone Field,recover-20220922,001,1795
1343.0105,1343.0496,68437,81896,Rhinolophus ferrumequinum,0.023,0.023,-1,Echolocation,/mnt/ubna_data_02_mir/recover-20220922/UBNA_001/20220921_090000.WAV,Telephone Field,recover-20220922,001,1795
1343.0325,1343.0465,22031,26263,Nyctalus leisleri,0.02,0.035,-1,Echolocation,/mnt/ubna_data_02_mir/recover-20220922/UBNA_001/20220921_090000.WAV,Telephone Field,recover-20220922,001,1795
1343.0355,1343.0726,68437,81770,Rhinolophus ferrumequinum,0.031,0.031,-1,Echolocation,/mnt/ubna_data_02_mir/recover-20220922/UBNA_001/20220921_090000.WAV,Telephone Field,recover-20220922,001,1795
1343.0585,1343.0689,23750,29599,Nyctalus leisleri,0.009,0.023,-1,Echolocation,/mnt/ubna_data_02_mir/recover-20220922/UBNA_001/20220921_090000.WAV,Telephone Field,recover-20220922,001,1795
1343.0835,1343.092,28906,39548,Eptesicus serotinus,0.008,0.023,-1,Echolocation,/mnt/ubna_data_02_mir/recover-20220922/UBNA_001/20220921_090000.WAV,Telephone Field,recover-20220922,001,1795
1343.1295,1343.1378,46953,53027,Pipistrellus pipistrellus,0.056,0.058,-1,Echolocation,/mnt/ubna_data_02_mir/recover-20220922/UBNA_001/20220921_090000.WAV,Telephone Field,recover-20220922,001,1795
1343.1445,1343.1514,23750,33056,Plecotus austriacus,0.012,0.027,-1,Echolocation,/mnt/ubna_data_02_mir/recover-20220922/UBNA_001/20220921_090000.WAV,Telephone Field,recover-20220922,001,1795
1343.2335,1343.2766,68437,83328,Rhinolophus ferrumequinum,0.035,0.035,-1,Echolocation,/mnt/ubna_data_02_mir/recover-20220922/UBNA_001/20220921_090000.WAV,Telephone Field,recover-20220922,001,1795
1343.2355,1343.2423,31484,42074,Myotis daubentonii,0.01,0.028,-1,Echolocation,/mnt/ubna_data_02_mir/recover-20220922/UBNA_001/20220921_090000.WAV,Telephone Field,recover-20220922,001,1795
1343.2635,1343.3031,68437,82696,Rhinolophus ferrumequinum,0.024,0.024,-1,Echolocation,/mnt/ubna_data_02_mir/recover-20220922/UBNA_001/20220921_090000.WAV,Telephone Field,recover-20220922,001,1795
1343.3125,1343.3234,22890,28877,Nyctalus leisleri,0.012,0.031,-1,Echolocation,/mnt/ubna_data_02_mir/recover-20220922/UBNA_001/20220921_090000.WAV,Telephone Field,recover-20220922,001,1795
1343.3165,1343.3229,27187,37512,Plecotus austriacus,0.007,0.028,-1,Echolocation,/mnt/ubna_data_02_mir/recover-20220922/UBNA_001/20220921_090000.WAV,Telephone Field,recover-20220922,001,1795
1343.3285,1343.3702,68437,82568,Rhinolophus ferrumequinum,0.024,0.024,-1,Echolocation,/mnt/ubna_data_02_mir/recover-20220922/UBNA_001/20220921_090000.WAV,Telephone Field,recover-20220922,001,1795
1343.3565,1343.3916,68437,81082,Rhinolophus ferrumequinum,0.025,0.025,-1,Echolocation,/mnt/ubna_data_02_mir/recover-20220922/UBNA_001/20220921_090000.WAV,Telephone Field,recover-20220922,001,1795
1343.4035,1343.4361,68437,80401,Rhinolophus ferrumequinum,0.022,0.023,-1,Echolocation,/mnt/ubna_data_02_mir/recover-20220922/UBNA_001/20220921_090000.WAV,Telephone Field,recover-20220922,001,1795
1343.4185,1343.4304,35781,41004,Pipistrellus nathusii,0.01,0.041,-1,Echolocation,/mnt/ubna_data_02_mir/recover-20220922/UBNA_001/20220921_090000.WAV,Telephone Field,recover-20220922,001,1795
1343.4205,1343.4608,68437,82665,Rhinolophus ferrumequinum,0.025,0.025,-1,Echolocation,/mnt/ubna_data_02_mir/recover-20220922/UBNA_001/20220921_090000.WAV,Telephone Field,recover-20220922,001,1795
1343.4255,1343.4339,46953,52674,Pipistrellus pipistrellus,0.026,0.028,-1,Echolocation,/mnt/ubna_data_02_mir/recover-20220922/UBNA_001/20220921_090000.WAV,Telephone Field,recover-20220922,001,1795
1343.4425,1343.4831,68437,82510,Rhinolophus ferrumequinum,0.026,0.026,-1,Echolocation,/mnt/ubna_data_02_mir/recover-20220922/UBNA_001/20220921_090000.WAV,Telephone Field,recover-20220922,001,1795
1343.4585,1343.4698,22890,27826,Nyctalus leisleri,0.012,0.025,-1,Echolocation,/mnt/ubna_data_02_mir/recover-20220922/UBNA_001/20220921_090000.WAV,Telephone Field,recover-20220922,001,1795
1343.4835,1343.5254,68437,83342,Rhinolophus ferrumequinum,0.043,0.043,-1,Echolocation,/mnt/ubna_data_02_mir/recover-20220922/UBNA_001/20220921_090000.WAV,Telephone Field,recover-20220922,001,1795
1343.4895,1343.5041,22890,26847,Nyctalus leisleri,0.017,0.029,-1,Echolocation,/mnt/ubna_data_02_mir/recover-20220922/UBNA_001/20220921_090000.WAV,Telephone Field,recover-20220922,001,1795
1343.5155,1343.5547,68437,82103,Rhinolophus ferrumequinum,0.028,0.028,-1,Echolocation,/mnt/ubna_data_02_mir/recover-20220922/UBNA_001/20220921_090000.WAV,Telephone Field,recover-20220922,001,1795
1343.5315,1343.5696,68437,82176,Rhinolophus ferrumequinum,0.023,0.023,-1,Echolocation,/mnt/ubna_data_02_mir/recover-20220922/UBNA_001/20220921_090000.WAV,Telephone Field,recover-20220922,001,1795
1343.5865,1343.6281,68437,83128,Rhinolophus ferrumequinum,0.039,0.039,-1,Echolocation,/mnt/ubna_data_02_mir/recover-20220922/UBNA_001/20220921_090000.WAV,Telephone Field,recover-20220922,001,1795
1343.6135,1343.6563,68437,82975,Rhinolophus ferrumequinum,0.033,0.033,-1,Echolocation,/mnt/ubna_data_02_mir/recover-20220922/UBNA_001/20220921_090000.WAV,Telephone Field,recover-20220922,001,1795
1343.6195,1343.6323,45234,48859,Pipistrellus pipistrellus,0.037,0.042,-1,Echolocation,/mnt/ubna_data_02_mir/recover-20220922/UBNA_001/20220921_090000.WAV,Telephone Field,recover-20220922,001,1795
1343.6545,1343.6911,68437,81735,Rhinolophus ferrumequinum,0.025,0.025,-1,Echolocation,/mnt/ubna_data_02_mir/recover-20220922/UBNA_001/20220921_090000.WAV,Telephone Field,recover-20220922,001,1795
1343.6565,1343.664,23750,32142,Plecotus austriacus,0.009,0.022,-1,Echolocation,/mnt/ubna_data_02_mir/recover-20220922/UBNA_001/20220921_090000.WAV,Telephone Field,recover-20220922,001,1795
1343.6745,1343.7165,68437,83454,Rhinolophus ferrumequinum,0.035,0.035,-1,Echolocation,/mnt/ubna_data_02_mir/recover-20220922/UBNA_001/20220921_090000.WAV,Telephone Field,recover-20220922,001,1795
1343.6865,1343.697,23750,29451,Nyctalus leisleri,0.01,0.022,-1,Echolocation,/mnt/ubna_data_02_mir/recover-20220922/UBNA_001/20220921_090000.WAV,Telephone Field,recover-20220922,001,1795
1343.7125,1343.7535,68437,82849,Rhinolophus ferrumequinum,0.025,0.025,-1,Echolocation,/mnt/ubna_data_02_mir/recover-20220922/UBNA_001/20220921_090000.WAV,Telephone Field,recover-20220922,001,1795
1343.7485,1343.7574,50390,54719,Pipistrellus pipistrellus,0.024,0.027,-1,Echolocation,/mnt/ubna_data_02_mir/recover-20220922/UBNA_001/20220921_090000.WAV,Telephone Field,recover-20220922,001,1795
1343.7725,1343.8112,68437,81923,Rhinolophus ferrumequinum,0.022,0.022,-1,Echolocation,/mnt/ubna_data_02_mir/recover-20220922/UBNA_001/20220921_090000.WAV,Telephone Field,recover-20220922,001,1795
1343.7745,1343.7826,36640,47673,Myotis daubentonii,0.005,0.023,-1,Echolocation,/mnt/ubna_data_02_mir/recover-20220922/UBNA_001/20220921_090000.WAV,Telephone Field,recover-20220922,001,1795
1343.7995,1343.8094,22031,27422,Nyctalus leisleri,0.009,0.022,-1,Echolocation,/mnt/ubna_data_02_mir/recover-20220922/UBNA_001/20220921_090000.WAV,Telephone Field,recover-20220922,001,1795
1343.8265,1343.8349,28906,38624,Eptesicus serotinus,0.011,0.03,-1,Echolocation,/mnt/ubna_data_02_mir/recover-20220922/UBNA_001/20220921_090000.WAV,Telephone Field,recover-20220922,001,1795
1343.8415,1343.8807,68437,81856,Rhinolophus ferrumequinum,0.024,0.024,-1,Echolocation,/mnt/ubna_data_02_mir/recover-20220922/UBNA_001/20220921_090000.WAV,Telephone Field,recover-20220922,001,1795
1343.8465,1343.8859,68437,82291,Rhinolophus ferrumequinum,0.024,0.024,-1,Echolocation,/mnt/ubna_data_02_mir/recover-20220922/UBNA_001/20220921_090000.WAV,Telephone Field,recover-20220922,001,1795
1343.8555,1343.8632,28046,39538,Eptesicus serotinus,0.008,0.027,-1,Echolocation,/mnt/ubna_data_02_mir/recover-20220922/UBNA_001/20220921_090000.WAV,Telephone Field,recover-20220922,001,1795
1343.8745,1343.9121,68437,82238,Rhinolophus ferrumequinum,0.023,0.023,-1,Echolocation,/mnt/ubna_data_02_mir/recover-20220922/UBNA_001/20220921_090000.WAV,Telephone Field,recover-20220922,001,1795
1343.9095,1343.9179,28046,37892,Eptesicus serotinus,0.008,0.024,-1,Echolocation,/mnt/ubna_data_02_mir/recover-20220922/UBNA_001/20220921_090000.WAV,Telephone Field,recover-20220922,001,1795
1343.9095,1343.9488,68437,82776,Rhinolophus ferrumequinum,0.028,0.028,-1,Echolocation,/mnt/ubna_data_02_mir/recover-20220922/UBNA_001/20220921_090000.WAV,Telephone Field,recover-20220922,001,1795
1343.9305,1343.9693,68437,81806,Rhinolophus ferrumequinum,0.023,0.023,-1,Echolocation,/mnt/ubna_data_02_mir/recover-20220922/UBNA_001/20220921_090000.WAV,Telephone Field,recover-20220922,001,1795
1343.9535,1343.9937,68437,82796,Rhinolophus ferrumequinum,0.025,0.025,-1,Echolocation,/mnt/ubna_data_02_mir/recover-20220922/UBNA_001/20220921_090000.WAV,Telephone Field,recover-20220922,001,1795
1343.9865,1343.9967,26328,35254,Eptesicus serotinus,0.01,0.022,-1,Echolocation,/mnt/ubna_data_02_mir/recover-20220922/UBNA_001/20220921_090000.WAV,Telephone Field,recover-20220922,001,1795
1344.0015,1344.0363,68437,80947,Rhinolophus ferrumequinum,0.055,0.055,-1,Echolocation,/mnt/ubna_data_02_mir/recover-20220922/UBNA_001/20220921_090000.WAV,Telephone Field,recover-20220922,001,1795
1344.0015,1344.0106,22890,28220,Nyctalus leisleri,0.012,0.028,-1,Echolocation,/mnt/ubna_data_02_mir/recover-20220922/UBNA_001/20220921_090000.WAV,Telephone Field,recover-20220922,001,1795
1344.0075,1344.0503,68437,82015,Rhinolophus ferrumequinum,0.03,0.03,-1,Echolocation,/mnt/ubna_data_02_mir/recover-20220922/UBNA_001/20220921_090000.WAV,Telephone Field,recover-20220922,001,1795
1344.0305,1344.0691,68437,82645,Rhinolophus ferrumequinum,0.021,0.021,-1,Echolocation,/mnt/ubna_data_02_mir/recover-20220922/UBNA_001/20220921_090000.WAV,Telephone Field,recover-20220922,001,1795
1344.0355,1344.0495,22031,25474,Nyctalus leisleri,0.015,0.024,-1,Echolocation,/mnt/ubna_data_02_mir/recover-20220922/UBNA_001/20220921_090000.WAV,Telephone Field,recover-20220922,001,1795
1344.0705,1344.0787,26328,36131,Eptesicus serotinus,0.007,0.02,-1,Echolocation,/mnt/ubna_data_02_mir/recover-20220922/UBNA_001/20220921_090000.WAV,Telephone Field,recover-20220922,001,1795
1344.1305,1344.1417,24609,31496,Eptesicus serotinus,0.007,0.02,-1,Echolocation,/mnt/ubna_data_02_mir/recover-20220922/UBNA_001/20220921_090000.WAV,Telephone Field,recover-20220922,001,1795
1344.1545,1344.1724,20312,23184,Nyctalus leisleri,0.016,0.026,-1,Echolocation,/mnt/ubna_data_02_mir/recover-20220922/UBNA_001/20220921_090000.WAV,Telephone Field,recover-20220922,001,1795
1344.1645,1344.175,23750,29473,Nyctalus leisleri,0.009,0.021,-1,Echolocation,/mnt/ubna_data_02_mir/recover-20220922/UBNA_001/20220921_090000.WAV,Telephone Field,recover-20220922,001,1795
1344.1795,1344.221,68437,82810,Rhinolophus ferrumequinum,0.027,0.027,-1,Echolocation,/mnt/ubna_data_02_mir/recover-20220922/UBNA_001/20220921_090000.WAV,Telephone Field,recover-20220922,001,1795
1344.2445,1344.2841,68437,82245,Rhinolophus ferrumequinum,0.023,0.023,-1,Echolocation,/mnt/ubna_data_02_mir/recover-20220922/UBNA_001/20220921_090000.WAV,Telephone Field,recover-20220922,001,1795
1344.2615,1344.2987,68437,81921,Rhinolophus ferrumequinum,0.02,0.02,-1,Echolocation,/mnt/ubna_data_02_mir/recover-20220922/UBNA_001/20220921_090000.WAV,Telephone Field,recover-20220922,001,1795
1344.3205,1344.3575,68437,81390,Rhinolophus ferrumequinum,0.021,0.021,-1,Echolocation,/mnt/ubna_data_02_mir/recover-20220922/UBNA_001/20220921_090000.WAV,Telephone Field,recover-20220922,001,1795
1344.3265,1344.3647,68437,81714,Rhinolophus ferrumequinum,0.02,0.02,-1,Echolocation,/mnt/ubna_data_02_mir/recover-20220922/UBNA_001/20220921_090000.WAV,Telephone Field,recover-20220922,001,1795
1344.3475,1344.3857,68437,82545,Rhinolophus ferrumequinum,0.02,0.02,-1,Echolocation,/mnt/ubna_data_02_mir/recover-20220922/UBNA_001/20220921_090000.WAV,Telephone Field,recover-20220922,001,1795
1344.3805,1344.3881,27187,36619,Eptesicus serotinus,0.007,0.022,-1,Echolocation,/mnt/ubna_data_02_mir/recover-20220922/UBNA_001/20220921_090000.WAV,Telephone Field,recover-20220922,001,1795
1344.4155,1344.4565,68437,82847,Rhinolophus ferrumequinum,0.025,0.025,-1,Echolocation,/mnt/ubna_data_02_mir/recover-20220922/UBNA_001/20220921_090000.WAV,Telephone Field,recover-20220922,001,1795
1344.4295,1344.4692,68437,82070,Rhinolophus ferrumequinum,0.022,0.022,-1,Echolocation,/mnt/ubna_data_02_mir/recover-20220922/UBNA_001/20220921_090000.WAV,Telephone Field,recover-20220922,001,1795
1344.4565,1344.4673,23750,30618,Nyctalus leisleri,0.008,0.024,-1,Echolocation,/mnt/ubna_data_02_mir/recover-20220922/UBNA_001/20220921_090000.WAV,Telephone Field,recover-20220922,001,1795
1344.4585,1344.4986,68437,82863,Rhinolophus ferrumequinum,0.024,0.024,-1,Echolocation,/mnt/ubna_data_02_mir/recover-20220922/UBNA_001/20220921_090000.WAV,Telephone Field,recover-20220922,001,1795
1344.4635,1344.4737,25468,32252,Eptesicus serotinus,0.01,0.024,-1,Echolocation,/mnt/ubna_data_02_mir/recover-20220922/UBNA_001/20220921_090000.WAV,Telephone Field,recover-20220922,001,1795
1344.4955,1344.5317,68437,81623,Rhinolophus ferrumequinum,0.02,0.02,-1,Echolocation,/mnt/ubna_data_02_mir/recover-20220922/UBNA_001/20220921_090000.WAV,Telephone Field,recover-20220922,001,1795
1344.5015,1344.5122,22890,27433,Nyctalus leisleri,0.011,0.021,-1,Echolocation,/mnt/ubna_data_02_mir/recover-20220922/UBNA_001/20220921_090000.WAV,Telephone Field,recover-20220922,001,1795
1344.5195,1344.5583,68437,82432,Rhinolophus ferrumequinum,0.022,0.022,-1,Echolocation,/mnt/ubna_data_02_mir/recover-20220922/UBNA_001/20220921_090000.WAV,Telephone Field,recover-20220922,001,1795
1344.5235,1344.5346,22890,27837,Nyctalus leisleri,0.015,0.033,-1,Echolocation,/mnt/ubna_data_02_mir/recover-20220922/UBNA_001/20220921_090000.WAV,Telephone Field,recover-20220922,001,1795
1344.5545,1344.591,68437,82013,Rhinolophus ferrumequinum,0.022,0.022,-1,Echolocation,/mnt/ubna_data_02_mir/recover-20220922/UBNA_001/20220921_090000.WAV,Telephone Field,recover-20220922,001,1795
1344.5905,1344.5996,28906,37090,Eptesicus serotinus,0.009,0.023,-1,Echolocation,/mnt/ubna_data_02_mir/recover-20220922/UBNA_001/20220921_090000.WAV,Telephone Field,recover-20220922,001,1795
1344.6635,1344.7012,68437,81753,Rhinolophus ferrumequinum,0.021,0.021,-1,Echolocation,/mnt/ubna_data_02_mir/recover-20220922/UBNA_001/20220921_090000.WAV,Telephone Field,recover-20220922,001,1795
1344.6775,1344.6874,28046,36438,Eptesicus serotinus,0.009,0.021,-1,Echolocation,/mnt/ubna_data_02_mir/recover-20220922/UBNA_001/20220921_090000.WAV,Telephone Field,recover-20220922,001,1795
1344.7055,1344.7162,40078,44565,Pipistrellus nathusii,0.042,0.056,-1,Echolocation,/mnt/ubna_data_02_mir/recover-20220922/UBNA_001/20220921_090000.WAV,Telephone Field,recover-20220922,001,1795
1344.7075,1344.7162,28906,39027,Eptesicus serotinus,0.009,0.025,-1,Echolocation,/mnt/ubna_data_02_mir/recover-20220922/UBNA_001/20220921_090000.WAV,Telephone Field,recover-20220922,001,1795
1344.7095,1344.7164,46093,50638,Pipistrellus pipistrellus,0.022,0.022,-1,Echolocation,/mnt/ubna_data_02_mir/recover-20220922/UBNA_001/20220921_090000.WAV,Telephone Field,recover-20220922,001,1795
1344.7235,1344.7348,22890,27400,Nyctalus leisleri,0.012,0.023,-1,Echolocation,/mnt/ubna_data_02_mir/recover-20220922/UBNA_001/20220921_090000.WAV,Telephone Field,recover-20220922,001,1795
1344.7635,1344.7701,26328,41833,Eptesicus serotinus,0.006,0.027,-1,Echolocation,/mnt/ubna_data_02_mir/recover-20220922/UBNA_001/20220921_090000.WAV,Telephone Field,recover-20220922,001,1795
1344.7815,1344.823,68437,82533,Rhinolophus ferrumequinum,0.029,0.029,-1,Echolocation,/mnt/ubna_data_02_mir/recover-20220922/UBNA_001/20220921_090000.WAV,Telephone Field,recover-20220922,001,1795
1344.7915,1344.8018,46093,49468,Pipistrellus pipistrellus,0.022,0.025,-1,Echolocation,/mnt/ubna_data_02_mir/recover-20220922/UBNA_001/20220921_090000.WAV,Telephone Field,recover-20220922,001,1795
1344.7965,1344.8036,26328,35945,Plecotus austriacus,0.007,0.025,-1,Echolocation,/mnt/ubna_data_02_mir/recover-20220922/UBNA_001/20220921_090000.WAV,Telephone Field,recover-20220922,001,1795
1344.8225,1344.8634,68437,82991,Rhinolophus ferrumequinum,0.024,0.024,-1,Echolocation,/mnt/ubna_data_02_mir/recover-20220922/UBNA_001/20220921_090000.WAV,Telephone Field,recover-20220922,001,1795
1344.8495,1344.858,25468,33997,Eptesicus serotinus,0.007,0.021,-1,Echolocation,/mnt/ubna_data_02_mir/recover-20220922/UBNA_001/20220921_090000.WAV,Telephone Field,recover-20220922,001,1795
1344.8745,1344.8854,23750,29221,Nyctalus leisleri,0.009,0.022,-1,Echolocation,/mnt/ubna_data_02_mir/recover-20220922/UBNA_001/20220921_090000.WAV,Telephone Field,recover-20220922,001,1795
1344.8985,1344.9351,68437,81425,Rhinolophus ferrumequinum,0.02,0.02,-1,Echolocation,/mnt/ubna_data_02_mir/recover-20220922/UBNA_001/20220921_090000.WAV,Telephone Field,recover-20220922,001,1795
1344.9155,1344.9267,23750,29233,Nyctalus leisleri,0.009,0.02,-1,Echolocation,/mnt/ubna_data_02_mir/recover-20220922/UBNA_001/20220921_090000.WAV,Telephone Field,recover-20220922,001,1795
1344.9235,1344.9635,68437,82252,Rhinolophus ferrumequinum,0.025,0.025,-1,Echolocation,/mnt/ubna_data_02_mir/recover-20220922/UBNA_001/20220921_090000.WAV,Telephone Field,recover-20220922,001,1795
1344.9405,1344.9792,68437,82245,Rhinolophus ferrumequinum,0.023,0.023,-1,Echolocation,/mnt/ubna_data_02_mir/recover-20220922/UBNA_001/20220921_090000.WAV,Telephone Field,recover-20220922,001,1795
1344.9515,1344.9887,68437,81216,Rhinolophus ferrumequinum,0.02,0.02,-1,Echolocation,/mnt/ubna_data_02_mir/recover-20220922/UBNA_001/20220921_090000.WAV,Telephone Field,recover-20220922,001,1795
1344.9565,1344.9635,27187,37404,Eptesicus serotinus,0.005,0.021,-1,Echolocation,/mnt/ubna_data_02_mir/recover-20220922/UBNA_001/20220921_090000.WAV,Telephone Field,recover-20220922,001,1795
1344.9665,1345.0077,68437,83471,Rhinolophus ferrumequinum,0.034,0.034,-1,Echolocation,/mnt/ubna_data_02_mir/recover-20220922/UBNA_001/20220921_090000.WAV,Telephone Field,recover-20220922,001,1795
1345.0075,1345.0461,68437,82151,Rhinolophus ferrumequinum,0.02,0.02,-1,Echolocation,/mnt/ubna_data_02_mir/recover-20220922/UBNA_001/20220921_090000.WAV,Telephone Field,recover-20220922,001,1795
1345.0465,1345.084,68437,82146,Rhinolophus ferrumequinum,0.025,0.025,-1,Echolocation,/mnt/ubna_data_02_mir/recover-20220922/UBNA_001/20220921_090000.WAV,Telephone Field,recover-20220922,001,1795
1345.0715,1345.0793,28906,36969,Eptesicus serotinus,0.007,0.022,-1,Echolocation,/mnt/ubna_data_02_mir/recover-20220922/UBNA_001/20220921_090000.WAV,Telephone Field,recover-20220922,001,1795
1345.0855,1345.125,68437,82584,Rhinolophus ferrumequinum,0.027,0.027,-1,Echolocation,/mnt/ubna_data_02_mir/recover-20220922/UBNA_001/20220921_090000.WAV,Telephone Field,recover-20220922,001,1795
1345.1055,1345.1149,28046,36480,Eptesicus serotinus,0.009,0.023,-1,Echolocation,/mnt/ubna_data_02_mir/recover-20220922/UBNA_001/20220921_090000.WAV,Telephone Field,recover-20220922,001,1795
1345.1315,1345.1696,68437,81745,Rhinolophus ferrumequinum,0.022,0.022,-1,Echolocation,/mnt/ubna_data_02_mir/recover-20220922/UBNA_001/20220921_090000.WAV,Telephone Field,recover-20220922,001,1795
1345.1555,1345.1925,68437,81662,Rhinolophus ferrumequinum,0.024,0.024,-1,Echolocation,/mnt/ubna_data_02_mir/recover-20220922/UBNA_001/20220921_090000.WAV,Telephone Field,recover-20220922,001,1795
1345.1715,1345.2097,68437,82141,Rhinolophus ferrumequinum,0.022,0.022,-1,Echolocation,/mnt/ubna_data_02_mir/recover-20220922/UBNA_001/20220921_090000.WAV,Telephone Field,recover-20220922,001,1795
1345.1945,1345.208,23750,29642,Nyctalus leisleri,0.012,0.027,-1,Echolocation,/mnt/ubna_data_02_mir/recover-20220922/UBNA_001/20220921_090000.WAV,Telephone Field,recover-20220922,001,1795
1345.1955,1345.2358,68437,82074,Rhinolophus ferrumequinum,0.02,0.02,-1,Echolocation,/mnt/ubna_data_02_mir/recover-20220922/UBNA_001/20220921_090000.WAV,Telephone Field,recover-20220922,001,1795
1345.2035,1345.2144,26328,31733,Nyctalus leisleri,0.01,0.026,-1,Echolocation,/mnt/ubna_data_02_mir/recover-20220922/UBNA_001/20220921_090000.WAV,Telephone Field,recover-20220922,001,1795
1345.2165,1345.2561,68437,82133,Rhinolophus ferrumequinum,0.022,0.022,-1,Echolocation,/mnt/ubna_data_02_mir/recover-20220922/UBNA_001/20220921_090000.WAV,Telephone Field,recover-20220922,001,1795
1345.2325,1345.2453,27187,33951,Eptesicus serotinus,0.013,0.03,-1,Echolocation,/mnt/ubna_data_02_mir/recover-20220922/UBNA_001/20220921_090000.WAV,Telephone Field,recover-20220922,001,1795
1345.2675,1345.3067,68437,82519,Rhinolophus ferrumequinum,0.023,0.023,-1,Echolocation,/mnt/ubna_data_02_mir/recover-20220922/UBNA_001/20220921_090000.WAV,Telephone Field,recover-20220922,001,1795
1345.2775,1345.2858,28046,36243,Eptesicus serotinus,0.015,0.033,-1,Echolocation,/mnt/ubna_data_02_mir/recover-20220922/UBNA_001/20220921_090000.WAV,Telephone Field,recover-20220922,001,1795
1345.2915,1345.3326,68437,82357,Rhinolophus ferrumequinum,0.023,0.023,-1,Echolocation,/mnt/ubna_data_02_mir/recover-20220922/UBNA_001/20220921_090000.WAV,Telephone Field,recover-20220922,001,1795
1345.3135,1345.323,30625,41771,Eptesicus serotinus,0.006,0.023,-1,Echolocation,/mnt/ubna_data_02_mir/recover-20220922/UBNA_001/20220921_090000.WAV,Telephone Field,recover-20220922,001,1795
1345.3365,1345.3575,18593,21893,Nyctalus noctula,0.014,0.025,-1,Echolocation,/mnt/ubna_data_02_mir/recover-20220922/UBNA_001/20220921_090000.WAV,Telephone Field,recover-20220922,001,1795
1345.3635,1345.3731,28906,38644,Eptesicus serotinus,0.01,0.023,-1,Echolocation,/mnt/ubna_data_02_mir/recover-20220922/UBNA_001/20220921_090000.WAV,Telephone Field,recover-20220922,001,1795
1345.3735,1345.384,29765,37441,Eptesicus serotinus,0.009,0.022,-1,Echolocation,/mnt/ubna_data_02_mir/recover-20220922/UBNA_001/20220921_090000.WAV,Telephone Field,recover-20220922,001,1795
1345.3775,1345.4142,68437,82095,Rhinolophus ferrumequinum,0.023,0.023,-1,Echolocation,/mnt/ubna_data_02_mir/recover-20220922/UBNA_001/20220921_090000.WAV,Telephone Field,recover-20220922,001,1795
1345.4025,1345.4129,22890,27855,Nyctalus leisleri,0.011,0.022,-1,Echolocation,/mnt/ubna_data_02_mir/recover-20220922/UBNA_001/20220921_090000.WAV,Telephone Field,recover-20220922,001,1795
1345.4115,1345.45,68437,81822,Rhinolophus ferrumequinum,0.023,0.023,-1,Echolocation,/mnt/ubna_data_02_mir/recover-20220922/UBNA_001/20220921_090000.WAV,Telephone Field,recover-20220922,001,1795
1345.4355,1345.4439,27187,36038,Eptesicus serotinus,0.007,0.02,-1,Echolocation,/mnt/ubna_data_02_mir/recover-20220922/UBNA_001/20220921_090000.WAV,Telephone Field,recover-20220922,001,1795
1345.4525,1345.4939,68437,82788,Rhinolophus ferrumequinum,0.024,0.024,-1,Echolocation,/mnt/ubna_data_02_mir/recover-20220922/UBNA_001/20220921_090000.WAV,Telephone Field,recover-20220922,001,1795
1345.4545,1345.4665,22890,27675,Nyctalus leisleri,0.017,0.034,-1,Echolocation,/mnt/ubna_data_02_mir/recover-20220922/UBNA_001/20220921_090000.WAV,Telephone Field,recover-20220922,001,1795
1345.4785,1345.517,68437,81779,Rhinolophus ferrumequinum,0.023,0.023,-1,Echolocation,/mnt/ubna_data_02_mir/recover-20220922/UBNA_001/20220921_090000.WAV,Telephone Field,recover-20220922,001,1795
1345.5155,1345.5538999999999,68437,81836,Rhinolophus ferrumequinum,0.021,0.021,-1,Echolocation,/mnt/ubna_data_02_mir/recover-20220922/UBNA_001/20220921_090000.WAV,Telephone Field,recover-20220922,001,1795
1345.5375,1345.5462,47812,51432,Pipistrellus pipistrellus,0.031,0.034,-1,Echolocation,/mnt/ubna_data_02_mir/recover-20220922/UBNA_001/20220921_090000.WAV,Telephone Field,recover-20220922,001,1795
1345.5465,1345.5849,68437,82354,Rhinolophus ferrumequinum,0.021,0.021,-1,Echolocation,/mnt/ubna_data_02_mir/recover-20220922/UBNA_001/20220921_090000.WAV,Telephone Field,recover-20220922,001,1795
1345.5765,1345.5879,25468,31646,Eptesicus serotinus,0.01,0.027,-1,Echolocation,/mnt/ubna_data_02_mir/recover-20220922/UBNA_001/20220921_090000.WAV,Telephone Field,recover-20220922,001,1795
1345.6395,1345.6761,68437,81563,Rhinolophus ferrumequinum,0.022,0.023,-1,Echolocation,/mnt/ubna_data_02_mir/recover-20220922/UBNA_001/20220921_090000.WAV,Telephone Field,recover-20220922,001,1795
1345.6495,1345.6616,24609,29599,Nyctalus leisleri,0.01,0.022,-1,Echolocation,/mnt/ubna_data_02_mir/recover-20220922/UBNA_001/20220921_090000.WAV,Telephone Field,recover-20220922,001,1795
1345.6555,1345.6972,68437,82661,Rhinolophus ferrumequinum,0.026,0.026,-1,Echolocation,/mnt/ubna_data_02_mir/recover-20220922/UBNA_001/20220921_090000.WAV,Telephone Field,recover-20220922,001,1795
1345.6805,1345.7188,68437,81753,Rhinolophus ferrumequinum,0.02,0.02,-1,Echolocation,/mnt/ubna_data_02_mir/recover-20220922/UBNA_001/20220921_090000.WAV,Telephone Field,recover-20220922,001,1795
1345.6975,1345.7388,68437,82288,Rhinolophus ferrumequinum,0.022,0.022,-1,Echolocation,/mnt/ubna_data_02_mir/recover-20220922/UBNA_001/20220921_090000.WAV,Telephone Field,recover-20220922,001,1795
1345.7165,1345.7276,23750,29849,Nyctalus leisleri,0.009,0.023,-1,Echolocation,/mnt/ubna_data_02_mir/recover-20220922/UBNA_001/20220921_090000.WAV,Telephone Field,recover-20220922,001,1795
1345.7445,1345.7844,68437,82463,Rhinolophus ferrumequinum,0.023,0.023,-1,Echolocation,/mnt/ubna_data_02_mir/recover-20220922/UBNA_001/20220921_090000.WAV,Telephone Field,recover-20220922,001,1795
1345.7575,1345.7946,68437,81404,Rhinolophus ferrumequinum,0.02,0.02,-1,Echolocation,/mnt/ubna_data_02_mir/recover-20220922/UBNA_001/20220921_090000.WAV,Telephone Field,recover-20220922,001,1795
1345.7655,1345.7988,68437,80675,Rhinolophus ferrumequinum,0.021,0.021,-1,Echolocation,/mnt/ubna_data_02_mir/recover-20220922/UBNA_001/20220921_090000.WAV,Telephone Field,recover-20220922,001,1795
1345.7785,1345.8181,68437,81927,Rhinolophus ferrumequinum,0.024,0.024,-1,Echolocation,/mnt/ubna_data_02_mir/recover-20220922/UBNA_001/20220921_090000.WAV,Telephone Field,recover-20220922,001,1795
1345.8085,1345.8163,50390,55441,Pipistrellus pipistrellus,0.02,0.023,-1,Echolocation,/mnt/ubna_data_02_mir/recover-20220922/UBNA_001/20220921_090000.WAV,Telephone Field,recover-20220922,001,1795
1345.8385,1345.8774,68437,82217,Rhinolophus ferrumequinum,0.02,0.02,-1,Echolocation,/mnt/ubna_data_02_mir/recover-20220922/UBNA_001/20220921_090000.WAV,Telephone Field,recover-20220922,001,1795
1345.8805,1345.9226,68437,82501,Rhinolophus ferrumequinum,0.025,0.025,-1,Echolocation,/mnt/ubna_data_02_mir/recover-20220922/UBNA_001/20220921_090000.WAV,Telephone Field,recover-20220922,001,1795
1345.9195,1345.9275,28046,39125,Eptesicus serotinus,0.007,0.021,-1,Echolocation,/mnt/ubna_data_02_mir/recover-20220922/UBNA_001/20220921_090000.WAV,Telephone Field,recover-20220922,001,1795
1345.9505,1345.9883,68437,81553,Rhinolophus ferrumequinum,0.023,0.023,-1,Echolocation,/mnt/ubna_data_02_mir/recover-20220922/UBNA_001/20220921_090000.WAV,Telephone Field,recover-20220922,001,1795
1345.9545,1345.9653,22890,28437,Nyctalus leisleri,0.011,0.025,-1,Echolocation,/mnt/ubna_data_02_mir/recover-20220922/UBNA_001/20220921_090000.WAV,Telephone Field,recover-20220922,001,1795
1345.9785,1345.9896,37500,42797,Pipistrellus nathusii,0.013,0.022,-1,Echolocation,/mnt/ubna_data_02_mir/recover-20220922/UBNA_001/20220921_090000.WAV,Telephone Field,recover-20220922,001,1795
1346.0015,1346.0087,24609,37616,Myotis nattereri,0.008,0.029,-1,Echolocation,/mnt/ubna_data_02_mir/recover-20220922/UBNA_001/20220921_090000.WAV,Telephone Field,recover-20220922,001,1795
1346.0015,1346.0129,12578,21167,Nyctalus leisleri,0.017,0.023,-1,Echolocation,/mnt/ubna_data_02_mir/recover-20220922/UBNA_001/20220921_090000.WAV,Telephone Field,recover-20220922,001,1795
1346.0015,1346.0127,46093,49904,Pipistrellus pipistrellus,0.019,0.025,-1,Echolocation,/mnt/ubna_data_02_mir/recover-20220922/UBNA_001/20220921_090000.WAV,Telephone Field,recover-20220922,001,1795
1346.0015,1346.0324,68437,80071,Rhinolophus ferrumequinum,0.038,0.038,-1,Echolocation,/mnt/ubna_data_02_mir/recover-20220922/UBNA_001/20220921_090000.WAV,Telephone Field,recover-20220922,001,1795
1346.0155,1346.0223,33203,43504,Myotis daubentonii,0.011,0.025,-1,Echolocation,/mnt/ubna_data_02_mir/recover-20220922/UBNA_001/20220921_090000.WAV,Telephone Field,recover-20220922,001,1795
1346.0445,1346.0548,28906,37201,Eptesicus serotinus,0.012,0.023,-1,Echolocation,/mnt/ubna_data_02_mir/recover-20220922/UBNA_001/20220921_090000.WAV,Telephone Field,recover-20220922,001,1795
1346.0475,1346.0815,68437,81121,Rhinolophus ferrumequinum,0.021,0.021,-1,Echolocation,/mnt/ubna_data_02_mir/recover-20220922/UBNA_001/20220921_090000.WAV,Telephone Field,recover-20220922,001,1795
1346.0725,1346.11,68437,81809,Rhinolophus ferrumequinum,0.023,0.023,-1,Echolocation,/mnt/ubna_data_02_mir/recover-20220922/UBNA_001/20220921_090000.WAV,Telephone Field,recover-20220922,001,1795
1346.0935,1346.1041,23750,28641,Nyctalus leisleri,0.012,0.025,-1,Echolocation,/mnt/ubna_data_02_mir/recover-20220922/UBNA_001/20220921_090000.WAV,Telephone Field,recover-20220922,001,1795
1346.1085,1346.1484,68437,82485,Rhinolophus ferrumequinum,0.027,0.027,-1,Echolocation,/mnt/ubna_data_02_mir/recover-20220922/UBNA_001/20220921_090000.WAV,Telephone Field,recover-20220922,001,1795
1346.1385,1346.1772,68437,82671,Rhinolophus ferrumequinum,0.022,0.022,-1,Echolocation,/mnt/ubna_data_02_mir/recover-20220922/UBNA_001/20220921_090000.WAV,Telephone Field,recover-20220922,001,1795
1346.1965,1346.2377,68437,82645,Rhinolophus ferrumequinum,0.023,0.023,-1,Echolocation,/mnt/ubna_data_02_mir/recover-20220922/UBNA_001/20220921_090000.WAV,Telephone Field,recover-20220922,001,1795
1346.2135,1346.2482,68437,81468,Rhinolophus ferrumequinum,0.022,0.022,-1,Echolocation,/mnt/ubna_data_02_mir/recover-20220922/UBNA_001/20220921_090000.WAV,Telephone Field,recover-20220922,001,1795
1346.2325,1346.2428,27187,34789,Eptesicus serotinus,0.013,0.028,-1,Echolocation,/mnt/ubna_data_02_mir/recover-20220922/UBNA_001/20220921_090000.WAV,Telephone Field,recover-20220922,001,1795
1346.3015,1346.3101,28046,34630,Eptesicus serotinus,0.034,0.068,-1,Echolocation,/mnt/ubna_data_02_mir/recover-20220922/UBNA_001/20220921_090000.WAV,Telephone Field,recover-20220922,001,1795
1346.3225,1346.3585,68437,81651,Rhinolophus ferrumequinum,0.023,0.023,-1,Echolocation,/mnt/ubna_data_02_mir/recover-20220922/UBNA_001/20220921_090000.WAV,Telephone Field,recover-20220922,001,1795
1346.3465,1346.3545,23750,32131,Plecotus austriacus,0.007,0.023,-1,Echolocation,/mnt/ubna_data_02_mir/recover-20220922/UBNA_001/20220921_090000.WAV,Telephone Field,recover-20220922,001,1795
1346.3665,1346.3776,23750,28953,Nyctalus leisleri,0.01,0.022,-1,Echolocation,/mnt/ubna_data_02_mir/recover-20220922/UBNA_001/20220921_090000.WAV,Telephone Field,recover-20220922,001,1795
1346.3925,1346.402,46093,50416,Pipistrellus pipistrellus,0.027,0.028,-1,Echolocation,/mnt/ubna_data_02_mir/recover-20220922/UBNA_001/20220921_090000.WAV,Telephone Field,recover-20220922,001,1795
1346.4095,1346.4487,68437,82803,Rhinolophus ferrumequinum,0.053,0.053,-1,Echolocation,/mnt/ubna_data_02_mir/recover-20220922/UBNA_001/20220921_090000.WAV,Telephone Field,recover-20220922,001,1795
1346.4555,1346.4942,68437,82670,Rhinolophus ferrumequinum,0.025,0.025,-1,Echolocation,/mnt/ubna_data_02_mir/recover-20220922/UBNA_001/20220921_090000.WAV,Telephone Field,recover-20220922,001,1795
1346.4855,1346.4926,28046,38937,Eptesicus serotinus,0.006,0.02,-1,Echolocation,/mnt/ubna_data_02_mir/recover-20220922/UBNA_001/20220921_090000.WAV,Telephone Field,recover-20220922,001,1795
1346.4865,1346.5272,68437,82336,Rhinolophus ferrumequinum,0.022,0.022,-1,Echolocation,/mnt/ubna_data_02_mir/recover-20220922/UBNA_001/20220921_090000.WAV,Telephone Field,recover-20220922,001,1795
1346.5245,1346.5625,68437,82362,Rhinolophus ferrumequinum,0.021,0.021,-1,Echolocation,/mnt/ubna_data_02_mir/recover-20220922/UBNA_001/20220921_090000.WAV,Telephone Field,recover-20220922,001,1795
1346.5525,1346.5622,28906,39354,Eptesicus serotinus,0.011,0.026,-1,Echolocation,/mnt/ubna_data_02_mir/recover-20220922/UBNA_001/20220921_090000.WAV,Telephone Field,recover-20220922,001,1795
1346.5525,1346.5931,68437,81725,Rhinolophus ferrumequinum,0.021,0.021,-1,Echolocation,/mnt/ubna_data_02_mir/recover-20220922/UBNA_001/20220921_090000.WAV,Telephone Field,recover-20220922,001,1795
1346.5605,1346.5995,68437,82091,Rhinolophus ferrumequinum,0.021,0.021,-1,Echolocation,/mnt/ubna_data_02_mir/recover-20220922/UBNA_001/20220921_090000.WAV,Telephone Field,recover-20220922,001,1795
1346.5865,1346.6003,29765,35553,Eptesicus serotinus,0.043,0.069,-1,Echolocation,/mnt/ubna_data_02_mir/recover-20220922/UBNA_001/20220921_090000.WAV,Telephone Field,recover-20220922,001,1795
1346.5875,1346.6249,68437,81565,Rhinolophus ferrumequinum,0.023,0.023,-1,Echolocation,/mnt/ubna_data_02_mir/recover-20220922/UBNA_001/20220921_090000.WAV,Telephone Field,recover-20220922,001,1795
1346.6065,1346.6443,68437,81733,Rhinolophus ferrumequinum,0.034,0.034,-1,Echolocation,/mnt/ubna_data_02_mir/recover-20220922/UBNA_001/20220921_090000.WAV,Telephone Field,recover-20220922,001,1795
1346.6085,1346.6203,22031,26078,Nyctalus leisleri,0.011,0.02,-1,Echolocation,/mnt/ubna_data_02_mir/recover-20220922/UBNA_001/20220921_090000.WAV,Telephone Field,recover-20220922,001,1795
1346.6445,1346.6516,23750,33241,Plecotus austriacus,0.012,0.026,-1,Echolocation,/mnt/ubna_data_02_mir/recover-20220922/UBNA_001/20220921_090000.WAV,Telephone Field,recover-20220922,001,1795
1346.6835,1346.7238,68437,82779,Rhinolophus ferrumequinum,0.024,0.024,-1,Echolocation,/mnt/ubna_data_02_mir/recover-20220922/UBNA_001/20220921_090000.WAV,Telephone Field,recover-20220922,001,1795
1346.6915,1346.7295,68437,82281,Rhinolophus ferrumequinum,0.021,0.021,-1,Echolocation,/mnt/ubna_data_02_mir/recover-20220922/UBNA_001/20220921_090000.WAV,Telephone Field,recover-20220922,001,1795
1346.7155,1346.7502,68437,81229,Rhinolophus ferrumequinum,0.021,0.021,-1,Echolocation,/mnt/ubna_data_02_mir/recover-20220922/UBNA_001/20220921_090000.WAV,Telephone Field,recover-20220922,001,1795
1346.7265,1346.7393,22031,25729,Nyctalus leisleri,0.013,0.021,-1,Echolocation,/mnt/ubna_data_02_mir/recover-20220922/UBNA_001/20220921_090000.WAV,Telephone Field,recover-20220922,001,1795
1346.7315,1346.7732,68437,82676,Rhinolophus ferrumequinum,0.04,0.04,-1,Echolocation,/mnt/ubna_data_02_mir/recover-20220922/UBNA_001/20220921_090000.WAV,Telephone Field,recover-20220922,001,1795
1346.7385,1346.746,28906,40671,Eptesicus serotinus,0.008,0.027,-1,Echolocation,/mnt/ubna_data_02_mir/recover-20220922/UBNA_001/20220921_090000.WAV,Telephone Field,recover-20220922,001,1795
1346.7485,1346.7873,68437,82163,Rhinolophus ferrumequinum,0.033,0.033,-1,Echolocation,/mnt/ubna_data_02_mir/recover-20220922/UBNA_001/20220921_090000.WAV,Telephone Field,recover-20220922,001,1795
1346.7525,1346.7612,28046,39312,Eptesicus serotinus,0.009,0.025,-1,Echolocation,/mnt/ubna_data_02_mir/recover-20220922/UBNA_001/20220921_090000.WAV,Telephone Field,recover-20220922,001,1795
1346.7705,1346.8083,68437,81727,Rhinolophus ferrumequinum,0.022,0.022,-1,Echolocation,/mnt/ubna_data_02_mir/recover-20220922/UBNA_001/20220921_090000.WAV,Telephone Field,recover-20220922,001,1795
1346.8105,1346.8484,68437,82511,Rhinolophus ferrumequinum,0.025,0.025,-1,Echolocation,/mnt/ubna_data_02_mir/recover-20220922/UBNA_001/20220921_090000.WAV,Telephone Field,recover-20220922,001,1795
1346.8145,1346.822,26328,36397,Eptesicus serotinus,0.008,0.021,-1,Echolocation,/mnt/ubna_data_02_mir/recover-20220922/UBNA_001/20220921_090000.WAV,Telephone Field,recover-20220922,001,1795
1346.8335,1346.847,28906,34513,Eptesicus serotinus,0.086,0.133,-1,Echolocation,/mnt/ubna_data_02_mir/recover-20220922/UBNA_001/20220921_090000.WAV,Telephone Field,recover-20220922,001,1795
1346.8705,1346.9039,68437,80492,Rhinolophus ferrumequinum,0.021,0.021,-1,Echolocation,/mnt/ubna_data_02_mir/recover-20220922/UBNA_001/20220921_090000.WAV,Telephone Field,recover-20220922,001,1795
1346.8925,1346.9337,68437,82241,Rhinolophus ferrumequinum,0.029,0.029,-1,Echolocation,/mnt/ubna_data_02_mir/recover-20220922/UBNA_001/20220921_090000.WAV,Telephone Field,recover-20220922,001,1795
1346.9785,1347.0174,68437,82323,Rhinolophus ferrumequinum,0.022,0.022,-1,Echolocation,/mnt/ubna_data_02_mir/recover-20220922/UBNA_001/20220921_090000.WAV,Telephone Field,recover-20220922,001,1795
1346.9885,1347.026,68437,82235,Rhinolophus ferrumequinum,0.023,0.023,-1,Echolocation,/mnt/ubna_data_02_mir/recover-20220922/UBNA_001/20220921_090000.WAV,Telephone Field,recover-20220922,001,1795
1347.0015,1347.0085,27187,41610,Eptesicus serotinus,0.007,0.026,-1,Echolocation,/mnt/ubna_data_02_mir/recover-20220922/UBNA_001/20220921_090000.WAV,Telephone Field,recover-20220922,001,1795
1347.0305,1347.0706,68437,81971,Rhinolophus ferrumequinum,0.021,0.022,-1,Echolocation,/mnt/ubna_data_02_mir/recover-20220922/UBNA_001/20220921_090000.WAV,Telephone Field,recover-20220922,001,1795
1347.0315,1347.0386,26328,41902,Eptesicus serotinus,0.006,0.022,-1,Echolocation,/mnt/ubna_data_02_mir/recover-20220922/UBNA_001/20220921_090000.WAV,Telephone Field,recover-20220922,001,1795
1347.1055,1347.1488,68437,83262,Rhinolophus ferrumequinum,0.038,0.038,-1,Echolocation,/mnt/ubna_data_02_mir/recover-20220922/UBNA_001/20220921_090000.WAV,Telephone Field,recover-20220922,001,1795
1347.1075,1347.1163,28906,39107,Eptesicus serotinus,0.008,0.022,-1,Echolocation,/mnt/ubna_data_02_mir/recover-20220922/UBNA_001/20220921_090000.WAV,Telephone Field,recover-20220922,001,1795
1347.1335,1347.1703,68437,82381,Rhinolophus ferrumequinum,0.024,0.024,-1,Echolocation,/mnt/ubna_data_02_mir/recover-20220922/UBNA_001/20220921_090000.WAV,Telephone Field,recover-20220922,001,1795
1347.1445,1347.1549,22890,28499,Nyctalus leisleri,0.009,0.021,-1,Echolocation,/mnt/ubna_data_02_mir/recover-20220922/UBNA_001/20220921_090000.WAV,Telephone Field,recover-20220922,001,1795
1347.1485,1347.1845,68437,82461,Rhinolophus ferrumequinum,0.021,0.021,-1,Echolocation,/mnt/ubna_data_02_mir/recover-20220922/UBNA_001/20220921_090000.WAV,Telephone Field,recover-20220922,001,1795
1347.1755,1347.1835,28906,40147,Eptesicus serotinus,0.007,0.022,-1,Echolocation,/mnt/ubna_data_02_mir/recover-20220922/UBNA_001/20220921_090000.WAV,Telephone Field,recover-20220922,001,1795
1347.1805,1347.2206,68437,82973,Rhinolophus ferrumequinum,0.029,0.029,-1,Echolocation,/mnt/ubna_data_02_mir/recover-20220922/UBNA_001/20220921_090000.WAV,Telephone Field,recover-20220922,001,1795
1347.2005,1347.2392,68437,83071,Rhinolophus ferrumequinum,0.024,0.024,-1,Echolocation,/mnt/ubna_data_02_mir/recover-20220922/UBNA_001/20220921_090000.WAV,Telephone Field,recover-20220922,001,1795
1347.2075,1347.2122,41796,54716,Myotis bechsteinii,0.008,0.03,-1,Echolocation,/mnt/ubna_data_02_mir/recover-20220922/UBNA_001/20220921_090000.WAV,Telephone Field,recover-20220922,001,1795
1347.2265,1347.2355,24609,31996,Nyctalus leisleri,0.007,0.023,-1,Echolocation,/mnt/ubna_data_02_mir/recover-20220922/UBNA_001/20220921_090000.WAV,Telephone Field,recover-20220922,001,1795
1347.2375,1347.2452,28046,41971,Eptesicus serotinus,0.007,0.023,-1,Echolocation,/mnt/ubna_data_02_mir/recover-20220922/UBNA_001/20220921_090000.WAV,Telephone Field,recover-20220922,001,1795
1347.2555,1347.2983,68437,82540,Rhinolophus ferrumequinum,0.049,0.049,-1,Echolocation,/mnt/ubna_data_02_mir/recover-20220922/UBNA_001/20220921_090000.WAV,Telephone Field,recover-20220922,001,1795
1347.2585,1347.2755,20312,23355,Nyctalus leisleri,0.015,0.024,-1,Echolocation,/mnt/ubna_data_02_mir/recover-20220922/UBNA_001/20220921_090000.WAV,Telephone Field,recover-20220922,001,1795
1347.2735,1347.2841,26328,34730,Eptesicus serotinus,0.009,0.023,-1,Echolocation,/mnt/ubna_data_02_mir/recover-20220922/UBNA_001/20220921_090000.WAV,Telephone Field,recover-20220922,001,1795
1347.3065,1347.3463,68437,82583,Rhinolophus ferrumequinum,0.03,0.03,-1,Echolocation,/mnt/ubna_data_02_mir/recover-20220922/UBNA_001/20220921_090000.WAV,Telephone Field,recover-20220922,001,1795
1347.3315,1347.3698,68437,81101,Rhinolophus ferrumequinum,0.021,0.021,-1,Echolocation,/mnt/ubna_data_02_mir/recover-20220922/UBNA_001/20220921_090000.WAV,Telephone Field,recover-20220922,001,1795
1347.3625,1347.3718,28046,36365,Eptesicus serotinus,0.009,0.022,-1,Echolocation,/mnt/ubna_data_02_mir/recover-20220922/UBNA_001/20220921_090000.WAV,Telephone Field,recover-20220922,001,1795
1347.3745,1347.4126,68437,81557,Rhinolophus ferrumequinum,0.022,0.022,-1,Echolocation,/mnt/ubna_data_02_mir/recover-20220922/UBNA_001/20220921_090000.WAV,Telephone Field,recover-20220922,001,1795
1347.3925,1347.4331,68437,82703,Rhinolophus ferrumequinum,0.026,0.026,-1,Echolocation,/mnt/ubna_data_02_mir/recover-20220922/UBNA_001/20220921_090000.WAV,Telephone Field,recover-20220922,001,1795
1347.4125,1347.4197,26328,38305,Eptesicus serotinus,0.007,0.022,-1,Echolocation,/mnt/ubna_data_02_mir/recover-20220922/UBNA_001/20220921_090000.WAV,Telephone Field,recover-20220922,001,1795
1347.4395,1347.479,68437,82087,Rhinolophus ferrumequinum,0.025,0.025,-1,Echolocation,/mnt/ubna_data_02_mir/recover-20220922/UBNA_001/20220921_090000.WAV,Telephone Field,recover-20220922,001,1795
1347.4465,1347.4848,68437,82950,Rhinolophus ferrumequinum,0.024,0.024,-1,Echolocation,/mnt/ubna_data_02_mir/recover-20220922/UBNA_001/20220921_090000.WAV,Telephone Field,recover-20220922,001,1795
1347.4485,1347.4562,28906,38985,Eptesicus serotinus,0.009,0.03,-1,Echolocation,/mnt/ubna_data_02_mir/recover-20220922/UBNA_001/20220921_090000.WAV,Telephone Field,recover-20220922,001,1795
1347.4575,1347.4688,28906,34600,Eptesicus serotinus,0.01,0.024,-1,Echolocation,/mnt/ubna_data_02_mir/recover-20220922/UBNA_001/20220921_090000.WAV,Telephone Field,recover-20220922,001,1795
1347.4915,1347.4994,28046,38515,Eptesicus serotinus,0.007,0.021,-1,Echolocation,/mnt/ubna_data_02_mir/recover-20220922/UBNA_001/20220921_090000.WAV,Telephone Field,recover-20220922,001,1795
1347.5545,1347.5915,68437,81096,Rhinolophus ferrumequinum,0.02,0.02,-1,Echolocation,/mnt/ubna_data_02_mir/recover-20220922/UBNA_001/20220921_090000.WAV,Telephone Field,recover-20220922,001,1795
1347.5665,1347.6049,68437,81633,Rhinolophus ferrumequinum,0.023,0.023,-1,Echolocation,/mnt/ubna_data_02_mir/recover-20220922/UBNA_001/20220921_090000.WAV,Telephone Field,recover-20220922,001,1795
1347.5785,1347.6168,68437,81734,Rhinolophus ferrumequinum,0.021,0.021,-1,Echolocation,/mnt/ubna_data_02_mir/recover-20220922/UBNA_001/20220921_090000.WAV,Telephone Field,recover-20220922,001,1795
1347.6105,1347.6268,21171,24097,Nyctalus leisleri,0.015,0.023,-1,Echolocation,/mnt/ubna_data_02_mir/recover-20220922/UBNA_001/20220921_090000.WAV,Telephone Field,recover-20220922,001,1795
1347.6345,1347.6745,68437,82147,Rhinolophus ferrumequinum,0.021,0.021,-1,Echolocation,/mnt/ubna_data_02_mir/recover-20220922/UBNA_001/20220921_090000.WAV,Telephone Field,recover-20220922,001,1795
1347.6435,1347.6823,68437,81979,Rhinolophus ferrumequinum,0.021,0.021,-1,Echolocation,/mnt/ubna_data_02_mir/recover-20220922/UBNA_001/20220921_090000.WAV,Telephone Field,recover-20220922,001,1795
1347.6655,1347.7051,68437,82624,Rhinolophus ferrumequinum,0.024,0.024,-1,Echolocation,/mnt/ubna_data_02_mir/recover-20220922/UBNA_001/20220921_090000.WAV,Telephone Field,recover-20220922,001,1795
1347.6875,1347.7275,68437,82407,Rhinolophus ferrumequinum,0.025,0.025,-1,Echolocation,/mnt/ubna_data_02_mir/recover-20220922/UBNA_001/20220921_090000.WAV,Telephone Field,recover-20220922,001,1795
1347.7185,1347.7511,67578,78105,Rhinolophus ferrumequinum,0.025,0.026,-1,Echolocation,/mnt/ubna_data_02_mir/recover-20220922/UBNA_001/20220921_090000.WAV,Telephone Field,recover-20220922,001,1795
1347.7405,1347.7816,68437,82633,Rhinolophus ferrumequinum,0.02,0.02,-1,Echolocation,/mnt/ubna_data_02_mir/recover-20220922/UBNA_001/20220921_090000.WAV,Telephone Field,recover-20220922,001,1795
1347.7885,1347.7995,22031,26100,Nyctalus leisleri,0.011,0.021,-1,Echolocation,/mnt/ubna_data_02_mir/recover-20220922/UBNA_001/20220921_090000.WAV,Telephone Field,recover-20220922,001,1795
1347.7995,1347.8393,68437,82724,Rhinolophus ferrumequinum,0.025,0.025,-1,Echolocation,/mnt/ubna_data_02_mir/recover-20220922/UBNA_001/20220921_090000.WAV,Telephone Field,recover-20220922,001,1795
1347.8165,1347.8272,28046,35273,Eptesicus serotinus,0.012,0.024,-1,Echolocation,/mnt/ubna_data_02_mir/recover-20220922/UBNA_001/20220921_090000.WAV,Telephone Field,recover-20220922,001,1795
1347.8515,1347.8589,28046,37030,Eptesicus serotinus,0.005,0.021,-1,Echolocation,/mnt/ubna_data_02_mir/recover-20220922/UBNA_001/20220921_090000.WAV,Telephone Field,recover-20220922,001,1795
1347.8685,1347.9083,68437,81949,Rhinolophus ferrumequinum,0.023,0.023,-1,Echolocation,/mnt/ubna_data_02_mir/recover-20220922/UBNA_001/20220921_090000.WAV,Telephone Field,recover-20220922,001,1795
1347.8925,1347.928,68437,81243,Rhinolophus ferrumequinum,0.023,0.023,-1,Echolocation,/mnt/ubna_data_02_mir/recover-20220922/UBNA_001/20220921_090000.WAV,Telephone Field,recover-20220922,001,1795
1347.8985,1347.9355,68437,81137,Rhinolophus ferrumequinum,0.024,0.024,-1,Echolocation,/mnt/ubna_data_02_mir/recover-20220922/UBNA_001/20220921_090000.WAV,Telephone Field,recover-20220922,001,1795
1347.9215,1347.932,23750,30137,Eptesicus serotinus,0.009,0.026,-1,Echolocation,/mnt/ubna_data_02_mir/recover-20220922/UBNA_001/20220921_090000.WAV,Telephone Field,recover-20220922,001,1795
1347.9225,1347.9633,68437,82603,Rhinolophus ferrumequinum,0.028,0.028,-1,Echolocation,/mnt/ubna_data_02_mir/recover-20220922/UBNA_001/20220921_090000.WAV,Telephone Field,recover-20220922,001,1795
1347.9345,1347.973,68437,82365,Rhinolophus ferrumequinum,0.022,0.022,-1,Echolocation,/mnt/ubna_data_02_mir/recover-20220922/UBNA_001/20220921_090000.WAV,Telephone Field,recover-20220922,001,1795
1347.9815,1347.9919,24609,31967,Eptesicus serotinus,0.007,0.021,-1,Echolocation,/mnt/ubna_data_02_mir/recover-20220922/UBNA_001/20220921_090000.WAV,Telephone Field,recover-20220922,001,1795
1347.9865,1347.9962,45234,53209,Pipistrellus pipistrellus,0.016,0.021,-1,Echolocation,/mnt/ubna_data_02_mir/recover-20220922/UBNA_001/20220921_090000.WAV,Telephone Field,recover-20220922,001,1795
1348.0015,1348.0085,48671,56454,Pipistrellus pipistrellus,0.021,0.028,-1,Echolocation,/mnt/ubna_data_02_mir/recover-20220922/UBNA_001/20220921_090000.WAV,Telephone Field,recover-20220922,001,1795
1348.0015,1348.0117,21171,27266,Nyctalus leisleri,0.012,0.028,-1,Echolocation,/mnt/ubna_data_02_mir/recover-20220922/UBNA_001/20220921_090000.WAV,Telephone Field,recover-20220922,001,1795
1348.0475,1348.0563,46093,49610,Pipistrellus pipistrellus,0.042,0.044,-1,Echolocation,/mnt/ubna_data_02_mir/recover-20220922/UBNA_001/20220921_090000.WAV,Telephone Field,recover-20220922,001,1795
1348.1105,1348.1257,22890,26438,Nyctalus leisleri,0.024,0.038,-1,Echolocation,/mnt/ubna_data_02_mir/recover-20220922/UBNA_001/20220921_090000.WAV,Telephone Field,recover-20220922,001,1795
1348.2205,1348.2586000000001,68437,81941,Rhinolophus ferrumequinum,0.024,0.024,-1,Echolocation,/mnt/ubna_data_02_mir/recover-20220922/UBNA_001/20220921_090000.WAV,Telephone Field,recover-20220922,001,1795
1348.2755,1348.2854,28906,37621,Eptesicus serotinus,0.009,0.024,-1,Echolocation,/mnt/ubna_data_02_mir/recover-20220922/UBNA_001/20220921_090000.WAV,Telephone Field,recover-20220922,001,1795
1348.3055,1348.3466,68437,82854,Rhinolophus ferrumequinum,0.031,0.031,-1,Echolocation,/mnt/ubna_data_02_mir/recover-20220922/UBNA_001/20220921_090000.WAV,Telephone Field,recover-20220922,001,1795
1348.3115,1348.3265,14296,20215,Nyctalus noctula,0.016,0.023,-1,Echolocation,/mnt/ubna_data_02_mir/recover-20220922/UBNA_001/20220921_090000.WAV,Telephone Field,recover-20220922,001,1795
1348.3145,1348.3575,68437,83375,Rhinolophus ferrumequinum,0.026,0.026,-1,Echolocation,/mnt/ubna_data_02_mir/recover-20220922/UBNA_001/20220921_090000.WAV,Telephone Field,recover-20220922,001,1795
1348.3225,1348.3316,24609,32866,Eptesicus serotinus,0.008,0.025,-1,Echolocation,/mnt/ubna_data_02_mir/recover-20220922/UBNA_001/20220921_090000.WAV,Telephone Field,recover-20220922,001,1795
1348.3225,1348.3625,68437,82228,Rhinolophus ferrumequinum,0.022,0.022,-1,Echolocation,/mnt/ubna_data_02_mir/recover-20220922/UBNA_001/20220921_090000.WAV,Telephone Field,recover-20220922,001,1795
1348.3395,1348.3817,68437,83147,Rhinolophus ferrumequinum,0.032,0.032,-1,Echolocation,/mnt/ubna_data_02_mir/recover-20220922/UBNA_001/20220921_090000.WAV,Telephone Field,recover-20220922,001,1795
1348.4075,1348.4183,22890,28176,Nyctalus leisleri,0.012,0.025,-1,Echolocation,/mnt/ubna_data_02_mir/recover-20220922/UBNA_001/20220921_090000.WAV,Telephone Field,recover-20220922,001,1795
1348.4225,1348.4601,68437,81470,Rhinolophus ferrumequinum,0.022,0.022,-1,Echolocation,/mnt/ubna_data_02_mir/recover-20220922/UBNA_001/20220921_090000.WAV,Telephone Field,recover-20220922,001,1795
1348.4715,1348.5128,68437,83124,Rhinolophus ferrumequinum,0.027,0.027,-1,Echolocation,/mnt/ubna_data_02_mir/recover-20220922/UBNA_001/20220921_090000.WAV,Telephone Field,recover-20220922,001,1795
1348.5065,1348.5164,35781,41910,Pipistrellus nathusii,0.016,0.042,-1,Echolocation,/mnt/ubna_data_02_mir/recover-20220922/UBNA_001/20220921_090000.WAV,Telephone Field,recover-20220922,001,1795
1348.5075,1348.5456,68437,82089,Rhinolophus ferrumequinum,0.024,0.024,-1,Echolocation,/mnt/ubna_data_02_mir/recover-20220922/UBNA_001/20220921_090000.WAV,Telephone Field,recover-20220922,001,1795
1348.5245,1348.5644,68437,82061,Rhinolophus ferrumequinum,0.021,0.021,-1,Echolocation,/mnt/ubna_data_02_mir/recover-20220922/UBNA_001/20220921_090000.WAV,Telephone Field,recover-20220922,001,1795
1348.6205,1348.6605,68437,82000,Rhinolophus ferrumequinum,0.024,0.024,-1,Echolocation,/mnt/ubna_data_02_mir/recover-20220922/UBNA_001/20220921_090000.WAV,Telephone Field,recover-20220922,001,1795
1348.6425,1348.652,28046,36442,Eptesicus serotinus,0.008,0.021,-1,Echolocation,/mnt/ubna_data_02_mir/recover-20220922/UBNA_001/20220921_090000.WAV,Telephone Field,recover-20220922,001,1795
1348.6845,1348.7279,68437,83183,Rhinolophus ferrumequinum,0.034,0.035,-1,Echolocation,/mnt/ubna_data_02_mir/recover-20220922/UBNA_001/20220921_090000.WAV,Telephone Field,recover-20220922,001,1795
1348.6895,1348.6981,29765,41941,Eptesicus serotinus,0.008,0.025,-1,Echolocation,/mnt/ubna_data_02_mir/recover-20220922/UBNA_001/20220921_090000.WAV,Telephone Field,recover-20220922,001,1795
1348.7315,1348.7398,27187,38771,Eptesicus serotinus,0.01,0.024,-1,Echolocation,/mnt/ubna_data_02_mir/recover-20220922/UBNA_001/20220921_090000.WAV,Telephone Field,recover-20220922,001,1795
1348.7735,1348.7845,23750,29356,Nyctalus leisleri,0.013,0.026,-1,Echolocation,/mnt/ubna_data_02_mir/recover-20220922/UBNA_001/20220921_090000.WAV,Telephone Field,recover-20220922,001,1795
1348.8075,1348.8165,28046,37999,Eptesicus serotinus,0.011,0.024,-1,Echolocation,/mnt/ubna_data_02_mir/recover-20220922/UBNA_001/20220921_090000.WAV,Telephone Field,recover-20220922,001,1795
1348.8075,1348.8493,68437,83294,Rhinolophus ferrumequinum,0.033,0.033,-1,Echolocation,/mnt/ubna_data_02_mir/recover-20220922/UBNA_001/20220921_090000.WAV,Telephone Field,recover-20220922,001,1795
1348.8715,1348.9085,68437,82407,Rhinolophus ferrumequinum,0.022,0.022,-1,Echolocation,/mnt/ubna_data_02_mir/recover-20220922/UBNA_001/20220921_090000.WAV,Telephone Field,recover-20220922,001,1795
1348.8745,1348.8828,28046,36949,Eptesicus serotinus,0.008,0.024,-1,Echolocation,/mnt/ubna_data_02_mir/recover-20220922/UBNA_001/20220921_090000.WAV,Telephone Field,recover-20220922,001,1795
1348.8945,1348.9053,23750,29720,Nyctalus leisleri,0.012,0.028,-1,Echolocation,/mnt/ubna_data_02_mir/recover-20220922/UBNA_001/20220921_090000.WAV,Telephone Field,recover-20220922,001,1795
1348.9235,1348.9628,68437,82488,Rhinolophus ferrumequinum,0.023,0.023,-1,Echolocation,/mnt/ubna_data_02_mir/recover-20220922/UBNA_001/20220921_090000.WAV,Telephone Field,recover-20220922,001,1795
1348.9295,1348.9695,68437,81875,Rhinolophus ferrumequinum,0.024,0.024,-1,Echolocation,/mnt/ubna_data_02_mir/recover-20220922/UBNA_001/20220921_090000.WAV,Telephone Field,recover-20220922,001,1795
1348.9505,1348.9714,19453,22067,Nyctalus leisleri,0.016,0.027,-1,Echolocation,/mnt/ubna_data_02_mir/recover-20220922/UBNA_001/20220921_090000.WAV,Telephone Field,recover-20220922,001,1795
1348.9725,1349.0113,68437,82494,Rhinolophus ferrumequinum,0.021,0.021,-1,Echolocation,/mnt/ubna_data_02_mir/recover-20220922/UBNA_001/20220921_090000.WAV,Telephone Field,recover-20220922,001,1795
1348.9735,1348.984,28046,35877,Eptesicus serotinus,0.017,0.032,-1,Echolocation,/mnt/ubna_data_02_mir/recover-20220922/UBNA_001/20220921_090000.WAV,Telephone Field,recover-20220922,001,1795
1349.0995,1349.1392,68437,82051,Rhinolophus ferrumequinum,0.023,0.023,-1,Echolocation,/mnt/ubna_data_02_mir/recover-20220922/UBNA_001/20220921_090000.WAV,Telephone Field,recover-20220922,001,1795
1349.1285,1349.1674,68437,81967,Rhinolophus ferrumequinum,0.021,0.021,-1,Echolocation,/mnt/ubna_data_02_mir/recover-20220922/UBNA_001/20220921_090000.WAV,Telephone Field,recover-20220922,001,1795
1349.1365,1349.1742,68437,81878,Rhinolophus ferrumequinum,0.021,0.021,-1,Echolocation,/mnt/ubna_data_02_mir/recover-20220922/UBNA_001/20220921_090000.WAV,Telephone Field,recover-20220922,001,1795
1349.1715,1349.2152,68437,83372,Rhinolophus ferrumequinum,0.037,0.037,-1,Echolocation,/mnt/ubna_data_02_mir/recover-20220922/UBNA_001/20220921_090000.WAV,Telephone Field,recover-20220922,001,1795
1349.2025,1349.2128,22890,28620,Nyctalus leisleri,0.008,0.021,-1,Echolocation,/mnt/ubna_data_02_mir/recover-20220922/UBNA_001/20220921_090000.WAV,Telephone Field,recover-20220922,001,1795
1349.2125,1349.2469,68437,81055,Rhinolophus ferrumequinum,0.026,0.026,-1,Echolocation,/mnt/ubna_data_02_mir/recover-20220922/UBNA_001/20220921_090000.WAV,Telephone Field,recover-20220922,001,1795
1349.2305,1349.2409,23750,29078,Nyctalus leisleri,0.011,0.023,-1,Echolocation,/mnt/ubna_data_02_mir/recover-20220922/UBNA_001/20220921_090000.WAV,Telephone Field,recover-20220922,001,1795
1349.2415,1349.2851,68437,83847,Rhinolophus ferrumequinum,0.036,0.036,-1,Echolocation,/mnt/ubna_data_02_mir/recover-20220922/UBNA_001/20220921_090000.WAV,Telephone Field,recover-20220922,001,1795
1349.2675,1349.3063,68437,82243,Rhinolophus ferrumequinum,0.022,0.022,-1,Echolocation,/mnt/ubna_data_02_mir/recover-20220922/UBNA_001/20220921_090000.WAV,Telephone Field,recover-20220922,001,1795
1349.2935,1349.3295,68437,81355,Rhinolophus ferrumequinum,0.024,0.024,-1,Echolocation,/mnt/ubna_data_02_mir/recover-20220922/UBNA_001/20220921_090000.WAV,Telephone Field,recover-20220922,001,1795
1349.3035,1349.3418,68437,82082,Rhinolophus ferrumequinum,0.023,0.023,-1,Echolocation,/mnt/ubna_data_02_mir/recover-20220922/UBNA_001/20220921_090000.WAV,Telephone Field,recover-20220922,001,1795
1349.3355,1349.3746,68437,82568,Rhinolophus ferrumequinum,0.024,0.024,-1,Echolocation,/mnt/ubna_data_02_mir/recover-20220922/UBNA_001/20220921_090000.WAV,Telephone Field,recover-20220922,001,1795
1349.3565,1349.3637,28046,38512,Eptesicus serotinus,0.007,0.023,-1,Echolocation,/mnt/ubna_data_02_mir/recover-20220922/UBNA_001/20220921_090000.WAV,Telephone Field,recover-20220922,001,1795
1349.3755,1349.3856,22890,27918,Nyctalus leisleri,0.011,0.022,-1,Echolocation,/mnt/ubna_data_02_mir/recover-20220922/UBNA_001/20220921_090000.WAV,Telephone Field,recover-20220922,001,1795
1349.3965,1349.4358,68437,82366,Rhinolophus ferrumequinum,0.023,0.023,-1,Echolocation,/mnt/ubna_data_02_mir/recover-20220922/UBNA_001/20220921_090000.WAV,Telephone Field,recover-20220922,001,1795
1349.4275,1349.4365,28046,37459,Eptesicus serotinus,0.008,0.021,-1,Echolocation,/mnt/ubna_data_02_mir/recover-20220922/UBNA_001/20220921_090000.WAV,Telephone Field,recover-20220922,001,1795
1349.4415,1349.4811,68437,82588,Rhinolophus ferrumequinum,0.023,0.023,-1,Echolocation,/mnt/ubna_data_02_mir/recover-20220922/UBNA_001/20220921_090000.WAV,Telephone Field,recover-20220922,001,1795
1349.4505,1349.4654,22890,28156,Nyctalus leisleri,0.014,0.029,-1,Echolocation,/mnt/ubna_data_02_mir/recover-20220922/UBNA_001/20220921_090000.WAV,Telephone Field,recover-20220922,001,1795
1349.4855,1349.5235,68437,82286,Rhinolophus ferrumequinum,0.023,0.023,-1,Echolocation,/mnt/ubna_data_02_mir/recover-20220922/UBNA_001/20220921_090000.WAV,Telephone Field,recover-20220922,001,1795
1349.5025,1349.5419,68437,82347,Rhinolophus ferrumequinum,0.026,0.026,-1,Echolocation,/mnt/ubna_data_02_mir/recover-20220922/UBNA_001/20220921_090000.WAV,Telephone Field,recover-20220922,001,1795
1349.5245,1349.5349,26328,34746,Eptesicus serotinus,0.01,0.024,-1,Echolocation,/mnt/ubna_data_02_mir/recover-20220922/UBNA_001/20220921_090000.WAV,Telephone Field,recover-20220922,001,1795
1349.5605,1349.6002,68437,82506,Rhinolophus ferrumequinum,0.023,0.023,-1,Echolocation,/mnt/ubna_data_02_mir/recover-20220922/UBNA_001/20220921_090000.WAV,Telephone Field,recover-20220922,001,1795
1349.5805,1349.6212,68437,82453,Rhinolophus ferrumequinum,0.022,0.022,-1,Echolocation,/mnt/ubna_data_02_mir/recover-20220922/UBNA_001/20220921_090000.WAV,Telephone Field,recover-20220922,001,1795
1349.5865,1349.6268,68437,82214,Rhinolophus ferrumequinum,0.021,0.021,-1,Echolocation,/mnt/ubna_data_02_mir/recover-20220922/UBNA_001/20220921_090000.WAV,Telephone Field,recover-20220922,001,1795
1349.6035,1349.6443,68437,82488,Rhinolophus ferrumequinum,0.022,0.022,-1,Echolocation,/mnt/ubna_data_02_mir/recover-20220922/UBNA_001/20220921_090000.WAV,Telephone Field,recover-20220922,001,1795
1349.6115,1349.6219,22890,27379,Nyctalus leisleri,0.011,0.021,-1,Echolocation,/mnt/ubna_data_02_mir/recover-20220922/UBNA_001/20220921_090000.WAV,Telephone Field,recover-20220922,001,1795
1349.6275,1349.6662,68437,82446,Rhinolophus ferrumequinum,0.026,0.026,-1,Echolocation,/mnt/ubna_data_02_mir/recover-20220922/UBNA_001/20220921_090000.WAV,Telephone Field,recover-20220922,001,1795
1349.6585,1349.6703,22890,28223,Nyctalus leisleri,0.013,0.026,-1,Echolocation,/mnt/ubna_data_02_mir/recover-20220922/UBNA_001/20220921_090000.WAV,Telephone Field,recover-20220922,001,1795
1349.6645,1349.7033,68437,82683,Rhinolophus ferrumequinum,0.022,0.022,-1,Echolocation,/mnt/ubna_data_02_mir/recover-20220922/UBNA_001/20220921_090000.WAV,Telephone Field,recover-20220922,001,1795
1349.7185,1349.7589,68437,82470,Rhinolophus ferrumequinum,0.023,0.023,-1,Echolocation,/mnt/ubna_data_02_mir/recover-20220922/UBNA_001/20220921_090000.WAV,Telephone Field,recover-20220922,001,1795
1349.7665,1349.8057,68437,82720,Rhinolophus ferrumequinum,0.025,0.025,-1,Echolocation,/mnt/ubna_data_02_mir/recover-20220922/UBNA_001/20220921_090000.WAV,Telephone Field,recover-20220922,001,1795
1349.7685,1349.7757,23750,36769,Plecotus austriacus,0.009,0.025,-1,Echolocation,/mnt/ubna_data_02_mir/recover-20220922/UBNA_001/20220921_090000.WAV,Telephone Field,recover-20220922,001,1795
1349.8405,1349.8487,27187,37255,Eptesicus serotinus,0.007,0.022,-1,Echolocation,/mnt/ubna_data_02_mir/recover-20220922/UBNA_001/20220921_090000.WAV,Telephone Field,recover-20220922,001,1795
1349.8545,1349.8648,22890,27373,Nyctalus leisleri,0.012,0.025,-1,Echolocation,/mnt/ubna_data_02_mir/recover-20220922/UBNA_001/20220921_090000.WAV,Telephone Field,recover-20220922,001,1795
1349.8605,1349.8958,68437,82228,Rhinolophus ferrumequinum,0.023,0.023,-1,Echolocation,/mnt/ubna_data_02_mir/recover-20220922/UBNA_001/20220921_090000.WAV,Telephone Field,recover-20220922,001,1795
1349.8755,1349.9156,68437,82488,Rhinolophus ferrumequinum,0.027,0.027,-1,Echolocation,/mnt/ubna_data_02_mir/recover-20220922/UBNA_001/20220921_090000.WAV,Telephone Field,recover-20220922,001,1795
1349.9075,1349.9179,22031,26740,Nyctalus leisleri,0.011,0.022,-1,Echolocation,/mnt/ubna_data_02_mir/recover-20220922/UBNA_001/20220921_090000.WAV,Telephone Field,recover-20220922,001,1795
1349.9085,1349.9157,28046,39177,Eptesicus serotinus,0.007,0.025,-1,Echolocation,/mnt/ubna_data_02_mir/recover-20220922/UBNA_001/20220921_090000.WAV,Telephone Field,recover-20220922,001,1795
1349.9365,1349.9722,68437,81639,Rhinolophus ferrumequinum,0.024,0.024,-1,Echolocation,/mnt/ubna_data_02_mir/recover-20220922/UBNA_001/20220921_090000.WAV,Telephone Field,recover-20220922,001,1795
1349.9735,1349.9822,28906,38715,Eptesicus serotinus,0.008,0.023,-1,Echolocation,/mnt/ubna_data_02_mir/recover-20220922/UBNA_001/20220921_090000.WAV,Telephone Field,recover-20220922,001,1795
1350.0015,1350.015,49531,55034,Pipistrellus pipistrellus,0.014,0.023,-1,Echolocation,/mnt/ubna_data_02_mir/recover-20220922/UBNA_001/20220921_090000.WAV,Telephone Field,recover-20220922,001,1795
1350.0015,1350.0143,18593,23425,Nyctalus leisleri,0.013,0.031,-1,Echolocation,/mnt/ubna_data_02_mir/recover-20220922/UBNA_001/20220921_090000.WAV,Telephone Field,recover-20220922,001,1795
1350.0015,1350.0362,68437,80820,Rhinolophus ferrumequinum,0.037,0.037,-1,Echolocation,/mnt/ubna_data_02_mir/recover-20220922/UBNA_001/20220921_090000.WAV,Telephone Field,recover-20220922,001,1795
1350.0085,1350.0519,68437,82403,Rhinolophus ferrumequinum,0.022,0.022,-1,Echolocation,/mnt/ubna_data_02_mir/recover-20220922/UBNA_001/20220921_090000.WAV,Telephone Field,recover-20220922,001,1795
1350.0265,1350.0659,68437,82445,Rhinolophus ferrumequinum,0.021,0.021,-1,Echolocation,/mnt/ubna_data_02_mir/recover-20220922/UBNA_001/20220921_090000.WAV,Telephone Field,recover-20220922,001,1795
1350.0565,1350.0656,28046,38433,Eptesicus serotinus,0.008,0.022,-1,Echolocation,/mnt/ubna_data_02_mir/recover-20220922/UBNA_001/20220921_090000.WAV,Telephone Field,recover-20220922,001,1795
1350.0965,1350.137,68437,82309,Rhinolophus ferrumequinum,0.039,0.039,-1,Echolocation,/mnt/ubna_data_02_mir/recover-20220922/UBNA_001/20220921_090000.WAV,Telephone Field,recover-20220922,001,1795
1350.1085,1350.152,68437,83058,Rhinolophus ferrumequinum,0.034,0.034,-1,Echolocation,/mnt/ubna_data_02_mir/recover-20220922/UBNA_001/20220921_090000.WAV,Telephone Field,recover-20220922,001,1795
1350.1325,1350.1455,22890,27128,Nyctalus leisleri,0.025,0.043,-1,Echolocation,/mnt/ubna_data_02_mir/recover-20220922/UBNA_001/20220921_090000.WAV,Telephone Field,recover-20220922,001,1795
1350.1535,1350.1933,68437,82290,Rhinolophus ferrumequinum,0.022,0.022,-1,Echolocation,/mnt/ubna_data_02_mir/recover-20220922/UBNA_001/20220921_090000.WAV,Telephone Field,recover-20220922,001,1795
1350.1845,1350.2234,68437,82164,Rhinolophus ferrumequinum,0.023,0.023,-1,Echolocation,/mnt/ubna_data_02_mir/recover-20220922/UBNA_001/20220921_090000.WAV,Telephone Field,recover-20220922,001,1795
1350.2275,1350.2345,28906,37826,Eptesicus serotinus,0.011,0.033,-1,Echolocation,/mnt/ubna_data_02_mir/recover-20220922/UBNA_001/20220921_090000.WAV,Telephone Field,recover-20220922,001,1795
1350.2435,1350.2838,68437,82505,Rhinolophus ferrumequinum,0.025,0.025,-1,Echolocation,/mnt/ubna_data_02_mir/recover-20220922/UBNA_001/20220921_090000.WAV,Telephone Field,recover-20220922,001,1795
1350.2935,1350.3318,68437,81766,Rhinolophus ferrumequinum,0.031,0.032,-1,Echolocation,/mnt/ubna_data_02_mir/recover-20220922/UBNA_001/20220921_090000.WAV,Telephone Field,recover-20220922,001,1795
1350.3195,1350.3591,68437,82242,Rhinolophus ferrumequinum,0.026,0.026,-1,Echolocation,/mnt/ubna_data_02_mir/recover-20220922/UBNA_001/20220921_090000.WAV,Telephone Field,recover-20220922,001,1795
1350.3515,1350.3602,28046,38791,Eptesicus serotinus,0.009,0.023,-1,Echolocation,/mnt/ubna_data_02_mir/recover-20220922/UBNA_001/20220921_090000.WAV,Telephone Field,recover-20220922,001,1795
1350.3645,1350.3743,28046,35918,Eptesicus serotinus,0.009,0.022,-1,Echolocation,/mnt/ubna_data_02_mir/recover-20220922/UBNA_001/20220921_090000.WAV,Telephone Field,recover-20220922,001,1795
1350.3755,1350.4144,68437,81829,Rhinolophus ferrumequinum,0.022,0.022,-1,Echolocation,/mnt/ubna_data_02_mir/recover-20220922/UBNA_001/20220921_090000.WAV,Telephone Field,recover-20220922,001,1795
1350.3935,1350.4359,68437,83174,Rhinolophus ferrumequinum,0.033,0.033,-1,Echolocation,/mnt/ubna_data_02_mir/recover-20220922/UBNA_001/20220921_090000.WAV,Telephone Field,recover-20220922,001,1795
1350.3975,1350.4051,28046,38202,Eptesicus serotinus,0.007,0.021,-1,Echolocation,/mnt/ubna_data_02_mir/recover-20220922/UBNA_001/20220921_090000.WAV,Telephone Field,recover-20220922,001,1795
1350.4685,1350.5053,68437,81842,Rhinolophus ferrumequinum,0.023,0.023,-1,Echolocation,/mnt/ubna_data_02_mir/recover-20220922/UBNA_001/20220921_090000.WAV,Telephone Field,recover-20220922,001,1795
1350.4775,1350.4878,22890,29043,Nyctalus leisleri,0.012,0.027,-1,Echolocation,/mnt/ubna_data_02_mir/recover-20220922/UBNA_001/20220921_090000.WAV,Telephone Field,recover-20220922,001,1795
1350.4805,1350.516,68437,81499,Rhinolophus ferrumequinum,0.024,0.024,-1,Echolocation,/mnt/ubna_data_02_mir/recover-20220922/UBNA_001/20220921_090000.WAV,Telephone Field,recover-20220922,001,1795
1350.5185,1350.5561,68437,81141,Rhinolophus ferrumequinum,0.027,0.028,-1,Echolocation,/mnt/ubna_data_02_mir/recover-20220922/UBNA_001/20220921_090000.WAV,Telephone Field,recover-20220922,001,1795
1350.5205,1350.528,44375,56723,Pipistrellus pipistrellus,0.014,0.022,-1,Echolocation,/mnt/ubna_data_02_mir/recover-20220922/UBNA_001/20220921_090000.WAV,Telephone Field,recover-20220922,001,1795
1350.5395,1350.5502,25468,31674,Eptesicus serotinus,0.01,0.026,-1,Echolocation,/mnt/ubna_data_02_mir/recover-20220922/UBNA_001/20220921_090000.WAV,Telephone Field,recover-20220922,001,1795
1350.5475,1350.5844,68437,81966,Rhinolophus ferrumequinum,0.025,0.025,-1,Echolocation,/mnt/ubna_data_02_mir/recover-20220922/UBNA_001/20220921_090000.WAV,Telephone Field,recover-20220922,001,1795
1350.5565,1350.5945,68437,82163,Rhinolophus ferrumequinum,0.022,0.022,-1,Echolocation,/mnt/ubna_data_02_mir/recover-20220922/UBNA_001/20220921_090000.WAV,Telephone Field,recover-20220922,001,1795
1350.5665,1350.5754,27187,35005,Eptesicus serotinus,0.015,0.031,-1,Echolocation,/mnt/ubna_data_02_mir/recover-20220922/UBNA_001/20220921_090000.WAV,Telephone Field,recover-20220922,001,1795
1350.5745,1350.6148,68437,83155,Rhinolophus ferrumequinum,0.026,0.026,-1,Echolocation,/mnt/ubna_data_02_mir/recover-20220922/UBNA_001/20220921_090000.WAV,Telephone Field,recover-20220922,001,1795
1350.6255,1350.6396,22890,27506,Nyctalus leisleri,0.014,0.026,-1,Echolocation,/mnt/ubna_data_02_mir/recover-20220922/UBNA_001/20220921_090000.WAV,Telephone Field,recover-20220922,001,1795
1350.6315,1350.64,48671,54622,Pipistrellus pipistrellus,0.02,0.021,-1,Echolocation,/mnt/ubna_data_02_mir/recover-20220922/UBNA_001/20220921_090000.WAV,Telephone Field,recover-20220922,001,1795
1350.6615,1350.6978,68437,81613,Rhinolophus ferrumequinum,0.021,0.021,-1,Echolocation,/mnt/ubna_data_02_mir/recover-20220922/UBNA_001/20220921_090000.WAV,Telephone Field,recover-20220922,001,1795
1350.6805,1350.7164,68437,81379,Rhinolophus ferrumequinum,0.023,0.023,-1,Echolocation,/mnt/ubna_data_02_mir/recover-20220922/UBNA_001/20220921_090000.WAV,Telephone Field,recover-20220922,001,1795
1350.6835,1350.6929,28046,38806,Eptesicus serotinus,0.011,0.026,-1,Echolocation,/mnt/ubna_data_02_mir/recover-20220922/UBNA_001/20220921_090000.WAV,Telephone Field,recover-20220922,001,1795
1350.7045,1350.7492,68437,83132,Rhinolophus ferrumequinum,0.059,0.059,-1,Echolocation,/mnt/ubna_data_02_mir/recover-20220922/UBNA_001/20220921_090000.WAV,Telephone Field,recover-20220922,001,1795
1350.7335,1350.7693,68437,81012,Rhinolophus ferrumequinum,0.025,0.025,-1,Echolocation,/mnt/ubna_data_02_mir/recover-20220922/UBNA_001/20220921_090000.WAV,Telephone Field,recover-20220922,001,1795
1350.7485,1350.7851,68437,82007,Rhinolophus ferrumequinum,0.022,0.022,-1,Echolocation,/mnt/ubna_data_02_mir/recover-20220922/UBNA_001/20220921_090000.WAV,Telephone Field,recover-20220922,001,1795
1350.7495,1350.7596,25468,32685,Eptesicus serotinus,0.008,0.021,-1,Echolocation,/mnt/ubna_data_02_mir/recover-20220922/UBNA_001/20220921_090000.WAV,Telephone Field,recover-20220922,001,1795
1350.7685,1350.8071,68437,82027,Rhinolophus ferrumequinum,0.023,0.024,-1,Echolocation,/mnt/ubna_data_02_mir/recover-20220922/UBNA_001/20220921_090000.WAV,Telephone Field,recover-20220922,001,1795
1350.8075,1350.8196,23750,28733,Nyctalus leisleri,0.012,0.026,-1,Echolocation,/mnt/ubna_data_02_mir/recover-20220922/UBNA_001/20220921_090000.WAV,Telephone Field,recover-20220922,001,1795
1350.8075,1350.8475,68437,81787,Rhinolophus ferrumequinum,0.03,0.03,-1,Echolocation,/mnt/ubna_data_02_mir/recover-20220922/UBNA_001/20220921_090000.WAV,Telephone Field,recover-20220922,001,1795
1350.8155,1350.8521,68437,81341,Rhinolophus ferrumequinum,0.033,0.033,-1,Echolocation,/mnt/ubna_data_02_mir/recover-20220922/UBNA_001/20220921_090000.WAV,Telephone Field,recover-20220922,001,1795
1350.8245,1350.8336,28906,37350,Eptesicus serotinus,0.008,0.021,-1,Echolocation,/mnt/ubna_data_02_mir/recover-20220922/UBNA_001/20220921_090000.WAV,Telephone Field,recover-20220922,001,1795
1350.8615,1350.8994,68437,82384,Rhinolophus ferrumequinum,0.024,0.024,-1,Echolocation,/mnt/ubna_data_02_mir/recover-20220922/UBNA_001/20220921_090000.WAV,Telephone Field,recover-20220922,001,1795
1350.8845,1350.9239,68437,82366,Rhinolophus ferrumequinum,0.022,0.022,-1,Echolocation,/mnt/ubna_data_02_mir/recover-20220922/UBNA_001/20220921_090000.WAV,Telephone Field,recover-20220922,001,1795
1350.9455,1350.979,68437,80685,Rhinolophus ferrumequinum,0.03,0.03,-1,Echolocation,/mnt/ubna_data_02_mir/recover-20220922/UBNA_001/20220921_090000.WAV,Telephone Field,recover-20220922,001,1795
1350.9905,1351.0017,22890,28248,Nyctalus leisleri,0.013,0.027,-1,Echolocation,/mnt/ubna_data_02_mir/recover-20220922/UBNA_001/20220921_090000.WAV,Telephone Field,recover-20220922,001,1795
1351.0065,1351.0442,68437,81669,Rhinolophus ferrumequinum,0.023,0.023,-1,Echolocation,/mnt/ubna_data_02_mir/recover-20220922/UBNA_001/20220921_090000.WAV,Telephone Field,recover-20220922,001,1795
1351.0205,1351.0573,68437,81642,Rhinolophus ferrumequinum,0.022,0.022,-1,Echolocation,/mnt/ubna_data_02_mir/recover-20220922/UBNA_001/20220921_090000.WAV,Telephone Field,recover-20220922,001,1795
1351.0275,1351.0651,68437,81923,Rhinolophus ferrumequinum,0.023,0.023,-1,Echolocation,/mnt/ubna_data_02_mir/recover-20220922/UBNA_001/20220921_090000.WAV,Telephone Field,recover-20220922,001,1795
1351.0845,1351.1207,68437,81673,Rhinolophus ferrumequinum,0.025,0.025,-1,Echolocation,/mnt/ubna_data_02_mir/recover-20220922/UBNA_001/20220921_090000.WAV,Telephone Field,recover-20220922,001,1795
1351.1445,1351.1848,68437,82531,Rhinolophus ferrumequinum,0.027,0.027,-1,Echolocation,/mnt/ubna_data_02_mir/recover-20220922/UBNA_001/20220921_090000.WAV,Telephone Field,recover-20220922,001,1795
1351.1565,1351.1662,24609,33000,Eptesicus serotinus,0.011,0.026,-1,Echolocation,/mnt/ubna_data_02_mir/recover-20220922/UBNA_001/20220921_090000.WAV,Telephone Field,recover-20220922,001,1795
1351.1595,1351.1985,68437,82332,Rhinolophus ferrumequinum,0.022,0.022,-1,Echolocation,/mnt/ubna_data_02_mir/recover-20220922/UBNA_001/20220921_090000.WAV,Telephone Field,recover-20220922,001,1795
1351.1815,1351.2241,68437,82754,Rhinolophus ferrumequinum,0.028,0.028,-1,Echolocation,/mnt/ubna_data_02_mir/recover-20220922/UBNA_001/20220921_090000.WAV,Telephone Field,recover-20220922,001,1795
1351.1935,1351.2019,24609,32847,Eptesicus serotinus,0.009,0.028,-1,Echolocation,/mnt/ubna_data_02_mir/recover-20220922/UBNA_001/20220921_090000.WAV,Telephone Field,recover-20220922,001,1795
1351.2115,1351.2203,22890,29971,Plecotus austriacus,0.008,0.023,-1,Echolocation,/mnt/ubna_data_02_mir/recover-20220922/UBNA_001/20220921_090000.WAV,Telephone Field,recover-20220922,001,1795
1351.2255,1351.2637,68437,81633,Rhinolophus ferrumequinum,0.021,0.022,-1,Echolocation,/mnt/ubna_data_02_mir/recover-20220922/UBNA_001/20220921_090000.WAV,Telephone Field,recover-20220922,001,1795
1351.2675,1351.3066,68437,82589,Rhinolophus ferrumequinum,0.027,0.027,-1,Echolocation,/mnt/ubna_data_02_mir/recover-20220922/UBNA_001/20220921_090000.WAV,Telephone Field,recover-20220922,001,1795
1351.3035,1351.3389,68437,80643,Rhinolophus ferrumequinum,0.022,0.022,-1,Echolocation,/mnt/ubna_data_02_mir/recover-20220922/UBNA_001/20220921_090000.WAV,Telephone Field,recover-20220922,001,1795
1351.3245,1351.3606,68437,80965,Rhinolophus ferrumequinum,0.022,0.023,-1,Echolocation,/mnt/ubna_data_02_mir/recover-20220922/UBNA_001/20220921_090000.WAV,Telephone Field,recover-20220922,001,1795
1351.3305,1351.3679,68437,81097,Rhinolophus ferrumequinum,0.023,0.023,-1,Echolocation,/mnt/ubna_data_02_mir/recover-20220922/UBNA_001/20220921_090000.WAV,Telephone Field,recover-20220922,001,1795
1351.3365,1351.3737,68437,81360,Rhinolophus ferrumequinum,0.024,0.024,-1,Echolocation,/mnt/ubna_data_02_mir/recover-20220922/UBNA_001/20220921_090000.WAV,Telephone Field,recover-20220922,001,1795
1351.3575,1351.3946,68437,82337,Rhinolophus ferrumequinum,0.023,0.023,-1,Echolocation,/mnt/ubna_data_02_mir/recover-20220922/UBNA_001/20220921_090000.WAV,Telephone Field,recover-20220922,001,1795
1351.3595,1351.372,23750,28713,Nyctalus leisleri,0.015,0.029,-1,Echolocation,/mnt/ubna_data_02_mir/recover-20220922/UBNA_001/20220921_090000.WAV,Telephone Field,recover-20220922,001,1795
1351.3795,1351.4196,68437,82521,Rhinolophus ferrumequinum,0.035,0.035,-1,Echolocation,/mnt/ubna_data_02_mir/recover-20220922/UBNA_001/20220921_090000.WAV,Telephone Field,recover-20220922,001,1795
1351.4525,1351.4608,28046,39231,Eptesicus serotinus,0.007,0.022,-1,Echolocation,/mnt/ubna_data_02_mir/recover-20220922/UBNA_001/20220921_090000.WAV,Telephone Field,recover-20220922,001,1795
1351.4585,1351.4692,22031,26589,Nyctalus leisleri,0.011,0.022,-1,Echolocation,/mnt/ubna_data_02_mir/recover-20220922/UBNA_001/20220921_090000.WAV,Telephone Field,recover-20220922,001,1795
1351.5075,1351.5465,68437,81768,Rhinolophus ferrumequinum,0.023,0.023,-1,Echolocation,/mnt/ubna_data_02_mir/recover-20220922/UBNA_001/20220921_090000.WAV,Telephone Field,recover-20220922,001,1795
1351.5135,1351.5488,68437,80986,Rhinolophus ferrumequinum,0.023,0.023,-1,Echolocation,/mnt/ubna_data_02_mir/recover-20220922/UBNA_001/20220921_090000.WAV,Telephone Field,recover-20220922,001,1795
1351.5495,1351.588,68437,82035,Rhinolophus ferrumequinum,0.023,0.023,-1,Echolocation,/mnt/ubna_data_02_mir/recover-20220922/UBNA_001/20220921_090000.WAV,Telephone Field,recover-20220922,001,1795
1351.5635,1351.5979,68437,80924,Rhinolophus ferrumequinum,0.024,0.024,-1,Echolocation,/mnt/ubna_data_02_mir/recover-20220922/UBNA_001/20220921_090000.WAV,Telephone Field,recover-20220922,001,1795
1351.5785,1351.5881,29765,40619,Eptesicus serotinus,0.011,0.028,-1,Echolocation,/mnt/ubna_data_02_mir/recover-20220922/UBNA_001/20220921_090000.WAV,Telephone Field,recover-20220922,001,1795
1351.5925,1351.6339,68437,83003,Rhinolophus ferrumequinum,0.033,0.033,-1,Echolocation,/mnt/ubna_data_02_mir/recover-20220922/UBNA_001/20220921_090000.WAV,Telephone Field,recover-20220922,001,1795
1351.6165,1351.6559,68437,82187,Rhinolophus ferrumequinum,0.023,0.023,-1,Echolocation,/mnt/ubna_data_02_mir/recover-20220922/UBNA_001/20220921_090000.WAV,Telephone Field,recover-20220922,001,1795
1351.6515,1351.6894,68437,81886,Rhinolophus ferrumequinum,0.023,0.023,-1,Echolocation,/mnt/ubna_data_02_mir/recover-20220922/UBNA_001/20220921_090000.WAV,Telephone Field,recover-20220922,001,1795
1351.6825,1351.6926,29765,37463,Eptesicus serotinus,0.01,0.024,-1,Echolocation,/mnt/ubna_data_02_mir/recover-20220922/UBNA_001/20220921_090000.WAV,Telephone Field,recover-20220922,001,1795
1351.7075,1351.7484,68437,82509,Rhinolophus ferrumequinum,0.028,0.028,-1,Echolocation,/mnt/ubna_data_02_mir/recover-20220922/UBNA_001/20220921_090000.WAV,Telephone Field,recover-20220922,001,1795
1351.7145,1351.7569,68437,82622,Rhinolophus ferrumequinum,0.026,0.026,-1,Echolocation,/mnt/ubna_data_02_mir/recover-20220922/UBNA_001/20220921_090000.WAV,Telephone Field,recover-20220922,001,1795
1351.7245,1351.7663,68437,83253,Rhinolophus ferrumequinum,0.023,0.023,-1,Echolocation,/mnt/ubna_data_02_mir/recover-20220922/UBNA_001/20220921_090000.WAV,Telephone Field,recover-20220922,001,1795
1351.7475,1351.7875,68437,82412,Rhinolophus ferrumequinum,0.027,0.027,-1,Echolocation,/mnt/ubna_data_02_mir/recover-20220922/UBNA_001/20220921_090000.WAV,Telephone Field,recover-20220922,001,1795
1351.7635,1351.7715,28046,36992,Eptesicus serotinus,0.009,0.023,-1,Echolocation,/mnt/ubna_data_02_mir/recover-20220922/UBNA_001/20220921_090000.WAV,Telephone Field,recover-20220922,001,1795
1351.7745,1351.8134,68437,81666,Rhinolophus ferrumequinum,0.024,0.024,-1,Echolocation,/mnt/ubna_data_02_mir/recover-20220922/UBNA_001/20220921_090000.WAV,Telephone Field,recover-20220922,001,1795
1351.7765,1351.7855,43515,46744,Pipistrellus pipistrellus,0.026,0.033,-1,Echolocation,/mnt/ubna_data_02_mir/recover-20220922/UBNA_001/20220921_090000.WAV,Telephone Field,recover-20220922,001,1795
1351.7805,1351.7893,29765,38071,Eptesicus serotinus,0.009,0.028,-1,Echolocation,/mnt/ubna_data_02_mir/recover-20220922/UBNA_001/20220921_090000.WAV,Telephone Field,recover-20220922,001,1795
1351.8015,1351.8429,68437,83181,Rhinolophus ferrumequinum,0.023,0.023,-1,Echolocation,/mnt/ubna_data_02_mir/recover-20220922/UBNA_001/20220921_090000.WAV,Telephone Field,recover-20220922,001,1795
1351.8085,1351.8477,68437,82672,Rhinolophus ferrumequinum,0.022,0.022,-1,Echolocation,/mnt/ubna_data_02_mir/recover-20220922/UBNA_001/20220921_090000.WAV,Telephone Field,recover-20220922,001,1795
1351.8245,1351.862,68437,81502,Rhinolophus ferrumequinum,0.024,0.024,-1,Echolocation,/mnt/ubna_data_02_mir/recover-20220922/UBNA_001/20220921_090000.WAV,Telephone Field,recover-20220922,001,1795
1351.8475,1351.857,27187,35777,Eptesicus serotinus,0.014,0.028,-1,Echolocation,/mnt/ubna_data_02_mir/recover-20220922/UBNA_001/20220921_090000.WAV,Telephone Field,recover-20220922,001,1795
1351.8545,1351.8643,28906,36851,Eptesicus serotinus,0.01,0.025,-1,Echolocation,/mnt/ubna_data_02_mir/recover-20220922/UBNA_001/20220921_090000.WAV,Telephone Field,recover-20220922,001,1795
1351.8555,1351.8921,68437,81791,Rhinolophus ferrumequinum,0.023,0.024,-1,Echolocation,/mnt/ubna_data_02_mir/recover-20220922/UBNA_001/20220921_090000.WAV,Telephone Field,recover-20220922,001,1795
1351.9265,1351.937,22890,27909,Nyctalus leisleri,0.011,0.023,-1,Echolocation,/mnt/ubna_data_02_mir/recover-20220922/UBNA_001/20220921_090000.WAV,Telephone Field,recover-20220922,001,1795
1351.9315,1351.9408,28906,35955,Eptesicus serotinus,0.011,0.023,-1,Echolocation,/mnt/ubna_data_02_mir/recover-20220922/UBNA_001/20220921_090000.WAV,Telephone Field,recover-20220922,001,1795
1351.9775,1351.9863,22890,29877,Plecotus austriacus,0.009,0.023,-1,Echolocation,/mnt/ubna_data_02_mir/recover-20220922/UBNA_001/20220921_090000.WAV,Telephone Field,recover-20220922,001,1795
1352.0015,1352.0355,68437,80631,Rhinolophus ferrumequinum,0.047,0.047,-1,Echolocation,/mnt/ubna_data_02_mir/recover-20220922/UBNA_001/20220921_090000.WAV,Telephone Field,recover-20220922,001,1795
1352.0015,1352.0107,23750,30548,Nyctalus leisleri,0.012,0.034,-1,Echolocation,/mnt/ubna_data_02_mir/recover-20220922/UBNA_001/20220921_090000.WAV,Telephone Field,recover-20220922,001,1795
1352.0175,1352.0634,68437,83583,Rhinolophus ferrumequinum,0.026,0.026,-1,Echolocation,/mnt/ubna_data_02_mir/recover-20220922/UBNA_001/20220921_090000.WAV,Telephone Field,recover-20220922,001,1795
1352.0195,1352.0277,26328,35319,Eptesicus serotinus,0.009,0.026,-1,Echolocation,/mnt/ubna_data_02_mir/recover-20220922/UBNA_001/20220921_090000.WAV,Telephone Field,recover-20220922,001,1795
1352.0445,1352.0531,28906,38843,Eptesicus serotinus,0.007,0.022,-1,Echolocation,/mnt/ubna_data_02_mir/recover-20220922/UBNA_001/20220921_090000.WAV,Telephone Field,recover-20220922,001,1795
1352.0455,1352.0838,68437,82212,Rhinolophus ferrumequinum,0.024,0.024,-1,Echolocation,/mnt/ubna_data_02_mir/recover-20220922/UBNA_001/20220921_090000.WAV,Telephone Field,recover-20220922,001,1795
1352.0505,1352.0896,68437,82583,Rhinolophus ferrumequinum,0.023,0.023,-1,Echolocation,/mnt/ubna_data_02_mir/recover-20220922/UBNA_001/20220921_090000.WAV,Telephone Field,recover-20220922,001,1795
1352.0785,1352.1199,68437,82735,Rhinolophus ferrumequinum,0.022,0.022,-1,Echolocation,/mnt/ubna_data_02_mir/recover-20220922/UBNA_001/20220921_090000.WAV,Telephone Field,recover-20220922,001,1795
1352.0975,1352.1354,68437,82374,Rhinolophus ferrumequinum,0.026,0.026,-1,Echolocation,/mnt/ubna_data_02_mir/recover-20220922/UBNA_001/20220921_090000.WAV,Telephone Field,recover-20220922,001,1795
1352.1275,1352.1607,68437,81003,Rhinolophus ferrumequinum,0.021,0.021,-1,Echolocation,/mnt/ubna_data_02_mir/recover-20220922/UBNA_001/20220921_090000.WAV,Telephone Field,recover-20220922,001,1795
1352.1855,1352.225,68437,82314,Rhinolophus ferrumequinum,0.022,0.022,-1,Echolocation,/mnt/ubna_data_02_mir/recover-20220922/UBNA_001/20220921_090000.WAV,Telephone Field,recover-20220922,001,1795
1352.2385,1352.2805,68437,82254,Rhinolophus ferrumequinum,0.022,0.022,-1,Echolocation,/mnt/ubna_data_02_mir/recover-20220922/UBNA_001/20220921_090000.WAV,Telephone Field,recover-20220922,001,1795
1352.2905,1352.3293,68437,82264,Rhinolophus ferrumequinum,0.022,0.022,-1,Echolocation,/mnt/ubna_data_02_mir/recover-20220922/UBNA_001/20220921_090000.WAV,Telephone Field,recover-20220922,001,1795
1352.2985,1352.3368,68437,81831,Rhinolophus ferrumequinum,0.021,0.021,-1,Echolocation,/mnt/ubna_data_02_mir/recover-20220922/UBNA_001/20220921_090000.WAV,Telephone Field,recover-20220922,001,1795
1352.3085,1352.3176,27187,35148,Eptesicus serotinus,0.019,0.036,-1,Echolocation,/mnt/ubna_data_02_mir/recover-20220922/UBNA_001/20220921_090000.WAV,Telephone Field,recover-20220922,001,1795
1352.3315,1352.3692,68437,81900,Rhinolophus ferrumequinum,0.021,0.021,-1,Echolocation,/mnt/ubna_data_02_mir/recover-20220922/UBNA_001/20220921_090000.WAV,Telephone Field,recover-20220922,001,1795
1352.3435,1352.357,14296,18243,Nyctalus noctula,0.026,0.044,-1,Echolocation,/mnt/ubna_data_02_mir/recover-20220922/UBNA_001/20220921_090000.WAV,Telephone Field,recover-20220922,001,1795
1352.3825,1352.3927,28906,36270,Eptesicus serotinus,0.01,0.024,-1,Echolocation,/mnt/ubna_data_02_mir/recover-20220922/UBNA_001/20220921_090000.WAV,Telephone Field,recover-20220922,001,1795
1352.3825,1352.4206,68437,81981,Rhinolophus ferrumequinum,0.023,0.023,-1,Echolocation,/mnt/ubna_data_02_mir/recover-20220922/UBNA_001/20220921_090000.WAV,Telephone Field,recover-20220922,001,1795
1352.3915,1352.4265,68437,80971,Rhinolophus ferrumequinum,0.021,0.022,-1,Echolocation,/mnt/ubna_data_02_mir/recover-20220922/UBNA_001/20220921_090000.WAV,Telephone Field,recover-20220922,001,1795
1352.4205,1352.4588,68437,82446,Rhinolophus ferrumequinum,0.022,0.022,-1,Echolocation,/mnt/ubna_data_02_mir/recover-20220922/UBNA_001/20220921_090000.WAV,Telephone Field,recover-20220922,001,1795
1352.4545,1352.4655,22031,28328,Nyctalus leisleri,0.016,0.041,-1,Echolocation,/mnt/ubna_data_02_mir/recover-20220922/UBNA_001/20220921_090000.WAV,Telephone Field,recover-20220922,001,1795
1352.4595,1352.4682,28046,41072,Eptesicus serotinus,0.012,0.03,-1,Echolocation,/mnt/ubna_data_02_mir/recover-20220922/UBNA_001/20220921_090000.WAV,Telephone Field,recover-20220922,001,1795
1352.4715,1352.5129,68437,83458,Rhinolophus ferrumequinum,0.037,0.037,-1,Echolocation,/mnt/ubna_data_02_mir/recover-20220922/UBNA_001/20220921_090000.WAV,Telephone Field,recover-20220922,001,1795
1352.5035,1352.5435,68437,82257,Rhinolophus ferrumequinum,0.022,0.022,-1,Echolocation,/mnt/ubna_data_02_mir/recover-20220922/UBNA_001/20220921_090000.WAV,Telephone Field,recover-20220922,001,1795
1352.5445,1352.5835,68437,82122,Rhinolophus ferrumequinum,0.028,0.028,-1,Echolocation,/mnt/ubna_data_02_mir/recover-20220922/UBNA_001/20220921_090000.WAV,Telephone Field,recover-20220922,001,1795
1352.5655,1352.6048,68437,81763,Rhinolophus ferrumequinum,0.021,0.021,-1,Echolocation,/mnt/ubna_data_02_mir/recover-20220922/UBNA_001/20220921_090000.WAV,Telephone Field,recover-20220922,001,1795
1352.5685,1352.5757,28046,40250,Eptesicus serotinus,0.006,0.021,-1,Echolocation,/mnt/ubna_data_02_mir/recover-20220922/UBNA_001/20220921_090000.WAV,Telephone Field,recover-20220922,001,1795
1352.5765,1352.6162,68437,82050,Rhinolophus ferrumequinum,0.023,0.023,-1,Echolocation,/mnt/ubna_data_02_mir/recover-20220922/UBNA_001/20220921_090000.WAV,Telephone Field,recover-20220922,001,1795
1352.5965,1352.6064,28046,37495,Eptesicus serotinus,0.015,0.026,-1,Echolocation,/mnt/ubna_data_02_mir/recover-20220922/UBNA_001/20220921_090000.WAV,Telephone Field,recover-20220922,001,1795
1352.6205,1352.6321,48671,52816,Pipistrellus pipistrellus,0.031,0.035,-1,Echolocation,/mnt/ubna_data_02_mir/recover-20220922/UBNA_001/20220921_090000.WAV,Telephone Field,recover-20220922,001,1795
1352.6365,1352.6465,22031,26757,Nyctalus leisleri,0.01,0.021,-1,Echolocation,/mnt/ubna_data_02_mir/recover-20220922/UBNA_001/20220921_090000.WAV,Telephone Field,recover-20220922,001,1795
1352.6935,1352.7356,68437,83014,Rhinolophus ferrumequinum,0.025,0.025,-1,Echolocation,/mnt/ubna_data_02_mir/recover-20220922/UBNA_001/20220921_090000.WAV,Telephone Field,recover-20220922,001,1795
1352.7385,1352.7459,27187,39639,Eptesicus serotinus,0.008,0.025,-1,Echolocation,/mnt/ubna_data_02_mir/recover-20220922/UBNA_001/20220921_090000.WAV,Telephone Field,recover-20220922,001,1795
1352.7785,1352.8175,68437,82454,Rhinolophus ferrumequinum,0.029,0.029,-1,Echolocation,/mnt/ubna_data_02_mir/recover-20220922/UBNA_001/20220921_090000.WAV,Telephone Field,recover-20220922,001,1795
1352.7885,1352.7952,24609,32755,Plecotus austriacus,0.008,0.022,-1,Echolocation,/mnt/ubna_data_02_mir/recover-20220922/UBNA_001/20220921_090000.WAV,Telephone Field,recover-20220922,001,1795
1352.8215,1352.8592,68437,82089,Rhinolophus ferrumequinum,0.022,0.022,-1,Echolocation,/mnt/ubna_data_02_mir/recover-20220922/UBNA_001/20220921_090000.WAV,Telephone Field,recover-20220922,001,1795
1352.8265,1352.866,68437,82459,Rhinolophus ferrumequinum,0.021,0.021,-1,Echolocation,/mnt/ubna_data_02_mir/recover-20220922/UBNA_001/20220921_090000.WAV,Telephone Field,recover-20220922,001,1795
1352.8275,1352.8336,24609,40618,Plecotus austriacus,0.008,0.026,-1,Echolocation,/mnt/ubna_data_02_mir/recover-20220922/UBNA_001/20220921_090000.WAV,Telephone Field,recover-20220922,001,1795
1352.8535,1352.8931,68437,82635,Rhinolophus ferrumequinum,0.022,0.022,-1,Echolocation,/mnt/ubna_data_02_mir/recover-20220922/UBNA_001/20220921_090000.WAV,Telephone Field,recover-20220922,001,1795
1352.8635,1352.8754,28906,35345,Eptesicus serotinus,0.014,0.027,-1,Echolocation,/mnt/ubna_data_02_mir/recover-20220922/UBNA_001/20220921_090000.WAV,Telephone Field,recover-20220922,001,1795
1352.8755,1352.9131,68437,82264,Rhinolophus ferrumequinum,0.023,0.023,-1,Echolocation,/mnt/ubna_data_02_mir/recover-20220922/UBNA_001/20220921_090000.WAV,Telephone Field,recover-20220922,001,1795
1352.8955,1352.902,28906,38685,Eptesicus serotinus,0.01,0.032,-1,Echolocation,/mnt/ubna_data_02_mir/recover-20220922/UBNA_001/20220921_090000.WAV,Telephone Field,recover-20220922,001,1795
1352.9055,1352.9371,68437,80357,Rhinolophus ferrumequinum,0.024,0.025,-1,Echolocation,/mnt/ubna_data_02_mir/recover-20220922/UBNA_001/20220921_090000.WAV,Telephone Field,recover-20220922,001,1795
1352.9255,1352.9666,68437,82451,Rhinolophus ferrumequinum,0.024,0.024,-1,Echolocation,/mnt/ubna_data_02_mir/recover-20220922/UBNA_001/20220921_090000.WAV,Telephone Field,recover-20220922,001,1795
1352.9555,1352.9653,22890,28735,Nyctalus leisleri,0.008,0.022,-1,Echolocation,/mnt/ubna_data_02_mir/recover-20220922/UBNA_001/20220921_090000.WAV,Telephone Field,recover-20220922,001,1795
1352.9655,1353.0038,68437,82452,Rhinolophus ferrumequinum,0.022,0.022,-1,Echolocation,/mnt/ubna_data_02_mir/recover-20220922/UBNA_001/20220921_090000.WAV,Telephone Field,recover-20220922,001,1795
1353.0115,1353.0215,25468,32709,Nyctalus leisleri,0.007,0.022,-1,Echolocation,/mnt/ubna_data_02_mir/recover-20220922/UBNA_001/20220921_090000.WAV,Telephone Field,recover-20220922,001,1795
1353.0135,1353.0509,68437,81965,Rhinolophus ferrumequinum,0.021,0.021,-1,Echolocation,/mnt/ubna_data_02_mir/recover-20220922/UBNA_001/20220921_090000.WAV,Telephone Field,recover-20220922,001,1795
1353.0205,1353.0298,28046,36578,Eptesicus serotinus,0.008,0.021,-1,Echolocation,/mnt/ubna_data_02_mir/recover-20220922/UBNA_001/20220921_090000.WAV,Telephone Field,recover-20220922,001,1795
1353.0285,1353.0651,68437,81534,Rhinolophus ferrumequinum,0.021,0.021,-1,Echolocation,/mnt/ubna_data_02_mir/recover-20220922/UBNA_001/20220921_090000.WAV,Telephone Field,recover-20220922,001,1795
1353.1005,1353.1098,27187,37540,Eptesicus serotinus,0.009,0.022,-1,Echolocation,/mnt/ubna_data_02_mir/recover-20220922/UBNA_001/20220921_090000.WAV,Telephone Field,recover-20220922,001,1795
1353.1195,1353.1586,68437,82236,Rhinolophus ferrumequinum,0.023,0.023,-1,Echolocation,/mnt/ubna_data_02_mir/recover-20220922/UBNA_001/20220921_090000.WAV,Telephone Field,recover-20220922,001,1795
1353.1385,1353.151,23750,28793,Nyctalus leisleri,0.012,0.027,-1,Echolocation,/mnt/ubna_data_02_mir/recover-20220922/UBNA_001/20220921_090000.WAV,Telephone Field,recover-20220922,001,1795
1353.1825,1353.2172,68437,81507,Rhinolophus ferrumequinum,0.021,0.021,-1,Echolocation,/mnt/ubna_data_02_mir/recover-20220922/UBNA_001/20220921_090000.WAV,Telephone Field,recover-20220922,001,1795
1353.2145,1353.2225,26328,35025,Eptesicus serotinus,0.008,0.024,-1,Echolocation,/mnt/ubna_data_02_mir/recover-20220922/UBNA_001/20220921_090000.WAV,Telephone Field,recover-20220922,001,1795
1353.2395,1353.2791,68437,82542,Rhinolophus ferrumequinum,0.024,0.024,-1,Echolocation,/mnt/ubna_data_02_mir/recover-20220922/UBNA_001/20220921_090000.WAV,Telephone Field,recover-20220922,001,1795
1353.2765,1353.2874,23750,28818,Nyctalus leisleri,0.011,0.022,-1,Echolocation,/mnt/ubna_data_02_mir/recover-20220922/UBNA_001/20220921_090000.WAV,Telephone Field,recover-20220922,001,1795
1353.3005,1353.3075,23750,31947,Plecotus austriacus,0.011,0.023,-1,Echolocation,/mnt/ubna_data_02_mir/recover-20220922/UBNA_001/20220921_090000.WAV,Telephone Field,recover-20220922,001,1795
1353.3005,1353.3078,28906,36436,Eptesicus serotinus,0.006,0.022,-1,Echolocation,/mnt/ubna_data_02_mir/recover-20220922/UBNA_001/20220921_090000.WAV,Telephone Field,recover-20220922,001,1795
1353.3195,1353.3586,68437,82435,Rhinolophus ferrumequinum,0.023,0.023,-1,Echolocation,/mnt/ubna_data_02_mir/recover-20220922/UBNA_001/20220921_090000.WAV,Telephone Field,recover-20220922,001,1795
1353.3225,1353.3329,22031,27021,Nyctalus leisleri,0.01,0.022,-1,Echolocation,/mnt/ubna_data_02_mir/recover-20220922/UBNA_001/20220921_090000.WAV,Telephone Field,recover-20220922,001,1795
1353.3575,1353.3984,68437,82471,Rhinolophus ferrumequinum,0.021,0.021,-1,Echolocation,/mnt/ubna_data_02_mir/recover-20220922/UBNA_001/20220921_090000.WAV,Telephone Field,recover-20220922,001,1795
1353.3635,1353.4027,68437,82019,Rhinolophus ferrumequinum,0.021,0.021,-1,Echolocation,/mnt/ubna_data_02_mir/recover-20220922/UBNA_001/20220921_090000.WAV,Telephone Field,recover-20220922,001,1795
1353.3855,1353.3924,23750,32719,Plecotus austriacus,0.011,0.023,-1,Echolocation,/mnt/ubna_data_02_mir/recover-20220922/UBNA_001/20220921_090000.WAV,Telephone Field,recover-20220922,001,1795
1353.4015,1353.4117,22890,28261,Nyctalus leisleri,0.013,0.027,-1,Echolocation,/mnt/ubna_data_02_mir/recover-20220922/UBNA_001/20220921_090000.WAV,Telephone Field,recover-20220922,001,1795
1353.4375,1353.4736,68437,81019,Rhinolophus ferrumequinum,0.025,0.025,-1,Echolocation,/mnt/ubna_data_02_mir/recover-20220922/UBNA_001/20220921_090000.WAV,Telephone Field,recover-20220922,001,1795
1353.4685,1353.507,68437,81696,Rhinolophus ferrumequinum,0.023,0.023,-1,Echolocation,/mnt/ubna_data_02_mir/recover-20220922/UBNA_001/20220921_090000.WAV,Telephone Field,recover-20220922,001,1795
1353.5005,1353.5082,25468,34277,Plecotus austriacus,0.007,0.024,-1,Echolocation,/mnt/ubna_data_02_mir/recover-20220922/UBNA_001/20220921_090000.WAV,Telephone Field,recover-20220922,001,1795
1353.5175,1353.5268,26328,34262,Eptesicus serotinus,0.014,0.029,-1,Echolocation,/mnt/ubna_data_02_mir/recover-20220922/UBNA_001/20220921_090000.WAV,Telephone Field,recover-20220922,001,1795
1353.5825,1353.5964,23750,29235,Nyctalus leisleri,0.013,0.028,-1,Echolocation,/mnt/ubna_data_02_mir/recover-20220922/UBNA_001/20220921_090000.WAV,Telephone Field,recover-20220922,001,1795
1353.5865,1353.6246,68437,82378,Rhinolophus ferrumequinum,0.021,0.021,-1,Echolocation,/mnt/ubna_data_02_mir/recover-20220922/UBNA_001/20220921_090000.WAV,Telephone Field,recover-20220922,001,1795
1353.5985,1353.6201,19453,21956,Nyctalus leisleri,0.015,0.031,-1,Echolocation,/mnt/ubna_data_02_mir/recover-20220922/UBNA_001/20220921_090000.WAV,Telephone Field,recover-20220922,001,1795
1353.6055,1353.6447,68437,82874,Rhinolophus ferrumequinum,0.024,0.024,-1,Echolocation,/mnt/ubna_data_02_mir/recover-20220922/UBNA_001/20220921_090000.WAV,Telephone Field,recover-20220922,001,1795
1353.6155,1353.6566,68437,82493,Rhinolophus ferrumequinum,0.021,0.021,-1,Echolocation,/mnt/ubna_data_02_mir/recover-20220922/UBNA_001/20220921_090000.WAV,Telephone Field,recover-20220922,001,1795
1353.6375,1353.6765,68437,82287,Rhinolophus ferrumequinum,0.025,0.025,-1,Echolocation,/mnt/ubna_data_02_mir/recover-20220922/UBNA_001/20220921_090000.WAV,Telephone Field,recover-20220922,001,1795
1353.6595,1353.6986,68437,82393,Rhinolophus ferrumequinum,0.022,0.022,-1,Echolocation,/mnt/ubna_data_02_mir/recover-20220922/UBNA_001/20220921_090000.WAV,Telephone Field,recover-20220922,001,1795
1353.6855,1353.7236,68437,81181,Rhinolophus ferrumequinum,0.027,0.027,-1,Echolocation,/mnt/ubna_data_02_mir/recover-20220922/UBNA_001/20220921_090000.WAV,Telephone Field,recover-20220922,001,1795
1353.7215,1353.7644,68437,82714,Rhinolophus ferrumequinum,0.021,0.021,-1,Echolocation,/mnt/ubna_data_02_mir/recover-20220922/UBNA_001/20220921_090000.WAV,Telephone Field,recover-20220922,001,1795
1353.7275,1353.7401,23750,28680,Nyctalus leisleri,0.014,0.027,-1,Echolocation,/mnt/ubna_data_02_mir/recover-20220922/UBNA_001/20220921_090000.WAV,Telephone Field,recover-20220922,001,1795
1353.7985,1353.8396,68437,82655,Rhinolophus ferrumequinum,0.023,0.023,-1,Echolocation,/mnt/ubna_data_02_mir/recover-20220922/UBNA_001/20220921_090000.WAV,Telephone Field,recover-20220922,001,1795
1353.8455,1353.884,68437,82071,Rhinolophus ferrumequinum,0.023,0.023,-1,Echolocation,/mnt/ubna_data_02_mir/recover-20220922/UBNA_001/20220921_090000.WAV,Telephone Field,recover-20220922,001,1795
1353.8555,1353.8954,68437,82805,Rhinolophus ferrumequinum,0.024,0.024,-1,Echolocation,/mnt/ubna_data_02_mir/recover-20220922/UBNA_001/20220921_090000.WAV,Telephone Field,recover-20220922,001,1795
1353.8645,1353.9043,68437,82513,Rhinolophus ferrumequinum,0.024,0.024,-1,Echolocation,/mnt/ubna_data_02_mir/recover-20220922/UBNA_001/20220921_090000.WAV,Telephone Field,recover-20220922,001,1795
1353.8725,1353.8864,46093,49440,Pipistrellus pipistrellus,0.052,0.056,-1,Echolocation,/mnt/ubna_data_02_mir/recover-20220922/UBNA_001/20220921_090000.WAV,Telephone Field,recover-20220922,001,1795
1353.8875,1353.9013,23750,29263,Nyctalus leisleri,0.012,0.026,-1,Echolocation,/mnt/ubna_data_02_mir/recover-20220922/UBNA_001/20220921_090000.WAV,Telephone Field,recover-20220922,001,1795
1353.9345,1353.9749,68437,82620,Rhinolophus ferrumequinum,0.031,0.031,-1,Echolocation,/mnt/ubna_data_02_mir/recover-20220922/UBNA_001/20220921_090000.WAV,Telephone Field,recover-20220922,001,1795
1353.9475,1353.9847,68437,82093,Rhinolophus ferrumequinum,0.022,0.022,-1,Echolocation,/mnt/ubna_data_02_mir/recover-20220922/UBNA_001/20220921_090000.WAV,Telephone Field,recover-20220922,001,1795
1353.9815,1353.9889,23750,32865,Plecotus austriacus,0.016,0.035,-1,Echolocation,/mnt/ubna_data_02_mir/recover-20220922/UBNA_001/20220921_090000.WAV,Telephone Field,recover-20220922,001,1795
1354.0015,1354.0133,47812,53558,Pipistrellus pipistrellus,0.024,0.032,-1,Echolocation,/mnt/ubna_data_02_mir/recover-20220922/UBNA_001/20220921_090000.WAV,Telephone Field,recover-20220922,001,1795
1354.0015,1354.0338,68437,79900,Rhinolophus ferrumequinum,0.022,0.022,-1,Echolocation,/mnt/ubna_data_02_mir/recover-20220922/UBNA_001/20220921_090000.WAV,Telephone Field,recover-20220922,001,1795
1354.0015,1354.0102,22890,30103,Nyctalus leisleri,0.008,0.026,-1,Echolocation,/mnt/ubna_data_02_mir/recover-20220922/UBNA_001/20220921_090000.WAV,Telephone Field,recover-20220922,001,1795
1354.0065,1354.0158,46953,50777,Pipistrellus pipistrellus,0.029,0.033,-1,Echolocation,/mnt/ubna_data_02_mir/recover-20220922/UBNA_001/20220921_090000.WAV,Telephone Field,recover-20220922,001,1795
1354.0125,1354.0194,27187,38220,Eptesicus serotinus,0.008,0.022,-1,Echolocation,/mnt/ubna_data_02_mir/recover-20220922/UBNA_001/20220921_090000.WAV,Telephone Field,recover-20220922,001,1795
1354.0175,1354.0528,68437,80520,Rhinolophus ferrumequinum,0.021,0.022,-1,Echolocation,/mnt/ubna_data_02_mir/recover-20220922/UBNA_001/20220921_090000.WAV,Telephone Field,recover-20220922,001,1795
1354.0365,1354.0747,68437,82427,Rhinolophus ferrumequinum,0.022,0.022,-1,Echolocation,/mnt/ubna_data_02_mir/recover-20220922/UBNA_001/20220921_090000.WAV,Telephone Field,recover-20220922,001,1795
1354.0425,1354.0791,68437,81768,Rhinolophus ferrumequinum,0.023,0.023,-1,Echolocation,/mnt/ubna_data_02_mir/recover-20220922/UBNA_001/20220921_090000.WAV,Telephone Field,recover-20220922,001,1795
1354.0685,1354.0746,28046,40371,Eptesicus serotinus,0.007,0.031,-1,Echolocation,/mnt/ubna_data_02_mir/recover-20220922/UBNA_001/20220921_090000.WAV,Telephone Field,recover-20220922,001,1795
1354.0945,1354.1042,40078,47756,Pipistrellus nathusii,0.011,0.028,-1,Echolocation,/mnt/ubna_data_02_mir/recover-20220922/UBNA_001/20220921_090000.WAV,Telephone Field,recover-20220922,001,1795
1354.0955,1354.1057,46953,50630,Pipistrellus pipistrellus,0.023,0.027,-1,Echolocation,/mnt/ubna_data_02_mir/recover-20220922/UBNA_001/20220921_090000.WAV,Telephone Field,recover-20220922,001,1795
1354.0965,1354.1134,23750,27516,Nyctalus leisleri,0.041,0.071,-1,Echolocation,/mnt/ubna_data_02_mir/recover-20220922/UBNA_001/20220921_090000.WAV,Telephone Field,recover-20220922,001,1795
1354.0975,1354.1345,68437,82109,Rhinolophus ferrumequinum,0.022,0.023,-1,Echolocation,/mnt/ubna_data_02_mir/recover-20220922/UBNA_001/20220921_090000.WAV,Telephone Field,recover-20220922,001,1795
1354.1095,1354.1263,20312,23770,Nyctalus leisleri,0.013,0.025,-1,Echolocation,/mnt/ubna_data_02_mir/recover-20220922/UBNA_001/20220921_090000.WAV,Telephone Field,recover-20220922,001,1795
1354.1125,1354.1472,68437,81106,Rhinolophus ferrumequinum,0.025,0.025,-1,Echolocation,/mnt/ubna_data_02_mir/recover-20220922/UBNA_001/20220921_090000.WAV,Telephone Field,recover-20220922,001,1795
1354.1485,1354.1839,68437,82063,Rhinolophus ferrumequinum,0.021,0.022,-1,Echolocation,/mnt/ubna_data_02_mir/recover-20220922/UBNA_001/20220921_090000.WAV,Telephone Field,recover-20220922,001,1795
1354.1505,1354.1614,24609,31205,Nyctalus leisleri,0.009,0.025,-1,Echolocation,/mnt/ubna_data_02_mir/recover-20220922/UBNA_001/20220921_090000.WAV,Telephone Field,recover-20220922,001,1795
1354.1855,1354.1962,22890,28611,Nyctalus leisleri,0.01,0.024,-1,Echolocation,/mnt/ubna_data_02_mir/recover-20220922/UBNA_001/20220921_090000.WAV,Telephone Field,recover-20220922,001,1795
1354.2035,1354.214,25468,31883,Eptesicus serotinus,0.009,0.022,-1,Echolocation,/mnt/ubna_data_02_mir/recover-20220922/UBNA_001/20220921_090000.WAV,Telephone Field,recover-20220922,001,1795
1354.2375,1354.2737,68437,81831,Rhinolophus ferrumequinum,0.022,0.022,-1,Echolocation,/mnt/ubna_data_02_mir/recover-20220922/UBNA_001/20220921_090000.WAV,Telephone Field,recover-20220922,001,1795
1354.2495,1354.2573,27187,36491,Eptesicus serotinus,0.012,0.03,-1,Echolocation,/mnt/ubna_data_02_mir/recover-20220922/UBNA_001/20220921_090000.WAV,Telephone Field,recover-20220922,001,1795
1354.2585,1354.2975,68437,82153,Rhinolophus ferrumequinum,0.023,0.023,-1,Echolocation,/mnt/ubna_data_02_mir/recover-20220922/UBNA_001/20220921_090000.WAV,Telephone Field,recover-20220922,001,1795
1354.2765,1354.3134,68437,82004,Rhinolophus ferrumequinum,0.023,0.023,-1,Echolocation,/mnt/ubna_data_02_mir/recover-20220922/UBNA_001/20220921_090000.WAV,Telephone Field,recover-20220922,001,1795
1354.2935,1354.3322,68437,82128,Rhinolophus ferrumequinum,0.024,0.024,-1,Echolocation,/mnt/ubna_data_02_mir/recover-20220922/UBNA_001/20220921_090000.WAV,Telephone Field,recover-20220922,001,1795
1354.3165,1354.3521,68437,82242,Rhinolophus ferrumequinum,0.024,0.024,-1,Echolocation,/mnt/ubna_data_02_mir/recover-20220922/UBNA_001/20220921_090000.WAV,Telephone Field,recover-20220922,001,1795
1354.3375,1354.3794,68437,82582,Rhinolophus ferrumequinum,0.026,0.026,-1,Echolocation,/mnt/ubna_data_02_mir/recover-20220922/UBNA_001/20220921_090000.WAV,Telephone Field,recover-20220922,001,1795
1354.3595,1354.4012,68437,82925,Rhinolophus ferrumequinum,0.027,0.027,-1,Echolocation,/mnt/ubna_data_02_mir/recover-20220922/UBNA_001/20220921_090000.WAV,Telephone Field,recover-20220922,001,1795
1354.3975,1354.438,68437,82081,Rhinolophus ferrumequinum,0.022,0.022,-1,Echolocation,/mnt/ubna_data_02_mir/recover-20220922/UBNA_001/20220921_090000.WAV,Telephone Field,recover-20220922,001,1795
1354.4085,1354.4453,68437,82075,Rhinolophus ferrumequinum,0.036,0.036,-1,Echolocation,/mnt/ubna_data_02_mir/recover-20220922/UBNA_001/20220921_090000.WAV,Telephone Field,recover-20220922,001,1795
1354.4205,1354.4305,30625,37948,Eptesicus serotinus,0.008,0.022,-1,Echolocation,/mnt/ubna_data_02_mir/recover-20220922/UBNA_001/20220921_090000.WAV,Telephone Field,recover-20220922,001,1795
1354.4235,1354.4642,68437,83052,Rhinolophus ferrumequinum,0.03,0.03,-1,Echolocation,/mnt/ubna_data_02_mir/recover-20220922/UBNA_001/20220921_090000.WAV,Telephone Field,recover-20220922,001,1795
1354.4505,1354.4574,28046,41805,Eptesicus serotinus,0.005,0.022,-1,Echolocation,/mnt/ubna_data_02_mir/recover-20220922/UBNA_001/20220921_090000.WAV,Telephone Field,recover-20220922,001,1795
1354.4505,1354.4559,38359,57781,Myotis mystacinus,0.006,0.022,-1,Echolocation,/mnt/ubna_data_02_mir/recover-20220922/UBNA_001/20220921_090000.WAV,Telephone Field,recover-20220922,001,1795
1354.4515,1354.4573,47812,56174,Pipistrellus pipistrellus,0.021,0.024,-1,Echolocation,/mnt/ubna_data_02_mir/recover-20220922/UBNA_001/20220921_090000.WAV,Telephone Field,recover-20220922,001,1795
1354.4635,1354.5041,68437,82512,Rhinolophus ferrumequinum,0.023,0.023,-1,Echolocation,/mnt/ubna_data_02_mir/recover-20220922/UBNA_001/20220921_090000.WAV,Telephone Field,recover-20220922,001,1795
1354.4955,1354.5029,23750,32500,Plecotus austriacus,0.01,0.026,-1,Echolocation,/mnt/ubna_data_02_mir/recover-20220922/UBNA_001/20220921_090000.WAV,Telephone Field,recover-20220922,001,1795
1354.5515,1354.5891,68437,81821,Rhinolophus ferrumequinum,0.022,0.022,-1,Echolocation,/mnt/ubna_data_02_mir/recover-20220922/UBNA_001/20220921_090000.WAV,Telephone Field,recover-20220922,001,1795
1354.5925,1354.603,47812,51695,Pipistrellus pipistrellus,0.029,0.032,-1,Echolocation,/mnt/ubna_data_02_mir/recover-20220922/UBNA_001/20220921_090000.WAV,Telephone Field,recover-20220922,001,1795
1354.6145,1354.6256,28906,36821,Eptesicus serotinus,0.013,0.028,-1,Echolocation,/mnt/ubna_data_02_mir/recover-20220922/UBNA_001/20220921_090000.WAV,Telephone Field,recover-20220922,001,1795
1354.6325,1354.6692,68437,82020,Rhinolophus ferrumequinum,0.023,0.023,-1,Echolocation,/mnt/ubna_data_02_mir/recover-20220922/UBNA_001/20220921_090000.WAV,Telephone Field,recover-20220922,001,1795
1354.6435,1354.6524,23750,31103,Nyctalus leisleri,0.007,0.023,-1,Echolocation,/mnt/ubna_data_02_mir/recover-20220922/UBNA_001/20220921_090000.WAV,Telephone Field,recover-20220922,001,1795
1354.6635,1354.6727,28906,37721,Eptesicus serotinus,0.009,0.022,-1,Echolocation,/mnt/ubna_data_02_mir/recover-20220922/UBNA_001/20220921_090000.WAV,Telephone Field,recover-20220922,001,1795
1354.6705,1354.6797,28906,40007,Eptesicus serotinus,0.008,0.022,-1,Echolocation,/mnt/ubna_data_02_mir/recover-20220922/UBNA_001/20220921_090000.WAV,Telephone Field,recover-20220922,001,1795
1354.6995,1354.7366,68437,81753,Rhinolophus ferrumequinum,0.022,0.022,-1,Echolocation,/mnt/ubna_data_02_mir/recover-20220922/UBNA_001/20220921_090000.WAV,Telephone Field,recover-20220922,001,1795
1354.7445,1354.7537,27187,36431,Eptesicus serotinus,0.011,0.027,-1,Echolocation,/mnt/ubna_data_02_mir/recover-20220922/UBNA_001/20220921_090000.WAV,Telephone Field,recover-20220922,001,1795
1354.7545,1354.7612,46093,50996,Pipistrellus pipistrellus,0.025,0.027,-1,Echolocation,/mnt/ubna_data_02_mir/recover-20220922/UBNA_001/20220921_090000.WAV,Telephone Field,recover-20220922,001,1795
1354.7725,1354.7829,23750,30169,Nyctalus leisleri,0.009,0.023,-1,Echolocation,/mnt/ubna_data_02_mir/recover-20220922/UBNA_001/20220921_090000.WAV,Telephone Field,recover-20220922,001,1795
1354.7905,1354.8345,68437,83631,Rhinolophus ferrumequinum,0.033,0.033,-1,Echolocation,/mnt/ubna_data_02_mir/recover-20220922/UBNA_001/20220921_090000.WAV,Telephone Field,recover-20220922,001,1795
1354.8185,1354.8268,51250,56014,Pipistrellus pipistrellus,0.022,0.026,-1,Echolocation,/mnt/ubna_data_02_mir/recover-20220922/UBNA_001/20220921_090000.WAV,Telephone Field,recover-20220922,001,1795
1354.8225,1354.8302,26328,35636,Eptesicus serotinus,0.008,0.023,-1,Echolocation,/mnt/ubna_data_02_mir/recover-20220922/UBNA_001/20220921_090000.WAV,Telephone Field,recover-20220922,001,1795
1354.8475,1354.8894,68437,83167,Rhinolophus ferrumequinum,0.035,0.035,-1,Echolocation,/mnt/ubna_data_02_mir/recover-20220922/UBNA_001/20220921_090000.WAV,Telephone Field,recover-20220922,001,1795
1354.8555,1354.8648,27187,41532,Eptesicus serotinus,0.009,0.024,-1,Echolocation,/mnt/ubna_data_02_mir/recover-20220922/UBNA_001/20220921_090000.WAV,Telephone Field,recover-20220922,001,1795
1354.8635,1354.8731,28906,37010,Eptesicus serotinus,0.01,0.027,-1,Echolocation,/mnt/ubna_data_02_mir/recover-20220922/UBNA_001/20220921_090000.WAV,Telephone Field,recover-20220922,001,1795
1354.8875,1354.8989,41796,44421,Pipistrellus pipistrellus,0.022,0.031,-1,Echolocation,/mnt/ubna_data_02_mir/recover-20220922/UBNA_001/20220921_090000.WAV,Telephone Field,recover-20220922,001,1795
1354.8905,1354.8979,28046,40042,Eptesicus serotinus,0.006,0.022,-1,Echolocation,/mnt/ubna_data_02_mir/recover-20220922/UBNA_001/20220921_090000.WAV,Telephone Field,recover-20220922,001,1795
1354.9395,1354.979,68437,82184,Rhinolophus ferrumequinum,0.024,0.024,-1,Echolocation,/mnt/ubna_data_02_mir/recover-20220922/UBNA_001/20220921_090000.WAV,Telephone Field,recover-20220922,001,1795
1354.9745,1355.016,68437,82610,Rhinolophus ferrumequinum,0.025,0.025,-1,Echolocation,/mnt/ubna_data_02_mir/recover-20220922/UBNA_001/20220921_090000.WAV,Telephone Field,recover-20220922,001,1795
1354.9895,1354.997,27187,36756,Eptesicus serotinus,0.009,0.025,-1,Echolocation,/mnt/ubna_data_02_mir/recover-20220922/UBNA_001/20220921_090000.WAV,Telephone Field,recover-20220922,001,1795
1355.0055,1355.05,68437,83052,Rhinolophus ferrumequinum,0.042,0.042,-1,Echolocation,/mnt/ubna_data_02_mir/recover-20220922/UBNA_001/20220921_090000.WAV,Telephone Field,recover-20220922,001,1795
1355.0235,1355.0322,28046,37963,Eptesicus serotinus,0.008,0.022,-1,Echolocation,/mnt/ubna_data_02_mir/recover-20220922/UBNA_001/20220921_090000.WAV,Telephone Field,recover-20220922,001,1795
1355.0445,1355.0545,23750,30652,Nyctalus leisleri,0.008,0.023,-1,Echolocation,/mnt/ubna_data_02_mir/recover-20220922/UBNA_001/20220921_090000.WAV,Telephone Field,recover-20220922,001,1795
1355.0765,1355.1141,68437,82111,Rhinolophus ferrumequinum,0.023,0.023,-1,Echolocation,/mnt/ubna_data_02_mir/recover-20220922/UBNA_001/20220921_090000.WAV,Telephone Field,recover-20220922,001,1795
1355.1075,1355.1145,28906,39105,Eptesicus serotinus,0.007,0.024,-1,Echolocation,/mnt/ubna_data_02_mir/recover-20220922/UBNA_001/20220921_090000.WAV,Telephone Field,recover-20220922,001,1795
1355.1455,1355.1849,68437,81394,Rhinolophus ferrumequinum,0.021,0.021,-1,Echolocation,/mnt/ubna_data_02_mir/recover-20220922/UBNA_001/20220921_090000.WAV,Telephone Field,recover-20220922,001,1795
1355.1555,1355.1626,28906,38784,Eptesicus serotinus,0.007,0.025,-1,Echolocation,/mnt/ubna_data_02_mir/recover-20220922/UBNA_001/20220921_090000.WAV,Telephone Field,recover-20220922,001,1795
1355.1615,1355.196,68437,81543,Rhinolophus ferrumequinum,0.022,0.022,-1,Echolocation,/mnt/ubna_data_02_mir/recover-20220922/UBNA_001/20220921_090000.WAV,Telephone Field,recover-20220922,001,1795
1355.1795,1355.2198,68437,82113,Rhinolophus ferrumequinum,0.026,0.026,-1,Echolocation,/mnt/ubna_data_02_mir/recover-20220922/UBNA_001/20220921_090000.WAV,Telephone Field,recover-20220922,001,1795
1355.1905,1355.231,68437,82068,Rhinolophus ferrumequinum,0.023,0.023,-1,Echolocation,/mnt/ubna_data_02_mir/recover-20220922/UBNA_001/20220921_090000.WAV,Telephone Field,recover-20220922,001,1795
1355.1965,1355.2387,68437,83038,Rhinolophus ferrumequinum,0.024,0.024,-1,Echolocation,/mnt/ubna_data_02_mir/recover-20220922/UBNA_001/20220921_090000.WAV,Telephone Field,recover-20220922,001,1795
1355.2045,1355.2148,22890,30013,Nyctalus leisleri,0.011,0.034,-1,Echolocation,/mnt/ubna_data_02_mir/recover-20220922/UBNA_001/20220921_090000.WAV,Telephone Field,recover-20220922,001,1795
1355.2185,1355.2271,28046,38011,Eptesicus serotinus,0.009,0.025,-1,Echolocation,/mnt/ubna_data_02_mir/recover-20220922/UBNA_001/20220921_090000.WAV,Telephone Field,recover-20220922,001,1795
1355.2215,1355.2608,68437,82561,Rhinolophus ferrumequinum,0.027,0.027,-1,Echolocation,/mnt/ubna_data_02_mir/recover-20220922/UBNA_001/20220921_090000.WAV,Telephone Field,recover-20220922,001,1795
1355.2315,1355.2689,68437,81702,Rhinolophus ferrumequinum,0.023,0.023,-1,Echolocation,/mnt/ubna_data_02_mir/recover-20220922/UBNA_001/20220921_090000.WAV,Telephone Field,recover-20220922,001,1795
1355.2395,1355.2773,68437,82240,Rhinolophus ferrumequinum,0.022,0.022,-1,Echolocation,/mnt/ubna_data_02_mir/recover-20220922/UBNA_001/20220921_090000.WAV,Telephone Field,recover-20220922,001,1795
1355.2505,1355.2595,27187,35707,Eptesicus serotinus,0.009,0.024,-1,Echolocation,/mnt/ubna_data_02_mir/recover-20220922/UBNA_001/20220921_090000.WAV,Telephone Field,recover-20220922,001,1795
1355.2655,1355.3069,68437,82777,Rhinolophus ferrumequinum,0.029,0.029,-1,Echolocation,/mnt/ubna_data_02_mir/recover-20220922/UBNA_001/20220921_090000.WAV,Telephone Field,recover-20220922,001,1795
1355.2875,1355.3274,68437,82540,Rhinolophus ferrumequinum,0.024,0.024,-1,Echolocation,/mnt/ubna_data_02_mir/recover-20220922/UBNA_001/20220921_090000.WAV,Telephone Field,recover-20220922,001,1795
1355.2925,1355.3019,23750,30412,Nyctalus leisleri,0.008,0.022,-1,Echolocation,/mnt/ubna_data_02_mir/recover-20220922/UBNA_001/20220921_090000.WAV,Telephone Field,recover-20220922,001,1795
1355.3035,1355.3109,27187,42083,Eptesicus serotinus,0.007,0.023,-1,Echolocation,/mnt/ubna_data_02_mir/recover-20220922/UBNA_001/20220921_090000.WAV,Telephone Field,recover-20220922,001,1795
1355.3225,1355.3616,68437,82599,Rhinolophus ferrumequinum,0.025,0.025,-1,Echolocation,/mnt/ubna_data_02_mir/recover-20220922/UBNA_001/20220921_090000.WAV,Telephone Field,recover-20220922,001,1795
1355.3315,1355.3423,27187,36270,Eptesicus serotinus,0.01,0.023,-1,Echolocation,/mnt/ubna_data_02_mir/recover-20220922/UBNA_001/20220921_090000.WAV,Telephone Field,recover-20220922,001,1795
1355.3435,1355.3523,28906,39259,Eptesicus serotinus,0.01,0.026,-1,Echolocation,/mnt/ubna_data_02_mir/recover-20220922/UBNA_001/20220921_090000.WAV,Telephone Field,recover-20220922,001,1795
1355.3955,1355.4136,19453,23112,Nyctalus noctula,0.012,0.025,-1,Echolocation,/mnt/ubna_data_02_mir/recover-20220922/UBNA_001/20220921_090000.WAV,Telephone Field,recover-20220922,001,1795
1355.4075,1355.4175,22031,27532,Nyctalus leisleri,0.01,0.024,-1,Echolocation,/mnt/ubna_data_02_mir/recover-20220922/UBNA_001/20220921_090000.WAV,Telephone Field,recover-20220922,001,1795
1355.4085,1355.4191,55546,59993,Pipistrellus pygmaeus,0.024,0.026,-1,Echolocation,/mnt/ubna_data_02_mir/recover-20220922/UBNA_001/20220921_090000.WAV,Telephone Field,recover-20220922,001,1795
1355.4505,1355.4583,46953,50290,Pipistrellus pipistrellus,0.033,0.035,-1,Echolocation,/mnt/ubna_data_02_mir/recover-20220922/UBNA_001/20220921_090000.WAV,Telephone Field,recover-20220922,001,1795
1355.4695,1355.5085,68437,82400,Rhinolophus ferrumequinum,0.024,0.024,-1,Echolocation,/mnt/ubna_data_02_mir/recover-20220922/UBNA_001/20220921_090000.WAV,Telephone Field,recover-20220922,001,1795
1355.4795,1355.5207,68437,82475,Rhinolophus ferrumequinum,0.024,0.024,-1,Echolocation,/mnt/ubna_data_02_mir/recover-20220922/UBNA_001/20220921_090000.WAV,Telephone Field,recover-20220922,001,1795
1355.4895,1355.5296,68437,82172,Rhinolophus ferrumequinum,0.023,0.023,-1,Echolocation,/mnt/ubna_data_02_mir/recover-20220922/UBNA_001/20220921_090000.WAV,Telephone Field,recover-20220922,001,1795
1355.5025,1355.5448,68437,83078,Rhinolophus ferrumequinum,0.024,0.024,-1,Echolocation,/mnt/ubna_data_02_mir/recover-20220922/UBNA_001/20220921_090000.WAV,Telephone Field,recover-20220922,001,1795
1355.5195,1355.5267,24609,33854,Plecotus austriacus,0.012,0.033,-1,Echolocation,/mnt/ubna_data_02_mir/recover-20220922/UBNA_001/20220921_090000.WAV,Telephone Field,recover-20220922,001,1795
1355.5315,1355.5719,68437,82135,Rhinolophus ferrumequinum,0.025,0.025,-1,Echolocation,/mnt/ubna_data_02_mir/recover-20220922/UBNA_001/20220921_090000.WAV,Telephone Field,recover-20220922,001,1795
1355.5465,1355.5552,47812,53850,Pipistrellus pipistrellus,0.023,0.025,-1,Echolocation,/mnt/ubna_data_02_mir/recover-20220922/UBNA_001/20220921_090000.WAV,Telephone Field,recover-20220922,001,1795
1355.5565,1355.5952,68437,81395,Rhinolophus ferrumequinum,0.024,0.024,-1,Echolocation,/mnt/ubna_data_02_mir/recover-20220922/UBNA_001/20220921_090000.WAV,Telephone Field,recover-20220922,001,1795
1355.5625,1355.5733,23750,29431,Nyctalus leisleri,0.014,0.033,-1,Echolocation,/mnt/ubna_data_02_mir/recover-20220922/UBNA_001/20220921_090000.WAV,Telephone Field,recover-20220922,001,1795
1355.5845,1355.5925,28906,39639,Eptesicus serotinus,0.009,0.026,-1,Echolocation,/mnt/ubna_data_02_mir/recover-20220922/UBNA_001/20220921_090000.WAV,Telephone Field,recover-20220922,001,1795
1355.6275,1355.6332,30625,44481,Myotis daubentonii,0.01,0.027,-1,Echolocation,/mnt/ubna_data_02_mir/recover-20220922/UBNA_001/20220921_090000.WAV,Telephone Field,recover-20220922,001,1795
1355.7855,1355.8232,68437,81220,Rhinolophus ferrumequinum,0.027,0.027,-1,Echolocation,/mnt/ubna_data_02_mir/recover-20220922/UBNA_001/20220921_090000.WAV,Telephone Field,recover-20220922,001,1795
1355.8065,1355.8142,28046,39295,Eptesicus serotinus,0.009,0.025,-1,Echolocation,/mnt/ubna_data_02_mir/recover-20220922/UBNA_001/20220921_090000.WAV,Telephone Field,recover-20220922,001,1795
1355.8595,1355.8675,28906,38696,Eptesicus serotinus,0.007,0.022,-1,Echolocation,/mnt/ubna_data_02_mir/recover-20220922/UBNA_001/20220921_090000.WAV,Telephone Field,recover-20220922,001,1795
1355.8925,1355.9001,28906,38462,Eptesicus serotinus,0.007,0.025,-1,Echolocation,/mnt/ubna_data_02_mir/recover-20220922/UBNA_001/20220921_090000.WAV,Telephone Field,recover-20220922,001,1795
1355.9015,1355.9209,18593,21789,Nyctalus noctula,0.015,0.028,-1,Echolocation,/mnt/ubna_data_02_mir/recover-20220922/UBNA_001/20220921_090000.WAV,Telephone Field,recover-20220922,001,1795
1355.9375,1355.9772,68437,82553,Rhinolophus ferrumequinum,0.028,0.028,-1,Echolocation,/mnt/ubna_data_02_mir/recover-20220922/UBNA_001/20220921_090000.WAV,Telephone Field,recover-20220922,001,1795
1355.9835,1355.996,28906,35877,Eptesicus serotinus,0.016,0.029,-1,Echolocation,/mnt/ubna_data_02_mir/recover-20220922/UBNA_001/20220921_090000.WAV,Telephone Field,recover-20220922,001,1795
1356.0015,1356.0099,23750,32337,Nyctalus leisleri,0.007,0.027,-1,Echolocation,/mnt/ubna_data_02_mir/recover-20220922/UBNA_001/20220921_090000.WAV,Telephone Field,recover-20220922,001,1795
1356.0015,1356.033,68437,80196,Rhinolophus ferrumequinum,0.035,0.036,-1,Echolocation,/mnt/ubna_data_02_mir/recover-20220922/UBNA_001/20220921_090000.WAV,Telephone Field,recover-20220922,001,1795
1356.0185,1356.0276,24609,32064,Nyctalus leisleri,0.006,0.021,-1,Echolocation,/mnt/ubna_data_02_mir/recover-20220922/UBNA_001/20220921_090000.WAV,Telephone Field,recover-20220922,001,1795
1356.0495,1356.0554,28046,45069,Myotis daubentonii,0.006,0.024,-1,Echolocation,/mnt/ubna_data_02_mir/recover-20220922/UBNA_001/20220921_090000.WAV,Telephone Field,recover-20220922,001,1795
1356.0565,1356.0951,68437,82064,Rhinolophus ferrumequinum,0.022,0.022,-1,Echolocation,/mnt/ubna_data_02_mir/recover-20220922/UBNA_001/20220921_090000.WAV,Telephone Field,recover-20220922,001,1795
1356.0695,1356.0792,24609,31124,Nyctalus leisleri,0.007,0.021,-1,Echolocation,/mnt/ubna_data_02_mir/recover-20220922/UBNA_001/20220921_090000.WAV,Telephone Field,recover-20220922,001,1795
1356.0925,1356.1296,68437,81757,Rhinolophus ferrumequinum,0.023,0.023,-1,Echolocation,/mnt/ubna_data_02_mir/recover-20220922/UBNA_001/20220921_090000.WAV,Telephone Field,recover-20220922,001,1795
1356.0985,1356.1065,28046,39424,Eptesicus serotinus,0.007,0.021,-1,Echolocation,/mnt/ubna_data_02_mir/recover-20220922/UBNA_001/20220921_090000.WAV,Telephone Field,recover-20220922,001,1795
1356.1915,1356.2028,27187,34015,Eptesicus serotinus,0.014,0.028,-1,Echolocation,/mnt/ubna_data_02_mir/recover-20220922/UBNA_001/20220921_090000.WAV,Telephone Field,recover-20220922,001,1795
1356.2225,1356.2305,27187,37717,Eptesicus serotinus,0.007,0.021,-1,Echolocation,/mnt/ubna_data_02_mir/recover-20220922/UBNA_001/20220921_090000.WAV,Telephone Field,recover-20220922,001,1795
1356.2455,1356.2845,68437,82605,Rhinolophus ferrumequinum,0.024,0.024,-1,Echolocation,/mnt/ubna_data_02_mir/recover-20220922/UBNA_001/20220921_090000.WAV,Telephone Field,recover-20220922,001,1795
1356.2515,1356.2618,22031,26591,Nyctalus leisleri,0.009,0.021,-1,Echolocation,/mnt/ubna_data_02_mir/recover-20220922/UBNA_001/20220921_090000.WAV,Telephone Field,recover-20220922,001,1795
1356.2885,1356.3272,68437,82126,Rhinolophus ferrumequinum,0.024,0.024,-1,Echolocation,/mnt/ubna_data_02_mir/recover-20220922/UBNA_001/20220921_090000.WAV,Telephone Field,recover-20220922,001,1795
1356.2975,1356.3363,68437,82095,Rhinolophus ferrumequinum,0.022,0.022,-1,Echolocation,/mnt/ubna_data_02_mir/recover-20220922/UBNA_001/20220921_090000.WAV,Telephone Field,recover-20220922,001,1795
1356.2995,1356.3173,22031,25780,Nyctalus leisleri,0.029,0.057,-1,Echolocation,/mnt/ubna_data_02_mir/recover-20220922/UBNA_001/20220921_090000.WAV,Telephone Field,recover-20220922,001,1795
1356.3365,1356.3456,28046,40064,Eptesicus serotinus,0.009,0.022,-1,Echolocation,/mnt/ubna_data_02_mir/recover-20220922/UBNA_001/20220921_090000.WAV,Telephone Field,recover-20220922,001,1795
1356.3705,1356.378,26328,36447,Eptesicus serotinus,0.02,0.058,-1,Echolocation,/mnt/ubna_data_02_mir/recover-20220922/UBNA_001/20220921_090000.WAV,Telephone Field,recover-20220922,001,1795
1356.3945,1356.404,22890,29336,Nyctalus leisleri,0.007,0.021,-1,Echolocation,/mnt/ubna_data_02_mir/recover-20220922/UBNA_001/20220921_090000.WAV,Telephone Field,recover-20220922,001,1795
1356.4085,1356.4483,68437,82257,Rhinolophus ferrumequinum,0.022,0.022,-1,Echolocation,/mnt/ubna_data_02_mir/recover-20220922/UBNA_001/20220921_090000.WAV,Telephone Field,recover-20220922,001,1795
1356.4255,1356.4356,24609,31675,Eptesicus serotinus,0.012,0.03,-1,Echolocation,/mnt/ubna_data_02_mir/recover-20220922/UBNA_001/20220921_090000.WAV,Telephone Field,recover-20220922,001,1795
1356.4545,1356.4916,68437,82079,Rhinolophus ferrumequinum,0.024,0.024,-1,Echolocation,/mnt/ubna_data_02_mir/recover-20220922/UBNA_001/20220921_090000.WAV,Telephone Field,recover-20220922,001,1795
1356.4865,1356.4936,23750,33262,Plecotus austriacus,0.015,0.035,-1,Echolocation,/mnt/ubna_data_02_mir/recover-20220922/UBNA_001/20220921_090000.WAV,Telephone Field,recover-20220922,001,1795
1356.4925,1356.5308,68437,81885,Rhinolophus ferrumequinum,0.022,0.022,-1,Echolocation,/mnt/ubna_data_02_mir/recover-20220922/UBNA_001/20220921_090000.WAV,Telephone Field,recover-20220922,001,1795
1356.5245,1356.5593,68437,80836,Rhinolophus ferrumequinum,0.021,0.021,-1,Echolocation,/mnt/ubna_data_02_mir/recover-20220922/UBNA_001/20220921_090000.WAV,Telephone Field,recover-20220922,001,1795
1356.5355,1356.5746,68437,82265,Rhinolophus ferrumequinum,0.023,0.023,-1,Echolocation,/mnt/ubna_data_02_mir/recover-20220922/UBNA_001/20220921_090000.WAV,Telephone Field,recover-20220922,001,1795
1356.5425,1356.5496,28046,36142,Eptesicus serotinus,0.008,0.024,-1,Echolocation,/mnt/ubna_data_02_mir/recover-20220922/UBNA_001/20220921_090000.WAV,Telephone Field,recover-20220922,001,1795
1356.5425,1356.5816,68437,81939,Rhinolophus ferrumequinum,0.022,0.022,-1,Echolocation,/mnt/ubna_data_02_mir/recover-20220922/UBNA_001/20220921_090000.WAV,Telephone Field,recover-20220922,001,1795
1356.5815,1356.5897,27187,40834,Eptesicus serotinus,0.008,0.022,-1,Echolocation,/mnt/ubna_data_02_mir/recover-20220922/UBNA_001/20220921_090000.WAV,Telephone Field,recover-20220922,001,1795
1356.5955,1356.6347,68437,82362,Rhinolophus ferrumequinum,0.021,0.021,-1,Echolocation,/mnt/ubna_data_02_mir/recover-20220922/UBNA_001/20220921_090000.WAV,Telephone Field,recover-20220922,001,1795
1356.6005,1356.6403,68437,82141,Rhinolophus ferrumequinum,0.021,0.021,-1,Echolocation,/mnt/ubna_data_02_mir/recover-20220922/UBNA_001/20220921_090000.WAV,Telephone Field,recover-20220922,001,1795
1356.6425,1356.6488,28046,40592,Eptesicus serotinus,0.007,0.029,-1,Echolocation,/mnt/ubna_data_02_mir/recover-20220922/UBNA_001/20220921_090000.WAV,Telephone Field,recover-20220922,001,1795
1356.6535,1356.6628,28906,36295,Eptesicus serotinus,0.008,0.022,-1,Echolocation,/mnt/ubna_data_02_mir/recover-20220922/UBNA_001/20220921_090000.WAV,Telephone Field,recover-20220922,001,1795
1356.6645,1356.6984,68437,81360,Rhinolophus ferrumequinum,0.021,0.021,-1,Echolocation,/mnt/ubna_data_02_mir/recover-20220922/UBNA_001/20220921_090000.WAV,Telephone Field,recover-20220922,001,1795
1356.6905,1356.6978,27187,40668,Eptesicus serotinus,0.006,0.021,-1,Echolocation,/mnt/ubna_data_02_mir/recover-20220922/UBNA_001/20220921_090000.WAV,Telephone Field,recover-20220922,001,1795
1356.7155,1356.7577,68437,82959,Rhinolophus ferrumequinum,0.026,0.026,-1,Echolocation,/mnt/ubna_data_02_mir/recover-20220922/UBNA_001/20220921_090000.WAV,Telephone Field,recover-20220922,001,1795
1356.7205,1356.731,22031,27274,Nyctalus leisleri,0.009,0.021,-1,Echolocation,/mnt/ubna_data_02_mir/recover-20220922/UBNA_001/20220921_090000.WAV,Telephone Field,recover-20220922,001,1795
1356.7565,1356.7949,68437,81151,Rhinolophus ferrumequinum,0.026,0.027,-1,Echolocation,/mnt/ubna_data_02_mir/recover-20220922/UBNA_001/20220921_090000.WAV,Telephone Field,recover-20220922,001,1795
1356.7595,1356.7711,28046,34400,Eptesicus serotinus,0.014,0.03,-1,Echolocation,/mnt/ubna_data_02_mir/recover-20220922/UBNA_001/20220921_090000.WAV,Telephone Field,recover-20220922,001,1795
1356.7805,1356.7903,26328,35951,Eptesicus serotinus,0.009,0.023,-1,Echolocation,/mnt/ubna_data_02_mir/recover-20220922/UBNA_001/20220921_090000.WAV,Telephone Field,recover-20220922,001,1795
1356.8045,1356.8446,68437,82276,Rhinolophus ferrumequinum,0.026,0.026,-1,Echolocation,/mnt/ubna_data_02_mir/recover-20220922/UBNA_001/20220921_090000.WAV,Telephone Field,recover-20220922,001,1795
1356.8365,1356.8467,23750,30175,Nyctalus leisleri,0.009,0.022,-1,Echolocation,/mnt/ubna_data_02_mir/recover-20220922/UBNA_001/20220921_090000.WAV,Telephone Field,recover-20220922,001,1795
1356.8475,1356.8881,68437,82364,Rhinolophus ferrumequinum,0.022,0.022,-1,Echolocation,/mnt/ubna_data_02_mir/recover-20220922/UBNA_001/20220921_090000.WAV,Telephone Field,recover-20220922,001,1795
1356.8615,1356.8715,28046,36073,Eptesicus serotinus,0.011,0.027,-1,Echolocation,/mnt/ubna_data_02_mir/recover-20220922/UBNA_001/20220921_090000.WAV,Telephone Field,recover-20220922,001,1795
1356.8625,1356.8963,68437,80874,Rhinolophus ferrumequinum,0.024,0.024,-1,Echolocation,/mnt/ubna_data_02_mir/recover-20220922/UBNA_001/20220921_090000.WAV,Telephone Field,recover-20220922,001,1795
1356.8825,1356.8941,43515,47094,Pipistrellus pipistrellus,0.023,0.026,-1,Echolocation,/mnt/ubna_data_02_mir/recover-20220922/UBNA_001/20220921_090000.WAV,Telephone Field,recover-20220922,001,1795
1356.8945,1356.9321,68437,81408,Rhinolophus ferrumequinum,0.021,0.022,-1,Echolocation,/mnt/ubna_data_02_mir/recover-20220922/UBNA_001/20220921_090000.WAV,Telephone Field,recover-20220922,001,1795
1356.9025,1356.9407,68437,82013,Rhinolophus ferrumequinum,0.022,0.022,-1,Echolocation,/mnt/ubna_data_02_mir/recover-20220922/UBNA_001/20220921_090000.WAV,Telephone Field,recover-20220922,001,1795
1356.9055,1356.9172,15156,22025,Nyctalus noctula,0.012,0.021,-1,Echolocation,/mnt/ubna_data_02_mir/recover-20220922/UBNA_001/20220921_090000.WAV,Telephone Field,recover-20220922,001,1795
1356.9155,1356.9224,28046,39548,Eptesicus serotinus,0.008,0.025,-1,Echolocation,/mnt/ubna_data_02_mir/recover-20220922/UBNA_001/20220921_090000.WAV,Telephone Field,recover-20220922,001,1795
1356.9235,1356.9322,28046,36821,Eptesicus serotinus,0.009,0.024,-1,Echolocation,/mnt/ubna_data_02_mir/recover-20220922/UBNA_001/20220921_090000.WAV,Telephone Field,recover-20220922,001,1795
1356.9465,1356.9853,68437,82293,Rhinolophus ferrumequinum,0.022,0.022,-1,Echolocation,/mnt/ubna_data_02_mir/recover-20220922/UBNA_001/20220921_090000.WAV,Telephone Field,recover-20220922,001,1795
1356.9685,1356.9775,28906,37050,Eptesicus serotinus,0.008,0.022,-1,Echolocation,/mnt/ubna_data_02_mir/recover-20220922/UBNA_001/20220921_090000.WAV,Telephone Field,recover-20220922,001,1795
1356.9985,1357.0364,68437,82054,Rhinolophus ferrumequinum,0.033,0.034,-1,Echolocation,/mnt/ubna_data_02_mir/recover-20220922/UBNA_001/20220921_090000.WAV,Telephone Field,recover-20220922,001,1795
1357.0235,1357.0454,16015,19878,Nyctalus noctula,0.015,0.023,-1,Echolocation,/mnt/ubna_data_02_mir/recover-20220922/UBNA_001/20220921_090000.WAV,Telephone Field,recover-20220922,001,1795
1357.0505,1357.0593,28046,38968,Eptesicus serotinus,0.008,0.021,-1,Echolocation,/mnt/ubna_data_02_mir/recover-20220922/UBNA_001/20220921_090000.WAV,Telephone Field,recover-20220922,001,1795
1357.0635,1357.1052,68437,82708,Rhinolophus ferrumequinum,0.024,0.024,-1,Echolocation,/mnt/ubna_data_02_mir/recover-20220922/UBNA_001/20220921_090000.WAV,Telephone Field,recover-20220922,001,1795
1357.0775,1357.1151,68437,81499,Rhinolophus ferrumequinum,0.022,0.022,-1,Echolocation,/mnt/ubna_data_02_mir/recover-20220922/UBNA_001/20220921_090000.WAV,Telephone Field,recover-20220922,001,1795
1357.0965,1357.1338,68437,81498,Rhinolophus ferrumequinum,0.022,0.022,-1,Echolocation,/mnt/ubna_data_02_mir/recover-20220922/UBNA_001/20220921_090000.WAV,Telephone Field,recover-20220922,001,1795
1357.1445,1357.1855,68437,83176,Rhinolophus ferrumequinum,0.028,0.028,-1,Echolocation,/mnt/ubna_data_02_mir/recover-20220922/UBNA_001/20220921_090000.WAV,Telephone Field,recover-20220922,001,1795
1357.1475,1357.1563,26328,33075,Eptesicus serotinus,0.008,0.022,-1,Echolocation,/mnt/ubna_data_02_mir/recover-20220922/UBNA_001/20220921_090000.WAV,Telephone Field,recover-20220922,001,1795
1357.1545,1357.1625,47812,56022,Pipistrellus pipistrellus,0.021,0.023,-1,Echolocation,/mnt/ubna_data_02_mir/recover-20220922/UBNA_001/20220921_090000.WAV,Telephone Field,recover-20220922,001,1795
1357.1825,1357.2178,68437,80614,Rhinolophus ferrumequinum,0.023,0.023,-1,Echolocation,/mnt/ubna_data_02_mir/recover-20220922/UBNA_001/20220921_090000.WAV,Telephone Field,recover-20220922,001,1795
1357.1985,1357.2342,68437,80868,Rhinolophus ferrumequinum,0.023,0.023,-1,Echolocation,/mnt/ubna_data_02_mir/recover-20220922/UBNA_001/20220921_090000.WAV,Telephone Field,recover-20220922,001,1795
1357.2215,1357.2306,28046,38991,Eptesicus serotinus,0.01,0.024,-1,Echolocation,/mnt/ubna_data_02_mir/recover-20220922/UBNA_001/20220921_090000.WAV,Telephone Field,recover-20220922,001,1795
1357.2425,1357.2792,68437,81714,Rhinolophus ferrumequinum,0.021,0.021,-1,Echolocation,/mnt/ubna_data_02_mir/recover-20220922/UBNA_001/20220921_090000.WAV,Telephone Field,recover-20220922,001,1795
1357.2525,1357.262,27187,36007,Eptesicus serotinus,0.01,0.024,-1,Echolocation,/mnt/ubna_data_02_mir/recover-20220922/UBNA_001/20220921_090000.WAV,Telephone Field,recover-20220922,001,1795
1357.2655,1357.2758,23750,30430,Nyctalus leisleri,0.009,0.022,-1,Echolocation,/mnt/ubna_data_02_mir/recover-20220922/UBNA_001/20220921_090000.WAV,Telephone Field,recover-20220922,001,1795
1357.2795,1357.3179,68437,82397,Rhinolophus ferrumequinum,0.024,0.024,-1,Echolocation,/mnt/ubna_data_02_mir/recover-20220922/UBNA_001/20220921_090000.WAV,Telephone Field,recover-20220922,001,1795
1357.3045,1357.3439,68437,82491,Rhinolophus ferrumequinum,0.026,0.026,-1,Echolocation,/mnt/ubna_data_02_mir/recover-20220922/UBNA_001/20220921_090000.WAV,Telephone Field,recover-20220922,001,1795
1357.3075,1357.3204,23750,29414,Nyctalus leisleri,0.016,0.034,-1,Echolocation,/mnt/ubna_data_02_mir/recover-20220922/UBNA_001/20220921_090000.WAV,Telephone Field,recover-20220922,001,1795
1357.3815,1357.4178,68437,81292,Rhinolophus ferrumequinum,0.021,0.021,-1,Echolocation,/mnt/ubna_data_02_mir/recover-20220922/UBNA_001/20220921_090000.WAV,Telephone Field,recover-20220922,001,1795
1357.3955,1357.4027,28046,39552,Eptesicus serotinus,0.006,0.021,-1,Echolocation,/mnt/ubna_data_02_mir/recover-20220922/UBNA_001/20220921_090000.WAV,Telephone Field,recover-20220922,001,1795
1357.3955,1357.4357,68437,82158,Rhinolophus ferrumequinum,0.022,0.022,-1,Echolocation,/mnt/ubna_data_02_mir/recover-20220922/UBNA_001/20220921_090000.WAV,Telephone Field,recover-20220922,001,1795
1357.3965,1357.4064,15156,21588,Nyctalus noctula,0.02,0.034,-1,Echolocation,/mnt/ubna_data_02_mir/recover-20220922/UBNA_001/20220921_090000.WAV,Telephone Field,recover-20220922,001,1795
1357.4015,1357.44,68437,82185,Rhinolophus ferrumequinum,0.024,0.024,-1,Echolocation,/mnt/ubna_data_02_mir/recover-20220922/UBNA_001/20220921_090000.WAV,Telephone Field,recover-20220922,001,1795
1357.4485,1357.4618,22890,27055,Nyctalus leisleri,0.012,0.022,-1,Echolocation,/mnt/ubna_data_02_mir/recover-20220922/UBNA_001/20220921_090000.WAV,Telephone Field,recover-20220922,001,1795
1357.4575,1357.4687,24609,31294,Eptesicus serotinus,0.009,0.028,-1,Echolocation,/mnt/ubna_data_02_mir/recover-20220922/UBNA_001/20220921_090000.WAV,Telephone Field,recover-20220922,001,1795
1357.4615,1357.4997,68437,81849,Rhinolophus ferrumequinum,0.022,0.022,-1,Echolocation,/mnt/ubna_data_02_mir/recover-20220922/UBNA_001/20220921_090000.WAV,Telephone Field,recover-20220922,001,1795
1357.4675,1357.505,68437,81554,Rhinolophus ferrumequinum,0.021,0.021,-1,Echolocation,/mnt/ubna_data_02_mir/recover-20220922/UBNA_001/20220921_090000.WAV,Telephone Field,recover-20220922,001,1795
1357.4735,1357.494,16875,21003,Nyctalus noctula,0.045,0.065,-1,Echolocation,/mnt/ubna_data_02_mir/recover-20220922/UBNA_001/20220921_090000.WAV,Telephone Field,recover-20220922,001,1795
1357.5885,1357.6286,68437,82531,Rhinolophus ferrumequinum,0.021,0.021,-1,Echolocation,/mnt/ubna_data_02_mir/recover-20220922/UBNA_001/20220921_090000.WAV,Telephone Field,recover-20220922,001,1795
1357.5925,1357.6024,44375,52064,Pipistrellus pipistrellus,0.022,0.031,-1,Echolocation,/mnt/ubna_data_02_mir/recover-20220922/UBNA_001/20220921_090000.WAV,Telephone Field,recover-20220922,001,1795
1357.6035,1357.6426,68437,83224,Rhinolophus ferrumequinum,0.022,0.022,-1,Echolocation,/mnt/ubna_data_02_mir/recover-20220922/UBNA_001/20220921_090000.WAV,Telephone Field,recover-20220922,001,1795
1357.6385,1357.6803,68437,83020,Rhinolophus ferrumequinum,0.036,0.036,-1,Echolocation,/mnt/ubna_data_02_mir/recover-20220922/UBNA_001/20220921_090000.WAV,Telephone Field,recover-20220922,001,1795
1357.6425,1357.6519,22031,27903,Plecotus austriacus,0.009,0.022,-1,Echolocation,/mnt/ubna_data_02_mir/recover-20220922/UBNA_001/20220921_090000.WAV,Telephone Field,recover-20220922,001,1795
1357.6635,1357.7021,68437,82167,Rhinolophus ferrumequinum,0.022,0.023,-1,Echolocation,/mnt/ubna_data_02_mir/recover-20220922/UBNA_001/20220921_090000.WAV,Telephone Field,recover-20220922,001,1795
1357.6635,1357.6726,23750,31324,Plecotus austriacus,0.006,0.021,-1,Echolocation,/mnt/ubna_data_02_mir/recover-20220922/UBNA_001/20220921_090000.WAV,Telephone Field,recover-20220922,001,1795
1357.6825,1357.7222,68437,81943,Rhinolophus ferrumequinum,0.024,0.024,-1,Echolocation,/mnt/ubna_data_02_mir/recover-20220922/UBNA_001/20220921_090000.WAV,Telephone Field,recover-20220922,001,1795
1357.7375,1357.7777,68437,81969,Rhinolophus ferrumequinum,0.021,0.021,-1,Echolocation,/mnt/ubna_data_02_mir/recover-20220922/UBNA_001/20220921_090000.WAV,Telephone Field,recover-20220922,001,1795
1357.7585,1357.7962,68437,81516,Rhinolophus ferrumequinum,0.022,0.023,-1,Echolocation,/mnt/ubna_data_02_mir/recover-20220922/UBNA_001/20220921_090000.WAV,Telephone Field,recover-20220922,001,1795
1357.7635,1357.8024,68437,81892,Rhinolophus ferrumequinum,0.022,0.022,-1,Echolocation,/mnt/ubna_data_02_mir/recover-20220922/UBNA_001/20220921_090000.WAV,Telephone Field,recover-20220922,001,1795
1357.7965,1357.8072,23750,30395,Nyctalus leisleri,0.01,0.026,-1,Echolocation,/mnt/ubna_data_02_mir/recover-20220922/UBNA_001/20220921_090000.WAV,Telephone Field,recover-20220922,001,1795
1357.8165,1357.8564,68437,82638,Rhinolophus ferrumequinum,0.03,0.03,-1,Echolocation,/mnt/ubna_data_02_mir/recover-20220922/UBNA_001/20220921_090000.WAV,Telephone Field,recover-20220922,001,1795
1357.8235,1357.8323,26328,35274,Eptesicus serotinus,0.01,0.025,-1,Echolocation,/mnt/ubna_data_02_mir/recover-20220922/UBNA_001/20220921_090000.WAV,Telephone Field,recover-20220922,001,1795
1357.8325,1357.841,28046,36252,Eptesicus serotinus,0.008,0.022,-1,Echolocation,/mnt/ubna_data_02_mir/recover-20220922/UBNA_001/20220921_090000.WAV,Telephone Field,recover-20220922,001,1795
1357.8455,1357.8833,68437,82082,Rhinolophus ferrumequinum,0.021,0.021,-1,Echolocation,/mnt/ubna_data_02_mir/recover-20220922/UBNA_001/20220921_090000.WAV,Telephone Field,recover-20220922,001,1795
1357.8645,1357.907,68437,82854,Rhinolophus ferrumequinum,0.027,0.027,-1,Echolocation,/mnt/ubna_data_02_mir/recover-20220922/UBNA_001/20220921_090000.WAV,Telephone Field,recover-20220922,001,1795
1357.8855,1357.8963,23750,29311,Nyctalus leisleri,0.011,0.024,-1,Echolocation,/mnt/ubna_data_02_mir/recover-20220922/UBNA_001/20220921_090000.WAV,Telephone Field,recover-20220922,001,1795
1357.8965,1357.9344,68437,81473,Rhinolophus ferrumequinum,0.027,0.027,-1,Echolocation,/mnt/ubna_data_02_mir/recover-20220922/UBNA_001/20220921_090000.WAV,Telephone Field,recover-20220922,001,1795
1357.9215,1357.9607,68437,82201,Rhinolophus ferrumequinum,0.022,0.022,-1,Echolocation,/mnt/ubna_data_02_mir/recover-20220922/UBNA_001/20220921_090000.WAV,Telephone Field,recover-20220922,001,1795
1357.9415,1357.9795,68437,82162,Rhinolophus ferrumequinum,0.022,0.022,-1,Echolocation,/mnt/ubna_data_02_mir/recover-20220922/UBNA_001/20220921_090000.WAV,Telephone Field,recover-20220922,001,1795
1357.9445,1357.9659,18593,21987,Nyctalus noctula,0.054,0.083,-1,Echolocation,/mnt/ubna_data_02_mir/recover-20220922/UBNA_001/20220921_090000.WAV,Telephone Field,recover-20220922,001,1795
1357.9565,1357.9656,57265,61882,Pipistrellus pygmaeus,0.021,0.021,-1,Echolocation,/mnt/ubna_data_02_mir/recover-20220922/UBNA_001/20220921_090000.WAV,Telephone Field,recover-20220922,001,1795
1358.0015,1358.007,48671,56457,Pipistrellus pipistrellus,0.016,0.021,-1,Echolocation,/mnt/ubna_data_02_mir/recover-20220922/UBNA_001/20220921_090000.WAV,Telephone Field,recover-20220922,001,1795
1358.0015,1358.0332,68437,79986,Rhinolophus ferrumequinum,0.021,0.021,-1,Echolocation,/mnt/ubna_data_02_mir/recover-20220922/UBNA_001/20220921_090000.WAV,Telephone Field,recover-20220922,001,1795
1358.0015,1358.0101,25468,34651,Nyctalus leisleri,0.006,0.023,-1,Echolocation,/mnt/ubna_data_02_mir/recover-20220922/UBNA_001/20220921_090000.WAV,Telephone Field,recover-20220922,001,1795
1358.0015,1358.0136,20312,25613,Nyctalus leisleri,0.008,0.021,-1,Echolocation,/mnt/ubna_data_02_mir/recover-20220922/UBNA_001/20220921_090000.WAV,Telephone Field,recover-20220922,001,1795
1358.0035,1358.0139,40078,44212,Pipistrellus nathusii,0.013,0.024,-1,Echolocation,/mnt/ubna_data_02_mir/recover-20220922/UBNA_001/20220921_090000.WAV,Telephone Field,recover-20220922,001,1795
1358.0675,1358.078,22890,28268,Nyctalus leisleri,0.013,0.028,-1,Echolocation,/mnt/ubna_data_02_mir/recover-20220922/UBNA_001/20220921_090000.WAV,Telephone Field,recover-20220922,001,1795
1358.0985,1358.1394,68437,83212,Rhinolophus ferrumequinum,0.024,0.024,-1,Echolocation,/mnt/ubna_data_02_mir/recover-20220922/UBNA_001/20220921_090000.WAV,Telephone Field,recover-20220922,001,1795
1358.1255,1358.1638,68437,82306,Rhinolophus ferrumequinum,0.034,0.034,-1,Echolocation,/mnt/ubna_data_02_mir/recover-20220922/UBNA_001/20220921_090000.WAV,Telephone Field,recover-20220922,001,1795
1358.1275,1358.1366,26328,34411,Eptesicus serotinus,0.019,0.039,-1,Echolocation,/mnt/ubna_data_02_mir/recover-20220922/UBNA_001/20220921_090000.WAV,Telephone Field,recover-20220922,001,1795
1358.1565,1358.1984,68437,83090,Rhinolophus ferrumequinum,0.036,0.036,-1,Echolocation,/mnt/ubna_data_02_mir/recover-20220922/UBNA_001/20220921_090000.WAV,Telephone Field,recover-20220922,001,1795
1358.1845,1358.224,68437,82479,Rhinolophus ferrumequinum,0.021,0.021,-1,Echolocation,/mnt/ubna_data_02_mir/recover-20220922/UBNA_001/20220921_090000.WAV,Telephone Field,recover-20220922,001,1795
1358.2045,1358.2422,68437,82533,Rhinolophus ferrumequinum,0.028,0.028,-1,Echolocation,/mnt/ubna_data_02_mir/recover-20220922/UBNA_001/20220921_090000.WAV,Telephone Field,recover-20220922,001,1795
1358.2115,1358.219,27187,40153,Eptesicus serotinus,0.007,0.023,-1,Echolocation,/mnt/ubna_data_02_mir/recover-20220922/UBNA_001/20220921_090000.WAV,Telephone Field,recover-20220922,001,1795
1358.2125,1358.2525,68437,82516,Rhinolophus ferrumequinum,0.023,0.023,-1,Echolocation,/mnt/ubna_data_02_mir/recover-20220922/UBNA_001/20220921_090000.WAV,Telephone Field,recover-20220922,001,1795
1358.2255,1358.2364,28046,33204,Eptesicus serotinus,0.021,0.04,-1,Echolocation,/mnt/ubna_data_02_mir/recover-20220922/UBNA_001/20220921_090000.WAV,Telephone Field,recover-20220922,001,1795
1358.2795,1358.3194,68437,82284,Rhinolophus ferrumequinum,0.025,0.025,-1,Echolocation,/mnt/ubna_data_02_mir/recover-20220922/UBNA_001/20220921_090000.WAV,Telephone Field,recover-20220922,001,1795
1358.2975,1358.3364,68437,81798,Rhinolophus ferrumequinum,0.021,0.021,-1,Echolocation,/mnt/ubna_data_02_mir/recover-20220922/UBNA_001/20220921_090000.WAV,Telephone Field,recover-20220922,001,1795
1358.3195,1358.3584,68437,82062,Rhinolophus ferrumequinum,0.021,0.021,-1,Echolocation,/mnt/ubna_data_02_mir/recover-20220922/UBNA_001/20220921_090000.WAV,Telephone Field,recover-20220922,001,1795
1358.3565,1358.3941,68437,81805,Rhinolophus ferrumequinum,0.021,0.021,-1,Echolocation,/mnt/ubna_data_02_mir/recover-20220922/UBNA_001/20220921_090000.WAV,Telephone Field,recover-20220922,001,1795
1358.3885,1358.4261,68437,81664,Rhinolophus ferrumequinum,0.021,0.021,-1,Echolocation,/mnt/ubna_data_02_mir/recover-20220922/UBNA_001/20220921_090000.WAV,Telephone Field,recover-20220922,001,1795
1358.4275,1358.4362,27187,37290,Eptesicus serotinus,0.009,0.021,-1,Echolocation,/mnt/ubna_data_02_mir/recover-20220922/UBNA_001/20220921_090000.WAV,Telephone Field,recover-20220922,001,1795
1358.4485,1358.4587,28906,37383,Eptesicus serotinus,0.01,0.022,-1,Echolocation,/mnt/ubna_data_02_mir/recover-20220922/UBNA_001/20220921_090000.WAV,Telephone Field,recover-20220922,001,1795
1358.4515,1358.4619,23750,30082,Nyctalus leisleri,0.009,0.022,-1,Echolocation,/mnt/ubna_data_02_mir/recover-20220922/UBNA_001/20220921_090000.WAV,Telephone Field,recover-20220922,001,1795
1358.4865,1358.5251,68437,82472,Rhinolophus ferrumequinum,0.026,0.026,-1,Echolocation,/mnt/ubna_data_02_mir/recover-20220922/UBNA_001/20220921_090000.WAV,Telephone Field,recover-20220922,001,1795
1358.5055,1358.5149,30625,37349,Eptesicus serotinus,0.029,0.063,-1,Echolocation,/mnt/ubna_data_02_mir/recover-20220922/UBNA_001/20220921_090000.WAV,Telephone Field,recover-20220922,001,1795
1358.5425,1358.5498,24609,34230,Plecotus austriacus,0.01,0.031,-1,Echolocation,/mnt/ubna_data_02_mir/recover-20220922/UBNA_001/20220921_090000.WAV,Telephone Field,recover-20220922,001,1795
1358.5785,1358.6185,68437,82265,Rhinolophus ferrumequinum,0.026,0.026,-1,Echolocation,/mnt/ubna_data_02_mir/recover-20220922/UBNA_001/20220921_090000.WAV,Telephone Field,recover-20220922,001,1795
1358.5895,1358.5997,26328,34409,Eptesicus serotinus,0.012,0.03,-1,Echolocation,/mnt/ubna_data_02_mir/recover-20220922/UBNA_001/20220921_090000.WAV,Telephone Field,recover-20220922,001,1795
1358.6145,1358.6217,28906,40123,Eptesicus serotinus,0.007,0.024,-1,Echolocation,/mnt/ubna_data_02_mir/recover-20220922/UBNA_001/20220921_090000.WAV,Telephone Field,recover-20220922,001,1795
1358.6275,1358.6672,68437,82489,Rhinolophus ferrumequinum,0.04,0.04,-1,Echolocation,/mnt/ubna_data_02_mir/recover-20220922/UBNA_001/20220921_090000.WAV,Telephone Field,recover-20220922,001,1795
1358.6375,1358.6725,68437,81722,Rhinolophus ferrumequinum,0.021,0.022,-1,Echolocation,/mnt/ubna_data_02_mir/recover-20220922/UBNA_001/20220921_090000.WAV,Telephone Field,recover-20220922,001,1795
1358.6625,1358.701,68437,82470,Rhinolophus ferrumequinum,0.027,0.027,-1,Echolocation,/mnt/ubna_data_02_mir/recover-20220922/UBNA_001/20220921_090000.WAV,Telephone Field,recover-20220922,001,1795
1358.6805,1358.6882,27187,38862,Eptesicus serotinus,0.007,0.021,-1,Echolocation,/mnt/ubna_data_02_mir/recover-20220922/UBNA_001/20220921_090000.WAV,Telephone Field,recover-20220922,001,1795
1358.7035,1358.743,68437,82761,Rhinolophus ferrumequinum,0.024,0.024,-1,Echolocation,/mnt/ubna_data_02_mir/recover-20220922/UBNA_001/20220921_090000.WAV,Telephone Field,recover-20220922,001,1795
1358.7135,1358.7518,68437,82305,Rhinolophus ferrumequinum,0.026,0.026,-1,Echolocation,/mnt/ubna_data_02_mir/recover-20220922/UBNA_001/20220921_090000.WAV,Telephone Field,recover-20220922,001,1795
1358.7185,1358.7271,28906,39210,Eptesicus serotinus,0.013,0.037,-1,Echolocation,/mnt/ubna_data_02_mir/recover-20220922/UBNA_001/20220921_090000.WAV,Telephone Field,recover-20220922,001,1795
1358.7335,1358.7734,68437,82438,Rhinolophus ferrumequinum,0.022,0.022,-1,Echolocation,/mnt/ubna_data_02_mir/recover-20220922/UBNA_001/20220921_090000.WAV,Telephone Field,recover-20220922,001,1795
1358.7595,1358.7678,15156,25103,Plecotus auritus,0.014,0.025,-1,Echolocation,/mnt/ubna_data_02_mir/recover-20220922/UBNA_001/20220921_090000.WAV,Telephone Field,recover-20220922,001,1795
1358.7745,1358.7858,23750,29210,Nyctalus leisleri,0.012,0.027,-1,Echolocation,/mnt/ubna_data_02_mir/recover-20220922/UBNA_001/20220921_090000.WAV,Telephone Field,recover-20220922,001,1795
1358.7805,1358.8185,68437,82356,Rhinolophus ferrumequinum,0.021,0.021,-1,Echolocation,/mnt/ubna_data_02_mir/recover-20220922/UBNA_001/20220921_090000.WAV,Telephone Field,recover-20220922,001,1795
1358.7965,1358.8348,68437,82213,Rhinolophus ferrumequinum,0.022,0.022,-1,Echolocation,/mnt/ubna_data_02_mir/recover-20220922/UBNA_001/20220921_090000.WAV,Telephone Field,recover-20220922,001,1795
1358.8455,1358.8845,68437,82248,Rhinolophus ferrumequinum,0.034,0.034,-1,Echolocation,/mnt/ubna_data_02_mir/recover-20220922/UBNA_001/20220921_090000.WAV,Telephone Field,recover-20220922,001,1795
1358.8475,1358.8546,28046,41048,Eptesicus serotinus,0.006,0.023,-1,Echolocation,/mnt/ubna_data_02_mir/recover-20220922/UBNA_001/20220921_090000.WAV,Telephone Field,recover-20220922,001,1795
1358.9175,1358.9527,68437,81342,Rhinolophus ferrumequinum,0.023,0.023,-1,Echolocation,/mnt/ubna_data_02_mir/recover-20220922/UBNA_001/20220921_090000.WAV,Telephone Field,recover-20220922,001,1795
1358.9365,1358.972,68437,80952,Rhinolophus ferrumequinum,0.023,0.023,-1,Echolocation,/mnt/ubna_data_02_mir/recover-20220922/UBNA_001/20220921_090000.WAV,Telephone Field,recover-20220922,001,1795
1358.9375,1358.9459,28906,37397,Eptesicus serotinus,0.019,0.042,-1,Echolocation,/mnt/ubna_data_02_mir/recover-20220922/UBNA_001/20220921_090000.WAV,Telephone Field,recover-20220922,001,1795
1358.9905,1359.0007,28906,36591,Eptesicus serotinus,0.018,0.033,-1,Echolocation,/mnt/ubna_data_02_mir/recover-20220922/UBNA_001/20220921_090000.WAV,Telephone Field,recover-20220922,001,1795
1359.0215,1359.0291,28046,39506,Eptesicus serotinus,0.007,0.021,-1,Echolocation,/mnt/ubna_data_02_mir/recover-20220922/UBNA_001/20220921_090000.WAV,Telephone Field,recover-20220922,001,1795
1359.0345,1359.0723,68437,81965,Rhinolophus ferrumequinum,0.022,0.022,-1,Echolocation,/mnt/ubna_data_02_mir/recover-20220922/UBNA_001/20220921_090000.WAV,Telephone Field,recover-20220922,001,1795
1359.0435,1359.0824,68437,82602,Rhinolophus ferrumequinum,0.029,0.029,-1,Echolocation,/mnt/ubna_data_02_mir/recover-20220922/UBNA_001/20220921_090000.WAV,Telephone Field,recover-20220922,001,1795
1359.0445,1359.0554,22031,25801,Nyctalus leisleri,0.012,0.022,-1,Echolocation,/mnt/ubna_data_02_mir/recover-20220922/UBNA_001/20220921_090000.WAV,Telephone Field,recover-20220922,001,1795
1359.0545,1359.0916,68437,81893,Rhinolophus ferrumequinum,0.021,0.021,-1,Echolocation,/mnt/ubna_data_02_mir/recover-20220922/UBNA_001/20220921_090000.WAV,Telephone Field,recover-20220922,001,1795
1359.0855,1359.1213,68437,81572,Rhinolophus ferrumequinum,0.022,0.022,-1,Echolocation,/mnt/ubna_data_02_mir/recover-20220922/UBNA_001/20220921_090000.WAV,Telephone Field,recover-20220922,001,1795
1359.0925,1359.1029,24609,31652,Nyctalus leisleri,0.011,0.032,-1,Echolocation,/mnt/ubna_data_02_mir/recover-20220922/UBNA_001/20220921_090000.WAV,Telephone Field,recover-20220922,001,1795
1359.1195,1359.1298,24609,30729,Eptesicus serotinus,0.009,0.027,-1,Echolocation,/mnt/ubna_data_02_mir/recover-20220922/UBNA_001/20220921_090000.WAV,Telephone Field,recover-20220922,001,1795
1359.1385,1359.1751,68437,81795,Rhinolophus ferrumequinum,0.022,0.022,-1,Echolocation,/mnt/ubna_data_02_mir/recover-20220922/UBNA_001/20220921_090000.WAV,Telephone Field,recover-20220922,001,1795
1359.1455,1359.1795,68437,81599,Rhinolophus ferrumequinum,0.021,0.021,-1,Echolocation,/mnt/ubna_data_02_mir/recover-20220922/UBNA_001/20220921_090000.WAV,Telephone Field,recover-20220922,001,1795
1359.1545,1359.1957,68437,82794,Rhinolophus ferrumequinum,0.022,0.022,-1,Echolocation,/mnt/ubna_data_02_mir/recover-20220922/UBNA_001/20220921_090000.WAV,Telephone Field,recover-20220922,001,1795
1359.1705,1359.2065,68437,80843,Rhinolophus ferrumequinum,0.025,0.025,-1,Echolocation,/mnt/ubna_data_02_mir/recover-20220922/UBNA_001/20220921_090000.WAV,Telephone Field,recover-20220922,001,1795
1359.2045,1359.2401,68437,81890,Rhinolophus ferrumequinum,0.022,0.022,-1,Echolocation,/mnt/ubna_data_02_mir/recover-20220922/UBNA_001/20220921_090000.WAV,Telephone Field,recover-20220922,001,1795
1359.2175,1359.2547,68437,81326,Rhinolophus ferrumequinum,0.024,0.025,-1,Echolocation,/mnt/ubna_data_02_mir/recover-20220922/UBNA_001/20220921_090000.WAV,Telephone Field,recover-20220922,001,1795
1359.2455,1359.2839,68437,81955,Rhinolophus ferrumequinum,0.021,0.021,-1,Echolocation,/mnt/ubna_data_02_mir/recover-20220922/UBNA_001/20220921_090000.WAV,Telephone Field,recover-20220922,001,1795
1359.2605,1359.2978,68437,82006,Rhinolophus ferrumequinum,0.027,0.027,-1,Echolocation,/mnt/ubna_data_02_mir/recover-20220922/UBNA_001/20220921_090000.WAV,Telephone Field,recover-20220922,001,1795
1359.2715,1359.2827,22890,28239,Nyctalus leisleri,0.014,0.031,-1,Echolocation,/mnt/ubna_data_02_mir/recover-20220922/UBNA_001/20220921_090000.WAV,Telephone Field,recover-20220922,001,1795
1359.3315,1359.3715,68437,82406,Rhinolophus ferrumequinum,0.022,0.022,-1,Echolocation,/mnt/ubna_data_02_mir/recover-20220922/UBNA_001/20220921_090000.WAV,Telephone Field,recover-20220922,001,1795
1359.3875,1359.422,68437,81029,Rhinolophus ferrumequinum,0.021,0.021,-1,Echolocation,/mnt/ubna_data_02_mir/recover-20220922/UBNA_001/20220921_090000.WAV,Telephone Field,recover-20220922,001,1795
1359.4275,1359.4669,68437,82546,Rhinolophus ferrumequinum,0.024,0.024,-1,Echolocation,/mnt/ubna_data_02_mir/recover-20220922/UBNA_001/20220921_090000.WAV,Telephone Field,recover-20220922,001,1795
1359.4435,1359.4865,68437,83542,Rhinolophus ferrumequinum,0.036,0.036,-1,Echolocation,/mnt/ubna_data_02_mir/recover-20220922/UBNA_001/20220921_090000.WAV,Telephone Field,recover-20220922,001,1795
1359.4445,1359.4543,22890,29058,Nyctalus leisleri,0.008,0.022,-1,Echolocation,/mnt/ubna_data_02_mir/recover-20220922/UBNA_001/20220921_090000.WAV,Telephone Field,recover-20220922,001,1795
1359.4595,1359.4977,68437,82074,Rhinolophus ferrumequinum,0.021,0.021,-1,Echolocation,/mnt/ubna_data_02_mir/recover-20220922/UBNA_001/20220921_090000.WAV,Telephone Field,recover-20220922,001,1795
1359.4705,1359.4795,26328,35066,Eptesicus serotinus,0.008,0.021,-1,Echolocation,/mnt/ubna_data_02_mir/recover-20220922/UBNA_001/20220921_090000.WAV,Telephone Field,recover-20220922,001,1795
1359.4755,1359.5143,68437,82794,Rhinolophus ferrumequinum,0.021,0.021,-1,Echolocation,/mnt/ubna_data_02_mir/recover-20220922/UBNA_001/20220921_090000.WAV,Telephone Field,recover-20220922,001,1795
1359.4965,1359.51,48671,52209,Pipistrellus pipistrellus,0.032,0.037,-1,Echolocation,/mnt/ubna_data_02_mir/recover-20220922/UBNA_001/20220921_090000.WAV,Telephone Field,recover-20220922,001,1795
1359.4995,1359.5411,68437,82488,Rhinolophus ferrumequinum,0.023,0.023,-1,Echolocation,/mnt/ubna_data_02_mir/recover-20220922/UBNA_001/20220921_090000.WAV,Telephone Field,recover-20220922,001,1795
1359.5065,1359.5459,68437,82500,Rhinolophus ferrumequinum,0.022,0.022,-1,Echolocation,/mnt/ubna_data_02_mir/recover-20220922/UBNA_001/20220921_090000.WAV,Telephone Field,recover-20220922,001,1795
1359.5215,1359.5325,23750,28948,Nyctalus leisleri,0.011,0.024,-1,Echolocation,/mnt/ubna_data_02_mir/recover-20220922/UBNA_001/20220921_090000.WAV,Telephone Field,recover-20220922,001,1795
1359.5365,1359.5459,28906,39263,Eptesicus serotinus,0.009,0.022,-1,Echolocation,/mnt/ubna_data_02_mir/recover-20220922/UBNA_001/20220921_090000.WAV,Telephone Field,recover-20220922,001,1795
1359.5445,1359.5844,68437,82256,Rhinolophus ferrumequinum,0.022,0.022,-1,Echolocation,/mnt/ubna_data_02_mir/recover-20220922/UBNA_001/20220921_090000.WAV,Telephone Field,recover-20220922,001,1795
1359.5895,1359.629,68437,82349,Rhinolophus ferrumequinum,0.023,0.023,-1,Echolocation,/mnt/ubna_data_02_mir/recover-20220922/UBNA_001/20220921_090000.WAV,Telephone Field,recover-20220922,001,1795
1359.5965,1359.6346,68437,82221,Rhinolophus ferrumequinum,0.022,0.022,-1,Echolocation,/mnt/ubna_data_02_mir/recover-20220922/UBNA_001/20220921_090000.WAV,Telephone Field,recover-20220922,001,1795
1359.6125,1359.621,28906,37568,Eptesicus serotinus,0.008,0.023,-1,Echolocation,/mnt/ubna_data_02_mir/recover-20220922/UBNA_001/20220921_090000.WAV,Telephone Field,recover-20220922,001,1795
1359.6135,1359.6207,23750,31894,Plecotus austriacus,0.01,0.022,-1,Echolocation,/mnt/ubna_data_02_mir/recover-20220922/UBNA_001/20220921_090000.WAV,Telephone Field,recover-20220922,001,1795
1359.6665,1359.7049,68437,81998,Rhinolophus ferrumequinum,0.022,0.022,-1,Echolocation,/mnt/ubna_data_02_mir/recover-20220922/UBNA_001/20220921_090000.WAV,Telephone Field,recover-20220922,001,1795
1359.6665,1359.6768,23750,29172,Nyctalus leisleri,0.009,0.021,-1,Echolocation,/mnt/ubna_data_02_mir/recover-20220922/UBNA_001/20220921_090000.WAV,Telephone Field,recover-20220922,001,1795
1359.7005,1359.7079,24609,32860,Plecotus austriacus,0.008,0.022,-1,Echolocation,/mnt/ubna_data_02_mir/recover-20220922/UBNA_001/20220921_090000.WAV,Telephone Field,recover-20220922,001,1795
1359.7395,1359.7777,68437,81887,Rhinolophus ferrumequinum,0.022,0.022,-1,Echolocation,/mnt/ubna_data_02_mir/recover-20220922/UBNA_001/20220921_090000.WAV,Telephone Field,recover-20220922,001,1795
1359.7625,1359.7948,68437,80623,Rhinolophus ferrumequinum,0.021,0.021,-1,Echolocation,/mnt/ubna_data_02_mir/recover-20220922/UBNA_001/20220921_090000.WAV,Telephone Field,recover-20220922,001,1795
1359.7635,1359.7719,25468,33710,Eptesicus serotinus,0.006,0.023,-1,Echolocation,/mnt/ubna_data_02_mir/recover-20220922/UBNA_001/20220921_090000.WAV,Telephone Field,recover-20220922,001,1795
1359.7955,1359.8054,23750,31258,Nyctalus leisleri,0.02,0.061,-1,Echolocation,/mnt/ubna_data_02_mir/recover-20220922/UBNA_001/20220921_090000.WAV,Telephone Field,recover-20220922,001,1795
1359.8225,1359.8605,68437,82402,Rhinolophus ferrumequinum,0.025,0.025,-1,Echolocation,/mnt/ubna_data_02_mir/recover-20220922/UBNA_001/20220921_090000.WAV,Telephone Field,recover-20220922,001,1795
1359.8355,1359.8727,68437,82018,Rhinolophus ferrumequinum,0.021,0.021,-1,Echolocation,/mnt/ubna_data_02_mir/recover-20220922/UBNA_001/20220921_090000.WAV,Telephone Field,recover-20220922,001,1795
1359.8545,1359.8637,24609,32198,Eptesicus serotinus,0.007,0.021,-1,Echolocation,/mnt/ubna_data_02_mir/recover-20220922/UBNA_001/20220921_090000.WAV,Telephone Field,recover-20220922,001,1795
1359.8665,1359.8766,28906,36745,Eptesicus serotinus,0.012,0.026,-1,Echolocation,/mnt/ubna_data_02_mir/recover-20220922/UBNA_001/20220921_090000.WAV,Telephone Field,recover-20220922,001,1795
1359.8745,1359.9125,68437,82358,Rhinolophus ferrumequinum,0.026,0.026,-1,Echolocation,/mnt/ubna_data_02_mir/recover-20220922/UBNA_001/20220921_090000.WAV,Telephone Field,recover-20220922,001,1795
1359.8755,1359.8885,36640,40790,Pipistrellus nathusii,0.013,0.024,-1,Echolocation,/mnt/ubna_data_02_mir/recover-20220922/UBNA_001/20220921_090000.WAV,Telephone Field,recover-20220922,001,1795
1359.9115,1359.9211,29765,39519,Eptesicus serotinus,0.012,0.025,-1,Echolocation,/mnt/ubna_data_02_mir/recover-20220922/UBNA_001/20220921_090000.WAV,Telephone Field,recover-20220922,001,1795
1359.9445,1359.9826,68437,81479,Rhinolophus ferrumequinum,0.021,0.021,-1,Echolocation,/mnt/ubna_data_02_mir/recover-20220922/UBNA_001/20220921_090000.WAV,Telephone Field,recover-20220922,001,1795
1359.9605,1359.9964,68437,81642,Rhinolophus ferrumequinum,0.021,0.021,-1,Echolocation,/mnt/ubna_data_02_mir/recover-20220922/UBNA_001/20220921_090000.WAV,Telephone Field,recover-20220922,001,1795
1359.9605,1359.9771,22031,26690,Nyctalus leisleri,0.022,0.043,-1,Echolocation,/mnt/ubna_data_02_mir/recover-20220922/UBNA_001/20220921_090000.WAV,Telephone Field,recover-20220922,001,1795
1359.9835,1359.9911,23750,32659,Plecotus austriacus,0.007,0.021,-1,Echolocation,/mnt/ubna_data_02_mir/recover-20220922/UBNA_001/20220921_090000.WAV,Telephone Field,recover-20220922,001,1795
1360.0015,1360.0359,68437,79978,Rhinolophus ferrumequinum,0.062,0.062,-1,Echolocation,/mnt/ubna_data_02_mir/recover-20220922/UBNA_001/20220921_090000.WAV,Telephone Field,recover-20220922,001,1795
1360.0015,1360.0151,52968,58124,Pipistrellus pygmaeus,0.022,0.027,-1,Echolocation,/mnt/ubna_data_02_mir/recover-20220922/UBNA_001/20220921_090000.WAV,Telephone Field,recover-20220922,001,1795
1360.0015,1360.0134,21171,26775,Nyctalus leisleri,0.015,0.035,-1,Echolocation,/mnt/ubna_data_02_mir/recover-20220922/UBNA_001/20220921_090000.WAV,Telephone Field,recover-20220922,001,1795
1360.0085,1360.0507,68437,82170,Rhinolophus ferrumequinum,0.027,0.027,-1,Echolocation,/mnt/ubna_data_02_mir/recover-20220922/UBNA_001/20220921_090000.WAV,Telephone Field,recover-20220922,001,1795
1360.0275,1360.0691,68437,83475,Rhinolophus ferrumequinum,0.033,0.033,-1,Echolocation,/mnt/ubna_data_02_mir/recover-20220922/UBNA_001/20220921_090000.WAV,Telephone Field,recover-20220922,001,1795
1360.0295,1360.0383,26328,35860,Eptesicus serotinus,0.01,0.023,-1,Echolocation,/mnt/ubna_data_02_mir/recover-20220922/UBNA_001/20220921_090000.WAV,Telephone Field,recover-20220922,001,1795
1360.0655,1360.1074,68437,82651,Rhinolophus ferrumequinum,0.027,0.027,-1,Echolocation,/mnt/ubna_data_02_mir/recover-20220922/UBNA_001/20220921_090000.WAV,Telephone Field,recover-20220922,001,1795
1360.1035,1360.1151,23750,28601,Nyctalus leisleri,0.014,0.026,-1,Echolocation,/mnt/ubna_data_02_mir/recover-20220922/UBNA_001/20220921_090000.WAV,Telephone Field,recover-20220922,001,1795
1360.1225,1360.1643,68437,83322,Rhinolophus ferrumequinum,0.051,0.051,-1,Echolocation,/mnt/ubna_data_02_mir/recover-20220922/UBNA_001/20220921_090000.WAV,Telephone Field,recover-20220922,001,1795
1360.1385,1360.1787,68437,82180,Rhinolophus ferrumequinum,0.024,0.024,-1,Echolocation,/mnt/ubna_data_02_mir/recover-20220922/UBNA_001/20220921_090000.WAV,Telephone Field,recover-20220922,001,1795
1360.1535,1360.1956,68437,83460,Rhinolophus ferrumequinum,0.025,0.025,-1,Echolocation,/mnt/ubna_data_02_mir/recover-20220922/UBNA_001/20220921_090000.WAV,Telephone Field,recover-20220922,001,1795
1360.1615,1360.1718,23750,29973,Nyctalus leisleri,0.01,0.026,-1,Echolocation,/mnt/ubna_data_02_mir/recover-20220922/UBNA_001/20220921_090000.WAV,Telephone Field,recover-20220922,001,1795
1360.1805,1360.1878,49531,53376,Pipistrellus pipistrellus,0.024,0.026,-1,Echolocation,/mnt/ubna_data_02_mir/recover-20220922/UBNA_001/20220921_090000.WAV,Telephone Field,recover-20220922,001,1795
1360.1875,1360.2261,68437,82442,Rhinolophus ferrumequinum,0.023,0.023,-1,Echolocation,/mnt/ubna_data_02_mir/recover-20220922/UBNA_001/20220921_090000.WAV,Telephone Field,recover-20220922,001,1795
1360.2075,1360.2166,28046,37459,Eptesicus serotinus,0.01,0.024,-1,Echolocation,/mnt/ubna_data_02_mir/recover-20220922/UBNA_001/20220921_090000.WAV,Telephone Field,recover-20220922,001,1795
1360.2255,1360.2642,68437,81987,Rhinolophus ferrumequinum,0.021,0.022,-1,Echolocation,/mnt/ubna_data_02_mir/recover-20220922/UBNA_001/20220921_090000.WAV,Telephone Field,recover-20220922,001,1795
1360.2275,1360.2372,46953,51478,Pipistrellus pipistrellus,0.02,0.021,-1,Echolocation,/mnt/ubna_data_02_mir/recover-20220922/UBNA_001/20220921_090000.WAV,Telephone Field,recover-20220922,001,1795
1360.2765,1360.2855,50390,55285,Pipistrellus pipistrellus,0.019,0.023,-1,Echolocation,/mnt/ubna_data_02_mir/recover-20220922/UBNA_001/20220921_090000.WAV,Telephone Field,recover-20220922,001,1795
1360.2825,1360.3204,68437,81949,Rhinolophus ferrumequinum,0.024,0.024,-1,Echolocation,/mnt/ubna_data_02_mir/recover-20220922/UBNA_001/20220921_090000.WAV,Telephone Field,recover-20220922,001,1795
1360.3015,1360.3169,15156,19679,Nyctalus noctula,0.02,0.028,-1,Echolocation,/mnt/ubna_data_02_mir/recover-20220922/UBNA_001/20220921_090000.WAV,Telephone Field,recover-20220922,001,1795
1360.3045,1360.3167,42656,46865,Pipistrellus pipistrellus,0.018,0.027,-1,Echolocation,/mnt/ubna_data_02_mir/recover-20220922/UBNA_001/20220921_090000.WAV,Telephone Field,recover-20220922,001,1795
1360.3075,1360.3456,68437,81511,Rhinolophus ferrumequinum,0.022,0.022,-1,Echolocation,/mnt/ubna_data_02_mir/recover-20220922/UBNA_001/20220921_090000.WAV,Telephone Field,recover-20220922,001,1795
1360.3135,1360.3517,68437,81872,Rhinolophus ferrumequinum,0.022,0.022,-1,Echolocation,/mnt/ubna_data_02_mir/recover-20220922/UBNA_001/20220921_090000.WAV,Telephone Field,recover-20220922,001,1795
1360.3155,1360.3235,23750,32062,Plecotus austriacus,0.008,0.022,-1,Echolocation,/mnt/ubna_data_02_mir/recover-20220922/UBNA_001/20220921_090000.WAV,Telephone Field,recover-20220922,001,1795
1360.3275,1360.3353,28046,42324,Eptesicus serotinus,0.008,0.026,-1,Echolocation,/mnt/ubna_data_02_mir/recover-20220922/UBNA_001/20220921_090000.WAV,Telephone Field,recover-20220922,001,1795
1360.3305,1360.367,68437,81685,Rhinolophus ferrumequinum,0.022,0.022,-1,Echolocation,/mnt/ubna_data_02_mir/recover-20220922/UBNA_001/20220921_090000.WAV,Telephone Field,recover-20220922,001,1795
1360.3655,1360.4027,68437,82567,Rhinolophus ferrumequinum,0.024,0.024,-1,Echolocation,/mnt/ubna_data_02_mir/recover-20220922/UBNA_001/20220921_090000.WAV,Telephone Field,recover-20220922,001,1795
1360.3785,1360.4202,68437,82782,Rhinolophus ferrumequinum,0.038,0.038,-1,Echolocation,/mnt/ubna_data_02_mir/recover-20220922/UBNA_001/20220921_090000.WAV,Telephone Field,recover-20220922,001,1795
1360.4115,1360.4242,37500,41725,Pipistrellus nathusii,0.014,0.022,-1,Echolocation,/mnt/ubna_data_02_mir/recover-20220922/UBNA_001/20220921_090000.WAV,Telephone Field,recover-20220922,001,1795
1360.4665,1360.5025,68437,81035,Rhinolophus ferrumequinum,0.022,0.022,-1,Echolocation,/mnt/ubna_data_02_mir/recover-20220922/UBNA_001/20220921_090000.WAV,Telephone Field,recover-20220922,001,1795
1360.4715,1360.4821,23750,30284,Nyctalus leisleri,0.009,0.022,-1,Echolocation,/mnt/ubna_data_02_mir/recover-20220922/UBNA_001/20220921_090000.WAV,Telephone Field,recover-20220922,001,1795
1360.5005,1360.5104,27187,34800,Eptesicus serotinus,0.01,0.022,-1,Echolocation,/mnt/ubna_data_02_mir/recover-20220922/UBNA_001/20220921_090000.WAV,Telephone Field,recover-20220922,001,1795
1360.5235,1360.5619,68437,81416,Rhinolophus ferrumequinum,0.024,0.025,-1,Echolocation,/mnt/ubna_data_02_mir/recover-20220922/UBNA_001/20220921_090000.WAV,Telephone Field,recover-20220922,001,1795
1360.5405,1360.5787,68437,82296,Rhinolophus ferrumequinum,0.025,0.025,-1,Echolocation,/mnt/ubna_data_02_mir/recover-20220922/UBNA_001/20220921_090000.WAV,Telephone Field,recover-20220922,001,1795
1360.5645,1360.6042,68437,82267,Rhinolophus ferrumequinum,0.026,0.026,-1,Echolocation,/mnt/ubna_data_02_mir/recover-20220922/UBNA_001/20220921_090000.WAV,Telephone Field,recover-20220922,001,1795
1360.5925,1360.6016,28906,36472,Eptesicus serotinus,0.008,0.021,-1,Echolocation,/mnt/ubna_data_02_mir/recover-20220922/UBNA_001/20220921_090000.WAV,Telephone Field,recover-20220922,001,1795
1360.5935,1360.6342,68437,82790,Rhinolophus ferrumequinum,0.025,0.025,-1,Echolocation,/mnt/ubna_data_02_mir/recover-20220922/UBNA_001/20220921_090000.WAV,Telephone Field,recover-20220922,001,1795
1360.6075,1360.6471,68437,82893,Rhinolophus ferrumequinum,0.022,0.022,-1,Echolocation,/mnt/ubna_data_02_mir/recover-20220922/UBNA_001/20220921_090000.WAV,Telephone Field,recover-20220922,001,1795
1360.6105,1360.6192,32343,41099,Myotis daubentonii,0.005,0.023,-1,Echolocation,/mnt/ubna_data_02_mir/recover-20220922/UBNA_001/20220921_090000.WAV,Telephone Field,recover-20220922,001,1795
1360.6135,1360.6211,28046,38570,Eptesicus serotinus,0.007,0.023,-1,Echolocation,/mnt/ubna_data_02_mir/recover-20220922/UBNA_001/20220921_090000.WAV,Telephone Field,recover-20220922,001,1795
1360.6275,1360.6667,68437,82065,Rhinolophus ferrumequinum,0.025,0.026,-1,Echolocation,/mnt/ubna_data_02_mir/recover-20220922/UBNA_001/20220921_090000.WAV,Telephone Field,recover-20220922,001,1795
1360.6575,1360.6666,15156,21802,Plecotus auritus,0.013,0.033,-1,Echolocation,/mnt/ubna_data_02_mir/recover-20220922/UBNA_001/20220921_090000.WAV,Telephone Field,recover-20220922,001,1795
1360.6625,1360.6726,22031,27022,Nyctalus leisleri,0.009,0.021,-1,Echolocation,/mnt/ubna_data_02_mir/recover-20220922/UBNA_001/20220921_090000.WAV,Telephone Field,recover-20220922,001,1795
1360.6625,1360.6966,68437,81321,Rhinolophus ferrumequinum,0.021,0.021,-1,Echolocation,/mnt/ubna_data_02_mir/recover-20220922/UBNA_001/20220921_090000.WAV,Telephone Field,recover-20220922,001,1795
1360.7135,1360.7547,68437,82238,Rhinolophus ferrumequinum,0.023,0.023,-1,Echolocation,/mnt/ubna_data_02_mir/recover-20220922/UBNA_001/20220921_090000.WAV,Telephone Field,recover-20220922,001,1795
1360.7325,1360.771,68437,81631,Rhinolophus ferrumequinum,0.022,0.022,-1,Echolocation,/mnt/ubna_data_02_mir/recover-20220922/UBNA_001/20220921_090000.WAV,Telephone Field,recover-20220922,001,1795
1360.7375,1360.7481,22890,27753,Nyctalus leisleri,0.011,0.022,-1,Echolocation,/mnt/ubna_data_02_mir/recover-20220922/UBNA_001/20220921_090000.WAV,Telephone Field,recover-20220922,001,1795
1360.7585,1360.7664,27187,35410,Eptesicus serotinus,0.012,0.028,-1,Echolocation,/mnt/ubna_data_02_mir/recover-20220922/UBNA_001/20220921_090000.WAV,Telephone Field,recover-20220922,001,1795
1360.7685,1360.81,68437,83223,Rhinolophus ferrumequinum,0.046,0.046,-1,Echolocation,/mnt/ubna_data_02_mir/recover-20220922/UBNA_001/20220921_090000.WAV,Telephone Field,recover-20220922,001,1795
1360.8195,1360.8593,68437,82412,Rhinolophus ferrumequinum,0.023,0.023,-1,Echolocation,/mnt/ubna_data_02_mir/recover-20220922/UBNA_001/20220921_090000.WAV,Telephone Field,recover-20220922,001,1795
1360.8825,1360.9218,68437,82380,Rhinolophus ferrumequinum,0.022,0.022,-1,Echolocation,/mnt/ubna_data_02_mir/recover-20220922/UBNA_001/20220921_090000.WAV,Telephone Field,recover-20220922,001,1795
1360.8955,1360.9021,24609,33528,Plecotus austriacus,0.008,0.022,-1,Echolocation,/mnt/ubna_data_02_mir/recover-20220922/UBNA_001/20220921_090000.WAV,Telephone Field,recover-20220922,001,1795
1360.9155,1360.9528,68437,82187,Rhinolophus ferrumequinum,0.026,0.026,-1,Echolocation,/mnt/ubna_data_02_mir/recover-20220922/UBNA_001/20220921_090000.WAV,Telephone Field,recover-20220922,001,1795
1360.9195,1360.9295,23750,30743,Nyctalus leisleri,0.007,0.021,-1,Echolocation,/mnt/ubna_data_02_mir/recover-20220922/UBNA_001/20220921_090000.WAV,Telephone Field,recover-20220922,001,1795
1360.9495,1360.9549,35781,45141,Myotis daubentonii,0.005,0.021,-1,Echolocation,/mnt/ubna_data_02_mir/recover-20220922/UBNA_001/20220921_090000.WAV,Telephone Field,recover-20220922,001,1795
1360.9525,1360.9605,28906,42870,Eptesicus serotinus,0.007,0.021,-1,Echolocation,/mnt/ubna_data_02_mir/recover-20220922/UBNA_001/20220921_090000.WAV,Telephone Field,recover-20220922,001,1795
1360.9545,1360.9928,68437,82550,Rhinolophus ferrumequinum,0.022,0.022,-1,Echolocation,/mnt/ubna_data_02_mir/recover-20220922/UBNA_001/20220921_090000.WAV,Telephone Field,recover-20220922,001,1795
1360.9785,1360.9896,34062,39258,Eptesicus serotinus,0.005,0.023,-1,Echolocation,/mnt/ubna_data_02_mir/recover-20220922/UBNA_001/20220921_090000.WAV,Telephone Field,recover-20220922,001,1795
1360.9785,1361.019,68437,81820,Rhinolophus ferrumequinum,0.022,0.022,-1,Echolocation,/mnt/ubna_data_02_mir/recover-20220922/UBNA_001/20220921_090000.WAV,Telephone Field,recover-20220922,001,1795
1360.9795,1360.9871,28906,36197,Eptesicus serotinus,0.009,0.026,-1,Echolocation,/mnt/ubna_data_02_mir/recover-20220922/UBNA_001/20220921_090000.WAV,Telephone Field,recover-20220922,001,1795
1360.9975,1361.0375,68437,82904,Rhinolophus ferrumequinum,0.022,0.022,-1,Echolocation,/mnt/ubna_data_02_mir/recover-20220922/UBNA_001/20220921_090000.WAV,Telephone Field,recover-20220922,001,1795
1361.0185,1361.057,68437,81876,Rhinolophus ferrumequinum,0.022,0.022,-1,Echolocation,/mnt/ubna_data_02_mir/recover-20220922/UBNA_001/20220921_090000.WAV,Telephone Field,recover-20220922,001,1795
1361.0445,1361.054,22890,28904,Nyctalus leisleri,0.009,0.024,-1,Echolocation,/mnt/ubna_data_02_mir/recover-20220922/UBNA_001/20220921_090000.WAV,Telephone Field,recover-20220922,001,1795
1361.0675,1361.0799,22031,25965,Nyctalus leisleri,0.013,0.023,-1,Echolocation,/mnt/ubna_data_02_mir/recover-20220922/UBNA_001/20220921_090000.WAV,Telephone Field,recover-20220922,001,1795
1361.1005,1361.1346,68437,80897,Rhinolophus ferrumequinum,0.023,0.023,-1,Echolocation,/mnt/ubna_data_02_mir/recover-20220922/UBNA_001/20220921_090000.WAV,Telephone Field,recover-20220922,001,1795
1361.1095,1361.1175,25468,34263,Eptesicus serotinus,0.008,0.021,-1,Echolocation,/mnt/ubna_data_02_mir/recover-20220922/UBNA_001/20220921_090000.WAV,Telephone Field,recover-20220922,001,1795
1361.1255,1361.1634,68437,82111,Rhinolophus ferrumequinum,0.021,0.021,-1,Echolocation,/mnt/ubna_data_02_mir/recover-20220922/UBNA_001/20220921_090000.WAV,Telephone Field,recover-20220922,001,1795
1361.1375,1361.15,23750,29356,Nyctalus leisleri,0.015,0.03,-1,Echolocation,/mnt/ubna_data_02_mir/recover-20220922/UBNA_001/20220921_090000.WAV,Telephone Field,recover-20220922,001,1795
1361.1475,1361.1549,28906,39853,Eptesicus serotinus,0.007,0.021,-1,Echolocation,/mnt/ubna_data_02_mir/recover-20220922/UBNA_001/20220921_090000.WAV,Telephone Field,recover-20220922,001,1795
1361.1525,1361.187,68437,81859,Rhinolophus ferrumequinum,0.022,0.022,-1,Echolocation,/mnt/ubna_data_02_mir/recover-20220922/UBNA_001/20220921_090000.WAV,Telephone Field,recover-20220922,001,1795
1361.1875,1361.2276,68437,82586,Rhinolophus ferrumequinum,0.042,0.042,-1,Echolocation,/mnt/ubna_data_02_mir/recover-20220922/UBNA_001/20220921_090000.WAV,Telephone Field,recover-20220922,001,1795
1361.2155,1361.2585,68437,82806,Rhinolophus ferrumequinum,0.056,0.056,-1,Echolocation,/mnt/ubna_data_02_mir/recover-20220922/UBNA_001/20220921_090000.WAV,Telephone Field,recover-20220922,001,1795
1361.2385,1361.2794,68437,82275,Rhinolophus ferrumequinum,0.025,0.025,-1,Echolocation,/mnt/ubna_data_02_mir/recover-20220922/UBNA_001/20220921_090000.WAV,Telephone Field,recover-20220922,001,1795
1361.2605,1361.3021,68437,82692,Rhinolophus ferrumequinum,0.026,0.026,-1,Echolocation,/mnt/ubna_data_02_mir/recover-20220922/UBNA_001/20220921_090000.WAV,Telephone Field,recover-20220922,001,1795
1361.2915,1361.3328,68437,83127,Rhinolophus ferrumequinum,0.037,0.037,-1,Echolocation,/mnt/ubna_data_02_mir/recover-20220922/UBNA_001/20220921_090000.WAV,Telephone Field,recover-20220922,001,1795
1361.3075,1361.3477,68437,82322,Rhinolophus ferrumequinum,0.029,0.029,-1,Echolocation,/mnt/ubna_data_02_mir/recover-20220922/UBNA_001/20220921_090000.WAV,Telephone Field,recover-20220922,001,1795
1361.3125,1361.3208,26328,38796,Eptesicus serotinus,0.007,0.021,-1,Echolocation,/mnt/ubna_data_02_mir/recover-20220922/UBNA_001/20220921_090000.WAV,Telephone Field,recover-20220922,001,1795
1361.3175,1361.3559,68437,82282,Rhinolophus ferrumequinum,0.022,0.022,-1,Echolocation,/mnt/ubna_data_02_mir/recover-20220922/UBNA_001/20220921_090000.WAV,Telephone Field,recover-20220922,001,1795
1361.3405,1361.3488,50390,57711,Pipistrellus pipistrellus,0.022,0.025,-1,Echolocation,/mnt/ubna_data_02_mir/recover-20220922/UBNA_001/20220921_090000.WAV,Telephone Field,recover-20220922,001,1795
1361.4135,1361.4531,68437,83215,Rhinolophus ferrumequinum,0.027,0.027,-1,Echolocation,/mnt/ubna_data_02_mir/recover-20220922/UBNA_001/20220921_090000.WAV,Telephone Field,recover-20220922,001,1795
1361.4135,1361.4225,28046,36829,Eptesicus serotinus,0.008,0.021,-1,Echolocation,/mnt/ubna_data_02_mir/recover-20220922/UBNA_001/20220921_090000.WAV,Telephone Field,recover-20220922,001,1795
1361.4465,1361.4872,68437,82399,Rhinolophus ferrumequinum,0.021,0.021,-1,Echolocation,/mnt/ubna_data_02_mir/recover-20220922/UBNA_001/20220921_090000.WAV,Telephone Field,recover-20220922,001,1795
1361.4525,1361.4919,68437,82107,Rhinolophus ferrumequinum,0.021,0.021,-1,Echolocation,/mnt/ubna_data_02_mir/recover-20220922/UBNA_001/20220921_090000.WAV,Telephone Field,recover-20220922,001,1795
1361.4645,1361.5045,68437,82955,Rhinolophus ferrumequinum,0.026,0.026,-1,Echolocation,/mnt/ubna_data_02_mir/recover-20220922/UBNA_001/20220921_090000.WAV,Telephone Field,recover-20220922,001,1795
1361.4895,1361.5308,68437,82738,Rhinolophus ferrumequinum,0.03,0.03,-1,Echolocation,/mnt/ubna_data_02_mir/recover-20220922/UBNA_001/20220921_090000.WAV,Telephone Field,recover-20220922,001,1795
1361.6225,1361.63,46953,57246,Pipistrellus pipistrellus,0.014,0.024,-1,Echolocation,/mnt/ubna_data_02_mir/recover-20220922/UBNA_001/20220921_090000.WAV,Telephone Field,recover-20220922,001,1795
1361.6255,1361.6344,31484,43237,Myotis daubentonii,0.006,0.021,-1,Echolocation,/mnt/ubna_data_02_mir/recover-20220922/UBNA_001/20220921_090000.WAV,Telephone Field,recover-20220922,001,1795
1361.6455,1361.6863,68437,83123,Rhinolophus ferrumequinum,0.025,0.025,-1,Echolocation,/mnt/ubna_data_02_mir/recover-20220922/UBNA_001/20220921_090000.WAV,Telephone Field,recover-20220922,001,1795
1361.6485,1361.6585,38359,45274,Pipistrellus nathusii,0.006,0.021,-1,Echolocation,/mnt/ubna_data_02_mir/recover-20220922/UBNA_001/20220921_090000.WAV,Telephone Field,recover-20220922,001,1795
1361.6795,1361.7152,68437,81662,Rhinolophus ferrumequinum,0.022,0.022,-1,Echolocation,/mnt/ubna_data_02_mir/recover-20220922/UBNA_001/20220921_090000.WAV,Telephone Field,recover-20220922,001,1795
1361.6855,1361.6935,38359,46483,Myotis daubentonii,0.009,0.025,-1,Echolocation,/mnt/ubna_data_02_mir/recover-20220922/UBNA_001/20220921_090000.WAV,Telephone Field,recover-20220922,001,1795
1361.6885,1361.7269000000001,68437,82461,Rhinolophus ferrumequinum,0.022,0.022,-1,Echolocation,/mnt/ubna_data_02_mir/recover-20220922/UBNA_001/20220921_090000.WAV,Telephone Field,recover-20220922,001,1795
1361.7045,1361.7447,68437,82042,Rhinolophus ferrumequinum,0.025,0.025,-1,Echolocation,/mnt/ubna_data_02_mir/recover-20220922/UBNA_001/20220921_090000.WAV,Telephone Field,recover-20220922,001,1795
1361.7465,1361.7566,28046,36091,Eptesicus serotinus,0.011,0.022,-1,Echolocation,/mnt/ubna_data_02_mir/recover-20220922/UBNA_001/20220921_090000.WAV,Telephone Field,recover-20220922,001,1795
1361.7735,1361.783,24609,32014,Eptesicus serotinus,0.008,0.025,-1,Echolocation,/mnt/ubna_data_02_mir/recover-20220922/UBNA_001/20220921_090000.WAV,Telephone Field,recover-20220922,001,1795
1361.7915,1361.7992,28046,40877,Eptesicus serotinus,0.01,0.025,-1,Echolocation,/mnt/ubna_data_02_mir/recover-20220922/UBNA_001/20220921_090000.WAV,Telephone Field,recover-20220922,001,1795
1361.8045,1361.8458,68437,82849,Rhinolophus ferrumequinum,0.03,0.03,-1,Echolocation,/mnt/ubna_data_02_mir/recover-20220922/UBNA_001/20220921_090000.WAV,Telephone Field,recover-20220922,001,1795
1361.8135,1361.852,68437,82215,Rhinolophus ferrumequinum,0.023,0.023,-1,Echolocation,/mnt/ubna_data_02_mir/recover-20220922/UBNA_001/20220921_090000.WAV,Telephone Field,recover-20220922,001,1795
1361.8445,1361.8841,68437,82643,Rhinolophus ferrumequinum,0.033,0.033,-1,Echolocation,/mnt/ubna_data_02_mir/recover-20220922/UBNA_001/20220921_090000.WAV,Telephone Field,recover-20220922,001,1795
1361.8835,1361.8932,26328,34634,Eptesicus serotinus,0.01,0.025,-1,Echolocation,/mnt/ubna_data_02_mir/recover-20220922/UBNA_001/20220921_090000.WAV,Telephone Field,recover-20220922,001,1795
1361.8855,1361.9237,68437,81593,Rhinolophus ferrumequinum,0.027,0.027,-1,Echolocation,/mnt/ubna_data_02_mir/recover-20220922/UBNA_001/20220921_090000.WAV,Telephone Field,recover-20220922,001,1795
1361.9035,1361.9396,68437,81610,Rhinolophus ferrumequinum,0.023,0.023,-1,Echolocation,/mnt/ubna_data_02_mir/recover-20220922/UBNA_001/20220921_090000.WAV,Telephone Field,recover-20220922,001,1795
1361.9125,1361.9529,68437,82173,Rhinolophus ferrumequinum,0.025,0.025,-1,Echolocation,/mnt/ubna_data_02_mir/recover-20220922/UBNA_001/20220921_090000.WAV,Telephone Field,recover-20220922,001,1795
1361.9155,1361.9253,28046,37069,Eptesicus serotinus,0.009,0.023,-1,Echolocation,/mnt/ubna_data_02_mir/recover-20220922/UBNA_001/20220921_090000.WAV,Telephone Field,recover-20220922,001,1795
1361.9195,1361.9584,68437,82236,Rhinolophus ferrumequinum,0.024,0.024,-1,Echolocation,/mnt/ubna_data_02_mir/recover-20220922/UBNA_001/20220921_090000.WAV,Telephone Field,recover-20220922,001,1795
1361.9345,1361.9422,28046,39273,Eptesicus serotinus,0.008,0.022,-1,Echolocation,/mnt/ubna_data_02_mir/recover-20220922/UBNA_001/20220921_090000.WAV,Telephone Field,recover-20220922,001,1795
1361.9555,1361.9939,68437,81586,Rhinolophus ferrumequinum,0.024,0.024,-1,Echolocation,/mnt/ubna_data_02_mir/recover-20220922/UBNA_001/20220921_090000.WAV,Telephone Field,recover-20220922,001,1795
1362.0015,1362.0329,68437,79547,Rhinolophus ferrumequinum,0.031,0.031,-1,Echolocation,/mnt/ubna_data_02_mir/recover-20220922/UBNA_001/20220921_090000.WAV,Telephone Field,recover-20220922,001,1795
1362.0015,1362.0111,22031,28873,Nyctalus leisleri,0.01,0.027,-1,Echolocation,/mnt/ubna_data_02_mir/recover-20220922/UBNA_001/20220921_090000.WAV,Telephone Field,recover-20220922,001,1795
1362.0015,1362.0104,47812,52952,Pipistrellus pipistrellus,0.016,0.021,-1,Echolocation,/mnt/ubna_data_02_mir/recover-20220922/UBNA_001/20220921_090000.WAV,Telephone Field,recover-20220922,001,1795
1362.0525,1362.0633,44375,48751,Pipistrellus pipistrellus,0.023,0.026,-1,Echolocation,/mnt/ubna_data_02_mir/recover-20220922/UBNA_001/20220921_090000.WAV,Telephone Field,recover-20220922,001,1795
1362.0865,1362.1241,68437,82057,Rhinolophus ferrumequinum,0.022,0.022,-1,Echolocation,/mnt/ubna_data_02_mir/recover-20220922/UBNA_001/20220921_090000.WAV,Telephone Field,recover-20220922,001,1795
1362.0895,1362.0989,27187,39230,Eptesicus serotinus,0.009,0.022,-1,Echolocation,/mnt/ubna_data_02_mir/recover-20220922/UBNA_001/20220921_090000.WAV,Telephone Field,recover-20220922,001,1795
1362.0945,1362.134,68437,83053,Rhinolophus ferrumequinum,0.024,0.024,-1,Echolocation,/mnt/ubna_data_02_mir/recover-20220922/UBNA_001/20220921_090000.WAV,Telephone Field,recover-20220922,001,1795
1362.1145,1362.1513,68437,81979,Rhinolophus ferrumequinum,0.024,0.024,-1,Echolocation,/mnt/ubna_data_02_mir/recover-20220922/UBNA_001/20220921_090000.WAV,Telephone Field,recover-20220922,001,1795
1362.1315,1362.1696,68437,82450,Rhinolophus ferrumequinum,0.026,0.027,-1,Echolocation,/mnt/ubna_data_02_mir/recover-20220922/UBNA_001/20220921_090000.WAV,Telephone Field,recover-20220922,001,1795
1362.1405,1362.1489,28046,38788,Eptesicus serotinus,0.008,0.021,-1,Echolocation,/mnt/ubna_data_02_mir/recover-20220922/UBNA_001/20220921_090000.WAV,Telephone Field,recover-20220922,001,1795
1362.2035,1362.2139,23750,29995,Nyctalus leisleri,0.008,0.021,-1,Echolocation,/mnt/ubna_data_02_mir/recover-20220922/UBNA_001/20220921_090000.WAV,Telephone Field,recover-20220922,001,1795
1362.2485,1362.2855,68437,81291,Rhinolophus ferrumequinum,0.022,0.022,-1,Echolocation,/mnt/ubna_data_02_mir/recover-20220922/UBNA_001/20220921_090000.WAV,Telephone Field,recover-20220922,001,1795
1362.2525,1362.2597,25468,36500,Eptesicus serotinus,0.006,0.022,-1,Echolocation,/mnt/ubna_data_02_mir/recover-20220922/UBNA_001/20220921_090000.WAV,Telephone Field,recover-20220922,001,1795
1362.2995,1362.3367,68437,82016,Rhinolophus ferrumequinum,0.021,0.021,-1,Echolocation,/mnt/ubna_data_02_mir/recover-20220922/UBNA_001/20220921_090000.WAV,Telephone Field,recover-20220922,001,1795
1362.3335,1362.3712,68437,82569,Rhinolophus ferrumequinum,0.022,0.022,-1,Echolocation,/mnt/ubna_data_02_mir/recover-20220922/UBNA_001/20220921_090000.WAV,Telephone Field,recover-20220922,001,1795
1362.3515,1362.3578,47812,57144,Pipistrellus pipistrellus,0.021,0.024,-1,Echolocation,/mnt/ubna_data_02_mir/recover-20220922/UBNA_001/20220921_090000.WAV,Telephone Field,recover-20220922,001,1795
1362.3525,1362.3941,68437,82315,Rhinolophus ferrumequinum,0.023,0.023,-1,Echolocation,/mnt/ubna_data_02_mir/recover-20220922/UBNA_001/20220921_090000.WAV,Telephone Field,recover-20220922,001,1795
1362.3985,1362.4359,68437,81825,Rhinolophus ferrumequinum,0.021,0.021,-1,Echolocation,/mnt/ubna_data_02_mir/recover-20220922/UBNA_001/20220921_090000.WAV,Telephone Field,recover-20220922,001,1795
1362.4035,1362.4257,18593,21247,Nyctalus noctula,0.019,0.035,-1,Echolocation,/mnt/ubna_data_02_mir/recover-20220922/UBNA_001/20220921_090000.WAV,Telephone Field,recover-20220922,001,1795
1362.4315,1362.4385,24609,33412,Plecotus austriacus,0.009,0.025,-1,Echolocation,/mnt/ubna_data_02_mir/recover-20220922/UBNA_001/20220921_090000.WAV,Telephone Field,recover-20220922,001,1795
1362.4355,1362.4745,68437,82523,Rhinolophus ferrumequinum,0.026,0.026,-1,Echolocation,/mnt/ubna_data_02_mir/recover-20220922/UBNA_001/20220921_090000.WAV,Telephone Field,recover-20220922,001,1795
1362.4435,1362.4501,45234,51371,Pipistrellus pipistrellus,0.019,0.022,-1,Echolocation,/mnt/ubna_data_02_mir/recover-20220922/UBNA_001/20220921_090000.WAV,Telephone Field,recover-20220922,001,1795
1362.4555,1362.4969,68437,83046,Rhinolophus ferrumequinum,0.03,0.03,-1,Echolocation,/mnt/ubna_data_02_mir/recover-20220922/UBNA_001/20220921_090000.WAV,Telephone Field,recover-20220922,001,1795
1362.4825,1362.5192,68437,81610,Rhinolophus ferrumequinum,0.023,0.023,-1,Echolocation,/mnt/ubna_data_02_mir/recover-20220922/UBNA_001/20220921_090000.WAV,Telephone Field,recover-20220922,001,1795
1362.4915,1362.5057,22890,27857,Nyctalus leisleri,0.012,0.025,-1,Echolocation,/mnt/ubna_data_02_mir/recover-20220922/UBNA_001/20220921_090000.WAV,Telephone Field,recover-20220922,001,1795
1362.4935,1362.5328,68437,81986,Rhinolophus ferrumequinum,0.022,0.022,-1,Echolocation,/mnt/ubna_data_02_mir/recover-20220922/UBNA_001/20220921_090000.WAV,Telephone Field,recover-20220922,001,1795
1362.5115,1362.5232,38359,43289,Pipistrellus nathusii,0.008,0.022,-1,Echolocation,/mnt/ubna_data_02_mir/recover-20220922/UBNA_001/20220921_090000.WAV,Telephone Field,recover-20220922,001,1795
1362.5475,1362.5572,22890,28571,Nyctalus leisleri,0.008,0.021,-1,Echolocation,/mnt/ubna_data_02_mir/recover-20220922/UBNA_001/20220921_090000.WAV,Telephone Field,recover-20220922,001,1795
1362.5485,1362.5554,50390,55464,Pipistrellus pipistrellus,0.021,0.025,-1,Echolocation,/mnt/ubna_data_02_mir/recover-20220922/UBNA_001/20220921_090000.WAV,Telephone Field,recover-20220922,001,1795
1362.5705,1362.5908,21171,24839,Nyctalus noctula,0.029,0.064,-1,Echolocation,/mnt/ubna_data_02_mir/recover-20220922/UBNA_001/20220921_090000.WAV,Telephone Field,recover-20220922,001,1795
1362.5995,1362.6077,28046,37877,Eptesicus serotinus,0.007,0.022,-1,Echolocation,/mnt/ubna_data_02_mir/recover-20220922/UBNA_001/20220921_090000.WAV,Telephone Field,recover-20220922,001,1795
1362.6575,1362.6958,68437,82080,Rhinolophus ferrumequinum,0.021,0.022,-1,Echolocation,/mnt/ubna_data_02_mir/recover-20220922/UBNA_001/20220921_090000.WAV,Telephone Field,recover-20220922,001,1795
1362.6785,1362.7183,68437,82555,Rhinolophus ferrumequinum,0.024,0.024,-1,Echolocation,/mnt/ubna_data_02_mir/recover-20220922/UBNA_001/20220921_090000.WAV,Telephone Field,recover-20220922,001,1795
1362.7145,1362.7546,68437,81875,Rhinolophus ferrumequinum,0.023,0.023,-1,Echolocation,/mnt/ubna_data_02_mir/recover-20220922/UBNA_001/20220921_090000.WAV,Telephone Field,recover-20220922,001,1795
1362.7345,1362.745,24609,32425,Eptesicus serotinus,0.014,0.037,-1,Echolocation,/mnt/ubna_data_02_mir/recover-20220922/UBNA_001/20220921_090000.WAV,Telephone Field,recover-20220922,001,1795
1362.7575,1362.7968,68437,82282,Rhinolophus ferrumequinum,0.023,0.023,-1,Echolocation,/mnt/ubna_data_02_mir/recover-20220922/UBNA_001/20220921_090000.WAV,Telephone Field,recover-20220922,001,1795
1362.7695,1362.7798,28906,36010,Eptesicus serotinus,0.044,0.068,-1,Echolocation,/mnt/ubna_data_02_mir/recover-20220922/UBNA_001/20220921_090000.WAV,Telephone Field,recover-20220922,001,1795
1362.7805,1362.8181,68437,82550,Rhinolophus ferrumequinum,0.022,0.022,-1,Echolocation,/mnt/ubna_data_02_mir/recover-20220922/UBNA_001/20220921_090000.WAV,Telephone Field,recover-20220922,001,1795
1362.7955,1362.836,68437,82470,Rhinolophus ferrumequinum,0.022,0.022,-1,Echolocation,/mnt/ubna_data_02_mir/recover-20220922/UBNA_001/20220921_090000.WAV,Telephone Field,recover-20220922,001,1795
1362.8085,1362.8179,23750,31694,Nyctalus leisleri,0.008,0.029,-1,Echolocation,/mnt/ubna_data_02_mir/recover-20220922/UBNA_001/20220921_090000.WAV,Telephone Field,recover-20220922,001,1795
1362.8235,1362.8655,68437,82737,Rhinolophus ferrumequinum,0.022,0.022,-1,Echolocation,/mnt/ubna_data_02_mir/recover-20220922/UBNA_001/20220921_090000.WAV,Telephone Field,recover-20220922,001,1795
1362.8455,1362.8534,27187,40982,Eptesicus serotinus,0.008,0.024,-1,Echolocation,/mnt/ubna_data_02_mir/recover-20220922/UBNA_001/20220921_090000.WAV,Telephone Field,recover-20220922,001,1795
1362.8745,1362.8831,27187,37004,Eptesicus serotinus,0.008,0.024,-1,Echolocation,/mnt/ubna_data_02_mir/recover-20220922/UBNA_001/20220921_090000.WAV,Telephone Field,recover-20220922,001,1795
1362.9175,1362.957,68437,82418,Rhinolophus ferrumequinum,0.021,0.021,-1,Echolocation,/mnt/ubna_data_02_mir/recover-20220922/UBNA_001/20220921_090000.WAV,Telephone Field,recover-20220922,001,1795
1362.9585,1362.9678,28046,35927,Eptesicus serotinus,0.009,0.025,-1,Echolocation,/mnt/ubna_data_02_mir/recover-20220922/UBNA_001/20220921_090000.WAV,Telephone Field,recover-20220922,001,1795
1362.9585,1362.9983,68437,82229,Rhinolophus ferrumequinum,0.024,0.024,-1,Echolocation,/mnt/ubna_data_02_mir/recover-20220922/UBNA_001/20220921_090000.WAV,Telephone Field,recover-20220922,001,1795
1363.0055,1363.0404,68437,80847,Rhinolophus ferrumequinum,0.025,0.025,-1,Echolocation,/mnt/ubna_data_02_mir/recover-20220922/UBNA_001/20220921_090000.WAV,Telephone Field,recover-20220922,001,1795
1363.0475,1363.0577,28906,36561,Eptesicus serotinus,0.008,0.022,-1,Echolocation,/mnt/ubna_data_02_mir/recover-20220922/UBNA_001/20220921_090000.WAV,Telephone Field,recover-20220922,001,1795
1363.1285,1363.1377,28046,38254,Eptesicus serotinus,0.008,0.022,-1,Echolocation,/mnt/ubna_data_02_mir/recover-20220922/UBNA_001/20220921_090000.WAV,Telephone Field,recover-20220922,001,1795
1363.1405,1363.1846,68437,83299,Rhinolophus ferrumequinum,0.042,0.042,-1,Echolocation,/mnt/ubna_data_02_mir/recover-20220922/UBNA_001/20220921_090000.WAV,Telephone Field,recover-20220922,001,1795
1363.1585,1363.1697,23750,29347,Nyctalus leisleri,0.013,0.028,-1,Echolocation,/mnt/ubna_data_02_mir/recover-20220922/UBNA_001/20220921_090000.WAV,Telephone Field,recover-20220922,001,1795
1363.1795,1363.2149,68437,81158,Rhinolophus ferrumequinum,0.028,0.028,-1,Echolocation,/mnt/ubna_data_02_mir/recover-20220922/UBNA_001/20220921_090000.WAV,Telephone Field,recover-20220922,001,1795
1363.1885,1363.2232,68437,81756,Rhinolophus ferrumequinum,0.023,0.023,-1,Echolocation,/mnt/ubna_data_02_mir/recover-20220922/UBNA_001/20220921_090000.WAV,Telephone Field,recover-20220922,001,1795
1363.2035,1363.2424,68437,82781,Rhinolophus ferrumequinum,0.026,0.026,-1,Echolocation,/mnt/ubna_data_02_mir/recover-20220922/UBNA_001/20220921_090000.WAV,Telephone Field,recover-20220922,001,1795
1363.2225,1363.2614,68437,82097,Rhinolophus ferrumequinum,0.023,0.023,-1,Echolocation,/mnt/ubna_data_02_mir/recover-20220922/UBNA_001/20220921_090000.WAV,Telephone Field,recover-20220922,001,1795
1363.3095,1363.3196,27187,35381,Eptesicus serotinus,0.011,0.024,-1,Echolocation,/mnt/ubna_data_02_mir/recover-20220922/UBNA_001/20220921_090000.WAV,Telephone Field,recover-20220922,001,1795
1363.3105,1363.3491,68437,82030,Rhinolophus ferrumequinum,0.021,0.021,-1,Echolocation,/mnt/ubna_data_02_mir/recover-20220922/UBNA_001/20220921_090000.WAV,Telephone Field,recover-20220922,001,1795
1363.3645,1363.4044,68437,82690,Rhinolophus ferrumequinum,0.028,0.028,-1,Echolocation,/mnt/ubna_data_02_mir/recover-20220922/UBNA_001/20220921_090000.WAV,Telephone Field,recover-20220922,001,1795
1363.3665,1363.3764,24609,31621,Eptesicus serotinus,0.008,0.021,-1,Echolocation,/mnt/ubna_data_02_mir/recover-20220922/UBNA_001/20220921_090000.WAV,Telephone Field,recover-20220922,001,1795
1363.3775,1363.4193,68437,82574,Rhinolophus ferrumequinum,0.026,0.026,-1,Echolocation,/mnt/ubna_data_02_mir/recover-20220922/UBNA_001/20220921_090000.WAV,Telephone Field,recover-20220922,001,1795
1363.3815,1363.3919,28906,37417,Eptesicus serotinus,0.012,0.028,-1,Echolocation,/mnt/ubna_data_02_mir/recover-20220922/UBNA_001/20220921_090000.WAV,Telephone Field,recover-20220922,001,1795
1363.4075,1363.418,23750,30634,Nyctalus leisleri,0.01,0.026,-1,Echolocation,/mnt/ubna_data_02_mir/recover-20220922/UBNA_001/20220921_090000.WAV,Telephone Field,recover-20220922,001,1795
1363.4275,1363.4663,68437,82191,Rhinolophus ferrumequinum,0.022,0.022,-1,Echolocation,/mnt/ubna_data_02_mir/recover-20220922/UBNA_001/20220921_090000.WAV,Telephone Field,recover-20220922,001,1795
1363.4285,1363.4389,22890,28929,Nyctalus leisleri,0.01,0.026,-1,Echolocation,/mnt/ubna_data_02_mir/recover-20220922/UBNA_001/20220921_090000.WAV,Telephone Field,recover-20220922,001,1795
1363.4495,1363.491,68437,82843,Rhinolophus ferrumequinum,0.023,0.023,-1,Echolocation,/mnt/ubna_data_02_mir/recover-20220922/UBNA_001/20220921_090000.WAV,Telephone Field,recover-20220922,001,1795
1363.4575,1363.4682,22031,27257,Nyctalus leisleri,0.015,0.031,-1,Echolocation,/mnt/ubna_data_02_mir/recover-20220922/UBNA_001/20220921_090000.WAV,Telephone Field,recover-20220922,001,1795
1363.4645,1363.5039,68437,82375,Rhinolophus ferrumequinum,0.022,0.022,-1,Echolocation,/mnt/ubna_data_02_mir/recover-20220922/UBNA_001/20220921_090000.WAV,Telephone Field,recover-20220922,001,1795
1363.5345,1363.5428,25468,33781,Eptesicus serotinus,0.007,0.021,-1,Echolocation,/mnt/ubna_data_02_mir/recover-20220922/UBNA_001/20220921_090000.WAV,Telephone Field,recover-20220922,001,1795
1363.5515,1363.5929,68437,83411,Rhinolophus ferrumequinum,0.036,0.036,-1,Echolocation,/mnt/ubna_data_02_mir/recover-20220922/UBNA_001/20220921_090000.WAV,Telephone Field,recover-20220922,001,1795
1363.5675,1363.5756,28046,37048,Eptesicus serotinus,0.006,0.021,-1,Echolocation,/mnt/ubna_data_02_mir/recover-20220922/UBNA_001/20220921_090000.WAV,Telephone Field,recover-20220922,001,1795
1363.5775,1363.6179,68437,82333,Rhinolophus ferrumequinum,0.021,0.022,-1,Echolocation,/mnt/ubna_data_02_mir/recover-20220922/UBNA_001/20220921_090000.WAV,Telephone Field,recover-20220922,001,1795
1363.5965,1363.6395,68437,83150,Rhinolophus ferrumequinum,0.06,0.06,-1,Echolocation,/mnt/ubna_data_02_mir/recover-20220922/UBNA_001/20220921_090000.WAV,Telephone Field,recover-20220922,001,1795
1363.6165,1363.6373,20312,23997,Nyctalus noctula,0.019,0.039,-1,Echolocation,/mnt/ubna_data_02_mir/recover-20220922/UBNA_001/20220921_090000.WAV,Telephone Field,recover-20220922,001,1795
1363.6235,1363.6343,28906,35678,Eptesicus serotinus,0.017,0.032,-1,Echolocation,/mnt/ubna_data_02_mir/recover-20220922/UBNA_001/20220921_090000.WAV,Telephone Field,recover-20220922,001,1795
1363.6245,1363.6627,68437,81909,Rhinolophus ferrumequinum,0.023,0.023,-1,Echolocation,/mnt/ubna_data_02_mir/recover-20220922/UBNA_001/20220921_090000.WAV,Telephone Field,recover-20220922,001,1795
1363.6345,1363.6756,68437,82468,Rhinolophus ferrumequinum,0.022,0.022,-1,Echolocation,/mnt/ubna_data_02_mir/recover-20220922/UBNA_001/20220921_090000.WAV,Telephone Field,recover-20220922,001,1795
1363.6365,1363.6456,28906,38438,Eptesicus serotinus,0.009,0.023,-1,Echolocation,/mnt/ubna_data_02_mir/recover-20220922/UBNA_001/20220921_090000.WAV,Telephone Field,recover-20220922,001,1795
1363.6575,1363.6959,68437,81475,Rhinolophus ferrumequinum,0.022,0.022,-1,Echolocation,/mnt/ubna_data_02_mir/recover-20220922/UBNA_001/20220921_090000.WAV,Telephone Field,recover-20220922,001,1795
1363.6635,1363.7004,68437,81643,Rhinolophus ferrumequinum,0.024,0.024,-1,Echolocation,/mnt/ubna_data_02_mir/recover-20220922/UBNA_001/20220921_090000.WAV,Telephone Field,recover-20220922,001,1795
1363.7075,1363.7456,68437,81245,Rhinolophus ferrumequinum,0.021,0.021,-1,Echolocation,/mnt/ubna_data_02_mir/recover-20220922/UBNA_001/20220921_090000.WAV,Telephone Field,recover-20220922,001,1795
1363.7115,1363.7196,24609,33056,Plecotus austriacus,0.009,0.027,-1,Echolocation,/mnt/ubna_data_02_mir/recover-20220922/UBNA_001/20220921_090000.WAV,Telephone Field,recover-20220922,001,1795
1363.7305,1363.7675,68437,81835,Rhinolophus ferrumequinum,0.022,0.022,-1,Echolocation,/mnt/ubna_data_02_mir/recover-20220922/UBNA_001/20220921_090000.WAV,Telephone Field,recover-20220922,001,1795
1363.7365,1363.7749,68437,81908,Rhinolophus ferrumequinum,0.021,0.021,-1,Echolocation,/mnt/ubna_data_02_mir/recover-20220922/UBNA_001/20220921_090000.WAV,Telephone Field,recover-20220922,001,1795
1363.7835,1363.7933,28046,36630,Eptesicus serotinus,0.011,0.024,-1,Echolocation,/mnt/ubna_data_02_mir/recover-20220922/UBNA_001/20220921_090000.WAV,Telephone Field,recover-20220922,001,1795
1363.8205,1363.8623,68437,82571,Rhinolophus ferrumequinum,0.024,0.024,-1,Echolocation,/mnt/ubna_data_02_mir/recover-20220922/UBNA_001/20220921_090000.WAV,Telephone Field,recover-20220922,001,1795
1363.8285,1363.8369,28046,42351,Eptesicus serotinus,0.01,0.026,-1,Echolocation,/mnt/ubna_data_02_mir/recover-20220922/UBNA_001/20220921_090000.WAV,Telephone Field,recover-20220922,001,1795
1363.8535,1363.8904,68437,81868,Rhinolophus ferrumequinum,0.021,0.021,-1,Echolocation,/mnt/ubna_data_02_mir/recover-20220922/UBNA_001/20220921_090000.WAV,Telephone Field,recover-20220922,001,1795
1363.8595,1363.8671,28046,39038,Eptesicus serotinus,0.007,0.022,-1,Echolocation,/mnt/ubna_data_02_mir/recover-20220922/UBNA_001/20220921_090000.WAV,Telephone Field,recover-20220922,001,1795
1363.8945,1363.9348,68437,82790,Rhinolophus ferrumequinum,0.024,0.024,-1,Echolocation,/mnt/ubna_data_02_mir/recover-20220922/UBNA_001/20220921_090000.WAV,Telephone Field,recover-20220922,001,1795
1363.9075,1363.95,68437,82407,Rhinolophus ferrumequinum,0.022,0.022,-1,Echolocation,/mnt/ubna_data_02_mir/recover-20220922/UBNA_001/20220921_090000.WAV,Telephone Field,recover-20220922,001,1795
1363.9375,1363.9474,24609,31879,Eptesicus serotinus,0.007,0.022,-1,Echolocation,/mnt/ubna_data_02_mir/recover-20220922/UBNA_001/20220921_090000.WAV,Telephone Field,recover-20220922,001,1795
1363.9555,1363.9995,68437,83172,Rhinolophus ferrumequinum,0.053,0.053,-1,Echolocation,/mnt/ubna_data_02_mir/recover-20220922/UBNA_001/20220921_090000.WAV,Telephone Field,recover-20220922,001,1795
1363.9675,1363.9751,25468,34680,Eptesicus serotinus,0.006,0.023,-1,Echolocation,/mnt/ubna_data_02_mir/recover-20220922/UBNA_001/20220921_090000.WAV,Telephone Field,recover-20220922,001,1795
1364.0015,1364.0123,22890,30269,Nyctalus leisleri,0.014,0.042,-1,Echolocation,/mnt/ubna_data_02_mir/recover-20220922/UBNA_001/20220921_090000.WAV,Telephone Field,recover-20220922,001,1795
1364.0015,1364.034,68437,80331,Rhinolophus ferrumequinum,0.037,0.037,-1,Echolocation,/mnt/ubna_data_02_mir/recover-20220922/UBNA_001/20220921_090000.WAV,Telephone Field,recover-20220922,001,1795
1364.0355,1364.0465,22890,26916,Nyctalus leisleri,0.012,0.023,-1,Echolocation,/mnt/ubna_data_02_mir/recover-20220922/UBNA_001/20220921_090000.WAV,Telephone Field,recover-20220922,001,1795
1364.0835,1364.0913,32343,40948,Myotis daubentonii,0.01,0.031,-1,Echolocation,/mnt/ubna_data_02_mir/recover-20220922/UBNA_001/20220921_090000.WAV,Telephone Field,recover-20220922,001,1795
1364.1085,1364.1502,68437,82660,Rhinolophus ferrumequinum,0.026,0.026,-1,Echolocation,/mnt/ubna_data_02_mir/recover-20220922/UBNA_001/20220921_090000.WAV,Telephone Field,recover-20220922,001,1795
1364.1355,1364.1424,28046,40033,Eptesicus serotinus,0.012,0.033,-1,Echolocation,/mnt/ubna_data_02_mir/recover-20220922/UBNA_001/20220921_090000.WAV,Telephone Field,recover-20220922,001,1795
1364.1695,1364.1775,28046,38821,Eptesicus serotinus,0.007,0.021,-1,Echolocation,/mnt/ubna_data_02_mir/recover-20220922/UBNA_001/20220921_090000.WAV,Telephone Field,recover-20220922,001,1795
1364.1805,1364.2166,68437,81457,Rhinolophus ferrumequinum,0.022,0.022,-1,Echolocation,/mnt/ubna_data_02_mir/recover-20220922/UBNA_001/20220921_090000.WAV,Telephone Field,recover-20220922,001,1795
1364.1835,1364.1929,22890,29238,Plecotus austriacus,0.01,0.028,-1,Echolocation,/mnt/ubna_data_02_mir/recover-20220922/UBNA_001/20220921_090000.WAV,Telephone Field,recover-20220922,001,1795
1364.1995,1364.239,68437,81768,Rhinolophus ferrumequinum,0.023,0.023,-1,Echolocation,/mnt/ubna_data_02_mir/recover-20220922/UBNA_001/20220921_090000.WAV,Telephone Field,recover-20220922,001,1795
1364.2075,1364.2222,22031,25296,Nyctalus leisleri,0.017,0.026,-1,Echolocation,/mnt/ubna_data_02_mir/recover-20220922/UBNA_001/20220921_090000.WAV,Telephone Field,recover-20220922,001,1795
1364.2145,1364.2528,68437,81881,Rhinolophus ferrumequinum,0.023,0.023,-1,Echolocation,/mnt/ubna_data_02_mir/recover-20220922/UBNA_001/20220921_090000.WAV,Telephone Field,recover-20220922,001,1795
1364.2205,1364.2286,28906,37316,Eptesicus serotinus,0.008,0.024,-1,Echolocation,/mnt/ubna_data_02_mir/recover-20220922/UBNA_001/20220921_090000.WAV,Telephone Field,recover-20220922,001,1795
1364.2335,1364.2732,68437,83312,Rhinolophus ferrumequinum,0.03,0.03,-1,Echolocation,/mnt/ubna_data_02_mir/recover-20220922/UBNA_001/20220921_090000.WAV,Telephone Field,recover-20220922,001,1795
1364.3195,1364.3582,68437,81750,Rhinolophus ferrumequinum,0.024,0.024,-1,Echolocation,/mnt/ubna_data_02_mir/recover-20220922/UBNA_001/20220921_090000.WAV,Telephone Field,recover-20220922,001,1795
1364.3225,1364.3307,28046,38192,Eptesicus serotinus,0.007,0.021,-1,Echolocation,/mnt/ubna_data_02_mir/recover-20220922/UBNA_001/20220921_090000.WAV,Telephone Field,recover-20220922,001,1795
1364.3365,1364.3716,68437,81314,Rhinolophus ferrumequinum,0.021,0.021,-1,Echolocation,/mnt/ubna_data_02_mir/recover-20220922/UBNA_001/20220921_090000.WAV,Telephone Field,recover-20220922,001,1795
1364.3905,1364.4,23750,30792,Nyctalus leisleri,0.006,0.021,-1,Echolocation,/mnt/ubna_data_02_mir/recover-20220922/UBNA_001/20220921_090000.WAV,Telephone Field,recover-20220922,001,1795
1364.3975,1364.4346,68437,81522,Rhinolophus ferrumequinum,0.02,0.02,-1,Echolocation,/mnt/ubna_data_02_mir/recover-20220922/UBNA_001/20220921_090000.WAV,Telephone Field,recover-20220922,001,1795
1364.4215,1364.4561,68437,80944,Rhinolophus ferrumequinum,0.021,0.021,-1,Echolocation,/mnt/ubna_data_02_mir/recover-20220922/UBNA_001/20220921_090000.WAV,Telephone Field,recover-20220922,001,1795
1364.4255,1364.4377,22031,26415,Nyctalus leisleri,0.013,0.026,-1,Echolocation,/mnt/ubna_data_02_mir/recover-20220922/UBNA_001/20220921_090000.WAV,Telephone Field,recover-20220922,001,1795
1364.4455,1364.4824,68437,81847,Rhinolophus ferrumequinum,0.021,0.021,-1,Echolocation,/mnt/ubna_data_02_mir/recover-20220922/UBNA_001/20220921_090000.WAV,Telephone Field,recover-20220922,001,1795
1364.4785,1364.5169,68437,82683,Rhinolophus ferrumequinum,0.034,0.034,-1,Echolocation,/mnt/ubna_data_02_mir/recover-20220922/UBNA_001/20220921_090000.WAV,Telephone Field,recover-20220922,001,1795
1364.5245,1364.565,68437,82390,Rhinolophus ferrumequinum,0.023,0.023,-1,Echolocation,/mnt/ubna_data_02_mir/recover-20220922/UBNA_001/20220921_090000.WAV,Telephone Field,recover-20220922,001,1795
1364.5455,1364.5548,25468,33693,Eptesicus serotinus,0.008,0.024,-1,Echolocation,/mnt/ubna_data_02_mir/recover-20220922/UBNA_001/20220921_090000.WAV,Telephone Field,recover-20220922,001,1795
1364.5575,1364.5936,68437,81765,Rhinolophus ferrumequinum,0.023,0.023,-1,Echolocation,/mnt/ubna_data_02_mir/recover-20220922/UBNA_001/20220921_090000.WAV,Telephone Field,recover-20220922,001,1795
1364.5745,1364.5826,29765,39486,Eptesicus serotinus,0.007,0.021,-1,Echolocation,/mnt/ubna_data_02_mir/recover-20220922/UBNA_001/20220921_090000.WAV,Telephone Field,recover-20220922,001,1795
1364.5805,1364.6194,68437,82659,Rhinolophus ferrumequinum,0.022,0.022,-1,Echolocation,/mnt/ubna_data_02_mir/recover-20220922/UBNA_001/20220921_090000.WAV,Telephone Field,recover-20220922,001,1795
1364.6005,1364.6081,23750,32066,Plecotus austriacus,0.008,0.02,-1,Echolocation,/mnt/ubna_data_02_mir/recover-20220922/UBNA_001/20220921_090000.WAV,Telephone Field,recover-20220922,001,1795
1364.6145,1364.6528,68437,82091,Rhinolophus ferrumequinum,0.022,0.022,-1,Echolocation,/mnt/ubna_data_02_mir/recover-20220922/UBNA_001/20220921_090000.WAV,Telephone Field,recover-20220922,001,1795
1364.6155,1364.6227,28046,37784,Eptesicus serotinus,0.007,0.022,-1,Echolocation,/mnt/ubna_data_02_mir/recover-20220922/UBNA_001/20220921_090000.WAV,Telephone Field,recover-20220922,001,1795
1364.6255,1364.6638,68437,81398,Rhinolophus ferrumequinum,0.022,0.022,-1,Echolocation,/mnt/ubna_data_02_mir/recover-20220922/UBNA_001/20220921_090000.WAV,Telephone Field,recover-20220922,001,1795
1364.6505,1364.6911,68437,82639,Rhinolophus ferrumequinum,0.025,0.025,-1,Echolocation,/mnt/ubna_data_02_mir/recover-20220922/UBNA_001/20220921_090000.WAV,Telephone Field,recover-20220922,001,1795
1364.6615,1364.7001,68437,81991,Rhinolophus ferrumequinum,0.022,0.022,-1,Echolocation,/mnt/ubna_data_02_mir/recover-20220922/UBNA_001/20220921_090000.WAV,Telephone Field,recover-20220922,001,1795
1364.6645,1364.6733,28046,37039,Eptesicus serotinus,0.007,0.021,-1,Echolocation,/mnt/ubna_data_02_mir/recover-20220922/UBNA_001/20220921_090000.WAV,Telephone Field,recover-20220922,001,1795
1364.6775,1364.6888,23750,28873,Nyctalus leisleri,0.012,0.024,-1,Echolocation,/mnt/ubna_data_02_mir/recover-20220922/UBNA_001/20220921_090000.WAV,Telephone Field,recover-20220922,001,1795
1364.6865,1364.722,68437,81384,Rhinolophus ferrumequinum,0.023,0.023,-1,Echolocation,/mnt/ubna_data_02_mir/recover-20220922/UBNA_001/20220921_090000.WAV,Telephone Field,recover-20220922,001,1795
1364.7005,1364.7405,68437,82478,Rhinolophus ferrumequinum,0.023,0.023,-1,Echolocation,/mnt/ubna_data_02_mir/recover-20220922/UBNA_001/20220921_090000.WAV,Telephone Field,recover-20220922,001,1795
1364.7075,1364.7161,32343,40650,Myotis daubentonii,0.008,0.024,-1,Echolocation,/mnt/ubna_data_02_mir/recover-20220922/UBNA_001/20220921_090000.WAV,Telephone Field,recover-20220922,001,1795
1364.7085,1364.7172,28046,37655,Eptesicus serotinus,0.008,0.025,-1,Echolocation,/mnt/ubna_data_02_mir/recover-20220922/UBNA_001/20220921_090000.WAV,Telephone Field,recover-20220922,001,1795
1364.7175,1364.7565,68437,81801,Rhinolophus ferrumequinum,0.021,0.021,-1,Echolocation,/mnt/ubna_data_02_mir/recover-20220922/UBNA_001/20220921_090000.WAV,Telephone Field,recover-20220922,001,1795
1364.7355,1364.7419,27187,37195,Eptesicus serotinus,0.008,0.029,-1,Echolocation,/mnt/ubna_data_02_mir/recover-20220922/UBNA_001/20220921_090000.WAV,Telephone Field,recover-20220922,001,1795
1364.7725,1364.783,28046,35306,Eptesicus serotinus,0.013,0.026,-1,Echolocation,/mnt/ubna_data_02_mir/recover-20220922/UBNA_001/20220921_090000.WAV,Telephone Field,recover-20220922,001,1795
1364.7995,1364.8388,68437,81983,Rhinolophus ferrumequinum,0.024,0.024,-1,Echolocation,/mnt/ubna_data_02_mir/recover-20220922/UBNA_001/20220921_090000.WAV,Telephone Field,recover-20220922,001,1795
1364.8055,1364.8151,28046,37884,Eptesicus serotinus,0.011,0.026,-1,Echolocation,/mnt/ubna_data_02_mir/recover-20220922/UBNA_001/20220921_090000.WAV,Telephone Field,recover-20220922,001,1795
1364.8195,1364.829,27187,34456,Eptesicus serotinus,0.011,0.022,-1,Echolocation,/mnt/ubna_data_02_mir/recover-20220922/UBNA_001/20220921_090000.WAV,Telephone Field,recover-20220922,001,1795
1364.8295,1364.8463,22890,26229,Nyctalus leisleri,0.019,0.032,-1,Echolocation,/mnt/ubna_data_02_mir/recover-20220922/UBNA_001/20220921_090000.WAV,Telephone Field,recover-20220922,001,1795
1364.8515,1364.8949,68437,83442,Rhinolophus ferrumequinum,0.033,0.033,-1,Echolocation,/mnt/ubna_data_02_mir/recover-20220922/UBNA_001/20220921_090000.WAV,Telephone Field,recover-20220922,001,1795
1364.8665,1364.8761,28046,36056,Eptesicus serotinus,0.012,0.025,-1,Echolocation,/mnt/ubna_data_02_mir/recover-20220922/UBNA_001/20220921_090000.WAV,Telephone Field,recover-20220922,001,1795
1364.8785,1364.9174,68437,82249,Rhinolophus ferrumequinum,0.023,0.023,-1,Echolocation,/mnt/ubna_data_02_mir/recover-20220922/UBNA_001/20220921_090000.WAV,Telephone Field,recover-20220922,001,1795
1364.9015,1364.9397,68437,81679,Rhinolophus ferrumequinum,0.021,0.021,-1,Echolocation,/mnt/ubna_data_02_mir/recover-20220922/UBNA_001/20220921_090000.WAV,Telephone Field,recover-20220922,001,1795
1364.9345,1364.9433,28046,38469,Eptesicus serotinus,0.007,0.022,-1,Echolocation,/mnt/ubna_data_02_mir/recover-20220922/UBNA_001/20220921_090000.WAV,Telephone Field,recover-20220922,001,1795
1364.9625,1364.973,23750,28692,Nyctalus leisleri,0.01,0.021,-1,Echolocation,/mnt/ubna_data_02_mir/recover-20220922/UBNA_001/20220921_090000.WAV,Telephone Field,recover-20220922,001,1795
1364.9875,1364.9974,28046,37160,Eptesicus serotinus,0.01,0.021,-1,Echolocation,/mnt/ubna_data_02_mir/recover-20220922/UBNA_001/20220921_090000.WAV,Telephone Field,recover-20220922,001,1795
1365.0055,1365.0156,24609,31222,Nyctalus leisleri,0.008,0.021,-1,Echolocation,/mnt/ubna_data_02_mir/recover-20220922/UBNA_001/20220921_090000.WAV,Telephone Field,recover-20220922,001,1795
1365.0175,1365.0273,23750,29783,Nyctalus leisleri,0.008,0.02,-1,Echolocation,/mnt/ubna_data_02_mir/recover-20220922/UBNA_001/20220921_090000.WAV,Telephone Field,recover-20220922,001,1795
1365.0325,1365.0468,39218,42480,Pipistrellus nathusii,0.046,0.058,-1,Echolocation,/mnt/ubna_data_02_mir/recover-20220922/UBNA_001/20220921_090000.WAV,Telephone Field,recover-20220922,001,1795
1365.0365,1365.0723,68437,81808,Rhinolophus ferrumequinum,0.023,0.023,-1,Echolocation,/mnt/ubna_data_02_mir/recover-20220922/UBNA_001/20220921_090000.WAV,Telephone Field,recover-20220922,001,1795
1365.0755,1365.1116,68437,81426,Rhinolophus ferrumequinum,0.02,0.021,-1,Echolocation,/mnt/ubna_data_02_mir/recover-20220922/UBNA_001/20220921_090000.WAV,Telephone Field,recover-20220922,001,1795
1365.0805,1365.116,68437,81415,Rhinolophus ferrumequinum,0.021,0.021,-1,Echolocation,/mnt/ubna_data_02_mir/recover-20220922/UBNA_001/20220921_090000.WAV,Telephone Field,recover-20220922,001,1795
1365.1295,1365.1657,68437,81580,Rhinolophus ferrumequinum,0.021,0.021,-1,Echolocation,/mnt/ubna_data_02_mir/recover-20220922/UBNA_001/20220921_090000.WAV,Telephone Field,recover-20220922,001,1795
1365.1615,1365.1988,68437,81547,Rhinolophus ferrumequinum,0.02,0.02,-1,Echolocation,/mnt/ubna_data_02_mir/recover-20220922/UBNA_001/20220921_090000.WAV,Telephone Field,recover-20220922,001,1795
1365.2045,1365.2434,68437,81981,Rhinolophus ferrumequinum,0.025,0.025,-1,Echolocation,/mnt/ubna_data_02_mir/recover-20220922/UBNA_001/20220921_090000.WAV,Telephone Field,recover-20220922,001,1795
1365.2195,1365.26,68437,82317,Rhinolophus ferrumequinum,0.025,0.025,-1,Echolocation,/mnt/ubna_data_02_mir/recover-20220922/UBNA_001/20220921_090000.WAV,Telephone Field,recover-20220922,001,1795
1365.2505,1365.2863,68437,81301,Rhinolophus ferrumequinum,0.022,0.022,-1,Echolocation,/mnt/ubna_data_02_mir/recover-20220922/UBNA_001/20220921_090000.WAV,Telephone Field,recover-20220922,001,1795
1365.2875,1365.3266,68437,81465,Rhinolophus ferrumequinum,0.021,0.021,-1,Echolocation,/mnt/ubna_data_02_mir/recover-20220922/UBNA_001/20220921_090000.WAV,Telephone Field,recover-20220922,001,1795
1365.2885,1365.2968,23750,31785,Plecotus austriacus,0.008,0.021,-1,Echolocation,/mnt/ubna_data_02_mir/recover-20220922/UBNA_001/20220921_090000.WAV,Telephone Field,recover-20220922,001,1795
1365.2965,1365.3318,68437,81011,Rhinolophus ferrumequinum,0.021,0.021,-1,Echolocation,/mnt/ubna_data_02_mir/recover-20220922/UBNA_001/20220921_090000.WAV,Telephone Field,recover-20220922,001,1795
1365.3315,1365.3408,22890,29840,Plecotus austriacus,0.01,0.026,-1,Echolocation,/mnt/ubna_data_02_mir/recover-20220922/UBNA_001/20220921_090000.WAV,Telephone Field,recover-20220922,001,1795
1365.3535,1365.392,68437,82207,Rhinolophus ferrumequinum,0.023,0.024,-1,Echolocation,/mnt/ubna_data_02_mir/recover-20220922/UBNA_001/20220921_090000.WAV,Telephone Field,recover-20220922,001,1795
1365.3815,1365.3943,55546,60189,Pipistrellus pygmaeus,0.021,0.023,-1,Echolocation,/mnt/ubna_data_02_mir/recover-20220922/UBNA_001/20220921_090000.WAV,Telephone Field,recover-20220922,001,1795
1365.3915,1365.432,68437,82422,Rhinolophus ferrumequinum,0.021,0.021,-1,Echolocation,/mnt/ubna_data_02_mir/recover-20220922/UBNA_001/20220921_090000.WAV,Telephone Field,recover-20220922,001,1795
1365.4095,1365.4467,68437,80794,Rhinolophus ferrumequinum,0.022,0.022,-1,Echolocation,/mnt/ubna_data_02_mir/recover-20220922/UBNA_001/20220921_090000.WAV,Telephone Field,recover-20220922,001,1795
1365.4275,1365.4672,68437,82402,Rhinolophus ferrumequinum,0.021,0.021,-1,Echolocation,/mnt/ubna_data_02_mir/recover-20220922/UBNA_001/20220921_090000.WAV,Telephone Field,recover-20220922,001,1795
1365.4485,1365.4571,28046,40500,Eptesicus serotinus,0.009,0.023,-1,Echolocation,/mnt/ubna_data_02_mir/recover-20220922/UBNA_001/20220921_090000.WAV,Telephone Field,recover-20220922,001,1795
1365.4545,1365.4641,28906,36162,Eptesicus serotinus,0.01,0.026,-1,Echolocation,/mnt/ubna_data_02_mir/recover-20220922/UBNA_001/20220921_090000.WAV,Telephone Field,recover-20220922,001,1795
1365.4835,1365.5218,68437,82311,Rhinolophus ferrumequinum,0.032,0.032,-1,Echolocation,/mnt/ubna_data_02_mir/recover-20220922/UBNA_001/20220921_090000.WAV,Telephone Field,recover-20220922,001,1795
1365.5415,1365.584,68437,83438,Rhinolophus ferrumequinum,0.041,0.041,-1,Echolocation,/mnt/ubna_data_02_mir/recover-20220922/UBNA_001/20220921_090000.WAV,Telephone Field,recover-20220922,001,1795
1365.5635,1365.6012,68437,82197,Rhinolophus ferrumequinum,0.021,0.021,-1,Echolocation,/mnt/ubna_data_02_mir/recover-20220922/UBNA_001/20220921_090000.WAV,Telephone Field,recover-20220922,001,1795
1365.5725,1365.5792,28046,38586,Eptesicus serotinus,0.005,0.023,-1,Echolocation,/mnt/ubna_data_02_mir/recover-20220922/UBNA_001/20220921_090000.WAV,Telephone Field,recover-20220922,001,1795
1365.6035,1365.6419,68437,81870,Rhinolophus ferrumequinum,0.031,0.031,-1,Echolocation,/mnt/ubna_data_02_mir/recover-20220922/UBNA_001/20220921_090000.WAV,Telephone Field,recover-20220922,001,1795
1365.6735,1365.7122,68437,81968,Rhinolophus ferrumequinum,0.024,0.024,-1,Echolocation,/mnt/ubna_data_02_mir/recover-20220922/UBNA_001/20220921_090000.WAV,Telephone Field,recover-20220922,001,1795
1365.6865,1365.7267,68437,82277,Rhinolophus ferrumequinum,0.024,0.024,-1,Echolocation,/mnt/ubna_data_02_mir/recover-20220922/UBNA_001/20220921_090000.WAV,Telephone Field,recover-20220922,001,1795
1365.6905,1365.6996,25468,33896,Eptesicus serotinus,0.008,0.023,-1,Echolocation,/mnt/ubna_data_02_mir/recover-20220922/UBNA_001/20220921_090000.WAV,Telephone Field,recover-20220922,001,1795
1365.7095,1365.751,68437,83068,Rhinolophus ferrumequinum,0.028,0.028,-1,Echolocation,/mnt/ubna_data_02_mir/recover-20220922/UBNA_001/20220921_090000.WAV,Telephone Field,recover-20220922,001,1795
1365.7115,1365.7196,23750,31431,Plecotus austriacus,0.009,0.023,-1,Echolocation,/mnt/ubna_data_02_mir/recover-20220922/UBNA_001/20220921_090000.WAV,Telephone Field,recover-20220922,001,1795
1365.7215,1365.7295,28906,38591,Eptesicus serotinus,0.008,0.023,-1,Echolocation,/mnt/ubna_data_02_mir/recover-20220922/UBNA_001/20220921_090000.WAV,Telephone Field,recover-20220922,001,1795
1365.7495,1365.7916,68437,83449,Rhinolophus ferrumequinum,0.035,0.035,-1,Echolocation,/mnt/ubna_data_02_mir/recover-20220922/UBNA_001/20220921_090000.WAV,Telephone Field,recover-20220922,001,1795
1365.7595,1365.799,68437,81922,Rhinolophus ferrumequinum,0.021,0.021,-1,Echolocation,/mnt/ubna_data_02_mir/recover-20220922/UBNA_001/20220921_090000.WAV,Telephone Field,recover-20220922,001,1795
1365.7755,1365.8127,68437,81836,Rhinolophus ferrumequinum,0.021,0.021,-1,Echolocation,/mnt/ubna_data_02_mir/recover-20220922/UBNA_001/20220921_090000.WAV,Telephone Field,recover-20220922,001,1795
1365.7935,1365.8309,68437,81831,Rhinolophus ferrumequinum,0.023,0.023,-1,Echolocation,/mnt/ubna_data_02_mir/recover-20220922/UBNA_001/20220921_090000.WAV,Telephone Field,recover-20220922,001,1795
1365.7965,1365.8176,21171,24840,Nyctalus leisleri,0.021,0.045,-1,Echolocation,/mnt/ubna_data_02_mir/recover-20220922/UBNA_001/20220921_090000.WAV,Telephone Field,recover-20220922,001,1795
1365.8215,1365.858,68437,81582,Rhinolophus ferrumequinum,0.022,0.022,-1,Echolocation,/mnt/ubna_data_02_mir/recover-20220922/UBNA_001/20220921_090000.WAV,Telephone Field,recover-20220922,001,1795
1365.8315,1365.8681,68437,81608,Rhinolophus ferrumequinum,0.024,0.024,-1,Echolocation,/mnt/ubna_data_02_mir/recover-20220922/UBNA_001/20220921_090000.WAV,Telephone Field,recover-20220922,001,1795
1365.8435,1365.8798,68437,81390,Rhinolophus ferrumequinum,0.021,0.021,-1,Echolocation,/mnt/ubna_data_02_mir/recover-20220922/UBNA_001/20220921_090000.WAV,Telephone Field,recover-20220922,001,1795
1365.8695,1365.9109,68437,82826,Rhinolophus ferrumequinum,0.024,0.024,-1,Echolocation,/mnt/ubna_data_02_mir/recover-20220922/UBNA_001/20220921_090000.WAV,Telephone Field,recover-20220922,001,1795
1365.9135,1365.9529,68437,82125,Rhinolophus ferrumequinum,0.022,0.023,-1,Echolocation,/mnt/ubna_data_02_mir/recover-20220922/UBNA_001/20220921_090000.WAV,Telephone Field,recover-20220922,001,1795
1365.9365,1365.9427,23750,33089,Plecotus austriacus,0.012,0.025,-1,Echolocation,/mnt/ubna_data_02_mir/recover-20220922/UBNA_001/20220921_090000.WAV,Telephone Field,recover-20220922,001,1795
1366.0015,1366.0104,24609,34225,Nyctalus leisleri,0.007,0.026,-1,Echolocation,/mnt/ubna_data_02_mir/recover-20220922/UBNA_001/20220921_090000.WAV,Telephone Field,recover-20220922,001,1795
1366.0015,1366.0296,69296,80252,Rhinolophus ferrumequinum,0.044,0.045,-1,Echolocation,/mnt/ubna_data_02_mir/recover-20220922/UBNA_001/20220921_090000.WAV,Telephone Field,recover-20220922,001,1795
1366.0015,1366.0127,46953,51349,Pipistrellus pipistrellus,0.021,0.029,-1,Echolocation,/mnt/ubna_data_02_mir/recover-20220922/UBNA_001/20220921_090000.WAV,Telephone Field,recover-20220922,001,1795
1366.0125,1366.0217,14296,23552,Plecotus auritus,0.01,0.025,-1,Echolocation,/mnt/ubna_data_02_mir/recover-20220922/UBNA_001/20220921_090000.WAV,Telephone Field,recover-20220922,001,1795
1366.0155,1366.0225,24609,33673,Plecotus austriacus,0.008,0.028,-1,Echolocation,/mnt/ubna_data_02_mir/recover-20220922/UBNA_001/20220921_090000.WAV,Telephone Field,recover-20220922,001,1795
1366.0155,1366.0548,68437,82358,Rhinolophus ferrumequinum,0.023,0.023,-1,Echolocation,/mnt/ubna_data_02_mir/recover-20220922/UBNA_001/20220921_090000.WAV,Telephone Field,recover-20220922,001,1795
1366.0375,1366.078,68437,82721,Rhinolophus ferrumequinum,0.025,0.025,-1,Echolocation,/mnt/ubna_data_02_mir/recover-20220922/UBNA_001/20220921_090000.WAV,Telephone Field,recover-20220922,001,1795
1366.0695,1366.1091,68437,82365,Rhinolophus ferrumequinum,0.026,0.026,-1,Echolocation,/mnt/ubna_data_02_mir/recover-20220922/UBNA_001/20220921_090000.WAV,Telephone Field,recover-20220922,001,1795
1366.0775,1366.0855,50390,54391,Pipistrellus pipistrellus,0.021,0.025,-1,Echolocation,/mnt/ubna_data_02_mir/recover-20220922/UBNA_001/20220921_090000.WAV,Telephone Field,recover-20220922,001,1795
1366.0795,1366.0918,23750,29276,Nyctalus leisleri,0.014,0.03,-1,Echolocation,/mnt/ubna_data_02_mir/recover-20220922/UBNA_001/20220921_090000.WAV,Telephone Field,recover-20220922,001,1795
1366.1315,1366.1417,22890,28598,Nyctalus leisleri,0.011,0.024,-1,Echolocation,/mnt/ubna_data_02_mir/recover-20220922/UBNA_001/20220921_090000.WAV,Telephone Field,recover-20220922,001,1795
1366.1595,1366.1942,68437,81599,Rhinolophus ferrumequinum,0.026,0.026,-1,Echolocation,/mnt/ubna_data_02_mir/recover-20220922/UBNA_001/20220921_090000.WAV,Telephone Field,recover-20220922,001,1795
1366.1805,1366.1875,50390,55956,Pipistrellus pipistrellus,0.019,0.024,-1,Echolocation,/mnt/ubna_data_02_mir/recover-20220922/UBNA_001/20220921_090000.WAV,Telephone Field,recover-20220922,001,1795
1366.1815,1366.1897,25468,37683,Eptesicus serotinus,0.007,0.024,-1,Echolocation,/mnt/ubna_data_02_mir/recover-20220922/UBNA_001/20220921_090000.WAV,Telephone Field,recover-20220922,001,1795
1366.2015,1366.2314,67578,78384,Rhinolophus ferrumequinum,0.021,0.022,-1,Echolocation,/mnt/ubna_data_02_mir/recover-20220922/UBNA_001/20220921_090000.WAV,Telephone Field,recover-20220922,001,1795
1366.3085,1366.3462,68437,82165,Rhinolophus ferrumequinum,0.024,0.024,-1,Echolocation,/mnt/ubna_data_02_mir/recover-20220922/UBNA_001/20220921_090000.WAV,Telephone Field,recover-20220922,001,1795
1366.3415,1366.3518,28046,38141,Eptesicus serotinus,0.011,0.025,-1,Echolocation,/mnt/ubna_data_02_mir/recover-20220922/UBNA_001/20220921_090000.WAV,Telephone Field,recover-20220922,001,1795
1366.3425,1366.3496,48671,57708,Pipistrellus pipistrellus,0.019,0.024,-1,Echolocation,/mnt/ubna_data_02_mir/recover-20220922/UBNA_001/20220921_090000.WAV,Telephone Field,recover-20220922,001,1795
1366.3625,1366.4028,68437,82394,Rhinolophus ferrumequinum,0.03,0.031,-1,Echolocation,/mnt/ubna_data_02_mir/recover-20220922/UBNA_001/20220921_090000.WAV,Telephone Field,recover-20220922,001,1795
1366.3685,1366.4086,68437,83314,Rhinolophus ferrumequinum,0.031,0.031,-1,Echolocation,/mnt/ubna_data_02_mir/recover-20220922/UBNA_001/20220921_090000.WAV,Telephone Field,recover-20220922,001,1795
1366.4075,1366.4145,27187,38590,Eptesicus serotinus,0.006,0.023,-1,Echolocation,/mnt/ubna_data_02_mir/recover-20220922/UBNA_001/20220921_090000.WAV,Telephone Field,recover-20220922,001,1795
1366.4295,1366.4703,68437,82710,Rhinolophus ferrumequinum,0.023,0.024,-1,Echolocation,/mnt/ubna_data_02_mir/recover-20220922/UBNA_001/20220921_090000.WAV,Telephone Field,recover-20220922,001,1795
1366.4895,1366.5288,68437,82763,Rhinolophus ferrumequinum,0.028,0.028,-1,Echolocation,/mnt/ubna_data_02_mir/recover-20220922/UBNA_001/20220921_090000.WAV,Telephone Field,recover-20220922,001,1795
1366.5025,1366.52,15156,20974,Nyctalus noctula,0.022,0.03,-1,Echolocation,/mnt/ubna_data_02_mir/recover-20220922/UBNA_001/20220921_090000.WAV,Telephone Field,recover-20220922,001,1795
1366.5635,1366.6018,68437,82362,Rhinolophus ferrumequinum,0.031,0.031,-1,Echolocation,/mnt/ubna_data_02_mir/recover-20220922/UBNA_001/20220921_090000.WAV,Telephone Field,recover-20220922,001,1795
1366.5705,1366.5771,27187,40595,Eptesicus serotinus,0.006,0.023,-1,Echolocation,/mnt/ubna_data_02_mir/recover-20220922/UBNA_001/20220921_090000.WAV,Telephone Field,recover-20220922,001,1795
1366.6115,1366.622,22890,28438,Nyctalus leisleri,0.012,0.025,-1,Echolocation,/mnt/ubna_data_02_mir/recover-20220922/UBNA_001/20220921_090000.WAV,Telephone Field,recover-20220922,001,1795
1366.6155,1366.6517,68437,82306,Rhinolophus ferrumequinum,0.023,0.023,-1,Echolocation,/mnt/ubna_data_02_mir/recover-20220922/UBNA_001/20220921_090000.WAV,Telephone Field,recover-20220922,001,1795
1366.6415,1366.6538,38359,42684,Pipistrellus nathusii,0.037,0.045,-1,Echolocation,/mnt/ubna_data_02_mir/recover-20220922/UBNA_001/20220921_090000.WAV,Telephone Field,recover-20220922,001,1795
1366.7195,1366.7564,68437,81600,Rhinolophus ferrumequinum,0.025,0.025,-1,Echolocation,/mnt/ubna_data_02_mir/recover-20220922/UBNA_001/20220921_090000.WAV,Telephone Field,recover-20220922,001,1795
1366.7415,1366.7851,68437,83480,Rhinolophus ferrumequinum,0.041,0.041,-1,Echolocation,/mnt/ubna_data_02_mir/recover-20220922/UBNA_001/20220921_090000.WAV,Telephone Field,recover-20220922,001,1795
1366.7485,1366.759,40078,43824,Pipistrellus nathusii,0.019,0.027,-1,Echolocation,/mnt/ubna_data_02_mir/recover-20220922/UBNA_001/20220921_090000.WAV,Telephone Field,recover-20220922,001,1795
1366.7795,1366.7864,50390,55476,Pipistrellus pipistrellus,0.02,0.023,-1,Echolocation,/mnt/ubna_data_02_mir/recover-20220922/UBNA_001/20220921_090000.WAV,Telephone Field,recover-20220922,001,1795
1366.7815,1366.7896,27187,36730,Eptesicus serotinus,0.03,0.062,-1,Echolocation,/mnt/ubna_data_02_mir/recover-20220922/UBNA_001/20220921_090000.WAV,Telephone Field,recover-20220922,001,1795
1366.8155,1366.8517,68437,81955,Rhinolophus ferrumequinum,0.027,0.027,-1,Echolocation,/mnt/ubna_data_02_mir/recover-20220922/UBNA_001/20220921_090000.WAV,Telephone Field,recover-20220922,001,1795
1366.8475,1366.8568,42656,46326,Pipistrellus pipistrellus,0.027,0.034,-1,Echolocation,/mnt/ubna_data_02_mir/recover-20220922/UBNA_001/20220921_090000.WAV,Telephone Field,recover-20220922,001,1795
1366.8665,1366.9077,68437,83126,Rhinolophus ferrumequinum,0.028,0.028,-1,Echolocation,/mnt/ubna_data_02_mir/recover-20220922/UBNA_001/20220921_090000.WAV,Telephone Field,recover-20220922,001,1795
1366.8865,1366.8934,27187,41196,Eptesicus serotinus,0.007,0.024,-1,Echolocation,/mnt/ubna_data_02_mir/recover-20220922/UBNA_001/20220921_090000.WAV,Telephone Field,recover-20220922,001,1795
1366.8885,1366.8946,31484,41432,Myotis daubentonii,0.01,0.024,-1,Echolocation,/mnt/ubna_data_02_mir/recover-20220922/UBNA_001/20220921_090000.WAV,Telephone Field,recover-20220922,001,1795
1366.9015,1366.9414,68437,82610,Rhinolophus ferrumequinum,0.025,0.025,-1,Echolocation,/mnt/ubna_data_02_mir/recover-20220922/UBNA_001/20220921_090000.WAV,Telephone Field,recover-20220922,001,1795
1366.9525,1366.9605,27187,39149,Eptesicus serotinus,0.007,0.022,-1,Echolocation,/mnt/ubna_data_02_mir/recover-20220922/UBNA_001/20220921_090000.WAV,Telephone Field,recover-20220922,001,1795
1366.9645,1367.0032,68437,81785,Rhinolophus ferrumequinum,0.03,0.03,-1,Echolocation,/mnt/ubna_data_02_mir/recover-20220922/UBNA_001/20220921_090000.WAV,Telephone Field,recover-20220922,001,1795
1366.9895,1367.0295,68437,82557,Rhinolophus ferrumequinum,0.023,0.023,-1,Echolocation,/mnt/ubna_data_02_mir/recover-20220922/UBNA_001/20220921_090000.WAV,Telephone Field,recover-20220922,001,1795
1366.9945,1367.0056,22890,27586,Nyctalus leisleri,0.016,0.031,-1,Echolocation,/mnt/ubna_data_02_mir/recover-20220922/UBNA_001/20220921_090000.WAV,Telephone Field,recover-20220922,001,1795
1367.0375,1367.0776,68437,82731,Rhinolophus ferrumequinum,0.024,0.024,-1,Echolocation,/mnt/ubna_data_02_mir/recover-20220922/UBNA_001/20220921_090000.WAV,Telephone Field,recover-20220922,001,1795
1367.0675,1367.1072,68437,82645,Rhinolophus ferrumequinum,0.024,0.024,-1,Echolocation,/mnt/ubna_data_02_mir/recover-20220922/UBNA_001/20220921_090000.WAV,Telephone Field,recover-20220922,001,1795
1367.1155,1367.1264,23750,30052,Nyctalus leisleri,0.012,0.028,-1,Echolocation,/mnt/ubna_data_02_mir/recover-20220922/UBNA_001/20220921_090000.WAV,Telephone Field,recover-20220922,001,1795
1367.1335,1367.1737,68437,82063,Rhinolophus ferrumequinum,0.024,0.024,-1,Echolocation,/mnt/ubna_data_02_mir/recover-20220922/UBNA_001/20220921_090000.WAV,Telephone Field,recover-20220922,001,1795
1367.1535,1367.1936,68437,82888,Rhinolophus ferrumequinum,0.048,0.048,-1,Echolocation,/mnt/ubna_data_02_mir/recover-20220922/UBNA_001/20220921_090000.WAV,Telephone Field,recover-20220922,001,1795
1367.1565,1367.1645,27187,41357,Eptesicus serotinus,0.008,0.023,-1,Echolocation,/mnt/ubna_data_02_mir/recover-20220922/UBNA_001/20220921_090000.WAV,Telephone Field,recover-20220922,001,1795
1367.1785,1367.2189,68437,82737,Rhinolophus ferrumequinum,0.033,0.033,-1,Echolocation,/mnt/ubna_data_02_mir/recover-20220922/UBNA_001/20220921_090000.WAV,Telephone Field,recover-20220922,001,1795
1367.2205,1367.2598,68437,82676,Rhinolophus ferrumequinum,0.029,0.029,-1,Echolocation,/mnt/ubna_data_02_mir/recover-20220922/UBNA_001/20220921_090000.WAV,Telephone Field,recover-20220922,001,1795
1367.2525,1367.2882,68437,81410,Rhinolophus ferrumequinum,0.029,0.029,-1,Echolocation,/mnt/ubna_data_02_mir/recover-20220922/UBNA_001/20220921_090000.WAV,Telephone Field,recover-20220922,001,1795
1367.2795,1367.3196,68437,82491,Rhinolophus ferrumequinum,0.028,0.028,-1,Echolocation,/mnt/ubna_data_02_mir/recover-20220922/UBNA_001/20220921_090000.WAV,Telephone Field,recover-20220922,001,1795
1367.2795,1367.2879,37500,44381,Pipistrellus nathusii,0.025,0.068,-1,Echolocation,/mnt/ubna_data_02_mir/recover-20220922/UBNA_001/20220921_090000.WAV,Telephone Field,recover-20220922,001,1795
1367.3245,1367.3655,68437,83031,Rhinolophus ferrumequinum,0.029,0.029,-1,Echolocation,/mnt/ubna_data_02_mir/recover-20220922/UBNA_001/20220921_090000.WAV,Telephone Field,recover-20220922,001,1795
1367.3285,1367.3374,28046,37038,Eptesicus serotinus,0.007,0.028,-1,Echolocation,/mnt/ubna_data_02_mir/recover-20220922/UBNA_001/20220921_090000.WAV,Telephone Field,recover-20220922,001,1795
1367.3425,1367.3504,28046,38739,Eptesicus serotinus,0.009,0.027,-1,Echolocation,/mnt/ubna_data_02_mir/recover-20220922/UBNA_001/20220921_090000.WAV,Telephone Field,recover-20220922,001,1795
1367.3535,1367.3939,68437,82231,Rhinolophus ferrumequinum,0.023,0.023,-1,Echolocation,/mnt/ubna_data_02_mir/recover-20220922/UBNA_001/20220921_090000.WAV,Telephone Field,recover-20220922,001,1795
1367.3855,1367.426,68437,82253,Rhinolophus ferrumequinum,0.028,0.028,-1,Echolocation,/mnt/ubna_data_02_mir/recover-20220922/UBNA_001/20220921_090000.WAV,Telephone Field,recover-20220922,001,1795
1367.4445,1367.4807,68437,82135,Rhinolophus ferrumequinum,0.023,0.023,-1,Echolocation,/mnt/ubna_data_02_mir/recover-20220922/UBNA_001/20220921_090000.WAV,Telephone Field,recover-20220922,001,1795
1367.4595,1367.4986,68437,82812,Rhinolophus ferrumequinum,0.034,0.034,-1,Echolocation,/mnt/ubna_data_02_mir/recover-20220922/UBNA_001/20220921_090000.WAV,Telephone Field,recover-20220922,001,1795
1367.4755,1367.4819,30625,51872,Myotis daubentonii,0.012,0.023,-1,Echolocation,/mnt/ubna_data_02_mir/recover-20220922/UBNA_001/20220921_090000.WAV,Telephone Field,recover-20220922,001,1795
1367.4775,1367.5178,68437,82634,Rhinolophus ferrumequinum,0.024,0.024,-1,Echolocation,/mnt/ubna_data_02_mir/recover-20220922/UBNA_001/20220921_090000.WAV,Telephone Field,recover-20220922,001,1795
1367.5205,1367.5609,68437,83261,Rhinolophus ferrumequinum,0.033,0.033,-1,Echolocation,/mnt/ubna_data_02_mir/recover-20220922/UBNA_001/20220921_090000.WAV,Telephone Field,recover-20220922,001,1795
1367.5585,1367.5659,28046,41301,Eptesicus serotinus,0.008,0.024,-1,Echolocation,/mnt/ubna_data_02_mir/recover-20220922/UBNA_001/20220921_090000.WAV,Telephone Field,recover-20220922,001,1795
1367.5975,1367.6369,68437,82776,Rhinolophus ferrumequinum,0.039,0.039,-1,Echolocation,/mnt/ubna_data_02_mir/recover-20220922/UBNA_001/20220921_090000.WAV,Telephone Field,recover-20220922,001,1795
1367.6185,1367.6264,27187,38228,Eptesicus serotinus,0.007,0.022,-1,Echolocation,/mnt/ubna_data_02_mir/recover-20220922/UBNA_001/20220921_090000.WAV,Telephone Field,recover-20220922,001,1795
1367.6275,1367.665,68437,81905,Rhinolophus ferrumequinum,0.024,0.024,-1,Echolocation,/mnt/ubna_data_02_mir/recover-20220922/UBNA_001/20220921_090000.WAV,Telephone Field,recover-20220922,001,1795
1367.6445,1367.6818,68437,82390,Rhinolophus ferrumequinum,0.022,0.022,-1,Echolocation,/mnt/ubna_data_02_mir/recover-20220922/UBNA_001/20220921_090000.WAV,Telephone Field,recover-20220922,001,1795
1367.6575,1367.6668,28046,36267,Eptesicus serotinus,0.008,0.023,-1,Echolocation,/mnt/ubna_data_02_mir/recover-20220922/UBNA_001/20220921_090000.WAV,Telephone Field,recover-20220922,001,1795
1367.6835,1367.695,22890,27823,Nyctalus leisleri,0.013,0.024,-1,Echolocation,/mnt/ubna_data_02_mir/recover-20220922/UBNA_001/20220921_090000.WAV,Telephone Field,recover-20220922,001,1795
1367.7085,1367.7189,28046,37121,Eptesicus serotinus,0.01,0.023,-1,Echolocation,/mnt/ubna_data_02_mir/recover-20220922/UBNA_001/20220921_090000.WAV,Telephone Field,recover-20220922,001,1795
1367.7155,1367.7558,68437,83049,Rhinolophus ferrumequinum,0.024,0.024,-1,Echolocation,/mnt/ubna_data_02_mir/recover-20220922/UBNA_001/20220921_090000.WAV,Telephone Field,recover-20220922,001,1795
1367.7235,1367.7602,68437,81860,Rhinolophus ferrumequinum,0.023,0.023,-1,Echolocation,/mnt/ubna_data_02_mir/recover-20220922/UBNA_001/20220921_090000.WAV,Telephone Field,recover-20220922,001,1795
1367.7405,1367.7819,68437,83373,Rhinolophus ferrumequinum,0.033,0.033,-1,Echolocation,/mnt/ubna_data_02_mir/recover-20220922/UBNA_001/20220921_090000.WAV,Telephone Field,recover-20220922,001,1795
1367.7795,1367.7869,24609,36414,Myotis nattereri,0.006,0.023,-1,Echolocation,/mnt/ubna_data_02_mir/recover-20220922/UBNA_001/20220921_090000.WAV,Telephone Field,recover-20220922,001,1795
1367.7805,1367.8189,68437,82133,Rhinolophus ferrumequinum,0.027,0.027,-1,Echolocation,/mnt/ubna_data_02_mir/recover-20220922/UBNA_001/20220921_090000.WAV,Telephone Field,recover-20220922,001,1795
1367.8045,1367.8123,28046,38973,Eptesicus serotinus,0.008,0.023,-1,Echolocation,/mnt/ubna_data_02_mir/recover-20220922/UBNA_001/20220921_090000.WAV,Telephone Field,recover-20220922,001,1795
1367.8395,1367.8829,68437,83132,Rhinolophus ferrumequinum,0.022,0.022,-1,Echolocation,/mnt/ubna_data_02_mir/recover-20220922/UBNA_001/20220921_090000.WAV,Telephone Field,recover-20220922,001,1795
1367.8545,1367.862,23750,32620,Plecotus austriacus,0.008,0.022,-1,Echolocation,/mnt/ubna_data_02_mir/recover-20220922/UBNA_001/20220921_090000.WAV,Telephone Field,recover-20220922,001,1795
1367.9105,1367.9524,68437,83171,Rhinolophus ferrumequinum,0.03,0.03,-1,Echolocation,/mnt/ubna_data_02_mir/recover-20220922/UBNA_001/20220921_090000.WAV,Telephone Field,recover-20220922,001,1795
1367.9355,1367.9421,27187,39594,Eptesicus serotinus,0.007,0.03,-1,Echolocation,/mnt/ubna_data_02_mir/recover-20220922/UBNA_001/20220921_090000.WAV,Telephone Field,recover-20220922,001,1795
1367.9525,1367.9639,22890,28271,Nyctalus leisleri,0.012,0.025,-1,Echolocation,/mnt/ubna_data_02_mir/recover-20220922/UBNA_001/20220921_090000.WAV,Telephone Field,recover-20220922,001,1795
1367.9745,1367.9859,28046,37771,Eptesicus serotinus,0.017,0.032,-1,Echolocation,/mnt/ubna_data_02_mir/recover-20220922/UBNA_001/20220921_090000.WAV,Telephone Field,recover-20220922,001,1795
1367.9775,1367.9863,15156,23991,Nyctalus noctula,0.01,0.023,-1,Echolocation,/mnt/ubna_data_02_mir/recover-20220922/UBNA_001/20220921_090000.WAV,Telephone Field,recover-20220922,001,1795
1368.0015,1368.0093,22890,30560,Nyctalus leisleri,0.008,0.028,-1,Echolocation,/mnt/ubna_data_02_mir/recover-20220922/UBNA_001/20220921_090000.WAV,Telephone Field,recover-20220922,001,1795
1368.0015,1368.031,69296,81015,Rhinolophus ferrumequinum,0.045,0.045,-1,Echolocation,/mnt/ubna_data_02_mir/recover-20220922/UBNA_001/20220921_090000.WAV,Telephone Field,recover-20220922,001,1795
1368.0075,1368.0448,68437,80712,Rhinolophus ferrumequinum,0.022,0.022,-1,Echolocation,/mnt/ubna_data_02_mir/recover-20220922/UBNA_001/20220921_090000.WAV,Telephone Field,recover-20220922,001,1795
1368.0315,1368.0736,68437,82769,Rhinolophus ferrumequinum,0.026,0.026,-1,Echolocation,/mnt/ubna_data_02_mir/recover-20220922/UBNA_001/20220921_090000.WAV,Telephone Field,recover-20220922,001,1795
1368.0555,1368.0918,68437,81630,Rhinolophus ferrumequinum,0.023,0.023,-1,Echolocation,/mnt/ubna_data_02_mir/recover-20220922/UBNA_001/20220921_090000.WAV,Telephone Field,recover-20220922,001,1795
1368.0705,1368.1089,68437,82609,Rhinolophus ferrumequinum,0.022,0.022,-1,Echolocation,/mnt/ubna_data_02_mir/recover-20220922/UBNA_001/20220921_090000.WAV,Telephone Field,recover-20220922,001,1795
1368.1005,1368.1381,68437,81582,Rhinolophus ferrumequinum,0.022,0.022,-1,Echolocation,/mnt/ubna_data_02_mir/recover-20220922/UBNA_001/20220921_090000.WAV,Telephone Field,recover-20220922,001,1795
1368.1035,1368.1104,27187,42542,Eptesicus serotinus,0.006,0.021,-1,Echolocation,/mnt/ubna_data_02_mir/recover-20220922/UBNA_001/20220921_090000.WAV,Telephone Field,recover-20220922,001,1795
1368.1065,1368.1455,68437,81864,Rhinolophus ferrumequinum,0.021,0.021,-1,Echolocation,/mnt/ubna_data_02_mir/recover-20220922/UBNA_001/20220921_090000.WAV,Telephone Field,recover-20220922,001,1795
1368.1315,1368.1725,68437,82666,Rhinolophus ferrumequinum,0.024,0.024,-1,Echolocation,/mnt/ubna_data_02_mir/recover-20220922/UBNA_001/20220921_090000.WAV,Telephone Field,recover-20220922,001,1795
1368.1385,1368.1782,68437,82982,Rhinolophus ferrumequinum,0.021,0.021,-1,Echolocation,/mnt/ubna_data_02_mir/recover-20220922/UBNA_001/20220921_090000.WAV,Telephone Field,recover-20220922,001,1795
1368.1505,1368.1583,23750,31660,Plecotus austriacus,0.008,0.021,-1,Echolocation,/mnt/ubna_data_02_mir/recover-20220922/UBNA_001/20220921_090000.WAV,Telephone Field,recover-20220922,001,1795
1368.1815,1368.1915,22890,29237,Nyctalus leisleri,0.008,0.023,-1,Echolocation,/mnt/ubna_data_02_mir/recover-20220922/UBNA_001/20220921_090000.WAV,Telephone Field,recover-20220922,001,1795
1368.2065,1368.2434,68437,82211,Rhinolophus ferrumequinum,0.03,0.03,-1,Echolocation,/mnt/ubna_data_02_mir/recover-20220922/UBNA_001/20220921_090000.WAV,Telephone Field,recover-20220922,001,1795
1368.2515,1368.2609,22890,29956,Plecotus austriacus,0.007,0.021,-1,Echolocation,/mnt/ubna_data_02_mir/recover-20220922/UBNA_001/20220921_090000.WAV,Telephone Field,recover-20220922,001,1795
1368.2525,1368.2986,68437,83452,Rhinolophus ferrumequinum,0.037,0.037,-1,Echolocation,/mnt/ubna_data_02_mir/recover-20220922/UBNA_001/20220921_090000.WAV,Telephone Field,recover-20220922,001,1795
1368.2645,1368.3036,68437,81836,Rhinolophus ferrumequinum,0.022,0.022,-1,Echolocation,/mnt/ubna_data_02_mir/recover-20220922/UBNA_001/20220921_090000.WAV,Telephone Field,recover-20220922,001,1795
1368.2895,1368.3295,68437,82464,Rhinolophus ferrumequinum,0.022,0.022,-1,Echolocation,/mnt/ubna_data_02_mir/recover-20220922/UBNA_001/20220921_090000.WAV,Telephone Field,recover-20220922,001,1795
1368.2985,1368.3075,29765,37402,Eptesicus serotinus,0.012,0.025,-1,Echolocation,/mnt/ubna_data_02_mir/recover-20220922/UBNA_001/20220921_090000.WAV,Telephone Field,recover-20220922,001,1795
1368.3225,1368.3569,68437,81156,Rhinolophus ferrumequinum,0.021,0.021,-1,Echolocation,/mnt/ubna_data_02_mir/recover-20220922/UBNA_001/20220921_090000.WAV,Telephone Field,recover-20220922,001,1795
1368.3295,1368.3637,68437,81812,Rhinolophus ferrumequinum,0.021,0.021,-1,Echolocation,/mnt/ubna_data_02_mir/recover-20220922/UBNA_001/20220921_090000.WAV,Telephone Field,recover-20220922,001,1795
1368.3605,1368.4018,68437,82764,Rhinolophus ferrumequinum,0.027,0.027,-1,Echolocation,/mnt/ubna_data_02_mir/recover-20220922/UBNA_001/20220921_090000.WAV,Telephone Field,recover-20220922,001,1795
1368.3775,1368.4176,68437,82439,Rhinolophus ferrumequinum,0.023,0.023,-1,Echolocation,/mnt/ubna_data_02_mir/recover-20220922/UBNA_001/20220921_090000.WAV,Telephone Field,recover-20220922,001,1795
1368.3805,1368.3919,23750,28681,Nyctalus leisleri,0.012,0.023,-1,Echolocation,/mnt/ubna_data_02_mir/recover-20220922/UBNA_001/20220921_090000.WAV,Telephone Field,recover-20220922,001,1795
1368.3905,1368.4286,68437,82127,Rhinolophus ferrumequinum,0.022,0.022,-1,Echolocation,/mnt/ubna_data_02_mir/recover-20220922/UBNA_001/20220921_090000.WAV,Telephone Field,recover-20220922,001,1795
1368.4255,1368.4618,68437,82027,Rhinolophus ferrumequinum,0.022,0.022,-1,Echolocation,/mnt/ubna_data_02_mir/recover-20220922/UBNA_001/20220921_090000.WAV,Telephone Field,recover-20220922,001,1795
1368.4345,1368.471,68437,81308,Rhinolophus ferrumequinum,0.022,0.022,-1,Echolocation,/mnt/ubna_data_02_mir/recover-20220922/UBNA_001/20220921_090000.WAV,Telephone Field,recover-20220922,001,1795
1368.4675,1368.5031,68437,81690,Rhinolophus ferrumequinum,0.029,0.029,-1,Echolocation,/mnt/ubna_data_02_mir/recover-20220922/UBNA_001/20220921_090000.WAV,Telephone Field,recover-20220922,001,1795
1368.5085,1368.5474,68437,82338,Rhinolophus ferrumequinum,0.025,0.025,-1,Echolocation,/mnt/ubna_data_02_mir/recover-20220922/UBNA_001/20220921_090000.WAV,Telephone Field,recover-20220922,001,1795
1368.5365,1368.5777,68437,82577,Rhinolophus ferrumequinum,0.023,0.023,-1,Echolocation,/mnt/ubna_data_02_mir/recover-20220922/UBNA_001/20220921_090000.WAV,Telephone Field,recover-20220922,001,1795
1368.5565,1368.5674,24609,30203,Nyctalus leisleri,0.01,0.024,-1,Echolocation,/mnt/ubna_data_02_mir/recover-20220922/UBNA_001/20220921_090000.WAV,Telephone Field,recover-20220922,001,1795
1368.5605,1368.5911,68437,79864,Rhinolophus ferrumequinum,0.038,0.038,-1,Echolocation,/mnt/ubna_data_02_mir/recover-20220922/UBNA_001/20220921_090000.WAV,Telephone Field,recover-20220922,001,1795
1368.5695,1368.5802,23750,30176,Nyctalus leisleri,0.012,0.03,-1,Echolocation,/mnt/ubna_data_02_mir/recover-20220922/UBNA_001/20220921_090000.WAV,Telephone Field,recover-20220922,001,1795
1368.5695,1368.6057,68437,81866,Rhinolophus ferrumequinum,0.027,0.027,-1,Echolocation,/mnt/ubna_data_02_mir/recover-20220922/UBNA_001/20220921_090000.WAV,Telephone Field,recover-20220922,001,1795
1368.6325,1368.6405,27187,38520,Eptesicus serotinus,0.008,0.022,-1,Echolocation,/mnt/ubna_data_02_mir/recover-20220922/UBNA_001/20220921_090000.WAV,Telephone Field,recover-20220922,001,1795
1368.6595,1368.6678,23750,31495,Plecotus austriacus,0.008,0.023,-1,Echolocation,/mnt/ubna_data_02_mir/recover-20220922/UBNA_001/20220921_090000.WAV,Telephone Field,recover-20220922,001,1795
1368.6805,1368.6884,27187,40915,Eptesicus serotinus,0.008,0.022,-1,Echolocation,/mnt/ubna_data_02_mir/recover-20220922/UBNA_001/20220921_090000.WAV,Telephone Field,recover-20220922,001,1795
1368.6825,1368.7205,68437,81580,Rhinolophus ferrumequinum,0.026,0.026,-1,Echolocation,/mnt/ubna_data_02_mir/recover-20220922/UBNA_001/20220921_090000.WAV,Telephone Field,recover-20220922,001,1795
1368.6945,1368.7383,68437,82895,Rhinolophus ferrumequinum,0.033,0.033,-1,Echolocation,/mnt/ubna_data_02_mir/recover-20220922/UBNA_001/20220921_090000.WAV,Telephone Field,recover-20220922,001,1795
1368.7055,1368.7182,23750,27943,Nyctalus leisleri,0.016,0.029,-1,Echolocation,/mnt/ubna_data_02_mir/recover-20220922/UBNA_001/20220921_090000.WAV,Telephone Field,recover-20220922,001,1795
1368.7375,1368.7477,23750,29861,Nyctalus leisleri,0.009,0.021,-1,Echolocation,/mnt/ubna_data_02_mir/recover-20220922/UBNA_001/20220921_090000.WAV,Telephone Field,recover-20220922,001,1795
1368.7375,1368.7747,68437,82410,Rhinolophus ferrumequinum,0.024,0.025,-1,Echolocation,/mnt/ubna_data_02_mir/recover-20220922/UBNA_001/20220921_090000.WAV,Telephone Field,recover-20220922,001,1795
1368.7565,1368.7931,68437,82054,Rhinolophus ferrumequinum,0.025,0.025,-1,Echolocation,/mnt/ubna_data_02_mir/recover-20220922/UBNA_001/20220921_090000.WAV,Telephone Field,recover-20220922,001,1795
1368.7635,1368.8015,68437,82146,Rhinolophus ferrumequinum,0.023,0.023,-1,Echolocation,/mnt/ubna_data_02_mir/recover-20220922/UBNA_001/20220921_090000.WAV,Telephone Field,recover-20220922,001,1795
1368.7805,1368.7885,26328,39354,Eptesicus serotinus,0.007,0.023,-1,Echolocation,/mnt/ubna_data_02_mir/recover-20220922/UBNA_001/20220921_090000.WAV,Telephone Field,recover-20220922,001,1795
1368.8005,1368.838,68437,82009,Rhinolophus ferrumequinum,0.026,0.026,-1,Echolocation,/mnt/ubna_data_02_mir/recover-20220922/UBNA_001/20220921_090000.WAV,Telephone Field,recover-20220922,001,1795
1368.8105,1368.8216,29765,35243,Eptesicus serotinus,0.016,0.033,-1,Echolocation,/mnt/ubna_data_02_mir/recover-20220922/UBNA_001/20220921_090000.WAV,Telephone Field,recover-20220922,001,1795
1368.8295,1368.8749,68437,83341,Rhinolophus ferrumequinum,0.056,0.056,-1,Echolocation,/mnt/ubna_data_02_mir/recover-20220922/UBNA_001/20220921_090000.WAV,Telephone Field,recover-20220922,001,1795
1368.9065,1368.9442,68437,81793,Rhinolophus ferrumequinum,0.022,0.022,-1,Echolocation,/mnt/ubna_data_02_mir/recover-20220922/UBNA_001/20220921_090000.WAV,Telephone Field,recover-20220922,001,1795
1368.9155,1368.9561,68437,82313,Rhinolophus ferrumequinum,0.023,0.023,-1,Echolocation,/mnt/ubna_data_02_mir/recover-20220922/UBNA_001/20220921_090000.WAV,Telephone Field,recover-20220922,001,1795
1368.9355,1368.9767,68437,83208,Rhinolophus ferrumequinum,0.026,0.026,-1,Echolocation,/mnt/ubna_data_02_mir/recover-20220922/UBNA_001/20220921_090000.WAV,Telephone Field,recover-20220922,001,1795
1368.9565,1368.9934,68437,81680,Rhinolophus ferrumequinum,0.023,0.023,-1,Echolocation,/mnt/ubna_data_02_mir/recover-20220922/UBNA_001/20220921_090000.WAV,Telephone Field,recover-20220922,001,1795
1368.9675,1368.9765,26328,37080,Eptesicus serotinus,0.007,0.021,-1,Echolocation,/mnt/ubna_data_02_mir/recover-20220922/UBNA_001/20220921_090000.WAV,Telephone Field,recover-20220922,001,1795
1368.9935,1369.0041,25468,32136,Eptesicus serotinus,0.009,0.021,-1,Echolocation,/mnt/ubna_data_02_mir/recover-20220922/UBNA_001/20220921_090000.WAV,Telephone Field,recover-20220922,001,1795
1369.0005,1369.0435,68437,82983,Rhinolophus ferrumequinum,0.036,0.036,-1,Echolocation,/mnt/ubna_data_02_mir/recover-20220922/UBNA_001/20220921_090000.WAV,Telephone Field,recover-20220922,001,1795
1369.0315,1369.0689,68437,81752,Rhinolophus ferrumequinum,0.022,0.022,-1,Echolocation,/mnt/ubna_data_02_mir/recover-20220922/UBNA_001/20220921_090000.WAV,Telephone Field,recover-20220922,001,1795
1369.0395,1369.078,68437,81957,Rhinolophus ferrumequinum,0.022,0.022,-1,Echolocation,/mnt/ubna_data_02_mir/recover-20220922/UBNA_001/20220921_090000.WAV,Telephone Field,recover-20220922,001,1795
1369.0855,1369.1231,68437,82918,Rhinolophus ferrumequinum,0.026,0.026,-1,Echolocation,/mnt/ubna_data_02_mir/recover-20220922/UBNA_001/20220921_090000.WAV,Telephone Field,recover-20220922,001,1795
1369.0955,1369.1057,44375,49374,Pipistrellus pipistrellus,0.042,0.051,-1,Echolocation,/mnt/ubna_data_02_mir/recover-20220922/UBNA_001/20220921_090000.WAV,Telephone Field,recover-20220922,001,1795
1369.1225,1369.1635,68437,82584,Rhinolophus ferrumequinum,0.029,0.029,-1,Echolocation,/mnt/ubna_data_02_mir/recover-20220922/UBNA_001/20220921_090000.WAV,Telephone Field,recover-20220922,001,1795
1369.1405,1369.1476,24609,33668,Plecotus austriacus,0.006,0.022,-1,Echolocation,/mnt/ubna_data_02_mir/recover-20220922/UBNA_001/20220921_090000.WAV,Telephone Field,recover-20220922,001,1795
1369.1905,1369.2274,68437,81890,Rhinolophus ferrumequinum,0.042,0.042,-1,Echolocation,/mnt/ubna_data_02_mir/recover-20220922/UBNA_001/20220921_090000.WAV,Telephone Field,recover-20220922,001,1795
1369.2025,1369.2128,27187,34837,Eptesicus serotinus,0.012,0.028,-1,Echolocation,/mnt/ubna_data_02_mir/recover-20220922/UBNA_001/20220921_090000.WAV,Telephone Field,recover-20220922,001,1795
1369.2225,1369.2678,68437,83682,Rhinolophus ferrumequinum,0.047,0.047,-1,Echolocation,/mnt/ubna_data_02_mir/recover-20220922/UBNA_001/20220921_090000.WAV,Telephone Field,recover-20220922,001,1795
1369.2385,1369.2461,26328,36837,Eptesicus serotinus,0.008,0.024,-1,Echolocation,/mnt/ubna_data_02_mir/recover-20220922/UBNA_001/20220921_090000.WAV,Telephone Field,recover-20220922,001,1795
1369.2495,1369.2907,68437,82697,Rhinolophus ferrumequinum,0.022,0.022,-1,Echolocation,/mnt/ubna_data_02_mir/recover-20220922/UBNA_001/20220921_090000.WAV,Telephone Field,recover-20220922,001,1795
1369.2535,1369.2599,45234,54315,Pipistrellus pipistrellus,0.019,0.021,-1,Echolocation,/mnt/ubna_data_02_mir/recover-20220922/UBNA_001/20220921_090000.WAV,Telephone Field,recover-20220922,001,1795
1369.2775,1369.3154,68437,82275,Rhinolophus ferrumequinum,0.022,0.022,-1,Echolocation,/mnt/ubna_data_02_mir/recover-20220922/UBNA_001/20220921_090000.WAV,Telephone Field,recover-20220922,001,1795
1369.2965,1369.3337,68437,81531,Rhinolophus ferrumequinum,0.023,0.023,-1,Echolocation,/mnt/ubna_data_02_mir/recover-20220922/UBNA_001/20220921_090000.WAV,Telephone Field,recover-20220922,001,1795
1369.3035,1369.3413,68437,81519,Rhinolophus ferrumequinum,0.027,0.027,-1,Echolocation,/mnt/ubna_data_02_mir/recover-20220922/UBNA_001/20220921_090000.WAV,Telephone Field,recover-20220922,001,1795
1369.3035,1369.31,28046,41376,Eptesicus serotinus,0.008,0.029,-1,Echolocation,/mnt/ubna_data_02_mir/recover-20220922/UBNA_001/20220921_090000.WAV,Telephone Field,recover-20220922,001,1795
1369.3085,1369.3179,47812,55755,Pipistrellus pipistrellus,0.019,0.021,-1,Echolocation,/mnt/ubna_data_02_mir/recover-20220922/UBNA_001/20220921_090000.WAV,Telephone Field,recover-20220922,001,1795
1369.3345,1369.3732,68437,82338,Rhinolophus ferrumequinum,0.024,0.024,-1,Echolocation,/mnt/ubna_data_02_mir/recover-20220922/UBNA_001/20220921_090000.WAV,Telephone Field,recover-20220922,001,1795
1369.3475,1369.3873,68437,82108,Rhinolophus ferrumequinum,0.022,0.022,-1,Echolocation,/mnt/ubna_data_02_mir/recover-20220922/UBNA_001/20220921_090000.WAV,Telephone Field,recover-20220922,001,1795
1369.3735,1369.4146,68437,82622,Rhinolophus ferrumequinum,0.032,0.032,-1,Echolocation,/mnt/ubna_data_02_mir/recover-20220922/UBNA_001/20220921_090000.WAV,Telephone Field,recover-20220922,001,1795
1369.3775,1369.3847,24609,34547,Plecotus austriacus,0.007,0.022,-1,Echolocation,/mnt/ubna_data_02_mir/recover-20220922/UBNA_001/20220921_090000.WAV,Telephone Field,recover-20220922,001,1795
1369.3815,1369.4201,68437,82347,Rhinolophus ferrumequinum,0.029,0.029,-1,Echolocation,/mnt/ubna_data_02_mir/recover-20220922/UBNA_001/20220921_090000.WAV,Telephone Field,recover-20220922,001,1795
1369.4185,1369.4378,19453,22561,Nyctalus leisleri,0.011,0.021,-1,Echolocation,/mnt/ubna_data_02_mir/recover-20220922/UBNA_001/20220921_090000.WAV,Telephone Field,recover-20220922,001,1795
1369.4285,1369.4353,24609,33249,Plecotus austriacus,0.008,0.022,-1,Echolocation,/mnt/ubna_data_02_mir/recover-20220922/UBNA_001/20220921_090000.WAV,Telephone Field,recover-20220922,001,1795
1369.4485,1369.4839,68437,81436,Rhinolophus ferrumequinum,0.021,0.021,-1,Echolocation,/mnt/ubna_data_02_mir/recover-20220922/UBNA_001/20220921_090000.WAV,Telephone Field,recover-20220922,001,1795
1369.4645,1369.5014,68437,82356,Rhinolophus ferrumequinum,0.027,0.027,-1,Echolocation,/mnt/ubna_data_02_mir/recover-20220922/UBNA_001/20220921_090000.WAV,Telephone Field,recover-20220922,001,1795
1369.4775,1369.4855,27187,41210,Eptesicus serotinus,0.007,0.022,-1,Echolocation,/mnt/ubna_data_02_mir/recover-20220922/UBNA_001/20220921_090000.WAV,Telephone Field,recover-20220922,001,1795
1369.4865,1369.4927,50390,57834,Pipistrellus pipistrellus,0.028,0.03,-1,Echolocation,/mnt/ubna_data_02_mir/recover-20220922/UBNA_001/20220921_090000.WAV,Telephone Field,recover-20220922,001,1795
1369.5035,1369.5433,68437,82358,Rhinolophus ferrumequinum,0.021,0.021,-1,Echolocation,/mnt/ubna_data_02_mir/recover-20220922/UBNA_001/20220921_090000.WAV,Telephone Field,recover-20220922,001,1795
1369.5415,1369.5498,27187,35737,Eptesicus serotinus,0.01,0.024,-1,Echolocation,/mnt/ubna_data_02_mir/recover-20220922/UBNA_001/20220921_090000.WAV,Telephone Field,recover-20220922,001,1795
1369.5535,1369.5894,68437,81217,Rhinolophus ferrumequinum,0.023,0.023,-1,Echolocation,/mnt/ubna_data_02_mir/recover-20220922/UBNA_001/20220921_090000.WAV,Telephone Field,recover-20220922,001,1795
1369.5575,1369.5668,28906,38225,Eptesicus serotinus,0.01,0.022,-1,Echolocation,/mnt/ubna_data_02_mir/recover-20220922/UBNA_001/20220921_090000.WAV,Telephone Field,recover-20220922,001,1795
1369.5795,1369.6232,68437,83305,Rhinolophus ferrumequinum,0.029,0.029,-1,Echolocation,/mnt/ubna_data_02_mir/recover-20220922/UBNA_001/20220921_090000.WAV,Telephone Field,recover-20220922,001,1795
1369.5805,1369.587,52109,59341,Pipistrellus pipistrellus,0.024,0.03,-1,Echolocation,/mnt/ubna_data_02_mir/recover-20220922/UBNA_001/20220921_090000.WAV,Telephone Field,recover-20220922,001,1795
1369.6025,1369.6445,68437,82970,Rhinolophus ferrumequinum,0.038,0.038,-1,Echolocation,/mnt/ubna_data_02_mir/recover-20220922/UBNA_001/20220921_090000.WAV,Telephone Field,recover-20220922,001,1795
1369.6385,1369.6469,28906,38845,Eptesicus serotinus,0.009,0.022,-1,Echolocation,/mnt/ubna_data_02_mir/recover-20220922/UBNA_001/20220921_090000.WAV,Telephone Field,recover-20220922,001,1795
1369.6395,1369.6808,68437,82557,Rhinolophus ferrumequinum,0.021,0.021,-1,Echolocation,/mnt/ubna_data_02_mir/recover-20220922/UBNA_001/20220921_090000.WAV,Telephone Field,recover-20220922,001,1795
1369.6555,1369.6954,68437,82572,Rhinolophus ferrumequinum,0.023,0.023,-1,Echolocation,/mnt/ubna_data_02_mir/recover-20220922/UBNA_001/20220921_090000.WAV,Telephone Field,recover-20220922,001,1795
1369.6695,1369.677,24609,35036,Plecotus austriacus,0.007,0.023,-1,Echolocation,/mnt/ubna_data_02_mir/recover-20220922/UBNA_001/20220921_090000.WAV,Telephone Field,recover-20220922,001,1795
1369.6735,1369.7167,68437,82866,Rhinolophus ferrumequinum,0.027,0.027,-1,Echolocation,/mnt/ubna_data_02_mir/recover-20220922/UBNA_001/20220921_090000.WAV,Telephone Field,recover-20220922,001,1795
1369.6815,1369.7209,68437,82305,Rhinolophus ferrumequinum,0.023,0.023,-1,Echolocation,/mnt/ubna_data_02_mir/recover-20220922/UBNA_001/20220921_090000.WAV,Telephone Field,recover-20220922,001,1795
1369.6925,1369.7321,68437,82467,Rhinolophus ferrumequinum,0.026,0.026,-1,Echolocation,/mnt/ubna_data_02_mir/recover-20220922/UBNA_001/20220921_090000.WAV,Telephone Field,recover-20220922,001,1795
1369.7165,1369.7585,68437,82876,Rhinolophus ferrumequinum,0.028,0.028,-1,Echolocation,/mnt/ubna_data_02_mir/recover-20220922/UBNA_001/20220921_090000.WAV,Telephone Field,recover-20220922,001,1795
1369.7465,1369.755,27187,34726,Eptesicus serotinus,0.027,0.052,-1,Echolocation,/mnt/ubna_data_02_mir/recover-20220922/UBNA_001/20220921_090000.WAV,Telephone Field,recover-20220922,001,1795
1369.7485,1369.7883,68437,82442,Rhinolophus ferrumequinum,0.023,0.023,-1,Echolocation,/mnt/ubna_data_02_mir/recover-20220922/UBNA_001/20220921_090000.WAV,Telephone Field,recover-20220922,001,1795
1369.7855,1369.8229,68437,81868,Rhinolophus ferrumequinum,0.022,0.022,-1,Echolocation,/mnt/ubna_data_02_mir/recover-20220922/UBNA_001/20220921_090000.WAV,Telephone Field,recover-20220922,001,1795
1369.7965,1369.834,68437,81721,Rhinolophus ferrumequinum,0.021,0.021,-1,Echolocation,/mnt/ubna_data_02_mir/recover-20220922/UBNA_001/20220921_090000.WAV,Telephone Field,recover-20220922,001,1795
1369.8375,1369.8783,68437,82646,Rhinolophus ferrumequinum,0.025,0.025,-1,Echolocation,/mnt/ubna_data_02_mir/recover-20220922/UBNA_001/20220921_090000.WAV,Telephone Field,recover-20220922,001,1795
1369.8425,1369.8499,13437,27047,Plecotus auritus,0.02,0.024,-1,Echolocation,/mnt/ubna_data_02_mir/recover-20220922/UBNA_001/20220921_090000.WAV,Telephone Field,recover-20220922,001,1795
1369.8735,1369.9118,68437,82073,Rhinolophus ferrumequinum,0.025,0.025,-1,Echolocation,/mnt/ubna_data_02_mir/recover-20220922/UBNA_001/20220921_090000.WAV,Telephone Field,recover-20220922,001,1795
1369.9225,1369.9337,29765,36775,Eptesicus serotinus,0.01,0.024,-1,Echolocation,/mnt/ubna_data_02_mir/recover-20220922/UBNA_001/20220921_090000.WAV,Telephone Field,recover-20220922,001,1795
1369.9235,1369.9636,68437,82344,Rhinolophus ferrumequinum,0.024,0.024,-1,Echolocation,/mnt/ubna_data_02_mir/recover-20220922/UBNA_001/20220921_090000.WAV,Telephone Field,recover-20220922,001,1795
1370.0015,1370.0102,25468,37800,Eptesicus serotinus,0.007,0.027,-1,Echolocation,/mnt/ubna_data_02_mir/recover-20220922/UBNA_001/20220921_090000.WAV,Telephone Field,recover-20220922,001,1795
1370.0015,1370.0079,47812,53892,Pipistrellus pipistrellus,0.016,0.021,-1,Echolocation,/mnt/ubna_data_02_mir/recover-20220922/UBNA_001/20220921_090000.WAV,Telephone Field,recover-20220922,001,1795
1370.0015,1370.0352,68437,80465,Rhinolophus ferrumequinum,0.054,0.054,-1,Echolocation,/mnt/ubna_data_02_mir/recover-20220922/UBNA_001/20220921_090000.WAV,Telephone Field,recover-20220922,001,1795
1370.0065,1370.0164,23750,31089,Nyctalus leisleri,0.008,0.024,-1,Echolocation,/mnt/ubna_data_02_mir/recover-20220922/UBNA_001/20220921_090000.WAV,Telephone Field,recover-20220922,001,1795
1370.0335,1370.0718,68437,82127,Rhinolophus ferrumequinum,0.022,0.022,-1,Echolocation,/mnt/ubna_data_02_mir/recover-20220922/UBNA_001/20220921_090000.WAV,Telephone Field,recover-20220922,001,1795
1370.0405,1370.0511,22890,28683,Nyctalus leisleri,0.011,0.028,-1,Echolocation,/mnt/ubna_data_02_mir/recover-20220922/UBNA_001/20220921_090000.WAV,Telephone Field,recover-20220922,001,1795
1370.0445,1370.082,68437,81680,Rhinolophus ferrumequinum,0.021,0.021,-1,Echolocation,/mnt/ubna_data_02_mir/recover-20220922/UBNA_001/20220921_090000.WAV,Telephone Field,recover-20220922,001,1795
1370.0765,1370.085,55546,59079,Pipistrellus pygmaeus,0.024,0.024,-1,Echolocation,/mnt/ubna_data_02_mir/recover-20220922/UBNA_001/20220921_090000.WAV,Telephone Field,recover-20220922,001,1795
1370.0765,1370.1174,68437,82541,Rhinolophus ferrumequinum,0.024,0.024,-1,Echolocation,/mnt/ubna_data_02_mir/recover-20220922/UBNA_001/20220921_090000.WAV,Telephone Field,recover-20220922,001,1795
1370.0855,1370.1208,68437,81396,Rhinolophus ferrumequinum,0.024,0.024,-1,Echolocation,/mnt/ubna_data_02_mir/recover-20220922/UBNA_001/20220921_090000.WAV,Telephone Field,recover-20220922,001,1795
1370.1195,1370.1649,68437,83407,Rhinolophus ferrumequinum,0.025,0.025,-1,Echolocation,/mnt/ubna_data_02_mir/recover-20220922/UBNA_001/20220921_090000.WAV,Telephone Field,recover-20220922,001,1795
1370.1505,1370.1902,68437,82711,Rhinolophus ferrumequinum,0.021,0.021,-1,Echolocation,/mnt/ubna_data_02_mir/recover-20220922/UBNA_001/20220921_090000.WAV,Telephone Field,recover-20220922,001,1795
1370.1625,1370.203,68437,81787,Rhinolophus ferrumequinum,0.021,0.021,-1,Echolocation,/mnt/ubna_data_02_mir/recover-20220922/UBNA_001/20220921_090000.WAV,Telephone Field,recover-20220922,001,1795
1370.1635,1370.1735,44375,51243,Pipistrellus pipistrellus,0.019,0.023,-1,Echolocation,/mnt/ubna_data_02_mir/recover-20220922/UBNA_001/20220921_090000.WAV,Telephone Field,recover-20220922,001,1795
1370.1645,1370.1721,28046,38923,Eptesicus serotinus,0.007,0.024,-1,Echolocation,/mnt/ubna_data_02_mir/recover-20220922/UBNA_001/20220921_090000.WAV,Telephone Field,recover-20220922,001,1795
1370.1955,1370.203,25468,34545,Eptesicus serotinus,0.006,0.023,-1,Echolocation,/mnt/ubna_data_02_mir/recover-20220922/UBNA_001/20220921_090000.WAV,Telephone Field,recover-20220922,001,1795
1370.2335,1370.2436,28906,36594,Eptesicus serotinus,0.008,0.02,-1,Echolocation,/mnt/ubna_data_02_mir/recover-20220922/UBNA_001/20220921_090000.WAV,Telephone Field,recover-20220922,001,1795
1370.2505,1370.2907,68437,82173,Rhinolophus ferrumequinum,0.02,0.02,-1,Echolocation,/mnt/ubna_data_02_mir/recover-20220922/UBNA_001/20220921_090000.WAV,Telephone Field,recover-20220922,001,1795
1370.2715,1370.3127,68437,82787,Rhinolophus ferrumequinum,0.026,0.026,-1,Echolocation,/mnt/ubna_data_02_mir/recover-20220922/UBNA_001/20220921_090000.WAV,Telephone Field,recover-20220922,001,1795
1370.2785,1370.2901,23750,28881,Nyctalus leisleri,0.009,0.02,-1,Echolocation,/mnt/ubna_data_02_mir/recover-20220922/UBNA_001/20220921_090000.WAV,Telephone Field,recover-20220922,001,1795
1370.2955,1370.3373,68437,82753,Rhinolophus ferrumequinum,0.029,0.029,-1,Echolocation,/mnt/ubna_data_02_mir/recover-20220922/UBNA_001/20220921_090000.WAV,Telephone Field,recover-20220922,001,1795
1370.3055,1370.3444,68437,82403,Rhinolophus ferrumequinum,0.024,0.024,-1,Echolocation,/mnt/ubna_data_02_mir/recover-20220922/UBNA_001/20220921_090000.WAV,Telephone Field,recover-20220922,001,1795
1370.3275,1370.3366,28046,37294,Eptesicus serotinus,0.007,0.02,-1,Echolocation,/mnt/ubna_data_02_mir/recover-20220922/UBNA_001/20220921_090000.WAV,Telephone Field,recover-20220922,001,1795
1370.3395,1370.3807,68437,82319,Rhinolophus ferrumequinum,0.024,0.024,-1,Echolocation,/mnt/ubna_data_02_mir/recover-20220922/UBNA_001/20220921_090000.WAV,Telephone Field,recover-20220922,001,1795
1370.3875,1370.4274,68437,82759,Rhinolophus ferrumequinum,0.025,0.025,-1,Echolocation,/mnt/ubna_data_02_mir/recover-20220922/UBNA_001/20220921_090000.WAV,Telephone Field,recover-20220922,001,1795
1370.4075,1370.4462,68437,82180,Rhinolophus ferrumequinum,0.021,0.021,-1,Echolocation,/mnt/ubna_data_02_mir/recover-20220922/UBNA_001/20220921_090000.WAV,Telephone Field,recover-20220922,001,1795
1370.4405,1370.4525,26328,31713,Nyctalus leisleri,0.011,0.027,-1,Echolocation,/mnt/ubna_data_02_mir/recover-20220922/UBNA_001/20220921_090000.WAV,Telephone Field,recover-20220922,001,1795
1370.4665,1370.5099,68437,83036,Rhinolophus ferrumequinum,0.032,0.032,-1,Echolocation,/mnt/ubna_data_02_mir/recover-20220922/UBNA_001/20220921_090000.WAV,Telephone Field,recover-20220922,001,1795
1370.4805,1370.492,22890,27290,Nyctalus leisleri,0.013,0.023,-1,Echolocation,/mnt/ubna_data_02_mir/recover-20220922/UBNA_001/20220921_090000.WAV,Telephone Field,recover-20220922,001,1795
1370.4995,1370.5102,26328,34123,Eptesicus serotinus,0.011,0.023,-1,Echolocation,/mnt/ubna_data_02_mir/recover-20220922/UBNA_001/20220921_090000.WAV,Telephone Field,recover-20220922,001,1795
1370.5085,1370.5181,27187,34773,Eptesicus serotinus,0.01,0.022,-1,Echolocation,/mnt/ubna_data_02_mir/recover-20220922/UBNA_001/20220921_090000.WAV,Telephone Field,recover-20220922,001,1795
1370.5225,1370.5331,57265,62293,Pipistrellus pygmaeus,0.022,0.022,-1,Echolocation,/mnt/ubna_data_02_mir/recover-20220922/UBNA_001/20220921_090000.WAV,Telephone Field,recover-20220922,001,1795
1370.5235,1370.5345,23750,29559,Nyctalus leisleri,0.009,0.022,-1,Echolocation,/mnt/ubna_data_02_mir/recover-20220922/UBNA_001/20220921_090000.WAV,Telephone Field,recover-20220922,001,1795
1370.5235,1370.5623,68437,81757,Rhinolophus ferrumequinum,0.02,0.02,-1,Echolocation,/mnt/ubna_data_02_mir/recover-20220922/UBNA_001/20220921_090000.WAV,Telephone Field,recover-20220922,001,1795
1370.5675,1370.6093,68437,82982,Rhinolophus ferrumequinum,0.025,0.025,-1,Echolocation,/mnt/ubna_data_02_mir/recover-20220922/UBNA_001/20220921_090000.WAV,Telephone Field,recover-20220922,001,1795
1370.5875,1370.6262,68437,81957,Rhinolophus ferrumequinum,0.02,0.02,-1,Echolocation,/mnt/ubna_data_02_mir/recover-20220922/UBNA_001/20220921_090000.WAV,Telephone Field,recover-20220922,001,1795
1370.5935,1370.6329,68437,81868,Rhinolophus ferrumequinum,0.02,0.02,-1,Echolocation,/mnt/ubna_data_02_mir/recover-20220922/UBNA_001/20220921_090000.WAV,Telephone Field,recover-20220922,001,1795
1370.5995,1370.6089,28906,36288,Eptesicus serotinus,0.008,0.02,-1,Echolocation,/mnt/ubna_data_02_mir/recover-20220922/UBNA_001/20220921_090000.WAV,Telephone Field,recover-20220922,001,1795
1370.6125,1370.6505,68437,81630,Rhinolophus ferrumequinum,0.02,0.02,-1,Echolocation,/mnt/ubna_data_02_mir/recover-20220922/UBNA_001/20220921_090000.WAV,Telephone Field,recover-20220922,001,1795
1370.6205,1370.631,23750,29257,Nyctalus leisleri,0.01,0.023,-1,Echolocation,/mnt/ubna_data_02_mir/recover-20220922/UBNA_001/20220921_090000.WAV,Telephone Field,recover-20220922,001,1795
1370.6255,1370.6601,68437,80950,Rhinolophus ferrumequinum,0.02,0.02,-1,Echolocation,/mnt/ubna_data_02_mir/recover-20220922/UBNA_001/20220921_090000.WAV,Telephone Field,recover-20220922,001,1795
1370.6265,1370.6457,20312,23424,Nyctalus leisleri,0.011,0.021,-1,Echolocation,/mnt/ubna_data_02_mir/recover-20220922/UBNA_001/20220921_090000.WAV,Telephone Field,recover-20220922,001,1795
1370.6455,1370.6835,68437,81551,Rhinolophus ferrumequinum,0.02,0.02,-1,Echolocation,/mnt/ubna_data_02_mir/recover-20220922/UBNA_001/20220921_090000.WAV,Telephone Field,recover-20220922,001,1795
1370.6565,1370.6944,68437,81742,Rhinolophus ferrumequinum,0.021,0.021,-1,Echolocation,/mnt/ubna_data_02_mir/recover-20220922/UBNA_001/20220921_090000.WAV,Telephone Field,recover-20220922,001,1795
1370.6775,1370.7181,68437,82410,Rhinolophus ferrumequinum,0.02,0.02,-1,Echolocation,/mnt/ubna_data_02_mir/recover-20220922/UBNA_001/20220921_090000.WAV,Telephone Field,recover-20220922,001,1795
1370.7035,1370.7377,68437,81455,Rhinolophus ferrumequinum,0.02,0.02,-1,Echolocation,/mnt/ubna_data_02_mir/recover-20220922/UBNA_001/20220921_090000.WAV,Telephone Field,recover-20220922,001,1795
1370.7395,1370.7763,68437,81712,Rhinolophus ferrumequinum,0.021,0.021,-1,Echolocation,/mnt/ubna_data_02_mir/recover-20220922/UBNA_001/20220921_090000.WAV,Telephone Field,recover-20220922,001,1795
1370.7445,1370.7537,25468,32657,Eptesicus serotinus,0.008,0.021,-1,Echolocation,/mnt/ubna_data_02_mir/recover-20220922/UBNA_001/20220921_090000.WAV,Telephone Field,recover-20220922,001,1795
1370.7465,1370.7859,68437,81966,Rhinolophus ferrumequinum,0.021,0.021,-1,Echolocation,/mnt/ubna_data_02_mir/recover-20220922/UBNA_001/20220921_090000.WAV,Telephone Field,recover-20220922,001,1795
1370.8045,1370.8424,68437,82482,Rhinolophus ferrumequinum,0.021,0.021,-1,Echolocation,/mnt/ubna_data_02_mir/recover-20220922/UBNA_001/20220921_090000.WAV,Telephone Field,recover-20220922,001,1795
1370.8255,1370.835,22031,28088,Plecotus austriacus,0.008,0.026,-1,Echolocation,/mnt/ubna_data_02_mir/recover-20220922/UBNA_001/20220921_090000.WAV,Telephone Field,recover-20220922,001,1795
1370.8795,1370.9193,68437,82891,Rhinolophus ferrumequinum,0.03,0.03,-1,Echolocation,/mnt/ubna_data_02_mir/recover-20220922/UBNA_001/20220921_090000.WAV,Telephone Field,recover-20220922,001,1795
1370.8845,1370.8923,26328,35132,Eptesicus serotinus,0.007,0.021,-1,Echolocation,/mnt/ubna_data_02_mir/recover-20220922/UBNA_001/20220921_090000.WAV,Telephone Field,recover-20220922,001,1795
1370.9085,1370.9528,68437,83597,Rhinolophus ferrumequinum,0.035,0.035,-1,Echolocation,/mnt/ubna_data_02_mir/recover-20220922/UBNA_001/20220921_090000.WAV,Telephone Field,recover-20220922,001,1795
1370.9265,1370.9369,22890,28234,Nyctalus leisleri,0.012,0.027,-1,Echolocation,/mnt/ubna_data_02_mir/recover-20220922/UBNA_001/20220921_090000.WAV,Telephone Field,recover-20220922,001,1795
1370.9445,1370.9791,68437,81481,Rhinolophus ferrumequinum,0.022,0.022,-1,Echolocation,/mnt/ubna_data_02_mir/recover-20220922/UBNA_001/20220921_090000.WAV,Telephone Field,recover-20220922,001,1795
1370.9665,1371.0029,68437,81154,Rhinolophus ferrumequinum,0.023,0.023,-1,Echolocation,/mnt/ubna_data_02_mir/recover-20220922/UBNA_001/20220921_090000.WAV,Telephone Field,recover-20220922,001,1795
1370.9695,1370.9792,44375,51012,Pipistrellus pipistrellus,0.018,0.023,-1,Echolocation,/mnt/ubna_data_02_mir/recover-20220922/UBNA_001/20220921_090000.WAV,Telephone Field,recover-20220922,001,1795
1370.9905,1371.0256,68437,80584,Rhinolophus ferrumequinum,0.02,0.02,-1,Echolocation,/mnt/ubna_data_02_mir/recover-20220922/UBNA_001/20220921_090000.WAV,Telephone Field,recover-20220922,001,1795
1371.0415,1371.0804,68437,82340,Rhinolophus ferrumequinum,0.022,0.022,-1,Echolocation,/mnt/ubna_data_02_mir/recover-20220922/UBNA_001/20220921_090000.WAV,Telephone Field,recover-20220922,001,1795
1371.0495,1371.0573,28046,39432,Eptesicus serotinus,0.007,0.022,-1,Echolocation,/mnt/ubna_data_02_mir/recover-20220922/UBNA_001/20220921_090000.WAV,Telephone Field,recover-20220922,001,1795
1371.0715,1371.114,68437,83084,Rhinolophus ferrumequinum,0.028,0.028,-1,Echolocation,/mnt/ubna_data_02_mir/recover-20220922/UBNA_001/20220921_090000.WAV,Telephone Field,recover-20220922,001,1795
1371.1305,1371.1701,68437,81835,Rhinolophus ferrumequinum,0.02,0.021,-1,Echolocation,/mnt/ubna_data_02_mir/recover-20220922/UBNA_001/20220921_090000.WAV,Telephone Field,recover-20220922,001,1795
1371.1785,1371.2213,68437,82596,Rhinolophus ferrumequinum,0.024,0.024,-1,Echolocation,/mnt/ubna_data_02_mir/recover-20220922/UBNA_001/20220921_090000.WAV,Telephone Field,recover-20220922,001,1795
1371.1825,1371.1908,27187,39550,Eptesicus serotinus,0.007,0.02,-1,Echolocation,/mnt/ubna_data_02_mir/recover-20220922/UBNA_001/20220921_090000.WAV,Telephone Field,recover-20220922,001,1795
1371.2075,1371.2486,68437,82898,Rhinolophus ferrumequinum,0.026,0.026,-1,Echolocation,/mnt/ubna_data_02_mir/recover-20220922/UBNA_001/20220921_090000.WAV,Telephone Field,recover-20220922,001,1795
1371.2135,1371.2209,28046,39290,Eptesicus serotinus,0.006,0.022,-1,Echolocation,/mnt/ubna_data_02_mir/recover-20220922/UBNA_001/20220921_090000.WAV,Telephone Field,recover-20220922,001,1795
1371.2375,1371.2478,23750,28574,Nyctalus leisleri,0.011,0.022,-1,Echolocation,/mnt/ubna_data_02_mir/recover-20220922/UBNA_001/20220921_090000.WAV,Telephone Field,recover-20220922,001,1795
1371.2485,1371.2831,68437,81568,Rhinolophus ferrumequinum,0.023,0.023,-1,Echolocation,/mnt/ubna_data_02_mir/recover-20220922/UBNA_001/20220921_090000.WAV,Telephone Field,recover-20220922,001,1795
1371.2495,1371.2571,28046,40455,Eptesicus serotinus,0.006,0.021,-1,Echolocation,/mnt/ubna_data_02_mir/recover-20220922/UBNA_001/20220921_090000.WAV,Telephone Field,recover-20220922,001,1795
1371.2715,1371.3109,68437,82846,Rhinolophus ferrumequinum,0.022,0.022,-1,Echolocation,/mnt/ubna_data_02_mir/recover-20220922/UBNA_001/20220921_090000.WAV,Telephone Field,recover-20220922,001,1795
1371.2865,1371.3226,68437,81460,Rhinolophus ferrumequinum,0.021,0.021,-1,Echolocation,/mnt/ubna_data_02_mir/recover-20220922/UBNA_001/20220921_090000.WAV,Telephone Field,recover-20220922,001,1795
1371.3265,1371.3355,28046,41863,Eptesicus serotinus,0.011,0.029,-1,Echolocation,/mnt/ubna_data_02_mir/recover-20220922/UBNA_001/20220921_090000.WAV,Telephone Field,recover-20220922,001,1795
1371.3345,1371.3723,68437,81614,Rhinolophus ferrumequinum,0.021,0.021,-1,Echolocation,/mnt/ubna_data_02_mir/recover-20220922/UBNA_001/20220921_090000.WAV,Telephone Field,recover-20220922,001,1795
1371.3435,1371.3849,68437,83034,Rhinolophus ferrumequinum,0.024,0.024,-1,Echolocation,/mnt/ubna_data_02_mir/recover-20220922/UBNA_001/20220921_090000.WAV,Telephone Field,recover-20220922,001,1795
1371.3855,1371.3926,27187,41935,Eptesicus serotinus,0.006,0.021,-1,Echolocation,/mnt/ubna_data_02_mir/recover-20220922/UBNA_001/20220921_090000.WAV,Telephone Field,recover-20220922,001,1795
1371.4555,1371.4646,24609,32205,Eptesicus serotinus,0.007,0.02,-1,Echolocation,/mnt/ubna_data_02_mir/recover-20220922/UBNA_001/20220921_090000.WAV,Telephone Field,recover-20220922,001,1795
1371.4695,1371.5051,68437,81586,Rhinolophus ferrumequinum,0.022,0.022,-1,Echolocation,/mnt/ubna_data_02_mir/recover-20220922/UBNA_001/20220921_090000.WAV,Telephone Field,recover-20220922,001,1795
1371.4765,1371.5175,68437,82865,Rhinolophus ferrumequinum,0.022,0.022,-1,Echolocation,/mnt/ubna_data_02_mir/recover-20220922/UBNA_001/20220921_090000.WAV,Telephone Field,recover-20220922,001,1795
1371.4935,1371.5325,68437,81680,Rhinolophus ferrumequinum,0.024,0.024,-1,Echolocation,/mnt/ubna_data_02_mir/recover-20220922/UBNA_001/20220921_090000.WAV,Telephone Field,recover-20220922,001,1795
1371.5135,1371.553,68437,81761,Rhinolophus ferrumequinum,0.02,0.021,-1,Echolocation,/mnt/ubna_data_02_mir/recover-20220922/UBNA_001/20220921_090000.WAV,Telephone Field,recover-20220922,001,1795
1371.5265,1371.5378,28906,35519,Eptesicus serotinus,0.009,0.021,-1,Echolocation,/mnt/ubna_data_02_mir/recover-20220922/UBNA_001/20220921_090000.WAV,Telephone Field,recover-20220922,001,1795
1371.5595,1371.5982,68437,81891,Rhinolophus ferrumequinum,0.02,0.02,-1,Echolocation,/mnt/ubna_data_02_mir/recover-20220922/UBNA_001/20220921_090000.WAV,Telephone Field,recover-20220922,001,1795
1371.5825,1371.6199,68437,80983,Rhinolophus ferrumequinum,0.021,0.021,-1,Echolocation,/mnt/ubna_data_02_mir/recover-20220922/UBNA_001/20220921_090000.WAV,Telephone Field,recover-20220922,001,1795
1371.5965,1371.6037,28046,39076,Eptesicus serotinus,0.007,0.022,-1,Echolocation,/mnt/ubna_data_02_mir/recover-20220922/UBNA_001/20220921_090000.WAV,Telephone Field,recover-20220922,001,1795
1371.5965,1371.6352,68437,82486,Rhinolophus ferrumequinum,0.023,0.023,-1,Echolocation,/mnt/ubna_data_02_mir/recover-20220922/UBNA_001/20220921_090000.WAV,Telephone Field,recover-20220922,001,1795
1371.6055,1371.642,68437,81654,Rhinolophus ferrumequinum,0.022,0.022,-1,Echolocation,/mnt/ubna_data_02_mir/recover-20220922/UBNA_001/20220921_090000.WAV,Telephone Field,recover-20220922,001,1795
1371.6105,1371.644,68437,81157,Rhinolophus ferrumequinum,0.022,0.022,-1,Echolocation,/mnt/ubna_data_02_mir/recover-20220922/UBNA_001/20220921_090000.WAV,Telephone Field,recover-20220922,001,1795
1371.6595,1371.6702,22890,28011,Nyctalus leisleri,0.012,0.026,-1,Echolocation,/mnt/ubna_data_02_mir/recover-20220922/UBNA_001/20220921_090000.WAV,Telephone Field,recover-20220922,001,1795
1371.6835,1371.7226,68437,82196,Rhinolophus ferrumequinum,0.022,0.022,-1,Echolocation,/mnt/ubna_data_02_mir/recover-20220922/UBNA_001/20220921_090000.WAV,Telephone Field,recover-20220922,001,1795
1371.6885,1371.6988,22890,28387,Nyctalus leisleri,0.009,0.02,-1,Echolocation,/mnt/ubna_data_02_mir/recover-20220922/UBNA_001/20220921_090000.WAV,Telephone Field,recover-20220922,001,1795
1371.7215,1371.7314,53828,58109,Pipistrellus pygmaeus,0.019,0.02,-1,Echolocation,/mnt/ubna_data_02_mir/recover-20220922/UBNA_001/20220921_090000.WAV,Telephone Field,recover-20220922,001,1795
1371.7235,1371.7656,68437,83487,Rhinolophus ferrumequinum,0.041,0.041,-1,Echolocation,/mnt/ubna_data_02_mir/recover-20220922/UBNA_001/20220921_090000.WAV,Telephone Field,recover-20220922,001,1795
1371.7815,1371.8198,68437,81864,Rhinolophus ferrumequinum,0.025,0.025,-1,Echolocation,/mnt/ubna_data_02_mir/recover-20220922/UBNA_001/20220921_090000.WAV,Telephone Field,recover-20220922,001,1795
1371.8105,1371.8477,68437,82450,Rhinolophus ferrumequinum,0.022,0.023,-1,Echolocation,/mnt/ubna_data_02_mir/recover-20220922/UBNA_001/20220921_090000.WAV,Telephone Field,recover-20220922,001,1795
1371.8175,1371.8552,68437,81981,Rhinolophus ferrumequinum,0.022,0.022,-1,Echolocation,/mnt/ubna_data_02_mir/recover-20220922/UBNA_001/20220921_090000.WAV,Telephone Field,recover-20220922,001,1795
1371.8275,1371.8372,22890,28968,Nyctalus leisleri,0.009,0.024,-1,Echolocation,/mnt/ubna_data_02_mir/recover-20220922/UBNA_001/20220921_090000.WAV,Telephone Field,recover-20220922,001,1795
1371.8525,1371.862,22890,28816,Nyctalus leisleri,0.007,0.02,-1,Echolocation,/mnt/ubna_data_02_mir/recover-20220922/UBNA_001/20220921_090000.WAV,Telephone Field,recover-20220922,001,1795
1371.8535,1371.8949,68437,82580,Rhinolophus ferrumequinum,0.029,0.029,-1,Echolocation,/mnt/ubna_data_02_mir/recover-20220922/UBNA_001/20220921_090000.WAV,Telephone Field,recover-20220922,001,1795
1371.9555,1371.9903,68437,80997,Rhinolophus ferrumequinum,0.022,0.022,-1,Echolocation,/mnt/ubna_data_02_mir/recover-20220922/UBNA_001/20220921_090000.WAV,Telephone Field,recover-20220922,001,1795
1371.9695,1371.977,27187,38704,Eptesicus serotinus,0.006,0.024,-1,Echolocation,/mnt/ubna_data_02_mir/recover-20220922/UBNA_001/20220921_090000.WAV,Telephone Field,recover-20220922,001,1795
1371.9805,1371.9905,27187,35440,Eptesicus serotinus,0.009,0.021,-1,Echolocation,/mnt/ubna_data_02_mir/recover-20220922/UBNA_001/20220921_090000.WAV,Telephone Field,recover-20220922,001,1795
1372.0015,1372.0145,47812,54870,Pipistrellus pipistrellus,0.02,0.028,-1,Echolocation,/mnt/ubna_data_02_mir/recover-20220922/UBNA_001/20220921_090000.WAV,Telephone Field,recover-20220922,001,1795
1372.0015,1372.0103,22890,29970,Nyctalus leisleri,0.01,0.03,-1,Echolocation,/mnt/ubna_data_02_mir/recover-20220922/UBNA_001/20220921_090000.WAV,Telephone Field,recover-20220922,001,1795
1372.0015,1372.0349,68437,80365,Rhinolophus ferrumequinum,0.037,0.037,-1,Echolocation,/mnt/ubna_data_02_mir/recover-20220922/UBNA_001/20220921_090000.WAV,Telephone Field,recover-20220922,001,1795
1372.0095,1372.0517,68437,82310,Rhinolophus ferrumequinum,0.023,0.023,-1,Echolocation,/mnt/ubna_data_02_mir/recover-20220922/UBNA_001/20220921_090000.WAV,Telephone Field,recover-20220922,001,1795
1372.0415,1372.0507,24609,31308,Eptesicus serotinus,0.007,0.023,-1,Echolocation,/mnt/ubna_data_02_mir/recover-20220922/UBNA_001/20220921_090000.WAV,Telephone Field,recover-20220922,001,1795
1372.0555,1372.0921,68437,81804,Rhinolophus ferrumequinum,0.021,0.022,-1,Echolocation,/mnt/ubna_data_02_mir/recover-20220922/UBNA_001/20220921_090000.WAV,Telephone Field,recover-20220922,001,1795
1372.0705,1372.0806,28046,36126,Eptesicus serotinus,0.012,0.026,-1,Echolocation,/mnt/ubna_data_02_mir/recover-20220922/UBNA_001/20220921_090000.WAV,Telephone Field,recover-20220922,001,1795
1372.0715,1372.0836,15156,21805,Nyctalus noctula,0.037,0.052,-1,Echolocation,/mnt/ubna_data_02_mir/recover-20220922/UBNA_001/20220921_090000.WAV,Telephone Field,recover-20220922,001,1795
1372.1165,1372.1557,68437,82283,Rhinolophus ferrumequinum,0.021,0.021,-1,Echolocation,/mnt/ubna_data_02_mir/recover-20220922/UBNA_001/20220921_090000.WAV,Telephone Field,recover-20220922,001,1795
1372.1355,1372.1762,68437,82431,Rhinolophus ferrumequinum,0.022,0.022,-1,Echolocation,/mnt/ubna_data_02_mir/recover-20220922/UBNA_001/20220921_090000.WAV,Telephone Field,recover-20220922,001,1795
1372.1435,1372.1859,68437,82422,Rhinolophus ferrumequinum,0.021,0.021,-1,Echolocation,/mnt/ubna_data_02_mir/recover-20220922/UBNA_001/20220921_090000.WAV,Telephone Field,recover-20220922,001,1795
1372.1545,1372.1643,25468,33004,Eptesicus serotinus,0.011,0.028,-1,Echolocation,/mnt/ubna_data_02_mir/recover-20220922/UBNA_001/20220921_090000.WAV,Telephone Field,recover-20220922,001,1795
1372.1665,1372.2067,68437,81920,Rhinolophus ferrumequinum,0.022,0.022,-1,Echolocation,/mnt/ubna_data_02_mir/recover-20220922/UBNA_001/20220921_090000.WAV,Telephone Field,recover-20220922,001,1795
1372.1815,1372.1906,28046,38335,Eptesicus serotinus,0.012,0.024,-1,Echolocation,/mnt/ubna_data_02_mir/recover-20220922/UBNA_001/20220921_090000.WAV,Telephone Field,recover-20220922,001,1795
1372.2115,1372.2198,28046,36869,Eptesicus serotinus,0.008,0.022,-1,Echolocation,/mnt/ubna_data_02_mir/recover-20220922/UBNA_001/20220921_090000.WAV,Telephone Field,recover-20220922,001,1795
1372.2215,1372.2625,68437,82247,Rhinolophus ferrumequinum,0.023,0.023,-1,Echolocation,/mnt/ubna_data_02_mir/recover-20220922/UBNA_001/20220921_090000.WAV,Telephone Field,recover-20220922,001,1795
1372.2245,1372.2333,27187,38642,Eptesicus serotinus,0.008,0.02,-1,Echolocation,/mnt/ubna_data_02_mir/recover-20220922/UBNA_001/20220921_090000.WAV,Telephone Field,recover-20220922,001,1795
1372.2645,1372.3046,68437,82240,Rhinolophus ferrumequinum,0.021,0.021,-1,Echolocation,/mnt/ubna_data_02_mir/recover-20220922/UBNA_001/20220921_090000.WAV,Telephone Field,recover-20220922,001,1795
1372.2825,1372.3195,68437,81954,Rhinolophus ferrumequinum,0.02,0.02,-1,Echolocation,/mnt/ubna_data_02_mir/recover-20220922/UBNA_001/20220921_090000.WAV,Telephone Field,recover-20220922,001,1795
1372.2875,1372.305,20312,24299,Nyctalus leisleri,0.013,0.027,-1,Echolocation,/mnt/ubna_data_02_mir/recover-20220922/UBNA_001/20220921_090000.WAV,Telephone Field,recover-20220922,001,1795
1372.3175,1372.3264,43515,49234,Pipistrellus pipistrellus,0.022,0.028,-1,Echolocation,/mnt/ubna_data_02_mir/recover-20220922/UBNA_001/20220921_090000.WAV,Telephone Field,recover-20220922,001,1795
1372.3395,1372.3809,68437,83486,Rhinolophus ferrumequinum,0.027,0.027,-1,Echolocation,/mnt/ubna_data_02_mir/recover-20220922/UBNA_001/20220921_090000.WAV,Telephone Field,recover-20220922,001,1795
1372.3475,1372.3898,68437,83392,Rhinolophus ferrumequinum,0.025,0.025,-1,Echolocation,/mnt/ubna_data_02_mir/recover-20220922/UBNA_001/20220921_090000.WAV,Telephone Field,recover-20220922,001,1795
1372.3705,1372.3822,25468,32206,Eptesicus serotinus,0.011,0.026,-1,Echolocation,/mnt/ubna_data_02_mir/recover-20220922/UBNA_001/20220921_090000.WAV,Telephone Field,recover-20220922,001,1795
1372.3895,1372.4285,68437,81928,Rhinolophus ferrumequinum,0.02,0.02,-1,Echolocation,/mnt/ubna_data_02_mir/recover-20220922/UBNA_001/20220921_090000.WAV,Telephone Field,recover-20220922,001,1795
1372.4025,1372.4417,68437,82549,Rhinolophus ferrumequinum,0.021,0.021,-1,Echolocation,/mnt/ubna_data_02_mir/recover-20220922/UBNA_001/20220921_090000.WAV,Telephone Field,recover-20220922,001,1795
1372.4265,1372.4354,24609,32858,Eptesicus serotinus,0.009,0.023,-1,Echolocation,/mnt/ubna_data_02_mir/recover-20220922/UBNA_001/20220921_090000.WAV,Telephone Field,recover-20220922,001,1795
1372.4355,1372.4435,27187,38274,Eptesicus serotinus,0.007,0.02,-1,Echolocation,/mnt/ubna_data_02_mir/recover-20220922/UBNA_001/20220921_090000.WAV,Telephone Field,recover-20220922,001,1795
1372.4565,1372.4958,68437,82516,Rhinolophus ferrumequinum,0.022,0.022,-1,Echolocation,/mnt/ubna_data_02_mir/recover-20220922/UBNA_001/20220921_090000.WAV,Telephone Field,recover-20220922,001,1795
1372.4955,1372.5068,28906,35022,Eptesicus serotinus,0.011,0.024,-1,Echolocation,/mnt/ubna_data_02_mir/recover-20220922/UBNA_001/20220921_090000.WAV,Telephone Field,recover-20220922,001,1795
1372.5055,1372.5144,22890,29831,Plecotus austriacus,0.007,0.02,-1,Echolocation,/mnt/ubna_data_02_mir/recover-20220922/UBNA_001/20220921_090000.WAV,Telephone Field,recover-20220922,001,1795
1372.5495,1372.558,27187,35873,Eptesicus serotinus,0.009,0.021,-1,Echolocation,/mnt/ubna_data_02_mir/recover-20220922/UBNA_001/20220921_090000.WAV,Telephone Field,recover-20220922,001,1795
1372.5525,1372.5905,68437,82572,Rhinolophus ferrumequinum,0.023,0.023,-1,Echolocation,/mnt/ubna_data_02_mir/recover-20220922/UBNA_001/20220921_090000.WAV,Telephone Field,recover-20220922,001,1795
1372.5905,1372.6269,68437,81625,Rhinolophus ferrumequinum,0.021,0.021,-1,Echolocation,/mnt/ubna_data_02_mir/recover-20220922/UBNA_001/20220921_090000.WAV,Telephone Field,recover-20220922,001,1795
1372.6115,1372.6192,28046,39531,Eptesicus serotinus,0.007,0.023,-1,Echolocation,/mnt/ubna_data_02_mir/recover-20220922/UBNA_001/20220921_090000.WAV,Telephone Field,recover-20220922,001,1795
1372.6235,1372.6599,68437,81618,Rhinolophus ferrumequinum,0.02,0.02,-1,Echolocation,/mnt/ubna_data_02_mir/recover-20220922/UBNA_001/20220921_090000.WAV,Telephone Field,recover-20220922,001,1795
1372.6485,1372.6895,68437,82474,Rhinolophus ferrumequinum,0.024,0.024,-1,Echolocation,/mnt/ubna_data_02_mir/recover-20220922/UBNA_001/20220921_090000.WAV,Telephone Field,recover-20220922,001,1795
1372.6585,1372.696,68437,82050,Rhinolophus ferrumequinum,0.02,0.02,-1,Echolocation,/mnt/ubna_data_02_mir/recover-20220922/UBNA_001/20220921_090000.WAV,Telephone Field,recover-20220922,001,1795
1372.6845,1372.7226,68437,81480,Rhinolophus ferrumequinum,0.021,0.021,-1,Echolocation,/mnt/ubna_data_02_mir/recover-20220922/UBNA_001/20220921_090000.WAV,Telephone Field,recover-20220922,001,1795
1372.6895,1372.7004,24609,31238,Eptesicus serotinus,0.008,0.022,-1,Echolocation,/mnt/ubna_data_02_mir/recover-20220922/UBNA_001/20220921_090000.WAV,Telephone Field,recover-20220922,001,1795
1372.7055,1372.7153,28046,36661,Eptesicus serotinus,0.011,0.023,-1,Echolocation,/mnt/ubna_data_02_mir/recover-20220922/UBNA_001/20220921_090000.WAV,Telephone Field,recover-20220922,001,1795
1372.7055,1372.7163,45234,48691,Pipistrellus pipistrellus,0.023,0.026,-1,Echolocation,/mnt/ubna_data_02_mir/recover-20220922/UBNA_001/20220921_090000.WAV,Telephone Field,recover-20220922,001,1795
1372.7245,1372.767,68437,83075,Rhinolophus ferrumequinum,0.04,0.04,-1,Echolocation,/mnt/ubna_data_02_mir/recover-20220922/UBNA_001/20220921_090000.WAV,Telephone Field,recover-20220922,001,1795
1372.7255,1372.7358,23750,29647,Nyctalus leisleri,0.008,0.021,-1,Echolocation,/mnt/ubna_data_02_mir/recover-20220922/UBNA_001/20220921_090000.WAV,Telephone Field,recover-20220922,001,1795
1372.7705,1372.7781,28046,39260,Eptesicus serotinus,0.007,0.022,-1,Echolocation,/mnt/ubna_data_02_mir/recover-20220922/UBNA_001/20220921_090000.WAV,Telephone Field,recover-20220922,001,1795
1372.8075,1372.8459,68437,81829,Rhinolophus ferrumequinum,0.02,0.02,-1,Echolocation,/mnt/ubna_data_02_mir/recover-20220922/UBNA_001/20220921_090000.WAV,Telephone Field,recover-20220922,001,1795
1372.8305,1372.8399,23750,30406,Nyctalus leisleri,0.006,0.02,-1,Echolocation,/mnt/ubna_data_02_mir/recover-20220922/UBNA_001/20220921_090000.WAV,Telephone Field,recover-20220922,001,1795
1372.8395,1372.8801,68437,82610,Rhinolophus ferrumequinum,0.023,0.023,-1,Echolocation,/mnt/ubna_data_02_mir/recover-20220922/UBNA_001/20220921_090000.WAV,Telephone Field,recover-20220922,001,1795
1372.9235,1372.9329,28046,37969,Eptesicus serotinus,0.01,0.024,-1,Echolocation,/mnt/ubna_data_02_mir/recover-20220922/UBNA_001/20220921_090000.WAV,Telephone Field,recover-20220922,001,1795
1372.9345,1372.9424,27187,41037,Eptesicus serotinus,0.007,0.02,-1,Echolocation,/mnt/ubna_data_02_mir/recover-20220922/UBNA_001/20220921_090000.WAV,Telephone Field,recover-20220922,001,1795
1372.9455,1372.9554,27187,34461,Eptesicus serotinus,0.013,0.026,-1,Echolocation,/mnt/ubna_data_02_mir/recover-20220922/UBNA_001/20220921_090000.WAV,Telephone Field,recover-20220922,001,1795
1372.9845,1373.021,68437,80881,Rhinolophus ferrumequinum,0.02,0.02,-1,Echolocation,/mnt/ubna_data_02_mir/recover-20220922/UBNA_001/20220921_090000.WAV,Telephone Field,recover-20220922,001,1795
1372.9885,1372.9977,28046,37437,Eptesicus serotinus,0.01,0.024,-1,Echolocation,/mnt/ubna_data_02_mir/recover-20220922/UBNA_001/20220921_090000.WAV,Telephone Field,recover-20220922,001,1795
1373.0095,1373.0486,68437,82351,Rhinolophus ferrumequinum,0.021,0.021,-1,Echolocation,/mnt/ubna_data_02_mir/recover-20220922/UBNA_001/20220921_090000.WAV,Telephone Field,recover-20220922,001,1795
1373.0275,1373.0655,68437,82316,Rhinolophus ferrumequinum,0.026,0.026,-1,Echolocation,/mnt/ubna_data_02_mir/recover-20220922/UBNA_001/20220921_090000.WAV,Telephone Field,recover-20220922,001,1795
1373.0405,1373.0779,68437,81800,Rhinolophus ferrumequinum,0.021,0.021,-1,Echolocation,/mnt/ubna_data_02_mir/recover-20220922/UBNA_001/20220921_090000.WAV,Telephone Field,recover-20220922,001,1795
1373.0535,1373.0602,46953,55403,Pipistrellus pipistrellus,0.02,0.022,-1,Echolocation,/mnt/ubna_data_02_mir/recover-20220922/UBNA_001/20220921_090000.WAV,Telephone Field,recover-20220922,001,1795
1373.1015,1373.1087,28046,40091,Eptesicus serotinus,0.007,0.026,-1,Echolocation,/mnt/ubna_data_02_mir/recover-20220922/UBNA_001/20220921_090000.WAV,Telephone Field,recover-20220922,001,1795
1373.1615,1373.1688,27187,39496,Eptesicus serotinus,0.006,0.022,-1,Echolocation,/mnt/ubna_data_02_mir/recover-20220922/UBNA_001/20220921_090000.WAV,Telephone Field,recover-20220922,001,1795
1373.1685,1373.2088,68437,82633,Rhinolophus ferrumequinum,0.023,0.023,-1,Echolocation,/mnt/ubna_data_02_mir/recover-20220922/UBNA_001/20220921_090000.WAV,Telephone Field,recover-20220922,001,1795
1373.1915,1373.2315,68437,82668,Rhinolophus ferrumequinum,0.023,0.023,-1,Echolocation,/mnt/ubna_data_02_mir/recover-20220922/UBNA_001/20220921_090000.WAV,Telephone Field,recover-20220922,001,1795
1373.2085,1373.2462,68437,82050,Rhinolophus ferrumequinum,0.02,0.021,-1,Echolocation,/mnt/ubna_data_02_mir/recover-20220922/UBNA_001/20220921_090000.WAV,Telephone Field,recover-20220922,001,1795
1373.2215,1373.2611,68437,82246,Rhinolophus ferrumequinum,0.021,0.021,-1,Echolocation,/mnt/ubna_data_02_mir/recover-20220922/UBNA_001/20220921_090000.WAV,Telephone Field,recover-20220922,001,1795
1373.2465,1373.2862,68437,82166,Rhinolophus ferrumequinum,0.02,0.02,-1,Echolocation,/mnt/ubna_data_02_mir/recover-20220922/UBNA_001/20220921_090000.WAV,Telephone Field,recover-20220922,001,1795
1373.2585,1373.2662,23750,32277,Plecotus austriacus,0.01,0.026,-1,Echolocation,/mnt/ubna_data_02_mir/recover-20220922/UBNA_001/20220921_090000.WAV,Telephone Field,recover-20220922,001,1795
1373.2865,1373.327,68437,82467,Rhinolophus ferrumequinum,0.02,0.02,-1,Echolocation,/mnt/ubna_data_02_mir/recover-20220922/UBNA_001/20220921_090000.WAV,Telephone Field,recover-20220922,001,1795
1373.3275,1373.367,68437,82922,Rhinolophus ferrumequinum,0.023,0.023,-1,Echolocation,/mnt/ubna_data_02_mir/recover-20220922/UBNA_001/20220921_090000.WAV,Telephone Field,recover-20220922,001,1795
1373.3735,1373.3958,19453,22067,Nyctalus leisleri,0.011,0.024,-1,Echolocation,/mnt/ubna_data_02_mir/recover-20220922/UBNA_001/20220921_090000.WAV,Telephone Field,recover-20220922,001,1795
1373.3815,1373.3897,28046,43846,Eptesicus serotinus,0.009,0.025,-1,Echolocation,/mnt/ubna_data_02_mir/recover-20220922/UBNA_001/20220921_090000.WAV,Telephone Field,recover-20220922,001,1795
1373.3855,1373.4232,68437,81990,Rhinolophus ferrumequinum,0.02,0.02,-1,Echolocation,/mnt/ubna_data_02_mir/recover-20220922/UBNA_001/20220921_090000.WAV,Telephone Field,recover-20220922,001,1795
1373.4375,1373.4483,22890,27917,Nyctalus leisleri,0.013,0.026,-1,Echolocation,/mnt/ubna_data_02_mir/recover-20220922/UBNA_001/20220921_090000.WAV,Telephone Field,recover-20220922,001,1795
1373.4475,1373.4826,68437,81146,Rhinolophus ferrumequinum,0.02,0.02,-1,Echolocation,/mnt/ubna_data_02_mir/recover-20220922/UBNA_001/20220921_090000.WAV,Telephone Field,recover-20220922,001,1795
1373.4595,1373.4686,47812,53096,Pipistrellus pipistrellus,0.023,0.025,-1,Echolocation,/mnt/ubna_data_02_mir/recover-20220922/UBNA_001/20220921_090000.WAV,Telephone Field,recover-20220922,001,1795
1373.4835,1373.5214,68437,81407,Rhinolophus ferrumequinum,0.025,0.025,-1,Echolocation,/mnt/ubna_data_02_mir/recover-20220922/UBNA_001/20220921_090000.WAV,Telephone Field,recover-20220922,001,1795
1373.5005,1373.5096,23750,30974,Nyctalus leisleri,0.007,0.026,-1,Echolocation,/mnt/ubna_data_02_mir/recover-20220922/UBNA_001/20220921_090000.WAV,Telephone Field,recover-20220922,001,1795
1373.5295,1373.5693,68437,82259,Rhinolophus ferrumequinum,0.023,0.023,-1,Echolocation,/mnt/ubna_data_02_mir/recover-20220922/UBNA_001/20220921_090000.WAV,Telephone Field,recover-20220922,001,1795
1373.5495,1373.5573,46953,50992,Pipistrellus pipistrellus,0.021,0.022,-1,Echolocation,/mnt/ubna_data_02_mir/recover-20220922/UBNA_001/20220921_090000.WAV,Telephone Field,recover-20220922,001,1795
1373.5825,1373.6231,68437,82590,Rhinolophus ferrumequinum,0.06,0.06,-1,Echolocation,/mnt/ubna_data_02_mir/recover-20220922/UBNA_001/20220921_090000.WAV,Telephone Field,recover-20220922,001,1795
1373.6025,1373.6462,68437,83542,Rhinolophus ferrumequinum,0.03,0.03,-1,Echolocation,/mnt/ubna_data_02_mir/recover-20220922/UBNA_001/20220921_090000.WAV,Telephone Field,recover-20220922,001,1795
1373.6145,1373.6577,68437,83573,Rhinolophus ferrumequinum,0.035,0.035,-1,Echolocation,/mnt/ubna_data_02_mir/recover-20220922/UBNA_001/20220921_090000.WAV,Telephone Field,recover-20220922,001,1795
1373.6575,1373.6675,22031,26719,Nyctalus leisleri,0.01,0.021,-1,Echolocation,/mnt/ubna_data_02_mir/recover-20220922/UBNA_001/20220921_090000.WAV,Telephone Field,recover-20220922,001,1795
1373.6755,1373.7166,68437,82911,Rhinolophus ferrumequinum,0.024,0.024,-1,Echolocation,/mnt/ubna_data_02_mir/recover-20220922/UBNA_001/20220921_090000.WAV,Telephone Field,recover-20220922,001,1795
1373.6885,1373.6953,28046,39610,Eptesicus serotinus,0.006,0.021,-1,Echolocation,/mnt/ubna_data_02_mir/recover-20220922/UBNA_001/20220921_090000.WAV,Telephone Field,recover-20220922,001,1795
1373.7095,1373.7195,23750,30421,Nyctalus leisleri,0.01,0.026,-1,Echolocation,/mnt/ubna_data_02_mir/recover-20220922/UBNA_001/20220921_090000.WAV,Telephone Field,recover-20220922,001,1795
1373.7405,1373.7498,28046,37402,Eptesicus serotinus,0.009,0.021,-1,Echolocation,/mnt/ubna_data_02_mir/recover-20220922/UBNA_001/20220921_090000.WAV,Telephone Field,recover-20220922,001,1795
1373.7445,1373.7813,68437,81959,Rhinolophus ferrumequinum,0.02,0.02,-1,Echolocation,/mnt/ubna_data_02_mir/recover-20220922/UBNA_001/20220921_090000.WAV,Telephone Field,recover-20220922,001,1795
1373.7755,1373.7852,28906,40085,Eptesicus serotinus,0.01,0.023,-1,Echolocation,/mnt/ubna_data_02_mir/recover-20220922/UBNA_001/20220921_090000.WAV,Telephone Field,recover-20220922,001,1795
1373.7795,1373.8188,68437,82916,Rhinolophus ferrumequinum,0.022,0.022,-1,Echolocation,/mnt/ubna_data_02_mir/recover-20220922/UBNA_001/20220921_090000.WAV,Telephone Field,recover-20220922,001,1795
1373.7955,1373.811,22031,26795,Nyctalus leisleri,0.011,0.023,-1,Echolocation,/mnt/ubna_data_02_mir/recover-20220922/UBNA_001/20220921_090000.WAV,Telephone Field,recover-20220922,001,1795
1373.7985,1373.8386,68437,81916,Rhinolophus ferrumequinum,0.027,0.027,-1,Echolocation,/mnt/ubna_data_02_mir/recover-20220922/UBNA_001/20220921_090000.WAV,Telephone Field,recover-20220922,001,1795
1373.8215,1373.8319,23750,29313,Nyctalus leisleri,0.009,0.021,-1,Echolocation,/mnt/ubna_data_02_mir/recover-20220922/UBNA_001/20220921_090000.WAV,Telephone Field,recover-20220922,001,1795
1373.8465,1373.88,67578,78845,Rhinolophus ferrumequinum,0.019,0.02,-1,Echolocation,/mnt/ubna_data_02_mir/recover-20220922/UBNA_001/20220921_090000.WAV,Telephone Field,recover-20220922,001,1795
1373.8745,1373.9137,68437,81556,Rhinolophus ferrumequinum,0.02,0.02,-1,Echolocation,/mnt/ubna_data_02_mir/recover-20220922/UBNA_001/20220921_090000.WAV,Telephone Field,recover-20220922,001,1795
1373.8955,1373.904,27187,36247,Eptesicus serotinus,0.008,0.021,-1,Echolocation,/mnt/ubna_data_02_mir/recover-20220922/UBNA_001/20220921_090000.WAV,Telephone Field,recover-20220922,001,1795
1373.8955,1373.9344,68437,81704,Rhinolophus ferrumequinum,0.023,0.023,-1,Echolocation,/mnt/ubna_data_02_mir/recover-20220922/UBNA_001/20220921_090000.WAV,Telephone Field,recover-20220922,001,1795
1373.9085,1373.9509,68437,83006,Rhinolophus ferrumequinum,0.023,0.023,-1,Echolocation,/mnt/ubna_data_02_mir/recover-20220922/UBNA_001/20220921_090000.WAV,Telephone Field,recover-20220922,001,1795
1373.9385,1373.9783,68437,81974,Rhinolophus ferrumequinum,0.02,0.02,-1,Echolocation,/mnt/ubna_data_02_mir/recover-20220922/UBNA_001/20220921_090000.WAV,Telephone Field,recover-20220922,001,1795
1373.9455,1373.9856,68437,82445,Rhinolophus ferrumequinum,0.02,0.02,-1,Echolocation,/mnt/ubna_data_02_mir/recover-20220922/UBNA_001/20220921_090000.WAV,Telephone Field,recover-20220922,001,1795
1373.9475,1373.9557,24609,32766,Eptesicus serotinus,0.006,0.021,-1,Echolocation,/mnt/ubna_data_02_mir/recover-20220922/UBNA_001/20220921_090000.WAV,Telephone Field,recover-20220922,001,1795
1373.9775,1373.9956,16875,21076,Nyctalus noctula,0.048,0.063,-1,Echolocation,/mnt/ubna_data_02_mir/recover-20220922/UBNA_001/20220921_090000.WAV,Telephone Field,recover-20220922,001,1795
1374.0015,1374.0115,23750,30177,Nyctalus leisleri,0.014,0.031,-1,Echolocation,/mnt/ubna_data_02_mir/recover-20220922/UBNA_001/20220921_090000.WAV,Telephone Field,recover-20220922,001,1795
1374.0015,1374.0086000000001,46953,51533,Pipistrellus pipistrellus,0.023,0.03,-1,Echolocation,/mnt/ubna_data_02_mir/recover-20220922/UBNA_001/20220921_090000.WAV,Telephone Field,recover-20220922,001,1795
1374.0015,1374.0333,68437,79495,Rhinolophus ferrumequinum,0.034,0.034,-1,Echolocation,/mnt/ubna_data_02_mir/recover-20220922/UBNA_001/20220921_090000.WAV,Telephone Field,recover-20220922,001,1795
1374.0085,1374.051,68437,81739,Rhinolophus ferrumequinum,0.023,0.023,-1,Echolocation,/mnt/ubna_data_02_mir/recover-20220922/UBNA_001/20220921_090000.WAV,Telephone Field,recover-20220922,001,1795
1374.0095,1374.0291,19453,21979,Nyctalus leisleri,0.012,0.022,-1,Echolocation,/mnt/ubna_data_02_mir/recover-20220922/UBNA_001/20220921_090000.WAV,Telephone Field,recover-20220922,001,1795
1374.0355,1374.071,68437,80628,Rhinolophus ferrumequinum,0.021,0.021,-1,Echolocation,/mnt/ubna_data_02_mir/recover-20220922/UBNA_001/20220921_090000.WAV,Telephone Field,recover-20220922,001,1795
1374.0495,1374.0866,68437,81493,Rhinolophus ferrumequinum,0.024,0.024,-1,Echolocation,/mnt/ubna_data_02_mir/recover-20220922/UBNA_001/20220921_090000.WAV,Telephone Field,recover-20220922,001,1795
1374.0575,1374.0929,68437,81312,Rhinolophus ferrumequinum,0.023,0.023,-1,Echolocation,/mnt/ubna_data_02_mir/recover-20220922/UBNA_001/20220921_090000.WAV,Telephone Field,recover-20220922,001,1795
1374.0945,1374.1373,68437,83056,Rhinolophus ferrumequinum,0.033,0.033,-1,Echolocation,/mnt/ubna_data_02_mir/recover-20220922/UBNA_001/20220921_090000.WAV,Telephone Field,recover-20220922,001,1795
1374.0945,1374.0995,50390,58029,Pipistrellus pipistrellus,0.017,0.022,-1,Echolocation,/mnt/ubna_data_02_mir/recover-20220922/UBNA_001/20220921_090000.WAV,Telephone Field,recover-20220922,001,1795
1374.1175,1374.1261,27187,37547,Eptesicus serotinus,0.008,0.021,-1,Echolocation,/mnt/ubna_data_02_mir/recover-20220922/UBNA_001/20220921_090000.WAV,Telephone Field,recover-20220922,001,1795
1374.1425,1374.1784,68437,81568,Rhinolophus ferrumequinum,0.023,0.023,-1,Echolocation,/mnt/ubna_data_02_mir/recover-20220922/UBNA_001/20220921_090000.WAV,Telephone Field,recover-20220922,001,1795
1374.1565,1374.1925,68437,82208,Rhinolophus ferrumequinum,0.021,0.021,-1,Echolocation,/mnt/ubna_data_02_mir/recover-20220922/UBNA_001/20220921_090000.WAV,Telephone Field,recover-20220922,001,1795
1374.1915,1374.2023,23750,29229,Nyctalus leisleri,0.009,0.021,-1,Echolocation,/mnt/ubna_data_02_mir/recover-20220922/UBNA_001/20220921_090000.WAV,Telephone Field,recover-20220922,001,1795
1374.2105,1374.2218,28906,34370,Eptesicus serotinus,0.012,0.029,-1,Echolocation,/mnt/ubna_data_02_mir/recover-20220922/UBNA_001/20220921_090000.WAV,Telephone Field,recover-20220922,001,1795
1374.2535,1374.2619,51250,56700,Pipistrellus pipistrellus,0.024,0.029,-1,Echolocation,/mnt/ubna_data_02_mir/recover-20220922/UBNA_001/20220921_090000.WAV,Telephone Field,recover-20220922,001,1795
1374.2685,1374.3036,68437,81294,Rhinolophus ferrumequinum,0.021,0.021,-1,Echolocation,/mnt/ubna_data_02_mir/recover-20220922/UBNA_001/20220921_090000.WAV,Telephone Field,recover-20220922,001,1795
1374.2965,1374.336,68437,82542,Rhinolophus ferrumequinum,0.021,0.021,-1,Echolocation,/mnt/ubna_data_02_mir/recover-20220922/UBNA_001/20220921_090000.WAV,Telephone Field,recover-20220922,001,1795
1374.3455,1374.3562,50390,56741,Pipistrellus pipistrellus,0.03,0.038,-1,Echolocation,/mnt/ubna_data_02_mir/recover-20220922/UBNA_001/20220921_090000.WAV,Telephone Field,recover-20220922,001,1795
1374.3655,1374.3773,22890,28197,Nyctalus leisleri,0.01,0.022,-1,Echolocation,/mnt/ubna_data_02_mir/recover-20220922/UBNA_001/20220921_090000.WAV,Telephone Field,recover-20220922,001,1795
1374.3665,1374.4066,68437,82675,Rhinolophus ferrumequinum,0.032,0.032,-1,Echolocation,/mnt/ubna_data_02_mir/recover-20220922/UBNA_001/20220921_090000.WAV,Telephone Field,recover-20220922,001,1795
1374.3935,1374.4028,28046,35898,Eptesicus serotinus,0.008,0.021,-1,Echolocation,/mnt/ubna_data_02_mir/recover-20220922/UBNA_001/20220921_090000.WAV,Telephone Field,recover-20220922,001,1795
1374.4195,1374.4618,68437,83010,Rhinolophus ferrumequinum,0.024,0.024,-1,Echolocation,/mnt/ubna_data_02_mir/recover-20220922/UBNA_001/20220921_090000.WAV,Telephone Field,recover-20220922,001,1795
1374.4315,1374.4381,49531,53601,Pipistrellus pipistrellus,0.019,0.021,-1,Echolocation,/mnt/ubna_data_02_mir/recover-20220922/UBNA_001/20220921_090000.WAV,Telephone Field,recover-20220922,001,1795
1374.4325,1374.4416,22031,28437,Plecotus austriacus,0.008,0.022,-1,Echolocation,/mnt/ubna_data_02_mir/recover-20220922/UBNA_001/20220921_090000.WAV,Telephone Field,recover-20220922,001,1795
1374.4685,1374.5076,68437,82172,Rhinolophus ferrumequinum,0.021,0.021,-1,Echolocation,/mnt/ubna_data_02_mir/recover-20220922/UBNA_001/20220921_090000.WAV,Telephone Field,recover-20220922,001,1795
1374.4865,1374.5246,68437,82316,Rhinolophus ferrumequinum,0.022,0.022,-1,Echolocation,/mnt/ubna_data_02_mir/recover-20220922/UBNA_001/20220921_090000.WAV,Telephone Field,recover-20220922,001,1795
1374.4935,1374.5039,26328,34534,Eptesicus serotinus,0.018,0.033,-1,Echolocation,/mnt/ubna_data_02_mir/recover-20220922/UBNA_001/20220921_090000.WAV,Telephone Field,recover-20220922,001,1795
1374.5055,1374.5448,68437,81865,Rhinolophus ferrumequinum,0.027,0.027,-1,Echolocation,/mnt/ubna_data_02_mir/recover-20220922/UBNA_001/20220921_090000.WAV,Telephone Field,recover-20220922,001,1795
1374.5125,1374.5230999999999,23750,29378,Nyctalus leisleri,0.01,0.023,-1,Echolocation,/mnt/ubna_data_02_mir/recover-20220922/UBNA_001/20220921_090000.WAV,Telephone Field,recover-20220922,001,1795
1374.5195,1374.5312,24609,29902,Nyctalus leisleri,0.012,0.026,-1,Echolocation,/mnt/ubna_data_02_mir/recover-20220922/UBNA_001/20220921_090000.WAV,Telephone Field,recover-20220922,001,1795
1374.5425,1374.5808,68437,81961,Rhinolophus ferrumequinum,0.024,0.024,-1,Echolocation,/mnt/ubna_data_02_mir/recover-20220922/UBNA_001/20220921_090000.WAV,Telephone Field,recover-20220922,001,1795
1374.5485,1374.5578,28906,38405,Eptesicus serotinus,0.014,0.03,-1,Echolocation,/mnt/ubna_data_02_mir/recover-20220922/UBNA_001/20220921_090000.WAV,Telephone Field,recover-20220922,001,1795
1374.5725,1374.5803,27187,36911,Eptesicus serotinus,0.008,0.021,-1,Echolocation,/mnt/ubna_data_02_mir/recover-20220922/UBNA_001/20220921_090000.WAV,Telephone Field,recover-20220922,001,1795
1374.5775,1374.6159,68437,81858,Rhinolophus ferrumequinum,0.024,0.024,-1,Echolocation,/mnt/ubna_data_02_mir/recover-20220922/UBNA_001/20220921_090000.WAV,Telephone Field,recover-20220922,001,1795
1374.6085,1374.6248,20312,24110,Nyctalus leisleri,0.014,0.026,-1,Echolocation,/mnt/ubna_data_02_mir/recover-20220922/UBNA_001/20220921_090000.WAV,Telephone Field,recover-20220922,001,1795
1374.6105,1374.6488,68437,82414,Rhinolophus ferrumequinum,0.023,0.023,-1,Echolocation,/mnt/ubna_data_02_mir/recover-20220922/UBNA_001/20220921_090000.WAV,Telephone Field,recover-20220922,001,1795
1374.6335,1374.6746,68437,82493,Rhinolophus ferrumequinum,0.03,0.03,-1,Echolocation,/mnt/ubna_data_02_mir/recover-20220922/UBNA_001/20220921_090000.WAV,Telephone Field,recover-20220922,001,1795
1374.6375,1374.6457,27187,38043,Eptesicus serotinus,0.007,0.021,-1,Echolocation,/mnt/ubna_data_02_mir/recover-20220922/UBNA_001/20220921_090000.WAV,Telephone Field,recover-20220922,001,1795
1374.6435,1374.6832,68437,82736,Rhinolophus ferrumequinum,0.021,0.021,-1,Echolocation,/mnt/ubna_data_02_mir/recover-20220922/UBNA_001/20220921_090000.WAV,Telephone Field,recover-20220922,001,1795
1374.6495,1374.6592,22890,28738,Nyctalus leisleri,0.009,0.023,-1,Echolocation,/mnt/ubna_data_02_mir/recover-20220922/UBNA_001/20220921_090000.WAV,Telephone Field,recover-20220922,001,1795
1374.6925,1374.7323,68437,82143,Rhinolophus ferrumequinum,0.024,0.024,-1,Echolocation,/mnt/ubna_data_02_mir/recover-20220922/UBNA_001/20220921_090000.WAV,Telephone Field,recover-20220922,001,1795
1374.7055,1374.7142,28046,37793,Eptesicus serotinus,0.008,0.022,-1,Echolocation,/mnt/ubna_data_02_mir/recover-20220922/UBNA_001/20220921_090000.WAV,Telephone Field,recover-20220922,001,1795
1374.7135,1374.7526,68437,82867,Rhinolophus ferrumequinum,0.022,0.022,-1,Echolocation,/mnt/ubna_data_02_mir/recover-20220922/UBNA_001/20220921_090000.WAV,Telephone Field,recover-20220922,001,1795
1374.7145,1374.7226,28046,38277,Eptesicus serotinus,0.007,0.021,-1,Echolocation,/mnt/ubna_data_02_mir/recover-20220922/UBNA_001/20220921_090000.WAV,Telephone Field,recover-20220922,001,1795
1374.7375,1374.7754,68437,81953,Rhinolophus ferrumequinum,0.022,0.022,-1,Echolocation,/mnt/ubna_data_02_mir/recover-20220922/UBNA_001/20220921_090000.WAV,Telephone Field,recover-20220922,001,1795
1374.7455,1374.7546,26328,35474,Eptesicus serotinus,0.009,0.023,-1,Echolocation,/mnt/ubna_data_02_mir/recover-20220922/UBNA_001/20220921_090000.WAV,Telephone Field,recover-20220922,001,1795
1374.7575,1374.7961,68437,82088,Rhinolophus ferrumequinum,0.022,0.022,-1,Echolocation,/mnt/ubna_data_02_mir/recover-20220922/UBNA_001/20220921_090000.WAV,Telephone Field,recover-20220922,001,1795
1374.7745,1374.8144,68437,82362,Rhinolophus ferrumequinum,0.024,0.024,-1,Echolocation,/mnt/ubna_data_02_mir/recover-20220922/UBNA_001/20220921_090000.WAV,Telephone Field,recover-20220922,001,1795
1374.8395,1374.849,23750,31051,Nyctalus leisleri,0.007,0.023,-1,Echolocation,/mnt/ubna_data_02_mir/recover-20220922/UBNA_001/20220921_090000.WAV,Telephone Field,recover-20220922,001,1795
1374.8415,1374.8781,68437,81924,Rhinolophus ferrumequinum,0.021,0.021,-1,Echolocation,/mnt/ubna_data_02_mir/recover-20220922/UBNA_001/20220921_090000.WAV,Telephone Field,recover-20220922,001,1795
1374.8805,1374.8907,28906,35875,Eptesicus serotinus,0.01,0.024,-1,Echolocation,/mnt/ubna_data_02_mir/recover-20220922/UBNA_001/20220921_090000.WAV,Telephone Field,recover-20220922,001,1795
1374.8845,1374.8956,22890,27738,Nyctalus leisleri,0.012,0.023,-1,Echolocation,/mnt/ubna_data_02_mir/recover-20220922/UBNA_001/20220921_090000.WAV,Telephone Field,recover-20220922,001,1795
1374.8915,1374.9319,68437,82779,Rhinolophus ferrumequinum,0.029,0.029,-1,Echolocation,/mnt/ubna_data_02_mir/recover-20220922/UBNA_001/20220921_090000.WAV,Telephone Field,recover-20220922,001,1795
1374.8995,1374.9422,68437,82922,Rhinolophus ferrumequinum,0.024,0.024,-1,Echolocation,/mnt/ubna_data_02_mir/recover-20220922/UBNA_001/20220921_090000.WAV,Telephone Field,recover-20220922,001,1795
1374.9175,1374.9525,68437,81776,Rhinolophus ferrumequinum,0.021,0.021,-1,Echolocation,/mnt/ubna_data_02_mir/recover-20220922/UBNA_001/20220921_090000.WAV,Telephone Field,recover-20220922,001,1795
1374.9355,1374.9757,68437,82281,Rhinolophus ferrumequinum,0.021,0.021,-1,Echolocation,/mnt/ubna_data_02_mir/recover-20220922/UBNA_001/20220921_090000.WAV,Telephone Field,recover-20220922,001,1795
1374.9555,1374.9634,28046,38437,Eptesicus serotinus,0.009,0.028,-1,Echolocation,/mnt/ubna_data_02_mir/recover-20220922/UBNA_001/20220921_090000.WAV,Telephone Field,recover-20220922,001,1795
1374.9705,1374.9849,28906,34423,Eptesicus serotinus,0.03,0.048,-1,Echolocation,/mnt/ubna_data_02_mir/recover-20220922/UBNA_001/20220921_090000.WAV,Telephone Field,recover-20220922,001,1795
1374.9865,1375.0287,68437,83179,Rhinolophus ferrumequinum,0.033,0.033,-1,Echolocation,/mnt/ubna_data_02_mir/recover-20220922/UBNA_001/20220921_090000.WAV,Telephone Field,recover-20220922,001,1795
1375.0235,1375.061,68437,82071,Rhinolophus ferrumequinum,0.022,0.022,-1,Echolocation,/mnt/ubna_data_02_mir/recover-20220922/UBNA_001/20220921_090000.WAV,Telephone Field,recover-20220922,001,1795
1375.0255,1375.04,23750,28496,Nyctalus leisleri,0.014,0.028,-1,Echolocation,/mnt/ubna_data_02_mir/recover-20220922/UBNA_001/20220921_090000.WAV,Telephone Field,recover-20220922,001,1795
1375.0475,1375.0867,68437,82052,Rhinolophus ferrumequinum,0.022,0.022,-1,Echolocation,/mnt/ubna_data_02_mir/recover-20220922/UBNA_001/20220921_090000.WAV,Telephone Field,recover-20220922,001,1795
1375.0875,1375.1261,68437,82457,Rhinolophus ferrumequinum,0.028,0.028,-1,Echolocation,/mnt/ubna_data_02_mir/recover-20220922/UBNA_001/20220921_090000.WAV,Telephone Field,recover-20220922,001,1795
1375.1065,1375.1143,27187,39104,Eptesicus serotinus,0.008,0.026,-1,Echolocation,/mnt/ubna_data_02_mir/recover-20220922/UBNA_001/20220921_090000.WAV,Telephone Field,recover-20220922,001,1795
1375.1355,1375.1713,68437,81468,Rhinolophus ferrumequinum,0.022,0.022,-1,Echolocation,/mnt/ubna_data_02_mir/recover-20220922/UBNA_001/20220921_090000.WAV,Telephone Field,recover-20220922,001,1795
1375.1535,1375.1629,28046,40285,Eptesicus serotinus,0.015,0.029,-1,Echolocation,/mnt/ubna_data_02_mir/recover-20220922/UBNA_001/20220921_090000.WAV,Telephone Field,recover-20220922,001,1795
1375.1535,1375.1911,68437,82351,Rhinolophus ferrumequinum,0.027,0.027,-1,Echolocation,/mnt/ubna_data_02_mir/recover-20220922/UBNA_001/20220921_090000.WAV,Telephone Field,recover-20220922,001,1795
1375.1685,1375.206,68437,82037,Rhinolophus ferrumequinum,0.023,0.023,-1,Echolocation,/mnt/ubna_data_02_mir/recover-20220922/UBNA_001/20220921_090000.WAV,Telephone Field,recover-20220922,001,1795
1375.2115,1375.2497,68437,82380,Rhinolophus ferrumequinum,0.026,0.026,-1,Echolocation,/mnt/ubna_data_02_mir/recover-20220922/UBNA_001/20220921_090000.WAV,Telephone Field,recover-20220922,001,1795
1375.2325,1375.2742,68437,82829,Rhinolophus ferrumequinum,0.035,0.035,-1,Echolocation,/mnt/ubna_data_02_mir/recover-20220922/UBNA_001/20220921_090000.WAV,Telephone Field,recover-20220922,001,1795
1375.2345,1375.2547,18593,22364,Nyctalus noctula,0.02,0.035,-1,Echolocation,/mnt/ubna_data_02_mir/recover-20220922/UBNA_001/20220921_090000.WAV,Telephone Field,recover-20220922,001,1795
1375.2505,1375.2882,68437,82182,Rhinolophus ferrumequinum,0.023,0.023,-1,Echolocation,/mnt/ubna_data_02_mir/recover-20220922/UBNA_001/20220921_090000.WAV,Telephone Field,recover-20220922,001,1795
1375.2755,1375.3122,68437,81656,Rhinolophus ferrumequinum,0.027,0.027,-1,Echolocation,/mnt/ubna_data_02_mir/recover-20220922/UBNA_001/20220921_090000.WAV,Telephone Field,recover-20220922,001,1795
1375.2965,1375.3051,28046,37410,Eptesicus serotinus,0.008,0.022,-1,Echolocation,/mnt/ubna_data_02_mir/recover-20220922/UBNA_001/20220921_090000.WAV,Telephone Field,recover-20220922,001,1795
1375.3085,1375.3435,68437,81066,Rhinolophus ferrumequinum,0.038,0.038,-1,Echolocation,/mnt/ubna_data_02_mir/recover-20220922/UBNA_001/20220921_090000.WAV,Telephone Field,recover-20220922,001,1795
1375.3415,1375.3789,68437,82407,Rhinolophus ferrumequinum,0.023,0.023,-1,Echolocation,/mnt/ubna_data_02_mir/recover-20220922/UBNA_001/20220921_090000.WAV,Telephone Field,recover-20220922,001,1795
1375.3645,1375.3779,49531,52874,Pipistrellus pipistrellus,0.025,0.034,-1,Echolocation,/mnt/ubna_data_02_mir/recover-20220922/UBNA_001/20220921_090000.WAV,Telephone Field,recover-20220922,001,1795
1375.3725,1375.3818,22031,27885,Plecotus austriacus,0.008,0.021,-1,Echolocation,/mnt/ubna_data_02_mir/recover-20220922/UBNA_001/20220921_090000.WAV,Telephone Field,recover-20220922,001,1795
1375.3915,1375.4036,28046,34595,Eptesicus serotinus,0.02,0.032,-1,Echolocation,/mnt/ubna_data_02_mir/recover-20220922/UBNA_001/20220921_090000.WAV,Telephone Field,recover-20220922,001,1795
1375.3995,1375.4389,68437,82535,Rhinolophus ferrumequinum,0.022,0.022,-1,Echolocation,/mnt/ubna_data_02_mir/recover-20220922/UBNA_001/20220921_090000.WAV,Telephone Field,recover-20220922,001,1795
1375.4085,1375.4144000000001,28046,43726,Eptesicus serotinus,0.006,0.03,-1,Echolocation,/mnt/ubna_data_02_mir/recover-20220922/UBNA_001/20220921_090000.WAV,Telephone Field,recover-20220922,001,1795
1375.4255,1375.465,68437,82052,Rhinolophus ferrumequinum,0.023,0.023,-1,Echolocation,/mnt/ubna_data_02_mir/recover-20220922/UBNA_001/20220921_090000.WAV,Telephone Field,recover-20220922,001,1795
1375.4635,1375.5033,68437,82681,Rhinolophus ferrumequinum,0.023,0.023,-1,Echolocation,/mnt/ubna_data_02_mir/recover-20220922/UBNA_001/20220921_090000.WAV,Telephone Field,recover-20220922,001,1795
1375.4825,1375.5217,68437,81949,Rhinolophus ferrumequinum,0.029,0.029,-1,Echolocation,/mnt/ubna_data_02_mir/recover-20220922/UBNA_001/20220921_090000.WAV,Telephone Field,recover-20220922,001,1795
1375.5125,1375.5242,49531,54127,Pipistrellus pipistrellus,0.027,0.032,-1,Echolocation,/mnt/ubna_data_02_mir/recover-20220922/UBNA_001/20220921_090000.WAV,Telephone Field,recover-20220922,001,1795
1375.5295,1375.538,27187,35906,Eptesicus serotinus,0.008,0.022,-1,Echolocation,/mnt/ubna_data_02_mir/recover-20220922/UBNA_001/20220921_090000.WAV,Telephone Field,recover-20220922,001,1795
1375.5495,1375.587,68437,82346,Rhinolophus ferrumequinum,0.029,0.029,-1,Echolocation,/mnt/ubna_data_02_mir/recover-20220922/UBNA_001/20220921_090000.WAV,Telephone Field,recover-20220922,001,1795
1375.5605,1375.5993,68437,82258,Rhinolophus ferrumequinum,0.026,0.026,-1,Echolocation,/mnt/ubna_data_02_mir/recover-20220922/UBNA_001/20220921_090000.WAV,Telephone Field,recover-20220922,001,1795
1375.5845,1375.5953,27187,34616,Eptesicus serotinus,0.017,0.031,-1,Echolocation,/mnt/ubna_data_02_mir/recover-20220922/UBNA_001/20220921_090000.WAV,Telephone Field,recover-20220922,001,1795
1375.6115,1375.6293,16875,21894,Nyctalus noctula,0.015,0.022,-1,Echolocation,/mnt/ubna_data_02_mir/recover-20220922/UBNA_001/20220921_090000.WAV,Telephone Field,recover-20220922,001,1795
1375.6255,1375.6669,68437,82252,Rhinolophus ferrumequinum,0.023,0.023,-1,Echolocation,/mnt/ubna_data_02_mir/recover-20220922/UBNA_001/20220921_090000.WAV,Telephone Field,recover-20220922,001,1795
1375.6365,1375.6479,28906,35346,Eptesicus serotinus,0.013,0.028,-1,Echolocation,/mnt/ubna_data_02_mir/recover-20220922/UBNA_001/20220921_090000.WAV,Telephone Field,recover-20220922,001,1795
1375.6475,1375.6904,68437,82949,Rhinolophus ferrumequinum,0.027,0.027,-1,Echolocation,/mnt/ubna_data_02_mir/recover-20220922/UBNA_001/20220921_090000.WAV,Telephone Field,recover-20220922,001,1795
1375.6605,1375.6741,35781,39737,Pipistrellus nathusii,0.038,0.058,-1,Echolocation,/mnt/ubna_data_02_mir/recover-20220922/UBNA_001/20220921_090000.WAV,Telephone Field,recover-20220922,001,1795
1375.6855,1375.6938,28046,38591,Eptesicus serotinus,0.007,0.022,-1,Echolocation,/mnt/ubna_data_02_mir/recover-20220922/UBNA_001/20220921_090000.WAV,Telephone Field,recover-20220922,001,1795
1375.7035,1375.7439,68437,82701,Rhinolophus ferrumequinum,0.028,0.028,-1,Echolocation,/mnt/ubna_data_02_mir/recover-20220922/UBNA_001/20220921_090000.WAV,Telephone Field,recover-20220922,001,1795
1375.7045,1375.7147,28046,39706,Eptesicus serotinus,0.01,0.024,-1,Echolocation,/mnt/ubna_data_02_mir/recover-20220922/UBNA_001/20220921_090000.WAV,Telephone Field,recover-20220922,001,1795
1375.7355,1375.7471,34062,38577,Eptesicus serotinus,0.006,0.022,-1,Echolocation,/mnt/ubna_data_02_mir/recover-20220922/UBNA_001/20220921_090000.WAV,Telephone Field,recover-20220922,001,1795
1375.7465,1375.7896,68437,83057,Rhinolophus ferrumequinum,0.027,0.027,-1,Echolocation,/mnt/ubna_data_02_mir/recover-20220922/UBNA_001/20220921_090000.WAV,Telephone Field,recover-20220922,001,1795
1375.7645,1375.8051,68437,82235,Rhinolophus ferrumequinum,0.023,0.023,-1,Echolocation,/mnt/ubna_data_02_mir/recover-20220922/UBNA_001/20220921_090000.WAV,Telephone Field,recover-20220922,001,1795
1375.7945,1375.8309,68437,81356,Rhinolophus ferrumequinum,0.022,0.022,-1,Echolocation,/mnt/ubna_data_02_mir/recover-20220922/UBNA_001/20220921_090000.WAV,Telephone Field,recover-20220922,001,1795
1375.8005,1375.8082,46093,51854,Pipistrellus pipistrellus,0.023,0.025,-1,Echolocation,/mnt/ubna_data_02_mir/recover-20220922/UBNA_001/20220921_090000.WAV,Telephone Field,recover-20220922,001,1795
1375.8205,1375.8289,28046,37244,Eptesicus serotinus,0.007,0.021,-1,Echolocation,/mnt/ubna_data_02_mir/recover-20220922/UBNA_001/20220921_090000.WAV,Telephone Field,recover-20220922,001,1795
1375.8375,1375.8745,68437,81840,Rhinolophus ferrumequinum,0.022,0.022,-1,Echolocation,/mnt/ubna_data_02_mir/recover-20220922/UBNA_001/20220921_090000.WAV,Telephone Field,recover-20220922,001,1795
1375.9065,1375.9149,27187,40137,Eptesicus serotinus,0.008,0.021,-1,Echolocation,/mnt/ubna_data_02_mir/recover-20220922/UBNA_001/20220921_090000.WAV,Telephone Field,recover-20220922,001,1795
1375.9065,1375.9462,68437,82059,Rhinolophus ferrumequinum,0.027,0.027,-1,Echolocation,/mnt/ubna_data_02_mir/recover-20220922/UBNA_001/20220921_090000.WAV,Telephone Field,recover-20220922,001,1795
1375.9325,1375.9721,68437,83039,Rhinolophus ferrumequinum,0.023,0.023,-1,Echolocation,/mnt/ubna_data_02_mir/recover-20220922/UBNA_001/20220921_090000.WAV,Telephone Field,recover-20220922,001,1795
1375.9435,1375.9519,28046,38264,Eptesicus serotinus,0.007,0.021,-1,Echolocation,/mnt/ubna_data_02_mir/recover-20220922/UBNA_001/20220921_090000.WAV,Telephone Field,recover-20220922,001,1795
1375.9625,1375.9949,68437,81163,Rhinolophus ferrumequinum,0.02,0.021,-1,Echolocation,/mnt/ubna_data_02_mir/recover-20220922/UBNA_001/20220921_090000.WAV,Telephone Field,recover-20220922,001,1795
1375.9655,1375.9771,61562,67266,Pipistrellus pygmaeus,0.036,0.037,-1,Echolocation,/mnt/ubna_data_02_mir/recover-20220922/UBNA_001/20220921_090000.WAV,Telephone Field,recover-20220922,001,1795
1375.9805,1375.9894,25468,34161,Eptesicus serotinus,0.01,0.027,-1,Echolocation,/mnt/ubna_data_02_mir/recover-20220922/UBNA_001/20220921_090000.WAV,Telephone Field,recover-20220922,001,1795
1376.0015,1376.012,22031,27411,Nyctalus leisleri,0.021,0.046,-1,Echolocation,/mnt/ubna_data_02_mir/recover-20220922/UBNA_001/20220921_090000.WAV,Telephone Field,recover-20220922,001,1795
1376.0015,1376.0358,68437,80389,Rhinolophus ferrumequinum,0.034,0.034,-1,Echolocation,/mnt/ubna_data_02_mir/recover-20220922/UBNA_001/20220921_090000.WAV,Telephone Field,recover-20220922,001,1795
1376.0125,1376.059,68437,83151,Rhinolophus ferrumequinum,0.028,0.028,-1,Echolocation,/mnt/ubna_data_02_mir/recover-20220922/UBNA_001/20220921_090000.WAV,Telephone Field,recover-20220922,001,1795
1376.0535,1376.0913,68437,81505,Rhinolophus ferrumequinum,0.021,0.021,-1,Echolocation,/mnt/ubna_data_02_mir/recover-20220922/UBNA_001/20220921_090000.WAV,Telephone Field,recover-20220922,001,1795
1376.1195,1376.1571,68437,81967,Rhinolophus ferrumequinum,0.021,0.021,-1,Echolocation,/mnt/ubna_data_02_mir/recover-20220922/UBNA_001/20220921_090000.WAV,Telephone Field,recover-20220922,001,1795
1376.1425,1376.1618,20312,23210,Nyctalus leisleri,0.022,0.041,-1,Echolocation,/mnt/ubna_data_02_mir/recover-20220922/UBNA_001/20220921_090000.WAV,Telephone Field,recover-20220922,001,1795
1376.1775,1376.1847,28046,38166,Eptesicus serotinus,0.006,0.021,-1,Echolocation,/mnt/ubna_data_02_mir/recover-20220922/UBNA_001/20220921_090000.WAV,Telephone Field,recover-20220922,001,1795
1376.2075,1376.2158,23750,31871,Plecotus austriacus,0.011,0.028,-1,Echolocation,/mnt/ubna_data_02_mir/recover-20220922/UBNA_001/20220921_090000.WAV,Telephone Field,recover-20220922,001,1795
1376.2445,1376.2553,28906,36143,Eptesicus serotinus,0.029,0.049,-1,Echolocation,/mnt/ubna_data_02_mir/recover-20220922/UBNA_001/20220921_090000.WAV,Telephone Field,recover-20220922,001,1795
1376.2475,1376.2904,68437,83603,Rhinolophus ferrumequinum,0.027,0.027,-1,Echolocation,/mnt/ubna_data_02_mir/recover-20220922/UBNA_001/20220921_090000.WAV,Telephone Field,recover-20220922,001,1795
1376.2695,1376.3044,68437,81537,Rhinolophus ferrumequinum,0.029,0.029,-1,Echolocation,/mnt/ubna_data_02_mir/recover-20220922/UBNA_001/20220921_090000.WAV,Telephone Field,recover-20220922,001,1795
1376.3185,1376.3576,68437,81972,Rhinolophus ferrumequinum,0.024,0.024,-1,Echolocation,/mnt/ubna_data_02_mir/recover-20220922/UBNA_001/20220921_090000.WAV,Telephone Field,recover-20220922,001,1795
1376.3545,1376.3918,68437,82568,Rhinolophus ferrumequinum,0.024,0.024,-1,Echolocation,/mnt/ubna_data_02_mir/recover-20220922/UBNA_001/20220921_090000.WAV,Telephone Field,recover-20220922,001,1795
1376.3675,1376.4083,68437,82461,Rhinolophus ferrumequinum,0.026,0.026,-1,Echolocation,/mnt/ubna_data_02_mir/recover-20220922/UBNA_001/20220921_090000.WAV,Telephone Field,recover-20220922,001,1795
1376.3795,1376.3912,44375,48398,Pipistrellus pipistrellus,0.043,0.048,-1,Echolocation,/mnt/ubna_data_02_mir/recover-20220922/UBNA_001/20220921_090000.WAV,Telephone Field,recover-20220922,001,1795
1376.3925,1376.4016,26328,34746,Eptesicus serotinus,0.01,0.024,-1,Echolocation,/mnt/ubna_data_02_mir/recover-20220922/UBNA_001/20220921_090000.WAV,Telephone Field,recover-20220922,001,1795
1376.4235,1376.4306,28046,39576,Eptesicus serotinus,0.007,0.023,-1,Echolocation,/mnt/ubna_data_02_mir/recover-20220922/UBNA_001/20220921_090000.WAV,Telephone Field,recover-20220922,001,1795
1376.4305,1376.4702,68437,82341,Rhinolophus ferrumequinum,0.026,0.026,-1,Echolocation,/mnt/ubna_data_02_mir/recover-20220922/UBNA_001/20220921_090000.WAV,Telephone Field,recover-20220922,001,1795
1376.4625,1376.5037,68437,82598,Rhinolophus ferrumequinum,0.026,0.026,-1,Echolocation,/mnt/ubna_data_02_mir/recover-20220922/UBNA_001/20220921_090000.WAV,Telephone Field,recover-20220922,001,1795
1376.4825,1376.5206,68437,81897,Rhinolophus ferrumequinum,0.021,0.022,-1,Echolocation,/mnt/ubna_data_02_mir/recover-20220922/UBNA_001/20220921_090000.WAV,Telephone Field,recover-20220922,001,1795
1376.5245,1376.5625,68437,82421,Rhinolophus ferrumequinum,0.021,0.021,-1,Echolocation,/mnt/ubna_data_02_mir/recover-20220922/UBNA_001/20220921_090000.WAV,Telephone Field,recover-20220922,001,1795
1376.5545,1376.5629,26328,38837,Eptesicus serotinus,0.01,0.032,-1,Echolocation,/mnt/ubna_data_02_mir/recover-20220922/UBNA_001/20220921_090000.WAV,Telephone Field,recover-20220922,001,1795
1376.5635,1376.5751,26328,32482,Eptesicus serotinus,0.011,0.024,-1,Echolocation,/mnt/ubna_data_02_mir/recover-20220922/UBNA_001/20220921_090000.WAV,Telephone Field,recover-20220922,001,1795
1376.5915,1376.6313,68437,83180,Rhinolophus ferrumequinum,0.024,0.024,-1,Echolocation,/mnt/ubna_data_02_mir/recover-20220922/UBNA_001/20220921_090000.WAV,Telephone Field,recover-20220922,001,1795
1376.6025,1376.6436,68437,82677,Rhinolophus ferrumequinum,0.022,0.022,-1,Echolocation,/mnt/ubna_data_02_mir/recover-20220922/UBNA_001/20220921_090000.WAV,Telephone Field,recover-20220922,001,1795
1376.6285,1376.6668,68437,81931,Rhinolophus ferrumequinum,0.022,0.022,-1,Echolocation,/mnt/ubna_data_02_mir/recover-20220922/UBNA_001/20220921_090000.WAV,Telephone Field,recover-20220922,001,1795
1376.6785,1376.6874,28046,37877,Eptesicus serotinus,0.009,0.021,-1,Echolocation,/mnt/ubna_data_02_mir/recover-20220922/UBNA_001/20220921_090000.WAV,Telephone Field,recover-20220922,001,1795
1376.7595,1376.799,68437,82696,Rhinolophus ferrumequinum,0.023,0.023,-1,Echolocation,/mnt/ubna_data_02_mir/recover-20220922/UBNA_001/20220921_090000.WAV,Telephone Field,recover-20220922,001,1795
1376.7805,1376.7909,23750,28813,Nyctalus leisleri,0.014,0.027,-1,Echolocation,/mnt/ubna_data_02_mir/recover-20220922/UBNA_001/20220921_090000.WAV,Telephone Field,recover-20220922,001,1795
1376.7865,1376.7969,38359,43131,Pipistrellus nathusii,0.021,0.042,-1,Echolocation,/mnt/ubna_data_02_mir/recover-20220922/UBNA_001/20220921_090000.WAV,Telephone Field,recover-20220922,001,1795
1376.8045,1376.8431,68437,82248,Rhinolophus ferrumequinum,0.029,0.029,-1,Echolocation,/mnt/ubna_data_02_mir/recover-20220922/UBNA_001/20220921_090000.WAV,Telephone Field,recover-20220922,001,1795
1376.8235,1376.8636,68437,82768,Rhinolophus ferrumequinum,0.023,0.023,-1,Echolocation,/mnt/ubna_data_02_mir/recover-20220922/UBNA_001/20220921_090000.WAV,Telephone Field,recover-20220922,001,1795
1376.8285,1376.8393,24609,30600,Nyctalus leisleri,0.01,0.024,-1,Echolocation,/mnt/ubna_data_02_mir/recover-20220922/UBNA_001/20220921_090000.WAV,Telephone Field,recover-20220922,001,1795
1376.8855,1376.8945,50390,56872,Pipistrellus pipistrellus,0.022,0.028,-1,Echolocation,/mnt/ubna_data_02_mir/recover-20220922/UBNA_001/20220921_090000.WAV,Telephone Field,recover-20220922,001,1795
1376.9015,1376.943,68437,82097,Rhinolophus ferrumequinum,0.029,0.029,-1,Echolocation,/mnt/ubna_data_02_mir/recover-20220922/UBNA_001/20220921_090000.WAV,Telephone Field,recover-20220922,001,1795
1376.9375,1376.9446,24609,33614,Plecotus austriacus,0.008,0.025,-1,Echolocation,/mnt/ubna_data_02_mir/recover-20220922/UBNA_001/20220921_090000.WAV,Telephone Field,recover-20220922,001,1795
1376.9415,1376.978,68437,81624,Rhinolophus ferrumequinum,0.022,0.022,-1,Echolocation,/mnt/ubna_data_02_mir/recover-20220922/UBNA_001/20220921_090000.WAV,Telephone Field,recover-20220922,001,1795
1376.9465,1376.984,68437,82226,Rhinolophus ferrumequinum,0.022,0.022,-1,Echolocation,/mnt/ubna_data_02_mir/recover-20220922/UBNA_001/20220921_090000.WAV,Telephone Field,recover-20220922,001,1795
1376.9635,1376.9754,22890,27101,Nyctalus leisleri,0.016,0.028,-1,Echolocation,/mnt/ubna_data_02_mir/recover-20220922/UBNA_001/20220921_090000.WAV,Telephone Field,recover-20220922,001,1795
1376.9885,1376.9998,23750,29596,Nyctalus leisleri,0.011,0.026,-1,Echolocation,/mnt/ubna_data_02_mir/recover-20220922/UBNA_001/20220921_090000.WAV,Telephone Field,recover-20220922,001,1795
1377.0085,1377.0143,27187,41813,Myotis nattereri,0.005,0.027,-1,Echolocation,/mnt/ubna_data_02_mir/recover-20220922/UBNA_001/20220921_090000.WAV,Telephone Field,recover-20220922,001,1795
1377.0255,1377.0659,68437,82341,Rhinolophus ferrumequinum,0.024,0.024,-1,Echolocation,/mnt/ubna_data_02_mir/recover-20220922/UBNA_001/20220921_090000.WAV,Telephone Field,recover-20220922,001,1795
1377.0255,1377.0345,23750,31282,Nyctalus leisleri,0.007,0.023,-1,Echolocation,/mnt/ubna_data_02_mir/recover-20220922/UBNA_001/20220921_090000.WAV,Telephone Field,recover-20220922,001,1795
1377.0455,1377.0875,68437,81920,Rhinolophus ferrumequinum,0.022,0.022,-1,Echolocation,/mnt/ubna_data_02_mir/recover-20220922/UBNA_001/20220921_090000.WAV,Telephone Field,recover-20220922,001,1795
1377.0715,1377.0796,28906,39922,Eptesicus serotinus,0.009,0.027,-1,Echolocation,/mnt/ubna_data_02_mir/recover-20220922/UBNA_001/20220921_090000.WAV,Telephone Field,recover-20220922,001,1795
1377.0865,1377.1278,68437,82501,Rhinolophus ferrumequinum,0.023,0.023,-1,Echolocation,/mnt/ubna_data_02_mir/recover-20220922/UBNA_001/20220921_090000.WAV,Telephone Field,recover-20220922,001,1795
1377.0925,1377.134,68437,82964,Rhinolophus ferrumequinum,0.025,0.025,-1,Echolocation,/mnt/ubna_data_02_mir/recover-20220922/UBNA_001/20220921_090000.WAV,Telephone Field,recover-20220922,001,1795
1377.1185,1377.1585,68437,81802,Rhinolophus ferrumequinum,0.022,0.022,-1,Echolocation,/mnt/ubna_data_02_mir/recover-20220922/UBNA_001/20220921_090000.WAV,Telephone Field,recover-20220922,001,1795
1377.1665,1377.1751,26328,39704,Eptesicus serotinus,0.008,0.023,-1,Echolocation,/mnt/ubna_data_02_mir/recover-20220922/UBNA_001/20220921_090000.WAV,Telephone Field,recover-20220922,001,1795
1377.1805,1377.2192,68437,82050,Rhinolophus ferrumequinum,0.022,0.022,-1,Echolocation,/mnt/ubna_data_02_mir/recover-20220922/UBNA_001/20220921_090000.WAV,Telephone Field,recover-20220922,001,1795
1377.1915,1377.2305,68437,82218,Rhinolophus ferrumequinum,0.021,0.021,-1,Echolocation,/mnt/ubna_data_02_mir/recover-20220922/UBNA_001/20220921_090000.WAV,Telephone Field,recover-20220922,001,1795
1377.2275,1377.2696,68437,82916,Rhinolophus ferrumequinum,0.03,0.03,-1,Echolocation,/mnt/ubna_data_02_mir/recover-20220922/UBNA_001/20220921_090000.WAV,Telephone Field,recover-20220922,001,1795
1377.2725,1377.3112,68437,82141,Rhinolophus ferrumequinum,0.024,0.024,-1,Echolocation,/mnt/ubna_data_02_mir/recover-20220922/UBNA_001/20220921_090000.WAV,Telephone Field,recover-20220922,001,1795
1377.3285,1377.3715,68437,82897,Rhinolophus ferrumequinum,0.027,0.027,-1,Echolocation,/mnt/ubna_data_02_mir/recover-20220922/UBNA_001/20220921_090000.WAV,Telephone Field,recover-20220922,001,1795
1377.3295,1377.3364,28046,38702,Eptesicus serotinus,0.006,0.023,-1,Echolocation,/mnt/ubna_data_02_mir/recover-20220922/UBNA_001/20220921_090000.WAV,Telephone Field,recover-20220922,001,1795
1377.3315,1377.3413,15156,22240,Nyctalus noctula,0.011,0.025,-1,Echolocation,/mnt/ubna_data_02_mir/recover-20220922/UBNA_001/20220921_090000.WAV,Telephone Field,recover-20220922,001,1795
1377.3485,1377.389,68437,82793,Rhinolophus ferrumequinum,0.026,0.026,-1,Echolocation,/mnt/ubna_data_02_mir/recover-20220922/UBNA_001/20220921_090000.WAV,Telephone Field,recover-20220922,001,1795
1377.3635,1377.3705,28906,37729,Eptesicus serotinus,0.007,0.023,-1,Echolocation,/mnt/ubna_data_02_mir/recover-20220922/UBNA_001/20220921_090000.WAV,Telephone Field,recover-20220922,001,1795
1377.3655,1377.4039,68437,82159,Rhinolophus ferrumequinum,0.022,0.022,-1,Echolocation,/mnt/ubna_data_02_mir/recover-20220922/UBNA_001/20220921_090000.WAV,Telephone Field,recover-20220922,001,1795
1377.4125,1377.4216,25468,33950,Eptesicus serotinus,0.007,0.022,-1,Echolocation,/mnt/ubna_data_02_mir/recover-20220922/UBNA_001/20220921_090000.WAV,Telephone Field,recover-20220922,001,1795
1377.4465,1377.4573,23750,29967,Nyctalus leisleri,0.012,0.031,-1,Echolocation,/mnt/ubna_data_02_mir/recover-20220922/UBNA_001/20220921_090000.WAV,Telephone Field,recover-20220922,001,1795
1377.4765,1377.5138,68437,81657,Rhinolophus ferrumequinum,0.024,0.024,-1,Echolocation,/mnt/ubna_data_02_mir/recover-20220922/UBNA_001/20220921_090000.WAV,Telephone Field,recover-20220922,001,1795
1377.4785,1377.4983,19453,22177,Nyctalus leisleri,0.018,0.033,-1,Echolocation,/mnt/ubna_data_02_mir/recover-20220922/UBNA_001/20220921_090000.WAV,Telephone Field,recover-20220922,001,1795
1377.4955,1377.5349,68437,82441,Rhinolophus ferrumequinum,0.022,0.022,-1,Echolocation,/mnt/ubna_data_02_mir/recover-20220922/UBNA_001/20220921_090000.WAV,Telephone Field,recover-20220922,001,1795
1377.5045,1377.5123,23750,31905,Plecotus austriacus,0.008,0.022,-1,Echolocation,/mnt/ubna_data_02_mir/recover-20220922/UBNA_001/20220921_090000.WAV,Telephone Field,recover-20220922,001,1795
1377.5175,1377.5575,68437,82974,Rhinolophus ferrumequinum,0.026,0.026,-1,Echolocation,/mnt/ubna_data_02_mir/recover-20220922/UBNA_001/20220921_090000.WAV,Telephone Field,recover-20220922,001,1795
1377.5245,1377.5659,68437,82643,Rhinolophus ferrumequinum,0.024,0.024,-1,Echolocation,/mnt/ubna_data_02_mir/recover-20220922/UBNA_001/20220921_090000.WAV,Telephone Field,recover-20220922,001,1795
1377.6025,1377.6383,68437,80899,Rhinolophus ferrumequinum,0.021,0.022,-1,Echolocation,/mnt/ubna_data_02_mir/recover-20220922/UBNA_001/20220921_090000.WAV,Telephone Field,recover-20220922,001,1795
1377.6315,1377.6725,68437,82638,Rhinolophus ferrumequinum,0.022,0.022,-1,Echolocation,/mnt/ubna_data_02_mir/recover-20220922/UBNA_001/20220921_090000.WAV,Telephone Field,recover-20220922,001,1795
1377.6925,1377.7303,68437,81930,Rhinolophus ferrumequinum,0.022,0.022,-1,Echolocation,/mnt/ubna_data_02_mir/recover-20220922/UBNA_001/20220921_090000.WAV,Telephone Field,recover-20220922,001,1795
1377.7115,1377.7526,68437,82612,Rhinolophus ferrumequinum,0.033,0.033,-1,Echolocation,/mnt/ubna_data_02_mir/recover-20220922/UBNA_001/20220921_090000.WAV,Telephone Field,recover-20220922,001,1795
1377.7525,1377.7625,22890,28510,Nyctalus leisleri,0.01,0.024,-1,Echolocation,/mnt/ubna_data_02_mir/recover-20220922/UBNA_001/20220921_090000.WAV,Telephone Field,recover-20220922,001,1795
1377.7555,1377.7916,68437,81656,Rhinolophus ferrumequinum,0.021,0.021,-1,Echolocation,/mnt/ubna_data_02_mir/recover-20220922/UBNA_001/20220921_090000.WAV,Telephone Field,recover-20220922,001,1795
1377.7605,1377.772,23750,29297,Nyctalus leisleri,0.013,0.026,-1,Echolocation,/mnt/ubna_data_02_mir/recover-20220922/UBNA_001/20220921_090000.WAV,Telephone Field,recover-20220922,001,1795
1377.8265,1377.8655,68437,81584,Rhinolophus ferrumequinum,0.022,0.022,-1,Echolocation,/mnt/ubna_data_02_mir/recover-20220922/UBNA_001/20220921_090000.WAV,Telephone Field,recover-20220922,001,1795
1377.8295,1377.8401,25468,32098,Nyctalus leisleri,0.008,0.022,-1,Echolocation,/mnt/ubna_data_02_mir/recover-20220922/UBNA_001/20220921_090000.WAV,Telephone Field,recover-20220922,001,1795
1377.8705,1377.8799,28046,36300,Eptesicus serotinus,0.008,0.021,-1,Echolocation,/mnt/ubna_data_02_mir/recover-20220922/UBNA_001/20220921_090000.WAV,Telephone Field,recover-20220922,001,1795
1377.9135,1377.9207,28046,40340,Eptesicus serotinus,0.007,0.024,-1,Echolocation,/mnt/ubna_data_02_mir/recover-20220922/UBNA_001/20220921_090000.WAV,Telephone Field,recover-20220922,001,1795
1378.0015,1378.0325,68437,79906,Rhinolophus ferrumequinum,0.029,0.029,-1,Echolocation,/mnt/ubna_data_02_mir/recover-20220922/UBNA_001/20220921_090000.WAV,Telephone Field,recover-20220922,001,1795
1378.0015,1378.0106,22890,30954,Nyctalus leisleri,0.008,0.025,-1,Echolocation,/mnt/ubna_data_02_mir/recover-20220922/UBNA_001/20220921_090000.WAV,Telephone Field,recover-20220922,001,1795
1378.0095,1378.0518,68437,81921,Rhinolophus ferrumequinum,0.021,0.021,-1,Echolocation,/mnt/ubna_data_02_mir/recover-20220922/UBNA_001/20220921_090000.WAV,Telephone Field,recover-20220922,001,1795
1378.0425,1378.0797,68437,81747,Rhinolophus ferrumequinum,0.021,0.021,-1,Echolocation,/mnt/ubna_data_02_mir/recover-20220922/UBNA_001/20220921_090000.WAV,Telephone Field,recover-20220922,001,1795
1378.0455,1378.0538999999999,51250,58375,Pipistrellus pipistrellus,0.018,0.024,-1,Echolocation,/mnt/ubna_data_02_mir/recover-20220922/UBNA_001/20220921_090000.WAV,Telephone Field,recover-20220922,001,1795
1378.0465,1378.0543,23750,33240,Plecotus austriacus,0.013,0.029,-1,Echolocation,/mnt/ubna_data_02_mir/recover-20220922/UBNA_001/20220921_090000.WAV,Telephone Field,recover-20220922,001,1795
1378.0735,1378.1131,68437,82573,Rhinolophus ferrumequinum,0.025,0.025,-1,Echolocation,/mnt/ubna_data_02_mir/recover-20220922/UBNA_001/20220921_090000.WAV,Telephone Field,recover-20220922,001,1795
1378.1235,1378.1344,44375,50035,Pipistrellus pipistrellus,0.022,0.026,-1,Echolocation,/mnt/ubna_data_02_mir/recover-20220922/UBNA_001/20220921_090000.WAV,Telephone Field,recover-20220922,001,1795
1378.1385,1378.1792,68437,82154,Rhinolophus ferrumequinum,0.025,0.026,-1,Echolocation,/mnt/ubna_data_02_mir/recover-20220922/UBNA_001/20220921_090000.WAV,Telephone Field,recover-20220922,001,1795
1378.1925,1378.2025,28906,36706,Eptesicus serotinus,0.008,0.022,-1,Echolocation,/mnt/ubna_data_02_mir/recover-20220922/UBNA_001/20220921_090000.WAV,Telephone Field,recover-20220922,001,1795
1378.1945,1378.2341,68437,82281,Rhinolophus ferrumequinum,0.021,0.021,-1,Echolocation,/mnt/ubna_data_02_mir/recover-20220922/UBNA_001/20220921_090000.WAV,Telephone Field,recover-20220922,001,1795
1378.2135,1378.2289,23750,29555,Nyctalus leisleri,0.016,0.035,-1,Echolocation,/mnt/ubna_data_02_mir/recover-20220922/UBNA_001/20220921_090000.WAV,Telephone Field,recover-20220922,001,1795
1378.2165,1378.2569,68437,82364,Rhinolophus ferrumequinum,0.023,0.023,-1,Echolocation,/mnt/ubna_data_02_mir/recover-20220922/UBNA_001/20220921_090000.WAV,Telephone Field,recover-20220922,001,1795
1378.2305,1378.2682,68437,82645,Rhinolophus ferrumequinum,0.023,0.023,-1,Echolocation,/mnt/ubna_data_02_mir/recover-20220922/UBNA_001/20220921_090000.WAV,Telephone Field,recover-20220922,001,1795
1378.2395,1378.2794,68437,83096,Rhinolophus ferrumequinum,0.026,0.026,-1,Echolocation,/mnt/ubna_data_02_mir/recover-20220922/UBNA_001/20220921_090000.WAV,Telephone Field,recover-20220922,001,1795
1378.2655,1378.2775,38359,42143,Pipistrellus nathusii,0.016,0.025,-1,Echolocation,/mnt/ubna_data_02_mir/recover-20220922/UBNA_001/20220921_090000.WAV,Telephone Field,recover-20220922,001,1795
1378.2725,1378.3096,68437,81555,Rhinolophus ferrumequinum,0.021,0.021,-1,Echolocation,/mnt/ubna_data_02_mir/recover-20220922/UBNA_001/20220921_090000.WAV,Telephone Field,recover-20220922,001,1795
1378.2985,1378.3348,68437,82234,Rhinolophus ferrumequinum,0.021,0.021,-1,Echolocation,/mnt/ubna_data_02_mir/recover-20220922/UBNA_001/20220921_090000.WAV,Telephone Field,recover-20220922,001,1795
1378.3115,1378.3497,68437,82299,Rhinolophus ferrumequinum,0.022,0.022,-1,Echolocation,/mnt/ubna_data_02_mir/recover-20220922/UBNA_001/20220921_090000.WAV,Telephone Field,recover-20220922,001,1795
1378.3525,1378.3617,23750,30711,Nyctalus leisleri,0.007,0.021,-1,Echolocation,/mnt/ubna_data_02_mir/recover-20220922/UBNA_001/20220921_090000.WAV,Telephone Field,recover-20220922,001,1795
1378.3625,1378.4051,68437,82835,Rhinolophus ferrumequinum,0.028,0.028,-1,Echolocation,/mnt/ubna_data_02_mir/recover-20220922/UBNA_001/20220921_090000.WAV,Telephone Field,recover-20220922,001,1795
1378.3715,1378.3801,23750,32113,Plecotus austriacus,0.009,0.023,-1,Echolocation,/mnt/ubna_data_02_mir/recover-20220922/UBNA_001/20220921_090000.WAV,Telephone Field,recover-20220922,001,1795
1378.3815,1378.3901,26328,35131,Eptesicus serotinus,0.007,0.023,-1,Echolocation,/mnt/ubna_data_02_mir/recover-20220922/UBNA_001/20220921_090000.WAV,Telephone Field,recover-20220922,001,1795
1378.4145,1378.4529,68437,81715,Rhinolophus ferrumequinum,0.021,0.021,-1,Echolocation,/mnt/ubna_data_02_mir/recover-20220922/UBNA_001/20220921_090000.WAV,Telephone Field,recover-20220922,001,1795
1378.4725,1378.4837,36640,43069,Pipistrellus nathusii,0.013,0.037,-1,Echolocation,/mnt/ubna_data_02_mir/recover-20220922/UBNA_001/20220921_090000.WAV,Telephone Field,recover-20220922,001,1795
1378.4735,1378.4815,30625,43404,Myotis daubentonii,0.008,0.024,-1,Echolocation,/mnt/ubna_data_02_mir/recover-20220922/UBNA_001/20220921_090000.WAV,Telephone Field,recover-20220922,001,1795
1378.4845,1378.5017,22031,26265,Nyctalus leisleri,0.016,0.031,-1,Echolocation,/mnt/ubna_data_02_mir/recover-20220922/UBNA_001/20220921_090000.WAV,Telephone Field,recover-20220922,001,1795
1378.4875,1378.5274,68437,82679,Rhinolophus ferrumequinum,0.026,0.026,-1,Echolocation,/mnt/ubna_data_02_mir/recover-20220922/UBNA_001/20220921_090000.WAV,Telephone Field,recover-20220922,001,1795
1378.4945,1378.5339,68437,82531,Rhinolophus ferrumequinum,0.026,0.026,-1,Echolocation,/mnt/ubna_data_02_mir/recover-20220922/UBNA_001/20220921_090000.WAV,Telephone Field,recover-20220922,001,1795
1378.5885,1378.6262,68437,82244,Rhinolophus ferrumequinum,0.021,0.021,-1,Echolocation,/mnt/ubna_data_02_mir/recover-20220922/UBNA_001/20220921_090000.WAV,Telephone Field,recover-20220922,001,1795
1378.6175,1378.6261,27187,38148,Eptesicus serotinus,0.007,0.021,-1,Echolocation,/mnt/ubna_data_02_mir/recover-20220922/UBNA_001/20220921_090000.WAV,Telephone Field,recover-20220922,001,1795
1378.6315,1378.6675,68437,81992,Rhinolophus ferrumequinum,0.024,0.025,-1,Echolocation,/mnt/ubna_data_02_mir/recover-20220922/UBNA_001/20220921_090000.WAV,Telephone Field,recover-20220922,001,1795
1378.6635,1378.7003,68437,81516,Rhinolophus ferrumequinum,0.021,0.021,-1,Echolocation,/mnt/ubna_data_02_mir/recover-20220922/UBNA_001/20220921_090000.WAV,Telephone Field,recover-20220922,001,1795
1378.6665,1378.6759,28046,36765,Eptesicus serotinus,0.009,0.023,-1,Echolocation,/mnt/ubna_data_02_mir/recover-20220922/UBNA_001/20220921_090000.WAV,Telephone Field,recover-20220922,001,1795
1378.6755,1378.716,68437,82006,Rhinolophus ferrumequinum,0.021,0.022,-1,Echolocation,/mnt/ubna_data_02_mir/recover-20220922/UBNA_001/20220921_090000.WAV,Telephone Field,recover-20220922,001,1795
1378.6845,1378.7226,68437,81293,Rhinolophus ferrumequinum,0.023,0.023,-1,Echolocation,/mnt/ubna_data_02_mir/recover-20220922/UBNA_001/20220921_090000.WAV,Telephone Field,recover-20220922,001,1795
1378.7325,1378.7696,68437,81679,Rhinolophus ferrumequinum,0.023,0.023,-1,Echolocation,/mnt/ubna_data_02_mir/recover-20220922/UBNA_001/20220921_090000.WAV,Telephone Field,recover-20220922,001,1795
1378.7515,1378.7906,68437,81645,Rhinolophus ferrumequinum,0.021,0.021,-1,Echolocation,/mnt/ubna_data_02_mir/recover-20220922/UBNA_001/20220921_090000.WAV,Telephone Field,recover-20220922,001,1795
1378.7655,1378.8043,68437,82094,Rhinolophus ferrumequinum,0.022,0.022,-1,Echolocation,/mnt/ubna_data_02_mir/recover-20220922/UBNA_001/20220921_090000.WAV,Telephone Field,recover-20220922,001,1795
1378.7875,1378.8273,68437,82619,Rhinolophus ferrumequinum,0.021,0.021,-1,Echolocation,/mnt/ubna_data_02_mir/recover-20220922/UBNA_001/20220921_090000.WAV,Telephone Field,recover-20220922,001,1795
1378.8065,1378.8478,68437,82327,Rhinolophus ferrumequinum,0.022,0.022,-1,Echolocation,/mnt/ubna_data_02_mir/recover-20220922/UBNA_001/20220921_090000.WAV,Telephone Field,recover-20220922,001,1795
1378.8105,1378.8207,22031,27267,Nyctalus leisleri,0.009,0.023,-1,Echolocation,/mnt/ubna_data_02_mir/recover-20220922/UBNA_001/20220921_090000.WAV,Telephone Field,recover-20220922,001,1795
1378.8225,1378.8435,18593,21410,Nyctalus leisleri,0.013,0.027,-1,Echolocation,/mnt/ubna_data_02_mir/recover-20220922/UBNA_001/20220921_090000.WAV,Telephone Field,recover-20220922,001,1795
1378.8325,1378.8722,68437,82335,Rhinolophus ferrumequinum,0.024,0.024,-1,Echolocation,/mnt/ubna_data_02_mir/recover-20220922/UBNA_001/20220921_090000.WAV,Telephone Field,recover-20220922,001,1795
1378.8575,1378.897,68437,82552,Rhinolophus ferrumequinum,0.022,0.022,-1,Echolocation,/mnt/ubna_data_02_mir/recover-20220922/UBNA_001/20220921_090000.WAV,Telephone Field,recover-20220922,001,1795
1378.8965,1378.9362,68437,82417,Rhinolophus ferrumequinum,0.025,0.025,-1,Echolocation,/mnt/ubna_data_02_mir/recover-20220922/UBNA_001/20220921_090000.WAV,Telephone Field,recover-20220922,001,1795
1378.9355,1378.9432,28906,39644,Eptesicus serotinus,0.007,0.021,-1,Echolocation,/mnt/ubna_data_02_mir/recover-20220922/UBNA_001/20220921_090000.WAV,Telephone Field,recover-20220922,001,1795
1378.9655,1378.9762,22031,27043,Nyctalus leisleri,0.008,0.021,-1,Echolocation,/mnt/ubna_data_02_mir/recover-20220922/UBNA_001/20220921_090000.WAV,Telephone Field,recover-20220922,001,1795
1378.9665,1379.0062,68437,82184,Rhinolophus ferrumequinum,0.024,0.024,-1,Echolocation,/mnt/ubna_data_02_mir/recover-20220922/UBNA_001/20220921_090000.WAV,Telephone Field,recover-20220922,001,1795
1378.9965,1379.0328,68437,82059,Rhinolophus ferrumequinum,0.021,0.021,-1,Echolocation,/mnt/ubna_data_02_mir/recover-20220922/UBNA_001/20220921_090000.WAV,Telephone Field,recover-20220922,001,1795
1379.0325,1379.0402,24609,33397,Plecotus austriacus,0.006,0.021,-1,Echolocation,/mnt/ubna_data_02_mir/recover-20220922/UBNA_001/20220921_090000.WAV,Telephone Field,recover-20220922,001,1795
1379.0545,1379.0639,28046,40850,Eptesicus serotinus,0.009,0.024,-1,Echolocation,/mnt/ubna_data_02_mir/recover-20220922/UBNA_001/20220921_090000.WAV,Telephone Field,recover-20220922,001,1795
1379.0935,1379.101,27187,41334,Eptesicus serotinus,0.006,0.023,-1,Echolocation,/mnt/ubna_data_02_mir/recover-20220922/UBNA_001/20220921_090000.WAV,Telephone Field,recover-20220922,001,1795
1379.1215,1379.1601,68437,82168,Rhinolophus ferrumequinum,0.026,0.026,-1,Echolocation,/mnt/ubna_data_02_mir/recover-20220922/UBNA_001/20220921_090000.WAV,Telephone Field,recover-20220922,001,1795
1379.1375,1379.1758,68437,82042,Rhinolophus ferrumequinum,0.021,0.021,-1,Echolocation,/mnt/ubna_data_02_mir/recover-20220922/UBNA_001/20220921_090000.WAV,Telephone Field,recover-20220922,001,1795
1379.1685,1379.209,68437,82271,Rhinolophus ferrumequinum,0.021,0.021,-1,Echolocation,/mnt/ubna_data_02_mir/recover-20220922/UBNA_001/20220921_090000.WAV,Telephone Field,recover-20220922,001,1795
1379.1765,1379.2164,68437,82209,Rhinolophus ferrumequinum,0.021,0.021,-1,Echolocation,/mnt/ubna_data_02_mir/recover-20220922/UBNA_001/20220921_090000.WAV,Telephone Field,recover-20220922,001,1795
1379.2475,1379.288,68437,82597,Rhinolophus ferrumequinum,0.024,0.024,-1,Echolocation,/mnt/ubna_data_02_mir/recover-20220922/UBNA_001/20220921_090000.WAV,Telephone Field,recover-20220922,001,1795
1379.2845,1379.294,25468,32929,Eptesicus serotinus,0.008,0.022,-1,Echolocation,/mnt/ubna_data_02_mir/recover-20220922/UBNA_001/20220921_090000.WAV,Telephone Field,recover-20220922,001,1795
1379.3065,1379.346,68437,82484,Rhinolophus ferrumequinum,0.025,0.026,-1,Echolocation,/mnt/ubna_data_02_mir/recover-20220922/UBNA_001/20220921_090000.WAV,Telephone Field,recover-20220922,001,1795
1379.3225,1379.3342,33203,38509,Pipistrellus nathusii,0.012,0.036,-1,Echolocation,/mnt/ubna_data_02_mir/recover-20220922/UBNA_001/20220921_090000.WAV,Telephone Field,recover-20220922,001,1795
1379.3315,1379.3687,68437,81866,Rhinolophus ferrumequinum,0.023,0.023,-1,Echolocation,/mnt/ubna_data_02_mir/recover-20220922/UBNA_001/20220921_090000.WAV,Telephone Field,recover-20220922,001,1795
1379.3525,1379.3629,22031,26951,Nyctalus leisleri,0.01,0.023,-1,Echolocation,/mnt/ubna_data_02_mir/recover-20220922/UBNA_001/20220921_090000.WAV,Telephone Field,recover-20220922,001,1795
1379.3575,1379.3635,40937,54583,Myotis bechsteinii,0.006,0.027,-1,Echolocation,/mnt/ubna_data_02_mir/recover-20220922/UBNA_001/20220921_090000.WAV,Telephone Field,recover-20220922,001,1795
1379.3725,1379.4123,68437,82605,Rhinolophus ferrumequinum,0.026,0.026,-1,Echolocation,/mnt/ubna_data_02_mir/recover-20220922/UBNA_001/20220921_090000.WAV,Telephone Field,recover-20220922,001,1795
1379.3815,1379.4247,68437,83178,Rhinolophus ferrumequinum,0.026,0.026,-1,Echolocation,/mnt/ubna_data_02_mir/recover-20220922/UBNA_001/20220921_090000.WAV,Telephone Field,recover-20220922,001,1795
1379.4155,1379.4605,68437,83405,Rhinolophus ferrumequinum,0.042,0.042,-1,Echolocation,/mnt/ubna_data_02_mir/recover-20220922/UBNA_001/20220921_090000.WAV,Telephone Field,recover-20220922,001,1795
1379.4205,1379.4287,22031,29286,Plecotus austriacus,0.012,0.025,-1,Echolocation,/mnt/ubna_data_02_mir/recover-20220922/UBNA_001/20220921_090000.WAV,Telephone Field,recover-20220922,001,1795
1379.4285,1379.4404,39218,42513,Pipistrellus nathusii,0.033,0.04,-1,Echolocation,/mnt/ubna_data_02_mir/recover-20220922/UBNA_001/20220921_090000.WAV,Telephone Field,recover-20220922,001,1795
1379.4725,1379.4833,24609,30478,Nyctalus leisleri,0.011,0.026,-1,Echolocation,/mnt/ubna_data_02_mir/recover-20220922/UBNA_001/20220921_090000.WAV,Telephone Field,recover-20220922,001,1795
1379.4785,1379.5151,68437,81043,Rhinolophus ferrumequinum,0.026,0.026,-1,Echolocation,/mnt/ubna_data_02_mir/recover-20220922/UBNA_001/20220921_090000.WAV,Telephone Field,recover-20220922,001,1795
1379.5125,1379.5533,68437,81889,Rhinolophus ferrumequinum,0.022,0.022,-1,Echolocation,/mnt/ubna_data_02_mir/recover-20220922/UBNA_001/20220921_090000.WAV,Telephone Field,recover-20220922,001,1795
1379.5195,1379.5582,68437,82307,Rhinolophus ferrumequinum,0.023,0.023,-1,Echolocation,/mnt/ubna_data_02_mir/recover-20220922/UBNA_001/20220921_090000.WAV,Telephone Field,recover-20220922,001,1795
1379.5275,1379.5678,68437,81885,Rhinolophus ferrumequinum,0.021,0.021,-1,Echolocation,/mnt/ubna_data_02_mir/recover-20220922/UBNA_001/20220921_090000.WAV,Telephone Field,recover-20220922,001,1795
1379.5345,1379.5711000000001,68437,81444,Rhinolophus ferrumequinum,0.022,0.022,-1,Echolocation,/mnt/ubna_data_02_mir/recover-20220922/UBNA_001/20220921_090000.WAV,Telephone Field,recover-20220922,001,1795
1379.5445,1379.5534,25468,33589,Eptesicus serotinus,0.008,0.023,-1,Echolocation,/mnt/ubna_data_02_mir/recover-20220922/UBNA_001/20220921_090000.WAV,Telephone Field,recover-20220922,001,1795
1379.5665,1379.6076,68437,82238,Rhinolophus ferrumequinum,0.022,0.022,-1,Echolocation,/mnt/ubna_data_02_mir/recover-20220922/UBNA_001/20220921_090000.WAV,Telephone Field,recover-20220922,001,1795
1379.5825,1379.5902,23750,31686,Plecotus austriacus,0.011,0.025,-1,Echolocation,/mnt/ubna_data_02_mir/recover-20220922/UBNA_001/20220921_090000.WAV,Telephone Field,recover-20220922,001,1795
1379.6315,1379.6398,27187,36701,Eptesicus serotinus,0.007,0.023,-1,Echolocation,/mnt/ubna_data_02_mir/recover-20220922/UBNA_001/20220921_090000.WAV,Telephone Field,recover-20220922,001,1795
1379.6505,1379.6596,27187,37485,Eptesicus serotinus,0.01,0.025,-1,Echolocation,/mnt/ubna_data_02_mir/recover-20220922/UBNA_001/20220921_090000.WAV,Telephone Field,recover-20220922,001,1795
1379.6755,1379.6832,28046,38777,Eptesicus serotinus,0.008,0.025,-1,Echolocation,/mnt/ubna_data_02_mir/recover-20220922/UBNA_001/20220921_090000.WAV,Telephone Field,recover-20220922,001,1795
1379.6765,1379.6851,45234,50849,Pipistrellus pipistrellus,0.019,0.021,-1,Echolocation,/mnt/ubna_data_02_mir/recover-20220922/UBNA_001/20220921_090000.WAV,Telephone Field,recover-20220922,001,1795
1379.7165,1379.7568,68437,82462,Rhinolophus ferrumequinum,0.024,0.024,-1,Echolocation,/mnt/ubna_data_02_mir/recover-20220922/UBNA_001/20220921_090000.WAV,Telephone Field,recover-20220922,001,1795
1379.7435,1379.7824,68437,82681,Rhinolophus ferrumequinum,0.022,0.022,-1,Echolocation,/mnt/ubna_data_02_mir/recover-20220922/UBNA_001/20220921_090000.WAV,Telephone Field,recover-20220922,001,1795
1379.7625,1379.7776,35781,40101,Pipistrellus nathusii,0.027,0.04,-1,Echolocation,/mnt/ubna_data_02_mir/recover-20220922/UBNA_001/20220921_090000.WAV,Telephone Field,recover-20220922,001,1795
1379.8025,1379.8395,68437,82283,Rhinolophus ferrumequinum,0.033,0.033,-1,Echolocation,/mnt/ubna_data_02_mir/recover-20220922/UBNA_001/20220921_090000.WAV,Telephone Field,recover-20220922,001,1795
1379.8345,1379.8741,68437,82336,Rhinolophus ferrumequinum,0.021,0.021,-1,Echolocation,/mnt/ubna_data_02_mir/recover-20220922/UBNA_001/20220921_090000.WAV,Telephone Field,recover-20220922,001,1795
1379.9065,1379.9457,68437,82374,Rhinolophus ferrumequinum,0.033,0.033,-1,Echolocation,/mnt/ubna_data_02_mir/recover-20220922/UBNA_001/20220921_090000.WAV,Telephone Field,recover-20220922,001,1795
1379.9245,1379.9369,44375,47680,Pipistrellus pipistrellus,0.028,0.037,-1,Echolocation,/mnt/ubna_data_02_mir/recover-20220922/UBNA_001/20220921_090000.WAV,Telephone Field,recover-20220922,001,1795
1379.9465,1379.9592,22890,26818,Nyctalus leisleri,0.019,0.033,-1,Echolocation,/mnt/ubna_data_02_mir/recover-20220922/UBNA_001/20220921_090000.WAV,Telephone Field,recover-20220922,001,1795
1379.9505,1379.963,37500,40861,Pipistrellus nathusii,0.023,0.032,-1,Echolocation,/mnt/ubna_data_02_mir/recover-20220922/UBNA_001/20220921_090000.WAV,Telephone Field,recover-20220922,001,1795
1379.9865,1379.9968,44375,51210,Pipistrellus pipistrellus,0.018,0.025,-1,Echolocation,/mnt/ubna_data_02_mir/recover-20220922/UBNA_001/20220921_090000.WAV,Telephone Field,recover-20220922,001,1795
1379.9865,1379.993,24609,42497,Myotis nattereri,0.016,0.028,-1,Echolocation,/mnt/ubna_data_02_mir/recover-20220922/UBNA_001/20220921_090000.WAV,Telephone Field,recover-20220922,001,1795
1380.0015,1380.0149,27187,34611,Eptesicus serotinus,0.03,0.057,-1,Echolocation,/mnt/ubna_data_02_mir/recover-20220922/UBNA_001/20220921_090000.WAV,Telephone Field,recover-20220922,001,1795
1380.0015,1380.0345,68437,79903,Rhinolophus ferrumequinum,0.022,0.022,-1,Echolocation,/mnt/ubna_data_02_mir/recover-20220922/UBNA_001/20220921_090000.WAV,Telephone Field,recover-20220922,001,1795
1380.0015,1380.0076,47812,53487,Pipistrellus pipistrellus,0.017,0.023,-1,Echolocation,/mnt/ubna_data_02_mir/recover-20220922/UBNA_001/20220921_090000.WAV,Telephone Field,recover-20220922,001,1795
1380.0085,1380.0192,28046,34227,Eptesicus serotinus,0.026,0.049,-1,Echolocation,/mnt/ubna_data_02_mir/recover-20220922/UBNA_001/20220921_090000.WAV,Telephone Field,recover-20220922,001,1795
1380.0225,1380.0613,68437,81459,Rhinolophus ferrumequinum,0.023,0.023,-1,Echolocation,/mnt/ubna_data_02_mir/recover-20220922/UBNA_001/20220921_090000.WAV,Telephone Field,recover-20220922,001,1795
1380.0605,1380.099,68437,82196,Rhinolophus ferrumequinum,0.027,0.027,-1,Echolocation,/mnt/ubna_data_02_mir/recover-20220922/UBNA_001/20220921_090000.WAV,Telephone Field,recover-20220922,001,1795
1380.1275,1380.1386,22890,28063,Nyctalus leisleri,0.011,0.023,-1,Echolocation,/mnt/ubna_data_02_mir/recover-20220922/UBNA_001/20220921_090000.WAV,Telephone Field,recover-20220922,001,1795
1380.1595,1380.2004,68437,82585,Rhinolophus ferrumequinum,0.022,0.022,-1,Echolocation,/mnt/ubna_data_02_mir/recover-20220922/UBNA_001/20220921_090000.WAV,Telephone Field,recover-20220922,001,1795
1380.2145,1380.2232,25468,33759,Eptesicus serotinus,0.008,0.022,-1,Echolocation,/mnt/ubna_data_02_mir/recover-20220922/UBNA_001/20220921_090000.WAV,Telephone Field,recover-20220922,001,1795
1380.2605,1380.2689,28046,38195,Eptesicus serotinus,0.009,0.024,-1,Echolocation,/mnt/ubna_data_02_mir/recover-20220922/UBNA_001/20220921_090000.WAV,Telephone Field,recover-20220922,001,1795
1380.2825,1380.2899,28906,38531,Eptesicus serotinus,0.008,0.026,-1,Echolocation,/mnt/ubna_data_02_mir/recover-20220922/UBNA_001/20220921_090000.WAV,Telephone Field,recover-20220922,001,1795
1380.2995,1380.3099,44375,48432,Pipistrellus pipistrellus,0.024,0.027,-1,Echolocation,/mnt/ubna_data_02_mir/recover-20220922/UBNA_001/20220921_090000.WAV,Telephone Field,recover-20220922,001,1795
1380.3085,1380.3469,68437,82265,Rhinolophus ferrumequinum,0.022,0.022,-1,Echolocation,/mnt/ubna_data_02_mir/recover-20220922/UBNA_001/20220921_090000.WAV,Telephone Field,recover-20220922,001,1795
1380.3135,1380.3241,37500,42061,Pipistrellus nathusii,0.016,0.028,-1,Echolocation,/mnt/ubna_data_02_mir/recover-20220922/UBNA_001/20220921_090000.WAV,Telephone Field,recover-20220922,001,1795
1380.3155,1380.3546,68437,82622,Rhinolophus ferrumequinum,0.023,0.023,-1,Echolocation,/mnt/ubna_data_02_mir/recover-20220922/UBNA_001/20220921_090000.WAV,Telephone Field,recover-20220922,001,1795
1380.3475,1380.3858,68437,81553,Rhinolophus ferrumequinum,0.022,0.022,-1,Echolocation,/mnt/ubna_data_02_mir/recover-20220922/UBNA_001/20220921_090000.WAV,Telephone Field,recover-20220922,001,1795
1380.3625,1380.405,68437,82652,Rhinolophus ferrumequinum,0.026,0.026,-1,Echolocation,/mnt/ubna_data_02_mir/recover-20220922/UBNA_001/20220921_090000.WAV,Telephone Field,recover-20220922,001,1795
1380.4165,1380.4273,15156,23060,Nyctalus noctula,0.014,0.025,-1,Echolocation,/mnt/ubna_data_02_mir/recover-20220922/UBNA_001/20220921_090000.WAV,Telephone Field,recover-20220922,001,1795
1380.4555,1380.4979,68437,82592,Rhinolophus ferrumequinum,0.027,0.027,-1,Echolocation,/mnt/ubna_data_02_mir/recover-20220922/UBNA_001/20220921_090000.WAV,Telephone Field,recover-20220922,001,1795
1380.4885,1380.4985,24609,31738,Nyctalus leisleri,0.008,0.022,-1,Echolocation,/mnt/ubna_data_02_mir/recover-20220922/UBNA_001/20220921_090000.WAV,Telephone Field,recover-20220922,001,1795
1380.5225,1380.5664,68437,83742,Rhinolophus ferrumequinum,0.038,0.038,-1,Echolocation,/mnt/ubna_data_02_mir/recover-20220922/UBNA_001/20220921_090000.WAV,Telephone Field,recover-20220922,001,1795
1380.5635,1380.6037,68437,82782,Rhinolophus ferrumequinum,0.024,0.024,-1,Echolocation,/mnt/ubna_data_02_mir/recover-20220922/UBNA_001/20220921_090000.WAV,Telephone Field,recover-20220922,001,1795
1380.5665,1380.5752,27187,37393,Eptesicus serotinus,0.009,0.025,-1,Echolocation,/mnt/ubna_data_02_mir/recover-20220922/UBNA_001/20220921_090000.WAV,Telephone Field,recover-20220922,001,1795
1380.5895,1380.6264,68437,81289,Rhinolophus ferrumequinum,0.023,0.023,-1,Echolocation,/mnt/ubna_data_02_mir/recover-20220922/UBNA_001/20220921_090000.WAV,Telephone Field,recover-20220922,001,1795
1380.6515,1380.692,68437,82527,Rhinolophus ferrumequinum,0.022,0.022,-1,Echolocation,/mnt/ubna_data_02_mir/recover-20220922/UBNA_001/20220921_090000.WAV,Telephone Field,recover-20220922,001,1795
1380.6865,1380.7282,68437,82534,Rhinolophus ferrumequinum,0.025,0.025,-1,Echolocation,/mnt/ubna_data_02_mir/recover-20220922/UBNA_001/20220921_090000.WAV,Telephone Field,recover-20220922,001,1795
1380.6915,1380.6981,45234,52539,Pipistrellus pipistrellus,0.019,0.022,-1,Echolocation,/mnt/ubna_data_02_mir/recover-20220922/UBNA_001/20220921_090000.WAV,Telephone Field,recover-20220922,001,1795
1380.7155,1380.7484,68437,81166,Rhinolophus ferrumequinum,0.023,0.023,-1,Echolocation,/mnt/ubna_data_02_mir/recover-20220922/UBNA_001/20220921_090000.WAV,Telephone Field,recover-20220922,001,1795
1380.7195,1380.727,28046,37331,Eptesicus serotinus,0.008,0.023,-1,Echolocation,/mnt/ubna_data_02_mir/recover-20220922/UBNA_001/20220921_090000.WAV,Telephone Field,recover-20220922,001,1795
1380.7475,1380.7574,45234,49182,Pipistrellus pipistrellus,0.023,0.026,-1,Echolocation,/mnt/ubna_data_02_mir/recover-20220922/UBNA_001/20220921_090000.WAV,Telephone Field,recover-20220922,001,1795
1380.7565,1380.7907,68437,80755,Rhinolophus ferrumequinum,0.022,0.023,-1,Echolocation,/mnt/ubna_data_02_mir/recover-20220922/UBNA_001/20220921_090000.WAV,Telephone Field,recover-20220922,001,1795
1380.7615,1380.7916,68437,80049,Rhinolophus ferrumequinum,0.025,0.025,-1,Echolocation,/mnt/ubna_data_02_mir/recover-20220922/UBNA_001/20220921_090000.WAV,Telephone Field,recover-20220922,001,1795
1380.7715,1380.8136,68437,83202,Rhinolophus ferrumequinum,0.029,0.029,-1,Echolocation,/mnt/ubna_data_02_mir/recover-20220922/UBNA_001/20220921_090000.WAV,Telephone Field,recover-20220922,001,1795
1380.7925,1380.8013,28046,37566,Eptesicus serotinus,0.009,0.022,-1,Echolocation,/mnt/ubna_data_02_mir/recover-20220922/UBNA_001/20220921_090000.WAV,Telephone Field,recover-20220922,001,1795
1380.7935,1380.804,47812,51021,Pipistrellus pipistrellus,0.039,0.045,-1,Echolocation,/mnt/ubna_data_02_mir/recover-20220922/UBNA_001/20220921_090000.WAV,Telephone Field,recover-20220922,001,1795
1380.8395,1380.8495,22890,28960,Nyctalus leisleri,0.01,0.024,-1,Echolocation,/mnt/ubna_data_02_mir/recover-20220922/UBNA_001/20220921_090000.WAV,Telephone Field,recover-20220922,001,1795
1380.8665,1380.8761,25468,32728,Eptesicus serotinus,0.008,0.024,-1,Echolocation,/mnt/ubna_data_02_mir/recover-20220922/UBNA_001/20220921_090000.WAV,Telephone Field,recover-20220922,001,1795
1380.8795,1380.9197,68437,82255,Rhinolophus ferrumequinum,0.022,0.022,-1,Echolocation,/mnt/ubna_data_02_mir/recover-20220922/UBNA_001/20220921_090000.WAV,Telephone Field,recover-20220922,001,1795
1380.9085,1380.9467,68437,82257,Rhinolophus ferrumequinum,0.024,0.024,-1,Echolocation,/mnt/ubna_data_02_mir/recover-20220922/UBNA_001/20220921_090000.WAV,Telephone Field,recover-20220922,001,1795
1380.9825,1381.0185,68437,80969,Rhinolophus ferrumequinum,0.023,0.023,-1,Echolocation,/mnt/ubna_data_02_mir/recover-20220922/UBNA_001/20220921_090000.WAV,Telephone Field,recover-20220922,001,1795
1380.9895,1381.0271,68437,82020,Rhinolophus ferrumequinum,0.024,0.025,-1,Echolocation,/mnt/ubna_data_02_mir/recover-20220922/UBNA_001/20220921_090000.WAV,Telephone Field,recover-20220922,001,1795
1381.0215,1381.0639,68437,83026,Rhinolophus ferrumequinum,0.029,0.029,-1,Echolocation,/mnt/ubna_data_02_mir/recover-20220922/UBNA_001/20220921_090000.WAV,Telephone Field,recover-20220922,001,1795
1381.0385,1381.0469,28046,38147,Eptesicus serotinus,0.008,0.022,-1,Echolocation,/mnt/ubna_data_02_mir/recover-20220922/UBNA_001/20220921_090000.WAV,Telephone Field,recover-20220922,001,1795
1381.0515,1381.0595,37500,43361,Barbastellus barbastellus,0.011,0.022,-1,Echolocation,/mnt/ubna_data_02_mir/recover-20220922/UBNA_001/20220921_090000.WAV,Telephone Field,recover-20220922,001,1795
1381.0625,1381.0994,68437,81677,Rhinolophus ferrumequinum,0.024,0.024,-1,Echolocation,/mnt/ubna_data_02_mir/recover-20220922/UBNA_001/20220921_090000.WAV,Telephone Field,recover-20220922,001,1795
1381.0755,1381.0851,28046,36171,Eptesicus serotinus,0.019,0.036,-1,Echolocation,/mnt/ubna_data_02_mir/recover-20220922/UBNA_001/20220921_090000.WAV,Telephone Field,recover-20220922,001,1795
1381.0945,1381.1302,68437,81381,Rhinolophus ferrumequinum,0.023,0.023,-1,Echolocation,/mnt/ubna_data_02_mir/recover-20220922/UBNA_001/20220921_090000.WAV,Telephone Field,recover-20220922,001,1795
1381.1035,1381.1153,28046,35594,Eptesicus serotinus,0.015,0.027,-1,Echolocation,/mnt/ubna_data_02_mir/recover-20220922/UBNA_001/20220921_090000.WAV,Telephone Field,recover-20220922,001,1795
1381.1395,1381.1507,29765,36723,Eptesicus serotinus,0.013,0.025,-1,Echolocation,/mnt/ubna_data_02_mir/recover-20220922/UBNA_001/20220921_090000.WAV,Telephone Field,recover-20220922,001,1795
1381.1395,1381.1777,68437,82155,Rhinolophus ferrumequinum,0.026,0.026,-1,Echolocation,/mnt/ubna_data_02_mir/recover-20220922/UBNA_001/20220921_090000.WAV,Telephone Field,recover-20220922,001,1795
1381.1485,1381.1857,68437,81538,Rhinolophus ferrumequinum,0.022,0.022,-1,Echolocation,/mnt/ubna_data_02_mir/recover-20220922/UBNA_001/20220921_090000.WAV,Telephone Field,recover-20220922,001,1795
1381.1545,1381.1636,28046,38007,Eptesicus serotinus,0.009,0.023,-1,Echolocation,/mnt/ubna_data_02_mir/recover-20220922/UBNA_001/20220921_090000.WAV,Telephone Field,recover-20220922,001,1795
1381.2005,1381.2394,68437,81366,Rhinolophus ferrumequinum,0.023,0.023,-1,Echolocation,/mnt/ubna_data_02_mir/recover-20220922/UBNA_001/20220921_090000.WAV,Telephone Field,recover-20220922,001,1795
1381.2035,1381.2104,27187,39208,Eptesicus serotinus,0.007,0.023,-1,Echolocation,/mnt/ubna_data_02_mir/recover-20220922/UBNA_001/20220921_090000.WAV,Telephone Field,recover-20220922,001,1795
1381.2225,1381.2581,68437,81667,Rhinolophus ferrumequinum,0.022,0.022,-1,Echolocation,/mnt/ubna_data_02_mir/recover-20220922/UBNA_001/20220921_090000.WAV,Telephone Field,recover-20220922,001,1795
1381.2405,1381.2807,68437,82855,Rhinolophus ferrumequinum,0.023,0.023,-1,Echolocation,/mnt/ubna_data_02_mir/recover-20220922/UBNA_001/20220921_090000.WAV,Telephone Field,recover-20220922,001,1795
1381.2645,1381.2723,28046,41661,Eptesicus serotinus,0.008,0.023,-1,Echolocation,/mnt/ubna_data_02_mir/recover-20220922/UBNA_001/20220921_090000.WAV,Telephone Field,recover-20220922,001,1795
1381.2725,1381.2829,28906,38735,Eptesicus serotinus,0.01,0.022,-1,Echolocation,/mnt/ubna_data_02_mir/recover-20220922/UBNA_001/20220921_090000.WAV,Telephone Field,recover-20220922,001,1795
1381.2785,1381.2911,31484,37770,Eptesicus serotinus,0.011,0.024,-1,Echolocation,/mnt/ubna_data_02_mir/recover-20220922/UBNA_001/20220921_090000.WAV,Telephone Field,recover-20220922,001,1795
1381.3045,1381.3403,68437,81957,Rhinolophus ferrumequinum,0.026,0.026,-1,Echolocation,/mnt/ubna_data_02_mir/recover-20220922/UBNA_001/20220921_090000.WAV,Telephone Field,recover-20220922,001,1795
1381.3145,1381.3515,68437,81847,Rhinolophus ferrumequinum,0.021,0.021,-1,Echolocation,/mnt/ubna_data_02_mir/recover-20220922/UBNA_001/20220921_090000.WAV,Telephone Field,recover-20220922,001,1795
1381.3425,1381.3504,27187,43026,Eptesicus serotinus,0.009,0.028,-1,Echolocation,/mnt/ubna_data_02_mir/recover-20220922/UBNA_001/20220921_090000.WAV,Telephone Field,recover-20220922,001,1795
1381.3555,1381.3637,28906,39532,Eptesicus serotinus,0.008,0.025,-1,Echolocation,/mnt/ubna_data_02_mir/recover-20220922/UBNA_001/20220921_090000.WAV,Telephone Field,recover-20220922,001,1795
1381.3715,1381.3806,27187,39044,Eptesicus serotinus,0.01,0.023,-1,Echolocation,/mnt/ubna_data_02_mir/recover-20220922/UBNA_001/20220921_090000.WAV,Telephone Field,recover-20220922,001,1795
1381.4575,1381.4966,68437,82308,Rhinolophus ferrumequinum,0.024,0.024,-1,Echolocation,/mnt/ubna_data_02_mir/recover-20220922/UBNA_001/20220921_090000.WAV,Telephone Field,recover-20220922,001,1795
1381.4725,1381.5136,68437,82380,Rhinolophus ferrumequinum,0.023,0.023,-1,Echolocation,/mnt/ubna_data_02_mir/recover-20220922/UBNA_001/20220921_090000.WAV,Telephone Field,recover-20220922,001,1795
1381.4755,1381.4857,23750,30421,Nyctalus leisleri,0.008,0.023,-1,Echolocation,/mnt/ubna_data_02_mir/recover-20220922/UBNA_001/20220921_090000.WAV,Telephone Field,recover-20220922,001,1795
1381.5375,1381.5795,68437,82580,Rhinolophus ferrumequinum,0.023,0.023,-1,Echolocation,/mnt/ubna_data_02_mir/recover-20220922/UBNA_001/20220921_090000.WAV,Telephone Field,recover-20220922,001,1795
1381.5405,1381.5504,28046,36716,Eptesicus serotinus,0.009,0.023,-1,Echolocation,/mnt/ubna_data_02_mir/recover-20220922/UBNA_001/20220921_090000.WAV,Telephone Field,recover-20220922,001,1795
1381.5635,1381.6039,68437,82186,Rhinolophus ferrumequinum,0.021,0.021,-1,Echolocation,/mnt/ubna_data_02_mir/recover-20220922/UBNA_001/20220921_090000.WAV,Telephone Field,recover-20220922,001,1795
1381.6075,1381.6456,68437,81970,Rhinolophus ferrumequinum,0.03,0.03,-1,Echolocation,/mnt/ubna_data_02_mir/recover-20220922/UBNA_001/20220921_090000.WAV,Telephone Field,recover-20220922,001,1795
1381.6575,1381.6654,27187,40300,Eptesicus serotinus,0.008,0.024,-1,Echolocation,/mnt/ubna_data_02_mir/recover-20220922/UBNA_001/20220921_090000.WAV,Telephone Field,recover-20220922,001,1795
1381.6935,1381.704,24609,31886,Eptesicus serotinus,0.011,0.032,-1,Echolocation,/mnt/ubna_data_02_mir/recover-20220922/UBNA_001/20220921_090000.WAV,Telephone Field,recover-20220922,001,1795
1381.6945,1381.7325,68437,82126,Rhinolophus ferrumequinum,0.027,0.027,-1,Echolocation,/mnt/ubna_data_02_mir/recover-20220922/UBNA_001/20220921_090000.WAV,Telephone Field,recover-20220922,001,1795
1381.7025,1381.7425,68437,81962,Rhinolophus ferrumequinum,0.023,0.023,-1,Echolocation,/mnt/ubna_data_02_mir/recover-20220922/UBNA_001/20220921_090000.WAV,Telephone Field,recover-20220922,001,1795
1381.7205,1381.7611,68437,82618,Rhinolophus ferrumequinum,0.023,0.023,-1,Echolocation,/mnt/ubna_data_02_mir/recover-20220922/UBNA_001/20220921_090000.WAV,Telephone Field,recover-20220922,001,1795
1381.7545,1381.7942,68437,82587,Rhinolophus ferrumequinum,0.027,0.027,-1,Echolocation,/mnt/ubna_data_02_mir/recover-20220922/UBNA_001/20220921_090000.WAV,Telephone Field,recover-20220922,001,1795
1381.7655,1381.8058,68437,82783,Rhinolophus ferrumequinum,0.026,0.026,-1,Echolocation,/mnt/ubna_data_02_mir/recover-20220922/UBNA_001/20220921_090000.WAV,Telephone Field,recover-20220922,001,1795
1381.8115,1381.8499,68437,82509,Rhinolophus ferrumequinum,0.023,0.023,-1,Echolocation,/mnt/ubna_data_02_mir/recover-20220922/UBNA_001/20220921_090000.WAV,Telephone Field,recover-20220922,001,1795
1381.8455,1381.8552,27187,35962,Eptesicus serotinus,0.01,0.023,-1,Echolocation,/mnt/ubna_data_02_mir/recover-20220922/UBNA_001/20220921_090000.WAV,Telephone Field,recover-20220922,001,1795
1381.8835,1381.8938,23750,30596,Nyctalus leisleri,0.009,0.025,-1,Echolocation,/mnt/ubna_data_02_mir/recover-20220922/UBNA_001/20220921_090000.WAV,Telephone Field,recover-20220922,001,1795
1381.9105,1381.9499,68437,82109,Rhinolophus ferrumequinum,0.023,0.023,-1,Echolocation,/mnt/ubna_data_02_mir/recover-20220922/UBNA_001/20220921_090000.WAV,Telephone Field,recover-20220922,001,1795
1381.9165,1381.9551,68437,82246,Rhinolophus ferrumequinum,0.023,0.023,-1,Echolocation,/mnt/ubna_data_02_mir/recover-20220922/UBNA_001/20220921_090000.WAV,Telephone Field,recover-20220922,001,1795
1381.9385,1381.9471,28046,38554,Eptesicus serotinus,0.009,0.024,-1,Echolocation,/mnt/ubna_data_02_mir/recover-20220922/UBNA_001/20220921_090000.WAV,Telephone Field,recover-20220922,001,1795
1381.9725,1381.9797,25468,35009,Plecotus austriacus,0.006,0.024,-1,Echolocation,/mnt/ubna_data_02_mir/recover-20220922/UBNA_001/20220921_090000.WAV,Telephone Field,recover-20220922,001,1795
1382.0015,1382.0097,24609,34046,Nyctalus leisleri,0.006,0.025,-1,Echolocation,/mnt/ubna_data_02_mir/recover-20220922/UBNA_001/20220921_090000.WAV,Telephone Field,recover-20220922,001,1795
1382.0015,1382.036,68437,80694,Rhinolophus ferrumequinum,0.028,0.028,-1,Echolocation,/mnt/ubna_data_02_mir/recover-20220922/UBNA_001/20220921_090000.WAV,Telephone Field,recover-20220922,001,1795
1382.0015,1382.012,46953,50742,Pipistrellus pipistrellus,0.019,0.026,-1,Echolocation,/mnt/ubna_data_02_mir/recover-20220922/UBNA_001/20220921_090000.WAV,Telephone Field,recover-20220922,001,1795
1382.0135,1382.0566,68437,83038,Rhinolophus ferrumequinum,0.03,0.03,-1,Echolocation,/mnt/ubna_data_02_mir/recover-20220922/UBNA_001/20220921_090000.WAV,Telephone Field,recover-20220922,001,1795
1382.0365,1382.0515,21171,24176,Nyctalus leisleri,0.015,0.023,-1,Echolocation,/mnt/ubna_data_02_mir/recover-20220922/UBNA_001/20220921_090000.WAV,Telephone Field,recover-20220922,001,1795
1382.0485,1382.086,68437,81978,Rhinolophus ferrumequinum,0.021,0.021,-1,Echolocation,/mnt/ubna_data_02_mir/recover-20220922/UBNA_001/20220921_090000.WAV,Telephone Field,recover-20220922,001,1795
1382.0805,1382.1226,68437,82977,Rhinolophus ferrumequinum,0.023,0.023,-1,Echolocation,/mnt/ubna_data_02_mir/recover-20220922/UBNA_001/20220921_090000.WAV,Telephone Field,recover-20220922,001,1795
1382.0855,1382.096,23750,29973,Nyctalus leisleri,0.009,0.023,-1,Echolocation,/mnt/ubna_data_02_mir/recover-20220922/UBNA_001/20220921_090000.WAV,Telephone Field,recover-20220922,001,1795
1382.1155,1382.1544,68437,81672,Rhinolophus ferrumequinum,0.023,0.023,-1,Echolocation,/mnt/ubna_data_02_mir/recover-20220922/UBNA_001/20220921_090000.WAV,Telephone Field,recover-20220922,001,1795
1382.1695,1382.1769,26328,37870,Eptesicus serotinus,0.006,0.023,-1,Echolocation,/mnt/ubna_data_02_mir/recover-20220922/UBNA_001/20220921_090000.WAV,Telephone Field,recover-20220922,001,1795
1382.1775,1382.2171,68437,82673,Rhinolophus ferrumequinum,0.026,0.026,-1,Echolocation,/mnt/ubna_data_02_mir/recover-20220922/UBNA_001/20220921_090000.WAV,Telephone Field,recover-20220922,001,1795
1382.2065,1382.2141,46093,50849,Pipistrellus pipistrellus,0.026,0.027,-1,Echolocation,/mnt/ubna_data_02_mir/recover-20220922/UBNA_001/20220921_090000.WAV,Telephone Field,recover-20220922,001,1795
1382.2195,1382.2603,68437,82649,Rhinolophus ferrumequinum,0.024,0.024,-1,Echolocation,/mnt/ubna_data_02_mir/recover-20220922/UBNA_001/20220921_090000.WAV,Telephone Field,recover-20220922,001,1795
1382.2245,1382.2644,68437,82917,Rhinolophus ferrumequinum,0.022,0.022,-1,Echolocation,/mnt/ubna_data_02_mir/recover-20220922/UBNA_001/20220921_090000.WAV,Telephone Field,recover-20220922,001,1795
1382.2595,1382.2969,68437,81521,Rhinolophus ferrumequinum,0.024,0.024,-1,Echolocation,/mnt/ubna_data_02_mir/recover-20220922/UBNA_001/20220921_090000.WAV,Telephone Field,recover-20220922,001,1795
1382.2705,1382.2838,22890,27232,Nyctalus leisleri,0.013,0.023,-1,Echolocation,/mnt/ubna_data_02_mir/recover-20220922/UBNA_001/20220921_090000.WAV,Telephone Field,recover-20220922,001,1795
1382.2795,1382.2896,26328,33364,Eptesicus serotinus,0.009,0.022,-1,Echolocation,/mnt/ubna_data_02_mir/recover-20220922/UBNA_001/20220921_090000.WAV,Telephone Field,recover-20220922,001,1795
1382.3025,1382.312,26328,34289,Eptesicus serotinus,0.009,0.022,-1,Echolocation,/mnt/ubna_data_02_mir/recover-20220922/UBNA_001/20220921_090000.WAV,Telephone Field,recover-20220922,001,1795
1382.3315,1382.3417,27187,35554,Eptesicus serotinus,0.01,0.021,-1,Echolocation,/mnt/ubna_data_02_mir/recover-20220922/UBNA_001/20220921_090000.WAV,Telephone Field,recover-20220922,001,1795
1382.3335,1382.3723,68437,82022,Rhinolophus ferrumequinum,0.025,0.025,-1,Echolocation,/mnt/ubna_data_02_mir/recover-20220922/UBNA_001/20220921_090000.WAV,Telephone Field,recover-20220922,001,1795
1382.3705,1382.3829,23750,28406,Nyctalus leisleri,0.01,0.02,-1,Echolocation,/mnt/ubna_data_02_mir/recover-20220922/UBNA_001/20220921_090000.WAV,Telephone Field,recover-20220922,001,1795
1382.4005,1382.411,28046,35903,Eptesicus serotinus,0.013,0.026,-1,Echolocation,/mnt/ubna_data_02_mir/recover-20220922/UBNA_001/20220921_090000.WAV,Telephone Field,recover-20220922,001,1795
1382.4175,1382.4556,68437,82191,Rhinolophus ferrumequinum,0.021,0.021,-1,Echolocation,/mnt/ubna_data_02_mir/recover-20220922/UBNA_001/20220921_090000.WAV,Telephone Field,recover-20220922,001,1795
1382.4265,1382.4331,28906,40016,Eptesicus serotinus,0.006,0.022,-1,Echolocation,/mnt/ubna_data_02_mir/recover-20220922/UBNA_001/20220921_090000.WAV,Telephone Field,recover-20220922,001,1795
1382.4645,1382.4713,28046,44839,Eptesicus serotinus,0.007,0.024,-1,Echolocation,/mnt/ubna_data_02_mir/recover-20220922/UBNA_001/20220921_090000.WAV,Telephone Field,recover-20220922,001,1795
1382.4735,1382.5158,68437,83315,Rhinolophus ferrumequinum,0.038,0.038,-1,Echolocation,/mnt/ubna_data_02_mir/recover-20220922/UBNA_001/20220921_090000.WAV,Telephone Field,recover-20220922,001,1795
1382.4845,1382.4929,28906,38831,Eptesicus serotinus,0.007,0.021,-1,Echolocation,/mnt/ubna_data_02_mir/recover-20220922/UBNA_001/20220921_090000.WAV,Telephone Field,recover-20220922,001,1795
1382.4935,1382.5008,27187,36873,Eptesicus serotinus,0.008,0.024,-1,Echolocation,/mnt/ubna_data_02_mir/recover-20220922/UBNA_001/20220921_090000.WAV,Telephone Field,recover-20220922,001,1795
1382.5045,1382.5459,68437,82245,Rhinolophus ferrumequinum,0.026,0.026,-1,Echolocation,/mnt/ubna_data_02_mir/recover-20220922/UBNA_001/20220921_090000.WAV,Telephone Field,recover-20220922,001,1795
1382.5325,1382.5719,68437,81973,Rhinolophus ferrumequinum,0.02,0.02,-1,Echolocation,/mnt/ubna_data_02_mir/recover-20220922/UBNA_001/20220921_090000.WAV,Telephone Field,recover-20220922,001,1795
1382.5685,1382.5823,15156,21158,Nyctalus noctula,0.033,0.044,-1,Echolocation,/mnt/ubna_data_02_mir/recover-20220922/UBNA_001/20220921_090000.WAV,Telephone Field,recover-20220922,001,1795
1382.5735,1382.5831,22031,27258,Nyctalus leisleri,0.009,0.021,-1,Echolocation,/mnt/ubna_data_02_mir/recover-20220922/UBNA_001/20220921_090000.WAV,Telephone Field,recover-20220922,001,1795
1382.5905,1382.6301,68437,82440,Rhinolophus ferrumequinum,0.022,0.022,-1,Echolocation,/mnt/ubna_data_02_mir/recover-20220922/UBNA_001/20220921_090000.WAV,Telephone Field,recover-20220922,001,1795
1382.6355,1382.6778,68437,82584,Rhinolophus ferrumequinum,0.022,0.022,-1,Echolocation,/mnt/ubna_data_02_mir/recover-20220922/UBNA_001/20220921_090000.WAV,Telephone Field,recover-20220922,001,1795
1382.6475,1382.688,68437,82971,Rhinolophus ferrumequinum,0.022,0.022,-1,Echolocation,/mnt/ubna_data_02_mir/recover-20220922/UBNA_001/20220921_090000.WAV,Telephone Field,recover-20220922,001,1795
1382.6665,1382.7052,68437,82336,Rhinolophus ferrumequinum,0.02,0.02,-1,Echolocation,/mnt/ubna_data_02_mir/recover-20220922/UBNA_001/20220921_090000.WAV,Telephone Field,recover-20220922,001,1795
1382.7165,1382.7587,68437,83440,Rhinolophus ferrumequinum,0.028,0.028,-1,Echolocation,/mnt/ubna_data_02_mir/recover-20220922/UBNA_001/20220921_090000.WAV,Telephone Field,recover-20220922,001,1795
1382.7165,1382.7246,23750,32310,Plecotus austriacus,0.008,0.023,-1,Echolocation,/mnt/ubna_data_02_mir/recover-20220922/UBNA_001/20220921_090000.WAV,Telephone Field,recover-20220922,001,1795
1382.7615,1382.7683,27187,39375,Eptesicus serotinus,0.006,0.023,-1,Echolocation,/mnt/ubna_data_02_mir/recover-20220922/UBNA_001/20220921_090000.WAV,Telephone Field,recover-20220922,001,1795
1382.7715,1382.8131,68437,82576,Rhinolophus ferrumequinum,0.022,0.022,-1,Echolocation,/mnt/ubna_data_02_mir/recover-20220922/UBNA_001/20220921_090000.WAV,Telephone Field,recover-20220922,001,1795
1382.7925,1382.8009,27187,37534,Eptesicus serotinus,0.007,0.02,-1,Echolocation,/mnt/ubna_data_02_mir/recover-20220922/UBNA_001/20220921_090000.WAV,Telephone Field,recover-20220922,001,1795
1382.8055,1382.8445,68437,82855,Rhinolophus ferrumequinum,0.023,0.023,-1,Echolocation,/mnt/ubna_data_02_mir/recover-20220922/UBNA_001/20220921_090000.WAV,Telephone Field,recover-20220922,001,1795
1382.8225,1382.8338,28906,36531,Eptesicus serotinus,0.019,0.042,-1,Echolocation,/mnt/ubna_data_02_mir/recover-20220922/UBNA_001/20220921_090000.WAV,Telephone Field,recover-20220922,001,1795
1382.8635,1382.9001,68437,81902,Rhinolophus ferrumequinum,0.023,0.023,-1,Echolocation,/mnt/ubna_data_02_mir/recover-20220922/UBNA_001/20220921_090000.WAV,Telephone Field,recover-20220922,001,1795
1382.9175,1382.929,23750,28715,Nyctalus leisleri,0.01,0.021,-1,Echolocation,/mnt/ubna_data_02_mir/recover-20220922/UBNA_001/20220921_090000.WAV,Telephone Field,recover-20220922,001,1795
1382.9265,1382.9637,68437,81825,Rhinolophus ferrumequinum,0.022,0.022,-1,Echolocation,/mnt/ubna_data_02_mir/recover-20220922/UBNA_001/20220921_090000.WAV,Telephone Field,recover-20220922,001,1795
1382.9565,1382.9958,68437,82389,Rhinolophus ferrumequinum,0.026,0.026,-1,Echolocation,/mnt/ubna_data_02_mir/recover-20220922/UBNA_001/20220921_090000.WAV,Telephone Field,recover-20220922,001,1795
1382.9655,1383.0024,68437,81280,Rhinolophus ferrumequinum,0.021,0.021,-1,Echolocation,/mnt/ubna_data_02_mir/recover-20220922/UBNA_001/20220921_090000.WAV,Telephone Field,recover-20220922,001,1795
1383.0215,1383.0573,68437,80670,Rhinolophus ferrumequinum,0.038,0.038,-1,Echolocation,/mnt/ubna_data_02_mir/recover-20220922/UBNA_001/20220921_090000.WAV,Telephone Field,recover-20220922,001,1795
1383.0525,1383.0887,68437,81558,Rhinolophus ferrumequinum,0.022,0.022,-1,Echolocation,/mnt/ubna_data_02_mir/recover-20220922/UBNA_001/20220921_090000.WAV,Telephone Field,recover-20220922,001,1795
1383.0945,1383.1325,68437,82356,Rhinolophus ferrumequinum,0.024,0.024,-1,Echolocation,/mnt/ubna_data_02_mir/recover-20220922/UBNA_001/20220921_090000.WAV,Telephone Field,recover-20220922,001,1795
1383.0995,1383.1153,42656,46401,Pipistrellus nathusii,0.059,0.124,-1,Echolocation,/mnt/ubna_data_02_mir/recover-20220922/UBNA_001/20220921_090000.WAV,Telephone Field,recover-20220922,001,1795
1383.1225,1383.1627,68437,82466,Rhinolophus ferrumequinum,0.026,0.026,-1,Echolocation,/mnt/ubna_data_02_mir/recover-20220922/UBNA_001/20220921_090000.WAV,Telephone Field,recover-20220922,001,1795
1383.1685,1383.206,68437,82022,Rhinolophus ferrumequinum,0.023,0.023,-1,Echolocation,/mnt/ubna_data_02_mir/recover-20220922/UBNA_001/20220921_090000.WAV,Telephone Field,recover-20220922,001,1795
1383.2245,1383.264,68437,81817,Rhinolophus ferrumequinum,0.022,0.022,-1,Echolocation,/mnt/ubna_data_02_mir/recover-20220922/UBNA_001/20220921_090000.WAV,Telephone Field,recover-20220922,001,1795
1383.2565,1383.2982,68437,82203,Rhinolophus ferrumequinum,0.024,0.024,-1,Echolocation,/mnt/ubna_data_02_mir/recover-20220922/UBNA_001/20220921_090000.WAV,Telephone Field,recover-20220922,001,1795
1383.2735,1383.3125,68437,82503,Rhinolophus ferrumequinum,0.021,0.021,-1,Echolocation,/mnt/ubna_data_02_mir/recover-20220922/UBNA_001/20220921_090000.WAV,Telephone Field,recover-20220922,001,1795
1383.3325,1383.3438,22890,28263,Nyctalus leisleri,0.01,0.023,-1,Echolocation,/mnt/ubna_data_02_mir/recover-20220922/UBNA_001/20220921_090000.WAV,Telephone Field,recover-20220922,001,1795
1383.3765,1383.4172,68437,82437,Rhinolophus ferrumequinum,0.026,0.026,-1,Echolocation,/mnt/ubna_data_02_mir/recover-20220922/UBNA_001/20220921_090000.WAV,Telephone Field,recover-20220922,001,1795
1383.4085,1383.4485,68437,82165,Rhinolophus ferrumequinum,0.021,0.021,-1,Echolocation,/mnt/ubna_data_02_mir/recover-20220922/UBNA_001/20220921_090000.WAV,Telephone Field,recover-20220922,001,1795
1383.4105,1383.4176,28046,37207,Eptesicus serotinus,0.006,0.021,-1,Echolocation,/mnt/ubna_data_02_mir/recover-20220922/UBNA_001/20220921_090000.WAV,Telephone Field,recover-20220922,001,1795
1383.4115,1383.4219,22031,26890,Nyctalus leisleri,0.012,0.023,-1,Echolocation,/mnt/ubna_data_02_mir/recover-20220922/UBNA_001/20220921_090000.WAV,Telephone Field,recover-20220922,001,1795
1383.4145,1383.4546,68437,82157,Rhinolophus ferrumequinum,0.02,0.02,-1,Echolocation,/mnt/ubna_data_02_mir/recover-20220922/UBNA_001/20220921_090000.WAV,Telephone Field,recover-20220922,001,1795
1383.4255,1383.4669,68437,82628,Rhinolophus ferrumequinum,0.027,0.027,-1,Echolocation,/mnt/ubna_data_02_mir/recover-20220922/UBNA_001/20220921_090000.WAV,Telephone Field,recover-20220922,001,1795
1383.4685,1383.5066,68437,82292,Rhinolophus ferrumequinum,0.025,0.025,-1,Echolocation,/mnt/ubna_data_02_mir/recover-20220922/UBNA_001/20220921_090000.WAV,Telephone Field,recover-20220922,001,1795
1383.4975,1383.5359,68437,81696,Rhinolophus ferrumequinum,0.021,0.021,-1,Echolocation,/mnt/ubna_data_02_mir/recover-20220922/UBNA_001/20220921_090000.WAV,Telephone Field,recover-20220922,001,1795
1383.5075,1383.5148,28046,37966,Eptesicus serotinus,0.007,0.023,-1,Echolocation,/mnt/ubna_data_02_mir/recover-20220922/UBNA_001/20220921_090000.WAV,Telephone Field,recover-20220922,001,1795
1383.5355,1383.5784,68437,82556,Rhinolophus ferrumequinum,0.036,0.036,-1,Echolocation,/mnt/ubna_data_02_mir/recover-20220922/UBNA_001/20220921_090000.WAV,Telephone Field,recover-20220922,001,1795
1383.5825,1383.622,68437,82299,Rhinolophus ferrumequinum,0.029,0.029,-1,Echolocation,/mnt/ubna_data_02_mir/recover-20220922/UBNA_001/20220921_090000.WAV,Telephone Field,recover-20220922,001,1795
1383.5935,1383.6008,24609,33176,Plecotus austriacus,0.009,0.025,-1,Echolocation,/mnt/ubna_data_02_mir/recover-20220922/UBNA_001/20220921_090000.WAV,Telephone Field,recover-20220922,001,1795
1383.6115,1383.6481,68437,81217,Rhinolophus ferrumequinum,0.02,0.02,-1,Echolocation,/mnt/ubna_data_02_mir/recover-20220922/UBNA_001/20220921_090000.WAV,Telephone Field,recover-20220922,001,1795
1383.6235,1383.6321,23750,31388,Plecotus austriacus,0.006,0.02,-1,Echolocation,/mnt/ubna_data_02_mir/recover-20220922/UBNA_001/20220921_090000.WAV,Telephone Field,recover-20220922,001,1795
1383.6275,1383.6675,68437,82428,Rhinolophus ferrumequinum,0.024,0.024,-1,Echolocation,/mnt/ubna_data_02_mir/recover-20220922/UBNA_001/20220921_090000.WAV,Telephone Field,recover-20220922,001,1795
1383.6725,1383.6841,23750,30343,Nyctalus leisleri,0.01,0.024,-1,Echolocation,/mnt/ubna_data_02_mir/recover-20220922/UBNA_001/20220921_090000.WAV,Telephone Field,recover-20220922,001,1795
1383.7015,1383.7082,27187,39660,Eptesicus serotinus,0.006,0.023,-1,Echolocation,/mnt/ubna_data_02_mir/recover-20220922/UBNA_001/20220921_090000.WAV,Telephone Field,recover-20220922,001,1795
1383.7195,1383.7581,68437,81862,Rhinolophus ferrumequinum,0.026,0.026,-1,Echolocation,/mnt/ubna_data_02_mir/recover-20220922/UBNA_001/20220921_090000.WAV,Telephone Field,recover-20220922,001,1795
1383.7315,1383.7383,45234,49769,Pipistrellus pipistrellus,0.02,0.024,-1,Echolocation,/mnt/ubna_data_02_mir/recover-20220922/UBNA_001/20220921_090000.WAV,Telephone Field,recover-20220922,001,1795
1383.7565,1383.795,68437,81474,Rhinolophus ferrumequinum,0.024,0.024,-1,Echolocation,/mnt/ubna_data_02_mir/recover-20220922/UBNA_001/20220921_090000.WAV,Telephone Field,recover-20220922,001,1795
1383.7785,1383.8165,68437,81842,Rhinolophus ferrumequinum,0.022,0.022,-1,Echolocation,/mnt/ubna_data_02_mir/recover-20220922/UBNA_001/20220921_090000.WAV,Telephone Field,recover-20220922,001,1795
1383.7835,1383.8213,68437,81058,Rhinolophus ferrumequinum,0.022,0.022,-1,Echolocation,/mnt/ubna_data_02_mir/recover-20220922/UBNA_001/20220921_090000.WAV,Telephone Field,recover-20220922,001,1795
1383.8065,1383.8173,23750,29823,Nyctalus leisleri,0.009,0.023,-1,Echolocation,/mnt/ubna_data_02_mir/recover-20220922/UBNA_001/20220921_090000.WAV,Telephone Field,recover-20220922,001,1795
1383.8255,1383.8365,22031,26532,Nyctalus leisleri,0.01,0.021,-1,Echolocation,/mnt/ubna_data_02_mir/recover-20220922/UBNA_001/20220921_090000.WAV,Telephone Field,recover-20220922,001,1795
1383.8485,1383.8577,27187,37888,Eptesicus serotinus,0.009,0.021,-1,Echolocation,/mnt/ubna_data_02_mir/recover-20220922/UBNA_001/20220921_090000.WAV,Telephone Field,recover-20220922,001,1795
1383.8585,1383.8678,28906,38451,Eptesicus serotinus,0.007,0.021,-1,Echolocation,/mnt/ubna_data_02_mir/recover-20220922/UBNA_001/20220921_090000.WAV,Telephone Field,recover-20220922,001,1795
1383.8635,1383.9042,68437,82401,Rhinolophus ferrumequinum,0.026,0.026,-1,Echolocation,/mnt/ubna_data_02_mir/recover-20220922/UBNA_001/20220921_090000.WAV,Telephone Field,recover-20220922,001,1795
1383.8965,1383.9345,68437,82798,Rhinolophus ferrumequinum,0.021,0.021,-1,Echolocation,/mnt/ubna_data_02_mir/recover-20220922/UBNA_001/20220921_090000.WAV,Telephone Field,recover-20220922,001,1795
1383.9065,1383.9176,23750,28725,Nyctalus leisleri,0.009,0.021,-1,Echolocation,/mnt/ubna_data_02_mir/recover-20220922/UBNA_001/20220921_090000.WAV,Telephone Field,recover-20220922,001,1795
1383.9285,1383.9673,68437,82341,Rhinolophus ferrumequinum,0.022,0.022,-1,Echolocation,/mnt/ubna_data_02_mir/recover-20220922/UBNA_001/20220921_090000.WAV,Telephone Field,recover-20220922,001,1795
1383.9455,1383.9791,68437,80994,Rhinolophus ferrumequinum,0.022,0.022,-1,Echolocation,/mnt/ubna_data_02_mir/recover-20220922/UBNA_001/20220921_090000.WAV,Telephone Field,recover-20220922,001,1795
1383.9695,1383.9797,22890,28601,Nyctalus leisleri,0.009,0.021,-1,Echolocation,/mnt/ubna_data_02_mir/recover-20220922/UBNA_001/20220921_090000.WAV,Telephone Field,recover-20220922,001,1795
1383.9875,1383.9965,26328,35893,Eptesicus serotinus,0.008,0.022,-1,Echolocation,/mnt/ubna_data_02_mir/recover-20220922/UBNA_001/20220921_090000.WAV,Telephone Field,recover-20220922,001,1795
1383.9885,1383.9982,46953,52324,Pipistrellus pipistrellus,0.018,0.022,-1,Echolocation,/mnt/ubna_data_02_mir/recover-20220922/UBNA_001/20220921_090000.WAV,Telephone Field,recover-20220922,001,1795
1384.0015,1384.0117,47812,54003,Pipistrellus pipistrellus,0.02,0.027,-1,Echolocation,/mnt/ubna_data_02_mir/recover-20220922/UBNA_001/20220921_090000.WAV,Telephone Field,recover-20220922,001,1795
1384.0015,1384.01,26328,37938,Nyctalus leisleri,0.006,0.025,-1,Echolocation,/mnt/ubna_data_02_mir/recover-20220922/UBNA_001/20220921_090000.WAV,Telephone Field,recover-20220922,001,1795
1384.0015,1384.038,68437,80772,Rhinolophus ferrumequinum,0.044,0.044,-1,Echolocation,/mnt/ubna_data_02_mir/recover-20220922/UBNA_001/20220921_090000.WAV,Telephone Field,recover-20220922,001,1795
1384.0085,1384.0563,68437,83700,Rhinolophus ferrumequinum,0.039,0.039,-1,Echolocation,/mnt/ubna_data_02_mir/recover-20220922/UBNA_001/20220921_090000.WAV,Telephone Field,recover-20220922,001,1795
1384.0095,1384.0166,27187,39883,Eptesicus serotinus,0.008,0.023,-1,Echolocation,/mnt/ubna_data_02_mir/recover-20220922/UBNA_001/20220921_090000.WAV,Telephone Field,recover-20220922,001,1795
1384.0205,1384.028,27187,38305,Eptesicus serotinus,0.007,0.023,-1,Echolocation,/mnt/ubna_data_02_mir/recover-20220922/UBNA_001/20220921_090000.WAV,Telephone Field,recover-20220922,001,1795
1384.0355,1384.076,68437,82703,Rhinolophus ferrumequinum,0.026,0.027,-1,Echolocation,/mnt/ubna_data_02_mir/recover-20220922/UBNA_001/20220921_090000.WAV,Telephone Field,recover-20220922,001,1795
1384.0375,1384.0518,15156,21504,Nyctalus noctula,0.019,0.026,-1,Echolocation,/mnt/ubna_data_02_mir/recover-20220922/UBNA_001/20220921_090000.WAV,Telephone Field,recover-20220922,001,1795
1384.0985,1384.1383,68437,82137,Rhinolophus ferrumequinum,0.023,0.023,-1,Echolocation,/mnt/ubna_data_02_mir/recover-20220922/UBNA_001/20220921_090000.WAV,Telephone Field,recover-20220922,001,1795
1384.1265,1384.1329,36640,45144,Myotis daubentonii,0.009,0.022,-1,Echolocation,/mnt/ubna_data_02_mir/recover-20220922/UBNA_001/20220921_090000.WAV,Telephone Field,recover-20220922,001,1795
1384.1275,1384.1627,68437,80946,Rhinolophus ferrumequinum,0.077,0.077,-1,Echolocation,/mnt/ubna_data_02_mir/recover-20220922/UBNA_001/20220921_090000.WAV,Telephone Field,recover-20220922,001,1795
1384.1285,1384.1373,26328,38617,Eptesicus serotinus,0.006,0.023,-1,Echolocation,/mnt/ubna_data_02_mir/recover-20220922/UBNA_001/20220921_090000.WAV,Telephone Field,recover-20220922,001,1795
1384.1665,1384.1756,50390,54948,Pipistrellus pipistrellus,0.027,0.031,-1,Echolocation,/mnt/ubna_data_02_mir/recover-20220922/UBNA_001/20220921_090000.WAV,Telephone Field,recover-20220922,001,1795
1384.2045,1384.2138,28046,36598,Eptesicus serotinus,0.009,0.023,-1,Echolocation,/mnt/ubna_data_02_mir/recover-20220922/UBNA_001/20220921_090000.WAV,Telephone Field,recover-20220922,001,1795
1384.2045,1384.2434,68437,82275,Rhinolophus ferrumequinum,0.023,0.023,-1,Echolocation,/mnt/ubna_data_02_mir/recover-20220922/UBNA_001/20220921_090000.WAV,Telephone Field,recover-20220922,001,1795
1384.2425,1384.2537,22890,27872,Nyctalus leisleri,0.01,0.022,-1,Echolocation,/mnt/ubna_data_02_mir/recover-20220922/UBNA_001/20220921_090000.WAV,Telephone Field,recover-20220922,001,1795
1384.2725,1384.2825,26328,33888,Eptesicus serotinus,0.011,0.027,-1,Echolocation,/mnt/ubna_data_02_mir/recover-20220922/UBNA_001/20220921_090000.WAV,Telephone Field,recover-20220922,001,1795
1384.2865,1384.3246,68437,82182,Rhinolophus ferrumequinum,0.021,0.021,-1,Echolocation,/mnt/ubna_data_02_mir/recover-20220922/UBNA_001/20220921_090000.WAV,Telephone Field,recover-20220922,001,1795
1384.3005,1384.311,45234,49532,Pipistrellus pipistrellus,0.027,0.029,-1,Echolocation,/mnt/ubna_data_02_mir/recover-20220922/UBNA_001/20220921_090000.WAV,Telephone Field,recover-20220922,001,1795
1384.3015,1384.3132,25468,31170,Nyctalus leisleri,0.015,0.031,-1,Echolocation,/mnt/ubna_data_02_mir/recover-20220922/UBNA_001/20220921_090000.WAV,Telephone Field,recover-20220922,001,1795
1384.3085,1384.3153,48671,55121,Pipistrellus pipistrellus,0.02,0.023,-1,Echolocation,/mnt/ubna_data_02_mir/recover-20220922/UBNA_001/20220921_090000.WAV,Telephone Field,recover-20220922,001,1795
1384.3365,1384.3782,68437,82212,Rhinolophus ferrumequinum,0.023,0.023,-1,Echolocation,/mnt/ubna_data_02_mir/recover-20220922/UBNA_001/20220921_090000.WAV,Telephone Field,recover-20220922,001,1795
1384.3785,1384.389,26328,33273,Eptesicus serotinus,0.015,0.03,-1,Echolocation,/mnt/ubna_data_02_mir/recover-20220922/UBNA_001/20220921_090000.WAV,Telephone Field,recover-20220922,001,1795
1384.3935,1384.4,26328,38276,Plecotus auritus,0.012,0.039,-1,Echolocation,/mnt/ubna_data_02_mir/recover-20220922/UBNA_001/20220921_090000.WAV,Telephone Field,recover-20220922,001,1795
1384.4075,1384.4181,22031,26148,Nyctalus leisleri,0.013,0.024,-1,Echolocation,/mnt/ubna_data_02_mir/recover-20220922/UBNA_001/20220921_090000.WAV,Telephone Field,recover-20220922,001,1795
1384.4245,1384.4608,68437,81717,Rhinolophus ferrumequinum,0.021,0.021,-1,Echolocation,/mnt/ubna_data_02_mir/recover-20220922/UBNA_001/20220921_090000.WAV,Telephone Field,recover-20220922,001,1795
1384.4655,1384.5045,68437,82196,Rhinolophus ferrumequinum,0.022,0.022,-1,Echolocation,/mnt/ubna_data_02_mir/recover-20220922/UBNA_001/20220921_090000.WAV,Telephone Field,recover-20220922,001,1795
1384.4815,1384.4927,22890,28100,Nyctalus leisleri,0.013,0.025,-1,Echolocation,/mnt/ubna_data_02_mir/recover-20220922/UBNA_001/20220921_090000.WAV,Telephone Field,recover-20220922,001,1795
1384.4975,1384.5353,68437,81822,Rhinolophus ferrumequinum,0.022,0.022,-1,Echolocation,/mnt/ubna_data_02_mir/recover-20220922/UBNA_001/20220921_090000.WAV,Telephone Field,recover-20220922,001,1795
1384.5385,1384.5799,68437,83649,Rhinolophus ferrumequinum,0.058,0.058,-1,Echolocation,/mnt/ubna_data_02_mir/recover-20220922/UBNA_001/20220921_090000.WAV,Telephone Field,recover-20220922,001,1795
1384.5585,1384.5676,26328,34489,Eptesicus serotinus,0.009,0.024,-1,Echolocation,/mnt/ubna_data_02_mir/recover-20220922/UBNA_001/20220921_090000.WAV,Telephone Field,recover-20220922,001,1795
1384.5595,1384.5963,68437,81834,Rhinolophus ferrumequinum,0.025,0.025,-1,Echolocation,/mnt/ubna_data_02_mir/recover-20220922/UBNA_001/20220921_090000.WAV,Telephone Field,recover-20220922,001,1795
1384.6215,1384.6633,68437,82832,Rhinolophus ferrumequinum,0.038,0.038,-1,Echolocation,/mnt/ubna_data_02_mir/recover-20220922/UBNA_001/20220921_090000.WAV,Telephone Field,recover-20220922,001,1795
1384.6815,1384.7203,68437,82133,Rhinolophus ferrumequinum,0.022,0.022,-1,Echolocation,/mnt/ubna_data_02_mir/recover-20220922/UBNA_001/20220921_090000.WAV,Telephone Field,recover-20220922,001,1795
1384.6875,1384.6961,31484,40607,Myotis daubentonii,0.007,0.022,-1,Echolocation,/mnt/ubna_data_02_mir/recover-20220922/UBNA_001/20220921_090000.WAV,Telephone Field,recover-20220922,001,1795
1384.7005,1384.7385,68437,82075,Rhinolophus ferrumequinum,0.021,0.021,-1,Echolocation,/mnt/ubna_data_02_mir/recover-20220922/UBNA_001/20220921_090000.WAV,Telephone Field,recover-20220922,001,1795
1384.7125,1384.722,49531,54305,Pipistrellus pipistrellus,0.043,0.049,-1,Echolocation,/mnt/ubna_data_02_mir/recover-20220922/UBNA_001/20220921_090000.WAV,Telephone Field,recover-20220922,001,1795
1384.7155,1384.7268,27187,34588,Eptesicus serotinus,0.014,0.03,-1,Echolocation,/mnt/ubna_data_02_mir/recover-20220922/UBNA_001/20220921_090000.WAV,Telephone Field,recover-20220922,001,1795
1384.7155,1384.7535,68437,82078,Rhinolophus ferrumequinum,0.023,0.023,-1,Echolocation,/mnt/ubna_data_02_mir/recover-20220922/UBNA_001/20220921_090000.WAV,Telephone Field,recover-20220922,001,1795
1384.7295,1384.7371,25468,35045,Plecotus austriacus,0.009,0.027,-1,Echolocation,/mnt/ubna_data_02_mir/recover-20220922/UBNA_001/20220921_090000.WAV,Telephone Field,recover-20220922,001,1795
1384.7725,1384.7813,28046,38153,Eptesicus serotinus,0.008,0.021,-1,Echolocation,/mnt/ubna_data_02_mir/recover-20220922/UBNA_001/20220921_090000.WAV,Telephone Field,recover-20220922,001,1795
1384.7755,1384.8128,68437,81946,Rhinolophus ferrumequinum,0.022,0.022,-1,Echolocation,/mnt/ubna_data_02_mir/recover-20220922/UBNA_001/20220921_090000.WAV,Telephone Field,recover-20220922,001,1795
1384.7825,1384.7933,23750,28888,Nyctalus leisleri,0.011,0.023,-1,Echolocation,/mnt/ubna_data_02_mir/recover-20220922/UBNA_001/20220921_090000.WAV,Telephone Field,recover-20220922,001,1795
1384.8145,1384.824,28906,37106,Eptesicus serotinus,0.01,0.023,-1,Echolocation,/mnt/ubna_data_02_mir/recover-20220922/UBNA_001/20220921_090000.WAV,Telephone Field,recover-20220922,001,1795
1384.8335,1384.8694,68437,81345,Rhinolophus ferrumequinum,0.024,0.024,-1,Echolocation,/mnt/ubna_data_02_mir/recover-20220922/UBNA_001/20220921_090000.WAV,Telephone Field,recover-20220922,001,1795
1384.8435,1384.8806,68437,81287,Rhinolophus ferrumequinum,0.022,0.022,-1,Echolocation,/mnt/ubna_data_02_mir/recover-20220922/UBNA_001/20220921_090000.WAV,Telephone Field,recover-20220922,001,1795
1384.8545,1384.8867,68437,80139,Rhinolophus ferrumequinum,0.022,0.022,-1,Echolocation,/mnt/ubna_data_02_mir/recover-20220922/UBNA_001/20220921_090000.WAV,Telephone Field,recover-20220922,001,1795
1384.8805,1384.917,68437,81871,Rhinolophus ferrumequinum,0.024,0.024,-1,Echolocation,/mnt/ubna_data_02_mir/recover-20220922/UBNA_001/20220921_090000.WAV,Telephone Field,recover-20220922,001,1795
1384.8825,1384.8951,22890,27743,Nyctalus leisleri,0.013,0.025,-1,Echolocation,/mnt/ubna_data_02_mir/recover-20220922/UBNA_001/20220921_090000.WAV,Telephone Field,recover-20220922,001,1795
1384.9125,1384.9477,68437,81273,Rhinolophus ferrumequinum,0.022,0.022,-1,Echolocation,/mnt/ubna_data_02_mir/recover-20220922/UBNA_001/20220921_090000.WAV,Telephone Field,recover-20220922,001,1795
1384.9225,1384.9309,46953,53366,Pipistrellus pipistrellus,0.021,0.025,-1,Echolocation,/mnt/ubna_data_02_mir/recover-20220922/UBNA_001/20220921_090000.WAV,Telephone Field,recover-20220922,001,1795
1384.9475,1384.9863,68437,81866,Rhinolophus ferrumequinum,0.023,0.023,-1,Echolocation,/mnt/ubna_data_02_mir/recover-20220922/UBNA_001/20220921_090000.WAV,Telephone Field,recover-20220922,001,1795
1384.9715,1385.0071,68437,81550,Rhinolophus ferrumequinum,0.028,0.028,-1,Echolocation,/mnt/ubna_data_02_mir/recover-20220922/UBNA_001/20220921_090000.WAV,Telephone Field,recover-20220922,001,1795
1384.9905,1384.9986,27187,37773,Eptesicus serotinus,0.009,0.024,-1,Echolocation,/mnt/ubna_data_02_mir/recover-20220922/UBNA_001/20220921_090000.WAV,Telephone Field,recover-20220922,001,1795
1384.9955,1385.0023,28906,39373,Eptesicus serotinus,0.006,0.023,-1,Echolocation,/mnt/ubna_data_02_mir/recover-20220922/UBNA_001/20220921_090000.WAV,Telephone Field,recover-20220922,001,1795
1385.0025,1385.0406,68437,82271,Rhinolophus ferrumequinum,0.021,0.021,-1,Echolocation,/mnt/ubna_data_02_mir/recover-20220922/UBNA_001/20220921_090000.WAV,Telephone Field,recover-20220922,001,1795
1385.0545,1385.0618,27187,35489,Eptesicus serotinus,0.008,0.022,-1,Echolocation,/mnt/ubna_data_02_mir/recover-20220922/UBNA_001/20220921_090000.WAV,Telephone Field,recover-20220922,001,1795
1385.1075,1385.1167,25468,33204,Eptesicus serotinus,0.009,0.025,-1,Echolocation,/mnt/ubna_data_02_mir/recover-20220922/UBNA_001/20220921_090000.WAV,Telephone Field,recover-20220922,001,1795
1385.1235,1385.1632,68437,81998,Rhinolophus ferrumequinum,0.034,0.034,-1,Echolocation,/mnt/ubna_data_02_mir/recover-20220922/UBNA_001/20220921_090000.WAV,Telephone Field,recover-20220922,001,1795
1385.1435,1385.1838,68437,82818,Rhinolophus ferrumequinum,0.022,0.022,-1,Echolocation,/mnt/ubna_data_02_mir/recover-20220922/UBNA_001/20220921_090000.WAV,Telephone Field,recover-20220922,001,1795
1385.1695,1385.2105,68437,82245,Rhinolophus ferrumequinum,0.022,0.022,-1,Echolocation,/mnt/ubna_data_02_mir/recover-20220922/UBNA_001/20220921_090000.WAV,Telephone Field,recover-20220922,001,1795
1385.1895,1385.1952,35781,50899,Myotis daubentonii,0.018,0.033,-1,Echolocation,/mnt/ubna_data_02_mir/recover-20220922/UBNA_001/20220921_090000.WAV,Telephone Field,recover-20220922,001,1795
1385.1915,1385.2318,68437,82647,Rhinolophus ferrumequinum,0.023,0.023,-1,Echolocation,/mnt/ubna_data_02_mir/recover-20220922/UBNA_001/20220921_090000.WAV,Telephone Field,recover-20220922,001,1795
1385.2405,1385.278,68437,81784,Rhinolophus ferrumequinum,0.022,0.022,-1,Echolocation,/mnt/ubna_data_02_mir/recover-20220922/UBNA_001/20220921_090000.WAV,Telephone Field,recover-20220922,001,1795
1385.2565,1385.2641,20312,27993,Plecotus austriacus,0.014,0.024,-1,Echolocation,/mnt/ubna_data_02_mir/recover-20220922/UBNA_001/20220921_090000.WAV,Telephone Field,recover-20220922,001,1795
1385.2665,1385.2744,47812,54326,Pipistrellus pipistrellus,0.021,0.024,-1,Echolocation,/mnt/ubna_data_02_mir/recover-20220922/UBNA_001/20220921_090000.WAV,Telephone Field,recover-20220922,001,1795
1385.2965,1385.3083,22031,26814,Nyctalus leisleri,0.01,0.025,-1,Echolocation,/mnt/ubna_data_02_mir/recover-20220922/UBNA_001/20220921_090000.WAV,Telephone Field,recover-20220922,001,1795
1385.3015,1385.3394,68437,82003,Rhinolophus ferrumequinum,0.022,0.022,-1,Echolocation,/mnt/ubna_data_02_mir/recover-20220922/UBNA_001/20220921_090000.WAV,Telephone Field,recover-20220922,001,1795
1385.3165,1385.3548,68437,82519,Rhinolophus ferrumequinum,0.026,0.026,-1,Echolocation,/mnt/ubna_data_02_mir/recover-20220922/UBNA_001/20220921_090000.WAV,Telephone Field,recover-20220922,001,1795
1385.3865,1385.4215,68437,81213,Rhinolophus ferrumequinum,0.021,0.021,-1,Echolocation,/mnt/ubna_data_02_mir/recover-20220922/UBNA_001/20220921_090000.WAV,Telephone Field,recover-20220922,001,1795
1385.4195,1385.4576,68437,82318,Rhinolophus ferrumequinum,0.022,0.022,-1,Echolocation,/mnt/ubna_data_02_mir/recover-20220922/UBNA_001/20220921_090000.WAV,Telephone Field,recover-20220922,001,1795
1385.4295,1385.4729,68437,83533,Rhinolophus ferrumequinum,0.03,0.03,-1,Echolocation,/mnt/ubna_data_02_mir/recover-20220922/UBNA_001/20220921_090000.WAV,Telephone Field,recover-20220922,001,1795
1385.4325,1385.4416,27187,37496,Eptesicus serotinus,0.009,0.021,-1,Echolocation,/mnt/ubna_data_02_mir/recover-20220922/UBNA_001/20220921_090000.WAV,Telephone Field,recover-20220922,001,1795
1385.4975,1385.535,68437,81880,Rhinolophus ferrumequinum,0.023,0.023,-1,Echolocation,/mnt/ubna_data_02_mir/recover-20220922/UBNA_001/20220921_090000.WAV,Telephone Field,recover-20220922,001,1795
1385.5445,1385.5652,20312,23240,Nyctalus leisleri,0.035,0.073,-1,Echolocation,/mnt/ubna_data_02_mir/recover-20220922/UBNA_001/20220921_090000.WAV,Telephone Field,recover-20220922,001,1795
1385.5605,1385.5995,68437,82369,Rhinolophus ferrumequinum,0.023,0.023,-1,Echolocation,/mnt/ubna_data_02_mir/recover-20220922/UBNA_001/20220921_090000.WAV,Telephone Field,recover-20220922,001,1795
1385.5835,1385.5914,28046,38737,Eptesicus serotinus,0.006,0.021,-1,Echolocation,/mnt/ubna_data_02_mir/recover-20220922/UBNA_001/20220921_090000.WAV,Telephone Field,recover-20220922,001,1795
1385.6255,1385.6577,68437,81206,Rhinolophus ferrumequinum,0.025,0.025,-1,Echolocation,/mnt/ubna_data_02_mir/recover-20220922/UBNA_001/20220921_090000.WAV,Telephone Field,recover-20220922,001,1795
1385.6685,1385.676,47812,55761,Pipistrellus pipistrellus,0.021,0.024,-1,Echolocation,/mnt/ubna_data_02_mir/recover-20220922/UBNA_001/20220921_090000.WAV,Telephone Field,recover-20220922,001,1795
1385.6745,1385.6854,22031,27020,Nyctalus leisleri,0.012,0.026,-1,Echolocation,/mnt/ubna_data_02_mir/recover-20220922/UBNA_001/20220921_090000.WAV,Telephone Field,recover-20220922,001,1795
1385.7345,1385.772,68437,81440,Rhinolophus ferrumequinum,0.022,0.022,-1,Echolocation,/mnt/ubna_data_02_mir/recover-20220922/UBNA_001/20220921_090000.WAV,Telephone Field,recover-20220922,001,1795
1385.7375,1385.7482,28046,36673,Eptesicus serotinus,0.019,0.032,-1,Echolocation,/mnt/ubna_data_02_mir/recover-20220922/UBNA_001/20220921_090000.WAV,Telephone Field,recover-20220922,001,1795
1385.7705,1385.7794,27187,38681,Eptesicus serotinus,0.01,0.025,-1,Echolocation,/mnt/ubna_data_02_mir/recover-20220922/UBNA_001/20220921_090000.WAV,Telephone Field,recover-20220922,001,1795
1385.7885,1385.7951,27187,38573,Eptesicus serotinus,0.007,0.025,-1,Echolocation,/mnt/ubna_data_02_mir/recover-20220922/UBNA_001/20220921_090000.WAV,Telephone Field,recover-20220922,001,1795
1385.8135,1385.8281,22031,26430,Nyctalus leisleri,0.012,0.023,-1,Echolocation,/mnt/ubna_data_02_mir/recover-20220922/UBNA_001/20220921_090000.WAV,Telephone Field,recover-20220922,001,1795
1385.8255,1385.8436,21171,24410,Nyctalus leisleri,0.019,0.031,-1,Echolocation,/mnt/ubna_data_02_mir/recover-20220922/UBNA_001/20220921_090000.WAV,Telephone Field,recover-20220922,001,1795
1385.8375,1385.878,68437,83279,Rhinolophus ferrumequinum,0.026,0.026,-1,Echolocation,/mnt/ubna_data_02_mir/recover-20220922/UBNA_001/20220921_090000.WAV,Telephone Field,recover-20220922,001,1795
1385.8495,1385.8573,28046,37326,Eptesicus serotinus,0.009,0.024,-1,Echolocation,/mnt/ubna_data_02_mir/recover-20220922/UBNA_001/20220921_090000.WAV,Telephone Field,recover-20220922,001,1795
1385.8675,1385.9076,68437,82539,Rhinolophus ferrumequinum,0.022,0.022,-1,Echolocation,/mnt/ubna_data_02_mir/recover-20220922/UBNA_001/20220921_090000.WAV,Telephone Field,recover-20220922,001,1795
1385.9115,1385.9504,68437,82274,Rhinolophus ferrumequinum,0.023,0.023,-1,Echolocation,/mnt/ubna_data_02_mir/recover-20220922/UBNA_001/20220921_090000.WAV,Telephone Field,recover-20220922,001,1795
1385.9405,1385.9533,22890,27983,Nyctalus leisleri,0.018,0.034,-1,Echolocation,/mnt/ubna_data_02_mir/recover-20220922/UBNA_001/20220921_090000.WAV,Telephone Field,recover-20220922,001,1795
1385.9825,1385.993,22031,27290,Nyctalus leisleri,0.011,0.024,-1,Echolocation,/mnt/ubna_data_02_mir/recover-20220922/UBNA_001/20220921_090000.WAV,Telephone Field,recover-20220922,001,1795
1386.0015,1386.0136,23750,30270,Nyctalus leisleri,0.014,0.034,-1,Echolocation,/mnt/ubna_data_02_mir/recover-20220922/UBNA_001/20220921_090000.WAV,Telephone Field,recover-20220922,001,1795
1386.0015,1386.0155,54687,59540,Pipistrellus pygmaeus,0.018,0.023,-1,Echolocation,/mnt/ubna_data_02_mir/recover-20220922/UBNA_001/20220921_090000.WAV,Telephone Field,recover-20220922,001,1795
1386.0015,1386.0337,68437,80241,Rhinolophus ferrumequinum,0.037,0.037,-1,Echolocation,/mnt/ubna_data_02_mir/recover-20220922/UBNA_001/20220921_090000.WAV,Telephone Field,recover-20220922,001,1795
1386.0115,1386.0224,23750,29610,Nyctalus leisleri,0.011,0.027,-1,Echolocation,/mnt/ubna_data_02_mir/recover-20220922/UBNA_001/20220921_090000.WAV,Telephone Field,recover-20220922,001,1795
1386.0165,1386.0578,68437,82703,Rhinolophus ferrumequinum,0.023,0.024,-1,Echolocation,/mnt/ubna_data_02_mir/recover-20220922/UBNA_001/20220921_090000.WAV,Telephone Field,recover-20220922,001,1795
1386.0225,1386.0602,68437,82300,Rhinolophus ferrumequinum,0.023,0.023,-1,Echolocation,/mnt/ubna_data_02_mir/recover-20220922/UBNA_001/20220921_090000.WAV,Telephone Field,recover-20220922,001,1795
1386.0255,1386.0371,22031,26579,Nyctalus leisleri,0.012,0.024,-1,Echolocation,/mnt/ubna_data_02_mir/recover-20220922/UBNA_001/20220921_090000.WAV,Telephone Field,recover-20220922,001,1795
1386.0415,1386.0531,23750,28681,Nyctalus leisleri,0.017,0.032,-1,Echolocation,/mnt/ubna_data_02_mir/recover-20220922/UBNA_001/20220921_090000.WAV,Telephone Field,recover-20220922,001,1795
1386.0625,1386.103,68437,82601,Rhinolophus ferrumequinum,0.037,0.037,-1,Echolocation,/mnt/ubna_data_02_mir/recover-20220922/UBNA_001/20220921_090000.WAV,Telephone Field,recover-20220922,001,1795
1386.0845,1386.0956,23750,29641,Nyctalus leisleri,0.014,0.031,-1,Echolocation,/mnt/ubna_data_02_mir/recover-20220922/UBNA_001/20220921_090000.WAV,Telephone Field,recover-20220922,001,1795
1386.0925,1386.1314,68437,82782,Rhinolophus ferrumequinum,0.024,0.024,-1,Echolocation,/mnt/ubna_data_02_mir/recover-20220922/UBNA_001/20220921_090000.WAV,Telephone Field,recover-20220922,001,1795
1386.1085,1386.1492,68437,82866,Rhinolophus ferrumequinum,0.026,0.026,-1,Echolocation,/mnt/ubna_data_02_mir/recover-20220922/UBNA_001/20220921_090000.WAV,Telephone Field,recover-20220922,001,1795
1386.1305,1386.1383,23750,32954,Plecotus austriacus,0.01,0.025,-1,Echolocation,/mnt/ubna_data_02_mir/recover-20220922/UBNA_001/20220921_090000.WAV,Telephone Field,recover-20220922,001,1795
1386.1545,1386.1923,68437,81673,Rhinolophus ferrumequinum,0.025,0.025,-1,Echolocation,/mnt/ubna_data_02_mir/recover-20220922/UBNA_001/20220921_090000.WAV,Telephone Field,recover-20220922,001,1795
1386.1735,1386.183,28906,40004,Eptesicus serotinus,0.009,0.024,-1,Echolocation,/mnt/ubna_data_02_mir/recover-20220922/UBNA_001/20220921_090000.WAV,Telephone Field,recover-20220922,001,1795
1386.1995,1386.2094,23750,31031,Nyctalus leisleri,0.008,0.022,-1,Echolocation,/mnt/ubna_data_02_mir/recover-20220922/UBNA_001/20220921_090000.WAV,Telephone Field,recover-20220922,001,1795
1386.2005,1386.2067,49531,54163,Pipistrellus pipistrellus,0.023,0.025,-1,Echolocation,/mnt/ubna_data_02_mir/recover-20220922/UBNA_001/20220921_090000.WAV,Telephone Field,recover-20220922,001,1795
1386.2445,1386.2832,68437,82255,Rhinolophus ferrumequinum,0.024,0.024,-1,Echolocation,/mnt/ubna_data_02_mir/recover-20220922/UBNA_001/20220921_090000.WAV,Telephone Field,recover-20220922,001,1795
1386.2545,1386.2657,22890,28260,Nyctalus leisleri,0.011,0.022,-1,Echolocation,/mnt/ubna_data_02_mir/recover-20220922/UBNA_001/20220921_090000.WAV,Telephone Field,recover-20220922,001,1795
1386.3055,1386.3135,28046,39795,Eptesicus serotinus,0.008,0.023,-1,Echolocation,/mnt/ubna_data_02_mir/recover-20220922/UBNA_001/20220921_090000.WAV,Telephone Field,recover-20220922,001,1795
1386.3845,1386.4253,68437,82406,Rhinolophus ferrumequinum,0.023,0.023,-1,Echolocation,/mnt/ubna_data_02_mir/recover-20220922/UBNA_001/20220921_090000.WAV,Telephone Field,recover-20220922,001,1795
1386.4095,1386.4474,68437,81915,Rhinolophus ferrumequinum,0.025,0.025,-1,Echolocation,/mnt/ubna_data_02_mir/recover-20220922/UBNA_001/20220921_090000.WAV,Telephone Field,recover-20220922,001,1795
1386.4345,1386.472,68437,81610,Rhinolophus ferrumequinum,0.023,0.023,-1,Echolocation,/mnt/ubna_data_02_mir/recover-20220922/UBNA_001/20220921_090000.WAV,Telephone Field,recover-20220922,001,1795
1386.4735,1386.513,68437,82037,Rhinolophus ferrumequinum,0.027,0.027,-1,Echolocation,/mnt/ubna_data_02_mir/recover-20220922/UBNA_001/20220921_090000.WAV,Telephone Field,recover-20220922,001,1795
1386.4755,1386.4824,28906,39348,Eptesicus serotinus,0.007,0.028,-1,Echolocation,/mnt/ubna_data_02_mir/recover-20220922/UBNA_001/20220921_090000.WAV,Telephone Field,recover-20220922,001,1795
1386.4885,1386.4964,30625,43513,Myotis daubentonii,0.008,0.024,-1,Echolocation,/mnt/ubna_data_02_mir/recover-20220922/UBNA_001/20220921_090000.WAV,Telephone Field,recover-20220922,001,1795
1386.5005,1386.5386,68437,82307,Rhinolophus ferrumequinum,0.028,0.028,-1,Echolocation,/mnt/ubna_data_02_mir/recover-20220922/UBNA_001/20220921_090000.WAV,Telephone Field,recover-20220922,001,1795
1386.5465,1386.5563,24609,31357,Nyctalus leisleri,0.008,0.025,-1,Echolocation,/mnt/ubna_data_02_mir/recover-20220922/UBNA_001/20220921_090000.WAV,Telephone Field,recover-20220922,001,1795
1386.5795,1386.5877,28046,36885,Eptesicus serotinus,0.011,0.027,-1,Echolocation,/mnt/ubna_data_02_mir/recover-20220922/UBNA_001/20220921_090000.WAV,Telephone Field,recover-20220922,001,1795
1386.5835,1386.6201,68437,82460,Rhinolophus ferrumequinum,0.026,0.026,-1,Echolocation,/mnt/ubna_data_02_mir/recover-20220922/UBNA_001/20220921_090000.WAV,Telephone Field,recover-20220922,001,1795
1386.5975,1386.6079,25468,32855,Eptesicus serotinus,0.011,0.025,-1,Echolocation,/mnt/ubna_data_02_mir/recover-20220922/UBNA_001/20220921_090000.WAV,Telephone Field,recover-20220922,001,1795
1386.6375,1386.6789,68437,82627,Rhinolophus ferrumequinum,0.023,0.023,-1,Echolocation,/mnt/ubna_data_02_mir/recover-20220922/UBNA_001/20220921_090000.WAV,Telephone Field,recover-20220922,001,1795
1386.6425,1386.685,68437,82887,Rhinolophus ferrumequinum,0.024,0.024,-1,Echolocation,/mnt/ubna_data_02_mir/recover-20220922/UBNA_001/20220921_090000.WAV,Telephone Field,recover-20220922,001,1795
1386.6905,1386.7296,68437,82504,Rhinolophus ferrumequinum,0.024,0.024,-1,Echolocation,/mnt/ubna_data_02_mir/recover-20220922/UBNA_001/20220921_090000.WAV,Telephone Field,recover-20220922,001,1795
1386.7055,1386.7444,68437,81368,Rhinolophus ferrumequinum,0.027,0.027,-1,Echolocation,/mnt/ubna_data_02_mir/recover-20220922/UBNA_001/20220921_090000.WAV,Telephone Field,recover-20220922,001,1795
1386.7115,1386.7224,22890,28712,Nyctalus leisleri,0.01,0.024,-1,Echolocation,/mnt/ubna_data_02_mir/recover-20220922/UBNA_001/20220921_090000.WAV,Telephone Field,recover-20220922,001,1795
1386.7505,1386.7579,23750,32090,Plecotus austriacus,0.011,0.024,-1,Echolocation,/mnt/ubna_data_02_mir/recover-20220922/UBNA_001/20220921_090000.WAV,Telephone Field,recover-20220922,001,1795
1386.7795,1386.7873,28046,36911,Eptesicus serotinus,0.008,0.024,-1,Echolocation,/mnt/ubna_data_02_mir/recover-20220922/UBNA_001/20220921_090000.WAV,Telephone Field,recover-20220922,001,1795
1386.8165,1386.858,68437,82776,Rhinolophus ferrumequinum,0.025,0.025,-1,Echolocation,/mnt/ubna_data_02_mir/recover-20220922/UBNA_001/20220921_090000.WAV,Telephone Field,recover-20220922,001,1795
1386.8315,1386.842,28906,36260,Eptesicus serotinus,0.015,0.029,-1,Echolocation,/mnt/ubna_data_02_mir/recover-20220922/UBNA_001/20220921_090000.WAV,Telephone Field,recover-20220922,001,1795
1386.8475,1386.8575,26328,34562,Eptesicus serotinus,0.01,0.022,-1,Echolocation,/mnt/ubna_data_02_mir/recover-20220922/UBNA_001/20220921_090000.WAV,Telephone Field,recover-20220922,001,1795
1386.8515,1386.893,68437,83071,Rhinolophus ferrumequinum,0.031,0.031,-1,Echolocation,/mnt/ubna_data_02_mir/recover-20220922/UBNA_001/20220921_090000.WAV,Telephone Field,recover-20220922,001,1795
1386.9465,1386.9869,68437,82468,Rhinolophus ferrumequinum,0.026,0.026,-1,Echolocation,/mnt/ubna_data_02_mir/recover-20220922/UBNA_001/20220921_090000.WAV,Telephone Field,recover-20220922,001,1795
1386.9625,1386.9724,28906,36231,Eptesicus serotinus,0.01,0.022,-1,Echolocation,/mnt/ubna_data_02_mir/recover-20220922/UBNA_001/20220921_090000.WAV,Telephone Field,recover-20220922,001,1795
1386.9675,1386.9751,26328,34603,Eptesicus serotinus,0.006,0.023,-1,Echolocation,/mnt/ubna_data_02_mir/recover-20220922/UBNA_001/20220921_090000.WAV,Telephone Field,recover-20220922,001,1795
1386.9785,1387.017,68437,82482,Rhinolophus ferrumequinum,0.025,0.025,-1,Echolocation,/mnt/ubna_data_02_mir/recover-20220922/UBNA_001/20220921_090000.WAV,Telephone Field,recover-20220922,001,1795
1386.9855,1387.025,68437,82431,Rhinolophus ferrumequinum,0.024,0.024,-1,Echolocation,/mnt/ubna_data_02_mir/recover-20220922/UBNA_001/20220921_090000.WAV,Telephone Field,recover-20220922,001,1795
1387.0135,1387.0496,68437,81973,Rhinolophus ferrumequinum,0.023,0.023,-1,Echolocation,/mnt/ubna_data_02_mir/recover-20220922/UBNA_001/20220921_090000.WAV,Telephone Field,recover-20220922,001,1795
1387.0235,1387.0301,24609,35187,Plecotus austriacus,0.028,0.059,-1,Echolocation,/mnt/ubna_data_02_mir/recover-20220922/UBNA_001/20220921_090000.WAV,Telephone Field,recover-20220922,001,1795
1387.0925,1387.1328,68437,82852,Rhinolophus ferrumequinum,0.024,0.024,-1,Echolocation,/mnt/ubna_data_02_mir/recover-20220922/UBNA_001/20220921_090000.WAV,Telephone Field,recover-20220922,001,1795
1387.1415,1387.1573,15156,19986,Nyctalus noctula,0.037,0.049,-1,Echolocation,/mnt/ubna_data_02_mir/recover-20220922/UBNA_001/20220921_090000.WAV,Telephone Field,recover-20220922,001,1795
1387.1585,1387.1657,27187,39619,Eptesicus serotinus,0.006,0.022,-1,Echolocation,/mnt/ubna_data_02_mir/recover-20220922/UBNA_001/20220921_090000.WAV,Telephone Field,recover-20220922,001,1795
1387.1785,1387.2191,68437,82410,Rhinolophus ferrumequinum,0.035,0.035,-1,Echolocation,/mnt/ubna_data_02_mir/recover-20220922/UBNA_001/20220921_090000.WAV,Telephone Field,recover-20220922,001,1795
1387.2045,1387.2456,68437,83216,Rhinolophus ferrumequinum,0.029,0.029,-1,Echolocation,/mnt/ubna_data_02_mir/recover-20220922/UBNA_001/20220921_090000.WAV,Telephone Field,recover-20220922,001,1795
1387.2065,1387.2137,28046,37896,Eptesicus serotinus,0.007,0.023,-1,Echolocation,/mnt/ubna_data_02_mir/recover-20220922/UBNA_001/20220921_090000.WAV,Telephone Field,recover-20220922,001,1795
1387.2145,1387.2216,28046,39268,Eptesicus serotinus,0.006,0.024,-1,Echolocation,/mnt/ubna_data_02_mir/recover-20220922/UBNA_001/20220921_090000.WAV,Telephone Field,recover-20220922,001,1795
1387.2315,1387.2689,68437,81704,Rhinolophus ferrumequinum,0.026,0.026,-1,Echolocation,/mnt/ubna_data_02_mir/recover-20220922/UBNA_001/20220921_090000.WAV,Telephone Field,recover-20220922,001,1795
1387.2805,1387.3199,68437,82284,Rhinolophus ferrumequinum,0.031,0.031,-1,Echolocation,/mnt/ubna_data_02_mir/recover-20220922/UBNA_001/20220921_090000.WAV,Telephone Field,recover-20220922,001,1795
1387.2855,1387.2942,28046,40261,Eptesicus serotinus,0.007,0.023,-1,Echolocation,/mnt/ubna_data_02_mir/recover-20220922/UBNA_001/20220921_090000.WAV,Telephone Field,recover-20220922,001,1795
1387.3045,1387.317,24609,31136,Nyctalus leisleri,0.011,0.03,-1,Echolocation,/mnt/ubna_data_02_mir/recover-20220922/UBNA_001/20220921_090000.WAV,Telephone Field,recover-20220922,001,1795
1387.3235,1387.3298,48671,53721,Pipistrellus pipistrellus,0.025,0.026,-1,Echolocation,/mnt/ubna_data_02_mir/recover-20220922/UBNA_001/20220921_090000.WAV,Telephone Field,recover-20220922,001,1795
1387.3535,1387.3918,68437,81844,Rhinolophus ferrumequinum,0.024,0.024,-1,Echolocation,/mnt/ubna_data_02_mir/recover-20220922/UBNA_001/20220921_090000.WAV,Telephone Field,recover-20220922,001,1795
1387.3715,1387.3808,28906,38200,Eptesicus serotinus,0.009,0.024,-1,Echolocation,/mnt/ubna_data_02_mir/recover-20220922/UBNA_001/20220921_090000.WAV,Telephone Field,recover-20220922,001,1795
1387.3915,1387.43,68437,81870,Rhinolophus ferrumequinum,0.023,0.023,-1,Echolocation,/mnt/ubna_data_02_mir/recover-20220922/UBNA_001/20220921_090000.WAV,Telephone Field,recover-20220922,001,1795
1387.3965,1387.4345,68437,81731,Rhinolophus ferrumequinum,0.023,0.023,-1,Echolocation,/mnt/ubna_data_02_mir/recover-20220922/UBNA_001/20220921_090000.WAV,Telephone Field,recover-20220922,001,1795
1387.4105,1387.4503,68437,82714,Rhinolophus ferrumequinum,0.024,0.024,-1,Echolocation,/mnt/ubna_data_02_mir/recover-20220922/UBNA_001/20220921_090000.WAV,Telephone Field,recover-20220922,001,1795
1387.4325,1387.439,28046,39303,Eptesicus serotinus,0.006,0.029,-1,Echolocation,/mnt/ubna_data_02_mir/recover-20220922/UBNA_001/20220921_090000.WAV,Telephone Field,recover-20220922,001,1795
1387.5235,1387.5606,68437,81747,Rhinolophus ferrumequinum,0.027,0.027,-1,Echolocation,/mnt/ubna_data_02_mir/recover-20220922/UBNA_001/20220921_090000.WAV,Telephone Field,recover-20220922,001,1795
1387.5815,1387.6215,68437,82071,Rhinolophus ferrumequinum,0.031,0.031,-1,Echolocation,/mnt/ubna_data_02_mir/recover-20220922/UBNA_001/20220921_090000.WAV,Telephone Field,recover-20220922,001,1795
1387.5925,1387.6307,68437,82153,Rhinolophus ferrumequinum,0.023,0.023,-1,Echolocation,/mnt/ubna_data_02_mir/recover-20220922/UBNA_001/20220921_090000.WAV,Telephone Field,recover-20220922,001,1795
1387.6145,1387.6545,68437,81876,Rhinolophus ferrumequinum,0.024,0.024,-1,Echolocation,/mnt/ubna_data_02_mir/recover-20220922/UBNA_001/20220921_090000.WAV,Telephone Field,recover-20220922,001,1795
1387.6455,1387.6799,68437,81118,Rhinolophus ferrumequinum,0.025,0.025,-1,Echolocation,/mnt/ubna_data_02_mir/recover-20220922/UBNA_001/20220921_090000.WAV,Telephone Field,recover-20220922,001,1795
1387.6595,1387.6991,68437,82058,Rhinolophus ferrumequinum,0.025,0.025,-1,Echolocation,/mnt/ubna_data_02_mir/recover-20220922/UBNA_001/20220921_090000.WAV,Telephone Field,recover-20220922,001,1795
1387.6865,1387.6963,46093,52705,Pipistrellus pipistrellus,0.021,0.024,-1,Echolocation,/mnt/ubna_data_02_mir/recover-20220922/UBNA_001/20220921_090000.WAV,Telephone Field,recover-20220922,001,1795
1387.7275,1387.7343,23750,32253,Plecotus austriacus,0.009,0.023,-1,Echolocation,/mnt/ubna_data_02_mir/recover-20220922/UBNA_001/20220921_090000.WAV,Telephone Field,recover-20220922,001,1795
1387.7465,1387.7852,68437,81771,Rhinolophus ferrumequinum,0.024,0.024,-1,Echolocation,/mnt/ubna_data_02_mir/recover-20220922/UBNA_001/20220921_090000.WAV,Telephone Field,recover-20220922,001,1795
1387.7745,1387.813,68437,82029,Rhinolophus ferrumequinum,0.024,0.025,-1,Echolocation,/mnt/ubna_data_02_mir/recover-20220922/UBNA_001/20220921_090000.WAV,Telephone Field,recover-20220922,001,1795
1387.7925,1387.8295,68437,81517,Rhinolophus ferrumequinum,0.022,0.023,-1,Echolocation,/mnt/ubna_data_02_mir/recover-20220922/UBNA_001/20220921_090000.WAV,Telephone Field,recover-20220922,001,1795
1387.7945,1387.8066,22890,26969,Nyctalus leisleri,0.02,0.033,-1,Echolocation,/mnt/ubna_data_02_mir/recover-20220922/UBNA_001/20220921_090000.WAV,Telephone Field,recover-20220922,001,1795
1387.8355,1387.8467,25468,32424,Eptesicus serotinus,0.011,0.027,-1,Echolocation,/mnt/ubna_data_02_mir/recover-20220922/UBNA_001/20220921_090000.WAV,Telephone Field,recover-20220922,001,1795
1387.8445,1387.8513,26328,36673,Eptesicus serotinus,0.008,0.033,-1,Echolocation,/mnt/ubna_data_02_mir/recover-20220922/UBNA_001/20220921_090000.WAV,Telephone Field,recover-20220922,001,1795
1387.8585,1387.8672,28046,38548,Eptesicus serotinus,0.01,0.025,-1,Echolocation,/mnt/ubna_data_02_mir/recover-20220922/UBNA_001/20220921_090000.WAV,Telephone Field,recover-20220922,001,1795
1387.8695,1387.9091,68437,81489,Rhinolophus ferrumequinum,0.024,0.024,-1,Echolocation,/mnt/ubna_data_02_mir/recover-20220922/UBNA_001/20220921_090000.WAV,Telephone Field,recover-20220922,001,1795
1387.8705,1387.8825,25468,31185,Nyctalus leisleri,0.011,0.027,-1,Echolocation,/mnt/ubna_data_02_mir/recover-20220922/UBNA_001/20220921_090000.WAV,Telephone Field,recover-20220922,001,1795
1387.8805,1387.9165,68437,81637,Rhinolophus ferrumequinum,0.022,0.022,-1,Echolocation,/mnt/ubna_data_02_mir/recover-20220922/UBNA_001/20220921_090000.WAV,Telephone Field,recover-20220922,001,1795
1387.9275,1387.9654,68437,82294,Rhinolophus ferrumequinum,0.024,0.024,-1,Echolocation,/mnt/ubna_data_02_mir/recover-20220922/UBNA_001/20220921_090000.WAV,Telephone Field,recover-20220922,001,1795
1388.0015,1388.0369,68437,80275,Rhinolophus ferrumequinum,0.059,0.06,-1,Echolocation,/mnt/ubna_data_02_mir/recover-20220922/UBNA_001/20220921_090000.WAV,Telephone Field,recover-20220922,001,1795
1388.0015,1388.0096,25468,35279,Nyctalus leisleri,0.008,0.028,-1,Echolocation,/mnt/ubna_data_02_mir/recover-20220922/UBNA_001/20220921_090000.WAV,Telephone Field,recover-20220922,001,1795
1388.0075,1388.0511,68437,82698,Rhinolophus ferrumequinum,0.028,0.028,-1,Echolocation,/mnt/ubna_data_02_mir/recover-20220922/UBNA_001/20220921_090000.WAV,Telephone Field,recover-20220922,001,1795
1388.0325,1388.0717,68437,82607,Rhinolophus ferrumequinum,0.024,0.024,-1,Echolocation,/mnt/ubna_data_02_mir/recover-20220922/UBNA_001/20220921_090000.WAV,Telephone Field,recover-20220922,001,1795
1388.0385,1388.045,26328,42032,Eptesicus serotinus,0.006,0.025,-1,Echolocation,/mnt/ubna_data_02_mir/recover-20220922/UBNA_001/20220921_090000.WAV,Telephone Field,recover-20220922,001,1795
1388.0555,1388.0677,22890,27503,Nyctalus leisleri,0.013,0.025,-1,Echolocation,/mnt/ubna_data_02_mir/recover-20220922/UBNA_001/20220921_090000.WAV,Telephone Field,recover-20220922,001,1795
1388.0675,1388.0766,23750,30991,Nyctalus leisleri,0.007,0.023,-1,Echolocation,/mnt/ubna_data_02_mir/recover-20220922/UBNA_001/20220921_090000.WAV,Telephone Field,recover-20220922,001,1795
1388.0785,1388.1174,68437,82490,Rhinolophus ferrumequinum,0.024,0.024,-1,Echolocation,/mnt/ubna_data_02_mir/recover-20220922/UBNA_001/20220921_090000.WAV,Telephone Field,recover-20220922,001,1795
1388.0875,1388.1078,16875,20805,Nyctalus noctula,0.017,0.025,-1,Echolocation,/mnt/ubna_data_02_mir/recover-20220922/UBNA_001/20220921_090000.WAV,Telephone Field,recover-20220922,001,1795
1388.0965,1388.1049,23750,32210,Plecotus austriacus,0.007,0.024,-1,Echolocation,/mnt/ubna_data_02_mir/recover-20220922/UBNA_001/20220921_090000.WAV,Telephone Field,recover-20220922,001,1795
1388.1055,1388.1465,68437,83081,Rhinolophus ferrumequinum,0.034,0.034,-1,Echolocation,/mnt/ubna_data_02_mir/recover-20220922/UBNA_001/20220921_090000.WAV,Telephone Field,recover-20220922,001,1795
1388.1135,1388.1254,24609,30091,Nyctalus leisleri,0.01,0.022,-1,Echolocation,/mnt/ubna_data_02_mir/recover-20220922/UBNA_001/20220921_090000.WAV,Telephone Field,recover-20220922,001,1795
1388.1475,1388.1857,68437,82475,Rhinolophus ferrumequinum,0.021,0.021,-1,Echolocation,/mnt/ubna_data_02_mir/recover-20220922/UBNA_001/20220921_090000.WAV,Telephone Field,recover-20220922,001,1795
1388.1515,1388.1699,19453,23395,Nyctalus noctula,0.036,0.064,-1,Echolocation,/mnt/ubna_data_02_mir/recover-20220922/UBNA_001/20220921_090000.WAV,Telephone Field,recover-20220922,001,1795
1388.1615,1388.1999,68437,82002,Rhinolophus ferrumequinum,0.031,0.031,-1,Echolocation,/mnt/ubna_data_02_mir/recover-20220922/UBNA_001/20220921_090000.WAV,Telephone Field,recover-20220922,001,1795
1388.1815,1388.2219,68437,82924,Rhinolophus ferrumequinum,0.024,0.024,-1,Echolocation,/mnt/ubna_data_02_mir/recover-20220922/UBNA_001/20220921_090000.WAV,Telephone Field,recover-20220922,001,1795
1388.1825,1388.1915,28046,38636,Eptesicus serotinus,0.009,0.022,-1,Echolocation,/mnt/ubna_data_02_mir/recover-20220922/UBNA_001/20220921_090000.WAV,Telephone Field,recover-20220922,001,1795
1388.1975,1388.2408,68437,82940,Rhinolophus ferrumequinum,0.047,0.047,-1,Echolocation,/mnt/ubna_data_02_mir/recover-20220922/UBNA_001/20220921_090000.WAV,Telephone Field,recover-20220922,001,1795
1388.2315,1388.2737,68437,82759,Rhinolophus ferrumequinum,0.03,0.03,-1,Echolocation,/mnt/ubna_data_02_mir/recover-20220922/UBNA_001/20220921_090000.WAV,Telephone Field,recover-20220922,001,1795
1388.3245,1388.3629,68437,82335,Rhinolophus ferrumequinum,0.022,0.022,-1,Echolocation,/mnt/ubna_data_02_mir/recover-20220922/UBNA_001/20220921_090000.WAV,Telephone Field,recover-20220922,001,1795
1388.3385,1388.3738,68437,81309,Rhinolophus ferrumequinum,0.022,0.022,-1,Echolocation,/mnt/ubna_data_02_mir/recover-20220922/UBNA_001/20220921_090000.WAV,Telephone Field,recover-20220922,001,1795
1388.3705,1388.4086,68437,82015,Rhinolophus ferrumequinum,0.027,0.027,-1,Echolocation,/mnt/ubna_data_02_mir/recover-20220922/UBNA_001/20220921_090000.WAV,Telephone Field,recover-20220922,001,1795
1388.3885,1388.3961,28906,38158,Eptesicus serotinus,0.007,0.025,-1,Echolocation,/mnt/ubna_data_02_mir/recover-20220922/UBNA_001/20220921_090000.WAV,Telephone Field,recover-20220922,001,1795
1388.4425,1388.4823,68437,82522,Rhinolophus ferrumequinum,0.024,0.024,-1,Echolocation,/mnt/ubna_data_02_mir/recover-20220922/UBNA_001/20220921_090000.WAV,Telephone Field,recover-20220922,001,1795
1388.4595,1388.5004,68437,82616,Rhinolophus ferrumequinum,0.022,0.022,-1,Echolocation,/mnt/ubna_data_02_mir/recover-20220922/UBNA_001/20220921_090000.WAV,Telephone Field,recover-20220922,001,1795
1388.4845,1388.5267,68437,82933,Rhinolophus ferrumequinum,0.023,0.023,-1,Echolocation,/mnt/ubna_data_02_mir/recover-20220922/UBNA_001/20220921_090000.WAV,Telephone Field,recover-20220922,001,1795
1388.5305,1388.5674,68437,81539,Rhinolophus ferrumequinum,0.024,0.024,-1,Echolocation,/mnt/ubna_data_02_mir/recover-20220922/UBNA_001/20220921_090000.WAV,Telephone Field,recover-20220922,001,1795
1388.5435,1388.5814,68437,82499,Rhinolophus ferrumequinum,0.022,0.022,-1,Echolocation,/mnt/ubna_data_02_mir/recover-20220922/UBNA_001/20220921_090000.WAV,Telephone Field,recover-20220922,001,1795
1388.5665,1388.5773,28906,36259,Eptesicus serotinus,0.014,0.027,-1,Echolocation,/mnt/ubna_data_02_mir/recover-20220922/UBNA_001/20220921_090000.WAV,Telephone Field,recover-20220922,001,1795
1388.5805,1388.6189,68437,82194,Rhinolophus ferrumequinum,0.022,0.022,-1,Echolocation,/mnt/ubna_data_02_mir/recover-20220922/UBNA_001/20220921_090000.WAV,Telephone Field,recover-20220922,001,1795
1388.5955,1388.634,68437,81491,Rhinolophus ferrumequinum,0.027,0.027,-1,Echolocation,/mnt/ubna_data_02_mir/recover-20220922/UBNA_001/20220921_090000.WAV,Telephone Field,recover-20220922,001,1795
1388.6055,1388.6233,16015,20626,Nyctalus noctula,0.022,0.03,-1,Echolocation,/mnt/ubna_data_02_mir/recover-20220922/UBNA_001/20220921_090000.WAV,Telephone Field,recover-20220922,001,1795
1388.6095,1388.6461,68437,82326,Rhinolophus ferrumequinum,0.021,0.021,-1,Echolocation,/mnt/ubna_data_02_mir/recover-20220922/UBNA_001/20220921_090000.WAV,Telephone Field,recover-20220922,001,1795
1388.6575,1388.6658,28046,39761,Eptesicus serotinus,0.008,0.022,-1,Echolocation,/mnt/ubna_data_02_mir/recover-20220922/UBNA_001/20220921_090000.WAV,Telephone Field,recover-20220922,001,1795
1388.6615,1388.6976,68437,81556,Rhinolophus ferrumequinum,0.021,0.021,-1,Echolocation,/mnt/ubna_data_02_mir/recover-20220922/UBNA_001/20220921_090000.WAV,Telephone Field,recover-20220922,001,1795
1388.7055,1388.7446,68437,81456,Rhinolophus ferrumequinum,0.023,0.023,-1,Echolocation,/mnt/ubna_data_02_mir/recover-20220922/UBNA_001/20220921_090000.WAV,Telephone Field,recover-20220922,001,1795
1388.7115,1388.7211,28906,35795,Eptesicus serotinus,0.013,0.027,-1,Echolocation,/mnt/ubna_data_02_mir/recover-20220922/UBNA_001/20220921_090000.WAV,Telephone Field,recover-20220922,001,1795
1388.7355,1388.7755,68437,82134,Rhinolophus ferrumequinum,0.024,0.024,-1,Echolocation,/mnt/ubna_data_02_mir/recover-20220922/UBNA_001/20220921_090000.WAV,Telephone Field,recover-20220922,001,1795
1388.7625,1388.7999,68437,82253,Rhinolophus ferrumequinum,0.03,0.03,-1,Echolocation,/mnt/ubna_data_02_mir/recover-20220922/UBNA_001/20220921_090000.WAV,Telephone Field,recover-20220922,001,1795
1388.8235,1388.8294,27187,40785,Eptesicus serotinus,0.005,0.025,-1,Echolocation,/mnt/ubna_data_02_mir/recover-20220922/UBNA_001/20220921_090000.WAV,Telephone Field,recover-20220922,001,1795
1388.8235,1388.8294,31484,43887,Myotis daubentonii,0.009,0.024,-1,Echolocation,/mnt/ubna_data_02_mir/recover-20220922/UBNA_001/20220921_090000.WAV,Telephone Field,recover-20220922,001,1795
1388.8305,1388.8689,68437,81917,Rhinolophus ferrumequinum,0.024,0.024,-1,Echolocation,/mnt/ubna_data_02_mir/recover-20220922/UBNA_001/20220921_090000.WAV,Telephone Field,recover-20220922,001,1795
1388.8325,1388.8395,28046,37023,Eptesicus serotinus,0.007,0.025,-1,Echolocation,/mnt/ubna_data_02_mir/recover-20220922/UBNA_001/20220921_090000.WAV,Telephone Field,recover-20220922,001,1795
1388.8575,1388.9015,68437,83525,Rhinolophus ferrumequinum,0.052,0.052,-1,Echolocation,/mnt/ubna_data_02_mir/recover-20220922/UBNA_001/20220921_090000.WAV,Telephone Field,recover-20220922,001,1795
1388.8585,1388.8679,34921,43596,Myotis daubentonii,0.007,0.022,-1,Echolocation,/mnt/ubna_data_02_mir/recover-20220922/UBNA_001/20220921_090000.WAV,Telephone Field,recover-20220922,001,1795
1388.8595,1388.868,27187,38232,Eptesicus serotinus,0.008,0.022,-1,Echolocation,/mnt/ubna_data_02_mir/recover-20220922/UBNA_001/20220921_090000.WAV,Telephone Field,recover-20220922,001,1795
1388.9075,1388.9479,68437,82126,Rhinolophus ferrumequinum,0.024,0.024,-1,Echolocation,/mnt/ubna_data_02_mir/recover-20220922/UBNA_001/20220921_090000.WAV,Telephone Field,recover-20220922,001,1795
1388.9485,1388.9885,68437,82439,Rhinolophus ferrumequinum,0.022,0.022,-1,Echolocation,/mnt/ubna_data_02_mir/recover-20220922/UBNA_001/20220921_090000.WAV,Telephone Field,recover-20220922,001,1795
1388.9795,1388.9879,28046,36294,Eptesicus serotinus,0.011,0.025,-1,Echolocation,/mnt/ubna_data_02_mir/recover-20220922/UBNA_001/20220921_090000.WAV,Telephone Field,recover-20220922,001,1795
1388.9955,1389.0325,68437,81079,Rhinolophus ferrumequinum,0.021,0.021,-1,Echolocation,/mnt/ubna_data_02_mir/recover-20220922/UBNA_001/20220921_090000.WAV,Telephone Field,recover-20220922,001,1795
1389.0145,1389.0519,68437,82117,Rhinolophus ferrumequinum,0.023,0.023,-1,Echolocation,/mnt/ubna_data_02_mir/recover-20220922/UBNA_001/20220921_090000.WAV,Telephone Field,recover-20220922,001,1795
1389.0205,1389.0585,68437,82136,Rhinolophus ferrumequinum,0.021,0.021,-1,Echolocation,/mnt/ubna_data_02_mir/recover-20220922/UBNA_001/20220921_090000.WAV,Telephone Field,recover-20220922,001,1795
1389.0255,1389.0336,26328,35737,Eptesicus serotinus,0.008,0.023,-1,Echolocation,/mnt/ubna_data_02_mir/recover-20220922/UBNA_001/20220921_090000.WAV,Telephone Field,recover-20220922,001,1795
1389.0745,1389.1145,68437,82786,Rhinolophus ferrumequinum,0.023,0.023,-1,Echolocation,/mnt/ubna_data_02_mir/recover-20220922/UBNA_001/20220921_090000.WAV,Telephone Field,recover-20220922,001,1795
1389.1135,1389.1529,68437,82304,Rhinolophus ferrumequinum,0.027,0.027,-1,Echolocation,/mnt/ubna_data_02_mir/recover-20220922/UBNA_001/20220921_090000.WAV,Telephone Field,recover-20220922,001,1795
1389.1425,1389.1825,68437,82149,Rhinolophus ferrumequinum,0.022,0.022,-1,Echolocation,/mnt/ubna_data_02_mir/recover-20220922/UBNA_001/20220921_090000.WAV,Telephone Field,recover-20220922,001,1795
1389.1665,1389.1774,22890,28501,Nyctalus leisleri,0.012,0.026,-1,Echolocation,/mnt/ubna_data_02_mir/recover-20220922/UBNA_001/20220921_090000.WAV,Telephone Field,recover-20220922,001,1795
1389.1685,1389.1751,28906,39233,Eptesicus serotinus,0.005,0.021,-1,Echolocation,/mnt/ubna_data_02_mir/recover-20220922/UBNA_001/20220921_090000.WAV,Telephone Field,recover-20220922,001,1795
1389.1815,1389.2153,68437,81047,Rhinolophus ferrumequinum,0.021,0.021,-1,Echolocation,/mnt/ubna_data_02_mir/recover-20220922/UBNA_001/20220921_090000.WAV,Telephone Field,recover-20220922,001,1795
1389.2515,1389.262,14296,21322,Nyctalus noctula,0.011,0.021,-1,Echolocation,/mnt/ubna_data_02_mir/recover-20220922/UBNA_001/20220921_090000.WAV,Telephone Field,recover-20220922,001,1795
1389.2585,1389.2686,25468,33111,Eptesicus serotinus,0.009,0.023,-1,Echolocation,/mnt/ubna_data_02_mir/recover-20220922/UBNA_001/20220921_090000.WAV,Telephone Field,recover-20220922,001,1795
1389.2725,1389.3099,68437,81952,Rhinolophus ferrumequinum,0.025,0.025,-1,Echolocation,/mnt/ubna_data_02_mir/recover-20220922/UBNA_001/20220921_090000.WAV,Telephone Field,recover-20220922,001,1795
1389.2795,1389.3189,68437,81910,Rhinolophus ferrumequinum,0.024,0.024,-1,Echolocation,/mnt/ubna_data_02_mir/recover-20220922/UBNA_001/20220921_090000.WAV,Telephone Field,recover-20220922,001,1795
1389.2905,1389.2992,50390,56320,Pipistrellus pipistrellus,0.018,0.022,-1,Echolocation,/mnt/ubna_data_02_mir/recover-20220922/UBNA_001/20220921_090000.WAV,Telephone Field,recover-20220922,001,1795
1389.3065,1389.3489,68437,82733,Rhinolophus ferrumequinum,0.027,0.027,-1,Echolocation,/mnt/ubna_data_02_mir/recover-20220922/UBNA_001/20220921_090000.WAV,Telephone Field,recover-20220922,001,1795
1389.3265,1389.3683,68437,82944,Rhinolophus ferrumequinum,0.021,0.022,-1,Echolocation,/mnt/ubna_data_02_mir/recover-20220922/UBNA_001/20220921_090000.WAV,Telephone Field,recover-20220922,001,1795
1389.3385,1389.3813,68437,82154,Rhinolophus ferrumequinum,0.022,0.022,-1,Echolocation,/mnt/ubna_data_02_mir/recover-20220922/UBNA_001/20220921_090000.WAV,Telephone Field,recover-20220922,001,1795
1389.3485,1389.3879,68437,82966,Rhinolophus ferrumequinum,0.024,0.024,-1,Echolocation,/mnt/ubna_data_02_mir/recover-20220922/UBNA_001/20220921_090000.WAV,Telephone Field,recover-20220922,001,1795
1389.3645,1389.4026,68437,81556,Rhinolophus ferrumequinum,0.021,0.021,-1,Echolocation,/mnt/ubna_data_02_mir/recover-20220922/UBNA_001/20220921_090000.WAV,Telephone Field,recover-20220922,001,1795
1389.3935,1389.4332,68437,82618,Rhinolophus ferrumequinum,0.029,0.029,-1,Echolocation,/mnt/ubna_data_02_mir/recover-20220922/UBNA_001/20220921_090000.WAV,Telephone Field,recover-20220922,001,1795
1389.3965,1389.404,24609,33465,Plecotus austriacus,0.007,0.024,-1,Echolocation,/mnt/ubna_data_02_mir/recover-20220922/UBNA_001/20220921_090000.WAV,Telephone Field,recover-20220922,001,1795
1389.4255,1389.4631,68437,81742,Rhinolophus ferrumequinum,0.021,0.021,-1,Echolocation,/mnt/ubna_data_02_mir/recover-20220922/UBNA_001/20220921_090000.WAV,Telephone Field,recover-20220922,001,1795
1389.4785,1389.5142,68437,81219,Rhinolophus ferrumequinum,0.022,0.022,-1,Echolocation,/mnt/ubna_data_02_mir/recover-20220922/UBNA_001/20220921_090000.WAV,Telephone Field,recover-20220922,001,1795
1389.4895,1389.4989,27187,34960,Eptesicus serotinus,0.01,0.023,-1,Echolocation,/mnt/ubna_data_02_mir/recover-20220922/UBNA_001/20220921_090000.WAV,Telephone Field,recover-20220922,001,1795
1389.5095,1389.5479,68437,82338,Rhinolophus ferrumequinum,0.021,0.021,-1,Echolocation,/mnt/ubna_data_02_mir/recover-20220922/UBNA_001/20220921_090000.WAV,Telephone Field,recover-20220922,001,1795
1389.5155,1389.5253,22890,29173,Nyctalus leisleri,0.011,0.029,-1,Echolocation,/mnt/ubna_data_02_mir/recover-20220922/UBNA_001/20220921_090000.WAV,Telephone Field,recover-20220922,001,1795
1389.5335,1389.5698,68437,81348,Rhinolophus ferrumequinum,0.021,0.021,-1,Echolocation,/mnt/ubna_data_02_mir/recover-20220922/UBNA_001/20220921_090000.WAV,Telephone Field,recover-20220922,001,1795
1389.5455,1389.554,28046,37869,Eptesicus serotinus,0.007,0.021,-1,Echolocation,/mnt/ubna_data_02_mir/recover-20220922/UBNA_001/20220921_090000.WAV,Telephone Field,recover-20220922,001,1795
1389.5625,1389.5992,68437,82245,Rhinolophus ferrumequinum,0.022,0.022,-1,Echolocation,/mnt/ubna_data_02_mir/recover-20220922/UBNA_001/20220921_090000.WAV,Telephone Field,recover-20220922,001,1795
1389.5815,1389.6214,68437,82727,Rhinolophus ferrumequinum,0.035,0.035,-1,Echolocation,/mnt/ubna_data_02_mir/recover-20220922/UBNA_001/20220921_090000.WAV,Telephone Field,recover-20220922,001,1795
1389.6075,1389.6444,68437,82013,Rhinolophus ferrumequinum,0.022,0.022,-1,Echolocation,/mnt/ubna_data_02_mir/recover-20220922/UBNA_001/20220921_090000.WAV,Telephone Field,recover-20220922,001,1795
1389.6845,1389.723,68437,81710,Rhinolophus ferrumequinum,0.022,0.022,-1,Echolocation,/mnt/ubna_data_02_mir/recover-20220922/UBNA_001/20220921_090000.WAV,Telephone Field,recover-20220922,001,1795
1389.6965,1389.7345,68437,81976,Rhinolophus ferrumequinum,0.022,0.022,-1,Echolocation,/mnt/ubna_data_02_mir/recover-20220922/UBNA_001/20220921_090000.WAV,Telephone Field,recover-20220922,001,1795
1389.7025,1389.7406,68437,81786,Rhinolophus ferrumequinum,0.021,0.021,-1,Echolocation,/mnt/ubna_data_02_mir/recover-20220922/UBNA_001/20220921_090000.WAV,Telephone Field,recover-20220922,001,1795
1389.7255,1389.7651,68437,82007,Rhinolophus ferrumequinum,0.023,0.023,-1,Echolocation,/mnt/ubna_data_02_mir/recover-20220922/UBNA_001/20220921_090000.WAV,Telephone Field,recover-20220922,001,1795
1389.7345,1389.7424,28046,38680,Eptesicus serotinus,0.009,0.027,-1,Echolocation,/mnt/ubna_data_02_mir/recover-20220922/UBNA_001/20220921_090000.WAV,Telephone Field,recover-20220922,001,1795
1389.7685,1389.7754,24609,33624,Plecotus austriacus,0.01,0.024,-1,Echolocation,/mnt/ubna_data_02_mir/recover-20220922/UBNA_001/20220921_090000.WAV,Telephone Field,recover-20220922,001,1795
1389.7915,1389.829,68437,81662,Rhinolophus ferrumequinum,0.022,0.022,-1,Echolocation,/mnt/ubna_data_02_mir/recover-20220922/UBNA_001/20220921_090000.WAV,Telephone Field,recover-20220922,001,1795
1389.8325,1389.8504,19453,22340,Nyctalus leisleri,0.012,0.024,-1,Echolocation,/mnt/ubna_data_02_mir/recover-20220922/UBNA_001/20220921_090000.WAV,Telephone Field,recover-20220922,001,1795
1389.8435,1389.8518,28046,38379,Eptesicus serotinus,0.008,0.022,-1,Echolocation,/mnt/ubna_data_02_mir/recover-20220922/UBNA_001/20220921_090000.WAV,Telephone Field,recover-20220922,001,1795
1389.9285,1389.969,68437,83015,Rhinolophus ferrumequinum,0.025,0.025,-1,Echolocation,/mnt/ubna_data_02_mir/recover-20220922/UBNA_001/20220921_090000.WAV,Telephone Field,recover-20220922,001,1795
1389.9545,1389.9956,68437,82603,Rhinolophus ferrumequinum,0.022,0.022,-1,Echolocation,/mnt/ubna_data_02_mir/recover-20220922/UBNA_001/20220921_090000.WAV,Telephone Field,recover-20220922,001,1795
1390.0015,1390.0342,68437,80083,Rhinolophus ferrumequinum,0.031,0.032,-1,Echolocation,/mnt/ubna_data_02_mir/recover-20220922/UBNA_001/20220921_090000.WAV,Telephone Field,recover-20220922,001,1795
1390.0015,1390.0109,25468,32664,Nyctalus leisleri,0.012,0.032,-1,Echolocation,/mnt/ubna_data_02_mir/recover-20220922/UBNA_001/20220921_090000.WAV,Telephone Field,recover-20220922,001,1795
1390.0105,1390.0514,68437,81600,Rhinolophus ferrumequinum,0.021,0.022,-1,Echolocation,/mnt/ubna_data_02_mir/recover-20220922/UBNA_001/20220921_090000.WAV,Telephone Field,recover-20220922,001,1795
1390.0155,1390.0236,25468,34431,Eptesicus serotinus,0.008,0.024,-1,Echolocation,/mnt/ubna_data_02_mir/recover-20220922/UBNA_001/20220921_090000.WAV,Telephone Field,recover-20220922,001,1795
1390.0435,1390.0838,68437,82702,Rhinolophus ferrumequinum,0.023,0.023,-1,Echolocation,/mnt/ubna_data_02_mir/recover-20220922/UBNA_001/20220921_090000.WAV,Telephone Field,recover-20220922,001,1795
1390.0975,1390.1369,68437,82114,Rhinolophus ferrumequinum,0.022,0.022,-1,Echolocation,/mnt/ubna_data_02_mir/recover-20220922/UBNA_001/20220921_090000.WAV,Telephone Field,recover-20220922,001,1795
1390.1015,1390.1111,28046,37359,Eptesicus serotinus,0.01,0.023,-1,Echolocation,/mnt/ubna_data_02_mir/recover-20220922/UBNA_001/20220921_090000.WAV,Telephone Field,recover-20220922,001,1795
1390.1495,1390.1575,31484,39090,Barbastellus barbastellus,0.016,0.037,-1,Echolocation,/mnt/ubna_data_02_mir/recover-20220922/UBNA_001/20220921_090000.WAV,Telephone Field,recover-20220922,001,1795
1390.1555,1390.1933,68437,81713,Rhinolophus ferrumequinum,0.022,0.022,-1,Echolocation,/mnt/ubna_data_02_mir/recover-20220922/UBNA_001/20220921_090000.WAV,Telephone Field,recover-20220922,001,1795
1390.1645,1390.2051,68437,82617,Rhinolophus ferrumequinum,0.027,0.027,-1,Echolocation,/mnt/ubna_data_02_mir/recover-20220922/UBNA_001/20220921_090000.WAV,Telephone Field,recover-20220922,001,1795
1390.1725,1390.1828,23750,29185,Nyctalus leisleri,0.01,0.022,-1,Echolocation,/mnt/ubna_data_02_mir/recover-20220922/UBNA_001/20220921_090000.WAV,Telephone Field,recover-20220922,001,1795
1390.1875,1390.2233,68437,81754,Rhinolophus ferrumequinum,0.021,0.021,-1,Echolocation,/mnt/ubna_data_02_mir/recover-20220922/UBNA_001/20220921_090000.WAV,Telephone Field,recover-20220922,001,1795
1390.2075,1390.2156,27187,38992,Eptesicus serotinus,0.009,0.023,-1,Echolocation,/mnt/ubna_data_02_mir/recover-20220922/UBNA_001/20220921_090000.WAV,Telephone Field,recover-20220922,001,1795
1390.2175,1390.2575,68437,82598,Rhinolophus ferrumequinum,0.023,0.023,-1,Echolocation,/mnt/ubna_data_02_mir/recover-20220922/UBNA_001/20220921_090000.WAV,Telephone Field,recover-20220922,001,1795
1390.2675,1390.3075,68437,82274,Rhinolophus ferrumequinum,0.027,0.027,-1,Echolocation,/mnt/ubna_data_02_mir/recover-20220922/UBNA_001/20220921_090000.WAV,Telephone Field,recover-20220922,001,1795
1390.2945,1390.3335,68437,82003,Rhinolophus ferrumequinum,0.022,0.022,-1,Echolocation,/mnt/ubna_data_02_mir/recover-20220922/UBNA_001/20220921_090000.WAV,Telephone Field,recover-20220922,001,1795
1390.3115,1390.3468,68437,80128,Rhinolophus ferrumequinum,0.02,0.02,-1,Echolocation,/mnt/ubna_data_02_mir/recover-20220922/UBNA_001/20220921_090000.WAV,Telephone Field,recover-20220922,001,1795
1390.3315,1390.3703,68437,82324,Rhinolophus ferrumequinum,0.022,0.022,-1,Echolocation,/mnt/ubna_data_02_mir/recover-20220922/UBNA_001/20220921_090000.WAV,Telephone Field,recover-20220922,001,1795
1390.3465,1390.3857,68437,82370,Rhinolophus ferrumequinum,0.021,0.021,-1,Echolocation,/mnt/ubna_data_02_mir/recover-20220922/UBNA_001/20220921_090000.WAV,Telephone Field,recover-20220922,001,1795
1390.3685,1390.4063,68437,81812,Rhinolophus ferrumequinum,0.022,0.022,-1,Echolocation,/mnt/ubna_data_02_mir/recover-20220922/UBNA_001/20220921_090000.WAV,Telephone Field,recover-20220922,001,1795
1390.4235,1390.4612,68437,81288,Rhinolophus ferrumequinum,0.021,0.021,-1,Echolocation,/mnt/ubna_data_02_mir/recover-20220922/UBNA_001/20220921_090000.WAV,Telephone Field,recover-20220922,001,1795
1390.4325,1390.4722,68437,82356,Rhinolophus ferrumequinum,0.022,0.022,-1,Echolocation,/mnt/ubna_data_02_mir/recover-20220922/UBNA_001/20220921_090000.WAV,Telephone Field,recover-20220922,001,1795
1390.4455,1390.4881,68437,82729,Rhinolophus ferrumequinum,0.021,0.021,-1,Echolocation,/mnt/ubna_data_02_mir/recover-20220922/UBNA_001/20220921_090000.WAV,Telephone Field,recover-20220922,001,1795
1390.4675,1390.4769000000001,28906,38009,Eptesicus serotinus,0.007,0.021,-1,Echolocation,/mnt/ubna_data_02_mir/recover-20220922/UBNA_001/20220921_090000.WAV,Telephone Field,recover-20220922,001,1795
1390.5085,1390.546,68437,81647,Rhinolophus ferrumequinum,0.021,0.021,-1,Echolocation,/mnt/ubna_data_02_mir/recover-20220922/UBNA_001/20220921_090000.WAV,Telephone Field,recover-20220922,001,1795
1390.5225,1390.5337,23750,29009,Nyctalus leisleri,0.015,0.029,-1,Echolocation,/mnt/ubna_data_02_mir/recover-20220922/UBNA_001/20220921_090000.WAV,Telephone Field,recover-20220922,001,1795
1390.5415,1390.5515,22031,26846,Nyctalus leisleri,0.01,0.021,-1,Echolocation,/mnt/ubna_data_02_mir/recover-20220922/UBNA_001/20220921_090000.WAV,Telephone Field,recover-20220922,001,1795
1390.5625,1390.6047,68437,82572,Rhinolophus ferrumequinum,0.023,0.023,-1,Echolocation,/mnt/ubna_data_02_mir/recover-20220922/UBNA_001/20220921_090000.WAV,Telephone Field,recover-20220922,001,1795
1390.5825,1390.6196,68437,82037,Rhinolophus ferrumequinum,0.021,0.021,-1,Echolocation,/mnt/ubna_data_02_mir/recover-20220922/UBNA_001/20220921_090000.WAV,Telephone Field,recover-20220922,001,1795
1390.5875,1390.5959,28046,37559,Eptesicus serotinus,0.008,0.024,-1,Echolocation,/mnt/ubna_data_02_mir/recover-20220922/UBNA_001/20220921_090000.WAV,Telephone Field,recover-20220922,001,1795
1390.6295,1390.6729,68437,82790,Rhinolophus ferrumequinum,0.047,0.047,-1,Echolocation,/mnt/ubna_data_02_mir/recover-20220922/UBNA_001/20220921_090000.WAV,Telephone Field,recover-20220922,001,1795
1390.6625,1390.6729,25468,33442,Eptesicus serotinus,0.01,0.022,-1,Echolocation,/mnt/ubna_data_02_mir/recover-20220922/UBNA_001/20220921_090000.WAV,Telephone Field,recover-20220922,001,1795
1390.6835,1390.7232,68437,81911,Rhinolophus ferrumequinum,0.024,0.024,-1,Echolocation,/mnt/ubna_data_02_mir/recover-20220922/UBNA_001/20220921_090000.WAV,Telephone Field,recover-20220922,001,1795
1390.7045,1390.7156,23750,29512,Nyctalus leisleri,0.01,0.022,-1,Echolocation,/mnt/ubna_data_02_mir/recover-20220922/UBNA_001/20220921_090000.WAV,Telephone Field,recover-20220922,001,1795
1390.7535,1390.7984,68437,83471,Rhinolophus ferrumequinum,0.059,0.059,-1,Echolocation,/mnt/ubna_data_02_mir/recover-20220922/UBNA_001/20220921_090000.WAV,Telephone Field,recover-20220922,001,1795
1390.8075,1390.8461,68437,81793,Rhinolophus ferrumequinum,0.021,0.021,-1,Echolocation,/mnt/ubna_data_02_mir/recover-20220922/UBNA_001/20220921_090000.WAV,Telephone Field,recover-20220922,001,1795
1390.8235,1390.8635,68437,82174,Rhinolophus ferrumequinum,0.021,0.021,-1,Echolocation,/mnt/ubna_data_02_mir/recover-20220922/UBNA_001/20220921_090000.WAV,Telephone Field,recover-20220922,001,1795
1390.8455,1390.8532,50390,56875,Pipistrellus pipistrellus,0.036,0.042,-1,Echolocation,/mnt/ubna_data_02_mir/recover-20220922/UBNA_001/20220921_090000.WAV,Telephone Field,recover-20220922,001,1795
1390.8615,1390.8701,28046,40165,Eptesicus serotinus,0.008,0.022,-1,Echolocation,/mnt/ubna_data_02_mir/recover-20220922/UBNA_001/20220921_090000.WAV,Telephone Field,recover-20220922,001,1795
1390.8655,1390.9061,68437,82503,Rhinolophus ferrumequinum,0.022,0.022,-1,Echolocation,/mnt/ubna_data_02_mir/recover-20220922/UBNA_001/20220921_090000.WAV,Telephone Field,recover-20220922,001,1795
1390.8785,1390.891,22890,27756,Nyctalus leisleri,0.013,0.024,-1,Echolocation,/mnt/ubna_data_02_mir/recover-20220922/UBNA_001/20220921_090000.WAV,Telephone Field,recover-20220922,001,1795
1390.9155,1390.9579,68437,82383,Rhinolophus ferrumequinum,0.032,0.032,-1,Echolocation,/mnt/ubna_data_02_mir/recover-20220922/UBNA_001/20220921_090000.WAV,Telephone Field,recover-20220922,001,1795
1390.9285,1390.9382,28906,37876,Eptesicus serotinus,0.011,0.027,-1,Echolocation,/mnt/ubna_data_02_mir/recover-20220922/UBNA_001/20220921_090000.WAV,Telephone Field,recover-20220922,001,1795
1390.9325,1390.9726,68437,82921,Rhinolophus ferrumequinum,0.026,0.026,-1,Echolocation,/mnt/ubna_data_02_mir/recover-20220922/UBNA_001/20220921_090000.WAV,Telephone Field,recover-20220922,001,1795
1390.9575,1390.9695,22890,27974,Nyctalus leisleri,0.011,0.022,-1,Echolocation,/mnt/ubna_data_02_mir/recover-20220922/UBNA_001/20220921_090000.WAV,Telephone Field,recover-20220922,001,1795
1390.9585,1390.9964,68437,82106,Rhinolophus ferrumequinum,0.022,0.022,-1,Echolocation,/mnt/ubna_data_02_mir/recover-20220922/UBNA_001/20220921_090000.WAV,Telephone Field,recover-20220922,001,1795
1390.9685,1391.0072,68437,82178,Rhinolophus ferrumequinum,0.024,0.024,-1,Echolocation,/mnt/ubna_data_02_mir/recover-20220922/UBNA_001/20220921_090000.WAV,Telephone Field,recover-20220922,001,1795
1390.9745,1390.9825,28046,40726,Eptesicus serotinus,0.01,0.029,-1,Echolocation,/mnt/ubna_data_02_mir/recover-20220922/UBNA_001/20220921_090000.WAV,Telephone Field,recover-20220922,001,1795
1390.9995,1391.0383,68437,82232,Rhinolophus ferrumequinum,0.024,0.024,-1,Echolocation,/mnt/ubna_data_02_mir/recover-20220922/UBNA_001/20220921_090000.WAV,Telephone Field,recover-20220922,001,1795
1391.0065,1391.0455,68437,82087,Rhinolophus ferrumequinum,0.022,0.022,-1,Echolocation,/mnt/ubna_data_02_mir/recover-20220922/UBNA_001/20220921_090000.WAV,Telephone Field,recover-20220922,001,1795
1391.0165,1391.054,68437,81894,Rhinolophus ferrumequinum,0.021,0.021,-1,Echolocation,/mnt/ubna_data_02_mir/recover-20220922/UBNA_001/20220921_090000.WAV,Telephone Field,recover-20220922,001,1795
1391.0205,1391.0297,45234,49161,Pipistrellus pipistrellus,0.024,0.026,-1,Echolocation,/mnt/ubna_data_02_mir/recover-20220922/UBNA_001/20220921_090000.WAV,Telephone Field,recover-20220922,001,1795
1391.0535,1391.0962,68437,83160,Rhinolophus ferrumequinum,0.028,0.028,-1,Echolocation,/mnt/ubna_data_02_mir/recover-20220922/UBNA_001/20220921_090000.WAV,Telephone Field,recover-20220922,001,1795
1391.0555,1391.0671,28046,35441,Eptesicus serotinus,0.014,0.031,-1,Echolocation,/mnt/ubna_data_02_mir/recover-20220922/UBNA_001/20220921_090000.WAV,Telephone Field,recover-20220922,001,1795
1391.0615,1391.0747,27187,32948,Eptesicus serotinus,0.014,0.029,-1,Echolocation,/mnt/ubna_data_02_mir/recover-20220922/UBNA_001/20220921_090000.WAV,Telephone Field,recover-20220922,001,1795
1391.0715,1391.0897,20312,22994,Nyctalus leisleri,0.017,0.029,-1,Echolocation,/mnt/ubna_data_02_mir/recover-20220922/UBNA_001/20220921_090000.WAV,Telephone Field,recover-20220922,001,1795
1391.1015,1391.1101,28046,38032,Eptesicus serotinus,0.009,0.024,-1,Echolocation,/mnt/ubna_data_02_mir/recover-20220922/UBNA_001/20220921_090000.WAV,Telephone Field,recover-20220922,001,1795
1391.1045,1391.1444,68437,82471,Rhinolophus ferrumequinum,0.025,0.025,-1,Echolocation,/mnt/ubna_data_02_mir/recover-20220922/UBNA_001/20220921_090000.WAV,Telephone Field,recover-20220922,001,1795
1391.1135,1391.1534,68437,82978,Rhinolophus ferrumequinum,0.027,0.027,-1,Echolocation,/mnt/ubna_data_02_mir/recover-20220922/UBNA_001/20220921_090000.WAV,Telephone Field,recover-20220922,001,1795
1391.1835,1391.2202,68437,81725,Rhinolophus ferrumequinum,0.02,0.02,-1,Echolocation,/mnt/ubna_data_02_mir/recover-20220922/UBNA_001/20220921_090000.WAV,Telephone Field,recover-20220922,001,1795
1391.1925,1391.2038,26328,33819,Eptesicus serotinus,0.013,0.027,-1,Echolocation,/mnt/ubna_data_02_mir/recover-20220922/UBNA_001/20220921_090000.WAV,Telephone Field,recover-20220922,001,1795
1391.2315,1391.2703,68437,81883,Rhinolophus ferrumequinum,0.022,0.022,-1,Echolocation,/mnt/ubna_data_02_mir/recover-20220922/UBNA_001/20220921_090000.WAV,Telephone Field,recover-20220922,001,1795
1391.2595,1391.2693,44375,48019,Pipistrellus pipistrellus,0.026,0.028,-1,Echolocation,/mnt/ubna_data_02_mir/recover-20220922/UBNA_001/20220921_090000.WAV,Telephone Field,recover-20220922,001,1795
1391.2865,1391.2938,28046,37884,Eptesicus serotinus,0.007,0.023,-1,Echolocation,/mnt/ubna_data_02_mir/recover-20220922/UBNA_001/20220921_090000.WAV,Telephone Field,recover-20220922,001,1795
1391.2975,1391.3368,68437,82524,Rhinolophus ferrumequinum,0.026,0.026,-1,Echolocation,/mnt/ubna_data_02_mir/recover-20220922/UBNA_001/20220921_090000.WAV,Telephone Field,recover-20220922,001,1795
1391.3195,1391.355,68437,80990,Rhinolophus ferrumequinum,0.021,0.021,-1,Echolocation,/mnt/ubna_data_02_mir/recover-20220922/UBNA_001/20220921_090000.WAV,Telephone Field,recover-20220922,001,1795
1391.3325,1391.3694,68437,81571,Rhinolophus ferrumequinum,0.02,0.021,-1,Echolocation,/mnt/ubna_data_02_mir/recover-20220922/UBNA_001/20220921_090000.WAV,Telephone Field,recover-20220922,001,1795
1391.3985,1391.4099,26328,33304,Eptesicus serotinus,0.012,0.025,-1,Echolocation,/mnt/ubna_data_02_mir/recover-20220922/UBNA_001/20220921_090000.WAV,Telephone Field,recover-20220922,001,1795
1391.4035,1391.444,68437,82665,Rhinolophus ferrumequinum,0.025,0.025,-1,Echolocation,/mnt/ubna_data_02_mir/recover-20220922/UBNA_001/20220921_090000.WAV,Telephone Field,recover-20220922,001,1795
1391.4725,1391.5106,68437,80776,Rhinolophus ferrumequinum,0.03,0.03,-1,Echolocation,/mnt/ubna_data_02_mir/recover-20220922/UBNA_001/20220921_090000.WAV,Telephone Field,recover-20220922,001,1795
1391.4745,1391.4822,25468,34993,Plecotus austriacus,0.007,0.026,-1,Echolocation,/mnt/ubna_data_02_mir/recover-20220922/UBNA_001/20220921_090000.WAV,Telephone Field,recover-20220922,001,1795
1391.5185,1391.5547,68437,81452,Rhinolophus ferrumequinum,0.024,0.024,-1,Echolocation,/mnt/ubna_data_02_mir/recover-20220922/UBNA_001/20220921_090000.WAV,Telephone Field,recover-20220922,001,1795
1391.5335,1391.5713,68437,81620,Rhinolophus ferrumequinum,0.022,0.022,-1,Echolocation,/mnt/ubna_data_02_mir/recover-20220922/UBNA_001/20220921_090000.WAV,Telephone Field,recover-20220922,001,1795
1391.5735,1391.6122,68437,81838,Rhinolophus ferrumequinum,0.022,0.022,-1,Echolocation,/mnt/ubna_data_02_mir/recover-20220922/UBNA_001/20220921_090000.WAV,Telephone Field,recover-20220922,001,1795
1391.5915,1391.6264,68437,80603,Rhinolophus ferrumequinum,0.024,0.024,-1,Echolocation,/mnt/ubna_data_02_mir/recover-20220922/UBNA_001/20220921_090000.WAV,Telephone Field,recover-20220922,001,1795
1391.6165,1391.6252,51250,55926,Pipistrellus pipistrellus,0.02,0.024,-1,Echolocation,/mnt/ubna_data_02_mir/recover-20220922/UBNA_001/20220921_090000.WAV,Telephone Field,recover-20220922,001,1795
1391.6555,1391.6654,28906,35336,Eptesicus serotinus,0.012,0.028,-1,Echolocation,/mnt/ubna_data_02_mir/recover-20220922/UBNA_001/20220921_090000.WAV,Telephone Field,recover-20220922,001,1795
1391.7095,1391.7476,68437,81268,Rhinolophus ferrumequinum,0.022,0.023,-1,Echolocation,/mnt/ubna_data_02_mir/recover-20220922/UBNA_001/20220921_090000.WAV,Telephone Field,recover-20220922,001,1795
1391.7165,1391.7267,27187,35869,Eptesicus serotinus,0.012,0.025,-1,Echolocation,/mnt/ubna_data_02_mir/recover-20220922/UBNA_001/20220921_090000.WAV,Telephone Field,recover-20220922,001,1795
1391.7355,1391.7762,68437,81675,Rhinolophus ferrumequinum,0.04,0.041,-1,Echolocation,/mnt/ubna_data_02_mir/recover-20220922/UBNA_001/20220921_090000.WAV,Telephone Field,recover-20220922,001,1795
1391.7645,1391.8062,68437,83121,Rhinolophus ferrumequinum,0.033,0.033,-1,Echolocation,/mnt/ubna_data_02_mir/recover-20220922/UBNA_001/20220921_090000.WAV,Telephone Field,recover-20220922,001,1795
1391.7805,1391.793,22031,26514,Nyctalus leisleri,0.014,0.025,-1,Echolocation,/mnt/ubna_data_02_mir/recover-20220922/UBNA_001/20220921_090000.WAV,Telephone Field,recover-20220922,001,1795
1391.7825,1391.7922,28906,37133,Eptesicus serotinus,0.008,0.021,-1,Echolocation,/mnt/ubna_data_02_mir/recover-20220922/UBNA_001/20220921_090000.WAV,Telephone Field,recover-20220922,001,1795
1391.7835,1391.8184,68437,81361,Rhinolophus ferrumequinum,0.022,0.023,-1,Echolocation,/mnt/ubna_data_02_mir/recover-20220922/UBNA_001/20220921_090000.WAV,Telephone Field,recover-20220922,001,1795
1391.8395,1391.8809,68437,82785,Rhinolophus ferrumequinum,0.021,0.021,-1,Echolocation,/mnt/ubna_data_02_mir/recover-20220922/UBNA_001/20220921_090000.WAV,Telephone Field,recover-20220922,001,1795
1391.8465,1391.8857,68437,81880,Rhinolophus ferrumequinum,0.021,0.021,-1,Echolocation,/mnt/ubna_data_02_mir/recover-20220922/UBNA_001/20220921_090000.WAV,Telephone Field,recover-20220922,001,1795
1391.8695,1391.8796,26328,34753,Eptesicus serotinus,0.013,0.029,-1,Echolocation,/mnt/ubna_data_02_mir/recover-20220922/UBNA_001/20220921_090000.WAV,Telephone Field,recover-20220922,001,1795
1391.8855,1391.9239,68437,81802,Rhinolophus ferrumequinum,0.022,0.022,-1,Echolocation,/mnt/ubna_data_02_mir/recover-20220922/UBNA_001/20220921_090000.WAV,Telephone Field,recover-20220922,001,1795
1391.9045,1391.9153,22031,26587,Nyctalus leisleri,0.011,0.022,-1,Echolocation,/mnt/ubna_data_02_mir/recover-20220922/UBNA_001/20220921_090000.WAV,Telephone Field,recover-20220922,001,1795
1391.9055,1391.9436,68437,81882,Rhinolophus ferrumequinum,0.021,0.021,-1,Echolocation,/mnt/ubna_data_02_mir/recover-20220922/UBNA_001/20220921_090000.WAV,Telephone Field,recover-20220922,001,1795
1391.9145,1391.9551,68437,82057,Rhinolophus ferrumequinum,0.022,0.022,-1,Echolocation,/mnt/ubna_data_02_mir/recover-20220922/UBNA_001/20220921_090000.WAV,Telephone Field,recover-20220922,001,1795
1391.9885,1391.9996,23750,29458,Nyctalus leisleri,0.011,0.026,-1,Echolocation,/mnt/ubna_data_02_mir/recover-20220922/UBNA_001/20220921_090000.WAV,Telephone Field,recover-20220922,001,1795
1392.0015,1392.0108,26328,33736,Nyctalus leisleri,0.009,0.027,-1,Echolocation,/mnt/ubna_data_02_mir/recover-20220922/UBNA_001/20220921_090000.WAV,Telephone Field,recover-20220922,001,1795
1392.0015,1392.0096,43515,48809,Pipistrellus pipistrellus,0.029,0.037,-1,Echolocation,/mnt/ubna_data_02_mir/recover-20220922/UBNA_001/20220921_090000.WAV,Telephone Field,recover-20220922,001,1795
1392.0015,1392.0327,69296,80930,Rhinolophus ferrumequinum,0.035,0.035,-1,Echolocation,/mnt/ubna_data_02_mir/recover-20220922/UBNA_001/20220921_090000.WAV,Telephone Field,recover-20220922,001,1795
1392.0435,1392.0832,68437,81561,Rhinolophus ferrumequinum,0.036,0.036,-1,Echolocation,/mnt/ubna_data_02_mir/recover-20220922/UBNA_001/20220921_090000.WAV,Telephone Field,recover-20220922,001,1795
1392.0515,1392.0594,28906,39184,Eptesicus serotinus,0.01,0.03,-1,Echolocation,/mnt/ubna_data_02_mir/recover-20220922/UBNA_001/20220921_090000.WAV,Telephone Field,recover-20220922,001,1795
1392.0665,1392.0822,22031,25225,Nyctalus leisleri,0.024,0.044,-1,Echolocation,/mnt/ubna_data_02_mir/recover-20220922/UBNA_001/20220921_090000.WAV,Telephone Field,recover-20220922,001,1795
1392.0825,1392.0921,28906,37724,Eptesicus serotinus,0.009,0.024,-1,Echolocation,/mnt/ubna_data_02_mir/recover-20220922/UBNA_001/20220921_090000.WAV,Telephone Field,recover-20220922,001,1795
1392.0955,1392.1155,19453,22298,Nyctalus leisleri,0.013,0.025,-1,Echolocation,/mnt/ubna_data_02_mir/recover-20220922/UBNA_001/20220921_090000.WAV,Telephone Field,recover-20220922,001,1795
1392.1005,1392.1406,68437,82250,Rhinolophus ferrumequinum,0.025,0.025,-1,Echolocation,/mnt/ubna_data_02_mir/recover-20220922/UBNA_001/20220921_090000.WAV,Telephone Field,recover-20220922,001,1795
1392.1125,1392.1256,22031,25297,Nyctalus leisleri,0.014,0.023,-1,Echolocation,/mnt/ubna_data_02_mir/recover-20220922/UBNA_001/20220921_090000.WAV,Telephone Field,recover-20220922,001,1795
1392.1305,1392.174,68437,83128,Rhinolophus ferrumequinum,0.024,0.024,-1,Echolocation,/mnt/ubna_data_02_mir/recover-20220922/UBNA_001/20220921_090000.WAV,Telephone Field,recover-20220922,001,1795
1392.1785,1392.2001,19453,22169,Nyctalus leisleri,0.014,0.028,-1,Echolocation,/mnt/ubna_data_02_mir/recover-20220922/UBNA_001/20220921_090000.WAV,Telephone Field,recover-20220922,001,1795
1392.2325,1392.2741,68437,82115,Rhinolophus ferrumequinum,0.023,0.023,-1,Echolocation,/mnt/ubna_data_02_mir/recover-20220922/UBNA_001/20220921_090000.WAV,Telephone Field,recover-20220922,001,1795
1392.2585,1392.2981,68437,82220,Rhinolophus ferrumequinum,0.022,0.022,-1,Echolocation,/mnt/ubna_data_02_mir/recover-20220922/UBNA_001/20220921_090000.WAV,Telephone Field,recover-20220922,001,1795
1392.2645,1392.3029,68437,81828,Rhinolophus ferrumequinum,0.022,0.022,-1,Echolocation,/mnt/ubna_data_02_mir/recover-20220922/UBNA_001/20220921_090000.WAV,Telephone Field,recover-20220922,001,1795
1392.2675,1392.2758,24609,33435,Plecotus austriacus,0.01,0.03,-1,Echolocation,/mnt/ubna_data_02_mir/recover-20220922/UBNA_001/20220921_090000.WAV,Telephone Field,recover-20220922,001,1795
1392.2965,1392.3363,68437,83146,Rhinolophus ferrumequinum,0.031,0.031,-1,Echolocation,/mnt/ubna_data_02_mir/recover-20220922/UBNA_001/20220921_090000.WAV,Telephone Field,recover-20220922,001,1795
1392.3075,1392.3499,68437,82891,Rhinolophus ferrumequinum,0.025,0.025,-1,Echolocation,/mnt/ubna_data_02_mir/recover-20220922/UBNA_001/20220921_090000.WAV,Telephone Field,recover-20220922,001,1795
1392.3145,1392.3263,22890,27033,Nyctalus leisleri,0.012,0.022,-1,Echolocation,/mnt/ubna_data_02_mir/recover-20220922/UBNA_001/20220921_090000.WAV,Telephone Field,recover-20220922,001,1795
1392.3245,1392.3582,68437,81165,Rhinolophus ferrumequinum,0.021,0.021,-1,Echolocation,/mnt/ubna_data_02_mir/recover-20220922/UBNA_001/20220921_090000.WAV,Telephone Field,recover-20220922,001,1795
1392.3395,1392.3796,68437,82148,Rhinolophus ferrumequinum,0.032,0.032,-1,Echolocation,/mnt/ubna_data_02_mir/recover-20220922/UBNA_001/20220921_090000.WAV,Telephone Field,recover-20220922,001,1795
1392.3625,1392.3821,18593,22038,Nyctalus noctula,0.021,0.035,-1,Echolocation,/mnt/ubna_data_02_mir/recover-20220922/UBNA_001/20220921_090000.WAV,Telephone Field,recover-20220922,001,1795
1392.3885,1392.4268,68437,81830,Rhinolophus ferrumequinum,0.021,0.021,-1,Echolocation,/mnt/ubna_data_02_mir/recover-20220922/UBNA_001/20220921_090000.WAV,Telephone Field,recover-20220922,001,1795
1392.4085,1392.4437,68437,80944,Rhinolophus ferrumequinum,0.021,0.021,-1,Echolocation,/mnt/ubna_data_02_mir/recover-20220922/UBNA_001/20220921_090000.WAV,Telephone Field,recover-20220922,001,1795
1392.4435,1392.4516,27187,37216,Eptesicus serotinus,0.008,0.022,-1,Echolocation,/mnt/ubna_data_02_mir/recover-20220922/UBNA_001/20220921_090000.WAV,Telephone Field,recover-20220922,001,1795
1392.4465,1392.4865,68437,82680,Rhinolophus ferrumequinum,0.022,0.022,-1,Echolocation,/mnt/ubna_data_02_mir/recover-20220922/UBNA_001/20220921_090000.WAV,Telephone Field,recover-20220922,001,1795
1392.4855,1392.5226,68437,81387,Rhinolophus ferrumequinum,0.021,0.022,-1,Echolocation,/mnt/ubna_data_02_mir/recover-20220922/UBNA_001/20220921_090000.WAV,Telephone Field,recover-20220922,001,1795
1392.5095,1392.5451,68437,80852,Rhinolophus ferrumequinum,0.02,0.02,-1,Echolocation,/mnt/ubna_data_02_mir/recover-20220922/UBNA_001/20220921_090000.WAV,Telephone Field,recover-20220922,001,1795
1392.5235,1392.5651,68437,82278,Rhinolophus ferrumequinum,0.037,0.037,-1,Echolocation,/mnt/ubna_data_02_mir/recover-20220922/UBNA_001/20220921_090000.WAV,Telephone Field,recover-20220922,001,1795
1392.5475,1392.5848,68437,81636,Rhinolophus ferrumequinum,0.021,0.021,-1,Echolocation,/mnt/ubna_data_02_mir/recover-20220922/UBNA_001/20220921_090000.WAV,Telephone Field,recover-20220922,001,1795
1392.5575,1392.5678,24609,31486,Nyctalus leisleri,0.009,0.024,-1,Echolocation,/mnt/ubna_data_02_mir/recover-20220922/UBNA_001/20220921_090000.WAV,Telephone Field,recover-20220922,001,1795
1392.6285,1392.67,68437,81965,Rhinolophus ferrumequinum,0.025,0.025,-1,Echolocation,/mnt/ubna_data_02_mir/recover-20220922/UBNA_001/20220921_090000.WAV,Telephone Field,recover-20220922,001,1795
1392.6335,1392.6421,23750,30853,Nyctalus leisleri,0.006,0.021,-1,Echolocation,/mnt/ubna_data_02_mir/recover-20220922/UBNA_001/20220921_090000.WAV,Telephone Field,recover-20220922,001,1795
1392.6595,1392.6962,68437,81353,Rhinolophus ferrumequinum,0.021,0.021,-1,Echolocation,/mnt/ubna_data_02_mir/recover-20220922/UBNA_001/20220921_090000.WAV,Telephone Field,recover-20220922,001,1795
1392.6845,1392.727,68437,83123,Rhinolophus ferrumequinum,0.024,0.024,-1,Echolocation,/mnt/ubna_data_02_mir/recover-20220922/UBNA_001/20220921_090000.WAV,Telephone Field,recover-20220922,001,1795
1392.7275,1392.7679,68437,82050,Rhinolophus ferrumequinum,0.021,0.021,-1,Echolocation,/mnt/ubna_data_02_mir/recover-20220922/UBNA_001/20220921_090000.WAV,Telephone Field,recover-20220922,001,1795
1392.7645,1392.803,68437,82315,Rhinolophus ferrumequinum,0.021,0.021,-1,Echolocation,/mnt/ubna_data_02_mir/recover-20220922/UBNA_001/20220921_090000.WAV,Telephone Field,recover-20220922,001,1795
1392.7955,1392.8065,22890,27170,Nyctalus leisleri,0.017,0.029,-1,Echolocation,/mnt/ubna_data_02_mir/recover-20220922/UBNA_001/20220921_090000.WAV,Telephone Field,recover-20220922,001,1795
1392.8315,1392.8735,68437,82229,Rhinolophus ferrumequinum,0.024,0.024,-1,Echolocation,/mnt/ubna_data_02_mir/recover-20220922/UBNA_001/20220921_090000.WAV,Telephone Field,recover-20220922,001,1795
1392.8785,1392.9187,68437,82235,Rhinolophus ferrumequinum,0.023,0.023,-1,Echolocation,/mnt/ubna_data_02_mir/recover-20220922/UBNA_001/20220921_090000.WAV,Telephone Field,recover-20220922,001,1795
1392.8955,1392.9024,24609,33224,Plecotus austriacus,0.008,0.023,-1,Echolocation,/mnt/ubna_data_02_mir/recover-20220922/UBNA_001/20220921_090000.WAV,Telephone Field,recover-20220922,001,1795
1392.9545,1392.9921,68437,81716,Rhinolophus ferrumequinum,0.025,0.025,-1,Echolocation,/mnt/ubna_data_02_mir/recover-20220922/UBNA_001/20220921_090000.WAV,Telephone Field,recover-20220922,001,1795
1392.9795,1392.9911,22890,28156,Nyctalus leisleri,0.016,0.036,-1,Echolocation,/mnt/ubna_data_02_mir/recover-20220922/UBNA_001/20220921_090000.WAV,Telephone Field,recover-20220922,001,1795
1393.0045,1393.0445,68437,82461,Rhinolophus ferrumequinum,0.026,0.026,-1,Echolocation,/mnt/ubna_data_02_mir/recover-20220922/UBNA_001/20220921_090000.WAV,Telephone Field,recover-20220922,001,1795
1393.0055,1393.0166,28906,35593,Eptesicus serotinus,0.013,0.028,-1,Echolocation,/mnt/ubna_data_02_mir/recover-20220922/UBNA_001/20220921_090000.WAV,Telephone Field,recover-20220922,001,1795
1393.0255,1393.0602,68437,81676,Rhinolophus ferrumequinum,0.026,0.026,-1,Echolocation,/mnt/ubna_data_02_mir/recover-20220922/UBNA_001/20220921_090000.WAV,Telephone Field,recover-20220922,001,1795
1393.0655,1393.0728,24609,33243,Plecotus austriacus,0.007,0.021,-1,Echolocation,/mnt/ubna_data_02_mir/recover-20220922/UBNA_001/20220921_090000.WAV,Telephone Field,recover-20220922,001,1795
1393.0695,1393.1095,68437,82938,Rhinolophus ferrumequinum,0.028,0.028,-1,Echolocation,/mnt/ubna_data_02_mir/recover-20220922/UBNA_001/20220921_090000.WAV,Telephone Field,recover-20220922,001,1795
1393.0775,1393.1194,68437,83165,Rhinolophus ferrumequinum,0.035,0.035,-1,Echolocation,/mnt/ubna_data_02_mir/recover-20220922/UBNA_001/20220921_090000.WAV,Telephone Field,recover-20220922,001,1795
1393.0825,1393.0925,22890,28199,Nyctalus leisleri,0.009,0.02,-1,Echolocation,/mnt/ubna_data_02_mir/recover-20220922/UBNA_001/20220921_090000.WAV,Telephone Field,recover-20220922,001,1795
1393.0895,1393.1261,68437,80843,Rhinolophus ferrumequinum,0.021,0.021,-1,Echolocation,/mnt/ubna_data_02_mir/recover-20220922/UBNA_001/20220921_090000.WAV,Telephone Field,recover-20220922,001,1795
1393.0995,1393.1069,24609,33495,Plecotus austriacus,0.009,0.025,-1,Echolocation,/mnt/ubna_data_02_mir/recover-20220922/UBNA_001/20220921_090000.WAV,Telephone Field,recover-20220922,001,1795
1393.1555,1393.1922,68437,80868,Rhinolophus ferrumequinum,0.021,0.021,-1,Echolocation,/mnt/ubna_data_02_mir/recover-20220922/UBNA_001/20220921_090000.WAV,Telephone Field,recover-20220922,001,1795
1393.2275,1393.2639,68437,82084,Rhinolophus ferrumequinum,0.022,0.022,-1,Echolocation,/mnt/ubna_data_02_mir/recover-20220922/UBNA_001/20220921_090000.WAV,Telephone Field,recover-20220922,001,1795
1393.2465,1393.2853,68437,82259,Rhinolophus ferrumequinum,0.02,0.02,-1,Echolocation,/mnt/ubna_data_02_mir/recover-20220922/UBNA_001/20220921_090000.WAV,Telephone Field,recover-20220922,001,1795
1393.2485,1393.2584,28906,36362,Eptesicus serotinus,0.009,0.022,-1,Echolocation,/mnt/ubna_data_02_mir/recover-20220922/UBNA_001/20220921_090000.WAV,Telephone Field,recover-20220922,001,1795
1393.2595,1393.2667,24609,33440,Plecotus austriacus,0.008,0.022,-1,Echolocation,/mnt/ubna_data_02_mir/recover-20220922/UBNA_001/20220921_090000.WAV,Telephone Field,recover-20220922,001,1795
1393.2595,1393.2979,68437,82316,Rhinolophus ferrumequinum,0.023,0.023,-1,Echolocation,/mnt/ubna_data_02_mir/recover-20220922/UBNA_001/20220921_090000.WAV,Telephone Field,recover-20220922,001,1795
1393.2885,1393.296,28046,38961,Eptesicus serotinus,0.006,0.022,-1,Echolocation,/mnt/ubna_data_02_mir/recover-20220922/UBNA_001/20220921_090000.WAV,Telephone Field,recover-20220922,001,1795
1393.2905,1393.3358,68437,83748,Rhinolophus ferrumequinum,0.034,0.034,-1,Echolocation,/mnt/ubna_data_02_mir/recover-20220922/UBNA_001/20220921_090000.WAV,Telephone Field,recover-20220922,001,1795
1393.2925,1393.3001,56406,61780,Pipistrellus pygmaeus,0.031,0.031,-1,Echolocation,/mnt/ubna_data_02_mir/recover-20220922/UBNA_001/20220921_090000.WAV,Telephone Field,recover-20220922,001,1795
1393.3225,1393.3298,23750,32571,Plecotus austriacus,0.01,0.025,-1,Echolocation,/mnt/ubna_data_02_mir/recover-20220922/UBNA_001/20220921_090000.WAV,Telephone Field,recover-20220922,001,1795
1393.3235,1393.3609,68437,82171,Rhinolophus ferrumequinum,0.021,0.021,-1,Echolocation,/mnt/ubna_data_02_mir/recover-20220922/UBNA_001/20220921_090000.WAV,Telephone Field,recover-20220922,001,1795
1393.3605,1393.3702,22890,28735,Nyctalus leisleri,0.008,0.021,-1,Echolocation,/mnt/ubna_data_02_mir/recover-20220922/UBNA_001/20220921_090000.WAV,Telephone Field,recover-20220922,001,1795
1393.3745,1393.3891,40078,43482,Pipistrellus nathusii,0.03,0.041,-1,Echolocation,/mnt/ubna_data_02_mir/recover-20220922/UBNA_001/20220921_090000.WAV,Telephone Field,recover-20220922,001,1795
1393.3815,1393.4169,68437,81440,Rhinolophus ferrumequinum,0.024,0.024,-1,Echolocation,/mnt/ubna_data_02_mir/recover-20220922/UBNA_001/20220921_090000.WAV,Telephone Field,recover-20220922,001,1795
1393.4265,1393.4468,21171,24068,Nyctalus leisleri,0.015,0.026,-1,Echolocation,/mnt/ubna_data_02_mir/recover-20220922/UBNA_001/20220921_090000.WAV,Telephone Field,recover-20220922,001,1795
1393.4265,1393.4707,68437,83034,Rhinolophus ferrumequinum,0.041,0.041,-1,Echolocation,/mnt/ubna_data_02_mir/recover-20220922/UBNA_001/20220921_090000.WAV,Telephone Field,recover-20220922,001,1795
1393.4525,1393.4616,23750,31384,Nyctalus leisleri,0.006,0.021,-1,Echolocation,/mnt/ubna_data_02_mir/recover-20220922/UBNA_001/20220921_090000.WAV,Telephone Field,recover-20220922,001,1795
1393.4795,1393.5148,68437,81296,Rhinolophus ferrumequinum,0.021,0.021,-1,Echolocation,/mnt/ubna_data_02_mir/recover-20220922/UBNA_001/20220921_090000.WAV,Telephone Field,recover-20220922,001,1795
1393.4905,1393.5273,68437,82183,Rhinolophus ferrumequinum,0.026,0.026,-1,Echolocation,/mnt/ubna_data_02_mir/recover-20220922/UBNA_001/20220921_090000.WAV,Telephone Field,recover-20220922,001,1795
1393.5035,1393.5099,49531,54167,Pipistrellus pipistrellus,0.024,0.026,-1,Echolocation,/mnt/ubna_data_02_mir/recover-20220922/UBNA_001/20220921_090000.WAV,Telephone Field,recover-20220922,001,1795
1393.5535,1393.592,68437,82071,Rhinolophus ferrumequinum,0.021,0.021,-1,Echolocation,/mnt/ubna_data_02_mir/recover-20220922/UBNA_001/20220921_090000.WAV,Telephone Field,recover-20220922,001,1795
1393.5715,1393.5819,28046,36748,Eptesicus serotinus,0.014,0.028,-1,Echolocation,/mnt/ubna_data_02_mir/recover-20220922/UBNA_001/20220921_090000.WAV,Telephone Field,recover-20220922,001,1795
1393.5785,1393.6177,68437,82713,Rhinolophus ferrumequinum,0.022,0.022,-1,Echolocation,/mnt/ubna_data_02_mir/recover-20220922/UBNA_001/20220921_090000.WAV,Telephone Field,recover-20220922,001,1795
1393.6115,1393.6486,68437,81888,Rhinolophus ferrumequinum,0.024,0.024,-1,Echolocation,/mnt/ubna_data_02_mir/recover-20220922/UBNA_001/20220921_090000.WAV,Telephone Field,recover-20220922,001,1795
1393.6555,1393.6972,68437,82525,Rhinolophus ferrumequinum,0.021,0.021,-1,Echolocation,/mnt/ubna_data_02_mir/recover-20220922/UBNA_001/20220921_090000.WAV,Telephone Field,recover-20220922,001,1795
1393.6565,1393.6651,28046,36410,Eptesicus serotinus,0.009,0.022,-1,Echolocation,/mnt/ubna_data_02_mir/recover-20220922/UBNA_001/20220921_090000.WAV,Telephone Field,recover-20220922,001,1795
1393.7035,1393.7453,68437,82290,Rhinolophus ferrumequinum,0.025,0.025,-1,Echolocation,/mnt/ubna_data_02_mir/recover-20220922/UBNA_001/20220921_090000.WAV,Telephone Field,recover-20220922,001,1795
1393.7045,1393.7117,56406,62001,Pipistrellus pygmaeus,0.028,0.029,-1,Echolocation,/mnt/ubna_data_02_mir/recover-20220922/UBNA_001/20220921_090000.WAV,Telephone Field,recover-20220922,001,1795
1393.7135,1393.7207,28906,38648,Eptesicus serotinus,0.007,0.024,-1,Echolocation,/mnt/ubna_data_02_mir/recover-20220922/UBNA_001/20220921_090000.WAV,Telephone Field,recover-20220922,001,1795
1393.7255,1393.7617,68437,81127,Rhinolophus ferrumequinum,0.024,0.025,-1,Echolocation,/mnt/ubna_data_02_mir/recover-20220922/UBNA_001/20220921_090000.WAV,Telephone Field,recover-20220922,001,1795
1393.7255,1393.7358,23750,29841,Nyctalus leisleri,0.008,0.021,-1,Echolocation,/mnt/ubna_data_02_mir/recover-20220922/UBNA_001/20220921_090000.WAV,Telephone Field,recover-20220922,001,1795
1393.7475,1393.7597,28046,34073,Eptesicus serotinus,0.015,0.03,-1,Echolocation,/mnt/ubna_data_02_mir/recover-20220922/UBNA_001/20220921_090000.WAV,Telephone Field,recover-20220922,001,1795
1393.7815,1393.7883,28906,42825,Eptesicus serotinus,0.006,0.024,-1,Echolocation,/mnt/ubna_data_02_mir/recover-20220922/UBNA_001/20220921_090000.WAV,Telephone Field,recover-20220922,001,1795
1393.7925,1393.8306,68437,81934,Rhinolophus ferrumequinum,0.023,0.023,-1,Echolocation,/mnt/ubna_data_02_mir/recover-20220922/UBNA_001/20220921_090000.WAV,Telephone Field,recover-20220922,001,1795
1393.8045,1393.8159,27187,33238,Eptesicus serotinus,0.01,0.023,-1,Echolocation,/mnt/ubna_data_02_mir/recover-20220922/UBNA_001/20220921_090000.WAV,Telephone Field,recover-20220922,001,1795
1393.8175,1393.8596,68437,83180,Rhinolophus ferrumequinum,0.028,0.028,-1,Echolocation,/mnt/ubna_data_02_mir/recover-20220922/UBNA_001/20220921_090000.WAV,Telephone Field,recover-20220922,001,1795
1393.8445,1393.8823,68437,82618,Rhinolophus ferrumequinum,0.026,0.027,-1,Echolocation,/mnt/ubna_data_02_mir/recover-20220922/UBNA_001/20220921_090000.WAV,Telephone Field,recover-20220922,001,1795
1393.8585,1393.8684,23750,29795,Nyctalus leisleri,0.009,0.021,-1,Echolocation,/mnt/ubna_data_02_mir/recover-20220922/UBNA_001/20220921_090000.WAV,Telephone Field,recover-20220922,001,1795
1393.8905,1393.9312,68437,82492,Rhinolophus ferrumequinum,0.022,0.023,-1,Echolocation,/mnt/ubna_data_02_mir/recover-20220922/UBNA_001/20220921_090000.WAV,Telephone Field,recover-20220922,001,1795
1393.9105,1393.9484,68437,81606,Rhinolophus ferrumequinum,0.021,0.022,-1,Echolocation,/mnt/ubna_data_02_mir/recover-20220922/UBNA_001/20220921_090000.WAV,Telephone Field,recover-20220922,001,1795
1393.9555,1393.9955,68437,82384,Rhinolophus ferrumequinum,0.021,0.021,-1,Echolocation,/mnt/ubna_data_02_mir/recover-20220922/UBNA_001/20220921_090000.WAV,Telephone Field,recover-20220922,001,1795
1393.9665,1393.9761,23750,31368,Nyctalus leisleri,0.011,0.035,-1,Echolocation,/mnt/ubna_data_02_mir/recover-20220922/UBNA_001/20220921_090000.WAV,Telephone Field,recover-20220922,001,1795
1394.0015,1394.0192,16875,22072,Nyctalus noctula,0.011,0.023,-1,Echolocation,/mnt/ubna_data_02_mir/recover-20220922/UBNA_001/20220921_090000.WAV,Telephone Field,recover-20220922,001,1795
1394.0015,1394.0093,25468,35970,Nyctalus leisleri,0.006,0.025,-1,Echolocation,/mnt/ubna_data_02_mir/recover-20220922/UBNA_001/20220921_090000.WAV,Telephone Field,recover-20220922,001,1795
1394.0015,1394.0354,68437,80868,Rhinolophus ferrumequinum,0.036,0.036,-1,Echolocation,/mnt/ubna_data_02_mir/recover-20220922/UBNA_001/20220921_090000.WAV,Telephone Field,recover-20220922,001,1795
1394.0155,1394.0259,55546,60147,Pipistrellus pygmaeus,0.029,0.033,-1,Echolocation,/mnt/ubna_data_02_mir/recover-20220922/UBNA_001/20220921_090000.WAV,Telephone Field,recover-20220922,001,1795
1394.0685,1394.1111,68437,83051,Rhinolophus ferrumequinum,0.021,0.021,-1,Echolocation,/mnt/ubna_data_02_mir/recover-20220922/UBNA_001/20220921_090000.WAV,Telephone Field,recover-20220922,001,1795
1394.0865,1394.0959,26328,33932,Eptesicus serotinus,0.014,0.03,-1,Echolocation,/mnt/ubna_data_02_mir/recover-20220922/UBNA_001/20220921_090000.WAV,Telephone Field,recover-20220922,001,1795
1394.0905,1394.1296,68437,82210,Rhinolophus ferrumequinum,0.021,0.021,-1,Echolocation,/mnt/ubna_data_02_mir/recover-20220922/UBNA_001/20220921_090000.WAV,Telephone Field,recover-20220922,001,1795
1394.1275,1394.1673,68437,82726,Rhinolophus ferrumequinum,0.025,0.026,-1,Echolocation,/mnt/ubna_data_02_mir/recover-20220922/UBNA_001/20220921_090000.WAV,Telephone Field,recover-20220922,001,1795
1394.1295,1394.1368,23750,32416,Plecotus austriacus,0.01,0.022,-1,Echolocation,/mnt/ubna_data_02_mir/recover-20220922/UBNA_001/20220921_090000.WAV,Telephone Field,recover-20220922,001,1795
1394.1595,1394.167,28046,44265,Eptesicus serotinus,0.011,0.035,-1,Echolocation,/mnt/ubna_data_02_mir/recover-20220922/UBNA_001/20220921_090000.WAV,Telephone Field,recover-20220922,001,1795
1394.1755,1394.183,23750,31521,Plecotus austriacus,0.01,0.025,-1,Echolocation,/mnt/ubna_data_02_mir/recover-20220922/UBNA_001/20220921_090000.WAV,Telephone Field,recover-20220922,001,1795
1394.2015,1394.2105,28046,37680,Eptesicus serotinus,0.007,0.022,-1,Echolocation,/mnt/ubna_data_02_mir/recover-20220922/UBNA_001/20220921_090000.WAV,Telephone Field,recover-20220922,001,1795
1394.2025,1394.2416,68437,81856,Rhinolophus ferrumequinum,0.021,0.021,-1,Echolocation,/mnt/ubna_data_02_mir/recover-20220922/UBNA_001/20220921_090000.WAV,Telephone Field,recover-20220922,001,1795
1394.2105,1394.2218,24609,30442,Nyctalus leisleri,0.009,0.022,-1,Echolocation,/mnt/ubna_data_02_mir/recover-20220922/UBNA_001/20220921_090000.WAV,Telephone Field,recover-20220922,001,1795
1394.2175,1394.2586,68437,83210,Rhinolophus ferrumequinum,0.025,0.025,-1,Echolocation,/mnt/ubna_data_02_mir/recover-20220922/UBNA_001/20220921_090000.WAV,Telephone Field,recover-20220922,001,1795
1394.2215,1394.2302,28906,36991,Eptesicus serotinus,0.01,0.026,-1,Echolocation,/mnt/ubna_data_02_mir/recover-20220922/UBNA_001/20220921_090000.WAV,Telephone Field,recover-20220922,001,1795
1394.2305,1394.2661,68437,81320,Rhinolophus ferrumequinum,0.021,0.021,-1,Echolocation,/mnt/ubna_data_02_mir/recover-20220922/UBNA_001/20220921_090000.WAV,Telephone Field,recover-20220922,001,1795
1394.2365,1394.2738,68437,81571,Rhinolophus ferrumequinum,0.021,0.021,-1,Echolocation,/mnt/ubna_data_02_mir/recover-20220922/UBNA_001/20220921_090000.WAV,Telephone Field,recover-20220922,001,1795
1394.2775,1394.3181,68437,82889,Rhinolophus ferrumequinum,0.039,0.039,-1,Echolocation,/mnt/ubna_data_02_mir/recover-20220922/UBNA_001/20220921_090000.WAV,Telephone Field,recover-20220922,001,1795
1394.2835,1394.2909,14296,27035,Plecotus auritus,0.033,0.039,-1,Echolocation,/mnt/ubna_data_02_mir/recover-20220922/UBNA_001/20220921_090000.WAV,Telephone Field,recover-20220922,001,1795
1394.2985,1394.337,68437,82466,Rhinolophus ferrumequinum,0.028,0.028,-1,Echolocation,/mnt/ubna_data_02_mir/recover-20220922/UBNA_001/20220921_090000.WAV,Telephone Field,recover-20220922,001,1795
1394.3195,1394.3298,22031,26868,Nyctalus leisleri,0.011,0.024,-1,Echolocation,/mnt/ubna_data_02_mir/recover-20220922/UBNA_001/20220921_090000.WAV,Telephone Field,recover-20220922,001,1795
1394.3425,1394.3532,27187,34530,Eptesicus serotinus,0.012,0.024,-1,Echolocation,/mnt/ubna_data_02_mir/recover-20220922/UBNA_001/20220921_090000.WAV,Telephone Field,recover-20220922,001,1795
1394.3635,1394.3726,24609,31781,Nyctalus leisleri,0.007,0.023,-1,Echolocation,/mnt/ubna_data_02_mir/recover-20220922/UBNA_001/20220921_090000.WAV,Telephone Field,recover-20220922,001,1795
1394.4175,1394.4279,22890,27895,Nyctalus leisleri,0.011,0.023,-1,Echolocation,/mnt/ubna_data_02_mir/recover-20220922/UBNA_001/20220921_090000.WAV,Telephone Field,recover-20220922,001,1795
1394.4575,1394.4652,23750,32470,Plecotus austriacus,0.009,0.022,-1,Echolocation,/mnt/ubna_data_02_mir/recover-20220922/UBNA_001/20220921_090000.WAV,Telephone Field,recover-20220922,001,1795
1394.4915,1394.5309,68437,81536,Rhinolophus ferrumequinum,0.023,0.023,-1,Echolocation,/mnt/ubna_data_02_mir/recover-20220922/UBNA_001/20220921_090000.WAV,Telephone Field,recover-20220922,001,1795
1394.5245,1394.5676,68437,83290,Rhinolophus ferrumequinum,0.031,0.031,-1,Echolocation,/mnt/ubna_data_02_mir/recover-20220922/UBNA_001/20220921_090000.WAV,Telephone Field,recover-20220922,001,1795
1394.5525,1394.5954,68437,82628,Rhinolophus ferrumequinum,0.021,0.021,-1,Echolocation,/mnt/ubna_data_02_mir/recover-20220922/UBNA_001/20220921_090000.WAV,Telephone Field,recover-20220922,001,1795
1394.5675,1394.6053,68437,82278,Rhinolophus ferrumequinum,0.021,0.021,-1,Echolocation,/mnt/ubna_data_02_mir/recover-20220922/UBNA_001/20220921_090000.WAV,Telephone Field,recover-20220922,001,1795
1394.5775,1394.6197,68437,83220,Rhinolophus ferrumequinum,0.028,0.028,-1,Echolocation,/mnt/ubna_data_02_mir/recover-20220922/UBNA_001/20220921_090000.WAV,Telephone Field,recover-20220922,001,1795
1394.6565,1394.6931,68437,81866,Rhinolophus ferrumequinum,0.022,0.022,-1,Echolocation,/mnt/ubna_data_02_mir/recover-20220922/UBNA_001/20220921_090000.WAV,Telephone Field,recover-20220922,001,1795
1394.6695,1394.7068,68437,81339,Rhinolophus ferrumequinum,0.022,0.022,-1,Echolocation,/mnt/ubna_data_02_mir/recover-20220922/UBNA_001/20220921_090000.WAV,Telephone Field,recover-20220922,001,1795
1394.6985,1394.7359,68437,82222,Rhinolophus ferrumequinum,0.024,0.024,-1,Echolocation,/mnt/ubna_data_02_mir/recover-20220922/UBNA_001/20220921_090000.WAV,Telephone Field,recover-20220922,001,1795
1394.8005,1394.8107,23750,29670,Nyctalus leisleri,0.01,0.023,-1,Echolocation,/mnt/ubna_data_02_mir/recover-20220922/UBNA_001/20220921_090000.WAV,Telephone Field,recover-20220922,001,1795
1394.8795,1394.8915,23750,29391,Nyctalus leisleri,0.013,0.028,-1,Echolocation,/mnt/ubna_data_02_mir/recover-20220922/UBNA_001/20220921_090000.WAV,Telephone Field,recover-20220922,001,1795
1394.8845,1394.9242,68437,83007,Rhinolophus ferrumequinum,0.025,0.025,-1,Echolocation,/mnt/ubna_data_02_mir/recover-20220922/UBNA_001/20220921_090000.WAV,Telephone Field,recover-20220922,001,1795
1394.9125,1394.9517,68437,81935,Rhinolophus ferrumequinum,0.023,0.023,-1,Echolocation,/mnt/ubna_data_02_mir/recover-20220922/UBNA_001/20220921_090000.WAV,Telephone Field,recover-20220922,001,1795
1394.9185,1394.9265,47812,54195,Pipistrellus pipistrellus,0.017,0.023,-1,Echolocation,/mnt/ubna_data_02_mir/recover-20220922/UBNA_001/20220921_090000.WAV,Telephone Field,recover-20220922,001,1795
1394.9195,1394.9397,19453,22917,Nyctalus noctula,0.024,0.047,-1,Echolocation,/mnt/ubna_data_02_mir/recover-20220922/UBNA_001/20220921_090000.WAV,Telephone Field,recover-20220922,001,1795
1394.9475,1394.9891,68437,82966,Rhinolophus ferrumequinum,0.035,0.035,-1,Echolocation,/mnt/ubna_data_02_mir/recover-20220922/UBNA_001/20220921_090000.WAV,Telephone Field,recover-20220922,001,1795
1394.9835,1394.9948,22890,27984,Nyctalus leisleri,0.015,0.034,-1,Echolocation,/mnt/ubna_data_02_mir/recover-20220922/UBNA_001/20220921_090000.WAV,Telephone Field,recover-20220922,001,1795
1394.9905,1395.0272,68437,81777,Rhinolophus ferrumequinum,0.023,0.023,-1,Echolocation,/mnt/ubna_data_02_mir/recover-20220922/UBNA_001/20220921_090000.WAV,Telephone Field,recover-20220922,001,1795
1395.0225,1395.0609,68437,82299,Rhinolophus ferrumequinum,0.021,0.021,-1,Echolocation,/mnt/ubna_data_02_mir/recover-20220922/UBNA_001/20220921_090000.WAV,Telephone Field,recover-20220922,001,1795
1395.0275,1395.0345,28906,37720,Eptesicus serotinus,0.006,0.026,-1,Echolocation,/mnt/ubna_data_02_mir/recover-20220922/UBNA_001/20220921_090000.WAV,Telephone Field,recover-20220922,001,1795
1395.0275,1395.0344,23750,33136,Plecotus austriacus,0.015,0.029,-1,Echolocation,/mnt/ubna_data_02_mir/recover-20220922/UBNA_001/20220921_090000.WAV,Telephone Field,recover-20220922,001,1795
1395.1115,1395.1202,28906,39170,Eptesicus serotinus,0.01,0.028,-1,Echolocation,/mnt/ubna_data_02_mir/recover-20220922/UBNA_001/20220921_090000.WAV,Telephone Field,recover-20220922,001,1795
1395.1165,1395.1543,68437,81751,Rhinolophus ferrumequinum,0.022,0.022,-1,Echolocation,/mnt/ubna_data_02_mir/recover-20220922/UBNA_001/20220921_090000.WAV,Telephone Field,recover-20220922,001,1795
1395.1305,1395.1728,68437,83288,Rhinolophus ferrumequinum,0.03,0.03,-1,Echolocation,/mnt/ubna_data_02_mir/recover-20220922/UBNA_001/20220921_090000.WAV,Telephone Field,recover-20220922,001,1795
1395.1585,1395.1951,68437,82038,Rhinolophus ferrumequinum,0.024,0.024,-1,Echolocation,/mnt/ubna_data_02_mir/recover-20220922/UBNA_001/20220921_090000.WAV,Telephone Field,recover-20220922,001,1795
1395.1925,1395.2276,68437,80682,Rhinolophus ferrumequinum,0.024,0.024,-1,Echolocation,/mnt/ubna_data_02_mir/recover-20220922/UBNA_001/20220921_090000.WAV,Telephone Field,recover-20220922,001,1795
1395.1975,1395.2053,23750,31799,Plecotus austriacus,0.008,0.022,-1,Echolocation,/mnt/ubna_data_02_mir/recover-20220922/UBNA_001/20220921_090000.WAV,Telephone Field,recover-20220922,001,1795
1395.2295,1395.2696,68437,82343,Rhinolophus ferrumequinum,0.021,0.021,-1,Echolocation,/mnt/ubna_data_02_mir/recover-20220922/UBNA_001/20220921_090000.WAV,Telephone Field,recover-20220922,001,1795
1395.2515,1395.2911,68437,81856,Rhinolophus ferrumequinum,0.021,0.021,-1,Echolocation,/mnt/ubna_data_02_mir/recover-20220922/UBNA_001/20220921_090000.WAV,Telephone Field,recover-20220922,001,1795
1395.2545,1395.2618,28046,41523,Eptesicus serotinus,0.009,0.031,-1,Echolocation,/mnt/ubna_data_02_mir/recover-20220922/UBNA_001/20220921_090000.WAV,Telephone Field,recover-20220922,001,1795
1395.2845,1395.2923,24609,33150,Plecotus austriacus,0.006,0.022,-1,Echolocation,/mnt/ubna_data_02_mir/recover-20220922/UBNA_001/20220921_090000.WAV,Telephone Field,recover-20220922,001,1795
1395.3115,1395.3457,68437,80997,Rhinolophus ferrumequinum,0.021,0.021,-1,Echolocation,/mnt/ubna_data_02_mir/recover-20220922/UBNA_001/20220921_090000.WAV,Telephone Field,recover-20220922,001,1795
1395.3245,1395.3653,68437,82041,Rhinolophus ferrumequinum,0.024,0.024,-1,Echolocation,/mnt/ubna_data_02_mir/recover-20220922/UBNA_001/20220921_090000.WAV,Telephone Field,recover-20220922,001,1795
1395.3325,1395.3739,68437,83239,Rhinolophus ferrumequinum,0.027,0.027,-1,Echolocation,/mnt/ubna_data_02_mir/recover-20220922/UBNA_001/20220921_090000.WAV,Telephone Field,recover-20220922,001,1795
1395.3425,1395.3832,68437,82890,Rhinolophus ferrumequinum,0.024,0.024,-1,Echolocation,/mnt/ubna_data_02_mir/recover-20220922/UBNA_001/20220921_090000.WAV,Telephone Field,recover-20220922,001,1795
1395.3905,1395.4254,68437,80535,Rhinolophus ferrumequinum,0.021,0.022,-1,Echolocation,/mnt/ubna_data_02_mir/recover-20220922/UBNA_001/20220921_090000.WAV,Telephone Field,recover-20220922,001,1795
1395.4035,1395.414,22890,28251,Nyctalus leisleri,0.01,0.021,-1,Echolocation,/mnt/ubna_data_02_mir/recover-20220922/UBNA_001/20220921_090000.WAV,Telephone Field,recover-20220922,001,1795
1395.4175,1395.4588,68437,81914,Rhinolophus ferrumequinum,0.028,0.028,-1,Echolocation,/mnt/ubna_data_02_mir/recover-20220922/UBNA_001/20220921_090000.WAV,Telephone Field,recover-20220922,001,1795
1395.4375,1395.4452,28046,38390,Eptesicus serotinus,0.007,0.022,-1,Echolocation,/mnt/ubna_data_02_mir/recover-20220922/UBNA_001/20220921_090000.WAV,Telephone Field,recover-20220922,001,1795
1395.4495,1395.4918,68437,82799,Rhinolophus ferrumequinum,0.025,0.025,-1,Echolocation,/mnt/ubna_data_02_mir/recover-20220922/UBNA_001/20220921_090000.WAV,Telephone Field,recover-20220922,001,1795
1395.4495,1395.4569,27187,40091,Eptesicus serotinus,0.007,0.023,-1,Echolocation,/mnt/ubna_data_02_mir/recover-20220922/UBNA_001/20220921_090000.WAV,Telephone Field,recover-20220922,001,1795
1395.4615,1395.5027,68437,82938,Rhinolophus ferrumequinum,0.022,0.022,-1,Echolocation,/mnt/ubna_data_02_mir/recover-20220922/UBNA_001/20220921_090000.WAV,Telephone Field,recover-20220922,001,1795
1395.5435,1395.5845,68437,82151,Rhinolophus ferrumequinum,0.021,0.021,-1,Echolocation,/mnt/ubna_data_02_mir/recover-20220922/UBNA_001/20220921_090000.WAV,Telephone Field,recover-20220922,001,1795
1395.5705,1395.6081,68437,81665,Rhinolophus ferrumequinum,0.022,0.022,-1,Echolocation,/mnt/ubna_data_02_mir/recover-20220922/UBNA_001/20220921_090000.WAV,Telephone Field,recover-20220922,001,1795
1395.5735,1395.5841,28046,35365,Eptesicus serotinus,0.026,0.047,-1,Echolocation,/mnt/ubna_data_02_mir/recover-20220922/UBNA_001/20220921_090000.WAV,Telephone Field,recover-20220922,001,1795
1395.5875,1395.598,22890,27294,Nyctalus leisleri,0.013,0.023,-1,Echolocation,/mnt/ubna_data_02_mir/recover-20220922/UBNA_001/20220921_090000.WAV,Telephone Field,recover-20220922,001,1795
1395.5965,1395.6343,68437,81436,Rhinolophus ferrumequinum,0.025,0.025,-1,Echolocation,/mnt/ubna_data_02_mir/recover-20220922/UBNA_001/20220921_090000.WAV,Telephone Field,recover-20220922,001,1795
1395.6435,1395.6518,47812,51823,Pipistrellus pipistrellus,0.021,0.022,-1,Echolocation,/mnt/ubna_data_02_mir/recover-20220922/UBNA_001/20220921_090000.WAV,Telephone Field,recover-20220922,001,1795
1395.6485,1395.6592,25468,33060,Eptesicus serotinus,0.01,0.024,-1,Echolocation,/mnt/ubna_data_02_mir/recover-20220922/UBNA_001/20220921_090000.WAV,Telephone Field,recover-20220922,001,1795
1395.6715,1395.6788,49531,54568,Pipistrellus pipistrellus,0.022,0.024,-1,Echolocation,/mnt/ubna_data_02_mir/recover-20220922/UBNA_001/20220921_090000.WAV,Telephone Field,recover-20220922,001,1795
1395.7045,1395.7447,68437,82514,Rhinolophus ferrumequinum,0.024,0.024,-1,Echolocation,/mnt/ubna_data_02_mir/recover-20220922/UBNA_001/20220921_090000.WAV,Telephone Field,recover-20220922,001,1795
1395.7065,1395.7172,55546,59889,Pipistrellus pygmaeus,0.027,0.028,-1,Echolocation,/mnt/ubna_data_02_mir/recover-20220922/UBNA_001/20220921_090000.WAV,Telephone Field,recover-20220922,001,1795
1395.7255,1395.7647,68437,82034,Rhinolophus ferrumequinum,0.022,0.022,-1,Echolocation,/mnt/ubna_data_02_mir/recover-20220922/UBNA_001/20220921_090000.WAV,Telephone Field,recover-20220922,001,1795
1395.7775,1395.8138,68437,81267,Rhinolophus ferrumequinum,0.022,0.022,-1,Echolocation,/mnt/ubna_data_02_mir/recover-20220922/UBNA_001/20220921_090000.WAV,Telephone Field,recover-20220922,001,1795
1395.7965,1395.8065,28906,36279,Eptesicus serotinus,0.01,0.024,-1,Echolocation,/mnt/ubna_data_02_mir/recover-20220922/UBNA_001/20220921_090000.WAV,Telephone Field,recover-20220922,001,1795
1395.8235,1395.8346,26328,33649,Eptesicus serotinus,0.015,0.029,-1,Echolocation,/mnt/ubna_data_02_mir/recover-20220922/UBNA_001/20220921_090000.WAV,Telephone Field,recover-20220922,001,1795
1395.8765,1395.9171,68437,83009,Rhinolophus ferrumequinum,0.025,0.025,-1,Echolocation,/mnt/ubna_data_02_mir/recover-20220922/UBNA_001/20220921_090000.WAV,Telephone Field,recover-20220922,001,1795
1395.8815,1395.8885,28906,38462,Eptesicus serotinus,0.009,0.028,-1,Echolocation,/mnt/ubna_data_02_mir/recover-20220922/UBNA_001/20220921_090000.WAV,Telephone Field,recover-20220922,001,1795
1395.9005,1395.9101,51250,55597,Pipistrellus pipistrellus,0.017,0.023,-1,Echolocation,/mnt/ubna_data_02_mir/recover-20220922/UBNA_001/20220921_090000.WAV,Telephone Field,recover-20220922,001,1795
1395.9135,1395.9484,68437,81672,Rhinolophus ferrumequinum,0.025,0.025,-1,Echolocation,/mnt/ubna_data_02_mir/recover-20220922/UBNA_001/20220921_090000.WAV,Telephone Field,recover-20220922,001,1795
1395.9415,1395.9783,68437,81562,Rhinolophus ferrumequinum,0.021,0.021,-1,Echolocation,/mnt/ubna_data_02_mir/recover-20220922/UBNA_001/20220921_090000.WAV,Telephone Field,recover-20220922,001,1795
1395.9545,1395.9897,68437,81231,Rhinolophus ferrumequinum,0.023,0.023,-1,Echolocation,/mnt/ubna_data_02_mir/recover-20220922/UBNA_001/20220921_090000.WAV,Telephone Field,recover-20220922,001,1795
1396.0015,1396.0147,20312,25536,Nyctalus leisleri,0.013,0.03,-1,Echolocation,/mnt/ubna_data_02_mir/recover-20220922/UBNA_001/20220921_090000.WAV,Telephone Field,recover-20220922,001,1795
1396.0015,1396.0344,69296,81114,Rhinolophus ferrumequinum,0.028,0.028,-1,Echolocation,/mnt/ubna_data_02_mir/recover-20220922/UBNA_001/20220921_090000.WAV,Telephone Field,recover-20220922,001,1795
1396.0305,1396.0724,68437,82236,Rhinolophus ferrumequinum,0.02,0.02,-1,Echolocation,/mnt/ubna_data_02_mir/recover-20220922/UBNA_001/20220921_090000.WAV,Telephone Field,recover-20220922,001,1795
1396.0555,1396.0623,27187,38565,Eptesicus serotinus,0.005,0.02,-1,Echolocation,/mnt/ubna_data_02_mir/recover-20220922/UBNA_001/20220921_090000.WAV,Telephone Field,recover-20220922,001,1795
1396.0715,1396.1094,68437,81367,Rhinolophus ferrumequinum,0.02,0.02,-1,Echolocation,/mnt/ubna_data_02_mir/recover-20220922/UBNA_001/20220921_090000.WAV,Telephone Field,recover-20220922,001,1795
1396.1005,1396.1462,68437,83626,Rhinolophus ferrumequinum,0.062,0.062,-1,Echolocation,/mnt/ubna_data_02_mir/recover-20220922/UBNA_001/20220921_090000.WAV,Telephone Field,recover-20220922,001,1795
1396.1265,1396.1669,68437,82404,Rhinolophus ferrumequinum,0.023,0.023,-1,Echolocation,/mnt/ubna_data_02_mir/recover-20220922/UBNA_001/20220921_090000.WAV,Telephone Field,recover-20220922,001,1795
1396.1365,1396.1426,24609,34874,Plecotus austriacus,0.013,0.034,-1,Echolocation,/mnt/ubna_data_02_mir/recover-20220922/UBNA_001/20220921_090000.WAV,Telephone Field,recover-20220922,001,1795
1396.1405,1396.1791,68437,81824,Rhinolophus ferrumequinum,0.021,0.021,-1,Echolocation,/mnt/ubna_data_02_mir/recover-20220922/UBNA_001/20220921_090000.WAV,Telephone Field,recover-20220922,001,1795
1396.1515,1396.1887,68437,81848,Rhinolophus ferrumequinum,0.023,0.023,-1,Echolocation,/mnt/ubna_data_02_mir/recover-20220922/UBNA_001/20220921_090000.WAV,Telephone Field,recover-20220922,001,1795
1396.2255,1396.264,68437,82475,Rhinolophus ferrumequinum,0.022,0.022,-1,Echolocation,/mnt/ubna_data_02_mir/recover-20220922/UBNA_001/20220921_090000.WAV,Telephone Field,recover-20220922,001,1795
1396.2785,1396.3211000000001,68437,82759,Rhinolophus ferrumequinum,0.021,0.021,-1,Echolocation,/mnt/ubna_data_02_mir/recover-20220922/UBNA_001/20220921_090000.WAV,Telephone Field,recover-20220922,001,1795
1396.3715,1396.4098,68437,82077,Rhinolophus ferrumequinum,0.021,0.021,-1,Echolocation,/mnt/ubna_data_02_mir/recover-20220922/UBNA_001/20220921_090000.WAV,Telephone Field,recover-20220922,001,1795
1396.3815,1396.3881,28046,43094,Eptesicus serotinus,0.006,0.022,-1,Echolocation,/mnt/ubna_data_02_mir/recover-20220922/UBNA_001/20220921_090000.WAV,Telephone Field,recover-20220922,001,1795
1396.3855,1396.4233,68437,81968,Rhinolophus ferrumequinum,0.022,0.022,-1,Echolocation,/mnt/ubna_data_02_mir/recover-20220922/UBNA_001/20220921_090000.WAV,Telephone Field,recover-20220922,001,1795
1396.4225,1396.4308,28046,38369,Eptesicus serotinus,0.008,0.023,-1,Echolocation,/mnt/ubna_data_02_mir/recover-20220922/UBNA_001/20220921_090000.WAV,Telephone Field,recover-20220922,001,1795
1396.4385,1396.4766,68437,81805,Rhinolophus ferrumequinum,0.021,0.021,-1,Echolocation,/mnt/ubna_data_02_mir/recover-20220922/UBNA_001/20220921_090000.WAV,Telephone Field,recover-20220922,001,1795
1396.4775,1396.515,68437,81478,Rhinolophus ferrumequinum,0.021,0.021,-1,Echolocation,/mnt/ubna_data_02_mir/recover-20220922/UBNA_001/20220921_090000.WAV,Telephone Field,recover-20220922,001,1795
1396.4785,1396.4856,28046,36044,Eptesicus serotinus,0.009,0.028,-1,Echolocation,/mnt/ubna_data_02_mir/recover-20220922/UBNA_001/20220921_090000.WAV,Telephone Field,recover-20220922,001,1795
1396.4825,1396.5198,68437,81818,Rhinolophus ferrumequinum,0.021,0.021,-1,Echolocation,/mnt/ubna_data_02_mir/recover-20220922/UBNA_001/20220921_090000.WAV,Telephone Field,recover-20220922,001,1795
1396.4895,1396.5273,68437,82256,Rhinolophus ferrumequinum,0.02,0.02,-1,Echolocation,/mnt/ubna_data_02_mir/recover-20220922/UBNA_001/20220921_090000.WAV,Telephone Field,recover-20220922,001,1795
1396.4955,1396.532,68437,82038,Rhinolophus ferrumequinum,0.021,0.021,-1,Echolocation,/mnt/ubna_data_02_mir/recover-20220922/UBNA_001/20220921_090000.WAV,Telephone Field,recover-20220922,001,1795
1396.5035,1396.5155,28906,33839,Eptesicus serotinus,0.03,0.062,-1,Echolocation,/mnt/ubna_data_02_mir/recover-20220922/UBNA_001/20220921_090000.WAV,Telephone Field,recover-20220922,001,1795
1396.5305,1396.5403,22890,29835,Nyctalus leisleri,0.009,0.027,-1,Echolocation,/mnt/ubna_data_02_mir/recover-20220922/UBNA_001/20220921_090000.WAV,Telephone Field,recover-20220922,001,1795
1396.5535,1396.591,68437,81699,Rhinolophus ferrumequinum,0.022,0.022,-1,Echolocation,/mnt/ubna_data_02_mir/recover-20220922/UBNA_001/20220921_090000.WAV,Telephone Field,recover-20220922,001,1795
1396.5675,1396.5778,22890,28045,Nyctalus leisleri,0.01,0.022,-1,Echolocation,/mnt/ubna_data_02_mir/recover-20220922/UBNA_001/20220921_090000.WAV,Telephone Field,recover-20220922,001,1795
1396.5725,1396.6084,68437,82131,Rhinolophus ferrumequinum,0.022,0.022,-1,Echolocation,/mnt/ubna_data_02_mir/recover-20220922/UBNA_001/20220921_090000.WAV,Telephone Field,recover-20220922,001,1795
1396.6055,1396.6417,68437,81144,Rhinolophus ferrumequinum,0.023,0.023,-1,Echolocation,/mnt/ubna_data_02_mir/recover-20220922/UBNA_001/20220921_090000.WAV,Telephone Field,recover-20220922,001,1795
1396.6125,1396.651,68437,81680,Rhinolophus ferrumequinum,0.022,0.023,-1,Echolocation,/mnt/ubna_data_02_mir/recover-20220922/UBNA_001/20220921_090000.WAV,Telephone Field,recover-20220922,001,1795
1396.6425,1396.6522,46093,51874,Pipistrellus pipistrellus,0.021,0.023,-1,Echolocation,/mnt/ubna_data_02_mir/recover-20220922/UBNA_001/20220921_090000.WAV,Telephone Field,recover-20220922,001,1795
1396.6465,1396.6864,68437,82596,Rhinolophus ferrumequinum,0.025,0.025,-1,Echolocation,/mnt/ubna_data_02_mir/recover-20220922/UBNA_001/20220921_090000.WAV,Telephone Field,recover-20220922,001,1795
1396.6495,1396.6574,22890,30477,Plecotus austriacus,0.012,0.024,-1,Echolocation,/mnt/ubna_data_02_mir/recover-20220922/UBNA_001/20220921_090000.WAV,Telephone Field,recover-20220922,001,1795
1396.6655,1396.7074,68437,82128,Rhinolophus ferrumequinum,0.023,0.023,-1,Echolocation,/mnt/ubna_data_02_mir/recover-20220922/UBNA_001/20220921_090000.WAV,Telephone Field,recover-20220922,001,1795
1396.6995,1396.7082,24609,34286,Nyctalus leisleri,0.005,0.021,-1,Echolocation,/mnt/ubna_data_02_mir/recover-20220922/UBNA_001/20220921_090000.WAV,Telephone Field,recover-20220922,001,1795
1396.7335,1396.7441,24609,30659,Nyctalus leisleri,0.008,0.021,-1,Echolocation,/mnt/ubna_data_02_mir/recover-20220922/UBNA_001/20220921_090000.WAV,Telephone Field,recover-20220922,001,1795
1396.7505,1396.7889,68437,82441,Rhinolophus ferrumequinum,0.023,0.023,-1,Echolocation,/mnt/ubna_data_02_mir/recover-20220922/UBNA_001/20220921_090000.WAV,Telephone Field,recover-20220922,001,1795
1396.7675,1396.8121,68437,83784,Rhinolophus ferrumequinum,0.04,0.04,-1,Echolocation,/mnt/ubna_data_02_mir/recover-20220922/UBNA_001/20220921_090000.WAV,Telephone Field,recover-20220922,001,1795
1396.7715,1396.784,22031,25579,Nyctalus leisleri,0.014,0.023,-1,Echolocation,/mnt/ubna_data_02_mir/recover-20220922/UBNA_001/20220921_090000.WAV,Telephone Field,recover-20220922,001,1795
1396.8015,1396.8103,24609,32357,Nyctalus leisleri,0.006,0.02,-1,Echolocation,/mnt/ubna_data_02_mir/recover-20220922/UBNA_001/20220921_090000.WAV,Telephone Field,recover-20220922,001,1795
1396.8215,1396.8566,68437,82400,Rhinolophus ferrumequinum,0.021,0.021,-1,Echolocation,/mnt/ubna_data_02_mir/recover-20220922/UBNA_001/20220921_090000.WAV,Telephone Field,recover-20220922,001,1795
1396.8405,1396.8468,28046,40969,Eptesicus serotinus,0.01,0.037,-1,Echolocation,/mnt/ubna_data_02_mir/recover-20220922/UBNA_001/20220921_090000.WAV,Telephone Field,recover-20220922,001,1795
1396.8585,1396.8941,68437,81481,Rhinolophus ferrumequinum,0.021,0.021,-1,Echolocation,/mnt/ubna_data_02_mir/recover-20220922/UBNA_001/20220921_090000.WAV,Telephone Field,recover-20220922,001,1795
1396.8605,1396.8675,26328,34961,Eptesicus serotinus,0.007,0.021,-1,Echolocation,/mnt/ubna_data_02_mir/recover-20220922/UBNA_001/20220921_090000.WAV,Telephone Field,recover-20220922,001,1795
1396.8995,1396.9406,68437,82625,Rhinolophus ferrumequinum,0.023,0.023,-1,Echolocation,/mnt/ubna_data_02_mir/recover-20220922/UBNA_001/20220921_090000.WAV,Telephone Field,recover-20220922,001,1795
1396.9065,1396.9439,68437,81754,Rhinolophus ferrumequinum,0.022,0.022,-1,Echolocation,/mnt/ubna_data_02_mir/recover-20220922/UBNA_001/20220921_090000.WAV,Telephone Field,recover-20220922,001,1795
1396.9395,1396.979,68437,82396,Rhinolophus ferrumequinum,0.021,0.021,-1,Echolocation,/mnt/ubna_data_02_mir/recover-20220922/UBNA_001/20220921_090000.WAV,Telephone Field,recover-20220922,001,1795
1396.9525,1396.9692,21171,24319,Nyctalus leisleri,0.016,0.025,-1,Echolocation,/mnt/ubna_data_02_mir/recover-20220922/UBNA_001/20220921_090000.WAV,Telephone Field,recover-20220922,001,1795
1396.9575,1396.9966,68437,81500,Rhinolophus ferrumequinum,0.021,0.021,-1,Echolocation,/mnt/ubna_data_02_mir/recover-20220922/UBNA_001/20220921_090000.WAV,Telephone Field,recover-20220922,001,1795
1396.9815,1397.0218,68437,81976,Rhinolophus ferrumequinum,0.022,0.022,-1,Echolocation,/mnt/ubna_data_02_mir/recover-20220922/UBNA_001/20220921_090000.WAV,Telephone Field,recover-20220922,001,1795
1396.9895,1396.9969,24609,32785,Plecotus austriacus,0.008,0.022,-1,Echolocation,/mnt/ubna_data_02_mir/recover-20220922/UBNA_001/20220921_090000.WAV,Telephone Field,recover-20220922,001,1795
1397.0025,1397.0395,68437,81803,Rhinolophus ferrumequinum,0.022,0.022,-1,Echolocation,/mnt/ubna_data_02_mir/recover-20220922/UBNA_001/20220921_090000.WAV,Telephone Field,recover-20220922,001,1795
1397.0235,1397.0633,68437,82574,Rhinolophus ferrumequinum,0.024,0.024,-1,Echolocation,/mnt/ubna_data_02_mir/recover-20220922/UBNA_001/20220921_090000.WAV,Telephone Field,recover-20220922,001,1795
1397.0375,1397.078,68437,83241,Rhinolophus ferrumequinum,0.026,0.026,-1,Echolocation,/mnt/ubna_data_02_mir/recover-20220922/UBNA_001/20220921_090000.WAV,Telephone Field,recover-20220922,001,1795
1397.0735,1397.1133,68437,82380,Rhinolophus ferrumequinum,0.022,0.022,-1,Echolocation,/mnt/ubna_data_02_mir/recover-20220922/UBNA_001/20220921_090000.WAV,Telephone Field,recover-20220922,001,1795
1397.1185,1397.1566,68437,81217,Rhinolophus ferrumequinum,0.023,0.023,-1,Echolocation,/mnt/ubna_data_02_mir/recover-20220922/UBNA_001/20220921_090000.WAV,Telephone Field,recover-20220922,001,1795
1397.1325,1397.1386,38359,57124,Myotis brandtii,0.007,0.021,-1,Echolocation,/mnt/ubna_data_02_mir/recover-20220922/UBNA_001/20220921_090000.WAV,Telephone Field,recover-20220922,001,1795
1397.1395,1397.1523,22890,27492,Nyctalus leisleri,0.011,0.022,-1,Echolocation,/mnt/ubna_data_02_mir/recover-20220922/UBNA_001/20220921_090000.WAV,Telephone Field,recover-20220922,001,1795
1397.1555,1397.1967,68437,83344,Rhinolophus ferrumequinum,0.026,0.026,-1,Echolocation,/mnt/ubna_data_02_mir/recover-20220922/UBNA_001/20220921_090000.WAV,Telephone Field,recover-20220922,001,1795
1397.1585,1397.1671,27187,39293,Eptesicus serotinus,0.01,0.025,-1,Echolocation,/mnt/ubna_data_02_mir/recover-20220922/UBNA_001/20220921_090000.WAV,Telephone Field,recover-20220922,001,1795
1397.1925,1397.2297,68437,81653,Rhinolophus ferrumequinum,0.022,0.022,-1,Echolocation,/mnt/ubna_data_02_mir/recover-20220922/UBNA_001/20220921_090000.WAV,Telephone Field,recover-20220922,001,1795
1397.2265,1397.2637,68437,81883,Rhinolophus ferrumequinum,0.021,0.021,-1,Echolocation,/mnt/ubna_data_02_mir/recover-20220922/UBNA_001/20220921_090000.WAV,Telephone Field,recover-20220922,001,1795
1397.2495,1397.2571,49531,57544,Pipistrellus pipistrellus,0.019,0.024,-1,Echolocation,/mnt/ubna_data_02_mir/recover-20220922/UBNA_001/20220921_090000.WAV,Telephone Field,recover-20220922,001,1795
1397.2625,1397.2716,22890,29697,Plecotus austriacus,0.008,0.024,-1,Echolocation,/mnt/ubna_data_02_mir/recover-20220922/UBNA_001/20220921_090000.WAV,Telephone Field,recover-20220922,001,1795
1397.2665,1397.3091,68437,83066,Rhinolophus ferrumequinum,0.024,0.024,-1,Echolocation,/mnt/ubna_data_02_mir/recover-20220922/UBNA_001/20220921_090000.WAV,Telephone Field,recover-20220922,001,1795
1397.2825,1397.3219,68437,82077,Rhinolophus ferrumequinum,0.024,0.024,-1,Echolocation,/mnt/ubna_data_02_mir/recover-20220922/UBNA_001/20220921_090000.WAV,Telephone Field,recover-20220922,001,1795
1397.3065,1397.3139,28046,41370,Eptesicus serotinus,0.008,0.026,-1,Echolocation,/mnt/ubna_data_02_mir/recover-20220922/UBNA_001/20220921_090000.WAV,Telephone Field,recover-20220922,001,1795
1397.3195,1397.3598,68437,82786,Rhinolophus ferrumequinum,0.027,0.027,-1,Echolocation,/mnt/ubna_data_02_mir/recover-20220922/UBNA_001/20220921_090000.WAV,Telephone Field,recover-20220922,001,1795
1397.3405,1397.3773,68437,81247,Rhinolophus ferrumequinum,0.021,0.021,-1,Echolocation,/mnt/ubna_data_02_mir/recover-20220922/UBNA_001/20220921_090000.WAV,Telephone Field,recover-20220922,001,1795
1397.3495,1397.3896,68437,81878,Rhinolophus ferrumequinum,0.022,0.022,-1,Echolocation,/mnt/ubna_data_02_mir/recover-20220922/UBNA_001/20220921_090000.WAV,Telephone Field,recover-20220922,001,1795
1397.3575,1397.3947,68437,81875,Rhinolophus ferrumequinum,0.021,0.021,-1,Echolocation,/mnt/ubna_data_02_mir/recover-20220922/UBNA_001/20220921_090000.WAV,Telephone Field,recover-20220922,001,1795
1397.3705,1397.4094,68437,82190,Rhinolophus ferrumequinum,0.021,0.021,-1,Echolocation,/mnt/ubna_data_02_mir/recover-20220922/UBNA_001/20220921_090000.WAV,Telephone Field,recover-20220922,001,1795
1397.3755,1397.3829,28046,40348,Eptesicus serotinus,0.006,0.022,-1,Echolocation,/mnt/ubna_data_02_mir/recover-20220922/UBNA_001/20220921_090000.WAV,Telephone Field,recover-20220922,001,1795
1397.3955,1397.4065,22890,27446,Nyctalus leisleri,0.011,0.02,-1,Echolocation,/mnt/ubna_data_02_mir/recover-20220922/UBNA_001/20220921_090000.WAV,Telephone Field,recover-20220922,001,1795
1397.4045,1397.4129,28046,40182,Eptesicus serotinus,0.008,0.02,-1,Echolocation,/mnt/ubna_data_02_mir/recover-20220922/UBNA_001/20220921_090000.WAV,Telephone Field,recover-20220922,001,1795
1397.4325,1397.4689,68437,82242,Rhinolophus ferrumequinum,0.02,0.02,-1,Echolocation,/mnt/ubna_data_02_mir/recover-20220922/UBNA_001/20220921_090000.WAV,Telephone Field,recover-20220922,001,1795
1397.4345,1397.4434,43515,47427,Pipistrellus pipistrellus,0.024,0.026,-1,Echolocation,/mnt/ubna_data_02_mir/recover-20220922/UBNA_001/20220921_090000.WAV,Telephone Field,recover-20220922,001,1795
1397.4465,1397.4835,68437,81906,Rhinolophus ferrumequinum,0.021,0.021,-1,Echolocation,/mnt/ubna_data_02_mir/recover-20220922/UBNA_001/20220921_090000.WAV,Telephone Field,recover-20220922,001,1795
1397.4805,1397.4893,28906,38543,Eptesicus serotinus,0.008,0.022,-1,Echolocation,/mnt/ubna_data_02_mir/recover-20220922/UBNA_001/20220921_090000.WAV,Telephone Field,recover-20220922,001,1795
1397.4815,1397.5202,68437,81782,Rhinolophus ferrumequinum,0.024,0.024,-1,Echolocation,/mnt/ubna_data_02_mir/recover-20220922/UBNA_001/20220921_090000.WAV,Telephone Field,recover-20220922,001,1795
1397.4885,1397.5274,68437,81820,Rhinolophus ferrumequinum,0.022,0.022,-1,Echolocation,/mnt/ubna_data_02_mir/recover-20220922/UBNA_001/20220921_090000.WAV,Telephone Field,recover-20220922,001,1795
1397.5125,1397.5521,68437,82670,Rhinolophus ferrumequinum,0.024,0.024,-1,Echolocation,/mnt/ubna_data_02_mir/recover-20220922/UBNA_001/20220921_090000.WAV,Telephone Field,recover-20220922,001,1795
1397.5215,1397.5611,68437,81897,Rhinolophus ferrumequinum,0.023,0.023,-1,Echolocation,/mnt/ubna_data_02_mir/recover-20220922/UBNA_001/20220921_090000.WAV,Telephone Field,recover-20220922,001,1795
1397.5245,1397.5369,22031,26536,Nyctalus leisleri,0.019,0.037,-1,Echolocation,/mnt/ubna_data_02_mir/recover-20220922/UBNA_001/20220921_090000.WAV,Telephone Field,recover-20220922,001,1795
1397.5365,1397.5569,18593,21097,Nyctalus noctula,0.013,0.026,-1,Echolocation,/mnt/ubna_data_02_mir/recover-20220922/UBNA_001/20220921_090000.WAV,Telephone Field,recover-20220922,001,1795
1397.5895,1397.5979,23750,31594,Plecotus austriacus,0.006,0.021,-1,Echolocation,/mnt/ubna_data_02_mir/recover-20220922/UBNA_001/20220921_090000.WAV,Telephone Field,recover-20220922,001,1795
1397.6065,1397.6442,68437,82358,Rhinolophus ferrumequinum,0.027,0.027,-1,Echolocation,/mnt/ubna_data_02_mir/recover-20220922/UBNA_001/20220921_090000.WAV,Telephone Field,recover-20220922,001,1795
1397.6075,1397.616,50390,56662,Pipistrellus pipistrellus,0.028,0.033,-1,Echolocation,/mnt/ubna_data_02_mir/recover-20220922/UBNA_001/20220921_090000.WAV,Telephone Field,recover-20220922,001,1795
1397.6285,1397.6663,68437,81635,Rhinolophus ferrumequinum,0.021,0.021,-1,Echolocation,/mnt/ubna_data_02_mir/recover-20220922/UBNA_001/20220921_090000.WAV,Telephone Field,recover-20220922,001,1795
1397.6355,1397.6432,23750,32741,Plecotus austriacus,0.01,0.022,-1,Echolocation,/mnt/ubna_data_02_mir/recover-20220922/UBNA_001/20220921_090000.WAV,Telephone Field,recover-20220922,001,1795
1397.6565,1397.6666,23750,29898,Nyctalus leisleri,0.008,0.021,-1,Echolocation,/mnt/ubna_data_02_mir/recover-20220922/UBNA_001/20220921_090000.WAV,Telephone Field,recover-20220922,001,1795
1397.6595,1397.7046,68437,83266,Rhinolophus ferrumequinum,0.056,0.056,-1,Echolocation,/mnt/ubna_data_02_mir/recover-20220922/UBNA_001/20220921_090000.WAV,Telephone Field,recover-20220922,001,1795
1397.6665,1397.677,24609,30401,Nyctalus leisleri,0.008,0.02,-1,Echolocation,/mnt/ubna_data_02_mir/recover-20220922/UBNA_001/20220921_090000.WAV,Telephone Field,recover-20220922,001,1795
1397.6965,1397.7363,68437,81592,Rhinolophus ferrumequinum,0.022,0.022,-1,Echolocation,/mnt/ubna_data_02_mir/recover-20220922/UBNA_001/20220921_090000.WAV,Telephone Field,recover-20220922,001,1795
1397.7035,1397.7418,68437,81214,Rhinolophus ferrumequinum,0.024,0.024,-1,Echolocation,/mnt/ubna_data_02_mir/recover-20220922/UBNA_001/20220921_090000.WAV,Telephone Field,recover-20220922,001,1795
1397.7495,1397.7897,68437,82054,Rhinolophus ferrumequinum,0.026,0.026,-1,Echolocation,/mnt/ubna_data_02_mir/recover-20220922/UBNA_001/20220921_090000.WAV,Telephone Field,recover-20220922,001,1795
1397.7745,1397.7868,22890,27398,Nyctalus leisleri,0.011,0.02,-1,Echolocation,/mnt/ubna_data_02_mir/recover-20220922/UBNA_001/20220921_090000.WAV,Telephone Field,recover-20220922,001,1795
1397.7855,1397.8215,68437,81921,Rhinolophus ferrumequinum,0.022,0.022,-1,Echolocation,/mnt/ubna_data_02_mir/recover-20220922/UBNA_001/20220921_090000.WAV,Telephone Field,recover-20220922,001,1795
1397.7915,1397.799,24609,32934,Plecotus austriacus,0.007,0.021,-1,Echolocation,/mnt/ubna_data_02_mir/recover-20220922/UBNA_001/20220921_090000.WAV,Telephone Field,recover-20220922,001,1795
1397.8285,1397.872,68437,82986,Rhinolophus ferrumequinum,0.044,0.044,-1,Echolocation,/mnt/ubna_data_02_mir/recover-20220922/UBNA_001/20220921_090000.WAV,Telephone Field,recover-20220922,001,1795
1397.8615,1397.9052,68437,82972,Rhinolophus ferrumequinum,0.025,0.025,-1,Echolocation,/mnt/ubna_data_02_mir/recover-20220922/UBNA_001/20220921_090000.WAV,Telephone Field,recover-20220922,001,1795
1397.8915,1397.9306,68437,81988,Rhinolophus ferrumequinum,0.021,0.021,-1,Echolocation,/mnt/ubna_data_02_mir/recover-20220922/UBNA_001/20220921_090000.WAV,Telephone Field,recover-20220922,001,1795
1397.9255,1397.9342,27187,35457,Eptesicus serotinus,0.01,0.022,-1,Echolocation,/mnt/ubna_data_02_mir/recover-20220922/UBNA_001/20220921_090000.WAV,Telephone Field,recover-20220922,001,1795
1397.9635,1397.9712,28046,37265,Eptesicus serotinus,0.006,0.02,-1,Echolocation,/mnt/ubna_data_02_mir/recover-20220922/UBNA_001/20220921_090000.WAV,Telephone Field,recover-20220922,001,1795
1398.0015,1398.0329,69296,81409,Rhinolophus ferrumequinum,0.028,0.028,-1,Echolocation,/mnt/ubna_data_02_mir/recover-20220922/UBNA_001/20220921_090000.WAV,Telephone Field,recover-20220922,001,1795
1398.0015,1398.0122,38359,43060,Pipistrellus nathusii,0.061,0.076,-1,Echolocation,/mnt/ubna_data_02_mir/recover-20220922/UBNA_001/20220921_090000.WAV,Telephone Field,recover-20220922,001,1795
1398.0015,1398.0135,27187,34944,Eptesicus serotinus,0.017,0.038,-1,Echolocation,/mnt/ubna_data_02_mir/recover-20220922/UBNA_001/20220921_090000.WAV,Telephone Field,recover-20220922,001,1795
1398.0015,1398.0158,20312,24424,Nyctalus leisleri,0.011,0.022,-1,Echolocation,/mnt/ubna_data_02_mir/recover-20220922/UBNA_001/20220921_090000.WAV,Telephone Field,recover-20220922,001,1795
1398.0015,1398.0102,48671,55211,Pipistrellus pipistrellus,0.016,0.021,-1,Echolocation,/mnt/ubna_data_02_mir/recover-20220922/UBNA_001/20220921_090000.WAV,Telephone Field,recover-20220922,001,1795
1398.0075,1398.0189,28906,35590,Eptesicus serotinus,0.023,0.04,-1,Echolocation,/mnt/ubna_data_02_mir/recover-20220922/UBNA_001/20220921_090000.WAV,Telephone Field,recover-20220922,001,1795
1398.0145,1398.0571,68437,83168,Rhinolophus ferrumequinum,0.024,0.024,-1,Echolocation,/mnt/ubna_data_02_mir/recover-20220922/UBNA_001/20220921_090000.WAV,Telephone Field,recover-20220922,001,1795
1398.0355,1398.0777,68437,82226,Rhinolophus ferrumequinum,0.025,0.025,-1,Echolocation,/mnt/ubna_data_02_mir/recover-20220922/UBNA_001/20220921_090000.WAV,Telephone Field,recover-20220922,001,1795
1398.0645,1398.1027,68437,81609,Rhinolophus ferrumequinum,0.021,0.021,-1,Echolocation,/mnt/ubna_data_02_mir/recover-20220922/UBNA_001/20220921_090000.WAV,Telephone Field,recover-20220922,001,1795
1398.0675,1398.0775,22890,28728,Nyctalus leisleri,0.009,0.022,-1,Echolocation,/mnt/ubna_data_02_mir/recover-20220922/UBNA_001/20220921_090000.WAV,Telephone Field,recover-20220922,001,1795
1398.0775,1398.1196,68437,82395,Rhinolophus ferrumequinum,0.025,0.025,-1,Echolocation,/mnt/ubna_data_02_mir/recover-20220922/UBNA_001/20220921_090000.WAV,Telephone Field,recover-20220922,001,1795
1398.1445,1398.1507,51250,56826,Pipistrellus pipistrellus,0.021,0.023,-1,Echolocation,/mnt/ubna_data_02_mir/recover-20220922/UBNA_001/20220921_090000.WAV,Telephone Field,recover-20220922,001,1795
1398.2035,1398.2413999999999,68437,81279,Rhinolophus ferrumequinum,0.021,0.021,-1,Echolocation,/mnt/ubna_data_02_mir/recover-20220922/UBNA_001/20220921_090000.WAV,Telephone Field,recover-20220922,001,1795
1398.2515,1398.2607,28046,36833,Eptesicus serotinus,0.009,0.022,-1,Echolocation,/mnt/ubna_data_02_mir/recover-20220922/UBNA_001/20220921_090000.WAV,Telephone Field,recover-20220922,001,1795
1398.2635,1398.3023,68437,82321,Rhinolophus ferrumequinum,0.023,0.023,-1,Echolocation,/mnt/ubna_data_02_mir/recover-20220922/UBNA_001/20220921_090000.WAV,Telephone Field,recover-20220922,001,1795
1398.2805,1398.2911,14296,18388,Nyctalus noctula,0.021,0.041,-1,Echolocation,/mnt/ubna_data_02_mir/recover-20220922/UBNA_001/20220921_090000.WAV,Telephone Field,recover-20220922,001,1795
1398.3005,1398.3073,27187,40251,Eptesicus serotinus,0.006,0.024,-1,Echolocation,/mnt/ubna_data_02_mir/recover-20220922/UBNA_001/20220921_090000.WAV,Telephone Field,recover-20220922,001,1795
1398.3305,1398.3711,68437,83004,Rhinolophus ferrumequinum,0.039,0.039,-1,Echolocation,/mnt/ubna_data_02_mir/recover-20220922/UBNA_001/20220921_090000.WAV,Telephone Field,recover-20220922,001,1795
1398.3375,1398.3483,23750,29069,Nyctalus leisleri,0.013,0.026,-1,Echolocation,/mnt/ubna_data_02_mir/recover-20220922/UBNA_001/20220921_090000.WAV,Telephone Field,recover-20220922,001,1795
1398.3875,1398.4245,68437,81948,Rhinolophus ferrumequinum,0.034,0.034,-1,Echolocation,/mnt/ubna_data_02_mir/recover-20220922/UBNA_001/20220921_090000.WAV,Telephone Field,recover-20220922,001,1795
1398.3905,1398.4003,43515,51281,Pipistrellus pipistrellus,0.009,0.027,-1,Echolocation,/mnt/ubna_data_02_mir/recover-20220922/UBNA_001/20220921_090000.WAV,Telephone Field,recover-20220922,001,1795
1398.4055,1398.4164,23750,30321,Nyctalus leisleri,0.008,0.021,-1,Echolocation,/mnt/ubna_data_02_mir/recover-20220922/UBNA_001/20220921_090000.WAV,Telephone Field,recover-20220922,001,1795
1398.4205,1398.4277,27187,35632,Eptesicus serotinus,0.007,0.024,-1,Echolocation,/mnt/ubna_data_02_mir/recover-20220922/UBNA_001/20220921_090000.WAV,Telephone Field,recover-20220922,001,1795
1398.4445,1398.485,68437,82759,Rhinolophus ferrumequinum,0.024,0.024,-1,Echolocation,/mnt/ubna_data_02_mir/recover-20220922/UBNA_001/20220921_090000.WAV,Telephone Field,recover-20220922,001,1795
1398.4475,1398.4581,28046,36261,Eptesicus serotinus,0.016,0.03,-1,Echolocation,/mnt/ubna_data_02_mir/recover-20220922/UBNA_001/20220921_090000.WAV,Telephone Field,recover-20220922,001,1795
1398.5585,1398.6017,68437,82698,Rhinolophus ferrumequinum,0.031,0.031,-1,Echolocation,/mnt/ubna_data_02_mir/recover-20220922/UBNA_001/20220921_090000.WAV,Telephone Field,recover-20220922,001,1795
1398.5605,1398.5688,27187,37728,Eptesicus serotinus,0.007,0.021,-1,Echolocation,/mnt/ubna_data_02_mir/recover-20220922/UBNA_001/20220921_090000.WAV,Telephone Field,recover-20220922,001,1795
1398.5835,1398.6223,68437,82021,Rhinolophus ferrumequinum,0.022,0.022,-1,Echolocation,/mnt/ubna_data_02_mir/recover-20220922/UBNA_001/20220921_090000.WAV,Telephone Field,recover-20220922,001,1795
1398.5845,1398.5927,23750,32450,Plecotus austriacus,0.011,0.033,-1,Echolocation,/mnt/ubna_data_02_mir/recover-20220922/UBNA_001/20220921_090000.WAV,Telephone Field,recover-20220922,001,1795
1398.6125,1398.6181,28906,38942,Myotis daubentonii,0.011,0.046,-1,Echolocation,/mnt/ubna_data_02_mir/recover-20220922/UBNA_001/20220921_090000.WAV,Telephone Field,recover-20220922,001,1795
1398.6225,1398.6654,68437,82090,Rhinolophus ferrumequinum,0.044,0.044,-1,Echolocation,/mnt/ubna_data_02_mir/recover-20220922/UBNA_001/20220921_090000.WAV,Telephone Field,recover-20220922,001,1795
1398.6695,1398.6761,28046,45903,Eptesicus serotinus,0.007,0.026,-1,Echolocation,/mnt/ubna_data_02_mir/recover-20220922/UBNA_001/20220921_090000.WAV,Telephone Field,recover-20220922,001,1795
1398.6915,1398.7286,68437,81866,Rhinolophus ferrumequinum,0.024,0.024,-1,Echolocation,/mnt/ubna_data_02_mir/recover-20220922/UBNA_001/20220921_090000.WAV,Telephone Field,recover-20220922,001,1795
1398.7595,1398.7658,45234,50626,Pipistrellus pipistrellus,0.035,0.038,-1,Echolocation,/mnt/ubna_data_02_mir/recover-20220922/UBNA_001/20220921_090000.WAV,Telephone Field,recover-20220922,001,1795
1398.7605,1398.7665,37500,55273,Myotis daubentonii,0.009,0.027,-1,Echolocation,/mnt/ubna_data_02_mir/recover-20220922/UBNA_001/20220921_090000.WAV,Telephone Field,recover-20220922,001,1795
1398.7645,1398.8034,68437,82037,Rhinolophus ferrumequinum,0.025,0.026,-1,Echolocation,/mnt/ubna_data_02_mir/recover-20220922/UBNA_001/20220921_090000.WAV,Telephone Field,recover-20220922,001,1795
1398.7775,1398.7867,24609,31635,Nyctalus leisleri,0.007,0.023,-1,Echolocation,/mnt/ubna_data_02_mir/recover-20220922/UBNA_001/20220921_090000.WAV,Telephone Field,recover-20220922,001,1795
1398.8135,1398.8536,68437,82233,Rhinolophus ferrumequinum,0.025,0.025,-1,Echolocation,/mnt/ubna_data_02_mir/recover-20220922/UBNA_001/20220921_090000.WAV,Telephone Field,recover-20220922,001,1795
1398.8355,1398.8434,37500,44744,Myotis daubentonii,0.008,0.022,-1,Echolocation,/mnt/ubna_data_02_mir/recover-20220922/UBNA_001/20220921_090000.WAV,Telephone Field,recover-20220922,001,1795
1398.8715,1398.8817,44375,49173,Pipistrellus pipistrellus,0.023,0.025,-1,Echolocation,/mnt/ubna_data_02_mir/recover-20220922/UBNA_001/20220921_090000.WAV,Telephone Field,recover-20220922,001,1795
1398.9085,1398.9481,68437,82292,Rhinolophus ferrumequinum,0.025,0.025,-1,Echolocation,/mnt/ubna_data_02_mir/recover-20220922/UBNA_001/20220921_090000.WAV,Telephone Field,recover-20220922,001,1795
1398.9355,1398.9421,28046,41391,Eptesicus serotinus,0.009,0.031,-1,Echolocation,/mnt/ubna_data_02_mir/recover-20220922/UBNA_001/20220921_090000.WAV,Telephone Field,recover-20220922,001,1795
1398.9465,1398.9789,68437,80931,Rhinolophus ferrumequinum,0.023,0.023,-1,Echolocation,/mnt/ubna_data_02_mir/recover-20220922/UBNA_001/20220921_090000.WAV,Telephone Field,recover-20220922,001,1795
1398.9545,1398.9908,68437,81686,Rhinolophus ferrumequinum,0.021,0.021,-1,Echolocation,/mnt/ubna_data_02_mir/recover-20220922/UBNA_001/20220921_090000.WAV,Telephone Field,recover-20220922,001,1795
1399.0055,1399.0459,68437,82269,Rhinolophus ferrumequinum,0.025,0.025,-1,Echolocation,/mnt/ubna_data_02_mir/recover-20220922/UBNA_001/20220921_090000.WAV,Telephone Field,recover-20220922,001,1795
1399.0395,1399.0462,26328,36086,Eptesicus serotinus,0.007,0.028,-1,Echolocation,/mnt/ubna_data_02_mir/recover-20220922/UBNA_001/20220921_090000.WAV,Telephone Field,recover-20220922,001,1795
1399.0595,1399.0695,43515,47518,Pipistrellus pipistrellus,0.028,0.031,-1,Echolocation,/mnt/ubna_data_02_mir/recover-20220922/UBNA_001/20220921_090000.WAV,Telephone Field,recover-20220922,001,1795
1399.0615,1399.0696,25468,33249,Eptesicus serotinus,0.008,0.022,-1,Echolocation,/mnt/ubna_data_02_mir/recover-20220922/UBNA_001/20220921_090000.WAV,Telephone Field,recover-20220922,001,1795
1399.0665,1399.0755,28046,36199,Eptesicus serotinus,0.01,0.023,-1,Echolocation,/mnt/ubna_data_02_mir/recover-20220922/UBNA_001/20220921_090000.WAV,Telephone Field,recover-20220922,001,1795
1399.0715,1399.113,68437,83395,Rhinolophus ferrumequinum,0.031,0.031,-1,Echolocation,/mnt/ubna_data_02_mir/recover-20220922/UBNA_001/20220921_090000.WAV,Telephone Field,recover-20220922,001,1795
1399.0955,1399.1355,68437,82000,Rhinolophus ferrumequinum,0.023,0.023,-1,Echolocation,/mnt/ubna_data_02_mir/recover-20220922/UBNA_001/20220921_090000.WAV,Telephone Field,recover-20220922,001,1795
1399.1265,1399.1668,68437,82894,Rhinolophus ferrumequinum,0.025,0.025,-1,Echolocation,/mnt/ubna_data_02_mir/recover-20220922/UBNA_001/20220921_090000.WAV,Telephone Field,recover-20220922,001,1795
1399.1495,1399.1598,27187,34668,Eptesicus serotinus,0.021,0.037,-1,Echolocation,/mnt/ubna_data_02_mir/recover-20220922/UBNA_001/20220921_090000.WAV,Telephone Field,recover-20220922,001,1795
1399.1505,1399.1924,68437,82051,Rhinolophus ferrumequinum,0.022,0.022,-1,Echolocation,/mnt/ubna_data_02_mir/recover-20220922/UBNA_001/20220921_090000.WAV,Telephone Field,recover-20220922,001,1795
1399.1845,1399.2226,68437,81682,Rhinolophus ferrumequinum,0.023,0.023,-1,Echolocation,/mnt/ubna_data_02_mir/recover-20220922/UBNA_001/20220921_090000.WAV,Telephone Field,recover-20220922,001,1795
1399.1915,1399.227,68437,81368,Rhinolophus ferrumequinum,0.021,0.021,-1,Echolocation,/mnt/ubna_data_02_mir/recover-20220922/UBNA_001/20220921_090000.WAV,Telephone Field,recover-20220922,001,1795
1399.2095,1399.2181,28906,37080,Eptesicus serotinus,0.007,0.022,-1,Echolocation,/mnt/ubna_data_02_mir/recover-20220922/UBNA_001/20220921_090000.WAV,Telephone Field,recover-20220922,001,1795
1399.2225,1399.2663,68437,83026,Rhinolophus ferrumequinum,0.037,0.037,-1,Echolocation,/mnt/ubna_data_02_mir/recover-20220922/UBNA_001/20220921_090000.WAV,Telephone Field,recover-20220922,001,1795
1399.2375,1399.2451,26328,35314,Eptesicus serotinus,0.01,0.027,-1,Echolocation,/mnt/ubna_data_02_mir/recover-20220922/UBNA_001/20220921_090000.WAV,Telephone Field,recover-20220922,001,1795
1399.2935,1399.3012,25468,34082,Eptesicus serotinus,0.01,0.033,-1,Echolocation,/mnt/ubna_data_02_mir/recover-20220922/UBNA_001/20220921_090000.WAV,Telephone Field,recover-20220922,001,1795
1399.3355,1399.3446,28046,36952,Eptesicus serotinus,0.007,0.021,-1,Echolocation,/mnt/ubna_data_02_mir/recover-20220922/UBNA_001/20220921_090000.WAV,Telephone Field,recover-20220922,001,1795
1399.3535,1399.3982,68437,83698,Rhinolophus ferrumequinum,0.041,0.041,-1,Echolocation,/mnt/ubna_data_02_mir/recover-20220922/UBNA_001/20220921_090000.WAV,Telephone Field,recover-20220922,001,1795
1399.3635,1399.3695,27187,40477,Plecotus auritus,0.011,0.044,-1,Echolocation,/mnt/ubna_data_02_mir/recover-20220922/UBNA_001/20220921_090000.WAV,Telephone Field,recover-20220922,001,1795
1399.4165,1399.4293,37500,42257,Pipistrellus nathusii,0.011,0.026,-1,Echolocation,/mnt/ubna_data_02_mir/recover-20220922/UBNA_001/20220921_090000.WAV,Telephone Field,recover-20220922,001,1795
1399.4265,1399.4668,68437,82127,Rhinolophus ferrumequinum,0.023,0.023,-1,Echolocation,/mnt/ubna_data_02_mir/recover-20220922/UBNA_001/20220921_090000.WAV,Telephone Field,recover-20220922,001,1795
1399.4515,1399.462,24609,30722,Nyctalus leisleri,0.009,0.023,-1,Echolocation,/mnt/ubna_data_02_mir/recover-20220922/UBNA_001/20220921_090000.WAV,Telephone Field,recover-20220922,001,1795
1399.4565,1399.4967,68437,82554,Rhinolophus ferrumequinum,0.027,0.027,-1,Echolocation,/mnt/ubna_data_02_mir/recover-20220922/UBNA_001/20220921_090000.WAV,Telephone Field,recover-20220922,001,1795
1399.4625,1399.5023,68437,82256,Rhinolophus ferrumequinum,0.024,0.024,-1,Echolocation,/mnt/ubna_data_02_mir/recover-20220922/UBNA_001/20220921_090000.WAV,Telephone Field,recover-20220922,001,1795
1399.5015,1399.5089,50390,55973,Pipistrellus pipistrellus,0.024,0.026,-1,Echolocation,/mnt/ubna_data_02_mir/recover-20220922/UBNA_001/20220921_090000.WAV,Telephone Field,recover-20220922,001,1795
1399.5095,1399.518,25468,33414,Eptesicus serotinus,0.009,0.022,-1,Echolocation,/mnt/ubna_data_02_mir/recover-20220922/UBNA_001/20220921_090000.WAV,Telephone Field,recover-20220922,001,1795
1399.5435,1399.5545,23750,30073,Nyctalus leisleri,0.01,0.026,-1,Echolocation,/mnt/ubna_data_02_mir/recover-20220922/UBNA_001/20220921_090000.WAV,Telephone Field,recover-20220922,001,1795
1399.5625,1399.6033,68437,82517,Rhinolophus ferrumequinum,0.024,0.024,-1,Echolocation,/mnt/ubna_data_02_mir/recover-20220922/UBNA_001/20220921_090000.WAV,Telephone Field,recover-20220922,001,1795
1399.5655,1399.5725,37500,49040,Myotis daubentonii,0.009,0.022,-1,Echolocation,/mnt/ubna_data_02_mir/recover-20220922/UBNA_001/20220921_090000.WAV,Telephone Field,recover-20220922,001,1795
1399.5905,1399.63,68437,82570,Rhinolophus ferrumequinum,0.024,0.024,-1,Echolocation,/mnt/ubna_data_02_mir/recover-20220922/UBNA_001/20220921_090000.WAV,Telephone Field,recover-20220922,001,1795
1399.6355,1399.674,68437,82111,Rhinolophus ferrumequinum,0.022,0.022,-1,Echolocation,/mnt/ubna_data_02_mir/recover-20220922/UBNA_001/20220921_090000.WAV,Telephone Field,recover-20220922,001,1795
1399.6785,1399.7185,68437,82441,Rhinolophus ferrumequinum,0.022,0.022,-1,Echolocation,/mnt/ubna_data_02_mir/recover-20220922/UBNA_001/20220921_090000.WAV,Telephone Field,recover-20220922,001,1795
1399.7205,1399.7298,28046,38454,Eptesicus serotinus,0.01,0.024,-1,Echolocation,/mnt/ubna_data_02_mir/recover-20220922/UBNA_001/20220921_090000.WAV,Telephone Field,recover-20220922,001,1795
1399.7325,1399.7412,28906,36747,Eptesicus serotinus,0.009,0.024,-1,Echolocation,/mnt/ubna_data_02_mir/recover-20220922/UBNA_001/20220921_090000.WAV,Telephone Field,recover-20220922,001,1795
1399.7385,1399.7721,68437,80739,Rhinolophus ferrumequinum,0.021,0.021,-1,Echolocation,/mnt/ubna_data_02_mir/recover-20220922/UBNA_001/20220921_090000.WAV,Telephone Field,recover-20220922,001,1795
1399.7465,1399.7809,68437,80080,Rhinolophus ferrumequinum,0.021,0.022,-1,Echolocation,/mnt/ubna_data_02_mir/recover-20220922/UBNA_001/20220921_090000.WAV,Telephone Field,recover-20220922,001,1795
1399.7595,1399.799,68437,82334,Rhinolophus ferrumequinum,0.029,0.029,-1,Echolocation,/mnt/ubna_data_02_mir/recover-20220922/UBNA_001/20220921_090000.WAV,Telephone Field,recover-20220922,001,1795
1399.7615,1399.7715,25468,33389,Eptesicus serotinus,0.009,0.026,-1,Echolocation,/mnt/ubna_data_02_mir/recover-20220922/UBNA_001/20220921_090000.WAV,Telephone Field,recover-20220922,001,1795
1399.7855,1399.7933,26328,37649,Eptesicus serotinus,0.007,0.022,-1,Echolocation,/mnt/ubna_data_02_mir/recover-20220922/UBNA_001/20220921_090000.WAV,Telephone Field,recover-20220922,001,1795
1399.7855,1399.827,68437,82490,Rhinolophus ferrumequinum,0.021,0.021,-1,Echolocation,/mnt/ubna_data_02_mir/recover-20220922/UBNA_001/20220921_090000.WAV,Telephone Field,recover-20220922,001,1795
1399.8045,1399.8428,68437,81462,Rhinolophus ferrumequinum,0.022,0.022,-1,Echolocation,/mnt/ubna_data_02_mir/recover-20220922/UBNA_001/20220921_090000.WAV,Telephone Field,recover-20220922,001,1795
1399.8235,1399.8615,68437,82152,Rhinolophus ferrumequinum,0.022,0.022,-1,Echolocation,/mnt/ubna_data_02_mir/recover-20220922/UBNA_001/20220921_090000.WAV,Telephone Field,recover-20220922,001,1795
1399.8395,1399.8767,68437,81936,Rhinolophus ferrumequinum,0.021,0.021,-1,Echolocation,/mnt/ubna_data_02_mir/recover-20220922/UBNA_001/20220921_090000.WAV,Telephone Field,recover-20220922,001,1795
1399.8405,1399.8497,48671,53069,Pipistrellus pipistrellus,0.021,0.024,-1,Echolocation,/mnt/ubna_data_02_mir/recover-20220922/UBNA_001/20220921_090000.WAV,Telephone Field,recover-20220922,001,1795
1399.8595,1399.8702,25468,32680,Eptesicus serotinus,0.011,0.026,-1,Echolocation,/mnt/ubna_data_02_mir/recover-20220922/UBNA_001/20220921_090000.WAV,Telephone Field,recover-20220922,001,1795
1399.8595,1399.8943,68437,81713,Rhinolophus ferrumequinum,0.021,0.021,-1,Echolocation,/mnt/ubna_data_02_mir/recover-20220922/UBNA_001/20220921_090000.WAV,Telephone Field,recover-20220922,001,1795
1399.8735,1399.8799,28046,45571,Eptesicus serotinus,0.01,0.037,-1,Echolocation,/mnt/ubna_data_02_mir/recover-20220922/UBNA_001/20220921_090000.WAV,Telephone Field,recover-20220922,001,1795
1399.8865,1399.9243,68437,81770,Rhinolophus ferrumequinum,0.022,0.022,-1,Echolocation,/mnt/ubna_data_02_mir/recover-20220922/UBNA_001/20220921_090000.WAV,Telephone Field,recover-20220922,001,1795
1399.9235,1399.9307,28046,38778,Eptesicus serotinus,0.006,0.022,-1,Echolocation,/mnt/ubna_data_02_mir/recover-20220922/UBNA_001/20220921_090000.WAV,Telephone Field,recover-20220922,001,1795
1399.9475,1399.9551,26328,35345,Eptesicus serotinus,0.008,0.024,-1,Echolocation,/mnt/ubna_data_02_mir/recover-20220922/UBNA_001/20220921_090000.WAV,Telephone Field,recover-20220922,001,1795
1399.9765,1399.9839,27187,38433,Eptesicus serotinus,0.007,0.022,-1,Echolocation,/mnt/ubna_data_02_mir/recover-20220922/UBNA_001/20220921_090000.WAV,Telephone Field,recover-20220922,001,1795
1400.0015,1400.0327,68437,79380,Rhinolophus ferrumequinum,0.021,0.022,-1,Echolocation,/mnt/ubna_data_02_mir/recover-20220922/UBNA_001/20220921_090000.WAV,Telephone Field,recover-20220922,001,1795
1400.0015,1400.0115,23750,29695,Nyctalus leisleri,0.015,0.033,-1,Echolocation,/mnt/ubna_data_02_mir/recover-20220922/UBNA_001/20220921_090000.WAV,Telephone Field,recover-20220922,001,1795
1400.0105,1400.0498,68437,81783,Rhinolophus ferrumequinum,0.022,0.022,-1,Echolocation,/mnt/ubna_data_02_mir/recover-20220922/UBNA_001/20220921_090000.WAV,Telephone Field,recover-20220922,001,1795
1400.0145,1400.0201,26328,40565,Plecotus austriacus,0.008,0.033,-1,Echolocation,/mnt/ubna_data_02_mir/recover-20220922/UBNA_001/20220921_090000.WAV,Telephone Field,recover-20220922,001,1795
1400.0435,1400.053,25468,32555,Eptesicus serotinus,0.01,0.028,-1,Echolocation,/mnt/ubna_data_02_mir/recover-20220922/UBNA_001/20220921_090000.WAV,Telephone Field,recover-20220922,001,1795
1400.0555,1400.0628,45234,51965,Pipistrellus pipistrellus,0.02,0.023,-1,Echolocation,/mnt/ubna_data_02_mir/recover-20220922/UBNA_001/20220921_090000.WAV,Telephone Field,recover-20220922,001,1795
1400.0555,1400.0945,68437,82026,Rhinolophus ferrumequinum,0.021,0.021,-1,Echolocation,/mnt/ubna_data_02_mir/recover-20220922/UBNA_001/20220921_090000.WAV,Telephone Field,recover-20220922,001,1795
1400.0835,1400.1231,68437,82471,Rhinolophus ferrumequinum,0.026,0.026,-1,Echolocation,/mnt/ubna_data_02_mir/recover-20220922/UBNA_001/20220921_090000.WAV,Telephone Field,recover-20220922,001,1795
1400.1265,1400.1666,68437,82546,Rhinolophus ferrumequinum,0.024,0.024,-1,Echolocation,/mnt/ubna_data_02_mir/recover-20220922/UBNA_001/20220921_090000.WAV,Telephone Field,recover-20220922,001,1795
1400.1305,1400.1411,28046,35250,Eptesicus serotinus,0.011,0.023,-1,Echolocation,/mnt/ubna_data_02_mir/recover-20220922/UBNA_001/20220921_090000.WAV,Telephone Field,recover-20220922,001,1795
1400.1645,1400.204,68437,81819,Rhinolophus ferrumequinum,0.021,0.021,-1,Echolocation,/mnt/ubna_data_02_mir/recover-20220922/UBNA_001/20220921_090000.WAV,Telephone Field,recover-20220922,001,1795
1400.1965,1400.2342,68437,81836,Rhinolophus ferrumequinum,0.021,0.021,-1,Echolocation,/mnt/ubna_data_02_mir/recover-20220922/UBNA_001/20220921_090000.WAV,Telephone Field,recover-20220922,001,1795
1400.2065,1400.2443,68437,81572,Rhinolophus ferrumequinum,0.022,0.022,-1,Echolocation,/mnt/ubna_data_02_mir/recover-20220922/UBNA_001/20220921_090000.WAV,Telephone Field,recover-20220922,001,1795
1400.2445,1400.2874,68437,83108,Rhinolophus ferrumequinum,0.028,0.028,-1,Echolocation,/mnt/ubna_data_02_mir/recover-20220922/UBNA_001/20220921_090000.WAV,Telephone Field,recover-20220922,001,1795
1400.2485,1400.2582,25468,32003,Nyctalus leisleri,0.01,0.029,-1,Echolocation,/mnt/ubna_data_02_mir/recover-20220922/UBNA_001/20220921_090000.WAV,Telephone Field,recover-20220922,001,1795
1400.2855,1400.327,68437,82556,Rhinolophus ferrumequinum,0.039,0.039,-1,Echolocation,/mnt/ubna_data_02_mir/recover-20220922/UBNA_001/20220921_090000.WAV,Telephone Field,recover-20220922,001,1795
1400.3115,1400.322,28046,36773,Eptesicus serotinus,0.014,0.027,-1,Echolocation,/mnt/ubna_data_02_mir/recover-20220922/UBNA_001/20220921_090000.WAV,Telephone Field,recover-20220922,001,1795
1400.3145,1400.3518,68437,81982,Rhinolophus ferrumequinum,0.027,0.027,-1,Echolocation,/mnt/ubna_data_02_mir/recover-20220922/UBNA_001/20220921_090000.WAV,Telephone Field,recover-20220922,001,1795
1400.3375,1400.3744,68437,82045,Rhinolophus ferrumequinum,0.022,0.022,-1,Echolocation,/mnt/ubna_data_02_mir/recover-20220922/UBNA_001/20220921_090000.WAV,Telephone Field,recover-20220922,001,1795
1400.3575,1400.3952,68437,81595,Rhinolophus ferrumequinum,0.022,0.022,-1,Echolocation,/mnt/ubna_data_02_mir/recover-20220922/UBNA_001/20220921_090000.WAV,Telephone Field,recover-20220922,001,1795
1400.3605,1400.3719,43515,48160,Pipistrellus pipistrellus,0.035,0.04,-1,Echolocation,/mnt/ubna_data_02_mir/recover-20220922/UBNA_001/20220921_090000.WAV,Telephone Field,recover-20220922,001,1795
1400.3675,1400.3754,15156,27189,Plecotus auritus,0.028,0.046,-1,Echolocation,/mnt/ubna_data_02_mir/recover-20220922/UBNA_001/20220921_090000.WAV,Telephone Field,recover-20220922,001,1795
1400.4005,1400.4079,25468,33850,Plecotus austriacus,0.006,0.022,-1,Echolocation,/mnt/ubna_data_02_mir/recover-20220922/UBNA_001/20220921_090000.WAV,Telephone Field,recover-20220922,001,1795
1400.4415,1400.4824,68437,82406,Rhinolophus ferrumequinum,0.021,0.022,-1,Echolocation,/mnt/ubna_data_02_mir/recover-20220922/UBNA_001/20220921_090000.WAV,Telephone Field,recover-20220922,001,1795
1400.4475,1400.4861,68437,82068,Rhinolophus ferrumequinum,0.022,0.022,-1,Echolocation,/mnt/ubna_data_02_mir/recover-20220922/UBNA_001/20220921_090000.WAV,Telephone Field,recover-20220922,001,1795
1400.4535,1400.463,43515,47494,Pipistrellus pipistrellus,0.024,0.027,-1,Echolocation,/mnt/ubna_data_02_mir/recover-20220922/UBNA_001/20220921_090000.WAV,Telephone Field,recover-20220922,001,1795
1400.4535,1400.4609,28906,37659,Eptesicus serotinus,0.008,0.024,-1,Echolocation,/mnt/ubna_data_02_mir/recover-20220922/UBNA_001/20220921_090000.WAV,Telephone Field,recover-20220922,001,1795
1400.4635,1400.5003,68437,82021,Rhinolophus ferrumequinum,0.036,0.036,-1,Echolocation,/mnt/ubna_data_02_mir/recover-20220922/UBNA_001/20220921_090000.WAV,Telephone Field,recover-20220922,001,1795
1400.5085,1400.5493,68437,82625,Rhinolophus ferrumequinum,0.024,0.024,-1,Echolocation,/mnt/ubna_data_02_mir/recover-20220922/UBNA_001/20220921_090000.WAV,Telephone Field,recover-20220922,001,1795
1400.5275,1400.5395,36640,41363,Pipistrellus nathusii,0.062,0.084,-1,Echolocation,/mnt/ubna_data_02_mir/recover-20220922/UBNA_001/20220921_090000.WAV,Telephone Field,recover-20220922,001,1795
1400.5335,1400.5421,28046,36614,Eptesicus serotinus,0.007,0.021,-1,Echolocation,/mnt/ubna_data_02_mir/recover-20220922/UBNA_001/20220921_090000.WAV,Telephone Field,recover-20220922,001,1795
1400.5375,1400.5709,68437,79922,Rhinolophus ferrumequinum,0.022,0.022,-1,Echolocation,/mnt/ubna_data_02_mir/recover-20220922/UBNA_001/20220921_090000.WAV,Telephone Field,recover-20220922,001,1795
1400.5745,1400.5809,24609,33842,Plecotus austriacus,0.009,0.024,-1,Echolocation,/mnt/ubna_data_02_mir/recover-20220922/UBNA_001/20220921_090000.WAV,Telephone Field,recover-20220922,001,1795
1400.5945,1400.6347,68437,82812,Rhinolophus ferrumequinum,0.023,0.023,-1,Echolocation,/mnt/ubna_data_02_mir/recover-20220922/UBNA_001/20220921_090000.WAV,Telephone Field,recover-20220922,001,1795
1400.6105,1400.6473,68437,81199,Rhinolophus ferrumequinum,0.022,0.023,-1,Echolocation,/mnt/ubna_data_02_mir/recover-20220922/UBNA_001/20220921_090000.WAV,Telephone Field,recover-20220922,001,1795
1400.6105,1400.6199,22890,29297,Nyctalus leisleri,0.008,0.021,-1,Echolocation,/mnt/ubna_data_02_mir/recover-20220922/UBNA_001/20220921_090000.WAV,Telephone Field,recover-20220922,001,1795
1400.6225,1400.6567,68437,80786,Rhinolophus ferrumequinum,0.021,0.021,-1,Echolocation,/mnt/ubna_data_02_mir/recover-20220922/UBNA_001/20220921_090000.WAV,Telephone Field,recover-20220922,001,1795
1400.6435,1400.6526,50390,54604,Pipistrellus pipistrellus,0.02,0.025,-1,Echolocation,/mnt/ubna_data_02_mir/recover-20220922/UBNA_001/20220921_090000.WAV,Telephone Field,recover-20220922,001,1795
1400.6455,1400.682,68437,81719,Rhinolophus ferrumequinum,0.024,0.024,-1,Echolocation,/mnt/ubna_data_02_mir/recover-20220922/UBNA_001/20220921_090000.WAV,Telephone Field,recover-20220922,001,1795
1400.6765,1400.7182,68437,82707,Rhinolophus ferrumequinum,0.046,0.046,-1,Echolocation,/mnt/ubna_data_02_mir/recover-20220922/UBNA_001/20220921_090000.WAV,Telephone Field,recover-20220922,001,1795
1400.6915,1400.7029,22031,26673,Nyctalus leisleri,0.011,0.021,-1,Echolocation,/mnt/ubna_data_02_mir/recover-20220922/UBNA_001/20220921_090000.WAV,Telephone Field,recover-20220922,001,1795
1400.6975,1400.7339,68437,81874,Rhinolophus ferrumequinum,0.025,0.025,-1,Echolocation,/mnt/ubna_data_02_mir/recover-20220922/UBNA_001/20220921_090000.WAV,Telephone Field,recover-20220922,001,1795
1400.7315,1400.7725,68437,82550,Rhinolophus ferrumequinum,0.022,0.022,-1,Echolocation,/mnt/ubna_data_02_mir/recover-20220922/UBNA_001/20220921_090000.WAV,Telephone Field,recover-20220922,001,1795
1400.7415,1400.751,27187,35920,Eptesicus serotinus,0.017,0.034,-1,Echolocation,/mnt/ubna_data_02_mir/recover-20220922/UBNA_001/20220921_090000.WAV,Telephone Field,recover-20220922,001,1795
1400.7805,1400.8209,68437,82216,Rhinolophus ferrumequinum,0.021,0.021,-1,Echolocation,/mnt/ubna_data_02_mir/recover-20220922/UBNA_001/20220921_090000.WAV,Telephone Field,recover-20220922,001,1795
1400.7915,1400.8321,68437,82634,Rhinolophus ferrumequinum,0.023,0.023,-1,Echolocation,/mnt/ubna_data_02_mir/recover-20220922/UBNA_001/20220921_090000.WAV,Telephone Field,recover-20220922,001,1795
1400.8065,1400.8459,68437,81854,Rhinolophus ferrumequinum,0.022,0.022,-1,Echolocation,/mnt/ubna_data_02_mir/recover-20220922/UBNA_001/20220921_090000.WAV,Telephone Field,recover-20220922,001,1795
1400.8115,1400.8188,34062,43630,Myotis daubentonii,0.009,0.025,-1,Echolocation,/mnt/ubna_data_02_mir/recover-20220922/UBNA_001/20220921_090000.WAV,Telephone Field,recover-20220922,001,1795
1400.8525,1400.8632,22890,28849,Nyctalus leisleri,0.011,0.026,-1,Echolocation,/mnt/ubna_data_02_mir/recover-20220922/UBNA_001/20220921_090000.WAV,Telephone Field,recover-20220922,001,1795
1400.8865,1400.8949,28906,40520,Eptesicus serotinus,0.008,0.023,-1,Echolocation,/mnt/ubna_data_02_mir/recover-20220922/UBNA_001/20220921_090000.WAV,Telephone Field,recover-20220922,001,1795
1400.9055,1400.9441,68437,81943,Rhinolophus ferrumequinum,0.021,0.021,-1,Echolocation,/mnt/ubna_data_02_mir/recover-20220922/UBNA_001/20220921_090000.WAV,Telephone Field,recover-20220922,001,1795
1400.9155,1400.9519,68437,81863,Rhinolophus ferrumequinum,0.021,0.021,-1,Echolocation,/mnt/ubna_data_02_mir/recover-20220922/UBNA_001/20220921_090000.WAV,Telephone Field,recover-20220922,001,1795
1400.9245,1400.9631,68437,81840,Rhinolophus ferrumequinum,0.022,0.022,-1,Echolocation,/mnt/ubna_data_02_mir/recover-20220922/UBNA_001/20220921_090000.WAV,Telephone Field,recover-20220922,001,1795
1400.9675,1400.9773,22890,27723,Nyctalus leisleri,0.01,0.021,-1,Echolocation,/mnt/ubna_data_02_mir/recover-20220922/UBNA_001/20220921_090000.WAV,Telephone Field,recover-20220922,001,1795
1400.9785,1401.0207,68437,82788,Rhinolophus ferrumequinum,0.024,0.024,-1,Echolocation,/mnt/ubna_data_02_mir/recover-20220922/UBNA_001/20220921_090000.WAV,Telephone Field,recover-20220922,001,1795
1401.0555,1401.0977,68437,83023,Rhinolophus ferrumequinum,0.027,0.027,-1,Echolocation,/mnt/ubna_data_02_mir/recover-20220922/UBNA_001/20220921_090000.WAV,Telephone Field,recover-20220922,001,1795
1401.0715,1401.1115,68437,82401,Rhinolophus ferrumequinum,0.022,0.022,-1,Echolocation,/mnt/ubna_data_02_mir/recover-20220922/UBNA_001/20220921_090000.WAV,Telephone Field,recover-20220922,001,1795
1401.0715,1401.0784,28046,40620,Eptesicus serotinus,0.007,0.026,-1,Echolocation,/mnt/ubna_data_02_mir/recover-20220922/UBNA_001/20220921_090000.WAV,Telephone Field,recover-20220922,001,1795
1401.0995,1401.1379,68437,81318,Rhinolophus ferrumequinum,0.022,0.022,-1,Echolocation,/mnt/ubna_data_02_mir/recover-20220922/UBNA_001/20220921_090000.WAV,Telephone Field,recover-20220922,001,1795
1401.1075,1401.1465,68437,81767,Rhinolophus ferrumequinum,0.021,0.021,-1,Echolocation,/mnt/ubna_data_02_mir/recover-20220922/UBNA_001/20220921_090000.WAV,Telephone Field,recover-20220922,001,1795
1401.1205,1401.1306,28046,35115,Eptesicus serotinus,0.01,0.022,-1,Echolocation,/mnt/ubna_data_02_mir/recover-20220922/UBNA_001/20220921_090000.WAV,Telephone Field,recover-20220922,001,1795
1401.1635,1401.2013,68437,81823,Rhinolophus ferrumequinum,0.024,0.024,-1,Echolocation,/mnt/ubna_data_02_mir/recover-20220922/UBNA_001/20220921_090000.WAV,Telephone Field,recover-20220922,001,1795
1401.1715,1401.2055,68437,81048,Rhinolophus ferrumequinum,0.024,0.024,-1,Echolocation,/mnt/ubna_data_02_mir/recover-20220922/UBNA_001/20220921_090000.WAV,Telephone Field,recover-20220922,001,1795
1401.1855,1401.2222,68437,81361,Rhinolophus ferrumequinum,0.024,0.024,-1,Echolocation,/mnt/ubna_data_02_mir/recover-20220922/UBNA_001/20220921_090000.WAV,Telephone Field,recover-20220922,001,1795
1401.1945,1401.2032,25468,33405,Eptesicus serotinus,0.006,0.022,-1,Echolocation,/mnt/ubna_data_02_mir/recover-20220922/UBNA_001/20220921_090000.WAV,Telephone Field,recover-20220922,001,1795
1401.2445,1401.2522,28906,37497,Eptesicus serotinus,0.009,0.024,-1,Echolocation,/mnt/ubna_data_02_mir/recover-20220922/UBNA_001/20220921_090000.WAV,Telephone Field,recover-20220922,001,1795
1401.2705,1401.3109,68437,82207,Rhinolophus ferrumequinum,0.028,0.028,-1,Echolocation,/mnt/ubna_data_02_mir/recover-20220922/UBNA_001/20220921_090000.WAV,Telephone Field,recover-20220922,001,1795
1401.3105,1401.3222,22890,27489,Nyctalus leisleri,0.017,0.03,-1,Echolocation,/mnt/ubna_data_02_mir/recover-20220922/UBNA_001/20220921_090000.WAV,Telephone Field,recover-20220922,001,1795
1401.3275,1401.3377,30625,39577,Eptesicus serotinus,0.007,0.022,-1,Echolocation,/mnt/ubna_data_02_mir/recover-20220922/UBNA_001/20220921_090000.WAV,Telephone Field,recover-20220922,001,1795
1401.3285,1401.3641,68437,80785,Rhinolophus ferrumequinum,0.025,0.025,-1,Echolocation,/mnt/ubna_data_02_mir/recover-20220922/UBNA_001/20220921_090000.WAV,Telephone Field,recover-20220922,001,1795
1401.3475,1401.385,68437,81932,Rhinolophus ferrumequinum,0.021,0.021,-1,Echolocation,/mnt/ubna_data_02_mir/recover-20220922/UBNA_001/20220921_090000.WAV,Telephone Field,recover-20220922,001,1795
1401.3585,1401.3681,28906,37244,Eptesicus serotinus,0.008,0.021,-1,Echolocation,/mnt/ubna_data_02_mir/recover-20220922/UBNA_001/20220921_090000.WAV,Telephone Field,recover-20220922,001,1795
1401.3835,1401.4269,68437,83205,Rhinolophus ferrumequinum,0.036,0.036,-1,Echolocation,/mnt/ubna_data_02_mir/recover-20220922/UBNA_001/20220921_090000.WAV,Telephone Field,recover-20220922,001,1795
1401.4015,1401.4129,52968,57225,Pipistrellus pygmaeus,0.017,0.023,-1,Echolocation,/mnt/ubna_data_02_mir/recover-20220922/UBNA_001/20220921_090000.WAV,Telephone Field,recover-20220922,001,1795
1401.4285,1401.4677,68437,81868,Rhinolophus ferrumequinum,0.022,0.022,-1,Echolocation,/mnt/ubna_data_02_mir/recover-20220922/UBNA_001/20220921_090000.WAV,Telephone Field,recover-20220922,001,1795
1401.4365,1401.4783,68437,82467,Rhinolophus ferrumequinum,0.025,0.025,-1,Echolocation,/mnt/ubna_data_02_mir/recover-20220922/UBNA_001/20220921_090000.WAV,Telephone Field,recover-20220922,001,1795
1401.4515,1401.4921,68437,82721,Rhinolophus ferrumequinum,0.037,0.037,-1,Echolocation,/mnt/ubna_data_02_mir/recover-20220922/UBNA_001/20220921_090000.WAV,Telephone Field,recover-20220922,001,1795
1401.4665,1401.5013,68437,80355,Rhinolophus ferrumequinum,0.022,0.022,-1,Echolocation,/mnt/ubna_data_02_mir/recover-20220922/UBNA_001/20220921_090000.WAV,Telephone Field,recover-20220922,001,1795
1401.5125,1401.5194,28046,39227,Eptesicus serotinus,0.006,0.022,-1,Echolocation,/mnt/ubna_data_02_mir/recover-20220922/UBNA_001/20220921_090000.WAV,Telephone Field,recover-20220922,001,1795
1401.5355,1401.5461,22890,27957,Nyctalus leisleri,0.011,0.024,-1,Echolocation,/mnt/ubna_data_02_mir/recover-20220922/UBNA_001/20220921_090000.WAV,Telephone Field,recover-20220922,001,1795
1401.5585,1401.5999,68437,83123,Rhinolophus ferrumequinum,0.03,0.03,-1,Echolocation,/mnt/ubna_data_02_mir/recover-20220922/UBNA_001/20220921_090000.WAV,Telephone Field,recover-20220922,001,1795
1401.5975,1401.6377,68437,82374,Rhinolophus ferrumequinum,0.022,0.022,-1,Echolocation,/mnt/ubna_data_02_mir/recover-20220922/UBNA_001/20220921_090000.WAV,Telephone Field,recover-20220922,001,1795
1401.6285,1401.6351,28046,39146,Eptesicus serotinus,0.008,0.027,-1,Echolocation,/mnt/ubna_data_02_mir/recover-20220922/UBNA_001/20220921_090000.WAV,Telephone Field,recover-20220922,001,1795
1401.6325,1401.6439,43515,47103,Pipistrellus pipistrellus,0.028,0.032,-1,Echolocation,/mnt/ubna_data_02_mir/recover-20220922/UBNA_001/20220921_090000.WAV,Telephone Field,recover-20220922,001,1795
1401.6355,1401.6756,68437,82416,Rhinolophus ferrumequinum,0.026,0.026,-1,Echolocation,/mnt/ubna_data_02_mir/recover-20220922/UBNA_001/20220921_090000.WAV,Telephone Field,recover-20220922,001,1795
1401.6505,1401.6869,68437,81697,Rhinolophus ferrumequinum,0.022,0.022,-1,Echolocation,/mnt/ubna_data_02_mir/recover-20220922/UBNA_001/20220921_090000.WAV,Telephone Field,recover-20220922,001,1795
1401.6925,1401.7017,22031,27965,Plecotus austriacus,0.008,0.022,-1,Echolocation,/mnt/ubna_data_02_mir/recover-20220922/UBNA_001/20220921_090000.WAV,Telephone Field,recover-20220922,001,1795
1401.6965,1401.7403,68437,83447,Rhinolophus ferrumequinum,0.037,0.037,-1,Echolocation,/mnt/ubna_data_02_mir/recover-20220922/UBNA_001/20220921_090000.WAV,Telephone Field,recover-20220922,001,1795
1401.7105,1401.7201,25468,32427,Nyctalus leisleri,0.008,0.023,-1,Echolocation,/mnt/ubna_data_02_mir/recover-20220922/UBNA_001/20220921_090000.WAV,Telephone Field,recover-20220922,001,1795
1401.7235,1401.7623,68437,82356,Rhinolophus ferrumequinum,0.025,0.025,-1,Echolocation,/mnt/ubna_data_02_mir/recover-20220922/UBNA_001/20220921_090000.WAV,Telephone Field,recover-20220922,001,1795
1401.7515,1401.7655,54687,59865,Pipistrellus pygmaeus,0.034,0.041,-1,Echolocation,/mnt/ubna_data_02_mir/recover-20220922/UBNA_001/20220921_090000.WAV,Telephone Field,recover-20220922,001,1795
1401.7585,1401.7663,28046,40067,Eptesicus serotinus,0.008,0.024,-1,Echolocation,/mnt/ubna_data_02_mir/recover-20220922/UBNA_001/20220921_090000.WAV,Telephone Field,recover-20220922,001,1795
1401.7865,1401.7955,26328,34137,Eptesicus serotinus,0.008,0.021,-1,Echolocation,/mnt/ubna_data_02_mir/recover-20220922/UBNA_001/20220921_090000.WAV,Telephone Field,recover-20220922,001,1795
1401.8075,1401.8452,68437,81586,Rhinolophus ferrumequinum,0.022,0.022,-1,Echolocation,/mnt/ubna_data_02_mir/recover-20220922/UBNA_001/20220921_090000.WAV,Telephone Field,recover-20220922,001,1795
1401.8135,1401.8231,28906,36499,Eptesicus serotinus,0.008,0.022,-1,Echolocation,/mnt/ubna_data_02_mir/recover-20220922/UBNA_001/20220921_090000.WAV,Telephone Field,recover-20220922,001,1795
1401.8475,1401.8883,68437,82280,Rhinolophus ferrumequinum,0.025,0.025,-1,Echolocation,/mnt/ubna_data_02_mir/recover-20220922/UBNA_001/20220921_090000.WAV,Telephone Field,recover-20220922,001,1795
1401.8625,1401.8733,28046,36444,Eptesicus serotinus,0.014,0.027,-1,Echolocation,/mnt/ubna_data_02_mir/recover-20220922/UBNA_001/20220921_090000.WAV,Telephone Field,recover-20220922,001,1795
1401.8735,1401.9114,68437,82299,Rhinolophus ferrumequinum,0.024,0.024,-1,Echolocation,/mnt/ubna_data_02_mir/recover-20220922/UBNA_001/20220921_090000.WAV,Telephone Field,recover-20220922,001,1795
1401.8915,1401.9294,68437,81516,Rhinolophus ferrumequinum,0.024,0.024,-1,Echolocation,/mnt/ubna_data_02_mir/recover-20220922/UBNA_001/20220921_090000.WAV,Telephone Field,recover-20220922,001,1795
1401.8955,1401.9035,28046,38908,Eptesicus serotinus,0.007,0.021,-1,Echolocation,/mnt/ubna_data_02_mir/recover-20220922/UBNA_001/20220921_090000.WAV,Telephone Field,recover-20220922,001,1795
1401.9105,1401.9188,28046,39188,Eptesicus serotinus,0.01,0.026,-1,Echolocation,/mnt/ubna_data_02_mir/recover-20220922/UBNA_001/20220921_090000.WAV,Telephone Field,recover-20220922,001,1795
1401.9565,1401.9965,68437,82113,Rhinolophus ferrumequinum,0.022,0.022,-1,Echolocation,/mnt/ubna_data_02_mir/recover-20220922/UBNA_001/20220921_090000.WAV,Telephone Field,recover-20220922,001,1795
1401.9575,1401.97,49531,54187,Pipistrellus pipistrellus,0.022,0.026,-1,Echolocation,/mnt/ubna_data_02_mir/recover-20220922/UBNA_001/20220921_090000.WAV,Telephone Field,recover-20220922,001,1795
1402.0015,1402.0165,19453,24247,Nyctalus leisleri,0.016,0.032,-1,Echolocation,/mnt/ubna_data_02_mir/recover-20220922/UBNA_001/20220921_090000.WAV,Telephone Field,recover-20220922,001,1795
1402.0025,1402.0428,68437,81328,Rhinolophus ferrumequinum,0.026,0.026,-1,Echolocation,/mnt/ubna_data_02_mir/recover-20220922/UBNA_001/20220921_090000.WAV,Telephone Field,recover-20220922,001,1795
1402.0275,1402.0691,68437,82997,Rhinolophus ferrumequinum,0.024,0.024,-1,Echolocation,/mnt/ubna_data_02_mir/recover-20220922/UBNA_001/20220921_090000.WAV,Telephone Field,recover-20220922,001,1795
1402.0605,1402.099,68437,82033,Rhinolophus ferrumequinum,0.021,0.021,-1,Echolocation,/mnt/ubna_data_02_mir/recover-20220922/UBNA_001/20220921_090000.WAV,Telephone Field,recover-20220922,001,1795
1402.1325,1402.172,68437,82076,Rhinolophus ferrumequinum,0.024,0.024,-1,Echolocation,/mnt/ubna_data_02_mir/recover-20220922/UBNA_001/20220921_090000.WAV,Telephone Field,recover-20220922,001,1795
1402.1425,1402.1822,68437,82098,Rhinolophus ferrumequinum,0.021,0.022,-1,Echolocation,/mnt/ubna_data_02_mir/recover-20220922/UBNA_001/20220921_090000.WAV,Telephone Field,recover-20220922,001,1795
1402.1505,1402.1886,68437,82261,Rhinolophus ferrumequinum,0.021,0.021,-1,Echolocation,/mnt/ubna_data_02_mir/recover-20220922/UBNA_001/20220921_090000.WAV,Telephone Field,recover-20220922,001,1795
1402.1525,1402.1634,44375,50138,Pipistrellus pipistrellus,0.017,0.021,-1,Echolocation,/mnt/ubna_data_02_mir/recover-20220922/UBNA_001/20220921_090000.WAV,Telephone Field,recover-20220922,001,1795
1402.1755,1402.2096,68437,81068,Rhinolophus ferrumequinum,0.021,0.021,-1,Echolocation,/mnt/ubna_data_02_mir/recover-20220922/UBNA_001/20220921_090000.WAV,Telephone Field,recover-20220922,001,1795
1402.1865,1402.2246,68437,81812,Rhinolophus ferrumequinum,0.021,0.021,-1,Echolocation,/mnt/ubna_data_02_mir/recover-20220922/UBNA_001/20220921_090000.WAV,Telephone Field,recover-20220922,001,1795
1402.1915,1402.2264,68437,81714,Rhinolophus ferrumequinum,0.021,0.021,-1,Echolocation,/mnt/ubna_data_02_mir/recover-20220922/UBNA_001/20220921_090000.WAV,Telephone Field,recover-20220922,001,1795
1402.1985,1402.2069,25468,34255,Eptesicus serotinus,0.008,0.025,-1,Echolocation,/mnt/ubna_data_02_mir/recover-20220922/UBNA_001/20220921_090000.WAV,Telephone Field,recover-20220922,001,1795
1402.2225,1402.2588,68437,81617,Rhinolophus ferrumequinum,0.021,0.021,-1,Echolocation,/mnt/ubna_data_02_mir/recover-20220922/UBNA_001/20220921_090000.WAV,Telephone Field,recover-20220922,001,1795
1402.2405,1402.2513,45234,47895,Pipistrellus pipistrellus,0.028,0.03,-1,Echolocation,/mnt/ubna_data_02_mir/recover-20220922/UBNA_001/20220921_090000.WAV,Telephone Field,recover-20220922,001,1795
1402.2705,1402.3085,68437,81938,Rhinolophus ferrumequinum,0.02,0.02,-1,Echolocation,/mnt/ubna_data_02_mir/recover-20220922/UBNA_001/20220921_090000.WAV,Telephone Field,recover-20220922,001,1795
1402.2815,1402.2914,24609,31109,Nyctalus leisleri,0.008,0.022,-1,Echolocation,/mnt/ubna_data_02_mir/recover-20220922/UBNA_001/20220921_090000.WAV,Telephone Field,recover-20220922,001,1795
1402.3385,1402.3771,68437,81777,Rhinolophus ferrumequinum,0.02,0.02,-1,Echolocation,/mnt/ubna_data_02_mir/recover-20220922/UBNA_001/20220921_090000.WAV,Telephone Field,recover-20220922,001,1795
1402.3595,1402.39,68437,79986,Rhinolophus ferrumequinum,0.022,0.022,-1,Echolocation,/mnt/ubna_data_02_mir/recover-20220922/UBNA_001/20220921_090000.WAV,Telephone Field,recover-20220922,001,1795
1402.3655,1402.3729,28046,36336,Eptesicus serotinus,0.024,0.052,-1,Echolocation,/mnt/ubna_data_02_mir/recover-20220922/UBNA_001/20220921_090000.WAV,Telephone Field,recover-20220922,001,1795
1402.3655,1402.4017,68437,81163,Rhinolophus ferrumequinum,0.02,0.02,-1,Echolocation,/mnt/ubna_data_02_mir/recover-20220922/UBNA_001/20220921_090000.WAV,Telephone Field,recover-20220922,001,1795
1402.4155,1402.4542,68437,81495,Rhinolophus ferrumequinum,0.02,0.02,-1,Echolocation,/mnt/ubna_data_02_mir/recover-20220922/UBNA_001/20220921_090000.WAV,Telephone Field,recover-20220922,001,1795
1402.4175,1402.428,28906,36459,Eptesicus serotinus,0.01,0.023,-1,Echolocation,/mnt/ubna_data_02_mir/recover-20220922/UBNA_001/20220921_090000.WAV,Telephone Field,recover-20220922,001,1795
1402.4685,1402.5048,68437,81607,Rhinolophus ferrumequinum,0.021,0.021,-1,Echolocation,/mnt/ubna_data_02_mir/recover-20220922/UBNA_001/20220921_090000.WAV,Telephone Field,recover-20220922,001,1795
1402.4735,1402.4825,25468,32754,Eptesicus serotinus,0.009,0.027,-1,Echolocation,/mnt/ubna_data_02_mir/recover-20220922/UBNA_001/20220921_090000.WAV,Telephone Field,recover-20220922,001,1795
1402.5095,1402.547,68437,82319,Rhinolophus ferrumequinum,0.03,0.03,-1,Echolocation,/mnt/ubna_data_02_mir/recover-20220922/UBNA_001/20220921_090000.WAV,Telephone Field,recover-20220922,001,1795
1402.5205,1402.5299,25468,32035,Nyctalus leisleri,0.007,0.02,-1,Echolocation,/mnt/ubna_data_02_mir/recover-20220922/UBNA_001/20220921_090000.WAV,Telephone Field,recover-20220922,001,1795
1402.5545,1402.591,68437,81606,Rhinolophus ferrumequinum,0.021,0.021,-1,Echolocation,/mnt/ubna_data_02_mir/recover-20220922/UBNA_001/20220921_090000.WAV,Telephone Field,recover-20220922,001,1795
1402.5655,1402.576,25468,34439,Eptesicus serotinus,0.014,0.03,-1,Echolocation,/mnt/ubna_data_02_mir/recover-20220922/UBNA_001/20220921_090000.WAV,Telephone Field,recover-20220922,001,1795
1402.5945,1402.6341,68437,82323,Rhinolophus ferrumequinum,0.028,0.028,-1,Echolocation,/mnt/ubna_data_02_mir/recover-20220922/UBNA_001/20220921_090000.WAV,Telephone Field,recover-20220922,001,1795
1402.6225,1402.662,68437,82511,Rhinolophus ferrumequinum,0.021,0.021,-1,Echolocation,/mnt/ubna_data_02_mir/recover-20220922/UBNA_001/20220921_090000.WAV,Telephone Field,recover-20220922,001,1795
1402.6465,1402.6567,23750,30948,Nyctalus leisleri,0.008,0.027,-1,Echolocation,/mnt/ubna_data_02_mir/recover-20220922/UBNA_001/20220921_090000.WAV,Telephone Field,recover-20220922,001,1795
1402.6515,1402.6575,13437,32406,Plecotus auritus,0.029,0.032,-1,Echolocation,/mnt/ubna_data_02_mir/recover-20220922/UBNA_001/20220921_090000.WAV,Telephone Field,recover-20220922,001,1795
1402.6595,1402.6985,68437,82273,Rhinolophus ferrumequinum,0.02,0.02,-1,Echolocation,/mnt/ubna_data_02_mir/recover-20220922/UBNA_001/20220921_090000.WAV,Telephone Field,recover-20220922,001,1795
1402.6785,1402.7231,68437,83399,Rhinolophus ferrumequinum,0.034,0.034,-1,Echolocation,/mnt/ubna_data_02_mir/recover-20220922/UBNA_001/20220921_090000.WAV,Telephone Field,recover-20220922,001,1795
1402.6825,1402.6931,27187,35556,Eptesicus serotinus,0.011,0.023,-1,Echolocation,/mnt/ubna_data_02_mir/recover-20220922/UBNA_001/20220921_090000.WAV,Telephone Field,recover-20220922,001,1795
1402.7085,1402.7466,68437,81554,Rhinolophus ferrumequinum,0.024,0.024,-1,Echolocation,/mnt/ubna_data_02_mir/recover-20220922/UBNA_001/20220921_090000.WAV,Telephone Field,recover-20220922,001,1795
1402.7215,1402.7603,68437,81992,Rhinolophus ferrumequinum,0.022,0.022,-1,Echolocation,/mnt/ubna_data_02_mir/recover-20220922/UBNA_001/20220921_090000.WAV,Telephone Field,recover-20220922,001,1795
1402.7655,1402.8054,68437,82748,Rhinolophus ferrumequinum,0.021,0.021,-1,Echolocation,/mnt/ubna_data_02_mir/recover-20220922/UBNA_001/20220921_090000.WAV,Telephone Field,recover-20220922,001,1795
1402.7875,1402.7949,28906,40170,Eptesicus serotinus,0.006,0.02,-1,Echolocation,/mnt/ubna_data_02_mir/recover-20220922/UBNA_001/20220921_090000.WAV,Telephone Field,recover-20220922,001,1795
1402.8165,1402.8602,68437,83324,Rhinolophus ferrumequinum,0.027,0.027,-1,Echolocation,/mnt/ubna_data_02_mir/recover-20220922/UBNA_001/20220921_090000.WAV,Telephone Field,recover-20220922,001,1795
1402.8455,1402.8842,68437,81425,Rhinolophus ferrumequinum,0.021,0.021,-1,Echolocation,/mnt/ubna_data_02_mir/recover-20220922/UBNA_001/20220921_090000.WAV,Telephone Field,recover-20220922,001,1795
1402.9035,1402.9407,68437,82040,Rhinolophus ferrumequinum,0.021,0.021,-1,Echolocation,/mnt/ubna_data_02_mir/recover-20220922/UBNA_001/20220921_090000.WAV,Telephone Field,recover-20220922,001,1795
1402.9135,1402.9528,68437,82053,Rhinolophus ferrumequinum,0.023,0.023,-1,Echolocation,/mnt/ubna_data_02_mir/recover-20220922/UBNA_001/20220921_090000.WAV,Telephone Field,recover-20220922,001,1795
1402.9315,1402.9672,68437,81132,Rhinolophus ferrumequinum,0.02,0.02,-1,Echolocation,/mnt/ubna_data_02_mir/recover-20220922/UBNA_001/20220921_090000.WAV,Telephone Field,recover-20220922,001,1795
1402.9705,1403.0157,68437,83020,Rhinolophus ferrumequinum,0.047,0.047,-1,Echolocation,/mnt/ubna_data_02_mir/recover-20220922/UBNA_001/20220921_090000.WAV,Telephone Field,recover-20220922,001,1795
1402.9805,1402.9922,22031,25760,Nyctalus leisleri,0.015,0.025,-1,Echolocation,/mnt/ubna_data_02_mir/recover-20220922/UBNA_001/20220921_090000.WAV,Telephone Field,recover-20220922,001,1795
1402.9845,1403.0218,68437,81108,Rhinolophus ferrumequinum,0.02,0.02,-1,Echolocation,/mnt/ubna_data_02_mir/recover-20220922/UBNA_001/20220921_090000.WAV,Telephone Field,recover-20220922,001,1795
1403.0275,1403.0666,68437,82152,Rhinolophus ferrumequinum,0.02,0.02,-1,Echolocation,/mnt/ubna_data_02_mir/recover-20220922/UBNA_001/20220921_090000.WAV,Telephone Field,recover-20220922,001,1795
1403.0595,1403.0973,68437,81299,Rhinolophus ferrumequinum,0.021,0.022,-1,Echolocation,/mnt/ubna_data_02_mir/recover-20220922/UBNA_001/20220921_090000.WAV,Telephone Field,recover-20220922,001,1795
1403.0615,1403.0733,28906,36044,Eptesicus serotinus,0.011,0.023,-1,Echolocation,/mnt/ubna_data_02_mir/recover-20220922/UBNA_001/20220921_090000.WAV,Telephone Field,recover-20220922,001,1795
1403.0665,1403.0768,28046,36266,Eptesicus serotinus,0.01,0.022,-1,Echolocation,/mnt/ubna_data_02_mir/recover-20220922/UBNA_001/20220921_090000.WAV,Telephone Field,recover-20220922,001,1795
1403.0845,1403.1219,68437,80984,Rhinolophus ferrumequinum,0.026,0.026,-1,Echolocation,/mnt/ubna_data_02_mir/recover-20220922/UBNA_001/20220921_090000.WAV,Telephone Field,recover-20220922,001,1795
1403.1855,1403.1962,22890,27492,Nyctalus leisleri,0.011,0.02,-1,Echolocation,/mnt/ubna_data_02_mir/recover-20220922/UBNA_001/20220921_090000.WAV,Telephone Field,recover-20220922,001,1795
1403.1875,1403.2259,68437,81565,Rhinolophus ferrumequinum,0.023,0.023,-1,Echolocation,/mnt/ubna_data_02_mir/recover-20220922/UBNA_001/20220921_090000.WAV,Telephone Field,recover-20220922,001,1795
1403.2315,1403.2707,68437,82151,Rhinolophus ferrumequinum,0.024,0.024,-1,Echolocation,/mnt/ubna_data_02_mir/recover-20220922/UBNA_001/20220921_090000.WAV,Telephone Field,recover-20220922,001,1795
1403.2545,1403.2906,68437,81611,Rhinolophus ferrumequinum,0.024,0.024,-1,Echolocation,/mnt/ubna_data_02_mir/recover-20220922/UBNA_001/20220921_090000.WAV,Telephone Field,recover-20220922,001,1795
1403.2735,1403.282,22890,30169,Plecotus austriacus,0.009,0.02,-1,Echolocation,/mnt/ubna_data_02_mir/recover-20220922/UBNA_001/20220921_090000.WAV,Telephone Field,recover-20220922,001,1795
1403.3035,1403.3476,68437,82979,Rhinolophus ferrumequinum,0.023,0.023,-1,Echolocation,/mnt/ubna_data_02_mir/recover-20220922/UBNA_001/20220921_090000.WAV,Telephone Field,recover-20220922,001,1795
1403.3325,1403.3394,28906,41124,Eptesicus serotinus,0.006,0.021,-1,Echolocation,/mnt/ubna_data_02_mir/recover-20220922/UBNA_001/20220921_090000.WAV,Telephone Field,recover-20220922,001,1795
1403.3495,1403.3907,68437,82969,Rhinolophus ferrumequinum,0.026,0.026,-1,Echolocation,/mnt/ubna_data_02_mir/recover-20220922/UBNA_001/20220921_090000.WAV,Telephone Field,recover-20220922,001,1795
1403.3585,1403.3694,22031,26408,Nyctalus leisleri,0.011,0.021,-1,Echolocation,/mnt/ubna_data_02_mir/recover-20220922/UBNA_001/20220921_090000.WAV,Telephone Field,recover-20220922,001,1795
1403.3725,1403.4105,68437,81347,Rhinolophus ferrumequinum,0.021,0.021,-1,Echolocation,/mnt/ubna_data_02_mir/recover-20220922/UBNA_001/20220921_090000.WAV,Telephone Field,recover-20220922,001,1795
1403.4005,1403.4386,68437,81921,Rhinolophus ferrumequinum,0.021,0.021,-1,Echolocation,/mnt/ubna_data_02_mir/recover-20220922/UBNA_001/20220921_090000.WAV,Telephone Field,recover-20220922,001,1795
1403.4515,1403.4974,68437,83017,Rhinolophus ferrumequinum,0.052,0.052,-1,Echolocation,/mnt/ubna_data_02_mir/recover-20220922/UBNA_001/20220921_090000.WAV,Telephone Field,recover-20220922,001,1795
1403.4695,1403.4801,28906,36110,Eptesicus serotinus,0.008,0.02,-1,Echolocation,/mnt/ubna_data_02_mir/recover-20220922/UBNA_001/20220921_090000.WAV,Telephone Field,recover-20220922,001,1795
1403.4765,1403.5185,68437,82348,Rhinolophus ferrumequinum,0.032,0.032,-1,Echolocation,/mnt/ubna_data_02_mir/recover-20220922/UBNA_001/20220921_090000.WAV,Telephone Field,recover-20220922,001,1795
1403.4955,1403.5374,68437,82450,Rhinolophus ferrumequinum,0.034,0.034,-1,Echolocation,/mnt/ubna_data_02_mir/recover-20220922/UBNA_001/20220921_090000.WAV,Telephone Field,recover-20220922,001,1795
1403.5335,1403.5425,28046,38835,Eptesicus serotinus,0.008,0.022,-1,Echolocation,/mnt/ubna_data_02_mir/recover-20220922/UBNA_001/20220921_090000.WAV,Telephone Field,recover-20220922,001,1795
1403.5395,1403.5786,68437,81919,Rhinolophus ferrumequinum,0.021,0.021,-1,Echolocation,/mnt/ubna_data_02_mir/recover-20220922/UBNA_001/20220921_090000.WAV,Telephone Field,recover-20220922,001,1795
1403.5545,1403.5642,22890,29579,Nyctalus leisleri,0.007,0.021,-1,Echolocation,/mnt/ubna_data_02_mir/recover-20220922/UBNA_001/20220921_090000.WAV,Telephone Field,recover-20220922,001,1795
1403.5845,1403.623,68437,82372,Rhinolophus ferrumequinum,0.021,0.021,-1,Echolocation,/mnt/ubna_data_02_mir/recover-20220922/UBNA_001/20220921_090000.WAV,Telephone Field,recover-20220922,001,1795
1403.6045,1403.6152,22031,26049,Nyctalus leisleri,0.012,0.022,-1,Echolocation,/mnt/ubna_data_02_mir/recover-20220922/UBNA_001/20220921_090000.WAV,Telephone Field,recover-20220922,001,1795
1403.6075,1403.6464,68437,81662,Rhinolophus ferrumequinum,0.02,0.02,-1,Echolocation,/mnt/ubna_data_02_mir/recover-20220922/UBNA_001/20220921_090000.WAV,Telephone Field,recover-20220922,001,1795
1403.6595,1403.6698,23750,30022,Nyctalus leisleri,0.009,0.023,-1,Echolocation,/mnt/ubna_data_02_mir/recover-20220922/UBNA_001/20220921_090000.WAV,Telephone Field,recover-20220922,001,1795
1403.6615,1403.7017,68437,82177,Rhinolophus ferrumequinum,0.021,0.021,-1,Echolocation,/mnt/ubna_data_02_mir/recover-20220922/UBNA_001/20220921_090000.WAV,Telephone Field,recover-20220922,001,1795
1403.6835,1403.7203,68437,81388,Rhinolophus ferrumequinum,0.02,0.02,-1,Echolocation,/mnt/ubna_data_02_mir/recover-20220922/UBNA_001/20220921_090000.WAV,Telephone Field,recover-20220922,001,1795
1403.7205,1403.7311,28906,35748,Eptesicus serotinus,0.01,0.023,-1,Echolocation,/mnt/ubna_data_02_mir/recover-20220922/UBNA_001/20220921_090000.WAV,Telephone Field,recover-20220922,001,1795
1403.7375,1403.7786,68437,83061,Rhinolophus ferrumequinum,0.034,0.034,-1,Echolocation,/mnt/ubna_data_02_mir/recover-20220922/UBNA_001/20220921_090000.WAV,Telephone Field,recover-20220922,001,1795
1403.7585,1403.8024,68437,83095,Rhinolophus ferrumequinum,0.04,0.04,-1,Echolocation,/mnt/ubna_data_02_mir/recover-20220922/UBNA_001/20220921_090000.WAV,Telephone Field,recover-20220922,001,1795
1403.7595,1403.768,25468,33439,Eptesicus serotinus,0.006,0.02,-1,Echolocation,/mnt/ubna_data_02_mir/recover-20220922/UBNA_001/20220921_090000.WAV,Telephone Field,recover-20220922,001,1795
1403.7945,1403.8072,23750,29948,Nyctalus leisleri,0.019,0.044,-1,Echolocation,/mnt/ubna_data_02_mir/recover-20220922/UBNA_001/20220921_090000.WAV,Telephone Field,recover-20220922,001,1795
1403.8035,1403.8432,68437,82205,Rhinolophus ferrumequinum,0.023,0.023,-1,Echolocation,/mnt/ubna_data_02_mir/recover-20220922/UBNA_001/20220921_090000.WAV,Telephone Field,recover-20220922,001,1795
1403.8085,1403.8465,68437,82180,Rhinolophus ferrumequinum,0.022,0.022,-1,Echolocation,/mnt/ubna_data_02_mir/recover-20220922/UBNA_001/20220921_090000.WAV,Telephone Field,recover-20220922,001,1795
1403.8265,1403.8378,28906,35216,Eptesicus serotinus,0.011,0.023,-1,Echolocation,/mnt/ubna_data_02_mir/recover-20220922/UBNA_001/20220921_090000.WAV,Telephone Field,recover-20220922,001,1795
1403.8385,1403.8789,68437,82299,Rhinolophus ferrumequinum,0.023,0.023,-1,Echolocation,/mnt/ubna_data_02_mir/recover-20220922/UBNA_001/20220921_090000.WAV,Telephone Field,recover-20220922,001,1795
1403.8465,1403.8884,68437,83019,Rhinolophus ferrumequinum,0.027,0.027,-1,Echolocation,/mnt/ubna_data_02_mir/recover-20220922/UBNA_001/20220921_090000.WAV,Telephone Field,recover-20220922,001,1795
1403.8795,1403.9163,68437,81881,Rhinolophus ferrumequinum,0.021,0.021,-1,Echolocation,/mnt/ubna_data_02_mir/recover-20220922/UBNA_001/20220921_090000.WAV,Telephone Field,recover-20220922,001,1795
1403.9125,1403.9538,68437,82794,Rhinolophus ferrumequinum,0.033,0.033,-1,Echolocation,/mnt/ubna_data_02_mir/recover-20220922/UBNA_001/20220921_090000.WAV,Telephone Field,recover-20220922,001,1795
1403.9225,1403.9614,68437,82176,Rhinolophus ferrumequinum,0.021,0.021,-1,Echolocation,/mnt/ubna_data_02_mir/recover-20220922/UBNA_001/20220921_090000.WAV,Telephone Field,recover-20220922,001,1795
1403.9585,1403.9689,22890,28156,Nyctalus leisleri,0.011,0.024,-1,Echolocation,/mnt/ubna_data_02_mir/recover-20220922/UBNA_001/20220921_090000.WAV,Telephone Field,recover-20220922,001,1795
1404.0015,1404.031,68437,79548,Rhinolophus ferrumequinum,0.024,0.024,-1,Echolocation,/mnt/ubna_data_02_mir/recover-20220922/UBNA_001/20220921_090000.WAV,Telephone Field,recover-20220922,001,1795
1404.0015,1404.008,47812,56770,Pipistrellus pipistrellus,0.021,0.026,-1,Echolocation,/mnt/ubna_data_02_mir/recover-20220922/UBNA_001/20220921_090000.WAV,Telephone Field,recover-20220922,001,1795
1404.0015,1404.0104,22890,29748,Nyctalus leisleri,0.01,0.029,-1,Echolocation,/mnt/ubna_data_02_mir/recover-20220922/UBNA_001/20220921_090000.WAV,Telephone Field,recover-20220922,001,1795
1404.0415,1404.0488,27187,41838,Eptesicus serotinus,0.008,0.024,-1,Echolocation,/mnt/ubna_data_02_mir/recover-20220922/UBNA_001/20220921_090000.WAV,Telephone Field,recover-20220922,001,1795
1404.0595,1404.0983,68437,82199,Rhinolophus ferrumequinum,0.024,0.024,-1,Echolocation,/mnt/ubna_data_02_mir/recover-20220922/UBNA_001/20220921_090000.WAV,Telephone Field,recover-20220922,001,1795
1404.0675,1404.0775,22890,29125,Nyctalus leisleri,0.008,0.023,-1,Echolocation,/mnt/ubna_data_02_mir/recover-20220922/UBNA_001/20220921_090000.WAV,Telephone Field,recover-20220922,001,1795
1404.1385,1404.1504,22890,28207,Nyctalus leisleri,0.01,0.023,-1,Echolocation,/mnt/ubna_data_02_mir/recover-20220922/UBNA_001/20220921_090000.WAV,Telephone Field,recover-20220922,001,1795
1404.1475,1404.157,25468,33196,Eptesicus serotinus,0.01,0.026,-1,Echolocation,/mnt/ubna_data_02_mir/recover-20220922/UBNA_001/20220921_090000.WAV,Telephone Field,recover-20220922,001,1795
1404.1485,1404.186,68437,81840,Rhinolophus ferrumequinum,0.023,0.023,-1,Echolocation,/mnt/ubna_data_02_mir/recover-20220922/UBNA_001/20220921_090000.WAV,Telephone Field,recover-20220922,001,1795
1404.1735,1404.215,68437,82536,Rhinolophus ferrumequinum,0.024,0.024,-1,Echolocation,/mnt/ubna_data_02_mir/recover-20220922/UBNA_001/20220921_090000.WAV,Telephone Field,recover-20220922,001,1795
1404.2015,1404.2424,68437,82759,Rhinolophus ferrumequinum,0.022,0.022,-1,Echolocation,/mnt/ubna_data_02_mir/recover-20220922/UBNA_001/20220921_090000.WAV,Telephone Field,recover-20220922,001,1795
1404.2765,1404.2875,27187,34216,Eptesicus serotinus,0.01,0.022,-1,Echolocation,/mnt/ubna_data_02_mir/recover-20220922/UBNA_001/20220921_090000.WAV,Telephone Field,recover-20220922,001,1795
1404.2845,1404.322,68437,81693,Rhinolophus ferrumequinum,0.024,0.024,-1,Echolocation,/mnt/ubna_data_02_mir/recover-20220922/UBNA_001/20220921_090000.WAV,Telephone Field,recover-20220922,001,1795
1404.2885,1404.2968,27187,36971,Eptesicus serotinus,0.01,0.027,-1,Echolocation,/mnt/ubna_data_02_mir/recover-20220922/UBNA_001/20220921_090000.WAV,Telephone Field,recover-20220922,001,1795
1404.3595,1404.3988,68437,82445,Rhinolophus ferrumequinum,0.024,0.024,-1,Echolocation,/mnt/ubna_data_02_mir/recover-20220922/UBNA_001/20220921_090000.WAV,Telephone Field,recover-20220922,001,1795
1404.3655,1404.3736,50390,56450,Pipistrellus pipistrellus,0.017,0.022,-1,Echolocation,/mnt/ubna_data_02_mir/recover-20220922/UBNA_001/20220921_090000.WAV,Telephone Field,recover-20220922,001,1795
1404.3835,1404.4257,68437,82746,Rhinolophus ferrumequinum,0.024,0.024,-1,Echolocation,/mnt/ubna_data_02_mir/recover-20220922/UBNA_001/20220921_090000.WAV,Telephone Field,recover-20220922,001,1795
1404.3905,1404.433,68437,83423,Rhinolophus ferrumequinum,0.025,0.025,-1,Echolocation,/mnt/ubna_data_02_mir/recover-20220922/UBNA_001/20220921_090000.WAV,Telephone Field,recover-20220922,001,1795
1404.3975,1404.4395,68437,83342,Rhinolophus ferrumequinum,0.027,0.027,-1,Echolocation,/mnt/ubna_data_02_mir/recover-20220922/UBNA_001/20220921_090000.WAV,Telephone Field,recover-20220922,001,1795
1404.4035,1404.4444,68437,83156,Rhinolophus ferrumequinum,0.026,0.026,-1,Echolocation,/mnt/ubna_data_02_mir/recover-20220922/UBNA_001/20220921_090000.WAV,Telephone Field,recover-20220922,001,1795
1404.4335,1404.4777,68437,83310,Rhinolophus ferrumequinum,0.036,0.036,-1,Echolocation,/mnt/ubna_data_02_mir/recover-20220922/UBNA_001/20220921_090000.WAV,Telephone Field,recover-20220922,001,1795
1404.4565,1404.4685,22890,27588,Nyctalus leisleri,0.015,0.028,-1,Echolocation,/mnt/ubna_data_02_mir/recover-20220922/UBNA_001/20220921_090000.WAV,Telephone Field,recover-20220922,001,1795
1404.4775,1404.5189,68437,83070,Rhinolophus ferrumequinum,0.025,0.025,-1,Echolocation,/mnt/ubna_data_02_mir/recover-20220922/UBNA_001/20220921_090000.WAV,Telephone Field,recover-20220922,001,1795
1404.4985,1404.5399,68437,82224,Rhinolophus ferrumequinum,0.023,0.023,-1,Echolocation,/mnt/ubna_data_02_mir/recover-20220922/UBNA_001/20220921_090000.WAV,Telephone Field,recover-20220922,001,1795
1404.4995,1404.5088,25468,33308,Eptesicus serotinus,0.009,0.022,-1,Echolocation,/mnt/ubna_data_02_mir/recover-20220922/UBNA_001/20220921_090000.WAV,Telephone Field,recover-20220922,001,1795
1404.5055,1404.5439,68437,82093,Rhinolophus ferrumequinum,0.022,0.022,-1,Echolocation,/mnt/ubna_data_02_mir/recover-20220922/UBNA_001/20220921_090000.WAV,Telephone Field,recover-20220922,001,1795
1404.5205,1404.537,22890,27110,Nyctalus leisleri,0.015,0.03,-1,Echolocation,/mnt/ubna_data_02_mir/recover-20220922/UBNA_001/20220921_090000.WAV,Telephone Field,recover-20220922,001,1795
1404.5265,1404.5645,68437,80303,Rhinolophus ferrumequinum,0.037,0.037,-1,Echolocation,/mnt/ubna_data_02_mir/recover-20220922/UBNA_001/20220921_090000.WAV,Telephone Field,recover-20220922,001,1795
1404.5285,1404.5348,28046,40482,Eptesicus serotinus,0.007,0.028,-1,Echolocation,/mnt/ubna_data_02_mir/recover-20220922/UBNA_001/20220921_090000.WAV,Telephone Field,recover-20220922,001,1795
1404.5395,1404.577,68437,82118,Rhinolophus ferrumequinum,0.027,0.027,-1,Echolocation,/mnt/ubna_data_02_mir/recover-20220922/UBNA_001/20220921_090000.WAV,Telephone Field,recover-20220922,001,1795
1404.5775,1404.6163,68437,82256,Rhinolophus ferrumequinum,0.022,0.022,-1,Echolocation,/mnt/ubna_data_02_mir/recover-20220922/UBNA_001/20220921_090000.WAV,Telephone Field,recover-20220922,001,1795
1404.5815,1404.5913,23750,29970,Nyctalus leisleri,0.009,0.023,-1,Echolocation,/mnt/ubna_data_02_mir/recover-20220922/UBNA_001/20220921_090000.WAV,Telephone Field,recover-20220922,001,1795
1404.6315,1404.6396,27187,38350,Eptesicus serotinus,0.008,0.025,-1,Echolocation,/mnt/ubna_data_02_mir/recover-20220922/UBNA_001/20220921_090000.WAV,Telephone Field,recover-20220922,001,1795
1404.6395,1404.6795,68437,82501,Rhinolophus ferrumequinum,0.023,0.023,-1,Echolocation,/mnt/ubna_data_02_mir/recover-20220922/UBNA_001/20220921_090000.WAV,Telephone Field,recover-20220922,001,1795
1404.6635,1404.7051,68437,82988,Rhinolophus ferrumequinum,0.031,0.031,-1,Echolocation,/mnt/ubna_data_02_mir/recover-20220922/UBNA_001/20220921_090000.WAV,Telephone Field,recover-20220922,001,1795
1404.6665,1404.6735,26328,38262,Eptesicus serotinus,0.006,0.022,-1,Echolocation,/mnt/ubna_data_02_mir/recover-20220922/UBNA_001/20220921_090000.WAV,Telephone Field,recover-20220922,001,1795
1404.6885,1404.7301,68437,82708,Rhinolophus ferrumequinum,0.028,0.028,-1,Echolocation,/mnt/ubna_data_02_mir/recover-20220922/UBNA_001/20220921_090000.WAV,Telephone Field,recover-20220922,001,1795
1404.7035,1404.7134,22890,29184,Nyctalus leisleri,0.009,0.025,-1,Echolocation,/mnt/ubna_data_02_mir/recover-20220922/UBNA_001/20220921_090000.WAV,Telephone Field,recover-20220922,001,1795
1404.7045,1404.7413,68437,81379,Rhinolophus ferrumequinum,0.023,0.023,-1,Echolocation,/mnt/ubna_data_02_mir/recover-20220922/UBNA_001/20220921_090000.WAV,Telephone Field,recover-20220922,001,1795
1404.7215,1404.7343,46953,50636,Pipistrellus pipistrellus,0.025,0.032,-1,Echolocation,/mnt/ubna_data_02_mir/recover-20220922/UBNA_001/20220921_090000.WAV,Telephone Field,recover-20220922,001,1795
1404.7565,1404.7943,68437,81882,Rhinolophus ferrumequinum,0.026,0.026,-1,Echolocation,/mnt/ubna_data_02_mir/recover-20220922/UBNA_001/20220921_090000.WAV,Telephone Field,recover-20220922,001,1795
1404.8095,1404.8164,27187,41012,Eptesicus serotinus,0.007,0.027,-1,Echolocation,/mnt/ubna_data_02_mir/recover-20220922/UBNA_001/20220921_090000.WAV,Telephone Field,recover-20220922,001,1795
1404.8525,1404.8881,68437,81612,Rhinolophus ferrumequinum,0.022,0.022,-1,Echolocation,/mnt/ubna_data_02_mir/recover-20220922/UBNA_001/20220921_090000.WAV,Telephone Field,recover-20220922,001,1795
1404.8675,1404.9031,68437,81182,Rhinolophus ferrumequinum,0.024,0.024,-1,Echolocation,/mnt/ubna_data_02_mir/recover-20220922/UBNA_001/20220921_090000.WAV,Telephone Field,recover-20220922,001,1795
1404.8955,1404.9051,29765,41567,Eptesicus serotinus,0.009,0.028,-1,Echolocation,/mnt/ubna_data_02_mir/recover-20220922/UBNA_001/20220921_090000.WAV,Telephone Field,recover-20220922,001,1795
1404.9085,1404.949,68437,82609,Rhinolophus ferrumequinum,0.027,0.027,-1,Echolocation,/mnt/ubna_data_02_mir/recover-20220922/UBNA_001/20220921_090000.WAV,Telephone Field,recover-20220922,001,1795
1404.9515,1404.991,68437,82210,Rhinolophus ferrumequinum,0.028,0.028,-1,Echolocation,/mnt/ubna_data_02_mir/recover-20220922/UBNA_001/20220921_090000.WAV,Telephone Field,recover-20220922,001,1795
1404.9625,1404.9728,23750,30402,Nyctalus leisleri,0.015,0.043,-1,Echolocation,/mnt/ubna_data_02_mir/recover-20220922/UBNA_001/20220921_090000.WAV,Telephone Field,recover-20220922,001,1795
1404.9925,1405.031,68437,81989,Rhinolophus ferrumequinum,0.022,0.022,-1,Echolocation,/mnt/ubna_data_02_mir/recover-20220922/UBNA_001/20220921_090000.WAV,Telephone Field,recover-20220922,001,1795
1405.0005,1405.0094,27187,38717,Eptesicus serotinus,0.008,0.022,-1,Echolocation,/mnt/ubna_data_02_mir/recover-20220922/UBNA_001/20220921_090000.WAV,Telephone Field,recover-20220922,001,1795
1405.0085,1405.0169,28046,36913,Eptesicus serotinus,0.009,0.023,-1,Echolocation,/mnt/ubna_data_02_mir/recover-20220922/UBNA_001/20220921_090000.WAV,Telephone Field,recover-20220922,001,1795
1405.0175,1405.0561,68437,82251,Rhinolophus ferrumequinum,0.034,0.034,-1,Echolocation,/mnt/ubna_data_02_mir/recover-20220922/UBNA_001/20220921_090000.WAV,Telephone Field,recover-20220922,001,1795
1405.0515,1405.0682,15156,20212,Nyctalus noctula,0.019,0.026,-1,Echolocation,/mnt/ubna_data_02_mir/recover-20220922/UBNA_001/20220921_090000.WAV,Telephone Field,recover-20220922,001,1795
1405.0615,1405.1002,68437,82541,Rhinolophus ferrumequinum,0.024,0.024,-1,Echolocation,/mnt/ubna_data_02_mir/recover-20220922/UBNA_001/20220921_090000.WAV,Telephone Field,recover-20220922,001,1795
1405.0725,1405.1132,68437,82210,Rhinolophus ferrumequinum,0.022,0.022,-1,Echolocation,/mnt/ubna_data_02_mir/recover-20220922/UBNA_001/20220921_090000.WAV,Telephone Field,recover-20220922,001,1795
1405.0945,1405.1026,27187,46254,Eptesicus serotinus,0.008,0.024,-1,Echolocation,/mnt/ubna_data_02_mir/recover-20220922/UBNA_001/20220921_090000.WAV,Telephone Field,recover-20220922,001,1795
1405.0955,1405.1334,68437,81605,Rhinolophus ferrumequinum,0.023,0.023,-1,Echolocation,/mnt/ubna_data_02_mir/recover-20220922/UBNA_001/20220921_090000.WAV,Telephone Field,recover-20220922,001,1795
1405.0955,1405.1006,40078,58599,Myotis mystacinus,0.013,0.034,-1,Echolocation,/mnt/ubna_data_02_mir/recover-20220922/UBNA_001/20220921_090000.WAV,Telephone Field,recover-20220922,001,1795
1405.1095,1405.144,68437,81240,Rhinolophus ferrumequinum,0.023,0.023,-1,Echolocation,/mnt/ubna_data_02_mir/recover-20220922/UBNA_001/20220921_090000.WAV,Telephone Field,recover-20220922,001,1795
1405.1335,1405.1735,68437,83039,Rhinolophus ferrumequinum,0.023,0.023,-1,Echolocation,/mnt/ubna_data_02_mir/recover-20220922/UBNA_001/20220921_090000.WAV,Telephone Field,recover-20220922,001,1795
1405.1525,1405.1597,28046,38592,Eptesicus serotinus,0.007,0.024,-1,Echolocation,/mnt/ubna_data_02_mir/recover-20220922/UBNA_001/20220921_090000.WAV,Telephone Field,recover-20220922,001,1795
1405.1675,1405.2031,68437,81166,Rhinolophus ferrumequinum,0.022,0.022,-1,Echolocation,/mnt/ubna_data_02_mir/recover-20220922/UBNA_001/20220921_090000.WAV,Telephone Field,recover-20220922,001,1795
1405.1785,1405.2135,68437,80953,Rhinolophus ferrumequinum,0.023,0.023,-1,Echolocation,/mnt/ubna_data_02_mir/recover-20220922/UBNA_001/20220921_090000.WAV,Telephone Field,recover-20220922,001,1795
1405.2135,1405.2248,23750,30018,Nyctalus leisleri,0.009,0.024,-1,Echolocation,/mnt/ubna_data_02_mir/recover-20220922/UBNA_001/20220921_090000.WAV,Telephone Field,recover-20220922,001,1795
1405.2275,1405.2646,68437,81763,Rhinolophus ferrumequinum,0.024,0.024,-1,Echolocation,/mnt/ubna_data_02_mir/recover-20220922/UBNA_001/20220921_090000.WAV,Telephone Field,recover-20220922,001,1795
1405.2745,1405.3153,68437,82694,Rhinolophus ferrumequinum,0.026,0.026,-1,Echolocation,/mnt/ubna_data_02_mir/recover-20220922/UBNA_001/20220921_090000.WAV,Telephone Field,recover-20220922,001,1795
1405.2975,1405.336,68437,81896,Rhinolophus ferrumequinum,0.022,0.022,-1,Echolocation,/mnt/ubna_data_02_mir/recover-20220922/UBNA_001/20220921_090000.WAV,Telephone Field,recover-20220922,001,1795
1405.3025,1405.3403,68437,81968,Rhinolophus ferrumequinum,0.022,0.022,-1,Echolocation,/mnt/ubna_data_02_mir/recover-20220922/UBNA_001/20220921_090000.WAV,Telephone Field,recover-20220922,001,1795
1405.3305,1405.369,68437,81421,Rhinolophus ferrumequinum,0.028,0.028,-1,Echolocation,/mnt/ubna_data_02_mir/recover-20220922/UBNA_001/20220921_090000.WAV,Telephone Field,recover-20220922,001,1795
1405.3565,1405.3966,68437,82462,Rhinolophus ferrumequinum,0.025,0.025,-1,Echolocation,/mnt/ubna_data_02_mir/recover-20220922/UBNA_001/20220921_090000.WAV,Telephone Field,recover-20220922,001,1795
1405.3795,1405.4166,68437,81743,Rhinolophus ferrumequinum,0.023,0.024,-1,Echolocation,/mnt/ubna_data_02_mir/recover-20220922/UBNA_001/20220921_090000.WAV,Telephone Field,recover-20220922,001,1795
1405.4085,1405.4194,23750,30126,Nyctalus leisleri,0.009,0.024,-1,Echolocation,/mnt/ubna_data_02_mir/recover-20220922/UBNA_001/20220921_090000.WAV,Telephone Field,recover-20220922,001,1795
1405.4315,1405.4691,68437,82147,Rhinolophus ferrumequinum,0.022,0.022,-1,Echolocation,/mnt/ubna_data_02_mir/recover-20220922/UBNA_001/20220921_090000.WAV,Telephone Field,recover-20220922,001,1795
1405.4645,1405.4732,30625,38539,Eptesicus serotinus,0.01,0.027,-1,Echolocation,/mnt/ubna_data_02_mir/recover-20220922/UBNA_001/20220921_090000.WAV,Telephone Field,recover-20220922,001,1795
1405.5035,1405.5132,28046,37083,Eptesicus serotinus,0.011,0.024,-1,Echolocation,/mnt/ubna_data_02_mir/recover-20220922/UBNA_001/20220921_090000.WAV,Telephone Field,recover-20220922,001,1795
1405.5665,1405.6026,68437,81127,Rhinolophus ferrumequinum,0.025,0.025,-1,Echolocation,/mnt/ubna_data_02_mir/recover-20220922/UBNA_001/20220921_090000.WAV,Telephone Field,recover-20220922,001,1795
1405.5805,1405.622,68437,82305,Rhinolophus ferrumequinum,0.027,0.027,-1,Echolocation,/mnt/ubna_data_02_mir/recover-20220922/UBNA_001/20220921_090000.WAV,Telephone Field,recover-20220922,001,1795
1405.5845,1405.595,27187,35182,Eptesicus serotinus,0.011,0.022,-1,Echolocation,/mnt/ubna_data_02_mir/recover-20220922/UBNA_001/20220921_090000.WAV,Telephone Field,recover-20220922,001,1795
1405.6065,1405.6139,23750,32596,Plecotus austriacus,0.009,0.024,-1,Echolocation,/mnt/ubna_data_02_mir/recover-20220922/UBNA_001/20220921_090000.WAV,Telephone Field,recover-20220922,001,1795
1405.6115,1405.6537,68437,83272,Rhinolophus ferrumequinum,0.022,0.022,-1,Echolocation,/mnt/ubna_data_02_mir/recover-20220922/UBNA_001/20220921_090000.WAV,Telephone Field,recover-20220922,001,1795
1405.6285,1405.666,68437,81815,Rhinolophus ferrumequinum,0.022,0.022,-1,Echolocation,/mnt/ubna_data_02_mir/recover-20220922/UBNA_001/20220921_090000.WAV,Telephone Field,recover-20220922,001,1795
1405.6605,1405.6671,28046,38063,Eptesicus serotinus,0.006,0.023,-1,Echolocation,/mnt/ubna_data_02_mir/recover-20220922/UBNA_001/20220921_090000.WAV,Telephone Field,recover-20220922,001,1795
1405.7165,1405.757,68437,82253,Rhinolophus ferrumequinum,0.023,0.023,-1,Echolocation,/mnt/ubna_data_02_mir/recover-20220922/UBNA_001/20220921_090000.WAV,Telephone Field,recover-20220922,001,1795
1405.7405,1405.7514,22031,27440,Nyctalus leisleri,0.013,0.03,-1,Echolocation,/mnt/ubna_data_02_mir/recover-20220922/UBNA_001/20220921_090000.WAV,Telephone Field,recover-20220922,001,1795
1405.7505,1405.7858,68437,82412,Rhinolophus ferrumequinum,0.023,0.023,-1,Echolocation,/mnt/ubna_data_02_mir/recover-20220922/UBNA_001/20220921_090000.WAV,Telephone Field,recover-20220922,001,1795
1405.7605,1405.7713,26328,33710,Eptesicus serotinus,0.015,0.036,-1,Echolocation,/mnt/ubna_data_02_mir/recover-20220922/UBNA_001/20220921_090000.WAV,Telephone Field,recover-20220922,001,1795
1405.7775,1405.7901,14296,20661,Nyctalus noctula,0.016,0.027,-1,Echolocation,/mnt/ubna_data_02_mir/recover-20220922/UBNA_001/20220921_090000.WAV,Telephone Field,recover-20220922,001,1795
1405.8045,1405.8446,68437,82413,Rhinolophus ferrumequinum,0.022,0.022,-1,Echolocation,/mnt/ubna_data_02_mir/recover-20220922/UBNA_001/20220921_090000.WAV,Telephone Field,recover-20220922,001,1795
1405.8395,1405.8795,68437,82774,Rhinolophus ferrumequinum,0.023,0.023,-1,Echolocation,/mnt/ubna_data_02_mir/recover-20220922/UBNA_001/20220921_090000.WAV,Telephone Field,recover-20220922,001,1795
1405.8815,1405.9222,68437,82291,Rhinolophus ferrumequinum,0.026,0.026,-1,Echolocation,/mnt/ubna_data_02_mir/recover-20220922/UBNA_001/20220921_090000.WAV,Telephone Field,recover-20220922,001,1795
1405.9255,1405.963,68437,82542,Rhinolophus ferrumequinum,0.023,0.023,-1,Echolocation,/mnt/ubna_data_02_mir/recover-20220922/UBNA_001/20220921_090000.WAV,Telephone Field,recover-20220922,001,1795
1405.9775,1405.9865,27187,36590,Eptesicus serotinus,0.011,0.026,-1,Echolocation,/mnt/ubna_data_02_mir/recover-20220922/UBNA_001/20220921_090000.WAV,Telephone Field,recover-20220922,001,1795
1406.0015,1406.0343,68437,79975,Rhinolophus ferrumequinum,0.044,0.044,-1,Echolocation,/mnt/ubna_data_02_mir/recover-20220922/UBNA_001/20220921_090000.WAV,Telephone Field,recover-20220922,001,1795
1406.0015,1406.0094,26328,34939,Nyctalus leisleri,0.006,0.023,-1,Echolocation,/mnt/ubna_data_02_mir/recover-20220922/UBNA_001/20220921_090000.WAV,Telephone Field,recover-20220922,001,1795
1406.0015,1406.0092,19453,25360,Plecotus austriacus,0.007,0.023,-1,Echolocation,/mnt/ubna_data_02_mir/recover-20220922/UBNA_001/20220921_090000.WAV,Telephone Field,recover-20220922,001,1795
1406.0095,1406.0524,68437,82698,Rhinolophus ferrumequinum,0.022,0.022,-1,Echolocation,/mnt/ubna_data_02_mir/recover-20220922/UBNA_001/20220921_090000.WAV,Telephone Field,recover-20220922,001,1795
1406.0315,1406.0418,14296,19050,Nyctalus noctula,0.013,0.028,-1,Echolocation,/mnt/ubna_data_02_mir/recover-20220922/UBNA_001/20220921_090000.WAV,Telephone Field,recover-20220922,001,1795
1406.0355,1406.0445,28046,37669,Eptesicus serotinus,0.009,0.022,-1,Echolocation,/mnt/ubna_data_02_mir/recover-20220922/UBNA_001/20220921_090000.WAV,Telephone Field,recover-20220922,001,1795
1406.0455,1406.0831,68437,81830,Rhinolophus ferrumequinum,0.021,0.021,-1,Echolocation,/mnt/ubna_data_02_mir/recover-20220922/UBNA_001/20220921_090000.WAV,Telephone Field,recover-20220922,001,1795
1406.0765,1406.1142,68437,81707,Rhinolophus ferrumequinum,0.022,0.022,-1,Echolocation,/mnt/ubna_data_02_mir/recover-20220922/UBNA_001/20220921_090000.WAV,Telephone Field,recover-20220922,001,1795
1406.1465,1406.1828,68437,81828,Rhinolophus ferrumequinum,0.021,0.021,-1,Echolocation,/mnt/ubna_data_02_mir/recover-20220922/UBNA_001/20220921_090000.WAV,Telephone Field,recover-20220922,001,1795
1406.1555,1406.1647,25468,34040,Eptesicus serotinus,0.018,0.043,-1,Echolocation,/mnt/ubna_data_02_mir/recover-20220922/UBNA_001/20220921_090000.WAV,Telephone Field,recover-20220922,001,1795
1406.1975,1406.238,68437,81563,Rhinolophus ferrumequinum,0.023,0.023,-1,Echolocation,/mnt/ubna_data_02_mir/recover-20220922/UBNA_001/20220921_090000.WAV,Telephone Field,recover-20220922,001,1795
1406.2085,1406.2481,68437,82214,Rhinolophus ferrumequinum,0.024,0.024,-1,Echolocation,/mnt/ubna_data_02_mir/recover-20220922/UBNA_001/20220921_090000.WAV,Telephone Field,recover-20220922,001,1795
1406.2135,1406.2236,28046,36115,Eptesicus serotinus,0.009,0.022,-1,Echolocation,/mnt/ubna_data_02_mir/recover-20220922/UBNA_001/20220921_090000.WAV,Telephone Field,recover-20220922,001,1795
1406.2445,1406.2548,27187,34977,Eptesicus serotinus,0.009,0.023,-1,Echolocation,/mnt/ubna_data_02_mir/recover-20220922/UBNA_001/20220921_090000.WAV,Telephone Field,recover-20220922,001,1795
1406.2625,1406.2772,33203,38213,Eptesicus serotinus,0.009,0.026,-1,Echolocation,/mnt/ubna_data_02_mir/recover-20220922/UBNA_001/20220921_090000.WAV,Telephone Field,recover-20220922,001,1795
1406.2645,1406.2752,28906,36206,Eptesicus serotinus,0.012,0.024,-1,Echolocation,/mnt/ubna_data_02_mir/recover-20220922/UBNA_001/20220921_090000.WAV,Telephone Field,recover-20220922,001,1795
1406.3495,1406.3864,68437,82246,Rhinolophus ferrumequinum,0.023,0.023,-1,Echolocation,/mnt/ubna_data_02_mir/recover-20220922/UBNA_001/20220921_090000.WAV,Telephone Field,recover-20220922,001,1795
1406.3575,1406.3708,23750,29957,Nyctalus leisleri,0.011,0.026,-1,Echolocation,/mnt/ubna_data_02_mir/recover-20220922/UBNA_001/20220921_090000.WAV,Telephone Field,recover-20220922,001,1795
1406.3725,1406.4098,68437,82150,Rhinolophus ferrumequinum,0.021,0.021,-1,Echolocation,/mnt/ubna_data_02_mir/recover-20220922/UBNA_001/20220921_090000.WAV,Telephone Field,recover-20220922,001,1795
1406.3795,1406.4177,68437,82140,Rhinolophus ferrumequinum,0.022,0.022,-1,Echolocation,/mnt/ubna_data_02_mir/recover-20220922/UBNA_001/20220921_090000.WAV,Telephone Field,recover-20220922,001,1795
1406.3815,1406.3905,28046,37255,Eptesicus serotinus,0.01,0.022,-1,Echolocation,/mnt/ubna_data_02_mir/recover-20220922/UBNA_001/20220921_090000.WAV,Telephone Field,recover-20220922,001,1795
1406.3905,1406.4317,68437,82577,Rhinolophus ferrumequinum,0.022,0.022,-1,Echolocation,/mnt/ubna_data_02_mir/recover-20220922/UBNA_001/20220921_090000.WAV,Telephone Field,recover-20220922,001,1795
1406.4385,1406.4453,28046,41224,Eptesicus serotinus,0.006,0.025,-1,Echolocation,/mnt/ubna_data_02_mir/recover-20220922/UBNA_001/20220921_090000.WAV,Telephone Field,recover-20220922,001,1795
1406.4505,1406.4594,28046,39737,Eptesicus serotinus,0.007,0.02,-1,Echolocation,/mnt/ubna_data_02_mir/recover-20220922/UBNA_001/20220921_090000.WAV,Telephone Field,recover-20220922,001,1795
1406.4505,1406.4909,68437,82373,Rhinolophus ferrumequinum,0.025,0.025,-1,Echolocation,/mnt/ubna_data_02_mir/recover-20220922/UBNA_001/20220921_090000.WAV,Telephone Field,recover-20220922,001,1795
1406.5235,1406.5605,68437,82309,Rhinolophus ferrumequinum,0.02,0.02,-1,Echolocation,/mnt/ubna_data_02_mir/recover-20220922/UBNA_001/20220921_090000.WAV,Telephone Field,recover-20220922,001,1795
1406.5465,1406.5867,68437,82675,Rhinolophus ferrumequinum,0.025,0.025,-1,Echolocation,/mnt/ubna_data_02_mir/recover-20220922/UBNA_001/20220921_090000.WAV,Telephone Field,recover-20220922,001,1795
1406.5615,1406.6036,68437,82419,Rhinolophus ferrumequinum,0.022,0.022,-1,Echolocation,/mnt/ubna_data_02_mir/recover-20220922/UBNA_001/20220921_090000.WAV,Telephone Field,recover-20220922,001,1795
1406.5675,1406.5781,28046,35160,Eptesicus serotinus,0.009,0.021,-1,Echolocation,/mnt/ubna_data_02_mir/recover-20220922/UBNA_001/20220921_090000.WAV,Telephone Field,recover-20220922,001,1795
1406.5905,1406.5984,26328,38534,Eptesicus serotinus,0.008,0.022,-1,Echolocation,/mnt/ubna_data_02_mir/recover-20220922/UBNA_001/20220921_090000.WAV,Telephone Field,recover-20220922,001,1795
1406.6095,1406.6462,68437,81359,Rhinolophus ferrumequinum,0.02,0.021,-1,Echolocation,/mnt/ubna_data_02_mir/recover-20220922/UBNA_001/20220921_090000.WAV,Telephone Field,recover-20220922,001,1795
1406.6095,1406.619,45234,51684,Pipistrellus pipistrellus,0.021,0.026,-1,Echolocation,/mnt/ubna_data_02_mir/recover-20220922/UBNA_001/20220921_090000.WAV,Telephone Field,recover-20220922,001,1795
1406.6385,1406.6777,68437,82671,Rhinolophus ferrumequinum,0.022,0.022,-1,Echolocation,/mnt/ubna_data_02_mir/recover-20220922/UBNA_001/20220921_090000.WAV,Telephone Field,recover-20220922,001,1795
1406.6895,1406.7336,68437,83404,Rhinolophus ferrumequinum,0.035,0.035,-1,Echolocation,/mnt/ubna_data_02_mir/recover-20220922/UBNA_001/20220921_090000.WAV,Telephone Field,recover-20220922,001,1795
1406.7245,1406.7633,68437,82057,Rhinolophus ferrumequinum,0.02,0.02,-1,Echolocation,/mnt/ubna_data_02_mir/recover-20220922/UBNA_001/20220921_090000.WAV,Telephone Field,recover-20220922,001,1795
1406.7675,1406.7812,26328,32366,Eptesicus serotinus,0.015,0.03,-1,Echolocation,/mnt/ubna_data_02_mir/recover-20220922/UBNA_001/20220921_090000.WAV,Telephone Field,recover-20220922,001,1795
1406.7775,1406.7856,28046,40826,Eptesicus serotinus,0.008,0.024,-1,Echolocation,/mnt/ubna_data_02_mir/recover-20220922/UBNA_001/20220921_090000.WAV,Telephone Field,recover-20220922,001,1795
1406.7775,1406.7849,35781,46400,Myotis daubentonii,0.009,0.023,-1,Echolocation,/mnt/ubna_data_02_mir/recover-20220922/UBNA_001/20220921_090000.WAV,Telephone Field,recover-20220922,001,1795
1406.7875,1406.8249,68437,81750,Rhinolophus ferrumequinum,0.024,0.024,-1,Echolocation,/mnt/ubna_data_02_mir/recover-20220922/UBNA_001/20220921_090000.WAV,Telephone Field,recover-20220922,001,1795
1406.8065,1406.8485,68437,82546,Rhinolophus ferrumequinum,0.031,0.031,-1,Echolocation,/mnt/ubna_data_02_mir/recover-20220922/UBNA_001/20220921_090000.WAV,Telephone Field,recover-20220922,001,1795
1406.8335,1406.8443,25468,31246,Nyctalus leisleri,0.034,0.081,-1,Echolocation,/mnt/ubna_data_02_mir/recover-20220922/UBNA_001/20220921_090000.WAV,Telephone Field,recover-20220922,001,1795
1406.8365,1406.8755,68437,82532,Rhinolophus ferrumequinum,0.025,0.025,-1,Echolocation,/mnt/ubna_data_02_mir/recover-20220922/UBNA_001/20220921_090000.WAV,Telephone Field,recover-20220922,001,1795
1406.8885,1406.927,68437,81520,Rhinolophus ferrumequinum,0.022,0.022,-1,Echolocation,/mnt/ubna_data_02_mir/recover-20220922/UBNA_001/20220921_090000.WAV,Telephone Field,recover-20220922,001,1795
1406.9085,1406.9207,37500,41772,Pipistrellus nathusii,0.011,0.023,-1,Echolocation,/mnt/ubna_data_02_mir/recover-20220922/UBNA_001/20220921_090000.WAV,Telephone Field,recover-20220922,001,1795
1406.9365,1406.9756,68437,82510,Rhinolophus ferrumequinum,0.022,0.022,-1,Echolocation,/mnt/ubna_data_02_mir/recover-20220922/UBNA_001/20220921_090000.WAV,Telephone Field,recover-20220922,001,1795
1406.9615,1406.9977,68437,81217,Rhinolophus ferrumequinum,0.021,0.021,-1,Echolocation,/mnt/ubna_data_02_mir/recover-20220922/UBNA_001/20220921_090000.WAV,Telephone Field,recover-20220922,001,1795
1406.9695,1407.007,68437,81296,Rhinolophus ferrumequinum,0.024,0.024,-1,Echolocation,/mnt/ubna_data_02_mir/recover-20220922/UBNA_001/20220921_090000.WAV,Telephone Field,recover-20220922,001,1795
1406.9765,1406.9913,13437,16838,Nyctalus noctula,0.041,0.064,-1,Echolocation,/mnt/ubna_data_02_mir/recover-20220922/UBNA_001/20220921_090000.WAV,Telephone Field,recover-20220922,001,1795
1406.9975,1407.007,28906,38333,Eptesicus serotinus,0.014,0.03,-1,Echolocation,/mnt/ubna_data_02_mir/recover-20220922/UBNA_001/20220921_090000.WAV,Telephone Field,recover-20220922,001,1795
1407.0225,1407.0332,28046,34942,Eptesicus serotinus,0.009,0.023,-1,Echolocation,/mnt/ubna_data_02_mir/recover-20220922/UBNA_001/20220921_090000.WAV,Telephone Field,recover-20220922,001,1795
1407.0595,1407.0989,68437,82500,Rhinolophus ferrumequinum,0.023,0.023,-1,Echolocation,/mnt/ubna_data_02_mir/recover-20220922/UBNA_001/20220921_090000.WAV,Telephone Field,recover-20220922,001,1795
1407.0665,1407.1058,68437,82004,Rhinolophus ferrumequinum,0.02,0.02,-1,Echolocation,/mnt/ubna_data_02_mir/recover-20220922/UBNA_001/20220921_090000.WAV,Telephone Field,recover-20220922,001,1795
1407.1025,1407.1122,28906,36158,Eptesicus serotinus,0.008,0.021,-1,Echolocation,/mnt/ubna_data_02_mir/recover-20220922/UBNA_001/20220921_090000.WAV,Telephone Field,recover-20220922,001,1795
1407.1335,1407.1422,26328,34602,Eptesicus serotinus,0.011,0.025,-1,Echolocation,/mnt/ubna_data_02_mir/recover-20220922/UBNA_001/20220921_090000.WAV,Telephone Field,recover-20220922,001,1795
1407.1615,1407.1706,25468,32724,Eptesicus serotinus,0.007,0.021,-1,Echolocation,/mnt/ubna_data_02_mir/recover-20220922/UBNA_001/20220921_090000.WAV,Telephone Field,recover-20220922,001,1795
1407.1615,1407.1948,68437,81201,Rhinolophus ferrumequinum,0.023,0.023,-1,Echolocation,/mnt/ubna_data_02_mir/recover-20220922/UBNA_001/20220921_090000.WAV,Telephone Field,recover-20220922,001,1795
1407.1805,1407.2211,68437,82308,Rhinolophus ferrumequinum,0.026,0.026,-1,Echolocation,/mnt/ubna_data_02_mir/recover-20220922/UBNA_001/20220921_090000.WAV,Telephone Field,recover-20220922,001,1795
1407.1985,1407.2071,25468,36643,Eptesicus serotinus,0.008,0.022,-1,Echolocation,/mnt/ubna_data_02_mir/recover-20220922/UBNA_001/20220921_090000.WAV,Telephone Field,recover-20220922,001,1795
1407.2305,1407.2404,22890,29632,Nyctalus leisleri,0.007,0.022,-1,Echolocation,/mnt/ubna_data_02_mir/recover-20220922/UBNA_001/20220921_090000.WAV,Telephone Field,recover-20220922,001,1795
1407.2585,1407.2982,68437,82055,Rhinolophus ferrumequinum,0.021,0.021,-1,Echolocation,/mnt/ubna_data_02_mir/recover-20220922/UBNA_001/20220921_090000.WAV,Telephone Field,recover-20220922,001,1795
1407.2825,1407.2927,28906,35513,Eptesicus serotinus,0.008,0.021,-1,Echolocation,/mnt/ubna_data_02_mir/recover-20220922/UBNA_001/20220921_090000.WAV,Telephone Field,recover-20220922,001,1795
1407.3165,1407.3229,28046,37770,Eptesicus serotinus,0.006,0.022,-1,Echolocation,/mnt/ubna_data_02_mir/recover-20220922/UBNA_001/20220921_090000.WAV,Telephone Field,recover-20220922,001,1795
1407.3375,1407.351,24609,30766,Nyctalus leisleri,0.01,0.024,-1,Echolocation,/mnt/ubna_data_02_mir/recover-20220922/UBNA_001/20220921_090000.WAV,Telephone Field,recover-20220922,001,1795
1407.3495,1407.3588,26328,34147,Eptesicus serotinus,0.009,0.027,-1,Echolocation,/mnt/ubna_data_02_mir/recover-20220922/UBNA_001/20220921_090000.WAV,Telephone Field,recover-20220922,001,1795
1407.3515,1407.394,68437,83003,Rhinolophus ferrumequinum,0.028,0.028,-1,Echolocation,/mnt/ubna_data_02_mir/recover-20220922/UBNA_001/20220921_090000.WAV,Telephone Field,recover-20220922,001,1795
1407.4085,1407.4178,28906,37259,Eptesicus serotinus,0.009,0.022,-1,Echolocation,/mnt/ubna_data_02_mir/recover-20220922/UBNA_001/20220921_090000.WAV,Telephone Field,recover-20220922,001,1795
1407.4385,1407.4461000000001,28046,46034,Eptesicus serotinus,0.007,0.021,-1,Echolocation,/mnt/ubna_data_02_mir/recover-20220922/UBNA_001/20220921_090000.WAV,Telephone Field,recover-20220922,001,1795
1407.4465,1407.4868,68437,82313,Rhinolophus ferrumequinum,0.021,0.021,-1,Echolocation,/mnt/ubna_data_02_mir/recover-20220922/UBNA_001/20220921_090000.WAV,Telephone Field,recover-20220922,001,1795
1407.4485,1407.4572,23750,31340,Plecotus austriacus,0.007,0.022,-1,Echolocation,/mnt/ubna_data_02_mir/recover-20220922/UBNA_001/20220921_090000.WAV,Telephone Field,recover-20220922,001,1795
1407.4815,1407.4898,28906,39009,Eptesicus serotinus,0.007,0.02,-1,Echolocation,/mnt/ubna_data_02_mir/recover-20220922/UBNA_001/20220921_090000.WAV,Telephone Field,recover-20220922,001,1795
1407.4885,1407.5289,68437,82313,Rhinolophus ferrumequinum,0.028,0.028,-1,Echolocation,/mnt/ubna_data_02_mir/recover-20220922/UBNA_001/20220921_090000.WAV,Telephone Field,recover-20220922,001,1795
1407.5725,1407.5825,22031,26589,Nyctalus leisleri,0.011,0.023,-1,Echolocation,/mnt/ubna_data_02_mir/recover-20220922/UBNA_001/20220921_090000.WAV,Telephone Field,recover-20220922,001,1795
1407.5915,1407.6323,68437,82712,Rhinolophus ferrumequinum,0.021,0.021,-1,Echolocation,/mnt/ubna_data_02_mir/recover-20220922/UBNA_001/20220921_090000.WAV,Telephone Field,recover-20220922,001,1795
1407.5945,1407.6079,51250,56348,Pipistrellus pipistrellus,0.029,0.036,-1,Echolocation,/mnt/ubna_data_02_mir/recover-20220922/UBNA_001/20220921_090000.WAV,Telephone Field,recover-20220922,001,1795
1407.6175,1407.628,26328,33156,Eptesicus serotinus,0.01,0.025,-1,Echolocation,/mnt/ubna_data_02_mir/recover-20220922/UBNA_001/20220921_090000.WAV,Telephone Field,recover-20220922,001,1795
1407.6265,1407.6378,22890,27108,Nyctalus leisleri,0.014,0.025,-1,Echolocation,/mnt/ubna_data_02_mir/recover-20220922/UBNA_001/20220921_090000.WAV,Telephone Field,recover-20220922,001,1795
1407.6525,1407.6909,68437,81975,Rhinolophus ferrumequinum,0.024,0.024,-1,Echolocation,/mnt/ubna_data_02_mir/recover-20220922/UBNA_001/20220921_090000.WAV,Telephone Field,recover-20220922,001,1795
1407.6545,1407.6649,28906,35686,Eptesicus serotinus,0.01,0.024,-1,Echolocation,/mnt/ubna_data_02_mir/recover-20220922/UBNA_001/20220921_090000.WAV,Telephone Field,recover-20220922,001,1795
1407.6635,1407.6744,25468,32732,Eptesicus serotinus,0.01,0.023,-1,Echolocation,/mnt/ubna_data_02_mir/recover-20220922/UBNA_001/20220921_090000.WAV,Telephone Field,recover-20220922,001,1795
1407.6685,1407.7074,68437,82524,Rhinolophus ferrumequinum,0.023,0.023,-1,Echolocation,/mnt/ubna_data_02_mir/recover-20220922/UBNA_001/20220921_090000.WAV,Telephone Field,recover-20220922,001,1795
1407.7185,1407.7251,36640,43679,Myotis daubentonii,0.007,0.024,-1,Echolocation,/mnt/ubna_data_02_mir/recover-20220922/UBNA_001/20220921_090000.WAV,Telephone Field,recover-20220922,001,1795
1407.7205,1407.7267,28046,39835,Eptesicus serotinus,0.005,0.023,-1,Echolocation,/mnt/ubna_data_02_mir/recover-20220922/UBNA_001/20220921_090000.WAV,Telephone Field,recover-20220922,001,1795
1407.7305,1407.7694,68437,82449,Rhinolophus ferrumequinum,0.023,0.023,-1,Echolocation,/mnt/ubna_data_02_mir/recover-20220922/UBNA_001/20220921_090000.WAV,Telephone Field,recover-20220922,001,1795
1407.7605,1407.7774,14296,17251,Nyctalus noctula,0.021,0.034,-1,Echolocation,/mnt/ubna_data_02_mir/recover-20220922/UBNA_001/20220921_090000.WAV,Telephone Field,recover-20220922,001,1795
1407.7855,1407.7944,26328,34339,Eptesicus serotinus,0.018,0.04,-1,Echolocation,/mnt/ubna_data_02_mir/recover-20220922/UBNA_001/20220921_090000.WAV,Telephone Field,recover-20220922,001,1795
1407.8195,1407.8272,28046,39864,Eptesicus serotinus,0.009,0.026,-1,Echolocation,/mnt/ubna_data_02_mir/recover-20220922/UBNA_001/20220921_090000.WAV,Telephone Field,recover-20220922,001,1795
1407.8505,1407.8585,28046,38317,Eptesicus serotinus,0.008,0.021,-1,Echolocation,/mnt/ubna_data_02_mir/recover-20220922/UBNA_001/20220921_090000.WAV,Telephone Field,recover-20220922,001,1795
1407.8525,1407.8893,68437,81841,Rhinolophus ferrumequinum,0.021,0.021,-1,Echolocation,/mnt/ubna_data_02_mir/recover-20220922/UBNA_001/20220921_090000.WAV,Telephone Field,recover-20220922,001,1795
1407.8685,1407.9089,68437,82251,Rhinolophus ferrumequinum,0.026,0.026,-1,Echolocation,/mnt/ubna_data_02_mir/recover-20220922/UBNA_001/20220921_090000.WAV,Telephone Field,recover-20220922,001,1795
1407.8865,1407.897,23750,29437,Nyctalus leisleri,0.009,0.021,-1,Echolocation,/mnt/ubna_data_02_mir/recover-20220922/UBNA_001/20220921_090000.WAV,Telephone Field,recover-20220922,001,1795
1407.9105,1407.9501,68437,81802,Rhinolophus ferrumequinum,0.023,0.023,-1,Echolocation,/mnt/ubna_data_02_mir/recover-20220922/UBNA_001/20220921_090000.WAV,Telephone Field,recover-20220922,001,1795
1407.9265,1407.9668,68437,82037,Rhinolophus ferrumequinum,0.023,0.023,-1,Echolocation,/mnt/ubna_data_02_mir/recover-20220922/UBNA_001/20220921_090000.WAV,Telephone Field,recover-20220922,001,1795
1407.9525,1407.9883,68437,81421,Rhinolophus ferrumequinum,0.024,0.024,-1,Echolocation,/mnt/ubna_data_02_mir/recover-20220922/UBNA_001/20220921_090000.WAV,Telephone Field,recover-20220922,001,1795
1407.9595,1407.9708,34062,40151,Pipistrellus nathusii,0.005,0.024,-1,Echolocation,/mnt/ubna_data_02_mir/recover-20220922/UBNA_001/20220921_090000.WAV,Telephone Field,recover-20220922,001,1795
1407.9875,1407.9961,28046,40946,Eptesicus serotinus,0.009,0.023,-1,Echolocation,/mnt/ubna_data_02_mir/recover-20220922/UBNA_001/20220921_090000.WAV,Telephone Field,recover-20220922,001,1795
1408.0015,1408.0116,24609,31272,Nyctalus leisleri,0.013,0.033,-1,Echolocation,/mnt/ubna_data_02_mir/recover-20220922/UBNA_001/20220921_090000.WAV,Telephone Field,recover-20220922,001,1795
1408.0015,1408.0338,68437,79673,Rhinolophus ferrumequinum,0.029,0.029,-1,Echolocation,/mnt/ubna_data_02_mir/recover-20220922/UBNA_001/20220921_090000.WAV,Telephone Field,recover-20220922,001,1795
1408.0015,1408.0103,48671,55666,Pipistrellus pipistrellus,0.021,0.026,-1,Echolocation,/mnt/ubna_data_02_mir/recover-20220922/UBNA_001/20220921_090000.WAV,Telephone Field,recover-20220922,001,1795
1408.0145,1408.0251,22890,27769,Nyctalus leisleri,0.015,0.029,-1,Echolocation,/mnt/ubna_data_02_mir/recover-20220922/UBNA_001/20220921_090000.WAV,Telephone Field,recover-20220922,001,1795
1408.0315,1408.0411,23750,31013,Plecotus austriacus,0.009,0.029,-1,Echolocation,/mnt/ubna_data_02_mir/recover-20220922/UBNA_001/20220921_090000.WAV,Telephone Field,recover-20220922,001,1795
1408.0995,1408.114,23750,29055,Nyctalus leisleri,0.026,0.057,-1,Echolocation,/mnt/ubna_data_02_mir/recover-20220922/UBNA_001/20220921_090000.WAV,Telephone Field,recover-20220922,001,1795
1408.1015,1408.1417,68437,82254,Rhinolophus ferrumequinum,0.023,0.023,-1,Echolocation,/mnt/ubna_data_02_mir/recover-20220922/UBNA_001/20220921_090000.WAV,Telephone Field,recover-20220922,001,1795
1408.1325,1408.1405,26328,34704,Eptesicus serotinus,0.008,0.023,-1,Echolocation,/mnt/ubna_data_02_mir/recover-20220922/UBNA_001/20220921_090000.WAV,Telephone Field,recover-20220922,001,1795
1408.1585,1408.1692,29765,36893,Eptesicus serotinus,0.009,0.023,-1,Echolocation,/mnt/ubna_data_02_mir/recover-20220922/UBNA_001/20220921_090000.WAV,Telephone Field,recover-20220922,001,1795
1408.1595,1408.1981,68437,81788,Rhinolophus ferrumequinum,0.025,0.025,-1,Echolocation,/mnt/ubna_data_02_mir/recover-20220922/UBNA_001/20220921_090000.WAV,Telephone Field,recover-20220922,001,1795
1408.1825,1408.2231,68437,82330,Rhinolophus ferrumequinum,0.022,0.022,-1,Echolocation,/mnt/ubna_data_02_mir/recover-20220922/UBNA_001/20220921_090000.WAV,Telephone Field,recover-20220922,001,1795
1408.1875,1408.1984,29765,35747,Eptesicus serotinus,0.01,0.024,-1,Echolocation,/mnt/ubna_data_02_mir/recover-20220922/UBNA_001/20220921_090000.WAV,Telephone Field,recover-20220922,001,1795
1408.1925,1408.2031,24609,30189,Nyctalus leisleri,0.009,0.022,-1,Echolocation,/mnt/ubna_data_02_mir/recover-20220922/UBNA_001/20220921_090000.WAV,Telephone Field,recover-20220922,001,1795
1408.2085,1408.2469,68437,81390,Rhinolophus ferrumequinum,0.023,0.023,-1,Echolocation,/mnt/ubna_data_02_mir/recover-20220922/UBNA_001/20220921_090000.WAV,Telephone Field,recover-20220922,001,1795
1408.2715,1408.2795,23750,31632,Plecotus austriacus,0.009,0.022,-1,Echolocation,/mnt/ubna_data_02_mir/recover-20220922/UBNA_001/20220921_090000.WAV,Telephone Field,recover-20220922,001,1795
1408.2785,1408.3195,68437,82279,Rhinolophus ferrumequinum,0.023,0.023,-1,Echolocation,/mnt/ubna_data_02_mir/recover-20220922/UBNA_001/20220921_090000.WAV,Telephone Field,recover-20220922,001,1795
1408.2815,1408.289,48671,59509,Pipistrellus pipistrellus,0.019,0.023,-1,Echolocation,/mnt/ubna_data_02_mir/recover-20220922/UBNA_001/20220921_090000.WAV,Telephone Field,recover-20220922,001,1795
1408.3235,1408.3327,37500,45622,Pipistrellus nathusii,0.011,0.028,-1,Echolocation,/mnt/ubna_data_02_mir/recover-20220922/UBNA_001/20220921_090000.WAV,Telephone Field,recover-20220922,001,1795
1408.3585,1408.3967,68437,81660,Rhinolophus ferrumequinum,0.027,0.027,-1,Echolocation,/mnt/ubna_data_02_mir/recover-20220922/UBNA_001/20220921_090000.WAV,Telephone Field,recover-20220922,001,1795
1408.3815,1408.4177,68437,81301,Rhinolophus ferrumequinum,0.022,0.022,-1,Echolocation,/mnt/ubna_data_02_mir/recover-20220922/UBNA_001/20220921_090000.WAV,Telephone Field,recover-20220922,001,1795
1408.4075,1408.4453,68437,81649,Rhinolophus ferrumequinum,0.023,0.023,-1,Echolocation,/mnt/ubna_data_02_mir/recover-20220922/UBNA_001/20220921_090000.WAV,Telephone Field,recover-20220922,001,1795
1408.4255,1408.435,22890,28819,Nyctalus leisleri,0.009,0.024,-1,Echolocation,/mnt/ubna_data_02_mir/recover-20220922/UBNA_001/20220921_090000.WAV,Telephone Field,recover-20220922,001,1795
1408.4855,1408.5251,68437,82647,Rhinolophus ferrumequinum,0.023,0.023,-1,Echolocation,/mnt/ubna_data_02_mir/recover-20220922/UBNA_001/20220921_090000.WAV,Telephone Field,recover-20220922,001,1795
1408.4945,1408.5051,24609,31371,Nyctalus leisleri,0.008,0.022,-1,Echolocation,/mnt/ubna_data_02_mir/recover-20220922/UBNA_001/20220921_090000.WAV,Telephone Field,recover-20220922,001,1795
1408.5265,1408.5591,68437,81077,Rhinolophus ferrumequinum,0.022,0.022,-1,Echolocation,/mnt/ubna_data_02_mir/recover-20220922/UBNA_001/20220921_090000.WAV,Telephone Field,recover-20220922,001,1795
1408.5295,1408.5384,34062,40724,Barbastellus barbastellus,0.019,0.047,-1,Echolocation,/mnt/ubna_data_02_mir/recover-20220922/UBNA_001/20220921_090000.WAV,Telephone Field,recover-20220922,001,1795
1408.5355,1408.5708,68437,81276,Rhinolophus ferrumequinum,0.022,0.022,-1,Echolocation,/mnt/ubna_data_02_mir/recover-20220922/UBNA_001/20220921_090000.WAV,Telephone Field,recover-20220922,001,1795
1408.5485,1408.5658,15156,19965,Nyctalus noctula,0.031,0.041,-1,Echolocation,/mnt/ubna_data_02_mir/recover-20220922/UBNA_001/20220921_090000.WAV,Telephone Field,recover-20220922,001,1795
1408.5685,1408.6073,68437,81743,Rhinolophus ferrumequinum,0.024,0.024,-1,Echolocation,/mnt/ubna_data_02_mir/recover-20220922/UBNA_001/20220921_090000.WAV,Telephone Field,recover-20220922,001,1795
1408.5705,1408.5792,28906,39424,Eptesicus serotinus,0.01,0.027,-1,Echolocation,/mnt/ubna_data_02_mir/recover-20220922/UBNA_001/20220921_090000.WAV,Telephone Field,recover-20220922,001,1795
1408.6365,1408.6492,28906,33896,Nyctalus leisleri,0.018,0.039,-1,Echolocation,/mnt/ubna_data_02_mir/recover-20220922/UBNA_001/20220921_090000.WAV,Telephone Field,recover-20220922,001,1795
1408.6525,1408.693,68437,82343,Rhinolophus ferrumequinum,0.026,0.026,-1,Echolocation,/mnt/ubna_data_02_mir/recover-20220922/UBNA_001/20220921_090000.WAV,Telephone Field,recover-20220922,001,1795
1408.6525,1408.6624,28906,36087,Eptesicus serotinus,0.01,0.024,-1,Echolocation,/mnt/ubna_data_02_mir/recover-20220922/UBNA_001/20220921_090000.WAV,Telephone Field,recover-20220922,001,1795
1408.6685,1408.7099,68437,82957,Rhinolophus ferrumequinum,0.032,0.032,-1,Echolocation,/mnt/ubna_data_02_mir/recover-20220922/UBNA_001/20220921_090000.WAV,Telephone Field,recover-20220922,001,1795
1408.6855,1408.696,24609,32268,Eptesicus serotinus,0.01,0.03,-1,Echolocation,/mnt/ubna_data_02_mir/recover-20220922/UBNA_001/20220921_090000.WAV,Telephone Field,recover-20220922,001,1795
1408.6945,1408.7052,25468,32324,Eptesicus serotinus,0.015,0.038,-1,Echolocation,/mnt/ubna_data_02_mir/recover-20220922/UBNA_001/20220921_090000.WAV,Telephone Field,recover-20220922,001,1795
1408.7595,1408.7965,68437,81436,Rhinolophus ferrumequinum,0.024,0.024,-1,Echolocation,/mnt/ubna_data_02_mir/recover-20220922/UBNA_001/20220921_090000.WAV,Telephone Field,recover-20220922,001,1795
1408.7695,1408.7781,28906,42422,Eptesicus serotinus,0.008,0.022,-1,Echolocation,/mnt/ubna_data_02_mir/recover-20220922/UBNA_001/20220921_090000.WAV,Telephone Field,recover-20220922,001,1795
1408.7815,1408.8186,68437,81233,Rhinolophus ferrumequinum,0.024,0.024,-1,Echolocation,/mnt/ubna_data_02_mir/recover-20220922/UBNA_001/20220921_090000.WAV,Telephone Field,recover-20220922,001,1795
1408.8155,1408.8228,24609,32985,Plecotus austriacus,0.009,0.024,-1,Echolocation,/mnt/ubna_data_02_mir/recover-20220922/UBNA_001/20220921_090000.WAV,Telephone Field,recover-20220922,001,1795
1408.8395,1408.8491,29765,37353,Eptesicus serotinus,0.009,0.025,-1,Echolocation,/mnt/ubna_data_02_mir/recover-20220922/UBNA_001/20220921_090000.WAV,Telephone Field,recover-20220922,001,1795
1408.8405,1408.8477,23750,32739,Plecotus austriacus,0.015,0.03,-1,Echolocation,/mnt/ubna_data_02_mir/recover-20220922/UBNA_001/20220921_090000.WAV,Telephone Field,recover-20220922,001,1795
1408.8455,1408.8857,68437,82904,Rhinolophus ferrumequinum,0.035,0.035,-1,Echolocation,/mnt/ubna_data_02_mir/recover-20220922/UBNA_001/20220921_090000.WAV,Telephone Field,recover-20220922,001,1795
1408.8605,1408.869,27187,39475,Eptesicus serotinus,0.008,0.024,-1,Echolocation,/mnt/ubna_data_02_mir/recover-20220922/UBNA_001/20220921_090000.WAV,Telephone Field,recover-20220922,001,1795
1408.8745,1408.8848,24609,30061,Nyctalus leisleri,0.023,0.061,-1,Echolocation,/mnt/ubna_data_02_mir/recover-20220922/UBNA_001/20220921_090000.WAV,Telephone Field,recover-20220922,001,1795
1408.8785,1408.9154,68437,81580,Rhinolophus ferrumequinum,0.023,0.023,-1,Echolocation,/mnt/ubna_data_02_mir/recover-20220922/UBNA_001/20220921_090000.WAV,Telephone Field,recover-20220922,001,1795
1408.8915,1408.93,68437,81652,Rhinolophus ferrumequinum,0.023,0.023,-1,Echolocation,/mnt/ubna_data_02_mir/recover-20220922/UBNA_001/20220921_090000.WAV,Telephone Field,recover-20220922,001,1795
1408.8965,1408.934,68437,82062,Rhinolophus ferrumequinum,0.023,0.023,-1,Echolocation,/mnt/ubna_data_02_mir/recover-20220922/UBNA_001/20220921_090000.WAV,Telephone Field,recover-20220922,001,1795
1408.9075,1408.9175,22890,27949,Nyctalus leisleri,0.011,0.023,-1,Echolocation,/mnt/ubna_data_02_mir/recover-20220922/UBNA_001/20220921_090000.WAV,Telephone Field,recover-20220922,001,1795
1408.9355,1408.9742,68437,82595,Rhinolophus ferrumequinum,0.024,0.024,-1,Echolocation,/mnt/ubna_data_02_mir/recover-20220922/UBNA_001/20220921_090000.WAV,Telephone Field,recover-20220922,001,1795
1408.9575,1408.9963,68437,82214,Rhinolophus ferrumequinum,0.023,0.023,-1,Echolocation,/mnt/ubna_data_02_mir/recover-20220922/UBNA_001/20220921_090000.WAV,Telephone Field,recover-20220922,001,1795
1408.9835,1408.9913,28906,39911,Eptesicus serotinus,0.008,0.026,-1,Echolocation,/mnt/ubna_data_02_mir/recover-20220922/UBNA_001/20220921_090000.WAV,Telephone Field,recover-20220922,001,1795
1409.0275,1409.0653,68437,81737,Rhinolophus ferrumequinum,0.022,0.022,-1,Echolocation,/mnt/ubna_data_02_mir/recover-20220922/UBNA_001/20220921_090000.WAV,Telephone Field,recover-20220922,001,1795
1409.0295,1409.0402,40078,44975,Pipistrellus nathusii,0.012,0.023,-1,Echolocation,/mnt/ubna_data_02_mir/recover-20220922/UBNA_001/20220921_090000.WAV,Telephone Field,recover-20220922,001,1795
1409.0565,1409.0662,22890,29079,Nyctalus leisleri,0.008,0.022,-1,Echolocation,/mnt/ubna_data_02_mir/recover-20220922/UBNA_001/20220921_090000.WAV,Telephone Field,recover-20220922,001,1795
1409.0625,1409.0817,18593,22149,Nyctalus noctula,0.016,0.025,-1,Echolocation,/mnt/ubna_data_02_mir/recover-20220922/UBNA_001/20220921_090000.WAV,Telephone Field,recover-20220922,001,1795
1409.0745,1409.1133,68437,81527,Rhinolophus ferrumequinum,0.026,0.026,-1,Echolocation,/mnt/ubna_data_02_mir/recover-20220922/UBNA_001/20220921_090000.WAV,Telephone Field,recover-20220922,001,1795
1409.1125,1409.1188,28046,40314,Eptesicus serotinus,0.007,0.028,-1,Echolocation,/mnt/ubna_data_02_mir/recover-20220922/UBNA_001/20220921_090000.WAV,Telephone Field,recover-20220922,001,1795
1409.1255,1409.1361,23750,29927,Nyctalus leisleri,0.009,0.024,-1,Echolocation,/mnt/ubna_data_02_mir/recover-20220922/UBNA_001/20220921_090000.WAV,Telephone Field,recover-20220922,001,1795
1409.1395,1409.1806,68437,82180,Rhinolophus ferrumequinum,0.024,0.024,-1,Echolocation,/mnt/ubna_data_02_mir/recover-20220922/UBNA_001/20220921_090000.WAV,Telephone Field,recover-20220922,001,1795
1409.1485,1409.1543,26328,37117,Plecotus austriacus,0.013,0.039,-1,Echolocation,/mnt/ubna_data_02_mir/recover-20220922/UBNA_001/20220921_090000.WAV,Telephone Field,recover-20220922,001,1795
1409.1535,1409.1894,68437,81463,Rhinolophus ferrumequinum,0.023,0.023,-1,Echolocation,/mnt/ubna_data_02_mir/recover-20220922/UBNA_001/20220921_090000.WAV,Telephone Field,recover-20220922,001,1795
1409.2005,1409.2105,22031,27044,Nyctalus leisleri,0.009,0.023,-1,Echolocation,/mnt/ubna_data_02_mir/recover-20220922/UBNA_001/20220921_090000.WAV,Telephone Field,recover-20220922,001,1795
1409.2055,1409.2418,68437,81771,Rhinolophus ferrumequinum,0.022,0.022,-1,Echolocation,/mnt/ubna_data_02_mir/recover-20220922/UBNA_001/20220921_090000.WAV,Telephone Field,recover-20220922,001,1795
1409.2335,1409.2717,68437,82029,Rhinolophus ferrumequinum,0.024,0.024,-1,Echolocation,/mnt/ubna_data_02_mir/recover-20220922/UBNA_001/20220921_090000.WAV,Telephone Field,recover-20220922,001,1795
1409.2605,1409.3029,68437,82798,Rhinolophus ferrumequinum,0.033,0.033,-1,Echolocation,/mnt/ubna_data_02_mir/recover-20220922/UBNA_001/20220921_090000.WAV,Telephone Field,recover-20220922,001,1795
1409.2785,1409.2888,29765,36629,Eptesicus serotinus,0.014,0.028,-1,Echolocation,/mnt/ubna_data_02_mir/recover-20220922/UBNA_001/20220921_090000.WAV,Telephone Field,recover-20220922,001,1795
1409.3575,1409.3982,68437,82718,Rhinolophus ferrumequinum,0.024,0.024,-1,Echolocation,/mnt/ubna_data_02_mir/recover-20220922/UBNA_001/20220921_090000.WAV,Telephone Field,recover-20220922,001,1795
1409.3895,1409.3973,23750,31501,Plecotus austriacus,0.01,0.023,-1,Echolocation,/mnt/ubna_data_02_mir/recover-20220922/UBNA_001/20220921_090000.WAV,Telephone Field,recover-20220922,001,1795
1409.4065,1409.4235,21171,24748,Nyctalus leisleri,0.017,0.03,-1,Echolocation,/mnt/ubna_data_02_mir/recover-20220922/UBNA_001/20220921_090000.WAV,Telephone Field,recover-20220922,001,1795
1409.4715,1409.483,15156,21425,Nyctalus noctula,0.023,0.036,-1,Echolocation,/mnt/ubna_data_02_mir/recover-20220922/UBNA_001/20220921_090000.WAV,Telephone Field,recover-20220922,001,1795
1409.4905,1409.5283,68437,81904,Rhinolophus ferrumequinum,0.022,0.023,-1,Echolocation,/mnt/ubna_data_02_mir/recover-20220922/UBNA_001/20220921_090000.WAV,Telephone Field,recover-20220922,001,1795
1409.4955,1409.5325,68437,82525,Rhinolophus ferrumequinum,0.022,0.022,-1,Echolocation,/mnt/ubna_data_02_mir/recover-20220922/UBNA_001/20220921_090000.WAV,Telephone Field,recover-20220922,001,1795
1409.5905,1409.6304,68437,82387,Rhinolophus ferrumequinum,0.022,0.022,-1,Echolocation,/mnt/ubna_data_02_mir/recover-20220922/UBNA_001/20220921_090000.WAV,Telephone Field,recover-20220922,001,1795
1409.6205,1409.6295,22890,29579,Plecotus austriacus,0.009,0.025,-1,Echolocation,/mnt/ubna_data_02_mir/recover-20220922/UBNA_001/20220921_090000.WAV,Telephone Field,recover-20220922,001,1795
1409.6955,1409.7058,23750,29902,Nyctalus leisleri,0.009,0.023,-1,Echolocation,/mnt/ubna_data_02_mir/recover-20220922/UBNA_001/20220921_090000.WAV,Telephone Field,recover-20220922,001,1795
1409.7055,1409.713,23750,32345,Plecotus austriacus,0.012,0.025,-1,Echolocation,/mnt/ubna_data_02_mir/recover-20220922/UBNA_001/20220921_090000.WAV,Telephone Field,recover-20220922,001,1795
1409.7275,1409.7714,68437,83084,Rhinolophus ferrumequinum,0.025,0.025,-1,Echolocation,/mnt/ubna_data_02_mir/recover-20220922/UBNA_001/20220921_090000.WAV,Telephone Field,recover-20220922,001,1795
1409.7655,1409.7727,23750,33409,Plecotus austriacus,0.013,0.028,-1,Echolocation,/mnt/ubna_data_02_mir/recover-20220922/UBNA_001/20220921_090000.WAV,Telephone Field,recover-20220922,001,1795
1409.8045,1409.8388,68437,81824,Rhinolophus ferrumequinum,0.028,0.028,-1,Echolocation,/mnt/ubna_data_02_mir/recover-20220922/UBNA_001/20220921_090000.WAV,Telephone Field,recover-20220922,001,1795
1409.8065,1409.8166,50390,55881,Pipistrellus pipistrellus,0.02,0.024,-1,Echolocation,/mnt/ubna_data_02_mir/recover-20220922/UBNA_001/20220921_090000.WAV,Telephone Field,recover-20220922,001,1795
1409.8535,1409.8922,68437,81945,Rhinolophus ferrumequinum,0.024,0.024,-1,Echolocation,/mnt/ubna_data_02_mir/recover-20220922/UBNA_001/20220921_090000.WAV,Telephone Field,recover-20220922,001,1795
1409.8595,1409.8959,68437,82260,Rhinolophus ferrumequinum,0.025,0.025,-1,Echolocation,/mnt/ubna_data_02_mir/recover-20220922/UBNA_001/20220921_090000.WAV,Telephone Field,recover-20220922,001,1795
1409.8755,1409.884,28906,37067,Eptesicus serotinus,0.009,0.023,-1,Echolocation,/mnt/ubna_data_02_mir/recover-20220922/UBNA_001/20220921_090000.WAV,Telephone Field,recover-20220922,001,1795
1409.8935,1409.9329,68437,81955,Rhinolophus ferrumequinum,0.022,0.022,-1,Echolocation,/mnt/ubna_data_02_mir/recover-20220922/UBNA_001/20220921_090000.WAV,Telephone Field,recover-20220922,001,1795
1409.9055,1409.9479,68437,82891,Rhinolophus ferrumequinum,0.037,0.037,-1,Echolocation,/mnt/ubna_data_02_mir/recover-20220922/UBNA_001/20220921_090000.WAV,Telephone Field,recover-20220922,001,1795
1409.9515,1409.989,68437,81782,Rhinolophus ferrumequinum,0.023,0.023,-1,Echolocation,/mnt/ubna_data_02_mir/recover-20220922/UBNA_001/20220921_090000.WAV,Telephone Field,recover-20220922,001,1795
1409.9705,1409.979,28906,40483,Eptesicus serotinus,0.008,0.022,-1,Echolocation,/mnt/ubna_data_02_mir/recover-20220922/UBNA_001/20220921_090000.WAV,Telephone Field,recover-20220922,001,1795
1410.0015,1410.0321,68437,80735,Rhinolophus ferrumequinum,0.032,0.032,-1,Echolocation,/mnt/ubna_data_02_mir/recover-20220922/UBNA_001/20220921_090000.WAV,Telephone Field,recover-20220922,001,1795
1410.0015,1410.0097,25468,34584,Nyctalus leisleri,0.007,0.023,-1,Echolocation,/mnt/ubna_data_02_mir/recover-20220922/UBNA_001/20220921_090000.WAV,Telephone Field,recover-20220922,001,1795
1410.0125,1410.0231,22890,27571,Nyctalus leisleri,0.01,0.021,-1,Echolocation,/mnt/ubna_data_02_mir/recover-20220922/UBNA_001/20220921_090000.WAV,Telephone Field,recover-20220922,001,1795
1410.0235,1410.0639,68437,82451,Rhinolophus ferrumequinum,0.025,0.025,-1,Echolocation,/mnt/ubna_data_02_mir/recover-20220922/UBNA_001/20220921_090000.WAV,Telephone Field,recover-20220922,001,1795
1410.0385,1410.0767,68437,81768,Rhinolophus ferrumequinum,0.02,0.02,-1,Echolocation,/mnt/ubna_data_02_mir/recover-20220922/UBNA_001/20220921_090000.WAV,Telephone Field,recover-20220922,001,1795
1410.0585,1410.0691,28906,35508,Eptesicus serotinus,0.009,0.021,-1,Echolocation,/mnt/ubna_data_02_mir/recover-20220922/UBNA_001/20220921_090000.WAV,Telephone Field,recover-20220922,001,1795
1410.0755,1410.1121,68437,81956,Rhinolophus ferrumequinum,0.021,0.021,-1,Echolocation,/mnt/ubna_data_02_mir/recover-20220922/UBNA_001/20220921_090000.WAV,Telephone Field,recover-20220922,001,1795
1410.1105,1410.1196,23750,30946,Plecotus austriacus,0.007,0.021,-1,Echolocation,/mnt/ubna_data_02_mir/recover-20220922/UBNA_001/20220921_090000.WAV,Telephone Field,recover-20220922,001,1795
1410.1465,1410.1834,68437,81773,Rhinolophus ferrumequinum,0.02,0.02,-1,Echolocation,/mnt/ubna_data_02_mir/recover-20220922/UBNA_001/20220921_090000.WAV,Telephone Field,recover-20220922,001,1795
1410.1645,1410.2028,68437,82167,Rhinolophus ferrumequinum,0.021,0.021,-1,Echolocation,/mnt/ubna_data_02_mir/recover-20220922/UBNA_001/20220921_090000.WAV,Telephone Field,recover-20220922,001,1795
1410.1905,1410.2293,68437,82422,Rhinolophus ferrumequinum,0.021,0.021,-1,Echolocation,/mnt/ubna_data_02_mir/recover-20220922/UBNA_001/20220921_090000.WAV,Telephone Field,recover-20220922,001,1795
1410.1915,1410.1993,28046,38271,Eptesicus serotinus,0.007,0.023,-1,Echolocation,/mnt/ubna_data_02_mir/recover-20220922/UBNA_001/20220921_090000.WAV,Telephone Field,recover-20220922,001,1795
1410.2335,1410.2446,26328,33480,Eptesicus serotinus,0.022,0.044,-1,Echolocation,/mnt/ubna_data_02_mir/recover-20220922/UBNA_001/20220921_090000.WAV,Telephone Field,recover-20220922,001,1795
1410.2445,1410.2764,68437,79925,Rhinolophus ferrumequinum,0.02,0.02,-1,Echolocation,/mnt/ubna_data_02_mir/recover-20220922/UBNA_001/20220921_090000.WAV,Telephone Field,recover-20220922,001,1795
1410.2755,1410.3146,68437,82250,Rhinolophus ferrumequinum,0.023,0.024,-1,Echolocation,/mnt/ubna_data_02_mir/recover-20220922/UBNA_001/20220921_090000.WAV,Telephone Field,recover-20220922,001,1795
1410.3205,1410.3288,28046,37629,Eptesicus serotinus,0.007,0.02,-1,Echolocation,/mnt/ubna_data_02_mir/recover-20220922/UBNA_001/20220921_090000.WAV,Telephone Field,recover-20220922,001,1795
1410.3275,1410.362,68437,80922,Rhinolophus ferrumequinum,0.021,0.021,-1,Echolocation,/mnt/ubna_data_02_mir/recover-20220922/UBNA_001/20220921_090000.WAV,Telephone Field,recover-20220922,001,1795
1410.3545,1410.3641,26328,35093,Eptesicus serotinus,0.159,0.24,-1,Echolocation,/mnt/ubna_data_02_mir/recover-20220922/UBNA_001/20220921_090000.WAV,Telephone Field,recover-20220922,001,1795
1410.4075,1410.4184,14296,20635,Nyctalus noctula,0.013,0.023,-1,Echolocation,/mnt/ubna_data_02_mir/recover-20220922/UBNA_001/20220921_090000.WAV,Telephone Field,recover-20220922,001,1795
1410.4145,1410.4495,68437,81751,Rhinolophus ferrumequinum,0.022,0.022,-1,Echolocation,/mnt/ubna_data_02_mir/recover-20220922/UBNA_001/20220921_090000.WAV,Telephone Field,recover-20220922,001,1795
1410.4385,1410.4777,68437,82402,Rhinolophus ferrumequinum,0.026,0.026,-1,Echolocation,/mnt/ubna_data_02_mir/recover-20220922/UBNA_001/20220921_090000.WAV,Telephone Field,recover-20220922,001,1795
1410.4435,1410.4638,18593,22025,Nyctalus noctula,0.01,0.022,-1,Echolocation,/mnt/ubna_data_02_mir/recover-20220922/UBNA_001/20220921_090000.WAV,Telephone Field,recover-20220922,001,1795
1410.4565,1410.4947,68437,81977,Rhinolophus ferrumequinum,0.02,0.02,-1,Echolocation,/mnt/ubna_data_02_mir/recover-20220922/UBNA_001/20220921_090000.WAV,Telephone Field,recover-20220922,001,1795
1410.4625,1410.471,26328,34529,Eptesicus serotinus,0.009,0.024,-1,Echolocation,/mnt/ubna_data_02_mir/recover-20220922/UBNA_001/20220921_090000.WAV,Telephone Field,recover-20220922,001,1795
1410.4905,1410.5294,68437,81846,Rhinolophus ferrumequinum,0.022,0.022,-1,Echolocation,/mnt/ubna_data_02_mir/recover-20220922/UBNA_001/20220921_090000.WAV,Telephone Field,recover-20220922,001,1795
1410.4985,1410.5378,68437,82265,Rhinolophus ferrumequinum,0.022,0.022,-1,Echolocation,/mnt/ubna_data_02_mir/recover-20220922/UBNA_001/20220921_090000.WAV,Telephone Field,recover-20220922,001,1795
1410.4985,1410.5054,27187,38436,Eptesicus serotinus,0.006,0.022,-1,Echolocation,/mnt/ubna_data_02_mir/recover-20220922/UBNA_001/20220921_090000.WAV,Telephone Field,recover-20220922,001,1795
1410.5195,1410.5363,21171,24512,Nyctalus leisleri,0.014,0.023,-1,Echolocation,/mnt/ubna_data_02_mir/recover-20220922/UBNA_001/20220921_090000.WAV,Telephone Field,recover-20220922,001,1795
1410.5225,1410.5614,68437,82229,Rhinolophus ferrumequinum,0.023,0.023,-1,Echolocation,/mnt/ubna_data_02_mir/recover-20220922/UBNA_001/20220921_090000.WAV,Telephone Field,recover-20220922,001,1795
1410.5415,1410.5798,68437,81670,Rhinolophus ferrumequinum,0.021,0.021,-1,Echolocation,/mnt/ubna_data_02_mir/recover-20220922/UBNA_001/20220921_090000.WAV,Telephone Field,recover-20220922,001,1795
1410.5495,1410.5573,26328,38836,Eptesicus serotinus,0.008,0.024,-1,Echolocation,/mnt/ubna_data_02_mir/recover-20220922/UBNA_001/20220921_090000.WAV,Telephone Field,recover-20220922,001,1795
1410.5625,1410.5711,27187,35920,Eptesicus serotinus,0.01,0.027,-1,Echolocation,/mnt/ubna_data_02_mir/recover-20220922/UBNA_001/20220921_090000.WAV,Telephone Field,recover-20220922,001,1795
1410.5765,1410.6127,68437,81863,Rhinolophus ferrumequinum,0.021,0.021,-1,Echolocation,/mnt/ubna_data_02_mir/recover-20220922/UBNA_001/20220921_090000.WAV,Telephone Field,recover-20220922,001,1795
1410.5905,1410.6305,68437,82647,Rhinolophus ferrumequinum,0.02,0.02,-1,Echolocation,/mnt/ubna_data_02_mir/recover-20220922/UBNA_001/20220921_090000.WAV,Telephone Field,recover-20220922,001,1795
1410.6245,1410.6322,27187,39137,Eptesicus serotinus,0.008,0.022,-1,Echolocation,/mnt/ubna_data_02_mir/recover-20220922/UBNA_001/20220921_090000.WAV,Telephone Field,recover-20220922,001,1795
1410.6605,1410.6995,68437,82368,Rhinolophus ferrumequinum,0.023,0.023,-1,Echolocation,/mnt/ubna_data_02_mir/recover-20220922/UBNA_001/20220921_090000.WAV,Telephone Field,recover-20220922,001,1795
1410.6965,1410.7342,68437,82019,Rhinolophus ferrumequinum,0.021,0.021,-1,Echolocation,/mnt/ubna_data_02_mir/recover-20220922/UBNA_001/20220921_090000.WAV,Telephone Field,recover-20220922,001,1795
1410.7215,1410.7597,68437,82290,Rhinolophus ferrumequinum,0.021,0.021,-1,Echolocation,/mnt/ubna_data_02_mir/recover-20220922/UBNA_001/20220921_090000.WAV,Telephone Field,recover-20220922,001,1795
1410.7425,1410.7825,68437,82220,Rhinolophus ferrumequinum,0.02,0.02,-1,Echolocation,/mnt/ubna_data_02_mir/recover-20220922/UBNA_001/20220921_090000.WAV,Telephone Field,recover-20220922,001,1795
1410.7755,1410.7839,25468,34278,Eptesicus serotinus,0.009,0.022,-1,Echolocation,/mnt/ubna_data_02_mir/recover-20220922/UBNA_001/20220921_090000.WAV,Telephone Field,recover-20220922,001,1795
1410.8045,1410.8416,68437,81345,Rhinolophus ferrumequinum,0.021,0.021,-1,Echolocation,/mnt/ubna_data_02_mir/recover-20220922/UBNA_001/20220921_090000.WAV,Telephone Field,recover-20220922,001,1795
1410.8125,1410.8477,68437,81293,Rhinolophus ferrumequinum,0.021,0.021,-1,Echolocation,/mnt/ubna_data_02_mir/recover-20220922/UBNA_001/20220921_090000.WAV,Telephone Field,recover-20220922,001,1795
1410.8835,1410.8927,27187,38346,Eptesicus serotinus,0.009,0.02,-1,Echolocation,/mnt/ubna_data_02_mir/recover-20220922/UBNA_001/20220921_090000.WAV,Telephone Field,recover-20220922,001,1795
1410.9235,1410.9339,22031,26886,Nyctalus leisleri,0.009,0.021,-1,Echolocation,/mnt/ubna_data_02_mir/recover-20220922/UBNA_001/20220921_090000.WAV,Telephone Field,recover-20220922,001,1795
1410.9355,1410.9418,28046,41498,Eptesicus serotinus,0.006,0.026,-1,Echolocation,/mnt/ubna_data_02_mir/recover-20220922/UBNA_001/20220921_090000.WAV,Telephone Field,recover-20220922,001,1795
1410.9665,1411.0041,68437,81869,Rhinolophus ferrumequinum,0.021,0.021,-1,Echolocation,/mnt/ubna_data_02_mir/recover-20220922/UBNA_001/20220921_090000.WAV,Telephone Field,recover-20220922,001,1795
1410.9935,1411.0036,23750,30778,Nyctalus leisleri,0.007,0.022,-1,Echolocation,/mnt/ubna_data_02_mir/recover-20220922/UBNA_001/20220921_090000.WAV,Telephone Field,recover-20220922,001,1795
1410.9985,1411.0093,22890,27828,Nyctalus leisleri,0.01,0.021,-1,Echolocation,/mnt/ubna_data_02_mir/recover-20220922/UBNA_001/20220921_090000.WAV,Telephone Field,recover-20220922,001,1795
1411.0035,1411.0462,68437,82719,Rhinolophus ferrumequinum,0.025,0.025,-1,Echolocation,/mnt/ubna_data_02_mir/recover-20220922/UBNA_001/20220921_090000.WAV,Telephone Field,recover-20220922,001,1795
1411.0715,1411.1074,68437,81672,Rhinolophus ferrumequinum,0.021,0.021,-1,Echolocation,/mnt/ubna_data_02_mir/recover-20220922/UBNA_001/20220921_090000.WAV,Telephone Field,recover-20220922,001,1795
1411.0935,1411.103,27187,35638,Eptesicus serotinus,0.01,0.022,-1,Echolocation,/mnt/ubna_data_02_mir/recover-20220922/UBNA_001/20220921_090000.WAV,Telephone Field,recover-20220922,001,1795
1411.1065,1411.1426,68437,81101,Rhinolophus ferrumequinum,0.02,0.021,-1,Echolocation,/mnt/ubna_data_02_mir/recover-20220922/UBNA_001/20220921_090000.WAV,Telephone Field,recover-20220922,001,1795
1411.1445,1411.1805,68437,82080,Rhinolophus ferrumequinum,0.021,0.021,-1,Echolocation,/mnt/ubna_data_02_mir/recover-20220922/UBNA_001/20220921_090000.WAV,Telephone Field,recover-20220922,001,1795
1411.1475,1411.1588,39218,43901,Pipistrellus nathusii,0.013,0.021,-1,Echolocation,/mnt/ubna_data_02_mir/recover-20220922/UBNA_001/20220921_090000.WAV,Telephone Field,recover-20220922,001,1795
1411.1685,1411.2085,68437,82220,Rhinolophus ferrumequinum,0.024,0.024,-1,Echolocation,/mnt/ubna_data_02_mir/recover-20220922/UBNA_001/20220921_090000.WAV,Telephone Field,recover-20220922,001,1795
1411.1715,1411.1789,28046,38826,Eptesicus serotinus,0.007,0.024,-1,Echolocation,/mnt/ubna_data_02_mir/recover-20220922/UBNA_001/20220921_090000.WAV,Telephone Field,recover-20220922,001,1795
1411.1915,1411.2311,68437,82131,Rhinolophus ferrumequinum,0.021,0.021,-1,Echolocation,/mnt/ubna_data_02_mir/recover-20220922/UBNA_001/20220921_090000.WAV,Telephone Field,recover-20220922,001,1795
1411.1935,1411.2014,25468,34336,Eptesicus serotinus,0.008,0.021,-1,Echolocation,/mnt/ubna_data_02_mir/recover-20220922/UBNA_001/20220921_090000.WAV,Telephone Field,recover-20220922,001,1795
1411.2195,1411.2629,68437,83106,Rhinolophus ferrumequinum,0.034,0.034,-1,Echolocation,/mnt/ubna_data_02_mir/recover-20220922/UBNA_001/20220921_090000.WAV,Telephone Field,recover-20220922,001,1795
1411.2345,1411.2457,26328,33718,Eptesicus serotinus,0.013,0.029,-1,Echolocation,/mnt/ubna_data_02_mir/recover-20220922/UBNA_001/20220921_090000.WAV,Telephone Field,recover-20220922,001,1795
1411.2515,1411.2938,68437,82866,Rhinolophus ferrumequinum,0.028,0.028,-1,Echolocation,/mnt/ubna_data_02_mir/recover-20220922/UBNA_001/20220921_090000.WAV,Telephone Field,recover-20220922,001,1795
1411.3035,1411.3421,68437,81408,Rhinolophus ferrumequinum,0.021,0.021,-1,Echolocation,/mnt/ubna_data_02_mir/recover-20220922/UBNA_001/20220921_090000.WAV,Telephone Field,recover-20220922,001,1795
1411.3095,1411.3469,68437,81572,Rhinolophus ferrumequinum,0.021,0.021,-1,Echolocation,/mnt/ubna_data_02_mir/recover-20220922/UBNA_001/20220921_090000.WAV,Telephone Field,recover-20220922,001,1795
1411.3265,1411.3336,24609,34127,Plecotus austriacus,0.011,0.028,-1,Echolocation,/mnt/ubna_data_02_mir/recover-20220922/UBNA_001/20220921_090000.WAV,Telephone Field,recover-20220922,001,1795
1411.3515,1411.3877,68437,81604,Rhinolophus ferrumequinum,0.021,0.021,-1,Echolocation,/mnt/ubna_data_02_mir/recover-20220922/UBNA_001/20220921_090000.WAV,Telephone Field,recover-20220922,001,1795
1411.3735,1411.4139,68437,83035,Rhinolophus ferrumequinum,0.026,0.026,-1,Echolocation,/mnt/ubna_data_02_mir/recover-20220922/UBNA_001/20220921_090000.WAV,Telephone Field,recover-20220922,001,1795
1411.3775,1411.387,25468,34582,Eptesicus serotinus,0.012,0.034,-1,Echolocation,/mnt/ubna_data_02_mir/recover-20220922/UBNA_001/20220921_090000.WAV,Telephone Field,recover-20220922,001,1795
1411.3995,1411.4437,68437,83112,Rhinolophus ferrumequinum,0.034,0.034,-1,Echolocation,/mnt/ubna_data_02_mir/recover-20220922/UBNA_001/20220921_090000.WAV,Telephone Field,recover-20220922,001,1795
1411.4045,1411.4138,28046,38094,Eptesicus serotinus,0.009,0.024,-1,Echolocation,/mnt/ubna_data_02_mir/recover-20220922/UBNA_001/20220921_090000.WAV,Telephone Field,recover-20220922,001,1795
1411.4335,1411.4732,68437,82311,Rhinolophus ferrumequinum,0.021,0.021,-1,Echolocation,/mnt/ubna_data_02_mir/recover-20220922/UBNA_001/20220921_090000.WAV,Telephone Field,recover-20220922,001,1795
1411.4575,1411.4996,68437,82864,Rhinolophus ferrumequinum,0.025,0.025,-1,Echolocation,/mnt/ubna_data_02_mir/recover-20220922/UBNA_001/20220921_090000.WAV,Telephone Field,recover-20220922,001,1795
1411.4845,1411.5042,19453,22241,Nyctalus leisleri,0.01,0.021,-1,Echolocation,/mnt/ubna_data_02_mir/recover-20220922/UBNA_001/20220921_090000.WAV,Telephone Field,recover-20220922,001,1795
1411.5085,1411.5189,25468,31941,Eptesicus serotinus,0.182,0.405,-1,Echolocation,/mnt/ubna_data_02_mir/recover-20220922/UBNA_001/20220921_090000.WAV,Telephone Field,recover-20220922,001,1795
1411.5255,1411.5622,68437,81666,Rhinolophus ferrumequinum,0.024,0.024,-1,Echolocation,/mnt/ubna_data_02_mir/recover-20220922/UBNA_001/20220921_090000.WAV,Telephone Field,recover-20220922,001,1795
1411.5365,1411.57,68437,80738,Rhinolophus ferrumequinum,0.025,0.025,-1,Echolocation,/mnt/ubna_data_02_mir/recover-20220922/UBNA_001/20220921_090000.WAV,Telephone Field,recover-20220922,001,1795
1411.5465,1411.5842,68437,82083,Rhinolophus ferrumequinum,0.021,0.021,-1,Echolocation,/mnt/ubna_data_02_mir/recover-20220922/UBNA_001/20220921_090000.WAV,Telephone Field,recover-20220922,001,1795
1411.5875,1411.6259,68437,82269,Rhinolophus ferrumequinum,0.021,0.021,-1,Echolocation,/mnt/ubna_data_02_mir/recover-20220922/UBNA_001/20220921_090000.WAV,Telephone Field,recover-20220922,001,1795
1411.5945,1411.605,28046,35954,Eptesicus serotinus,0.013,0.027,-1,Echolocation,/mnt/ubna_data_02_mir/recover-20220922/UBNA_001/20220921_090000.WAV,Telephone Field,recover-20220922,001,1795
1411.6225,1411.6322,25468,33174,Eptesicus serotinus,0.066,0.114,-1,Echolocation,/mnt/ubna_data_02_mir/recover-20220922/UBNA_001/20220921_090000.WAV,Telephone Field,recover-20220922,001,1795
1411.6675,1411.6751,28046,37528,Eptesicus serotinus,0.007,0.021,-1,Echolocation,/mnt/ubna_data_02_mir/recover-20220922/UBNA_001/20220921_090000.WAV,Telephone Field,recover-20220922,001,1795
1411.6745,1411.7136,68437,82758,Rhinolophus ferrumequinum,0.022,0.022,-1,Echolocation,/mnt/ubna_data_02_mir/recover-20220922/UBNA_001/20220921_090000.WAV,Telephone Field,recover-20220922,001,1795
1411.6885,1411.731,68437,82399,Rhinolophus ferrumequinum,0.033,0.033,-1,Echolocation,/mnt/ubna_data_02_mir/recover-20220922/UBNA_001/20220921_090000.WAV,Telephone Field,recover-20220922,001,1795
1411.6915,1411.7022,23750,29948,Nyctalus leisleri,0.009,0.023,-1,Echolocation,/mnt/ubna_data_02_mir/recover-20220922/UBNA_001/20220921_090000.WAV,Telephone Field,recover-20220922,001,1795
1411.7065,1411.7478,68437,82245,Rhinolophus ferrumequinum,0.023,0.023,-1,Echolocation,/mnt/ubna_data_02_mir/recover-20220922/UBNA_001/20220921_090000.WAV,Telephone Field,recover-20220922,001,1795
1411.7205,1411.7392,21171,25094,Nyctalus leisleri,0.016,0.031,-1,Echolocation,/mnt/ubna_data_02_mir/recover-20220922/UBNA_001/20220921_090000.WAV,Telephone Field,recover-20220922,001,1795
1411.7255,1411.7646,68437,82750,Rhinolophus ferrumequinum,0.025,0.025,-1,Echolocation,/mnt/ubna_data_02_mir/recover-20220922/UBNA_001/20220921_090000.WAV,Telephone Field,recover-20220922,001,1795
1411.7325,1411.7421,23750,31260,Eptesicus serotinus,0.222,0.406,-1,Echolocation,/mnt/ubna_data_02_mir/recover-20220922/UBNA_001/20220921_090000.WAV,Telephone Field,recover-20220922,001,1795
1411.7445,1411.7805,68437,81168,Rhinolophus ferrumequinum,0.021,0.021,-1,Echolocation,/mnt/ubna_data_02_mir/recover-20220922/UBNA_001/20220921_090000.WAV,Telephone Field,recover-20220922,001,1795
1411.7755,1411.7838,35781,48343,Myotis daubentonii,0.007,0.022,-1,Echolocation,/mnt/ubna_data_02_mir/recover-20220922/UBNA_001/20220921_090000.WAV,Telephone Field,recover-20220922,001,1795
1411.7775,1411.8193,68437,82893,Rhinolophus ferrumequinum,0.025,0.025,-1,Echolocation,/mnt/ubna_data_02_mir/recover-20220922/UBNA_001/20220921_090000.WAV,Telephone Field,recover-20220922,001,1795
1411.7865,1411.8268,68437,83046,Rhinolophus ferrumequinum,0.025,0.026,-1,Echolocation,/mnt/ubna_data_02_mir/recover-20220922/UBNA_001/20220921_090000.WAV,Telephone Field,recover-20220922,001,1795
1411.8025,1411.8151,14296,20750,Nyctalus noctula,0.014,0.023,-1,Echolocation,/mnt/ubna_data_02_mir/recover-20220922/UBNA_001/20220921_090000.WAV,Telephone Field,recover-20220922,001,1795
1411.8075,1411.8156,23750,32117,Plecotus austriacus,0.006,0.02,-1,Echolocation,/mnt/ubna_data_02_mir/recover-20220922/UBNA_001/20220921_090000.WAV,Telephone Field,recover-20220922,001,1795
1411.8295,1411.8358,23750,34593,Eptesicus serotinus,0.306,0.549,-1,Echolocation,/mnt/ubna_data_02_mir/recover-20220922/UBNA_001/20220921_090000.WAV,Telephone Field,recover-20220922,001,1795
1411.8395,1411.8778,68437,81458,Rhinolophus ferrumequinum,0.021,0.021,-1,Echolocation,/mnt/ubna_data_02_mir/recover-20220922/UBNA_001/20220921_090000.WAV,Telephone Field,recover-20220922,001,1795
1411.8635,1411.9015,68437,82531,Rhinolophus ferrumequinum,0.022,0.022,-1,Echolocation,/mnt/ubna_data_02_mir/recover-20220922/UBNA_001/20220921_090000.WAV,Telephone Field,recover-20220922,001,1795
1411.8885,1411.9294,68437,82482,Rhinolophus ferrumequinum,0.028,0.028,-1,Echolocation,/mnt/ubna_data_02_mir/recover-20220922/UBNA_001/20220921_090000.WAV,Telephone Field,recover-20220922,001,1795
1411.8955,1411.9075,25468,31521,Eptesicus serotinus,0.009,0.022,-1,Echolocation,/mnt/ubna_data_02_mir/recover-20220922/UBNA_001/20220921_090000.WAV,Telephone Field,recover-20220922,001,1795
1411.9075,1411.947,68437,83125,Rhinolophus ferrumequinum,0.031,0.031,-1,Echolocation,/mnt/ubna_data_02_mir/recover-20220922/UBNA_001/20220921_090000.WAV,Telephone Field,recover-20220922,001,1795
1411.9215,1411.9333,25468,34117,Eptesicus serotinus,0.092,0.135,-1,Echolocation,/mnt/ubna_data_02_mir/recover-20220922/UBNA_001/20220921_090000.WAV,Telephone Field,recover-20220922,001,1795
1412.0015,1412.0112,25468,35092,Nyctalus leisleri,0.008,0.028,-1,Echolocation,/mnt/ubna_data_02_mir/recover-20220922/UBNA_001/20220921_090000.WAV,Telephone Field,recover-20220922,001,1795
1412.0015,1412.0365,68437,79937,Rhinolophus ferrumequinum,0.042,0.042,-1,Echolocation,/mnt/ubna_data_02_mir/recover-20220922/UBNA_001/20220921_090000.WAV,Telephone Field,recover-20220922,001,1795
1412.0085,1412.0497,68437,82334,Rhinolophus ferrumequinum,0.022,0.023,-1,Echolocation,/mnt/ubna_data_02_mir/recover-20220922/UBNA_001/20220921_090000.WAV,Telephone Field,recover-20220922,001,1795
1412.0145,1412.0214,23750,34831,Plecotus austriacus,0.038,0.085,-1,Echolocation,/mnt/ubna_data_02_mir/recover-20220922/UBNA_001/20220921_090000.WAV,Telephone Field,recover-20220922,001,1795
1412.0225,1412.0332,45234,51354,Pipistrellus pipistrellus,0.02,0.023,-1,Echolocation,/mnt/ubna_data_02_mir/recover-20220922/UBNA_001/20220921_090000.WAV,Telephone Field,recover-20220922,001,1795
1412.0535,1412.0634,48671,53397,Pipistrellus pipistrellus,0.036,0.041,-1,Echolocation,/mnt/ubna_data_02_mir/recover-20220922/UBNA_001/20220921_090000.WAV,Telephone Field,recover-20220922,001,1795
1412.0885,1412.0993,23750,29899,Nyctalus leisleri,0.008,0.021,-1,Echolocation,/mnt/ubna_data_02_mir/recover-20220922/UBNA_001/20220921_090000.WAV,Telephone Field,recover-20220922,001,1795
1412.1035,1412.1109,34062,43143,Myotis daubentonii,0.008,0.023,-1,Echolocation,/mnt/ubna_data_02_mir/recover-20220922/UBNA_001/20220921_090000.WAV,Telephone Field,recover-20220922,001,1795
1412.1045,1412.1407,68437,81270,Rhinolophus ferrumequinum,0.021,0.021,-1,Echolocation,/mnt/ubna_data_02_mir/recover-20220922/UBNA_001/20220921_090000.WAV,Telephone Field,recover-20220922,001,1795
1412.1085,1412.1151,23750,37397,Plecotus austriacus,0.041,0.111,-1,Echolocation,/mnt/ubna_data_02_mir/recover-20220922/UBNA_001/20220921_090000.WAV,Telephone Field,recover-20220922,001,1795
1412.1835,1412.2246,68437,82853,Rhinolophus ferrumequinum,0.031,0.031,-1,Echolocation,/mnt/ubna_data_02_mir/recover-20220922/UBNA_001/20220921_090000.WAV,Telephone Field,recover-20220922,001,1795
1412.1945,1412.2039,23750,30916,Nyctalus leisleri,0.006,0.022,-1,Echolocation,/mnt/ubna_data_02_mir/recover-20220922/UBNA_001/20220921_090000.WAV,Telephone Field,recover-20220922,001,1795
1412.2045,1412.2133,25468,33410,Eptesicus serotinus,0.009,0.023,-1,Echolocation,/mnt/ubna_data_02_mir/recover-20220922/UBNA_001/20220921_090000.WAV,Telephone Field,recover-20220922,001,1795
1412.2265,1412.2632,68437,81510,Rhinolophus ferrumequinum,0.023,0.023,-1,Echolocation,/mnt/ubna_data_02_mir/recover-20220922/UBNA_001/20220921_090000.WAV,Telephone Field,recover-20220922,001,1795
1412.2275,1412.2365,28906,37147,Eptesicus serotinus,0.01,0.028,-1,Echolocation,/mnt/ubna_data_02_mir/recover-20220922/UBNA_001/20220921_090000.WAV,Telephone Field,recover-20220922,001,1795
1412.2805,1412.3209,68437,82620,Rhinolophus ferrumequinum,0.021,0.021,-1,Echolocation,/mnt/ubna_data_02_mir/recover-20220922/UBNA_001/20220921_090000.WAV,Telephone Field,recover-20220922,001,1795
1412.3655,1412.4078,68437,83579,Rhinolophus ferrumequinum,0.026,0.026,-1,Echolocation,/mnt/ubna_data_02_mir/recover-20220922/UBNA_001/20220921_090000.WAV,Telephone Field,recover-20220922,001,1795
1412.4045,1412.4129,26328,37061,Eptesicus serotinus,0.025,0.049,-1,Echolocation,/mnt/ubna_data_02_mir/recover-20220922/UBNA_001/20220921_090000.WAV,Telephone Field,recover-20220922,001,1795
1412.4325,1412.4458,23750,29261,Nyctalus leisleri,0.012,0.027,-1,Echolocation,/mnt/ubna_data_02_mir/recover-20220922/UBNA_001/20220921_090000.WAV,Telephone Field,recover-20220922,001,1795
1412.4335,1412.4749,68437,83522,Rhinolophus ferrumequinum,0.031,0.031,-1,Echolocation,/mnt/ubna_data_02_mir/recover-20220922/UBNA_001/20220921_090000.WAV,Telephone Field,recover-20220922,001,1795
1412.4465,1412.4844,68437,81537,Rhinolophus ferrumequinum,0.021,0.021,-1,Echolocation,/mnt/ubna_data_02_mir/recover-20220922/UBNA_001/20220921_090000.WAV,Telephone Field,recover-20220922,001,1795
1412.4645,1412.4768,55546,60448,Pipistrellus pygmaeus,0.023,0.025,-1,Echolocation,/mnt/ubna_data_02_mir/recover-20220922/UBNA_001/20220921_090000.WAV,Telephone Field,recover-20220922,001,1795
1412.5085,1412.5159,22890,34043,Plecotus austriacus,0.034,0.075,-1,Echolocation,/mnt/ubna_data_02_mir/recover-20220922/UBNA_001/20220921_090000.WAV,Telephone Field,recover-20220922,001,1795
1412.5285,1412.5362,28046,41523,Eptesicus serotinus,0.008,0.022,-1,Echolocation,/mnt/ubna_data_02_mir/recover-20220922/UBNA_001/20220921_090000.WAV,Telephone Field,recover-20220922,001,1795
1412.5525,1412.5888,68437,81238,Rhinolophus ferrumequinum,0.022,0.022,-1,Echolocation,/mnt/ubna_data_02_mir/recover-20220922/UBNA_001/20220921_090000.WAV,Telephone Field,recover-20220922,001,1795
1412.5885,1412.5974,25468,34047,Eptesicus serotinus,0.012,0.029,-1,Echolocation,/mnt/ubna_data_02_mir/recover-20220922/UBNA_001/20220921_090000.WAV,Telephone Field,recover-20220922,001,1795
1412.6125,1412.646,68437,81198,Rhinolophus ferrumequinum,0.022,0.022,-1,Echolocation,/mnt/ubna_data_02_mir/recover-20220922/UBNA_001/20220921_090000.WAV,Telephone Field,recover-20220922,001,1795
1412.6215,1412.6288,27187,42565,Eptesicus serotinus,0.009,0.029,-1,Echolocation,/mnt/ubna_data_02_mir/recover-20220922/UBNA_001/20220921_090000.WAV,Telephone Field,recover-20220922,001,1795
1412.6345,1412.6414,28906,40087,Eptesicus serotinus,0.006,0.021,-1,Echolocation,/mnt/ubna_data_02_mir/recover-20220922/UBNA_001/20220921_090000.WAV,Telephone Field,recover-20220922,001,1795
1412.6475,1412.6857,68437,81826,Rhinolophus ferrumequinum,0.021,0.021,-1,Echolocation,/mnt/ubna_data_02_mir/recover-20220922/UBNA_001/20220921_090000.WAV,Telephone Field,recover-20220922,001,1795
1412.6815,1412.6885,24609,34922,Plecotus austriacus,0.012,0.034,-1,Echolocation,/mnt/ubna_data_02_mir/recover-20220922/UBNA_001/20220921_090000.WAV,Telephone Field,recover-20220922,001,1795
1412.7145,1412.7223,23750,33174,Plecotus austriacus,0.012,0.036,-1,Echolocation,/mnt/ubna_data_02_mir/recover-20220922/UBNA_001/20220921_090000.WAV,Telephone Field,recover-20220922,001,1795
1412.7395,1412.7772,68437,81613,Rhinolophus ferrumequinum,0.022,0.022,-1,Echolocation,/mnt/ubna_data_02_mir/recover-20220922/UBNA_001/20220921_090000.WAV,Telephone Field,recover-20220922,001,1795
1412.7895,1412.8031,22031,26608,Nyctalus leisleri,0.015,0.029,-1,Echolocation,/mnt/ubna_data_02_mir/recover-20220922/UBNA_001/20220921_090000.WAV,Telephone Field,recover-20220922,001,1795
1412.7965,1412.836,68437,82550,Rhinolophus ferrumequinum,0.022,0.022,-1,Echolocation,/mnt/ubna_data_02_mir/recover-20220922/UBNA_001/20220921_090000.WAV,Telephone Field,recover-20220922,001,1795
1412.8265,1412.8335,24609,35916,Eptesicus serotinus,0.1,0.261,-1,Echolocation,/mnt/ubna_data_02_mir/recover-20220922/UBNA_001/20220921_090000.WAV,Telephone Field,recover-20220922,001,1795
1412.9035,1412.9125,26328,37474,Eptesicus serotinus,0.008,0.021,-1,Echolocation,/mnt/ubna_data_02_mir/recover-20220922/UBNA_001/20220921_090000.WAV,Telephone Field,recover-20220922,001,1795
1412.9235,1412.9663,68437,83077,Rhinolophus ferrumequinum,0.024,0.024,-1,Echolocation,/mnt/ubna_data_02_mir/recover-20220922/UBNA_001/20220921_090000.WAV,Telephone Field,recover-20220922,001,1795
1412.9445,1412.9554,28046,35255,Eptesicus serotinus,0.026,0.044,-1,Echolocation,/mnt/ubna_data_02_mir/recover-20220922/UBNA_001/20220921_090000.WAV,Telephone Field,recover-20220922,001,1795
1412.9695,1412.9889,18593,22134,Nyctalus noctula,0.013,0.022,-1,Echolocation,/mnt/ubna_data_02_mir/recover-20220922/UBNA_001/20220921_090000.WAV,Telephone Field,recover-20220922,001,1795
1412.9835,1413.0225,68437,82014,Rhinolophus ferrumequinum,0.026,0.026,-1,Echolocation,/mnt/ubna_data_02_mir/recover-20220922/UBNA_001/20220921_090000.WAV,Telephone Field,recover-20220922,001,1795
1413.0175,1413.0566,68437,81628,Rhinolophus ferrumequinum,0.021,0.021,-1,Echolocation,/mnt/ubna_data_02_mir/recover-20220922/UBNA_001/20220921_090000.WAV,Telephone Field,recover-20220922,001,1795
1413.0375,1413.0461,23750,34402,Eptesicus serotinus,0.07,0.252,-1,Echolocation,/mnt/ubna_data_02_mir/recover-20220922/UBNA_001/20220921_090000.WAV,Telephone Field,recover-20220922,001,1795
1413.0525,1413.0914,68437,82364,Rhinolophus ferrumequinum,0.022,0.022,-1,Echolocation,/mnt/ubna_data_02_mir/recover-20220922/UBNA_001/20220921_090000.WAV,Telephone Field,recover-20220922,001,1795
1413.0625,1413.0701,25468,34694,Eptesicus serotinus,0.007,0.022,-1,Echolocation,/mnt/ubna_data_02_mir/recover-20220922/UBNA_001/20220921_090000.WAV,Telephone Field,recover-20220922,001,1795
1413.0835,1413.0905,49531,53689,Pipistrellus pipistrellus,0.02,0.022,-1,Echolocation,/mnt/ubna_data_02_mir/recover-20220922/UBNA_001/20220921_090000.WAV,Telephone Field,recover-20220922,001,1795
1413.0955,1413.1057,22031,27919,Nyctalus leisleri,0.008,0.024,-1,Echolocation,/mnt/ubna_data_02_mir/recover-20220922/UBNA_001/20220921_090000.WAV,Telephone Field,recover-20220922,001,1795
1413.1175,1413.156,68437,82327,Rhinolophus ferrumequinum,0.021,0.021,-1,Echolocation,/mnt/ubna_data_02_mir/recover-20220922/UBNA_001/20220921_090000.WAV,Telephone Field,recover-20220922,001,1795
1413.1335,1413.1447,22890,29038,Nyctalus leisleri,0.011,0.029,-1,Echolocation,/mnt/ubna_data_02_mir/recover-20220922/UBNA_001/20220921_090000.WAV,Telephone Field,recover-20220922,001,1795
1413.1485,1413.1556,23750,38442,Plecotus auritus,0.07,0.223,-1,Echolocation,/mnt/ubna_data_02_mir/recover-20220922/UBNA_001/20220921_090000.WAV,Telephone Field,recover-20220922,001,1795
1413.1545,1413.1884,68437,81850,Rhinolophus ferrumequinum,0.021,0.021,-1,Echolocation,/mnt/ubna_data_02_mir/recover-20220922/UBNA_001/20220921_090000.WAV,Telephone Field,recover-20220922,001,1795
1413.1845,1413.1906,28906,41996,Myotis daubentonii,0.007,0.026,-1,Echolocation,/mnt/ubna_data_02_mir/recover-20220922/UBNA_001/20220921_090000.WAV,Telephone Field,recover-20220922,001,1795
1413.2175,1413.2546,68437,81824,Rhinolophus ferrumequinum,0.022,0.022,-1,Echolocation,/mnt/ubna_data_02_mir/recover-20220922/UBNA_001/20220921_090000.WAV,Telephone Field,recover-20220922,001,1795
1413.2205,1413.2288,28046,39148,Eptesicus serotinus,0.008,0.023,-1,Echolocation,/mnt/ubna_data_02_mir/recover-20220922/UBNA_001/20220921_090000.WAV,Telephone Field,recover-20220922,001,1795
1413.2515,1413.2565,23750,42481,Plecotus auritus,0.25,0.475,-1,Echolocation,/mnt/ubna_data_02_mir/recover-20220922/UBNA_001/20220921_090000.WAV,Telephone Field,recover-20220922,001,1795
1413.2605,1413.2964,68437,81958,Rhinolophus ferrumequinum,0.021,0.021,-1,Echolocation,/mnt/ubna_data_02_mir/recover-20220922/UBNA_001/20220921_090000.WAV,Telephone Field,recover-20220922,001,1795
1413.2785,1413.319,68437,82502,Rhinolophus ferrumequinum,0.021,0.021,-1,Echolocation,/mnt/ubna_data_02_mir/recover-20220922/UBNA_001/20220921_090000.WAV,Telephone Field,recover-20220922,001,1795
1413.2945,1413.3363,68437,83401,Rhinolophus ferrumequinum,0.027,0.027,-1,Echolocation,/mnt/ubna_data_02_mir/recover-20220922/UBNA_001/20220921_090000.WAV,Telephone Field,recover-20220922,001,1795
1413.3165,1413.3223,47812,51967,Pipistrellus pipistrellus,0.021,0.022,-1,Echolocation,/mnt/ubna_data_02_mir/recover-20220922/UBNA_001/20220921_090000.WAV,Telephone Field,recover-20220922,001,1795
1413.3435,1413.3848,68437,82519,Rhinolophus ferrumequinum,0.035,0.035,-1,Echolocation,/mnt/ubna_data_02_mir/recover-20220922/UBNA_001/20220921_090000.WAV,Telephone Field,recover-20220922,001,1795
1413.3665,1413.3728,34921,41622,Barbastellus barbastellus,0.009,0.023,-1,Echolocation,/mnt/ubna_data_02_mir/recover-20220922/UBNA_001/20220921_090000.WAV,Telephone Field,recover-20220922,001,1795
1413.3665,1413.3767,23750,34980,Eptesicus serotinus,0.174,0.286,-1,Echolocation,/mnt/ubna_data_02_mir/recover-20220922/UBNA_001/20220921_090000.WAV,Telephone Field,recover-20220922,001,1795
1413.3755,1413.4146,68437,82140,Rhinolophus ferrumequinum,0.021,0.021,-1,Echolocation,/mnt/ubna_data_02_mir/recover-20220922/UBNA_001/20220921_090000.WAV,Telephone Field,recover-20220922,001,1795
1413.4085,1413.4175,34062,41325,Myotis daubentonii,0.006,0.021,-1,Echolocation,/mnt/ubna_data_02_mir/recover-20220922/UBNA_001/20220921_090000.WAV,Telephone Field,recover-20220922,001,1795
1413.4105,1413.4185,25468,34296,Eptesicus serotinus,0.008,0.021,-1,Echolocation,/mnt/ubna_data_02_mir/recover-20220922/UBNA_001/20220921_090000.WAV,Telephone Field,recover-20220922,001,1795
1413.4405,1413.4798,68437,82701,Rhinolophus ferrumequinum,0.023,0.023,-1,Echolocation,/mnt/ubna_data_02_mir/recover-20220922/UBNA_001/20220921_090000.WAV,Telephone Field,recover-20220922,001,1795
1413.4515,1413.4597,27187,38694,Eptesicus serotinus,0.008,0.023,-1,Echolocation,/mnt/ubna_data_02_mir/recover-20220922/UBNA_001/20220921_090000.WAV,Telephone Field,recover-20220922,001,1795
1413.4695,1413.4758,33203,44542,Myotis daubentonii,0.011,0.037,-1,Echolocation,/mnt/ubna_data_02_mir/recover-20220922/UBNA_001/20220921_090000.WAV,Telephone Field,recover-20220922,001,1795
1413.4715,1413.4766,23750,36993,Plecotus auritus,0.268,0.503,-1,Echolocation,/mnt/ubna_data_02_mir/recover-20220922/UBNA_001/20220921_090000.WAV,Telephone Field,recover-20220922,001,1795
1413.4995,1413.5072,50390,57327,Pipistrellus pipistrellus,0.023,0.027,-1,Echolocation,/mnt/ubna_data_02_mir/recover-20220922/UBNA_001/20220921_090000.WAV,Telephone Field,recover-20220922,001,1795
1413.5255,1413.5343,28906,39440,Eptesicus serotinus,0.009,0.022,-1,Echolocation,/mnt/ubna_data_02_mir/recover-20220922/UBNA_001/20220921_090000.WAV,Telephone Field,recover-20220922,001,1795
1413.5265,1413.5625,68437,81406,Rhinolophus ferrumequinum,0.023,0.023,-1,Echolocation,/mnt/ubna_data_02_mir/recover-20220922/UBNA_001/20220921_090000.WAV,Telephone Field,recover-20220922,001,1795
1413.5485,1413.5831,68437,81841,Rhinolophus ferrumequinum,0.025,0.025,-1,Echolocation,/mnt/ubna_data_02_mir/recover-20220922/UBNA_001/20220921_090000.WAV,Telephone Field,recover-20220922,001,1795
1413.5585,1413.5945,68437,81416,Rhinolophus ferrumequinum,0.022,0.022,-1,Echolocation,/mnt/ubna_data_02_mir/recover-20220922/UBNA_001/20220921_090000.WAV,Telephone Field,recover-20220922,001,1795
1413.5825,1413.5952,49531,55443,Pipistrellus pipistrellus,0.026,0.033,-1,Echolocation,/mnt/ubna_data_02_mir/recover-20220922/UBNA_001/20220921_090000.WAV,Telephone Field,recover-20220922,001,1795
1413.5875,1413.5924,23750,39347,Eptesicus serotinus,0.245,0.668,-1,Echolocation,/mnt/ubna_data_02_mir/recover-20220922/UBNA_001/20220921_090000.WAV,Telephone Field,recover-20220922,001,1795
1413.6005,1413.6392,68437,82423,Rhinolophus ferrumequinum,0.021,0.021,-1,Echolocation,/mnt/ubna_data_02_mir/recover-20220922/UBNA_001/20220921_090000.WAV,Telephone Field,recover-20220922,001,1795
1413.6395,1413.648,28046,38090,Eptesicus serotinus,0.008,0.021,-1,Echolocation,/mnt/ubna_data_02_mir/recover-20220922/UBNA_001/20220921_090000.WAV,Telephone Field,recover-20220922,001,1795
1413.6545,1413.6949,68437,81452,Rhinolophus ferrumequinum,0.024,0.024,-1,Echolocation,/mnt/ubna_data_02_mir/recover-20220922/UBNA_001/20220921_090000.WAV,Telephone Field,recover-20220922,001,1795
1413.7085,1413.716,24609,41688,Eptesicus serotinus,0.41,0.657,-1,Echolocation,/mnt/ubna_data_02_mir/recover-20220922/UBNA_001/20220921_090000.WAV,Telephone Field,recover-20220922,001,1795
1413.7255,1413.736,58984,64925,Pipistrellus pygmaeus,0.019,0.021,-1,Echolocation,/mnt/ubna_data_02_mir/recover-20220922/UBNA_001/20220921_090000.WAV,Telephone Field,recover-20220922,001,1795
1413.7385,1413.7503,43515,48070,Pipistrellus pipistrellus,0.019,0.031,-1,Echolocation,/mnt/ubna_data_02_mir/recover-20220922/UBNA_001/20220921_090000.WAV,Telephone Field,recover-20220922,001,1795
1413.7755,1413.7884,22031,26887,Nyctalus leisleri,0.017,0.033,-1,Echolocation,/mnt/ubna_data_02_mir/recover-20220922/UBNA_001/20220921_090000.WAV,Telephone Field,recover-20220922,001,1795
1413.8065,1413.8448,68437,81635,Rhinolophus ferrumequinum,0.024,0.024,-1,Echolocation,/mnt/ubna_data_02_mir/recover-20220922/UBNA_001/20220921_090000.WAV,Telephone Field,recover-20220922,001,1795
1413.8315,1413.8399,36640,44504,Myotis daubentonii,0.012,0.041,-1,Echolocation,/mnt/ubna_data_02_mir/recover-20220922/UBNA_001/20220921_090000.WAV,Telephone Field,recover-20220922,001,1795
1413.8355,1413.8419,23750,38912,Eptesicus serotinus,0.478,0.696,-1,Echolocation,/mnt/ubna_data_02_mir/recover-20220922/UBNA_001/20220921_090000.WAV,Telephone Field,recover-20220922,001,1795
1413.8575,1413.9003,68437,83104,Rhinolophus ferrumequinum,0.041,0.041,-1,Echolocation,/mnt/ubna_data_02_mir/recover-20220922/UBNA_001/20220921_090000.WAV,Telephone Field,recover-20220922,001,1795
1413.9185,1413.9261,26328,41140,Eptesicus serotinus,0.007,0.022,-1,Echolocation,/mnt/ubna_data_02_mir/recover-20220922/UBNA_001/20220921_090000.WAV,Telephone Field,recover-20220922,001,1795
1413.9405,1413.9489,27187,38953,Eptesicus serotinus,0.011,0.026,-1,Echolocation,/mnt/ubna_data_02_mir/recover-20220922/UBNA_001/20220921_090000.WAV,Telephone Field,recover-20220922,001,1795
1413.9525,1413.9628,40937,46700,Pipistrellus nathusii,0.019,0.033,-1,Echolocation,/mnt/ubna_data_02_mir/recover-20220922/UBNA_001/20220921_090000.WAV,Telephone Field,recover-20220922,001,1795
1413.9575,1413.9677,25468,34290,Nyctalus leisleri,0.437,0.712,-1,Echolocation,/mnt/ubna_data_02_mir/recover-20220922/UBNA_001/20220921_090000.WAV,Telephone Field,recover-20220922,001,1795
1413.9595,1413.9678,52109,56339,Pipistrellus pygmaeus,0.183,0.203,-1,Echolocation,/mnt/ubna_data_02_mir/recover-20220922/UBNA_001/20220921_090000.WAV,Telephone Field,recover-20220922,001,1795
1413.9595,1413.9651,33203,40073,Myotis daubentonii,0.007,0.024,-1,Echolocation,/mnt/ubna_data_02_mir/recover-20220922/UBNA_001/20220921_090000.WAV,Telephone Field,recover-20220922,001,1795
1413.9775,1413.9865,22890,30413,Plecotus austriacus,0.007,0.023,-1,Echolocation,/mnt/ubna_data_02_mir/recover-20220922/UBNA_001/20220921_090000.WAV,Telephone Field,recover-20220922,001,1795
1414.0015,1414.0137,20312,24737,Nyctalus leisleri,0.015,0.033,-1,Echolocation,/mnt/ubna_data_02_mir/recover-20220922/UBNA_001/20220921_090000.WAV,Telephone Field,recover-20220922,001,1795
1414.0015,1414.0166,59843,67516,Pipistrellus pygmaeus,0.019,0.02,-1,Echolocation,/mnt/ubna_data_02_mir/recover-20220922/UBNA_001/20220921_090000.WAV,Telephone Field,recover-20220922,001,1795
1414.0015,1414.0308,70156,81205,Rhinolophus ferrumequinum,0.03,0.031,-1,Echolocation,/mnt/ubna_data_02_mir/recover-20220922/UBNA_001/20220921_090000.WAV,Telephone Field,recover-20220922,001,1795
1414.0015,1414.0086,46953,52999,Pipistrellus pipistrellus,0.019,0.028,-1,Echolocation,/mnt/ubna_data_02_mir/recover-20220922/UBNA_001/20220921_090000.WAV,Telephone Field,recover-20220922,001,1795
1414.0235,1414.0315,27187,37952,Eptesicus serotinus,0.009,0.027,-1,Echolocation,/mnt/ubna_data_02_mir/recover-20220922/UBNA_001/20220921_090000.WAV,Telephone Field,recover-20220922,001,1795
1414.0245,1414.0619,68437,82484,Rhinolophus ferrumequinum,0.024,0.024,-1,Echolocation,/mnt/ubna_data_02_mir/recover-20220922/UBNA_001/20220921_090000.WAV,Telephone Field,recover-20220922,001,1795
1414.0335,1414.042,26328,38472,Eptesicus serotinus,0.008,0.022,-1,Echolocation,/mnt/ubna_data_02_mir/recover-20220922/UBNA_001/20220921_090000.WAV,Telephone Field,recover-20220922,001,1795
1414.0375,1414.0446,30625,46422,Myotis daubentonii,0.014,0.023,-1,Echolocation,/mnt/ubna_data_02_mir/recover-20220922/UBNA_001/20220921_090000.WAV,Telephone Field,recover-20220922,001,1795
1414.0545,1414.0634,25468,34735,Eptesicus serotinus,0.008,0.023,-1,Echolocation,/mnt/ubna_data_02_mir/recover-20220922/UBNA_001/20220921_090000.WAV,Telephone Field,recover-20220922,001,1795
1414.0655,1414.0752,43515,46768,Pipistrellus pipistrellus,0.024,0.029,-1,Echolocation,/mnt/ubna_data_02_mir/recover-20220922/UBNA_001/20220921_090000.WAV,Telephone Field,recover-20220922,001,1795
1414.0705,1414.0803,26328,32315,Nyctalus leisleri,0.593,0.691,-1,Echolocation,/mnt/ubna_data_02_mir/recover-20220922/UBNA_001/20220921_090000.WAV,Telephone Field,recover-20220922,001,1795
1414.1285,1414.1357,25468,36866,Eptesicus serotinus,0.009,0.041,-1,Echolocation,/mnt/ubna_data_02_mir/recover-20220922/UBNA_001/20220921_090000.WAV,Telephone Field,recover-20220922,001,1795
1414.1455,1414.1553,25468,35507,Nyctalus leisleri,0.63,0.738,-1,Echolocation,/mnt/ubna_data_02_mir/recover-20220922/UBNA_001/20220921_090000.WAV,Telephone Field,recover-20220922,001,1795
1414.1455,1414.1865,68437,82773,Rhinolophus ferrumequinum,0.024,0.024,-1,Echolocation,/mnt/ubna_data_02_mir/recover-20220922/UBNA_001/20220921_090000.WAV,Telephone Field,recover-20220922,001,1795
1414.1475,1414.1543,53828,58548,Pipistrellus pygmaeus,0.032,0.033,-1,Echolocation,/mnt/ubna_data_02_mir/recover-20220922/UBNA_001/20220921_090000.WAV,Telephone Field,recover-20220922,001,1795
1414.1535,1414.1608,24609,36177,Myotis nattereri,0.009,0.036,-1,Echolocation,/mnt/ubna_data_02_mir/recover-20220922/UBNA_001/20220921_090000.WAV,Telephone Field,recover-20220922,001,1795
1414.1715,1414.1804,27187,34489,Eptesicus serotinus,0.171,0.346,-1,Echolocation,/mnt/ubna_data_02_mir/recover-20220922/UBNA_001/20220921_090000.WAV,Telephone Field,recover-20220922,001,1795
1414.1755,1414.211,68437,82083,Rhinolophus ferrumequinum,0.021,0.021,-1,Echolocation,/mnt/ubna_data_02_mir/recover-20220922/UBNA_001/20220921_090000.WAV,Telephone Field,recover-20220922,001,1795
1414.1885,1414.1986,24609,32454,Nyctalus leisleri,0.236,0.549,-1,Echolocation,/mnt/ubna_data_02_mir/recover-20220922/UBNA_001/20220921_090000.WAV,Telephone Field,recover-20220922,001,1795
1414.1895,1414.1974,51250,56382,Pipistrellus pygmaeus,0.015,0.02,-1,Echolocation,/mnt/ubna_data_02_mir/recover-20220922/UBNA_001/20220921_090000.WAV,Telephone Field,recover-20220922,001,1795
1414.2155,1414.2222,22031,37232,Plecotus austriacus,0.245,0.628,-1,Echolocation,/mnt/ubna_data_02_mir/recover-20220922/UBNA_001/20220921_090000.WAV,Telephone Field,recover-20220922,001,1795
1414.2455,1414.2567,22031,26031,Nyctalus leisleri,0.013,0.021,-1,Echolocation,/mnt/ubna_data_02_mir/recover-20220922/UBNA_001/20220921_090000.WAV,Telephone Field,recover-20220922,001,1795
1414.2605,1414.268,26328,39890,Eptesicus serotinus,0.006,0.02,-1,Echolocation,/mnt/ubna_data_02_mir/recover-20220922/UBNA_001/20220921_090000.WAV,Telephone Field,recover-20220922,001,1795
1414.2725,1414.2803,26328,39355,Eptesicus serotinus,0.007,0.022,-1,Echolocation,/mnt/ubna_data_02_mir/recover-20220922/UBNA_001/20220921_090000.WAV,Telephone Field,recover-20220922,001,1795
1414.2895,1414.301,22890,28359,Nyctalus leisleri,0.009,0.021,-1,Echolocation,/mnt/ubna_data_02_mir/recover-20220922/UBNA_001/20220921_090000.WAV,Telephone Field,recover-20220922,001,1795
1414.2905,1414.3276,68437,82440,Rhinolophus ferrumequinum,0.021,0.021,-1,Echolocation,/mnt/ubna_data_02_mir/recover-20220922/UBNA_001/20220921_090000.WAV,Telephone Field,recover-20220922,001,1795
1414.3135,1414.3225,27187,38241,Eptesicus serotinus,0.01,0.025,-1,Echolocation,/mnt/ubna_data_02_mir/recover-20220922/UBNA_001/20220921_090000.WAV,Telephone Field,recover-20220922,001,1795
1414.3345,1414.3426,26328,38675,Eptesicus serotinus,0.006,0.02,-1,Echolocation,/mnt/ubna_data_02_mir/recover-20220922/UBNA_001/20220921_090000.WAV,Telephone Field,recover-20220922,001,1795
1414.3535,1414.3614,25468,35268,Eptesicus serotinus,0.006,0.022,-1,Echolocation,/mnt/ubna_data_02_mir/recover-20220922/UBNA_001/20220921_090000.WAV,Telephone Field,recover-20220922,001,1795
1414.3695,1414.3785,24609,36365,Nyctalus leisleri,0.293,0.669,-1,Echolocation,/mnt/ubna_data_02_mir/recover-20220922/UBNA_001/20220921_090000.WAV,Telephone Field,recover-20220922,001,1795
1414.3705,1414.3784,49531,56110,Pipistrellus pygmaeus,0.041,0.084,-1,Echolocation,/mnt/ubna_data_02_mir/recover-20220922/UBNA_001/20220921_090000.WAV,Telephone Field,recover-20220922,001,1795
1414.3715,1414.4032,68437,80081,Rhinolophus ferrumequinum,0.022,0.022,-1,Echolocation,/mnt/ubna_data_02_mir/recover-20220922/UBNA_001/20220921_090000.WAV,Telephone Field,recover-20220922,001,1795
1414.3855,1414.3966,21171,24509,Nyctalus leisleri,0.015,0.023,-1,Echolocation,/mnt/ubna_data_02_mir/recover-20220922/UBNA_001/20220921_090000.WAV,Telephone Field,recover-20220922,001,1795
1414.4555,1414.4634,27187,36562,Eptesicus serotinus,0.01,0.028,-1,Echolocation,/mnt/ubna_data_02_mir/recover-20220922/UBNA_001/20220921_090000.WAV,Telephone Field,recover-20220922,001,1795
1414.4675,1414.5068,68437,82732,Rhinolophus ferrumequinum,0.022,0.022,-1,Echolocation,/mnt/ubna_data_02_mir/recover-20220922/UBNA_001/20220921_090000.WAV,Telephone Field,recover-20220922,001,1795
1414.4785,1414.488,28046,36436,Eptesicus serotinus,0.008,0.021,-1,Echolocation,/mnt/ubna_data_02_mir/recover-20220922/UBNA_001/20220921_090000.WAV,Telephone Field,recover-20220922,001,1795
1414.4985,1414.529,68437,80999,Rhinolophus ferrumequinum,0.025,0.025,-1,Echolocation,/mnt/ubna_data_02_mir/recover-20220922/UBNA_001/20220921_090000.WAV,Telephone Field,recover-20220922,001,1795
1414.5075,1414.5171,23750,37186,Eptesicus serotinus,0.25,0.642,-1,Echolocation,/mnt/ubna_data_02_mir/recover-20220922/UBNA_001/20220921_090000.WAV,Telephone Field,recover-20220922,001,1795
1414.5125,1414.5199,47812,53059,Pipistrellus pipistrellus,0.022,0.034,-1,Echolocation,/mnt/ubna_data_02_mir/recover-20220922/UBNA_001/20220921_090000.WAV,Telephone Field,recover-20220922,001,1795
1414.5285,1414.5391,22031,26653,Nyctalus leisleri,0.013,0.023,-1,Echolocation,/mnt/ubna_data_02_mir/recover-20220922/UBNA_001/20220921_090000.WAV,Telephone Field,recover-20220922,001,1795
1414.5425,1414.5539,22890,27159,Nyctalus leisleri,0.013,0.022,-1,Echolocation,/mnt/ubna_data_02_mir/recover-20220922/UBNA_001/20220921_090000.WAV,Telephone Field,recover-20220922,001,1795
1414.5515,1414.5674,21171,24067,Nyctalus leisleri,0.016,0.024,-1,Echolocation,/mnt/ubna_data_02_mir/recover-20220922/UBNA_001/20220921_090000.WAV,Telephone Field,recover-20220922,001,1795
1414.5685,1414.5755,27187,37063,Eptesicus serotinus,0.005,0.022,-1,Echolocation,/mnt/ubna_data_02_mir/recover-20220922/UBNA_001/20220921_090000.WAV,Telephone Field,recover-20220922,001,1795
1414.6035,1414.6132,28046,36892,Eptesicus serotinus,0.008,0.02,-1,Echolocation,/mnt/ubna_data_02_mir/recover-20220922/UBNA_001/20220921_090000.WAV,Telephone Field,recover-20220922,001,1795
1414.6405,1414.648,28046,37011,Eptesicus serotinus,0.006,0.021,-1,Echolocation,/mnt/ubna_data_02_mir/recover-20220922/UBNA_001/20220921_090000.WAV,Telephone Field,recover-20220922,001,1795
1414.6515,1414.6616,27187,35847,Eptesicus serotinus,0.015,0.029,-1,Echolocation,/mnt/ubna_data_02_mir/recover-20220922/UBNA_001/20220921_090000.WAV,Telephone Field,recover-20220922,001,1795
1414.6645,1414.6714,29765,54538,Myotis daubentonii,0.016,0.025,-1,Echolocation,/mnt/ubna_data_02_mir/recover-20220922/UBNA_001/20220921_090000.WAV,Telephone Field,recover-20220922,001,1795
1414.6675,1414.6734,36640,48210,Myotis daubentonii,0.017,0.024,-1,Echolocation,/mnt/ubna_data_02_mir/recover-20220922/UBNA_001/20220921_090000.WAV,Telephone Field,recover-20220922,001,1795
1414.6745,1414.7083,68437,81260,Rhinolophus ferrumequinum,0.02,0.02,-1,Echolocation,/mnt/ubna_data_02_mir/recover-20220922/UBNA_001/20220921_090000.WAV,Telephone Field,recover-20220922,001,1795
1414.6835,1414.6898,26328,44565,Myotis daubentonii,0.007,0.025,-1,Echolocation,/mnt/ubna_data_02_mir/recover-20220922/UBNA_001/20220921_090000.WAV,Telephone Field,recover-20220922,001,1795
1414.6985,1414.7082,23750,37488,Nyctalus leisleri,0.361,0.674,-1,Echolocation,/mnt/ubna_data_02_mir/recover-20220922/UBNA_001/20220921_090000.WAV,Telephone Field,recover-20220922,001,1795
1414.6985,1414.7023,32343,42371,Plecotus auritus,0.007,0.032,-1,Echolocation,/mnt/ubna_data_02_mir/recover-20220922/UBNA_001/20220921_090000.WAV,Telephone Field,recover-20220922,001,1795
1414.6985,1414.7055,54687,65559,Pipistrellus pygmaeus,0.039,0.04,-1,Echolocation,/mnt/ubna_data_02_mir/recover-20220922/UBNA_001/20220921_090000.WAV,Telephone Field,recover-20220922,001,1795
1414.7025,1414.709,48671,55558,Pipistrellus pipistrellus,0.012,0.023,-1,Echolocation,/mnt/ubna_data_02_mir/recover-20220922/UBNA_001/20220921_090000.WAV,Telephone Field,recover-20220922,001,1795
1414.7325,1414.7742,68437,83253,Rhinolophus ferrumequinum,0.024,0.024,-1,Echolocation,/mnt/ubna_data_02_mir/recover-20220922/UBNA_001/20220921_090000.WAV,Telephone Field,recover-20220922,001,1795
1414.7575,1414.7981,68437,83075,Rhinolophus ferrumequinum,0.021,0.021,-1,Echolocation,/mnt/ubna_data_02_mir/recover-20220922/UBNA_001/20220921_090000.WAV,Telephone Field,recover-20220922,001,1795
1414.7705,1414.8104,68437,82369,Rhinolophus ferrumequinum,0.022,0.022,-1,Echolocation,/mnt/ubna_data_02_mir/recover-20220922/UBNA_001/20220921_090000.WAV,Telephone Field,recover-20220922,001,1795
1414.8215,1414.8315,28046,36330,Eptesicus serotinus,0.01,0.024,-1,Echolocation,/mnt/ubna_data_02_mir/recover-20220922/UBNA_001/20220921_090000.WAV,Telephone Field,recover-20220922,001,1795
1414.8455,1414.8546,25468,34522,Eptesicus serotinus,0.01,0.024,-1,Echolocation,/mnt/ubna_data_02_mir/recover-20220922/UBNA_001/20220921_090000.WAV,Telephone Field,recover-20220922,001,1795
1414.8605,1414.9002,68437,81945,Rhinolophus ferrumequinum,0.023,0.023,-1,Echolocation,/mnt/ubna_data_02_mir/recover-20220922/UBNA_001/20220921_090000.WAV,Telephone Field,recover-20220922,001,1795
1414.8745,1414.8857,28906,36759,Eptesicus serotinus,0.015,0.031,-1,Echolocation,/mnt/ubna_data_02_mir/recover-20220922/UBNA_001/20220921_090000.WAV,Telephone Field,recover-20220922,001,1795
1414.8895,1414.9273,68437,81795,Rhinolophus ferrumequinum,0.021,0.021,-1,Echolocation,/mnt/ubna_data_02_mir/recover-20220922/UBNA_001/20220921_090000.WAV,Telephone Field,recover-20220922,001,1795
1414.9035,1414.9102,25468,43637,Myotis nattereri,0.007,0.03,-1,Echolocation,/mnt/ubna_data_02_mir/recover-20220922/UBNA_001/20220921_090000.WAV,Telephone Field,recover-20220922,001,1795
1414.9205,1414.9325,25468,38158,Nyctalus leisleri,0.658,0.732,-1,Echolocation,/mnt/ubna_data_02_mir/recover-20220922/UBNA_001/20220921_090000.WAV,Telephone Field,recover-20220922,001,1795
1414.9245,1414.9321,52109,60544,Pipistrellus pygmaeus,0.037,0.041,-1,Echolocation,/mnt/ubna_data_02_mir/recover-20220922/UBNA_001/20220921_090000.WAV,Telephone Field,recover-20220922,001,1795
1414.9315,1414.9387,23750,35902,Plecotus austriacus,0.007,0.026,-1,Echolocation,/mnt/ubna_data_02_mir/recover-20220922/UBNA_001/20220921_090000.WAV,Telephone Field,recover-20220922,001,1795
1414.9475,1414.959,22031,26427,Nyctalus leisleri,0.015,0.025,-1,Echolocation,/mnt/ubna_data_02_mir/recover-20220922/UBNA_001/20220921_090000.WAV,Telephone Field,recover-20220922,001,1795
1414.9935,1415.003,28046,36443,Eptesicus serotinus,0.009,0.022,-1,Echolocation,/mnt/ubna_data_02_mir/recover-20220922/UBNA_001/20220921_090000.WAV,Telephone Field,recover-20220922,001,1795
1415.0235,1415.066,68437,82748,Rhinolophus ferrumequinum,0.022,0.022,-1,Echolocation,/mnt/ubna_data_02_mir/recover-20220922/UBNA_001/20220921_090000.WAV,Telephone Field,recover-20220922,001,1795
1415.0485,1415.061,22031,26399,Nyctalus leisleri,0.012,0.022,-1,Echolocation,/mnt/ubna_data_02_mir/recover-20220922/UBNA_001/20220921_090000.WAV,Telephone Field,recover-20220922,001,1795
1415.0685,1415.0762,27187,36699,Eptesicus serotinus,0.008,0.027,-1,Echolocation,/mnt/ubna_data_02_mir/recover-20220922/UBNA_001/20220921_090000.WAV,Telephone Field,recover-20220922,001,1795
1415.0935,1415.1026,27187,38884,Eptesicus serotinus,0.009,0.024,-1,Echolocation,/mnt/ubna_data_02_mir/recover-20220922/UBNA_001/20220921_090000.WAV,Telephone Field,recover-20220922,001,1795
1415.1135,1415.1212,27187,38239,Eptesicus serotinus,0.006,0.023,-1,Echolocation,/mnt/ubna_data_02_mir/recover-20220922/UBNA_001/20220921_090000.WAV,Telephone Field,recover-20220922,001,1795
1415.1265,1415.1353,57265,63870,Pipistrellus pygmaeus,0.026,0.027,-1,Echolocation,/mnt/ubna_data_02_mir/recover-20220922/UBNA_001/20220921_090000.WAV,Telephone Field,recover-20220922,001,1795
1415.1275,1415.1375,24609,34063,Nyctalus leisleri,0.358,0.692,-1,Echolocation,/mnt/ubna_data_02_mir/recover-20220922/UBNA_001/20220921_090000.WAV,Telephone Field,recover-20220922,001,1795
1415.1285,1415.1367,49531,56898,Pipistrellus pygmaeus,0.067,0.114,-1,Echolocation,/mnt/ubna_data_02_mir/recover-20220922/UBNA_001/20220921_090000.WAV,Telephone Field,recover-20220922,001,1795
1415.1905,1415.2029,22890,27197,Nyctalus leisleri,0.011,0.02,-1,Echolocation,/mnt/ubna_data_02_mir/recover-20220922/UBNA_001/20220921_090000.WAV,Telephone Field,recover-20220922,001,1795
1415.2065,1415.2146,26328,36617,Eptesicus serotinus,0.007,0.021,-1,Echolocation,/mnt/ubna_data_02_mir/recover-20220922/UBNA_001/20220921_090000.WAV,Telephone Field,recover-20220922,001,1795
1415.2235,1415.2626,68437,82300,Rhinolophus ferrumequinum,0.024,0.024,-1,Echolocation,/mnt/ubna_data_02_mir/recover-20220922/UBNA_001/20220921_090000.WAV,Telephone Field,recover-20220922,001,1795
1415.2285,1415.2395,22890,27411,Nyctalus leisleri,0.011,0.022,-1,Echolocation,/mnt/ubna_data_02_mir/recover-20220922/UBNA_001/20220921_090000.WAV,Telephone Field,recover-20220922,001,1795
1415.2385,1415.2505,22031,25758,Nyctalus leisleri,0.012,0.021,-1,Echolocation,/mnt/ubna_data_02_mir/recover-20220922/UBNA_001/20220921_090000.WAV,Telephone Field,recover-20220922,001,1795
1415.2415,1415.25,28046,37021,Eptesicus serotinus,0.007,0.022,-1,Echolocation,/mnt/ubna_data_02_mir/recover-20220922/UBNA_001/20220921_090000.WAV,Telephone Field,recover-20220922,001,1795
1415.2955,1415.3025,26328,38577,Eptesicus serotinus,0.007,0.028,-1,Echolocation,/mnt/ubna_data_02_mir/recover-20220922/UBNA_001/20220921_090000.WAV,Telephone Field,recover-20220922,001,1795
1415.3345,1415.3434,27187,37002,Eptesicus serotinus,0.014,0.033,-1,Echolocation,/mnt/ubna_data_02_mir/recover-20220922/UBNA_001/20220921_090000.WAV,Telephone Field,recover-20220922,001,1795
1415.4265,1415.4345,27187,37903,Eptesicus serotinus,0.006,0.023,-1,Echolocation,/mnt/ubna_data_02_mir/recover-20220922/UBNA_001/20220921_090000.WAV,Telephone Field,recover-20220922,001,1795
1415.4395,1415.4516,24609,40794,Nyctalus leisleri,0.498,0.712,-1,Echolocation,/mnt/ubna_data_02_mir/recover-20220922/UBNA_001/20220921_090000.WAV,Telephone Field,recover-20220922,001,1795
1415.4415,1415.4488,52968,60894,Pipistrellus pygmaeus,0.02,0.022,-1,Echolocation,/mnt/ubna_data_02_mir/recover-20220922/UBNA_001/20220921_090000.WAV,Telephone Field,recover-20220922,001,1795
1415.4755,1415.4856,27187,33854,Eptesicus serotinus,0.036,0.07,-1,Echolocation,/mnt/ubna_data_02_mir/recover-20220922/UBNA_001/20220921_090000.WAV,Telephone Field,recover-20220922,001,1795
1415.5265,1415.5648,68437,82209,Rhinolophus ferrumequinum,0.02,0.02,-1,Echolocation,/mnt/ubna_data_02_mir/recover-20220922/UBNA_001/20220921_090000.WAV,Telephone Field,recover-20220922,001,1795
1415.5415,1415.5629,20312,23246,Nyctalus leisleri,0.012,0.022,-1,Echolocation,/mnt/ubna_data_02_mir/recover-20220922/UBNA_001/20220921_090000.WAV,Telephone Field,recover-20220922,001,1795
1415.5465,1415.5664,21171,24452,Nyctalus leisleri,0.013,0.023,-1,Echolocation,/mnt/ubna_data_02_mir/recover-20220922/UBNA_001/20220921_090000.WAV,Telephone Field,recover-20220922,001,1795
1415.5555,1415.5638,27187,37365,Eptesicus serotinus,0.006,0.021,-1,Echolocation,/mnt/ubna_data_02_mir/recover-20220922/UBNA_001/20220921_090000.WAV,Telephone Field,recover-20220922,001,1795
1415.5685,1415.6084,68437,82311,Rhinolophus ferrumequinum,0.02,0.02,-1,Echolocation,/mnt/ubna_data_02_mir/recover-20220922/UBNA_001/20220921_090000.WAV,Telephone Field,recover-20220922,001,1795
1415.6005,1415.6095,26328,36941,Eptesicus serotinus,0.009,0.024,-1,Echolocation,/mnt/ubna_data_02_mir/recover-20220922/UBNA_001/20220921_090000.WAV,Telephone Field,recover-20220922,001,1795
1415.6115,1415.644,68437,81002,Rhinolophus ferrumequinum,0.02,0.02,-1,Echolocation,/mnt/ubna_data_02_mir/recover-20220922/UBNA_001/20220921_090000.WAV,Telephone Field,recover-20220922,001,1795
1415.6115,1415.621,25468,33508,Eptesicus serotinus,0.008,0.023,-1,Echolocation,/mnt/ubna_data_02_mir/recover-20220922/UBNA_001/20220921_090000.WAV,Telephone Field,recover-20220922,001,1795
1415.6295,1415.6405,22890,30006,Nyctalus leisleri,0.01,0.029,-1,Echolocation,/mnt/ubna_data_02_mir/recover-20220922/UBNA_001/20220921_090000.WAV,Telephone Field,recover-20220922,001,1795
1415.6445,1415.6555,25468,34203,Nyctalus leisleri,0.552,0.706,-1,Echolocation,/mnt/ubna_data_02_mir/recover-20220922/UBNA_001/20220921_090000.WAV,Telephone Field,recover-20220922,001,1795
1415.6455,1415.654,50390,56520,Pipistrellus pygmaeus,0.115,0.137,-1,Echolocation,/mnt/ubna_data_02_mir/recover-20220922/UBNA_001/20220921_090000.WAV,Telephone Field,recover-20220922,001,1795
1415.6475,1415.6831,68437,82035,Rhinolophus ferrumequinum,0.021,0.021,-1,Echolocation,/mnt/ubna_data_02_mir/recover-20220922/UBNA_001/20220921_090000.WAV,Telephone Field,recover-20220922,001,1795
1415.6735,1415.6836,27187,33414,Nyctalus leisleri,0.175,0.396,-1,Echolocation,/mnt/ubna_data_02_mir/recover-20220922/UBNA_001/20220921_090000.WAV,Telephone Field,recover-20220922,001,1795
1415.7385,1415.7773,68437,81700,Rhinolophus ferrumequinum,0.02,0.02,-1,Echolocation,/mnt/ubna_data_02_mir/recover-20220922/UBNA_001/20220921_090000.WAV,Telephone Field,recover-20220922,001,1795
1415.7495,1415.7873,68437,81568,Rhinolophus ferrumequinum,0.02,0.02,-1,Echolocation,/mnt/ubna_data_02_mir/recover-20220922/UBNA_001/20220921_090000.WAV,Telephone Field,recover-20220922,001,1795
1415.8145,1415.8229,27187,37408,Eptesicus serotinus,0.01,0.028,-1,Echolocation,/mnt/ubna_data_02_mir/recover-20220922/UBNA_001/20220921_090000.WAV,Telephone Field,recover-20220922,001,1795
1415.8495,1415.8583,14296,21370,Plecotus auritus,0.01,0.025,-1,Echolocation,/mnt/ubna_data_02_mir/recover-20220922/UBNA_001/20220921_090000.WAV,Telephone Field,recover-20220922,001,1795
1415.8855,1415.8962,28046,36416,Eptesicus serotinus,0.012,0.026,-1,Echolocation,/mnt/ubna_data_02_mir/recover-20220922/UBNA_001/20220921_090000.WAV,Telephone Field,recover-20220922,001,1795
1415.8905,1415.9291,68437,82497,Rhinolophus ferrumequinum,0.029,0.029,-1,Echolocation,/mnt/ubna_data_02_mir/recover-20220922/UBNA_001/20220921_090000.WAV,Telephone Field,recover-20220922,001,1795
1415.9025,1415.9121,27187,35397,Eptesicus serotinus,0.011,0.024,-1,Echolocation,/mnt/ubna_data_02_mir/recover-20220922/UBNA_001/20220921_090000.WAV,Telephone Field,recover-20220922,001,1795
1415.9195,1415.9561,68437,81836,Rhinolophus ferrumequinum,0.022,0.022,-1,Echolocation,/mnt/ubna_data_02_mir/recover-20220922/UBNA_001/20220921_090000.WAV,Telephone Field,recover-20220922,001,1795
1415.9355,1415.943,23750,37051,Myotis nattereri,0.009,0.028,-1,Echolocation,/mnt/ubna_data_02_mir/recover-20220922/UBNA_001/20220921_090000.WAV,Telephone Field,recover-20220922,001,1795
1415.9525,1415.9636,24609,35829,Nyctalus leisleri,0.727,0.787,-1,Echolocation,/mnt/ubna_data_02_mir/recover-20220922/UBNA_001/20220921_090000.WAV,Telephone Field,recover-20220922,001,1795
1415.9535,1415.9619,55546,63514,Pipistrellus pygmaeus,0.032,0.032,-1,Echolocation,/mnt/ubna_data_02_mir/recover-20220922/UBNA_001/20220921_090000.WAV,Telephone Field,recover-20220922,001,1795
1415.9625,1415.9692,24609,34779,Myotis nattereri,0.005,0.022,-1,Echolocation,/mnt/ubna_data_02_mir/recover-20220922/UBNA_001/20220921_090000.WAV,Telephone Field,recover-20220922,001,1795
1415.9755,1415.9864,26328,33227,Nyctalus leisleri,0.012,0.028,-1,Echolocation,/mnt/ubna_data_02_mir/recover-20220922/UBNA_001/20220921_090000.WAV,Telephone Field,recover-20220922,001,1795
1416.0015,1416.0099,26328,37779,Eptesicus serotinus,0.009,0.032,-1,Echolocation,/mnt/ubna_data_02_mir/recover-20220922/UBNA_001/20220921_090000.WAV,Telephone Field,recover-20220922,001,1795
1416.0015,1416.0327,68437,79583,Rhinolophus ferrumequinum,0.027,0.027,-1,Echolocation,/mnt/ubna_data_02_mir/recover-20220922/UBNA_001/20220921_090000.WAV,Telephone Field,recover-20220922,001,1795
1416.0015,1416.0103,46953,52301,Pipistrellus pipistrellus,0.02,0.027,-1,Echolocation,/mnt/ubna_data_02_mir/recover-20220922/UBNA_001/20220921_090000.WAV,Telephone Field,recover-20220922,001,1795
1416.0085,1416.0181,24609,32604,Eptesicus serotinus,0.01,0.023,-1,Echolocation,/mnt/ubna_data_02_mir/recover-20220922/UBNA_001/20220921_090000.WAV,Telephone Field,recover-20220922,001,1795
1416.0155,1416.025,28906,36583,Eptesicus serotinus,0.01,0.024,-1,Echolocation,/mnt/ubna_data_02_mir/recover-20220922/UBNA_001/20220921_090000.WAV,Telephone Field,recover-20220922,001,1795
1416.0165,1416.0565,68437,83111,Rhinolophus ferrumequinum,0.024,0.024,-1,Echolocation,/mnt/ubna_data_02_mir/recover-20220922/UBNA_001/20220921_090000.WAV,Telephone Field,recover-20220922,001,1795
1416.0265,1416.0679,68437,83051,Rhinolophus ferrumequinum,0.024,0.024,-1,Echolocation,/mnt/ubna_data_02_mir/recover-20220922/UBNA_001/20220921_090000.WAV,Telephone Field,recover-20220922,001,1795
1416.0265,1416.0453,21171,24457,Nyctalus leisleri,0.022,0.039,-1,Echolocation,/mnt/ubna_data_02_mir/recover-20220922/UBNA_001/20220921_090000.WAV,Telephone Field,recover-20220922,001,1795
1416.0305,1416.0382,27187,38697,Eptesicus serotinus,0.007,0.022,-1,Echolocation,/mnt/ubna_data_02_mir/recover-20220922/UBNA_001/20220921_090000.WAV,Telephone Field,recover-20220922,001,1795
1416.0535,1416.0931,68437,82016,Rhinolophus ferrumequinum,0.026,0.026,-1,Echolocation,/mnt/ubna_data_02_mir/recover-20220922/UBNA_001/20220921_090000.WAV,Telephone Field,recover-20220922,001,1795
1416.0725,1416.0851,23750,29346,Nyctalus leisleri,0.027,0.058,-1,Echolocation,/mnt/ubna_data_02_mir/recover-20220922/UBNA_001/20220921_090000.WAV,Telephone Field,recover-20220922,001,1795
1416.0955,1416.1323,68437,81941,Rhinolophus ferrumequinum,0.035,0.035,-1,Echolocation,/mnt/ubna_data_02_mir/recover-20220922/UBNA_001/20220921_090000.WAV,Telephone Field,recover-20220922,001,1795
1416.1035,1416.1112,27187,40888,Eptesicus serotinus,0.007,0.022,-1,Echolocation,/mnt/ubna_data_02_mir/recover-20220922/UBNA_001/20220921_090000.WAV,Telephone Field,recover-20220922,001,1795
1416.1175,1416.1568,68437,82456,Rhinolophus ferrumequinum,0.024,0.024,-1,Echolocation,/mnt/ubna_data_02_mir/recover-20220922/UBNA_001/20220921_090000.WAV,Telephone Field,recover-20220922,001,1795
1416.1445,1416.1504,27187,41842,Plecotus auritus,0.005,0.025,-1,Echolocation,/mnt/ubna_data_02_mir/recover-20220922/UBNA_001/20220921_090000.WAV,Telephone Field,recover-20220922,001,1795
1416.1575,1416.1919,68437,81066,Rhinolophus ferrumequinum,0.022,0.022,-1,Echolocation,/mnt/ubna_data_02_mir/recover-20220922/UBNA_001/20220921_090000.WAV,Telephone Field,recover-20220922,001,1795
1416.1615,1416.1712,24609,34032,Nyctalus leisleri,0.363,0.672,-1,Echolocation,/mnt/ubna_data_02_mir/recover-20220922/UBNA_001/20220921_090000.WAV,Telephone Field,recover-20220922,001,1795
1416.1645,1416.172,51250,58590,Pipistrellus pygmaeus,0.032,0.038,-1,Echolocation,/mnt/ubna_data_02_mir/recover-20220922/UBNA_001/20220921_090000.WAV,Telephone Field,recover-20220922,001,1795
1416.1705,1416.1773,24609,35010,Eptesicus serotinus,0.006,0.03,-1,Echolocation,/mnt/ubna_data_02_mir/recover-20220922/UBNA_001/20220921_090000.WAV,Telephone Field,recover-20220922,001,1795
1416.1755,1416.2086,68437,81953,Rhinolophus ferrumequinum,0.027,0.027,-1,Echolocation,/mnt/ubna_data_02_mir/recover-20220922/UBNA_001/20220921_090000.WAV,Telephone Field,recover-20220922,001,1795
1416.1855,1416.1964,22031,26698,Nyctalus leisleri,0.012,0.024,-1,Echolocation,/mnt/ubna_data_02_mir/recover-20220922/UBNA_001/20220921_090000.WAV,Telephone Field,recover-20220922,001,1795
1416.1915,1416.2211,68437,80197,Rhinolophus ferrumequinum,0.022,0.022,-1,Echolocation,/mnt/ubna_data_02_mir/recover-20220922/UBNA_001/20220921_090000.WAV,Telephone Field,recover-20220922,001,1795
1416.3075,1416.3146,25468,34934,Eptesicus serotinus,0.007,0.025,-1,Echolocation,/mnt/ubna_data_02_mir/recover-20220922/UBNA_001/20220921_090000.WAV,Telephone Field,recover-20220922,001,1795
1416.3165,1416.353,68437,80968,Rhinolophus ferrumequinum,0.023,0.023,-1,Echolocation,/mnt/ubna_data_02_mir/recover-20220922/UBNA_001/20220921_090000.WAV,Telephone Field,recover-20220922,001,1795
1416.3195,1416.3268,24609,34202,Plecotus auritus,0.01,0.029,-1,Echolocation,/mnt/ubna_data_02_mir/recover-20220922/UBNA_001/20220921_090000.WAV,Telephone Field,recover-20220922,001,1795
1416.3205,1416.3308,44375,51249,Pipistrellus pipistrellus,0.016,0.023,-1,Echolocation,/mnt/ubna_data_02_mir/recover-20220922/UBNA_001/20220921_090000.WAV,Telephone Field,recover-20220922,001,1795
1416.3335,1416.3716,68437,82503,Rhinolophus ferrumequinum,0.023,0.023,-1,Echolocation,/mnt/ubna_data_02_mir/recover-20220922/UBNA_001/20220921_090000.WAV,Telephone Field,recover-20220922,001,1795
1416.3525,1416.3586,27187,41686,Eptesicus serotinus,0.005,0.027,-1,Echolocation,/mnt/ubna_data_02_mir/recover-20220922/UBNA_001/20220921_090000.WAV,Telephone Field,recover-20220922,001,1795
1416.3665,1416.3778,23750,35385,Eptesicus serotinus,0.411,0.679,-1,Echolocation,/mnt/ubna_data_02_mir/recover-20220922/UBNA_001/20220921_090000.WAV,Telephone Field,recover-20220922,001,1795
1416.3675,1416.375,50390,56817,Pipistrellus pipistrellus,0.063,0.098,-1,Echolocation,/mnt/ubna_data_02_mir/recover-20220922/UBNA_001/20220921_090000.WAV,Telephone Field,recover-20220922,001,1795
1416.3745,1416.4095,68437,82430,Rhinolophus ferrumequinum,0.023,0.023,-1,Echolocation,/mnt/ubna_data_02_mir/recover-20220922/UBNA_001/20220921_090000.WAV,Telephone Field,recover-20220922,001,1795
1416.3835,1416.3917,25468,34251,Eptesicus serotinus,0.008,0.026,-1,Echolocation,/mnt/ubna_data_02_mir/recover-20220922/UBNA_001/20220921_090000.WAV,Telephone Field,recover-20220922,001,1795
1416.4065,1416.4169,22890,28402,Nyctalus leisleri,0.01,0.023,-1,Echolocation,/mnt/ubna_data_02_mir/recover-20220922/UBNA_001/20220921_090000.WAV,Telephone Field,recover-20220922,001,1795
1416.4125,1416.4231,24609,30487,Nyctalus leisleri,0.009,0.025,-1,Echolocation,/mnt/ubna_data_02_mir/recover-20220922/UBNA_001/20220921_090000.WAV,Telephone Field,recover-20220922,001,1795
1416.4605,1416.4978,68437,81615,Rhinolophus ferrumequinum,0.022,0.022,-1,Echolocation,/mnt/ubna_data_02_mir/recover-20220922/UBNA_001/20220921_090000.WAV,Telephone Field,recover-20220922,001,1795
1416.4955,1416.5051,49531,54269,Pipistrellus pipistrellus,0.017,0.023,-1,Echolocation,/mnt/ubna_data_02_mir/recover-20220922/UBNA_001/20220921_090000.WAV,Telephone Field,recover-20220922,001,1795
1416.5275,1416.5354,23750,32120,Plecotus austriacus,0.007,0.022,-1,Echolocation,/mnt/ubna_data_02_mir/recover-20220922/UBNA_001/20220921_090000.WAV,Telephone Field,recover-20220922,001,1795
1416.5285,1416.537,28906,36974,Eptesicus serotinus,0.009,0.022,-1,Echolocation,/mnt/ubna_data_02_mir/recover-20220922/UBNA_001/20220921_090000.WAV,Telephone Field,recover-20220922,001,1795
1416.5285,1416.5661,68437,81979,Rhinolophus ferrumequinum,0.023,0.023,-1,Echolocation,/mnt/ubna_data_02_mir/recover-20220922/UBNA_001/20220921_090000.WAV,Telephone Field,recover-20220922,001,1795
1416.5475,1416.5863,68437,82545,Rhinolophus ferrumequinum,0.023,0.023,-1,Echolocation,/mnt/ubna_data_02_mir/recover-20220922/UBNA_001/20220921_090000.WAV,Telephone Field,recover-20220922,001,1795
1416.5545,1416.5631,23750,32110,Plecotus austriacus,0.009,0.031,-1,Echolocation,/mnt/ubna_data_02_mir/recover-20220922/UBNA_001/20220921_090000.WAV,Telephone Field,recover-20220922,001,1795
1416.5735,1416.5825,23750,35072,Eptesicus serotinus,0.464,0.69,-1,Echolocation,/mnt/ubna_data_02_mir/recover-20220922/UBNA_001/20220921_090000.WAV,Telephone Field,recover-20220922,001,1795
1416.6305,1416.6374,28046,42536,Eptesicus serotinus,0.007,0.023,-1,Echolocation,/mnt/ubna_data_02_mir/recover-20220922/UBNA_001/20220921_090000.WAV,Telephone Field,recover-20220922,001,1795
1416.6555,1416.6658,24609,32188,Eptesicus serotinus,0.01,0.026,-1,Echolocation,/mnt/ubna_data_02_mir/recover-20220922/UBNA_001/20220921_090000.WAV,Telephone Field,recover-20220922,001,1795
1416.6645,1416.7025,68437,82198,Rhinolophus ferrumequinum,0.022,0.022,-1,Echolocation,/mnt/ubna_data_02_mir/recover-20220922/UBNA_001/20220921_090000.WAV,Telephone Field,recover-20220922,001,1795
1416.6775,1416.7193,68437,83725,Rhinolophus ferrumequinum,0.028,0.028,-1,Echolocation,/mnt/ubna_data_02_mir/recover-20220922/UBNA_001/20220921_090000.WAV,Telephone Field,recover-20220922,001,1795
1416.7015,1416.7119,28046,36368,Eptesicus serotinus,0.015,0.028,-1,Echolocation,/mnt/ubna_data_02_mir/recover-20220922/UBNA_001/20220921_090000.WAV,Telephone Field,recover-20220922,001,1795
1416.7495,1416.7874,68437,82757,Rhinolophus ferrumequinum,0.032,0.032,-1,Echolocation,/mnt/ubna_data_02_mir/recover-20220922/UBNA_001/20220921_090000.WAV,Telephone Field,recover-20220922,001,1795
1416.7645,1416.7705,27187,39817,Plecotus auritus,0.005,0.024,-1,Echolocation,/mnt/ubna_data_02_mir/recover-20220922/UBNA_001/20220921_090000.WAV,Telephone Field,recover-20220922,001,1795
1416.7775,1416.7859,24609,34627,Eptesicus serotinus,0.31,0.68,-1,Echolocation,/mnt/ubna_data_02_mir/recover-20220922/UBNA_001/20220921_090000.WAV,Telephone Field,recover-20220922,001,1795
1416.7805,1416.7871,52968,57477,Pipistrellus pygmaeus,0.023,0.024,-1,Echolocation,/mnt/ubna_data_02_mir/recover-20220922/UBNA_001/20220921_090000.WAV,Telephone Field,recover-20220922,001,1795
1416.7895,1416.827,68437,82175,Rhinolophus ferrumequinum,0.023,0.023,-1,Echolocation,/mnt/ubna_data_02_mir/recover-20220922/UBNA_001/20220921_090000.WAV,Telephone Field,recover-20220922,001,1795
1416.7925,1416.8003,37500,49574,Pipistrellus nathusii,0.008,0.03,-1,Echolocation,/mnt/ubna_data_02_mir/recover-20220922/UBNA_001/20220921_090000.WAV,Telephone Field,recover-20220922,001,1795
1416.7945,1416.8302,68437,82604,Rhinolophus ferrumequinum,0.023,0.023,-1,Echolocation,/mnt/ubna_data_02_mir/recover-20220922/UBNA_001/20220921_090000.WAV,Telephone Field,recover-20220922,001,1795
1416.8235,1416.8641,68437,82175,Rhinolophus ferrumequinum,0.022,0.022,-1,Echolocation,/mnt/ubna_data_02_mir/recover-20220922/UBNA_001/20220921_090000.WAV,Telephone Field,recover-20220922,001,1795
1416.8255,1416.837,23750,30300,Nyctalus leisleri,0.012,0.033,-1,Echolocation,/mnt/ubna_data_02_mir/recover-20220922/UBNA_001/20220921_090000.WAV,Telephone Field,recover-20220922,001,1795
1416.8345,1416.8432,25468,33491,Eptesicus serotinus,0.011,0.028,-1,Echolocation,/mnt/ubna_data_02_mir/recover-20220922/UBNA_001/20220921_090000.WAV,Telephone Field,recover-20220922,001,1795
1416.8645,1416.8751,34062,39512,Eptesicus serotinus,0.005,0.023,-1,Echolocation,/mnt/ubna_data_02_mir/recover-20220922/UBNA_001/20220921_090000.WAV,Telephone Field,recover-20220922,001,1795
1416.8945,1416.9012,23750,32787,Eptesicus serotinus,0.333,0.591,-1,Echolocation,/mnt/ubna_data_02_mir/recover-20220922/UBNA_001/20220921_090000.WAV,Telephone Field,recover-20220922,001,1795
1416.9135,1416.9514,68437,82088,Rhinolophus ferrumequinum,0.025,0.025,-1,Echolocation,/mnt/ubna_data_02_mir/recover-20220922/UBNA_001/20220921_090000.WAV,Telephone Field,recover-20220922,001,1795
1416.9265,1416.9652,68437,82011,Rhinolophus ferrumequinum,0.024,0.024,-1,Echolocation,/mnt/ubna_data_02_mir/recover-20220922/UBNA_001/20220921_090000.WAV,Telephone Field,recover-20220922,001,1795
1416.9905,1416.9968,23750,33428,Eptesicus serotinus,0.146,0.401,-1,Echolocation,/mnt/ubna_data_02_mir/recover-20220922/UBNA_001/20220921_090000.WAV,Telephone Field,recover-20220922,001,1795
1417.0745,1417.1133,68437,82514,Rhinolophus ferrumequinum,0.025,0.025,-1,Echolocation,/mnt/ubna_data_02_mir/recover-20220922/UBNA_001/20220921_090000.WAV,Telephone Field,recover-20220922,001,1795
1417.0845,1417.0894,22031,34415,Plecotus auritus,0.204,0.316,-1,Echolocation,/mnt/ubna_data_02_mir/recover-20220922/UBNA_001/20220921_090000.WAV,Telephone Field,recover-20220922,001,1795
1417.0915,1417.1307,68437,81877,Rhinolophus ferrumequinum,0.022,0.022,-1,Echolocation,/mnt/ubna_data_02_mir/recover-20220922/UBNA_001/20220921_090000.WAV,Telephone Field,recover-20220922,001,1795
1417.1185,1417.1586,68437,82394,Rhinolophus ferrumequinum,0.026,0.026,-1,Echolocation,/mnt/ubna_data_02_mir/recover-20220922/UBNA_001/20220921_090000.WAV,Telephone Field,recover-20220922,001,1795
1417.1295,1417.1364,25468,35754,Plecotus austriacus,0.01,0.036,-1,Echolocation,/mnt/ubna_data_02_mir/recover-20220922/UBNA_001/20220921_090000.WAV,Telephone Field,recover-20220922,001,1795
1417.1505,1417.1928,68437,82830,Rhinolophus ferrumequinum,0.025,0.025,-1,Echolocation,/mnt/ubna_data_02_mir/recover-20220922/UBNA_001/20220921_090000.WAV,Telephone Field,recover-20220922,001,1795
1417.1755,1417.1862,26328,34655,Eptesicus serotinus,0.011,0.024,-1,Echolocation,/mnt/ubna_data_02_mir/recover-20220922/UBNA_001/20220921_090000.WAV,Telephone Field,recover-20220922,001,1795
1417.1885,1417.1973,25468,33583,Eptesicus serotinus,0.007,0.022,-1,Echolocation,/mnt/ubna_data_02_mir/recover-20220922/UBNA_001/20220921_090000.WAV,Telephone Field,recover-20220922,001,1795
1417.2345,1417.2463,28046,35422,Eptesicus serotinus,0.017,0.029,-1,Echolocation,/mnt/ubna_data_02_mir/recover-20220922/UBNA_001/20220921_090000.WAV,Telephone Field,recover-20220922,001,1795
1417.2385,1417.2783,68437,82701,Rhinolophus ferrumequinum,0.023,0.023,-1,Echolocation,/mnt/ubna_data_02_mir/recover-20220922/UBNA_001/20220921_090000.WAV,Telephone Field,recover-20220922,001,1795
1417.2605,1417.2677,28046,42111,Eptesicus serotinus,0.007,0.023,-1,Echolocation,/mnt/ubna_data_02_mir/recover-20220922/UBNA_001/20220921_090000.WAV,Telephone Field,recover-20220922,001,1795
1417.2825,1417.29,28046,40071,Eptesicus serotinus,0.009,0.025,-1,Echolocation,/mnt/ubna_data_02_mir/recover-20220922/UBNA_001/20220921_090000.WAV,Telephone Field,recover-20220922,001,1795
1417.3345,1417.3427,27187,42428,Eptesicus serotinus,0.009,0.025,-1,Echolocation,/mnt/ubna_data_02_mir/recover-20220922/UBNA_001/20220921_090000.WAV,Telephone Field,recover-20220922,001,1795
1417.3375,1417.3742,68437,82103,Rhinolophus ferrumequinum,0.024,0.024,-1,Echolocation,/mnt/ubna_data_02_mir/recover-20220922/UBNA_001/20220921_090000.WAV,Telephone Field,recover-20220922,001,1795
1417.4095,1417.417,27187,41880,Eptesicus serotinus,0.008,0.024,-1,Echolocation,/mnt/ubna_data_02_mir/recover-20220922/UBNA_001/20220921_090000.WAV,Telephone Field,recover-20220922,001,1795
1417.4345,1417.4446,22890,29347,Nyctalus leisleri,0.009,0.026,-1,Echolocation,/mnt/ubna_data_02_mir/recover-20220922/UBNA_001/20220921_090000.WAV,Telephone Field,recover-20220922,001,1795
1417.4455,1417.4835,68437,82397,Rhinolophus ferrumequinum,0.022,0.022,-1,Echolocation,/mnt/ubna_data_02_mir/recover-20220922/UBNA_001/20220921_090000.WAV,Telephone Field,recover-20220922,001,1795
1417.4635,1417.4724,28046,39720,Eptesicus serotinus,0.009,0.022,-1,Echolocation,/mnt/ubna_data_02_mir/recover-20220922/UBNA_001/20220921_090000.WAV,Telephone Field,recover-20220922,001,1795
1417.4675,1417.4777,22031,28089,Nyctalus leisleri,0.008,0.023,-1,Echolocation,/mnt/ubna_data_02_mir/recover-20220922/UBNA_001/20220921_090000.WAV,Telephone Field,recover-20220922,001,1795
1417.4845,1417.5226,68437,82058,Rhinolophus ferrumequinum,0.024,0.024,-1,Echolocation,/mnt/ubna_data_02_mir/recover-20220922/UBNA_001/20220921_090000.WAV,Telephone Field,recover-20220922,001,1795
1417.5225,1417.5321,24609,32439,Eptesicus serotinus,0.009,0.024,-1,Echolocation,/mnt/ubna_data_02_mir/recover-20220922/UBNA_001/20220921_090000.WAV,Telephone Field,recover-20220922,001,1795
1417.5555,1417.5641,26328,34966,Eptesicus serotinus,0.008,0.022,-1,Echolocation,/mnt/ubna_data_02_mir/recover-20220922/UBNA_001/20220921_090000.WAV,Telephone Field,recover-20220922,001,1795
1417.5935,1417.6308,68437,82136,Rhinolophus ferrumequinum,0.023,0.023,-1,Echolocation,/mnt/ubna_data_02_mir/recover-20220922/UBNA_001/20220921_090000.WAV,Telephone Field,recover-20220922,001,1795
1417.5995,1417.609,28906,39333,Eptesicus serotinus,0.009,0.023,-1,Echolocation,/mnt/ubna_data_02_mir/recover-20220922/UBNA_001/20220921_090000.WAV,Telephone Field,recover-20220922,001,1795
1417.6095,1417.6197,29765,36170,Eptesicus serotinus,0.011,0.024,-1,Echolocation,/mnt/ubna_data_02_mir/recover-20220922/UBNA_001/20220921_090000.WAV,Telephone Field,recover-20220922,001,1795
1417.6255,1417.6655,68437,82726,Rhinolophus ferrumequinum,0.025,0.025,-1,Echolocation,/mnt/ubna_data_02_mir/recover-20220922/UBNA_001/20220921_090000.WAV,Telephone Field,recover-20220922,001,1795
1417.6695,1417.7117,68437,83136,Rhinolophus ferrumequinum,0.042,0.042,-1,Echolocation,/mnt/ubna_data_02_mir/recover-20220922/UBNA_001/20220921_090000.WAV,Telephone Field,recover-20220922,001,1795
1417.7735,1417.7906,23750,28577,Nyctalus leisleri,0.024,0.065,-1,Echolocation,/mnt/ubna_data_02_mir/recover-20220922/UBNA_001/20220921_090000.WAV,Telephone Field,recover-20220922,001,1795
1417.8045,1417.841,68437,81712,Rhinolophus ferrumequinum,0.022,0.022,-1,Echolocation,/mnt/ubna_data_02_mir/recover-20220922/UBNA_001/20220921_090000.WAV,Telephone Field,recover-20220922,001,1795
1417.8375,1417.8456,28046,39331,Eptesicus serotinus,0.008,0.022,-1,Echolocation,/mnt/ubna_data_02_mir/recover-20220922/UBNA_001/20220921_090000.WAV,Telephone Field,recover-20220922,001,1795
1417.8655,1417.9044,68437,82656,Rhinolophus ferrumequinum,0.023,0.023,-1,Echolocation,/mnt/ubna_data_02_mir/recover-20220922/UBNA_001/20220921_090000.WAV,Telephone Field,recover-20220922,001,1795
1417.9085,1417.9477,68437,82765,Rhinolophus ferrumequinum,0.022,0.022,-1,Echolocation,/mnt/ubna_data_02_mir/recover-20220922/UBNA_001/20220921_090000.WAV,Telephone Field,recover-20220922,001,1795
1417.9495,1417.9582,22890,30329,Plecotus austriacus,0.009,0.023,-1,Echolocation,/mnt/ubna_data_02_mir/recover-20220922/UBNA_001/20220921_090000.WAV,Telephone Field,recover-20220922,001,1795
1417.9835,1417.9916,25468,36806,Eptesicus serotinus,0.008,0.022,-1,Echolocation,/mnt/ubna_data_02_mir/recover-20220922/UBNA_001/20220921_090000.WAV,Telephone Field,recover-20220922,001,1795
1417.9835,1417.9913,49531,57852,Pipistrellus pipistrellus,0.025,0.03,-1,Echolocation,/mnt/ubna_data_02_mir/recover-20220922/UBNA_001/20220921_090000.WAV,Telephone Field,recover-20220922,001,1795
1418.0015,1418.0098,46953,51757,Pipistrellus pipistrellus,0.015,0.023,-1,Echolocation,/mnt/ubna_data_02_mir/recover-20220922/UBNA_001/20220921_090000.WAV,Telephone Field,recover-20220922,001,1795
1418.0015,1418.0109,23750,30237,Nyctalus leisleri,0.014,0.035,-1,Echolocation,/mnt/ubna_data_02_mir/recover-20220922/UBNA_001/20220921_090000.WAV,Telephone Field,recover-20220922,001,1795
1418.0015,1418.0323,70156,81388,Rhinolophus ferrumequinum,0.04,0.041,-1,Echolocation,/mnt/ubna_data_02_mir/recover-20220922/UBNA_001/20220921_090000.WAV,Telephone Field,recover-20220922,001,1795
1418.0415,1418.0505,37500,43010,Pipistrellus nathusii,0.011,0.027,-1,Echolocation,/mnt/ubna_data_02_mir/recover-20220922/UBNA_001/20220921_090000.WAV,Telephone Field,recover-20220922,001,1795
1418.0425,1418.0506,27187,40768,Eptesicus serotinus,0.008,0.023,-1,Echolocation,/mnt/ubna_data_02_mir/recover-20220922/UBNA_001/20220921_090000.WAV,Telephone Field,recover-20220922,001,1795
1418.0675,1418.1081,68437,82762,Rhinolophus ferrumequinum,0.029,0.029,-1,Echolocation,/mnt/ubna_data_02_mir/recover-20220922/UBNA_001/20220921_090000.WAV,Telephone Field,recover-20220922,001,1795
1418.1145,1418.1238,28046,38475,Eptesicus serotinus,0.009,0.022,-1,Echolocation,/mnt/ubna_data_02_mir/recover-20220922/UBNA_001/20220921_090000.WAV,Telephone Field,recover-20220922,001,1795
1418.1175,1418.155,68437,81732,Rhinolophus ferrumequinum,0.021,0.021,-1,Echolocation,/mnt/ubna_data_02_mir/recover-20220922/UBNA_001/20220921_090000.WAV,Telephone Field,recover-20220922,001,1795
1418.1265,1418.1678,68437,82400,Rhinolophus ferrumequinum,0.023,0.023,-1,Echolocation,/mnt/ubna_data_02_mir/recover-20220922/UBNA_001/20220921_090000.WAV,Telephone Field,recover-20220922,001,1795
1418.1285,1418.1373,28046,37821,Eptesicus serotinus,0.009,0.024,-1,Echolocation,/mnt/ubna_data_02_mir/recover-20220922/UBNA_001/20220921_090000.WAV,Telephone Field,recover-20220922,001,1795
1418.1575,1418.1967,68437,82327,Rhinolophus ferrumequinum,0.023,0.023,-1,Echolocation,/mnt/ubna_data_02_mir/recover-20220922/UBNA_001/20220921_090000.WAV,Telephone Field,recover-20220922,001,1795
1418.1875,1418.2263,68437,81886,Rhinolophus ferrumequinum,0.023,0.023,-1,Echolocation,/mnt/ubna_data_02_mir/recover-20220922/UBNA_001/20220921_090000.WAV,Telephone Field,recover-20220922,001,1795
1418.2055,1418.2138,27187,39789,Eptesicus serotinus,0.008,0.022,-1,Echolocation,/mnt/ubna_data_02_mir/recover-20220922/UBNA_001/20220921_090000.WAV,Telephone Field,recover-20220922,001,1795
1418.2315,1418.2704,68437,82074,Rhinolophus ferrumequinum,0.026,0.027,-1,Echolocation,/mnt/ubna_data_02_mir/recover-20220922/UBNA_001/20220921_090000.WAV,Telephone Field,recover-20220922,001,1795
1418.2535,1418.2938,68437,82700,Rhinolophus ferrumequinum,0.022,0.022,-1,Echolocation,/mnt/ubna_data_02_mir/recover-20220922/UBNA_001/20220921_090000.WAV,Telephone Field,recover-20220922,001,1795
1418.3335,1418.374,68437,81932,Rhinolophus ferrumequinum,0.022,0.022,-1,Echolocation,/mnt/ubna_data_02_mir/recover-20220922/UBNA_001/20220921_090000.WAV,Telephone Field,recover-20220922,001,1795
1418.3525,1418.3615,25468,33702,Eptesicus serotinus,0.01,0.022,-1,Echolocation,/mnt/ubna_data_02_mir/recover-20220922/UBNA_001/20220921_090000.WAV,Telephone Field,recover-20220922,001,1795
1418.3855,1418.3933,22031,29815,Plecotus austriacus,0.014,0.026,-1,Echolocation,/mnt/ubna_data_02_mir/recover-20220922/UBNA_001/20220921_090000.WAV,Telephone Field,recover-20220922,001,1795
1418.3975,1418.4361,68437,82262,Rhinolophus ferrumequinum,0.021,0.021,-1,Echolocation,/mnt/ubna_data_02_mir/recover-20220922/UBNA_001/20220921_090000.WAV,Telephone Field,recover-20220922,001,1795
1418.4615,1418.5003,68437,82403,Rhinolophus ferrumequinum,0.022,0.022,-1,Echolocation,/mnt/ubna_data_02_mir/recover-20220922/UBNA_001/20220921_090000.WAV,Telephone Field,recover-20220922,001,1795
1418.4635,1418.4709,28046,38073,Eptesicus serotinus,0.01,0.028,-1,Echolocation,/mnt/ubna_data_02_mir/recover-20220922/UBNA_001/20220921_090000.WAV,Telephone Field,recover-20220922,001,1795
1418.4795,1418.5191,68437,82533,Rhinolophus ferrumequinum,0.023,0.023,-1,Echolocation,/mnt/ubna_data_02_mir/recover-20220922/UBNA_001/20220921_090000.WAV,Telephone Field,recover-20220922,001,1795
1418.4795,1418.4866,28046,38829,Eptesicus serotinus,0.013,0.032,-1,Echolocation,/mnt/ubna_data_02_mir/recover-20220922/UBNA_001/20220921_090000.WAV,Telephone Field,recover-20220922,001,1795
1418.4885,1418.5305,68437,82810,Rhinolophus ferrumequinum,0.024,0.024,-1,Echolocation,/mnt/ubna_data_02_mir/recover-20220922/UBNA_001/20220921_090000.WAV,Telephone Field,recover-20220922,001,1795
1418.4955,1418.5038,23750,31808,Plecotus austriacus,0.008,0.023,-1,Echolocation,/mnt/ubna_data_02_mir/recover-20220922/UBNA_001/20220921_090000.WAV,Telephone Field,recover-20220922,001,1795
1418.5185,1418.5579,68437,81763,Rhinolophus ferrumequinum,0.025,0.025,-1,Echolocation,/mnt/ubna_data_02_mir/recover-20220922/UBNA_001/20220921_090000.WAV,Telephone Field,recover-20220922,001,1795
1418.5255,1418.5632,68437,81483,Rhinolophus ferrumequinum,0.023,0.023,-1,Echolocation,/mnt/ubna_data_02_mir/recover-20220922/UBNA_001/20220921_090000.WAV,Telephone Field,recover-20220922,001,1795
1418.5295,1418.5405,21171,26175,Nyctalus leisleri,0.007,0.021,-1,Echolocation,/mnt/ubna_data_02_mir/recover-20220922/UBNA_001/20220921_090000.WAV,Telephone Field,recover-20220922,001,1795
1418.5425,1418.5813,68437,82615,Rhinolophus ferrumequinum,0.026,0.026,-1,Echolocation,/mnt/ubna_data_02_mir/recover-20220922/UBNA_001/20220921_090000.WAV,Telephone Field,recover-20220922,001,1795
1418.5485,1418.5574,22890,29599,Plecotus austriacus,0.009,0.024,-1,Echolocation,/mnt/ubna_data_02_mir/recover-20220922/UBNA_001/20220921_090000.WAV,Telephone Field,recover-20220922,001,1795
1418.5985,1418.6365,68437,82060,Rhinolophus ferrumequinum,0.023,0.023,-1,Echolocation,/mnt/ubna_data_02_mir/recover-20220922/UBNA_001/20220921_090000.WAV,Telephone Field,recover-20220922,001,1795
1418.6255,1418.6329,28046,38354,Eptesicus serotinus,0.007,0.023,-1,Echolocation,/mnt/ubna_data_02_mir/recover-20220922/UBNA_001/20220921_090000.WAV,Telephone Field,recover-20220922,001,1795
1418.6615,1418.703,68437,82636,Rhinolophus ferrumequinum,0.023,0.023,-1,Echolocation,/mnt/ubna_data_02_mir/recover-20220922/UBNA_001/20220921_090000.WAV,Telephone Field,recover-20220922,001,1795
1418.6835,1418.7187,68437,81125,Rhinolophus ferrumequinum,0.023,0.023,-1,Echolocation,/mnt/ubna_data_02_mir/recover-20220922/UBNA_001/20220921_090000.WAV,Telephone Field,recover-20220922,001,1795
1418.6875,1418.6975,23750,31325,Nyctalus leisleri,0.008,0.028,-1,Echolocation,/mnt/ubna_data_02_mir/recover-20220922/UBNA_001/20220921_090000.WAV,Telephone Field,recover-20220922,001,1795
1418.7145,1418.7249,23750,30230,Nyctalus leisleri,0.009,0.024,-1,Echolocation,/mnt/ubna_data_02_mir/recover-20220922/UBNA_001/20220921_090000.WAV,Telephone Field,recover-20220922,001,1795
1418.7415,1418.7846,68437,82873,Rhinolophus ferrumequinum,0.023,0.023,-1,Echolocation,/mnt/ubna_data_02_mir/recover-20220922/UBNA_001/20220921_090000.WAV,Telephone Field,recover-20220922,001,1795
1418.7765,1418.7847,28046,38954,Eptesicus serotinus,0.008,0.025,-1,Echolocation,/mnt/ubna_data_02_mir/recover-20220922/UBNA_001/20220921_090000.WAV,Telephone Field,recover-20220922,001,1795
1418.8325,1418.872,68437,82188,Rhinolophus ferrumequinum,0.023,0.023,-1,Echolocation,/mnt/ubna_data_02_mir/recover-20220922/UBNA_001/20220921_090000.WAV,Telephone Field,recover-20220922,001,1795
1418.8605,1418.8985,68437,81699,Rhinolophus ferrumequinum,0.025,0.025,-1,Echolocation,/mnt/ubna_data_02_mir/recover-20220922/UBNA_001/20220921_090000.WAV,Telephone Field,recover-20220922,001,1795
1418.8725,1418.8886,22031,25646,Nyctalus leisleri,0.041,0.079,-1,Echolocation,/mnt/ubna_data_02_mir/recover-20220922/UBNA_001/20220921_090000.WAV,Telephone Field,recover-20220922,001,1795
1418.8765,1418.9139,68437,81572,Rhinolophus ferrumequinum,0.022,0.022,-1,Echolocation,/mnt/ubna_data_02_mir/recover-20220922/UBNA_001/20220921_090000.WAV,Telephone Field,recover-20220922,001,1795
1418.8775,1418.8883,34921,41127,Barbastellus barbastellus,0.006,0.027,-1,Echolocation,/mnt/ubna_data_02_mir/recover-20220922/UBNA_001/20220921_090000.WAV,Telephone Field,recover-20220922,001,1795
1418.8965,1418.9357,68437,82747,Rhinolophus ferrumequinum,0.026,0.026,-1,Echolocation,/mnt/ubna_data_02_mir/recover-20220922/UBNA_001/20220921_090000.WAV,Telephone Field,recover-20220922,001,1795
1418.9015,1418.9418,68437,82691,Rhinolophus ferrumequinum,0.026,0.026,-1,Echolocation,/mnt/ubna_data_02_mir/recover-20220922/UBNA_001/20220921_090000.WAV,Telephone Field,recover-20220922,001,1795
1418.9505,1418.9578,13437,27797,Plecotus auritus,0.024,0.027,-1,Echolocation,/mnt/ubna_data_02_mir/recover-20220922/UBNA_001/20220921_090000.WAV,Telephone Field,recover-20220922,001,1795
1418.9585,1418.965,46953,52056,Pipistrellus pipistrellus,0.024,0.025,-1,Echolocation,/mnt/ubna_data_02_mir/recover-20220922/UBNA_001/20220921_090000.WAV,Telephone Field,recover-20220922,001,1795
1418.9605,1418.9986,68437,82967,Rhinolophus ferrumequinum,0.021,0.021,-1,Echolocation,/mnt/ubna_data_02_mir/recover-20220922/UBNA_001/20220921_090000.WAV,Telephone Field,recover-20220922,001,1795
1418.9705,1419.0106,68437,81794,Rhinolophus ferrumequinum,0.021,0.021,-1,Echolocation,/mnt/ubna_data_02_mir/recover-20220922/UBNA_001/20220921_090000.WAV,Telephone Field,recover-20220922,001,1795
1419.0065,1419.015,22890,30169,Plecotus austriacus,0.009,0.021,-1,Echolocation,/mnt/ubna_data_02_mir/recover-20220922/UBNA_001/20220921_090000.WAV,Telephone Field,recover-20220922,001,1795
1419.0115,1419.0192,57265,64695,Pipistrellus pygmaeus,0.022,0.022,-1,Echolocation,/mnt/ubna_data_02_mir/recover-20220922/UBNA_001/20220921_090000.WAV,Telephone Field,recover-20220922,001,1795
1419.0155,1419.0494,68437,80564,Rhinolophus ferrumequinum,0.024,0.024,-1,Echolocation,/mnt/ubna_data_02_mir/recover-20220922/UBNA_001/20220921_090000.WAV,Telephone Field,recover-20220922,001,1795
1419.0515,1419.0908,68437,82892,Rhinolophus ferrumequinum,0.032,0.032,-1,Echolocation,/mnt/ubna_data_02_mir/recover-20220922/UBNA_001/20220921_090000.WAV,Telephone Field,recover-20220922,001,1795
1419.0845,1419.0928,28046,40423,Eptesicus serotinus,0.009,0.024,-1,Echolocation,/mnt/ubna_data_02_mir/recover-20220922/UBNA_001/20220921_090000.WAV,Telephone Field,recover-20220922,001,1795
1419.1015,1419.1417,68437,82269,Rhinolophus ferrumequinum,0.022,0.022,-1,Echolocation,/mnt/ubna_data_02_mir/recover-20220922/UBNA_001/20220921_090000.WAV,Telephone Field,recover-20220922,001,1795
1419.1085,1419.1493,68437,82681,Rhinolophus ferrumequinum,0.022,0.022,-1,Echolocation,/mnt/ubna_data_02_mir/recover-20220922/UBNA_001/20220921_090000.WAV,Telephone Field,recover-20220922,001,1795
1419.1145,1419.1528,68437,82412,Rhinolophus ferrumequinum,0.022,0.022,-1,Echolocation,/mnt/ubna_data_02_mir/recover-20220922/UBNA_001/20220921_090000.WAV,Telephone Field,recover-20220922,001,1795
1419.1255,1419.1632,68437,81319,Rhinolophus ferrumequinum,0.022,0.022,-1,Echolocation,/mnt/ubna_data_02_mir/recover-20220922/UBNA_001/20220921_090000.WAV,Telephone Field,recover-20220922,001,1795
1419.1325,1419.1737,68437,82387,Rhinolophus ferrumequinum,0.024,0.024,-1,Echolocation,/mnt/ubna_data_02_mir/recover-20220922/UBNA_001/20220921_090000.WAV,Telephone Field,recover-20220922,001,1795
1419.1715,1419.2065,68437,82249,Rhinolophus ferrumequinum,0.023,0.023,-1,Echolocation,/mnt/ubna_data_02_mir/recover-20220922/UBNA_001/20220921_090000.WAV,Telephone Field,recover-20220922,001,1795
1419.1975,1419.2346,68437,81678,Rhinolophus ferrumequinum,0.025,0.025,-1,Echolocation,/mnt/ubna_data_02_mir/recover-20220922/UBNA_001/20220921_090000.WAV,Telephone Field,recover-20220922,001,1795
1419.2035,1419.2092,47812,56891,Pipistrellus pipistrellus,0.021,0.029,-1,Echolocation,/mnt/ubna_data_02_mir/recover-20220922/UBNA_001/20220921_090000.WAV,Telephone Field,recover-20220922,001,1795
1419.2225,1419.2622,68437,82156,Rhinolophus ferrumequinum,0.023,0.023,-1,Echolocation,/mnt/ubna_data_02_mir/recover-20220922/UBNA_001/20220921_090000.WAV,Telephone Field,recover-20220922,001,1795
1419.2465,1419.2543,28046,40356,Eptesicus serotinus,0.007,0.023,-1,Echolocation,/mnt/ubna_data_02_mir/recover-20220922/UBNA_001/20220921_090000.WAV,Telephone Field,recover-20220922,001,1795
1419.2495,1419.2928,68437,82658,Rhinolophus ferrumequinum,0.032,0.032,-1,Echolocation,/mnt/ubna_data_02_mir/recover-20220922/UBNA_001/20220921_090000.WAV,Telephone Field,recover-20220922,001,1795
1419.2815,1419.2902,23750,31066,Plecotus austriacus,0.007,0.021,-1,Echolocation,/mnt/ubna_data_02_mir/recover-20220922/UBNA_001/20220921_090000.WAV,Telephone Field,recover-20220922,001,1795
1419.2985,1419.3377,68437,81915,Rhinolophus ferrumequinum,0.021,0.021,-1,Echolocation,/mnt/ubna_data_02_mir/recover-20220922/UBNA_001/20220921_090000.WAV,Telephone Field,recover-20220922,001,1795
1419.3005,1419.3098,28046,38441,Eptesicus serotinus,0.009,0.024,-1,Echolocation,/mnt/ubna_data_02_mir/recover-20220922/UBNA_001/20220921_090000.WAV,Telephone Field,recover-20220922,001,1795
1419.3515,1419.3636,23750,29076,Nyctalus leisleri,0.014,0.031,-1,Echolocation,/mnt/ubna_data_02_mir/recover-20220922/UBNA_001/20220921_090000.WAV,Telephone Field,recover-20220922,001,1795
1419.3645,1419.3713,28046,41349,Eptesicus serotinus,0.007,0.026,-1,Echolocation,/mnt/ubna_data_02_mir/recover-20220922/UBNA_001/20220921_090000.WAV,Telephone Field,recover-20220922,001,1795
1419.3795,1419.4169,68437,82013,Rhinolophus ferrumequinum,0.021,0.021,-1,Echolocation,/mnt/ubna_data_02_mir/recover-20220922/UBNA_001/20220921_090000.WAV,Telephone Field,recover-20220922,001,1795
1419.4005,1419.4103,56406,62260,Pipistrellus pygmaeus,0.022,0.022,-1,Echolocation,/mnt/ubna_data_02_mir/recover-20220922/UBNA_001/20220921_090000.WAV,Telephone Field,recover-20220922,001,1795
1419.4095,1419.4474,68437,82446,Rhinolophus ferrumequinum,0.021,0.021,-1,Echolocation,/mnt/ubna_data_02_mir/recover-20220922/UBNA_001/20220921_090000.WAV,Telephone Field,recover-20220922,001,1795
1419.4275,1419.466,68437,81960,Rhinolophus ferrumequinum,0.023,0.023,-1,Echolocation,/mnt/ubna_data_02_mir/recover-20220922/UBNA_001/20220921_090000.WAV,Telephone Field,recover-20220922,001,1795
1419.4445,1419.4514,23750,32531,Plecotus austriacus,0.012,0.027,-1,Echolocation,/mnt/ubna_data_02_mir/recover-20220922/UBNA_001/20220921_090000.WAV,Telephone Field,recover-20220922,001,1795
1419.4535,1419.4931,68437,82300,Rhinolophus ferrumequinum,0.023,0.023,-1,Echolocation,/mnt/ubna_data_02_mir/recover-20220922/UBNA_001/20220921_090000.WAV,Telephone Field,recover-20220922,001,1795
1419.4995,1419.5381,68437,81816,Rhinolophus ferrumequinum,0.022,0.022,-1,Echolocation,/mnt/ubna_data_02_mir/recover-20220922/UBNA_001/20220921_090000.WAV,Telephone Field,recover-20220922,001,1795
1419.5025,1419.5119,26328,34302,Eptesicus serotinus,0.009,0.021,-1,Echolocation,/mnt/ubna_data_02_mir/recover-20220922/UBNA_001/20220921_090000.WAV,Telephone Field,recover-20220922,001,1795
1419.5145,1419.5554,68437,82730,Rhinolophus ferrumequinum,0.023,0.023,-1,Echolocation,/mnt/ubna_data_02_mir/recover-20220922/UBNA_001/20220921_090000.WAV,Telephone Field,recover-20220922,001,1795
1419.5255,1419.5376,22031,25986,Nyctalus leisleri,0.015,0.031,-1,Echolocation,/mnt/ubna_data_02_mir/recover-20220922/UBNA_001/20220921_090000.WAV,Telephone Field,recover-20220922,001,1795
1419.5375,1419.5759,68437,81671,Rhinolophus ferrumequinum,0.023,0.023,-1,Echolocation,/mnt/ubna_data_02_mir/recover-20220922/UBNA_001/20220921_090000.WAV,Telephone Field,recover-20220922,001,1795
1419.5645,1419.6041,68437,83415,Rhinolophus ferrumequinum,0.03,0.03,-1,Echolocation,/mnt/ubna_data_02_mir/recover-20220922/UBNA_001/20220921_090000.WAV,Telephone Field,recover-20220922,001,1795
1419.5715,1419.6088,68437,82578,Rhinolophus ferrumequinum,0.023,0.023,-1,Echolocation,/mnt/ubna_data_02_mir/recover-20220922/UBNA_001/20220921_090000.WAV,Telephone Field,recover-20220922,001,1795
1419.5745,1419.5848,23750,29791,Nyctalus leisleri,0.011,0.028,-1,Echolocation,/mnt/ubna_data_02_mir/recover-20220922/UBNA_001/20220921_090000.WAV,Telephone Field,recover-20220922,001,1795
1419.6005,1419.6353,68437,80951,Rhinolophus ferrumequinum,0.021,0.021,-1,Echolocation,/mnt/ubna_data_02_mir/recover-20220922/UBNA_001/20220921_090000.WAV,Telephone Field,recover-20220922,001,1795
1419.6045,1419.6118,28046,39988,Eptesicus serotinus,0.008,0.023,-1,Echolocation,/mnt/ubna_data_02_mir/recover-20220922/UBNA_001/20220921_090000.WAV,Telephone Field,recover-20220922,001,1795
1419.6235,1419.666,68437,83503,Rhinolophus ferrumequinum,0.039,0.039,-1,Echolocation,/mnt/ubna_data_02_mir/recover-20220922/UBNA_001/20220921_090000.WAV,Telephone Field,recover-20220922,001,1795
1419.6595,1419.6682,28046,38151,Eptesicus serotinus,0.009,0.025,-1,Echolocation,/mnt/ubna_data_02_mir/recover-20220922/UBNA_001/20220921_090000.WAV,Telephone Field,recover-20220922,001,1795
1419.6775,1419.7183,68437,82702,Rhinolophus ferrumequinum,0.022,0.022,-1,Echolocation,/mnt/ubna_data_02_mir/recover-20220922/UBNA_001/20220921_090000.WAV,Telephone Field,recover-20220922,001,1795
1419.7075,1419.7443,68437,82479,Rhinolophus ferrumequinum,0.023,0.024,-1,Echolocation,/mnt/ubna_data_02_mir/recover-20220922/UBNA_001/20220921_090000.WAV,Telephone Field,recover-20220922,001,1795
1419.7185,1419.7569,68437,81288,Rhinolophus ferrumequinum,0.021,0.021,-1,Echolocation,/mnt/ubna_data_02_mir/recover-20220922/UBNA_001/20220921_090000.WAV,Telephone Field,recover-20220922,001,1795
1419.7255,1419.7335,28046,40228,Eptesicus serotinus,0.008,0.022,-1,Echolocation,/mnt/ubna_data_02_mir/recover-20220922/UBNA_001/20220921_090000.WAV,Telephone Field,recover-20220922,001,1795
1419.7415,1419.7837,68437,83107,Rhinolophus ferrumequinum,0.047,0.047,-1,Echolocation,/mnt/ubna_data_02_mir/recover-20220922/UBNA_001/20220921_090000.WAV,Telephone Field,recover-20220922,001,1795
1419.8085,1419.8513,68437,83349,Rhinolophus ferrumequinum,0.03,0.03,-1,Echolocation,/mnt/ubna_data_02_mir/recover-20220922/UBNA_001/20220921_090000.WAV,Telephone Field,recover-20220922,001,1795
1419.8415,1419.8502,27187,38933,Eptesicus serotinus,0.008,0.022,-1,Echolocation,/mnt/ubna_data_02_mir/recover-20220922/UBNA_001/20220921_090000.WAV,Telephone Field,recover-20220922,001,1795
1419.8815,1419.8898,24609,32156,Eptesicus serotinus,0.177,0.426,-1,Echolocation,/mnt/ubna_data_02_mir/recover-20220922/UBNA_001/20220921_090000.WAV,Telephone Field,recover-20220922,001,1795
1419.9255,1419.9649,68437,82234,Rhinolophus ferrumequinum,0.023,0.023,-1,Echolocation,/mnt/ubna_data_02_mir/recover-20220922/UBNA_001/20220921_090000.WAV,Telephone Field,recover-20220922,001,1795
1419.9265,1419.9344,23750,31793,Plecotus austriacus,0.008,0.024,-1,Echolocation,/mnt/ubna_data_02_mir/recover-20220922/UBNA_001/20220921_090000.WAV,Telephone Field,recover-20220922,001,1795
1419.9535,1419.963,28046,38465,Eptesicus serotinus,0.011,0.025,-1,Echolocation,/mnt/ubna_data_02_mir/recover-20220922/UBNA_001/20220921_090000.WAV,Telephone Field,recover-20220922,001,1795
1419.9555,1419.9919,68437,81062,Rhinolophus ferrumequinum,0.022,0.022,-1,Echolocation,/mnt/ubna_data_02_mir/recover-20220922/UBNA_001/20220921_090000.WAV,Telephone Field,recover-20220922,001,1795
1419.9825,1419.9977,22890,28403,Nyctalus leisleri,0.012,0.029,-1,Echolocation,/mnt/ubna_data_02_mir/recover-20220922/UBNA_001/20220921_090000.WAV,Telephone Field,recover-20220922,001,1795
1420.0015,1420.0374,68437,80025,Rhinolophus ferrumequinum,0.044,0.044,-1,Echolocation,/mnt/ubna_data_02_mir/recover-20220922/UBNA_001/20220921_090000.WAV,Telephone Field,recover-20220922,001,1795
1420.0015,1420.0106,26328,34891,Nyctalus leisleri,0.01,0.031,-1,Echolocation,/mnt/ubna_data_02_mir/recover-20220922/UBNA_001/20220921_090000.WAV,Telephone Field,recover-20220922,001,1795
1420.0015,1420.0082,45234,53794,Pipistrellus pipistrellus,0.012,0.021,-1,Echolocation,/mnt/ubna_data_02_mir/recover-20220922/UBNA_001/20220921_090000.WAV,Telephone Field,recover-20220922,001,1795
1420.0095,1420.0187,28046,36185,Eptesicus serotinus,0.008,0.022,-1,Echolocation,/mnt/ubna_data_02_mir/recover-20220922/UBNA_001/20220921_090000.WAV,Telephone Field,recover-20220922,001,1795
1420.0095,1420.0538,68437,83733,Rhinolophus ferrumequinum,0.026,0.026,-1,Echolocation,/mnt/ubna_data_02_mir/recover-20220922/UBNA_001/20220921_090000.WAV,Telephone Field,recover-20220922,001,1795
1420.0425,1420.0553,23750,28390,Nyctalus leisleri,0.011,0.023,-1,Echolocation,/mnt/ubna_data_02_mir/recover-20220922/UBNA_001/20220921_090000.WAV,Telephone Field,recover-20220922,001,1795
1420.0505,1420.0618,23750,28124,Nyctalus leisleri,0.013,0.024,-1,Echolocation,/mnt/ubna_data_02_mir/recover-20220922/UBNA_001/20220921_090000.WAV,Telephone Field,recover-20220922,001,1795
1420.0645,1420.0757,28046,34583,Eptesicus serotinus,0.012,0.023,-1,Echolocation,/mnt/ubna_data_02_mir/recover-20220922/UBNA_001/20220921_090000.WAV,Telephone Field,recover-20220922,001,1795
1420.1415,1420.1514,23750,28639,Nyctalus leisleri,0.011,0.023,-1,Echolocation,/mnt/ubna_data_02_mir/recover-20220922/UBNA_001/20220921_090000.WAV,Telephone Field,recover-20220922,001,1795
1420.1845,1420.2238,68437,82121,Rhinolophus ferrumequinum,0.021,0.021,-1,Echolocation,/mnt/ubna_data_02_mir/recover-20220922/UBNA_001/20220921_090000.WAV,Telephone Field,recover-20220922,001,1795
1420.1865,1420.1951,26328,38430,Eptesicus serotinus,0.007,0.022,-1,Echolocation,/mnt/ubna_data_02_mir/recover-20220922/UBNA_001/20220921_090000.WAV,Telephone Field,recover-20220922,001,1795
1420.2365,1420.2467,14296,20972,Nyctalus noctula,0.012,0.025,-1,Echolocation,/mnt/ubna_data_02_mir/recover-20220922/UBNA_001/20220921_090000.WAV,Telephone Field,recover-20220922,001,1795
1420.2865,1420.3225,68437,81765,Rhinolophus ferrumequinum,0.022,0.022,-1,Echolocation,/mnt/ubna_data_02_mir/recover-20220922/UBNA_001/20220921_090000.WAV,Telephone Field,recover-20220922,001,1795
1420.3165,1420.3569,68437,82846,Rhinolophus ferrumequinum,0.025,0.025,-1,Echolocation,/mnt/ubna_data_02_mir/recover-20220922/UBNA_001/20220921_090000.WAV,Telephone Field,recover-20220922,001,1795
1420.3265,1420.3352,23750,31070,Eptesicus serotinus,0.011,0.04,-1,Echolocation,/mnt/ubna_data_02_mir/recover-20220922/UBNA_001/20220921_090000.WAV,Telephone Field,recover-20220922,001,1795
1420.3475,1420.3555,37500,45336,Myotis daubentonii,0.008,0.025,-1,Echolocation,/mnt/ubna_data_02_mir/recover-20220922/UBNA_001/20220921_090000.WAV,Telephone Field,recover-20220922,001,1795
1420.3475,1420.3565,27187,39410,Eptesicus serotinus,0.01,0.023,-1,Echolocation,/mnt/ubna_data_02_mir/recover-20220922/UBNA_001/20220921_090000.WAV,Telephone Field,recover-20220922,001,1795
1420.3555,1420.3925,68437,81413,Rhinolophus ferrumequinum,0.024,0.024,-1,Echolocation,/mnt/ubna_data_02_mir/recover-20220922/UBNA_001/20220921_090000.WAV,Telephone Field,recover-20220922,001,1795
1420.3625,1420.4024,68437,82697,Rhinolophus ferrumequinum,0.022,0.022,-1,Echolocation,/mnt/ubna_data_02_mir/recover-20220922/UBNA_001/20220921_090000.WAV,Telephone Field,recover-20220922,001,1795
1420.3715,1420.3779,27187,38237,Eptesicus serotinus,0.009,0.033,-1,Echolocation,/mnt/ubna_data_02_mir/recover-20220922/UBNA_001/20220921_090000.WAV,Telephone Field,recover-20220922,001,1795
1420.3815,1420.4169,68437,81304,Rhinolophus ferrumequinum,0.026,0.026,-1,Echolocation,/mnt/ubna_data_02_mir/recover-20220922/UBNA_001/20220921_090000.WAV,Telephone Field,recover-20220922,001,1795
1420.4035,1420.4113,28046,36724,Eptesicus serotinus,0.009,0.023,-1,Echolocation,/mnt/ubna_data_02_mir/recover-20220922/UBNA_001/20220921_090000.WAV,Telephone Field,recover-20220922,001,1795
1420.4325,1420.474,68437,82971,Rhinolophus ferrumequinum,0.029,0.029,-1,Echolocation,/mnt/ubna_data_02_mir/recover-20220922/UBNA_001/20220921_090000.WAV,Telephone Field,recover-20220922,001,1795
1420.4395,1420.4468,27187,40875,Eptesicus serotinus,0.007,0.022,-1,Echolocation,/mnt/ubna_data_02_mir/recover-20220922/UBNA_001/20220921_090000.WAV,Telephone Field,recover-20220922,001,1795
1420.4945,1420.5305,68437,81709,Rhinolophus ferrumequinum,0.022,0.022,-1,Echolocation,/mnt/ubna_data_02_mir/recover-20220922/UBNA_001/20220921_090000.WAV,Telephone Field,recover-20220922,001,1795
1420.5035,1420.5139,28906,36593,Eptesicus serotinus,0.014,0.028,-1,Echolocation,/mnt/ubna_data_02_mir/recover-20220922/UBNA_001/20220921_090000.WAV,Telephone Field,recover-20220922,001,1795
1420.5295,1420.5694,68437,82879,Rhinolophus ferrumequinum,0.024,0.024,-1,Echolocation,/mnt/ubna_data_02_mir/recover-20220922/UBNA_001/20220921_090000.WAV,Telephone Field,recover-20220922,001,1795
1420.5465,1420.5854,68437,83027,Rhinolophus ferrumequinum,0.022,0.022,-1,Echolocation,/mnt/ubna_data_02_mir/recover-20220922/UBNA_001/20220921_090000.WAV,Telephone Field,recover-20220922,001,1795
1420.5545,1420.5628,26328,35031,Eptesicus serotinus,0.01,0.024,-1,Echolocation,/mnt/ubna_data_02_mir/recover-20220922/UBNA_001/20220921_090000.WAV,Telephone Field,recover-20220922,001,1795
1420.5975,1420.6368,68437,82851,Rhinolophus ferrumequinum,0.031,0.031,-1,Echolocation,/mnt/ubna_data_02_mir/recover-20220922/UBNA_001/20220921_090000.WAV,Telephone Field,recover-20220922,001,1795
1420.6115,1420.62,27187,40734,Eptesicus serotinus,0.009,0.023,-1,Echolocation,/mnt/ubna_data_02_mir/recover-20220922/UBNA_001/20220921_090000.WAV,Telephone Field,recover-20220922,001,1795
1420.6115,1420.6202,33203,41538,Myotis daubentonii,0.007,0.024,-1,Echolocation,/mnt/ubna_data_02_mir/recover-20220922/UBNA_001/20220921_090000.WAV,Telephone Field,recover-20220922,001,1795
1420.6315,1420.6681,68437,82021,Rhinolophus ferrumequinum,0.022,0.022,-1,Echolocation,/mnt/ubna_data_02_mir/recover-20220922/UBNA_001/20220921_090000.WAV,Telephone Field,recover-20220922,001,1795
1420.6395,1420.6807,68437,82663,Rhinolophus ferrumequinum,0.023,0.023,-1,Echolocation,/mnt/ubna_data_02_mir/recover-20220922/UBNA_001/20220921_090000.WAV,Telephone Field,recover-20220922,001,1795
1420.6645,1420.6719,28046,38096,Eptesicus serotinus,0.021,0.042,-1,Echolocation,/mnt/ubna_data_02_mir/recover-20220922/UBNA_001/20220921_090000.WAV,Telephone Field,recover-20220922,001,1795
1420.6755,1420.712,68437,81860,Rhinolophus ferrumequinum,0.022,0.022,-1,Echolocation,/mnt/ubna_data_02_mir/recover-20220922/UBNA_001/20220921_090000.WAV,Telephone Field,recover-20220922,001,1795
1420.7095,1420.7201,22890,28052,Nyctalus leisleri,0.011,0.024,-1,Echolocation,/mnt/ubna_data_02_mir/recover-20220922/UBNA_001/20220921_090000.WAV,Telephone Field,recover-20220922,001,1795
1420.7335,1420.7737,68437,82897,Rhinolophus ferrumequinum,0.022,0.022,-1,Echolocation,/mnt/ubna_data_02_mir/recover-20220922/UBNA_001/20220921_090000.WAV,Telephone Field,recover-20220922,001,1795
1420.7435,1420.7525,25468,35452,Eptesicus serotinus,0.009,0.022,-1,Echolocation,/mnt/ubna_data_02_mir/recover-20220922/UBNA_001/20220921_090000.WAV,Telephone Field,recover-20220922,001,1795
1420.7865,1420.8019,28906,33873,Eptesicus serotinus,0.016,0.028,-1,Echolocation,/mnt/ubna_data_02_mir/recover-20220922/UBNA_001/20220921_090000.WAV,Telephone Field,recover-20220922,001,1795
1420.7995,1420.8063,23750,32575,Plecotus austriacus,0.011,0.025,-1,Echolocation,/mnt/ubna_data_02_mir/recover-20220922/UBNA_001/20220921_090000.WAV,Telephone Field,recover-20220922,001,1795
1420.8235,1420.8346,28046,35853,Eptesicus serotinus,0.012,0.024,-1,Echolocation,/mnt/ubna_data_02_mir/recover-20220922/UBNA_001/20220921_090000.WAV,Telephone Field,recover-20220922,001,1795
1420.8235,1420.8616,68437,82281,Rhinolophus ferrumequinum,0.025,0.025,-1,Echolocation,/mnt/ubna_data_02_mir/recover-20220922/UBNA_001/20220921_090000.WAV,Telephone Field,recover-20220922,001,1795
1420.8505,1420.8862,68437,82123,Rhinolophus ferrumequinum,0.021,0.022,-1,Echolocation,/mnt/ubna_data_02_mir/recover-20220922/UBNA_001/20220921_090000.WAV,Telephone Field,recover-20220922,001,1795
1420.8635,1420.8736,23750,29716,Nyctalus leisleri,0.008,0.022,-1,Echolocation,/mnt/ubna_data_02_mir/recover-20220922/UBNA_001/20220921_090000.WAV,Telephone Field,recover-20220922,001,1795
1420.8895,1420.9304,68437,82301,Rhinolophus ferrumequinum,0.023,0.023,-1,Echolocation,/mnt/ubna_data_02_mir/recover-20220922/UBNA_001/20220921_090000.WAV,Telephone Field,recover-20220922,001,1795
1420.8945,1420.936,68437,82837,Rhinolophus ferrumequinum,0.023,0.023,-1,Echolocation,/mnt/ubna_data_02_mir/recover-20220922/UBNA_001/20220921_090000.WAV,Telephone Field,recover-20220922,001,1795
1420.9185,1420.9308,22031,26435,Nyctalus leisleri,0.012,0.021,-1,Echolocation,/mnt/ubna_data_02_mir/recover-20220922/UBNA_001/20220921_090000.WAV,Telephone Field,recover-20220922,001,1795
1420.9415,1420.9833,68437,82268,Rhinolophus ferrumequinum,0.024,0.024,-1,Echolocation,/mnt/ubna_data_02_mir/recover-20220922/UBNA_001/20220921_090000.WAV,Telephone Field,recover-20220922,001,1795
1420.9965,1421.0364,68437,82602,Rhinolophus ferrumequinum,0.023,0.023,-1,Echolocation,/mnt/ubna_data_02_mir/recover-20220922/UBNA_001/20220921_090000.WAV,Telephone Field,recover-20220922,001,1795
1421.0055,1421.0141,27187,39504,Eptesicus serotinus,0.01,0.027,-1,Echolocation,/mnt/ubna_data_02_mir/recover-20220922/UBNA_001/20220921_090000.WAV,Telephone Field,recover-20220922,001,1795
1421.0145,1421.0258,22031,26239,Nyctalus leisleri,0.014,0.027,-1,Echolocation,/mnt/ubna_data_02_mir/recover-20220922/UBNA_001/20220921_090000.WAV,Telephone Field,recover-20220922,001,1795
1421.0195,1421.0583,68437,82632,Rhinolophus ferrumequinum,0.022,0.022,-1,Echolocation,/mnt/ubna_data_02_mir/recover-20220922/UBNA_001/20220921_090000.WAV,Telephone Field,recover-20220922,001,1795
1421.0485,1421.0844,68437,82054,Rhinolophus ferrumequinum,0.023,0.023,-1,Echolocation,/mnt/ubna_data_02_mir/recover-20220922/UBNA_001/20220921_090000.WAV,Telephone Field,recover-20220922,001,1795
1421.0795,1421.0866,28046,39931,Eptesicus serotinus,0.006,0.021,-1,Echolocation,/mnt/ubna_data_02_mir/recover-20220922/UBNA_001/20220921_090000.WAV,Telephone Field,recover-20220922,001,1795
1421.1225,1421.1599,68437,81945,Rhinolophus ferrumequinum,0.022,0.022,-1,Echolocation,/mnt/ubna_data_02_mir/recover-20220922/UBNA_001/20220921_090000.WAV,Telephone Field,recover-20220922,001,1795
1421.1445,1421.1821,68437,81598,Rhinolophus ferrumequinum,0.022,0.022,-1,Echolocation,/mnt/ubna_data_02_mir/recover-20220922/UBNA_001/20220921_090000.WAV,Telephone Field,recover-20220922,001,1795
1421.1715,1421.1791,28046,38746,Eptesicus serotinus,0.007,0.023,-1,Echolocation,/mnt/ubna_data_02_mir/recover-20220922/UBNA_001/20220921_090000.WAV,Telephone Field,recover-20220922,001,1795
1421.2415,1421.2815,68437,82476,Rhinolophus ferrumequinum,0.032,0.032,-1,Echolocation,/mnt/ubna_data_02_mir/recover-20220922/UBNA_001/20220921_090000.WAV,Telephone Field,recover-20220922,001,1795
1421.2755,1421.3136,68437,82370,Rhinolophus ferrumequinum,0.025,0.025,-1,Echolocation,/mnt/ubna_data_02_mir/recover-20220922/UBNA_001/20220921_090000.WAV,Telephone Field,recover-20220922,001,1795
1421.2865,1421.3248,68437,82475,Rhinolophus ferrumequinum,0.022,0.022,-1,Echolocation,/mnt/ubna_data_02_mir/recover-20220922/UBNA_001/20220921_090000.WAV,Telephone Field,recover-20220922,001,1795
1421.3035,1421.3442,68437,82742,Rhinolophus ferrumequinum,0.025,0.025,-1,Echolocation,/mnt/ubna_data_02_mir/recover-20220922/UBNA_001/20220921_090000.WAV,Telephone Field,recover-20220922,001,1795
1421.3205,1421.3314,23750,29521,Nyctalus leisleri,0.01,0.022,-1,Echolocation,/mnt/ubna_data_02_mir/recover-20220922/UBNA_001/20220921_090000.WAV,Telephone Field,recover-20220922,001,1795
1421.3645,1421.399,68437,81896,Rhinolophus ferrumequinum,0.021,0.021,-1,Echolocation,/mnt/ubna_data_02_mir/recover-20220922/UBNA_001/20220921_090000.WAV,Telephone Field,recover-20220922,001,1795
1421.3825,1421.3929,28046,35753,Eptesicus serotinus,0.02,0.035,-1,Echolocation,/mnt/ubna_data_02_mir/recover-20220922/UBNA_001/20220921_090000.WAV,Telephone Field,recover-20220922,001,1795
1421.3925,1421.4031,28046,34428,Eptesicus serotinus,0.01,0.022,-1,Echolocation,/mnt/ubna_data_02_mir/recover-20220922/UBNA_001/20220921_090000.WAV,Telephone Field,recover-20220922,001,1795
1421.4505,1421.49,68437,82399,Rhinolophus ferrumequinum,0.022,0.022,-1,Echolocation,/mnt/ubna_data_02_mir/recover-20220922/UBNA_001/20220921_090000.WAV,Telephone Field,recover-20220922,001,1795
1421.4555,1421.4629,28046,39529,Eptesicus serotinus,0.007,0.023,-1,Echolocation,/mnt/ubna_data_02_mir/recover-20220922/UBNA_001/20220921_090000.WAV,Telephone Field,recover-20220922,001,1795
1421.4745,1421.4835,25468,32985,Eptesicus serotinus,0.008,0.022,-1,Echolocation,/mnt/ubna_data_02_mir/recover-20220922/UBNA_001/20220921_090000.WAV,Telephone Field,recover-20220922,001,1795
1421.5375,1421.5465,28046,36749,Eptesicus serotinus,0.008,0.023,-1,Echolocation,/mnt/ubna_data_02_mir/recover-20220922/UBNA_001/20220921_090000.WAV,Telephone Field,recover-20220922,001,1795
1421.5575,1421.5979,68437,82781,Rhinolophus ferrumequinum,0.024,0.024,-1,Echolocation,/mnt/ubna_data_02_mir/recover-20220922/UBNA_001/20220921_090000.WAV,Telephone Field,recover-20220922,001,1795
1421.5715,1421.5786,27187,39882,Eptesicus serotinus,0.006,0.024,-1,Echolocation,/mnt/ubna_data_02_mir/recover-20220922/UBNA_001/20220921_090000.WAV,Telephone Field,recover-20220922,001,1795
1421.6175,1421.6575,68437,81992,Rhinolophus ferrumequinum,0.025,0.025,-1,Echolocation,/mnt/ubna_data_02_mir/recover-20220922/UBNA_001/20220921_090000.WAV,Telephone Field,recover-20220922,001,1795
1421.6395,1421.6472,28046,39284,Eptesicus serotinus,0.009,0.025,-1,Echolocation,/mnt/ubna_data_02_mir/recover-20220922/UBNA_001/20220921_090000.WAV,Telephone Field,recover-20220922,001,1795
1421.6475,1421.6569,28906,38598,Eptesicus serotinus,0.009,0.023,-1,Echolocation,/mnt/ubna_data_02_mir/recover-20220922/UBNA_001/20220921_090000.WAV,Telephone Field,recover-20220922,001,1795
1421.6695,1421.7087,68437,82278,Rhinolophus ferrumequinum,0.022,0.022,-1,Echolocation,/mnt/ubna_data_02_mir/recover-20220922/UBNA_001/20220921_090000.WAV,Telephone Field,recover-20220922,001,1795
1421.6715,1421.679,26328,36088,Eptesicus serotinus,0.013,0.035,-1,Echolocation,/mnt/ubna_data_02_mir/recover-20220922/UBNA_001/20220921_090000.WAV,Telephone Field,recover-20220922,001,1795
1421.6745,1421.6882,14296,19645,Nyctalus noctula,0.015,0.024,-1,Echolocation,/mnt/ubna_data_02_mir/recover-20220922/UBNA_001/20220921_090000.WAV,Telephone Field,recover-20220922,001,1795
1421.7015,1421.7104,28046,37554,Eptesicus serotinus,0.016,0.031,-1,Echolocation,/mnt/ubna_data_02_mir/recover-20220922/UBNA_001/20220921_090000.WAV,Telephone Field,recover-20220922,001,1795
1421.7905,1421.7998,26328,33642,Eptesicus serotinus,0.016,0.039,-1,Echolocation,/mnt/ubna_data_02_mir/recover-20220922/UBNA_001/20220921_090000.WAV,Telephone Field,recover-20220922,001,1795
1421.8225,1421.8295,28046,39601,Eptesicus serotinus,0.01,0.026,-1,Echolocation,/mnt/ubna_data_02_mir/recover-20220922/UBNA_001/20220921_090000.WAV,Telephone Field,recover-20220922,001,1795
1421.8295,1421.8673,68437,81991,Rhinolophus ferrumequinum,0.024,0.024,-1,Echolocation,/mnt/ubna_data_02_mir/recover-20220922/UBNA_001/20220921_090000.WAV,Telephone Field,recover-20220922,001,1795
1421.8485,1421.8911,68437,83116,Rhinolophus ferrumequinum,0.025,0.025,-1,Echolocation,/mnt/ubna_data_02_mir/recover-20220922/UBNA_001/20220921_090000.WAV,Telephone Field,recover-20220922,001,1795
1421.8985,1421.94,68437,83316,Rhinolophus ferrumequinum,0.033,0.033,-1,Echolocation,/mnt/ubna_data_02_mir/recover-20220922/UBNA_001/20220921_090000.WAV,Telephone Field,recover-20220922,001,1795
1421.9035,1421.9137,28046,36052,Eptesicus serotinus,0.011,0.023,-1,Echolocation,/mnt/ubna_data_02_mir/recover-20220922/UBNA_001/20220921_090000.WAV,Telephone Field,recover-20220922,001,1795
1421.9395,1421.9794,68437,83184,Rhinolophus ferrumequinum,0.027,0.027,-1,Echolocation,/mnt/ubna_data_02_mir/recover-20220922/UBNA_001/20220921_090000.WAV,Telephone Field,recover-20220922,001,1795
1421.9655,1421.973,28046,39340,Eptesicus serotinus,0.008,0.026,-1,Echolocation,/mnt/ubna_data_02_mir/recover-20220922/UBNA_001/20220921_090000.WAV,Telephone Field,recover-20220922,001,1795
1422.0015,1422.0354,68437,80196,Rhinolophus ferrumequinum,0.039,0.039,-1,Echolocation,/mnt/ubna_data_02_mir/recover-20220922/UBNA_001/20220921_090000.WAV,Telephone Field,recover-20220922,001,1795
1422.0015,1422.0111,25468,35924,Eptesicus serotinus,0.01,0.033,-1,Echolocation,/mnt/ubna_data_02_mir/recover-20220922/UBNA_001/20220921_090000.WAV,Telephone Field,recover-20220922,001,1795
1422.0015,1422.0098,46953,53595,Pipistrellus pipistrellus,0.02,0.025,-1,Echolocation,/mnt/ubna_data_02_mir/recover-20220922/UBNA_001/20220921_090000.WAV,Telephone Field,recover-20220922,001,1795
1422.0085,1422.0193,28046,41540,Eptesicus serotinus,0.037,0.055,-1,Echolocation,/mnt/ubna_data_02_mir/recover-20220922/UBNA_001/20220921_090000.WAV,Telephone Field,recover-20220922,001,1795
1422.0085,1422.0166,32343,43129,Eptesicus serotinus,0.022,0.056,-1,Echolocation,/mnt/ubna_data_02_mir/recover-20220922/UBNA_001/20220921_090000.WAV,Telephone Field,recover-20220922,001,1795
1422.0095,1422.0551,68437,82911,Rhinolophus ferrumequinum,0.025,0.025,-1,Echolocation,/mnt/ubna_data_02_mir/recover-20220922/UBNA_001/20220921_090000.WAV,Telephone Field,recover-20220922,001,1795
1422.0715,1422.1124,68437,83029,Rhinolophus ferrumequinum,0.024,0.024,-1,Echolocation,/mnt/ubna_data_02_mir/recover-20220922/UBNA_001/20220921_090000.WAV,Telephone Field,recover-20220922,001,1795
1422.1115,1422.1514,68437,82312,Rhinolophus ferrumequinum,0.021,0.021,-1,Echolocation,/mnt/ubna_data_02_mir/recover-20220922/UBNA_001/20220921_090000.WAV,Telephone Field,recover-20220922,001,1795
1422.1265,1422.1357,28046,36748,Eptesicus serotinus,0.009,0.021,-1,Echolocation,/mnt/ubna_data_02_mir/recover-20220922/UBNA_001/20220921_090000.WAV,Telephone Field,recover-20220922,001,1795
1422.1795,1422.2186,68437,81870,Rhinolophus ferrumequinum,0.022,0.022,-1,Echolocation,/mnt/ubna_data_02_mir/recover-20220922/UBNA_001/20220921_090000.WAV,Telephone Field,recover-20220922,001,1795
1422.1895,1422.2314,68437,82793,Rhinolophus ferrumequinum,0.021,0.021,-1,Echolocation,/mnt/ubna_data_02_mir/recover-20220922/UBNA_001/20220921_090000.WAV,Telephone Field,recover-20220922,001,1795
1422.2115,1422.2188,26328,35922,Eptesicus serotinus,0.008,0.029,-1,Echolocation,/mnt/ubna_data_02_mir/recover-20220922/UBNA_001/20220921_090000.WAV,Telephone Field,recover-20220922,001,1795
1422.2355,1422.2758,68437,82434,Rhinolophus ferrumequinum,0.022,0.022,-1,Echolocation,/mnt/ubna_data_02_mir/recover-20220922/UBNA_001/20220921_090000.WAV,Telephone Field,recover-20220922,001,1795
1422.2445,1422.2536,28906,38903,Eptesicus serotinus,0.009,0.022,-1,Echolocation,/mnt/ubna_data_02_mir/recover-20220922/UBNA_001/20220921_090000.WAV,Telephone Field,recover-20220922,001,1795
1422.2735,1422.2844,22890,28218,Nyctalus leisleri,0.012,0.024,-1,Echolocation,/mnt/ubna_data_02_mir/recover-20220922/UBNA_001/20220921_090000.WAV,Telephone Field,recover-20220922,001,1795
1422.2885,1422.328,68437,82598,Rhinolophus ferrumequinum,0.026,0.026,-1,Echolocation,/mnt/ubna_data_02_mir/recover-20220922/UBNA_001/20220921_090000.WAV,Telephone Field,recover-20220922,001,1795
1422.2965,1422.306,28906,37894,Eptesicus serotinus,0.011,0.025,-1,Echolocation,/mnt/ubna_data_02_mir/recover-20220922/UBNA_001/20220921_090000.WAV,Telephone Field,recover-20220922,001,1795
1422.3085,1422.3184,28046,38693,Eptesicus serotinus,0.013,0.027,-1,Echolocation,/mnt/ubna_data_02_mir/recover-20220922/UBNA_001/20220921_090000.WAV,Telephone Field,recover-20220922,001,1795
1422.3425,1422.3507,24609,32080,Plecotus austriacus,0.006,0.022,-1,Echolocation,/mnt/ubna_data_02_mir/recover-20220922/UBNA_001/20220921_090000.WAV,Telephone Field,recover-20220922,001,1795
1422.4205,1422.4289,28046,38990,Eptesicus serotinus,0.009,0.022,-1,Echolocation,/mnt/ubna_data_02_mir/recover-20220922/UBNA_001/20220921_090000.WAV,Telephone Field,recover-20220922,001,1795
1422.4355,1422.4428,32343,43596,Myotis daubentonii,0.012,0.033,-1,Echolocation,/mnt/ubna_data_02_mir/recover-20220922/UBNA_001/20220921_090000.WAV,Telephone Field,recover-20220922,001,1795
1422.4705,1422.5104,68437,82357,Rhinolophus ferrumequinum,0.025,0.025,-1,Echolocation,/mnt/ubna_data_02_mir/recover-20220922/UBNA_001/20220921_090000.WAV,Telephone Field,recover-20220922,001,1795
1422.4955,1422.5039,26328,34584,Eptesicus serotinus,0.009,0.024,-1,Echolocation,/mnt/ubna_data_02_mir/recover-20220922/UBNA_001/20220921_090000.WAV,Telephone Field,recover-20220922,001,1795
1422.5215,1422.5293,46953,56962,Pipistrellus pipistrellus,0.029,0.032,-1,Echolocation,/mnt/ubna_data_02_mir/recover-20220922/UBNA_001/20220921_090000.WAV,Telephone Field,recover-20220922,001,1795
1422.5355,1422.571,68437,80151,Rhinolophus ferrumequinum,0.021,0.021,-1,Echolocation,/mnt/ubna_data_02_mir/recover-20220922/UBNA_001/20220921_090000.WAV,Telephone Field,recover-20220922,001,1795
1422.5715,1422.6072,68437,81888,Rhinolophus ferrumequinum,0.024,0.024,-1,Echolocation,/mnt/ubna_data_02_mir/recover-20220922/UBNA_001/20220921_090000.WAV,Telephone Field,recover-20220922,001,1795
1422.6815,1422.6878,51250,55949,Pipistrellus pipistrellus,0.02,0.023,-1,Echolocation,/mnt/ubna_data_02_mir/recover-20220922/UBNA_001/20220921_090000.WAV,Telephone Field,recover-20220922,001,1795
1422.7135,1422.7247,23750,29208,Nyctalus leisleri,0.011,0.024,-1,Echolocation,/mnt/ubna_data_02_mir/recover-20220922/UBNA_001/20220921_090000.WAV,Telephone Field,recover-20220922,001,1795
1422.7225,1422.7587,68437,81418,Rhinolophus ferrumequinum,0.021,0.022,-1,Echolocation,/mnt/ubna_data_02_mir/recover-20220922/UBNA_001/20220921_090000.WAV,Telephone Field,recover-20220922,001,1795
1422.7575,1422.767,28906,38304,Eptesicus serotinus,0.009,0.022,-1,Echolocation,/mnt/ubna_data_02_mir/recover-20220922/UBNA_001/20220921_090000.WAV,Telephone Field,recover-20220922,001,1795
1422.7855,1422.8256,68437,82519,Rhinolophus ferrumequinum,0.025,0.025,-1,Echolocation,/mnt/ubna_data_02_mir/recover-20220922/UBNA_001/20220921_090000.WAV,Telephone Field,recover-20220922,001,1795
1422.8115,1422.8521,68437,82373,Rhinolophus ferrumequinum,0.024,0.024,-1,Echolocation,/mnt/ubna_data_02_mir/recover-20220922/UBNA_001/20220921_090000.WAV,Telephone Field,recover-20220922,001,1795
1422.9165,1422.9578,68437,82780,Rhinolophus ferrumequinum,0.022,0.022,-1,Echolocation,/mnt/ubna_data_02_mir/recover-20220922/UBNA_001/20220921_090000.WAV,Telephone Field,recover-20220922,001,1795
1422.9185,1422.9265,28046,40472,Eptesicus serotinus,0.007,0.023,-1,Echolocation,/mnt/ubna_data_02_mir/recover-20220922/UBNA_001/20220921_090000.WAV,Telephone Field,recover-20220922,001,1795
1422.9335,1422.9742,68437,82260,Rhinolophus ferrumequinum,0.022,0.022,-1,Echolocation,/mnt/ubna_data_02_mir/recover-20220922/UBNA_001/20220921_090000.WAV,Telephone Field,recover-20220922,001,1795
1422.9495,1422.9574,50390,54478,Pipistrellus pipistrellus,0.021,0.023,-1,Echolocation,/mnt/ubna_data_02_mir/recover-20220922/UBNA_001/20220921_090000.WAV,Telephone Field,recover-20220922,001,1795
1423.0645,1423.1029,68437,81864,Rhinolophus ferrumequinum,0.023,0.023,-1,Echolocation,/mnt/ubna_data_02_mir/recover-20220922/UBNA_001/20220921_090000.WAV,Telephone Field,recover-20220922,001,1795
1423.0935,1423.1309,68437,81857,Rhinolophus ferrumequinum,0.022,0.022,-1,Echolocation,/mnt/ubna_data_02_mir/recover-20220922/UBNA_001/20220921_090000.WAV,Telephone Field,recover-20220922,001,1795
1423.1265,1423.1686,68437,82274,Rhinolophus ferrumequinum,0.022,0.022,-1,Echolocation,/mnt/ubna_data_02_mir/recover-20220922/UBNA_001/20220921_090000.WAV,Telephone Field,recover-20220922,001,1795
1423.1565,1423.1679,23750,28863,Nyctalus leisleri,0.013,0.027,-1,Echolocation,/mnt/ubna_data_02_mir/recover-20220922/UBNA_001/20220921_090000.WAV,Telephone Field,recover-20220922,001,1795
1423.1865,1423.1952,27187,37974,Eptesicus serotinus,0.01,0.022,-1,Echolocation,/mnt/ubna_data_02_mir/recover-20220922/UBNA_001/20220921_090000.WAV,Telephone Field,recover-20220922,001,1795
1423.2045,1423.2409,68437,82431,Rhinolophus ferrumequinum,0.024,0.024,-1,Echolocation,/mnt/ubna_data_02_mir/recover-20220922/UBNA_001/20220921_090000.WAV,Telephone Field,recover-20220922,001,1795
1423.2235,1423.233,44375,55902,Pipistrellus pipistrellus,0.012,0.021,-1,Echolocation,/mnt/ubna_data_02_mir/recover-20220922/UBNA_001/20220921_090000.WAV,Telephone Field,recover-20220922,001,1795
1423.2305,1423.2414,22031,26645,Nyctalus leisleri,0.012,0.024,-1,Echolocation,/mnt/ubna_data_02_mir/recover-20220922/UBNA_001/20220921_090000.WAV,Telephone Field,recover-20220922,001,1795
1423.2385,1423.2787,68437,81765,Rhinolophus ferrumequinum,0.022,0.022,-1,Echolocation,/mnt/ubna_data_02_mir/recover-20220922/UBNA_001/20220921_090000.WAV,Telephone Field,recover-20220922,001,1795
1423.2665,1423.2749,23750,31633,Plecotus austriacus,0.011,0.027,-1,Echolocation,/mnt/ubna_data_02_mir/recover-20220922/UBNA_001/20220921_090000.WAV,Telephone Field,recover-20220922,001,1795
1423.2925,1423.3007,27187,36303,Eptesicus serotinus,0.007,0.022,-1,Echolocation,/mnt/ubna_data_02_mir/recover-20220922/UBNA_001/20220921_090000.WAV,Telephone Field,recover-20220922,001,1795
1423.3275,1423.3371,28906,35975,Eptesicus serotinus,0.013,0.027,-1,Echolocation,/mnt/ubna_data_02_mir/recover-20220922/UBNA_001/20220921_090000.WAV,Telephone Field,recover-20220922,001,1795
1423.3475,1423.3849,68437,81407,Rhinolophus ferrumequinum,0.028,0.028,-1,Echolocation,/mnt/ubna_data_02_mir/recover-20220922/UBNA_001/20220921_090000.WAV,Telephone Field,recover-20220922,001,1795
1423.3545,1423.3906,68437,81354,Rhinolophus ferrumequinum,0.022,0.022,-1,Echolocation,/mnt/ubna_data_02_mir/recover-20220922/UBNA_001/20220921_090000.WAV,Telephone Field,recover-20220922,001,1795
1423.3595,1423.3676,28906,36314,Eptesicus serotinus,0.009,0.023,-1,Echolocation,/mnt/ubna_data_02_mir/recover-20220922/UBNA_001/20220921_090000.WAV,Telephone Field,recover-20220922,001,1795
1423.3885,1423.4295,68437,82194,Rhinolophus ferrumequinum,0.024,0.024,-1,Echolocation,/mnt/ubna_data_02_mir/recover-20220922/UBNA_001/20220921_090000.WAV,Telephone Field,recover-20220922,001,1795
1423.3975,1423.4051,26328,35125,Eptesicus serotinus,0.008,0.024,-1,Echolocation,/mnt/ubna_data_02_mir/recover-20220922/UBNA_001/20220921_090000.WAV,Telephone Field,recover-20220922,001,1795
1423.4135,1423.4518,68437,82234,Rhinolophus ferrumequinum,0.029,0.029,-1,Echolocation,/mnt/ubna_data_02_mir/recover-20220922/UBNA_001/20220921_090000.WAV,Telephone Field,recover-20220922,001,1795
1423.4335,1423.4413,28046,38788,Eptesicus serotinus,0.007,0.022,-1,Echolocation,/mnt/ubna_data_02_mir/recover-20220922/UBNA_001/20220921_090000.WAV,Telephone Field,recover-20220922,001,1795
1423.4355,1423.4428,33203,43071,Myotis daubentonii,0.009,0.021,-1,Echolocation,/mnt/ubna_data_02_mir/recover-20220922/UBNA_001/20220921_090000.WAV,Telephone Field,recover-20220922,001,1795
1423.4355,1423.4459,22890,27922,Nyctalus leisleri,0.012,0.024,-1,Echolocation,/mnt/ubna_data_02_mir/recover-20220922/UBNA_001/20220921_090000.WAV,Telephone Field,recover-20220922,001,1795
1423.4545,1423.4954,68437,82342,Rhinolophus ferrumequinum,0.022,0.022,-1,Echolocation,/mnt/ubna_data_02_mir/recover-20220922/UBNA_001/20220921_090000.WAV,Telephone Field,recover-20220922,001,1795
1423.4555,1423.465,47812,51970,Pipistrellus pipistrellus,0.023,0.026,-1,Echolocation,/mnt/ubna_data_02_mir/recover-20220922/UBNA_001/20220921_090000.WAV,Telephone Field,recover-20220922,001,1795
1423.4745,1423.5119,68437,81996,Rhinolophus ferrumequinum,0.029,0.029,-1,Echolocation,/mnt/ubna_data_02_mir/recover-20220922/UBNA_001/20220921_090000.WAV,Telephone Field,recover-20220922,001,1795
1423.4955,1423.5373,68437,83050,Rhinolophus ferrumequinum,0.023,0.023,-1,Echolocation,/mnt/ubna_data_02_mir/recover-20220922/UBNA_001/20220921_090000.WAV,Telephone Field,recover-20220922,001,1795
1423.5295,1423.5688,68437,82578,Rhinolophus ferrumequinum,0.022,0.022,-1,Echolocation,/mnt/ubna_data_02_mir/recover-20220922/UBNA_001/20220921_090000.WAV,Telephone Field,recover-20220922,001,1795
1423.5345,1423.5733,68437,82711,Rhinolophus ferrumequinum,0.022,0.022,-1,Echolocation,/mnt/ubna_data_02_mir/recover-20220922/UBNA_001/20220921_090000.WAV,Telephone Field,recover-20220922,001,1795
1423.5885,1423.597,22890,30466,Plecotus austriacus,0.009,0.022,-1,Echolocation,/mnt/ubna_data_02_mir/recover-20220922/UBNA_001/20220921_090000.WAV,Telephone Field,recover-20220922,001,1795
1423.6065,1423.6479,68437,82633,Rhinolophus ferrumequinum,0.023,0.023,-1,Echolocation,/mnt/ubna_data_02_mir/recover-20220922/UBNA_001/20220921_090000.WAV,Telephone Field,recover-20220922,001,1795
1423.6305,1423.6462,50390,54398,Pipistrellus pipistrellus,0.053,0.061,-1,Echolocation,/mnt/ubna_data_02_mir/recover-20220922/UBNA_001/20220921_090000.WAV,Telephone Field,recover-20220922,001,1795
1423.6445,1423.681,68437,81929,Rhinolophus ferrumequinum,0.022,0.022,-1,Echolocation,/mnt/ubna_data_02_mir/recover-20220922/UBNA_001/20220921_090000.WAV,Telephone Field,recover-20220922,001,1795
1423.6585,1423.6982,68437,82715,Rhinolophus ferrumequinum,0.026,0.026,-1,Echolocation,/mnt/ubna_data_02_mir/recover-20220922/UBNA_001/20220921_090000.WAV,Telephone Field,recover-20220922,001,1795
1423.6605,1423.6699,27187,36157,Eptesicus serotinus,0.011,0.024,-1,Echolocation,/mnt/ubna_data_02_mir/recover-20220922/UBNA_001/20220921_090000.WAV,Telephone Field,recover-20220922,001,1795
1423.7235,1423.7625,68437,82816,Rhinolophus ferrumequinum,0.022,0.022,-1,Echolocation,/mnt/ubna_data_02_mir/recover-20220922/UBNA_001/20220921_090000.WAV,Telephone Field,recover-20220922,001,1795
1423.8355,1423.8435,27187,39774,Eptesicus serotinus,0.01,0.028,-1,Echolocation,/mnt/ubna_data_02_mir/recover-20220922/UBNA_001/20220921_090000.WAV,Telephone Field,recover-20220922,001,1795
1423.8465,1423.8596,28906,33639,Eptesicus serotinus,0.018,0.034,-1,Echolocation,/mnt/ubna_data_02_mir/recover-20220922/UBNA_001/20220921_090000.WAV,Telephone Field,recover-20220922,001,1795
1423.8705,1423.8768,23750,34376,Plecotus austriacus,0.034,0.056,-1,Echolocation,/mnt/ubna_data_02_mir/recover-20220922/UBNA_001/20220921_090000.WAV,Telephone Field,recover-20220922,001,1795
1423.8865,1423.895,28046,39231,Eptesicus serotinus,0.008,0.021,-1,Echolocation,/mnt/ubna_data_02_mir/recover-20220922/UBNA_001/20220921_090000.WAV,Telephone Field,recover-20220922,001,1795
1423.9035,1423.9135,22890,28042,Nyctalus leisleri,0.012,0.03,-1,Echolocation,/mnt/ubna_data_02_mir/recover-20220922/UBNA_001/20220921_090000.WAV,Telephone Field,recover-20220922,001,1795
1423.9195,1423.9297,23750,29366,Nyctalus leisleri,0.012,0.03,-1,Echolocation,/mnt/ubna_data_02_mir/recover-20220922/UBNA_001/20220921_090000.WAV,Telephone Field,recover-20220922,001,1795
1423.9345,1423.942,28046,37967,Eptesicus serotinus,0.006,0.022,-1,Echolocation,/mnt/ubna_data_02_mir/recover-20220922/UBNA_001/20220921_090000.WAV,Telephone Field,recover-20220922,001,1795
1423.9535,1423.9637,28046,35777,Eptesicus serotinus,0.009,0.021,-1,Echolocation,/mnt/ubna_data_02_mir/recover-20220922/UBNA_001/20220921_090000.WAV,Telephone Field,recover-20220922,001,1795
1423.9725,1423.9807,26328,35561,Eptesicus serotinus,0.009,0.023,-1,Echolocation,/mnt/ubna_data_02_mir/recover-20220922/UBNA_001/20220921_090000.WAV,Telephone Field,recover-20220922,001,1795
1424.0015,1424.0319,69296,81638,Rhinolophus ferrumequinum,0.021,0.021,-1,Echolocation,/mnt/ubna_data_02_mir/recover-20220922/UBNA_001/20220921_090000.WAV,Telephone Field,recover-20220922,001,1795
1424.0015,1424.0088,22031,28997,Plecotus austriacus,0.008,0.026,-1,Echolocation,/mnt/ubna_data_02_mir/recover-20220922/UBNA_001/20220921_090000.WAV,Telephone Field,recover-20220922,001,1795
1424.0015,1424.013,47812,52457,Pipistrellus pipistrellus,0.029,0.038,-1,Echolocation,/mnt/ubna_data_02_mir/recover-20220922/UBNA_001/20220921_090000.WAV,Telephone Field,recover-20220922,001,1795
1424.0165,1424.0579,68437,82432,Rhinolophus ferrumequinum,0.022,0.022,-1,Echolocation,/mnt/ubna_data_02_mir/recover-20220922/UBNA_001/20220921_090000.WAV,Telephone Field,recover-20220922,001,1795
1424.0175,1424.0257,25468,34077,Eptesicus serotinus,0.008,0.022,-1,Echolocation,/mnt/ubna_data_02_mir/recover-20220922/UBNA_001/20220921_090000.WAV,Telephone Field,recover-20220922,001,1795
1424.1015,1424.1425,68437,82753,Rhinolophus ferrumequinum,0.025,0.025,-1,Echolocation,/mnt/ubna_data_02_mir/recover-20220922/UBNA_001/20220921_090000.WAV,Telephone Field,recover-20220922,001,1795
1424.1635,1424.2009,68437,81465,Rhinolophus ferrumequinum,0.022,0.022,-1,Echolocation,/mnt/ubna_data_02_mir/recover-20220922/UBNA_001/20220921_090000.WAV,Telephone Field,recover-20220922,001,1795
1424.1865,1424.2262,68437,82428,Rhinolophus ferrumequinum,0.023,0.023,-1,Echolocation,/mnt/ubna_data_02_mir/recover-20220922/UBNA_001/20220921_090000.WAV,Telephone Field,recover-20220922,001,1795
1424.2005,1424.2419,68437,82392,Rhinolophus ferrumequinum,0.024,0.024,-1,Echolocation,/mnt/ubna_data_02_mir/recover-20220922/UBNA_001/20220921_090000.WAV,Telephone Field,recover-20220922,001,1795
1424.2115,1424.2218,23750,29911,Nyctalus leisleri,0.009,0.024,-1,Echolocation,/mnt/ubna_data_02_mir/recover-20220922/UBNA_001/20220921_090000.WAV,Telephone Field,recover-20220922,001,1795
1424.2255,1424.2376,34921,40275,Pipistrellus nathusii,0.014,0.036,-1,Echolocation,/mnt/ubna_data_02_mir/recover-20220922/UBNA_001/20220921_090000.WAV,Telephone Field,recover-20220922,001,1795
1424.2525,1424.2927,68437,82268,Rhinolophus ferrumequinum,0.022,0.022,-1,Echolocation,/mnt/ubna_data_02_mir/recover-20220922/UBNA_001/20220921_090000.WAV,Telephone Field,recover-20220922,001,1795
1424.2575,1424.2665,28906,39150,Eptesicus serotinus,0.009,0.023,-1,Echolocation,/mnt/ubna_data_02_mir/recover-20220922/UBNA_001/20220921_090000.WAV,Telephone Field,recover-20220922,001,1795
1424.2655,1424.304,68437,81462,Rhinolophus ferrumequinum,0.022,0.022,-1,Echolocation,/mnt/ubna_data_02_mir/recover-20220922/UBNA_001/20220921_090000.WAV,Telephone Field,recover-20220922,001,1795
1424.2895,1424.3295,68437,82938,Rhinolophus ferrumequinum,0.022,0.022,-1,Echolocation,/mnt/ubna_data_02_mir/recover-20220922/UBNA_001/20220921_090000.WAV,Telephone Field,recover-20220922,001,1795
1424.3055,1424.3148,14296,21500,Plecotus auritus,0.009,0.024,-1,Echolocation,/mnt/ubna_data_02_mir/recover-20220922/UBNA_001/20220921_090000.WAV,Telephone Field,recover-20220922,001,1795
1424.3425,1424.3824,68437,82212,Rhinolophus ferrumequinum,0.027,0.027,-1,Echolocation,/mnt/ubna_data_02_mir/recover-20220922/UBNA_001/20220921_090000.WAV,Telephone Field,recover-20220922,001,1795
1424.4275,1424.4672,68437,82211,Rhinolophus ferrumequinum,0.021,0.021,-1,Echolocation,/mnt/ubna_data_02_mir/recover-20220922/UBNA_001/20220921_090000.WAV,Telephone Field,recover-20220922,001,1795
1424.4575,1424.4977,68437,81893,Rhinolophus ferrumequinum,0.022,0.022,-1,Echolocation,/mnt/ubna_data_02_mir/recover-20220922/UBNA_001/20220921_090000.WAV,Telephone Field,recover-20220922,001,1795
1424.5045,1424.5439,68437,82275,Rhinolophus ferrumequinum,0.021,0.021,-1,Echolocation,/mnt/ubna_data_02_mir/recover-20220922/UBNA_001/20220921_090000.WAV,Telephone Field,recover-20220922,001,1795
1424.5425,1424.5535,28046,36411,Eptesicus serotinus,0.012,0.025,-1,Echolocation,/mnt/ubna_data_02_mir/recover-20220922/UBNA_001/20220921_090000.WAV,Telephone Field,recover-20220922,001,1795
1424.5955,1424.6332,68437,81697,Rhinolophus ferrumequinum,0.024,0.024,-1,Echolocation,/mnt/ubna_data_02_mir/recover-20220922/UBNA_001/20220921_090000.WAV,Telephone Field,recover-20220922,001,1795
1424.6355,1424.6437,28046,40687,Eptesicus serotinus,0.009,0.023,-1,Echolocation,/mnt/ubna_data_02_mir/recover-20220922/UBNA_001/20220921_090000.WAV,Telephone Field,recover-20220922,001,1795
1424.6565,1424.6679,22890,29079,Nyctalus leisleri,0.009,0.021,-1,Echolocation,/mnt/ubna_data_02_mir/recover-20220922/UBNA_001/20220921_090000.WAV,Telephone Field,recover-20220922,001,1795
1424.6565,1424.6969,68437,82155,Rhinolophus ferrumequinum,0.032,0.032,-1,Echolocation,/mnt/ubna_data_02_mir/recover-20220922/UBNA_001/20220921_090000.WAV,Telephone Field,recover-20220922,001,1795
1424.6635,1424.6705,28046,40836,Eptesicus serotinus,0.007,0.024,-1,Echolocation,/mnt/ubna_data_02_mir/recover-20220922/UBNA_001/20220921_090000.WAV,Telephone Field,recover-20220922,001,1795
1424.6795,1424.6902,24609,31558,Eptesicus serotinus,0.01,0.028,-1,Echolocation,/mnt/ubna_data_02_mir/recover-20220922/UBNA_001/20220921_090000.WAV,Telephone Field,recover-20220922,001,1795
1424.7245,1424.7336,28906,37273,Eptesicus serotinus,0.01,0.026,-1,Echolocation,/mnt/ubna_data_02_mir/recover-20220922/UBNA_001/20220921_090000.WAV,Telephone Field,recover-20220922,001,1795
1424.7245,1424.7313,23750,32787,Plecotus austriacus,0.013,0.027,-1,Echolocation,/mnt/ubna_data_02_mir/recover-20220922/UBNA_001/20220921_090000.WAV,Telephone Field,recover-20220922,001,1795
1424.7335,1424.7414,28046,36533,Eptesicus serotinus,0.008,0.022,-1,Echolocation,/mnt/ubna_data_02_mir/recover-20220922/UBNA_001/20220921_090000.WAV,Telephone Field,recover-20220922,001,1795
1424.7625,1424.7982,68437,81069,Rhinolophus ferrumequinum,0.025,0.025,-1,Echolocation,/mnt/ubna_data_02_mir/recover-20220922/UBNA_001/20220921_090000.WAV,Telephone Field,recover-20220922,001,1795
1424.7725,1424.7806,28046,40564,Eptesicus serotinus,0.01,0.027,-1,Echolocation,/mnt/ubna_data_02_mir/recover-20220922/UBNA_001/20220921_090000.WAV,Telephone Field,recover-20220922,001,1795
1424.7785,1424.7858,37500,46471,Barbastellus barbastellus,0.008,0.024,-1,Echolocation,/mnt/ubna_data_02_mir/recover-20220922/UBNA_001/20220921_090000.WAV,Telephone Field,recover-20220922,001,1795
1424.7785,1424.7874,28046,40503,Eptesicus serotinus,0.011,0.029,-1,Echolocation,/mnt/ubna_data_02_mir/recover-20220922/UBNA_001/20220921_090000.WAV,Telephone Field,recover-20220922,001,1795
1424.7795,1424.8198,68437,82483,Rhinolophus ferrumequinum,0.023,0.023,-1,Echolocation,/mnt/ubna_data_02_mir/recover-20220922/UBNA_001/20220921_090000.WAV,Telephone Field,recover-20220922,001,1795
1424.7855,1424.8248,68437,82049,Rhinolophus ferrumequinum,0.022,0.022,-1,Echolocation,/mnt/ubna_data_02_mir/recover-20220922/UBNA_001/20220921_090000.WAV,Telephone Field,recover-20220922,001,1795
1424.7925,1424.7992,25468,35023,Plecotus austriacus,0.007,0.023,-1,Echolocation,/mnt/ubna_data_02_mir/recover-20220922/UBNA_001/20220921_090000.WAV,Telephone Field,recover-20220922,001,1795
1424.8035,1424.8408,68437,81812,Rhinolophus ferrumequinum,0.021,0.021,-1,Echolocation,/mnt/ubna_data_02_mir/recover-20220922/UBNA_001/20220921_090000.WAV,Telephone Field,recover-20220922,001,1795
1424.8705,1424.9112,68437,82276,Rhinolophus ferrumequinum,0.022,0.022,-1,Echolocation,/mnt/ubna_data_02_mir/recover-20220922/UBNA_001/20220921_090000.WAV,Telephone Field,recover-20220922,001,1795
1424.8855,1424.9234,68437,81728,Rhinolophus ferrumequinum,0.022,0.022,-1,Echolocation,/mnt/ubna_data_02_mir/recover-20220922/UBNA_001/20220921_090000.WAV,Telephone Field,recover-20220922,001,1795
1424.9425,1424.9531,22890,28390,Nyctalus leisleri,0.009,0.022,-1,Echolocation,/mnt/ubna_data_02_mir/recover-20220922/UBNA_001/20220921_090000.WAV,Telephone Field,recover-20220922,001,1795
1425.0585,1425.0989,68437,81783,Rhinolophus ferrumequinum,0.021,0.021,-1,Echolocation,/mnt/ubna_data_02_mir/recover-20220922/UBNA_001/20220921_090000.WAV,Telephone Field,recover-20220922,001,1795
1425.0775,1425.1197,68437,83158,Rhinolophus ferrumequinum,0.027,0.028,-1,Echolocation,/mnt/ubna_data_02_mir/recover-20220922/UBNA_001/20220921_090000.WAV,Telephone Field,recover-20220922,001,1795
1425.0875,1425.0962,28046,37841,Eptesicus serotinus,0.007,0.022,-1,Echolocation,/mnt/ubna_data_02_mir/recover-20220922/UBNA_001/20220921_090000.WAV,Telephone Field,recover-20220922,001,1795
1425.0955,1425.1331,68437,82342,Rhinolophus ferrumequinum,0.022,0.022,-1,Echolocation,/mnt/ubna_data_02_mir/recover-20220922/UBNA_001/20220921_090000.WAV,Telephone Field,recover-20220922,001,1795
1425.2585,1425.2683,27187,38847,Eptesicus serotinus,0.014,0.028,-1,Echolocation,/mnt/ubna_data_02_mir/recover-20220922/UBNA_001/20220921_090000.WAV,Telephone Field,recover-20220922,001,1795
1425.2595,1425.3012,68437,83158,Rhinolophus ferrumequinum,0.026,0.026,-1,Echolocation,/mnt/ubna_data_02_mir/recover-20220922/UBNA_001/20220921_090000.WAV,Telephone Field,recover-20220922,001,1795
1425.2725,1425.3131,68437,83416,Rhinolophus ferrumequinum,0.026,0.026,-1,Echolocation,/mnt/ubna_data_02_mir/recover-20220922/UBNA_001/20220921_090000.WAV,Telephone Field,recover-20220922,001,1795
1425.3085,1425.351,68437,83483,Rhinolophus ferrumequinum,0.039,0.039,-1,Echolocation,/mnt/ubna_data_02_mir/recover-20220922/UBNA_001/20220921_090000.WAV,Telephone Field,recover-20220922,001,1795
1425.3205,1425.3291,25468,32932,Eptesicus serotinus,0.008,0.021,-1,Echolocation,/mnt/ubna_data_02_mir/recover-20220922/UBNA_001/20220921_090000.WAV,Telephone Field,recover-20220922,001,1795
1425.3305,1425.372,68437,82991,Rhinolophus ferrumequinum,0.026,0.026,-1,Echolocation,/mnt/ubna_data_02_mir/recover-20220922/UBNA_001/20220921_090000.WAV,Telephone Field,recover-20220922,001,1795
1425.3695,1425.3788,24609,32126,Eptesicus serotinus,0.007,0.023,-1,Echolocation,/mnt/ubna_data_02_mir/recover-20220922/UBNA_001/20220921_090000.WAV,Telephone Field,recover-20220922,001,1795
1425.3755,1425.4137,68437,82374,Rhinolophus ferrumequinum,0.023,0.023,-1,Echolocation,/mnt/ubna_data_02_mir/recover-20220922/UBNA_001/20220921_090000.WAV,Telephone Field,recover-20220922,001,1795
1425.3935,1425.4288,68437,81474,Rhinolophus ferrumequinum,0.021,0.022,-1,Echolocation,/mnt/ubna_data_02_mir/recover-20220922/UBNA_001/20220921_090000.WAV,Telephone Field,recover-20220922,001,1795
1425.4265,1425.4346,28046,37799,Eptesicus serotinus,0.008,0.022,-1,Echolocation,/mnt/ubna_data_02_mir/recover-20220922/UBNA_001/20220921_090000.WAV,Telephone Field,recover-20220922,001,1795
1425.4505,1425.4897,68437,82118,Rhinolophus ferrumequinum,0.022,0.022,-1,Echolocation,/mnt/ubna_data_02_mir/recover-20220922/UBNA_001/20220921_090000.WAV,Telephone Field,recover-20220922,001,1795
1425.4965,1425.5369,68437,82469,Rhinolophus ferrumequinum,0.022,0.022,-1,Echolocation,/mnt/ubna_data_02_mir/recover-20220922/UBNA_001/20220921_090000.WAV,Telephone Field,recover-20220922,001,1795
1425.5855,1425.6238,68437,81725,Rhinolophus ferrumequinum,0.024,0.024,-1,Echolocation,/mnt/ubna_data_02_mir/recover-20220922/UBNA_001/20220921_090000.WAV,Telephone Field,recover-20220922,001,1795
1425.6015,1425.6422,68437,82034,Rhinolophus ferrumequinum,0.022,0.022,-1,Echolocation,/mnt/ubna_data_02_mir/recover-20220922/UBNA_001/20220921_090000.WAV,Telephone Field,recover-20220922,001,1795
1425.6225,1425.6595,68437,81884,Rhinolophus ferrumequinum,0.022,0.022,-1,Echolocation,/mnt/ubna_data_02_mir/recover-20220922/UBNA_001/20220921_090000.WAV,Telephone Field,recover-20220922,001,1795
1425.6305,1425.6378,27187,40560,Eptesicus serotinus,0.007,0.022,-1,Echolocation,/mnt/ubna_data_02_mir/recover-20220922/UBNA_001/20220921_090000.WAV,Telephone Field,recover-20220922,001,1795
1425.6495,1425.6885,68437,82515,Rhinolophus ferrumequinum,0.023,0.023,-1,Echolocation,/mnt/ubna_data_02_mir/recover-20220922/UBNA_001/20220921_090000.WAV,Telephone Field,recover-20220922,001,1795
1425.6905,1425.699,28046,40857,Eptesicus serotinus,0.008,0.022,-1,Echolocation,/mnt/ubna_data_02_mir/recover-20220922/UBNA_001/20220921_090000.WAV,Telephone Field,recover-20220922,001,1795
1425.7415,1425.7519,28906,36134,Eptesicus serotinus,0.011,0.023,-1,Echolocation,/mnt/ubna_data_02_mir/recover-20220922/UBNA_001/20220921_090000.WAV,Telephone Field,recover-20220922,001,1795
1425.7545,1425.7949,68437,82732,Rhinolophus ferrumequinum,0.03,0.03,-1,Echolocation,/mnt/ubna_data_02_mir/recover-20220922/UBNA_001/20220921_090000.WAV,Telephone Field,recover-20220922,001,1795
1425.7695,1425.8068,68437,82033,Rhinolophus ferrumequinum,0.023,0.023,-1,Echolocation,/mnt/ubna_data_02_mir/recover-20220922/UBNA_001/20220921_090000.WAV,Telephone Field,recover-20220922,001,1795
1425.7805,1425.7971,44375,48045,Pipistrellus pipistrellus,0.058,0.065,-1,Echolocation,/mnt/ubna_data_02_mir/recover-20220922/UBNA_001/20220921_090000.WAV,Telephone Field,recover-20220922,001,1795
1425.7855,1425.8277,68437,83075,Rhinolophus ferrumequinum,0.025,0.025,-1,Echolocation,/mnt/ubna_data_02_mir/recover-20220922/UBNA_001/20220921_090000.WAV,Telephone Field,recover-20220922,001,1795
1425.8165,1425.8247,50390,56214,Pipistrellus pipistrellus,0.019,0.025,-1,Echolocation,/mnt/ubna_data_02_mir/recover-20220922/UBNA_001/20220921_090000.WAV,Telephone Field,recover-20220922,001,1795
1425.8355,1425.876,68437,81787,Rhinolophus ferrumequinum,0.041,0.041,-1,Echolocation,/mnt/ubna_data_02_mir/recover-20220922/UBNA_001/20220921_090000.WAV,Telephone Field,recover-20220922,001,1795
1425.8455,1425.853,28906,39717,Eptesicus serotinus,0.007,0.024,-1,Echolocation,/mnt/ubna_data_02_mir/recover-20220922/UBNA_001/20220921_090000.WAV,Telephone Field,recover-20220922,001,1795
1425.8665,1425.9065,68437,82752,Rhinolophus ferrumequinum,0.023,0.023,-1,Echolocation,/mnt/ubna_data_02_mir/recover-20220922/UBNA_001/20220921_090000.WAV,Telephone Field,recover-20220922,001,1795
1425.8715,1425.881,25468,32400,Eptesicus serotinus,0.009,0.024,-1,Echolocation,/mnt/ubna_data_02_mir/recover-20220922/UBNA_001/20220921_090000.WAV,Telephone Field,recover-20220922,001,1795
1425.8925,1425.9026,29765,39751,Eptesicus serotinus,0.01,0.026,-1,Echolocation,/mnt/ubna_data_02_mir/recover-20220922/UBNA_001/20220921_090000.WAV,Telephone Field,recover-20220922,001,1795
1425.8945,1425.9348,68437,82826,Rhinolophus ferrumequinum,0.028,0.028,-1,Echolocation,/mnt/ubna_data_02_mir/recover-20220922/UBNA_001/20220921_090000.WAV,Telephone Field,recover-20220922,001,1795
1425.9195,1425.9289,22890,29884,Plecotus austriacus,0.01,0.029,-1,Echolocation,/mnt/ubna_data_02_mir/recover-20220922/UBNA_001/20220921_090000.WAV,Telephone Field,recover-20220922,001,1795
1425.9255,1425.9691,68437,82998,Rhinolophus ferrumequinum,0.038,0.038,-1,Echolocation,/mnt/ubna_data_02_mir/recover-20220922/UBNA_001/20220921_090000.WAV,Telephone Field,recover-20220922,001,1795
1425.9435,1425.9562,27187,31914,Nyctalus leisleri,0.161,0.295,-1,Echolocation,/mnt/ubna_data_02_mir/recover-20220922/UBNA_001/20220921_090000.WAV,Telephone Field,recover-20220922,001,1795
1426.0015,1426.0344,69296,81211,Rhinolophus ferrumequinum,0.042,0.042,-1,Echolocation,/mnt/ubna_data_02_mir/recover-20220922/UBNA_001/20220921_090000.WAV,Telephone Field,recover-20220922,001,1795
1426.0015,1426.0105,22031,28145,Nyctalus leisleri,0.013,0.031,-1,Echolocation,/mnt/ubna_data_02_mir/recover-20220922/UBNA_001/20220921_090000.WAV,Telephone Field,recover-20220922,001,1795
1426.0085,1426.0516,68437,82243,Rhinolophus ferrumequinum,0.022,0.022,-1,Echolocation,/mnt/ubna_data_02_mir/recover-20220922/UBNA_001/20220921_090000.WAV,Telephone Field,recover-20220922,001,1795
1426.0605,1426.0969,68437,81700,Rhinolophus ferrumequinum,0.021,0.021,-1,Echolocation,/mnt/ubna_data_02_mir/recover-20220922/UBNA_001/20220921_090000.WAV,Telephone Field,recover-20220922,001,1795
1426.0715,1426.1084,68437,81690,Rhinolophus ferrumequinum,0.025,0.025,-1,Echolocation,/mnt/ubna_data_02_mir/recover-20220922/UBNA_001/20220921_090000.WAV,Telephone Field,recover-20220922,001,1795
1426.1045,1426.1405,68437,81710,Rhinolophus ferrumequinum,0.022,0.022,-1,Echolocation,/mnt/ubna_data_02_mir/recover-20220922/UBNA_001/20220921_090000.WAV,Telephone Field,recover-20220922,001,1795
1426.1235,1426.1346,25468,32162,Eptesicus serotinus,0.009,0.023,-1,Echolocation,/mnt/ubna_data_02_mir/recover-20220922/UBNA_001/20220921_090000.WAV,Telephone Field,recover-20220922,001,1795
1426.1515,1426.17,22890,26859,Nyctalus leisleri,0.021,0.038,-1,Echolocation,/mnt/ubna_data_02_mir/recover-20220922/UBNA_001/20220921_090000.WAV,Telephone Field,recover-20220922,001,1795
1426.1565,1426.1979,68437,82558,Rhinolophus ferrumequinum,0.022,0.022,-1,Echolocation,/mnt/ubna_data_02_mir/recover-20220922/UBNA_001/20220921_090000.WAV,Telephone Field,recover-20220922,001,1795
1426.1885,1426.2269000000001,68437,82204,Rhinolophus ferrumequinum,0.025,0.025,-1,Echolocation,/mnt/ubna_data_02_mir/recover-20220922/UBNA_001/20220921_090000.WAV,Telephone Field,recover-20220922,001,1795
1426.2105,1426.249,68437,81625,Rhinolophus ferrumequinum,0.024,0.024,-1,Echolocation,/mnt/ubna_data_02_mir/recover-20220922/UBNA_001/20220921_090000.WAV,Telephone Field,recover-20220922,001,1795
1426.2215,1426.2301,28906,37490,Eptesicus serotinus,0.009,0.023,-1,Echolocation,/mnt/ubna_data_02_mir/recover-20220922/UBNA_001/20220921_090000.WAV,Telephone Field,recover-20220922,001,1795
1426.2235,1426.2313,23750,31538,Plecotus austriacus,0.01,0.023,-1,Echolocation,/mnt/ubna_data_02_mir/recover-20220922/UBNA_001/20220921_090000.WAV,Telephone Field,recover-20220922,001,1795
1426.2525,1426.264,40937,46796,Pipistrellus nathusii,0.01,0.023,-1,Echolocation,/mnt/ubna_data_02_mir/recover-20220922/UBNA_001/20220921_090000.WAV,Telephone Field,recover-20220922,001,1795
1426.2815,1426.3162,68437,81523,Rhinolophus ferrumequinum,0.021,0.021,-1,Echolocation,/mnt/ubna_data_02_mir/recover-20220922/UBNA_001/20220921_090000.WAV,Telephone Field,recover-20220922,001,1795
1426.3005,1426.344,68437,83541,Rhinolophus ferrumequinum,0.034,0.034,-1,Echolocation,/mnt/ubna_data_02_mir/recover-20220922/UBNA_001/20220921_090000.WAV,Telephone Field,recover-20220922,001,1795
1426.3275,1426.3683,68437,82358,Rhinolophus ferrumequinum,0.025,0.025,-1,Echolocation,/mnt/ubna_data_02_mir/recover-20220922/UBNA_001/20220921_090000.WAV,Telephone Field,recover-20220922,001,1795
1426.3315,1426.3392,25468,36673,Eptesicus serotinus,0.006,0.025,-1,Echolocation,/mnt/ubna_data_02_mir/recover-20220922/UBNA_001/20220921_090000.WAV,Telephone Field,recover-20220922,001,1795
1426.3705,1426.4092,68437,82421,Rhinolophus ferrumequinum,0.023,0.023,-1,Echolocation,/mnt/ubna_data_02_mir/recover-20220922/UBNA_001/20220921_090000.WAV,Telephone Field,recover-20220922,001,1795
1426.3755,1426.3856,28906,36913,Eptesicus serotinus,0.013,0.027,-1,Echolocation,/mnt/ubna_data_02_mir/recover-20220922/UBNA_001/20220921_090000.WAV,Telephone Field,recover-20220922,001,1795
1426.4155,1426.4539,68437,81885,Rhinolophus ferrumequinum,0.021,0.021,-1,Echolocation,/mnt/ubna_data_02_mir/recover-20220922/UBNA_001/20220921_090000.WAV,Telephone Field,recover-20220922,001,1795
1426.4265,1426.4644,68437,82141,Rhinolophus ferrumequinum,0.021,0.021,-1,Echolocation,/mnt/ubna_data_02_mir/recover-20220922/UBNA_001/20220921_090000.WAV,Telephone Field,recover-20220922,001,1795
1426.4315,1426.4457,22890,26552,Nyctalus leisleri,0.015,0.024,-1,Echolocation,/mnt/ubna_data_02_mir/recover-20220922/UBNA_001/20220921_090000.WAV,Telephone Field,recover-20220922,001,1795
1426.4535,1426.4628,15156,22130,Nyctalus noctula,0.009,0.023,-1,Echolocation,/mnt/ubna_data_02_mir/recover-20220922/UBNA_001/20220921_090000.WAV,Telephone Field,recover-20220922,001,1795
1426.4565,1426.4949,68437,81568,Rhinolophus ferrumequinum,0.028,0.028,-1,Echolocation,/mnt/ubna_data_02_mir/recover-20220922/UBNA_001/20220921_090000.WAV,Telephone Field,recover-20220922,001,1795
1426.4805,1426.5229,68437,83588,Rhinolophus ferrumequinum,0.037,0.037,-1,Echolocation,/mnt/ubna_data_02_mir/recover-20220922/UBNA_001/20220921_090000.WAV,Telephone Field,recover-20220922,001,1795
1426.5085,1426.5483,68437,83150,Rhinolophus ferrumequinum,0.029,0.029,-1,Echolocation,/mnt/ubna_data_02_mir/recover-20220922/UBNA_001/20220921_090000.WAV,Telephone Field,recover-20220922,001,1795
1426.5335,1426.573,68437,82542,Rhinolophus ferrumequinum,0.021,0.021,-1,Echolocation,/mnt/ubna_data_02_mir/recover-20220922/UBNA_001/20220921_090000.WAV,Telephone Field,recover-20220922,001,1795
1426.5615,1426.5995,68437,81143,Rhinolophus ferrumequinum,0.026,0.027,-1,Echolocation,/mnt/ubna_data_02_mir/recover-20220922/UBNA_001/20220921_090000.WAV,Telephone Field,recover-20220922,001,1795
1426.5795,1426.588,26328,34647,Eptesicus serotinus,0.011,0.03,-1,Echolocation,/mnt/ubna_data_02_mir/recover-20220922/UBNA_001/20220921_090000.WAV,Telephone Field,recover-20220922,001,1795
1426.5995,1426.6079,26328,35022,Eptesicus serotinus,0.013,0.032,-1,Echolocation,/mnt/ubna_data_02_mir/recover-20220922/UBNA_001/20220921_090000.WAV,Telephone Field,recover-20220922,001,1795
1426.6075,1426.6413,68437,80898,Rhinolophus ferrumequinum,0.023,0.023,-1,Echolocation,/mnt/ubna_data_02_mir/recover-20220922/UBNA_001/20220921_090000.WAV,Telephone Field,recover-20220922,001,1795
1426.6515,1426.6908,68437,82262,Rhinolophus ferrumequinum,0.021,0.021,-1,Echolocation,/mnt/ubna_data_02_mir/recover-20220922/UBNA_001/20220921_090000.WAV,Telephone Field,recover-20220922,001,1795
1426.6585,1426.698,68437,82356,Rhinolophus ferrumequinum,0.021,0.021,-1,Echolocation,/mnt/ubna_data_02_mir/recover-20220922/UBNA_001/20220921_090000.WAV,Telephone Field,recover-20220922,001,1795
1426.6755,1426.7094,68437,81471,Rhinolophus ferrumequinum,0.025,0.025,-1,Echolocation,/mnt/ubna_data_02_mir/recover-20220922/UBNA_001/20220921_090000.WAV,Telephone Field,recover-20220922,001,1795
1426.6825,1426.7202,68437,81664,Rhinolophus ferrumequinum,0.022,0.022,-1,Echolocation,/mnt/ubna_data_02_mir/recover-20220922/UBNA_001/20220921_090000.WAV,Telephone Field,recover-20220922,001,1795
1426.7005,1426.7145,21171,25029,Nyctalus leisleri,0.012,0.022,-1,Echolocation,/mnt/ubna_data_02_mir/recover-20220922/UBNA_001/20220921_090000.WAV,Telephone Field,recover-20220922,001,1795
1426.7425,1426.7851,68437,82965,Rhinolophus ferrumequinum,0.026,0.026,-1,Echolocation,/mnt/ubna_data_02_mir/recover-20220922/UBNA_001/20220921_090000.WAV,Telephone Field,recover-20220922,001,1795
1426.7585,1426.7955,68437,81614,Rhinolophus ferrumequinum,0.021,0.021,-1,Echolocation,/mnt/ubna_data_02_mir/recover-20220922/UBNA_001/20220921_090000.WAV,Telephone Field,recover-20220922,001,1795
1426.7655,1426.8038999999999,68437,82216,Rhinolophus ferrumequinum,0.022,0.022,-1,Echolocation,/mnt/ubna_data_02_mir/recover-20220922/UBNA_001/20220921_090000.WAV,Telephone Field,recover-20220922,001,1795
1426.8615,1426.8991,68437,82179,Rhinolophus ferrumequinum,0.024,0.024,-1,Echolocation,/mnt/ubna_data_02_mir/recover-20220922/UBNA_001/20220921_090000.WAV,Telephone Field,recover-20220922,001,1795
1426.9215,1426.9594,68437,81535,Rhinolophus ferrumequinum,0.021,0.022,-1,Echolocation,/mnt/ubna_data_02_mir/recover-20220922/UBNA_001/20220921_090000.WAV,Telephone Field,recover-20220922,001,1795
1426.9435,1426.954,28046,36458,Eptesicus serotinus,0.009,0.022,-1,Echolocation,/mnt/ubna_data_02_mir/recover-20220922/UBNA_001/20220921_090000.WAV,Telephone Field,recover-20220922,001,1795
1426.9475,1426.9894,68437,82454,Rhinolophus ferrumequinum,0.03,0.03,-1,Echolocation,/mnt/ubna_data_02_mir/recover-20220922/UBNA_001/20220921_090000.WAV,Telephone Field,recover-20220922,001,1795
1426.9545,1426.9953,68437,82289,Rhinolophus ferrumequinum,0.023,0.023,-1,Echolocation,/mnt/ubna_data_02_mir/recover-20220922/UBNA_001/20220921_090000.WAV,Telephone Field,recover-20220922,001,1795
1427.0115,1427.0216,44375,50236,Pipistrellus pipistrellus,0.018,0.022,-1,Echolocation,/mnt/ubna_data_02_mir/recover-20220922/UBNA_001/20220921_090000.WAV,Telephone Field,recover-20220922,001,1795
1427.0205,1427.0532,68437,81262,Rhinolophus ferrumequinum,0.022,0.022,-1,Echolocation,/mnt/ubna_data_02_mir/recover-20220922/UBNA_001/20220921_090000.WAV,Telephone Field,recover-20220922,001,1795
1427.0265,1427.0358,28906,38870,Eptesicus serotinus,0.01,0.023,-1,Echolocation,/mnt/ubna_data_02_mir/recover-20220922/UBNA_001/20220921_090000.WAV,Telephone Field,recover-20220922,001,1795
1427.0325,1427.0681,68437,81776,Rhinolophus ferrumequinum,0.023,0.023,-1,Echolocation,/mnt/ubna_data_02_mir/recover-20220922/UBNA_001/20220921_090000.WAV,Telephone Field,recover-20220922,001,1795
1427.0605,1427.0663,26328,42328,Plecotus auritus,0.006,0.024,-1,Echolocation,/mnt/ubna_data_02_mir/recover-20220922/UBNA_001/20220921_090000.WAV,Telephone Field,recover-20220922,001,1795
1427.0685,1427.1078,68437,82141,Rhinolophus ferrumequinum,0.021,0.021,-1,Echolocation,/mnt/ubna_data_02_mir/recover-20220922/UBNA_001/20220921_090000.WAV,Telephone Field,recover-20220922,001,1795
1427.0815,1427.1198,68437,82138,Rhinolophus ferrumequinum,0.024,0.024,-1,Echolocation,/mnt/ubna_data_02_mir/recover-20220922/UBNA_001/20220921_090000.WAV,Telephone Field,recover-20220922,001,1795
1427.0975,1427.139,68437,82025,Rhinolophus ferrumequinum,0.022,0.022,-1,Echolocation,/mnt/ubna_data_02_mir/recover-20220922/UBNA_001/20220921_090000.WAV,Telephone Field,recover-20220922,001,1795
1427.1005,1427.1095,37500,45043,Pipistrellus nathusii,0.011,0.021,-1,Echolocation,/mnt/ubna_data_02_mir/recover-20220922/UBNA_001/20220921_090000.WAV,Telephone Field,recover-20220922,001,1795
1427.1375,1427.1743,68437,80938,Rhinolophus ferrumequinum,0.021,0.021,-1,Echolocation,/mnt/ubna_data_02_mir/recover-20220922/UBNA_001/20220921_090000.WAV,Telephone Field,recover-20220922,001,1795
1427.1535,1427.1935,68437,82709,Rhinolophus ferrumequinum,0.038,0.038,-1,Echolocation,/mnt/ubna_data_02_mir/recover-20220922/UBNA_001/20220921_090000.WAV,Telephone Field,recover-20220922,001,1795
1427.1715,1427.2131,68437,82273,Rhinolophus ferrumequinum,0.023,0.023,-1,Echolocation,/mnt/ubna_data_02_mir/recover-20220922/UBNA_001/20220921_090000.WAV,Telephone Field,recover-20220922,001,1795
1427.2205,1427.2333,14296,18162,Nyctalus noctula,0.031,0.05,-1,Echolocation,/mnt/ubna_data_02_mir/recover-20220922/UBNA_001/20220921_090000.WAV,Telephone Field,recover-20220922,001,1795
1427.2415,1427.2805,68437,82069,Rhinolophus ferrumequinum,0.021,0.021,-1,Echolocation,/mnt/ubna_data_02_mir/recover-20220922/UBNA_001/20220921_090000.WAV,Telephone Field,recover-20220922,001,1795
1427.2635,1427.2748,22890,28343,Nyctalus leisleri,0.011,0.025,-1,Echolocation,/mnt/ubna_data_02_mir/recover-20220922/UBNA_001/20220921_090000.WAV,Telephone Field,recover-20220922,001,1795
1427.2905,1427.326,68437,81424,Rhinolophus ferrumequinum,0.023,0.024,-1,Echolocation,/mnt/ubna_data_02_mir/recover-20220922/UBNA_001/20220921_090000.WAV,Telephone Field,recover-20220922,001,1795
1427.3225,1427.3638,68437,82826,Rhinolophus ferrumequinum,0.026,0.026,-1,Echolocation,/mnt/ubna_data_02_mir/recover-20220922/UBNA_001/20220921_090000.WAV,Telephone Field,recover-20220922,001,1795
1427.3245,1427.3332,23750,31652,Plecotus austriacus,0.009,0.027,-1,Echolocation,/mnt/ubna_data_02_mir/recover-20220922/UBNA_001/20220921_090000.WAV,Telephone Field,recover-20220922,001,1795
1427.3395,1427.3498,27187,35604,Eptesicus serotinus,0.012,0.024,-1,Echolocation,/mnt/ubna_data_02_mir/recover-20220922/UBNA_001/20220921_090000.WAV,Telephone Field,recover-20220922,001,1795
1427.3635,1427.4032,68437,81870,Rhinolophus ferrumequinum,0.022,0.022,-1,Echolocation,/mnt/ubna_data_02_mir/recover-20220922/UBNA_001/20220921_090000.WAV,Telephone Field,recover-20220922,001,1795
1427.3695,1427.3798,23750,30447,Nyctalus leisleri,0.007,0.022,-1,Echolocation,/mnt/ubna_data_02_mir/recover-20220922/UBNA_001/20220921_090000.WAV,Telephone Field,recover-20220922,001,1795
1427.3815,1427.4227,68437,82077,Rhinolophus ferrumequinum,0.023,0.023,-1,Echolocation,/mnt/ubna_data_02_mir/recover-20220922/UBNA_001/20220921_090000.WAV,Telephone Field,recover-20220922,001,1795
1427.4325,1427.451,19453,22902,Nyctalus leisleri,0.012,0.025,-1,Echolocation,/mnt/ubna_data_02_mir/recover-20220922/UBNA_001/20220921_090000.WAV,Telephone Field,recover-20220922,001,1795
1427.4515,1427.4912,68437,82145,Rhinolophus ferrumequinum,0.022,0.022,-1,Echolocation,/mnt/ubna_data_02_mir/recover-20220922/UBNA_001/20220921_090000.WAV,Telephone Field,recover-20220922,001,1795
1427.4635,1427.5029,68437,82221,Rhinolophus ferrumequinum,0.022,0.022,-1,Echolocation,/mnt/ubna_data_02_mir/recover-20220922/UBNA_001/20220921_090000.WAV,Telephone Field,recover-20220922,001,1795
1427.4805,1427.5214,68437,82508,Rhinolophus ferrumequinum,0.022,0.022,-1,Echolocation,/mnt/ubna_data_02_mir/recover-20220922/UBNA_001/20220921_090000.WAV,Telephone Field,recover-20220922,001,1795
1427.5065,1427.546,68437,81871,Rhinolophus ferrumequinum,0.022,0.022,-1,Echolocation,/mnt/ubna_data_02_mir/recover-20220922/UBNA_001/20220921_090000.WAV,Telephone Field,recover-20220922,001,1795
1427.5325,1427.5699,68437,81512,Rhinolophus ferrumequinum,0.023,0.023,-1,Echolocation,/mnt/ubna_data_02_mir/recover-20220922/UBNA_001/20220921_090000.WAV,Telephone Field,recover-20220922,001,1795
1427.5395,1427.5785,68437,82871,Rhinolophus ferrumequinum,0.025,0.025,-1,Echolocation,/mnt/ubna_data_02_mir/recover-20220922/UBNA_001/20220921_090000.WAV,Telephone Field,recover-20220922,001,1795
1427.5645,1427.6049,68437,82089,Rhinolophus ferrumequinum,0.025,0.025,-1,Echolocation,/mnt/ubna_data_02_mir/recover-20220922/UBNA_001/20220921_090000.WAV,Telephone Field,recover-20220922,001,1795
1427.5695,1427.5764,23750,32279,Plecotus austriacus,0.011,0.023,-1,Echolocation,/mnt/ubna_data_02_mir/recover-20220922/UBNA_001/20220921_090000.WAV,Telephone Field,recover-20220922,001,1795
1427.5905,1427.6016,22890,27707,Nyctalus leisleri,0.011,0.021,-1,Echolocation,/mnt/ubna_data_02_mir/recover-20220922/UBNA_001/20220921_090000.WAV,Telephone Field,recover-20220922,001,1795
1427.6045,1427.6432,68437,81843,Rhinolophus ferrumequinum,0.024,0.024,-1,Echolocation,/mnt/ubna_data_02_mir/recover-20220922/UBNA_001/20220921_090000.WAV,Telephone Field,recover-20220922,001,1795
1427.6075,1427.6155,38359,48076,Pipistrellus nathusii,0.006,0.022,-1,Echolocation,/mnt/ubna_data_02_mir/recover-20220922/UBNA_001/20220921_090000.WAV,Telephone Field,recover-20220922,001,1795
1427.6185,1427.6599,68437,82355,Rhinolophus ferrumequinum,0.025,0.025,-1,Echolocation,/mnt/ubna_data_02_mir/recover-20220922/UBNA_001/20220921_090000.WAV,Telephone Field,recover-20220922,001,1795
1427.6395,1427.6794,68437,82673,Rhinolophus ferrumequinum,0.028,0.028,-1,Echolocation,/mnt/ubna_data_02_mir/recover-20220922/UBNA_001/20220921_090000.WAV,Telephone Field,recover-20220922,001,1795
1427.6415,1427.6535,43515,47994,Pipistrellus pipistrellus,0.021,0.033,-1,Echolocation,/mnt/ubna_data_02_mir/recover-20220922/UBNA_001/20220921_090000.WAV,Telephone Field,recover-20220922,001,1795
1427.6645,1427.7029,68437,82136,Rhinolophus ferrumequinum,0.021,0.021,-1,Echolocation,/mnt/ubna_data_02_mir/recover-20220922/UBNA_001/20220921_090000.WAV,Telephone Field,recover-20220922,001,1795
1427.7055,1427.7452,68437,82670,Rhinolophus ferrumequinum,0.023,0.023,-1,Echolocation,/mnt/ubna_data_02_mir/recover-20220922/UBNA_001/20220921_090000.WAV,Telephone Field,recover-20220922,001,1795
1427.7155,1427.7222,28046,40863,Eptesicus serotinus,0.006,0.021,-1,Echolocation,/mnt/ubna_data_02_mir/recover-20220922/UBNA_001/20220921_090000.WAV,Telephone Field,recover-20220922,001,1795
1427.7165,1427.726,22890,29178,Nyctalus leisleri,0.008,0.023,-1,Echolocation,/mnt/ubna_data_02_mir/recover-20220922/UBNA_001/20220921_090000.WAV,Telephone Field,recover-20220922,001,1795
1427.7375,1427.7707,68437,81957,Rhinolophus ferrumequinum,0.021,0.021,-1,Echolocation,/mnt/ubna_data_02_mir/recover-20220922/UBNA_001/20220921_090000.WAV,Telephone Field,recover-20220922,001,1795
1427.7615,1427.7805,18593,22449,Nyctalus noctula,0.015,0.024,-1,Echolocation,/mnt/ubna_data_02_mir/recover-20220922/UBNA_001/20220921_090000.WAV,Telephone Field,recover-20220922,001,1795
1427.8265,1427.8696,68437,83016,Rhinolophus ferrumequinum,0.026,0.026,-1,Echolocation,/mnt/ubna_data_02_mir/recover-20220922/UBNA_001/20220921_090000.WAV,Telephone Field,recover-20220922,001,1795
1427.8555,1427.8962,68437,82404,Rhinolophus ferrumequinum,0.029,0.029,-1,Echolocation,/mnt/ubna_data_02_mir/recover-20220922/UBNA_001/20220921_090000.WAV,Telephone Field,recover-20220922,001,1795
1427.8735,1427.9152,68437,82297,Rhinolophus ferrumequinum,0.024,0.024,-1,Echolocation,/mnt/ubna_data_02_mir/recover-20220922/UBNA_001/20220921_090000.WAV,Telephone Field,recover-20220922,001,1795
1427.8735,1427.8851,22031,25901,Nyctalus leisleri,0.012,0.021,-1,Echolocation,/mnt/ubna_data_02_mir/recover-20220922/UBNA_001/20220921_090000.WAV,Telephone Field,recover-20220922,001,1795
1427.8835,1427.9229,68437,83054,Rhinolophus ferrumequinum,0.026,0.026,-1,Echolocation,/mnt/ubna_data_02_mir/recover-20220922/UBNA_001/20220921_090000.WAV,Telephone Field,recover-20220922,001,1795
1427.9055,1427.9445,68437,82133,Rhinolophus ferrumequinum,0.021,0.021,-1,Echolocation,/mnt/ubna_data_02_mir/recover-20220922/UBNA_001/20220921_090000.WAV,Telephone Field,recover-20220922,001,1795
1427.9125,1427.9224,22031,27168,Nyctalus leisleri,0.009,0.023,-1,Echolocation,/mnt/ubna_data_02_mir/recover-20220922/UBNA_001/20220921_090000.WAV,Telephone Field,recover-20220922,001,1795
1427.9255,1427.9678,68437,83182,Rhinolophus ferrumequinum,0.031,0.031,-1,Echolocation,/mnt/ubna_data_02_mir/recover-20220922/UBNA_001/20220921_090000.WAV,Telephone Field,recover-20220922,001,1795
1427.9555,1427.9655,28906,37681,Eptesicus serotinus,0.01,0.025,-1,Echolocation,/mnt/ubna_data_02_mir/recover-20220922/UBNA_001/20220921_090000.WAV,Telephone Field,recover-20220922,001,1795
1427.9645,1427.9725,14296,25361,Plecotus auritus,0.02,0.026,-1,Echolocation,/mnt/ubna_data_02_mir/recover-20220922/UBNA_001/20220921_090000.WAV,Telephone Field,recover-20220922,001,1795
1428.0015,1428.0096,22890,30112,Nyctalus leisleri,0.007,0.024,-1,Echolocation,/mnt/ubna_data_02_mir/recover-20220922/UBNA_001/20220921_090000.WAV,Telephone Field,recover-20220922,001,1795
1428.0015,1428.0366,69296,80984,Rhinolophus ferrumequinum,0.049,0.049,-1,Echolocation,/mnt/ubna_data_02_mir/recover-20220922/UBNA_001/20220921_090000.WAV,Telephone Field,recover-20220922,001,1795
1428.0565,1428.0671,24609,30651,Eptesicus serotinus,0.008,0.022,-1,Echolocation,/mnt/ubna_data_02_mir/recover-20220922/UBNA_001/20220921_090000.WAV,Telephone Field,recover-20220922,001,1795
1428.0665,1428.1019000000001,68437,81400,Rhinolophus ferrumequinum,0.022,0.022,-1,Echolocation,/mnt/ubna_data_02_mir/recover-20220922/UBNA_001/20220921_090000.WAV,Telephone Field,recover-20220922,001,1795
1428.0875,1428.0974,22890,28983,Nyctalus leisleri,0.008,0.022,-1,Echolocation,/mnt/ubna_data_02_mir/recover-20220922/UBNA_001/20220921_090000.WAV,Telephone Field,recover-20220922,001,1795
1428.1345,1428.1448,28906,34775,Eptesicus serotinus,0.076,0.114,-1,Echolocation,/mnt/ubna_data_02_mir/recover-20220922/UBNA_001/20220921_090000.WAV,Telephone Field,recover-20220922,001,1795
1428.1505,1428.1876,68437,81964,Rhinolophus ferrumequinum,0.021,0.021,-1,Echolocation,/mnt/ubna_data_02_mir/recover-20220922/UBNA_001/20220921_090000.WAV,Telephone Field,recover-20220922,001,1795
1428.1635,1428.2014,68437,82336,Rhinolophus ferrumequinum,0.024,0.024,-1,Echolocation,/mnt/ubna_data_02_mir/recover-20220922/UBNA_001/20220921_090000.WAV,Telephone Field,recover-20220922,001,1795
1428.2005,1428.2389,68437,82148,Rhinolophus ferrumequinum,0.023,0.023,-1,Echolocation,/mnt/ubna_data_02_mir/recover-20220922/UBNA_001/20220921_090000.WAV,Telephone Field,recover-20220922,001,1795
1428.2005,1428.2081,28046,39290,Eptesicus serotinus,0.007,0.022,-1,Echolocation,/mnt/ubna_data_02_mir/recover-20220922/UBNA_001/20220921_090000.WAV,Telephone Field,recover-20220922,001,1795
1428.2565,1428.2926,68437,81218,Rhinolophus ferrumequinum,0.023,0.023,-1,Echolocation,/mnt/ubna_data_02_mir/recover-20220922/UBNA_001/20220921_090000.WAV,Telephone Field,recover-20220922,001,1795
1428.2615,1428.2701,27187,35781,Eptesicus serotinus,0.013,0.028,-1,Echolocation,/mnt/ubna_data_02_mir/recover-20220922/UBNA_001/20220921_090000.WAV,Telephone Field,recover-20220922,001,1795
1428.2765,1428.3146,68437,81999,Rhinolophus ferrumequinum,0.023,0.023,-1,Echolocation,/mnt/ubna_data_02_mir/recover-20220922/UBNA_001/20220921_090000.WAV,Telephone Field,recover-20220922,001,1795
1428.2895,1428.2963,28046,42462,Eptesicus serotinus,0.008,0.028,-1,Echolocation,/mnt/ubna_data_02_mir/recover-20220922/UBNA_001/20220921_090000.WAV,Telephone Field,recover-20220922,001,1795
1428.3085,1428.3468,68437,81389,Rhinolophus ferrumequinum,0.021,0.021,-1,Echolocation,/mnt/ubna_data_02_mir/recover-20220922/UBNA_001/20220921_090000.WAV,Telephone Field,recover-20220922,001,1795
1428.3495,1428.362,22890,27360,Nyctalus leisleri,0.022,0.042,-1,Echolocation,/mnt/ubna_data_02_mir/recover-20220922/UBNA_001/20220921_090000.WAV,Telephone Field,recover-20220922,001,1795
1428.3775,1428.4137,68437,80903,Rhinolophus ferrumequinum,0.022,0.022,-1,Echolocation,/mnt/ubna_data_02_mir/recover-20220922/UBNA_001/20220921_090000.WAV,Telephone Field,recover-20220922,001,1795
1428.3905,1428.3995,28046,37036,Eptesicus serotinus,0.008,0.021,-1,Echolocation,/mnt/ubna_data_02_mir/recover-20220922/UBNA_001/20220921_090000.WAV,Telephone Field,recover-20220922,001,1795
1428.4075,1428.414,32343,43551,Myotis daubentonii,0.012,0.027,-1,Echolocation,/mnt/ubna_data_02_mir/recover-20220922/UBNA_001/20220921_090000.WAV,Telephone Field,recover-20220922,001,1795
1428.4485,1428.457,35781,41682,Barbastellus barbastellus,0.011,0.026,-1,Echolocation,/mnt/ubna_data_02_mir/recover-20220922/UBNA_001/20220921_090000.WAV,Telephone Field,recover-20220922,001,1795
1428.4495,1428.4572,27187,40011,Eptesicus serotinus,0.008,0.024,-1,Echolocation,/mnt/ubna_data_02_mir/recover-20220922/UBNA_001/20220921_090000.WAV,Telephone Field,recover-20220922,001,1795
1428.5165,1428.5241,28046,39291,Eptesicus serotinus,0.007,0.022,-1,Echolocation,/mnt/ubna_data_02_mir/recover-20220922/UBNA_001/20220921_090000.WAV,Telephone Field,recover-20220922,001,1795
1428.5195,1428.5562,68437,81741,Rhinolophus ferrumequinum,0.024,0.024,-1,Echolocation,/mnt/ubna_data_02_mir/recover-20220922/UBNA_001/20220921_090000.WAV,Telephone Field,recover-20220922,001,1795
1428.5265,1428.5652,68437,81802,Rhinolophus ferrumequinum,0.024,0.024,-1,Echolocation,/mnt/ubna_data_02_mir/recover-20220922/UBNA_001/20220921_090000.WAV,Telephone Field,recover-20220922,001,1795
1428.5345,1428.5416,27187,38192,Eptesicus serotinus,0.007,0.022,-1,Echolocation,/mnt/ubna_data_02_mir/recover-20220922/UBNA_001/20220921_090000.WAV,Telephone Field,recover-20220922,001,1795
1428.5925,1428.6312,68437,82680,Rhinolophus ferrumequinum,0.022,0.022,-1,Echolocation,/mnt/ubna_data_02_mir/recover-20220922/UBNA_001/20220921_090000.WAV,Telephone Field,recover-20220922,001,1795
1428.6035,1428.6168,24609,30430,Nyctalus leisleri,0.015,0.036,-1,Echolocation,/mnt/ubna_data_02_mir/recover-20220922/UBNA_001/20220921_090000.WAV,Telephone Field,recover-20220922,001,1795
1428.6185,1428.6261,28046,37290,Eptesicus serotinus,0.008,0.023,-1,Echolocation,/mnt/ubna_data_02_mir/recover-20220922/UBNA_001/20220921_090000.WAV,Telephone Field,recover-20220922,001,1795
1428.6315,1428.6701,68437,82651,Rhinolophus ferrumequinum,0.022,0.022,-1,Echolocation,/mnt/ubna_data_02_mir/recover-20220922/UBNA_001/20220921_090000.WAV,Telephone Field,recover-20220922,001,1795
1428.6865,1428.7237,68437,82030,Rhinolophus ferrumequinum,0.022,0.022,-1,Echolocation,/mnt/ubna_data_02_mir/recover-20220922/UBNA_001/20220921_090000.WAV,Telephone Field,recover-20220922,001,1795
1428.7005,1428.7134,23750,28739,Nyctalus leisleri,0.014,0.029,-1,Echolocation,/mnt/ubna_data_02_mir/recover-20220922/UBNA_001/20220921_090000.WAV,Telephone Field,recover-20220922,001,1795
1428.7355,1428.7509,20312,24639,Nyctalus noctula,0.015,0.034,-1,Echolocation,/mnt/ubna_data_02_mir/recover-20220922/UBNA_001/20220921_090000.WAV,Telephone Field,recover-20220922,001,1795
1428.7825,1428.822,68437,82507,Rhinolophus ferrumequinum,0.022,0.022,-1,Echolocation,/mnt/ubna_data_02_mir/recover-20220922/UBNA_001/20220921_090000.WAV,Telephone Field,recover-20220922,001,1795
1428.7895,1428.8305,68437,82986,Rhinolophus ferrumequinum,0.022,0.022,-1,Echolocation,/mnt/ubna_data_02_mir/recover-20220922/UBNA_001/20220921_090000.WAV,Telephone Field,recover-20220922,001,1795
1428.8015,1428.8119,50390,54898,Pipistrellus pipistrellus,0.028,0.035,-1,Echolocation,/mnt/ubna_data_02_mir/recover-20220922/UBNA_001/20220921_090000.WAV,Telephone Field,recover-20220922,001,1795
1428.8115,1428.8211000000001,28046,36377,Eptesicus serotinus,0.01,0.022,-1,Echolocation,/mnt/ubna_data_02_mir/recover-20220922/UBNA_001/20220921_090000.WAV,Telephone Field,recover-20220922,001,1795
1428.8545,1428.8953,68437,82323,Rhinolophus ferrumequinum,0.023,0.023,-1,Echolocation,/mnt/ubna_data_02_mir/recover-20220922/UBNA_001/20220921_090000.WAV,Telephone Field,recover-20220922,001,1795
1428.8585,1428.8659,25468,34732,Eptesicus serotinus,0.007,0.022,-1,Echolocation,/mnt/ubna_data_02_mir/recover-20220922/UBNA_001/20220921_090000.WAV,Telephone Field,recover-20220922,001,1795
1428.8725,1428.8806,51250,56505,Pipistrellus pipistrellus,0.019,0.023,-1,Echolocation,/mnt/ubna_data_02_mir/recover-20220922/UBNA_001/20220921_090000.WAV,Telephone Field,recover-20220922,001,1795
1428.8945,1428.9042,44375,49337,Pipistrellus pipistrellus,0.017,0.024,-1,Echolocation,/mnt/ubna_data_02_mir/recover-20220922/UBNA_001/20220921_090000.WAV,Telephone Field,recover-20220922,001,1795
1428.8985,1428.9085,23750,30318,Nyctalus leisleri,0.008,0.022,-1,Echolocation,/mnt/ubna_data_02_mir/recover-20220922/UBNA_001/20220921_090000.WAV,Telephone Field,recover-20220922,001,1795
1428.9045,1428.9121,27187,37448,Eptesicus serotinus,0.007,0.022,-1,Echolocation,/mnt/ubna_data_02_mir/recover-20220922/UBNA_001/20220921_090000.WAV,Telephone Field,recover-20220922,001,1795
1428.9185,1428.9586,68437,83169,Rhinolophus ferrumequinum,0.023,0.023,-1,Echolocation,/mnt/ubna_data_02_mir/recover-20220922/UBNA_001/20220921_090000.WAV,Telephone Field,recover-20220922,001,1795
1428.9425,1428.9507,57265,62588,Pipistrellus pygmaeus,0.031,0.031,-1,Echolocation,/mnt/ubna_data_02_mir/recover-20220922/UBNA_001/20220921_090000.WAV,Telephone Field,recover-20220922,001,1795
1428.9695,1428.9778,27187,39460,Eptesicus serotinus,0.008,0.022,-1,Echolocation,/mnt/ubna_data_02_mir/recover-20220922/UBNA_001/20220921_090000.WAV,Telephone Field,recover-20220922,001,1795
1428.9925,1429.0346,68437,83628,Rhinolophus ferrumequinum,0.033,0.033,-1,Echolocation,/mnt/ubna_data_02_mir/recover-20220922/UBNA_001/20220921_090000.WAV,Telephone Field,recover-20220922,001,1795
1429.0175,1429.0541,68437,81660,Rhinolophus ferrumequinum,0.021,0.021,-1,Echolocation,/mnt/ubna_data_02_mir/recover-20220922/UBNA_001/20220921_090000.WAV,Telephone Field,recover-20220922,001,1795
1429.0245,1429.0323,28046,36511,Eptesicus serotinus,0.011,0.025,-1,Echolocation,/mnt/ubna_data_02_mir/recover-20220922/UBNA_001/20220921_090000.WAV,Telephone Field,recover-20220922,001,1795
1429.0625,1429.0711000000001,28046,38943,Eptesicus serotinus,0.01,0.024,-1,Echolocation,/mnt/ubna_data_02_mir/recover-20220922/UBNA_001/20220921_090000.WAV,Telephone Field,recover-20220922,001,1795
1429.0965,1429.1381,68437,82253,Rhinolophus ferrumequinum,0.022,0.022,-1,Echolocation,/mnt/ubna_data_02_mir/recover-20220922/UBNA_001/20220921_090000.WAV,Telephone Field,recover-20220922,001,1795
1429.1025,1429.1099,28046,39513,Eptesicus serotinus,0.007,0.022,-1,Echolocation,/mnt/ubna_data_02_mir/recover-20220922/UBNA_001/20220921_090000.WAV,Telephone Field,recover-20220922,001,1795
1429.1035,1429.1198,20312,23281,Nyctalus leisleri,0.015,0.023,-1,Echolocation,/mnt/ubna_data_02_mir/recover-20220922/UBNA_001/20220921_090000.WAV,Telephone Field,recover-20220922,001,1795
1429.1185,1429.1294,23750,29458,Nyctalus leisleri,0.009,0.023,-1,Echolocation,/mnt/ubna_data_02_mir/recover-20220922/UBNA_001/20220921_090000.WAV,Telephone Field,recover-20220922,001,1795
1429.1985,1429.2413,68437,82773,Rhinolophus ferrumequinum,0.026,0.026,-1,Echolocation,/mnt/ubna_data_02_mir/recover-20220922/UBNA_001/20220921_090000.WAV,Telephone Field,recover-20220922,001,1795
1429.2205,1429.2595,68437,81905,Rhinolophus ferrumequinum,0.021,0.021,-1,Echolocation,/mnt/ubna_data_02_mir/recover-20220922/UBNA_001/20220921_090000.WAV,Telephone Field,recover-20220922,001,1795
1429.2255,1429.2365,26328,34674,Eptesicus serotinus,0.012,0.023,-1,Echolocation,/mnt/ubna_data_02_mir/recover-20220922/UBNA_001/20220921_090000.WAV,Telephone Field,recover-20220922,001,1795
1429.2755,1429.2837,24609,32731,Eptesicus serotinus,0.007,0.021,-1,Echolocation,/mnt/ubna_data_02_mir/recover-20220922/UBNA_001/20220921_090000.WAV,Telephone Field,recover-20220922,001,1795
1429.3065,1429.3164,28046,36713,Eptesicus serotinus,0.009,0.022,-1,Echolocation,/mnt/ubna_data_02_mir/recover-20220922/UBNA_001/20220921_090000.WAV,Telephone Field,recover-20220922,001,1795
1429.3495,1429.3909,68437,82835,Rhinolophus ferrumequinum,0.03,0.03,-1,Echolocation,/mnt/ubna_data_02_mir/recover-20220922/UBNA_001/20220921_090000.WAV,Telephone Field,recover-20220922,001,1795
1429.4125,1429.4207,27187,37172,Eptesicus serotinus,0.009,0.023,-1,Echolocation,/mnt/ubna_data_02_mir/recover-20220922/UBNA_001/20220921_090000.WAV,Telephone Field,recover-20220922,001,1795
1429.4265,1429.4658,68437,82212,Rhinolophus ferrumequinum,0.023,0.023,-1,Echolocation,/mnt/ubna_data_02_mir/recover-20220922/UBNA_001/20220921_090000.WAV,Telephone Field,recover-20220922,001,1795
1429.4555,1429.4968,68437,82511,Rhinolophus ferrumequinum,0.023,0.023,-1,Echolocation,/mnt/ubna_data_02_mir/recover-20220922/UBNA_001/20220921_090000.WAV,Telephone Field,recover-20220922,001,1795
1429.4755,1429.5106,68437,81494,Rhinolophus ferrumequinum,0.022,0.022,-1,Echolocation,/mnt/ubna_data_02_mir/recover-20220922/UBNA_001/20220921_090000.WAV,Telephone Field,recover-20220922,001,1795
1429.5025,1429.5122,28906,36963,Eptesicus serotinus,0.012,0.026,-1,Echolocation,/mnt/ubna_data_02_mir/recover-20220922/UBNA_001/20220921_090000.WAV,Telephone Field,recover-20220922,001,1795
1429.5155,1429.5277,26328,32870,Eptesicus serotinus,0.017,0.031,-1,Echolocation,/mnt/ubna_data_02_mir/recover-20220922/UBNA_001/20220921_090000.WAV,Telephone Field,recover-20220922,001,1795
1429.5245,1429.5329,28046,37858,Eptesicus serotinus,0.009,0.021,-1,Echolocation,/mnt/ubna_data_02_mir/recover-20220922/UBNA_001/20220921_090000.WAV,Telephone Field,recover-20220922,001,1795
1429.5255,1429.5628,68437,81603,Rhinolophus ferrumequinum,0.023,0.023,-1,Echolocation,/mnt/ubna_data_02_mir/recover-20220922/UBNA_001/20220921_090000.WAV,Telephone Field,recover-20220922,001,1795
1429.5615,1429.5955,68437,81392,Rhinolophus ferrumequinum,0.021,0.022,-1,Echolocation,/mnt/ubna_data_02_mir/recover-20220922/UBNA_001/20220921_090000.WAV,Telephone Field,recover-20220922,001,1795
1429.5705,1429.6082,68437,81608,Rhinolophus ferrumequinum,0.021,0.021,-1,Echolocation,/mnt/ubna_data_02_mir/recover-20220922/UBNA_001/20220921_090000.WAV,Telephone Field,recover-20220922,001,1795
1429.6035,1429.6427,68437,81707,Rhinolophus ferrumequinum,0.022,0.022,-1,Echolocation,/mnt/ubna_data_02_mir/recover-20220922/UBNA_001/20220921_090000.WAV,Telephone Field,recover-20220922,001,1795
1429.6195,1429.6594,68437,82423,Rhinolophus ferrumequinum,0.023,0.023,-1,Echolocation,/mnt/ubna_data_02_mir/recover-20220922/UBNA_001/20220921_090000.WAV,Telephone Field,recover-20220922,001,1795
1429.6345,1429.644,27187,36049,Eptesicus serotinus,0.014,0.028,-1,Echolocation,/mnt/ubna_data_02_mir/recover-20220922/UBNA_001/20220921_090000.WAV,Telephone Field,recover-20220922,001,1795
1429.6545,1429.6955,68437,82689,Rhinolophus ferrumequinum,0.026,0.026,-1,Echolocation,/mnt/ubna_data_02_mir/recover-20220922/UBNA_001/20220921_090000.WAV,Telephone Field,recover-20220922,001,1795
1429.6685,1429.7075,68437,82271,Rhinolophus ferrumequinum,0.024,0.024,-1,Echolocation,/mnt/ubna_data_02_mir/recover-20220922/UBNA_001/20220921_090000.WAV,Telephone Field,recover-20220922,001,1795
1429.6705,1429.6807,28046,36760,Eptesicus serotinus,0.014,0.028,-1,Echolocation,/mnt/ubna_data_02_mir/recover-20220922/UBNA_001/20220921_090000.WAV,Telephone Field,recover-20220922,001,1795
1429.6925,1429.7312,68437,82065,Rhinolophus ferrumequinum,0.022,0.022,-1,Echolocation,/mnt/ubna_data_02_mir/recover-20220922/UBNA_001/20220921_090000.WAV,Telephone Field,recover-20220922,001,1795
1429.7125,1429.7185,27187,39986,Eptesicus serotinus,0.005,0.025,-1,Echolocation,/mnt/ubna_data_02_mir/recover-20220922/UBNA_001/20220921_090000.WAV,Telephone Field,recover-20220922,001,1795
1429.7605,1429.8003,68437,82443,Rhinolophus ferrumequinum,0.023,0.023,-1,Echolocation,/mnt/ubna_data_02_mir/recover-20220922/UBNA_001/20220921_090000.WAV,Telephone Field,recover-20220922,001,1795
1429.8235,1429.8314,28906,38251,Eptesicus serotinus,0.008,0.024,-1,Echolocation,/mnt/ubna_data_02_mir/recover-20220922/UBNA_001/20220921_090000.WAV,Telephone Field,recover-20220922,001,1795
1429.8985,1429.9043,38359,49817,Myotis daubentonii,0.008,0.022,-1,Echolocation,/mnt/ubna_data_02_mir/recover-20220922/UBNA_001/20220921_090000.WAV,Telephone Field,recover-20220922,001,1795
1429.8985,1429.9052,30625,48958,Myotis daubentonii,0.01,0.022,-1,Echolocation,/mnt/ubna_data_02_mir/recover-20220922/UBNA_001/20220921_090000.WAV,Telephone Field,recover-20220922,001,1795
1429.9285,1429.9366,27187,38602,Eptesicus serotinus,0.008,0.025,-1,Echolocation,/mnt/ubna_data_02_mir/recover-20220922/UBNA_001/20220921_090000.WAV,Telephone Field,recover-20220922,001,1795
1429.9735,1429.9853,24609,30658,Nyctalus leisleri,0.009,0.023,-1,Echolocation,/mnt/ubna_data_02_mir/recover-20220922/UBNA_001/20220921_090000.WAV,Telephone Field,recover-20220922,001,1795
1430.0015,1430.012,22890,31254,Nyctalus leisleri,0.015,0.043,-1,Echolocation,/mnt/ubna_data_02_mir/recover-20220922/UBNA_001/20220921_090000.WAV,Telephone Field,recover-20220922,001,1795
1430.0095,1430.0232,22031,26494,Nyctalus leisleri,0.016,0.03,-1,Echolocation,/mnt/ubna_data_02_mir/recover-20220922/UBNA_001/20220921_090000.WAV,Telephone Field,recover-20220922,001,1795
1430.0105,1430.0521,68437,82391,Rhinolophus ferrumequinum,0.022,0.022,-1,Echolocation,/mnt/ubna_data_02_mir/recover-20220922/UBNA_001/20220921_090000.WAV,Telephone Field,recover-20220922,001,1795
1430.0475,1430.0552,28906,37916,Eptesicus serotinus,0.007,0.021,-1,Echolocation,/mnt/ubna_data_02_mir/recover-20220922/UBNA_001/20220921_090000.WAV,Telephone Field,recover-20220922,001,1795
1430.0605,1430.0696,27187,35601,Eptesicus serotinus,0.013,0.028,-1,Echolocation,/mnt/ubna_data_02_mir/recover-20220922/UBNA_001/20220921_090000.WAV,Telephone Field,recover-20220922,001,1795
1430.0715,1430.1075,68437,81443,Rhinolophus ferrumequinum,0.022,0.022,-1,Echolocation,/mnt/ubna_data_02_mir/recover-20220922/UBNA_001/20220921_090000.WAV,Telephone Field,recover-20220922,001,1795
1430.0915,1430.1021,27187,35762,Eptesicus serotinus,0.011,0.025,-1,Echolocation,/mnt/ubna_data_02_mir/recover-20220922/UBNA_001/20220921_090000.WAV,Telephone Field,recover-20220922,001,1795
1430.1205,1430.1598,68437,82233,Rhinolophus ferrumequinum,0.021,0.021,-1,Echolocation,/mnt/ubna_data_02_mir/recover-20220922/UBNA_001/20220921_090000.WAV,Telephone Field,recover-20220922,001,1795
1430.1425,1430.1809,68437,82084,Rhinolophus ferrumequinum,0.022,0.022,-1,Echolocation,/mnt/ubna_data_02_mir/recover-20220922/UBNA_001/20220921_090000.WAV,Telephone Field,recover-20220922,001,1795
1430.1545,1430.1661,23750,28888,Nyctalus leisleri,0.012,0.025,-1,Echolocation,/mnt/ubna_data_02_mir/recover-20220922/UBNA_001/20220921_090000.WAV,Telephone Field,recover-20220922,001,1795
1430.1835,1430.1926,26328,34975,Eptesicus serotinus,0.011,0.024,-1,Echolocation,/mnt/ubna_data_02_mir/recover-20220922/UBNA_001/20220921_090000.WAV,Telephone Field,recover-20220922,001,1795
1430.1925,1430.2341,68437,82845,Rhinolophus ferrumequinum,0.03,0.03,-1,Echolocation,/mnt/ubna_data_02_mir/recover-20220922/UBNA_001/20220921_090000.WAV,Telephone Field,recover-20220922,001,1795
1430.2125,1430.2532,68437,82644,Rhinolophus ferrumequinum,0.023,0.023,-1,Echolocation,/mnt/ubna_data_02_mir/recover-20220922/UBNA_001/20220921_090000.WAV,Telephone Field,recover-20220922,001,1795
1430.2295,1430.2402,24609,31613,Nyctalus leisleri,0.008,0.022,-1,Echolocation,/mnt/ubna_data_02_mir/recover-20220922/UBNA_001/20220921_090000.WAV,Telephone Field,recover-20220922,001,1795
1430.2375,1430.2817,68437,83256,Rhinolophus ferrumequinum,0.035,0.035,-1,Echolocation,/mnt/ubna_data_02_mir/recover-20220922/UBNA_001/20220921_090000.WAV,Telephone Field,recover-20220922,001,1795
1430.2645,1430.3034,68437,82215,Rhinolophus ferrumequinum,0.021,0.021,-1,Echolocation,/mnt/ubna_data_02_mir/recover-20220922/UBNA_001/20220921_090000.WAV,Telephone Field,recover-20220922,001,1795
1430.2935,1430.3037,22031,27867,Nyctalus leisleri,0.009,0.024,-1,Echolocation,/mnt/ubna_data_02_mir/recover-20220922/UBNA_001/20220921_090000.WAV,Telephone Field,recover-20220922,001,1795
1430.2935,1430.3015,26328,35190,Eptesicus serotinus,0.009,0.023,-1,Echolocation,/mnt/ubna_data_02_mir/recover-20220922/UBNA_001/20220921_090000.WAV,Telephone Field,recover-20220922,001,1795
1430.3125,1430.3228,28906,35020,Eptesicus serotinus,0.01,0.022,-1,Echolocation,/mnt/ubna_data_02_mir/recover-20220922/UBNA_001/20220921_090000.WAV,Telephone Field,recover-20220922,001,1795
1430.3525,1430.3906,68437,81764,Rhinolophus ferrumequinum,0.022,0.022,-1,Echolocation,/mnt/ubna_data_02_mir/recover-20220922/UBNA_001/20220921_090000.WAV,Telephone Field,recover-20220922,001,1795
1430.3545,1430.3682,22890,27373,Nyctalus leisleri,0.017,0.029,-1,Echolocation,/mnt/ubna_data_02_mir/recover-20220922/UBNA_001/20220921_090000.WAV,Telephone Field,recover-20220922,001,1795
1430.3775,1430.4136,68437,81218,Rhinolophus ferrumequinum,0.023,0.023,-1,Echolocation,/mnt/ubna_data_02_mir/recover-20220922/UBNA_001/20220921_090000.WAV,Telephone Field,recover-20220922,001,1795
1430.3795,1430.3877,28046,39555,Eptesicus serotinus,0.008,0.023,-1,Echolocation,/mnt/ubna_data_02_mir/recover-20220922/UBNA_001/20220921_090000.WAV,Telephone Field,recover-20220922,001,1795
1430.4155,1430.4245,44375,52980,Pipistrellus pipistrellus,0.028,0.037,-1,Echolocation,/mnt/ubna_data_02_mir/recover-20220922/UBNA_001/20220921_090000.WAV,Telephone Field,recover-20220922,001,1795
1430.4495,1430.49,68437,82568,Rhinolophus ferrumequinum,0.022,0.022,-1,Echolocation,/mnt/ubna_data_02_mir/recover-20220922/UBNA_001/20220921_090000.WAV,Telephone Field,recover-20220922,001,1795
1430.4685,1430.5056,68437,81745,Rhinolophus ferrumequinum,0.021,0.021,-1,Echolocation,/mnt/ubna_data_02_mir/recover-20220922/UBNA_001/20220921_090000.WAV,Telephone Field,recover-20220922,001,1795
1430.4955,1430.5088,22031,27472,Nyctalus leisleri,0.011,0.027,-1,Echolocation,/mnt/ubna_data_02_mir/recover-20220922/UBNA_001/20220921_090000.WAV,Telephone Field,recover-20220922,001,1795
1430.5295,1430.5398,22890,27980,Nyctalus leisleri,0.01,0.021,-1,Echolocation,/mnt/ubna_data_02_mir/recover-20220922/UBNA_001/20220921_090000.WAV,Telephone Field,recover-20220922,001,1795
1430.5325,1430.5663,68437,80372,Rhinolophus ferrumequinum,0.021,0.021,-1,Echolocation,/mnt/ubna_data_02_mir/recover-20220922/UBNA_001/20220921_090000.WAV,Telephone Field,recover-20220922,001,1795
1430.6515,1430.6658,23750,28878,Nyctalus leisleri,0.012,0.024,-1,Echolocation,/mnt/ubna_data_02_mir/recover-20220922/UBNA_001/20220921_090000.WAV,Telephone Field,recover-20220922,001,1795
1430.6575,1430.669,23750,28976,Nyctalus leisleri,0.012,0.024,-1,Echolocation,/mnt/ubna_data_02_mir/recover-20220922/UBNA_001/20220921_090000.WAV,Telephone Field,recover-20220922,001,1795
1430.6585,1430.6953,68437,81585,Rhinolophus ferrumequinum,0.021,0.021,-1,Echolocation,/mnt/ubna_data_02_mir/recover-20220922/UBNA_001/20220921_090000.WAV,Telephone Field,recover-20220922,001,1795
1430.6965,1430.7074,24609,30465,Nyctalus leisleri,0.01,0.025,-1,Echolocation,/mnt/ubna_data_02_mir/recover-20220922/UBNA_001/20220921_090000.WAV,Telephone Field,recover-20220922,001,1795
1430.7205,1430.7282,26328,36646,Eptesicus serotinus,0.008,0.022,-1,Echolocation,/mnt/ubna_data_02_mir/recover-20220922/UBNA_001/20220921_090000.WAV,Telephone Field,recover-20220922,001,1795
1430.7315,1430.7726,68437,83020,Rhinolophus ferrumequinum,0.029,0.029,-1,Echolocation,/mnt/ubna_data_02_mir/recover-20220922/UBNA_001/20220921_090000.WAV,Telephone Field,recover-20220922,001,1795
1430.8185,1430.8285,22890,29002,Nyctalus leisleri,0.008,0.023,-1,Echolocation,/mnt/ubna_data_02_mir/recover-20220922/UBNA_001/20220921_090000.WAV,Telephone Field,recover-20220922,001,1795
1430.8635,1430.872,32343,42755,Barbastellus barbastellus,0.01,0.033,-1,Echolocation,/mnt/ubna_data_02_mir/recover-20220922/UBNA_001/20220921_090000.WAV,Telephone Field,recover-20220922,001,1795
1430.8645,1430.8725,44375,53679,Pipistrellus pipistrellus,0.015,0.025,-1,Echolocation,/mnt/ubna_data_02_mir/recover-20220922/UBNA_001/20220921_090000.WAV,Telephone Field,recover-20220922,001,1795
1430.8855,1430.9276,68437,83115,Rhinolophus ferrumequinum,0.035,0.035,-1,Echolocation,/mnt/ubna_data_02_mir/recover-20220922/UBNA_001/20220921_090000.WAV,Telephone Field,recover-20220922,001,1795
1430.9095,1430.947,68437,82100,Rhinolophus ferrumequinum,0.023,0.023,-1,Echolocation,/mnt/ubna_data_02_mir/recover-20220922/UBNA_001/20220921_090000.WAV,Telephone Field,recover-20220922,001,1795
1430.9365,1430.9683,68437,80547,Rhinolophus ferrumequinum,0.027,0.027,-1,Echolocation,/mnt/ubna_data_02_mir/recover-20220922/UBNA_001/20220921_090000.WAV,Telephone Field,recover-20220922,001,1795
1430.9375,1430.9456,27187,37154,Eptesicus serotinus,0.01,0.024,-1,Echolocation,/mnt/ubna_data_02_mir/recover-20220922/UBNA_001/20220921_090000.WAV,Telephone Field,recover-20220922,001,1795
1430.9465,1430.9816,68437,80938,Rhinolophus ferrumequinum,0.022,0.022,-1,Echolocation,/mnt/ubna_data_02_mir/recover-20220922/UBNA_001/20220921_090000.WAV,Telephone Field,recover-20220922,001,1795
1430.9485,1430.9571,28046,37319,Eptesicus serotinus,0.011,0.026,-1,Echolocation,/mnt/ubna_data_02_mir/recover-20220922/UBNA_001/20220921_090000.WAV,Telephone Field,recover-20220922,001,1795
1430.9685,1430.9784,22890,28644,Nyctalus leisleri,0.009,0.022,-1,Echolocation,/mnt/ubna_data_02_mir/recover-20220922/UBNA_001/20220921_090000.WAV,Telephone Field,recover-20220922,001,1795
1430.9965,1431.0063,28046,36887,Eptesicus serotinus,0.009,0.022,-1,Echolocation,/mnt/ubna_data_02_mir/recover-20220922/UBNA_001/20220921_090000.WAV,Telephone Field,recover-20220922,001,1795
1431.0195,1431.0565,68437,81926,Rhinolophus ferrumequinum,0.023,0.023,-1,Echolocation,/mnt/ubna_data_02_mir/recover-20220922/UBNA_001/20220921_090000.WAV,Telephone Field,recover-20220922,001,1795
1431.0485,1431.0861,68437,81664,Rhinolophus ferrumequinum,0.022,0.023,-1,Echolocation,/mnt/ubna_data_02_mir/recover-20220922/UBNA_001/20220921_090000.WAV,Telephone Field,recover-20220922,001,1795
1431.0645,1431.1017,68437,82069,Rhinolophus ferrumequinum,0.022,0.022,-1,Echolocation,/mnt/ubna_data_02_mir/recover-20220922/UBNA_001/20220921_090000.WAV,Telephone Field,recover-20220922,001,1795
1431.0745,1431.1112,68437,82063,Rhinolophus ferrumequinum,0.024,0.024,-1,Echolocation,/mnt/ubna_data_02_mir/recover-20220922/UBNA_001/20220921_090000.WAV,Telephone Field,recover-20220922,001,1795
1431.1545,1431.1612,28906,38671,Eptesicus serotinus,0.005,0.021,-1,Echolocation,/mnt/ubna_data_02_mir/recover-20220922/UBNA_001/20220921_090000.WAV,Telephone Field,recover-20220922,001,1795
1431.1555,1431.1638,22890,29812,Plecotus austriacus,0.01,0.023,-1,Echolocation,/mnt/ubna_data_02_mir/recover-20220922/UBNA_001/20220921_090000.WAV,Telephone Field,recover-20220922,001,1795
1431.1755,1431.2145,68437,82110,Rhinolophus ferrumequinum,0.022,0.022,-1,Echolocation,/mnt/ubna_data_02_mir/recover-20220922/UBNA_001/20220921_090000.WAV,Telephone Field,recover-20220922,001,1795
1431.2035,1431.2143,23750,29501,Nyctalus leisleri,0.011,0.025,-1,Echolocation,/mnt/ubna_data_02_mir/recover-20220922/UBNA_001/20220921_090000.WAV,Telephone Field,recover-20220922,001,1795
1431.2055,1431.2427,68437,81811,Rhinolophus ferrumequinum,0.021,0.021,-1,Echolocation,/mnt/ubna_data_02_mir/recover-20220922/UBNA_001/20220921_090000.WAV,Telephone Field,recover-20220922,001,1795
1431.2435,1431.2814,68437,82500,Rhinolophus ferrumequinum,0.021,0.021,-1,Echolocation,/mnt/ubna_data_02_mir/recover-20220922/UBNA_001/20220921_090000.WAV,Telephone Field,recover-20220922,001,1795
1431.2445,1431.2583,22890,26647,Nyctalus leisleri,0.018,0.029,-1,Echolocation,/mnt/ubna_data_02_mir/recover-20220922/UBNA_001/20220921_090000.WAV,Telephone Field,recover-20220922,001,1795
1431.2835,1431.3247,68437,82542,Rhinolophus ferrumequinum,0.033,0.033,-1,Echolocation,/mnt/ubna_data_02_mir/recover-20220922/UBNA_001/20220921_090000.WAV,Telephone Field,recover-20220922,001,1795
1431.2835,1431.2917,25468,34331,Eptesicus serotinus,0.009,0.026,-1,Echolocation,/mnt/ubna_data_02_mir/recover-20220922/UBNA_001/20220921_090000.WAV,Telephone Field,recover-20220922,001,1795
1431.3145,1431.3232,28046,35657,Eptesicus serotinus,0.012,0.029,-1,Echolocation,/mnt/ubna_data_02_mir/recover-20220922/UBNA_001/20220921_090000.WAV,Telephone Field,recover-20220922,001,1795
1431.3235,1431.3628,68437,82916,Rhinolophus ferrumequinum,0.026,0.026,-1,Echolocation,/mnt/ubna_data_02_mir/recover-20220922/UBNA_001/20220921_090000.WAV,Telephone Field,recover-20220922,001,1795
1431.3235,1431.3364,38359,43593,Pipistrellus nathusii,0.014,0.027,-1,Echolocation,/mnt/ubna_data_02_mir/recover-20220922/UBNA_001/20220921_090000.WAV,Telephone Field,recover-20220922,001,1795
1431.3515,1431.3911,68437,82561,Rhinolophus ferrumequinum,0.024,0.024,-1,Echolocation,/mnt/ubna_data_02_mir/recover-20220922/UBNA_001/20220921_090000.WAV,Telephone Field,recover-20220922,001,1795
1431.4075,1431.4145,28046,44086,Eptesicus serotinus,0.007,0.027,-1,Echolocation,/mnt/ubna_data_02_mir/recover-20220922/UBNA_001/20220921_090000.WAV,Telephone Field,recover-20220922,001,1795
1431.4165,1431.4549,68437,82074,Rhinolophus ferrumequinum,0.024,0.024,-1,Echolocation,/mnt/ubna_data_02_mir/recover-20220922/UBNA_001/20220921_090000.WAV,Telephone Field,recover-20220922,001,1795
1431.4245,1431.4645,68437,81920,Rhinolophus ferrumequinum,0.022,0.022,-1,Echolocation,/mnt/ubna_data_02_mir/recover-20220922/UBNA_001/20220921_090000.WAV,Telephone Field,recover-20220922,001,1795
1431.4355,1431.476,68437,82368,Rhinolophus ferrumequinum,0.023,0.023,-1,Echolocation,/mnt/ubna_data_02_mir/recover-20220922/UBNA_001/20220921_090000.WAV,Telephone Field,recover-20220922,001,1795
1431.4615,1431.4985,68437,82197,Rhinolophus ferrumequinum,0.021,0.021,-1,Echolocation,/mnt/ubna_data_02_mir/recover-20220922/UBNA_001/20220921_090000.WAV,Telephone Field,recover-20220922,001,1795
1431.4645,1431.4731,28906,36674,Eptesicus serotinus,0.008,0.024,-1,Echolocation,/mnt/ubna_data_02_mir/recover-20220922/UBNA_001/20220921_090000.WAV,Telephone Field,recover-20220922,001,1795
1431.5035,1431.5154,22031,26489,Nyctalus leisleri,0.012,0.023,-1,Echolocation,/mnt/ubna_data_02_mir/recover-20220922/UBNA_001/20220921_090000.WAV,Telephone Field,recover-20220922,001,1795
1431.5285,1431.5685,68437,82545,Rhinolophus ferrumequinum,0.023,0.023,-1,Echolocation,/mnt/ubna_data_02_mir/recover-20220922/UBNA_001/20220921_090000.WAV,Telephone Field,recover-20220922,001,1795
1431.5345,1431.5448,24609,32801,Nyctalus leisleri,0.009,0.027,-1,Echolocation,/mnt/ubna_data_02_mir/recover-20220922/UBNA_001/20220921_090000.WAV,Telephone Field,recover-20220922,001,1795
1431.5465,1431.5555,26328,33659,Eptesicus serotinus,0.009,0.025,-1,Echolocation,/mnt/ubna_data_02_mir/recover-20220922/UBNA_001/20220921_090000.WAV,Telephone Field,recover-20220922,001,1795
1431.5465,1431.5872,68437,82511,Rhinolophus ferrumequinum,0.023,0.023,-1,Echolocation,/mnt/ubna_data_02_mir/recover-20220922/UBNA_001/20220921_090000.WAV,Telephone Field,recover-20220922,001,1795
1431.5655,1431.6066,68437,83395,Rhinolophus ferrumequinum,0.032,0.032,-1,Echolocation,/mnt/ubna_data_02_mir/recover-20220922/UBNA_001/20220921_090000.WAV,Telephone Field,recover-20220922,001,1795
1431.5875,1431.6267,68437,82587,Rhinolophus ferrumequinum,0.022,0.022,-1,Echolocation,/mnt/ubna_data_02_mir/recover-20220922/UBNA_001/20220921_090000.WAV,Telephone Field,recover-20220922,001,1795
1431.5945,1431.6062,22890,27416,Nyctalus leisleri,0.012,0.023,-1,Echolocation,/mnt/ubna_data_02_mir/recover-20220922/UBNA_001/20220921_090000.WAV,Telephone Field,recover-20220922,001,1795
1431.6025,1431.6393,68437,81286,Rhinolophus ferrumequinum,0.024,0.024,-1,Echolocation,/mnt/ubna_data_02_mir/recover-20220922/UBNA_001/20220921_090000.WAV,Telephone Field,recover-20220922,001,1795
1431.6215,1431.6617,68437,82610,Rhinolophus ferrumequinum,0.026,0.026,-1,Echolocation,/mnt/ubna_data_02_mir/recover-20220922/UBNA_001/20220921_090000.WAV,Telephone Field,recover-20220922,001,1795
1431.6355,1431.6451,27187,35329,Eptesicus serotinus,0.009,0.021,-1,Echolocation,/mnt/ubna_data_02_mir/recover-20220922/UBNA_001/20220921_090000.WAV,Telephone Field,recover-20220922,001,1795
1431.6975,1431.7066,27187,35665,Eptesicus serotinus,0.008,0.025,-1,Echolocation,/mnt/ubna_data_02_mir/recover-20220922/UBNA_001/20220921_090000.WAV,Telephone Field,recover-20220922,001,1795
1431.7205,1431.7262,14296,31547,Plecotus auritus,0.02,0.025,-1,Echolocation,/mnt/ubna_data_02_mir/recover-20220922/UBNA_001/20220921_090000.WAV,Telephone Field,recover-20220922,001,1795
1431.7275,1431.765,68437,82274,Rhinolophus ferrumequinum,0.022,0.022,-1,Echolocation,/mnt/ubna_data_02_mir/recover-20220922/UBNA_001/20220921_090000.WAV,Telephone Field,recover-20220922,001,1795
1431.7285,1431.7375,27187,37554,Eptesicus serotinus,0.009,0.021,-1,Echolocation,/mnt/ubna_data_02_mir/recover-20220922/UBNA_001/20220921_090000.WAV,Telephone Field,recover-20220922,001,1795
1431.7555,1431.7722,21171,24829,Nyctalus leisleri,0.016,0.028,-1,Echolocation,/mnt/ubna_data_02_mir/recover-20220922/UBNA_001/20220921_090000.WAV,Telephone Field,recover-20220922,001,1795
1431.8235,1431.8328,28046,35873,Eptesicus serotinus,0.01,0.023,-1,Echolocation,/mnt/ubna_data_02_mir/recover-20220922/UBNA_001/20220921_090000.WAV,Telephone Field,recover-20220922,001,1795
1431.8325,1431.8748,68437,82500,Rhinolophus ferrumequinum,0.026,0.026,-1,Echolocation,/mnt/ubna_data_02_mir/recover-20220922/UBNA_001/20220921_090000.WAV,Telephone Field,recover-20220922,001,1795
1431.8355,1431.8435,47812,55956,Pipistrellus pipistrellus,0.017,0.021,-1,Echolocation,/mnt/ubna_data_02_mir/recover-20220922/UBNA_001/20220921_090000.WAV,Telephone Field,recover-20220922,001,1795
1431.8385,1431.848,28046,37276,Eptesicus serotinus,0.009,0.021,-1,Echolocation,/mnt/ubna_data_02_mir/recover-20220922/UBNA_001/20220921_090000.WAV,Telephone Field,recover-20220922,001,1795
1431.8505,1431.891,68437,82359,Rhinolophus ferrumequinum,0.026,0.026,-1,Echolocation,/mnt/ubna_data_02_mir/recover-20220922/UBNA_001/20220921_090000.WAV,Telephone Field,recover-20220922,001,1795
1431.8655,1431.8737,23750,31180,Plecotus austriacus,0.008,0.023,-1,Echolocation,/mnt/ubna_data_02_mir/recover-20220922/UBNA_001/20220921_090000.WAV,Telephone Field,recover-20220922,001,1795
1431.8875,1431.8975,28906,36521,Eptesicus serotinus,0.012,0.025,-1,Echolocation,/mnt/ubna_data_02_mir/recover-20220922/UBNA_001/20220921_090000.WAV,Telephone Field,recover-20220922,001,1795
1431.8965,1431.9347,68437,82763,Rhinolophus ferrumequinum,0.023,0.023,-1,Echolocation,/mnt/ubna_data_02_mir/recover-20220922/UBNA_001/20220921_090000.WAV,Telephone Field,recover-20220922,001,1795
1431.9255,1431.9668,68437,83079,Rhinolophus ferrumequinum,0.035,0.035,-1,Echolocation,/mnt/ubna_data_02_mir/recover-20220922/UBNA_001/20220921_090000.WAV,Telephone Field,recover-20220922,001,1795
1431.9525,1431.9599,23750,32795,Plecotus austriacus,0.008,0.022,-1,Echolocation,/mnt/ubna_data_02_mir/recover-20220922/UBNA_001/20220921_090000.WAV,Telephone Field,recover-20220922,001,1795
1432.0015,1432.0316,68437,79829,Rhinolophus ferrumequinum,0.022,0.022,-1,Echolocation,/mnt/ubna_data_02_mir/recover-20220922/UBNA_001/20220921_090000.WAV,Telephone Field,recover-20220922,001,1795
1432.0015,1432.0127,47812,52406,Pipistrellus pipistrellus,0.033,0.042,-1,Echolocation,/mnt/ubna_data_02_mir/recover-20220922/UBNA_001/20220921_090000.WAV,Telephone Field,recover-20220922,001,1795
1432.0205,1432.0358,47812,51441,Pipistrellus pipistrellus,0.053,0.059,-1,Echolocation,/mnt/ubna_data_02_mir/recover-20220922/UBNA_001/20220921_090000.WAV,Telephone Field,recover-20220922,001,1795
1432.0205,1432.0638,68437,83091,Rhinolophus ferrumequinum,0.026,0.026,-1,Echolocation,/mnt/ubna_data_02_mir/recover-20220922/UBNA_001/20220921_090000.WAV,Telephone Field,recover-20220922,001,1795
1432.0335,1432.0451,22890,27812,Nyctalus leisleri,0.012,0.024,-1,Echolocation,/mnt/ubna_data_02_mir/recover-20220922/UBNA_001/20220921_090000.WAV,Telephone Field,recover-20220922,001,1795
1432.0585,1432.0663,28046,39624,Eptesicus serotinus,0.007,0.022,-1,Echolocation,/mnt/ubna_data_02_mir/recover-20220922/UBNA_001/20220921_090000.WAV,Telephone Field,recover-20220922,001,1795
1432.0755,1432.1165,68437,82413,Rhinolophus ferrumequinum,0.028,0.028,-1,Echolocation,/mnt/ubna_data_02_mir/recover-20220922/UBNA_001/20220921_090000.WAV,Telephone Field,recover-20220922,001,1795
1432.0925,1432.1349,68437,83310,Rhinolophus ferrumequinum,0.042,0.042,-1,Echolocation,/mnt/ubna_data_02_mir/recover-20220922/UBNA_001/20220921_090000.WAV,Telephone Field,recover-20220922,001,1795
1432.1875,1432.2266,68437,82674,Rhinolophus ferrumequinum,0.022,0.022,-1,Echolocation,/mnt/ubna_data_02_mir/recover-20220922/UBNA_001/20220921_090000.WAV,Telephone Field,recover-20220922,001,1795
1432.1895,1432.1974,27187,38439,Eptesicus serotinus,0.007,0.022,-1,Echolocation,/mnt/ubna_data_02_mir/recover-20220922/UBNA_001/20220921_090000.WAV,Telephone Field,recover-20220922,001,1795
1432.2115,1432.2507,68437,82490,Rhinolophus ferrumequinum,0.031,0.031,-1,Echolocation,/mnt/ubna_data_02_mir/recover-20220922/UBNA_001/20220921_090000.WAV,Telephone Field,recover-20220922,001,1795
1432.2515,1432.2884,68437,81624,Rhinolophus ferrumequinum,0.023,0.023,-1,Echolocation,/mnt/ubna_data_02_mir/recover-20220922/UBNA_001/20220921_090000.WAV,Telephone Field,recover-20220922,001,1795
1432.3375,1432.3772,68437,82379,Rhinolophus ferrumequinum,0.029,0.029,-1,Echolocation,/mnt/ubna_data_02_mir/recover-20220922/UBNA_001/20220921_090000.WAV,Telephone Field,recover-20220922,001,1795
1432.4115,1432.4488,68437,81812,Rhinolophus ferrumequinum,0.028,0.028,-1,Echolocation,/mnt/ubna_data_02_mir/recover-20220922/UBNA_001/20220921_090000.WAV,Telephone Field,recover-20220922,001,1795
1432.4305,1432.4413,39218,43830,Pipistrellus nathusii,0.02,0.029,-1,Echolocation,/mnt/ubna_data_02_mir/recover-20220922/UBNA_001/20220921_090000.WAV,Telephone Field,recover-20220922,001,1795
1432.4335,1432.441,28046,37249,Eptesicus serotinus,0.01,0.029,-1,Echolocation,/mnt/ubna_data_02_mir/recover-20220922/UBNA_001/20220921_090000.WAV,Telephone Field,recover-20220922,001,1795
1432.4595,1432.4702,22031,27139,Nyctalus leisleri,0.012,0.029,-1,Echolocation,/mnt/ubna_data_02_mir/recover-20220922/UBNA_001/20220921_090000.WAV,Telephone Field,recover-20220922,001,1795
1432.4735,1432.5104,68437,82402,Rhinolophus ferrumequinum,0.022,0.022,-1,Echolocation,/mnt/ubna_data_02_mir/recover-20220922/UBNA_001/20220921_090000.WAV,Telephone Field,recover-20220922,001,1795
1432.4865,1432.5224,68437,81639,Rhinolophus ferrumequinum,0.023,0.023,-1,Echolocation,/mnt/ubna_data_02_mir/recover-20220922/UBNA_001/20220921_090000.WAV,Telephone Field,recover-20220922,001,1795
1432.5155,1432.5519,68437,82443,Rhinolophus ferrumequinum,0.022,0.022,-1,Echolocation,/mnt/ubna_data_02_mir/recover-20220922/UBNA_001/20220921_090000.WAV,Telephone Field,recover-20220922,001,1795
1432.5485,1432.5894,68437,82866,Rhinolophus ferrumequinum,0.027,0.027,-1,Echolocation,/mnt/ubna_data_02_mir/recover-20220922/UBNA_001/20220921_090000.WAV,Telephone Field,recover-20220922,001,1795
1432.5565,1432.5976,68437,82416,Rhinolophus ferrumequinum,0.032,0.032,-1,Echolocation,/mnt/ubna_data_02_mir/recover-20220922/UBNA_001/20220921_090000.WAV,Telephone Field,recover-20220922,001,1795
1432.5615,1432.5683,23750,34685,Plecotus austriacus,0.01,0.024,-1,Echolocation,/mnt/ubna_data_02_mir/recover-20220922/UBNA_001/20220921_090000.WAV,Telephone Field,recover-20220922,001,1795
1432.6025,1432.6419,68437,82555,Rhinolophus ferrumequinum,0.023,0.023,-1,Echolocation,/mnt/ubna_data_02_mir/recover-20220922/UBNA_001/20220921_090000.WAV,Telephone Field,recover-20220922,001,1795
1432.6045,1432.6121,28906,39610,Eptesicus serotinus,0.006,0.023,-1,Echolocation,/mnt/ubna_data_02_mir/recover-20220922/UBNA_001/20220921_090000.WAV,Telephone Field,recover-20220922,001,1795
1432.6235,1432.665,68437,83177,Rhinolophus ferrumequinum,0.034,0.034,-1,Echolocation,/mnt/ubna_data_02_mir/recover-20220922/UBNA_001/20220921_090000.WAV,Telephone Field,recover-20220922,001,1795
1432.6755,1432.6899,24609,29171,Nyctalus leisleri,0.026,0.054,-1,Echolocation,/mnt/ubna_data_02_mir/recover-20220922/UBNA_001/20220921_090000.WAV,Telephone Field,recover-20220922,001,1795
1432.6805,1432.688,45234,55062,Pipistrellus pipistrellus,0.022,0.03,-1,Echolocation,/mnt/ubna_data_02_mir/recover-20220922/UBNA_001/20220921_090000.WAV,Telephone Field,recover-20220922,001,1795
1432.6885,1432.7244,68437,82093,Rhinolophus ferrumequinum,0.025,0.025,-1,Echolocation,/mnt/ubna_data_02_mir/recover-20220922/UBNA_001/20220921_090000.WAV,Telephone Field,recover-20220922,001,1795
1432.6885,1432.6947,28046,42055,Eptesicus serotinus,0.007,0.033,-1,Echolocation,/mnt/ubna_data_02_mir/recover-20220922/UBNA_001/20220921_090000.WAV,Telephone Field,recover-20220922,001,1795
1432.7005,1432.739,68437,81373,Rhinolophus ferrumequinum,0.024,0.024,-1,Echolocation,/mnt/ubna_data_02_mir/recover-20220922/UBNA_001/20220921_090000.WAV,Telephone Field,recover-20220922,001,1795
1432.7185,1432.7573,68437,82436,Rhinolophus ferrumequinum,0.022,0.022,-1,Echolocation,/mnt/ubna_data_02_mir/recover-20220922/UBNA_001/20220921_090000.WAV,Telephone Field,recover-20220922,001,1795
1432.7225,1432.729,26328,40566,Eptesicus serotinus,0.005,0.023,-1,Echolocation,/mnt/ubna_data_02_mir/recover-20220922/UBNA_001/20220921_090000.WAV,Telephone Field,recover-20220922,001,1795
1432.7555,1432.7662,22031,27681,Nyctalus leisleri,0.01,0.026,-1,Echolocation,/mnt/ubna_data_02_mir/recover-20220922/UBNA_001/20220921_090000.WAV,Telephone Field,recover-20220922,001,1795
1432.7565,1432.797,68437,82666,Rhinolophus ferrumequinum,0.028,0.028,-1,Echolocation,/mnt/ubna_data_02_mir/recover-20220922/UBNA_001/20220921_090000.WAV,Telephone Field,recover-20220922,001,1795
1432.7695,1432.8049,68437,81543,Rhinolophus ferrumequinum,0.022,0.022,-1,Echolocation,/mnt/ubna_data_02_mir/recover-20220922/UBNA_001/20220921_090000.WAV,Telephone Field,recover-20220922,001,1795
1432.7795,1432.791,24609,30286,Nyctalus leisleri,0.012,0.025,-1,Echolocation,/mnt/ubna_data_02_mir/recover-20220922/UBNA_001/20220921_090000.WAV,Telephone Field,recover-20220922,001,1795
1432.8025,1432.8432,68437,82372,Rhinolophus ferrumequinum,0.022,0.022,-1,Echolocation,/mnt/ubna_data_02_mir/recover-20220922/UBNA_001/20220921_090000.WAV,Telephone Field,recover-20220922,001,1795
1432.8455,1432.8792,68437,81385,Rhinolophus ferrumequinum,0.024,0.024,-1,Echolocation,/mnt/ubna_data_02_mir/recover-20220922/UBNA_001/20220921_090000.WAV,Telephone Field,recover-20220922,001,1795
1432.8615,1432.8702,28046,37597,Eptesicus serotinus,0.01,0.026,-1,Echolocation,/mnt/ubna_data_02_mir/recover-20220922/UBNA_001/20220921_090000.WAV,Telephone Field,recover-20220922,001,1795
1432.8655,1432.9043,68437,81993,Rhinolophus ferrumequinum,0.025,0.025,-1,Echolocation,/mnt/ubna_data_02_mir/recover-20220922/UBNA_001/20220921_090000.WAV,Telephone Field,recover-20220922,001,1795
1432.8875,1432.9247,68437,81988,Rhinolophus ferrumequinum,0.022,0.022,-1,Echolocation,/mnt/ubna_data_02_mir/recover-20220922/UBNA_001/20220921_090000.WAV,Telephone Field,recover-20220922,001,1795
1432.9145,1432.9213,25468,35194,Plecotus austriacus,0.007,0.026,-1,Echolocation,/mnt/ubna_data_02_mir/recover-20220922/UBNA_001/20220921_090000.WAV,Telephone Field,recover-20220922,001,1795
1432.9355,1432.9757,68437,82584,Rhinolophus ferrumequinum,0.026,0.026,-1,Echolocation,/mnt/ubna_data_02_mir/recover-20220922/UBNA_001/20220921_090000.WAV,Telephone Field,recover-20220922,001,1795
1432.9555,1432.964,28906,38067,Eptesicus serotinus,0.009,0.027,-1,Echolocation,/mnt/ubna_data_02_mir/recover-20220922/UBNA_001/20220921_090000.WAV,Telephone Field,recover-20220922,001,1795
1432.9675,1433.0082,68437,83242,Rhinolophus ferrumequinum,0.024,0.024,-1,Echolocation,/mnt/ubna_data_02_mir/recover-20220922/UBNA_001/20220921_090000.WAV,Telephone Field,recover-20220922,001,1795
1433.0005,1433.0423,68437,82750,Rhinolophus ferrumequinum,0.057,0.057,-1,Echolocation,/mnt/ubna_data_02_mir/recover-20220922/UBNA_001/20220921_090000.WAV,Telephone Field,recover-20220922,001,1795
1433.0305,1433.0731,68437,83235,Rhinolophus ferrumequinum,0.029,0.029,-1,Echolocation,/mnt/ubna_data_02_mir/recover-20220922/UBNA_001/20220921_090000.WAV,Telephone Field,recover-20220922,001,1795
1433.0475,1433.089,68437,82821,Rhinolophus ferrumequinum,0.024,0.024,-1,Echolocation,/mnt/ubna_data_02_mir/recover-20220922/UBNA_001/20220921_090000.WAV,Telephone Field,recover-20220922,001,1795
1433.0655,1433.1042,68437,82132,Rhinolophus ferrumequinum,0.026,0.026,-1,Echolocation,/mnt/ubna_data_02_mir/recover-20220922/UBNA_001/20220921_090000.WAV,Telephone Field,recover-20220922,001,1795
1433.0895,1433.1294,68437,83042,Rhinolophus ferrumequinum,0.026,0.026,-1,Echolocation,/mnt/ubna_data_02_mir/recover-20220922/UBNA_001/20220921_090000.WAV,Telephone Field,recover-20220922,001,1795
1433.0965,1433.1081,22031,25520,Nyctalus leisleri,0.014,0.023,-1,Echolocation,/mnt/ubna_data_02_mir/recover-20220922/UBNA_001/20220921_090000.WAV,Telephone Field,recover-20220922,001,1795
1433.1115,1433.1553,68437,83135,Rhinolophus ferrumequinum,0.062,0.062,-1,Echolocation,/mnt/ubna_data_02_mir/recover-20220922/UBNA_001/20220921_090000.WAV,Telephone Field,recover-20220922,001,1795
1433.1585,1433.1705,23750,29946,Nyctalus leisleri,0.021,0.044,-1,Echolocation,/mnt/ubna_data_02_mir/recover-20220922/UBNA_001/20220921_090000.WAV,Telephone Field,recover-20220922,001,1795
1433.1725,1433.1785,28046,37430,Eptesicus serotinus,0.007,0.03,-1,Echolocation,/mnt/ubna_data_02_mir/recover-20220922/UBNA_001/20220921_090000.WAV,Telephone Field,recover-20220922,001,1795
1433.1765,1433.2168,68437,82538,Rhinolophus ferrumequinum,0.024,0.024,-1,Echolocation,/mnt/ubna_data_02_mir/recover-20220922/UBNA_001/20220921_090000.WAV,Telephone Field,recover-20220922,001,1795
1433.2245,1433.2631,68437,81638,Rhinolophus ferrumequinum,0.022,0.022,-1,Echolocation,/mnt/ubna_data_02_mir/recover-20220922/UBNA_001/20220921_090000.WAV,Telephone Field,recover-20220922,001,1795
1433.2265,1433.2435,20312,24338,Nyctalus leisleri,0.013,0.031,-1,Echolocation,/mnt/ubna_data_02_mir/recover-20220922/UBNA_001/20220921_090000.WAV,Telephone Field,recover-20220922,001,1795
1433.2465,1433.2573,28046,35646,Eptesicus serotinus,0.009,0.023,-1,Echolocation,/mnt/ubna_data_02_mir/recover-20220922/UBNA_001/20220921_090000.WAV,Telephone Field,recover-20220922,001,1795
1433.2535,1433.2639,28046,34713,Eptesicus serotinus,0.01,0.023,-1,Echolocation,/mnt/ubna_data_02_mir/recover-20220922/UBNA_001/20220921_090000.WAV,Telephone Field,recover-20220922,001,1795
1433.3065,1433.3438,68437,82218,Rhinolophus ferrumequinum,0.023,0.023,-1,Echolocation,/mnt/ubna_data_02_mir/recover-20220922/UBNA_001/20220921_090000.WAV,Telephone Field,recover-20220922,001,1795
1433.3185,1433.3336,22890,27222,Nyctalus leisleri,0.021,0.039,-1,Echolocation,/mnt/ubna_data_02_mir/recover-20220922/UBNA_001/20220921_090000.WAV,Telephone Field,recover-20220922,001,1795
1433.3225,1433.3634,68437,82380,Rhinolophus ferrumequinum,0.024,0.024,-1,Echolocation,/mnt/ubna_data_02_mir/recover-20220922/UBNA_001/20220921_090000.WAV,Telephone Field,recover-20220922,001,1795
1433.3385,1433.3485,27187,34862,Eptesicus serotinus,0.013,0.027,-1,Echolocation,/mnt/ubna_data_02_mir/recover-20220922/UBNA_001/20220921_090000.WAV,Telephone Field,recover-20220922,001,1795
1433.3605,1433.3967,68437,81860,Rhinolophus ferrumequinum,0.028,0.028,-1,Echolocation,/mnt/ubna_data_02_mir/recover-20220922/UBNA_001/20220921_090000.WAV,Telephone Field,recover-20220922,001,1795
1433.3845,1433.395,24609,31669,Eptesicus serotinus,0.011,0.031,-1,Echolocation,/mnt/ubna_data_02_mir/recover-20220922/UBNA_001/20220921_090000.WAV,Telephone Field,recover-20220922,001,1795
1433.4055,1433.4416,68437,81955,Rhinolophus ferrumequinum,0.028,0.028,-1,Echolocation,/mnt/ubna_data_02_mir/recover-20220922/UBNA_001/20220921_090000.WAV,Telephone Field,recover-20220922,001,1795
1433.4275,1433.4362,25468,33678,Eptesicus serotinus,0.008,0.022,-1,Echolocation,/mnt/ubna_data_02_mir/recover-20220922/UBNA_001/20220921_090000.WAV,Telephone Field,recover-20220922,001,1795
1433.4495,1433.4917,68437,82657,Rhinolophus ferrumequinum,0.027,0.027,-1,Echolocation,/mnt/ubna_data_02_mir/recover-20220922/UBNA_001/20220921_090000.WAV,Telephone Field,recover-20220922,001,1795
1433.4525,1433.4604,28046,37693,Eptesicus serotinus,0.008,0.024,-1,Echolocation,/mnt/ubna_data_02_mir/recover-20220922/UBNA_001/20220921_090000.WAV,Telephone Field,recover-20220922,001,1795
1433.5245,1433.5363,24609,30389,Nyctalus leisleri,0.011,0.024,-1,Echolocation,/mnt/ubna_data_02_mir/recover-20220922/UBNA_001/20220921_090000.WAV,Telephone Field,recover-20220922,001,1795
1433.5575,1433.5684,23750,28946,Nyctalus leisleri,0.012,0.027,-1,Echolocation,/mnt/ubna_data_02_mir/recover-20220922/UBNA_001/20220921_090000.WAV,Telephone Field,recover-20220922,001,1795
1433.5975,1433.6079,47812,50804,Pipistrellus pipistrellus,0.022,0.026,-1,Echolocation,/mnt/ubna_data_02_mir/recover-20220922/UBNA_001/20220921_090000.WAV,Telephone Field,recover-20220922,001,1795
1433.6185,1433.6271,27187,40629,Eptesicus serotinus,0.008,0.023,-1,Echolocation,/mnt/ubna_data_02_mir/recover-20220922/UBNA_001/20220921_090000.WAV,Telephone Field,recover-20220922,001,1795
1433.6215,1433.6638,68437,83375,Rhinolophus ferrumequinum,0.028,0.028,-1,Echolocation,/mnt/ubna_data_02_mir/recover-20220922/UBNA_001/20220921_090000.WAV,Telephone Field,recover-20220922,001,1795
1433.6375,1433.6459,45234,49049,Pipistrellus pipistrellus,0.028,0.029,-1,Echolocation,/mnt/ubna_data_02_mir/recover-20220922/UBNA_001/20220921_090000.WAV,Telephone Field,recover-20220922,001,1795
1433.6395,1433.6819,68437,83562,Rhinolophus ferrumequinum,0.05,0.05,-1,Echolocation,/mnt/ubna_data_02_mir/recover-20220922/UBNA_001/20220921_090000.WAV,Telephone Field,recover-20220922,001,1795
1433.6755,1433.712,68437,82129,Rhinolophus ferrumequinum,0.023,0.023,-1,Echolocation,/mnt/ubna_data_02_mir/recover-20220922/UBNA_001/20220921_090000.WAV,Telephone Field,recover-20220922,001,1795
1433.6835,1433.7211,68437,81815,Rhinolophus ferrumequinum,0.022,0.022,-1,Echolocation,/mnt/ubna_data_02_mir/recover-20220922/UBNA_001/20220921_090000.WAV,Telephone Field,recover-20220922,001,1795
1433.6875,1433.7034,22031,25445,Nyctalus leisleri,0.019,0.031,-1,Echolocation,/mnt/ubna_data_02_mir/recover-20220922/UBNA_001/20220921_090000.WAV,Telephone Field,recover-20220922,001,1795
1433.7295,1433.7682,68437,81986,Rhinolophus ferrumequinum,0.028,0.028,-1,Echolocation,/mnt/ubna_data_02_mir/recover-20220922/UBNA_001/20220921_090000.WAV,Telephone Field,recover-20220922,001,1795
1433.7555,1433.791,68437,81547,Rhinolophus ferrumequinum,0.023,0.023,-1,Echolocation,/mnt/ubna_data_02_mir/recover-20220922/UBNA_001/20220921_090000.WAV,Telephone Field,recover-20220922,001,1795
1433.7745,1433.8128,68437,81746,Rhinolophus ferrumequinum,0.022,0.022,-1,Echolocation,/mnt/ubna_data_02_mir/recover-20220922/UBNA_001/20220921_090000.WAV,Telephone Field,recover-20220922,001,1795
1433.7835,1433.7918,28046,39811,Eptesicus serotinus,0.007,0.024,-1,Echolocation,/mnt/ubna_data_02_mir/recover-20220922/UBNA_001/20220921_090000.WAV,Telephone Field,recover-20220922,001,1795
1433.8045,1433.8479,68437,82832,Rhinolophus ferrumequinum,0.029,0.029,-1,Echolocation,/mnt/ubna_data_02_mir/recover-20220922/UBNA_001/20220921_090000.WAV,Telephone Field,recover-20220922,001,1795
1433.8295,1433.8681,68437,81701,Rhinolophus ferrumequinum,0.023,0.023,-1,Echolocation,/mnt/ubna_data_02_mir/recover-20220922/UBNA_001/20220921_090000.WAV,Telephone Field,recover-20220922,001,1795
1433.8465,1433.8826,68437,81339,Rhinolophus ferrumequinum,0.024,0.025,-1,Echolocation,/mnt/ubna_data_02_mir/recover-20220922/UBNA_001/20220921_090000.WAV,Telephone Field,recover-20220922,001,1795
1433.8605,1433.8964,68437,81778,Rhinolophus ferrumequinum,0.023,0.024,-1,Echolocation,/mnt/ubna_data_02_mir/recover-20220922/UBNA_001/20220921_090000.WAV,Telephone Field,recover-20220922,001,1795
1433.8755,1433.9194,68437,83508,Rhinolophus ferrumequinum,0.031,0.031,-1,Echolocation,/mnt/ubna_data_02_mir/recover-20220922/UBNA_001/20220921_090000.WAV,Telephone Field,recover-20220922,001,1795
1433.8935,1433.9332,68437,82394,Rhinolophus ferrumequinum,0.022,0.022,-1,Echolocation,/mnt/ubna_data_02_mir/recover-20220922/UBNA_001/20220921_090000.WAV,Telephone Field,recover-20220922,001,1795
1433.9195,1433.9333,28906,34418,Eptesicus serotinus,0.051,0.085,-1,Echolocation,/mnt/ubna_data_02_mir/recover-20220922/UBNA_001/20220921_090000.WAV,Telephone Field,recover-20220922,001,1795
1433.9235,1433.9629,68437,81622,Rhinolophus ferrumequinum,0.029,0.029,-1,Echolocation,/mnt/ubna_data_02_mir/recover-20220922/UBNA_001/20220921_090000.WAV,Telephone Field,recover-20220922,001,1795
1433.9305,1433.939,28046,38068,Eptesicus serotinus,0.008,0.023,-1,Echolocation,/mnt/ubna_data_02_mir/recover-20220922/UBNA_001/20220921_090000.WAV,Telephone Field,recover-20220922,001,1795
1433.9385,1433.9779,68437,82704,Rhinolophus ferrumequinum,0.023,0.023,-1,Echolocation,/mnt/ubna_data_02_mir/recover-20220922/UBNA_001/20220921_090000.WAV,Telephone Field,recover-20220922,001,1795
1433.9385,1433.9458,26328,34937,Eptesicus serotinus,0.007,0.023,-1,Echolocation,/mnt/ubna_data_02_mir/recover-20220922/UBNA_001/20220921_090000.WAV,Telephone Field,recover-20220922,001,1795
1433.9395,1433.9479,22031,28887,Plecotus austriacus,0.01,0.023,-1,Echolocation,/mnt/ubna_data_02_mir/recover-20220922/UBNA_001/20220921_090000.WAV,Telephone Field,recover-20220922,001,1795
1434.0015,1434.0109,46953,53308,Pipistrellus pipistrellus,0.016,0.022,-1,Echolocation,/mnt/ubna_data_02_mir/recover-20220922/UBNA_001/20220921_090000.WAV,Telephone Field,recover-20220922,001,1795
1434.0015,1434.0155,20312,25016,Nyctalus leisleri,0.018,0.036,-1,Echolocation,/mnt/ubna_data_02_mir/recover-20220922/UBNA_001/20220921_090000.WAV,Telephone Field,recover-20220922,001,1795
1434.0145,1434.0603,68437,84022,Rhinolophus ferrumequinum,0.038,0.038,-1,Echolocation,/mnt/ubna_data_02_mir/recover-20220922/UBNA_001/20220921_090000.WAV,Telephone Field,recover-20220922,001,1795
1434.0235,1434.0333,22031,28323,Plecotus austriacus,0.009,0.024,-1,Echolocation,/mnt/ubna_data_02_mir/recover-20220922/UBNA_001/20220921_090000.WAV,Telephone Field,recover-20220922,001,1795
1434.0415,1434.0505,47812,52233,Pipistrellus pipistrellus,0.023,0.024,-1,Echolocation,/mnt/ubna_data_02_mir/recover-20220922/UBNA_001/20220921_090000.WAV,Telephone Field,recover-20220922,001,1795
1434.0645,1434.1053,68437,82110,Rhinolophus ferrumequinum,0.022,0.022,-1,Echolocation,/mnt/ubna_data_02_mir/recover-20220922/UBNA_001/20220921_090000.WAV,Telephone Field,recover-20220922,001,1795
1434.0755,1434.0868,37500,42041,Pipistrellus nathusii,0.013,0.025,-1,Echolocation,/mnt/ubna_data_02_mir/recover-20220922/UBNA_001/20220921_090000.WAV,Telephone Field,recover-20220922,001,1795
1434.0915,1434.1294,68437,81821,Rhinolophus ferrumequinum,0.021,0.021,-1,Echolocation,/mnt/ubna_data_02_mir/recover-20220922/UBNA_001/20220921_090000.WAV,Telephone Field,recover-20220922,001,1795
1434.1025,1434.1152,28906,34495,Eptesicus serotinus,0.032,0.062,-1,Echolocation,/mnt/ubna_data_02_mir/recover-20220922/UBNA_001/20220921_090000.WAV,Telephone Field,recover-20220922,001,1795
1434.1135,1434.1524,68437,81675,Rhinolophus ferrumequinum,0.023,0.023,-1,Echolocation,/mnt/ubna_data_02_mir/recover-20220922/UBNA_001/20220921_090000.WAV,Telephone Field,recover-20220922,001,1795
1434.1885,1434.227,68437,81635,Rhinolophus ferrumequinum,0.023,0.023,-1,Echolocation,/mnt/ubna_data_02_mir/recover-20220922/UBNA_001/20220921_090000.WAV,Telephone Field,recover-20220922,001,1795
1434.2305,1434.2692,68437,82062,Rhinolophus ferrumequinum,0.025,0.025,-1,Echolocation,/mnt/ubna_data_02_mir/recover-20220922/UBNA_001/20220921_090000.WAV,Telephone Field,recover-20220922,001,1795
1434.2335,1434.2413,23750,32092,Plecotus austriacus,0.011,0.025,-1,Echolocation,/mnt/ubna_data_02_mir/recover-20220922/UBNA_001/20220921_090000.WAV,Telephone Field,recover-20220922,001,1795
1434.2555,1434.2948,68437,82087,Rhinolophus ferrumequinum,0.026,0.026,-1,Echolocation,/mnt/ubna_data_02_mir/recover-20220922/UBNA_001/20220921_090000.WAV,Telephone Field,recover-20220922,001,1795
1434.2645,1434.3009,68437,82412,Rhinolophus ferrumequinum,0.033,0.033,-1,Echolocation,/mnt/ubna_data_02_mir/recover-20220922/UBNA_001/20220921_090000.WAV,Telephone Field,recover-20220922,001,1795
1434.2795,1434.3193,68437,81943,Rhinolophus ferrumequinum,0.021,0.021,-1,Echolocation,/mnt/ubna_data_02_mir/recover-20220922/UBNA_001/20220921_090000.WAV,Telephone Field,recover-20220922,001,1795
1434.3225,1434.3304,28046,38415,Eptesicus serotinus,0.007,0.022,-1,Echolocation,/mnt/ubna_data_02_mir/recover-20220922/UBNA_001/20220921_090000.WAV,Telephone Field,recover-20220922,001,1795
1434.3225,1434.3602,68437,81849,Rhinolophus ferrumequinum,0.022,0.022,-1,Echolocation,/mnt/ubna_data_02_mir/recover-20220922/UBNA_001/20220921_090000.WAV,Telephone Field,recover-20220922,001,1795
1434.3425,1434.3835,68437,82819,Rhinolophus ferrumequinum,0.025,0.025,-1,Echolocation,/mnt/ubna_data_02_mir/recover-20220922/UBNA_001/20220921_090000.WAV,Telephone Field,recover-20220922,001,1795
1434.3425,1434.3502,23750,32157,Plecotus austriacus,0.009,0.022,-1,Echolocation,/mnt/ubna_data_02_mir/recover-20220922/UBNA_001/20220921_090000.WAV,Telephone Field,recover-20220922,001,1795
1434.3805,1434.4214,68437,82207,Rhinolophus ferrumequinum,0.021,0.021,-1,Echolocation,/mnt/ubna_data_02_mir/recover-20220922/UBNA_001/20220921_090000.WAV,Telephone Field,recover-20220922,001,1795
1434.3865,1434.3945,47812,53469,Pipistrellus pipistrellus,0.031,0.034,-1,Echolocation,/mnt/ubna_data_02_mir/recover-20220922/UBNA_001/20220921_090000.WAV,Telephone Field,recover-20220922,001,1795
1434.3875,1434.3959,25468,34131,Eptesicus serotinus,0.007,0.021,-1,Echolocation,/mnt/ubna_data_02_mir/recover-20220922/UBNA_001/20220921_090000.WAV,Telephone Field,recover-20220922,001,1795
1434.3945,1434.4358,68437,83324,Rhinolophus ferrumequinum,0.029,0.029,-1,Echolocation,/mnt/ubna_data_02_mir/recover-20220922/UBNA_001/20220921_090000.WAV,Telephone Field,recover-20220922,001,1795
1434.4035,1434.4408,68437,82131,Rhinolophus ferrumequinum,0.021,0.021,-1,Echolocation,/mnt/ubna_data_02_mir/recover-20220922/UBNA_001/20220921_090000.WAV,Telephone Field,recover-20220922,001,1795
1434.4285,1434.468,68437,82007,Rhinolophus ferrumequinum,0.021,0.021,-1,Echolocation,/mnt/ubna_data_02_mir/recover-20220922/UBNA_001/20220921_090000.WAV,Telephone Field,recover-20220922,001,1795
1434.4505,1434.4596,28046,36590,Eptesicus serotinus,0.01,0.022,-1,Echolocation,/mnt/ubna_data_02_mir/recover-20220922/UBNA_001/20220921_090000.WAV,Telephone Field,recover-20220922,001,1795
1434.4565,1434.4971,68437,82873,Rhinolophus ferrumequinum,0.021,0.021,-1,Echolocation,/mnt/ubna_data_02_mir/recover-20220922/UBNA_001/20220921_090000.WAV,Telephone Field,recover-20220922,001,1795
1434.4985,1434.5406,68437,82558,Rhinolophus ferrumequinum,0.036,0.036,-1,Echolocation,/mnt/ubna_data_02_mir/recover-20220922/UBNA_001/20220921_090000.WAV,Telephone Field,recover-20220922,001,1795
1434.5255,1434.5676,68437,83077,Rhinolophus ferrumequinum,0.025,0.025,-1,Echolocation,/mnt/ubna_data_02_mir/recover-20220922/UBNA_001/20220921_090000.WAV,Telephone Field,recover-20220922,001,1795
1434.5375,1434.5452,28906,38035,Eptesicus serotinus,0.013,0.031,-1,Echolocation,/mnt/ubna_data_02_mir/recover-20220922/UBNA_001/20220921_090000.WAV,Telephone Field,recover-20220922,001,1795
1434.5455,1434.5535,28046,36714,Eptesicus serotinus,0.008,0.021,-1,Echolocation,/mnt/ubna_data_02_mir/recover-20220922/UBNA_001/20220921_090000.WAV,Telephone Field,recover-20220922,001,1795
1434.5465,1434.588,68437,82844,Rhinolophus ferrumequinum,0.028,0.028,-1,Echolocation,/mnt/ubna_data_02_mir/recover-20220922/UBNA_001/20220921_090000.WAV,Telephone Field,recover-20220922,001,1795
1434.5625,1434.5728,23750,29622,Nyctalus leisleri,0.008,0.021,-1,Echolocation,/mnt/ubna_data_02_mir/recover-20220922/UBNA_001/20220921_090000.WAV,Telephone Field,recover-20220922,001,1795
1434.6085,1434.6467,68437,82049,Rhinolophus ferrumequinum,0.022,0.022,-1,Echolocation,/mnt/ubna_data_02_mir/recover-20220922/UBNA_001/20220921_090000.WAV,Telephone Field,recover-20220922,001,1795
1434.6345,1434.671,68437,81672,Rhinolophus ferrumequinum,0.027,0.027,-1,Echolocation,/mnt/ubna_data_02_mir/recover-20220922/UBNA_001/20220921_090000.WAV,Telephone Field,recover-20220922,001,1795
1434.6575,1434.6992,68437,82985,Rhinolophus ferrumequinum,0.03,0.03,-1,Echolocation,/mnt/ubna_data_02_mir/recover-20220922/UBNA_001/20220921_090000.WAV,Telephone Field,recover-20220922,001,1795
1434.6995,1434.7374,68437,82083,Rhinolophus ferrumequinum,0.022,0.022,-1,Echolocation,/mnt/ubna_data_02_mir/recover-20220922/UBNA_001/20220921_090000.WAV,Telephone Field,recover-20220922,001,1795
1434.7215,1434.7651,68437,83047,Rhinolophus ferrumequinum,0.027,0.027,-1,Echolocation,/mnt/ubna_data_02_mir/recover-20220922/UBNA_001/20220921_090000.WAV,Telephone Field,recover-20220922,001,1795
1434.7515,1434.7624,22890,28101,Nyctalus leisleri,0.014,0.028,-1,Echolocation,/mnt/ubna_data_02_mir/recover-20220922/UBNA_001/20220921_090000.WAV,Telephone Field,recover-20220922,001,1795
1434.7725,1434.8135,68437,82736,Rhinolophus ferrumequinum,0.029,0.029,-1,Echolocation,/mnt/ubna_data_02_mir/recover-20220922/UBNA_001/20220921_090000.WAV,Telephone Field,recover-20220922,001,1795
1434.7825,1434.7953,22031,25907,Nyctalus leisleri,0.013,0.023,-1,Echolocation,/mnt/ubna_data_02_mir/recover-20220922/UBNA_001/20220921_090000.WAV,Telephone Field,recover-20220922,001,1795
1434.7885,1434.8289,68437,82084,Rhinolophus ferrumequinum,0.028,0.028,-1,Echolocation,/mnt/ubna_data_02_mir/recover-20220922/UBNA_001/20220921_090000.WAV,Telephone Field,recover-20220922,001,1795
1434.8045,1434.8121,28046,40741,Eptesicus serotinus,0.007,0.021,-1,Echolocation,/mnt/ubna_data_02_mir/recover-20220922/UBNA_001/20220921_090000.WAV,Telephone Field,recover-20220922,001,1795
1434.8165,1434.8553,68437,82226,Rhinolophus ferrumequinum,0.021,0.021,-1,Echolocation,/mnt/ubna_data_02_mir/recover-20220922/UBNA_001/20220921_090000.WAV,Telephone Field,recover-20220922,001,1795
1434.8265,1434.8632,68437,81742,Rhinolophus ferrumequinum,0.022,0.022,-1,Echolocation,/mnt/ubna_data_02_mir/recover-20220922/UBNA_001/20220921_090000.WAV,Telephone Field,recover-20220922,001,1795
1434.8405,1434.8469,28046,40761,Eptesicus serotinus,0.007,0.027,-1,Echolocation,/mnt/ubna_data_02_mir/recover-20220922/UBNA_001/20220921_090000.WAV,Telephone Field,recover-20220922,001,1795
1434.8645,1434.9032,68437,82445,Rhinolophus ferrumequinum,0.021,0.021,-1,Echolocation,/mnt/ubna_data_02_mir/recover-20220922/UBNA_001/20220921_090000.WAV,Telephone Field,recover-20220922,001,1795
1434.8925,1434.9372,68437,83811,Rhinolophus ferrumequinum,0.054,0.054,-1,Echolocation,/mnt/ubna_data_02_mir/recover-20220922/UBNA_001/20220921_090000.WAV,Telephone Field,recover-20220922,001,1795
1434.9135,1434.9537,68437,82413,Rhinolophus ferrumequinum,0.022,0.022,-1,Echolocation,/mnt/ubna_data_02_mir/recover-20220922/UBNA_001/20220921_090000.WAV,Telephone Field,recover-20220922,001,1795
1434.9595,1434.97,22890,28677,Nyctalus leisleri,0.008,0.021,-1,Echolocation,/mnt/ubna_data_02_mir/recover-20220922/UBNA_001/20220921_090000.WAV,Telephone Field,recover-20220922,001,1795
1434.9605,1434.9997,68437,82092,Rhinolophus ferrumequinum,0.025,0.025,-1,Echolocation,/mnt/ubna_data_02_mir/recover-20220922/UBNA_001/20220921_090000.WAV,Telephone Field,recover-20220922,001,1795
1434.9805,1435.0174,68437,81767,Rhinolophus ferrumequinum,0.022,0.022,-1,Echolocation,/mnt/ubna_data_02_mir/recover-20220922/UBNA_001/20220921_090000.WAV,Telephone Field,recover-20220922,001,1795
1435.0025,1435.0422,68437,82661,Rhinolophus ferrumequinum,0.026,0.026,-1,Echolocation,/mnt/ubna_data_02_mir/recover-20220922/UBNA_001/20220921_090000.WAV,Telephone Field,recover-20220922,001,1795
1435.0525,1435.0893,68437,81552,Rhinolophus ferrumequinum,0.023,0.023,-1,Echolocation,/mnt/ubna_data_02_mir/recover-20220922/UBNA_001/20220921_090000.WAV,Telephone Field,recover-20220922,001,1795
1435.0635,1435.1029,68437,82253,Rhinolophus ferrumequinum,0.029,0.029,-1,Echolocation,/mnt/ubna_data_02_mir/recover-20220922/UBNA_001/20220921_090000.WAV,Telephone Field,recover-20220922,001,1795
1435.0965,1435.108,37500,41697,Pipistrellus nathusii,0.038,0.056,-1,Echolocation,/mnt/ubna_data_02_mir/recover-20220922/UBNA_001/20220921_090000.WAV,Telephone Field,recover-20220922,001,1795
1435.0995,1435.1071,28046,39252,Eptesicus serotinus,0.007,0.023,-1,Echolocation,/mnt/ubna_data_02_mir/recover-20220922/UBNA_001/20220921_090000.WAV,Telephone Field,recover-20220922,001,1795
1435.0995,1435.11,22031,27520,Nyctalus leisleri,0.009,0.023,-1,Echolocation,/mnt/ubna_data_02_mir/recover-20220922/UBNA_001/20220921_090000.WAV,Telephone Field,recover-20220922,001,1795
1435.1135,1435.1482,68437,81075,Rhinolophus ferrumequinum,0.021,0.021,-1,Echolocation,/mnt/ubna_data_02_mir/recover-20220922/UBNA_001/20220921_090000.WAV,Telephone Field,recover-20220922,001,1795
1435.1345,1435.1421,27187,35184,Eptesicus serotinus,0.01,0.027,-1,Echolocation,/mnt/ubna_data_02_mir/recover-20220922/UBNA_001/20220921_090000.WAV,Telephone Field,recover-20220922,001,1795
1435.1495,1435.1858,68437,81702,Rhinolophus ferrumequinum,0.021,0.021,-1,Echolocation,/mnt/ubna_data_02_mir/recover-20220922/UBNA_001/20220921_090000.WAV,Telephone Field,recover-20220922,001,1795
1435.1575,1435.1967,68437,81830,Rhinolophus ferrumequinum,0.023,0.023,-1,Echolocation,/mnt/ubna_data_02_mir/recover-20220922/UBNA_001/20220921_090000.WAV,Telephone Field,recover-20220922,001,1795
1435.1685,1435.1777,26328,34735,Eptesicus serotinus,0.01,0.022,-1,Echolocation,/mnt/ubna_data_02_mir/recover-20220922/UBNA_001/20220921_090000.WAV,Telephone Field,recover-20220922,001,1795
1435.1815,1435.1936,42656,46379,Pipistrellus pipistrellus,0.025,0.036,-1,Echolocation,/mnt/ubna_data_02_mir/recover-20220922/UBNA_001/20220921_090000.WAV,Telephone Field,recover-20220922,001,1795
1435.1865,1435.2255,68437,82063,Rhinolophus ferrumequinum,0.025,0.025,-1,Echolocation,/mnt/ubna_data_02_mir/recover-20220922/UBNA_001/20220921_090000.WAV,Telephone Field,recover-20220922,001,1795
1435.2155,1435.255,68437,82316,Rhinolophus ferrumequinum,0.021,0.021,-1,Echolocation,/mnt/ubna_data_02_mir/recover-20220922/UBNA_001/20220921_090000.WAV,Telephone Field,recover-20220922,001,1795
1435.2315,1435.2437,50390,57242,Pipistrellus pipistrellus,0.018,0.027,-1,Echolocation,/mnt/ubna_data_02_mir/recover-20220922/UBNA_001/20220921_090000.WAV,Telephone Field,recover-20220922,001,1795
1435.2325,1435.2761,68437,83177,Rhinolophus ferrumequinum,0.038,0.038,-1,Echolocation,/mnt/ubna_data_02_mir/recover-20220922/UBNA_001/20220921_090000.WAV,Telephone Field,recover-20220922,001,1795
1435.2445,1435.2816,68437,82319,Rhinolophus ferrumequinum,0.022,0.022,-1,Echolocation,/mnt/ubna_data_02_mir/recover-20220922/UBNA_001/20220921_090000.WAV,Telephone Field,recover-20220922,001,1795
1435.2695,1435.2756,26328,40342,Plecotus austriacus,0.011,0.036,-1,Echolocation,/mnt/ubna_data_02_mir/recover-20220922/UBNA_001/20220921_090000.WAV,Telephone Field,recover-20220922,001,1795
1435.2895,1435.3281,68437,81887,Rhinolophus ferrumequinum,0.023,0.023,-1,Echolocation,/mnt/ubna_data_02_mir/recover-20220922/UBNA_001/20220921_090000.WAV,Telephone Field,recover-20220922,001,1795
1435.2955,1435.3363,68437,82658,Rhinolophus ferrumequinum,0.027,0.027,-1,Echolocation,/mnt/ubna_data_02_mir/recover-20220922/UBNA_001/20220921_090000.WAV,Telephone Field,recover-20220922,001,1795
1435.2975,1435.3044,27187,39503,Eptesicus serotinus,0.007,0.022,-1,Echolocation,/mnt/ubna_data_02_mir/recover-20220922/UBNA_001/20220921_090000.WAV,Telephone Field,recover-20220922,001,1795
1435.3135,1435.3496,68437,81888,Rhinolophus ferrumequinum,0.02,0.02,-1,Echolocation,/mnt/ubna_data_02_mir/recover-20220922/UBNA_001/20220921_090000.WAV,Telephone Field,recover-20220922,001,1795
1435.3845,1435.4242,68437,82691,Rhinolophus ferrumequinum,0.026,0.027,-1,Echolocation,/mnt/ubna_data_02_mir/recover-20220922/UBNA_001/20220921_090000.WAV,Telephone Field,recover-20220922,001,1795
1435.4145,1435.4523,68437,81511,Rhinolophus ferrumequinum,0.024,0.024,-1,Echolocation,/mnt/ubna_data_02_mir/recover-20220922/UBNA_001/20220921_090000.WAV,Telephone Field,recover-20220922,001,1795
1435.4575,1435.4985,68437,82766,Rhinolophus ferrumequinum,0.035,0.035,-1,Echolocation,/mnt/ubna_data_02_mir/recover-20220922/UBNA_001/20220921_090000.WAV,Telephone Field,recover-20220922,001,1795
1435.4605,1435.4725,22890,27845,Nyctalus leisleri,0.013,0.025,-1,Echolocation,/mnt/ubna_data_02_mir/recover-20220922/UBNA_001/20220921_090000.WAV,Telephone Field,recover-20220922,001,1795
1435.4755,1435.4832,28046,34654,Eptesicus serotinus,0.017,0.046,-1,Echolocation,/mnt/ubna_data_02_mir/recover-20220922/UBNA_001/20220921_090000.WAV,Telephone Field,recover-20220922,001,1795
1435.4795,1435.5193,68437,83296,Rhinolophus ferrumequinum,0.027,0.028,-1,Echolocation,/mnt/ubna_data_02_mir/recover-20220922/UBNA_001/20220921_090000.WAV,Telephone Field,recover-20220922,001,1795
1435.4995,1435.5373,68437,82199,Rhinolophus ferrumequinum,0.022,0.022,-1,Echolocation,/mnt/ubna_data_02_mir/recover-20220922/UBNA_001/20220921_090000.WAV,Telephone Field,recover-20220922,001,1795
1435.5255,1435.5621,68437,81745,Rhinolophus ferrumequinum,0.021,0.021,-1,Echolocation,/mnt/ubna_data_02_mir/recover-20220922/UBNA_001/20220921_090000.WAV,Telephone Field,recover-20220922,001,1795
1435.5425,1435.5822,68437,82274,Rhinolophus ferrumequinum,0.022,0.022,-1,Echolocation,/mnt/ubna_data_02_mir/recover-20220922/UBNA_001/20220921_090000.WAV,Telephone Field,recover-20220922,001,1795
1435.5495,1435.5651,31484,36342,Eptesicus serotinus,0.021,0.052,-1,Echolocation,/mnt/ubna_data_02_mir/recover-20220922/UBNA_001/20220921_090000.WAV,Telephone Field,recover-20220922,001,1795
1435.5625,1435.601,68437,82335,Rhinolophus ferrumequinum,0.025,0.025,-1,Echolocation,/mnt/ubna_data_02_mir/recover-20220922/UBNA_001/20220921_090000.WAV,Telephone Field,recover-20220922,001,1795
1435.5775,1435.6148,68437,82200,Rhinolophus ferrumequinum,0.023,0.023,-1,Echolocation,/mnt/ubna_data_02_mir/recover-20220922/UBNA_001/20220921_090000.WAV,Telephone Field,recover-20220922,001,1795
1435.5785,1435.5874,27187,38561,Eptesicus serotinus,0.008,0.021,-1,Echolocation,/mnt/ubna_data_02_mir/recover-20220922/UBNA_001/20220921_090000.WAV,Telephone Field,recover-20220922,001,1795
1435.5915,1435.6308,68437,81529,Rhinolophus ferrumequinum,0.021,0.021,-1,Echolocation,/mnt/ubna_data_02_mir/recover-20220922/UBNA_001/20220921_090000.WAV,Telephone Field,recover-20220922,001,1795
1435.6075,1435.6456,68437,81674,Rhinolophus ferrumequinum,0.021,0.021,-1,Echolocation,/mnt/ubna_data_02_mir/recover-20220922/UBNA_001/20220921_090000.WAV,Telephone Field,recover-20220922,001,1795
1435.6285,1435.6649,68437,82149,Rhinolophus ferrumequinum,0.021,0.021,-1,Echolocation,/mnt/ubna_data_02_mir/recover-20220922/UBNA_001/20220921_090000.WAV,Telephone Field,recover-20220922,001,1795
1435.6385,1435.6774,68437,82264,Rhinolophus ferrumequinum,0.022,0.022,-1,Echolocation,/mnt/ubna_data_02_mir/recover-20220922/UBNA_001/20220921_090000.WAV,Telephone Field,recover-20220922,001,1795
1435.6765,1435.6833,27187,40063,Eptesicus serotinus,0.005,0.021,-1,Echolocation,/mnt/ubna_data_02_mir/recover-20220922/UBNA_001/20220921_090000.WAV,Telephone Field,recover-20220922,001,1795
1435.6805,1435.7178,68437,81700,Rhinolophus ferrumequinum,0.022,0.022,-1,Echolocation,/mnt/ubna_data_02_mir/recover-20220922/UBNA_001/20220921_090000.WAV,Telephone Field,recover-20220922,001,1795
1435.6885,1435.7242,68437,81831,Rhinolophus ferrumequinum,0.025,0.025,-1,Echolocation,/mnt/ubna_data_02_mir/recover-20220922/UBNA_001/20220921_090000.WAV,Telephone Field,recover-20220922,001,1795
1435.7115,1435.7477,68437,81487,Rhinolophus ferrumequinum,0.021,0.021,-1,Echolocation,/mnt/ubna_data_02_mir/recover-20220922/UBNA_001/20220921_090000.WAV,Telephone Field,recover-20220922,001,1795
1435.7605,1435.8033,68437,82725,Rhinolophus ferrumequinum,0.041,0.041,-1,Echolocation,/mnt/ubna_data_02_mir/recover-20220922/UBNA_001/20220921_090000.WAV,Telephone Field,recover-20220922,001,1795
1435.8025,1435.843,68437,82542,Rhinolophus ferrumequinum,0.023,0.023,-1,Echolocation,/mnt/ubna_data_02_mir/recover-20220922/UBNA_001/20220921_090000.WAV,Telephone Field,recover-20220922,001,1795
1435.8095,1435.8494,68437,82883,Rhinolophus ferrumequinum,0.023,0.023,-1,Echolocation,/mnt/ubna_data_02_mir/recover-20220922/UBNA_001/20220921_090000.WAV,Telephone Field,recover-20220922,001,1795
1435.8345,1435.85,24609,30086,Nyctalus leisleri,0.018,0.044,-1,Echolocation,/mnt/ubna_data_02_mir/recover-20220922/UBNA_001/20220921_090000.WAV,Telephone Field,recover-20220922,001,1795
1435.8415,1435.8818,68437,82590,Rhinolophus ferrumequinum,0.025,0.025,-1,Echolocation,/mnt/ubna_data_02_mir/recover-20220922/UBNA_001/20220921_090000.WAV,Telephone Field,recover-20220922,001,1795
1435.9245,1435.9637,68437,82809,Rhinolophus ferrumequinum,0.027,0.027,-1,Echolocation,/mnt/ubna_data_02_mir/recover-20220922/UBNA_001/20220921_090000.WAV,Telephone Field,recover-20220922,001,1795
1435.9345,1435.9437,22890,29052,Plecotus austriacus,0.009,0.023,-1,Echolocation,/mnt/ubna_data_02_mir/recover-20220922/UBNA_001/20220921_090000.WAV,Telephone Field,recover-20220922,001,1795
1435.9545,1435.9947,68437,82411,Rhinolophus ferrumequinum,0.024,0.024,-1,Echolocation,/mnt/ubna_data_02_mir/recover-20220922/UBNA_001/20220921_090000.WAV,Telephone Field,recover-20220922,001,1795
1435.9805,1435.9877,26328,36543,Eptesicus serotinus,0.009,0.029,-1,Echolocation,/mnt/ubna_data_02_mir/recover-20220922/UBNA_001/20220921_090000.WAV,Telephone Field,recover-20220922,001,1795
1436.0015,1436.0104,22890,29229,Nyctalus leisleri,0.009,0.023,-1,Echolocation,/mnt/ubna_data_02_mir/recover-20220922/UBNA_001/20220921_090000.WAV,Telephone Field,recover-20220922,001,1795
1436.0015,1436.0337,69296,81206,Rhinolophus ferrumequinum,0.026,0.026,-1,Echolocation,/mnt/ubna_data_02_mir/recover-20220922/UBNA_001/20220921_090000.WAV,Telephone Field,recover-20220922,001,1795
1436.0015,1436.0091,48671,56192,Pipistrellus pipistrellus,0.017,0.023,-1,Echolocation,/mnt/ubna_data_02_mir/recover-20220922/UBNA_001/20220921_090000.WAV,Telephone Field,recover-20220922,001,1795
1436.0405,1436.0527,55546,60212,Pipistrellus pygmaeus,0.025,0.027,-1,Echolocation,/mnt/ubna_data_02_mir/recover-20220922/UBNA_001/20220921_090000.WAV,Telephone Field,recover-20220922,001,1795
1436.0705,1436.0786,26328,34843,Eptesicus serotinus,0.008,0.022,-1,Echolocation,/mnt/ubna_data_02_mir/recover-20220922/UBNA_001/20220921_090000.WAV,Telephone Field,recover-20220922,001,1795
1436.0705,1436.1101,68437,82639,Rhinolophus ferrumequinum,0.022,0.022,-1,Echolocation,/mnt/ubna_data_02_mir/recover-20220922/UBNA_001/20220921_090000.WAV,Telephone Field,recover-20220922,001,1795
1436.1365,1436.1734,68437,81469,Rhinolophus ferrumequinum,0.022,0.022,-1,Echolocation,/mnt/ubna_data_02_mir/recover-20220922/UBNA_001/20220921_090000.WAV,Telephone Field,recover-20220922,001,1795
1436.1745,1436.1852,28906,35793,Eptesicus serotinus,0.009,0.022,-1,Echolocation,/mnt/ubna_data_02_mir/recover-20220922/UBNA_001/20220921_090000.WAV,Telephone Field,recover-20220922,001,1795
1436.2065,1436.2462,68437,82514,Rhinolophus ferrumequinum,0.024,0.024,-1,Echolocation,/mnt/ubna_data_02_mir/recover-20220922/UBNA_001/20220921_090000.WAV,Telephone Field,recover-20220922,001,1795
1436.2255,1436.2651,68437,82408,Rhinolophus ferrumequinum,0.024,0.024,-1,Echolocation,/mnt/ubna_data_02_mir/recover-20220922/UBNA_001/20220921_090000.WAV,Telephone Field,recover-20220922,001,1795
1436.2845,1436.3252,68437,83037,Rhinolophus ferrumequinum,0.038,0.038,-1,Echolocation,/mnt/ubna_data_02_mir/recover-20220922/UBNA_001/20220921_090000.WAV,Telephone Field,recover-20220922,001,1795
1436.3145,1436.3267,14296,19235,Nyctalus noctula,0.015,0.024,-1,Echolocation,/mnt/ubna_data_02_mir/recover-20220922/UBNA_001/20220921_090000.WAV,Telephone Field,recover-20220922,001,1795
1436.3465,1436.3582,28046,34519,Eptesicus serotinus,0.013,0.027,-1,Echolocation,/mnt/ubna_data_02_mir/recover-20220922/UBNA_001/20220921_090000.WAV,Telephone Field,recover-20220922,001,1795
1436.3485,1436.3884,68437,81972,Rhinolophus ferrumequinum,0.023,0.023,-1,Echolocation,/mnt/ubna_data_02_mir/recover-20220922/UBNA_001/20220921_090000.WAV,Telephone Field,recover-20220922,001,1795
1436.3955,1436.414,22031,25087,Nyctalus leisleri,0.035,0.054,-1,Echolocation,/mnt/ubna_data_02_mir/recover-20220922/UBNA_001/20220921_090000.WAV,Telephone Field,recover-20220922,001,1795
1436.4195,1436.4617,68437,83471,Rhinolophus ferrumequinum,0.036,0.036,-1,Echolocation,/mnt/ubna_data_02_mir/recover-20220922/UBNA_001/20220921_090000.WAV,Telephone Field,recover-20220922,001,1795
1436.4225,1436.4322,28046,36085,Eptesicus serotinus,0.01,0.022,-1,Echolocation,/mnt/ubna_data_02_mir/recover-20220922/UBNA_001/20220921_090000.WAV,Telephone Field,recover-20220922,001,1795
1436.4585,1436.4973,68437,82174,Rhinolophus ferrumequinum,0.023,0.023,-1,Echolocation,/mnt/ubna_data_02_mir/recover-20220922/UBNA_001/20220921_090000.WAV,Telephone Field,recover-20220922,001,1795
1436.4995,1436.5426,68437,82907,Rhinolophus ferrumequinum,0.025,0.025,-1,Echolocation,/mnt/ubna_data_02_mir/recover-20220922/UBNA_001/20220921_090000.WAV,Telephone Field,recover-20220922,001,1795
1436.5015,1436.5173,22031,25521,Nyctalus leisleri,0.015,0.024,-1,Echolocation,/mnt/ubna_data_02_mir/recover-20220922/UBNA_001/20220921_090000.WAV,Telephone Field,recover-20220922,001,1795
1436.5285,1436.5365,22890,31123,Plecotus austriacus,0.01,0.026,-1,Echolocation,/mnt/ubna_data_02_mir/recover-20220922/UBNA_001/20220921_090000.WAV,Telephone Field,recover-20220922,001,1795
1436.5985,1436.6344,68437,81275,Rhinolophus ferrumequinum,0.022,0.022,-1,Echolocation,/mnt/ubna_data_02_mir/recover-20220922/UBNA_001/20220921_090000.WAV,Telephone Field,recover-20220922,001,1795
1436.6045,1436.6395,68437,81426,Rhinolophus ferrumequinum,0.022,0.022,-1,Echolocation,/mnt/ubna_data_02_mir/recover-20220922/UBNA_001/20220921_090000.WAV,Telephone Field,recover-20220922,001,1795
1436.6135,1436.6232,37500,42550,Pipistrellus nathusii,0.01,0.021,-1,Echolocation,/mnt/ubna_data_02_mir/recover-20220922/UBNA_001/20220921_090000.WAV,Telephone Field,recover-20220922,001,1795
1436.6325,1436.6695,68437,82047,Rhinolophus ferrumequinum,0.025,0.025,-1,Echolocation,/mnt/ubna_data_02_mir/recover-20220922/UBNA_001/20220921_090000.WAV,Telephone Field,recover-20220922,001,1795
1436.6345,1436.6431,28046,37509,Eptesicus serotinus,0.009,0.022,-1,Echolocation,/mnt/ubna_data_02_mir/recover-20220922/UBNA_001/20220921_090000.WAV,Telephone Field,recover-20220922,001,1795
1436.6635,1436.6727,33203,43144,Myotis daubentonii,0.007,0.027,-1,Echolocation,/mnt/ubna_data_02_mir/recover-20220922/UBNA_001/20220921_090000.WAV,Telephone Field,recover-20220922,001,1795
1436.6675,1436.702,68437,81148,Rhinolophus ferrumequinum,0.023,0.023,-1,Echolocation,/mnt/ubna_data_02_mir/recover-20220922/UBNA_001/20220921_090000.WAV,Telephone Field,recover-20220922,001,1795
1436.6995,1436.7351,68437,82002,Rhinolophus ferrumequinum,0.027,0.027,-1,Echolocation,/mnt/ubna_data_02_mir/recover-20220922/UBNA_001/20220921_090000.WAV,Telephone Field,recover-20220922,001,1795
1436.7295,1436.7706,68437,82703,Rhinolophus ferrumequinum,0.027,0.027,-1,Echolocation,/mnt/ubna_data_02_mir/recover-20220922/UBNA_001/20220921_090000.WAV,Telephone Field,recover-20220922,001,1795
1436.7315,1436.7397,28046,40608,Eptesicus serotinus,0.01,0.029,-1,Echolocation,/mnt/ubna_data_02_mir/recover-20220922/UBNA_001/20220921_090000.WAV,Telephone Field,recover-20220922,001,1795
1436.7715,1436.8115,68437,82287,Rhinolophus ferrumequinum,0.025,0.025,-1,Echolocation,/mnt/ubna_data_02_mir/recover-20220922/UBNA_001/20220921_090000.WAV,Telephone Field,recover-20220922,001,1795
1436.7915,1436.7991,26328,35605,Eptesicus serotinus,0.008,0.022,-1,Echolocation,/mnt/ubna_data_02_mir/recover-20220922/UBNA_001/20220921_090000.WAV,Telephone Field,recover-20220922,001,1795
1436.8075,1436.8502,68437,82532,Rhinolophus ferrumequinum,0.032,0.032,-1,Echolocation,/mnt/ubna_data_02_mir/recover-20220922/UBNA_001/20220921_090000.WAV,Telephone Field,recover-20220922,001,1795
1436.8365,1436.8768,68437,82487,Rhinolophus ferrumequinum,0.025,0.025,-1,Echolocation,/mnt/ubna_data_02_mir/recover-20220922/UBNA_001/20220921_090000.WAV,Telephone Field,recover-20220922,001,1795
1436.8385,1436.8466,27187,36874,Eptesicus serotinus,0.016,0.035,-1,Echolocation,/mnt/ubna_data_02_mir/recover-20220922/UBNA_001/20220921_090000.WAV,Telephone Field,recover-20220922,001,1795
1436.8565,1436.8921,68437,81197,Rhinolophus ferrumequinum,0.023,0.023,-1,Echolocation,/mnt/ubna_data_02_mir/recover-20220922/UBNA_001/20220921_090000.WAV,Telephone Field,recover-20220922,001,1795
1436.8615,1436.8701,23750,31315,Plecotus austriacus,0.006,0.022,-1,Echolocation,/mnt/ubna_data_02_mir/recover-20220922/UBNA_001/20220921_090000.WAV,Telephone Field,recover-20220922,001,1795
1436.9135,1436.9516,68437,81972,Rhinolophus ferrumequinum,0.022,0.022,-1,Echolocation,/mnt/ubna_data_02_mir/recover-20220922/UBNA_001/20220921_090000.WAV,Telephone Field,recover-20220922,001,1795
1436.9175,1436.9252,27187,41168,Eptesicus serotinus,0.008,0.022,-1,Echolocation,/mnt/ubna_data_02_mir/recover-20220922/UBNA_001/20220921_090000.WAV,Telephone Field,recover-20220922,001,1795
1436.9775,1436.9886,24609,30390,Nyctalus leisleri,0.014,0.031,-1,Echolocation,/mnt/ubna_data_02_mir/recover-20220922/UBNA_001/20220921_090000.WAV,Telephone Field,recover-20220922,001,1795
1436.9915,1437.0326,68437,83063,Rhinolophus ferrumequinum,0.031,0.031,-1,Echolocation,/mnt/ubna_data_02_mir/recover-20220922/UBNA_001/20220921_090000.WAV,Telephone Field,recover-20220922,001,1795
1437.0075,1437.0189,22890,27404,Nyctalus leisleri,0.01,0.021,-1,Echolocation,/mnt/ubna_data_02_mir/recover-20220922/UBNA_001/20220921_090000.WAV,Telephone Field,recover-20220922,001,1795
1437.0285,1437.0368,46093,49603,Pipistrellus pipistrellus,0.022,0.024,-1,Echolocation,/mnt/ubna_data_02_mir/recover-20220922/UBNA_001/20220921_090000.WAV,Telephone Field,recover-20220922,001,1795
1437.0315,1437.0729,68437,82989,Rhinolophus ferrumequinum,0.026,0.026,-1,Echolocation,/mnt/ubna_data_02_mir/recover-20220922/UBNA_001/20220921_090000.WAV,Telephone Field,recover-20220922,001,1795
1437.0515,1437.0937,68437,82976,Rhinolophus ferrumequinum,0.025,0.025,-1,Echolocation,/mnt/ubna_data_02_mir/recover-20220922/UBNA_001/20220921_090000.WAV,Telephone Field,recover-20220922,001,1795
1437.0815,1437.0892,28046,42761,Eptesicus serotinus,0.007,0.022,-1,Echolocation,/mnt/ubna_data_02_mir/recover-20220922/UBNA_001/20220921_090000.WAV,Telephone Field,recover-20220922,001,1795
1437.0965,1437.1047,28046,39120,Eptesicus serotinus,0.009,0.026,-1,Echolocation,/mnt/ubna_data_02_mir/recover-20220922/UBNA_001/20220921_090000.WAV,Telephone Field,recover-20220922,001,1795
1437.1135,1437.1525,68437,82509,Rhinolophus ferrumequinum,0.021,0.021,-1,Echolocation,/mnt/ubna_data_02_mir/recover-20220922/UBNA_001/20220921_090000.WAV,Telephone Field,recover-20220922,001,1795
1437.1375,1437.1775,68437,82557,Rhinolophus ferrumequinum,0.022,0.022,-1,Echolocation,/mnt/ubna_data_02_mir/recover-20220922/UBNA_001/20220921_090000.WAV,Telephone Field,recover-20220922,001,1795
1437.1415,1437.1488,46093,53036,Pipistrellus pipistrellus,0.017,0.022,-1,Echolocation,/mnt/ubna_data_02_mir/recover-20220922/UBNA_001/20220921_090000.WAV,Telephone Field,recover-20220922,001,1795
1437.2285,1437.2706,68437,83487,Rhinolophus ferrumequinum,0.03,0.03,-1,Echolocation,/mnt/ubna_data_02_mir/recover-20220922/UBNA_001/20220921_090000.WAV,Telephone Field,recover-20220922,001,1795
1437.2395,1437.2782,68437,82072,Rhinolophus ferrumequinum,0.023,0.023,-1,Echolocation,/mnt/ubna_data_02_mir/recover-20220922/UBNA_001/20220921_090000.WAV,Telephone Field,recover-20220922,001,1795
1437.2465,1437.2859,68437,82365,Rhinolophus ferrumequinum,0.023,0.023,-1,Echolocation,/mnt/ubna_data_02_mir/recover-20220922/UBNA_001/20220921_090000.WAV,Telephone Field,recover-20220922,001,1795
1437.2485,1437.2583,50390,56938,Pipistrellus pipistrellus,0.045,0.053,-1,Echolocation,/mnt/ubna_data_02_mir/recover-20220922/UBNA_001/20220921_090000.WAV,Telephone Field,recover-20220922,001,1795
1437.2825,1437.2923,24609,32023,Eptesicus serotinus,0.007,0.023,-1,Echolocation,/mnt/ubna_data_02_mir/recover-20220922/UBNA_001/20220921_090000.WAV,Telephone Field,recover-20220922,001,1795
1437.3085,1437.3135,36640,46604,Barbastellus barbastellus,0.01,0.035,-1,Echolocation,/mnt/ubna_data_02_mir/recover-20220922/UBNA_001/20220921_090000.WAV,Telephone Field,recover-20220922,001,1795
1437.3095,1437.3153,27187,45522,Plecotus auritus,0.006,0.025,-1,Echolocation,/mnt/ubna_data_02_mir/recover-20220922/UBNA_001/20220921_090000.WAV,Telephone Field,recover-20220922,001,1795
1437.3195,1437.3572,68437,81208,Rhinolophus ferrumequinum,0.022,0.022,-1,Echolocation,/mnt/ubna_data_02_mir/recover-20220922/UBNA_001/20220921_090000.WAV,Telephone Field,recover-20220922,001,1795
1437.3445,1437.3828,68437,82011,Rhinolophus ferrumequinum,0.022,0.022,-1,Echolocation,/mnt/ubna_data_02_mir/recover-20220922/UBNA_001/20220921_090000.WAV,Telephone Field,recover-20220922,001,1795
1437.3875,1437.398,23750,29323,Nyctalus leisleri,0.01,0.022,-1,Echolocation,/mnt/ubna_data_02_mir/recover-20220922/UBNA_001/20220921_090000.WAV,Telephone Field,recover-20220922,001,1795
1437.3995,1437.4396,68437,83216,Rhinolophus ferrumequinum,0.026,0.026,-1,Echolocation,/mnt/ubna_data_02_mir/recover-20220922/UBNA_001/20220921_090000.WAV,Telephone Field,recover-20220922,001,1795
1437.4145,1437.4524,68437,82359,Rhinolophus ferrumequinum,0.025,0.025,-1,Echolocation,/mnt/ubna_data_02_mir/recover-20220922/UBNA_001/20220921_090000.WAV,Telephone Field,recover-20220922,001,1795
1437.4215,1437.429,23750,33086,Plecotus austriacus,0.014,0.035,-1,Echolocation,/mnt/ubna_data_02_mir/recover-20220922/UBNA_001/20220921_090000.WAV,Telephone Field,recover-20220922,001,1795
1437.4725,1437.4857,28906,34481,Eptesicus serotinus,0.018,0.03,-1,Echolocation,/mnt/ubna_data_02_mir/recover-20220922/UBNA_001/20220921_090000.WAV,Telephone Field,recover-20220922,001,1795
1437.5245,1437.5317,22890,31761,Plecotus austriacus,0.014,0.028,-1,Echolocation,/mnt/ubna_data_02_mir/recover-20220922/UBNA_001/20220921_090000.WAV,Telephone Field,recover-20220922,001,1795
1437.5265,1437.5657,68437,81736,Rhinolophus ferrumequinum,0.024,0.024,-1,Echolocation,/mnt/ubna_data_02_mir/recover-20220922/UBNA_001/20220921_090000.WAV,Telephone Field,recover-20220922,001,1795
1437.5345,1437.5714,68437,80678,Rhinolophus ferrumequinum,0.022,0.022,-1,Echolocation,/mnt/ubna_data_02_mir/recover-20220922/UBNA_001/20220921_090000.WAV,Telephone Field,recover-20220922,001,1795
1437.5525,1437.5636,27187,34492,Eptesicus serotinus,0.011,0.022,-1,Echolocation,/mnt/ubna_data_02_mir/recover-20220922/UBNA_001/20220921_090000.WAV,Telephone Field,recover-20220922,001,1795
1437.5655,1437.6024,68437,81386,Rhinolophus ferrumequinum,0.022,0.022,-1,Echolocation,/mnt/ubna_data_02_mir/recover-20220922/UBNA_001/20220921_090000.WAV,Telephone Field,recover-20220922,001,1795
1437.5745,1437.5831,28046,39535,Eptesicus serotinus,0.01,0.025,-1,Echolocation,/mnt/ubna_data_02_mir/recover-20220922/UBNA_001/20220921_090000.WAV,Telephone Field,recover-20220922,001,1795
1437.5815,1437.5895,28906,37984,Eptesicus serotinus,0.007,0.021,-1,Echolocation,/mnt/ubna_data_02_mir/recover-20220922/UBNA_001/20220921_090000.WAV,Telephone Field,recover-20220922,001,1795
1437.6225,1437.6316,44375,50840,Pipistrellus pipistrellus,0.017,0.024,-1,Echolocation,/mnt/ubna_data_02_mir/recover-20220922/UBNA_001/20220921_090000.WAV,Telephone Field,recover-20220922,001,1795
1437.6495,1437.6599,22890,28999,Nyctalus leisleri,0.009,0.022,-1,Echolocation,/mnt/ubna_data_02_mir/recover-20220922/UBNA_001/20220921_090000.WAV,Telephone Field,recover-20220922,001,1795
1437.6705,1437.6784,27187,38931,Eptesicus serotinus,0.007,0.023,-1,Echolocation,/mnt/ubna_data_02_mir/recover-20220922/UBNA_001/20220921_090000.WAV,Telephone Field,recover-20220922,001,1795
1437.6925,1437.7006,28906,37471,Eptesicus serotinus,0.008,0.022,-1,Echolocation,/mnt/ubna_data_02_mir/recover-20220922/UBNA_001/20220921_090000.WAV,Telephone Field,recover-20220922,001,1795
1437.6965,1437.7352,68437,81842,Rhinolophus ferrumequinum,0.021,0.021,-1,Echolocation,/mnt/ubna_data_02_mir/recover-20220922/UBNA_001/20220921_090000.WAV,Telephone Field,recover-20220922,001,1795
1437.7565,1437.7656,24609,31436,Nyctalus leisleri,0.007,0.022,-1,Echolocation,/mnt/ubna_data_02_mir/recover-20220922/UBNA_001/20220921_090000.WAV,Telephone Field,recover-20220922,001,1795
1437.8025,1437.8403,68437,81969,Rhinolophus ferrumequinum,0.023,0.023,-1,Echolocation,/mnt/ubna_data_02_mir/recover-20220922/UBNA_001/20220921_090000.WAV,Telephone Field,recover-20220922,001,1795
1437.8305,1437.8661,68437,81437,Rhinolophus ferrumequinum,0.021,0.021,-1,Echolocation,/mnt/ubna_data_02_mir/recover-20220922/UBNA_001/20220921_090000.WAV,Telephone Field,recover-20220922,001,1795
1437.8555,1437.8935,68437,81812,Rhinolophus ferrumequinum,0.023,0.023,-1,Echolocation,/mnt/ubna_data_02_mir/recover-20220922/UBNA_001/20220921_090000.WAV,Telephone Field,recover-20220922,001,1795
1437.8795,1437.8917,56406,62007,Pipistrellus pygmaeus,0.021,0.021,-1,Echolocation,/mnt/ubna_data_02_mir/recover-20220922/UBNA_001/20220921_090000.WAV,Telephone Field,recover-20220922,001,1795
1437.8815,1437.8919,24609,30232,Nyctalus leisleri,0.011,0.029,-1,Echolocation,/mnt/ubna_data_02_mir/recover-20220922/UBNA_001/20220921_090000.WAV,Telephone Field,recover-20220922,001,1795
1437.9055,1437.9455,68437,81708,Rhinolophus ferrumequinum,0.025,0.025,-1,Echolocation,/mnt/ubna_data_02_mir/recover-20220922/UBNA_001/20220921_090000.WAV,Telephone Field,recover-20220922,001,1795
1437.9125,1437.9209,28046,38151,Eptesicus serotinus,0.007,0.021,-1,Echolocation,/mnt/ubna_data_02_mir/recover-20220922/UBNA_001/20220921_090000.WAV,Telephone Field,recover-20220922,001,1795
1437.9245,1437.9323,28046,38020,Eptesicus serotinus,0.008,0.024,-1,Echolocation,/mnt/ubna_data_02_mir/recover-20220922/UBNA_001/20220921_090000.WAV,Telephone Field,recover-20220922,001,1795
1437.9325,1437.9727,68437,82830,Rhinolophus ferrumequinum,0.023,0.023,-1,Echolocation,/mnt/ubna_data_02_mir/recover-20220922/UBNA_001/20220921_090000.WAV,Telephone Field,recover-20220922,001,1795
1437.9545,1437.9941,68437,82199,Rhinolophus ferrumequinum,0.024,0.024,-1,Echolocation,/mnt/ubna_data_02_mir/recover-20220922/UBNA_001/20220921_090000.WAV,Telephone Field,recover-20220922,001,1795
1437.9695,1437.9783,28046,37223,Eptesicus serotinus,0.008,0.021,-1,Echolocation,/mnt/ubna_data_02_mir/recover-20220922/UBNA_001/20220921_090000.WAV,Telephone Field,recover-20220922,001,1795
1437.9895,1437.9991,28046,37771,Eptesicus serotinus,0.009,0.023,-1,Echolocation,/mnt/ubna_data_02_mir/recover-20220922/UBNA_001/20220921_090000.WAV,Telephone Field,recover-20220922,001,1795
1438.0015,1438.0093,25468,35383,Nyctalus leisleri,0.005,0.023,-1,Echolocation,/mnt/ubna_data_02_mir/recover-20220922/UBNA_001/20220921_090000.WAV,Telephone Field,recover-20220922,001,1795
1438.0015,1438.0092,29765,38753,Myotis daubentonii,0.006,0.023,-1,Echolocation,/mnt/ubna_data_02_mir/recover-20220922/UBNA_001/20220921_090000.WAV,Telephone Field,recover-20220922,001,1795
1438.0015,1438.0354,68437,80610,Rhinolophus ferrumequinum,0.041,0.041,-1,Echolocation,/mnt/ubna_data_02_mir/recover-20220922/UBNA_001/20220921_090000.WAV,Telephone Field,recover-20220922,001,1795
1438.0985,1438.1358,68437,82094,Rhinolophus ferrumequinum,0.026,0.026,-1,Echolocation,/mnt/ubna_data_02_mir/recover-20220922/UBNA_001/20220921_090000.WAV,Telephone Field,recover-20220922,001,1795
1438.1095,1438.1203,24609,31177,Eptesicus serotinus,0.009,0.024,-1,Echolocation,/mnt/ubna_data_02_mir/recover-20220922/UBNA_001/20220921_090000.WAV,Telephone Field,recover-20220922,001,1795
1438.1125,1438.1473,68437,81271,Rhinolophus ferrumequinum,0.022,0.022,-1,Echolocation,/mnt/ubna_data_02_mir/recover-20220922/UBNA_001/20220921_090000.WAV,Telephone Field,recover-20220922,001,1795
1438.1215,1438.1296,28046,40735,Eptesicus serotinus,0.008,0.023,-1,Echolocation,/mnt/ubna_data_02_mir/recover-20220922/UBNA_001/20220921_090000.WAV,Telephone Field,recover-20220922,001,1795
1438.2785,1438.2852,27187,42290,Eptesicus serotinus,0.007,0.025,-1,Echolocation,/mnt/ubna_data_02_mir/recover-20220922/UBNA_001/20220921_090000.WAV,Telephone Field,recover-20220922,001,1795
1438.3365,1438.3427,46953,51059,Pipistrellus pipistrellus,0.022,0.023,-1,Echolocation,/mnt/ubna_data_02_mir/recover-20220922/UBNA_001/20220921_090000.WAV,Telephone Field,recover-20220922,001,1795
1438.3495,1438.3893,68437,82187,Rhinolophus ferrumequinum,0.023,0.023,-1,Echolocation,/mnt/ubna_data_02_mir/recover-20220922/UBNA_001/20220921_090000.WAV,Telephone Field,recover-20220922,001,1795
1438.3645,1438.405,68437,82538,Rhinolophus ferrumequinum,0.026,0.026,-1,Echolocation,/mnt/ubna_data_02_mir/recover-20220922/UBNA_001/20220921_090000.WAV,Telephone Field,recover-20220922,001,1795
1438.4135,1438.4518,68437,82699,Rhinolophus ferrumequinum,0.028,0.028,-1,Echolocation,/mnt/ubna_data_02_mir/recover-20220922/UBNA_001/20220921_090000.WAV,Telephone Field,recover-20220922,001,1795
1438.4405,1438.4779,68437,82176,Rhinolophus ferrumequinum,0.022,0.022,-1,Echolocation,/mnt/ubna_data_02_mir/recover-20220922/UBNA_001/20220921_090000.WAV,Telephone Field,recover-20220922,001,1795
1438.4605,1438.5001,68437,82391,Rhinolophus ferrumequinum,0.031,0.031,-1,Echolocation,/mnt/ubna_data_02_mir/recover-20220922/UBNA_001/20220921_090000.WAV,Telephone Field,recover-20220922,001,1795
1438.5245,1438.5664,68437,82709,Rhinolophus ferrumequinum,0.034,0.034,-1,Echolocation,/mnt/ubna_data_02_mir/recover-20220922/UBNA_001/20220921_090000.WAV,Telephone Field,recover-20220922,001,1795
1438.5435,1438.5528,27187,37537,Eptesicus serotinus,0.01,0.024,-1,Echolocation,/mnt/ubna_data_02_mir/recover-20220922/UBNA_001/20220921_090000.WAV,Telephone Field,recover-20220922,001,1795
1438.5495,1438.5919,68437,83851,Rhinolophus ferrumequinum,0.035,0.036,-1,Echolocation,/mnt/ubna_data_02_mir/recover-20220922/UBNA_001/20220921_090000.WAV,Telephone Field,recover-20220922,001,1795
1438.5505,1438.5601,28046,37372,Eptesicus serotinus,0.011,0.024,-1,Echolocation,/mnt/ubna_data_02_mir/recover-20220922/UBNA_001/20220921_090000.WAV,Telephone Field,recover-20220922,001,1795
1438.5845,1438.5954,22890,28119,Nyctalus leisleri,0.017,0.034,-1,Echolocation,/mnt/ubna_data_02_mir/recover-20220922/UBNA_001/20220921_090000.WAV,Telephone Field,recover-20220922,001,1795
1438.5975,1438.633,68437,82258,Rhinolophus ferrumequinum,0.026,0.026,-1,Echolocation,/mnt/ubna_data_02_mir/recover-20220922/UBNA_001/20220921_090000.WAV,Telephone Field,recover-20220922,001,1795
1438.6105,1438.6221,23750,30587,Eptesicus serotinus,0.027,0.071,-1,Echolocation,/mnt/ubna_data_02_mir/recover-20220922/UBNA_001/20220921_090000.WAV,Telephone Field,recover-20220922,001,1795
1438.6335,1438.6689,68437,81478,Rhinolophus ferrumequinum,0.023,0.024,-1,Echolocation,/mnt/ubna_data_02_mir/recover-20220922/UBNA_001/20220921_090000.WAV,Telephone Field,recover-20220922,001,1795
1438.6565,1438.6948,68437,81602,Rhinolophus ferrumequinum,0.031,0.031,-1,Echolocation,/mnt/ubna_data_02_mir/recover-20220922/UBNA_001/20220921_090000.WAV,Telephone Field,recover-20220922,001,1795
1438.6675,1438.6758,26328,34838,Eptesicus serotinus,0.009,0.022,-1,Echolocation,/mnt/ubna_data_02_mir/recover-20220922/UBNA_001/20220921_090000.WAV,Telephone Field,recover-20220922,001,1795
1438.6825,1438.6904,29765,41407,Myotis daubentonii,0.008,0.024,-1,Echolocation,/mnt/ubna_data_02_mir/recover-20220922/UBNA_001/20220921_090000.WAV,Telephone Field,recover-20220922,001,1795
1438.7065,1438.7463,68437,82429,Rhinolophus ferrumequinum,0.026,0.026,-1,Echolocation,/mnt/ubna_data_02_mir/recover-20220922/UBNA_001/20220921_090000.WAV,Telephone Field,recover-20220922,001,1795
1438.7185,1438.7562,68437,81636,Rhinolophus ferrumequinum,0.022,0.022,-1,Echolocation,/mnt/ubna_data_02_mir/recover-20220922/UBNA_001/20220921_090000.WAV,Telephone Field,recover-20220922,001,1795
1438.7395,1438.7777,68437,82216,Rhinolophus ferrumequinum,0.024,0.024,-1,Echolocation,/mnt/ubna_data_02_mir/recover-20220922/UBNA_001/20220921_090000.WAV,Telephone Field,recover-20220922,001,1795
1438.7445,1438.7547,30625,39125,Eptesicus serotinus,0.008,0.023,-1,Echolocation,/mnt/ubna_data_02_mir/recover-20220922/UBNA_001/20220921_090000.WAV,Telephone Field,recover-20220922,001,1795
1438.7615,1438.7709,23750,30836,Nyctalus leisleri,0.007,0.025,-1,Echolocation,/mnt/ubna_data_02_mir/recover-20220922/UBNA_001/20220921_090000.WAV,Telephone Field,recover-20220922,001,1795
1438.7785,1438.8212,68437,83764,Rhinolophus ferrumequinum,0.05,0.05,-1,Echolocation,/mnt/ubna_data_02_mir/recover-20220922/UBNA_001/20220921_090000.WAV,Telephone Field,recover-20220922,001,1795
1438.7915,1438.8033,22890,27728,Nyctalus leisleri,0.016,0.031,-1,Echolocation,/mnt/ubna_data_02_mir/recover-20220922/UBNA_001/20220921_090000.WAV,Telephone Field,recover-20220922,001,1795
1438.8035,1438.8116,27187,36356,Eptesicus serotinus,0.01,0.024,-1,Echolocation,/mnt/ubna_data_02_mir/recover-20220922/UBNA_001/20220921_090000.WAV,Telephone Field,recover-20220922,001,1795
1438.8335,1438.8683,68437,81244,Rhinolophus ferrumequinum,0.022,0.022,-1,Echolocation,/mnt/ubna_data_02_mir/recover-20220922/UBNA_001/20220921_090000.WAV,Telephone Field,recover-20220922,001,1795
1438.8355,1438.8442,27187,36428,Eptesicus serotinus,0.013,0.03,-1,Echolocation,/mnt/ubna_data_02_mir/recover-20220922/UBNA_001/20220921_090000.WAV,Telephone Field,recover-20220922,001,1795
1438.8595,1438.8995,68437,82535,Rhinolophus ferrumequinum,0.027,0.027,-1,Echolocation,/mnt/ubna_data_02_mir/recover-20220922/UBNA_001/20220921_090000.WAV,Telephone Field,recover-20220922,001,1795
1438.8785,1438.9194,68437,82734,Rhinolophus ferrumequinum,0.025,0.025,-1,Echolocation,/mnt/ubna_data_02_mir/recover-20220922/UBNA_001/20220921_090000.WAV,Telephone Field,recover-20220922,001,1795
1438.9045,1438.9109,25468,42007,Plecotus auritus,0.005,0.027,-1,Echolocation,/mnt/ubna_data_02_mir/recover-20220922/UBNA_001/20220921_090000.WAV,Telephone Field,recover-20220922,001,1795
1438.9075,1438.9453,68437,82175,Rhinolophus ferrumequinum,0.031,0.031,-1,Echolocation,/mnt/ubna_data_02_mir/recover-20220922/UBNA_001/20220921_090000.WAV,Telephone Field,recover-20220922,001,1795
1438.9145,1438.9217,47812,53149,Pipistrellus pipistrellus,0.023,0.025,-1,Echolocation,/mnt/ubna_data_02_mir/recover-20220922/UBNA_001/20220921_090000.WAV,Telephone Field,recover-20220922,001,1795
1438.9165,1438.9331,20312,23044,Nyctalus leisleri,0.016,0.025,-1,Echolocation,/mnt/ubna_data_02_mir/recover-20220922/UBNA_001/20220921_090000.WAV,Telephone Field,recover-20220922,001,1795
1438.9195,1438.9571,68437,82564,Rhinolophus ferrumequinum,0.03,0.03,-1,Echolocation,/mnt/ubna_data_02_mir/recover-20220922/UBNA_001/20220921_090000.WAV,Telephone Field,recover-20220922,001,1795
1438.9605,1438.9994,68437,82423,Rhinolophus ferrumequinum,0.023,0.024,-1,Echolocation,/mnt/ubna_data_02_mir/recover-20220922/UBNA_001/20220921_090000.WAV,Telephone Field,recover-20220922,001,1795
1438.9815,1439.0184,68437,81960,Rhinolophus ferrumequinum,0.023,0.023,-1,Echolocation,/mnt/ubna_data_02_mir/recover-20220922/UBNA_001/20220921_090000.WAV,Telephone Field,recover-20220922,001,1795
1438.9865,1439.0255,68437,82294,Rhinolophus ferrumequinum,0.023,0.023,-1,Echolocation,/mnt/ubna_data_02_mir/recover-20220922/UBNA_001/20220921_090000.WAV,Telephone Field,recover-20220922,001,1795
1439.0095,1439.0499,68437,82140,Rhinolophus ferrumequinum,0.025,0.025,-1,Echolocation,/mnt/ubna_data_02_mir/recover-20220922/UBNA_001/20220921_090000.WAV,Telephone Field,recover-20220922,001,1795
1439.0325,1439.0435,22890,29559,Nyctalus leisleri,0.012,0.031,-1,Echolocation,/mnt/ubna_data_02_mir/recover-20220922/UBNA_001/20220921_090000.WAV,Telephone Field,recover-20220922,001,1795
1439.0505,1439.0895,68437,82175,Rhinolophus ferrumequinum,0.022,0.022,-1,Echolocation,/mnt/ubna_data_02_mir/recover-20220922/UBNA_001/20220921_090000.WAV,Telephone Field,recover-20220922,001,1795
1439.0555,1439.0636,27187,39166,Eptesicus serotinus,0.009,0.025,-1,Echolocation,/mnt/ubna_data_02_mir/recover-20220922/UBNA_001/20220921_090000.WAV,Telephone Field,recover-20220922,001,1795
1439.0935,1439.1364,68437,83639,Rhinolophus ferrumequinum,0.053,0.053,-1,Echolocation,/mnt/ubna_data_02_mir/recover-20220922/UBNA_001/20220921_090000.WAV,Telephone Field,recover-20220922,001,1795
1439.0945,1439.1028,27187,37588,Eptesicus serotinus,0.01,0.027,-1,Echolocation,/mnt/ubna_data_02_mir/recover-20220922/UBNA_001/20220921_090000.WAV,Telephone Field,recover-20220922,001,1795
1439.1195,1439.1271,28906,37421,Eptesicus serotinus,0.015,0.033,-1,Echolocation,/mnt/ubna_data_02_mir/recover-20220922/UBNA_001/20220921_090000.WAV,Telephone Field,recover-20220922,001,1795
1439.1375,1439.174,68437,81964,Rhinolophus ferrumequinum,0.029,0.029,-1,Echolocation,/mnt/ubna_data_02_mir/recover-20220922/UBNA_001/20220921_090000.WAV,Telephone Field,recover-20220922,001,1795
1439.1585,1439.1967,68437,81881,Rhinolophus ferrumequinum,0.028,0.028,-1,Echolocation,/mnt/ubna_data_02_mir/recover-20220922/UBNA_001/20220921_090000.WAV,Telephone Field,recover-20220922,001,1795
1439.1835,1439.1913,23750,32957,Plecotus austriacus,0.011,0.028,-1,Echolocation,/mnt/ubna_data_02_mir/recover-20220922/UBNA_001/20220921_090000.WAV,Telephone Field,recover-20220922,001,1795
1439.2065,1439.2187,23750,29829,Nyctalus leisleri,0.009,0.023,-1,Echolocation,/mnt/ubna_data_02_mir/recover-20220922/UBNA_001/20220921_090000.WAV,Telephone Field,recover-20220922,001,1795
1439.2325,1439.2705,68437,82195,Rhinolophus ferrumequinum,0.027,0.027,-1,Echolocation,/mnt/ubna_data_02_mir/recover-20220922/UBNA_001/20220921_090000.WAV,Telephone Field,recover-20220922,001,1795
1439.2425,1439.2791,68437,81374,Rhinolophus ferrumequinum,0.022,0.022,-1,Echolocation,/mnt/ubna_data_02_mir/recover-20220922/UBNA_001/20220921_090000.WAV,Telephone Field,recover-20220922,001,1795
1439.2565,1439.2625,33203,45075,Myotis daubentonii,0.008,0.03,-1,Echolocation,/mnt/ubna_data_02_mir/recover-20220922/UBNA_001/20220921_090000.WAV,Telephone Field,recover-20220922,001,1795
1439.2565,1439.2631,27187,39714,Eptesicus serotinus,0.008,0.029,-1,Echolocation,/mnt/ubna_data_02_mir/recover-20220922/UBNA_001/20220921_090000.WAV,Telephone Field,recover-20220922,001,1795
1439.2705,1439.3108,68437,82849,Rhinolophus ferrumequinum,0.03,0.03,-1,Echolocation,/mnt/ubna_data_02_mir/recover-20220922/UBNA_001/20220921_090000.WAV,Telephone Field,recover-20220922,001,1795
1439.2925,1439.2998,26328,40515,Eptesicus serotinus,0.007,0.024,-1,Echolocation,/mnt/ubna_data_02_mir/recover-20220922/UBNA_001/20220921_090000.WAV,Telephone Field,recover-20220922,001,1795
1439.3125,1439.352,68437,82636,Rhinolophus ferrumequinum,0.023,0.023,-1,Echolocation,/mnt/ubna_data_02_mir/recover-20220922/UBNA_001/20220921_090000.WAV,Telephone Field,recover-20220922,001,1795
1439.3255,1439.3611,68437,81922,Rhinolophus ferrumequinum,0.023,0.023,-1,Echolocation,/mnt/ubna_data_02_mir/recover-20220922/UBNA_001/20220921_090000.WAV,Telephone Field,recover-20220922,001,1795
1439.3565,1439.3938,68437,82135,Rhinolophus ferrumequinum,0.024,0.024,-1,Echolocation,/mnt/ubna_data_02_mir/recover-20220922/UBNA_001/20220921_090000.WAV,Telephone Field,recover-20220922,001,1795
1439.3585,1439.3684,39218,45145,Pipistrellus nathusii,0.007,0.022,-1,Echolocation,/mnt/ubna_data_02_mir/recover-20220922/UBNA_001/20220921_090000.WAV,Telephone Field,recover-20220922,001,1795
1439.3855,1439.4244,68437,81499,Rhinolophus ferrumequinum,0.024,0.024,-1,Echolocation,/mnt/ubna_data_02_mir/recover-20220922/UBNA_001/20220921_090000.WAV,Telephone Field,recover-20220922,001,1795
1439.3925,1439.4302,68437,82264,Rhinolophus ferrumequinum,0.032,0.032,-1,Echolocation,/mnt/ubna_data_02_mir/recover-20220922/UBNA_001/20220921_090000.WAV,Telephone Field,recover-20220922,001,1795
1439.3925,1439.4008,26328,40132,Eptesicus serotinus,0.008,0.022,-1,Echolocation,/mnt/ubna_data_02_mir/recover-20220922/UBNA_001/20220921_090000.WAV,Telephone Field,recover-20220922,001,1795
1439.4145,1439.423,43515,48012,Pipistrellus pipistrellus,0.015,0.025,-1,Echolocation,/mnt/ubna_data_02_mir/recover-20220922/UBNA_001/20220921_090000.WAV,Telephone Field,recover-20220922,001,1795
1439.4195,1439.4267,28046,39370,Eptesicus serotinus,0.007,0.022,-1,Echolocation,/mnt/ubna_data_02_mir/recover-20220922/UBNA_001/20220921_090000.WAV,Telephone Field,recover-20220922,001,1795
1439.4355,1439.4747,68437,81823,Rhinolophus ferrumequinum,0.024,0.024,-1,Echolocation,/mnt/ubna_data_02_mir/recover-20220922/UBNA_001/20220921_090000.WAV,Telephone Field,recover-20220922,001,1795
1439.4725,1439.5111,68437,82307,Rhinolophus ferrumequinum,0.023,0.023,-1,Echolocation,/mnt/ubna_data_02_mir/recover-20220922/UBNA_001/20220921_090000.WAV,Telephone Field,recover-20220922,001,1795
1439.4955,1439.5371,68437,83005,Rhinolophus ferrumequinum,0.033,0.033,-1,Echolocation,/mnt/ubna_data_02_mir/recover-20220922/UBNA_001/20220921_090000.WAV,Telephone Field,recover-20220922,001,1795
1439.5045,1439.5433,68437,82356,Rhinolophus ferrumequinum,0.023,0.023,-1,Echolocation,/mnt/ubna_data_02_mir/recover-20220922/UBNA_001/20220921_090000.WAV,Telephone Field,recover-20220922,001,1795
1439.5285,1439.5671,68437,82255,Rhinolophus ferrumequinum,0.027,0.027,-1,Echolocation,/mnt/ubna_data_02_mir/recover-20220922/UBNA_001/20220921_090000.WAV,Telephone Field,recover-20220922,001,1795
1439.5315,1439.5403,27187,37509,Eptesicus serotinus,0.009,0.024,-1,Echolocation,/mnt/ubna_data_02_mir/recover-20220922/UBNA_001/20220921_090000.WAV,Telephone Field,recover-20220922,001,1795
1439.5495,1439.5868,68437,82614,Rhinolophus ferrumequinum,0.026,0.026,-1,Echolocation,/mnt/ubna_data_02_mir/recover-20220922/UBNA_001/20220921_090000.WAV,Telephone Field,recover-20220922,001,1795
1439.5655,1439.5723,23750,33076,Plecotus austriacus,0.01,0.025,-1,Echolocation,/mnt/ubna_data_02_mir/recover-20220922/UBNA_001/20220921_090000.WAV,Telephone Field,recover-20220922,001,1795
1439.5805,1439.6181,68437,82258,Rhinolophus ferrumequinum,0.029,0.029,-1,Echolocation,/mnt/ubna_data_02_mir/recover-20220922/UBNA_001/20220921_090000.WAV,Telephone Field,recover-20220922,001,1795
1439.6365,1439.678,68437,83173,Rhinolophus ferrumequinum,0.037,0.037,-1,Echolocation,/mnt/ubna_data_02_mir/recover-20220922/UBNA_001/20220921_090000.WAV,Telephone Field,recover-20220922,001,1795
1439.6575,1439.6631,24609,35708,Plecotus austriacus,0.01,0.028,-1,Echolocation,/mnt/ubna_data_02_mir/recover-20220922/UBNA_001/20220921_090000.WAV,Telephone Field,recover-20220922,001,1795
1439.6675,1439.7054,68437,81673,Rhinolophus ferrumequinum,0.033,0.033,-1,Echolocation,/mnt/ubna_data_02_mir/recover-20220922/UBNA_001/20220921_090000.WAV,Telephone Field,recover-20220922,001,1795
1439.6965,1439.7354,68437,82511,Rhinolophus ferrumequinum,0.03,0.03,-1,Echolocation,/mnt/ubna_data_02_mir/recover-20220922/UBNA_001/20220921_090000.WAV,Telephone Field,recover-20220922,001,1795
1439.7175,1439.7269000000001,28046,35590,Eptesicus serotinus,0.009,0.023,-1,Echolocation,/mnt/ubna_data_02_mir/recover-20220922/UBNA_001/20220921_090000.WAV,Telephone Field,recover-20220922,001,1795
1439.7495,1439.7584,26328,36284,Eptesicus serotinus,0.011,0.026,-1,Echolocation,/mnt/ubna_data_02_mir/recover-20220922/UBNA_001/20220921_090000.WAV,Telephone Field,recover-20220922,001,1795
1439.7505,1439.7924,68437,83056,Rhinolophus ferrumequinum,0.027,0.027,-1,Echolocation,/mnt/ubna_data_02_mir/recover-20220922/UBNA_001/20220921_090000.WAV,Telephone Field,recover-20220922,001,1795
1439.7595,1439.7981,68437,82987,Rhinolophus ferrumequinum,0.031,0.031,-1,Echolocation,/mnt/ubna_data_02_mir/recover-20220922/UBNA_001/20220921_090000.WAV,Telephone Field,recover-20220922,001,1795
1439.7665,1439.7736,36640,52214,Myotis brandtii,0.008,0.029,-1,Echolocation,/mnt/ubna_data_02_mir/recover-20220922/UBNA_001/20220921_090000.WAV,Telephone Field,recover-20220922,001,1795
1439.7895,1439.8291,68437,82151,Rhinolophus ferrumequinum,0.024,0.024,-1,Echolocation,/mnt/ubna_data_02_mir/recover-20220922/UBNA_001/20220921_090000.WAV,Telephone Field,recover-20220922,001,1795
1439.8085,1439.8283,19453,22043,Nyctalus leisleri,0.014,0.024,-1,Echolocation,/mnt/ubna_data_02_mir/recover-20220922/UBNA_001/20220921_090000.WAV,Telephone Field,recover-20220922,001,1795
1439.8155,1439.8533,68437,82405,Rhinolophus ferrumequinum,0.022,0.022,-1,Echolocation,/mnt/ubna_data_02_mir/recover-20220922/UBNA_001/20220921_090000.WAV,Telephone Field,recover-20220922,001,1795
1439.8415,1439.8492,27187,40801,Eptesicus serotinus,0.008,0.023,-1,Echolocation,/mnt/ubna_data_02_mir/recover-20220922/UBNA_001/20220921_090000.WAV,Telephone Field,recover-20220922,001,1795
1439.8595,1439.8674,28046,37765,Eptesicus serotinus,0.009,0.026,-1,Echolocation,/mnt/ubna_data_02_mir/recover-20220922/UBNA_001/20220921_090000.WAV,Telephone Field,recover-20220922,001,1795
1439.8915,1439.9331,68437,82892,Rhinolophus ferrumequinum,0.034,0.034,-1,Echolocation,/mnt/ubna_data_02_mir/recover-20220922/UBNA_001/20220921_090000.WAV,Telephone Field,recover-20220922,001,1795
1439.9005,1439.9113,28046,36054,Eptesicus serotinus,0.012,0.025,-1,Echolocation,/mnt/ubna_data_02_mir/recover-20220922/UBNA_001/20220921_090000.WAV,Telephone Field,recover-20220922,001,1795
1439.9435,1439.9495,23750,33732,Plecotus austriacus,0.01,0.026,-1,Echolocation,/mnt/ubna_data_02_mir/recover-20220922/UBNA_001/20220921_090000.WAV,Telephone Field,recover-20220922,001,1795
1439.9485,1439.9565,46093,51295,Pipistrellus pipistrellus,0.022,0.024,-1,Echolocation,/mnt/ubna_data_02_mir/recover-20220922/UBNA_001/20220921_090000.WAV,Telephone Field,recover-20220922,001,1795
1439.9805,1439.989,50390,58340,Pipistrellus pipistrellus,0.02,0.026,-1,Echolocation,/mnt/ubna_data_02_mir/recover-20220922/UBNA_001/20220921_090000.WAV,Telephone Field,recover-20220922,001,1795
1439.9805,1439.9945,28046,34169,Eptesicus serotinus,0.045,0.066,-1,Echolocation,/mnt/ubna_data_02_mir/recover-20220922/UBNA_001/20220921_090000.WAV,Telephone Field,recover-20220922,001,1795
1440.0015,1440.0101,23750,34116,Nyctalus leisleri,0.006,0.026,-1,Echolocation,/mnt/ubna_data_02_mir/recover-20220922/UBNA_001/20220921_090000.WAV,Telephone Field,recover-20220922,001,1795
1440.0015,1440.0341,68437,79677,Rhinolophus ferrumequinum,0.04,0.04,-1,Echolocation,/mnt/ubna_data_02_mir/recover-20220922/UBNA_001/20220921_090000.WAV,Telephone Field,recover-20220922,001,1795
1440.0035,1440.0099,30625,45632,Myotis daubentonii,0.015,0.027,-1,Echolocation,/mnt/ubna_data_02_mir/recover-20220922/UBNA_001/20220921_090000.WAV,Telephone Field,recover-20220922,001,1795
1440.0095,1440.0174,25468,33364,Eptesicus serotinus,0.008,0.023,-1,Echolocation,/mnt/ubna_data_02_mir/recover-20220922/UBNA_001/20220921_090000.WAV,Telephone Field,recover-20220922,001,1795
1440.0105,1440.0525,68437,82585,Rhinolophus ferrumequinum,0.026,0.027,-1,Echolocation,/mnt/ubna_data_02_mir/recover-20220922/UBNA_001/20220921_090000.WAV,Telephone Field,recover-20220922,001,1795
1440.0175,1440.0613,68437,83354,Rhinolophus ferrumequinum,0.033,0.033,-1,Echolocation,/mnt/ubna_data_02_mir/recover-20220922/UBNA_001/20220921_090000.WAV,Telephone Field,recover-20220922,001,1795
1440.0455,1440.0817,68437,81729,Rhinolophus ferrumequinum,0.023,0.023,-1,Echolocation,/mnt/ubna_data_02_mir/recover-20220922/UBNA_001/20220921_090000.WAV,Telephone Field,recover-20220922,001,1795
1440.0525,1440.0632,24609,31283,Nyctalus leisleri,0.009,0.024,-1,Echolocation,/mnt/ubna_data_02_mir/recover-20220922/UBNA_001/20220921_090000.WAV,Telephone Field,recover-20220922,001,1795
1440.0645,1440.0762,28046,34848,Eptesicus serotinus,0.015,0.03,-1,Echolocation,/mnt/ubna_data_02_mir/recover-20220922/UBNA_001/20220921_090000.WAV,Telephone Field,recover-20220922,001,1795
1440.0745,1440.0815,24609,33147,Plecotus austriacus,0.011,0.024,-1,Echolocation,/mnt/ubna_data_02_mir/recover-20220922/UBNA_001/20220921_090000.WAV,Telephone Field,recover-20220922,001,1795
1440.0825,1440.0893,48671,57413,Pipistrellus pipistrellus,0.022,0.025,-1,Echolocation,/mnt/ubna_data_02_mir/recover-20220922/UBNA_001/20220921_090000.WAV,Telephone Field,recover-20220922,001,1795
1440.0835,1440.1237,68437,82256,Rhinolophus ferrumequinum,0.023,0.023,-1,Echolocation,/mnt/ubna_data_02_mir/recover-20220922/UBNA_001/20220921_090000.WAV,Telephone Field,recover-20220922,001,1795
1440.1175,1440.1557,68437,82499,Rhinolophus ferrumequinum,0.022,0.022,-1,Echolocation,/mnt/ubna_data_02_mir/recover-20220922/UBNA_001/20220921_090000.WAV,Telephone Field,recover-20220922,001,1795
1440.1525,1440.195,68437,82961,Rhinolophus ferrumequinum,0.033,0.033,-1,Echolocation,/mnt/ubna_data_02_mir/recover-20220922/UBNA_001/20220921_090000.WAV,Telephone Field,recover-20220922,001,1795
1440.1905,1440.2,28046,37011,Eptesicus serotinus,0.009,0.023,-1,Echolocation,/mnt/ubna_data_02_mir/recover-20220922/UBNA_001/20220921_090000.WAV,Telephone Field,recover-20220922,001,1795
1440.1955,1440.2028,22890,30949,Plecotus austriacus,0.013,0.024,-1,Echolocation,/mnt/ubna_data_02_mir/recover-20220922/UBNA_001/20220921_090000.WAV,Telephone Field,recover-20220922,001,1795
1440.2465,1440.2562,28046,36705,Eptesicus serotinus,0.009,0.023,-1,Echolocation,/mnt/ubna_data_02_mir/recover-20220922/UBNA_001/20220921_090000.WAV,Telephone Field,recover-20220922,001,1795
1440.2785,1440.3185,68437,82506,Rhinolophus ferrumequinum,0.023,0.023,-1,Echolocation,/mnt/ubna_data_02_mir/recover-20220922/UBNA_001/20220921_090000.WAV,Telephone Field,recover-20220922,001,1795
1440.3255,1440.3654,68437,81903,Rhinolophus ferrumequinum,0.023,0.023,-1,Echolocation,/mnt/ubna_data_02_mir/recover-20220922/UBNA_001/20220921_090000.WAV,Telephone Field,recover-20220922,001,1795
1440.3315,1440.3401,23750,31696,Plecotus austriacus,0.01,0.027,-1,Echolocation,/mnt/ubna_data_02_mir/recover-20220922/UBNA_001/20220921_090000.WAV,Telephone Field,recover-20220922,001,1795
1440.3495,1440.392,68437,82956,Rhinolophus ferrumequinum,0.023,0.023,-1,Echolocation,/mnt/ubna_data_02_mir/recover-20220922/UBNA_001/20220921_090000.WAV,Telephone Field,recover-20220922,001,1795
1440.3525,1440.3619,28046,41631,Eptesicus serotinus,0.01,0.026,-1,Echolocation,/mnt/ubna_data_02_mir/recover-20220922/UBNA_001/20220921_090000.WAV,Telephone Field,recover-20220922,001,1795
1440.3775,1440.4173,68437,82508,Rhinolophus ferrumequinum,0.022,0.022,-1,Echolocation,/mnt/ubna_data_02_mir/recover-20220922/UBNA_001/20220921_090000.WAV,Telephone Field,recover-20220922,001,1795
1440.4025,1440.4438,68437,82994,Rhinolophus ferrumequinum,0.048,0.048,-1,Echolocation,/mnt/ubna_data_02_mir/recover-20220922/UBNA_001/20220921_090000.WAV,Telephone Field,recover-20220922,001,1795
1440.4235,1440.4324,28906,36913,Eptesicus serotinus,0.008,0.023,-1,Echolocation,/mnt/ubna_data_02_mir/recover-20220922/UBNA_001/20220921_090000.WAV,Telephone Field,recover-20220922,001,1795
1440.4245,1440.4327,15156,26612,Plecotus auritus,0.01,0.022,-1,Echolocation,/mnt/ubna_data_02_mir/recover-20220922/UBNA_001/20220921_090000.WAV,Telephone Field,recover-20220922,001,1795
1440.4245,1440.4317,23750,32448,Plecotus austriacus,0.009,0.022,-1,Echolocation,/mnt/ubna_data_02_mir/recover-20220922/UBNA_001/20220921_090000.WAV,Telephone Field,recover-20220922,001,1795
1440.4295,1440.4658,68437,82218,Rhinolophus ferrumequinum,0.024,0.024,-1,Echolocation,/mnt/ubna_data_02_mir/recover-20220922/UBNA_001/20220921_090000.WAV,Telephone Field,recover-20220922,001,1795
1440.4395,1440.4796,68437,82681,Rhinolophus ferrumequinum,0.023,0.023,-1,Echolocation,/mnt/ubna_data_02_mir/recover-20220922/UBNA_001/20220921_090000.WAV,Telephone Field,recover-20220922,001,1795
1440.4675,1440.505,68437,82208,Rhinolophus ferrumequinum,0.023,0.023,-1,Echolocation,/mnt/ubna_data_02_mir/recover-20220922/UBNA_001/20220921_090000.WAV,Telephone Field,recover-20220922,001,1795
1440.4745,1440.4839,26328,37292,Eptesicus serotinus,0.008,0.022,-1,Echolocation,/mnt/ubna_data_02_mir/recover-20220922/UBNA_001/20220921_090000.WAV,Telephone Field,recover-20220922,001,1795
1440.4955,1440.5358,68437,82603,Rhinolophus ferrumequinum,0.026,0.026,-1,Echolocation,/mnt/ubna_data_02_mir/recover-20220922/UBNA_001/20220921_090000.WAV,Telephone Field,recover-20220922,001,1795
1440.5035,1440.5091,28906,39141,Eptesicus serotinus,0.01,0.042,-1,Echolocation,/mnt/ubna_data_02_mir/recover-20220922/UBNA_001/20220921_090000.WAV,Telephone Field,recover-20220922,001,1795
1440.5135,1440.5524,68437,81827,Rhinolophus ferrumequinum,0.024,0.024,-1,Echolocation,/mnt/ubna_data_02_mir/recover-20220922/UBNA_001/20220921_090000.WAV,Telephone Field,recover-20220922,001,1795
1440.5185,1440.5305,22031,26185,Nyctalus leisleri,0.012,0.025,-1,Echolocation,/mnt/ubna_data_02_mir/recover-20220922/UBNA_001/20220921_090000.WAV,Telephone Field,recover-20220922,001,1795
1440.5195,1440.5589,68437,82611,Rhinolophus ferrumequinum,0.025,0.025,-1,Echolocation,/mnt/ubna_data_02_mir/recover-20220922/UBNA_001/20220921_090000.WAV,Telephone Field,recover-20220922,001,1795
1440.5345,1440.5755,68437,82507,Rhinolophus ferrumequinum,0.034,0.034,-1,Echolocation,/mnt/ubna_data_02_mir/recover-20220922/UBNA_001/20220921_090000.WAV,Telephone Field,recover-20220922,001,1795
1440.5595,1440.5966,68437,81848,Rhinolophus ferrumequinum,0.023,0.023,-1,Echolocation,/mnt/ubna_data_02_mir/recover-20220922/UBNA_001/20220921_090000.WAV,Telephone Field,recover-20220922,001,1795
1440.5895,1440.6292,68437,82344,Rhinolophus ferrumequinum,0.024,0.024,-1,Echolocation,/mnt/ubna_data_02_mir/recover-20220922/UBNA_001/20220921_090000.WAV,Telephone Field,recover-20220922,001,1795
1440.5955,1440.603,28906,37030,Eptesicus serotinus,0.007,0.023,-1,Echolocation,/mnt/ubna_data_02_mir/recover-20220922/UBNA_001/20220921_090000.WAV,Telephone Field,recover-20220922,001,1795
1440.5965,1440.604,24609,32897,Plecotus austriacus,0.008,0.023,-1,Echolocation,/mnt/ubna_data_02_mir/recover-20220922/UBNA_001/20220921_090000.WAV,Telephone Field,recover-20220922,001,1795
1440.6405,1440.6628,18593,21684,Nyctalus noctula,0.022,0.045,-1,Echolocation,/mnt/ubna_data_02_mir/recover-20220922/UBNA_001/20220921_090000.WAV,Telephone Field,recover-20220922,001,1795
1440.7255,1440.7647,68437,81832,Rhinolophus ferrumequinum,0.023,0.023,-1,Echolocation,/mnt/ubna_data_02_mir/recover-20220922/UBNA_001/20220921_090000.WAV,Telephone Field,recover-20220922,001,1795
1440.7275,1440.7402,21171,25462,Nyctalus leisleri,0.012,0.023,-1,Echolocation,/mnt/ubna_data_02_mir/recover-20220922/UBNA_001/20220921_090000.WAV,Telephone Field,recover-20220922,001,1795
1440.7465,1440.7537,28046,45237,Myotis daubentonii,0.009,0.032,-1,Echolocation,/mnt/ubna_data_02_mir/recover-20220922/UBNA_001/20220921_090000.WAV,Telephone Field,recover-20220922,001,1795
1440.7825,1440.79,28046,37451,Eptesicus serotinus,0.008,0.023,-1,Echolocation,/mnt/ubna_data_02_mir/recover-20220922/UBNA_001/20220921_090000.WAV,Telephone Field,recover-20220922,001,1795
1440.8265,1440.866,68437,82347,Rhinolophus ferrumequinum,0.025,0.025,-1,Echolocation,/mnt/ubna_data_02_mir/recover-20220922/UBNA_001/20220921_090000.WAV,Telephone Field,recover-20220922,001,1795
1440.8495,1440.8574,27187,38357,Eptesicus serotinus,0.007,0.022,-1,Echolocation,/mnt/ubna_data_02_mir/recover-20220922/UBNA_001/20220921_090000.WAV,Telephone Field,recover-20220922,001,1795
1440.8635,1440.8995,68437,81684,Rhinolophus ferrumequinum,0.023,0.023,-1,Echolocation,/mnt/ubna_data_02_mir/recover-20220922/UBNA_001/20220921_090000.WAV,Telephone Field,recover-20220922,001,1795
1440.9045,1440.9109,24609,34925,Plecotus austriacus,0.013,0.031,-1,Echolocation,/mnt/ubna_data_02_mir/recover-20220922/UBNA_001/20220921_090000.WAV,Telephone Field,recover-20220922,001,1795
1440.9335,1440.974,68437,82643,Rhinolophus ferrumequinum,0.026,0.026,-1,Echolocation,/mnt/ubna_data_02_mir/recover-20220922/UBNA_001/20220921_090000.WAV,Telephone Field,recover-20220922,001,1795
1440.9375,1440.9491,28046,34160,Eptesicus serotinus,0.023,0.047,-1,Echolocation,/mnt/ubna_data_02_mir/recover-20220922/UBNA_001/20220921_090000.WAV,Telephone Field,recover-20220922,001,1795
1440.9655,1440.9736,24609,33556,Plecotus austriacus,0.006,0.023,-1,Echolocation,/mnt/ubna_data_02_mir/recover-20220922/UBNA_001/20220921_090000.WAV,Telephone Field,recover-20220922,001,1795
1440.9815,1441.019,68437,82077,Rhinolophus ferrumequinum,0.023,0.023,-1,Echolocation,/mnt/ubna_data_02_mir/recover-20220922/UBNA_001/20220921_090000.WAV,Telephone Field,recover-20220922,001,1795
1440.9825,1440.993,28046,35888,Eptesicus serotinus,0.011,0.024,-1,Echolocation,/mnt/ubna_data_02_mir/recover-20220922/UBNA_001/20220921_090000.WAV,Telephone Field,recover-20220922,001,1795
1441.0065,1441.0428,68437,81539,Rhinolophus ferrumequinum,0.024,0.024,-1,Echolocation,/mnt/ubna_data_02_mir/recover-20220922/UBNA_001/20220921_090000.WAV,Telephone Field,recover-20220922,001,1795
1441.0145,1441.0242,27187,36424,Eptesicus serotinus,0.012,0.027,-1,Echolocation,/mnt/ubna_data_02_mir/recover-20220922/UBNA_001/20220921_090000.WAV,Telephone Field,recover-20220922,001,1795
1441.0585,1441.0959,68437,80366,Rhinolophus ferrumequinum,0.037,0.038,-1,Echolocation,/mnt/ubna_data_02_mir/recover-20220922/UBNA_001/20220921_090000.WAV,Telephone Field,recover-20220922,001,1795
1441.0815,1441.0907,22031,28817,Plecotus austriacus,0.01,0.024,-1,Echolocation,/mnt/ubna_data_02_mir/recover-20220922/UBNA_001/20220921_090000.WAV,Telephone Field,recover-20220922,001,1795
1441.0815,1441.0907,28046,37451,Eptesicus serotinus,0.01,0.026,-1,Echolocation,/mnt/ubna_data_02_mir/recover-20220922/UBNA_001/20220921_090000.WAV,Telephone Field,recover-20220922,001,1795
1441.0925,1441.1308,68437,82044,Rhinolophus ferrumequinum,0.024,0.024,-1,Echolocation,/mnt/ubna_data_02_mir/recover-20220922/UBNA_001/20220921_090000.WAV,Telephone Field,recover-20220922,001,1795
1441.1035,1441.1425,68437,82459,Rhinolophus ferrumequinum,0.022,0.023,-1,Echolocation,/mnt/ubna_data_02_mir/recover-20220922/UBNA_001/20220921_090000.WAV,Telephone Field,recover-20220922,001,1795
1441.1165,1441.1516,68437,81848,Rhinolophus ferrumequinum,0.023,0.023,-1,Echolocation,/mnt/ubna_data_02_mir/recover-20220922/UBNA_001/20220921_090000.WAV,Telephone Field,recover-20220922,001,1795
1441.1735,1441.1815,27187,39289,Eptesicus serotinus,0.007,0.023,-1,Echolocation,/mnt/ubna_data_02_mir/recover-20220922/UBNA_001/20220921_090000.WAV,Telephone Field,recover-20220922,001,1795
1441.1905,1441.1997,25468,34717,Eptesicus serotinus,0.01,0.025,-1,Echolocation,/mnt/ubna_data_02_mir/recover-20220922/UBNA_001/20220921_090000.WAV,Telephone Field,recover-20220922,001,1795
1441.1935,1441.2355,68437,83110,Rhinolophus ferrumequinum,0.043,0.043,-1,Echolocation,/mnt/ubna_data_02_mir/recover-20220922/UBNA_001/20220921_090000.WAV,Telephone Field,recover-20220922,001,1795
1441.2085,1441.22,22031,25826,Nyctalus leisleri,0.013,0.022,-1,Echolocation,/mnt/ubna_data_02_mir/recover-20220922/UBNA_001/20220921_090000.WAV,Telephone Field,recover-20220922,001,1795
1441.2305,1441.2652,68437,80827,Rhinolophus ferrumequinum,0.024,0.024,-1,Echolocation,/mnt/ubna_data_02_mir/recover-20220922/UBNA_001/20220921_090000.WAV,Telephone Field,recover-20220922,001,1795
1441.2465,1441.286,68437,82346,Rhinolophus ferrumequinum,0.023,0.023,-1,Echolocation,/mnt/ubna_data_02_mir/recover-20220922/UBNA_001/20220921_090000.WAV,Telephone Field,recover-20220922,001,1795
1441.2525,1441.2632,24609,32059,Nyctalus leisleri,0.008,0.024,-1,Echolocation,/mnt/ubna_data_02_mir/recover-20220922/UBNA_001/20220921_090000.WAV,Telephone Field,recover-20220922,001,1795
1441.2595,1441.2969,68437,82329,Rhinolophus ferrumequinum,0.023,0.023,-1,Echolocation,/mnt/ubna_data_02_mir/recover-20220922/UBNA_001/20220921_090000.WAV,Telephone Field,recover-20220922,001,1795
1441.2615,1441.2685,28046,39763,Eptesicus serotinus,0.006,0.029,-1,Echolocation,/mnt/ubna_data_02_mir/recover-20220922/UBNA_001/20220921_090000.WAV,Telephone Field,recover-20220922,001,1795
1441.2725,1441.3112,68437,82274,Rhinolophus ferrumequinum,0.022,0.022,-1,Echolocation,/mnt/ubna_data_02_mir/recover-20220922/UBNA_001/20220921_090000.WAV,Telephone Field,recover-20220922,001,1795
1441.2785,1441.2859,29765,41556,Myotis daubentonii,0.009,0.023,-1,Echolocation,/mnt/ubna_data_02_mir/recover-20220922/UBNA_001/20220921_090000.WAV,Telephone Field,recover-20220922,001,1795
1441.2955,1441.3034,25468,35209,Eptesicus serotinus,0.007,0.024,-1,Echolocation,/mnt/ubna_data_02_mir/recover-20220922/UBNA_001/20220921_090000.WAV,Telephone Field,recover-20220922,001,1795
1441.3515,1441.392,68437,82789,Rhinolophus ferrumequinum,0.041,0.041,-1,Echolocation,/mnt/ubna_data_02_mir/recover-20220922/UBNA_001/20220921_090000.WAV,Telephone Field,recover-20220922,001,1795
1441.3945,1441.4314,68437,81686,Rhinolophus ferrumequinum,0.023,0.023,-1,Echolocation,/mnt/ubna_data_02_mir/recover-20220922/UBNA_001/20220921_090000.WAV,Telephone Field,recover-20220922,001,1795
1441.4155,1441.4522,68437,81980,Rhinolophus ferrumequinum,0.026,0.026,-1,Echolocation,/mnt/ubna_data_02_mir/recover-20220922/UBNA_001/20220921_090000.WAV,Telephone Field,recover-20220922,001,1795
1441.4385,1441.4457,28046,44321,Eptesicus serotinus,0.008,0.025,-1,Echolocation,/mnt/ubna_data_02_mir/recover-20220922/UBNA_001/20220921_090000.WAV,Telephone Field,recover-20220922,001,1795
1441.4815,1441.5248,68437,83045,Rhinolophus ferrumequinum,0.05,0.05,-1,Echolocation,/mnt/ubna_data_02_mir/recover-20220922/UBNA_001/20220921_090000.WAV,Telephone Field,recover-20220922,001,1795
1441.5115,1441.5485,68437,81876,Rhinolophus ferrumequinum,0.022,0.023,-1,Echolocation,/mnt/ubna_data_02_mir/recover-20220922/UBNA_001/20220921_090000.WAV,Telephone Field,recover-20220922,001,1795
1441.5235,1441.5643,68437,82546,Rhinolophus ferrumequinum,0.026,0.026,-1,Echolocation,/mnt/ubna_data_02_mir/recover-20220922/UBNA_001/20220921_090000.WAV,Telephone Field,recover-20220922,001,1795
1441.5595,1441.5657,28046,38431,Eptesicus serotinus,0.007,0.029,-1,Echolocation,/mnt/ubna_data_02_mir/recover-20220922/UBNA_001/20220921_090000.WAV,Telephone Field,recover-20220922,001,1795
1441.5705,1441.6073,68437,81443,Rhinolophus ferrumequinum,0.033,0.033,-1,Echolocation,/mnt/ubna_data_02_mir/recover-20220922/UBNA_001/20220921_090000.WAV,Telephone Field,recover-20220922,001,1795
1441.5905,1441.6287,68437,81938,Rhinolophus ferrumequinum,0.023,0.023,-1,Echolocation,/mnt/ubna_data_02_mir/recover-20220922/UBNA_001/20220921_090000.WAV,Telephone Field,recover-20220922,001,1795
1441.5955,1441.606,22031,26911,Nyctalus leisleri,0.011,0.023,-1,Echolocation,/mnt/ubna_data_02_mir/recover-20220922/UBNA_001/20220921_090000.WAV,Telephone Field,recover-20220922,001,1795
1441.5985,1441.6062,28046,37664,Eptesicus serotinus,0.007,0.023,-1,Echolocation,/mnt/ubna_data_02_mir/recover-20220922/UBNA_001/20220921_090000.WAV,Telephone Field,recover-20220922,001,1795
1441.6315,1441.6443,15156,20276,Nyctalus noctula,0.018,0.029,-1,Echolocation,/mnt/ubna_data_02_mir/recover-20220922/UBNA_001/20220921_090000.WAV,Telephone Field,recover-20220922,001,1795
1441.6395,1441.6759,68437,81850,Rhinolophus ferrumequinum,0.023,0.023,-1,Echolocation,/mnt/ubna_data_02_mir/recover-20220922/UBNA_001/20220921_090000.WAV,Telephone Field,recover-20220922,001,1795
1441.6435,1441.6508,28046,38249,Eptesicus serotinus,0.007,0.024,-1,Echolocation,/mnt/ubna_data_02_mir/recover-20220922/UBNA_001/20220921_090000.WAV,Telephone Field,recover-20220922,001,1795
1441.6975,1441.7094,23750,28888,Nyctalus leisleri,0.013,0.026,-1,Echolocation,/mnt/ubna_data_02_mir/recover-20220922/UBNA_001/20220921_090000.WAV,Telephone Field,recover-20220922,001,1795
1441.7235,1441.765,68437,82638,Rhinolophus ferrumequinum,0.033,0.033,-1,Echolocation,/mnt/ubna_data_02_mir/recover-20220922/UBNA_001/20220921_090000.WAV,Telephone Field,recover-20220922,001,1795
1441.7495,1441.7608,23750,29240,Nyctalus leisleri,0.014,0.028,-1,Echolocation,/mnt/ubna_data_02_mir/recover-20220922/UBNA_001/20220921_090000.WAV,Telephone Field,recover-20220922,001,1795
1441.7645,1441.7723,27187,38016,Eptesicus serotinus,0.006,0.023,-1,Echolocation,/mnt/ubna_data_02_mir/recover-20220922/UBNA_001/20220921_090000.WAV,Telephone Field,recover-20220922,001,1795
1441.7765,1441.8124,68437,81035,Rhinolophus ferrumequinum,0.024,0.024,-1,Echolocation,/mnt/ubna_data_02_mir/recover-20220922/UBNA_001/20220921_090000.WAV,Telephone Field,recover-20220922,001,1795
1441.7795,1441.7862,48671,57775,Pipistrellus pipistrellus,0.039,0.045,-1,Echolocation,/mnt/ubna_data_02_mir/recover-20220922/UBNA_001/20220921_090000.WAV,Telephone Field,recover-20220922,001,1795
1441.7915,1441.8343,68437,83421,Rhinolophus ferrumequinum,0.03,0.03,-1,Echolocation,/mnt/ubna_data_02_mir/recover-20220922/UBNA_001/20220921_090000.WAV,Telephone Field,recover-20220922,001,1795
1441.8275,1441.8661,68437,82821,Rhinolophus ferrumequinum,0.022,0.022,-1,Echolocation,/mnt/ubna_data_02_mir/recover-20220922/UBNA_001/20220921_090000.WAV,Telephone Field,recover-20220922,001,1795
1441.8845,1441.8914,28046,39305,Eptesicus serotinus,0.006,0.025,-1,Echolocation,/mnt/ubna_data_02_mir/recover-20220922/UBNA_001/20220921_090000.WAV,Telephone Field,recover-20220922,001,1795
1441.9185,1441.9565,68437,81983,Rhinolophus ferrumequinum,0.024,0.025,-1,Echolocation,/mnt/ubna_data_02_mir/recover-20220922/UBNA_001/20220921_090000.WAV,Telephone Field,recover-20220922,001,1795
1441.9445,1441.9541,23750,30958,Nyctalus leisleri,0.008,0.023,-1,Echolocation,/mnt/ubna_data_02_mir/recover-20220922/UBNA_001/20220921_090000.WAV,Telephone Field,recover-20220922,001,1795
1441.9595,1441.9686,26328,33650,Eptesicus serotinus,0.142,0.305,-1,Echolocation,/mnt/ubna_data_02_mir/recover-20220922/UBNA_001/20220921_090000.WAV,Telephone Field,recover-20220922,001,1795
1441.9745,1441.9829,28046,36964,Eptesicus serotinus,0.009,0.026,-1,Echolocation,/mnt/ubna_data_02_mir/recover-20220922/UBNA_001/20220921_090000.WAV,Telephone Field,recover-20220922,001,1795
1442.0015,1442.0366,68437,79744,Rhinolophus ferrumequinum,0.09,0.091,-1,Echolocation,/mnt/ubna_data_02_mir/recover-20220922/UBNA_001/20220921_090000.WAV,Telephone Field,recover-20220922,001,1795
1442.0015,1442.0138,19453,24809,Nyctalus noctula,0.013,0.034,-1,Echolocation,/mnt/ubna_data_02_mir/recover-20220922/UBNA_001/20220921_090000.WAV,Telephone Field,recover-20220922,001,1795
1442.0015,1442.0101,23750,30005,Nyctalus leisleri,0.013,0.035,-1,Echolocation,/mnt/ubna_data_02_mir/recover-20220922/UBNA_001/20220921_090000.WAV,Telephone Field,recover-20220922,001,1795
1442.0075,1442.0502,68437,82761,Rhinolophus ferrumequinum,0.048,0.048,-1,Echolocation,/mnt/ubna_data_02_mir/recover-20220922/UBNA_001/20220921_090000.WAV,Telephone Field,recover-20220922,001,1795
1442.0395,1442.049,28906,37033,Eptesicus serotinus,0.009,0.023,-1,Echolocation,/mnt/ubna_data_02_mir/recover-20220922/UBNA_001/20220921_090000.WAV,Telephone Field,recover-20220922,001,1795
1442.0625,1442.1015,68437,82345,Rhinolophus ferrumequinum,0.025,0.025,-1,Echolocation,/mnt/ubna_data_02_mir/recover-20220922/UBNA_001/20220921_090000.WAV,Telephone Field,recover-20220922,001,1795
1442.1045,1442.1148,23750,31539,Eptesicus serotinus,0.01,0.033,-1,Echolocation,/mnt/ubna_data_02_mir/recover-20220922/UBNA_001/20220921_090000.WAV,Telephone Field,recover-20220922,001,1795
1442.1265,1442.1649,68437,81876,Rhinolophus ferrumequinum,0.022,0.022,-1,Echolocation,/mnt/ubna_data_02_mir/recover-20220922/UBNA_001/20220921_090000.WAV,Telephone Field,recover-20220922,001,1795
1442.1315,1442.1384,28046,40020,Eptesicus serotinus,0.007,0.025,-1,Echolocation,/mnt/ubna_data_02_mir/recover-20220922/UBNA_001/20220921_090000.WAV,Telephone Field,recover-20220922,001,1795
1442.1785,1442.1879,24609,32218,Nyctalus leisleri,0.007,0.023,-1,Echolocation,/mnt/ubna_data_02_mir/recover-20220922/UBNA_001/20220921_090000.WAV,Telephone Field,recover-20220922,001,1795
1442.1865,1442.1986,22890,27337,Nyctalus leisleri,0.013,0.024,-1,Echolocation,/mnt/ubna_data_02_mir/recover-20220922/UBNA_001/20220921_090000.WAV,Telephone Field,recover-20220922,001,1795
1442.1905,1442.2349,68437,83303,Rhinolophus ferrumequinum,0.034,0.034,-1,Echolocation,/mnt/ubna_data_02_mir/recover-20220922/UBNA_001/20220921_090000.WAV,Telephone Field,recover-20220922,001,1795
1442.1995,1442.207,28046,41469,Eptesicus serotinus,0.007,0.022,-1,Echolocation,/mnt/ubna_data_02_mir/recover-20220922/UBNA_001/20220921_090000.WAV,Telephone Field,recover-20220922,001,1795
1442.2115,1442.2539,68437,82607,Rhinolophus ferrumequinum,0.027,0.027,-1,Echolocation,/mnt/ubna_data_02_mir/recover-20220922/UBNA_001/20220921_090000.WAV,Telephone Field,recover-20220922,001,1795
1442.2365,1442.2505,51250,55096,Pipistrellus pygmaeus,0.019,0.025,-1,Echolocation,/mnt/ubna_data_02_mir/recover-20220922/UBNA_001/20220921_090000.WAV,Telephone Field,recover-20220922,001,1795
1442.2435,1442.2518,24609,32753,Plecotus austriacus,0.01,0.029,-1,Echolocation,/mnt/ubna_data_02_mir/recover-20220922/UBNA_001/20220921_090000.WAV,Telephone Field,recover-20220922,001,1795
1442.2715,1442.3102,68437,81773,Rhinolophus ferrumequinum,0.022,0.022,-1,Echolocation,/mnt/ubna_data_02_mir/recover-20220922/UBNA_001/20220921_090000.WAV,Telephone Field,recover-20220922,001,1795
1442.2795,1442.3197,68437,81955,Rhinolophus ferrumequinum,0.023,0.023,-1,Echolocation,/mnt/ubna_data_02_mir/recover-20220922/UBNA_001/20220921_090000.WAV,Telephone Field,recover-20220922,001,1795
1442.2825,1442.2899,27187,40082,Eptesicus serotinus,0.007,0.021,-1,Echolocation,/mnt/ubna_data_02_mir/recover-20220922/UBNA_001/20220921_090000.WAV,Telephone Field,recover-20220922,001,1795
1442.3005,1442.3086,26328,35341,Eptesicus serotinus,0.009,0.023,-1,Echolocation,/mnt/ubna_data_02_mir/recover-20220922/UBNA_001/20220921_090000.WAV,Telephone Field,recover-20220922,001,1795
1442.3445,1442.3544,44375,53282,Pipistrellus pipistrellus,0.016,0.024,-1,Echolocation,/mnt/ubna_data_02_mir/recover-20220922/UBNA_001/20220921_090000.WAV,Telephone Field,recover-20220922,001,1795
1442.3515,1442.3599,28046,39303,Eptesicus serotinus,0.008,0.021,-1,Echolocation,/mnt/ubna_data_02_mir/recover-20220922/UBNA_001/20220921_090000.WAV,Telephone Field,recover-20220922,001,1795
1442.3705,1442.414,68437,82804,Rhinolophus ferrumequinum,0.038,0.038,-1,Echolocation,/mnt/ubna_data_02_mir/recover-20220922/UBNA_001/20220921_090000.WAV,Telephone Field,recover-20220922,001,1795
1442.4175,1442.4247,28046,40745,Eptesicus serotinus,0.008,0.03,-1,Echolocation,/mnt/ubna_data_02_mir/recover-20220922/UBNA_001/20220921_090000.WAV,Telephone Field,recover-20220922,001,1795
1442.4335,1442.4721,68437,81132,Rhinolophus ferrumequinum,0.025,0.025,-1,Echolocation,/mnt/ubna_data_02_mir/recover-20220922/UBNA_001/20220921_090000.WAV,Telephone Field,recover-20220922,001,1795
1442.4645,1442.5046,68437,82630,Rhinolophus ferrumequinum,0.039,0.039,-1,Echolocation,/mnt/ubna_data_02_mir/recover-20220922/UBNA_001/20220921_090000.WAV,Telephone Field,recover-20220922,001,1795
1442.4725,1442.4822,27187,35621,Eptesicus serotinus,0.011,0.025,-1,Echolocation,/mnt/ubna_data_02_mir/recover-20220922/UBNA_001/20220921_090000.WAV,Telephone Field,recover-20220922,001,1795
1442.4935,1442.5387,68437,83229,Rhinolophus ferrumequinum,0.035,0.035,-1,Echolocation,/mnt/ubna_data_02_mir/recover-20220922/UBNA_001/20220921_090000.WAV,Telephone Field,recover-20220922,001,1795
1442.5135,1442.5535,68437,82220,Rhinolophus ferrumequinum,0.023,0.023,-1,Echolocation,/mnt/ubna_data_02_mir/recover-20220922/UBNA_001/20220921_090000.WAV,Telephone Field,recover-20220922,001,1795
1442.5155,1442.5241,27187,38285,Eptesicus serotinus,0.008,0.022,-1,Echolocation,/mnt/ubna_data_02_mir/recover-20220922/UBNA_001/20220921_090000.WAV,Telephone Field,recover-20220922,001,1795
1442.5345,1442.5732,68437,81899,Rhinolophus ferrumequinum,0.021,0.021,-1,Echolocation,/mnt/ubna_data_02_mir/recover-20220922/UBNA_001/20220921_090000.WAV,Telephone Field,recover-20220922,001,1795
1442.5595,1442.5951,68437,81607,Rhinolophus ferrumequinum,0.025,0.025,-1,Echolocation,/mnt/ubna_data_02_mir/recover-20220922/UBNA_001/20220921_090000.WAV,Telephone Field,recover-20220922,001,1795
1442.5705,1442.578,27187,37820,Eptesicus serotinus,0.008,0.022,-1,Echolocation,/mnt/ubna_data_02_mir/recover-20220922/UBNA_001/20220921_090000.WAV,Telephone Field,recover-20220922,001,1795
1442.6145,1442.6227,28906,37657,Eptesicus serotinus,0.042,0.072,-1,Echolocation,/mnt/ubna_data_02_mir/recover-20220922/UBNA_001/20220921_090000.WAV,Telephone Field,recover-20220922,001,1795
1442.6445,1442.6546,22890,28555,Nyctalus leisleri,0.01,0.022,-1,Echolocation,/mnt/ubna_data_02_mir/recover-20220922/UBNA_001/20220921_090000.WAV,Telephone Field,recover-20220922,001,1795
1442.6535,1442.6899,68437,81569,Rhinolophus ferrumequinum,0.022,0.022,-1,Echolocation,/mnt/ubna_data_02_mir/recover-20220922/UBNA_001/20220921_090000.WAV,Telephone Field,recover-20220922,001,1795
1442.6585,1442.6677,28046,37079,Eptesicus serotinus,0.011,0.026,-1,Echolocation,/mnt/ubna_data_02_mir/recover-20220922/UBNA_001/20220921_090000.WAV,Telephone Field,recover-20220922,001,1795
1442.6875,1442.7289,68437,82977,Rhinolophus ferrumequinum,0.032,0.032,-1,Echolocation,/mnt/ubna_data_02_mir/recover-20220922/UBNA_001/20220921_090000.WAV,Telephone Field,recover-20220922,001,1795
1442.7145,1442.7514,68437,81335,Rhinolophus ferrumequinum,0.021,0.021,-1,Echolocation,/mnt/ubna_data_02_mir/recover-20220922/UBNA_001/20220921_090000.WAV,Telephone Field,recover-20220922,001,1795
1442.7155,1442.7232,28046,39735,Eptesicus serotinus,0.007,0.024,-1,Echolocation,/mnt/ubna_data_02_mir/recover-20220922/UBNA_001/20220921_090000.WAV,Telephone Field,recover-20220922,001,1795
1442.7425,1442.7842,68437,82374,Rhinolophus ferrumequinum,0.025,0.025,-1,Echolocation,/mnt/ubna_data_02_mir/recover-20220922/UBNA_001/20220921_090000.WAV,Telephone Field,recover-20220922,001,1795
1442.7455,1442.7542,28046,37929,Eptesicus serotinus,0.008,0.022,-1,Echolocation,/mnt/ubna_data_02_mir/recover-20220922/UBNA_001/20220921_090000.WAV,Telephone Field,recover-20220922,001,1795
1442.7815,1442.8167,68437,81806,Rhinolophus ferrumequinum,0.022,0.022,-1,Echolocation,/mnt/ubna_data_02_mir/recover-20220922/UBNA_001/20220921_090000.WAV,Telephone Field,recover-20220922,001,1795
1442.7875,1442.7984,23750,29375,Nyctalus leisleri,0.012,0.026,-1,Echolocation,/mnt/ubna_data_02_mir/recover-20220922/UBNA_001/20220921_090000.WAV,Telephone Field,recover-20220922,001,1795
1442.8295,1442.8675,68437,81555,Rhinolophus ferrumequinum,0.045,0.045,-1,Echolocation,/mnt/ubna_data_02_mir/recover-20220922/UBNA_001/20220921_090000.WAV,Telephone Field,recover-20220922,001,1795
1442.8295,1442.8406,34921,40493,Barbastellus barbastellus,0.015,0.044,-1,Echolocation,/mnt/ubna_data_02_mir/recover-20220922/UBNA_001/20220921_090000.WAV,Telephone Field,recover-20220922,001,1795
1442.8845,1442.9233,68437,81590,Rhinolophus ferrumequinum,0.022,0.022,-1,Echolocation,/mnt/ubna_data_02_mir/recover-20220922/UBNA_001/20220921_090000.WAV,Telephone Field,recover-20220922,001,1795
1442.9185,1442.9566,68437,82156,Rhinolophus ferrumequinum,0.025,0.025,-1,Echolocation,/mnt/ubna_data_02_mir/recover-20220922/UBNA_001/20220921_090000.WAV,Telephone Field,recover-20220922,001,1795
1442.9425,1442.9503,28046,38581,Eptesicus serotinus,0.007,0.023,-1,Echolocation,/mnt/ubna_data_02_mir/recover-20220922/UBNA_001/20220921_090000.WAV,Telephone Field,recover-20220922,001,1795
1442.9445,1442.9875,68437,82987,Rhinolophus ferrumequinum,0.03,0.03,-1,Echolocation,/mnt/ubna_data_02_mir/recover-20220922/UBNA_001/20220921_090000.WAV,Telephone Field,recover-20220922,001,1795
1442.9645,1443.0059,68437,82930,Rhinolophus ferrumequinum,0.025,0.025,-1,Echolocation,/mnt/ubna_data_02_mir/recover-20220922/UBNA_001/20220921_090000.WAV,Telephone Field,recover-20220922,001,1795
1442.9845,1443.0233,68437,82349,Rhinolophus ferrumequinum,0.022,0.022,-1,Echolocation,/mnt/ubna_data_02_mir/recover-20220922/UBNA_001/20220921_090000.WAV,Telephone Field,recover-20220922,001,1795
1443.0145,1443.0531,68437,82437,Rhinolophus ferrumequinum,0.021,0.021,-1,Echolocation,/mnt/ubna_data_02_mir/recover-20220922/UBNA_001/20220921_090000.WAV,Telephone Field,recover-20220922,001,1795
1443.0195,1443.0272,25468,34330,Eptesicus serotinus,0.007,0.022,-1,Echolocation,/mnt/ubna_data_02_mir/recover-20220922/UBNA_001/20220921_090000.WAV,Telephone Field,recover-20220922,001,1795
1443.0315,1443.0733,68437,82924,Rhinolophus ferrumequinum,0.024,0.024,-1,Echolocation,/mnt/ubna_data_02_mir/recover-20220922/UBNA_001/20220921_090000.WAV,Telephone Field,recover-20220922,001,1795
1443.0365,1443.0775,68437,82644,Rhinolophus ferrumequinum,0.023,0.024,-1,Echolocation,/mnt/ubna_data_02_mir/recover-20220922/UBNA_001/20220921_090000.WAV,Telephone Field,recover-20220922,001,1795
1443.0575,1443.0662,45234,52647,Pipistrellus pipistrellus,0.016,0.022,-1,Echolocation,/mnt/ubna_data_02_mir/recover-20220922/UBNA_001/20220921_090000.WAV,Telephone Field,recover-20220922,001,1795
1443.0585,1443.0701,22031,27491,Nyctalus leisleri,0.011,0.024,-1,Echolocation,/mnt/ubna_data_02_mir/recover-20220922/UBNA_001/20220921_090000.WAV,Telephone Field,recover-20220922,001,1795
1443.0595,1443.0675,27187,37001,Eptesicus serotinus,0.008,0.023,-1,Echolocation,/mnt/ubna_data_02_mir/recover-20220922/UBNA_001/20220921_090000.WAV,Telephone Field,recover-20220922,001,1795
1443.0825,1443.1244,68437,82914,Rhinolophus ferrumequinum,0.041,0.041,-1,Echolocation,/mnt/ubna_data_02_mir/recover-20220922/UBNA_001/20220921_090000.WAV,Telephone Field,recover-20220922,001,1795
1443.1215,1443.1646,68437,82726,Rhinolophus ferrumequinum,0.05,0.05,-1,Echolocation,/mnt/ubna_data_02_mir/recover-20220922/UBNA_001/20220921_090000.WAV,Telephone Field,recover-20220922,001,1795
1443.1335,1443.1425,28046,41258,Eptesicus serotinus,0.008,0.021,-1,Echolocation,/mnt/ubna_data_02_mir/recover-20220922/UBNA_001/20220921_090000.WAV,Telephone Field,recover-20220922,001,1795
1443.1615,1443.2022,68437,82589,Rhinolophus ferrumequinum,0.023,0.023,-1,Echolocation,/mnt/ubna_data_02_mir/recover-20220922/UBNA_001/20220921_090000.WAV,Telephone Field,recover-20220922,001,1795
1443.1835,1443.2218,68437,82233,Rhinolophus ferrumequinum,0.026,0.026,-1,Echolocation,/mnt/ubna_data_02_mir/recover-20220922/UBNA_001/20220921_090000.WAV,Telephone Field,recover-20220922,001,1795
1443.1925,1443.199,24609,34851,Plecotus austriacus,0.017,0.039,-1,Echolocation,/mnt/ubna_data_02_mir/recover-20220922/UBNA_001/20220921_090000.WAV,Telephone Field,recover-20220922,001,1795
1443.2255,1443.2666,68437,82341,Rhinolophus ferrumequinum,0.025,0.025,-1,Echolocation,/mnt/ubna_data_02_mir/recover-20220922/UBNA_001/20220921_090000.WAV,Telephone Field,recover-20220922,001,1795
1443.2355,1443.2762,68437,82626,Rhinolophus ferrumequinum,0.025,0.025,-1,Echolocation,/mnt/ubna_data_02_mir/recover-20220922/UBNA_001/20220921_090000.WAV,Telephone Field,recover-20220922,001,1795
1443.2755,1443.317,68437,82516,Rhinolophus ferrumequinum,0.023,0.023,-1,Echolocation,/mnt/ubna_data_02_mir/recover-20220922/UBNA_001/20220921_090000.WAV,Telephone Field,recover-20220922,001,1795
1443.2975,1443.3167,19453,23447,Nyctalus noctula,0.02,0.036,-1,Echolocation,/mnt/ubna_data_02_mir/recover-20220922/UBNA_001/20220921_090000.WAV,Telephone Field,recover-20220922,001,1795
1443.3415,1443.3515,28046,38471,Eptesicus serotinus,0.013,0.025,-1,Echolocation,/mnt/ubna_data_02_mir/recover-20220922/UBNA_001/20220921_090000.WAV,Telephone Field,recover-20220922,001,1795
1443.3425,1443.3813,68437,82229,Rhinolophus ferrumequinum,0.029,0.029,-1,Echolocation,/mnt/ubna_data_02_mir/recover-20220922/UBNA_001/20220921_090000.WAV,Telephone Field,recover-20220922,001,1795
1443.3685,1443.3794,24609,30789,Nyctalus leisleri,0.011,0.03,-1,Echolocation,/mnt/ubna_data_02_mir/recover-20220922/UBNA_001/20220921_090000.WAV,Telephone Field,recover-20220922,001,1795
1443.3845,1443.426,68437,82929,Rhinolophus ferrumequinum,0.033,0.033,-1,Echolocation,/mnt/ubna_data_02_mir/recover-20220922/UBNA_001/20220921_090000.WAV,Telephone Field,recover-20220922,001,1795
1443.3845,1443.3937,28046,36959,Eptesicus serotinus,0.008,0.022,-1,Echolocation,/mnt/ubna_data_02_mir/recover-20220922/UBNA_001/20220921_090000.WAV,Telephone Field,recover-20220922,001,1795
1443.4615,1443.4988,68437,82128,Rhinolophus ferrumequinum,0.023,0.023,-1,Echolocation,/mnt/ubna_data_02_mir/recover-20220922/UBNA_001/20220921_090000.WAV,Telephone Field,recover-20220922,001,1795
1443.4945,1443.5039,28906,36557,Eptesicus serotinus,0.011,0.024,-1,Echolocation,/mnt/ubna_data_02_mir/recover-20220922/UBNA_001/20220921_090000.WAV,Telephone Field,recover-20220922,001,1795
1443.5005,1443.5415,68437,82530,Rhinolophus ferrumequinum,0.025,0.025,-1,Echolocation,/mnt/ubna_data_02_mir/recover-20220922/UBNA_001/20220921_090000.WAV,Telephone Field,recover-20220922,001,1795
1443.5315,1443.5666,68437,81679,Rhinolophus ferrumequinum,0.036,0.036,-1,Echolocation,/mnt/ubna_data_02_mir/recover-20220922/UBNA_001/20220921_090000.WAV,Telephone Field,recover-20220922,001,1795
1443.5485,1443.5835,68437,81490,Rhinolophus ferrumequinum,0.027,0.027,-1,Echolocation,/mnt/ubna_data_02_mir/recover-20220922/UBNA_001/20220921_090000.WAV,Telephone Field,recover-20220922,001,1795
1443.5665,1443.5744,26328,34386,Eptesicus serotinus,0.01,0.036,-1,Echolocation,/mnt/ubna_data_02_mir/recover-20220922/UBNA_001/20220921_090000.WAV,Telephone Field,recover-20220922,001,1795
1443.5785,1443.6216,68437,82533,Rhinolophus ferrumequinum,0.023,0.023,-1,Echolocation,/mnt/ubna_data_02_mir/recover-20220922/UBNA_001/20220921_090000.WAV,Telephone Field,recover-20220922,001,1795
1443.5885,1443.628,68437,82582,Rhinolophus ferrumequinum,0.021,0.022,-1,Echolocation,/mnt/ubna_data_02_mir/recover-20220922/UBNA_001/20220921_090000.WAV,Telephone Field,recover-20220922,001,1795
1443.6025,1443.6437,68437,82932,Rhinolophus ferrumequinum,0.027,0.027,-1,Echolocation,/mnt/ubna_data_02_mir/recover-20220922/UBNA_001/20220921_090000.WAV,Telephone Field,recover-20220922,001,1795
1443.6235,1443.6636,68437,82387,Rhinolophus ferrumequinum,0.025,0.025,-1,Echolocation,/mnt/ubna_data_02_mir/recover-20220922/UBNA_001/20220921_090000.WAV,Telephone Field,recover-20220922,001,1795
1443.6325,1443.675,68437,83127,Rhinolophus ferrumequinum,0.025,0.025,-1,Echolocation,/mnt/ubna_data_02_mir/recover-20220922/UBNA_001/20220921_090000.WAV,Telephone Field,recover-20220922,001,1795
1443.6655,1443.7069,68437,83299,Rhinolophus ferrumequinum,0.028,0.029,-1,Echolocation,/mnt/ubna_data_02_mir/recover-20220922/UBNA_001/20220921_090000.WAV,Telephone Field,recover-20220922,001,1795
1443.6865,1443.6977,24609,30653,Nyctalus leisleri,0.009,0.024,-1,Echolocation,/mnt/ubna_data_02_mir/recover-20220922/UBNA_001/20220921_090000.WAV,Telephone Field,recover-20220922,001,1795
1443.7635,1443.779,20312,23637,Nyctalus leisleri,0.013,0.024,-1,Echolocation,/mnt/ubna_data_02_mir/recover-20220922/UBNA_001/20220921_090000.WAV,Telephone Field,recover-20220922,001,1795
1443.8065,1443.8195,27187,31402,Nyctalus leisleri,0.054,0.108,-1,Echolocation,/mnt/ubna_data_02_mir/recover-20220922/UBNA_001/20220921_090000.WAV,Telephone Field,recover-20220922,001,1795
1443.8085,1443.8472,68437,82084,Rhinolophus ferrumequinum,0.023,0.023,-1,Echolocation,/mnt/ubna_data_02_mir/recover-20220922/UBNA_001/20220921_090000.WAV,Telephone Field,recover-20220922,001,1795
1443.8325,1443.8714,68437,81597,Rhinolophus ferrumequinum,0.022,0.022,-1,Echolocation,/mnt/ubna_data_02_mir/recover-20220922/UBNA_001/20220921_090000.WAV,Telephone Field,recover-20220922,001,1795
1443.8375,1443.8444,26328,36570,Eptesicus serotinus,0.01,0.032,-1,Echolocation,/mnt/ubna_data_02_mir/recover-20220922/UBNA_001/20220921_090000.WAV,Telephone Field,recover-20220922,001,1795
1443.8615,1443.8714,23750,30515,Nyctalus leisleri,0.009,0.026,-1,Echolocation,/mnt/ubna_data_02_mir/recover-20220922/UBNA_001/20220921_090000.WAV,Telephone Field,recover-20220922,001,1795
1443.8815,1443.9216,68437,82375,Rhinolophus ferrumequinum,0.023,0.023,-1,Echolocation,/mnt/ubna_data_02_mir/recover-20220922/UBNA_001/20220921_090000.WAV,Telephone Field,recover-20220922,001,1795
1443.8995,1443.9075,27187,38265,Eptesicus serotinus,0.007,0.021,-1,Echolocation,/mnt/ubna_data_02_mir/recover-20220922/UBNA_001/20220921_090000.WAV,Telephone Field,recover-20220922,001,1795
1443.9185,1443.9256,47812,54727,Pipistrellus pipistrellus,0.023,0.026,-1,Echolocation,/mnt/ubna_data_02_mir/recover-20220922/UBNA_001/20220921_090000.WAV,Telephone Field,recover-20220922,001,1795
1443.9195,1443.9274,23750,32064,Plecotus austriacus,0.009,0.022,-1,Echolocation,/mnt/ubna_data_02_mir/recover-20220922/UBNA_001/20220921_090000.WAV,Telephone Field,recover-20220922,001,1795
1443.9375,1443.9482,22890,28274,Nyctalus leisleri,0.011,0.026,-1,Echolocation,/mnt/ubna_data_02_mir/recover-20220922/UBNA_001/20220921_090000.WAV,Telephone Field,recover-20220922,001,1795
1443.9505,1443.9595,28046,36971,Eptesicus serotinus,0.009,0.023,-1,Echolocation,/mnt/ubna_data_02_mir/recover-20220922/UBNA_001/20220921_090000.WAV,Telephone Field,recover-20220922,001,1795
1443.9505,1443.9871,68437,81892,Rhinolophus ferrumequinum,0.021,0.021,-1,Echolocation,/mnt/ubna_data_02_mir/recover-20220922/UBNA_001/20220921_090000.WAV,Telephone Field,recover-20220922,001,1795
1444.0015,1444.0118,23750,29565,Nyctalus leisleri,0.016,0.034,-1,Echolocation,/mnt/ubna_data_02_mir/recover-20220922/UBNA_001/20220921_090000.WAV,Telephone Field,recover-20220922,001,1795
1444.0025,1444.0429,68437,81933,Rhinolophus ferrumequinum,0.021,0.021,-1,Echolocation,/mnt/ubna_data_02_mir/recover-20220922/UBNA_001/20220921_090000.WAV,Telephone Field,recover-20220922,001,1795
1444.0165,1444.0243,23750,32579,Plecotus austriacus,0.01,0.024,-1,Echolocation,/mnt/ubna_data_02_mir/recover-20220922/UBNA_001/20220921_090000.WAV,Telephone Field,recover-20220922,001,1795
1444.0465,1444.0838,68437,82481,Rhinolophus ferrumequinum,0.023,0.023,-1,Echolocation,/mnt/ubna_data_02_mir/recover-20220922/UBNA_001/20220921_090000.WAV,Telephone Field,recover-20220922,001,1795
1444.0465,1444.0561,25468,33923,Eptesicus serotinus,0.009,0.027,-1,Echolocation,/mnt/ubna_data_02_mir/recover-20220922/UBNA_001/20220921_090000.WAV,Telephone Field,recover-20220922,001,1795
1444.0695,1444.113,68437,83485,Rhinolophus ferrumequinum,0.027,0.027,-1,Echolocation,/mnt/ubna_data_02_mir/recover-20220922/UBNA_001/20220921_090000.WAV,Telephone Field,recover-20220922,001,1795
1444.0955,1444.1024,23750,32935,Plecotus austriacus,0.017,0.03,-1,Echolocation,/mnt/ubna_data_02_mir/recover-20220922/UBNA_001/20220921_090000.WAV,Telephone Field,recover-20220922,001,1795
1444.1105,1444.1526,68437,83114,Rhinolophus ferrumequinum,0.028,0.028,-1,Echolocation,/mnt/ubna_data_02_mir/recover-20220922/UBNA_001/20220921_090000.WAV,Telephone Field,recover-20220922,001,1795
1444.1415,1444.15,46953,50961,Pipistrellus pipistrellus,0.022,0.023,-1,Echolocation,/mnt/ubna_data_02_mir/recover-20220922/UBNA_001/20220921_090000.WAV,Telephone Field,recover-20220922,001,1795
1444.1495,1444.1836,68437,80115,Rhinolophus ferrumequinum,0.021,0.021,-1,Echolocation,/mnt/ubna_data_02_mir/recover-20220922/UBNA_001/20220921_090000.WAV,Telephone Field,recover-20220922,001,1795
1444.1655,1444.202,68437,82176,Rhinolophus ferrumequinum,0.023,0.023,-1,Echolocation,/mnt/ubna_data_02_mir/recover-20220922/UBNA_001/20220921_090000.WAV,Telephone Field,recover-20220922,001,1795
1444.1755,1444.2177,68437,82808,Rhinolophus ferrumequinum,0.022,0.022,-1,Echolocation,/mnt/ubna_data_02_mir/recover-20220922/UBNA_001/20220921_090000.WAV,Telephone Field,recover-20220922,001,1795
1444.1765,1444.1878,22031,26665,Nyctalus leisleri,0.012,0.024,-1,Echolocation,/mnt/ubna_data_02_mir/recover-20220922/UBNA_001/20220921_090000.WAV,Telephone Field,recover-20220922,001,1795
1444.1935,1444.2329,68437,81970,Rhinolophus ferrumequinum,0.021,0.021,-1,Echolocation,/mnt/ubna_data_02_mir/recover-20220922/UBNA_001/20220921_090000.WAV,Telephone Field,recover-20220922,001,1795
1444.2045,1444.2385,68437,81553,Rhinolophus ferrumequinum,0.021,0.021,-1,Echolocation,/mnt/ubna_data_02_mir/recover-20220922/UBNA_001/20220921_090000.WAV,Telephone Field,recover-20220922,001,1795
1444.2515,1444.2923,68437,82398,Rhinolophus ferrumequinum,0.021,0.021,-1,Echolocation,/mnt/ubna_data_02_mir/recover-20220922/UBNA_001/20220921_090000.WAV,Telephone Field,recover-20220922,001,1795
1444.2555,1444.2636,28046,39626,Eptesicus serotinus,0.007,0.021,-1,Echolocation,/mnt/ubna_data_02_mir/recover-20220922/UBNA_001/20220921_090000.WAV,Telephone Field,recover-20220922,001,1795
1444.2635,1444.2727,28906,38007,Eptesicus serotinus,0.011,0.026,-1,Echolocation,/mnt/ubna_data_02_mir/recover-20220922/UBNA_001/20220921_090000.WAV,Telephone Field,recover-20220922,001,1795
1444.2745,1444.3152,68437,82656,Rhinolophus ferrumequinum,0.026,0.026,-1,Echolocation,/mnt/ubna_data_02_mir/recover-20220922/UBNA_001/20220921_090000.WAV,Telephone Field,recover-20220922,001,1795
1444.2985,1444.3367,68437,82047,Rhinolophus ferrumequinum,0.028,0.028,-1,Echolocation,/mnt/ubna_data_02_mir/recover-20220922/UBNA_001/20220921_090000.WAV,Telephone Field,recover-20220922,001,1795
1444.3345,1444.345,24609,32161,Nyctalus leisleri,0.009,0.028,-1,Echolocation,/mnt/ubna_data_02_mir/recover-20220922/UBNA_001/20220921_090000.WAV,Telephone Field,recover-20220922,001,1795
1444.3585,1444.3984,68437,82011,Rhinolophus ferrumequinum,0.031,0.031,-1,Echolocation,/mnt/ubna_data_02_mir/recover-20220922/UBNA_001/20220921_090000.WAV,Telephone Field,recover-20220922,001,1795
1444.4005,1444.4108,28906,34732,Eptesicus serotinus,0.013,0.026,-1,Echolocation,/mnt/ubna_data_02_mir/recover-20220922/UBNA_001/20220921_090000.WAV,Telephone Field,recover-20220922,001,1795
1444.4335,1444.474,68437,82460,Rhinolophus ferrumequinum,0.023,0.023,-1,Echolocation,/mnt/ubna_data_02_mir/recover-20220922/UBNA_001/20220921_090000.WAV,Telephone Field,recover-20220922,001,1795
1444.4915,1444.4985,28046,38995,Eptesicus serotinus,0.016,0.042,-1,Echolocation,/mnt/ubna_data_02_mir/recover-20220922/UBNA_001/20220921_090000.WAV,Telephone Field,recover-20220922,001,1795
1444.5205,1444.5283,26328,35276,Eptesicus serotinus,0.008,0.023,-1,Echolocation,/mnt/ubna_data_02_mir/recover-20220922/UBNA_001/20220921_090000.WAV,Telephone Field,recover-20220922,001,1795
1444.5835,1444.6216,68437,81942,Rhinolophus ferrumequinum,0.023,0.023,-1,Echolocation,/mnt/ubna_data_02_mir/recover-20220922/UBNA_001/20220921_090000.WAV,Telephone Field,recover-20220922,001,1795
1444.6065,1444.6162,23750,30037,Nyctalus leisleri,0.008,0.022,-1,Echolocation,/mnt/ubna_data_02_mir/recover-20220922/UBNA_001/20220921_090000.WAV,Telephone Field,recover-20220922,001,1795
1444.6335,1444.6733,68437,81501,Rhinolophus ferrumequinum,0.026,0.026,-1,Echolocation,/mnt/ubna_data_02_mir/recover-20220922/UBNA_001/20220921_090000.WAV,Telephone Field,recover-20220922,001,1795
1444.6685,1444.702,68437,80837,Rhinolophus ferrumequinum,0.022,0.022,-1,Echolocation,/mnt/ubna_data_02_mir/recover-20220922/UBNA_001/20220921_090000.WAV,Telephone Field,recover-20220922,001,1795
1444.6915,1444.6988,28046,37688,Eptesicus serotinus,0.011,0.031,-1,Echolocation,/mnt/ubna_data_02_mir/recover-20220922/UBNA_001/20220921_090000.WAV,Telephone Field,recover-20220922,001,1795
1444.7365,1444.7476,45234,48704,Pipistrellus pipistrellus,0.03,0.033,-1,Echolocation,/mnt/ubna_data_02_mir/recover-20220922/UBNA_001/20220921_090000.WAV,Telephone Field,recover-20220922,001,1795
1444.7805,1444.8184,68437,82408,Rhinolophus ferrumequinum,0.021,0.021,-1,Echolocation,/mnt/ubna_data_02_mir/recover-20220922/UBNA_001/20220921_090000.WAV,Telephone Field,recover-20220922,001,1795
1444.8125,1444.8525,68437,82073,Rhinolophus ferrumequinum,0.021,0.021,-1,Echolocation,/mnt/ubna_data_02_mir/recover-20220922/UBNA_001/20220921_090000.WAV,Telephone Field,recover-20220922,001,1795
1444.8255,1444.8333,50390,55626,Pipistrellus pipistrellus,0.024,0.027,-1,Echolocation,/mnt/ubna_data_02_mir/recover-20220922/UBNA_001/20220921_090000.WAV,Telephone Field,recover-20220922,001,1795
1444.8475,1444.8863,68437,82506,Rhinolophus ferrumequinum,0.024,0.024,-1,Echolocation,/mnt/ubna_data_02_mir/recover-20220922/UBNA_001/20220921_090000.WAV,Telephone Field,recover-20220922,001,1795
1444.8625,1444.8695,24609,33562,Plecotus austriacus,0.009,0.024,-1,Echolocation,/mnt/ubna_data_02_mir/recover-20220922/UBNA_001/20220921_090000.WAV,Telephone Field,recover-20220922,001,1795
1444.9115,1444.9531,68437,82599,Rhinolophus ferrumequinum,0.024,0.024,-1,Echolocation,/mnt/ubna_data_02_mir/recover-20220922/UBNA_001/20220921_090000.WAV,Telephone Field,recover-20220922,001,1795
1444.9195,1444.9302,27187,36886,Eptesicus serotinus,0.01,0.024,-1,Echolocation,/mnt/ubna_data_02_mir/recover-20220922/UBNA_001/20220921_090000.WAV,Telephone Field,recover-20220922,001,1795
1444.9465,1444.9859,68437,82537,Rhinolophus ferrumequinum,0.022,0.022,-1,Echolocation,/mnt/ubna_data_02_mir/recover-20220922/UBNA_001/20220921_090000.WAV,Telephone Field,recover-20220922,001,1795
1444.9895,1444.9969,28046,38942,Eptesicus serotinus,0.006,0.021,-1,Echolocation,/mnt/ubna_data_02_mir/recover-20220922/UBNA_001/20220921_090000.WAV,Telephone Field,recover-20220922,001,1795
1445.1075,1445.1452,68437,81806,Rhinolophus ferrumequinum,0.022,0.022,-1,Echolocation,/mnt/ubna_data_02_mir/recover-20220922/UBNA_001/20220921_090000.WAV,Telephone Field,recover-20220922,001,1795
1445.1145,1445.125,23750,30083,Nyctalus leisleri,0.013,0.031,-1,Echolocation,/mnt/ubna_data_02_mir/recover-20220922/UBNA_001/20220921_090000.WAV,Telephone Field,recover-20220922,001,1795
1445.1325,1445.175,68437,83122,Rhinolophus ferrumequinum,0.036,0.036,-1,Echolocation,/mnt/ubna_data_02_mir/recover-20220922/UBNA_001/20220921_090000.WAV,Telephone Field,recover-20220922,001,1795
1445.1725,1445.1811,28906,41203,Eptesicus serotinus,0.008,0.022,-1,Echolocation,/mnt/ubna_data_02_mir/recover-20220922/UBNA_001/20220921_090000.WAV,Telephone Field,recover-20220922,001,1795
1445.1975,1445.2071,24609,33113,Eptesicus serotinus,0.102,0.209,-1,Echolocation,/mnt/ubna_data_02_mir/recover-20220922/UBNA_001/20220921_090000.WAV,Telephone Field,recover-20220922,001,1795
1445.2085,1445.2496,68437,82919,Rhinolophus ferrumequinum,0.025,0.025,-1,Echolocation,/mnt/ubna_data_02_mir/recover-20220922/UBNA_001/20220921_090000.WAV,Telephone Field,recover-20220922,001,1795
1445.2735,1445.2846,29765,35955,Eptesicus serotinus,0.012,0.026,-1,Echolocation,/mnt/ubna_data_02_mir/recover-20220922/UBNA_001/20220921_090000.WAV,Telephone Field,recover-20220922,001,1795
1445.3085,1445.3527,68437,82281,Rhinolophus ferrumequinum,0.027,0.027,-1,Echolocation,/mnt/ubna_data_02_mir/recover-20220922/UBNA_001/20220921_090000.WAV,Telephone Field,recover-20220922,001,1795
1445.3085,1445.3197,35781,41520,Pipistrellus nathusii,0.006,0.021,-1,Echolocation,/mnt/ubna_data_02_mir/recover-20220922/UBNA_001/20220921_090000.WAV,Telephone Field,recover-20220922,001,1795
1445.3385,1445.3776,68437,81803,Rhinolophus ferrumequinum,0.025,0.025,-1,Echolocation,/mnt/ubna_data_02_mir/recover-20220922/UBNA_001/20220921_090000.WAV,Telephone Field,recover-20220922,001,1795
1445.3475,1445.3682,19453,21822,Nyctalus leisleri,0.012,0.023,-1,Echolocation,/mnt/ubna_data_02_mir/recover-20220922/UBNA_001/20220921_090000.WAV,Telephone Field,recover-20220922,001,1795
1445.3935,1445.4303,68437,81909,Rhinolophus ferrumequinum,0.022,0.022,-1,Echolocation,/mnt/ubna_data_02_mir/recover-20220922/UBNA_001/20220921_090000.WAV,Telephone Field,recover-20220922,001,1795
1445.3955,1445.4049,25468,33212,Eptesicus serotinus,0.008,0.023,-1,Echolocation,/mnt/ubna_data_02_mir/recover-20220922/UBNA_001/20220921_090000.WAV,Telephone Field,recover-20220922,001,1795
1445.4125,1445.4513,68437,82290,Rhinolophus ferrumequinum,0.022,0.022,-1,Echolocation,/mnt/ubna_data_02_mir/recover-20220922/UBNA_001/20220921_090000.WAV,Telephone Field,recover-20220922,001,1795
1445.4255,1445.4353,22890,28985,Nyctalus leisleri,0.008,0.023,-1,Echolocation,/mnt/ubna_data_02_mir/recover-20220922/UBNA_001/20220921_090000.WAV,Telephone Field,recover-20220922,001,1795
1445.4415,1445.4808,68437,82578,Rhinolophus ferrumequinum,0.021,0.021,-1,Echolocation,/mnt/ubna_data_02_mir/recover-20220922/UBNA_001/20220921_090000.WAV,Telephone Field,recover-20220922,001,1795
1445.4675,1445.5056,68437,81900,Rhinolophus ferrumequinum,0.025,0.025,-1,Echolocation,/mnt/ubna_data_02_mir/recover-20220922/UBNA_001/20220921_090000.WAV,Telephone Field,recover-20220922,001,1795
1445.5045,1445.5124,23750,32677,Plecotus austriacus,0.01,0.023,-1,Echolocation,/mnt/ubna_data_02_mir/recover-20220922/UBNA_001/20220921_090000.WAV,Telephone Field,recover-20220922,001,1795
1445.5085,1445.5509,68437,82703,Rhinolophus ferrumequinum,0.022,0.022,-1,Echolocation,/mnt/ubna_data_02_mir/recover-20220922/UBNA_001/20220921_090000.WAV,Telephone Field,recover-20220922,001,1795
1445.5145,1445.559,68437,83655,Rhinolophus ferrumequinum,0.024,0.024,-1,Echolocation,/mnt/ubna_data_02_mir/recover-20220922/UBNA_001/20220921_090000.WAV,Telephone Field,recover-20220922,001,1795
1445.5185,1445.5281,28906,36375,Eptesicus serotinus,0.01,0.026,-1,Echolocation,/mnt/ubna_data_02_mir/recover-20220922/UBNA_001/20220921_090000.WAV,Telephone Field,recover-20220922,001,1795
1445.5285,1445.5673,68437,82390,Rhinolophus ferrumequinum,0.022,0.022,-1,Echolocation,/mnt/ubna_data_02_mir/recover-20220922/UBNA_001/20220921_090000.WAV,Telephone Field,recover-20220922,001,1795
1445.6125,1445.6278,20312,24177,Nyctalus leisleri,0.011,0.022,-1,Echolocation,/mnt/ubna_data_02_mir/recover-20220922/UBNA_001/20220921_090000.WAV,Telephone Field,recover-20220922,001,1795
1445.6255,1445.6316,25468,34866,Eptesicus serotinus,0.303,0.528,-1,Echolocation,/mnt/ubna_data_02_mir/recover-20220922/UBNA_001/20220921_090000.WAV,Telephone Field,recover-20220922,001,1795
1445.6585,1445.6679,28906,40054,Eptesicus serotinus,0.008,0.021,-1,Echolocation,/mnt/ubna_data_02_mir/recover-20220922/UBNA_001/20220921_090000.WAV,Telephone Field,recover-20220922,001,1795
1445.6645,1445.6787,22031,25252,Nyctalus leisleri,0.013,0.022,-1,Echolocation,/mnt/ubna_data_02_mir/recover-20220922/UBNA_001/20220921_090000.WAV,Telephone Field,recover-20220922,001,1795
1445.6755,1445.7162,68437,82754,Rhinolophus ferrumequinum,0.026,0.026,-1,Echolocation,/mnt/ubna_data_02_mir/recover-20220922/UBNA_001/20220921_090000.WAV,Telephone Field,recover-20220922,001,1795
1445.6985,1445.7068,23750,31606,Plecotus austriacus,0.008,0.022,-1,Echolocation,/mnt/ubna_data_02_mir/recover-20220922/UBNA_001/20220921_090000.WAV,Telephone Field,recover-20220922,001,1795
1445.7075,1445.749,68437,82616,Rhinolophus ferrumequinum,0.038,0.038,-1,Echolocation,/mnt/ubna_data_02_mir/recover-20220922/UBNA_001/20220921_090000.WAV,Telephone Field,recover-20220922,001,1795
1445.7155,1445.7236,26328,35700,Eptesicus serotinus,0.009,0.027,-1,Echolocation,/mnt/ubna_data_02_mir/recover-20220922/UBNA_001/20220921_090000.WAV,Telephone Field,recover-20220922,001,1795
1445.7715,1445.7796,23750,32059,Plecotus austriacus,0.009,0.024,-1,Echolocation,/mnt/ubna_data_02_mir/recover-20220922/UBNA_001/20220921_090000.WAV,Telephone Field,recover-20220922,001,1795
1445.7855,1445.7948,25468,32745,Eptesicus serotinus,0.216,0.352,-1,Echolocation,/mnt/ubna_data_02_mir/recover-20220922/UBNA_001/20220921_090000.WAV,Telephone Field,recover-20220922,001,1795
1445.8355,1445.8447,28046,37675,Eptesicus serotinus,0.009,0.022,-1,Echolocation,/mnt/ubna_data_02_mir/recover-20220922/UBNA_001/20220921_090000.WAV,Telephone Field,recover-20220922,001,1795
1445.8825,1445.8931,28046,36294,Eptesicus serotinus,0.015,0.03,-1,Echolocation,/mnt/ubna_data_02_mir/recover-20220922/UBNA_001/20220921_090000.WAV,Telephone Field,recover-20220922,001,1795
1445.9225,1445.9613,68437,81898,Rhinolophus ferrumequinum,0.023,0.023,-1,Echolocation,/mnt/ubna_data_02_mir/recover-20220922/UBNA_001/20220921_090000.WAV,Telephone Field,recover-20220922,001,1795
1445.9315,1445.9373,36640,45961,Barbastellus barbastellus,0.006,0.022,-1,Echolocation,/mnt/ubna_data_02_mir/recover-20220922/UBNA_001/20220921_090000.WAV,Telephone Field,recover-20220922,001,1795
1445.9325,1445.9395,27187,38128,Nyctalus leisleri,0.354,0.65,-1,Echolocation,/mnt/ubna_data_02_mir/recover-20220922/UBNA_001/20220921_090000.WAV,Telephone Field,recover-20220922,001,1795
1446.0015,1446.0106,22031,28474,Nyctalus leisleri,0.009,0.025,-1,Echolocation,/mnt/ubna_data_02_mir/recover-20220922/UBNA_001/20220921_090000.WAV,Telephone Field,recover-20220922,001,1795
1446.0015,1446.0351,68437,79744,Rhinolophus ferrumequinum,0.037,0.038,-1,Echolocation,/mnt/ubna_data_02_mir/recover-20220922/UBNA_001/20220921_090000.WAV,Telephone Field,recover-20220922,001,1795
1446.0135,1446.0215,27187,37473,Eptesicus serotinus,0.009,0.022,-1,Echolocation,/mnt/ubna_data_02_mir/recover-20220922/UBNA_001/20220921_090000.WAV,Telephone Field,recover-20220922,001,1795
1446.0185,1446.0619,68437,83506,Rhinolophus ferrumequinum,0.04,0.04,-1,Echolocation,/mnt/ubna_data_02_mir/recover-20220922/UBNA_001/20220921_090000.WAV,Telephone Field,recover-20220922,001,1795
1446.0195,1446.0278,22890,29442,Plecotus austriacus,0.007,0.022,-1,Echolocation,/mnt/ubna_data_02_mir/recover-20220922/UBNA_001/20220921_090000.WAV,Telephone Field,recover-20220922,001,1795
1446.0575,1446.0668,28046,34942,Eptesicus serotinus,0.058,0.093,-1,Echolocation,/mnt/ubna_data_02_mir/recover-20220922/UBNA_001/20220921_090000.WAV,Telephone Field,recover-20220922,001,1795
1446.0585,1446.0974,68437,82291,Rhinolophus ferrumequinum,0.024,0.024,-1,Echolocation,/mnt/ubna_data_02_mir/recover-20220922/UBNA_001/20220921_090000.WAV,Telephone Field,recover-20220922,001,1795
1446.0635,1446.0711,47812,55975,Pipistrellus pipistrellus,0.021,0.023,-1,Echolocation,/mnt/ubna_data_02_mir/recover-20220922/UBNA_001/20220921_090000.WAV,Telephone Field,recover-20220922,001,1795
1446.1025,1446.1396,68437,81968,Rhinolophus ferrumequinum,0.021,0.021,-1,Echolocation,/mnt/ubna_data_02_mir/recover-20220922/UBNA_001/20220921_090000.WAV,Telephone Field,recover-20220922,001,1795
1446.1395,1446.1488,23750,32009,Plecotus austriacus,0.008,0.028,-1,Echolocation,/mnt/ubna_data_02_mir/recover-20220922/UBNA_001/20220921_090000.WAV,Telephone Field,recover-20220922,001,1795
1446.1925,1446.1998,28046,38669,Eptesicus serotinus,0.008,0.023,-1,Echolocation,/mnt/ubna_data_02_mir/recover-20220922/UBNA_001/20220921_090000.WAV,Telephone Field,recover-20220922,001,1795
1446.2015,1446.2089,48671,52995,Pipistrellus pipistrellus,0.034,0.036,-1,Echolocation,/mnt/ubna_data_02_mir/recover-20220922/UBNA_001/20220921_090000.WAV,Telephone Field,recover-20220922,001,1795
1446.2155,1446.2226,27187,39901,Eptesicus serotinus,0.007,0.023,-1,Echolocation,/mnt/ubna_data_02_mir/recover-20220922/UBNA_001/20220921_090000.WAV,Telephone Field,recover-20220922,001,1795
1446.2455,1446.2562,25468,33173,Eptesicus serotinus,0.028,0.055,-1,Echolocation,/mnt/ubna_data_02_mir/recover-20220922/UBNA_001/20220921_090000.WAV,Telephone Field,recover-20220922,001,1795
1446.2475,1446.283,68437,81564,Rhinolophus ferrumequinum,0.021,0.021,-1,Echolocation,/mnt/ubna_data_02_mir/recover-20220922/UBNA_001/20220921_090000.WAV,Telephone Field,recover-20220922,001,1795
1446.2985,1446.3384,68437,82882,Rhinolophus ferrumequinum,0.027,0.027,-1,Echolocation,/mnt/ubna_data_02_mir/recover-20220922/UBNA_001/20220921_090000.WAV,Telephone Field,recover-20220922,001,1795
1446.3365,1446.3785,68437,83628,Rhinolophus ferrumequinum,0.025,0.025,-1,Echolocation,/mnt/ubna_data_02_mir/recover-20220922/UBNA_001/20220921_090000.WAV,Telephone Field,recover-20220922,001,1795
1446.3645,1446.3731,28046,35714,Eptesicus serotinus,0.013,0.028,-1,Echolocation,/mnt/ubna_data_02_mir/recover-20220922/UBNA_001/20220921_090000.WAV,Telephone Field,recover-20220922,001,1795
1446.3755,1446.4108,68437,82119,Rhinolophus ferrumequinum,0.022,0.022,-1,Echolocation,/mnt/ubna_data_02_mir/recover-20220922/UBNA_001/20220921_090000.WAV,Telephone Field,recover-20220922,001,1795
1446.3865,1446.4254,68437,81707,Rhinolophus ferrumequinum,0.023,0.023,-1,Echolocation,/mnt/ubna_data_02_mir/recover-20220922/UBNA_001/20220921_090000.WAV,Telephone Field,recover-20220922,001,1795
1446.3915,1446.3996,28046,42210,Eptesicus serotinus,0.01,0.027,-1,Echolocation,/mnt/ubna_data_02_mir/recover-20220922/UBNA_001/20220921_090000.WAV,Telephone Field,recover-20220922,001,1795
1446.4175,1446.4565,68437,81869,Rhinolophus ferrumequinum,0.023,0.023,-1,Echolocation,/mnt/ubna_data_02_mir/recover-20220922/UBNA_001/20220921_090000.WAV,Telephone Field,recover-20220922,001,1795
1446.4425,1446.4814,68437,81980,Rhinolophus ferrumequinum,0.024,0.024,-1,Echolocation,/mnt/ubna_data_02_mir/recover-20220922/UBNA_001/20220921_090000.WAV,Telephone Field,recover-20220922,001,1795
1446.4475,1446.4575,23750,31462,Nyctalus leisleri,0.008,0.024,-1,Echolocation,/mnt/ubna_data_02_mir/recover-20220922/UBNA_001/20220921_090000.WAV,Telephone Field,recover-20220922,001,1795
1446.4615,1446.4725,28046,35367,Eptesicus serotinus,0.017,0.03,-1,Echolocation,/mnt/ubna_data_02_mir/recover-20220922/UBNA_001/20220921_090000.WAV,Telephone Field,recover-20220922,001,1795
1446.4965,1446.5312,68437,81397,Rhinolophus ferrumequinum,0.024,0.024,-1,Echolocation,/mnt/ubna_data_02_mir/recover-20220922/UBNA_001/20220921_090000.WAV,Telephone Field,recover-20220922,001,1795
1446.5425,1446.5531,28046,36851,Eptesicus serotinus,0.014,0.029,-1,Echolocation,/mnt/ubna_data_02_mir/recover-20220922/UBNA_001/20220921_090000.WAV,Telephone Field,recover-20220922,001,1795
1446.5565,1446.5964,68437,82310,Rhinolophus ferrumequinum,0.023,0.023,-1,Echolocation,/mnt/ubna_data_02_mir/recover-20220922/UBNA_001/20220921_090000.WAV,Telephone Field,recover-20220922,001,1795
1446.5775,1446.5936,22890,27756,Nyctalus leisleri,0.019,0.037,-1,Echolocation,/mnt/ubna_data_02_mir/recover-20220922/UBNA_001/20220921_090000.WAV,Telephone Field,recover-20220922,001,1795
1446.6185,1446.6287,24609,31772,Eptesicus serotinus,0.009,0.024,-1,Echolocation,/mnt/ubna_data_02_mir/recover-20220922/UBNA_001/20220921_090000.WAV,Telephone Field,recover-20220922,001,1795
1446.6385,1446.6768,68437,82257,Rhinolophus ferrumequinum,0.021,0.021,-1,Echolocation,/mnt/ubna_data_02_mir/recover-20220922/UBNA_001/20220921_090000.WAV,Telephone Field,recover-20220922,001,1795
1446.6625,1446.6706,27187,36681,Eptesicus serotinus,0.383,0.535,-1,Echolocation,/mnt/ubna_data_02_mir/recover-20220922/UBNA_001/20220921_090000.WAV,Telephone Field,recover-20220922,001,1795
1446.6715,1446.7082,68437,81959,Rhinolophus ferrumequinum,0.024,0.024,-1,Echolocation,/mnt/ubna_data_02_mir/recover-20220922/UBNA_001/20220921_090000.WAV,Telephone Field,recover-20220922,001,1795
1446.7065,1446.7457,68437,82696,Rhinolophus ferrumequinum,0.023,0.023,-1,Echolocation,/mnt/ubna_data_02_mir/recover-20220922/UBNA_001/20220921_090000.WAV,Telephone Field,recover-20220922,001,1795
1446.7595,1446.7964,68437,82268,Rhinolophus ferrumequinum,0.022,0.022,-1,Echolocation,/mnt/ubna_data_02_mir/recover-20220922/UBNA_001/20220921_090000.WAV,Telephone Field,recover-20220922,001,1795
1446.7865,1446.7947,27187,34668,Eptesicus serotinus,0.321,0.539,-1,Echolocation,/mnt/ubna_data_02_mir/recover-20220922/UBNA_001/20220921_090000.WAV,Telephone Field,recover-20220922,001,1795
1446.7895,1446.8298,68437,82798,Rhinolophus ferrumequinum,0.027,0.027,-1,Echolocation,/mnt/ubna_data_02_mir/recover-20220922/UBNA_001/20220921_090000.WAV,Telephone Field,recover-20220922,001,1795
1446.8245,1446.8318,28906,39682,Eptesicus serotinus,0.008,0.027,-1,Echolocation,/mnt/ubna_data_02_mir/recover-20220922/UBNA_001/20220921_090000.WAV,Telephone Field,recover-20220922,001,1795
1446.8435,1446.8837,68437,82543,Rhinolophus ferrumequinum,0.029,0.029,-1,Echolocation,/mnt/ubna_data_02_mir/recover-20220922/UBNA_001/20220921_090000.WAV,Telephone Field,recover-20220922,001,1795
1446.9135,1446.9537,68437,82851,Rhinolophus ferrumequinum,0.025,0.025,-1,Echolocation,/mnt/ubna_data_02_mir/recover-20220922/UBNA_001/20220921_090000.WAV,Telephone Field,recover-20220922,001,1795
1446.9315,1446.9427,43515,49929,Pipistrellus pipistrellus,0.022,0.027,-1,Echolocation,/mnt/ubna_data_02_mir/recover-20220922/UBNA_001/20220921_090000.WAV,Telephone Field,recover-20220922,001,1795
1446.9345,1446.9421,27187,43083,Eptesicus serotinus,0.008,0.023,-1,Echolocation,/mnt/ubna_data_02_mir/recover-20220922/UBNA_001/20220921_090000.WAV,Telephone Field,recover-20220922,001,1795
1446.9385,1446.9482,22890,29514,Nyctalus leisleri,0.008,0.022,-1,Echolocation,/mnt/ubna_data_02_mir/recover-20220922/UBNA_001/20220921_090000.WAV,Telephone Field,recover-20220922,001,1795
1446.9445,1446.9559,22031,25595,Nyctalus leisleri,0.013,0.022,-1,Echolocation,/mnt/ubna_data_02_mir/recover-20220922/UBNA_001/20220921_090000.WAV,Telephone Field,recover-20220922,001,1795
1446.9545,1446.9918,68437,81388,Rhinolophus ferrumequinum,0.024,0.024,-1,Echolocation,/mnt/ubna_data_02_mir/recover-20220922/UBNA_001/20220921_090000.WAV,Telephone Field,recover-20220922,001,1795
1446.9635,1447.0025,68437,82753,Rhinolophus ferrumequinum,0.029,0.029,-1,Echolocation,/mnt/ubna_data_02_mir/recover-20220922/UBNA_001/20220921_090000.WAV,Telephone Field,recover-20220922,001,1795
1446.9665,1446.9752,26328,35549,Eptesicus serotinus,0.396,0.544,-1,Echolocation,/mnt/ubna_data_02_mir/recover-20220922/UBNA_001/20220921_090000.WAV,Telephone Field,recover-20220922,001,1795
1446.9755,1447.014,68437,81698,Rhinolophus ferrumequinum,0.022,0.022,-1,Echolocation,/mnt/ubna_data_02_mir/recover-20220922/UBNA_001/20220921_090000.WAV,Telephone Field,recover-20220922,001,1795
1446.9825,1447.0231,68437,82217,Rhinolophus ferrumequinum,0.021,0.021,-1,Echolocation,/mnt/ubna_data_02_mir/recover-20220922/UBNA_001/20220921_090000.WAV,Telephone Field,recover-20220922,001,1795
1447.0055,1447.045,68437,83120,Rhinolophus ferrumequinum,0.027,0.027,-1,Echolocation,/mnt/ubna_data_02_mir/recover-20220922/UBNA_001/20220921_090000.WAV,Telephone Field,recover-20220922,001,1795
1447.0145,1447.0327,20312,23770,Nyctalus leisleri,0.017,0.031,-1,Echolocation,/mnt/ubna_data_02_mir/recover-20220922/UBNA_001/20220921_090000.WAV,Telephone Field,recover-20220922,001,1795
1447.0695,1447.1085,68437,81937,Rhinolophus ferrumequinum,0.022,0.022,-1,Echolocation,/mnt/ubna_data_02_mir/recover-20220922/UBNA_001/20220921_090000.WAV,Telephone Field,recover-20220922,001,1795
1447.0845,1447.0937,27187,36359,Eptesicus serotinus,0.201,0.274,-1,Echolocation,/mnt/ubna_data_02_mir/recover-20220922/UBNA_001/20220921_090000.WAV,Telephone Field,recover-20220922,001,1795
1447.1115,1447.1502,68437,82126,Rhinolophus ferrumequinum,0.022,0.022,-1,Echolocation,/mnt/ubna_data_02_mir/recover-20220922/UBNA_001/20220921_090000.WAV,Telephone Field,recover-20220922,001,1795
1447.1125,1447.1209,28046,39730,Eptesicus serotinus,0.008,0.021,-1,Echolocation,/mnt/ubna_data_02_mir/recover-20220922/UBNA_001/20220921_090000.WAV,Telephone Field,recover-20220922,001,1795
1447.1205,1447.1282,28906,39030,Eptesicus serotinus,0.008,0.022,-1,Echolocation,/mnt/ubna_data_02_mir/recover-20220922/UBNA_001/20220921_090000.WAV,Telephone Field,recover-20220922,001,1795
1447.1555,1447.1921,68437,81920,Rhinolophus ferrumequinum,0.021,0.021,-1,Echolocation,/mnt/ubna_data_02_mir/recover-20220922/UBNA_001/20220921_090000.WAV,Telephone Field,recover-20220922,001,1795
1447.1635,1447.2017,68437,82097,Rhinolophus ferrumequinum,0.021,0.021,-1,Echolocation,/mnt/ubna_data_02_mir/recover-20220922/UBNA_001/20220921_090000.WAV,Telephone Field,recover-20220922,001,1795
1447.1705,1447.178,28046,41600,Eptesicus serotinus,0.008,0.027,-1,Echolocation,/mnt/ubna_data_02_mir/recover-20220922/UBNA_001/20220921_090000.WAV,Telephone Field,recover-20220922,001,1795
1447.1715,1447.1795,33203,42792,Myotis daubentonii,0.012,0.034,-1,Echolocation,/mnt/ubna_data_02_mir/recover-20220922/UBNA_001/20220921_090000.WAV,Telephone Field,recover-20220922,001,1795
1447.2045,1447.2429,68437,81926,Rhinolophus ferrumequinum,0.027,0.027,-1,Echolocation,/mnt/ubna_data_02_mir/recover-20220922/UBNA_001/20220921_090000.WAV,Telephone Field,recover-20220922,001,1795
1447.2395,1447.2496,24609,33480,Eptesicus serotinus,0.011,0.031,-1,Echolocation,/mnt/ubna_data_02_mir/recover-20220922/UBNA_001/20220921_090000.WAV,Telephone Field,recover-20220922,001,1795
1447.2455,1447.285,68437,82176,Rhinolophus ferrumequinum,0.023,0.023,-1,Echolocation,/mnt/ubna_data_02_mir/recover-20220922/UBNA_001/20220921_090000.WAV,Telephone Field,recover-20220922,001,1795
1447.2535,1447.2916,68437,82043,Rhinolophus ferrumequinum,0.021,0.021,-1,Echolocation,/mnt/ubna_data_02_mir/recover-20220922/UBNA_001/20220921_090000.WAV,Telephone Field,recover-20220922,001,1795
1447.2695,1447.3105,68437,83607,Rhinolophus ferrumequinum,0.029,0.029,-1,Echolocation,/mnt/ubna_data_02_mir/recover-20220922/UBNA_001/20220921_090000.WAV,Telephone Field,recover-20220922,001,1795
1447.2745,1447.2843,22890,28938,Nyctalus leisleri,0.008,0.021,-1,Echolocation,/mnt/ubna_data_02_mir/recover-20220922/UBNA_001/20220921_090000.WAV,Telephone Field,recover-20220922,001,1795
1447.2805,1447.2903,28906,35862,Eptesicus serotinus,0.011,0.023,-1,Echolocation,/mnt/ubna_data_02_mir/recover-20220922/UBNA_001/20220921_090000.WAV,Telephone Field,recover-20220922,001,1795
1447.2945,1447.3352,68437,83445,Rhinolophus ferrumequinum,0.046,0.046,-1,Echolocation,/mnt/ubna_data_02_mir/recover-20220922/UBNA_001/20220921_090000.WAV,Telephone Field,recover-20220922,001,1795
1447.3165,1447.3523,68437,81794,Rhinolophus ferrumequinum,0.021,0.021,-1,Echolocation,/mnt/ubna_data_02_mir/recover-20220922/UBNA_001/20220921_090000.WAV,Telephone Field,recover-20220922,001,1795
1447.3325,1447.3719,68437,82669,Rhinolophus ferrumequinum,0.023,0.023,-1,Echolocation,/mnt/ubna_data_02_mir/recover-20220922/UBNA_001/20220921_090000.WAV,Telephone Field,recover-20220922,001,1795
1447.3375,1447.3455,23750,32826,Plecotus austriacus,0.009,0.024,-1,Echolocation,/mnt/ubna_data_02_mir/recover-20220922/UBNA_001/20220921_090000.WAV,Telephone Field,recover-20220922,001,1795
1447.3445,1447.354,28906,37091,Eptesicus serotinus,0.014,0.028,-1,Echolocation,/mnt/ubna_data_02_mir/recover-20220922/UBNA_001/20220921_090000.WAV,Telephone Field,recover-20220922,001,1795
1447.3895,1447.3996,23750,30714,Nyctalus leisleri,0.007,0.021,-1,Echolocation,/mnt/ubna_data_02_mir/recover-20220922/UBNA_001/20220921_090000.WAV,Telephone Field,recover-20220922,001,1795
1447.3945,1447.4324,68437,81894,Rhinolophus ferrumequinum,0.023,0.023,-1,Echolocation,/mnt/ubna_data_02_mir/recover-20220922/UBNA_001/20220921_090000.WAV,Telephone Field,recover-20220922,001,1795
1447.4145,1447.4486,68437,81787,Rhinolophus ferrumequinum,0.023,0.023,-1,Echolocation,/mnt/ubna_data_02_mir/recover-20220922/UBNA_001/20220921_090000.WAV,Telephone Field,recover-20220922,001,1795
1447.4165,1447.4271,27187,35972,Eptesicus serotinus,0.022,0.038,-1,Echolocation,/mnt/ubna_data_02_mir/recover-20220922/UBNA_001/20220921_090000.WAV,Telephone Field,recover-20220922,001,1795
1447.4225,1447.4325,24609,32111,Eptesicus serotinus,0.012,0.03,-1,Echolocation,/mnt/ubna_data_02_mir/recover-20220922/UBNA_001/20220921_090000.WAV,Telephone Field,recover-20220922,001,1795
1447.4395,1447.4763,68437,81855,Rhinolophus ferrumequinum,0.022,0.022,-1,Echolocation,/mnt/ubna_data_02_mir/recover-20220922/UBNA_001/20220921_090000.WAV,Telephone Field,recover-20220922,001,1795
1447.4775,1447.5171,68437,82832,Rhinolophus ferrumequinum,0.025,0.025,-1,Echolocation,/mnt/ubna_data_02_mir/recover-20220922/UBNA_001/20220921_090000.WAV,Telephone Field,recover-20220922,001,1795
1447.5265,1447.5658,68437,82558,Rhinolophus ferrumequinum,0.028,0.028,-1,Echolocation,/mnt/ubna_data_02_mir/recover-20220922/UBNA_001/20220921_090000.WAV,Telephone Field,recover-20220922,001,1795
1447.5645,1447.6065,68437,83222,Rhinolophus ferrumequinum,0.04,0.04,-1,Echolocation,/mnt/ubna_data_02_mir/recover-20220922/UBNA_001/20220921_090000.WAV,Telephone Field,recover-20220922,001,1795
1447.5865,1447.6253,68437,82448,Rhinolophus ferrumequinum,0.024,0.024,-1,Echolocation,/mnt/ubna_data_02_mir/recover-20220922/UBNA_001/20220921_090000.WAV,Telephone Field,recover-20220922,001,1795
1447.5965,1447.6332,68437,82140,Rhinolophus ferrumequinum,0.022,0.022,-1,Echolocation,/mnt/ubna_data_02_mir/recover-20220922/UBNA_001/20220921_090000.WAV,Telephone Field,recover-20220922,001,1795
1447.7025,1447.7121,27187,35507,Eptesicus serotinus,0.02,0.039,-1,Echolocation,/mnt/ubna_data_02_mir/recover-20220922/UBNA_001/20220921_090000.WAV,Telephone Field,recover-20220922,001,1795
1447.7055,1447.7419,68437,81545,Rhinolophus ferrumequinum,0.023,0.023,-1,Echolocation,/mnt/ubna_data_02_mir/recover-20220922/UBNA_001/20220921_090000.WAV,Telephone Field,recover-20220922,001,1795
1447.7345,1447.7742,68437,82715,Rhinolophus ferrumequinum,0.022,0.022,-1,Echolocation,/mnt/ubna_data_02_mir/recover-20220922/UBNA_001/20220921_090000.WAV,Telephone Field,recover-20220922,001,1795
1447.7365,1447.7432,27187,43725,Eptesicus serotinus,0.008,0.027,-1,Echolocation,/mnt/ubna_data_02_mir/recover-20220922/UBNA_001/20220921_090000.WAV,Telephone Field,recover-20220922,001,1795
1447.7875,1447.7974,28906,37543,Eptesicus serotinus,0.01,0.022,-1,Echolocation,/mnt/ubna_data_02_mir/recover-20220922/UBNA_001/20220921_090000.WAV,Telephone Field,recover-20220922,001,1795
1447.8115,1447.8192,26328,36905,Eptesicus serotinus,0.008,0.023,-1,Echolocation,/mnt/ubna_data_02_mir/recover-20220922/UBNA_001/20220921_090000.WAV,Telephone Field,recover-20220922,001,1795
1447.8275,1447.8691,68437,83332,Rhinolophus ferrumequinum,0.029,0.029,-1,Echolocation,/mnt/ubna_data_02_mir/recover-20220922/UBNA_001/20220921_090000.WAV,Telephone Field,recover-20220922,001,1795
1447.8305,1447.8411,27187,35253,Eptesicus serotinus,0.01,0.022,-1,Echolocation,/mnt/ubna_data_02_mir/recover-20220922/UBNA_001/20220921_090000.WAV,Telephone Field,recover-20220922,001,1795
1447.8495,1447.8888,68437,82125,Rhinolophus ferrumequinum,0.022,0.022,-1,Echolocation,/mnt/ubna_data_02_mir/recover-20220922/UBNA_001/20220921_090000.WAV,Telephone Field,recover-20220922,001,1795
1447.8515,1447.8618,38359,46910,Pipistrellus nathusii,0.016,0.028,-1,Echolocation,/mnt/ubna_data_02_mir/recover-20220922/UBNA_001/20220921_090000.WAV,Telephone Field,recover-20220922,001,1795
1447.8855,1447.8927,23750,32403,Plecotus austriacus,0.007,0.021,-1,Echolocation,/mnt/ubna_data_02_mir/recover-20220922/UBNA_001/20220921_090000.WAV,Telephone Field,recover-20220922,001,1795
1447.8985,1447.9376,68437,82021,Rhinolophus ferrumequinum,0.022,0.022,-1,Echolocation,/mnt/ubna_data_02_mir/recover-20220922/UBNA_001/20220921_090000.WAV,Telephone Field,recover-20220922,001,1795
1447.9325,1447.9716,68437,82267,Rhinolophus ferrumequinum,0.026,0.026,-1,Echolocation,/mnt/ubna_data_02_mir/recover-20220922/UBNA_001/20220921_090000.WAV,Telephone Field,recover-20220922,001,1795
1447.9755,1447.9836,28906,39706,Eptesicus serotinus,0.007,0.022,-1,Echolocation,/mnt/ubna_data_02_mir/recover-20220922/UBNA_001/20220921_090000.WAV,Telephone Field,recover-20220922,001,1795
1448.0015,1448.0112,26328,33052,Nyctalus leisleri,0.012,0.031,-1,Echolocation,/mnt/ubna_data_02_mir/recover-20220922/UBNA_001/20220921_090000.WAV,Telephone Field,recover-20220922,001,1795
1448.0015,1448.0365,69296,80523,Rhinolophus ferrumequinum,0.045,0.045,-1,Echolocation,/mnt/ubna_data_02_mir/recover-20220922/UBNA_001/20220921_090000.WAV,Telephone Field,recover-20220922,001,1795
1448.0015,1448.0102,49531,56593,Pipistrellus pipistrellus,0.016,0.022,-1,Echolocation,/mnt/ubna_data_02_mir/recover-20220922/UBNA_001/20220921_090000.WAV,Telephone Field,recover-20220922,001,1795
1448.0505,1448.0929,68437,82562,Rhinolophus ferrumequinum,0.032,0.032,-1,Echolocation,/mnt/ubna_data_02_mir/recover-20220922/UBNA_001/20220921_090000.WAV,Telephone Field,recover-20220922,001,1795
1448.0715,1448.0806,43515,51420,Pipistrellus pipistrellus,0.016,0.021,-1,Echolocation,/mnt/ubna_data_02_mir/recover-20220922/UBNA_001/20220921_090000.WAV,Telephone Field,recover-20220922,001,1795
1448.0865,1448.1251,68437,82341,Rhinolophus ferrumequinum,0.024,0.024,-1,Echolocation,/mnt/ubna_data_02_mir/recover-20220922/UBNA_001/20220921_090000.WAV,Telephone Field,recover-20220922,001,1795
1448.0965,1448.1093,55546,62728,Pipistrellus pygmaeus,0.021,0.027,-1,Echolocation,/mnt/ubna_data_02_mir/recover-20220922/UBNA_001/20220921_090000.WAV,Telephone Field,recover-20220922,001,1795
1448.1235,1448.1645,68437,82831,Rhinolophus ferrumequinum,0.025,0.025,-1,Echolocation,/mnt/ubna_data_02_mir/recover-20220922/UBNA_001/20220921_090000.WAV,Telephone Field,recover-20220922,001,1795
1448.1235,1448.1303,27187,38522,Eptesicus serotinus,0.006,0.022,-1,Echolocation,/mnt/ubna_data_02_mir/recover-20220922/UBNA_001/20220921_090000.WAV,Telephone Field,recover-20220922,001,1795
1448.1265,1448.1375,40937,47539,Pipistrellus nathusii,0.01,0.024,-1,Echolocation,/mnt/ubna_data_02_mir/recover-20220922/UBNA_001/20220921_090000.WAV,Telephone Field,recover-20220922,001,1795
1448.1285,1448.1391,22890,27445,Nyctalus leisleri,0.011,0.022,-1,Echolocation,/mnt/ubna_data_02_mir/recover-20220922/UBNA_001/20220921_090000.WAV,Telephone Field,recover-20220922,001,1795
1448.1595,1448.1767,19453,22498,Nyctalus leisleri,0.011,0.021,-1,Echolocation,/mnt/ubna_data_02_mir/recover-20220922/UBNA_001/20220921_090000.WAV,Telephone Field,recover-20220922,001,1795
1448.1665,1448.2064,68437,83038,Rhinolophus ferrumequinum,0.03,0.03,-1,Echolocation,/mnt/ubna_data_02_mir/recover-20220922/UBNA_001/20220921_090000.WAV,Telephone Field,recover-20220922,001,1795
1448.2125,1448.2516,68437,82091,Rhinolophus ferrumequinum,0.026,0.026,-1,Echolocation,/mnt/ubna_data_02_mir/recover-20220922/UBNA_001/20220921_090000.WAV,Telephone Field,recover-20220922,001,1795
1448.2285,1448.2359,28046,36938,Eptesicus serotinus,0.006,0.021,-1,Echolocation,/mnt/ubna_data_02_mir/recover-20220922/UBNA_001/20220921_090000.WAV,Telephone Field,recover-20220922,001,1795
1448.2405,1448.2817,68437,82766,Rhinolophus ferrumequinum,0.024,0.024,-1,Echolocation,/mnt/ubna_data_02_mir/recover-20220922/UBNA_001/20220921_090000.WAV,Telephone Field,recover-20220922,001,1795
1448.2745,1448.3164,68437,82862,Rhinolophus ferrumequinum,0.029,0.029,-1,Echolocation,/mnt/ubna_data_02_mir/recover-20220922/UBNA_001/20220921_090000.WAV,Telephone Field,recover-20220922,001,1795
1448.2865,1448.295,46093,50141,Pipistrellus pipistrellus,0.05,0.052,-1,Echolocation,/mnt/ubna_data_02_mir/recover-20220922/UBNA_001/20220921_090000.WAV,Telephone Field,recover-20220922,001,1795
1448.2885,1448.2997,22890,28190,Nyctalus leisleri,0.011,0.023,-1,Echolocation,/mnt/ubna_data_02_mir/recover-20220922/UBNA_001/20220921_090000.WAV,Telephone Field,recover-20220922,001,1795
1448.3015,1448.3362,68437,82062,Rhinolophus ferrumequinum,0.021,0.021,-1,Echolocation,/mnt/ubna_data_02_mir/recover-20220922/UBNA_001/20220921_090000.WAV,Telephone Field,recover-20220922,001,1795
1448.3135,1448.3231,27187,37907,Eptesicus serotinus,0.009,0.021,-1,Echolocation,/mnt/ubna_data_02_mir/recover-20220922/UBNA_001/20220921_090000.WAV,Telephone Field,recover-20220922,001,1795
1448.3325,1448.3746,68437,82816,Rhinolophus ferrumequinum,0.027,0.027,-1,Echolocation,/mnt/ubna_data_02_mir/recover-20220922/UBNA_001/20220921_090000.WAV,Telephone Field,recover-20220922,001,1795
1448.3385,1448.3453,28046,39576,Eptesicus serotinus,0.007,0.028,-1,Echolocation,/mnt/ubna_data_02_mir/recover-20220922/UBNA_001/20220921_090000.WAV,Telephone Field,recover-20220922,001,1795
1448.3625,1448.3980999999999,68437,80748,Rhinolophus ferrumequinum,0.022,0.022,-1,Echolocation,/mnt/ubna_data_02_mir/recover-20220922/UBNA_001/20220921_090000.WAV,Telephone Field,recover-20220922,001,1795
1448.3695,1448.4054,68437,81882,Rhinolophus ferrumequinum,0.022,0.022,-1,Echolocation,/mnt/ubna_data_02_mir/recover-20220922/UBNA_001/20220921_090000.WAV,Telephone Field,recover-20220922,001,1795
1448.3795,1448.3883,28046,36511,Eptesicus serotinus,0.009,0.024,-1,Echolocation,/mnt/ubna_data_02_mir/recover-20220922/UBNA_001/20220921_090000.WAV,Telephone Field,recover-20220922,001,1795
1448.4005,1448.4367,68437,81551,Rhinolophus ferrumequinum,0.021,0.021,-1,Echolocation,/mnt/ubna_data_02_mir/recover-20220922/UBNA_001/20220921_090000.WAV,Telephone Field,recover-20220922,001,1795
1448.4365,1448.4449,28906,39035,Eptesicus serotinus,0.007,0.022,-1,Echolocation,/mnt/ubna_data_02_mir/recover-20220922/UBNA_001/20220921_090000.WAV,Telephone Field,recover-20220922,001,1795
1448.4485,1448.4876,68437,82690,Rhinolophus ferrumequinum,0.024,0.024,-1,Echolocation,/mnt/ubna_data_02_mir/recover-20220922/UBNA_001/20220921_090000.WAV,Telephone Field,recover-20220922,001,1795
1448.4925,1448.5038,24609,30014,Eptesicus serotinus,0.117,0.246,-1,Echolocation,/mnt/ubna_data_02_mir/recover-20220922/UBNA_001/20220921_090000.WAV,Telephone Field,recover-20220922,001,1795
1448.4945,1448.5316,68437,81364,Rhinolophus ferrumequinum,0.022,0.022,-1,Echolocation,/mnt/ubna_data_02_mir/recover-20220922/UBNA_001/20220921_090000.WAV,Telephone Field,recover-20220922,001,1795
1448.5355,1448.575,68437,82416,Rhinolophus ferrumequinum,0.024,0.024,-1,Echolocation,/mnt/ubna_data_02_mir/recover-20220922/UBNA_001/20220921_090000.WAV,Telephone Field,recover-20220922,001,1795
1448.5445,1448.5864,68437,82818,Rhinolophus ferrumequinum,0.027,0.027,-1,Echolocation,/mnt/ubna_data_02_mir/recover-20220922/UBNA_001/20220921_090000.WAV,Telephone Field,recover-20220922,001,1795
1448.5705,1448.6092,68437,81908,Rhinolophus ferrumequinum,0.027,0.027,-1,Echolocation,/mnt/ubna_data_02_mir/recover-20220922/UBNA_001/20220921_090000.WAV,Telephone Field,recover-20220922,001,1795
1448.5835,1448.5927,22890,29171,Nyctalus leisleri,0.008,0.022,-1,Echolocation,/mnt/ubna_data_02_mir/recover-20220922/UBNA_001/20220921_090000.WAV,Telephone Field,recover-20220922,001,1795
1448.6045,1448.6411,68437,82008,Rhinolophus ferrumequinum,0.022,0.022,-1,Echolocation,/mnt/ubna_data_02_mir/recover-20220922/UBNA_001/20220921_090000.WAV,Telephone Field,recover-20220922,001,1795
1448.6135,1448.6246,24609,31759,Eptesicus serotinus,0.012,0.03,-1,Echolocation,/mnt/ubna_data_02_mir/recover-20220922/UBNA_001/20220921_090000.WAV,Telephone Field,recover-20220922,001,1795
1448.6435,1448.6826,68437,82070,Rhinolophus ferrumequinum,0.024,0.024,-1,Echolocation,/mnt/ubna_data_02_mir/recover-20220922/UBNA_001/20220921_090000.WAV,Telephone Field,recover-20220922,001,1795
1448.6665,1448.6881,18593,22361,Nyctalus noctula,0.02,0.03,-1,Echolocation,/mnt/ubna_data_02_mir/recover-20220922/UBNA_001/20220921_090000.WAV,Telephone Field,recover-20220922,001,1795
1448.6815,1448.6887,46953,50572,Pipistrellus pipistrellus,0.023,0.024,-1,Echolocation,/mnt/ubna_data_02_mir/recover-20220922/UBNA_001/20220921_090000.WAV,Telephone Field,recover-20220922,001,1795
1448.6955,1448.7053,28046,36570,Eptesicus serotinus,0.01,0.023,-1,Echolocation,/mnt/ubna_data_02_mir/recover-20220922/UBNA_001/20220921_090000.WAV,Telephone Field,recover-20220922,001,1795
1448.7375,1448.7767,68437,82626,Rhinolophus ferrumequinum,0.025,0.025,-1,Echolocation,/mnt/ubna_data_02_mir/recover-20220922/UBNA_001/20220921_090000.WAV,Telephone Field,recover-20220922,001,1795
1448.7405,1448.7482,28046,38544,Eptesicus serotinus,0.008,0.024,-1,Echolocation,/mnt/ubna_data_02_mir/recover-20220922/UBNA_001/20220921_090000.WAV,Telephone Field,recover-20220922,001,1795
1448.7415,1448.7484,51250,55966,Pipistrellus pipistrellus,0.021,0.024,-1,Echolocation,/mnt/ubna_data_02_mir/recover-20220922/UBNA_001/20220921_090000.WAV,Telephone Field,recover-20220922,001,1795
1448.7665,1448.8056,68437,82282,Rhinolophus ferrumequinum,0.027,0.027,-1,Echolocation,/mnt/ubna_data_02_mir/recover-20220922/UBNA_001/20220921_090000.WAV,Telephone Field,recover-20220922,001,1795
1448.7755,1448.8154,68437,81768,Rhinolophus ferrumequinum,0.027,0.027,-1,Echolocation,/mnt/ubna_data_02_mir/recover-20220922/UBNA_001/20220921_090000.WAV,Telephone Field,recover-20220922,001,1795
1448.7835,1448.794,28906,36290,Eptesicus serotinus,0.013,0.027,-1,Echolocation,/mnt/ubna_data_02_mir/recover-20220922/UBNA_001/20220921_090000.WAV,Telephone Field,recover-20220922,001,1795
1448.8075,1448.8466,68437,82576,Rhinolophus ferrumequinum,0.03,0.03,-1,Echolocation,/mnt/ubna_data_02_mir/recover-20220922/UBNA_001/20220921_090000.WAV,Telephone Field,recover-20220922,001,1795
1448.8085,1448.8173,25468,32650,Eptesicus serotinus,0.163,0.308,-1,Echolocation,/mnt/ubna_data_02_mir/recover-20220922/UBNA_001/20220921_090000.WAV,Telephone Field,recover-20220922,001,1795
1448.8315,1448.8706,68437,81635,Rhinolophus ferrumequinum,0.026,0.026,-1,Echolocation,/mnt/ubna_data_02_mir/recover-20220922/UBNA_001/20220921_090000.WAV,Telephone Field,recover-20220922,001,1795
1448.8385,1448.879,68437,82610,Rhinolophus ferrumequinum,0.023,0.023,-1,Echolocation,/mnt/ubna_data_02_mir/recover-20220922/UBNA_001/20220921_090000.WAV,Telephone Field,recover-20220922,001,1795
1448.8485,1448.8552,27187,40653,Eptesicus serotinus,0.006,0.023,-1,Echolocation,/mnt/ubna_data_02_mir/recover-20220922/UBNA_001/20220921_090000.WAV,Telephone Field,recover-20220922,001,1795
1448.8615,1448.904,68437,83517,Rhinolophus ferrumequinum,0.043,0.043,-1,Echolocation,/mnt/ubna_data_02_mir/recover-20220922/UBNA_001/20220921_090000.WAV,Telephone Field,recover-20220922,001,1795
1448.8855,1448.892,47812,55784,Pipistrellus pipistrellus,0.025,0.027,-1,Echolocation,/mnt/ubna_data_02_mir/recover-20220922/UBNA_001/20220921_090000.WAV,Telephone Field,recover-20220922,001,1795
1448.9185,1448.9561,68437,81775,Rhinolophus ferrumequinum,0.024,0.024,-1,Echolocation,/mnt/ubna_data_02_mir/recover-20220922/UBNA_001/20220921_090000.WAV,Telephone Field,recover-20220922,001,1795
1448.9315,1448.9708,68437,82129,Rhinolophus ferrumequinum,0.022,0.022,-1,Echolocation,/mnt/ubna_data_02_mir/recover-20220922/UBNA_001/20220921_090000.WAV,Telephone Field,recover-20220922,001,1795
1448.9565,1448.9658,26328,34912,Eptesicus serotinus,0.023,0.045,-1,Echolocation,/mnt/ubna_data_02_mir/recover-20220922/UBNA_001/20220921_090000.WAV,Telephone Field,recover-20220922,001,1795
1448.9565,1448.9923,68437,81145,Rhinolophus ferrumequinum,0.022,0.022,-1,Echolocation,/mnt/ubna_data_02_mir/recover-20220922/UBNA_001/20220921_090000.WAV,Telephone Field,recover-20220922,001,1795
1448.9825,1449.0224,68437,82383,Rhinolophus ferrumequinum,0.024,0.024,-1,Echolocation,/mnt/ubna_data_02_mir/recover-20220922/UBNA_001/20220921_090000.WAV,Telephone Field,recover-20220922,001,1795
1449.0065,1449.0459,68437,81811,Rhinolophus ferrumequinum,0.024,0.024,-1,Echolocation,/mnt/ubna_data_02_mir/recover-20220922/UBNA_001/20220921_090000.WAV,Telephone Field,recover-20220922,001,1795
1449.0175,1449.0274,24609,31476,Nyctalus leisleri,0.009,0.024,-1,Echolocation,/mnt/ubna_data_02_mir/recover-20220922/UBNA_001/20220921_090000.WAV,Telephone Field,recover-20220922,001,1795
1449.0175,1449.0532,68437,81158,Rhinolophus ferrumequinum,0.022,0.022,-1,Echolocation,/mnt/ubna_data_02_mir/recover-20220922/UBNA_001/20220921_090000.WAV,Telephone Field,recover-20220922,001,1795
1449.0825,1449.1201,68437,82195,Rhinolophus ferrumequinum,0.03,0.03,-1,Echolocation,/mnt/ubna_data_02_mir/recover-20220922/UBNA_001/20220921_090000.WAV,Telephone Field,recover-20220922,001,1795
1449.1115,1449.1238,22890,27881,Nyctalus leisleri,0.013,0.024,-1,Echolocation,/mnt/ubna_data_02_mir/recover-20220922/UBNA_001/20220921_090000.WAV,Telephone Field,recover-20220922,001,1795
1449.1245,1449.1637,68437,82477,Rhinolophus ferrumequinum,0.023,0.023,-1,Echolocation,/mnt/ubna_data_02_mir/recover-20220922/UBNA_001/20220921_090000.WAV,Telephone Field,recover-20220922,001,1795
1449.1435,1449.1837,68437,82359,Rhinolophus ferrumequinum,0.023,0.023,-1,Echolocation,/mnt/ubna_data_02_mir/recover-20220922/UBNA_001/20220921_090000.WAV,Telephone Field,recover-20220922,001,1795
1449.1695,1449.1775,26328,41131,Eptesicus serotinus,0.007,0.024,-1,Echolocation,/mnt/ubna_data_02_mir/recover-20220922/UBNA_001/20220921_090000.WAV,Telephone Field,recover-20220922,001,1795
1449.1695,1449.2084,68437,82394,Rhinolophus ferrumequinum,0.024,0.024,-1,Echolocation,/mnt/ubna_data_02_mir/recover-20220922/UBNA_001/20220921_090000.WAV,Telephone Field,recover-20220922,001,1795
1449.1845,1449.223,68437,81160,Rhinolophus ferrumequinum,0.029,0.029,-1,Echolocation,/mnt/ubna_data_02_mir/recover-20220922/UBNA_001/20220921_090000.WAV,Telephone Field,recover-20220922,001,1795
1449.1915,1449.2329,68437,82003,Rhinolophus ferrumequinum,0.027,0.027,-1,Echolocation,/mnt/ubna_data_02_mir/recover-20220922/UBNA_001/20220921_090000.WAV,Telephone Field,recover-20220922,001,1795
1449.2195,1449.2263,26328,40380,Eptesicus serotinus,0.008,0.033,-1,Echolocation,/mnt/ubna_data_02_mir/recover-20220922/UBNA_001/20220921_090000.WAV,Telephone Field,recover-20220922,001,1795
1449.2315,1449.2432,25468,30497,Eptesicus serotinus,0.137,0.279,-1,Echolocation,/mnt/ubna_data_02_mir/recover-20220922/UBNA_001/20220921_090000.WAV,Telephone Field,recover-20220922,001,1795
1449.2355,1449.2743,68437,82236,Rhinolophus ferrumequinum,0.022,0.022,-1,Echolocation,/mnt/ubna_data_02_mir/recover-20220922/UBNA_001/20220921_090000.WAV,Telephone Field,recover-20220922,001,1795
1449.2695,1449.3054,68437,82302,Rhinolophus ferrumequinum,0.022,0.022,-1,Echolocation,/mnt/ubna_data_02_mir/recover-20220922/UBNA_001/20220921_090000.WAV,Telephone Field,recover-20220922,001,1795
1449.2845,1449.2951,22890,28566,Nyctalus leisleri,0.01,0.024,-1,Echolocation,/mnt/ubna_data_02_mir/recover-20220922/UBNA_001/20220921_090000.WAV,Telephone Field,recover-20220922,001,1795
1449.3125,1449.3514,68437,82360,Rhinolophus ferrumequinum,0.023,0.023,-1,Echolocation,/mnt/ubna_data_02_mir/recover-20220922/UBNA_001/20220921_090000.WAV,Telephone Field,recover-20220922,001,1795
1449.3135,1449.3313,21171,24039,Nyctalus leisleri,0.017,0.028,-1,Echolocation,/mnt/ubna_data_02_mir/recover-20220922/UBNA_001/20220921_090000.WAV,Telephone Field,recover-20220922,001,1795
1449.3185,1449.3566,68437,82348,Rhinolophus ferrumequinum,0.024,0.024,-1,Echolocation,/mnt/ubna_data_02_mir/recover-20220922/UBNA_001/20220921_090000.WAV,Telephone Field,recover-20220922,001,1795
1449.3485,1449.3835,68437,81919,Rhinolophus ferrumequinum,0.024,0.024,-1,Echolocation,/mnt/ubna_data_02_mir/recover-20220922/UBNA_001/20220921_090000.WAV,Telephone Field,recover-20220922,001,1795
1449.3615,1449.3984,68437,81587,Rhinolophus ferrumequinum,0.022,0.022,-1,Echolocation,/mnt/ubna_data_02_mir/recover-20220922/UBNA_001/20220921_090000.WAV,Telephone Field,recover-20220922,001,1795
1449.3825,1449.3905,26328,35507,Eptesicus serotinus,0.011,0.029,-1,Echolocation,/mnt/ubna_data_02_mir/recover-20220922/UBNA_001/20220921_090000.WAV,Telephone Field,recover-20220922,001,1795
1449.3875,1449.4225,68437,80960,Rhinolophus ferrumequinum,0.021,0.022,-1,Echolocation,/mnt/ubna_data_02_mir/recover-20220922/UBNA_001/20220921_090000.WAV,Telephone Field,recover-20220922,001,1795
1449.4245,1449.4633,68437,82182,Rhinolophus ferrumequinum,0.025,0.025,-1,Echolocation,/mnt/ubna_data_02_mir/recover-20220922/UBNA_001/20220921_090000.WAV,Telephone Field,recover-20220922,001,1795
1449.4405,1449.4514,25468,31808,Nyctalus leisleri,0.014,0.036,-1,Echolocation,/mnt/ubna_data_02_mir/recover-20220922/UBNA_001/20220921_090000.WAV,Telephone Field,recover-20220922,001,1795
1449.4515,1449.4588,41796,54308,Myotis mystacinus,0.005,0.024,-1,Echolocation,/mnt/ubna_data_02_mir/recover-20220922/UBNA_001/20220921_090000.WAV,Telephone Field,recover-20220922,001,1795
1449.4615,1449.5039,68437,82187,Rhinolophus ferrumequinum,0.023,0.023,-1,Echolocation,/mnt/ubna_data_02_mir/recover-20220922/UBNA_001/20220921_090000.WAV,Telephone Field,recover-20220922,001,1795
1449.4635,1449.4748,22890,28313,Nyctalus leisleri,0.016,0.033,-1,Echolocation,/mnt/ubna_data_02_mir/recover-20220922/UBNA_001/20220921_090000.WAV,Telephone Field,recover-20220922,001,1795
1449.5185,1449.5572,68437,82611,Rhinolophus ferrumequinum,0.022,0.022,-1,Echolocation,/mnt/ubna_data_02_mir/recover-20220922/UBNA_001/20220921_090000.WAV,Telephone Field,recover-20220922,001,1795
1449.5455,1449.5527,28046,40578,Eptesicus serotinus,0.006,0.022,-1,Echolocation,/mnt/ubna_data_02_mir/recover-20220922/UBNA_001/20220921_090000.WAV,Telephone Field,recover-20220922,001,1795
1449.5625,1449.5724,23750,29901,Nyctalus leisleri,0.009,0.021,-1,Echolocation,/mnt/ubna_data_02_mir/recover-20220922/UBNA_001/20220921_090000.WAV,Telephone Field,recover-20220922,001,1795
1449.5805,1449.6202,68437,82516,Rhinolophus ferrumequinum,0.026,0.026,-1,Echolocation,/mnt/ubna_data_02_mir/recover-20220922/UBNA_001/20220921_090000.WAV,Telephone Field,recover-20220922,001,1795
1449.5925,1449.6001,23750,31723,Plecotus austriacus,0.009,0.021,-1,Echolocation,/mnt/ubna_data_02_mir/recover-20220922/UBNA_001/20220921_090000.WAV,Telephone Field,recover-20220922,001,1795
1449.6245,1449.6638,68437,81974,Rhinolophus ferrumequinum,0.022,0.022,-1,Echolocation,/mnt/ubna_data_02_mir/recover-20220922/UBNA_001/20220921_090000.WAV,Telephone Field,recover-20220922,001,1795
1449.6355,1449.6432,25468,36353,Plecotus austriacus,0.008,0.029,-1,Echolocation,/mnt/ubna_data_02_mir/recover-20220922/UBNA_001/20220921_090000.WAV,Telephone Field,recover-20220922,001,1795
1449.6525,1449.6629,26328,32516,Nyctalus leisleri,0.258,0.501,-1,Echolocation,/mnt/ubna_data_02_mir/recover-20220922/UBNA_001/20220921_090000.WAV,Telephone Field,recover-20220922,001,1795
1449.6625,1449.6982,68437,80951,Rhinolophus ferrumequinum,0.024,0.024,-1,Echolocation,/mnt/ubna_data_02_mir/recover-20220922/UBNA_001/20220921_090000.WAV,Telephone Field,recover-20220922,001,1795
1449.6675,1449.6766,43515,51709,Pipistrellus pipistrellus,0.017,0.023,-1,Echolocation,/mnt/ubna_data_02_mir/recover-20220922/UBNA_001/20220921_090000.WAV,Telephone Field,recover-20220922,001,1795
1449.6775,1449.7114,68437,81519,Rhinolophus ferrumequinum,0.021,0.022,-1,Echolocation,/mnt/ubna_data_02_mir/recover-20220922/UBNA_001/20220921_090000.WAV,Telephone Field,recover-20220922,001,1795
1449.7195,1449.7284,22890,29919,Plecotus austriacus,0.008,0.023,-1,Echolocation,/mnt/ubna_data_02_mir/recover-20220922/UBNA_001/20220921_090000.WAV,Telephone Field,recover-20220922,001,1795
1449.7435,1449.7797,68437,81844,Rhinolophus ferrumequinum,0.021,0.021,-1,Echolocation,/mnt/ubna_data_02_mir/recover-20220922/UBNA_001/20220921_090000.WAV,Telephone Field,recover-20220922,001,1795
1449.7435,1449.7561,22031,26110,Nyctalus leisleri,0.017,0.029,-1,Echolocation,/mnt/ubna_data_02_mir/recover-20220922/UBNA_001/20220921_090000.WAV,Telephone Field,recover-20220922,001,1795
1449.7665,1449.7775,23750,29748,Nyctalus leisleri,0.011,0.026,-1,Echolocation,/mnt/ubna_data_02_mir/recover-20220922/UBNA_001/20220921_090000.WAV,Telephone Field,recover-20220922,001,1795
1449.7685,1449.8104,68437,82519,Rhinolophus ferrumequinum,0.029,0.029,-1,Echolocation,/mnt/ubna_data_02_mir/recover-20220922/UBNA_001/20220921_090000.WAV,Telephone Field,recover-20220922,001,1795
1449.7965,1449.8351,68437,81681,Rhinolophus ferrumequinum,0.027,0.027,-1,Echolocation,/mnt/ubna_data_02_mir/recover-20220922/UBNA_001/20220921_090000.WAV,Telephone Field,recover-20220922,001,1795
1449.7985,1449.8087,28906,36538,Eptesicus serotinus,0.011,0.025,-1,Echolocation,/mnt/ubna_data_02_mir/recover-20220922/UBNA_001/20220921_090000.WAV,Telephone Field,recover-20220922,001,1795
1449.8095,1449.8257,16015,20856,Nyctalus noctula,0.016,0.023,-1,Echolocation,/mnt/ubna_data_02_mir/recover-20220922/UBNA_001/20220921_090000.WAV,Telephone Field,recover-20220922,001,1795
1449.8485,1449.8601,40937,44974,Pipistrellus pipistrellus,0.007,0.023,-1,Echolocation,/mnt/ubna_data_02_mir/recover-20220922/UBNA_001/20220921_090000.WAV,Telephone Field,recover-20220922,001,1795
1449.8735,1449.9118,68437,81950,Rhinolophus ferrumequinum,0.023,0.023,-1,Echolocation,/mnt/ubna_data_02_mir/recover-20220922/UBNA_001/20220921_090000.WAV,Telephone Field,recover-20220922,001,1795
1449.8785,1449.888,27187,36666,Eptesicus serotinus,0.01,0.027,-1,Echolocation,/mnt/ubna_data_02_mir/recover-20220922/UBNA_001/20220921_090000.WAV,Telephone Field,recover-20220922,001,1795
1449.9155,1449.9508,68437,81118,Rhinolophus ferrumequinum,0.022,0.022,-1,Echolocation,/mnt/ubna_data_02_mir/recover-20220922/UBNA_001/20220921_090000.WAV,Telephone Field,recover-20220922,001,1795
1449.9425,1449.9798,68437,81505,Rhinolophus ferrumequinum,0.023,0.023,-1,Echolocation,/mnt/ubna_data_02_mir/recover-20220922/UBNA_001/20220921_090000.WAV,Telephone Field,recover-20220922,001,1795
1449.9485,1449.9556,46093,51251,Pipistrellus pipistrellus,0.024,0.025,-1,Echolocation,/mnt/ubna_data_02_mir/recover-20220922/UBNA_001/20220921_090000.WAV,Telephone Field,recover-20220922,001,1795
1449.9515,1449.9589,28046,39901,Eptesicus serotinus,0.006,0.021,-1,Echolocation,/mnt/ubna_data_02_mir/recover-20220922/UBNA_001/20220921_090000.WAV,Telephone Field,recover-20220922,001,1795
1449.9605,1449.9997,68437,82512,Rhinolophus ferrumequinum,0.034,0.034,-1,Echolocation,/mnt/ubna_data_02_mir/recover-20220922/UBNA_001/20220921_090000.WAV,Telephone Field,recover-20220922,001,1795
1449.9845,1449.9934,48671,54304,Pipistrellus pipistrellus,0.021,0.024,-1,Echolocation,/mnt/ubna_data_02_mir/recover-20220922/UBNA_001/20220921_090000.WAV,Telephone Field,recover-20220922,001,1795
1450.0015,1450.0111,47812,54248,Pipistrellus pipistrellus,0.017,0.023,-1,Echolocation,/mnt/ubna_data_02_mir/recover-20220922/UBNA_001/20220921_090000.WAV,Telephone Field,recover-20220922,001,1795
1450.0015,1450.0095,26328,36778,Eptesicus serotinus,0.006,0.023,-1,Echolocation,/mnt/ubna_data_02_mir/recover-20220922/UBNA_001/20220921_090000.WAV,Telephone Field,recover-20220922,001,1795
1450.0015,1450.015,58125,64830,Pipistrellus pygmaeus,0.028,0.03,-1,Echolocation,/mnt/ubna_data_02_mir/recover-20220922/UBNA_001/20220921_090000.WAV,Telephone Field,recover-20220922,001,1795
1450.0015,1450.0349,68437,80862,Rhinolophus ferrumequinum,0.032,0.032,-1,Echolocation,/mnt/ubna_data_02_mir/recover-20220922/UBNA_001/20220921_090000.WAV,Telephone Field,recover-20220922,001,1795
1450.0445,1450.0811,68437,82167,Rhinolophus ferrumequinum,0.024,0.024,-1,Echolocation,/mnt/ubna_data_02_mir/recover-20220922/UBNA_001/20220921_090000.WAV,Telephone Field,recover-20220922,001,1795
1450.0635,1450.1069,68437,83408,Rhinolophus ferrumequinum,0.028,0.028,-1,Echolocation,/mnt/ubna_data_02_mir/recover-20220922/UBNA_001/20220921_090000.WAV,Telephone Field,recover-20220922,001,1795
1450.0945,1450.1329,68437,82294,Rhinolophus ferrumequinum,0.023,0.023,-1,Echolocation,/mnt/ubna_data_02_mir/recover-20220922/UBNA_001/20220921_090000.WAV,Telephone Field,recover-20220922,001,1795
1450.1065,1450.1139,28046,41953,Eptesicus serotinus,0.01,0.032,-1,Echolocation,/mnt/ubna_data_02_mir/recover-20220922/UBNA_001/20220921_090000.WAV,Telephone Field,recover-20220922,001,1795
1450.1405,1450.1785,68437,82751,Rhinolophus ferrumequinum,0.033,0.033,-1,Echolocation,/mnt/ubna_data_02_mir/recover-20220922/UBNA_001/20220921_090000.WAV,Telephone Field,recover-20220922,001,1795
1450.1555,1450.1977,68437,82484,Rhinolophus ferrumequinum,0.024,0.024,-1,Echolocation,/mnt/ubna_data_02_mir/recover-20220922/UBNA_001/20220921_090000.WAV,Telephone Field,recover-20220922,001,1795
1450.1715,1450.1794,48671,57208,Pipistrellus pipistrellus,0.021,0.023,-1,Echolocation,/mnt/ubna_data_02_mir/recover-20220922/UBNA_001/20220921_090000.WAV,Telephone Field,recover-20220922,001,1795
1450.1865,1450.1944,28046,39341,Eptesicus serotinus,0.007,0.022,-1,Echolocation,/mnt/ubna_data_02_mir/recover-20220922/UBNA_001/20220921_090000.WAV,Telephone Field,recover-20220922,001,1795
1450.2025,1450.2131,23750,29997,Nyctalus leisleri,0.009,0.023,-1,Echolocation,/mnt/ubna_data_02_mir/recover-20220922/UBNA_001/20220921_090000.WAV,Telephone Field,recover-20220922,001,1795
1450.2445,1450.2833,68437,82830,Rhinolophus ferrumequinum,0.023,0.023,-1,Echolocation,/mnt/ubna_data_02_mir/recover-20220922/UBNA_001/20220921_090000.WAV,Telephone Field,recover-20220922,001,1795
1450.2675,1450.3044,68437,82499,Rhinolophus ferrumequinum,0.025,0.025,-1,Echolocation,/mnt/ubna_data_02_mir/recover-20220922/UBNA_001/20220921_090000.WAV,Telephone Field,recover-20220922,001,1795
1450.2745,1450.2828,28046,38140,Eptesicus serotinus,0.008,0.023,-1,Echolocation,/mnt/ubna_data_02_mir/recover-20220922/UBNA_001/20220921_090000.WAV,Telephone Field,recover-20220922,001,1795
1450.2845,1450.2912,28046,39780,Eptesicus serotinus,0.008,0.029,-1,Echolocation,/mnt/ubna_data_02_mir/recover-20220922/UBNA_001/20220921_090000.WAV,Telephone Field,recover-20220922,001,1795
1450.2925,1450.3316,68437,82382,Rhinolophus ferrumequinum,0.023,0.023,-1,Echolocation,/mnt/ubna_data_02_mir/recover-20220922/UBNA_001/20220921_090000.WAV,Telephone Field,recover-20220922,001,1795
1450.3075,1450.3465,68437,81924,Rhinolophus ferrumequinum,0.023,0.023,-1,Echolocation,/mnt/ubna_data_02_mir/recover-20220922/UBNA_001/20220921_090000.WAV,Telephone Field,recover-20220922,001,1795
1450.3095,1450.3207,24609,31825,Eptesicus serotinus,0.011,0.028,-1,Echolocation,/mnt/ubna_data_02_mir/recover-20220922/UBNA_001/20220921_090000.WAV,Telephone Field,recover-20220922,001,1795
1450.3575,1450.3658,28906,38525,Eptesicus serotinus,0.008,0.022,-1,Echolocation,/mnt/ubna_data_02_mir/recover-20220922/UBNA_001/20220921_090000.WAV,Telephone Field,recover-20220922,001,1795
1450.4065,1450.4146,28046,35986,Eptesicus serotinus,0.009,0.022,-1,Echolocation,/mnt/ubna_data_02_mir/recover-20220922/UBNA_001/20220921_090000.WAV,Telephone Field,recover-20220922,001,1795
1450.4145,1450.4555,68437,83411,Rhinolophus ferrumequinum,0.035,0.035,-1,Echolocation,/mnt/ubna_data_02_mir/recover-20220922/UBNA_001/20220921_090000.WAV,Telephone Field,recover-20220922,001,1795
1450.4355,1450.445,40078,46365,Pipistrellus nathusii,0.017,0.03,-1,Echolocation,/mnt/ubna_data_02_mir/recover-20220922/UBNA_001/20220921_090000.WAV,Telephone Field,recover-20220922,001,1795
1450.4455,1450.4831,68437,82201,Rhinolophus ferrumequinum,0.022,0.022,-1,Echolocation,/mnt/ubna_data_02_mir/recover-20220922/UBNA_001/20220921_090000.WAV,Telephone Field,recover-20220922,001,1795
1450.4975,1450.5055,28906,37523,Eptesicus serotinus,0.017,0.036,-1,Echolocation,/mnt/ubna_data_02_mir/recover-20220922/UBNA_001/20220921_090000.WAV,Telephone Field,recover-20220922,001,1795
1450.5105,1450.5494,68437,82734,Rhinolophus ferrumequinum,0.023,0.023,-1,Echolocation,/mnt/ubna_data_02_mir/recover-20220922/UBNA_001/20220921_090000.WAV,Telephone Field,recover-20220922,001,1795
1450.5255,1450.5625,68437,82096,Rhinolophus ferrumequinum,0.022,0.022,-1,Echolocation,/mnt/ubna_data_02_mir/recover-20220922/UBNA_001/20220921_090000.WAV,Telephone Field,recover-20220922,001,1795
1450.5455,1450.5623,20312,24065,Nyctalus leisleri,0.012,0.023,-1,Echolocation,/mnt/ubna_data_02_mir/recover-20220922/UBNA_001/20220921_090000.WAV,Telephone Field,recover-20220922,001,1795
1450.5495,1450.5864,68437,82351,Rhinolophus ferrumequinum,0.022,0.022,-1,Echolocation,/mnt/ubna_data_02_mir/recover-20220922/UBNA_001/20220921_090000.WAV,Telephone Field,recover-20220922,001,1795
1450.5495,1450.5612,35781,40259,Pipistrellus nathusii,0.042,0.06,-1,Echolocation,/mnt/ubna_data_02_mir/recover-20220922/UBNA_001/20220921_090000.WAV,Telephone Field,recover-20220922,001,1795
1450.6445,1450.6821,68437,81760,Rhinolophus ferrumequinum,0.026,0.026,-1,Echolocation,/mnt/ubna_data_02_mir/recover-20220922/UBNA_001/20220921_090000.WAV,Telephone Field,recover-20220922,001,1795
1450.6605,1450.7005,68437,82370,Rhinolophus ferrumequinum,0.025,0.025,-1,Echolocation,/mnt/ubna_data_02_mir/recover-20220922/UBNA_001/20220921_090000.WAV,Telephone Field,recover-20220922,001,1795
1450.7205,1450.7608,68437,82493,Rhinolophus ferrumequinum,0.022,0.022,-1,Echolocation,/mnt/ubna_data_02_mir/recover-20220922/UBNA_001/20220921_090000.WAV,Telephone Field,recover-20220922,001,1795
1450.7265,1450.7353,25468,34238,Eptesicus serotinus,0.009,0.025,-1,Echolocation,/mnt/ubna_data_02_mir/recover-20220922/UBNA_001/20220921_090000.WAV,Telephone Field,recover-20220922,001,1795
1450.7405,1450.7474,47812,52075,Pipistrellus pipistrellus,0.039,0.041,-1,Echolocation,/mnt/ubna_data_02_mir/recover-20220922/UBNA_001/20220921_090000.WAV,Telephone Field,recover-20220922,001,1795
1450.7475,1450.7632,22031,25939,Nyctalus leisleri,0.018,0.036,-1,Echolocation,/mnt/ubna_data_02_mir/recover-20220922/UBNA_001/20220921_090000.WAV,Telephone Field,recover-20220922,001,1795
1450.7695,1450.8089,68437,82844,Rhinolophus ferrumequinum,0.025,0.025,-1,Echolocation,/mnt/ubna_data_02_mir/recover-20220922/UBNA_001/20220921_090000.WAV,Telephone Field,recover-20220922,001,1795
1450.7755,1450.7824,33203,44913,Myotis daubentonii,0.008,0.022,-1,Echolocation,/mnt/ubna_data_02_mir/recover-20220922/UBNA_001/20220921_090000.WAV,Telephone Field,recover-20220922,001,1795
1450.7755,1450.7826,28046,41991,Eptesicus serotinus,0.006,0.022,-1,Echolocation,/mnt/ubna_data_02_mir/recover-20220922/UBNA_001/20220921_090000.WAV,Telephone Field,recover-20220922,001,1795
1450.8235,1450.8399,20312,23849,Nyctalus leisleri,0.014,0.025,-1,Echolocation,/mnt/ubna_data_02_mir/recover-20220922/UBNA_001/20220921_090000.WAV,Telephone Field,recover-20220922,001,1795
1450.8465,1450.8555,25468,33861,Eptesicus serotinus,0.009,0.024,-1,Echolocation,/mnt/ubna_data_02_mir/recover-20220922/UBNA_001/20220921_090000.WAV,Telephone Field,recover-20220922,001,1795
1450.8565,1450.8658,27187,35171,Eptesicus serotinus,0.012,0.026,-1,Echolocation,/mnt/ubna_data_02_mir/recover-20220922/UBNA_001/20220921_090000.WAV,Telephone Field,recover-20220922,001,1795
1450.8715,1450.9152,68437,82632,Rhinolophus ferrumequinum,0.029,0.029,-1,Echolocation,/mnt/ubna_data_02_mir/recover-20220922/UBNA_001/20220921_090000.WAV,Telephone Field,recover-20220922,001,1795
1450.8785,1450.8888,22890,27820,Nyctalus leisleri,0.011,0.023,-1,Echolocation,/mnt/ubna_data_02_mir/recover-20220922/UBNA_001/20220921_090000.WAV,Telephone Field,recover-20220922,001,1795
1450.9105,1450.9535,68437,83463,Rhinolophus ferrumequinum,0.044,0.044,-1,Echolocation,/mnt/ubna_data_02_mir/recover-20220922/UBNA_001/20220921_090000.WAV,Telephone Field,recover-20220922,001,1795
1450.9275,1450.9447,20312,24437,Nyctalus leisleri,0.018,0.038,-1,Echolocation,/mnt/ubna_data_02_mir/recover-20220922/UBNA_001/20220921_090000.WAV,Telephone Field,recover-20220922,001,1795
1450.9535,1450.9935,68437,82597,Rhinolophus ferrumequinum,0.032,0.032,-1,Echolocation,/mnt/ubna_data_02_mir/recover-20220922/UBNA_001/20220921_090000.WAV,Telephone Field,recover-20220922,001,1795
1450.9685,1450.9761,27187,40554,Eptesicus serotinus,0.007,0.022,-1,Echolocation,/mnt/ubna_data_02_mir/recover-20220922/UBNA_001/20220921_090000.WAV,Telephone Field,recover-20220922,001,1795
1450.9685,1450.9748,38359,49412,Barbastellus barbastellus,0.008,0.025,-1,Echolocation,/mnt/ubna_data_02_mir/recover-20220922/UBNA_001/20220921_090000.WAV,Telephone Field,recover-20220922,001,1795
1450.9835,1451.0237,68437,81972,Rhinolophus ferrumequinum,0.026,0.026,-1,Echolocation,/mnt/ubna_data_02_mir/recover-20220922/UBNA_001/20220921_090000.WAV,Telephone Field,recover-20220922,001,1795
1450.9845,1450.996,22031,26090,Nyctalus leisleri,0.012,0.023,-1,Echolocation,/mnt/ubna_data_02_mir/recover-20220922/UBNA_001/20220921_090000.WAV,Telephone Field,recover-20220922,001,1795
1451.0315,1451.0728,68437,83012,Rhinolophus ferrumequinum,0.023,0.023,-1,Echolocation,/mnt/ubna_data_02_mir/recover-20220922/UBNA_001/20220921_090000.WAV,Telephone Field,recover-20220922,001,1795
1451.0625,1451.0986,68437,82048,Rhinolophus ferrumequinum,0.022,0.022,-1,Echolocation,/mnt/ubna_data_02_mir/recover-20220922/UBNA_001/20220921_090000.WAV,Telephone Field,recover-20220922,001,1795
1451.0655,1451.0728,27187,42330,Eptesicus serotinus,0.009,0.029,-1,Echolocation,/mnt/ubna_data_02_mir/recover-20220922/UBNA_001/20220921_090000.WAV,Telephone Field,recover-20220922,001,1795
1451.1015,1451.143,68437,82550,Rhinolophus ferrumequinum,0.023,0.023,-1,Echolocation,/mnt/ubna_data_02_mir/recover-20220922/UBNA_001/20220921_090000.WAV,Telephone Field,recover-20220922,001,1795
1451.1055,1451.1131,28046,40036,Eptesicus serotinus,0.008,0.022,-1,Echolocation,/mnt/ubna_data_02_mir/recover-20220922/UBNA_001/20220921_090000.WAV,Telephone Field,recover-20220922,001,1795
1451.1435,1451.1867,68437,83161,Rhinolophus ferrumequinum,0.031,0.031,-1,Echolocation,/mnt/ubna_data_02_mir/recover-20220922/UBNA_001/20220921_090000.WAV,Telephone Field,recover-20220922,001,1795
1451.1495,1451.1607,24609,30495,Nyctalus leisleri,0.018,0.043,-1,Echolocation,/mnt/ubna_data_02_mir/recover-20220922/UBNA_001/20220921_090000.WAV,Telephone Field,recover-20220922,001,1795
1451.1645,1451.1752,24609,32050,Nyctalus leisleri,0.007,0.023,-1,Echolocation,/mnt/ubna_data_02_mir/recover-20220922/UBNA_001/20220921_090000.WAV,Telephone Field,recover-20220922,001,1795
1451.1835,1451.1911,28046,41278,Eptesicus serotinus,0.007,0.022,-1,Echolocation,/mnt/ubna_data_02_mir/recover-20220922/UBNA_001/20220921_090000.WAV,Telephone Field,recover-20220922,001,1795
1451.2105,1451.2466,68437,81320,Rhinolophus ferrumequinum,0.023,0.023,-1,Echolocation,/mnt/ubna_data_02_mir/recover-20220922/UBNA_001/20220921_090000.WAV,Telephone Field,recover-20220922,001,1795
1451.2295,1451.2701,68437,82687,Rhinolophus ferrumequinum,0.029,0.029,-1,Echolocation,/mnt/ubna_data_02_mir/recover-20220922/UBNA_001/20220921_090000.WAV,Telephone Field,recover-20220922,001,1795
1451.2605,1451.2703,25468,32201,Eptesicus serotinus,0.007,0.023,-1,Echolocation,/mnt/ubna_data_02_mir/recover-20220922/UBNA_001/20220921_090000.WAV,Telephone Field,recover-20220922,001,1795
1451.2825,1451.2897,28906,39367,Eptesicus serotinus,0.006,0.023,-1,Echolocation,/mnt/ubna_data_02_mir/recover-20220922/UBNA_001/20220921_090000.WAV,Telephone Field,recover-20220922,001,1795
1451.2945,1451.3007,40078,55054,Myotis bechsteinii,0.007,0.03,-1,Echolocation,/mnt/ubna_data_02_mir/recover-20220922/UBNA_001/20220921_090000.WAV,Telephone Field,recover-20220922,001,1795
1451.3065,1451.3464,68437,82317,Rhinolophus ferrumequinum,0.024,0.024,-1,Echolocation,/mnt/ubna_data_02_mir/recover-20220922/UBNA_001/20220921_090000.WAV,Telephone Field,recover-20220922,001,1795
1451.3455,1451.356,27187,34811,Eptesicus serotinus,0.017,0.03,-1,Echolocation,/mnt/ubna_data_02_mir/recover-20220922/UBNA_001/20220921_090000.WAV,Telephone Field,recover-20220922,001,1795
1451.3665,1451.3741,23750,34048,Plecotus austriacus,0.011,0.028,-1,Echolocation,/mnt/ubna_data_02_mir/recover-20220922/UBNA_001/20220921_090000.WAV,Telephone Field,recover-20220922,001,1795
1451.4235,1451.4356,22890,27117,Nyctalus leisleri,0.014,0.027,-1,Echolocation,/mnt/ubna_data_02_mir/recover-20220922/UBNA_001/20220921_090000.WAV,Telephone Field,recover-20220922,001,1795
1451.4865,1451.5299,68437,83156,Rhinolophus ferrumequinum,0.034,0.034,-1,Echolocation,/mnt/ubna_data_02_mir/recover-20220922/UBNA_001/20220921_090000.WAV,Telephone Field,recover-20220922,001,1795
1451.5135,1451.5293,22031,25522,Nyctalus leisleri,0.015,0.026,-1,Echolocation,/mnt/ubna_data_02_mir/recover-20220922/UBNA_001/20220921_090000.WAV,Telephone Field,recover-20220922,001,1795
1451.5225,1451.5354,23750,28315,Nyctalus leisleri,0.017,0.031,-1,Echolocation,/mnt/ubna_data_02_mir/recover-20220922/UBNA_001/20220921_090000.WAV,Telephone Field,recover-20220922,001,1795
1451.5365,1451.5447,28046,38847,Eptesicus serotinus,0.007,0.023,-1,Echolocation,/mnt/ubna_data_02_mir/recover-20220922/UBNA_001/20220921_090000.WAV,Telephone Field,recover-20220922,001,1795
1451.5625,1451.6012,68437,82411,Rhinolophus ferrumequinum,0.025,0.025,-1,Echolocation,/mnt/ubna_data_02_mir/recover-20220922/UBNA_001/20220921_090000.WAV,Telephone Field,recover-20220922,001,1795
1451.5635,1451.5723,25468,33207,Eptesicus serotinus,0.009,0.022,-1,Echolocation,/mnt/ubna_data_02_mir/recover-20220922/UBNA_001/20220921_090000.WAV,Telephone Field,recover-20220922,001,1795
1451.5715,1451.613,68437,82280,Rhinolophus ferrumequinum,0.024,0.024,-1,Echolocation,/mnt/ubna_data_02_mir/recover-20220922/UBNA_001/20220921_090000.WAV,Telephone Field,recover-20220922,001,1795
1451.5775,1451.6184,68437,82688,Rhinolophus ferrumequinum,0.024,0.024,-1,Echolocation,/mnt/ubna_data_02_mir/recover-20220922/UBNA_001/20220921_090000.WAV,Telephone Field,recover-20220922,001,1795
1451.5955,1451.6374,68437,82945,Rhinolophus ferrumequinum,0.034,0.034,-1,Echolocation,/mnt/ubna_data_02_mir/recover-20220922/UBNA_001/20220921_090000.WAV,Telephone Field,recover-20220922,001,1795
1451.5985,1451.6111,24609,29627,Nyctalus leisleri,0.013,0.031,-1,Echolocation,/mnt/ubna_data_02_mir/recover-20220922/UBNA_001/20220921_090000.WAV,Telephone Field,recover-20220922,001,1795
1451.6445,1451.6797,68437,81179,Rhinolophus ferrumequinum,0.023,0.023,-1,Echolocation,/mnt/ubna_data_02_mir/recover-20220922/UBNA_001/20220921_090000.WAV,Telephone Field,recover-20220922,001,1795
1451.6495,1451.6582,28046,39945,Eptesicus serotinus,0.009,0.023,-1,Echolocation,/mnt/ubna_data_02_mir/recover-20220922/UBNA_001/20220921_090000.WAV,Telephone Field,recover-20220922,001,1795
1451.6665,1451.6791,24609,30614,Nyctalus leisleri,0.02,0.054,-1,Echolocation,/mnt/ubna_data_02_mir/recover-20220922/UBNA_001/20220921_090000.WAV,Telephone Field,recover-20220922,001,1795
1451.6755,1451.6859,28906,35352,Eptesicus serotinus,0.011,0.023,-1,Echolocation,/mnt/ubna_data_02_mir/recover-20220922/UBNA_001/20220921_090000.WAV,Telephone Field,recover-20220922,001,1795
1451.6835,1451.7245,68437,82450,Rhinolophus ferrumequinum,0.025,0.025,-1,Echolocation,/mnt/ubna_data_02_mir/recover-20220922/UBNA_001/20220921_090000.WAV,Telephone Field,recover-20220922,001,1795
1451.7015,1451.7356,68437,81794,Rhinolophus ferrumequinum,0.022,0.022,-1,Echolocation,/mnt/ubna_data_02_mir/recover-20220922/UBNA_001/20220921_090000.WAV,Telephone Field,recover-20220922,001,1795
1451.7045,1451.714,26328,35422,Eptesicus serotinus,0.009,0.022,-1,Echolocation,/mnt/ubna_data_02_mir/recover-20220922/UBNA_001/20220921_090000.WAV,Telephone Field,recover-20220922,001,1795
1451.7195,1451.7259,43515,55674,Myotis mystacinus,0.01,0.032,-1,Echolocation,/mnt/ubna_data_02_mir/recover-20220922/UBNA_001/20220921_090000.WAV,Telephone Field,recover-20220922,001,1795
1451.7725,1451.7818,28046,38201,Eptesicus serotinus,0.015,0.03,-1,Echolocation,/mnt/ubna_data_02_mir/recover-20220922/UBNA_001/20220921_090000.WAV,Telephone Field,recover-20220922,001,1795
1451.7795,1451.789,37500,42476,Pipistrellus nathusii,0.016,0.038,-1,Echolocation,/mnt/ubna_data_02_mir/recover-20220922/UBNA_001/20220921_090000.WAV,Telephone Field,recover-20220922,001,1795
1451.7865,1451.8012,23750,29146,Nyctalus leisleri,0.018,0.041,-1,Echolocation,/mnt/ubna_data_02_mir/recover-20220922/UBNA_001/20220921_090000.WAV,Telephone Field,recover-20220922,001,1795
1451.8045,1451.8423,68437,81709,Rhinolophus ferrumequinum,0.025,0.025,-1,Echolocation,/mnt/ubna_data_02_mir/recover-20220922/UBNA_001/20220921_090000.WAV,Telephone Field,recover-20220922,001,1795
1451.8315,1451.8421,33203,39014,Pipistrellus nathusii,0.019,0.043,-1,Echolocation,/mnt/ubna_data_02_mir/recover-20220922/UBNA_001/20220921_090000.WAV,Telephone Field,recover-20220922,001,1795
1451.8515,1451.8907,68437,82850,Rhinolophus ferrumequinum,0.029,0.029,-1,Echolocation,/mnt/ubna_data_02_mir/recover-20220922/UBNA_001/20220921_090000.WAV,Telephone Field,recover-20220922,001,1795
1451.8735,1451.9103,68437,81602,Rhinolophus ferrumequinum,0.026,0.026,-1,Echolocation,/mnt/ubna_data_02_mir/recover-20220922/UBNA_001/20220921_090000.WAV,Telephone Field,recover-20220922,001,1795
1451.8845,1451.9244,68437,82950,Rhinolophus ferrumequinum,0.029,0.029,-1,Echolocation,/mnt/ubna_data_02_mir/recover-20220922/UBNA_001/20220921_090000.WAV,Telephone Field,recover-20220922,001,1795
1451.9245,1451.9638,68437,82552,Rhinolophus ferrumequinum,0.031,0.031,-1,Echolocation,/mnt/ubna_data_02_mir/recover-20220922/UBNA_001/20220921_090000.WAV,Telephone Field,recover-20220922,001,1795
1452.0015,1452.0098,25468,35578,Nyctalus leisleri,0.007,0.026,-1,Echolocation,/mnt/ubna_data_02_mir/recover-20220922/UBNA_001/20220921_090000.WAV,Telephone Field,recover-20220922,001,1795
1452.0015,1452.0306,68437,81416,Rhinolophus ferrumequinum,0.03,0.03,-1,Echolocation,/mnt/ubna_data_02_mir/recover-20220922/UBNA_001/20220921_090000.WAV,Telephone Field,recover-20220922,001,1795
1452.0125,1452.0493,68437,81619,Rhinolophus ferrumequinum,0.03,0.03,-1,Echolocation,/mnt/ubna_data_02_mir/recover-20220922/UBNA_001/20220921_090000.WAV,Telephone Field,recover-20220922,001,1795
1452.0805,1452.1156,68437,82099,Rhinolophus ferrumequinum,0.022,0.022,-1,Echolocation,/mnt/ubna_data_02_mir/recover-20220922/UBNA_001/20220921_090000.WAV,Telephone Field,recover-20220922,001,1795
1452.0895,1452.1001,22890,28201,Nyctalus leisleri,0.01,0.022,-1,Echolocation,/mnt/ubna_data_02_mir/recover-20220922/UBNA_001/20220921_090000.WAV,Telephone Field,recover-20220922,001,1795
1452.1085,1452.147,68437,82057,Rhinolophus ferrumequinum,0.022,0.022,-1,Echolocation,/mnt/ubna_data_02_mir/recover-20220922/UBNA_001/20220921_090000.WAV,Telephone Field,recover-20220922,001,1795
1452.1455,1452.1544,28906,37980,Eptesicus serotinus,0.011,0.029,-1,Echolocation,/mnt/ubna_data_02_mir/recover-20220922/UBNA_001/20220921_090000.WAV,Telephone Field,recover-20220922,001,1795
1452.1985,1452.2338,68437,81023,Rhinolophus ferrumequinum,0.023,0.023,-1,Echolocation,/mnt/ubna_data_02_mir/recover-20220922/UBNA_001/20220921_090000.WAV,Telephone Field,recover-20220922,001,1795
1452.2505,1452.2879,68437,82095,Rhinolophus ferrumequinum,0.022,0.022,-1,Echolocation,/mnt/ubna_data_02_mir/recover-20220922/UBNA_001/20220921_090000.WAV,Telephone Field,recover-20220922,001,1795
1452.2555,1452.2677,27187,33574,Eptesicus serotinus,0.019,0.033,-1,Echolocation,/mnt/ubna_data_02_mir/recover-20220922/UBNA_001/20220921_090000.WAV,Telephone Field,recover-20220922,001,1795
1452.2635,1452.3011,68437,82378,Rhinolophus ferrumequinum,0.022,0.022,-1,Echolocation,/mnt/ubna_data_02_mir/recover-20220922/UBNA_001/20220921_090000.WAV,Telephone Field,recover-20220922,001,1795
1452.2765,1452.3154,68437,82782,Rhinolophus ferrumequinum,0.022,0.022,-1,Echolocation,/mnt/ubna_data_02_mir/recover-20220922/UBNA_001/20220921_090000.WAV,Telephone Field,recover-20220922,001,1795
1452.2905,1452.3274,68437,81322,Rhinolophus ferrumequinum,0.022,0.022,-1,Echolocation,/mnt/ubna_data_02_mir/recover-20220922/UBNA_001/20220921_090000.WAV,Telephone Field,recover-20220922,001,1795
1452.3135,1452.3538,68437,81912,Rhinolophus ferrumequinum,0.021,0.021,-1,Echolocation,/mnt/ubna_data_02_mir/recover-20220922/UBNA_001/20220921_090000.WAV,Telephone Field,recover-20220922,001,1795
1452.3355,1452.3751,68437,81994,Rhinolophus ferrumequinum,0.027,0.027,-1,Echolocation,/mnt/ubna_data_02_mir/recover-20220922/UBNA_001/20220921_090000.WAV,Telephone Field,recover-20220922,001,1795
1452.3465,1452.3845,68437,82574,Rhinolophus ferrumequinum,0.022,0.022,-1,Echolocation,/mnt/ubna_data_02_mir/recover-20220922/UBNA_001/20220921_090000.WAV,Telephone Field,recover-20220922,001,1795
1452.3675,1452.4082,68437,82950,Rhinolophus ferrumequinum,0.025,0.025,-1,Echolocation,/mnt/ubna_data_02_mir/recover-20220922/UBNA_001/20220921_090000.WAV,Telephone Field,recover-20220922,001,1795
1452.4505,1452.4933,68437,83425,Rhinolophus ferrumequinum,0.025,0.025,-1,Echolocation,/mnt/ubna_data_02_mir/recover-20220922/UBNA_001/20220921_090000.WAV,Telephone Field,recover-20220922,001,1795
1452.4535,1452.4626,28046,37587,Eptesicus serotinus,0.008,0.023,-1,Echolocation,/mnt/ubna_data_02_mir/recover-20220922/UBNA_001/20220921_090000.WAV,Telephone Field,recover-20220922,001,1795
1452.5195,1452.5267,45234,49591,Pipistrellus pipistrellus,0.029,0.03,-1,Echolocation,/mnt/ubna_data_02_mir/recover-20220922/UBNA_001/20220921_090000.WAV,Telephone Field,recover-20220922,001,1795
1452.5215,1452.5288,28046,37462,Eptesicus serotinus,0.006,0.022,-1,Echolocation,/mnt/ubna_data_02_mir/recover-20220922/UBNA_001/20220921_090000.WAV,Telephone Field,recover-20220922,001,1795
1452.5345,1452.5423,28046,36818,Eptesicus serotinus,0.008,0.024,-1,Echolocation,/mnt/ubna_data_02_mir/recover-20220922/UBNA_001/20220921_090000.WAV,Telephone Field,recover-20220922,001,1795
1452.5365,1452.5768,68437,82582,Rhinolophus ferrumequinum,0.022,0.022,-1,Echolocation,/mnt/ubna_data_02_mir/recover-20220922/UBNA_001/20220921_090000.WAV,Telephone Field,recover-20220922,001,1795
1452.5705,1452.581,23750,29289,Nyctalus leisleri,0.011,0.024,-1,Echolocation,/mnt/ubna_data_02_mir/recover-20220922/UBNA_001/20220921_090000.WAV,Telephone Field,recover-20220922,001,1795
1452.5985,1452.6413,68437,83375,Rhinolophus ferrumequinum,0.036,0.036,-1,Echolocation,/mnt/ubna_data_02_mir/recover-20220922/UBNA_001/20220921_090000.WAV,Telephone Field,recover-20220922,001,1795
1452.6275,1452.6356,28906,37381,Eptesicus serotinus,0.009,0.027,-1,Echolocation,/mnt/ubna_data_02_mir/recover-20220922/UBNA_001/20220921_090000.WAV,Telephone Field,recover-20220922,001,1795
1452.6395,1452.6788,68437,82588,Rhinolophus ferrumequinum,0.025,0.025,-1,Echolocation,/mnt/ubna_data_02_mir/recover-20220922/UBNA_001/20220921_090000.WAV,Telephone Field,recover-20220922,001,1795
1452.6555,1452.6672,41796,47124,Pipistrellus nathusii,0.01,0.022,-1,Echolocation,/mnt/ubna_data_02_mir/recover-20220922/UBNA_001/20220921_090000.WAV,Telephone Field,recover-20220922,001,1795
1452.6595,1452.7016,68437,83359,Rhinolophus ferrumequinum,0.029,0.029,-1,Echolocation,/mnt/ubna_data_02_mir/recover-20220922/UBNA_001/20220921_090000.WAV,Telephone Field,recover-20220922,001,1795
1452.6875,1452.6942,24609,34665,Plecotus austriacus,0.012,0.029,-1,Echolocation,/mnt/ubna_data_02_mir/recover-20220922/UBNA_001/20220921_090000.WAV,Telephone Field,recover-20220922,001,1795
1452.6975,1452.7353,68437,81699,Rhinolophus ferrumequinum,0.023,0.023,-1,Echolocation,/mnt/ubna_data_02_mir/recover-20220922/UBNA_001/20220921_090000.WAV,Telephone Field,recover-20220922,001,1795
1452.7185,1452.7572,68437,82345,Rhinolophus ferrumequinum,0.026,0.026,-1,Echolocation,/mnt/ubna_data_02_mir/recover-20220922/UBNA_001/20220921_090000.WAV,Telephone Field,recover-20220922,001,1795
1452.7485,1452.7619,23750,29313,Nyctalus leisleri,0.027,0.053,-1,Echolocation,/mnt/ubna_data_02_mir/recover-20220922/UBNA_001/20220921_090000.WAV,Telephone Field,recover-20220922,001,1795
1452.7495,1452.7553,35781,42769,Myotis daubentonii,0.01,0.026,-1,Echolocation,/mnt/ubna_data_02_mir/recover-20220922/UBNA_001/20220921_090000.WAV,Telephone Field,recover-20220922,001,1795
1452.7615,1452.7749,28046,32667,Eptesicus serotinus,0.044,0.08,-1,Echolocation,/mnt/ubna_data_02_mir/recover-20220922/UBNA_001/20220921_090000.WAV,Telephone Field,recover-20220922,001,1795
1452.7625,1452.802,68437,82277,Rhinolophus ferrumequinum,0.022,0.022,-1,Echolocation,/mnt/ubna_data_02_mir/recover-20220922/UBNA_001/20220921_090000.WAV,Telephone Field,recover-20220922,001,1795
1452.7845,1452.8242,68437,82770,Rhinolophus ferrumequinum,0.028,0.028,-1,Echolocation,/mnt/ubna_data_02_mir/recover-20220922/UBNA_001/20220921_090000.WAV,Telephone Field,recover-20220922,001,1795
1452.8045,1452.8371,68437,80974,Rhinolophus ferrumequinum,0.021,0.021,-1,Echolocation,/mnt/ubna_data_02_mir/recover-20220922/UBNA_001/20220921_090000.WAV,Telephone Field,recover-20220922,001,1795
1452.8155,1452.8218,28046,42656,Eptesicus serotinus,0.007,0.028,-1,Echolocation,/mnt/ubna_data_02_mir/recover-20220922/UBNA_001/20220921_090000.WAV,Telephone Field,recover-20220922,001,1795
1452.8425,1452.8543,27187,33521,Eptesicus serotinus,0.023,0.042,-1,Echolocation,/mnt/ubna_data_02_mir/recover-20220922/UBNA_001/20220921_090000.WAV,Telephone Field,recover-20220922,001,1795
1452.8425,1452.8829,68437,82202,Rhinolophus ferrumequinum,0.029,0.029,-1,Echolocation,/mnt/ubna_data_02_mir/recover-20220922/UBNA_001/20220921_090000.WAV,Telephone Field,recover-20220922,001,1795
1452.8815,1452.9216,68437,82867,Rhinolophus ferrumequinum,0.031,0.031,-1,Echolocation,/mnt/ubna_data_02_mir/recover-20220922/UBNA_001/20220921_090000.WAV,Telephone Field,recover-20220922,001,1795
1452.8825,1452.8927,39218,43536,Pipistrellus nathusii,0.009,0.025,-1,Echolocation,/mnt/ubna_data_02_mir/recover-20220922/UBNA_001/20220921_090000.WAV,Telephone Field,recover-20220922,001,1795
1452.8845,1452.8913,27187,37021,Eptesicus serotinus,0.005,0.021,-1,Echolocation,/mnt/ubna_data_02_mir/recover-20220922/UBNA_001/20220921_090000.WAV,Telephone Field,recover-20220922,001,1795
1452.8915,1452.9258,67578,78628,Rhinolophus ferrumequinum,0.036,0.038,-1,Echolocation,/mnt/ubna_data_02_mir/recover-20220922/UBNA_001/20220921_090000.WAV,Telephone Field,recover-20220922,001,1795
1452.9105,1452.9188,28046,38504,Eptesicus serotinus,0.01,0.03,-1,Echolocation,/mnt/ubna_data_02_mir/recover-20220922/UBNA_001/20220921_090000.WAV,Telephone Field,recover-20220922,001,1795
1452.9175,1452.9556,68437,82477,Rhinolophus ferrumequinum,0.027,0.027,-1,Echolocation,/mnt/ubna_data_02_mir/recover-20220922/UBNA_001/20220921_090000.WAV,Telephone Field,recover-20220922,001,1795
1452.9335,1452.9432,41796,51011,Pipistrellus nathusii,0.007,0.024,-1,Echolocation,/mnt/ubna_data_02_mir/recover-20220922/UBNA_001/20220921_090000.WAV,Telephone Field,recover-20220922,001,1795
1452.9605,1452.9693,24609,32970,Eptesicus serotinus,0.007,0.023,-1,Echolocation,/mnt/ubna_data_02_mir/recover-20220922/UBNA_001/20220921_090000.WAV,Telephone Field,recover-20220922,001,1795
1452.9605,1453.001,68437,82363,Rhinolophus ferrumequinum,0.023,0.023,-1,Echolocation,/mnt/ubna_data_02_mir/recover-20220922/UBNA_001/20220921_090000.WAV,Telephone Field,recover-20220922,001,1795
1452.9845,1453.0057,21171,24122,Nyctalus leisleri,0.017,0.029,-1,Echolocation,/mnt/ubna_data_02_mir/recover-20220922/UBNA_001/20220921_090000.WAV,Telephone Field,recover-20220922,001,1795
1453.0145,1453.054,68437,82660,Rhinolophus ferrumequinum,0.033,0.033,-1,Echolocation,/mnt/ubna_data_02_mir/recover-20220922/UBNA_001/20220921_090000.WAV,Telephone Field,recover-20220922,001,1795
1453.0315,1453.0415,24609,31424,Nyctalus leisleri,0.011,0.032,-1,Echolocation,/mnt/ubna_data_02_mir/recover-20220922/UBNA_001/20220921_090000.WAV,Telephone Field,recover-20220922,001,1795
1453.0315,1453.0704,68437,82434,Rhinolophus ferrumequinum,0.021,0.021,-1,Echolocation,/mnt/ubna_data_02_mir/recover-20220922/UBNA_001/20220921_090000.WAV,Telephone Field,recover-20220922,001,1795
1453.0585,1453.0981,67578,79522,Rhinolophus ferrumequinum,0.023,0.023,-1,Echolocation,/mnt/ubna_data_02_mir/recover-20220922/UBNA_001/20220921_090000.WAV,Telephone Field,recover-20220922,001,1795
1453.0795,1453.1256,68437,83599,Rhinolophus ferrumequinum,0.05,0.05,-1,Echolocation,/mnt/ubna_data_02_mir/recover-20220922/UBNA_001/20220921_090000.WAV,Telephone Field,recover-20220922,001,1795
1453.1165,1453.156,68437,82425,Rhinolophus ferrumequinum,0.029,0.029,-1,Echolocation,/mnt/ubna_data_02_mir/recover-20220922/UBNA_001/20220921_090000.WAV,Telephone Field,recover-20220922,001,1795
1453.1485,1453.1887,68437,82435,Rhinolophus ferrumequinum,0.021,0.021,-1,Echolocation,/mnt/ubna_data_02_mir/recover-20220922/UBNA_001/20220921_090000.WAV,Telephone Field,recover-20220922,001,1795
1453.1555,1453.1651,23750,30544,Nyctalus leisleri,0.008,0.022,-1,Echolocation,/mnt/ubna_data_02_mir/recover-20220922/UBNA_001/20220921_090000.WAV,Telephone Field,recover-20220922,001,1795
1453.1875,1453.2259,68437,82050,Rhinolophus ferrumequinum,0.031,0.031,-1,Echolocation,/mnt/ubna_data_02_mir/recover-20220922/UBNA_001/20220921_090000.WAV,Telephone Field,recover-20220922,001,1795
1453.1885,1453.1997,28906,36757,Eptesicus serotinus,0.011,0.025,-1,Echolocation,/mnt/ubna_data_02_mir/recover-20220922/UBNA_001/20220921_090000.WAV,Telephone Field,recover-20220922,001,1795
1453.2165,1453.2573,68437,82415,Rhinolophus ferrumequinum,0.022,0.022,-1,Echolocation,/mnt/ubna_data_02_mir/recover-20220922/UBNA_001/20220921_090000.WAV,Telephone Field,recover-20220922,001,1795
1453.2285,1453.2619,68437,81605,Rhinolophus ferrumequinum,0.021,0.021,-1,Echolocation,/mnt/ubna_data_02_mir/recover-20220922/UBNA_001/20220921_090000.WAV,Telephone Field,recover-20220922,001,1795
1453.2425,1453.2503,28046,39333,Eptesicus serotinus,0.008,0.024,-1,Echolocation,/mnt/ubna_data_02_mir/recover-20220922/UBNA_001/20220921_090000.WAV,Telephone Field,recover-20220922,001,1795
1453.2535,1453.2967,68437,83242,Rhinolophus ferrumequinum,0.032,0.032,-1,Echolocation,/mnt/ubna_data_02_mir/recover-20220922/UBNA_001/20220921_090000.WAV,Telephone Field,recover-20220922,001,1795
1453.2545,1453.2621,47812,55808,Pipistrellus pipistrellus,0.017,0.024,-1,Echolocation,/mnt/ubna_data_02_mir/recover-20220922/UBNA_001/20220921_090000.WAV,Telephone Field,recover-20220922,001,1795
1453.2565,1453.2657,24609,31785,Eptesicus serotinus,0.007,0.022,-1,Echolocation,/mnt/ubna_data_02_mir/recover-20220922/UBNA_001/20220921_090000.WAV,Telephone Field,recover-20220922,001,1795
1453.3105,1453.318,28046,38981,Eptesicus serotinus,0.006,0.023,-1,Echolocation,/mnt/ubna_data_02_mir/recover-20220922/UBNA_001/20220921_090000.WAV,Telephone Field,recover-20220922,001,1795
1453.3395,1453.3758,68437,81815,Rhinolophus ferrumequinum,0.023,0.023,-1,Echolocation,/mnt/ubna_data_02_mir/recover-20220922/UBNA_001/20220921_090000.WAV,Telephone Field,recover-20220922,001,1795
1453.3565,1453.3635,28046,38774,Eptesicus serotinus,0.015,0.039,-1,Echolocation,/mnt/ubna_data_02_mir/recover-20220922/UBNA_001/20220921_090000.WAV,Telephone Field,recover-20220922,001,1795
1453.3805,1453.4207,68437,81994,Rhinolophus ferrumequinum,0.021,0.021,-1,Echolocation,/mnt/ubna_data_02_mir/recover-20220922/UBNA_001/20220921_090000.WAV,Telephone Field,recover-20220922,001,1795
1453.4095,1453.4187,28046,37083,Eptesicus serotinus,0.009,0.024,-1,Echolocation,/mnt/ubna_data_02_mir/recover-20220922/UBNA_001/20220921_090000.WAV,Telephone Field,recover-20220922,001,1795
1453.4185,1453.4302,14296,18886,Nyctalus noctula,0.017,0.03,-1,Echolocation,/mnt/ubna_data_02_mir/recover-20220922/UBNA_001/20220921_090000.WAV,Telephone Field,recover-20220922,001,1795
1453.4245,1453.4347,28046,35534,Eptesicus serotinus,0.011,0.024,-1,Echolocation,/mnt/ubna_data_02_mir/recover-20220922/UBNA_001/20220921_090000.WAV,Telephone Field,recover-20220922,001,1795
1453.4765,1453.517,68437,82680,Rhinolophus ferrumequinum,0.023,0.023,-1,Echolocation,/mnt/ubna_data_02_mir/recover-20220922/UBNA_001/20220921_090000.WAV,Telephone Field,recover-20220922,001,1795
1453.4865,1453.5277,68437,82633,Rhinolophus ferrumequinum,0.023,0.023,-1,Echolocation,/mnt/ubna_data_02_mir/recover-20220922/UBNA_001/20220921_090000.WAV,Telephone Field,recover-20220922,001,1795
1453.5125,1453.5514,68437,81743,Rhinolophus ferrumequinum,0.022,0.022,-1,Echolocation,/mnt/ubna_data_02_mir/recover-20220922/UBNA_001/20220921_090000.WAV,Telephone Field,recover-20220922,001,1795
1453.5645,1453.5754,28906,36413,Eptesicus serotinus,0.012,0.03,-1,Echolocation,/mnt/ubna_data_02_mir/recover-20220922/UBNA_001/20220921_090000.WAV,Telephone Field,recover-20220922,001,1795
1453.5825,1453.5926,24609,31581,Eptesicus serotinus,0.014,0.04,-1,Echolocation,/mnt/ubna_data_02_mir/recover-20220922/UBNA_001/20220921_090000.WAV,Telephone Field,recover-20220922,001,1795
1453.5905,1453.6264,68437,80690,Rhinolophus ferrumequinum,0.036,0.036,-1,Echolocation,/mnt/ubna_data_02_mir/recover-20220922/UBNA_001/20220921_090000.WAV,Telephone Field,recover-20220922,001,1795
1453.6045,1453.6156,22890,27564,Nyctalus leisleri,0.018,0.033,-1,Echolocation,/mnt/ubna_data_02_mir/recover-20220922/UBNA_001/20220921_090000.WAV,Telephone Field,recover-20220922,001,1795
1453.6175,1453.6567,68437,83288,Rhinolophus ferrumequinum,0.024,0.024,-1,Echolocation,/mnt/ubna_data_02_mir/recover-20220922/UBNA_001/20220921_090000.WAV,Telephone Field,recover-20220922,001,1795
1453.6245,1453.6641,68437,82982,Rhinolophus ferrumequinum,0.025,0.025,-1,Echolocation,/mnt/ubna_data_02_mir/recover-20220922/UBNA_001/20220921_090000.WAV,Telephone Field,recover-20220922,001,1795
1453.6485,1453.6899,68437,82519,Rhinolophus ferrumequinum,0.021,0.021,-1,Echolocation,/mnt/ubna_data_02_mir/recover-20220922/UBNA_001/20220921_090000.WAV,Telephone Field,recover-20220922,001,1795
1453.6675,1453.7065,68437,81710,Rhinolophus ferrumequinum,0.022,0.022,-1,Echolocation,/mnt/ubna_data_02_mir/recover-20220922/UBNA_001/20220921_090000.WAV,Telephone Field,recover-20220922,001,1795
1453.6935,1453.7019,27187,38458,Eptesicus serotinus,0.007,0.021,-1,Echolocation,/mnt/ubna_data_02_mir/recover-20220922/UBNA_001/20220921_090000.WAV,Telephone Field,recover-20220922,001,1795
1453.7065,1453.7426,68437,81508,Rhinolophus ferrumequinum,0.022,0.022,-1,Echolocation,/mnt/ubna_data_02_mir/recover-20220922/UBNA_001/20220921_090000.WAV,Telephone Field,recover-20220922,001,1795
1453.7255,1453.7675,68437,82600,Rhinolophus ferrumequinum,0.022,0.022,-1,Echolocation,/mnt/ubna_data_02_mir/recover-20220922/UBNA_001/20220921_090000.WAV,Telephone Field,recover-20220922,001,1795
1453.7275,1453.7375,24609,31499,Eptesicus serotinus,0.013,0.031,-1,Echolocation,/mnt/ubna_data_02_mir/recover-20220922/UBNA_001/20220921_090000.WAV,Telephone Field,recover-20220922,001,1795
1453.7365,1453.7436,28046,37772,Eptesicus serotinus,0.006,0.021,-1,Echolocation,/mnt/ubna_data_02_mir/recover-20220922/UBNA_001/20220921_090000.WAV,Telephone Field,recover-20220922,001,1795
1453.7445,1453.7832,68437,82334,Rhinolophus ferrumequinum,0.022,0.022,-1,Echolocation,/mnt/ubna_data_02_mir/recover-20220922/UBNA_001/20220921_090000.WAV,Telephone Field,recover-20220922,001,1795
1453.7655,1453.8053,68437,82675,Rhinolophus ferrumequinum,0.023,0.023,-1,Echolocation,/mnt/ubna_data_02_mir/recover-20220922/UBNA_001/20220921_090000.WAV,Telephone Field,recover-20220922,001,1795
1453.7755,1453.7845,28046,37282,Eptesicus serotinus,0.008,0.022,-1,Echolocation,/mnt/ubna_data_02_mir/recover-20220922/UBNA_001/20220921_090000.WAV,Telephone Field,recover-20220922,001,1795
1453.7845,1453.7964,24609,30212,Nyctalus leisleri,0.009,0.022,-1,Echolocation,/mnt/ubna_data_02_mir/recover-20220922/UBNA_001/20220921_090000.WAV,Telephone Field,recover-20220922,001,1795
1453.7995,1453.8117,23750,28222,Nyctalus leisleri,0.016,0.029,-1,Echolocation,/mnt/ubna_data_02_mir/recover-20220922/UBNA_001/20220921_090000.WAV,Telephone Field,recover-20220922,001,1795
1453.8025,1453.8381,68437,81326,Rhinolophus ferrumequinum,0.022,0.022,-1,Echolocation,/mnt/ubna_data_02_mir/recover-20220922/UBNA_001/20220921_090000.WAV,Telephone Field,recover-20220922,001,1795
1453.8095,1453.8197,23750,30705,Nyctalus leisleri,0.008,0.023,-1,Echolocation,/mnt/ubna_data_02_mir/recover-20220922/UBNA_001/20220921_090000.WAV,Telephone Field,recover-20220922,001,1795
1453.8125,1453.8514,68437,82723,Rhinolophus ferrumequinum,0.022,0.022,-1,Echolocation,/mnt/ubna_data_02_mir/recover-20220922/UBNA_001/20220921_090000.WAV,Telephone Field,recover-20220922,001,1795
1453.8135,1453.8203,45234,50616,Pipistrellus pipistrellus,0.03,0.031,-1,Echolocation,/mnt/ubna_data_02_mir/recover-20220922/UBNA_001/20220921_090000.WAV,Telephone Field,recover-20220922,001,1795
1453.8135,1453.8193,30625,56294,Myotis daubentonii,0.012,0.021,-1,Echolocation,/mnt/ubna_data_02_mir/recover-20220922/UBNA_001/20220921_090000.WAV,Telephone Field,recover-20220922,001,1795
1453.8265,1453.8638,68437,81448,Rhinolophus ferrumequinum,0.022,0.022,-1,Echolocation,/mnt/ubna_data_02_mir/recover-20220922/UBNA_001/20220921_090000.WAV,Telephone Field,recover-20220922,001,1795
1453.8375,1453.8818,68437,83150,Rhinolophus ferrumequinum,0.029,0.029,-1,Echolocation,/mnt/ubna_data_02_mir/recover-20220922/UBNA_001/20220921_090000.WAV,Telephone Field,recover-20220922,001,1795
1453.8395,1453.8469,27187,38627,Eptesicus serotinus,0.007,0.024,-1,Echolocation,/mnt/ubna_data_02_mir/recover-20220922/UBNA_001/20220921_090000.WAV,Telephone Field,recover-20220922,001,1795
1453.8595,1453.8664,28046,38968,Eptesicus serotinus,0.006,0.022,-1,Echolocation,/mnt/ubna_data_02_mir/recover-20220922/UBNA_001/20220921_090000.WAV,Telephone Field,recover-20220922,001,1795
1453.8905,1453.9274,68437,82192,Rhinolophus ferrumequinum,0.024,0.024,-1,Echolocation,/mnt/ubna_data_02_mir/recover-20220922/UBNA_001/20220921_090000.WAV,Telephone Field,recover-20220922,001,1795
1453.9075,1453.9161,28046,36689,Eptesicus serotinus,0.008,0.022,-1,Echolocation,/mnt/ubna_data_02_mir/recover-20220922/UBNA_001/20220921_090000.WAV,Telephone Field,recover-20220922,001,1795
1454.0015,1454.0328,69296,81267,Rhinolophus ferrumequinum,0.058,0.058,-1,Echolocation,/mnt/ubna_data_02_mir/recover-20220922/UBNA_001/20220921_090000.WAV,Telephone Field,recover-20220922,001,1795
1454.0015,1454.0104,22031,28779,Nyctalus leisleri,0.017,0.047,-1,Echolocation,/mnt/ubna_data_02_mir/recover-20220922/UBNA_001/20220921_090000.WAV,Telephone Field,recover-20220922,001,1795
1454.0015,1454.015,56406,65036,Pipistrellus pygmaeus,0.031,0.036,-1,Echolocation,/mnt/ubna_data_02_mir/recover-20220922/UBNA_001/20220921_090000.WAV,Telephone Field,recover-20220922,001,1795
1454.0405,1454.08,68437,82021,Rhinolophus ferrumequinum,0.023,0.023,-1,Echolocation,/mnt/ubna_data_02_mir/recover-20220922/UBNA_001/20220921_090000.WAV,Telephone Field,recover-20220922,001,1795
1454.0465,1454.0868,68437,82394,Rhinolophus ferrumequinum,0.023,0.023,-1,Echolocation,/mnt/ubna_data_02_mir/recover-20220922/UBNA_001/20220921_090000.WAV,Telephone Field,recover-20220922,001,1795
1454.0645,1454.1031,68437,82679,Rhinolophus ferrumequinum,0.033,0.033,-1,Echolocation,/mnt/ubna_data_02_mir/recover-20220922/UBNA_001/20220921_090000.WAV,Telephone Field,recover-20220922,001,1795
1454.0715,1454.1126,68437,82663,Rhinolophus ferrumequinum,0.026,0.026,-1,Echolocation,/mnt/ubna_data_02_mir/recover-20220922/UBNA_001/20220921_090000.WAV,Telephone Field,recover-20220922,001,1795
1454.1075,1454.1231,25468,29152,Nyctalus leisleri,0.02,0.039,-1,Echolocation,/mnt/ubna_data_02_mir/recover-20220922/UBNA_001/20220921_090000.WAV,Telephone Field,recover-20220922,001,1795
1454.1095,1454.1207,44375,51543,Pipistrellus pipistrellus,0.02,0.033,-1,Echolocation,/mnt/ubna_data_02_mir/recover-20220922/UBNA_001/20220921_090000.WAV,Telephone Field,recover-20220922,001,1795
1454.1265,1454.1644000000001,68437,82235,Rhinolophus ferrumequinum,0.021,0.021,-1,Echolocation,/mnt/ubna_data_02_mir/recover-20220922/UBNA_001/20220921_090000.WAV,Telephone Field,recover-20220922,001,1795
1454.1275,1454.1384,28046,36217,Eptesicus serotinus,0.011,0.024,-1,Echolocation,/mnt/ubna_data_02_mir/recover-20220922/UBNA_001/20220921_090000.WAV,Telephone Field,recover-20220922,001,1795
1454.1475,1454.1862,68437,82554,Rhinolophus ferrumequinum,0.022,0.022,-1,Echolocation,/mnt/ubna_data_02_mir/recover-20220922/UBNA_001/20220921_090000.WAV,Telephone Field,recover-20220922,001,1795
1454.1635,1454.1707,26328,35483,Eptesicus serotinus,0.007,0.023,-1,Echolocation,/mnt/ubna_data_02_mir/recover-20220922/UBNA_001/20220921_090000.WAV,Telephone Field,recover-20220922,001,1795
1454.1715,1454.2115,68437,82688,Rhinolophus ferrumequinum,0.026,0.026,-1,Echolocation,/mnt/ubna_data_02_mir/recover-20220922/UBNA_001/20220921_090000.WAV,Telephone Field,recover-20220922,001,1795
1454.1995,1454.2418,68437,82558,Rhinolophus ferrumequinum,0.037,0.037,-1,Echolocation,/mnt/ubna_data_02_mir/recover-20220922/UBNA_001/20220921_090000.WAV,Telephone Field,recover-20220922,001,1795
1454.2515,1454.2625,37500,45762,Pipistrellus nathusii,0.01,0.021,-1,Echolocation,/mnt/ubna_data_02_mir/recover-20220922/UBNA_001/20220921_090000.WAV,Telephone Field,recover-20220922,001,1795
1454.2515,1454.2917,68437,82817,Rhinolophus ferrumequinum,0.026,0.026,-1,Echolocation,/mnt/ubna_data_02_mir/recover-20220922/UBNA_001/20220921_090000.WAV,Telephone Field,recover-20220922,001,1795
1454.2775,1454.3157,68437,82157,Rhinolophus ferrumequinum,0.023,0.023,-1,Echolocation,/mnt/ubna_data_02_mir/recover-20220922/UBNA_001/20220921_090000.WAV,Telephone Field,recover-20220922,001,1795
1454.3025,1454.3449,68437,82688,Rhinolophus ferrumequinum,0.024,0.024,-1,Echolocation,/mnt/ubna_data_02_mir/recover-20220922/UBNA_001/20220921_090000.WAV,Telephone Field,recover-20220922,001,1795
1454.3535,1454.3953,68437,82644,Rhinolophus ferrumequinum,0.021,0.021,-1,Echolocation,/mnt/ubna_data_02_mir/recover-20220922/UBNA_001/20220921_090000.WAV,Telephone Field,recover-20220922,001,1795
1454.3735,1454.3809,28046,39393,Eptesicus serotinus,0.006,0.022,-1,Echolocation,/mnt/ubna_data_02_mir/recover-20220922/UBNA_001/20220921_090000.WAV,Telephone Field,recover-20220922,001,1795
1454.3895,1454.4275,68437,82214,Rhinolophus ferrumequinum,0.026,0.026,-1,Echolocation,/mnt/ubna_data_02_mir/recover-20220922/UBNA_001/20220921_090000.WAV,Telephone Field,recover-20220922,001,1795
1454.4085,1454.4198,28046,35435,Eptesicus serotinus,0.019,0.034,-1,Echolocation,/mnt/ubna_data_02_mir/recover-20220922/UBNA_001/20220921_090000.WAV,Telephone Field,recover-20220922,001,1795
1454.4135,1454.4266,24609,31021,Eptesicus serotinus,0.013,0.033,-1,Echolocation,/mnt/ubna_data_02_mir/recover-20220922/UBNA_001/20220921_090000.WAV,Telephone Field,recover-20220922,001,1795
1454.4415,1454.4817,68437,83021,Rhinolophus ferrumequinum,0.03,0.03,-1,Echolocation,/mnt/ubna_data_02_mir/recover-20220922/UBNA_001/20220921_090000.WAV,Telephone Field,recover-20220922,001,1795
1454.4915,1454.5307,68437,81890,Rhinolophus ferrumequinum,0.021,0.022,-1,Echolocation,/mnt/ubna_data_02_mir/recover-20220922/UBNA_001/20220921_090000.WAV,Telephone Field,recover-20220922,001,1795
1454.4965,1454.5104,26328,31846,Eptesicus serotinus,0.013,0.028,-1,Echolocation,/mnt/ubna_data_02_mir/recover-20220922/UBNA_001/20220921_090000.WAV,Telephone Field,recover-20220922,001,1795
1454.5055,1454.5416,68437,81455,Rhinolophus ferrumequinum,0.025,0.025,-1,Echolocation,/mnt/ubna_data_02_mir/recover-20220922/UBNA_001/20220921_090000.WAV,Telephone Field,recover-20220922,001,1795
1454.5465,1454.5563,23750,30889,Nyctalus leisleri,0.008,0.022,-1,Echolocation,/mnt/ubna_data_02_mir/recover-20220922/UBNA_001/20220921_090000.WAV,Telephone Field,recover-20220922,001,1795
1454.6045,1454.6465,68437,83373,Rhinolophus ferrumequinum,0.035,0.035,-1,Echolocation,/mnt/ubna_data_02_mir/recover-20220922/UBNA_001/20220921_090000.WAV,Telephone Field,recover-20220922,001,1795
1454.6295,1454.6726,68437,83494,Rhinolophus ferrumequinum,0.039,0.039,-1,Echolocation,/mnt/ubna_data_02_mir/recover-20220922/UBNA_001/20220921_090000.WAV,Telephone Field,recover-20220922,001,1795
1454.6435,1454.6516,28046,40142,Eptesicus serotinus,0.008,0.024,-1,Echolocation,/mnt/ubna_data_02_mir/recover-20220922/UBNA_001/20220921_090000.WAV,Telephone Field,recover-20220922,001,1795
1454.6625,1454.707,68437,83376,Rhinolophus ferrumequinum,0.044,0.044,-1,Echolocation,/mnt/ubna_data_02_mir/recover-20220922/UBNA_001/20220921_090000.WAV,Telephone Field,recover-20220922,001,1795
1454.6755,1454.6845,22031,28263,Plecotus austriacus,0.011,0.026,-1,Echolocation,/mnt/ubna_data_02_mir/recover-20220922/UBNA_001/20220921_090000.WAV,Telephone Field,recover-20220922,001,1795
1454.6965,1454.7364,68437,82638,Rhinolophus ferrumequinum,0.031,0.031,-1,Echolocation,/mnt/ubna_data_02_mir/recover-20220922/UBNA_001/20220921_090000.WAV,Telephone Field,recover-20220922,001,1795
1454.7205,1454.7308,24609,30789,Nyctalus leisleri,0.008,0.022,-1,Echolocation,/mnt/ubna_data_02_mir/recover-20220922/UBNA_001/20220921_090000.WAV,Telephone Field,recover-20220922,001,1795
1454.7425,1454.7851,68437,82840,Rhinolophus ferrumequinum,0.028,0.028,-1,Echolocation,/mnt/ubna_data_02_mir/recover-20220922/UBNA_001/20220921_090000.WAV,Telephone Field,recover-20220922,001,1795
1454.8295,1454.8381,25468,34072,Eptesicus serotinus,0.008,0.022,-1,Echolocation,/mnt/ubna_data_02_mir/recover-20220922/UBNA_001/20220921_090000.WAV,Telephone Field,recover-20220922,001,1795
1454.8445,1454.8842,68437,82455,Rhinolophus ferrumequinum,0.036,0.037,-1,Echolocation,/mnt/ubna_data_02_mir/recover-20220922/UBNA_001/20220921_090000.WAV,Telephone Field,recover-20220922,001,1795
1454.8565,1454.8948,68437,81723,Rhinolophus ferrumequinum,0.023,0.023,-1,Echolocation,/mnt/ubna_data_02_mir/recover-20220922/UBNA_001/20220921_090000.WAV,Telephone Field,recover-20220922,001,1795
1454.9005,1454.9386,68437,81564,Rhinolophus ferrumequinum,0.022,0.022,-1,Echolocation,/mnt/ubna_data_02_mir/recover-20220922/UBNA_001/20220921_090000.WAV,Telephone Field,recover-20220922,001,1795
1454.9225,1454.9582,68437,81459,Rhinolophus ferrumequinum,0.021,0.021,-1,Echolocation,/mnt/ubna_data_02_mir/recover-20220922/UBNA_001/20220921_090000.WAV,Telephone Field,recover-20220922,001,1795
1454.9295,1454.9372,24609,33726,Plecotus auritus,0.011,0.034,-1,Echolocation,/mnt/ubna_data_02_mir/recover-20220922/UBNA_001/20220921_090000.WAV,Telephone Field,recover-20220922,001,1795
1454.9455,1454.9814,68437,81403,Rhinolophus ferrumequinum,0.022,0.022,-1,Echolocation,/mnt/ubna_data_02_mir/recover-20220922/UBNA_001/20220921_090000.WAV,Telephone Field,recover-20220922,001,1795
1454.9715,1454.979,24609,36821,Plecotus austriacus,0.011,0.032,-1,Echolocation,/mnt/ubna_data_02_mir/recover-20220922/UBNA_001/20220921_090000.WAV,Telephone Field,recover-20220922,001,1795
1454.9855,1455.0256,68437,82238,Rhinolophus ferrumequinum,0.021,0.021,-1,Echolocation,/mnt/ubna_data_02_mir/recover-20220922/UBNA_001/20220921_090000.WAV,Telephone Field,recover-20220922,001,1795
1455.0125,1455.0264,22890,27694,Nyctalus leisleri,0.011,0.024,-1,Echolocation,/mnt/ubna_data_02_mir/recover-20220922/UBNA_001/20220921_090000.WAV,Telephone Field,recover-20220922,001,1795
1455.0235,1455.0625,68437,83339,Rhinolophus ferrumequinum,0.031,0.031,-1,Echolocation,/mnt/ubna_data_02_mir/recover-20220922/UBNA_001/20220921_090000.WAV,Telephone Field,recover-20220922,001,1795
1455.0435,1455.0541,56406,61478,Pipistrellus pygmaeus,0.019,0.021,-1,Echolocation,/mnt/ubna_data_02_mir/recover-20220922/UBNA_001/20220921_090000.WAV,Telephone Field,recover-20220922,001,1795
1455.0545,1455.0938,68437,82754,Rhinolophus ferrumequinum,0.023,0.023,-1,Echolocation,/mnt/ubna_data_02_mir/recover-20220922/UBNA_001/20220921_090000.WAV,Telephone Field,recover-20220922,001,1795
1455.0635,1455.0751,33203,38901,Eptesicus serotinus,0.007,0.027,-1,Echolocation,/mnt/ubna_data_02_mir/recover-20220922/UBNA_001/20220921_090000.WAV,Telephone Field,recover-20220922,001,1795
1455.0825,1455.0919,28906,39737,Eptesicus serotinus,0.009,0.025,-1,Echolocation,/mnt/ubna_data_02_mir/recover-20220922/UBNA_001/20220921_090000.WAV,Telephone Field,recover-20220922,001,1795
1455.1005,1455.1384,68437,82116,Rhinolophus ferrumequinum,0.026,0.026,-1,Echolocation,/mnt/ubna_data_02_mir/recover-20220922/UBNA_001/20220921_090000.WAV,Telephone Field,recover-20220922,001,1795
1455.1255,1455.1671,68437,82671,Rhinolophus ferrumequinum,0.022,0.022,-1,Echolocation,/mnt/ubna_data_02_mir/recover-20220922/UBNA_001/20220921_090000.WAV,Telephone Field,recover-20220922,001,1795
1455.1545,1455.1944,68437,82809,Rhinolophus ferrumequinum,0.021,0.021,-1,Echolocation,/mnt/ubna_data_02_mir/recover-20220922/UBNA_001/20220921_090000.WAV,Telephone Field,recover-20220922,001,1795
1455.1705,1455.1791,28046,37675,Eptesicus serotinus,0.008,0.023,-1,Echolocation,/mnt/ubna_data_02_mir/recover-20220922/UBNA_001/20220921_090000.WAV,Telephone Field,recover-20220922,001,1795
1455.2335,1455.2733,68437,81388,Rhinolophus ferrumequinum,0.024,0.024,-1,Echolocation,/mnt/ubna_data_02_mir/recover-20220922/UBNA_001/20220921_090000.WAV,Telephone Field,recover-20220922,001,1795
1455.2405,1455.2802,68437,82668,Rhinolophus ferrumequinum,0.021,0.021,-1,Echolocation,/mnt/ubna_data_02_mir/recover-20220922/UBNA_001/20220921_090000.WAV,Telephone Field,recover-20220922,001,1795
1455.2895,1455.328,68437,81925,Rhinolophus ferrumequinum,0.021,0.021,-1,Echolocation,/mnt/ubna_data_02_mir/recover-20220922/UBNA_001/20220921_090000.WAV,Telephone Field,recover-20220922,001,1795
1455.3065,1455.3175,22890,27756,Nyctalus leisleri,0.01,0.021,-1,Echolocation,/mnt/ubna_data_02_mir/recover-20220922/UBNA_001/20220921_090000.WAV,Telephone Field,recover-20220922,001,1795
1455.3095,1455.3458,68437,81489,Rhinolophus ferrumequinum,0.023,0.023,-1,Echolocation,/mnt/ubna_data_02_mir/recover-20220922/UBNA_001/20220921_090000.WAV,Telephone Field,recover-20220922,001,1795
1455.3445,1455.3862,68437,83090,Rhinolophus ferrumequinum,0.026,0.026,-1,Echolocation,/mnt/ubna_data_02_mir/recover-20220922/UBNA_001/20220921_090000.WAV,Telephone Field,recover-20220922,001,1795
1455.3735,1455.4125,68437,82634,Rhinolophus ferrumequinum,0.027,0.027,-1,Echolocation,/mnt/ubna_data_02_mir/recover-20220922/UBNA_001/20220921_090000.WAV,Telephone Field,recover-20220922,001,1795
1455.3865,1455.4288,68437,83502,Rhinolophus ferrumequinum,0.024,0.024,-1,Echolocation,/mnt/ubna_data_02_mir/recover-20220922/UBNA_001/20220921_090000.WAV,Telephone Field,recover-20220922,001,1795
1455.3885,1455.3966,28046,41460,Eptesicus serotinus,0.008,0.023,-1,Echolocation,/mnt/ubna_data_02_mir/recover-20220922/UBNA_001/20220921_090000.WAV,Telephone Field,recover-20220922,001,1795
1455.3955,1455.4054,28046,35797,Eptesicus serotinus,0.009,0.021,-1,Echolocation,/mnt/ubna_data_02_mir/recover-20220922/UBNA_001/20220921_090000.WAV,Telephone Field,recover-20220922,001,1795
1455.4115,1455.4187,24609,34128,Plecotus austriacus,0.008,0.024,-1,Echolocation,/mnt/ubna_data_02_mir/recover-20220922/UBNA_001/20220921_090000.WAV,Telephone Field,recover-20220922,001,1795
1455.4185,1455.4296,41796,44294,Pipistrellus pipistrellus,0.016,0.022,-1,Echolocation,/mnt/ubna_data_02_mir/recover-20220922/UBNA_001/20220921_090000.WAV,Telephone Field,recover-20220922,001,1795
1455.4825,1455.516,68437,81570,Rhinolophus ferrumequinum,0.02,0.021,-1,Echolocation,/mnt/ubna_data_02_mir/recover-20220922/UBNA_001/20220921_090000.WAV,Telephone Field,recover-20220922,001,1795
1455.5105,1455.5515,68437,82542,Rhinolophus ferrumequinum,0.024,0.024,-1,Echolocation,/mnt/ubna_data_02_mir/recover-20220922/UBNA_001/20220921_090000.WAV,Telephone Field,recover-20220922,001,1795
1455.5525,1455.5617,47812,51061,Pipistrellus pipistrellus,0.032,0.035,-1,Echolocation,/mnt/ubna_data_02_mir/recover-20220922/UBNA_001/20220921_090000.WAV,Telephone Field,recover-20220922,001,1795
1455.5775,1455.5845,47812,51709,Pipistrellus pipistrellus,0.02,0.021,-1,Echolocation,/mnt/ubna_data_02_mir/recover-20220922/UBNA_001/20220921_090000.WAV,Telephone Field,recover-20220922,001,1795
1455.5785,1455.6157,68437,82210,Rhinolophus ferrumequinum,0.021,0.021,-1,Echolocation,/mnt/ubna_data_02_mir/recover-20220922/UBNA_001/20220921_090000.WAV,Telephone Field,recover-20220922,001,1795
1455.5805,1455.5929,22031,25634,Nyctalus leisleri,0.012,0.021,-1,Echolocation,/mnt/ubna_data_02_mir/recover-20220922/UBNA_001/20220921_090000.WAV,Telephone Field,recover-20220922,001,1795
1455.6535,1455.6632,22890,28619,Nyctalus leisleri,0.008,0.022,-1,Echolocation,/mnt/ubna_data_02_mir/recover-20220922/UBNA_001/20220921_090000.WAV,Telephone Field,recover-20220922,001,1795
1455.6665,1455.6735,24609,33622,Plecotus austriacus,0.007,0.021,-1,Echolocation,/mnt/ubna_data_02_mir/recover-20220922/UBNA_001/20220921_090000.WAV,Telephone Field,recover-20220922,001,1795
1455.6775,1455.6858,27187,34738,Eptesicus serotinus,0.009,0.023,-1,Echolocation,/mnt/ubna_data_02_mir/recover-20220922/UBNA_001/20220921_090000.WAV,Telephone Field,recover-20220922,001,1795
1455.6995,1455.7081,22890,29716,Plecotus austriacus,0.01,0.026,-1,Echolocation,/mnt/ubna_data_02_mir/recover-20220922/UBNA_001/20220921_090000.WAV,Telephone Field,recover-20220922,001,1795
1455.7735,1455.7822,26328,40276,Eptesicus serotinus,0.009,0.025,-1,Echolocation,/mnt/ubna_data_02_mir/recover-20220922/UBNA_001/20220921_090000.WAV,Telephone Field,recover-20220922,001,1795
1455.7745,1455.815,68437,82514,Rhinolophus ferrumequinum,0.027,0.027,-1,Echolocation,/mnt/ubna_data_02_mir/recover-20220922/UBNA_001/20220921_090000.WAV,Telephone Field,recover-20220922,001,1795
1455.7905,1455.8293,68437,82382,Rhinolophus ferrumequinum,0.024,0.025,-1,Echolocation,/mnt/ubna_data_02_mir/recover-20220922/UBNA_001/20220921_090000.WAV,Telephone Field,recover-20220922,001,1795
1455.7965,1455.8033,28046,39216,Eptesicus serotinus,0.01,0.028,-1,Echolocation,/mnt/ubna_data_02_mir/recover-20220922/UBNA_001/20220921_090000.WAV,Telephone Field,recover-20220922,001,1795
1455.8315,1455.8725,68437,83434,Rhinolophus ferrumequinum,0.026,0.026,-1,Echolocation,/mnt/ubna_data_02_mir/recover-20220922/UBNA_001/20220921_090000.WAV,Telephone Field,recover-20220922,001,1795
1455.8325,1455.8454,23750,29272,Nyctalus leisleri,0.012,0.028,-1,Echolocation,/mnt/ubna_data_02_mir/recover-20220922/UBNA_001/20220921_090000.WAV,Telephone Field,recover-20220922,001,1795
1455.8735,1455.9107,68437,81698,Rhinolophus ferrumequinum,0.02,0.021,-1,Echolocation,/mnt/ubna_data_02_mir/recover-20220922/UBNA_001/20220921_090000.WAV,Telephone Field,recover-20220922,001,1795
1455.8935,1455.9359,68437,83010,Rhinolophus ferrumequinum,0.028,0.028,-1,Echolocation,/mnt/ubna_data_02_mir/recover-20220922/UBNA_001/20220921_090000.WAV,Telephone Field,recover-20220922,001,1795
1455.9135,1455.9243,26328,33900,Eptesicus serotinus,0.01,0.022,-1,Echolocation,/mnt/ubna_data_02_mir/recover-20220922/UBNA_001/20220921_090000.WAV,Telephone Field,recover-20220922,001,1795
1455.9395,1455.9803,68437,82273,Rhinolophus ferrumequinum,0.025,0.025,-1,Echolocation,/mnt/ubna_data_02_mir/recover-20220922/UBNA_001/20220921_090000.WAV,Telephone Field,recover-20220922,001,1795
1455.9465,1455.9537,28046,37830,Eptesicus serotinus,0.008,0.024,-1,Echolocation,/mnt/ubna_data_02_mir/recover-20220922/UBNA_001/20220921_090000.WAV,Telephone Field,recover-20220922,001,1795
1455.9505,1455.9892,68437,82132,Rhinolophus ferrumequinum,0.022,0.022,-1,Echolocation,/mnt/ubna_data_02_mir/recover-20220922/UBNA_001/20220921_090000.WAV,Telephone Field,recover-20220922,001,1795
1455.9555,1455.9622,28046,35782,Eptesicus serotinus,0.006,0.021,-1,Echolocation,/mnt/ubna_data_02_mir/recover-20220922/UBNA_001/20220921_090000.WAV,Telephone Field,recover-20220922,001,1795
1455.9785,1455.9906,14296,18737,Nyctalus noctula,0.013,0.031,-1,Echolocation,/mnt/ubna_data_02_mir/recover-20220922/UBNA_001/20220921_090000.WAV,Telephone Field,recover-20220922,001,1795
1456.0015,1456.0135,22890,28823,Nyctalus leisleri,0.048,0.106,-1,Echolocation,/mnt/ubna_data_02_mir/recover-20220922/UBNA_001/20220921_090000.WAV,Telephone Field,recover-20220922,001,1795
1456.0015,1456.0313,68437,79220,Rhinolophus ferrumequinum,0.024,0.024,-1,Echolocation,/mnt/ubna_data_02_mir/recover-20220922/UBNA_001/20220921_090000.WAV,Telephone Field,recover-20220922,001,1795
1456.0015,1456.0093,46953,51873,Pipistrellus pipistrellus,0.017,0.023,-1,Echolocation,/mnt/ubna_data_02_mir/recover-20220922/UBNA_001/20220921_090000.WAV,Telephone Field,recover-20220922,001,1795
1456.0095,1456.0483,68437,81456,Rhinolophus ferrumequinum,0.024,0.024,-1,Echolocation,/mnt/ubna_data_02_mir/recover-20220922/UBNA_001/20220921_090000.WAV,Telephone Field,recover-20220922,001,1795
1456.0265,1456.0676,68437,82716,Rhinolophus ferrumequinum,0.026,0.026,-1,Echolocation,/mnt/ubna_data_02_mir/recover-20220922/UBNA_001/20220921_090000.WAV,Telephone Field,recover-20220922,001,1795
1456.0565,1456.0673,22890,28822,Nyctalus leisleri,0.01,0.025,-1,Echolocation,/mnt/ubna_data_02_mir/recover-20220922/UBNA_001/20220921_090000.WAV,Telephone Field,recover-20220922,001,1795
1456.0625,1456.0702,26328,34610,Eptesicus serotinus,0.009,0.025,-1,Echolocation,/mnt/ubna_data_02_mir/recover-20220922/UBNA_001/20220921_090000.WAV,Telephone Field,recover-20220922,001,1795
1456.0725,1456.1109,68437,82022,Rhinolophus ferrumequinum,0.025,0.025,-1,Echolocation,/mnt/ubna_data_02_mir/recover-20220922/UBNA_001/20220921_090000.WAV,Telephone Field,recover-20220922,001,1795
1456.0755,1456.0861,37500,46113,Pipistrellus nathusii,0.019,0.031,-1,Echolocation,/mnt/ubna_data_02_mir/recover-20220922/UBNA_001/20220921_090000.WAV,Telephone Field,recover-20220922,001,1795
1456.0895,1456.1279,68437,82221,Rhinolophus ferrumequinum,0.023,0.023,-1,Echolocation,/mnt/ubna_data_02_mir/recover-20220922/UBNA_001/20220921_090000.WAV,Telephone Field,recover-20220922,001,1795
1456.0985,1456.1083,28046,39218,Eptesicus serotinus,0.012,0.027,-1,Echolocation,/mnt/ubna_data_02_mir/recover-20220922/UBNA_001/20220921_090000.WAV,Telephone Field,recover-20220922,001,1795
1456.1095,1456.1464,68437,82865,Rhinolophus ferrumequinum,0.022,0.022,-1,Echolocation,/mnt/ubna_data_02_mir/recover-20220922/UBNA_001/20220921_090000.WAV,Telephone Field,recover-20220922,001,1795
1456.1375,1456.1775,68437,82545,Rhinolophus ferrumequinum,0.027,0.027,-1,Echolocation,/mnt/ubna_data_02_mir/recover-20220922/UBNA_001/20220921_090000.WAV,Telephone Field,recover-20220922,001,1795
1456.1515,1456.1587,26328,34643,Plecotus auritus,0.016,0.05,-1,Echolocation,/mnt/ubna_data_02_mir/recover-20220922/UBNA_001/20220921_090000.WAV,Telephone Field,recover-20220922,001,1795
1456.1525,1456.1908,68437,82263,Rhinolophus ferrumequinum,0.022,0.022,-1,Echolocation,/mnt/ubna_data_02_mir/recover-20220922/UBNA_001/20220921_090000.WAV,Telephone Field,recover-20220922,001,1795
1456.1615,1456.2018,68437,83095,Rhinolophus ferrumequinum,0.025,0.025,-1,Echolocation,/mnt/ubna_data_02_mir/recover-20220922/UBNA_001/20220921_090000.WAV,Telephone Field,recover-20220922,001,1795
1456.1875,1456.2249,68437,81996,Rhinolophus ferrumequinum,0.023,0.023,-1,Echolocation,/mnt/ubna_data_02_mir/recover-20220922/UBNA_001/20220921_090000.WAV,Telephone Field,recover-20220922,001,1795
1456.2205,1456.2537,68437,80628,Rhinolophus ferrumequinum,0.022,0.022,-1,Echolocation,/mnt/ubna_data_02_mir/recover-20220922/UBNA_001/20220921_090000.WAV,Telephone Field,recover-20220922,001,1795
1456.2295,1456.2697,68437,82493,Rhinolophus ferrumequinum,0.033,0.033,-1,Echolocation,/mnt/ubna_data_02_mir/recover-20220922/UBNA_001/20220921_090000.WAV,Telephone Field,recover-20220922,001,1795
1456.2975,1456.3374,68437,82453,Rhinolophus ferrumequinum,0.022,0.022,-1,Echolocation,/mnt/ubna_data_02_mir/recover-20220922/UBNA_001/20220921_090000.WAV,Telephone Field,recover-20220922,001,1795
1456.3005,1456.3108,14296,20779,Nyctalus noctula,0.047,0.072,-1,Echolocation,/mnt/ubna_data_02_mir/recover-20220922/UBNA_001/20220921_090000.WAV,Telephone Field,recover-20220922,001,1795
1456.3345,1456.3423,23750,32433,Plecotus austriacus,0.009,0.025,-1,Echolocation,/mnt/ubna_data_02_mir/recover-20220922/UBNA_001/20220921_090000.WAV,Telephone Field,recover-20220922,001,1795
1456.3535,1456.392,68437,82573,Rhinolophus ferrumequinum,0.033,0.033,-1,Echolocation,/mnt/ubna_data_02_mir/recover-20220922/UBNA_001/20220921_090000.WAV,Telephone Field,recover-20220922,001,1795
1456.3585,1456.3658,26328,40514,Eptesicus serotinus,0.006,0.024,-1,Echolocation,/mnt/ubna_data_02_mir/recover-20220922/UBNA_001/20220921_090000.WAV,Telephone Field,recover-20220922,001,1795
1456.3835,1456.3927,26328,34019,Eptesicus serotinus,0.01,0.027,-1,Echolocation,/mnt/ubna_data_02_mir/recover-20220922/UBNA_001/20220921_090000.WAV,Telephone Field,recover-20220922,001,1795
1456.3955,1456.4056,28046,35434,Eptesicus serotinus,0.01,0.022,-1,Echolocation,/mnt/ubna_data_02_mir/recover-20220922/UBNA_001/20220921_090000.WAV,Telephone Field,recover-20220922,001,1795
1456.4075,1456.4155,32343,39967,Barbastellus barbastellus,0.005,0.023,-1,Echolocation,/mnt/ubna_data_02_mir/recover-20220922/UBNA_001/20220921_090000.WAV,Telephone Field,recover-20220922,001,1795
1456.4205,1456.4318,51250,56542,Pipistrellus pipistrellus,0.015,0.023,-1,Echolocation,/mnt/ubna_data_02_mir/recover-20220922/UBNA_001/20220921_090000.WAV,Telephone Field,recover-20220922,001,1795
1456.4585,1456.4979,68437,82371,Rhinolophus ferrumequinum,0.024,0.024,-1,Echolocation,/mnt/ubna_data_02_mir/recover-20220922/UBNA_001/20220921_090000.WAV,Telephone Field,recover-20220922,001,1795
1456.4635,1456.4718,27187,38408,Eptesicus serotinus,0.009,0.024,-1,Echolocation,/mnt/ubna_data_02_mir/recover-20220922/UBNA_001/20220921_090000.WAV,Telephone Field,recover-20220922,001,1795
1456.4795,1456.5137,68437,81112,Rhinolophus ferrumequinum,0.024,0.024,-1,Echolocation,/mnt/ubna_data_02_mir/recover-20220922/UBNA_001/20220921_090000.WAV,Telephone Field,recover-20220922,001,1795
1456.5165,1456.5589,68437,82791,Rhinolophus ferrumequinum,0.024,0.024,-1,Echolocation,/mnt/ubna_data_02_mir/recover-20220922/UBNA_001/20220921_090000.WAV,Telephone Field,recover-20220922,001,1795
1456.5275,1456.535,25468,34498,Plecotus austriacus,0.008,0.027,-1,Echolocation,/mnt/ubna_data_02_mir/recover-20220922/UBNA_001/20220921_090000.WAV,Telephone Field,recover-20220922,001,1795
1456.5735,1456.6099,68437,81718,Rhinolophus ferrumequinum,0.023,0.023,-1,Echolocation,/mnt/ubna_data_02_mir/recover-20220922/UBNA_001/20220921_090000.WAV,Telephone Field,recover-20220922,001,1795
1456.5985,1456.6346,68437,82016,Rhinolophus ferrumequinum,0.022,0.022,-1,Echolocation,/mnt/ubna_data_02_mir/recover-20220922/UBNA_001/20220921_090000.WAV,Telephone Field,recover-20220922,001,1795
1456.6065,1456.6436,68437,82078,Rhinolophus ferrumequinum,0.023,0.023,-1,Echolocation,/mnt/ubna_data_02_mir/recover-20220922/UBNA_001/20220921_090000.WAV,Telephone Field,recover-20220922,001,1795
1456.6185,1456.6249,25468,35702,Plecotus austriacus,0.008,0.024,-1,Echolocation,/mnt/ubna_data_02_mir/recover-20220922/UBNA_001/20220921_090000.WAV,Telephone Field,recover-20220922,001,1795
1456.6305,1456.6668,68437,82149,Rhinolophus ferrumequinum,0.024,0.024,-1,Echolocation,/mnt/ubna_data_02_mir/recover-20220922/UBNA_001/20220921_090000.WAV,Telephone Field,recover-20220922,001,1795
1456.6615,1456.6717,24609,32073,Eptesicus serotinus,0.008,0.023,-1,Echolocation,/mnt/ubna_data_02_mir/recover-20220922/UBNA_001/20220921_090000.WAV,Telephone Field,recover-20220922,001,1795
1456.6725,1456.7121,68437,82453,Rhinolophus ferrumequinum,0.027,0.027,-1,Echolocation,/mnt/ubna_data_02_mir/recover-20220922/UBNA_001/20220921_090000.WAV,Telephone Field,recover-20220922,001,1795
1456.6965,1456.7048,27187,37883,Eptesicus serotinus,0.008,0.023,-1,Echolocation,/mnt/ubna_data_02_mir/recover-20220922/UBNA_001/20220921_090000.WAV,Telephone Field,recover-20220922,001,1795
1456.7245,1456.7364,23750,28969,Nyctalus leisleri,0.019,0.039,-1,Echolocation,/mnt/ubna_data_02_mir/recover-20220922/UBNA_001/20220921_090000.WAV,Telephone Field,recover-20220922,001,1795
1456.7735,1456.8149,68437,82815,Rhinolophus ferrumequinum,0.025,0.025,-1,Echolocation,/mnt/ubna_data_02_mir/recover-20220922/UBNA_001/20220921_090000.WAV,Telephone Field,recover-20220922,001,1795
1456.7965,1456.8376,68437,82933,Rhinolophus ferrumequinum,0.025,0.025,-1,Echolocation,/mnt/ubna_data_02_mir/recover-20220922/UBNA_001/20220921_090000.WAV,Telephone Field,recover-20220922,001,1795
1456.8125,1456.8548,68437,82921,Rhinolophus ferrumequinum,0.027,0.027,-1,Echolocation,/mnt/ubna_data_02_mir/recover-20220922/UBNA_001/20220921_090000.WAV,Telephone Field,recover-20220922,001,1795
1456.8705,1456.8792,44375,52215,Pipistrellus pipistrellus,0.016,0.023,-1,Echolocation,/mnt/ubna_data_02_mir/recover-20220922/UBNA_001/20220921_090000.WAV,Telephone Field,recover-20220922,001,1795
1456.8725,1456.9168,68437,83432,Rhinolophus ferrumequinum,0.037,0.037,-1,Echolocation,/mnt/ubna_data_02_mir/recover-20220922/UBNA_001/20220921_090000.WAV,Telephone Field,recover-20220922,001,1795
1456.8725,1456.882,26328,39072,Eptesicus serotinus,0.008,0.022,-1,Echolocation,/mnt/ubna_data_02_mir/recover-20220922/UBNA_001/20220921_090000.WAV,Telephone Field,recover-20220922,001,1795
1456.8935,1456.9363,68437,83242,Rhinolophus ferrumequinum,0.023,0.023,-1,Echolocation,/mnt/ubna_data_02_mir/recover-20220922/UBNA_001/20220921_090000.WAV,Telephone Field,recover-20220922,001,1795
1456.9035,1456.9452,68437,83327,Rhinolophus ferrumequinum,0.025,0.025,-1,Echolocation,/mnt/ubna_data_02_mir/recover-20220922/UBNA_001/20220921_090000.WAV,Telephone Field,recover-20220922,001,1795
1456.9175,1456.9302,14296,21654,Nyctalus noctula,0.014,0.023,-1,Echolocation,/mnt/ubna_data_02_mir/recover-20220922/UBNA_001/20220921_090000.WAV,Telephone Field,recover-20220922,001,1795
1456.9195,1456.9607,68437,83127,Rhinolophus ferrumequinum,0.023,0.023,-1,Echolocation,/mnt/ubna_data_02_mir/recover-20220922/UBNA_001/20220921_090000.WAV,Telephone Field,recover-20220922,001,1795
1456.9395,1456.9504,22890,27643,Nyctalus leisleri,0.015,0.03,-1,Echolocation,/mnt/ubna_data_02_mir/recover-20220922/UBNA_001/20220921_090000.WAV,Telephone Field,recover-20220922,001,1795
1456.9405,1456.9813,68437,82747,Rhinolophus ferrumequinum,0.023,0.023,-1,Echolocation,/mnt/ubna_data_02_mir/recover-20220922/UBNA_001/20220921_090000.WAV,Telephone Field,recover-20220922,001,1795
1456.9995,1457.0369,68437,82119,Rhinolophus ferrumequinum,0.023,0.023,-1,Echolocation,/mnt/ubna_data_02_mir/recover-20220922/UBNA_001/20220921_090000.WAV,Telephone Field,recover-20220922,001,1795
1457.0405,1457.0789,68437,82464,Rhinolophus ferrumequinum,0.024,0.024,-1,Echolocation,/mnt/ubna_data_02_mir/recover-20220922/UBNA_001/20220921_090000.WAV,Telephone Field,recover-20220922,001,1795
1457.0465,1457.0843,68437,81418,Rhinolophus ferrumequinum,0.024,0.024,-1,Echolocation,/mnt/ubna_data_02_mir/recover-20220922/UBNA_001/20220921_090000.WAV,Telephone Field,recover-20220922,001,1795
1457.0745,1457.1124,68437,82870,Rhinolophus ferrumequinum,0.03,0.03,-1,Echolocation,/mnt/ubna_data_02_mir/recover-20220922/UBNA_001/20220921_090000.WAV,Telephone Field,recover-20220922,001,1795
1457.0985,1457.1379,68437,81404,Rhinolophus ferrumequinum,0.023,0.023,-1,Echolocation,/mnt/ubna_data_02_mir/recover-20220922/UBNA_001/20220921_090000.WAV,Telephone Field,recover-20220922,001,1795
1457.1005,1457.1083,51250,58995,Pipistrellus pipistrellus,0.019,0.024,-1,Echolocation,/mnt/ubna_data_02_mir/recover-20220922/UBNA_001/20220921_090000.WAV,Telephone Field,recover-20220922,001,1795
1457.1225,1457.1618,68437,82508,Rhinolophus ferrumequinum,0.036,0.037,-1,Echolocation,/mnt/ubna_data_02_mir/recover-20220922/UBNA_001/20220921_090000.WAV,Telephone Field,recover-20220922,001,1795
1457.1655,1457.2053,68437,82158,Rhinolophus ferrumequinum,0.025,0.025,-1,Echolocation,/mnt/ubna_data_02_mir/recover-20220922/UBNA_001/20220921_090000.WAV,Telephone Field,recover-20220922,001,1795
1457.1845,1457.1973,28906,35250,Eptesicus serotinus,0.013,0.023,-1,Echolocation,/mnt/ubna_data_02_mir/recover-20220922/UBNA_001/20220921_090000.WAV,Telephone Field,recover-20220922,001,1795
1457.1915,1457.2007,30625,37800,Eptesicus serotinus,0.008,0.025,-1,Echolocation,/mnt/ubna_data_02_mir/recover-20220922/UBNA_001/20220921_090000.WAV,Telephone Field,recover-20220922,001,1795
1457.2045,1457.2443,68437,82439,Rhinolophus ferrumequinum,0.027,0.027,-1,Echolocation,/mnt/ubna_data_02_mir/recover-20220922/UBNA_001/20220921_090000.WAV,Telephone Field,recover-20220922,001,1795
1457.2145,1457.2515,68437,82267,Rhinolophus ferrumequinum,0.024,0.024,-1,Echolocation,/mnt/ubna_data_02_mir/recover-20220922/UBNA_001/20220921_090000.WAV,Telephone Field,recover-20220922,001,1795
1457.2165,1457.2267,23750,29851,Nyctalus leisleri,0.01,0.023,-1,Echolocation,/mnt/ubna_data_02_mir/recover-20220922/UBNA_001/20220921_090000.WAV,Telephone Field,recover-20220922,001,1795
1457.2455,1457.2843,68437,82694,Rhinolophus ferrumequinum,0.023,0.024,-1,Echolocation,/mnt/ubna_data_02_mir/recover-20220922/UBNA_001/20220921_090000.WAV,Telephone Field,recover-20220922,001,1795
1457.2865,1457.3227,68437,81431,Rhinolophus ferrumequinum,0.028,0.028,-1,Echolocation,/mnt/ubna_data_02_mir/recover-20220922/UBNA_001/20220921_090000.WAV,Telephone Field,recover-20220922,001,1795
1457.2995,1457.3345,68437,82141,Rhinolophus ferrumequinum,0.024,0.024,-1,Echolocation,/mnt/ubna_data_02_mir/recover-20220922/UBNA_001/20220921_090000.WAV,Telephone Field,recover-20220922,001,1795
1457.3095,1457.3503,68437,82734,Rhinolophus ferrumequinum,0.025,0.025,-1,Echolocation,/mnt/ubna_data_02_mir/recover-20220922/UBNA_001/20220921_090000.WAV,Telephone Field,recover-20220922,001,1795
1457.3215,1457.3323,22890,29227,Nyctalus leisleri,0.013,0.036,-1,Echolocation,/mnt/ubna_data_02_mir/recover-20220922/UBNA_001/20220921_090000.WAV,Telephone Field,recover-20220922,001,1795
1457.3375,1457.3775,68437,83293,Rhinolophus ferrumequinum,0.03,0.03,-1,Echolocation,/mnt/ubna_data_02_mir/recover-20220922/UBNA_001/20220921_090000.WAV,Telephone Field,recover-20220922,001,1795
1457.3805,1457.4208,68437,82981,Rhinolophus ferrumequinum,0.031,0.031,-1,Echolocation,/mnt/ubna_data_02_mir/recover-20220922/UBNA_001/20220921_090000.WAV,Telephone Field,recover-20220922,001,1795
1457.4135,1457.4531,68437,83373,Rhinolophus ferrumequinum,0.028,0.028,-1,Echolocation,/mnt/ubna_data_02_mir/recover-20220922/UBNA_001/20220921_090000.WAV,Telephone Field,recover-20220922,001,1795
1457.4595,1457.4967,68437,81946,Rhinolophus ferrumequinum,0.023,0.023,-1,Echolocation,/mnt/ubna_data_02_mir/recover-20220922/UBNA_001/20220921_090000.WAV,Telephone Field,recover-20220922,001,1795
1457.4785,1457.5184,68437,82282,Rhinolophus ferrumequinum,0.023,0.023,-1,Echolocation,/mnt/ubna_data_02_mir/recover-20220922/UBNA_001/20220921_090000.WAV,Telephone Field,recover-20220922,001,1795
1457.5355,1457.576,68437,83419,Rhinolophus ferrumequinum,0.029,0.029,-1,Echolocation,/mnt/ubna_data_02_mir/recover-20220922/UBNA_001/20220921_090000.WAV,Telephone Field,recover-20220922,001,1795
1457.5415,1457.5516,25468,33095,Eptesicus serotinus,0.009,0.025,-1,Echolocation,/mnt/ubna_data_02_mir/recover-20220922/UBNA_001/20220921_090000.WAV,Telephone Field,recover-20220922,001,1795
1457.5555,1457.5898,68437,81147,Rhinolophus ferrumequinum,0.024,0.024,-1,Echolocation,/mnt/ubna_data_02_mir/recover-20220922/UBNA_001/20220921_090000.WAV,Telephone Field,recover-20220922,001,1795
1457.5645,1457.6028,68437,82060,Rhinolophus ferrumequinum,0.027,0.027,-1,Echolocation,/mnt/ubna_data_02_mir/recover-20220922/UBNA_001/20220921_090000.WAV,Telephone Field,recover-20220922,001,1795
1457.5985,1457.606,31484,40336,Myotis daubentonii,0.008,0.023,-1,Echolocation,/mnt/ubna_data_02_mir/recover-20220922/UBNA_001/20220921_090000.WAV,Telephone Field,recover-20220922,001,1795
1457.6025,1457.642,68437,82449,Rhinolophus ferrumequinum,0.024,0.024,-1,Echolocation,/mnt/ubna_data_02_mir/recover-20220922/UBNA_001/20220921_090000.WAV,Telephone Field,recover-20220922,001,1795
1457.6115,1457.6523,68437,82811,Rhinolophus ferrumequinum,0.027,0.027,-1,Echolocation,/mnt/ubna_data_02_mir/recover-20220922/UBNA_001/20220921_090000.WAV,Telephone Field,recover-20220922,001,1795
1457.6215,1457.6606,68437,82768,Rhinolophus ferrumequinum,0.033,0.033,-1,Echolocation,/mnt/ubna_data_02_mir/recover-20220922/UBNA_001/20220921_090000.WAV,Telephone Field,recover-20220922,001,1795
1457.6315,1457.6719,68437,82004,Rhinolophus ferrumequinum,0.031,0.031,-1,Echolocation,/mnt/ubna_data_02_mir/recover-20220922/UBNA_001/20220921_090000.WAV,Telephone Field,recover-20220922,001,1795
1457.6545,1457.6909,68437,81555,Rhinolophus ferrumequinum,0.027,0.027,-1,Echolocation,/mnt/ubna_data_02_mir/recover-20220922/UBNA_001/20220921_090000.WAV,Telephone Field,recover-20220922,001,1795
1457.6605,1457.6718,23750,29185,Nyctalus leisleri,0.01,0.024,-1,Echolocation,/mnt/ubna_data_02_mir/recover-20220922/UBNA_001/20220921_090000.WAV,Telephone Field,recover-20220922,001,1795
1457.6825,1457.7217,68437,81939,Rhinolophus ferrumequinum,0.023,0.023,-1,Echolocation,/mnt/ubna_data_02_mir/recover-20220922/UBNA_001/20220921_090000.WAV,Telephone Field,recover-20220922,001,1795
1457.7245,1457.7606,68437,82421,Rhinolophus ferrumequinum,0.023,0.023,-1,Echolocation,/mnt/ubna_data_02_mir/recover-20220922/UBNA_001/20220921_090000.WAV,Telephone Field,recover-20220922,001,1795
1457.7685,1457.8031,68437,81406,Rhinolophus ferrumequinum,0.023,0.023,-1,Echolocation,/mnt/ubna_data_02_mir/recover-20220922/UBNA_001/20220921_090000.WAV,Telephone Field,recover-20220922,001,1795
1457.7795,1457.8188,68437,82164,Rhinolophus ferrumequinum,0.026,0.026,-1,Echolocation,/mnt/ubna_data_02_mir/recover-20220922/UBNA_001/20220921_090000.WAV,Telephone Field,recover-20220922,001,1795
1457.7995,1457.8387,68437,83091,Rhinolophus ferrumequinum,0.028,0.028,-1,Echolocation,/mnt/ubna_data_02_mir/recover-20220922/UBNA_001/20220921_090000.WAV,Telephone Field,recover-20220922,001,1795
1457.8085,1457.8175,22031,28395,Plecotus austriacus,0.01,0.026,-1,Echolocation,/mnt/ubna_data_02_mir/recover-20220922/UBNA_001/20220921_090000.WAV,Telephone Field,recover-20220922,001,1795
1457.8285,1457.84,24609,30369,Eptesicus serotinus,0.011,0.026,-1,Echolocation,/mnt/ubna_data_02_mir/recover-20220922/UBNA_001/20220921_090000.WAV,Telephone Field,recover-20220922,001,1795
1457.8325,1457.8729,68437,81773,Rhinolophus ferrumequinum,0.026,0.026,-1,Echolocation,/mnt/ubna_data_02_mir/recover-20220922/UBNA_001/20220921_090000.WAV,Telephone Field,recover-20220922,001,1795
1457.8795,1457.9196,68437,82467,Rhinolophus ferrumequinum,0.024,0.024,-1,Echolocation,/mnt/ubna_data_02_mir/recover-20220922/UBNA_001/20220921_090000.WAV,Telephone Field,recover-20220922,001,1795
1457.8915,1457.9092,19453,22195,Nyctalus leisleri,0.012,0.026,-1,Echolocation,/mnt/ubna_data_02_mir/recover-20220922/UBNA_001/20220921_090000.WAV,Telephone Field,recover-20220922,001,1795
1457.8985,1457.9355,68437,81673,Rhinolophus ferrumequinum,0.026,0.026,-1,Echolocation,/mnt/ubna_data_02_mir/recover-20220922/UBNA_001/20220921_090000.WAV,Telephone Field,recover-20220922,001,1795
1457.9105,1457.9207,23750,29935,Nyctalus leisleri,0.009,0.023,-1,Echolocation,/mnt/ubna_data_02_mir/recover-20220922/UBNA_001/20220921_090000.WAV,Telephone Field,recover-20220922,001,1795
1457.9355,1457.9744,68437,83004,Rhinolophus ferrumequinum,0.027,0.028,-1,Echolocation,/mnt/ubna_data_02_mir/recover-20220922/UBNA_001/20220921_090000.WAV,Telephone Field,recover-20220922,001,1795
1457.9585,1457.9669,22890,30196,Plecotus austriacus,0.01,0.025,-1,Echolocation,/mnt/ubna_data_02_mir/recover-20220922/UBNA_001/20220921_090000.WAV,Telephone Field,recover-20220922,001,1795
1457.9875,1457.996,45234,48784,Pipistrellus pipistrellus,0.046,0.059,-1,Echolocation,/mnt/ubna_data_02_mir/recover-20220922/UBNA_001/20220921_090000.WAV,Telephone Field,recover-20220922,001,1795
1458.0015,1458.0329,68437,80665,Rhinolophus ferrumequinum,0.028,0.028,-1,Echolocation,/mnt/ubna_data_02_mir/recover-20220922/UBNA_001/20220921_090000.WAV,Telephone Field,recover-20220922,001,1795
1458.0015,1458.0093,46093,50485,Pipistrellus pipistrellus,0.033,0.04,-1,Echolocation,/mnt/ubna_data_02_mir/recover-20220922/UBNA_001/20220921_090000.WAV,Telephone Field,recover-20220922,001,1795
1458.0015,1458.0106,22890,29432,Nyctalus leisleri,0.017,0.042,-1,Echolocation,/mnt/ubna_data_02_mir/recover-20220922/UBNA_001/20220921_090000.WAV,Telephone Field,recover-20220922,001,1795
1458.0405,1458.0827,68437,82157,Rhinolophus ferrumequinum,0.038,0.038,-1,Echolocation,/mnt/ubna_data_02_mir/recover-20220922/UBNA_001/20220921_090000.WAV,Telephone Field,recover-20220922,001,1795
1458.0615,1458.1039,68437,82920,Rhinolophus ferrumequinum,0.022,0.022,-1,Echolocation,/mnt/ubna_data_02_mir/recover-20220922/UBNA_001/20220921_090000.WAV,Telephone Field,recover-20220922,001,1795
1458.0655,1458.0749,29765,36994,Eptesicus serotinus,0.008,0.022,-1,Echolocation,/mnt/ubna_data_02_mir/recover-20220922/UBNA_001/20220921_090000.WAV,Telephone Field,recover-20220922,001,1795
1458.0705,1458.0802,22031,27104,Nyctalus leisleri,0.01,0.023,-1,Echolocation,/mnt/ubna_data_02_mir/recover-20220922/UBNA_001/20220921_090000.WAV,Telephone Field,recover-20220922,001,1795
1458.1035,1458.1115,25468,33846,Eptesicus serotinus,0.007,0.024,-1,Echolocation,/mnt/ubna_data_02_mir/recover-20220922/UBNA_001/20220921_090000.WAV,Telephone Field,recover-20220922,001,1795
1458.1145,1458.1525,68437,81404,Rhinolophus ferrumequinum,0.022,0.022,-1,Echolocation,/mnt/ubna_data_02_mir/recover-20220922/UBNA_001/20220921_090000.WAV,Telephone Field,recover-20220922,001,1795
1458.1385,1458.1505,22031,27620,Nyctalus leisleri,0.01,0.025,-1,Echolocation,/mnt/ubna_data_02_mir/recover-20220922/UBNA_001/20220921_090000.WAV,Telephone Field,recover-20220922,001,1795
1458.1565,1458.1963,68437,82431,Rhinolophus ferrumequinum,0.023,0.023,-1,Echolocation,/mnt/ubna_data_02_mir/recover-20220922/UBNA_001/20220921_090000.WAV,Telephone Field,recover-20220922,001,1795
1458.1865,1458.227,68437,82763,Rhinolophus ferrumequinum,0.026,0.026,-1,Echolocation,/mnt/ubna_data_02_mir/recover-20220922/UBNA_001/20220921_090000.WAV,Telephone Field,recover-20220922,001,1795
1458.2075,1458.2182,30625,37238,Eptesicus serotinus,0.006,0.022,-1,Echolocation,/mnt/ubna_data_02_mir/recover-20220922/UBNA_001/20220921_090000.WAV,Telephone Field,recover-20220922,001,1795
1458.2185,1458.2266,27187,37853,Eptesicus serotinus,0.007,0.022,-1,Echolocation,/mnt/ubna_data_02_mir/recover-20220922/UBNA_001/20220921_090000.WAV,Telephone Field,recover-20220922,001,1795
1458.2515,1458.2603,25468,33701,Eptesicus serotinus,0.01,0.026,-1,Echolocation,/mnt/ubna_data_02_mir/recover-20220922/UBNA_001/20220921_090000.WAV,Telephone Field,recover-20220922,001,1795
1458.2885,1458.3286,68437,81137,Rhinolophus ferrumequinum,0.022,0.022,-1,Echolocation,/mnt/ubna_data_02_mir/recover-20220922/UBNA_001/20220921_090000.WAV,Telephone Field,recover-20220922,001,1795
1458.3165,1458.3549,68437,81792,Rhinolophus ferrumequinum,0.022,0.022,-1,Echolocation,/mnt/ubna_data_02_mir/recover-20220922/UBNA_001/20220921_090000.WAV,Telephone Field,recover-20220922,001,1795
1458.3215,1458.3285,28046,41136,Eptesicus serotinus,0.005,0.024,-1,Echolocation,/mnt/ubna_data_02_mir/recover-20220922/UBNA_001/20220921_090000.WAV,Telephone Field,recover-20220922,001,1795
1458.3435,1458.3842,68437,82731,Rhinolophus ferrumequinum,0.03,0.03,-1,Echolocation,/mnt/ubna_data_02_mir/recover-20220922/UBNA_001/20220921_090000.WAV,Telephone Field,recover-20220922,001,1795
1458.3525,1458.3626,28046,36575,Eptesicus serotinus,0.01,0.025,-1,Echolocation,/mnt/ubna_data_02_mir/recover-20220922/UBNA_001/20220921_090000.WAV,Telephone Field,recover-20220922,001,1795
1458.3905,1458.4309,68437,82968,Rhinolophus ferrumequinum,0.027,0.027,-1,Echolocation,/mnt/ubna_data_02_mir/recover-20220922/UBNA_001/20220921_090000.WAV,Telephone Field,recover-20220922,001,1795
1458.4655,1458.4766,50390,54917,Pipistrellus pipistrellus,0.019,0.025,-1,Echolocation,/mnt/ubna_data_02_mir/recover-20220922/UBNA_001/20220921_090000.WAV,Telephone Field,recover-20220922,001,1795
1458.4875,1458.5286,68437,82285,Rhinolophus ferrumequinum,0.023,0.023,-1,Echolocation,/mnt/ubna_data_02_mir/recover-20220922/UBNA_001/20220921_090000.WAV,Telephone Field,recover-20220922,001,1795
1458.4955,1458.5329,68437,81748,Rhinolophus ferrumequinum,0.022,0.022,-1,Echolocation,/mnt/ubna_data_02_mir/recover-20220922/UBNA_001/20220921_090000.WAV,Telephone Field,recover-20220922,001,1795
1458.5285,1458.5367,27187,37332,Eptesicus serotinus,0.007,0.022,-1,Echolocation,/mnt/ubna_data_02_mir/recover-20220922/UBNA_001/20220921_090000.WAV,Telephone Field,recover-20220922,001,1795
1458.5615,1458.603,68437,82423,Rhinolophus ferrumequinum,0.031,0.031,-1,Echolocation,/mnt/ubna_data_02_mir/recover-20220922/UBNA_001/20220921_090000.WAV,Telephone Field,recover-20220922,001,1795
1458.6395,1458.6522,54687,59867,Pipistrellus pygmaeus,0.021,0.022,-1,Echolocation,/mnt/ubna_data_02_mir/recover-20220922/UBNA_001/20220921_090000.WAV,Telephone Field,recover-20220922,001,1795
1458.7015,1458.7396,68437,82147,Rhinolophus ferrumequinum,0.022,0.022,-1,Echolocation,/mnt/ubna_data_02_mir/recover-20220922/UBNA_001/20220921_090000.WAV,Telephone Field,recover-20220922,001,1795
1458.7365,1458.7805,68437,83172,Rhinolophus ferrumequinum,0.027,0.027,-1,Echolocation,/mnt/ubna_data_02_mir/recover-20220922/UBNA_001/20220921_090000.WAV,Telephone Field,recover-20220922,001,1795
1458.7375,1458.747,24609,32720,Nyctalus leisleri,0.007,0.025,-1,Echolocation,/mnt/ubna_data_02_mir/recover-20220922/UBNA_001/20220921_090000.WAV,Telephone Field,recover-20220922,001,1795
1458.7535,1458.7602,28046,43752,Eptesicus serotinus,0.011,0.035,-1,Echolocation,/mnt/ubna_data_02_mir/recover-20220922/UBNA_001/20220921_090000.WAV,Telephone Field,recover-20220922,001,1795
1458.7955,1458.8314,68437,81273,Rhinolophus ferrumequinum,0.023,0.023,-1,Echolocation,/mnt/ubna_data_02_mir/recover-20220922/UBNA_001/20220921_090000.WAV,Telephone Field,recover-20220922,001,1795
1458.8195,1458.8614,68437,82954,Rhinolophus ferrumequinum,0.023,0.023,-1,Echolocation,/mnt/ubna_data_02_mir/recover-20220922/UBNA_001/20220921_090000.WAV,Telephone Field,recover-20220922,001,1795
1458.8475,1458.8877,68437,82674,Rhinolophus ferrumequinum,0.027,0.027,-1,Echolocation,/mnt/ubna_data_02_mir/recover-20220922/UBNA_001/20220921_090000.WAV,Telephone Field,recover-20220922,001,1795
1458.8615,1458.8741,22890,27227,Nyctalus leisleri,0.018,0.03,-1,Echolocation,/mnt/ubna_data_02_mir/recover-20220922/UBNA_001/20220921_090000.WAV,Telephone Field,recover-20220922,001,1795
1458.9115,1458.9209,29765,38564,Eptesicus serotinus,0.008,0.024,-1,Echolocation,/mnt/ubna_data_02_mir/recover-20220922/UBNA_001/20220921_090000.WAV,Telephone Field,recover-20220922,001,1795
1458.9555,1458.9634,28046,36991,Eptesicus serotinus,0.008,0.027,-1,Echolocation,/mnt/ubna_data_02_mir/recover-20220922/UBNA_001/20220921_090000.WAV,Telephone Field,recover-20220922,001,1795
1458.9695,1458.9782,45234,51385,Pipistrellus pipistrellus,0.035,0.044,-1,Echolocation,/mnt/ubna_data_02_mir/recover-20220922/UBNA_001/20220921_090000.WAV,Telephone Field,recover-20220922,001,1795
1458.9695,1459.0079,68437,82577,Rhinolophus ferrumequinum,0.026,0.026,-1,Echolocation,/mnt/ubna_data_02_mir/recover-20220922/UBNA_001/20220921_090000.WAV,Telephone Field,recover-20220922,001,1795
1458.9985,1459.0397,68437,82612,Rhinolophus ferrumequinum,0.022,0.022,-1,Echolocation,/mnt/ubna_data_02_mir/recover-20220922/UBNA_001/20220921_090000.WAV,Telephone Field,recover-20220922,001,1795
1459.0395,1459.0812,68437,82325,Rhinolophus ferrumequinum,0.022,0.022,-1,Echolocation,/mnt/ubna_data_02_mir/recover-20220922/UBNA_001/20220921_090000.WAV,Telephone Field,recover-20220922,001,1795
1459.0735,1459.0829,27187,35984,Eptesicus serotinus,0.008,0.022,-1,Echolocation,/mnt/ubna_data_02_mir/recover-20220922/UBNA_001/20220921_090000.WAV,Telephone Field,recover-20220922,001,1795
1459.0915,1459.1344,68437,82878,Rhinolophus ferrumequinum,0.023,0.023,-1,Echolocation,/mnt/ubna_data_02_mir/recover-20220922/UBNA_001/20220921_090000.WAV,Telephone Field,recover-20220922,001,1795
1459.1215,1459.1576,68437,81077,Rhinolophus ferrumequinum,0.026,0.026,-1,Echolocation,/mnt/ubna_data_02_mir/recover-20220922/UBNA_001/20220921_090000.WAV,Telephone Field,recover-20220922,001,1795
1459.1225,1459.131,44375,53202,Pipistrellus pipistrellus,0.017,0.025,-1,Echolocation,/mnt/ubna_data_02_mir/recover-20220922/UBNA_001/20220921_090000.WAV,Telephone Field,recover-20220922,001,1795
1459.1335,1459.173,68437,82571,Rhinolophus ferrumequinum,0.022,0.022,-1,Echolocation,/mnt/ubna_data_02_mir/recover-20220922/UBNA_001/20220921_090000.WAV,Telephone Field,recover-20220922,001,1795
1459.1765,1459.2191,68437,83335,Rhinolophus ferrumequinum,0.028,0.028,-1,Echolocation,/mnt/ubna_data_02_mir/recover-20220922/UBNA_001/20220921_090000.WAV,Telephone Field,recover-20220922,001,1795
1459.1965,1459.233,68437,82170,Rhinolophus ferrumequinum,0.023,0.023,-1,Echolocation,/mnt/ubna_data_02_mir/recover-20220922/UBNA_001/20220921_090000.WAV,Telephone Field,recover-20220922,001,1795
1459.2575,1459.2997,68437,83050,Rhinolophus ferrumequinum,0.024,0.024,-1,Echolocation,/mnt/ubna_data_02_mir/recover-20220922/UBNA_001/20220921_090000.WAV,Telephone Field,recover-20220922,001,1795
1459.2645,1459.3051,68437,83118,Rhinolophus ferrumequinum,0.023,0.023,-1,Echolocation,/mnt/ubna_data_02_mir/recover-20220922/UBNA_001/20220921_090000.WAV,Telephone Field,recover-20220922,001,1795
1459.2865,1459.2941,27187,39827,Eptesicus serotinus,0.007,0.024,-1,Echolocation,/mnt/ubna_data_02_mir/recover-20220922/UBNA_001/20220921_090000.WAV,Telephone Field,recover-20220922,001,1795
1459.3035,1459.343,68437,82445,Rhinolophus ferrumequinum,0.044,0.044,-1,Echolocation,/mnt/ubna_data_02_mir/recover-20220922/UBNA_001/20220921_090000.WAV,Telephone Field,recover-20220922,001,1795
1459.3075,1459.3193,23750,28490,Nyctalus leisleri,0.02,0.035,-1,Echolocation,/mnt/ubna_data_02_mir/recover-20220922/UBNA_001/20220921_090000.WAV,Telephone Field,recover-20220922,001,1795
1459.3175,1459.3568,68437,82440,Rhinolophus ferrumequinum,0.023,0.023,-1,Echolocation,/mnt/ubna_data_02_mir/recover-20220922/UBNA_001/20220921_090000.WAV,Telephone Field,recover-20220922,001,1795
1459.3565,1459.3978,68437,82725,Rhinolophus ferrumequinum,0.028,0.028,-1,Echolocation,/mnt/ubna_data_02_mir/recover-20220922/UBNA_001/20220921_090000.WAV,Telephone Field,recover-20220922,001,1795
1459.3955,1459.4046,28046,36994,Eptesicus serotinus,0.008,0.023,-1,Echolocation,/mnt/ubna_data_02_mir/recover-20220922/UBNA_001/20220921_090000.WAV,Telephone Field,recover-20220922,001,1795
1459.4355,1459.4743,68437,82867,Rhinolophus ferrumequinum,0.022,0.022,-1,Echolocation,/mnt/ubna_data_02_mir/recover-20220922/UBNA_001/20220921_090000.WAV,Telephone Field,recover-20220922,001,1795
1459.4365,1459.4469,24609,30744,Nyctalus leisleri,0.008,0.022,-1,Echolocation,/mnt/ubna_data_02_mir/recover-20220922/UBNA_001/20220921_090000.WAV,Telephone Field,recover-20220922,001,1795
1459.4445,1459.4872,68437,83109,Rhinolophus ferrumequinum,0.027,0.027,-1,Echolocation,/mnt/ubna_data_02_mir/recover-20220922/UBNA_001/20220921_090000.WAV,Telephone Field,recover-20220922,001,1795
1459.4675,1459.5065,68437,81072,Rhinolophus ferrumequinum,0.031,0.031,-1,Echolocation,/mnt/ubna_data_02_mir/recover-20220922/UBNA_001/20220921_090000.WAV,Telephone Field,recover-20220922,001,1795
1459.4895,1459.4995,28906,36207,Eptesicus serotinus,0.009,0.023,-1,Echolocation,/mnt/ubna_data_02_mir/recover-20220922/UBNA_001/20220921_090000.WAV,Telephone Field,recover-20220922,001,1795
1459.5165,1459.523,27187,44775,Eptesicus serotinus,0.005,0.023,-1,Echolocation,/mnt/ubna_data_02_mir/recover-20220922/UBNA_001/20220921_090000.WAV,Telephone Field,recover-20220922,001,1795
1459.5165,1459.5226,32343,47886,Myotis daubentonii,0.01,0.024,-1,Echolocation,/mnt/ubna_data_02_mir/recover-20220922/UBNA_001/20220921_090000.WAV,Telephone Field,recover-20220922,001,1795
1459.5175,1459.5226,36640,48156,Myotis daubentonii,0.009,0.023,-1,Echolocation,/mnt/ubna_data_02_mir/recover-20220922/UBNA_001/20220921_090000.WAV,Telephone Field,recover-20220922,001,1795
1459.5275,1459.5396,28906,34992,Eptesicus serotinus,0.012,0.027,-1,Echolocation,/mnt/ubna_data_02_mir/recover-20220922/UBNA_001/20220921_090000.WAV,Telephone Field,recover-20220922,001,1795
1459.5465,1459.5825,68437,81540,Rhinolophus ferrumequinum,0.022,0.022,-1,Echolocation,/mnt/ubna_data_02_mir/recover-20220922/UBNA_001/20220921_090000.WAV,Telephone Field,recover-20220922,001,1795
1459.5665,1459.5763,27187,35831,Eptesicus serotinus,0.014,0.028,-1,Echolocation,/mnt/ubna_data_02_mir/recover-20220922/UBNA_001/20220921_090000.WAV,Telephone Field,recover-20220922,001,1795
1459.6235,1459.664,68437,83089,Rhinolophus ferrumequinum,0.026,0.026,-1,Echolocation,/mnt/ubna_data_02_mir/recover-20220922/UBNA_001/20220921_090000.WAV,Telephone Field,recover-20220922,001,1795
1459.6315,1459.6711,68437,82676,Rhinolophus ferrumequinum,0.023,0.023,-1,Echolocation,/mnt/ubna_data_02_mir/recover-20220922/UBNA_001/20220921_090000.WAV,Telephone Field,recover-20220922,001,1795
1459.6555,1459.6942,68437,82320,Rhinolophus ferrumequinum,0.025,0.025,-1,Echolocation,/mnt/ubna_data_02_mir/recover-20220922/UBNA_001/20220921_090000.WAV,Telephone Field,recover-20220922,001,1795
1459.7125,1459.719,49531,55286,Pipistrellus pipistrellus,0.021,0.023,-1,Echolocation,/mnt/ubna_data_02_mir/recover-20220922/UBNA_001/20220921_090000.WAV,Telephone Field,recover-20220922,001,1795
1459.7435,1459.7824,68437,82537,Rhinolophus ferrumequinum,0.027,0.027,-1,Echolocation,/mnt/ubna_data_02_mir/recover-20220922/UBNA_001/20220921_090000.WAV,Telephone Field,recover-20220922,001,1795
1459.7985,1459.8459,68437,84084,Rhinolophus ferrumequinum,0.041,0.041,-1,Echolocation,/mnt/ubna_data_02_mir/recover-20220922/UBNA_001/20220921_090000.WAV,Telephone Field,recover-20220922,001,1795
1459.8075,1459.8145,27187,40352,Eptesicus serotinus,0.006,0.023,-1,Echolocation,/mnt/ubna_data_02_mir/recover-20220922/UBNA_001/20220921_090000.WAV,Telephone Field,recover-20220922,001,1795
1459.8395,1459.8508,22890,28616,Nyctalus leisleri,0.011,0.026,-1,Echolocation,/mnt/ubna_data_02_mir/recover-20220922/UBNA_001/20220921_090000.WAV,Telephone Field,recover-20220922,001,1795
1459.8565,1459.8631,23750,33421,Plecotus austriacus,0.013,0.028,-1,Echolocation,/mnt/ubna_data_02_mir/recover-20220922/UBNA_001/20220921_090000.WAV,Telephone Field,recover-20220922,001,1795
1459.8915,1459.9288999999999,68437,81620,Rhinolophus ferrumequinum,0.022,0.022,-1,Echolocation,/mnt/ubna_data_02_mir/recover-20220922/UBNA_001/20220921_090000.WAV,Telephone Field,recover-20220922,001,1795
1459.9375,1459.9768,68437,82201,Rhinolophus ferrumequinum,0.028,0.028,-1,Echolocation,/mnt/ubna_data_02_mir/recover-20220922/UBNA_001/20220921_090000.WAV,Telephone Field,recover-20220922,001,1795
1459.9775,1459.9843,28046,41121,Eptesicus serotinus,0.007,0.027,-1,Echolocation,/mnt/ubna_data_02_mir/recover-20220922/UBNA_001/20220921_090000.WAV,Telephone Field,recover-20220922,001,1795
1459.9835,1459.9943,46093,52344,Pipistrellus pipistrellus,0.022,0.027,-1,Echolocation,/mnt/ubna_data_02_mir/recover-20220922/UBNA_001/20220921_090000.WAV,Telephone Field,recover-20220922,001,1795
1460.0015,1460.0095,21171,26605,Nyctalus leisleri,0.009,0.026,-1,Echolocation,/mnt/ubna_data_02_mir/recover-20220922/UBNA_001/20220921_090000.WAV,Telephone Field,recover-20220922,001,1795
1460.0015,1460.0335,69296,81202,Rhinolophus ferrumequinum,0.026,0.026,-1,Echolocation,/mnt/ubna_data_02_mir/recover-20220922/UBNA_001/20220921_090000.WAV,Telephone Field,recover-20220922,001,1795
1460.0125,1460.0538999999999,68437,82824,Rhinolophus ferrumequinum,0.024,0.024,-1,Echolocation,/mnt/ubna_data_02_mir/recover-20220922/UBNA_001/20220921_090000.WAV,Telephone Field,recover-20220922,001,1795
1460.0215,1460.0322,24609,30668,Nyctalus leisleri,0.01,0.029,-1,Echolocation,/mnt/ubna_data_02_mir/recover-20220922/UBNA_001/20220921_090000.WAV,Telephone Field,recover-20220922,001,1795
1460.0515,1460.0591,28906,36747,Eptesicus serotinus,0.01,0.029,-1,Echolocation,/mnt/ubna_data_02_mir/recover-20220922/UBNA_001/20220921_090000.WAV,Telephone Field,recover-20220922,001,1795
1460.0565,1460.093,68437,81711,Rhinolophus ferrumequinum,0.022,0.022,-1,Echolocation,/mnt/ubna_data_02_mir/recover-20220922/UBNA_001/20220921_090000.WAV,Telephone Field,recover-20220922,001,1795
1460.0785,1460.0866,27187,39651,Eptesicus serotinus,0.007,0.02,-1,Echolocation,/mnt/ubna_data_02_mir/recover-20220922/UBNA_001/20220921_090000.WAV,Telephone Field,recover-20220922,001,1795
1460.0945,1460.13,68437,80857,Rhinolophus ferrumequinum,0.022,0.022,-1,Echolocation,/mnt/ubna_data_02_mir/recover-20220922/UBNA_001/20220921_090000.WAV,Telephone Field,recover-20220922,001,1795
1460.1105,1460.1191,25468,38432,Eptesicus serotinus,0.007,0.021,-1,Echolocation,/mnt/ubna_data_02_mir/recover-20220922/UBNA_001/20220921_090000.WAV,Telephone Field,recover-20220922,001,1795
1460.1105,1460.1455,68437,81158,Rhinolophus ferrumequinum,0.022,0.022,-1,Echolocation,/mnt/ubna_data_02_mir/recover-20220922/UBNA_001/20220921_090000.WAV,Telephone Field,recover-20220922,001,1795
1460.1205,1460.1301,24609,31399,Nyctalus leisleri,0.007,0.022,-1,Echolocation,/mnt/ubna_data_02_mir/recover-20220922/UBNA_001/20220921_090000.WAV,Telephone Field,recover-20220922,001,1795
1460.1295,1460.1387,40937,48287,Pipistrellus nathusii,0.01,0.021,-1,Echolocation,/mnt/ubna_data_02_mir/recover-20220922/UBNA_001/20220921_090000.WAV,Telephone Field,recover-20220922,001,1795
1460.1365,1460.1433,24609,35813,Plecotus austriacus,0.009,0.026,-1,Echolocation,/mnt/ubna_data_02_mir/recover-20220922/UBNA_001/20220921_090000.WAV,Telephone Field,recover-20220922,001,1795
1460.1575,1460.1667,22031,28145,Plecotus austriacus,0.007,0.02,-1,Echolocation,/mnt/ubna_data_02_mir/recover-20220922/UBNA_001/20220921_090000.WAV,Telephone Field,recover-20220922,001,1795
1460.1765,1460.2135,68437,81469,Rhinolophus ferrumequinum,0.022,0.022,-1,Echolocation,/mnt/ubna_data_02_mir/recover-20220922/UBNA_001/20220921_090000.WAV,Telephone Field,recover-20220922,001,1795
1460.1845,1460.197,22890,27650,Nyctalus leisleri,0.012,0.022,-1,Echolocation,/mnt/ubna_data_02_mir/recover-20220922/UBNA_001/20220921_090000.WAV,Telephone Field,recover-20220922,001,1795
1460.2165,1460.251,68437,80315,Rhinolophus ferrumequinum,0.021,0.022,-1,Echolocation,/mnt/ubna_data_02_mir/recover-20220922/UBNA_001/20220921_090000.WAV,Telephone Field,recover-20220922,001,1795
1460.2255,1460.2634,68437,82367,Rhinolophus ferrumequinum,0.022,0.022,-1,Echolocation,/mnt/ubna_data_02_mir/recover-20220922/UBNA_001/20220921_090000.WAV,Telephone Field,recover-20220922,001,1795
1460.2705,1460.2789,51250,57766,Pipistrellus pipistrellus,0.017,0.022,-1,Echolocation,/mnt/ubna_data_02_mir/recover-20220922/UBNA_001/20220921_090000.WAV,Telephone Field,recover-20220922,001,1795
1460.2715,1460.2818,28046,35320,Eptesicus serotinus,0.014,0.028,-1,Echolocation,/mnt/ubna_data_02_mir/recover-20220922/UBNA_001/20220921_090000.WAV,Telephone Field,recover-20220922,001,1795
1460.2865,1460.3258,68437,82219,Rhinolophus ferrumequinum,0.021,0.021,-1,Echolocation,/mnt/ubna_data_02_mir/recover-20220922/UBNA_001/20220921_090000.WAV,Telephone Field,recover-20220922,001,1795
1460.3525,1460.3906,68437,82258,Rhinolophus ferrumequinum,0.022,0.022,-1,Echolocation,/mnt/ubna_data_02_mir/recover-20220922/UBNA_001/20220921_090000.WAV,Telephone Field,recover-20220922,001,1795
1460.3735,1460.4115,68437,82128,Rhinolophus ferrumequinum,0.022,0.022,-1,Echolocation,/mnt/ubna_data_02_mir/recover-20220922/UBNA_001/20220921_090000.WAV,Telephone Field,recover-20220922,001,1795
1460.3815,1460.4186,68437,81493,Rhinolophus ferrumequinum,0.022,0.022,-1,Echolocation,/mnt/ubna_data_02_mir/recover-20220922/UBNA_001/20220921_090000.WAV,Telephone Field,recover-20220922,001,1795
1460.3945,1460.4016,23750,32793,Plecotus austriacus,0.013,0.027,-1,Echolocation,/mnt/ubna_data_02_mir/recover-20220922/UBNA_001/20220921_090000.WAV,Telephone Field,recover-20220922,001,1795
1460.3985,1460.4379,68437,81996,Rhinolophus ferrumequinum,0.021,0.021,-1,Echolocation,/mnt/ubna_data_02_mir/recover-20220922/UBNA_001/20220921_090000.WAV,Telephone Field,recover-20220922,001,1795
1460.4145,1460.4221,25468,34178,Eptesicus serotinus,0.007,0.023,-1,Echolocation,/mnt/ubna_data_02_mir/recover-20220922/UBNA_001/20220921_090000.WAV,Telephone Field,recover-20220922,001,1795
1460.4225,1460.4636,68437,83216,Rhinolophus ferrumequinum,0.03,0.03,-1,Echolocation,/mnt/ubna_data_02_mir/recover-20220922/UBNA_001/20220921_090000.WAV,Telephone Field,recover-20220922,001,1795
1460.4245,1460.4326,40078,50537,Myotis daubentonii,0.006,0.021,-1,Echolocation,/mnt/ubna_data_02_mir/recover-20220922/UBNA_001/20220921_090000.WAV,Telephone Field,recover-20220922,001,1795
1460.4635,1460.4747,46093,49380,Pipistrellus pipistrellus,0.023,0.026,-1,Echolocation,/mnt/ubna_data_02_mir/recover-20220922/UBNA_001/20220921_090000.WAV,Telephone Field,recover-20220922,001,1795
1460.4965,1460.5078,21171,25871,Nyctalus leisleri,0.01,0.021,-1,Echolocation,/mnt/ubna_data_02_mir/recover-20220922/UBNA_001/20220921_090000.WAV,Telephone Field,recover-20220922,001,1795
1460.4985,1460.506,28046,37430,Eptesicus serotinus,0.006,0.023,-1,Echolocation,/mnt/ubna_data_02_mir/recover-20220922/UBNA_001/20220921_090000.WAV,Telephone Field,recover-20220922,001,1795
1460.5335,1460.5421,28046,38683,Eptesicus serotinus,0.007,0.021,-1,Echolocation,/mnt/ubna_data_02_mir/recover-20220922/UBNA_001/20220921_090000.WAV,Telephone Field,recover-20220922,001,1795
1460.5875,1460.6257,68437,82119,Rhinolophus ferrumequinum,0.027,0.027,-1,Echolocation,/mnt/ubna_data_02_mir/recover-20220922/UBNA_001/20220921_090000.WAV,Telephone Field,recover-20220922,001,1795
1460.6095,1460.6486,68437,81767,Rhinolophus ferrumequinum,0.022,0.022,-1,Echolocation,/mnt/ubna_data_02_mir/recover-20220922/UBNA_001/20220921_090000.WAV,Telephone Field,recover-20220922,001,1795
1460.6275,1460.637,28046,37728,Eptesicus serotinus,0.009,0.021,-1,Echolocation,/mnt/ubna_data_02_mir/recover-20220922/UBNA_001/20220921_090000.WAV,Telephone Field,recover-20220922,001,1795
1460.6315,1460.6672,68437,81759,Rhinolophus ferrumequinum,0.026,0.026,-1,Echolocation,/mnt/ubna_data_02_mir/recover-20220922/UBNA_001/20220921_090000.WAV,Telephone Field,recover-20220922,001,1795
1460.6495,1460.6888,68437,82077,Rhinolophus ferrumequinum,0.024,0.024,-1,Echolocation,/mnt/ubna_data_02_mir/recover-20220922/UBNA_001/20220921_090000.WAV,Telephone Field,recover-20220922,001,1795
1460.6665,1460.6795,28046,35469,Eptesicus serotinus,0.02,0.034,-1,Echolocation,/mnt/ubna_data_02_mir/recover-20220922/UBNA_001/20220921_090000.WAV,Telephone Field,recover-20220922,001,1795
1460.6745,1460.7105999999999,68437,81812,Rhinolophus ferrumequinum,0.022,0.022,-1,Echolocation,/mnt/ubna_data_02_mir/recover-20220922/UBNA_001/20220921_090000.WAV,Telephone Field,recover-20220922,001,1795
1460.6955,1460.737,68437,82614,Rhinolophus ferrumequinum,0.022,0.022,-1,Echolocation,/mnt/ubna_data_02_mir/recover-20220922/UBNA_001/20220921_090000.WAV,Telephone Field,recover-20220922,001,1795
1460.7135,1460.7215,27187,36748,Eptesicus serotinus,0.007,0.02,-1,Echolocation,/mnt/ubna_data_02_mir/recover-20220922/UBNA_001/20220921_090000.WAV,Telephone Field,recover-20220922,001,1795
1460.7365,1460.778,68437,82561,Rhinolophus ferrumequinum,0.031,0.031,-1,Echolocation,/mnt/ubna_data_02_mir/recover-20220922/UBNA_001/20220921_090000.WAV,Telephone Field,recover-20220922,001,1795
1460.7445,1460.7556,28046,34895,Eptesicus serotinus,0.015,0.029,-1,Echolocation,/mnt/ubna_data_02_mir/recover-20220922/UBNA_001/20220921_090000.WAV,Telephone Field,recover-20220922,001,1795
1460.7575,1460.798,68437,83135,Rhinolophus ferrumequinum,0.021,0.021,-1,Echolocation,/mnt/ubna_data_02_mir/recover-20220922/UBNA_001/20220921_090000.WAV,Telephone Field,recover-20220922,001,1795
1460.7795,1460.8236,68437,83299,Rhinolophus ferrumequinum,0.035,0.035,-1,Echolocation,/mnt/ubna_data_02_mir/recover-20220922/UBNA_001/20220921_090000.WAV,Telephone Field,recover-20220922,001,1795
1460.8525,1460.8616,27187,37541,Eptesicus serotinus,0.008,0.023,-1,Echolocation,/mnt/ubna_data_02_mir/recover-20220922/UBNA_001/20220921_090000.WAV,Telephone Field,recover-20220922,001,1795
1460.8645,1460.9042,68437,82096,Rhinolophus ferrumequinum,0.022,0.022,-1,Echolocation,/mnt/ubna_data_02_mir/recover-20220922/UBNA_001/20220921_090000.WAV,Telephone Field,recover-20220922,001,1795
1460.8745,1460.8833,27187,36590,Eptesicus serotinus,0.009,0.026,-1,Echolocation,/mnt/ubna_data_02_mir/recover-20220922/UBNA_001/20220921_090000.WAV,Telephone Field,recover-20220922,001,1795
1460.9045,1460.9118,28046,39192,Eptesicus serotinus,0.007,0.022,-1,Echolocation,/mnt/ubna_data_02_mir/recover-20220922/UBNA_001/20220921_090000.WAV,Telephone Field,recover-20220922,001,1795
1460.9535,1460.9609,27187,38767,Eptesicus serotinus,0.006,0.021,-1,Echolocation,/mnt/ubna_data_02_mir/recover-20220922/UBNA_001/20220921_090000.WAV,Telephone Field,recover-20220922,001,1795
1460.9795,1461.0205,68437,82687,Rhinolophus ferrumequinum,0.045,0.045,-1,Echolocation,/mnt/ubna_data_02_mir/recover-20220922/UBNA_001/20220921_090000.WAV,Telephone Field,recover-20220922,001,1795
1460.9905,1460.9977,28046,36993,Eptesicus serotinus,0.007,0.022,-1,Echolocation,/mnt/ubna_data_02_mir/recover-20220922/UBNA_001/20220921_090000.WAV,Telephone Field,recover-20220922,001,1795
1460.9985,1461.0346,68437,81333,Rhinolophus ferrumequinum,0.02,0.021,-1,Echolocation,/mnt/ubna_data_02_mir/recover-20220922/UBNA_001/20220921_090000.WAV,Telephone Field,recover-20220922,001,1795
1461.0395,1461.0485,28046,37432,Eptesicus serotinus,0.009,0.025,-1,Echolocation,/mnt/ubna_data_02_mir/recover-20220922/UBNA_001/20220921_090000.WAV,Telephone Field,recover-20220922,001,1795
1461.0545,1461.0957,68437,82887,Rhinolophus ferrumequinum,0.022,0.022,-1,Echolocation,/mnt/ubna_data_02_mir/recover-20220922/UBNA_001/20220921_090000.WAV,Telephone Field,recover-20220922,001,1795
1461.0765,1461.0845,28906,36339,Eptesicus serotinus,0.007,0.022,-1,Echolocation,/mnt/ubna_data_02_mir/recover-20220922/UBNA_001/20220921_090000.WAV,Telephone Field,recover-20220922,001,1795
1461.0795,1461.1204,68437,83177,Rhinolophus ferrumequinum,0.023,0.023,-1,Echolocation,/mnt/ubna_data_02_mir/recover-20220922/UBNA_001/20220921_090000.WAV,Telephone Field,recover-20220922,001,1795
1461.0975,1461.1066,24609,32468,Eptesicus serotinus,0.008,0.024,-1,Echolocation,/mnt/ubna_data_02_mir/recover-20220922/UBNA_001/20220921_090000.WAV,Telephone Field,recover-20220922,001,1795
1461.1255,1461.1624,68437,81634,Rhinolophus ferrumequinum,0.021,0.021,-1,Echolocation,/mnt/ubna_data_02_mir/recover-20220922/UBNA_001/20220921_090000.WAV,Telephone Field,recover-20220922,001,1795
1461.1605,1461.1708,15156,24342,Nyctalus noctula,0.02,0.033,-1,Echolocation,/mnt/ubna_data_02_mir/recover-20220922/UBNA_001/20220921_090000.WAV,Telephone Field,recover-20220922,001,1795
1461.1995,1461.2388,68437,82165,Rhinolophus ferrumequinum,0.025,0.025,-1,Echolocation,/mnt/ubna_data_02_mir/recover-20220922/UBNA_001/20220921_090000.WAV,Telephone Field,recover-20220922,001,1795
1461.2145,1461.2238,56406,60989,Pipistrellus pygmaeus,0.021,0.021,-1,Echolocation,/mnt/ubna_data_02_mir/recover-20220922/UBNA_001/20220921_090000.WAV,Telephone Field,recover-20220922,001,1795
1461.2425,1461.2526,23750,30476,Nyctalus leisleri,0.009,0.026,-1,Echolocation,/mnt/ubna_data_02_mir/recover-20220922/UBNA_001/20220921_090000.WAV,Telephone Field,recover-20220922,001,1795
1461.2595,1461.2676,27187,39850,Eptesicus serotinus,0.007,0.02,-1,Echolocation,/mnt/ubna_data_02_mir/recover-20220922/UBNA_001/20220921_090000.WAV,Telephone Field,recover-20220922,001,1795
1461.2635,1461.3013,68437,81980,Rhinolophus ferrumequinum,0.021,0.021,-1,Echolocation,/mnt/ubna_data_02_mir/recover-20220922/UBNA_001/20220921_090000.WAV,Telephone Field,recover-20220922,001,1795
1461.2845,1461.3251,68437,83103,Rhinolophus ferrumequinum,0.023,0.023,-1,Echolocation,/mnt/ubna_data_02_mir/recover-20220922/UBNA_001/20220921_090000.WAV,Telephone Field,recover-20220922,001,1795
1461.2975,1461.3374,68437,82186,Rhinolophus ferrumequinum,0.023,0.023,-1,Echolocation,/mnt/ubna_data_02_mir/recover-20220922/UBNA_001/20220921_090000.WAV,Telephone Field,recover-20220922,001,1795
1461.3295,1461.3689,68437,82560,Rhinolophus ferrumequinum,0.021,0.021,-1,Echolocation,/mnt/ubna_data_02_mir/recover-20220922/UBNA_001/20220921_090000.WAV,Telephone Field,recover-20220922,001,1795
1461.3645,1461.402,68437,81865,Rhinolophus ferrumequinum,0.021,0.021,-1,Echolocation,/mnt/ubna_data_02_mir/recover-20220922/UBNA_001/20220921_090000.WAV,Telephone Field,recover-20220922,001,1795
1461.3895,1461.4312,68437,83233,Rhinolophus ferrumequinum,0.035,0.035,-1,Echolocation,/mnt/ubna_data_02_mir/recover-20220922/UBNA_001/20220921_090000.WAV,Telephone Field,recover-20220922,001,1795
1461.4215,1461.4618,68437,82364,Rhinolophus ferrumequinum,0.02,0.02,-1,Echolocation,/mnt/ubna_data_02_mir/recover-20220922/UBNA_001/20220921_090000.WAV,Telephone Field,recover-20220922,001,1795
1461.4225,1461.4342,23750,29931,Nyctalus leisleri,0.011,0.027,-1,Echolocation,/mnt/ubna_data_02_mir/recover-20220922/UBNA_001/20220921_090000.WAV,Telephone Field,recover-20220922,001,1795
1461.4485,1461.4881,68437,82469,Rhinolophus ferrumequinum,0.025,0.025,-1,Echolocation,/mnt/ubna_data_02_mir/recover-20220922/UBNA_001/20220921_090000.WAV,Telephone Field,recover-20220922,001,1795
1461.4805,1461.5157,68437,81622,Rhinolophus ferrumequinum,0.023,0.023,-1,Echolocation,/mnt/ubna_data_02_mir/recover-20220922/UBNA_001/20220921_090000.WAV,Telephone Field,recover-20220922,001,1795
1461.5125,1461.5503,68437,82175,Rhinolophus ferrumequinum,0.022,0.022,-1,Echolocation,/mnt/ubna_data_02_mir/recover-20220922/UBNA_001/20220921_090000.WAV,Telephone Field,recover-20220922,001,1795
1461.5295,1461.5676,68437,81621,Rhinolophus ferrumequinum,0.022,0.022,-1,Echolocation,/mnt/ubna_data_02_mir/recover-20220922/UBNA_001/20220921_090000.WAV,Telephone Field,recover-20220922,001,1795
1461.5425,1461.5826,68437,82744,Rhinolophus ferrumequinum,0.022,0.022,-1,Echolocation,/mnt/ubna_data_02_mir/recover-20220922/UBNA_001/20220921_090000.WAV,Telephone Field,recover-20220922,001,1795
1461.5615,1461.5723,23750,29908,Nyctalus leisleri,0.008,0.021,-1,Echolocation,/mnt/ubna_data_02_mir/recover-20220922/UBNA_001/20220921_090000.WAV,Telephone Field,recover-20220922,001,1795
1461.5785,1461.6176,68437,82544,Rhinolophus ferrumequinum,0.021,0.021,-1,Echolocation,/mnt/ubna_data_02_mir/recover-20220922/UBNA_001/20220921_090000.WAV,Telephone Field,recover-20220922,001,1795
1461.6215,1461.6632,68437,82689,Rhinolophus ferrumequinum,0.022,0.022,-1,Echolocation,/mnt/ubna_data_02_mir/recover-20220922/UBNA_001/20220921_090000.WAV,Telephone Field,recover-20220922,001,1795
1461.6245,1461.6334,28046,39069,Eptesicus serotinus,0.009,0.023,-1,Echolocation,/mnt/ubna_data_02_mir/recover-20220922/UBNA_001/20220921_090000.WAV,Telephone Field,recover-20220922,001,1795
1461.6515,1461.6938,68437,82770,Rhinolophus ferrumequinum,0.023,0.023,-1,Echolocation,/mnt/ubna_data_02_mir/recover-20220922/UBNA_001/20220921_090000.WAV,Telephone Field,recover-20220922,001,1795
1461.6575,1461.6664,28046,37196,Eptesicus serotinus,0.008,0.021,-1,Echolocation,/mnt/ubna_data_02_mir/recover-20220922/UBNA_001/20220921_090000.WAV,Telephone Field,recover-20220922,001,1795
1461.6725,1461.7105,68437,81481,Rhinolophus ferrumequinum,0.021,0.021,-1,Echolocation,/mnt/ubna_data_02_mir/recover-20220922/UBNA_001/20220921_090000.WAV,Telephone Field,recover-20220922,001,1795
1461.6935,1461.7316,68437,80994,Rhinolophus ferrumequinum,0.022,0.022,-1,Echolocation,/mnt/ubna_data_02_mir/recover-20220922/UBNA_001/20220921_090000.WAV,Telephone Field,recover-20220922,001,1795
1461.7025,1461.7125,22031,27361,Nyctalus leisleri,0.008,0.02,-1,Echolocation,/mnt/ubna_data_02_mir/recover-20220922/UBNA_001/20220921_090000.WAV,Telephone Field,recover-20220922,001,1795
1461.7175,1461.7284,23750,28866,Nyctalus leisleri,0.012,0.023,-1,Echolocation,/mnt/ubna_data_02_mir/recover-20220922/UBNA_001/20220921_090000.WAV,Telephone Field,recover-20220922,001,1795
1461.7355,1461.7755,68437,82784,Rhinolophus ferrumequinum,0.021,0.021,-1,Echolocation,/mnt/ubna_data_02_mir/recover-20220922/UBNA_001/20220921_090000.WAV,Telephone Field,recover-20220922,001,1795
1461.7465,1461.7533,50390,57716,Pipistrellus pipistrellus,0.018,0.022,-1,Echolocation,/mnt/ubna_data_02_mir/recover-20220922/UBNA_001/20220921_090000.WAV,Telephone Field,recover-20220922,001,1795
1461.7805,1461.817,68437,81627,Rhinolophus ferrumequinum,0.021,0.021,-1,Echolocation,/mnt/ubna_data_02_mir/recover-20220922/UBNA_001/20220921_090000.WAV,Telephone Field,recover-20220922,001,1795
1461.8035,1461.8429,68437,82096,Rhinolophus ferrumequinum,0.022,0.023,-1,Echolocation,/mnt/ubna_data_02_mir/recover-20220922/UBNA_001/20220921_090000.WAV,Telephone Field,recover-20220922,001,1795
1461.8095,1461.8174,27187,43408,Eptesicus serotinus,0.008,0.023,-1,Echolocation,/mnt/ubna_data_02_mir/recover-20220922/UBNA_001/20220921_090000.WAV,Telephone Field,recover-20220922,001,1795
1461.8105,1461.848,68437,82504,Rhinolophus ferrumequinum,0.02,0.02,-1,Echolocation,/mnt/ubna_data_02_mir/recover-20220922/UBNA_001/20220921_090000.WAV,Telephone Field,recover-20220922,001,1795
1461.8505,1461.8892,68437,81761,Rhinolophus ferrumequinum,0.022,0.023,-1,Echolocation,/mnt/ubna_data_02_mir/recover-20220922/UBNA_001/20220921_090000.WAV,Telephone Field,recover-20220922,001,1795
1461.8705,1461.9134,68437,83101,Rhinolophus ferrumequinum,0.028,0.028,-1,Echolocation,/mnt/ubna_data_02_mir/recover-20220922/UBNA_001/20220921_090000.WAV,Telephone Field,recover-20220922,001,1795
1461.8955,1461.9344,68437,82193,Rhinolophus ferrumequinum,0.02,0.02,-1,Echolocation,/mnt/ubna_data_02_mir/recover-20220922/UBNA_001/20220921_090000.WAV,Telephone Field,recover-20220922,001,1795
1461.9145,1461.9542,68437,82733,Rhinolophus ferrumequinum,0.024,0.024,-1,Echolocation,/mnt/ubna_data_02_mir/recover-20220922/UBNA_001/20220921_090000.WAV,Telephone Field,recover-20220922,001,1795
1461.9165,1461.9303,22890,26809,Nyctalus leisleri,0.012,0.021,-1,Echolocation,/mnt/ubna_data_02_mir/recover-20220922/UBNA_001/20220921_090000.WAV,Telephone Field,recover-20220922,001,1795
1461.9255,1461.9655,68437,82532,Rhinolophus ferrumequinum,0.02,0.02,-1,Echolocation,/mnt/ubna_data_02_mir/recover-20220922/UBNA_001/20220921_090000.WAV,Telephone Field,recover-20220922,001,1795
1461.9275,1461.936,27187,36978,Eptesicus serotinus,0.008,0.023,-1,Echolocation,/mnt/ubna_data_02_mir/recover-20220922/UBNA_001/20220921_090000.WAV,Telephone Field,recover-20220922,001,1795
1461.9855,1461.9953,22890,29324,Nyctalus leisleri,0.008,0.021,-1,Echolocation,/mnt/ubna_data_02_mir/recover-20220922/UBNA_001/20220921_090000.WAV,Telephone Field,recover-20220922,001,1795
1462.0015,1462.0334,68437,79065,Rhinolophus ferrumequinum,0.037,0.038,-1,Echolocation,/mnt/ubna_data_02_mir/recover-20220922/UBNA_001/20220921_090000.WAV,Telephone Field,recover-20220922,001,1795
1462.0015,1462.0117,22890,29223,Nyctalus leisleri,0.017,0.042,-1,Echolocation,/mnt/ubna_data_02_mir/recover-20220922/UBNA_001/20220921_090000.WAV,Telephone Field,recover-20220922,001,1795
1462.0095,1462.052,68437,82648,Rhinolophus ferrumequinum,0.024,0.024,-1,Echolocation,/mnt/ubna_data_02_mir/recover-20220922/UBNA_001/20220921_090000.WAV,Telephone Field,recover-20220922,001,1795
1462.0125,1462.023,22890,27583,Nyctalus leisleri,0.012,0.023,-1,Echolocation,/mnt/ubna_data_02_mir/recover-20220922/UBNA_001/20220921_090000.WAV,Telephone Field,recover-20220922,001,1795
1462.0325,1462.0702,68437,82346,Rhinolophus ferrumequinum,0.021,0.021,-1,Echolocation,/mnt/ubna_data_02_mir/recover-20220922/UBNA_001/20220921_090000.WAV,Telephone Field,recover-20220922,001,1795
1462.0455,1462.0535,27187,40862,Eptesicus serotinus,0.008,0.022,-1,Echolocation,/mnt/ubna_data_02_mir/recover-20220922/UBNA_001/20220921_090000.WAV,Telephone Field,recover-20220922,001,1795
1462.0715,1462.1099,68437,82036,Rhinolophus ferrumequinum,0.021,0.021,-1,Echolocation,/mnt/ubna_data_02_mir/recover-20220922/UBNA_001/20220921_090000.WAV,Telephone Field,recover-20220922,001,1795
1462.0855,1462.0933,28906,39169,Eptesicus serotinus,0.007,0.022,-1,Echolocation,/mnt/ubna_data_02_mir/recover-20220922/UBNA_001/20220921_090000.WAV,Telephone Field,recover-20220922,001,1795
1462.1025,1462.1409,68437,81822,Rhinolophus ferrumequinum,0.026,0.026,-1,Echolocation,/mnt/ubna_data_02_mir/recover-20220922/UBNA_001/20220921_090000.WAV,Telephone Field,recover-20220922,001,1795
1462.1355,1462.1462,52968,57414,Pipistrellus pygmaeus,0.018,0.022,-1,Echolocation,/mnt/ubna_data_02_mir/recover-20220922/UBNA_001/20220921_090000.WAV,Telephone Field,recover-20220922,001,1795
1462.1635,1462.1696,27187,43684,Plecotus auritus,0.005,0.026,-1,Echolocation,/mnt/ubna_data_02_mir/recover-20220922/UBNA_001/20220921_090000.WAV,Telephone Field,recover-20220922,001,1795
1462.1835,1462.2239,68437,82211,Rhinolophus ferrumequinum,0.025,0.025,-1,Echolocation,/mnt/ubna_data_02_mir/recover-20220922/UBNA_001/20220921_090000.WAV,Telephone Field,recover-20220922,001,1795
1462.2155,1462.2262,22890,27688,Nyctalus leisleri,0.01,0.021,-1,Echolocation,/mnt/ubna_data_02_mir/recover-20220922/UBNA_001/20220921_090000.WAV,Telephone Field,recover-20220922,001,1795
1462.2315,1462.2388,27187,43681,Eptesicus serotinus,0.007,0.021,-1,Echolocation,/mnt/ubna_data_02_mir/recover-20220922/UBNA_001/20220921_090000.WAV,Telephone Field,recover-20220922,001,1795
1462.2455,1462.2537,27187,40177,Eptesicus serotinus,0.008,0.023,-1,Echolocation,/mnt/ubna_data_02_mir/recover-20220922/UBNA_001/20220921_090000.WAV,Telephone Field,recover-20220922,001,1795
1462.2635,1462.3055,68437,83016,Rhinolophus ferrumequinum,0.027,0.027,-1,Echolocation,/mnt/ubna_data_02_mir/recover-20220922/UBNA_001/20220921_090000.WAV,Telephone Field,recover-20220922,001,1795
1462.2745,1462.3113,68437,82006,Rhinolophus ferrumequinum,0.021,0.021,-1,Echolocation,/mnt/ubna_data_02_mir/recover-20220922/UBNA_001/20220921_090000.WAV,Telephone Field,recover-20220922,001,1795
1462.2815,1462.3187,68437,81797,Rhinolophus ferrumequinum,0.022,0.023,-1,Echolocation,/mnt/ubna_data_02_mir/recover-20220922/UBNA_001/20220921_090000.WAV,Telephone Field,recover-20220922,001,1795
1462.2855,1462.2923,49531,56141,Pipistrellus pipistrellus,0.026,0.029,-1,Echolocation,/mnt/ubna_data_02_mir/recover-20220922/UBNA_001/20220921_090000.WAV,Telephone Field,recover-20220922,001,1795
1462.2985,1462.3104,22890,28553,Nyctalus leisleri,0.029,0.069,-1,Echolocation,/mnt/ubna_data_02_mir/recover-20220922/UBNA_001/20220921_090000.WAV,Telephone Field,recover-20220922,001,1795
1462.3455,1462.356,22031,27204,Nyctalus leisleri,0.01,0.023,-1,Echolocation,/mnt/ubna_data_02_mir/recover-20220922/UBNA_001/20220921_090000.WAV,Telephone Field,recover-20220922,001,1795
1462.3715,1462.4126,68437,82549,Rhinolophus ferrumequinum,0.024,0.024,-1,Echolocation,/mnt/ubna_data_02_mir/recover-20220922/UBNA_001/20220921_090000.WAV,Telephone Field,recover-20220922,001,1795
1462.4085,1462.4483,68437,81939,Rhinolophus ferrumequinum,0.022,0.022,-1,Echolocation,/mnt/ubna_data_02_mir/recover-20220922/UBNA_001/20220921_090000.WAV,Telephone Field,recover-20220922,001,1795
1462.4145,1462.4521,68437,82184,Rhinolophus ferrumequinum,0.021,0.021,-1,Echolocation,/mnt/ubna_data_02_mir/recover-20220922/UBNA_001/20220921_090000.WAV,Telephone Field,recover-20220922,001,1795
1462.4315,1462.44,27187,38606,Eptesicus serotinus,0.009,0.022,-1,Echolocation,/mnt/ubna_data_02_mir/recover-20220922/UBNA_001/20220921_090000.WAV,Telephone Field,recover-20220922,001,1795
1462.4395,1462.4795,68437,82552,Rhinolophus ferrumequinum,0.021,0.021,-1,Echolocation,/mnt/ubna_data_02_mir/recover-20220922/UBNA_001/20220921_090000.WAV,Telephone Field,recover-20220922,001,1795
1462.4395,1462.4478,28046,40096,Eptesicus serotinus,0.01,0.026,-1,Echolocation,/mnt/ubna_data_02_mir/recover-20220922/UBNA_001/20220921_090000.WAV,Telephone Field,recover-20220922,001,1795
1462.4615,1462.5008,68437,82560,Rhinolophus ferrumequinum,0.029,0.029,-1,Echolocation,/mnt/ubna_data_02_mir/recover-20220922/UBNA_001/20220921_090000.WAV,Telephone Field,recover-20220922,001,1795
1462.4775,1462.5188,68437,82501,Rhinolophus ferrumequinum,0.023,0.023,-1,Echolocation,/mnt/ubna_data_02_mir/recover-20220922/UBNA_001/20220921_090000.WAV,Telephone Field,recover-20220922,001,1795
1462.4935,1462.5315,68437,82613,Rhinolophus ferrumequinum,0.024,0.024,-1,Echolocation,/mnt/ubna_data_02_mir/recover-20220922/UBNA_001/20220921_090000.WAV,Telephone Field,recover-20220922,001,1795
1462.5265,1462.5343,24609,33767,Plecotus austriacus,0.007,0.024,-1,Echolocation,/mnt/ubna_data_02_mir/recover-20220922/UBNA_001/20220921_090000.WAV,Telephone Field,recover-20220922,001,1795
1462.5375,1462.5782,68437,82062,Rhinolophus ferrumequinum,0.031,0.031,-1,Echolocation,/mnt/ubna_data_02_mir/recover-20220922/UBNA_001/20220921_090000.WAV,Telephone Field,recover-20220922,001,1795
1462.5645,1462.5716,28906,39104,Eptesicus serotinus,0.007,0.021,-1,Echolocation,/mnt/ubna_data_02_mir/recover-20220922/UBNA_001/20220921_090000.WAV,Telephone Field,recover-20220922,001,1795
1462.6315,1462.6457,43515,46608,Pipistrellus pipistrellus,0.062,0.072,-1,Echolocation,/mnt/ubna_data_02_mir/recover-20220922/UBNA_001/20220921_090000.WAV,Telephone Field,recover-20220922,001,1795
1462.6315,1462.6689,68437,82499,Rhinolophus ferrumequinum,0.03,0.03,-1,Echolocation,/mnt/ubna_data_02_mir/recover-20220922/UBNA_001/20220921_090000.WAV,Telephone Field,recover-20220922,001,1795
1462.6585,1462.6669,28046,38081,Eptesicus serotinus,0.008,0.023,-1,Echolocation,/mnt/ubna_data_02_mir/recover-20220922/UBNA_001/20220921_090000.WAV,Telephone Field,recover-20220922,001,1795
1462.6755,1462.7143,68437,82395,Rhinolophus ferrumequinum,0.028,0.028,-1,Echolocation,/mnt/ubna_data_02_mir/recover-20220922/UBNA_001/20220921_090000.WAV,Telephone Field,recover-20220922,001,1795
1462.7295,1462.7706,68437,82865,Rhinolophus ferrumequinum,0.024,0.024,-1,Echolocation,/mnt/ubna_data_02_mir/recover-20220922/UBNA_001/20220921_090000.WAV,Telephone Field,recover-20220922,001,1795
1462.7415,1462.7802,68437,82170,Rhinolophus ferrumequinum,0.021,0.021,-1,Echolocation,/mnt/ubna_data_02_mir/recover-20220922/UBNA_001/20220921_090000.WAV,Telephone Field,recover-20220922,001,1795
1462.7535,1462.7935,68437,82808,Rhinolophus ferrumequinum,0.025,0.025,-1,Echolocation,/mnt/ubna_data_02_mir/recover-20220922/UBNA_001/20220921_090000.WAV,Telephone Field,recover-20220922,001,1795
1462.8345,1462.8707,68437,81567,Rhinolophus ferrumequinum,0.021,0.021,-1,Echolocation,/mnt/ubna_data_02_mir/recover-20220922/UBNA_001/20220921_090000.WAV,Telephone Field,recover-20220922,001,1795
1462.8765,1462.8846,28046,39914,Eptesicus serotinus,0.007,0.022,-1,Echolocation,/mnt/ubna_data_02_mir/recover-20220922/UBNA_001/20220921_090000.WAV,Telephone Field,recover-20220922,001,1795
1462.8815,1462.9216,68437,83366,Rhinolophus ferrumequinum,0.025,0.025,-1,Echolocation,/mnt/ubna_data_02_mir/recover-20220922/UBNA_001/20220921_090000.WAV,Telephone Field,recover-20220922,001,1795
1462.9135,1462.9205,27187,40950,Eptesicus serotinus,0.006,0.021,-1,Echolocation,/mnt/ubna_data_02_mir/recover-20220922/UBNA_001/20220921_090000.WAV,Telephone Field,recover-20220922,001,1795
1462.9235,1462.964,68437,82112,Rhinolophus ferrumequinum,0.022,0.022,-1,Echolocation,/mnt/ubna_data_02_mir/recover-20220922/UBNA_001/20220921_090000.WAV,Telephone Field,recover-20220922,001,1795
1462.9275,1462.9354,22890,30399,Plecotus austriacus,0.011,0.023,-1,Echolocation,/mnt/ubna_data_02_mir/recover-20220922/UBNA_001/20220921_090000.WAV,Telephone Field,recover-20220922,001,1795
1462.9675,1463.0036,68437,82008,Rhinolophus ferrumequinum,0.022,0.022,-1,Echolocation,/mnt/ubna_data_02_mir/recover-20220922/UBNA_001/20220921_090000.WAV,Telephone Field,recover-20220922,001,1795
1462.9775,1463.0151,68437,82091,Rhinolophus ferrumequinum,0.022,0.022,-1,Echolocation,/mnt/ubna_data_02_mir/recover-20220922/UBNA_001/20220921_090000.WAV,Telephone Field,recover-20220922,001,1795
1463.0255,1463.0648,68437,81993,Rhinolophus ferrumequinum,0.021,0.021,-1,Echolocation,/mnt/ubna_data_02_mir/recover-20220922/UBNA_001/20220921_090000.WAV,Telephone Field,recover-20220922,001,1795
1463.0385,1463.0473,28046,37071,Eptesicus serotinus,0.007,0.021,-1,Echolocation,/mnt/ubna_data_02_mir/recover-20220922/UBNA_001/20220921_090000.WAV,Telephone Field,recover-20220922,001,1795
1463.0435,1463.0508,50390,56839,Pipistrellus pipistrellus,0.018,0.021,-1,Echolocation,/mnt/ubna_data_02_mir/recover-20220922/UBNA_001/20220921_090000.WAV,Telephone Field,recover-20220922,001,1795
1463.0505,1463.0925,68437,83745,Rhinolophus ferrumequinum,0.05,0.05,-1,Echolocation,/mnt/ubna_data_02_mir/recover-20220922/UBNA_001/20220921_090000.WAV,Telephone Field,recover-20220922,001,1795
1463.0695,1463.1112,68437,82594,Rhinolophus ferrumequinum,0.027,0.027,-1,Echolocation,/mnt/ubna_data_02_mir/recover-20220922/UBNA_001/20220921_090000.WAV,Telephone Field,recover-20220922,001,1795
1463.1155,1463.1584,68437,82342,Rhinolophus ferrumequinum,0.023,0.023,-1,Echolocation,/mnt/ubna_data_02_mir/recover-20220922/UBNA_001/20220921_090000.WAV,Telephone Field,recover-20220922,001,1795
1463.1175,1463.1257,28046,39161,Eptesicus serotinus,0.008,0.021,-1,Echolocation,/mnt/ubna_data_02_mir/recover-20220922/UBNA_001/20220921_090000.WAV,Telephone Field,recover-20220922,001,1795
1463.1225,1463.166,68437,83171,Rhinolophus ferrumequinum,0.03,0.03,-1,Echolocation,/mnt/ubna_data_02_mir/recover-20220922/UBNA_001/20220921_090000.WAV,Telephone Field,recover-20220922,001,1795
1463.1345,1463.1726,68437,81780,Rhinolophus ferrumequinum,0.022,0.022,-1,Echolocation,/mnt/ubna_data_02_mir/recover-20220922/UBNA_001/20220921_090000.WAV,Telephone Field,recover-20220922,001,1795
1463.1415,1463.1515,21171,27602,Plecotus austriacus,0.01,0.027,-1,Echolocation,/mnt/ubna_data_02_mir/recover-20220922/UBNA_001/20220921_090000.WAV,Telephone Field,recover-20220922,001,1795
1463.1555,1463.1666,22031,26764,Nyctalus leisleri,0.013,0.026,-1,Echolocation,/mnt/ubna_data_02_mir/recover-20220922/UBNA_001/20220921_090000.WAV,Telephone Field,recover-20220922,001,1795
1463.1665,1463.1746,27187,36220,Eptesicus serotinus,0.009,0.023,-1,Echolocation,/mnt/ubna_data_02_mir/recover-20220922/UBNA_001/20220921_090000.WAV,Telephone Field,recover-20220922,001,1795
1463.1945,1463.2039,28906,37382,Eptesicus serotinus,0.011,0.026,-1,Echolocation,/mnt/ubna_data_02_mir/recover-20220922/UBNA_001/20220921_090000.WAV,Telephone Field,recover-20220922,001,1795
1463.1975,1463.2336,68437,81975,Rhinolophus ferrumequinum,0.028,0.028,-1,Echolocation,/mnt/ubna_data_02_mir/recover-20220922/UBNA_001/20220921_090000.WAV,Telephone Field,recover-20220922,001,1795
1463.2515,1463.261,28046,37825,Eptesicus serotinus,0.01,0.023,-1,Echolocation,/mnt/ubna_data_02_mir/recover-20220922/UBNA_001/20220921_090000.WAV,Telephone Field,recover-20220922,001,1795
1463.2605,1463.3029,68437,83169,Rhinolophus ferrumequinum,0.027,0.027,-1,Echolocation,/mnt/ubna_data_02_mir/recover-20220922/UBNA_001/20220921_090000.WAV,Telephone Field,recover-20220922,001,1795
1463.2915,1463.2988,24609,33877,Plecotus austriacus,0.008,0.026,-1,Echolocation,/mnt/ubna_data_02_mir/recover-20220922/UBNA_001/20220921_090000.WAV,Telephone Field,recover-20220922,001,1795
1463.2925,1463.3362,68437,83460,Rhinolophus ferrumequinum,0.029,0.029,-1,Echolocation,/mnt/ubna_data_02_mir/recover-20220922/UBNA_001/20220921_090000.WAV,Telephone Field,recover-20220922,001,1795
1463.2935,1463.2999,58125,66253,Pipistrellus pygmaeus,0.03,0.031,-1,Echolocation,/mnt/ubna_data_02_mir/recover-20220922/UBNA_001/20220921_090000.WAV,Telephone Field,recover-20220922,001,1795
1463.3065,1463.3463,68437,82243,Rhinolophus ferrumequinum,0.023,0.023,-1,Echolocation,/mnt/ubna_data_02_mir/recover-20220922/UBNA_001/20220921_090000.WAV,Telephone Field,recover-20220922,001,1795
1463.3135,1463.3551,68437,83187,Rhinolophus ferrumequinum,0.025,0.025,-1,Echolocation,/mnt/ubna_data_02_mir/recover-20220922/UBNA_001/20220921_090000.WAV,Telephone Field,recover-20220922,001,1795
1463.3485,1463.356,50390,56977,Pipistrellus pipistrellus,0.018,0.021,-1,Echolocation,/mnt/ubna_data_02_mir/recover-20220922/UBNA_001/20220921_090000.WAV,Telephone Field,recover-20220922,001,1795
1463.3495,1463.3592,23750,30957,Nyctalus leisleri,0.007,0.024,-1,Echolocation,/mnt/ubna_data_02_mir/recover-20220922/UBNA_001/20220921_090000.WAV,Telephone Field,recover-20220922,001,1795
1463.3905,1463.4044,23750,29507,Nyctalus leisleri,0.017,0.04,-1,Echolocation,/mnt/ubna_data_02_mir/recover-20220922/UBNA_001/20220921_090000.WAV,Telephone Field,recover-20220922,001,1795
1463.3965,1463.4374,68437,83101,Rhinolophus ferrumequinum,0.027,0.027,-1,Echolocation,/mnt/ubna_data_02_mir/recover-20220922/UBNA_001/20220921_090000.WAV,Telephone Field,recover-20220922,001,1795
1463.4045,1463.4115,25468,39625,Plecotus auritus,0.005,0.023,-1,Echolocation,/mnt/ubna_data_02_mir/recover-20220922/UBNA_001/20220921_090000.WAV,Telephone Field,recover-20220922,001,1795
1463.4205,1463.4605999999999,68437,82446,Rhinolophus ferrumequinum,0.023,0.023,-1,Echolocation,/mnt/ubna_data_02_mir/recover-20220922/UBNA_001/20220921_090000.WAV,Telephone Field,recover-20220922,001,1795
1463.4465,1463.494,68437,84325,Rhinolophus ferrumequinum,0.046,0.046,-1,Echolocation,/mnt/ubna_data_02_mir/recover-20220922/UBNA_001/20220921_090000.WAV,Telephone Field,recover-20220922,001,1795
1463.4515,1463.4587,24609,35434,Plecotus austriacus,0.008,0.023,-1,Echolocation,/mnt/ubna_data_02_mir/recover-20220922/UBNA_001/20220921_090000.WAV,Telephone Field,recover-20220922,001,1795
1463.4745,1463.4816,48671,57693,Pipistrellus pipistrellus,0.018,0.021,-1,Echolocation,/mnt/ubna_data_02_mir/recover-20220922/UBNA_001/20220921_090000.WAV,Telephone Field,recover-20220922,001,1795
1463.5175,1463.5273,22031,27802,Plecotus austriacus,0.009,0.024,-1,Echolocation,/mnt/ubna_data_02_mir/recover-20220922/UBNA_001/20220921_090000.WAV,Telephone Field,recover-20220922,001,1795
1463.5185,1463.5584,68437,83109,Rhinolophus ferrumequinum,0.024,0.024,-1,Echolocation,/mnt/ubna_data_02_mir/recover-20220922/UBNA_001/20220921_090000.WAV,Telephone Field,recover-20220922,001,1795
1463.6315,1463.6674,68437,81531,Rhinolophus ferrumequinum,0.028,0.028,-1,Echolocation,/mnt/ubna_data_02_mir/recover-20220922/UBNA_001/20220921_090000.WAV,Telephone Field,recover-20220922,001,1795
1463.6325,1463.6431,28046,35823,Eptesicus serotinus,0.015,0.028,-1,Echolocation,/mnt/ubna_data_02_mir/recover-20220922/UBNA_001/20220921_090000.WAV,Telephone Field,recover-20220922,001,1795
1463.6435,1463.6514,27187,40692,Eptesicus serotinus,0.007,0.022,-1,Echolocation,/mnt/ubna_data_02_mir/recover-20220922/UBNA_001/20220921_090000.WAV,Telephone Field,recover-20220922,001,1795
1463.6445,1463.6514,37500,47565,Barbastellus barbastellus,0.007,0.021,-1,Echolocation,/mnt/ubna_data_02_mir/recover-20220922/UBNA_001/20220921_090000.WAV,Telephone Field,recover-20220922,001,1795
1463.6535,1463.6927,68437,82099,Rhinolophus ferrumequinum,0.024,0.024,-1,Echolocation,/mnt/ubna_data_02_mir/recover-20220922/UBNA_001/20220921_090000.WAV,Telephone Field,recover-20220922,001,1795
1463.6665,1463.6747,23750,31620,Plecotus austriacus,0.009,0.025,-1,Echolocation,/mnt/ubna_data_02_mir/recover-20220922/UBNA_001/20220921_090000.WAV,Telephone Field,recover-20220922,001,1795
1463.7075,1463.7463,68437,82211,Rhinolophus ferrumequinum,0.023,0.023,-1,Echolocation,/mnt/ubna_data_02_mir/recover-20220922/UBNA_001/20220921_090000.WAV,Telephone Field,recover-20220922,001,1795
1463.7195,1463.7298,28906,37196,Eptesicus serotinus,0.014,0.029,-1,Echolocation,/mnt/ubna_data_02_mir/recover-20220922/UBNA_001/20220921_090000.WAV,Telephone Field,recover-20220922,001,1795
1463.7325,1463.7729,68437,83364,Rhinolophus ferrumequinum,0.033,0.033,-1,Echolocation,/mnt/ubna_data_02_mir/recover-20220922/UBNA_001/20220921_090000.WAV,Telephone Field,recover-20220922,001,1795
1463.7495,1463.7919,68437,83115,Rhinolophus ferrumequinum,0.026,0.026,-1,Echolocation,/mnt/ubna_data_02_mir/recover-20220922/UBNA_001/20220921_090000.WAV,Telephone Field,recover-20220922,001,1795
1463.7495,1463.76,23750,30421,Nyctalus leisleri,0.008,0.022,-1,Echolocation,/mnt/ubna_data_02_mir/recover-20220922/UBNA_001/20220921_090000.WAV,Telephone Field,recover-20220922,001,1795
1463.7755,1463.7945,17734,21483,Nyctalus noctula,0.021,0.033,-1,Echolocation,/mnt/ubna_data_02_mir/recover-20220922/UBNA_001/20220921_090000.WAV,Telephone Field,recover-20220922,001,1795
1463.7985,1463.8411,68437,83054,Rhinolophus ferrumequinum,0.03,0.03,-1,Echolocation,/mnt/ubna_data_02_mir/recover-20220922/UBNA_001/20220921_090000.WAV,Telephone Field,recover-20220922,001,1795
1463.8235,1463.8647,68437,82951,Rhinolophus ferrumequinum,0.026,0.026,-1,Echolocation,/mnt/ubna_data_02_mir/recover-20220922/UBNA_001/20220921_090000.WAV,Telephone Field,recover-20220922,001,1795
1463.8345,1463.8421,28046,39228,Eptesicus serotinus,0.009,0.025,-1,Echolocation,/mnt/ubna_data_02_mir/recover-20220922/UBNA_001/20220921_090000.WAV,Telephone Field,recover-20220922,001,1795
1463.8465,1463.857,45234,48784,Pipistrellus pipistrellus,0.022,0.025,-1,Echolocation,/mnt/ubna_data_02_mir/recover-20220922/UBNA_001/20220921_090000.WAV,Telephone Field,recover-20220922,001,1795
1463.8945,1463.9037,14296,20876,Nyctalus noctula,0.009,0.023,-1,Echolocation,/mnt/ubna_data_02_mir/recover-20220922/UBNA_001/20220921_090000.WAV,Telephone Field,recover-20220922,001,1795
1463.9105,1463.9487,68437,82029,Rhinolophus ferrumequinum,0.021,0.021,-1,Echolocation,/mnt/ubna_data_02_mir/recover-20220922/UBNA_001/20220921_090000.WAV,Telephone Field,recover-20220922,001,1795
1464.0015,1464.0092,25468,34560,Nyctalus leisleri,0.006,0.025,-1,Echolocation,/mnt/ubna_data_02_mir/recover-20220922/UBNA_001/20220921_090000.WAV,Telephone Field,recover-20220922,001,1795
1464.0015,1464.0311,69296,81611,Rhinolophus ferrumequinum,0.032,0.033,-1,Echolocation,/mnt/ubna_data_02_mir/recover-20220922/UBNA_001/20220921_090000.WAV,Telephone Field,recover-20220922,001,1795
1464.0035,1464.0106,55546,60154,Pipistrellus pygmaeus,0.023,0.026,-1,Echolocation,/mnt/ubna_data_02_mir/recover-20220922/UBNA_001/20220921_090000.WAV,Telephone Field,recover-20220922,001,1795
1464.0125,1464.0553,68437,82970,Rhinolophus ferrumequinum,0.022,0.022,-1,Echolocation,/mnt/ubna_data_02_mir/recover-20220922/UBNA_001/20220921_090000.WAV,Telephone Field,recover-20220922,001,1795
1464.0295,1464.0354,28046,39961,Eptesicus serotinus,0.007,0.033,-1,Echolocation,/mnt/ubna_data_02_mir/recover-20220922/UBNA_001/20220921_090000.WAV,Telephone Field,recover-20220922,001,1795
1464.0675,1464.0792,22031,26953,Nyctalus leisleri,0.012,0.024,-1,Echolocation,/mnt/ubna_data_02_mir/recover-20220922/UBNA_001/20220921_090000.WAV,Telephone Field,recover-20220922,001,1795
1464.0815,1464.1197,68437,82533,Rhinolophus ferrumequinum,0.023,0.023,-1,Echolocation,/mnt/ubna_data_02_mir/recover-20220922/UBNA_001/20220921_090000.WAV,Telephone Field,recover-20220922,001,1795
1464.0845,1464.0919,27187,39404,Eptesicus serotinus,0.007,0.023,-1,Echolocation,/mnt/ubna_data_02_mir/recover-20220922/UBNA_001/20220921_090000.WAV,Telephone Field,recover-20220922,001,1795
1464.1045,1464.1445,68437,82255,Rhinolophus ferrumequinum,0.025,0.025,-1,Echolocation,/mnt/ubna_data_02_mir/recover-20220922/UBNA_001/20220921_090000.WAV,Telephone Field,recover-20220922,001,1795
1464.1585,1464.1998,68437,83172,Rhinolophus ferrumequinum,0.03,0.03,-1,Echolocation,/mnt/ubna_data_02_mir/recover-20220922/UBNA_001/20220921_090000.WAV,Telephone Field,recover-20220922,001,1795
1464.1705,1464.1779,24609,33622,Plecotus austriacus,0.007,0.022,-1,Echolocation,/mnt/ubna_data_02_mir/recover-20220922/UBNA_001/20220921_090000.WAV,Telephone Field,recover-20220922,001,1795
1464.2075,1464.2144,47812,52120,Pipistrellus pipistrellus,0.025,0.027,-1,Echolocation,/mnt/ubna_data_02_mir/recover-20220922/UBNA_001/20220921_090000.WAV,Telephone Field,recover-20220922,001,1795
1464.2235,1464.2653,68437,83089,Rhinolophus ferrumequinum,0.04,0.04,-1,Echolocation,/mnt/ubna_data_02_mir/recover-20220922/UBNA_001/20220921_090000.WAV,Telephone Field,recover-20220922,001,1795
1464.2435,1464.2843,68437,82513,Rhinolophus ferrumequinum,0.025,0.025,-1,Echolocation,/mnt/ubna_data_02_mir/recover-20220922/UBNA_001/20220921_090000.WAV,Telephone Field,recover-20220922,001,1795
1464.2665,1464.2751,28046,38799,Eptesicus serotinus,0.008,0.022,-1,Echolocation,/mnt/ubna_data_02_mir/recover-20220922/UBNA_001/20220921_090000.WAV,Telephone Field,recover-20220922,001,1795
1464.2805,1464.3203,68437,82847,Rhinolophus ferrumequinum,0.057,0.057,-1,Echolocation,/mnt/ubna_data_02_mir/recover-20220922/UBNA_001/20220921_090000.WAV,Telephone Field,recover-20220922,001,1795
1464.3005,1464.3455,68437,83512,Rhinolophus ferrumequinum,0.037,0.037,-1,Echolocation,/mnt/ubna_data_02_mir/recover-20220922/UBNA_001/20220921_090000.WAV,Telephone Field,recover-20220922,001,1795
1464.3025,1464.3131,25468,31883,Eptesicus serotinus,0.009,0.023,-1,Echolocation,/mnt/ubna_data_02_mir/recover-20220922/UBNA_001/20220921_090000.WAV,Telephone Field,recover-20220922,001,1795
1464.3165,1464.3243,28046,38070,Eptesicus serotinus,0.009,0.025,-1,Echolocation,/mnt/ubna_data_02_mir/recover-20220922/UBNA_001/20220921_090000.WAV,Telephone Field,recover-20220922,001,1795
1464.3325,1464.3719,68437,82561,Rhinolophus ferrumequinum,0.027,0.027,-1,Echolocation,/mnt/ubna_data_02_mir/recover-20220922/UBNA_001/20220921_090000.WAV,Telephone Field,recover-20220922,001,1795
1464.3435,1464.3549,22031,27434,Nyctalus leisleri,0.014,0.028,-1,Echolocation,/mnt/ubna_data_02_mir/recover-20220922/UBNA_001/20220921_090000.WAV,Telephone Field,recover-20220922,001,1795
1464.3635,1464.4002,68437,81530,Rhinolophus ferrumequinum,0.023,0.023,-1,Echolocation,/mnt/ubna_data_02_mir/recover-20220922/UBNA_001/20220921_090000.WAV,Telephone Field,recover-20220922,001,1795
1464.3715,1464.4113,68437,82409,Rhinolophus ferrumequinum,0.022,0.022,-1,Echolocation,/mnt/ubna_data_02_mir/recover-20220922/UBNA_001/20220921_090000.WAV,Telephone Field,recover-20220922,001,1795
1464.3945,1464.4333,68437,82519,Rhinolophus ferrumequinum,0.026,0.026,-1,Echolocation,/mnt/ubna_data_02_mir/recover-20220922/UBNA_001/20220921_090000.WAV,Telephone Field,recover-20220922,001,1795
1464.4285,1464.4382,28046,36415,Eptesicus serotinus,0.01,0.024,-1,Echolocation,/mnt/ubna_data_02_mir/recover-20220922/UBNA_001/20220921_090000.WAV,Telephone Field,recover-20220922,001,1795
1464.4365,1464.4461000000001,27187,35541,Eptesicus serotinus,0.008,0.022,-1,Echolocation,/mnt/ubna_data_02_mir/recover-20220922/UBNA_001/20220921_090000.WAV,Telephone Field,recover-20220922,001,1795
1464.4405,1464.479,68437,82194,Rhinolophus ferrumequinum,0.025,0.025,-1,Echolocation,/mnt/ubna_data_02_mir/recover-20220922/UBNA_001/20220921_090000.WAV,Telephone Field,recover-20220922,001,1795
1464.4495,1464.4871,68437,81705,Rhinolophus ferrumequinum,0.022,0.022,-1,Echolocation,/mnt/ubna_data_02_mir/recover-20220922/UBNA_001/20220921_090000.WAV,Telephone Field,recover-20220922,001,1795
1464.4715,1464.4799,48671,54971,Pipistrellus pipistrellus,0.018,0.022,-1,Echolocation,/mnt/ubna_data_02_mir/recover-20220922/UBNA_001/20220921_090000.WAV,Telephone Field,recover-20220922,001,1795
1464.4865,1464.4974,29765,38264,Eptesicus serotinus,0.013,0.031,-1,Echolocation,/mnt/ubna_data_02_mir/recover-20220922/UBNA_001/20220921_090000.WAV,Telephone Field,recover-20220922,001,1795
1464.4965,1464.5331,68437,82249,Rhinolophus ferrumequinum,0.022,0.022,-1,Echolocation,/mnt/ubna_data_02_mir/recover-20220922/UBNA_001/20220921_090000.WAV,Telephone Field,recover-20220922,001,1795
1464.5035,1464.5436,68437,82419,Rhinolophus ferrumequinum,0.023,0.023,-1,Echolocation,/mnt/ubna_data_02_mir/recover-20220922/UBNA_001/20220921_090000.WAV,Telephone Field,recover-20220922,001,1795
1464.5075,1464.5144,50390,56995,Pipistrellus pipistrellus,0.021,0.023,-1,Echolocation,/mnt/ubna_data_02_mir/recover-20220922/UBNA_001/20220921_090000.WAV,Telephone Field,recover-20220922,001,1795
1464.5505,1464.5853,68437,80738,Rhinolophus ferrumequinum,0.025,0.025,-1,Echolocation,/mnt/ubna_data_02_mir/recover-20220922/UBNA_001/20220921_090000.WAV,Telephone Field,recover-20220922,001,1795
1464.5845,1464.5902,34062,43716,Myotis daubentonii,0.011,0.025,-1,Echolocation,/mnt/ubna_data_02_mir/recover-20220922/UBNA_001/20220921_090000.WAV,Telephone Field,recover-20220922,001,1795
1464.5855,1464.5914,27187,43565,Eptesicus serotinus,0.006,0.032,-1,Echolocation,/mnt/ubna_data_02_mir/recover-20220922/UBNA_001/20220921_090000.WAV,Telephone Field,recover-20220922,001,1795
1464.5915,1464.6319,68437,82546,Rhinolophus ferrumequinum,0.024,0.024,-1,Echolocation,/mnt/ubna_data_02_mir/recover-20220922/UBNA_001/20220921_090000.WAV,Telephone Field,recover-20220922,001,1795
1464.5985,1464.6072,28046,36106,Eptesicus serotinus,0.006,0.022,-1,Echolocation,/mnt/ubna_data_02_mir/recover-20220922/UBNA_001/20220921_090000.WAV,Telephone Field,recover-20220922,001,1795
1464.6255,1464.6666,68437,83209,Rhinolophus ferrumequinum,0.036,0.036,-1,Echolocation,/mnt/ubna_data_02_mir/recover-20220922/UBNA_001/20220921_090000.WAV,Telephone Field,recover-20220922,001,1795
1464.6455,1464.685,68437,82533,Rhinolophus ferrumequinum,0.022,0.022,-1,Echolocation,/mnt/ubna_data_02_mir/recover-20220922/UBNA_001/20220921_090000.WAV,Telephone Field,recover-20220922,001,1795
1464.6765,1464.7145,68437,82203,Rhinolophus ferrumequinum,0.022,0.022,-1,Echolocation,/mnt/ubna_data_02_mir/recover-20220922/UBNA_001/20220921_090000.WAV,Telephone Field,recover-20220922,001,1795
1464.6845,1464.7198,68437,81444,Rhinolophus ferrumequinum,0.022,0.022,-1,Echolocation,/mnt/ubna_data_02_mir/recover-20220922/UBNA_001/20220921_090000.WAV,Telephone Field,recover-20220922,001,1795
1464.6885,1464.6972,28046,38144,Eptesicus serotinus,0.01,0.026,-1,Echolocation,/mnt/ubna_data_02_mir/recover-20220922/UBNA_001/20220921_090000.WAV,Telephone Field,recover-20220922,001,1795
1464.7585,1464.7953,68437,81260,Rhinolophus ferrumequinum,0.023,0.023,-1,Echolocation,/mnt/ubna_data_02_mir/recover-20220922/UBNA_001/20220921_090000.WAV,Telephone Field,recover-20220922,001,1795
1464.7845,1464.796,22890,27645,Nyctalus leisleri,0.017,0.031,-1,Echolocation,/mnt/ubna_data_02_mir/recover-20220922/UBNA_001/20220921_090000.WAV,Telephone Field,recover-20220922,001,1795
1464.7855,1464.8299,68437,83241,Rhinolophus ferrumequinum,0.038,0.038,-1,Echolocation,/mnt/ubna_data_02_mir/recover-20220922/UBNA_001/20220921_090000.WAV,Telephone Field,recover-20220922,001,1795
1464.8115,1464.8522,68437,82804,Rhinolophus ferrumequinum,0.023,0.023,-1,Echolocation,/mnt/ubna_data_02_mir/recover-20220922/UBNA_001/20220921_090000.WAV,Telephone Field,recover-20220922,001,1795
1464.8135,1464.821,50390,55393,Pipistrellus pipistrellus,0.024,0.028,-1,Echolocation,/mnt/ubna_data_02_mir/recover-20220922/UBNA_001/20220921_090000.WAV,Telephone Field,recover-20220922,001,1795
1464.8205,1464.8622,68437,83093,Rhinolophus ferrumequinum,0.025,0.025,-1,Echolocation,/mnt/ubna_data_02_mir/recover-20220922/UBNA_001/20220921_090000.WAV,Telephone Field,recover-20220922,001,1795
1464.8285,1464.8377,27187,38266,Eptesicus serotinus,0.011,0.026,-1,Echolocation,/mnt/ubna_data_02_mir/recover-20220922/UBNA_001/20220921_090000.WAV,Telephone Field,recover-20220922,001,1795
1464.9675,1465.0073,68437,81771,Rhinolophus ferrumequinum,0.022,0.022,-1,Echolocation,/mnt/ubna_data_02_mir/recover-20220922/UBNA_001/20220921_090000.WAV,Telephone Field,recover-20220922,001,1795
1464.9855,1465.0230999999999,68437,81650,Rhinolophus ferrumequinum,0.022,0.022,-1,Echolocation,/mnt/ubna_data_02_mir/recover-20220922/UBNA_001/20220921_090000.WAV,Telephone Field,recover-20220922,001,1795
1465.0175,1465.0235,39218,55232,Myotis mystacinus,0.007,0.027,-1,Echolocation,/mnt/ubna_data_02_mir/recover-20220922/UBNA_001/20220921_090000.WAV,Telephone Field,recover-20220922,001,1795
1465.0355,1465.0744,68437,81882,Rhinolophus ferrumequinum,0.022,0.022,-1,Echolocation,/mnt/ubna_data_02_mir/recover-20220922/UBNA_001/20220921_090000.WAV,Telephone Field,recover-20220922,001,1795
1465.0695,1465.1084,68437,82572,Rhinolophus ferrumequinum,0.025,0.025,-1,Echolocation,/mnt/ubna_data_02_mir/recover-20220922/UBNA_001/20220921_090000.WAV,Telephone Field,recover-20220922,001,1795
1465.0715,1465.0802,28046,37530,Eptesicus serotinus,0.009,0.026,-1,Echolocation,/mnt/ubna_data_02_mir/recover-20220922/UBNA_001/20220921_090000.WAV,Telephone Field,recover-20220922,001,1795
1465.0795,1465.1211,68437,83519,Rhinolophus ferrumequinum,0.024,0.024,-1,Echolocation,/mnt/ubna_data_02_mir/recover-20220922/UBNA_001/20220921_090000.WAV,Telephone Field,recover-20220922,001,1795
1465.0925,1465.1321,68437,82952,Rhinolophus ferrumequinum,0.024,0.025,-1,Echolocation,/mnt/ubna_data_02_mir/recover-20220922/UBNA_001/20220921_090000.WAV,Telephone Field,recover-20220922,001,1795
1465.0965,1465.1044,28046,40770,Eptesicus serotinus,0.007,0.022,-1,Echolocation,/mnt/ubna_data_02_mir/recover-20220922/UBNA_001/20220921_090000.WAV,Telephone Field,recover-20220922,001,1795
1465.1075,1465.1187,25468,31497,Nyctalus leisleri,0.012,0.031,-1,Echolocation,/mnt/ubna_data_02_mir/recover-20220922/UBNA_001/20220921_090000.WAV,Telephone Field,recover-20220922,001,1795
1465.1205,1465.1604,68437,82524,Rhinolophus ferrumequinum,0.025,0.025,-1,Echolocation,/mnt/ubna_data_02_mir/recover-20220922/UBNA_001/20220921_090000.WAV,Telephone Field,recover-20220922,001,1795
1465.1345,1465.1411,28046,40310,Eptesicus serotinus,0.006,0.027,-1,Echolocation,/mnt/ubna_data_02_mir/recover-20220922/UBNA_001/20220921_090000.WAV,Telephone Field,recover-20220922,001,1795
1465.1715,1465.2083,68437,81533,Rhinolophus ferrumequinum,0.023,0.023,-1,Echolocation,/mnt/ubna_data_02_mir/recover-20220922/UBNA_001/20220921_090000.WAV,Telephone Field,recover-20220922,001,1795
1465.2035,1465.2131,28046,37263,Eptesicus serotinus,0.013,0.028,-1,Echolocation,/mnt/ubna_data_02_mir/recover-20220922/UBNA_001/20220921_090000.WAV,Telephone Field,recover-20220922,001,1795
1465.2115,1465.2205,58984,65302,Pipistrellus pygmaeus,0.023,0.023,-1,Echolocation,/mnt/ubna_data_02_mir/recover-20220922/UBNA_001/20220921_090000.WAV,Telephone Field,recover-20220922,001,1795
1465.2305,1465.2714,68437,82938,Rhinolophus ferrumequinum,0.025,0.025,-1,Echolocation,/mnt/ubna_data_02_mir/recover-20220922/UBNA_001/20220921_090000.WAV,Telephone Field,recover-20220922,001,1795
1465.2545,1465.2972,68437,83074,Rhinolophus ferrumequinum,0.031,0.031,-1,Echolocation,/mnt/ubna_data_02_mir/recover-20220922/UBNA_001/20220921_090000.WAV,Telephone Field,recover-20220922,001,1795
1465.2575,1465.2661,26328,35712,Eptesicus serotinus,0.008,0.025,-1,Echolocation,/mnt/ubna_data_02_mir/recover-20220922/UBNA_001/20220921_090000.WAV,Telephone Field,recover-20220922,001,1795
1465.2765,1465.3133,68437,81840,Rhinolophus ferrumequinum,0.022,0.022,-1,Echolocation,/mnt/ubna_data_02_mir/recover-20220922/UBNA_001/20220921_090000.WAV,Telephone Field,recover-20220922,001,1795
1465.2895,1465.2968,27187,39804,Eptesicus serotinus,0.007,0.025,-1,Echolocation,/mnt/ubna_data_02_mir/recover-20220922/UBNA_001/20220921_090000.WAV,Telephone Field,recover-20220922,001,1795
1465.2905,1465.3257,68437,81843,Rhinolophus ferrumequinum,0.022,0.022,-1,Echolocation,/mnt/ubna_data_02_mir/recover-20220922/UBNA_001/20220921_090000.WAV,Telephone Field,recover-20220922,001,1795
1465.2995,1465.338,68437,82415,Rhinolophus ferrumequinum,0.022,0.022,-1,Echolocation,/mnt/ubna_data_02_mir/recover-20220922/UBNA_001/20220921_090000.WAV,Telephone Field,recover-20220922,001,1795
1465.3155,1465.3538,68437,82289,Rhinolophus ferrumequinum,0.024,0.024,-1,Echolocation,/mnt/ubna_data_02_mir/recover-20220922/UBNA_001/20220921_090000.WAV,Telephone Field,recover-20220922,001,1795
1465.3255,1465.337,22890,27688,Nyctalus leisleri,0.011,0.022,-1,Echolocation,/mnt/ubna_data_02_mir/recover-20220922/UBNA_001/20220921_090000.WAV,Telephone Field,recover-20220922,001,1795
1465.3475,1465.3877,68437,82969,Rhinolophus ferrumequinum,0.028,0.028,-1,Echolocation,/mnt/ubna_data_02_mir/recover-20220922/UBNA_001/20220921_090000.WAV,Telephone Field,recover-20220922,001,1795
1465.3505,1465.3577,28046,40614,Eptesicus serotinus,0.007,0.024,-1,Echolocation,/mnt/ubna_data_02_mir/recover-20220922/UBNA_001/20220921_090000.WAV,Telephone Field,recover-20220922,001,1795
1465.3805,1465.419,68437,81518,Rhinolophus ferrumequinum,0.027,0.027,-1,Echolocation,/mnt/ubna_data_02_mir/recover-20220922/UBNA_001/20220921_090000.WAV,Telephone Field,recover-20220922,001,1795
1465.3955,1465.4338,68437,82063,Rhinolophus ferrumequinum,0.022,0.022,-1,Echolocation,/mnt/ubna_data_02_mir/recover-20220922/UBNA_001/20220921_090000.WAV,Telephone Field,recover-20220922,001,1795
1465.4165,1465.4561,68437,81835,Rhinolophus ferrumequinum,0.03,0.03,-1,Echolocation,/mnt/ubna_data_02_mir/recover-20220922/UBNA_001/20220921_090000.WAV,Telephone Field,recover-20220922,001,1795
1465.4525,1465.4897,68437,82641,Rhinolophus ferrumequinum,0.031,0.031,-1,Echolocation,/mnt/ubna_data_02_mir/recover-20220922/UBNA_001/20220921_090000.WAV,Telephone Field,recover-20220922,001,1795
1465.4625,1465.5025,68437,82245,Rhinolophus ferrumequinum,0.029,0.029,-1,Echolocation,/mnt/ubna_data_02_mir/recover-20220922/UBNA_001/20220921_090000.WAV,Telephone Field,recover-20220922,001,1795
1465.4795,1465.4866,28906,38330,Eptesicus serotinus,0.01,0.036,-1,Echolocation,/mnt/ubna_data_02_mir/recover-20220922/UBNA_001/20220921_090000.WAV,Telephone Field,recover-20220922,001,1795
1465.4915,1465.5314,68437,83167,Rhinolophus ferrumequinum,0.045,0.045,-1,Echolocation,/mnt/ubna_data_02_mir/recover-20220922/UBNA_001/20220921_090000.WAV,Telephone Field,recover-20220922,001,1795
1465.5035,1465.5442,68437,82735,Rhinolophus ferrumequinum,0.026,0.026,-1,Echolocation,/mnt/ubna_data_02_mir/recover-20220922/UBNA_001/20220921_090000.WAV,Telephone Field,recover-20220922,001,1795
1465.5175,1465.5602,68437,83104,Rhinolophus ferrumequinum,0.026,0.026,-1,Echolocation,/mnt/ubna_data_02_mir/recover-20220922/UBNA_001/20220921_090000.WAV,Telephone Field,recover-20220922,001,1795
1465.5445,1465.5815,68437,81508,Rhinolophus ferrumequinum,0.022,0.022,-1,Echolocation,/mnt/ubna_data_02_mir/recover-20220922/UBNA_001/20220921_090000.WAV,Telephone Field,recover-20220922,001,1795
1465.5525,1465.5887,68437,81763,Rhinolophus ferrumequinum,0.023,0.023,-1,Echolocation,/mnt/ubna_data_02_mir/recover-20220922/UBNA_001/20220921_090000.WAV,Telephone Field,recover-20220922,001,1795
1465.5975,1465.6386,68437,83128,Rhinolophus ferrumequinum,0.031,0.031,-1,Echolocation,/mnt/ubna_data_02_mir/recover-20220922/UBNA_001/20220921_090000.WAV,Telephone Field,recover-20220922,001,1795
1465.6155,1465.6239,23750,31225,Plecotus austriacus,0.007,0.022,-1,Echolocation,/mnt/ubna_data_02_mir/recover-20220922/UBNA_001/20220921_090000.WAV,Telephone Field,recover-20220922,001,1795
1465.6285,1465.6674,68437,82274,Rhinolophus ferrumequinum,0.024,0.024,-1,Echolocation,/mnt/ubna_data_02_mir/recover-20220922/UBNA_001/20220921_090000.WAV,Telephone Field,recover-20220922,001,1795
1465.6285,1465.637,46093,49424,Pipistrellus pipistrellus,0.023,0.024,-1,Echolocation,/mnt/ubna_data_02_mir/recover-20220922/UBNA_001/20220921_090000.WAV,Telephone Field,recover-20220922,001,1795
1465.6415,1465.6788999999999,68437,82059,Rhinolophus ferrumequinum,0.022,0.022,-1,Echolocation,/mnt/ubna_data_02_mir/recover-20220922/UBNA_001/20220921_090000.WAV,Telephone Field,recover-20220922,001,1795
1465.6615,1465.7011,68437,82610,Rhinolophus ferrumequinum,0.027,0.027,-1,Echolocation,/mnt/ubna_data_02_mir/recover-20220922/UBNA_001/20220921_090000.WAV,Telephone Field,recover-20220922,001,1795
1465.6665,1465.6749,28906,39978,Eptesicus serotinus,0.007,0.022,-1,Echolocation,/mnt/ubna_data_02_mir/recover-20220922/UBNA_001/20220921_090000.WAV,Telephone Field,recover-20220922,001,1795
1465.6695,1465.7054,68437,82264,Rhinolophus ferrumequinum,0.023,0.023,-1,Echolocation,/mnt/ubna_data_02_mir/recover-20220922/UBNA_001/20220921_090000.WAV,Telephone Field,recover-20220922,001,1795
1465.6865,1465.7258,68437,82325,Rhinolophus ferrumequinum,0.023,0.023,-1,Echolocation,/mnt/ubna_data_02_mir/recover-20220922/UBNA_001/20220921_090000.WAV,Telephone Field,recover-20220922,001,1795
1465.6995,1465.7139,23750,28136,Nyctalus leisleri,0.05,0.094,-1,Echolocation,/mnt/ubna_data_02_mir/recover-20220922/UBNA_001/20220921_090000.WAV,Telephone Field,recover-20220922,001,1795
1465.7135,1465.753,68437,82429,Rhinolophus ferrumequinum,0.022,0.022,-1,Echolocation,/mnt/ubna_data_02_mir/recover-20220922/UBNA_001/20220921_090000.WAV,Telephone Field,recover-20220922,001,1795
1465.7525,1465.7889,68437,81506,Rhinolophus ferrumequinum,0.021,0.022,-1,Echolocation,/mnt/ubna_data_02_mir/recover-20220922/UBNA_001/20220921_090000.WAV,Telephone Field,recover-20220922,001,1795
1465.7545,1465.76,31484,46929,Myotis daubentonii,0.015,0.029,-1,Echolocation,/mnt/ubna_data_02_mir/recover-20220922/UBNA_001/20220921_090000.WAV,Telephone Field,recover-20220922,001,1795
1465.7715,1465.8067,68437,81737,Rhinolophus ferrumequinum,0.024,0.024,-1,Echolocation,/mnt/ubna_data_02_mir/recover-20220922/UBNA_001/20220921_090000.WAV,Telephone Field,recover-20220922,001,1795
1465.7875,1465.8214,68437,81281,Rhinolophus ferrumequinum,0.024,0.024,-1,Echolocation,/mnt/ubna_data_02_mir/recover-20220922/UBNA_001/20220921_090000.WAV,Telephone Field,recover-20220922,001,1795
1465.8025,1465.8465,68437,82863,Rhinolophus ferrumequinum,0.032,0.032,-1,Echolocation,/mnt/ubna_data_02_mir/recover-20220922/UBNA_001/20220921_090000.WAV,Telephone Field,recover-20220922,001,1795
1465.8265,1465.8633,68437,82156,Rhinolophus ferrumequinum,0.026,0.026,-1,Echolocation,/mnt/ubna_data_02_mir/recover-20220922/UBNA_001/20220921_090000.WAV,Telephone Field,recover-20220922,001,1795
1465.8475,1465.8548,23750,31643,Plecotus austriacus,0.01,0.022,-1,Echolocation,/mnt/ubna_data_02_mir/recover-20220922/UBNA_001/20220921_090000.WAV,Telephone Field,recover-20220922,001,1795
1465.8615,1465.8708,23750,31570,Nyctalus leisleri,0.007,0.024,-1,Echolocation,/mnt/ubna_data_02_mir/recover-20220922/UBNA_001/20220921_090000.WAV,Telephone Field,recover-20220922,001,1795
1465.8655,1465.9131,68437,84067,Rhinolophus ferrumequinum,0.07,0.07,-1,Echolocation,/mnt/ubna_data_02_mir/recover-20220922/UBNA_001/20220921_090000.WAV,Telephone Field,recover-20220922,001,1795
1465.8775,1465.9183,68437,81965,Rhinolophus ferrumequinum,0.023,0.023,-1,Echolocation,/mnt/ubna_data_02_mir/recover-20220922/UBNA_001/20220921_090000.WAV,Telephone Field,recover-20220922,001,1795
1465.8885,1465.9251,68437,82401,Rhinolophus ferrumequinum,0.022,0.022,-1,Echolocation,/mnt/ubna_data_02_mir/recover-20220922/UBNA_001/20220921_090000.WAV,Telephone Field,recover-20220922,001,1795
1465.9865,1465.9964,27187,35291,Eptesicus serotinus,0.009,0.023,-1,Echolocation,/mnt/ubna_data_02_mir/recover-20220922/UBNA_001/20220921_090000.WAV,Telephone Field,recover-20220922,001,1795
1466.0015,1466.0128,22890,28588,Nyctalus leisleri,0.018,0.038,-1,Echolocation,/mnt/ubna_data_02_mir/recover-20220922/UBNA_001/20220921_090000.WAV,Telephone Field,recover-20220922,001,1795
1466.0015,1466.0319,69296,81657,Rhinolophus ferrumequinum,0.033,0.033,-1,Echolocation,/mnt/ubna_data_02_mir/recover-20220922/UBNA_001/20220921_090000.WAV,Telephone Field,recover-20220922,001,1795
1466.0095,1466.0522,68437,82331,Rhinolophus ferrumequinum,0.027,0.027,-1,Echolocation,/mnt/ubna_data_02_mir/recover-20220922/UBNA_001/20220921_090000.WAV,Telephone Field,recover-20220922,001,1795
1466.0105,1466.0225,22031,27211,Nyctalus leisleri,0.014,0.028,-1,Echolocation,/mnt/ubna_data_02_mir/recover-20220922/UBNA_001/20220921_090000.WAV,Telephone Field,recover-20220922,001,1795
1466.0225,1466.0614,68437,82497,Rhinolophus ferrumequinum,0.021,0.021,-1,Echolocation,/mnt/ubna_data_02_mir/recover-20220922/UBNA_001/20220921_090000.WAV,Telephone Field,recover-20220922,001,1795
1466.0325,1466.074,68437,82828,Rhinolophus ferrumequinum,0.022,0.022,-1,Echolocation,/mnt/ubna_data_02_mir/recover-20220922/UBNA_001/20220921_090000.WAV,Telephone Field,recover-20220922,001,1795
1466.0375,1466.0448,50390,55370,Pipistrellus pipistrellus,0.021,0.023,-1,Echolocation,/mnt/ubna_data_02_mir/recover-20220922/UBNA_001/20220921_090000.WAV,Telephone Field,recover-20220922,001,1795
1466.0385,1466.0781,68437,82903,Rhinolophus ferrumequinum,0.022,0.022,-1,Echolocation,/mnt/ubna_data_02_mir/recover-20220922/UBNA_001/20220921_090000.WAV,Telephone Field,recover-20220922,001,1795
1466.0645,1466.1014,68437,81624,Rhinolophus ferrumequinum,0.021,0.021,-1,Echolocation,/mnt/ubna_data_02_mir/recover-20220922/UBNA_001/20220921_090000.WAV,Telephone Field,recover-20220922,001,1795
1466.0695,1466.1034,68437,81394,Rhinolophus ferrumequinum,0.021,0.021,-1,Echolocation,/mnt/ubna_data_02_mir/recover-20220922/UBNA_001/20220921_090000.WAV,Telephone Field,recover-20220922,001,1795
1466.0745,1466.0854,25468,32586,Eptesicus serotinus,0.009,0.023,-1,Echolocation,/mnt/ubna_data_02_mir/recover-20220922/UBNA_001/20220921_090000.WAV,Telephone Field,recover-20220922,001,1795
1466.0945,1466.1355,68437,82691,Rhinolophus ferrumequinum,0.031,0.031,-1,Echolocation,/mnt/ubna_data_02_mir/recover-20220922/UBNA_001/20220921_090000.WAV,Telephone Field,recover-20220922,001,1795
1466.0995,1466.1077,28046,38891,Eptesicus serotinus,0.008,0.024,-1,Echolocation,/mnt/ubna_data_02_mir/recover-20220922/UBNA_001/20220921_090000.WAV,Telephone Field,recover-20220922,001,1795
1466.1055,1466.1467,68437,82133,Rhinolophus ferrumequinum,0.024,0.024,-1,Echolocation,/mnt/ubna_data_02_mir/recover-20220922/UBNA_001/20220921_090000.WAV,Telephone Field,recover-20220922,001,1795
1466.1395,1466.1502,22890,28267,Nyctalus leisleri,0.012,0.024,-1,Echolocation,/mnt/ubna_data_02_mir/recover-20220922/UBNA_001/20220921_090000.WAV,Telephone Field,recover-20220922,001,1795
1466.1415,1466.1781,68437,81790,Rhinolophus ferrumequinum,0.022,0.022,-1,Echolocation,/mnt/ubna_data_02_mir/recover-20220922/UBNA_001/20220921_090000.WAV,Telephone Field,recover-20220922,001,1795
1466.1655,1466.1737,28046,39959,Eptesicus serotinus,0.007,0.021,-1,Echolocation,/mnt/ubna_data_02_mir/recover-20220922/UBNA_001/20220921_090000.WAV,Telephone Field,recover-20220922,001,1795
1466.1685,1466.206,68437,81520,Rhinolophus ferrumequinum,0.02,0.02,-1,Echolocation,/mnt/ubna_data_02_mir/recover-20220922/UBNA_001/20220921_090000.WAV,Telephone Field,recover-20220922,001,1795
1466.1975,1466.2359,68437,81626,Rhinolophus ferrumequinum,0.024,0.024,-1,Echolocation,/mnt/ubna_data_02_mir/recover-20220922/UBNA_001/20220921_090000.WAV,Telephone Field,recover-20220922,001,1795
1466.2085,1466.2189,23750,29988,Nyctalus leisleri,0.009,0.024,-1,Echolocation,/mnt/ubna_data_02_mir/recover-20220922/UBNA_001/20220921_090000.WAV,Telephone Field,recover-20220922,001,1795
1466.2135,1466.2457,68437,80582,Rhinolophus ferrumequinum,0.021,0.021,-1,Echolocation,/mnt/ubna_data_02_mir/recover-20220922/UBNA_001/20220921_090000.WAV,Telephone Field,recover-20220922,001,1795
1466.2365,1466.2746,68437,82572,Rhinolophus ferrumequinum,0.022,0.022,-1,Echolocation,/mnt/ubna_data_02_mir/recover-20220922/UBNA_001/20220921_090000.WAV,Telephone Field,recover-20220922,001,1795
1466.2405,1466.2494,28046,37323,Eptesicus serotinus,0.009,0.024,-1,Echolocation,/mnt/ubna_data_02_mir/recover-20220922/UBNA_001/20220921_090000.WAV,Telephone Field,recover-20220922,001,1795
1466.2445,1466.2832,68437,82124,Rhinolophus ferrumequinum,0.021,0.021,-1,Echolocation,/mnt/ubna_data_02_mir/recover-20220922/UBNA_001/20220921_090000.WAV,Telephone Field,recover-20220922,001,1795
1466.2755,1466.2899,22031,26116,Nyctalus leisleri,0.013,0.023,-1,Echolocation,/mnt/ubna_data_02_mir/recover-20220922/UBNA_001/20220921_090000.WAV,Telephone Field,recover-20220922,001,1795
1466.2975,1466.3351,68437,81461,Rhinolophus ferrumequinum,0.025,0.025,-1,Echolocation,/mnt/ubna_data_02_mir/recover-20220922/UBNA_001/20220921_090000.WAV,Telephone Field,recover-20220922,001,1795
1466.3145,1466.3345,19453,22148,Nyctalus leisleri,0.02,0.037,-1,Echolocation,/mnt/ubna_data_02_mir/recover-20220922/UBNA_001/20220921_090000.WAV,Telephone Field,recover-20220922,001,1795
1466.3375,1466.3733,68437,81378,Rhinolophus ferrumequinum,0.02,0.02,-1,Echolocation,/mnt/ubna_data_02_mir/recover-20220922/UBNA_001/20220921_090000.WAV,Telephone Field,recover-20220922,001,1795
1466.3685,1466.3764,23750,31904,Plecotus austriacus,0.008,0.021,-1,Echolocation,/mnt/ubna_data_02_mir/recover-20220922/UBNA_001/20220921_090000.WAV,Telephone Field,recover-20220922,001,1795
1466.3725,1466.4075,68437,81583,Rhinolophus ferrumequinum,0.021,0.021,-1,Echolocation,/mnt/ubna_data_02_mir/recover-20220922/UBNA_001/20220921_090000.WAV,Telephone Field,recover-20220922,001,1795
1466.3925,1466.4014,23750,31369,Plecotus austriacus,0.008,0.024,-1,Echolocation,/mnt/ubna_data_02_mir/recover-20220922/UBNA_001/20220921_090000.WAV,Telephone Field,recover-20220922,001,1795
1466.3965,1466.4356,68437,82915,Rhinolophus ferrumequinum,0.024,0.024,-1,Echolocation,/mnt/ubna_data_02_mir/recover-20220922/UBNA_001/20220921_090000.WAV,Telephone Field,recover-20220922,001,1795
1466.4045,1466.4455,68437,82674,Rhinolophus ferrumequinum,0.028,0.028,-1,Echolocation,/mnt/ubna_data_02_mir/recover-20220922/UBNA_001/20220921_090000.WAV,Telephone Field,recover-20220922,001,1795
1466.4105,1466.4235,23750,30070,Nyctalus leisleri,0.026,0.062,-1,Echolocation,/mnt/ubna_data_02_mir/recover-20220922/UBNA_001/20220921_090000.WAV,Telephone Field,recover-20220922,001,1795
1466.4535,1466.4944,68437,82956,Rhinolophus ferrumequinum,0.025,0.025,-1,Echolocation,/mnt/ubna_data_02_mir/recover-20220922/UBNA_001/20220921_090000.WAV,Telephone Field,recover-20220922,001,1795
1466.4565,1466.465,28906,38299,Eptesicus serotinus,0.007,0.022,-1,Echolocation,/mnt/ubna_data_02_mir/recover-20220922/UBNA_001/20220921_090000.WAV,Telephone Field,recover-20220922,001,1795
1466.4765,1466.4857,14296,22180,Nyctalus noctula,0.023,0.058,-1,Echolocation,/mnt/ubna_data_02_mir/recover-20220922/UBNA_001/20220921_090000.WAV,Telephone Field,recover-20220922,001,1795
1466.4785,1466.4882,23750,30623,Nyctalus leisleri,0.009,0.027,-1,Echolocation,/mnt/ubna_data_02_mir/recover-20220922/UBNA_001/20220921_090000.WAV,Telephone Field,recover-20220922,001,1795
1466.5025,1466.5425,68437,82492,Rhinolophus ferrumequinum,0.021,0.021,-1,Echolocation,/mnt/ubna_data_02_mir/recover-20220922/UBNA_001/20220921_090000.WAV,Telephone Field,recover-20220922,001,1795
1466.5305,1466.5693,68437,81763,Rhinolophus ferrumequinum,0.023,0.023,-1,Echolocation,/mnt/ubna_data_02_mir/recover-20220922/UBNA_001/20220921_090000.WAV,Telephone Field,recover-20220922,001,1795
1466.5425,1466.5512,26328,37227,Eptesicus serotinus,0.007,0.021,-1,Echolocation,/mnt/ubna_data_02_mir/recover-20220922/UBNA_001/20220921_090000.WAV,Telephone Field,recover-20220922,001,1795
1466.5575,1466.5698,22890,27581,Nyctalus leisleri,0.011,0.024,-1,Echolocation,/mnt/ubna_data_02_mir/recover-20220922/UBNA_001/20220921_090000.WAV,Telephone Field,recover-20220922,001,1795
1466.5595,1466.5981,68437,81907,Rhinolophus ferrumequinum,0.026,0.026,-1,Echolocation,/mnt/ubna_data_02_mir/recover-20220922/UBNA_001/20220921_090000.WAV,Telephone Field,recover-20220922,001,1795
1466.5625,1466.5802,16015,21375,Nyctalus noctula,0.029,0.038,-1,Echolocation,/mnt/ubna_data_02_mir/recover-20220922/UBNA_001/20220921_090000.WAV,Telephone Field,recover-20220922,001,1795
1466.6085,1466.6187,28046,35789,Eptesicus serotinus,0.01,0.023,-1,Echolocation,/mnt/ubna_data_02_mir/recover-20220922/UBNA_001/20220921_090000.WAV,Telephone Field,recover-20220922,001,1795
1466.6615,1466.6696,27187,37616,Eptesicus serotinus,0.007,0.021,-1,Echolocation,/mnt/ubna_data_02_mir/recover-20220922/UBNA_001/20220921_090000.WAV,Telephone Field,recover-20220922,001,1795
1466.7115,1466.7521,68437,83307,Rhinolophus ferrumequinum,0.033,0.033,-1,Echolocation,/mnt/ubna_data_02_mir/recover-20220922/UBNA_001/20220921_090000.WAV,Telephone Field,recover-20220922,001,1795
1466.7365,1466.7717,68437,81092,Rhinolophus ferrumequinum,0.021,0.021,-1,Echolocation,/mnt/ubna_data_02_mir/recover-20220922/UBNA_001/20220921_090000.WAV,Telephone Field,recover-20220922,001,1795
1466.7905,1466.7998,28046,36803,Eptesicus serotinus,0.012,0.028,-1,Echolocation,/mnt/ubna_data_02_mir/recover-20220922/UBNA_001/20220921_090000.WAV,Telephone Field,recover-20220922,001,1795
1466.7965,1466.8307,68437,80852,Rhinolophus ferrumequinum,0.021,0.021,-1,Echolocation,/mnt/ubna_data_02_mir/recover-20220922/UBNA_001/20220921_090000.WAV,Telephone Field,recover-20220922,001,1795
1466.8175,1466.8579,68437,82828,Rhinolophus ferrumequinum,0.031,0.031,-1,Echolocation,/mnt/ubna_data_02_mir/recover-20220922/UBNA_001/20220921_090000.WAV,Telephone Field,recover-20220922,001,1795
1466.8775,1466.9175,68437,82630,Rhinolophus ferrumequinum,0.024,0.024,-1,Echolocation,/mnt/ubna_data_02_mir/recover-20220922/UBNA_001/20220921_090000.WAV,Telephone Field,recover-20220922,001,1795
1466.8775,1466.8874,22890,28391,Nyctalus leisleri,0.009,0.021,-1,Echolocation,/mnt/ubna_data_02_mir/recover-20220922/UBNA_001/20220921_090000.WAV,Telephone Field,recover-20220922,001,1795
1466.9115,1466.9496,68437,82172,Rhinolophus ferrumequinum,0.022,0.022,-1,Echolocation,/mnt/ubna_data_02_mir/recover-20220922/UBNA_001/20220921_090000.WAV,Telephone Field,recover-20220922,001,1795
1466.9235,1466.9635,68437,82672,Rhinolophus ferrumequinum,0.027,0.027,-1,Echolocation,/mnt/ubna_data_02_mir/recover-20220922/UBNA_001/20220921_090000.WAV,Telephone Field,recover-20220922,001,1795
1466.9315,1466.9699,68437,82046,Rhinolophus ferrumequinum,0.022,0.022,-1,Echolocation,/mnt/ubna_data_02_mir/recover-20220922/UBNA_001/20220921_090000.WAV,Telephone Field,recover-20220922,001,1795
1466.9515,1466.961,25468,32436,Eptesicus serotinus,0.007,0.021,-1,Echolocation,/mnt/ubna_data_02_mir/recover-20220922/UBNA_001/20220921_090000.WAV,Telephone Field,recover-20220922,001,1795
1466.9525,1466.9913,68437,82151,Rhinolophus ferrumequinum,0.024,0.024,-1,Echolocation,/mnt/ubna_data_02_mir/recover-20220922/UBNA_001/20220921_090000.WAV,Telephone Field,recover-20220922,001,1795
1466.9595,1467.0005,68437,82504,Rhinolophus ferrumequinum,0.027,0.027,-1,Echolocation,/mnt/ubna_data_02_mir/recover-20220922/UBNA_001/20220921_090000.WAV,Telephone Field,recover-20220922,001,1795
1466.9655,1466.9759,54687,60751,Pipistrellus pygmaeus,0.018,0.021,-1,Echolocation,/mnt/ubna_data_02_mir/recover-20220922/UBNA_001/20220921_090000.WAV,Telephone Field,recover-20220922,001,1795
1466.9865,1467.0271,68437,82794,Rhinolophus ferrumequinum,0.021,0.021,-1,Echolocation,/mnt/ubna_data_02_mir/recover-20220922/UBNA_001/20220921_090000.WAV,Telephone Field,recover-20220922,001,1795
1467.0045,1467.0442,68437,82585,Rhinolophus ferrumequinum,0.027,0.027,-1,Echolocation,/mnt/ubna_data_02_mir/recover-20220922/UBNA_001/20220921_090000.WAV,Telephone Field,recover-20220922,001,1795
1467.0315,1467.0704,68437,82721,Rhinolophus ferrumequinum,0.026,0.026,-1,Echolocation,/mnt/ubna_data_02_mir/recover-20220922/UBNA_001/20220921_090000.WAV,Telephone Field,recover-20220922,001,1795
1467.0375,1467.0473,26328,36434,Eptesicus serotinus,0.009,0.022,-1,Echolocation,/mnt/ubna_data_02_mir/recover-20220922/UBNA_001/20220921_090000.WAV,Telephone Field,recover-20220922,001,1795
1467.0735,1467.1118,68437,82005,Rhinolophus ferrumequinum,0.028,0.028,-1,Echolocation,/mnt/ubna_data_02_mir/recover-20220922/UBNA_001/20220921_090000.WAV,Telephone Field,recover-20220922,001,1795
1467.0885,1467.0979,28046,37436,Eptesicus serotinus,0.01,0.023,-1,Echolocation,/mnt/ubna_data_02_mir/recover-20220922/UBNA_001/20220921_090000.WAV,Telephone Field,recover-20220922,001,1795
1467.1175,1467.1558,68437,82345,Rhinolophus ferrumequinum,0.022,0.022,-1,Echolocation,/mnt/ubna_data_02_mir/recover-20220922/UBNA_001/20220921_090000.WAV,Telephone Field,recover-20220922,001,1795
1467.1355,1467.1431,26328,37971,Eptesicus serotinus,0.006,0.022,-1,Echolocation,/mnt/ubna_data_02_mir/recover-20220922/UBNA_001/20220921_090000.WAV,Telephone Field,recover-20220922,001,1795
1467.1495,1467.186,68437,81658,Rhinolophus ferrumequinum,0.02,0.02,-1,Echolocation,/mnt/ubna_data_02_mir/recover-20220922/UBNA_001/20220921_090000.WAV,Telephone Field,recover-20220922,001,1795
1467.1635,1467.1707,28046,41652,Eptesicus serotinus,0.011,0.032,-1,Echolocation,/mnt/ubna_data_02_mir/recover-20220922/UBNA_001/20220921_090000.WAV,Telephone Field,recover-20220922,001,1795
1467.1825,1467.2202,68437,81728,Rhinolophus ferrumequinum,0.031,0.031,-1,Echolocation,/mnt/ubna_data_02_mir/recover-20220922/UBNA_001/20220921_090000.WAV,Telephone Field,recover-20220922,001,1795
1467.1915,1467.2334,68437,83833,Rhinolophus ferrumequinum,0.033,0.033,-1,Echolocation,/mnt/ubna_data_02_mir/recover-20220922/UBNA_001/20220921_090000.WAV,Telephone Field,recover-20220922,001,1795
1467.2005,1467.2073,24609,35346,Plecotus austriacus,0.01,0.026,-1,Echolocation,/mnt/ubna_data_02_mir/recover-20220922/UBNA_001/20220921_090000.WAV,Telephone Field,recover-20220922,001,1795
1467.2815,1467.3188,68437,81436,Rhinolophus ferrumequinum,0.02,0.02,-1,Echolocation,/mnt/ubna_data_02_mir/recover-20220922/UBNA_001/20220921_090000.WAV,Telephone Field,recover-20220922,001,1795
1467.3475,1467.359,24609,30820,Nyctalus leisleri,0.014,0.03,-1,Echolocation,/mnt/ubna_data_02_mir/recover-20220922/UBNA_001/20220921_090000.WAV,Telephone Field,recover-20220922,001,1795
1467.3525,1467.3899,68437,82317,Rhinolophus ferrumequinum,0.022,0.022,-1,Echolocation,/mnt/ubna_data_02_mir/recover-20220922/UBNA_001/20220921_090000.WAV,Telephone Field,recover-20220922,001,1795
1467.3845,1467.4197,68437,81571,Rhinolophus ferrumequinum,0.02,0.02,-1,Echolocation,/mnt/ubna_data_02_mir/recover-20220922/UBNA_001/20220921_090000.WAV,Telephone Field,recover-20220922,001,1795
1467.3945,1467.4323,68437,81760,Rhinolophus ferrumequinum,0.022,0.022,-1,Echolocation,/mnt/ubna_data_02_mir/recover-20220922/UBNA_001/20220921_090000.WAV,Telephone Field,recover-20220922,001,1795
1467.4065,1467.4409,68437,80799,Rhinolophus ferrumequinum,0.02,0.021,-1,Echolocation,/mnt/ubna_data_02_mir/recover-20220922/UBNA_001/20220921_090000.WAV,Telephone Field,recover-20220922,001,1795
1467.4175,1467.4257,27187,40010,Eptesicus serotinus,0.007,0.021,-1,Echolocation,/mnt/ubna_data_02_mir/recover-20220922/UBNA_001/20220921_090000.WAV,Telephone Field,recover-20220922,001,1795
1467.4185,1467.4526,68437,81490,Rhinolophus ferrumequinum,0.021,0.021,-1,Echolocation,/mnt/ubna_data_02_mir/recover-20220922/UBNA_001/20220921_090000.WAV,Telephone Field,recover-20220922,001,1795
1467.4365,1467.447,22890,28010,Nyctalus leisleri,0.01,0.021,-1,Echolocation,/mnt/ubna_data_02_mir/recover-20220922/UBNA_001/20220921_090000.WAV,Telephone Field,recover-20220922,001,1795
1467.4505,1467.46,28046,37266,Eptesicus serotinus,0.008,0.021,-1,Echolocation,/mnt/ubna_data_02_mir/recover-20220922/UBNA_001/20220921_090000.WAV,Telephone Field,recover-20220922,001,1795
1467.4655,1467.5033,68437,82183,Rhinolophus ferrumequinum,0.021,0.021,-1,Echolocation,/mnt/ubna_data_02_mir/recover-20220922/UBNA_001/20220921_090000.WAV,Telephone Field,recover-20220922,001,1795
1467.4705,1467.5091,68437,82334,Rhinolophus ferrumequinum,0.021,0.021,-1,Echolocation,/mnt/ubna_data_02_mir/recover-20220922/UBNA_001/20220921_090000.WAV,Telephone Field,recover-20220922,001,1795
1467.4735,1467.482,28046,36480,Eptesicus serotinus,0.011,0.026,-1,Echolocation,/mnt/ubna_data_02_mir/recover-20220922/UBNA_001/20220921_090000.WAV,Telephone Field,recover-20220922,001,1795
1467.5065,1467.5135,24609,34588,Plecotus austriacus,0.007,0.022,-1,Echolocation,/mnt/ubna_data_02_mir/recover-20220922/UBNA_001/20220921_090000.WAV,Telephone Field,recover-20220922,001,1795
1467.5265,1467.5678,68437,82803,Rhinolophus ferrumequinum,0.028,0.028,-1,Echolocation,/mnt/ubna_data_02_mir/recover-20220922/UBNA_001/20220921_090000.WAV,Telephone Field,recover-20220922,001,1795
1467.5425,1467.5538,23750,29083,Nyctalus leisleri,0.012,0.025,-1,Echolocation,/mnt/ubna_data_02_mir/recover-20220922/UBNA_001/20220921_090000.WAV,Telephone Field,recover-20220922,001,1795
1467.5625,1467.5712,28046,37078,Eptesicus serotinus,0.009,0.024,-1,Echolocation,/mnt/ubna_data_02_mir/recover-20220922/UBNA_001/20220921_090000.WAV,Telephone Field,recover-20220922,001,1795
1467.5835,1467.624,68437,82286,Rhinolophus ferrumequinum,0.023,0.024,-1,Echolocation,/mnt/ubna_data_02_mir/recover-20220922/UBNA_001/20220921_090000.WAV,Telephone Field,recover-20220922,001,1795
1467.5845,1467.5941,27187,36318,Eptesicus serotinus,0.008,0.02,-1,Echolocation,/mnt/ubna_data_02_mir/recover-20220922/UBNA_001/20220921_090000.WAV,Telephone Field,recover-20220922,001,1795
1467.6035,1467.6455,68437,83095,Rhinolophus ferrumequinum,0.026,0.026,-1,Echolocation,/mnt/ubna_data_02_mir/recover-20220922/UBNA_001/20220921_090000.WAV,Telephone Field,recover-20220922,001,1795
1467.6325,1467.6396,46093,52077,Pipistrellus pipistrellus,0.033,0.034,-1,Echolocation,/mnt/ubna_data_02_mir/recover-20220922/UBNA_001/20220921_090000.WAV,Telephone Field,recover-20220922,001,1795
1467.6335,1467.6728,68437,82117,Rhinolophus ferrumequinum,0.024,0.024,-1,Echolocation,/mnt/ubna_data_02_mir/recover-20220922/UBNA_001/20220921_090000.WAV,Telephone Field,recover-20220922,001,1795
1467.6685,1467.7063,68437,81352,Rhinolophus ferrumequinum,0.02,0.02,-1,Echolocation,/mnt/ubna_data_02_mir/recover-20220922/UBNA_001/20220921_090000.WAV,Telephone Field,recover-20220922,001,1795
1467.7275,1467.7384,28046,36515,Eptesicus serotinus,0.013,0.026,-1,Echolocation,/mnt/ubna_data_02_mir/recover-20220922/UBNA_001/20220921_090000.WAV,Telephone Field,recover-20220922,001,1795
1467.7405,1467.7475,26328,39390,Myotis nattereri,0.005,0.022,-1,Echolocation,/mnt/ubna_data_02_mir/recover-20220922/UBNA_001/20220921_090000.WAV,Telephone Field,recover-20220922,001,1795
1467.7475,1467.7815,68437,81472,Rhinolophus ferrumequinum,0.022,0.022,-1,Echolocation,/mnt/ubna_data_02_mir/recover-20220922/UBNA_001/20220921_090000.WAV,Telephone Field,recover-20220922,001,1795
1467.7505,1467.7594,28906,36517,Eptesicus serotinus,0.007,0.021,-1,Echolocation,/mnt/ubna_data_02_mir/recover-20220922/UBNA_001/20220921_090000.WAV,Telephone Field,recover-20220922,001,1795
1467.7575,1467.796,68437,81813,Rhinolophus ferrumequinum,0.022,0.022,-1,Echolocation,/mnt/ubna_data_02_mir/recover-20220922/UBNA_001/20220921_090000.WAV,Telephone Field,recover-20220922,001,1795
1467.7715,1467.7813,14296,19729,Nyctalus noctula,0.01,0.021,-1,Echolocation,/mnt/ubna_data_02_mir/recover-20220922/UBNA_001/20220921_090000.WAV,Telephone Field,recover-20220922,001,1795
1467.8255,1467.8661,68437,82421,Rhinolophus ferrumequinum,0.024,0.024,-1,Echolocation,/mnt/ubna_data_02_mir/recover-20220922/UBNA_001/20220921_090000.WAV,Telephone Field,recover-20220922,001,1795
1467.8485,1467.8567,32343,44573,Myotis daubentonii,0.009,0.024,-1,Echolocation,/mnt/ubna_data_02_mir/recover-20220922/UBNA_001/20220921_090000.WAV,Telephone Field,recover-20220922,001,1795
1467.8515,1467.8626,22890,28284,Nyctalus leisleri,0.012,0.026,-1,Echolocation,/mnt/ubna_data_02_mir/recover-20220922/UBNA_001/20220921_090000.WAV,Telephone Field,recover-20220922,001,1795
1467.8795,1467.8864,27187,38993,Eptesicus serotinus,0.006,0.021,-1,Echolocation,/mnt/ubna_data_02_mir/recover-20220922/UBNA_001/20220921_090000.WAV,Telephone Field,recover-20220922,001,1795
1467.8935,1467.9329,68437,82497,Rhinolophus ferrumequinum,0.032,0.032,-1,Echolocation,/mnt/ubna_data_02_mir/recover-20220922/UBNA_001/20220921_090000.WAV,Telephone Field,recover-20220922,001,1795
1467.9225,1467.9623,68437,82633,Rhinolophus ferrumequinum,0.024,0.024,-1,Echolocation,/mnt/ubna_data_02_mir/recover-20220922/UBNA_001/20220921_090000.WAV,Telephone Field,recover-20220922,001,1795
1467.9235,1467.9306,47812,55259,Pipistrellus pipistrellus,0.023,0.025,-1,Echolocation,/mnt/ubna_data_02_mir/recover-20220922/UBNA_001/20220921_090000.WAV,Telephone Field,recover-20220922,001,1795
1467.9295,1467.9418,26328,32693,Eptesicus serotinus,0.015,0.031,-1,Echolocation,/mnt/ubna_data_02_mir/recover-20220922/UBNA_001/20220921_090000.WAV,Telephone Field,recover-20220922,001,1795
1467.9525,1467.9891,68437,82071,Rhinolophus ferrumequinum,0.021,0.021,-1,Echolocation,/mnt/ubna_data_02_mir/recover-20220922/UBNA_001/20220921_090000.WAV,Telephone Field,recover-20220922,001,1795
1467.9605,1467.973,44375,47047,Pipistrellus pipistrellus,0.035,0.039,-1,Echolocation,/mnt/ubna_data_02_mir/recover-20220922/UBNA_001/20220921_090000.WAV,Telephone Field,recover-20220922,001,1795
1467.9635,1467.972,23750,32010,Plecotus austriacus,0.009,0.025,-1,Echolocation,/mnt/ubna_data_02_mir/recover-20220922/UBNA_001/20220921_090000.WAV,Telephone Field,recover-20220922,001,1795
1467.9795,1467.9874,28046,38042,Eptesicus serotinus,0.007,0.022,-1,Echolocation,/mnt/ubna_data_02_mir/recover-20220922/UBNA_001/20220921_090000.WAV,Telephone Field,recover-20220922,001,1795
1468.0015,1468.0119,38359,44419,Pipistrellus nathusii,0.012,0.025,-1,Echolocation,/mnt/ubna_data_02_mir/recover-20220922/UBNA_001/20220921_090000.WAV,Telephone Field,recover-20220922,001,1795
1468.0015,1468.0123,24609,30926,Nyctalus leisleri,0.016,0.036,-1,Echolocation,/mnt/ubna_data_02_mir/recover-20220922/UBNA_001/20220921_090000.WAV,Telephone Field,recover-20220922,001,1795
1468.0015,1468.0348,68437,79485,Rhinolophus ferrumequinum,0.031,0.032,-1,Echolocation,/mnt/ubna_data_02_mir/recover-20220922/UBNA_001/20220921_090000.WAV,Telephone Field,recover-20220922,001,1795
1468.1135,1468.1488,68437,81602,Rhinolophus ferrumequinum,0.029,0.03,-1,Echolocation,/mnt/ubna_data_02_mir/recover-20220922/UBNA_001/20220921_090000.WAV,Telephone Field,recover-20220922,001,1795
1468.1415,1468.1815,68437,82624,Rhinolophus ferrumequinum,0.026,0.026,-1,Echolocation,/mnt/ubna_data_02_mir/recover-20220922/UBNA_001/20220921_090000.WAV,Telephone Field,recover-20220922,001,1795
1468.1435,1468.1499,27187,39467,Plecotus auritus,0.01,0.038,-1,Echolocation,/mnt/ubna_data_02_mir/recover-20220922/UBNA_001/20220921_090000.WAV,Telephone Field,recover-20220922,001,1795
1468.1525,1468.1611,26328,36417,Eptesicus serotinus,0.008,0.022,-1,Echolocation,/mnt/ubna_data_02_mir/recover-20220922/UBNA_001/20220921_090000.WAV,Telephone Field,recover-20220922,001,1795
1468.1745,1468.2165,68437,82902,Rhinolophus ferrumequinum,0.029,0.029,-1,Echolocation,/mnt/ubna_data_02_mir/recover-20220922/UBNA_001/20220921_090000.WAV,Telephone Field,recover-20220922,001,1795
1468.1915,1468.2034,22890,26891,Nyctalus leisleri,0.014,0.024,-1,Echolocation,/mnt/ubna_data_02_mir/recover-20220922/UBNA_001/20220921_090000.WAV,Telephone Field,recover-20220922,001,1795
1468.2135,1468.2252,24609,30740,Nyctalus leisleri,0.013,0.031,-1,Echolocation,/mnt/ubna_data_02_mir/recover-20220922/UBNA_001/20220921_090000.WAV,Telephone Field,recover-20220922,001,1795
1468.2155,1468.2557,68437,82485,Rhinolophus ferrumequinum,0.025,0.025,-1,Echolocation,/mnt/ubna_data_02_mir/recover-20220922/UBNA_001/20220921_090000.WAV,Telephone Field,recover-20220922,001,1795
1468.2435,1468.2545,28906,36105,Eptesicus serotinus,0.012,0.025,-1,Echolocation,/mnt/ubna_data_02_mir/recover-20220922/UBNA_001/20220921_090000.WAV,Telephone Field,recover-20220922,001,1795
1468.2455,1468.288,68437,82819,Rhinolophus ferrumequinum,0.036,0.036,-1,Echolocation,/mnt/ubna_data_02_mir/recover-20220922/UBNA_001/20220921_090000.WAV,Telephone Field,recover-20220922,001,1795
1468.2535,1468.2636,51250,56232,Pipistrellus pipistrellus,0.013,0.024,-1,Echolocation,/mnt/ubna_data_02_mir/recover-20220922/UBNA_001/20220921_090000.WAV,Telephone Field,recover-20220922,001,1795
1468.2655,1468.306,68437,82818,Rhinolophus ferrumequinum,0.03,0.03,-1,Echolocation,/mnt/ubna_data_02_mir/recover-20220922/UBNA_001/20220921_090000.WAV,Telephone Field,recover-20220922,001,1795
1468.2675,1468.277,28906,36100,Eptesicus serotinus,0.009,0.023,-1,Echolocation,/mnt/ubna_data_02_mir/recover-20220922/UBNA_001/20220921_090000.WAV,Telephone Field,recover-20220922,001,1795
1468.2835,1468.3248,68437,82863,Rhinolophus ferrumequinum,0.027,0.027,-1,Echolocation,/mnt/ubna_data_02_mir/recover-20220922/UBNA_001/20220921_090000.WAV,Telephone Field,recover-20220922,001,1795
1468.3215,1468.3287,27187,41685,Eptesicus serotinus,0.007,0.025,-1,Echolocation,/mnt/ubna_data_02_mir/recover-20220922/UBNA_001/20220921_090000.WAV,Telephone Field,recover-20220922,001,1795
1468.3235,1468.3643,68437,82427,Rhinolophus ferrumequinum,0.022,0.022,-1,Echolocation,/mnt/ubna_data_02_mir/recover-20220922/UBNA_001/20220921_090000.WAV,Telephone Field,recover-20220922,001,1795
1468.3405,1468.3518,24609,30996,Nyctalus leisleri,0.013,0.031,-1,Echolocation,/mnt/ubna_data_02_mir/recover-20220922/UBNA_001/20220921_090000.WAV,Telephone Field,recover-20220922,001,1795
1468.3445,1468.3824,68437,81941,Rhinolophus ferrumequinum,0.023,0.023,-1,Echolocation,/mnt/ubna_data_02_mir/recover-20220922/UBNA_001/20220921_090000.WAV,Telephone Field,recover-20220922,001,1795
1468.3625,1468.385,18593,22124,Nyctalus noctula,0.026,0.04,-1,Echolocation,/mnt/ubna_data_02_mir/recover-20220922/UBNA_001/20220921_090000.WAV,Telephone Field,recover-20220922,001,1795
1468.3715,1468.3792,27187,37239,Eptesicus serotinus,0.006,0.022,-1,Echolocation,/mnt/ubna_data_02_mir/recover-20220922/UBNA_001/20220921_090000.WAV,Telephone Field,recover-20220922,001,1795
1468.3905,1468.4256,68437,81202,Rhinolophus ferrumequinum,0.022,0.022,-1,Echolocation,/mnt/ubna_data_02_mir/recover-20220922/UBNA_001/20220921_090000.WAV,Telephone Field,recover-20220922,001,1795
1468.4235,1468.4338,27187,35472,Eptesicus serotinus,0.01,0.023,-1,Echolocation,/mnt/ubna_data_02_mir/recover-20220922/UBNA_001/20220921_090000.WAV,Telephone Field,recover-20220922,001,1795
1468.4285,1468.466,68437,81846,Rhinolophus ferrumequinum,0.023,0.023,-1,Echolocation,/mnt/ubna_data_02_mir/recover-20220922/UBNA_001/20220921_090000.WAV,Telephone Field,recover-20220922,001,1795
1468.4325,1468.4409,26328,35044,Eptesicus serotinus,0.009,0.024,-1,Echolocation,/mnt/ubna_data_02_mir/recover-20220922/UBNA_001/20220921_090000.WAV,Telephone Field,recover-20220922,001,1795
1468.4465,1468.4836,68437,81277,Rhinolophus ferrumequinum,0.026,0.026,-1,Echolocation,/mnt/ubna_data_02_mir/recover-20220922/UBNA_001/20220921_090000.WAV,Telephone Field,recover-20220922,001,1795
1468.4905,1468.4968,24609,41471,Myotis nattereri,0.008,0.026,-1,Echolocation,/mnt/ubna_data_02_mir/recover-20220922/UBNA_001/20220921_090000.WAV,Telephone Field,recover-20220922,001,1795
1468.4925,1468.5331,68437,82988,Rhinolophus ferrumequinum,0.026,0.026,-1,Echolocation,/mnt/ubna_data_02_mir/recover-20220922/UBNA_001/20220921_090000.WAV,Telephone Field,recover-20220922,001,1795
1468.5035,1468.5141,25468,32047,Eptesicus serotinus,0.012,0.027,-1,Echolocation,/mnt/ubna_data_02_mir/recover-20220922/UBNA_001/20220921_090000.WAV,Telephone Field,recover-20220922,001,1795
1468.5195,1468.5593,68437,82828,Rhinolophus ferrumequinum,0.028,0.028,-1,Echolocation,/mnt/ubna_data_02_mir/recover-20220922/UBNA_001/20220921_090000.WAV,Telephone Field,recover-20220922,001,1795
1468.5415,1468.5764,68437,81232,Rhinolophus ferrumequinum,0.022,0.022,-1,Echolocation,/mnt/ubna_data_02_mir/recover-20220922/UBNA_001/20220921_090000.WAV,Telephone Field,recover-20220922,001,1795
1468.5675,1468.6015,68437,81180,Rhinolophus ferrumequinum,0.022,0.022,-1,Echolocation,/mnt/ubna_data_02_mir/recover-20220922/UBNA_001/20220921_090000.WAV,Telephone Field,recover-20220922,001,1795
1468.5995,1468.6411,68437,83167,Rhinolophus ferrumequinum,0.024,0.024,-1,Echolocation,/mnt/ubna_data_02_mir/recover-20220922/UBNA_001/20220921_090000.WAV,Telephone Field,recover-20220922,001,1795
1468.6125,1468.6533,68437,82649,Rhinolophus ferrumequinum,0.028,0.028,-1,Echolocation,/mnt/ubna_data_02_mir/recover-20220922/UBNA_001/20220921_090000.WAV,Telephone Field,recover-20220922,001,1795
1468.6495,1468.6594,47812,53238,Pipistrellus pipistrellus,0.028,0.03,-1,Echolocation,/mnt/ubna_data_02_mir/recover-20220922/UBNA_001/20220921_090000.WAV,Telephone Field,recover-20220922,001,1795
1468.6735,1468.7123,68437,82250,Rhinolophus ferrumequinum,0.022,0.022,-1,Echolocation,/mnt/ubna_data_02_mir/recover-20220922/UBNA_001/20220921_090000.WAV,Telephone Field,recover-20220922,001,1795
1468.6875,1468.7265,68437,82376,Rhinolophus ferrumequinum,0.024,0.024,-1,Echolocation,/mnt/ubna_data_02_mir/recover-20220922/UBNA_001/20220921_090000.WAV,Telephone Field,recover-20220922,001,1795
1468.7005,1468.7362,68437,80896,Rhinolophus ferrumequinum,0.023,0.023,-1,Echolocation,/mnt/ubna_data_02_mir/recover-20220922/UBNA_001/20220921_090000.WAV,Telephone Field,recover-20220922,001,1795
1468.7325,1468.7713,68437,82397,Rhinolophus ferrumequinum,0.028,0.028,-1,Echolocation,/mnt/ubna_data_02_mir/recover-20220922/UBNA_001/20220921_090000.WAV,Telephone Field,recover-20220922,001,1795
1468.7365,1468.7474,23750,29292,Nyctalus leisleri,0.01,0.023,-1,Echolocation,/mnt/ubna_data_02_mir/recover-20220922/UBNA_001/20220921_090000.WAV,Telephone Field,recover-20220922,001,1795
1468.7435,1468.7842,68437,82665,Rhinolophus ferrumequinum,0.023,0.023,-1,Echolocation,/mnt/ubna_data_02_mir/recover-20220922/UBNA_001/20220921_090000.WAV,Telephone Field,recover-20220922,001,1795
1468.7515,1468.7946,68437,83093,Rhinolophus ferrumequinum,0.027,0.027,-1,Echolocation,/mnt/ubna_data_02_mir/recover-20220922/UBNA_001/20220921_090000.WAV,Telephone Field,recover-20220922,001,1795
1468.7625,1468.8019,68437,82356,Rhinolophus ferrumequinum,0.022,0.022,-1,Echolocation,/mnt/ubna_data_02_mir/recover-20220922/UBNA_001/20220921_090000.WAV,Telephone Field,recover-20220922,001,1795
1468.7735,1468.8074,68437,80926,Rhinolophus ferrumequinum,0.025,0.025,-1,Echolocation,/mnt/ubna_data_02_mir/recover-20220922/UBNA_001/20220921_090000.WAV,Telephone Field,recover-20220922,001,1795
1468.8445,1468.8835,68437,82377,Rhinolophus ferrumequinum,0.022,0.022,-1,Echolocation,/mnt/ubna_data_02_mir/recover-20220922/UBNA_001/20220921_090000.WAV,Telephone Field,recover-20220922,001,1795
1468.8635,1468.8712,45234,49044,Pipistrellus pipistrellus,0.022,0.023,-1,Echolocation,/mnt/ubna_data_02_mir/recover-20220922/UBNA_001/20220921_090000.WAV,Telephone Field,recover-20220922,001,1795
1468.8715,1468.8823,25468,31221,Eptesicus serotinus,0.013,0.036,-1,Echolocation,/mnt/ubna_data_02_mir/recover-20220922/UBNA_001/20220921_090000.WAV,Telephone Field,recover-20220922,001,1795
1468.9185,1468.9275,27187,38843,Eptesicus serotinus,0.009,0.023,-1,Echolocation,/mnt/ubna_data_02_mir/recover-20220922/UBNA_001/20220921_090000.WAV,Telephone Field,recover-20220922,001,1795
1468.9605,1468.9689,30625,38141,Barbastellus barbastellus,0.01,0.028,-1,Echolocation,/mnt/ubna_data_02_mir/recover-20220922/UBNA_001/20220921_090000.WAV,Telephone Field,recover-20220922,001,1795
1468.9615,1469.0002,68437,81999,Rhinolophus ferrumequinum,0.024,0.024,-1,Echolocation,/mnt/ubna_data_02_mir/recover-20220922/UBNA_001/20220921_090000.WAV,Telephone Field,recover-20220922,001,1795
1468.9815,1469.0202,68437,81914,Rhinolophus ferrumequinum,0.032,0.032,-1,Echolocation,/mnt/ubna_data_02_mir/recover-20220922/UBNA_001/20220921_090000.WAV,Telephone Field,recover-20220922,001,1795
1469.0035,1469.0124,23750,31595,Plecotus austriacus,0.008,0.023,-1,Echolocation,/mnt/ubna_data_02_mir/recover-20220922/UBNA_001/20220921_090000.WAV,Telephone Field,recover-20220922,001,1795
1469.0065,1469.0463,68437,81797,Rhinolophus ferrumequinum,0.039,0.039,-1,Echolocation,/mnt/ubna_data_02_mir/recover-20220922/UBNA_001/20220921_090000.WAV,Telephone Field,recover-20220922,001,1795
1469.0275,1469.0361,28906,37483,Eptesicus serotinus,0.009,0.024,-1,Echolocation,/mnt/ubna_data_02_mir/recover-20220922/UBNA_001/20220921_090000.WAV,Telephone Field,recover-20220922,001,1795
1469.0535,1469.0636,28046,35321,Eptesicus serotinus,0.01,0.024,-1,Echolocation,/mnt/ubna_data_02_mir/recover-20220922/UBNA_001/20220921_090000.WAV,Telephone Field,recover-20220922,001,1795
1469.0625,1469.0708,28046,36671,Eptesicus serotinus,0.009,0.025,-1,Echolocation,/mnt/ubna_data_02_mir/recover-20220922/UBNA_001/20220921_090000.WAV,Telephone Field,recover-20220922,001,1795
1469.0785,1469.1178,68437,82177,Rhinolophus ferrumequinum,0.024,0.024,-1,Echolocation,/mnt/ubna_data_02_mir/recover-20220922/UBNA_001/20220921_090000.WAV,Telephone Field,recover-20220922,001,1795
1469.1245,1469.1382,22031,26029,Nyctalus leisleri,0.017,0.029,-1,Echolocation,/mnt/ubna_data_02_mir/recover-20220922/UBNA_001/20220921_090000.WAV,Telephone Field,recover-20220922,001,1795
1469.1435,1469.1518,28046,37075,Eptesicus serotinus,0.008,0.024,-1,Echolocation,/mnt/ubna_data_02_mir/recover-20220922/UBNA_001/20220921_090000.WAV,Telephone Field,recover-20220922,001,1795
1469.1605,1469.1734,22031,26320,Nyctalus leisleri,0.011,0.024,-1,Echolocation,/mnt/ubna_data_02_mir/recover-20220922/UBNA_001/20220921_090000.WAV,Telephone Field,recover-20220922,001,1795
1469.1795,1469.2208,68437,82519,Rhinolophus ferrumequinum,0.022,0.022,-1,Echolocation,/mnt/ubna_data_02_mir/recover-20220922/UBNA_001/20220921_090000.WAV,Telephone Field,recover-20220922,001,1795
1469.1835,1469.1904,24609,33756,Plecotus austriacus,0.009,0.025,-1,Echolocation,/mnt/ubna_data_02_mir/recover-20220922/UBNA_001/20220921_090000.WAV,Telephone Field,recover-20220922,001,1795
1469.2175,1469.2611,68437,83356,Rhinolophus ferrumequinum,0.047,0.047,-1,Echolocation,/mnt/ubna_data_02_mir/recover-20220922/UBNA_001/20220921_090000.WAV,Telephone Field,recover-20220922,001,1795
1469.2465,1469.2863,68437,82650,Rhinolophus ferrumequinum,0.023,0.023,-1,Echolocation,/mnt/ubna_data_02_mir/recover-20220922/UBNA_001/20220921_090000.WAV,Telephone Field,recover-20220922,001,1795
1469.2605,1469.3012,68437,82194,Rhinolophus ferrumequinum,0.029,0.03,-1,Echolocation,/mnt/ubna_data_02_mir/recover-20220922/UBNA_001/20220921_090000.WAV,Telephone Field,recover-20220922,001,1795
1469.2675,1469.2785,26328,34064,Eptesicus serotinus,0.016,0.03,-1,Echolocation,/mnt/ubna_data_02_mir/recover-20220922/UBNA_001/20220921_090000.WAV,Telephone Field,recover-20220922,001,1795
1469.2825,1469.3198,68437,82798,Rhinolophus ferrumequinum,0.024,0.024,-1,Echolocation,/mnt/ubna_data_02_mir/recover-20220922/UBNA_001/20220921_090000.WAV,Telephone Field,recover-20220922,001,1795
1469.2865,1469.2927,28906,37866,Eptesicus serotinus,0.006,0.024,-1,Echolocation,/mnt/ubna_data_02_mir/recover-20220922/UBNA_001/20220921_090000.WAV,Telephone Field,recover-20220922,001,1795
1469.3105,1469.3502,68437,82080,Rhinolophus ferrumequinum,0.022,0.022,-1,Echolocation,/mnt/ubna_data_02_mir/recover-20220922/UBNA_001/20220921_090000.WAV,Telephone Field,recover-20220922,001,1795
1469.3475,1469.3847,68437,82116,Rhinolophus ferrumequinum,0.023,0.023,-1,Echolocation,/mnt/ubna_data_02_mir/recover-20220922/UBNA_001/20220921_090000.WAV,Telephone Field,recover-20220922,001,1795
1469.3525,1469.3592,13437,29050,Plecotus auritus,0.024,0.025,-1,Echolocation,/mnt/ubna_data_02_mir/recover-20220922/UBNA_001/20220921_090000.WAV,Telephone Field,recover-20220922,001,1795
1469.3525,1469.3909,68437,81996,Rhinolophus ferrumequinum,0.022,0.022,-1,Echolocation,/mnt/ubna_data_02_mir/recover-20220922/UBNA_001/20220921_090000.WAV,Telephone Field,recover-20220922,001,1795
1469.3995,1469.4069,23750,32244,Plecotus austriacus,0.008,0.021,-1,Echolocation,/mnt/ubna_data_02_mir/recover-20220922/UBNA_001/20220921_090000.WAV,Telephone Field,recover-20220922,001,1795
1469.4095,1469.4187,28906,37688,Eptesicus serotinus,0.008,0.022,-1,Echolocation,/mnt/ubna_data_02_mir/recover-20220922/UBNA_001/20220921_090000.WAV,Telephone Field,recover-20220922,001,1795
1469.4135,1469.4535,68437,82931,Rhinolophus ferrumequinum,0.024,0.024,-1,Echolocation,/mnt/ubna_data_02_mir/recover-20220922/UBNA_001/20220921_090000.WAV,Telephone Field,recover-20220922,001,1795
1469.4515,1469.4627,25468,31823,Eptesicus serotinus,0.013,0.034,-1,Echolocation,/mnt/ubna_data_02_mir/recover-20220922/UBNA_001/20220921_090000.WAV,Telephone Field,recover-20220922,001,1795
1469.4695,1469.4789,28046,37215,Eptesicus serotinus,0.01,0.024,-1,Echolocation,/mnt/ubna_data_02_mir/recover-20220922/UBNA_001/20220921_090000.WAV,Telephone Field,recover-20220922,001,1795
1469.5075,1469.516,29765,41872,Myotis daubentonii,0.007,0.022,-1,Echolocation,/mnt/ubna_data_02_mir/recover-20220922/UBNA_001/20220921_090000.WAV,Telephone Field,recover-20220922,001,1795
1469.5225,1469.5311,28046,35882,Eptesicus serotinus,0.012,0.029,-1,Echolocation,/mnt/ubna_data_02_mir/recover-20220922/UBNA_001/20220921_090000.WAV,Telephone Field,recover-20220922,001,1795
1469.5255,1469.5667,68437,83044,Rhinolophus ferrumequinum,0.025,0.025,-1,Echolocation,/mnt/ubna_data_02_mir/recover-20220922/UBNA_001/20220921_090000.WAV,Telephone Field,recover-20220922,001,1795
1469.5425,1469.5535,28906,36757,Eptesicus serotinus,0.013,0.027,-1,Echolocation,/mnt/ubna_data_02_mir/recover-20220922/UBNA_001/20220921_090000.WAV,Telephone Field,recover-20220922,001,1795
1469.5605,1469.5937,68437,80543,Rhinolophus ferrumequinum,0.027,0.028,-1,Echolocation,/mnt/ubna_data_02_mir/recover-20220922/UBNA_001/20220921_090000.WAV,Telephone Field,recover-20220922,001,1795
1469.5805,1469.5918,25468,32457,Eptesicus serotinus,0.016,0.037,-1,Echolocation,/mnt/ubna_data_02_mir/recover-20220922/UBNA_001/20220921_090000.WAV,Telephone Field,recover-20220922,001,1795
1469.6055,1469.6475,68437,83824,Rhinolophus ferrumequinum,0.045,0.045,-1,Echolocation,/mnt/ubna_data_02_mir/recover-20220922/UBNA_001/20220921_090000.WAV,Telephone Field,recover-20220922,001,1795
1469.6445,1469.6843,68437,82125,Rhinolophus ferrumequinum,0.022,0.022,-1,Echolocation,/mnt/ubna_data_02_mir/recover-20220922/UBNA_001/20220921_090000.WAV,Telephone Field,recover-20220922,001,1795
1469.6805,1469.7163,68437,81687,Rhinolophus ferrumequinum,0.023,0.023,-1,Echolocation,/mnt/ubna_data_02_mir/recover-20220922/UBNA_001/20220921_090000.WAV,Telephone Field,recover-20220922,001,1795
1469.7085,1469.7489,68437,82808,Rhinolophus ferrumequinum,0.024,0.024,-1,Echolocation,/mnt/ubna_data_02_mir/recover-20220922/UBNA_001/20220921_090000.WAV,Telephone Field,recover-20220922,001,1795
1469.7145,1469.7247,22890,28726,Nyctalus leisleri,0.009,0.021,-1,Echolocation,/mnt/ubna_data_02_mir/recover-20220922/UBNA_001/20220921_090000.WAV,Telephone Field,recover-20220922,001,1795
1469.7265,1469.7389,23750,29106,Nyctalus leisleri,0.012,0.026,-1,Echolocation,/mnt/ubna_data_02_mir/recover-20220922/UBNA_001/20220921_090000.WAV,Telephone Field,recover-20220922,001,1795
1469.7315,1469.7736,68437,82196,Rhinolophus ferrumequinum,0.023,0.023,-1,Echolocation,/mnt/ubna_data_02_mir/recover-20220922/UBNA_001/20220921_090000.WAV,Telephone Field,recover-20220922,001,1795
1469.7365,1469.7453,28906,38757,Eptesicus serotinus,0.009,0.025,-1,Echolocation,/mnt/ubna_data_02_mir/recover-20220922/UBNA_001/20220921_090000.WAV,Telephone Field,recover-20220922,001,1795
1469.7795,1469.7877,24609,31936,Plecotus austriacus,0.006,0.022,-1,Echolocation,/mnt/ubna_data_02_mir/recover-20220922/UBNA_001/20220921_090000.WAV,Telephone Field,recover-20220922,001,1795
1469.7985,1469.8372,68437,82507,Rhinolophus ferrumequinum,0.024,0.024,-1,Echolocation,/mnt/ubna_data_02_mir/recover-20220922/UBNA_001/20220921_090000.WAV,Telephone Field,recover-20220922,001,1795
1469.8065,1469.8482,68437,82512,Rhinolophus ferrumequinum,0.022,0.023,-1,Echolocation,/mnt/ubna_data_02_mir/recover-20220922/UBNA_001/20220921_090000.WAV,Telephone Field,recover-20220922,001,1795
1469.8275,1469.8669,68437,82001,Rhinolophus ferrumequinum,0.022,0.022,-1,Echolocation,/mnt/ubna_data_02_mir/recover-20220922/UBNA_001/20220921_090000.WAV,Telephone Field,recover-20220922,001,1795
1469.8405,1469.8474,32343,46063,Myotis daubentonii,0.008,0.024,-1,Echolocation,/mnt/ubna_data_02_mir/recover-20220922/UBNA_001/20220921_090000.WAV,Telephone Field,recover-20220922,001,1795
1469.8415,1469.85,28046,41899,Eptesicus serotinus,0.009,0.023,-1,Echolocation,/mnt/ubna_data_02_mir/recover-20220922/UBNA_001/20220921_090000.WAV,Telephone Field,recover-20220922,001,1795
1469.8525,1469.8913,68437,82863,Rhinolophus ferrumequinum,0.022,0.022,-1,Echolocation,/mnt/ubna_data_02_mir/recover-20220922/UBNA_001/20220921_090000.WAV,Telephone Field,recover-20220922,001,1795
1469.8635,1469.8702,27187,40285,Eptesicus serotinus,0.015,0.041,-1,Echolocation,/mnt/ubna_data_02_mir/recover-20220922/UBNA_001/20220921_090000.WAV,Telephone Field,recover-20220922,001,1795
1469.8915,1469.9012,28046,36129,Eptesicus serotinus,0.009,0.022,-1,Echolocation,/mnt/ubna_data_02_mir/recover-20220922/UBNA_001/20220921_090000.WAV,Telephone Field,recover-20220922,001,1795
1469.9025,1469.9179,20312,23599,Nyctalus leisleri,0.011,0.023,-1,Echolocation,/mnt/ubna_data_02_mir/recover-20220922/UBNA_001/20220921_090000.WAV,Telephone Field,recover-20220922,001,1795
1469.9275,1469.9651,68437,81785,Rhinolophus ferrumequinum,0.022,0.022,-1,Echolocation,/mnt/ubna_data_02_mir/recover-20220922/UBNA_001/20220921_090000.WAV,Telephone Field,recover-20220922,001,1795
1469.9465,1469.984,68437,82164,Rhinolophus ferrumequinum,0.025,0.025,-1,Echolocation,/mnt/ubna_data_02_mir/recover-20220922/UBNA_001/20220921_090000.WAV,Telephone Field,recover-20220922,001,1795
1469.9485,1469.956,28046,40760,Eptesicus serotinus,0.008,0.022,-1,Echolocation,/mnt/ubna_data_02_mir/recover-20220922/UBNA_001/20220921_090000.WAV,Telephone Field,recover-20220922,001,1795
1470.0015,1470.0138,21171,25461,Nyctalus leisleri,0.011,0.023,-1,Echolocation,/mnt/ubna_data_02_mir/recover-20220922/UBNA_001/20220921_090000.WAV,Telephone Field,recover-20220922,001,1795
1470.0015,1470.0106,47812,53792,Pipistrellus pipistrellus,0.021,0.025,-1,Echolocation,/mnt/ubna_data_02_mir/recover-20220922/UBNA_001/20220921_090000.WAV,Telephone Field,recover-20220922,001,1795
1470.0015,1470.0334,70156,82324,Rhinolophus ferrumequinum,0.022,0.022,-1,Echolocation,/mnt/ubna_data_02_mir/recover-20220922/UBNA_001/20220921_090000.WAV,Telephone Field,recover-20220922,001,1795
1470.0025,1470.013,29765,36222,Eptesicus serotinus,0.008,0.024,-1,Echolocation,/mnt/ubna_data_02_mir/recover-20220922/UBNA_001/20220921_090000.WAV,Telephone Field,recover-20220922,001,1795
1470.0375,1470.0782,68437,82655,Rhinolophus ferrumequinum,0.03,0.03,-1,Echolocation,/mnt/ubna_data_02_mir/recover-20220922/UBNA_001/20220921_090000.WAV,Telephone Field,recover-20220922,001,1795
1470.0455,1470.0526,27187,39643,Eptesicus serotinus,0.006,0.021,-1,Echolocation,/mnt/ubna_data_02_mir/recover-20220922/UBNA_001/20220921_090000.WAV,Telephone Field,recover-20220922,001,1795
1470.0905,1470.097,28046,39052,Eptesicus serotinus,0.006,0.024,-1,Echolocation,/mnt/ubna_data_02_mir/recover-20220922/UBNA_001/20220921_090000.WAV,Telephone Field,recover-20220922,001,1795
1470.1165,1470.1547,68437,82416,Rhinolophus ferrumequinum,0.028,0.028,-1,Echolocation,/mnt/ubna_data_02_mir/recover-20220922/UBNA_001/20220921_090000.WAV,Telephone Field,recover-20220922,001,1795
1470.1185,1470.1279,28046,36408,Eptesicus serotinus,0.008,0.021,-1,Echolocation,/mnt/ubna_data_02_mir/recover-20220922/UBNA_001/20220921_090000.WAV,Telephone Field,recover-20220922,001,1795
1470.1395,1470.1806,68437,82306,Rhinolophus ferrumequinum,0.027,0.027,-1,Echolocation,/mnt/ubna_data_02_mir/recover-20220922/UBNA_001/20220921_090000.WAV,Telephone Field,recover-20220922,001,1795
1470.1475,1470.1547,24609,33587,Plecotus austriacus,0.008,0.023,-1,Echolocation,/mnt/ubna_data_02_mir/recover-20220922/UBNA_001/20220921_090000.WAV,Telephone Field,recover-20220922,001,1795
1470.1545,1470.1938,68437,81911,Rhinolophus ferrumequinum,0.022,0.022,-1,Echolocation,/mnt/ubna_data_02_mir/recover-20220922/UBNA_001/20220921_090000.WAV,Telephone Field,recover-20220922,001,1795
1470.1795,1470.1875,28046,40564,Eptesicus serotinus,0.008,0.023,-1,Echolocation,/mnt/ubna_data_02_mir/recover-20220922/UBNA_001/20220921_090000.WAV,Telephone Field,recover-20220922,001,1795
1470.1815,1470.2252,68437,82457,Rhinolophus ferrumequinum,0.03,0.03,-1,Echolocation,/mnt/ubna_data_02_mir/recover-20220922/UBNA_001/20220921_090000.WAV,Telephone Field,recover-20220922,001,1795
1470.2075,1470.2169,26328,35002,Eptesicus serotinus,0.015,0.038,-1,Echolocation,/mnt/ubna_data_02_mir/recover-20220922/UBNA_001/20220921_090000.WAV,Telephone Field,recover-20220922,001,1795
1470.2235,1470.2321,28906,37280,Eptesicus serotinus,0.006,0.021,-1,Echolocation,/mnt/ubna_data_02_mir/recover-20220922/UBNA_001/20220921_090000.WAV,Telephone Field,recover-20220922,001,1795
1470.2505,1470.2615,22890,28050,Nyctalus leisleri,0.01,0.021,-1,Echolocation,/mnt/ubna_data_02_mir/recover-20220922/UBNA_001/20220921_090000.WAV,Telephone Field,recover-20220922,001,1795
1470.2625,1470.2732,27187,33831,Eptesicus serotinus,0.01,0.021,-1,Echolocation,/mnt/ubna_data_02_mir/recover-20220922/UBNA_001/20220921_090000.WAV,Telephone Field,recover-20220922,001,1795
1470.3175,1470.3359,20312,23175,Nyctalus leisleri,0.014,0.023,-1,Echolocation,/mnt/ubna_data_02_mir/recover-20220922/UBNA_001/20220921_090000.WAV,Telephone Field,recover-20220922,001,1795
1470.3385,1470.3803,68437,82376,Rhinolophus ferrumequinum,0.021,0.021,-1,Echolocation,/mnt/ubna_data_02_mir/recover-20220922/UBNA_001/20220921_090000.WAV,Telephone Field,recover-20220922,001,1795
1470.3415,1470.3506,46953,53605,Pipistrellus pipistrellus,0.02,0.022,-1,Echolocation,/mnt/ubna_data_02_mir/recover-20220922/UBNA_001/20220921_090000.WAV,Telephone Field,recover-20220922,001,1795
1470.3505,1470.3603,22031,27591,Nyctalus leisleri,0.008,0.023,-1,Echolocation,/mnt/ubna_data_02_mir/recover-20220922/UBNA_001/20220921_090000.WAV,Telephone Field,recover-20220922,001,1795
1470.3785,1470.3913,22031,25958,Nyctalus leisleri,0.012,0.022,-1,Echolocation,/mnt/ubna_data_02_mir/recover-20220922/UBNA_001/20220921_090000.WAV,Telephone Field,recover-20220922,001,1795
1470.3805,1470.3891,51250,56298,Pipistrellus pipistrellus,0.03,0.035,-1,Echolocation,/mnt/ubna_data_02_mir/recover-20220922/UBNA_001/20220921_090000.WAV,Telephone Field,recover-20220922,001,1795
1470.4015,1470.4384,68437,81140,Rhinolophus ferrumequinum,0.021,0.021,-1,Echolocation,/mnt/ubna_data_02_mir/recover-20220922/UBNA_001/20220921_090000.WAV,Telephone Field,recover-20220922,001,1795
1470.4365,1470.4799,68437,82567,Rhinolophus ferrumequinum,0.025,0.025,-1,Echolocation,/mnt/ubna_data_02_mir/recover-20220922/UBNA_001/20220921_090000.WAV,Telephone Field,recover-20220922,001,1795
1470.4675,1470.475,28046,43349,Eptesicus serotinus,0.007,0.022,-1,Echolocation,/mnt/ubna_data_02_mir/recover-20220922/UBNA_001/20220921_090000.WAV,Telephone Field,recover-20220922,001,1795
1470.4885,1470.5012,31484,36624,Eptesicus serotinus,0.014,0.037,-1,Echolocation,/mnt/ubna_data_02_mir/recover-20220922/UBNA_001/20220921_090000.WAV,Telephone Field,recover-20220922,001,1795
1470.4935,1470.5036,22031,27272,Nyctalus leisleri,0.011,0.023,-1,Echolocation,/mnt/ubna_data_02_mir/recover-20220922/UBNA_001/20220921_090000.WAV,Telephone Field,recover-20220922,001,1795
1470.4955,1470.5354,68437,81914,Rhinolophus ferrumequinum,0.022,0.022,-1,Echolocation,/mnt/ubna_data_02_mir/recover-20220922/UBNA_001/20220921_090000.WAV,Telephone Field,recover-20220922,001,1795
1470.5205,1470.5332,57265,62513,Pipistrellus pygmaeus,0.025,0.025,-1,Echolocation,/mnt/ubna_data_02_mir/recover-20220922/UBNA_001/20220921_090000.WAV,Telephone Field,recover-20220922,001,1795
1470.5455,1470.5519,46953,51908,Pipistrellus pipistrellus,0.02,0.021,-1,Echolocation,/mnt/ubna_data_02_mir/recover-20220922/UBNA_001/20220921_090000.WAV,Telephone Field,recover-20220922,001,1795
1470.5975,1470.603,34921,43728,Myotis daubentonii,0.011,0.028,-1,Echolocation,/mnt/ubna_data_02_mir/recover-20220922/UBNA_001/20220921_090000.WAV,Telephone Field,recover-20220922,001,1795
1470.5985,1470.6048,27187,41010,Eptesicus serotinus,0.006,0.027,-1,Echolocation,/mnt/ubna_data_02_mir/recover-20220922/UBNA_001/20220921_090000.WAV,Telephone Field,recover-20220922,001,1795
1470.6105,1470.6218,22890,28017,Nyctalus leisleri,0.015,0.034,-1,Echolocation,/mnt/ubna_data_02_mir/recover-20220922/UBNA_001/20220921_090000.WAV,Telephone Field,recover-20220922,001,1795
1470.6305,1470.6659,68437,81068,Rhinolophus ferrumequinum,0.021,0.021,-1,Echolocation,/mnt/ubna_data_02_mir/recover-20220922/UBNA_001/20220921_090000.WAV,Telephone Field,recover-20220922,001,1795
1470.6305,1470.6404,28046,38618,Eptesicus serotinus,0.011,0.025,-1,Echolocation,/mnt/ubna_data_02_mir/recover-20220922/UBNA_001/20220921_090000.WAV,Telephone Field,recover-20220922,001,1795
1470.6615,1470.7008,68437,82465,Rhinolophus ferrumequinum,0.026,0.026,-1,Echolocation,/mnt/ubna_data_02_mir/recover-20220922/UBNA_001/20220921_090000.WAV,Telephone Field,recover-20220922,001,1795
1470.7055,1470.7427,68437,81187,Rhinolophus ferrumequinum,0.022,0.022,-1,Echolocation,/mnt/ubna_data_02_mir/recover-20220922/UBNA_001/20220921_090000.WAV,Telephone Field,recover-20220922,001,1795
1470.7075,1470.7142,27187,41846,Eptesicus serotinus,0.007,0.026,-1,Echolocation,/mnt/ubna_data_02_mir/recover-20220922/UBNA_001/20220921_090000.WAV,Telephone Field,recover-20220922,001,1795
1470.7185,1470.7248,25468,35105,Plecotus auritus,0.014,0.042,-1,Echolocation,/mnt/ubna_data_02_mir/recover-20220922/UBNA_001/20220921_090000.WAV,Telephone Field,recover-20220922,001,1795
1470.7205,1470.7611,68437,82685,Rhinolophus ferrumequinum,0.025,0.025,-1,Echolocation,/mnt/ubna_data_02_mir/recover-20220922/UBNA_001/20220921_090000.WAV,Telephone Field,recover-20220922,001,1795
1470.7275,1470.7684,68437,82297,Rhinolophus ferrumequinum,0.024,0.024,-1,Echolocation,/mnt/ubna_data_02_mir/recover-20220922/UBNA_001/20220921_090000.WAV,Telephone Field,recover-20220922,001,1795
1470.7575,1470.792,68437,81124,Rhinolophus ferrumequinum,0.021,0.021,-1,Echolocation,/mnt/ubna_data_02_mir/recover-20220922/UBNA_001/20220921_090000.WAV,Telephone Field,recover-20220922,001,1795
1470.7725,1470.81,68437,82022,Rhinolophus ferrumequinum,0.022,0.022,-1,Echolocation,/mnt/ubna_data_02_mir/recover-20220922/UBNA_001/20220921_090000.WAV,Telephone Field,recover-20220922,001,1795
1470.8075,1470.8484,68437,82509,Rhinolophus ferrumequinum,0.026,0.026,-1,Echolocation,/mnt/ubna_data_02_mir/recover-20220922/UBNA_001/20220921_090000.WAV,Telephone Field,recover-20220922,001,1795
1470.8355,1470.8709,68437,82103,Rhinolophus ferrumequinum,0.023,0.023,-1,Echolocation,/mnt/ubna_data_02_mir/recover-20220922/UBNA_001/20220921_090000.WAV,Telephone Field,recover-20220922,001,1795
1470.8535,1470.8956,68437,82933,Rhinolophus ferrumequinum,0.034,0.034,-1,Echolocation,/mnt/ubna_data_02_mir/recover-20220922/UBNA_001/20220921_090000.WAV,Telephone Field,recover-20220922,001,1795
1470.8595,1470.8688,23750,31075,Nyctalus leisleri,0.007,0.024,-1,Echolocation,/mnt/ubna_data_02_mir/recover-20220922/UBNA_001/20220921_090000.WAV,Telephone Field,recover-20220922,001,1795
1470.8725,1470.8812,28046,37475,Eptesicus serotinus,0.008,0.021,-1,Echolocation,/mnt/ubna_data_02_mir/recover-20220922/UBNA_001/20220921_090000.WAV,Telephone Field,recover-20220922,001,1795
1470.8745,1470.9155,68437,82205,Rhinolophus ferrumequinum,0.022,0.022,-1,Echolocation,/mnt/ubna_data_02_mir/recover-20220922/UBNA_001/20220921_090000.WAV,Telephone Field,recover-20220922,001,1795
1470.8885,1470.93,68437,82596,Rhinolophus ferrumequinum,0.024,0.024,-1,Echolocation,/mnt/ubna_data_02_mir/recover-20220922/UBNA_001/20220921_090000.WAV,Telephone Field,recover-20220922,001,1795
1470.9135,1470.9583,68437,83260,Rhinolophus ferrumequinum,0.07,0.07,-1,Echolocation,/mnt/ubna_data_02_mir/recover-20220922/UBNA_001/20220921_090000.WAV,Telephone Field,recover-20220922,001,1795
1470.9555,1470.9978,68437,83413,Rhinolophus ferrumequinum,0.021,0.021,-1,Echolocation,/mnt/ubna_data_02_mir/recover-20220922/UBNA_001/20220921_090000.WAV,Telephone Field,recover-20220922,001,1795
1470.9745,1470.9816,27187,36464,Eptesicus serotinus,0.007,0.021,-1,Echolocation,/mnt/ubna_data_02_mir/recover-20220922/UBNA_001/20220921_090000.WAV,Telephone Field,recover-20220922,001,1795
1470.9815,1471.0241,68437,83204,Rhinolophus ferrumequinum,0.023,0.023,-1,Echolocation,/mnt/ubna_data_02_mir/recover-20220922/UBNA_001/20220921_090000.WAV,Telephone Field,recover-20220922,001,1795
1471.0115,1471.0534,68437,82417,Rhinolophus ferrumequinum,0.022,0.022,-1,Echolocation,/mnt/ubna_data_02_mir/recover-20220922/UBNA_001/20220921_090000.WAV,Telephone Field,recover-20220922,001,1795
1471.0165,1471.0275,23750,28703,Nyctalus leisleri,0.014,0.032,-1,Echolocation,/mnt/ubna_data_02_mir/recover-20220922/UBNA_001/20220921_090000.WAV,Telephone Field,recover-20220922,001,1795
1471.0175,1471.0598,68437,82526,Rhinolophus ferrumequinum,0.023,0.023,-1,Echolocation,/mnt/ubna_data_02_mir/recover-20220922/UBNA_001/20220921_090000.WAV,Telephone Field,recover-20220922,001,1795
1471.0555,1471.064,27187,37899,Eptesicus serotinus,0.008,0.024,-1,Echolocation,/mnt/ubna_data_02_mir/recover-20220922/UBNA_001/20220921_090000.WAV,Telephone Field,recover-20220922,001,1795
1471.0715,1471.1131,68437,82630,Rhinolophus ferrumequinum,0.023,0.023,-1,Echolocation,/mnt/ubna_data_02_mir/recover-20220922/UBNA_001/20220921_090000.WAV,Telephone Field,recover-20220922,001,1795
1471.1065,1471.1472,68437,82101,Rhinolophus ferrumequinum,0.031,0.031,-1,Echolocation,/mnt/ubna_data_02_mir/recover-20220922/UBNA_001/20220921_090000.WAV,Telephone Field,recover-20220922,001,1795
1471.1245,1471.1322,45234,48682,Pipistrellus pipistrellus,0.021,0.022,-1,Echolocation,/mnt/ubna_data_02_mir/recover-20220922/UBNA_001/20220921_090000.WAV,Telephone Field,recover-20220922,001,1795
1471.1455,1471.1831,68437,81858,Rhinolophus ferrumequinum,0.021,0.021,-1,Echolocation,/mnt/ubna_data_02_mir/recover-20220922/UBNA_001/20220921_090000.WAV,Telephone Field,recover-20220922,001,1795
1471.1545,1471.1903,68437,81507,Rhinolophus ferrumequinum,0.032,0.032,-1,Echolocation,/mnt/ubna_data_02_mir/recover-20220922/UBNA_001/20220921_090000.WAV,Telephone Field,recover-20220922,001,1795
1471.1965,1471.205,28046,40332,Eptesicus serotinus,0.012,0.03,-1,Echolocation,/mnt/ubna_data_02_mir/recover-20220922/UBNA_001/20220921_090000.WAV,Telephone Field,recover-20220922,001,1795
1471.2155,1471.2538,68437,82113,Rhinolophus ferrumequinum,0.021,0.021,-1,Echolocation,/mnt/ubna_data_02_mir/recover-20220922/UBNA_001/20220921_090000.WAV,Telephone Field,recover-20220922,001,1795
1471.2305,1471.2404,28906,36488,Eptesicus serotinus,0.009,0.021,-1,Echolocation,/mnt/ubna_data_02_mir/recover-20220922/UBNA_001/20220921_090000.WAV,Telephone Field,recover-20220922,001,1795
1471.2355,1471.2767,68437,82301,Rhinolophus ferrumequinum,0.024,0.024,-1,Echolocation,/mnt/ubna_data_02_mir/recover-20220922/UBNA_001/20220921_090000.WAV,Telephone Field,recover-20220922,001,1795
1471.2715,1471.2815,22890,27968,Nyctalus leisleri,0.01,0.021,-1,Echolocation,/mnt/ubna_data_02_mir/recover-20220922/UBNA_001/20220921_090000.WAV,Telephone Field,recover-20220922,001,1795
1471.3055,1471.3498,68437,83050,Rhinolophus ferrumequinum,0.03,0.03,-1,Echolocation,/mnt/ubna_data_02_mir/recover-20220922/UBNA_001/20220921_090000.WAV,Telephone Field,recover-20220922,001,1795
1471.3455,1471.3571,56406,61495,Pipistrellus pygmaeus,0.025,0.025,-1,Echolocation,/mnt/ubna_data_02_mir/recover-20220922/UBNA_001/20220921_090000.WAV,Telephone Field,recover-20220922,001,1795
1471.3475,1471.3569,23750,30545,Nyctalus leisleri,0.007,0.021,-1,Echolocation,/mnt/ubna_data_02_mir/recover-20220922/UBNA_001/20220921_090000.WAV,Telephone Field,recover-20220922,001,1795
1471.3485,1471.3889,68437,82571,Rhinolophus ferrumequinum,0.024,0.024,-1,Echolocation,/mnt/ubna_data_02_mir/recover-20220922/UBNA_001/20220921_090000.WAV,Telephone Field,recover-20220922,001,1795
1471.3965,1471.4342,68437,81382,Rhinolophus ferrumequinum,0.023,0.023,-1,Echolocation,/mnt/ubna_data_02_mir/recover-20220922/UBNA_001/20220921_090000.WAV,Telephone Field,recover-20220922,001,1795
1471.4195,1471.4576,68437,81862,Rhinolophus ferrumequinum,0.024,0.024,-1,Echolocation,/mnt/ubna_data_02_mir/recover-20220922/UBNA_001/20220921_090000.WAV,Telephone Field,recover-20220922,001,1795
1471.4245,1471.432,47812,53677,Pipistrellus pipistrellus,0.028,0.029,-1,Echolocation,/mnt/ubna_data_02_mir/recover-20220922/UBNA_001/20220921_090000.WAV,Telephone Field,recover-20220922,001,1795
1471.4855,1471.5261,68437,82356,Rhinolophus ferrumequinum,0.025,0.025,-1,Echolocation,/mnt/ubna_data_02_mir/recover-20220922/UBNA_001/20220921_090000.WAV,Telephone Field,recover-20220922,001,1795
1471.4865,1471.4953,25468,33847,Eptesicus serotinus,0.008,0.021,-1,Echolocation,/mnt/ubna_data_02_mir/recover-20220922/UBNA_001/20220921_090000.WAV,Telephone Field,recover-20220922,001,1795
1471.4975,1471.5342,68437,80699,Rhinolophus ferrumequinum,0.022,0.022,-1,Echolocation,/mnt/ubna_data_02_mir/recover-20220922/UBNA_001/20220921_090000.WAV,Telephone Field,recover-20220922,001,1795
1471.5625,1471.6001,68437,81579,Rhinolophus ferrumequinum,0.022,0.022,-1,Echolocation,/mnt/ubna_data_02_mir/recover-20220922/UBNA_001/20220921_090000.WAV,Telephone Field,recover-20220922,001,1795
1471.6035,1471.6446,68437,81963,Rhinolophus ferrumequinum,0.023,0.023,-1,Echolocation,/mnt/ubna_data_02_mir/recover-20220922/UBNA_001/20220921_090000.WAV,Telephone Field,recover-20220922,001,1795
1471.6185,1471.6265,28046,39438,Eptesicus serotinus,0.007,0.021,-1,Echolocation,/mnt/ubna_data_02_mir/recover-20220922/UBNA_001/20220921_090000.WAV,Telephone Field,recover-20220922,001,1795
1471.6475,1471.6876,68437,82131,Rhinolophus ferrumequinum,0.024,0.024,-1,Echolocation,/mnt/ubna_data_02_mir/recover-20220922/UBNA_001/20220921_090000.WAV,Telephone Field,recover-20220922,001,1795
1471.6535,1471.6629,26328,35043,Eptesicus serotinus,0.01,0.022,-1,Echolocation,/mnt/ubna_data_02_mir/recover-20220922/UBNA_001/20220921_090000.WAV,Telephone Field,recover-20220922,001,1795
1471.6585,1471.6964,68437,81809,Rhinolophus ferrumequinum,0.021,0.021,-1,Echolocation,/mnt/ubna_data_02_mir/recover-20220922/UBNA_001/20220921_090000.WAV,Telephone Field,recover-20220922,001,1795
1471.6905,1471.7303,68437,82419,Rhinolophus ferrumequinum,0.026,0.026,-1,Echolocation,/mnt/ubna_data_02_mir/recover-20220922/UBNA_001/20220921_090000.WAV,Telephone Field,recover-20220922,001,1795
1471.7115,1471.7529,68437,83088,Rhinolophus ferrumequinum,0.026,0.026,-1,Echolocation,/mnt/ubna_data_02_mir/recover-20220922/UBNA_001/20220921_090000.WAV,Telephone Field,recover-20220922,001,1795
1471.7365,1471.7489,46093,50847,Pipistrellus pipistrellus,0.026,0.029,-1,Echolocation,/mnt/ubna_data_02_mir/recover-20220922/UBNA_001/20220921_090000.WAV,Telephone Field,recover-20220922,001,1795
1471.7675,1471.775,28046,40031,Eptesicus serotinus,0.008,0.027,-1,Echolocation,/mnt/ubna_data_02_mir/recover-20220922/UBNA_001/20220921_090000.WAV,Telephone Field,recover-20220922,001,1795
1471.7765,1471.8162,68437,82042,Rhinolophus ferrumequinum,0.021,0.021,-1,Echolocation,/mnt/ubna_data_02_mir/recover-20220922/UBNA_001/20220921_090000.WAV,Telephone Field,recover-20220922,001,1795
1471.7975,1471.8357,68437,81288,Rhinolophus ferrumequinum,0.024,0.024,-1,Echolocation,/mnt/ubna_data_02_mir/recover-20220922/UBNA_001/20220921_090000.WAV,Telephone Field,recover-20220922,001,1795
1471.7985,1471.8184,18593,21913,Nyctalus noctula,0.014,0.025,-1,Echolocation,/mnt/ubna_data_02_mir/recover-20220922/UBNA_001/20220921_090000.WAV,Telephone Field,recover-20220922,001,1795
1471.8465,1471.8885,68437,83087,Rhinolophus ferrumequinum,0.029,0.029,-1,Echolocation,/mnt/ubna_data_02_mir/recover-20220922/UBNA_001/20220921_090000.WAV,Telephone Field,recover-20220922,001,1795
1471.8625,1471.901,68437,81594,Rhinolophus ferrumequinum,0.021,0.021,-1,Echolocation,/mnt/ubna_data_02_mir/recover-20220922/UBNA_001/20220921_090000.WAV,Telephone Field,recover-20220922,001,1795
1471.8715,1471.9092,68437,81835,Rhinolophus ferrumequinum,0.023,0.024,-1,Echolocation,/mnt/ubna_data_02_mir/recover-20220922/UBNA_001/20220921_090000.WAV,Telephone Field,recover-20220922,001,1795
1471.9025,1471.9405,68437,81839,Rhinolophus ferrumequinum,0.021,0.021,-1,Echolocation,/mnt/ubna_data_02_mir/recover-20220922/UBNA_001/20220921_090000.WAV,Telephone Field,recover-20220922,001,1795
1471.9095,1471.9509,68437,82465,Rhinolophus ferrumequinum,0.021,0.021,-1,Echolocation,/mnt/ubna_data_02_mir/recover-20220922/UBNA_001/20220921_090000.WAV,Telephone Field,recover-20220922,001,1795
1471.9345,1471.9464,26328,32034,Nyctalus leisleri,0.012,0.029,-1,Echolocation,/mnt/ubna_data_02_mir/recover-20220922/UBNA_001/20220921_090000.WAV,Telephone Field,recover-20220922,001,1795
1471.9775,1471.986,24609,31854,Nyctalus leisleri,0.006,0.021,-1,Echolocation,/mnt/ubna_data_02_mir/recover-20220922/UBNA_001/20220921_090000.WAV,Telephone Field,recover-20220922,001,1795
1471.9815,1471.9907,28906,38854,Eptesicus serotinus,0.008,0.021,-1,Echolocation,/mnt/ubna_data_02_mir/recover-20220922/UBNA_001/20220921_090000.WAV,Telephone Field,recover-20220922,001,1795
1472.0015,1472.0373,68437,80207,Rhinolophus ferrumequinum,0.027,0.027,-1,Echolocation,/mnt/ubna_data_02_mir/recover-20220922/UBNA_001/20220921_090000.WAV,Telephone Field,recover-20220922,001,1795
1472.0015,1472.0102,27187,36575,Nyctalus leisleri,0.01,0.031,-1,Echolocation,/mnt/ubna_data_02_mir/recover-20220922/UBNA_001/20220921_090000.WAV,Telephone Field,recover-20220922,001,1795
1472.0015,1472.0111,46093,53239,Pipistrellus pipistrellus,0.02,0.026,-1,Echolocation,/mnt/ubna_data_02_mir/recover-20220922/UBNA_001/20220921_090000.WAV,Telephone Field,recover-20220922,001,1795
1472.0115,1472.0588,68437,82735,Rhinolophus ferrumequinum,0.025,0.025,-1,Echolocation,/mnt/ubna_data_02_mir/recover-20220922/UBNA_001/20220921_090000.WAV,Telephone Field,recover-20220922,001,1795
1472.0295,1472.0636,68437,80633,Rhinolophus ferrumequinum,0.023,0.023,-1,Echolocation,/mnt/ubna_data_02_mir/recover-20220922/UBNA_001/20220921_090000.WAV,Telephone Field,recover-20220922,001,1795
1472.0475,1472.0869,68437,81965,Rhinolophus ferrumequinum,0.028,0.028,-1,Echolocation,/mnt/ubna_data_02_mir/recover-20220922/UBNA_001/20220921_090000.WAV,Telephone Field,recover-20220922,001,1795
1472.0715,1472.0785,28046,43004,Eptesicus serotinus,0.007,0.025,-1,Echolocation,/mnt/ubna_data_02_mir/recover-20220922/UBNA_001/20220921_090000.WAV,Telephone Field,recover-20220922,001,1795
1472.0815,1472.0938,27187,33561,Eptesicus serotinus,0.017,0.029,-1,Echolocation,/mnt/ubna_data_02_mir/recover-20220922/UBNA_001/20220921_090000.WAV,Telephone Field,recover-20220922,001,1795
1472.1085,1472.145,68437,81516,Rhinolophus ferrumequinum,0.024,0.024,-1,Echolocation,/mnt/ubna_data_02_mir/recover-20220922/UBNA_001/20220921_090000.WAV,Telephone Field,recover-20220922,001,1795
1472.1255,1472.1638,68437,82153,Rhinolophus ferrumequinum,0.023,0.023,-1,Echolocation,/mnt/ubna_data_02_mir/recover-20220922/UBNA_001/20220921_090000.WAV,Telephone Field,recover-20220922,001,1795
1472.1405,1472.1765,68437,81710,Rhinolophus ferrumequinum,0.023,0.023,-1,Echolocation,/mnt/ubna_data_02_mir/recover-20220922/UBNA_001/20220921_090000.WAV,Telephone Field,recover-20220922,001,1795
1472.1555,1472.1663,28906,35258,Eptesicus serotinus,0.01,0.023,-1,Echolocation,/mnt/ubna_data_02_mir/recover-20220922/UBNA_001/20220921_090000.WAV,Telephone Field,recover-20220922,001,1795
1472.1805,1472.2218,68437,82772,Rhinolophus ferrumequinum,0.034,0.034,-1,Echolocation,/mnt/ubna_data_02_mir/recover-20220922/UBNA_001/20220921_090000.WAV,Telephone Field,recover-20220922,001,1795
1472.2015,1472.2093,24609,34106,Plecotus austriacus,0.011,0.034,-1,Echolocation,/mnt/ubna_data_02_mir/recover-20220922/UBNA_001/20220921_090000.WAV,Telephone Field,recover-20220922,001,1795
1472.2115,1472.2491,68437,81992,Rhinolophus ferrumequinum,0.024,0.024,-1,Echolocation,/mnt/ubna_data_02_mir/recover-20220922/UBNA_001/20220921_090000.WAV,Telephone Field,recover-20220922,001,1795
1472.2325,1472.2476,23750,27023,Nyctalus leisleri,0.02,0.03,-1,Echolocation,/mnt/ubna_data_02_mir/recover-20220922/UBNA_001/20220921_090000.WAV,Telephone Field,recover-20220922,001,1795
1472.2335,1472.2746,68437,83088,Rhinolophus ferrumequinum,0.025,0.025,-1,Echolocation,/mnt/ubna_data_02_mir/recover-20220922/UBNA_001/20220921_090000.WAV,Telephone Field,recover-20220922,001,1795
1472.2505,1472.2608,28906,36854,Eptesicus serotinus,0.012,0.026,-1,Echolocation,/mnt/ubna_data_02_mir/recover-20220922/UBNA_001/20220921_090000.WAV,Telephone Field,recover-20220922,001,1795
1472.2925,1472.3009,27187,35596,Eptesicus serotinus,0.009,0.022,-1,Echolocation,/mnt/ubna_data_02_mir/recover-20220922/UBNA_001/20220921_090000.WAV,Telephone Field,recover-20220922,001,1795
1472.3135,1472.3548,68437,82471,Rhinolophus ferrumequinum,0.029,0.029,-1,Echolocation,/mnt/ubna_data_02_mir/recover-20220922/UBNA_001/20220921_090000.WAV,Telephone Field,recover-20220922,001,1795
1472.3625,1472.4003,68437,81911,Rhinolophus ferrumequinum,0.025,0.025,-1,Echolocation,/mnt/ubna_data_02_mir/recover-20220922/UBNA_001/20220921_090000.WAV,Telephone Field,recover-20220922,001,1795
1472.3925,1472.4058,23750,28573,Nyctalus leisleri,0.016,0.032,-1,Echolocation,/mnt/ubna_data_02_mir/recover-20220922/UBNA_001/20220921_090000.WAV,Telephone Field,recover-20220922,001,1795
1472.4135,1472.454,68437,82603,Rhinolophus ferrumequinum,0.028,0.028,-1,Echolocation,/mnt/ubna_data_02_mir/recover-20220922/UBNA_001/20220921_090000.WAV,Telephone Field,recover-20220922,001,1795
1472.4245,1472.4318,26328,37044,Eptesicus serotinus,0.015,0.055,-1,Echolocation,/mnt/ubna_data_02_mir/recover-20220922/UBNA_001/20220921_090000.WAV,Telephone Field,recover-20220922,001,1795
1472.4445,1472.4839,68437,82747,Rhinolophus ferrumequinum,0.032,0.032,-1,Echolocation,/mnt/ubna_data_02_mir/recover-20220922/UBNA_001/20220921_090000.WAV,Telephone Field,recover-20220922,001,1795
1472.4635,1472.5019,68437,82273,Rhinolophus ferrumequinum,0.022,0.022,-1,Echolocation,/mnt/ubna_data_02_mir/recover-20220922/UBNA_001/20220921_090000.WAV,Telephone Field,recover-20220922,001,1795
1472.4895,1472.5311,68437,82633,Rhinolophus ferrumequinum,0.022,0.022,-1,Echolocation,/mnt/ubna_data_02_mir/recover-20220922/UBNA_001/20220921_090000.WAV,Telephone Field,recover-20220922,001,1795
1472.5135,1472.5557,68437,82040,Rhinolophus ferrumequinum,0.03,0.03,-1,Echolocation,/mnt/ubna_data_02_mir/recover-20220922/UBNA_001/20220921_090000.WAV,Telephone Field,recover-20220922,001,1795
1472.5215,1472.5601,68437,82198,Rhinolophus ferrumequinum,0.025,0.025,-1,Echolocation,/mnt/ubna_data_02_mir/recover-20220922/UBNA_001/20220921_090000.WAV,Telephone Field,recover-20220922,001,1795
1472.5425,1472.5822,68437,82301,Rhinolophus ferrumequinum,0.024,0.024,-1,Echolocation,/mnt/ubna_data_02_mir/recover-20220922/UBNA_001/20220921_090000.WAV,Telephone Field,recover-20220922,001,1795
1472.5455,1472.5568,22890,27330,Nyctalus leisleri,0.014,0.026,-1,Echolocation,/mnt/ubna_data_02_mir/recover-20220922/UBNA_001/20220921_090000.WAV,Telephone Field,recover-20220922,001,1795
1472.5755,1472.5875,22890,27599,Nyctalus leisleri,0.015,0.028,-1,Echolocation,/mnt/ubna_data_02_mir/recover-20220922/UBNA_001/20220921_090000.WAV,Telephone Field,recover-20220922,001,1795
1472.5975,1472.6336,68437,81195,Rhinolophus ferrumequinum,0.022,0.022,-1,Echolocation,/mnt/ubna_data_02_mir/recover-20220922/UBNA_001/20220921_090000.WAV,Telephone Field,recover-20220922,001,1795
1472.6465,1472.6564,26328,33784,Eptesicus serotinus,0.033,0.057,-1,Echolocation,/mnt/ubna_data_02_mir/recover-20220922/UBNA_001/20220921_090000.WAV,Telephone Field,recover-20220922,001,1795
1472.6655,1472.6734,52109,58160,Pipistrellus pipistrellus,0.023,0.029,-1,Echolocation,/mnt/ubna_data_02_mir/recover-20220922/UBNA_001/20220921_090000.WAV,Telephone Field,recover-20220922,001,1795
1472.6665,1472.7047,68437,82086,Rhinolophus ferrumequinum,0.022,0.022,-1,Echolocation,/mnt/ubna_data_02_mir/recover-20220922/UBNA_001/20220921_090000.WAV,Telephone Field,recover-20220922,001,1795
1472.6725,1472.684,22890,27768,Nyctalus leisleri,0.012,0.023,-1,Echolocation,/mnt/ubna_data_02_mir/recover-20220922/UBNA_001/20220921_090000.WAV,Telephone Field,recover-20220922,001,1795
1472.6865,1472.7251,68437,82303,Rhinolophus ferrumequinum,0.023,0.023,-1,Echolocation,/mnt/ubna_data_02_mir/recover-20220922/UBNA_001/20220921_090000.WAV,Telephone Field,recover-20220922,001,1795
1472.7825,1472.821,68437,81370,Rhinolophus ferrumequinum,0.025,0.025,-1,Echolocation,/mnt/ubna_data_02_mir/recover-20220922/UBNA_001/20220921_090000.WAV,Telephone Field,recover-20220922,001,1795
1472.8215,1472.8313,28906,36166,Eptesicus serotinus,0.008,0.022,-1,Echolocation,/mnt/ubna_data_02_mir/recover-20220922/UBNA_001/20220921_090000.WAV,Telephone Field,recover-20220922,001,1795
1472.8275,1472.8377,44375,53484,Pipistrellus pipistrellus,0.018,0.026,-1,Echolocation,/mnt/ubna_data_02_mir/recover-20220922/UBNA_001/20220921_090000.WAV,Telephone Field,recover-20220922,001,1795
1472.8285,1472.8697,68437,82240,Rhinolophus ferrumequinum,0.028,0.028,-1,Echolocation,/mnt/ubna_data_02_mir/recover-20220922/UBNA_001/20220921_090000.WAV,Telephone Field,recover-20220922,001,1795
1472.8455,1472.8546,50390,54504,Pipistrellus pipistrellus,0.046,0.051,-1,Echolocation,/mnt/ubna_data_02_mir/recover-20220922/UBNA_001/20220921_090000.WAV,Telephone Field,recover-20220922,001,1795
1472.8665,1472.9068,68437,82759,Rhinolophus ferrumequinum,0.042,0.042,-1,Echolocation,/mnt/ubna_data_02_mir/recover-20220922/UBNA_001/20220921_090000.WAV,Telephone Field,recover-20220922,001,1795
1472.8805,1472.8883,15156,25362,Plecotus auritus,0.015,0.024,-1,Echolocation,/mnt/ubna_data_02_mir/recover-20220922/UBNA_001/20220921_090000.WAV,Telephone Field,recover-20220922,001,1795
1472.8995,1472.9391,68437,82155,Rhinolophus ferrumequinum,0.028,0.028,-1,Echolocation,/mnt/ubna_data_02_mir/recover-20220922/UBNA_001/20220921_090000.WAV,Telephone Field,recover-20220922,001,1795
1472.9155,1472.9555,68437,82150,Rhinolophus ferrumequinum,0.023,0.023,-1,Echolocation,/mnt/ubna_data_02_mir/recover-20220922/UBNA_001/20220921_090000.WAV,Telephone Field,recover-20220922,001,1795
1472.9455,1472.9872,68437,82686,Rhinolophus ferrumequinum,0.035,0.035,-1,Echolocation,/mnt/ubna_data_02_mir/recover-20220922/UBNA_001/20220921_090000.WAV,Telephone Field,recover-20220922,001,1795
1472.9785,1473.0181,68437,82661,Rhinolophus ferrumequinum,0.026,0.026,-1,Echolocation,/mnt/ubna_data_02_mir/recover-20220922/UBNA_001/20220921_090000.WAV,Telephone Field,recover-20220922,001,1795
1472.9835,1472.9921,28906,36778,Eptesicus serotinus,0.008,0.025,-1,Echolocation,/mnt/ubna_data_02_mir/recover-20220922/UBNA_001/20220921_090000.WAV,Telephone Field,recover-20220922,001,1795
1473.0315,1473.0411,45234,48141,Pipistrellus pipistrellus,0.041,0.043,-1,Echolocation,/mnt/ubna_data_02_mir/recover-20220922/UBNA_001/20220921_090000.WAV,Telephone Field,recover-20220922,001,1795
1473.0325,1473.0399,28046,38870,Eptesicus serotinus,0.006,0.022,-1,Echolocation,/mnt/ubna_data_02_mir/recover-20220922/UBNA_001/20220921_090000.WAV,Telephone Field,recover-20220922,001,1795
1473.0405,1473.0818,68437,82634,Rhinolophus ferrumequinum,0.029,0.029,-1,Echolocation,/mnt/ubna_data_02_mir/recover-20220922/UBNA_001/20220921_090000.WAV,Telephone Field,recover-20220922,001,1795
1473.0445,1473.0542,22890,28795,Nyctalus leisleri,0.01,0.023,-1,Echolocation,/mnt/ubna_data_02_mir/recover-20220922/UBNA_001/20220921_090000.WAV,Telephone Field,recover-20220922,001,1795
1473.0715,1473.0822,23750,29344,Nyctalus leisleri,0.01,0.023,-1,Echolocation,/mnt/ubna_data_02_mir/recover-20220922/UBNA_001/20220921_090000.WAV,Telephone Field,recover-20220922,001,1795
1473.1185,1473.1286,39218,44125,Pipistrellus nathusii,0.025,0.037,-1,Echolocation,/mnt/ubna_data_02_mir/recover-20220922/UBNA_001/20220921_090000.WAV,Telephone Field,recover-20220922,001,1795
1473.1385,1473.1815,68437,82836,Rhinolophus ferrumequinum,0.025,0.025,-1,Echolocation,/mnt/ubna_data_02_mir/recover-20220922/UBNA_001/20220921_090000.WAV,Telephone Field,recover-20220922,001,1795
1473.1585,1473.1999,68437,83251,Rhinolophus ferrumequinum,0.028,0.028,-1,Echolocation,/mnt/ubna_data_02_mir/recover-20220922/UBNA_001/20220921_090000.WAV,Telephone Field,recover-20220922,001,1795
1473.2165,1473.2574,68437,82000,Rhinolophus ferrumequinum,0.023,0.023,-1,Echolocation,/mnt/ubna_data_02_mir/recover-20220922/UBNA_001/20220921_090000.WAV,Telephone Field,recover-20220922,001,1795
1473.2265,1473.2658,68437,82500,Rhinolophus ferrumequinum,0.022,0.022,-1,Echolocation,/mnt/ubna_data_02_mir/recover-20220922/UBNA_001/20220921_090000.WAV,Telephone Field,recover-20220922,001,1795
1473.2725,1473.3118,68437,82006,Rhinolophus ferrumequinum,0.023,0.023,-1,Echolocation,/mnt/ubna_data_02_mir/recover-20220922/UBNA_001/20220921_090000.WAV,Telephone Field,recover-20220922,001,1795
1473.2775,1473.2871,28906,36698,Eptesicus serotinus,0.008,0.022,-1,Echolocation,/mnt/ubna_data_02_mir/recover-20220922/UBNA_001/20220921_090000.WAV,Telephone Field,recover-20220922,001,1795
1473.3315,1473.3692,68437,81689,Rhinolophus ferrumequinum,0.023,0.023,-1,Echolocation,/mnt/ubna_data_02_mir/recover-20220922/UBNA_001/20220921_090000.WAV,Telephone Field,recover-20220922,001,1795
1473.3485,1473.3893,68437,82009,Rhinolophus ferrumequinum,0.025,0.025,-1,Echolocation,/mnt/ubna_data_02_mir/recover-20220922/UBNA_001/20220921_090000.WAV,Telephone Field,recover-20220922,001,1795
1473.3675,1473.3867,20312,23253,Nyctalus leisleri,0.012,0.022,-1,Echolocation,/mnt/ubna_data_02_mir/recover-20220922/UBNA_001/20220921_090000.WAV,Telephone Field,recover-20220922,001,1795
1473.3805,1473.4217,68437,81995,Rhinolophus ferrumequinum,0.024,0.024,-1,Echolocation,/mnt/ubna_data_02_mir/recover-20220922/UBNA_001/20220921_090000.WAV,Telephone Field,recover-20220922,001,1795
1473.3945,1473.4049,28046,35775,Eptesicus serotinus,0.032,0.055,-1,Echolocation,/mnt/ubna_data_02_mir/recover-20220922/UBNA_001/20220921_090000.WAV,Telephone Field,recover-20220922,001,1795
1473.3955,1473.4044,45234,49187,Pipistrellus pipistrellus,0.028,0.029,-1,Echolocation,/mnt/ubna_data_02_mir/recover-20220922/UBNA_001/20220921_090000.WAV,Telephone Field,recover-20220922,001,1795
1473.3995,1473.4373,68437,82277,Rhinolophus ferrumequinum,0.022,0.022,-1,Echolocation,/mnt/ubna_data_02_mir/recover-20220922/UBNA_001/20220921_090000.WAV,Telephone Field,recover-20220922,001,1795
1473.4095,1473.4483,68437,81725,Rhinolophus ferrumequinum,0.022,0.023,-1,Echolocation,/mnt/ubna_data_02_mir/recover-20220922/UBNA_001/20220921_090000.WAV,Telephone Field,recover-20220922,001,1795
1473.4185,1473.4559,68437,81513,Rhinolophus ferrumequinum,0.023,0.023,-1,Echolocation,/mnt/ubna_data_02_mir/recover-20220922/UBNA_001/20220921_090000.WAV,Telephone Field,recover-20220922,001,1795
1473.4275,1473.4681,68437,81975,Rhinolophus ferrumequinum,0.023,0.023,-1,Echolocation,/mnt/ubna_data_02_mir/recover-20220922/UBNA_001/20220921_090000.WAV,Telephone Field,recover-20220922,001,1795
1473.4455,1473.4862,68437,82452,Rhinolophus ferrumequinum,0.023,0.023,-1,Echolocation,/mnt/ubna_data_02_mir/recover-20220922/UBNA_001/20220921_090000.WAV,Telephone Field,recover-20220922,001,1795
1473.4635,1473.4726,28046,36186,Eptesicus serotinus,0.008,0.023,-1,Echolocation,/mnt/ubna_data_02_mir/recover-20220922/UBNA_001/20220921_090000.WAV,Telephone Field,recover-20220922,001,1795
1473.4845,1473.5227,68437,81880,Rhinolophus ferrumequinum,0.022,0.022,-1,Echolocation,/mnt/ubna_data_02_mir/recover-20220922/UBNA_001/20220921_090000.WAV,Telephone Field,recover-20220922,001,1795
1473.5185,1473.5577,68437,81955,Rhinolophus ferrumequinum,0.022,0.022,-1,Echolocation,/mnt/ubna_data_02_mir/recover-20220922/UBNA_001/20220921_090000.WAV,Telephone Field,recover-20220922,001,1795
1473.5685,1473.6067,68437,81983,Rhinolophus ferrumequinum,0.022,0.022,-1,Echolocation,/mnt/ubna_data_02_mir/recover-20220922/UBNA_001/20220921_090000.WAV,Telephone Field,recover-20220922,001,1795
1473.5715,1473.5822,24609,30947,Nyctalus leisleri,0.01,0.03,-1,Echolocation,/mnt/ubna_data_02_mir/recover-20220922/UBNA_001/20220921_090000.WAV,Telephone Field,recover-20220922,001,1795
1473.6085,1473.6167,27187,37820,Eptesicus serotinus,0.007,0.023,-1,Echolocation,/mnt/ubna_data_02_mir/recover-20220922/UBNA_001/20220921_090000.WAV,Telephone Field,recover-20220922,001,1795
1473.6295,1473.6694,68437,82287,Rhinolophus ferrumequinum,0.024,0.024,-1,Echolocation,/mnt/ubna_data_02_mir/recover-20220922/UBNA_001/20220921_090000.WAV,Telephone Field,recover-20220922,001,1795
1473.6485,1473.6591,22890,28827,Nyctalus leisleri,0.009,0.023,-1,Echolocation,/mnt/ubna_data_02_mir/recover-20220922/UBNA_001/20220921_090000.WAV,Telephone Field,recover-20220922,001,1795
1473.6495,1473.6927,68437,83090,Rhinolophus ferrumequinum,0.039,0.039,-1,Echolocation,/mnt/ubna_data_02_mir/recover-20220922/UBNA_001/20220921_090000.WAV,Telephone Field,recover-20220922,001,1795
1473.6735,1473.7139,68437,83118,Rhinolophus ferrumequinum,0.038,0.038,-1,Echolocation,/mnt/ubna_data_02_mir/recover-20220922/UBNA_001/20220921_090000.WAV,Telephone Field,recover-20220922,001,1795
1473.6805,1473.6889,27187,34411,Eptesicus serotinus,0.042,0.081,-1,Echolocation,/mnt/ubna_data_02_mir/recover-20220922/UBNA_001/20220921_090000.WAV,Telephone Field,recover-20220922,001,1795
1473.7015,1473.7429,68437,82691,Rhinolophus ferrumequinum,0.026,0.026,-1,Echolocation,/mnt/ubna_data_02_mir/recover-20220922/UBNA_001/20220921_090000.WAV,Telephone Field,recover-20220922,001,1795
1473.7075,1473.7502,68437,83196,Rhinolophus ferrumequinum,0.027,0.027,-1,Echolocation,/mnt/ubna_data_02_mir/recover-20220922/UBNA_001/20220921_090000.WAV,Telephone Field,recover-20220922,001,1795
1473.7395,1473.7776,68437,82352,Rhinolophus ferrumequinum,0.027,0.027,-1,Echolocation,/mnt/ubna_data_02_mir/recover-20220922/UBNA_001/20220921_090000.WAV,Telephone Field,recover-20220922,001,1795
1473.7525,1473.7609,50390,55531,Pipistrellus pipistrellus,0.02,0.024,-1,Echolocation,/mnt/ubna_data_02_mir/recover-20220922/UBNA_001/20220921_090000.WAV,Telephone Field,recover-20220922,001,1795
1473.7955,1473.836,68437,82783,Rhinolophus ferrumequinum,0.032,0.032,-1,Echolocation,/mnt/ubna_data_02_mir/recover-20220922/UBNA_001/20220921_090000.WAV,Telephone Field,recover-20220922,001,1795
1473.8075,1473.8524,68437,83312,Rhinolophus ferrumequinum,0.033,0.033,-1,Echolocation,/mnt/ubna_data_02_mir/recover-20220922/UBNA_001/20220921_090000.WAV,Telephone Field,recover-20220922,001,1795
1473.8155,1473.8239,24609,33578,Plecotus austriacus,0.007,0.026,-1,Echolocation,/mnt/ubna_data_02_mir/recover-20220922/UBNA_001/20220921_090000.WAV,Telephone Field,recover-20220922,001,1795
1473.8365,1473.8771,68437,82356,Rhinolophus ferrumequinum,0.024,0.024,-1,Echolocation,/mnt/ubna_data_02_mir/recover-20220922/UBNA_001/20220921_090000.WAV,Telephone Field,recover-20220922,001,1795
1473.8395,1473.8498,28046,37859,Eptesicus serotinus,0.012,0.027,-1,Echolocation,/mnt/ubna_data_02_mir/recover-20220922/UBNA_001/20220921_090000.WAV,Telephone Field,recover-20220922,001,1795
1473.8615,1473.8726,22890,27526,Nyctalus leisleri,0.017,0.032,-1,Echolocation,/mnt/ubna_data_02_mir/recover-20220922/UBNA_001/20220921_090000.WAV,Telephone Field,recover-20220922,001,1795
1473.8635,1473.9043,68437,82742,Rhinolophus ferrumequinum,0.032,0.032,-1,Echolocation,/mnt/ubna_data_02_mir/recover-20220922/UBNA_001/20220921_090000.WAV,Telephone Field,recover-20220922,001,1795
1473.9045,1473.9431,68437,81521,Rhinolophus ferrumequinum,0.024,0.025,-1,Echolocation,/mnt/ubna_data_02_mir/recover-20220922/UBNA_001/20220921_090000.WAV,Telephone Field,recover-20220922,001,1795
1473.9145,1473.9577,68437,82732,Rhinolophus ferrumequinum,0.027,0.027,-1,Echolocation,/mnt/ubna_data_02_mir/recover-20220922/UBNA_001/20220921_090000.WAV,Telephone Field,recover-20220922,001,1795
1473.9325,1473.9481,43515,47084,Pipistrellus pipistrellus,0.093,0.106,-1,Echolocation,/mnt/ubna_data_02_mir/recover-20220922/UBNA_001/20220921_090000.WAV,Telephone Field,recover-20220922,001,1795
1473.9335,1473.9711,68437,82110,Rhinolophus ferrumequinum,0.023,0.023,-1,Echolocation,/mnt/ubna_data_02_mir/recover-20220922/UBNA_001/20220921_090000.WAV,Telephone Field,recover-20220922,001,1795
1473.9375,1473.9445,28046,42295,Eptesicus serotinus,0.006,0.022,-1,Echolocation,/mnt/ubna_data_02_mir/recover-20220922/UBNA_001/20220921_090000.WAV,Telephone Field,recover-20220922,001,1795
1473.9505,1473.9924,68437,82683,Rhinolophus ferrumequinum,0.029,0.029,-1,Echolocation,/mnt/ubna_data_02_mir/recover-20220922/UBNA_001/20220921_090000.WAV,Telephone Field,recover-20220922,001,1795
1473.9665,1473.972,38359,52926,Myotis bechsteinii,0.005,0.023,-1,Echolocation,/mnt/ubna_data_02_mir/recover-20220922/UBNA_001/20220921_090000.WAV,Telephone Field,recover-20220922,001,1795
1473.9695,1473.9761,25468,38354,Plecotus austriacus,0.006,0.025,-1,Echolocation,/mnt/ubna_data_02_mir/recover-20220922/UBNA_001/20220921_090000.WAV,Telephone Field,recover-20220922,001,1795
1473.9805,1473.9901,28906,35823,Eptesicus serotinus,0.009,0.023,-1,Echolocation,/mnt/ubna_data_02_mir/recover-20220922/UBNA_001/20220921_090000.WAV,Telephone Field,recover-20220922,001,1795
1474.0015,1474.0353,68437,80167,Rhinolophus ferrumequinum,0.03,0.031,-1,Echolocation,/mnt/ubna_data_02_mir/recover-20220922/UBNA_001/20220921_090000.WAV,Telephone Field,recover-20220922,001,1795
1474.0015,1474.0079,46953,51500,Pipistrellus pipistrellus,0.017,0.023,-1,Echolocation,/mnt/ubna_data_02_mir/recover-20220922/UBNA_001/20220921_090000.WAV,Telephone Field,recover-20220922,001,1795
1474.0095,1474.0532,68437,82043,Rhinolophus ferrumequinum,0.023,0.023,-1,Echolocation,/mnt/ubna_data_02_mir/recover-20220922/UBNA_001/20220921_090000.WAV,Telephone Field,recover-20220922,001,1795
1474.0245,1474.0321,27187,38233,Eptesicus serotinus,0.007,0.023,-1,Echolocation,/mnt/ubna_data_02_mir/recover-20220922/UBNA_001/20220921_090000.WAV,Telephone Field,recover-20220922,001,1795
1474.0525,1474.0839,68437,80599,Rhinolophus ferrumequinum,0.031,0.031,-1,Echolocation,/mnt/ubna_data_02_mir/recover-20220922/UBNA_001/20220921_090000.WAV,Telephone Field,recover-20220922,001,1795
1474.0855,1474.0946,50390,54662,Pipistrellus pipistrellus,0.019,0.023,-1,Echolocation,/mnt/ubna_data_02_mir/recover-20220922/UBNA_001/20220921_090000.WAV,Telephone Field,recover-20220922,001,1795
1474.0895,1474.0977,28046,37367,Eptesicus serotinus,0.009,0.026,-1,Echolocation,/mnt/ubna_data_02_mir/recover-20220922/UBNA_001/20220921_090000.WAV,Telephone Field,recover-20220922,001,1795
1474.0985,1474.1099,22890,27263,Nyctalus leisleri,0.014,0.026,-1,Echolocation,/mnt/ubna_data_02_mir/recover-20220922/UBNA_001/20220921_090000.WAV,Telephone Field,recover-20220922,001,1795
1474.1515,1474.1928,68437,82455,Rhinolophus ferrumequinum,0.025,0.025,-1,Echolocation,/mnt/ubna_data_02_mir/recover-20220922/UBNA_001/20220921_090000.WAV,Telephone Field,recover-20220922,001,1795
1474.1755,1474.2144,68437,82461,Rhinolophus ferrumequinum,0.023,0.023,-1,Echolocation,/mnt/ubna_data_02_mir/recover-20220922/UBNA_001/20220921_090000.WAV,Telephone Field,recover-20220922,001,1795
1474.1845,1474.1914,28046,39163,Eptesicus serotinus,0.006,0.023,-1,Echolocation,/mnt/ubna_data_02_mir/recover-20220922/UBNA_001/20220921_090000.WAV,Telephone Field,recover-20220922,001,1795
1474.2755,1474.2864,23750,29785,Nyctalus leisleri,0.011,0.027,-1,Echolocation,/mnt/ubna_data_02_mir/recover-20220922/UBNA_001/20220921_090000.WAV,Telephone Field,recover-20220922,001,1795
1474.3115,1474.3186,27187,42300,Eptesicus serotinus,0.007,0.024,-1,Echolocation,/mnt/ubna_data_02_mir/recover-20220922/UBNA_001/20220921_090000.WAV,Telephone Field,recover-20220922,001,1795
1474.3285,1474.3665,68437,82194,Rhinolophus ferrumequinum,0.023,0.023,-1,Echolocation,/mnt/ubna_data_02_mir/recover-20220922/UBNA_001/20220921_090000.WAV,Telephone Field,recover-20220922,001,1795
1474.3315,1474.3384,27187,39879,Eptesicus serotinus,0.006,0.023,-1,Echolocation,/mnt/ubna_data_02_mir/recover-20220922/UBNA_001/20220921_090000.WAV,Telephone Field,recover-20220922,001,1795
1474.3615,1474.4068,68437,83282,Rhinolophus ferrumequinum,0.033,0.033,-1,Echolocation,/mnt/ubna_data_02_mir/recover-20220922/UBNA_001/20220921_090000.WAV,Telephone Field,recover-20220922,001,1795
1474.3855,1474.4267,68437,82151,Rhinolophus ferrumequinum,0.023,0.023,-1,Echolocation,/mnt/ubna_data_02_mir/recover-20220922/UBNA_001/20220921_090000.WAV,Telephone Field,recover-20220922,001,1795
1474.4605,1474.5012,68437,83007,Rhinolophus ferrumequinum,0.028,0.028,-1,Echolocation,/mnt/ubna_data_02_mir/recover-20220922/UBNA_001/20220921_090000.WAV,Telephone Field,recover-20220922,001,1795
1474.5035,1474.5478,68437,83170,Rhinolophus ferrumequinum,0.043,0.043,-1,Echolocation,/mnt/ubna_data_02_mir/recover-20220922/UBNA_001/20220921_090000.WAV,Telephone Field,recover-20220922,001,1795
1474.5555,1474.5947,68437,82565,Rhinolophus ferrumequinum,0.032,0.032,-1,Echolocation,/mnt/ubna_data_02_mir/recover-20220922/UBNA_001/20220921_090000.WAV,Telephone Field,recover-20220922,001,1795
1474.5705,1474.6114,68437,82224,Rhinolophus ferrumequinum,0.024,0.024,-1,Echolocation,/mnt/ubna_data_02_mir/recover-20220922/UBNA_001/20220921_090000.WAV,Telephone Field,recover-20220922,001,1795
1474.6085,1474.6497,68437,82809,Rhinolophus ferrumequinum,0.026,0.027,-1,Echolocation,/mnt/ubna_data_02_mir/recover-20220922/UBNA_001/20220921_090000.WAV,Telephone Field,recover-20220922,001,1795
1474.6815,1474.7227,68437,83393,Rhinolophus ferrumequinum,0.029,0.029,-1,Echolocation,/mnt/ubna_data_02_mir/recover-20220922/UBNA_001/20220921_090000.WAV,Telephone Field,recover-20220922,001,1795
1474.7495,1474.7932,68437,83067,Rhinolophus ferrumequinum,0.03,0.03,-1,Echolocation,/mnt/ubna_data_02_mir/recover-20220922/UBNA_001/20220921_090000.WAV,Telephone Field,recover-20220922,001,1795
1474.7565,1474.7631,24609,34696,Plecotus austriacus,0.014,0.036,-1,Echolocation,/mnt/ubna_data_02_mir/recover-20220922/UBNA_001/20220921_090000.WAV,Telephone Field,recover-20220922,001,1795
1474.7855,1474.8266,68437,82885,Rhinolophus ferrumequinum,0.025,0.025,-1,Echolocation,/mnt/ubna_data_02_mir/recover-20220922/UBNA_001/20220921_090000.WAV,Telephone Field,recover-20220922,001,1795
1474.8235,1474.8314,28046,39877,Eptesicus serotinus,0.008,0.025,-1,Echolocation,/mnt/ubna_data_02_mir/recover-20220922/UBNA_001/20220921_090000.WAV,Telephone Field,recover-20220922,001,1795
1474.8525,1474.8668,53828,58755,Pipistrellus pygmaeus,0.022,0.025,-1,Echolocation,/mnt/ubna_data_02_mir/recover-20220922/UBNA_001/20220921_090000.WAV,Telephone Field,recover-20220922,001,1795
1474.8535,1474.8924,68437,82685,Rhinolophus ferrumequinum,0.034,0.034,-1,Echolocation,/mnt/ubna_data_02_mir/recover-20220922/UBNA_001/20220921_090000.WAV,Telephone Field,recover-20220922,001,1795
1474.8655,1474.8826,20312,23651,Nyctalus leisleri,0.021,0.036,-1,Echolocation,/mnt/ubna_data_02_mir/recover-20220922/UBNA_001/20220921_090000.WAV,Telephone Field,recover-20220922,001,1795
1474.8675,1474.9088,68437,82957,Rhinolophus ferrumequinum,0.024,0.024,-1,Echolocation,/mnt/ubna_data_02_mir/recover-20220922/UBNA_001/20220921_090000.WAV,Telephone Field,recover-20220922,001,1795
1474.8955,1474.9061,28906,36284,Eptesicus serotinus,0.011,0.026,-1,Echolocation,/mnt/ubna_data_02_mir/recover-20220922/UBNA_001/20220921_090000.WAV,Telephone Field,recover-20220922,001,1795
1474.9855,1474.9923,23750,33819,Plecotus austriacus,0.027,0.048,-1,Echolocation,/mnt/ubna_data_02_mir/recover-20220922/UBNA_001/20220921_090000.WAV,Telephone Field,recover-20220922,001,1795
1474.9935,1475.0359,68437,83217,Rhinolophus ferrumequinum,0.027,0.027,-1,Echolocation,/mnt/ubna_data_02_mir/recover-20220922/UBNA_001/20220921_090000.WAV,Telephone Field,recover-20220922,001,1795
1475.0165,1475.0238,28046,40060,Eptesicus serotinus,0.008,0.026,-1,Echolocation,/mnt/ubna_data_02_mir/recover-20220922/UBNA_001/20220921_090000.WAV,Telephone Field,recover-20220922,001,1795
1475.0205,1475.0618,68437,82828,Rhinolophus ferrumequinum,0.039,0.039,-1,Echolocation,/mnt/ubna_data_02_mir/recover-20220922/UBNA_001/20220921_090000.WAV,Telephone Field,recover-20220922,001,1795
1475.0625,1475.071,25468,33541,Eptesicus serotinus,0.007,0.023,-1,Echolocation,/mnt/ubna_data_02_mir/recover-20220922/UBNA_001/20220921_090000.WAV,Telephone Field,recover-20220922,001,1795
1475.0825,1475.1188,68437,81379,Rhinolophus ferrumequinum,0.023,0.023,-1,Echolocation,/mnt/ubna_data_02_mir/recover-20220922/UBNA_001/20220921_090000.WAV,Telephone Field,recover-20220922,001,1795
1475.1015,1475.1124,27187,33547,Eptesicus serotinus,0.056,0.1,-1,Echolocation,/mnt/ubna_data_02_mir/recover-20220922/UBNA_001/20220921_090000.WAV,Telephone Field,recover-20220922,001,1795
1475.1095,1475.1455,68437,81736,Rhinolophus ferrumequinum,0.023,0.023,-1,Echolocation,/mnt/ubna_data_02_mir/recover-20220922/UBNA_001/20220921_090000.WAV,Telephone Field,recover-20220922,001,1795
1475.1395,1475.1807,68437,82665,Rhinolophus ferrumequinum,0.029,0.029,-1,Echolocation,/mnt/ubna_data_02_mir/recover-20220922/UBNA_001/20220921_090000.WAV,Telephone Field,recover-20220922,001,1795
1475.1555,1475.1646,28046,36851,Eptesicus serotinus,0.01,0.026,-1,Echolocation,/mnt/ubna_data_02_mir/recover-20220922/UBNA_001/20220921_090000.WAV,Telephone Field,recover-20220922,001,1795
1475.2005,1475.2406,68437,82415,Rhinolophus ferrumequinum,0.023,0.023,-1,Echolocation,/mnt/ubna_data_02_mir/recover-20220922/UBNA_001/20220921_090000.WAV,Telephone Field,recover-20220922,001,1795
1475.2725,1475.3105,68437,81754,Rhinolophus ferrumequinum,0.023,0.023,-1,Echolocation,/mnt/ubna_data_02_mir/recover-20220922/UBNA_001/20220921_090000.WAV,Telephone Field,recover-20220922,001,1795
1475.3195,1475.3609,68437,82880,Rhinolophus ferrumequinum,0.032,0.032,-1,Echolocation,/mnt/ubna_data_02_mir/recover-20220922/UBNA_001/20220921_090000.WAV,Telephone Field,recover-20220922,001,1795
1475.3275,1475.3659,68437,82548,Rhinolophus ferrumequinum,0.026,0.026,-1,Echolocation,/mnt/ubna_data_02_mir/recover-20220922/UBNA_001/20220921_090000.WAV,Telephone Field,recover-20220922,001,1795
1475.3355,1475.3752,68437,82546,Rhinolophus ferrumequinum,0.027,0.027,-1,Echolocation,/mnt/ubna_data_02_mir/recover-20220922/UBNA_001/20220921_090000.WAV,Telephone Field,recover-20220922,001,1795
1475.3615,1475.3731,44375,48540,Pipistrellus pipistrellus,0.042,0.05,-1,Echolocation,/mnt/ubna_data_02_mir/recover-20220922/UBNA_001/20220921_090000.WAV,Telephone Field,recover-20220922,001,1795
1475.3875,1475.3978,27187,33848,Eptesicus serotinus,0.012,0.026,-1,Echolocation,/mnt/ubna_data_02_mir/recover-20220922/UBNA_001/20220921_090000.WAV,Telephone Field,recover-20220922,001,1795
1475.4065,1475.4443,68437,81886,Rhinolophus ferrumequinum,0.029,0.029,-1,Echolocation,/mnt/ubna_data_02_mir/recover-20220922/UBNA_001/20220921_090000.WAV,Telephone Field,recover-20220922,001,1795
1475.4475,1475.4855,68437,81868,Rhinolophus ferrumequinum,0.023,0.023,-1,Echolocation,/mnt/ubna_data_02_mir/recover-20220922/UBNA_001/20220921_090000.WAV,Telephone Field,recover-20220922,001,1795
1475.4695,1475.5089,68437,82626,Rhinolophus ferrumequinum,0.023,0.023,-1,Echolocation,/mnt/ubna_data_02_mir/recover-20220922/UBNA_001/20220921_090000.WAV,Telephone Field,recover-20220922,001,1795
1475.5185,1475.5309,28906,35229,Eptesicus serotinus,0.016,0.029,-1,Echolocation,/mnt/ubna_data_02_mir/recover-20220922/UBNA_001/20220921_090000.WAV,Telephone Field,recover-20220922,001,1795
1475.5425,1475.5799,68437,81679,Rhinolophus ferrumequinum,0.023,0.023,-1,Echolocation,/mnt/ubna_data_02_mir/recover-20220922/UBNA_001/20220921_090000.WAV,Telephone Field,recover-20220922,001,1795
1475.5555,1475.5934,68437,82199,Rhinolophus ferrumequinum,0.024,0.024,-1,Echolocation,/mnt/ubna_data_02_mir/recover-20220922/UBNA_001/20220921_090000.WAV,Telephone Field,recover-20220922,001,1795
1475.5685,1475.5792,28906,36016,Eptesicus serotinus,0.013,0.027,-1,Echolocation,/mnt/ubna_data_02_mir/recover-20220922/UBNA_001/20220921_090000.WAV,Telephone Field,recover-20220922,001,1795
1475.6295,1475.6721,68437,83978,Rhinolophus ferrumequinum,0.036,0.036,-1,Echolocation,/mnt/ubna_data_02_mir/recover-20220922/UBNA_001/20220921_090000.WAV,Telephone Field,recover-20220922,001,1795
1475.6335,1475.6439,23750,30220,Nyctalus leisleri,0.01,0.025,-1,Echolocation,/mnt/ubna_data_02_mir/recover-20220922/UBNA_001/20220921_090000.WAV,Telephone Field,recover-20220922,001,1795
1475.6535,1475.6623,22890,30158,Plecotus austriacus,0.01,0.025,-1,Echolocation,/mnt/ubna_data_02_mir/recover-20220922/UBNA_001/20220921_090000.WAV,Telephone Field,recover-20220922,001,1795
1475.6955,1475.7352,68437,82656,Rhinolophus ferrumequinum,0.023,0.023,-1,Echolocation,/mnt/ubna_data_02_mir/recover-20220922/UBNA_001/20220921_090000.WAV,Telephone Field,recover-20220922,001,1795
1475.7145,1475.754,68437,82630,Rhinolophus ferrumequinum,0.023,0.023,-1,Echolocation,/mnt/ubna_data_02_mir/recover-20220922/UBNA_001/20220921_090000.WAV,Telephone Field,recover-20220922,001,1795
1475.7525,1475.7602,28046,37828,Eptesicus serotinus,0.012,0.031,-1,Echolocation,/mnt/ubna_data_02_mir/recover-20220922/UBNA_001/20220921_090000.WAV,Telephone Field,recover-20220922,001,1795
1475.7665,1475.7808,22890,27079,Nyctalus leisleri,0.017,0.03,-1,Echolocation,/mnt/ubna_data_02_mir/recover-20220922/UBNA_001/20220921_090000.WAV,Telephone Field,recover-20220922,001,1795
1475.7985,1475.8077,46953,51159,Pipistrellus pipistrellus,0.034,0.037,-1,Echolocation,/mnt/ubna_data_02_mir/recover-20220922/UBNA_001/20220921_090000.WAV,Telephone Field,recover-20220922,001,1795
1475.8225,1475.8626,68437,82257,Rhinolophus ferrumequinum,0.032,0.032,-1,Echolocation,/mnt/ubna_data_02_mir/recover-20220922/UBNA_001/20220921_090000.WAV,Telephone Field,recover-20220922,001,1795
1475.8865,1475.9241,68437,81405,Rhinolophus ferrumequinum,0.023,0.023,-1,Echolocation,/mnt/ubna_data_02_mir/recover-20220922/UBNA_001/20220921_090000.WAV,Telephone Field,recover-20220922,001,1795
1475.8915,1475.9272,68437,81728,Rhinolophus ferrumequinum,0.024,0.024,-1,Echolocation,/mnt/ubna_data_02_mir/recover-20220922/UBNA_001/20220921_090000.WAV,Telephone Field,recover-20220922,001,1795
1475.8985,1475.9076,44375,48887,Pipistrellus pipistrellus,0.022,0.025,-1,Echolocation,/mnt/ubna_data_02_mir/recover-20220922/UBNA_001/20220921_090000.WAV,Telephone Field,recover-20220922,001,1795
1475.9005,1475.9387,68437,81751,Rhinolophus ferrumequinum,0.024,0.024,-1,Echolocation,/mnt/ubna_data_02_mir/recover-20220922/UBNA_001/20220921_090000.WAV,Telephone Field,recover-20220922,001,1795
1475.9225,1475.9323,28046,37199,Eptesicus serotinus,0.01,0.023,-1,Echolocation,/mnt/ubna_data_02_mir/recover-20220922/UBNA_001/20220921_090000.WAV,Telephone Field,recover-20220922,001,1795
1476.0015,1476.0332,69296,80401,Rhinolophus ferrumequinum,0.048,0.048,-1,Echolocation,/mnt/ubna_data_02_mir/recover-20220922/UBNA_001/20220921_090000.WAV,Telephone Field,recover-20220922,001,1795
1476.0015,1476.0097,24609,33361,Nyctalus leisleri,0.008,0.025,-1,Echolocation,/mnt/ubna_data_02_mir/recover-20220922/UBNA_001/20220921_090000.WAV,Telephone Field,recover-20220922,001,1795
1476.0085,1476.0484,68437,81482,Rhinolophus ferrumequinum,0.022,0.022,-1,Echolocation,/mnt/ubna_data_02_mir/recover-20220922/UBNA_001/20220921_090000.WAV,Telephone Field,recover-20220922,001,1795
1476.0525,1476.0933,68437,82429,Rhinolophus ferrumequinum,0.024,0.024,-1,Echolocation,/mnt/ubna_data_02_mir/recover-20220922/UBNA_001/20220921_090000.WAV,Telephone Field,recover-20220922,001,1795
1476.1085,1476.147,68437,81946,Rhinolophus ferrumequinum,0.023,0.023,-1,Echolocation,/mnt/ubna_data_02_mir/recover-20220922/UBNA_001/20220921_090000.WAV,Telephone Field,recover-20220922,001,1795
1476.1605,1476.2006,68437,82718,Rhinolophus ferrumequinum,0.029,0.029,-1,Echolocation,/mnt/ubna_data_02_mir/recover-20220922/UBNA_001/20220921_090000.WAV,Telephone Field,recover-20220922,001,1795
1476.1825,1476.2241,68437,82853,Rhinolophus ferrumequinum,0.04,0.04,-1,Echolocation,/mnt/ubna_data_02_mir/recover-20220922/UBNA_001/20220921_090000.WAV,Telephone Field,recover-20220922,001,1795
1476.1895,1476.2335,68437,83344,Rhinolophus ferrumequinum,0.034,0.034,-1,Echolocation,/mnt/ubna_data_02_mir/recover-20220922/UBNA_001/20220921_090000.WAV,Telephone Field,recover-20220922,001,1795
1476.1965,1476.2074,22890,28204,Nyctalus leisleri,0.012,0.026,-1,Echolocation,/mnt/ubna_data_02_mir/recover-20220922/UBNA_001/20220921_090000.WAV,Telephone Field,recover-20220922,001,1795
1476.2185,1476.2266,28046,40093,Eptesicus serotinus,0.008,0.023,-1,Echolocation,/mnt/ubna_data_02_mir/recover-20220922/UBNA_001/20220921_090000.WAV,Telephone Field,recover-20220922,001,1795
1476.2195,1476.2556,68437,81538,Rhinolophus ferrumequinum,0.031,0.031,-1,Echolocation,/mnt/ubna_data_02_mir/recover-20220922/UBNA_001/20220921_090000.WAV,Telephone Field,recover-20220922,001,1795
1476.2415,1476.2788,68437,82336,Rhinolophus ferrumequinum,0.024,0.024,-1,Echolocation,/mnt/ubna_data_02_mir/recover-20220922/UBNA_001/20220921_090000.WAV,Telephone Field,recover-20220922,001,1795
1476.2475,1476.2841,68437,81964,Rhinolophus ferrumequinum,0.023,0.023,-1,Echolocation,/mnt/ubna_data_02_mir/recover-20220922/UBNA_001/20220921_090000.WAV,Telephone Field,recover-20220922,001,1795
1476.2785,1476.2884,26328,33735,Eptesicus serotinus,0.01,0.022,-1,Echolocation,/mnt/ubna_data_02_mir/recover-20220922/UBNA_001/20220921_090000.WAV,Telephone Field,recover-20220922,001,1795
1476.3565,1476.3931,68437,81136,Rhinolophus ferrumequinum,0.022,0.022,-1,Echolocation,/mnt/ubna_data_02_mir/recover-20220922/UBNA_001/20220921_090000.WAV,Telephone Field,recover-20220922,001,1795
1476.3835,1476.4216,68437,82819,Rhinolophus ferrumequinum,0.024,0.024,-1,Echolocation,/mnt/ubna_data_02_mir/recover-20220922/UBNA_001/20220921_090000.WAV,Telephone Field,recover-20220922,001,1795
1476.4085,1476.4511,68437,83117,Rhinolophus ferrumequinum,0.024,0.024,-1,Echolocation,/mnt/ubna_data_02_mir/recover-20220922/UBNA_001/20220921_090000.WAV,Telephone Field,recover-20220922,001,1795
1476.4325,1476.4421,28046,35757,Eptesicus serotinus,0.011,0.022,-1,Echolocation,/mnt/ubna_data_02_mir/recover-20220922/UBNA_001/20220921_090000.WAV,Telephone Field,recover-20220922,001,1795
1476.4665,1476.5049,68437,82438,Rhinolophus ferrumequinum,0.022,0.022,-1,Echolocation,/mnt/ubna_data_02_mir/recover-20220922/UBNA_001/20220921_090000.WAV,Telephone Field,recover-20220922,001,1795
1476.4795,1476.49,23750,29634,Nyctalus leisleri,0.012,0.027,-1,Echolocation,/mnt/ubna_data_02_mir/recover-20220922/UBNA_001/20220921_090000.WAV,Telephone Field,recover-20220922,001,1795
1476.5065,1476.5491,68437,83200,Rhinolophus ferrumequinum,0.042,0.042,-1,Echolocation,/mnt/ubna_data_02_mir/recover-20220922/UBNA_001/20220921_090000.WAV,Telephone Field,recover-20220922,001,1795
1476.5185,1476.526,28046,37553,Eptesicus serotinus,0.009,0.023,-1,Echolocation,/mnt/ubna_data_02_mir/recover-20220922/UBNA_001/20220921_090000.WAV,Telephone Field,recover-20220922,001,1795
1476.5315,1476.5727,68437,82579,Rhinolophus ferrumequinum,0.037,0.037,-1,Echolocation,/mnt/ubna_data_02_mir/recover-20220922/UBNA_001/20220921_090000.WAV,Telephone Field,recover-20220922,001,1795
1476.5455,1476.5858,68437,82751,Rhinolophus ferrumequinum,0.034,0.034,-1,Echolocation,/mnt/ubna_data_02_mir/recover-20220922/UBNA_001/20220921_090000.WAV,Telephone Field,recover-20220922,001,1795
1476.6395,1476.648,27187,36526,Eptesicus serotinus,0.008,0.022,-1,Echolocation,/mnt/ubna_data_02_mir/recover-20220922/UBNA_001/20220921_090000.WAV,Telephone Field,recover-20220922,001,1795
1476.6645,1476.704,68437,82157,Rhinolophus ferrumequinum,0.022,0.022,-1,Echolocation,/mnt/ubna_data_02_mir/recover-20220922/UBNA_001/20220921_090000.WAV,Telephone Field,recover-20220922,001,1795
1476.6955,1476.7382,68437,82878,Rhinolophus ferrumequinum,0.029,0.029,-1,Echolocation,/mnt/ubna_data_02_mir/recover-20220922/UBNA_001/20220921_090000.WAV,Telephone Field,recover-20220922,001,1795
1476.7275,1476.7693,68437,83410,Rhinolophus ferrumequinum,0.024,0.024,-1,Echolocation,/mnt/ubna_data_02_mir/recover-20220922/UBNA_001/20220921_090000.WAV,Telephone Field,recover-20220922,001,1795
1476.7515,1476.7914,68437,82888,Rhinolophus ferrumequinum,0.025,0.025,-1,Echolocation,/mnt/ubna_data_02_mir/recover-20220922/UBNA_001/20220921_090000.WAV,Telephone Field,recover-20220922,001,1795
1476.8345,1476.8719,68437,81882,Rhinolophus ferrumequinum,0.024,0.024,-1,Echolocation,/mnt/ubna_data_02_mir/recover-20220922/UBNA_001/20220921_090000.WAV,Telephone Field,recover-20220922,001,1795
1476.8715,1476.9117,68437,82456,Rhinolophus ferrumequinum,0.024,0.024,-1,Echolocation,/mnt/ubna_data_02_mir/recover-20220922/UBNA_001/20220921_090000.WAV,Telephone Field,recover-20220922,001,1795
1476.8725,1476.8858,14296,18648,Nyctalus noctula,0.022,0.035,-1,Echolocation,/mnt/ubna_data_02_mir/recover-20220922/UBNA_001/20220921_090000.WAV,Telephone Field,recover-20220922,001,1795
1476.8855,1476.8963,54687,59102,Pipistrellus pygmaeus,0.023,0.025,-1,Echolocation,/mnt/ubna_data_02_mir/recover-20220922/UBNA_001/20220921_090000.WAV,Telephone Field,recover-20220922,001,1795
1476.9105,1476.9513,68437,82515,Rhinolophus ferrumequinum,0.023,0.023,-1,Echolocation,/mnt/ubna_data_02_mir/recover-20220922/UBNA_001/20220921_090000.WAV,Telephone Field,recover-20220922,001,1795
1476.9135,1476.9202,24609,34813,Plecotus austriacus,0.007,0.023,-1,Echolocation,/mnt/ubna_data_02_mir/recover-20220922/UBNA_001/20220921_090000.WAV,Telephone Field,recover-20220922,001,1795
1476.9365,1476.9485,28906,36557,Eptesicus serotinus,0.021,0.033,-1,Echolocation,/mnt/ubna_data_02_mir/recover-20220922/UBNA_001/20220921_090000.WAV,Telephone Field,recover-20220922,001,1795
1476.9745,1476.9845,24609,32344,Eptesicus serotinus,0.009,0.027,-1,Echolocation,/mnt/ubna_data_02_mir/recover-20220922/UBNA_001/20220921_090000.WAV,Telephone Field,recover-20220922,001,1795
1476.9795,1476.9858,28906,40699,Eptesicus serotinus,0.008,0.027,-1,Echolocation,/mnt/ubna_data_02_mir/recover-20220922/UBNA_001/20220921_090000.WAV,Telephone Field,recover-20220922,001,1795
1476.9855,1477.0267,68437,82552,Rhinolophus ferrumequinum,0.023,0.023,-1,Echolocation,/mnt/ubna_data_02_mir/recover-20220922/UBNA_001/20220921_090000.WAV,Telephone Field,recover-20220922,001,1795
1476.9985,1477.0371,68437,81976,Rhinolophus ferrumequinum,0.025,0.025,-1,Echolocation,/mnt/ubna_data_02_mir/recover-20220922/UBNA_001/20220921_090000.WAV,Telephone Field,recover-20220922,001,1795
1477.0225,1477.0604,68437,81883,Rhinolophus ferrumequinum,0.024,0.024,-1,Echolocation,/mnt/ubna_data_02_mir/recover-20220922/UBNA_001/20220921_090000.WAV,Telephone Field,recover-20220922,001,1795
1477.0725,1477.1132,68437,82594,Rhinolophus ferrumequinum,0.035,0.035,-1,Echolocation,/mnt/ubna_data_02_mir/recover-20220922/UBNA_001/20220921_090000.WAV,Telephone Field,recover-20220922,001,1795
1477.0915,1477.1317,68437,82926,Rhinolophus ferrumequinum,0.024,0.024,-1,Echolocation,/mnt/ubna_data_02_mir/recover-20220922/UBNA_001/20220921_090000.WAV,Telephone Field,recover-20220922,001,1795
1477.0925,1477.1043,36640,42465,Pipistrellus nathusii,0.005,0.026,-1,Echolocation,/mnt/ubna_data_02_mir/recover-20220922/UBNA_001/20220921_090000.WAV,Telephone Field,recover-20220922,001,1795
1477.1675,1477.2062,68437,82385,Rhinolophus ferrumequinum,0.024,0.024,-1,Echolocation,/mnt/ubna_data_02_mir/recover-20220922/UBNA_001/20220921_090000.WAV,Telephone Field,recover-20220922,001,1795
1477.1845,1477.1914,23750,32857,Plecotus austriacus,0.016,0.036,-1,Echolocation,/mnt/ubna_data_02_mir/recover-20220922/UBNA_001/20220921_090000.WAV,Telephone Field,recover-20220922,001,1795
1477.2305,1477.2707,68437,82776,Rhinolophus ferrumequinum,0.024,0.024,-1,Echolocation,/mnt/ubna_data_02_mir/recover-20220922/UBNA_001/20220921_090000.WAV,Telephone Field,recover-20220922,001,1795
1477.2775,1477.2863,27187,37684,Eptesicus serotinus,0.012,0.028,-1,Echolocation,/mnt/ubna_data_02_mir/recover-20220922/UBNA_001/20220921_090000.WAV,Telephone Field,recover-20220922,001,1795
1477.2855,1477.3247,68437,82680,Rhinolophus ferrumequinum,0.029,0.029,-1,Echolocation,/mnt/ubna_data_02_mir/recover-20220922/UBNA_001/20220921_090000.WAV,Telephone Field,recover-20220922,001,1795
1477.2995,1477.3075,44375,52635,Pipistrellus pipistrellus,0.016,0.027,-1,Echolocation,/mnt/ubna_data_02_mir/recover-20220922/UBNA_001/20220921_090000.WAV,Telephone Field,recover-20220922,001,1795
1477.3135,1477.352,68437,82512,Rhinolophus ferrumequinum,0.022,0.022,-1,Echolocation,/mnt/ubna_data_02_mir/recover-20220922/UBNA_001/20220921_090000.WAV,Telephone Field,recover-20220922,001,1795
1477.3195,1477.3261,28906,39361,Eptesicus serotinus,0.01,0.031,-1,Echolocation,/mnt/ubna_data_02_mir/recover-20220922/UBNA_001/20220921_090000.WAV,Telephone Field,recover-20220922,001,1795
1477.3295,1477.3665,68437,81887,Rhinolophus ferrumequinum,0.023,0.023,-1,Echolocation,/mnt/ubna_data_02_mir/recover-20220922/UBNA_001/20220921_090000.WAV,Telephone Field,recover-20220922,001,1795
1477.3625,1477.3698,26328,42448,Eptesicus serotinus,0.007,0.022,-1,Echolocation,/mnt/ubna_data_02_mir/recover-20220922/UBNA_001/20220921_090000.WAV,Telephone Field,recover-20220922,001,1795
1477.3875,1477.3974,48671,55713,Pipistrellus pipistrellus,0.021,0.025,-1,Echolocation,/mnt/ubna_data_02_mir/recover-20220922/UBNA_001/20220921_090000.WAV,Telephone Field,recover-20220922,001,1795
1477.4075,1477.4451,68437,81668,Rhinolophus ferrumequinum,0.022,0.022,-1,Echolocation,/mnt/ubna_data_02_mir/recover-20220922/UBNA_001/20220921_090000.WAV,Telephone Field,recover-20220922,001,1795
1477.4165,1477.4544,68437,82365,Rhinolophus ferrumequinum,0.022,0.022,-1,Echolocation,/mnt/ubna_data_02_mir/recover-20220922/UBNA_001/20220921_090000.WAV,Telephone Field,recover-20220922,001,1795
1477.4385,1477.4779,68437,81705,Rhinolophus ferrumequinum,0.024,0.024,-1,Echolocation,/mnt/ubna_data_02_mir/recover-20220922/UBNA_001/20220921_090000.WAV,Telephone Field,recover-20220922,001,1795
1477.4775,1477.4864,28906,40194,Eptesicus serotinus,0.009,0.022,-1,Echolocation,/mnt/ubna_data_02_mir/recover-20220922/UBNA_001/20220921_090000.WAV,Telephone Field,recover-20220922,001,1795
1477.5245,1477.5654,68437,82940,Rhinolophus ferrumequinum,0.022,0.022,-1,Echolocation,/mnt/ubna_data_02_mir/recover-20220922/UBNA_001/20220921_090000.WAV,Telephone Field,recover-20220922,001,1795
1477.5725,1477.6145,68437,82861,Rhinolophus ferrumequinum,0.027,0.027,-1,Echolocation,/mnt/ubna_data_02_mir/recover-20220922/UBNA_001/20220921_090000.WAV,Telephone Field,recover-20220922,001,1795
1477.5955,1477.639,68437,82940,Rhinolophus ferrumequinum,0.024,0.024,-1,Echolocation,/mnt/ubna_data_02_mir/recover-20220922/UBNA_001/20220921_090000.WAV,Telephone Field,recover-20220922,001,1795
1477.6135,1477.6207,27187,39405,Eptesicus serotinus,0.01,0.026,-1,Echolocation,/mnt/ubna_data_02_mir/recover-20220922/UBNA_001/20220921_090000.WAV,Telephone Field,recover-20220922,001,1795
1477.6355,1477.6791,68437,83350,Rhinolophus ferrumequinum,0.036,0.036,-1,Echolocation,/mnt/ubna_data_02_mir/recover-20220922/UBNA_001/20220921_090000.WAV,Telephone Field,recover-20220922,001,1795
1477.6595,1477.6961,68437,81451,Rhinolophus ferrumequinum,0.023,0.023,-1,Echolocation,/mnt/ubna_data_02_mir/recover-20220922/UBNA_001/20220921_090000.WAV,Telephone Field,recover-20220922,001,1795
1477.6665,1477.7025,68437,80563,Rhinolophus ferrumequinum,0.024,0.025,-1,Echolocation,/mnt/ubna_data_02_mir/recover-20220922/UBNA_001/20220921_090000.WAV,Telephone Field,recover-20220922,001,1795
1477.6915,1477.6993,27187,40565,Eptesicus serotinus,0.007,0.022,-1,Echolocation,/mnt/ubna_data_02_mir/recover-20220922/UBNA_001/20220921_090000.WAV,Telephone Field,recover-20220922,001,1795
1477.7085,1477.7512,68437,82604,Rhinolophus ferrumequinum,0.041,0.041,-1,Echolocation,/mnt/ubna_data_02_mir/recover-20220922/UBNA_001/20220921_090000.WAV,Telephone Field,recover-20220922,001,1795
1477.7135,1477.7204,28046,40308,Eptesicus serotinus,0.006,0.022,-1,Echolocation,/mnt/ubna_data_02_mir/recover-20220922/UBNA_001/20220921_090000.WAV,Telephone Field,recover-20220922,001,1795
1477.7285,1477.7709,68437,83231,Rhinolophus ferrumequinum,0.027,0.027,-1,Echolocation,/mnt/ubna_data_02_mir/recover-20220922/UBNA_001/20220921_090000.WAV,Telephone Field,recover-20220922,001,1795
1477.7305,1477.7373,28046,40656,Eptesicus serotinus,0.007,0.022,-1,Echolocation,/mnt/ubna_data_02_mir/recover-20220922/UBNA_001/20220921_090000.WAV,Telephone Field,recover-20220922,001,1795
1477.7715,1477.8126,68437,83032,Rhinolophus ferrumequinum,0.03,0.03,-1,Echolocation,/mnt/ubna_data_02_mir/recover-20220922/UBNA_001/20220921_090000.WAV,Telephone Field,recover-20220922,001,1795
1477.7925,1477.832,68437,82857,Rhinolophus ferrumequinum,0.028,0.028,-1,Echolocation,/mnt/ubna_data_02_mir/recover-20220922/UBNA_001/20220921_090000.WAV,Telephone Field,recover-20220922,001,1795
1477.8415,1477.8487,28046,40172,Eptesicus serotinus,0.006,0.022,-1,Echolocation,/mnt/ubna_data_02_mir/recover-20220922/UBNA_001/20220921_090000.WAV,Telephone Field,recover-20220922,001,1795
1477.8475,1477.8863,68437,81919,Rhinolophus ferrumequinum,0.023,0.023,-1,Echolocation,/mnt/ubna_data_02_mir/recover-20220922/UBNA_001/20220921_090000.WAV,Telephone Field,recover-20220922,001,1795
1477.8615,1477.8732,22031,26575,Nyctalus leisleri,0.014,0.027,-1,Echolocation,/mnt/ubna_data_02_mir/recover-20220922/UBNA_001/20220921_090000.WAV,Telephone Field,recover-20220922,001,1795
1477.8855,1477.9267,68437,82131,Rhinolophus ferrumequinum,0.024,0.024,-1,Echolocation,/mnt/ubna_data_02_mir/recover-20220922/UBNA_001/20220921_090000.WAV,Telephone Field,recover-20220922,001,1795
1477.8945,1477.9351,68437,82935,Rhinolophus ferrumequinum,0.024,0.024,-1,Echolocation,/mnt/ubna_data_02_mir/recover-20220922/UBNA_001/20220921_090000.WAV,Telephone Field,recover-20220922,001,1795
1477.9175,1477.9565,68437,82102,Rhinolophus ferrumequinum,0.027,0.027,-1,Echolocation,/mnt/ubna_data_02_mir/recover-20220922/UBNA_001/20220921_090000.WAV,Telephone Field,recover-20220922,001,1795
1477.9435,1477.9858,68437,82794,Rhinolophus ferrumequinum,0.03,0.03,-1,Echolocation,/mnt/ubna_data_02_mir/recover-20220922/UBNA_001/20220921_090000.WAV,Telephone Field,recover-20220922,001,1795
1477.9725,1477.9834,22031,27008,Nyctalus leisleri,0.01,0.023,-1,Echolocation,/mnt/ubna_data_02_mir/recover-20220922/UBNA_001/20220921_090000.WAV,Telephone Field,recover-20220922,001,1795
1478.0015,1478.0356,68437,80718,Rhinolophus ferrumequinum,0.041,0.042,-1,Echolocation,/mnt/ubna_data_02_mir/recover-20220922/UBNA_001/20220921_090000.WAV,Telephone Field,recover-20220922,001,1795
1478.0015,1478.0102,21171,26798,Nyctalus leisleri,0.011,0.029,-1,Echolocation,/mnt/ubna_data_02_mir/recover-20220922/UBNA_001/20220921_090000.WAV,Telephone Field,recover-20220922,001,1795
1478.0155,1478.0582,68437,82909,Rhinolophus ferrumequinum,0.025,0.025,-1,Echolocation,/mnt/ubna_data_02_mir/recover-20220922/UBNA_001/20220921_090000.WAV,Telephone Field,recover-20220922,001,1795
1478.0435,1478.0524,28046,37181,Eptesicus serotinus,0.009,0.021,-1,Echolocation,/mnt/ubna_data_02_mir/recover-20220922/UBNA_001/20220921_090000.WAV,Telephone Field,recover-20220922,001,1795
1478.0735,1478.0805,44375,48251,Pipistrellus pipistrellus,0.022,0.024,-1,Echolocation,/mnt/ubna_data_02_mir/recover-20220922/UBNA_001/20220921_090000.WAV,Telephone Field,recover-20220922,001,1795
1478.1155,1478.1563,68437,82694,Rhinolophus ferrumequinum,0.033,0.033,-1,Echolocation,/mnt/ubna_data_02_mir/recover-20220922/UBNA_001/20220921_090000.WAV,Telephone Field,recover-20220922,001,1795
1478.1375,1478.146,28046,38067,Eptesicus serotinus,0.008,0.022,-1,Echolocation,/mnt/ubna_data_02_mir/recover-20220922/UBNA_001/20220921_090000.WAV,Telephone Field,recover-20220922,001,1795
1478.1475,1478.1868,68437,82867,Rhinolophus ferrumequinum,0.022,0.022,-1,Echolocation,/mnt/ubna_data_02_mir/recover-20220922/UBNA_001/20220921_090000.WAV,Telephone Field,recover-20220922,001,1795
1478.1645,1478.1966,68437,80160,Rhinolophus ferrumequinum,0.024,0.024,-1,Echolocation,/mnt/ubna_data_02_mir/recover-20220922/UBNA_001/20220921_090000.WAV,Telephone Field,recover-20220922,001,1795
1478.1775,1478.2141,68437,80928,Rhinolophus ferrumequinum,0.021,0.021,-1,Echolocation,/mnt/ubna_data_02_mir/recover-20220922/UBNA_001/20220921_090000.WAV,Telephone Field,recover-20220922,001,1795
1478.1895,1478.228,68437,82494,Rhinolophus ferrumequinum,0.034,0.034,-1,Echolocation,/mnt/ubna_data_02_mir/recover-20220922/UBNA_001/20220921_090000.WAV,Telephone Field,recover-20220922,001,1795
1478.1975,1478.2377,68437,82856,Rhinolophus ferrumequinum,0.027,0.027,-1,Echolocation,/mnt/ubna_data_02_mir/recover-20220922/UBNA_001/20220921_090000.WAV,Telephone Field,recover-20220922,001,1795
1478.1985,1478.2066,28046,38640,Eptesicus serotinus,0.008,0.023,-1,Echolocation,/mnt/ubna_data_02_mir/recover-20220922/UBNA_001/20220921_090000.WAV,Telephone Field,recover-20220922,001,1795
1478.2095,1478.2204,24609,30350,Nyctalus leisleri,0.012,0.029,-1,Echolocation,/mnt/ubna_data_02_mir/recover-20220922/UBNA_001/20220921_090000.WAV,Telephone Field,recover-20220922,001,1795
1478.2195,1478.2313,23750,29044,Nyctalus leisleri,0.012,0.025,-1,Echolocation,/mnt/ubna_data_02_mir/recover-20220922/UBNA_001/20220921_090000.WAV,Telephone Field,recover-20220922,001,1795
1478.2435,1478.2816,68437,82011,Rhinolophus ferrumequinum,0.021,0.021,-1,Echolocation,/mnt/ubna_data_02_mir/recover-20220922/UBNA_001/20220921_090000.WAV,Telephone Field,recover-20220922,001,1795
1478.2785,1478.3151,68437,81637,Rhinolophus ferrumequinum,0.028,0.028,-1,Echolocation,/mnt/ubna_data_02_mir/recover-20220922/UBNA_001/20220921_090000.WAV,Telephone Field,recover-20220922,001,1795
1478.2965,1478.336,68437,82555,Rhinolophus ferrumequinum,0.024,0.024,-1,Echolocation,/mnt/ubna_data_02_mir/recover-20220922/UBNA_001/20220921_090000.WAV,Telephone Field,recover-20220922,001,1795
1478.3025,1478.3427,68437,82578,Rhinolophus ferrumequinum,0.027,0.027,-1,Echolocation,/mnt/ubna_data_02_mir/recover-20220922/UBNA_001/20220921_090000.WAV,Telephone Field,recover-20220922,001,1795
1478.3355,1478.346,25468,33078,Eptesicus serotinus,0.009,0.025,-1,Echolocation,/mnt/ubna_data_02_mir/recover-20220922/UBNA_001/20220921_090000.WAV,Telephone Field,recover-20220922,001,1795
1478.3375,1478.3763,68437,82586,Rhinolophus ferrumequinum,0.024,0.024,-1,Echolocation,/mnt/ubna_data_02_mir/recover-20220922/UBNA_001/20220921_090000.WAV,Telephone Field,recover-20220922,001,1795
1478.3405,1478.3511,44375,49905,Pipistrellus pipistrellus,0.024,0.027,-1,Echolocation,/mnt/ubna_data_02_mir/recover-20220922/UBNA_001/20220921_090000.WAV,Telephone Field,recover-20220922,001,1795
1478.3495,1478.3874,68437,81965,Rhinolophus ferrumequinum,0.023,0.023,-1,Echolocation,/mnt/ubna_data_02_mir/recover-20220922/UBNA_001/20220921_090000.WAV,Telephone Field,recover-20220922,001,1795
1478.3625,1478.3723,28046,35951,Eptesicus serotinus,0.01,0.021,-1,Echolocation,/mnt/ubna_data_02_mir/recover-20220922/UBNA_001/20220921_090000.WAV,Telephone Field,recover-20220922,001,1795
1478.3705,1478.4068,68437,81520,Rhinolophus ferrumequinum,0.022,0.022,-1,Echolocation,/mnt/ubna_data_02_mir/recover-20220922/UBNA_001/20220921_090000.WAV,Telephone Field,recover-20220922,001,1795
1478.3955,1478.4332,68437,82357,Rhinolophus ferrumequinum,0.023,0.023,-1,Echolocation,/mnt/ubna_data_02_mir/recover-20220922/UBNA_001/20220921_090000.WAV,Telephone Field,recover-20220922,001,1795
1478.4235,1478.4311,58984,65033,Pipistrellus pygmaeus,0.021,0.021,-1,Echolocation,/mnt/ubna_data_02_mir/recover-20220922/UBNA_001/20220921_090000.WAV,Telephone Field,recover-20220922,001,1795
1478.5105,1478.5199,27187,35348,Eptesicus serotinus,0.011,0.025,-1,Echolocation,/mnt/ubna_data_02_mir/recover-20220922/UBNA_001/20220921_090000.WAV,Telephone Field,recover-20220922,001,1795
1478.5225,1478.5621,68437,82369,Rhinolophus ferrumequinum,0.024,0.024,-1,Echolocation,/mnt/ubna_data_02_mir/recover-20220922/UBNA_001/20220921_090000.WAV,Telephone Field,recover-20220922,001,1795
1478.5425,1478.5491,28046,38473,Eptesicus serotinus,0.006,0.021,-1,Echolocation,/mnt/ubna_data_02_mir/recover-20220922/UBNA_001/20220921_090000.WAV,Telephone Field,recover-20220922,001,1795
1478.5475,1478.5581,22890,27846,Nyctalus leisleri,0.011,0.022,-1,Echolocation,/mnt/ubna_data_02_mir/recover-20220922/UBNA_001/20220921_090000.WAV,Telephone Field,recover-20220922,001,1795
1478.5545,1478.5962,68437,82933,Rhinolophus ferrumequinum,0.039,0.039,-1,Echolocation,/mnt/ubna_data_02_mir/recover-20220922/UBNA_001/20220921_090000.WAV,Telephone Field,recover-20220922,001,1795
1478.5565,1478.5711,21171,24400,Nyctalus leisleri,0.014,0.022,-1,Echolocation,/mnt/ubna_data_02_mir/recover-20220922/UBNA_001/20220921_090000.WAV,Telephone Field,recover-20220922,001,1795
1478.5695,1478.6025,68437,80588,Rhinolophus ferrumequinum,0.022,0.022,-1,Echolocation,/mnt/ubna_data_02_mir/recover-20220922/UBNA_001/20220921_090000.WAV,Telephone Field,recover-20220922,001,1795
1478.5835,1478.6201,68437,81740,Rhinolophus ferrumequinum,0.021,0.021,-1,Echolocation,/mnt/ubna_data_02_mir/recover-20220922/UBNA_001/20220921_090000.WAV,Telephone Field,recover-20220922,001,1795
1478.5965,1478.6378,68437,82613,Rhinolophus ferrumequinum,0.023,0.023,-1,Echolocation,/mnt/ubna_data_02_mir/recover-20220922/UBNA_001/20220921_090000.WAV,Telephone Field,recover-20220922,001,1795
1478.6045,1478.6451,68437,82850,Rhinolophus ferrumequinum,0.024,0.024,-1,Echolocation,/mnt/ubna_data_02_mir/recover-20220922/UBNA_001/20220921_090000.WAV,Telephone Field,recover-20220922,001,1795
1478.6355,1478.6737,68437,81737,Rhinolophus ferrumequinum,0.021,0.021,-1,Echolocation,/mnt/ubna_data_02_mir/recover-20220922/UBNA_001/20220921_090000.WAV,Telephone Field,recover-20220922,001,1795
1478.6435,1478.6808,68437,81891,Rhinolophus ferrumequinum,0.021,0.021,-1,Echolocation,/mnt/ubna_data_02_mir/recover-20220922/UBNA_001/20220921_090000.WAV,Telephone Field,recover-20220922,001,1795
1478.6705,1478.6795,22890,29399,Plecotus austriacus,0.01,0.027,-1,Echolocation,/mnt/ubna_data_02_mir/recover-20220922/UBNA_001/20220921_090000.WAV,Telephone Field,recover-20220922,001,1795
1478.6945,1478.7023,22031,30001,Plecotus austriacus,0.011,0.022,-1,Echolocation,/mnt/ubna_data_02_mir/recover-20220922/UBNA_001/20220921_090000.WAV,Telephone Field,recover-20220922,001,1795
1478.7165,1478.7573,68437,82483,Rhinolophus ferrumequinum,0.022,0.022,-1,Echolocation,/mnt/ubna_data_02_mir/recover-20220922/UBNA_001/20220921_090000.WAV,Telephone Field,recover-20220922,001,1795
1478.7205,1478.731,23750,29838,Nyctalus leisleri,0.01,0.024,-1,Echolocation,/mnt/ubna_data_02_mir/recover-20220922/UBNA_001/20220921_090000.WAV,Telephone Field,recover-20220922,001,1795
1478.7295,1478.769,68437,82653,Rhinolophus ferrumequinum,0.022,0.022,-1,Echolocation,/mnt/ubna_data_02_mir/recover-20220922/UBNA_001/20220921_090000.WAV,Telephone Field,recover-20220922,001,1795
1478.7405,1478.7473,28046,41092,Eptesicus serotinus,0.006,0.025,-1,Echolocation,/mnt/ubna_data_02_mir/recover-20220922/UBNA_001/20220921_090000.WAV,Telephone Field,recover-20220922,001,1795
1478.7595,1478.7963,68437,82029,Rhinolophus ferrumequinum,0.024,0.024,-1,Echolocation,/mnt/ubna_data_02_mir/recover-20220922/UBNA_001/20220921_090000.WAV,Telephone Field,recover-20220922,001,1795
1478.8055,1478.8446,68437,81983,Rhinolophus ferrumequinum,0.021,0.021,-1,Echolocation,/mnt/ubna_data_02_mir/recover-20220922/UBNA_001/20220921_090000.WAV,Telephone Field,recover-20220922,001,1795
1478.8075,1478.8181,24609,30850,Nyctalus leisleri,0.008,0.022,-1,Echolocation,/mnt/ubna_data_02_mir/recover-20220922/UBNA_001/20220921_090000.WAV,Telephone Field,recover-20220922,001,1795
1478.8195,1478.8269,30625,42530,Myotis daubentonii,0.007,0.022,-1,Echolocation,/mnt/ubna_data_02_mir/recover-20220922/UBNA_001/20220921_090000.WAV,Telephone Field,recover-20220922,001,1795
1478.8315,1478.85,19453,22880,Nyctalus noctula,0.019,0.039,-1,Echolocation,/mnt/ubna_data_02_mir/recover-20220922/UBNA_001/20220921_090000.WAV,Telephone Field,recover-20220922,001,1795
1478.8505,1478.8901,68437,82514,Rhinolophus ferrumequinum,0.026,0.026,-1,Echolocation,/mnt/ubna_data_02_mir/recover-20220922/UBNA_001/20220921_090000.WAV,Telephone Field,recover-20220922,001,1795
1478.9015,1478.9373,68437,81342,Rhinolophus ferrumequinum,0.022,0.022,-1,Echolocation,/mnt/ubna_data_02_mir/recover-20220922/UBNA_001/20220921_090000.WAV,Telephone Field,recover-20220922,001,1795
1478.9505,1478.9599,23750,30330,Nyctalus leisleri,0.007,0.022,-1,Echolocation,/mnt/ubna_data_02_mir/recover-20220922/UBNA_001/20220921_090000.WAV,Telephone Field,recover-20220922,001,1795
1478.9525,1478.9907,68437,82244,Rhinolophus ferrumequinum,0.023,0.023,-1,Echolocation,/mnt/ubna_data_02_mir/recover-20220922/UBNA_001/20220921_090000.WAV,Telephone Field,recover-20220922,001,1795
1478.9785,1479.0163,68437,81892,Rhinolophus ferrumequinum,0.023,0.023,-1,Echolocation,/mnt/ubna_data_02_mir/recover-20220922/UBNA_001/20220921_090000.WAV,Telephone Field,recover-20220922,001,1795
1479.0475,1479.0861,68437,82241,Rhinolophus ferrumequinum,0.022,0.022,-1,Echolocation,/mnt/ubna_data_02_mir/recover-20220922/UBNA_001/20220921_090000.WAV,Telephone Field,recover-20220922,001,1795
1479.0705,1479.0802,25468,33000,Eptesicus serotinus,0.017,0.036,-1,Echolocation,/mnt/ubna_data_02_mir/recover-20220922/UBNA_001/20220921_090000.WAV,Telephone Field,recover-20220922,001,1795
1479.0865,1479.128,68437,82449,Rhinolophus ferrumequinum,0.026,0.026,-1,Echolocation,/mnt/ubna_data_02_mir/recover-20220922/UBNA_001/20220921_090000.WAV,Telephone Field,recover-20220922,001,1795
1479.1225,1479.166,68437,83161,Rhinolophus ferrumequinum,0.03,0.03,-1,Echolocation,/mnt/ubna_data_02_mir/recover-20220922/UBNA_001/20220921_090000.WAV,Telephone Field,recover-20220922,001,1795
1479.1525,1479.161,44375,51374,Pipistrellus pipistrellus,0.016,0.022,-1,Echolocation,/mnt/ubna_data_02_mir/recover-20220922/UBNA_001/20220921_090000.WAV,Telephone Field,recover-20220922,001,1795
1479.1925,1479.2309,68437,82138,Rhinolophus ferrumequinum,0.022,0.022,-1,Echolocation,/mnt/ubna_data_02_mir/recover-20220922/UBNA_001/20220921_090000.WAV,Telephone Field,recover-20220922,001,1795
1479.1975,1479.2081,24609,31310,Eptesicus serotinus,0.01,0.026,-1,Echolocation,/mnt/ubna_data_02_mir/recover-20220922/UBNA_001/20220921_090000.WAV,Telephone Field,recover-20220922,001,1795
1479.2185,1479.2623,68437,82534,Rhinolophus ferrumequinum,0.024,0.024,-1,Echolocation,/mnt/ubna_data_02_mir/recover-20220922/UBNA_001/20220921_090000.WAV,Telephone Field,recover-20220922,001,1795
1479.2485,1479.2911,68437,82886,Rhinolophus ferrumequinum,0.034,0.034,-1,Echolocation,/mnt/ubna_data_02_mir/recover-20220922/UBNA_001/20220921_090000.WAV,Telephone Field,recover-20220922,001,1795
1479.2955,1479.3068,28046,33670,Eptesicus serotinus,0.01,0.023,-1,Echolocation,/mnt/ubna_data_02_mir/recover-20220922/UBNA_001/20220921_090000.WAV,Telephone Field,recover-20220922,001,1795
1479.3045,1479.3126,28046,38507,Eptesicus serotinus,0.007,0.022,-1,Echolocation,/mnt/ubna_data_02_mir/recover-20220922/UBNA_001/20220921_090000.WAV,Telephone Field,recover-20220922,001,1795
1479.3215,1479.3299,46093,51554,Pipistrellus pipistrellus,0.021,0.023,-1,Echolocation,/mnt/ubna_data_02_mir/recover-20220922/UBNA_001/20220921_090000.WAV,Telephone Field,recover-20220922,001,1795
1479.3235,1479.3654,68437,82978,Rhinolophus ferrumequinum,0.026,0.026,-1,Echolocation,/mnt/ubna_data_02_mir/recover-20220922/UBNA_001/20220921_090000.WAV,Telephone Field,recover-20220922,001,1795
1479.3295,1479.3427,24609,30609,Nyctalus leisleri,0.011,0.026,-1,Echolocation,/mnt/ubna_data_02_mir/recover-20220922/UBNA_001/20220921_090000.WAV,Telephone Field,recover-20220922,001,1795
1479.4315,1479.4717,68437,82263,Rhinolophus ferrumequinum,0.023,0.023,-1,Echolocation,/mnt/ubna_data_02_mir/recover-20220922/UBNA_001/20220921_090000.WAV,Telephone Field,recover-20220922,001,1795
1479.4335,1479.4417,49531,55445,Pipistrellus pipistrellus,0.023,0.025,-1,Echolocation,/mnt/ubna_data_02_mir/recover-20220922/UBNA_001/20220921_090000.WAV,Telephone Field,recover-20220922,001,1795
1479.4365,1479.4511,22031,25185,Nyctalus leisleri,0.019,0.03,-1,Echolocation,/mnt/ubna_data_02_mir/recover-20220922/UBNA_001/20220921_090000.WAV,Telephone Field,recover-20220922,001,1795
1479.5095,1479.5472,68437,81894,Rhinolophus ferrumequinum,0.026,0.026,-1,Echolocation,/mnt/ubna_data_02_mir/recover-20220922/UBNA_001/20220921_090000.WAV,Telephone Field,recover-20220922,001,1795
1479.5515,1479.5855999999999,68437,81277,Rhinolophus ferrumequinum,0.021,0.021,-1,Echolocation,/mnt/ubna_data_02_mir/recover-20220922/UBNA_001/20220921_090000.WAV,Telephone Field,recover-20220922,001,1795
1479.5815,1479.6208,68437,81905,Rhinolophus ferrumequinum,0.023,0.023,-1,Echolocation,/mnt/ubna_data_02_mir/recover-20220922/UBNA_001/20220921_090000.WAV,Telephone Field,recover-20220922,001,1795
1479.6185,1479.6625,68437,83453,Rhinolophus ferrumequinum,0.034,0.034,-1,Echolocation,/mnt/ubna_data_02_mir/recover-20220922/UBNA_001/20220921_090000.WAV,Telephone Field,recover-20220922,001,1795
1479.6395,1479.6497,28906,35924,Eptesicus serotinus,0.009,0.021,-1,Echolocation,/mnt/ubna_data_02_mir/recover-20220922/UBNA_001/20220921_090000.WAV,Telephone Field,recover-20220922,001,1795
1479.6425,1479.6816,68437,82402,Rhinolophus ferrumequinum,0.021,0.021,-1,Echolocation,/mnt/ubna_data_02_mir/recover-20220922/UBNA_001/20220921_090000.WAV,Telephone Field,recover-20220922,001,1795
1479.6675,1479.7093,68437,82853,Rhinolophus ferrumequinum,0.03,0.03,-1,Echolocation,/mnt/ubna_data_02_mir/recover-20220922/UBNA_001/20220921_090000.WAV,Telephone Field,recover-20220922,001,1795
1479.6885,1479.7276,68437,82285,Rhinolophus ferrumequinum,0.022,0.022,-1,Echolocation,/mnt/ubna_data_02_mir/recover-20220922/UBNA_001/20220921_090000.WAV,Telephone Field,recover-20220922,001,1795
1479.7085,1479.7152,26328,39342,Eptesicus serotinus,0.006,0.022,-1,Echolocation,/mnt/ubna_data_02_mir/recover-20220922/UBNA_001/20220921_090000.WAV,Telephone Field,recover-20220922,001,1795
1479.7155,1479.7538,68437,81804,Rhinolophus ferrumequinum,0.023,0.023,-1,Echolocation,/mnt/ubna_data_02_mir/recover-20220922/UBNA_001/20220921_090000.WAV,Telephone Field,recover-20220922,001,1795
1479.7495,1479.7892,68437,82556,Rhinolophus ferrumequinum,0.024,0.025,-1,Echolocation,/mnt/ubna_data_02_mir/recover-20220922/UBNA_001/20220921_090000.WAV,Telephone Field,recover-20220922,001,1795
1479.7535,1479.7622,28046,38293,Eptesicus serotinus,0.008,0.022,-1,Echolocation,/mnt/ubna_data_02_mir/recover-20220922/UBNA_001/20220921_090000.WAV,Telephone Field,recover-20220922,001,1795
1479.7545,1479.7648,22031,27057,Nyctalus leisleri,0.01,0.022,-1,Echolocation,/mnt/ubna_data_02_mir/recover-20220922/UBNA_001/20220921_090000.WAV,Telephone Field,recover-20220922,001,1795
1479.7675,1479.8073,68437,82784,Rhinolophus ferrumequinum,0.022,0.022,-1,Echolocation,/mnt/ubna_data_02_mir/recover-20220922/UBNA_001/20220921_090000.WAV,Telephone Field,recover-20220922,001,1795
1479.7785,1479.8181,68437,82422,Rhinolophus ferrumequinum,0.022,0.022,-1,Echolocation,/mnt/ubna_data_02_mir/recover-20220922/UBNA_001/20220921_090000.WAV,Telephone Field,recover-20220922,001,1795
1479.7855,1479.7945,23750,30658,Nyctalus leisleri,0.007,0.022,-1,Echolocation,/mnt/ubna_data_02_mir/recover-20220922/UBNA_001/20220921_090000.WAV,Telephone Field,recover-20220922,001,1795
1479.7875,1479.8214,68437,80947,Rhinolophus ferrumequinum,0.024,0.024,-1,Echolocation,/mnt/ubna_data_02_mir/recover-20220922/UBNA_001/20220921_090000.WAV,Telephone Field,recover-20220922,001,1795
1479.7975,1479.8359,68437,82046,Rhinolophus ferrumequinum,0.024,0.024,-1,Echolocation,/mnt/ubna_data_02_mir/recover-20220922/UBNA_001/20220921_090000.WAV,Telephone Field,recover-20220922,001,1795
1479.8165,1479.8244,28046,36739,Eptesicus serotinus,0.01,0.026,-1,Echolocation,/mnt/ubna_data_02_mir/recover-20220922/UBNA_001/20220921_090000.WAV,Telephone Field,recover-20220922,001,1795
1479.8285,1479.8656,68437,81607,Rhinolophus ferrumequinum,0.021,0.022,-1,Echolocation,/mnt/ubna_data_02_mir/recover-20220922/UBNA_001/20220921_090000.WAV,Telephone Field,recover-20220922,001,1795
1479.8465,1479.8549,25468,33331,Eptesicus serotinus,0.007,0.023,-1,Echolocation,/mnt/ubna_data_02_mir/recover-20220922/UBNA_001/20220921_090000.WAV,Telephone Field,recover-20220922,001,1795
1479.8515,1479.8937,68437,83066,Rhinolophus ferrumequinum,0.03,0.03,-1,Echolocation,/mnt/ubna_data_02_mir/recover-20220922/UBNA_001/20220921_090000.WAV,Telephone Field,recover-20220922,001,1795
1479.8725,1479.8826,24609,30546,Nyctalus leisleri,0.01,0.025,-1,Echolocation,/mnt/ubna_data_02_mir/recover-20220922/UBNA_001/20220921_090000.WAV,Telephone Field,recover-20220922,001,1795
1479.8755,1479.9176,68437,82902,Rhinolophus ferrumequinum,0.029,0.029,-1,Echolocation,/mnt/ubna_data_02_mir/recover-20220922/UBNA_001/20220921_090000.WAV,Telephone Field,recover-20220922,001,1795
1479.9035,1479.9442,68437,83050,Rhinolophus ferrumequinum,0.024,0.024,-1,Echolocation,/mnt/ubna_data_02_mir/recover-20220922/UBNA_001/20220921_090000.WAV,Telephone Field,recover-20220922,001,1795
1479.9185,1479.957,68437,82136,Rhinolophus ferrumequinum,0.022,0.022,-1,Echolocation,/mnt/ubna_data_02_mir/recover-20220922/UBNA_001/20220921_090000.WAV,Telephone Field,recover-20220922,001,1795
1479.9445,1479.9835,68437,82205,Rhinolophus ferrumequinum,0.023,0.023,-1,Echolocation,/mnt/ubna_data_02_mir/recover-20220922/UBNA_001/20220921_090000.WAV,Telephone Field,recover-20220922,001,1795
1480.0015,1480.0102,36640,43894,Pipistrellus nathusii,0.014,0.026,-1,Echolocation,/mnt/ubna_data_02_mir/recover-20220922/UBNA_001/20220921_090000.WAV,Telephone Field,recover-20220922,001,1795
1480.0015,1480.0331,68437,80053,Rhinolophus ferrumequinum,0.021,0.021,-1,Echolocation,/mnt/ubna_data_02_mir/recover-20220922/UBNA_001/20220921_090000.WAV,Telephone Field,recover-20220922,001,1795
1480.0015,1480.0093,47812,54231,Pipistrellus pipistrellus,0.018,0.025,-1,Echolocation,/mnt/ubna_data_02_mir/recover-20220922/UBNA_001/20220921_090000.WAV,Telephone Field,recover-20220922,001,1795
1480.0015,1480.01,22890,31009,Nyctalus leisleri,0.01,0.034,-1,Echolocation,/mnt/ubna_data_02_mir/recover-20220922/UBNA_001/20220921_090000.WAV,Telephone Field,recover-20220922,001,1795
1480.0805,1480.1212,68437,82879,Rhinolophus ferrumequinum,0.024,0.024,-1,Echolocation,/mnt/ubna_data_02_mir/recover-20220922/UBNA_001/20220921_090000.WAV,Telephone Field,recover-20220922,001,1795
1480.1085,1480.1201,23750,28909,Nyctalus leisleri,0.014,0.027,-1,Echolocation,/mnt/ubna_data_02_mir/recover-20220922/UBNA_001/20220921_090000.WAV,Telephone Field,recover-20220922,001,1795
1480.1305,1480.1387,47812,51598,Pipistrellus pipistrellus,0.055,0.058,-1,Echolocation,/mnt/ubna_data_02_mir/recover-20220922/UBNA_001/20220921_090000.WAV,Telephone Field,recover-20220922,001,1795
1480.1475,1480.1659,19453,21951,Nyctalus leisleri,0.013,0.021,-1,Echolocation,/mnt/ubna_data_02_mir/recover-20220922/UBNA_001/20220921_090000.WAV,Telephone Field,recover-20220922,001,1795
1480.1735,1480.2145,68437,82591,Rhinolophus ferrumequinum,0.022,0.022,-1,Echolocation,/mnt/ubna_data_02_mir/recover-20220922/UBNA_001/20220921_090000.WAV,Telephone Field,recover-20220922,001,1795
1480.2015,1480.2377,68437,81337,Rhinolophus ferrumequinum,0.023,0.023,-1,Echolocation,/mnt/ubna_data_02_mir/recover-20220922/UBNA_001/20220921_090000.WAV,Telephone Field,recover-20220922,001,1795
1480.2205,1480.2624,68437,82815,Rhinolophus ferrumequinum,0.025,0.026,-1,Echolocation,/mnt/ubna_data_02_mir/recover-20220922/UBNA_001/20220921_090000.WAV,Telephone Field,recover-20220922,001,1795
1480.2565,1480.2984,68437,82683,Rhinolophus ferrumequinum,0.028,0.028,-1,Echolocation,/mnt/ubna_data_02_mir/recover-20220922/UBNA_001/20220921_090000.WAV,Telephone Field,recover-20220922,001,1795
1480.3005,1480.344,68437,83475,Rhinolophus ferrumequinum,0.035,0.035,-1,Echolocation,/mnt/ubna_data_02_mir/recover-20220922/UBNA_001/20220921_090000.WAV,Telephone Field,recover-20220922,001,1795
1480.3035,1480.3114,27187,37839,Eptesicus serotinus,0.007,0.022,-1,Echolocation,/mnt/ubna_data_02_mir/recover-20220922/UBNA_001/20220921_090000.WAV,Telephone Field,recover-20220922,001,1795
1480.3195,1480.3299,22031,26329,Nyctalus leisleri,0.011,0.021,-1,Echolocation,/mnt/ubna_data_02_mir/recover-20220922/UBNA_001/20220921_090000.WAV,Telephone Field,recover-20220922,001,1795
1480.3325,1480.3717,68437,82613,Rhinolophus ferrumequinum,0.029,0.029,-1,Echolocation,/mnt/ubna_data_02_mir/recover-20220922/UBNA_001/20220921_090000.WAV,Telephone Field,recover-20220922,001,1795
1480.4075,1480.4166,25468,33125,Eptesicus serotinus,0.009,0.026,-1,Echolocation,/mnt/ubna_data_02_mir/recover-20220922/UBNA_001/20220921_090000.WAV,Telephone Field,recover-20220922,001,1795
1480.4415,1480.4797,68437,82193,Rhinolophus ferrumequinum,0.035,0.035,-1,Echolocation,/mnt/ubna_data_02_mir/recover-20220922/UBNA_001/20220921_090000.WAV,Telephone Field,recover-20220922,001,1795
1480.4585,1480.4944,68437,81622,Rhinolophus ferrumequinum,0.025,0.025,-1,Echolocation,/mnt/ubna_data_02_mir/recover-20220922/UBNA_001/20220921_090000.WAV,Telephone Field,recover-20220922,001,1795
1480.4725,1480.5105,68437,81903,Rhinolophus ferrumequinum,0.023,0.023,-1,Echolocation,/mnt/ubna_data_02_mir/recover-20220922/UBNA_001/20220921_090000.WAV,Telephone Field,recover-20220922,001,1795
1480.4835,1480.4902,34921,42583,Myotis daubentonii,0.008,0.022,-1,Echolocation,/mnt/ubna_data_02_mir/recover-20220922/UBNA_001/20220921_090000.WAV,Telephone Field,recover-20220922,001,1795
1480.4835,1480.4909,28046,38323,Eptesicus serotinus,0.008,0.022,-1,Echolocation,/mnt/ubna_data_02_mir/recover-20220922/UBNA_001/20220921_090000.WAV,Telephone Field,recover-20220922,001,1795
1480.4935,1480.5006,46953,53461,Pipistrellus pipistrellus,0.021,0.023,-1,Echolocation,/mnt/ubna_data_02_mir/recover-20220922/UBNA_001/20220921_090000.WAV,Telephone Field,recover-20220922,001,1795
1480.4955,1480.5347,68437,82033,Rhinolophus ferrumequinum,0.024,0.024,-1,Echolocation,/mnt/ubna_data_02_mir/recover-20220922/UBNA_001/20220921_090000.WAV,Telephone Field,recover-20220922,001,1795
1480.5065,1480.5455,68437,82314,Rhinolophus ferrumequinum,0.023,0.023,-1,Echolocation,/mnt/ubna_data_02_mir/recover-20220922/UBNA_001/20220921_090000.WAV,Telephone Field,recover-20220922,001,1795
1480.5285,1480.5378,24609,32865,Eptesicus serotinus,0.008,0.021,-1,Echolocation,/mnt/ubna_data_02_mir/recover-20220922/UBNA_001/20220921_090000.WAV,Telephone Field,recover-20220922,001,1795
1480.5335,1480.5743,68437,82143,Rhinolophus ferrumequinum,0.026,0.026,-1,Echolocation,/mnt/ubna_data_02_mir/recover-20220922/UBNA_001/20220921_090000.WAV,Telephone Field,recover-20220922,001,1795
1480.5695,1480.6074,68437,81989,Rhinolophus ferrumequinum,0.023,0.023,-1,Echolocation,/mnt/ubna_data_02_mir/recover-20220922/UBNA_001/20220921_090000.WAV,Telephone Field,recover-20220922,001,1795
1480.5795,1480.6179,68437,82214,Rhinolophus ferrumequinum,0.022,0.022,-1,Echolocation,/mnt/ubna_data_02_mir/recover-20220922/UBNA_001/20220921_090000.WAV,Telephone Field,recover-20220922,001,1795
1480.5995,1480.6412,68437,83235,Rhinolophus ferrumequinum,0.025,0.025,-1,Echolocation,/mnt/ubna_data_02_mir/recover-20220922/UBNA_001/20220921_090000.WAV,Telephone Field,recover-20220922,001,1795
1480.6035,1480.6108,28046,38999,Eptesicus serotinus,0.007,0.021,-1,Echolocation,/mnt/ubna_data_02_mir/recover-20220922/UBNA_001/20220921_090000.WAV,Telephone Field,recover-20220922,001,1795
1480.6295,1480.6698,68437,82227,Rhinolophus ferrumequinum,0.024,0.024,-1,Echolocation,/mnt/ubna_data_02_mir/recover-20220922/UBNA_001/20220921_090000.WAV,Telephone Field,recover-20220922,001,1795
1480.6305,1480.6406,51250,57273,Pipistrellus pipistrellus,0.022,0.029,-1,Echolocation,/mnt/ubna_data_02_mir/recover-20220922/UBNA_001/20220921_090000.WAV,Telephone Field,recover-20220922,001,1795
1480.6345,1480.6429,28046,37949,Eptesicus serotinus,0.008,0.021,-1,Echolocation,/mnt/ubna_data_02_mir/recover-20220922/UBNA_001/20220921_090000.WAV,Telephone Field,recover-20220922,001,1795
1480.6445,1480.6824,68437,81694,Rhinolophus ferrumequinum,0.021,0.021,-1,Echolocation,/mnt/ubna_data_02_mir/recover-20220922/UBNA_001/20220921_090000.WAV,Telephone Field,recover-20220922,001,1795
1480.6715,1480.7115,68437,82359,Rhinolophus ferrumequinum,0.021,0.021,-1,Echolocation,/mnt/ubna_data_02_mir/recover-20220922/UBNA_001/20220921_090000.WAV,Telephone Field,recover-20220922,001,1795
1480.6845,1480.6959,22890,27569,Nyctalus leisleri,0.011,0.021,-1,Echolocation,/mnt/ubna_data_02_mir/recover-20220922/UBNA_001/20220921_090000.WAV,Telephone Field,recover-20220922,001,1795
1480.7225,1480.7574,68437,81020,Rhinolophus ferrumequinum,0.023,0.023,-1,Echolocation,/mnt/ubna_data_02_mir/recover-20220922/UBNA_001/20220921_090000.WAV,Telephone Field,recover-20220922,001,1795
1480.7235,1480.731,27187,38098,Eptesicus serotinus,0.007,0.022,-1,Echolocation,/mnt/ubna_data_02_mir/recover-20220922/UBNA_001/20220921_090000.WAV,Telephone Field,recover-20220922,001,1795
1480.7575,1480.7942,68437,81750,Rhinolophus ferrumequinum,0.027,0.027,-1,Echolocation,/mnt/ubna_data_02_mir/recover-20220922/UBNA_001/20220921_090000.WAV,Telephone Field,recover-20220922,001,1795
1480.7655,1480.8042,68437,82058,Rhinolophus ferrumequinum,0.022,0.022,-1,Echolocation,/mnt/ubna_data_02_mir/recover-20220922/UBNA_001/20220921_090000.WAV,Telephone Field,recover-20220922,001,1795
1480.7885,1480.7974,28046,38166,Eptesicus serotinus,0.009,0.024,-1,Echolocation,/mnt/ubna_data_02_mir/recover-20220922/UBNA_001/20220921_090000.WAV,Telephone Field,recover-20220922,001,1795
1480.8005,1480.839,68437,81498,Rhinolophus ferrumequinum,0.021,0.021,-1,Echolocation,/mnt/ubna_data_02_mir/recover-20220922/UBNA_001/20220921_090000.WAV,Telephone Field,recover-20220922,001,1795
1480.8045,1480.8119,45234,49353,Pipistrellus pipistrellus,0.02,0.021,-1,Echolocation,/mnt/ubna_data_02_mir/recover-20220922/UBNA_001/20220921_090000.WAV,Telephone Field,recover-20220922,001,1795
1480.8355,1480.875,68437,82328,Rhinolophus ferrumequinum,0.022,0.023,-1,Echolocation,/mnt/ubna_data_02_mir/recover-20220922/UBNA_001/20220921_090000.WAV,Telephone Field,recover-20220922,001,1795
1480.8495,1480.8927,68437,83205,Rhinolophus ferrumequinum,0.028,0.028,-1,Echolocation,/mnt/ubna_data_02_mir/recover-20220922/UBNA_001/20220921_090000.WAV,Telephone Field,recover-20220922,001,1795
1480.8715,1480.8795,28046,36059,Eptesicus serotinus,0.019,0.041,-1,Echolocation,/mnt/ubna_data_02_mir/recover-20220922/UBNA_001/20220921_090000.WAV,Telephone Field,recover-20220922,001,1795
1480.8715,1480.8795,48671,52437,Pipistrellus pipistrellus,0.025,0.026,-1,Echolocation,/mnt/ubna_data_02_mir/recover-20220922/UBNA_001/20220921_090000.WAV,Telephone Field,recover-20220922,001,1795
1480.8965,1480.939,68437,82635,Rhinolophus ferrumequinum,0.026,0.026,-1,Echolocation,/mnt/ubna_data_02_mir/recover-20220922/UBNA_001/20220921_090000.WAV,Telephone Field,recover-20220922,001,1795
1480.9035,1480.9245,19453,22569,Nyctalus noctula,0.031,0.055,-1,Echolocation,/mnt/ubna_data_02_mir/recover-20220922/UBNA_001/20220921_090000.WAV,Telephone Field,recover-20220922,001,1795
1480.9155,1480.9231,27187,39296,Eptesicus serotinus,0.007,0.021,-1,Echolocation,/mnt/ubna_data_02_mir/recover-20220922/UBNA_001/20220921_090000.WAV,Telephone Field,recover-20220922,001,1795
1480.9325,1480.9432,22890,27842,Nyctalus leisleri,0.011,0.022,-1,Echolocation,/mnt/ubna_data_02_mir/recover-20220922/UBNA_001/20220921_090000.WAV,Telephone Field,recover-20220922,001,1795
1480.9485,1480.9551,27187,37453,Eptesicus serotinus,0.011,0.034,-1,Echolocation,/mnt/ubna_data_02_mir/recover-20220922/UBNA_001/20220921_090000.WAV,Telephone Field,recover-20220922,001,1795
1480.9565,1480.9655,26328,34008,Eptesicus serotinus,0.015,0.037,-1,Echolocation,/mnt/ubna_data_02_mir/recover-20220922/UBNA_001/20220921_090000.WAV,Telephone Field,recover-20220922,001,1795
1480.9945,1481.0335,68437,82215,Rhinolophus ferrumequinum,0.021,0.021,-1,Echolocation,/mnt/ubna_data_02_mir/recover-20220922/UBNA_001/20220921_090000.WAV,Telephone Field,recover-20220922,001,1795
1480.9945,1481.0023,27187,37552,Eptesicus serotinus,0.007,0.022,-1,Echolocation,/mnt/ubna_data_02_mir/recover-20220922/UBNA_001/20220921_090000.WAV,Telephone Field,recover-20220922,001,1795
1481.0055,1481.048,68437,82976,Rhinolophus ferrumequinum,0.028,0.028,-1,Echolocation,/mnt/ubna_data_02_mir/recover-20220922/UBNA_001/20220921_090000.WAV,Telephone Field,recover-20220922,001,1795
1481.0265,1481.0669,68437,82409,Rhinolophus ferrumequinum,0.023,0.023,-1,Echolocation,/mnt/ubna_data_02_mir/recover-20220922/UBNA_001/20220921_090000.WAV,Telephone Field,recover-20220922,001,1795
1481.0565,1481.0981,68437,82986,Rhinolophus ferrumequinum,0.029,0.029,-1,Echolocation,/mnt/ubna_data_02_mir/recover-20220922/UBNA_001/20220921_090000.WAV,Telephone Field,recover-20220922,001,1795
1481.0695,1481.0866,20312,23343,Nyctalus leisleri,0.015,0.026,-1,Echolocation,/mnt/ubna_data_02_mir/recover-20220922/UBNA_001/20220921_090000.WAV,Telephone Field,recover-20220922,001,1795
1481.1045,1481.143,68437,81866,Rhinolophus ferrumequinum,0.021,0.021,-1,Echolocation,/mnt/ubna_data_02_mir/recover-20220922/UBNA_001/20220921_090000.WAV,Telephone Field,recover-20220922,001,1795
1481.1075,1481.1151,28046,38499,Eptesicus serotinus,0.007,0.024,-1,Echolocation,/mnt/ubna_data_02_mir/recover-20220922/UBNA_001/20220921_090000.WAV,Telephone Field,recover-20220922,001,1795
1481.1585,1481.1992,68437,82594,Rhinolophus ferrumequinum,0.022,0.022,-1,Echolocation,/mnt/ubna_data_02_mir/recover-20220922/UBNA_001/20220921_090000.WAV,Telephone Field,recover-20220922,001,1795
1481.2065,1481.2158,24609,32713,Eptesicus serotinus,0.01,0.028,-1,Echolocation,/mnt/ubna_data_02_mir/recover-20220922/UBNA_001/20220921_090000.WAV,Telephone Field,recover-20220922,001,1795
1481.2735,1481.2848,22890,27553,Nyctalus leisleri,0.012,0.024,-1,Echolocation,/mnt/ubna_data_02_mir/recover-20220922/UBNA_001/20220921_090000.WAV,Telephone Field,recover-20220922,001,1795
1481.2935,1481.3324,68437,82151,Rhinolophus ferrumequinum,0.021,0.022,-1,Echolocation,/mnt/ubna_data_02_mir/recover-20220922/UBNA_001/20220921_090000.WAV,Telephone Field,recover-20220922,001,1795
1481.2985,1481.3081,26328,34310,Eptesicus serotinus,0.009,0.023,-1,Echolocation,/mnt/ubna_data_02_mir/recover-20220922/UBNA_001/20220921_090000.WAV,Telephone Field,recover-20220922,001,1795
1481.3355,1481.3426,28046,39834,Eptesicus serotinus,0.01,0.033,-1,Echolocation,/mnt/ubna_data_02_mir/recover-20220922/UBNA_001/20220921_090000.WAV,Telephone Field,recover-20220922,001,1795
1481.4095,1481.449,68437,82712,Rhinolophus ferrumequinum,0.024,0.024,-1,Echolocation,/mnt/ubna_data_02_mir/recover-20220922/UBNA_001/20220921_090000.WAV,Telephone Field,recover-20220922,001,1795
1481.4115,1481.4224,28046,35332,Eptesicus serotinus,0.015,0.028,-1,Echolocation,/mnt/ubna_data_02_mir/recover-20220922/UBNA_001/20220921_090000.WAV,Telephone Field,recover-20220922,001,1795
1481.4475,1481.4556,28046,39901,Eptesicus serotinus,0.007,0.021,-1,Echolocation,/mnt/ubna_data_02_mir/recover-20220922/UBNA_001/20220921_090000.WAV,Telephone Field,recover-20220922,001,1795
1481.4505,1481.4882,68437,82470,Rhinolophus ferrumequinum,0.032,0.032,-1,Echolocation,/mnt/ubna_data_02_mir/recover-20220922/UBNA_001/20220921_090000.WAV,Telephone Field,recover-20220922,001,1795
1481.4695,1481.4774,28046,39453,Eptesicus serotinus,0.008,0.023,-1,Echolocation,/mnt/ubna_data_02_mir/recover-20220922/UBNA_001/20220921_090000.WAV,Telephone Field,recover-20220922,001,1795
1481.4915,1481.5025,22890,27587,Nyctalus leisleri,0.014,0.025,-1,Echolocation,/mnt/ubna_data_02_mir/recover-20220922/UBNA_001/20220921_090000.WAV,Telephone Field,recover-20220922,001,1795
1481.5205,1481.5283,28046,36169,Eptesicus serotinus,0.009,0.023,-1,Echolocation,/mnt/ubna_data_02_mir/recover-20220922/UBNA_001/20220921_090000.WAV,Telephone Field,recover-20220922,001,1795
1481.5255,1481.5651,68437,82332,Rhinolophus ferrumequinum,0.023,0.023,-1,Echolocation,/mnt/ubna_data_02_mir/recover-20220922/UBNA_001/20220921_090000.WAV,Telephone Field,recover-20220922,001,1795
1481.5455,1481.5581,28906,35826,Eptesicus serotinus,0.012,0.024,-1,Echolocation,/mnt/ubna_data_02_mir/recover-20220922/UBNA_001/20220921_090000.WAV,Telephone Field,recover-20220922,001,1795
1481.5485,1481.5884,68437,82514,Rhinolophus ferrumequinum,0.023,0.023,-1,Echolocation,/mnt/ubna_data_02_mir/recover-20220922/UBNA_001/20220921_090000.WAV,Telephone Field,recover-20220922,001,1795
1481.5785,1481.5888,44375,47956,Pipistrellus pipistrellus,0.024,0.027,-1,Echolocation,/mnt/ubna_data_02_mir/recover-20220922/UBNA_001/20220921_090000.WAV,Telephone Field,recover-20220922,001,1795
1481.6055,1481.6448,68437,82105,Rhinolophus ferrumequinum,0.021,0.021,-1,Echolocation,/mnt/ubna_data_02_mir/recover-20220922/UBNA_001/20220921_090000.WAV,Telephone Field,recover-20220922,001,1795
1481.6555,1481.6907,68437,81062,Rhinolophus ferrumequinum,0.023,0.023,-1,Echolocation,/mnt/ubna_data_02_mir/recover-20220922/UBNA_001/20220921_090000.WAV,Telephone Field,recover-20220922,001,1795
1481.6635,1481.6748,58125,64165,Pipistrellus pygmaeus,0.03,0.031,-1,Echolocation,/mnt/ubna_data_02_mir/recover-20220922/UBNA_001/20220921_090000.WAV,Telephone Field,recover-20220922,001,1795
1481.6775,1481.7156,68437,82142,Rhinolophus ferrumequinum,0.028,0.028,-1,Echolocation,/mnt/ubna_data_02_mir/recover-20220922/UBNA_001/20220921_090000.WAV,Telephone Field,recover-20220922,001,1795
1481.6905,1481.6989,28906,37523,Eptesicus serotinus,0.008,0.022,-1,Echolocation,/mnt/ubna_data_02_mir/recover-20220922/UBNA_001/20220921_090000.WAV,Telephone Field,recover-20220922,001,1795
1481.6945,1481.7348,68437,82260,Rhinolophus ferrumequinum,0.027,0.027,-1,Echolocation,/mnt/ubna_data_02_mir/recover-20220922/UBNA_001/20220921_090000.WAV,Telephone Field,recover-20220922,001,1795
1481.7195,1481.7304,28046,34397,Eptesicus serotinus,0.015,0.028,-1,Echolocation,/mnt/ubna_data_02_mir/recover-20220922/UBNA_001/20220921_090000.WAV,Telephone Field,recover-20220922,001,1795
1481.7205,1481.7566,68437,81546,Rhinolophus ferrumequinum,0.021,0.021,-1,Echolocation,/mnt/ubna_data_02_mir/recover-20220922/UBNA_001/20220921_090000.WAV,Telephone Field,recover-20220922,001,1795
1481.7485,1481.7875,68437,82770,Rhinolophus ferrumequinum,0.022,0.022,-1,Echolocation,/mnt/ubna_data_02_mir/recover-20220922/UBNA_001/20220921_090000.WAV,Telephone Field,recover-20220922,001,1795
1481.8005,1481.8375,68437,81333,Rhinolophus ferrumequinum,0.021,0.021,-1,Echolocation,/mnt/ubna_data_02_mir/recover-20220922/UBNA_001/20220921_090000.WAV,Telephone Field,recover-20220922,001,1795
1481.8205,1481.8615,68437,82078,Rhinolophus ferrumequinum,0.023,0.023,-1,Echolocation,/mnt/ubna_data_02_mir/recover-20220922/UBNA_001/20220921_090000.WAV,Telephone Field,recover-20220922,001,1795
1481.8685,1481.9078,68437,82444,Rhinolophus ferrumequinum,0.024,0.024,-1,Echolocation,/mnt/ubna_data_02_mir/recover-20220922/UBNA_001/20220921_090000.WAV,Telephone Field,recover-20220922,001,1795
1481.8695,1481.8782,25468,36167,Eptesicus serotinus,0.011,0.026,-1,Echolocation,/mnt/ubna_data_02_mir/recover-20220922/UBNA_001/20220921_090000.WAV,Telephone Field,recover-20220922,001,1795
1481.8845,1481.8959,28046,36323,Eptesicus serotinus,0.019,0.033,-1,Echolocation,/mnt/ubna_data_02_mir/recover-20220922/UBNA_001/20220921_090000.WAV,Telephone Field,recover-20220922,001,1795
1481.8935,1481.9339,68437,82421,Rhinolophus ferrumequinum,0.021,0.021,-1,Echolocation,/mnt/ubna_data_02_mir/recover-20220922/UBNA_001/20220921_090000.WAV,Telephone Field,recover-20220922,001,1795
1481.8975,1481.9077,28906,36422,Eptesicus serotinus,0.011,0.025,-1,Echolocation,/mnt/ubna_data_02_mir/recover-20220922/UBNA_001/20220921_090000.WAV,Telephone Field,recover-20220922,001,1795
1481.9195,1481.9573,68437,82020,Rhinolophus ferrumequinum,0.025,0.025,-1,Echolocation,/mnt/ubna_data_02_mir/recover-20220922/UBNA_001/20220921_090000.WAV,Telephone Field,recover-20220922,001,1795
1481.9195,1481.9296,22890,28720,Nyctalus leisleri,0.01,0.025,-1,Echolocation,/mnt/ubna_data_02_mir/recover-20220922/UBNA_001/20220921_090000.WAV,Telephone Field,recover-20220922,001,1795
1481.9835,1481.9932,27187,36249,Eptesicus serotinus,0.009,0.023,-1,Echolocation,/mnt/ubna_data_02_mir/recover-20220922/UBNA_001/20220921_090000.WAV,Telephone Field,recover-20220922,001,1795
1482.0015,1482.0107,46953,51848,Pipistrellus pipistrellus,0.024,0.029,-1,Echolocation,/mnt/ubna_data_02_mir/recover-20220922/UBNA_001/20220921_090000.WAV,Telephone Field,recover-20220922,001,1795
1482.0015,1482.0099,25468,34632,Nyctalus leisleri,0.008,0.03,-1,Echolocation,/mnt/ubna_data_02_mir/recover-20220922/UBNA_001/20220921_090000.WAV,Telephone Field,recover-20220922,001,1795
1482.0015,1482.0087,38359,48923,Myotis daubentonii,0.008,0.023,-1,Echolocation,/mnt/ubna_data_02_mir/recover-20220922/UBNA_001/20220921_090000.WAV,Telephone Field,recover-20220922,001,1795
1482.0015,1482.0132,20312,25470,Nyctalus leisleri,0.013,0.031,-1,Echolocation,/mnt/ubna_data_02_mir/recover-20220922/UBNA_001/20220921_090000.WAV,Telephone Field,recover-20220922,001,1795
1482.0015,1482.0339,68437,80346,Rhinolophus ferrumequinum,0.045,0.045,-1,Echolocation,/mnt/ubna_data_02_mir/recover-20220922/UBNA_001/20220921_090000.WAV,Telephone Field,recover-20220922,001,1795
1482.0075,1482.0519,68437,83048,Rhinolophus ferrumequinum,0.029,0.029,-1,Echolocation,/mnt/ubna_data_02_mir/recover-20220922/UBNA_001/20220921_090000.WAV,Telephone Field,recover-20220922,001,1795
1482.0135,1482.0575,68437,84171,Rhinolophus ferrumequinum,0.034,0.034,-1,Echolocation,/mnt/ubna_data_02_mir/recover-20220922/UBNA_001/20220921_090000.WAV,Telephone Field,recover-20220922,001,1795
1482.0535,1482.0945,68437,82221,Rhinolophus ferrumequinum,0.025,0.025,-1,Echolocation,/mnt/ubna_data_02_mir/recover-20220922/UBNA_001/20220921_090000.WAV,Telephone Field,recover-20220922,001,1795
1482.0885,1482.1245,68437,81650,Rhinolophus ferrumequinum,0.023,0.023,-1,Echolocation,/mnt/ubna_data_02_mir/recover-20220922/UBNA_001/20220921_090000.WAV,Telephone Field,recover-20220922,001,1795
1482.1065,1482.1454,68437,82157,Rhinolophus ferrumequinum,0.023,0.023,-1,Echolocation,/mnt/ubna_data_02_mir/recover-20220922/UBNA_001/20220921_090000.WAV,Telephone Field,recover-20220922,001,1795
1482.1155,1482.1245,28046,39335,Eptesicus serotinus,0.008,0.024,-1,Echolocation,/mnt/ubna_data_02_mir/recover-20220922/UBNA_001/20220921_090000.WAV,Telephone Field,recover-20220922,001,1795
1482.1225,1482.132,28046,35740,Eptesicus serotinus,0.008,0.023,-1,Echolocation,/mnt/ubna_data_02_mir/recover-20220922/UBNA_001/20220921_090000.WAV,Telephone Field,recover-20220922,001,1795
1482.1645,1482.1715,38359,51524,Myotis brandtii,0.008,0.028,-1,Echolocation,/mnt/ubna_data_02_mir/recover-20220922/UBNA_001/20220921_090000.WAV,Telephone Field,recover-20220922,001,1795
1482.1665,1482.2043,68437,81908,Rhinolophus ferrumequinum,0.023,0.023,-1,Echolocation,/mnt/ubna_data_02_mir/recover-20220922/UBNA_001/20220921_090000.WAV,Telephone Field,recover-20220922,001,1795
1482.2115,1482.2193,26328,36378,Eptesicus serotinus,0.007,0.022,-1,Echolocation,/mnt/ubna_data_02_mir/recover-20220922/UBNA_001/20220921_090000.WAV,Telephone Field,recover-20220922,001,1795
1482.2225,1482.267,68437,83542,Rhinolophus ferrumequinum,0.031,0.031,-1,Echolocation,/mnt/ubna_data_02_mir/recover-20220922/UBNA_001/20220921_090000.WAV,Telephone Field,recover-20220922,001,1795
1482.2265,1482.2344,27187,38558,Eptesicus serotinus,0.008,0.026,-1,Echolocation,/mnt/ubna_data_02_mir/recover-20220922/UBNA_001/20220921_090000.WAV,Telephone Field,recover-20220922,001,1795
1482.2365,1482.2459,28046,36826,Eptesicus serotinus,0.009,0.022,-1,Echolocation,/mnt/ubna_data_02_mir/recover-20220922/UBNA_001/20220921_090000.WAV,Telephone Field,recover-20220922,001,1795
1482.2535,1482.2912,68437,82092,Rhinolophus ferrumequinum,0.022,0.022,-1,Echolocation,/mnt/ubna_data_02_mir/recover-20220922/UBNA_001/20220921_090000.WAV,Telephone Field,recover-20220922,001,1795
1482.2755,1482.3163,68437,82231,Rhinolophus ferrumequinum,0.033,0.033,-1,Echolocation,/mnt/ubna_data_02_mir/recover-20220922/UBNA_001/20220921_090000.WAV,Telephone Field,recover-20220922,001,1795
1482.2865,1482.2935,27187,38297,Eptesicus serotinus,0.006,0.023,-1,Echolocation,/mnt/ubna_data_02_mir/recover-20220922/UBNA_001/20220921_090000.WAV,Telephone Field,recover-20220922,001,1795
1482.2885,1482.2986,22031,27548,Nyctalus leisleri,0.01,0.024,-1,Echolocation,/mnt/ubna_data_02_mir/recover-20220922/UBNA_001/20220921_090000.WAV,Telephone Field,recover-20220922,001,1795
1482.3435,1482.3812,68437,82307,Rhinolophus ferrumequinum,0.025,0.026,-1,Echolocation,/mnt/ubna_data_02_mir/recover-20220922/UBNA_001/20220921_090000.WAV,Telephone Field,recover-20220922,001,1795
1482.3895,1482.4002,23750,30253,Nyctalus leisleri,0.011,0.026,-1,Echolocation,/mnt/ubna_data_02_mir/recover-20220922/UBNA_001/20220921_090000.WAV,Telephone Field,recover-20220922,001,1795
1482.4075,1482.4463,68437,82007,Rhinolophus ferrumequinum,0.022,0.022,-1,Echolocation,/mnt/ubna_data_02_mir/recover-20220922/UBNA_001/20220921_090000.WAV,Telephone Field,recover-20220922,001,1795
1482.4305,1482.4385,27187,36219,Eptesicus serotinus,0.008,0.022,-1,Echolocation,/mnt/ubna_data_02_mir/recover-20220922/UBNA_001/20220921_090000.WAV,Telephone Field,recover-20220922,001,1795
1482.4395,1482.4793,68437,82804,Rhinolophus ferrumequinum,0.032,0.032,-1,Echolocation,/mnt/ubna_data_02_mir/recover-20220922/UBNA_001/20220921_090000.WAV,Telephone Field,recover-20220922,001,1795
1482.4515,1482.4935,68437,82147,Rhinolophus ferrumequinum,0.025,0.025,-1,Echolocation,/mnt/ubna_data_02_mir/recover-20220922/UBNA_001/20220921_090000.WAV,Telephone Field,recover-20220922,001,1795
1482.4695,1482.4789,55546,61969,Pipistrellus pygmaeus,0.018,0.022,-1,Echolocation,/mnt/ubna_data_02_mir/recover-20220922/UBNA_001/20220921_090000.WAV,Telephone Field,recover-20220922,001,1795
1482.4715,1482.5131,68437,82390,Rhinolophus ferrumequinum,0.022,0.022,-1,Echolocation,/mnt/ubna_data_02_mir/recover-20220922/UBNA_001/20220921_090000.WAV,Telephone Field,recover-20220922,001,1795
1482.4925,1482.5322,68437,82451,Rhinolophus ferrumequinum,0.031,0.031,-1,Echolocation,/mnt/ubna_data_02_mir/recover-20220922/UBNA_001/20220921_090000.WAV,Telephone Field,recover-20220922,001,1795
1482.5265,1482.5678,68437,82891,Rhinolophus ferrumequinum,0.025,0.025,-1,Echolocation,/mnt/ubna_data_02_mir/recover-20220922/UBNA_001/20220921_090000.WAV,Telephone Field,recover-20220922,001,1795
1482.5405,1482.5482,28046,36909,Eptesicus serotinus,0.007,0.023,-1,Echolocation,/mnt/ubna_data_02_mir/recover-20220922/UBNA_001/20220921_090000.WAV,Telephone Field,recover-20220922,001,1795
1482.5555,1482.5998,68437,83364,Rhinolophus ferrumequinum,0.035,0.035,-1,Echolocation,/mnt/ubna_data_02_mir/recover-20220922/UBNA_001/20220921_090000.WAV,Telephone Field,recover-20220922,001,1795
1482.5585,1482.567,28046,40889,Eptesicus serotinus,0.008,0.024,-1,Echolocation,/mnt/ubna_data_02_mir/recover-20220922/UBNA_001/20220921_090000.WAV,Telephone Field,recover-20220922,001,1795
1482.5755,1482.6161,68437,82509,Rhinolophus ferrumequinum,0.03,0.03,-1,Echolocation,/mnt/ubna_data_02_mir/recover-20220922/UBNA_001/20220921_090000.WAV,Telephone Field,recover-20220922,001,1795
1482.6095,1482.6167,27187,39086,Eptesicus serotinus,0.006,0.022,-1,Echolocation,/mnt/ubna_data_02_mir/recover-20220922/UBNA_001/20220921_090000.WAV,Telephone Field,recover-20220922,001,1795
1482.6475,1482.657,22890,28969,Nyctalus leisleri,0.008,0.023,-1,Echolocation,/mnt/ubna_data_02_mir/recover-20220922/UBNA_001/20220921_090000.WAV,Telephone Field,recover-20220922,001,1795
1482.6675,1482.6767,55546,59500,Pipistrellus pygmaeus,0.026,0.027,-1,Echolocation,/mnt/ubna_data_02_mir/recover-20220922/UBNA_001/20220921_090000.WAV,Telephone Field,recover-20220922,001,1795
1482.6795,1482.7229,68437,82284,Rhinolophus ferrumequinum,0.025,0.025,-1,Echolocation,/mnt/ubna_data_02_mir/recover-20220922/UBNA_001/20220921_090000.WAV,Telephone Field,recover-20220922,001,1795
1482.7495,1482.7889,68437,82503,Rhinolophus ferrumequinum,0.029,0.029,-1,Echolocation,/mnt/ubna_data_02_mir/recover-20220922/UBNA_001/20220921_090000.WAV,Telephone Field,recover-20220922,001,1795
1482.8135,1482.8543,68437,82823,Rhinolophus ferrumequinum,0.026,0.026,-1,Echolocation,/mnt/ubna_data_02_mir/recover-20220922/UBNA_001/20220921_090000.WAV,Telephone Field,recover-20220922,001,1795
1482.8165,1482.8269,27187,35034,Eptesicus serotinus,0.033,0.054,-1,Echolocation,/mnt/ubna_data_02_mir/recover-20220922/UBNA_001/20220921_090000.WAV,Telephone Field,recover-20220922,001,1795
1482.8275,1482.835,26328,37068,Eptesicus serotinus,0.008,0.026,-1,Echolocation,/mnt/ubna_data_02_mir/recover-20220922/UBNA_001/20220921_090000.WAV,Telephone Field,recover-20220922,001,1795
1482.8395,1482.8782,68437,82286,Rhinolophus ferrumequinum,0.024,0.024,-1,Echolocation,/mnt/ubna_data_02_mir/recover-20220922/UBNA_001/20220921_090000.WAV,Telephone Field,recover-20220922,001,1795
1482.8745,1482.9157,68437,83341,Rhinolophus ferrumequinum,0.03,0.03,-1,Echolocation,/mnt/ubna_data_02_mir/recover-20220922/UBNA_001/20220921_090000.WAV,Telephone Field,recover-20220922,001,1795
1482.8845,1482.9235,68437,81444,Rhinolophus ferrumequinum,0.022,0.022,-1,Echolocation,/mnt/ubna_data_02_mir/recover-20220922/UBNA_001/20220921_090000.WAV,Telephone Field,recover-20220922,001,1795
1482.9015,1482.9127,48671,52887,Pipistrellus pipistrellus,0.033,0.038,-1,Echolocation,/mnt/ubna_data_02_mir/recover-20220922/UBNA_001/20220921_090000.WAV,Telephone Field,recover-20220922,001,1795
1482.9075,1482.9163,49531,54930,Pipistrellus pipistrellus,0.033,0.037,-1,Echolocation,/mnt/ubna_data_02_mir/recover-20220922/UBNA_001/20220921_090000.WAV,Telephone Field,recover-20220922,001,1795
1482.9505,1482.9919,68437,82975,Rhinolophus ferrumequinum,0.032,0.032,-1,Echolocation,/mnt/ubna_data_02_mir/recover-20220922/UBNA_001/20220921_090000.WAV,Telephone Field,recover-20220922,001,1795
1482.9665,1483.0031,68437,81599,Rhinolophus ferrumequinum,0.026,0.026,-1,Echolocation,/mnt/ubna_data_02_mir/recover-20220922/UBNA_001/20220921_090000.WAV,Telephone Field,recover-20220922,001,1795
1482.9955,1483.0053,27187,35296,Eptesicus serotinus,0.012,0.026,-1,Echolocation,/mnt/ubna_data_02_mir/recover-20220922/UBNA_001/20220921_090000.WAV,Telephone Field,recover-20220922,001,1795
1483.0375,1483.0716,68437,80920,Rhinolophus ferrumequinum,0.023,0.023,-1,Echolocation,/mnt/ubna_data_02_mir/recover-20220922/UBNA_001/20220921_090000.WAV,Telephone Field,recover-20220922,001,1795
1483.0475,1483.0855999999999,68437,82414,Rhinolophus ferrumequinum,0.022,0.022,-1,Echolocation,/mnt/ubna_data_02_mir/recover-20220922/UBNA_001/20220921_090000.WAV,Telephone Field,recover-20220922,001,1795
1483.0595,1483.0698,22031,27766,Nyctalus leisleri,0.008,0.023,-1,Echolocation,/mnt/ubna_data_02_mir/recover-20220922/UBNA_001/20220921_090000.WAV,Telephone Field,recover-20220922,001,1795
1483.0815,1483.0879,36640,45068,Myotis daubentonii,0.011,0.025,-1,Echolocation,/mnt/ubna_data_02_mir/recover-20220922/UBNA_001/20220921_090000.WAV,Telephone Field,recover-20220922,001,1795
1483.0835,1483.0899,30625,43711,Myotis daubentonii,0.012,0.026,-1,Echolocation,/mnt/ubna_data_02_mir/recover-20220922/UBNA_001/20220921_090000.WAV,Telephone Field,recover-20220922,001,1795
1483.1005,1483.1397,68437,82367,Rhinolophus ferrumequinum,0.023,0.023,-1,Echolocation,/mnt/ubna_data_02_mir/recover-20220922/UBNA_001/20220921_090000.WAV,Telephone Field,recover-20220922,001,1795
1483.1195,1483.1549,68437,81533,Rhinolophus ferrumequinum,0.023,0.023,-1,Echolocation,/mnt/ubna_data_02_mir/recover-20220922/UBNA_001/20220921_090000.WAV,Telephone Field,recover-20220922,001,1795
1483.1195,1483.1281,53828,57797,Pipistrellus pygmaeus,0.028,0.03,-1,Echolocation,/mnt/ubna_data_02_mir/recover-20220922/UBNA_001/20220921_090000.WAV,Telephone Field,recover-20220922,001,1795
1483.1665,1483.1777,22890,27254,Nyctalus leisleri,0.013,0.024,-1,Echolocation,/mnt/ubna_data_02_mir/recover-20220922/UBNA_001/20220921_090000.WAV,Telephone Field,recover-20220922,001,1795
1483.1915,1483.2069,15156,18889,Nyctalus noctula,0.035,0.051,-1,Echolocation,/mnt/ubna_data_02_mir/recover-20220922/UBNA_001/20220921_090000.WAV,Telephone Field,recover-20220922,001,1795
1483.2065,1483.2148,27187,37290,Eptesicus serotinus,0.008,0.022,-1,Echolocation,/mnt/ubna_data_02_mir/recover-20220922/UBNA_001/20220921_090000.WAV,Telephone Field,recover-20220922,001,1795
1483.2165,1483.2595,68437,83116,Rhinolophus ferrumequinum,0.028,0.028,-1,Echolocation,/mnt/ubna_data_02_mir/recover-20220922/UBNA_001/20220921_090000.WAV,Telephone Field,recover-20220922,001,1795
1483.2215,1483.2321,23750,29975,Nyctalus leisleri,0.018,0.045,-1,Echolocation,/mnt/ubna_data_02_mir/recover-20220922/UBNA_001/20220921_090000.WAV,Telephone Field,recover-20220922,001,1795
1483.2415,1483.2806,68437,82311,Rhinolophus ferrumequinum,0.022,0.022,-1,Echolocation,/mnt/ubna_data_02_mir/recover-20220922/UBNA_001/20220921_090000.WAV,Telephone Field,recover-20220922,001,1795
1483.2605,1483.2694,27187,36026,Eptesicus serotinus,0.01,0.024,-1,Echolocation,/mnt/ubna_data_02_mir/recover-20220922/UBNA_001/20220921_090000.WAV,Telephone Field,recover-20220922,001,1795
1483.2805,1483.3221,68437,82735,Rhinolophus ferrumequinum,0.028,0.028,-1,Echolocation,/mnt/ubna_data_02_mir/recover-20220922/UBNA_001/20220921_090000.WAV,Telephone Field,recover-20220922,001,1795
1483.2805,1483.2886,47812,54116,Pipistrellus pipistrellus,0.029,0.031,-1,Echolocation,/mnt/ubna_data_02_mir/recover-20220922/UBNA_001/20220921_090000.WAV,Telephone Field,recover-20220922,001,1795
1483.2835,1483.2917,28046,38301,Eptesicus serotinus,0.008,0.023,-1,Echolocation,/mnt/ubna_data_02_mir/recover-20220922/UBNA_001/20220921_090000.WAV,Telephone Field,recover-20220922,001,1795
1483.3075,1483.3479,68437,83064,Rhinolophus ferrumequinum,0.027,0.027,-1,Echolocation,/mnt/ubna_data_02_mir/recover-20220922/UBNA_001/20220921_090000.WAV,Telephone Field,recover-20220922,001,1795
1483.3335,1483.3744,68437,82762,Rhinolophus ferrumequinum,0.023,0.023,-1,Echolocation,/mnt/ubna_data_02_mir/recover-20220922/UBNA_001/20220921_090000.WAV,Telephone Field,recover-20220922,001,1795
1483.3445,1483.3549,28906,36175,Eptesicus serotinus,0.014,0.028,-1,Echolocation,/mnt/ubna_data_02_mir/recover-20220922/UBNA_001/20220921_090000.WAV,Telephone Field,recover-20220922,001,1795
1483.3575,1483.3978,68437,83024,Rhinolophus ferrumequinum,0.023,0.023,-1,Echolocation,/mnt/ubna_data_02_mir/recover-20220922/UBNA_001/20220921_090000.WAV,Telephone Field,recover-20220922,001,1795
1483.3635,1483.4042,68437,82663,Rhinolophus ferrumequinum,0.022,0.022,-1,Echolocation,/mnt/ubna_data_02_mir/recover-20220922/UBNA_001/20220921_090000.WAV,Telephone Field,recover-20220922,001,1795
1483.3915,1483.4019,27187,34940,Eptesicus serotinus,0.017,0.03,-1,Echolocation,/mnt/ubna_data_02_mir/recover-20220922/UBNA_001/20220921_090000.WAV,Telephone Field,recover-20220922,001,1795
1483.3985,1483.4354,68437,81018,Rhinolophus ferrumequinum,0.023,0.023,-1,Echolocation,/mnt/ubna_data_02_mir/recover-20220922/UBNA_001/20220921_090000.WAV,Telephone Field,recover-20220922,001,1795
1483.4215,1483.4289,43515,55567,Myotis mystacinus,0.005,0.022,-1,Echolocation,/mnt/ubna_data_02_mir/recover-20220922/UBNA_001/20220921_090000.WAV,Telephone Field,recover-20220922,001,1795
1483.4325,1483.4409,24609,33387,Plecotus austriacus,0.008,0.028,-1,Echolocation,/mnt/ubna_data_02_mir/recover-20220922/UBNA_001/20220921_090000.WAV,Telephone Field,recover-20220922,001,1795
1483.4455,1483.4824,68437,81473,Rhinolophus ferrumequinum,0.028,0.028,-1,Echolocation,/mnt/ubna_data_02_mir/recover-20220922/UBNA_001/20220921_090000.WAV,Telephone Field,recover-20220922,001,1795
1483.4735,1483.5156,68437,83018,Rhinolophus ferrumequinum,0.026,0.026,-1,Echolocation,/mnt/ubna_data_02_mir/recover-20220922/UBNA_001/20220921_090000.WAV,Telephone Field,recover-20220922,001,1795
1483.5095,1483.5507,68437,83118,Rhinolophus ferrumequinum,0.03,0.03,-1,Echolocation,/mnt/ubna_data_02_mir/recover-20220922/UBNA_001/20220921_090000.WAV,Telephone Field,recover-20220922,001,1795
1483.5425,1483.5812,68437,81913,Rhinolophus ferrumequinum,0.023,0.023,-1,Echolocation,/mnt/ubna_data_02_mir/recover-20220922/UBNA_001/20220921_090000.WAV,Telephone Field,recover-20220922,001,1795
1483.5485,1483.556,51250,57582,Pipistrellus pipistrellus,0.019,0.024,-1,Echolocation,/mnt/ubna_data_02_mir/recover-20220922/UBNA_001/20220921_090000.WAV,Telephone Field,recover-20220922,001,1795
1483.6075,1483.6463,68437,81946,Rhinolophus ferrumequinum,0.023,0.023,-1,Echolocation,/mnt/ubna_data_02_mir/recover-20220922/UBNA_001/20220921_090000.WAV,Telephone Field,recover-20220922,001,1795
1483.6075,1483.6152,47812,51715,Pipistrellus pipistrellus,0.021,0.023,-1,Echolocation,/mnt/ubna_data_02_mir/recover-20220922/UBNA_001/20220921_090000.WAV,Telephone Field,recover-20220922,001,1795
1483.6395,1483.6824,68437,83206,Rhinolophus ferrumequinum,0.035,0.035,-1,Echolocation,/mnt/ubna_data_02_mir/recover-20220922/UBNA_001/20220921_090000.WAV,Telephone Field,recover-20220922,001,1795
1483.6565,1483.6635,28046,37962,Eptesicus serotinus,0.006,0.024,-1,Echolocation,/mnt/ubna_data_02_mir/recover-20220922/UBNA_001/20220921_090000.WAV,Telephone Field,recover-20220922,001,1795
1483.6645,1483.705,68437,82677,Rhinolophus ferrumequinum,0.023,0.023,-1,Echolocation,/mnt/ubna_data_02_mir/recover-20220922/UBNA_001/20220921_090000.WAV,Telephone Field,recover-20220922,001,1795
1483.6665,1483.6725,27187,39501,Myotis daubentonii,0.005,0.022,-1,Echolocation,/mnt/ubna_data_02_mir/recover-20220922/UBNA_001/20220921_090000.WAV,Telephone Field,recover-20220922,001,1795
1483.7265,1483.7667,68437,82410,Rhinolophus ferrumequinum,0.025,0.025,-1,Echolocation,/mnt/ubna_data_02_mir/recover-20220922/UBNA_001/20220921_090000.WAV,Telephone Field,recover-20220922,001,1795
1483.7365,1483.7446,28046,36586,Eptesicus serotinus,0.009,0.025,-1,Echolocation,/mnt/ubna_data_02_mir/recover-20220922/UBNA_001/20220921_090000.WAV,Telephone Field,recover-20220922,001,1795
1483.7665,1483.7768,22890,28411,Nyctalus leisleri,0.012,0.027,-1,Echolocation,/mnt/ubna_data_02_mir/recover-20220922/UBNA_001/20220921_090000.WAV,Telephone Field,recover-20220922,001,1795
1483.8135,1483.8533,68437,82224,Rhinolophus ferrumequinum,0.024,0.024,-1,Echolocation,/mnt/ubna_data_02_mir/recover-20220922/UBNA_001/20220921_090000.WAV,Telephone Field,recover-20220922,001,1795
1483.8725,1483.8803,41796,52755,Pipistrellus nathusii,0.008,0.027,-1,Echolocation,/mnt/ubna_data_02_mir/recover-20220922/UBNA_001/20220921_090000.WAV,Telephone Field,recover-20220922,001,1795
1483.8975,1483.9327,68437,80932,Rhinolophus ferrumequinum,0.023,0.023,-1,Echolocation,/mnt/ubna_data_02_mir/recover-20220922/UBNA_001/20220921_090000.WAV,Telephone Field,recover-20220922,001,1795
1483.9035,1483.9098,25468,38813,Plecotus austriacus,0.012,0.042,-1,Echolocation,/mnt/ubna_data_02_mir/recover-20220922/UBNA_001/20220921_090000.WAV,Telephone Field,recover-20220922,001,1795
1483.9235,1483.9659,68437,82580,Rhinolophus ferrumequinum,0.024,0.024,-1,Echolocation,/mnt/ubna_data_02_mir/recover-20220922/UBNA_001/20220921_090000.WAV,Telephone Field,recover-20220922,001,1795
1483.9355,1483.9464,28046,35699,Eptesicus serotinus,0.012,0.026,-1,Echolocation,/mnt/ubna_data_02_mir/recover-20220922/UBNA_001/20220921_090000.WAV,Telephone Field,recover-20220922,001,1795
1483.9375,1483.948,22890,28428,Nyctalus leisleri,0.01,0.023,-1,Echolocation,/mnt/ubna_data_02_mir/recover-20220922/UBNA_001/20220921_090000.WAV,Telephone Field,recover-20220922,001,1795
1483.9795,1483.9898,22890,28249,Nyctalus leisleri,0.01,0.025,-1,Echolocation,/mnt/ubna_data_02_mir/recover-20220922/UBNA_001/20220921_090000.WAV,Telephone Field,recover-20220922,001,1795
1483.9875,1483.9987,41796,48120,Pipistrellus nathusii,0.015,0.03,-1,Echolocation,/mnt/ubna_data_02_mir/recover-20220922/UBNA_001/20220921_090000.WAV,Telephone Field,recover-20220922,001,1795
1484.0015,1484.0323,68437,80642,Rhinolophus ferrumequinum,0.072,0.073,-1,Echolocation,/mnt/ubna_data_02_mir/recover-20220922/UBNA_001/20220921_090000.WAV,Telephone Field,recover-20220922,001,1795
1484.0015,1484.0121,23750,29820,Nyctalus leisleri,0.014,0.031,-1,Echolocation,/mnt/ubna_data_02_mir/recover-20220922/UBNA_001/20220921_090000.WAV,Telephone Field,recover-20220922,001,1795
1484.0075,1484.0459,68437,81300,Rhinolophus ferrumequinum,0.023,0.023,-1,Echolocation,/mnt/ubna_data_02_mir/recover-20220922/UBNA_001/20220921_090000.WAV,Telephone Field,recover-20220922,001,1795
1484.0365,1484.0774,68437,82875,Rhinolophus ferrumequinum,0.025,0.025,-1,Echolocation,/mnt/ubna_data_02_mir/recover-20220922/UBNA_001/20220921_090000.WAV,Telephone Field,recover-20220922,001,1795
1484.0925,1484.1317,68437,82364,Rhinolophus ferrumequinum,0.023,0.023,-1,Echolocation,/mnt/ubna_data_02_mir/recover-20220922/UBNA_001/20220921_090000.WAV,Telephone Field,recover-20220922,001,1795
1484.1165,1484.1307,23750,29050,Nyctalus leisleri,0.015,0.034,-1,Echolocation,/mnt/ubna_data_02_mir/recover-20220922/UBNA_001/20220921_090000.WAV,Telephone Field,recover-20220922,001,1795
1484.1235,1484.1369,23750,29162,Nyctalus leisleri,0.015,0.032,-1,Echolocation,/mnt/ubna_data_02_mir/recover-20220922/UBNA_001/20220921_090000.WAV,Telephone Field,recover-20220922,001,1795
1484.1795,1484.2176,68437,82427,Rhinolophus ferrumequinum,0.022,0.022,-1,Echolocation,/mnt/ubna_data_02_mir/recover-20220922/UBNA_001/20220921_090000.WAV,Telephone Field,recover-20220922,001,1795
1484.1835,1484.1936,23750,30048,Nyctalus leisleri,0.008,0.023,-1,Echolocation,/mnt/ubna_data_02_mir/recover-20220922/UBNA_001/20220921_090000.WAV,Telephone Field,recover-20220922,001,1795
1484.1885,1484.2292,68437,82330,Rhinolophus ferrumequinum,0.024,0.024,-1,Echolocation,/mnt/ubna_data_02_mir/recover-20220922/UBNA_001/20220921_090000.WAV,Telephone Field,recover-20220922,001,1795
1484.1975,1484.2381,68437,82799,Rhinolophus ferrumequinum,0.023,0.023,-1,Echolocation,/mnt/ubna_data_02_mir/recover-20220922/UBNA_001/20220921_090000.WAV,Telephone Field,recover-20220922,001,1795
1484.2195,1484.2272,28046,40618,Eptesicus serotinus,0.007,0.022,-1,Echolocation,/mnt/ubna_data_02_mir/recover-20220922/UBNA_001/20220921_090000.WAV,Telephone Field,recover-20220922,001,1795
1484.2375,1484.2447,24609,34058,Plecotus austriacus,0.008,0.025,-1,Echolocation,/mnt/ubna_data_02_mir/recover-20220922/UBNA_001/20220921_090000.WAV,Telephone Field,recover-20220922,001,1795
1484.2445,1484.2835,68437,82203,Rhinolophus ferrumequinum,0.024,0.024,-1,Echolocation,/mnt/ubna_data_02_mir/recover-20220922/UBNA_001/20220921_090000.WAV,Telephone Field,recover-20220922,001,1795
1484.2745,1484.3108,68437,82201,Rhinolophus ferrumequinum,0.022,0.022,-1,Echolocation,/mnt/ubna_data_02_mir/recover-20220922/UBNA_001/20220921_090000.WAV,Telephone Field,recover-20220922,001,1795
1484.3125,1484.3517,68437,82108,Rhinolophus ferrumequinum,0.031,0.031,-1,Echolocation,/mnt/ubna_data_02_mir/recover-20220922/UBNA_001/20220921_090000.WAV,Telephone Field,recover-20220922,001,1795
1484.3385,1484.3462,28046,39305,Eptesicus serotinus,0.007,0.022,-1,Echolocation,/mnt/ubna_data_02_mir/recover-20220922/UBNA_001/20220921_090000.WAV,Telephone Field,recover-20220922,001,1795
1484.3635,1484.373,28046,38582,Eptesicus serotinus,0.01,0.022,-1,Echolocation,/mnt/ubna_data_02_mir/recover-20220922/UBNA_001/20220921_090000.WAV,Telephone Field,recover-20220922,001,1795
1484.3695,1484.4071,68437,81988,Rhinolophus ferrumequinum,0.022,0.022,-1,Echolocation,/mnt/ubna_data_02_mir/recover-20220922/UBNA_001/20220921_090000.WAV,Telephone Field,recover-20220922,001,1795
1484.3885,1484.4313,68437,82982,Rhinolophus ferrumequinum,0.022,0.022,-1,Echolocation,/mnt/ubna_data_02_mir/recover-20220922/UBNA_001/20220921_090000.WAV,Telephone Field,recover-20220922,001,1795
1484.3915,1484.3999,50390,57640,Pipistrellus pipistrellus,0.023,0.028,-1,Echolocation,/mnt/ubna_data_02_mir/recover-20220922/UBNA_001/20220921_090000.WAV,Telephone Field,recover-20220922,001,1795
1484.4145,1484.4558,68437,82393,Rhinolophus ferrumequinum,0.022,0.022,-1,Echolocation,/mnt/ubna_data_02_mir/recover-20220922/UBNA_001/20220921_090000.WAV,Telephone Field,recover-20220922,001,1795
1484.4365,1484.4482,28906,35363,Eptesicus serotinus,0.013,0.024,-1,Echolocation,/mnt/ubna_data_02_mir/recover-20220922/UBNA_001/20220921_090000.WAV,Telephone Field,recover-20220922,001,1795
1484.4435,1484.484,68437,82808,Rhinolophus ferrumequinum,0.026,0.026,-1,Echolocation,/mnt/ubna_data_02_mir/recover-20220922/UBNA_001/20220921_090000.WAV,Telephone Field,recover-20220922,001,1795
1484.4565,1484.4988,68437,82420,Rhinolophus ferrumequinum,0.022,0.022,-1,Echolocation,/mnt/ubna_data_02_mir/recover-20220922/UBNA_001/20220921_090000.WAV,Telephone Field,recover-20220922,001,1795
1484.4785,1484.5178,68437,82359,Rhinolophus ferrumequinum,0.028,0.028,-1,Echolocation,/mnt/ubna_data_02_mir/recover-20220922/UBNA_001/20220921_090000.WAV,Telephone Field,recover-20220922,001,1795
1484.5015,1484.5419,68437,82506,Rhinolophus ferrumequinum,0.022,0.022,-1,Echolocation,/mnt/ubna_data_02_mir/recover-20220922/UBNA_001/20220921_090000.WAV,Telephone Field,recover-20220922,001,1795
1484.5045,1484.5162,22031,26901,Nyctalus leisleri,0.011,0.022,-1,Echolocation,/mnt/ubna_data_02_mir/recover-20220922/UBNA_001/20220921_090000.WAV,Telephone Field,recover-20220922,001,1795
1484.5455,1484.554,27187,36620,Eptesicus serotinus,0.01,0.028,-1,Echolocation,/mnt/ubna_data_02_mir/recover-20220922/UBNA_001/20220921_090000.WAV,Telephone Field,recover-20220922,001,1795
1484.5525,1484.5952,68437,82192,Rhinolophus ferrumequinum,0.024,0.024,-1,Echolocation,/mnt/ubna_data_02_mir/recover-20220922/UBNA_001/20220921_090000.WAV,Telephone Field,recover-20220922,001,1795
1484.5755,1484.6156,68437,81709,Rhinolophus ferrumequinum,0.024,0.024,-1,Echolocation,/mnt/ubna_data_02_mir/recover-20220922/UBNA_001/20220921_090000.WAV,Telephone Field,recover-20220922,001,1795
1484.5915,1484.6264,68437,81322,Rhinolophus ferrumequinum,0.023,0.023,-1,Echolocation,/mnt/ubna_data_02_mir/recover-20220922/UBNA_001/20220921_090000.WAV,Telephone Field,recover-20220922,001,1795
1484.6015,1484.6141,25468,31157,Nyctalus leisleri,0.028,0.067,-1,Echolocation,/mnt/ubna_data_02_mir/recover-20220922/UBNA_001/20220921_090000.WAV,Telephone Field,recover-20220922,001,1795
1484.6275,1484.6379,27187,34351,Eptesicus serotinus,0.011,0.023,-1,Echolocation,/mnt/ubna_data_02_mir/recover-20220922/UBNA_001/20220921_090000.WAV,Telephone Field,recover-20220922,001,1795
1484.6305,1484.6692,68437,82240,Rhinolophus ferrumequinum,0.022,0.022,-1,Echolocation,/mnt/ubna_data_02_mir/recover-20220922/UBNA_001/20220921_090000.WAV,Telephone Field,recover-20220922,001,1795
1484.6565,1484.667,28906,36188,Eptesicus serotinus,0.01,0.023,-1,Echolocation,/mnt/ubna_data_02_mir/recover-20220922/UBNA_001/20220921_090000.WAV,Telephone Field,recover-20220922,001,1795
1484.7125,1484.721,24609,33497,Eptesicus serotinus,0.006,0.024,-1,Echolocation,/mnt/ubna_data_02_mir/recover-20220922/UBNA_001/20220921_090000.WAV,Telephone Field,recover-20220922,001,1795
1484.7245,1484.7637,68437,82823,Rhinolophus ferrumequinum,0.024,0.024,-1,Echolocation,/mnt/ubna_data_02_mir/recover-20220922/UBNA_001/20220921_090000.WAV,Telephone Field,recover-20220922,001,1795
1484.7415,1484.7499,43515,51952,Pipistrellus pipistrellus,0.031,0.04,-1,Echolocation,/mnt/ubna_data_02_mir/recover-20220922/UBNA_001/20220921_090000.WAV,Telephone Field,recover-20220922,001,1795
1484.7525,1484.7635,22890,27333,Nyctalus leisleri,0.011,0.022,-1,Echolocation,/mnt/ubna_data_02_mir/recover-20220922/UBNA_001/20220921_090000.WAV,Telephone Field,recover-20220922,001,1795
1484.7615,1484.7721,23750,29650,Nyctalus leisleri,0.009,0.025,-1,Echolocation,/mnt/ubna_data_02_mir/recover-20220922/UBNA_001/20220921_090000.WAV,Telephone Field,recover-20220922,001,1795
1484.7965,1484.8422,68437,83496,Rhinolophus ferrumequinum,0.05,0.05,-1,Echolocation,/mnt/ubna_data_02_mir/recover-20220922/UBNA_001/20220921_090000.WAV,Telephone Field,recover-20220922,001,1795
1484.7995,1484.8093,27187,35914,Eptesicus serotinus,0.011,0.027,-1,Echolocation,/mnt/ubna_data_02_mir/recover-20220922/UBNA_001/20220921_090000.WAV,Telephone Field,recover-20220922,001,1795
1484.8235,1484.8661,68437,82931,Rhinolophus ferrumequinum,0.04,0.04,-1,Echolocation,/mnt/ubna_data_02_mir/recover-20220922/UBNA_001/20220921_090000.WAV,Telephone Field,recover-20220922,001,1795
1484.8775,1484.9176,68437,82377,Rhinolophus ferrumequinum,0.027,0.027,-1,Echolocation,/mnt/ubna_data_02_mir/recover-20220922/UBNA_001/20220921_090000.WAV,Telephone Field,recover-20220922,001,1795
1484.8915,1484.9009,24609,31011,Nyctalus leisleri,0.008,0.022,-1,Echolocation,/mnt/ubna_data_02_mir/recover-20220922/UBNA_001/20220921_090000.WAV,Telephone Field,recover-20220922,001,1795
1484.8975,1484.9343,68437,81755,Rhinolophus ferrumequinum,0.023,0.023,-1,Echolocation,/mnt/ubna_data_02_mir/recover-20220922/UBNA_001/20220921_090000.WAV,Telephone Field,recover-20220922,001,1795
1484.9035,1484.9379,68437,81203,Rhinolophus ferrumequinum,0.023,0.023,-1,Echolocation,/mnt/ubna_data_02_mir/recover-20220922/UBNA_001/20220921_090000.WAV,Telephone Field,recover-20220922,001,1795
1484.9965,1485.0359,68437,82480,Rhinolophus ferrumequinum,0.026,0.026,-1,Echolocation,/mnt/ubna_data_02_mir/recover-20220922/UBNA_001/20220921_090000.WAV,Telephone Field,recover-20220922,001,1795
1485.0045,1485.0125,58984,64884,Pipistrellus pygmaeus,0.054,0.058,-1,Echolocation,/mnt/ubna_data_02_mir/recover-20220922/UBNA_001/20220921_090000.WAV,Telephone Field,recover-20220922,001,1795
1485.0055,1485.02,29765,35420,Eptesicus serotinus,0.02,0.034,-1,Echolocation,/mnt/ubna_data_02_mir/recover-20220922/UBNA_001/20220921_090000.WAV,Telephone Field,recover-20220922,001,1795
1485.0105,1485.0474,68437,80685,Rhinolophus ferrumequinum,0.025,0.025,-1,Echolocation,/mnt/ubna_data_02_mir/recover-20220922/UBNA_001/20220921_090000.WAV,Telephone Field,recover-20220922,001,1795
1485.0735,1485.113,68437,82307,Rhinolophus ferrumequinum,0.025,0.025,-1,Echolocation,/mnt/ubna_data_02_mir/recover-20220922/UBNA_001/20220921_090000.WAV,Telephone Field,recover-20220922,001,1795
1485.1065,1485.1445,68437,81552,Rhinolophus ferrumequinum,0.022,0.022,-1,Echolocation,/mnt/ubna_data_02_mir/recover-20220922/UBNA_001/20220921_090000.WAV,Telephone Field,recover-20220922,001,1795
1485.1125,1485.1205,50390,57170,Pipistrellus pipistrellus,0.024,0.03,-1,Echolocation,/mnt/ubna_data_02_mir/recover-20220922/UBNA_001/20220921_090000.WAV,Telephone Field,recover-20220922,001,1795
1485.1415,1485.152,22890,28100,Nyctalus leisleri,0.011,0.023,-1,Echolocation,/mnt/ubna_data_02_mir/recover-20220922/UBNA_001/20220921_090000.WAV,Telephone Field,recover-20220922,001,1795
1485.1515,1485.1669,22031,25399,Nyctalus leisleri,0.02,0.033,-1,Echolocation,/mnt/ubna_data_02_mir/recover-20220922/UBNA_001/20220921_090000.WAV,Telephone Field,recover-20220922,001,1795
1485.1965,1485.2373,68437,82887,Rhinolophus ferrumequinum,0.028,0.028,-1,Echolocation,/mnt/ubna_data_02_mir/recover-20220922/UBNA_001/20220921_090000.WAV,Telephone Field,recover-20220922,001,1795
1485.2655,1485.274,24609,31838,Eptesicus serotinus,0.006,0.022,-1,Echolocation,/mnt/ubna_data_02_mir/recover-20220922/UBNA_001/20220921_090000.WAV,Telephone Field,recover-20220922,001,1795
1485.2835,1485.2913,22890,31650,Plecotus austriacus,0.011,0.024,-1,Echolocation,/mnt/ubna_data_02_mir/recover-20220922/UBNA_001/20220921_090000.WAV,Telephone Field,recover-20220922,001,1795
1485.2895,1485.3231,68437,80732,Rhinolophus ferrumequinum,0.022,0.022,-1,Echolocation,/mnt/ubna_data_02_mir/recover-20220922/UBNA_001/20220921_090000.WAV,Telephone Field,recover-20220922,001,1795
1485.2965,1485.3039,25468,34530,Plecotus austriacus,0.011,0.033,-1,Echolocation,/mnt/ubna_data_02_mir/recover-20220922/UBNA_001/20220921_090000.WAV,Telephone Field,recover-20220922,001,1795
1485.3195,1485.3322,22890,28800,Nyctalus leisleri,0.016,0.033,-1,Echolocation,/mnt/ubna_data_02_mir/recover-20220922/UBNA_001/20220921_090000.WAV,Telephone Field,recover-20220922,001,1795
1485.3325,1485.3702,68437,81867,Rhinolophus ferrumequinum,0.028,0.028,-1,Echolocation,/mnt/ubna_data_02_mir/recover-20220922/UBNA_001/20220921_090000.WAV,Telephone Field,recover-20220922,001,1795
1485.3715,1485.41,68437,82459,Rhinolophus ferrumequinum,0.023,0.023,-1,Echolocation,/mnt/ubna_data_02_mir/recover-20220922/UBNA_001/20220921_090000.WAV,Telephone Field,recover-20220922,001,1795
1485.3795,1485.3892,22890,29708,Nyctalus leisleri,0.007,0.023,-1,Echolocation,/mnt/ubna_data_02_mir/recover-20220922/UBNA_001/20220921_090000.WAV,Telephone Field,recover-20220922,001,1795
1485.4145,1485.4551,68437,82278,Rhinolophus ferrumequinum,0.023,0.023,-1,Echolocation,/mnt/ubna_data_02_mir/recover-20220922/UBNA_001/20220921_090000.WAV,Telephone Field,recover-20220922,001,1795
1485.4235,1485.4679,68437,83368,Rhinolophus ferrumequinum,0.029,0.029,-1,Echolocation,/mnt/ubna_data_02_mir/recover-20220922/UBNA_001/20220921_090000.WAV,Telephone Field,recover-20220922,001,1795
1485.4245,1485.4359,43515,47622,Pipistrellus pipistrellus,0.04,0.053,-1,Echolocation,/mnt/ubna_data_02_mir/recover-20220922/UBNA_001/20220921_090000.WAV,Telephone Field,recover-20220922,001,1795
1485.4425,1485.4813,68437,81754,Rhinolophus ferrumequinum,0.023,0.023,-1,Echolocation,/mnt/ubna_data_02_mir/recover-20220922/UBNA_001/20220921_090000.WAV,Telephone Field,recover-20220922,001,1795
1485.4845,1485.5235,68437,82275,Rhinolophus ferrumequinum,0.023,0.023,-1,Echolocation,/mnt/ubna_data_02_mir/recover-20220922/UBNA_001/20220921_090000.WAV,Telephone Field,recover-20220922,001,1795
1485.4865,1485.4952,28906,40165,Eptesicus serotinus,0.009,0.023,-1,Echolocation,/mnt/ubna_data_02_mir/recover-20220922/UBNA_001/20220921_090000.WAV,Telephone Field,recover-20220922,001,1795
1485.5125,1485.5194,23750,33097,Plecotus austriacus,0.013,0.027,-1,Echolocation,/mnt/ubna_data_02_mir/recover-20220922/UBNA_001/20220921_090000.WAV,Telephone Field,recover-20220922,001,1795
1485.5515,1485.5888,68437,81757,Rhinolophus ferrumequinum,0.022,0.022,-1,Echolocation,/mnt/ubna_data_02_mir/recover-20220922/UBNA_001/20220921_090000.WAV,Telephone Field,recover-20220922,001,1795
1485.5735,1485.6141,68437,82669,Rhinolophus ferrumequinum,0.03,0.03,-1,Echolocation,/mnt/ubna_data_02_mir/recover-20220922/UBNA_001/20220921_090000.WAV,Telephone Field,recover-20220922,001,1795
1485.5775,1485.5857,28046,40214,Eptesicus serotinus,0.009,0.023,-1,Echolocation,/mnt/ubna_data_02_mir/recover-20220922/UBNA_001/20220921_090000.WAV,Telephone Field,recover-20220922,001,1795
1485.6115,1485.6204,32343,41444,Myotis daubentonii,0.007,0.022,-1,Echolocation,/mnt/ubna_data_02_mir/recover-20220922/UBNA_001/20220921_090000.WAV,Telephone Field,recover-20220922,001,1795
1485.6165,1485.656,68437,82126,Rhinolophus ferrumequinum,0.022,0.022,-1,Echolocation,/mnt/ubna_data_02_mir/recover-20220922/UBNA_001/20220921_090000.WAV,Telephone Field,recover-20220922,001,1795
1485.6405,1485.6813,68437,82387,Rhinolophus ferrumequinum,0.024,0.024,-1,Echolocation,/mnt/ubna_data_02_mir/recover-20220922/UBNA_001/20220921_090000.WAV,Telephone Field,recover-20220922,001,1795
1485.6455,1485.6528,27187,43038,Eptesicus serotinus,0.008,0.024,-1,Echolocation,/mnt/ubna_data_02_mir/recover-20220922/UBNA_001/20220921_090000.WAV,Telephone Field,recover-20220922,001,1795
1485.6735,1485.6816,28046,38805,Eptesicus serotinus,0.009,0.023,-1,Echolocation,/mnt/ubna_data_02_mir/recover-20220922/UBNA_001/20220921_090000.WAV,Telephone Field,recover-20220922,001,1795
1485.6925,1485.7323,68437,81716,Rhinolophus ferrumequinum,0.022,0.022,-1,Echolocation,/mnt/ubna_data_02_mir/recover-20220922/UBNA_001/20220921_090000.WAV,Telephone Field,recover-20220922,001,1795
1485.7115,1485.7513,68437,82425,Rhinolophus ferrumequinum,0.023,0.023,-1,Echolocation,/mnt/ubna_data_02_mir/recover-20220922/UBNA_001/20220921_090000.WAV,Telephone Field,recover-20220922,001,1795
1485.7175,1485.7274,50390,54805,Pipistrellus pipistrellus,0.026,0.03,-1,Echolocation,/mnt/ubna_data_02_mir/recover-20220922/UBNA_001/20220921_090000.WAV,Telephone Field,recover-20220922,001,1795
1485.7605,1485.772,22890,27806,Nyctalus leisleri,0.021,0.049,-1,Echolocation,/mnt/ubna_data_02_mir/recover-20220922/UBNA_001/20220921_090000.WAV,Telephone Field,recover-20220922,001,1795
1485.7615,1485.8012,68437,82164,Rhinolophus ferrumequinum,0.023,0.023,-1,Echolocation,/mnt/ubna_data_02_mir/recover-20220922/UBNA_001/20220921_090000.WAV,Telephone Field,recover-20220922,001,1795
1485.7785,1485.7857,28046,42520,Eptesicus serotinus,0.03,0.066,-1,Echolocation,/mnt/ubna_data_02_mir/recover-20220922/UBNA_001/20220921_090000.WAV,Telephone Field,recover-20220922,001,1795
1485.8025,1485.8391,68437,81773,Rhinolophus ferrumequinum,0.024,0.024,-1,Echolocation,/mnt/ubna_data_02_mir/recover-20220922/UBNA_001/20220921_090000.WAV,Telephone Field,recover-20220922,001,1795
1485.8235,1485.8614,68437,81686,Rhinolophus ferrumequinum,0.022,0.022,-1,Echolocation,/mnt/ubna_data_02_mir/recover-20220922/UBNA_001/20220921_090000.WAV,Telephone Field,recover-20220922,001,1795
1485.8735,1485.9143,68437,82327,Rhinolophus ferrumequinum,0.024,0.024,-1,Echolocation,/mnt/ubna_data_02_mir/recover-20220922/UBNA_001/20220921_090000.WAV,Telephone Field,recover-20220922,001,1795
1485.8815,1485.919,68437,82612,Rhinolophus ferrumequinum,0.024,0.024,-1,Echolocation,/mnt/ubna_data_02_mir/recover-20220922/UBNA_001/20220921_090000.WAV,Telephone Field,recover-20220922,001,1795
1485.8915,1485.9004,32343,41404,Eptesicus serotinus,0.006,0.023,-1,Echolocation,/mnt/ubna_data_02_mir/recover-20220922/UBNA_001/20220921_090000.WAV,Telephone Field,recover-20220922,001,1795
1485.9385,1485.9478,28046,35772,Eptesicus serotinus,0.011,0.022,-1,Echolocation,/mnt/ubna_data_02_mir/recover-20220922/UBNA_001/20220921_090000.WAV,Telephone Field,recover-20220922,001,1795
1485.9555,1485.994,68437,81627,Rhinolophus ferrumequinum,0.025,0.025,-1,Echolocation,/mnt/ubna_data_02_mir/recover-20220922/UBNA_001/20220921_090000.WAV,Telephone Field,recover-20220922,001,1795
1485.9795,1485.9918,37500,41625,Pipistrellus nathusii,0.028,0.064,-1,Echolocation,/mnt/ubna_data_02_mir/recover-20220922/UBNA_001/20220921_090000.WAV,Telephone Field,recover-20220922,001,1795
1486.0015,1486.0311,68437,80179,Rhinolophus ferrumequinum,0.028,0.028,-1,Echolocation,/mnt/ubna_data_02_mir/recover-20220922/UBNA_001/20220921_090000.WAV,Telephone Field,recover-20220922,001,1795
1486.0015,1486.0103,23750,31502,Nyctalus leisleri,0.016,0.048,-1,Echolocation,/mnt/ubna_data_02_mir/recover-20220922/UBNA_001/20220921_090000.WAV,Telephone Field,recover-20220922,001,1795
1486.0015,1486.0153,61562,68428,Pipistrellus pygmaeus,0.03,0.031,-1,Echolocation,/mnt/ubna_data_02_mir/recover-20220922/UBNA_001/20220921_090000.WAV,Telephone Field,recover-20220922,001,1795
1486.0555,1486.0928,68437,82080,Rhinolophus ferrumequinum,0.026,0.026,-1,Echolocation,/mnt/ubna_data_02_mir/recover-20220922/UBNA_001/20220921_090000.WAV,Telephone Field,recover-20220922,001,1795
1486.0635,1486.1049,68437,82886,Rhinolophus ferrumequinum,0.03,0.03,-1,Echolocation,/mnt/ubna_data_02_mir/recover-20220922/UBNA_001/20220921_090000.WAV,Telephone Field,recover-20220922,001,1795
1486.0645,1486.0742,27187,37643,Eptesicus serotinus,0.009,0.024,-1,Echolocation,/mnt/ubna_data_02_mir/recover-20220922/UBNA_001/20220921_090000.WAV,Telephone Field,recover-20220922,001,1795
1486.0815,1486.0938,23750,29057,Nyctalus leisleri,0.012,0.026,-1,Echolocation,/mnt/ubna_data_02_mir/recover-20220922/UBNA_001/20220921_090000.WAV,Telephone Field,recover-20220922,001,1795
1486.0835,1486.1251,68437,82504,Rhinolophus ferrumequinum,0.026,0.026,-1,Echolocation,/mnt/ubna_data_02_mir/recover-20220922/UBNA_001/20220921_090000.WAV,Telephone Field,recover-20220922,001,1795
1486.1015,1486.1445,68437,83383,Rhinolophus ferrumequinum,0.037,0.037,-1,Echolocation,/mnt/ubna_data_02_mir/recover-20220922/UBNA_001/20220921_090000.WAV,Telephone Field,recover-20220922,001,1795
1486.1065,1486.1153,48671,56352,Pipistrellus pipistrellus,0.023,0.027,-1,Echolocation,/mnt/ubna_data_02_mir/recover-20220922/UBNA_001/20220921_090000.WAV,Telephone Field,recover-20220922,001,1795
1486.1465,1486.1864,68437,82933,Rhinolophus ferrumequinum,0.026,0.026,-1,Echolocation,/mnt/ubna_data_02_mir/recover-20220922/UBNA_001/20220921_090000.WAV,Telephone Field,recover-20220922,001,1795
1486.1675,1486.2068,68437,82257,Rhinolophus ferrumequinum,0.025,0.025,-1,Echolocation,/mnt/ubna_data_02_mir/recover-20220922/UBNA_001/20220921_090000.WAV,Telephone Field,recover-20220922,001,1795
1486.1885,1486.1966,22890,31175,Plecotus austriacus,0.012,0.025,-1,Echolocation,/mnt/ubna_data_02_mir/recover-20220922/UBNA_001/20220921_090000.WAV,Telephone Field,recover-20220922,001,1795
1486.2365,1486.2473,45234,48699,Pipistrellus pipistrellus,0.023,0.027,-1,Echolocation,/mnt/ubna_data_02_mir/recover-20220922/UBNA_001/20220921_090000.WAV,Telephone Field,recover-20220922,001,1795
1486.2375,1486.2783,68437,82427,Rhinolophus ferrumequinum,0.025,0.025,-1,Echolocation,/mnt/ubna_data_02_mir/recover-20220922/UBNA_001/20220921_090000.WAV,Telephone Field,recover-20220922,001,1795
1486.2475,1486.2559,23750,31848,Plecotus austriacus,0.013,0.033,-1,Echolocation,/mnt/ubna_data_02_mir/recover-20220922/UBNA_001/20220921_090000.WAV,Telephone Field,recover-20220922,001,1795
1486.2585,1486.2985,68437,82376,Rhinolophus ferrumequinum,0.027,0.027,-1,Echolocation,/mnt/ubna_data_02_mir/recover-20220922/UBNA_001/20220921_090000.WAV,Telephone Field,recover-20220922,001,1795
1486.3375,1486.3802,68437,83154,Rhinolophus ferrumequinum,0.03,0.03,-1,Echolocation,/mnt/ubna_data_02_mir/recover-20220922/UBNA_001/20220921_090000.WAV,Telephone Field,recover-20220922,001,1795
1486.3805,1486.4173,68437,82198,Rhinolophus ferrumequinum,0.024,0.024,-1,Echolocation,/mnt/ubna_data_02_mir/recover-20220922/UBNA_001/20220921_090000.WAV,Telephone Field,recover-20220922,001,1795
1486.4155,1486.4572,68437,83142,Rhinolophus ferrumequinum,0.027,0.027,-1,Echolocation,/mnt/ubna_data_02_mir/recover-20220922/UBNA_001/20220921_090000.WAV,Telephone Field,recover-20220922,001,1795
1486.4545,1486.4641,28046,35759,Eptesicus serotinus,0.01,0.025,-1,Echolocation,/mnt/ubna_data_02_mir/recover-20220922/UBNA_001/20220921_090000.WAV,Telephone Field,recover-20220922,001,1795
1486.5155,1486.5575,68437,82773,Rhinolophus ferrumequinum,0.032,0.032,-1,Echolocation,/mnt/ubna_data_02_mir/recover-20220922/UBNA_001/20220921_090000.WAV,Telephone Field,recover-20220922,001,1795
1486.5245,1486.5617,68437,81784,Rhinolophus ferrumequinum,0.026,0.026,-1,Echolocation,/mnt/ubna_data_02_mir/recover-20220922/UBNA_001/20220921_090000.WAV,Telephone Field,recover-20220922,001,1795
1486.5365,1486.5727,68437,82194,Rhinolophus ferrumequinum,0.029,0.03,-1,Echolocation,/mnt/ubna_data_02_mir/recover-20220922/UBNA_001/20220921_090000.WAV,Telephone Field,recover-20220922,001,1795
1486.5405,1486.5481,23750,32645,Plecotus austriacus,0.01,0.026,-1,Echolocation,/mnt/ubna_data_02_mir/recover-20220922/UBNA_001/20220921_090000.WAV,Telephone Field,recover-20220922,001,1795
1486.5495,1486.5901,68437,82530,Rhinolophus ferrumequinum,0.026,0.026,-1,Echolocation,/mnt/ubna_data_02_mir/recover-20220922/UBNA_001/20220921_090000.WAV,Telephone Field,recover-20220922,001,1795
1486.5665,1486.607,68437,83100,Rhinolophus ferrumequinum,0.025,0.025,-1,Echolocation,/mnt/ubna_data_02_mir/recover-20220922/UBNA_001/20220921_090000.WAV,Telephone Field,recover-20220922,001,1795
1486.5735,1486.6145,68437,83008,Rhinolophus ferrumequinum,0.028,0.028,-1,Echolocation,/mnt/ubna_data_02_mir/recover-20220922/UBNA_001/20220921_090000.WAV,Telephone Field,recover-20220922,001,1795
1486.5795,1486.586,23750,33332,Plecotus austriacus,0.019,0.035,-1,Echolocation,/mnt/ubna_data_02_mir/recover-20220922/UBNA_001/20220921_090000.WAV,Telephone Field,recover-20220922,001,1795
1486.5985,1486.6063,47812,56497,Pipistrellus pipistrellus,0.023,0.029,-1,Echolocation,/mnt/ubna_data_02_mir/recover-20220922/UBNA_001/20220921_090000.WAV,Telephone Field,recover-20220922,001,1795
1486.6065,1486.6387,68437,81561,Rhinolophus ferrumequinum,0.025,0.025,-1,Echolocation,/mnt/ubna_data_02_mir/recover-20220922/UBNA_001/20220921_090000.WAV,Telephone Field,recover-20220922,001,1795
1486.6145,1486.6493,68437,81523,Rhinolophus ferrumequinum,0.025,0.025,-1,Echolocation,/mnt/ubna_data_02_mir/recover-20220922/UBNA_001/20220921_090000.WAV,Telephone Field,recover-20220922,001,1795
1486.6755,1486.6825,28046,39401,Eptesicus serotinus,0.007,0.024,-1,Echolocation,/mnt/ubna_data_02_mir/recover-20220922/UBNA_001/20220921_090000.WAV,Telephone Field,recover-20220922,001,1795
1486.8735,1486.9088,68437,82035,Rhinolophus ferrumequinum,0.025,0.025,-1,Echolocation,/mnt/ubna_data_02_mir/recover-20220922/UBNA_001/20220921_090000.WAV,Telephone Field,recover-20220922,001,1795
1486.8865,1486.928,68437,82763,Rhinolophus ferrumequinum,0.046,0.046,-1,Echolocation,/mnt/ubna_data_02_mir/recover-20220922/UBNA_001/20220921_090000.WAV,Telephone Field,recover-20220922,001,1795
1486.9245,1486.9648,68437,83143,Rhinolophus ferrumequinum,0.037,0.037,-1,Echolocation,/mnt/ubna_data_02_mir/recover-20220922/UBNA_001/20220921_090000.WAV,Telephone Field,recover-20220922,001,1795
1486.9405,1486.9502,46953,50539,Pipistrellus pipistrellus,0.046,0.049,-1,Echolocation,/mnt/ubna_data_02_mir/recover-20220922/UBNA_001/20220921_090000.WAV,Telephone Field,recover-20220922,001,1795
1487.0595,1487.0681,23750,32572,Plecotus austriacus,0.014,0.038,-1,Echolocation,/mnt/ubna_data_02_mir/recover-20220922/UBNA_001/20220921_090000.WAV,Telephone Field,recover-20220922,001,1795
1487.0635,1487.0722,41796,50218,Pipistrellus pipistrellus,0.008,0.032,-1,Echolocation,/mnt/ubna_data_02_mir/recover-20220922/UBNA_001/20220921_090000.WAV,Telephone Field,recover-20220922,001,1795
1487.0765,1487.0959,15156,19968,Nyctalus noctula,0.026,0.034,-1,Echolocation,/mnt/ubna_data_02_mir/recover-20220922/UBNA_001/20220921_090000.WAV,Telephone Field,recover-20220922,001,1795
1487.0785,1487.1171,68437,82222,Rhinolophus ferrumequinum,0.035,0.035,-1,Echolocation,/mnt/ubna_data_02_mir/recover-20220922/UBNA_001/20220921_090000.WAV,Telephone Field,recover-20220922,001,1795
1487.1715,1487.212,68437,82223,Rhinolophus ferrumequinum,0.025,0.026,-1,Echolocation,/mnt/ubna_data_02_mir/recover-20220922/UBNA_001/20220921_090000.WAV,Telephone Field,recover-20220922,001,1795
1487.1885,1487.1937,28906,41803,Plecotus auritus,0.009,0.039,-1,Echolocation,/mnt/ubna_data_02_mir/recover-20220922/UBNA_001/20220921_090000.WAV,Telephone Field,recover-20220922,001,1795
1487.2125,1487.2501,68437,82097,Rhinolophus ferrumequinum,0.037,0.037,-1,Echolocation,/mnt/ubna_data_02_mir/recover-20220922/UBNA_001/20220921_090000.WAV,Telephone Field,recover-20220922,001,1795
1487.2765,1487.3159,68437,82147,Rhinolophus ferrumequinum,0.029,0.029,-1,Echolocation,/mnt/ubna_data_02_mir/recover-20220922/UBNA_001/20220921_090000.WAV,Telephone Field,recover-20220922,001,1795
1487.2955,1487.332,68437,82501,Rhinolophus ferrumequinum,0.024,0.024,-1,Echolocation,/mnt/ubna_data_02_mir/recover-20220922/UBNA_001/20220921_090000.WAV,Telephone Field,recover-20220922,001,1795
1487.3085,1487.3513,68437,83284,Rhinolophus ferrumequinum,0.027,0.027,-1,Echolocation,/mnt/ubna_data_02_mir/recover-20220922/UBNA_001/20220921_090000.WAV,Telephone Field,recover-20220922,001,1795
1487.3545,1487.3637,27187,38419,Eptesicus serotinus,0.01,0.025,-1,Echolocation,/mnt/ubna_data_02_mir/recover-20220922/UBNA_001/20220921_090000.WAV,Telephone Field,recover-20220922,001,1795
1487.3715,1487.3762,37500,65677,Myotis mystacinus,0.012,0.034,-1,Echolocation,/mnt/ubna_data_02_mir/recover-20220922/UBNA_001/20220921_090000.WAV,Telephone Field,recover-20220922,001,1795
1487.3765,1487.3886,29765,37431,Eptesicus serotinus,0.012,0.03,-1,Echolocation,/mnt/ubna_data_02_mir/recover-20220922/UBNA_001/20220921_090000.WAV,Telephone Field,recover-20220922,001,1795
1487.4025,1487.4091,27187,39719,Eptesicus serotinus,0.005,0.025,-1,Echolocation,/mnt/ubna_data_02_mir/recover-20220922/UBNA_001/20220921_090000.WAV,Telephone Field,recover-20220922,001,1795
1487.4175,1487.4559,68437,82797,Rhinolophus ferrumequinum,0.025,0.025,-1,Echolocation,/mnt/ubna_data_02_mir/recover-20220922/UBNA_001/20220921_090000.WAV,Telephone Field,recover-20220922,001,1795
1487.4265,1487.437,22890,28480,Nyctalus leisleri,0.01,0.025,-1,Echolocation,/mnt/ubna_data_02_mir/recover-20220922/UBNA_001/20220921_090000.WAV,Telephone Field,recover-20220922,001,1795
1487.4515,1487.488,68437,82198,Rhinolophus ferrumequinum,0.025,0.025,-1,Echolocation,/mnt/ubna_data_02_mir/recover-20220922/UBNA_001/20220921_090000.WAV,Telephone Field,recover-20220922,001,1795
1487.4875,1487.5265,68437,81973,Rhinolophus ferrumequinum,0.029,0.029,-1,Echolocation,/mnt/ubna_data_02_mir/recover-20220922/UBNA_001/20220921_090000.WAV,Telephone Field,recover-20220922,001,1795
1487.5245,1487.5607,68437,82103,Rhinolophus ferrumequinum,0.025,0.025,-1,Echolocation,/mnt/ubna_data_02_mir/recover-20220922/UBNA_001/20220921_090000.WAV,Telephone Field,recover-20220922,001,1795
1487.5535,1487.5927,68437,82464,Rhinolophus ferrumequinum,0.028,0.028,-1,Echolocation,/mnt/ubna_data_02_mir/recover-20220922/UBNA_001/20220921_090000.WAV,Telephone Field,recover-20220922,001,1795
1487.5955,1487.6333,68437,82106,Rhinolophus ferrumequinum,0.035,0.035,-1,Echolocation,/mnt/ubna_data_02_mir/recover-20220922/UBNA_001/20220921_090000.WAV,Telephone Field,recover-20220922,001,1795
1487.6295,1487.6692,68437,82615,Rhinolophus ferrumequinum,0.026,0.026,-1,Echolocation,/mnt/ubna_data_02_mir/recover-20220922/UBNA_001/20220921_090000.WAV,Telephone Field,recover-20220922,001,1795
1487.6595,1487.6712,23750,29748,Nyctalus leisleri,0.016,0.043,-1,Echolocation,/mnt/ubna_data_02_mir/recover-20220922/UBNA_001/20220921_090000.WAV,Telephone Field,recover-20220922,001,1795
1487.6615,1487.7032,68437,82176,Rhinolophus ferrumequinum,0.026,0.026,-1,Echolocation,/mnt/ubna_data_02_mir/recover-20220922/UBNA_001/20220921_090000.WAV,Telephone Field,recover-20220922,001,1795
1487.6705,1487.6781,28046,39655,Eptesicus serotinus,0.008,0.025,-1,Echolocation,/mnt/ubna_data_02_mir/recover-20220922/UBNA_001/20220921_090000.WAV,Telephone Field,recover-20220922,001,1795
1487.7005,1487.7132,23750,29132,Nyctalus leisleri,0.011,0.025,-1,Echolocation,/mnt/ubna_data_02_mir/recover-20220922/UBNA_001/20220921_090000.WAV,Telephone Field,recover-20220922,001,1795
1487.7005,1487.735,68437,81956,Rhinolophus ferrumequinum,0.025,0.026,-1,Echolocation,/mnt/ubna_data_02_mir/recover-20220922/UBNA_001/20220921_090000.WAV,Telephone Field,recover-20220922,001,1795
1487.7165,1487.725,23750,31590,Plecotus austriacus,0.011,0.026,-1,Echolocation,/mnt/ubna_data_02_mir/recover-20220922/UBNA_001/20220921_090000.WAV,Telephone Field,recover-20220922,001,1795
1487.7505,1487.7872,68437,80814,Rhinolophus ferrumequinum,0.032,0.032,-1,Echolocation,/mnt/ubna_data_02_mir/recover-20220922/UBNA_001/20220921_090000.WAV,Telephone Field,recover-20220922,001,1795
1487.7835,1487.8221,68437,82335,Rhinolophus ferrumequinum,0.028,0.028,-1,Echolocation,/mnt/ubna_data_02_mir/recover-20220922/UBNA_001/20220921_090000.WAV,Telephone Field,recover-20220922,001,1795
1487.8005,1487.8116,23750,28624,Nyctalus leisleri,0.015,0.029,-1,Echolocation,/mnt/ubna_data_02_mir/recover-20220922/UBNA_001/20220921_090000.WAV,Telephone Field,recover-20220922,001,1795
1487.8185,1487.83,25468,31942,Eptesicus serotinus,0.01,0.024,-1,Echolocation,/mnt/ubna_data_02_mir/recover-20220922/UBNA_001/20220921_090000.WAV,Telephone Field,recover-20220922,001,1795
1487.8355,1487.8774,68437,83285,Rhinolophus ferrumequinum,0.036,0.036,-1,Echolocation,/mnt/ubna_data_02_mir/recover-20220922/UBNA_001/20220921_090000.WAV,Telephone Field,recover-20220922,001,1795
1487.8415,1487.8829,68437,82840,Rhinolophus ferrumequinum,0.034,0.034,-1,Echolocation,/mnt/ubna_data_02_mir/recover-20220922/UBNA_001/20220921_090000.WAV,Telephone Field,recover-20220922,001,1795
1487.8795,1487.8986,20312,23565,Nyctalus leisleri,0.014,0.026,-1,Echolocation,/mnt/ubna_data_02_mir/recover-20220922/UBNA_001/20220921_090000.WAV,Telephone Field,recover-20220922,001,1795
1487.8955,1487.9359,68437,82468,Rhinolophus ferrumequinum,0.028,0.028,-1,Echolocation,/mnt/ubna_data_02_mir/recover-20220922/UBNA_001/20220921_090000.WAV,Telephone Field,recover-20220922,001,1795
1487.9195,1487.9573,68437,82457,Rhinolophus ferrumequinum,0.028,0.028,-1,Echolocation,/mnt/ubna_data_02_mir/recover-20220922/UBNA_001/20220921_090000.WAV,Telephone Field,recover-20220922,001,1795
1487.9215,1487.9356,24609,31048,Nyctalus leisleri,0.013,0.035,-1,Echolocation,/mnt/ubna_data_02_mir/recover-20220922/UBNA_001/20220921_090000.WAV,Telephone Field,recover-20220922,001,1795
1487.9345,1487.9421,25468,34793,Plecotus austriacus,0.008,0.029,-1,Echolocation,/mnt/ubna_data_02_mir/recover-20220922/UBNA_001/20220921_090000.WAV,Telephone Field,recover-20220922,001,1795
1487.9835,1487.9909,27187,38797,Eptesicus serotinus,0.007,0.025,-1,Echolocation,/mnt/ubna_data_02_mir/recover-20220922/UBNA_001/20220921_090000.WAV,Telephone Field,recover-20220922,001,1795
1488.0015,1488.0155,46953,51277,Pipistrellus pipistrellus,0.044,0.051,-1,Echolocation,/mnt/ubna_data_02_mir/recover-20220922/UBNA_001/20220921_090000.WAV,Telephone Field,recover-20220922,001,1795
1488.0015,1488.0099,22031,27951,Nyctalus leisleri,0.008,0.023,-1,Echolocation,/mnt/ubna_data_02_mir/recover-20220922/UBNA_001/20220921_090000.WAV,Telephone Field,recover-20220922,001,1795
1488.0015,1488.0359,69296,81105,Rhinolophus ferrumequinum,0.042,0.042,-1,Echolocation,/mnt/ubna_data_02_mir/recover-20220922/UBNA_001/20220921_090000.WAV,Telephone Field,recover-20220922,001,1795
1488.0085,1488.0497,68437,81902,Rhinolophus ferrumequinum,0.034,0.034,-1,Echolocation,/mnt/ubna_data_02_mir/recover-20220922/UBNA_001/20220921_090000.WAV,Telephone Field,recover-20220922,001,1795
1488.0135,1488.0242,22890,28698,Nyctalus leisleri,0.013,0.03,-1,Echolocation,/mnt/ubna_data_02_mir/recover-20220922/UBNA_001/20220921_090000.WAV,Telephone Field,recover-20220922,001,1795
1488.0495,1488.056,28046,38726,Eptesicus serotinus,0.008,0.028,-1,Echolocation,/mnt/ubna_data_02_mir/recover-20220922/UBNA_001/20220921_090000.WAV,Telephone Field,recover-20220922,001,1795
1488.0605,1488.0981,68437,81524,Rhinolophus ferrumequinum,0.023,0.023,-1,Echolocation,/mnt/ubna_data_02_mir/recover-20220922/UBNA_001/20220921_090000.WAV,Telephone Field,recover-20220922,001,1795
1488.0735,1488.1127,68437,81620,Rhinolophus ferrumequinum,0.024,0.024,-1,Echolocation,/mnt/ubna_data_02_mir/recover-20220922/UBNA_001/20220921_090000.WAV,Telephone Field,recover-20220922,001,1795
1488.0825,1488.0941,23750,29591,Nyctalus leisleri,0.01,0.024,-1,Echolocation,/mnt/ubna_data_02_mir/recover-20220922/UBNA_001/20220921_090000.WAV,Telephone Field,recover-20220922,001,1795
1488.1065,1488.1465,68437,82685,Rhinolophus ferrumequinum,0.023,0.023,-1,Echolocation,/mnt/ubna_data_02_mir/recover-20220922/UBNA_001/20220921_090000.WAV,Telephone Field,recover-20220922,001,1795
1488.1235,1488.1336000000001,28046,35591,Eptesicus serotinus,0.012,0.025,-1,Echolocation,/mnt/ubna_data_02_mir/recover-20220922/UBNA_001/20220921_090000.WAV,Telephone Field,recover-20220922,001,1795
1488.1365,1488.1764,68437,82519,Rhinolophus ferrumequinum,0.029,0.029,-1,Echolocation,/mnt/ubna_data_02_mir/recover-20220922/UBNA_001/20220921_090000.WAV,Telephone Field,recover-20220922,001,1795
1488.1445,1488.1507,28046,40489,Myotis daubentonii,0.005,0.022,-1,Echolocation,/mnt/ubna_data_02_mir/recover-20220922/UBNA_001/20220921_090000.WAV,Telephone Field,recover-20220922,001,1795
1488.1985,1488.237,68437,82615,Rhinolophus ferrumequinum,0.023,0.023,-1,Echolocation,/mnt/ubna_data_02_mir/recover-20220922/UBNA_001/20220921_090000.WAV,Telephone Field,recover-20220922,001,1795
1488.2035,1488.2105999999999,28046,39912,Eptesicus serotinus,0.008,0.025,-1,Echolocation,/mnt/ubna_data_02_mir/recover-20220922/UBNA_001/20220921_090000.WAV,Telephone Field,recover-20220922,001,1795
1488.2215,1488.2593,68437,81822,Rhinolophus ferrumequinum,0.025,0.025,-1,Echolocation,/mnt/ubna_data_02_mir/recover-20220922/UBNA_001/20220921_090000.WAV,Telephone Field,recover-20220922,001,1795
1488.2375,1488.248,28046,37510,Eptesicus serotinus,0.01,0.024,-1,Echolocation,/mnt/ubna_data_02_mir/recover-20220922/UBNA_001/20220921_090000.WAV,Telephone Field,recover-20220922,001,1795
1488.2685,1488.2784,27187,33969,Eptesicus serotinus,0.012,0.025,-1,Echolocation,/mnt/ubna_data_02_mir/recover-20220922/UBNA_001/20220921_090000.WAV,Telephone Field,recover-20220922,001,1795
1488.2885,1488.3284,68437,82700,Rhinolophus ferrumequinum,0.027,0.027,-1,Echolocation,/mnt/ubna_data_02_mir/recover-20220922/UBNA_001/20220921_090000.WAV,Telephone Field,recover-20220922,001,1795
1488.3085,1488.3162,27187,39123,Eptesicus serotinus,0.007,0.023,-1,Echolocation,/mnt/ubna_data_02_mir/recover-20220922/UBNA_001/20220921_090000.WAV,Telephone Field,recover-20220922,001,1795
1488.3105,1488.3167,33203,42036,Myotis daubentonii,0.009,0.026,-1,Echolocation,/mnt/ubna_data_02_mir/recover-20220922/UBNA_001/20220921_090000.WAV,Telephone Field,recover-20220922,001,1795
1488.3235,1488.3344,28906,34856,Eptesicus serotinus,0.012,0.025,-1,Echolocation,/mnt/ubna_data_02_mir/recover-20220922/UBNA_001/20220921_090000.WAV,Telephone Field,recover-20220922,001,1795
1488.3795,1488.4171,68437,82462,Rhinolophus ferrumequinum,0.023,0.023,-1,Echolocation,/mnt/ubna_data_02_mir/recover-20220922/UBNA_001/20220921_090000.WAV,Telephone Field,recover-20220922,001,1795
1488.3975,1488.4089,23750,29242,Nyctalus leisleri,0.011,0.025,-1,Echolocation,/mnt/ubna_data_02_mir/recover-20220922/UBNA_001/20220921_090000.WAV,Telephone Field,recover-20220922,001,1795
1488.4105,1488.4203,23750,29642,Nyctalus leisleri,0.009,0.022,-1,Echolocation,/mnt/ubna_data_02_mir/recover-20220922/UBNA_001/20220921_090000.WAV,Telephone Field,recover-20220922,001,1795
1488.4175,1488.457,68437,81385,Rhinolophus ferrumequinum,0.023,0.023,-1,Echolocation,/mnt/ubna_data_02_mir/recover-20220922/UBNA_001/20220921_090000.WAV,Telephone Field,recover-20220922,001,1795
1488.4445,1488.4544,28046,39141,Eptesicus serotinus,0.013,0.028,-1,Echolocation,/mnt/ubna_data_02_mir/recover-20220922/UBNA_001/20220921_090000.WAV,Telephone Field,recover-20220922,001,1795
1488.4605,1488.4988,68437,82170,Rhinolophus ferrumequinum,0.022,0.022,-1,Echolocation,/mnt/ubna_data_02_mir/recover-20220922/UBNA_001/20220921_090000.WAV,Telephone Field,recover-20220922,001,1795
1488.4715,1488.4819,23750,28999,Nyctalus leisleri,0.01,0.023,-1,Echolocation,/mnt/ubna_data_02_mir/recover-20220922/UBNA_001/20220921_090000.WAV,Telephone Field,recover-20220922,001,1795
1488.4895,1488.5288,68437,82623,Rhinolophus ferrumequinum,0.034,0.034,-1,Echolocation,/mnt/ubna_data_02_mir/recover-20220922/UBNA_001/20220921_090000.WAV,Telephone Field,recover-20220922,001,1795
1488.4925,1488.5025,22031,28066,Nyctalus leisleri,0.01,0.029,-1,Echolocation,/mnt/ubna_data_02_mir/recover-20220922/UBNA_001/20220921_090000.WAV,Telephone Field,recover-20220922,001,1795
1488.5145,1488.5243,28046,37334,Eptesicus serotinus,0.01,0.022,-1,Echolocation,/mnt/ubna_data_02_mir/recover-20220922/UBNA_001/20220921_090000.WAV,Telephone Field,recover-20220922,001,1795
1488.5165,1488.556,68437,82385,Rhinolophus ferrumequinum,0.024,0.024,-1,Echolocation,/mnt/ubna_data_02_mir/recover-20220922/UBNA_001/20220921_090000.WAV,Telephone Field,recover-20220922,001,1795
1488.5205,1488.5302,22890,28877,Nyctalus leisleri,0.009,0.022,-1,Echolocation,/mnt/ubna_data_02_mir/recover-20220922/UBNA_001/20220921_090000.WAV,Telephone Field,recover-20220922,001,1795
1488.5435,1488.583,68437,82129,Rhinolophus ferrumequinum,0.022,0.022,-1,Echolocation,/mnt/ubna_data_02_mir/recover-20220922/UBNA_001/20220921_090000.WAV,Telephone Field,recover-20220922,001,1795
1488.5835,1488.6213,68437,82026,Rhinolophus ferrumequinum,0.023,0.023,-1,Echolocation,/mnt/ubna_data_02_mir/recover-20220922/UBNA_001/20220921_090000.WAV,Telephone Field,recover-20220922,001,1795
1488.5915,1488.6019000000001,22890,28469,Nyctalus leisleri,0.019,0.047,-1,Echolocation,/mnt/ubna_data_02_mir/recover-20220922/UBNA_001/20220921_090000.WAV,Telephone Field,recover-20220922,001,1795
1488.6275,1488.6655,68437,82327,Rhinolophus ferrumequinum,0.033,0.033,-1,Echolocation,/mnt/ubna_data_02_mir/recover-20220922/UBNA_001/20220921_090000.WAV,Telephone Field,recover-20220922,001,1795
1488.6715,1488.7072,68437,81844,Rhinolophus ferrumequinum,0.023,0.023,-1,Echolocation,/mnt/ubna_data_02_mir/recover-20220922/UBNA_001/20220921_090000.WAV,Telephone Field,recover-20220922,001,1795
1488.7155,1488.7576,68437,82507,Rhinolophus ferrumequinum,0.045,0.045,-1,Echolocation,/mnt/ubna_data_02_mir/recover-20220922/UBNA_001/20220921_090000.WAV,Telephone Field,recover-20220922,001,1795
1488.7425,1488.7797,68437,81398,Rhinolophus ferrumequinum,0.022,0.022,-1,Echolocation,/mnt/ubna_data_02_mir/recover-20220922/UBNA_001/20220921_090000.WAV,Telephone Field,recover-20220922,001,1795
1488.7655,1488.7742,14296,22164,Plecotus auritus,0.01,0.022,-1,Echolocation,/mnt/ubna_data_02_mir/recover-20220922/UBNA_001/20220921_090000.WAV,Telephone Field,recover-20220922,001,1795
1488.8015,1488.814,27187,33114,Eptesicus serotinus,0.017,0.031,-1,Echolocation,/mnt/ubna_data_02_mir/recover-20220922/UBNA_001/20220921_090000.WAV,Telephone Field,recover-20220922,001,1795
1488.8025,1488.8377,68437,81426,Rhinolophus ferrumequinum,0.022,0.022,-1,Echolocation,/mnt/ubna_data_02_mir/recover-20220922/UBNA_001/20220921_090000.WAV,Telephone Field,recover-20220922,001,1795
1488.8105,1488.8465,68437,81299,Rhinolophus ferrumequinum,0.022,0.022,-1,Echolocation,/mnt/ubna_data_02_mir/recover-20220922/UBNA_001/20220921_090000.WAV,Telephone Field,recover-20220922,001,1795
1488.8185,1488.8569,68437,81551,Rhinolophus ferrumequinum,0.022,0.022,-1,Echolocation,/mnt/ubna_data_02_mir/recover-20220922/UBNA_001/20220921_090000.WAV,Telephone Field,recover-20220922,001,1795
1488.8325,1488.8389,48671,52764,Pipistrellus pipistrellus,0.035,0.036,-1,Echolocation,/mnt/ubna_data_02_mir/recover-20220922/UBNA_001/20220921_090000.WAV,Telephone Field,recover-20220922,001,1795
1488.8515,1488.8669,22031,26200,Nyctalus leisleri,0.016,0.028,-1,Echolocation,/mnt/ubna_data_02_mir/recover-20220922/UBNA_001/20220921_090000.WAV,Telephone Field,recover-20220922,001,1795
1488.8725,1488.8831,50390,57031,Pipistrellus pipistrellus,0.02,0.027,-1,Echolocation,/mnt/ubna_data_02_mir/recover-20220922/UBNA_001/20220921_090000.WAV,Telephone Field,recover-20220922,001,1795
1488.8735,1488.9108,68437,81755,Rhinolophus ferrumequinum,0.031,0.031,-1,Echolocation,/mnt/ubna_data_02_mir/recover-20220922/UBNA_001/20220921_090000.WAV,Telephone Field,recover-20220922,001,1795
1488.9145,1488.9552,68437,82316,Rhinolophus ferrumequinum,0.03,0.03,-1,Echolocation,/mnt/ubna_data_02_mir/recover-20220922/UBNA_001/20220921_090000.WAV,Telephone Field,recover-20220922,001,1795
1488.9145,1488.9251,27187,35110,Eptesicus serotinus,0.011,0.024,-1,Echolocation,/mnt/ubna_data_02_mir/recover-20220922/UBNA_001/20220921_090000.WAV,Telephone Field,recover-20220922,001,1795
1488.9335,1488.9711,68437,81658,Rhinolophus ferrumequinum,0.022,0.022,-1,Echolocation,/mnt/ubna_data_02_mir/recover-20220922/UBNA_001/20220921_090000.WAV,Telephone Field,recover-20220922,001,1795
1488.9385,1488.9782,68437,82138,Rhinolophus ferrumequinum,0.022,0.022,-1,Echolocation,/mnt/ubna_data_02_mir/recover-20220922/UBNA_001/20220921_090000.WAV,Telephone Field,recover-20220922,001,1795
1488.9395,1488.9499,27187,35698,Eptesicus serotinus,0.014,0.029,-1,Echolocation,/mnt/ubna_data_02_mir/recover-20220922/UBNA_001/20220921_090000.WAV,Telephone Field,recover-20220922,001,1795
1488.9405,1488.9479,51250,58115,Pipistrellus pipistrellus,0.026,0.032,-1,Echolocation,/mnt/ubna_data_02_mir/recover-20220922/UBNA_001/20220921_090000.WAV,Telephone Field,recover-20220922,001,1795
1488.9465,1488.9552,27187,36209,Eptesicus serotinus,0.012,0.033,-1,Echolocation,/mnt/ubna_data_02_mir/recover-20220922/UBNA_001/20220921_090000.WAV,Telephone Field,recover-20220922,001,1795
1488.9475,1488.9539,34062,44517,Barbastellus barbastellus,0.006,0.023,-1,Echolocation,/mnt/ubna_data_02_mir/recover-20220922/UBNA_001/20220921_090000.WAV,Telephone Field,recover-20220922,001,1795
1488.9715,1489.0089,68437,82267,Rhinolophus ferrumequinum,0.025,0.025,-1,Echolocation,/mnt/ubna_data_02_mir/recover-20220922/UBNA_001/20220921_090000.WAV,Telephone Field,recover-20220922,001,1795
1488.9725,1488.9892,21171,23699,Nyctalus leisleri,0.017,0.026,-1,Echolocation,/mnt/ubna_data_02_mir/recover-20220922/UBNA_001/20220921_090000.WAV,Telephone Field,recover-20220922,001,1795
1489.0015,1489.0156,33203,38315,Eptesicus serotinus,0.011,0.036,-1,Echolocation,/mnt/ubna_data_02_mir/recover-20220922/UBNA_001/20220921_090000.WAV,Telephone Field,recover-20220922,001,1795
1489.0075,1489.0156,28046,37706,Eptesicus serotinus,0.013,0.032,-1,Echolocation,/mnt/ubna_data_02_mir/recover-20220922/UBNA_001/20220921_090000.WAV,Telephone Field,recover-20220922,001,1795
1489.0315,1489.0743,68437,83192,Rhinolophus ferrumequinum,0.034,0.034,-1,Echolocation,/mnt/ubna_data_02_mir/recover-20220922/UBNA_001/20220921_090000.WAV,Telephone Field,recover-20220922,001,1795
1489.0565,1489.0674,25468,32258,Eptesicus serotinus,0.011,0.028,-1,Echolocation,/mnt/ubna_data_02_mir/recover-20220922/UBNA_001/20220921_090000.WAV,Telephone Field,recover-20220922,001,1795
1489.0595,1489.0974,68437,81915,Rhinolophus ferrumequinum,0.024,0.024,-1,Echolocation,/mnt/ubna_data_02_mir/recover-20220922/UBNA_001/20220921_090000.WAV,Telephone Field,recover-20220922,001,1795
1489.0735,1489.1086,68437,81535,Rhinolophus ferrumequinum,0.023,0.023,-1,Echolocation,/mnt/ubna_data_02_mir/recover-20220922/UBNA_001/20220921_090000.WAV,Telephone Field,recover-20220922,001,1795
1489.0805,1489.0904,22031,27168,Nyctalus leisleri,0.009,0.023,-1,Echolocation,/mnt/ubna_data_02_mir/recover-20220922/UBNA_001/20220921_090000.WAV,Telephone Field,recover-20220922,001,1795
1489.1425,1489.1544,44375,47270,Pipistrellus pipistrellus,0.037,0.044,-1,Echolocation,/mnt/ubna_data_02_mir/recover-20220922/UBNA_001/20220921_090000.WAV,Telephone Field,recover-20220922,001,1795
1489.1445,1489.1834,68437,82556,Rhinolophus ferrumequinum,0.024,0.024,-1,Echolocation,/mnt/ubna_data_02_mir/recover-20220922/UBNA_001/20220921_090000.WAV,Telephone Field,recover-20220922,001,1795
1489.1495,1489.1879,68437,82630,Rhinolophus ferrumequinum,0.024,0.024,-1,Echolocation,/mnt/ubna_data_02_mir/recover-20220922/UBNA_001/20220921_090000.WAV,Telephone Field,recover-20220922,001,1795
1489.1955,1489.2061,22890,27750,Nyctalus leisleri,0.011,0.022,-1,Echolocation,/mnt/ubna_data_02_mir/recover-20220922/UBNA_001/20220921_090000.WAV,Telephone Field,recover-20220922,001,1795
1489.2295,1489.2684,68437,82519,Rhinolophus ferrumequinum,0.022,0.022,-1,Echolocation,/mnt/ubna_data_02_mir/recover-20220922/UBNA_001/20220921_090000.WAV,Telephone Field,recover-20220922,001,1795
1489.3035,1489.3441,68437,83220,Rhinolophus ferrumequinum,0.037,0.037,-1,Echolocation,/mnt/ubna_data_02_mir/recover-20220922/UBNA_001/20220921_090000.WAV,Telephone Field,recover-20220922,001,1795
1489.3285,1489.3657,68437,81710,Rhinolophus ferrumequinum,0.026,0.026,-1,Echolocation,/mnt/ubna_data_02_mir/recover-20220922/UBNA_001/20220921_090000.WAV,Telephone Field,recover-20220922,001,1795
1489.3465,1489.3816,68437,81306,Rhinolophus ferrumequinum,0.027,0.027,-1,Echolocation,/mnt/ubna_data_02_mir/recover-20220922/UBNA_001/20220921_090000.WAV,Telephone Field,recover-20220922,001,1795
1489.3775,1489.416,68437,82303,Rhinolophus ferrumequinum,0.026,0.026,-1,Echolocation,/mnt/ubna_data_02_mir/recover-20220922/UBNA_001/20220921_090000.WAV,Telephone Field,recover-20220922,001,1795
1489.3785,1489.3881,30625,38888,Eptesicus serotinus,0.008,0.023,-1,Echolocation,/mnt/ubna_data_02_mir/recover-20220922/UBNA_001/20220921_090000.WAV,Telephone Field,recover-20220922,001,1795
1489.4055,1489.446,68437,82473,Rhinolophus ferrumequinum,0.024,0.024,-1,Echolocation,/mnt/ubna_data_02_mir/recover-20220922/UBNA_001/20220921_090000.WAV,Telephone Field,recover-20220922,001,1795
1489.4055,1489.4148,28046,41096,Eptesicus serotinus,0.01,0.023,-1,Echolocation,/mnt/ubna_data_02_mir/recover-20220922/UBNA_001/20220921_090000.WAV,Telephone Field,recover-20220922,001,1795
1489.4195,1489.4286,27187,36718,Eptesicus serotinus,0.009,0.023,-1,Echolocation,/mnt/ubna_data_02_mir/recover-20220922/UBNA_001/20220921_090000.WAV,Telephone Field,recover-20220922,001,1795
1489.4585,1489.4972,68437,82757,Rhinolophus ferrumequinum,0.024,0.024,-1,Echolocation,/mnt/ubna_data_02_mir/recover-20220922/UBNA_001/20220921_090000.WAV,Telephone Field,recover-20220922,001,1795
1489.4875,1489.5247,68437,82215,Rhinolophus ferrumequinum,0.024,0.025,-1,Echolocation,/mnt/ubna_data_02_mir/recover-20220922/UBNA_001/20220921_090000.WAV,Telephone Field,recover-20220922,001,1795
1489.5275,1489.5359,25468,33547,Nyctalus leisleri,0.006,0.023,-1,Echolocation,/mnt/ubna_data_02_mir/recover-20220922/UBNA_001/20220921_090000.WAV,Telephone Field,recover-20220922,001,1795
1489.5795,1489.5892,28046,40429,Eptesicus serotinus,0.01,0.024,-1,Echolocation,/mnt/ubna_data_02_mir/recover-20220922/UBNA_001/20220921_090000.WAV,Telephone Field,recover-20220922,001,1795
1489.5805,1489.5909,34921,41656,Pipistrellus nathusii,0.006,0.025,-1,Echolocation,/mnt/ubna_data_02_mir/recover-20220922/UBNA_001/20220921_090000.WAV,Telephone Field,recover-20220922,001,1795
1489.5915,1489.5994,31484,42208,Myotis daubentonii,0.009,0.023,-1,Echolocation,/mnt/ubna_data_02_mir/recover-20220922/UBNA_001/20220921_090000.WAV,Telephone Field,recover-20220922,001,1795
1489.6195,1489.6645,68437,83876,Rhinolophus ferrumequinum,0.06,0.06,-1,Echolocation,/mnt/ubna_data_02_mir/recover-20220922/UBNA_001/20220921_090000.WAV,Telephone Field,recover-20220922,001,1795
1489.6515,1489.6882,68437,82296,Rhinolophus ferrumequinum,0.037,0.037,-1,Echolocation,/mnt/ubna_data_02_mir/recover-20220922/UBNA_001/20220921_090000.WAV,Telephone Field,recover-20220922,001,1795
1489.6595,1489.6719,54687,59446,Pipistrellus pygmaeus,0.027,0.028,-1,Echolocation,/mnt/ubna_data_02_mir/recover-20220922/UBNA_001/20220921_090000.WAV,Telephone Field,recover-20220922,001,1795
1489.6625,1489.672,24609,32330,Eptesicus serotinus,0.007,0.022,-1,Echolocation,/mnt/ubna_data_02_mir/recover-20220922/UBNA_001/20220921_090000.WAV,Telephone Field,recover-20220922,001,1795
1489.6675,1489.7059,68437,81955,Rhinolophus ferrumequinum,0.026,0.026,-1,Echolocation,/mnt/ubna_data_02_mir/recover-20220922/UBNA_001/20220921_090000.WAV,Telephone Field,recover-20220922,001,1795
1489.6685,1489.6771,28906,40248,Eptesicus serotinus,0.008,0.023,-1,Echolocation,/mnt/ubna_data_02_mir/recover-20220922/UBNA_001/20220921_090000.WAV,Telephone Field,recover-20220922,001,1795
1489.6825,1489.7197,68437,81874,Rhinolophus ferrumequinum,0.022,0.022,-1,Echolocation,/mnt/ubna_data_02_mir/recover-20220922/UBNA_001/20220921_090000.WAV,Telephone Field,recover-20220922,001,1795
1489.6965,1489.7125,21171,24662,Nyctalus leisleri,0.018,0.032,-1,Echolocation,/mnt/ubna_data_02_mir/recover-20220922/UBNA_001/20220921_090000.WAV,Telephone Field,recover-20220922,001,1795
1489.7485,1489.7556,23750,32393,Plecotus austriacus,0.014,0.029,-1,Echolocation,/mnt/ubna_data_02_mir/recover-20220922/UBNA_001/20220921_090000.WAV,Telephone Field,recover-20220922,001,1795
1489.7755,1489.7821,40937,56820,Myotis brandtii,0.006,0.025,-1,Echolocation,/mnt/ubna_data_02_mir/recover-20220922/UBNA_001/20220921_090000.WAV,Telephone Field,recover-20220922,001,1795
1489.8015,1489.8446,68437,82851,Rhinolophus ferrumequinum,0.024,0.024,-1,Echolocation,/mnt/ubna_data_02_mir/recover-20220922/UBNA_001/20220921_090000.WAV,Telephone Field,recover-20220922,001,1795
1489.8345,1489.8416,28046,37210,Eptesicus serotinus,0.01,0.027,-1,Echolocation,/mnt/ubna_data_02_mir/recover-20220922/UBNA_001/20220921_090000.WAV,Telephone Field,recover-20220922,001,1795
1489.8735,1489.916,68437,83264,Rhinolophus ferrumequinum,0.032,0.032,-1,Echolocation,/mnt/ubna_data_02_mir/recover-20220922/UBNA_001/20220921_090000.WAV,Telephone Field,recover-20220922,001,1795
1489.8865,1489.9274,68437,83413,Rhinolophus ferrumequinum,0.027,0.027,-1,Echolocation,/mnt/ubna_data_02_mir/recover-20220922/UBNA_001/20220921_090000.WAV,Telephone Field,recover-20220922,001,1795
1489.8965,1489.9081,23750,29041,Nyctalus leisleri,0.012,0.027,-1,Echolocation,/mnt/ubna_data_02_mir/recover-20220922/UBNA_001/20220921_090000.WAV,Telephone Field,recover-20220922,001,1795
1489.9605,1489.9704,28046,36353,Eptesicus serotinus,0.009,0.022,-1,Echolocation,/mnt/ubna_data_02_mir/recover-20220922/UBNA_001/20220921_090000.WAV,Telephone Field,recover-20220922,001,1795
1489.9725,1489.9803,28046,39209,Eptesicus serotinus,0.008,0.023,-1,Echolocation,/mnt/ubna_data_02_mir/recover-20220922/UBNA_001/20220921_090000.WAV,Telephone Field,recover-20220922,001,1795
1490.0015,1490.0101,26328,36039,Eptesicus serotinus,0.009,0.029,-1,Echolocation,/mnt/ubna_data_02_mir/recover-20220922/UBNA_001/20220921_090000.WAV,Telephone Field,recover-20220922,001,1795
1490.0705,1490.1106,68437,82540,Rhinolophus ferrumequinum,0.022,0.022,-1,Echolocation,/mnt/ubna_data_02_mir/recover-20220922/UBNA_001/20220921_090000.WAV,Telephone Field,recover-20220922,001,1795
1490.1155,1490.1364,18593,22199,Nyctalus noctula,0.018,0.028,-1,Echolocation,/mnt/ubna_data_02_mir/recover-20220922/UBNA_001/20220921_090000.WAV,Telephone Field,recover-20220922,001,1795
1490.1375,1490.1486,27187,35310,Eptesicus serotinus,0.014,0.032,-1,Echolocation,/mnt/ubna_data_02_mir/recover-20220922/UBNA_001/20220921_090000.WAV,Telephone Field,recover-20220922,001,1795
1490.1655,1490.1738,49531,53493,Pipistrellus pipistrellus,0.022,0.025,-1,Echolocation,/mnt/ubna_data_02_mir/recover-20220922/UBNA_001/20220921_090000.WAV,Telephone Field,recover-20220922,001,1795
1490.1765,1490.2132,68437,82100,Rhinolophus ferrumequinum,0.03,0.03,-1,Echolocation,/mnt/ubna_data_02_mir/recover-20220922/UBNA_001/20220921_090000.WAV,Telephone Field,recover-20220922,001,1795
1490.1875,1490.1963,25468,33561,Eptesicus serotinus,0.01,0.03,-1,Echolocation,/mnt/ubna_data_02_mir/recover-20220922/UBNA_001/20220921_090000.WAV,Telephone Field,recover-20220922,001,1795
1490.1935,1490.2021,26328,34524,Eptesicus serotinus,0.011,0.028,-1,Echolocation,/mnt/ubna_data_02_mir/recover-20220922/UBNA_001/20220921_090000.WAV,Telephone Field,recover-20220922,001,1795
1490.2025,1490.2409,68437,82126,Rhinolophus ferrumequinum,0.024,0.024,-1,Echolocation,/mnt/ubna_data_02_mir/recover-20220922/UBNA_001/20220921_090000.WAV,Telephone Field,recover-20220922,001,1795
1490.3165,1490.3262,28046,36818,Eptesicus serotinus,0.01,0.024,-1,Echolocation,/mnt/ubna_data_02_mir/recover-20220922/UBNA_001/20220921_090000.WAV,Telephone Field,recover-20220922,001,1795
1490.3345,1490.3729,68437,82181,Rhinolophus ferrumequinum,0.023,0.023,-1,Echolocation,/mnt/ubna_data_02_mir/recover-20220922/UBNA_001/20220921_090000.WAV,Telephone Field,recover-20220922,001,1795
1490.3505,1490.3885,68437,81896,Rhinolophus ferrumequinum,0.023,0.023,-1,Echolocation,/mnt/ubna_data_02_mir/recover-20220922/UBNA_001/20220921_090000.WAV,Telephone Field,recover-20220922,001,1795
1490.3735,1490.3843,44375,51354,Pipistrellus pipistrellus,0.016,0.023,-1,Echolocation,/mnt/ubna_data_02_mir/recover-20220922/UBNA_001/20220921_090000.WAV,Telephone Field,recover-20220922,001,1795
1490.3785,1490.3866,27187,37287,Eptesicus serotinus,0.017,0.037,-1,Echolocation,/mnt/ubna_data_02_mir/recover-20220922/UBNA_001/20220921_090000.WAV,Telephone Field,recover-20220922,001,1795
1490.3965,1490.4042,27187,43222,Eptesicus serotinus,0.007,0.022,-1,Echolocation,/mnt/ubna_data_02_mir/recover-20220922/UBNA_001/20220921_090000.WAV,Telephone Field,recover-20220922,001,1795
1490.3965,1490.4037,48671,56295,Pipistrellus pipistrellus,0.024,0.027,-1,Echolocation,/mnt/ubna_data_02_mir/recover-20220922/UBNA_001/20220921_090000.WAV,Telephone Field,recover-20220922,001,1795
1490.4185,1490.4326,22031,25915,Nyctalus leisleri,0.014,0.023,-1,Echolocation,/mnt/ubna_data_02_mir/recover-20220922/UBNA_001/20220921_090000.WAV,Telephone Field,recover-20220922,001,1795
1490.4615,1490.4693,45234,53219,Pipistrellus pipistrellus,0.023,0.028,-1,Echolocation,/mnt/ubna_data_02_mir/recover-20220922/UBNA_001/20220921_090000.WAV,Telephone Field,recover-20220922,001,1795
1490.4815,1490.4912,27187,36318,Eptesicus serotinus,0.01,0.023,-1,Echolocation,/mnt/ubna_data_02_mir/recover-20220922/UBNA_001/20220921_090000.WAV,Telephone Field,recover-20220922,001,1795
1490.4955,1490.5304,68437,81287,Rhinolophus ferrumequinum,0.023,0.024,-1,Echolocation,/mnt/ubna_data_02_mir/recover-20220922/UBNA_001/20220921_090000.WAV,Telephone Field,recover-20220922,001,1795
1490.5055,1490.5132,28046,38647,Eptesicus serotinus,0.016,0.041,-1,Echolocation,/mnt/ubna_data_02_mir/recover-20220922/UBNA_001/20220921_090000.WAV,Telephone Field,recover-20220922,001,1795
1490.5265,1490.5624,68437,81563,Rhinolophus ferrumequinum,0.024,0.024,-1,Echolocation,/mnt/ubna_data_02_mir/recover-20220922/UBNA_001/20220921_090000.WAV,Telephone Field,recover-20220922,001,1795
1490.5415,1490.5762,68437,81356,Rhinolophus ferrumequinum,0.023,0.023,-1,Echolocation,/mnt/ubna_data_02_mir/recover-20220922/UBNA_001/20220921_090000.WAV,Telephone Field,recover-20220922,001,1795
1490.5515,1490.5855999999999,68437,81521,Rhinolophus ferrumequinum,0.024,0.024,-1,Echolocation,/mnt/ubna_data_02_mir/recover-20220922/UBNA_001/20220921_090000.WAV,Telephone Field,recover-20220922,001,1795
1490.5965,1490.6345,68437,81937,Rhinolophus ferrumequinum,0.023,0.023,-1,Echolocation,/mnt/ubna_data_02_mir/recover-20220922/UBNA_001/20220921_090000.WAV,Telephone Field,recover-20220922,001,1795
1490.6135,1490.6537,68437,82390,Rhinolophus ferrumequinum,0.025,0.025,-1,Echolocation,/mnt/ubna_data_02_mir/recover-20220922/UBNA_001/20220921_090000.WAV,Telephone Field,recover-20220922,001,1795
1490.6435,1490.6508,23750,33290,Plecotus austriacus,0.014,0.029,-1,Echolocation,/mnt/ubna_data_02_mir/recover-20220922/UBNA_001/20220921_090000.WAV,Telephone Field,recover-20220922,001,1795
1490.6875,1490.6953,22890,31819,Plecotus austriacus,0.012,0.025,-1,Echolocation,/mnt/ubna_data_02_mir/recover-20220922/UBNA_001/20220921_090000.WAV,Telephone Field,recover-20220922,001,1795
1490.7055,1490.7162,28046,36122,Eptesicus serotinus,0.011,0.023,-1,Echolocation,/mnt/ubna_data_02_mir/recover-20220922/UBNA_001/20220921_090000.WAV,Telephone Field,recover-20220922,001,1795
1490.7355,1490.7419,48671,55599,Pipistrellus pipistrellus,0.027,0.029,-1,Echolocation,/mnt/ubna_data_02_mir/recover-20220922/UBNA_001/20220921_090000.WAV,Telephone Field,recover-20220922,001,1795
1490.7515,1490.7589,27187,40409,Eptesicus serotinus,0.007,0.023,-1,Echolocation,/mnt/ubna_data_02_mir/recover-20220922/UBNA_001/20220921_090000.WAV,Telephone Field,recover-20220922,001,1795
1490.7575,1490.7653,49531,54959,Pipistrellus pipistrellus,0.031,0.034,-1,Echolocation,/mnt/ubna_data_02_mir/recover-20220922/UBNA_001/20220921_090000.WAV,Telephone Field,recover-20220922,001,1795
1490.8085,1490.8499,68437,82573,Rhinolophus ferrumequinum,0.027,0.027,-1,Echolocation,/mnt/ubna_data_02_mir/recover-20220922/UBNA_001/20220921_090000.WAV,Telephone Field,recover-20220922,001,1795
1490.8275,1490.8434,21171,24840,Nyctalus leisleri,0.019,0.035,-1,Echolocation,/mnt/ubna_data_02_mir/recover-20220922/UBNA_001/20220921_090000.WAV,Telephone Field,recover-20220922,001,1795
1490.8315,1490.8714,68437,82608,Rhinolophus ferrumequinum,0.023,0.023,-1,Echolocation,/mnt/ubna_data_02_mir/recover-20220922/UBNA_001/20220921_090000.WAV,Telephone Field,recover-20220922,001,1795
1490.8655,1490.9121,68437,83554,Rhinolophus ferrumequinum,0.05,0.05,-1,Echolocation,/mnt/ubna_data_02_mir/recover-20220922/UBNA_001/20220921_090000.WAV,Telephone Field,recover-20220922,001,1795
1490.8775,1490.8848,24609,33161,Plecotus austriacus,0.008,0.023,-1,Echolocation,/mnt/ubna_data_02_mir/recover-20220922/UBNA_001/20220921_090000.WAV,Telephone Field,recover-20220922,001,1795
1490.8885,1490.9254,68437,81711,Rhinolophus ferrumequinum,0.025,0.025,-1,Echolocation,/mnt/ubna_data_02_mir/recover-20220922/UBNA_001/20220921_090000.WAV,Telephone Field,recover-20220922,001,1795
1490.9095,1490.9496,68437,81917,Rhinolophus ferrumequinum,0.023,0.023,-1,Echolocation,/mnt/ubna_data_02_mir/recover-20220922/UBNA_001/20220921_090000.WAV,Telephone Field,recover-20220922,001,1795
1490.9115,1490.9209,25468,33751,Eptesicus serotinus,0.007,0.024,-1,Echolocation,/mnt/ubna_data_02_mir/recover-20220922/UBNA_001/20220921_090000.WAV,Telephone Field,recover-20220922,001,1795
1490.9265,1490.9654,68437,82389,Rhinolophus ferrumequinum,0.024,0.024,-1,Echolocation,/mnt/ubna_data_02_mir/recover-20220922/UBNA_001/20220921_090000.WAV,Telephone Field,recover-20220922,001,1795
1490.9375,1490.9501,23750,28346,Nyctalus leisleri,0.021,0.041,-1,Echolocation,/mnt/ubna_data_02_mir/recover-20220922/UBNA_001/20220921_090000.WAV,Telephone Field,recover-20220922,001,1795
1490.9555,1490.9955,68437,82526,Rhinolophus ferrumequinum,0.023,0.023,-1,Echolocation,/mnt/ubna_data_02_mir/recover-20220922/UBNA_001/20220921_090000.WAV,Telephone Field,recover-20220922,001,1795
1490.9795,1491.0141,68437,80794,Rhinolophus ferrumequinum,0.025,0.025,-1,Echolocation,/mnt/ubna_data_02_mir/recover-20220922/UBNA_001/20220921_090000.WAV,Telephone Field,recover-20220922,001,1795
1491.0015,1491.01,28046,39690,Eptesicus serotinus,0.008,0.023,-1,Echolocation,/mnt/ubna_data_02_mir/recover-20220922/UBNA_001/20220921_090000.WAV,Telephone Field,recover-20220922,001,1795
1491.0095,1491.0176,28046,37480,Eptesicus serotinus,0.006,0.022,-1,Echolocation,/mnt/ubna_data_02_mir/recover-20220922/UBNA_001/20220921_090000.WAV,Telephone Field,recover-20220922,001,1795
1491.0245,1491.0637,68437,82548,Rhinolophus ferrumequinum,0.024,0.024,-1,Echolocation,/mnt/ubna_data_02_mir/recover-20220922/UBNA_001/20220921_090000.WAV,Telephone Field,recover-20220922,001,1795
1491.0415,1491.0843,68437,82761,Rhinolophus ferrumequinum,0.036,0.036,-1,Echolocation,/mnt/ubna_data_02_mir/recover-20220922/UBNA_001/20220921_090000.WAV,Telephone Field,recover-20220922,001,1795
1491.1055,1491.1462,68437,82552,Rhinolophus ferrumequinum,0.023,0.023,-1,Echolocation,/mnt/ubna_data_02_mir/recover-20220922/UBNA_001/20220921_090000.WAV,Telephone Field,recover-20220922,001,1795
1491.1105,1491.1188,28046,40354,Eptesicus serotinus,0.008,0.023,-1,Echolocation,/mnt/ubna_data_02_mir/recover-20220922/UBNA_001/20220921_090000.WAV,Telephone Field,recover-20220922,001,1795
1491.1415,1491.1517,28046,36149,Eptesicus serotinus,0.009,0.022,-1,Echolocation,/mnt/ubna_data_02_mir/recover-20220922/UBNA_001/20220921_090000.WAV,Telephone Field,recover-20220922,001,1795
1491.1635,1491.2029,68437,82828,Rhinolophus ferrumequinum,0.03,0.03,-1,Echolocation,/mnt/ubna_data_02_mir/recover-20220922/UBNA_001/20220921_090000.WAV,Telephone Field,recover-20220922,001,1795
1491.1765,1491.1868,23750,29227,Nyctalus leisleri,0.011,0.025,-1,Echolocation,/mnt/ubna_data_02_mir/recover-20220922/UBNA_001/20220921_090000.WAV,Telephone Field,recover-20220922,001,1795
1491.1845,1491.1936,47812,53041,Pipistrellus pipistrellus,0.032,0.034,-1,Echolocation,/mnt/ubna_data_02_mir/recover-20220922/UBNA_001/20220921_090000.WAV,Telephone Field,recover-20220922,001,1795
1491.1885,1491.1964,26328,39232,Eptesicus serotinus,0.007,0.024,-1,Echolocation,/mnt/ubna_data_02_mir/recover-20220922/UBNA_001/20220921_090000.WAV,Telephone Field,recover-20220922,001,1795
1491.2045,1491.2451,68437,82428,Rhinolophus ferrumequinum,0.025,0.025,-1,Echolocation,/mnt/ubna_data_02_mir/recover-20220922/UBNA_001/20220921_090000.WAV,Telephone Field,recover-20220922,001,1795
1491.2845,1491.3217,68437,81494,Rhinolophus ferrumequinum,0.023,0.023,-1,Echolocation,/mnt/ubna_data_02_mir/recover-20220922/UBNA_001/20220921_090000.WAV,Telephone Field,recover-20220922,001,1795
1491.3285,1491.3693,68437,82700,Rhinolophus ferrumequinum,0.028,0.028,-1,Echolocation,/mnt/ubna_data_02_mir/recover-20220922/UBNA_001/20220921_090000.WAV,Telephone Field,recover-20220922,001,1795
1491.3925,1491.4334,68437,83240,Rhinolophus ferrumequinum,0.027,0.027,-1,Echolocation,/mnt/ubna_data_02_mir/recover-20220922/UBNA_001/20220921_090000.WAV,Telephone Field,recover-20220922,001,1795
1491.4015,1491.4437,68437,82987,Rhinolophus ferrumequinum,0.028,0.028,-1,Echolocation,/mnt/ubna_data_02_mir/recover-20220922/UBNA_001/20220921_090000.WAV,Telephone Field,recover-20220922,001,1795
1491.4025,1491.4138,23750,29176,Nyctalus leisleri,0.012,0.027,-1,Echolocation,/mnt/ubna_data_02_mir/recover-20220922/UBNA_001/20220921_090000.WAV,Telephone Field,recover-20220922,001,1795
1491.4085,1491.4467,68437,81732,Rhinolophus ferrumequinum,0.024,0.024,-1,Echolocation,/mnt/ubna_data_02_mir/recover-20220922/UBNA_001/20220921_090000.WAV,Telephone Field,recover-20220922,001,1795
1491.4765,1491.5137,68437,82248,Rhinolophus ferrumequinum,0.031,0.031,-1,Echolocation,/mnt/ubna_data_02_mir/recover-20220922/UBNA_001/20220921_090000.WAV,Telephone Field,recover-20220922,001,1795
1491.4915,1491.4994,27187,39557,Eptesicus serotinus,0.007,0.024,-1,Echolocation,/mnt/ubna_data_02_mir/recover-20220922/UBNA_001/20220921_090000.WAV,Telephone Field,recover-20220922,001,1795
1491.5075,1491.5467,68437,82691,Rhinolophus ferrumequinum,0.027,0.027,-1,Echolocation,/mnt/ubna_data_02_mir/recover-20220922/UBNA_001/20220921_090000.WAV,Telephone Field,recover-20220922,001,1795
1491.6055,1491.6464,68437,83100,Rhinolophus ferrumequinum,0.029,0.029,-1,Echolocation,/mnt/ubna_data_02_mir/recover-20220922/UBNA_001/20220921_090000.WAV,Telephone Field,recover-20220922,001,1795
1491.6215,1491.659,68437,81925,Rhinolophus ferrumequinum,0.023,0.023,-1,Echolocation,/mnt/ubna_data_02_mir/recover-20220922/UBNA_001/20220921_090000.WAV,Telephone Field,recover-20220922,001,1795
1491.6635,1491.675,22890,27811,Nyctalus leisleri,0.011,0.022,-1,Echolocation,/mnt/ubna_data_02_mir/recover-20220922/UBNA_001/20220921_090000.WAV,Telephone Field,recover-20220922,001,1795
1491.6985,1491.7363,68437,81468,Rhinolophus ferrumequinum,0.024,0.024,-1,Echolocation,/mnt/ubna_data_02_mir/recover-20220922/UBNA_001/20220921_090000.WAV,Telephone Field,recover-20220922,001,1795
1491.7045,1491.7413,68437,80822,Rhinolophus ferrumequinum,0.023,0.023,-1,Echolocation,/mnt/ubna_data_02_mir/recover-20220922/UBNA_001/20220921_090000.WAV,Telephone Field,recover-20220922,001,1795
1491.7695,1491.7799,46093,51097,Pipistrellus pipistrellus,0.034,0.037,-1,Echolocation,/mnt/ubna_data_02_mir/recover-20220922/UBNA_001/20220921_090000.WAV,Telephone Field,recover-20220922,001,1795
1491.7715,1491.8107,68437,81827,Rhinolophus ferrumequinum,0.024,0.025,-1,Echolocation,/mnt/ubna_data_02_mir/recover-20220922/UBNA_001/20220921_090000.WAV,Telephone Field,recover-20220922,001,1795
1491.7755,1491.787,24609,32353,Eptesicus serotinus,0.013,0.031,-1,Echolocation,/mnt/ubna_data_02_mir/recover-20220922/UBNA_001/20220921_090000.WAV,Telephone Field,recover-20220922,001,1795
1491.8065,1491.8163,26328,34473,Eptesicus serotinus,0.011,0.024,-1,Echolocation,/mnt/ubna_data_02_mir/recover-20220922/UBNA_001/20220921_090000.WAV,Telephone Field,recover-20220922,001,1795
1491.8365,1491.8487,14296,19466,Nyctalus noctula,0.013,0.023,-1,Echolocation,/mnt/ubna_data_02_mir/recover-20220922/UBNA_001/20220921_090000.WAV,Telephone Field,recover-20220922,001,1795
1491.8845,1491.8961,22031,27020,Nyctalus leisleri,0.011,0.022,-1,Echolocation,/mnt/ubna_data_02_mir/recover-20220922/UBNA_001/20220921_090000.WAV,Telephone Field,recover-20220922,001,1795
1491.8865,1491.9273,68437,82810,Rhinolophus ferrumequinum,0.028,0.028,-1,Echolocation,/mnt/ubna_data_02_mir/recover-20220922/UBNA_001/20220921_090000.WAV,Telephone Field,recover-20220922,001,1795
1491.8875,1491.8974,28046,36676,Eptesicus serotinus,0.011,0.026,-1,Echolocation,/mnt/ubna_data_02_mir/recover-20220922/UBNA_001/20220921_090000.WAV,Telephone Field,recover-20220922,001,1795
1491.8945,1491.9045,28906,35686,Eptesicus serotinus,0.009,0.023,-1,Echolocation,/mnt/ubna_data_02_mir/recover-20220922/UBNA_001/20220921_090000.WAV,Telephone Field,recover-20220922,001,1795
1491.9335,1491.9713,68437,81384,Rhinolophus ferrumequinum,0.023,0.023,-1,Echolocation,/mnt/ubna_data_02_mir/recover-20220922/UBNA_001/20220921_090000.WAV,Telephone Field,recover-20220922,001,1795
1491.9405,1491.9809,68437,81989,Rhinolophus ferrumequinum,0.023,0.023,-1,Echolocation,/mnt/ubna_data_02_mir/recover-20220922/UBNA_001/20220921_090000.WAV,Telephone Field,recover-20220922,001,1795
1491.9735,1491.9809,28046,40178,Eptesicus serotinus,0.009,0.031,-1,Echolocation,/mnt/ubna_data_02_mir/recover-20220922/UBNA_001/20220921_090000.WAV,Telephone Field,recover-20220922,001,1795
1491.9805,1491.9872,49531,57737,Pipistrellus pipistrellus,0.033,0.038,-1,Echolocation,/mnt/ubna_data_02_mir/recover-20220922/UBNA_001/20220921_090000.WAV,Telephone Field,recover-20220922,001,1795
1492.0015,1492.0103,22031,27743,Nyctalus leisleri,0.015,0.039,-1,Echolocation,/mnt/ubna_data_02_mir/recover-20220922/UBNA_001/20220921_090000.WAV,Telephone Field,recover-20220922,001,1795
1492.0015,1492.0334,68437,80149,Rhinolophus ferrumequinum,0.03,0.031,-1,Echolocation,/mnt/ubna_data_02_mir/recover-20220922/UBNA_001/20220921_090000.WAV,Telephone Field,recover-20220922,001,1795
1492.0445,1492.0549,22890,28138,Nyctalus leisleri,0.011,0.025,-1,Echolocation,/mnt/ubna_data_02_mir/recover-20220922/UBNA_001/20220921_090000.WAV,Telephone Field,recover-20220922,001,1795
1492.0655,1492.1057,68437,81676,Rhinolophus ferrumequinum,0.028,0.028,-1,Echolocation,/mnt/ubna_data_02_mir/recover-20220922/UBNA_001/20220921_090000.WAV,Telephone Field,recover-20220922,001,1795
1492.0805,1492.119,68437,81923,Rhinolophus ferrumequinum,0.023,0.023,-1,Echolocation,/mnt/ubna_data_02_mir/recover-20220922/UBNA_001/20220921_090000.WAV,Telephone Field,recover-20220922,001,1795
1492.1335,1492.1457,28906,35088,Eptesicus serotinus,0.019,0.034,-1,Echolocation,/mnt/ubna_data_02_mir/recover-20220922/UBNA_001/20220921_090000.WAV,Telephone Field,recover-20220922,001,1795
1492.1635,1492.2009,68437,82056,Rhinolophus ferrumequinum,0.023,0.023,-1,Echolocation,/mnt/ubna_data_02_mir/recover-20220922/UBNA_001/20220921_090000.WAV,Telephone Field,recover-20220922,001,1795
1492.1895,1492.2296,68437,83183,Rhinolophus ferrumequinum,0.043,0.043,-1,Echolocation,/mnt/ubna_data_02_mir/recover-20220922/UBNA_001/20220921_090000.WAV,Telephone Field,recover-20220922,001,1795
1492.2405,1492.2799,68437,81353,Rhinolophus ferrumequinum,0.03,0.03,-1,Echolocation,/mnt/ubna_data_02_mir/recover-20220922/UBNA_001/20220921_090000.WAV,Telephone Field,recover-20220922,001,1795
1492.2625,1492.3019,68437,82303,Rhinolophus ferrumequinum,0.028,0.028,-1,Echolocation,/mnt/ubna_data_02_mir/recover-20220922/UBNA_001/20220921_090000.WAV,Telephone Field,recover-20220922,001,1795
1492.2835,1492.3243,68437,82558,Rhinolophus ferrumequinum,0.028,0.028,-1,Echolocation,/mnt/ubna_data_02_mir/recover-20220922/UBNA_001/20220921_090000.WAV,Telephone Field,recover-20220922,001,1795
1492.2875,1492.2952,28046,39449,Eptesicus serotinus,0.008,0.026,-1,Echolocation,/mnt/ubna_data_02_mir/recover-20220922/UBNA_001/20220921_090000.WAV,Telephone Field,recover-20220922,001,1795
1492.3045,1492.315,23750,30612,Nyctalus leisleri,0.012,0.031,-1,Echolocation,/mnt/ubna_data_02_mir/recover-20220922/UBNA_001/20220921_090000.WAV,Telephone Field,recover-20220922,001,1795
1492.3055,1492.3432,68437,82229,Rhinolophus ferrumequinum,0.026,0.026,-1,Echolocation,/mnt/ubna_data_02_mir/recover-20220922/UBNA_001/20220921_090000.WAV,Telephone Field,recover-20220922,001,1795
1492.3465,1492.3542,28046,38134,Eptesicus serotinus,0.008,0.024,-1,Echolocation,/mnt/ubna_data_02_mir/recover-20220922/UBNA_001/20220921_090000.WAV,Telephone Field,recover-20220922,001,1795
1492.3865,1492.4261,68437,82244,Rhinolophus ferrumequinum,0.023,0.023,-1,Echolocation,/mnt/ubna_data_02_mir/recover-20220922/UBNA_001/20220921_090000.WAV,Telephone Field,recover-20220922,001,1795
1492.4105,1492.4474,68437,82199,Rhinolophus ferrumequinum,0.026,0.026,-1,Echolocation,/mnt/ubna_data_02_mir/recover-20220922/UBNA_001/20220921_090000.WAV,Telephone Field,recover-20220922,001,1795
1492.4645,1492.5031,68437,81454,Rhinolophus ferrumequinum,0.029,0.029,-1,Echolocation,/mnt/ubna_data_02_mir/recover-20220922/UBNA_001/20220921_090000.WAV,Telephone Field,recover-20220922,001,1795
1492.4675,1492.4746,43515,48737,Pipistrellus pipistrellus,0.035,0.048,-1,Echolocation,/mnt/ubna_data_02_mir/recover-20220922/UBNA_001/20220921_090000.WAV,Telephone Field,recover-20220922,001,1795
1492.4705,1492.4785,26328,40644,Eptesicus serotinus,0.008,0.026,-1,Echolocation,/mnt/ubna_data_02_mir/recover-20220922/UBNA_001/20220921_090000.WAV,Telephone Field,recover-20220922,001,1795
1492.5555,1492.5659,22890,28283,Nyctalus leisleri,0.011,0.023,-1,Echolocation,/mnt/ubna_data_02_mir/recover-20220922/UBNA_001/20220921_090000.WAV,Telephone Field,recover-20220922,001,1795
1492.5765,1492.6098,68437,81005,Rhinolophus ferrumequinum,0.024,0.024,-1,Echolocation,/mnt/ubna_data_02_mir/recover-20220922/UBNA_001/20220921_090000.WAV,Telephone Field,recover-20220922,001,1795
1492.6275,1492.6646,68437,81539,Rhinolophus ferrumequinum,0.033,0.033,-1,Echolocation,/mnt/ubna_data_02_mir/recover-20220922/UBNA_001/20220921_090000.WAV,Telephone Field,recover-20220922,001,1795
1492.6475,1492.6556,28046,37665,Eptesicus serotinus,0.008,0.025,-1,Echolocation,/mnt/ubna_data_02_mir/recover-20220922/UBNA_001/20220921_090000.WAV,Telephone Field,recover-20220922,001,1795
1492.6835,1492.6944,22890,27221,Nyctalus leisleri,0.014,0.025,-1,Echolocation,/mnt/ubna_data_02_mir/recover-20220922/UBNA_001/20220921_090000.WAV,Telephone Field,recover-20220922,001,1795
1492.7115,1492.7498,68437,81912,Rhinolophus ferrumequinum,0.025,0.025,-1,Echolocation,/mnt/ubna_data_02_mir/recover-20220922/UBNA_001/20220921_090000.WAV,Telephone Field,recover-20220922,001,1795
1492.7325,1492.7418,28046,38805,Eptesicus serotinus,0.012,0.026,-1,Echolocation,/mnt/ubna_data_02_mir/recover-20220922/UBNA_001/20220921_090000.WAV,Telephone Field,recover-20220922,001,1795
1492.7335,1492.7751,68437,82124,Rhinolophus ferrumequinum,0.025,0.025,-1,Echolocation,/mnt/ubna_data_02_mir/recover-20220922/UBNA_001/20220921_090000.WAV,Telephone Field,recover-20220922,001,1795
1492.8035,1492.8106,24609,34220,Plecotus austriacus,0.011,0.028,-1,Echolocation,/mnt/ubna_data_02_mir/recover-20220922/UBNA_001/20220921_090000.WAV,Telephone Field,recover-20220922,001,1795
1492.8405,1492.8491,27187,39480,Eptesicus serotinus,0.01,0.029,-1,Echolocation,/mnt/ubna_data_02_mir/recover-20220922/UBNA_001/20220921_090000.WAV,Telephone Field,recover-20220922,001,1795
1492.8745,1492.9129,68437,82054,Rhinolophus ferrumequinum,0.024,0.024,-1,Echolocation,/mnt/ubna_data_02_mir/recover-20220922/UBNA_001/20220921_090000.WAV,Telephone Field,recover-20220922,001,1795
1492.8965,1492.938,68437,82852,Rhinolophus ferrumequinum,0.025,0.025,-1,Echolocation,/mnt/ubna_data_02_mir/recover-20220922/UBNA_001/20220921_090000.WAV,Telephone Field,recover-20220922,001,1795
1492.9375,1492.9763,68437,81580,Rhinolophus ferrumequinum,0.024,0.024,-1,Echolocation,/mnt/ubna_data_02_mir/recover-20220922/UBNA_001/20220921_090000.WAV,Telephone Field,recover-20220922,001,1795
1492.9635,1492.9705,28046,39879,Myotis daubentonii,0.007,0.025,-1,Echolocation,/mnt/ubna_data_02_mir/recover-20220922/UBNA_001/20220921_090000.WAV,Telephone Field,recover-20220922,001,1795
1492.9895,1493.0295,68437,82813,Rhinolophus ferrumequinum,0.031,0.031,-1,Echolocation,/mnt/ubna_data_02_mir/recover-20220922/UBNA_001/20220921_090000.WAV,Telephone Field,recover-20220922,001,1795
1493.0235,1493.0341,22890,27923,Nyctalus leisleri,0.012,0.024,-1,Echolocation,/mnt/ubna_data_02_mir/recover-20220922/UBNA_001/20220921_090000.WAV,Telephone Field,recover-20220922,001,1795
1493.0505,1493.0583,28046,37658,Eptesicus serotinus,0.008,0.024,-1,Echolocation,/mnt/ubna_data_02_mir/recover-20220922/UBNA_001/20220921_090000.WAV,Telephone Field,recover-20220922,001,1795
1493.0695,1493.1074,68437,82332,Rhinolophus ferrumequinum,0.024,0.024,-1,Echolocation,/mnt/ubna_data_02_mir/recover-20220922/UBNA_001/20220921_090000.WAV,Telephone Field,recover-20220922,001,1795
1493.0725,1493.0799,45234,50681,Pipistrellus pipistrellus,0.023,0.027,-1,Echolocation,/mnt/ubna_data_02_mir/recover-20220922/UBNA_001/20220921_090000.WAV,Telephone Field,recover-20220922,001,1795
1493.0865,1493.1284,68437,83033,Rhinolophus ferrumequinum,0.026,0.026,-1,Echolocation,/mnt/ubna_data_02_mir/recover-20220922/UBNA_001/20220921_090000.WAV,Telephone Field,recover-20220922,001,1795
1493.1025,1493.142,68437,82528,Rhinolophus ferrumequinum,0.023,0.023,-1,Echolocation,/mnt/ubna_data_02_mir/recover-20220922/UBNA_001/20220921_090000.WAV,Telephone Field,recover-20220922,001,1795
1493.1115,1493.1247,22031,26748,Nyctalus leisleri,0.014,0.028,-1,Echolocation,/mnt/ubna_data_02_mir/recover-20220922/UBNA_001/20220921_090000.WAV,Telephone Field,recover-20220922,001,1795
1493.1385,1493.151,23750,29560,Nyctalus leisleri,0.012,0.028,-1,Echolocation,/mnt/ubna_data_02_mir/recover-20220922/UBNA_001/20220921_090000.WAV,Telephone Field,recover-20220922,001,1795
1493.1615,1493.1995,68437,82479,Rhinolophus ferrumequinum,0.025,0.025,-1,Echolocation,/mnt/ubna_data_02_mir/recover-20220922/UBNA_001/20220921_090000.WAV,Telephone Field,recover-20220922,001,1795
1493.2085,1493.2189,44375,47944,Pipistrellus pipistrellus,0.039,0.043,-1,Echolocation,/mnt/ubna_data_02_mir/recover-20220922/UBNA_001/20220921_090000.WAV,Telephone Field,recover-20220922,001,1795
1493.2365,1493.273,68437,82103,Rhinolophus ferrumequinum,0.029,0.029,-1,Echolocation,/mnt/ubna_data_02_mir/recover-20220922/UBNA_001/20220921_090000.WAV,Telephone Field,recover-20220922,001,1795
1493.2895,1493.3314,68437,82507,Rhinolophus ferrumequinum,0.024,0.024,-1,Echolocation,/mnt/ubna_data_02_mir/recover-20220922/UBNA_001/20220921_090000.WAV,Telephone Field,recover-20220922,001,1795
1493.3415,1493.3512,24609,31634,Eptesicus serotinus,0.008,0.024,-1,Echolocation,/mnt/ubna_data_02_mir/recover-20220922/UBNA_001/20220921_090000.WAV,Telephone Field,recover-20220922,001,1795
1493.3495,1493.3899,68437,83343,Rhinolophus ferrumequinum,0.031,0.031,-1,Echolocation,/mnt/ubna_data_02_mir/recover-20220922/UBNA_001/20220921_090000.WAV,Telephone Field,recover-20220922,001,1795
1493.3775,1493.4137,68437,81762,Rhinolophus ferrumequinum,0.025,0.025,-1,Echolocation,/mnt/ubna_data_02_mir/recover-20220922/UBNA_001/20220921_090000.WAV,Telephone Field,recover-20220922,001,1795
1493.3885,1493.4259,68437,82183,Rhinolophus ferrumequinum,0.023,0.023,-1,Echolocation,/mnt/ubna_data_02_mir/recover-20220922/UBNA_001/20220921_090000.WAV,Telephone Field,recover-20220922,001,1795
1493.4165,1493.4251,15156,23271,Plecotus auritus,0.01,0.025,-1,Echolocation,/mnt/ubna_data_02_mir/recover-20220922/UBNA_001/20220921_090000.WAV,Telephone Field,recover-20220922,001,1795
1493.4375,1493.4769000000001,68437,81315,Rhinolophus ferrumequinum,0.027,0.027,-1,Echolocation,/mnt/ubna_data_02_mir/recover-20220922/UBNA_001/20220921_090000.WAV,Telephone Field,recover-20220922,001,1795
1493.4455,1493.4879,68437,81727,Rhinolophus ferrumequinum,0.03,0.03,-1,Echolocation,/mnt/ubna_data_02_mir/recover-20220922/UBNA_001/20220921_090000.WAV,Telephone Field,recover-20220922,001,1795
1493.4905,1493.5021,28046,35950,Eptesicus serotinus,0.017,0.03,-1,Echolocation,/mnt/ubna_data_02_mir/recover-20220922/UBNA_001/20220921_090000.WAV,Telephone Field,recover-20220922,001,1795
1493.5475,1493.5879,68437,82584,Rhinolophus ferrumequinum,0.026,0.026,-1,Echolocation,/mnt/ubna_data_02_mir/recover-20220922/UBNA_001/20220921_090000.WAV,Telephone Field,recover-20220922,001,1795
1493.5865,1493.5959,28906,38143,Eptesicus serotinus,0.011,0.025,-1,Echolocation,/mnt/ubna_data_02_mir/recover-20220922/UBNA_001/20220921_090000.WAV,Telephone Field,recover-20220922,001,1795
1493.6005,1493.6432,68437,83297,Rhinolophus ferrumequinum,0.026,0.026,-1,Echolocation,/mnt/ubna_data_02_mir/recover-20220922/UBNA_001/20220921_090000.WAV,Telephone Field,recover-20220922,001,1795
1493.6365,1493.6795,68437,83038,Rhinolophus ferrumequinum,0.026,0.026,-1,Echolocation,/mnt/ubna_data_02_mir/recover-20220922/UBNA_001/20220921_090000.WAV,Telephone Field,recover-20220922,001,1795
1493.6595,1493.6673,27187,38245,Eptesicus serotinus,0.008,0.024,-1,Echolocation,/mnt/ubna_data_02_mir/recover-20220922/UBNA_001/20220921_090000.WAV,Telephone Field,recover-20220922,001,1795
1493.6735,1493.6829,23750,30538,Nyctalus leisleri,0.009,0.025,-1,Echolocation,/mnt/ubna_data_02_mir/recover-20220922/UBNA_001/20220921_090000.WAV,Telephone Field,recover-20220922,001,1795
1493.6835,1493.7224,68437,81304,Rhinolophus ferrumequinum,0.023,0.023,-1,Echolocation,/mnt/ubna_data_02_mir/recover-20220922/UBNA_001/20220921_090000.WAV,Telephone Field,recover-20220922,001,1795
1493.7085,1493.7506,68437,83008,Rhinolophus ferrumequinum,0.031,0.031,-1,Echolocation,/mnt/ubna_data_02_mir/recover-20220922/UBNA_001/20220921_090000.WAV,Telephone Field,recover-20220922,001,1795
1493.7145,1493.7224,28046,40022,Eptesicus serotinus,0.007,0.023,-1,Echolocation,/mnt/ubna_data_02_mir/recover-20220922/UBNA_001/20220921_090000.WAV,Telephone Field,recover-20220922,001,1795
1493.7275,1493.7397,25468,30922,Nyctalus leisleri,0.011,0.026,-1,Echolocation,/mnt/ubna_data_02_mir/recover-20220922/UBNA_001/20220921_090000.WAV,Telephone Field,recover-20220922,001,1795
1493.7575,1493.766,28046,37917,Eptesicus serotinus,0.007,0.024,-1,Echolocation,/mnt/ubna_data_02_mir/recover-20220922/UBNA_001/20220921_090000.WAV,Telephone Field,recover-20220922,001,1795
1493.7605,1493.8019,68437,82402,Rhinolophus ferrumequinum,0.023,0.023,-1,Echolocation,/mnt/ubna_data_02_mir/recover-20220922/UBNA_001/20220921_090000.WAV,Telephone Field,recover-20220922,001,1795
1493.7795,1493.7903,22031,26369,Nyctalus leisleri,0.016,0.027,-1,Echolocation,/mnt/ubna_data_02_mir/recover-20220922/UBNA_001/20220921_090000.WAV,Telephone Field,recover-20220922,001,1795
1493.7925,1493.8311,68437,82479,Rhinolophus ferrumequinum,0.028,0.028,-1,Echolocation,/mnt/ubna_data_02_mir/recover-20220922/UBNA_001/20220921_090000.WAV,Telephone Field,recover-20220922,001,1795
1493.8775,1493.9148,68437,81959,Rhinolophus ferrumequinum,0.023,0.023,-1,Echolocation,/mnt/ubna_data_02_mir/recover-20220922/UBNA_001/20220921_090000.WAV,Telephone Field,recover-20220922,001,1795
1493.8985,1493.9074,25468,34118,Eptesicus serotinus,0.008,0.026,-1,Echolocation,/mnt/ubna_data_02_mir/recover-20220922/UBNA_001/20220921_090000.WAV,Telephone Field,recover-20220922,001,1795
1493.9165,1493.9238,45234,48669,Pipistrellus pipistrellus,0.026,0.027,-1,Echolocation,/mnt/ubna_data_02_mir/recover-20220922/UBNA_001/20220921_090000.WAV,Telephone Field,recover-20220922,001,1795
1493.9295,1493.9388,25468,33107,Eptesicus serotinus,0.01,0.03,-1,Echolocation,/mnt/ubna_data_02_mir/recover-20220922/UBNA_001/20220921_090000.WAV,Telephone Field,recover-20220922,001,1795
1494.0015,1494.0105,46953,51632,Pipistrellus pipistrellus,0.018,0.024,-1,Echolocation,/mnt/ubna_data_02_mir/recover-20220922/UBNA_001/20220921_090000.WAV,Telephone Field,recover-20220922,001,1795
1494.0015,1494.0105,25468,34210,Nyctalus leisleri,0.008,0.026,-1,Echolocation,/mnt/ubna_data_02_mir/recover-20220922/UBNA_001/20220921_090000.WAV,Telephone Field,recover-20220922,001,1795
1494.0015,1494.0345,68437,80092,Rhinolophus ferrumequinum,0.033,0.033,-1,Echolocation,/mnt/ubna_data_02_mir/recover-20220922/UBNA_001/20220921_090000.WAV,Telephone Field,recover-20220922,001,1795
1494.0095,1494.0534,68437,82438,Rhinolophus ferrumequinum,0.022,0.022,-1,Echolocation,/mnt/ubna_data_02_mir/recover-20220922/UBNA_001/20220921_090000.WAV,Telephone Field,recover-20220922,001,1795
1494.0235,1494.032,26328,35105,Eptesicus serotinus,0.009,0.023,-1,Echolocation,/mnt/ubna_data_02_mir/recover-20220922/UBNA_001/20220921_090000.WAV,Telephone Field,recover-20220922,001,1795
1494.0285,1494.0682,68437,82472,Rhinolophus ferrumequinum,0.025,0.026,-1,Echolocation,/mnt/ubna_data_02_mir/recover-20220922/UBNA_001/20220921_090000.WAV,Telephone Field,recover-20220922,001,1795
1494.1145,1494.1504,68437,81247,Rhinolophus ferrumequinum,0.023,0.023,-1,Echolocation,/mnt/ubna_data_02_mir/recover-20220922/UBNA_001/20220921_090000.WAV,Telephone Field,recover-20220922,001,1795
1494.1235,1494.1343,34921,41357,Eptesicus serotinus,0.006,0.024,-1,Echolocation,/mnt/ubna_data_02_mir/recover-20220922/UBNA_001/20220921_090000.WAV,Telephone Field,recover-20220922,001,1795
1494.1405,1494.1782,68437,82615,Rhinolophus ferrumequinum,0.023,0.023,-1,Echolocation,/mnt/ubna_data_02_mir/recover-20220922/UBNA_001/20220921_090000.WAV,Telephone Field,recover-20220922,001,1795
1494.1685,1494.1787,28046,35280,Eptesicus serotinus,0.011,0.023,-1,Echolocation,/mnt/ubna_data_02_mir/recover-20220922/UBNA_001/20220921_090000.WAV,Telephone Field,recover-20220922,001,1795
1494.1815,1494.2231,68437,82723,Rhinolophus ferrumequinum,0.026,0.026,-1,Echolocation,/mnt/ubna_data_02_mir/recover-20220922/UBNA_001/20220921_090000.WAV,Telephone Field,recover-20220922,001,1795
1494.1855,1494.1964,23750,29562,Nyctalus leisleri,0.013,0.028,-1,Echolocation,/mnt/ubna_data_02_mir/recover-20220922/UBNA_001/20220921_090000.WAV,Telephone Field,recover-20220922,001,1795
1494.2205,1494.2598,68437,83049,Rhinolophus ferrumequinum,0.033,0.033,-1,Echolocation,/mnt/ubna_data_02_mir/recover-20220922/UBNA_001/20220921_090000.WAV,Telephone Field,recover-20220922,001,1795
1494.2425,1494.2776,68437,81940,Rhinolophus ferrumequinum,0.022,0.022,-1,Echolocation,/mnt/ubna_data_02_mir/recover-20220922/UBNA_001/20220921_090000.WAV,Telephone Field,recover-20220922,001,1795
1494.2455,1494.2542,28046,38748,Eptesicus serotinus,0.009,0.021,-1,Echolocation,/mnt/ubna_data_02_mir/recover-20220922/UBNA_001/20220921_090000.WAV,Telephone Field,recover-20220922,001,1795
1494.3085,1494.3468,68437,81855,Rhinolophus ferrumequinum,0.025,0.025,-1,Echolocation,/mnt/ubna_data_02_mir/recover-20220922/UBNA_001/20220921_090000.WAV,Telephone Field,recover-20220922,001,1795
1494.3155,1494.3262,29765,37039,Eptesicus serotinus,0.011,0.027,-1,Echolocation,/mnt/ubna_data_02_mir/recover-20220922/UBNA_001/20220921_090000.WAV,Telephone Field,recover-20220922,001,1795
1494.3275,1494.3666,68437,82292,Rhinolophus ferrumequinum,0.022,0.022,-1,Echolocation,/mnt/ubna_data_02_mir/recover-20220922/UBNA_001/20220921_090000.WAV,Telephone Field,recover-20220922,001,1795
1494.3385,1494.3748,68437,81588,Rhinolophus ferrumequinum,0.022,0.022,-1,Echolocation,/mnt/ubna_data_02_mir/recover-20220922/UBNA_001/20220921_090000.WAV,Telephone Field,recover-20220922,001,1795
1494.4015,1494.4383,68437,81151,Rhinolophus ferrumequinum,0.032,0.032,-1,Echolocation,/mnt/ubna_data_02_mir/recover-20220922/UBNA_001/20220921_090000.WAV,Telephone Field,recover-20220922,001,1795
1494.4195,1494.4285,28906,37757,Eptesicus serotinus,0.014,0.027,-1,Echolocation,/mnt/ubna_data_02_mir/recover-20220922/UBNA_001/20220921_090000.WAV,Telephone Field,recover-20220922,001,1795
1494.4385,1494.4536,44375,48173,Pipistrellus pipistrellus,0.033,0.038,-1,Echolocation,/mnt/ubna_data_02_mir/recover-20220922/UBNA_001/20220921_090000.WAV,Telephone Field,recover-20220922,001,1795
1494.5485,1494.5875,68437,81882,Rhinolophus ferrumequinum,0.022,0.022,-1,Echolocation,/mnt/ubna_data_02_mir/recover-20220922/UBNA_001/20220921_090000.WAV,Telephone Field,recover-20220922,001,1795
1494.5545,1494.5607,34062,46025,Myotis daubentonii,0.008,0.025,-1,Echolocation,/mnt/ubna_data_02_mir/recover-20220922/UBNA_001/20220921_090000.WAV,Telephone Field,recover-20220922,001,1795
1494.5555,1494.5618,27187,42781,Plecotus auritus,0.005,0.021,-1,Echolocation,/mnt/ubna_data_02_mir/recover-20220922/UBNA_001/20220921_090000.WAV,Telephone Field,recover-20220922,001,1795
1494.5795,1494.5907,22031,26484,Nyctalus leisleri,0.011,0.022,-1,Echolocation,/mnt/ubna_data_02_mir/recover-20220922/UBNA_001/20220921_090000.WAV,Telephone Field,recover-20220922,001,1795
1494.5995,1494.6352,68437,81687,Rhinolophus ferrumequinum,0.022,0.023,-1,Echolocation,/mnt/ubna_data_02_mir/recover-20220922/UBNA_001/20220921_090000.WAV,Telephone Field,recover-20220922,001,1795
1494.6295,1494.64,38359,45948,Pipistrellus nathusii,0.009,0.025,-1,Echolocation,/mnt/ubna_data_02_mir/recover-20220922/UBNA_001/20220921_090000.WAV,Telephone Field,recover-20220922,001,1795
1494.6555,1494.6674,28046,34466,Eptesicus serotinus,0.015,0.028,-1,Echolocation,/mnt/ubna_data_02_mir/recover-20220922/UBNA_001/20220921_090000.WAV,Telephone Field,recover-20220922,001,1795
1494.6775,1494.7151,68437,82105,Rhinolophus ferrumequinum,0.023,0.023,-1,Echolocation,/mnt/ubna_data_02_mir/recover-20220922/UBNA_001/20220921_090000.WAV,Telephone Field,recover-20220922,001,1795
1494.6875,1494.7235,68437,81496,Rhinolophus ferrumequinum,0.021,0.021,-1,Echolocation,/mnt/ubna_data_02_mir/recover-20220922/UBNA_001/20220921_090000.WAV,Telephone Field,recover-20220922,001,1795
1494.7165,1494.7273,22890,28374,Nyctalus leisleri,0.01,0.021,-1,Echolocation,/mnt/ubna_data_02_mir/recover-20220922/UBNA_001/20220921_090000.WAV,Telephone Field,recover-20220922,001,1795
1494.7195,1494.7566,68437,81805,Rhinolophus ferrumequinum,0.024,0.024,-1,Echolocation,/mnt/ubna_data_02_mir/recover-20220922/UBNA_001/20220921_090000.WAV,Telephone Field,recover-20220922,001,1795
1494.7525,1494.7892,68437,81875,Rhinolophus ferrumequinum,0.021,0.021,-1,Echolocation,/mnt/ubna_data_02_mir/recover-20220922/UBNA_001/20220921_090000.WAV,Telephone Field,recover-20220922,001,1795
1494.7735,1494.7841,27187,33456,Eptesicus serotinus,0.014,0.036,-1,Echolocation,/mnt/ubna_data_02_mir/recover-20220922/UBNA_001/20220921_090000.WAV,Telephone Field,recover-20220922,001,1795
1494.7815,1494.8171,68437,81683,Rhinolophus ferrumequinum,0.021,0.021,-1,Echolocation,/mnt/ubna_data_02_mir/recover-20220922/UBNA_001/20220921_090000.WAV,Telephone Field,recover-20220922,001,1795
1494.8005,1494.809,28906,40498,Eptesicus serotinus,0.01,0.023,-1,Echolocation,/mnt/ubna_data_02_mir/recover-20220922/UBNA_001/20220921_090000.WAV,Telephone Field,recover-20220922,001,1795
1494.8295,1494.8721,68437,82867,Rhinolophus ferrumequinum,0.031,0.031,-1,Echolocation,/mnt/ubna_data_02_mir/recover-20220922/UBNA_001/20220921_090000.WAV,Telephone Field,recover-20220922,001,1795
1494.8455,1494.8808,68437,79495,Rhinolophus ferrumequinum,0.028,0.028,-1,Echolocation,/mnt/ubna_data_02_mir/recover-20220922/UBNA_001/20220921_090000.WAV,Telephone Field,recover-20220922,001,1795
1494.8625,1494.8716,28906,37986,Eptesicus serotinus,0.01,0.023,-1,Echolocation,/mnt/ubna_data_02_mir/recover-20220922/UBNA_001/20220921_090000.WAV,Telephone Field,recover-20220922,001,1795
1494.8975,1494.9061,23750,31560,Plecotus austriacus,0.008,0.024,-1,Echolocation,/mnt/ubna_data_02_mir/recover-20220922/UBNA_001/20220921_090000.WAV,Telephone Field,recover-20220922,001,1795
1494.9055,1494.9443,68437,81823,Rhinolophus ferrumequinum,0.026,0.027,-1,Echolocation,/mnt/ubna_data_02_mir/recover-20220922/UBNA_001/20220921_090000.WAV,Telephone Field,recover-20220922,001,1795
1494.9285,1494.9643,68437,81424,Rhinolophus ferrumequinum,0.026,0.026,-1,Echolocation,/mnt/ubna_data_02_mir/recover-20220922/UBNA_001/20220921_090000.WAV,Telephone Field,recover-20220922,001,1795
1494.9365,1494.9437,27187,39064,Eptesicus serotinus,0.007,0.022,-1,Echolocation,/mnt/ubna_data_02_mir/recover-20220922/UBNA_001/20220921_090000.WAV,Telephone Field,recover-20220922,001,1795
1494.9515,1494.9908,68437,82098,Rhinolophus ferrumequinum,0.023,0.023,-1,Echolocation,/mnt/ubna_data_02_mir/recover-20220922/UBNA_001/20220921_090000.WAV,Telephone Field,recover-20220922,001,1795
1494.9885,1495.0267,68437,81949,Rhinolophus ferrumequinum,0.021,0.021,-1,Echolocation,/mnt/ubna_data_02_mir/recover-20220922/UBNA_001/20220921_090000.WAV,Telephone Field,recover-20220922,001,1795
1495.0395,1495.0474,23750,32097,Plecotus austriacus,0.007,0.021,-1,Echolocation,/mnt/ubna_data_02_mir/recover-20220922/UBNA_001/20220921_090000.WAV,Telephone Field,recover-20220922,001,1795
1495.0795,1495.1176,68437,81989,Rhinolophus ferrumequinum,0.021,0.021,-1,Echolocation,/mnt/ubna_data_02_mir/recover-20220922/UBNA_001/20220921_090000.WAV,Telephone Field,recover-20220922,001,1795
1495.0815,1495.0894,32343,42408,Barbastellus barbastellus,0.01,0.032,-1,Echolocation,/mnt/ubna_data_02_mir/recover-20220922/UBNA_001/20220921_090000.WAV,Telephone Field,recover-20220922,001,1795
1495.1235,1495.1315,26328,35228,Eptesicus serotinus,0.008,0.022,-1,Echolocation,/mnt/ubna_data_02_mir/recover-20220922/UBNA_001/20220921_090000.WAV,Telephone Field,recover-20220922,001,1795
1495.1275,1495.1686,68437,83288,Rhinolophus ferrumequinum,0.029,0.029,-1,Echolocation,/mnt/ubna_data_02_mir/recover-20220922/UBNA_001/20220921_090000.WAV,Telephone Field,recover-20220922,001,1795
1495.1385,1495.1766,68437,82138,Rhinolophus ferrumequinum,0.022,0.022,-1,Echolocation,/mnt/ubna_data_02_mir/recover-20220922/UBNA_001/20220921_090000.WAV,Telephone Field,recover-20220922,001,1795
1495.1845,1495.1919,25468,34397,Eptesicus serotinus,0.007,0.022,-1,Echolocation,/mnt/ubna_data_02_mir/recover-20220922/UBNA_001/20220921_090000.WAV,Telephone Field,recover-20220922,001,1795
1495.2065,1495.214,15156,26864,Plecotus auritus,0.017,0.022,-1,Echolocation,/mnt/ubna_data_02_mir/recover-20220922/UBNA_001/20220921_090000.WAV,Telephone Field,recover-20220922,001,1795
1495.2145,1495.2591,68437,83876,Rhinolophus ferrumequinum,0.053,0.053,-1,Echolocation,/mnt/ubna_data_02_mir/recover-20220922/UBNA_001/20220921_090000.WAV,Telephone Field,recover-20220922,001,1795
1495.2395,1495.2787,68437,81690,Rhinolophus ferrumequinum,0.022,0.022,-1,Echolocation,/mnt/ubna_data_02_mir/recover-20220922/UBNA_001/20220921_090000.WAV,Telephone Field,recover-20220922,001,1795
1495.2455,1495.253,27187,44010,Eptesicus serotinus,0.008,0.022,-1,Echolocation,/mnt/ubna_data_02_mir/recover-20220922/UBNA_001/20220921_090000.WAV,Telephone Field,recover-20220922,001,1795
1495.2845,1495.3253,68437,82531,Rhinolophus ferrumequinum,0.026,0.026,-1,Echolocation,/mnt/ubna_data_02_mir/recover-20220922/UBNA_001/20220921_090000.WAV,Telephone Field,recover-20220922,001,1795
1495.3295,1495.3387,27187,36351,Eptesicus serotinus,0.009,0.021,-1,Echolocation,/mnt/ubna_data_02_mir/recover-20220922/UBNA_001/20220921_090000.WAV,Telephone Field,recover-20220922,001,1795
1495.3325,1495.3728,68437,82427,Rhinolophus ferrumequinum,0.022,0.022,-1,Echolocation,/mnt/ubna_data_02_mir/recover-20220922/UBNA_001/20220921_090000.WAV,Telephone Field,recover-20220922,001,1795
1495.3385,1495.3811,68437,82687,Rhinolophus ferrumequinum,0.021,0.021,-1,Echolocation,/mnt/ubna_data_02_mir/recover-20220922/UBNA_001/20220921_090000.WAV,Telephone Field,recover-20220922,001,1795
1495.3755,1495.3854,40937,48822,Pipistrellus nathusii,0.019,0.037,-1,Echolocation,/mnt/ubna_data_02_mir/recover-20220922/UBNA_001/20220921_090000.WAV,Telephone Field,recover-20220922,001,1795
1495.3775,1495.3866,25468,34547,Eptesicus serotinus,0.01,0.024,-1,Echolocation,/mnt/ubna_data_02_mir/recover-20220922/UBNA_001/20220921_090000.WAV,Telephone Field,recover-20220922,001,1795
1495.4055,1495.4457,68437,83027,Rhinolophus ferrumequinum,0.031,0.031,-1,Echolocation,/mnt/ubna_data_02_mir/recover-20220922/UBNA_001/20220921_090000.WAV,Telephone Field,recover-20220922,001,1795
1495.4295,1495.4388,24609,31279,Nyctalus leisleri,0.008,0.023,-1,Echolocation,/mnt/ubna_data_02_mir/recover-20220922/UBNA_001/20220921_090000.WAV,Telephone Field,recover-20220922,001,1795
1495.4375,1495.4794,68437,83102,Rhinolophus ferrumequinum,0.026,0.026,-1,Echolocation,/mnt/ubna_data_02_mir/recover-20220922/UBNA_001/20220921_090000.WAV,Telephone Field,recover-20220922,001,1795
1495.4775,1495.5133,68437,81334,Rhinolophus ferrumequinum,0.024,0.024,-1,Echolocation,/mnt/ubna_data_02_mir/recover-20220922/UBNA_001/20220921_090000.WAV,Telephone Field,recover-20220922,001,1795
1495.5185,1495.5295,28906,34362,Eptesicus serotinus,0.011,0.022,-1,Echolocation,/mnt/ubna_data_02_mir/recover-20220922/UBNA_001/20220921_090000.WAV,Telephone Field,recover-20220922,001,1795
1495.5655,1495.5762,22890,27527,Nyctalus leisleri,0.011,0.023,-1,Echolocation,/mnt/ubna_data_02_mir/recover-20220922/UBNA_001/20220921_090000.WAV,Telephone Field,recover-20220922,001,1795
1495.5665,1495.6039,68437,82106,Rhinolophus ferrumequinum,0.035,0.035,-1,Echolocation,/mnt/ubna_data_02_mir/recover-20220922/UBNA_001/20220921_090000.WAV,Telephone Field,recover-20220922,001,1795
1495.5705,1495.5794,49531,53543,Pipistrellus pipistrellus,0.038,0.043,-1,Echolocation,/mnt/ubna_data_02_mir/recover-20220922/UBNA_001/20220921_090000.WAV,Telephone Field,recover-20220922,001,1795
1495.5725,1495.59,20312,23507,Nyctalus leisleri,0.012,0.022,-1,Echolocation,/mnt/ubna_data_02_mir/recover-20220922/UBNA_001/20220921_090000.WAV,Telephone Field,recover-20220922,001,1795
1495.5835,1495.6231,68437,82923,Rhinolophus ferrumequinum,0.028,0.028,-1,Echolocation,/mnt/ubna_data_02_mir/recover-20220922/UBNA_001/20220921_090000.WAV,Telephone Field,recover-20220922,001,1795
1495.6025,1495.6131,26328,33045,Eptesicus serotinus,0.021,0.041,-1,Echolocation,/mnt/ubna_data_02_mir/recover-20220922/UBNA_001/20220921_090000.WAV,Telephone Field,recover-20220922,001,1795
1495.6365,1495.6435,23750,33164,Plecotus austriacus,0.012,0.027,-1,Echolocation,/mnt/ubna_data_02_mir/recover-20220922/UBNA_001/20220921_090000.WAV,Telephone Field,recover-20220922,001,1795
1495.6365,1495.643,28906,39063,Eptesicus serotinus,0.006,0.023,-1,Echolocation,/mnt/ubna_data_02_mir/recover-20220922/UBNA_001/20220921_090000.WAV,Telephone Field,recover-20220922,001,1795
1495.6575,1495.6698,14296,20253,Nyctalus noctula,0.012,0.021,-1,Echolocation,/mnt/ubna_data_02_mir/recover-20220922/UBNA_001/20220921_090000.WAV,Telephone Field,recover-20220922,001,1795
1495.6645,1495.671,28046,40665,Eptesicus serotinus,0.007,0.024,-1,Echolocation,/mnt/ubna_data_02_mir/recover-20220922/UBNA_001/20220921_090000.WAV,Telephone Field,recover-20220922,001,1795
1495.6895,1495.7305,68437,82685,Rhinolophus ferrumequinum,0.025,0.025,-1,Echolocation,/mnt/ubna_data_02_mir/recover-20220922/UBNA_001/20220921_090000.WAV,Telephone Field,recover-20220922,001,1795
1495.7495,1495.7572,28906,40192,Eptesicus serotinus,0.008,0.022,-1,Echolocation,/mnt/ubna_data_02_mir/recover-20220922/UBNA_001/20220921_090000.WAV,Telephone Field,recover-20220922,001,1795
1495.7655,1495.8034,68437,81355,Rhinolophus ferrumequinum,0.023,0.023,-1,Echolocation,/mnt/ubna_data_02_mir/recover-20220922/UBNA_001/20220921_090000.WAV,Telephone Field,recover-20220922,001,1795
1495.7775,1495.7859,28046,39500,Eptesicus serotinus,0.008,0.022,-1,Echolocation,/mnt/ubna_data_02_mir/recover-20220922/UBNA_001/20220921_090000.WAV,Telephone Field,recover-20220922,001,1795
1495.7865,1495.8234,68437,81800,Rhinolophus ferrumequinum,0.023,0.023,-1,Echolocation,/mnt/ubna_data_02_mir/recover-20220922/UBNA_001/20220921_090000.WAV,Telephone Field,recover-20220922,001,1795
1495.7925,1495.8018,28906,38205,Eptesicus serotinus,0.012,0.025,-1,Echolocation,/mnt/ubna_data_02_mir/recover-20220922/UBNA_001/20220921_090000.WAV,Telephone Field,recover-20220922,001,1795
1495.7995,1495.8366,68437,81928,Rhinolophus ferrumequinum,0.025,0.025,-1,Echolocation,/mnt/ubna_data_02_mir/recover-20220922/UBNA_001/20220921_090000.WAV,Telephone Field,recover-20220922,001,1795
1495.8015,1495.8131,22890,28196,Nyctalus leisleri,0.01,0.023,-1,Echolocation,/mnt/ubna_data_02_mir/recover-20220922/UBNA_001/20220921_090000.WAV,Telephone Field,recover-20220922,001,1795
1495.8085,1495.8152,24609,36295,Plecotus austriacus,0.009,0.025,-1,Echolocation,/mnt/ubna_data_02_mir/recover-20220922/UBNA_001/20220921_090000.WAV,Telephone Field,recover-20220922,001,1795
1495.8475,1495.889,68437,83338,Rhinolophus ferrumequinum,0.025,0.025,-1,Echolocation,/mnt/ubna_data_02_mir/recover-20220922/UBNA_001/20220921_090000.WAV,Telephone Field,recover-20220922,001,1795
1495.8575,1495.8967,68437,82035,Rhinolophus ferrumequinum,0.022,0.022,-1,Echolocation,/mnt/ubna_data_02_mir/recover-20220922/UBNA_001/20220921_090000.WAV,Telephone Field,recover-20220922,001,1795
1495.8685,1495.9105,68437,83127,Rhinolophus ferrumequinum,0.024,0.024,-1,Echolocation,/mnt/ubna_data_02_mir/recover-20220922/UBNA_001/20220921_090000.WAV,Telephone Field,recover-20220922,001,1795
1495.8905,1495.9008,22890,28163,Nyctalus leisleri,0.01,0.021,-1,Echolocation,/mnt/ubna_data_02_mir/recover-20220922/UBNA_001/20220921_090000.WAV,Telephone Field,recover-20220922,001,1795
1495.9145,1495.952,68437,82114,Rhinolophus ferrumequinum,0.022,0.022,-1,Echolocation,/mnt/ubna_data_02_mir/recover-20220922/UBNA_001/20220921_090000.WAV,Telephone Field,recover-20220922,001,1795
1495.9345,1495.9747,68437,82530,Rhinolophus ferrumequinum,0.023,0.023,-1,Echolocation,/mnt/ubna_data_02_mir/recover-20220922/UBNA_001/20220921_090000.WAV,Telephone Field,recover-20220922,001,1795
1495.9775,1495.9847,28906,39184,Eptesicus serotinus,0.007,0.023,-1,Echolocation,/mnt/ubna_data_02_mir/recover-20220922/UBNA_001/20220921_090000.WAV,Telephone Field,recover-20220922,001,1795
1496.0015,1496.0381,68437,80222,Rhinolophus ferrumequinum,0.059,0.059,-1,Echolocation,/mnt/ubna_data_02_mir/recover-20220922/UBNA_001/20220921_090000.WAV,Telephone Field,recover-20220922,001,1795
1496.0015,1496.0121,45234,49916,Pipistrellus pipistrellus,0.023,0.028,-1,Echolocation,/mnt/ubna_data_02_mir/recover-20220922/UBNA_001/20220921_090000.WAV,Telephone Field,recover-20220922,001,1795
1496.0015,1496.0116,38359,43524,Pipistrellus nathusii,0.011,0.024,-1,Echolocation,/mnt/ubna_data_02_mir/recover-20220922/UBNA_001/20220921_090000.WAV,Telephone Field,recover-20220922,001,1795
1496.0015,1496.014,18593,23212,Nyctalus leisleri,0.011,0.024,-1,Echolocation,/mnt/ubna_data_02_mir/recover-20220922/UBNA_001/20220921_090000.WAV,Telephone Field,recover-20220922,001,1795
1496.0015,1496.0085,24609,38537,Myotis nattereri,0.007,0.023,-1,Echolocation,/mnt/ubna_data_02_mir/recover-20220922/UBNA_001/20220921_090000.WAV,Telephone Field,recover-20220922,001,1795
1496.0075,1496.0504,68437,82860,Rhinolophus ferrumequinum,0.027,0.027,-1,Echolocation,/mnt/ubna_data_02_mir/recover-20220922/UBNA_001/20220921_090000.WAV,Telephone Field,recover-20220922,001,1795
1496.0175,1496.0308,52968,57075,Pipistrellus pygmaeus,0.029,0.033,-1,Echolocation,/mnt/ubna_data_02_mir/recover-20220922/UBNA_001/20220921_090000.WAV,Telephone Field,recover-20220922,001,1795
1496.0225,1496.0315,23750,31114,Plecotus austriacus,0.007,0.023,-1,Echolocation,/mnt/ubna_data_02_mir/recover-20220922/UBNA_001/20220921_090000.WAV,Telephone Field,recover-20220922,001,1795
1496.0635,1496.105,68437,82208,Rhinolophus ferrumequinum,0.022,0.022,-1,Echolocation,/mnt/ubna_data_02_mir/recover-20220922/UBNA_001/20220921_090000.WAV,Telephone Field,recover-20220922,001,1795
1496.0825,1496.1229,68437,82275,Rhinolophus ferrumequinum,0.021,0.021,-1,Echolocation,/mnt/ubna_data_02_mir/recover-20220922/UBNA_001/20220921_090000.WAV,Telephone Field,recover-20220922,001,1795
1496.1075,1496.1476,68437,82418,Rhinolophus ferrumequinum,0.026,0.026,-1,Echolocation,/mnt/ubna_data_02_mir/recover-20220922/UBNA_001/20220921_090000.WAV,Telephone Field,recover-20220922,001,1795
1496.1195,1496.1268,28046,40065,Eptesicus serotinus,0.007,0.022,-1,Echolocation,/mnt/ubna_data_02_mir/recover-20220922/UBNA_001/20220921_090000.WAV,Telephone Field,recover-20220922,001,1795
1496.1295,1496.1666,68437,81750,Rhinolophus ferrumequinum,0.021,0.021,-1,Echolocation,/mnt/ubna_data_02_mir/recover-20220922/UBNA_001/20220921_090000.WAV,Telephone Field,recover-20220922,001,1795
1496.1805,1496.1888,27187,38233,Eptesicus serotinus,0.007,0.022,-1,Echolocation,/mnt/ubna_data_02_mir/recover-20220922/UBNA_001/20220921_090000.WAV,Telephone Field,recover-20220922,001,1795
1496.1825,1496.2278,68437,82883,Rhinolophus ferrumequinum,0.042,0.042,-1,Echolocation,/mnt/ubna_data_02_mir/recover-20220922/UBNA_001/20220921_090000.WAV,Telephone Field,recover-20220922,001,1795
1496.1875,1496.1933,34921,43524,Myotis daubentonii,0.008,0.021,-1,Echolocation,/mnt/ubna_data_02_mir/recover-20220922/UBNA_001/20220921_090000.WAV,Telephone Field,recover-20220922,001,1795
1496.1875,1496.1952,28906,38761,Eptesicus serotinus,0.007,0.021,-1,Echolocation,/mnt/ubna_data_02_mir/recover-20220922/UBNA_001/20220921_090000.WAV,Telephone Field,recover-20220922,001,1795
1496.2155,1496.2543,68437,82269,Rhinolophus ferrumequinum,0.025,0.025,-1,Echolocation,/mnt/ubna_data_02_mir/recover-20220922/UBNA_001/20220921_090000.WAV,Telephone Field,recover-20220922,001,1795
1496.2395,1496.2807,68437,82504,Rhinolophus ferrumequinum,0.021,0.021,-1,Echolocation,/mnt/ubna_data_02_mir/recover-20220922/UBNA_001/20220921_090000.WAV,Telephone Field,recover-20220922,001,1795
1496.2555,1496.2931,68437,82235,Rhinolophus ferrumequinum,0.021,0.021,-1,Echolocation,/mnt/ubna_data_02_mir/recover-20220922/UBNA_001/20220921_090000.WAV,Telephone Field,recover-20220922,001,1795
1496.2635,1496.2746,23750,28885,Nyctalus leisleri,0.011,0.023,-1,Echolocation,/mnt/ubna_data_02_mir/recover-20220922/UBNA_001/20220921_090000.WAV,Telephone Field,recover-20220922,001,1795
1496.2835,1496.3242,68437,82613,Rhinolophus ferrumequinum,0.021,0.021,-1,Echolocation,/mnt/ubna_data_02_mir/recover-20220922/UBNA_001/20220921_090000.WAV,Telephone Field,recover-20220922,001,1795
1496.2905,1496.3297,68437,82379,Rhinolophus ferrumequinum,0.024,0.024,-1,Echolocation,/mnt/ubna_data_02_mir/recover-20220922/UBNA_001/20220921_090000.WAV,Telephone Field,recover-20220922,001,1795
1496.3155,1496.3562,68437,82723,Rhinolophus ferrumequinum,0.022,0.022,-1,Echolocation,/mnt/ubna_data_02_mir/recover-20220922/UBNA_001/20220921_090000.WAV,Telephone Field,recover-20220922,001,1795
1496.3155,1496.3259,22031,26680,Nyctalus leisleri,0.01,0.022,-1,Echolocation,/mnt/ubna_data_02_mir/recover-20220922/UBNA_001/20220921_090000.WAV,Telephone Field,recover-20220922,001,1795
1496.3475,1496.3869,68437,82016,Rhinolophus ferrumequinum,0.022,0.022,-1,Echolocation,/mnt/ubna_data_02_mir/recover-20220922/UBNA_001/20220921_090000.WAV,Telephone Field,recover-20220922,001,1795
1496.3525,1496.3629,22031,27072,Nyctalus leisleri,0.01,0.023,-1,Echolocation,/mnt/ubna_data_02_mir/recover-20220922/UBNA_001/20220921_090000.WAV,Telephone Field,recover-20220922,001,1795
1496.3585,1496.3652,58125,63999,Pipistrellus pygmaeus,0.023,0.023,-1,Echolocation,/mnt/ubna_data_02_mir/recover-20220922/UBNA_001/20220921_090000.WAV,Telephone Field,recover-20220922,001,1795
1496.3645,1496.3713,23750,32441,Plecotus austriacus,0.012,0.025,-1,Echolocation,/mnt/ubna_data_02_mir/recover-20220922/UBNA_001/20220921_090000.WAV,Telephone Field,recover-20220922,001,1795
1496.3825,1496.4228,68437,82352,Rhinolophus ferrumequinum,0.022,0.022,-1,Echolocation,/mnt/ubna_data_02_mir/recover-20220922/UBNA_001/20220921_090000.WAV,Telephone Field,recover-20220922,001,1795
1496.4035,1496.413,28046,38470,Eptesicus serotinus,0.01,0.026,-1,Echolocation,/mnt/ubna_data_02_mir/recover-20220922/UBNA_001/20220921_090000.WAV,Telephone Field,recover-20220922,001,1795
1496.4055,1496.4463,68437,82917,Rhinolophus ferrumequinum,0.024,0.024,-1,Echolocation,/mnt/ubna_data_02_mir/recover-20220922/UBNA_001/20220921_090000.WAV,Telephone Field,recover-20220922,001,1795
1496.4065,1496.4149,34062,41701,Myotis daubentonii,0.009,0.022,-1,Echolocation,/mnt/ubna_data_02_mir/recover-20220922/UBNA_001/20220921_090000.WAV,Telephone Field,recover-20220922,001,1795
1496.4275,1496.4659,68437,81317,Rhinolophus ferrumequinum,0.021,0.021,-1,Echolocation,/mnt/ubna_data_02_mir/recover-20220922/UBNA_001/20220921_090000.WAV,Telephone Field,recover-20220922,001,1795
1496.4475,1496.4845,68437,81884,Rhinolophus ferrumequinum,0.022,0.022,-1,Echolocation,/mnt/ubna_data_02_mir/recover-20220922/UBNA_001/20220921_090000.WAV,Telephone Field,recover-20220922,001,1795
1496.4595,1496.4975,68437,82603,Rhinolophus ferrumequinum,0.026,0.027,-1,Echolocation,/mnt/ubna_data_02_mir/recover-20220922/UBNA_001/20220921_090000.WAV,Telephone Field,recover-20220922,001,1795
1496.4695,1496.5042,68437,79786,Rhinolophus ferrumequinum,0.023,0.023,-1,Echolocation,/mnt/ubna_data_02_mir/recover-20220922/UBNA_001/20220921_090000.WAV,Telephone Field,recover-20220922,001,1795
1496.4815,1496.5168,68437,79917,Rhinolophus ferrumequinum,0.021,0.021,-1,Echolocation,/mnt/ubna_data_02_mir/recover-20220922/UBNA_001/20220921_090000.WAV,Telephone Field,recover-20220922,001,1795
1496.5205,1496.5618,68437,82541,Rhinolophus ferrumequinum,0.025,0.025,-1,Echolocation,/mnt/ubna_data_02_mir/recover-20220922/UBNA_001/20220921_090000.WAV,Telephone Field,recover-20220922,001,1795
1496.5525,1496.5596,28906,39899,Eptesicus serotinus,0.008,0.026,-1,Echolocation,/mnt/ubna_data_02_mir/recover-20220922/UBNA_001/20220921_090000.WAV,Telephone Field,recover-20220922,001,1795
1496.5645,1496.6039,68437,82030,Rhinolophus ferrumequinum,0.022,0.022,-1,Echolocation,/mnt/ubna_data_02_mir/recover-20220922/UBNA_001/20220921_090000.WAV,Telephone Field,recover-20220922,001,1795
1496.6055,1496.6442,68437,82358,Rhinolophus ferrumequinum,0.022,0.022,-1,Echolocation,/mnt/ubna_data_02_mir/recover-20220922/UBNA_001/20220921_090000.WAV,Telephone Field,recover-20220922,001,1795
1496.6275,1496.6371,22031,27408,Nyctalus leisleri,0.008,0.021,-1,Echolocation,/mnt/ubna_data_02_mir/recover-20220922/UBNA_001/20220921_090000.WAV,Telephone Field,recover-20220922,001,1795
1496.6305,1496.67,68437,81845,Rhinolophus ferrumequinum,0.025,0.025,-1,Echolocation,/mnt/ubna_data_02_mir/recover-20220922/UBNA_001/20220921_090000.WAV,Telephone Field,recover-20220922,001,1795
1496.6575,1496.6683,28046,35473,Eptesicus serotinus,0.009,0.021,-1,Echolocation,/mnt/ubna_data_02_mir/recover-20220922/UBNA_001/20220921_090000.WAV,Telephone Field,recover-20220922,001,1795
1496.6645,1496.7042,68437,82006,Rhinolophus ferrumequinum,0.023,0.023,-1,Echolocation,/mnt/ubna_data_02_mir/recover-20220922/UBNA_001/20220921_090000.WAV,Telephone Field,recover-20220922,001,1795
1496.6985,1496.7114,23750,28756,Nyctalus leisleri,0.018,0.037,-1,Echolocation,/mnt/ubna_data_02_mir/recover-20220922/UBNA_001/20220921_090000.WAV,Telephone Field,recover-20220922,001,1795
1496.7145,1496.7526,68437,82239,Rhinolophus ferrumequinum,0.024,0.024,-1,Echolocation,/mnt/ubna_data_02_mir/recover-20220922/UBNA_001/20220921_090000.WAV,Telephone Field,recover-20220922,001,1795
1496.7645,1496.7828,20312,23065,Nyctalus leisleri,0.013,0.024,-1,Echolocation,/mnt/ubna_data_02_mir/recover-20220922/UBNA_001/20220921_090000.WAV,Telephone Field,recover-20220922,001,1795
1496.7655,1496.807,68437,82507,Rhinolophus ferrumequinum,0.023,0.023,-1,Echolocation,/mnt/ubna_data_02_mir/recover-20220922/UBNA_001/20220921_090000.WAV,Telephone Field,recover-20220922,001,1795
1496.7925,1496.8369,68437,83105,Rhinolophus ferrumequinum,0.032,0.032,-1,Echolocation,/mnt/ubna_data_02_mir/recover-20220922/UBNA_001/20220921_090000.WAV,Telephone Field,recover-20220922,001,1795
1496.8085,1496.8174,22890,29716,Plecotus austriacus,0.009,0.023,-1,Echolocation,/mnt/ubna_data_02_mir/recover-20220922/UBNA_001/20220921_090000.WAV,Telephone Field,recover-20220922,001,1795
1496.8245,1496.8632,68437,82180,Rhinolophus ferrumequinum,0.027,0.027,-1,Echolocation,/mnt/ubna_data_02_mir/recover-20220922/UBNA_001/20220921_090000.WAV,Telephone Field,recover-20220922,001,1795
1496.9125,1496.9504,68437,81337,Rhinolophus ferrumequinum,0.021,0.021,-1,Echolocation,/mnt/ubna_data_02_mir/recover-20220922/UBNA_001/20220921_090000.WAV,Telephone Field,recover-20220922,001,1795
1496.9135,1496.9224,28046,37762,Eptesicus serotinus,0.008,0.021,-1,Echolocation,/mnt/ubna_data_02_mir/recover-20220922/UBNA_001/20220921_090000.WAV,Telephone Field,recover-20220922,001,1795
1496.9645,1496.9714,44375,50245,Pipistrellus pipistrellus,0.052,0.055,-1,Echolocation,/mnt/ubna_data_02_mir/recover-20220922/UBNA_001/20220921_090000.WAV,Telephone Field,recover-20220922,001,1795
1496.9735,1497.0111,68437,81202,Rhinolophus ferrumequinum,0.021,0.021,-1,Echolocation,/mnt/ubna_data_02_mir/recover-20220922/UBNA_001/20220921_090000.WAV,Telephone Field,recover-20220922,001,1795
1496.9815,1496.9917,22890,29509,Nyctalus leisleri,0.008,0.022,-1,Echolocation,/mnt/ubna_data_02_mir/recover-20220922/UBNA_001/20220921_090000.WAV,Telephone Field,recover-20220922,001,1795
1497.0075,1497.0154,45234,51022,Pipistrellus pipistrellus,0.027,0.029,-1,Echolocation,/mnt/ubna_data_02_mir/recover-20220922/UBNA_001/20220921_090000.WAV,Telephone Field,recover-20220922,001,1795
1497.0425,1497.0519,46953,54139,Pipistrellus pipistrellus,0.022,0.025,-1,Echolocation,/mnt/ubna_data_02_mir/recover-20220922/UBNA_001/20220921_090000.WAV,Telephone Field,recover-20220922,001,1795
1497.0705,1497.11,68437,82205,Rhinolophus ferrumequinum,0.023,0.023,-1,Echolocation,/mnt/ubna_data_02_mir/recover-20220922/UBNA_001/20220921_090000.WAV,Telephone Field,recover-20220922,001,1795
1497.0855,1497.1242,68437,82070,Rhinolophus ferrumequinum,0.021,0.021,-1,Echolocation,/mnt/ubna_data_02_mir/recover-20220922/UBNA_001/20220921_090000.WAV,Telephone Field,recover-20220922,001,1795
1497.0945,1497.1333,68437,82281,Rhinolophus ferrumequinum,0.022,0.022,-1,Echolocation,/mnt/ubna_data_02_mir/recover-20220922/UBNA_001/20220921_090000.WAV,Telephone Field,recover-20220922,001,1795
1497.1265,1497.1665,68437,81561,Rhinolophus ferrumequinum,0.024,0.024,-1,Echolocation,/mnt/ubna_data_02_mir/recover-20220922/UBNA_001/20220921_090000.WAV,Telephone Field,recover-20220922,001,1795
1497.1275,1497.134,50390,59219,Pipistrellus pipistrellus,0.022,0.025,-1,Echolocation,/mnt/ubna_data_02_mir/recover-20220922/UBNA_001/20220921_090000.WAV,Telephone Field,recover-20220922,001,1795
1497.1275,1497.135,24609,33627,Plecotus austriacus,0.01,0.026,-1,Echolocation,/mnt/ubna_data_02_mir/recover-20220922/UBNA_001/20220921_090000.WAV,Telephone Field,recover-20220922,001,1795
1497.1465,1497.184,68437,81517,Rhinolophus ferrumequinum,0.021,0.021,-1,Echolocation,/mnt/ubna_data_02_mir/recover-20220922/UBNA_001/20220921_090000.WAV,Telephone Field,recover-20220922,001,1795
1497.1815,1497.2193,68437,82020,Rhinolophus ferrumequinum,0.021,0.021,-1,Echolocation,/mnt/ubna_data_02_mir/recover-20220922/UBNA_001/20220921_090000.WAV,Telephone Field,recover-20220922,001,1795
1497.1975,1497.2061,28046,36101,Eptesicus serotinus,0.01,0.025,-1,Echolocation,/mnt/ubna_data_02_mir/recover-20220922/UBNA_001/20220921_090000.WAV,Telephone Field,recover-20220922,001,1795
1497.2155,1497.2543,68437,81934,Rhinolophus ferrumequinum,0.026,0.026,-1,Echolocation,/mnt/ubna_data_02_mir/recover-20220922/UBNA_001/20220921_090000.WAV,Telephone Field,recover-20220922,001,1795
1497.2255,1497.2387,44375,47709,Pipistrellus pipistrellus,0.039,0.044,-1,Echolocation,/mnt/ubna_data_02_mir/recover-20220922/UBNA_001/20220921_090000.WAV,Telephone Field,recover-20220922,001,1795
1497.2645,1497.3026,68437,81667,Rhinolophus ferrumequinum,0.021,0.021,-1,Echolocation,/mnt/ubna_data_02_mir/recover-20220922/UBNA_001/20220921_090000.WAV,Telephone Field,recover-20220922,001,1795
1497.3025,1497.3405,68437,82229,Rhinolophus ferrumequinum,0.021,0.021,-1,Echolocation,/mnt/ubna_data_02_mir/recover-20220922/UBNA_001/20220921_090000.WAV,Telephone Field,recover-20220922,001,1795
1497.3295,1497.3675,68437,82105,Rhinolophus ferrumequinum,0.021,0.021,-1,Echolocation,/mnt/ubna_data_02_mir/recover-20220922/UBNA_001/20220921_090000.WAV,Telephone Field,recover-20220922,001,1795
1497.3355,1497.3757,68437,81950,Rhinolophus ferrumequinum,0.021,0.021,-1,Echolocation,/mnt/ubna_data_02_mir/recover-20220922/UBNA_001/20220921_090000.WAV,Telephone Field,recover-20220922,001,1795
1497.3435,1497.3514,28046,39343,Eptesicus serotinus,0.007,0.021,-1,Echolocation,/mnt/ubna_data_02_mir/recover-20220922/UBNA_001/20220921_090000.WAV,Telephone Field,recover-20220922,001,1795
1497.3435,1497.3826,68437,81760,Rhinolophus ferrumequinum,0.022,0.022,-1,Echolocation,/mnt/ubna_data_02_mir/recover-20220922/UBNA_001/20220921_090000.WAV,Telephone Field,recover-20220922,001,1795
1497.3525,1497.3609,25468,33985,Eptesicus serotinus,0.007,0.023,-1,Echolocation,/mnt/ubna_data_02_mir/recover-20220922/UBNA_001/20220921_090000.WAV,Telephone Field,recover-20220922,001,1795
1497.3825,1497.4226,68437,82364,Rhinolophus ferrumequinum,0.024,0.024,-1,Echolocation,/mnt/ubna_data_02_mir/recover-20220922/UBNA_001/20220921_090000.WAV,Telephone Field,recover-20220922,001,1795
1497.4105,1497.4215,24609,30611,Nyctalus leisleri,0.011,0.028,-1,Echolocation,/mnt/ubna_data_02_mir/recover-20220922/UBNA_001/20220921_090000.WAV,Telephone Field,recover-20220922,001,1795
1497.4435,1497.4804,68437,81755,Rhinolophus ferrumequinum,0.021,0.021,-1,Echolocation,/mnt/ubna_data_02_mir/recover-20220922/UBNA_001/20220921_090000.WAV,Telephone Field,recover-20220922,001,1795
1497.4485,1497.4592,28906,34540,Eptesicus serotinus,0.023,0.044,-1,Echolocation,/mnt/ubna_data_02_mir/recover-20220922/UBNA_001/20220921_090000.WAV,Telephone Field,recover-20220922,001,1795
1497.5025,1497.513,22890,28102,Nyctalus leisleri,0.01,0.023,-1,Echolocation,/mnt/ubna_data_02_mir/recover-20220922/UBNA_001/20220921_090000.WAV,Telephone Field,recover-20220922,001,1795
1497.5105,1497.5203,22890,28725,Nyctalus leisleri,0.009,0.021,-1,Echolocation,/mnt/ubna_data_02_mir/recover-20220922/UBNA_001/20220921_090000.WAV,Telephone Field,recover-20220922,001,1795
1497.5575,1497.5956,68437,81625,Rhinolophus ferrumequinum,0.023,0.023,-1,Echolocation,/mnt/ubna_data_02_mir/recover-20220922/UBNA_001/20220921_090000.WAV,Telephone Field,recover-20220922,001,1795
1497.5835,1497.6211,68437,81729,Rhinolophus ferrumequinum,0.022,0.022,-1,Echolocation,/mnt/ubna_data_02_mir/recover-20220922/UBNA_001/20220921_090000.WAV,Telephone Field,recover-20220922,001,1795
1497.6235,1497.6605,68437,82013,Rhinolophus ferrumequinum,0.025,0.025,-1,Echolocation,/mnt/ubna_data_02_mir/recover-20220922/UBNA_001/20220921_090000.WAV,Telephone Field,recover-20220922,001,1795
1497.6725,1497.7115,68437,82088,Rhinolophus ferrumequinum,0.021,0.021,-1,Echolocation,/mnt/ubna_data_02_mir/recover-20220922/UBNA_001/20220921_090000.WAV,Telephone Field,recover-20220922,001,1795
1497.6845,1497.6937,27187,35787,Eptesicus serotinus,0.009,0.022,-1,Echolocation,/mnt/ubna_data_02_mir/recover-20220922/UBNA_001/20220921_090000.WAV,Telephone Field,recover-20220922,001,1795
1497.6895,1497.6991,28906,37111,Eptesicus serotinus,0.008,0.021,-1,Echolocation,/mnt/ubna_data_02_mir/recover-20220922/UBNA_001/20220921_090000.WAV,Telephone Field,recover-20220922,001,1795
1497.7085,1497.7463,68437,81764,Rhinolophus ferrumequinum,0.023,0.023,-1,Echolocation,/mnt/ubna_data_02_mir/recover-20220922/UBNA_001/20220921_090000.WAV,Telephone Field,recover-20220922,001,1795
1497.7285,1497.737,28046,37435,Eptesicus serotinus,0.008,0.022,-1,Echolocation,/mnt/ubna_data_02_mir/recover-20220922/UBNA_001/20220921_090000.WAV,Telephone Field,recover-20220922,001,1795
1497.7405,1497.7805,68437,82303,Rhinolophus ferrumequinum,0.031,0.031,-1,Echolocation,/mnt/ubna_data_02_mir/recover-20220922/UBNA_001/20220921_090000.WAV,Telephone Field,recover-20220922,001,1795
1497.7715,1497.8122,68437,82470,Rhinolophus ferrumequinum,0.025,0.025,-1,Echolocation,/mnt/ubna_data_02_mir/recover-20220922/UBNA_001/20220921_090000.WAV,Telephone Field,recover-20220922,001,1795
1497.7915,1497.8293,68437,82110,Rhinolophus ferrumequinum,0.023,0.023,-1,Echolocation,/mnt/ubna_data_02_mir/recover-20220922/UBNA_001/20220921_090000.WAV,Telephone Field,recover-20220922,001,1795
1497.7985,1497.8063,25468,34425,Eptesicus serotinus,0.007,0.021,-1,Echolocation,/mnt/ubna_data_02_mir/recover-20220922/UBNA_001/20220921_090000.WAV,Telephone Field,recover-20220922,001,1795
1497.8065,1497.8156,28046,39266,Eptesicus serotinus,0.008,0.022,-1,Echolocation,/mnt/ubna_data_02_mir/recover-20220922/UBNA_001/20220921_090000.WAV,Telephone Field,recover-20220922,001,1795
1497.8185,1497.8547,68437,82040,Rhinolophus ferrumequinum,0.021,0.021,-1,Echolocation,/mnt/ubna_data_02_mir/recover-20220922/UBNA_001/20220921_090000.WAV,Telephone Field,recover-20220922,001,1795
1497.8305,1497.8696,68437,82308,Rhinolophus ferrumequinum,0.021,0.021,-1,Echolocation,/mnt/ubna_data_02_mir/recover-20220922/UBNA_001/20220921_090000.WAV,Telephone Field,recover-20220922,001,1795
1497.8325,1497.8408,47812,52787,Pipistrellus pipistrellus,0.021,0.022,-1,Echolocation,/mnt/ubna_data_02_mir/recover-20220922/UBNA_001/20220921_090000.WAV,Telephone Field,recover-20220922,001,1795
1497.8385,1497.8463,28046,42201,Eptesicus serotinus,0.01,0.027,-1,Echolocation,/mnt/ubna_data_02_mir/recover-20220922/UBNA_001/20220921_090000.WAV,Telephone Field,recover-20220922,001,1795
1497.8485,1497.8874,68437,81969,Rhinolophus ferrumequinum,0.022,0.022,-1,Echolocation,/mnt/ubna_data_02_mir/recover-20220922/UBNA_001/20220921_090000.WAV,Telephone Field,recover-20220922,001,1795
1497.8575,1497.8977,68437,82279,Rhinolophus ferrumequinum,0.023,0.023,-1,Echolocation,/mnt/ubna_data_02_mir/recover-20220922/UBNA_001/20220921_090000.WAV,Telephone Field,recover-20220922,001,1795
1497.9095,1497.9182,28046,39117,Eptesicus serotinus,0.01,0.025,-1,Echolocation,/mnt/ubna_data_02_mir/recover-20220922/UBNA_001/20220921_090000.WAV,Telephone Field,recover-20220922,001,1795
1497.9095,1497.951,68437,83399,Rhinolophus ferrumequinum,0.028,0.028,-1,Echolocation,/mnt/ubna_data_02_mir/recover-20220922/UBNA_001/20220921_090000.WAV,Telephone Field,recover-20220922,001,1795
1497.9595,1497.9679,27187,36642,Eptesicus serotinus,0.009,0.021,-1,Echolocation,/mnt/ubna_data_02_mir/recover-20220922/UBNA_001/20220921_090000.WAV,Telephone Field,recover-20220922,001,1795
1498.0015,1498.0336,68437,80430,Rhinolophus ferrumequinum,0.027,0.027,-1,Echolocation,/mnt/ubna_data_02_mir/recover-20220922/UBNA_001/20220921_090000.WAV,Telephone Field,recover-20220922,001,1795
1498.0015,1498.0168,57265,65807,Pipistrellus pygmaeus,0.02,0.022,-1,Echolocation,/mnt/ubna_data_02_mir/recover-20220922/UBNA_001/20220921_090000.WAV,Telephone Field,recover-20220922,001,1795
1498.0015,1498.0122,25468,31736,Nyctalus leisleri,0.025,0.054,-1,Echolocation,/mnt/ubna_data_02_mir/recover-20220922/UBNA_001/20220921_090000.WAV,Telephone Field,recover-20220922,001,1795
1498.0015,1498.0117,48671,55329,Pipistrellus pipistrellus,0.016,0.022,-1,Echolocation,/mnt/ubna_data_02_mir/recover-20220922/UBNA_001/20220921_090000.WAV,Telephone Field,recover-20220922,001,1795
1498.0015,1498.0107,52968,58786,Pipistrellus pygmaeus,0.017,0.023,-1,Echolocation,/mnt/ubna_data_02_mir/recover-20220922/UBNA_001/20220921_090000.WAV,Telephone Field,recover-20220922,001,1795
1498.0585,1498.0943,68437,81346,Rhinolophus ferrumequinum,0.022,0.022,-1,Echolocation,/mnt/ubna_data_02_mir/recover-20220922/UBNA_001/20220921_090000.WAV,Telephone Field,recover-20220922,001,1795
1498.0705,1498.1075,68437,81778,Rhinolophus ferrumequinum,0.023,0.023,-1,Echolocation,/mnt/ubna_data_02_mir/recover-20220922/UBNA_001/20220921_090000.WAV,Telephone Field,recover-20220922,001,1795
1498.1045,1498.1166,28046,35676,Eptesicus serotinus,0.017,0.029,-1,Echolocation,/mnt/ubna_data_02_mir/recover-20220922/UBNA_001/20220921_090000.WAV,Telephone Field,recover-20220922,001,1795
1498.2175,1498.2523,67578,78911,Rhinolophus ferrumequinum,0.022,0.023,-1,Echolocation,/mnt/ubna_data_02_mir/recover-20220922/UBNA_001/20220921_090000.WAV,Telephone Field,recover-20220922,001,1795
1498.2675,1498.275,28906,38134,Eptesicus serotinus,0.007,0.024,-1,Echolocation,/mnt/ubna_data_02_mir/recover-20220922/UBNA_001/20220921_090000.WAV,Telephone Field,recover-20220922,001,1795
1498.2745,1498.3167,68437,83132,Rhinolophus ferrumequinum,0.044,0.044,-1,Echolocation,/mnt/ubna_data_02_mir/recover-20220922/UBNA_001/20220921_090000.WAV,Telephone Field,recover-20220922,001,1795
1498.3075,1498.3495,68437,83329,Rhinolophus ferrumequinum,0.045,0.045,-1,Echolocation,/mnt/ubna_data_02_mir/recover-20220922/UBNA_001/20220921_090000.WAV,Telephone Field,recover-20220922,001,1795
1498.3105,1498.3185,23750,31853,Plecotus austriacus,0.015,0.038,-1,Echolocation,/mnt/ubna_data_02_mir/recover-20220922/UBNA_001/20220921_090000.WAV,Telephone Field,recover-20220922,001,1795
1498.3415,1498.3858,68437,83576,Rhinolophus ferrumequinum,0.031,0.031,-1,Echolocation,/mnt/ubna_data_02_mir/recover-20220922/UBNA_001/20220921_090000.WAV,Telephone Field,recover-20220922,001,1795
1498.3755,1498.3839,28046,38713,Eptesicus serotinus,0.009,0.024,-1,Echolocation,/mnt/ubna_data_02_mir/recover-20220922/UBNA_001/20220921_090000.WAV,Telephone Field,recover-20220922,001,1795
1498.3775,1498.4204,68437,82618,Rhinolophus ferrumequinum,0.034,0.034,-1,Echolocation,/mnt/ubna_data_02_mir/recover-20220922/UBNA_001/20220921_090000.WAV,Telephone Field,recover-20220922,001,1795
1498.4005,1498.4415,68437,82257,Rhinolophus ferrumequinum,0.022,0.022,-1,Echolocation,/mnt/ubna_data_02_mir/recover-20220922/UBNA_001/20220921_090000.WAV,Telephone Field,recover-20220922,001,1795
1498.4235,1498.4655,68437,82583,Rhinolophus ferrumequinum,0.028,0.028,-1,Echolocation,/mnt/ubna_data_02_mir/recover-20220922/UBNA_001/20220921_090000.WAV,Telephone Field,recover-20220922,001,1795
1498.4245,1498.4314,28046,39547,Eptesicus serotinus,0.007,0.03,-1,Echolocation,/mnt/ubna_data_02_mir/recover-20220922/UBNA_001/20220921_090000.WAV,Telephone Field,recover-20220922,001,1795
1498.4285,1498.4493,18593,22003,Nyctalus noctula,0.034,0.061,-1,Echolocation,/mnt/ubna_data_02_mir/recover-20220922/UBNA_001/20220921_090000.WAV,Telephone Field,recover-20220922,001,1795
1498.4915,1498.532,68437,82718,Rhinolophus ferrumequinum,0.024,0.024,-1,Echolocation,/mnt/ubna_data_02_mir/recover-20220922/UBNA_001/20220921_090000.WAV,Telephone Field,recover-20220922,001,1795
1498.5165,1498.5548,68437,82136,Rhinolophus ferrumequinum,0.023,0.023,-1,Echolocation,/mnt/ubna_data_02_mir/recover-20220922/UBNA_001/20220921_090000.WAV,Telephone Field,recover-20220922,001,1795
1498.5185,1498.5291,22890,28499,Nyctalus leisleri,0.01,0.024,-1,Echolocation,/mnt/ubna_data_02_mir/recover-20220922/UBNA_001/20220921_090000.WAV,Telephone Field,recover-20220922,001,1795
1498.5205,1498.5289,48671,55585,Pipistrellus pipistrellus,0.029,0.032,-1,Echolocation,/mnt/ubna_data_02_mir/recover-20220922/UBNA_001/20220921_090000.WAV,Telephone Field,recover-20220922,001,1795
1498.5255,1498.5446,18593,21634,Nyctalus noctula,0.011,0.023,-1,Echolocation,/mnt/ubna_data_02_mir/recover-20220922/UBNA_001/20220921_090000.WAV,Telephone Field,recover-20220922,001,1795
1498.5415,1498.5807,68437,82152,Rhinolophus ferrumequinum,0.022,0.022,-1,Echolocation,/mnt/ubna_data_02_mir/recover-20220922/UBNA_001/20220921_090000.WAV,Telephone Field,recover-20220922,001,1795
1498.5995,1498.6383,68437,82257,Rhinolophus ferrumequinum,0.024,0.024,-1,Echolocation,/mnt/ubna_data_02_mir/recover-20220922/UBNA_001/20220921_090000.WAV,Telephone Field,recover-20220922,001,1795
1498.6175,1498.6283,22890,27250,Nyctalus leisleri,0.012,0.023,-1,Echolocation,/mnt/ubna_data_02_mir/recover-20220922/UBNA_001/20220921_090000.WAV,Telephone Field,recover-20220922,001,1795
1498.6485,1498.688,68437,82293,Rhinolophus ferrumequinum,0.024,0.024,-1,Echolocation,/mnt/ubna_data_02_mir/recover-20220922/UBNA_001/20220921_090000.WAV,Telephone Field,recover-20220922,001,1795
1498.6635,1498.6713,28046,39405,Eptesicus serotinus,0.007,0.023,-1,Echolocation,/mnt/ubna_data_02_mir/recover-20220922/UBNA_001/20220921_090000.WAV,Telephone Field,recover-20220922,001,1795
1498.6735,1498.6842,24609,30449,Nyctalus leisleri,0.009,0.023,-1,Echolocation,/mnt/ubna_data_02_mir/recover-20220922/UBNA_001/20220921_090000.WAV,Telephone Field,recover-20220922,001,1795
1498.6895,1498.7297,68437,82616,Rhinolophus ferrumequinum,0.023,0.023,-1,Echolocation,/mnt/ubna_data_02_mir/recover-20220922/UBNA_001/20220921_090000.WAV,Telephone Field,recover-20220922,001,1795
1498.7565,1498.7951,68437,82139,Rhinolophus ferrumequinum,0.024,0.024,-1,Echolocation,/mnt/ubna_data_02_mir/recover-20220922/UBNA_001/20220921_090000.WAV,Telephone Field,recover-20220922,001,1795
1498.7635,1498.802,68437,82268,Rhinolophus ferrumequinum,0.022,0.022,-1,Echolocation,/mnt/ubna_data_02_mir/recover-20220922/UBNA_001/20220921_090000.WAV,Telephone Field,recover-20220922,001,1795
1498.7745,1498.8144,68437,82326,Rhinolophus ferrumequinum,0.022,0.022,-1,Echolocation,/mnt/ubna_data_02_mir/recover-20220922/UBNA_001/20220921_090000.WAV,Telephone Field,recover-20220922,001,1795
1498.7765,1498.7847,48671,53609,Pipistrellus pipistrellus,0.022,0.023,-1,Echolocation,/mnt/ubna_data_02_mir/recover-20220922/UBNA_001/20220921_090000.WAV,Telephone Field,recover-20220922,001,1795
1498.7925,1498.8023,28046,35728,Eptesicus serotinus,0.009,0.022,-1,Echolocation,/mnt/ubna_data_02_mir/recover-20220922/UBNA_001/20220921_090000.WAV,Telephone Field,recover-20220922,001,1795
1498.8175,1498.8533,68437,81643,Rhinolophus ferrumequinum,0.025,0.025,-1,Echolocation,/mnt/ubna_data_02_mir/recover-20220922/UBNA_001/20220921_090000.WAV,Telephone Field,recover-20220922,001,1795
1498.8415,1498.8484,28046,39146,Eptesicus serotinus,0.007,0.023,-1,Echolocation,/mnt/ubna_data_02_mir/recover-20220922/UBNA_001/20220921_090000.WAV,Telephone Field,recover-20220922,001,1795
1498.8425,1498.8525,45234,54870,Pipistrellus pipistrellus,0.016,0.023,-1,Echolocation,/mnt/ubna_data_02_mir/recover-20220922/UBNA_001/20220921_090000.WAV,Telephone Field,recover-20220922,001,1795
1498.8675,1498.9048,68437,81120,Rhinolophus ferrumequinum,0.024,0.024,-1,Echolocation,/mnt/ubna_data_02_mir/recover-20220922/UBNA_001/20220921_090000.WAV,Telephone Field,recover-20220922,001,1795
1498.8755,1498.9133,68437,81781,Rhinolophus ferrumequinum,0.022,0.022,-1,Echolocation,/mnt/ubna_data_02_mir/recover-20220922/UBNA_001/20220921_090000.WAV,Telephone Field,recover-20220922,001,1795
1498.9045,1498.9421,68437,81700,Rhinolophus ferrumequinum,0.022,0.022,-1,Echolocation,/mnt/ubna_data_02_mir/recover-20220922/UBNA_001/20220921_090000.WAV,Telephone Field,recover-20220922,001,1795
1498.9125,1498.9351,16875,20150,Nyctalus noctula,0.038,0.055,-1,Echolocation,/mnt/ubna_data_02_mir/recover-20220922/UBNA_001/20220921_090000.WAV,Telephone Field,recover-20220922,001,1795
1498.9565,1498.977,18593,21676,Nyctalus noctula,0.016,0.027,-1,Echolocation,/mnt/ubna_data_02_mir/recover-20220922/UBNA_001/20220921_090000.WAV,Telephone Field,recover-20220922,001,1795
1498.9585,1498.9958,68437,81469,Rhinolophus ferrumequinum,0.022,0.023,-1,Echolocation,/mnt/ubna_data_02_mir/recover-20220922/UBNA_001/20220921_090000.WAV,Telephone Field,recover-20220922,001,1795
1498.9795,1499.0185,68437,82119,Rhinolophus ferrumequinum,0.046,0.046,-1,Echolocation,/mnt/ubna_data_02_mir/recover-20220922/UBNA_001/20220921_090000.WAV,Telephone Field,recover-20220922,001,1795
1499.0275,1499.0661,68437,81275,Rhinolophus ferrumequinum,0.032,0.032,-1,Echolocation,/mnt/ubna_data_02_mir/recover-20220922/UBNA_001/20220921_090000.WAV,Telephone Field,recover-20220922,001,1795
1499.0595,1499.0998,68437,82668,Rhinolophus ferrumequinum,0.022,0.022,-1,Echolocation,/mnt/ubna_data_02_mir/recover-20220922/UBNA_001/20220921_090000.WAV,Telephone Field,recover-20220922,001,1795
1499.0745,1499.1135,68437,82513,Rhinolophus ferrumequinum,0.026,0.026,-1,Echolocation,/mnt/ubna_data_02_mir/recover-20220922/UBNA_001/20220921_090000.WAV,Telephone Field,recover-20220922,001,1795
1499.1425,1499.153,26328,33640,Eptesicus serotinus,0.01,0.023,-1,Echolocation,/mnt/ubna_data_02_mir/recover-20220922/UBNA_001/20220921_090000.WAV,Telephone Field,recover-20220922,001,1795
1499.1635,1499.1714,28046,38724,Eptesicus serotinus,0.008,0.023,-1,Echolocation,/mnt/ubna_data_02_mir/recover-20220922/UBNA_001/20220921_090000.WAV,Telephone Field,recover-20220922,001,1795
1499.3145,1499.3534,68437,82378,Rhinolophus ferrumequinum,0.024,0.024,-1,Echolocation,/mnt/ubna_data_02_mir/recover-20220922/UBNA_001/20220921_090000.WAV,Telephone Field,recover-20220922,001,1795
1499.3185,1499.3261,27187,39972,Eptesicus serotinus,0.006,0.023,-1,Echolocation,/mnt/ubna_data_02_mir/recover-20220922/UBNA_001/20220921_090000.WAV,Telephone Field,recover-20220922,001,1795
1499.3195,1499.3258,43515,49677,Pipistrellus pipistrellus,0.031,0.036,-1,Echolocation,/mnt/ubna_data_02_mir/recover-20220922/UBNA_001/20220921_090000.WAV,Telephone Field,recover-20220922,001,1795
1499.3405,1499.3765,68437,82090,Rhinolophus ferrumequinum,0.023,0.023,-1,Echolocation,/mnt/ubna_data_02_mir/recover-20220922/UBNA_001/20220921_090000.WAV,Telephone Field,recover-20220922,001,1795
1499.3585,1499.3975,68437,82303,Rhinolophus ferrumequinum,0.024,0.024,-1,Echolocation,/mnt/ubna_data_02_mir/recover-20220922/UBNA_001/20220921_090000.WAV,Telephone Field,recover-20220922,001,1795
1499.3585,1499.3672,28046,38203,Eptesicus serotinus,0.01,0.028,-1,Echolocation,/mnt/ubna_data_02_mir/recover-20220922/UBNA_001/20220921_090000.WAV,Telephone Field,recover-20220922,001,1795
1499.3905,1499.3991,27187,42274,Eptesicus serotinus,0.008,0.022,-1,Echolocation,/mnt/ubna_data_02_mir/recover-20220922/UBNA_001/20220921_090000.WAV,Telephone Field,recover-20220922,001,1795
1499.3965,1499.4121,21171,24946,Nyctalus leisleri,0.014,0.025,-1,Echolocation,/mnt/ubna_data_02_mir/recover-20220922/UBNA_001/20220921_090000.WAV,Telephone Field,recover-20220922,001,1795
1499.4295,1499.4698,68437,82575,Rhinolophus ferrumequinum,0.022,0.022,-1,Echolocation,/mnt/ubna_data_02_mir/recover-20220922/UBNA_001/20220921_090000.WAV,Telephone Field,recover-20220922,001,1795
1499.4335,1499.4432,24609,32387,Nyctalus leisleri,0.007,0.023,-1,Echolocation,/mnt/ubna_data_02_mir/recover-20220922/UBNA_001/20220921_090000.WAV,Telephone Field,recover-20220922,001,1795
1499.4625,1499.5032,68437,81088,Rhinolophus ferrumequinum,0.026,0.026,-1,Echolocation,/mnt/ubna_data_02_mir/recover-20220922/UBNA_001/20220921_090000.WAV,Telephone Field,recover-20220922,001,1795
1499.4755,1499.4843,22890,29880,Plecotus austriacus,0.012,0.03,-1,Echolocation,/mnt/ubna_data_02_mir/recover-20220922/UBNA_001/20220921_090000.WAV,Telephone Field,recover-20220922,001,1795
1499.5165,1499.5237,28046,39683,Eptesicus serotinus,0.006,0.022,-1,Echolocation,/mnt/ubna_data_02_mir/recover-20220922/UBNA_001/20220921_090000.WAV,Telephone Field,recover-20220922,001,1795
1499.5335,1499.57,68437,81511,Rhinolophus ferrumequinum,0.024,0.024,-1,Echolocation,/mnt/ubna_data_02_mir/recover-20220922/UBNA_001/20220921_090000.WAV,Telephone Field,recover-20220922,001,1795
1499.5895,1499.6281,68437,81981,Rhinolophus ferrumequinum,0.022,0.023,-1,Echolocation,/mnt/ubna_data_02_mir/recover-20220922/UBNA_001/20220921_090000.WAV,Telephone Field,recover-20220922,001,1795
1499.5935,1499.6006,28906,38735,Eptesicus serotinus,0.035,0.068,-1,Echolocation,/mnt/ubna_data_02_mir/recover-20220922/UBNA_001/20220921_090000.WAV,Telephone Field,recover-20220922,001,1795
1499.6115,1499.6485,68437,81623,Rhinolophus ferrumequinum,0.022,0.022,-1,Echolocation,/mnt/ubna_data_02_mir/recover-20220922/UBNA_001/20220921_090000.WAV,Telephone Field,recover-20220922,001,1795
1499.6205,1499.6606,68437,82683,Rhinolophus ferrumequinum,0.023,0.023,-1,Echolocation,/mnt/ubna_data_02_mir/recover-20220922/UBNA_001/20220921_090000.WAV,Telephone Field,recover-20220922,001,1795
1499.6585,1499.7002,68437,82509,Rhinolophus ferrumequinum,0.028,0.028,-1,Echolocation,/mnt/ubna_data_02_mir/recover-20220922/UBNA_001/20220921_090000.WAV,Telephone Field,recover-20220922,001,1795
1499.6875,1499.7252,68437,81909,Rhinolophus ferrumequinum,0.022,0.022,-1,Echolocation,/mnt/ubna_data_02_mir/recover-20220922/UBNA_001/20220921_090000.WAV,Telephone Field,recover-20220922,001,1795
1499.6895,1499.6999,24609,30987,Nyctalus leisleri,0.009,0.025,-1,Echolocation,/mnt/ubna_data_02_mir/recover-20220922/UBNA_001/20220921_090000.WAV,Telephone Field,recover-20220922,001,1795
1499.6985,1499.7063,28046,37453,Eptesicus serotinus,0.008,0.024,-1,Echolocation,/mnt/ubna_data_02_mir/recover-20220922/UBNA_001/20220921_090000.WAV,Telephone Field,recover-20220922,001,1795
1499.7125,1499.7447,68437,80928,Rhinolophus ferrumequinum,0.026,0.027,-1,Echolocation,/mnt/ubna_data_02_mir/recover-20220922/UBNA_001/20220921_090000.WAV,Telephone Field,recover-20220922,001,1795
1499.7145,1499.7236,28046,38508,Eptesicus serotinus,0.008,0.023,-1,Echolocation,/mnt/ubna_data_02_mir/recover-20220922/UBNA_001/20220921_090000.WAV,Telephone Field,recover-20220922,001,1795
1499.7225,1499.7325,14296,20328,Nyctalus noctula,0.013,0.025,-1,Echolocation,/mnt/ubna_data_02_mir/recover-20220922/UBNA_001/20220921_090000.WAV,Telephone Field,recover-20220922,001,1795
1499.7235,1499.7612,68437,81199,Rhinolophus ferrumequinum,0.023,0.023,-1,Echolocation,/mnt/ubna_data_02_mir/recover-20220922/UBNA_001/20220921_090000.WAV,Telephone Field,recover-20220922,001,1795
1499.7545,1499.7929,68437,82820,Rhinolophus ferrumequinum,0.022,0.022,-1,Echolocation,/mnt/ubna_data_02_mir/recover-20220922/UBNA_001/20220921_090000.WAV,Telephone Field,recover-20220922,001,1795
1499.7725,1499.8117,68437,82251,Rhinolophus ferrumequinum,0.023,0.023,-1,Echolocation,/mnt/ubna_data_02_mir/recover-20220922/UBNA_001/20220921_090000.WAV,Telephone Field,recover-20220922,001,1795
1499.8175,1499.8234,25468,36703,Plecotus austriacus,0.012,0.038,-1,Echolocation,/mnt/ubna_data_02_mir/recover-20220922/UBNA_001/20220921_090000.WAV,Telephone Field,recover-20220922,001,1795
1499.8775,1499.9117,68437,80071,Rhinolophus ferrumequinum,0.022,0.022,-1,Echolocation,/mnt/ubna_data_02_mir/recover-20220922/UBNA_001/20220921_090000.WAV,Telephone Field,recover-20220922,001,1795
1499.9145,1499.9526,68437,81772,Rhinolophus ferrumequinum,0.022,0.022,-1,Echolocation,/mnt/ubna_data_02_mir/recover-20220922/UBNA_001/20220921_090000.WAV,Telephone Field,recover-20220922,001,1795
1499.9325,1499.9411,28906,38146,Eptesicus serotinus,0.011,0.026,-1,Echolocation,/mnt/ubna_data_02_mir/recover-20220922/UBNA_001/20220921_090000.WAV,Telephone Field,recover-20220922,001,1795
1499.9875,1499.9966,28046,40134,Eptesicus serotinus,0.009,0.022,-1,Echolocation,/mnt/ubna_data_02_mir/recover-20220922/UBNA_001/20220921_090000.WAV,Telephone Field,recover-20220922,001,1795
1500.0015,1500.0157,19453,23892,Nyctalus leisleri,0.013,0.028,-1,Echolocation,/mnt/ubna_data_02_mir/recover-20220922/UBNA_001/20220921_090000.WAV,Telephone Field,recover-20220922,001,1795
1500.0015,1500.0335,69296,81147,Rhinolophus ferrumequinum,0.036,0.036,-1,Echolocation,/mnt/ubna_data_02_mir/recover-20220922/UBNA_001/20220921_090000.WAV,Telephone Field,recover-20220922,001,1795
1500.0365,1500.0784,68437,82903,Rhinolophus ferrumequinum,0.029,0.029,-1,Echolocation,/mnt/ubna_data_02_mir/recover-20220922/UBNA_001/20220921_090000.WAV,Telephone Field,recover-20220922,001,1795
1500.0435,1500.052,28046,39291,Eptesicus serotinus,0.01,0.025,-1,Echolocation,/mnt/ubna_data_02_mir/recover-20220922/UBNA_001/20220921_090000.WAV,Telephone Field,recover-20220922,001,1795
1500.0545,1500.0895,68437,81031,Rhinolophus ferrumequinum,0.022,0.023,-1,Echolocation,/mnt/ubna_data_02_mir/recover-20220922/UBNA_001/20220921_090000.WAV,Telephone Field,recover-20220922,001,1795
1500.0625,1500.1015,68437,81948,Rhinolophus ferrumequinum,0.022,0.022,-1,Echolocation,/mnt/ubna_data_02_mir/recover-20220922/UBNA_001/20220921_090000.WAV,Telephone Field,recover-20220922,001,1795
1500.0785,1500.1152,68437,82360,Rhinolophus ferrumequinum,0.02,0.02,-1,Echolocation,/mnt/ubna_data_02_mir/recover-20220922/UBNA_001/20220921_090000.WAV,Telephone Field,recover-20220922,001,1795
1500.1045,1500.1443,68437,82756,Rhinolophus ferrumequinum,0.022,0.022,-1,Echolocation,/mnt/ubna_data_02_mir/recover-20220922/UBNA_001/20220921_090000.WAV,Telephone Field,recover-20220922,001,1795
1500.1415,1500.179,68437,81995,Rhinolophus ferrumequinum,0.021,0.021,-1,Echolocation,/mnt/ubna_data_02_mir/recover-20220922/UBNA_001/20220921_090000.WAV,Telephone Field,recover-20220922,001,1795
1500.1525,1500.1887,68437,81966,Rhinolophus ferrumequinum,0.021,0.021,-1,Echolocation,/mnt/ubna_data_02_mir/recover-20220922/UBNA_001/20220921_090000.WAV,Telephone Field,recover-20220922,001,1795
1500.1545,1500.1634,28046,36126,Eptesicus serotinus,0.008,0.021,-1,Echolocation,/mnt/ubna_data_02_mir/recover-20220922/UBNA_001/20220921_090000.WAV,Telephone Field,recover-20220922,001,1795
1500.1765,1500.2173,68437,82259,Rhinolophus ferrumequinum,0.021,0.021,-1,Echolocation,/mnt/ubna_data_02_mir/recover-20220922/UBNA_001/20220921_090000.WAV,Telephone Field,recover-20220922,001,1795
1500.1785,1500.1875,28906,36937,Eptesicus serotinus,0.007,0.02,-1,Echolocation,/mnt/ubna_data_02_mir/recover-20220922/UBNA_001/20220921_090000.WAV,Telephone Field,recover-20220922,001,1795
1500.1785,1500.1911,34062,38373,Pipistrellus nathusii,0.006,0.026,-1,Echolocation,/mnt/ubna_data_02_mir/recover-20220922/UBNA_001/20220921_090000.WAV,Telephone Field,recover-20220922,001,1795
1500.2165,1500.2583,68437,82888,Rhinolophus ferrumequinum,0.024,0.024,-1,Echolocation,/mnt/ubna_data_02_mir/recover-20220922/UBNA_001/20220921_090000.WAV,Telephone Field,recover-20220922,001,1795
1500.2625,1500.2713,27187,38386,Eptesicus serotinus,0.008,0.02,-1,Echolocation,/mnt/ubna_data_02_mir/recover-20220922/UBNA_001/20220921_090000.WAV,Telephone Field,recover-20220922,001,1795
1500.2925,1500.3316,68437,82062,Rhinolophus ferrumequinum,0.022,0.022,-1,Echolocation,/mnt/ubna_data_02_mir/recover-20220922/UBNA_001/20220921_090000.WAV,Telephone Field,recover-20220922,001,1795
1500.3015,1500.3394,68437,81670,Rhinolophus ferrumequinum,0.021,0.021,-1,Echolocation,/mnt/ubna_data_02_mir/recover-20220922/UBNA_001/20220921_090000.WAV,Telephone Field,recover-20220922,001,1795
1500.3215,1500.3592,68437,81915,Rhinolophus ferrumequinum,0.02,0.02,-1,Echolocation,/mnt/ubna_data_02_mir/recover-20220922/UBNA_001/20220921_090000.WAV,Telephone Field,recover-20220922,001,1795
1500.3725,1500.3833,28906,35158,Eptesicus serotinus,0.01,0.023,-1,Echolocation,/mnt/ubna_data_02_mir/recover-20220922/UBNA_001/20220921_090000.WAV,Telephone Field,recover-20220922,001,1795
1500.3835,1500.3895,51250,58791,Pipistrellus pipistrellus,0.019,0.024,-1,Echolocation,/mnt/ubna_data_02_mir/recover-20220922/UBNA_001/20220921_090000.WAV,Telephone Field,recover-20220922,001,1795
1500.4025,1500.4114,25468,33409,Eptesicus serotinus,0.009,0.023,-1,Echolocation,/mnt/ubna_data_02_mir/recover-20220922/UBNA_001/20220921_090000.WAV,Telephone Field,recover-20220922,001,1795
1500.4035,1500.4421,68437,81842,Rhinolophus ferrumequinum,0.022,0.022,-1,Echolocation,/mnt/ubna_data_02_mir/recover-20220922/UBNA_001/20220921_090000.WAV,Telephone Field,recover-20220922,001,1795
1500.4205,1500.46,68437,81638,Rhinolophus ferrumequinum,0.021,0.021,-1,Echolocation,/mnt/ubna_data_02_mir/recover-20220922/UBNA_001/20220921_090000.WAV,Telephone Field,recover-20220922,001,1795
1500.4375,1500.4764,68437,82468,Rhinolophus ferrumequinum,0.021,0.021,-1,Echolocation,/mnt/ubna_data_02_mir/recover-20220922/UBNA_001/20220921_090000.WAV,Telephone Field,recover-20220922,001,1795
1500.4655,1500.504,68437,82224,Rhinolophus ferrumequinum,0.023,0.023,-1,Echolocation,/mnt/ubna_data_02_mir/recover-20220922/UBNA_001/20220921_090000.WAV,Telephone Field,recover-20220922,001,1795
1500.4985,1500.5079,27187,35664,Eptesicus serotinus,0.028,0.05,-1,Echolocation,/mnt/ubna_data_02_mir/recover-20220922/UBNA_001/20220921_090000.WAV,Telephone Field,recover-20220922,001,1795
1500.5115,1500.5218,25468,32791,Eptesicus serotinus,0.01,0.023,-1,Echolocation,/mnt/ubna_data_02_mir/recover-20220922/UBNA_001/20220921_090000.WAV,Telephone Field,recover-20220922,001,1795
1500.5115,1500.5524,68437,82436,Rhinolophus ferrumequinum,0.029,0.03,-1,Echolocation,/mnt/ubna_data_02_mir/recover-20220922/UBNA_001/20220921_090000.WAV,Telephone Field,recover-20220922,001,1795
1500.5375,1500.5772,68437,82433,Rhinolophus ferrumequinum,0.021,0.021,-1,Echolocation,/mnt/ubna_data_02_mir/recover-20220922/UBNA_001/20220921_090000.WAV,Telephone Field,recover-20220922,001,1795
1500.5455,1500.5839,68437,81923,Rhinolophus ferrumequinum,0.023,0.023,-1,Echolocation,/mnt/ubna_data_02_mir/recover-20220922/UBNA_001/20220921_090000.WAV,Telephone Field,recover-20220922,001,1795
1500.5655,1500.6044,68437,82208,Rhinolophus ferrumequinum,0.02,0.02,-1,Echolocation,/mnt/ubna_data_02_mir/recover-20220922/UBNA_001/20220921_090000.WAV,Telephone Field,recover-20220922,001,1795
1500.5725,1500.5827,28046,35803,Eptesicus serotinus,0.009,0.021,-1,Echolocation,/mnt/ubna_data_02_mir/recover-20220922/UBNA_001/20220921_090000.WAV,Telephone Field,recover-20220922,001,1795
1500.5825,1500.5906,27187,40380,Eptesicus serotinus,0.008,0.022,-1,Echolocation,/mnt/ubna_data_02_mir/recover-20220922/UBNA_001/20220921_090000.WAV,Telephone Field,recover-20220922,001,1795
1500.6295,1500.6701,68437,82570,Rhinolophus ferrumequinum,0.022,0.022,-1,Echolocation,/mnt/ubna_data_02_mir/recover-20220922/UBNA_001/20220921_090000.WAV,Telephone Field,recover-20220922,001,1795
1500.6385,1500.6511,32343,37619,Eptesicus serotinus,0.008,0.026,-1,Echolocation,/mnt/ubna_data_02_mir/recover-20220922/UBNA_001/20220921_090000.WAV,Telephone Field,recover-20220922,001,1795
1500.6595,1500.6989,68437,83165,Rhinolophus ferrumequinum,0.028,0.028,-1,Echolocation,/mnt/ubna_data_02_mir/recover-20220922/UBNA_001/20220921_090000.WAV,Telephone Field,recover-20220922,001,1795
1500.7235,1500.7604,68437,81165,Rhinolophus ferrumequinum,0.021,0.021,-1,Echolocation,/mnt/ubna_data_02_mir/recover-20220922/UBNA_001/20220921_090000.WAV,Telephone Field,recover-20220922,001,1795
1500.7355,1500.7453,28046,36104,Eptesicus serotinus,0.009,0.022,-1,Echolocation,/mnt/ubna_data_02_mir/recover-20220922/UBNA_001/20220921_090000.WAV,Telephone Field,recover-20220922,001,1795
1500.7735,1500.808,68437,81477,Rhinolophus ferrumequinum,0.022,0.022,-1,Echolocation,/mnt/ubna_data_02_mir/recover-20220922/UBNA_001/20220921_090000.WAV,Telephone Field,recover-20220922,001,1795
1500.7905,1500.8322,68437,82758,Rhinolophus ferrumequinum,0.043,0.043,-1,Echolocation,/mnt/ubna_data_02_mir/recover-20220922/UBNA_001/20220921_090000.WAV,Telephone Field,recover-20220922,001,1795
1500.8375,1500.8507,23750,29416,Eptesicus serotinus,0.046,0.12,-1,Echolocation,/mnt/ubna_data_02_mir/recover-20220922/UBNA_001/20220921_090000.WAV,Telephone Field,recover-20220922,001,1795
1500.8905,1500.8979,23750,32889,Plecotus austriacus,0.011,0.025,-1,Echolocation,/mnt/ubna_data_02_mir/recover-20220922/UBNA_001/20220921_090000.WAV,Telephone Field,recover-20220922,001,1795
1500.9035,1500.9402,68437,81453,Rhinolophus ferrumequinum,0.02,0.02,-1,Echolocation,/mnt/ubna_data_02_mir/recover-20220922/UBNA_001/20220921_090000.WAV,Telephone Field,recover-20220922,001,1795
1500.9235,1500.9336,28046,36422,Eptesicus serotinus,0.013,0.026,-1,Echolocation,/mnt/ubna_data_02_mir/recover-20220922/UBNA_001/20220921_090000.WAV,Telephone Field,recover-20220922,001,1795
1500.9425,1500.9863,68437,83857,Rhinolophus ferrumequinum,0.032,0.032,-1,Echolocation,/mnt/ubna_data_02_mir/recover-20220922/UBNA_001/20220921_090000.WAV,Telephone Field,recover-20220922,001,1795
1500.9535,1500.962,28046,38155,Eptesicus serotinus,0.007,0.021,-1,Echolocation,/mnt/ubna_data_02_mir/recover-20220922/UBNA_001/20220921_090000.WAV,Telephone Field,recover-20220922,001,1795
1500.9725,1500.9862,22890,27584,Nyctalus leisleri,0.014,0.025,-1,Echolocation,/mnt/ubna_data_02_mir/recover-20220922/UBNA_001/20220921_090000.WAV,Telephone Field,recover-20220922,001,1795
1500.9765,1501.015,68437,81596,Rhinolophus ferrumequinum,0.023,0.023,-1,Echolocation,/mnt/ubna_data_02_mir/recover-20220922/UBNA_001/20220921_090000.WAV,Telephone Field,recover-20220922,001,1795
1500.9875,1501.026,68437,81679,Rhinolophus ferrumequinum,0.023,0.023,-1,Echolocation,/mnt/ubna_data_02_mir/recover-20220922/UBNA_001/20220921_090000.WAV,Telephone Field,recover-20220922,001,1795
1501.0345,1501.0714,68437,81666,Rhinolophus ferrumequinum,0.021,0.021,-1,Echolocation,/mnt/ubna_data_02_mir/recover-20220922/UBNA_001/20220921_090000.WAV,Telephone Field,recover-20220922,001,1795
1501.0825,1501.1256,68437,82479,Rhinolophus ferrumequinum,0.032,0.032,-1,Echolocation,/mnt/ubna_data_02_mir/recover-20220922/UBNA_001/20220921_090000.WAV,Telephone Field,recover-20220922,001,1795
1501.0825,1501.0916,26328,33827,Eptesicus serotinus,0.008,0.022,-1,Echolocation,/mnt/ubna_data_02_mir/recover-20220922/UBNA_001/20220921_090000.WAV,Telephone Field,recover-20220922,001,1795
1501.1765,1501.1867,28046,35448,Eptesicus serotinus,0.015,0.03,-1,Echolocation,/mnt/ubna_data_02_mir/recover-20220922/UBNA_001/20220921_090000.WAV,Telephone Field,recover-20220922,001,1795
1501.1925,1501.2029,26328,33743,Eptesicus serotinus,0.012,0.023,-1,Echolocation,/mnt/ubna_data_02_mir/recover-20220922/UBNA_001/20220921_090000.WAV,Telephone Field,recover-20220922,001,1795
1501.2045,1501.2424,68437,81633,Rhinolophus ferrumequinum,0.023,0.023,-1,Echolocation,/mnt/ubna_data_02_mir/recover-20220922/UBNA_001/20220921_090000.WAV,Telephone Field,recover-20220922,001,1795
1501.2355,1501.2754,68437,82439,Rhinolophus ferrumequinum,0.023,0.023,-1,Echolocation,/mnt/ubna_data_02_mir/recover-20220922/UBNA_001/20220921_090000.WAV,Telephone Field,recover-20220922,001,1795
1501.2935,1501.3024,27187,35578,Eptesicus serotinus,0.009,0.021,-1,Echolocation,/mnt/ubna_data_02_mir/recover-20220922/UBNA_001/20220921_090000.WAV,Telephone Field,recover-20220922,001,1795
1501.2945,1501.305,22031,26850,Nyctalus leisleri,0.012,0.025,-1,Echolocation,/mnt/ubna_data_02_mir/recover-20220922/UBNA_001/20220921_090000.WAV,Telephone Field,recover-20220922,001,1795
1501.3535,1501.3613,28906,39041,Eptesicus serotinus,0.006,0.022,-1,Echolocation,/mnt/ubna_data_02_mir/recover-20220922/UBNA_001/20220921_090000.WAV,Telephone Field,recover-20220922,001,1795
1501.3555,1501.3954,68437,82041,Rhinolophus ferrumequinum,0.023,0.023,-1,Echolocation,/mnt/ubna_data_02_mir/recover-20220922/UBNA_001/20220921_090000.WAV,Telephone Field,recover-20220922,001,1795
1501.3675,1501.4076,68437,82059,Rhinolophus ferrumequinum,0.025,0.025,-1,Echolocation,/mnt/ubna_data_02_mir/recover-20220922/UBNA_001/20220921_090000.WAV,Telephone Field,recover-20220922,001,1795
1501.4375,1501.4466,28046,36597,Eptesicus serotinus,0.008,0.022,-1,Echolocation,/mnt/ubna_data_02_mir/recover-20220922/UBNA_001/20220921_090000.WAV,Telephone Field,recover-20220922,001,1795
1501.4885,1501.4997,23750,28721,Nyctalus leisleri,0.013,0.028,-1,Echolocation,/mnt/ubna_data_02_mir/recover-20220922/UBNA_001/20220921_090000.WAV,Telephone Field,recover-20220922,001,1795
1501.4925,1501.5268,68437,81525,Rhinolophus ferrumequinum,0.024,0.024,-1,Echolocation,/mnt/ubna_data_02_mir/recover-20220922/UBNA_001/20220921_090000.WAV,Telephone Field,recover-20220922,001,1795
1501.5055,1501.5157,22890,27981,Nyctalus leisleri,0.009,0.021,-1,Echolocation,/mnt/ubna_data_02_mir/recover-20220922/UBNA_001/20220921_090000.WAV,Telephone Field,recover-20220922,001,1795
1501.5185,1501.5582,68437,82464,Rhinolophus ferrumequinum,0.024,0.024,-1,Echolocation,/mnt/ubna_data_02_mir/recover-20220922/UBNA_001/20220921_090000.WAV,Telephone Field,recover-20220922,001,1795
1501.5815,1501.6173,68437,81883,Rhinolophus ferrumequinum,0.021,0.021,-1,Echolocation,/mnt/ubna_data_02_mir/recover-20220922/UBNA_001/20220921_090000.WAV,Telephone Field,recover-20220922,001,1795
1501.5885,1501.5966,44375,47915,Pipistrellus pipistrellus,0.022,0.023,-1,Echolocation,/mnt/ubna_data_02_mir/recover-20220922/UBNA_001/20220921_090000.WAV,Telephone Field,recover-20220922,001,1795
1501.5935,1501.6007,28906,38420,Eptesicus serotinus,0.007,0.027,-1,Echolocation,/mnt/ubna_data_02_mir/recover-20220922/UBNA_001/20220921_090000.WAV,Telephone Field,recover-20220922,001,1795
1501.6015,1501.6429,68437,82416,Rhinolophus ferrumequinum,0.021,0.021,-1,Echolocation,/mnt/ubna_data_02_mir/recover-20220922/UBNA_001/20220921_090000.WAV,Telephone Field,recover-20220922,001,1795
1501.6245,1501.6626,68437,81944,Rhinolophus ferrumequinum,0.021,0.021,-1,Echolocation,/mnt/ubna_data_02_mir/recover-20220922/UBNA_001/20220921_090000.WAV,Telephone Field,recover-20220922,001,1795
1501.6465,1501.6863,68437,81670,Rhinolophus ferrumequinum,0.022,0.022,-1,Echolocation,/mnt/ubna_data_02_mir/recover-20220922/UBNA_001/20220921_090000.WAV,Telephone Field,recover-20220922,001,1795
1501.6585,1501.6701,23750,29522,Nyctalus leisleri,0.015,0.032,-1,Echolocation,/mnt/ubna_data_02_mir/recover-20220922/UBNA_001/20220921_090000.WAV,Telephone Field,recover-20220922,001,1795
1501.6665,1501.7051,68437,81853,Rhinolophus ferrumequinum,0.021,0.021,-1,Echolocation,/mnt/ubna_data_02_mir/recover-20220922/UBNA_001/20220921_090000.WAV,Telephone Field,recover-20220922,001,1795
1501.6915,1501.7288,68437,81662,Rhinolophus ferrumequinum,0.023,0.023,-1,Echolocation,/mnt/ubna_data_02_mir/recover-20220922/UBNA_001/20220921_090000.WAV,Telephone Field,recover-20220922,001,1795
1501.6915,1501.7027,46093,50493,Pipistrellus pipistrellus,0.021,0.023,-1,Echolocation,/mnt/ubna_data_02_mir/recover-20220922/UBNA_001/20220921_090000.WAV,Telephone Field,recover-20220922,001,1795
1501.7145,1501.7529,68437,82078,Rhinolophus ferrumequinum,0.021,0.021,-1,Echolocation,/mnt/ubna_data_02_mir/recover-20220922/UBNA_001/20220921_090000.WAV,Telephone Field,recover-20220922,001,1795
1501.7155,1501.7222,28046,39056,Eptesicus serotinus,0.009,0.027,-1,Echolocation,/mnt/ubna_data_02_mir/recover-20220922/UBNA_001/20220921_090000.WAV,Telephone Field,recover-20220922,001,1795
1501.7265,1501.7633,68437,82108,Rhinolophus ferrumequinum,0.021,0.021,-1,Echolocation,/mnt/ubna_data_02_mir/recover-20220922/UBNA_001/20220921_090000.WAV,Telephone Field,recover-20220922,001,1795
1501.7385,1501.747,28046,41030,Eptesicus serotinus,0.007,0.021,-1,Echolocation,/mnt/ubna_data_02_mir/recover-20220922/UBNA_001/20220921_090000.WAV,Telephone Field,recover-20220922,001,1795
1501.7645,1501.7733,27187,38287,Eptesicus serotinus,0.008,0.022,-1,Echolocation,/mnt/ubna_data_02_mir/recover-20220922/UBNA_001/20220921_090000.WAV,Telephone Field,recover-20220922,001,1795
1501.7865,1501.828,68437,82782,Rhinolophus ferrumequinum,0.031,0.031,-1,Echolocation,/mnt/ubna_data_02_mir/recover-20220922/UBNA_001/20220921_090000.WAV,Telephone Field,recover-20220922,001,1795
1501.8345,1501.8709,68437,81652,Rhinolophus ferrumequinum,0.022,0.022,-1,Echolocation,/mnt/ubna_data_02_mir/recover-20220922/UBNA_001/20220921_090000.WAV,Telephone Field,recover-20220922,001,1795
1501.8615,1501.8715,28046,36727,Eptesicus serotinus,0.01,0.025,-1,Echolocation,/mnt/ubna_data_02_mir/recover-20220922/UBNA_001/20220921_090000.WAV,Telephone Field,recover-20220922,001,1795
1501.8795,1501.9184,68437,82301,Rhinolophus ferrumequinum,0.02,0.02,-1,Echolocation,/mnt/ubna_data_02_mir/recover-20220922/UBNA_001/20220921_090000.WAV,Telephone Field,recover-20220922,001,1795
1501.9045,1501.9126,26328,38106,Eptesicus serotinus,0.006,0.021,-1,Echolocation,/mnt/ubna_data_02_mir/recover-20220922/UBNA_001/20220921_090000.WAV,Telephone Field,recover-20220922,001,1795
1501.9375,1501.9735,68437,81295,Rhinolophus ferrumequinum,0.021,0.021,-1,Echolocation,/mnt/ubna_data_02_mir/recover-20220922/UBNA_001/20220921_090000.WAV,Telephone Field,recover-20220922,001,1795
1501.9455,1501.9813,68437,81130,Rhinolophus ferrumequinum,0.02,0.021,-1,Echolocation,/mnt/ubna_data_02_mir/recover-20220922/UBNA_001/20220921_090000.WAV,Telephone Field,recover-20220922,001,1795
1501.9585,1501.9653,26328,36090,Eptesicus serotinus,0.007,0.021,-1,Echolocation,/mnt/ubna_data_02_mir/recover-20220922/UBNA_001/20220921_090000.WAV,Telephone Field,recover-20220922,001,1795
1501.9595,1501.9879,68437,79323,Rhinolophus ferrumequinum,0.021,0.022,-1,Echolocation,/mnt/ubna_data_02_mir/recover-20220922/UBNA_001/20220921_090000.WAV,Telephone Field,recover-20220922,001,1795
1502.0015,1502.0309,68437,80465,Rhinolophus ferrumequinum,0.074,0.075,-1,Echolocation,/mnt/ubna_data_02_mir/recover-20220922/UBNA_001/20220921_090000.WAV,Telephone Field,recover-20220922,001,1795
1502.0015,1502.0106,23750,31951,Nyctalus leisleri,0.01,0.029,-1,Echolocation,/mnt/ubna_data_02_mir/recover-20220922/UBNA_001/20220921_090000.WAV,Telephone Field,recover-20220922,001,1795
1502.0155,1502.0553,68437,82315,Rhinolophus ferrumequinum,0.023,0.023,-1,Echolocation,/mnt/ubna_data_02_mir/recover-20220922/UBNA_001/20220921_090000.WAV,Telephone Field,recover-20220922,001,1795
1502.0165,1502.0345,19453,22254,Nyctalus leisleri,0.018,0.03,-1,Echolocation,/mnt/ubna_data_02_mir/recover-20220922/UBNA_001/20220921_090000.WAV,Telephone Field,recover-20220922,001,1795
1502.1185,1502.1499,68437,80905,Rhinolophus ferrumequinum,0.023,0.023,-1,Echolocation,/mnt/ubna_data_02_mir/recover-20220922/UBNA_001/20220921_090000.WAV,Telephone Field,recover-20220922,001,1795
1502.1315,1502.1701,68437,82006,Rhinolophus ferrumequinum,0.031,0.031,-1,Echolocation,/mnt/ubna_data_02_mir/recover-20220922/UBNA_001/20220921_090000.WAV,Telephone Field,recover-20220922,001,1795
1502.1475,1502.1548,23750,32496,Plecotus austriacus,0.008,0.021,-1,Echolocation,/mnt/ubna_data_02_mir/recover-20220922/UBNA_001/20220921_090000.WAV,Telephone Field,recover-20220922,001,1795
1502.1565,1502.1916,68437,81536,Rhinolophus ferrumequinum,0.027,0.027,-1,Echolocation,/mnt/ubna_data_02_mir/recover-20220922/UBNA_001/20220921_090000.WAV,Telephone Field,recover-20220922,001,1795
1502.1935,1502.2037,22890,29096,Nyctalus leisleri,0.009,0.022,-1,Echolocation,/mnt/ubna_data_02_mir/recover-20220922/UBNA_001/20220921_090000.WAV,Telephone Field,recover-20220922,001,1795
1502.2055,1502.2398,68437,81232,Rhinolophus ferrumequinum,0.022,0.022,-1,Echolocation,/mnt/ubna_data_02_mir/recover-20220922/UBNA_001/20220921_090000.WAV,Telephone Field,recover-20220922,001,1795
1502.2125,1502.2489,68437,81519,Rhinolophus ferrumequinum,0.023,0.023,-1,Echolocation,/mnt/ubna_data_02_mir/recover-20220922/UBNA_001/20220921_090000.WAV,Telephone Field,recover-20220922,001,1795
1502.2495,1502.2879,68437,81450,Rhinolophus ferrumequinum,0.024,0.024,-1,Echolocation,/mnt/ubna_data_02_mir/recover-20220922/UBNA_001/20220921_090000.WAV,Telephone Field,recover-20220922,001,1795
1502.2705,1502.3104,68437,82963,Rhinolophus ferrumequinum,0.029,0.029,-1,Echolocation,/mnt/ubna_data_02_mir/recover-20220922/UBNA_001/20220921_090000.WAV,Telephone Field,recover-20220922,001,1795
1502.2765,1502.2854,28046,37912,Eptesicus serotinus,0.007,0.022,-1,Echolocation,/mnt/ubna_data_02_mir/recover-20220922/UBNA_001/20220921_090000.WAV,Telephone Field,recover-20220922,001,1795
1502.2785,1502.3221,68437,83180,Rhinolophus ferrumequinum,0.027,0.027,-1,Echolocation,/mnt/ubna_data_02_mir/recover-20220922/UBNA_001/20220921_090000.WAV,Telephone Field,recover-20220922,001,1795
1502.3165,1502.3279,58125,63391,Pipistrellus pygmaeus,0.031,0.031,-1,Echolocation,/mnt/ubna_data_02_mir/recover-20220922/UBNA_001/20220921_090000.WAV,Telephone Field,recover-20220922,001,1795
1502.3415,1502.377,68437,80395,Rhinolophus ferrumequinum,0.023,0.023,-1,Echolocation,/mnt/ubna_data_02_mir/recover-20220922/UBNA_001/20220921_090000.WAV,Telephone Field,recover-20220922,001,1795
1502.3645,1502.4024,68437,81528,Rhinolophus ferrumequinum,0.026,0.026,-1,Echolocation,/mnt/ubna_data_02_mir/recover-20220922/UBNA_001/20220921_090000.WAV,Telephone Field,recover-20220922,001,1795
1502.3685,1502.3769,28046,43498,Eptesicus serotinus,0.012,0.033,-1,Echolocation,/mnt/ubna_data_02_mir/recover-20220922/UBNA_001/20220921_090000.WAV,Telephone Field,recover-20220922,001,1795
1502.3705,1502.3761,34921,42916,Myotis daubentonii,0.011,0.029,-1,Echolocation,/mnt/ubna_data_02_mir/recover-20220922/UBNA_001/20220921_090000.WAV,Telephone Field,recover-20220922,001,1795
1502.3935,1502.4347,68437,82801,Rhinolophus ferrumequinum,0.03,0.03,-1,Echolocation,/mnt/ubna_data_02_mir/recover-20220922/UBNA_001/20220921_090000.WAV,Telephone Field,recover-20220922,001,1795
1502.4115,1502.4493,68437,81876,Rhinolophus ferrumequinum,0.025,0.025,-1,Echolocation,/mnt/ubna_data_02_mir/recover-20220922/UBNA_001/20220921_090000.WAV,Telephone Field,recover-20220922,001,1795
1502.4465,1502.4918,68437,83712,Rhinolophus ferrumequinum,0.047,0.047,-1,Echolocation,/mnt/ubna_data_02_mir/recover-20220922/UBNA_001/20220921_090000.WAV,Telephone Field,recover-20220922,001,1795
1502.4515,1502.4587,23750,32855,Plecotus austriacus,0.012,0.025,-1,Echolocation,/mnt/ubna_data_02_mir/recover-20220922/UBNA_001/20220921_090000.WAV,Telephone Field,recover-20220922,001,1795
1502.5195,1502.528,25468,34282,Eptesicus serotinus,0.007,0.028,-1,Echolocation,/mnt/ubna_data_02_mir/recover-20220922/UBNA_001/20220921_090000.WAV,Telephone Field,recover-20220922,001,1795
1502.5785,1502.6201,68437,82636,Rhinolophus ferrumequinum,0.023,0.023,-1,Echolocation,/mnt/ubna_data_02_mir/recover-20220922/UBNA_001/20220921_090000.WAV,Telephone Field,recover-20220922,001,1795
1502.6015,1502.6435,68437,83136,Rhinolophus ferrumequinum,0.022,0.022,-1,Echolocation,/mnt/ubna_data_02_mir/recover-20220922/UBNA_001/20220921_090000.WAV,Telephone Field,recover-20220922,001,1795
1502.6475,1502.6868,68437,82319,Rhinolophus ferrumequinum,0.022,0.023,-1,Echolocation,/mnt/ubna_data_02_mir/recover-20220922/UBNA_001/20220921_090000.WAV,Telephone Field,recover-20220922,001,1795
1502.6595,1502.6661,28046,40659,Eptesicus serotinus,0.006,0.023,-1,Echolocation,/mnt/ubna_data_02_mir/recover-20220922/UBNA_001/20220921_090000.WAV,Telephone Field,recover-20220922,001,1795
1502.6685,1502.7083,68437,81479,Rhinolophus ferrumequinum,0.024,0.024,-1,Echolocation,/mnt/ubna_data_02_mir/recover-20220922/UBNA_001/20220921_090000.WAV,Telephone Field,recover-20220922,001,1795
1502.6775,1502.7183,68437,82948,Rhinolophus ferrumequinum,0.022,0.022,-1,Echolocation,/mnt/ubna_data_02_mir/recover-20220922/UBNA_001/20220921_090000.WAV,Telephone Field,recover-20220922,001,1795
1502.6955,1502.7347,68437,82488,Rhinolophus ferrumequinum,0.022,0.022,-1,Echolocation,/mnt/ubna_data_02_mir/recover-20220922/UBNA_001/20220921_090000.WAV,Telephone Field,recover-20220922,001,1795
1502.7195,1502.7295,22031,27391,Nyctalus leisleri,0.009,0.022,-1,Echolocation,/mnt/ubna_data_02_mir/recover-20220922/UBNA_001/20220921_090000.WAV,Telephone Field,recover-20220922,001,1795
1502.7625,1502.8016,68437,82500,Rhinolophus ferrumequinum,0.023,0.023,-1,Echolocation,/mnt/ubna_data_02_mir/recover-20220922/UBNA_001/20220921_090000.WAV,Telephone Field,recover-20220922,001,1795
1502.7695,1502.8061,68437,82283,Rhinolophus ferrumequinum,0.023,0.024,-1,Echolocation,/mnt/ubna_data_02_mir/recover-20220922/UBNA_001/20220921_090000.WAV,Telephone Field,recover-20220922,001,1795
1502.7995,1502.8093,28046,37657,Eptesicus serotinus,0.011,0.025,-1,Echolocation,/mnt/ubna_data_02_mir/recover-20220922/UBNA_001/20220921_090000.WAV,Telephone Field,recover-20220922,001,1795
1502.8215,1502.8304,28906,39296,Eptesicus serotinus,0.01,0.025,-1,Echolocation,/mnt/ubna_data_02_mir/recover-20220922/UBNA_001/20220921_090000.WAV,Telephone Field,recover-20220922,001,1795
1502.8275,1502.8658,68437,82659,Rhinolophus ferrumequinum,0.023,0.023,-1,Echolocation,/mnt/ubna_data_02_mir/recover-20220922/UBNA_001/20220921_090000.WAV,Telephone Field,recover-20220922,001,1795
1502.8495,1502.888,68437,81966,Rhinolophus ferrumequinum,0.023,0.023,-1,Echolocation,/mnt/ubna_data_02_mir/recover-20220922/UBNA_001/20220921_090000.WAV,Telephone Field,recover-20220922,001,1795
1502.8515,1502.8618,22890,28760,Nyctalus leisleri,0.011,0.027,-1,Echolocation,/mnt/ubna_data_02_mir/recover-20220922/UBNA_001/20220921_090000.WAV,Telephone Field,recover-20220922,001,1795
1502.8695,1502.8801,27187,35702,Eptesicus serotinus,0.01,0.022,-1,Echolocation,/mnt/ubna_data_02_mir/recover-20220922/UBNA_001/20220921_090000.WAV,Telephone Field,recover-20220922,001,1795
1502.8705,1502.9131,68437,82905,Rhinolophus ferrumequinum,0.043,0.043,-1,Echolocation,/mnt/ubna_data_02_mir/recover-20220922/UBNA_001/20220921_090000.WAV,Telephone Field,recover-20220922,001,1795
1502.9245,1502.9376,22890,27600,Nyctalus leisleri,0.027,0.046,-1,Echolocation,/mnt/ubna_data_02_mir/recover-20220922/UBNA_001/20220921_090000.WAV,Telephone Field,recover-20220922,001,1795
1502.9325,1502.9719,68437,82299,Rhinolophus ferrumequinum,0.023,0.023,-1,Echolocation,/mnt/ubna_data_02_mir/recover-20220922/UBNA_001/20220921_090000.WAV,Telephone Field,recover-20220922,001,1795
1502.9785,1502.9897,22031,26960,Nyctalus leisleri,0.011,0.023,-1,Echolocation,/mnt/ubna_data_02_mir/recover-20220922/UBNA_001/20220921_090000.WAV,Telephone Field,recover-20220922,001,1795
1502.9805,1502.9892,47812,55060,Pipistrellus pipistrellus,0.023,0.026,-1,Echolocation,/mnt/ubna_data_02_mir/recover-20220922/UBNA_001/20220921_090000.WAV,Telephone Field,recover-20220922,001,1795
1503.0265,1503.0653,68437,81705,Rhinolophus ferrumequinum,0.022,0.022,-1,Echolocation,/mnt/ubna_data_02_mir/recover-20220922/UBNA_001/20220921_090000.WAV,Telephone Field,recover-20220922,001,1795
1503.0605,1503.1025,68437,83173,Rhinolophus ferrumequinum,0.022,0.022,-1,Echolocation,/mnt/ubna_data_02_mir/recover-20220922/UBNA_001/20220921_090000.WAV,Telephone Field,recover-20220922,001,1795
1503.0945,1503.1302,68437,81233,Rhinolophus ferrumequinum,0.025,0.025,-1,Echolocation,/mnt/ubna_data_02_mir/recover-20220922/UBNA_001/20220921_090000.WAV,Telephone Field,recover-20220922,001,1795
1503.1025,1503.1095,27187,40777,Eptesicus serotinus,0.006,0.024,-1,Echolocation,/mnt/ubna_data_02_mir/recover-20220922/UBNA_001/20220921_090000.WAV,Telephone Field,recover-20220922,001,1795
1503.1175,1503.1275,25468,32726,Eptesicus serotinus,0.012,0.032,-1,Echolocation,/mnt/ubna_data_02_mir/recover-20220922/UBNA_001/20220921_090000.WAV,Telephone Field,recover-20220922,001,1795
1503.1535,1503.1899,68437,81486,Rhinolophus ferrumequinum,0.021,0.022,-1,Echolocation,/mnt/ubna_data_02_mir/recover-20220922/UBNA_001/20220921_090000.WAV,Telephone Field,recover-20220922,001,1795
1503.1615,1503.1716,22031,26973,Nyctalus leisleri,0.009,0.022,-1,Echolocation,/mnt/ubna_data_02_mir/recover-20220922/UBNA_001/20220921_090000.WAV,Telephone Field,recover-20220922,001,1795
1503.1755,1503.1839,48671,55704,Pipistrellus pipistrellus,0.022,0.023,-1,Echolocation,/mnt/ubna_data_02_mir/recover-20220922/UBNA_001/20220921_090000.WAV,Telephone Field,recover-20220922,001,1795
1503.1905,1503.1988,28906,38398,Eptesicus serotinus,0.01,0.027,-1,Echolocation,/mnt/ubna_data_02_mir/recover-20220922/UBNA_001/20220921_090000.WAV,Telephone Field,recover-20220922,001,1795
1503.2185,1503.2283,28906,36947,Eptesicus serotinus,0.019,0.039,-1,Echolocation,/mnt/ubna_data_02_mir/recover-20220922/UBNA_001/20220921_090000.WAV,Telephone Field,recover-20220922,001,1795
1503.2365,1503.2771,68437,82209,Rhinolophus ferrumequinum,0.022,0.022,-1,Echolocation,/mnt/ubna_data_02_mir/recover-20220922/UBNA_001/20220921_090000.WAV,Telephone Field,recover-20220922,001,1795
1503.2645,1503.2969,68437,80049,Rhinolophus ferrumequinum,0.026,0.027,-1,Echolocation,/mnt/ubna_data_02_mir/recover-20220922/UBNA_001/20220921_090000.WAV,Telephone Field,recover-20220922,001,1795
1503.2865,1503.2987,23750,29181,Nyctalus leisleri,0.015,0.03,-1,Echolocation,/mnt/ubna_data_02_mir/recover-20220922/UBNA_001/20220921_090000.WAV,Telephone Field,recover-20220922,001,1795
1503.2875,1503.3293,68437,82856,Rhinolophus ferrumequinum,0.03,0.03,-1,Echolocation,/mnt/ubna_data_02_mir/recover-20220922/UBNA_001/20220921_090000.WAV,Telephone Field,recover-20220922,001,1795
1503.3425,1503.3513,28046,38391,Eptesicus serotinus,0.015,0.029,-1,Echolocation,/mnt/ubna_data_02_mir/recover-20220922/UBNA_001/20220921_090000.WAV,Telephone Field,recover-20220922,001,1795
1503.3445,1503.3541,51250,60058,Pipistrellus pipistrellus,0.027,0.035,-1,Echolocation,/mnt/ubna_data_02_mir/recover-20220922/UBNA_001/20220921_090000.WAV,Telephone Field,recover-20220922,001,1795
1503.3835,1503.3928,50390,54458,Pipistrellus pipistrellus,0.02,0.023,-1,Echolocation,/mnt/ubna_data_02_mir/recover-20220922/UBNA_001/20220921_090000.WAV,Telephone Field,recover-20220922,001,1795
1503.4085,1503.4475,68437,81588,Rhinolophus ferrumequinum,0.023,0.023,-1,Echolocation,/mnt/ubna_data_02_mir/recover-20220922/UBNA_001/20220921_090000.WAV,Telephone Field,recover-20220922,001,1795
1503.4125,1503.4237,22890,27550,Nyctalus leisleri,0.012,0.022,-1,Echolocation,/mnt/ubna_data_02_mir/recover-20220922/UBNA_001/20220921_090000.WAV,Telephone Field,recover-20220922,001,1795
1503.4415,1503.4748,68437,80474,Rhinolophus ferrumequinum,0.022,0.022,-1,Echolocation,/mnt/ubna_data_02_mir/recover-20220922/UBNA_001/20220921_090000.WAV,Telephone Field,recover-20220922,001,1795
1503.4615,1503.473,22031,26573,Nyctalus leisleri,0.012,0.023,-1,Echolocation,/mnt/ubna_data_02_mir/recover-20220922/UBNA_001/20220921_090000.WAV,Telephone Field,recover-20220922,001,1795
1503.4645,1503.4758,44375,49642,Pipistrellus pipistrellus,0.033,0.038,-1,Echolocation,/mnt/ubna_data_02_mir/recover-20220922/UBNA_001/20220921_090000.WAV,Telephone Field,recover-20220922,001,1795
1503.4885,1503.4969,23750,32087,Plecotus austriacus,0.007,0.022,-1,Echolocation,/mnt/ubna_data_02_mir/recover-20220922/UBNA_001/20220921_090000.WAV,Telephone Field,recover-20220922,001,1795
1503.4885,1503.5284,68437,82492,Rhinolophus ferrumequinum,0.022,0.022,-1,Echolocation,/mnt/ubna_data_02_mir/recover-20220922/UBNA_001/20220921_090000.WAV,Telephone Field,recover-20220922,001,1795
1503.5215,1503.5294,27187,40684,Eptesicus serotinus,0.008,0.023,-1,Echolocation,/mnt/ubna_data_02_mir/recover-20220922/UBNA_001/20220921_090000.WAV,Telephone Field,recover-20220922,001,1795
1503.5225,1503.5609,68437,82404,Rhinolophus ferrumequinum,0.023,0.023,-1,Echolocation,/mnt/ubna_data_02_mir/recover-20220922/UBNA_001/20220921_090000.WAV,Telephone Field,recover-20220922,001,1795
1503.5445,1503.5855,68437,82484,Rhinolophus ferrumequinum,0.032,0.032,-1,Echolocation,/mnt/ubna_data_02_mir/recover-20220922/UBNA_001/20220921_090000.WAV,Telephone Field,recover-20220922,001,1795
1503.5715,1503.5823,37500,44810,Pipistrellus nathusii,0.009,0.022,-1,Echolocation,/mnt/ubna_data_02_mir/recover-20220922/UBNA_001/20220921_090000.WAV,Telephone Field,recover-20220922,001,1795
1503.5725,1503.6133,68437,82738,Rhinolophus ferrumequinum,0.032,0.032,-1,Echolocation,/mnt/ubna_data_02_mir/recover-20220922/UBNA_001/20220921_090000.WAV,Telephone Field,recover-20220922,001,1795
1503.6065,1503.6445,68437,81884,Rhinolophus ferrumequinum,0.024,0.024,-1,Echolocation,/mnt/ubna_data_02_mir/recover-20220922/UBNA_001/20220921_090000.WAV,Telephone Field,recover-20220922,001,1795
1503.6395,1503.6513,22890,28536,Nyctalus leisleri,0.024,0.053,-1,Echolocation,/mnt/ubna_data_02_mir/recover-20220922/UBNA_001/20220921_090000.WAV,Telephone Field,recover-20220922,001,1795
1503.6405,1503.679,68437,81632,Rhinolophus ferrumequinum,0.028,0.028,-1,Echolocation,/mnt/ubna_data_02_mir/recover-20220922/UBNA_001/20220921_090000.WAV,Telephone Field,recover-20220922,001,1795
1503.6535,1503.6936,68437,82554,Rhinolophus ferrumequinum,0.04,0.04,-1,Echolocation,/mnt/ubna_data_02_mir/recover-20220922/UBNA_001/20220921_090000.WAV,Telephone Field,recover-20220922,001,1795
1503.6835,1503.7188,68437,81556,Rhinolophus ferrumequinum,0.022,0.022,-1,Echolocation,/mnt/ubna_data_02_mir/recover-20220922/UBNA_001/20220921_090000.WAV,Telephone Field,recover-20220922,001,1795
1503.7115,1503.7503,68437,82353,Rhinolophus ferrumequinum,0.028,0.028,-1,Echolocation,/mnt/ubna_data_02_mir/recover-20220922/UBNA_001/20220921_090000.WAV,Telephone Field,recover-20220922,001,1795
1503.7195,1503.7593,68437,82288,Rhinolophus ferrumequinum,0.025,0.025,-1,Echolocation,/mnt/ubna_data_02_mir/recover-20220922/UBNA_001/20220921_090000.WAV,Telephone Field,recover-20220922,001,1795
1503.7545,1503.7931,68437,82381,Rhinolophus ferrumequinum,0.029,0.029,-1,Echolocation,/mnt/ubna_data_02_mir/recover-20220922/UBNA_001/20220921_090000.WAV,Telephone Field,recover-20220922,001,1795
1503.7615,1503.7707,44375,50028,Pipistrellus pipistrellus,0.022,0.024,-1,Echolocation,/mnt/ubna_data_02_mir/recover-20220922/UBNA_001/20220921_090000.WAV,Telephone Field,recover-20220922,001,1795
1503.7765,1503.8127,68437,82118,Rhinolophus ferrumequinum,0.024,0.024,-1,Echolocation,/mnt/ubna_data_02_mir/recover-20220922/UBNA_001/20220921_090000.WAV,Telephone Field,recover-20220922,001,1795
1503.8055,1503.8464,68437,82559,Rhinolophus ferrumequinum,0.025,0.025,-1,Echolocation,/mnt/ubna_data_02_mir/recover-20220922/UBNA_001/20220921_090000.WAV,Telephone Field,recover-20220922,001,1795
1503.8115,1503.8222,35781,41731,Myotis daubentonii,0.005,0.024,-1,Echolocation,/mnt/ubna_data_02_mir/recover-20220922/UBNA_001/20220921_090000.WAV,Telephone Field,recover-20220922,001,1795
1503.8515,1503.8612,28906,36502,Eptesicus serotinus,0.014,0.029,-1,Echolocation,/mnt/ubna_data_02_mir/recover-20220922/UBNA_001/20220921_090000.WAV,Telephone Field,recover-20220922,001,1795
1503.8685,1503.9081,68437,82173,Rhinolophus ferrumequinum,0.022,0.022,-1,Echolocation,/mnt/ubna_data_02_mir/recover-20220922/UBNA_001/20220921_090000.WAV,Telephone Field,recover-20220922,001,1795
1503.8955,1503.9048,26328,35255,Eptesicus serotinus,0.009,0.022,-1,Echolocation,/mnt/ubna_data_02_mir/recover-20220922/UBNA_001/20220921_090000.WAV,Telephone Field,recover-20220922,001,1795
1503.8955,1503.9364,68437,82852,Rhinolophus ferrumequinum,0.025,0.025,-1,Echolocation,/mnt/ubna_data_02_mir/recover-20220922/UBNA_001/20220921_090000.WAV,Telephone Field,recover-20220922,001,1795
1503.9075,1503.9183,28906,36750,Eptesicus serotinus,0.011,0.022,-1,Echolocation,/mnt/ubna_data_02_mir/recover-20220922/UBNA_001/20220921_090000.WAV,Telephone Field,recover-20220922,001,1795
1503.9505,1503.9566,40078,53473,Myotis daubentonii,0.008,0.025,-1,Echolocation,/mnt/ubna_data_02_mir/recover-20220922/UBNA_001/20220921_090000.WAV,Telephone Field,recover-20220922,001,1795
1503.9585,1503.9672,28046,37285,Eptesicus serotinus,0.008,0.022,-1,Echolocation,/mnt/ubna_data_02_mir/recover-20220922/UBNA_001/20220921_090000.WAV,Telephone Field,recover-20220922,001,1795
1503.9695,1503.9772,26328,35448,Eptesicus serotinus,0.008,0.024,-1,Echolocation,/mnt/ubna_data_02_mir/recover-20220922/UBNA_001/20220921_090000.WAV,Telephone Field,recover-20220922,001,1795
1504.0015,1504.0331,69296,81275,Rhinolophus ferrumequinum,0.043,0.043,-1,Echolocation,/mnt/ubna_data_02_mir/recover-20220922/UBNA_001/20220921_090000.WAV,Telephone Field,recover-20220922,001,1795
1504.0015,1504.009,23750,32256,Nyctalus leisleri,0.006,0.023,-1,Echolocation,/mnt/ubna_data_02_mir/recover-20220922/UBNA_001/20220921_090000.WAV,Telephone Field,recover-20220922,001,1795
1504.0355,1504.0762,68437,82450,Rhinolophus ferrumequinum,0.021,0.021,-1,Echolocation,/mnt/ubna_data_02_mir/recover-20220922/UBNA_001/20220921_090000.WAV,Telephone Field,recover-20220922,001,1795
1504.0375,1504.047,28906,39319,Eptesicus serotinus,0.01,0.025,-1,Echolocation,/mnt/ubna_data_02_mir/recover-20220922/UBNA_001/20220921_090000.WAV,Telephone Field,recover-20220922,001,1795
1504.0675,1504.1068,68437,82427,Rhinolophus ferrumequinum,0.021,0.021,-1,Echolocation,/mnt/ubna_data_02_mir/recover-20220922/UBNA_001/20220921_090000.WAV,Telephone Field,recover-20220922,001,1795
1504.0935,1504.1297,68437,81436,Rhinolophus ferrumequinum,0.021,0.021,-1,Echolocation,/mnt/ubna_data_02_mir/recover-20220922/UBNA_001/20220921_090000.WAV,Telephone Field,recover-20220922,001,1795
1504.0995,1504.1093,28046,36573,Eptesicus serotinus,0.011,0.026,-1,Echolocation,/mnt/ubna_data_02_mir/recover-20220922/UBNA_001/20220921_090000.WAV,Telephone Field,recover-20220922,001,1795
1504.1345,1504.172,68437,81295,Rhinolophus ferrumequinum,0.025,0.025,-1,Echolocation,/mnt/ubna_data_02_mir/recover-20220922/UBNA_001/20220921_090000.WAV,Telephone Field,recover-20220922,001,1795
1504.1465,1504.185,68437,82044,Rhinolophus ferrumequinum,0.021,0.021,-1,Echolocation,/mnt/ubna_data_02_mir/recover-20220922/UBNA_001/20220921_090000.WAV,Telephone Field,recover-20220922,001,1795
1504.1535,1504.1619,28046,39433,Eptesicus serotinus,0.008,0.021,-1,Echolocation,/mnt/ubna_data_02_mir/recover-20220922/UBNA_001/20220921_090000.WAV,Telephone Field,recover-20220922,001,1795
1504.1555,1504.1954,68437,82838,Rhinolophus ferrumequinum,0.024,0.024,-1,Echolocation,/mnt/ubna_data_02_mir/recover-20220922/UBNA_001/20220921_090000.WAV,Telephone Field,recover-20220922,001,1795
1504.1685,1504.1853,23750,29207,Nyctalus leisleri,0.013,0.029,-1,Echolocation,/mnt/ubna_data_02_mir/recover-20220922/UBNA_001/20220921_090000.WAV,Telephone Field,recover-20220922,001,1795
1504.1785,1504.1897,23750,29302,Nyctalus leisleri,0.017,0.035,-1,Echolocation,/mnt/ubna_data_02_mir/recover-20220922/UBNA_001/20220921_090000.WAV,Telephone Field,recover-20220922,001,1795
1504.1805,1504.2182,68437,82329,Rhinolophus ferrumequinum,0.021,0.021,-1,Echolocation,/mnt/ubna_data_02_mir/recover-20220922/UBNA_001/20220921_090000.WAV,Telephone Field,recover-20220922,001,1795
1504.2105,1504.2439,68437,81112,Rhinolophus ferrumequinum,0.023,0.023,-1,Echolocation,/mnt/ubna_data_02_mir/recover-20220922/UBNA_001/20220921_090000.WAV,Telephone Field,recover-20220922,001,1795
1504.2265,1504.2371,23750,29570,Nyctalus leisleri,0.009,0.021,-1,Echolocation,/mnt/ubna_data_02_mir/recover-20220922/UBNA_001/20220921_090000.WAV,Telephone Field,recover-20220922,001,1795
1504.2485,1504.2883,68437,82422,Rhinolophus ferrumequinum,0.023,0.023,-1,Echolocation,/mnt/ubna_data_02_mir/recover-20220922/UBNA_001/20220921_090000.WAV,Telephone Field,recover-20220922,001,1795
1504.2545,1504.2611,26328,36356,Plecotus auritus,0.007,0.027,-1,Echolocation,/mnt/ubna_data_02_mir/recover-20220922/UBNA_001/20220921_090000.WAV,Telephone Field,recover-20220922,001,1795
1504.2625,1504.3006,68437,82880,Rhinolophus ferrumequinum,0.024,0.024,-1,Echolocation,/mnt/ubna_data_02_mir/recover-20220922/UBNA_001/20220921_090000.WAV,Telephone Field,recover-20220922,001,1795
1504.2735,1504.2854,52968,57365,Pipistrellus pygmaeus,0.02,0.022,-1,Echolocation,/mnt/ubna_data_02_mir/recover-20220922/UBNA_001/20220921_090000.WAV,Telephone Field,recover-20220922,001,1795
1504.2805,1504.291,25468,32026,Eptesicus serotinus,0.008,0.021,-1,Echolocation,/mnt/ubna_data_02_mir/recover-20220922/UBNA_001/20220921_090000.WAV,Telephone Field,recover-20220922,001,1795
1504.3185,1504.356,68437,81685,Rhinolophus ferrumequinum,0.023,0.023,-1,Echolocation,/mnt/ubna_data_02_mir/recover-20220922/UBNA_001/20220921_090000.WAV,Telephone Field,recover-20220922,001,1795
1504.3395,1504.3774,68437,81297,Rhinolophus ferrumequinum,0.023,0.023,-1,Echolocation,/mnt/ubna_data_02_mir/recover-20220922/UBNA_001/20220921_090000.WAV,Telephone Field,recover-20220922,001,1795
1504.3485,1504.3553,28046,40244,Eptesicus serotinus,0.006,0.022,-1,Echolocation,/mnt/ubna_data_02_mir/recover-20220922/UBNA_001/20220921_090000.WAV,Telephone Field,recover-20220922,001,1795
1504.3675,1504.4038,68437,80897,Rhinolophus ferrumequinum,0.022,0.022,-1,Echolocation,/mnt/ubna_data_02_mir/recover-20220922/UBNA_001/20220921_090000.WAV,Telephone Field,recover-20220922,001,1795
1504.3785,1504.4176,68437,82460,Rhinolophus ferrumequinum,0.028,0.028,-1,Echolocation,/mnt/ubna_data_02_mir/recover-20220922/UBNA_001/20220921_090000.WAV,Telephone Field,recover-20220922,001,1795
1504.3965,1504.405,27187,36871,Eptesicus serotinus,0.007,0.022,-1,Echolocation,/mnt/ubna_data_02_mir/recover-20220922/UBNA_001/20220921_090000.WAV,Telephone Field,recover-20220922,001,1795
1504.4235,1504.4332,14296,24084,Nyctalus noctula,0.011,0.023,-1,Echolocation,/mnt/ubna_data_02_mir/recover-20220922/UBNA_001/20220921_090000.WAV,Telephone Field,recover-20220922,001,1795
1504.4255,1504.4626,68437,81822,Rhinolophus ferrumequinum,0.024,0.024,-1,Echolocation,/mnt/ubna_data_02_mir/recover-20220922/UBNA_001/20220921_090000.WAV,Telephone Field,recover-20220922,001,1795
1504.4665,1504.508,68437,82815,Rhinolophus ferrumequinum,0.031,0.031,-1,Echolocation,/mnt/ubna_data_02_mir/recover-20220922/UBNA_001/20220921_090000.WAV,Telephone Field,recover-20220922,001,1795
1504.4705,1504.478,28046,43662,Eptesicus serotinus,0.007,0.022,-1,Echolocation,/mnt/ubna_data_02_mir/recover-20220922/UBNA_001/20220921_090000.WAV,Telephone Field,recover-20220922,001,1795
1504.4865,1504.5251,68437,82033,Rhinolophus ferrumequinum,0.022,0.022,-1,Echolocation,/mnt/ubna_data_02_mir/recover-20220922/UBNA_001/20220921_090000.WAV,Telephone Field,recover-20220922,001,1795
1504.5825,1504.5896,23750,32015,Plecotus austriacus,0.009,0.022,-1,Echolocation,/mnt/ubna_data_02_mir/recover-20220922/UBNA_001/20220921_090000.WAV,Telephone Field,recover-20220922,001,1795
1504.6065,1504.6437,68437,81719,Rhinolophus ferrumequinum,0.023,0.023,-1,Echolocation,/mnt/ubna_data_02_mir/recover-20220922/UBNA_001/20220921_090000.WAV,Telephone Field,recover-20220922,001,1795
1504.6265,1504.6356,28046,37516,Eptesicus serotinus,0.008,0.021,-1,Echolocation,/mnt/ubna_data_02_mir/recover-20220922/UBNA_001/20220921_090000.WAV,Telephone Field,recover-20220922,001,1795
1504.6465,1504.653,28046,39614,Eptesicus serotinus,0.005,0.021,-1,Echolocation,/mnt/ubna_data_02_mir/recover-20220922/UBNA_001/20220921_090000.WAV,Telephone Field,recover-20220922,001,1795
1504.6865,1504.7257,68437,82664,Rhinolophus ferrumequinum,0.022,0.022,-1,Echolocation,/mnt/ubna_data_02_mir/recover-20220922/UBNA_001/20220921_090000.WAV,Telephone Field,recover-20220922,001,1795
1504.6885,1504.6984,22031,27517,Nyctalus leisleri,0.008,0.021,-1,Echolocation,/mnt/ubna_data_02_mir/recover-20220922/UBNA_001/20220921_090000.WAV,Telephone Field,recover-20220922,001,1795
1504.7115,1504.7223,22890,28570,Nyctalus leisleri,0.01,0.021,-1,Echolocation,/mnt/ubna_data_02_mir/recover-20220922/UBNA_001/20220921_090000.WAV,Telephone Field,recover-20220922,001,1795
1504.7385,1504.7811,68437,83204,Rhinolophus ferrumequinum,0.026,0.026,-1,Echolocation,/mnt/ubna_data_02_mir/recover-20220922/UBNA_001/20220921_090000.WAV,Telephone Field,recover-20220922,001,1795
1504.7415,1504.7514,23750,31787,Nyctalus leisleri,0.008,0.029,-1,Echolocation,/mnt/ubna_data_02_mir/recover-20220922/UBNA_001/20220921_090000.WAV,Telephone Field,recover-20220922,001,1795
1504.7525,1504.7647,28046,33759,Eptesicus serotinus,0.015,0.026,-1,Echolocation,/mnt/ubna_data_02_mir/recover-20220922/UBNA_001/20220921_090000.WAV,Telephone Field,recover-20220922,001,1795
1504.7635,1504.8046,68437,83030,Rhinolophus ferrumequinum,0.04,0.04,-1,Echolocation,/mnt/ubna_data_02_mir/recover-20220922/UBNA_001/20220921_090000.WAV,Telephone Field,recover-20220922,001,1795
1504.7815,1504.8227,68437,82569,Rhinolophus ferrumequinum,0.024,0.024,-1,Echolocation,/mnt/ubna_data_02_mir/recover-20220922/UBNA_001/20220921_090000.WAV,Telephone Field,recover-20220922,001,1795
1504.7815,1504.7905,28046,36256,Eptesicus serotinus,0.008,0.022,-1,Echolocation,/mnt/ubna_data_02_mir/recover-20220922/UBNA_001/20220921_090000.WAV,Telephone Field,recover-20220922,001,1795
1504.8095,1504.8481,68437,81765,Rhinolophus ferrumequinum,0.021,0.021,-1,Echolocation,/mnt/ubna_data_02_mir/recover-20220922/UBNA_001/20220921_090000.WAV,Telephone Field,recover-20220922,001,1795
1504.8285,1504.8684,68437,82257,Rhinolophus ferrumequinum,0.028,0.028,-1,Echolocation,/mnt/ubna_data_02_mir/recover-20220922/UBNA_001/20220921_090000.WAV,Telephone Field,recover-20220922,001,1795
1504.8635,1504.9016,68437,81998,Rhinolophus ferrumequinum,0.021,0.021,-1,Echolocation,/mnt/ubna_data_02_mir/recover-20220922/UBNA_001/20220921_090000.WAV,Telephone Field,recover-20220922,001,1795
1504.8695,1504.8782,23750,31389,Plecotus austriacus,0.006,0.02,-1,Echolocation,/mnt/ubna_data_02_mir/recover-20220922/UBNA_001/20220921_090000.WAV,Telephone Field,recover-20220922,001,1795
1504.9075,1504.9259,20312,23790,Nyctalus leisleri,0.016,0.029,-1,Echolocation,/mnt/ubna_data_02_mir/recover-20220922/UBNA_001/20220921_090000.WAV,Telephone Field,recover-20220922,001,1795
1504.9275,1504.937,28906,36949,Eptesicus serotinus,0.013,0.03,-1,Echolocation,/mnt/ubna_data_02_mir/recover-20220922/UBNA_001/20220921_090000.WAV,Telephone Field,recover-20220922,001,1795
1504.9665,1505.0045,68437,81880,Rhinolophus ferrumequinum,0.022,0.022,-1,Echolocation,/mnt/ubna_data_02_mir/recover-20220922/UBNA_001/20220921_090000.WAV,Telephone Field,recover-20220922,001,1795
1504.9755,1504.9868,22031,25661,Nyctalus leisleri,0.012,0.022,-1,Echolocation,/mnt/ubna_data_02_mir/recover-20220922/UBNA_001/20220921_090000.WAV,Telephone Field,recover-20220922,001,1795
1504.9875,1505.027,68437,82580,Rhinolophus ferrumequinum,0.022,0.022,-1,Echolocation,/mnt/ubna_data_02_mir/recover-20220922/UBNA_001/20220921_090000.WAV,Telephone Field,recover-20220922,001,1795
1504.9955,1505.0344,68437,81767,Rhinolophus ferrumequinum,0.022,0.022,-1,Echolocation,/mnt/ubna_data_02_mir/recover-20220922/UBNA_001/20220921_090000.WAV,Telephone Field,recover-20220922,001,1795
1505.0215,1505.03,28046,36458,Eptesicus serotinus,0.007,0.022,-1,Echolocation,/mnt/ubna_data_02_mir/recover-20220922/UBNA_001/20220921_090000.WAV,Telephone Field,recover-20220922,001,1795
1505.0235,1505.0614,68437,81772,Rhinolophus ferrumequinum,0.021,0.021,-1,Echolocation,/mnt/ubna_data_02_mir/recover-20220922/UBNA_001/20220921_090000.WAV,Telephone Field,recover-20220922,001,1795
1505.0385,1505.0764,68437,82313,Rhinolophus ferrumequinum,0.023,0.023,-1,Echolocation,/mnt/ubna_data_02_mir/recover-20220922/UBNA_001/20220921_090000.WAV,Telephone Field,recover-20220922,001,1795
1505.0445,1505.0817,68437,81757,Rhinolophus ferrumequinum,0.023,0.023,-1,Echolocation,/mnt/ubna_data_02_mir/recover-20220922/UBNA_001/20220921_090000.WAV,Telephone Field,recover-20220922,001,1795
1505.0495,1505.0606,22890,28166,Nyctalus leisleri,0.012,0.024,-1,Echolocation,/mnt/ubna_data_02_mir/recover-20220922/UBNA_001/20220921_090000.WAV,Telephone Field,recover-20220922,001,1795
1505.0805,1505.1188,68437,81868,Rhinolophus ferrumequinum,0.021,0.021,-1,Echolocation,/mnt/ubna_data_02_mir/recover-20220922/UBNA_001/20220921_090000.WAV,Telephone Field,recover-20220922,001,1795
1505.1065,1505.1133,47812,52088,Pipistrellus pipistrellus,0.026,0.028,-1,Echolocation,/mnt/ubna_data_02_mir/recover-20220922/UBNA_001/20220921_090000.WAV,Telephone Field,recover-20220922,001,1795
1505.1295,1505.1648,68437,81460,Rhinolophus ferrumequinum,0.022,0.022,-1,Echolocation,/mnt/ubna_data_02_mir/recover-20220922/UBNA_001/20220921_090000.WAV,Telephone Field,recover-20220922,001,1795
1505.1365,1505.1445,27187,36291,Eptesicus serotinus,0.011,0.026,-1,Echolocation,/mnt/ubna_data_02_mir/recover-20220922/UBNA_001/20220921_090000.WAV,Telephone Field,recover-20220922,001,1795
1505.1505,1505.1898,68437,82390,Rhinolophus ferrumequinum,0.021,0.021,-1,Echolocation,/mnt/ubna_data_02_mir/recover-20220922/UBNA_001/20220921_090000.WAV,Telephone Field,recover-20220922,001,1795
1505.1625,1505.1724,40937,45112,Pipistrellus nathusii,0.019,0.029,-1,Echolocation,/mnt/ubna_data_02_mir/recover-20220922/UBNA_001/20220921_090000.WAV,Telephone Field,recover-20220922,001,1795
1505.1665,1505.173,28046,40824,Eptesicus serotinus,0.005,0.022,-1,Echolocation,/mnt/ubna_data_02_mir/recover-20220922/UBNA_001/20220921_090000.WAV,Telephone Field,recover-20220922,001,1795
1505.1675,1505.1774,22031,27303,Nyctalus leisleri,0.008,0.021,-1,Echolocation,/mnt/ubna_data_02_mir/recover-20220922/UBNA_001/20220921_090000.WAV,Telephone Field,recover-20220922,001,1795
1505.2265,1505.2614,68437,81891,Rhinolophus ferrumequinum,0.023,0.023,-1,Echolocation,/mnt/ubna_data_02_mir/recover-20220922/UBNA_001/20220921_090000.WAV,Telephone Field,recover-20220922,001,1795
1505.2715,1505.3106,68437,82508,Rhinolophus ferrumequinum,0.023,0.023,-1,Echolocation,/mnt/ubna_data_02_mir/recover-20220922/UBNA_001/20220921_090000.WAV,Telephone Field,recover-20220922,001,1795
1505.2795,1505.317,68437,81916,Rhinolophus ferrumequinum,0.022,0.022,-1,Echolocation,/mnt/ubna_data_02_mir/recover-20220922/UBNA_001/20220921_090000.WAV,Telephone Field,recover-20220922,001,1795
1505.2885,1505.2955,22890,31291,Plecotus austriacus,0.012,0.024,-1,Echolocation,/mnt/ubna_data_02_mir/recover-20220922/UBNA_001/20220921_090000.WAV,Telephone Field,recover-20220922,001,1795
1505.3075,1505.3146,28906,37747,Eptesicus serotinus,0.007,0.023,-1,Echolocation,/mnt/ubna_data_02_mir/recover-20220922/UBNA_001/20220921_090000.WAV,Telephone Field,recover-20220922,001,1795
1505.3495,1505.3885,68437,82195,Rhinolophus ferrumequinum,0.025,0.025,-1,Echolocation,/mnt/ubna_data_02_mir/recover-20220922/UBNA_001/20220921_090000.WAV,Telephone Field,recover-20220922,001,1795
1505.3635,1505.3709,28046,35985,Eptesicus serotinus,0.015,0.036,-1,Echolocation,/mnt/ubna_data_02_mir/recover-20220922/UBNA_001/20220921_090000.WAV,Telephone Field,recover-20220922,001,1795
1505.3895,1505.4294,68437,82415,Rhinolophus ferrumequinum,0.025,0.025,-1,Echolocation,/mnt/ubna_data_02_mir/recover-20220922/UBNA_001/20220921_090000.WAV,Telephone Field,recover-20220922,001,1795
1505.4155,1505.4533,68437,81437,Rhinolophus ferrumequinum,0.023,0.023,-1,Echolocation,/mnt/ubna_data_02_mir/recover-20220922/UBNA_001/20220921_090000.WAV,Telephone Field,recover-20220922,001,1795
1505.4375,1505.4742,68437,81540,Rhinolophus ferrumequinum,0.022,0.022,-1,Echolocation,/mnt/ubna_data_02_mir/recover-20220922/UBNA_001/20220921_090000.WAV,Telephone Field,recover-20220922,001,1795
1505.4665,1505.4759,24609,32256,Eptesicus serotinus,0.008,0.023,-1,Echolocation,/mnt/ubna_data_02_mir/recover-20220922/UBNA_001/20220921_090000.WAV,Telephone Field,recover-20220922,001,1795
1505.4715,1505.514,68437,83037,Rhinolophus ferrumequinum,0.032,0.032,-1,Echolocation,/mnt/ubna_data_02_mir/recover-20220922/UBNA_001/20220921_090000.WAV,Telephone Field,recover-20220922,001,1795
1505.5095,1505.5506,68437,83093,Rhinolophus ferrumequinum,0.03,0.03,-1,Echolocation,/mnt/ubna_data_02_mir/recover-20220922/UBNA_001/20220921_090000.WAV,Telephone Field,recover-20220922,001,1795
1505.5125,1505.5222,27187,35543,Eptesicus serotinus,0.008,0.021,-1,Echolocation,/mnt/ubna_data_02_mir/recover-20220922/UBNA_001/20220921_090000.WAV,Telephone Field,recover-20220922,001,1795
1505.5415,1505.5485,34062,42546,Myotis daubentonii,0.008,0.026,-1,Echolocation,/mnt/ubna_data_02_mir/recover-20220922/UBNA_001/20220921_090000.WAV,Telephone Field,recover-20220922,001,1795
1505.5425,1505.5502,27187,40539,Eptesicus serotinus,0.008,0.024,-1,Echolocation,/mnt/ubna_data_02_mir/recover-20220922/UBNA_001/20220921_090000.WAV,Telephone Field,recover-20220922,001,1795
1505.5525,1505.5898,68437,82700,Rhinolophus ferrumequinum,0.022,0.022,-1,Echolocation,/mnt/ubna_data_02_mir/recover-20220922/UBNA_001/20220921_090000.WAV,Telephone Field,recover-20220922,001,1795
1505.5825,1505.5909,27187,38903,Eptesicus serotinus,0.007,0.021,-1,Echolocation,/mnt/ubna_data_02_mir/recover-20220922/UBNA_001/20220921_090000.WAV,Telephone Field,recover-20220922,001,1795
1505.6205,1505.6283,24609,32497,Plecotus austriacus,0.007,0.021,-1,Echolocation,/mnt/ubna_data_02_mir/recover-20220922/UBNA_001/20220921_090000.WAV,Telephone Field,recover-20220922,001,1795
1505.6345,1505.6741,68437,82314,Rhinolophus ferrumequinum,0.038,0.038,-1,Echolocation,/mnt/ubna_data_02_mir/recover-20220922/UBNA_001/20220921_090000.WAV,Telephone Field,recover-20220922,001,1795
1505.6345,1505.642,28046,37738,Eptesicus serotinus,0.008,0.027,-1,Echolocation,/mnt/ubna_data_02_mir/recover-20220922/UBNA_001/20220921_090000.WAV,Telephone Field,recover-20220922,001,1795
1505.6605,1505.6974,68437,81290,Rhinolophus ferrumequinum,0.022,0.022,-1,Echolocation,/mnt/ubna_data_02_mir/recover-20220922/UBNA_001/20220921_090000.WAV,Telephone Field,recover-20220922,001,1795
1505.6615,1505.6703,46093,52246,Pipistrellus pipistrellus,0.018,0.021,-1,Echolocation,/mnt/ubna_data_02_mir/recover-20220922/UBNA_001/20220921_090000.WAV,Telephone Field,recover-20220922,001,1795
1505.6785,1505.7166,68437,82505,Rhinolophus ferrumequinum,0.026,0.026,-1,Echolocation,/mnt/ubna_data_02_mir/recover-20220922/UBNA_001/20220921_090000.WAV,Telephone Field,recover-20220922,001,1795
1505.6795,1505.6907,23750,28470,Nyctalus leisleri,0.013,0.026,-1,Echolocation,/mnt/ubna_data_02_mir/recover-20220922/UBNA_001/20220921_090000.WAV,Telephone Field,recover-20220922,001,1795
1505.6835,1505.6923,49531,58527,Pipistrellus pipistrellus,0.018,0.022,-1,Echolocation,/mnt/ubna_data_02_mir/recover-20220922/UBNA_001/20220921_090000.WAV,Telephone Field,recover-20220922,001,1795
1505.7095,1505.7479,68437,82268,Rhinolophus ferrumequinum,0.023,0.024,-1,Echolocation,/mnt/ubna_data_02_mir/recover-20220922/UBNA_001/20220921_090000.WAV,Telephone Field,recover-20220922,001,1795
1505.7295,1505.7674,68437,82237,Rhinolophus ferrumequinum,0.021,0.021,-1,Echolocation,/mnt/ubna_data_02_mir/recover-20220922/UBNA_001/20220921_090000.WAV,Telephone Field,recover-20220922,001,1795
1505.7365,1505.7738,68437,81642,Rhinolophus ferrumequinum,0.021,0.021,-1,Echolocation,/mnt/ubna_data_02_mir/recover-20220922/UBNA_001/20220921_090000.WAV,Telephone Field,recover-20220922,001,1795
1505.7475,1505.7861,68437,82263,Rhinolophus ferrumequinum,0.031,0.031,-1,Echolocation,/mnt/ubna_data_02_mir/recover-20220922/UBNA_001/20220921_090000.WAV,Telephone Field,recover-20220922,001,1795
1505.7505,1505.7594,28906,38095,Eptesicus serotinus,0.009,0.026,-1,Echolocation,/mnt/ubna_data_02_mir/recover-20220922/UBNA_001/20220921_090000.WAV,Telephone Field,recover-20220922,001,1795
1505.7645,1505.8052,68437,82522,Rhinolophus ferrumequinum,0.029,0.029,-1,Echolocation,/mnt/ubna_data_02_mir/recover-20220922/UBNA_001/20220921_090000.WAV,Telephone Field,recover-20220922,001,1795
1505.7895,1505.7968,24609,34069,Plecotus austriacus,0.011,0.029,-1,Echolocation,/mnt/ubna_data_02_mir/recover-20220922/UBNA_001/20220921_090000.WAV,Telephone Field,recover-20220922,001,1795
1505.7975,1505.8327,68437,81720,Rhinolophus ferrumequinum,0.02,0.02,-1,Echolocation,/mnt/ubna_data_02_mir/recover-20220922/UBNA_001/20220921_090000.WAV,Telephone Field,recover-20220922,001,1795
1505.8025,1505.813,22031,25874,Nyctalus leisleri,0.013,0.022,-1,Echolocation,/mnt/ubna_data_02_mir/recover-20220922/UBNA_001/20220921_090000.WAV,Telephone Field,recover-20220922,001,1795
1505.8215,1505.8325,27187,34331,Eptesicus serotinus,0.015,0.031,-1,Echolocation,/mnt/ubna_data_02_mir/recover-20220922/UBNA_001/20220921_090000.WAV,Telephone Field,recover-20220922,001,1795
1505.8275,1505.8394,26328,31023,Nyctalus leisleri,0.014,0.032,-1,Echolocation,/mnt/ubna_data_02_mir/recover-20220922/UBNA_001/20220921_090000.WAV,Telephone Field,recover-20220922,001,1795
1505.8345,1505.8703,68437,82207,Rhinolophus ferrumequinum,0.023,0.023,-1,Echolocation,/mnt/ubna_data_02_mir/recover-20220922/UBNA_001/20220921_090000.WAV,Telephone Field,recover-20220922,001,1795
1505.8465,1505.8837,68437,82314,Rhinolophus ferrumequinum,0.022,0.022,-1,Echolocation,/mnt/ubna_data_02_mir/recover-20220922/UBNA_001/20220921_090000.WAV,Telephone Field,recover-20220922,001,1795
1505.8545,1505.8935,68437,82619,Rhinolophus ferrumequinum,0.021,0.021,-1,Echolocation,/mnt/ubna_data_02_mir/recover-20220922/UBNA_001/20220921_090000.WAV,Telephone Field,recover-20220922,001,1795
1505.8745,1505.8825,27187,36275,Eptesicus serotinus,0.01,0.027,-1,Echolocation,/mnt/ubna_data_02_mir/recover-20220922/UBNA_001/20220921_090000.WAV,Telephone Field,recover-20220922,001,1795
1505.8755,1505.9123,68437,82022,Rhinolophus ferrumequinum,0.02,0.02,-1,Echolocation,/mnt/ubna_data_02_mir/recover-20220922/UBNA_001/20220921_090000.WAV,Telephone Field,recover-20220922,001,1795
1505.9305,1505.9379,28906,37471,Eptesicus serotinus,0.008,0.025,-1,Echolocation,/mnt/ubna_data_02_mir/recover-20220922/UBNA_001/20220921_090000.WAV,Telephone Field,recover-20220922,001,1795
1505.9365,1505.9543,16875,21143,Nyctalus noctula,0.025,0.035,-1,Echolocation,/mnt/ubna_data_02_mir/recover-20220922/UBNA_001/20220921_090000.WAV,Telephone Field,recover-20220922,001,1795
1505.9875,1505.9968,26328,35675,Eptesicus serotinus,0.009,0.023,-1,Echolocation,/mnt/ubna_data_02_mir/recover-20220922/UBNA_001/20220921_090000.WAV,Telephone Field,recover-20220922,001,1795
1506.0015,1506.0109,46093,50467,Pipistrellus pipistrellus,0.018,0.023,-1,Echolocation,/mnt/ubna_data_02_mir/recover-20220922/UBNA_001/20220921_090000.WAV,Telephone Field,recover-20220922,001,1795
1506.0015,1506.0106,24609,32521,Nyctalus leisleri,0.009,0.029,-1,Echolocation,/mnt/ubna_data_02_mir/recover-20220922/UBNA_001/20220921_090000.WAV,Telephone Field,recover-20220922,001,1795
1506.0015,1506.0357,68437,79750,Rhinolophus ferrumequinum,0.03,0.03,-1,Echolocation,/mnt/ubna_data_02_mir/recover-20220922/UBNA_001/20220921_090000.WAV,Telephone Field,recover-20220922,001,1795
1506.0075,1506.0506,68437,81934,Rhinolophus ferrumequinum,0.022,0.022,-1,Echolocation,/mnt/ubna_data_02_mir/recover-20220922/UBNA_001/20220921_090000.WAV,Telephone Field,recover-20220922,001,1795
1506.0135,1506.0553,68437,83515,Rhinolophus ferrumequinum,0.022,0.022,-1,Echolocation,/mnt/ubna_data_02_mir/recover-20220922/UBNA_001/20220921_090000.WAV,Telephone Field,recover-20220922,001,1795
1506.0735,1506.0824,25468,33854,Eptesicus serotinus,0.007,0.021,-1,Echolocation,/mnt/ubna_data_02_mir/recover-20220922/UBNA_001/20220921_090000.WAV,Telephone Field,recover-20220922,001,1795
1506.1115,1506.1199,28046,38058,Eptesicus serotinus,0.009,0.024,-1,Echolocation,/mnt/ubna_data_02_mir/recover-20220922/UBNA_001/20220921_090000.WAV,Telephone Field,recover-20220922,001,1795
1506.1305,1506.1692,68437,81988,Rhinolophus ferrumequinum,0.022,0.022,-1,Echolocation,/mnt/ubna_data_02_mir/recover-20220922/UBNA_001/20220921_090000.WAV,Telephone Field,recover-20220922,001,1795
1506.1385,1506.1809,68437,82924,Rhinolophus ferrumequinum,0.024,0.024,-1,Echolocation,/mnt/ubna_data_02_mir/recover-20220922/UBNA_001/20220921_090000.WAV,Telephone Field,recover-20220922,001,1795
1506.1665,1506.2031,68437,81750,Rhinolophus ferrumequinum,0.022,0.022,-1,Echolocation,/mnt/ubna_data_02_mir/recover-20220922/UBNA_001/20220921_090000.WAV,Telephone Field,recover-20220922,001,1795
1506.1885,1506.2332,68437,83537,Rhinolophus ferrumequinum,0.036,0.036,-1,Echolocation,/mnt/ubna_data_02_mir/recover-20220922/UBNA_001/20220921_090000.WAV,Telephone Field,recover-20220922,001,1795
1506.2465,1506.2848,68437,82057,Rhinolophus ferrumequinum,0.024,0.024,-1,Echolocation,/mnt/ubna_data_02_mir/recover-20220922/UBNA_001/20220921_090000.WAV,Telephone Field,recover-20220922,001,1795
1506.2705,1506.3119,68437,82683,Rhinolophus ferrumequinum,0.027,0.027,-1,Echolocation,/mnt/ubna_data_02_mir/recover-20220922/UBNA_001/20220921_090000.WAV,Telephone Field,recover-20220922,001,1795
1506.2825,1506.3216,68437,81855,Rhinolophus ferrumequinum,0.024,0.024,-1,Echolocation,/mnt/ubna_data_02_mir/recover-20220922/UBNA_001/20220921_090000.WAV,Telephone Field,recover-20220922,001,1795
1506.3065,1506.3449,68437,82101,Rhinolophus ferrumequinum,0.021,0.021,-1,Echolocation,/mnt/ubna_data_02_mir/recover-20220922/UBNA_001/20220921_090000.WAV,Telephone Field,recover-20220922,001,1795
1506.3125,1506.323,22890,27962,Nyctalus leisleri,0.012,0.025,-1,Echolocation,/mnt/ubna_data_02_mir/recover-20220922/UBNA_001/20220921_090000.WAV,Telephone Field,recover-20220922,001,1795
1506.3195,1506.3581,68437,82570,Rhinolophus ferrumequinum,0.028,0.028,-1,Echolocation,/mnt/ubna_data_02_mir/recover-20220922/UBNA_001/20220921_090000.WAV,Telephone Field,recover-20220922,001,1795
1506.3255,1506.3364,22890,28248,Nyctalus leisleri,0.011,0.024,-1,Echolocation,/mnt/ubna_data_02_mir/recover-20220922/UBNA_001/20220921_090000.WAV,Telephone Field,recover-20220922,001,1795
1506.3395,1506.3793,68437,82326,Rhinolophus ferrumequinum,0.024,0.024,-1,Echolocation,/mnt/ubna_data_02_mir/recover-20220922/UBNA_001/20220921_090000.WAV,Telephone Field,recover-20220922,001,1795
1506.3445,1506.352,28046,41294,Eptesicus serotinus,0.008,0.024,-1,Echolocation,/mnt/ubna_data_02_mir/recover-20220922/UBNA_001/20220921_090000.WAV,Telephone Field,recover-20220922,001,1795
1506.3535,1506.3903,68437,82354,Rhinolophus ferrumequinum,0.024,0.024,-1,Echolocation,/mnt/ubna_data_02_mir/recover-20220922/UBNA_001/20220921_090000.WAV,Telephone Field,recover-20220922,001,1795
1506.3865,1506.4273,68437,82263,Rhinolophus ferrumequinum,0.026,0.026,-1,Echolocation,/mnt/ubna_data_02_mir/recover-20220922/UBNA_001/20220921_090000.WAV,Telephone Field,recover-20220922,001,1795
1506.4075,1506.4503,68437,82750,Rhinolophus ferrumequinum,0.024,0.024,-1,Echolocation,/mnt/ubna_data_02_mir/recover-20220922/UBNA_001/20220921_090000.WAV,Telephone Field,recover-20220922,001,1795
1506.4145,1506.4586,68437,83161,Rhinolophus ferrumequinum,0.024,0.024,-1,Echolocation,/mnt/ubna_data_02_mir/recover-20220922/UBNA_001/20220921_090000.WAV,Telephone Field,recover-20220922,001,1795
1506.4345,1506.4769,68437,82984,Rhinolophus ferrumequinum,0.025,0.025,-1,Echolocation,/mnt/ubna_data_02_mir/recover-20220922/UBNA_001/20220921_090000.WAV,Telephone Field,recover-20220922,001,1795
1506.4575,1506.4935,68437,81873,Rhinolophus ferrumequinum,0.022,0.022,-1,Echolocation,/mnt/ubna_data_02_mir/recover-20220922/UBNA_001/20220921_090000.WAV,Telephone Field,recover-20220922,001,1795
1506.4955,1506.5348,68437,81699,Rhinolophus ferrumequinum,0.024,0.024,-1,Echolocation,/mnt/ubna_data_02_mir/recover-20220922/UBNA_001/20220921_090000.WAV,Telephone Field,recover-20220922,001,1795
1506.5035,1506.512,49531,55493,Pipistrellus pipistrellus,0.021,0.025,-1,Echolocation,/mnt/ubna_data_02_mir/recover-20220922/UBNA_001/20220921_090000.WAV,Telephone Field,recover-20220922,001,1795
1506.5355,1506.5798,68437,83283,Rhinolophus ferrumequinum,0.03,0.03,-1,Echolocation,/mnt/ubna_data_02_mir/recover-20220922/UBNA_001/20220921_090000.WAV,Telephone Field,recover-20220922,001,1795
1506.5365,1506.5449,28906,43690,Eptesicus serotinus,0.007,0.021,-1,Echolocation,/mnt/ubna_data_02_mir/recover-20220922/UBNA_001/20220921_090000.WAV,Telephone Field,recover-20220922,001,1795
1506.5365,1506.5446,23750,31717,Plecotus austriacus,0.009,0.022,-1,Echolocation,/mnt/ubna_data_02_mir/recover-20220922/UBNA_001/20220921_090000.WAV,Telephone Field,recover-20220922,001,1795
1506.5765,1506.5852,26328,34650,Eptesicus serotinus,0.01,0.023,-1,Echolocation,/mnt/ubna_data_02_mir/recover-20220922/UBNA_001/20220921_090000.WAV,Telephone Field,recover-20220922,001,1795
1506.5765,1506.6154,68437,82093,Rhinolophus ferrumequinum,0.022,0.022,-1,Echolocation,/mnt/ubna_data_02_mir/recover-20220922/UBNA_001/20220921_090000.WAV,Telephone Field,recover-20220922,001,1795
1506.5835,1506.593,28046,36120,Eptesicus serotinus,0.009,0.022,-1,Echolocation,/mnt/ubna_data_02_mir/recover-20220922/UBNA_001/20220921_090000.WAV,Telephone Field,recover-20220922,001,1795
1506.6435,1506.654,46093,51457,Pipistrellus pipistrellus,0.024,0.026,-1,Echolocation,/mnt/ubna_data_02_mir/recover-20220922/UBNA_001/20220921_090000.WAV,Telephone Field,recover-20220922,001,1795
1506.6445,1506.6548,22031,27265,Nyctalus leisleri,0.01,0.025,-1,Echolocation,/mnt/ubna_data_02_mir/recover-20220922/UBNA_001/20220921_090000.WAV,Telephone Field,recover-20220922,001,1795
1506.6545,1506.664,49531,53398,Pipistrellus pipistrellus,0.019,0.023,-1,Echolocation,/mnt/ubna_data_02_mir/recover-20220922/UBNA_001/20220921_090000.WAV,Telephone Field,recover-20220922,001,1795
1506.6615,1506.7,68437,82086,Rhinolophus ferrumequinum,0.025,0.025,-1,Echolocation,/mnt/ubna_data_02_mir/recover-20220922/UBNA_001/20220921_090000.WAV,Telephone Field,recover-20220922,001,1795
1506.6885,1506.6974,28046,36842,Eptesicus serotinus,0.008,0.022,-1,Echolocation,/mnt/ubna_data_02_mir/recover-20220922/UBNA_001/20220921_090000.WAV,Telephone Field,recover-20220922,001,1795
1506.6955,1506.7314,68437,81122,Rhinolophus ferrumequinum,0.024,0.024,-1,Echolocation,/mnt/ubna_data_02_mir/recover-20220922/UBNA_001/20220921_090000.WAV,Telephone Field,recover-20220922,001,1795
1506.7045,1506.7418,68437,81375,Rhinolophus ferrumequinum,0.021,0.021,-1,Echolocation,/mnt/ubna_data_02_mir/recover-20220922/UBNA_001/20220921_090000.WAV,Telephone Field,recover-20220922,001,1795
1506.7185,1506.7292,28046,35462,Eptesicus serotinus,0.012,0.024,-1,Echolocation,/mnt/ubna_data_02_mir/recover-20220922/UBNA_001/20220921_090000.WAV,Telephone Field,recover-20220922,001,1795
1506.7365,1506.7422,34921,45952,Barbastellus barbastellus,0.009,0.029,-1,Echolocation,/mnt/ubna_data_02_mir/recover-20220922/UBNA_001/20220921_090000.WAV,Telephone Field,recover-20220922,001,1795
1506.7375,1506.7435,25468,44335,Myotis nattereri,0.008,0.029,-1,Echolocation,/mnt/ubna_data_02_mir/recover-20220922/UBNA_001/20220921_090000.WAV,Telephone Field,recover-20220922,001,1795
1506.7505,1506.7889,68437,82194,Rhinolophus ferrumequinum,0.023,0.023,-1,Echolocation,/mnt/ubna_data_02_mir/recover-20220922/UBNA_001/20220921_090000.WAV,Telephone Field,recover-20220922,001,1795
1506.8125,1506.8517,68437,82388,Rhinolophus ferrumequinum,0.023,0.023,-1,Echolocation,/mnt/ubna_data_02_mir/recover-20220922/UBNA_001/20220921_090000.WAV,Telephone Field,recover-20220922,001,1795
1506.8345,1506.8453,14296,20782,Nyctalus noctula,0.011,0.021,-1,Echolocation,/mnt/ubna_data_02_mir/recover-20220922/UBNA_001/20220921_090000.WAV,Telephone Field,recover-20220922,001,1795
1506.8395,1506.8789,68437,82235,Rhinolophus ferrumequinum,0.023,0.023,-1,Echolocation,/mnt/ubna_data_02_mir/recover-20220922/UBNA_001/20220921_090000.WAV,Telephone Field,recover-20220922,001,1795
1506.8415,1506.852,22031,27272,Nyctalus leisleri,0.009,0.022,-1,Echolocation,/mnt/ubna_data_02_mir/recover-20220922/UBNA_001/20220921_090000.WAV,Telephone Field,recover-20220922,001,1795
1506.8655,1506.9047,68437,82500,Rhinolophus ferrumequinum,0.024,0.024,-1,Echolocation,/mnt/ubna_data_02_mir/recover-20220922/UBNA_001/20220921_090000.WAV,Telephone Field,recover-20220922,001,1795
1506.8685,1506.8786,22031,27077,Nyctalus leisleri,0.009,0.022,-1,Echolocation,/mnt/ubna_data_02_mir/recover-20220922/UBNA_001/20220921_090000.WAV,Telephone Field,recover-20220922,001,1795
1506.8815,1506.8928,23750,29389,Nyctalus leisleri,0.012,0.026,-1,Echolocation,/mnt/ubna_data_02_mir/recover-20220922/UBNA_001/20220921_090000.WAV,Telephone Field,recover-20220922,001,1795
1506.8945,1506.9049,45234,48644,Pipistrellus pipistrellus,0.024,0.026,-1,Echolocation,/mnt/ubna_data_02_mir/recover-20220922/UBNA_001/20220921_090000.WAV,Telephone Field,recover-20220922,001,1795
1506.9475,1506.9872,68437,82718,Rhinolophus ferrumequinum,0.025,0.025,-1,Echolocation,/mnt/ubna_data_02_mir/recover-20220922/UBNA_001/20220921_090000.WAV,Telephone Field,recover-20220922,001,1795
1506.9835,1506.9922,25468,35574,Eptesicus serotinus,0.009,0.024,-1,Echolocation,/mnt/ubna_data_02_mir/recover-20220922/UBNA_001/20220921_090000.WAV,Telephone Field,recover-20220922,001,1795
1506.9965,1507.0065,28906,36929,Eptesicus serotinus,0.009,0.023,-1,Echolocation,/mnt/ubna_data_02_mir/recover-20220922/UBNA_001/20220921_090000.WAV,Telephone Field,recover-20220922,001,1795
1507.0055,1507.0435,68437,81840,Rhinolophus ferrumequinum,0.031,0.031,-1,Echolocation,/mnt/ubna_data_02_mir/recover-20220922/UBNA_001/20220921_090000.WAV,Telephone Field,recover-20220922,001,1795
1507.0375,1507.081,68437,82501,Rhinolophus ferrumequinum,0.028,0.028,-1,Echolocation,/mnt/ubna_data_02_mir/recover-20220922/UBNA_001/20220921_090000.WAV,Telephone Field,recover-20220922,001,1795
1507.0395,1507.0465,47812,54051,Pipistrellus pipistrellus,0.023,0.025,-1,Echolocation,/mnt/ubna_data_02_mir/recover-20220922/UBNA_001/20220921_090000.WAV,Telephone Field,recover-20220922,001,1795
1507.0635,1507.1043,68437,82621,Rhinolophus ferrumequinum,0.031,0.031,-1,Echolocation,/mnt/ubna_data_02_mir/recover-20220922/UBNA_001/20220921_090000.WAV,Telephone Field,recover-20220922,001,1795
1507.0665,1507.0753,28046,36949,Eptesicus serotinus,0.008,0.023,-1,Echolocation,/mnt/ubna_data_02_mir/recover-20220922/UBNA_001/20220921_090000.WAV,Telephone Field,recover-20220922,001,1795
1507.0805,1507.0915,23750,29021,Nyctalus leisleri,0.011,0.024,-1,Echolocation,/mnt/ubna_data_02_mir/recover-20220922/UBNA_001/20220921_090000.WAV,Telephone Field,recover-20220922,001,1795
1507.0885,1507.0958,28046,38968,Eptesicus serotinus,0.007,0.023,-1,Echolocation,/mnt/ubna_data_02_mir/recover-20220922/UBNA_001/20220921_090000.WAV,Telephone Field,recover-20220922,001,1795
1507.1145,1507.1584,68437,83656,Rhinolophus ferrumequinum,0.043,0.043,-1,Echolocation,/mnt/ubna_data_02_mir/recover-20220922/UBNA_001/20220921_090000.WAV,Telephone Field,recover-20220922,001,1795
1507.1275,1507.1661,68437,82136,Rhinolophus ferrumequinum,0.025,0.025,-1,Echolocation,/mnt/ubna_data_02_mir/recover-20220922/UBNA_001/20220921_090000.WAV,Telephone Field,recover-20220922,001,1795
1507.1305,1507.1388,27187,37504,Eptesicus serotinus,0.008,0.021,-1,Echolocation,/mnt/ubna_data_02_mir/recover-20220922/UBNA_001/20220921_090000.WAV,Telephone Field,recover-20220922,001,1795
1507.1415,1507.1776,68437,82068,Rhinolophus ferrumequinum,0.027,0.027,-1,Echolocation,/mnt/ubna_data_02_mir/recover-20220922/UBNA_001/20220921_090000.WAV,Telephone Field,recover-20220922,001,1795
1507.1475,1507.1885,68437,82788,Rhinolophus ferrumequinum,0.027,0.027,-1,Echolocation,/mnt/ubna_data_02_mir/recover-20220922/UBNA_001/20220921_090000.WAV,Telephone Field,recover-20220922,001,1795
1507.1825,1507.2244,68437,82753,Rhinolophus ferrumequinum,0.023,0.023,-1,Echolocation,/mnt/ubna_data_02_mir/recover-20220922/UBNA_001/20220921_090000.WAV,Telephone Field,recover-20220922,001,1795
1507.1855,1507.1912,55546,62413,Pipistrellus pygmaeus,0.02,0.022,-1,Echolocation,/mnt/ubna_data_02_mir/recover-20220922/UBNA_001/20220921_090000.WAV,Telephone Field,recover-20220922,001,1795
1507.2275,1507.2673,68437,82132,Rhinolophus ferrumequinum,0.024,0.024,-1,Echolocation,/mnt/ubna_data_02_mir/recover-20220922/UBNA_001/20220921_090000.WAV,Telephone Field,recover-20220922,001,1795
1507.2295,1507.2396,22890,29192,Nyctalus leisleri,0.009,0.023,-1,Echolocation,/mnt/ubna_data_02_mir/recover-20220922/UBNA_001/20220921_090000.WAV,Telephone Field,recover-20220922,001,1795
1507.2765,1507.3175,68437,82819,Rhinolophus ferrumequinum,0.024,0.024,-1,Echolocation,/mnt/ubna_data_02_mir/recover-20220922/UBNA_001/20220921_090000.WAV,Telephone Field,recover-20220922,001,1795
1507.3155,1507.3555,68437,82230,Rhinolophus ferrumequinum,0.022,0.022,-1,Echolocation,/mnt/ubna_data_02_mir/recover-20220922/UBNA_001/20220921_090000.WAV,Telephone Field,recover-20220922,001,1795
1507.3215,1507.3313,28046,36845,Eptesicus serotinus,0.011,0.025,-1,Echolocation,/mnt/ubna_data_02_mir/recover-20220922/UBNA_001/20220921_090000.WAV,Telephone Field,recover-20220922,001,1795
1507.3235,1507.3616,68437,81981,Rhinolophus ferrumequinum,0.022,0.022,-1,Echolocation,/mnt/ubna_data_02_mir/recover-20220922/UBNA_001/20220921_090000.WAV,Telephone Field,recover-20220922,001,1795
1507.3465,1507.3861,68437,82379,Rhinolophus ferrumequinum,0.047,0.047,-1,Echolocation,/mnt/ubna_data_02_mir/recover-20220922/UBNA_001/20220921_090000.WAV,Telephone Field,recover-20220922,001,1795
1507.3745,1507.3817,28046,40230,Eptesicus serotinus,0.007,0.023,-1,Echolocation,/mnt/ubna_data_02_mir/recover-20220922/UBNA_001/20220921_090000.WAV,Telephone Field,recover-20220922,001,1795
1507.3775,1507.4124,68437,81841,Rhinolophus ferrumequinum,0.022,0.022,-1,Echolocation,/mnt/ubna_data_02_mir/recover-20220922/UBNA_001/20220921_090000.WAV,Telephone Field,recover-20220922,001,1795
1507.3945,1507.4334,68437,81506,Rhinolophus ferrumequinum,0.024,0.024,-1,Echolocation,/mnt/ubna_data_02_mir/recover-20220922/UBNA_001/20220921_090000.WAV,Telephone Field,recover-20220922,001,1795
1507.4155,1507.4567,68437,82619,Rhinolophus ferrumequinum,0.026,0.026,-1,Echolocation,/mnt/ubna_data_02_mir/recover-20220922/UBNA_001/20220921_090000.WAV,Telephone Field,recover-20220922,001,1795
1507.4235,1507.4638,68437,82420,Rhinolophus ferrumequinum,0.022,0.022,-1,Echolocation,/mnt/ubna_data_02_mir/recover-20220922/UBNA_001/20220921_090000.WAV,Telephone Field,recover-20220922,001,1795
1507.4295,1507.4679,68437,81887,Rhinolophus ferrumequinum,0.022,0.022,-1,Echolocation,/mnt/ubna_data_02_mir/recover-20220922/UBNA_001/20220921_090000.WAV,Telephone Field,recover-20220922,001,1795
1507.4395,1507.4491,28046,35829,Eptesicus serotinus,0.011,0.023,-1,Echolocation,/mnt/ubna_data_02_mir/recover-20220922/UBNA_001/20220921_090000.WAV,Telephone Field,recover-20220922,001,1795
1507.4935,1507.5023,27187,39705,Eptesicus serotinus,0.008,0.022,-1,Echolocation,/mnt/ubna_data_02_mir/recover-20220922/UBNA_001/20220921_090000.WAV,Telephone Field,recover-20220922,001,1795
1507.5145,1507.5489,68437,80482,Rhinolophus ferrumequinum,0.022,0.022,-1,Echolocation,/mnt/ubna_data_02_mir/recover-20220922/UBNA_001/20220921_090000.WAV,Telephone Field,recover-20220922,001,1795
1507.5325,1507.5704,68437,81956,Rhinolophus ferrumequinum,0.021,0.021,-1,Echolocation,/mnt/ubna_data_02_mir/recover-20220922/UBNA_001/20220921_090000.WAV,Telephone Field,recover-20220922,001,1795
1507.5525,1507.5617,28046,38249,Eptesicus serotinus,0.009,0.022,-1,Echolocation,/mnt/ubna_data_02_mir/recover-20220922/UBNA_001/20220921_090000.WAV,Telephone Field,recover-20220922,001,1795
1507.5565,1507.6001,68437,82865,Rhinolophus ferrumequinum,0.024,0.025,-1,Echolocation,/mnt/ubna_data_02_mir/recover-20220922/UBNA_001/20220921_090000.WAV,Telephone Field,recover-20220922,001,1795
1507.6015,1507.6109,24609,32372,Nyctalus leisleri,0.007,0.022,-1,Echolocation,/mnt/ubna_data_02_mir/recover-20220922/UBNA_001/20220921_090000.WAV,Telephone Field,recover-20220922,001,1795
1507.6185,1507.6584,68437,82329,Rhinolophus ferrumequinum,0.031,0.031,-1,Echolocation,/mnt/ubna_data_02_mir/recover-20220922/UBNA_001/20220921_090000.WAV,Telephone Field,recover-20220922,001,1795
1507.6275,1507.636,47812,52671,Pipistrellus pipistrellus,0.03,0.033,-1,Echolocation,/mnt/ubna_data_02_mir/recover-20220922/UBNA_001/20220921_090000.WAV,Telephone Field,recover-20220922,001,1795
1507.6395,1507.6801,68437,82635,Rhinolophus ferrumequinum,0.025,0.025,-1,Echolocation,/mnt/ubna_data_02_mir/recover-20220922/UBNA_001/20220921_090000.WAV,Telephone Field,recover-20220922,001,1795
1507.6485,1507.6892,68437,82285,Rhinolophus ferrumequinum,0.023,0.023,-1,Echolocation,/mnt/ubna_data_02_mir/recover-20220922/UBNA_001/20220921_090000.WAV,Telephone Field,recover-20220922,001,1795
1507.6895,1507.6997,45234,51899,Pipistrellus pipistrellus,0.023,0.025,-1,Echolocation,/mnt/ubna_data_02_mir/recover-20220922/UBNA_001/20220921_090000.WAV,Telephone Field,recover-20220922,001,1795
1507.7185,1507.7267,27187,39283,Eptesicus serotinus,0.008,0.023,-1,Echolocation,/mnt/ubna_data_02_mir/recover-20220922/UBNA_001/20220921_090000.WAV,Telephone Field,recover-20220922,001,1795
1507.7325,1507.7743,68437,82569,Rhinolophus ferrumequinum,0.03,0.03,-1,Echolocation,/mnt/ubna_data_02_mir/recover-20220922/UBNA_001/20220921_090000.WAV,Telephone Field,recover-20220922,001,1795
1507.7535,1507.7591,23750,34966,Plecotus austriacus,0.07,0.098,-1,Echolocation,/mnt/ubna_data_02_mir/recover-20220922/UBNA_001/20220921_090000.WAV,Telephone Field,recover-20220922,001,1795
1507.8005,1507.8085,24609,32444,Plecotus austriacus,0.008,0.024,-1,Echolocation,/mnt/ubna_data_02_mir/recover-20220922/UBNA_001/20220921_090000.WAV,Telephone Field,recover-20220922,001,1795
1507.8235,1507.8653,68437,82145,Rhinolophus ferrumequinum,0.022,0.022,-1,Echolocation,/mnt/ubna_data_02_mir/recover-20220922/UBNA_001/20220921_090000.WAV,Telephone Field,recover-20220922,001,1795
1507.8655,1507.9033,68437,81931,Rhinolophus ferrumequinum,0.022,0.022,-1,Echolocation,/mnt/ubna_data_02_mir/recover-20220922/UBNA_001/20220921_090000.WAV,Telephone Field,recover-20220922,001,1795
1507.8805,1507.9216,68437,82370,Rhinolophus ferrumequinum,0.026,0.026,-1,Echolocation,/mnt/ubna_data_02_mir/recover-20220922/UBNA_001/20220921_090000.WAV,Telephone Field,recover-20220922,001,1795
1507.8875,1507.9289,68437,83044,Rhinolophus ferrumequinum,0.025,0.025,-1,Echolocation,/mnt/ubna_data_02_mir/recover-20220922/UBNA_001/20220921_090000.WAV,Telephone Field,recover-20220922,001,1795
1507.9275,1507.9369,22890,28882,Nyctalus leisleri,0.009,0.023,-1,Echolocation,/mnt/ubna_data_02_mir/recover-20220922/UBNA_001/20220921_090000.WAV,Telephone Field,recover-20220922,001,1795
1507.9495,1507.9851,68437,81275,Rhinolophus ferrumequinum,0.022,0.022,-1,Echolocation,/mnt/ubna_data_02_mir/recover-20220922/UBNA_001/20220921_090000.WAV,Telephone Field,recover-20220922,001,1795
1508.0015,1508.0109,22890,29073,Nyctalus leisleri,0.013,0.031,-1,Echolocation,/mnt/ubna_data_02_mir/recover-20220922/UBNA_001/20220921_090000.WAV,Telephone Field,recover-20220922,001,1795
1508.0015,1508.0129,47812,54355,Pipistrellus pipistrellus,0.021,0.028,-1,Echolocation,/mnt/ubna_data_02_mir/recover-20220922/UBNA_001/20220921_090000.WAV,Telephone Field,recover-20220922,001,1795
1508.0015,1508.0327,69296,81375,Rhinolophus ferrumequinum,0.028,0.028,-1,Echolocation,/mnt/ubna_data_02_mir/recover-20220922/UBNA_001/20220921_090000.WAV,Telephone Field,recover-20220922,001,1795
1508.0425,1508.0806,68437,82323,Rhinolophus ferrumequinum,0.021,0.021,-1,Echolocation,/mnt/ubna_data_02_mir/recover-20220922/UBNA_001/20220921_090000.WAV,Telephone Field,recover-20220922,001,1795
1508.0625,1508.1014,68437,82083,Rhinolophus ferrumequinum,0.023,0.023,-1,Echolocation,/mnt/ubna_data_02_mir/recover-20220922/UBNA_001/20220921_090000.WAV,Telephone Field,recover-20220922,001,1795
1508.0895,1508.0968,26328,38085,Eptesicus serotinus,0.006,0.021,-1,Echolocation,/mnt/ubna_data_02_mir/recover-20220922/UBNA_001/20220921_090000.WAV,Telephone Field,recover-20220922,001,1795
1508.0905,1508.1304,68437,82162,Rhinolophus ferrumequinum,0.022,0.022,-1,Echolocation,/mnt/ubna_data_02_mir/recover-20220922/UBNA_001/20220921_090000.WAV,Telephone Field,recover-20220922,001,1795
1508.1045,1508.1451,68437,81939,Rhinolophus ferrumequinum,0.023,0.023,-1,Echolocation,/mnt/ubna_data_02_mir/recover-20220922/UBNA_001/20220921_090000.WAV,Telephone Field,recover-20220922,001,1795
1508.1515,1508.1848,68437,81116,Rhinolophus ferrumequinum,0.021,0.021,-1,Echolocation,/mnt/ubna_data_02_mir/recover-20220922/UBNA_001/20220921_090000.WAV,Telephone Field,recover-20220922,001,1795
1508.1865,1508.195,48671,52325,Pipistrellus pipistrellus,0.022,0.025,-1,Echolocation,/mnt/ubna_data_02_mir/recover-20220922/UBNA_001/20220921_090000.WAV,Telephone Field,recover-20220922,001,1795
1508.1885,1508.1983,24609,31207,Eptesicus serotinus,0.008,0.022,-1,Echolocation,/mnt/ubna_data_02_mir/recover-20220922/UBNA_001/20220921_090000.WAV,Telephone Field,recover-20220922,001,1795
1508.1955,1508.2361,68437,82776,Rhinolophus ferrumequinum,0.031,0.031,-1,Echolocation,/mnt/ubna_data_02_mir/recover-20220922/UBNA_001/20220921_090000.WAV,Telephone Field,recover-20220922,001,1795
1508.2445,1508.2624,19453,22435,Nyctalus leisleri,0.016,0.034,-1,Echolocation,/mnt/ubna_data_02_mir/recover-20220922/UBNA_001/20220921_090000.WAV,Telephone Field,recover-20220922,001,1795
1508.2485,1508.2902,68437,82678,Rhinolophus ferrumequinum,0.023,0.023,-1,Echolocation,/mnt/ubna_data_02_mir/recover-20220922/UBNA_001/20220921_090000.WAV,Telephone Field,recover-20220922,001,1795
1508.2565,1508.2984,68437,82850,Rhinolophus ferrumequinum,0.023,0.023,-1,Echolocation,/mnt/ubna_data_02_mir/recover-20220922/UBNA_001/20220921_090000.WAV,Telephone Field,recover-20220922,001,1795
1508.2645,1508.3037,68437,82445,Rhinolophus ferrumequinum,0.022,0.022,-1,Echolocation,/mnt/ubna_data_02_mir/recover-20220922/UBNA_001/20220921_090000.WAV,Telephone Field,recover-20220922,001,1795
1508.2805,1508.32,68437,82155,Rhinolophus ferrumequinum,0.022,0.022,-1,Echolocation,/mnt/ubna_data_02_mir/recover-20220922/UBNA_001/20220921_090000.WAV,Telephone Field,recover-20220922,001,1795
1508.3155,1508.3538,68437,81965,Rhinolophus ferrumequinum,0.022,0.022,-1,Echolocation,/mnt/ubna_data_02_mir/recover-20220922/UBNA_001/20220921_090000.WAV,Telephone Field,recover-20220922,001,1795
1508.3185,1508.3278,22031,28888,Plecotus austriacus,0.011,0.027,-1,Echolocation,/mnt/ubna_data_02_mir/recover-20220922/UBNA_001/20220921_090000.WAV,Telephone Field,recover-20220922,001,1795
1508.3485,1508.3564,26328,34825,Eptesicus serotinus,0.01,0.023,-1,Echolocation,/mnt/ubna_data_02_mir/recover-20220922/UBNA_001/20220921_090000.WAV,Telephone Field,recover-20220922,001,1795
1508.3505,1508.3894,68437,82042,Rhinolophus ferrumequinum,0.023,0.023,-1,Echolocation,/mnt/ubna_data_02_mir/recover-20220922/UBNA_001/20220921_090000.WAV,Telephone Field,recover-20220922,001,1795
1508.3805,1508.3883,27187,39347,Eptesicus serotinus,0.009,0.033,-1,Echolocation,/mnt/ubna_data_02_mir/recover-20220922/UBNA_001/20220921_090000.WAV,Telephone Field,recover-20220922,001,1795
1508.4135,1508.4303,20312,23442,Nyctalus leisleri,0.019,0.03,-1,Echolocation,/mnt/ubna_data_02_mir/recover-20220922/UBNA_001/20220921_090000.WAV,Telephone Field,recover-20220922,001,1795
1508.4355,1508.4429,26328,35260,Eptesicus serotinus,0.008,0.022,-1,Echolocation,/mnt/ubna_data_02_mir/recover-20220922/UBNA_001/20220921_090000.WAV,Telephone Field,recover-20220922,001,1795
1508.4415,1508.4493,28046,37391,Eptesicus serotinus,0.009,0.021,-1,Echolocation,/mnt/ubna_data_02_mir/recover-20220922/UBNA_001/20220921_090000.WAV,Telephone Field,recover-20220922,001,1795
1508.4435,1508.4822,68437,82051,Rhinolophus ferrumequinum,0.024,0.024,-1,Echolocation,/mnt/ubna_data_02_mir/recover-20220922/UBNA_001/20220921_090000.WAV,Telephone Field,recover-20220922,001,1795
1508.4515,1508.4905,68437,82198,Rhinolophus ferrumequinum,0.024,0.024,-1,Echolocation,/mnt/ubna_data_02_mir/recover-20220922/UBNA_001/20220921_090000.WAV,Telephone Field,recover-20220922,001,1795
1508.4805,1508.5175,68437,81946,Rhinolophus ferrumequinum,0.022,0.022,-1,Echolocation,/mnt/ubna_data_02_mir/recover-20220922/UBNA_001/20220921_090000.WAV,Telephone Field,recover-20220922,001,1795
1508.4835,1508.491,27187,39455,Eptesicus serotinus,0.007,0.021,-1,Echolocation,/mnt/ubna_data_02_mir/recover-20220922/UBNA_001/20220921_090000.WAV,Telephone Field,recover-20220922,001,1795
1508.5135,1508.5532,68437,81998,Rhinolophus ferrumequinum,0.027,0.027,-1,Echolocation,/mnt/ubna_data_02_mir/recover-20220922/UBNA_001/20220921_090000.WAV,Telephone Field,recover-20220922,001,1795
1508.5165,1508.5293,28046,34369,Eptesicus serotinus,0.012,0.022,-1,Echolocation,/mnt/ubna_data_02_mir/recover-20220922/UBNA_001/20220921_090000.WAV,Telephone Field,recover-20220922,001,1795
1508.5505,1508.5637,48671,52489,Pipistrellus pipistrellus,0.027,0.032,-1,Echolocation,/mnt/ubna_data_02_mir/recover-20220922/UBNA_001/20220921_090000.WAV,Telephone Field,recover-20220922,001,1795
1508.5725,1508.6101,68437,82518,Rhinolophus ferrumequinum,0.022,0.022,-1,Echolocation,/mnt/ubna_data_02_mir/recover-20220922/UBNA_001/20220921_090000.WAV,Telephone Field,recover-20220922,001,1795
1508.5855,1508.5952,23750,30901,Eptesicus serotinus,0.008,0.022,-1,Echolocation,/mnt/ubna_data_02_mir/recover-20220922/UBNA_001/20220921_090000.WAV,Telephone Field,recover-20220922,001,1795
1508.6035,1508.6124,28046,36512,Eptesicus serotinus,0.016,0.032,-1,Echolocation,/mnt/ubna_data_02_mir/recover-20220922/UBNA_001/20220921_090000.WAV,Telephone Field,recover-20220922,001,1795
1508.6415,1508.6792,68437,81140,Rhinolophus ferrumequinum,0.022,0.023,-1,Echolocation,/mnt/ubna_data_02_mir/recover-20220922/UBNA_001/20220921_090000.WAV,Telephone Field,recover-20220922,001,1795
1508.6485,1508.6865,68437,81282,Rhinolophus ferrumequinum,0.021,0.021,-1,Echolocation,/mnt/ubna_data_02_mir/recover-20220922/UBNA_001/20220921_090000.WAV,Telephone Field,recover-20220922,001,1795
1508.6915,1508.6995,28046,36985,Eptesicus serotinus,0.008,0.023,-1,Echolocation,/mnt/ubna_data_02_mir/recover-20220922/UBNA_001/20220921_090000.WAV,Telephone Field,recover-20220922,001,1795
1508.7055,1508.7428,68437,81989,Rhinolophus ferrumequinum,0.021,0.021,-1,Echolocation,/mnt/ubna_data_02_mir/recover-20220922/UBNA_001/20220921_090000.WAV,Telephone Field,recover-20220922,001,1795
1508.7255,1508.7645,68437,82186,Rhinolophus ferrumequinum,0.021,0.021,-1,Echolocation,/mnt/ubna_data_02_mir/recover-20220922/UBNA_001/20220921_090000.WAV,Telephone Field,recover-20220922,001,1795
1508.7995,1508.8414,68437,82630,Rhinolophus ferrumequinum,0.026,0.026,-1,Echolocation,/mnt/ubna_data_02_mir/recover-20220922/UBNA_001/20220921_090000.WAV,Telephone Field,recover-20220922,001,1795
1508.8025,1508.8132,24609,32404,Eptesicus serotinus,0.009,0.026,-1,Echolocation,/mnt/ubna_data_02_mir/recover-20220922/UBNA_001/20220921_090000.WAV,Telephone Field,recover-20220922,001,1795
1508.8495,1508.891,68437,82613,Rhinolophus ferrumequinum,0.025,0.025,-1,Echolocation,/mnt/ubna_data_02_mir/recover-20220922/UBNA_001/20220921_090000.WAV,Telephone Field,recover-20220922,001,1795
1508.9135,1508.9531,68437,82325,Rhinolophus ferrumequinum,0.022,0.022,-1,Echolocation,/mnt/ubna_data_02_mir/recover-20220922/UBNA_001/20220921_090000.WAV,Telephone Field,recover-20220922,001,1795
1508.9475,1508.9871,68437,82385,Rhinolophus ferrumequinum,0.023,0.023,-1,Echolocation,/mnt/ubna_data_02_mir/recover-20220922/UBNA_001/20220921_090000.WAV,Telephone Field,recover-20220922,001,1795
1508.9685,1509.0062,68437,82467,Rhinolophus ferrumequinum,0.022,0.022,-1,Echolocation,/mnt/ubna_data_02_mir/recover-20220922/UBNA_001/20220921_090000.WAV,Telephone Field,recover-20220922,001,1795
1508.9775,1509.0166,68437,82608,Rhinolophus ferrumequinum,0.022,0.022,-1,Echolocation,/mnt/ubna_data_02_mir/recover-20220922/UBNA_001/20220921_090000.WAV,Telephone Field,recover-20220922,001,1795
1508.9865,1508.9954,24609,32655,Eptesicus serotinus,0.006,0.023,-1,Echolocation,/mnt/ubna_data_02_mir/recover-20220922/UBNA_001/20220921_090000.WAV,Telephone Field,recover-20220922,001,1795
1509.0125,1509.0263,16015,21247,Nyctalus noctula,0.016,0.027,-1,Echolocation,/mnt/ubna_data_02_mir/recover-20220922/UBNA_001/20220921_090000.WAV,Telephone Field,recover-20220922,001,1795
1509.0315,1509.0397,28046,37575,Eptesicus serotinus,0.048,0.077,-1,Echolocation,/mnt/ubna_data_02_mir/recover-20220922/UBNA_001/20220921_090000.WAV,Telephone Field,recover-20220922,001,1795
1509.0675,1509.0781,26328,33896,Eptesicus serotinus,0.01,0.022,-1,Echolocation,/mnt/ubna_data_02_mir/recover-20220922/UBNA_001/20220921_090000.WAV,Telephone Field,recover-20220922,001,1795
1509.0945,1509.1317,68437,81986,Rhinolophus ferrumequinum,0.021,0.021,-1,Echolocation,/mnt/ubna_data_02_mir/recover-20220922/UBNA_001/20220921_090000.WAV,Telephone Field,recover-20220922,001,1795
1509.1435,1509.1508,28046,39929,Eptesicus serotinus,0.007,0.022,-1,Echolocation,/mnt/ubna_data_02_mir/recover-20220922/UBNA_001/20220921_090000.WAV,Telephone Field,recover-20220922,001,1795
1509.1805,1509.1896,22890,30394,Plecotus austriacus,0.009,0.024,-1,Echolocation,/mnt/ubna_data_02_mir/recover-20220922/UBNA_001/20220921_090000.WAV,Telephone Field,recover-20220922,001,1795
1509.1945,1509.2311,68437,82177,Rhinolophus ferrumequinum,0.023,0.023,-1,Echolocation,/mnt/ubna_data_02_mir/recover-20220922/UBNA_001/20220921_090000.WAV,Telephone Field,recover-20220922,001,1795
1509.2075,1509.2156,27187,39396,Eptesicus serotinus,0.007,0.021,-1,Echolocation,/mnt/ubna_data_02_mir/recover-20220922/UBNA_001/20220921_090000.WAV,Telephone Field,recover-20220922,001,1795
1509.2425,1509.283,68437,82264,Rhinolophus ferrumequinum,0.022,0.022,-1,Echolocation,/mnt/ubna_data_02_mir/recover-20220922/UBNA_001/20220921_090000.WAV,Telephone Field,recover-20220922,001,1795
1509.2525,1509.2629,22890,28395,Nyctalus leisleri,0.01,0.021,-1,Echolocation,/mnt/ubna_data_02_mir/recover-20220922/UBNA_001/20220921_090000.WAV,Telephone Field,recover-20220922,001,1795
1509.2835,1509.3224,68437,82229,Rhinolophus ferrumequinum,0.021,0.021,-1,Echolocation,/mnt/ubna_data_02_mir/recover-20220922/UBNA_001/20220921_090000.WAV,Telephone Field,recover-20220922,001,1795
1509.3215,1509.3644,68437,83011,Rhinolophus ferrumequinum,0.044,0.044,-1,Echolocation,/mnt/ubna_data_02_mir/recover-20220922/UBNA_001/20220921_090000.WAV,Telephone Field,recover-20220922,001,1795
1509.3545,1509.3942,68437,82378,Rhinolophus ferrumequinum,0.023,0.023,-1,Echolocation,/mnt/ubna_data_02_mir/recover-20220922/UBNA_001/20220921_090000.WAV,Telephone Field,recover-20220922,001,1795
1509.3725,1509.4122,68437,82394,Rhinolophus ferrumequinum,0.021,0.021,-1,Echolocation,/mnt/ubna_data_02_mir/recover-20220922/UBNA_001/20220921_090000.WAV,Telephone Field,recover-20220922,001,1795
1509.3985,1509.437,68437,82584,Rhinolophus ferrumequinum,0.021,0.021,-1,Echolocation,/mnt/ubna_data_02_mir/recover-20220922/UBNA_001/20220921_090000.WAV,Telephone Field,recover-20220922,001,1795
1509.4035,1509.4113,26328,36947,Eptesicus serotinus,0.007,0.022,-1,Echolocation,/mnt/ubna_data_02_mir/recover-20220922/UBNA_001/20220921_090000.WAV,Telephone Field,recover-20220922,001,1795
1509.4215,1509.4308,24609,32302,Eptesicus serotinus,0.011,0.026,-1,Echolocation,/mnt/ubna_data_02_mir/recover-20220922/UBNA_001/20220921_090000.WAV,Telephone Field,recover-20220922,001,1795
1509.4365,1509.4755,68437,82455,Rhinolophus ferrumequinum,0.022,0.022,-1,Echolocation,/mnt/ubna_data_02_mir/recover-20220922/UBNA_001/20220921_090000.WAV,Telephone Field,recover-20220922,001,1795
1509.4705,1509.4784,27187,37671,Eptesicus serotinus,0.01,0.027,-1,Echolocation,/mnt/ubna_data_02_mir/recover-20220922/UBNA_001/20220921_090000.WAV,Telephone Field,recover-20220922,001,1795
1509.4815,1509.5245,68437,82566,Rhinolophus ferrumequinum,0.04,0.04,-1,Echolocation,/mnt/ubna_data_02_mir/recover-20220922/UBNA_001/20220921_090000.WAV,Telephone Field,recover-20220922,001,1795
1509.5205,1509.5611,68437,82564,Rhinolophus ferrumequinum,0.023,0.023,-1,Echolocation,/mnt/ubna_data_02_mir/recover-20220922/UBNA_001/20220921_090000.WAV,Telephone Field,recover-20220922,001,1795
1509.5495,1509.5876,68437,82033,Rhinolophus ferrumequinum,0.022,0.022,-1,Echolocation,/mnt/ubna_data_02_mir/recover-20220922/UBNA_001/20220921_090000.WAV,Telephone Field,recover-20220922,001,1795
1509.5675,1509.5752,25468,34284,Eptesicus serotinus,0.007,0.022,-1,Echolocation,/mnt/ubna_data_02_mir/recover-20220922/UBNA_001/20220921_090000.WAV,Telephone Field,recover-20220922,001,1795
1509.5885,1509.6309,68437,83092,Rhinolophus ferrumequinum,0.026,0.026,-1,Echolocation,/mnt/ubna_data_02_mir/recover-20220922/UBNA_001/20220921_090000.WAV,Telephone Field,recover-20220922,001,1795
1509.5905,1509.6009,23750,29790,Nyctalus leisleri,0.01,0.025,-1,Echolocation,/mnt/ubna_data_02_mir/recover-20220922/UBNA_001/20220921_090000.WAV,Telephone Field,recover-20220922,001,1795
1509.6915,1509.7304,68437,81775,Rhinolophus ferrumequinum,0.023,0.023,-1,Echolocation,/mnt/ubna_data_02_mir/recover-20220922/UBNA_001/20220921_090000.WAV,Telephone Field,recover-20220922,001,1795
1509.7025,1509.7105,28046,39561,Eptesicus serotinus,0.007,0.022,-1,Echolocation,/mnt/ubna_data_02_mir/recover-20220922/UBNA_001/20220921_090000.WAV,Telephone Field,recover-20220922,001,1795
1509.7295,1509.7704,68437,82216,Rhinolophus ferrumequinum,0.025,0.025,-1,Echolocation,/mnt/ubna_data_02_mir/recover-20220922/UBNA_001/20220921_090000.WAV,Telephone Field,recover-20220922,001,1795
1509.7315,1509.7416,33203,41240,Barbastellus barbastellus,0.008,0.03,-1,Echolocation,/mnt/ubna_data_02_mir/recover-20220922/UBNA_001/20220921_090000.WAV,Telephone Field,recover-20220922,001,1795
1509.7875,1509.7959,42656,47672,Pipistrellus pipistrellus,0.023,0.028,-1,Echolocation,/mnt/ubna_data_02_mir/recover-20220922/UBNA_001/20220921_090000.WAV,Telephone Field,recover-20220922,001,1795
1509.7885,1509.8285,68437,83055,Rhinolophus ferrumequinum,0.024,0.024,-1,Echolocation,/mnt/ubna_data_02_mir/recover-20220922/UBNA_001/20220921_090000.WAV,Telephone Field,recover-20220922,001,1795
1509.7995,1509.8106,27187,34770,Eptesicus serotinus,0.017,0.031,-1,Echolocation,/mnt/ubna_data_02_mir/recover-20220922/UBNA_001/20220921_090000.WAV,Telephone Field,recover-20220922,001,1795
1509.8065,1509.8463,68437,81984,Rhinolophus ferrumequinum,0.021,0.021,-1,Echolocation,/mnt/ubna_data_02_mir/recover-20220922/UBNA_001/20220921_090000.WAV,Telephone Field,recover-20220922,001,1795
1509.8415,1509.8483,23750,32225,Plecotus austriacus,0.008,0.021,-1,Echolocation,/mnt/ubna_data_02_mir/recover-20220922/UBNA_001/20220921_090000.WAV,Telephone Field,recover-20220922,001,1795
1509.8515,1509.8596,45234,50286,Pipistrellus pipistrellus,0.022,0.024,-1,Echolocation,/mnt/ubna_data_02_mir/recover-20220922/UBNA_001/20220921_090000.WAV,Telephone Field,recover-20220922,001,1795
1509.8695,1509.9084,68437,82475,Rhinolophus ferrumequinum,0.024,0.024,-1,Echolocation,/mnt/ubna_data_02_mir/recover-20220922/UBNA_001/20220921_090000.WAV,Telephone Field,recover-20220922,001,1795
1509.8875,1509.8974,43515,46165,Pipistrellus pipistrellus,0.024,0.027,-1,Echolocation,/mnt/ubna_data_02_mir/recover-20220922/UBNA_001/20220921_090000.WAV,Telephone Field,recover-20220922,001,1795
1509.9105,1509.9182,28046,37446,Eptesicus serotinus,0.008,0.024,-1,Echolocation,/mnt/ubna_data_02_mir/recover-20220922/UBNA_001/20220921_090000.WAV,Telephone Field,recover-20220922,001,1795
1510.0015,1510.0346,68437,79614,Rhinolophus ferrumequinum,0.028,0.028,-1,Echolocation,/mnt/ubna_data_02_mir/recover-20220922/UBNA_001/20220921_090000.WAV,Telephone Field,recover-20220922,001,1795
1510.0015,1510.0088,24609,35557,Plecotus austriacus,0.006,0.028,-1,Echolocation,/mnt/ubna_data_02_mir/recover-20220922/UBNA_001/20220921_090000.WAV,Telephone Field,recover-20220922,001,1795
1510.0015,1510.0081,46093,50260,Pipistrellus pipistrellus,0.019,0.025,-1,Echolocation,/mnt/ubna_data_02_mir/recover-20220922/UBNA_001/20220921_090000.WAV,Telephone Field,recover-20220922,001,1795
1510.0565,1510.0948,68437,82987,Rhinolophus ferrumequinum,0.027,0.027,-1,Echolocation,/mnt/ubna_data_02_mir/recover-20220922/UBNA_001/20220921_090000.WAV,Telephone Field,recover-20220922,001,1795
1510.0835,1510.1213,68437,81579,Rhinolophus ferrumequinum,0.022,0.022,-1,Echolocation,/mnt/ubna_data_02_mir/recover-20220922/UBNA_001/20220921_090000.WAV,Telephone Field,recover-20220922,001,1795
1510.0985,1510.1368,68437,81251,Rhinolophus ferrumequinum,0.023,0.023,-1,Echolocation,/mnt/ubna_data_02_mir/recover-20220922/UBNA_001/20220921_090000.WAV,Telephone Field,recover-20220922,001,1795
1510.1285,1510.1635,68437,81481,Rhinolophus ferrumequinum,0.027,0.027,-1,Echolocation,/mnt/ubna_data_02_mir/recover-20220922/UBNA_001/20220921_090000.WAV,Telephone Field,recover-20220922,001,1795
1510.1525,1510.1875,68437,81399,Rhinolophus ferrumequinum,0.022,0.023,-1,Echolocation,/mnt/ubna_data_02_mir/recover-20220922/UBNA_001/20220921_090000.WAV,Telephone Field,recover-20220922,001,1795
1510.2315,1510.2707,68437,82773,Rhinolophus ferrumequinum,0.029,0.029,-1,Echolocation,/mnt/ubna_data_02_mir/recover-20220922/UBNA_001/20220921_090000.WAV,Telephone Field,recover-20220922,001,1795
1510.2585,1510.2955,68437,81739,Rhinolophus ferrumequinum,0.023,0.023,-1,Echolocation,/mnt/ubna_data_02_mir/recover-20220922/UBNA_001/20220921_090000.WAV,Telephone Field,recover-20220922,001,1795
1510.2835,1510.3251,68437,82264,Rhinolophus ferrumequinum,0.033,0.033,-1,Echolocation,/mnt/ubna_data_02_mir/recover-20220922/UBNA_001/20220921_090000.WAV,Telephone Field,recover-20220922,001,1795
1510.2875,1510.2941,31484,45887,Myotis daubentonii,0.01,0.028,-1,Echolocation,/mnt/ubna_data_02_mir/recover-20220922/UBNA_001/20220921_090000.WAV,Telephone Field,recover-20220922,001,1795
1510.2995,1510.3064,28046,39665,Eptesicus serotinus,0.008,0.028,-1,Echolocation,/mnt/ubna_data_02_mir/recover-20220922/UBNA_001/20220921_090000.WAV,Telephone Field,recover-20220922,001,1795
1510.3105,1510.3189,28046,36496,Eptesicus serotinus,0.01,0.025,-1,Echolocation,/mnt/ubna_data_02_mir/recover-20220922/UBNA_001/20220921_090000.WAV,Telephone Field,recover-20220922,001,1795
1510.3175,1510.3516,68437,81327,Rhinolophus ferrumequinum,0.025,0.025,-1,Echolocation,/mnt/ubna_data_02_mir/recover-20220922/UBNA_001/20220921_090000.WAV,Telephone Field,recover-20220922,001,1795
1510.3415,1510.382,68437,82960,Rhinolophus ferrumequinum,0.03,0.03,-1,Echolocation,/mnt/ubna_data_02_mir/recover-20220922/UBNA_001/20220921_090000.WAV,Telephone Field,recover-20220922,001,1795
1510.3495,1510.3562,28906,47246,Myotis daubentonii,0.007,0.029,-1,Echolocation,/mnt/ubna_data_02_mir/recover-20220922/UBNA_001/20220921_090000.WAV,Telephone Field,recover-20220922,001,1795
1510.3935,1510.4271,68437,80725,Rhinolophus ferrumequinum,0.04,0.04,-1,Echolocation,/mnt/ubna_data_02_mir/recover-20220922/UBNA_001/20220921_090000.WAV,Telephone Field,recover-20220922,001,1795
1510.3995,1510.4065,23750,32608,Plecotus austriacus,0.012,0.027,-1,Echolocation,/mnt/ubna_data_02_mir/recover-20220922/UBNA_001/20220921_090000.WAV,Telephone Field,recover-20220922,001,1795
1510.4095,1510.4461,68437,81955,Rhinolophus ferrumequinum,0.022,0.022,-1,Echolocation,/mnt/ubna_data_02_mir/recover-20220922/UBNA_001/20220921_090000.WAV,Telephone Field,recover-20220922,001,1795
1510.4095,1510.4168,27187,38020,Eptesicus serotinus,0.007,0.024,-1,Echolocation,/mnt/ubna_data_02_mir/recover-20220922/UBNA_001/20220921_090000.WAV,Telephone Field,recover-20220922,001,1795
1510.4115,1510.4213,22890,28911,Nyctalus leisleri,0.008,0.023,-1,Echolocation,/mnt/ubna_data_02_mir/recover-20220922/UBNA_001/20220921_090000.WAV,Telephone Field,recover-20220922,001,1795
1510.4495,1510.4904,68437,82778,Rhinolophus ferrumequinum,0.033,0.033,-1,Echolocation,/mnt/ubna_data_02_mir/recover-20220922/UBNA_001/20220921_090000.WAV,Telephone Field,recover-20220922,001,1795
1510.4705,1510.4785,28046,39583,Eptesicus serotinus,0.007,0.023,-1,Echolocation,/mnt/ubna_data_02_mir/recover-20220922/UBNA_001/20220921_090000.WAV,Telephone Field,recover-20220922,001,1795
1510.4915,1510.5047,22890,27114,Nyctalus leisleri,0.014,0.025,-1,Echolocation,/mnt/ubna_data_02_mir/recover-20220922/UBNA_001/20220921_090000.WAV,Telephone Field,recover-20220922,001,1795
1510.4975,1510.5406,68437,83148,Rhinolophus ferrumequinum,0.028,0.028,-1,Echolocation,/mnt/ubna_data_02_mir/recover-20220922/UBNA_001/20220921_090000.WAV,Telephone Field,recover-20220922,001,1795
1510.5205,1510.5279,27187,41042,Eptesicus serotinus,0.007,0.022,-1,Echolocation,/mnt/ubna_data_02_mir/recover-20220922/UBNA_001/20220921_090000.WAV,Telephone Field,recover-20220922,001,1795
1510.5355,1510.5735,68437,82863,Rhinolophus ferrumequinum,0.022,0.022,-1,Echolocation,/mnt/ubna_data_02_mir/recover-20220922/UBNA_001/20220921_090000.WAV,Telephone Field,recover-20220922,001,1795
1510.5985,1510.6088,23750,30159,Nyctalus leisleri,0.01,0.026,-1,Echolocation,/mnt/ubna_data_02_mir/recover-20220922/UBNA_001/20220921_090000.WAV,Telephone Field,recover-20220922,001,1795
1510.6475,1510.6871,68437,81878,Rhinolophus ferrumequinum,0.024,0.024,-1,Echolocation,/mnt/ubna_data_02_mir/recover-20220922/UBNA_001/20220921_090000.WAV,Telephone Field,recover-20220922,001,1795
1510.6855,1510.6962,23750,30875,Nyctalus leisleri,0.009,0.026,-1,Echolocation,/mnt/ubna_data_02_mir/recover-20220922/UBNA_001/20220921_090000.WAV,Telephone Field,recover-20220922,001,1795
1510.7055,1510.7412,68437,81837,Rhinolophus ferrumequinum,0.029,0.029,-1,Echolocation,/mnt/ubna_data_02_mir/recover-20220922/UBNA_001/20220921_090000.WAV,Telephone Field,recover-20220922,001,1795
1510.7095,1510.7195,37500,43003,Pipistrellus nathusii,0.007,0.022,-1,Echolocation,/mnt/ubna_data_02_mir/recover-20220922/UBNA_001/20220921_090000.WAV,Telephone Field,recover-20220922,001,1795
1510.7115,1510.7204,26328,37593,Eptesicus serotinus,0.008,0.025,-1,Echolocation,/mnt/ubna_data_02_mir/recover-20220922/UBNA_001/20220921_090000.WAV,Telephone Field,recover-20220922,001,1795
1510.7575,1510.7947,68437,82530,Rhinolophus ferrumequinum,0.024,0.024,-1,Echolocation,/mnt/ubna_data_02_mir/recover-20220922/UBNA_001/20220921_090000.WAV,Telephone Field,recover-20220922,001,1795
1510.7645,1510.7769,22031,26175,Nyctalus leisleri,0.016,0.029,-1,Echolocation,/mnt/ubna_data_02_mir/recover-20220922/UBNA_001/20220921_090000.WAV,Telephone Field,recover-20220922,001,1795
1510.7975,1510.8372,68437,82799,Rhinolophus ferrumequinum,0.025,0.025,-1,Echolocation,/mnt/ubna_data_02_mir/recover-20220922/UBNA_001/20220921_090000.WAV,Telephone Field,recover-20220922,001,1795
1510.8615,1510.8715,27187,35614,Eptesicus serotinus,0.012,0.025,-1,Echolocation,/mnt/ubna_data_02_mir/recover-20220922/UBNA_001/20220921_090000.WAV,Telephone Field,recover-20220922,001,1795
1510.8875,1510.9266,68437,82158,Rhinolophus ferrumequinum,0.024,0.024,-1,Echolocation,/mnt/ubna_data_02_mir/recover-20220922/UBNA_001/20220921_090000.WAV,Telephone Field,recover-20220922,001,1795
1510.8925,1510.9006,28906,37606,Eptesicus serotinus,0.009,0.026,-1,Echolocation,/mnt/ubna_data_02_mir/recover-20220922/UBNA_001/20220921_090000.WAV,Telephone Field,recover-20220922,001,1795
1510.9065,1510.9438,68437,81691,Rhinolophus ferrumequinum,0.022,0.022,-1,Echolocation,/mnt/ubna_data_02_mir/recover-20220922/UBNA_001/20220921_090000.WAV,Telephone Field,recover-20220922,001,1795
1510.9305,1510.9659,68437,81797,Rhinolophus ferrumequinum,0.025,0.025,-1,Echolocation,/mnt/ubna_data_02_mir/recover-20220922/UBNA_001/20220921_090000.WAV,Telephone Field,recover-20220922,001,1795
1510.9435,1510.9807,68437,82328,Rhinolophus ferrumequinum,0.022,0.022,-1,Echolocation,/mnt/ubna_data_02_mir/recover-20220922/UBNA_001/20220921_090000.WAV,Telephone Field,recover-20220922,001,1795
1510.9675,1511.0049,68437,81686,Rhinolophus ferrumequinum,0.022,0.022,-1,Echolocation,/mnt/ubna_data_02_mir/recover-20220922/UBNA_001/20220921_090000.WAV,Telephone Field,recover-20220922,001,1795
1511.0435,1511.0828,68437,82478,Rhinolophus ferrumequinum,0.024,0.024,-1,Echolocation,/mnt/ubna_data_02_mir/recover-20220922/UBNA_001/20220921_090000.WAV,Telephone Field,recover-20220922,001,1795
1511.0585,1511.0971,68437,81866,Rhinolophus ferrumequinum,0.023,0.023,-1,Echolocation,/mnt/ubna_data_02_mir/recover-20220922/UBNA_001/20220921_090000.WAV,Telephone Field,recover-20220922,001,1795
1511.0745,1511.1106,68437,81752,Rhinolophus ferrumequinum,0.024,0.025,-1,Echolocation,/mnt/ubna_data_02_mir/recover-20220922/UBNA_001/20220921_090000.WAV,Telephone Field,recover-20220922,001,1795
1511.0815,1511.0891,28046,39880,Eptesicus serotinus,0.007,0.024,-1,Echolocation,/mnt/ubna_data_02_mir/recover-20220922/UBNA_001/20220921_090000.WAV,Telephone Field,recover-20220922,001,1795
1511.1105,1511.1193,25468,34629,Eptesicus serotinus,0.011,0.032,-1,Echolocation,/mnt/ubna_data_02_mir/recover-20220922/UBNA_001/20220921_090000.WAV,Telephone Field,recover-20220922,001,1795
1511.1515,1511.1609,27187,36661,Eptesicus serotinus,0.008,0.024,-1,Echolocation,/mnt/ubna_data_02_mir/recover-20220922/UBNA_001/20220921_090000.WAV,Telephone Field,recover-20220922,001,1795
1511.1765,1511.2156,68437,81748,Rhinolophus ferrumequinum,0.024,0.024,-1,Echolocation,/mnt/ubna_data_02_mir/recover-20220922/UBNA_001/20220921_090000.WAV,Telephone Field,recover-20220922,001,1795
1511.1815,1511.2022,19453,22157,Nyctalus leisleri,0.021,0.04,-1,Echolocation,/mnt/ubna_data_02_mir/recover-20220922/UBNA_001/20220921_090000.WAV,Telephone Field,recover-20220922,001,1795
1511.2095,1511.2453,68437,81660,Rhinolophus ferrumequinum,0.024,0.024,-1,Echolocation,/mnt/ubna_data_02_mir/recover-20220922/UBNA_001/20220921_090000.WAV,Telephone Field,recover-20220922,001,1795
1511.2185,1511.2285,28046,37139,Eptesicus serotinus,0.012,0.029,-1,Echolocation,/mnt/ubna_data_02_mir/recover-20220922/UBNA_001/20220921_090000.WAV,Telephone Field,recover-20220922,001,1795
1511.2225,1511.2308,36640,43781,Barbastellus barbastellus,0.009,0.025,-1,Echolocation,/mnt/ubna_data_02_mir/recover-20220922/UBNA_001/20220921_090000.WAV,Telephone Field,recover-20220922,001,1795
1511.2375,1511.2507,22890,26859,Nyctalus leisleri,0.013,0.023,-1,Echolocation,/mnt/ubna_data_02_mir/recover-20220922/UBNA_001/20220921_090000.WAV,Telephone Field,recover-20220922,001,1795
1511.2575,1511.293,68437,81856,Rhinolophus ferrumequinum,0.025,0.025,-1,Echolocation,/mnt/ubna_data_02_mir/recover-20220922/UBNA_001/20220921_090000.WAV,Telephone Field,recover-20220922,001,1795
1511.2655,1511.2733,26328,36190,Eptesicus serotinus,0.007,0.022,-1,Echolocation,/mnt/ubna_data_02_mir/recover-20220922/UBNA_001/20220921_090000.WAV,Telephone Field,recover-20220922,001,1795
1511.2875,1511.3271,68437,82179,Rhinolophus ferrumequinum,0.026,0.026,-1,Echolocation,/mnt/ubna_data_02_mir/recover-20220922/UBNA_001/20220921_090000.WAV,Telephone Field,recover-20220922,001,1795
1511.3125,1511.3196,40078,52675,Myotis daubentonii,0.013,0.041,-1,Echolocation,/mnt/ubna_data_02_mir/recover-20220922/UBNA_001/20220921_090000.WAV,Telephone Field,recover-20220922,001,1795
1511.3125,1511.3488,68437,81578,Rhinolophus ferrumequinum,0.022,0.022,-1,Echolocation,/mnt/ubna_data_02_mir/recover-20220922/UBNA_001/20220921_090000.WAV,Telephone Field,recover-20220922,001,1795
1511.3425,1511.3522,40937,49872,Pipistrellus nathusii,0.013,0.027,-1,Echolocation,/mnt/ubna_data_02_mir/recover-20220922/UBNA_001/20220921_090000.WAV,Telephone Field,recover-20220922,001,1795
1511.3895,1511.4304,68437,82225,Rhinolophus ferrumequinum,0.023,0.023,-1,Echolocation,/mnt/ubna_data_02_mir/recover-20220922/UBNA_001/20220921_090000.WAV,Telephone Field,recover-20220922,001,1795
1511.4145,1511.4571,68437,83789,Rhinolophus ferrumequinum,0.041,0.041,-1,Echolocation,/mnt/ubna_data_02_mir/recover-20220922/UBNA_001/20220921_090000.WAV,Telephone Field,recover-20220922,001,1795
1511.4165,1511.4255,27187,38003,Eptesicus serotinus,0.008,0.022,-1,Echolocation,/mnt/ubna_data_02_mir/recover-20220922/UBNA_001/20220921_090000.WAV,Telephone Field,recover-20220922,001,1795
1511.4175,1511.4266,22890,30056,Plecotus austriacus,0.007,0.022,-1,Echolocation,/mnt/ubna_data_02_mir/recover-20220922/UBNA_001/20220921_090000.WAV,Telephone Field,recover-20220922,001,1795
1511.4565,1511.4989,68437,82638,Rhinolophus ferrumequinum,0.024,0.024,-1,Echolocation,/mnt/ubna_data_02_mir/recover-20220922/UBNA_001/20220921_090000.WAV,Telephone Field,recover-20220922,001,1795
1511.4595,1511.4677,44375,55677,Pipistrellus pipistrellus,0.021,0.035,-1,Echolocation,/mnt/ubna_data_02_mir/recover-20220922/UBNA_001/20220921_090000.WAV,Telephone Field,recover-20220922,001,1795
1511.4965,1511.5391,68437,83506,Rhinolophus ferrumequinum,0.039,0.039,-1,Echolocation,/mnt/ubna_data_02_mir/recover-20220922/UBNA_001/20220921_090000.WAV,Telephone Field,recover-20220922,001,1795
1511.5235,1511.5334,50390,56385,Pipistrellus pipistrellus,0.021,0.027,-1,Echolocation,/mnt/ubna_data_02_mir/recover-20220922/UBNA_001/20220921_090000.WAV,Telephone Field,recover-20220922,001,1795
1511.5875,1511.6244,68437,81720,Rhinolophus ferrumequinum,0.022,0.022,-1,Echolocation,/mnt/ubna_data_02_mir/recover-20220922/UBNA_001/20220921_090000.WAV,Telephone Field,recover-20220922,001,1795
1511.5905,1511.6003,25468,33178,Eptesicus serotinus,0.009,0.022,-1,Echolocation,/mnt/ubna_data_02_mir/recover-20220922/UBNA_001/20220921_090000.WAV,Telephone Field,recover-20220922,001,1795
1511.6675,1511.7071,68437,82640,Rhinolophus ferrumequinum,0.024,0.024,-1,Echolocation,/mnt/ubna_data_02_mir/recover-20220922/UBNA_001/20220921_090000.WAV,Telephone Field,recover-20220922,001,1795
1511.6955,1511.7056,22890,28861,Nyctalus leisleri,0.009,0.022,-1,Echolocation,/mnt/ubna_data_02_mir/recover-20220922/UBNA_001/20220921_090000.WAV,Telephone Field,recover-20220922,001,1795
1511.7105,1511.7542,68437,83421,Rhinolophus ferrumequinum,0.048,0.048,-1,Echolocation,/mnt/ubna_data_02_mir/recover-20220922/UBNA_001/20220921_090000.WAV,Telephone Field,recover-20220922,001,1795
1511.7185,1511.7282,28906,35675,Eptesicus serotinus,0.013,0.027,-1,Echolocation,/mnt/ubna_data_02_mir/recover-20220922/UBNA_001/20220921_090000.WAV,Telephone Field,recover-20220922,001,1795
1511.7865,1511.8002,22031,27239,Nyctalus leisleri,0.015,0.035,-1,Echolocation,/mnt/ubna_data_02_mir/recover-20220922/UBNA_001/20220921_090000.WAV,Telephone Field,recover-20220922,001,1795
1511.7935,1511.8003,31484,50989,Myotis daubentonii,0.01,0.023,-1,Echolocation,/mnt/ubna_data_02_mir/recover-20220922/UBNA_001/20220921_090000.WAV,Telephone Field,recover-20220922,001,1795
1511.8135,1511.8527,68437,82063,Rhinolophus ferrumequinum,0.022,0.022,-1,Echolocation,/mnt/ubna_data_02_mir/recover-20220922/UBNA_001/20220921_090000.WAV,Telephone Field,recover-20220922,001,1795
1511.8225,1511.8585,68437,81634,Rhinolophus ferrumequinum,0.022,0.022,-1,Echolocation,/mnt/ubna_data_02_mir/recover-20220922/UBNA_001/20220921_090000.WAV,Telephone Field,recover-20220922,001,1795
1511.8415,1511.8511,25468,33943,Eptesicus serotinus,0.009,0.024,-1,Echolocation,/mnt/ubna_data_02_mir/recover-20220922/UBNA_001/20220921_090000.WAV,Telephone Field,recover-20220922,001,1795
1511.8545,1511.865,22890,27783,Nyctalus leisleri,0.011,0.022,-1,Echolocation,/mnt/ubna_data_02_mir/recover-20220922/UBNA_001/20220921_090000.WAV,Telephone Field,recover-20220922,001,1795
1511.8785,1511.8882,28906,36627,Eptesicus serotinus,0.01,0.028,-1,Echolocation,/mnt/ubna_data_02_mir/recover-20220922/UBNA_001/20220921_090000.WAV,Telephone Field,recover-20220922,001,1795
1511.9455,1511.9525,46093,50109,Pipistrellus pipistrellus,0.024,0.025,-1,Echolocation,/mnt/ubna_data_02_mir/recover-20220922/UBNA_001/20220921_090000.WAV,Telephone Field,recover-20220922,001,1795
1511.9475,1511.9901,68437,82682,Rhinolophus ferrumequinum,0.042,0.042,-1,Echolocation,/mnt/ubna_data_02_mir/recover-20220922/UBNA_001/20220921_090000.WAV,Telephone Field,recover-20220922,001,1795
1511.9785,1511.9862,28046,39947,Eptesicus serotinus,0.007,0.024,-1,Echolocation,/mnt/ubna_data_02_mir/recover-20220922/UBNA_001/20220921_090000.WAV,Telephone Field,recover-20220922,001,1795
1512.0015,1512.0098,25468,36217,Eptesicus serotinus,0.005,0.022,-1,Echolocation,/mnt/ubna_data_02_mir/recover-20220922/UBNA_001/20220921_090000.WAV,Telephone Field,recover-20220922,001,1795
1512.0015,1512.0308,68437,80096,Rhinolophus ferrumequinum,0.031,0.031,-1,Echolocation,/mnt/ubna_data_02_mir/recover-20220922/UBNA_001/20220921_090000.WAV,Telephone Field,recover-20220922,001,1795
1512.0115,1512.0571,68437,82559,Rhinolophus ferrumequinum,0.034,0.034,-1,Echolocation,/mnt/ubna_data_02_mir/recover-20220922/UBNA_001/20220921_090000.WAV,Telephone Field,recover-20220922,001,1795
1512.0475,1512.0546,28046,40876,Eptesicus serotinus,0.006,0.023,-1,Echolocation,/mnt/ubna_data_02_mir/recover-20220922/UBNA_001/20220921_090000.WAV,Telephone Field,recover-20220922,001,1795
1512.0785,1512.0875,27187,36138,Eptesicus serotinus,0.008,0.022,-1,Echolocation,/mnt/ubna_data_02_mir/recover-20220922/UBNA_001/20220921_090000.WAV,Telephone Field,recover-20220922,001,1795
1512.1145,1512.153,68437,81680,Rhinolophus ferrumequinum,0.024,0.024,-1,Echolocation,/mnt/ubna_data_02_mir/recover-20220922/UBNA_001/20220921_090000.WAV,Telephone Field,recover-20220922,001,1795
1512.1415,1512.1505,27187,37331,Eptesicus serotinus,0.007,0.021,-1,Echolocation,/mnt/ubna_data_02_mir/recover-20220922/UBNA_001/20220921_090000.WAV,Telephone Field,recover-20220922,001,1795
1512.1545,1512.1937,68437,82545,Rhinolophus ferrumequinum,0.022,0.022,-1,Echolocation,/mnt/ubna_data_02_mir/recover-20220922/UBNA_001/20220921_090000.WAV,Telephone Field,recover-20220922,001,1795
1512.1895,1512.2248,68437,81114,Rhinolophus ferrumequinum,0.022,0.022,-1,Echolocation,/mnt/ubna_data_02_mir/recover-20220922/UBNA_001/20220921_090000.WAV,Telephone Field,recover-20220922,001,1795
1512.2015,1512.2086,27187,36582,Eptesicus serotinus,0.012,0.031,-1,Echolocation,/mnt/ubna_data_02_mir/recover-20220922/UBNA_001/20220921_090000.WAV,Telephone Field,recover-20220922,001,1795
1512.2175,1512.2524,68437,80503,Rhinolophus ferrumequinum,0.024,0.024,-1,Echolocation,/mnt/ubna_data_02_mir/recover-20220922/UBNA_001/20220921_090000.WAV,Telephone Field,recover-20220922,001,1795
1512.2225,1512.2585,68437,81386,Rhinolophus ferrumequinum,0.024,0.025,-1,Echolocation,/mnt/ubna_data_02_mir/recover-20220922/UBNA_001/20220921_090000.WAV,Telephone Field,recover-20220922,001,1795
1512.2755,1512.2832,28046,37863,Eptesicus serotinus,0.007,0.023,-1,Echolocation,/mnt/ubna_data_02_mir/recover-20220922/UBNA_001/20220921_090000.WAV,Telephone Field,recover-20220922,001,1795
1512.2795,1512.2918,38359,42406,Pipistrellus nathusii,0.013,0.025,-1,Echolocation,/mnt/ubna_data_02_mir/recover-20220922/UBNA_001/20220921_090000.WAV,Telephone Field,recover-20220922,001,1795
1512.2865,1512.3265,68437,82685,Rhinolophus ferrumequinum,0.022,0.022,-1,Echolocation,/mnt/ubna_data_02_mir/recover-20220922/UBNA_001/20220921_090000.WAV,Telephone Field,recover-20220922,001,1795
1512.3215,1512.3635,68437,82574,Rhinolophus ferrumequinum,0.022,0.022,-1,Echolocation,/mnt/ubna_data_02_mir/recover-20220922/UBNA_001/20220921_090000.WAV,Telephone Field,recover-20220922,001,1795
1512.3525,1512.3889,68437,82088,Rhinolophus ferrumequinum,0.023,0.023,-1,Echolocation,/mnt/ubna_data_02_mir/recover-20220922/UBNA_001/20220921_090000.WAV,Telephone Field,recover-20220922,001,1795
1512.3945,1512.4316,68437,82019,Rhinolophus ferrumequinum,0.022,0.022,-1,Echolocation,/mnt/ubna_data_02_mir/recover-20220922/UBNA_001/20220921_090000.WAV,Telephone Field,recover-20220922,001,1795
1512.4285,1512.4706,68437,83102,Rhinolophus ferrumequinum,0.022,0.022,-1,Echolocation,/mnt/ubna_data_02_mir/recover-20220922/UBNA_001/20220921_090000.WAV,Telephone Field,recover-20220922,001,1795
1512.4545,1512.4949,68437,83008,Rhinolophus ferrumequinum,0.022,0.022,-1,Echolocation,/mnt/ubna_data_02_mir/recover-20220922/UBNA_001/20220921_090000.WAV,Telephone Field,recover-20220922,001,1795
1512.4725,1512.5126,68437,82657,Rhinolophus ferrumequinum,0.024,0.024,-1,Echolocation,/mnt/ubna_data_02_mir/recover-20220922/UBNA_001/20220921_090000.WAV,Telephone Field,recover-20220922,001,1795
1512.5595,1512.5954,68437,81674,Rhinolophus ferrumequinum,0.025,0.025,-1,Echolocation,/mnt/ubna_data_02_mir/recover-20220922/UBNA_001/20220921_090000.WAV,Telephone Field,recover-20220922,001,1795
1512.5805,1512.5886,28906,38993,Eptesicus serotinus,0.007,0.022,-1,Echolocation,/mnt/ubna_data_02_mir/recover-20220922/UBNA_001/20220921_090000.WAV,Telephone Field,recover-20220922,001,1795
1512.5895,1512.5971,28046,38533,Eptesicus serotinus,0.007,0.022,-1,Echolocation,/mnt/ubna_data_02_mir/recover-20220922/UBNA_001/20220921_090000.WAV,Telephone Field,recover-20220922,001,1795
1512.6235,1512.6667,68437,83333,Rhinolophus ferrumequinum,0.033,0.033,-1,Echolocation,/mnt/ubna_data_02_mir/recover-20220922/UBNA_001/20220921_090000.WAV,Telephone Field,recover-20220922,001,1795
1512.6275,1512.6364,28046,37775,Eptesicus serotinus,0.009,0.022,-1,Echolocation,/mnt/ubna_data_02_mir/recover-20220922/UBNA_001/20220921_090000.WAV,Telephone Field,recover-20220922,001,1795
1512.6385,1512.6748,68437,81017,Rhinolophus ferrumequinum,0.022,0.023,-1,Echolocation,/mnt/ubna_data_02_mir/recover-20220922/UBNA_001/20220921_090000.WAV,Telephone Field,recover-20220922,001,1795
1512.6835,1512.7186,67578,78995,Rhinolophus ferrumequinum,0.022,0.022,-1,Echolocation,/mnt/ubna_data_02_mir/recover-20220922/UBNA_001/20220921_090000.WAV,Telephone Field,recover-20220922,001,1795
1512.7165,1512.724,21171,30468,Plecotus austriacus,0.028,0.057,-1,Echolocation,/mnt/ubna_data_02_mir/recover-20220922/UBNA_001/20220921_090000.WAV,Telephone Field,recover-20220922,001,1795
1512.7175,1512.7242,16875,28869,Plecotus auritus,0.037,0.057,-1,Echolocation,/mnt/ubna_data_02_mir/recover-20220922/UBNA_001/20220921_090000.WAV,Telephone Field,recover-20220922,001,1795
1512.7265,1512.7697,68437,82783,Rhinolophus ferrumequinum,0.023,0.023,-1,Echolocation,/mnt/ubna_data_02_mir/recover-20220922/UBNA_001/20220921_090000.WAV,Telephone Field,recover-20220922,001,1795
1512.7595,1512.7973,68437,82491,Rhinolophus ferrumequinum,0.022,0.022,-1,Echolocation,/mnt/ubna_data_02_mir/recover-20220922/UBNA_001/20220921_090000.WAV,Telephone Field,recover-20220922,001,1795
1512.7855,1512.8238,68437,82118,Rhinolophus ferrumequinum,0.021,0.021,-1,Echolocation,/mnt/ubna_data_02_mir/recover-20220922/UBNA_001/20220921_090000.WAV,Telephone Field,recover-20220922,001,1795
1512.8135,1512.8521,68437,82319,Rhinolophus ferrumequinum,0.024,0.024,-1,Echolocation,/mnt/ubna_data_02_mir/recover-20220922/UBNA_001/20220921_090000.WAV,Telephone Field,recover-20220922,001,1795
1512.8145,1512.823,28906,38275,Eptesicus serotinus,0.011,0.028,-1,Echolocation,/mnt/ubna_data_02_mir/recover-20220922/UBNA_001/20220921_090000.WAV,Telephone Field,recover-20220922,001,1795
1512.8525,1512.8915,68437,82234,Rhinolophus ferrumequinum,0.022,0.022,-1,Echolocation,/mnt/ubna_data_02_mir/recover-20220922/UBNA_001/20220921_090000.WAV,Telephone Field,recover-20220922,001,1795
1512.8915,1512.9011,28046,36111,Eptesicus serotinus,0.009,0.021,-1,Echolocation,/mnt/ubna_data_02_mir/recover-20220922/UBNA_001/20220921_090000.WAV,Telephone Field,recover-20220922,001,1795
1512.9095,1512.9474,68437,82035,Rhinolophus ferrumequinum,0.021,0.021,-1,Echolocation,/mnt/ubna_data_02_mir/recover-20220922/UBNA_001/20220921_090000.WAV,Telephone Field,recover-20220922,001,1795
1512.9105,1512.9199,25468,32935,Eptesicus serotinus,0.011,0.028,-1,Echolocation,/mnt/ubna_data_02_mir/recover-20220922/UBNA_001/20220921_090000.WAV,Telephone Field,recover-20220922,001,1795
1512.9445,1512.9876,68437,82844,Rhinolophus ferrumequinum,0.034,0.034,-1,Echolocation,/mnt/ubna_data_02_mir/recover-20220922/UBNA_001/20220921_090000.WAV,Telephone Field,recover-20220922,001,1795
1512.9895,1512.9992,28046,35876,Eptesicus serotinus,0.009,0.021,-1,Echolocation,/mnt/ubna_data_02_mir/recover-20220922/UBNA_001/20220921_090000.WAV,Telephone Field,recover-20220922,001,1795
1513.0165,1513.0252,28046,39980,Eptesicus serotinus,0.008,0.022,-1,Echolocation,/mnt/ubna_data_02_mir/recover-20220922/UBNA_001/20220921_090000.WAV,Telephone Field,recover-20220922,001,1795
1513.0255,1513.0352,27187,38451,Eptesicus serotinus,0.009,0.021,-1,Echolocation,/mnt/ubna_data_02_mir/recover-20220922/UBNA_001/20220921_090000.WAV,Telephone Field,recover-20220922,001,1795
1513.0385,1513.0498,22890,28027,Nyctalus leisleri,0.009,0.022,-1,Echolocation,/mnt/ubna_data_02_mir/recover-20220922/UBNA_001/20220921_090000.WAV,Telephone Field,recover-20220922,001,1795
1513.0555,1513.0941,68437,82232,Rhinolophus ferrumequinum,0.021,0.021,-1,Echolocation,/mnt/ubna_data_02_mir/recover-20220922/UBNA_001/20220921_090000.WAV,Telephone Field,recover-20220922,001,1795
1513.0825,1513.1218,68437,81945,Rhinolophus ferrumequinum,0.022,0.022,-1,Echolocation,/mnt/ubna_data_02_mir/recover-20220922/UBNA_001/20220921_090000.WAV,Telephone Field,recover-20220922,001,1795
1513.0835,1513.0911,23750,32527,Plecotus austriacus,0.008,0.022,-1,Echolocation,/mnt/ubna_data_02_mir/recover-20220922/UBNA_001/20220921_090000.WAV,Telephone Field,recover-20220922,001,1795
1513.1275,1513.1661,68437,82406,Rhinolophus ferrumequinum,0.022,0.022,-1,Echolocation,/mnt/ubna_data_02_mir/recover-20220922/UBNA_001/20220921_090000.WAV,Telephone Field,recover-20220922,001,1795
1513.1505,1513.1901,68437,82607,Rhinolophus ferrumequinum,0.024,0.024,-1,Echolocation,/mnt/ubna_data_02_mir/recover-20220922/UBNA_001/20220921_090000.WAV,Telephone Field,recover-20220922,001,1795
1513.1735,1513.2134,68437,82232,Rhinolophus ferrumequinum,0.022,0.022,-1,Echolocation,/mnt/ubna_data_02_mir/recover-20220922/UBNA_001/20220921_090000.WAV,Telephone Field,recover-20220922,001,1795
1513.1795,1513.1869,28046,38575,Eptesicus serotinus,0.007,0.022,-1,Echolocation,/mnt/ubna_data_02_mir/recover-20220922/UBNA_001/20220921_090000.WAV,Telephone Field,recover-20220922,001,1795
1513.2105,1513.2187,29765,41741,Eptesicus serotinus,0.008,0.027,-1,Echolocation,/mnt/ubna_data_02_mir/recover-20220922/UBNA_001/20220921_090000.WAV,Telephone Field,recover-20220922,001,1795
1513.2365,1513.2754,68437,82473,Rhinolophus ferrumequinum,0.022,0.022,-1,Echolocation,/mnt/ubna_data_02_mir/recover-20220922/UBNA_001/20220921_090000.WAV,Telephone Field,recover-20220922,001,1795
1513.2445,1513.2557,22031,27065,Nyctalus leisleri,0.012,0.025,-1,Echolocation,/mnt/ubna_data_02_mir/recover-20220922/UBNA_001/20220921_090000.WAV,Telephone Field,recover-20220922,001,1795
1513.2455,1513.251,32343,42119,Myotis daubentonii,0.013,0.028,-1,Echolocation,/mnt/ubna_data_02_mir/recover-20220922/UBNA_001/20220921_090000.WAV,Telephone Field,recover-20220922,001,1795
1513.2455,1513.2513,28046,41403,Myotis daubentonii,0.006,0.028,-1,Echolocation,/mnt/ubna_data_02_mir/recover-20220922/UBNA_001/20220921_090000.WAV,Telephone Field,recover-20220922,001,1795
1513.2815,1513.3215,68437,82027,Rhinolophus ferrumequinum,0.023,0.023,-1,Echolocation,/mnt/ubna_data_02_mir/recover-20220922/UBNA_001/20220921_090000.WAV,Telephone Field,recover-20220922,001,1795
1513.3115,1513.3185,28046,39610,Eptesicus serotinus,0.006,0.022,-1,Echolocation,/mnt/ubna_data_02_mir/recover-20220922/UBNA_001/20220921_090000.WAV,Telephone Field,recover-20220922,001,1795
1513.3195,1513.3582,68437,82764,Rhinolophus ferrumequinum,0.023,0.023,-1,Echolocation,/mnt/ubna_data_02_mir/recover-20220922/UBNA_001/20220921_090000.WAV,Telephone Field,recover-20220922,001,1795
1513.3595,1513.3987,68437,82362,Rhinolophus ferrumequinum,0.022,0.022,-1,Echolocation,/mnt/ubna_data_02_mir/recover-20220922/UBNA_001/20220921_090000.WAV,Telephone Field,recover-20220922,001,1795
1513.4185,1513.4603,68437,82952,Rhinolophus ferrumequinum,0.025,0.025,-1,Echolocation,/mnt/ubna_data_02_mir/recover-20220922/UBNA_001/20220921_090000.WAV,Telephone Field,recover-20220922,001,1795
1513.4545,1513.4602,38359,49678,Myotis daubentonii,0.011,0.027,-1,Echolocation,/mnt/ubna_data_02_mir/recover-20220922/UBNA_001/20220921_090000.WAV,Telephone Field,recover-20220922,001,1795
1513.4745,1513.4844,28046,36485,Eptesicus serotinus,0.011,0.025,-1,Echolocation,/mnt/ubna_data_02_mir/recover-20220922/UBNA_001/20220921_090000.WAV,Telephone Field,recover-20220922,001,1795
1513.5495,1513.5898,68437,82860,Rhinolophus ferrumequinum,0.025,0.025,-1,Echolocation,/mnt/ubna_data_02_mir/recover-20220922/UBNA_001/20220921_090000.WAV,Telephone Field,recover-20220922,001,1795
1513.5615,1513.5683,27187,40340,Eptesicus serotinus,0.006,0.026,-1,Echolocation,/mnt/ubna_data_02_mir/recover-20220922/UBNA_001/20220921_090000.WAV,Telephone Field,recover-20220922,001,1795
1513.6295,1513.6688,68437,81592,Rhinolophus ferrumequinum,0.023,0.023,-1,Echolocation,/mnt/ubna_data_02_mir/recover-20220922/UBNA_001/20220921_090000.WAV,Telephone Field,recover-20220922,001,1795
1513.6365,1513.6718,68437,81154,Rhinolophus ferrumequinum,0.022,0.022,-1,Echolocation,/mnt/ubna_data_02_mir/recover-20220922/UBNA_001/20220921_090000.WAV,Telephone Field,recover-20220922,001,1795
1513.6465,1513.6576,22031,26187,Nyctalus leisleri,0.013,0.024,-1,Echolocation,/mnt/ubna_data_02_mir/recover-20220922/UBNA_001/20220921_090000.WAV,Telephone Field,recover-20220922,001,1795
1513.7265,1513.7345,24609,32658,Plecotus austriacus,0.006,0.022,-1,Echolocation,/mnt/ubna_data_02_mir/recover-20220922/UBNA_001/20220921_090000.WAV,Telephone Field,recover-20220922,001,1795
1513.7445,1513.787,68437,83195,Rhinolophus ferrumequinum,0.029,0.029,-1,Echolocation,/mnt/ubna_data_02_mir/recover-20220922/UBNA_001/20220921_090000.WAV,Telephone Field,recover-20220922,001,1795
1513.7615,1513.7742,22031,27157,Nyctalus leisleri,0.018,0.046,-1,Echolocation,/mnt/ubna_data_02_mir/recover-20220922/UBNA_001/20220921_090000.WAV,Telephone Field,recover-20220922,001,1795
1513.8095,1513.819,37500,43855,Barbastellus barbastellus,0.009,0.024,-1,Echolocation,/mnt/ubna_data_02_mir/recover-20220922/UBNA_001/20220921_090000.WAV,Telephone Field,recover-20220922,001,1795
1513.8125,1513.8188,28046,38718,Eptesicus serotinus,0.008,0.028,-1,Echolocation,/mnt/ubna_data_02_mir/recover-20220922/UBNA_001/20220921_090000.WAV,Telephone Field,recover-20220922,001,1795
1513.8595,1513.8731,52968,57351,Pipistrellus pygmaeus,0.035,0.039,-1,Echolocation,/mnt/ubna_data_02_mir/recover-20220922/UBNA_001/20220921_090000.WAV,Telephone Field,recover-20220922,001,1795
1513.8795,1513.92,68437,82606,Rhinolophus ferrumequinum,0.027,0.027,-1,Echolocation,/mnt/ubna_data_02_mir/recover-20220922/UBNA_001/20220921_090000.WAV,Telephone Field,recover-20220922,001,1795
1513.8955,1513.9167,22031,25701,Nyctalus leisleri,0.021,0.045,-1,Echolocation,/mnt/ubna_data_02_mir/recover-20220922/UBNA_001/20220921_090000.WAV,Telephone Field,recover-20220922,001,1795
1513.9345,1513.9736,68437,83133,Rhinolophus ferrumequinum,0.024,0.024,-1,Echolocation,/mnt/ubna_data_02_mir/recover-20220922/UBNA_001/20220921_090000.WAV,Telephone Field,recover-20220922,001,1795
1513.9705,1513.9772,23750,35523,Plecotus austriacus,0.011,0.027,-1,Echolocation,/mnt/ubna_data_02_mir/recover-20220922/UBNA_001/20220921_090000.WAV,Telephone Field,recover-20220922,001,1795
1513.9825,1513.9918,22031,27999,Plecotus austriacus,0.008,0.022,-1,Echolocation,/mnt/ubna_data_02_mir/recover-20220922/UBNA_001/20220921_090000.WAV,Telephone Field,recover-20220922,001,1795
1513.9825,1513.9895,28046,38568,Eptesicus serotinus,0.007,0.022,-1,Echolocation,/mnt/ubna_data_02_mir/recover-20220922/UBNA_001/20220921_090000.WAV,Telephone Field,recover-20220922,001,1795
1514.0015,1514.0087,24609,36910,Plecotus austriacus,0.008,0.03,-1,Echolocation,/mnt/ubna_data_02_mir/recover-20220922/UBNA_001/20220921_090000.WAV,Telephone Field,recover-20220922,001,1795
1514.0015,1514.0078,46093,51760,Pipistrellus pipistrellus,0.022,0.029,-1,Echolocation,/mnt/ubna_data_02_mir/recover-20220922/UBNA_001/20220921_090000.WAV,Telephone Field,recover-20220922,001,1795
1514.0015,1514.0317,69296,81882,Rhinolophus ferrumequinum,0.025,0.025,-1,Echolocation,/mnt/ubna_data_02_mir/recover-20220922/UBNA_001/20220921_090000.WAV,Telephone Field,recover-20220922,001,1795
1514.0345,1514.0741,68437,82471,Rhinolophus ferrumequinum,0.02,0.02,-1,Echolocation,/mnt/ubna_data_02_mir/recover-20220922/UBNA_001/20220921_090000.WAV,Telephone Field,recover-20220922,001,1795
1514.0735,1514.1139,68437,82572,Rhinolophus ferrumequinum,0.025,0.025,-1,Echolocation,/mnt/ubna_data_02_mir/recover-20220922/UBNA_001/20220921_090000.WAV,Telephone Field,recover-20220922,001,1795
1514.0755,1514.0862,23750,29601,Nyctalus leisleri,0.01,0.023,-1,Echolocation,/mnt/ubna_data_02_mir/recover-20220922/UBNA_001/20220921_090000.WAV,Telephone Field,recover-20220922,001,1795
1514.1115,1514.151,68437,82093,Rhinolophus ferrumequinum,0.022,0.022,-1,Echolocation,/mnt/ubna_data_02_mir/recover-20220922/UBNA_001/20220921_090000.WAV,Telephone Field,recover-20220922,001,1795
1514.1185,1514.1263,28046,40157,Eptesicus serotinus,0.006,0.021,-1,Echolocation,/mnt/ubna_data_02_mir/recover-20220922/UBNA_001/20220921_090000.WAV,Telephone Field,recover-20220922,001,1795
1514.1225,1514.1609,68437,82379,Rhinolophus ferrumequinum,0.027,0.027,-1,Echolocation,/mnt/ubna_data_02_mir/recover-20220922/UBNA_001/20220921_090000.WAV,Telephone Field,recover-20220922,001,1795
1514.1445,1514.1514,28046,41793,Eptesicus serotinus,0.006,0.025,-1,Echolocation,/mnt/ubna_data_02_mir/recover-20220922/UBNA_001/20220921_090000.WAV,Telephone Field,recover-20220922,001,1795
1514.1495,1514.1876,68437,81772,Rhinolophus ferrumequinum,0.022,0.022,-1,Echolocation,/mnt/ubna_data_02_mir/recover-20220922/UBNA_001/20220921_090000.WAV,Telephone Field,recover-20220922,001,1795
1514.1535,1514.1643,28046,35537,Eptesicus serotinus,0.011,0.025,-1,Echolocation,/mnt/ubna_data_02_mir/recover-20220922/UBNA_001/20220921_090000.WAV,Telephone Field,recover-20220922,001,1795
1514.1705,1514.2089,68437,82291,Rhinolophus ferrumequinum,0.023,0.023,-1,Echolocation,/mnt/ubna_data_02_mir/recover-20220922/UBNA_001/20220921_090000.WAV,Telephone Field,recover-20220922,001,1795
1514.2525,1514.2932,68437,82630,Rhinolophus ferrumequinum,0.022,0.022,-1,Echolocation,/mnt/ubna_data_02_mir/recover-20220922/UBNA_001/20220921_090000.WAV,Telephone Field,recover-20220922,001,1795
1514.2595,1514.2688,28046,37265,Eptesicus serotinus,0.01,0.027,-1,Echolocation,/mnt/ubna_data_02_mir/recover-20220922/UBNA_001/20220921_090000.WAV,Telephone Field,recover-20220922,001,1795
1514.2665,1514.2748,27187,36999,Eptesicus serotinus,0.009,0.027,-1,Echolocation,/mnt/ubna_data_02_mir/recover-20220922/UBNA_001/20220921_090000.WAV,Telephone Field,recover-20220922,001,1795
1514.2805,1514.321,68437,82496,Rhinolophus ferrumequinum,0.022,0.022,-1,Echolocation,/mnt/ubna_data_02_mir/recover-20220922/UBNA_001/20220921_090000.WAV,Telephone Field,recover-20220922,001,1795
1514.2925,1514.3037,22031,26031,Nyctalus leisleri,0.013,0.023,-1,Echolocation,/mnt/ubna_data_02_mir/recover-20220922/UBNA_001/20220921_090000.WAV,Telephone Field,recover-20220922,001,1795
1514.3215,1514.3578,68437,82032,Rhinolophus ferrumequinum,0.023,0.023,-1,Echolocation,/mnt/ubna_data_02_mir/recover-20220922/UBNA_001/20220921_090000.WAV,Telephone Field,recover-20220922,001,1795
1514.3225,1514.3314,27187,39805,Eptesicus serotinus,0.008,0.023,-1,Echolocation,/mnt/ubna_data_02_mir/recover-20220922/UBNA_001/20220921_090000.WAV,Telephone Field,recover-20220922,001,1795
1514.3405,1514.3514,23750,29237,Nyctalus leisleri,0.011,0.026,-1,Echolocation,/mnt/ubna_data_02_mir/recover-20220922/UBNA_001/20220921_090000.WAV,Telephone Field,recover-20220922,001,1795
1514.3475,1514.3831,68437,81172,Rhinolophus ferrumequinum,0.021,0.021,-1,Echolocation,/mnt/ubna_data_02_mir/recover-20220922/UBNA_001/20220921_090000.WAV,Telephone Field,recover-20220922,001,1795
1514.3715,1514.3787,28046,37520,Eptesicus serotinus,0.007,0.023,-1,Echolocation,/mnt/ubna_data_02_mir/recover-20220922/UBNA_001/20220921_090000.WAV,Telephone Field,recover-20220922,001,1795
1514.4055,1514.4176,28046,35691,Eptesicus serotinus,0.018,0.032,-1,Echolocation,/mnt/ubna_data_02_mir/recover-20220922/UBNA_001/20220921_090000.WAV,Telephone Field,recover-20220922,001,1795
1514.4615,1514.4684,29765,39341,Myotis daubentonii,0.009,0.022,-1,Echolocation,/mnt/ubna_data_02_mir/recover-20220922/UBNA_001/20220921_090000.WAV,Telephone Field,recover-20220922,001,1795
1514.4905,1514.5291,68437,82384,Rhinolophus ferrumequinum,0.025,0.025,-1,Echolocation,/mnt/ubna_data_02_mir/recover-20220922/UBNA_001/20220921_090000.WAV,Telephone Field,recover-20220922,001,1795
1514.5135,1514.5537,68437,82040,Rhinolophus ferrumequinum,0.021,0.022,-1,Echolocation,/mnt/ubna_data_02_mir/recover-20220922/UBNA_001/20220921_090000.WAV,Telephone Field,recover-20220922,001,1795
1514.5725,1514.6133,68437,82428,Rhinolophus ferrumequinum,0.022,0.022,-1,Echolocation,/mnt/ubna_data_02_mir/recover-20220922/UBNA_001/20220921_090000.WAV,Telephone Field,recover-20220922,001,1795
1514.5795,1514.5868,26328,35289,Eptesicus serotinus,0.007,0.022,-1,Echolocation,/mnt/ubna_data_02_mir/recover-20220922/UBNA_001/20220921_090000.WAV,Telephone Field,recover-20220922,001,1795
1514.6525,1514.6627,23750,30199,Nyctalus leisleri,0.008,0.023,-1,Echolocation,/mnt/ubna_data_02_mir/recover-20220922/UBNA_001/20220921_090000.WAV,Telephone Field,recover-20220922,001,1795
1514.6625,1514.6728,28046,35688,Eptesicus serotinus,0.016,0.031,-1,Echolocation,/mnt/ubna_data_02_mir/recover-20220922/UBNA_001/20220921_090000.WAV,Telephone Field,recover-20220922,001,1795
1514.6865,1514.6952,28046,38086,Eptesicus serotinus,0.007,0.021,-1,Echolocation,/mnt/ubna_data_02_mir/recover-20220922/UBNA_001/20220921_090000.WAV,Telephone Field,recover-20220922,001,1795
1514.7095,1514.7504,68437,82671,Rhinolophus ferrumequinum,0.028,0.028,-1,Echolocation,/mnt/ubna_data_02_mir/recover-20220922/UBNA_001/20220921_090000.WAV,Telephone Field,recover-20220922,001,1795
1514.7145,1514.7261,23750,29197,Nyctalus leisleri,0.02,0.04,-1,Echolocation,/mnt/ubna_data_02_mir/recover-20220922/UBNA_001/20220921_090000.WAV,Telephone Field,recover-20220922,001,1795
1514.7365,1514.774,68437,81379,Rhinolophus ferrumequinum,0.02,0.02,-1,Echolocation,/mnt/ubna_data_02_mir/recover-20220922/UBNA_001/20220921_090000.WAV,Telephone Field,recover-20220922,001,1795
1514.7435,1514.7798,68437,81642,Rhinolophus ferrumequinum,0.021,0.021,-1,Echolocation,/mnt/ubna_data_02_mir/recover-20220922/UBNA_001/20220921_090000.WAV,Telephone Field,recover-20220922,001,1795
1514.7495,1514.756,13437,28220,Plecotus auritus,0.02,0.023,-1,Echolocation,/mnt/ubna_data_02_mir/recover-20220922/UBNA_001/20220921_090000.WAV,Telephone Field,recover-20220922,001,1795
1514.7585,1514.7689,23750,29722,Nyctalus leisleri,0.009,0.021,-1,Echolocation,/mnt/ubna_data_02_mir/recover-20220922/UBNA_001/20220921_090000.WAV,Telephone Field,recover-20220922,001,1795
1514.7685,1514.8028,68437,82176,Rhinolophus ferrumequinum,0.024,0.024,-1,Echolocation,/mnt/ubna_data_02_mir/recover-20220922/UBNA_001/20220921_090000.WAV,Telephone Field,recover-20220922,001,1795
1514.7845,1514.7951,22890,29500,Nyctalus leisleri,0.014,0.043,-1,Echolocation,/mnt/ubna_data_02_mir/recover-20220922/UBNA_001/20220921_090000.WAV,Telephone Field,recover-20220922,001,1795
1514.7865,1514.827,68437,82204,Rhinolophus ferrumequinum,0.021,0.021,-1,Echolocation,/mnt/ubna_data_02_mir/recover-20220922/UBNA_001/20220921_090000.WAV,Telephone Field,recover-20220922,001,1795
1514.8335,1514.8729,68437,82813,Rhinolophus ferrumequinum,0.028,0.028,-1,Echolocation,/mnt/ubna_data_02_mir/recover-20220922/UBNA_001/20220921_090000.WAV,Telephone Field,recover-20220922,001,1795
1514.8335,1514.848,33203,37921,Pipistrellus nathusii,0.012,0.036,-1,Echolocation,/mnt/ubna_data_02_mir/recover-20220922/UBNA_001/20220921_090000.WAV,Telephone Field,recover-20220922,001,1795
1514.8725,1514.9123,68437,82523,Rhinolophus ferrumequinum,0.025,0.025,-1,Echolocation,/mnt/ubna_data_02_mir/recover-20220922/UBNA_001/20220921_090000.WAV,Telephone Field,recover-20220922,001,1795
1514.9035,1514.9426,68437,81779,Rhinolophus ferrumequinum,0.021,0.021,-1,Echolocation,/mnt/ubna_data_02_mir/recover-20220922/UBNA_001/20220921_090000.WAV,Telephone Field,recover-20220922,001,1795
1514.9115,1514.9444,68437,80996,Rhinolophus ferrumequinum,0.02,0.021,-1,Echolocation,/mnt/ubna_data_02_mir/recover-20220922/UBNA_001/20220921_090000.WAV,Telephone Field,recover-20220922,001,1795
1514.9465,1514.956,22031,28046,Plecotus austriacus,0.008,0.021,-1,Echolocation,/mnt/ubna_data_02_mir/recover-20220922/UBNA_001/20220921_090000.WAV,Telephone Field,recover-20220922,001,1795
1514.9835,1514.9942,28906,34983,Eptesicus serotinus,0.009,0.024,-1,Echolocation,/mnt/ubna_data_02_mir/recover-20220922/UBNA_001/20220921_090000.WAV,Telephone Field,recover-20220922,001,1795
1515.0225,1515.0311,28906,38758,Eptesicus serotinus,0.008,0.023,-1,Echolocation,/mnt/ubna_data_02_mir/recover-20220922/UBNA_001/20220921_090000.WAV,Telephone Field,recover-20220922,001,1795
1515.1025,1515.1405,68437,82318,Rhinolophus ferrumequinum,0.022,0.022,-1,Echolocation,/mnt/ubna_data_02_mir/recover-20220922/UBNA_001/20220921_090000.WAV,Telephone Field,recover-20220922,001,1795
1515.1355,1515.1737,68437,82070,Rhinolophus ferrumequinum,0.022,0.022,-1,Echolocation,/mnt/ubna_data_02_mir/recover-20220922/UBNA_001/20220921_090000.WAV,Telephone Field,recover-20220922,001,1795
1515.1665,1515.205,68437,81950,Rhinolophus ferrumequinum,0.021,0.021,-1,Echolocation,/mnt/ubna_data_02_mir/recover-20220922/UBNA_001/20220921_090000.WAV,Telephone Field,recover-20220922,001,1795
1515.2025,1515.2125,14296,20200,Nyctalus noctula,0.017,0.031,-1,Echolocation,/mnt/ubna_data_02_mir/recover-20220922/UBNA_001/20220921_090000.WAV,Telephone Field,recover-20220922,001,1795
1515.2125,1515.2509,68437,81926,Rhinolophus ferrumequinum,0.021,0.021,-1,Echolocation,/mnt/ubna_data_02_mir/recover-20220922/UBNA_001/20220921_090000.WAV,Telephone Field,recover-20220922,001,1795
1515.2225,1515.2629,68437,82144,Rhinolophus ferrumequinum,0.022,0.022,-1,Echolocation,/mnt/ubna_data_02_mir/recover-20220922/UBNA_001/20220921_090000.WAV,Telephone Field,recover-20220922,001,1795
1515.2485,1515.2871,68437,81899,Rhinolophus ferrumequinum,0.027,0.027,-1,Echolocation,/mnt/ubna_data_02_mir/recover-20220922/UBNA_001/20220921_090000.WAV,Telephone Field,recover-20220922,001,1795
1515.2605,1515.268,28046,37671,Eptesicus serotinus,0.006,0.022,-1,Echolocation,/mnt/ubna_data_02_mir/recover-20220922/UBNA_001/20220921_090000.WAV,Telephone Field,recover-20220922,001,1795
1515.2745,1515.3137,68437,81849,Rhinolophus ferrumequinum,0.024,0.024,-1,Echolocation,/mnt/ubna_data_02_mir/recover-20220922/UBNA_001/20220921_090000.WAV,Telephone Field,recover-20220922,001,1795
1515.3015,1515.3405,68437,81792,Rhinolophus ferrumequinum,0.025,0.025,-1,Echolocation,/mnt/ubna_data_02_mir/recover-20220922/UBNA_001/20220921_090000.WAV,Telephone Field,recover-20220922,001,1795
1515.3665,1515.4067,68437,82392,Rhinolophus ferrumequinum,0.029,0.029,-1,Echolocation,/mnt/ubna_data_02_mir/recover-20220922/UBNA_001/20220921_090000.WAV,Telephone Field,recover-20220922,001,1795
1515.3815,1515.3889,23750,31770,Plecotus austriacus,0.008,0.02,-1,Echolocation,/mnt/ubna_data_02_mir/recover-20220922/UBNA_001/20220921_090000.WAV,Telephone Field,recover-20220922,001,1795
1515.4355,1515.4776,68437,82980,Rhinolophus ferrumequinum,0.027,0.027,-1,Echolocation,/mnt/ubna_data_02_mir/recover-20220922/UBNA_001/20220921_090000.WAV,Telephone Field,recover-20220922,001,1795
1515.4545,1515.4642,24609,30819,Nyctalus leisleri,0.008,0.023,-1,Echolocation,/mnt/ubna_data_02_mir/recover-20220922/UBNA_001/20220921_090000.WAV,Telephone Field,recover-20220922,001,1795
1515.4575,1515.4963,68437,82035,Rhinolophus ferrumequinum,0.021,0.021,-1,Echolocation,/mnt/ubna_data_02_mir/recover-20220922/UBNA_001/20220921_090000.WAV,Telephone Field,recover-20220922,001,1795
1515.4615,1515.4698,28046,39663,Eptesicus serotinus,0.006,0.022,-1,Echolocation,/mnt/ubna_data_02_mir/recover-20220922/UBNA_001/20220921_090000.WAV,Telephone Field,recover-20220922,001,1795
1515.4945,1515.5343,68437,82676,Rhinolophus ferrumequinum,0.035,0.035,-1,Echolocation,/mnt/ubna_data_02_mir/recover-20220922/UBNA_001/20220921_090000.WAV,Telephone Field,recover-20220922,001,1795
1515.5435,1515.5561,22031,25789,Nyctalus leisleri,0.013,0.023,-1,Echolocation,/mnt/ubna_data_02_mir/recover-20220922/UBNA_001/20220921_090000.WAV,Telephone Field,recover-20220922,001,1795
1515.5435,1515.5803,68437,81783,Rhinolophus ferrumequinum,0.021,0.021,-1,Echolocation,/mnt/ubna_data_02_mir/recover-20220922/UBNA_001/20220921_090000.WAV,Telephone Field,recover-20220922,001,1795
1515.5745,1515.6145,68437,82524,Rhinolophus ferrumequinum,0.022,0.022,-1,Echolocation,/mnt/ubna_data_02_mir/recover-20220922/UBNA_001/20220921_090000.WAV,Telephone Field,recover-20220922,001,1795
1515.5785,1515.5911,22890,26746,Nyctalus leisleri,0.018,0.03,-1,Echolocation,/mnt/ubna_data_02_mir/recover-20220922/UBNA_001/20220921_090000.WAV,Telephone Field,recover-20220922,001,1795
1515.5905,1515.5993,28046,38260,Eptesicus serotinus,0.008,0.022,-1,Echolocation,/mnt/ubna_data_02_mir/recover-20220922/UBNA_001/20220921_090000.WAV,Telephone Field,recover-20220922,001,1795
1515.6095,1515.6518,68437,82960,Rhinolophus ferrumequinum,0.027,0.027,-1,Echolocation,/mnt/ubna_data_02_mir/recover-20220922/UBNA_001/20220921_090000.WAV,Telephone Field,recover-20220922,001,1795
1515.6165,1515.6257,24609,31699,Nyctalus leisleri,0.007,0.021,-1,Echolocation,/mnt/ubna_data_02_mir/recover-20220922/UBNA_001/20220921_090000.WAV,Telephone Field,recover-20220922,001,1795
1515.6425,1515.6523,28046,36775,Eptesicus serotinus,0.012,0.03,-1,Echolocation,/mnt/ubna_data_02_mir/recover-20220922/UBNA_001/20220921_090000.WAV,Telephone Field,recover-20220922,001,1795
1515.6755,1515.6876,30625,36088,Eptesicus serotinus,0.055,0.117,-1,Echolocation,/mnt/ubna_data_02_mir/recover-20220922/UBNA_001/20220921_090000.WAV,Telephone Field,recover-20220922,001,1795
1515.6895,1515.6962,28046,38530,Eptesicus serotinus,0.007,0.026,-1,Echolocation,/mnt/ubna_data_02_mir/recover-20220922/UBNA_001/20220921_090000.WAV,Telephone Field,recover-20220922,001,1795
1515.7075,1515.7516,68437,83553,Rhinolophus ferrumequinum,0.027,0.027,-1,Echolocation,/mnt/ubna_data_02_mir/recover-20220922/UBNA_001/20220921_090000.WAV,Telephone Field,recover-20220922,001,1795
1515.7155,1515.7229,23750,32329,Plecotus austriacus,0.009,0.022,-1,Echolocation,/mnt/ubna_data_02_mir/recover-20220922/UBNA_001/20220921_090000.WAV,Telephone Field,recover-20220922,001,1795
1515.7425,1515.7802,68437,81759,Rhinolophus ferrumequinum,0.021,0.021,-1,Echolocation,/mnt/ubna_data_02_mir/recover-20220922/UBNA_001/20220921_090000.WAV,Telephone Field,recover-20220922,001,1795
1515.7665,1515.7759,28906,38027,Eptesicus serotinus,0.009,0.023,-1,Echolocation,/mnt/ubna_data_02_mir/recover-20220922/UBNA_001/20220921_090000.WAV,Telephone Field,recover-20220922,001,1795
1515.8115,1515.8198,29765,40675,Myotis daubentonii,0.007,0.023,-1,Echolocation,/mnt/ubna_data_02_mir/recover-20220922/UBNA_001/20220921_090000.WAV,Telephone Field,recover-20220922,001,1795
1515.8115,1515.8532,68437,82485,Rhinolophus ferrumequinum,0.021,0.021,-1,Echolocation,/mnt/ubna_data_02_mir/recover-20220922/UBNA_001/20220921_090000.WAV,Telephone Field,recover-20220922,001,1795
1515.8195,1515.8576,68437,82174,Rhinolophus ferrumequinum,0.021,0.021,-1,Echolocation,/mnt/ubna_data_02_mir/recover-20220922/UBNA_001/20220921_090000.WAV,Telephone Field,recover-20220922,001,1795
1515.8485,1515.8579,24609,32152,Nyctalus leisleri,0.008,0.025,-1,Echolocation,/mnt/ubna_data_02_mir/recover-20220922/UBNA_001/20220921_090000.WAV,Telephone Field,recover-20220922,001,1795
1515.8885,1515.8983,27187,36507,Eptesicus serotinus,0.008,0.022,-1,Echolocation,/mnt/ubna_data_02_mir/recover-20220922/UBNA_001/20220921_090000.WAV,Telephone Field,recover-20220922,001,1795
1515.9195,1515.9255,26328,42119,Myotis nattereri,0.006,0.027,-1,Echolocation,/mnt/ubna_data_02_mir/recover-20220922/UBNA_001/20220921_090000.WAV,Telephone Field,recover-20220922,001,1795
1515.9345,1515.9738,68437,82801,Rhinolophus ferrumequinum,0.022,0.022,-1,Echolocation,/mnt/ubna_data_02_mir/recover-20220922/UBNA_001/20220921_090000.WAV,Telephone Field,recover-20220922,001,1795
1515.9375,1515.9444,28046,38510,Eptesicus serotinus,0.006,0.023,-1,Echolocation,/mnt/ubna_data_02_mir/recover-20220922/UBNA_001/20220921_090000.WAV,Telephone Field,recover-20220922,001,1795
1516.0015,1516.0361,68437,79982,Rhinolophus ferrumequinum,0.12,0.12,-1,Echolocation,/mnt/ubna_data_02_mir/recover-20220922/UBNA_001/20220921_090000.WAV,Telephone Field,recover-20220922,001,1795
1516.0015,1516.0092,25468,37493,Eptesicus serotinus,0.004,0.022,-1,Echolocation,/mnt/ubna_data_02_mir/recover-20220922/UBNA_001/20220921_090000.WAV,Telephone Field,recover-20220922,001,1795
1516.0095,1516.0535,68437,83468,Rhinolophus ferrumequinum,0.024,0.024,-1,Echolocation,/mnt/ubna_data_02_mir/recover-20220922/UBNA_001/20220921_090000.WAV,Telephone Field,recover-20220922,001,1795
1516.0275,1516.0364,28906,37930,Eptesicus serotinus,0.008,0.022,-1,Echolocation,/mnt/ubna_data_02_mir/recover-20220922/UBNA_001/20220921_090000.WAV,Telephone Field,recover-20220922,001,1795
1516.0315,1516.0704,68437,81854,Rhinolophus ferrumequinum,0.022,0.022,-1,Echolocation,/mnt/ubna_data_02_mir/recover-20220922/UBNA_001/20220921_090000.WAV,Telephone Field,recover-20220922,001,1795
1516.0455,1516.0846,68437,82475,Rhinolophus ferrumequinum,0.024,0.025,-1,Echolocation,/mnt/ubna_data_02_mir/recover-20220922/UBNA_001/20220921_090000.WAV,Telephone Field,recover-20220922,001,1795
1516.1055,1516.1483,68437,82581,Rhinolophus ferrumequinum,0.031,0.031,-1,Echolocation,/mnt/ubna_data_02_mir/recover-20220922/UBNA_001/20220921_090000.WAV,Telephone Field,recover-20220922,001,1795
1516.1165,1516.1247,23750,32001,Plecotus austriacus,0.008,0.022,-1,Echolocation,/mnt/ubna_data_02_mir/recover-20220922/UBNA_001/20220921_090000.WAV,Telephone Field,recover-20220922,001,1795
1516.1365,1516.1752,68437,82359,Rhinolophus ferrumequinum,0.026,0.026,-1,Echolocation,/mnt/ubna_data_02_mir/recover-20220922/UBNA_001/20220921_090000.WAV,Telephone Field,recover-20220922,001,1795
1516.1735,1516.2121,68437,82179,Rhinolophus ferrumequinum,0.022,0.022,-1,Echolocation,/mnt/ubna_data_02_mir/recover-20220922/UBNA_001/20220921_090000.WAV,Telephone Field,recover-20220922,001,1795
1516.1885,1516.2251,68437,82419,Rhinolophus ferrumequinum,0.022,0.022,-1,Echolocation,/mnt/ubna_data_02_mir/recover-20220922/UBNA_001/20220921_090000.WAV,Telephone Field,recover-20220922,001,1795
1516.2015,1516.2118,22031,27335,Nyctalus leisleri,0.01,0.026,-1,Echolocation,/mnt/ubna_data_02_mir/recover-20220922/UBNA_001/20220921_090000.WAV,Telephone Field,recover-20220922,001,1795
1516.2285,1516.2671,68437,82186,Rhinolophus ferrumequinum,0.025,0.025,-1,Echolocation,/mnt/ubna_data_02_mir/recover-20220922/UBNA_001/20220921_090000.WAV,Telephone Field,recover-20220922,001,1795
1516.2775,1516.3138,68437,81612,Rhinolophus ferrumequinum,0.022,0.022,-1,Echolocation,/mnt/ubna_data_02_mir/recover-20220922/UBNA_001/20220921_090000.WAV,Telephone Field,recover-20220922,001,1795
1516.2825,1516.2938,23750,30093,Nyctalus leisleri,0.011,0.025,-1,Echolocation,/mnt/ubna_data_02_mir/recover-20220922/UBNA_001/20220921_090000.WAV,Telephone Field,recover-20220922,001,1795
1516.2945,1516.3027,23750,31450,Plecotus austriacus,0.009,0.022,-1,Echolocation,/mnt/ubna_data_02_mir/recover-20220922/UBNA_001/20220921_090000.WAV,Telephone Field,recover-20220922,001,1795
1516.3165,1516.3554,68437,81990,Rhinolophus ferrumequinum,0.023,0.023,-1,Echolocation,/mnt/ubna_data_02_mir/recover-20220922/UBNA_001/20220921_090000.WAV,Telephone Field,recover-20220922,001,1795
1516.3425,1516.3583,22031,25970,Nyctalus leisleri,0.013,0.023,-1,Echolocation,/mnt/ubna_data_02_mir/recover-20220922/UBNA_001/20220921_090000.WAV,Telephone Field,recover-20220922,001,1795
1516.3485,1516.3602,35781,40104,Pipistrellus nathusii,0.016,0.033,-1,Echolocation,/mnt/ubna_data_02_mir/recover-20220922/UBNA_001/20220921_090000.WAV,Telephone Field,recover-20220922,001,1795
1516.3645,1516.4053,68437,82301,Rhinolophus ferrumequinum,0.023,0.023,-1,Echolocation,/mnt/ubna_data_02_mir/recover-20220922/UBNA_001/20220921_090000.WAV,Telephone Field,recover-20220922,001,1795
1516.3685,1516.3779,28906,36338,Eptesicus serotinus,0.008,0.022,-1,Echolocation,/mnt/ubna_data_02_mir/recover-20220922/UBNA_001/20220921_090000.WAV,Telephone Field,recover-20220922,001,1795
1516.3995,1516.4405,68437,82805,Rhinolophus ferrumequinum,0.023,0.023,-1,Echolocation,/mnt/ubna_data_02_mir/recover-20220922/UBNA_001/20220921_090000.WAV,Telephone Field,recover-20220922,001,1795
1516.4095,1516.4199,22890,28258,Nyctalus leisleri,0.012,0.025,-1,Echolocation,/mnt/ubna_data_02_mir/recover-20220922/UBNA_001/20220921_090000.WAV,Telephone Field,recover-20220922,001,1795
1516.4465,1516.4856,68437,82484,Rhinolophus ferrumequinum,0.026,0.026,-1,Echolocation,/mnt/ubna_data_02_mir/recover-20220922/UBNA_001/20220921_090000.WAV,Telephone Field,recover-20220922,001,1795
1516.4555,1516.4635,28906,39228,Eptesicus serotinus,0.008,0.022,-1,Echolocation,/mnt/ubna_data_02_mir/recover-20220922/UBNA_001/20220921_090000.WAV,Telephone Field,recover-20220922,001,1795
1516.4705,1516.5129,68437,83158,Rhinolophus ferrumequinum,0.03,0.03,-1,Echolocation,/mnt/ubna_data_02_mir/recover-20220922/UBNA_001/20220921_090000.WAV,Telephone Field,recover-20220922,001,1795
1516.4785,1516.52,68437,83174,Rhinolophus ferrumequinum,0.025,0.025,-1,Echolocation,/mnt/ubna_data_02_mir/recover-20220922/UBNA_001/20220921_090000.WAV,Telephone Field,recover-20220922,001,1795
1516.4935,1516.5073,14296,19081,Nyctalus noctula,0.018,0.028,-1,Echolocation,/mnt/ubna_data_02_mir/recover-20220922/UBNA_001/20220921_090000.WAV,Telephone Field,recover-20220922,001,1795
1516.5165,1516.5573,68437,82789,Rhinolophus ferrumequinum,0.025,0.025,-1,Echolocation,/mnt/ubna_data_02_mir/recover-20220922/UBNA_001/20220921_090000.WAV,Telephone Field,recover-20220922,001,1795
1516.5775,1516.6204,68437,83551,Rhinolophus ferrumequinum,0.044,0.044,-1,Echolocation,/mnt/ubna_data_02_mir/recover-20220922/UBNA_001/20220921_090000.WAV,Telephone Field,recover-20220922,001,1795
1516.5995,1516.6377,68437,81922,Rhinolophus ferrumequinum,0.023,0.023,-1,Echolocation,/mnt/ubna_data_02_mir/recover-20220922/UBNA_001/20220921_090000.WAV,Telephone Field,recover-20220922,001,1795
1516.6085,1516.6501,68437,82464,Rhinolophus ferrumequinum,0.024,0.024,-1,Echolocation,/mnt/ubna_data_02_mir/recover-20220922/UBNA_001/20220921_090000.WAV,Telephone Field,recover-20220922,001,1795
1516.6375,1516.6792,68437,82667,Rhinolophus ferrumequinum,0.033,0.033,-1,Echolocation,/mnt/ubna_data_02_mir/recover-20220922/UBNA_001/20220921_090000.WAV,Telephone Field,recover-20220922,001,1795
1516.6655,1516.7028,68437,81453,Rhinolophus ferrumequinum,0.022,0.022,-1,Echolocation,/mnt/ubna_data_02_mir/recover-20220922/UBNA_001/20220921_090000.WAV,Telephone Field,recover-20220922,001,1795
1516.7085,1516.7482,68437,81566,Rhinolophus ferrumequinum,0.027,0.027,-1,Echolocation,/mnt/ubna_data_02_mir/recover-20220922/UBNA_001/20220921_090000.WAV,Telephone Field,recover-20220922,001,1795
1516.7355,1516.749,28906,34929,Eptesicus serotinus,0.014,0.025,-1,Echolocation,/mnt/ubna_data_02_mir/recover-20220922/UBNA_001/20220921_090000.WAV,Telephone Field,recover-20220922,001,1795
1516.7745,1516.7833,44375,53208,Pipistrellus pipistrellus,0.013,0.022,-1,Echolocation,/mnt/ubna_data_02_mir/recover-20220922/UBNA_001/20220921_090000.WAV,Telephone Field,recover-20220922,001,1795
1516.7805,1516.7933,24609,28940,Nyctalus leisleri,0.017,0.034,-1,Echolocation,/mnt/ubna_data_02_mir/recover-20220922/UBNA_001/20220921_090000.WAV,Telephone Field,recover-20220922,001,1795
1516.7955,1516.8349,68437,82596,Rhinolophus ferrumequinum,0.027,0.027,-1,Echolocation,/mnt/ubna_data_02_mir/recover-20220922/UBNA_001/20220921_090000.WAV,Telephone Field,recover-20220922,001,1795
1516.8075,1516.8198,25468,31342,Eptesicus serotinus,0.018,0.042,-1,Echolocation,/mnt/ubna_data_02_mir/recover-20220922/UBNA_001/20220921_090000.WAV,Telephone Field,recover-20220922,001,1795
1516.8445,1516.8522,50390,54545,Pipistrellus pipistrellus,0.021,0.024,-1,Echolocation,/mnt/ubna_data_02_mir/recover-20220922/UBNA_001/20220921_090000.WAV,Telephone Field,recover-20220922,001,1795
1516.8475,1516.8869,68437,83420,Rhinolophus ferrumequinum,0.034,0.034,-1,Echolocation,/mnt/ubna_data_02_mir/recover-20220922/UBNA_001/20220921_090000.WAV,Telephone Field,recover-20220922,001,1795
1516.8935,1516.9355,68437,83557,Rhinolophus ferrumequinum,0.037,0.037,-1,Echolocation,/mnt/ubna_data_02_mir/recover-20220922/UBNA_001/20220921_090000.WAV,Telephone Field,recover-20220922,001,1795
1516.9195,1516.9555,68437,81340,Rhinolophus ferrumequinum,0.022,0.022,-1,Echolocation,/mnt/ubna_data_02_mir/recover-20220922/UBNA_001/20220921_090000.WAV,Telephone Field,recover-20220922,001,1795
1516.9375,1516.9781,68437,82496,Rhinolophus ferrumequinum,0.026,0.026,-1,Echolocation,/mnt/ubna_data_02_mir/recover-20220922/UBNA_001/20220921_090000.WAV,Telephone Field,recover-20220922,001,1795
1516.9465,1516.9834,68437,81910,Rhinolophus ferrumequinum,0.025,0.025,-1,Echolocation,/mnt/ubna_data_02_mir/recover-20220922/UBNA_001/20220921_090000.WAV,Telephone Field,recover-20220922,001,1795
1516.9525,1516.9896,68437,82158,Rhinolophus ferrumequinum,0.022,0.022,-1,Echolocation,/mnt/ubna_data_02_mir/recover-20220922/UBNA_001/20220921_090000.WAV,Telephone Field,recover-20220922,001,1795
1517.0135,1517.0527,68437,81823,Rhinolophus ferrumequinum,0.022,0.022,-1,Echolocation,/mnt/ubna_data_02_mir/recover-20220922/UBNA_001/20220921_090000.WAV,Telephone Field,recover-20220922,001,1795
1517.0305,1517.0678,68437,81643,Rhinolophus ferrumequinum,0.022,0.022,-1,Echolocation,/mnt/ubna_data_02_mir/recover-20220922/UBNA_001/20220921_090000.WAV,Telephone Field,recover-20220922,001,1795
1517.0355,1517.0718,68437,81952,Rhinolophus ferrumequinum,0.021,0.022,-1,Echolocation,/mnt/ubna_data_02_mir/recover-20220922/UBNA_001/20220921_090000.WAV,Telephone Field,recover-20220922,001,1795
1517.0575,1517.0995,68437,82783,Rhinolophus ferrumequinum,0.027,0.027,-1,Echolocation,/mnt/ubna_data_02_mir/recover-20220922/UBNA_001/20220921_090000.WAV,Telephone Field,recover-20220922,001,1795
1517.0635,1517.0705,28046,41297,Eptesicus serotinus,0.006,0.022,-1,Echolocation,/mnt/ubna_data_02_mir/recover-20220922/UBNA_001/20220921_090000.WAV,Telephone Field,recover-20220922,001,1795
1517.0795,1517.1169,68437,81914,Rhinolophus ferrumequinum,0.023,0.023,-1,Echolocation,/mnt/ubna_data_02_mir/recover-20220922/UBNA_001/20220921_090000.WAV,Telephone Field,recover-20220922,001,1795
1517.1125,1517.1208,26328,34787,Eptesicus serotinus,0.013,0.031,-1,Echolocation,/mnt/ubna_data_02_mir/recover-20220922/UBNA_001/20220921_090000.WAV,Telephone Field,recover-20220922,001,1795
1517.1325,1517.1779,68437,83606,Rhinolophus ferrumequinum,0.056,0.056,-1,Echolocation,/mnt/ubna_data_02_mir/recover-20220922/UBNA_001/20220921_090000.WAV,Telephone Field,recover-20220922,001,1795
1517.1545,1517.1647,24609,31149,Eptesicus serotinus,0.008,0.023,-1,Echolocation,/mnt/ubna_data_02_mir/recover-20220922/UBNA_001/20220921_090000.WAV,Telephone Field,recover-20220922,001,1795
1517.1575,1517.1976,68437,82320,Rhinolophus ferrumequinum,0.022,0.022,-1,Echolocation,/mnt/ubna_data_02_mir/recover-20220922/UBNA_001/20220921_090000.WAV,Telephone Field,recover-20220922,001,1795
1517.1685,1517.2091,68437,82742,Rhinolophus ferrumequinum,0.022,0.022,-1,Echolocation,/mnt/ubna_data_02_mir/recover-20220922/UBNA_001/20220921_090000.WAV,Telephone Field,recover-20220922,001,1795
1517.1695,1517.1786,29765,38914,Eptesicus serotinus,0.01,0.027,-1,Echolocation,/mnt/ubna_data_02_mir/recover-20220922/UBNA_001/20220921_090000.WAV,Telephone Field,recover-20220922,001,1795
1517.1715,1517.1805,24609,32997,Plecotus austriacus,0.008,0.027,-1,Echolocation,/mnt/ubna_data_02_mir/recover-20220922/UBNA_001/20220921_090000.WAV,Telephone Field,recover-20220922,001,1795
1517.1765,1517.1875,23750,29175,Nyctalus leisleri,0.013,0.027,-1,Echolocation,/mnt/ubna_data_02_mir/recover-20220922/UBNA_001/20220921_090000.WAV,Telephone Field,recover-20220922,001,1795
1517.1855,1517.2285,68437,83647,Rhinolophus ferrumequinum,0.031,0.031,-1,Echolocation,/mnt/ubna_data_02_mir/recover-20220922/UBNA_001/20220921_090000.WAV,Telephone Field,recover-20220922,001,1795
1517.2145,1517.2219,26328,37420,Eptesicus serotinus,0.007,0.024,-1,Echolocation,/mnt/ubna_data_02_mir/recover-20220922/UBNA_001/20220921_090000.WAV,Telephone Field,recover-20220922,001,1795
1517.2465,1517.2819,68437,81446,Rhinolophus ferrumequinum,0.021,0.021,-1,Echolocation,/mnt/ubna_data_02_mir/recover-20220922/UBNA_001/20220921_090000.WAV,Telephone Field,recover-20220922,001,1795
1517.2885,1517.2972,23750,31708,Plecotus austriacus,0.006,0.023,-1,Echolocation,/mnt/ubna_data_02_mir/recover-20220922/UBNA_001/20220921_090000.WAV,Telephone Field,recover-20220922,001,1795
1517.2955,1517.3061,26328,34243,Eptesicus serotinus,0.013,0.025,-1,Echolocation,/mnt/ubna_data_02_mir/recover-20220922/UBNA_001/20220921_090000.WAV,Telephone Field,recover-20220922,001,1795
1517.3365,1517.3774,68437,82726,Rhinolophus ferrumequinum,0.031,0.031,-1,Echolocation,/mnt/ubna_data_02_mir/recover-20220922/UBNA_001/20220921_090000.WAV,Telephone Field,recover-20220922,001,1795
1517.3645,1517.4041,68437,82425,Rhinolophus ferrumequinum,0.025,0.025,-1,Echolocation,/mnt/ubna_data_02_mir/recover-20220922/UBNA_001/20220921_090000.WAV,Telephone Field,recover-20220922,001,1795
1517.3965,1517.4038,22890,31326,Plecotus austriacus,0.014,0.027,-1,Echolocation,/mnt/ubna_data_02_mir/recover-20220922/UBNA_001/20220921_090000.WAV,Telephone Field,recover-20220922,001,1795
1517.4025,1517.4414,68437,82402,Rhinolophus ferrumequinum,0.024,0.024,-1,Echolocation,/mnt/ubna_data_02_mir/recover-20220922/UBNA_001/20220921_090000.WAV,Telephone Field,recover-20220922,001,1795
1517.4495,1517.4872,68437,82344,Rhinolophus ferrumequinum,0.023,0.023,-1,Echolocation,/mnt/ubna_data_02_mir/recover-20220922/UBNA_001/20220921_090000.WAV,Telephone Field,recover-20220922,001,1795
1517.4555,1517.4943,68437,82439,Rhinolophus ferrumequinum,0.023,0.023,-1,Echolocation,/mnt/ubna_data_02_mir/recover-20220922/UBNA_001/20220921_090000.WAV,Telephone Field,recover-20220922,001,1795
1517.4835,1517.5249,68437,82366,Rhinolophus ferrumequinum,0.029,0.029,-1,Echolocation,/mnt/ubna_data_02_mir/recover-20220922/UBNA_001/20220921_090000.WAV,Telephone Field,recover-20220922,001,1795
1517.4975,1517.538,68437,82685,Rhinolophus ferrumequinum,0.029,0.029,-1,Echolocation,/mnt/ubna_data_02_mir/recover-20220922/UBNA_001/20220921_090000.WAV,Telephone Field,recover-20220922,001,1795
1517.5505,1517.5939,68437,83715,Rhinolophus ferrumequinum,0.037,0.037,-1,Echolocation,/mnt/ubna_data_02_mir/recover-20220922/UBNA_001/20220921_090000.WAV,Telephone Field,recover-20220922,001,1795
1517.5615,1517.5705,23750,31718,Plecotus austriacus,0.011,0.033,-1,Echolocation,/mnt/ubna_data_02_mir/recover-20220922/UBNA_001/20220921_090000.WAV,Telephone Field,recover-20220922,001,1795
1517.5695,1517.5792,46953,52563,Pipistrellus pipistrellus,0.031,0.035,-1,Echolocation,/mnt/ubna_data_02_mir/recover-20220922/UBNA_001/20220921_090000.WAV,Telephone Field,recover-20220922,001,1795
1517.6225,1517.6601,68437,82732,Rhinolophus ferrumequinum,0.023,0.023,-1,Echolocation,/mnt/ubna_data_02_mir/recover-20220922/UBNA_001/20220921_090000.WAV,Telephone Field,recover-20220922,001,1795
1517.6535,1517.6921,68437,81532,Rhinolophus ferrumequinum,0.023,0.023,-1,Echolocation,/mnt/ubna_data_02_mir/recover-20220922/UBNA_001/20220921_090000.WAV,Telephone Field,recover-20220922,001,1795
1517.6955,1517.7364,68437,82240,Rhinolophus ferrumequinum,0.025,0.025,-1,Echolocation,/mnt/ubna_data_02_mir/recover-20220922/UBNA_001/20220921_090000.WAV,Telephone Field,recover-20220922,001,1795
1517.7035,1517.7438,68437,82543,Rhinolophus ferrumequinum,0.023,0.023,-1,Echolocation,/mnt/ubna_data_02_mir/recover-20220922/UBNA_001/20220921_090000.WAV,Telephone Field,recover-20220922,001,1795
1517.7275,1517.738,22890,29280,Nyctalus leisleri,0.009,0.025,-1,Echolocation,/mnt/ubna_data_02_mir/recover-20220922/UBNA_001/20220921_090000.WAV,Telephone Field,recover-20220922,001,1795
1517.7285,1517.7658,68437,81813,Rhinolophus ferrumequinum,0.022,0.022,-1,Echolocation,/mnt/ubna_data_02_mir/recover-20220922/UBNA_001/20220921_090000.WAV,Telephone Field,recover-20220922,001,1795
1517.7315,1517.74,28906,38827,Eptesicus serotinus,0.01,0.024,-1,Echolocation,/mnt/ubna_data_02_mir/recover-20220922/UBNA_001/20220921_090000.WAV,Telephone Field,recover-20220922,001,1795
1517.7565,1517.7651,26328,34684,Eptesicus serotinus,0.011,0.029,-1,Echolocation,/mnt/ubna_data_02_mir/recover-20220922/UBNA_001/20220921_090000.WAV,Telephone Field,recover-20220922,001,1795
1517.7565,1517.7959,68437,81895,Rhinolophus ferrumequinum,0.03,0.03,-1,Echolocation,/mnt/ubna_data_02_mir/recover-20220922/UBNA_001/20220921_090000.WAV,Telephone Field,recover-20220922,001,1795
1517.8255,1517.8647,68437,81574,Rhinolophus ferrumequinum,0.025,0.025,-1,Echolocation,/mnt/ubna_data_02_mir/recover-20220922/UBNA_001/20220921_090000.WAV,Telephone Field,recover-20220922,001,1795
1517.8475,1517.8575,22890,28681,Nyctalus leisleri,0.011,0.026,-1,Echolocation,/mnt/ubna_data_02_mir/recover-20220922/UBNA_001/20220921_090000.WAV,Telephone Field,recover-20220922,001,1795
1517.8545,1517.8881,68437,80231,Rhinolophus ferrumequinum,0.021,0.021,-1,Echolocation,/mnt/ubna_data_02_mir/recover-20220922/UBNA_001/20220921_090000.WAV,Telephone Field,recover-20220922,001,1795
1517.8805,1517.9214,68437,82471,Rhinolophus ferrumequinum,0.023,0.023,-1,Echolocation,/mnt/ubna_data_02_mir/recover-20220922/UBNA_001/20220921_090000.WAV,Telephone Field,recover-20220922,001,1795
1517.9225,1517.9624,68437,82356,Rhinolophus ferrumequinum,0.024,0.024,-1,Echolocation,/mnt/ubna_data_02_mir/recover-20220922/UBNA_001/20220921_090000.WAV,Telephone Field,recover-20220922,001,1795
1517.9375,1517.9437,28046,41874,Eptesicus serotinus,0.005,0.022,-1,Echolocation,/mnt/ubna_data_02_mir/recover-20220922/UBNA_001/20220921_090000.WAV,Telephone Field,recover-20220922,001,1795
1518.0015,1518.0124,48671,52586,Pipistrellus pipistrellus,0.043,0.052,-1,Echolocation,/mnt/ubna_data_02_mir/recover-20220922/UBNA_001/20220921_090000.WAV,Telephone Field,recover-20220922,001,1795
1518.0015,1518.0097,22890,29793,Nyctalus leisleri,0.009,0.026,-1,Echolocation,/mnt/ubna_data_02_mir/recover-20220922/UBNA_001/20220921_090000.WAV,Telephone Field,recover-20220922,001,1795
1518.0015,1518.0327,68437,79254,Rhinolophus ferrumequinum,0.028,0.029,-1,Echolocation,/mnt/ubna_data_02_mir/recover-20220922/UBNA_001/20220921_090000.WAV,Telephone Field,recover-20220922,001,1795
1518.0125,1518.0195,28046,39264,Eptesicus serotinus,0.006,0.021,-1,Echolocation,/mnt/ubna_data_02_mir/recover-20220922/UBNA_001/20220921_090000.WAV,Telephone Field,recover-20220922,001,1795
1518.0175,1518.058,68437,82991,Rhinolophus ferrumequinum,0.023,0.023,-1,Echolocation,/mnt/ubna_data_02_mir/recover-20220922/UBNA_001/20220921_090000.WAV,Telephone Field,recover-20220922,001,1795
1518.0475,1518.0836,68437,81759,Rhinolophus ferrumequinum,0.025,0.025,-1,Echolocation,/mnt/ubna_data_02_mir/recover-20220922/UBNA_001/20220921_090000.WAV,Telephone Field,recover-20220922,001,1795
1518.0525,1518.0656,22890,26896,Nyctalus leisleri,0.023,0.039,-1,Echolocation,/mnt/ubna_data_02_mir/recover-20220922/UBNA_001/20220921_090000.WAV,Telephone Field,recover-20220922,001,1795
1518.0585,1518.0971,68437,81923,Rhinolophus ferrumequinum,0.024,0.024,-1,Echolocation,/mnt/ubna_data_02_mir/recover-20220922/UBNA_001/20220921_090000.WAV,Telephone Field,recover-20220922,001,1795
1518.0905,1518.1291,68437,82479,Rhinolophus ferrumequinum,0.02,0.02,-1,Echolocation,/mnt/ubna_data_02_mir/recover-20220922/UBNA_001/20220921_090000.WAV,Telephone Field,recover-20220922,001,1795
1518.0955,1518.105,27187,35230,Eptesicus serotinus,0.01,0.021,-1,Echolocation,/mnt/ubna_data_02_mir/recover-20220922/UBNA_001/20220921_090000.WAV,Telephone Field,recover-20220922,001,1795
1518.1085,1518.1475,68437,82214,Rhinolophus ferrumequinum,0.02,0.02,-1,Echolocation,/mnt/ubna_data_02_mir/recover-20220922/UBNA_001/20220921_090000.WAV,Telephone Field,recover-20220922,001,1795
1518.1135,1518.1543,68437,82449,Rhinolophus ferrumequinum,0.02,0.02,-1,Echolocation,/mnt/ubna_data_02_mir/recover-20220922/UBNA_001/20220921_090000.WAV,Telephone Field,recover-20220922,001,1795
1518.1195,1518.126,27187,39353,Eptesicus serotinus,0.006,0.025,-1,Echolocation,/mnt/ubna_data_02_mir/recover-20220922/UBNA_001/20220921_090000.WAV,Telephone Field,recover-20220922,001,1795
1518.1435,1518.1835,68437,82617,Rhinolophus ferrumequinum,0.023,0.023,-1,Echolocation,/mnt/ubna_data_02_mir/recover-20220922/UBNA_001/20220921_090000.WAV,Telephone Field,recover-20220922,001,1795
1518.1615,1518.1978,68437,81696,Rhinolophus ferrumequinum,0.021,0.021,-1,Echolocation,/mnt/ubna_data_02_mir/recover-20220922/UBNA_001/20220921_090000.WAV,Telephone Field,recover-20220922,001,1795
1518.1635,1518.1715,28906,37693,Eptesicus serotinus,0.007,0.021,-1,Echolocation,/mnt/ubna_data_02_mir/recover-20220922/UBNA_001/20220921_090000.WAV,Telephone Field,recover-20220922,001,1795
1518.1645,1518.1726,23750,31711,Plecotus austriacus,0.008,0.023,-1,Echolocation,/mnt/ubna_data_02_mir/recover-20220922/UBNA_001/20220921_090000.WAV,Telephone Field,recover-20220922,001,1795
1518.1885,1518.2242,68437,81722,Rhinolophus ferrumequinum,0.02,0.02,-1,Echolocation,/mnt/ubna_data_02_mir/recover-20220922/UBNA_001/20220921_090000.WAV,Telephone Field,recover-20220922,001,1795
1518.2225,1518.2632,68437,82425,Rhinolophus ferrumequinum,0.023,0.023,-1,Echolocation,/mnt/ubna_data_02_mir/recover-20220922/UBNA_001/20220921_090000.WAV,Telephone Field,recover-20220922,001,1795
1518.2245,1518.2422,19453,22763,Nyctalus leisleri,0.011,0.023,-1,Echolocation,/mnt/ubna_data_02_mir/recover-20220922/UBNA_001/20220921_090000.WAV,Telephone Field,recover-20220922,001,1795
1518.2345,1518.2428,27187,37662,Eptesicus serotinus,0.006,0.02,-1,Echolocation,/mnt/ubna_data_02_mir/recover-20220922/UBNA_001/20220921_090000.WAV,Telephone Field,recover-20220922,001,1795
1518.2545,1518.2948,68437,82193,Rhinolophus ferrumequinum,0.027,0.027,-1,Echolocation,/mnt/ubna_data_02_mir/recover-20220922/UBNA_001/20220921_090000.WAV,Telephone Field,recover-20220922,001,1795
1518.2595,1518.2686,45234,51843,Pipistrellus pipistrellus,0.017,0.02,-1,Echolocation,/mnt/ubna_data_02_mir/recover-20220922/UBNA_001/20220921_090000.WAV,Telephone Field,recover-20220922,001,1795
1518.2805,1518.2885,23750,32116,Plecotus austriacus,0.009,0.024,-1,Echolocation,/mnt/ubna_data_02_mir/recover-20220922/UBNA_001/20220921_090000.WAV,Telephone Field,recover-20220922,001,1795
1518.2965,1518.3077,53828,58589,Pipistrellus pygmaeus,0.032,0.049,-1,Echolocation,/mnt/ubna_data_02_mir/recover-20220922/UBNA_001/20220921_090000.WAV,Telephone Field,recover-20220922,001,1795
1518.3235,1518.3624,68437,82122,Rhinolophus ferrumequinum,0.021,0.021,-1,Echolocation,/mnt/ubna_data_02_mir/recover-20220922/UBNA_001/20220921_090000.WAV,Telephone Field,recover-20220922,001,1795
1518.3355,1518.3758,68437,82078,Rhinolophus ferrumequinum,0.021,0.021,-1,Echolocation,/mnt/ubna_data_02_mir/recover-20220922/UBNA_001/20220921_090000.WAV,Telephone Field,recover-20220922,001,1795
1518.3615,1518.3718,28046,36902,Eptesicus serotinus,0.008,0.02,-1,Echolocation,/mnt/ubna_data_02_mir/recover-20220922/UBNA_001/20220921_090000.WAV,Telephone Field,recover-20220922,001,1795
1518.3915,1518.3987,28046,38770,Eptesicus serotinus,0.006,0.022,-1,Echolocation,/mnt/ubna_data_02_mir/recover-20220922/UBNA_001/20220921_090000.WAV,Telephone Field,recover-20220922,001,1795
1518.4035,1518.4459,68437,83005,Rhinolophus ferrumequinum,0.023,0.023,-1,Echolocation,/mnt/ubna_data_02_mir/recover-20220922/UBNA_001/20220921_090000.WAV,Telephone Field,recover-20220922,001,1795
1518.4155,1518.4285,28046,33388,Eptesicus serotinus,0.02,0.034,-1,Echolocation,/mnt/ubna_data_02_mir/recover-20220922/UBNA_001/20220921_090000.WAV,Telephone Field,recover-20220922,001,1795
1518.4425,1518.4852,68437,82405,Rhinolophus ferrumequinum,0.022,0.022,-1,Echolocation,/mnt/ubna_data_02_mir/recover-20220922/UBNA_001/20220921_090000.WAV,Telephone Field,recover-20220922,001,1795
1518.4475,1518.4573,28046,35647,Eptesicus serotinus,0.007,0.02,-1,Echolocation,/mnt/ubna_data_02_mir/recover-20220922/UBNA_001/20220921_090000.WAV,Telephone Field,recover-20220922,001,1795
1518.4595,1518.4668,28046,41344,Eptesicus serotinus,0.006,0.02,-1,Echolocation,/mnt/ubna_data_02_mir/recover-20220922/UBNA_001/20220921_090000.WAV,Telephone Field,recover-20220922,001,1795
1518.4855,1518.5235,68437,81250,Rhinolophus ferrumequinum,0.021,0.022,-1,Echolocation,/mnt/ubna_data_02_mir/recover-20220922/UBNA_001/20220921_090000.WAV,Telephone Field,recover-20220922,001,1795
1518.4875,1518.4969,25468,32462,Eptesicus serotinus,0.007,0.021,-1,Echolocation,/mnt/ubna_data_02_mir/recover-20220922/UBNA_001/20220921_090000.WAV,Telephone Field,recover-20220922,001,1795
1518.4965,1518.5327,68437,81081,Rhinolophus ferrumequinum,0.02,0.02,-1,Echolocation,/mnt/ubna_data_02_mir/recover-20220922/UBNA_001/20220921_090000.WAV,Telephone Field,recover-20220922,001,1795
1518.4975,1518.5058,28046,40961,Eptesicus serotinus,0.007,0.021,-1,Echolocation,/mnt/ubna_data_02_mir/recover-20220922/UBNA_001/20220921_090000.WAV,Telephone Field,recover-20220922,001,1795
1518.5305,1518.5708,68437,82201,Rhinolophus ferrumequinum,0.023,0.023,-1,Echolocation,/mnt/ubna_data_02_mir/recover-20220922/UBNA_001/20220921_090000.WAV,Telephone Field,recover-20220922,001,1795
1518.5945,1518.6034,28046,37625,Eptesicus serotinus,0.008,0.02,-1,Echolocation,/mnt/ubna_data_02_mir/recover-20220922/UBNA_001/20220921_090000.WAV,Telephone Field,recover-20220922,001,1795
1518.6285,1518.6364,27187,39095,Eptesicus serotinus,0.007,0.021,-1,Echolocation,/mnt/ubna_data_02_mir/recover-20220922/UBNA_001/20220921_090000.WAV,Telephone Field,recover-20220922,001,1795
1518.6685,1518.6809,22031,26001,Nyctalus leisleri,0.012,0.02,-1,Echolocation,/mnt/ubna_data_02_mir/recover-20220922/UBNA_001/20220921_090000.WAV,Telephone Field,recover-20220922,001,1795
1518.6695,1518.7068,68437,81374,Rhinolophus ferrumequinum,0.021,0.021,-1,Echolocation,/mnt/ubna_data_02_mir/recover-20220922/UBNA_001/20220921_090000.WAV,Telephone Field,recover-20220922,001,1795
1518.7125,1518.7212,26328,37739,Eptesicus serotinus,0.007,0.021,-1,Echolocation,/mnt/ubna_data_02_mir/recover-20220922/UBNA_001/20220921_090000.WAV,Telephone Field,recover-20220922,001,1795
1518.7225,1518.7567,68437,80952,Rhinolophus ferrumequinum,0.024,0.024,-1,Echolocation,/mnt/ubna_data_02_mir/recover-20220922/UBNA_001/20220921_090000.WAV,Telephone Field,recover-20220922,001,1795
1518.7645,1518.7711,25468,37345,Plecotus auritus,0.009,0.03,-1,Echolocation,/mnt/ubna_data_02_mir/recover-20220922/UBNA_001/20220921_090000.WAV,Telephone Field,recover-20220922,001,1795
1518.7845,1518.794,24609,32732,Eptesicus serotinus,0.008,0.024,-1,Echolocation,/mnt/ubna_data_02_mir/recover-20220922/UBNA_001/20220921_090000.WAV,Telephone Field,recover-20220922,001,1795
1518.7945,1518.8025,28046,38186,Eptesicus serotinus,0.007,0.021,-1,Echolocation,/mnt/ubna_data_02_mir/recover-20220922/UBNA_001/20220921_090000.WAV,Telephone Field,recover-20220922,001,1795
1518.8215,1518.8593,68437,81325,Rhinolophus ferrumequinum,0.02,0.02,-1,Echolocation,/mnt/ubna_data_02_mir/recover-20220922/UBNA_001/20220921_090000.WAV,Telephone Field,recover-20220922,001,1795
1518.8465,1518.8563,46953,50783,Pipistrellus pipistrellus,0.026,0.028,-1,Echolocation,/mnt/ubna_data_02_mir/recover-20220922/UBNA_001/20220921_090000.WAV,Telephone Field,recover-20220922,001,1795
1518.8815,1518.9171,68437,81574,Rhinolophus ferrumequinum,0.021,0.021,-1,Echolocation,/mnt/ubna_data_02_mir/recover-20220922/UBNA_001/20220921_090000.WAV,Telephone Field,recover-20220922,001,1795
1518.8905,1518.9007,25468,32697,Eptesicus serotinus,0.008,0.02,-1,Echolocation,/mnt/ubna_data_02_mir/recover-20220922/UBNA_001/20220921_090000.WAV,Telephone Field,recover-20220922,001,1795
1518.9175,1518.9279,28046,36262,Eptesicus serotinus,0.009,0.023,-1,Echolocation,/mnt/ubna_data_02_mir/recover-20220922/UBNA_001/20220921_090000.WAV,Telephone Field,recover-20220922,001,1795
1518.9295,1518.9379,27187,38174,Eptesicus serotinus,0.008,0.021,-1,Echolocation,/mnt/ubna_data_02_mir/recover-20220922/UBNA_001/20220921_090000.WAV,Telephone Field,recover-20220922,001,1795
1518.9485,1518.963,24609,29477,Nyctalus leisleri,0.03,0.068,-1,Echolocation,/mnt/ubna_data_02_mir/recover-20220922/UBNA_001/20220921_090000.WAV,Telephone Field,recover-20220922,001,1795
1518.9485,1518.9833,68437,80925,Rhinolophus ferrumequinum,0.024,0.024,-1,Echolocation,/mnt/ubna_data_02_mir/recover-20220922/UBNA_001/20220921_090000.WAV,Telephone Field,recover-20220922,001,1795
1518.9815,1519.0224,68437,82646,Rhinolophus ferrumequinum,0.024,0.024,-1,Echolocation,/mnt/ubna_data_02_mir/recover-20220922/UBNA_001/20220921_090000.WAV,Telephone Field,recover-20220922,001,1795
1518.9925,1519.0007,28046,38858,Eptesicus serotinus,0.007,0.02,-1,Echolocation,/mnt/ubna_data_02_mir/recover-20220922/UBNA_001/20220921_090000.WAV,Telephone Field,recover-20220922,001,1795
1519.0055,1519.0461,68437,82432,Rhinolophus ferrumequinum,0.023,0.023,-1,Echolocation,/mnt/ubna_data_02_mir/recover-20220922/UBNA_001/20220921_090000.WAV,Telephone Field,recover-20220922,001,1795
1519.0375,1519.0455,28046,40263,Eptesicus serotinus,0.007,0.021,-1,Echolocation,/mnt/ubna_data_02_mir/recover-20220922/UBNA_001/20220921_090000.WAV,Telephone Field,recover-20220922,001,1795
1519.0385,1519.0747,68437,81644,Rhinolophus ferrumequinum,0.02,0.02,-1,Echolocation,/mnt/ubna_data_02_mir/recover-20220922/UBNA_001/20220921_090000.WAV,Telephone Field,recover-20220922,001,1795
1519.0635,1519.1036,68437,82219,Rhinolophus ferrumequinum,0.025,0.025,-1,Echolocation,/mnt/ubna_data_02_mir/recover-20220922/UBNA_001/20220921_090000.WAV,Telephone Field,recover-20220922,001,1795
1519.1015,1519.1426,68437,82615,Rhinolophus ferrumequinum,0.022,0.022,-1,Echolocation,/mnt/ubna_data_02_mir/recover-20220922/UBNA_001/20220921_090000.WAV,Telephone Field,recover-20220922,001,1795
1519.1025,1519.1129,22890,28065,Nyctalus leisleri,0.009,0.02,-1,Echolocation,/mnt/ubna_data_02_mir/recover-20220922/UBNA_001/20220921_090000.WAV,Telephone Field,recover-20220922,001,1795
1519.1705,1519.2101,68437,81999,Rhinolophus ferrumequinum,0.023,0.023,-1,Echolocation,/mnt/ubna_data_02_mir/recover-20220922/UBNA_001/20220921_090000.WAV,Telephone Field,recover-20220922,001,1795
1519.2055,1519.2453,68437,81830,Rhinolophus ferrumequinum,0.024,0.024,-1,Echolocation,/mnt/ubna_data_02_mir/recover-20220922/UBNA_001/20220921_090000.WAV,Telephone Field,recover-20220922,001,1795
1519.2375,1519.2763,68437,81844,Rhinolophus ferrumequinum,0.027,0.027,-1,Echolocation,/mnt/ubna_data_02_mir/recover-20220922/UBNA_001/20220921_090000.WAV,Telephone Field,recover-20220922,001,1795
1519.2405,1519.2489,28046,37507,Eptesicus serotinus,0.007,0.022,-1,Echolocation,/mnt/ubna_data_02_mir/recover-20220922/UBNA_001/20220921_090000.WAV,Telephone Field,recover-20220922,001,1795
1519.2485,1519.2848,68437,82136,Rhinolophus ferrumequinum,0.022,0.022,-1,Echolocation,/mnt/ubna_data_02_mir/recover-20220922/UBNA_001/20220921_090000.WAV,Telephone Field,recover-20220922,001,1795
1519.2945,1519.3333,68437,82281,Rhinolophus ferrumequinum,0.022,0.022,-1,Echolocation,/mnt/ubna_data_02_mir/recover-20220922/UBNA_001/20220921_090000.WAV,Telephone Field,recover-20220922,001,1795
1519.3015,1519.3113,26328,34186,Eptesicus serotinus,0.012,0.025,-1,Echolocation,/mnt/ubna_data_02_mir/recover-20220922/UBNA_001/20220921_090000.WAV,Telephone Field,recover-20220922,001,1795
1519.3145,1519.3538,68437,81959,Rhinolophus ferrumequinum,0.021,0.021,-1,Echolocation,/mnt/ubna_data_02_mir/recover-20220922/UBNA_001/20220921_090000.WAV,Telephone Field,recover-20220922,001,1795
1519.3185,1519.3275,28906,37719,Eptesicus serotinus,0.007,0.02,-1,Echolocation,/mnt/ubna_data_02_mir/recover-20220922/UBNA_001/20220921_090000.WAV,Telephone Field,recover-20220922,001,1795
1519.3485,1519.3895,68437,82648,Rhinolophus ferrumequinum,0.025,0.025,-1,Echolocation,/mnt/ubna_data_02_mir/recover-20220922/UBNA_001/20220921_090000.WAV,Telephone Field,recover-20220922,001,1795
1519.3545,1519.3617,28906,39551,Eptesicus serotinus,0.008,0.027,-1,Echolocation,/mnt/ubna_data_02_mir/recover-20220922/UBNA_001/20220921_090000.WAV,Telephone Field,recover-20220922,001,1795
1519.3855,1519.4253,68437,82107,Rhinolophus ferrumequinum,0.02,0.02,-1,Echolocation,/mnt/ubna_data_02_mir/recover-20220922/UBNA_001/20220921_090000.WAV,Telephone Field,recover-20220922,001,1795
1519.4395,1519.4763,68437,81284,Rhinolophus ferrumequinum,0.021,0.021,-1,Echolocation,/mnt/ubna_data_02_mir/recover-20220922/UBNA_001/20220921_090000.WAV,Telephone Field,recover-20220922,001,1795
1519.4555,1519.4632,48671,53324,Pipistrellus pipistrellus,0.028,0.029,-1,Echolocation,/mnt/ubna_data_02_mir/recover-20220922/UBNA_001/20220921_090000.WAV,Telephone Field,recover-20220922,001,1795
1519.5075,1519.5451,68437,81546,Rhinolophus ferrumequinum,0.02,0.02,-1,Echolocation,/mnt/ubna_data_02_mir/recover-20220922/UBNA_001/20220921_090000.WAV,Telephone Field,recover-20220922,001,1795
1519.5145,1519.5224,23750,31101,Plecotus austriacus,0.008,0.02,-1,Echolocation,/mnt/ubna_data_02_mir/recover-20220922/UBNA_001/20220921_090000.WAV,Telephone Field,recover-20220922,001,1795
1519.5235,1519.5583,68437,81389,Rhinolophus ferrumequinum,0.021,0.021,-1,Echolocation,/mnt/ubna_data_02_mir/recover-20220922/UBNA_001/20220921_090000.WAV,Telephone Field,recover-20220922,001,1795
1519.5305,1519.5652,68437,81012,Rhinolophus ferrumequinum,0.021,0.021,-1,Echolocation,/mnt/ubna_data_02_mir/recover-20220922/UBNA_001/20220921_090000.WAV,Telephone Field,recover-20220922,001,1795
1519.5375,1519.5763,68437,81712,Rhinolophus ferrumequinum,0.022,0.022,-1,Echolocation,/mnt/ubna_data_02_mir/recover-20220922/UBNA_001/20220921_090000.WAV,Telephone Field,recover-20220922,001,1795
1519.5475,1519.5821,68437,81284,Rhinolophus ferrumequinum,0.021,0.021,-1,Echolocation,/mnt/ubna_data_02_mir/recover-20220922/UBNA_001/20220921_090000.WAV,Telephone Field,recover-20220922,001,1795
1519.5955,1519.6336000000001,68437,81918,Rhinolophus ferrumequinum,0.021,0.021,-1,Echolocation,/mnt/ubna_data_02_mir/recover-20220922/UBNA_001/20220921_090000.WAV,Telephone Field,recover-20220922,001,1795
1519.6135,1519.6217,27187,38035,Eptesicus serotinus,0.007,0.021,-1,Echolocation,/mnt/ubna_data_02_mir/recover-20220922/UBNA_001/20220921_090000.WAV,Telephone Field,recover-20220922,001,1795
1519.6165,1519.6538,68437,81252,Rhinolophus ferrumequinum,0.02,0.02,-1,Echolocation,/mnt/ubna_data_02_mir/recover-20220922/UBNA_001/20220921_090000.WAV,Telephone Field,recover-20220922,001,1795
1519.6615,1519.7038,68437,83067,Rhinolophus ferrumequinum,0.025,0.025,-1,Echolocation,/mnt/ubna_data_02_mir/recover-20220922/UBNA_001/20220921_090000.WAV,Telephone Field,recover-20220922,001,1795
1519.6785,1519.6883,45234,51498,Pipistrellus pipistrellus,0.02,0.025,-1,Echolocation,/mnt/ubna_data_02_mir/recover-20220922/UBNA_001/20220921_090000.WAV,Telephone Field,recover-20220922,001,1795
1519.6805,1519.7184,68437,81689,Rhinolophus ferrumequinum,0.02,0.02,-1,Echolocation,/mnt/ubna_data_02_mir/recover-20220922/UBNA_001/20220921_090000.WAV,Telephone Field,recover-20220922,001,1795
1519.6825,1519.6893,27187,39157,Eptesicus serotinus,0.006,0.022,-1,Echolocation,/mnt/ubna_data_02_mir/recover-20220922/UBNA_001/20220921_090000.WAV,Telephone Field,recover-20220922,001,1795
1519.7215,1519.7612,68437,81685,Rhinolophus ferrumequinum,0.021,0.021,-1,Echolocation,/mnt/ubna_data_02_mir/recover-20220922/UBNA_001/20220921_090000.WAV,Telephone Field,recover-20220922,001,1795
1519.7345,1519.7428,28046,37347,Eptesicus serotinus,0.009,0.025,-1,Echolocation,/mnt/ubna_data_02_mir/recover-20220922/UBNA_001/20220921_090000.WAV,Telephone Field,recover-20220922,001,1795
1519.7415,1519.7522,22031,26487,Nyctalus leisleri,0.01,0.02,-1,Echolocation,/mnt/ubna_data_02_mir/recover-20220922/UBNA_001/20220921_090000.WAV,Telephone Field,recover-20220922,001,1795
1519.7635,1519.8027,68437,81993,Rhinolophus ferrumequinum,0.02,0.02,-1,Echolocation,/mnt/ubna_data_02_mir/recover-20220922/UBNA_001/20220921_090000.WAV,Telephone Field,recover-20220922,001,1795
1519.8145,1519.8547,68437,82610,Rhinolophus ferrumequinum,0.028,0.028,-1,Echolocation,/mnt/ubna_data_02_mir/recover-20220922/UBNA_001/20220921_090000.WAV,Telephone Field,recover-20220922,001,1795
1519.8215,1519.8292,54687,61222,Pipistrellus pygmaeus,0.019,0.02,-1,Echolocation,/mnt/ubna_data_02_mir/recover-20220922/UBNA_001/20220921_090000.WAV,Telephone Field,recover-20220922,001,1795
1519.8665,1519.8773,23750,29187,Nyctalus leisleri,0.009,0.022,-1,Echolocation,/mnt/ubna_data_02_mir/recover-20220922/UBNA_001/20220921_090000.WAV,Telephone Field,recover-20220922,001,1795
1519.8785,1519.9161,68437,81533,Rhinolophus ferrumequinum,0.02,0.02,-1,Echolocation,/mnt/ubna_data_02_mir/recover-20220922/UBNA_001/20220921_090000.WAV,Telephone Field,recover-20220922,001,1795
1519.8795,1519.8911,24609,30203,Nyctalus leisleri,0.008,0.02,-1,Echolocation,/mnt/ubna_data_02_mir/recover-20220922/UBNA_001/20220921_090000.WAV,Telephone Field,recover-20220922,001,1795
1519.9005,1519.9093,28906,36642,Eptesicus serotinus,0.007,0.023,-1,Echolocation,/mnt/ubna_data_02_mir/recover-20220922/UBNA_001/20220921_090000.WAV,Telephone Field,recover-20220922,001,1795
1519.9125,1519.9506,68437,81979,Rhinolophus ferrumequinum,0.021,0.021,-1,Echolocation,/mnt/ubna_data_02_mir/recover-20220922/UBNA_001/20220921_090000.WAV,Telephone Field,recover-20220922,001,1795
1519.9415,1519.9771,68437,81579,Rhinolophus ferrumequinum,0.021,0.021,-1,Echolocation,/mnt/ubna_data_02_mir/recover-20220922/UBNA_001/20220921_090000.WAV,Telephone Field,recover-20220922,001,1795
1519.9565,1519.9684,22031,26116,Nyctalus leisleri,0.012,0.021,-1,Echolocation,/mnt/ubna_data_02_mir/recover-20220922/UBNA_001/20220921_090000.WAV,Telephone Field,recover-20220922,001,1795
1520.0015,1520.0336,68437,79596,Rhinolophus ferrumequinum,0.034,0.035,-1,Echolocation,/mnt/ubna_data_02_mir/recover-20220922/UBNA_001/20220921_090000.WAV,Telephone Field,recover-20220922,001,1795
1520.0015,1520.0093,23750,32401,Nyctalus leisleri,0.008,0.027,-1,Echolocation,/mnt/ubna_data_02_mir/recover-20220922/UBNA_001/20220921_090000.WAV,Telephone Field,recover-20220922,001,1795
1520.0015,1520.0078,46093,54366,Pipistrellus pipistrellus,0.023,0.029,-1,Echolocation,/mnt/ubna_data_02_mir/recover-20220922/UBNA_001/20220921_090000.WAV,Telephone Field,recover-20220922,001,1795
1520.0015,1520.0106,37500,44540,Pipistrellus nathusii,0.01,0.026,-1,Echolocation,/mnt/ubna_data_02_mir/recover-20220922/UBNA_001/20220921_090000.WAV,Telephone Field,recover-20220922,001,1795
1520.0095,1520.0516,68437,82733,Rhinolophus ferrumequinum,0.022,0.022,-1,Echolocation,/mnt/ubna_data_02_mir/recover-20220922/UBNA_001/20220921_090000.WAV,Telephone Field,recover-20220922,001,1795
1520.0405,1520.0502,27187,33922,Eptesicus serotinus,0.012,0.026,-1,Echolocation,/mnt/ubna_data_02_mir/recover-20220922/UBNA_001/20220921_090000.WAV,Telephone Field,recover-20220922,001,1795
1520.0615,1520.0683,28046,41504,Eptesicus serotinus,0.007,0.024,-1,Echolocation,/mnt/ubna_data_02_mir/recover-20220922/UBNA_001/20220921_090000.WAV,Telephone Field,recover-20220922,001,1795
1520.0875,1520.1258,68437,81893,Rhinolophus ferrumequinum,0.022,0.022,-1,Echolocation,/mnt/ubna_data_02_mir/recover-20220922/UBNA_001/20220921_090000.WAV,Telephone Field,recover-20220922,001,1795
1520.0975,1520.1093,28046,35447,Eptesicus serotinus,0.025,0.042,-1,Echolocation,/mnt/ubna_data_02_mir/recover-20220922/UBNA_001/20220921_090000.WAV,Telephone Field,recover-20220922,001,1795
1520.1325,1520.1435,24609,31162,Nyctalus leisleri,0.01,0.027,-1,Echolocation,/mnt/ubna_data_02_mir/recover-20220922/UBNA_001/20220921_090000.WAV,Telephone Field,recover-20220922,001,1795
1520.1625,1520.202,68437,82350,Rhinolophus ferrumequinum,0.025,0.025,-1,Echolocation,/mnt/ubna_data_02_mir/recover-20220922/UBNA_001/20220921_090000.WAV,Telephone Field,recover-20220922,001,1795
1520.1975,1520.2066,28906,39005,Eptesicus serotinus,0.009,0.023,-1,Echolocation,/mnt/ubna_data_02_mir/recover-20220922/UBNA_001/20220921_090000.WAV,Telephone Field,recover-20220922,001,1795
1520.2145,1520.2532,68437,82010,Rhinolophus ferrumequinum,0.022,0.022,-1,Echolocation,/mnt/ubna_data_02_mir/recover-20220922/UBNA_001/20220921_090000.WAV,Telephone Field,recover-20220922,001,1795
1520.2145,1520.2257,28906,35983,Eptesicus serotinus,0.011,0.026,-1,Echolocation,/mnt/ubna_data_02_mir/recover-20220922/UBNA_001/20220921_090000.WAV,Telephone Field,recover-20220922,001,1795
1520.2575,1520.2657,28046,37313,Eptesicus serotinus,0.007,0.022,-1,Echolocation,/mnt/ubna_data_02_mir/recover-20220922/UBNA_001/20220921_090000.WAV,Telephone Field,recover-20220922,001,1795
1520.2875,1520.3269,68437,82297,Rhinolophus ferrumequinum,0.023,0.023,-1,Echolocation,/mnt/ubna_data_02_mir/recover-20220922/UBNA_001/20220921_090000.WAV,Telephone Field,recover-20220922,001,1795
1520.2965,1520.3045,23750,32053,Plecotus austriacus,0.008,0.023,-1,Echolocation,/mnt/ubna_data_02_mir/recover-20220922/UBNA_001/20220921_090000.WAV,Telephone Field,recover-20220922,001,1795
1520.3515,1520.3882,68437,81706,Rhinolophus ferrumequinum,0.03,0.031,-1,Echolocation,/mnt/ubna_data_02_mir/recover-20220922/UBNA_001/20220921_090000.WAV,Telephone Field,recover-20220922,001,1795
1520.3545,1520.3624,27187,39414,Eptesicus serotinus,0.008,0.026,-1,Echolocation,/mnt/ubna_data_02_mir/recover-20220922/UBNA_001/20220921_090000.WAV,Telephone Field,recover-20220922,001,1795
1520.3575,1520.3651,34921,41223,Barbastellus barbastellus,0.018,0.036,-1,Echolocation,/mnt/ubna_data_02_mir/recover-20220922/UBNA_001/20220921_090000.WAV,Telephone Field,recover-20220922,001,1795
1520.3905,1520.4256,68437,81070,Rhinolophus ferrumequinum,0.023,0.023,-1,Echolocation,/mnt/ubna_data_02_mir/recover-20220922/UBNA_001/20220921_090000.WAV,Telephone Field,recover-20220922,001,1795
1520.4105,1520.452,68437,81997,Rhinolophus ferrumequinum,0.025,0.025,-1,Echolocation,/mnt/ubna_data_02_mir/recover-20220922/UBNA_001/20220921_090000.WAV,Telephone Field,recover-20220922,001,1795
1520.4255,1520.4644,68437,82948,Rhinolophus ferrumequinum,0.023,0.023,-1,Echolocation,/mnt/ubna_data_02_mir/recover-20220922/UBNA_001/20220921_090000.WAV,Telephone Field,recover-20220922,001,1795
1520.4305,1520.4411,22890,28569,Nyctalus leisleri,0.011,0.027,-1,Echolocation,/mnt/ubna_data_02_mir/recover-20220922/UBNA_001/20220921_090000.WAV,Telephone Field,recover-20220922,001,1795
1520.4525,1520.4976,68437,83399,Rhinolophus ferrumequinum,0.044,0.044,-1,Echolocation,/mnt/ubna_data_02_mir/recover-20220922/UBNA_001/20220921_090000.WAV,Telephone Field,recover-20220922,001,1795
1520.4545,1520.462,27187,39154,Eptesicus serotinus,0.007,0.025,-1,Echolocation,/mnt/ubna_data_02_mir/recover-20220922/UBNA_001/20220921_090000.WAV,Telephone Field,recover-20220922,001,1795
1520.5155,1520.5573,68437,82753,Rhinolophus ferrumequinum,0.027,0.027,-1,Echolocation,/mnt/ubna_data_02_mir/recover-20220922/UBNA_001/20220921_090000.WAV,Telephone Field,recover-20220922,001,1795
1520.5475,1520.5879,68437,82180,Rhinolophus ferrumequinum,0.022,0.022,-1,Echolocation,/mnt/ubna_data_02_mir/recover-20220922/UBNA_001/20220921_090000.WAV,Telephone Field,recover-20220922,001,1795
1520.5535,1520.5604,28046,39133,Eptesicus serotinus,0.006,0.022,-1,Echolocation,/mnt/ubna_data_02_mir/recover-20220922/UBNA_001/20220921_090000.WAV,Telephone Field,recover-20220922,001,1795
1520.5605,1520.6046,68437,83107,Rhinolophus ferrumequinum,0.023,0.024,-1,Echolocation,/mnt/ubna_data_02_mir/recover-20220922/UBNA_001/20220921_090000.WAV,Telephone Field,recover-20220922,001,1795
1520.5875,1520.6281,68437,83164,Rhinolophus ferrumequinum,0.03,0.03,-1,Echolocation,/mnt/ubna_data_02_mir/recover-20220922/UBNA_001/20220921_090000.WAV,Telephone Field,recover-20220922,001,1795
1520.5915,1520.5992,48671,56520,Pipistrellus pipistrellus,0.02,0.023,-1,Echolocation,/mnt/ubna_data_02_mir/recover-20220922/UBNA_001/20220921_090000.WAV,Telephone Field,recover-20220922,001,1795
1520.6285,1520.6672,68437,82455,Rhinolophus ferrumequinum,0.023,0.023,-1,Echolocation,/mnt/ubna_data_02_mir/recover-20220922/UBNA_001/20220921_090000.WAV,Telephone Field,recover-20220922,001,1795
1520.6455,1520.6841,68437,82340,Rhinolophus ferrumequinum,0.024,0.024,-1,Echolocation,/mnt/ubna_data_02_mir/recover-20220922/UBNA_001/20220921_090000.WAV,Telephone Field,recover-20220922,001,1795
1520.6605,1520.702,68437,83027,Rhinolophus ferrumequinum,0.024,0.024,-1,Echolocation,/mnt/ubna_data_02_mir/recover-20220922/UBNA_001/20220921_090000.WAV,Telephone Field,recover-20220922,001,1795
1520.6805,1520.7153,68437,81413,Rhinolophus ferrumequinum,0.022,0.022,-1,Echolocation,/mnt/ubna_data_02_mir/recover-20220922/UBNA_001/20220921_090000.WAV,Telephone Field,recover-20220922,001,1795
1520.6825,1520.6913,46093,55105,Pipistrellus pipistrellus,0.025,0.033,-1,Echolocation,/mnt/ubna_data_02_mir/recover-20220922/UBNA_001/20220921_090000.WAV,Telephone Field,recover-20220922,001,1795
1520.6985,1520.7347,68437,81609,Rhinolophus ferrumequinum,0.027,0.027,-1,Echolocation,/mnt/ubna_data_02_mir/recover-20220922/UBNA_001/20220921_090000.WAV,Telephone Field,recover-20220922,001,1795
1520.7235,1520.739,22031,26743,Nyctalus leisleri,0.023,0.044,-1,Echolocation,/mnt/ubna_data_02_mir/recover-20220922/UBNA_001/20220921_090000.WAV,Telephone Field,recover-20220922,001,1795
1520.7355,1520.7717,68437,81241,Rhinolophus ferrumequinum,0.027,0.027,-1,Echolocation,/mnt/ubna_data_02_mir/recover-20220922/UBNA_001/20220921_090000.WAV,Telephone Field,recover-20220922,001,1795
1520.7495,1520.7619,22031,26360,Nyctalus leisleri,0.012,0.023,-1,Echolocation,/mnt/ubna_data_02_mir/recover-20220922/UBNA_001/20220921_090000.WAV,Telephone Field,recover-20220922,001,1795
1520.7925,1520.8017,24609,32074,Eptesicus serotinus,0.007,0.023,-1,Echolocation,/mnt/ubna_data_02_mir/recover-20220922/UBNA_001/20220921_090000.WAV,Telephone Field,recover-20220922,001,1795
1520.8515,1520.8887,68437,81707,Rhinolophus ferrumequinum,0.024,0.024,-1,Echolocation,/mnt/ubna_data_02_mir/recover-20220922/UBNA_001/20220921_090000.WAV,Telephone Field,recover-20220922,001,1795
1520.8545,1520.8648,27187,34521,Eptesicus serotinus,0.012,0.025,-1,Echolocation,/mnt/ubna_data_02_mir/recover-20220922/UBNA_001/20220921_090000.WAV,Telephone Field,recover-20220922,001,1795
1520.8625,1520.9008,68437,81883,Rhinolophus ferrumequinum,0.022,0.022,-1,Echolocation,/mnt/ubna_data_02_mir/recover-20220922/UBNA_001/20220921_090000.WAV,Telephone Field,recover-20220922,001,1795
1520.9095,1520.9181,26328,35839,Eptesicus serotinus,0.01,0.025,-1,Echolocation,/mnt/ubna_data_02_mir/recover-20220922/UBNA_001/20220921_090000.WAV,Telephone Field,recover-20220922,001,1795
1520.9145,1520.9529,68437,82312,Rhinolophus ferrumequinum,0.022,0.023,-1,Echolocation,/mnt/ubna_data_02_mir/recover-20220922/UBNA_001/20220921_090000.WAV,Telephone Field,recover-20220922,001,1795
1520.9335,1520.9713,68437,82390,Rhinolophus ferrumequinum,0.023,0.023,-1,Echolocation,/mnt/ubna_data_02_mir/recover-20220922/UBNA_001/20220921_090000.WAV,Telephone Field,recover-20220922,001,1795
1520.9545,1520.9905,68437,80530,Rhinolophus ferrumequinum,0.028,0.028,-1,Echolocation,/mnt/ubna_data_02_mir/recover-20220922/UBNA_001/20220921_090000.WAV,Telephone Field,recover-20220922,001,1795
1520.9695,1520.976,28906,43204,Myotis daubentonii,0.01,0.039,-1,Echolocation,/mnt/ubna_data_02_mir/recover-20220922/UBNA_001/20220921_090000.WAV,Telephone Field,recover-20220922,001,1795
1520.9975,1521.0379,68437,82619,Rhinolophus ferrumequinum,0.031,0.031,-1,Echolocation,/mnt/ubna_data_02_mir/recover-20220922/UBNA_001/20220921_090000.WAV,Telephone Field,recover-20220922,001,1795
1521.0085,1521.0164,26328,35726,Eptesicus serotinus,0.01,0.029,-1,Echolocation,/mnt/ubna_data_02_mir/recover-20220922/UBNA_001/20220921_090000.WAV,Telephone Field,recover-20220922,001,1795
1521.0315,1521.0705,68437,82934,Rhinolophus ferrumequinum,0.026,0.026,-1,Echolocation,/mnt/ubna_data_02_mir/recover-20220922/UBNA_001/20220921_090000.WAV,Telephone Field,recover-20220922,001,1795
1521.0495,1521.0922,68437,83065,Rhinolophus ferrumequinum,0.028,0.028,-1,Echolocation,/mnt/ubna_data_02_mir/recover-20220922/UBNA_001/20220921_090000.WAV,Telephone Field,recover-20220922,001,1795
1521.0525,1521.0624,22890,28863,Nyctalus leisleri,0.011,0.026,-1,Echolocation,/mnt/ubna_data_02_mir/recover-20220922/UBNA_001/20220921_090000.WAV,Telephone Field,recover-20220922,001,1795
1521.0725,1521.1107,68437,82092,Rhinolophus ferrumequinum,0.03,0.03,-1,Echolocation,/mnt/ubna_data_02_mir/recover-20220922/UBNA_001/20220921_090000.WAV,Telephone Field,recover-20220922,001,1795
1521.0915,1521.13,68437,82358,Rhinolophus ferrumequinum,0.022,0.022,-1,Echolocation,/mnt/ubna_data_02_mir/recover-20220922/UBNA_001/20220921_090000.WAV,Telephone Field,recover-20220922,001,1795
1521.0945,1521.102,27187,37471,Eptesicus serotinus,0.007,0.023,-1,Echolocation,/mnt/ubna_data_02_mir/recover-20220922/UBNA_001/20220921_090000.WAV,Telephone Field,recover-20220922,001,1795
1521.1365,1521.1478,23750,29443,Nyctalus leisleri,0.013,0.028,-1,Echolocation,/mnt/ubna_data_02_mir/recover-20220922/UBNA_001/20220921_090000.WAV,Telephone Field,recover-20220922,001,1795
1521.1575,1521.1675,22031,28395,Plecotus austriacus,0.008,0.025,-1,Echolocation,/mnt/ubna_data_02_mir/recover-20220922/UBNA_001/20220921_090000.WAV,Telephone Field,recover-20220922,001,1795
1521.1705,1521.205,68437,81120,Rhinolophus ferrumequinum,0.023,0.023,-1,Echolocation,/mnt/ubna_data_02_mir/recover-20220922/UBNA_001/20220921_090000.WAV,Telephone Field,recover-20220922,001,1795
1521.1915,1521.2322,68437,82403,Rhinolophus ferrumequinum,0.023,0.023,-1,Echolocation,/mnt/ubna_data_02_mir/recover-20220922/UBNA_001/20220921_090000.WAV,Telephone Field,recover-20220922,001,1795
1521.2165,1521.2232,23750,34895,Plecotus austriacus,0.01,0.025,-1,Echolocation,/mnt/ubna_data_02_mir/recover-20220922/UBNA_001/20220921_090000.WAV,Telephone Field,recover-20220922,001,1795
1521.2465,1521.2862,68437,82285,Rhinolophus ferrumequinum,0.024,0.024,-1,Echolocation,/mnt/ubna_data_02_mir/recover-20220922/UBNA_001/20220921_090000.WAV,Telephone Field,recover-20220922,001,1795
1521.2665,1521.2718,38359,61752,Myotis brandtii,0.011,0.035,-1,Echolocation,/mnt/ubna_data_02_mir/recover-20220922/UBNA_001/20220921_090000.WAV,Telephone Field,recover-20220922,001,1795
1521.2665,1521.2723,43515,59609,Myotis mystacinus,0.012,0.035,-1,Echolocation,/mnt/ubna_data_02_mir/recover-20220922/UBNA_001/20220921_090000.WAV,Telephone Field,recover-20220922,001,1795
1521.2885,1521.327,68437,81980,Rhinolophus ferrumequinum,0.026,0.026,-1,Echolocation,/mnt/ubna_data_02_mir/recover-20220922/UBNA_001/20220921_090000.WAV,Telephone Field,recover-20220922,001,1795
1521.3155,1521.3535,68437,82307,Rhinolophus ferrumequinum,0.022,0.022,-1,Echolocation,/mnt/ubna_data_02_mir/recover-20220922/UBNA_001/20220921_090000.WAV,Telephone Field,recover-20220922,001,1795
1521.3185,1521.3272,28046,38796,Eptesicus serotinus,0.009,0.025,-1,Echolocation,/mnt/ubna_data_02_mir/recover-20220922/UBNA_001/20220921_090000.WAV,Telephone Field,recover-20220922,001,1795
1521.3315,1521.3437,24609,29682,Nyctalus leisleri,0.012,0.026,-1,Echolocation,/mnt/ubna_data_02_mir/recover-20220922/UBNA_001/20220921_090000.WAV,Telephone Field,recover-20220922,001,1795
1521.3325,1521.3674,68437,81780,Rhinolophus ferrumequinum,0.026,0.026,-1,Echolocation,/mnt/ubna_data_02_mir/recover-20220922/UBNA_001/20220921_090000.WAV,Telephone Field,recover-20220922,001,1795
1521.3485,1521.3874,68437,82596,Rhinolophus ferrumequinum,0.03,0.03,-1,Echolocation,/mnt/ubna_data_02_mir/recover-20220922/UBNA_001/20220921_090000.WAV,Telephone Field,recover-20220922,001,1795
1521.3655,1521.3769,28046,33870,Eptesicus serotinus,0.017,0.031,-1,Echolocation,/mnt/ubna_data_02_mir/recover-20220922/UBNA_001/20220921_090000.WAV,Telephone Field,recover-20220922,001,1795
1521.3755,1521.416,68437,82693,Rhinolophus ferrumequinum,0.027,0.027,-1,Echolocation,/mnt/ubna_data_02_mir/recover-20220922/UBNA_001/20220921_090000.WAV,Telephone Field,recover-20220922,001,1795
1521.3765,1521.3824,46953,53373,Pipistrellus pipistrellus,0.023,0.025,-1,Echolocation,/mnt/ubna_data_02_mir/recover-20220922/UBNA_001/20220921_090000.WAV,Telephone Field,recover-20220922,001,1795
1521.3795,1521.3877,27187,38398,Eptesicus serotinus,0.007,0.022,-1,Echolocation,/mnt/ubna_data_02_mir/recover-20220922/UBNA_001/20220921_090000.WAV,Telephone Field,recover-20220922,001,1795
1521.3875,1521.4239,68437,82241,Rhinolophus ferrumequinum,0.023,0.023,-1,Echolocation,/mnt/ubna_data_02_mir/recover-20220922/UBNA_001/20220921_090000.WAV,Telephone Field,recover-20220922,001,1795
1521.3995,1521.4092,23750,30656,Nyctalus leisleri,0.008,0.022,-1,Echolocation,/mnt/ubna_data_02_mir/recover-20220922/UBNA_001/20220921_090000.WAV,Telephone Field,recover-20220922,001,1795
1521.4035,1521.412,28046,37684,Eptesicus serotinus,0.008,0.022,-1,Echolocation,/mnt/ubna_data_02_mir/recover-20220922/UBNA_001/20220921_090000.WAV,Telephone Field,recover-20220922,001,1795
1521.4855,1521.4942,25468,34238,Eptesicus serotinus,0.008,0.022,-1,Echolocation,/mnt/ubna_data_02_mir/recover-20220922/UBNA_001/20220921_090000.WAV,Telephone Field,recover-20220922,001,1795
1521.4895,1521.5283,68437,81941,Rhinolophus ferrumequinum,0.023,0.023,-1,Echolocation,/mnt/ubna_data_02_mir/recover-20220922/UBNA_001/20220921_090000.WAV,Telephone Field,recover-20220922,001,1795
1521.5095,1521.5499,68437,82729,Rhinolophus ferrumequinum,0.037,0.037,-1,Echolocation,/mnt/ubna_data_02_mir/recover-20220922/UBNA_001/20220921_090000.WAV,Telephone Field,recover-20220922,001,1795
1521.5485,1521.5912,68437,83349,Rhinolophus ferrumequinum,0.035,0.035,-1,Echolocation,/mnt/ubna_data_02_mir/recover-20220922/UBNA_001/20220921_090000.WAV,Telephone Field,recover-20220922,001,1795
1521.5805,1521.6197,68437,82862,Rhinolophus ferrumequinum,0.031,0.031,-1,Echolocation,/mnt/ubna_data_02_mir/recover-20220922/UBNA_001/20220921_090000.WAV,Telephone Field,recover-20220922,001,1795
1521.6005,1521.607,27187,40489,Eptesicus serotinus,0.006,0.023,-1,Echolocation,/mnt/ubna_data_02_mir/recover-20220922/UBNA_001/20220921_090000.WAV,Telephone Field,recover-20220922,001,1795
1521.6085,1521.6483,68437,82209,Rhinolophus ferrumequinum,0.023,0.023,-1,Echolocation,/mnt/ubna_data_02_mir/recover-20220922/UBNA_001/20220921_090000.WAV,Telephone Field,recover-20220922,001,1795
1521.6445,1521.683,68437,82277,Rhinolophus ferrumequinum,0.025,0.025,-1,Echolocation,/mnt/ubna_data_02_mir/recover-20220922/UBNA_001/20220921_090000.WAV,Telephone Field,recover-20220922,001,1795
1521.6635,1521.6707,28906,40428,Eptesicus serotinus,0.007,0.026,-1,Echolocation,/mnt/ubna_data_02_mir/recover-20220922/UBNA_001/20220921_090000.WAV,Telephone Field,recover-20220922,001,1795
1521.6845,1521.7248,68437,82029,Rhinolophus ferrumequinum,0.022,0.022,-1,Echolocation,/mnt/ubna_data_02_mir/recover-20220922/UBNA_001/20220921_090000.WAV,Telephone Field,recover-20220922,001,1795
1521.7305,1521.7698,68437,82230,Rhinolophus ferrumequinum,0.024,0.024,-1,Echolocation,/mnt/ubna_data_02_mir/recover-20220922/UBNA_001/20220921_090000.WAV,Telephone Field,recover-20220922,001,1795
1521.7425,1521.7499,27187,36412,Eptesicus serotinus,0.008,0.023,-1,Echolocation,/mnt/ubna_data_02_mir/recover-20220922/UBNA_001/20220921_090000.WAV,Telephone Field,recover-20220922,001,1795
1521.7545,1521.7637,28046,39605,Eptesicus serotinus,0.011,0.026,-1,Echolocation,/mnt/ubna_data_02_mir/recover-20220922/UBNA_001/20220921_090000.WAV,Telephone Field,recover-20220922,001,1795
1521.7695,1521.8071,68437,81372,Rhinolophus ferrumequinum,0.022,0.022,-1,Echolocation,/mnt/ubna_data_02_mir/recover-20220922/UBNA_001/20220921_090000.WAV,Telephone Field,recover-20220922,001,1795
1521.7795,1521.7902,23750,29882,Nyctalus leisleri,0.011,0.027,-1,Echolocation,/mnt/ubna_data_02_mir/recover-20220922/UBNA_001/20220921_090000.WAV,Telephone Field,recover-20220922,001,1795
1521.8035,1521.813,24609,32878,Eptesicus serotinus,0.007,0.023,-1,Echolocation,/mnt/ubna_data_02_mir/recover-20220922/UBNA_001/20220921_090000.WAV,Telephone Field,recover-20220922,001,1795
1521.8145,1521.8559,68437,82668,Rhinolophus ferrumequinum,0.041,0.041,-1,Echolocation,/mnt/ubna_data_02_mir/recover-20220922/UBNA_001/20220921_090000.WAV,Telephone Field,recover-20220922,001,1795
1521.8345,1521.8468,32343,37009,Eptesicus serotinus,0.044,0.1,-1,Echolocation,/mnt/ubna_data_02_mir/recover-20220922/UBNA_001/20220921_090000.WAV,Telephone Field,recover-20220922,001,1795
1521.8635,1521.902,68437,82471,Rhinolophus ferrumequinum,0.024,0.024,-1,Echolocation,/mnt/ubna_data_02_mir/recover-20220922/UBNA_001/20220921_090000.WAV,Telephone Field,recover-20220922,001,1795
1521.8645,1521.8741,28906,36466,Eptesicus serotinus,0.01,0.024,-1,Echolocation,/mnt/ubna_data_02_mir/recover-20220922/UBNA_001/20220921_090000.WAV,Telephone Field,recover-20220922,001,1795
1521.8785,1521.8878,27187,35937,Eptesicus serotinus,0.009,0.022,-1,Echolocation,/mnt/ubna_data_02_mir/recover-20220922/UBNA_001/20220921_090000.WAV,Telephone Field,recover-20220922,001,1795
1521.9045,1521.9113,46953,51403,Pipistrellus pipistrellus,0.024,0.025,-1,Echolocation,/mnt/ubna_data_02_mir/recover-20220922/UBNA_001/20220921_090000.WAV,Telephone Field,recover-20220922,001,1795
1521.9155,1521.9286,28906,35126,Eptesicus serotinus,0.026,0.043,-1,Echolocation,/mnt/ubna_data_02_mir/recover-20220922/UBNA_001/20220921_090000.WAV,Telephone Field,recover-20220922,001,1795
1521.9515,1521.9883,68437,82193,Rhinolophus ferrumequinum,0.024,0.024,-1,Echolocation,/mnt/ubna_data_02_mir/recover-20220922/UBNA_001/20220921_090000.WAV,Telephone Field,recover-20220922,001,1795
1522.0015,1522.0113,25468,34444,Nyctalus leisleri,0.009,0.031,-1,Echolocation,/mnt/ubna_data_02_mir/recover-20220922/UBNA_001/20220921_090000.WAV,Telephone Field,recover-20220922,001,1795
1522.0015,1522.0313,68437,79941,Rhinolophus ferrumequinum,0.036,0.036,-1,Echolocation,/mnt/ubna_data_02_mir/recover-20220922/UBNA_001/20220921_090000.WAV,Telephone Field,recover-20220922,001,1795
1522.0425,1522.0845,68437,82633,Rhinolophus ferrumequinum,0.04,0.04,-1,Echolocation,/mnt/ubna_data_02_mir/recover-20220922/UBNA_001/20220921_090000.WAV,Telephone Field,recover-20220922,001,1795
1522.0665,1522.0737,28046,37645,Eptesicus serotinus,0.008,0.025,-1,Echolocation,/mnt/ubna_data_02_mir/recover-20220922/UBNA_001/20220921_090000.WAV,Telephone Field,recover-20220922,001,1795
1522.0785,1522.1137,68437,81405,Rhinolophus ferrumequinum,0.022,0.022,-1,Echolocation,/mnt/ubna_data_02_mir/recover-20220922/UBNA_001/20220921_090000.WAV,Telephone Field,recover-20220922,001,1795
1522.1415,1522.1775,68437,81337,Rhinolophus ferrumequinum,0.034,0.034,-1,Echolocation,/mnt/ubna_data_02_mir/recover-20220922/UBNA_001/20220921_090000.WAV,Telephone Field,recover-20220922,001,1795
1522.1585,1522.1672,22890,30060,Plecotus austriacus,0.01,0.025,-1,Echolocation,/mnt/ubna_data_02_mir/recover-20220922/UBNA_001/20220921_090000.WAV,Telephone Field,recover-20220922,001,1795
1522.1745,1522.1814,28046,39162,Eptesicus serotinus,0.007,0.024,-1,Echolocation,/mnt/ubna_data_02_mir/recover-20220922/UBNA_001/20220921_090000.WAV,Telephone Field,recover-20220922,001,1795
1522.1975,1522.2379,68437,82181,Rhinolophus ferrumequinum,0.022,0.022,-1,Echolocation,/mnt/ubna_data_02_mir/recover-20220922/UBNA_001/20220921_090000.WAV,Telephone Field,recover-20220922,001,1795
1522.2265,1522.2366,28906,36606,Eptesicus serotinus,0.012,0.025,-1,Echolocation,/mnt/ubna_data_02_mir/recover-20220922/UBNA_001/20220921_090000.WAV,Telephone Field,recover-20220922,001,1795
1522.2265,1522.2656,68437,81334,Rhinolophus ferrumequinum,0.026,0.026,-1,Echolocation,/mnt/ubna_data_02_mir/recover-20220922/UBNA_001/20220921_090000.WAV,Telephone Field,recover-20220922,001,1795
1522.2605,1522.2669,28046,37727,Eptesicus serotinus,0.006,0.025,-1,Echolocation,/mnt/ubna_data_02_mir/recover-20220922/UBNA_001/20220921_090000.WAV,Telephone Field,recover-20220922,001,1795
1522.3375,1522.3472,28046,36045,Eptesicus serotinus,0.01,0.021,-1,Echolocation,/mnt/ubna_data_02_mir/recover-20220922/UBNA_001/20220921_090000.WAV,Telephone Field,recover-20220922,001,1795
1522.3605,1522.403,68437,82872,Rhinolophus ferrumequinum,0.023,0.023,-1,Echolocation,/mnt/ubna_data_02_mir/recover-20220922/UBNA_001/20220921_090000.WAV,Telephone Field,recover-20220922,001,1795
1522.4265,1522.437,28046,36185,Eptesicus serotinus,0.011,0.025,-1,Echolocation,/mnt/ubna_data_02_mir/recover-20220922/UBNA_001/20220921_090000.WAV,Telephone Field,recover-20220922,001,1795
1522.4755,1522.483,28046,39975,Eptesicus serotinus,0.008,0.026,-1,Echolocation,/mnt/ubna_data_02_mir/recover-20220922/UBNA_001/20220921_090000.WAV,Telephone Field,recover-20220922,001,1795
1522.4955,1522.5057,26328,31997,Nyctalus leisleri,0.013,0.034,-1,Echolocation,/mnt/ubna_data_02_mir/recover-20220922/UBNA_001/20220921_090000.WAV,Telephone Field,recover-20220922,001,1795
1522.5635,1522.5709,30625,43083,Myotis daubentonii,0.008,0.026,-1,Echolocation,/mnt/ubna_data_02_mir/recover-20220922/UBNA_001/20220921_090000.WAV,Telephone Field,recover-20220922,001,1795
1522.5795,1522.6216,68437,82617,Rhinolophus ferrumequinum,0.043,0.043,-1,Echolocation,/mnt/ubna_data_02_mir/recover-20220922/UBNA_001/20220921_090000.WAV,Telephone Field,recover-20220922,001,1795
1522.5965,1522.6353,68437,81918,Rhinolophus ferrumequinum,0.025,0.025,-1,Echolocation,/mnt/ubna_data_02_mir/recover-20220922/UBNA_001/20220921_090000.WAV,Telephone Field,recover-20220922,001,1795
1522.6055,1522.6427,68437,82437,Rhinolophus ferrumequinum,0.023,0.023,-1,Echolocation,/mnt/ubna_data_02_mir/recover-20220922/UBNA_001/20220921_090000.WAV,Telephone Field,recover-20220922,001,1795
1522.6085,1522.6196,28046,35679,Eptesicus serotinus,0.021,0.035,-1,Echolocation,/mnt/ubna_data_02_mir/recover-20220922/UBNA_001/20220921_090000.WAV,Telephone Field,recover-20220922,001,1795
1522.6415,1522.6793,68437,81773,Rhinolophus ferrumequinum,0.026,0.026,-1,Echolocation,/mnt/ubna_data_02_mir/recover-20220922/UBNA_001/20220921_090000.WAV,Telephone Field,recover-20220922,001,1795
1522.6645,1522.6719,28046,39497,Eptesicus serotinus,0.007,0.022,-1,Echolocation,/mnt/ubna_data_02_mir/recover-20220922/UBNA_001/20220921_090000.WAV,Telephone Field,recover-20220922,001,1795
1522.6865,1522.7283,68437,83451,Rhinolophus ferrumequinum,0.027,0.027,-1,Echolocation,/mnt/ubna_data_02_mir/recover-20220922/UBNA_001/20220921_090000.WAV,Telephone Field,recover-20220922,001,1795
1522.6885,1522.6958,24609,36247,Plecotus austriacus,0.01,0.033,-1,Echolocation,/mnt/ubna_data_02_mir/recover-20220922/UBNA_001/20220921_090000.WAV,Telephone Field,recover-20220922,001,1795
1522.7135,1522.7216,28046,40394,Eptesicus serotinus,0.007,0.024,-1,Echolocation,/mnt/ubna_data_02_mir/recover-20220922/UBNA_001/20220921_090000.WAV,Telephone Field,recover-20220922,001,1795
1522.7145,1522.7244,34062,42454,Pipistrellus nathusii,0.013,0.028,-1,Echolocation,/mnt/ubna_data_02_mir/recover-20220922/UBNA_001/20220921_090000.WAV,Telephone Field,recover-20220922,001,1795
1522.7345,1522.7765,68437,83127,Rhinolophus ferrumequinum,0.026,0.026,-1,Echolocation,/mnt/ubna_data_02_mir/recover-20220922/UBNA_001/20220921_090000.WAV,Telephone Field,recover-20220922,001,1795
1522.7595,1522.767,28046,39610,Eptesicus serotinus,0.006,0.021,-1,Echolocation,/mnt/ubna_data_02_mir/recover-20220922/UBNA_001/20220921_090000.WAV,Telephone Field,recover-20220922,001,1795
1522.7715,1522.8062,68437,81474,Rhinolophus ferrumequinum,0.021,0.022,-1,Echolocation,/mnt/ubna_data_02_mir/recover-20220922/UBNA_001/20220921_090000.WAV,Telephone Field,recover-20220922,001,1795
1522.7895,1522.8311,68437,82967,Rhinolophus ferrumequinum,0.024,0.024,-1,Echolocation,/mnt/ubna_data_02_mir/recover-20220922/UBNA_001/20220921_090000.WAV,Telephone Field,recover-20220922,001,1795
1522.7965,1522.804,47812,54025,Pipistrellus pipistrellus,0.02,0.023,-1,Echolocation,/mnt/ubna_data_02_mir/recover-20220922/UBNA_001/20220921_090000.WAV,Telephone Field,recover-20220922,001,1795
1522.8305,1522.8407,28906,36235,Eptesicus serotinus,0.008,0.022,-1,Echolocation,/mnt/ubna_data_02_mir/recover-20220922/UBNA_001/20220921_090000.WAV,Telephone Field,recover-20220922,001,1795
1522.8535,1522.8638,28046,34620,Eptesicus serotinus,0.012,0.029,-1,Echolocation,/mnt/ubna_data_02_mir/recover-20220922/UBNA_001/20220921_090000.WAV,Telephone Field,recover-20220922,001,1795
1522.9205,1522.9286,31484,41409,Myotis daubentonii,0.009,0.026,-1,Echolocation,/mnt/ubna_data_02_mir/recover-20220922/UBNA_001/20220921_090000.WAV,Telephone Field,recover-20220922,001,1795
1522.9365,1522.9429,48671,53923,Pipistrellus pipistrellus,0.026,0.028,-1,Echolocation,/mnt/ubna_data_02_mir/recover-20220922/UBNA_001/20220921_090000.WAV,Telephone Field,recover-20220922,001,1795
1522.9505,1522.9582,28046,39360,Eptesicus serotinus,0.007,0.021,-1,Echolocation,/mnt/ubna_data_02_mir/recover-20220922/UBNA_001/20220921_090000.WAV,Telephone Field,recover-20220922,001,1795
1522.9835,1523.0218,68437,81829,Rhinolophus ferrumequinum,0.022,0.022,-1,Echolocation,/mnt/ubna_data_02_mir/recover-20220922/UBNA_001/20220921_090000.WAV,Telephone Field,recover-20220922,001,1795
1523.0095,1523.0503,68437,82787,Rhinolophus ferrumequinum,0.023,0.023,-1,Echolocation,/mnt/ubna_data_02_mir/recover-20220922/UBNA_001/20220921_090000.WAV,Telephone Field,recover-20220922,001,1795
1523.0095,1523.0245,16015,20172,Nyctalus noctula,0.032,0.048,-1,Echolocation,/mnt/ubna_data_02_mir/recover-20220922/UBNA_001/20220921_090000.WAV,Telephone Field,recover-20220922,001,1795
1523.0325,1523.0697,68437,80969,Rhinolophus ferrumequinum,0.022,0.022,-1,Echolocation,/mnt/ubna_data_02_mir/recover-20220922/UBNA_001/20220921_090000.WAV,Telephone Field,recover-20220922,001,1795
1523.0725,1523.1064,68437,80727,Rhinolophus ferrumequinum,0.022,0.022,-1,Echolocation,/mnt/ubna_data_02_mir/recover-20220922/UBNA_001/20220921_090000.WAV,Telephone Field,recover-20220922,001,1795
1523.0835,1523.0922,28046,37231,Eptesicus serotinus,0.011,0.025,-1,Echolocation,/mnt/ubna_data_02_mir/recover-20220922/UBNA_001/20220921_090000.WAV,Telephone Field,recover-20220922,001,1795
1523.1055,1523.1478,68437,83210,Rhinolophus ferrumequinum,0.041,0.041,-1,Echolocation,/mnt/ubna_data_02_mir/recover-20220922/UBNA_001/20220921_090000.WAV,Telephone Field,recover-20220922,001,1795
1523.1125,1523.1197,28046,37931,Eptesicus serotinus,0.01,0.028,-1,Echolocation,/mnt/ubna_data_02_mir/recover-20220922/UBNA_001/20220921_090000.WAV,Telephone Field,recover-20220922,001,1795
1523.1945,1523.2016,26328,41638,Eptesicus serotinus,0.006,0.022,-1,Echolocation,/mnt/ubna_data_02_mir/recover-20220922/UBNA_001/20220921_090000.WAV,Telephone Field,recover-20220922,001,1795
1523.2155,1523.2548,68437,82203,Rhinolophus ferrumequinum,0.021,0.021,-1,Echolocation,/mnt/ubna_data_02_mir/recover-20220922/UBNA_001/20220921_090000.WAV,Telephone Field,recover-20220922,001,1795
1523.2425,1523.2506,27187,38406,Eptesicus serotinus,0.007,0.021,-1,Echolocation,/mnt/ubna_data_02_mir/recover-20220922/UBNA_001/20220921_090000.WAV,Telephone Field,recover-20220922,001,1795
1523.3055,1523.3415,68437,80628,Rhinolophus ferrumequinum,0.025,0.025,-1,Echolocation,/mnt/ubna_data_02_mir/recover-20220922/UBNA_001/20220921_090000.WAV,Telephone Field,recover-20220922,001,1795
1523.3165,1523.3236,28046,38238,Eptesicus serotinus,0.006,0.023,-1,Echolocation,/mnt/ubna_data_02_mir/recover-20220922/UBNA_001/20220921_090000.WAV,Telephone Field,recover-20220922,001,1795
1523.4375,1523.4469,48671,52246,Pipistrellus pipistrellus,0.019,0.022,-1,Echolocation,/mnt/ubna_data_02_mir/recover-20220922/UBNA_001/20220921_090000.WAV,Telephone Field,recover-20220922,001,1795
1523.4545,1523.4626,28046,40435,Eptesicus serotinus,0.007,0.021,-1,Echolocation,/mnt/ubna_data_02_mir/recover-20220922/UBNA_001/20220921_090000.WAV,Telephone Field,recover-20220922,001,1795
1523.4845,1523.5269,68437,83447,Rhinolophus ferrumequinum,0.046,0.046,-1,Echolocation,/mnt/ubna_data_02_mir/recover-20220922/UBNA_001/20220921_090000.WAV,Telephone Field,recover-20220922,001,1795
1523.5085,1523.5482,68437,82348,Rhinolophus ferrumequinum,0.022,0.022,-1,Echolocation,/mnt/ubna_data_02_mir/recover-20220922/UBNA_001/20220921_090000.WAV,Telephone Field,recover-20220922,001,1795
1523.5115,1523.5204,28906,38263,Eptesicus serotinus,0.01,0.024,-1,Echolocation,/mnt/ubna_data_02_mir/recover-20220922/UBNA_001/20220921_090000.WAV,Telephone Field,recover-20220922,001,1795
1523.5365,1523.5746,68437,82368,Rhinolophus ferrumequinum,0.022,0.022,-1,Echolocation,/mnt/ubna_data_02_mir/recover-20220922/UBNA_001/20220921_090000.WAV,Telephone Field,recover-20220922,001,1795
1523.5635,1523.6017,68437,81779,Rhinolophus ferrumequinum,0.022,0.022,-1,Echolocation,/mnt/ubna_data_02_mir/recover-20220922/UBNA_001/20220921_090000.WAV,Telephone Field,recover-20220922,001,1795
1523.5645,1523.5729,28046,39388,Eptesicus serotinus,0.008,0.023,-1,Echolocation,/mnt/ubna_data_02_mir/recover-20220922/UBNA_001/20220921_090000.WAV,Telephone Field,recover-20220922,001,1795
1523.5885,1523.5963,46953,54603,Pipistrellus pipistrellus,0.016,0.023,-1,Echolocation,/mnt/ubna_data_02_mir/recover-20220922/UBNA_001/20220921_090000.WAV,Telephone Field,recover-20220922,001,1795
1523.6225,1523.6321,22031,28379,Plecotus austriacus,0.008,0.022,-1,Echolocation,/mnt/ubna_data_02_mir/recover-20220922/UBNA_001/20220921_090000.WAV,Telephone Field,recover-20220922,001,1795
1523.6235,1523.6309,28046,38948,Eptesicus serotinus,0.007,0.023,-1,Echolocation,/mnt/ubna_data_02_mir/recover-20220922/UBNA_001/20220921_090000.WAV,Telephone Field,recover-20220922,001,1795
1523.6325,1523.6738,68437,82655,Rhinolophus ferrumequinum,0.023,0.023,-1,Echolocation,/mnt/ubna_data_02_mir/recover-20220922/UBNA_001/20220921_090000.WAV,Telephone Field,recover-20220922,001,1795
1523.6495,1523.6867,68437,80759,Rhinolophus ferrumequinum,0.022,0.022,-1,Echolocation,/mnt/ubna_data_02_mir/recover-20220922/UBNA_001/20220921_090000.WAV,Telephone Field,recover-20220922,001,1795
1523.6915,1523.7267,68437,80900,Rhinolophus ferrumequinum,0.021,0.022,-1,Echolocation,/mnt/ubna_data_02_mir/recover-20220922/UBNA_001/20220921_090000.WAV,Telephone Field,recover-20220922,001,1795
1523.6955,1523.7022,23750,32649,Plecotus austriacus,0.011,0.024,-1,Echolocation,/mnt/ubna_data_02_mir/recover-20220922/UBNA_001/20220921_090000.WAV,Telephone Field,recover-20220922,001,1795
1523.7235,1523.7656,68437,83083,Rhinolophus ferrumequinum,0.031,0.031,-1,Echolocation,/mnt/ubna_data_02_mir/recover-20220922/UBNA_001/20220921_090000.WAV,Telephone Field,recover-20220922,001,1795
1523.7455,1523.7855,68437,82670,Rhinolophus ferrumequinum,0.023,0.023,-1,Echolocation,/mnt/ubna_data_02_mir/recover-20220922/UBNA_001/20220921_090000.WAV,Telephone Field,recover-20220922,001,1795
1523.8065,1523.8476,68437,82270,Rhinolophus ferrumequinum,0.022,0.022,-1,Echolocation,/mnt/ubna_data_02_mir/recover-20220922/UBNA_001/20220921_090000.WAV,Telephone Field,recover-20220922,001,1795
1523.8075,1523.8168,27187,39917,Eptesicus serotinus,0.011,0.026,-1,Echolocation,/mnt/ubna_data_02_mir/recover-20220922/UBNA_001/20220921_090000.WAV,Telephone Field,recover-20220922,001,1795
1523.8115,1523.8518,68437,82370,Rhinolophus ferrumequinum,0.022,0.022,-1,Echolocation,/mnt/ubna_data_02_mir/recover-20220922/UBNA_001/20220921_090000.WAV,Telephone Field,recover-20220922,001,1795
1523.8145,1523.8226,28046,37788,Eptesicus serotinus,0.009,0.025,-1,Echolocation,/mnt/ubna_data_02_mir/recover-20220922/UBNA_001/20220921_090000.WAV,Telephone Field,recover-20220922,001,1795
1523.8645,1523.871,25468,42232,Myotis nattereri,0.008,0.027,-1,Echolocation,/mnt/ubna_data_02_mir/recover-20220922/UBNA_001/20220921_090000.WAV,Telephone Field,recover-20220922,001,1795
1523.9205,1523.9282,24609,33265,Plecotus austriacus,0.009,0.026,-1,Echolocation,/mnt/ubna_data_02_mir/recover-20220922/UBNA_001/20220921_090000.WAV,Telephone Field,recover-20220922,001,1795
1523.9495,1523.959,22031,27624,Plecotus austriacus,0.008,0.022,-1,Echolocation,/mnt/ubna_data_02_mir/recover-20220922/UBNA_001/20220921_090000.WAV,Telephone Field,recover-20220922,001,1795
1524.0015,1524.01,23750,31977,Nyctalus leisleri,0.01,0.03,-1,Echolocation,/mnt/ubna_data_02_mir/recover-20220922/UBNA_001/20220921_090000.WAV,Telephone Field,recover-20220922,001,1795
1524.0025,1524.0432,68437,81668,Rhinolophus ferrumequinum,0.028,0.029,-1,Echolocation,/mnt/ubna_data_02_mir/recover-20220922/UBNA_001/20220921_090000.WAV,Telephone Field,recover-20220922,001,1795
1524.0095,1524.0188,23750,30167,Nyctalus leisleri,0.008,0.023,-1,Echolocation,/mnt/ubna_data_02_mir/recover-20220922/UBNA_001/20220921_090000.WAV,Telephone Field,recover-20220922,001,1795
1524.0245,1524.0636,68437,82433,Rhinolophus ferrumequinum,0.023,0.023,-1,Echolocation,/mnt/ubna_data_02_mir/recover-20220922/UBNA_001/20220921_090000.WAV,Telephone Field,recover-20220922,001,1795
1524.0405,1524.0493,27187,35206,Eptesicus serotinus,0.01,0.024,-1,Echolocation,/mnt/ubna_data_02_mir/recover-20220922/UBNA_001/20220921_090000.WAV,Telephone Field,recover-20220922,001,1795
1524.0525,1524.0618,22031,28517,Plecotus austriacus,0.014,0.031,-1,Echolocation,/mnt/ubna_data_02_mir/recover-20220922/UBNA_001/20220921_090000.WAV,Telephone Field,recover-20220922,001,1795
1524.0525,1524.0925,68437,82040,Rhinolophus ferrumequinum,0.024,0.024,-1,Echolocation,/mnt/ubna_data_02_mir/recover-20220922/UBNA_001/20220921_090000.WAV,Telephone Field,recover-20220922,001,1795
1524.0595,1524.0993,68437,82442,Rhinolophus ferrumequinum,0.023,0.023,-1,Echolocation,/mnt/ubna_data_02_mir/recover-20220922/UBNA_001/20220921_090000.WAV,Telephone Field,recover-20220922,001,1795
1524.0925,1524.134,68437,82903,Rhinolophus ferrumequinum,0.034,0.034,-1,Echolocation,/mnt/ubna_data_02_mir/recover-20220922/UBNA_001/20220921_090000.WAV,Telephone Field,recover-20220922,001,1795
1524.1265,1524.1336000000001,28906,39563,Eptesicus serotinus,0.006,0.022,-1,Echolocation,/mnt/ubna_data_02_mir/recover-20220922/UBNA_001/20220921_090000.WAV,Telephone Field,recover-20220922,001,1795
1524.1415,1524.1507,46093,51090,Pipistrellus pipistrellus,0.024,0.028,-1,Echolocation,/mnt/ubna_data_02_mir/recover-20220922/UBNA_001/20220921_090000.WAV,Telephone Field,recover-20220922,001,1795
1524.1455,1524.1539,27187,39175,Eptesicus serotinus,0.008,0.024,-1,Echolocation,/mnt/ubna_data_02_mir/recover-20220922/UBNA_001/20220921_090000.WAV,Telephone Field,recover-20220922,001,1795
1524.1705,1524.1777,28046,40322,Eptesicus serotinus,0.008,0.029,-1,Echolocation,/mnt/ubna_data_02_mir/recover-20220922/UBNA_001/20220921_090000.WAV,Telephone Field,recover-20220922,001,1795
1524.1935,1524.232,68437,82181,Rhinolophus ferrumequinum,0.023,0.023,-1,Echolocation,/mnt/ubna_data_02_mir/recover-20220922/UBNA_001/20220921_090000.WAV,Telephone Field,recover-20220922,001,1795
1524.2335,1524.2742,68437,82166,Rhinolophus ferrumequinum,0.029,0.029,-1,Echolocation,/mnt/ubna_data_02_mir/recover-20220922/UBNA_001/20220921_090000.WAV,Telephone Field,recover-20220922,001,1795
1524.2435,1524.2847,68437,83412,Rhinolophus ferrumequinum,0.028,0.028,-1,Echolocation,/mnt/ubna_data_02_mir/recover-20220922/UBNA_001/20220921_090000.WAV,Telephone Field,recover-20220922,001,1795
1524.2755,1524.2829,22890,31476,Plecotus austriacus,0.011,0.023,-1,Echolocation,/mnt/ubna_data_02_mir/recover-20220922/UBNA_001/20220921_090000.WAV,Telephone Field,recover-20220922,001,1795
1524.2995,1524.3393,68437,82006,Rhinolophus ferrumequinum,0.024,0.024,-1,Echolocation,/mnt/ubna_data_02_mir/recover-20220922/UBNA_001/20220921_090000.WAV,Telephone Field,recover-20220922,001,1795
1524.3225,1524.3648,68437,83232,Rhinolophus ferrumequinum,0.035,0.035,-1,Echolocation,/mnt/ubna_data_02_mir/recover-20220922/UBNA_001/20220921_090000.WAV,Telephone Field,recover-20220922,001,1795
1524.3355,1524.3473,48671,53727,Pipistrellus pipistrellus,0.023,0.026,-1,Echolocation,/mnt/ubna_data_02_mir/recover-20220922/UBNA_001/20220921_090000.WAV,Telephone Field,recover-20220922,001,1795
1524.3565,1524.3649,28046,39985,Eptesicus serotinus,0.008,0.023,-1,Echolocation,/mnt/ubna_data_02_mir/recover-20220922/UBNA_001/20220921_090000.WAV,Telephone Field,recover-20220922,001,1795
1524.3695,1524.3749,48671,53109,Pipistrellus pipistrellus,0.022,0.023,-1,Echolocation,/mnt/ubna_data_02_mir/recover-20220922/UBNA_001/20220921_090000.WAV,Telephone Field,recover-20220922,001,1795
1524.3925,1524.4004,22890,30493,Plecotus austriacus,0.011,0.023,-1,Echolocation,/mnt/ubna_data_02_mir/recover-20220922/UBNA_001/20220921_090000.WAV,Telephone Field,recover-20220922,001,1795
1524.4075,1524.4169,27187,35322,Eptesicus serotinus,0.01,0.023,-1,Echolocation,/mnt/ubna_data_02_mir/recover-20220922/UBNA_001/20220921_090000.WAV,Telephone Field,recover-20220922,001,1795
1524.4215,1524.4599,68437,82377,Rhinolophus ferrumequinum,0.026,0.026,-1,Echolocation,/mnt/ubna_data_02_mir/recover-20220922/UBNA_001/20220921_090000.WAV,Telephone Field,recover-20220922,001,1795
1524.4285,1524.4674,68437,82157,Rhinolophus ferrumequinum,0.023,0.023,-1,Echolocation,/mnt/ubna_data_02_mir/recover-20220922/UBNA_001/20220921_090000.WAV,Telephone Field,recover-20220922,001,1795
1524.4405,1524.4768,68437,81628,Rhinolophus ferrumequinum,0.029,0.029,-1,Echolocation,/mnt/ubna_data_02_mir/recover-20220922/UBNA_001/20220921_090000.WAV,Telephone Field,recover-20220922,001,1795
1524.4495,1524.457,28046,39592,Eptesicus serotinus,0.007,0.026,-1,Echolocation,/mnt/ubna_data_02_mir/recover-20220922/UBNA_001/20220921_090000.WAV,Telephone Field,recover-20220922,001,1795
1524.4705,1524.5098,68437,81559,Rhinolophus ferrumequinum,0.025,0.025,-1,Echolocation,/mnt/ubna_data_02_mir/recover-20220922/UBNA_001/20220921_090000.WAV,Telephone Field,recover-20220922,001,1795
1524.5455,1524.5565,24609,30818,Eptesicus serotinus,0.01,0.027,-1,Echolocation,/mnt/ubna_data_02_mir/recover-20220922/UBNA_001/20220921_090000.WAV,Telephone Field,recover-20220922,001,1795
1524.5715,1524.6146,68437,82912,Rhinolophus ferrumequinum,0.026,0.026,-1,Echolocation,/mnt/ubna_data_02_mir/recover-20220922/UBNA_001/20220921_090000.WAV,Telephone Field,recover-20220922,001,1795
1524.5995,1524.6081,23750,31302,Plecotus austriacus,0.01,0.028,-1,Echolocation,/mnt/ubna_data_02_mir/recover-20220922/UBNA_001/20220921_090000.WAV,Telephone Field,recover-20220922,001,1795
1524.6005,1524.6345,68437,81025,Rhinolophus ferrumequinum,0.023,0.023,-1,Echolocation,/mnt/ubna_data_02_mir/recover-20220922/UBNA_001/20220921_090000.WAV,Telephone Field,recover-20220922,001,1795
1524.6325,1524.6396,23750,33395,Plecotus austriacus,0.01,0.024,-1,Echolocation,/mnt/ubna_data_02_mir/recover-20220922/UBNA_001/20220921_090000.WAV,Telephone Field,recover-20220922,001,1795
1524.6485,1524.6569,26328,37833,Eptesicus serotinus,0.008,0.024,-1,Echolocation,/mnt/ubna_data_02_mir/recover-20220922/UBNA_001/20220921_090000.WAV,Telephone Field,recover-20220922,001,1795
1524.6995,1524.7363,68437,82330,Rhinolophus ferrumequinum,0.024,0.024,-1,Echolocation,/mnt/ubna_data_02_mir/recover-20220922/UBNA_001/20220921_090000.WAV,Telephone Field,recover-20220922,001,1795
1524.7005,1524.7119,34921,40972,Pipistrellus nathusii,0.01,0.023,-1,Echolocation,/mnt/ubna_data_02_mir/recover-20220922/UBNA_001/20220921_090000.WAV,Telephone Field,recover-20220922,001,1795
1524.7195,1524.756,68437,82042,Rhinolophus ferrumequinum,0.023,0.023,-1,Echolocation,/mnt/ubna_data_02_mir/recover-20220922/UBNA_001/20220921_090000.WAV,Telephone Field,recover-20220922,001,1795
1524.7445,1524.751,25468,39092,Myotis nattereri,0.007,0.027,-1,Echolocation,/mnt/ubna_data_02_mir/recover-20220922/UBNA_001/20220921_090000.WAV,Telephone Field,recover-20220922,001,1795
1524.7455,1524.7836,68437,81756,Rhinolophus ferrumequinum,0.023,0.023,-1,Echolocation,/mnt/ubna_data_02_mir/recover-20220922/UBNA_001/20220921_090000.WAV,Telephone Field,recover-20220922,001,1795
1524.7555,1524.798,68437,83466,Rhinolophus ferrumequinum,0.034,0.034,-1,Echolocation,/mnt/ubna_data_02_mir/recover-20220922/UBNA_001/20220921_090000.WAV,Telephone Field,recover-20220922,001,1795
1524.7665,1524.7768,22890,28894,Nyctalus leisleri,0.01,0.023,-1,Echolocation,/mnt/ubna_data_02_mir/recover-20220922/UBNA_001/20220921_090000.WAV,Telephone Field,recover-20220922,001,1795
1524.7945,1524.8035,28906,36630,Eptesicus serotinus,0.009,0.029,-1,Echolocation,/mnt/ubna_data_02_mir/recover-20220922/UBNA_001/20220921_090000.WAV,Telephone Field,recover-20220922,001,1795
1524.8275,1524.8698,68437,82893,Rhinolophus ferrumequinum,0.034,0.034,-1,Echolocation,/mnt/ubna_data_02_mir/recover-20220922/UBNA_001/20220921_090000.WAV,Telephone Field,recover-20220922,001,1795
1524.8275,1524.8381,22031,27295,Nyctalus leisleri,0.01,0.024,-1,Echolocation,/mnt/ubna_data_02_mir/recover-20220922/UBNA_001/20220921_090000.WAV,Telephone Field,recover-20220922,001,1795
1524.8375,1524.877,68437,82652,Rhinolophus ferrumequinum,0.026,0.026,-1,Echolocation,/mnt/ubna_data_02_mir/recover-20220922/UBNA_001/20220921_090000.WAV,Telephone Field,recover-20220922,001,1795
1524.8705,1524.8786,27187,37743,Eptesicus serotinus,0.008,0.023,-1,Echolocation,/mnt/ubna_data_02_mir/recover-20220922/UBNA_001/20220921_090000.WAV,Telephone Field,recover-20220922,001,1795
1524.8715,1524.9097,68437,82908,Rhinolophus ferrumequinum,0.027,0.027,-1,Echolocation,/mnt/ubna_data_02_mir/recover-20220922/UBNA_001/20220921_090000.WAV,Telephone Field,recover-20220922,001,1795
1524.8905,1524.9008,28906,35224,Eptesicus serotinus,0.01,0.025,-1,Echolocation,/mnt/ubna_data_02_mir/recover-20220922/UBNA_001/20220921_090000.WAV,Telephone Field,recover-20220922,001,1795
1524.9075,1524.9163,27187,37329,Eptesicus serotinus,0.01,0.024,-1,Echolocation,/mnt/ubna_data_02_mir/recover-20220922/UBNA_001/20220921_090000.WAV,Telephone Field,recover-20220922,001,1795
1524.9225,1524.9343,25468,31535,Nyctalus leisleri,0.01,0.025,-1,Echolocation,/mnt/ubna_data_02_mir/recover-20220922/UBNA_001/20220921_090000.WAV,Telephone Field,recover-20220922,001,1795
1524.9325,1524.9449,23750,28333,Nyctalus leisleri,0.013,0.024,-1,Echolocation,/mnt/ubna_data_02_mir/recover-20220922/UBNA_001/20220921_090000.WAV,Telephone Field,recover-20220922,001,1795
1524.9375,1524.9473,45234,49607,Pipistrellus pipistrellus,0.022,0.024,-1,Echolocation,/mnt/ubna_data_02_mir/recover-20220922/UBNA_001/20220921_090000.WAV,Telephone Field,recover-20220922,001,1795
1524.9765,1524.9895,57265,62661,Pipistrellus pygmaeus,0.022,0.023,-1,Echolocation,/mnt/ubna_data_02_mir/recover-20220922/UBNA_001/20220921_090000.WAV,Telephone Field,recover-20220922,001,1795
1525.0105,1525.0205,27187,36740,Eptesicus serotinus,0.009,0.022,-1,Echolocation,/mnt/ubna_data_02_mir/recover-20220922/UBNA_001/20220921_090000.WAV,Telephone Field,recover-20220922,001,1795
1525.0755,1525.0841,28046,39265,Eptesicus serotinus,0.008,0.023,-1,Echolocation,/mnt/ubna_data_02_mir/recover-20220922/UBNA_001/20220921_090000.WAV,Telephone Field,recover-20220922,001,1795
1525.1035,1525.1451,68437,82941,Rhinolophus ferrumequinum,0.024,0.024,-1,Echolocation,/mnt/ubna_data_02_mir/recover-20220922/UBNA_001/20220921_090000.WAV,Telephone Field,recover-20220922,001,1795
1525.1385,1525.156,20312,23727,Nyctalus leisleri,0.015,0.028,-1,Echolocation,/mnt/ubna_data_02_mir/recover-20220922/UBNA_001/20220921_090000.WAV,Telephone Field,recover-20220922,001,1795
1525.1745,1525.2094,68437,81196,Rhinolophus ferrumequinum,0.026,0.026,-1,Echolocation,/mnt/ubna_data_02_mir/recover-20220922/UBNA_001/20220921_090000.WAV,Telephone Field,recover-20220922,001,1795
1525.2005,1525.2392,68437,82326,Rhinolophus ferrumequinum,0.029,0.029,-1,Echolocation,/mnt/ubna_data_02_mir/recover-20220922/UBNA_001/20220921_090000.WAV,Telephone Field,recover-20220922,001,1795
1525.2045,1525.2122,23750,32567,Plecotus austriacus,0.014,0.03,-1,Echolocation,/mnt/ubna_data_02_mir/recover-20220922/UBNA_001/20220921_090000.WAV,Telephone Field,recover-20220922,001,1795
1525.2185,1525.2257,26328,41157,Myotis nattereri,0.005,0.022,-1,Echolocation,/mnt/ubna_data_02_mir/recover-20220922/UBNA_001/20220921_090000.WAV,Telephone Field,recover-20220922,001,1795
1525.2595,1525.2978,68437,82031,Rhinolophus ferrumequinum,0.023,0.023,-1,Echolocation,/mnt/ubna_data_02_mir/recover-20220922/UBNA_001/20220921_090000.WAV,Telephone Field,recover-20220922,001,1795
1525.2695,1525.2786,26328,35608,Eptesicus serotinus,0.011,0.025,-1,Echolocation,/mnt/ubna_data_02_mir/recover-20220922/UBNA_001/20220921_090000.WAV,Telephone Field,recover-20220922,001,1795
1525.2985,1525.3335,68437,80984,Rhinolophus ferrumequinum,0.023,0.023,-1,Echolocation,/mnt/ubna_data_02_mir/recover-20220922/UBNA_001/20220921_090000.WAV,Telephone Field,recover-20220922,001,1795
1525.3325,1525.3718,68437,82631,Rhinolophus ferrumequinum,0.024,0.024,-1,Echolocation,/mnt/ubna_data_02_mir/recover-20220922/UBNA_001/20220921_090000.WAV,Telephone Field,recover-20220922,001,1795
1525.3615,1525.397,68437,81286,Rhinolophus ferrumequinum,0.023,0.023,-1,Echolocation,/mnt/ubna_data_02_mir/recover-20220922/UBNA_001/20220921_090000.WAV,Telephone Field,recover-20220922,001,1795
1525.3805,1525.416,68437,81656,Rhinolophus ferrumequinum,0.031,0.031,-1,Echolocation,/mnt/ubna_data_02_mir/recover-20220922/UBNA_001/20220921_090000.WAV,Telephone Field,recover-20220922,001,1795
1525.4105,1525.4497,68437,82436,Rhinolophus ferrumequinum,0.024,0.024,-1,Echolocation,/mnt/ubna_data_02_mir/recover-20220922/UBNA_001/20220921_090000.WAV,Telephone Field,recover-20220922,001,1795
1525.4375,1525.4479,22890,28643,Nyctalus leisleri,0.012,0.027,-1,Echolocation,/mnt/ubna_data_02_mir/recover-20220922/UBNA_001/20220921_090000.WAV,Telephone Field,recover-20220922,001,1795
1525.4425,1525.4846,68437,82527,Rhinolophus ferrumequinum,0.024,0.024,-1,Echolocation,/mnt/ubna_data_02_mir/recover-20220922/UBNA_001/20220921_090000.WAV,Telephone Field,recover-20220922,001,1795
1525.4545,1525.4921,68437,80990,Rhinolophus ferrumequinum,0.023,0.024,-1,Echolocation,/mnt/ubna_data_02_mir/recover-20220922/UBNA_001/20220921_090000.WAV,Telephone Field,recover-20220922,001,1795
1525.5165,1525.5272,23750,29884,Nyctalus leisleri,0.01,0.025,-1,Echolocation,/mnt/ubna_data_02_mir/recover-20220922/UBNA_001/20220921_090000.WAV,Telephone Field,recover-20220922,001,1795
1525.5375,1525.5474,22031,27490,Nyctalus leisleri,0.008,0.023,-1,Echolocation,/mnt/ubna_data_02_mir/recover-20220922/UBNA_001/20220921_090000.WAV,Telephone Field,recover-20220922,001,1795
1525.5685,1525.5765,43515,54480,Pipistrellus pipistrellus,0.014,0.023,-1,Echolocation,/mnt/ubna_data_02_mir/recover-20220922/UBNA_001/20220921_090000.WAV,Telephone Field,recover-20220922,001,1795
1525.5845,1525.6282,68437,83503,Rhinolophus ferrumequinum,0.035,0.035,-1,Echolocation,/mnt/ubna_data_02_mir/recover-20220922/UBNA_001/20220921_090000.WAV,Telephone Field,recover-20220922,001,1795
1525.6255,1525.6677,68437,82651,Rhinolophus ferrumequinum,0.024,0.024,-1,Echolocation,/mnt/ubna_data_02_mir/recover-20220922/UBNA_001/20220921_090000.WAV,Telephone Field,recover-20220922,001,1795
1525.6815,1525.722,68437,82525,Rhinolophus ferrumequinum,0.026,0.026,-1,Echolocation,/mnt/ubna_data_02_mir/recover-20220922/UBNA_001/20220921_090000.WAV,Telephone Field,recover-20220922,001,1795
1525.6865,1525.6977,28046,34302,Eptesicus serotinus,0.011,0.024,-1,Echolocation,/mnt/ubna_data_02_mir/recover-20220922/UBNA_001/20220921_090000.WAV,Telephone Field,recover-20220922,001,1795
1525.7175,1525.7588,68437,82951,Rhinolophus ferrumequinum,0.032,0.032,-1,Echolocation,/mnt/ubna_data_02_mir/recover-20220922/UBNA_001/20220921_090000.WAV,Telephone Field,recover-20220922,001,1795
1525.7835,1525.8247,68437,82632,Rhinolophus ferrumequinum,0.034,0.034,-1,Echolocation,/mnt/ubna_data_02_mir/recover-20220922/UBNA_001/20220921_090000.WAV,Telephone Field,recover-20220922,001,1795
1525.8085,1525.8437,68437,82153,Rhinolophus ferrumequinum,0.027,0.027,-1,Echolocation,/mnt/ubna_data_02_mir/recover-20220922/UBNA_001/20220921_090000.WAV,Telephone Field,recover-20220922,001,1795
1525.8175,1525.8559,68437,82500,Rhinolophus ferrumequinum,0.025,0.025,-1,Echolocation,/mnt/ubna_data_02_mir/recover-20220922/UBNA_001/20220921_090000.WAV,Telephone Field,recover-20220922,001,1795
1525.8315,1525.8405,46953,55480,Pipistrellus pipistrellus,0.023,0.028,-1,Echolocation,/mnt/ubna_data_02_mir/recover-20220922/UBNA_001/20220921_090000.WAV,Telephone Field,recover-20220922,001,1795
1525.8695,1525.8786,28046,37624,Eptesicus serotinus,0.008,0.023,-1,Echolocation,/mnt/ubna_data_02_mir/recover-20220922/UBNA_001/20220921_090000.WAV,Telephone Field,recover-20220922,001,1795
1525.8755,1525.9132,68437,82116,Rhinolophus ferrumequinum,0.023,0.023,-1,Echolocation,/mnt/ubna_data_02_mir/recover-20220922/UBNA_001/20220921_090000.WAV,Telephone Field,recover-20220922,001,1795
1525.9265,1525.9376,22890,28094,Nyctalus leisleri,0.014,0.027,-1,Echolocation,/mnt/ubna_data_02_mir/recover-20220922/UBNA_001/20220921_090000.WAV,Telephone Field,recover-20220922,001,1795
1526.0015,1526.0108,23750,31122,Nyctalus leisleri,0.014,0.032,-1,Echolocation,/mnt/ubna_data_02_mir/recover-20220922/UBNA_001/20220921_090000.WAV,Telephone Field,recover-20220922,001,1795
1526.0015,1526.0337,68437,79240,Rhinolophus ferrumequinum,0.033,0.033,-1,Echolocation,/mnt/ubna_data_02_mir/recover-20220922/UBNA_001/20220921_090000.WAV,Telephone Field,recover-20220922,001,1795
1526.0075,1526.0477,68437,81285,Rhinolophus ferrumequinum,0.033,0.034,-1,Echolocation,/mnt/ubna_data_02_mir/recover-20220922/UBNA_001/20220921_090000.WAV,Telephone Field,recover-20220922,001,1795
1526.0295,1526.0367,27187,38357,Eptesicus serotinus,0.007,0.023,-1,Echolocation,/mnt/ubna_data_02_mir/recover-20220922/UBNA_001/20220921_090000.WAV,Telephone Field,recover-20220922,001,1795
1526.0475,1526.0591,23750,28761,Nyctalus leisleri,0.012,0.026,-1,Echolocation,/mnt/ubna_data_02_mir/recover-20220922/UBNA_001/20220921_090000.WAV,Telephone Field,recover-20220922,001,1795
1526.0605,1526.1013,68437,83381,Rhinolophus ferrumequinum,0.029,0.029,-1,Echolocation,/mnt/ubna_data_02_mir/recover-20220922/UBNA_001/20220921_090000.WAV,Telephone Field,recover-20220922,001,1795
1526.0775,1526.0861,28046,38994,Eptesicus serotinus,0.008,0.022,-1,Echolocation,/mnt/ubna_data_02_mir/recover-20220922/UBNA_001/20220921_090000.WAV,Telephone Field,recover-20220922,001,1795
1526.0785,1526.1178,68437,82055,Rhinolophus ferrumequinum,0.023,0.023,-1,Echolocation,/mnt/ubna_data_02_mir/recover-20220922/UBNA_001/20220921_090000.WAV,Telephone Field,recover-20220922,001,1795
1526.1105,1526.1483,68437,82286,Rhinolophus ferrumequinum,0.023,0.023,-1,Echolocation,/mnt/ubna_data_02_mir/recover-20220922/UBNA_001/20220921_090000.WAV,Telephone Field,recover-20220922,001,1795
1526.1525,1526.1602,24609,32618,Plecotus austriacus,0.007,0.024,-1,Echolocation,/mnt/ubna_data_02_mir/recover-20220922/UBNA_001/20220921_090000.WAV,Telephone Field,recover-20220922,001,1795
1526.1775,1526.1859,24609,34693,Plecotus austriacus,0.007,0.026,-1,Echolocation,/mnt/ubna_data_02_mir/recover-20220922/UBNA_001/20220921_090000.WAV,Telephone Field,recover-20220922,001,1795
1526.1855,1526.1979,22890,27241,Nyctalus leisleri,0.013,0.024,-1,Echolocation,/mnt/ubna_data_02_mir/recover-20220922/UBNA_001/20220921_090000.WAV,Telephone Field,recover-20220922,001,1795
1526.2075,1526.2481,68437,82149,Rhinolophus ferrumequinum,0.022,0.022,-1,Echolocation,/mnt/ubna_data_02_mir/recover-20220922/UBNA_001/20220921_090000.WAV,Telephone Field,recover-20220922,001,1795
1526.2095,1526.2167,24609,32797,Plecotus austriacus,0.008,0.022,-1,Echolocation,/mnt/ubna_data_02_mir/recover-20220922/UBNA_001/20220921_090000.WAV,Telephone Field,recover-20220922,001,1795
1526.2375,1526.2736,68437,82318,Rhinolophus ferrumequinum,0.022,0.022,-1,Echolocation,/mnt/ubna_data_02_mir/recover-20220922/UBNA_001/20220921_090000.WAV,Telephone Field,recover-20220922,001,1795
1526.2385,1526.246,28046,37451,Eptesicus serotinus,0.012,0.033,-1,Echolocation,/mnt/ubna_data_02_mir/recover-20220922/UBNA_001/20220921_090000.WAV,Telephone Field,recover-20220922,001,1795
1526.2625,1526.3017,68437,82224,Rhinolophus ferrumequinum,0.023,0.023,-1,Echolocation,/mnt/ubna_data_02_mir/recover-20220922/UBNA_001/20220921_090000.WAV,Telephone Field,recover-20220922,001,1795
1526.2635,1526.2713,28046,38709,Eptesicus serotinus,0.01,0.025,-1,Echolocation,/mnt/ubna_data_02_mir/recover-20220922/UBNA_001/20220921_090000.WAV,Telephone Field,recover-20220922,001,1795
1526.2805,1526.2905,22890,29173,Nyctalus leisleri,0.008,0.023,-1,Echolocation,/mnt/ubna_data_02_mir/recover-20220922/UBNA_001/20220921_090000.WAV,Telephone Field,recover-20220922,001,1795
1526.2895,1526.3317,68437,82584,Rhinolophus ferrumequinum,0.023,0.023,-1,Echolocation,/mnt/ubna_data_02_mir/recover-20220922/UBNA_001/20220921_090000.WAV,Telephone Field,recover-20220922,001,1795
1526.3005,1526.3095,25468,33169,Eptesicus serotinus,0.011,0.028,-1,Echolocation,/mnt/ubna_data_02_mir/recover-20220922/UBNA_001/20220921_090000.WAV,Telephone Field,recover-20220922,001,1795
1526.3245,1526.3659,68437,82359,Rhinolophus ferrumequinum,0.023,0.023,-1,Echolocation,/mnt/ubna_data_02_mir/recover-20220922/UBNA_001/20220921_090000.WAV,Telephone Field,recover-20220922,001,1795
1526.3285,1526.3494,19453,22860,Nyctalus noctula,0.013,0.023,-1,Echolocation,/mnt/ubna_data_02_mir/recover-20220922/UBNA_001/20220921_090000.WAV,Telephone Field,recover-20220922,001,1795
1526.3425,1526.379,68437,82274,Rhinolophus ferrumequinum,0.022,0.022,-1,Echolocation,/mnt/ubna_data_02_mir/recover-20220922/UBNA_001/20220921_090000.WAV,Telephone Field,recover-20220922,001,1795
1526.3475,1526.3558,28046,37570,Eptesicus serotinus,0.008,0.021,-1,Echolocation,/mnt/ubna_data_02_mir/recover-20220922/UBNA_001/20220921_090000.WAV,Telephone Field,recover-20220922,001,1795
1526.3615,1526.3739,43515,46812,Pipistrellus pipistrellus,0.026,0.031,-1,Echolocation,/mnt/ubna_data_02_mir/recover-20220922/UBNA_001/20220921_090000.WAV,Telephone Field,recover-20220922,001,1795
1526.3745,1526.4121,68437,81927,Rhinolophus ferrumequinum,0.022,0.022,-1,Echolocation,/mnt/ubna_data_02_mir/recover-20220922/UBNA_001/20220921_090000.WAV,Telephone Field,recover-20220922,001,1795
1526.4065,1526.4479,68437,82956,Rhinolophus ferrumequinum,0.033,0.033,-1,Echolocation,/mnt/ubna_data_02_mir/recover-20220922/UBNA_001/20220921_090000.WAV,Telephone Field,recover-20220922,001,1795
1526.4255,1526.4651,68437,82507,Rhinolophus ferrumequinum,0.024,0.024,-1,Echolocation,/mnt/ubna_data_02_mir/recover-20220922/UBNA_001/20220921_090000.WAV,Telephone Field,recover-20220922,001,1795
1526.5005,1526.5095,24609,31861,Nyctalus leisleri,0.007,0.023,-1,Echolocation,/mnt/ubna_data_02_mir/recover-20220922/UBNA_001/20220921_090000.WAV,Telephone Field,recover-20220922,001,1795
1526.5165,1526.5263,39218,43585,Pipistrellus nathusii,0.014,0.023,-1,Echolocation,/mnt/ubna_data_02_mir/recover-20220922/UBNA_001/20220921_090000.WAV,Telephone Field,recover-20220922,001,1795
1526.5445,1526.5863,68437,82547,Rhinolophus ferrumequinum,0.03,0.03,-1,Echolocation,/mnt/ubna_data_02_mir/recover-20220922/UBNA_001/20220921_090000.WAV,Telephone Field,recover-20220922,001,1795
1526.5745,1526.6128,68437,82158,Rhinolophus ferrumequinum,0.021,0.021,-1,Echolocation,/mnt/ubna_data_02_mir/recover-20220922/UBNA_001/20220921_090000.WAV,Telephone Field,recover-20220922,001,1795
1526.5805,1526.5905,24609,31346,Nyctalus leisleri,0.009,0.024,-1,Echolocation,/mnt/ubna_data_02_mir/recover-20220922/UBNA_001/20220921_090000.WAV,Telephone Field,recover-20220922,001,1795
1526.5905,1526.6325,68437,82831,Rhinolophus ferrumequinum,0.022,0.022,-1,Echolocation,/mnt/ubna_data_02_mir/recover-20220922/UBNA_001/20220921_090000.WAV,Telephone Field,recover-20220922,001,1795
1526.6295,1526.6689,68437,81548,Rhinolophus ferrumequinum,0.024,0.024,-1,Echolocation,/mnt/ubna_data_02_mir/recover-20220922/UBNA_001/20220921_090000.WAV,Telephone Field,recover-20220922,001,1795
1526.6415,1526.6803,68437,82982,Rhinolophus ferrumequinum,0.024,0.024,-1,Echolocation,/mnt/ubna_data_02_mir/recover-20220922/UBNA_001/20220921_090000.WAV,Telephone Field,recover-20220922,001,1795
1526.6965,1526.7033,24609,35319,Plecotus austriacus,0.014,0.039,-1,Echolocation,/mnt/ubna_data_02_mir/recover-20220922/UBNA_001/20220921_090000.WAV,Telephone Field,recover-20220922,001,1795
1526.7135,1526.7546,68437,82676,Rhinolophus ferrumequinum,0.026,0.026,-1,Echolocation,/mnt/ubna_data_02_mir/recover-20220922/UBNA_001/20220921_090000.WAV,Telephone Field,recover-20220922,001,1795
1526.7405,1526.7499,34921,41665,Barbastellus barbastellus,0.011,0.029,-1,Echolocation,/mnt/ubna_data_02_mir/recover-20220922/UBNA_001/20220921_090000.WAV,Telephone Field,recover-20220922,001,1795
1526.7525,1526.76,28046,39232,Eptesicus serotinus,0.008,0.024,-1,Echolocation,/mnt/ubna_data_02_mir/recover-20220922/UBNA_001/20220921_090000.WAV,Telephone Field,recover-20220922,001,1795
1526.7675,1526.8047,68437,81721,Rhinolophus ferrumequinum,0.021,0.021,-1,Echolocation,/mnt/ubna_data_02_mir/recover-20220922/UBNA_001/20220921_090000.WAV,Telephone Field,recover-20220922,001,1795
1526.7915,1526.8318,68437,82288,Rhinolophus ferrumequinum,0.022,0.022,-1,Echolocation,/mnt/ubna_data_02_mir/recover-20220922/UBNA_001/20220921_090000.WAV,Telephone Field,recover-20220922,001,1795
1526.7925,1526.8085,21171,24575,Nyctalus leisleri,0.015,0.025,-1,Echolocation,/mnt/ubna_data_02_mir/recover-20220922/UBNA_001/20220921_090000.WAV,Telephone Field,recover-20220922,001,1795
1526.8665,1526.9064,68437,82214,Rhinolophus ferrumequinum,0.022,0.022,-1,Echolocation,/mnt/ubna_data_02_mir/recover-20220922/UBNA_001/20220921_090000.WAV,Telephone Field,recover-20220922,001,1795
1526.8895,1526.9293,68437,81980,Rhinolophus ferrumequinum,0.023,0.023,-1,Echolocation,/mnt/ubna_data_02_mir/recover-20220922/UBNA_001/20220921_090000.WAV,Telephone Field,recover-20220922,001,1795
1526.9045,1526.9142,28906,36827,Eptesicus serotinus,0.01,0.024,-1,Echolocation,/mnt/ubna_data_02_mir/recover-20220922/UBNA_001/20220921_090000.WAV,Telephone Field,recover-20220922,001,1795
1526.9325,1526.9716,68437,81682,Rhinolophus ferrumequinum,0.025,0.025,-1,Echolocation,/mnt/ubna_data_02_mir/recover-20220922/UBNA_001/20220921_090000.WAV,Telephone Field,recover-20220922,001,1795
1526.9385,1526.9811,68437,82706,Rhinolophus ferrumequinum,0.023,0.023,-1,Echolocation,/mnt/ubna_data_02_mir/recover-20220922/UBNA_001/20220921_090000.WAV,Telephone Field,recover-20220922,001,1795
1527.0215,1527.0619,68437,82493,Rhinolophus ferrumequinum,0.023,0.023,-1,Echolocation,/mnt/ubna_data_02_mir/recover-20220922/UBNA_001/20220921_090000.WAV,Telephone Field,recover-20220922,001,1795
1527.0355,1527.0746,68437,81836,Rhinolophus ferrumequinum,0.023,0.023,-1,Echolocation,/mnt/ubna_data_02_mir/recover-20220922/UBNA_001/20220921_090000.WAV,Telephone Field,recover-20220922,001,1795
1527.0445,1527.0529,28906,36642,Eptesicus serotinus,0.01,0.024,-1,Echolocation,/mnt/ubna_data_02_mir/recover-20220922/UBNA_001/20220921_090000.WAV,Telephone Field,recover-20220922,001,1795
1527.0765,1527.1111,68437,81070,Rhinolophus ferrumequinum,0.022,0.022,-1,Echolocation,/mnt/ubna_data_02_mir/recover-20220922/UBNA_001/20220921_090000.WAV,Telephone Field,recover-20220922,001,1795
1527.0855,1527.0933,27187,39720,Eptesicus serotinus,0.008,0.023,-1,Echolocation,/mnt/ubna_data_02_mir/recover-20220922/UBNA_001/20220921_090000.WAV,Telephone Field,recover-20220922,001,1795
1527.1425,1527.1522,28906,36878,Eptesicus serotinus,0.01,0.024,-1,Echolocation,/mnt/ubna_data_02_mir/recover-20220922/UBNA_001/20220921_090000.WAV,Telephone Field,recover-20220922,001,1795
1527.1545,1527.1928,68437,82242,Rhinolophus ferrumequinum,0.028,0.028,-1,Echolocation,/mnt/ubna_data_02_mir/recover-20220922/UBNA_001/20220921_090000.WAV,Telephone Field,recover-20220922,001,1795
1527.1945,1527.2051,27187,35066,Eptesicus serotinus,0.02,0.036,-1,Echolocation,/mnt/ubna_data_02_mir/recover-20220922/UBNA_001/20220921_090000.WAV,Telephone Field,recover-20220922,001,1795
1527.1955,1527.2339,68437,82076,Rhinolophus ferrumequinum,0.022,0.022,-1,Echolocation,/mnt/ubna_data_02_mir/recover-20220922/UBNA_001/20220921_090000.WAV,Telephone Field,recover-20220922,001,1795
1527.2025,1527.241,68437,81765,Rhinolophus ferrumequinum,0.023,0.023,-1,Echolocation,/mnt/ubna_data_02_mir/recover-20220922/UBNA_001/20220921_090000.WAV,Telephone Field,recover-20220922,001,1795
1527.2675,1527.2769,40937,46288,Pipistrellus nathusii,0.013,0.025,-1,Echolocation,/mnt/ubna_data_02_mir/recover-20220922/UBNA_001/20220921_090000.WAV,Telephone Field,recover-20220922,001,1795
1527.2725,1527.3121,68437,82786,Rhinolophus ferrumequinum,0.022,0.022,-1,Echolocation,/mnt/ubna_data_02_mir/recover-20220922/UBNA_001/20220921_090000.WAV,Telephone Field,recover-20220922,001,1795
1527.2935,1527.3027,51250,55810,Pipistrellus pipistrellus,0.024,0.032,-1,Echolocation,/mnt/ubna_data_02_mir/recover-20220922/UBNA_001/20220921_090000.WAV,Telephone Field,recover-20220922,001,1795
1527.2935,1527.3362,68437,82931,Rhinolophus ferrumequinum,0.026,0.026,-1,Echolocation,/mnt/ubna_data_02_mir/recover-20220922/UBNA_001/20220921_090000.WAV,Telephone Field,recover-20220922,001,1795
1527.3245,1527.3328,28046,38360,Eptesicus serotinus,0.008,0.022,-1,Echolocation,/mnt/ubna_data_02_mir/recover-20220922/UBNA_001/20220921_090000.WAV,Telephone Field,recover-20220922,001,1795
1527.3375,1527.3749,68437,82043,Rhinolophus ferrumequinum,0.022,0.022,-1,Echolocation,/mnt/ubna_data_02_mir/recover-20220922/UBNA_001/20220921_090000.WAV,Telephone Field,recover-20220922,001,1795
1527.3495,1527.3847,68437,81902,Rhinolophus ferrumequinum,0.021,0.021,-1,Echolocation,/mnt/ubna_data_02_mir/recover-20220922/UBNA_001/20220921_090000.WAV,Telephone Field,recover-20220922,001,1795
1527.3995,1527.4368,68437,81952,Rhinolophus ferrumequinum,0.022,0.022,-1,Echolocation,/mnt/ubna_data_02_mir/recover-20220922/UBNA_001/20220921_090000.WAV,Telephone Field,recover-20220922,001,1795
1527.4145,1527.4237,28046,38175,Eptesicus serotinus,0.009,0.023,-1,Echolocation,/mnt/ubna_data_02_mir/recover-20220922/UBNA_001/20220921_090000.WAV,Telephone Field,recover-20220922,001,1795
1527.4185,1527.458,68437,82393,Rhinolophus ferrumequinum,0.028,0.028,-1,Echolocation,/mnt/ubna_data_02_mir/recover-20220922/UBNA_001/20220921_090000.WAV,Telephone Field,recover-20220922,001,1795
1527.4345,1527.4782,68437,82794,Rhinolophus ferrumequinum,0.027,0.028,-1,Echolocation,/mnt/ubna_data_02_mir/recover-20220922/UBNA_001/20220921_090000.WAV,Telephone Field,recover-20220922,001,1795
1527.4385,1527.4483,26328,35655,Eptesicus serotinus,0.009,0.024,-1,Echolocation,/mnt/ubna_data_02_mir/recover-20220922/UBNA_001/20220921_090000.WAV,Telephone Field,recover-20220922,001,1795
1527.4665,1527.5064,68437,82325,Rhinolophus ferrumequinum,0.024,0.024,-1,Echolocation,/mnt/ubna_data_02_mir/recover-20220922/UBNA_001/20220921_090000.WAV,Telephone Field,recover-20220922,001,1795
1527.4695,1527.4794,22890,29247,Nyctalus leisleri,0.008,0.021,-1,Echolocation,/mnt/ubna_data_02_mir/recover-20220922/UBNA_001/20220921_090000.WAV,Telephone Field,recover-20220922,001,1795
1527.4935,1527.5334,68437,82143,Rhinolophus ferrumequinum,0.023,0.023,-1,Echolocation,/mnt/ubna_data_02_mir/recover-20220922/UBNA_001/20220921_090000.WAV,Telephone Field,recover-20220922,001,1795
1527.4985,1527.5084,49531,54267,Pipistrellus pipistrellus,0.026,0.032,-1,Echolocation,/mnt/ubna_data_02_mir/recover-20220922/UBNA_001/20220921_090000.WAV,Telephone Field,recover-20220922,001,1795
1527.5035,1527.5426,68437,81854,Rhinolophus ferrumequinum,0.023,0.023,-1,Echolocation,/mnt/ubna_data_02_mir/recover-20220922/UBNA_001/20220921_090000.WAV,Telephone Field,recover-20220922,001,1795
1527.5795,1527.5865,28046,39222,Eptesicus serotinus,0.007,0.022,-1,Echolocation,/mnt/ubna_data_02_mir/recover-20220922/UBNA_001/20220921_090000.WAV,Telephone Field,recover-20220922,001,1795
1527.5955,1527.6384,68437,82674,Rhinolophus ferrumequinum,0.03,0.03,-1,Echolocation,/mnt/ubna_data_02_mir/recover-20220922/UBNA_001/20220921_090000.WAV,Telephone Field,recover-20220922,001,1795
1527.6255,1527.6385,22890,27383,Nyctalus leisleri,0.015,0.029,-1,Echolocation,/mnt/ubna_data_02_mir/recover-20220922/UBNA_001/20220921_090000.WAV,Telephone Field,recover-20220922,001,1795
1527.6255,1527.6668,68437,82833,Rhinolophus ferrumequinum,0.024,0.024,-1,Echolocation,/mnt/ubna_data_02_mir/recover-20220922/UBNA_001/20220921_090000.WAV,Telephone Field,recover-20220922,001,1795
1527.6315,1527.6508,20312,23321,Nyctalus leisleri,0.017,0.029,-1,Echolocation,/mnt/ubna_data_02_mir/recover-20220922/UBNA_001/20220921_090000.WAV,Telephone Field,recover-20220922,001,1795
1527.6605,1527.671,24609,30467,Nyctalus leisleri,0.011,0.028,-1,Echolocation,/mnt/ubna_data_02_mir/recover-20220922/UBNA_001/20220921_090000.WAV,Telephone Field,recover-20220922,001,1795
1527.7775,1527.8165,68437,81998,Rhinolophus ferrumequinum,0.034,0.034,-1,Echolocation,/mnt/ubna_data_02_mir/recover-20220922/UBNA_001/20220921_090000.WAV,Telephone Field,recover-20220922,001,1795
1527.7975,1527.809,22031,25984,Nyctalus leisleri,0.012,0.022,-1,Echolocation,/mnt/ubna_data_02_mir/recover-20220922/UBNA_001/20220921_090000.WAV,Telephone Field,recover-20220922,001,1795
1527.8705,1527.8822,28906,35010,Eptesicus serotinus,0.015,0.03,-1,Echolocation,/mnt/ubna_data_02_mir/recover-20220922/UBNA_001/20220921_090000.WAV,Telephone Field,recover-20220922,001,1795
1527.8935,1527.9327,68437,82748,Rhinolophus ferrumequinum,0.024,0.024,-1,Echolocation,/mnt/ubna_data_02_mir/recover-20220922/UBNA_001/20220921_090000.WAV,Telephone Field,recover-20220922,001,1795
1527.9025,1527.9433,68437,82606,Rhinolophus ferrumequinum,0.026,0.026,-1,Echolocation,/mnt/ubna_data_02_mir/recover-20220922/UBNA_001/20220921_090000.WAV,Telephone Field,recover-20220922,001,1795
1527.9105,1527.9507,68437,82315,Rhinolophus ferrumequinum,0.024,0.025,-1,Echolocation,/mnt/ubna_data_02_mir/recover-20220922/UBNA_001/20220921_090000.WAV,Telephone Field,recover-20220922,001,1795
1527.9155,1527.9264,28046,35397,Eptesicus serotinus,0.013,0.029,-1,Echolocation,/mnt/ubna_data_02_mir/recover-20220922/UBNA_001/20220921_090000.WAV,Telephone Field,recover-20220922,001,1795
1527.9195,1527.9572,68437,82071,Rhinolophus ferrumequinum,0.022,0.022,-1,Echolocation,/mnt/ubna_data_02_mir/recover-20220922/UBNA_001/20220921_090000.WAV,Telephone Field,recover-20220922,001,1795
1527.9335,1527.9757,68437,82897,Rhinolophus ferrumequinum,0.024,0.024,-1,Echolocation,/mnt/ubna_data_02_mir/recover-20220922/UBNA_001/20220921_090000.WAV,Telephone Field,recover-20220922,001,1795
1528.0015,1528.0099,47812,53696,Pipistrellus pipistrellus,0.02,0.026,-1,Echolocation,/mnt/ubna_data_02_mir/recover-20220922/UBNA_001/20220921_090000.WAV,Telephone Field,recover-20220922,001,1795
1528.0015,1528.0319,68437,79647,Rhinolophus ferrumequinum,0.032,0.033,-1,Echolocation,/mnt/ubna_data_02_mir/recover-20220922/UBNA_001/20220921_090000.WAV,Telephone Field,recover-20220922,001,1795
1528.0015,1528.0157,19453,24220,Nyctalus leisleri,0.014,0.033,-1,Echolocation,/mnt/ubna_data_02_mir/recover-20220922/UBNA_001/20220921_090000.WAV,Telephone Field,recover-20220922,001,1795
1528.0375,1528.0473,28046,36238,Eptesicus serotinus,0.013,0.025,-1,Echolocation,/mnt/ubna_data_02_mir/recover-20220922/UBNA_001/20220921_090000.WAV,Telephone Field,recover-20220922,001,1795
1528.0575,1528.068,29765,36697,Eptesicus serotinus,0.01,0.024,-1,Echolocation,/mnt/ubna_data_02_mir/recover-20220922/UBNA_001/20220921_090000.WAV,Telephone Field,recover-20220922,001,1795
1528.0855,1528.1259,68437,81950,Rhinolophus ferrumequinum,0.024,0.024,-1,Echolocation,/mnt/ubna_data_02_mir/recover-20220922/UBNA_001/20220921_090000.WAV,Telephone Field,recover-20220922,001,1795
1528.0935,1528.1359,68437,82716,Rhinolophus ferrumequinum,0.024,0.024,-1,Echolocation,/mnt/ubna_data_02_mir/recover-20220922/UBNA_001/20220921_090000.WAV,Telephone Field,recover-20220922,001,1795
1528.1335,1528.1475,22031,26240,Nyctalus leisleri,0.017,0.03,-1,Echolocation,/mnt/ubna_data_02_mir/recover-20220922/UBNA_001/20220921_090000.WAV,Telephone Field,recover-20220922,001,1795
1528.1365,1528.1739,68437,81668,Rhinolophus ferrumequinum,0.024,0.024,-1,Echolocation,/mnt/ubna_data_02_mir/recover-20220922/UBNA_001/20220921_090000.WAV,Telephone Field,recover-20220922,001,1795
1528.1455,1528.1551,26328,35113,Eptesicus serotinus,0.012,0.033,-1,Echolocation,/mnt/ubna_data_02_mir/recover-20220922/UBNA_001/20220921_090000.WAV,Telephone Field,recover-20220922,001,1795
1528.1855,1528.2257,68437,82157,Rhinolophus ferrumequinum,0.022,0.022,-1,Echolocation,/mnt/ubna_data_02_mir/recover-20220922/UBNA_001/20220921_090000.WAV,Telephone Field,recover-20220922,001,1795
1528.2075,1528.2194,24609,31253,Eptesicus serotinus,0.009,0.022,-1,Echolocation,/mnt/ubna_data_02_mir/recover-20220922/UBNA_001/20220921_090000.WAV,Telephone Field,recover-20220922,001,1795
1528.2525,1528.2606,23750,32591,Plecotus austriacus,0.01,0.025,-1,Echolocation,/mnt/ubna_data_02_mir/recover-20220922/UBNA_001/20220921_090000.WAV,Telephone Field,recover-20220922,001,1795
1528.2785,1528.2903,37500,43834,Pipistrellus nathusii,0.02,0.031,-1,Echolocation,/mnt/ubna_data_02_mir/recover-20220922/UBNA_001/20220921_090000.WAV,Telephone Field,recover-20220922,001,1795
1528.3075,1528.3169,25468,33008,Eptesicus serotinus,0.008,0.027,-1,Echolocation,/mnt/ubna_data_02_mir/recover-20220922/UBNA_001/20220921_090000.WAV,Telephone Field,recover-20220922,001,1795
1528.3165,1528.3253,28906,37444,Eptesicus serotinus,0.013,0.027,-1,Echolocation,/mnt/ubna_data_02_mir/recover-20220922/UBNA_001/20220921_090000.WAV,Telephone Field,recover-20220922,001,1795
1528.3715,1528.404,68437,80551,Rhinolophus ferrumequinum,0.034,0.034,-1,Echolocation,/mnt/ubna_data_02_mir/recover-20220922/UBNA_001/20220921_090000.WAV,Telephone Field,recover-20220922,001,1795
1528.3715,1528.38,28906,38612,Eptesicus serotinus,0.009,0.024,-1,Echolocation,/mnt/ubna_data_02_mir/recover-20220922/UBNA_001/20220921_090000.WAV,Telephone Field,recover-20220922,001,1795
1528.3855,1528.3958,28906,37518,Eptesicus serotinus,0.011,0.024,-1,Echolocation,/mnt/ubna_data_02_mir/recover-20220922/UBNA_001/20220921_090000.WAV,Telephone Field,recover-20220922,001,1795
1528.4115,1528.4208,28046,38830,Eptesicus serotinus,0.01,0.022,-1,Echolocation,/mnt/ubna_data_02_mir/recover-20220922/UBNA_001/20220921_090000.WAV,Telephone Field,recover-20220922,001,1795
1528.4925,1528.5336,68437,82610,Rhinolophus ferrumequinum,0.024,0.025,-1,Echolocation,/mnt/ubna_data_02_mir/recover-20220922/UBNA_001/20220921_090000.WAV,Telephone Field,recover-20220922,001,1795
1528.5745,1528.5849,28046,35265,Eptesicus serotinus,0.019,0.034,-1,Echolocation,/mnt/ubna_data_02_mir/recover-20220922/UBNA_001/20220921_090000.WAV,Telephone Field,recover-20220922,001,1795
1528.6125,1528.6219,43515,53788,Pipistrellus pipistrellus,0.013,0.023,-1,Echolocation,/mnt/ubna_data_02_mir/recover-20220922/UBNA_001/20220921_090000.WAV,Telephone Field,recover-20220922,001,1795
1528.6295,1528.6708,68437,82793,Rhinolophus ferrumequinum,0.022,0.022,-1,Echolocation,/mnt/ubna_data_02_mir/recover-20220922/UBNA_001/20220921_090000.WAV,Telephone Field,recover-20220922,001,1795
1528.6895,1528.6954,47812,53114,Pipistrellus pipistrellus,0.037,0.038,-1,Echolocation,/mnt/ubna_data_02_mir/recover-20220922/UBNA_001/20220921_090000.WAV,Telephone Field,recover-20220922,001,1795
1528.7275,1528.7668,68437,82204,Rhinolophus ferrumequinum,0.023,0.023,-1,Echolocation,/mnt/ubna_data_02_mir/recover-20220922/UBNA_001/20220921_090000.WAV,Telephone Field,recover-20220922,001,1795
1528.7345,1528.7457,23750,30635,Nyctalus leisleri,0.009,0.026,-1,Echolocation,/mnt/ubna_data_02_mir/recover-20220922/UBNA_001/20220921_090000.WAV,Telephone Field,recover-20220922,001,1795
1528.7345,1528.7739,68437,82627,Rhinolophus ferrumequinum,0.022,0.022,-1,Echolocation,/mnt/ubna_data_02_mir/recover-20220922/UBNA_001/20220921_090000.WAV,Telephone Field,recover-20220922,001,1795
1528.7485,1528.7858,68437,81406,Rhinolophus ferrumequinum,0.023,0.023,-1,Echolocation,/mnt/ubna_data_02_mir/recover-20220922/UBNA_001/20220921_090000.WAV,Telephone Field,recover-20220922,001,1795
1528.7585,1528.7974,68437,82244,Rhinolophus ferrumequinum,0.022,0.022,-1,Echolocation,/mnt/ubna_data_02_mir/recover-20220922/UBNA_001/20220921_090000.WAV,Telephone Field,recover-20220922,001,1795
1528.7625,1528.7696,24609,38846,Plecotus austriacus,0.008,0.026,-1,Echolocation,/mnt/ubna_data_02_mir/recover-20220922/UBNA_001/20220921_090000.WAV,Telephone Field,recover-20220922,001,1795
1528.7795,1528.8174,68437,81813,Rhinolophus ferrumequinum,0.023,0.023,-1,Echolocation,/mnt/ubna_data_02_mir/recover-20220922/UBNA_001/20220921_090000.WAV,Telephone Field,recover-20220922,001,1795
1528.8015,1528.8133,22890,28765,Nyctalus leisleri,0.011,0.027,-1,Echolocation,/mnt/ubna_data_02_mir/recover-20220922/UBNA_001/20220921_090000.WAV,Telephone Field,recover-20220922,001,1795
1528.8185,1528.8588,68437,82290,Rhinolophus ferrumequinum,0.025,0.025,-1,Echolocation,/mnt/ubna_data_02_mir/recover-20220922/UBNA_001/20220921_090000.WAV,Telephone Field,recover-20220922,001,1795
1528.8425,1528.8513,27187,38016,Eptesicus serotinus,0.011,0.026,-1,Echolocation,/mnt/ubna_data_02_mir/recover-20220922/UBNA_001/20220921_090000.WAV,Telephone Field,recover-20220922,001,1795
1528.8685,1528.879,28046,36284,Eptesicus serotinus,0.01,0.022,-1,Echolocation,/mnt/ubna_data_02_mir/recover-20220922/UBNA_001/20220921_090000.WAV,Telephone Field,recover-20220922,001,1795
1528.8925,1528.9338,68437,82911,Rhinolophus ferrumequinum,0.024,0.024,-1,Echolocation,/mnt/ubna_data_02_mir/recover-20220922/UBNA_001/20220921_090000.WAV,Telephone Field,recover-20220922,001,1795
1528.9085,1528.9153,47812,55137,Pipistrellus pipistrellus,0.025,0.026,-1,Echolocation,/mnt/ubna_data_02_mir/recover-20220922/UBNA_001/20220921_090000.WAV,Telephone Field,recover-20220922,001,1795
1528.9185,1528.9567,68437,81798,Rhinolophus ferrumequinum,0.022,0.022,-1,Echolocation,/mnt/ubna_data_02_mir/recover-20220922/UBNA_001/20220921_090000.WAV,Telephone Field,recover-20220922,001,1795
1528.9755,1528.9867,28906,36573,Eptesicus serotinus,0.019,0.033,-1,Echolocation,/mnt/ubna_data_02_mir/recover-20220922/UBNA_001/20220921_090000.WAV,Telephone Field,recover-20220922,001,1795
1528.9875,1529.0248,68437,82115,Rhinolophus ferrumequinum,0.022,0.022,-1,Echolocation,/mnt/ubna_data_02_mir/recover-20220922/UBNA_001/20220921_090000.WAV,Telephone Field,recover-20220922,001,1795
1529.0135,1529.0538999999999,68437,82564,Rhinolophus ferrumequinum,0.027,0.027,-1,Echolocation,/mnt/ubna_data_02_mir/recover-20220922/UBNA_001/20220921_090000.WAV,Telephone Field,recover-20220922,001,1795
1529.0285,1529.0381,27187,35270,Eptesicus serotinus,0.012,0.029,-1,Echolocation,/mnt/ubna_data_02_mir/recover-20220922/UBNA_001/20220921_090000.WAV,Telephone Field,recover-20220922,001,1795
1529.0485,1529.0872,68437,82043,Rhinolophus ferrumequinum,0.03,0.03,-1,Echolocation,/mnt/ubna_data_02_mir/recover-20220922/UBNA_001/20220921_090000.WAV,Telephone Field,recover-20220922,001,1795
1529.1345,1529.1728,68437,82206,Rhinolophus ferrumequinum,0.023,0.023,-1,Echolocation,/mnt/ubna_data_02_mir/recover-20220922/UBNA_001/20220921_090000.WAV,Telephone Field,recover-20220922,001,1795
1529.2095,1529.2202,23750,29348,Nyctalus leisleri,0.01,0.022,-1,Echolocation,/mnt/ubna_data_02_mir/recover-20220922/UBNA_001/20220921_090000.WAV,Telephone Field,recover-20220922,001,1795
1529.2775,1529.3168,68437,83099,Rhinolophus ferrumequinum,0.027,0.027,-1,Echolocation,/mnt/ubna_data_02_mir/recover-20220922/UBNA_001/20220921_090000.WAV,Telephone Field,recover-20220922,001,1795
1529.3025,1529.3437,68437,82747,Rhinolophus ferrumequinum,0.025,0.025,-1,Echolocation,/mnt/ubna_data_02_mir/recover-20220922/UBNA_001/20220921_090000.WAV,Telephone Field,recover-20220922,001,1795
1529.3095,1529.316,32343,45561,Myotis daubentonii,0.012,0.027,-1,Echolocation,/mnt/ubna_data_02_mir/recover-20220922/UBNA_001/20220921_090000.WAV,Telephone Field,recover-20220922,001,1795
1529.3095,1529.3165,27187,40481,Eptesicus serotinus,0.006,0.023,-1,Echolocation,/mnt/ubna_data_02_mir/recover-20220922/UBNA_001/20220921_090000.WAV,Telephone Field,recover-20220922,001,1795
1529.3445,1529.3522,23750,32258,Plecotus austriacus,0.009,0.024,-1,Echolocation,/mnt/ubna_data_02_mir/recover-20220922/UBNA_001/20220921_090000.WAV,Telephone Field,recover-20220922,001,1795
1529.3825,1529.3912,27187,35135,Eptesicus serotinus,0.013,0.031,-1,Echolocation,/mnt/ubna_data_02_mir/recover-20220922/UBNA_001/20220921_090000.WAV,Telephone Field,recover-20220922,001,1795
1529.3865,1529.4251,68437,82325,Rhinolophus ferrumequinum,0.023,0.023,-1,Echolocation,/mnt/ubna_data_02_mir/recover-20220922/UBNA_001/20220921_090000.WAV,Telephone Field,recover-20220922,001,1795
1529.3885,1529.3985,28906,36241,Eptesicus serotinus,0.015,0.029,-1,Echolocation,/mnt/ubna_data_02_mir/recover-20220922/UBNA_001/20220921_090000.WAV,Telephone Field,recover-20220922,001,1795
1529.4055,1529.4437,68437,82123,Rhinolophus ferrumequinum,0.022,0.022,-1,Echolocation,/mnt/ubna_data_02_mir/recover-20220922/UBNA_001/20220921_090000.WAV,Telephone Field,recover-20220922,001,1795
1529.4185,1529.4578,68437,82310,Rhinolophus ferrumequinum,0.023,0.023,-1,Echolocation,/mnt/ubna_data_02_mir/recover-20220922/UBNA_001/20220921_090000.WAV,Telephone Field,recover-20220922,001,1795
1529.4245,1529.4369,28906,34070,Eptesicus serotinus,0.048,0.082,-1,Echolocation,/mnt/ubna_data_02_mir/recover-20220922/UBNA_001/20220921_090000.WAV,Telephone Field,recover-20220922,001,1795
1529.4535,1529.4641,24609,32289,Eptesicus serotinus,0.008,0.023,-1,Echolocation,/mnt/ubna_data_02_mir/recover-20220922/UBNA_001/20220921_090000.WAV,Telephone Field,recover-20220922,001,1795
1529.4715,1529.5151,68437,82590,Rhinolophus ferrumequinum,0.029,0.029,-1,Echolocation,/mnt/ubna_data_02_mir/recover-20220922/UBNA_001/20220921_090000.WAV,Telephone Field,recover-20220922,001,1795
1529.4795,1529.487,28906,41091,Eptesicus serotinus,0.007,0.022,-1,Echolocation,/mnt/ubna_data_02_mir/recover-20220922/UBNA_001/20220921_090000.WAV,Telephone Field,recover-20220922,001,1795
1529.4845,1529.4951,22890,28012,Nyctalus leisleri,0.012,0.023,-1,Echolocation,/mnt/ubna_data_02_mir/recover-20220922/UBNA_001/20220921_090000.WAV,Telephone Field,recover-20220922,001,1795
1529.5005,1529.5106,22890,28715,Nyctalus leisleri,0.012,0.03,-1,Echolocation,/mnt/ubna_data_02_mir/recover-20220922/UBNA_001/20220921_090000.WAV,Telephone Field,recover-20220922,001,1795
1529.5115,1529.5212,14296,21308,Nyctalus noctula,0.011,0.027,-1,Echolocation,/mnt/ubna_data_02_mir/recover-20220922/UBNA_001/20220921_090000.WAV,Telephone Field,recover-20220922,001,1795
1529.5185,1529.5585,68437,82823,Rhinolophus ferrumequinum,0.03,0.03,-1,Echolocation,/mnt/ubna_data_02_mir/recover-20220922/UBNA_001/20220921_090000.WAV,Telephone Field,recover-20220922,001,1795
1529.5335,1529.5454,34062,39637,Eptesicus serotinus,0.01,0.027,-1,Echolocation,/mnt/ubna_data_02_mir/recover-20220922/UBNA_001/20220921_090000.WAV,Telephone Field,recover-20220922,001,1795
1529.5485,1529.591,68437,83547,Rhinolophus ferrumequinum,0.045,0.045,-1,Echolocation,/mnt/ubna_data_02_mir/recover-20220922/UBNA_001/20220921_090000.WAV,Telephone Field,recover-20220922,001,1795
1529.5595,1529.5734,32343,38208,Eptesicus serotinus,0.013,0.034,-1,Echolocation,/mnt/ubna_data_02_mir/recover-20220922/UBNA_001/20220921_090000.WAV,Telephone Field,recover-20220922,001,1795
1529.5815,1529.6184,68437,81914,Rhinolophus ferrumequinum,0.023,0.023,-1,Echolocation,/mnt/ubna_data_02_mir/recover-20220922/UBNA_001/20220921_090000.WAV,Telephone Field,recover-20220922,001,1795
1529.6905,1529.7294,68437,82531,Rhinolophus ferrumequinum,0.025,0.025,-1,Echolocation,/mnt/ubna_data_02_mir/recover-20220922/UBNA_001/20220921_090000.WAV,Telephone Field,recover-20220922,001,1795
1529.7015,1529.7127,22890,27331,Nyctalus leisleri,0.014,0.027,-1,Echolocation,/mnt/ubna_data_02_mir/recover-20220922/UBNA_001/20220921_090000.WAV,Telephone Field,recover-20220922,001,1795
1529.7265,1529.767,68437,82162,Rhinolophus ferrumequinum,0.022,0.022,-1,Echolocation,/mnt/ubna_data_02_mir/recover-20220922/UBNA_001/20220921_090000.WAV,Telephone Field,recover-20220922,001,1795
1529.7455,1529.7672,20312,23462,Nyctalus leisleri,0.015,0.032,-1,Echolocation,/mnt/ubna_data_02_mir/recover-20220922/UBNA_001/20220921_090000.WAV,Telephone Field,recover-20220922,001,1795
1529.7565,1529.7941,68437,81592,Rhinolophus ferrumequinum,0.025,0.025,-1,Echolocation,/mnt/ubna_data_02_mir/recover-20220922/UBNA_001/20220921_090000.WAV,Telephone Field,recover-20220922,001,1795
1529.7695,1529.7791,23750,31468,Nyctalus leisleri,0.011,0.034,-1,Echolocation,/mnt/ubna_data_02_mir/recover-20220922/UBNA_001/20220921_090000.WAV,Telephone Field,recover-20220922,001,1795
1529.7755,1529.8155,68437,82717,Rhinolophus ferrumequinum,0.024,0.024,-1,Echolocation,/mnt/ubna_data_02_mir/recover-20220922/UBNA_001/20220921_090000.WAV,Telephone Field,recover-20220922,001,1795
1529.7775,1529.7885,45234,48886,Pipistrellus pipistrellus,0.035,0.038,-1,Echolocation,/mnt/ubna_data_02_mir/recover-20220922/UBNA_001/20220921_090000.WAV,Telephone Field,recover-20220922,001,1795
1529.8115,1529.8538,68437,83392,Rhinolophus ferrumequinum,0.026,0.026,-1,Echolocation,/mnt/ubna_data_02_mir/recover-20220922/UBNA_001/20220921_090000.WAV,Telephone Field,recover-20220922,001,1795
1529.8285,1529.8669,68437,81782,Rhinolophus ferrumequinum,0.023,0.023,-1,Echolocation,/mnt/ubna_data_02_mir/recover-20220922/UBNA_001/20220921_090000.WAV,Telephone Field,recover-20220922,001,1795
1529.9505,1529.9583,28046,41975,Eptesicus serotinus,0.007,0.023,-1,Echolocation,/mnt/ubna_data_02_mir/recover-20220922/UBNA_001/20220921_090000.WAV,Telephone Field,recover-20220922,001,1795
1529.9865,1529.9946,26328,35981,Eptesicus serotinus,0.009,0.024,-1,Echolocation,/mnt/ubna_data_02_mir/recover-20220922/UBNA_001/20220921_090000.WAV,Telephone Field,recover-20220922,001,1795
1530.0015,1530.0112,22031,27990,Nyctalus leisleri,0.012,0.028,-1,Echolocation,/mnt/ubna_data_02_mir/recover-20220922/UBNA_001/20220921_090000.WAV,Telephone Field,recover-20220922,001,1795
1530.0015,1530.0325,68437,79813,Rhinolophus ferrumequinum,0.041,0.042,-1,Echolocation,/mnt/ubna_data_02_mir/recover-20220922/UBNA_001/20220921_090000.WAV,Telephone Field,recover-20220922,001,1795
1530.0155,1530.0585,68437,83298,Rhinolophus ferrumequinum,0.024,0.024,-1,Echolocation,/mnt/ubna_data_02_mir/recover-20220922/UBNA_001/20220921_090000.WAV,Telephone Field,recover-20220922,001,1795
1530.0365,1530.0557,20312,23072,Nyctalus leisleri,0.016,0.026,-1,Echolocation,/mnt/ubna_data_02_mir/recover-20220922/UBNA_001/20220921_090000.WAV,Telephone Field,recover-20220922,001,1795
1530.0625,1530.1008,68437,81982,Rhinolophus ferrumequinum,0.023,0.023,-1,Echolocation,/mnt/ubna_data_02_mir/recover-20220922/UBNA_001/20220921_090000.WAV,Telephone Field,recover-20220922,001,1795
1530.0935,1530.1309,68437,81118,Rhinolophus ferrumequinum,0.023,0.023,-1,Echolocation,/mnt/ubna_data_02_mir/recover-20220922/UBNA_001/20220921_090000.WAV,Telephone Field,recover-20220922,001,1795
1530.1145,1530.1541,68437,82310,Rhinolophus ferrumequinum,0.022,0.022,-1,Echolocation,/mnt/ubna_data_02_mir/recover-20220922/UBNA_001/20220921_090000.WAV,Telephone Field,recover-20220922,001,1795
1530.1305,1530.1748,68437,83329,Rhinolophus ferrumequinum,0.031,0.031,-1,Echolocation,/mnt/ubna_data_02_mir/recover-20220922/UBNA_001/20220921_090000.WAV,Telephone Field,recover-20220922,001,1795
1530.2395,1530.2782,68437,82377,Rhinolophus ferrumequinum,0.029,0.029,-1,Echolocation,/mnt/ubna_data_02_mir/recover-20220922/UBNA_001/20220921_090000.WAV,Telephone Field,recover-20220922,001,1795
1530.2405,1530.2479,28046,39191,Eptesicus serotinus,0.007,0.024,-1,Echolocation,/mnt/ubna_data_02_mir/recover-20220922/UBNA_001/20220921_090000.WAV,Telephone Field,recover-20220922,001,1795
1530.2455,1530.2848,68437,82519,Rhinolophus ferrumequinum,0.026,0.026,-1,Echolocation,/mnt/ubna_data_02_mir/recover-20220922/UBNA_001/20220921_090000.WAV,Telephone Field,recover-20220922,001,1795
1530.2765,1530.2862,22031,27796,Plecotus austriacus,0.008,0.024,-1,Echolocation,/mnt/ubna_data_02_mir/recover-20220922/UBNA_001/20220921_090000.WAV,Telephone Field,recover-20220922,001,1795
1530.3035,1530.3426,68437,82169,Rhinolophus ferrumequinum,0.023,0.023,-1,Echolocation,/mnt/ubna_data_02_mir/recover-20220922/UBNA_001/20220921_090000.WAV,Telephone Field,recover-20220922,001,1795
1530.3265,1530.3653,68437,82256,Rhinolophus ferrumequinum,0.022,0.022,-1,Echolocation,/mnt/ubna_data_02_mir/recover-20220922/UBNA_001/20220921_090000.WAV,Telephone Field,recover-20220922,001,1795
1530.3305,1530.3425,25468,30344,Nyctalus leisleri,0.032,0.074,-1,Echolocation,/mnt/ubna_data_02_mir/recover-20220922/UBNA_001/20220921_090000.WAV,Telephone Field,recover-20220922,001,1795
1530.3805,1530.4187,68437,81732,Rhinolophus ferrumequinum,0.023,0.023,-1,Echolocation,/mnt/ubna_data_02_mir/recover-20220922/UBNA_001/20220921_090000.WAV,Telephone Field,recover-20220922,001,1795
1530.4045,1530.4212,21171,24035,Nyctalus leisleri,0.014,0.022,-1,Echolocation,/mnt/ubna_data_02_mir/recover-20220922/UBNA_001/20220921_090000.WAV,Telephone Field,recover-20220922,001,1795
1530.4075,1530.4469,68437,82606,Rhinolophus ferrumequinum,0.026,0.026,-1,Echolocation,/mnt/ubna_data_02_mir/recover-20220922/UBNA_001/20220921_090000.WAV,Telephone Field,recover-20220922,001,1795
1530.4365,1530.4794,68437,83127,Rhinolophus ferrumequinum,0.027,0.027,-1,Echolocation,/mnt/ubna_data_02_mir/recover-20220922/UBNA_001/20220921_090000.WAV,Telephone Field,recover-20220922,001,1795
1530.4625,1530.4719,48671,51903,Pipistrellus pipistrellus,0.028,0.031,-1,Echolocation,/mnt/ubna_data_02_mir/recover-20220922/UBNA_001/20220921_090000.WAV,Telephone Field,recover-20220922,001,1795
1530.4955,1530.5045,27187,40454,Eptesicus serotinus,0.01,0.023,-1,Echolocation,/mnt/ubna_data_02_mir/recover-20220922/UBNA_001/20220921_090000.WAV,Telephone Field,recover-20220922,001,1795
1530.5015,1530.5416,68437,83048,Rhinolophus ferrumequinum,0.03,0.03,-1,Echolocation,/mnt/ubna_data_02_mir/recover-20220922/UBNA_001/20220921_090000.WAV,Telephone Field,recover-20220922,001,1795
1530.5055,1530.5131,26328,34550,Eptesicus serotinus,0.007,0.023,-1,Echolocation,/mnt/ubna_data_02_mir/recover-20220922/UBNA_001/20220921_090000.WAV,Telephone Field,recover-20220922,001,1795
1530.5075,1530.5483,68437,83036,Rhinolophus ferrumequinum,0.031,0.031,-1,Echolocation,/mnt/ubna_data_02_mir/recover-20220922/UBNA_001/20220921_090000.WAV,Telephone Field,recover-20220922,001,1795
1530.5105,1530.5179,28046,37834,Eptesicus serotinus,0.008,0.023,-1,Echolocation,/mnt/ubna_data_02_mir/recover-20220922/UBNA_001/20220921_090000.WAV,Telephone Field,recover-20220922,001,1795
1530.5565,1530.5959,68437,82342,Rhinolophus ferrumequinum,0.025,0.025,-1,Echolocation,/mnt/ubna_data_02_mir/recover-20220922/UBNA_001/20220921_090000.WAV,Telephone Field,recover-20220922,001,1795
1530.5675,1530.5747,28046,39270,Eptesicus serotinus,0.008,0.022,-1,Echolocation,/mnt/ubna_data_02_mir/recover-20220922/UBNA_001/20220921_090000.WAV,Telephone Field,recover-20220922,001,1795
1530.5815,1530.616,68437,81042,Rhinolophus ferrumequinum,0.025,0.025,-1,Echolocation,/mnt/ubna_data_02_mir/recover-20220922/UBNA_001/20220921_090000.WAV,Telephone Field,recover-20220922,001,1795
1530.6095,1530.6205,43515,47305,Pipistrellus pipistrellus,0.022,0.029,-1,Echolocation,/mnt/ubna_data_02_mir/recover-20220922/UBNA_001/20220921_090000.WAV,Telephone Field,recover-20220922,001,1795
1530.6205,1530.6603,68437,82387,Rhinolophus ferrumequinum,0.029,0.029,-1,Echolocation,/mnt/ubna_data_02_mir/recover-20220922/UBNA_001/20220921_090000.WAV,Telephone Field,recover-20220922,001,1795
1530.6735,1530.7141,68437,82552,Rhinolophus ferrumequinum,0.034,0.034,-1,Echolocation,/mnt/ubna_data_02_mir/recover-20220922/UBNA_001/20220921_090000.WAV,Telephone Field,recover-20220922,001,1795
1530.7055,1530.7442,68437,82341,Rhinolophus ferrumequinum,0.023,0.023,-1,Echolocation,/mnt/ubna_data_02_mir/recover-20220922/UBNA_001/20220921_090000.WAV,Telephone Field,recover-20220922,001,1795
1530.7765,1530.8144,68437,81550,Rhinolophus ferrumequinum,0.023,0.023,-1,Echolocation,/mnt/ubna_data_02_mir/recover-20220922/UBNA_001/20220921_090000.WAV,Telephone Field,recover-20220922,001,1795
1530.7785,1530.7869,26328,35558,Eptesicus serotinus,0.009,0.023,-1,Echolocation,/mnt/ubna_data_02_mir/recover-20220922/UBNA_001/20220921_090000.WAV,Telephone Field,recover-20220922,001,1795
1530.7995,1530.8381,68437,82499,Rhinolophus ferrumequinum,0.024,0.024,-1,Echolocation,/mnt/ubna_data_02_mir/recover-20220922/UBNA_001/20220921_090000.WAV,Telephone Field,recover-20220922,001,1795
1530.8075,1530.8489,68437,82720,Rhinolophus ferrumequinum,0.031,0.031,-1,Echolocation,/mnt/ubna_data_02_mir/recover-20220922/UBNA_001/20220921_090000.WAV,Telephone Field,recover-20220922,001,1795
1530.8975,1530.906,28046,38632,Eptesicus serotinus,0.008,0.021,-1,Echolocation,/mnt/ubna_data_02_mir/recover-20220922/UBNA_001/20220921_090000.WAV,Telephone Field,recover-20220922,001,1795
1530.8975,1530.9363,68437,81993,Rhinolophus ferrumequinum,0.024,0.024,-1,Echolocation,/mnt/ubna_data_02_mir/recover-20220922/UBNA_001/20220921_090000.WAV,Telephone Field,recover-20220922,001,1795
1530.9075,1530.9397,68437,79693,Rhinolophus ferrumequinum,0.023,0.024,-1,Echolocation,/mnt/ubna_data_02_mir/recover-20220922/UBNA_001/20220921_090000.WAV,Telephone Field,recover-20220922,001,1795
1530.9345,1530.9726,68437,82146,Rhinolophus ferrumequinum,0.022,0.022,-1,Echolocation,/mnt/ubna_data_02_mir/recover-20220922/UBNA_001/20220921_090000.WAV,Telephone Field,recover-20220922,001,1795
1530.9935,1531.0286,68437,80641,Rhinolophus ferrumequinum,0.024,0.024,-1,Echolocation,/mnt/ubna_data_02_mir/recover-20220922/UBNA_001/20220921_090000.WAV,Telephone Field,recover-20220922,001,1795
1531.0495,1531.0593,24609,31881,Eptesicus serotinus,0.009,0.025,-1,Echolocation,/mnt/ubna_data_02_mir/recover-20220922/UBNA_001/20220921_090000.WAV,Telephone Field,recover-20220922,001,1795
1531.0535,1531.0924,68437,82258,Rhinolophus ferrumequinum,0.025,0.025,-1,Echolocation,/mnt/ubna_data_02_mir/recover-20220922/UBNA_001/20220921_090000.WAV,Telephone Field,recover-20220922,001,1795
1531.0695,1531.1087,68437,82128,Rhinolophus ferrumequinum,0.022,0.022,-1,Echolocation,/mnt/ubna_data_02_mir/recover-20220922/UBNA_001/20220921_090000.WAV,Telephone Field,recover-20220922,001,1795
1531.0705,1531.0811,23750,29478,Nyctalus leisleri,0.01,0.023,-1,Echolocation,/mnt/ubna_data_02_mir/recover-20220922/UBNA_001/20220921_090000.WAV,Telephone Field,recover-20220922,001,1795
1531.1165,1531.1572,68437,82674,Rhinolophus ferrumequinum,0.024,0.024,-1,Echolocation,/mnt/ubna_data_02_mir/recover-20220922/UBNA_001/20220921_090000.WAV,Telephone Field,recover-20220922,001,1795
1531.1975,1531.2354,68437,81776,Rhinolophus ferrumequinum,0.022,0.022,-1,Echolocation,/mnt/ubna_data_02_mir/recover-20220922/UBNA_001/20220921_090000.WAV,Telephone Field,recover-20220922,001,1795
1531.1995,1531.2079,28046,38401,Eptesicus serotinus,0.008,0.021,-1,Echolocation,/mnt/ubna_data_02_mir/recover-20220922/UBNA_001/20220921_090000.WAV,Telephone Field,recover-20220922,001,1795
1531.2365,1531.2454,28046,40052,Eptesicus serotinus,0.008,0.022,-1,Echolocation,/mnt/ubna_data_02_mir/recover-20220922/UBNA_001/20220921_090000.WAV,Telephone Field,recover-20220922,001,1795
1531.2495,1531.2914,68437,82852,Rhinolophus ferrumequinum,0.024,0.024,-1,Echolocation,/mnt/ubna_data_02_mir/recover-20220922/UBNA_001/20220921_090000.WAV,Telephone Field,recover-20220922,001,1795
1531.2655,1531.2741,28046,40724,Eptesicus serotinus,0.009,0.023,-1,Echolocation,/mnt/ubna_data_02_mir/recover-20220922/UBNA_001/20220921_090000.WAV,Telephone Field,recover-20220922,001,1795
1531.2745,1531.2851,28906,36061,Eptesicus serotinus,0.009,0.021,-1,Echolocation,/mnt/ubna_data_02_mir/recover-20220922/UBNA_001/20220921_090000.WAV,Telephone Field,recover-20220922,001,1795
1531.2925,1531.3001,28046,40626,Eptesicus serotinus,0.007,0.021,-1,Echolocation,/mnt/ubna_data_02_mir/recover-20220922/UBNA_001/20220921_090000.WAV,Telephone Field,recover-20220922,001,1795
1531.3045,1531.3421,68437,82165,Rhinolophus ferrumequinum,0.022,0.022,-1,Echolocation,/mnt/ubna_data_02_mir/recover-20220922/UBNA_001/20220921_090000.WAV,Telephone Field,recover-20220922,001,1795
1531.3285,1531.3693,68437,82645,Rhinolophus ferrumequinum,0.028,0.028,-1,Echolocation,/mnt/ubna_data_02_mir/recover-20220922/UBNA_001/20220921_090000.WAV,Telephone Field,recover-20220922,001,1795
1531.3575,1531.3979,68437,82942,Rhinolophus ferrumequinum,0.023,0.023,-1,Echolocation,/mnt/ubna_data_02_mir/recover-20220922/UBNA_001/20220921_090000.WAV,Telephone Field,recover-20220922,001,1795
1531.3735,1531.4086,68437,80918,Rhinolophus ferrumequinum,0.021,0.021,-1,Echolocation,/mnt/ubna_data_02_mir/recover-20220922/UBNA_001/20220921_090000.WAV,Telephone Field,recover-20220922,001,1795
1531.3875,1531.395,28046,40335,Eptesicus serotinus,0.006,0.021,-1,Echolocation,/mnt/ubna_data_02_mir/recover-20220922/UBNA_001/20220921_090000.WAV,Telephone Field,recover-20220922,001,1795
1531.4015,1531.4425,68437,82839,Rhinolophus ferrumequinum,0.025,0.025,-1,Echolocation,/mnt/ubna_data_02_mir/recover-20220922/UBNA_001/20220921_090000.WAV,Telephone Field,recover-20220922,001,1795
1531.4235,1531.4654,68437,82945,Rhinolophus ferrumequinum,0.022,0.022,-1,Echolocation,/mnt/ubna_data_02_mir/recover-20220922/UBNA_001/20220921_090000.WAV,Telephone Field,recover-20220922,001,1795
1531.4275,1531.4373,23750,30260,Nyctalus leisleri,0.009,0.025,-1,Echolocation,/mnt/ubna_data_02_mir/recover-20220922/UBNA_001/20220921_090000.WAV,Telephone Field,recover-20220922,001,1795
1531.4425,1531.4842,68437,82996,Rhinolophus ferrumequinum,0.023,0.023,-1,Echolocation,/mnt/ubna_data_02_mir/recover-20220922/UBNA_001/20220921_090000.WAV,Telephone Field,recover-20220922,001,1795
1531.4715,1531.4815,28906,36144,Eptesicus serotinus,0.01,0.022,-1,Echolocation,/mnt/ubna_data_02_mir/recover-20220922/UBNA_001/20220921_090000.WAV,Telephone Field,recover-20220922,001,1795
1531.5105,1531.5202,39218,43584,Pipistrellus nathusii,0.034,0.045,-1,Echolocation,/mnt/ubna_data_02_mir/recover-20220922/UBNA_001/20220921_090000.WAV,Telephone Field,recover-20220922,001,1795
1531.5235,1531.563,68437,82157,Rhinolophus ferrumequinum,0.023,0.023,-1,Echolocation,/mnt/ubna_data_02_mir/recover-20220922/UBNA_001/20220921_090000.WAV,Telephone Field,recover-20220922,001,1795
1531.5785,1531.5895,28046,34943,Eptesicus serotinus,0.011,0.025,-1,Echolocation,/mnt/ubna_data_02_mir/recover-20220922/UBNA_001/20220921_090000.WAV,Telephone Field,recover-20220922,001,1795
1531.6065,1531.6466,68437,82055,Rhinolophus ferrumequinum,0.021,0.021,-1,Echolocation,/mnt/ubna_data_02_mir/recover-20220922/UBNA_001/20220921_090000.WAV,Telephone Field,recover-20220922,001,1795
1531.6125,1531.6514,68437,82265,Rhinolophus ferrumequinum,0.023,0.023,-1,Echolocation,/mnt/ubna_data_02_mir/recover-20220922/UBNA_001/20220921_090000.WAV,Telephone Field,recover-20220922,001,1795
1531.6475,1531.6877,68437,83129,Rhinolophus ferrumequinum,0.024,0.024,-1,Echolocation,/mnt/ubna_data_02_mir/recover-20220922/UBNA_001/20220921_090000.WAV,Telephone Field,recover-20220922,001,1795
1531.6705,1531.7083,68437,82297,Rhinolophus ferrumequinum,0.026,0.026,-1,Echolocation,/mnt/ubna_data_02_mir/recover-20220922/UBNA_001/20220921_090000.WAV,Telephone Field,recover-20220922,001,1795
1531.6735,1531.6814,26328,35311,Eptesicus serotinus,0.009,0.025,-1,Echolocation,/mnt/ubna_data_02_mir/recover-20220922/UBNA_001/20220921_090000.WAV,Telephone Field,recover-20220922,001,1795
1531.6975,1531.7351,68437,81806,Rhinolophus ferrumequinum,0.022,0.022,-1,Echolocation,/mnt/ubna_data_02_mir/recover-20220922/UBNA_001/20220921_090000.WAV,Telephone Field,recover-20220922,001,1795
1531.7055,1531.7448,68437,82185,Rhinolophus ferrumequinum,0.022,0.022,-1,Echolocation,/mnt/ubna_data_02_mir/recover-20220922/UBNA_001/20220921_090000.WAV,Telephone Field,recover-20220922,001,1795
1531.7465,1531.7865,68437,81913,Rhinolophus ferrumequinum,0.021,0.021,-1,Echolocation,/mnt/ubna_data_02_mir/recover-20220922/UBNA_001/20220921_090000.WAV,Telephone Field,recover-20220922,001,1795
1531.8185,1531.8576,68437,82546,Rhinolophus ferrumequinum,0.022,0.022,-1,Echolocation,/mnt/ubna_data_02_mir/recover-20220922/UBNA_001/20220921_090000.WAV,Telephone Field,recover-20220922,001,1795
1531.8365,1531.8455,28046,38973,Eptesicus serotinus,0.009,0.022,-1,Echolocation,/mnt/ubna_data_02_mir/recover-20220922/UBNA_001/20220921_090000.WAV,Telephone Field,recover-20220922,001,1795
1531.8715,1531.908,68437,81918,Rhinolophus ferrumequinum,0.022,0.022,-1,Echolocation,/mnt/ubna_data_02_mir/recover-20220922/UBNA_001/20220921_090000.WAV,Telephone Field,recover-20220922,001,1795
1531.9045,1531.943,68437,81899,Rhinolophus ferrumequinum,0.024,0.024,-1,Echolocation,/mnt/ubna_data_02_mir/recover-20220922/UBNA_001/20220921_090000.WAV,Telephone Field,recover-20220922,001,1795
1531.9145,1531.9251,23750,30601,Nyctalus leisleri,0.009,0.023,-1,Echolocation,/mnt/ubna_data_02_mir/recover-20220922/UBNA_001/20220921_090000.WAV,Telephone Field,recover-20220922,001,1795
1531.9375,1531.9463,28046,39265,Eptesicus serotinus,0.008,0.022,-1,Echolocation,/mnt/ubna_data_02_mir/recover-20220922/UBNA_001/20220921_090000.WAV,Telephone Field,recover-20220922,001,1795
1531.9525,1531.9931,68437,81863,Rhinolophus ferrumequinum,0.023,0.023,-1,Echolocation,/mnt/ubna_data_02_mir/recover-20220922/UBNA_001/20220921_090000.WAV,Telephone Field,recover-20220922,001,1795
1531.9555,1531.9663,50390,55908,Pipistrellus pipistrellus,0.037,0.044,-1,Echolocation,/mnt/ubna_data_02_mir/recover-20220922/UBNA_001/20220921_090000.WAV,Telephone Field,recover-20220922,001,1795
1531.9555,1531.9749,22031,26243,Nyctalus leisleri,0.018,0.038,-1,Echolocation,/mnt/ubna_data_02_mir/recover-20220922/UBNA_001/20220921_090000.WAV,Telephone Field,recover-20220922,001,1795
1531.9605,1531.9772,22890,27563,Nyctalus leisleri,0.019,0.038,-1,Echolocation,/mnt/ubna_data_02_mir/recover-20220922/UBNA_001/20220921_090000.WAV,Telephone Field,recover-20220922,001,1795
1531.9815,1531.9878,27187,39707,Eptesicus serotinus,0.007,0.027,-1,Echolocation,/mnt/ubna_data_02_mir/recover-20220922/UBNA_001/20220921_090000.WAV,Telephone Field,recover-20220922,001,1795
1532.0015,1532.0112,23750,29995,Nyctalus leisleri,0.011,0.03,-1,Echolocation,/mnt/ubna_data_02_mir/recover-20220922/UBNA_001/20220921_090000.WAV,Telephone Field,recover-20220922,001,1795
1532.0015,1532.0321,69296,81183,Rhinolophus ferrumequinum,0.028,0.028,-1,Echolocation,/mnt/ubna_data_02_mir/recover-20220922/UBNA_001/20220921_090000.WAV,Telephone Field,recover-20220922,001,1795
1532.0465,1532.0566,40078,46264,Pipistrellus nathusii,0.013,0.023,-1,Echolocation,/mnt/ubna_data_02_mir/recover-20220922/UBNA_001/20220921_090000.WAV,Telephone Field,recover-20220922,001,1795
1532.0495,1532.0885,68437,82369,Rhinolophus ferrumequinum,0.025,0.025,-1,Echolocation,/mnt/ubna_data_02_mir/recover-20220922/UBNA_001/20220921_090000.WAV,Telephone Field,recover-20220922,001,1795
1532.0765,1532.0864,23750,30386,Nyctalus leisleri,0.008,0.023,-1,Echolocation,/mnt/ubna_data_02_mir/recover-20220922/UBNA_001/20220921_090000.WAV,Telephone Field,recover-20220922,001,1795
1532.0855,1532.1218,68437,81431,Rhinolophus ferrumequinum,0.023,0.023,-1,Echolocation,/mnt/ubna_data_02_mir/recover-20220922/UBNA_001/20220921_090000.WAV,Telephone Field,recover-20220922,001,1795
1532.1355,1532.1464,35781,42574,Pipistrellus nathusii,0.006,0.022,-1,Echolocation,/mnt/ubna_data_02_mir/recover-20220922/UBNA_001/20220921_090000.WAV,Telephone Field,recover-20220922,001,1795
1532.1375,1532.1464,28046,39727,Eptesicus serotinus,0.008,0.021,-1,Echolocation,/mnt/ubna_data_02_mir/recover-20220922/UBNA_001/20220921_090000.WAV,Telephone Field,recover-20220922,001,1795
1532.1505,1532.1903,68437,82408,Rhinolophus ferrumequinum,0.021,0.021,-1,Echolocation,/mnt/ubna_data_02_mir/recover-20220922/UBNA_001/20220921_090000.WAV,Telephone Field,recover-20220922,001,1795
1532.1665,1532.2008,68437,80674,Rhinolophus ferrumequinum,0.024,0.024,-1,Echolocation,/mnt/ubna_data_02_mir/recover-20220922/UBNA_001/20220921_090000.WAV,Telephone Field,recover-20220922,001,1795
1532.1695,1532.1785,28046,39167,Eptesicus serotinus,0.009,0.023,-1,Echolocation,/mnt/ubna_data_02_mir/recover-20220922/UBNA_001/20220921_090000.WAV,Telephone Field,recover-20220922,001,1795
1532.1875,1532.2302,68437,83416,Rhinolophus ferrumequinum,0.056,0.056,-1,Echolocation,/mnt/ubna_data_02_mir/recover-20220922/UBNA_001/20220921_090000.WAV,Telephone Field,recover-20220922,001,1795
1532.1945,1532.2039,28046,36142,Eptesicus serotinus,0.01,0.021,-1,Echolocation,/mnt/ubna_data_02_mir/recover-20220922/UBNA_001/20220921_090000.WAV,Telephone Field,recover-20220922,001,1795
1532.2355,1532.2732,68437,82266,Rhinolophus ferrumequinum,0.022,0.022,-1,Echolocation,/mnt/ubna_data_02_mir/recover-20220922/UBNA_001/20220921_090000.WAV,Telephone Field,recover-20220922,001,1795
1532.2645,1532.2726,28046,37233,Eptesicus serotinus,0.006,0.022,-1,Echolocation,/mnt/ubna_data_02_mir/recover-20220922/UBNA_001/20220921_090000.WAV,Telephone Field,recover-20220922,001,1795
1532.2815,1532.2913,24609,30908,Nyctalus leisleri,0.008,0.022,-1,Echolocation,/mnt/ubna_data_02_mir/recover-20220922/UBNA_001/20220921_090000.WAV,Telephone Field,recover-20220922,001,1795
1532.2865,1532.2963,28046,35471,Eptesicus serotinus,0.009,0.021,-1,Echolocation,/mnt/ubna_data_02_mir/recover-20220922/UBNA_001/20220921_090000.WAV,Telephone Field,recover-20220922,001,1795
1532.2945,1532.304,28046,38408,Eptesicus serotinus,0.008,0.021,-1,Echolocation,/mnt/ubna_data_02_mir/recover-20220922/UBNA_001/20220921_090000.WAV,Telephone Field,recover-20220922,001,1795
1532.3235,1532.3609,68437,81262,Rhinolophus ferrumequinum,0.024,0.024,-1,Echolocation,/mnt/ubna_data_02_mir/recover-20220922/UBNA_001/20220921_090000.WAV,Telephone Field,recover-20220922,001,1795
1532.3625,1532.3699,27187,39736,Eptesicus serotinus,0.006,0.021,-1,Echolocation,/mnt/ubna_data_02_mir/recover-20220922/UBNA_001/20220921_090000.WAV,Telephone Field,recover-20220922,001,1795
1532.3755,1532.416,68437,82699,Rhinolophus ferrumequinum,0.022,0.022,-1,Echolocation,/mnt/ubna_data_02_mir/recover-20220922/UBNA_001/20220921_090000.WAV,Telephone Field,recover-20220922,001,1795
1532.4055,1532.4397,68437,80499,Rhinolophus ferrumequinum,0.025,0.025,-1,Echolocation,/mnt/ubna_data_02_mir/recover-20220922/UBNA_001/20220921_090000.WAV,Telephone Field,recover-20220922,001,1795
1532.4085,1532.4181,27187,35812,Eptesicus serotinus,0.01,0.023,-1,Echolocation,/mnt/ubna_data_02_mir/recover-20220922/UBNA_001/20220921_090000.WAV,Telephone Field,recover-20220922,001,1795
1532.4635,1532.4708,28046,39304,Eptesicus serotinus,0.006,0.021,-1,Echolocation,/mnt/ubna_data_02_mir/recover-20220922/UBNA_001/20220921_090000.WAV,Telephone Field,recover-20220922,001,1795
1532.4895,1532.5269,68437,81934,Rhinolophus ferrumequinum,0.023,0.023,-1,Echolocation,/mnt/ubna_data_02_mir/recover-20220922/UBNA_001/20220921_090000.WAV,Telephone Field,recover-20220922,001,1795
1532.4915,1532.4999,27187,39850,Eptesicus serotinus,0.01,0.023,-1,Echolocation,/mnt/ubna_data_02_mir/recover-20220922/UBNA_001/20220921_090000.WAV,Telephone Field,recover-20220922,001,1795
1532.5255,1532.5634,68437,81622,Rhinolophus ferrumequinum,0.026,0.026,-1,Echolocation,/mnt/ubna_data_02_mir/recover-20220922/UBNA_001/20220921_090000.WAV,Telephone Field,recover-20220922,001,1795
1532.5465,1532.5574,44375,50613,Pipistrellus pipistrellus,0.017,0.024,-1,Echolocation,/mnt/ubna_data_02_mir/recover-20220922/UBNA_001/20220921_090000.WAV,Telephone Field,recover-20220922,001,1795
1532.6145,1532.6533,68437,82184,Rhinolophus ferrumequinum,0.022,0.022,-1,Echolocation,/mnt/ubna_data_02_mir/recover-20220922/UBNA_001/20220921_090000.WAV,Telephone Field,recover-20220922,001,1795
1532.6185,1532.6279,26328,34000,Eptesicus serotinus,0.01,0.022,-1,Echolocation,/mnt/ubna_data_02_mir/recover-20220922/UBNA_001/20220921_090000.WAV,Telephone Field,recover-20220922,001,1795
1532.6335,1532.67,68437,82071,Rhinolophus ferrumequinum,0.021,0.021,-1,Echolocation,/mnt/ubna_data_02_mir/recover-20220922/UBNA_001/20220921_090000.WAV,Telephone Field,recover-20220922,001,1795
1532.6565,1532.6681,38359,42020,Pipistrellus nathusii,0.043,0.05,-1,Echolocation,/mnt/ubna_data_02_mir/recover-20220922/UBNA_001/20220921_090000.WAV,Telephone Field,recover-20220922,001,1795
1532.6625,1532.6725,28046,37963,Eptesicus serotinus,0.01,0.022,-1,Echolocation,/mnt/ubna_data_02_mir/recover-20220922/UBNA_001/20220921_090000.WAV,Telephone Field,recover-20220922,001,1795
1532.6705,1532.71,68437,82282,Rhinolophus ferrumequinum,0.024,0.024,-1,Echolocation,/mnt/ubna_data_02_mir/recover-20220922/UBNA_001/20220921_090000.WAV,Telephone Field,recover-20220922,001,1795
1532.6715,1532.6806,28906,38300,Eptesicus serotinus,0.009,0.024,-1,Echolocation,/mnt/ubna_data_02_mir/recover-20220922/UBNA_001/20220921_090000.WAV,Telephone Field,recover-20220922,001,1795
1532.7245,1532.7317,46093,49449,Pipistrellus pipistrellus,0.02,0.021,-1,Echolocation,/mnt/ubna_data_02_mir/recover-20220922/UBNA_001/20220921_090000.WAV,Telephone Field,recover-20220922,001,1795
1532.7275,1532.7618,68437,80669,Rhinolophus ferrumequinum,0.022,0.022,-1,Echolocation,/mnt/ubna_data_02_mir/recover-20220922/UBNA_001/20220921_090000.WAV,Telephone Field,recover-20220922,001,1795
1532.7525,1532.7873,68437,81309,Rhinolophus ferrumequinum,0.022,0.023,-1,Echolocation,/mnt/ubna_data_02_mir/recover-20220922/UBNA_001/20220921_090000.WAV,Telephone Field,recover-20220922,001,1795
1532.7865,1532.7955,28046,36904,Eptesicus serotinus,0.008,0.023,-1,Echolocation,/mnt/ubna_data_02_mir/recover-20220922/UBNA_001/20220921_090000.WAV,Telephone Field,recover-20220922,001,1795
1532.8105,1532.82,26328,35616,Eptesicus serotinus,0.012,0.024,-1,Echolocation,/mnt/ubna_data_02_mir/recover-20220922/UBNA_001/20220921_090000.WAV,Telephone Field,recover-20220922,001,1795
1532.8275,1532.8659,68437,82001,Rhinolophus ferrumequinum,0.022,0.022,-1,Echolocation,/mnt/ubna_data_02_mir/recover-20220922/UBNA_001/20220921_090000.WAV,Telephone Field,recover-20220922,001,1795
1532.9075,1532.9438,68437,81959,Rhinolophus ferrumequinum,0.021,0.021,-1,Echolocation,/mnt/ubna_data_02_mir/recover-20220922/UBNA_001/20220921_090000.WAV,Telephone Field,recover-20220922,001,1795
1532.9795,1533.0192,68437,82491,Rhinolophus ferrumequinum,0.026,0.026,-1,Echolocation,/mnt/ubna_data_02_mir/recover-20220922/UBNA_001/20220921_090000.WAV,Telephone Field,recover-20220922,001,1795
1533.0465,1533.0559,28046,36291,Eptesicus serotinus,0.009,0.021,-1,Echolocation,/mnt/ubna_data_02_mir/recover-20220922/UBNA_001/20220921_090000.WAV,Telephone Field,recover-20220922,001,1795
1533.0695,1533.1106,68437,82740,Rhinolophus ferrumequinum,0.022,0.022,-1,Echolocation,/mnt/ubna_data_02_mir/recover-20220922/UBNA_001/20220921_090000.WAV,Telephone Field,recover-20220922,001,1795
1533.0925,1533.1302,68437,82111,Rhinolophus ferrumequinum,0.022,0.022,-1,Echolocation,/mnt/ubna_data_02_mir/recover-20220922/UBNA_001/20220921_090000.WAV,Telephone Field,recover-20220922,001,1795
1533.1545,1533.1953,68437,82705,Rhinolophus ferrumequinum,0.022,0.022,-1,Echolocation,/mnt/ubna_data_02_mir/recover-20220922/UBNA_001/20220921_090000.WAV,Telephone Field,recover-20220922,001,1795
1533.1585,1533.1669,28046,39712,Eptesicus serotinus,0.009,0.023,-1,Echolocation,/mnt/ubna_data_02_mir/recover-20220922/UBNA_001/20220921_090000.WAV,Telephone Field,recover-20220922,001,1795
1533.1765,1533.2139,68437,81278,Rhinolophus ferrumequinum,0.021,0.021,-1,Echolocation,/mnt/ubna_data_02_mir/recover-20220922/UBNA_001/20220921_090000.WAV,Telephone Field,recover-20220922,001,1795
1533.2305,1533.2376,28906,37200,Eptesicus serotinus,0.014,0.037,-1,Echolocation,/mnt/ubna_data_02_mir/recover-20220922/UBNA_001/20220921_090000.WAV,Telephone Field,recover-20220922,001,1795
1533.2795,1533.2874,23750,31218,Plecotus austriacus,0.009,0.022,-1,Echolocation,/mnt/ubna_data_02_mir/recover-20220922/UBNA_001/20220921_090000.WAV,Telephone Field,recover-20220922,001,1795
1533.2805,1533.2881,28046,38206,Eptesicus serotinus,0.007,0.022,-1,Echolocation,/mnt/ubna_data_02_mir/recover-20220922/UBNA_001/20220921_090000.WAV,Telephone Field,recover-20220922,001,1795
1533.2925,1533.3312,68437,82656,Rhinolophus ferrumequinum,0.033,0.033,-1,Echolocation,/mnt/ubna_data_02_mir/recover-20220922/UBNA_001/20220921_090000.WAV,Telephone Field,recover-20220922,001,1795
1533.3095,1533.3205,14296,20885,Nyctalus noctula,0.013,0.022,-1,Echolocation,/mnt/ubna_data_02_mir/recover-20220922/UBNA_001/20220921_090000.WAV,Telephone Field,recover-20220922,001,1795
1533.3595,1533.3972,68437,81777,Rhinolophus ferrumequinum,0.022,0.023,-1,Echolocation,/mnt/ubna_data_02_mir/recover-20220922/UBNA_001/20220921_090000.WAV,Telephone Field,recover-20220922,001,1795
1533.3975,1533.4361,68437,81997,Rhinolophus ferrumequinum,0.021,0.021,-1,Echolocation,/mnt/ubna_data_02_mir/recover-20220922/UBNA_001/20220921_090000.WAV,Telephone Field,recover-20220922,001,1795
1533.4015,1533.4139,22890,28046,Nyctalus leisleri,0.012,0.026,-1,Echolocation,/mnt/ubna_data_02_mir/recover-20220922/UBNA_001/20220921_090000.WAV,Telephone Field,recover-20220922,001,1795
1533.4095,1533.4273,20312,23347,Nyctalus leisleri,0.019,0.034,-1,Echolocation,/mnt/ubna_data_02_mir/recover-20220922/UBNA_001/20220921_090000.WAV,Telephone Field,recover-20220922,001,1795
1533.4235,1533.4336,28906,38998,Eptesicus serotinus,0.018,0.035,-1,Echolocation,/mnt/ubna_data_02_mir/recover-20220922/UBNA_001/20220921_090000.WAV,Telephone Field,recover-20220922,001,1795
1533.4355,1533.4461,28046,35386,Eptesicus serotinus,0.01,0.021,-1,Echolocation,/mnt/ubna_data_02_mir/recover-20220922/UBNA_001/20220921_090000.WAV,Telephone Field,recover-20220922,001,1795
1533.4495,1533.4567,25468,34401,Plecotus austriacus,0.005,0.021,-1,Echolocation,/mnt/ubna_data_02_mir/recover-20220922/UBNA_001/20220921_090000.WAV,Telephone Field,recover-20220922,001,1795
1533.4755,1533.4877,23750,29189,Nyctalus leisleri,0.012,0.027,-1,Echolocation,/mnt/ubna_data_02_mir/recover-20220922/UBNA_001/20220921_090000.WAV,Telephone Field,recover-20220922,001,1795
1533.5085,1533.5451,68437,80488,Rhinolophus ferrumequinum,0.025,0.025,-1,Echolocation,/mnt/ubna_data_02_mir/recover-20220922/UBNA_001/20220921_090000.WAV,Telephone Field,recover-20220922,001,1795
1533.5475,1533.5859,68437,82194,Rhinolophus ferrumequinum,0.025,0.025,-1,Echolocation,/mnt/ubna_data_02_mir/recover-20220922/UBNA_001/20220921_090000.WAV,Telephone Field,recover-20220922,001,1795
1533.5815,1533.5903,28906,36895,Eptesicus serotinus,0.009,0.024,-1,Echolocation,/mnt/ubna_data_02_mir/recover-20220922/UBNA_001/20220921_090000.WAV,Telephone Field,recover-20220922,001,1795
1533.6055,1533.6443,68437,81639,Rhinolophus ferrumequinum,0.022,0.022,-1,Echolocation,/mnt/ubna_data_02_mir/recover-20220922/UBNA_001/20220921_090000.WAV,Telephone Field,recover-20220922,001,1795
1533.6475,1533.6834,68437,81495,Rhinolophus ferrumequinum,0.023,0.023,-1,Echolocation,/mnt/ubna_data_02_mir/recover-20220922/UBNA_001/20220921_090000.WAV,Telephone Field,recover-20220922,001,1795
1533.6695,1533.6783,28046,35715,Eptesicus serotinus,0.008,0.021,-1,Echolocation,/mnt/ubna_data_02_mir/recover-20220922/UBNA_001/20220921_090000.WAV,Telephone Field,recover-20220922,001,1795
1533.6915,1533.7075,15156,20505,Nyctalus noctula,0.016,0.023,-1,Echolocation,/mnt/ubna_data_02_mir/recover-20220922/UBNA_001/20220921_090000.WAV,Telephone Field,recover-20220922,001,1795
1533.6935,1533.7326,68437,82544,Rhinolophus ferrumequinum,0.021,0.021,-1,Echolocation,/mnt/ubna_data_02_mir/recover-20220922/UBNA_001/20220921_090000.WAV,Telephone Field,recover-20220922,001,1795
1533.7315,1533.7723,68437,82840,Rhinolophus ferrumequinum,0.023,0.023,-1,Echolocation,/mnt/ubna_data_02_mir/recover-20220922/UBNA_001/20220921_090000.WAV,Telephone Field,recover-20220922,001,1795
1533.7535,1533.7629,27187,35886,Eptesicus serotinus,0.008,0.021,-1,Echolocation,/mnt/ubna_data_02_mir/recover-20220922/UBNA_001/20220921_090000.WAV,Telephone Field,recover-20220922,001,1795
1533.7605,1533.771,25468,32988,Eptesicus serotinus,0.01,0.022,-1,Echolocation,/mnt/ubna_data_02_mir/recover-20220922/UBNA_001/20220921_090000.WAV,Telephone Field,recover-20220922,001,1795
1533.7795,1533.7868,28046,38298,Eptesicus serotinus,0.007,0.023,-1,Echolocation,/mnt/ubna_data_02_mir/recover-20220922/UBNA_001/20220921_090000.WAV,Telephone Field,recover-20220922,001,1795
1533.7795,1533.8197,68437,82905,Rhinolophus ferrumequinum,0.031,0.031,-1,Echolocation,/mnt/ubna_data_02_mir/recover-20220922/UBNA_001/20220921_090000.WAV,Telephone Field,recover-20220922,001,1795
1533.8065,1533.845,68437,82836,Rhinolophus ferrumequinum,0.021,0.021,-1,Echolocation,/mnt/ubna_data_02_mir/recover-20220922/UBNA_001/20220921_090000.WAV,Telephone Field,recover-20220922,001,1795
1533.8175,1533.8543,68437,82126,Rhinolophus ferrumequinum,0.025,0.025,-1,Echolocation,/mnt/ubna_data_02_mir/recover-20220922/UBNA_001/20220921_090000.WAV,Telephone Field,recover-20220922,001,1795
1533.8225,1533.8311,28046,38942,Eptesicus serotinus,0.008,0.021,-1,Echolocation,/mnt/ubna_data_02_mir/recover-20220922/UBNA_001/20220921_090000.WAV,Telephone Field,recover-20220922,001,1795
1533.8545,1533.8938,68437,82840,Rhinolophus ferrumequinum,0.023,0.023,-1,Echolocation,/mnt/ubna_data_02_mir/recover-20220922/UBNA_001/20220921_090000.WAV,Telephone Field,recover-20220922,001,1795
1533.9145,1533.9258,26328,33866,Eptesicus serotinus,0.011,0.021,-1,Echolocation,/mnt/ubna_data_02_mir/recover-20220922/UBNA_001/20220921_090000.WAV,Telephone Field,recover-20220922,001,1795
1533.9675,1533.9765,28046,35620,Eptesicus serotinus,0.01,0.022,-1,Echolocation,/mnt/ubna_data_02_mir/recover-20220922/UBNA_001/20220921_090000.WAV,Telephone Field,recover-20220922,001,1795
1533.9845,1533.9947,23750,30427,Nyctalus leisleri,0.009,0.024,-1,Echolocation,/mnt/ubna_data_02_mir/recover-20220922/UBNA_001/20220921_090000.WAV,Telephone Field,recover-20220922,001,1795
1534.0015,1534.0305,69296,81230,Rhinolophus ferrumequinum,0.034,0.034,-1,Echolocation,/mnt/ubna_data_02_mir/recover-20220922/UBNA_001/20220921_090000.WAV,Telephone Field,recover-20220922,001,1795
1534.0015,1534.0108,22890,29342,Nyctalus leisleri,0.011,0.027,-1,Echolocation,/mnt/ubna_data_02_mir/recover-20220922/UBNA_001/20220921_090000.WAV,Telephone Field,recover-20220922,001,1795
1534.0015,1534.0114,47812,54807,Pipistrellus pipistrellus,0.017,0.025,-1,Echolocation,/mnt/ubna_data_02_mir/recover-20220922/UBNA_001/20220921_090000.WAV,Telephone Field,recover-20220922,001,1795
1534.0175,1534.0251,28046,39685,Eptesicus serotinus,0.007,0.024,-1,Echolocation,/mnt/ubna_data_02_mir/recover-20220922/UBNA_001/20220921_090000.WAV,Telephone Field,recover-20220922,001,1795
1534.0435,1534.0518,28046,39741,Eptesicus serotinus,0.008,0.022,-1,Echolocation,/mnt/ubna_data_02_mir/recover-20220922/UBNA_001/20220921_090000.WAV,Telephone Field,recover-20220922,001,1795
1534.1155,1534.1555,68437,82017,Rhinolophus ferrumequinum,0.026,0.026,-1,Echolocation,/mnt/ubna_data_02_mir/recover-20220922/UBNA_001/20220921_090000.WAV,Telephone Field,recover-20220922,001,1795
1534.1175,1534.126,28046,38052,Eptesicus serotinus,0.008,0.024,-1,Echolocation,/mnt/ubna_data_02_mir/recover-20220922/UBNA_001/20220921_090000.WAV,Telephone Field,recover-20220922,001,1795
1534.1535,1534.166,23750,29201,Nyctalus leisleri,0.01,0.022,-1,Echolocation,/mnt/ubna_data_02_mir/recover-20220922/UBNA_001/20220921_090000.WAV,Telephone Field,recover-20220922,001,1795
1534.1655,1534.1762,54687,59223,Pipistrellus pygmaeus,0.02,0.021,-1,Echolocation,/mnt/ubna_data_02_mir/recover-20220922/UBNA_001/20220921_090000.WAV,Telephone Field,recover-20220922,001,1795
1534.1705,1534.1805,28906,36075,Eptesicus serotinus,0.01,0.023,-1,Echolocation,/mnt/ubna_data_02_mir/recover-20220922/UBNA_001/20220921_090000.WAV,Telephone Field,recover-20220922,001,1795
1534.2035,1534.2147,25468,31906,Eptesicus serotinus,0.014,0.035,-1,Echolocation,/mnt/ubna_data_02_mir/recover-20220922/UBNA_001/20220921_090000.WAV,Telephone Field,recover-20220922,001,1795
1534.2175,1534.2586,68437,82846,Rhinolophus ferrumequinum,0.033,0.033,-1,Echolocation,/mnt/ubna_data_02_mir/recover-20220922/UBNA_001/20220921_090000.WAV,Telephone Field,recover-20220922,001,1795
1534.2465,1534.2864,68437,82377,Rhinolophus ferrumequinum,0.023,0.023,-1,Echolocation,/mnt/ubna_data_02_mir/recover-20220922/UBNA_001/20220921_090000.WAV,Telephone Field,recover-20220922,001,1795
1534.2665,1534.3077,68437,82705,Rhinolophus ferrumequinum,0.021,0.021,-1,Echolocation,/mnt/ubna_data_02_mir/recover-20220922/UBNA_001/20220921_090000.WAV,Telephone Field,recover-20220922,001,1795
1534.3305,1534.34,28906,37352,Eptesicus serotinus,0.011,0.026,-1,Echolocation,/mnt/ubna_data_02_mir/recover-20220922/UBNA_001/20220921_090000.WAV,Telephone Field,recover-20220922,001,1795
1534.3665,1534.3721,27187,40977,Myotis daubentonii,0.006,0.028,-1,Echolocation,/mnt/ubna_data_02_mir/recover-20220922/UBNA_001/20220921_090000.WAV,Telephone Field,recover-20220922,001,1795
1534.3995,1534.4076,24609,32303,Plecotus austriacus,0.006,0.022,-1,Echolocation,/mnt/ubna_data_02_mir/recover-20220922/UBNA_001/20220921_090000.WAV,Telephone Field,recover-20220922,001,1795
1534.4435,1534.4506,45234,49658,Pipistrellus pipistrellus,0.023,0.025,-1,Echolocation,/mnt/ubna_data_02_mir/recover-20220922/UBNA_001/20220921_090000.WAV,Telephone Field,recover-20220922,001,1795
1534.4435,1534.45,33203,52338,Myotis daubentonii,0.009,0.024,-1,Echolocation,/mnt/ubna_data_02_mir/recover-20220922/UBNA_001/20220921_090000.WAV,Telephone Field,recover-20220922,001,1795
1534.4625,1534.4703,27187,36761,Eptesicus serotinus,0.011,0.027,-1,Echolocation,/mnt/ubna_data_02_mir/recover-20220922/UBNA_001/20220921_090000.WAV,Telephone Field,recover-20220922,001,1795
1534.4705,1534.4795,51250,56636,Pipistrellus pipistrellus,0.028,0.033,-1,Echolocation,/mnt/ubna_data_02_mir/recover-20220922/UBNA_001/20220921_090000.WAV,Telephone Field,recover-20220922,001,1795
1534.4715,1534.5123,68437,82734,Rhinolophus ferrumequinum,0.023,0.023,-1,Echolocation,/mnt/ubna_data_02_mir/recover-20220922/UBNA_001/20220921_090000.WAV,Telephone Field,recover-20220922,001,1795
1534.4755,1534.4862,22890,27756,Nyctalus leisleri,0.01,0.021,-1,Echolocation,/mnt/ubna_data_02_mir/recover-20220922/UBNA_001/20220921_090000.WAV,Telephone Field,recover-20220922,001,1795
1534.4965,1534.534,68437,82080,Rhinolophus ferrumequinum,0.024,0.024,-1,Echolocation,/mnt/ubna_data_02_mir/recover-20220922/UBNA_001/20220921_090000.WAV,Telephone Field,recover-20220922,001,1795
1534.5345,1534.5405,28046,40703,Myotis daubentonii,0.007,0.031,-1,Echolocation,/mnt/ubna_data_02_mir/recover-20220922/UBNA_001/20220921_090000.WAV,Telephone Field,recover-20220922,001,1795
1534.5385,1534.5452,49531,56834,Pipistrellus pipistrellus,0.019,0.021,-1,Echolocation,/mnt/ubna_data_02_mir/recover-20220922/UBNA_001/20220921_090000.WAV,Telephone Field,recover-20220922,001,1795
1534.5475,1534.5867,68437,82845,Rhinolophus ferrumequinum,0.025,0.026,-1,Echolocation,/mnt/ubna_data_02_mir/recover-20220922/UBNA_001/20220921_090000.WAV,Telephone Field,recover-20220922,001,1795
1534.6105,1534.6314,19453,22125,Nyctalus leisleri,0.019,0.038,-1,Echolocation,/mnt/ubna_data_02_mir/recover-20220922/UBNA_001/20220921_090000.WAV,Telephone Field,recover-20220922,001,1795
1534.6705,1534.7097,68437,82446,Rhinolophus ferrumequinum,0.027,0.027,-1,Echolocation,/mnt/ubna_data_02_mir/recover-20220922/UBNA_001/20220921_090000.WAV,Telephone Field,recover-20220922,001,1795
1534.7005,1534.741,68437,82730,Rhinolophus ferrumequinum,0.023,0.023,-1,Echolocation,/mnt/ubna_data_02_mir/recover-20220922/UBNA_001/20220921_090000.WAV,Telephone Field,recover-20220922,001,1795
1534.7025,1534.7124,28906,35789,Eptesicus serotinus,0.016,0.033,-1,Echolocation,/mnt/ubna_data_02_mir/recover-20220922/UBNA_001/20220921_090000.WAV,Telephone Field,recover-20220922,001,1795
1534.7235,1534.762,68437,82499,Rhinolophus ferrumequinum,0.022,0.022,-1,Echolocation,/mnt/ubna_data_02_mir/recover-20220922/UBNA_001/20220921_090000.WAV,Telephone Field,recover-20220922,001,1795
1534.7585,1534.7665,30625,41010,Myotis daubentonii,0.011,0.026,-1,Echolocation,/mnt/ubna_data_02_mir/recover-20220922/UBNA_001/20220921_090000.WAV,Telephone Field,recover-20220922,001,1795
1534.8435,1534.8796,68437,82287,Rhinolophus ferrumequinum,0.021,0.021,-1,Echolocation,/mnt/ubna_data_02_mir/recover-20220922/UBNA_001/20220921_090000.WAV,Telephone Field,recover-20220922,001,1795
1534.8505,1534.8863,68437,81666,Rhinolophus ferrumequinum,0.023,0.023,-1,Echolocation,/mnt/ubna_data_02_mir/recover-20220922/UBNA_001/20220921_090000.WAV,Telephone Field,recover-20220922,001,1795
1534.8635,1534.8726,46093,51945,Pipistrellus pipistrellus,0.02,0.022,-1,Echolocation,/mnt/ubna_data_02_mir/recover-20220922/UBNA_001/20220921_090000.WAV,Telephone Field,recover-20220922,001,1795
1534.9175,1534.961,68437,83312,Rhinolophus ferrumequinum,0.027,0.027,-1,Echolocation,/mnt/ubna_data_02_mir/recover-20220922/UBNA_001/20220921_090000.WAV,Telephone Field,recover-20220922,001,1795
1534.9715,1534.9791,27187,39948,Eptesicus serotinus,0.008,0.026,-1,Echolocation,/mnt/ubna_data_02_mir/recover-20220922/UBNA_001/20220921_090000.WAV,Telephone Field,recover-20220922,001,1795
1535.0305,1535.0414,22031,25973,Nyctalus leisleri,0.013,0.022,-1,Echolocation,/mnt/ubna_data_02_mir/recover-20220922/UBNA_001/20220921_090000.WAV,Telephone Field,recover-20220922,001,1795
1535.0455,1535.0527,28046,38363,Eptesicus serotinus,0.006,0.023,-1,Echolocation,/mnt/ubna_data_02_mir/recover-20220922/UBNA_001/20220921_090000.WAV,Telephone Field,recover-20220922,001,1795
1535.0765,1535.1162,68437,82723,Rhinolophus ferrumequinum,0.021,0.021,-1,Echolocation,/mnt/ubna_data_02_mir/recover-20220922/UBNA_001/20220921_090000.WAV,Telephone Field,recover-20220922,001,1795
1535.1205,1535.1594,68437,81833,Rhinolophus ferrumequinum,0.024,0.024,-1,Echolocation,/mnt/ubna_data_02_mir/recover-20220922/UBNA_001/20220921_090000.WAV,Telephone Field,recover-20220922,001,1795
1535.2705,1535.2783,25468,34342,Eptesicus serotinus,0.009,0.025,-1,Echolocation,/mnt/ubna_data_02_mir/recover-20220922/UBNA_001/20220921_090000.WAV,Telephone Field,recover-20220922,001,1795
1535.2975,1535.336,68437,81684,Rhinolophus ferrumequinum,0.021,0.021,-1,Echolocation,/mnt/ubna_data_02_mir/recover-20220922/UBNA_001/20220921_090000.WAV,Telephone Field,recover-20220922,001,1795
1535.3205,1535.3313,28046,34894,Eptesicus serotinus,0.014,0.029,-1,Echolocation,/mnt/ubna_data_02_mir/recover-20220922/UBNA_001/20220921_090000.WAV,Telephone Field,recover-20220922,001,1795
1535.3695,1535.4116,68437,82932,Rhinolophus ferrumequinum,0.024,0.024,-1,Echolocation,/mnt/ubna_data_02_mir/recover-20220922/UBNA_001/20220921_090000.WAV,Telephone Field,recover-20220922,001,1795
1535.3915,1535.4,28046,38383,Eptesicus serotinus,0.008,0.022,-1,Echolocation,/mnt/ubna_data_02_mir/recover-20220922/UBNA_001/20220921_090000.WAV,Telephone Field,recover-20220922,001,1795
1535.3965,1535.4342,68437,81528,Rhinolophus ferrumequinum,0.027,0.027,-1,Echolocation,/mnt/ubna_data_02_mir/recover-20220922/UBNA_001/20220921_090000.WAV,Telephone Field,recover-20220922,001,1795
1535.4005,1535.4084,22890,30636,Plecotus austriacus,0.01,0.024,-1,Echolocation,/mnt/ubna_data_02_mir/recover-20220922/UBNA_001/20220921_090000.WAV,Telephone Field,recover-20220922,001,1795
1535.4165,1535.4553,68437,82330,Rhinolophus ferrumequinum,0.026,0.026,-1,Echolocation,/mnt/ubna_data_02_mir/recover-20220922/UBNA_001/20220921_090000.WAV,Telephone Field,recover-20220922,001,1795
1535.4645,1535.5053,68437,82619,Rhinolophus ferrumequinum,0.024,0.024,-1,Echolocation,/mnt/ubna_data_02_mir/recover-20220922/UBNA_001/20220921_090000.WAV,Telephone Field,recover-20220922,001,1795
1535.4985,1535.5376,68437,82480,Rhinolophus ferrumequinum,0.021,0.021,-1,Echolocation,/mnt/ubna_data_02_mir/recover-20220922/UBNA_001/20220921_090000.WAV,Telephone Field,recover-20220922,001,1795
1535.5145,1535.5262,25468,31712,Eptesicus serotinus,0.012,0.028,-1,Echolocation,/mnt/ubna_data_02_mir/recover-20220922/UBNA_001/20220921_090000.WAV,Telephone Field,recover-20220922,001,1795
1535.5305,1535.5684,68437,82493,Rhinolophus ferrumequinum,0.027,0.027,-1,Echolocation,/mnt/ubna_data_02_mir/recover-20220922/UBNA_001/20220921_090000.WAV,Telephone Field,recover-20220922,001,1795
1535.5395,1535.5785,68437,82054,Rhinolophus ferrumequinum,0.022,0.022,-1,Echolocation,/mnt/ubna_data_02_mir/recover-20220922/UBNA_001/20220921_090000.WAV,Telephone Field,recover-20220922,001,1795
1535.5445,1535.5596,23750,27683,Nyctalus leisleri,0.023,0.037,-1,Echolocation,/mnt/ubna_data_02_mir/recover-20220922/UBNA_001/20220921_090000.WAV,Telephone Field,recover-20220922,001,1795
1535.5465,1535.5855,68437,81908,Rhinolophus ferrumequinum,0.024,0.024,-1,Echolocation,/mnt/ubna_data_02_mir/recover-20220922/UBNA_001/20220921_090000.WAV,Telephone Field,recover-20220922,001,1795
1535.5835,1535.5928,23750,31356,Plecotus austriacus,0.009,0.03,-1,Echolocation,/mnt/ubna_data_02_mir/recover-20220922/UBNA_001/20220921_090000.WAV,Telephone Field,recover-20220922,001,1795
1535.6325,1535.6723,68437,82244,Rhinolophus ferrumequinum,0.022,0.022,-1,Echolocation,/mnt/ubna_data_02_mir/recover-20220922/UBNA_001/20220921_090000.WAV,Telephone Field,recover-20220922,001,1795
1535.6735,1535.6828,14296,19754,Nyctalus noctula,0.009,0.024,-1,Echolocation,/mnt/ubna_data_02_mir/recover-20220922/UBNA_001/20220921_090000.WAV,Telephone Field,recover-20220922,001,1795
1535.7175,1535.7272,25468,33546,Eptesicus serotinus,0.011,0.024,-1,Echolocation,/mnt/ubna_data_02_mir/recover-20220922/UBNA_001/20220921_090000.WAV,Telephone Field,recover-20220922,001,1795
1535.7225,1535.7605,68437,81948,Rhinolophus ferrumequinum,0.022,0.022,-1,Echolocation,/mnt/ubna_data_02_mir/recover-20220922/UBNA_001/20220921_090000.WAV,Telephone Field,recover-20220922,001,1795
1535.7415,1535.7507,26328,34801,Eptesicus serotinus,0.011,0.025,-1,Echolocation,/mnt/ubna_data_02_mir/recover-20220922/UBNA_001/20220921_090000.WAV,Telephone Field,recover-20220922,001,1795
1535.7835,1535.8221,68437,82326,Rhinolophus ferrumequinum,0.022,0.022,-1,Echolocation,/mnt/ubna_data_02_mir/recover-20220922/UBNA_001/20220921_090000.WAV,Telephone Field,recover-20220922,001,1795
1535.8345,1535.8433,28046,38550,Eptesicus serotinus,0.008,0.022,-1,Echolocation,/mnt/ubna_data_02_mir/recover-20220922/UBNA_001/20220921_090000.WAV,Telephone Field,recover-20220922,001,1795
1535.8365,1535.8765,68437,82667,Rhinolophus ferrumequinum,0.026,0.026,-1,Echolocation,/mnt/ubna_data_02_mir/recover-20220922/UBNA_001/20220921_090000.WAV,Telephone Field,recover-20220922,001,1795
1535.8465,1535.8878,68437,82875,Rhinolophus ferrumequinum,0.027,0.027,-1,Echolocation,/mnt/ubna_data_02_mir/recover-20220922/UBNA_001/20220921_090000.WAV,Telephone Field,recover-20220922,001,1795
1535.8545,1535.864,22031,28128,Plecotus austriacus,0.01,0.027,-1,Echolocation,/mnt/ubna_data_02_mir/recover-20220922/UBNA_001/20220921_090000.WAV,Telephone Field,recover-20220922,001,1795
1535.8695,1535.9112,68437,82813,Rhinolophus ferrumequinum,0.021,0.021,-1,Echolocation,/mnt/ubna_data_02_mir/recover-20220922/UBNA_001/20220921_090000.WAV,Telephone Field,recover-20220922,001,1795
1535.8745,1535.8818,27187,39804,Eptesicus serotinus,0.007,0.023,-1,Echolocation,/mnt/ubna_data_02_mir/recover-20220922/UBNA_001/20220921_090000.WAV,Telephone Field,recover-20220922,001,1795
1535.8925,1535.9302,68437,81800,Rhinolophus ferrumequinum,0.023,0.023,-1,Echolocation,/mnt/ubna_data_02_mir/recover-20220922/UBNA_001/20220921_090000.WAV,Telephone Field,recover-20220922,001,1795
1535.9015,1535.9081,46953,53794,Pipistrellus pipistrellus,0.024,0.025,-1,Echolocation,/mnt/ubna_data_02_mir/recover-20220922/UBNA_001/20220921_090000.WAV,Telephone Field,recover-20220922,001,1795
1535.9105,1535.9188,28046,37537,Eptesicus serotinus,0.011,0.031,-1,Echolocation,/mnt/ubna_data_02_mir/recover-20220922/UBNA_001/20220921_090000.WAV,Telephone Field,recover-20220922,001,1795
1535.9355,1535.9724,68437,82061,Rhinolophus ferrumequinum,0.022,0.022,-1,Echolocation,/mnt/ubna_data_02_mir/recover-20220922/UBNA_001/20220921_090000.WAV,Telephone Field,recover-20220922,001,1795
1535.9365,1535.947,22890,28442,Nyctalus leisleri,0.009,0.021,-1,Echolocation,/mnt/ubna_data_02_mir/recover-20220922/UBNA_001/20220921_090000.WAV,Telephone Field,recover-20220922,001,1795
1535.9515,1535.9584,28046,38739,Myotis daubentonii,0.007,0.026,-1,Echolocation,/mnt/ubna_data_02_mir/recover-20220922/UBNA_001/20220921_090000.WAV,Telephone Field,recover-20220922,001,1795
1536.0015,1536.0113,27187,35677,Eptesicus serotinus,0.013,0.035,-1,Echolocation,/mnt/ubna_data_02_mir/recover-20220922/UBNA_001/20220921_090000.WAV,Telephone Field,recover-20220922,001,1795
1536.0015,1536.032,68437,79096,Rhinolophus ferrumequinum,0.043,0.044,-1,Echolocation,/mnt/ubna_data_02_mir/recover-20220922/UBNA_001/20220921_090000.WAV,Telephone Field,recover-20220922,001,1795
1536.0435,1536.0789,68437,81823,Rhinolophus ferrumequinum,0.04,0.04,-1,Echolocation,/mnt/ubna_data_02_mir/recover-20220922/UBNA_001/20220921_090000.WAV,Telephone Field,recover-20220922,001,1795
1536.0665,1536.1052,68437,82121,Rhinolophus ferrumequinum,0.023,0.023,-1,Echolocation,/mnt/ubna_data_02_mir/recover-20220922/UBNA_001/20220921_090000.WAV,Telephone Field,recover-20220922,001,1795
1536.0765,1536.1141,68437,82399,Rhinolophus ferrumequinum,0.023,0.023,-1,Echolocation,/mnt/ubna_data_02_mir/recover-20220922/UBNA_001/20220921_090000.WAV,Telephone Field,recover-20220922,001,1795
1536.0835,1536.0904,28046,38374,Eptesicus serotinus,0.008,0.025,-1,Echolocation,/mnt/ubna_data_02_mir/recover-20220922/UBNA_001/20220921_090000.WAV,Telephone Field,recover-20220922,001,1795
1536.0955,1536.132,68437,81860,Rhinolophus ferrumequinum,0.023,0.023,-1,Echolocation,/mnt/ubna_data_02_mir/recover-20220922/UBNA_001/20220921_090000.WAV,Telephone Field,recover-20220922,001,1795
1536.1365,1536.1475,28906,35454,Eptesicus serotinus,0.01,0.023,-1,Echolocation,/mnt/ubna_data_02_mir/recover-20220922/UBNA_001/20220921_090000.WAV,Telephone Field,recover-20220922,001,1795
1536.1475,1536.1574,28046,38183,Eptesicus serotinus,0.012,0.025,-1,Echolocation,/mnt/ubna_data_02_mir/recover-20220922/UBNA_001/20220921_090000.WAV,Telephone Field,recover-20220922,001,1795
1536.1545,1536.192,68437,81955,Rhinolophus ferrumequinum,0.026,0.026,-1,Echolocation,/mnt/ubna_data_02_mir/recover-20220922/UBNA_001/20220921_090000.WAV,Telephone Field,recover-20220922,001,1795
1536.1625,1536.1988,68437,81897,Rhinolophus ferrumequinum,0.023,0.023,-1,Echolocation,/mnt/ubna_data_02_mir/recover-20220922/UBNA_001/20220921_090000.WAV,Telephone Field,recover-20220922,001,1795
1536.1695,1536.1821,22890,28043,Nyctalus leisleri,0.011,0.024,-1,Echolocation,/mnt/ubna_data_02_mir/recover-20220922/UBNA_001/20220921_090000.WAV,Telephone Field,recover-20220922,001,1795
1536.1765,1536.1851,22890,30338,Plecotus austriacus,0.01,0.025,-1,Echolocation,/mnt/ubna_data_02_mir/recover-20220922/UBNA_001/20220921_090000.WAV,Telephone Field,recover-20220922,001,1795
1536.1845,1536.2241,68437,83369,Rhinolophus ferrumequinum,0.039,0.039,-1,Echolocation,/mnt/ubna_data_02_mir/recover-20220922/UBNA_001/20220921_090000.WAV,Telephone Field,recover-20220922,001,1795
1536.1985,1536.2415,68437,83344,Rhinolophus ferrumequinum,0.036,0.036,-1,Echolocation,/mnt/ubna_data_02_mir/recover-20220922/UBNA_001/20220921_090000.WAV,Telephone Field,recover-20220922,001,1795
1536.2105,1536.2222,38359,43145,Pipistrellus nathusii,0.04,0.058,-1,Echolocation,/mnt/ubna_data_02_mir/recover-20220922/UBNA_001/20220921_090000.WAV,Telephone Field,recover-20220922,001,1795
1536.2345,1536.2746,68437,82533,Rhinolophus ferrumequinum,0.024,0.024,-1,Echolocation,/mnt/ubna_data_02_mir/recover-20220922/UBNA_001/20220921_090000.WAV,Telephone Field,recover-20220922,001,1795
1536.2375,1536.2475,22031,27833,Nyctalus leisleri,0.008,0.023,-1,Echolocation,/mnt/ubna_data_02_mir/recover-20220922/UBNA_001/20220921_090000.WAV,Telephone Field,recover-20220922,001,1795
1536.2555,1536.2642,26328,39168,Eptesicus serotinus,0.011,0.029,-1,Echolocation,/mnt/ubna_data_02_mir/recover-20220922/UBNA_001/20220921_090000.WAV,Telephone Field,recover-20220922,001,1795
1536.2625,1536.3053,68437,83002,Rhinolophus ferrumequinum,0.042,0.042,-1,Echolocation,/mnt/ubna_data_02_mir/recover-20220922/UBNA_001/20220921_090000.WAV,Telephone Field,recover-20220922,001,1795
1536.2885,1536.2973,25468,34455,Eptesicus serotinus,0.008,0.023,-1,Echolocation,/mnt/ubna_data_02_mir/recover-20220922/UBNA_001/20220921_090000.WAV,Telephone Field,recover-20220922,001,1795
1536.3315,1536.3705,68437,81947,Rhinolophus ferrumequinum,0.024,0.024,-1,Echolocation,/mnt/ubna_data_02_mir/recover-20220922/UBNA_001/20220921_090000.WAV,Telephone Field,recover-20220922,001,1795
1536.3385,1536.3768,68437,81972,Rhinolophus ferrumequinum,0.024,0.024,-1,Echolocation,/mnt/ubna_data_02_mir/recover-20220922/UBNA_001/20220921_090000.WAV,Telephone Field,recover-20220922,001,1795
1536.4525,1536.4626,23750,31119,Nyctalus leisleri,0.008,0.026,-1,Echolocation,/mnt/ubna_data_02_mir/recover-20220922/UBNA_001/20220921_090000.WAV,Telephone Field,recover-20220922,001,1795
1536.4565,1536.4926,68437,81967,Rhinolophus ferrumequinum,0.025,0.025,-1,Echolocation,/mnt/ubna_data_02_mir/recover-20220922/UBNA_001/20220921_090000.WAV,Telephone Field,recover-20220922,001,1795
1536.4675,1536.5075,68437,82735,Rhinolophus ferrumequinum,0.023,0.023,-1,Echolocation,/mnt/ubna_data_02_mir/recover-20220922/UBNA_001/20220921_090000.WAV,Telephone Field,recover-20220922,001,1795
1536.4745,1536.5146,68437,82636,Rhinolophus ferrumequinum,0.023,0.023,-1,Echolocation,/mnt/ubna_data_02_mir/recover-20220922/UBNA_001/20220921_090000.WAV,Telephone Field,recover-20220922,001,1795
1536.5165,1536.5563,68437,82429,Rhinolophus ferrumequinum,0.027,0.027,-1,Echolocation,/mnt/ubna_data_02_mir/recover-20220922/UBNA_001/20220921_090000.WAV,Telephone Field,recover-20220922,001,1795
1536.5235,1536.5619,68437,81987,Rhinolophus ferrumequinum,0.027,0.027,-1,Echolocation,/mnt/ubna_data_02_mir/recover-20220922/UBNA_001/20220921_090000.WAV,Telephone Field,recover-20220922,001,1795
1536.5435,1536.5516,50390,56513,Pipistrellus pipistrellus,0.022,0.027,-1,Echolocation,/mnt/ubna_data_02_mir/recover-20220922/UBNA_001/20220921_090000.WAV,Telephone Field,recover-20220922,001,1795
1536.5445,1536.5824,68437,82545,Rhinolophus ferrumequinum,0.026,0.026,-1,Echolocation,/mnt/ubna_data_02_mir/recover-20220922/UBNA_001/20220921_090000.WAV,Telephone Field,recover-20220922,001,1795
1536.5685,1536.6041,68437,81488,Rhinolophus ferrumequinum,0.023,0.023,-1,Echolocation,/mnt/ubna_data_02_mir/recover-20220922/UBNA_001/20220921_090000.WAV,Telephone Field,recover-20220922,001,1795
1536.5845,1536.6249,68437,82311,Rhinolophus ferrumequinum,0.024,0.024,-1,Echolocation,/mnt/ubna_data_02_mir/recover-20220922/UBNA_001/20220921_090000.WAV,Telephone Field,recover-20220922,001,1795
1536.5995,1536.6367,68437,82428,Rhinolophus ferrumequinum,0.023,0.023,-1,Echolocation,/mnt/ubna_data_02_mir/recover-20220922/UBNA_001/20220921_090000.WAV,Telephone Field,recover-20220922,001,1795
1536.6075,1536.6182,23750,30230,Nyctalus leisleri,0.009,0.024,-1,Echolocation,/mnt/ubna_data_02_mir/recover-20220922/UBNA_001/20220921_090000.WAV,Telephone Field,recover-20220922,001,1795
1536.6455,1536.6879,68437,82982,Rhinolophus ferrumequinum,0.034,0.034,-1,Echolocation,/mnt/ubna_data_02_mir/recover-20220922/UBNA_001/20220921_090000.WAV,Telephone Field,recover-20220922,001,1795
1536.6605,1536.697,68437,82296,Rhinolophus ferrumequinum,0.031,0.031,-1,Echolocation,/mnt/ubna_data_02_mir/recover-20220922/UBNA_001/20220921_090000.WAV,Telephone Field,recover-20220922,001,1795
1536.6995,1536.7381,68437,82205,Rhinolophus ferrumequinum,0.032,0.032,-1,Echolocation,/mnt/ubna_data_02_mir/recover-20220922/UBNA_001/20220921_090000.WAV,Telephone Field,recover-20220922,001,1795
1536.7185,1536.7262,28906,40958,Eptesicus serotinus,0.008,0.025,-1,Echolocation,/mnt/ubna_data_02_mir/recover-20220922/UBNA_001/20220921_090000.WAV,Telephone Field,recover-20220922,001,1795
1536.7355,1536.7758,68437,82597,Rhinolophus ferrumequinum,0.033,0.033,-1,Echolocation,/mnt/ubna_data_02_mir/recover-20220922/UBNA_001/20220921_090000.WAV,Telephone Field,recover-20220922,001,1795
1536.7965,1536.8336,68437,81542,Rhinolophus ferrumequinum,0.024,0.024,-1,Echolocation,/mnt/ubna_data_02_mir/recover-20220922/UBNA_001/20220921_090000.WAV,Telephone Field,recover-20220922,001,1795
1536.8155,1536.8545,68437,82199,Rhinolophus ferrumequinum,0.029,0.03,-1,Echolocation,/mnt/ubna_data_02_mir/recover-20220922/UBNA_001/20220921_090000.WAV,Telephone Field,recover-20220922,001,1795
1536.8505,1536.8949,68437,83558,Rhinolophus ferrumequinum,0.063,0.063,-1,Echolocation,/mnt/ubna_data_02_mir/recover-20220922/UBNA_001/20220921_090000.WAV,Telephone Field,recover-20220922,001,1795
1536.8635,1536.8739,22890,27791,Nyctalus leisleri,0.011,0.024,-1,Echolocation,/mnt/ubna_data_02_mir/recover-20220922/UBNA_001/20220921_090000.WAV,Telephone Field,recover-20220922,001,1795
1536.8825,1536.919,68437,82413,Rhinolophus ferrumequinum,0.026,0.026,-1,Echolocation,/mnt/ubna_data_02_mir/recover-20220922/UBNA_001/20220921_090000.WAV,Telephone Field,recover-20220922,001,1795
1536.9335,1536.9701,68437,81823,Rhinolophus ferrumequinum,0.024,0.024,-1,Echolocation,/mnt/ubna_data_02_mir/recover-20220922/UBNA_001/20220921_090000.WAV,Telephone Field,recover-20220922,001,1795
1536.9365,1536.9453,27187,37134,Eptesicus serotinus,0.01,0.026,-1,Echolocation,/mnt/ubna_data_02_mir/recover-20220922/UBNA_001/20220921_090000.WAV,Telephone Field,recover-20220922,001,1795
1536.9525,1536.9919,68437,82703,Rhinolophus ferrumequinum,0.022,0.022,-1,Echolocation,/mnt/ubna_data_02_mir/recover-20220922/UBNA_001/20220921_090000.WAV,Telephone Field,recover-20220922,001,1795
1536.9575,1536.9979,68437,82728,Rhinolophus ferrumequinum,0.023,0.023,-1,Echolocation,/mnt/ubna_data_02_mir/recover-20220922/UBNA_001/20220921_090000.WAV,Telephone Field,recover-20220922,001,1795
1536.9825,1537.0195,68437,82429,Rhinolophus ferrumequinum,0.027,0.027,-1,Echolocation,/mnt/ubna_data_02_mir/recover-20220922/UBNA_001/20220921_090000.WAV,Telephone Field,recover-20220922,001,1795
1536.9995,1537.0379,68437,82422,Rhinolophus ferrumequinum,0.023,0.023,-1,Echolocation,/mnt/ubna_data_02_mir/recover-20220922/UBNA_001/20220921_090000.WAV,Telephone Field,recover-20220922,001,1795
1537.0065,1537.0425,68437,81792,Rhinolophus ferrumequinum,0.023,0.023,-1,Echolocation,/mnt/ubna_data_02_mir/recover-20220922/UBNA_001/20220921_090000.WAV,Telephone Field,recover-20220922,001,1795
1537.0105,1537.0176,27187,38034,Eptesicus serotinus,0.009,0.027,-1,Echolocation,/mnt/ubna_data_02_mir/recover-20220922/UBNA_001/20220921_090000.WAV,Telephone Field,recover-20220922,001,1795
1537.0245,1537.0607,68437,82077,Rhinolophus ferrumequinum,0.025,0.025,-1,Echolocation,/mnt/ubna_data_02_mir/recover-20220922/UBNA_001/20220921_090000.WAV,Telephone Field,recover-20220922,001,1795
1537.0475,1537.0588,28906,36154,Eptesicus serotinus,0.017,0.035,-1,Echolocation,/mnt/ubna_data_02_mir/recover-20220922/UBNA_001/20220921_090000.WAV,Telephone Field,recover-20220922,001,1795
1537.0675,1537.1097,68437,82924,Rhinolophus ferrumequinum,0.027,0.027,-1,Echolocation,/mnt/ubna_data_02_mir/recover-20220922/UBNA_001/20220921_090000.WAV,Telephone Field,recover-20220922,001,1795
1537.0865,1537.1246,68437,82358,Rhinolophus ferrumequinum,0.029,0.029,-1,Echolocation,/mnt/ubna_data_02_mir/recover-20220922/UBNA_001/20220921_090000.WAV,Telephone Field,recover-20220922,001,1795
1537.0985,1537.1082,27187,38025,Eptesicus serotinus,0.014,0.028,-1,Echolocation,/mnt/ubna_data_02_mir/recover-20220922/UBNA_001/20220921_090000.WAV,Telephone Field,recover-20220922,001,1795
1537.0995,1537.1086,31484,38740,Barbastellus barbastellus,0.011,0.027,-1,Echolocation,/mnt/ubna_data_02_mir/recover-20220922/UBNA_001/20220921_090000.WAV,Telephone Field,recover-20220922,001,1795
1537.1705,1537.1799,22031,27762,Nyctalus leisleri,0.008,0.024,-1,Echolocation,/mnt/ubna_data_02_mir/recover-20220922/UBNA_001/20220921_090000.WAV,Telephone Field,recover-20220922,001,1795
1537.1725,1537.2089,68437,81794,Rhinolophus ferrumequinum,0.023,0.023,-1,Echolocation,/mnt/ubna_data_02_mir/recover-20220922/UBNA_001/20220921_090000.WAV,Telephone Field,recover-20220922,001,1795
1537.1805,1537.217,68437,81881,Rhinolophus ferrumequinum,0.023,0.024,-1,Echolocation,/mnt/ubna_data_02_mir/recover-20220922/UBNA_001/20220921_090000.WAV,Telephone Field,recover-20220922,001,1795
1537.2165,1537.2244,25468,36516,Eptesicus serotinus,0.007,0.024,-1,Echolocation,/mnt/ubna_data_02_mir/recover-20220922/UBNA_001/20220921_090000.WAV,Telephone Field,recover-20220922,001,1795
1537.2195,1537.2551,68437,81592,Rhinolophus ferrumequinum,0.032,0.032,-1,Echolocation,/mnt/ubna_data_02_mir/recover-20220922/UBNA_001/20220921_090000.WAV,Telephone Field,recover-20220922,001,1795
1537.2395,1537.2784,68437,81933,Rhinolophus ferrumequinum,0.023,0.023,-1,Echolocation,/mnt/ubna_data_02_mir/recover-20220922/UBNA_001/20220921_090000.WAV,Telephone Field,recover-20220922,001,1795
1537.2765,1537.2868,23750,30291,Nyctalus leisleri,0.008,0.023,-1,Echolocation,/mnt/ubna_data_02_mir/recover-20220922/UBNA_001/20220921_090000.WAV,Telephone Field,recover-20220922,001,1795
1537.2875,1537.3284,68437,82568,Rhinolophus ferrumequinum,0.023,0.023,-1,Echolocation,/mnt/ubna_data_02_mir/recover-20220922/UBNA_001/20220921_090000.WAV,Telephone Field,recover-20220922,001,1795
1537.3315,1537.3744,68437,83154,Rhinolophus ferrumequinum,0.033,0.033,-1,Echolocation,/mnt/ubna_data_02_mir/recover-20220922/UBNA_001/20220921_090000.WAV,Telephone Field,recover-20220922,001,1795
1537.3325,1537.3403,28906,40657,Eptesicus serotinus,0.013,0.035,-1,Echolocation,/mnt/ubna_data_02_mir/recover-20220922/UBNA_001/20220921_090000.WAV,Telephone Field,recover-20220922,001,1795
1537.3525,1537.3653,23750,29449,Nyctalus leisleri,0.013,0.031,-1,Echolocation,/mnt/ubna_data_02_mir/recover-20220922/UBNA_001/20220921_090000.WAV,Telephone Field,recover-20220922,001,1795
1537.3635,1537.3717,26328,35134,Eptesicus serotinus,0.008,0.023,-1,Echolocation,/mnt/ubna_data_02_mir/recover-20220922/UBNA_001/20220921_090000.WAV,Telephone Field,recover-20220922,001,1795
1537.3655,1537.4025,68437,82272,Rhinolophus ferrumequinum,0.024,0.024,-1,Echolocation,/mnt/ubna_data_02_mir/recover-20220922/UBNA_001/20220921_090000.WAV,Telephone Field,recover-20220922,001,1795
1537.3845,1537.4254,68437,82629,Rhinolophus ferrumequinum,0.023,0.023,-1,Echolocation,/mnt/ubna_data_02_mir/recover-20220922/UBNA_001/20220921_090000.WAV,Telephone Field,recover-20220922,001,1795
1537.3945,1537.4355,68437,83045,Rhinolophus ferrumequinum,0.034,0.034,-1,Echolocation,/mnt/ubna_data_02_mir/recover-20220922/UBNA_001/20220921_090000.WAV,Telephone Field,recover-20220922,001,1795
1537.4545,1537.4618,28046,37812,Eptesicus serotinus,0.009,0.028,-1,Echolocation,/mnt/ubna_data_02_mir/recover-20220922/UBNA_001/20220921_090000.WAV,Telephone Field,recover-20220922,001,1795
1537.4655,1537.506,68437,82826,Rhinolophus ferrumequinum,0.037,0.037,-1,Echolocation,/mnt/ubna_data_02_mir/recover-20220922/UBNA_001/20220921_090000.WAV,Telephone Field,recover-20220922,001,1795
1537.4835,1537.4952,23750,30355,Nyctalus leisleri,0.009,0.027,-1,Echolocation,/mnt/ubna_data_02_mir/recover-20220922/UBNA_001/20220921_090000.WAV,Telephone Field,recover-20220922,001,1795
1537.4935,1537.5319,68437,82571,Rhinolophus ferrumequinum,0.027,0.027,-1,Echolocation,/mnt/ubna_data_02_mir/recover-20220922/UBNA_001/20220921_090000.WAV,Telephone Field,recover-20220922,001,1795
1537.5175,1537.5547,68437,81881,Rhinolophus ferrumequinum,0.024,0.024,-1,Echolocation,/mnt/ubna_data_02_mir/recover-20220922/UBNA_001/20220921_090000.WAV,Telephone Field,recover-20220922,001,1795
1537.5305,1537.5663,68437,81540,Rhinolophus ferrumequinum,0.023,0.023,-1,Echolocation,/mnt/ubna_data_02_mir/recover-20220922/UBNA_001/20220921_090000.WAV,Telephone Field,recover-20220922,001,1795
1537.5485,1537.5844,68437,81881,Rhinolophus ferrumequinum,0.028,0.028,-1,Echolocation,/mnt/ubna_data_02_mir/recover-20220922/UBNA_001/20220921_090000.WAV,Telephone Field,recover-20220922,001,1795
1537.5775,1537.6214,68437,82995,Rhinolophus ferrumequinum,0.039,0.039,-1,Echolocation,/mnt/ubna_data_02_mir/recover-20220922/UBNA_001/20220921_090000.WAV,Telephone Field,recover-20220922,001,1795
1537.5895,1537.5965,28046,42006,Eptesicus serotinus,0.007,0.025,-1,Echolocation,/mnt/ubna_data_02_mir/recover-20220922/UBNA_001/20220921_090000.WAV,Telephone Field,recover-20220922,001,1795
1537.6065,1537.6174,24609,30733,Nyctalus leisleri,0.013,0.032,-1,Echolocation,/mnt/ubna_data_02_mir/recover-20220922/UBNA_001/20220921_090000.WAV,Telephone Field,recover-20220922,001,1795
1537.6165,1537.6538,68437,81539,Rhinolophus ferrumequinum,0.025,0.025,-1,Echolocation,/mnt/ubna_data_02_mir/recover-20220922/UBNA_001/20220921_090000.WAV,Telephone Field,recover-20220922,001,1795
1537.6405,1537.661,18593,21393,Nyctalus leisleri,0.012,0.023,-1,Echolocation,/mnt/ubna_data_02_mir/recover-20220922/UBNA_001/20220921_090000.WAV,Telephone Field,recover-20220922,001,1795
1537.6555,1537.6921,68437,82313,Rhinolophus ferrumequinum,0.026,0.026,-1,Echolocation,/mnt/ubna_data_02_mir/recover-20220922/UBNA_001/20220921_090000.WAV,Telephone Field,recover-20220922,001,1795
1537.6795,1537.7166,68437,81810,Rhinolophus ferrumequinum,0.023,0.023,-1,Echolocation,/mnt/ubna_data_02_mir/recover-20220922/UBNA_001/20220921_090000.WAV,Telephone Field,recover-20220922,001,1795
1537.6995,1537.7417,68437,83019,Rhinolophus ferrumequinum,0.042,0.042,-1,Echolocation,/mnt/ubna_data_02_mir/recover-20220922/UBNA_001/20220921_090000.WAV,Telephone Field,recover-20220922,001,1795
1537.7245,1537.7334,28046,37131,Eptesicus serotinus,0.009,0.025,-1,Echolocation,/mnt/ubna_data_02_mir/recover-20220922/UBNA_001/20220921_090000.WAV,Telephone Field,recover-20220922,001,1795
1537.7245,1537.7679,68437,83426,Rhinolophus ferrumequinum,0.043,0.043,-1,Echolocation,/mnt/ubna_data_02_mir/recover-20220922/UBNA_001/20220921_090000.WAV,Telephone Field,recover-20220922,001,1795
1537.7435,1537.7805,68437,82485,Rhinolophus ferrumequinum,0.031,0.031,-1,Echolocation,/mnt/ubna_data_02_mir/recover-20220922/UBNA_001/20220921_090000.WAV,Telephone Field,recover-20220922,001,1795
1537.7745,1537.8157,68437,82944,Rhinolophus ferrumequinum,0.028,0.028,-1,Echolocation,/mnt/ubna_data_02_mir/recover-20220922/UBNA_001/20220921_090000.WAV,Telephone Field,recover-20220922,001,1795
1537.7865,1537.7998,29765,34907,Eptesicus serotinus,0.029,0.05,-1,Echolocation,/mnt/ubna_data_02_mir/recover-20220922/UBNA_001/20220921_090000.WAV,Telephone Field,recover-20220922,001,1795
1537.8085,1537.845,68437,81533,Rhinolophus ferrumequinum,0.022,0.023,-1,Echolocation,/mnt/ubna_data_02_mir/recover-20220922/UBNA_001/20220921_090000.WAV,Telephone Field,recover-20220922,001,1795
1537.8245,1537.8324,28046,40917,Eptesicus serotinus,0.008,0.023,-1,Echolocation,/mnt/ubna_data_02_mir/recover-20220922/UBNA_001/20220921_090000.WAV,Telephone Field,recover-20220922,001,1795
1537.8355,1537.8428,34062,42840,Myotis daubentonii,0.009,0.026,-1,Echolocation,/mnt/ubna_data_02_mir/recover-20220922/UBNA_001/20220921_090000.WAV,Telephone Field,recover-20220922,001,1795
1537.8445,1537.8553,22031,26614,Nyctalus leisleri,0.012,0.024,-1,Echolocation,/mnt/ubna_data_02_mir/recover-20220922/UBNA_001/20220921_090000.WAV,Telephone Field,recover-20220922,001,1795
1537.8475,1537.8858,68437,82503,Rhinolophus ferrumequinum,0.028,0.028,-1,Echolocation,/mnt/ubna_data_02_mir/recover-20220922/UBNA_001/20220921_090000.WAV,Telephone Field,recover-20220922,001,1795
1537.8595,1537.8959,68437,81870,Rhinolophus ferrumequinum,0.025,0.025,-1,Echolocation,/mnt/ubna_data_02_mir/recover-20220922/UBNA_001/20220921_090000.WAV,Telephone Field,recover-20220922,001,1795
1537.8755,1537.8821,26328,36810,Plecotus auritus,0.015,0.048,-1,Echolocation,/mnt/ubna_data_02_mir/recover-20220922/UBNA_001/20220921_090000.WAV,Telephone Field,recover-20220922,001,1795
1537.8825,1537.9212,68437,81901,Rhinolophus ferrumequinum,0.035,0.036,-1,Echolocation,/mnt/ubna_data_02_mir/recover-20220922/UBNA_001/20220921_090000.WAV,Telephone Field,recover-20220922,001,1795
1537.9105,1537.9473,68437,81783,Rhinolophus ferrumequinum,0.026,0.026,-1,Echolocation,/mnt/ubna_data_02_mir/recover-20220922/UBNA_001/20220921_090000.WAV,Telephone Field,recover-20220922,001,1795
1537.9455,1537.9861,68437,83057,Rhinolophus ferrumequinum,0.03,0.03,-1,Echolocation,/mnt/ubna_data_02_mir/recover-20220922/UBNA_001/20220921_090000.WAV,Telephone Field,recover-20220922,001,1795
1537.9505,1537.9584,23750,32360,Plecotus austriacus,0.008,0.023,-1,Echolocation,/mnt/ubna_data_02_mir/recover-20220922/UBNA_001/20220921_090000.WAV,Telephone Field,recover-20220922,001,1795
1537.9615,1537.9698,28046,38534,Eptesicus serotinus,0.009,0.023,-1,Echolocation,/mnt/ubna_data_02_mir/recover-20220922/UBNA_001/20220921_090000.WAV,Telephone Field,recover-20220922,001,1795
1537.9855,1537.9933,27187,39463,Eptesicus serotinus,0.008,0.025,-1,Echolocation,/mnt/ubna_data_02_mir/recover-20220922/UBNA_001/20220921_090000.WAV,Telephone Field,recover-20220922,001,1795
1538.0015,1538.0327,68437,79205,Rhinolophus ferrumequinum,0.029,0.03,-1,Echolocation,/mnt/ubna_data_02_mir/recover-20220922/UBNA_001/20220921_090000.WAV,Telephone Field,recover-20220922,001,1795
1538.0015,1538.0103,23750,31917,Nyctalus leisleri,0.011,0.033,-1,Echolocation,/mnt/ubna_data_02_mir/recover-20220922/UBNA_001/20220921_090000.WAV,Telephone Field,recover-20220922,001,1795
1538.0015,1538.0099,47812,54404,Pipistrellus pipistrellus,0.016,0.021,-1,Echolocation,/mnt/ubna_data_02_mir/recover-20220922/UBNA_001/20220921_090000.WAV,Telephone Field,recover-20220922,001,1795
1538.0085,1538.0482,68437,82149,Rhinolophus ferrumequinum,0.024,0.024,-1,Echolocation,/mnt/ubna_data_02_mir/recover-20220922/UBNA_001/20220921_090000.WAV,Telephone Field,recover-20220922,001,1795
1538.0425,1538.0807,68437,82671,Rhinolophus ferrumequinum,0.029,0.029,-1,Echolocation,/mnt/ubna_data_02_mir/recover-20220922/UBNA_001/20220921_090000.WAV,Telephone Field,recover-20220922,001,1795
1538.0705,1538.077,28046,44831,Eptesicus serotinus,0.013,0.043,-1,Echolocation,/mnt/ubna_data_02_mir/recover-20220922/UBNA_001/20220921_090000.WAV,Telephone Field,recover-20220922,001,1795
1538.0745,1538.1131,68437,82778,Rhinolophus ferrumequinum,0.024,0.024,-1,Echolocation,/mnt/ubna_data_02_mir/recover-20220922/UBNA_001/20220921_090000.WAV,Telephone Field,recover-20220922,001,1795
1538.1425,1538.1814,68437,82171,Rhinolophus ferrumequinum,0.023,0.023,-1,Echolocation,/mnt/ubna_data_02_mir/recover-20220922/UBNA_001/20220921_090000.WAV,Telephone Field,recover-20220922,001,1795
1538.1525,1538.17,20312,23092,Nyctalus leisleri,0.02,0.03,-1,Echolocation,/mnt/ubna_data_02_mir/recover-20220922/UBNA_001/20220921_090000.WAV,Telephone Field,recover-20220922,001,1795
1538.1665,1538.2055,68437,82427,Rhinolophus ferrumequinum,0.027,0.027,-1,Echolocation,/mnt/ubna_data_02_mir/recover-20220922/UBNA_001/20220921_090000.WAV,Telephone Field,recover-20220922,001,1795
1538.1675,1538.1752,28046,38708,Eptesicus serotinus,0.007,0.022,-1,Echolocation,/mnt/ubna_data_02_mir/recover-20220922/UBNA_001/20220921_090000.WAV,Telephone Field,recover-20220922,001,1795
1538.1935,1538.2335,68437,82113,Rhinolophus ferrumequinum,0.022,0.022,-1,Echolocation,/mnt/ubna_data_02_mir/recover-20220922/UBNA_001/20220921_090000.WAV,Telephone Field,recover-20220922,001,1795
1538.2135,1538.2519,68437,82055,Rhinolophus ferrumequinum,0.024,0.024,-1,Echolocation,/mnt/ubna_data_02_mir/recover-20220922/UBNA_001/20220921_090000.WAV,Telephone Field,recover-20220922,001,1795
1538.2495,1538.2889,68437,81718,Rhinolophus ferrumequinum,0.024,0.024,-1,Echolocation,/mnt/ubna_data_02_mir/recover-20220922/UBNA_001/20220921_090000.WAV,Telephone Field,recover-20220922,001,1795
1538.2825,1538.3149,68437,80593,Rhinolophus ferrumequinum,0.02,0.021,-1,Echolocation,/mnt/ubna_data_02_mir/recover-20220922/UBNA_001/20220921_090000.WAV,Telephone Field,recover-20220922,001,1795
1538.3275,1538.3661,68437,82582,Rhinolophus ferrumequinum,0.023,0.023,-1,Echolocation,/mnt/ubna_data_02_mir/recover-20220922/UBNA_001/20220921_090000.WAV,Telephone Field,recover-20220922,001,1795
1538.3315,1538.3423,23750,29340,Nyctalus leisleri,0.011,0.025,-1,Echolocation,/mnt/ubna_data_02_mir/recover-20220922/UBNA_001/20220921_090000.WAV,Telephone Field,recover-20220922,001,1795
1538.3475,1538.3862,68437,81878,Rhinolophus ferrumequinum,0.022,0.022,-1,Echolocation,/mnt/ubna_data_02_mir/recover-20220922/UBNA_001/20220921_090000.WAV,Telephone Field,recover-20220922,001,1795
1538.3555,1538.3926,68437,82477,Rhinolophus ferrumequinum,0.022,0.022,-1,Echolocation,/mnt/ubna_data_02_mir/recover-20220922/UBNA_001/20220921_090000.WAV,Telephone Field,recover-20220922,001,1795
1538.4075,1538.4156,28046,37710,Eptesicus serotinus,0.007,0.021,-1,Echolocation,/mnt/ubna_data_02_mir/recover-20220922/UBNA_001/20220921_090000.WAV,Telephone Field,recover-20220922,001,1795
1538.4115,1538.447,68437,81890,Rhinolophus ferrumequinum,0.021,0.021,-1,Echolocation,/mnt/ubna_data_02_mir/recover-20220922/UBNA_001/20220921_090000.WAV,Telephone Field,recover-20220922,001,1795
1538.4505,1538.4888,68437,82243,Rhinolophus ferrumequinum,0.025,0.025,-1,Echolocation,/mnt/ubna_data_02_mir/recover-20220922/UBNA_001/20220921_090000.WAV,Telephone Field,recover-20220922,001,1795
1538.4705,1538.4814,23750,29790,Nyctalus leisleri,0.009,0.023,-1,Echolocation,/mnt/ubna_data_02_mir/recover-20220922/UBNA_001/20220921_090000.WAV,Telephone Field,recover-20220922,001,1795
1538.4725,1538.5116,68437,82422,Rhinolophus ferrumequinum,0.024,0.024,-1,Echolocation,/mnt/ubna_data_02_mir/recover-20220922/UBNA_001/20220921_090000.WAV,Telephone Field,recover-20220922,001,1795
1538.5285,1538.5677,68437,82725,Rhinolophus ferrumequinum,0.022,0.022,-1,Echolocation,/mnt/ubna_data_02_mir/recover-20220922/UBNA_001/20220921_090000.WAV,Telephone Field,recover-20220922,001,1795
1538.5355,1538.5421,26328,38287,Eptesicus serotinus,0.005,0.023,-1,Echolocation,/mnt/ubna_data_02_mir/recover-20220922/UBNA_001/20220921_090000.WAV,Telephone Field,recover-20220922,001,1795
1538.5405,1538.5792,68437,81731,Rhinolophus ferrumequinum,0.026,0.026,-1,Echolocation,/mnt/ubna_data_02_mir/recover-20220922/UBNA_001/20220921_090000.WAV,Telephone Field,recover-20220922,001,1795
1538.5985,1538.6402,68437,82717,Rhinolophus ferrumequinum,0.022,0.022,-1,Echolocation,/mnt/ubna_data_02_mir/recover-20220922/UBNA_001/20220921_090000.WAV,Telephone Field,recover-20220922,001,1795
1538.6235,1538.6644000000001,68437,82443,Rhinolophus ferrumequinum,0.022,0.022,-1,Echolocation,/mnt/ubna_data_02_mir/recover-20220922/UBNA_001/20220921_090000.WAV,Telephone Field,recover-20220922,001,1795
1538.6245,1538.6322,51250,59560,Pipistrellus pipistrellus,0.027,0.032,-1,Echolocation,/mnt/ubna_data_02_mir/recover-20220922/UBNA_001/20220921_090000.WAV,Telephone Field,recover-20220922,001,1795
1538.6525,1538.6594,28046,39658,Eptesicus serotinus,0.007,0.025,-1,Echolocation,/mnt/ubna_data_02_mir/recover-20220922/UBNA_001/20220921_090000.WAV,Telephone Field,recover-20220922,001,1795
1538.6605,1538.6993,68437,81466,Rhinolophus ferrumequinum,0.022,0.022,-1,Echolocation,/mnt/ubna_data_02_mir/recover-20220922/UBNA_001/20220921_090000.WAV,Telephone Field,recover-20220922,001,1795
1538.6795,1538.6877,23750,32175,Plecotus austriacus,0.009,0.023,-1,Echolocation,/mnt/ubna_data_02_mir/recover-20220922/UBNA_001/20220921_090000.WAV,Telephone Field,recover-20220922,001,1795
1538.6955,1538.7033,47812,50637,Pipistrellus pipistrellus,0.028,0.029,-1,Echolocation,/mnt/ubna_data_02_mir/recover-20220922/UBNA_001/20220921_090000.WAV,Telephone Field,recover-20220922,001,1795
1538.7225,1538.7651,68437,83131,Rhinolophus ferrumequinum,0.022,0.022,-1,Echolocation,/mnt/ubna_data_02_mir/recover-20220922/UBNA_001/20220921_090000.WAV,Telephone Field,recover-20220922,001,1795
1538.7615,1538.7987,68437,81494,Rhinolophus ferrumequinum,0.021,0.021,-1,Echolocation,/mnt/ubna_data_02_mir/recover-20220922/UBNA_001/20220921_090000.WAV,Telephone Field,recover-20220922,001,1795
1538.7765,1538.7917,22890,26913,Nyctalus leisleri,0.021,0.037,-1,Echolocation,/mnt/ubna_data_02_mir/recover-20220922/UBNA_001/20220921_090000.WAV,Telephone Field,recover-20220922,001,1795
1538.8115,1538.8498,68437,82570,Rhinolophus ferrumequinum,0.028,0.028,-1,Echolocation,/mnt/ubna_data_02_mir/recover-20220922/UBNA_001/20220921_090000.WAV,Telephone Field,recover-20220922,001,1795
1538.8295,1538.8391,46953,50693,Pipistrellus pipistrellus,0.046,0.048,-1,Echolocation,/mnt/ubna_data_02_mir/recover-20220922/UBNA_001/20220921_090000.WAV,Telephone Field,recover-20220922,001,1795
1538.8355,1538.8449,28046,35736,Eptesicus serotinus,0.008,0.021,-1,Echolocation,/mnt/ubna_data_02_mir/recover-20220922/UBNA_001/20220921_090000.WAV,Telephone Field,recover-20220922,001,1795
1538.8425,1538.8527,27187,35055,Eptesicus serotinus,0.01,0.022,-1,Echolocation,/mnt/ubna_data_02_mir/recover-20220922/UBNA_001/20220921_090000.WAV,Telephone Field,recover-20220922,001,1795
1538.8445,1538.8827,68437,81833,Rhinolophus ferrumequinum,0.021,0.021,-1,Echolocation,/mnt/ubna_data_02_mir/recover-20220922/UBNA_001/20220921_090000.WAV,Telephone Field,recover-20220922,001,1795
1538.8855,1538.8957,22031,27563,Nyctalus leisleri,0.01,0.025,-1,Echolocation,/mnt/ubna_data_02_mir/recover-20220922/UBNA_001/20220921_090000.WAV,Telephone Field,recover-20220922,001,1795
1538.9475,1538.9584,22890,27013,Nyctalus leisleri,0.011,0.021,-1,Echolocation,/mnt/ubna_data_02_mir/recover-20220922/UBNA_001/20220921_090000.WAV,Telephone Field,recover-20220922,001,1795
1538.9525,1538.9925,68437,82386,Rhinolophus ferrumequinum,0.021,0.021,-1,Echolocation,/mnt/ubna_data_02_mir/recover-20220922/UBNA_001/20220921_090000.WAV,Telephone Field,recover-20220922,001,1795
1538.9645,1538.9728,28046,39395,Eptesicus serotinus,0.008,0.024,-1,Echolocation,/mnt/ubna_data_02_mir/recover-20220922/UBNA_001/20220921_090000.WAV,Telephone Field,recover-20220922,001,1795
1538.9835,1538.9915,28046,36610,Eptesicus serotinus,0.008,0.023,-1,Echolocation,/mnt/ubna_data_02_mir/recover-20220922/UBNA_001/20220921_090000.WAV,Telephone Field,recover-20220922,001,1795
1538.9915,1539.0247,68437,80856,Rhinolophus ferrumequinum,0.021,0.021,-1,Echolocation,/mnt/ubna_data_02_mir/recover-20220922/UBNA_001/20220921_090000.WAV,Telephone Field,recover-20220922,001,1795
1539.0435,1539.05,28046,38626,Eptesicus serotinus,0.006,0.025,-1,Echolocation,/mnt/ubna_data_02_mir/recover-20220922/UBNA_001/20220921_090000.WAV,Telephone Field,recover-20220922,001,1795
1539.0445,1539.0819,68437,81821,Rhinolophus ferrumequinum,0.022,0.022,-1,Echolocation,/mnt/ubna_data_02_mir/recover-20220922/UBNA_001/20220921_090000.WAV,Telephone Field,recover-20220922,001,1795
1539.0715,1539.0785,23750,33113,Plecotus austriacus,0.01,0.022,-1,Echolocation,/mnt/ubna_data_02_mir/recover-20220922/UBNA_001/20220921_090000.WAV,Telephone Field,recover-20220922,001,1795
1539.0835,1539.1234,68437,82445,Rhinolophus ferrumequinum,0.022,0.022,-1,Echolocation,/mnt/ubna_data_02_mir/recover-20220922/UBNA_001/20220921_090000.WAV,Telephone Field,recover-20220922,001,1795
1539.0985,1539.1078,28046,39486,Eptesicus serotinus,0.009,0.023,-1,Echolocation,/mnt/ubna_data_02_mir/recover-20220922/UBNA_001/20220921_090000.WAV,Telephone Field,recover-20220922,001,1795
1539.1515,1539.1959,68437,83312,Rhinolophus ferrumequinum,0.026,0.026,-1,Echolocation,/mnt/ubna_data_02_mir/recover-20220922/UBNA_001/20220921_090000.WAV,Telephone Field,recover-20220922,001,1795
1539.1795,1539.1901,28046,35128,Eptesicus serotinus,0.015,0.028,-1,Echolocation,/mnt/ubna_data_02_mir/recover-20220922/UBNA_001/20220921_090000.WAV,Telephone Field,recover-20220922,001,1795
1539.1935,1539.2058,23750,29068,Nyctalus leisleri,0.012,0.024,-1,Echolocation,/mnt/ubna_data_02_mir/recover-20220922/UBNA_001/20220921_090000.WAV,Telephone Field,recover-20220922,001,1795
1539.2305,1539.2409,43515,49275,Pipistrellus pipistrellus,0.02,0.027,-1,Echolocation,/mnt/ubna_data_02_mir/recover-20220922/UBNA_001/20220921_090000.WAV,Telephone Field,recover-20220922,001,1795
1539.2515,1539.2923,68437,82465,Rhinolophus ferrumequinum,0.022,0.022,-1,Echolocation,/mnt/ubna_data_02_mir/recover-20220922/UBNA_001/20220921_090000.WAV,Telephone Field,recover-20220922,001,1795
1539.2675,1539.2775,25468,31860,Eptesicus serotinus,0.008,0.021,-1,Echolocation,/mnt/ubna_data_02_mir/recover-20220922/UBNA_001/20220921_090000.WAV,Telephone Field,recover-20220922,001,1795
1539.2795,1539.2874,28906,38107,Eptesicus serotinus,0.006,0.021,-1,Echolocation,/mnt/ubna_data_02_mir/recover-20220922/UBNA_001/20220921_090000.WAV,Telephone Field,recover-20220922,001,1795
1539.3195,1539.3578,68437,81986,Rhinolophus ferrumequinum,0.023,0.023,-1,Echolocation,/mnt/ubna_data_02_mir/recover-20220922/UBNA_001/20220921_090000.WAV,Telephone Field,recover-20220922,001,1795
1539.3255,1539.3635,68437,82382,Rhinolophus ferrumequinum,0.023,0.023,-1,Echolocation,/mnt/ubna_data_02_mir/recover-20220922/UBNA_001/20220921_090000.WAV,Telephone Field,recover-20220922,001,1795
1539.3335,1539.3394,50390,54966,Pipistrellus pipistrellus,0.03,0.031,-1,Echolocation,/mnt/ubna_data_02_mir/recover-20220922/UBNA_001/20220921_090000.WAV,Telephone Field,recover-20220922,001,1795
1539.3415,1539.381,68437,82320,Rhinolophus ferrumequinum,0.024,0.024,-1,Echolocation,/mnt/ubna_data_02_mir/recover-20220922/UBNA_001/20220921_090000.WAV,Telephone Field,recover-20220922,001,1795
1539.3645,1539.4038,68437,82336,Rhinolophus ferrumequinum,0.021,0.021,-1,Echolocation,/mnt/ubna_data_02_mir/recover-20220922/UBNA_001/20220921_090000.WAV,Telephone Field,recover-20220922,001,1795
1539.4115,1539.4195,26328,35398,Eptesicus serotinus,0.008,0.024,-1,Echolocation,/mnt/ubna_data_02_mir/recover-20220922/UBNA_001/20220921_090000.WAV,Telephone Field,recover-20220922,001,1795
1539.4435,1539.4553,23750,29419,Nyctalus leisleri,0.009,0.022,-1,Echolocation,/mnt/ubna_data_02_mir/recover-20220922/UBNA_001/20220921_090000.WAV,Telephone Field,recover-20220922,001,1795
1539.4515,1539.4885,68437,81507,Rhinolophus ferrumequinum,0.027,0.027,-1,Echolocation,/mnt/ubna_data_02_mir/recover-20220922/UBNA_001/20220921_090000.WAV,Telephone Field,recover-20220922,001,1795
1539.4625,1539.4975,68437,81631,Rhinolophus ferrumequinum,0.022,0.022,-1,Echolocation,/mnt/ubna_data_02_mir/recover-20220922/UBNA_001/20220921_090000.WAV,Telephone Field,recover-20220922,001,1795
1539.4745,1539.4841,25468,32421,Eptesicus serotinus,0.01,0.026,-1,Echolocation,/mnt/ubna_data_02_mir/recover-20220922/UBNA_001/20220921_090000.WAV,Telephone Field,recover-20220922,001,1795
1539.5145,1539.5551,68437,82624,Rhinolophus ferrumequinum,0.021,0.021,-1,Echolocation,/mnt/ubna_data_02_mir/recover-20220922/UBNA_001/20220921_090000.WAV,Telephone Field,recover-20220922,001,1795
1539.5145,1539.5217,28046,41250,Eptesicus serotinus,0.008,0.025,-1,Echolocation,/mnt/ubna_data_02_mir/recover-20220922/UBNA_001/20220921_090000.WAV,Telephone Field,recover-20220922,001,1795
1539.5455,1539.585,68437,82718,Rhinolophus ferrumequinum,0.03,0.03,-1,Echolocation,/mnt/ubna_data_02_mir/recover-20220922/UBNA_001/20220921_090000.WAV,Telephone Field,recover-20220922,001,1795
1539.5735,1539.5845,22890,26931,Nyctalus leisleri,0.013,0.023,-1,Echolocation,/mnt/ubna_data_02_mir/recover-20220922/UBNA_001/20220921_090000.WAV,Telephone Field,recover-20220922,001,1795
1539.5765,1539.6176,68437,82876,Rhinolophus ferrumequinum,0.026,0.026,-1,Echolocation,/mnt/ubna_data_02_mir/recover-20220922/UBNA_001/20220921_090000.WAV,Telephone Field,recover-20220922,001,1795
1539.5825,1539.6241,68437,82838,Rhinolophus ferrumequinum,0.025,0.025,-1,Echolocation,/mnt/ubna_data_02_mir/recover-20220922/UBNA_001/20220921_090000.WAV,Telephone Field,recover-20220922,001,1795
1539.6085,1539.6151,50390,55340,Pipistrellus pipistrellus,0.02,0.023,-1,Echolocation,/mnt/ubna_data_02_mir/recover-20220922/UBNA_001/20220921_090000.WAV,Telephone Field,recover-20220922,001,1795
1539.6105,1539.6157,38359,61007,Myotis mystacinus,0.008,0.026,-1,Echolocation,/mnt/ubna_data_02_mir/recover-20220922/UBNA_001/20220921_090000.WAV,Telephone Field,recover-20220922,001,1795
1539.6115,1539.6201,27187,40026,Eptesicus serotinus,0.008,0.023,-1,Echolocation,/mnt/ubna_data_02_mir/recover-20220922/UBNA_001/20220921_090000.WAV,Telephone Field,recover-20220922,001,1795
1539.6335,1539.6725,68437,81939,Rhinolophus ferrumequinum,0.022,0.022,-1,Echolocation,/mnt/ubna_data_02_mir/recover-20220922/UBNA_001/20220921_090000.WAV,Telephone Field,recover-20220922,001,1795
1539.6415,1539.6776,68437,82491,Rhinolophus ferrumequinum,0.023,0.023,-1,Echolocation,/mnt/ubna_data_02_mir/recover-20220922/UBNA_001/20220921_090000.WAV,Telephone Field,recover-20220922,001,1795
1539.6515,1539.6907,68437,82415,Rhinolophus ferrumequinum,0.03,0.03,-1,Echolocation,/mnt/ubna_data_02_mir/recover-20220922/UBNA_001/20220921_090000.WAV,Telephone Field,recover-20220922,001,1795
1539.6885,1539.725,68437,81206,Rhinolophus ferrumequinum,0.021,0.021,-1,Echolocation,/mnt/ubna_data_02_mir/recover-20220922/UBNA_001/20220921_090000.WAV,Telephone Field,recover-20220922,001,1795
1539.7045,1539.7418,68437,81385,Rhinolophus ferrumequinum,0.021,0.022,-1,Echolocation,/mnt/ubna_data_02_mir/recover-20220922/UBNA_001/20220921_090000.WAV,Telephone Field,recover-20220922,001,1795
1539.7105,1539.7518,68437,82184,Rhinolophus ferrumequinum,0.022,0.022,-1,Echolocation,/mnt/ubna_data_02_mir/recover-20220922/UBNA_001/20220921_090000.WAV,Telephone Field,recover-20220922,001,1795
1539.7285,1539.7683,68437,82428,Rhinolophus ferrumequinum,0.023,0.023,-1,Echolocation,/mnt/ubna_data_02_mir/recover-20220922/UBNA_001/20220921_090000.WAV,Telephone Field,recover-20220922,001,1795
1539.7575,1539.7942,68437,81228,Rhinolophus ferrumequinum,0.021,0.021,-1,Echolocation,/mnt/ubna_data_02_mir/recover-20220922/UBNA_001/20220921_090000.WAV,Telephone Field,recover-20220922,001,1795
1539.7855,1539.8279,68437,83301,Rhinolophus ferrumequinum,0.041,0.041,-1,Echolocation,/mnt/ubna_data_02_mir/recover-20220922/UBNA_001/20220921_090000.WAV,Telephone Field,recover-20220922,001,1795
1539.8385,1539.8461,23750,31695,Plecotus austriacus,0.009,0.022,-1,Echolocation,/mnt/ubna_data_02_mir/recover-20220922/UBNA_001/20220921_090000.WAV,Telephone Field,recover-20220922,001,1795
1539.8865,1539.9228,68437,81136,Rhinolophus ferrumequinum,0.022,0.022,-1,Echolocation,/mnt/ubna_data_02_mir/recover-20220922/UBNA_001/20220921_090000.WAV,Telephone Field,recover-20220922,001,1795
1539.9115,1539.9507,68437,82580,Rhinolophus ferrumequinum,0.022,0.022,-1,Echolocation,/mnt/ubna_data_02_mir/recover-20220922/UBNA_001/20220921_090000.WAV,Telephone Field,recover-20220922,001,1795
1539.9285,1539.9356,27187,37923,Eptesicus serotinus,0.009,0.026,-1,Echolocation,/mnt/ubna_data_02_mir/recover-20220922/UBNA_001/20220921_090000.WAV,Telephone Field,recover-20220922,001,1795
1539.9595,1539.9974,68437,82130,Rhinolophus ferrumequinum,0.02,0.02,-1,Echolocation,/mnt/ubna_data_02_mir/recover-20220922/UBNA_001/20220921_090000.WAV,Telephone Field,recover-20220922,001,1795
1539.9875,1539.9969,27187,37089,Eptesicus serotinus,0.009,0.022,-1,Echolocation,/mnt/ubna_data_02_mir/recover-20220922/UBNA_001/20220921_090000.WAV,Telephone Field,recover-20220922,001,1795
1540.0015,1540.0384,68437,80304,Rhinolophus ferrumequinum,0.081,0.081,-1,Echolocation,/mnt/ubna_data_02_mir/recover-20220922/UBNA_001/20220921_090000.WAV,Telephone Field,recover-20220922,001,1795
1540.0015,1540.0156,17734,22560,Nyctalus leisleri,0.008,0.021,-1,Echolocation,/mnt/ubna_data_02_mir/recover-20220922/UBNA_001/20220921_090000.WAV,Telephone Field,recover-20220922,001,1795
1540.0015,1540.0092,25468,36704,Eptesicus serotinus,0.005,0.024,-1,Echolocation,/mnt/ubna_data_02_mir/recover-20220922/UBNA_001/20220921_090000.WAV,Telephone Field,recover-20220922,001,1795
1540.0015,1540.0109,29765,38180,Eptesicus serotinus,0.007,0.025,-1,Echolocation,/mnt/ubna_data_02_mir/recover-20220922/UBNA_001/20220921_090000.WAV,Telephone Field,recover-20220922,001,1795
1540.0075,1540.0545,68437,82767,Rhinolophus ferrumequinum,0.026,0.026,-1,Echolocation,/mnt/ubna_data_02_mir/recover-20220922/UBNA_001/20220921_090000.WAV,Telephone Field,recover-20220922,001,1795
1540.0465,1540.0852,68437,81943,Rhinolophus ferrumequinum,0.021,0.021,-1,Echolocation,/mnt/ubna_data_02_mir/recover-20220922/UBNA_001/20220921_090000.WAV,Telephone Field,recover-20220922,001,1795
1540.0635,1540.1031,68437,81899,Rhinolophus ferrumequinum,0.021,0.021,-1,Echolocation,/mnt/ubna_data_02_mir/recover-20220922/UBNA_001/20220921_090000.WAV,Telephone Field,recover-20220922,001,1795
1540.0885,1540.1258,68437,82967,Rhinolophus ferrumequinum,0.024,0.024,-1,Echolocation,/mnt/ubna_data_02_mir/recover-20220922/UBNA_001/20220921_090000.WAV,Telephone Field,recover-20220922,001,1795
1540.0985,1540.139,68437,82370,Rhinolophus ferrumequinum,0.027,0.027,-1,Echolocation,/mnt/ubna_data_02_mir/recover-20220922/UBNA_001/20220921_090000.WAV,Telephone Field,recover-20220922,001,1795
1540.1055,1540.115,24609,32062,Nyctalus leisleri,0.007,0.023,-1,Echolocation,/mnt/ubna_data_02_mir/recover-20220922/UBNA_001/20220921_090000.WAV,Telephone Field,recover-20220922,001,1795
1540.1305,1540.1686,68437,81282,Rhinolophus ferrumequinum,0.025,0.025,-1,Echolocation,/mnt/ubna_data_02_mir/recover-20220922/UBNA_001/20220921_090000.WAV,Telephone Field,recover-20220922,001,1795
1540.1385,1540.1754,68437,82146,Rhinolophus ferrumequinum,0.022,0.022,-1,Echolocation,/mnt/ubna_data_02_mir/recover-20220922/UBNA_001/20220921_090000.WAV,Telephone Field,recover-20220922,001,1795
1540.1835,1540.2227,68437,82079,Rhinolophus ferrumequinum,0.023,0.023,-1,Echolocation,/mnt/ubna_data_02_mir/recover-20220922/UBNA_001/20220921_090000.WAV,Telephone Field,recover-20220922,001,1795
1540.2045,1540.2396,68437,80155,Rhinolophus ferrumequinum,0.029,0.029,-1,Echolocation,/mnt/ubna_data_02_mir/recover-20220922/UBNA_001/20220921_090000.WAV,Telephone Field,recover-20220922,001,1795
1540.2345,1540.2717,68437,81627,Rhinolophus ferrumequinum,0.022,0.022,-1,Echolocation,/mnt/ubna_data_02_mir/recover-20220922/UBNA_001/20220921_090000.WAV,Telephone Field,recover-20220922,001,1795
1540.3045,1540.3108,28046,42140,Eptesicus serotinus,0.006,0.025,-1,Echolocation,/mnt/ubna_data_02_mir/recover-20220922/UBNA_001/20220921_090000.WAV,Telephone Field,recover-20220922,001,1795
1540.3275,1540.3671,68437,82190,Rhinolophus ferrumequinum,0.021,0.021,-1,Echolocation,/mnt/ubna_data_02_mir/recover-20220922/UBNA_001/20220921_090000.WAV,Telephone Field,recover-20220922,001,1795
1540.3685,1540.4061,68437,82222,Rhinolophus ferrumequinum,0.021,0.021,-1,Echolocation,/mnt/ubna_data_02_mir/recover-20220922/UBNA_001/20220921_090000.WAV,Telephone Field,recover-20220922,001,1795
1540.4095,1540.4522,68437,83033,Rhinolophus ferrumequinum,0.034,0.034,-1,Echolocation,/mnt/ubna_data_02_mir/recover-20220922/UBNA_001/20220921_090000.WAV,Telephone Field,recover-20220922,001,1795
1540.4355,1540.4455,26328,33867,Eptesicus serotinus,0.011,0.026,-1,Echolocation,/mnt/ubna_data_02_mir/recover-20220922/UBNA_001/20220921_090000.WAV,Telephone Field,recover-20220922,001,1795
1540.4465,1540.4592,25468,31672,Eptesicus serotinus,0.014,0.032,-1,Echolocation,/mnt/ubna_data_02_mir/recover-20220922/UBNA_001/20220921_090000.WAV,Telephone Field,recover-20220922,001,1795
1540.4555,1540.494,68437,82337,Rhinolophus ferrumequinum,0.021,0.021,-1,Echolocation,/mnt/ubna_data_02_mir/recover-20220922/UBNA_001/20220921_090000.WAV,Telephone Field,recover-20220922,001,1795
1540.4675,1540.4744,28046,38702,Eptesicus serotinus,0.006,0.023,-1,Echolocation,/mnt/ubna_data_02_mir/recover-20220922/UBNA_001/20220921_090000.WAV,Telephone Field,recover-20220922,001,1795
1540.4875,1540.5259,68437,82494,Rhinolophus ferrumequinum,0.021,0.021,-1,Echolocation,/mnt/ubna_data_02_mir/recover-20220922/UBNA_001/20220921_090000.WAV,Telephone Field,recover-20220922,001,1795
1540.4875,1540.4951,28046,38996,Eptesicus serotinus,0.007,0.021,-1,Echolocation,/mnt/ubna_data_02_mir/recover-20220922/UBNA_001/20220921_090000.WAV,Telephone Field,recover-20220922,001,1795
1540.4885,1540.4967,22890,30647,Plecotus austriacus,0.009,0.021,-1,Echolocation,/mnt/ubna_data_02_mir/recover-20220922/UBNA_001/20220921_090000.WAV,Telephone Field,recover-20220922,001,1795
1540.4965,1540.5365,68437,82788,Rhinolophus ferrumequinum,0.022,0.022,-1,Echolocation,/mnt/ubna_data_02_mir/recover-20220922/UBNA_001/20220921_090000.WAV,Telephone Field,recover-20220922,001,1795
1540.5255,1540.5641,68437,82670,Rhinolophus ferrumequinum,0.024,0.024,-1,Echolocation,/mnt/ubna_data_02_mir/recover-20220922/UBNA_001/20220921_090000.WAV,Telephone Field,recover-20220922,001,1795
1540.5325,1540.5709,68437,82201,Rhinolophus ferrumequinum,0.021,0.021,-1,Echolocation,/mnt/ubna_data_02_mir/recover-20220922/UBNA_001/20220921_090000.WAV,Telephone Field,recover-20220922,001,1795
1540.5515,1540.5577,28046,37596,Eptesicus serotinus,0.01,0.035,-1,Echolocation,/mnt/ubna_data_02_mir/recover-20220922/UBNA_001/20220921_090000.WAV,Telephone Field,recover-20220922,001,1795
1540.5675,1540.5897,16875,19569,Nyctalus noctula,0.023,0.035,-1,Echolocation,/mnt/ubna_data_02_mir/recover-20220922/UBNA_001/20220921_090000.WAV,Telephone Field,recover-20220922,001,1795
1540.5805,1540.6144,68437,81192,Rhinolophus ferrumequinum,0.021,0.021,-1,Echolocation,/mnt/ubna_data_02_mir/recover-20220922/UBNA_001/20220921_090000.WAV,Telephone Field,recover-20220922,001,1795
1540.6495,1540.6574,27187,36004,Eptesicus serotinus,0.008,0.021,-1,Echolocation,/mnt/ubna_data_02_mir/recover-20220922/UBNA_001/20220921_090000.WAV,Telephone Field,recover-20220922,001,1795
1540.6635,1540.6744,22890,27831,Nyctalus leisleri,0.011,0.021,-1,Echolocation,/mnt/ubna_data_02_mir/recover-20220922/UBNA_001/20220921_090000.WAV,Telephone Field,recover-20220922,001,1795
1540.6815,1540.7138,68437,80309,Rhinolophus ferrumequinum,0.021,0.021,-1,Echolocation,/mnt/ubna_data_02_mir/recover-20220922/UBNA_001/20220921_090000.WAV,Telephone Field,recover-20220922,001,1795
1540.7275,1540.7662,68437,81998,Rhinolophus ferrumequinum,0.021,0.021,-1,Echolocation,/mnt/ubna_data_02_mir/recover-20220922/UBNA_001/20220921_090000.WAV,Telephone Field,recover-20220922,001,1795
1540.7615,1540.7997,68437,81755,Rhinolophus ferrumequinum,0.024,0.024,-1,Echolocation,/mnt/ubna_data_02_mir/recover-20220922/UBNA_001/20220921_090000.WAV,Telephone Field,recover-20220922,001,1795
1540.7895,1540.8334,68437,83387,Rhinolophus ferrumequinum,0.037,0.037,-1,Echolocation,/mnt/ubna_data_02_mir/recover-20220922/UBNA_001/20220921_090000.WAV,Telephone Field,recover-20220922,001,1795
1540.8215,1540.8591,68437,81812,Rhinolophus ferrumequinum,0.021,0.021,-1,Echolocation,/mnt/ubna_data_02_mir/recover-20220922/UBNA_001/20220921_090000.WAV,Telephone Field,recover-20220922,001,1795
1540.8555,1540.8943,68437,82228,Rhinolophus ferrumequinum,0.021,0.021,-1,Echolocation,/mnt/ubna_data_02_mir/recover-20220922/UBNA_001/20220921_090000.WAV,Telephone Field,recover-20220922,001,1795
1540.8645,1540.88,21171,25007,Nyctalus leisleri,0.018,0.034,-1,Echolocation,/mnt/ubna_data_02_mir/recover-20220922/UBNA_001/20220921_090000.WAV,Telephone Field,recover-20220922,001,1795
1540.8725,1540.9135,68437,82323,Rhinolophus ferrumequinum,0.022,0.022,-1,Echolocation,/mnt/ubna_data_02_mir/recover-20220922/UBNA_001/20220921_090000.WAV,Telephone Field,recover-20220922,001,1795
1540.8925,1540.9031,22890,28208,Nyctalus leisleri,0.01,0.021,-1,Echolocation,/mnt/ubna_data_02_mir/recover-20220922/UBNA_001/20220921_090000.WAV,Telephone Field,recover-20220922,001,1795
1540.9255,1540.9644,68437,82184,Rhinolophus ferrumequinum,0.027,0.027,-1,Echolocation,/mnt/ubna_data_02_mir/recover-20220922/UBNA_001/20220921_090000.WAV,Telephone Field,recover-20220922,001,1795
1540.9365,1540.9439,45234,49036,Pipistrellus pipistrellus,0.025,0.026,-1,Echolocation,/mnt/ubna_data_02_mir/recover-20220922/UBNA_001/20220921_090000.WAV,Telephone Field,recover-20220922,001,1795
1540.9445,1540.9807,68437,81191,Rhinolophus ferrumequinum,0.023,0.023,-1,Echolocation,/mnt/ubna_data_02_mir/recover-20220922/UBNA_001/20220921_090000.WAV,Telephone Field,recover-20220922,001,1795
1540.9555,1540.9653,24609,33607,Eptesicus serotinus,0.008,0.023,-1,Echolocation,/mnt/ubna_data_02_mir/recover-20220922/UBNA_001/20220921_090000.WAV,Telephone Field,recover-20220922,001,1795
1540.9645,1540.9743,22890,28428,Nyctalus leisleri,0.008,0.021,-1,Echolocation,/mnt/ubna_data_02_mir/recover-20220922/UBNA_001/20220921_090000.WAV,Telephone Field,recover-20220922,001,1795
1540.9755,1540.9854,28906,36356,Eptesicus serotinus,0.009,0.021,-1,Echolocation,/mnt/ubna_data_02_mir/recover-20220922/UBNA_001/20220921_090000.WAV,Telephone Field,recover-20220922,001,1795
1540.9905,1541.0334,68437,82694,Rhinolophus ferrumequinum,0.033,0.033,-1,Echolocation,/mnt/ubna_data_02_mir/recover-20220922/UBNA_001/20220921_090000.WAV,Telephone Field,recover-20220922,001,1795
1541.0155,1541.0537,68437,81774,Rhinolophus ferrumequinum,0.027,0.027,-1,Echolocation,/mnt/ubna_data_02_mir/recover-20220922/UBNA_001/20220921_090000.WAV,Telephone Field,recover-20220922,001,1795
1541.0335,1541.0431,24609,31173,Nyctalus leisleri,0.007,0.022,-1,Echolocation,/mnt/ubna_data_02_mir/recover-20220922/UBNA_001/20220921_090000.WAV,Telephone Field,recover-20220922,001,1795
1541.0345,1541.0765,68437,83499,Rhinolophus ferrumequinum,0.041,0.041,-1,Echolocation,/mnt/ubna_data_02_mir/recover-20220922/UBNA_001/20220921_090000.WAV,Telephone Field,recover-20220922,001,1795
1541.0485,1541.0674,20312,23435,Nyctalus leisleri,0.022,0.043,-1,Echolocation,/mnt/ubna_data_02_mir/recover-20220922/UBNA_001/20220921_090000.WAV,Telephone Field,recover-20220922,001,1795
1541.0535,1541.0688,44375,47833,Pipistrellus pipistrellus,0.051,0.059,-1,Echolocation,/mnt/ubna_data_02_mir/recover-20220922/UBNA_001/20220921_090000.WAV,Telephone Field,recover-20220922,001,1795
1541.0885,1541.1322,68437,82856,Rhinolophus ferrumequinum,0.029,0.029,-1,Echolocation,/mnt/ubna_data_02_mir/recover-20220922/UBNA_001/20220921_090000.WAV,Telephone Field,recover-20220922,001,1795
1541.1255,1541.1656,68437,82807,Rhinolophus ferrumequinum,0.03,0.03,-1,Echolocation,/mnt/ubna_data_02_mir/recover-20220922/UBNA_001/20220921_090000.WAV,Telephone Field,recover-20220922,001,1795
1541.1355,1541.1765,68437,82674,Rhinolophus ferrumequinum,0.027,0.027,-1,Echolocation,/mnt/ubna_data_02_mir/recover-20220922/UBNA_001/20220921_090000.WAV,Telephone Field,recover-20220922,001,1795
1541.1675,1541.204,68437,80965,Rhinolophus ferrumequinum,0.022,0.022,-1,Echolocation,/mnt/ubna_data_02_mir/recover-20220922/UBNA_001/20220921_090000.WAV,Telephone Field,recover-20220922,001,1795
1541.2195,1541.2566,68437,81691,Rhinolophus ferrumequinum,0.021,0.021,-1,Echolocation,/mnt/ubna_data_02_mir/recover-20220922/UBNA_001/20220921_090000.WAV,Telephone Field,recover-20220922,001,1795
1541.2275,1541.2345,28046,38794,Eptesicus serotinus,0.006,0.023,-1,Echolocation,/mnt/ubna_data_02_mir/recover-20220922/UBNA_001/20220921_090000.WAV,Telephone Field,recover-20220922,001,1795
1541.2885,1541.3008,21171,25563,Nyctalus leisleri,0.012,0.028,-1,Echolocation,/mnt/ubna_data_02_mir/recover-20220922/UBNA_001/20220921_090000.WAV,Telephone Field,recover-20220922,001,1795
1541.2935,1541.3318,68437,81973,Rhinolophus ferrumequinum,0.022,0.022,-1,Echolocation,/mnt/ubna_data_02_mir/recover-20220922/UBNA_001/20220921_090000.WAV,Telephone Field,recover-20220922,001,1795
1541.3425,1541.3804,68437,81692,Rhinolophus ferrumequinum,0.021,0.021,-1,Echolocation,/mnt/ubna_data_02_mir/recover-20220922/UBNA_001/20220921_090000.WAV,Telephone Field,recover-20220922,001,1795
1541.3545,1541.3628,28046,37107,Eptesicus serotinus,0.01,0.024,-1,Echolocation,/mnt/ubna_data_02_mir/recover-20220922/UBNA_001/20220921_090000.WAV,Telephone Field,recover-20220922,001,1795
1541.3625,1541.4001,68437,81522,Rhinolophus ferrumequinum,0.021,0.021,-1,Echolocation,/mnt/ubna_data_02_mir/recover-20220922/UBNA_001/20220921_090000.WAV,Telephone Field,recover-20220922,001,1795
1541.4015,1541.4416,68437,82336,Rhinolophus ferrumequinum,0.022,0.022,-1,Echolocation,/mnt/ubna_data_02_mir/recover-20220922/UBNA_001/20220921_090000.WAV,Telephone Field,recover-20220922,001,1795
1541.4375,1541.4751,68437,81428,Rhinolophus ferrumequinum,0.023,0.023,-1,Echolocation,/mnt/ubna_data_02_mir/recover-20220922/UBNA_001/20220921_090000.WAV,Telephone Field,recover-20220922,001,1795
1541.4525,1541.4914,68437,82350,Rhinolophus ferrumequinum,0.021,0.021,-1,Echolocation,/mnt/ubna_data_02_mir/recover-20220922/UBNA_001/20220921_090000.WAV,Telephone Field,recover-20220922,001,1795
1541.4915,1541.5248,68437,80037,Rhinolophus ferrumequinum,0.022,0.022,-1,Echolocation,/mnt/ubna_data_02_mir/recover-20220922/UBNA_001/20220921_090000.WAV,Telephone Field,recover-20220922,001,1795
1541.5205,1541.5598,68437,82037,Rhinolophus ferrumequinum,0.021,0.021,-1,Echolocation,/mnt/ubna_data_02_mir/recover-20220922/UBNA_001/20220921_090000.WAV,Telephone Field,recover-20220922,001,1795
1541.5255,1541.5329,28906,40580,Eptesicus serotinus,0.008,0.025,-1,Echolocation,/mnt/ubna_data_02_mir/recover-20220922/UBNA_001/20220921_090000.WAV,Telephone Field,recover-20220922,001,1795
1541.5365,1541.5756,68437,82066,Rhinolophus ferrumequinum,0.021,0.021,-1,Echolocation,/mnt/ubna_data_02_mir/recover-20220922/UBNA_001/20220921_090000.WAV,Telephone Field,recover-20220922,001,1795
1541.5525,1541.5925,68437,81953,Rhinolophus ferrumequinum,0.024,0.024,-1,Echolocation,/mnt/ubna_data_02_mir/recover-20220922/UBNA_001/20220921_090000.WAV,Telephone Field,recover-20220922,001,1795
1541.5925,1541.6029,23750,29324,Nyctalus leisleri,0.011,0.03,-1,Echolocation,/mnt/ubna_data_02_mir/recover-20220922/UBNA_001/20220921_090000.WAV,Telephone Field,recover-20220922,001,1795
1541.6365,1541.6716,68437,80453,Rhinolophus ferrumequinum,0.026,0.026,-1,Echolocation,/mnt/ubna_data_02_mir/recover-20220922/UBNA_001/20220921_090000.WAV,Telephone Field,recover-20220922,001,1795
1541.6835,1541.7242,68437,82104,Rhinolophus ferrumequinum,0.025,0.025,-1,Echolocation,/mnt/ubna_data_02_mir/recover-20220922/UBNA_001/20220921_090000.WAV,Telephone Field,recover-20220922,001,1795
1541.6935,1541.7365,68437,83329,Rhinolophus ferrumequinum,0.024,0.024,-1,Echolocation,/mnt/ubna_data_02_mir/recover-20220922/UBNA_001/20220921_090000.WAV,Telephone Field,recover-20220922,001,1795
1541.7045,1541.7111,50390,58972,Pipistrellus pipistrellus,0.016,0.021,-1,Echolocation,/mnt/ubna_data_02_mir/recover-20220922/UBNA_001/20220921_090000.WAV,Telephone Field,recover-20220922,001,1795
1541.7145,1541.7217,28046,40287,Eptesicus serotinus,0.007,0.022,-1,Echolocation,/mnt/ubna_data_02_mir/recover-20220922/UBNA_001/20220921_090000.WAV,Telephone Field,recover-20220922,001,1795
1541.7285,1541.769,68437,82685,Rhinolophus ferrumequinum,0.021,0.021,-1,Echolocation,/mnt/ubna_data_02_mir/recover-20220922/UBNA_001/20220921_090000.WAV,Telephone Field,recover-20220922,001,1795
1541.7335,1541.7447,22031,26688,Nyctalus leisleri,0.012,0.024,-1,Echolocation,/mnt/ubna_data_02_mir/recover-20220922/UBNA_001/20220921_090000.WAV,Telephone Field,recover-20220922,001,1795
1541.7355,1541.7766,68437,82716,Rhinolophus ferrumequinum,0.023,0.023,-1,Echolocation,/mnt/ubna_data_02_mir/recover-20220922/UBNA_001/20220921_090000.WAV,Telephone Field,recover-20220922,001,1795
1541.8525,1541.8602,28046,39513,Eptesicus serotinus,0.006,0.021,-1,Echolocation,/mnt/ubna_data_02_mir/recover-20220922/UBNA_001/20220921_090000.WAV,Telephone Field,recover-20220922,001,1795
1541.8545,1541.8919,68437,81951,Rhinolophus ferrumequinum,0.021,0.021,-1,Echolocation,/mnt/ubna_data_02_mir/recover-20220922/UBNA_001/20220921_090000.WAV,Telephone Field,recover-20220922,001,1795
1541.8625,1541.8995,68437,81641,Rhinolophus ferrumequinum,0.022,0.022,-1,Echolocation,/mnt/ubna_data_02_mir/recover-20220922/UBNA_001/20220921_090000.WAV,Telephone Field,recover-20220922,001,1795
1541.9055,1541.9461,68437,82364,Rhinolophus ferrumequinum,0.027,0.027,-1,Echolocation,/mnt/ubna_data_02_mir/recover-20220922/UBNA_001/20220921_090000.WAV,Telephone Field,recover-20220922,001,1795
1541.9305,1541.941,22031,26334,Nyctalus leisleri,0.011,0.022,-1,Echolocation,/mnt/ubna_data_02_mir/recover-20220922/UBNA_001/20220921_090000.WAV,Telephone Field,recover-20220922,001,1795
1541.9525,1541.9922,68437,82611,Rhinolophus ferrumequinum,0.024,0.024,-1,Echolocation,/mnt/ubna_data_02_mir/recover-20220922/UBNA_001/20220921_090000.WAV,Telephone Field,recover-20220922,001,1795
1542.0015,1542.0104,30625,38516,Eptesicus serotinus,0.006,0.023,-1,Echolocation,/mnt/ubna_data_02_mir/recover-20220922/UBNA_001/20220921_090000.WAV,Telephone Field,recover-20220922,001,1795
1542.0015,1542.0095,25468,33979,Nyctalus leisleri,0.007,0.024,-1,Echolocation,/mnt/ubna_data_02_mir/recover-20220922/UBNA_001/20220921_090000.WAV,Telephone Field,recover-20220922,001,1795
1542.0015,1542.009,48671,54376,Pipistrellus pipistrellus,0.019,0.027,-1,Echolocation,/mnt/ubna_data_02_mir/recover-20220922/UBNA_001/20220921_090000.WAV,Telephone Field,recover-20220922,001,1795
1542.0025,1542.044,68437,81751,Rhinolophus ferrumequinum,0.029,0.03,-1,Echolocation,/mnt/ubna_data_02_mir/recover-20220922/UBNA_001/20220921_090000.WAV,Telephone Field,recover-20220922,001,1795
1542.0095,1542.0546,68437,82878,Rhinolophus ferrumequinum,0.035,0.035,-1,Echolocation,/mnt/ubna_data_02_mir/recover-20220922/UBNA_001/20220921_090000.WAV,Telephone Field,recover-20220922,001,1795
1542.0165,1542.0261,22031,27680,Nyctalus leisleri,0.008,0.022,-1,Echolocation,/mnt/ubna_data_02_mir/recover-20220922/UBNA_001/20220921_090000.WAV,Telephone Field,recover-20220922,001,1795
1542.0225,1542.0625,68437,82501,Rhinolophus ferrumequinum,0.023,0.023,-1,Echolocation,/mnt/ubna_data_02_mir/recover-20220922/UBNA_001/20220921_090000.WAV,Telephone Field,recover-20220922,001,1795
1542.0485,1542.0614,22890,27039,Nyctalus leisleri,0.015,0.027,-1,Echolocation,/mnt/ubna_data_02_mir/recover-20220922/UBNA_001/20220921_090000.WAV,Telephone Field,recover-20220922,001,1795
1542.0595,1542.0998,68437,82527,Rhinolophus ferrumequinum,0.024,0.024,-1,Echolocation,/mnt/ubna_data_02_mir/recover-20220922/UBNA_001/20220921_090000.WAV,Telephone Field,recover-20220922,001,1795
1542.0705,1542.0786,46953,54438,Pipistrellus pipistrellus,0.02,0.022,-1,Echolocation,/mnt/ubna_data_02_mir/recover-20220922/UBNA_001/20220921_090000.WAV,Telephone Field,recover-20220922,001,1795
1542.0715,1542.1106,68437,82428,Rhinolophus ferrumequinum,0.025,0.025,-1,Echolocation,/mnt/ubna_data_02_mir/recover-20220922/UBNA_001/20220921_090000.WAV,Telephone Field,recover-20220922,001,1795
1542.0765,1542.1166,68437,82239,Rhinolophus ferrumequinum,0.025,0.025,-1,Echolocation,/mnt/ubna_data_02_mir/recover-20220922/UBNA_001/20220921_090000.WAV,Telephone Field,recover-20220922,001,1795
1542.0785,1542.0865,28046,38131,Eptesicus serotinus,0.008,0.023,-1,Echolocation,/mnt/ubna_data_02_mir/recover-20220922/UBNA_001/20220921_090000.WAV,Telephone Field,recover-20220922,001,1795
1542.0845,1542.0975,15156,19601,Nyctalus noctula,0.018,0.029,-1,Echolocation,/mnt/ubna_data_02_mir/recover-20220922/UBNA_001/20220921_090000.WAV,Telephone Field,recover-20220922,001,1795
1542.1085,1542.1412,68437,80786,Rhinolophus ferrumequinum,0.025,0.025,-1,Echolocation,/mnt/ubna_data_02_mir/recover-20220922/UBNA_001/20220921_090000.WAV,Telephone Field,recover-20220922,001,1795
1542.1205,1542.1571,68437,81300,Rhinolophus ferrumequinum,0.029,0.029,-1,Echolocation,/mnt/ubna_data_02_mir/recover-20220922/UBNA_001/20220921_090000.WAV,Telephone Field,recover-20220922,001,1795
1542.1285,1542.1661,68437,81622,Rhinolophus ferrumequinum,0.027,0.027,-1,Echolocation,/mnt/ubna_data_02_mir/recover-20220922/UBNA_001/20220921_090000.WAV,Telephone Field,recover-20220922,001,1795
1542.1345,1542.1723,68437,82429,Rhinolophus ferrumequinum,0.028,0.028,-1,Echolocation,/mnt/ubna_data_02_mir/recover-20220922/UBNA_001/20220921_090000.WAV,Telephone Field,recover-20220922,001,1795
1542.1515,1542.1634,22031,26277,Nyctalus leisleri,0.016,0.028,-1,Echolocation,/mnt/ubna_data_02_mir/recover-20220922/UBNA_001/20220921_090000.WAV,Telephone Field,recover-20220922,001,1795
1542.1575,1542.1995,68437,83515,Rhinolophus ferrumequinum,0.031,0.031,-1,Echolocation,/mnt/ubna_data_02_mir/recover-20220922/UBNA_001/20220921_090000.WAV,Telephone Field,recover-20220922,001,1795
1542.1845,1542.2242,68437,82460,Rhinolophus ferrumequinum,0.022,0.022,-1,Echolocation,/mnt/ubna_data_02_mir/recover-20220922/UBNA_001/20220921_090000.WAV,Telephone Field,recover-20220922,001,1795
1542.1955,1542.2023,28906,40319,Eptesicus serotinus,0.008,0.026,-1,Echolocation,/mnt/ubna_data_02_mir/recover-20220922/UBNA_001/20220921_090000.WAV,Telephone Field,recover-20220922,001,1795
1542.2065,1542.2505,68437,83914,Rhinolophus ferrumequinum,0.039,0.039,-1,Echolocation,/mnt/ubna_data_02_mir/recover-20220922/UBNA_001/20220921_090000.WAV,Telephone Field,recover-20220922,001,1795
1542.2265,1542.2352,28046,37351,Eptesicus serotinus,0.011,0.026,-1,Echolocation,/mnt/ubna_data_02_mir/recover-20220922/UBNA_001/20220921_090000.WAV,Telephone Field,recover-20220922,001,1795
1542.2505,1542.2912,68437,83216,Rhinolophus ferrumequinum,0.032,0.032,-1,Echolocation,/mnt/ubna_data_02_mir/recover-20220922/UBNA_001/20220921_090000.WAV,Telephone Field,recover-20220922,001,1795
1542.2665,1542.3047,68437,82573,Rhinolophus ferrumequinum,0.022,0.022,-1,Echolocation,/mnt/ubna_data_02_mir/recover-20220922/UBNA_001/20220921_090000.WAV,Telephone Field,recover-20220922,001,1795
1542.3035,1542.3439,68437,82345,Rhinolophus ferrumequinum,0.024,0.024,-1,Echolocation,/mnt/ubna_data_02_mir/recover-20220922/UBNA_001/20220921_090000.WAV,Telephone Field,recover-20220922,001,1795
1542.3265,1542.3634,68437,81660,Rhinolophus ferrumequinum,0.024,0.024,-1,Echolocation,/mnt/ubna_data_02_mir/recover-20220922/UBNA_001/20220921_090000.WAV,Telephone Field,recover-20220922,001,1795
1542.3445,1542.38,68437,81354,Rhinolophus ferrumequinum,0.023,0.023,-1,Echolocation,/mnt/ubna_data_02_mir/recover-20220922/UBNA_001/20220921_090000.WAV,Telephone Field,recover-20220922,001,1795
1542.4225,1542.4649,68437,82557,Rhinolophus ferrumequinum,0.022,0.022,-1,Echolocation,/mnt/ubna_data_02_mir/recover-20220922/UBNA_001/20220921_090000.WAV,Telephone Field,recover-20220922,001,1795
1542.4925,1542.5312,68437,82290,Rhinolophus ferrumequinum,0.023,0.023,-1,Echolocation,/mnt/ubna_data_02_mir/recover-20220922/UBNA_001/20220921_090000.WAV,Telephone Field,recover-20220922,001,1795
1542.4975,1542.5361,68437,82205,Rhinolophus ferrumequinum,0.023,0.023,-1,Echolocation,/mnt/ubna_data_02_mir/recover-20220922/UBNA_001/20220921_090000.WAV,Telephone Field,recover-20220922,001,1795
1542.5335,1542.5714,68437,81832,Rhinolophus ferrumequinum,0.024,0.024,-1,Echolocation,/mnt/ubna_data_02_mir/recover-20220922/UBNA_001/20220921_090000.WAV,Telephone Field,recover-20220922,001,1795
1542.5495,1542.5574,28046,41195,Eptesicus serotinus,0.007,0.022,-1,Echolocation,/mnt/ubna_data_02_mir/recover-20220922/UBNA_001/20220921_090000.WAV,Telephone Field,recover-20220922,001,1795
1542.5855,1542.6253,68437,82136,Rhinolophus ferrumequinum,0.024,0.024,-1,Echolocation,/mnt/ubna_data_02_mir/recover-20220922/UBNA_001/20220921_090000.WAV,Telephone Field,recover-20220922,001,1795
1542.6295,1542.6397,26328,34321,Eptesicus serotinus,0.013,0.027,-1,Echolocation,/mnt/ubna_data_02_mir/recover-20220922/UBNA_001/20220921_090000.WAV,Telephone Field,recover-20220922,001,1795
1542.6305,1542.6722,68437,82563,Rhinolophus ferrumequinum,0.027,0.027,-1,Echolocation,/mnt/ubna_data_02_mir/recover-20220922/UBNA_001/20220921_090000.WAV,Telephone Field,recover-20220922,001,1795
1542.6595,1542.6986,68437,82273,Rhinolophus ferrumequinum,0.026,0.026,-1,Echolocation,/mnt/ubna_data_02_mir/recover-20220922/UBNA_001/20220921_090000.WAV,Telephone Field,recover-20220922,001,1795
1542.6955,1542.7339,68437,82389,Rhinolophus ferrumequinum,0.023,0.023,-1,Echolocation,/mnt/ubna_data_02_mir/recover-20220922/UBNA_001/20220921_090000.WAV,Telephone Field,recover-20220922,001,1795
1542.7305,1542.775,68437,83070,Rhinolophus ferrumequinum,0.03,0.03,-1,Echolocation,/mnt/ubna_data_02_mir/recover-20220922/UBNA_001/20220921_090000.WAV,Telephone Field,recover-20220922,001,1795
1542.7635,1542.8063,68437,83016,Rhinolophus ferrumequinum,0.024,0.024,-1,Echolocation,/mnt/ubna_data_02_mir/recover-20220922/UBNA_001/20220921_090000.WAV,Telephone Field,recover-20220922,001,1795
1542.7765,1542.7947,21171,24515,Nyctalus leisleri,0.025,0.047,-1,Echolocation,/mnt/ubna_data_02_mir/recover-20220922/UBNA_001/20220921_090000.WAV,Telephone Field,recover-20220922,001,1795
1542.7935,1542.8333,68437,82921,Rhinolophus ferrumequinum,0.03,0.03,-1,Echolocation,/mnt/ubna_data_02_mir/recover-20220922/UBNA_001/20220921_090000.WAV,Telephone Field,recover-20220922,001,1795
1542.8205,1542.8576,68437,81875,Rhinolophus ferrumequinum,0.023,0.023,-1,Echolocation,/mnt/ubna_data_02_mir/recover-20220922/UBNA_001/20220921_090000.WAV,Telephone Field,recover-20220922,001,1795
1542.8415,1542.8852,68437,83227,Rhinolophus ferrumequinum,0.042,0.042,-1,Echolocation,/mnt/ubna_data_02_mir/recover-20220922/UBNA_001/20220921_090000.WAV,Telephone Field,recover-20220922,001,1795
1542.8435,1542.8502,28906,41189,Eptesicus serotinus,0.007,0.026,-1,Echolocation,/mnt/ubna_data_02_mir/recover-20220922/UBNA_001/20220921_090000.WAV,Telephone Field,recover-20220922,001,1795
1542.8605,1542.8688,47812,55375,Pipistrellus pipistrellus,0.018,0.025,-1,Echolocation,/mnt/ubna_data_02_mir/recover-20220922/UBNA_001/20220921_090000.WAV,Telephone Field,recover-20220922,001,1795
1542.8625,1542.901,68437,82223,Rhinolophus ferrumequinum,0.025,0.025,-1,Echolocation,/mnt/ubna_data_02_mir/recover-20220922/UBNA_001/20220921_090000.WAV,Telephone Field,recover-20220922,001,1795
1542.9075,1542.9177,28046,36348,Eptesicus serotinus,0.012,0.027,-1,Echolocation,/mnt/ubna_data_02_mir/recover-20220922/UBNA_001/20220921_090000.WAV,Telephone Field,recover-20220922,001,1795
1542.9215,1542.9621,68437,82467,Rhinolophus ferrumequinum,0.028,0.028,-1,Echolocation,/mnt/ubna_data_02_mir/recover-20220922/UBNA_001/20220921_090000.WAV,Telephone Field,recover-20220922,001,1795
1542.9235,1542.9339,28906,35602,Eptesicus serotinus,0.012,0.024,-1,Echolocation,/mnt/ubna_data_02_mir/recover-20220922/UBNA_001/20220921_090000.WAV,Telephone Field,recover-20220922,001,1795
1542.9575,1542.9958,68437,81925,Rhinolophus ferrumequinum,0.027,0.027,-1,Echolocation,/mnt/ubna_data_02_mir/recover-20220922/UBNA_001/20220921_090000.WAV,Telephone Field,recover-20220922,001,1795
1542.9995,1543.0097,28906,36255,Eptesicus serotinus,0.011,0.024,-1,Echolocation,/mnt/ubna_data_02_mir/recover-20220922/UBNA_001/20220921_090000.WAV,Telephone Field,recover-20220922,001,1795
1543.0025,1543.0403,68437,81538,Rhinolophus ferrumequinum,0.022,0.022,-1,Echolocation,/mnt/ubna_data_02_mir/recover-20220922/UBNA_001/20220921_090000.WAV,Telephone Field,recover-20220922,001,1795
1543.0065,1543.0174,24609,31450,Nyctalus leisleri,0.009,0.025,-1,Echolocation,/mnt/ubna_data_02_mir/recover-20220922/UBNA_001/20220921_090000.WAV,Telephone Field,recover-20220922,001,1795
1543.0175,1543.0254,28046,39189,Eptesicus serotinus,0.008,0.023,-1,Echolocation,/mnt/ubna_data_02_mir/recover-20220922/UBNA_001/20220921_090000.WAV,Telephone Field,recover-20220922,001,1795
1543.0275,1543.0658,68437,82051,Rhinolophus ferrumequinum,0.024,0.024,-1,Echolocation,/mnt/ubna_data_02_mir/recover-20220922/UBNA_001/20220921_090000.WAV,Telephone Field,recover-20220922,001,1795
1543.0285,1543.0383,28906,37859,Eptesicus serotinus,0.01,0.024,-1,Echolocation,/mnt/ubna_data_02_mir/recover-20220922/UBNA_001/20220921_090000.WAV,Telephone Field,recover-20220922,001,1795
1543.0705,1543.1109,68437,82370,Rhinolophus ferrumequinum,0.023,0.023,-1,Echolocation,/mnt/ubna_data_02_mir/recover-20220922/UBNA_001/20220921_090000.WAV,Telephone Field,recover-20220922,001,1795
1543.1025,1543.1416,68437,82510,Rhinolophus ferrumequinum,0.028,0.028,-1,Echolocation,/mnt/ubna_data_02_mir/recover-20220922/UBNA_001/20220921_090000.WAV,Telephone Field,recover-20220922,001,1795
1543.1055,1543.1161,22890,28229,Nyctalus leisleri,0.011,0.024,-1,Echolocation,/mnt/ubna_data_02_mir/recover-20220922/UBNA_001/20220921_090000.WAV,Telephone Field,recover-20220922,001,1795
1543.1895,1543.2273,68437,82173,Rhinolophus ferrumequinum,0.037,0.037,-1,Echolocation,/mnt/ubna_data_02_mir/recover-20220922/UBNA_001/20220921_090000.WAV,Telephone Field,recover-20220922,001,1795
1543.1995,1543.208,28906,38724,Eptesicus serotinus,0.008,0.022,-1,Echolocation,/mnt/ubna_data_02_mir/recover-20220922/UBNA_001/20220921_090000.WAV,Telephone Field,recover-20220922,001,1795
1543.2235,1543.2598,68437,81159,Rhinolophus ferrumequinum,0.022,0.022,-1,Echolocation,/mnt/ubna_data_02_mir/recover-20220922/UBNA_001/20220921_090000.WAV,Telephone Field,recover-20220922,001,1795
1543.2305,1543.24,28906,35351,Eptesicus serotinus,0.017,0.035,-1,Echolocation,/mnt/ubna_data_02_mir/recover-20220922/UBNA_001/20220921_090000.WAV,Telephone Field,recover-20220922,001,1795
1543.2405,1543.2754,68437,81440,Rhinolophus ferrumequinum,0.021,0.022,-1,Echolocation,/mnt/ubna_data_02_mir/recover-20220922/UBNA_001/20220921_090000.WAV,Telephone Field,recover-20220922,001,1795
1543.2905,1543.3306,68437,82758,Rhinolophus ferrumequinum,0.026,0.026,-1,Echolocation,/mnt/ubna_data_02_mir/recover-20220922/UBNA_001/20220921_090000.WAV,Telephone Field,recover-20220922,001,1795
1543.3025,1543.313,26328,33738,Eptesicus serotinus,0.011,0.024,-1,Echolocation,/mnt/ubna_data_02_mir/recover-20220922/UBNA_001/20220921_090000.WAV,Telephone Field,recover-20220922,001,1795
1543.3165,1543.3579,68437,82988,Rhinolophus ferrumequinum,0.025,0.025,-1,Echolocation,/mnt/ubna_data_02_mir/recover-20220922/UBNA_001/20220921_090000.WAV,Telephone Field,recover-20220922,001,1795
1543.3315,1543.3673,68437,81191,Rhinolophus ferrumequinum,0.023,0.023,-1,Echolocation,/mnt/ubna_data_02_mir/recover-20220922/UBNA_001/20220921_090000.WAV,Telephone Field,recover-20220922,001,1795
1543.3775,1543.4165,68437,82402,Rhinolophus ferrumequinum,0.022,0.022,-1,Echolocation,/mnt/ubna_data_02_mir/recover-20220922/UBNA_001/20220921_090000.WAV,Telephone Field,recover-20220922,001,1795
1543.3845,1543.4252,68437,82892,Rhinolophus ferrumequinum,0.022,0.022,-1,Echolocation,/mnt/ubna_data_02_mir/recover-20220922/UBNA_001/20220921_090000.WAV,Telephone Field,recover-20220922,001,1795
1543.4355,1543.4454,22890,28419,Nyctalus leisleri,0.009,0.022,-1,Echolocation,/mnt/ubna_data_02_mir/recover-20220922/UBNA_001/20220921_090000.WAV,Telephone Field,recover-20220922,001,1795
1543.4575,1543.4957,68437,82500,Rhinolophus ferrumequinum,0.022,0.022,-1,Echolocation,/mnt/ubna_data_02_mir/recover-20220922/UBNA_001/20220921_090000.WAV,Telephone Field,recover-20220922,001,1795
1543.4825,1543.5237,68437,82810,Rhinolophus ferrumequinum,0.024,0.024,-1,Echolocation,/mnt/ubna_data_02_mir/recover-20220922/UBNA_001/20220921_090000.WAV,Telephone Field,recover-20220922,001,1795
1543.4955,1543.5367,68437,82796,Rhinolophus ferrumequinum,0.023,0.023,-1,Echolocation,/mnt/ubna_data_02_mir/recover-20220922/UBNA_001/20220921_090000.WAV,Telephone Field,recover-20220922,001,1795
1543.5035,1543.5456,68437,83032,Rhinolophus ferrumequinum,0.033,0.034,-1,Echolocation,/mnt/ubna_data_02_mir/recover-20220922/UBNA_001/20220921_090000.WAV,Telephone Field,recover-20220922,001,1795
1543.5285,1543.5376,46093,53646,Pipistrellus pipistrellus,0.021,0.024,-1,Echolocation,/mnt/ubna_data_02_mir/recover-20220922/UBNA_001/20220921_090000.WAV,Telephone Field,recover-20220922,001,1795
1543.5335,1543.5741,68437,82708,Rhinolophus ferrumequinum,0.025,0.025,-1,Echolocation,/mnt/ubna_data_02_mir/recover-20220922/UBNA_001/20220921_090000.WAV,Telephone Field,recover-20220922,001,1795
1543.5485,1543.5575,55546,61306,Pipistrellus pygmaeus,0.026,0.027,-1,Echolocation,/mnt/ubna_data_02_mir/recover-20220922/UBNA_001/20220921_090000.WAV,Telephone Field,recover-20220922,001,1795
1543.5605,1543.5988,68437,82093,Rhinolophus ferrumequinum,0.026,0.026,-1,Echolocation,/mnt/ubna_data_02_mir/recover-20220922/UBNA_001/20220921_090000.WAV,Telephone Field,recover-20220922,001,1795
1543.5805,1543.616,68437,80680,Rhinolophus ferrumequinum,0.03,0.03,-1,Echolocation,/mnt/ubna_data_02_mir/recover-20220922/UBNA_001/20220921_090000.WAV,Telephone Field,recover-20220922,001,1795
1543.5945,1543.6388,68437,84013,Rhinolophus ferrumequinum,0.044,0.044,-1,Echolocation,/mnt/ubna_data_02_mir/recover-20220922/UBNA_001/20220921_090000.WAV,Telephone Field,recover-20220922,001,1795
1543.5955,1543.6024,47812,55302,Pipistrellus pipistrellus,0.024,0.026,-1,Echolocation,/mnt/ubna_data_02_mir/recover-20220922/UBNA_001/20220921_090000.WAV,Telephone Field,recover-20220922,001,1795
1543.6105,1543.6207,28046,36362,Eptesicus serotinus,0.013,0.029,-1,Echolocation,/mnt/ubna_data_02_mir/recover-20220922/UBNA_001/20220921_090000.WAV,Telephone Field,recover-20220922,001,1795
1543.6445,1543.6837,68437,81437,Rhinolophus ferrumequinum,0.035,0.035,-1,Echolocation,/mnt/ubna_data_02_mir/recover-20220922/UBNA_001/20220921_090000.WAV,Telephone Field,recover-20220922,001,1795
1543.6735,1543.7139,68437,82016,Rhinolophus ferrumequinum,0.024,0.025,-1,Echolocation,/mnt/ubna_data_02_mir/recover-20220922/UBNA_001/20220921_090000.WAV,Telephone Field,recover-20220922,001,1795
1543.7125,1543.7499,68437,82274,Rhinolophus ferrumequinum,0.024,0.024,-1,Echolocation,/mnt/ubna_data_02_mir/recover-20220922/UBNA_001/20220921_090000.WAV,Telephone Field,recover-20220922,001,1795
1543.7165,1543.727,28906,36197,Eptesicus serotinus,0.01,0.024,-1,Echolocation,/mnt/ubna_data_02_mir/recover-20220922/UBNA_001/20220921_090000.WAV,Telephone Field,recover-20220922,001,1795
1543.7385,1543.7776,68437,82577,Rhinolophus ferrumequinum,0.025,0.025,-1,Echolocation,/mnt/ubna_data_02_mir/recover-20220922/UBNA_001/20220921_090000.WAV,Telephone Field,recover-20220922,001,1795
1543.7865,1543.8012,22890,27374,Nyctalus leisleri,0.019,0.032,-1,Echolocation,/mnt/ubna_data_02_mir/recover-20220922/UBNA_001/20220921_090000.WAV,Telephone Field,recover-20220922,001,1795
1543.7865,1543.8231,68437,81158,Rhinolophus ferrumequinum,0.029,0.029,-1,Echolocation,/mnt/ubna_data_02_mir/recover-20220922/UBNA_001/20220921_090000.WAV,Telephone Field,recover-20220922,001,1795
1543.8125,1543.8511,68437,82901,Rhinolophus ferrumequinum,0.029,0.029,-1,Echolocation,/mnt/ubna_data_02_mir/recover-20220922/UBNA_001/20220921_090000.WAV,Telephone Field,recover-20220922,001,1795
1543.8415,1543.8813,68437,82017,Rhinolophus ferrumequinum,0.022,0.022,-1,Echolocation,/mnt/ubna_data_02_mir/recover-20220922/UBNA_001/20220921_090000.WAV,Telephone Field,recover-20220922,001,1795
1543.9025,1543.9402,68437,82421,Rhinolophus ferrumequinum,0.027,0.027,-1,Echolocation,/mnt/ubna_data_02_mir/recover-20220922/UBNA_001/20220921_090000.WAV,Telephone Field,recover-20220922,001,1795
1543.9155,1543.9242,23750,30981,Plecotus austriacus,0.009,0.029,-1,Echolocation,/mnt/ubna_data_02_mir/recover-20220922/UBNA_001/20220921_090000.WAV,Telephone Field,recover-20220922,001,1795
1543.9275,1543.9612,68437,81131,Rhinolophus ferrumequinum,0.022,0.022,-1,Echolocation,/mnt/ubna_data_02_mir/recover-20220922/UBNA_001/20220921_090000.WAV,Telephone Field,recover-20220922,001,1795
1543.9395,1543.9746,68437,81188,Rhinolophus ferrumequinum,0.033,0.033,-1,Echolocation,/mnt/ubna_data_02_mir/recover-20220922/UBNA_001/20220921_090000.WAV,Telephone Field,recover-20220922,001,1795
1543.9795,1543.9868,24609,33508,Plecotus austriacus,0.007,0.022,-1,Echolocation,/mnt/ubna_data_02_mir/recover-20220922/UBNA_001/20220921_090000.WAV,Telephone Field,recover-20220922,001,1795
1544.0015,1544.0346,68437,80623,Rhinolophus ferrumequinum,0.046,0.046,-1,Echolocation,/mnt/ubna_data_02_mir/recover-20220922/UBNA_001/20220921_090000.WAV,Telephone Field,recover-20220922,001,1795
1544.0015,1544.0097,26328,35302,Nyctalus leisleri,0.009,0.029,-1,Echolocation,/mnt/ubna_data_02_mir/recover-20220922/UBNA_001/20220921_090000.WAV,Telephone Field,recover-20220922,001,1795
1544.0085,1544.0521,68437,82787,Rhinolophus ferrumequinum,0.031,0.031,-1,Echolocation,/mnt/ubna_data_02_mir/recover-20220922/UBNA_001/20220921_090000.WAV,Telephone Field,recover-20220922,001,1795
1544.0275,1544.0678,68437,82264,Rhinolophus ferrumequinum,0.022,0.022,-1,Echolocation,/mnt/ubna_data_02_mir/recover-20220922/UBNA_001/20220921_090000.WAV,Telephone Field,recover-20220922,001,1795
1544.0315,1544.0397,28906,37966,Eptesicus serotinus,0.008,0.023,-1,Echolocation,/mnt/ubna_data_02_mir/recover-20220922/UBNA_001/20220921_090000.WAV,Telephone Field,recover-20220922,001,1795
1544.0565,1544.0633,28046,38804,Eptesicus serotinus,0.007,0.025,-1,Echolocation,/mnt/ubna_data_02_mir/recover-20220922/UBNA_001/20220921_090000.WAV,Telephone Field,recover-20220922,001,1795
1544.0895,1544.1275,68437,82338,Rhinolophus ferrumequinum,0.024,0.024,-1,Echolocation,/mnt/ubna_data_02_mir/recover-20220922/UBNA_001/20220921_090000.WAV,Telephone Field,recover-20220922,001,1795
1544.1505,1544.1906,68437,82644,Rhinolophus ferrumequinum,0.023,0.023,-1,Echolocation,/mnt/ubna_data_02_mir/recover-20220922/UBNA_001/20220921_090000.WAV,Telephone Field,recover-20220922,001,1795
1544.1835,1544.1917,28906,37800,Eptesicus serotinus,0.007,0.021,-1,Echolocation,/mnt/ubna_data_02_mir/recover-20220922/UBNA_001/20220921_090000.WAV,Telephone Field,recover-20220922,001,1795
1544.1955,1544.2343,68437,82492,Rhinolophus ferrumequinum,0.024,0.024,-1,Echolocation,/mnt/ubna_data_02_mir/recover-20220922/UBNA_001/20220921_090000.WAV,Telephone Field,recover-20220922,001,1795
1544.2165,1544.2272,43515,50642,Pipistrellus pipistrellus,0.015,0.021,-1,Echolocation,/mnt/ubna_data_02_mir/recover-20220922/UBNA_001/20220921_090000.WAV,Telephone Field,recover-20220922,001,1795
1544.2215,1544.2275,31484,42529,Myotis daubentonii,0.014,0.037,-1,Echolocation,/mnt/ubna_data_02_mir/recover-20220922/UBNA_001/20220921_090000.WAV,Telephone Field,recover-20220922,001,1795
1544.2415,1544.2509,24609,31931,Eptesicus serotinus,0.007,0.021,-1,Echolocation,/mnt/ubna_data_02_mir/recover-20220922/UBNA_001/20220921_090000.WAV,Telephone Field,recover-20220922,001,1795
1544.2715,1544.3062,68437,81763,Rhinolophus ferrumequinum,0.022,0.022,-1,Echolocation,/mnt/ubna_data_02_mir/recover-20220922/UBNA_001/20220921_090000.WAV,Telephone Field,recover-20220922,001,1795
1544.2745,1544.2827,26328,35145,Eptesicus serotinus,0.012,0.028,-1,Echolocation,/mnt/ubna_data_02_mir/recover-20220922/UBNA_001/20220921_090000.WAV,Telephone Field,recover-20220922,001,1795
1544.2985,1544.3057,28906,37839,Eptesicus serotinus,0.01,0.027,-1,Echolocation,/mnt/ubna_data_02_mir/recover-20220922/UBNA_001/20220921_090000.WAV,Telephone Field,recover-20220922,001,1795
1544.3635,1544.3998,68437,81233,Rhinolophus ferrumequinum,0.023,0.024,-1,Echolocation,/mnt/ubna_data_02_mir/recover-20220922/UBNA_001/20220921_090000.WAV,Telephone Field,recover-20220922,001,1795
1544.3715,1544.4055,68437,80924,Rhinolophus ferrumequinum,0.021,0.021,-1,Echolocation,/mnt/ubna_data_02_mir/recover-20220922/UBNA_001/20220921_090000.WAV,Telephone Field,recover-20220922,001,1795
1544.3975,1544.4326,68437,81473,Rhinolophus ferrumequinum,0.021,0.021,-1,Echolocation,/mnt/ubna_data_02_mir/recover-20220922/UBNA_001/20220921_090000.WAV,Telephone Field,recover-20220922,001,1795
1544.4575,1544.4948,68437,81690,Rhinolophus ferrumequinum,0.022,0.022,-1,Echolocation,/mnt/ubna_data_02_mir/recover-20220922/UBNA_001/20220921_090000.WAV,Telephone Field,recover-20220922,001,1795
1544.4935,1544.5059,23750,28805,Nyctalus leisleri,0.011,0.025,-1,Echolocation,/mnt/ubna_data_02_mir/recover-20220922/UBNA_001/20220921_090000.WAV,Telephone Field,recover-20220922,001,1795
1544.5815,1544.5934,57265,62395,Pipistrellus pygmaeus,0.031,0.032,-1,Echolocation,/mnt/ubna_data_02_mir/recover-20220922/UBNA_001/20220921_090000.WAV,Telephone Field,recover-20220922,001,1795
1544.6045,1544.6423,68437,82196,Rhinolophus ferrumequinum,0.024,0.024,-1,Echolocation,/mnt/ubna_data_02_mir/recover-20220922/UBNA_001/20220921_090000.WAV,Telephone Field,recover-20220922,001,1795
1544.6085,1544.6216,22890,27326,Nyctalus leisleri,0.016,0.031,-1,Echolocation,/mnt/ubna_data_02_mir/recover-20220922/UBNA_001/20220921_090000.WAV,Telephone Field,recover-20220922,001,1795
1544.6565,1544.669,15156,20527,Nyctalus noctula,0.022,0.034,-1,Echolocation,/mnt/ubna_data_02_mir/recover-20220922/UBNA_001/20220921_090000.WAV,Telephone Field,recover-20220922,001,1795
1544.6685,1544.7077,68437,82320,Rhinolophus ferrumequinum,0.023,0.023,-1,Echolocation,/mnt/ubna_data_02_mir/recover-20220922/UBNA_001/20220921_090000.WAV,Telephone Field,recover-20220922,001,1795
1544.6775,1544.7183,68437,82757,Rhinolophus ferrumequinum,0.024,0.024,-1,Echolocation,/mnt/ubna_data_02_mir/recover-20220922/UBNA_001/20220921_090000.WAV,Telephone Field,recover-20220922,001,1795
1544.7115,1544.7213,22890,29275,Nyctalus leisleri,0.008,0.024,-1,Echolocation,/mnt/ubna_data_02_mir/recover-20220922/UBNA_001/20220921_090000.WAV,Telephone Field,recover-20220922,001,1795
1544.7355,1544.7735,68437,81536,Rhinolophus ferrumequinum,0.021,0.021,-1,Echolocation,/mnt/ubna_data_02_mir/recover-20220922/UBNA_001/20220921_090000.WAV,Telephone Field,recover-20220922,001,1795
1544.7405,1544.7789,68437,81516,Rhinolophus ferrumequinum,0.021,0.021,-1,Echolocation,/mnt/ubna_data_02_mir/recover-20220922/UBNA_001/20220921_090000.WAV,Telephone Field,recover-20220922,001,1795
1544.7635,1544.776,36640,41802,Pipistrellus nathusii,0.018,0.031,-1,Echolocation,/mnt/ubna_data_02_mir/recover-20220922/UBNA_001/20220921_090000.WAV,Telephone Field,recover-20220922,001,1795
1544.7645,1544.8058,68437,83466,Rhinolophus ferrumequinum,0.034,0.034,-1,Echolocation,/mnt/ubna_data_02_mir/recover-20220922/UBNA_001/20220921_090000.WAV,Telephone Field,recover-20220922,001,1795
1544.7855,1544.8241,68437,82074,Rhinolophus ferrumequinum,0.022,0.022,-1,Echolocation,/mnt/ubna_data_02_mir/recover-20220922/UBNA_001/20220921_090000.WAV,Telephone Field,recover-20220922,001,1795
1544.8155,1544.8547,68437,82360,Rhinolophus ferrumequinum,0.023,0.023,-1,Echolocation,/mnt/ubna_data_02_mir/recover-20220922/UBNA_001/20220921_090000.WAV,Telephone Field,recover-20220922,001,1795
1544.8165,1544.826,56406,62156,Pipistrellus pygmaeus,0.024,0.024,-1,Echolocation,/mnt/ubna_data_02_mir/recover-20220922/UBNA_001/20220921_090000.WAV,Telephone Field,recover-20220922,001,1795
1544.8965,1544.934,68437,81634,Rhinolophus ferrumequinum,0.024,0.024,-1,Echolocation,/mnt/ubna_data_02_mir/recover-20220922/UBNA_001/20220921_090000.WAV,Telephone Field,recover-20220922,001,1795
1544.9295,1544.9437,38359,42417,Pipistrellus nathusii,0.02,0.028,-1,Echolocation,/mnt/ubna_data_02_mir/recover-20220922/UBNA_001/20220921_090000.WAV,Telephone Field,recover-20220922,001,1795
1544.9565,1544.9673,15156,21434,Nyctalus noctula,0.012,0.023,-1,Echolocation,/mnt/ubna_data_02_mir/recover-20220922/UBNA_001/20220921_090000.WAV,Telephone Field,recover-20220922,001,1795
1545.0075,1545.0169,28046,39840,Eptesicus serotinus,0.009,0.022,-1,Echolocation,/mnt/ubna_data_02_mir/recover-20220922/UBNA_001/20220921_090000.WAV,Telephone Field,recover-20220922,001,1795
1545.0105,1545.0476,68437,81982,Rhinolophus ferrumequinum,0.024,0.024,-1,Echolocation,/mnt/ubna_data_02_mir/recover-20220922/UBNA_001/20220921_090000.WAV,Telephone Field,recover-20220922,001,1795
1545.0145,1545.023,28046,40569,Eptesicus serotinus,0.008,0.021,-1,Echolocation,/mnt/ubna_data_02_mir/recover-20220922/UBNA_001/20220921_090000.WAV,Telephone Field,recover-20220922,001,1795
1545.0415,1545.0816,68437,82321,Rhinolophus ferrumequinum,0.026,0.026,-1,Echolocation,/mnt/ubna_data_02_mir/recover-20220922/UBNA_001/20220921_090000.WAV,Telephone Field,recover-20220922,001,1795
1545.0865,1545.125,68437,82314,Rhinolophus ferrumequinum,0.023,0.023,-1,Echolocation,/mnt/ubna_data_02_mir/recover-20220922/UBNA_001/20220921_090000.WAV,Telephone Field,recover-20220922,001,1795
1545.0965,1545.1374,68437,82024,Rhinolophus ferrumequinum,0.022,0.022,-1,Echolocation,/mnt/ubna_data_02_mir/recover-20220922/UBNA_001/20220921_090000.WAV,Telephone Field,recover-20220922,001,1795
1545.1095,1545.1185,25468,33386,Eptesicus serotinus,0.008,0.022,-1,Echolocation,/mnt/ubna_data_02_mir/recover-20220922/UBNA_001/20220921_090000.WAV,Telephone Field,recover-20220922,001,1795
1545.1265,1545.1354,25468,33508,Eptesicus serotinus,0.009,0.023,-1,Echolocation,/mnt/ubna_data_02_mir/recover-20220922/UBNA_001/20220921_090000.WAV,Telephone Field,recover-20220922,001,1795
1545.1475,1545.1847,68437,81899,Rhinolophus ferrumequinum,0.022,0.022,-1,Echolocation,/mnt/ubna_data_02_mir/recover-20220922/UBNA_001/20220921_090000.WAV,Telephone Field,recover-20220922,001,1795
1545.1735,1545.1862,23750,29213,Nyctalus leisleri,0.012,0.027,-1,Echolocation,/mnt/ubna_data_02_mir/recover-20220922/UBNA_001/20220921_090000.WAV,Telephone Field,recover-20220922,001,1795
1545.2075,1545.2444,68437,81393,Rhinolophus ferrumequinum,0.023,0.023,-1,Echolocation,/mnt/ubna_data_02_mir/recover-20220922/UBNA_001/20220921_090000.WAV,Telephone Field,recover-20220922,001,1795
1545.2155,1545.2215,48671,56158,Pipistrellus pipistrellus,0.022,0.025,-1,Echolocation,/mnt/ubna_data_02_mir/recover-20220922/UBNA_001/20220921_090000.WAV,Telephone Field,recover-20220922,001,1795
1545.3075,1545.3421,68437,81682,Rhinolophus ferrumequinum,0.021,0.022,-1,Echolocation,/mnt/ubna_data_02_mir/recover-20220922/UBNA_001/20220921_090000.WAV,Telephone Field,recover-20220922,001,1795
1545.3465,1545.3548,26328,35200,Eptesicus serotinus,0.01,0.027,-1,Echolocation,/mnt/ubna_data_02_mir/recover-20220922/UBNA_001/20220921_090000.WAV,Telephone Field,recover-20220922,001,1795
1545.3745,1545.4144000000001,68437,82605,Rhinolophus ferrumequinum,0.025,0.025,-1,Echolocation,/mnt/ubna_data_02_mir/recover-20220922/UBNA_001/20220921_090000.WAV,Telephone Field,recover-20220922,001,1795
1545.3765,1545.3872,27187,35969,Eptesicus serotinus,0.019,0.031,-1,Echolocation,/mnt/ubna_data_02_mir/recover-20220922/UBNA_001/20220921_090000.WAV,Telephone Field,recover-20220922,001,1795
1545.3815,1545.3923,28046,37155,Eptesicus serotinus,0.018,0.031,-1,Echolocation,/mnt/ubna_data_02_mir/recover-20220922/UBNA_001/20220921_090000.WAV,Telephone Field,recover-20220922,001,1795
1545.3855,1545.4224,68437,81460,Rhinolophus ferrumequinum,0.021,0.021,-1,Echolocation,/mnt/ubna_data_02_mir/recover-20220922/UBNA_001/20220921_090000.WAV,Telephone Field,recover-20220922,001,1795
1545.4255,1545.4356,24609,31719,Eptesicus serotinus,0.009,0.021,-1,Echolocation,/mnt/ubna_data_02_mir/recover-20220922/UBNA_001/20220921_090000.WAV,Telephone Field,recover-20220922,001,1795
1545.4715,1545.4826,28046,35818,Eptesicus serotinus,0.012,0.026,-1,Echolocation,/mnt/ubna_data_02_mir/recover-20220922/UBNA_001/20220921_090000.WAV,Telephone Field,recover-20220922,001,1795
1545.4945,1545.5331,68437,81603,Rhinolophus ferrumequinum,0.021,0.021,-1,Echolocation,/mnt/ubna_data_02_mir/recover-20220922/UBNA_001/20220921_090000.WAV,Telephone Field,recover-20220922,001,1795
1545.5095,1545.5485,68437,81988,Rhinolophus ferrumequinum,0.021,0.021,-1,Echolocation,/mnt/ubna_data_02_mir/recover-20220922/UBNA_001/20220921_090000.WAV,Telephone Field,recover-20220922,001,1795
1545.5475,1545.5869,68437,82371,Rhinolophus ferrumequinum,0.024,0.024,-1,Echolocation,/mnt/ubna_data_02_mir/recover-20220922/UBNA_001/20220921_090000.WAV,Telephone Field,recover-20220922,001,1795
1545.5615,1545.5979,68437,81667,Rhinolophus ferrumequinum,0.024,0.024,-1,Echolocation,/mnt/ubna_data_02_mir/recover-20220922/UBNA_001/20220921_090000.WAV,Telephone Field,recover-20220922,001,1795
1545.6415,1545.6774,68437,81520,Rhinolophus ferrumequinum,0.021,0.021,-1,Echolocation,/mnt/ubna_data_02_mir/recover-20220922/UBNA_001/20220921_090000.WAV,Telephone Field,recover-20220922,001,1795
1545.7045,1545.7407,68437,81436,Rhinolophus ferrumequinum,0.024,0.024,-1,Echolocation,/mnt/ubna_data_02_mir/recover-20220922/UBNA_001/20220921_090000.WAV,Telephone Field,recover-20220922,001,1795
1545.7345,1545.7726,68437,81648,Rhinolophus ferrumequinum,0.021,0.022,-1,Echolocation,/mnt/ubna_data_02_mir/recover-20220922/UBNA_001/20220921_090000.WAV,Telephone Field,recover-20220922,001,1795
1545.7515,1545.7898,68437,81785,Rhinolophus ferrumequinum,0.022,0.022,-1,Echolocation,/mnt/ubna_data_02_mir/recover-20220922/UBNA_001/20220921_090000.WAV,Telephone Field,recover-20220922,001,1795
1545.7725,1545.8131,68437,82792,Rhinolophus ferrumequinum,0.031,0.032,-1,Echolocation,/mnt/ubna_data_02_mir/recover-20220922/UBNA_001/20220921_090000.WAV,Telephone Field,recover-20220922,001,1795
1545.7935,1545.835,68437,82931,Rhinolophus ferrumequinum,0.026,0.026,-1,Echolocation,/mnt/ubna_data_02_mir/recover-20220922/UBNA_001/20220921_090000.WAV,Telephone Field,recover-20220922,001,1795
1545.8715,1545.9135,68437,82850,Rhinolophus ferrumequinum,0.025,0.025,-1,Echolocation,/mnt/ubna_data_02_mir/recover-20220922/UBNA_001/20220921_090000.WAV,Telephone Field,recover-20220922,001,1795
1545.8785,1545.9194,68437,82940,Rhinolophus ferrumequinum,0.024,0.024,-1,Echolocation,/mnt/ubna_data_02_mir/recover-20220922/UBNA_001/20220921_090000.WAV,Telephone Field,recover-20220922,001,1795
1545.8875,1545.9286,68437,82919,Rhinolophus ferrumequinum,0.025,0.025,-1,Echolocation,/mnt/ubna_data_02_mir/recover-20220922/UBNA_001/20220921_090000.WAV,Telephone Field,recover-20220922,001,1795
1545.9185,1545.9556,68437,82294,Rhinolophus ferrumequinum,0.028,0.028,-1,Echolocation,/mnt/ubna_data_02_mir/recover-20220922/UBNA_001/20220921_090000.WAV,Telephone Field,recover-20220922,001,1795
1545.9475,1545.9827,68437,81573,Rhinolophus ferrumequinum,0.022,0.022,-1,Echolocation,/mnt/ubna_data_02_mir/recover-20220922/UBNA_001/20220921_090000.WAV,Telephone Field,recover-20220922,001,1795
1545.9575,1545.9928,68437,82151,Rhinolophus ferrumequinum,0.022,0.022,-1,Echolocation,/mnt/ubna_data_02_mir/recover-20220922/UBNA_001/20220921_090000.WAV,Telephone Field,recover-20220922,001,1795
1545.9675,1545.9782,22890,28115,Nyctalus leisleri,0.01,0.022,-1,Echolocation,/mnt/ubna_data_02_mir/recover-20220922/UBNA_001/20220921_090000.WAV,Telephone Field,recover-20220922,001,1795
1545.9765,1545.9874,23750,29566,Nyctalus leisleri,0.009,0.023,-1,Echolocation,/mnt/ubna_data_02_mir/recover-20220922/UBNA_001/20220921_090000.WAV,Telephone Field,recover-20220922,001,1795
1546.0015,1546.0108,26328,37313,Eptesicus serotinus,0.008,0.027,-1,Echolocation,/mnt/ubna_data_02_mir/recover-20220922/UBNA_001/20220921_090000.WAV,Telephone Field,recover-20220922,001,1795
1546.0015,1546.0344,68437,80554,Rhinolophus ferrumequinum,0.03,0.03,-1,Echolocation,/mnt/ubna_data_02_mir/recover-20220922/UBNA_001/20220921_090000.WAV,Telephone Field,recover-20220922,001,1795
1546.0065,1546.0484,68437,81893,Rhinolophus ferrumequinum,0.021,0.021,-1,Echolocation,/mnt/ubna_data_02_mir/recover-20220922/UBNA_001/20220921_090000.WAV,Telephone Field,recover-20220922,001,1795
1546.0075,1546.0158,26328,39014,Eptesicus serotinus,0.008,0.024,-1,Echolocation,/mnt/ubna_data_02_mir/recover-20220922/UBNA_001/20220921_090000.WAV,Telephone Field,recover-20220922,001,1795
1546.0105,1546.0208,37500,43445,Myotis daubentonii,0.006,0.023,-1,Echolocation,/mnt/ubna_data_02_mir/recover-20220922/UBNA_001/20220921_090000.WAV,Telephone Field,recover-20220922,001,1795
1546.0125,1546.0537,68437,82510,Rhinolophus ferrumequinum,0.022,0.022,-1,Echolocation,/mnt/ubna_data_02_mir/recover-20220922/UBNA_001/20220921_090000.WAV,Telephone Field,recover-20220922,001,1795
1546.0975,1546.1059,23750,31512,Plecotus austriacus,0.007,0.021,-1,Echolocation,/mnt/ubna_data_02_mir/recover-20220922/UBNA_001/20220921_090000.WAV,Telephone Field,recover-20220922,001,1795
1546.0995,1546.1363,68437,81872,Rhinolophus ferrumequinum,0.02,0.02,-1,Echolocation,/mnt/ubna_data_02_mir/recover-20220922/UBNA_001/20220921_090000.WAV,Telephone Field,recover-20220922,001,1795
1546.1185,1546.1584,68437,82029,Rhinolophus ferrumequinum,0.023,0.023,-1,Echolocation,/mnt/ubna_data_02_mir/recover-20220922/UBNA_001/20220921_090000.WAV,Telephone Field,recover-20220922,001,1795
1546.1195,1546.1295,23750,29414,Nyctalus leisleri,0.009,0.022,-1,Echolocation,/mnt/ubna_data_02_mir/recover-20220922/UBNA_001/20220921_090000.WAV,Telephone Field,recover-20220922,001,1795
1546.1285,1546.1684,68437,81462,Rhinolophus ferrumequinum,0.022,0.022,-1,Echolocation,/mnt/ubna_data_02_mir/recover-20220922/UBNA_001/20220921_090000.WAV,Telephone Field,recover-20220922,001,1795
1546.1355,1546.1739,68437,81776,Rhinolophus ferrumequinum,0.021,0.021,-1,Echolocation,/mnt/ubna_data_02_mir/recover-20220922/UBNA_001/20220921_090000.WAV,Telephone Field,recover-20220922,001,1795
1546.1525,1546.1639,27187,33399,Eptesicus serotinus,0.011,0.023,-1,Echolocation,/mnt/ubna_data_02_mir/recover-20220922/UBNA_001/20220921_090000.WAV,Telephone Field,recover-20220922,001,1795
1546.1845,1546.2219,68437,81195,Rhinolophus ferrumequinum,0.023,0.023,-1,Echolocation,/mnt/ubna_data_02_mir/recover-20220922/UBNA_001/20220921_090000.WAV,Telephone Field,recover-20220922,001,1795
1546.1865,1546.1967,22031,27625,Nyctalus leisleri,0.008,0.021,-1,Echolocation,/mnt/ubna_data_02_mir/recover-20220922/UBNA_001/20220921_090000.WAV,Telephone Field,recover-20220922,001,1795
1546.2235,1546.2671,68437,82843,Rhinolophus ferrumequinum,0.021,0.021,-1,Echolocation,/mnt/ubna_data_02_mir/recover-20220922/UBNA_001/20220921_090000.WAV,Telephone Field,recover-20220922,001,1795
1546.2365,1546.2769,68437,82192,Rhinolophus ferrumequinum,0.02,0.02,-1,Echolocation,/mnt/ubna_data_02_mir/recover-20220922/UBNA_001/20220921_090000.WAV,Telephone Field,recover-20220922,001,1795
1546.2365,1546.2438,48671,52906,Pipistrellus pipistrellus,0.02,0.021,-1,Echolocation,/mnt/ubna_data_02_mir/recover-20220922/UBNA_001/20220921_090000.WAV,Telephone Field,recover-20220922,001,1795
1546.2795,1546.3158,68437,81799,Rhinolophus ferrumequinum,0.02,0.02,-1,Echolocation,/mnt/ubna_data_02_mir/recover-20220922/UBNA_001/20220921_090000.WAV,Telephone Field,recover-20220922,001,1795
1546.2875,1546.2974,28046,36149,Eptesicus serotinus,0.01,0.025,-1,Echolocation,/mnt/ubna_data_02_mir/recover-20220922/UBNA_001/20220921_090000.WAV,Telephone Field,recover-20220922,001,1795
1546.3235,1546.3309,27187,38046,Eptesicus serotinus,0.006,0.022,-1,Echolocation,/mnt/ubna_data_02_mir/recover-20220922/UBNA_001/20220921_090000.WAV,Telephone Field,recover-20220922,001,1795
1546.3465,1546.3556,26328,35209,Eptesicus serotinus,0.009,0.024,-1,Echolocation,/mnt/ubna_data_02_mir/recover-20220922/UBNA_001/20220921_090000.WAV,Telephone Field,recover-20220922,001,1795
1546.3655,1546.4078,68437,82967,Rhinolophus ferrumequinum,0.025,0.025,-1,Echolocation,/mnt/ubna_data_02_mir/recover-20220922/UBNA_001/20220921_090000.WAV,Telephone Field,recover-20220922,001,1795
1546.3865,1546.4268,68437,82013,Rhinolophus ferrumequinum,0.022,0.022,-1,Echolocation,/mnt/ubna_data_02_mir/recover-20220922/UBNA_001/20220921_090000.WAV,Telephone Field,recover-20220922,001,1795
1546.4525,1546.462,23750,31799,Plecotus austriacus,0.006,0.024,-1,Echolocation,/mnt/ubna_data_02_mir/recover-20220922/UBNA_001/20220921_090000.WAV,Telephone Field,recover-20220922,001,1795
1546.4675,1546.5064,68437,82161,Rhinolophus ferrumequinum,0.021,0.021,-1,Echolocation,/mnt/ubna_data_02_mir/recover-20220922/UBNA_001/20220921_090000.WAV,Telephone Field,recover-20220922,001,1795
1546.4785,1546.487,28906,37394,Eptesicus serotinus,0.008,0.021,-1,Echolocation,/mnt/ubna_data_02_mir/recover-20220922/UBNA_001/20220921_090000.WAV,Telephone Field,recover-20220922,001,1795
1546.5215,1546.5325,22031,26996,Nyctalus leisleri,0.01,0.021,-1,Echolocation,/mnt/ubna_data_02_mir/recover-20220922/UBNA_001/20220921_090000.WAV,Telephone Field,recover-20220922,001,1795
1546.5225,1546.5306,28906,39319,Eptesicus serotinus,0.006,0.021,-1,Echolocation,/mnt/ubna_data_02_mir/recover-20220922/UBNA_001/20220921_090000.WAV,Telephone Field,recover-20220922,001,1795
1546.5235,1546.5641,68437,82522,Rhinolophus ferrumequinum,0.024,0.024,-1,Echolocation,/mnt/ubna_data_02_mir/recover-20220922/UBNA_001/20220921_090000.WAV,Telephone Field,recover-20220922,001,1795
1546.5615,1546.6015,68437,81945,Rhinolophus ferrumequinum,0.02,0.02,-1,Echolocation,/mnt/ubna_data_02_mir/recover-20220922/UBNA_001/20220921_090000.WAV,Telephone Field,recover-20220922,001,1795
1546.5925,1546.6059,23750,28296,Nyctalus leisleri,0.013,0.026,-1,Echolocation,/mnt/ubna_data_02_mir/recover-20220922/UBNA_001/20220921_090000.WAV,Telephone Field,recover-20220922,001,1795
1546.6475,1546.685,68437,81497,Rhinolophus ferrumequinum,0.021,0.021,-1,Echolocation,/mnt/ubna_data_02_mir/recover-20220922/UBNA_001/20220921_090000.WAV,Telephone Field,recover-20220922,001,1795
1546.6715,1546.6786,28906,39280,Eptesicus serotinus,0.007,0.025,-1,Echolocation,/mnt/ubna_data_02_mir/recover-20220922/UBNA_001/20220921_090000.WAV,Telephone Field,recover-20220922,001,1795
1546.7155,1546.7259,28906,35843,Eptesicus serotinus,0.008,0.021,-1,Echolocation,/mnt/ubna_data_02_mir/recover-20220922/UBNA_001/20220921_090000.WAV,Telephone Field,recover-20220922,001,1795
1546.7555,1546.7954,68437,82290,Rhinolophus ferrumequinum,0.022,0.022,-1,Echolocation,/mnt/ubna_data_02_mir/recover-20220922/UBNA_001/20220921_090000.WAV,Telephone Field,recover-20220922,001,1795
1546.7715,1546.8107,68437,82248,Rhinolophus ferrumequinum,0.025,0.025,-1,Echolocation,/mnt/ubna_data_02_mir/recover-20220922/UBNA_001/20220921_090000.WAV,Telephone Field,recover-20220922,001,1795
1546.8025,1546.8104,26328,35539,Eptesicus serotinus,0.007,0.022,-1,Echolocation,/mnt/ubna_data_02_mir/recover-20220922/UBNA_001/20220921_090000.WAV,Telephone Field,recover-20220922,001,1795
1546.8255,1546.8411,21171,24575,Nyctalus leisleri,0.014,0.024,-1,Echolocation,/mnt/ubna_data_02_mir/recover-20220922/UBNA_001/20220921_090000.WAV,Telephone Field,recover-20220922,001,1795
1546.9045,1546.9125,23750,32432,Plecotus austriacus,0.011,0.034,-1,Echolocation,/mnt/ubna_data_02_mir/recover-20220922/UBNA_001/20220921_090000.WAV,Telephone Field,recover-20220922,001,1795
1546.9565,1546.9643,51250,56699,Pipistrellus pipistrellus,0.021,0.025,-1,Echolocation,/mnt/ubna_data_02_mir/recover-20220922/UBNA_001/20220921_090000.WAV,Telephone Field,recover-20220922,001,1795
1546.9575,1546.9992,68437,83271,Rhinolophus ferrumequinum,0.026,0.026,-1,Echolocation,/mnt/ubna_data_02_mir/recover-20220922/UBNA_001/20220921_090000.WAV,Telephone Field,recover-20220922,001,1795
1547.0025,1547.0413,68437,82829,Rhinolophus ferrumequinum,0.022,0.022,-1,Echolocation,/mnt/ubna_data_02_mir/recover-20220922/UBNA_001/20220921_090000.WAV,Telephone Field,recover-20220922,001,1795
1547.0125,1547.0515,68437,82108,Rhinolophus ferrumequinum,0.022,0.022,-1,Echolocation,/mnt/ubna_data_02_mir/recover-20220922/UBNA_001/20220921_090000.WAV,Telephone Field,recover-20220922,001,1795
1547.0365,1547.0476,23750,28145,Nyctalus leisleri,0.013,0.025,-1,Echolocation,/mnt/ubna_data_02_mir/recover-20220922/UBNA_001/20220921_090000.WAV,Telephone Field,recover-20220922,001,1795
1547.0435,1547.0796,68437,81583,Rhinolophus ferrumequinum,0.02,0.02,-1,Echolocation,/mnt/ubna_data_02_mir/recover-20220922/UBNA_001/20220921_090000.WAV,Telephone Field,recover-20220922,001,1795
1547.0665,1547.101,68437,81537,Rhinolophus ferrumequinum,0.021,0.021,-1,Echolocation,/mnt/ubna_data_02_mir/recover-20220922/UBNA_001/20220921_090000.WAV,Telephone Field,recover-20220922,001,1795
1547.1015,1547.1399,68437,82172,Rhinolophus ferrumequinum,0.021,0.021,-1,Echolocation,/mnt/ubna_data_02_mir/recover-20220922/UBNA_001/20220921_090000.WAV,Telephone Field,recover-20220922,001,1795
1547.1205,1547.1276,28906,40137,Eptesicus serotinus,0.008,0.027,-1,Echolocation,/mnt/ubna_data_02_mir/recover-20220922/UBNA_001/20220921_090000.WAV,Telephone Field,recover-20220922,001,1795
1547.1275,1547.1657,68437,81746,Rhinolophus ferrumequinum,0.021,0.021,-1,Echolocation,/mnt/ubna_data_02_mir/recover-20220922/UBNA_001/20220921_090000.WAV,Telephone Field,recover-20220922,001,1795
1547.1525,1547.1598,23750,32541,Plecotus austriacus,0.011,0.024,-1,Echolocation,/mnt/ubna_data_02_mir/recover-20220922/UBNA_001/20220921_090000.WAV,Telephone Field,recover-20220922,001,1795
1547.1545,1547.1624,28906,40178,Eptesicus serotinus,0.008,0.025,-1,Echolocation,/mnt/ubna_data_02_mir/recover-20220922/UBNA_001/20220921_090000.WAV,Telephone Field,recover-20220922,001,1795
1547.1775,1547.2164,68437,81346,Rhinolophus ferrumequinum,0.021,0.021,-1,Echolocation,/mnt/ubna_data_02_mir/recover-20220922/UBNA_001/20220921_090000.WAV,Telephone Field,recover-20220922,001,1795
1547.1935,1547.2035,26328,33952,Eptesicus serotinus,0.012,0.025,-1,Echolocation,/mnt/ubna_data_02_mir/recover-20220922/UBNA_001/20220921_090000.WAV,Telephone Field,recover-20220922,001,1795
1547.2105,1547.2489,68437,81306,Rhinolophus ferrumequinum,0.022,0.022,-1,Echolocation,/mnt/ubna_data_02_mir/recover-20220922/UBNA_001/20220921_090000.WAV,Telephone Field,recover-20220922,001,1795
1547.2685,1547.3074,68437,82257,Rhinolophus ferrumequinum,0.022,0.022,-1,Echolocation,/mnt/ubna_data_02_mir/recover-20220922/UBNA_001/20220921_090000.WAV,Telephone Field,recover-20220922,001,1795
1547.2985,1547.3353,68437,81632,Rhinolophus ferrumequinum,0.022,0.022,-1,Echolocation,/mnt/ubna_data_02_mir/recover-20220922/UBNA_001/20220921_090000.WAV,Telephone Field,recover-20220922,001,1795
1547.3645,1547.3758,23750,28772,Nyctalus leisleri,0.009,0.02,-1,Echolocation,/mnt/ubna_data_02_mir/recover-20220922/UBNA_001/20220921_090000.WAV,Telephone Field,recover-20220922,001,1795
1547.3695,1547.4105,68437,82166,Rhinolophus ferrumequinum,0.022,0.022,-1,Echolocation,/mnt/ubna_data_02_mir/recover-20220922/UBNA_001/20220921_090000.WAV,Telephone Field,recover-20220922,001,1795
1547.3985,1547.4406,68437,83238,Rhinolophus ferrumequinum,0.028,0.028,-1,Echolocation,/mnt/ubna_data_02_mir/recover-20220922/UBNA_001/20220921_090000.WAV,Telephone Field,recover-20220922,001,1795
1547.3985,1547.4183,21171,24301,Nyctalus leisleri,0.017,0.03,-1,Echolocation,/mnt/ubna_data_02_mir/recover-20220922/UBNA_001/20220921_090000.WAV,Telephone Field,recover-20220922,001,1795
1547.4335,1547.441,24609,33820,Plecotus austriacus,0.007,0.021,-1,Echolocation,/mnt/ubna_data_02_mir/recover-20220922/UBNA_001/20220921_090000.WAV,Telephone Field,recover-20220922,001,1795
1547.4715,1547.5099,68437,82183,Rhinolophus ferrumequinum,0.021,0.021,-1,Echolocation,/mnt/ubna_data_02_mir/recover-20220922/UBNA_001/20220921_090000.WAV,Telephone Field,recover-20220922,001,1795
1547.4755,1547.4912,22031,25680,Nyctalus leisleri,0.02,0.03,-1,Echolocation,/mnt/ubna_data_02_mir/recover-20220922/UBNA_001/20220921_090000.WAV,Telephone Field,recover-20220922,001,1795
1547.4995,1547.51,22890,27998,Nyctalus leisleri,0.009,0.02,-1,Echolocation,/mnt/ubna_data_02_mir/recover-20220922/UBNA_001/20220921_090000.WAV,Telephone Field,recover-20220922,001,1795
1547.5025,1547.545,68437,83007,Rhinolophus ferrumequinum,0.022,0.022,-1,Echolocation,/mnt/ubna_data_02_mir/recover-20220922/UBNA_001/20220921_090000.WAV,Telephone Field,recover-20220922,001,1795
1547.5345,1547.5709,68437,81576,Rhinolophus ferrumequinum,0.02,0.021,-1,Echolocation,/mnt/ubna_data_02_mir/recover-20220922/UBNA_001/20220921_090000.WAV,Telephone Field,recover-20220922,001,1795
1547.5755,1547.6118,68437,81681,Rhinolophus ferrumequinum,0.021,0.021,-1,Echolocation,/mnt/ubna_data_02_mir/recover-20220922/UBNA_001/20220921_090000.WAV,Telephone Field,recover-20220922,001,1795
1547.6185,1547.6602,68437,82488,Rhinolophus ferrumequinum,0.025,0.025,-1,Echolocation,/mnt/ubna_data_02_mir/recover-20220922/UBNA_001/20220921_090000.WAV,Telephone Field,recover-20220922,001,1795
1547.6525,1547.6734,20312,23442,Nyctalus leisleri,0.012,0.02,-1,Echolocation,/mnt/ubna_data_02_mir/recover-20220922/UBNA_001/20220921_090000.WAV,Telephone Field,recover-20220922,001,1795
1547.6605,1547.6981,68437,82040,Rhinolophus ferrumequinum,0.021,0.021,-1,Echolocation,/mnt/ubna_data_02_mir/recover-20220922/UBNA_001/20220921_090000.WAV,Telephone Field,recover-20220922,001,1795
1547.6695,1547.7091,68437,82333,Rhinolophus ferrumequinum,0.021,0.021,-1,Echolocation,/mnt/ubna_data_02_mir/recover-20220922/UBNA_001/20220921_090000.WAV,Telephone Field,recover-20220922,001,1795
1547.7165,1547.7249,28046,37709,Eptesicus serotinus,0.008,0.023,-1,Echolocation,/mnt/ubna_data_02_mir/recover-20220922/UBNA_001/20220921_090000.WAV,Telephone Field,recover-20220922,001,1795
1547.7655,1547.7742,44375,49058,Pipistrellus pipistrellus,0.023,0.024,-1,Echolocation,/mnt/ubna_data_02_mir/recover-20220922/UBNA_001/20220921_090000.WAV,Telephone Field,recover-20220922,001,1795
1547.7915,1547.8006,29765,38518,Eptesicus serotinus,0.008,0.025,-1,Echolocation,/mnt/ubna_data_02_mir/recover-20220922/UBNA_001/20220921_090000.WAV,Telephone Field,recover-20220922,001,1795
1547.8125,1547.8221,23750,29795,Nyctalus leisleri,0.009,0.023,-1,Echolocation,/mnt/ubna_data_02_mir/recover-20220922/UBNA_001/20220921_090000.WAV,Telephone Field,recover-20220922,001,1795
1547.8615,1547.8682,28906,39833,Eptesicus serotinus,0.006,0.023,-1,Echolocation,/mnt/ubna_data_02_mir/recover-20220922/UBNA_001/20220921_090000.WAV,Telephone Field,recover-20220922,001,1795
1547.8655,1547.9083,68437,82801,Rhinolophus ferrumequinum,0.024,0.024,-1,Echolocation,/mnt/ubna_data_02_mir/recover-20220922/UBNA_001/20220921_090000.WAV,Telephone Field,recover-20220922,001,1795
1547.8785,1547.8859,45234,50028,Pipistrellus pipistrellus,0.02,0.021,-1,Echolocation,/mnt/ubna_data_02_mir/recover-20220922/UBNA_001/20220921_090000.WAV,Telephone Field,recover-20220922,001,1795
1547.8815,1547.9217,68437,82806,Rhinolophus ferrumequinum,0.023,0.023,-1,Echolocation,/mnt/ubna_data_02_mir/recover-20220922/UBNA_001/20220921_090000.WAV,Telephone Field,recover-20220922,001,1795
1547.8985,1547.906,28046,41057,Eptesicus serotinus,0.006,0.021,-1,Echolocation,/mnt/ubna_data_02_mir/recover-20220922/UBNA_001/20220921_090000.WAV,Telephone Field,recover-20220922,001,1795
1547.9075,1547.9506,68437,83072,Rhinolophus ferrumequinum,0.024,0.024,-1,Echolocation,/mnt/ubna_data_02_mir/recover-20220922/UBNA_001/20220921_090000.WAV,Telephone Field,recover-20220922,001,1795
1547.9475,1547.9846,68437,81399,Rhinolophus ferrumequinum,0.02,0.02,-1,Echolocation,/mnt/ubna_data_02_mir/recover-20220922/UBNA_001/20220921_090000.WAV,Telephone Field,recover-20220922,001,1795
1547.9715,1547.9788,25468,35174,Plecotus austriacus,0.011,0.033,-1,Echolocation,/mnt/ubna_data_02_mir/recover-20220922/UBNA_001/20220921_090000.WAV,Telephone Field,recover-20220922,001,1795
1547.9845,1547.995,28906,36928,Eptesicus serotinus,0.011,0.025,-1,Echolocation,/mnt/ubna_data_02_mir/recover-20220922/UBNA_001/20220921_090000.WAV,Telephone Field,recover-20220922,001,1795
1548.0015,1548.0338,68437,79565,Rhinolophus ferrumequinum,0.033,0.033,-1,Echolocation,/mnt/ubna_data_02_mir/recover-20220922/UBNA_001/20220921_090000.WAV,Telephone Field,recover-20220922,001,1795
1548.0015,1548.0108,27187,38174,Nyctalus leisleri,0.007,0.027,-1,Echolocation,/mnt/ubna_data_02_mir/recover-20220922/UBNA_001/20220921_090000.WAV,Telephone Field,recover-20220922,001,1795
1548.0025,1548.016,56406,63987,Pipistrellus pygmaeus,0.034,0.035,-1,Echolocation,/mnt/ubna_data_02_mir/recover-20220922/UBNA_001/20220921_090000.WAV,Telephone Field,recover-20220922,001,1795
1548.0235,1548.0327,28906,38881,Eptesicus serotinus,0.009,0.023,-1,Echolocation,/mnt/ubna_data_02_mir/recover-20220922/UBNA_001/20220921_090000.WAV,Telephone Field,recover-20220922,001,1795
1548.0415,1548.0822,68437,82370,Rhinolophus ferrumequinum,0.027,0.027,-1,Echolocation,/mnt/ubna_data_02_mir/recover-20220922/UBNA_001/20220921_090000.WAV,Telephone Field,recover-20220922,001,1795
1548.0465,1548.056,25468,33559,Eptesicus serotinus,0.008,0.022,-1,Echolocation,/mnt/ubna_data_02_mir/recover-20220922/UBNA_001/20220921_090000.WAV,Telephone Field,recover-20220922,001,1795
1548.0695,1548.1102,68437,81992,Rhinolophus ferrumequinum,0.02,0.021,-1,Echolocation,/mnt/ubna_data_02_mir/recover-20220922/UBNA_001/20220921_090000.WAV,Telephone Field,recover-20220922,001,1795
1548.0735,1548.0844,22890,27392,Nyctalus leisleri,0.011,0.021,-1,Echolocation,/mnt/ubna_data_02_mir/recover-20220922/UBNA_001/20220921_090000.WAV,Telephone Field,recover-20220922,001,1795
1548.1155,1548.1226,28046,37710,Eptesicus serotinus,0.035,0.075,-1,Echolocation,/mnt/ubna_data_02_mir/recover-20220922/UBNA_001/20220921_090000.WAV,Telephone Field,recover-20220922,001,1795
1548.1215,1548.1606,68437,82520,Rhinolophus ferrumequinum,0.026,0.027,-1,Echolocation,/mnt/ubna_data_02_mir/recover-20220922/UBNA_001/20220921_090000.WAV,Telephone Field,recover-20220922,001,1795
1548.1675,1548.2009,68437,80356,Rhinolophus ferrumequinum,0.023,0.023,-1,Echolocation,/mnt/ubna_data_02_mir/recover-20220922/UBNA_001/20220921_090000.WAV,Telephone Field,recover-20220922,001,1795
1548.2415,1548.2516,23750,29711,Nyctalus leisleri,0.008,0.021,-1,Echolocation,/mnt/ubna_data_02_mir/recover-20220922/UBNA_001/20220921_090000.WAV,Telephone Field,recover-20220922,001,1795
1548.2605,1548.3009,68437,82282,Rhinolophus ferrumequinum,0.021,0.021,-1,Echolocation,/mnt/ubna_data_02_mir/recover-20220922/UBNA_001/20220921_090000.WAV,Telephone Field,recover-20220922,001,1795
1548.2905,1548.333,68437,83398,Rhinolophus ferrumequinum,0.026,0.026,-1,Echolocation,/mnt/ubna_data_02_mir/recover-20220922/UBNA_001/20220921_090000.WAV,Telephone Field,recover-20220922,001,1795
1548.2955,1548.305,25468,33387,Eptesicus serotinus,0.009,0.023,-1,Echolocation,/mnt/ubna_data_02_mir/recover-20220922/UBNA_001/20220921_090000.WAV,Telephone Field,recover-20220922,001,1795
1548.3005,1548.3437,68437,82753,Rhinolophus ferrumequinum,0.023,0.023,-1,Echolocation,/mnt/ubna_data_02_mir/recover-20220922/UBNA_001/20220921_090000.WAV,Telephone Field,recover-20220922,001,1795
1548.3315,1548.3404,27187,38530,Eptesicus serotinus,0.008,0.021,-1,Echolocation,/mnt/ubna_data_02_mir/recover-20220922/UBNA_001/20220921_090000.WAV,Telephone Field,recover-20220922,001,1795
1548.3385,1548.3463,27187,37461,Eptesicus serotinus,0.008,0.021,-1,Echolocation,/mnt/ubna_data_02_mir/recover-20220922/UBNA_001/20220921_090000.WAV,Telephone Field,recover-20220922,001,1795
1548.3485,1548.3855,68437,82473,Rhinolophus ferrumequinum,0.02,0.02,-1,Echolocation,/mnt/ubna_data_02_mir/recover-20220922/UBNA_001/20220921_090000.WAV,Telephone Field,recover-20220922,001,1795
1548.3825,1548.3941,39218,44110,Pipistrellus nathusii,0.013,0.028,-1,Echolocation,/mnt/ubna_data_02_mir/recover-20220922/UBNA_001/20220921_090000.WAV,Telephone Field,recover-20220922,001,1795
1548.4075,1548.4478,68437,82104,Rhinolophus ferrumequinum,0.026,0.026,-1,Echolocation,/mnt/ubna_data_02_mir/recover-20220922/UBNA_001/20220921_090000.WAV,Telephone Field,recover-20220922,001,1795
1548.4135,1548.4245,28906,36180,Eptesicus serotinus,0.013,0.028,-1,Echolocation,/mnt/ubna_data_02_mir/recover-20220922/UBNA_001/20220921_090000.WAV,Telephone Field,recover-20220922,001,1795
1548.4155,1548.4553,68437,82119,Rhinolophus ferrumequinum,0.025,0.025,-1,Echolocation,/mnt/ubna_data_02_mir/recover-20220922/UBNA_001/20220921_090000.WAV,Telephone Field,recover-20220922,001,1795
1548.4455,1548.4566,23750,29192,Nyctalus leisleri,0.009,0.021,-1,Echolocation,/mnt/ubna_data_02_mir/recover-20220922/UBNA_001/20220921_090000.WAV,Telephone Field,recover-20220922,001,1795
1548.4725,1548.5143,68437,82777,Rhinolophus ferrumequinum,0.028,0.028,-1,Echolocation,/mnt/ubna_data_02_mir/recover-20220922/UBNA_001/20220921_090000.WAV,Telephone Field,recover-20220922,001,1795
1548.5155,1548.5224,28046,39853,Eptesicus serotinus,0.008,0.024,-1,Echolocation,/mnt/ubna_data_02_mir/recover-20220922/UBNA_001/20220921_090000.WAV,Telephone Field,recover-20220922,001,1795
1548.5165,1548.5546,68437,81089,Rhinolophus ferrumequinum,0.021,0.021,-1,Echolocation,/mnt/ubna_data_02_mir/recover-20220922/UBNA_001/20220921_090000.WAV,Telephone Field,recover-20220922,001,1795
1548.5585,1548.5984,68437,82273,Rhinolophus ferrumequinum,0.022,0.022,-1,Echolocation,/mnt/ubna_data_02_mir/recover-20220922/UBNA_001/20220921_090000.WAV,Telephone Field,recover-20220922,001,1795
1548.5995,1548.6415,68437,83047,Rhinolophus ferrumequinum,0.025,0.025,-1,Echolocation,/mnt/ubna_data_02_mir/recover-20220922/UBNA_001/20220921_090000.WAV,Telephone Field,recover-20220922,001,1795
1548.6295,1548.6687,68437,82648,Rhinolophus ferrumequinum,0.027,0.027,-1,Echolocation,/mnt/ubna_data_02_mir/recover-20220922/UBNA_001/20220921_090000.WAV,Telephone Field,recover-20220922,001,1795
1548.6485,1548.6555,46953,52498,Pipistrellus pipistrellus,0.02,0.022,-1,Echolocation,/mnt/ubna_data_02_mir/recover-20220922/UBNA_001/20220921_090000.WAV,Telephone Field,recover-20220922,001,1795
1548.6525,1548.6601,28046,38215,Eptesicus serotinus,0.007,0.021,-1,Echolocation,/mnt/ubna_data_02_mir/recover-20220922/UBNA_001/20220921_090000.WAV,Telephone Field,recover-20220922,001,1795
1548.6565,1548.6684,41796,44346,Pipistrellus pipistrellus,0.033,0.043,-1,Echolocation,/mnt/ubna_data_02_mir/recover-20220922/UBNA_001/20220921_090000.WAV,Telephone Field,recover-20220922,001,1795
1548.6705,1548.711,68437,82558,Rhinolophus ferrumequinum,0.024,0.024,-1,Echolocation,/mnt/ubna_data_02_mir/recover-20220922/UBNA_001/20220921_090000.WAV,Telephone Field,recover-20220922,001,1795
1548.6715,1548.6889,22890,26121,Nyctalus leisleri,0.025,0.044,-1,Echolocation,/mnt/ubna_data_02_mir/recover-20220922/UBNA_001/20220921_090000.WAV,Telephone Field,recover-20220922,001,1795
1548.7115,1548.7215,28906,37709,Eptesicus serotinus,0.013,0.026,-1,Echolocation,/mnt/ubna_data_02_mir/recover-20220922/UBNA_001/20220921_090000.WAV,Telephone Field,recover-20220922,001,1795
1548.7285,1548.7386,27187,36014,Eptesicus serotinus,0.009,0.023,-1,Echolocation,/mnt/ubna_data_02_mir/recover-20220922/UBNA_001/20220921_090000.WAV,Telephone Field,recover-20220922,001,1795
1548.7345,1548.771,68437,80831,Rhinolophus ferrumequinum,0.024,0.024,-1,Echolocation,/mnt/ubna_data_02_mir/recover-20220922/UBNA_001/20220921_090000.WAV,Telephone Field,recover-20220922,001,1795
1548.7835,1548.8271,68437,83300,Rhinolophus ferrumequinum,0.039,0.039,-1,Echolocation,/mnt/ubna_data_02_mir/recover-20220922/UBNA_001/20220921_090000.WAV,Telephone Field,recover-20220922,001,1795
1548.8355,1548.8442,25468,32751,Eptesicus serotinus,0.006,0.021,-1,Echolocation,/mnt/ubna_data_02_mir/recover-20220922/UBNA_001/20220921_090000.WAV,Telephone Field,recover-20220922,001,1795
1548.8465,1548.8666,18593,21560,Nyctalus noctula,0.012,0.024,-1,Echolocation,/mnt/ubna_data_02_mir/recover-20220922/UBNA_001/20220921_090000.WAV,Telephone Field,recover-20220922,001,1795
1548.8515,1548.8896,68437,82166,Rhinolophus ferrumequinum,0.021,0.021,-1,Echolocation,/mnt/ubna_data_02_mir/recover-20220922/UBNA_001/20220921_090000.WAV,Telephone Field,recover-20220922,001,1795
1548.8605,1548.898,68437,81622,Rhinolophus ferrumequinum,0.022,0.022,-1,Echolocation,/mnt/ubna_data_02_mir/recover-20220922/UBNA_001/20220921_090000.WAV,Telephone Field,recover-20220922,001,1795
1548.8835,1548.9243,68437,81975,Rhinolophus ferrumequinum,0.022,0.022,-1,Echolocation,/mnt/ubna_data_02_mir/recover-20220922/UBNA_001/20220921_090000.WAV,Telephone Field,recover-20220922,001,1795
1548.9005,1548.9338,68437,81735,Rhinolophus ferrumequinum,0.023,0.023,-1,Echolocation,/mnt/ubna_data_02_mir/recover-20220922/UBNA_001/20220921_090000.WAV,Telephone Field,recover-20220922,001,1795
1548.9015,1548.9094,25468,34358,Eptesicus serotinus,0.007,0.021,-1,Echolocation,/mnt/ubna_data_02_mir/recover-20220922/UBNA_001/20220921_090000.WAV,Telephone Field,recover-20220922,001,1795
1548.9405,1548.9789,68437,82290,Rhinolophus ferrumequinum,0.025,0.026,-1,Echolocation,/mnt/ubna_data_02_mir/recover-20220922/UBNA_001/20220921_090000.WAV,Telephone Field,recover-20220922,001,1795
1548.9465,1548.9873,68437,83006,Rhinolophus ferrumequinum,0.025,0.025,-1,Echolocation,/mnt/ubna_data_02_mir/recover-20220922/UBNA_001/20220921_090000.WAV,Telephone Field,recover-20220922,001,1795
1548.9555,1548.9928,68437,81871,Rhinolophus ferrumequinum,0.021,0.021,-1,Echolocation,/mnt/ubna_data_02_mir/recover-20220922/UBNA_001/20220921_090000.WAV,Telephone Field,recover-20220922,001,1795
1548.9575,1548.9666,34921,41643,Barbastellus barbastellus,0.006,0.021,-1,Echolocation,/mnt/ubna_data_02_mir/recover-20220922/UBNA_001/20220921_090000.WAV,Telephone Field,recover-20220922,001,1795
1548.9635,1548.9744,23750,29021,Nyctalus leisleri,0.011,0.025,-1,Echolocation,/mnt/ubna_data_02_mir/recover-20220922/UBNA_001/20220921_090000.WAV,Telephone Field,recover-20220922,001,1795
1548.9675,1549.0088,68437,82443,Rhinolophus ferrumequinum,0.021,0.021,-1,Echolocation,/mnt/ubna_data_02_mir/recover-20220922/UBNA_001/20220921_090000.WAV,Telephone Field,recover-20220922,001,1795
1548.9795,1549.0172,68437,81980,Rhinolophus ferrumequinum,0.022,0.022,-1,Echolocation,/mnt/ubna_data_02_mir/recover-20220922/UBNA_001/20220921_090000.WAV,Telephone Field,recover-20220922,001,1795
1549.0375,1549.0497,28046,34988,Eptesicus serotinus,0.022,0.038,-1,Echolocation,/mnt/ubna_data_02_mir/recover-20220922/UBNA_001/20220921_090000.WAV,Telephone Field,recover-20220922,001,1795
1549.0395,1549.0805,68437,82705,Rhinolophus ferrumequinum,0.031,0.031,-1,Echolocation,/mnt/ubna_data_02_mir/recover-20220922/UBNA_001/20220921_090000.WAV,Telephone Field,recover-20220922,001,1795
1549.1225,1549.1601,68437,81857,Rhinolophus ferrumequinum,0.02,0.02,-1,Echolocation,/mnt/ubna_data_02_mir/recover-20220922/UBNA_001/20220921_090000.WAV,Telephone Field,recover-20220922,001,1795
1549.1425,1549.1774,68437,81500,Rhinolophus ferrumequinum,0.023,0.023,-1,Echolocation,/mnt/ubna_data_02_mir/recover-20220922/UBNA_001/20220921_090000.WAV,Telephone Field,recover-20220922,001,1795
1549.1475,1549.1548,28046,41054,Eptesicus serotinus,0.007,0.021,-1,Echolocation,/mnt/ubna_data_02_mir/recover-20220922/UBNA_001/20220921_090000.WAV,Telephone Field,recover-20220922,001,1795
1549.1615,1549.1995,68437,81810,Rhinolophus ferrumequinum,0.021,0.021,-1,Echolocation,/mnt/ubna_data_02_mir/recover-20220922/UBNA_001/20220921_090000.WAV,Telephone Field,recover-20220922,001,1795
1549.1745,1549.1845,25468,32398,Eptesicus serotinus,0.01,0.027,-1,Echolocation,/mnt/ubna_data_02_mir/recover-20220922/UBNA_001/20220921_090000.WAV,Telephone Field,recover-20220922,001,1795
1549.1895,1549.2074,20312,23277,Nyctalus leisleri,0.015,0.025,-1,Echolocation,/mnt/ubna_data_02_mir/recover-20220922/UBNA_001/20220921_090000.WAV,Telephone Field,recover-20220922,001,1795
1549.2045,1549.2398,68437,80967,Rhinolophus ferrumequinum,0.022,0.023,-1,Echolocation,/mnt/ubna_data_02_mir/recover-20220922/UBNA_001/20220921_090000.WAV,Telephone Field,recover-20220922,001,1795
1549.2305,1549.27,68437,82059,Rhinolophus ferrumequinum,0.021,0.021,-1,Echolocation,/mnt/ubna_data_02_mir/recover-20220922/UBNA_001/20220921_090000.WAV,Telephone Field,recover-20220922,001,1795
1549.2495,1549.289,68437,82428,Rhinolophus ferrumequinum,0.021,0.021,-1,Echolocation,/mnt/ubna_data_02_mir/recover-20220922/UBNA_001/20220921_090000.WAV,Telephone Field,recover-20220922,001,1795
1549.2735,1549.3124,68437,82240,Rhinolophus ferrumequinum,0.022,0.022,-1,Echolocation,/mnt/ubna_data_02_mir/recover-20220922/UBNA_001/20220921_090000.WAV,Telephone Field,recover-20220922,001,1795
1549.2915,1549.3308,68437,81875,Rhinolophus ferrumequinum,0.022,0.022,-1,Echolocation,/mnt/ubna_data_02_mir/recover-20220922/UBNA_001/20220921_090000.WAV,Telephone Field,recover-20220922,001,1795
1549.2975,1549.3367,68437,82065,Rhinolophus ferrumequinum,0.021,0.021,-1,Echolocation,/mnt/ubna_data_02_mir/recover-20220922/UBNA_001/20220921_090000.WAV,Telephone Field,recover-20220922,001,1795
1549.3135,1549.3231,25468,33554,Eptesicus serotinus,0.01,0.023,-1,Echolocation,/mnt/ubna_data_02_mir/recover-20220922/UBNA_001/20220921_090000.WAV,Telephone Field,recover-20220922,001,1795
1549.3155,1549.3534,68437,81613,Rhinolophus ferrumequinum,0.021,0.021,-1,Echolocation,/mnt/ubna_data_02_mir/recover-20220922/UBNA_001/20220921_090000.WAV,Telephone Field,recover-20220922,001,1795
1549.3215,1549.3597,68437,82355,Rhinolophus ferrumequinum,0.023,0.023,-1,Echolocation,/mnt/ubna_data_02_mir/recover-20220922/UBNA_001/20220921_090000.WAV,Telephone Field,recover-20220922,001,1795
1549.3295,1549.3396,30625,38309,Eptesicus serotinus,0.011,0.03,-1,Echolocation,/mnt/ubna_data_02_mir/recover-20220922/UBNA_001/20220921_090000.WAV,Telephone Field,recover-20220922,001,1795
1549.3875,1549.4219,68437,81658,Rhinolophus ferrumequinum,0.022,0.022,-1,Echolocation,/mnt/ubna_data_02_mir/recover-20220922/UBNA_001/20220921_090000.WAV,Telephone Field,recover-20220922,001,1795
1549.3895,1549.3999,28906,36078,Eptesicus serotinus,0.015,0.027,-1,Echolocation,/mnt/ubna_data_02_mir/recover-20220922/UBNA_001/20220921_090000.WAV,Telephone Field,recover-20220922,001,1795
1549.4005,1549.4412,68437,82479,Rhinolophus ferrumequinum,0.024,0.024,-1,Echolocation,/mnt/ubna_data_02_mir/recover-20220922/UBNA_001/20220921_090000.WAV,Telephone Field,recover-20220922,001,1795
1549.4225,1549.4566,68437,81213,Rhinolophus ferrumequinum,0.022,0.022,-1,Echolocation,/mnt/ubna_data_02_mir/recover-20220922/UBNA_001/20220921_090000.WAV,Telephone Field,recover-20220922,001,1795
1549.4305,1549.4627,68437,80305,Rhinolophus ferrumequinum,0.021,0.021,-1,Echolocation,/mnt/ubna_data_02_mir/recover-20220922/UBNA_001/20220921_090000.WAV,Telephone Field,recover-20220922,001,1795
1549.5055,1549.5421,68437,81639,Rhinolophus ferrumequinum,0.023,0.023,-1,Echolocation,/mnt/ubna_data_02_mir/recover-20220922/UBNA_001/20220921_090000.WAV,Telephone Field,recover-20220922,001,1795
1549.5155,1549.5498,68437,81652,Rhinolophus ferrumequinum,0.02,0.02,-1,Echolocation,/mnt/ubna_data_02_mir/recover-20220922/UBNA_001/20220921_090000.WAV,Telephone Field,recover-20220922,001,1795
1549.5275,1549.566,68437,81476,Rhinolophus ferrumequinum,0.021,0.021,-1,Echolocation,/mnt/ubna_data_02_mir/recover-20220922/UBNA_001/20220921_090000.WAV,Telephone Field,recover-20220922,001,1795
1549.5425,1549.5507,28906,39402,Eptesicus serotinus,0.007,0.021,-1,Echolocation,/mnt/ubna_data_02_mir/recover-20220922/UBNA_001/20220921_090000.WAV,Telephone Field,recover-20220922,001,1795
1549.6035,1549.6213,19453,22957,Nyctalus leisleri,0.013,0.027,-1,Echolocation,/mnt/ubna_data_02_mir/recover-20220922/UBNA_001/20220921_090000.WAV,Telephone Field,recover-20220922,001,1795
1549.6065,1549.6446,68437,81648,Rhinolophus ferrumequinum,0.023,0.023,-1,Echolocation,/mnt/ubna_data_02_mir/recover-20220922/UBNA_001/20220921_090000.WAV,Telephone Field,recover-20220922,001,1795
1549.6305,1549.6395,25468,33057,Eptesicus serotinus,0.008,0.025,-1,Echolocation,/mnt/ubna_data_02_mir/recover-20220922/UBNA_001/20220921_090000.WAV,Telephone Field,recover-20220922,001,1795
1549.6395,1549.6792,68437,82364,Rhinolophus ferrumequinum,0.023,0.023,-1,Echolocation,/mnt/ubna_data_02_mir/recover-20220922/UBNA_001/20220921_090000.WAV,Telephone Field,recover-20220922,001,1795
1549.6585,1549.6978,68437,82485,Rhinolophus ferrumequinum,0.021,0.021,-1,Echolocation,/mnt/ubna_data_02_mir/recover-20220922/UBNA_001/20220921_090000.WAV,Telephone Field,recover-20220922,001,1795
1549.6995,1549.7371,68437,81301,Rhinolophus ferrumequinum,0.024,0.024,-1,Echolocation,/mnt/ubna_data_02_mir/recover-20220922/UBNA_001/20220921_090000.WAV,Telephone Field,recover-20220922,001,1795
1549.7155,1549.7543,68437,81849,Rhinolophus ferrumequinum,0.028,0.028,-1,Echolocation,/mnt/ubna_data_02_mir/recover-20220922/UBNA_001/20220921_090000.WAV,Telephone Field,recover-20220922,001,1795
1549.7365,1549.7463,22031,27762,Nyctalus leisleri,0.008,0.022,-1,Echolocation,/mnt/ubna_data_02_mir/recover-20220922/UBNA_001/20220921_090000.WAV,Telephone Field,recover-20220922,001,1795
1549.7425,1549.7797,68437,82627,Rhinolophus ferrumequinum,0.024,0.024,-1,Echolocation,/mnt/ubna_data_02_mir/recover-20220922/UBNA_001/20220921_090000.WAV,Telephone Field,recover-20220922,001,1795
1549.7725,1549.7819,23750,30651,Nyctalus leisleri,0.009,0.025,-1,Echolocation,/mnt/ubna_data_02_mir/recover-20220922/UBNA_001/20220921_090000.WAV,Telephone Field,recover-20220922,001,1795
1549.7735,1549.8164,68437,82624,Rhinolophus ferrumequinum,0.027,0.027,-1,Echolocation,/mnt/ubna_data_02_mir/recover-20220922/UBNA_001/20220921_090000.WAV,Telephone Field,recover-20220922,001,1795
1549.8225,1549.8313,25468,34699,Eptesicus serotinus,0.009,0.025,-1,Echolocation,/mnt/ubna_data_02_mir/recover-20220922/UBNA_001/20220921_090000.WAV,Telephone Field,recover-20220922,001,1795
1549.8285,1549.8675,68437,82296,Rhinolophus ferrumequinum,0.021,0.021,-1,Echolocation,/mnt/ubna_data_02_mir/recover-20220922/UBNA_001/20220921_090000.WAV,Telephone Field,recover-20220922,001,1795
1549.8355,1549.8458,25468,32367,Eptesicus serotinus,0.009,0.023,-1,Echolocation,/mnt/ubna_data_02_mir/recover-20220922/UBNA_001/20220921_090000.WAV,Telephone Field,recover-20220922,001,1795
1549.8475,1549.8867,68437,83291,Rhinolophus ferrumequinum,0.023,0.023,-1,Echolocation,/mnt/ubna_data_02_mir/recover-20220922/UBNA_001/20220921_090000.WAV,Telephone Field,recover-20220922,001,1795
1549.8575,1549.8955,68437,81828,Rhinolophus ferrumequinum,0.023,0.023,-1,Echolocation,/mnt/ubna_data_02_mir/recover-20220922/UBNA_001/20220921_090000.WAV,Telephone Field,recover-20220922,001,1795
1549.8885,1549.8983,24609,31987,Nyctalus leisleri,0.009,0.029,-1,Echolocation,/mnt/ubna_data_02_mir/recover-20220922/UBNA_001/20220921_090000.WAV,Telephone Field,recover-20220922,001,1795
1549.9035,1549.9136,28906,36959,Eptesicus serotinus,0.012,0.025,-1,Echolocation,/mnt/ubna_data_02_mir/recover-20220922/UBNA_001/20220921_090000.WAV,Telephone Field,recover-20220922,001,1795
1549.9075,1549.9491,68437,82745,Rhinolophus ferrumequinum,0.028,0.028,-1,Echolocation,/mnt/ubna_data_02_mir/recover-20220922/UBNA_001/20220921_090000.WAV,Telephone Field,recover-20220922,001,1795
1549.9415,1549.9511,25468,33782,Eptesicus serotinus,0.009,0.022,-1,Echolocation,/mnt/ubna_data_02_mir/recover-20220922/UBNA_001/20220921_090000.WAV,Telephone Field,recover-20220922,001,1795
1549.9775,1550.0,18593,21949,Nyctalus noctula,0.025,0.041,-1,Echolocation,/mnt/ubna_data_02_mir/recover-20220922/UBNA_001/20220921_090000.WAV,Telephone Field,recover-20220922,001,1795
1549.9825,1549.9904,26328,35568,Eptesicus serotinus,0.008,0.023,-1,Echolocation,/mnt/ubna_data_02_mir/recover-20220922/UBNA_001/20220921_090000.WAV,Telephone Field,recover-20220922,001,1795
1550.0015,1550.0101,46093,54588,Pipistrellus pipistrellus,0.016,0.023,-1,Echolocation,/mnt/ubna_data_02_mir/recover-20220922/UBNA_001/20220921_090000.WAV,Telephone Field,recover-20220922,001,1795
1550.0015,1550.0109,26328,33897,Nyctalus leisleri,0.01,0.03,-1,Echolocation,/mnt/ubna_data_02_mir/recover-20220922/UBNA_001/20220921_090000.WAV,Telephone Field,recover-20220922,001,1795
1550.0015,1550.0372,68437,80963,Rhinolophus ferrumequinum,0.03,0.031,-1,Echolocation,/mnt/ubna_data_02_mir/recover-20220922/UBNA_001/20220921_090000.WAV,Telephone Field,recover-20220922,001,1795
1550.0075,1550.051,68437,82762,Rhinolophus ferrumequinum,0.023,0.023,-1,Echolocation,/mnt/ubna_data_02_mir/recover-20220922/UBNA_001/20220921_090000.WAV,Telephone Field,recover-20220922,001,1795
1550.0515,1550.062,43515,48092,Pipistrellus pipistrellus,0.016,0.021,-1,Echolocation,/mnt/ubna_data_02_mir/recover-20220922/UBNA_001/20220921_090000.WAV,Telephone Field,recover-20220922,001,1795
1550.0815,1550.1231,68437,82574,Rhinolophus ferrumequinum,0.024,0.024,-1,Echolocation,/mnt/ubna_data_02_mir/recover-20220922/UBNA_001/20220921_090000.WAV,Telephone Field,recover-20220922,001,1795
1550.1015,1550.1185,21171,24775,Nyctalus leisleri,0.016,0.03,-1,Echolocation,/mnt/ubna_data_02_mir/recover-20220922/UBNA_001/20220921_090000.WAV,Telephone Field,recover-20220922,001,1795
1550.1085,1550.1146,32343,44595,Myotis daubentonii,0.01,0.023,-1,Echolocation,/mnt/ubna_data_02_mir/recover-20220922/UBNA_001/20220921_090000.WAV,Telephone Field,recover-20220922,001,1795
1550.1145,1550.1532,68437,82661,Rhinolophus ferrumequinum,0.025,0.025,-1,Echolocation,/mnt/ubna_data_02_mir/recover-20220922/UBNA_001/20220921_090000.WAV,Telephone Field,recover-20220922,001,1795
1550.1205,1550.131,23750,29542,Nyctalus leisleri,0.009,0.021,-1,Echolocation,/mnt/ubna_data_02_mir/recover-20220922/UBNA_001/20220921_090000.WAV,Telephone Field,recover-20220922,001,1795
1550.1315,1550.1667,68437,81004,Rhinolophus ferrumequinum,0.021,0.021,-1,Echolocation,/mnt/ubna_data_02_mir/recover-20220922/UBNA_001/20220921_090000.WAV,Telephone Field,recover-20220922,001,1795
1550.1605,1550.1992,68437,82053,Rhinolophus ferrumequinum,0.028,0.028,-1,Echolocation,/mnt/ubna_data_02_mir/recover-20220922/UBNA_001/20220921_090000.WAV,Telephone Field,recover-20220922,001,1795
1550.1675,1550.2012,68437,81206,Rhinolophus ferrumequinum,0.021,0.021,-1,Echolocation,/mnt/ubna_data_02_mir/recover-20220922/UBNA_001/20220921_090000.WAV,Telephone Field,recover-20220922,001,1795
1550.1985,1550.2346,68437,81095,Rhinolophus ferrumequinum,0.022,0.022,-1,Echolocation,/mnt/ubna_data_02_mir/recover-20220922/UBNA_001/20220921_090000.WAV,Telephone Field,recover-20220922,001,1795
1550.2035,1550.2384,68437,81229,Rhinolophus ferrumequinum,0.023,0.023,-1,Echolocation,/mnt/ubna_data_02_mir/recover-20220922/UBNA_001/20220921_090000.WAV,Telephone Field,recover-20220922,001,1795
1550.2035,1550.2162,23750,29817,Nyctalus leisleri,0.01,0.023,-1,Echolocation,/mnt/ubna_data_02_mir/recover-20220922/UBNA_001/20220921_090000.WAV,Telephone Field,recover-20220922,001,1795
1550.2135,1550.252,68437,82460,Rhinolophus ferrumequinum,0.026,0.026,-1,Echolocation,/mnt/ubna_data_02_mir/recover-20220922/UBNA_001/20220921_090000.WAV,Telephone Field,recover-20220922,001,1795
1550.2195,1550.2579,68437,82238,Rhinolophus ferrumequinum,0.025,0.025,-1,Echolocation,/mnt/ubna_data_02_mir/recover-20220922/UBNA_001/20220921_090000.WAV,Telephone Field,recover-20220922,001,1795
1550.2295,1550.2396,28906,35795,Eptesicus serotinus,0.01,0.024,-1,Echolocation,/mnt/ubna_data_02_mir/recover-20220922/UBNA_001/20220921_090000.WAV,Telephone Field,recover-20220922,001,1795
1550.2315,1550.2704,68437,82176,Rhinolophus ferrumequinum,0.024,0.024,-1,Echolocation,/mnt/ubna_data_02_mir/recover-20220922/UBNA_001/20220921_090000.WAV,Telephone Field,recover-20220922,001,1795
1550.2395,1550.2751,68437,81750,Rhinolophus ferrumequinum,0.024,0.024,-1,Echolocation,/mnt/ubna_data_02_mir/recover-20220922/UBNA_001/20220921_090000.WAV,Telephone Field,recover-20220922,001,1795
1550.2525,1550.2935,68437,82839,Rhinolophus ferrumequinum,0.026,0.026,-1,Echolocation,/mnt/ubna_data_02_mir/recover-20220922/UBNA_001/20220921_090000.WAV,Telephone Field,recover-20220922,001,1795
1550.2575,1550.2695,22890,28038,Nyctalus leisleri,0.011,0.023,-1,Echolocation,/mnt/ubna_data_02_mir/recover-20220922/UBNA_001/20220921_090000.WAV,Telephone Field,recover-20220922,001,1795
1550.2805,1550.323,68437,82770,Rhinolophus ferrumequinum,0.026,0.026,-1,Echolocation,/mnt/ubna_data_02_mir/recover-20220922/UBNA_001/20220921_090000.WAV,Telephone Field,recover-20220922,001,1795
1550.3225,1550.3313,27187,36571,Eptesicus serotinus,0.008,0.021,-1,Echolocation,/mnt/ubna_data_02_mir/recover-20220922/UBNA_001/20220921_090000.WAV,Telephone Field,recover-20220922,001,1795
1550.3245,1550.3617,68437,81907,Rhinolophus ferrumequinum,0.021,0.021,-1,Echolocation,/mnt/ubna_data_02_mir/recover-20220922/UBNA_001/20220921_090000.WAV,Telephone Field,recover-20220922,001,1795
1550.3275,1550.3415,35781,40151,Pipistrellus nathusii,0.007,0.025,-1,Echolocation,/mnt/ubna_data_02_mir/recover-20220922/UBNA_001/20220921_090000.WAV,Telephone Field,recover-20220922,001,1795
1550.3405,1550.3783,68437,82001,Rhinolophus ferrumequinum,0.023,0.024,-1,Echolocation,/mnt/ubna_data_02_mir/recover-20220922/UBNA_001/20220921_090000.WAV,Telephone Field,recover-20220922,001,1795
1550.4015,1550.4413,68437,81906,Rhinolophus ferrumequinum,0.021,0.021,-1,Echolocation,/mnt/ubna_data_02_mir/recover-20220922/UBNA_001/20220921_090000.WAV,Telephone Field,recover-20220922,001,1795
1550.4085,1550.4171,28906,37112,Eptesicus serotinus,0.008,0.023,-1,Echolocation,/mnt/ubna_data_02_mir/recover-20220922/UBNA_001/20220921_090000.WAV,Telephone Field,recover-20220922,001,1795
1550.4205,1550.4592,68437,82019,Rhinolophus ferrumequinum,0.025,0.025,-1,Echolocation,/mnt/ubna_data_02_mir/recover-20220922/UBNA_001/20220921_090000.WAV,Telephone Field,recover-20220922,001,1795
1550.4465,1550.4834,68437,81730,Rhinolophus ferrumequinum,0.026,0.026,-1,Echolocation,/mnt/ubna_data_02_mir/recover-20220922/UBNA_001/20220921_090000.WAV,Telephone Field,recover-20220922,001,1795
1550.4665,1550.477,23750,30406,Nyctalus leisleri,0.009,0.024,-1,Echolocation,/mnt/ubna_data_02_mir/recover-20220922/UBNA_001/20220921_090000.WAV,Telephone Field,recover-20220922,001,1795
1550.4745,1550.4842,22890,28934,Nyctalus leisleri,0.008,0.021,-1,Echolocation,/mnt/ubna_data_02_mir/recover-20220922/UBNA_001/20220921_090000.WAV,Telephone Field,recover-20220922,001,1795
1550.4755,1550.5149,68437,82396,Rhinolophus ferrumequinum,0.021,0.021,-1,Echolocation,/mnt/ubna_data_02_mir/recover-20220922/UBNA_001/20220921_090000.WAV,Telephone Field,recover-20220922,001,1795
1550.4915,1550.5016,25468,33231,Eptesicus serotinus,0.015,0.033,-1,Echolocation,/mnt/ubna_data_02_mir/recover-20220922/UBNA_001/20220921_090000.WAV,Telephone Field,recover-20220922,001,1795
1550.5045,1550.5433,68437,82397,Rhinolophus ferrumequinum,0.021,0.021,-1,Echolocation,/mnt/ubna_data_02_mir/recover-20220922/UBNA_001/20220921_090000.WAV,Telephone Field,recover-20220922,001,1795
1550.5405,1550.5787,68437,81854,Rhinolophus ferrumequinum,0.022,0.022,-1,Echolocation,/mnt/ubna_data_02_mir/recover-20220922/UBNA_001/20220921_090000.WAV,Telephone Field,recover-20220922,001,1795
1550.5475,1550.5572,22890,29510,Nyctalus leisleri,0.008,0.026,-1,Echolocation,/mnt/ubna_data_02_mir/recover-20220922/UBNA_001/20220921_090000.WAV,Telephone Field,recover-20220922,001,1795
1550.5595,1550.57,39218,43675,Pipistrellus nathusii,0.015,0.026,-1,Echolocation,/mnt/ubna_data_02_mir/recover-20220922/UBNA_001/20220921_090000.WAV,Telephone Field,recover-20220922,001,1795
1550.5635,1550.6035,68437,82794,Rhinolophus ferrumequinum,0.024,0.024,-1,Echolocation,/mnt/ubna_data_02_mir/recover-20220922/UBNA_001/20220921_090000.WAV,Telephone Field,recover-20220922,001,1795
1550.5655,1550.5738,28046,39949,Eptesicus serotinus,0.008,0.023,-1,Echolocation,/mnt/ubna_data_02_mir/recover-20220922/UBNA_001/20220921_090000.WAV,Telephone Field,recover-20220922,001,1795
1550.5795,1550.6202,68437,82165,Rhinolophus ferrumequinum,0.023,0.024,-1,Echolocation,/mnt/ubna_data_02_mir/recover-20220922/UBNA_001/20220921_090000.WAV,Telephone Field,recover-20220922,001,1795
1550.5965,1550.634,68437,81716,Rhinolophus ferrumequinum,0.033,0.033,-1,Echolocation,/mnt/ubna_data_02_mir/recover-20220922/UBNA_001/20220921_090000.WAV,Telephone Field,recover-20220922,001,1795
1550.6325,1550.6433,28906,35508,Eptesicus serotinus,0.013,0.026,-1,Echolocation,/mnt/ubna_data_02_mir/recover-20220922/UBNA_001/20220921_090000.WAV,Telephone Field,recover-20220922,001,1795
1550.6355,1550.6733,68437,82085,Rhinolophus ferrumequinum,0.022,0.022,-1,Echolocation,/mnt/ubna_data_02_mir/recover-20220922/UBNA_001/20220921_090000.WAV,Telephone Field,recover-20220922,001,1795
1550.6475,1550.6858,68437,81828,Rhinolophus ferrumequinum,0.022,0.022,-1,Echolocation,/mnt/ubna_data_02_mir/recover-20220922/UBNA_001/20220921_090000.WAV,Telephone Field,recover-20220922,001,1795
1550.6495,1550.6597,28906,37797,Eptesicus serotinus,0.014,0.032,-1,Echolocation,/mnt/ubna_data_02_mir/recover-20220922/UBNA_001/20220921_090000.WAV,Telephone Field,recover-20220922,001,1795
1550.6655,1550.7046,68437,82399,Rhinolophus ferrumequinum,0.021,0.021,-1,Echolocation,/mnt/ubna_data_02_mir/recover-20220922/UBNA_001/20220921_090000.WAV,Telephone Field,recover-20220922,001,1795
1550.6805,1550.7207,68437,82644,Rhinolophus ferrumequinum,0.025,0.025,-1,Echolocation,/mnt/ubna_data_02_mir/recover-20220922/UBNA_001/20220921_090000.WAV,Telephone Field,recover-20220922,001,1795
1550.7615,1550.7716,23750,30175,Nyctalus leisleri,0.01,0.026,-1,Echolocation,/mnt/ubna_data_02_mir/recover-20220922/UBNA_001/20220921_090000.WAV,Telephone Field,recover-20220922,001,1795
1550.7735,1550.8124,68437,81711,Rhinolophus ferrumequinum,0.022,0.022,-1,Echolocation,/mnt/ubna_data_02_mir/recover-20220922/UBNA_001/20220921_090000.WAV,Telephone Field,recover-20220922,001,1795
1550.7965,1550.8346,68437,82613,Rhinolophus ferrumequinum,0.025,0.025,-1,Echolocation,/mnt/ubna_data_02_mir/recover-20220922/UBNA_001/20220921_090000.WAV,Telephone Field,recover-20220922,001,1795
1550.7995,1550.8106,28906,35640,Eptesicus serotinus,0.013,0.025,-1,Echolocation,/mnt/ubna_data_02_mir/recover-20220922/UBNA_001/20220921_090000.WAV,Telephone Field,recover-20220922,001,1795
1550.8085,1550.828,20312,23292,Nyctalus leisleri,0.016,0.027,-1,Echolocation,/mnt/ubna_data_02_mir/recover-20220922/UBNA_001/20220921_090000.WAV,Telephone Field,recover-20220922,001,1795
1550.8415,1550.8819,68437,82103,Rhinolophus ferrumequinum,0.026,0.026,-1,Echolocation,/mnt/ubna_data_02_mir/recover-20220922/UBNA_001/20220921_090000.WAV,Telephone Field,recover-20220922,001,1795
1550.8425,1550.8514,28046,38950,Eptesicus serotinus,0.008,0.022,-1,Echolocation,/mnt/ubna_data_02_mir/recover-20220922/UBNA_001/20220921_090000.WAV,Telephone Field,recover-20220922,001,1795
1550.9015,1550.9126,23750,29371,Nyctalus leisleri,0.011,0.025,-1,Echolocation,/mnt/ubna_data_02_mir/recover-20220922/UBNA_001/20220921_090000.WAV,Telephone Field,recover-20220922,001,1795
1550.9195,1550.9569,68437,81700,Rhinolophus ferrumequinum,0.023,0.023,-1,Echolocation,/mnt/ubna_data_02_mir/recover-20220922/UBNA_001/20220921_090000.WAV,Telephone Field,recover-20220922,001,1795
1550.9415,1550.9802,68437,81834,Rhinolophus ferrumequinum,0.022,0.022,-1,Echolocation,/mnt/ubna_data_02_mir/recover-20220922/UBNA_001/20220921_090000.WAV,Telephone Field,recover-20220922,001,1795
1550.9435,1550.9532,27187,34071,Eptesicus serotinus,0.009,0.021,-1,Echolocation,/mnt/ubna_data_02_mir/recover-20220922/UBNA_001/20220921_090000.WAV,Telephone Field,recover-20220922,001,1795
1550.9675,1551.0041,68437,81373,Rhinolophus ferrumequinum,0.022,0.022,-1,Echolocation,/mnt/ubna_data_02_mir/recover-20220922/UBNA_001/20220921_090000.WAV,Telephone Field,recover-20220922,001,1795
1550.9875,1551.0245,68437,81660,Rhinolophus ferrumequinum,0.022,0.022,-1,Echolocation,/mnt/ubna_data_02_mir/recover-20220922/UBNA_001/20220921_090000.WAV,Telephone Field,recover-20220922,001,1795
1550.9985,1551.0371,68437,82388,Rhinolophus ferrumequinum,0.022,0.022,-1,Echolocation,/mnt/ubna_data_02_mir/recover-20220922/UBNA_001/20220921_090000.WAV,Telephone Field,recover-20220922,001,1795
1551.0335,1551.0732,68437,82220,Rhinolophus ferrumequinum,0.021,0.021,-1,Echolocation,/mnt/ubna_data_02_mir/recover-20220922/UBNA_001/20220921_090000.WAV,Telephone Field,recover-20220922,001,1795
1551.0705,1551.1094,68437,81753,Rhinolophus ferrumequinum,0.021,0.021,-1,Echolocation,/mnt/ubna_data_02_mir/recover-20220922/UBNA_001/20220921_090000.WAV,Telephone Field,recover-20220922,001,1795
1551.0765,1551.116,68437,82271,Rhinolophus ferrumequinum,0.021,0.021,-1,Echolocation,/mnt/ubna_data_02_mir/recover-20220922/UBNA_001/20220921_090000.WAV,Telephone Field,recover-20220922,001,1795
1551.1005,1551.1102,25468,34513,Eptesicus serotinus,0.009,0.023,-1,Echolocation,/mnt/ubna_data_02_mir/recover-20220922/UBNA_001/20220921_090000.WAV,Telephone Field,recover-20220922,001,1795
1551.1075,1551.1479,68437,81916,Rhinolophus ferrumequinum,0.023,0.023,-1,Echolocation,/mnt/ubna_data_02_mir/recover-20220922/UBNA_001/20220921_090000.WAV,Telephone Field,recover-20220922,001,1795
1551.1745,1551.2145,68437,82392,Rhinolophus ferrumequinum,0.023,0.023,-1,Echolocation,/mnt/ubna_data_02_mir/recover-20220922/UBNA_001/20220921_090000.WAV,Telephone Field,recover-20220922,001,1795
1551.2275,1551.2659,68437,81584,Rhinolophus ferrumequinum,0.027,0.027,-1,Echolocation,/mnt/ubna_data_02_mir/recover-20220922/UBNA_001/20220921_090000.WAV,Telephone Field,recover-20220922,001,1795
1551.2485,1551.2846,68437,81499,Rhinolophus ferrumequinum,0.021,0.021,-1,Echolocation,/mnt/ubna_data_02_mir/recover-20220922/UBNA_001/20220921_090000.WAV,Telephone Field,recover-20220922,001,1795
1551.2655,1551.2762,28906,35503,Eptesicus serotinus,0.013,0.027,-1,Echolocation,/mnt/ubna_data_02_mir/recover-20220922/UBNA_001/20220921_090000.WAV,Telephone Field,recover-20220922,001,1795
1551.2695,1551.313,68437,82732,Rhinolophus ferrumequinum,0.025,0.025,-1,Echolocation,/mnt/ubna_data_02_mir/recover-20220922/UBNA_001/20220921_090000.WAV,Telephone Field,recover-20220922,001,1795
1551.2865,1551.2945,27187,37743,Eptesicus serotinus,0.007,0.022,-1,Echolocation,/mnt/ubna_data_02_mir/recover-20220922/UBNA_001/20220921_090000.WAV,Telephone Field,recover-20220922,001,1795
1551.2945,1551.334,68437,81524,Rhinolophus ferrumequinum,0.022,0.022,-1,Echolocation,/mnt/ubna_data_02_mir/recover-20220922/UBNA_001/20220921_090000.WAV,Telephone Field,recover-20220922,001,1795
1551.3005,1551.3085,23750,32495,Plecotus austriacus,0.014,0.034,-1,Echolocation,/mnt/ubna_data_02_mir/recover-20220922/UBNA_001/20220921_090000.WAV,Telephone Field,recover-20220922,001,1795
1551.3125,1551.3232,28906,34812,Eptesicus serotinus,0.011,0.025,-1,Echolocation,/mnt/ubna_data_02_mir/recover-20220922/UBNA_001/20220921_090000.WAV,Telephone Field,recover-20220922,001,1795
1551.3165,1551.3544,68437,81860,Rhinolophus ferrumequinum,0.022,0.023,-1,Echolocation,/mnt/ubna_data_02_mir/recover-20220922/UBNA_001/20220921_090000.WAV,Telephone Field,recover-20220922,001,1795
1551.3275,1551.3391,22890,27999,Nyctalus leisleri,0.011,0.021,-1,Echolocation,/mnt/ubna_data_02_mir/recover-20220922/UBNA_001/20220921_090000.WAV,Telephone Field,recover-20220922,001,1795
1551.3365,1551.3489,22890,28121,Nyctalus leisleri,0.012,0.024,-1,Echolocation,/mnt/ubna_data_02_mir/recover-20220922/UBNA_001/20220921_090000.WAV,Telephone Field,recover-20220922,001,1795
1551.3395,1551.3489,28046,37117,Eptesicus serotinus,0.01,0.024,-1,Echolocation,/mnt/ubna_data_02_mir/recover-20220922/UBNA_001/20220921_090000.WAV,Telephone Field,recover-20220922,001,1795
1551.3585,1551.3945,68437,81052,Rhinolophus ferrumequinum,0.021,0.021,-1,Echolocation,/mnt/ubna_data_02_mir/recover-20220922/UBNA_001/20220921_090000.WAV,Telephone Field,recover-20220922,001,1795
1551.3665,1551.3742,28046,39178,Eptesicus serotinus,0.007,0.021,-1,Echolocation,/mnt/ubna_data_02_mir/recover-20220922/UBNA_001/20220921_090000.WAV,Telephone Field,recover-20220922,001,1795
1551.3775,1551.3889,49531,53361,Pipistrellus pipistrellus,0.018,0.023,-1,Echolocation,/mnt/ubna_data_02_mir/recover-20220922/UBNA_001/20220921_090000.WAV,Telephone Field,recover-20220922,001,1795
1551.3795,1551.4222,68437,82783,Rhinolophus ferrumequinum,0.029,0.029,-1,Echolocation,/mnt/ubna_data_02_mir/recover-20220922/UBNA_001/20220921_090000.WAV,Telephone Field,recover-20220922,001,1795
1551.4115,1551.45,68437,82051,Rhinolophus ferrumequinum,0.033,0.033,-1,Echolocation,/mnt/ubna_data_02_mir/recover-20220922/UBNA_001/20220921_090000.WAV,Telephone Field,recover-20220922,001,1795
1551.4225,1551.4605999999999,68437,82062,Rhinolophus ferrumequinum,0.024,0.024,-1,Echolocation,/mnt/ubna_data_02_mir/recover-20220922/UBNA_001/20220921_090000.WAV,Telephone Field,recover-20220922,001,1795
1551.4295,1551.4684,68437,82484,Rhinolophus ferrumequinum,0.022,0.022,-1,Echolocation,/mnt/ubna_data_02_mir/recover-20220922/UBNA_001/20220921_090000.WAV,Telephone Field,recover-20220922,001,1795
1551.4415,1551.4551,22031,26484,Nyctalus leisleri,0.019,0.037,-1,Echolocation,/mnt/ubna_data_02_mir/recover-20220922/UBNA_001/20220921_090000.WAV,Telephone Field,recover-20220922,001,1795
1551.4545,1551.4935,68437,82422,Rhinolophus ferrumequinum,0.028,0.029,-1,Echolocation,/mnt/ubna_data_02_mir/recover-20220922/UBNA_001/20220921_090000.WAV,Telephone Field,recover-20220922,001,1795
1551.4755,1551.5153,68437,81698,Rhinolophus ferrumequinum,0.023,0.024,-1,Echolocation,/mnt/ubna_data_02_mir/recover-20220922/UBNA_001/20220921_090000.WAV,Telephone Field,recover-20220922,001,1795
1551.4815,1551.5204,68437,81791,Rhinolophus ferrumequinum,0.022,0.022,-1,Echolocation,/mnt/ubna_data_02_mir/recover-20220922/UBNA_001/20220921_090000.WAV,Telephone Field,recover-20220922,001,1795
1551.5445,1551.5835,68437,82625,Rhinolophus ferrumequinum,0.021,0.021,-1,Echolocation,/mnt/ubna_data_02_mir/recover-20220922/UBNA_001/20220921_090000.WAV,Telephone Field,recover-20220922,001,1795
1551.5635,1551.5731,28046,37308,Eptesicus serotinus,0.009,0.021,-1,Echolocation,/mnt/ubna_data_02_mir/recover-20220922/UBNA_001/20220921_090000.WAV,Telephone Field,recover-20220922,001,1795
1551.5705,1551.6074,68437,81556,Rhinolophus ferrumequinum,0.021,0.021,-1,Echolocation,/mnt/ubna_data_02_mir/recover-20220922/UBNA_001/20220921_090000.WAV,Telephone Field,recover-20220922,001,1795
1551.5855,1551.6265,68437,83097,Rhinolophus ferrumequinum,0.023,0.023,-1,Echolocation,/mnt/ubna_data_02_mir/recover-20220922/UBNA_001/20220921_090000.WAV,Telephone Field,recover-20220922,001,1795
1551.5895,1551.5979,27187,37689,Eptesicus serotinus,0.007,0.021,-1,Echolocation,/mnt/ubna_data_02_mir/recover-20220922/UBNA_001/20220921_090000.WAV,Telephone Field,recover-20220922,001,1795
1551.6165,1551.6534,68437,81192,Rhinolophus ferrumequinum,0.023,0.024,-1,Echolocation,/mnt/ubna_data_02_mir/recover-20220922/UBNA_001/20220921_090000.WAV,Telephone Field,recover-20220922,001,1795
1551.6245,1551.6574,68437,80453,Rhinolophus ferrumequinum,0.021,0.021,-1,Echolocation,/mnt/ubna_data_02_mir/recover-20220922/UBNA_001/20220921_090000.WAV,Telephone Field,recover-20220922,001,1795
1551.6405,1551.65,28046,38359,Eptesicus serotinus,0.01,0.024,-1,Echolocation,/mnt/ubna_data_02_mir/recover-20220922/UBNA_001/20220921_090000.WAV,Telephone Field,recover-20220922,001,1795
1551.6455,1551.6563,34062,39603,Barbastellus barbastellus,0.007,0.028,-1,Echolocation,/mnt/ubna_data_02_mir/recover-20220922/UBNA_001/20220921_090000.WAV,Telephone Field,recover-20220922,001,1795
1551.6535,1551.6916,68437,81889,Rhinolophus ferrumequinum,0.023,0.023,-1,Echolocation,/mnt/ubna_data_02_mir/recover-20220922/UBNA_001/20220921_090000.WAV,Telephone Field,recover-20220922,001,1795
1551.6665,1551.7037,68437,81393,Rhinolophus ferrumequinum,0.026,0.026,-1,Echolocation,/mnt/ubna_data_02_mir/recover-20220922/UBNA_001/20220921_090000.WAV,Telephone Field,recover-20220922,001,1795
1551.6855,1551.7246,68437,82105,Rhinolophus ferrumequinum,0.024,0.024,-1,Echolocation,/mnt/ubna_data_02_mir/recover-20220922/UBNA_001/20220921_090000.WAV,Telephone Field,recover-20220922,001,1795
1551.7165,1551.753,68437,81458,Rhinolophus ferrumequinum,0.022,0.022,-1,Echolocation,/mnt/ubna_data_02_mir/recover-20220922/UBNA_001/20220921_090000.WAV,Telephone Field,recover-20220922,001,1795
1551.7185,1551.7291,45234,50844,Pipistrellus pipistrellus,0.024,0.026,-1,Echolocation,/mnt/ubna_data_02_mir/recover-20220922/UBNA_001/20220921_090000.WAV,Telephone Field,recover-20220922,001,1795
1551.7275,1551.7376,25468,33225,Eptesicus serotinus,0.009,0.022,-1,Echolocation,/mnt/ubna_data_02_mir/recover-20220922/UBNA_001/20220921_090000.WAV,Telephone Field,recover-20220922,001,1795
1551.7285,1551.738,47812,51312,Pipistrellus pipistrellus,0.032,0.034,-1,Echolocation,/mnt/ubna_data_02_mir/recover-20220922/UBNA_001/20220921_090000.WAV,Telephone Field,recover-20220922,001,1795
1551.7385,1551.7782,68437,82758,Rhinolophus ferrumequinum,0.024,0.025,-1,Echolocation,/mnt/ubna_data_02_mir/recover-20220922/UBNA_001/20220921_090000.WAV,Telephone Field,recover-20220922,001,1795
1551.7845,1551.7948,28046,35734,Eptesicus serotinus,0.009,0.024,-1,Echolocation,/mnt/ubna_data_02_mir/recover-20220922/UBNA_001/20220921_090000.WAV,Telephone Field,recover-20220922,001,1795
1551.8055,1551.8459,68437,82230,Rhinolophus ferrumequinum,0.023,0.023,-1,Echolocation,/mnt/ubna_data_02_mir/recover-20220922/UBNA_001/20220921_090000.WAV,Telephone Field,recover-20220922,001,1795
1551.8165,1551.8581,68437,82932,Rhinolophus ferrumequinum,0.029,0.029,-1,Echolocation,/mnt/ubna_data_02_mir/recover-20220922/UBNA_001/20220921_090000.WAV,Telephone Field,recover-20220922,001,1795
1551.8195,1551.8295,28906,36168,Eptesicus serotinus,0.009,0.023,-1,Echolocation,/mnt/ubna_data_02_mir/recover-20220922/UBNA_001/20220921_090000.WAV,Telephone Field,recover-20220922,001,1795
1551.8345,1551.8425,27187,39580,Eptesicus serotinus,0.008,0.026,-1,Echolocation,/mnt/ubna_data_02_mir/recover-20220922/UBNA_001/20220921_090000.WAV,Telephone Field,recover-20220922,001,1795
1551.8395,1551.8798,68437,81750,Rhinolophus ferrumequinum,0.022,0.022,-1,Echolocation,/mnt/ubna_data_02_mir/recover-20220922/UBNA_001/20220921_090000.WAV,Telephone Field,recover-20220922,001,1795
1551.8675,1551.876,26328,34725,Eptesicus serotinus,0.014,0.032,-1,Echolocation,/mnt/ubna_data_02_mir/recover-20220922/UBNA_001/20220921_090000.WAV,Telephone Field,recover-20220922,001,1795
1551.8915,1551.9309,68437,81930,Rhinolophus ferrumequinum,0.021,0.021,-1,Echolocation,/mnt/ubna_data_02_mir/recover-20220922/UBNA_001/20220921_090000.WAV,Telephone Field,recover-20220922,001,1795
1551.9035,1551.911,28046,40739,Eptesicus serotinus,0.008,0.026,-1,Echolocation,/mnt/ubna_data_02_mir/recover-20220922/UBNA_001/20220921_090000.WAV,Telephone Field,recover-20220922,001,1795
1551.9355,1551.9441,21171,28088,Plecotus austriacus,0.011,0.025,-1,Echolocation,/mnt/ubna_data_02_mir/recover-20220922/UBNA_001/20220921_090000.WAV,Telephone Field,recover-20220922,001,1795
1551.9595,1551.9704,31484,38472,Eptesicus serotinus,0.007,0.031,-1,Echolocation,/mnt/ubna_data_02_mir/recover-20220922/UBNA_001/20220921_090000.WAV,Telephone Field,recover-20220922,001,1795
1551.9785,1551.9888,14296,20675,Nyctalus noctula,0.01,0.022,-1,Echolocation,/mnt/ubna_data_02_mir/recover-20220922/UBNA_001/20220921_090000.WAV,Telephone Field,recover-20220922,001,1795
1551.9855,1551.9947,28906,38637,Eptesicus serotinus,0.009,0.024,-1,Echolocation,/mnt/ubna_data_02_mir/recover-20220922/UBNA_001/20220921_090000.WAV,Telephone Field,recover-20220922,001,1795
1552.0015,1552.0104,21171,27235,Nyctalus leisleri,0.01,0.03,-1,Echolocation,/mnt/ubna_data_02_mir/recover-20220922/UBNA_001/20220921_090000.WAV,Telephone Field,recover-20220922,001,1795
1552.0015,1552.0344,69296,81194,Rhinolophus ferrumequinum,0.021,0.021,-1,Echolocation,/mnt/ubna_data_02_mir/recover-20220922/UBNA_001/20220921_090000.WAV,Telephone Field,recover-20220922,001,1795
1552.0015,1552.0097,47812,54405,Pipistrellus pipistrellus,0.017,0.024,-1,Echolocation,/mnt/ubna_data_02_mir/recover-20220922/UBNA_001/20220921_090000.WAV,Telephone Field,recover-20220922,001,1795
1552.0015,1552.013,29765,36634,Eptesicus serotinus,0.019,0.035,-1,Echolocation,/mnt/ubna_data_02_mir/recover-20220922/UBNA_001/20220921_090000.WAV,Telephone Field,recover-20220922,001,1795
1552.0445,1552.0558,32343,37168,Eptesicus serotinus,0.009,0.03,-1,Echolocation,/mnt/ubna_data_02_mir/recover-20220922/UBNA_001/20220921_090000.WAV,Telephone Field,recover-20220922,001,1795
1552.0525,1552.0605,28046,38094,Eptesicus serotinus,0.01,0.027,-1,Echolocation,/mnt/ubna_data_02_mir/recover-20220922/UBNA_001/20220921_090000.WAV,Telephone Field,recover-20220922,001,1795
1552.0685,1552.0773,27187,36517,Eptesicus serotinus,0.009,0.022,-1,Echolocation,/mnt/ubna_data_02_mir/recover-20220922/UBNA_001/20220921_090000.WAV,Telephone Field,recover-20220922,001,1795
1552.1155,1552.1534,68437,81696,Rhinolophus ferrumequinum,0.025,0.025,-1,Echolocation,/mnt/ubna_data_02_mir/recover-20220922/UBNA_001/20220921_090000.WAV,Telephone Field,recover-20220922,001,1795
1552.1335,1552.1747,68437,82934,Rhinolophus ferrumequinum,0.022,0.022,-1,Echolocation,/mnt/ubna_data_02_mir/recover-20220922/UBNA_001/20220921_090000.WAV,Telephone Field,recover-20220922,001,1795
1552.1545,1552.1736,21171,24974,Nyctalus leisleri,0.03,0.066,-1,Echolocation,/mnt/ubna_data_02_mir/recover-20220922/UBNA_001/20220921_090000.WAV,Telephone Field,recover-20220922,001,1795
1552.1595,1552.2011,68437,82408,Rhinolophus ferrumequinum,0.021,0.021,-1,Echolocation,/mnt/ubna_data_02_mir/recover-20220922/UBNA_001/20220921_090000.WAV,Telephone Field,recover-20220922,001,1795
1552.1705,1552.2113,68437,82468,Rhinolophus ferrumequinum,0.024,0.024,-1,Echolocation,/mnt/ubna_data_02_mir/recover-20220922/UBNA_001/20220921_090000.WAV,Telephone Field,recover-20220922,001,1795
1552.2165,1552.2527,68437,81754,Rhinolophus ferrumequinum,0.021,0.021,-1,Echolocation,/mnt/ubna_data_02_mir/recover-20220922/UBNA_001/20220921_090000.WAV,Telephone Field,recover-20220922,001,1795
1552.2225,1552.2595,68437,81804,Rhinolophus ferrumequinum,0.022,0.022,-1,Echolocation,/mnt/ubna_data_02_mir/recover-20220922/UBNA_001/20220921_090000.WAV,Telephone Field,recover-20220922,001,1795
1552.2505,1552.2599,28046,37073,Eptesicus serotinus,0.009,0.022,-1,Echolocation,/mnt/ubna_data_02_mir/recover-20220922/UBNA_001/20220921_090000.WAV,Telephone Field,recover-20220922,001,1795
1552.2535,1552.2974,68437,83046,Rhinolophus ferrumequinum,0.022,0.022,-1,Echolocation,/mnt/ubna_data_02_mir/recover-20220922/UBNA_001/20220921_090000.WAV,Telephone Field,recover-20220922,001,1795
1552.2825,1552.3241,68437,83013,Rhinolophus ferrumequinum,0.03,0.03,-1,Echolocation,/mnt/ubna_data_02_mir/recover-20220922/UBNA_001/20220921_090000.WAV,Telephone Field,recover-20220922,001,1795
1552.2945,1552.307,25468,32132,Eptesicus serotinus,0.01,0.024,-1,Echolocation,/mnt/ubna_data_02_mir/recover-20220922/UBNA_001/20220921_090000.WAV,Telephone Field,recover-20220922,001,1795
1552.3255,1552.3331,27187,36595,Eptesicus serotinus,0.009,0.025,-1,Echolocation,/mnt/ubna_data_02_mir/recover-20220922/UBNA_001/20220921_090000.WAV,Telephone Field,recover-20220922,001,1795
1552.3375,1552.3475,28046,36047,Eptesicus serotinus,0.01,0.022,-1,Echolocation,/mnt/ubna_data_02_mir/recover-20220922/UBNA_001/20220921_090000.WAV,Telephone Field,recover-20220922,001,1795
1552.3705,1552.4097,68437,82254,Rhinolophus ferrumequinum,0.023,0.023,-1,Echolocation,/mnt/ubna_data_02_mir/recover-20220922/UBNA_001/20220921_090000.WAV,Telephone Field,recover-20220922,001,1795
1552.3875,1552.4276,68437,82160,Rhinolophus ferrumequinum,0.023,0.023,-1,Echolocation,/mnt/ubna_data_02_mir/recover-20220922/UBNA_001/20220921_090000.WAV,Telephone Field,recover-20220922,001,1795
1552.4035,1552.4138,28046,35219,Eptesicus serotinus,0.011,0.024,-1,Echolocation,/mnt/ubna_data_02_mir/recover-20220922/UBNA_001/20220921_090000.WAV,Telephone Field,recover-20220922,001,1795
1552.4215,1552.4309,25468,33219,Eptesicus serotinus,0.01,0.023,-1,Echolocation,/mnt/ubna_data_02_mir/recover-20220922/UBNA_001/20220921_090000.WAV,Telephone Field,recover-20220922,001,1795
1552.4405,1552.4795,68437,82490,Rhinolophus ferrumequinum,0.023,0.023,-1,Echolocation,/mnt/ubna_data_02_mir/recover-20220922/UBNA_001/20220921_090000.WAV,Telephone Field,recover-20220922,001,1795
1552.4605,1552.4715,28906,36164,Eptesicus serotinus,0.01,0.023,-1,Echolocation,/mnt/ubna_data_02_mir/recover-20220922/UBNA_001/20220921_090000.WAV,Telephone Field,recover-20220922,001,1795
1552.4665,1552.4754,28046,36489,Eptesicus serotinus,0.01,0.023,-1,Echolocation,/mnt/ubna_data_02_mir/recover-20220922/UBNA_001/20220921_090000.WAV,Telephone Field,recover-20220922,001,1795
1552.4755,1552.4849,28046,37227,Eptesicus serotinus,0.01,0.022,-1,Echolocation,/mnt/ubna_data_02_mir/recover-20220922/UBNA_001/20220921_090000.WAV,Telephone Field,recover-20220922,001,1795
1552.4825,1552.5232,68437,82775,Rhinolophus ferrumequinum,0.028,0.028,-1,Echolocation,/mnt/ubna_data_02_mir/recover-20220922/UBNA_001/20220921_090000.WAV,Telephone Field,recover-20220922,001,1795
1552.4835,1552.4964,23750,29144,Nyctalus leisleri,0.011,0.024,-1,Echolocation,/mnt/ubna_data_02_mir/recover-20220922/UBNA_001/20220921_090000.WAV,Telephone Field,recover-20220922,001,1795
1552.4905,1552.5291,68437,81946,Rhinolophus ferrumequinum,0.023,0.023,-1,Echolocation,/mnt/ubna_data_02_mir/recover-20220922/UBNA_001/20220921_090000.WAV,Telephone Field,recover-20220922,001,1795
1552.5135,1552.5538,68437,82660,Rhinolophus ferrumequinum,0.03,0.03,-1,Echolocation,/mnt/ubna_data_02_mir/recover-20220922/UBNA_001/20220921_090000.WAV,Telephone Field,recover-20220922,001,1795
1552.5185,1552.5293,23750,28885,Nyctalus leisleri,0.013,0.026,-1,Echolocation,/mnt/ubna_data_02_mir/recover-20220922/UBNA_001/20220921_090000.WAV,Telephone Field,recover-20220922,001,1795
1552.5435,1552.5822,68437,82038,Rhinolophus ferrumequinum,0.033,0.033,-1,Echolocation,/mnt/ubna_data_02_mir/recover-20220922/UBNA_001/20220921_090000.WAV,Telephone Field,recover-20220922,001,1795
1552.5685,1552.6061,68437,81770,Rhinolophus ferrumequinum,0.022,0.022,-1,Echolocation,/mnt/ubna_data_02_mir/recover-20220922/UBNA_001/20220921_090000.WAV,Telephone Field,recover-20220922,001,1795
1552.5715,1552.5822,27187,34292,Eptesicus serotinus,0.01,0.022,-1,Echolocation,/mnt/ubna_data_02_mir/recover-20220922/UBNA_001/20220921_090000.WAV,Telephone Field,recover-20220922,001,1795
1552.6125,1552.6553,68437,83227,Rhinolophus ferrumequinum,0.026,0.026,-1,Echolocation,/mnt/ubna_data_02_mir/recover-20220922/UBNA_001/20220921_090000.WAV,Telephone Field,recover-20220922,001,1795
1552.6185,1552.6296,28906,36483,Eptesicus serotinus,0.015,0.03,-1,Echolocation,/mnt/ubna_data_02_mir/recover-20220922/UBNA_001/20220921_090000.WAV,Telephone Field,recover-20220922,001,1795
1552.6405,1552.6814,68437,82621,Rhinolophus ferrumequinum,0.025,0.025,-1,Echolocation,/mnt/ubna_data_02_mir/recover-20220922/UBNA_001/20220921_090000.WAV,Telephone Field,recover-20220922,001,1795
1552.6405,1552.6505,24609,31368,Nyctalus leisleri,0.009,0.027,-1,Echolocation,/mnt/ubna_data_02_mir/recover-20220922/UBNA_001/20220921_090000.WAV,Telephone Field,recover-20220922,001,1795
1552.6665,1552.7081,68437,82850,Rhinolophus ferrumequinum,0.022,0.022,-1,Echolocation,/mnt/ubna_data_02_mir/recover-20220922/UBNA_001/20220921_090000.WAV,Telephone Field,recover-20220922,001,1795
1552.6995,1552.7396,68437,82834,Rhinolophus ferrumequinum,0.022,0.022,-1,Echolocation,/mnt/ubna_data_02_mir/recover-20220922/UBNA_001/20220921_090000.WAV,Telephone Field,recover-20220922,001,1795
1552.7135,1552.7228,28046,38030,Eptesicus serotinus,0.009,0.022,-1,Echolocation,/mnt/ubna_data_02_mir/recover-20220922/UBNA_001/20220921_090000.WAV,Telephone Field,recover-20220922,001,1795
1552.7385,1552.7795,68437,82844,Rhinolophus ferrumequinum,0.024,0.024,-1,Echolocation,/mnt/ubna_data_02_mir/recover-20220922/UBNA_001/20220921_090000.WAV,Telephone Field,recover-20220922,001,1795
1552.7755,1552.8176,68437,82345,Rhinolophus ferrumequinum,0.022,0.023,-1,Echolocation,/mnt/ubna_data_02_mir/recover-20220922/UBNA_001/20220921_090000.WAV,Telephone Field,recover-20220922,001,1795
1552.8195,1552.8295,28046,35624,Eptesicus serotinus,0.01,0.023,-1,Echolocation,/mnt/ubna_data_02_mir/recover-20220922/UBNA_001/20220921_090000.WAV,Telephone Field,recover-20220922,001,1795
1552.8235,1552.8663,68437,83305,Rhinolophus ferrumequinum,0.031,0.031,-1,Echolocation,/mnt/ubna_data_02_mir/recover-20220922/UBNA_001/20220921_090000.WAV,Telephone Field,recover-20220922,001,1795
1552.8435,1552.8839,68437,82402,Rhinolophus ferrumequinum,0.022,0.022,-1,Echolocation,/mnt/ubna_data_02_mir/recover-20220922/UBNA_001/20220921_090000.WAV,Telephone Field,recover-20220922,001,1795
1552.8485,1552.8608,23750,29606,Eptesicus serotinus,0.013,0.035,-1,Echolocation,/mnt/ubna_data_02_mir/recover-20220922/UBNA_001/20220921_090000.WAV,Telephone Field,recover-20220922,001,1795
1552.8895,1552.9297,68437,82685,Rhinolophus ferrumequinum,0.024,0.024,-1,Echolocation,/mnt/ubna_data_02_mir/recover-20220922/UBNA_001/20220921_090000.WAV,Telephone Field,recover-20220922,001,1795
1552.8945,1552.9036,28046,39307,Eptesicus serotinus,0.009,0.023,-1,Echolocation,/mnt/ubna_data_02_mir/recover-20220922/UBNA_001/20220921_090000.WAV,Telephone Field,recover-20220922,001,1795
1552.8945,1552.9064,38359,41784,Pipistrellus nathusii,0.075,0.083,-1,Echolocation,/mnt/ubna_data_02_mir/recover-20220922/UBNA_001/20220921_090000.WAV,Telephone Field,recover-20220922,001,1795
1552.9375,1552.9445,27187,37879,Eptesicus serotinus,0.008,0.023,-1,Echolocation,/mnt/ubna_data_02_mir/recover-20220922/UBNA_001/20220921_090000.WAV,Telephone Field,recover-20220922,001,1795
1552.9595,1552.9981,68437,81860,Rhinolophus ferrumequinum,0.021,0.021,-1,Echolocation,/mnt/ubna_data_02_mir/recover-20220922/UBNA_001/20220921_090000.WAV,Telephone Field,recover-20220922,001,1795
1552.9665,1552.9789,40937,44934,Pipistrellus nathusii,0.011,0.021,-1,Echolocation,/mnt/ubna_data_02_mir/recover-20220922/UBNA_001/20220921_090000.WAV,Telephone Field,recover-20220922,001,1795
1552.9935,1553.0336,68437,82086,Rhinolophus ferrumequinum,0.022,0.022,-1,Echolocation,/mnt/ubna_data_02_mir/recover-20220922/UBNA_001/20220921_090000.WAV,Telephone Field,recover-20220922,001,1795
1553.0275,1553.0678,68437,82253,Rhinolophus ferrumequinum,0.021,0.021,-1,Echolocation,/mnt/ubna_data_02_mir/recover-20220922/UBNA_001/20220921_090000.WAV,Telephone Field,recover-20220922,001,1795
1553.0375,1553.0777,68437,82517,Rhinolophus ferrumequinum,0.024,0.024,-1,Echolocation,/mnt/ubna_data_02_mir/recover-20220922/UBNA_001/20220921_090000.WAV,Telephone Field,recover-20220922,001,1795
1553.0505,1553.063,25468,30725,Nyctalus leisleri,0.011,0.027,-1,Echolocation,/mnt/ubna_data_02_mir/recover-20220922/UBNA_001/20220921_090000.WAV,Telephone Field,recover-20220922,001,1795
1553.0765,1553.1132,68437,81733,Rhinolophus ferrumequinum,0.021,0.021,-1,Echolocation,/mnt/ubna_data_02_mir/recover-20220922/UBNA_001/20220921_090000.WAV,Telephone Field,recover-20220922,001,1795
1553.0875,1553.1229,68437,80887,Rhinolophus ferrumequinum,0.023,0.023,-1,Echolocation,/mnt/ubna_data_02_mir/recover-20220922/UBNA_001/20220921_090000.WAV,Telephone Field,recover-20220922,001,1795
1553.0985,1553.1162,15156,20233,Nyctalus noctula,0.017,0.024,-1,Echolocation,/mnt/ubna_data_02_mir/recover-20220922/UBNA_001/20220921_090000.WAV,Telephone Field,recover-20220922,001,1795
1553.1345,1553.1746,68437,82188,Rhinolophus ferrumequinum,0.021,0.021,-1,Echolocation,/mnt/ubna_data_02_mir/recover-20220922/UBNA_001/20220921_090000.WAV,Telephone Field,recover-20220922,001,1795
1553.1645,1553.1711,46953,54514,Pipistrellus pipistrellus,0.023,0.025,-1,Echolocation,/mnt/ubna_data_02_mir/recover-20220922/UBNA_001/20220921_090000.WAV,Telephone Field,recover-20220922,001,1795
1553.2065,1553.2472,68437,82709,Rhinolophus ferrumequinum,0.021,0.021,-1,Echolocation,/mnt/ubna_data_02_mir/recover-20220922/UBNA_001/20220921_090000.WAV,Telephone Field,recover-20220922,001,1795
1553.2285,1553.2422,30625,35905,Eptesicus serotinus,0.016,0.035,-1,Echolocation,/mnt/ubna_data_02_mir/recover-20220922/UBNA_001/20220921_090000.WAV,Telephone Field,recover-20220922,001,1795
1553.2475,1553.289,68437,82728,Rhinolophus ferrumequinum,0.022,0.022,-1,Echolocation,/mnt/ubna_data_02_mir/recover-20220922/UBNA_001/20220921_090000.WAV,Telephone Field,recover-20220922,001,1795
1553.2585,1553.2994,68437,82259,Rhinolophus ferrumequinum,0.023,0.023,-1,Echolocation,/mnt/ubna_data_02_mir/recover-20220922/UBNA_001/20220921_090000.WAV,Telephone Field,recover-20220922,001,1795
1553.3025,1553.3122,25468,33778,Eptesicus serotinus,0.01,0.026,-1,Echolocation,/mnt/ubna_data_02_mir/recover-20220922/UBNA_001/20220921_090000.WAV,Telephone Field,recover-20220922,001,1795
1553.3265,1553.3677,68437,82271,Rhinolophus ferrumequinum,0.024,0.024,-1,Echolocation,/mnt/ubna_data_02_mir/recover-20220922/UBNA_001/20220921_090000.WAV,Telephone Field,recover-20220922,001,1795
1553.3275,1553.34,28046,34890,Eptesicus serotinus,0.019,0.032,-1,Echolocation,/mnt/ubna_data_02_mir/recover-20220922/UBNA_001/20220921_090000.WAV,Telephone Field,recover-20220922,001,1795
1553.3605,1553.399,68437,81896,Rhinolophus ferrumequinum,0.024,0.024,-1,Echolocation,/mnt/ubna_data_02_mir/recover-20220922/UBNA_001/20220921_090000.WAV,Telephone Field,recover-20220922,001,1795
1553.3735,1553.4131,68437,82446,Rhinolophus ferrumequinum,0.022,0.022,-1,Echolocation,/mnt/ubna_data_02_mir/recover-20220922/UBNA_001/20220921_090000.WAV,Telephone Field,recover-20220922,001,1795
1553.3765,1553.3833,33203,42460,Myotis daubentonii,0.011,0.029,-1,Echolocation,/mnt/ubna_data_02_mir/recover-20220922/UBNA_001/20220921_090000.WAV,Telephone Field,recover-20220922,001,1795
1553.3785,1553.3856,25468,37436,Eptesicus serotinus,0.007,0.027,-1,Echolocation,/mnt/ubna_data_02_mir/recover-20220922/UBNA_001/20220921_090000.WAV,Telephone Field,recover-20220922,001,1795
1553.4175,1553.4582,68437,82471,Rhinolophus ferrumequinum,0.022,0.022,-1,Echolocation,/mnt/ubna_data_02_mir/recover-20220922/UBNA_001/20220921_090000.WAV,Telephone Field,recover-20220922,001,1795
1553.4185,1553.4261,28046,40173,Eptesicus serotinus,0.007,0.026,-1,Echolocation,/mnt/ubna_data_02_mir/recover-20220922/UBNA_001/20220921_090000.WAV,Telephone Field,recover-20220922,001,1795
1553.4225,1553.4628,68437,82137,Rhinolophus ferrumequinum,0.022,0.022,-1,Echolocation,/mnt/ubna_data_02_mir/recover-20220922/UBNA_001/20220921_090000.WAV,Telephone Field,recover-20220922,001,1795
1553.4295,1553.4674,68437,82068,Rhinolophus ferrumequinum,0.022,0.022,-1,Echolocation,/mnt/ubna_data_02_mir/recover-20220922/UBNA_001/20220921_090000.WAV,Telephone Field,recover-20220922,001,1795
1553.4645,1553.4753,24609,30398,Nyctalus leisleri,0.011,0.027,-1,Echolocation,/mnt/ubna_data_02_mir/recover-20220922/UBNA_001/20220921_090000.WAV,Telephone Field,recover-20220922,001,1795
1553.4825,1553.5203,68437,81870,Rhinolophus ferrumequinum,0.022,0.022,-1,Echolocation,/mnt/ubna_data_02_mir/recover-20220922/UBNA_001/20220921_090000.WAV,Telephone Field,recover-20220922,001,1795
1553.5295,1553.5711000000001,68437,82945,Rhinolophus ferrumequinum,0.03,0.03,-1,Echolocation,/mnt/ubna_data_02_mir/recover-20220922/UBNA_001/20220921_090000.WAV,Telephone Field,recover-20220922,001,1795
1553.5535,1553.5611,25468,33850,Eptesicus serotinus,0.007,0.022,-1,Echolocation,/mnt/ubna_data_02_mir/recover-20220922/UBNA_001/20220921_090000.WAV,Telephone Field,recover-20220922,001,1795
1553.6635,1553.7065,68437,82567,Rhinolophus ferrumequinum,0.021,0.021,-1,Echolocation,/mnt/ubna_data_02_mir/recover-20220922/UBNA_001/20220921_090000.WAV,Telephone Field,recover-20220922,001,1795
1553.6735,1553.7138,68437,81887,Rhinolophus ferrumequinum,0.025,0.025,-1,Echolocation,/mnt/ubna_data_02_mir/recover-20220922/UBNA_001/20220921_090000.WAV,Telephone Field,recover-20220922,001,1795
1553.6965,1553.7152,20312,23386,Nyctalus leisleri,0.011,0.021,-1,Echolocation,/mnt/ubna_data_02_mir/recover-20220922/UBNA_001/20220921_090000.WAV,Telephone Field,recover-20220922,001,1795
1553.7365,1553.775,68437,80601,Rhinolophus ferrumequinum,0.022,0.022,-1,Echolocation,/mnt/ubna_data_02_mir/recover-20220922/UBNA_001/20220921_090000.WAV,Telephone Field,recover-20220922,001,1795
1553.7475,1553.7875,68437,82492,Rhinolophus ferrumequinum,0.021,0.021,-1,Echolocation,/mnt/ubna_data_02_mir/recover-20220922/UBNA_001/20220921_090000.WAV,Telephone Field,recover-20220922,001,1795
1553.7505,1553.7611,47812,54715,Pipistrellus pipistrellus,0.032,0.036,-1,Echolocation,/mnt/ubna_data_02_mir/recover-20220922/UBNA_001/20220921_090000.WAV,Telephone Field,recover-20220922,001,1795
1553.7635,1553.8038,68437,83052,Rhinolophus ferrumequinum,0.024,0.024,-1,Echolocation,/mnt/ubna_data_02_mir/recover-20220922/UBNA_001/20220921_090000.WAV,Telephone Field,recover-20220922,001,1795
1553.7785,1553.815,68437,81342,Rhinolophus ferrumequinum,0.021,0.022,-1,Echolocation,/mnt/ubna_data_02_mir/recover-20220922/UBNA_001/20220921_090000.WAV,Telephone Field,recover-20220922,001,1795
1553.8075,1553.8458,68437,82123,Rhinolophus ferrumequinum,0.021,0.021,-1,Echolocation,/mnt/ubna_data_02_mir/recover-20220922/UBNA_001/20220921_090000.WAV,Telephone Field,recover-20220922,001,1795
1553.8645,1553.8713,28046,38347,Eptesicus serotinus,0.006,0.023,-1,Echolocation,/mnt/ubna_data_02_mir/recover-20220922/UBNA_001/20220921_090000.WAV,Telephone Field,recover-20220922,001,1795
1553.8645,1553.8709,32343,41351,Myotis daubentonii,0.007,0.022,-1,Echolocation,/mnt/ubna_data_02_mir/recover-20220922/UBNA_001/20220921_090000.WAV,Telephone Field,recover-20220922,001,1795
1553.8965,1553.9342,68437,81631,Rhinolophus ferrumequinum,0.022,0.022,-1,Echolocation,/mnt/ubna_data_02_mir/recover-20220922/UBNA_001/20220921_090000.WAV,Telephone Field,recover-20220922,001,1795
1553.9255,1553.9357,28906,36482,Eptesicus serotinus,0.01,0.022,-1,Echolocation,/mnt/ubna_data_02_mir/recover-20220922/UBNA_001/20220921_090000.WAV,Telephone Field,recover-20220922,001,1795
1554.0015,1554.0155,48671,55790,Pipistrellus pipistrellus,0.022,0.029,-1,Echolocation,/mnt/ubna_data_02_mir/recover-20220922/UBNA_001/20220921_090000.WAV,Telephone Field,recover-20220922,001,1795
1554.0015,1554.0107,26328,36292,Eptesicus serotinus,0.01,0.029,-1,Echolocation,/mnt/ubna_data_02_mir/recover-20220922/UBNA_001/20220921_090000.WAV,Telephone Field,recover-20220922,001,1795
1554.0015,1554.0305,68437,79393,Rhinolophus ferrumequinum,0.041,0.042,-1,Echolocation,/mnt/ubna_data_02_mir/recover-20220922/UBNA_001/20220921_090000.WAV,Telephone Field,recover-20220922,001,1795
1554.0315,1554.0369,40078,56141,Myotis bechsteinii,0.008,0.032,-1,Echolocation,/mnt/ubna_data_02_mir/recover-20220922/UBNA_001/20220921_090000.WAV,Telephone Field,recover-20220922,001,1795
1554.0355,1554.0433,26328,39404,Eptesicus serotinus,0.007,0.022,-1,Echolocation,/mnt/ubna_data_02_mir/recover-20220922/UBNA_001/20220921_090000.WAV,Telephone Field,recover-20220922,001,1795
1554.0505,1554.0874,68437,81766,Rhinolophus ferrumequinum,0.023,0.023,-1,Echolocation,/mnt/ubna_data_02_mir/recover-20220922/UBNA_001/20220921_090000.WAV,Telephone Field,recover-20220922,001,1795
1554.0665,1554.104,68437,81968,Rhinolophus ferrumequinum,0.022,0.022,-1,Echolocation,/mnt/ubna_data_02_mir/recover-20220922/UBNA_001/20220921_090000.WAV,Telephone Field,recover-20220922,001,1795
1554.0795,1554.0897,24609,31505,Eptesicus serotinus,0.009,0.023,-1,Echolocation,/mnt/ubna_data_02_mir/recover-20220922/UBNA_001/20220921_090000.WAV,Telephone Field,recover-20220922,001,1795
1554.0905,1554.1323,68437,82472,Rhinolophus ferrumequinum,0.024,0.024,-1,Echolocation,/mnt/ubna_data_02_mir/recover-20220922/UBNA_001/20220921_090000.WAV,Telephone Field,recover-20220922,001,1795
1554.0965,1554.1391,68437,82612,Rhinolophus ferrumequinum,0.024,0.024,-1,Echolocation,/mnt/ubna_data_02_mir/recover-20220922/UBNA_001/20220921_090000.WAV,Telephone Field,recover-20220922,001,1795
1554.1115,1554.12,28906,39051,Eptesicus serotinus,0.008,0.022,-1,Echolocation,/mnt/ubna_data_02_mir/recover-20220922/UBNA_001/20220921_090000.WAV,Telephone Field,recover-20220922,001,1795
1554.1295,1554.1692,68437,83035,Rhinolophus ferrumequinum,0.028,0.028,-1,Echolocation,/mnt/ubna_data_02_mir/recover-20220922/UBNA_001/20220921_090000.WAV,Telephone Field,recover-20220922,001,1795
1554.1365,1554.1779,68437,82508,Rhinolophus ferrumequinum,0.028,0.028,-1,Echolocation,/mnt/ubna_data_02_mir/recover-20220922/UBNA_001/20220921_090000.WAV,Telephone Field,recover-20220922,001,1795
1554.1715,1554.1842,28906,35256,Eptesicus serotinus,0.021,0.034,-1,Echolocation,/mnt/ubna_data_02_mir/recover-20220922/UBNA_001/20220921_090000.WAV,Telephone Field,recover-20220922,001,1795
1554.1805,1554.2201,68437,81982,Rhinolophus ferrumequinum,0.022,0.022,-1,Echolocation,/mnt/ubna_data_02_mir/recover-20220922/UBNA_001/20220921_090000.WAV,Telephone Field,recover-20220922,001,1795
1554.1895,1554.2272,68437,82255,Rhinolophus ferrumequinum,0.023,0.023,-1,Echolocation,/mnt/ubna_data_02_mir/recover-20220922/UBNA_001/20220921_090000.WAV,Telephone Field,recover-20220922,001,1795
1554.2025,1554.2127,47812,51346,Pipistrellus pipistrellus,0.063,0.07,-1,Echolocation,/mnt/ubna_data_02_mir/recover-20220922/UBNA_001/20220921_090000.WAV,Telephone Field,recover-20220922,001,1795
1554.2295,1554.2662,68437,81588,Rhinolophus ferrumequinum,0.021,0.021,-1,Echolocation,/mnt/ubna_data_02_mir/recover-20220922/UBNA_001/20220921_090000.WAV,Telephone Field,recover-20220922,001,1795
1554.2495,1554.2876,68437,82210,Rhinolophus ferrumequinum,0.024,0.025,-1,Echolocation,/mnt/ubna_data_02_mir/recover-20220922/UBNA_001/20220921_090000.WAV,Telephone Field,recover-20220922,001,1795
1554.2575,1554.2672,28906,36604,Eptesicus serotinus,0.012,0.023,-1,Echolocation,/mnt/ubna_data_02_mir/recover-20220922/UBNA_001/20220921_090000.WAV,Telephone Field,recover-20220922,001,1795
1554.2595,1554.2679,24609,32336,Eptesicus serotinus,0.006,0.023,-1,Echolocation,/mnt/ubna_data_02_mir/recover-20220922/UBNA_001/20220921_090000.WAV,Telephone Field,recover-20220922,001,1795
1554.2725,1554.3126,68437,82485,Rhinolophus ferrumequinum,0.021,0.021,-1,Echolocation,/mnt/ubna_data_02_mir/recover-20220922/UBNA_001/20220921_090000.WAV,Telephone Field,recover-20220922,001,1795
1554.2755,1554.2832,27187,38919,Eptesicus serotinus,0.007,0.021,-1,Echolocation,/mnt/ubna_data_02_mir/recover-20220922/UBNA_001/20220921_090000.WAV,Telephone Field,recover-20220922,001,1795
1554.2815,1554.3216,68437,82407,Rhinolophus ferrumequinum,0.021,0.021,-1,Echolocation,/mnt/ubna_data_02_mir/recover-20220922/UBNA_001/20220921_090000.WAV,Telephone Field,recover-20220922,001,1795
1554.3195,1554.34,18593,21607,Nyctalus noctula,0.01,0.021,-1,Echolocation,/mnt/ubna_data_02_mir/recover-20220922/UBNA_001/20220921_090000.WAV,Telephone Field,recover-20220922,001,1795
1554.3385,1554.3497,36640,42569,Pipistrellus nathusii,0.016,0.043,-1,Echolocation,/mnt/ubna_data_02_mir/recover-20220922/UBNA_001/20220921_090000.WAV,Telephone Field,recover-20220922,001,1795
1554.3445,1554.3854,68437,81918,Rhinolophus ferrumequinum,0.021,0.021,-1,Echolocation,/mnt/ubna_data_02_mir/recover-20220922/UBNA_001/20220921_090000.WAV,Telephone Field,recover-20220922,001,1795
1554.3495,1554.3878,68437,82100,Rhinolophus ferrumequinum,0.021,0.021,-1,Echolocation,/mnt/ubna_data_02_mir/recover-20220922/UBNA_001/20220921_090000.WAV,Telephone Field,recover-20220922,001,1795
1554.3825,1554.4163,68437,81021,Rhinolophus ferrumequinum,0.023,0.023,-1,Echolocation,/mnt/ubna_data_02_mir/recover-20220922/UBNA_001/20220921_090000.WAV,Telephone Field,recover-20220922,001,1795
1554.3905,1554.4251,68437,80692,Rhinolophus ferrumequinum,0.023,0.023,-1,Echolocation,/mnt/ubna_data_02_mir/recover-20220922/UBNA_001/20220921_090000.WAV,Telephone Field,recover-20220922,001,1795
1554.4085,1554.4447,68437,81592,Rhinolophus ferrumequinum,0.022,0.022,-1,Echolocation,/mnt/ubna_data_02_mir/recover-20220922/UBNA_001/20220921_090000.WAV,Telephone Field,recover-20220922,001,1795
1554.4085,1554.4166,28046,39452,Eptesicus serotinus,0.01,0.029,-1,Echolocation,/mnt/ubna_data_02_mir/recover-20220922/UBNA_001/20220921_090000.WAV,Telephone Field,recover-20220922,001,1795
1554.4335,1554.4433,23750,29865,Nyctalus leisleri,0.01,0.023,-1,Echolocation,/mnt/ubna_data_02_mir/recover-20220922/UBNA_001/20220921_090000.WAV,Telephone Field,recover-20220922,001,1795
1554.4515,1554.4896,68437,82187,Rhinolophus ferrumequinum,0.021,0.021,-1,Echolocation,/mnt/ubna_data_02_mir/recover-20220922/UBNA_001/20220921_090000.WAV,Telephone Field,recover-20220922,001,1795
1554.4795,1554.5202,68437,82874,Rhinolophus ferrumequinum,0.023,0.023,-1,Echolocation,/mnt/ubna_data_02_mir/recover-20220922/UBNA_001/20220921_090000.WAV,Telephone Field,recover-20220922,001,1795
1554.5045,1554.5452,68437,82677,Rhinolophus ferrumequinum,0.026,0.026,-1,Echolocation,/mnt/ubna_data_02_mir/recover-20220922/UBNA_001/20220921_090000.WAV,Telephone Field,recover-20220922,001,1795
1554.5365,1554.5733,68437,81810,Rhinolophus ferrumequinum,0.023,0.023,-1,Echolocation,/mnt/ubna_data_02_mir/recover-20220922/UBNA_001/20220921_090000.WAV,Telephone Field,recover-20220922,001,1795
1554.5415,1554.5816,68437,82316,Rhinolophus ferrumequinum,0.023,0.023,-1,Echolocation,/mnt/ubna_data_02_mir/recover-20220922/UBNA_001/20220921_090000.WAV,Telephone Field,recover-20220922,001,1795
1554.5505,1554.5609,23750,30675,Nyctalus leisleri,0.011,0.03,-1,Echolocation,/mnt/ubna_data_02_mir/recover-20220922/UBNA_001/20220921_090000.WAV,Telephone Field,recover-20220922,001,1795
1554.5905,1554.6325,68437,82954,Rhinolophus ferrumequinum,0.029,0.029,-1,Echolocation,/mnt/ubna_data_02_mir/recover-20220922/UBNA_001/20220921_090000.WAV,Telephone Field,recover-20220922,001,1795
1554.6015,1554.6099,28906,37348,Eptesicus serotinus,0.008,0.023,-1,Echolocation,/mnt/ubna_data_02_mir/recover-20220922/UBNA_001/20220921_090000.WAV,Telephone Field,recover-20220922,001,1795
1554.6195,1554.6581,68437,82099,Rhinolophus ferrumequinum,0.028,0.028,-1,Echolocation,/mnt/ubna_data_02_mir/recover-20220922/UBNA_001/20220921_090000.WAV,Telephone Field,recover-20220922,001,1795
1554.6475,1554.6864,68437,82225,Rhinolophus ferrumequinum,0.023,0.023,-1,Echolocation,/mnt/ubna_data_02_mir/recover-20220922/UBNA_001/20220921_090000.WAV,Telephone Field,recover-20220922,001,1795
1554.6595,1554.668,23750,33037,Plecotus austriacus,0.008,0.026,-1,Echolocation,/mnt/ubna_data_02_mir/recover-20220922/UBNA_001/20220921_090000.WAV,Telephone Field,recover-20220922,001,1795
1554.6755,1554.6949,19453,22095,Nyctalus leisleri,0.015,0.03,-1,Echolocation,/mnt/ubna_data_02_mir/recover-20220922/UBNA_001/20220921_090000.WAV,Telephone Field,recover-20220922,001,1795
1554.7045,1554.742,68437,82472,Rhinolophus ferrumequinum,0.021,0.021,-1,Echolocation,/mnt/ubna_data_02_mir/recover-20220922/UBNA_001/20220921_090000.WAV,Telephone Field,recover-20220922,001,1795
1554.7115,1554.7509,68437,82642,Rhinolophus ferrumequinum,0.023,0.023,-1,Echolocation,/mnt/ubna_data_02_mir/recover-20220922/UBNA_001/20220921_090000.WAV,Telephone Field,recover-20220922,001,1795
1554.7315,1554.7695,68437,82574,Rhinolophus ferrumequinum,0.03,0.03,-1,Echolocation,/mnt/ubna_data_02_mir/recover-20220922/UBNA_001/20220921_090000.WAV,Telephone Field,recover-20220922,001,1795
1554.7395,1554.7789,68437,82713,Rhinolophus ferrumequinum,0.037,0.037,-1,Echolocation,/mnt/ubna_data_02_mir/recover-20220922/UBNA_001/20220921_090000.WAV,Telephone Field,recover-20220922,001,1795
1554.7405,1554.7482,27187,36036,Eptesicus serotinus,0.009,0.024,-1,Echolocation,/mnt/ubna_data_02_mir/recover-20220922/UBNA_001/20220921_090000.WAV,Telephone Field,recover-20220922,001,1795
1554.7775,1554.8143,68437,81903,Rhinolophus ferrumequinum,0.023,0.023,-1,Echolocation,/mnt/ubna_data_02_mir/recover-20220922/UBNA_001/20220921_090000.WAV,Telephone Field,recover-20220922,001,1795
1554.7915,1554.8294,68437,81714,Rhinolophus ferrumequinum,0.022,0.022,-1,Echolocation,/mnt/ubna_data_02_mir/recover-20220922/UBNA_001/20220921_090000.WAV,Telephone Field,recover-20220922,001,1795
1554.7925,1554.8021,23750,29884,Nyctalus leisleri,0.008,0.021,-1,Echolocation,/mnt/ubna_data_02_mir/recover-20220922/UBNA_001/20220921_090000.WAV,Telephone Field,recover-20220922,001,1795
1554.7975,1554.8394,68437,82626,Rhinolophus ferrumequinum,0.022,0.022,-1,Echolocation,/mnt/ubna_data_02_mir/recover-20220922/UBNA_001/20220921_090000.WAV,Telephone Field,recover-20220922,001,1795
1554.8805,1554.8913,26328,33970,Eptesicus serotinus,0.014,0.027,-1,Echolocation,/mnt/ubna_data_02_mir/recover-20220922/UBNA_001/20220921_090000.WAV,Telephone Field,recover-20220922,001,1795
1554.8995,1554.9398,68437,82318,Rhinolophus ferrumequinum,0.021,0.021,-1,Echolocation,/mnt/ubna_data_02_mir/recover-20220922/UBNA_001/20220921_090000.WAV,Telephone Field,recover-20220922,001,1795
1554.9115,1554.9499,68437,81332,Rhinolophus ferrumequinum,0.024,0.024,-1,Echolocation,/mnt/ubna_data_02_mir/recover-20220922/UBNA_001/20220921_090000.WAV,Telephone Field,recover-20220922,001,1795
1554.9205,1554.9286,27187,38317,Eptesicus serotinus,0.008,0.022,-1,Echolocation,/mnt/ubna_data_02_mir/recover-20220922/UBNA_001/20220921_090000.WAV,Telephone Field,recover-20220922,001,1795
1554.9345,1554.9699,68437,80929,Rhinolophus ferrumequinum,0.021,0.021,-1,Echolocation,/mnt/ubna_data_02_mir/recover-20220922/UBNA_001/20220921_090000.WAV,Telephone Field,recover-20220922,001,1795
1554.9425,1554.9506,23750,32130,Plecotus austriacus,0.011,0.027,-1,Echolocation,/mnt/ubna_data_02_mir/recover-20220922/UBNA_001/20220921_090000.WAV,Telephone Field,recover-20220922,001,1795
1554.9595,1554.9976,68437,81493,Rhinolophus ferrumequinum,0.021,0.021,-1,Echolocation,/mnt/ubna_data_02_mir/recover-20220922/UBNA_001/20220921_090000.WAV,Telephone Field,recover-20220922,001,1795
1554.9845,1555.0198,68437,81248,Rhinolophus ferrumequinum,0.021,0.021,-1,Echolocation,/mnt/ubna_data_02_mir/recover-20220922/UBNA_001/20220921_090000.WAV,Telephone Field,recover-20220922,001,1795
1555.0185,1555.0586,68437,81888,Rhinolophus ferrumequinum,0.023,0.023,-1,Echolocation,/mnt/ubna_data_02_mir/recover-20220922/UBNA_001/20220921_090000.WAV,Telephone Field,recover-20220922,001,1795
1555.0425,1555.0792,68437,81773,Rhinolophus ferrumequinum,0.021,0.021,-1,Echolocation,/mnt/ubna_data_02_mir/recover-20220922/UBNA_001/20220921_090000.WAV,Telephone Field,recover-20220922,001,1795
1555.0525,1555.063,25468,33492,Eptesicus serotinus,0.012,0.026,-1,Echolocation,/mnt/ubna_data_02_mir/recover-20220922/UBNA_001/20220921_090000.WAV,Telephone Field,recover-20220922,001,1795
1555.0575,1555.0961,68437,82225,Rhinolophus ferrumequinum,0.021,0.022,-1,Echolocation,/mnt/ubna_data_02_mir/recover-20220922/UBNA_001/20220921_090000.WAV,Telephone Field,recover-20220922,001,1795
1555.0675,1555.0757,26328,34529,Eptesicus serotinus,0.008,0.024,-1,Echolocation,/mnt/ubna_data_02_mir/recover-20220922/UBNA_001/20220921_090000.WAV,Telephone Field,recover-20220922,001,1795
1555.0915,1555.1025,22890,27289,Nyctalus leisleri,0.013,0.024,-1,Echolocation,/mnt/ubna_data_02_mir/recover-20220922/UBNA_001/20220921_090000.WAV,Telephone Field,recover-20220922,001,1795
1555.1525,1555.1917,68437,81547,Rhinolophus ferrumequinum,0.022,0.022,-1,Echolocation,/mnt/ubna_data_02_mir/recover-20220922/UBNA_001/20220921_090000.WAV,Telephone Field,recover-20220922,001,1795
1555.1975,1555.2349,68437,82595,Rhinolophus ferrumequinum,0.027,0.027,-1,Echolocation,/mnt/ubna_data_02_mir/recover-20220922/UBNA_001/20220921_090000.WAV,Telephone Field,recover-20220922,001,1795
1555.2125,1555.2504,68437,82185,Rhinolophus ferrumequinum,0.022,0.022,-1,Echolocation,/mnt/ubna_data_02_mir/recover-20220922/UBNA_001/20220921_090000.WAV,Telephone Field,recover-20220922,001,1795
1555.2185,1555.2288,28906,36353,Eptesicus serotinus,0.012,0.026,-1,Echolocation,/mnt/ubna_data_02_mir/recover-20220922/UBNA_001/20220921_090000.WAV,Telephone Field,recover-20220922,001,1795
1555.2485,1555.2864,68437,81584,Rhinolophus ferrumequinum,0.022,0.022,-1,Echolocation,/mnt/ubna_data_02_mir/recover-20220922/UBNA_001/20220921_090000.WAV,Telephone Field,recover-20220922,001,1795
1555.2645,1555.271,26328,39665,Eptesicus serotinus,0.005,0.023,-1,Echolocation,/mnt/ubna_data_02_mir/recover-20220922/UBNA_001/20220921_090000.WAV,Telephone Field,recover-20220922,001,1795
1555.2805,1555.2896,46093,51073,Pipistrellus pipistrellus,0.028,0.032,-1,Echolocation,/mnt/ubna_data_02_mir/recover-20220922/UBNA_001/20220921_090000.WAV,Telephone Field,recover-20220922,001,1795
1555.2985,1555.3099,23750,29670,Nyctalus leisleri,0.012,0.027,-1,Echolocation,/mnt/ubna_data_02_mir/recover-20220922/UBNA_001/20220921_090000.WAV,Telephone Field,recover-20220922,001,1795
1555.3225,1555.3315,28046,37819,Eptesicus serotinus,0.008,0.021,-1,Echolocation,/mnt/ubna_data_02_mir/recover-20220922/UBNA_001/20220921_090000.WAV,Telephone Field,recover-20220922,001,1795
1555.3575,1555.3657,28046,37625,Eptesicus serotinus,0.008,0.024,-1,Echolocation,/mnt/ubna_data_02_mir/recover-20220922/UBNA_001/20220921_090000.WAV,Telephone Field,recover-20220922,001,1795
1555.3845,1555.4268,68437,82459,Rhinolophus ferrumequinum,0.037,0.037,-1,Echolocation,/mnt/ubna_data_02_mir/recover-20220922/UBNA_001/20220921_090000.WAV,Telephone Field,recover-20220922,001,1795
1555.3965,1555.4042,27187,40151,Eptesicus serotinus,0.008,0.024,-1,Echolocation,/mnt/ubna_data_02_mir/recover-20220922/UBNA_001/20220921_090000.WAV,Telephone Field,recover-20220922,001,1795
1555.3995,1555.4386,68437,82655,Rhinolophus ferrumequinum,0.022,0.022,-1,Echolocation,/mnt/ubna_data_02_mir/recover-20220922/UBNA_001/20220921_090000.WAV,Telephone Field,recover-20220922,001,1795
1555.4085,1555.4476,68437,82722,Rhinolophus ferrumequinum,0.022,0.022,-1,Echolocation,/mnt/ubna_data_02_mir/recover-20220922/UBNA_001/20220921_090000.WAV,Telephone Field,recover-20220922,001,1795
1555.4185,1555.4555,68437,81147,Rhinolophus ferrumequinum,0.024,0.024,-1,Echolocation,/mnt/ubna_data_02_mir/recover-20220922/UBNA_001/20220921_090000.WAV,Telephone Field,recover-20220922,001,1795
1555.4365,1555.4471,23750,29650,Nyctalus leisleri,0.008,0.021,-1,Echolocation,/mnt/ubna_data_02_mir/recover-20220922/UBNA_001/20220921_090000.WAV,Telephone Field,recover-20220922,001,1795
1555.4475,1555.4573,22890,29827,Nyctalus leisleri,0.009,0.028,-1,Echolocation,/mnt/ubna_data_02_mir/recover-20220922/UBNA_001/20220921_090000.WAV,Telephone Field,recover-20220922,001,1795
1555.4485,1555.4939,68437,83504,Rhinolophus ferrumequinum,0.064,0.064,-1,Echolocation,/mnt/ubna_data_02_mir/recover-20220922/UBNA_001/20220921_090000.WAV,Telephone Field,recover-20220922,001,1795
1555.5395,1555.5492,24609,31975,Nyctalus leisleri,0.009,0.03,-1,Echolocation,/mnt/ubna_data_02_mir/recover-20220922/UBNA_001/20220921_090000.WAV,Telephone Field,recover-20220922,001,1795
1555.5555,1555.595,68437,82264,Rhinolophus ferrumequinum,0.026,0.026,-1,Echolocation,/mnt/ubna_data_02_mir/recover-20220922/UBNA_001/20220921_090000.WAV,Telephone Field,recover-20220922,001,1795
1555.5615,1555.5773,20312,23754,Nyctalus leisleri,0.013,0.024,-1,Echolocation,/mnt/ubna_data_02_mir/recover-20220922/UBNA_001/20220921_090000.WAV,Telephone Field,recover-20220922,001,1795
1555.5855,1555.6241,68437,82392,Rhinolophus ferrumequinum,0.023,0.023,-1,Echolocation,/mnt/ubna_data_02_mir/recover-20220922/UBNA_001/20220921_090000.WAV,Telephone Field,recover-20220922,001,1795
1555.6035,1555.6434,68437,82374,Rhinolophus ferrumequinum,0.024,0.024,-1,Echolocation,/mnt/ubna_data_02_mir/recover-20220922/UBNA_001/20220921_090000.WAV,Telephone Field,recover-20220922,001,1795
1555.6195,1555.6295,25468,33151,Eptesicus serotinus,0.009,0.022,-1,Echolocation,/mnt/ubna_data_02_mir/recover-20220922/UBNA_001/20220921_090000.WAV,Telephone Field,recover-20220922,001,1795
1555.6615,1555.6978,68437,82727,Rhinolophus ferrumequinum,0.027,0.027,-1,Echolocation,/mnt/ubna_data_02_mir/recover-20220922/UBNA_001/20220921_090000.WAV,Telephone Field,recover-20220922,001,1795
1555.6715,1555.7108,68437,82257,Rhinolophus ferrumequinum,0.024,0.024,-1,Echolocation,/mnt/ubna_data_02_mir/recover-20220922/UBNA_001/20220921_090000.WAV,Telephone Field,recover-20220922,001,1795
1555.7065,1555.7166,24609,32985,Eptesicus serotinus,0.012,0.028,-1,Echolocation,/mnt/ubna_data_02_mir/recover-20220922/UBNA_001/20220921_090000.WAV,Telephone Field,recover-20220922,001,1795
1555.7125,1555.7531,68437,82390,Rhinolophus ferrumequinum,0.023,0.023,-1,Echolocation,/mnt/ubna_data_02_mir/recover-20220922/UBNA_001/20220921_090000.WAV,Telephone Field,recover-20220922,001,1795
1555.7535,1555.7647,28046,35204,Eptesicus serotinus,0.012,0.025,-1,Echolocation,/mnt/ubna_data_02_mir/recover-20220922/UBNA_001/20220921_090000.WAV,Telephone Field,recover-20220922,001,1795
1555.7755,1555.8142,68437,81986,Rhinolophus ferrumequinum,0.026,0.026,-1,Echolocation,/mnt/ubna_data_02_mir/recover-20220922/UBNA_001/20220921_090000.WAV,Telephone Field,recover-20220922,001,1795
1555.8055,1555.8433,68437,82444,Rhinolophus ferrumequinum,0.022,0.022,-1,Echolocation,/mnt/ubna_data_02_mir/recover-20220922/UBNA_001/20220921_090000.WAV,Telephone Field,recover-20220922,001,1795
1555.8175,1555.8273,28906,36977,Eptesicus serotinus,0.01,0.023,-1,Echolocation,/mnt/ubna_data_02_mir/recover-20220922/UBNA_001/20220921_090000.WAV,Telephone Field,recover-20220922,001,1795
1555.8535,1555.8892,68437,80614,Rhinolophus ferrumequinum,0.027,0.027,-1,Echolocation,/mnt/ubna_data_02_mir/recover-20220922/UBNA_001/20220921_090000.WAV,Telephone Field,recover-20220922,001,1795
1555.8775,1555.8877,27187,38105,Eptesicus serotinus,0.011,0.024,-1,Echolocation,/mnt/ubna_data_02_mir/recover-20220922/UBNA_001/20220921_090000.WAV,Telephone Field,recover-20220922,001,1795
1555.8855,1555.8917,35781,43543,Myotis daubentonii,0.009,0.023,-1,Echolocation,/mnt/ubna_data_02_mir/recover-20220922/UBNA_001/20220921_090000.WAV,Telephone Field,recover-20220922,001,1795
1555.8865,1555.8936,27187,39489,Eptesicus serotinus,0.01,0.029,-1,Echolocation,/mnt/ubna_data_02_mir/recover-20220922/UBNA_001/20220921_090000.WAV,Telephone Field,recover-20220922,001,1795
1555.9005,1555.9433,68437,83414,Rhinolophus ferrumequinum,0.032,0.032,-1,Echolocation,/mnt/ubna_data_02_mir/recover-20220922/UBNA_001/20220921_090000.WAV,Telephone Field,recover-20220922,001,1795
1555.9615,1555.9739,23750,29824,Nyctalus leisleri,0.012,0.028,-1,Echolocation,/mnt/ubna_data_02_mir/recover-20220922/UBNA_001/20220921_090000.WAV,Telephone Field,recover-20220922,001,1795
1555.9835,1555.9928,26328,36972,Eptesicus serotinus,0.008,0.021,-1,Echolocation,/mnt/ubna_data_02_mir/recover-20220922/UBNA_001/20220921_090000.WAV,Telephone Field,recover-20220922,001,1795
1556.0015,1556.0164,19453,23245,Nyctalus leisleri,0.013,0.023,-1,Echolocation,/mnt/ubna_data_02_mir/recover-20220922/UBNA_001/20220921_090000.WAV,Telephone Field,recover-20220922,001,1795
1556.0015,1556.0111,24609,31195,Nyctalus leisleri,0.011,0.027,-1,Echolocation,/mnt/ubna_data_02_mir/recover-20220922/UBNA_001/20220921_090000.WAV,Telephone Field,recover-20220922,001,1795
1556.0015,1556.0366,68437,79869,Rhinolophus ferrumequinum,0.033,0.033,-1,Echolocation,/mnt/ubna_data_02_mir/recover-20220922/UBNA_001/20220921_090000.WAV,Telephone Field,recover-20220922,001,1795
1556.0095,1556.0544,68437,82740,Rhinolophus ferrumequinum,0.026,0.026,-1,Echolocation,/mnt/ubna_data_02_mir/recover-20220922/UBNA_001/20220921_090000.WAV,Telephone Field,recover-20220922,001,1795
1556.0215,1556.0308,50390,53981,Pipistrellus pipistrellus,0.024,0.03,-1,Echolocation,/mnt/ubna_data_02_mir/recover-20220922/UBNA_001/20220921_090000.WAV,Telephone Field,recover-20220922,001,1795
1556.0515,1556.0604,25468,33648,Eptesicus serotinus,0.01,0.027,-1,Echolocation,/mnt/ubna_data_02_mir/recover-20220922/UBNA_001/20220921_090000.WAV,Telephone Field,recover-20220922,001,1795
1556.0915,1556.0985,24609,33649,Plecotus austriacus,0.008,0.024,-1,Echolocation,/mnt/ubna_data_02_mir/recover-20220922/UBNA_001/20220921_090000.WAV,Telephone Field,recover-20220922,001,1795
1556.1235,1556.1612,68437,81534,Rhinolophus ferrumequinum,0.021,0.021,-1,Echolocation,/mnt/ubna_data_02_mir/recover-20220922/UBNA_001/20220921_090000.WAV,Telephone Field,recover-20220922,001,1795
1556.1455,1556.1805,68437,80954,Rhinolophus ferrumequinum,0.033,0.033,-1,Echolocation,/mnt/ubna_data_02_mir/recover-20220922/UBNA_001/20220921_090000.WAV,Telephone Field,recover-20220922,001,1795
1556.1545,1556.1894,68437,80969,Rhinolophus ferrumequinum,0.023,0.023,-1,Echolocation,/mnt/ubna_data_02_mir/recover-20220922/UBNA_001/20220921_090000.WAV,Telephone Field,recover-20220922,001,1795
1556.1955,1556.2349,68437,81988,Rhinolophus ferrumequinum,0.029,0.029,-1,Echolocation,/mnt/ubna_data_02_mir/recover-20220922/UBNA_001/20220921_090000.WAV,Telephone Field,recover-20220922,001,1795
1556.2225,1556.2302,28046,41480,Eptesicus serotinus,0.008,0.024,-1,Echolocation,/mnt/ubna_data_02_mir/recover-20220922/UBNA_001/20220921_090000.WAV,Telephone Field,recover-20220922,001,1795
1556.2365,1556.2742,68437,82345,Rhinolophus ferrumequinum,0.021,0.021,-1,Echolocation,/mnt/ubna_data_02_mir/recover-20220922/UBNA_001/20220921_090000.WAV,Telephone Field,recover-20220922,001,1795
1556.2465,1556.2846,68437,82276,Rhinolophus ferrumequinum,0.024,0.024,-1,Echolocation,/mnt/ubna_data_02_mir/recover-20220922/UBNA_001/20220921_090000.WAV,Telephone Field,recover-20220922,001,1795
1556.3085,1556.3436,68437,80732,Rhinolophus ferrumequinum,0.021,0.021,-1,Echolocation,/mnt/ubna_data_02_mir/recover-20220922/UBNA_001/20220921_090000.WAV,Telephone Field,recover-20220922,001,1795
1556.3275,1556.3651,68437,81275,Rhinolophus ferrumequinum,0.021,0.021,-1,Echolocation,/mnt/ubna_data_02_mir/recover-20220922/UBNA_001/20220921_090000.WAV,Telephone Field,recover-20220922,001,1795
1556.3485,1556.3894,68437,81795,Rhinolophus ferrumequinum,0.024,0.024,-1,Echolocation,/mnt/ubna_data_02_mir/recover-20220922/UBNA_001/20220921_090000.WAV,Telephone Field,recover-20220922,001,1795
1556.3575,1556.3937,68437,81385,Rhinolophus ferrumequinum,0.023,0.023,-1,Echolocation,/mnt/ubna_data_02_mir/recover-20220922/UBNA_001/20220921_090000.WAV,Telephone Field,recover-20220922,001,1795
1556.3705,1556.4096,68437,82374,Rhinolophus ferrumequinum,0.021,0.021,-1,Echolocation,/mnt/ubna_data_02_mir/recover-20220922/UBNA_001/20220921_090000.WAV,Telephone Field,recover-20220922,001,1795
1556.3855,1556.3937,27187,39933,Eptesicus serotinus,0.008,0.021,-1,Echolocation,/mnt/ubna_data_02_mir/recover-20220922/UBNA_001/20220921_090000.WAV,Telephone Field,recover-20220922,001,1795
1556.3925,1556.4274,68437,81657,Rhinolophus ferrumequinum,0.021,0.022,-1,Echolocation,/mnt/ubna_data_02_mir/recover-20220922/UBNA_001/20220921_090000.WAV,Telephone Field,recover-20220922,001,1795
1556.4135,1556.4207,27187,38729,Eptesicus serotinus,0.007,0.021,-1,Echolocation,/mnt/ubna_data_02_mir/recover-20220922/UBNA_001/20220921_090000.WAV,Telephone Field,recover-20220922,001,1795
1556.4135,1556.4271,43515,46746,Pipistrellus pipistrellus,0.08,0.088,-1,Echolocation,/mnt/ubna_data_02_mir/recover-20220922/UBNA_001/20220921_090000.WAV,Telephone Field,recover-20220922,001,1795
1556.4185,1556.4564,68437,81774,Rhinolophus ferrumequinum,0.022,0.022,-1,Echolocation,/mnt/ubna_data_02_mir/recover-20220922/UBNA_001/20220921_090000.WAV,Telephone Field,recover-20220922,001,1795
1556.4315,1556.4716,68437,82488,Rhinolophus ferrumequinum,0.023,0.023,-1,Echolocation,/mnt/ubna_data_02_mir/recover-20220922/UBNA_001/20220921_090000.WAV,Telephone Field,recover-20220922,001,1795
1556.4415,1556.4512,52109,56816,Pipistrellus pipistrellus,0.024,0.032,-1,Echolocation,/mnt/ubna_data_02_mir/recover-20220922/UBNA_001/20220921_090000.WAV,Telephone Field,recover-20220922,001,1795
1556.4515,1556.4605999999999,25468,33503,Eptesicus serotinus,0.007,0.021,-1,Echolocation,/mnt/ubna_data_02_mir/recover-20220922/UBNA_001/20220921_090000.WAV,Telephone Field,recover-20220922,001,1795
1556.4625,1556.4977,68437,81619,Rhinolophus ferrumequinum,0.024,0.024,-1,Echolocation,/mnt/ubna_data_02_mir/recover-20220922/UBNA_001/20220921_090000.WAV,Telephone Field,recover-20220922,001,1795
1556.4885,1556.5303,68437,82574,Rhinolophus ferrumequinum,0.027,0.027,-1,Echolocation,/mnt/ubna_data_02_mir/recover-20220922/UBNA_001/20220921_090000.WAV,Telephone Field,recover-20220922,001,1795
1556.5185,1556.5574,68437,82541,Rhinolophus ferrumequinum,0.024,0.024,-1,Echolocation,/mnt/ubna_data_02_mir/recover-20220922/UBNA_001/20220921_090000.WAV,Telephone Field,recover-20220922,001,1795
1556.5475,1556.5878,68437,82227,Rhinolophus ferrumequinum,0.025,0.025,-1,Echolocation,/mnt/ubna_data_02_mir/recover-20220922/UBNA_001/20220921_090000.WAV,Telephone Field,recover-20220922,001,1795
1556.5525,1556.56,47812,53528,Pipistrellus pipistrellus,0.024,0.025,-1,Echolocation,/mnt/ubna_data_02_mir/recover-20220922/UBNA_001/20220921_090000.WAV,Telephone Field,recover-20220922,001,1795
1556.5905,1556.6236,68437,81011,Rhinolophus ferrumequinum,0.021,0.022,-1,Echolocation,/mnt/ubna_data_02_mir/recover-20220922/UBNA_001/20220921_090000.WAV,Telephone Field,recover-20220922,001,1795
1556.6065,1556.6455,68437,82245,Rhinolophus ferrumequinum,0.022,0.022,-1,Echolocation,/mnt/ubna_data_02_mir/recover-20220922/UBNA_001/20220921_090000.WAV,Telephone Field,recover-20220922,001,1795
1556.6275,1556.6647,68437,81981,Rhinolophus ferrumequinum,0.022,0.022,-1,Echolocation,/mnt/ubna_data_02_mir/recover-20220922/UBNA_001/20220921_090000.WAV,Telephone Field,recover-20220922,001,1795
1556.6555,1556.6933,68437,82258,Rhinolophus ferrumequinum,0.024,0.024,-1,Echolocation,/mnt/ubna_data_02_mir/recover-20220922/UBNA_001/20220921_090000.WAV,Telephone Field,recover-20220922,001,1795
1556.6645,1556.7042,68437,82567,Rhinolophus ferrumequinum,0.024,0.024,-1,Echolocation,/mnt/ubna_data_02_mir/recover-20220922/UBNA_001/20220921_090000.WAV,Telephone Field,recover-20220922,001,1795
1556.7115,1556.7528,68437,82573,Rhinolophus ferrumequinum,0.035,0.035,-1,Echolocation,/mnt/ubna_data_02_mir/recover-20220922/UBNA_001/20220921_090000.WAV,Telephone Field,recover-20220922,001,1795
1556.7155,1556.7232,28906,39720,Eptesicus serotinus,0.009,0.026,-1,Echolocation,/mnt/ubna_data_02_mir/recover-20220922/UBNA_001/20220921_090000.WAV,Telephone Field,recover-20220922,001,1795
1556.7295,1556.7665,68437,81895,Rhinolophus ferrumequinum,0.023,0.023,-1,Echolocation,/mnt/ubna_data_02_mir/recover-20220922/UBNA_001/20220921_090000.WAV,Telephone Field,recover-20220922,001,1795
1556.8335,1556.845,37500,41886,Pipistrellus nathusii,0.012,0.025,-1,Echolocation,/mnt/ubna_data_02_mir/recover-20220922/UBNA_001/20220921_090000.WAV,Telephone Field,recover-20220922,001,1795
1556.8345,1556.8714,68437,81819,Rhinolophus ferrumequinum,0.024,0.024,-1,Echolocation,/mnt/ubna_data_02_mir/recover-20220922/UBNA_001/20220921_090000.WAV,Telephone Field,recover-20220922,001,1795
1556.8465,1556.8874,68437,83018,Rhinolophus ferrumequinum,0.025,0.025,-1,Echolocation,/mnt/ubna_data_02_mir/recover-20220922/UBNA_001/20220921_090000.WAV,Telephone Field,recover-20220922,001,1795
1556.8615,1556.8959,68437,80893,Rhinolophus ferrumequinum,0.021,0.021,-1,Echolocation,/mnt/ubna_data_02_mir/recover-20220922/UBNA_001/20220921_090000.WAV,Telephone Field,recover-20220922,001,1795
1556.8725,1556.8823,50390,55301,Pipistrellus pipistrellus,0.021,0.024,-1,Echolocation,/mnt/ubna_data_02_mir/recover-20220922/UBNA_001/20220921_090000.WAV,Telephone Field,recover-20220922,001,1795
1556.9185,1556.9627,68437,82841,Rhinolophus ferrumequinum,0.038,0.038,-1,Echolocation,/mnt/ubna_data_02_mir/recover-20220922/UBNA_001/20220921_090000.WAV,Telephone Field,recover-20220922,001,1795
1556.9415,1556.9873,68437,83747,Rhinolophus ferrumequinum,0.055,0.055,-1,Echolocation,/mnt/ubna_data_02_mir/recover-20220922/UBNA_001/20220921_090000.WAV,Telephone Field,recover-20220922,001,1795
1556.9425,1556.9497,24609,34042,Plecotus austriacus,0.008,0.024,-1,Echolocation,/mnt/ubna_data_02_mir/recover-20220922/UBNA_001/20220921_090000.WAV,Telephone Field,recover-20220922,001,1795
1556.9635,1557.0045,68437,82917,Rhinolophus ferrumequinum,0.028,0.028,-1,Echolocation,/mnt/ubna_data_02_mir/recover-20220922/UBNA_001/20220921_090000.WAV,Telephone Field,recover-20220922,001,1795
1556.9855,1556.9938,22890,30818,Plecotus austriacus,0.008,0.022,-1,Echolocation,/mnt/ubna_data_02_mir/recover-20220922/UBNA_001/20220921_090000.WAV,Telephone Field,recover-20220922,001,1795
1556.9955,1557.037,68437,82485,Rhinolophus ferrumequinum,0.039,0.039,-1,Echolocation,/mnt/ubna_data_02_mir/recover-20220922/UBNA_001/20220921_090000.WAV,Telephone Field,recover-20220922,001,1795
1557.0135,1557.0236,28046,35816,Eptesicus serotinus,0.012,0.025,-1,Echolocation,/mnt/ubna_data_02_mir/recover-20220922/UBNA_001/20220921_090000.WAV,Telephone Field,recover-20220922,001,1795
1557.0395,1557.0799,68437,82583,Rhinolophus ferrumequinum,0.029,0.029,-1,Echolocation,/mnt/ubna_data_02_mir/recover-20220922/UBNA_001/20220921_090000.WAV,Telephone Field,recover-20220922,001,1795
1557.0855,1557.1284,68437,83431,Rhinolophus ferrumequinum,0.027,0.027,-1,Echolocation,/mnt/ubna_data_02_mir/recover-20220922/UBNA_001/20220921_090000.WAV,Telephone Field,recover-20220922,001,1795
1557.1025,1557.142,68437,82420,Rhinolophus ferrumequinum,0.021,0.021,-1,Echolocation,/mnt/ubna_data_02_mir/recover-20220922/UBNA_001/20220921_090000.WAV,Telephone Field,recover-20220922,001,1795
1557.1245,1557.1648,68437,82429,Rhinolophus ferrumequinum,0.038,0.038,-1,Echolocation,/mnt/ubna_data_02_mir/recover-20220922/UBNA_001/20220921_090000.WAV,Telephone Field,recover-20220922,001,1795
1557.1895,1557.2319,68437,82669,Rhinolophus ferrumequinum,0.028,0.028,-1,Echolocation,/mnt/ubna_data_02_mir/recover-20220922/UBNA_001/20220921_090000.WAV,Telephone Field,recover-20220922,001,1795
1557.2025,1557.2142,39218,43476,Pipistrellus nathusii,0.012,0.021,-1,Echolocation,/mnt/ubna_data_02_mir/recover-20220922/UBNA_001/20220921_090000.WAV,Telephone Field,recover-20220922,001,1795
1557.2025,1557.2109,25468,34055,Eptesicus serotinus,0.008,0.021,-1,Echolocation,/mnt/ubna_data_02_mir/recover-20220922/UBNA_001/20220921_090000.WAV,Telephone Field,recover-20220922,001,1795
1557.2225,1557.2303,27187,40499,Eptesicus serotinus,0.008,0.022,-1,Echolocation,/mnt/ubna_data_02_mir/recover-20220922/UBNA_001/20220921_090000.WAV,Telephone Field,recover-20220922,001,1795
1557.2245,1557.265,68437,81984,Rhinolophus ferrumequinum,0.028,0.028,-1,Echolocation,/mnt/ubna_data_02_mir/recover-20220922/UBNA_001/20220921_090000.WAV,Telephone Field,recover-20220922,001,1795
1557.2475,1557.2556,28906,40010,Eptesicus serotinus,0.008,0.024,-1,Echolocation,/mnt/ubna_data_02_mir/recover-20220922/UBNA_001/20220921_090000.WAV,Telephone Field,recover-20220922,001,1795
1557.2535,1557.293,68437,82540,Rhinolophus ferrumequinum,0.024,0.024,-1,Echolocation,/mnt/ubna_data_02_mir/recover-20220922/UBNA_001/20220921_090000.WAV,Telephone Field,recover-20220922,001,1795
1557.2795,1557.3119,68437,80240,Rhinolophus ferrumequinum,0.022,0.022,-1,Echolocation,/mnt/ubna_data_02_mir/recover-20220922/UBNA_001/20220921_090000.WAV,Telephone Field,recover-20220922,001,1795
1557.2935,1557.3308,68437,81966,Rhinolophus ferrumequinum,0.022,0.022,-1,Echolocation,/mnt/ubna_data_02_mir/recover-20220922/UBNA_001/20220921_090000.WAV,Telephone Field,recover-20220922,001,1795
1557.3105,1557.349,68437,81465,Rhinolophus ferrumequinum,0.021,0.021,-1,Echolocation,/mnt/ubna_data_02_mir/recover-20220922/UBNA_001/20220921_090000.WAV,Telephone Field,recover-20220922,001,1795
1557.3135,1557.3275,25468,31922,Eptesicus serotinus,0.023,0.047,-1,Echolocation,/mnt/ubna_data_02_mir/recover-20220922/UBNA_001/20220921_090000.WAV,Telephone Field,recover-20220922,001,1795
1557.3265,1557.3657,68437,82576,Rhinolophus ferrumequinum,0.027,0.027,-1,Echolocation,/mnt/ubna_data_02_mir/recover-20220922/UBNA_001/20220921_090000.WAV,Telephone Field,recover-20220922,001,1795
1557.3815,1557.4202,68437,82667,Rhinolophus ferrumequinum,0.028,0.028,-1,Echolocation,/mnt/ubna_data_02_mir/recover-20220922/UBNA_001/20220921_090000.WAV,Telephone Field,recover-20220922,001,1795
1557.4145,1557.4246,28046,34965,Eptesicus serotinus,0.035,0.062,-1,Echolocation,/mnt/ubna_data_02_mir/recover-20220922/UBNA_001/20220921_090000.WAV,Telephone Field,recover-20220922,001,1795
1557.4495,1557.4928,68437,82572,Rhinolophus ferrumequinum,0.024,0.024,-1,Echolocation,/mnt/ubna_data_02_mir/recover-20220922/UBNA_001/20220921_090000.WAV,Telephone Field,recover-20220922,001,1795
1557.4725,1557.5086000000001,68437,81682,Rhinolophus ferrumequinum,0.023,0.023,-1,Echolocation,/mnt/ubna_data_02_mir/recover-20220922/UBNA_001/20220921_090000.WAV,Telephone Field,recover-20220922,001,1795
1557.4745,1557.4806,28046,42345,Eptesicus serotinus,0.005,0.023,-1,Echolocation,/mnt/ubna_data_02_mir/recover-20220922/UBNA_001/20220921_090000.WAV,Telephone Field,recover-20220922,001,1795
1557.4865,1557.5233,68437,82250,Rhinolophus ferrumequinum,0.023,0.023,-1,Echolocation,/mnt/ubna_data_02_mir/recover-20220922/UBNA_001/20220921_090000.WAV,Telephone Field,recover-20220922,001,1795
1557.4915,1557.5025,22890,27764,Nyctalus leisleri,0.013,0.024,-1,Echolocation,/mnt/ubna_data_02_mir/recover-20220922/UBNA_001/20220921_090000.WAV,Telephone Field,recover-20220922,001,1795
1557.5105,1557.5501,68437,81795,Rhinolophus ferrumequinum,0.022,0.022,-1,Echolocation,/mnt/ubna_data_02_mir/recover-20220922/UBNA_001/20220921_090000.WAV,Telephone Field,recover-20220922,001,1795
1557.5195,1557.5582,68437,82284,Rhinolophus ferrumequinum,0.022,0.022,-1,Echolocation,/mnt/ubna_data_02_mir/recover-20220922/UBNA_001/20220921_090000.WAV,Telephone Field,recover-20220922,001,1795
1557.5315,1557.5408,27187,37662,Eptesicus serotinus,0.017,0.032,-1,Echolocation,/mnt/ubna_data_02_mir/recover-20220922/UBNA_001/20220921_090000.WAV,Telephone Field,recover-20220922,001,1795
1557.5535,1557.563,24609,32355,Eptesicus serotinus,0.007,0.021,-1,Echolocation,/mnt/ubna_data_02_mir/recover-20220922/UBNA_001/20220921_090000.WAV,Telephone Field,recover-20220922,001,1795
1557.5555,1557.5924,68437,81274,Rhinolophus ferrumequinum,0.022,0.023,-1,Echolocation,/mnt/ubna_data_02_mir/recover-20220922/UBNA_001/20220921_090000.WAV,Telephone Field,recover-20220922,001,1795
1557.5795,1557.6153,68437,81644,Rhinolophus ferrumequinum,0.021,0.021,-1,Echolocation,/mnt/ubna_data_02_mir/recover-20220922/UBNA_001/20220921_090000.WAV,Telephone Field,recover-20220922,001,1795
1557.5905,1557.6303,68437,82082,Rhinolophus ferrumequinum,0.026,0.026,-1,Echolocation,/mnt/ubna_data_02_mir/recover-20220922/UBNA_001/20220921_090000.WAV,Telephone Field,recover-20220922,001,1795
1557.6595,1557.6674,28046,39388,Eptesicus serotinus,0.007,0.022,-1,Echolocation,/mnt/ubna_data_02_mir/recover-20220922/UBNA_001/20220921_090000.WAV,Telephone Field,recover-20220922,001,1795
1557.6755,1557.6852,24609,31741,Eptesicus serotinus,0.009,0.025,-1,Echolocation,/mnt/ubna_data_02_mir/recover-20220922/UBNA_001/20220921_090000.WAV,Telephone Field,recover-20220922,001,1795
1557.6765,1557.718,68437,83144,Rhinolophus ferrumequinum,0.029,0.029,-1,Echolocation,/mnt/ubna_data_02_mir/recover-20220922/UBNA_001/20220921_090000.WAV,Telephone Field,recover-20220922,001,1795
1557.6995,1557.7386,68437,81872,Rhinolophus ferrumequinum,0.021,0.021,-1,Echolocation,/mnt/ubna_data_02_mir/recover-20220922/UBNA_001/20220921_090000.WAV,Telephone Field,recover-20220922,001,1795
1557.7215,1557.7604,68437,82320,Rhinolophus ferrumequinum,0.024,0.024,-1,Echolocation,/mnt/ubna_data_02_mir/recover-20220922/UBNA_001/20220921_090000.WAV,Telephone Field,recover-20220922,001,1795
1557.7395,1557.7787,68437,82442,Rhinolophus ferrumequinum,0.022,0.022,-1,Echolocation,/mnt/ubna_data_02_mir/recover-20220922/UBNA_001/20220921_090000.WAV,Telephone Field,recover-20220922,001,1795
1557.7505,1557.7881,68437,82299,Rhinolophus ferrumequinum,0.022,0.022,-1,Echolocation,/mnt/ubna_data_02_mir/recover-20220922/UBNA_001/20220921_090000.WAV,Telephone Field,recover-20220922,001,1795
1557.7565,1557.7658,28046,35980,Eptesicus serotinus,0.012,0.026,-1,Echolocation,/mnt/ubna_data_02_mir/recover-20220922/UBNA_001/20220921_090000.WAV,Telephone Field,recover-20220922,001,1795
1557.7895,1557.8292,68437,82462,Rhinolophus ferrumequinum,0.032,0.032,-1,Echolocation,/mnt/ubna_data_02_mir/recover-20220922/UBNA_001/20220921_090000.WAV,Telephone Field,recover-20220922,001,1795
1557.8015,1557.8101,28906,37930,Eptesicus serotinus,0.008,0.023,-1,Echolocation,/mnt/ubna_data_02_mir/recover-20220922/UBNA_001/20220921_090000.WAV,Telephone Field,recover-20220922,001,1795
1557.8195,1557.8574,68437,82036,Rhinolophus ferrumequinum,0.021,0.021,-1,Echolocation,/mnt/ubna_data_02_mir/recover-20220922/UBNA_001/20220921_090000.WAV,Telephone Field,recover-20220922,001,1795
1557.8305,1557.8701,68437,82534,Rhinolophus ferrumequinum,0.022,0.022,-1,Echolocation,/mnt/ubna_data_02_mir/recover-20220922/UBNA_001/20220921_090000.WAV,Telephone Field,recover-20220922,001,1795
1557.8635,1557.8721,26328,36111,Eptesicus serotinus,0.009,0.023,-1,Echolocation,/mnt/ubna_data_02_mir/recover-20220922/UBNA_001/20220921_090000.WAV,Telephone Field,recover-20220922,001,1795
1557.8855,1557.9294,68437,82635,Rhinolophus ferrumequinum,0.035,0.035,-1,Echolocation,/mnt/ubna_data_02_mir/recover-20220922/UBNA_001/20220921_090000.WAV,Telephone Field,recover-20220922,001,1795
1557.9065,1557.9429,68437,82011,Rhinolophus ferrumequinum,0.022,0.022,-1,Echolocation,/mnt/ubna_data_02_mir/recover-20220922/UBNA_001/20220921_090000.WAV,Telephone Field,recover-20220922,001,1795
1557.9435,1557.9818,68437,81983,Rhinolophus ferrumequinum,0.021,0.021,-1,Echolocation,/mnt/ubna_data_02_mir/recover-20220922/UBNA_001/20220921_090000.WAV,Telephone Field,recover-20220922,001,1795
1557.9605,1557.997,68437,81192,Rhinolophus ferrumequinum,0.022,0.023,-1,Echolocation,/mnt/ubna_data_02_mir/recover-20220922/UBNA_001/20220921_090000.WAV,Telephone Field,recover-20220922,001,1795
1557.9775,1557.9866,41796,45079,Pipistrellus pipistrellus,0.024,0.029,-1,Echolocation,/mnt/ubna_data_02_mir/recover-20220922/UBNA_001/20220921_090000.WAV,Telephone Field,recover-20220922,001,1795
1557.9835,1557.9943,22890,27879,Nyctalus leisleri,0.011,0.023,-1,Echolocation,/mnt/ubna_data_02_mir/recover-20220922/UBNA_001/20220921_090000.WAV,Telephone Field,recover-20220922,001,1795
1558.0015,1558.0306,69296,80327,Rhinolophus ferrumequinum,0.035,0.036,-1,Echolocation,/mnt/ubna_data_02_mir/recover-20220922/UBNA_001/20220921_090000.WAV,Telephone Field,recover-20220922,001,1795
1558.0015,1558.0121,23750,29852,Nyctalus leisleri,0.025,0.057,-1,Echolocation,/mnt/ubna_data_02_mir/recover-20220922/UBNA_001/20220921_090000.WAV,Telephone Field,recover-20220922,001,1795
1558.0645,1558.1009,68437,81207,Rhinolophus ferrumequinum,0.022,0.022,-1,Echolocation,/mnt/ubna_data_02_mir/recover-20220922/UBNA_001/20220921_090000.WAV,Telephone Field,recover-20220922,001,1795
1558.0825,1558.0902,28046,39207,Eptesicus serotinus,0.01,0.024,-1,Echolocation,/mnt/ubna_data_02_mir/recover-20220922/UBNA_001/20220921_090000.WAV,Telephone Field,recover-20220922,001,1795
1558.1565,1558.1672,22890,28487,Nyctalus leisleri,0.011,0.024,-1,Echolocation,/mnt/ubna_data_02_mir/recover-20220922/UBNA_001/20220921_090000.WAV,Telephone Field,recover-20220922,001,1795
1558.1675,1558.1751,27187,37274,Eptesicus serotinus,0.007,0.022,-1,Echolocation,/mnt/ubna_data_02_mir/recover-20220922/UBNA_001/20220921_090000.WAV,Telephone Field,recover-20220922,001,1795
1558.1775,1558.1906,22031,25924,Nyctalus leisleri,0.013,0.022,-1,Echolocation,/mnt/ubna_data_02_mir/recover-20220922/UBNA_001/20220921_090000.WAV,Telephone Field,recover-20220922,001,1795
1558.1875,1558.2246,68437,81694,Rhinolophus ferrumequinum,0.022,0.022,-1,Echolocation,/mnt/ubna_data_02_mir/recover-20220922/UBNA_001/20220921_090000.WAV,Telephone Field,recover-20220922,001,1795
1558.2025,1558.2092,49531,56531,Pipistrellus pipistrellus,0.02,0.022,-1,Echolocation,/mnt/ubna_data_02_mir/recover-20220922/UBNA_001/20220921_090000.WAV,Telephone Field,recover-20220922,001,1795
1558.2175,1558.2518,68437,80783,Rhinolophus ferrumequinum,0.022,0.022,-1,Echolocation,/mnt/ubna_data_02_mir/recover-20220922/UBNA_001/20220921_090000.WAV,Telephone Field,recover-20220922,001,1795
1558.2225,1558.23,23750,32479,Plecotus austriacus,0.01,0.022,-1,Echolocation,/mnt/ubna_data_02_mir/recover-20220922/UBNA_001/20220921_090000.WAV,Telephone Field,recover-20220922,001,1795
1558.2415,1558.2825,68437,82567,Rhinolophus ferrumequinum,0.034,0.034,-1,Echolocation,/mnt/ubna_data_02_mir/recover-20220922/UBNA_001/20220921_090000.WAV,Telephone Field,recover-20220922,001,1795
1558.2415,1558.2477,28046,42203,Myotis daubentonii,0.007,0.031,-1,Echolocation,/mnt/ubna_data_02_mir/recover-20220922/UBNA_001/20220921_090000.WAV,Telephone Field,recover-20220922,001,1795
1558.2685,1558.2743,13437,34984,Plecotus auritus,0.026,0.028,-1,Echolocation,/mnt/ubna_data_02_mir/recover-20220922/UBNA_001/20220921_090000.WAV,Telephone Field,recover-20220922,001,1795
1558.2695,1558.2763,26328,38285,Eptesicus serotinus,0.013,0.046,-1,Echolocation,/mnt/ubna_data_02_mir/recover-20220922/UBNA_001/20220921_090000.WAV,Telephone Field,recover-20220922,001,1795
1558.2695,1558.3113,68437,82846,Rhinolophus ferrumequinum,0.027,0.027,-1,Echolocation,/mnt/ubna_data_02_mir/recover-20220922/UBNA_001/20220921_090000.WAV,Telephone Field,recover-20220922,001,1795
1558.3055,1558.3474,68437,83136,Rhinolophus ferrumequinum,0.038,0.038,-1,Echolocation,/mnt/ubna_data_02_mir/recover-20220922/UBNA_001/20220921_090000.WAV,Telephone Field,recover-20220922,001,1795
1558.3555,1558.3625,24609,33863,Plecotus austriacus,0.008,0.024,-1,Echolocation,/mnt/ubna_data_02_mir/recover-20220922/UBNA_001/20220921_090000.WAV,Telephone Field,recover-20220922,001,1795
1558.3705,1558.408,68437,81397,Rhinolophus ferrumequinum,0.024,0.024,-1,Echolocation,/mnt/ubna_data_02_mir/recover-20220922/UBNA_001/20220921_090000.WAV,Telephone Field,recover-20220922,001,1795
1558.3845,1558.4253,68437,82391,Rhinolophus ferrumequinum,0.033,0.033,-1,Echolocation,/mnt/ubna_data_02_mir/recover-20220922/UBNA_001/20220921_090000.WAV,Telephone Field,recover-20220922,001,1795
1558.4065,1558.4456,68437,82195,Rhinolophus ferrumequinum,0.024,0.024,-1,Echolocation,/mnt/ubna_data_02_mir/recover-20220922/UBNA_001/20220921_090000.WAV,Telephone Field,recover-20220922,001,1795
1558.4225,1558.4375,38359,43222,Pipistrellus nathusii,0.02,0.035,-1,Echolocation,/mnt/ubna_data_02_mir/recover-20220922/UBNA_001/20220921_090000.WAV,Telephone Field,recover-20220922,001,1795
1558.4445,1558.4883,68437,83288,Rhinolophus ferrumequinum,0.025,0.025,-1,Echolocation,/mnt/ubna_data_02_mir/recover-20220922/UBNA_001/20220921_090000.WAV,Telephone Field,recover-20220922,001,1795
1558.4935,1558.5336,68437,82432,Rhinolophus ferrumequinum,0.038,0.038,-1,Echolocation,/mnt/ubna_data_02_mir/recover-20220922/UBNA_001/20220921_090000.WAV,Telephone Field,recover-20220922,001,1795
1558.5385,1558.5729,68437,81335,Rhinolophus ferrumequinum,0.024,0.025,-1,Echolocation,/mnt/ubna_data_02_mir/recover-20220922/UBNA_001/20220921_090000.WAV,Telephone Field,recover-20220922,001,1795
1558.5805,1558.622,68437,82595,Rhinolophus ferrumequinum,0.026,0.026,-1,Echolocation,/mnt/ubna_data_02_mir/recover-20220922/UBNA_001/20220921_090000.WAV,Telephone Field,recover-20220922,001,1795
1558.6105,1558.6187,28046,40371,Eptesicus serotinus,0.008,0.024,-1,Echolocation,/mnt/ubna_data_02_mir/recover-20220922/UBNA_001/20220921_090000.WAV,Telephone Field,recover-20220922,001,1795
1558.6115,1558.6456,68437,80976,Rhinolophus ferrumequinum,0.022,0.022,-1,Echolocation,/mnt/ubna_data_02_mir/recover-20220922/UBNA_001/20220921_090000.WAV,Telephone Field,recover-20220922,001,1795
1558.6595,1558.701,68437,83295,Rhinolophus ferrumequinum,0.029,0.029,-1,Echolocation,/mnt/ubna_data_02_mir/recover-20220922/UBNA_001/20220921_090000.WAV,Telephone Field,recover-20220922,001,1795
1558.6785,1558.6896,24609,30659,Nyctalus leisleri,0.009,0.022,-1,Echolocation,/mnt/ubna_data_02_mir/recover-20220922/UBNA_001/20220921_090000.WAV,Telephone Field,recover-20220922,001,1795
1558.7455,1558.7541,45234,52262,Pipistrellus pipistrellus,0.021,0.023,-1,Echolocation,/mnt/ubna_data_02_mir/recover-20220922/UBNA_001/20220921_090000.WAV,Telephone Field,recover-20220922,001,1795
1558.7515,1558.7587,23750,32173,Plecotus austriacus,0.009,0.022,-1,Echolocation,/mnt/ubna_data_02_mir/recover-20220922/UBNA_001/20220921_090000.WAV,Telephone Field,recover-20220922,001,1795
1558.7755,1558.8141,68437,82260,Rhinolophus ferrumequinum,0.023,0.023,-1,Echolocation,/mnt/ubna_data_02_mir/recover-20220922/UBNA_001/20220921_090000.WAV,Telephone Field,recover-20220922,001,1795
1558.7775,1558.7882,24609,32735,Eptesicus serotinus,0.013,0.033,-1,Echolocation,/mnt/ubna_data_02_mir/recover-20220922/UBNA_001/20220921_090000.WAV,Telephone Field,recover-20220922,001,1795
1558.7995,1558.8081,22031,29120,Plecotus austriacus,0.01,0.023,-1,Echolocation,/mnt/ubna_data_02_mir/recover-20220922/UBNA_001/20220921_090000.WAV,Telephone Field,recover-20220922,001,1795
1558.8035,1558.8109,28046,38825,Eptesicus serotinus,0.009,0.024,-1,Echolocation,/mnt/ubna_data_02_mir/recover-20220922/UBNA_001/20220921_090000.WAV,Telephone Field,recover-20220922,001,1795
1558.8065,1558.8467,68437,82498,Rhinolophus ferrumequinum,0.022,0.022,-1,Echolocation,/mnt/ubna_data_02_mir/recover-20220922/UBNA_001/20220921_090000.WAV,Telephone Field,recover-20220922,001,1795
1558.8835,1558.8961,23750,30575,Nyctalus leisleri,0.015,0.034,-1,Echolocation,/mnt/ubna_data_02_mir/recover-20220922/UBNA_001/20220921_090000.WAV,Telephone Field,recover-20220922,001,1795
1558.9735,1558.9859,22031,26494,Nyctalus leisleri,0.012,0.022,-1,Echolocation,/mnt/ubna_data_02_mir/recover-20220922/UBNA_001/20220921_090000.WAV,Telephone Field,recover-20220922,001,1795
1558.9875,1559.0275,68437,81867,Rhinolophus ferrumequinum,0.024,0.024,-1,Echolocation,/mnt/ubna_data_02_mir/recover-20220922/UBNA_001/20220921_090000.WAV,Telephone Field,recover-20220922,001,1795
1558.9945,1559.0327,68437,82201,Rhinolophus ferrumequinum,0.024,0.024,-1,Echolocation,/mnt/ubna_data_02_mir/recover-20220922/UBNA_001/20220921_090000.WAV,Telephone Field,recover-20220922,001,1795
1559.0075,1559.0184,21171,25170,Nyctalus leisleri,0.012,0.022,-1,Echolocation,/mnt/ubna_data_02_mir/recover-20220922/UBNA_001/20220921_090000.WAV,Telephone Field,recover-20220922,001,1795
1559.0305,1559.046,21171,24054,Nyctalus leisleri,0.016,0.025,-1,Echolocation,/mnt/ubna_data_02_mir/recover-20220922/UBNA_001/20220921_090000.WAV,Telephone Field,recover-20220922,001,1795
1559.0375,1559.0762,68437,81445,Rhinolophus ferrumequinum,0.026,0.026,-1,Echolocation,/mnt/ubna_data_02_mir/recover-20220922/UBNA_001/20220921_090000.WAV,Telephone Field,recover-20220922,001,1795
1559.0985,1559.105,28046,41254,Eptesicus serotinus,0.009,0.028,-1,Echolocation,/mnt/ubna_data_02_mir/recover-20220922/UBNA_001/20220921_090000.WAV,Telephone Field,recover-20220922,001,1795
1559.1295,1559.1456,21171,24688,Nyctalus leisleri,0.015,0.029,-1,Echolocation,/mnt/ubna_data_02_mir/recover-20220922/UBNA_001/20220921_090000.WAV,Telephone Field,recover-20220922,001,1795
1559.1915,1559.2321,68437,82337,Rhinolophus ferrumequinum,0.025,0.025,-1,Echolocation,/mnt/ubna_data_02_mir/recover-20220922/UBNA_001/20220921_090000.WAV,Telephone Field,recover-20220922,001,1795
1559.2295,1559.2368,23750,32494,Plecotus austriacus,0.01,0.023,-1,Echolocation,/mnt/ubna_data_02_mir/recover-20220922/UBNA_001/20220921_090000.WAV,Telephone Field,recover-20220922,001,1795
1559.2385,1559.2775,68437,82523,Rhinolophus ferrumequinum,0.024,0.024,-1,Echolocation,/mnt/ubna_data_02_mir/recover-20220922/UBNA_001/20220921_090000.WAV,Telephone Field,recover-20220922,001,1795
1559.2725,1559.3077,68437,81848,Rhinolophus ferrumequinum,0.023,0.023,-1,Echolocation,/mnt/ubna_data_02_mir/recover-20220922/UBNA_001/20220921_090000.WAV,Telephone Field,recover-20220922,001,1795
1559.3005,1559.3351,68437,80965,Rhinolophus ferrumequinum,0.021,0.022,-1,Echolocation,/mnt/ubna_data_02_mir/recover-20220922/UBNA_001/20220921_090000.WAV,Telephone Field,recover-20220922,001,1795
1559.3245,1559.3606,68437,81711,Rhinolophus ferrumequinum,0.022,0.022,-1,Echolocation,/mnt/ubna_data_02_mir/recover-20220922/UBNA_001/20220921_090000.WAV,Telephone Field,recover-20220922,001,1795
1559.3315,1559.3712,68437,81694,Rhinolophus ferrumequinum,0.023,0.023,-1,Echolocation,/mnt/ubna_data_02_mir/recover-20220922/UBNA_001/20220921_090000.WAV,Telephone Field,recover-20220922,001,1795
1559.3775,1559.4128,68437,80771,Rhinolophus ferrumequinum,0.027,0.027,-1,Echolocation,/mnt/ubna_data_02_mir/recover-20220922/UBNA_001/20220921_090000.WAV,Telephone Field,recover-20220922,001,1795
1559.3785,1559.3879,28906,37857,Eptesicus serotinus,0.01,0.024,-1,Echolocation,/mnt/ubna_data_02_mir/recover-20220922/UBNA_001/20220921_090000.WAV,Telephone Field,recover-20220922,001,1795
1559.4115,1559.4183,28046,45147,Eptesicus serotinus,0.009,0.032,-1,Echolocation,/mnt/ubna_data_02_mir/recover-20220922/UBNA_001/20220921_090000.WAV,Telephone Field,recover-20220922,001,1795
1559.4555,1559.467,22031,26101,Nyctalus leisleri,0.013,0.023,-1,Echolocation,/mnt/ubna_data_02_mir/recover-20220922/UBNA_001/20220921_090000.WAV,Telephone Field,recover-20220922,001,1795
1559.4615,1559.5014,68437,82942,Rhinolophus ferrumequinum,0.024,0.024,-1,Echolocation,/mnt/ubna_data_02_mir/recover-20220922/UBNA_001/20220921_090000.WAV,Telephone Field,recover-20220922,001,1795
1559.4645,1559.473,28906,39274,Eptesicus serotinus,0.008,0.022,-1,Echolocation,/mnt/ubna_data_02_mir/recover-20220922/UBNA_001/20220921_090000.WAV,Telephone Field,recover-20220922,001,1795
1559.4845,1559.5248,68437,82983,Rhinolophus ferrumequinum,0.025,0.025,-1,Echolocation,/mnt/ubna_data_02_mir/recover-20220922/UBNA_001/20220921_090000.WAV,Telephone Field,recover-20220922,001,1795
1559.5165,1559.5261,28046,37533,Eptesicus serotinus,0.009,0.022,-1,Echolocation,/mnt/ubna_data_02_mir/recover-20220922/UBNA_001/20220921_090000.WAV,Telephone Field,recover-20220922,001,1795
1559.5345,1559.5763,68437,83162,Rhinolophus ferrumequinum,0.031,0.031,-1,Echolocation,/mnt/ubna_data_02_mir/recover-20220922/UBNA_001/20220921_090000.WAV,Telephone Field,recover-20220922,001,1795
1559.5365,1559.5442,27187,40528,Eptesicus serotinus,0.008,0.024,-1,Echolocation,/mnt/ubna_data_02_mir/recover-20220922/UBNA_001/20220921_090000.WAV,Telephone Field,recover-20220922,001,1795
1559.5715,1559.6084,68437,81762,Rhinolophus ferrumequinum,0.023,0.023,-1,Echolocation,/mnt/ubna_data_02_mir/recover-20220922/UBNA_001/20220921_090000.WAV,Telephone Field,recover-20220922,001,1795
1559.6035,1559.6407,68437,82072,Rhinolophus ferrumequinum,0.023,0.023,-1,Echolocation,/mnt/ubna_data_02_mir/recover-20220922/UBNA_001/20220921_090000.WAV,Telephone Field,recover-20220922,001,1795
1559.6215,1559.6639,68437,82780,Rhinolophus ferrumequinum,0.029,0.029,-1,Echolocation,/mnt/ubna_data_02_mir/recover-20220922/UBNA_001/20220921_090000.WAV,Telephone Field,recover-20220922,001,1795
1559.6445,1559.6568,25468,32669,Eptesicus serotinus,0.014,0.028,-1,Echolocation,/mnt/ubna_data_02_mir/recover-20220922/UBNA_001/20220921_090000.WAV,Telephone Field,recover-20220922,001,1795
1559.6755,1559.7144,68437,82239,Rhinolophus ferrumequinum,0.023,0.023,-1,Echolocation,/mnt/ubna_data_02_mir/recover-20220922/UBNA_001/20220921_090000.WAV,Telephone Field,recover-20220922,001,1795
1559.6835,1559.7221,68437,82546,Rhinolophus ferrumequinum,0.028,0.028,-1,Echolocation,/mnt/ubna_data_02_mir/recover-20220922/UBNA_001/20220921_090000.WAV,Telephone Field,recover-20220922,001,1795
1559.6935,1559.7004,26328,35043,Plecotus austriacus,0.006,0.023,-1,Echolocation,/mnt/ubna_data_02_mir/recover-20220922/UBNA_001/20220921_090000.WAV,Telephone Field,recover-20220922,001,1795
1559.7045,1559.7419,68437,82159,Rhinolophus ferrumequinum,0.023,0.023,-1,Echolocation,/mnt/ubna_data_02_mir/recover-20220922/UBNA_001/20220921_090000.WAV,Telephone Field,recover-20220922,001,1795
1559.7445,1559.7834,68437,82241,Rhinolophus ferrumequinum,0.023,0.023,-1,Echolocation,/mnt/ubna_data_02_mir/recover-20220922/UBNA_001/20220921_090000.WAV,Telephone Field,recover-20220922,001,1795
1559.7485,1559.7693,19453,22948,Nyctalus leisleri,0.014,0.03,-1,Echolocation,/mnt/ubna_data_02_mir/recover-20220922/UBNA_001/20220921_090000.WAV,Telephone Field,recover-20220922,001,1795
1559.7655,1559.8099,68437,83763,Rhinolophus ferrumequinum,0.048,0.048,-1,Echolocation,/mnt/ubna_data_02_mir/recover-20220922/UBNA_001/20220921_090000.WAV,Telephone Field,recover-20220922,001,1795
1559.7935,1559.8044,22890,28491,Nyctalus leisleri,0.01,0.023,-1,Echolocation,/mnt/ubna_data_02_mir/recover-20220922/UBNA_001/20220921_090000.WAV,Telephone Field,recover-20220922,001,1795
1559.8335,1559.8706,68437,81927,Rhinolophus ferrumequinum,0.027,0.027,-1,Echolocation,/mnt/ubna_data_02_mir/recover-20220922/UBNA_001/20220921_090000.WAV,Telephone Field,recover-20220922,001,1795
1559.8615,1559.8732,40078,43376,Pipistrellus nathusii,0.026,0.037,-1,Echolocation,/mnt/ubna_data_02_mir/recover-20220922/UBNA_001/20220921_090000.WAV,Telephone Field,recover-20220922,001,1795
1559.8775,1559.9143,68437,81810,Rhinolophus ferrumequinum,0.022,0.022,-1,Echolocation,/mnt/ubna_data_02_mir/recover-20220922/UBNA_001/20220921_090000.WAV,Telephone Field,recover-20220922,001,1795
1559.8875,1559.8980999999999,30625,40009,Eptesicus serotinus,0.008,0.022,-1,Echolocation,/mnt/ubna_data_02_mir/recover-20220922/UBNA_001/20220921_090000.WAV,Telephone Field,recover-20220922,001,1795
1559.8885,1559.9274,68437,82588,Rhinolophus ferrumequinum,0.024,0.024,-1,Echolocation,/mnt/ubna_data_02_mir/recover-20220922/UBNA_001/20220921_090000.WAV,Telephone Field,recover-20220922,001,1795
1559.9315,1559.9405,23750,30717,Nyctalus leisleri,0.008,0.024,-1,Echolocation,/mnt/ubna_data_02_mir/recover-20220922/UBNA_001/20220921_090000.WAV,Telephone Field,recover-20220922,001,1795
1559.9325,1559.9742,68437,82627,Rhinolophus ferrumequinum,0.027,0.027,-1,Echolocation,/mnt/ubna_data_02_mir/recover-20220922/UBNA_001/20220921_090000.WAV,Telephone Field,recover-20220922,001,1795
1560.0015,1560.0099,26328,37436,Nyctalus leisleri,0.006,0.024,-1,Echolocation,/mnt/ubna_data_02_mir/recover-20220922/UBNA_001/20220921_090000.WAV,Telephone Field,recover-20220922,001,1795
1560.0015,1560.0362,68437,80296,Rhinolophus ferrumequinum,0.025,0.025,-1,Echolocation,/mnt/ubna_data_02_mir/recover-20220922/UBNA_001/20220921_090000.WAV,Telephone Field,recover-20220922,001,1795
1560.0015,1560.009,46953,50256,Pipistrellus pipistrellus,0.028,0.033,-1,Echolocation,/mnt/ubna_data_02_mir/recover-20220922/UBNA_001/20220921_090000.WAV,Telephone Field,recover-20220922,001,1795
1560.0015,1560.015,54687,59226,Pipistrellus pygmaeus,0.022,0.025,-1,Echolocation,/mnt/ubna_data_02_mir/recover-20220922/UBNA_001/20220921_090000.WAV,Telephone Field,recover-20220922,001,1795
1560.0515,1560.0614,28046,36734,Eptesicus serotinus,0.01,0.021,-1,Echolocation,/mnt/ubna_data_02_mir/recover-20220922/UBNA_001/20220921_090000.WAV,Telephone Field,recover-20220922,001,1795
1560.0545,1560.0946,68437,82638,Rhinolophus ferrumequinum,0.022,0.022,-1,Echolocation,/mnt/ubna_data_02_mir/recover-20220922/UBNA_001/20220921_090000.WAV,Telephone Field,recover-20220922,001,1795
1560.0965,1560.136,68437,81857,Rhinolophus ferrumequinum,0.026,0.026,-1,Echolocation,/mnt/ubna_data_02_mir/recover-20220922/UBNA_001/20220921_090000.WAV,Telephone Field,recover-20220922,001,1795
1560.1035,1560.1411,68437,82216,Rhinolophus ferrumequinum,0.022,0.022,-1,Echolocation,/mnt/ubna_data_02_mir/recover-20220922/UBNA_001/20220921_090000.WAV,Telephone Field,recover-20220922,001,1795
1560.1275,1560.1668,68437,82018,Rhinolophus ferrumequinum,0.022,0.022,-1,Echolocation,/mnt/ubna_data_02_mir/recover-20220922/UBNA_001/20220921_090000.WAV,Telephone Field,recover-20220922,001,1795
1560.1355,1560.1742,68437,81945,Rhinolophus ferrumequinum,0.022,0.022,-1,Echolocation,/mnt/ubna_data_02_mir/recover-20220922/UBNA_001/20220921_090000.WAV,Telephone Field,recover-20220922,001,1795
1560.1675,1560.2065,68437,82231,Rhinolophus ferrumequinum,0.026,0.026,-1,Echolocation,/mnt/ubna_data_02_mir/recover-20220922/UBNA_001/20220921_090000.WAV,Telephone Field,recover-20220922,001,1795
1560.2125,1560.2527,68437,82122,Rhinolophus ferrumequinum,0.022,0.022,-1,Echolocation,/mnt/ubna_data_02_mir/recover-20220922/UBNA_001/20220921_090000.WAV,Telephone Field,recover-20220922,001,1795
1560.2215,1560.2324,28046,35823,Eptesicus serotinus,0.012,0.023,-1,Echolocation,/mnt/ubna_data_02_mir/recover-20220922/UBNA_001/20220921_090000.WAV,Telephone Field,recover-20220922,001,1795
1560.2565,1560.265,28046,38872,Eptesicus serotinus,0.009,0.024,-1,Echolocation,/mnt/ubna_data_02_mir/recover-20220922/UBNA_001/20220921_090000.WAV,Telephone Field,recover-20220922,001,1795
1560.2715,1560.2802,51250,57610,Pipistrellus pipistrellus,0.02,0.024,-1,Echolocation,/mnt/ubna_data_02_mir/recover-20220922/UBNA_001/20220921_090000.WAV,Telephone Field,recover-20220922,001,1795
1560.2955,1560.3336,68437,81809,Rhinolophus ferrumequinum,0.021,0.021,-1,Echolocation,/mnt/ubna_data_02_mir/recover-20220922/UBNA_001/20220921_090000.WAV,Telephone Field,recover-20220922,001,1795
1560.4485,1560.4587,43515,47716,Pipistrellus pipistrellus,0.027,0.031,-1,Echolocation,/mnt/ubna_data_02_mir/recover-20220922/UBNA_001/20220921_090000.WAV,Telephone Field,recover-20220922,001,1795
1560.4885,1560.496,24609,34311,Plecotus austriacus,0.008,0.026,-1,Echolocation,/mnt/ubna_data_02_mir/recover-20220922/UBNA_001/20220921_090000.WAV,Telephone Field,recover-20220922,001,1795
1560.4975,1560.5369,68437,82393,Rhinolophus ferrumequinum,0.024,0.024,-1,Echolocation,/mnt/ubna_data_02_mir/recover-20220922/UBNA_001/20220921_090000.WAV,Telephone Field,recover-20220922,001,1795
1560.5185,1560.5558,68437,82206,Rhinolophus ferrumequinum,0.023,0.023,-1,Echolocation,/mnt/ubna_data_02_mir/recover-20220922/UBNA_001/20220921_090000.WAV,Telephone Field,recover-20220922,001,1795
1560.5405,1560.5789,68437,82405,Rhinolophus ferrumequinum,0.025,0.025,-1,Echolocation,/mnt/ubna_data_02_mir/recover-20220922/UBNA_001/20220921_090000.WAV,Telephone Field,recover-20220922,001,1795
1560.5505,1560.5912,68437,82594,Rhinolophus ferrumequinum,0.024,0.024,-1,Echolocation,/mnt/ubna_data_02_mir/recover-20220922/UBNA_001/20220921_090000.WAV,Telephone Field,recover-20220922,001,1795
1560.5815,1560.6198,68437,81671,Rhinolophus ferrumequinum,0.022,0.022,-1,Echolocation,/mnt/ubna_data_02_mir/recover-20220922/UBNA_001/20220921_090000.WAV,Telephone Field,recover-20220922,001,1795
1560.6005,1560.6384,68437,82327,Rhinolophus ferrumequinum,0.021,0.021,-1,Echolocation,/mnt/ubna_data_02_mir/recover-20220922/UBNA_001/20220921_090000.WAV,Telephone Field,recover-20220922,001,1795
1560.6465,1560.6561,28906,40222,Eptesicus serotinus,0.008,0.023,-1,Echolocation,/mnt/ubna_data_02_mir/recover-20220922/UBNA_001/20220921_090000.WAV,Telephone Field,recover-20220922,001,1795
1560.6565,1560.6679,28906,35700,Eptesicus serotinus,0.012,0.024,-1,Echolocation,/mnt/ubna_data_02_mir/recover-20220922/UBNA_001/20220921_090000.WAV,Telephone Field,recover-20220922,001,1795
1560.6575,1560.6989,68437,82512,Rhinolophus ferrumequinum,0.028,0.028,-1,Echolocation,/mnt/ubna_data_02_mir/recover-20220922/UBNA_001/20220921_090000.WAV,Telephone Field,recover-20220922,001,1795
1560.6625,1560.6736,26328,32998,Eptesicus serotinus,0.011,0.022,-1,Echolocation,/mnt/ubna_data_02_mir/recover-20220922/UBNA_001/20220921_090000.WAV,Telephone Field,recover-20220922,001,1795
1560.7265,1560.7641,68437,82055,Rhinolophus ferrumequinum,0.024,0.024,-1,Echolocation,/mnt/ubna_data_02_mir/recover-20220922/UBNA_001/20220921_090000.WAV,Telephone Field,recover-20220922,001,1795
1560.7395,1560.7464,28046,40209,Eptesicus serotinus,0.008,0.026,-1,Echolocation,/mnt/ubna_data_02_mir/recover-20220922/UBNA_001/20220921_090000.WAV,Telephone Field,recover-20220922,001,1795
1560.7435,1560.7812,68437,82103,Rhinolophus ferrumequinum,0.024,0.024,-1,Echolocation,/mnt/ubna_data_02_mir/recover-20220922/UBNA_001/20220921_090000.WAV,Telephone Field,recover-20220922,001,1795
1560.7815,1560.8203,68437,82591,Rhinolophus ferrumequinum,0.023,0.023,-1,Echolocation,/mnt/ubna_data_02_mir/recover-20220922/UBNA_001/20220921_090000.WAV,Telephone Field,recover-20220922,001,1795
1560.7905,1560.831,68437,82390,Rhinolophus ferrumequinum,0.027,0.027,-1,Echolocation,/mnt/ubna_data_02_mir/recover-20220922/UBNA_001/20220921_090000.WAV,Telephone Field,recover-20220922,001,1795
1560.8035,1560.8406,68437,81199,Rhinolophus ferrumequinum,0.025,0.025,-1,Echolocation,/mnt/ubna_data_02_mir/recover-20220922/UBNA_001/20220921_090000.WAV,Telephone Field,recover-20220922,001,1795
1560.8305,1560.8389,27187,36332,Eptesicus serotinus,0.011,0.026,-1,Echolocation,/mnt/ubna_data_02_mir/recover-20220922/UBNA_001/20220921_090000.WAV,Telephone Field,recover-20220922,001,1795
1560.8425,1560.8828,68437,82107,Rhinolophus ferrumequinum,0.022,0.022,-1,Echolocation,/mnt/ubna_data_02_mir/recover-20220922/UBNA_001/20220921_090000.WAV,Telephone Field,recover-20220922,001,1795
1560.8485,1560.8878,68437,82548,Rhinolophus ferrumequinum,0.023,0.023,-1,Echolocation,/mnt/ubna_data_02_mir/recover-20220922/UBNA_001/20220921_090000.WAV,Telephone Field,recover-20220922,001,1795
1560.8635,1560.901,68437,82416,Rhinolophus ferrumequinum,0.022,0.022,-1,Echolocation,/mnt/ubna_data_02_mir/recover-20220922/UBNA_001/20220921_090000.WAV,Telephone Field,recover-20220922,001,1795
1560.8715,1560.9064,68437,81299,Rhinolophus ferrumequinum,0.023,0.023,-1,Echolocation,/mnt/ubna_data_02_mir/recover-20220922/UBNA_001/20220921_090000.WAV,Telephone Field,recover-20220922,001,1795
1560.8755,1560.8882,22890,27430,Nyctalus leisleri,0.013,0.023,-1,Echolocation,/mnt/ubna_data_02_mir/recover-20220922/UBNA_001/20220921_090000.WAV,Telephone Field,recover-20220922,001,1795
1560.8815,1560.9188,68437,81441,Rhinolophus ferrumequinum,0.021,0.022,-1,Echolocation,/mnt/ubna_data_02_mir/recover-20220922/UBNA_001/20220921_090000.WAV,Telephone Field,recover-20220922,001,1795
1560.9005,1560.9381,68437,81924,Rhinolophus ferrumequinum,0.022,0.022,-1,Echolocation,/mnt/ubna_data_02_mir/recover-20220922/UBNA_001/20220921_090000.WAV,Telephone Field,recover-20220922,001,1795
1560.9305,1560.9405,22890,28626,Nyctalus leisleri,0.01,0.022,-1,Echolocation,/mnt/ubna_data_02_mir/recover-20220922/UBNA_001/20220921_090000.WAV,Telephone Field,recover-20220922,001,1795
1560.9885,1561.0295,68437,82653,Rhinolophus ferrumequinum,0.029,0.029,-1,Echolocation,/mnt/ubna_data_02_mir/recover-20220922/UBNA_001/20220921_090000.WAV,Telephone Field,recover-20220922,001,1795
1561.0525,1561.0602,27187,36490,Eptesicus serotinus,0.014,0.033,-1,Echolocation,/mnt/ubna_data_02_mir/recover-20220922/UBNA_001/20220921_090000.WAV,Telephone Field,recover-20220922,001,1795
1561.0815,1561.1182,68437,81861,Rhinolophus ferrumequinum,0.023,0.023,-1,Echolocation,/mnt/ubna_data_02_mir/recover-20220922/UBNA_001/20220921_090000.WAV,Telephone Field,recover-20220922,001,1795
1561.0855,1561.0965,23750,29675,Nyctalus leisleri,0.012,0.027,-1,Echolocation,/mnt/ubna_data_02_mir/recover-20220922/UBNA_001/20220921_090000.WAV,Telephone Field,recover-20220922,001,1795
1561.1495,1561.1567,50390,56783,Pipistrellus pipistrellus,0.022,0.027,-1,Echolocation,/mnt/ubna_data_02_mir/recover-20220922/UBNA_001/20220921_090000.WAV,Telephone Field,recover-20220922,001,1795
1561.1555,1561.1668,28906,35524,Eptesicus serotinus,0.019,0.034,-1,Echolocation,/mnt/ubna_data_02_mir/recover-20220922/UBNA_001/20220921_090000.WAV,Telephone Field,recover-20220922,001,1795
1561.1695,1561.1775,26328,36439,Eptesicus serotinus,0.011,0.025,-1,Echolocation,/mnt/ubna_data_02_mir/recover-20220922/UBNA_001/20220921_090000.WAV,Telephone Field,recover-20220922,001,1795
1561.1735,1561.2097,68437,81871,Rhinolophus ferrumequinum,0.021,0.021,-1,Echolocation,/mnt/ubna_data_02_mir/recover-20220922/UBNA_001/20220921_090000.WAV,Telephone Field,recover-20220922,001,1795
1561.1925,1561.2326,68437,82322,Rhinolophus ferrumequinum,0.032,0.032,-1,Echolocation,/mnt/ubna_data_02_mir/recover-20220922/UBNA_001/20220921_090000.WAV,Telephone Field,recover-20220922,001,1795
1561.2105,1561.251,68437,82447,Rhinolophus ferrumequinum,0.027,0.027,-1,Echolocation,/mnt/ubna_data_02_mir/recover-20220922/UBNA_001/20220921_090000.WAV,Telephone Field,recover-20220922,001,1795
1561.2175,1561.2611,68437,82900,Rhinolophus ferrumequinum,0.029,0.029,-1,Echolocation,/mnt/ubna_data_02_mir/recover-20220922/UBNA_001/20220921_090000.WAV,Telephone Field,recover-20220922,001,1795
1561.2465,1561.2547,28046,37881,Eptesicus serotinus,0.008,0.022,-1,Echolocation,/mnt/ubna_data_02_mir/recover-20220922/UBNA_001/20220921_090000.WAV,Telephone Field,recover-20220922,001,1795
1561.2485,1561.2581,23750,30490,Nyctalus leisleri,0.008,0.021,-1,Echolocation,/mnt/ubna_data_02_mir/recover-20220922/UBNA_001/20220921_090000.WAV,Telephone Field,recover-20220922,001,1795
1561.2485,1561.2885,68437,82512,Rhinolophus ferrumequinum,0.022,0.022,-1,Echolocation,/mnt/ubna_data_02_mir/recover-20220922/UBNA_001/20220921_090000.WAV,Telephone Field,recover-20220922,001,1795
1561.2565,1561.2675,23750,28902,Nyctalus leisleri,0.009,0.022,-1,Echolocation,/mnt/ubna_data_02_mir/recover-20220922/UBNA_001/20220921_090000.WAV,Telephone Field,recover-20220922,001,1795
1561.2655,1561.277,26328,32594,Eptesicus serotinus,0.01,0.022,-1,Echolocation,/mnt/ubna_data_02_mir/recover-20220922/UBNA_001/20220921_090000.WAV,Telephone Field,recover-20220922,001,1795
1561.2665,1561.3049,68437,82024,Rhinolophus ferrumequinum,0.023,0.023,-1,Echolocation,/mnt/ubna_data_02_mir/recover-20220922/UBNA_001/20220921_090000.WAV,Telephone Field,recover-20220922,001,1795
1561.2765,1561.2861,27187,37663,Eptesicus serotinus,0.008,0.021,-1,Echolocation,/mnt/ubna_data_02_mir/recover-20220922/UBNA_001/20220921_090000.WAV,Telephone Field,recover-20220922,001,1795
1561.3095,1561.3545,68437,82993,Rhinolophus ferrumequinum,0.033,0.033,-1,Echolocation,/mnt/ubna_data_02_mir/recover-20220922/UBNA_001/20220921_090000.WAV,Telephone Field,recover-20220922,001,1795
1561.3255,1561.3642,68437,82283,Rhinolophus ferrumequinum,0.026,0.026,-1,Echolocation,/mnt/ubna_data_02_mir/recover-20220922/UBNA_001/20220921_090000.WAV,Telephone Field,recover-20220922,001,1795
1561.3315,1561.3722,68437,82580,Rhinolophus ferrumequinum,0.024,0.024,-1,Echolocation,/mnt/ubna_data_02_mir/recover-20220922/UBNA_001/20220921_090000.WAV,Telephone Field,recover-20220922,001,1795
1561.3545,1561.3941,68437,81618,Rhinolophus ferrumequinum,0.025,0.026,-1,Echolocation,/mnt/ubna_data_02_mir/recover-20220922/UBNA_001/20220921_090000.WAV,Telephone Field,recover-20220922,001,1795
1561.3615,1561.4012,68437,82033,Rhinolophus ferrumequinum,0.025,0.025,-1,Echolocation,/mnt/ubna_data_02_mir/recover-20220922/UBNA_001/20220921_090000.WAV,Telephone Field,recover-20220922,001,1795
1561.3645,1561.3736,28046,41268,Eptesicus serotinus,0.01,0.024,-1,Echolocation,/mnt/ubna_data_02_mir/recover-20220922/UBNA_001/20220921_090000.WAV,Telephone Field,recover-20220922,001,1795
1561.4135,1561.422,45234,55448,Pipistrellus pipistrellus,0.014,0.021,-1,Echolocation,/mnt/ubna_data_02_mir/recover-20220922/UBNA_001/20220921_090000.WAV,Telephone Field,recover-20220922,001,1795
1561.4215,1561.433,23750,29429,Nyctalus leisleri,0.013,0.028,-1,Echolocation,/mnt/ubna_data_02_mir/recover-20220922/UBNA_001/20220921_090000.WAV,Telephone Field,recover-20220922,001,1795
1561.4435,1561.4819,68437,82200,Rhinolophus ferrumequinum,0.022,0.022,-1,Echolocation,/mnt/ubna_data_02_mir/recover-20220922/UBNA_001/20220921_090000.WAV,Telephone Field,recover-20220922,001,1795
1561.4595,1561.4999,68437,82897,Rhinolophus ferrumequinum,0.027,0.027,-1,Echolocation,/mnt/ubna_data_02_mir/recover-20220922/UBNA_001/20220921_090000.WAV,Telephone Field,recover-20220922,001,1795
1561.4805,1561.5166,68437,81316,Rhinolophus ferrumequinum,0.023,0.023,-1,Echolocation,/mnt/ubna_data_02_mir/recover-20220922/UBNA_001/20220921_090000.WAV,Telephone Field,recover-20220922,001,1795
1561.4905,1561.4985,27187,38154,Eptesicus serotinus,0.007,0.021,-1,Echolocation,/mnt/ubna_data_02_mir/recover-20220922/UBNA_001/20220921_090000.WAV,Telephone Field,recover-20220922,001,1795
1561.5065,1561.5464,68437,82381,Rhinolophus ferrumequinum,0.022,0.022,-1,Echolocation,/mnt/ubna_data_02_mir/recover-20220922/UBNA_001/20220921_090000.WAV,Telephone Field,recover-20220922,001,1795
1561.5585,1561.5664,26328,36505,Eptesicus serotinus,0.011,0.028,-1,Echolocation,/mnt/ubna_data_02_mir/recover-20220922/UBNA_001/20220921_090000.WAV,Telephone Field,recover-20220922,001,1795
1561.5615,1561.6023,68437,83043,Rhinolophus ferrumequinum,0.024,0.024,-1,Echolocation,/mnt/ubna_data_02_mir/recover-20220922/UBNA_001/20220921_090000.WAV,Telephone Field,recover-20220922,001,1795
1561.5995,1561.6078,28906,37837,Eptesicus serotinus,0.007,0.021,-1,Echolocation,/mnt/ubna_data_02_mir/recover-20220922/UBNA_001/20220921_090000.WAV,Telephone Field,recover-20220922,001,1795
1561.6355,1561.6427,25468,37571,Plecotus austriacus,0.005,0.023,-1,Echolocation,/mnt/ubna_data_02_mir/recover-20220922/UBNA_001/20220921_090000.WAV,Telephone Field,recover-20220922,001,1795
1561.6425,1561.6799,68437,81686,Rhinolophus ferrumequinum,0.023,0.023,-1,Echolocation,/mnt/ubna_data_02_mir/recover-20220922/UBNA_001/20220921_090000.WAV,Telephone Field,recover-20220922,001,1795
1561.6665,1561.6741,28046,38832,Eptesicus serotinus,0.006,0.022,-1,Echolocation,/mnt/ubna_data_02_mir/recover-20220922/UBNA_001/20220921_090000.WAV,Telephone Field,recover-20220922,001,1795
1561.6785,1561.72,68437,83196,Rhinolophus ferrumequinum,0.031,0.031,-1,Echolocation,/mnt/ubna_data_02_mir/recover-20220922/UBNA_001/20220921_090000.WAV,Telephone Field,recover-20220922,001,1795
1561.7075,1561.7149,49531,53324,Pipistrellus pipistrellus,0.019,0.022,-1,Echolocation,/mnt/ubna_data_02_mir/recover-20220922/UBNA_001/20220921_090000.WAV,Telephone Field,recover-20220922,001,1795
1561.7485,1561.785,68437,82117,Rhinolophus ferrumequinum,0.025,0.025,-1,Echolocation,/mnt/ubna_data_02_mir/recover-20220922/UBNA_001/20220921_090000.WAV,Telephone Field,recover-20220922,001,1795
1561.7985,1561.8426,68437,82813,Rhinolophus ferrumequinum,0.031,0.031,-1,Echolocation,/mnt/ubna_data_02_mir/recover-20220922/UBNA_001/20220921_090000.WAV,Telephone Field,recover-20220922,001,1795
1561.8025,1561.8139,22890,27917,Nyctalus leisleri,0.011,0.023,-1,Echolocation,/mnt/ubna_data_02_mir/recover-20220922/UBNA_001/20220921_090000.WAV,Telephone Field,recover-20220922,001,1795
1561.8365,1561.8776,68437,82219,Rhinolophus ferrumequinum,0.029,0.029,-1,Echolocation,/mnt/ubna_data_02_mir/recover-20220922/UBNA_001/20220921_090000.WAV,Telephone Field,recover-20220922,001,1795
1561.8545,1561.8913,68437,81230,Rhinolophus ferrumequinum,0.022,0.022,-1,Echolocation,/mnt/ubna_data_02_mir/recover-20220922/UBNA_001/20220921_090000.WAV,Telephone Field,recover-20220922,001,1795
1561.8565,1561.8674,22890,27819,Nyctalus leisleri,0.012,0.025,-1,Echolocation,/mnt/ubna_data_02_mir/recover-20220922/UBNA_001/20220921_090000.WAV,Telephone Field,recover-20220922,001,1795
1561.8985,1561.9396,68437,82464,Rhinolophus ferrumequinum,0.026,0.026,-1,Echolocation,/mnt/ubna_data_02_mir/recover-20220922/UBNA_001/20220921_090000.WAV,Telephone Field,recover-20220922,001,1795
1561.9345,1561.9418,33203,42342,Barbastellus barbastellus,0.013,0.041,-1,Echolocation,/mnt/ubna_data_02_mir/recover-20220922/UBNA_001/20220921_090000.WAV,Telephone Field,recover-20220922,001,1795
1561.9525,1561.9938,68437,82410,Rhinolophus ferrumequinum,0.022,0.022,-1,Echolocation,/mnt/ubna_data_02_mir/recover-20220922/UBNA_001/20220921_090000.WAV,Telephone Field,recover-20220922,001,1795
1561.9635,1561.9725,28046,38709,Eptesicus serotinus,0.009,0.023,-1,Echolocation,/mnt/ubna_data_02_mir/recover-20220922/UBNA_001/20220921_090000.WAV,Telephone Field,recover-20220922,001,1795
1562.0015,1562.0183,55546,61109,Pipistrellus pygmaeus,0.021,0.024,-1,Echolocation,/mnt/ubna_data_02_mir/recover-20220922/UBNA_001/20220921_090000.WAV,Telephone Field,recover-20220922,001,1795
1562.0015,1562.0359,68437,79864,Rhinolophus ferrumequinum,0.042,0.042,-1,Echolocation,/mnt/ubna_data_02_mir/recover-20220922/UBNA_001/20220921_090000.WAV,Telephone Field,recover-20220922,001,1795
1562.0015,1562.0128,23750,29154,Nyctalus leisleri,0.022,0.043,-1,Echolocation,/mnt/ubna_data_02_mir/recover-20220922/UBNA_001/20220921_090000.WAV,Telephone Field,recover-20220922,001,1795
1562.0235,1562.0321,27187,35632,Eptesicus serotinus,0.027,0.054,-1,Echolocation,/mnt/ubna_data_02_mir/recover-20220922/UBNA_001/20220921_090000.WAV,Telephone Field,recover-20220922,001,1795
1562.0515,1562.0895,68437,81759,Rhinolophus ferrumequinum,0.022,0.022,-1,Echolocation,/mnt/ubna_data_02_mir/recover-20220922/UBNA_001/20220921_090000.WAV,Telephone Field,recover-20220922,001,1795
1562.0925,1562.1006,49531,53782,Pipistrellus pipistrellus,0.027,0.03,-1,Echolocation,/mnt/ubna_data_02_mir/recover-20220922/UBNA_001/20220921_090000.WAV,Telephone Field,recover-20220922,001,1795
1562.1025,1562.1429,68437,82609,Rhinolophus ferrumequinum,0.029,0.029,-1,Echolocation,/mnt/ubna_data_02_mir/recover-20220922/UBNA_001/20220921_090000.WAV,Telephone Field,recover-20220922,001,1795
1562.1055,1562.1217,15156,20850,Nyctalus noctula,0.021,0.029,-1,Echolocation,/mnt/ubna_data_02_mir/recover-20220922/UBNA_001/20220921_090000.WAV,Telephone Field,recover-20220922,001,1795
1562.1275,1562.1686,68437,82031,Rhinolophus ferrumequinum,0.033,0.034,-1,Echolocation,/mnt/ubna_data_02_mir/recover-20220922/UBNA_001/20220921_090000.WAV,Telephone Field,recover-20220922,001,1795
1562.1595,1562.1971,68437,82149,Rhinolophus ferrumequinum,0.025,0.025,-1,Echolocation,/mnt/ubna_data_02_mir/recover-20220922/UBNA_001/20220921_090000.WAV,Telephone Field,recover-20220922,001,1795
1562.1785,1562.2193,68437,82156,Rhinolophus ferrumequinum,0.024,0.024,-1,Echolocation,/mnt/ubna_data_02_mir/recover-20220922/UBNA_001/20220921_090000.WAV,Telephone Field,recover-20220922,001,1795
1562.1985,1562.2135,23750,28814,Nyctalus leisleri,0.018,0.034,-1,Echolocation,/mnt/ubna_data_02_mir/recover-20220922/UBNA_001/20220921_090000.WAV,Telephone Field,recover-20220922,001,1795
1562.2095,1562.246,68437,82238,Rhinolophus ferrumequinum,0.025,0.025,-1,Echolocation,/mnt/ubna_data_02_mir/recover-20220922/UBNA_001/20220921_090000.WAV,Telephone Field,recover-20220922,001,1795
1562.2275,1562.2681,68437,82680,Rhinolophus ferrumequinum,0.028,0.028,-1,Echolocation,/mnt/ubna_data_02_mir/recover-20220922/UBNA_001/20220921_090000.WAV,Telephone Field,recover-20220922,001,1795
1562.2465,1562.279,68437,81129,Rhinolophus ferrumequinum,0.024,0.024,-1,Echolocation,/mnt/ubna_data_02_mir/recover-20220922/UBNA_001/20220921_090000.WAV,Telephone Field,recover-20220922,001,1795
1562.2565,1562.267,22890,30121,Nyctalus leisleri,0.012,0.033,-1,Echolocation,/mnt/ubna_data_02_mir/recover-20220922/UBNA_001/20220921_090000.WAV,Telephone Field,recover-20220922,001,1795
1562.2735,1562.3121,68437,82204,Rhinolophus ferrumequinum,0.023,0.023,-1,Echolocation,/mnt/ubna_data_02_mir/recover-20220922/UBNA_001/20220921_090000.WAV,Telephone Field,recover-20220922,001,1795
1562.2915,1562.3298,68437,81361,Rhinolophus ferrumequinum,0.028,0.028,-1,Echolocation,/mnt/ubna_data_02_mir/recover-20220922/UBNA_001/20220921_090000.WAV,Telephone Field,recover-20220922,001,1795
1562.3035,1562.31,31484,41529,Myotis daubentonii,0.01,0.023,-1,Echolocation,/mnt/ubna_data_02_mir/recover-20220922/UBNA_001/20220921_090000.WAV,Telephone Field,recover-20220922,001,1795
1562.3075,1562.3442,68437,82153,Rhinolophus ferrumequinum,0.022,0.022,-1,Echolocation,/mnt/ubna_data_02_mir/recover-20220922/UBNA_001/20220921_090000.WAV,Telephone Field,recover-20220922,001,1795
1562.3635,1562.3725,28046,38164,Eptesicus serotinus,0.01,0.024,-1,Echolocation,/mnt/ubna_data_02_mir/recover-20220922/UBNA_001/20220921_090000.WAV,Telephone Field,recover-20220922,001,1795
1562.3965,1562.4028,27187,42914,Eptesicus serotinus,0.006,0.027,-1,Echolocation,/mnt/ubna_data_02_mir/recover-20220922/UBNA_001/20220921_090000.WAV,Telephone Field,recover-20220922,001,1795
1562.4035,1562.4407,68437,81308,Rhinolophus ferrumequinum,0.03,0.03,-1,Echolocation,/mnt/ubna_data_02_mir/recover-20220922/UBNA_001/20220921_090000.WAV,Telephone Field,recover-20220922,001,1795
1562.4265,1562.4379,25468,31756,Nyctalus leisleri,0.009,0.024,-1,Echolocation,/mnt/ubna_data_02_mir/recover-20220922/UBNA_001/20220921_090000.WAV,Telephone Field,recover-20220922,001,1795
1562.4345,1562.4457,23750,28603,Nyctalus leisleri,0.012,0.023,-1,Echolocation,/mnt/ubna_data_02_mir/recover-20220922/UBNA_001/20220921_090000.WAV,Telephone Field,recover-20220922,001,1795
1562.4525,1562.4895,68437,81970,Rhinolophus ferrumequinum,0.023,0.023,-1,Echolocation,/mnt/ubna_data_02_mir/recover-20220922/UBNA_001/20220921_090000.WAV,Telephone Field,recover-20220922,001,1795
1562.4605,1562.4711,22031,26766,Nyctalus leisleri,0.012,0.025,-1,Echolocation,/mnt/ubna_data_02_mir/recover-20220922/UBNA_001/20220921_090000.WAV,Telephone Field,recover-20220922,001,1795
1562.5125,1562.5492,68437,82120,Rhinolophus ferrumequinum,0.022,0.022,-1,Echolocation,/mnt/ubna_data_02_mir/recover-20220922/UBNA_001/20220921_090000.WAV,Telephone Field,recover-20220922,001,1795
1562.5405,1562.5546,23750,28874,Nyctalus leisleri,0.016,0.034,-1,Echolocation,/mnt/ubna_data_02_mir/recover-20220922/UBNA_001/20220921_090000.WAV,Telephone Field,recover-20220922,001,1795
1562.5815,1562.6206,68437,82739,Rhinolophus ferrumequinum,0.024,0.025,-1,Echolocation,/mnt/ubna_data_02_mir/recover-20220922/UBNA_001/20220921_090000.WAV,Telephone Field,recover-20220922,001,1795
1562.5905,1562.6335,68437,82807,Rhinolophus ferrumequinum,0.024,0.024,-1,Echolocation,/mnt/ubna_data_02_mir/recover-20220922/UBNA_001/20220921_090000.WAV,Telephone Field,recover-20220922,001,1795
1562.6075,1562.6174,24609,31628,Nyctalus leisleri,0.007,0.023,-1,Echolocation,/mnt/ubna_data_02_mir/recover-20220922/UBNA_001/20220921_090000.WAV,Telephone Field,recover-20220922,001,1795
1562.6275,1562.6657,68437,82099,Rhinolophus ferrumequinum,0.023,0.023,-1,Echolocation,/mnt/ubna_data_02_mir/recover-20220922/UBNA_001/20220921_090000.WAV,Telephone Field,recover-20220922,001,1795
1562.6785,1562.7219,68437,82883,Rhinolophus ferrumequinum,0.031,0.031,-1,Echolocation,/mnt/ubna_data_02_mir/recover-20220922/UBNA_001/20220921_090000.WAV,Telephone Field,recover-20220922,001,1795
1562.7615,1562.8053,68437,83699,Rhinolophus ferrumequinum,0.04,0.04,-1,Echolocation,/mnt/ubna_data_02_mir/recover-20220922/UBNA_001/20220921_090000.WAV,Telephone Field,recover-20220922,001,1795
1562.7775,1562.815,68437,82343,Rhinolophus ferrumequinum,0.022,0.022,-1,Echolocation,/mnt/ubna_data_02_mir/recover-20220922/UBNA_001/20220921_090000.WAV,Telephone Field,recover-20220922,001,1795
1562.7945,1562.8015,28046,40901,Eptesicus serotinus,0.007,0.024,-1,Echolocation,/mnt/ubna_data_02_mir/recover-20220922/UBNA_001/20220921_090000.WAV,Telephone Field,recover-20220922,001,1795
1562.7965,1562.8355,68437,83029,Rhinolophus ferrumequinum,0.03,0.03,-1,Echolocation,/mnt/ubna_data_02_mir/recover-20220922/UBNA_001/20220921_090000.WAV,Telephone Field,recover-20220922,001,1795
1562.8435,1562.851,28906,39125,Eptesicus serotinus,0.006,0.022,-1,Echolocation,/mnt/ubna_data_02_mir/recover-20220922/UBNA_001/20220921_090000.WAV,Telephone Field,recover-20220922,001,1795
1562.8705,1562.9141,68437,82912,Rhinolophus ferrumequinum,0.034,0.034,-1,Echolocation,/mnt/ubna_data_02_mir/recover-20220922/UBNA_001/20220921_090000.WAV,Telephone Field,recover-20220922,001,1795
1562.8905,1562.9287,68437,82467,Rhinolophus ferrumequinum,0.022,0.022,-1,Echolocation,/mnt/ubna_data_02_mir/recover-20220922/UBNA_001/20220921_090000.WAV,Telephone Field,recover-20220922,001,1795
1562.8915,1562.9015,22031,27158,Nyctalus leisleri,0.009,0.022,-1,Echolocation,/mnt/ubna_data_02_mir/recover-20220922/UBNA_001/20220921_090000.WAV,Telephone Field,recover-20220922,001,1795
1562.9125,1562.951,68437,81381,Rhinolophus ferrumequinum,0.022,0.022,-1,Echolocation,/mnt/ubna_data_02_mir/recover-20220922/UBNA_001/20220921_090000.WAV,Telephone Field,recover-20220922,001,1795
1562.9435,1562.9821,68437,82077,Rhinolophus ferrumequinum,0.026,0.026,-1,Echolocation,/mnt/ubna_data_02_mir/recover-20220922/UBNA_001/20220921_090000.WAV,Telephone Field,recover-20220922,001,1795
1562.9635,1563.0012,68437,82248,Rhinolophus ferrumequinum,0.022,0.022,-1,Echolocation,/mnt/ubna_data_02_mir/recover-20220922/UBNA_001/20220921_090000.WAV,Telephone Field,recover-20220922,001,1795
1563.0075,1563.0448,68437,82411,Rhinolophus ferrumequinum,0.024,0.024,-1,Echolocation,/mnt/ubna_data_02_mir/recover-20220922/UBNA_001/20220921_090000.WAV,Telephone Field,recover-20220922,001,1795
1563.0275,1563.0371,24609,31741,Nyctalus leisleri,0.01,0.031,-1,Echolocation,/mnt/ubna_data_02_mir/recover-20220922/UBNA_001/20220921_090000.WAV,Telephone Field,recover-20220922,001,1795
1563.0375,1563.0773,68437,82952,Rhinolophus ferrumequinum,0.027,0.027,-1,Echolocation,/mnt/ubna_data_02_mir/recover-20220922/UBNA_001/20220921_090000.WAV,Telephone Field,recover-20220922,001,1795
1563.0675,1563.1041,68437,82112,Rhinolophus ferrumequinum,0.023,0.023,-1,Echolocation,/mnt/ubna_data_02_mir/recover-20220922/UBNA_001/20220921_090000.WAV,Telephone Field,recover-20220922,001,1795
1563.0705,1563.0807,25468,33061,Nyctalus leisleri,0.01,0.03,-1,Echolocation,/mnt/ubna_data_02_mir/recover-20220922/UBNA_001/20220921_090000.WAV,Telephone Field,recover-20220922,001,1795
1563.0825,1563.1215,68437,81775,Rhinolophus ferrumequinum,0.022,0.022,-1,Echolocation,/mnt/ubna_data_02_mir/recover-20220922/UBNA_001/20220921_090000.WAV,Telephone Field,recover-20220922,001,1795
1563.0905,1563.1293,68437,82337,Rhinolophus ferrumequinum,0.032,0.032,-1,Echolocation,/mnt/ubna_data_02_mir/recover-20220922/UBNA_001/20220921_090000.WAV,Telephone Field,recover-20220922,001,1795
1563.1135,1563.1232,24609,30960,Nyctalus leisleri,0.008,0.021,-1,Echolocation,/mnt/ubna_data_02_mir/recover-20220922/UBNA_001/20220921_090000.WAV,Telephone Field,recover-20220922,001,1795
1563.1545,1563.1673,28906,34630,Eptesicus serotinus,0.017,0.032,-1,Echolocation,/mnt/ubna_data_02_mir/recover-20220922/UBNA_001/20220921_090000.WAV,Telephone Field,recover-20220922,001,1795
1563.1555,1563.196,68437,82037,Rhinolophus ferrumequinum,0.024,0.024,-1,Echolocation,/mnt/ubna_data_02_mir/recover-20220922/UBNA_001/20220921_090000.WAV,Telephone Field,recover-20220922,001,1795
1563.2085,1563.245,68437,81858,Rhinolophus ferrumequinum,0.023,0.023,-1,Echolocation,/mnt/ubna_data_02_mir/recover-20220922/UBNA_001/20220921_090000.WAV,Telephone Field,recover-20220922,001,1795
1563.2095,1563.2209,28906,36139,Eptesicus serotinus,0.014,0.026,-1,Echolocation,/mnt/ubna_data_02_mir/recover-20220922/UBNA_001/20220921_090000.WAV,Telephone Field,recover-20220922,001,1795
1563.2145,1563.2239,28906,37082,Eptesicus serotinus,0.012,0.027,-1,Echolocation,/mnt/ubna_data_02_mir/recover-20220922/UBNA_001/20220921_090000.WAV,Telephone Field,recover-20220922,001,1795
1563.2455,1563.2826,68437,81072,Rhinolophus ferrumequinum,0.036,0.036,-1,Echolocation,/mnt/ubna_data_02_mir/recover-20220922/UBNA_001/20220921_090000.WAV,Telephone Field,recover-20220922,001,1795
1563.2525,1563.2626,25468,32738,Eptesicus serotinus,0.01,0.028,-1,Echolocation,/mnt/ubna_data_02_mir/recover-20220922/UBNA_001/20220921_090000.WAV,Telephone Field,recover-20220922,001,1795
1563.2905,1563.3292,68437,82318,Rhinolophus ferrumequinum,0.022,0.022,-1,Echolocation,/mnt/ubna_data_02_mir/recover-20220922/UBNA_001/20220921_090000.WAV,Telephone Field,recover-20220922,001,1795
1563.3375,1563.3744,68437,81878,Rhinolophus ferrumequinum,0.021,0.021,-1,Echolocation,/mnt/ubna_data_02_mir/recover-20220922/UBNA_001/20220921_090000.WAV,Telephone Field,recover-20220922,001,1795
1563.3545,1563.3912,68437,82320,Rhinolophus ferrumequinum,0.022,0.022,-1,Echolocation,/mnt/ubna_data_02_mir/recover-20220922/UBNA_001/20220921_090000.WAV,Telephone Field,recover-20220922,001,1795
1563.3845,1563.3948,29765,37371,Eptesicus serotinus,0.01,0.022,-1,Echolocation,/mnt/ubna_data_02_mir/recover-20220922/UBNA_001/20220921_090000.WAV,Telephone Field,recover-20220922,001,1795
1563.3885,1563.4267,68437,82151,Rhinolophus ferrumequinum,0.027,0.027,-1,Echolocation,/mnt/ubna_data_02_mir/recover-20220922/UBNA_001/20220921_090000.WAV,Telephone Field,recover-20220922,001,1795
1563.4405,1563.4779,68437,81948,Rhinolophus ferrumequinum,0.027,0.027,-1,Echolocation,/mnt/ubna_data_02_mir/recover-20220922/UBNA_001/20220921_090000.WAV,Telephone Field,recover-20220922,001,1795
1563.4685,1563.4791,27187,34212,Eptesicus serotinus,0.012,0.025,-1,Echolocation,/mnt/ubna_data_02_mir/recover-20220922/UBNA_001/20220921_090000.WAV,Telephone Field,recover-20220922,001,1795
1563.4795,1563.5193,68437,82333,Rhinolophus ferrumequinum,0.025,0.025,-1,Echolocation,/mnt/ubna_data_02_mir/recover-20220922/UBNA_001/20220921_090000.WAV,Telephone Field,recover-20220922,001,1795
1563.4985,1563.5345,68437,81811,Rhinolophus ferrumequinum,0.022,0.022,-1,Echolocation,/mnt/ubna_data_02_mir/recover-20220922/UBNA_001/20220921_090000.WAV,Telephone Field,recover-20220922,001,1795
1563.4995,1563.5075,47812,52827,Pipistrellus pipistrellus,0.024,0.026,-1,Echolocation,/mnt/ubna_data_02_mir/recover-20220922/UBNA_001/20220921_090000.WAV,Telephone Field,recover-20220922,001,1795
1563.5085,1563.5458,68437,82243,Rhinolophus ferrumequinum,0.022,0.022,-1,Echolocation,/mnt/ubna_data_02_mir/recover-20220922/UBNA_001/20220921_090000.WAV,Telephone Field,recover-20220922,001,1795
1563.5165,1563.5557,68437,82285,Rhinolophus ferrumequinum,0.022,0.022,-1,Echolocation,/mnt/ubna_data_02_mir/recover-20220922/UBNA_001/20220921_090000.WAV,Telephone Field,recover-20220922,001,1795
1563.5755,1563.6155,68437,82695,Rhinolophus ferrumequinum,0.025,0.025,-1,Echolocation,/mnt/ubna_data_02_mir/recover-20220922/UBNA_001/20220921_090000.WAV,Telephone Field,recover-20220922,001,1795
1563.6435,1563.6828,68437,82884,Rhinolophus ferrumequinum,0.024,0.024,-1,Echolocation,/mnt/ubna_data_02_mir/recover-20220922/UBNA_001/20220921_090000.WAV,Telephone Field,recover-20220922,001,1795
1563.6755,1563.7143,68437,81949,Rhinolophus ferrumequinum,0.023,0.023,-1,Echolocation,/mnt/ubna_data_02_mir/recover-20220922/UBNA_001/20220921_090000.WAV,Telephone Field,recover-20220922,001,1795
1563.6835,1563.6903,28906,41074,Eptesicus serotinus,0.016,0.047,-1,Echolocation,/mnt/ubna_data_02_mir/recover-20220922/UBNA_001/20220921_090000.WAV,Telephone Field,recover-20220922,001,1795
1563.6925,1563.7347,68437,82932,Rhinolophus ferrumequinum,0.031,0.032,-1,Echolocation,/mnt/ubna_data_02_mir/recover-20220922/UBNA_001/20220921_090000.WAV,Telephone Field,recover-20220922,001,1795
1563.7255,1563.7362,22031,27031,Nyctalus leisleri,0.012,0.025,-1,Echolocation,/mnt/ubna_data_02_mir/recover-20220922/UBNA_001/20220921_090000.WAV,Telephone Field,recover-20220922,001,1795
1563.7385,1563.7773,68437,81410,Rhinolophus ferrumequinum,0.021,0.021,-1,Echolocation,/mnt/ubna_data_02_mir/recover-20220922/UBNA_001/20220921_090000.WAV,Telephone Field,recover-20220922,001,1795
1563.7485,1563.7841,68437,81934,Rhinolophus ferrumequinum,0.023,0.023,-1,Echolocation,/mnt/ubna_data_02_mir/recover-20220922/UBNA_001/20220921_090000.WAV,Telephone Field,recover-20220922,001,1795
1563.8555,1563.896,68437,82932,Rhinolophus ferrumequinum,0.024,0.024,-1,Echolocation,/mnt/ubna_data_02_mir/recover-20220922/UBNA_001/20220921_090000.WAV,Telephone Field,recover-20220922,001,1795
1563.8695,1563.909,68437,81875,Rhinolophus ferrumequinum,0.023,0.023,-1,Echolocation,/mnt/ubna_data_02_mir/recover-20220922/UBNA_001/20220921_090000.WAV,Telephone Field,recover-20220922,001,1795
1563.8765,1563.9166,68437,82236,Rhinolophus ferrumequinum,0.022,0.022,-1,Echolocation,/mnt/ubna_data_02_mir/recover-20220922/UBNA_001/20220921_090000.WAV,Telephone Field,recover-20220922,001,1795
1563.9005,1563.9135,23750,29187,Nyctalus leisleri,0.014,0.027,-1,Echolocation,/mnt/ubna_data_02_mir/recover-20220922/UBNA_001/20220921_090000.WAV,Telephone Field,recover-20220922,001,1795
1563.9005,1563.9351,68437,80457,Rhinolophus ferrumequinum,0.025,0.026,-1,Echolocation,/mnt/ubna_data_02_mir/recover-20220922/UBNA_001/20220921_090000.WAV,Telephone Field,recover-20220922,001,1795
1563.9265,1563.9646,68437,82506,Rhinolophus ferrumequinum,0.023,0.023,-1,Echolocation,/mnt/ubna_data_02_mir/recover-20220922/UBNA_001/20220921_090000.WAV,Telephone Field,recover-20220922,001,1795
1563.9635,1563.9996,68437,81028,Rhinolophus ferrumequinum,0.023,0.023,-1,Echolocation,/mnt/ubna_data_02_mir/recover-20220922/UBNA_001/20220921_090000.WAV,Telephone Field,recover-20220922,001,1795
1563.9885,1563.9983,22890,30000,Nyctalus leisleri,0.01,0.03,-1,Echolocation,/mnt/ubna_data_02_mir/recover-20220922/UBNA_001/20220921_090000.WAV,Telephone Field,recover-20220922,001,1795
1564.0015,1564.0099,22890,29100,Nyctalus leisleri,0.013,0.033,-1,Echolocation,/mnt/ubna_data_02_mir/recover-20220922/UBNA_001/20220921_090000.WAV,Telephone Field,recover-20220922,001,1795
1564.0015,1564.0071,48671,56986,Pipistrellus pipistrellus,0.017,0.021,-1,Echolocation,/mnt/ubna_data_02_mir/recover-20220922/UBNA_001/20220921_090000.WAV,Telephone Field,recover-20220922,001,1795
1564.0015,1564.032,68437,79985,Rhinolophus ferrumequinum,0.035,0.035,-1,Echolocation,/mnt/ubna_data_02_mir/recover-20220922/UBNA_001/20220921_090000.WAV,Telephone Field,recover-20220922,001,1795
1564.0075,1564.0472,68437,81446,Rhinolophus ferrumequinum,0.021,0.021,-1,Echolocation,/mnt/ubna_data_02_mir/recover-20220922/UBNA_001/20220921_090000.WAV,Telephone Field,recover-20220922,001,1795
1564.0185,1564.0289,26328,34153,Eptesicus serotinus,0.014,0.028,-1,Echolocation,/mnt/ubna_data_02_mir/recover-20220922/UBNA_001/20220921_090000.WAV,Telephone Field,recover-20220922,001,1795
1564.0285,1564.0393,23750,29399,Nyctalus leisleri,0.01,0.024,-1,Echolocation,/mnt/ubna_data_02_mir/recover-20220922/UBNA_001/20220921_090000.WAV,Telephone Field,recover-20220922,001,1795
1564.0365,1564.0472,55546,59467,Pipistrellus pygmaeus,0.033,0.036,-1,Echolocation,/mnt/ubna_data_02_mir/recover-20220922/UBNA_001/20220921_090000.WAV,Telephone Field,recover-20220922,001,1795
1564.0615,1564.0714,23750,29661,Nyctalus leisleri,0.01,0.025,-1,Echolocation,/mnt/ubna_data_02_mir/recover-20220922/UBNA_001/20220921_090000.WAV,Telephone Field,recover-20220922,001,1795
1564.0675,1564.1098,68437,82789,Rhinolophus ferrumequinum,0.026,0.026,-1,Echolocation,/mnt/ubna_data_02_mir/recover-20220922/UBNA_001/20220921_090000.WAV,Telephone Field,recover-20220922,001,1795
1564.0785,1564.1176,68437,82398,Rhinolophus ferrumequinum,0.022,0.022,-1,Echolocation,/mnt/ubna_data_02_mir/recover-20220922/UBNA_001/20220921_090000.WAV,Telephone Field,recover-20220922,001,1795
1564.0855,1564.0925,28046,42025,Eptesicus serotinus,0.007,0.021,-1,Echolocation,/mnt/ubna_data_02_mir/recover-20220922/UBNA_001/20220921_090000.WAV,Telephone Field,recover-20220922,001,1795
1564.0925,1564.1338,68437,82779,Rhinolophus ferrumequinum,0.033,0.033,-1,Echolocation,/mnt/ubna_data_02_mir/recover-20220922/UBNA_001/20220921_090000.WAV,Telephone Field,recover-20220922,001,1795
1564.1165,1564.1588,68437,82556,Rhinolophus ferrumequinum,0.022,0.023,-1,Echolocation,/mnt/ubna_data_02_mir/recover-20220922/UBNA_001/20220921_090000.WAV,Telephone Field,recover-20220922,001,1795
1564.1195,1564.1293,24609,31682,Eptesicus serotinus,0.007,0.021,-1,Echolocation,/mnt/ubna_data_02_mir/recover-20220922/UBNA_001/20220921_090000.WAV,Telephone Field,recover-20220922,001,1795
1564.1465,1564.1569,28046,36370,Eptesicus serotinus,0.01,0.022,-1,Echolocation,/mnt/ubna_data_02_mir/recover-20220922/UBNA_001/20220921_090000.WAV,Telephone Field,recover-20220922,001,1795
1564.1615,1564.1978,68437,82044,Rhinolophus ferrumequinum,0.023,0.023,-1,Echolocation,/mnt/ubna_data_02_mir/recover-20220922/UBNA_001/20220921_090000.WAV,Telephone Field,recover-20220922,001,1795
1564.1845,1564.2255,68437,82276,Rhinolophus ferrumequinum,0.024,0.024,-1,Echolocation,/mnt/ubna_data_02_mir/recover-20220922/UBNA_001/20220921_090000.WAV,Telephone Field,recover-20220922,001,1795
1564.1905,1564.2276,68437,81649,Rhinolophus ferrumequinum,0.022,0.022,-1,Echolocation,/mnt/ubna_data_02_mir/recover-20220922/UBNA_001/20220921_090000.WAV,Telephone Field,recover-20220922,001,1795
1564.2155,1564.2232,26328,35512,Eptesicus serotinus,0.008,0.023,-1,Echolocation,/mnt/ubna_data_02_mir/recover-20220922/UBNA_001/20220921_090000.WAV,Telephone Field,recover-20220922,001,1795
1564.2905,1564.2994,25468,35683,Eptesicus serotinus,0.008,0.023,-1,Echolocation,/mnt/ubna_data_02_mir/recover-20220922/UBNA_001/20220921_090000.WAV,Telephone Field,recover-20220922,001,1795
1564.3075,1564.3481,68437,82325,Rhinolophus ferrumequinum,0.023,0.023,-1,Echolocation,/mnt/ubna_data_02_mir/recover-20220922/UBNA_001/20220921_090000.WAV,Telephone Field,recover-20220922,001,1795
1564.3195,1564.3608,68437,82060,Rhinolophus ferrumequinum,0.024,0.024,-1,Echolocation,/mnt/ubna_data_02_mir/recover-20220922/UBNA_001/20220921_090000.WAV,Telephone Field,recover-20220922,001,1795
1564.3225,1564.3315,28046,36522,Eptesicus serotinus,0.009,0.022,-1,Echolocation,/mnt/ubna_data_02_mir/recover-20220922/UBNA_001/20220921_090000.WAV,Telephone Field,recover-20220922,001,1795
1564.3435,1564.352,25468,34620,Eptesicus serotinus,0.008,0.021,-1,Echolocation,/mnt/ubna_data_02_mir/recover-20220922/UBNA_001/20220921_090000.WAV,Telephone Field,recover-20220922,001,1795
1564.3625,1564.3712,45234,54436,Pipistrellus pipistrellus,0.015,0.022,-1,Echolocation,/mnt/ubna_data_02_mir/recover-20220922/UBNA_001/20220921_090000.WAV,Telephone Field,recover-20220922,001,1795
1564.3875,1564.4261,68437,81820,Rhinolophus ferrumequinum,0.021,0.022,-1,Echolocation,/mnt/ubna_data_02_mir/recover-20220922/UBNA_001/20220921_090000.WAV,Telephone Field,recover-20220922,001,1795
1564.3975,1564.4365,68437,82183,Rhinolophus ferrumequinum,0.022,0.022,-1,Echolocation,/mnt/ubna_data_02_mir/recover-20220922/UBNA_001/20220921_090000.WAV,Telephone Field,recover-20220922,001,1795
1564.4055,1564.4467,68437,82572,Rhinolophus ferrumequinum,0.023,0.023,-1,Echolocation,/mnt/ubna_data_02_mir/recover-20220922/UBNA_001/20220921_090000.WAV,Telephone Field,recover-20220922,001,1795
1564.4175,1564.4583,68437,82407,Rhinolophus ferrumequinum,0.021,0.021,-1,Echolocation,/mnt/ubna_data_02_mir/recover-20220922/UBNA_001/20220921_090000.WAV,Telephone Field,recover-20220922,001,1795
1564.4435,1564.4509,26328,35385,Eptesicus serotinus,0.005,0.021,-1,Echolocation,/mnt/ubna_data_02_mir/recover-20220922/UBNA_001/20220921_090000.WAV,Telephone Field,recover-20220922,001,1795
1564.4465,1564.4564,22031,26614,Nyctalus leisleri,0.01,0.021,-1,Echolocation,/mnt/ubna_data_02_mir/recover-20220922/UBNA_001/20220921_090000.WAV,Telephone Field,recover-20220922,001,1795
1564.4545,1564.4964,68437,81993,Rhinolophus ferrumequinum,0.027,0.027,-1,Echolocation,/mnt/ubna_data_02_mir/recover-20220922/UBNA_001/20220921_090000.WAV,Telephone Field,recover-20220922,001,1795
1564.4625,1564.5034,68437,81740,Rhinolophus ferrumequinum,0.022,0.022,-1,Echolocation,/mnt/ubna_data_02_mir/recover-20220922/UBNA_001/20220921_090000.WAV,Telephone Field,recover-20220922,001,1795
1564.4725,1564.5084,68437,81704,Rhinolophus ferrumequinum,0.021,0.022,-1,Echolocation,/mnt/ubna_data_02_mir/recover-20220922/UBNA_001/20220921_090000.WAV,Telephone Field,recover-20220922,001,1795
1564.4775,1564.4873,28046,38504,Eptesicus serotinus,0.01,0.024,-1,Echolocation,/mnt/ubna_data_02_mir/recover-20220922/UBNA_001/20220921_090000.WAV,Telephone Field,recover-20220922,001,1795
1564.4915,1564.5314,68437,82379,Rhinolophus ferrumequinum,0.021,0.021,-1,Echolocation,/mnt/ubna_data_02_mir/recover-20220922/UBNA_001/20220921_090000.WAV,Telephone Field,recover-20220922,001,1795
1564.5005,1564.5076,28046,38053,Eptesicus serotinus,0.006,0.021,-1,Echolocation,/mnt/ubna_data_02_mir/recover-20220922/UBNA_001/20220921_090000.WAV,Telephone Field,recover-20220922,001,1795
1564.5255,1564.5635,68437,81982,Rhinolophus ferrumequinum,0.022,0.022,-1,Echolocation,/mnt/ubna_data_02_mir/recover-20220922/UBNA_001/20220921_090000.WAV,Telephone Field,recover-20220922,001,1795
1564.5475,1564.5545,28046,40085,Eptesicus serotinus,0.006,0.022,-1,Echolocation,/mnt/ubna_data_02_mir/recover-20220922/UBNA_001/20220921_090000.WAV,Telephone Field,recover-20220922,001,1795
1564.5585,1564.5991,68437,82831,Rhinolophus ferrumequinum,0.024,0.024,-1,Echolocation,/mnt/ubna_data_02_mir/recover-20220922/UBNA_001/20220921_090000.WAV,Telephone Field,recover-20220922,001,1795
1564.5835,1564.5946,22890,27447,Nyctalus leisleri,0.012,0.022,-1,Echolocation,/mnt/ubna_data_02_mir/recover-20220922/UBNA_001/20220921_090000.WAV,Telephone Field,recover-20220922,001,1795
1564.6145,1564.6521,68437,82008,Rhinolophus ferrumequinum,0.021,0.021,-1,Echolocation,/mnt/ubna_data_02_mir/recover-20220922/UBNA_001/20220921_090000.WAV,Telephone Field,recover-20220922,001,1795
1564.6255,1564.6648,68437,81933,Rhinolophus ferrumequinum,0.023,0.024,-1,Echolocation,/mnt/ubna_data_02_mir/recover-20220922/UBNA_001/20220921_090000.WAV,Telephone Field,recover-20220922,001,1795
1564.6275,1564.6363,27187,38548,Eptesicus serotinus,0.007,0.021,-1,Echolocation,/mnt/ubna_data_02_mir/recover-20220922/UBNA_001/20220921_090000.WAV,Telephone Field,recover-20220922,001,1795
1564.7105,1564.7219,23750,29398,Nyctalus leisleri,0.011,0.024,-1,Echolocation,/mnt/ubna_data_02_mir/recover-20220922/UBNA_001/20220921_090000.WAV,Telephone Field,recover-20220922,001,1795
1564.7335,1564.7522,19453,22426,Nyctalus leisleri,0.011,0.024,-1,Echolocation,/mnt/ubna_data_02_mir/recover-20220922/UBNA_001/20220921_090000.WAV,Telephone Field,recover-20220922,001,1795
1564.7345,1564.7733,68437,82623,Rhinolophus ferrumequinum,0.025,0.025,-1,Echolocation,/mnt/ubna_data_02_mir/recover-20220922/UBNA_001/20220921_090000.WAV,Telephone Field,recover-20220922,001,1795
1564.8065,1564.8493,68437,83304,Rhinolophus ferrumequinum,0.026,0.026,-1,Echolocation,/mnt/ubna_data_02_mir/recover-20220922/UBNA_001/20220921_090000.WAV,Telephone Field,recover-20220922,001,1795
1564.8425,1564.8825,68437,82351,Rhinolophus ferrumequinum,0.024,0.024,-1,Echolocation,/mnt/ubna_data_02_mir/recover-20220922/UBNA_001/20220921_090000.WAV,Telephone Field,recover-20220922,001,1795
1564.9175,1564.9613,68437,82796,Rhinolophus ferrumequinum,0.025,0.025,-1,Echolocation,/mnt/ubna_data_02_mir/recover-20220922/UBNA_001/20220921_090000.WAV,Telephone Field,recover-20220922,001,1795
1564.9195,1564.9279,27187,38351,Eptesicus serotinus,0.009,0.022,-1,Echolocation,/mnt/ubna_data_02_mir/recover-20220922/UBNA_001/20220921_090000.WAV,Telephone Field,recover-20220922,001,1795
1564.9415,1564.9797,68437,82300,Rhinolophus ferrumequinum,0.025,0.025,-1,Echolocation,/mnt/ubna_data_02_mir/recover-20220922/UBNA_001/20220921_090000.WAV,Telephone Field,recover-20220922,001,1795
1564.9505,1564.9883,68437,82179,Rhinolophus ferrumequinum,0.021,0.021,-1,Echolocation,/mnt/ubna_data_02_mir/recover-20220922/UBNA_001/20220921_090000.WAV,Telephone Field,recover-20220922,001,1795
1564.9535,1564.9606,28046,40213,Eptesicus serotinus,0.006,0.021,-1,Echolocation,/mnt/ubna_data_02_mir/recover-20220922/UBNA_001/20220921_090000.WAV,Telephone Field,recover-20220922,001,1795
1564.9755,1564.9859,23750,29763,Nyctalus leisleri,0.009,0.022,-1,Echolocation,/mnt/ubna_data_02_mir/recover-20220922/UBNA_001/20220921_090000.WAV,Telephone Field,recover-20220922,001,1795
1565.0265,1565.0688,68437,82250,Rhinolophus ferrumequinum,0.027,0.027,-1,Echolocation,/mnt/ubna_data_02_mir/recover-20220922/UBNA_001/20220921_090000.WAV,Telephone Field,recover-20220922,001,1795
1565.0545,1565.0921,68437,81732,Rhinolophus ferrumequinum,0.024,0.024,-1,Echolocation,/mnt/ubna_data_02_mir/recover-20220922/UBNA_001/20220921_090000.WAV,Telephone Field,recover-20220922,001,1795
1565.0665,1565.1039,68437,81735,Rhinolophus ferrumequinum,0.021,0.021,-1,Echolocation,/mnt/ubna_data_02_mir/recover-20220922/UBNA_001/20220921_090000.WAV,Telephone Field,recover-20220922,001,1795
1565.0695,1565.08,24609,31052,Nyctalus leisleri,0.01,0.025,-1,Echolocation,/mnt/ubna_data_02_mir/recover-20220922/UBNA_001/20220921_090000.WAV,Telephone Field,recover-20220922,001,1795
1565.0885,1565.1321,68437,83094,Rhinolophus ferrumequinum,0.032,0.032,-1,Echolocation,/mnt/ubna_data_02_mir/recover-20220922/UBNA_001/20220921_090000.WAV,Telephone Field,recover-20220922,001,1795
1565.1135,1565.125,33203,38754,Eptesicus serotinus,0.006,0.025,-1,Echolocation,/mnt/ubna_data_02_mir/recover-20220922/UBNA_001/20220921_090000.WAV,Telephone Field,recover-20220922,001,1795
1565.1435,1565.1551,14296,23000,Nyctalus noctula,0.013,0.022,-1,Echolocation,/mnt/ubna_data_02_mir/recover-20220922/UBNA_001/20220921_090000.WAV,Telephone Field,recover-20220922,001,1795
1565.2345,1565.2704,68437,81199,Rhinolophus ferrumequinum,0.021,0.021,-1,Echolocation,/mnt/ubna_data_02_mir/recover-20220922/UBNA_001/20220921_090000.WAV,Telephone Field,recover-20220922,001,1795
1565.2845,1565.3243,68437,82078,Rhinolophus ferrumequinum,0.03,0.03,-1,Echolocation,/mnt/ubna_data_02_mir/recover-20220922/UBNA_001/20220921_090000.WAV,Telephone Field,recover-20220922,001,1795
1565.3155,1565.324,28046,38865,Eptesicus serotinus,0.01,0.025,-1,Echolocation,/mnt/ubna_data_02_mir/recover-20220922/UBNA_001/20220921_090000.WAV,Telephone Field,recover-20220922,001,1795
1565.3265,1565.3656,68437,81883,Rhinolophus ferrumequinum,0.023,0.023,-1,Echolocation,/mnt/ubna_data_02_mir/recover-20220922/UBNA_001/20220921_090000.WAV,Telephone Field,recover-20220922,001,1795
1565.3275,1565.3394,50390,55186,Pipistrellus pipistrellus,0.016,0.021,-1,Echolocation,/mnt/ubna_data_02_mir/recover-20220922/UBNA_001/20220921_090000.WAV,Telephone Field,recover-20220922,001,1795
1565.3325,1565.3434,25468,32354,Eptesicus serotinus,0.01,0.024,-1,Echolocation,/mnt/ubna_data_02_mir/recover-20220922/UBNA_001/20220921_090000.WAV,Telephone Field,recover-20220922,001,1795
1565.3495,1565.3886,68437,81974,Rhinolophus ferrumequinum,0.021,0.021,-1,Echolocation,/mnt/ubna_data_02_mir/recover-20220922/UBNA_001/20220921_090000.WAV,Telephone Field,recover-20220922,001,1795
1565.3525,1565.3591,28046,40108,Eptesicus serotinus,0.006,0.024,-1,Echolocation,/mnt/ubna_data_02_mir/recover-20220922/UBNA_001/20220921_090000.WAV,Telephone Field,recover-20220922,001,1795
1565.3805,1565.3872,26328,36609,Plecotus austriacus,0.009,0.035,-1,Echolocation,/mnt/ubna_data_02_mir/recover-20220922/UBNA_001/20220921_090000.WAV,Telephone Field,recover-20220922,001,1795
1565.3935,1565.4333,68437,82596,Rhinolophus ferrumequinum,0.022,0.022,-1,Echolocation,/mnt/ubna_data_02_mir/recover-20220922/UBNA_001/20220921_090000.WAV,Telephone Field,recover-20220922,001,1795
1565.4005,1565.4411,68437,82372,Rhinolophus ferrumequinum,0.023,0.023,-1,Echolocation,/mnt/ubna_data_02_mir/recover-20220922/UBNA_001/20220921_090000.WAV,Telephone Field,recover-20220922,001,1795
1565.4355,1565.4748,68437,81965,Rhinolophus ferrumequinum,0.022,0.022,-1,Echolocation,/mnt/ubna_data_02_mir/recover-20220922/UBNA_001/20220921_090000.WAV,Telephone Field,recover-20220922,001,1795
1565.4595,1565.4994,68437,81751,Rhinolophus ferrumequinum,0.021,0.021,-1,Echolocation,/mnt/ubna_data_02_mir/recover-20220922/UBNA_001/20220921_090000.WAV,Telephone Field,recover-20220922,001,1795
1565.4965,1565.5154,20312,23767,Nyctalus leisleri,0.012,0.024,-1,Echolocation,/mnt/ubna_data_02_mir/recover-20220922/UBNA_001/20220921_090000.WAV,Telephone Field,recover-20220922,001,1795
1565.5105,1565.5483,68437,82176,Rhinolophus ferrumequinum,0.022,0.022,-1,Echolocation,/mnt/ubna_data_02_mir/recover-20220922/UBNA_001/20220921_090000.WAV,Telephone Field,recover-20220922,001,1795
1565.5575,1565.5984,68437,82696,Rhinolophus ferrumequinum,0.022,0.022,-1,Echolocation,/mnt/ubna_data_02_mir/recover-20220922/UBNA_001/20220921_090000.WAV,Telephone Field,recover-20220922,001,1795
1565.5635,1565.6041,68437,82557,Rhinolophus ferrumequinum,0.022,0.022,-1,Echolocation,/mnt/ubna_data_02_mir/recover-20220922/UBNA_001/20220921_090000.WAV,Telephone Field,recover-20220922,001,1795
1565.5755,1565.5866,23750,29198,Nyctalus leisleri,0.009,0.021,-1,Echolocation,/mnt/ubna_data_02_mir/recover-20220922/UBNA_001/20220921_090000.WAV,Telephone Field,recover-20220922,001,1795
1565.5775,1565.615,68437,81981,Rhinolophus ferrumequinum,0.021,0.021,-1,Echolocation,/mnt/ubna_data_02_mir/recover-20220922/UBNA_001/20220921_090000.WAV,Telephone Field,recover-20220922,001,1795
1565.5895,1565.628,68437,81285,Rhinolophus ferrumequinum,0.021,0.021,-1,Echolocation,/mnt/ubna_data_02_mir/recover-20220922/UBNA_001/20220921_090000.WAV,Telephone Field,recover-20220922,001,1795
1565.6555,1565.6933,68437,82109,Rhinolophus ferrumequinum,0.021,0.021,-1,Echolocation,/mnt/ubna_data_02_mir/recover-20220922/UBNA_001/20220921_090000.WAV,Telephone Field,recover-20220922,001,1795
1565.6945,1565.7034,28046,37130,Eptesicus serotinus,0.008,0.022,-1,Echolocation,/mnt/ubna_data_02_mir/recover-20220922/UBNA_001/20220921_090000.WAV,Telephone Field,recover-20220922,001,1795
1565.7035,1565.7454,68437,83129,Rhinolophus ferrumequinum,0.024,0.024,-1,Echolocation,/mnt/ubna_data_02_mir/recover-20220922/UBNA_001/20220921_090000.WAV,Telephone Field,recover-20220922,001,1795
1565.7045,1565.715,23750,29727,Nyctalus leisleri,0.01,0.024,-1,Echolocation,/mnt/ubna_data_02_mir/recover-20220922/UBNA_001/20220921_090000.WAV,Telephone Field,recover-20220922,001,1795
1565.7165,1565.755,68437,82415,Rhinolophus ferrumequinum,0.023,0.023,-1,Echolocation,/mnt/ubna_data_02_mir/recover-20220922/UBNA_001/20220921_090000.WAV,Telephone Field,recover-20220922,001,1795
1565.7465,1565.754,28046,41344,Eptesicus serotinus,0.007,0.022,-1,Echolocation,/mnt/ubna_data_02_mir/recover-20220922/UBNA_001/20220921_090000.WAV,Telephone Field,recover-20220922,001,1795
1565.7705,1565.8095,68437,81553,Rhinolophus ferrumequinum,0.022,0.022,-1,Echolocation,/mnt/ubna_data_02_mir/recover-20220922/UBNA_001/20220921_090000.WAV,Telephone Field,recover-20220922,001,1795
1565.8085,1565.85,68437,82708,Rhinolophus ferrumequinum,0.023,0.023,-1,Echolocation,/mnt/ubna_data_02_mir/recover-20220922/UBNA_001/20220921_090000.WAV,Telephone Field,recover-20220922,001,1795
1565.8115,1565.8166,47812,57694,Pipistrellus pipistrellus,0.02,0.022,-1,Echolocation,/mnt/ubna_data_02_mir/recover-20220922/UBNA_001/20220921_090000.WAV,Telephone Field,recover-20220922,001,1795
1565.8225,1565.8305,27187,39260,Eptesicus serotinus,0.007,0.022,-1,Echolocation,/mnt/ubna_data_02_mir/recover-20220922/UBNA_001/20220921_090000.WAV,Telephone Field,recover-20220922,001,1795
1565.8355,1565.8455,28906,36039,Eptesicus serotinus,0.009,0.023,-1,Echolocation,/mnt/ubna_data_02_mir/recover-20220922/UBNA_001/20220921_090000.WAV,Telephone Field,recover-20220922,001,1795
1565.8425,1565.8841,68437,82629,Rhinolophus ferrumequinum,0.024,0.024,-1,Echolocation,/mnt/ubna_data_02_mir/recover-20220922/UBNA_001/20220921_090000.WAV,Telephone Field,recover-20220922,001,1795
1565.8965,1565.9391,68437,83307,Rhinolophus ferrumequinum,0.035,0.035,-1,Echolocation,/mnt/ubna_data_02_mir/recover-20220922/UBNA_001/20220921_090000.WAV,Telephone Field,recover-20220922,001,1795
1565.9005,1565.9085,26328,35824,Eptesicus serotinus,0.009,0.025,-1,Echolocation,/mnt/ubna_data_02_mir/recover-20220922/UBNA_001/20220921_090000.WAV,Telephone Field,recover-20220922,001,1795
1565.9735,1565.9836,22890,29901,Nyctalus leisleri,0.009,0.029,-1,Echolocation,/mnt/ubna_data_02_mir/recover-20220922/UBNA_001/20220921_090000.WAV,Telephone Field,recover-20220922,001,1795
1565.9885,1565.9978,28906,38876,Eptesicus serotinus,0.008,0.021,-1,Echolocation,/mnt/ubna_data_02_mir/recover-20220922/UBNA_001/20220921_090000.WAV,Telephone Field,recover-20220922,001,1795
1566.0015,1566.0111,21171,28916,Nyctalus leisleri,0.008,0.024,-1,Echolocation,/mnt/ubna_data_02_mir/recover-20220922/UBNA_001/20220921_090000.WAV,Telephone Field,recover-20220922,001,1795
1566.0015,1566.0092,25468,38370,Myotis nattereri,0.006,0.024,-1,Echolocation,/mnt/ubna_data_02_mir/recover-20220922/UBNA_001/20220921_090000.WAV,Telephone Field,recover-20220922,001,1795
1566.0015,1566.0077,48671,56415,Pipistrellus pipistrellus,0.019,0.024,-1,Echolocation,/mnt/ubna_data_02_mir/recover-20220922/UBNA_001/20220921_090000.WAV,Telephone Field,recover-20220922,001,1795
1566.0025,1566.0438,68437,81553,Rhinolophus ferrumequinum,0.034,0.034,-1,Echolocation,/mnt/ubna_data_02_mir/recover-20220922/UBNA_001/20220921_090000.WAV,Telephone Field,recover-20220922,001,1795
1566.0085,1566.0544,68437,83123,Rhinolophus ferrumequinum,0.026,0.026,-1,Echolocation,/mnt/ubna_data_02_mir/recover-20220922/UBNA_001/20220921_090000.WAV,Telephone Field,recover-20220922,001,1795
1566.0325,1566.0421,28046,38662,Eptesicus serotinus,0.01,0.024,-1,Echolocation,/mnt/ubna_data_02_mir/recover-20220922/UBNA_001/20220921_090000.WAV,Telephone Field,recover-20220922,001,1795
1566.0335,1566.0751,68437,82731,Rhinolophus ferrumequinum,0.029,0.029,-1,Echolocation,/mnt/ubna_data_02_mir/recover-20220922/UBNA_001/20220921_090000.WAV,Telephone Field,recover-20220922,001,1795
1566.0375,1566.0477,22890,27884,Nyctalus leisleri,0.014,0.028,-1,Echolocation,/mnt/ubna_data_02_mir/recover-20220922/UBNA_001/20220921_090000.WAV,Telephone Field,recover-20220922,001,1795
1566.0735,1566.0822,28046,38184,Eptesicus serotinus,0.009,0.027,-1,Echolocation,/mnt/ubna_data_02_mir/recover-20220922/UBNA_001/20220921_090000.WAV,Telephone Field,recover-20220922,001,1795
1566.0865,1566.0987,24609,29797,Nyctalus leisleri,0.013,0.029,-1,Echolocation,/mnt/ubna_data_02_mir/recover-20220922/UBNA_001/20220921_090000.WAV,Telephone Field,recover-20220922,001,1795
1566.0935,1566.1324,68437,82202,Rhinolophus ferrumequinum,0.026,0.026,-1,Echolocation,/mnt/ubna_data_02_mir/recover-20220922/UBNA_001/20220921_090000.WAV,Telephone Field,recover-20220922,001,1795
1566.1205,1566.1594,68437,82192,Rhinolophus ferrumequinum,0.063,0.064,-1,Echolocation,/mnt/ubna_data_02_mir/recover-20220922/UBNA_001/20220921_090000.WAV,Telephone Field,recover-20220922,001,1795
1566.1235,1566.1331,24609,32619,Eptesicus serotinus,0.007,0.022,-1,Echolocation,/mnt/ubna_data_02_mir/recover-20220922/UBNA_001/20220921_090000.WAV,Telephone Field,recover-20220922,001,1795
1566.1345,1566.1429,26328,34277,Eptesicus serotinus,0.009,0.024,-1,Echolocation,/mnt/ubna_data_02_mir/recover-20220922/UBNA_001/20220921_090000.WAV,Telephone Field,recover-20220922,001,1795
1566.1465,1566.1865,68437,82300,Rhinolophus ferrumequinum,0.022,0.022,-1,Echolocation,/mnt/ubna_data_02_mir/recover-20220922/UBNA_001/20220921_090000.WAV,Telephone Field,recover-20220922,001,1795
1566.1835,1566.194,25468,31981,Eptesicus serotinus,0.011,0.026,-1,Echolocation,/mnt/ubna_data_02_mir/recover-20220922/UBNA_001/20220921_090000.WAV,Telephone Field,recover-20220922,001,1795
1566.1865,1566.2237,68437,81641,Rhinolophus ferrumequinum,0.022,0.022,-1,Echolocation,/mnt/ubna_data_02_mir/recover-20220922/UBNA_001/20220921_090000.WAV,Telephone Field,recover-20220922,001,1795
1566.2305,1566.2709,68437,82437,Rhinolophus ferrumequinum,0.023,0.024,-1,Echolocation,/mnt/ubna_data_02_mir/recover-20220922/UBNA_001/20220921_090000.WAV,Telephone Field,recover-20220922,001,1795
1566.2375,1566.252,14296,19296,Nyctalus noctula,0.015,0.023,-1,Echolocation,/mnt/ubna_data_02_mir/recover-20220922/UBNA_001/20220921_090000.WAV,Telephone Field,recover-20220922,001,1795
1566.2865,1566.3282,68437,82629,Rhinolophus ferrumequinum,0.023,0.023,-1,Echolocation,/mnt/ubna_data_02_mir/recover-20220922/UBNA_001/20220921_090000.WAV,Telephone Field,recover-20220922,001,1795
1566.3705,1566.411,68437,82472,Rhinolophus ferrumequinum,0.023,0.023,-1,Echolocation,/mnt/ubna_data_02_mir/recover-20220922/UBNA_001/20220921_090000.WAV,Telephone Field,recover-20220922,001,1795
1566.3975,1566.4391,68437,83541,Rhinolophus ferrumequinum,0.025,0.025,-1,Echolocation,/mnt/ubna_data_02_mir/recover-20220922/UBNA_001/20220921_090000.WAV,Telephone Field,recover-20220922,001,1795
1566.4245,1566.4623,68437,81970,Rhinolophus ferrumequinum,0.022,0.022,-1,Echolocation,/mnt/ubna_data_02_mir/recover-20220922/UBNA_001/20220921_090000.WAV,Telephone Field,recover-20220922,001,1795
1566.4405,1566.4498,28906,38080,Eptesicus serotinus,0.011,0.026,-1,Echolocation,/mnt/ubna_data_02_mir/recover-20220922/UBNA_001/20220921_090000.WAV,Telephone Field,recover-20220922,001,1795
1566.4565,1566.4968,68437,82563,Rhinolophus ferrumequinum,0.023,0.023,-1,Echolocation,/mnt/ubna_data_02_mir/recover-20220922/UBNA_001/20220921_090000.WAV,Telephone Field,recover-20220922,001,1795
1566.4605,1566.4706,23750,30199,Nyctalus leisleri,0.01,0.023,-1,Echolocation,/mnt/ubna_data_02_mir/recover-20220922/UBNA_001/20220921_090000.WAV,Telephone Field,recover-20220922,001,1795
1566.4815,1566.5186,68437,81231,Rhinolophus ferrumequinum,0.026,0.026,-1,Echolocation,/mnt/ubna_data_02_mir/recover-20220922/UBNA_001/20220921_090000.WAV,Telephone Field,recover-20220922,001,1795
1566.4885,1566.5219,68437,80494,Rhinolophus ferrumequinum,0.022,0.022,-1,Echolocation,/mnt/ubna_data_02_mir/recover-20220922/UBNA_001/20220921_090000.WAV,Telephone Field,recover-20220922,001,1795
1566.5055,1566.5415,68437,81120,Rhinolophus ferrumequinum,0.022,0.022,-1,Echolocation,/mnt/ubna_data_02_mir/recover-20220922/UBNA_001/20220921_090000.WAV,Telephone Field,recover-20220922,001,1795
1566.5335,1566.5433,23750,29665,Nyctalus leisleri,0.01,0.024,-1,Echolocation,/mnt/ubna_data_02_mir/recover-20220922/UBNA_001/20220921_090000.WAV,Telephone Field,recover-20220922,001,1795
1566.5565,1566.5993,68437,83255,Rhinolophus ferrumequinum,0.047,0.047,-1,Echolocation,/mnt/ubna_data_02_mir/recover-20220922/UBNA_001/20220921_090000.WAV,Telephone Field,recover-20220922,001,1795
1566.5765,1566.5815,28906,63595,Myotis daubentonii,0.011,0.025,-1,Echolocation,/mnt/ubna_data_02_mir/recover-20220922/UBNA_001/20220921_090000.WAV,Telephone Field,recover-20220922,001,1795
1566.6325,1566.6717,68437,82414,Rhinolophus ferrumequinum,0.024,0.024,-1,Echolocation,/mnt/ubna_data_02_mir/recover-20220922/UBNA_001/20220921_090000.WAV,Telephone Field,recover-20220922,001,1795
1566.6485,1566.684,68437,80089,Rhinolophus ferrumequinum,0.026,0.026,-1,Echolocation,/mnt/ubna_data_02_mir/recover-20220922/UBNA_001/20220921_090000.WAV,Telephone Field,recover-20220922,001,1795
1566.6655,1566.7051,68437,82851,Rhinolophus ferrumequinum,0.039,0.039,-1,Echolocation,/mnt/ubna_data_02_mir/recover-20220922/UBNA_001/20220921_090000.WAV,Telephone Field,recover-20220922,001,1795
1566.6775,1566.717,68437,82063,Rhinolophus ferrumequinum,0.024,0.024,-1,Echolocation,/mnt/ubna_data_02_mir/recover-20220922/UBNA_001/20220921_090000.WAV,Telephone Field,recover-20220922,001,1795
1566.6825,1566.6907,25468,34311,Eptesicus serotinus,0.007,0.022,-1,Echolocation,/mnt/ubna_data_02_mir/recover-20220922/UBNA_001/20220921_090000.WAV,Telephone Field,recover-20220922,001,1795
1566.6825,1566.7189,68437,81974,Rhinolophus ferrumequinum,0.025,0.025,-1,Echolocation,/mnt/ubna_data_02_mir/recover-20220922/UBNA_001/20220921_090000.WAV,Telephone Field,recover-20220922,001,1795
1566.7055,1566.7457,68437,82283,Rhinolophus ferrumequinum,0.024,0.024,-1,Echolocation,/mnt/ubna_data_02_mir/recover-20220922/UBNA_001/20220921_090000.WAV,Telephone Field,recover-20220922,001,1795
1566.7105,1566.7491,68437,81865,Rhinolophus ferrumequinum,0.024,0.024,-1,Echolocation,/mnt/ubna_data_02_mir/recover-20220922/UBNA_001/20220921_090000.WAV,Telephone Field,recover-20220922,001,1795
1566.7285,1566.7652,68437,81769,Rhinolophus ferrumequinum,0.025,0.025,-1,Echolocation,/mnt/ubna_data_02_mir/recover-20220922/UBNA_001/20220921_090000.WAV,Telephone Field,recover-20220922,001,1795
1566.7425,1566.7525,28046,35939,Eptesicus serotinus,0.011,0.024,-1,Echolocation,/mnt/ubna_data_02_mir/recover-20220922/UBNA_001/20220921_090000.WAV,Telephone Field,recover-20220922,001,1795
1566.7615,1566.774,22890,27529,Nyctalus leisleri,0.013,0.024,-1,Echolocation,/mnt/ubna_data_02_mir/recover-20220922/UBNA_001/20220921_090000.WAV,Telephone Field,recover-20220922,001,1795
1566.7755,1566.8149,68437,82603,Rhinolophus ferrumequinum,0.025,0.025,-1,Echolocation,/mnt/ubna_data_02_mir/recover-20220922/UBNA_001/20220921_090000.WAV,Telephone Field,recover-20220922,001,1795
1566.7825,1566.8218,68437,82873,Rhinolophus ferrumequinum,0.025,0.025,-1,Echolocation,/mnt/ubna_data_02_mir/recover-20220922/UBNA_001/20220921_090000.WAV,Telephone Field,recover-20220922,001,1795
1566.7895,1566.8287,68437,82440,Rhinolophus ferrumequinum,0.022,0.022,-1,Echolocation,/mnt/ubna_data_02_mir/recover-20220922/UBNA_001/20220921_090000.WAV,Telephone Field,recover-20220922,001,1795
1566.8195,1566.8293,28906,37310,Eptesicus serotinus,0.011,0.025,-1,Echolocation,/mnt/ubna_data_02_mir/recover-20220922/UBNA_001/20220921_090000.WAV,Telephone Field,recover-20220922,001,1795
1566.8295,1566.8699,68437,82978,Rhinolophus ferrumequinum,0.03,0.03,-1,Echolocation,/mnt/ubna_data_02_mir/recover-20220922/UBNA_001/20220921_090000.WAV,Telephone Field,recover-20220922,001,1795
1566.8295,1566.8394,28046,36463,Eptesicus serotinus,0.009,0.022,-1,Echolocation,/mnt/ubna_data_02_mir/recover-20220922/UBNA_001/20220921_090000.WAV,Telephone Field,recover-20220922,001,1795
1566.8675,1566.8774,28046,35437,Eptesicus serotinus,0.011,0.026,-1,Echolocation,/mnt/ubna_data_02_mir/recover-20220922/UBNA_001/20220921_090000.WAV,Telephone Field,recover-20220922,001,1795
1566.8795,1566.8878,27187,38283,Eptesicus serotinus,0.008,0.023,-1,Echolocation,/mnt/ubna_data_02_mir/recover-20220922/UBNA_001/20220921_090000.WAV,Telephone Field,recover-20220922,001,1795
1566.9925,1567.0332,68437,82340,Rhinolophus ferrumequinum,0.046,0.046,-1,Echolocation,/mnt/ubna_data_02_mir/recover-20220922/UBNA_001/20220921_090000.WAV,Telephone Field,recover-20220922,001,1795
1567.0195,1567.0577,68437,82081,Rhinolophus ferrumequinum,0.023,0.023,-1,Echolocation,/mnt/ubna_data_02_mir/recover-20220922/UBNA_001/20220921_090000.WAV,Telephone Field,recover-20220922,001,1795
1567.0425,1567.0507,23750,31664,Plecotus austriacus,0.009,0.025,-1,Echolocation,/mnt/ubna_data_02_mir/recover-20220922/UBNA_001/20220921_090000.WAV,Telephone Field,recover-20220922,001,1795
1567.0675,1567.1138,68437,84170,Rhinolophus ferrumequinum,0.054,0.054,-1,Echolocation,/mnt/ubna_data_02_mir/recover-20220922/UBNA_001/20220921_090000.WAV,Telephone Field,recover-20220922,001,1795
1567.1055,1567.1463,68437,82757,Rhinolophus ferrumequinum,0.022,0.022,-1,Echolocation,/mnt/ubna_data_02_mir/recover-20220922/UBNA_001/20220921_090000.WAV,Telephone Field,recover-20220922,001,1795
1567.1455,1567.1523,23750,33758,Plecotus austriacus,0.02,0.039,-1,Echolocation,/mnt/ubna_data_02_mir/recover-20220922/UBNA_001/20220921_090000.WAV,Telephone Field,recover-20220922,001,1795
1567.1865,1567.2277,68437,82595,Rhinolophus ferrumequinum,0.029,0.029,-1,Echolocation,/mnt/ubna_data_02_mir/recover-20220922/UBNA_001/20220921_090000.WAV,Telephone Field,recover-20220922,001,1795
1567.2495,1567.2886,68437,82522,Rhinolophus ferrumequinum,0.023,0.023,-1,Echolocation,/mnt/ubna_data_02_mir/recover-20220922/UBNA_001/20220921_090000.WAV,Telephone Field,recover-20220922,001,1795
1567.2695,1567.311,68437,83074,Rhinolophus ferrumequinum,0.026,0.026,-1,Echolocation,/mnt/ubna_data_02_mir/recover-20220922/UBNA_001/20220921_090000.WAV,Telephone Field,recover-20220922,001,1795
1567.2705,1567.2809,28906,36456,Eptesicus serotinus,0.01,0.022,-1,Echolocation,/mnt/ubna_data_02_mir/recover-20220922/UBNA_001/20220921_090000.WAV,Telephone Field,recover-20220922,001,1795
1567.2905,1567.3328,68437,83386,Rhinolophus ferrumequinum,0.031,0.031,-1,Echolocation,/mnt/ubna_data_02_mir/recover-20220922/UBNA_001/20220921_090000.WAV,Telephone Field,recover-20220922,001,1795
1567.3125,1567.3516,68437,81745,Rhinolophus ferrumequinum,0.025,0.025,-1,Echolocation,/mnt/ubna_data_02_mir/recover-20220922/UBNA_001/20220921_090000.WAV,Telephone Field,recover-20220922,001,1795
1567.3145,1567.3229,28906,38018,Eptesicus serotinus,0.009,0.03,-1,Echolocation,/mnt/ubna_data_02_mir/recover-20220922/UBNA_001/20220921_090000.WAV,Telephone Field,recover-20220922,001,1795
1567.3415,1567.3789,68437,81981,Rhinolophus ferrumequinum,0.023,0.023,-1,Echolocation,/mnt/ubna_data_02_mir/recover-20220922/UBNA_001/20220921_090000.WAV,Telephone Field,recover-20220922,001,1795
1567.3585,1567.4002,68437,82825,Rhinolophus ferrumequinum,0.032,0.032,-1,Echolocation,/mnt/ubna_data_02_mir/recover-20220922/UBNA_001/20220921_090000.WAV,Telephone Field,recover-20220922,001,1795
1567.3905,1567.4282,68437,81814,Rhinolophus ferrumequinum,0.025,0.025,-1,Echolocation,/mnt/ubna_data_02_mir/recover-20220922/UBNA_001/20220921_090000.WAV,Telephone Field,recover-20220922,001,1795
1567.4045,1567.442,68437,82298,Rhinolophus ferrumequinum,0.023,0.023,-1,Echolocation,/mnt/ubna_data_02_mir/recover-20220922/UBNA_001/20220921_090000.WAV,Telephone Field,recover-20220922,001,1795
1567.4155,1567.424,44375,53307,Pipistrellus pipistrellus,0.042,0.051,-1,Echolocation,/mnt/ubna_data_02_mir/recover-20220922/UBNA_001/20220921_090000.WAV,Telephone Field,recover-20220922,001,1795
1567.4315,1567.4686,68437,81589,Rhinolophus ferrumequinum,0.024,0.024,-1,Echolocation,/mnt/ubna_data_02_mir/recover-20220922/UBNA_001/20220921_090000.WAV,Telephone Field,recover-20220922,001,1795
1567.4365,1567.4467,22890,28280,Nyctalus leisleri,0.01,0.022,-1,Echolocation,/mnt/ubna_data_02_mir/recover-20220922/UBNA_001/20220921_090000.WAV,Telephone Field,recover-20220922,001,1795
1567.4725,1567.512,68437,82327,Rhinolophus ferrumequinum,0.022,0.022,-1,Echolocation,/mnt/ubna_data_02_mir/recover-20220922/UBNA_001/20220921_090000.WAV,Telephone Field,recover-20220922,001,1795
1567.4945,1567.5358,68437,82365,Rhinolophus ferrumequinum,0.024,0.024,-1,Echolocation,/mnt/ubna_data_02_mir/recover-20220922/UBNA_001/20220921_090000.WAV,Telephone Field,recover-20220922,001,1795
1567.5065,1567.5399,68437,81074,Rhinolophus ferrumequinum,0.025,0.025,-1,Echolocation,/mnt/ubna_data_02_mir/recover-20220922/UBNA_001/20220921_090000.WAV,Telephone Field,recover-20220922,001,1795
1567.5075,1567.5148,24609,35182,Plecotus austriacus,0.01,0.028,-1,Echolocation,/mnt/ubna_data_02_mir/recover-20220922/UBNA_001/20220921_090000.WAV,Telephone Field,recover-20220922,001,1795
1567.5925,1567.6002,27187,39374,Eptesicus serotinus,0.007,0.025,-1,Echolocation,/mnt/ubna_data_02_mir/recover-20220922/UBNA_001/20220921_090000.WAV,Telephone Field,recover-20220922,001,1795
1567.5975,1567.6369,68437,81831,Rhinolophus ferrumequinum,0.025,0.025,-1,Echolocation,/mnt/ubna_data_02_mir/recover-20220922/UBNA_001/20220921_090000.WAV,Telephone Field,recover-20220922,001,1795
1567.6045,1567.6448,68437,82951,Rhinolophus ferrumequinum,0.03,0.03,-1,Echolocation,/mnt/ubna_data_02_mir/recover-20220922/UBNA_001/20220921_090000.WAV,Telephone Field,recover-20220922,001,1795
1567.6085,1567.6197,24609,30203,Nyctalus leisleri,0.01,0.025,-1,Echolocation,/mnt/ubna_data_02_mir/recover-20220922/UBNA_001/20220921_090000.WAV,Telephone Field,recover-20220922,001,1795
1567.6675,1567.6762,28046,38461,Eptesicus serotinus,0.008,0.024,-1,Echolocation,/mnt/ubna_data_02_mir/recover-20220922/UBNA_001/20220921_090000.WAV,Telephone Field,recover-20220922,001,1795
1567.6965,1567.7391,68437,83441,Rhinolophus ferrumequinum,0.044,0.044,-1,Echolocation,/mnt/ubna_data_02_mir/recover-20220922/UBNA_001/20220921_090000.WAV,Telephone Field,recover-20220922,001,1795
1567.7405,1567.7789,68437,82849,Rhinolophus ferrumequinum,0.023,0.023,-1,Echolocation,/mnt/ubna_data_02_mir/recover-20220922/UBNA_001/20220921_090000.WAV,Telephone Field,recover-20220922,001,1795
1567.7575,1567.7651,25468,34366,Eptesicus serotinus,0.006,0.022,-1,Echolocation,/mnt/ubna_data_02_mir/recover-20220922/UBNA_001/20220921_090000.WAV,Telephone Field,recover-20220922,001,1795
1567.7845,1567.8241,68437,82543,Rhinolophus ferrumequinum,0.026,0.026,-1,Echolocation,/mnt/ubna_data_02_mir/recover-20220922/UBNA_001/20220921_090000.WAV,Telephone Field,recover-20220922,001,1795
1567.7985,1567.8375,68437,82698,Rhinolophus ferrumequinum,0.023,0.023,-1,Echolocation,/mnt/ubna_data_02_mir/recover-20220922/UBNA_001/20220921_090000.WAV,Telephone Field,recover-20220922,001,1795
1567.8305,1567.8676,68437,82059,Rhinolophus ferrumequinum,0.024,0.025,-1,Echolocation,/mnt/ubna_data_02_mir/recover-20220922/UBNA_001/20220921_090000.WAV,Telephone Field,recover-20220922,001,1795
1567.8495,1567.8873,68437,81816,Rhinolophus ferrumequinum,0.026,0.026,-1,Echolocation,/mnt/ubna_data_02_mir/recover-20220922/UBNA_001/20220921_090000.WAV,Telephone Field,recover-20220922,001,1795
1567.8555,1567.8907,68437,81441,Rhinolophus ferrumequinum,0.025,0.025,-1,Echolocation,/mnt/ubna_data_02_mir/recover-20220922/UBNA_001/20220921_090000.WAV,Telephone Field,recover-20220922,001,1795
1567.8715,1567.8825,22890,27957,Nyctalus leisleri,0.011,0.022,-1,Echolocation,/mnt/ubna_data_02_mir/recover-20220922/UBNA_001/20220921_090000.WAV,Telephone Field,recover-20220922,001,1795
1567.8775,1567.9153,68437,82143,Rhinolophus ferrumequinum,0.025,0.026,-1,Echolocation,/mnt/ubna_data_02_mir/recover-20220922/UBNA_001/20220921_090000.WAV,Telephone Field,recover-20220922,001,1795
1567.9065,1567.9462,68437,82166,Rhinolophus ferrumequinum,0.022,0.022,-1,Echolocation,/mnt/ubna_data_02_mir/recover-20220922/UBNA_001/20220921_090000.WAV,Telephone Field,recover-20220922,001,1795
1567.9435,1567.9516,28046,39503,Eptesicus serotinus,0.008,0.023,-1,Echolocation,/mnt/ubna_data_02_mir/recover-20220922/UBNA_001/20220921_090000.WAV,Telephone Field,recover-20220922,001,1795
1567.9455,1567.9839,68437,82355,Rhinolophus ferrumequinum,0.025,0.025,-1,Echolocation,/mnt/ubna_data_02_mir/recover-20220922/UBNA_001/20220921_090000.WAV,Telephone Field,recover-20220922,001,1795
1567.9845,1567.9957,22890,28719,Nyctalus leisleri,0.015,0.033,-1,Echolocation,/mnt/ubna_data_02_mir/recover-20220922/UBNA_001/20220921_090000.WAV,Telephone Field,recover-20220922,001,1795
1568.0015,1568.0126,23750,31361,Nyctalus leisleri,0.012,0.034,-1,Echolocation,/mnt/ubna_data_02_mir/recover-20220922/UBNA_001/20220921_090000.WAV,Telephone Field,recover-20220922,001,1795
1568.0015,1568.0345,69296,81942,Rhinolophus ferrumequinum,0.024,0.024,-1,Echolocation,/mnt/ubna_data_02_mir/recover-20220922/UBNA_001/20220921_090000.WAV,Telephone Field,recover-20220922,001,1795
1568.0085,1568.0522,68437,82491,Rhinolophus ferrumequinum,0.025,0.025,-1,Echolocation,/mnt/ubna_data_02_mir/recover-20220922/UBNA_001/20220921_090000.WAV,Telephone Field,recover-20220922,001,1795
1568.0295,1568.0367,46093,50040,Pipistrellus pipistrellus,0.037,0.038,-1,Echolocation,/mnt/ubna_data_02_mir/recover-20220922/UBNA_001/20220921_090000.WAV,Telephone Field,recover-20220922,001,1795
1568.0395,1568.0504,22890,27495,Nyctalus leisleri,0.012,0.022,-1,Echolocation,/mnt/ubna_data_02_mir/recover-20220922/UBNA_001/20220921_090000.WAV,Telephone Field,recover-20220922,001,1795
1568.0905,1568.1301,68437,82435,Rhinolophus ferrumequinum,0.049,0.049,-1,Echolocation,/mnt/ubna_data_02_mir/recover-20220922/UBNA_001/20220921_090000.WAV,Telephone Field,recover-20220922,001,1795
1568.1195,1568.1568,68437,82057,Rhinolophus ferrumequinum,0.022,0.022,-1,Echolocation,/mnt/ubna_data_02_mir/recover-20220922/UBNA_001/20220921_090000.WAV,Telephone Field,recover-20220922,001,1795
1568.1195,1568.1308,22890,28492,Nyctalus leisleri,0.01,0.022,-1,Echolocation,/mnt/ubna_data_02_mir/recover-20220922/UBNA_001/20220921_090000.WAV,Telephone Field,recover-20220922,001,1795
1568.1265,1568.1363,26328,34709,Eptesicus serotinus,0.011,0.024,-1,Echolocation,/mnt/ubna_data_02_mir/recover-20220922/UBNA_001/20220921_090000.WAV,Telephone Field,recover-20220922,001,1795
1568.1465,1568.1544,27187,41213,Eptesicus serotinus,0.008,0.024,-1,Echolocation,/mnt/ubna_data_02_mir/recover-20220922/UBNA_001/20220921_090000.WAV,Telephone Field,recover-20220922,001,1795
1568.1755,1568.2097,68437,80082,Rhinolophus ferrumequinum,0.026,0.026,-1,Echolocation,/mnt/ubna_data_02_mir/recover-20220922/UBNA_001/20220921_090000.WAV,Telephone Field,recover-20220922,001,1795
1568.1955,1568.2031,46953,51029,Pipistrellus pipistrellus,0.023,0.023,-1,Echolocation,/mnt/ubna_data_02_mir/recover-20220922/UBNA_001/20220921_090000.WAV,Telephone Field,recover-20220922,001,1795
1568.2435,1568.2527,28046,38321,Eptesicus serotinus,0.009,0.021,-1,Echolocation,/mnt/ubna_data_02_mir/recover-20220922/UBNA_001/20220921_090000.WAV,Telephone Field,recover-20220922,001,1795
1568.2555,1568.2656,23750,29689,Nyctalus leisleri,0.009,0.022,-1,Echolocation,/mnt/ubna_data_02_mir/recover-20220922/UBNA_001/20220921_090000.WAV,Telephone Field,recover-20220922,001,1795
1568.2575,1568.2951,68437,81300,Rhinolophus ferrumequinum,0.022,0.022,-1,Echolocation,/mnt/ubna_data_02_mir/recover-20220922/UBNA_001/20220921_090000.WAV,Telephone Field,recover-20220922,001,1795
1568.2905,1568.3004,28046,36356,Eptesicus serotinus,0.009,0.023,-1,Echolocation,/mnt/ubna_data_02_mir/recover-20220922/UBNA_001/20220921_090000.WAV,Telephone Field,recover-20220922,001,1795
1568.3045,1568.3464,68437,82903,Rhinolophus ferrumequinum,0.023,0.023,-1,Echolocation,/mnt/ubna_data_02_mir/recover-20220922/UBNA_001/20220921_090000.WAV,Telephone Field,recover-20220922,001,1795
1568.3975,1568.4084,27187,35575,Eptesicus serotinus,0.014,0.027,-1,Echolocation,/mnt/ubna_data_02_mir/recover-20220922/UBNA_001/20220921_090000.WAV,Telephone Field,recover-20220922,001,1795
1568.4445,1568.4868,68437,83005,Rhinolophus ferrumequinum,0.04,0.04,-1,Echolocation,/mnt/ubna_data_02_mir/recover-20220922/UBNA_001/20220921_090000.WAV,Telephone Field,recover-20220922,001,1795
1568.4875,1568.5239,68437,81536,Rhinolophus ferrumequinum,0.022,0.022,-1,Echolocation,/mnt/ubna_data_02_mir/recover-20220922/UBNA_001/20220921_090000.WAV,Telephone Field,recover-20220922,001,1795
1568.5035,1568.5133,25468,34458,Eptesicus serotinus,0.01,0.024,-1,Echolocation,/mnt/ubna_data_02_mir/recover-20220922/UBNA_001/20220921_090000.WAV,Telephone Field,recover-20220922,001,1795
1568.5225,1568.558,68437,81368,Rhinolophus ferrumequinum,0.022,0.022,-1,Echolocation,/mnt/ubna_data_02_mir/recover-20220922/UBNA_001/20220921_090000.WAV,Telephone Field,recover-20220922,001,1795
1568.5315,1568.5702,68437,81734,Rhinolophus ferrumequinum,0.022,0.022,-1,Echolocation,/mnt/ubna_data_02_mir/recover-20220922/UBNA_001/20220921_090000.WAV,Telephone Field,recover-20220922,001,1795
1568.5395,1568.5794,68437,82300,Rhinolophus ferrumequinum,0.022,0.022,-1,Echolocation,/mnt/ubna_data_02_mir/recover-20220922/UBNA_001/20220921_090000.WAV,Telephone Field,recover-20220922,001,1795
1568.5665,1568.6012,68437,81105,Rhinolophus ferrumequinum,0.021,0.021,-1,Echolocation,/mnt/ubna_data_02_mir/recover-20220922/UBNA_001/20220921_090000.WAV,Telephone Field,recover-20220922,001,1795
1568.6005,1568.6363,68437,80893,Rhinolophus ferrumequinum,0.024,0.024,-1,Echolocation,/mnt/ubna_data_02_mir/recover-20220922/UBNA_001/20220921_090000.WAV,Telephone Field,recover-20220922,001,1795
1568.6115,1568.6478,68437,81067,Rhinolophus ferrumequinum,0.022,0.022,-1,Echolocation,/mnt/ubna_data_02_mir/recover-20220922/UBNA_001/20220921_090000.WAV,Telephone Field,recover-20220922,001,1795
1568.6165,1568.6233,27187,41854,Eptesicus serotinus,0.007,0.027,-1,Echolocation,/mnt/ubna_data_02_mir/recover-20220922/UBNA_001/20220921_090000.WAV,Telephone Field,recover-20220922,001,1795
1568.6255,1568.6628,68437,81871,Rhinolophus ferrumequinum,0.022,0.022,-1,Echolocation,/mnt/ubna_data_02_mir/recover-20220922/UBNA_001/20220921_090000.WAV,Telephone Field,recover-20220922,001,1795
1568.6525,1568.6913,68437,81538,Rhinolophus ferrumequinum,0.021,0.021,-1,Echolocation,/mnt/ubna_data_02_mir/recover-20220922/UBNA_001/20220921_090000.WAV,Telephone Field,recover-20220922,001,1795
1568.6945,1568.7344,68437,82526,Rhinolophus ferrumequinum,0.025,0.025,-1,Echolocation,/mnt/ubna_data_02_mir/recover-20220922/UBNA_001/20220921_090000.WAV,Telephone Field,recover-20220922,001,1795
1568.7155,1568.7515,68437,82323,Rhinolophus ferrumequinum,0.023,0.023,-1,Echolocation,/mnt/ubna_data_02_mir/recover-20220922/UBNA_001/20220921_090000.WAV,Telephone Field,recover-20220922,001,1795
1568.7305,1568.7385,23750,33046,Plecotus austriacus,0.01,0.025,-1,Echolocation,/mnt/ubna_data_02_mir/recover-20220922/UBNA_001/20220921_090000.WAV,Telephone Field,recover-20220922,001,1795
1568.7425,1568.7526,25468,33194,Eptesicus serotinus,0.01,0.021,-1,Echolocation,/mnt/ubna_data_02_mir/recover-20220922/UBNA_001/20220921_090000.WAV,Telephone Field,recover-20220922,001,1795
1568.7495,1568.7593,23750,30173,Nyctalus leisleri,0.008,0.021,-1,Echolocation,/mnt/ubna_data_02_mir/recover-20220922/UBNA_001/20220921_090000.WAV,Telephone Field,recover-20220922,001,1795
1568.7515,1568.7922,68437,82209,Rhinolophus ferrumequinum,0.029,0.029,-1,Echolocation,/mnt/ubna_data_02_mir/recover-20220922/UBNA_001/20220921_090000.WAV,Telephone Field,recover-20220922,001,1795
1568.7735,1568.784,22890,28737,Nyctalus leisleri,0.009,0.022,-1,Echolocation,/mnt/ubna_data_02_mir/recover-20220922/UBNA_001/20220921_090000.WAV,Telephone Field,recover-20220922,001,1795
1568.7955,1568.8379,68437,82788,Rhinolophus ferrumequinum,0.034,0.034,-1,Echolocation,/mnt/ubna_data_02_mir/recover-20220922/UBNA_001/20220921_090000.WAV,Telephone Field,recover-20220922,001,1795
1568.8025,1568.846,68437,83250,Rhinolophus ferrumequinum,0.028,0.028,-1,Echolocation,/mnt/ubna_data_02_mir/recover-20220922/UBNA_001/20220921_090000.WAV,Telephone Field,recover-20220922,001,1795
1568.8105,1568.8514,68437,82622,Rhinolophus ferrumequinum,0.026,0.026,-1,Echolocation,/mnt/ubna_data_02_mir/recover-20220922/UBNA_001/20220921_090000.WAV,Telephone Field,recover-20220922,001,1795
1568.8205,1568.8607,68437,81985,Rhinolophus ferrumequinum,0.022,0.022,-1,Echolocation,/mnt/ubna_data_02_mir/recover-20220922/UBNA_001/20220921_090000.WAV,Telephone Field,recover-20220922,001,1795
1568.8365,1568.8458,26328,35198,Eptesicus serotinus,0.019,0.039,-1,Echolocation,/mnt/ubna_data_02_mir/recover-20220922/UBNA_001/20220921_090000.WAV,Telephone Field,recover-20220922,001,1795
1568.8515,1568.8621,28046,36794,Eptesicus serotinus,0.017,0.03,-1,Echolocation,/mnt/ubna_data_02_mir/recover-20220922/UBNA_001/20220921_090000.WAV,Telephone Field,recover-20220922,001,1795
1568.8615,1568.8731,28906,35435,Eptesicus serotinus,0.018,0.032,-1,Echolocation,/mnt/ubna_data_02_mir/recover-20220922/UBNA_001/20220921_090000.WAV,Telephone Field,recover-20220922,001,1795
1568.8655,1568.9058,68437,82403,Rhinolophus ferrumequinum,0.022,0.022,-1,Echolocation,/mnt/ubna_data_02_mir/recover-20220922/UBNA_001/20220921_090000.WAV,Telephone Field,recover-20220922,001,1795
1568.9045,1568.9221,20312,23820,Nyctalus leisleri,0.012,0.021,-1,Echolocation,/mnt/ubna_data_02_mir/recover-20220922/UBNA_001/20220921_090000.WAV,Telephone Field,recover-20220922,001,1795
1568.9065,1568.9148,46093,51718,Pipistrellus pipistrellus,0.043,0.045,-1,Echolocation,/mnt/ubna_data_02_mir/recover-20220922/UBNA_001/20220921_090000.WAV,Telephone Field,recover-20220922,001,1795
1568.9465,1568.9857,68437,82215,Rhinolophus ferrumequinum,0.022,0.022,-1,Echolocation,/mnt/ubna_data_02_mir/recover-20220922/UBNA_001/20220921_090000.WAV,Telephone Field,recover-20220922,001,1795
1568.9695,1568.9789,27187,37074,Eptesicus serotinus,0.009,0.023,-1,Echolocation,/mnt/ubna_data_02_mir/recover-20220922/UBNA_001/20220921_090000.WAV,Telephone Field,recover-20220922,001,1795
1568.9905,1569.0286,68437,82035,Rhinolophus ferrumequinum,0.021,0.021,-1,Echolocation,/mnt/ubna_data_02_mir/recover-20220922/UBNA_001/20220921_090000.WAV,Telephone Field,recover-20220922,001,1795
1569.0505,1569.0593,26328,34881,Eptesicus serotinus,0.01,0.024,-1,Echolocation,/mnt/ubna_data_02_mir/recover-20220922/UBNA_001/20220921_090000.WAV,Telephone Field,recover-20220922,001,1795
1569.0745,1569.1099,68437,80980,Rhinolophus ferrumequinum,0.021,0.021,-1,Echolocation,/mnt/ubna_data_02_mir/recover-20220922/UBNA_001/20220921_090000.WAV,Telephone Field,recover-20220922,001,1795
1569.0745,1569.0851,28046,35985,Eptesicus serotinus,0.013,0.025,-1,Echolocation,/mnt/ubna_data_02_mir/recover-20220922/UBNA_001/20220921_090000.WAV,Telephone Field,recover-20220922,001,1795
1569.0865,1569.1248,68437,81809,Rhinolophus ferrumequinum,0.023,0.023,-1,Echolocation,/mnt/ubna_data_02_mir/recover-20220922/UBNA_001/20220921_090000.WAV,Telephone Field,recover-20220922,001,1795
1569.1225,1569.1592,68437,81939,Rhinolophus ferrumequinum,0.023,0.023,-1,Echolocation,/mnt/ubna_data_02_mir/recover-20220922/UBNA_001/20220921_090000.WAV,Telephone Field,recover-20220922,001,1795
1569.1255,1569.1347,28046,37155,Eptesicus serotinus,0.009,0.023,-1,Echolocation,/mnt/ubna_data_02_mir/recover-20220922/UBNA_001/20220921_090000.WAV,Telephone Field,recover-20220922,001,1795
1569.1635,1569.1735,23750,29403,Nyctalus leisleri,0.01,0.024,-1,Echolocation,/mnt/ubna_data_02_mir/recover-20220922/UBNA_001/20220921_090000.WAV,Telephone Field,recover-20220922,001,1795
1569.1635,1569.2089,68437,83387,Rhinolophus ferrumequinum,0.033,0.033,-1,Echolocation,/mnt/ubna_data_02_mir/recover-20220922/UBNA_001/20220921_090000.WAV,Telephone Field,recover-20220922,001,1795
1569.1875,1569.2239,68437,81269,Rhinolophus ferrumequinum,0.023,0.023,-1,Echolocation,/mnt/ubna_data_02_mir/recover-20220922/UBNA_001/20220921_090000.WAV,Telephone Field,recover-20220922,001,1795
1569.2315,1569.2503,16875,20883,Nyctalus noctula,0.019,0.028,-1,Echolocation,/mnt/ubna_data_02_mir/recover-20220922/UBNA_001/20220921_090000.WAV,Telephone Field,recover-20220922,001,1795
1569.2515,1569.2631,26328,32883,Eptesicus serotinus,0.012,0.024,-1,Echolocation,/mnt/ubna_data_02_mir/recover-20220922/UBNA_001/20220921_090000.WAV,Telephone Field,recover-20220922,001,1795
1569.2775,1569.3139,68437,82284,Rhinolophus ferrumequinum,0.023,0.023,-1,Echolocation,/mnt/ubna_data_02_mir/recover-20220922/UBNA_001/20220921_090000.WAV,Telephone Field,recover-20220922,001,1795
1569.2985,1569.3079,25468,34103,Eptesicus serotinus,0.01,0.026,-1,Echolocation,/mnt/ubna_data_02_mir/recover-20220922/UBNA_001/20220921_090000.WAV,Telephone Field,recover-20220922,001,1795
1569.2995,1569.3394,68437,82426,Rhinolophus ferrumequinum,0.028,0.028,-1,Echolocation,/mnt/ubna_data_02_mir/recover-20220922/UBNA_001/20220921_090000.WAV,Telephone Field,recover-20220922,001,1795
1569.3075,1569.3494,68437,82491,Rhinolophus ferrumequinum,0.032,0.032,-1,Echolocation,/mnt/ubna_data_02_mir/recover-20220922/UBNA_001/20220921_090000.WAV,Telephone Field,recover-20220922,001,1795
1569.3645,1569.3751,22031,26681,Nyctalus leisleri,0.01,0.022,-1,Echolocation,/mnt/ubna_data_02_mir/recover-20220922/UBNA_001/20220921_090000.WAV,Telephone Field,recover-20220922,001,1795
1569.4195,1569.4565,68437,81746,Rhinolophus ferrumequinum,0.023,0.023,-1,Echolocation,/mnt/ubna_data_02_mir/recover-20220922/UBNA_001/20220921_090000.WAV,Telephone Field,recover-20220922,001,1795
1569.4495,1569.4689,19453,23206,Nyctalus noctula,0.015,0.028,-1,Echolocation,/mnt/ubna_data_02_mir/recover-20220922/UBNA_001/20220921_090000.WAV,Telephone Field,recover-20220922,001,1795
1569.4555,1569.4966,68437,82302,Rhinolophus ferrumequinum,0.021,0.021,-1,Echolocation,/mnt/ubna_data_02_mir/recover-20220922/UBNA_001/20220921_090000.WAV,Telephone Field,recover-20220922,001,1795
1569.5835,1569.6226,68437,82757,Rhinolophus ferrumequinum,0.023,0.023,-1,Echolocation,/mnt/ubna_data_02_mir/recover-20220922/UBNA_001/20220921_090000.WAV,Telephone Field,recover-20220922,001,1795
1569.6135,1569.6243,22890,27775,Nyctalus leisleri,0.012,0.024,-1,Echolocation,/mnt/ubna_data_02_mir/recover-20220922/UBNA_001/20220921_090000.WAV,Telephone Field,recover-20220922,001,1795
1569.6235,1569.6331,45234,51124,Pipistrellus pipistrellus,0.035,0.038,-1,Echolocation,/mnt/ubna_data_02_mir/recover-20220922/UBNA_001/20220921_090000.WAV,Telephone Field,recover-20220922,001,1795
1569.6425,1569.6788,68437,81476,Rhinolophus ferrumequinum,0.021,0.021,-1,Echolocation,/mnt/ubna_data_02_mir/recover-20220922/UBNA_001/20220921_090000.WAV,Telephone Field,recover-20220922,001,1795
1569.6485,1569.658,24609,32658,Eptesicus serotinus,0.009,0.027,-1,Echolocation,/mnt/ubna_data_02_mir/recover-20220922/UBNA_001/20220921_090000.WAV,Telephone Field,recover-20220922,001,1795
1569.6555,1569.6664,22890,27900,Nyctalus leisleri,0.012,0.025,-1,Echolocation,/mnt/ubna_data_02_mir/recover-20220922/UBNA_001/20220921_090000.WAV,Telephone Field,recover-20220922,001,1795
1569.6695,1569.68,34062,40494,Barbastellus barbastellus,0.006,0.025,-1,Echolocation,/mnt/ubna_data_02_mir/recover-20220922/UBNA_001/20220921_090000.WAV,Telephone Field,recover-20220922,001,1795
1569.6705,1569.6793,28046,39648,Eptesicus serotinus,0.008,0.022,-1,Echolocation,/mnt/ubna_data_02_mir/recover-20220922/UBNA_001/20220921_090000.WAV,Telephone Field,recover-20220922,001,1795
1569.6705,1569.7064,68437,81241,Rhinolophus ferrumequinum,0.023,0.023,-1,Echolocation,/mnt/ubna_data_02_mir/recover-20220922/UBNA_001/20220921_090000.WAV,Telephone Field,recover-20220922,001,1795
1569.6905,1569.7281,68437,81929,Rhinolophus ferrumequinum,0.022,0.022,-1,Echolocation,/mnt/ubna_data_02_mir/recover-20220922/UBNA_001/20220921_090000.WAV,Telephone Field,recover-20220922,001,1795
1569.7355,1569.7747,68437,82502,Rhinolophus ferrumequinum,0.025,0.026,-1,Echolocation,/mnt/ubna_data_02_mir/recover-20220922/UBNA_001/20220921_090000.WAV,Telephone Field,recover-20220922,001,1795
1569.7405,1569.7477,45234,50204,Pipistrellus pipistrellus,0.021,0.022,-1,Echolocation,/mnt/ubna_data_02_mir/recover-20220922/UBNA_001/20220921_090000.WAV,Telephone Field,recover-20220922,001,1795
1569.7625,1569.8006,68437,82050,Rhinolophus ferrumequinum,0.026,0.026,-1,Echolocation,/mnt/ubna_data_02_mir/recover-20220922/UBNA_001/20220921_090000.WAV,Telephone Field,recover-20220922,001,1795
1569.8095,1569.8164,27187,41861,Eptesicus serotinus,0.006,0.022,-1,Echolocation,/mnt/ubna_data_02_mir/recover-20220922/UBNA_001/20220921_090000.WAV,Telephone Field,recover-20220922,001,1795
1569.8245,1569.8463,18593,21223,Nyctalus noctula,0.013,0.024,-1,Echolocation,/mnt/ubna_data_02_mir/recover-20220922/UBNA_001/20220921_090000.WAV,Telephone Field,recover-20220922,001,1795
1569.8725,1569.882,28046,38306,Eptesicus serotinus,0.011,0.024,-1,Echolocation,/mnt/ubna_data_02_mir/recover-20220922/UBNA_001/20220921_090000.WAV,Telephone Field,recover-20220922,001,1795
1569.9055,1569.9239,20312,23462,Nyctalus leisleri,0.012,0.024,-1,Echolocation,/mnt/ubna_data_02_mir/recover-20220922/UBNA_001/20220921_090000.WAV,Telephone Field,recover-20220922,001,1795
1569.9305,1569.9395,22031,28885,Plecotus austriacus,0.011,0.029,-1,Echolocation,/mnt/ubna_data_02_mir/recover-20220922/UBNA_001/20220921_090000.WAV,Telephone Field,recover-20220922,001,1795
1569.9425,1569.9512,28046,44790,Eptesicus serotinus,0.008,0.021,-1,Echolocation,/mnt/ubna_data_02_mir/recover-20220922/UBNA_001/20220921_090000.WAV,Telephone Field,recover-20220922,001,1795
1569.9835,1569.9942,27187,35456,Eptesicus serotinus,0.012,0.027,-1,Echolocation,/mnt/ubna_data_02_mir/recover-20220922/UBNA_001/20220921_090000.WAV,Telephone Field,recover-20220922,001,1795
1570.0015,1570.0348,68437,80035,Rhinolophus ferrumequinum,0.027,0.027,-1,Echolocation,/mnt/ubna_data_02_mir/recover-20220922/UBNA_001/20220921_090000.WAV,Telephone Field,recover-20220922,001,1795
1570.0015,1570.0107,25468,34367,Nyctalus leisleri,0.01,0.032,-1,Echolocation,/mnt/ubna_data_02_mir/recover-20220922/UBNA_001/20220921_090000.WAV,Telephone Field,recover-20220922,001,1795
1570.0015,1570.0086,46093,50604,Pipistrellus pipistrellus,0.018,0.023,-1,Echolocation,/mnt/ubna_data_02_mir/recover-20220922/UBNA_001/20220921_090000.WAV,Telephone Field,recover-20220922,001,1795
1570.0125,1570.0537,68437,82742,Rhinolophus ferrumequinum,0.026,0.026,-1,Echolocation,/mnt/ubna_data_02_mir/recover-20220922/UBNA_001/20220921_090000.WAV,Telephone Field,recover-20220922,001,1795
1570.0775,1570.1153,68437,82083,Rhinolophus ferrumequinum,0.026,0.026,-1,Echolocation,/mnt/ubna_data_02_mir/recover-20220922/UBNA_001/20220921_090000.WAV,Telephone Field,recover-20220922,001,1795
1570.0805,1570.0883,51250,57518,Pipistrellus pipistrellus,0.02,0.024,-1,Echolocation,/mnt/ubna_data_02_mir/recover-20220922/UBNA_001/20220921_090000.WAV,Telephone Field,recover-20220922,001,1795
1570.0975,1570.1065,24609,31617,Nyctalus leisleri,0.007,0.022,-1,Echolocation,/mnt/ubna_data_02_mir/recover-20220922/UBNA_001/20220921_090000.WAV,Telephone Field,recover-20220922,001,1795
1570.1025,1570.1208,18593,21446,Nyctalus leisleri,0.012,0.025,-1,Echolocation,/mnt/ubna_data_02_mir/recover-20220922/UBNA_001/20220921_090000.WAV,Telephone Field,recover-20220922,001,1795
1570.1305,1570.1701,68437,82595,Rhinolophus ferrumequinum,0.029,0.029,-1,Echolocation,/mnt/ubna_data_02_mir/recover-20220922/UBNA_001/20220921_090000.WAV,Telephone Field,recover-20220922,001,1795
1570.1385,1570.1797,68437,82684,Rhinolophus ferrumequinum,0.025,0.025,-1,Echolocation,/mnt/ubna_data_02_mir/recover-20220922/UBNA_001/20220921_090000.WAV,Telephone Field,recover-20220922,001,1795
1570.1925,1570.1999,27187,38910,Eptesicus serotinus,0.007,0.023,-1,Echolocation,/mnt/ubna_data_02_mir/recover-20220922/UBNA_001/20220921_090000.WAV,Telephone Field,recover-20220922,001,1795
1570.1985,1570.2399,68437,82129,Rhinolophus ferrumequinum,0.03,0.03,-1,Echolocation,/mnt/ubna_data_02_mir/recover-20220922/UBNA_001/20220921_090000.WAV,Telephone Field,recover-20220922,001,1795
1570.2005,1570.2105999999999,23750,29874,Nyctalus leisleri,0.009,0.021,-1,Echolocation,/mnt/ubna_data_02_mir/recover-20220922/UBNA_001/20220921_090000.WAV,Telephone Field,recover-20220922,001,1795
1570.2225,1570.2632,68437,82811,Rhinolophus ferrumequinum,0.031,0.031,-1,Echolocation,/mnt/ubna_data_02_mir/recover-20220922/UBNA_001/20220921_090000.WAV,Telephone Field,recover-20220922,001,1795
1570.2265,1570.2358,26328,34481,Eptesicus serotinus,0.01,0.023,-1,Echolocation,/mnt/ubna_data_02_mir/recover-20220922/UBNA_001/20220921_090000.WAV,Telephone Field,recover-20220922,001,1795
1570.2655,1570.305,68437,82244,Rhinolophus ferrumequinum,0.035,0.035,-1,Echolocation,/mnt/ubna_data_02_mir/recover-20220922/UBNA_001/20220921_090000.WAV,Telephone Field,recover-20220922,001,1795
1570.2875,1570.3284,68437,82644,Rhinolophus ferrumequinum,0.032,0.032,-1,Echolocation,/mnt/ubna_data_02_mir/recover-20220922/UBNA_001/20220921_090000.WAV,Telephone Field,recover-20220922,001,1795
1570.3335,1570.3396,48671,55507,Pipistrellus pipistrellus,0.029,0.03,-1,Echolocation,/mnt/ubna_data_02_mir/recover-20220922/UBNA_001/20220921_090000.WAV,Telephone Field,recover-20220922,001,1795
1570.3335,1570.3741,68437,82934,Rhinolophus ferrumequinum,0.022,0.022,-1,Echolocation,/mnt/ubna_data_02_mir/recover-20220922/UBNA_001/20220921_090000.WAV,Telephone Field,recover-20220922,001,1795
1570.3575,1570.3988,68437,82515,Rhinolophus ferrumequinum,0.024,0.024,-1,Echolocation,/mnt/ubna_data_02_mir/recover-20220922/UBNA_001/20220921_090000.WAV,Telephone Field,recover-20220922,001,1795
1570.3595,1570.3664,27187,39429,Eptesicus serotinus,0.006,0.025,-1,Echolocation,/mnt/ubna_data_02_mir/recover-20220922/UBNA_001/20220921_090000.WAV,Telephone Field,recover-20220922,001,1795
1570.4065,1570.4492,68437,83574,Rhinolophus ferrumequinum,0.047,0.047,-1,Echolocation,/mnt/ubna_data_02_mir/recover-20220922/UBNA_001/20220921_090000.WAV,Telephone Field,recover-20220922,001,1795
1570.4965,1570.5059,22031,27736,Nyctalus leisleri,0.008,0.023,-1,Echolocation,/mnt/ubna_data_02_mir/recover-20220922/UBNA_001/20220921_090000.WAV,Telephone Field,recover-20220922,001,1795
1570.5325,1570.568,68437,81355,Rhinolophus ferrumequinum,0.026,0.026,-1,Echolocation,/mnt/ubna_data_02_mir/recover-20220922/UBNA_001/20220921_090000.WAV,Telephone Field,recover-20220922,001,1795
1570.5585,1570.5677,28906,36904,Eptesicus serotinus,0.01,0.022,-1,Echolocation,/mnt/ubna_data_02_mir/recover-20220922/UBNA_001/20220921_090000.WAV,Telephone Field,recover-20220922,001,1795
1570.5685,1570.6113,68437,83252,Rhinolophus ferrumequinum,0.029,0.029,-1,Echolocation,/mnt/ubna_data_02_mir/recover-20220922/UBNA_001/20220921_090000.WAV,Telephone Field,recover-20220922,001,1795
1570.6085,1570.6164,27187,40019,Eptesicus serotinus,0.007,0.022,-1,Echolocation,/mnt/ubna_data_02_mir/recover-20220922/UBNA_001/20220921_090000.WAV,Telephone Field,recover-20220922,001,1795
1570.6315,1570.6683,68437,81426,Rhinolophus ferrumequinum,0.021,0.021,-1,Echolocation,/mnt/ubna_data_02_mir/recover-20220922/UBNA_001/20220921_090000.WAV,Telephone Field,recover-20220922,001,1795
1570.6355,1570.6435,27187,40698,Eptesicus serotinus,0.008,0.024,-1,Echolocation,/mnt/ubna_data_02_mir/recover-20220922/UBNA_001/20220921_090000.WAV,Telephone Field,recover-20220922,001,1795
1570.6625,1570.671,45234,51412,Pipistrellus pipistrellus,0.037,0.038,-1,Echolocation,/mnt/ubna_data_02_mir/recover-20220922/UBNA_001/20220921_090000.WAV,Telephone Field,recover-20220922,001,1795
1570.6895,1570.7006,22890,28159,Nyctalus leisleri,0.012,0.024,-1,Echolocation,/mnt/ubna_data_02_mir/recover-20220922/UBNA_001/20220921_090000.WAV,Telephone Field,recover-20220922,001,1795
1570.7035,1570.7409,68437,81982,Rhinolophus ferrumequinum,0.027,0.027,-1,Echolocation,/mnt/ubna_data_02_mir/recover-20220922/UBNA_001/20220921_090000.WAV,Telephone Field,recover-20220922,001,1795
1570.7105,1570.7482,68437,81983,Rhinolophus ferrumequinum,0.025,0.025,-1,Echolocation,/mnt/ubna_data_02_mir/recover-20220922/UBNA_001/20220921_090000.WAV,Telephone Field,recover-20220922,001,1795
1570.7355,1570.774,68437,82452,Rhinolophus ferrumequinum,0.025,0.025,-1,Echolocation,/mnt/ubna_data_02_mir/recover-20220922/UBNA_001/20220921_090000.WAV,Telephone Field,recover-20220922,001,1795
1570.7455,1570.7535,52109,56737,Pipistrellus pipistrellus,0.019,0.022,-1,Echolocation,/mnt/ubna_data_02_mir/recover-20220922/UBNA_001/20220921_090000.WAV,Telephone Field,recover-20220922,001,1795
1570.7665,1570.803,68437,81079,Rhinolophus ferrumequinum,0.022,0.022,-1,Echolocation,/mnt/ubna_data_02_mir/recover-20220922/UBNA_001/20220921_090000.WAV,Telephone Field,recover-20220922,001,1795
1570.7855,1570.8241,68437,82406,Rhinolophus ferrumequinum,0.033,0.033,-1,Echolocation,/mnt/ubna_data_02_mir/recover-20220922/UBNA_001/20220921_090000.WAV,Telephone Field,recover-20220922,001,1795
1570.8035,1570.8427,68437,82863,Rhinolophus ferrumequinum,0.023,0.023,-1,Echolocation,/mnt/ubna_data_02_mir/recover-20220922/UBNA_001/20220921_090000.WAV,Telephone Field,recover-20220922,001,1795
1570.8065,1570.8181,22031,26147,Nyctalus leisleri,0.012,0.021,-1,Echolocation,/mnt/ubna_data_02_mir/recover-20220922/UBNA_001/20220921_090000.WAV,Telephone Field,recover-20220922,001,1795
1570.8435,1570.8521,28046,38811,Eptesicus serotinus,0.009,0.023,-1,Echolocation,/mnt/ubna_data_02_mir/recover-20220922/UBNA_001/20220921_090000.WAV,Telephone Field,recover-20220922,001,1795
1570.9225,1570.9318,27187,37378,Eptesicus serotinus,0.009,0.022,-1,Echolocation,/mnt/ubna_data_02_mir/recover-20220922/UBNA_001/20220921_090000.WAV,Telephone Field,recover-20220922,001,1795
1570.9355,1570.9758,68437,82269,Rhinolophus ferrumequinum,0.026,0.026,-1,Echolocation,/mnt/ubna_data_02_mir/recover-20220922/UBNA_001/20220921_090000.WAV,Telephone Field,recover-20220922,001,1795
1570.9615,1571.0009,68437,82543,Rhinolophus ferrumequinum,0.027,0.027,-1,Echolocation,/mnt/ubna_data_02_mir/recover-20220922/UBNA_001/20220921_090000.WAV,Telephone Field,recover-20220922,001,1795
1570.9855,1570.9921,27187,41706,Eptesicus serotinus,0.008,0.028,-1,Echolocation,/mnt/ubna_data_02_mir/recover-20220922/UBNA_001/20220921_090000.WAV,Telephone Field,recover-20220922,001,1795
1570.9975,1571.0374,68437,82450,Rhinolophus ferrumequinum,0.022,0.022,-1,Echolocation,/mnt/ubna_data_02_mir/recover-20220922/UBNA_001/20220921_090000.WAV,Telephone Field,recover-20220922,001,1795
1571.0035,1571.0422,68437,82277,Rhinolophus ferrumequinum,0.022,0.022,-1,Echolocation,/mnt/ubna_data_02_mir/recover-20220922/UBNA_001/20220921_090000.WAV,Telephone Field,recover-20220922,001,1795
1571.0105,1571.0511,68437,81734,Rhinolophus ferrumequinum,0.026,0.026,-1,Echolocation,/mnt/ubna_data_02_mir/recover-20220922/UBNA_001/20220921_090000.WAV,Telephone Field,recover-20220922,001,1795
1571.0475,1571.0552,25468,34335,Eptesicus serotinus,0.006,0.022,-1,Echolocation,/mnt/ubna_data_02_mir/recover-20220922/UBNA_001/20220921_090000.WAV,Telephone Field,recover-20220922,001,1795
1571.0665,1571.104,68437,82443,Rhinolophus ferrumequinum,0.027,0.027,-1,Echolocation,/mnt/ubna_data_02_mir/recover-20220922/UBNA_001/20220921_090000.WAV,Telephone Field,recover-20220922,001,1795
1571.0975,1571.1363,68437,82485,Rhinolophus ferrumequinum,0.023,0.024,-1,Echolocation,/mnt/ubna_data_02_mir/recover-20220922/UBNA_001/20220921_090000.WAV,Telephone Field,recover-20220922,001,1795
1571.1555,1571.1962,68437,82989,Rhinolophus ferrumequinum,0.036,0.036,-1,Echolocation,/mnt/ubna_data_02_mir/recover-20220922/UBNA_001/20220921_090000.WAV,Telephone Field,recover-20220922,001,1795
1571.1705,1571.1818,28906,35433,Eptesicus serotinus,0.01,0.022,-1,Echolocation,/mnt/ubna_data_02_mir/recover-20220922/UBNA_001/20220921_090000.WAV,Telephone Field,recover-20220922,001,1795
1571.1955,1571.2076,38359,42196,Pipistrellus nathusii,0.014,0.025,-1,Echolocation,/mnt/ubna_data_02_mir/recover-20220922/UBNA_001/20220921_090000.WAV,Telephone Field,recover-20220922,001,1795
1571.2005,1571.2402,68437,82573,Rhinolophus ferrumequinum,0.028,0.028,-1,Echolocation,/mnt/ubna_data_02_mir/recover-20220922/UBNA_001/20220921_090000.WAV,Telephone Field,recover-20220922,001,1795
1571.2385,1571.2783,68437,82401,Rhinolophus ferrumequinum,0.026,0.026,-1,Echolocation,/mnt/ubna_data_02_mir/recover-20220922/UBNA_001/20220921_090000.WAV,Telephone Field,recover-20220922,001,1795
1571.2435,1571.2511,25468,34735,Eptesicus serotinus,0.008,0.025,-1,Echolocation,/mnt/ubna_data_02_mir/recover-20220922/UBNA_001/20220921_090000.WAV,Telephone Field,recover-20220922,001,1795
1571.2495,1571.2588,24609,32220,Eptesicus serotinus,0.008,0.025,-1,Echolocation,/mnt/ubna_data_02_mir/recover-20220922/UBNA_001/20220921_090000.WAV,Telephone Field,recover-20220922,001,1795
1571.2575,1571.2653,27187,38102,Eptesicus serotinus,0.008,0.023,-1,Echolocation,/mnt/ubna_data_02_mir/recover-20220922/UBNA_001/20220921_090000.WAV,Telephone Field,recover-20220922,001,1795
1571.2685,1571.3108,68437,83065,Rhinolophus ferrumequinum,0.035,0.035,-1,Echolocation,/mnt/ubna_data_02_mir/recover-20220922/UBNA_001/20220921_090000.WAV,Telephone Field,recover-20220922,001,1795
1571.3095,1571.3427,68437,81243,Rhinolophus ferrumequinum,0.022,0.022,-1,Echolocation,/mnt/ubna_data_02_mir/recover-20220922/UBNA_001/20220921_090000.WAV,Telephone Field,recover-20220922,001,1795
1571.3265,1571.3662,68437,82288,Rhinolophus ferrumequinum,0.022,0.022,-1,Echolocation,/mnt/ubna_data_02_mir/recover-20220922/UBNA_001/20220921_090000.WAV,Telephone Field,recover-20220922,001,1795
1571.3465,1571.3563,28906,36923,Eptesicus serotinus,0.009,0.023,-1,Echolocation,/mnt/ubna_data_02_mir/recover-20220922/UBNA_001/20220921_090000.WAV,Telephone Field,recover-20220922,001,1795
1571.3645,1571.405,68437,82564,Rhinolophus ferrumequinum,0.023,0.023,-1,Echolocation,/mnt/ubna_data_02_mir/recover-20220922/UBNA_001/20220921_090000.WAV,Telephone Field,recover-20220922,001,1795
1571.4045,1571.4412,68437,81836,Rhinolophus ferrumequinum,0.022,0.022,-1,Echolocation,/mnt/ubna_data_02_mir/recover-20220922/UBNA_001/20220921_090000.WAV,Telephone Field,recover-20220922,001,1795
1571.4235,1571.4311,28046,38599,Eptesicus serotinus,0.007,0.023,-1,Echolocation,/mnt/ubna_data_02_mir/recover-20220922/UBNA_001/20220921_090000.WAV,Telephone Field,recover-20220922,001,1795
1571.5205,1571.563,68437,82946,Rhinolophus ferrumequinum,0.037,0.037,-1,Echolocation,/mnt/ubna_data_02_mir/recover-20220922/UBNA_001/20220921_090000.WAV,Telephone Field,recover-20220922,001,1795
1571.5225,1571.5328,23750,30054,Nyctalus leisleri,0.009,0.023,-1,Echolocation,/mnt/ubna_data_02_mir/recover-20220922/UBNA_001/20220921_090000.WAV,Telephone Field,recover-20220922,001,1795
1571.5705,1571.6087,68437,82077,Rhinolophus ferrumequinum,0.03,0.03,-1,Echolocation,/mnt/ubna_data_02_mir/recover-20220922/UBNA_001/20220921_090000.WAV,Telephone Field,recover-20220922,001,1795
1571.5785,1571.5905,28046,36456,Eptesicus serotinus,0.021,0.034,-1,Echolocation,/mnt/ubna_data_02_mir/recover-20220922/UBNA_001/20220921_090000.WAV,Telephone Field,recover-20220922,001,1795
1571.6175,1571.6567,68437,82990,Rhinolophus ferrumequinum,0.023,0.023,-1,Echolocation,/mnt/ubna_data_02_mir/recover-20220922/UBNA_001/20220921_090000.WAV,Telephone Field,recover-20220922,001,1795
1571.6265,1571.6375,28046,36232,Eptesicus serotinus,0.014,0.029,-1,Echolocation,/mnt/ubna_data_02_mir/recover-20220922/UBNA_001/20220921_090000.WAV,Telephone Field,recover-20220922,001,1795
1571.6405,1571.6544,15156,21195,Nyctalus noctula,0.015,0.022,-1,Echolocation,/mnt/ubna_data_02_mir/recover-20220922/UBNA_001/20220921_090000.WAV,Telephone Field,recover-20220922,001,1795
1571.6415,1571.6835,68437,82814,Rhinolophus ferrumequinum,0.027,0.027,-1,Echolocation,/mnt/ubna_data_02_mir/recover-20220922/UBNA_001/20220921_090000.WAV,Telephone Field,recover-20220922,001,1795
1571.6425,1571.6508,28906,38531,Eptesicus serotinus,0.007,0.023,-1,Echolocation,/mnt/ubna_data_02_mir/recover-20220922/UBNA_001/20220921_090000.WAV,Telephone Field,recover-20220922,001,1795
1571.7015,1571.7125,28906,35521,Eptesicus serotinus,0.012,0.026,-1,Echolocation,/mnt/ubna_data_02_mir/recover-20220922/UBNA_001/20220921_090000.WAV,Telephone Field,recover-20220922,001,1795
1571.7135,1571.7503,68437,81525,Rhinolophus ferrumequinum,0.023,0.023,-1,Echolocation,/mnt/ubna_data_02_mir/recover-20220922/UBNA_001/20220921_090000.WAV,Telephone Field,recover-20220922,001,1795
1571.7335,1571.7739,68437,82301,Rhinolophus ferrumequinum,0.021,0.021,-1,Echolocation,/mnt/ubna_data_02_mir/recover-20220922/UBNA_001/20220921_090000.WAV,Telephone Field,recover-20220922,001,1795
1571.7495,1571.7907,68437,82702,Rhinolophus ferrumequinum,0.038,0.038,-1,Echolocation,/mnt/ubna_data_02_mir/recover-20220922/UBNA_001/20220921_090000.WAV,Telephone Field,recover-20220922,001,1795
1571.8035,1571.8436,68437,83333,Rhinolophus ferrumequinum,0.023,0.023,-1,Echolocation,/mnt/ubna_data_02_mir/recover-20220922/UBNA_001/20220921_090000.WAV,Telephone Field,recover-20220922,001,1795
1571.8075,1571.8176,26328,35038,Eptesicus serotinus,0.009,0.022,-1,Echolocation,/mnt/ubna_data_02_mir/recover-20220922/UBNA_001/20220921_090000.WAV,Telephone Field,recover-20220922,001,1795
1571.8255,1571.8661,68437,82724,Rhinolophus ferrumequinum,0.034,0.034,-1,Echolocation,/mnt/ubna_data_02_mir/recover-20220922/UBNA_001/20220921_090000.WAV,Telephone Field,recover-20220922,001,1795
1571.8275,1571.8381,27187,36081,Eptesicus serotinus,0.01,0.024,-1,Echolocation,/mnt/ubna_data_02_mir/recover-20220922/UBNA_001/20220921_090000.WAV,Telephone Field,recover-20220922,001,1795
1571.8745,1571.9128,68437,82123,Rhinolophus ferrumequinum,0.025,0.025,-1,Echolocation,/mnt/ubna_data_02_mir/recover-20220922/UBNA_001/20220921_090000.WAV,Telephone Field,recover-20220922,001,1795
1571.8955,1571.9028,24609,33609,Plecotus austriacus,0.007,0.022,-1,Echolocation,/mnt/ubna_data_02_mir/recover-20220922/UBNA_001/20220921_090000.WAV,Telephone Field,recover-20220922,001,1795
1571.9225,1571.9313,26328,34736,Eptesicus serotinus,0.01,0.027,-1,Echolocation,/mnt/ubna_data_02_mir/recover-20220922/UBNA_001/20220921_090000.WAV,Telephone Field,recover-20220922,001,1795
1571.9305,1571.9678,68437,82329,Rhinolophus ferrumequinum,0.024,0.024,-1,Echolocation,/mnt/ubna_data_02_mir/recover-20220922/UBNA_001/20220921_090000.WAV,Telephone Field,recover-20220922,001,1795
1571.9715,1571.9828,22890,28004,Nyctalus leisleri,0.016,0.032,-1,Echolocation,/mnt/ubna_data_02_mir/recover-20220922/UBNA_001/20220921_090000.WAV,Telephone Field,recover-20220922,001,1795
1572.0015,1572.0313,68437,79922,Rhinolophus ferrumequinum,0.026,0.026,-1,Echolocation,/mnt/ubna_data_02_mir/recover-20220922/UBNA_001/20220921_090000.WAV,Telephone Field,recover-20220922,001,1795
1572.0015,1572.0121,25468,32776,Nyctalus leisleri,0.018,0.045,-1,Echolocation,/mnt/ubna_data_02_mir/recover-20220922/UBNA_001/20220921_090000.WAV,Telephone Field,recover-20220922,001,1795
1572.0345,1572.0744,68437,81868,Rhinolophus ferrumequinum,0.021,0.021,-1,Echolocation,/mnt/ubna_data_02_mir/recover-20220922/UBNA_001/20220921_090000.WAV,Telephone Field,recover-20220922,001,1795
1572.0345,1572.043,28046,38772,Eptesicus serotinus,0.009,0.024,-1,Echolocation,/mnt/ubna_data_02_mir/recover-20220922/UBNA_001/20220921_090000.WAV,Telephone Field,recover-20220922,001,1795
1572.0465,1572.0827,68437,82002,Rhinolophus ferrumequinum,0.022,0.022,-1,Echolocation,/mnt/ubna_data_02_mir/recover-20220922/UBNA_001/20220921_090000.WAV,Telephone Field,recover-20220922,001,1795
1572.0595,1572.0954,68437,81604,Rhinolophus ferrumequinum,0.021,0.021,-1,Echolocation,/mnt/ubna_data_02_mir/recover-20220922/UBNA_001/20220921_090000.WAV,Telephone Field,recover-20220922,001,1795
1572.0725,1572.1162,68437,83655,Rhinolophus ferrumequinum,0.031,0.031,-1,Echolocation,/mnt/ubna_data_02_mir/recover-20220922/UBNA_001/20220921_090000.WAV,Telephone Field,recover-20220922,001,1795
1572.0905,1572.0998,28046,36346,Eptesicus serotinus,0.009,0.023,-1,Echolocation,/mnt/ubna_data_02_mir/recover-20220922/UBNA_001/20220921_090000.WAV,Telephone Field,recover-20220922,001,1795
1572.1455,1572.1558,22890,28190,Nyctalus leisleri,0.011,0.024,-1,Echolocation,/mnt/ubna_data_02_mir/recover-20220922/UBNA_001/20220921_090000.WAV,Telephone Field,recover-20220922,001,1795
1572.1855,1572.1985,22031,25795,Nyctalus leisleri,0.012,0.021,-1,Echolocation,/mnt/ubna_data_02_mir/recover-20220922/UBNA_001/20220921_090000.WAV,Telephone Field,recover-20220922,001,1795
1572.2155,1572.25,68437,81262,Rhinolophus ferrumequinum,0.023,0.023,-1,Echolocation,/mnt/ubna_data_02_mir/recover-20220922/UBNA_001/20220921_090000.WAV,Telephone Field,recover-20220922,001,1795
1572.2235,1572.2306,28046,40256,Eptesicus serotinus,0.007,0.021,-1,Echolocation,/mnt/ubna_data_02_mir/recover-20220922/UBNA_001/20220921_090000.WAV,Telephone Field,recover-20220922,001,1795
1572.2325,1572.2696,68437,81747,Rhinolophus ferrumequinum,0.024,0.025,-1,Echolocation,/mnt/ubna_data_02_mir/recover-20220922/UBNA_001/20220921_090000.WAV,Telephone Field,recover-20220922,001,1795
1572.2625,1572.2721,27187,35888,Eptesicus serotinus,0.009,0.021,-1,Echolocation,/mnt/ubna_data_02_mir/recover-20220922/UBNA_001/20220921_090000.WAV,Telephone Field,recover-20220922,001,1795
1572.3015,1572.3123,28046,35512,Eptesicus serotinus,0.025,0.043,-1,Echolocation,/mnt/ubna_data_02_mir/recover-20220922/UBNA_001/20220921_090000.WAV,Telephone Field,recover-20220922,001,1795
1572.3475,1572.3833,68437,81426,Rhinolophus ferrumequinum,0.022,0.022,-1,Echolocation,/mnt/ubna_data_02_mir/recover-20220922/UBNA_001/20220921_090000.WAV,Telephone Field,recover-20220922,001,1795
1572.3685,1572.4059,68437,81788,Rhinolophus ferrumequinum,0.022,0.022,-1,Echolocation,/mnt/ubna_data_02_mir/recover-20220922/UBNA_001/20220921_090000.WAV,Telephone Field,recover-20220922,001,1795
1572.3895,1572.4305,68437,82225,Rhinolophus ferrumequinum,0.028,0.028,-1,Echolocation,/mnt/ubna_data_02_mir/recover-20220922/UBNA_001/20220921_090000.WAV,Telephone Field,recover-20220922,001,1795
1572.3965,1572.4362,68437,82088,Rhinolophus ferrumequinum,0.023,0.023,-1,Echolocation,/mnt/ubna_data_02_mir/recover-20220922/UBNA_001/20220921_090000.WAV,Telephone Field,recover-20220922,001,1795
1572.3965,1572.4055,25468,33371,Eptesicus serotinus,0.007,0.022,-1,Echolocation,/mnt/ubna_data_02_mir/recover-20220922/UBNA_001/20220921_090000.WAV,Telephone Field,recover-20220922,001,1795
1572.4165,1572.4309,22890,26305,Nyctalus leisleri,0.015,0.023,-1,Echolocation,/mnt/ubna_data_02_mir/recover-20220922/UBNA_001/20220921_090000.WAV,Telephone Field,recover-20220922,001,1795
1572.4325,1572.4435,27187,34630,Eptesicus serotinus,0.013,0.025,-1,Echolocation,/mnt/ubna_data_02_mir/recover-20220922/UBNA_001/20220921_090000.WAV,Telephone Field,recover-20220922,001,1795
1572.4685,1572.4862,20312,23894,Nyctalus leisleri,0.012,0.023,-1,Echolocation,/mnt/ubna_data_02_mir/recover-20220922/UBNA_001/20220921_090000.WAV,Telephone Field,recover-20220922,001,1795
1572.4845,1572.4981,22890,27526,Nyctalus leisleri,0.022,0.039,-1,Echolocation,/mnt/ubna_data_02_mir/recover-20220922/UBNA_001/20220921_090000.WAV,Telephone Field,recover-20220922,001,1795
1572.4875,1572.4945,32343,44314,Myotis daubentonii,0.008,0.023,-1,Echolocation,/mnt/ubna_data_02_mir/recover-20220922/UBNA_001/20220921_090000.WAV,Telephone Field,recover-20220922,001,1795
1572.5145,1572.5553,68437,82925,Rhinolophus ferrumequinum,0.027,0.027,-1,Echolocation,/mnt/ubna_data_02_mir/recover-20220922/UBNA_001/20220921_090000.WAV,Telephone Field,recover-20220922,001,1795
1572.5275,1572.566,68437,82251,Rhinolophus ferrumequinum,0.022,0.022,-1,Echolocation,/mnt/ubna_data_02_mir/recover-20220922/UBNA_001/20220921_090000.WAV,Telephone Field,recover-20220922,001,1795
1572.5585,1572.5951,68437,81783,Rhinolophus ferrumequinum,0.022,0.022,-1,Echolocation,/mnt/ubna_data_02_mir/recover-20220922/UBNA_001/20220921_090000.WAV,Telephone Field,recover-20220922,001,1795
1572.5775,1572.5883,22890,27175,Nyctalus leisleri,0.012,0.023,-1,Echolocation,/mnt/ubna_data_02_mir/recover-20220922/UBNA_001/20220921_090000.WAV,Telephone Field,recover-20220922,001,1795
1572.6045,1572.6143,28906,37163,Eptesicus serotinus,0.01,0.024,-1,Echolocation,/mnt/ubna_data_02_mir/recover-20220922/UBNA_001/20220921_090000.WAV,Telephone Field,recover-20220922,001,1795
1572.6095,1572.6479,68437,82462,Rhinolophus ferrumequinum,0.023,0.023,-1,Echolocation,/mnt/ubna_data_02_mir/recover-20220922/UBNA_001/20220921_090000.WAV,Telephone Field,recover-20220922,001,1795
1572.6165,1572.6532,68437,81932,Rhinolophus ferrumequinum,0.022,0.022,-1,Echolocation,/mnt/ubna_data_02_mir/recover-20220922/UBNA_001/20220921_090000.WAV,Telephone Field,recover-20220922,001,1795
1572.6235,1572.6594,68437,81654,Rhinolophus ferrumequinum,0.022,0.022,-1,Echolocation,/mnt/ubna_data_02_mir/recover-20220922/UBNA_001/20220921_090000.WAV,Telephone Field,recover-20220922,001,1795
1572.6505,1572.658,28046,39314,Eptesicus serotinus,0.007,0.022,-1,Echolocation,/mnt/ubna_data_02_mir/recover-20220922/UBNA_001/20220921_090000.WAV,Telephone Field,recover-20220922,001,1795
1572.6655,1572.7015,68437,82245,Rhinolophus ferrumequinum,0.025,0.025,-1,Echolocation,/mnt/ubna_data_02_mir/recover-20220922/UBNA_001/20220921_090000.WAV,Telephone Field,recover-20220922,001,1795
1572.6825,1572.7241,68437,83245,Rhinolophus ferrumequinum,0.025,0.025,-1,Echolocation,/mnt/ubna_data_02_mir/recover-20220922/UBNA_001/20220921_090000.WAV,Telephone Field,recover-20220922,001,1795
1572.6945,1572.734,68437,82018,Rhinolophus ferrumequinum,0.022,0.022,-1,Echolocation,/mnt/ubna_data_02_mir/recover-20220922/UBNA_001/20220921_090000.WAV,Telephone Field,recover-20220922,001,1795
1572.6965,1572.7081,23750,29301,Nyctalus leisleri,0.01,0.024,-1,Echolocation,/mnt/ubna_data_02_mir/recover-20220922/UBNA_001/20220921_090000.WAV,Telephone Field,recover-20220922,001,1795
1572.7185,1572.7587,68437,82496,Rhinolophus ferrumequinum,0.032,0.032,-1,Echolocation,/mnt/ubna_data_02_mir/recover-20220922/UBNA_001/20220921_090000.WAV,Telephone Field,recover-20220922,001,1795
1572.7515,1572.7582,27187,38026,Eptesicus serotinus,0.019,0.058,-1,Echolocation,/mnt/ubna_data_02_mir/recover-20220922/UBNA_001/20220921_090000.WAV,Telephone Field,recover-20220922,001,1795
1572.7705,1572.8103,68437,82602,Rhinolophus ferrumequinum,0.023,0.023,-1,Echolocation,/mnt/ubna_data_02_mir/recover-20220922/UBNA_001/20220921_090000.WAV,Telephone Field,recover-20220922,001,1795
1572.7865,1572.7951,26328,34815,Eptesicus serotinus,0.01,0.021,-1,Echolocation,/mnt/ubna_data_02_mir/recover-20220922/UBNA_001/20220921_090000.WAV,Telephone Field,recover-20220922,001,1795
1572.8145,1572.8529,68437,81840,Rhinolophus ferrumequinum,0.024,0.024,-1,Echolocation,/mnt/ubna_data_02_mir/recover-20220922/UBNA_001/20220921_090000.WAV,Telephone Field,recover-20220922,001,1795
1572.8555,1572.8918,68437,81606,Rhinolophus ferrumequinum,0.03,0.03,-1,Echolocation,/mnt/ubna_data_02_mir/recover-20220922/UBNA_001/20220921_090000.WAV,Telephone Field,recover-20220922,001,1795
1572.8795,1572.891,28906,35557,Eptesicus serotinus,0.01,0.023,-1,Echolocation,/mnt/ubna_data_02_mir/recover-20220922/UBNA_001/20220921_090000.WAV,Telephone Field,recover-20220922,001,1795
1572.8915,1572.9005,28046,38924,Eptesicus serotinus,0.008,0.023,-1,Echolocation,/mnt/ubna_data_02_mir/recover-20220922/UBNA_001/20220921_090000.WAV,Telephone Field,recover-20220922,001,1795
1572.9065,1572.9139,28046,38221,Eptesicus serotinus,0.007,0.023,-1,Echolocation,/mnt/ubna_data_02_mir/recover-20220922/UBNA_001/20220921_090000.WAV,Telephone Field,recover-20220922,001,1795
1572.9395,1572.9814,68437,83128,Rhinolophus ferrumequinum,0.031,0.031,-1,Echolocation,/mnt/ubna_data_02_mir/recover-20220922/UBNA_001/20220921_090000.WAV,Telephone Field,recover-20220922,001,1795
1572.9435,1572.9532,55546,61100,Pipistrellus pygmaeus,0.022,0.023,-1,Echolocation,/mnt/ubna_data_02_mir/recover-20220922/UBNA_001/20220921_090000.WAV,Telephone Field,recover-20220922,001,1795
1572.9755,1572.9842,27187,40999,Eptesicus serotinus,0.008,0.022,-1,Echolocation,/mnt/ubna_data_02_mir/recover-20220922/UBNA_001/20220921_090000.WAV,Telephone Field,recover-20220922,001,1795
1572.9755,1573.0146,68437,82109,Rhinolophus ferrumequinum,0.023,0.023,-1,Echolocation,/mnt/ubna_data_02_mir/recover-20220922/UBNA_001/20220921_090000.WAV,Telephone Field,recover-20220922,001,1795
1573.0215,1573.0582,68437,81111,Rhinolophus ferrumequinum,0.023,0.023,-1,Echolocation,/mnt/ubna_data_02_mir/recover-20220922/UBNA_001/20220921_090000.WAV,Telephone Field,recover-20220922,001,1795
1573.0445,1573.0817,68437,82330,Rhinolophus ferrumequinum,0.033,0.033,-1,Echolocation,/mnt/ubna_data_02_mir/recover-20220922/UBNA_001/20220921_090000.WAV,Telephone Field,recover-20220922,001,1795
1573.0465,1573.0514,39218,53728,Myotis daubentonii,0.005,0.024,-1,Echolocation,/mnt/ubna_data_02_mir/recover-20220922/UBNA_001/20220921_090000.WAV,Telephone Field,recover-20220922,001,1795
1573.0475,1573.0547,27187,50318,Eptesicus serotinus,0.007,0.023,-1,Echolocation,/mnt/ubna_data_02_mir/recover-20220922/UBNA_001/20220921_090000.WAV,Telephone Field,recover-20220922,001,1795
1573.0595,1573.0697,28906,35278,Eptesicus serotinus,0.009,0.023,-1,Echolocation,/mnt/ubna_data_02_mir/recover-20220922/UBNA_001/20220921_090000.WAV,Telephone Field,recover-20220922,001,1795
1573.0795,1573.0876,28046,38855,Eptesicus serotinus,0.008,0.023,-1,Echolocation,/mnt/ubna_data_02_mir/recover-20220922/UBNA_001/20220921_090000.WAV,Telephone Field,recover-20220922,001,1795
1573.1025,1573.1397,68437,81755,Rhinolophus ferrumequinum,0.021,0.021,-1,Echolocation,/mnt/ubna_data_02_mir/recover-20220922/UBNA_001/20220921_090000.WAV,Telephone Field,recover-20220922,001,1795
1573.1195,1573.1368,22031,25971,Nyctalus leisleri,0.024,0.049,-1,Echolocation,/mnt/ubna_data_02_mir/recover-20220922/UBNA_001/20220921_090000.WAV,Telephone Field,recover-20220922,001,1795
1573.1355,1573.1747,68437,81944,Rhinolophus ferrumequinum,0.022,0.022,-1,Echolocation,/mnt/ubna_data_02_mir/recover-20220922/UBNA_001/20220921_090000.WAV,Telephone Field,recover-20220922,001,1795
1573.1545,1573.1682,23750,28378,Nyctalus leisleri,0.028,0.053,-1,Echolocation,/mnt/ubna_data_02_mir/recover-20220922/UBNA_001/20220921_090000.WAV,Telephone Field,recover-20220922,001,1795
1573.1655,1573.1729,28046,37569,Eptesicus serotinus,0.013,0.034,-1,Echolocation,/mnt/ubna_data_02_mir/recover-20220922/UBNA_001/20220921_090000.WAV,Telephone Field,recover-20220922,001,1795
1573.1825,1573.2248,68437,82507,Rhinolophus ferrumequinum,0.041,0.041,-1,Echolocation,/mnt/ubna_data_02_mir/recover-20220922/UBNA_001/20220921_090000.WAV,Telephone Field,recover-20220922,001,1795
1573.1915,1573.2007,24609,30924,Nyctalus leisleri,0.016,0.045,-1,Echolocation,/mnt/ubna_data_02_mir/recover-20220922/UBNA_001/20220921_090000.WAV,Telephone Field,recover-20220922,001,1795
1573.2045,1573.2116,28906,37653,Eptesicus serotinus,0.007,0.026,-1,Echolocation,/mnt/ubna_data_02_mir/recover-20220922/UBNA_001/20220921_090000.WAV,Telephone Field,recover-20220922,001,1795
1573.2095,1573.2209,22031,26362,Nyctalus leisleri,0.013,0.025,-1,Echolocation,/mnt/ubna_data_02_mir/recover-20220922/UBNA_001/20220921_090000.WAV,Telephone Field,recover-20220922,001,1795
1573.2245,1573.2638,68437,82255,Rhinolophus ferrumequinum,0.023,0.023,-1,Echolocation,/mnt/ubna_data_02_mir/recover-20220922/UBNA_001/20220921_090000.WAV,Telephone Field,recover-20220922,001,1795
1573.2355,1573.2441,28046,38994,Eptesicus serotinus,0.008,0.022,-1,Echolocation,/mnt/ubna_data_02_mir/recover-20220922/UBNA_001/20220921_090000.WAV,Telephone Field,recover-20220922,001,1795
1573.2595,1573.2723,22031,26915,Nyctalus leisleri,0.014,0.031,-1,Echolocation,/mnt/ubna_data_02_mir/recover-20220922/UBNA_001/20220921_090000.WAV,Telephone Field,recover-20220922,001,1795
1573.2705,1573.3118,68437,82616,Rhinolophus ferrumequinum,0.026,0.026,-1,Echolocation,/mnt/ubna_data_02_mir/recover-20220922/UBNA_001/20220921_090000.WAV,Telephone Field,recover-20220922,001,1795
1573.2995,1573.3137,39218,43527,Pipistrellus nathusii,0.032,0.04,-1,Echolocation,/mnt/ubna_data_02_mir/recover-20220922/UBNA_001/20220921_090000.WAV,Telephone Field,recover-20220922,001,1795
1573.3005,1573.3382,68437,81857,Rhinolophus ferrumequinum,0.022,0.022,-1,Echolocation,/mnt/ubna_data_02_mir/recover-20220922/UBNA_001/20220921_090000.WAV,Telephone Field,recover-20220922,001,1795
1573.3455,1573.3527,24609,35361,Plecotus austriacus,0.015,0.037,-1,Echolocation,/mnt/ubna_data_02_mir/recover-20220922/UBNA_001/20220921_090000.WAV,Telephone Field,recover-20220922,001,1795
1573.3615,1573.3703,45234,50603,Pipistrellus pipistrellus,0.034,0.035,-1,Echolocation,/mnt/ubna_data_02_mir/recover-20220922/UBNA_001/20220921_090000.WAV,Telephone Field,recover-20220922,001,1795
1573.3625,1573.403,68437,82327,Rhinolophus ferrumequinum,0.021,0.021,-1,Echolocation,/mnt/ubna_data_02_mir/recover-20220922/UBNA_001/20220921_090000.WAV,Telephone Field,recover-20220922,001,1795
1573.4025,1573.4411,68437,82259,Rhinolophus ferrumequinum,0.022,0.022,-1,Echolocation,/mnt/ubna_data_02_mir/recover-20220922/UBNA_001/20220921_090000.WAV,Telephone Field,recover-20220922,001,1795
1573.4095,1573.4186,28906,38110,Eptesicus serotinus,0.008,0.021,-1,Echolocation,/mnt/ubna_data_02_mir/recover-20220922/UBNA_001/20220921_090000.WAV,Telephone Field,recover-20220922,001,1795
1573.4255,1573.4334,22890,30525,Plecotus austriacus,0.011,0.025,-1,Echolocation,/mnt/ubna_data_02_mir/recover-20220922/UBNA_001/20220921_090000.WAV,Telephone Field,recover-20220922,001,1795
1573.4365,1573.4753,68437,81542,Rhinolophus ferrumequinum,0.025,0.025,-1,Echolocation,/mnt/ubna_data_02_mir/recover-20220922/UBNA_001/20220921_090000.WAV,Telephone Field,recover-20220922,001,1795
1573.4485,1573.4882,68437,82539,Rhinolophus ferrumequinum,0.024,0.024,-1,Echolocation,/mnt/ubna_data_02_mir/recover-20220922/UBNA_001/20220921_090000.WAV,Telephone Field,recover-20220922,001,1795
1573.4605,1573.4689,28046,40449,Eptesicus serotinus,0.008,0.022,-1,Echolocation,/mnt/ubna_data_02_mir/recover-20220922/UBNA_001/20220921_090000.WAV,Telephone Field,recover-20220922,001,1795
1573.4845,1573.5245,68437,82371,Rhinolophus ferrumequinum,0.026,0.026,-1,Echolocation,/mnt/ubna_data_02_mir/recover-20220922/UBNA_001/20220921_090000.WAV,Telephone Field,recover-20220922,001,1795
1573.4945,1573.5028,28906,37881,Eptesicus serotinus,0.009,0.026,-1,Echolocation,/mnt/ubna_data_02_mir/recover-20220922/UBNA_001/20220921_090000.WAV,Telephone Field,recover-20220922,001,1795
1573.5085,1573.5286,19453,22832,Nyctalus noctula,0.014,0.031,-1,Echolocation,/mnt/ubna_data_02_mir/recover-20220922/UBNA_001/20220921_090000.WAV,Telephone Field,recover-20220922,001,1795
1573.5315,1573.5717,68437,82647,Rhinolophus ferrumequinum,0.022,0.022,-1,Echolocation,/mnt/ubna_data_02_mir/recover-20220922/UBNA_001/20220921_090000.WAV,Telephone Field,recover-20220922,001,1795
1573.6035,1573.6108,28046,42486,Eptesicus serotinus,0.008,0.026,-1,Echolocation,/mnt/ubna_data_02_mir/recover-20220922/UBNA_001/20220921_090000.WAV,Telephone Field,recover-20220922,001,1795
1573.6265,1573.6353,28046,37012,Eptesicus serotinus,0.009,0.025,-1,Echolocation,/mnt/ubna_data_02_mir/recover-20220922/UBNA_001/20220921_090000.WAV,Telephone Field,recover-20220922,001,1795
1573.6415,1573.6773,68437,80264,Rhinolophus ferrumequinum,0.022,0.022,-1,Echolocation,/mnt/ubna_data_02_mir/recover-20220922/UBNA_001/20220921_090000.WAV,Telephone Field,recover-20220922,001,1795
1573.6875,1573.7253,68437,81656,Rhinolophus ferrumequinum,0.025,0.025,-1,Echolocation,/mnt/ubna_data_02_mir/recover-20220922/UBNA_001/20220921_090000.WAV,Telephone Field,recover-20220922,001,1795
1573.7165,1573.7245,23750,32335,Plecotus austriacus,0.008,0.023,-1,Echolocation,/mnt/ubna_data_02_mir/recover-20220922/UBNA_001/20220921_090000.WAV,Telephone Field,recover-20220922,001,1795
1573.7405,1573.7778,68437,81483,Rhinolophus ferrumequinum,0.025,0.025,-1,Echolocation,/mnt/ubna_data_02_mir/recover-20220922/UBNA_001/20220921_090000.WAV,Telephone Field,recover-20220922,001,1795
1573.7455,1573.7531,26328,35728,Eptesicus serotinus,0.009,0.028,-1,Echolocation,/mnt/ubna_data_02_mir/recover-20220922/UBNA_001/20220921_090000.WAV,Telephone Field,recover-20220922,001,1795
1573.7625,1573.8018,68437,82728,Rhinolophus ferrumequinum,0.024,0.024,-1,Echolocation,/mnt/ubna_data_02_mir/recover-20220922/UBNA_001/20220921_090000.WAV,Telephone Field,recover-20220922,001,1795
1573.7665,1573.7753,28906,40953,Eptesicus serotinus,0.009,0.024,-1,Echolocation,/mnt/ubna_data_02_mir/recover-20220922/UBNA_001/20220921_090000.WAV,Telephone Field,recover-20220922,001,1795
1573.8015,1573.8105,23750,31041,Plecotus austriacus,0.008,0.025,-1,Echolocation,/mnt/ubna_data_02_mir/recover-20220922/UBNA_001/20220921_090000.WAV,Telephone Field,recover-20220922,001,1795
1573.8095,1573.8502,68437,82923,Rhinolophus ferrumequinum,0.023,0.023,-1,Echolocation,/mnt/ubna_data_02_mir/recover-20220922/UBNA_001/20220921_090000.WAV,Telephone Field,recover-20220922,001,1795
1573.8285,1573.8676,68437,82269,Rhinolophus ferrumequinum,0.021,0.021,-1,Echolocation,/mnt/ubna_data_02_mir/recover-20220922/UBNA_001/20220921_090000.WAV,Telephone Field,recover-20220922,001,1795
1573.8705,1573.8786,28906,38148,Eptesicus serotinus,0.007,0.022,-1,Echolocation,/mnt/ubna_data_02_mir/recover-20220922/UBNA_001/20220921_090000.WAV,Telephone Field,recover-20220922,001,1795
1573.8865,1573.8937,24609,33082,Plecotus austriacus,0.01,0.025,-1,Echolocation,/mnt/ubna_data_02_mir/recover-20220922/UBNA_001/20220921_090000.WAV,Telephone Field,recover-20220922,001,1795
1573.8945,1573.9317,68437,82474,Rhinolophus ferrumequinum,0.026,0.026,-1,Echolocation,/mnt/ubna_data_02_mir/recover-20220922/UBNA_001/20220921_090000.WAV,Telephone Field,recover-20220922,001,1795
1573.9005,1573.9091,28906,38455,Eptesicus serotinus,0.008,0.023,-1,Echolocation,/mnt/ubna_data_02_mir/recover-20220922/UBNA_001/20220921_090000.WAV,Telephone Field,recover-20220922,001,1795
1573.9055,1573.9458,68437,82225,Rhinolophus ferrumequinum,0.022,0.022,-1,Echolocation,/mnt/ubna_data_02_mir/recover-20220922/UBNA_001/20220921_090000.WAV,Telephone Field,recover-20220922,001,1795
1573.9225,1573.9589,68437,82032,Rhinolophus ferrumequinum,0.022,0.023,-1,Echolocation,/mnt/ubna_data_02_mir/recover-20220922/UBNA_001/20220921_090000.WAV,Telephone Field,recover-20220922,001,1795
1573.9355,1573.9714,68437,81608,Rhinolophus ferrumequinum,0.023,0.023,-1,Echolocation,/mnt/ubna_data_02_mir/recover-20220922/UBNA_001/20220921_090000.WAV,Telephone Field,recover-20220922,001,1795
1573.9425,1573.9515,27187,38593,Eptesicus serotinus,0.008,0.022,-1,Echolocation,/mnt/ubna_data_02_mir/recover-20220922/UBNA_001/20220921_090000.WAV,Telephone Field,recover-20220922,001,1795
1573.9605,1573.995,68437,81196,Rhinolophus ferrumequinum,0.023,0.024,-1,Echolocation,/mnt/ubna_data_02_mir/recover-20220922/UBNA_001/20220921_090000.WAV,Telephone Field,recover-20220922,001,1795
1573.9645,1573.9756,22890,28627,Nyctalus leisleri,0.011,0.025,-1,Echolocation,/mnt/ubna_data_02_mir/recover-20220922/UBNA_001/20220921_090000.WAV,Telephone Field,recover-20220922,001,1795
1573.9715,1573.9829,27187,34364,Eptesicus serotinus,0.014,0.028,-1,Echolocation,/mnt/ubna_data_02_mir/recover-20220922/UBNA_001/20220921_090000.WAV,Telephone Field,recover-20220922,001,1795
1574.0015,1574.0098,47812,54319,Pipistrellus pipistrellus,0.018,0.024,-1,Echolocation,/mnt/ubna_data_02_mir/recover-20220922/UBNA_001/20220921_090000.WAV,Telephone Field,recover-20220922,001,1795
1574.0015,1574.0352,68437,80223,Rhinolophus ferrumequinum,0.039,0.039,-1,Echolocation,/mnt/ubna_data_02_mir/recover-20220922/UBNA_001/20220921_090000.WAV,Telephone Field,recover-20220922,001,1795
1574.0015,1574.0114,22890,29037,Nyctalus leisleri,0.012,0.028,-1,Echolocation,/mnt/ubna_data_02_mir/recover-20220922/UBNA_001/20220921_090000.WAV,Telephone Field,recover-20220922,001,1795
1574.0095,1574.0495,68437,81731,Rhinolophus ferrumequinum,0.022,0.022,-1,Echolocation,/mnt/ubna_data_02_mir/recover-20220922/UBNA_001/20220921_090000.WAV,Telephone Field,recover-20220922,001,1795
1574.0445,1574.0811,68437,81064,Rhinolophus ferrumequinum,0.022,0.023,-1,Echolocation,/mnt/ubna_data_02_mir/recover-20220922/UBNA_001/20220921_090000.WAV,Telephone Field,recover-20220922,001,1795
1574.0565,1574.0638,25468,34905,Eptesicus serotinus,0.006,0.023,-1,Echolocation,/mnt/ubna_data_02_mir/recover-20220922/UBNA_001/20220921_090000.WAV,Telephone Field,recover-20220922,001,1795
1574.1065,1574.1155,30625,42557,Myotis daubentonii,0.007,0.025,-1,Echolocation,/mnt/ubna_data_02_mir/recover-20220922/UBNA_001/20220921_090000.WAV,Telephone Field,recover-20220922,001,1795
1574.1085,1574.1482,68437,81683,Rhinolophus ferrumequinum,0.025,0.025,-1,Echolocation,/mnt/ubna_data_02_mir/recover-20220922/UBNA_001/20220921_090000.WAV,Telephone Field,recover-20220922,001,1795
1574.1815,1574.2226,68437,82629,Rhinolophus ferrumequinum,0.024,0.024,-1,Echolocation,/mnt/ubna_data_02_mir/recover-20220922/UBNA_001/20220921_090000.WAV,Telephone Field,recover-20220922,001,1795
1574.2245,1574.2333,54687,59036,Pipistrellus pygmaeus,0.025,0.027,-1,Echolocation,/mnt/ubna_data_02_mir/recover-20220922/UBNA_001/20220921_090000.WAV,Telephone Field,recover-20220922,001,1795
1574.2265,1574.2356,28906,36729,Eptesicus serotinus,0.008,0.021,-1,Echolocation,/mnt/ubna_data_02_mir/recover-20220922/UBNA_001/20220921_090000.WAV,Telephone Field,recover-20220922,001,1795
1574.2515,1574.2583,28046,40164,Eptesicus serotinus,0.006,0.021,-1,Echolocation,/mnt/ubna_data_02_mir/recover-20220922/UBNA_001/20220921_090000.WAV,Telephone Field,recover-20220922,001,1795
1574.2695,1574.309,68437,82284,Rhinolophus ferrumequinum,0.024,0.024,-1,Echolocation,/mnt/ubna_data_02_mir/recover-20220922/UBNA_001/20220921_090000.WAV,Telephone Field,recover-20220922,001,1795
1574.2695,1574.286,21171,24677,Nyctalus leisleri,0.014,0.026,-1,Echolocation,/mnt/ubna_data_02_mir/recover-20220922/UBNA_001/20220921_090000.WAV,Telephone Field,recover-20220922,001,1795
1574.3135,1574.3202,24609,33821,Plecotus austriacus,0.011,0.027,-1,Echolocation,/mnt/ubna_data_02_mir/recover-20220922/UBNA_001/20220921_090000.WAV,Telephone Field,recover-20220922,001,1795
1574.3205,1574.3318,40937,44968,Pipistrellus nathusii,0.019,0.034,-1,Echolocation,/mnt/ubna_data_02_mir/recover-20220922/UBNA_001/20220921_090000.WAV,Telephone Field,recover-20220922,001,1795
1574.3405,1574.3807,68437,82370,Rhinolophus ferrumequinum,0.023,0.023,-1,Echolocation,/mnt/ubna_data_02_mir/recover-20220922/UBNA_001/20220921_090000.WAV,Telephone Field,recover-20220922,001,1795
1574.3605,1574.3988,68437,81417,Rhinolophus ferrumequinum,0.023,0.023,-1,Echolocation,/mnt/ubna_data_02_mir/recover-20220922/UBNA_001/20220921_090000.WAV,Telephone Field,recover-20220922,001,1795
1574.3695,1574.4052,68437,81067,Rhinolophus ferrumequinum,0.022,0.022,-1,Echolocation,/mnt/ubna_data_02_mir/recover-20220922/UBNA_001/20220921_090000.WAV,Telephone Field,recover-20220922,001,1795
1574.3905,1574.428,68437,81354,Rhinolophus ferrumequinum,0.025,0.025,-1,Echolocation,/mnt/ubna_data_02_mir/recover-20220922/UBNA_001/20220921_090000.WAV,Telephone Field,recover-20220922,001,1795
1574.4255,1574.4639,68437,81492,Rhinolophus ferrumequinum,0.025,0.025,-1,Echolocation,/mnt/ubna_data_02_mir/recover-20220922/UBNA_001/20220921_090000.WAV,Telephone Field,recover-20220922,001,1795
1574.4515,1574.459,27187,39963,Eptesicus serotinus,0.007,0.021,-1,Echolocation,/mnt/ubna_data_02_mir/recover-20220922/UBNA_001/20220921_090000.WAV,Telephone Field,recover-20220922,001,1795
1574.4525,1574.4899,68437,82064,Rhinolophus ferrumequinum,0.024,0.024,-1,Echolocation,/mnt/ubna_data_02_mir/recover-20220922/UBNA_001/20220921_090000.WAV,Telephone Field,recover-20220922,001,1795
1574.4695,1574.5111,68437,82672,Rhinolophus ferrumequinum,0.03,0.03,-1,Echolocation,/mnt/ubna_data_02_mir/recover-20220922/UBNA_001/20220921_090000.WAV,Telephone Field,recover-20220922,001,1795
1574.4915,1574.5305,68437,82612,Rhinolophus ferrumequinum,0.022,0.022,-1,Echolocation,/mnt/ubna_data_02_mir/recover-20220922/UBNA_001/20220921_090000.WAV,Telephone Field,recover-20220922,001,1795
1574.5205,1574.5616,68437,82239,Rhinolophus ferrumequinum,0.024,0.024,-1,Echolocation,/mnt/ubna_data_02_mir/recover-20220922/UBNA_001/20220921_090000.WAV,Telephone Field,recover-20220922,001,1795
1574.5475,1574.5866,68437,82081,Rhinolophus ferrumequinum,0.022,0.022,-1,Echolocation,/mnt/ubna_data_02_mir/recover-20220922/UBNA_001/20220921_090000.WAV,Telephone Field,recover-20220922,001,1795
1574.5875,1574.6297,68437,82445,Rhinolophus ferrumequinum,0.033,0.033,-1,Echolocation,/mnt/ubna_data_02_mir/recover-20220922/UBNA_001/20220921_090000.WAV,Telephone Field,recover-20220922,001,1795
1574.5905,1574.5998,25468,32970,Eptesicus serotinus,0.008,0.022,-1,Echolocation,/mnt/ubna_data_02_mir/recover-20220922/UBNA_001/20220921_090000.WAV,Telephone Field,recover-20220922,001,1795
1574.6035,1574.6436,68437,81870,Rhinolophus ferrumequinum,0.022,0.022,-1,Echolocation,/mnt/ubna_data_02_mir/recover-20220922/UBNA_001/20220921_090000.WAV,Telephone Field,recover-20220922,001,1795
1574.6195,1574.6568,68437,81755,Rhinolophus ferrumequinum,0.022,0.022,-1,Echolocation,/mnt/ubna_data_02_mir/recover-20220922/UBNA_001/20220921_090000.WAV,Telephone Field,recover-20220922,001,1795
1574.6515,1574.6902,68437,82023,Rhinolophus ferrumequinum,0.025,0.025,-1,Echolocation,/mnt/ubna_data_02_mir/recover-20220922/UBNA_001/20220921_090000.WAV,Telephone Field,recover-20220922,001,1795
1574.6595,1574.7009,68437,82367,Rhinolophus ferrumequinum,0.024,0.024,-1,Echolocation,/mnt/ubna_data_02_mir/recover-20220922/UBNA_001/20220921_090000.WAV,Telephone Field,recover-20220922,001,1795
1574.6855,1574.7292,68437,82808,Rhinolophus ferrumequinum,0.036,0.036,-1,Echolocation,/mnt/ubna_data_02_mir/recover-20220922/UBNA_001/20220921_090000.WAV,Telephone Field,recover-20220922,001,1795
1574.6865,1574.6959,28906,37479,Eptesicus serotinus,0.007,0.021,-1,Echolocation,/mnt/ubna_data_02_mir/recover-20220922/UBNA_001/20220921_090000.WAV,Telephone Field,recover-20220922,001,1795
1574.6955,1574.7065,25468,30627,Nyctalus leisleri,0.009,0.022,-1,Echolocation,/mnt/ubna_data_02_mir/recover-20220922/UBNA_001/20220921_090000.WAV,Telephone Field,recover-20220922,001,1795
1574.7075,1574.7154,28046,38179,Eptesicus serotinus,0.007,0.022,-1,Echolocation,/mnt/ubna_data_02_mir/recover-20220922/UBNA_001/20220921_090000.WAV,Telephone Field,recover-20220922,001,1795
1574.7415,1574.779,68437,81853,Rhinolophus ferrumequinum,0.021,0.021,-1,Echolocation,/mnt/ubna_data_02_mir/recover-20220922/UBNA_001/20220921_090000.WAV,Telephone Field,recover-20220922,001,1795
1574.7615,1574.7697,28906,37391,Eptesicus serotinus,0.006,0.021,-1,Echolocation,/mnt/ubna_data_02_mir/recover-20220922/UBNA_001/20220921_090000.WAV,Telephone Field,recover-20220922,001,1795
1574.7785,1574.8127,68437,80484,Rhinolophus ferrumequinum,0.021,0.021,-1,Echolocation,/mnt/ubna_data_02_mir/recover-20220922/UBNA_001/20220921_090000.WAV,Telephone Field,recover-20220922,001,1795
1574.8025,1574.8431,68437,82648,Rhinolophus ferrumequinum,0.023,0.023,-1,Echolocation,/mnt/ubna_data_02_mir/recover-20220922/UBNA_001/20220921_090000.WAV,Telephone Field,recover-20220922,001,1795
1574.8085,1574.8193,22890,27420,Nyctalus leisleri,0.011,0.021,-1,Echolocation,/mnt/ubna_data_02_mir/recover-20220922/UBNA_001/20220921_090000.WAV,Telephone Field,recover-20220922,001,1795
1574.8275,1574.8667,68437,81327,Rhinolophus ferrumequinum,0.029,0.029,-1,Echolocation,/mnt/ubna_data_02_mir/recover-20220922/UBNA_001/20220921_090000.WAV,Telephone Field,recover-20220922,001,1795
1574.8545,1574.8977,68437,82760,Rhinolophus ferrumequinum,0.023,0.023,-1,Echolocation,/mnt/ubna_data_02_mir/recover-20220922/UBNA_001/20220921_090000.WAV,Telephone Field,recover-20220922,001,1795
1574.8735,1574.9125,68437,81847,Rhinolophus ferrumequinum,0.02,0.021,-1,Echolocation,/mnt/ubna_data_02_mir/recover-20220922/UBNA_001/20220921_090000.WAV,Telephone Field,recover-20220922,001,1795
1574.8875,1574.9285,68437,82580,Rhinolophus ferrumequinum,0.024,0.024,-1,Echolocation,/mnt/ubna_data_02_mir/recover-20220922/UBNA_001/20220921_090000.WAV,Telephone Field,recover-20220922,001,1795
1574.8945,1574.9044,28906,36711,Eptesicus serotinus,0.009,0.022,-1,Echolocation,/mnt/ubna_data_02_mir/recover-20220922/UBNA_001/20220921_090000.WAV,Telephone Field,recover-20220922,001,1795
1574.9095,1574.9182,49531,54618,Pipistrellus pipistrellus,0.029,0.031,-1,Echolocation,/mnt/ubna_data_02_mir/recover-20220922/UBNA_001/20220921_090000.WAV,Telephone Field,recover-20220922,001,1795
1574.9275,1574.9354,22890,30139,Plecotus austriacus,0.009,0.021,-1,Echolocation,/mnt/ubna_data_02_mir/recover-20220922/UBNA_001/20220921_090000.WAV,Telephone Field,recover-20220922,001,1795
1574.9365,1574.9775,68437,82480,Rhinolophus ferrumequinum,0.03,0.03,-1,Echolocation,/mnt/ubna_data_02_mir/recover-20220922/UBNA_001/20220921_090000.WAV,Telephone Field,recover-20220922,001,1795
1574.9385,1574.9472,28046,38883,Eptesicus serotinus,0.008,0.022,-1,Echolocation,/mnt/ubna_data_02_mir/recover-20220922/UBNA_001/20220921_090000.WAV,Telephone Field,recover-20220922,001,1795
1574.9585,1574.9961,68437,81157,Rhinolophus ferrumequinum,0.025,0.025,-1,Echolocation,/mnt/ubna_data_02_mir/recover-20220922/UBNA_001/20220921_090000.WAV,Telephone Field,recover-20220922,001,1795
1574.9725,1575.0122,68437,81772,Rhinolophus ferrumequinum,0.022,0.022,-1,Echolocation,/mnt/ubna_data_02_mir/recover-20220922/UBNA_001/20220921_090000.WAV,Telephone Field,recover-20220922,001,1795
1574.9795,1575.0176,68437,82067,Rhinolophus ferrumequinum,0.022,0.022,-1,Echolocation,/mnt/ubna_data_02_mir/recover-20220922/UBNA_001/20220921_090000.WAV,Telephone Field,recover-20220922,001,1795
1574.9855,1574.9956,49531,54423,Pipistrellus pipistrellus,0.03,0.035,-1,Echolocation,/mnt/ubna_data_02_mir/recover-20220922/UBNA_001/20220921_090000.WAV,Telephone Field,recover-20220922,001,1795
1574.9905,1574.9997,28906,39748,Eptesicus serotinus,0.009,0.024,-1,Echolocation,/mnt/ubna_data_02_mir/recover-20220922/UBNA_001/20220921_090000.WAV,Telephone Field,recover-20220922,001,1795
1574.9945,1575.0095,15156,21286,Nyctalus noctula,0.015,0.021,-1,Echolocation,/mnt/ubna_data_02_mir/recover-20220922/UBNA_001/20220921_090000.WAV,Telephone Field,recover-20220922,001,1795
1575.0085,1575.0478,68437,81246,Rhinolophus ferrumequinum,0.025,0.025,-1,Echolocation,/mnt/ubna_data_02_mir/recover-20220922/UBNA_001/20220921_090000.WAV,Telephone Field,recover-20220922,001,1795
1575.0095,1575.016,28046,39402,Eptesicus serotinus,0.005,0.022,-1,Echolocation,/mnt/ubna_data_02_mir/recover-20220922/UBNA_001/20220921_090000.WAV,Telephone Field,recover-20220922,001,1795
1575.0325,1575.0769,68437,83416,Rhinolophus ferrumequinum,0.04,0.04,-1,Echolocation,/mnt/ubna_data_02_mir/recover-20220922/UBNA_001/20220921_090000.WAV,Telephone Field,recover-20220922,001,1795
1575.0695,1575.1098,68437,81966,Rhinolophus ferrumequinum,0.024,0.024,-1,Echolocation,/mnt/ubna_data_02_mir/recover-20220922/UBNA_001/20220921_090000.WAV,Telephone Field,recover-20220922,001,1795
1575.0925,1575.1011,28906,38477,Eptesicus serotinus,0.007,0.021,-1,Echolocation,/mnt/ubna_data_02_mir/recover-20220922/UBNA_001/20220921_090000.WAV,Telephone Field,recover-20220922,001,1795
1575.1225,1575.1319,22890,29152,Nyctalus leisleri,0.008,0.021,-1,Echolocation,/mnt/ubna_data_02_mir/recover-20220922/UBNA_001/20220921_090000.WAV,Telephone Field,recover-20220922,001,1795
1575.1325,1575.1753,68437,83135,Rhinolophus ferrumequinum,0.028,0.029,-1,Echolocation,/mnt/ubna_data_02_mir/recover-20220922/UBNA_001/20220921_090000.WAV,Telephone Field,recover-20220922,001,1795
1575.1585,1575.2046,68437,83351,Rhinolophus ferrumequinum,0.05,0.05,-1,Echolocation,/mnt/ubna_data_02_mir/recover-20220922/UBNA_001/20220921_090000.WAV,Telephone Field,recover-20220922,001,1795
1575.2095,1575.2208,22031,25754,Nyctalus leisleri,0.012,0.021,-1,Echolocation,/mnt/ubna_data_02_mir/recover-20220922/UBNA_001/20220921_090000.WAV,Telephone Field,recover-20220922,001,1795
1575.2135,1575.2535,68437,82511,Rhinolophus ferrumequinum,0.032,0.032,-1,Echolocation,/mnt/ubna_data_02_mir/recover-20220922/UBNA_001/20220921_090000.WAV,Telephone Field,recover-20220922,001,1795
1575.2395,1575.2825,68437,83003,Rhinolophus ferrumequinum,0.039,0.039,-1,Echolocation,/mnt/ubna_data_02_mir/recover-20220922/UBNA_001/20220921_090000.WAV,Telephone Field,recover-20220922,001,1795
1575.2705,1575.2825,22031,26220,Nyctalus leisleri,0.017,0.031,-1,Echolocation,/mnt/ubna_data_02_mir/recover-20220922/UBNA_001/20220921_090000.WAV,Telephone Field,recover-20220922,001,1795
1575.2835,1575.326,68437,83178,Rhinolophus ferrumequinum,0.032,0.032,-1,Echolocation,/mnt/ubna_data_02_mir/recover-20220922/UBNA_001/20220921_090000.WAV,Telephone Field,recover-20220922,001,1795
1575.3285,1575.3393,22890,27857,Nyctalus leisleri,0.011,0.022,-1,Echolocation,/mnt/ubna_data_02_mir/recover-20220922/UBNA_001/20220921_090000.WAV,Telephone Field,recover-20220922,001,1795
1575.3505,1575.3879,68437,81321,Rhinolophus ferrumequinum,0.023,0.023,-1,Echolocation,/mnt/ubna_data_02_mir/recover-20220922/UBNA_001/20220921_090000.WAV,Telephone Field,recover-20220922,001,1795
1575.3625,1575.3724,28046,35348,Eptesicus serotinus,0.009,0.021,-1,Echolocation,/mnt/ubna_data_02_mir/recover-20220922/UBNA_001/20220921_090000.WAV,Telephone Field,recover-20220922,001,1795
1575.3745,1575.4122,68437,80771,Rhinolophus ferrumequinum,0.02,0.021,-1,Echolocation,/mnt/ubna_data_02_mir/recover-20220922/UBNA_001/20220921_090000.WAV,Telephone Field,recover-20220922,001,1795
1575.3815,1575.4215,68437,82039,Rhinolophus ferrumequinum,0.021,0.021,-1,Echolocation,/mnt/ubna_data_02_mir/recover-20220922/UBNA_001/20220921_090000.WAV,Telephone Field,recover-20220922,001,1795
1575.4005,1575.441,68437,82489,Rhinolophus ferrumequinum,0.024,0.024,-1,Echolocation,/mnt/ubna_data_02_mir/recover-20220922/UBNA_001/20220921_090000.WAV,Telephone Field,recover-20220922,001,1795
1575.4295,1575.4705,68437,82356,Rhinolophus ferrumequinum,0.023,0.023,-1,Echolocation,/mnt/ubna_data_02_mir/recover-20220922/UBNA_001/20220921_090000.WAV,Telephone Field,recover-20220922,001,1795
1575.4405,1575.4471,47812,52337,Pipistrellus pipistrellus,0.02,0.021,-1,Echolocation,/mnt/ubna_data_02_mir/recover-20220922/UBNA_001/20220921_090000.WAV,Telephone Field,recover-20220922,001,1795
1575.4485,1575.4869,68437,82094,Rhinolophus ferrumequinum,0.021,0.021,-1,Echolocation,/mnt/ubna_data_02_mir/recover-20220922/UBNA_001/20220921_090000.WAV,Telephone Field,recover-20220922,001,1795
1575.4795,1575.5153,68437,80972,Rhinolophus ferrumequinum,0.023,0.023,-1,Echolocation,/mnt/ubna_data_02_mir/recover-20220922/UBNA_001/20220921_090000.WAV,Telephone Field,recover-20220922,001,1795
1575.4975,1575.5377,68437,82539,Rhinolophus ferrumequinum,0.026,0.026,-1,Echolocation,/mnt/ubna_data_02_mir/recover-20220922/UBNA_001/20220921_090000.WAV,Telephone Field,recover-20220922,001,1795
1575.5075,1575.5448,68437,81558,Rhinolophus ferrumequinum,0.021,0.021,-1,Echolocation,/mnt/ubna_data_02_mir/recover-20220922/UBNA_001/20220921_090000.WAV,Telephone Field,recover-20220922,001,1795
1575.5145,1575.5209,28046,39656,Eptesicus serotinus,0.006,0.024,-1,Echolocation,/mnt/ubna_data_02_mir/recover-20220922/UBNA_001/20220921_090000.WAV,Telephone Field,recover-20220922,001,1795
1575.5315,1575.5701,68437,82002,Rhinolophus ferrumequinum,0.028,0.028,-1,Echolocation,/mnt/ubna_data_02_mir/recover-20220922/UBNA_001/20220921_090000.WAV,Telephone Field,recover-20220922,001,1795
1575.5565,1575.5934,68437,81936,Rhinolophus ferrumequinum,0.021,0.022,-1,Echolocation,/mnt/ubna_data_02_mir/recover-20220922/UBNA_001/20220921_090000.WAV,Telephone Field,recover-20220922,001,1795
1575.5845,1575.6239,68437,82054,Rhinolophus ferrumequinum,0.021,0.021,-1,Echolocation,/mnt/ubna_data_02_mir/recover-20220922/UBNA_001/20220921_090000.WAV,Telephone Field,recover-20220922,001,1795
1575.5915,1575.6002,26328,34835,Eptesicus serotinus,0.016,0.038,-1,Echolocation,/mnt/ubna_data_02_mir/recover-20220922/UBNA_001/20220921_090000.WAV,Telephone Field,recover-20220922,001,1795
1575.6075,1575.6184,26328,32061,Eptesicus serotinus,0.01,0.027,-1,Echolocation,/mnt/ubna_data_02_mir/recover-20220922/UBNA_001/20220921_090000.WAV,Telephone Field,recover-20220922,001,1795
1575.6255,1575.6625,68437,81738,Rhinolophus ferrumequinum,0.026,0.026,-1,Echolocation,/mnt/ubna_data_02_mir/recover-20220922/UBNA_001/20220921_090000.WAV,Telephone Field,recover-20220922,001,1795
1575.6785,1575.721,68437,82282,Rhinolophus ferrumequinum,0.026,0.026,-1,Echolocation,/mnt/ubna_data_02_mir/recover-20220922/UBNA_001/20220921_090000.WAV,Telephone Field,recover-20220922,001,1795
1575.6785,1575.6861,27187,40847,Eptesicus serotinus,0.008,0.024,-1,Echolocation,/mnt/ubna_data_02_mir/recover-20220922/UBNA_001/20220921_090000.WAV,Telephone Field,recover-20220922,001,1795
1575.6815,1575.688,44375,49917,Pipistrellus pipistrellus,0.027,0.03,-1,Echolocation,/mnt/ubna_data_02_mir/recover-20220922/UBNA_001/20220921_090000.WAV,Telephone Field,recover-20220922,001,1795
1575.7025,1575.7364,68437,80311,Rhinolophus ferrumequinum,0.022,0.023,-1,Echolocation,/mnt/ubna_data_02_mir/recover-20220922/UBNA_001/20220921_090000.WAV,Telephone Field,recover-20220922,001,1795
1575.7435,1575.7815,68437,82163,Rhinolophus ferrumequinum,0.028,0.028,-1,Echolocation,/mnt/ubna_data_02_mir/recover-20220922/UBNA_001/20220921_090000.WAV,Telephone Field,recover-20220922,001,1795
1575.7685,1575.8076,68437,82176,Rhinolophus ferrumequinum,0.021,0.021,-1,Echolocation,/mnt/ubna_data_02_mir/recover-20220922/UBNA_001/20220921_090000.WAV,Telephone Field,recover-20220922,001,1795
1575.7725,1575.7817,51250,57352,Pipistrellus pipistrellus,0.014,0.027,-1,Echolocation,/mnt/ubna_data_02_mir/recover-20220922/UBNA_001/20220921_090000.WAV,Telephone Field,recover-20220922,001,1795
1575.7815,1575.7992,21171,24087,Nyctalus leisleri,0.015,0.022,-1,Echolocation,/mnt/ubna_data_02_mir/recover-20220922/UBNA_001/20220921_090000.WAV,Telephone Field,recover-20220922,001,1795
1575.8045,1575.8136,28046,35704,Eptesicus serotinus,0.011,0.024,-1,Echolocation,/mnt/ubna_data_02_mir/recover-20220922/UBNA_001/20220921_090000.WAV,Telephone Field,recover-20220922,001,1795
1575.8395,1575.8755,68437,81368,Rhinolophus ferrumequinum,0.022,0.022,-1,Echolocation,/mnt/ubna_data_02_mir/recover-20220922/UBNA_001/20220921_090000.WAV,Telephone Field,recover-20220922,001,1795
1575.8655,1575.9075,68437,82899,Rhinolophus ferrumequinum,0.037,0.037,-1,Echolocation,/mnt/ubna_data_02_mir/recover-20220922/UBNA_001/20220921_090000.WAV,Telephone Field,recover-20220922,001,1795
1575.8685,1575.879,28906,37895,Eptesicus serotinus,0.012,0.026,-1,Echolocation,/mnt/ubna_data_02_mir/recover-20220922/UBNA_001/20220921_090000.WAV,Telephone Field,recover-20220922,001,1795
1575.8805,1575.888,44375,53482,Pipistrellus pipistrellus,0.014,0.021,-1,Echolocation,/mnt/ubna_data_02_mir/recover-20220922/UBNA_001/20220921_090000.WAV,Telephone Field,recover-20220922,001,1795
1575.8935,1575.9323,68437,82127,Rhinolophus ferrumequinum,0.028,0.028,-1,Echolocation,/mnt/ubna_data_02_mir/recover-20220922/UBNA_001/20220921_090000.WAV,Telephone Field,recover-20220922,001,1795
1575.8965,1575.9074,23750,29630,Nyctalus leisleri,0.01,0.023,-1,Echolocation,/mnt/ubna_data_02_mir/recover-20220922/UBNA_001/20220921_090000.WAV,Telephone Field,recover-20220922,001,1795
1575.9065,1575.9467,68437,82680,Rhinolophus ferrumequinum,0.024,0.024,-1,Echolocation,/mnt/ubna_data_02_mir/recover-20220922/UBNA_001/20220921_090000.WAV,Telephone Field,recover-20220922,001,1795
1575.9315,1575.9724,68437,82540,Rhinolophus ferrumequinum,0.021,0.021,-1,Echolocation,/mnt/ubna_data_02_mir/recover-20220922/UBNA_001/20220921_090000.WAV,Telephone Field,recover-20220922,001,1795
1575.9395,1575.978,68437,81975,Rhinolophus ferrumequinum,0.021,0.021,-1,Echolocation,/mnt/ubna_data_02_mir/recover-20220922/UBNA_001/20220921_090000.WAV,Telephone Field,recover-20220922,001,1795
1575.9525,1575.9598,27187,38345,Eptesicus serotinus,0.006,0.021,-1,Echolocation,/mnt/ubna_data_02_mir/recover-20220922/UBNA_001/20220921_090000.WAV,Telephone Field,recover-20220922,001,1795
1575.9655,1575.9754,28046,35354,Eptesicus serotinus,0.01,0.023,-1,Echolocation,/mnt/ubna_data_02_mir/recover-20220922/UBNA_001/20220921_090000.WAV,Telephone Field,recover-20220922,001,1795
1576.0015,1576.0107,22031,28389,Nyctalus leisleri,0.008,0.023,-1,Echolocation,/mnt/ubna_data_02_mir/recover-20220922/UBNA_001/20220921_090000.WAV,Telephone Field,recover-20220922,001,1795
1576.0015,1576.0317,68437,79924,Rhinolophus ferrumequinum,0.029,0.029,-1,Echolocation,/mnt/ubna_data_02_mir/recover-20220922/UBNA_001/20220921_090000.WAV,Telephone Field,recover-20220922,001,1795
1576.0125,1576.0533,68437,82766,Rhinolophus ferrumequinum,0.027,0.027,-1,Echolocation,/mnt/ubna_data_02_mir/recover-20220922/UBNA_001/20220921_090000.WAV,Telephone Field,recover-20220922,001,1795
1576.0175,1576.0261,28906,37143,Eptesicus serotinus,0.008,0.022,-1,Echolocation,/mnt/ubna_data_02_mir/recover-20220922/UBNA_001/20220921_090000.WAV,Telephone Field,recover-20220922,001,1795
1576.0365,1576.0433,26328,38800,Eptesicus serotinus,0.005,0.023,-1,Echolocation,/mnt/ubna_data_02_mir/recover-20220922/UBNA_001/20220921_090000.WAV,Telephone Field,recover-20220922,001,1795
1576.0475,1576.089,68437,82552,Rhinolophus ferrumequinum,0.021,0.021,-1,Echolocation,/mnt/ubna_data_02_mir/recover-20220922/UBNA_001/20220921_090000.WAV,Telephone Field,recover-20220922,001,1795
1576.0775,1576.1165,68437,82235,Rhinolophus ferrumequinum,0.023,0.023,-1,Echolocation,/mnt/ubna_data_02_mir/recover-20220922/UBNA_001/20220921_090000.WAV,Telephone Field,recover-20220922,001,1795
1576.0865,1576.1271,68437,82487,Rhinolophus ferrumequinum,0.022,0.022,-1,Echolocation,/mnt/ubna_data_02_mir/recover-20220922/UBNA_001/20220921_090000.WAV,Telephone Field,recover-20220922,001,1795
1576.0975,1576.132,68437,81334,Rhinolophus ferrumequinum,0.021,0.021,-1,Echolocation,/mnt/ubna_data_02_mir/recover-20220922/UBNA_001/20220921_090000.WAV,Telephone Field,recover-20220922,001,1795
1576.1275,1576.1663,68437,82204,Rhinolophus ferrumequinum,0.021,0.021,-1,Echolocation,/mnt/ubna_data_02_mir/recover-20220922/UBNA_001/20220921_090000.WAV,Telephone Field,recover-20220922,001,1795
1576.1555,1576.1948,68437,81841,Rhinolophus ferrumequinum,0.025,0.025,-1,Echolocation,/mnt/ubna_data_02_mir/recover-20220922/UBNA_001/20220921_090000.WAV,Telephone Field,recover-20220922,001,1795
1576.1795,1576.2173,68437,82993,Rhinolophus ferrumequinum,0.027,0.027,-1,Echolocation,/mnt/ubna_data_02_mir/recover-20220922/UBNA_001/20220921_090000.WAV,Telephone Field,recover-20220922,001,1795
1576.1865,1576.1955,28906,37377,Eptesicus serotinus,0.009,0.023,-1,Echolocation,/mnt/ubna_data_02_mir/recover-20220922/UBNA_001/20220921_090000.WAV,Telephone Field,recover-20220922,001,1795
1576.2285,1576.2377,28906,38100,Eptesicus serotinus,0.008,0.021,-1,Echolocation,/mnt/ubna_data_02_mir/recover-20220922/UBNA_001/20220921_090000.WAV,Telephone Field,recover-20220922,001,1795
1576.2285,1576.2387,22890,28784,Nyctalus leisleri,0.009,0.021,-1,Echolocation,/mnt/ubna_data_02_mir/recover-20220922/UBNA_001/20220921_090000.WAV,Telephone Field,recover-20220922,001,1795
1576.2455,1576.2827,68437,82374,Rhinolophus ferrumequinum,0.021,0.022,-1,Echolocation,/mnt/ubna_data_02_mir/recover-20220922/UBNA_001/20220921_090000.WAV,Telephone Field,recover-20220922,001,1795
1576.2525,1576.2905,68437,82427,Rhinolophus ferrumequinum,0.023,0.023,-1,Echolocation,/mnt/ubna_data_02_mir/recover-20220922/UBNA_001/20220921_090000.WAV,Telephone Field,recover-20220922,001,1795
1576.2715,1576.2836,25468,31569,Eptesicus serotinus,0.027,0.062,-1,Echolocation,/mnt/ubna_data_02_mir/recover-20220922/UBNA_001/20220921_090000.WAV,Telephone Field,recover-20220922,001,1795
1576.2745,1576.2814,15156,27719,Plecotus auritus,0.018,0.025,-1,Echolocation,/mnt/ubna_data_02_mir/recover-20220922/UBNA_001/20220921_090000.WAV,Telephone Field,recover-20220922,001,1795
1576.2995,1576.3126,15156,20310,Nyctalus noctula,0.046,0.066,-1,Echolocation,/mnt/ubna_data_02_mir/recover-20220922/UBNA_001/20220921_090000.WAV,Telephone Field,recover-20220922,001,1795
1576.3015,1576.3449,68437,82668,Rhinolophus ferrumequinum,0.036,0.036,-1,Echolocation,/mnt/ubna_data_02_mir/recover-20220922/UBNA_001/20220921_090000.WAV,Telephone Field,recover-20220922,001,1795
1576.3455,1576.383,68437,81552,Rhinolophus ferrumequinum,0.022,0.022,-1,Echolocation,/mnt/ubna_data_02_mir/recover-20220922/UBNA_001/20220921_090000.WAV,Telephone Field,recover-20220922,001,1795
1576.3685,1576.3838,22890,27598,Nyctalus leisleri,0.016,0.032,-1,Echolocation,/mnt/ubna_data_02_mir/recover-20220922/UBNA_001/20220921_090000.WAV,Telephone Field,recover-20220922,001,1795
1576.4235,1576.4617,68437,81751,Rhinolophus ferrumequinum,0.023,0.023,-1,Echolocation,/mnt/ubna_data_02_mir/recover-20220922/UBNA_001/20220921_090000.WAV,Telephone Field,recover-20220922,001,1795
1576.4425,1576.4518,28906,36517,Eptesicus serotinus,0.009,0.023,-1,Echolocation,/mnt/ubna_data_02_mir/recover-20220922/UBNA_001/20220921_090000.WAV,Telephone Field,recover-20220922,001,1795
1576.4465,1576.4548,46953,53718,Pipistrellus pipistrellus,0.025,0.027,-1,Echolocation,/mnt/ubna_data_02_mir/recover-20220922/UBNA_001/20220921_090000.WAV,Telephone Field,recover-20220922,001,1795
1576.4735,1576.4817,27187,34888,Eptesicus serotinus,0.015,0.036,-1,Echolocation,/mnt/ubna_data_02_mir/recover-20220922/UBNA_001/20220921_090000.WAV,Telephone Field,recover-20220922,001,1795
1576.4825,1576.5237,68437,82801,Rhinolophus ferrumequinum,0.025,0.025,-1,Echolocation,/mnt/ubna_data_02_mir/recover-20220922/UBNA_001/20220921_090000.WAV,Telephone Field,recover-20220922,001,1795
1576.5005,1576.5135,22031,25939,Nyctalus leisleri,0.012,0.021,-1,Echolocation,/mnt/ubna_data_02_mir/recover-20220922/UBNA_001/20220921_090000.WAV,Telephone Field,recover-20220922,001,1795
1576.5105,1576.5526,68437,82787,Rhinolophus ferrumequinum,0.037,0.037,-1,Echolocation,/mnt/ubna_data_02_mir/recover-20220922/UBNA_001/20220921_090000.WAV,Telephone Field,recover-20220922,001,1795
1576.5285,1576.5703,69296,83968,Rhinolophus ferrumequinum,0.025,0.025,-1,Echolocation,/mnt/ubna_data_02_mir/recover-20220922/UBNA_001/20220921_090000.WAV,Telephone Field,recover-20220922,001,1795
1576.5345,1576.5438,28906,36734,Eptesicus serotinus,0.009,0.025,-1,Echolocation,/mnt/ubna_data_02_mir/recover-20220922/UBNA_001/20220921_090000.WAV,Telephone Field,recover-20220922,001,1795
1576.5805,1576.6204,68437,82346,Rhinolophus ferrumequinum,0.026,0.026,-1,Echolocation,/mnt/ubna_data_02_mir/recover-20220922/UBNA_001/20220921_090000.WAV,Telephone Field,recover-20220922,001,1795
1576.5955,1576.6025,28046,40493,Eptesicus serotinus,0.007,0.023,-1,Echolocation,/mnt/ubna_data_02_mir/recover-20220922/UBNA_001/20220921_090000.WAV,Telephone Field,recover-20220922,001,1795
1576.6125,1576.6535,68437,82574,Rhinolophus ferrumequinum,0.029,0.029,-1,Echolocation,/mnt/ubna_data_02_mir/recover-20220922/UBNA_001/20220921_090000.WAV,Telephone Field,recover-20220922,001,1795
1576.6125,1576.623,28906,37138,Eptesicus serotinus,0.011,0.024,-1,Echolocation,/mnt/ubna_data_02_mir/recover-20220922/UBNA_001/20220921_090000.WAV,Telephone Field,recover-20220922,001,1795
1576.6275,1576.6653,68437,81591,Rhinolophus ferrumequinum,0.023,0.023,-1,Echolocation,/mnt/ubna_data_02_mir/recover-20220922/UBNA_001/20220921_090000.WAV,Telephone Field,recover-20220922,001,1795
1576.6465,1576.6859,68437,82527,Rhinolophus ferrumequinum,0.022,0.022,-1,Echolocation,/mnt/ubna_data_02_mir/recover-20220922/UBNA_001/20220921_090000.WAV,Telephone Field,recover-20220922,001,1795
1576.6635,1576.7015,68437,81784,Rhinolophus ferrumequinum,0.022,0.022,-1,Echolocation,/mnt/ubna_data_02_mir/recover-20220922/UBNA_001/20220921_090000.WAV,Telephone Field,recover-20220922,001,1795
1576.6755,1576.7132,68437,81723,Rhinolophus ferrumequinum,0.023,0.023,-1,Echolocation,/mnt/ubna_data_02_mir/recover-20220922/UBNA_001/20220921_090000.WAV,Telephone Field,recover-20220922,001,1795
1576.6825,1576.6928,14296,21781,Nyctalus noctula,0.018,0.032,-1,Echolocation,/mnt/ubna_data_02_mir/recover-20220922/UBNA_001/20220921_090000.WAV,Telephone Field,recover-20220922,001,1795
1576.7695,1576.7776,28046,39886,Eptesicus serotinus,0.007,0.021,-1,Echolocation,/mnt/ubna_data_02_mir/recover-20220922/UBNA_001/20220921_090000.WAV,Telephone Field,recover-20220922,001,1795
1576.7865,1576.8236,68437,82289,Rhinolophus ferrumequinum,0.022,0.022,-1,Echolocation,/mnt/ubna_data_02_mir/recover-20220922/UBNA_001/20220921_090000.WAV,Telephone Field,recover-20220922,001,1795
1576.8265,1576.8657,68437,81835,Rhinolophus ferrumequinum,0.023,0.023,-1,Echolocation,/mnt/ubna_data_02_mir/recover-20220922/UBNA_001/20220921_090000.WAV,Telephone Field,recover-20220922,001,1795
1576.8425,1576.8827,68437,82172,Rhinolophus ferrumequinum,0.022,0.022,-1,Echolocation,/mnt/ubna_data_02_mir/recover-20220922/UBNA_001/20220921_090000.WAV,Telephone Field,recover-20220922,001,1795
1576.8645,1576.8756,24609,32002,Eptesicus serotinus,0.01,0.025,-1,Echolocation,/mnt/ubna_data_02_mir/recover-20220922/UBNA_001/20220921_090000.WAV,Telephone Field,recover-20220922,001,1795
1576.8745,1576.8842,26328,34224,Eptesicus serotinus,0.013,0.027,-1,Echolocation,/mnt/ubna_data_02_mir/recover-20220922/UBNA_001/20220921_090000.WAV,Telephone Field,recover-20220922,001,1795
1576.8805,1576.9237,68437,83068,Rhinolophus ferrumequinum,0.07,0.07,-1,Echolocation,/mnt/ubna_data_02_mir/recover-20220922/UBNA_001/20220921_090000.WAV,Telephone Field,recover-20220922,001,1795
1576.9055,1576.9438,68437,82023,Rhinolophus ferrumequinum,0.026,0.026,-1,Echolocation,/mnt/ubna_data_02_mir/recover-20220922/UBNA_001/20220921_090000.WAV,Telephone Field,recover-20220922,001,1795
1576.9305,1576.9692,68437,82281,Rhinolophus ferrumequinum,0.025,0.025,-1,Echolocation,/mnt/ubna_data_02_mir/recover-20220922/UBNA_001/20220921_090000.WAV,Telephone Field,recover-20220922,001,1795
1576.9335,1576.9432,28046,36731,Eptesicus serotinus,0.01,0.024,-1,Echolocation,/mnt/ubna_data_02_mir/recover-20220922/UBNA_001/20220921_090000.WAV,Telephone Field,recover-20220922,001,1795
1576.9425,1576.9524,27187,34238,Eptesicus serotinus,0.011,0.025,-1,Echolocation,/mnt/ubna_data_02_mir/recover-20220922/UBNA_001/20220921_090000.WAV,Telephone Field,recover-20220922,001,1795
1576.9555,1576.9938,68437,81841,Rhinolophus ferrumequinum,0.022,0.022,-1,Echolocation,/mnt/ubna_data_02_mir/recover-20220922/UBNA_001/20220921_090000.WAV,Telephone Field,recover-20220922,001,1795
1576.9615,1577.0021,68437,82421,Rhinolophus ferrumequinum,0.022,0.022,-1,Echolocation,/mnt/ubna_data_02_mir/recover-20220922/UBNA_001/20220921_090000.WAV,Telephone Field,recover-20220922,001,1795
1576.9715,1577.0105,68437,82526,Rhinolophus ferrumequinum,0.023,0.023,-1,Echolocation,/mnt/ubna_data_02_mir/recover-20220922/UBNA_001/20220921_090000.WAV,Telephone Field,recover-20220922,001,1795
1576.9905,1577.0018,22031,26493,Nyctalus leisleri,0.01,0.021,-1,Echolocation,/mnt/ubna_data_02_mir/recover-20220922/UBNA_001/20220921_090000.WAV,Telephone Field,recover-20220922,001,1795
1577.0115,1577.0532,68437,82442,Rhinolophus ferrumequinum,0.021,0.021,-1,Echolocation,/mnt/ubna_data_02_mir/recover-20220922/UBNA_001/20220921_090000.WAV,Telephone Field,recover-20220922,001,1795
1577.0275,1577.0663,68437,81898,Rhinolophus ferrumequinum,0.023,0.023,-1,Echolocation,/mnt/ubna_data_02_mir/recover-20220922/UBNA_001/20220921_090000.WAV,Telephone Field,recover-20220922,001,1795
1577.0395,1577.0771,68437,81795,Rhinolophus ferrumequinum,0.022,0.022,-1,Echolocation,/mnt/ubna_data_02_mir/recover-20220922/UBNA_001/20220921_090000.WAV,Telephone Field,recover-20220922,001,1795
1577.0445,1577.0522,28046,38493,Eptesicus serotinus,0.008,0.025,-1,Echolocation,/mnt/ubna_data_02_mir/recover-20220922/UBNA_001/20220921_090000.WAV,Telephone Field,recover-20220922,001,1795
1577.0735,1577.1123,68437,81986,Rhinolophus ferrumequinum,0.021,0.021,-1,Echolocation,/mnt/ubna_data_02_mir/recover-20220922/UBNA_001/20220921_090000.WAV,Telephone Field,recover-20220922,001,1795
1577.0915,1577.0987,27187,40440,Eptesicus serotinus,0.006,0.025,-1,Echolocation,/mnt/ubna_data_02_mir/recover-20220922/UBNA_001/20220921_090000.WAV,Telephone Field,recover-20220922,001,1795
1577.1105,1577.1483,68437,82060,Rhinolophus ferrumequinum,0.025,0.025,-1,Echolocation,/mnt/ubna_data_02_mir/recover-20220922/UBNA_001/20220921_090000.WAV,Telephone Field,recover-20220922,001,1795
1577.1195,1577.1322,27187,33372,Eptesicus serotinus,0.016,0.031,-1,Echolocation,/mnt/ubna_data_02_mir/recover-20220922/UBNA_001/20220921_090000.WAV,Telephone Field,recover-20220922,001,1795
1577.1255,1577.1618,68437,81100,Rhinolophus ferrumequinum,0.024,0.024,-1,Echolocation,/mnt/ubna_data_02_mir/recover-20220922/UBNA_001/20220921_090000.WAV,Telephone Field,recover-20220922,001,1795
1577.1405,1577.178,68437,82079,Rhinolophus ferrumequinum,0.023,0.023,-1,Echolocation,/mnt/ubna_data_02_mir/recover-20220922/UBNA_001/20220921_090000.WAV,Telephone Field,recover-20220922,001,1795
1577.1675,1577.2078,68437,82191,Rhinolophus ferrumequinum,0.022,0.022,-1,Echolocation,/mnt/ubna_data_02_mir/recover-20220922/UBNA_001/20220921_090000.WAV,Telephone Field,recover-20220922,001,1795
1577.1885,1577.2264,68437,81817,Rhinolophus ferrumequinum,0.021,0.021,-1,Echolocation,/mnt/ubna_data_02_mir/recover-20220922/UBNA_001/20220921_090000.WAV,Telephone Field,recover-20220922,001,1795
1577.2125,1577.2202,26328,35804,Eptesicus serotinus,0.01,0.028,-1,Echolocation,/mnt/ubna_data_02_mir/recover-20220922/UBNA_001/20220921_090000.WAV,Telephone Field,recover-20220922,001,1795
1577.2205,1577.2607,68437,82631,Rhinolophus ferrumequinum,0.026,0.026,-1,Echolocation,/mnt/ubna_data_02_mir/recover-20220922/UBNA_001/20220921_090000.WAV,Telephone Field,recover-20220922,001,1795
1577.2275,1577.2372,28046,35791,Eptesicus serotinus,0.01,0.022,-1,Echolocation,/mnt/ubna_data_02_mir/recover-20220922/UBNA_001/20220921_090000.WAV,Telephone Field,recover-20220922,001,1795
1577.2735,1577.2866,26328,32370,Eptesicus serotinus,0.013,0.029,-1,Echolocation,/mnt/ubna_data_02_mir/recover-20220922/UBNA_001/20220921_090000.WAV,Telephone Field,recover-20220922,001,1795
1577.2765,1577.3186,68437,83209,Rhinolophus ferrumequinum,0.025,0.025,-1,Echolocation,/mnt/ubna_data_02_mir/recover-20220922/UBNA_001/20220921_090000.WAV,Telephone Field,recover-20220922,001,1795
1577.2985,1577.3088,28906,34356,Eptesicus serotinus,0.014,0.033,-1,Echolocation,/mnt/ubna_data_02_mir/recover-20220922/UBNA_001/20220921_090000.WAV,Telephone Field,recover-20220922,001,1795
1577.3245,1577.3666,68437,83015,Rhinolophus ferrumequinum,0.024,0.024,-1,Echolocation,/mnt/ubna_data_02_mir/recover-20220922/UBNA_001/20220921_090000.WAV,Telephone Field,recover-20220922,001,1795
1577.3355,1577.3433,28046,40136,Eptesicus serotinus,0.007,0.022,-1,Echolocation,/mnt/ubna_data_02_mir/recover-20220922/UBNA_001/20220921_090000.WAV,Telephone Field,recover-20220922,001,1795
1577.3445,1577.3843,68437,81848,Rhinolophus ferrumequinum,0.023,0.023,-1,Echolocation,/mnt/ubna_data_02_mir/recover-20220922/UBNA_001/20220921_090000.WAV,Telephone Field,recover-20220922,001,1795
1577.3465,1577.3538,28906,39357,Eptesicus serotinus,0.008,0.027,-1,Echolocation,/mnt/ubna_data_02_mir/recover-20220922/UBNA_001/20220921_090000.WAV,Telephone Field,recover-20220922,001,1795
1577.3685,1577.4123,68437,83111,Rhinolophus ferrumequinum,0.031,0.031,-1,Echolocation,/mnt/ubna_data_02_mir/recover-20220922/UBNA_001/20220921_090000.WAV,Telephone Field,recover-20220922,001,1795
1577.3695,1577.3805,27187,34758,Eptesicus serotinus,0.011,0.023,-1,Echolocation,/mnt/ubna_data_02_mir/recover-20220922/UBNA_001/20220921_090000.WAV,Telephone Field,recover-20220922,001,1795
1577.3945,1577.434,68437,82358,Rhinolophus ferrumequinum,0.028,0.028,-1,Echolocation,/mnt/ubna_data_02_mir/recover-20220922/UBNA_001/20220921_090000.WAV,Telephone Field,recover-20220922,001,1795
1577.4155,1577.4554,68437,82567,Rhinolophus ferrumequinum,0.025,0.025,-1,Echolocation,/mnt/ubna_data_02_mir/recover-20220922/UBNA_001/20220921_090000.WAV,Telephone Field,recover-20220922,001,1795
1577.4245,1577.4351,44375,48214,Pipistrellus pipistrellus,0.024,0.026,-1,Echolocation,/mnt/ubna_data_02_mir/recover-20220922/UBNA_001/20220921_090000.WAV,Telephone Field,recover-20220922,001,1795
1577.4525,1577.4938,68437,82371,Rhinolophus ferrumequinum,0.028,0.028,-1,Echolocation,/mnt/ubna_data_02_mir/recover-20220922/UBNA_001/20220921_090000.WAV,Telephone Field,recover-20220922,001,1795
1577.4945,1577.5115,20312,23263,Nyctalus leisleri,0.015,0.023,-1,Echolocation,/mnt/ubna_data_02_mir/recover-20220922/UBNA_001/20220921_090000.WAV,Telephone Field,recover-20220922,001,1795
1577.5035,1577.5422,68437,82486,Rhinolophus ferrumequinum,0.023,0.023,-1,Echolocation,/mnt/ubna_data_02_mir/recover-20220922/UBNA_001/20220921_090000.WAV,Telephone Field,recover-20220922,001,1795
1577.5095,1577.5197,28046,35257,Eptesicus serotinus,0.009,0.023,-1,Echolocation,/mnt/ubna_data_02_mir/recover-20220922/UBNA_001/20220921_090000.WAV,Telephone Field,recover-20220922,001,1795
1577.5115,1577.5501,68437,82403,Rhinolophus ferrumequinum,0.025,0.025,-1,Echolocation,/mnt/ubna_data_02_mir/recover-20220922/UBNA_001/20220921_090000.WAV,Telephone Field,recover-20220922,001,1795
1577.5235,1577.5646,68437,82225,Rhinolophus ferrumequinum,0.021,0.021,-1,Echolocation,/mnt/ubna_data_02_mir/recover-20220922/UBNA_001/20220921_090000.WAV,Telephone Field,recover-20220922,001,1795
1577.5315,1577.5409,28906,39504,Eptesicus serotinus,0.009,0.023,-1,Echolocation,/mnt/ubna_data_02_mir/recover-20220922/UBNA_001/20220921_090000.WAV,Telephone Field,recover-20220922,001,1795
1577.5415,1577.5787,68437,81512,Rhinolophus ferrumequinum,0.022,0.022,-1,Echolocation,/mnt/ubna_data_02_mir/recover-20220922/UBNA_001/20220921_090000.WAV,Telephone Field,recover-20220922,001,1795
1577.5505,1577.5887,68437,82151,Rhinolophus ferrumequinum,0.021,0.021,-1,Echolocation,/mnt/ubna_data_02_mir/recover-20220922/UBNA_001/20220921_090000.WAV,Telephone Field,recover-20220922,001,1795
1577.5555,1577.5659,22890,28068,Nyctalus leisleri,0.01,0.023,-1,Echolocation,/mnt/ubna_data_02_mir/recover-20220922/UBNA_001/20220921_090000.WAV,Telephone Field,recover-20220922,001,1795
1577.5655,1577.5824,20312,23215,Nyctalus leisleri,0.018,0.031,-1,Echolocation,/mnt/ubna_data_02_mir/recover-20220922/UBNA_001/20220921_090000.WAV,Telephone Field,recover-20220922,001,1795
1577.5845,1577.6217,68437,82780,Rhinolophus ferrumequinum,0.024,0.024,-1,Echolocation,/mnt/ubna_data_02_mir/recover-20220922/UBNA_001/20220921_090000.WAV,Telephone Field,recover-20220922,001,1795
1577.5995,1577.6395,68437,82290,Rhinolophus ferrumequinum,0.022,0.022,-1,Echolocation,/mnt/ubna_data_02_mir/recover-20220922/UBNA_001/20220921_090000.WAV,Telephone Field,recover-20220922,001,1795
1577.6215,1577.6315,25468,32763,Eptesicus serotinus,0.01,0.022,-1,Echolocation,/mnt/ubna_data_02_mir/recover-20220922/UBNA_001/20220921_090000.WAV,Telephone Field,recover-20220922,001,1795
1577.6245,1577.661,68437,82202,Rhinolophus ferrumequinum,0.021,0.021,-1,Echolocation,/mnt/ubna_data_02_mir/recover-20220922/UBNA_001/20220921_090000.WAV,Telephone Field,recover-20220922,001,1795
1577.6415,1577.6508,28046,36987,Eptesicus serotinus,0.008,0.021,-1,Echolocation,/mnt/ubna_data_02_mir/recover-20220922/UBNA_001/20220921_090000.WAV,Telephone Field,recover-20220922,001,1795
1577.6475,1577.6913,68437,82825,Rhinolophus ferrumequinum,0.035,0.035,-1,Echolocation,/mnt/ubna_data_02_mir/recover-20220922/UBNA_001/20220921_090000.WAV,Telephone Field,recover-20220922,001,1795
1577.6775,1577.7174,68437,82503,Rhinolophus ferrumequinum,0.023,0.023,-1,Echolocation,/mnt/ubna_data_02_mir/recover-20220922/UBNA_001/20220921_090000.WAV,Telephone Field,recover-20220922,001,1795
1577.7005,1577.7082,28046,38803,Eptesicus serotinus,0.006,0.022,-1,Echolocation,/mnt/ubna_data_02_mir/recover-20220922/UBNA_001/20220921_090000.WAV,Telephone Field,recover-20220922,001,1795
1577.7165,1577.7574,68437,82686,Rhinolophus ferrumequinum,0.023,0.023,-1,Echolocation,/mnt/ubna_data_02_mir/recover-20220922/UBNA_001/20220921_090000.WAV,Telephone Field,recover-20220922,001,1795
1577.7475,1577.7805,68437,80788,Rhinolophus ferrumequinum,0.022,0.022,-1,Echolocation,/mnt/ubna_data_02_mir/recover-20220922/UBNA_001/20220921_090000.WAV,Telephone Field,recover-20220922,001,1795
1577.7585,1577.7929,68437,80990,Rhinolophus ferrumequinum,0.026,0.026,-1,Echolocation,/mnt/ubna_data_02_mir/recover-20220922/UBNA_001/20220921_090000.WAV,Telephone Field,recover-20220922,001,1795
1577.7725,1577.7821,28046,35729,Eptesicus serotinus,0.009,0.021,-1,Echolocation,/mnt/ubna_data_02_mir/recover-20220922/UBNA_001/20220921_090000.WAV,Telephone Field,recover-20220922,001,1795
1577.7765,1577.8151,68437,82117,Rhinolophus ferrumequinum,0.022,0.022,-1,Echolocation,/mnt/ubna_data_02_mir/recover-20220922/UBNA_001/20220921_090000.WAV,Telephone Field,recover-20220922,001,1795
1577.7915,1577.8313,68437,82797,Rhinolophus ferrumequinum,0.027,0.027,-1,Echolocation,/mnt/ubna_data_02_mir/recover-20220922/UBNA_001/20220921_090000.WAV,Telephone Field,recover-20220922,001,1795
1577.8155,1577.8238,41796,47290,Pipistrellus pipistrellus,0.052,0.062,-1,Echolocation,/mnt/ubna_data_02_mir/recover-20220922/UBNA_001/20220921_090000.WAV,Telephone Field,recover-20220922,001,1795
1577.8265,1577.861,68437,81223,Rhinolophus ferrumequinum,0.021,0.022,-1,Echolocation,/mnt/ubna_data_02_mir/recover-20220922/UBNA_001/20220921_090000.WAV,Telephone Field,recover-20220922,001,1795
1577.8365,1577.8784,68437,82374,Rhinolophus ferrumequinum,0.037,0.037,-1,Echolocation,/mnt/ubna_data_02_mir/recover-20220922/UBNA_001/20220921_090000.WAV,Telephone Field,recover-20220922,001,1795
1577.8615,1577.8983,68437,81786,Rhinolophus ferrumequinum,0.021,0.021,-1,Echolocation,/mnt/ubna_data_02_mir/recover-20220922/UBNA_001/20220921_090000.WAV,Telephone Field,recover-20220922,001,1795
1577.8955,1577.9041,28906,36990,Eptesicus serotinus,0.012,0.03,-1,Echolocation,/mnt/ubna_data_02_mir/recover-20220922/UBNA_001/20220921_090000.WAV,Telephone Field,recover-20220922,001,1795
1577.8975,1577.9319,68437,80503,Rhinolophus ferrumequinum,0.026,0.026,-1,Echolocation,/mnt/ubna_data_02_mir/recover-20220922/UBNA_001/20220921_090000.WAV,Telephone Field,recover-20220922,001,1795
1577.9185,1577.929,28046,35209,Eptesicus serotinus,0.012,0.025,-1,Echolocation,/mnt/ubna_data_02_mir/recover-20220922/UBNA_001/20220921_090000.WAV,Telephone Field,recover-20220922,001,1795
1577.9215,1577.9596,68437,81917,Rhinolophus ferrumequinum,0.021,0.021,-1,Echolocation,/mnt/ubna_data_02_mir/recover-20220922/UBNA_001/20220921_090000.WAV,Telephone Field,recover-20220922,001,1795
1577.9315,1577.9721,68437,82363,Rhinolophus ferrumequinum,0.025,0.025,-1,Echolocation,/mnt/ubna_data_02_mir/recover-20220922/UBNA_001/20220921_090000.WAV,Telephone Field,recover-20220922,001,1795
1577.9835,1577.9931,25468,33963,Eptesicus serotinus,0.009,0.026,-1,Echolocation,/mnt/ubna_data_02_mir/recover-20220922/UBNA_001/20220921_090000.WAV,Telephone Field,recover-20220922,001,1795
1578.0015,1578.0129,47812,52968,Pipistrellus pipistrellus,0.017,0.021,-1,Echolocation,/mnt/ubna_data_02_mir/recover-20220922/UBNA_001/20220921_090000.WAV,Telephone Field,recover-20220922,001,1795
1578.0015,1578.033,69296,81442,Rhinolophus ferrumequinum,0.022,0.022,-1,Echolocation,/mnt/ubna_data_02_mir/recover-20220922/UBNA_001/20220921_090000.WAV,Telephone Field,recover-20220922,001,1795
1578.0015,1578.0104,30625,38443,Myotis daubentonii,0.008,0.026,-1,Echolocation,/mnt/ubna_data_02_mir/recover-20220922/UBNA_001/20220921_090000.WAV,Telephone Field,recover-20220922,001,1795
1578.0015,1578.0107,25468,33625,Nyctalus leisleri,0.01,0.028,-1,Echolocation,/mnt/ubna_data_02_mir/recover-20220922/UBNA_001/20220921_090000.WAV,Telephone Field,recover-20220922,001,1795
1578.0275,1578.0677,68437,82333,Rhinolophus ferrumequinum,0.021,0.021,-1,Echolocation,/mnt/ubna_data_02_mir/recover-20220922/UBNA_001/20220921_090000.WAV,Telephone Field,recover-20220922,001,1795
1578.0685,1578.0747,27187,37669,Plecotus auritus,0.012,0.042,-1,Echolocation,/mnt/ubna_data_02_mir/recover-20220922/UBNA_001/20220921_090000.WAV,Telephone Field,recover-20220922,001,1795
1578.1345,1578.1743,68437,82396,Rhinolophus ferrumequinum,0.022,0.022,-1,Echolocation,/mnt/ubna_data_02_mir/recover-20220922/UBNA_001/20220921_090000.WAV,Telephone Field,recover-20220922,001,1795
1578.1355,1578.1473,28906,35566,Eptesicus serotinus,0.021,0.037,-1,Echolocation,/mnt/ubna_data_02_mir/recover-20220922/UBNA_001/20220921_090000.WAV,Telephone Field,recover-20220922,001,1795
1578.1515,1578.1596,49531,53846,Pipistrellus pipistrellus,0.022,0.023,-1,Echolocation,/mnt/ubna_data_02_mir/recover-20220922/UBNA_001/20220921_090000.WAV,Telephone Field,recover-20220922,001,1795
1578.1525,1578.1942,68437,82526,Rhinolophus ferrumequinum,0.023,0.023,-1,Echolocation,/mnt/ubna_data_02_mir/recover-20220922/UBNA_001/20220921_090000.WAV,Telephone Field,recover-20220922,001,1795
1578.1535,1578.1604,24609,34522,Plecotus austriacus,0.01,0.026,-1,Echolocation,/mnt/ubna_data_02_mir/recover-20220922/UBNA_001/20220921_090000.WAV,Telephone Field,recover-20220922,001,1795
1578.1985,1578.2395,68437,82556,Rhinolophus ferrumequinum,0.022,0.022,-1,Echolocation,/mnt/ubna_data_02_mir/recover-20220922/UBNA_001/20220921_090000.WAV,Telephone Field,recover-20220922,001,1795
1578.2015,1578.2111,27187,38280,Eptesicus serotinus,0.009,0.022,-1,Echolocation,/mnt/ubna_data_02_mir/recover-20220922/UBNA_001/20220921_090000.WAV,Telephone Field,recover-20220922,001,1795
1578.2305,1578.2771,68437,84060,Rhinolophus ferrumequinum,0.063,0.063,-1,Echolocation,/mnt/ubna_data_02_mir/recover-20220922/UBNA_001/20220921_090000.WAV,Telephone Field,recover-20220922,001,1795
1578.2385,1578.249,23750,30430,Nyctalus leisleri,0.011,0.028,-1,Echolocation,/mnt/ubna_data_02_mir/recover-20220922/UBNA_001/20220921_090000.WAV,Telephone Field,recover-20220922,001,1795
1578.2545,1578.2639,43515,53109,Pipistrellus pipistrellus,0.014,0.022,-1,Echolocation,/mnt/ubna_data_02_mir/recover-20220922/UBNA_001/20220921_090000.WAV,Telephone Field,recover-20220922,001,1795
1578.2565,1578.2965,68437,82524,Rhinolophus ferrumequinum,0.024,0.024,-1,Echolocation,/mnt/ubna_data_02_mir/recover-20220922/UBNA_001/20220921_090000.WAV,Telephone Field,recover-20220922,001,1795
1578.2605,1578.2687,28906,40208,Eptesicus serotinus,0.008,0.023,-1,Echolocation,/mnt/ubna_data_02_mir/recover-20220922/UBNA_001/20220921_090000.WAV,Telephone Field,recover-20220922,001,1795
1578.2805,1578.3191,68437,81606,Rhinolophus ferrumequinum,0.022,0.022,-1,Echolocation,/mnt/ubna_data_02_mir/recover-20220922/UBNA_001/20220921_090000.WAV,Telephone Field,recover-20220922,001,1795
1578.3165,1578.3324,22031,25584,Nyctalus leisleri,0.019,0.03,-1,Echolocation,/mnt/ubna_data_02_mir/recover-20220922/UBNA_001/20220921_090000.WAV,Telephone Field,recover-20220922,001,1795
1578.3375,1578.3444,31484,44875,Myotis daubentonii,0.011,0.027,-1,Echolocation,/mnt/ubna_data_02_mir/recover-20220922/UBNA_001/20220921_090000.WAV,Telephone Field,recover-20220922,001,1795
1578.3375,1578.3747,68437,81226,Rhinolophus ferrumequinum,0.022,0.022,-1,Echolocation,/mnt/ubna_data_02_mir/recover-20220922/UBNA_001/20220921_090000.WAV,Telephone Field,recover-20220922,001,1795
1578.3625,1578.3982,68437,81604,Rhinolophus ferrumequinum,0.021,0.021,-1,Echolocation,/mnt/ubna_data_02_mir/recover-20220922/UBNA_001/20220921_090000.WAV,Telephone Field,recover-20220922,001,1795
1578.3985,1578.4397,68437,82588,Rhinolophus ferrumequinum,0.026,0.026,-1,Echolocation,/mnt/ubna_data_02_mir/recover-20220922/UBNA_001/20220921_090000.WAV,Telephone Field,recover-20220922,001,1795
1578.4055,1578.4151,28046,38101,Eptesicus serotinus,0.009,0.023,-1,Echolocation,/mnt/ubna_data_02_mir/recover-20220922/UBNA_001/20220921_090000.WAV,Telephone Field,recover-20220922,001,1795
1578.4255,1578.4684,68437,82804,Rhinolophus ferrumequinum,0.03,0.03,-1,Echolocation,/mnt/ubna_data_02_mir/recover-20220922/UBNA_001/20220921_090000.WAV,Telephone Field,recover-20220922,001,1795
1578.4445,1578.4541,25468,32250,Eptesicus serotinus,0.01,0.025,-1,Echolocation,/mnt/ubna_data_02_mir/recover-20220922/UBNA_001/20220921_090000.WAV,Telephone Field,recover-20220922,001,1795
1578.4715,1578.5119,68437,82202,Rhinolophus ferrumequinum,0.03,0.03,-1,Echolocation,/mnt/ubna_data_02_mir/recover-20220922/UBNA_001/20220921_090000.WAV,Telephone Field,recover-20220922,001,1795
1578.5305,1578.5709,68437,82560,Rhinolophus ferrumequinum,0.025,0.025,-1,Echolocation,/mnt/ubna_data_02_mir/recover-20220922/UBNA_001/20220921_090000.WAV,Telephone Field,recover-20220922,001,1795
1578.5345,1578.543,26328,35610,Eptesicus serotinus,0.007,0.021,-1,Echolocation,/mnt/ubna_data_02_mir/recover-20220922/UBNA_001/20220921_090000.WAV,Telephone Field,recover-20220922,001,1795
1578.5835,1578.6201,68437,82237,Rhinolophus ferrumequinum,0.029,0.029,-1,Echolocation,/mnt/ubna_data_02_mir/recover-20220922/UBNA_001/20220921_090000.WAV,Telephone Field,recover-20220922,001,1795
1578.5905,1578.6003,28906,37577,Eptesicus serotinus,0.011,0.023,-1,Echolocation,/mnt/ubna_data_02_mir/recover-20220922/UBNA_001/20220921_090000.WAV,Telephone Field,recover-20220922,001,1795
1578.6165,1578.6278,22890,27596,Nyctalus leisleri,0.011,0.023,-1,Echolocation,/mnt/ubna_data_02_mir/recover-20220922/UBNA_001/20220921_090000.WAV,Telephone Field,recover-20220922,001,1795
1578.6625,1578.6716,28046,37631,Eptesicus serotinus,0.008,0.021,-1,Echolocation,/mnt/ubna_data_02_mir/recover-20220922/UBNA_001/20220921_090000.WAV,Telephone Field,recover-20220922,001,1795
1578.6645,1578.702,68437,81377,Rhinolophus ferrumequinum,0.021,0.021,-1,Echolocation,/mnt/ubna_data_02_mir/recover-20220922/UBNA_001/20220921_090000.WAV,Telephone Field,recover-20220922,001,1795
1578.6915,1578.732,68437,82514,Rhinolophus ferrumequinum,0.024,0.024,-1,Echolocation,/mnt/ubna_data_02_mir/recover-20220922/UBNA_001/20220921_090000.WAV,Telephone Field,recover-20220922,001,1795
1578.6945,1578.7036,23750,31701,Nyctalus leisleri,0.007,0.021,-1,Echolocation,/mnt/ubna_data_02_mir/recover-20220922/UBNA_001/20220921_090000.WAV,Telephone Field,recover-20220922,001,1795
1578.7115,1578.7511,68437,82698,Rhinolophus ferrumequinum,0.027,0.027,-1,Echolocation,/mnt/ubna_data_02_mir/recover-20220922/UBNA_001/20220921_090000.WAV,Telephone Field,recover-20220922,001,1795
1578.7225,1578.7296,28046,41059,Eptesicus serotinus,0.006,0.023,-1,Echolocation,/mnt/ubna_data_02_mir/recover-20220922/UBNA_001/20220921_090000.WAV,Telephone Field,recover-20220922,001,1795
1578.7375,1578.7801,68437,82737,Rhinolophus ferrumequinum,0.023,0.023,-1,Echolocation,/mnt/ubna_data_02_mir/recover-20220922/UBNA_001/20220921_090000.WAV,Telephone Field,recover-20220922,001,1795
1578.7575,1578.7958,68437,82187,Rhinolophus ferrumequinum,0.021,0.021,-1,Echolocation,/mnt/ubna_data_02_mir/recover-20220922/UBNA_001/20220921_090000.WAV,Telephone Field,recover-20220922,001,1795
1578.7685,1578.807,68437,81731,Rhinolophus ferrumequinum,0.023,0.023,-1,Echolocation,/mnt/ubna_data_02_mir/recover-20220922/UBNA_001/20220921_090000.WAV,Telephone Field,recover-20220922,001,1795
1578.7725,1578.7835,23750,29695,Nyctalus leisleri,0.012,0.028,-1,Echolocation,/mnt/ubna_data_02_mir/recover-20220922/UBNA_001/20220921_090000.WAV,Telephone Field,recover-20220922,001,1795
1578.8045,1578.8121,28046,39943,Eptesicus serotinus,0.007,0.024,-1,Echolocation,/mnt/ubna_data_02_mir/recover-20220922/UBNA_001/20220921_090000.WAV,Telephone Field,recover-20220922,001,1795
1578.8065,1578.8434,68437,81599,Rhinolophus ferrumequinum,0.021,0.021,-1,Echolocation,/mnt/ubna_data_02_mir/recover-20220922/UBNA_001/20220921_090000.WAV,Telephone Field,recover-20220922,001,1795
1578.8065,1578.8138,47812,52596,Pipistrellus pipistrellus,0.023,0.024,-1,Echolocation,/mnt/ubna_data_02_mir/recover-20220922/UBNA_001/20220921_090000.WAV,Telephone Field,recover-20220922,001,1795
1578.8235,1578.8308,28046,40400,Eptesicus serotinus,0.008,0.026,-1,Echolocation,/mnt/ubna_data_02_mir/recover-20220922/UBNA_001/20220921_090000.WAV,Telephone Field,recover-20220922,001,1795
1578.8275,1578.8686,68437,82244,Rhinolophus ferrumequinum,0.022,0.022,-1,Echolocation,/mnt/ubna_data_02_mir/recover-20220922/UBNA_001/20220921_090000.WAV,Telephone Field,recover-20220922,001,1795
1578.8325,1578.8742,68437,82260,Rhinolophus ferrumequinum,0.022,0.022,-1,Echolocation,/mnt/ubna_data_02_mir/recover-20220922/UBNA_001/20220921_090000.WAV,Telephone Field,recover-20220922,001,1795
1578.8545,1578.8955,68437,82371,Rhinolophus ferrumequinum,0.021,0.021,-1,Echolocation,/mnt/ubna_data_02_mir/recover-20220922/UBNA_001/20220921_090000.WAV,Telephone Field,recover-20220922,001,1795
1578.8605,1578.8988,68437,82416,Rhinolophus ferrumequinum,0.021,0.021,-1,Echolocation,/mnt/ubna_data_02_mir/recover-20220922/UBNA_001/20220921_090000.WAV,Telephone Field,recover-20220922,001,1795
1578.8815,1578.9236,68437,82678,Rhinolophus ferrumequinum,0.025,0.025,-1,Echolocation,/mnt/ubna_data_02_mir/recover-20220922/UBNA_001/20220921_090000.WAV,Telephone Field,recover-20220922,001,1795
1578.8825,1578.8958,28906,34434,Eptesicus serotinus,0.034,0.052,-1,Echolocation,/mnt/ubna_data_02_mir/recover-20220922/UBNA_001/20220921_090000.WAV,Telephone Field,recover-20220922,001,1795
1578.8995,1578.9072,45234,54456,Pipistrellus pipistrellus,0.014,0.021,-1,Echolocation,/mnt/ubna_data_02_mir/recover-20220922/UBNA_001/20220921_090000.WAV,Telephone Field,recover-20220922,001,1795
1578.9015,1578.9393,68437,81534,Rhinolophus ferrumequinum,0.022,0.022,-1,Echolocation,/mnt/ubna_data_02_mir/recover-20220922/UBNA_001/20220921_090000.WAV,Telephone Field,recover-20220922,001,1795
1578.9065,1578.939,68437,80734,Rhinolophus ferrumequinum,0.021,0.021,-1,Echolocation,/mnt/ubna_data_02_mir/recover-20220922/UBNA_001/20220921_090000.WAV,Telephone Field,recover-20220922,001,1795
1578.9195,1578.9306,28046,34680,Eptesicus serotinus,0.014,0.027,-1,Echolocation,/mnt/ubna_data_02_mir/recover-20220922/UBNA_001/20220921_090000.WAV,Telephone Field,recover-20220922,001,1795
1578.9555,1578.9626,28046,40868,Eptesicus serotinus,0.009,0.027,-1,Echolocation,/mnt/ubna_data_02_mir/recover-20220922/UBNA_001/20220921_090000.WAV,Telephone Field,recover-20220922,001,1795
1578.9625,1578.9994,68437,81608,Rhinolophus ferrumequinum,0.021,0.021,-1,Echolocation,/mnt/ubna_data_02_mir/recover-20220922/UBNA_001/20220921_090000.WAV,Telephone Field,recover-20220922,001,1795
1579.0015,1579.0106,26328,34858,Eptesicus serotinus,0.011,0.026,-1,Echolocation,/mnt/ubna_data_02_mir/recover-20220922/UBNA_001/20220921_090000.WAV,Telephone Field,recover-20220922,001,1795
1579.0365,1579.0432,27187,39451,Eptesicus serotinus,0.007,0.026,-1,Echolocation,/mnt/ubna_data_02_mir/recover-20220922/UBNA_001/20220921_090000.WAV,Telephone Field,recover-20220922,001,1795
1579.0425,1579.079,68437,82357,Rhinolophus ferrumequinum,0.029,0.029,-1,Echolocation,/mnt/ubna_data_02_mir/recover-20220922/UBNA_001/20220921_090000.WAV,Telephone Field,recover-20220922,001,1795
1579.0635,1579.1023,68437,82413,Rhinolophus ferrumequinum,0.021,0.021,-1,Echolocation,/mnt/ubna_data_02_mir/recover-20220922/UBNA_001/20220921_090000.WAV,Telephone Field,recover-20220922,001,1795
1579.0775,1579.0845,28046,40496,Eptesicus serotinus,0.006,0.021,-1,Echolocation,/mnt/ubna_data_02_mir/recover-20220922/UBNA_001/20220921_090000.WAV,Telephone Field,recover-20220922,001,1795
1579.1115,1579.1195,28046,41238,Eptesicus serotinus,0.007,0.021,-1,Echolocation,/mnt/ubna_data_02_mir/recover-20220922/UBNA_001/20220921_090000.WAV,Telephone Field,recover-20220922,001,1795
1579.1115,1579.151,68437,81898,Rhinolophus ferrumequinum,0.021,0.021,-1,Echolocation,/mnt/ubna_data_02_mir/recover-20220922/UBNA_001/20220921_090000.WAV,Telephone Field,recover-20220922,001,1795
1579.1195,1579.1314,34921,40056,Eptesicus serotinus,0.007,0.028,-1,Echolocation,/mnt/ubna_data_02_mir/recover-20220922/UBNA_001/20220921_090000.WAV,Telephone Field,recover-20220922,001,1795
1579.1795,1579.1884,27187,38973,Eptesicus serotinus,0.01,0.026,-1,Echolocation,/mnt/ubna_data_02_mir/recover-20220922/UBNA_001/20220921_090000.WAV,Telephone Field,recover-20220922,001,1795
1579.1915,1579.2302,68437,82063,Rhinolophus ferrumequinum,0.021,0.021,-1,Echolocation,/mnt/ubna_data_02_mir/recover-20220922/UBNA_001/20220921_090000.WAV,Telephone Field,recover-20220922,001,1795
1579.1995,1579.236,68437,81911,Rhinolophus ferrumequinum,0.021,0.021,-1,Echolocation,/mnt/ubna_data_02_mir/recover-20220922/UBNA_001/20220921_090000.WAV,Telephone Field,recover-20220922,001,1795
1579.2205,1579.257,68437,81903,Rhinolophus ferrumequinum,0.023,0.023,-1,Echolocation,/mnt/ubna_data_02_mir/recover-20220922/UBNA_001/20220921_090000.WAV,Telephone Field,recover-20220922,001,1795
1579.2955,1579.3339,68437,82114,Rhinolophus ferrumequinum,0.021,0.021,-1,Echolocation,/mnt/ubna_data_02_mir/recover-20220922/UBNA_001/20220921_090000.WAV,Telephone Field,recover-20220922,001,1795
1579.3395,1579.3512,27187,34779,Eptesicus serotinus,0.014,0.026,-1,Echolocation,/mnt/ubna_data_02_mir/recover-20220922/UBNA_001/20220921_090000.WAV,Telephone Field,recover-20220922,001,1795
1579.3535,1579.3629,26328,34859,Eptesicus serotinus,0.015,0.032,-1,Echolocation,/mnt/ubna_data_02_mir/recover-20220922/UBNA_001/20220921_090000.WAV,Telephone Field,recover-20220922,001,1795
1579.3655,1579.4028,68437,82135,Rhinolophus ferrumequinum,0.021,0.021,-1,Echolocation,/mnt/ubna_data_02_mir/recover-20220922/UBNA_001/20220921_090000.WAV,Telephone Field,recover-20220922,001,1795
1579.4205,1579.4618,68437,82914,Rhinolophus ferrumequinum,0.034,0.034,-1,Echolocation,/mnt/ubna_data_02_mir/recover-20220922/UBNA_001/20220921_090000.WAV,Telephone Field,recover-20220922,001,1795
1579.4955,1579.5046,24609,32791,Eptesicus serotinus,0.007,0.021,-1,Echolocation,/mnt/ubna_data_02_mir/recover-20220922/UBNA_001/20220921_090000.WAV,Telephone Field,recover-20220922,001,1795
1579.4965,1579.5373,68437,83207,Rhinolophus ferrumequinum,0.025,0.025,-1,Echolocation,/mnt/ubna_data_02_mir/recover-20220922/UBNA_001/20220921_090000.WAV,Telephone Field,recover-20220922,001,1795
1579.5005,1579.5099,28906,37300,Eptesicus serotinus,0.009,0.021,-1,Echolocation,/mnt/ubna_data_02_mir/recover-20220922/UBNA_001/20220921_090000.WAV,Telephone Field,recover-20220922,001,1795
1579.5285,1579.5386,28046,37069,Eptesicus serotinus,0.009,0.022,-1,Echolocation,/mnt/ubna_data_02_mir/recover-20220922/UBNA_001/20220921_090000.WAV,Telephone Field,recover-20220922,001,1795
1579.6195,1579.6633,68437,83417,Rhinolophus ferrumequinum,0.039,0.039,-1,Echolocation,/mnt/ubna_data_02_mir/recover-20220922/UBNA_001/20220921_090000.WAV,Telephone Field,recover-20220922,001,1795
1579.6895,1579.6983,23750,30793,Plecotus austriacus,0.006,0.021,-1,Echolocation,/mnt/ubna_data_02_mir/recover-20220922/UBNA_001/20220921_090000.WAV,Telephone Field,recover-20220922,001,1795
1579.6925,1579.7304,68437,81732,Rhinolophus ferrumequinum,0.022,0.022,-1,Echolocation,/mnt/ubna_data_02_mir/recover-20220922/UBNA_001/20220921_090000.WAV,Telephone Field,recover-20220922,001,1795
1579.6975,1579.7055,23750,31272,Plecotus austriacus,0.008,0.021,-1,Echolocation,/mnt/ubna_data_02_mir/recover-20220922/UBNA_001/20220921_090000.WAV,Telephone Field,recover-20220922,001,1795
1579.7215,1579.7629,68437,82388,Rhinolophus ferrumequinum,0.024,0.024,-1,Echolocation,/mnt/ubna_data_02_mir/recover-20220922/UBNA_001/20220921_090000.WAV,Telephone Field,recover-20220922,001,1795
1579.7295,1579.7384,28046,38343,Eptesicus serotinus,0.009,0.023,-1,Echolocation,/mnt/ubna_data_02_mir/recover-20220922/UBNA_001/20220921_090000.WAV,Telephone Field,recover-20220922,001,1795
1579.7565,1579.7968,68437,82654,Rhinolophus ferrumequinum,0.026,0.026,-1,Echolocation,/mnt/ubna_data_02_mir/recover-20220922/UBNA_001/20220921_090000.WAV,Telephone Field,recover-20220922,001,1795
1579.7745,1579.8141,68437,82672,Rhinolophus ferrumequinum,0.023,0.023,-1,Echolocation,/mnt/ubna_data_02_mir/recover-20220922/UBNA_001/20220921_090000.WAV,Telephone Field,recover-20220922,001,1795
1579.8115,1579.8203,26328,39683,Eptesicus serotinus,0.009,0.024,-1,Echolocation,/mnt/ubna_data_02_mir/recover-20220922/UBNA_001/20220921_090000.WAV,Telephone Field,recover-20220922,001,1795
1579.8175,1579.854,68437,81822,Rhinolophus ferrumequinum,0.025,0.026,-1,Echolocation,/mnt/ubna_data_02_mir/recover-20220922/UBNA_001/20220921_090000.WAV,Telephone Field,recover-20220922,001,1795
1579.8175,1579.8274,27187,37392,Eptesicus serotinus,0.011,0.024,-1,Echolocation,/mnt/ubna_data_02_mir/recover-20220922/UBNA_001/20220921_090000.WAV,Telephone Field,recover-20220922,001,1795
1579.8595,1579.897,68437,81982,Rhinolophus ferrumequinum,0.024,0.024,-1,Echolocation,/mnt/ubna_data_02_mir/recover-20220922/UBNA_001/20220921_090000.WAV,Telephone Field,recover-20220922,001,1795
1579.9195,1579.9609,68437,82520,Rhinolophus ferrumequinum,0.022,0.022,-1,Echolocation,/mnt/ubna_data_02_mir/recover-20220922/UBNA_001/20220921_090000.WAV,Telephone Field,recover-20220922,001,1795
1579.9265,1579.9658,68437,82396,Rhinolophus ferrumequinum,0.021,0.021,-1,Echolocation,/mnt/ubna_data_02_mir/recover-20220922/UBNA_001/20220921_090000.WAV,Telephone Field,recover-20220922,001,1795
1579.9435,1579.9517,25468,34229,Eptesicus serotinus,0.008,0.024,-1,Echolocation,/mnt/ubna_data_02_mir/recover-20220922/UBNA_001/20220921_090000.WAV,Telephone Field,recover-20220922,001,1795
1579.9575,1579.9962,68437,82601,Rhinolophus ferrumequinum,0.024,0.024,-1,Echolocation,/mnt/ubna_data_02_mir/recover-20220922/UBNA_001/20220921_090000.WAV,Telephone Field,recover-20220922,001,1795
1579.9825,1579.9922,23750,30249,Nyctalus leisleri,0.011,0.031,-1,Echolocation,/mnt/ubna_data_02_mir/recover-20220922/UBNA_001/20220921_090000.WAV,Telephone Field,recover-20220922,001,1795
1580.0015,1580.0116,21171,26514,Nyctalus leisleri,0.01,0.026,-1,Echolocation,/mnt/ubna_data_02_mir/recover-20220922/UBNA_001/20220921_090000.WAV,Telephone Field,recover-20220922,001,1795
1580.0015,1580.01,26328,34006,Nyctalus leisleri,0.007,0.023,-1,Echolocation,/mnt/ubna_data_02_mir/recover-20220922/UBNA_001/20220921_090000.WAV,Telephone Field,recover-20220922,001,1795
1580.0015,1580.0364,68437,80191,Rhinolophus ferrumequinum,0.037,0.038,-1,Echolocation,/mnt/ubna_data_02_mir/recover-20220922/UBNA_001/20220921_090000.WAV,Telephone Field,recover-20220922,001,1795
1580.0345,1580.0784,68437,83329,Rhinolophus ferrumequinum,0.034,0.034,-1,Echolocation,/mnt/ubna_data_02_mir/recover-20220922/UBNA_001/20220921_090000.WAV,Telephone Field,recover-20220922,001,1795
1580.0685,1580.1046,68437,81410,Rhinolophus ferrumequinum,0.024,0.024,-1,Echolocation,/mnt/ubna_data_02_mir/recover-20220922/UBNA_001/20220921_090000.WAV,Telephone Field,recover-20220922,001,1795
1580.0885,1580.1284,68437,81960,Rhinolophus ferrumequinum,0.021,0.021,-1,Echolocation,/mnt/ubna_data_02_mir/recover-20220922/UBNA_001/20220921_090000.WAV,Telephone Field,recover-20220922,001,1795
1580.1155,1580.1233,28046,40170,Eptesicus serotinus,0.007,0.022,-1,Echolocation,/mnt/ubna_data_02_mir/recover-20220922/UBNA_001/20220921_090000.WAV,Telephone Field,recover-20220922,001,1795
1580.1485,1580.1555,28046,38161,Eptesicus serotinus,0.006,0.021,-1,Echolocation,/mnt/ubna_data_02_mir/recover-20220922/UBNA_001/20220921_090000.WAV,Telephone Field,recover-20220922,001,1795
1580.1495,1580.1901,68437,82637,Rhinolophus ferrumequinum,0.022,0.022,-1,Echolocation,/mnt/ubna_data_02_mir/recover-20220922/UBNA_001/20220921_090000.WAV,Telephone Field,recover-20220922,001,1795
1580.2005,1580.2115,27187,36107,Eptesicus serotinus,0.011,0.023,-1,Echolocation,/mnt/ubna_data_02_mir/recover-20220922/UBNA_001/20220921_090000.WAV,Telephone Field,recover-20220922,001,1795
1580.2065,1580.2151,27187,37304,Eptesicus serotinus,0.008,0.023,-1,Echolocation,/mnt/ubna_data_02_mir/recover-20220922/UBNA_001/20220921_090000.WAV,Telephone Field,recover-20220922,001,1795
1580.2205,1580.232,23750,29122,Nyctalus leisleri,0.015,0.033,-1,Echolocation,/mnt/ubna_data_02_mir/recover-20220922/UBNA_001/20220921_090000.WAV,Telephone Field,recover-20220922,001,1795
1580.2215,1580.2597,68437,81889,Rhinolophus ferrumequinum,0.023,0.023,-1,Echolocation,/mnt/ubna_data_02_mir/recover-20220922/UBNA_001/20220921_090000.WAV,Telephone Field,recover-20220922,001,1795
1580.2305,1580.2383,44375,49617,Pipistrellus pipistrellus,0.023,0.024,-1,Echolocation,/mnt/ubna_data_02_mir/recover-20220922/UBNA_001/20220921_090000.WAV,Telephone Field,recover-20220922,001,1795
1580.2605,1580.2972,68437,81802,Rhinolophus ferrumequinum,0.029,0.029,-1,Echolocation,/mnt/ubna_data_02_mir/recover-20220922/UBNA_001/20220921_090000.WAV,Telephone Field,recover-20220922,001,1795
1580.2785,1580.2889,25468,32475,Eptesicus serotinus,0.011,0.027,-1,Echolocation,/mnt/ubna_data_02_mir/recover-20220922/UBNA_001/20220921_090000.WAV,Telephone Field,recover-20220922,001,1795
1580.2955,1580.3333,68437,82038,Rhinolophus ferrumequinum,0.026,0.026,-1,Echolocation,/mnt/ubna_data_02_mir/recover-20220922/UBNA_001/20220921_090000.WAV,Telephone Field,recover-20220922,001,1795
1580.3145,1580.3245,28046,36469,Eptesicus serotinus,0.012,0.028,-1,Echolocation,/mnt/ubna_data_02_mir/recover-20220922/UBNA_001/20220921_090000.WAV,Telephone Field,recover-20220922,001,1795
1580.3295,1580.3628,68437,80045,Rhinolophus ferrumequinum,0.022,0.022,-1,Echolocation,/mnt/ubna_data_02_mir/recover-20220922/UBNA_001/20220921_090000.WAV,Telephone Field,recover-20220922,001,1795
1580.3985,1580.4409,68437,83278,Rhinolophus ferrumequinum,0.027,0.027,-1,Echolocation,/mnt/ubna_data_02_mir/recover-20220922/UBNA_001/20220921_090000.WAV,Telephone Field,recover-20220922,001,1795
1580.4105,1580.4216,24609,30464,Nyctalus leisleri,0.009,0.022,-1,Echolocation,/mnt/ubna_data_02_mir/recover-20220922/UBNA_001/20220921_090000.WAV,Telephone Field,recover-20220922,001,1795
1580.4235,1580.4313,28046,38799,Eptesicus serotinus,0.009,0.023,-1,Echolocation,/mnt/ubna_data_02_mir/recover-20220922/UBNA_001/20220921_090000.WAV,Telephone Field,recover-20220922,001,1795
1580.4665,1580.5039,68437,82345,Rhinolophus ferrumequinum,0.024,0.024,-1,Echolocation,/mnt/ubna_data_02_mir/recover-20220922/UBNA_001/20220921_090000.WAV,Telephone Field,recover-20220922,001,1795
1580.4735,1580.5096,68437,81637,Rhinolophus ferrumequinum,0.023,0.023,-1,Echolocation,/mnt/ubna_data_02_mir/recover-20220922/UBNA_001/20220921_090000.WAV,Telephone Field,recover-20220922,001,1795
1580.5125,1580.5509,68437,81919,Rhinolophus ferrumequinum,0.021,0.021,-1,Echolocation,/mnt/ubna_data_02_mir/recover-20220922/UBNA_001/20220921_090000.WAV,Telephone Field,recover-20220922,001,1795
1580.5315,1580.5702,68437,81974,Rhinolophus ferrumequinum,0.023,0.023,-1,Echolocation,/mnt/ubna_data_02_mir/recover-20220922/UBNA_001/20220921_090000.WAV,Telephone Field,recover-20220922,001,1795
1580.5565,1580.5637,28046,38660,Eptesicus serotinus,0.007,0.024,-1,Echolocation,/mnt/ubna_data_02_mir/recover-20220922/UBNA_001/20220921_090000.WAV,Telephone Field,recover-20220922,001,1795
1580.5665,1580.6085,68437,82407,Rhinolophus ferrumequinum,0.028,0.029,-1,Echolocation,/mnt/ubna_data_02_mir/recover-20220922/UBNA_001/20220921_090000.WAV,Telephone Field,recover-20220922,001,1795
1580.5945,1580.63,68437,80769,Rhinolophus ferrumequinum,0.025,0.025,-1,Echolocation,/mnt/ubna_data_02_mir/recover-20220922/UBNA_001/20220921_090000.WAV,Telephone Field,recover-20220922,001,1795
1580.6115,1580.6191,27187,41570,Eptesicus serotinus,0.006,0.021,-1,Echolocation,/mnt/ubna_data_02_mir/recover-20220922/UBNA_001/20220921_090000.WAV,Telephone Field,recover-20220922,001,1795
1580.6285,1580.6678,68437,82306,Rhinolophus ferrumequinum,0.026,0.026,-1,Echolocation,/mnt/ubna_data_02_mir/recover-20220922/UBNA_001/20220921_090000.WAV,Telephone Field,recover-20220922,001,1795
1580.6505,1580.6856,68437,81257,Rhinolophus ferrumequinum,0.023,0.023,-1,Echolocation,/mnt/ubna_data_02_mir/recover-20220922/UBNA_001/20220921_090000.WAV,Telephone Field,recover-20220922,001,1795
1580.6775,1580.7168,68437,81701,Rhinolophus ferrumequinum,0.022,0.022,-1,Echolocation,/mnt/ubna_data_02_mir/recover-20220922/UBNA_001/20220921_090000.WAV,Telephone Field,recover-20220922,001,1795
1580.6995,1580.738,68437,82262,Rhinolophus ferrumequinum,0.023,0.023,-1,Echolocation,/mnt/ubna_data_02_mir/recover-20220922/UBNA_001/20220921_090000.WAV,Telephone Field,recover-20220922,001,1795
1580.7335,1580.7735,68437,82341,Rhinolophus ferrumequinum,0.023,0.023,-1,Echolocation,/mnt/ubna_data_02_mir/recover-20220922/UBNA_001/20220921_090000.WAV,Telephone Field,recover-20220922,001,1795
1580.7605,1580.8002,68437,82779,Rhinolophus ferrumequinum,0.023,0.023,-1,Echolocation,/mnt/ubna_data_02_mir/recover-20220922/UBNA_001/20220921_090000.WAV,Telephone Field,recover-20220922,001,1795
1580.8375,1580.8755,68437,81952,Rhinolophus ferrumequinum,0.024,0.024,-1,Echolocation,/mnt/ubna_data_02_mir/recover-20220922/UBNA_001/20220921_090000.WAV,Telephone Field,recover-20220922,001,1795
1580.8495,1580.8915,68437,82879,Rhinolophus ferrumequinum,0.035,0.035,-1,Echolocation,/mnt/ubna_data_02_mir/recover-20220922/UBNA_001/20220921_090000.WAV,Telephone Field,recover-20220922,001,1795
1580.8895,1580.9282,68437,81977,Rhinolophus ferrumequinum,0.021,0.021,-1,Echolocation,/mnt/ubna_data_02_mir/recover-20220922/UBNA_001/20220921_090000.WAV,Telephone Field,recover-20220922,001,1795
1580.9065,1580.9501,68437,83241,Rhinolophus ferrumequinum,0.034,0.034,-1,Echolocation,/mnt/ubna_data_02_mir/recover-20220922/UBNA_001/20220921_090000.WAV,Telephone Field,recover-20220922,001,1795
1580.9425,1580.9794,68437,81769,Rhinolophus ferrumequinum,0.022,0.022,-1,Echolocation,/mnt/ubna_data_02_mir/recover-20220922/UBNA_001/20220921_090000.WAV,Telephone Field,recover-20220922,001,1795
1580.9525,1580.991,68437,82012,Rhinolophus ferrumequinum,0.023,0.023,-1,Echolocation,/mnt/ubna_data_02_mir/recover-20220922/UBNA_001/20220921_090000.WAV,Telephone Field,recover-20220922,001,1795
1580.9925,1581.0313,68437,82951,Rhinolophus ferrumequinum,0.023,0.023,-1,Echolocation,/mnt/ubna_data_02_mir/recover-20220922/UBNA_001/20220921_090000.WAV,Telephone Field,recover-20220922,001,1795
1581.0275,1581.0383,24609,31891,Eptesicus serotinus,0.008,0.023,-1,Echolocation,/mnt/ubna_data_02_mir/recover-20220922/UBNA_001/20220921_090000.WAV,Telephone Field,recover-20220922,001,1795
1581.0365,1581.0478,24609,31214,Nyctalus leisleri,0.014,0.033,-1,Echolocation,/mnt/ubna_data_02_mir/recover-20220922/UBNA_001/20220921_090000.WAV,Telephone Field,recover-20220922,001,1795
1581.0575,1581.0949,68437,82103,Rhinolophus ferrumequinum,0.022,0.022,-1,Echolocation,/mnt/ubna_data_02_mir/recover-20220922/UBNA_001/20220921_090000.WAV,Telephone Field,recover-20220922,001,1795
1581.0755,1581.1149,68437,82520,Rhinolophus ferrumequinum,0.027,0.027,-1,Echolocation,/mnt/ubna_data_02_mir/recover-20220922/UBNA_001/20220921_090000.WAV,Telephone Field,recover-20220922,001,1795
1581.0915,1581.1013,24609,31284,Nyctalus leisleri,0.007,0.021,-1,Echolocation,/mnt/ubna_data_02_mir/recover-20220922/UBNA_001/20220921_090000.WAV,Telephone Field,recover-20220922,001,1795
1581.1015,1581.1426,68437,82926,Rhinolophus ferrumequinum,0.025,0.025,-1,Echolocation,/mnt/ubna_data_02_mir/recover-20220922/UBNA_001/20220921_090000.WAV,Telephone Field,recover-20220922,001,1795
1581.1205,1581.1605,68437,82477,Rhinolophus ferrumequinum,0.022,0.022,-1,Echolocation,/mnt/ubna_data_02_mir/recover-20220922/UBNA_001/20220921_090000.WAV,Telephone Field,recover-20220922,001,1795
1581.1495,1581.1903,68437,82512,Rhinolophus ferrumequinum,0.031,0.031,-1,Echolocation,/mnt/ubna_data_02_mir/recover-20220922/UBNA_001/20220921_090000.WAV,Telephone Field,recover-20220922,001,1795
1581.1715,1581.2079,68437,81313,Rhinolophus ferrumequinum,0.022,0.022,-1,Echolocation,/mnt/ubna_data_02_mir/recover-20220922/UBNA_001/20220921_090000.WAV,Telephone Field,recover-20220922,001,1795
1581.1865,1581.198,40937,46363,Pipistrellus nathusii,0.013,0.028,-1,Echolocation,/mnt/ubna_data_02_mir/recover-20220922/UBNA_001/20220921_090000.WAV,Telephone Field,recover-20220922,001,1795
1581.1875,1581.1951,28046,38593,Eptesicus serotinus,0.007,0.022,-1,Echolocation,/mnt/ubna_data_02_mir/recover-20220922/UBNA_001/20220921_090000.WAV,Telephone Field,recover-20220922,001,1795
1581.1995,1581.2093,22890,28088,Nyctalus leisleri,0.009,0.021,-1,Echolocation,/mnt/ubna_data_02_mir/recover-20220922/UBNA_001/20220921_090000.WAV,Telephone Field,recover-20220922,001,1795
1581.2015,1581.24,68437,81665,Rhinolophus ferrumequinum,0.021,0.021,-1,Echolocation,/mnt/ubna_data_02_mir/recover-20220922/UBNA_001/20220921_090000.WAV,Telephone Field,recover-20220922,001,1795
1581.2515,1581.2885,68437,81738,Rhinolophus ferrumequinum,0.024,0.024,-1,Echolocation,/mnt/ubna_data_02_mir/recover-20220922/UBNA_001/20220921_090000.WAV,Telephone Field,recover-20220922,001,1795
1581.2875,1581.3243,68437,81728,Rhinolophus ferrumequinum,0.026,0.026,-1,Echolocation,/mnt/ubna_data_02_mir/recover-20220922/UBNA_001/20220921_090000.WAV,Telephone Field,recover-20220922,001,1795
1581.2975,1581.3347,68437,81879,Rhinolophus ferrumequinum,0.021,0.021,-1,Echolocation,/mnt/ubna_data_02_mir/recover-20220922/UBNA_001/20220921_090000.WAV,Telephone Field,recover-20220922,001,1795
1581.3145,1581.3527,68437,82135,Rhinolophus ferrumequinum,0.026,0.026,-1,Echolocation,/mnt/ubna_data_02_mir/recover-20220922/UBNA_001/20220921_090000.WAV,Telephone Field,recover-20220922,001,1795
1581.3485,1581.3575,26328,34812,Eptesicus serotinus,0.01,0.025,-1,Echolocation,/mnt/ubna_data_02_mir/recover-20220922/UBNA_001/20220921_090000.WAV,Telephone Field,recover-20220922,001,1795
1581.3595,1581.3701,23750,29636,Nyctalus leisleri,0.009,0.021,-1,Echolocation,/mnt/ubna_data_02_mir/recover-20220922/UBNA_001/20220921_090000.WAV,Telephone Field,recover-20220922,001,1795
1581.3775,1581.3852,28046,38164,Eptesicus serotinus,0.007,0.024,-1,Echolocation,/mnt/ubna_data_02_mir/recover-20220922/UBNA_001/20220921_090000.WAV,Telephone Field,recover-20220922,001,1795
1581.3955,1581.4315,68437,81006,Rhinolophus ferrumequinum,0.024,0.024,-1,Echolocation,/mnt/ubna_data_02_mir/recover-20220922/UBNA_001/20220921_090000.WAV,Telephone Field,recover-20220922,001,1795
1581.4505,1581.4899,68437,81813,Rhinolophus ferrumequinum,0.023,0.023,-1,Echolocation,/mnt/ubna_data_02_mir/recover-20220922/UBNA_001/20220921_090000.WAV,Telephone Field,recover-20220922,001,1795
1581.5215,1581.5588,68437,82141,Rhinolophus ferrumequinum,0.021,0.021,-1,Echolocation,/mnt/ubna_data_02_mir/recover-20220922/UBNA_001/20220921_090000.WAV,Telephone Field,recover-20220922,001,1795
1581.5345,1581.5752,68437,82172,Rhinolophus ferrumequinum,0.023,0.023,-1,Echolocation,/mnt/ubna_data_02_mir/recover-20220922/UBNA_001/20220921_090000.WAV,Telephone Field,recover-20220922,001,1795
1581.5425,1581.5526,23750,29470,Nyctalus leisleri,0.009,0.022,-1,Echolocation,/mnt/ubna_data_02_mir/recover-20220922/UBNA_001/20220921_090000.WAV,Telephone Field,recover-20220922,001,1795
1581.6055,1581.6151,43515,49860,Pipistrellus pipistrellus,0.016,0.022,-1,Echolocation,/mnt/ubna_data_02_mir/recover-20220922/UBNA_001/20220921_090000.WAV,Telephone Field,recover-20220922,001,1795
1581.6905,1581.6983,28046,40606,Eptesicus serotinus,0.007,0.021,-1,Echolocation,/mnt/ubna_data_02_mir/recover-20220922/UBNA_001/20220921_090000.WAV,Telephone Field,recover-20220922,001,1795
1581.7365,1581.7444,28046,38814,Eptesicus serotinus,0.007,0.021,-1,Echolocation,/mnt/ubna_data_02_mir/recover-20220922/UBNA_001/20220921_090000.WAV,Telephone Field,recover-20220922,001,1795
1581.7515,1581.7915,68437,82173,Rhinolophus ferrumequinum,0.022,0.022,-1,Echolocation,/mnt/ubna_data_02_mir/recover-20220922/UBNA_001/20220921_090000.WAV,Telephone Field,recover-20220922,001,1795
1581.7585,1581.8002,68437,82499,Rhinolophus ferrumequinum,0.022,0.022,-1,Echolocation,/mnt/ubna_data_02_mir/recover-20220922/UBNA_001/20220921_090000.WAV,Telephone Field,recover-20220922,001,1795
1581.7685,1581.777,23750,31565,Plecotus austriacus,0.007,0.022,-1,Echolocation,/mnt/ubna_data_02_mir/recover-20220922/UBNA_001/20220921_090000.WAV,Telephone Field,recover-20220922,001,1795
1581.7845,1581.8225,68437,82012,Rhinolophus ferrumequinum,0.024,0.024,-1,Echolocation,/mnt/ubna_data_02_mir/recover-20220922/UBNA_001/20220921_090000.WAV,Telephone Field,recover-20220922,001,1795
1581.8495,1581.8905,68437,82731,Rhinolophus ferrumequinum,0.021,0.021,-1,Echolocation,/mnt/ubna_data_02_mir/recover-20220922/UBNA_001/20220921_090000.WAV,Telephone Field,recover-20220922,001,1795
1581.9085,1581.9231,22890,26905,Nyctalus leisleri,0.019,0.033,-1,Echolocation,/mnt/ubna_data_02_mir/recover-20220922/UBNA_001/20220921_090000.WAV,Telephone Field,recover-20220922,001,1795
1581.9125,1581.9486,68437,81791,Rhinolophus ferrumequinum,0.023,0.023,-1,Echolocation,/mnt/ubna_data_02_mir/recover-20220922/UBNA_001/20220921_090000.WAV,Telephone Field,recover-20220922,001,1795
1581.9215,1581.9316,24609,31943,Eptesicus serotinus,0.009,0.025,-1,Echolocation,/mnt/ubna_data_02_mir/recover-20220922/UBNA_001/20220921_090000.WAV,Telephone Field,recover-20220922,001,1795
1581.9375,1581.9485,22031,28035,Nyctalus leisleri,0.016,0.044,-1,Echolocation,/mnt/ubna_data_02_mir/recover-20220922/UBNA_001/20220921_090000.WAV,Telephone Field,recover-20220922,001,1795
1581.9385,1581.9747,68437,81135,Rhinolophus ferrumequinum,0.022,0.022,-1,Echolocation,/mnt/ubna_data_02_mir/recover-20220922/UBNA_001/20220921_090000.WAV,Telephone Field,recover-20220922,001,1795
1581.9485,1581.9839,68437,81834,Rhinolophus ferrumequinum,0.022,0.022,-1,Echolocation,/mnt/ubna_data_02_mir/recover-20220922/UBNA_001/20220921_090000.WAV,Telephone Field,recover-20220922,001,1795
1582.0015,1582.0354,68437,80757,Rhinolophus ferrumequinum,0.045,0.045,-1,Echolocation,/mnt/ubna_data_02_mir/recover-20220922/UBNA_001/20220921_090000.WAV,Telephone Field,recover-20220922,001,1795
1582.0015,1582.0107,22031,27568,Nyctalus leisleri,0.01,0.027,-1,Echolocation,/mnt/ubna_data_02_mir/recover-20220922/UBNA_001/20220921_090000.WAV,Telephone Field,recover-20220922,001,1795
1582.0015,1582.0114,47812,53458,Pipistrellus pipistrellus,0.017,0.022,-1,Echolocation,/mnt/ubna_data_02_mir/recover-20220922/UBNA_001/20220921_090000.WAV,Telephone Field,recover-20220922,001,1795
1582.0295,1582.0411,25468,32294,Eptesicus serotinus,0.009,0.023,-1,Echolocation,/mnt/ubna_data_02_mir/recover-20220922/UBNA_001/20220921_090000.WAV,Telephone Field,recover-20220922,001,1795
1582.0345,1582.0448,24609,31838,Nyctalus leisleri,0.008,0.023,-1,Echolocation,/mnt/ubna_data_02_mir/recover-20220922/UBNA_001/20220921_090000.WAV,Telephone Field,recover-20220922,001,1795
1582.1065,1582.1475,68437,82795,Rhinolophus ferrumequinum,0.025,0.025,-1,Echolocation,/mnt/ubna_data_02_mir/recover-20220922/UBNA_001/20220921_090000.WAV,Telephone Field,recover-20220922,001,1795
1582.1215,1582.1577,68437,81084,Rhinolophus ferrumequinum,0.022,0.022,-1,Echolocation,/mnt/ubna_data_02_mir/recover-20220922/UBNA_001/20220921_090000.WAV,Telephone Field,recover-20220922,001,1795
1582.1995,1582.2108,44375,48639,Pipistrellus pipistrellus,0.022,0.029,-1,Echolocation,/mnt/ubna_data_02_mir/recover-20220922/UBNA_001/20220921_090000.WAV,Telephone Field,recover-20220922,001,1795
1582.2145,1582.2215,24609,34103,Plecotus austriacus,0.01,0.026,-1,Echolocation,/mnt/ubna_data_02_mir/recover-20220922/UBNA_001/20220921_090000.WAV,Telephone Field,recover-20220922,001,1795
1582.2255,1582.27,68437,83196,Rhinolophus ferrumequinum,0.049,0.049,-1,Echolocation,/mnt/ubna_data_02_mir/recover-20220922/UBNA_001/20220921_090000.WAV,Telephone Field,recover-20220922,001,1795
1582.2305,1582.2413,22890,27739,Nyctalus leisleri,0.01,0.021,-1,Echolocation,/mnt/ubna_data_02_mir/recover-20220922/UBNA_001/20220921_090000.WAV,Telephone Field,recover-20220922,001,1795
1582.2705,1582.3099,68437,82029,Rhinolophus ferrumequinum,0.023,0.023,-1,Echolocation,/mnt/ubna_data_02_mir/recover-20220922/UBNA_001/20220921_090000.WAV,Telephone Field,recover-20220922,001,1795
1582.2955,1582.3367,68437,82580,Rhinolophus ferrumequinum,0.029,0.029,-1,Echolocation,/mnt/ubna_data_02_mir/recover-20220922/UBNA_001/20220921_090000.WAV,Telephone Field,recover-20220922,001,1795
1582.3495,1582.3876,68437,81558,Rhinolophus ferrumequinum,0.026,0.026,-1,Echolocation,/mnt/ubna_data_02_mir/recover-20220922/UBNA_001/20220921_090000.WAV,Telephone Field,recover-20220922,001,1795
1582.3805,1582.4197,68437,82063,Rhinolophus ferrumequinum,0.022,0.022,-1,Echolocation,/mnt/ubna_data_02_mir/recover-20220922/UBNA_001/20220921_090000.WAV,Telephone Field,recover-20220922,001,1795
1582.3825,1582.3899,28906,37401,Eptesicus serotinus,0.014,0.038,-1,Echolocation,/mnt/ubna_data_02_mir/recover-20220922/UBNA_001/20220921_090000.WAV,Telephone Field,recover-20220922,001,1795
1582.4065,1582.4475,68437,82462,Rhinolophus ferrumequinum,0.021,0.021,-1,Echolocation,/mnt/ubna_data_02_mir/recover-20220922/UBNA_001/20220921_090000.WAV,Telephone Field,recover-20220922,001,1795
1582.4405,1582.4777,68437,81357,Rhinolophus ferrumequinum,0.022,0.022,-1,Echolocation,/mnt/ubna_data_02_mir/recover-20220922/UBNA_001/20220921_090000.WAV,Telephone Field,recover-20220922,001,1795
1582.4705,1582.5066,68437,80745,Rhinolophus ferrumequinum,0.027,0.027,-1,Echolocation,/mnt/ubna_data_02_mir/recover-20220922/UBNA_001/20220921_090000.WAV,Telephone Field,recover-20220922,001,1795
1582.5045,1582.5434,68437,81784,Rhinolophus ferrumequinum,0.023,0.023,-1,Echolocation,/mnt/ubna_data_02_mir/recover-20220922/UBNA_001/20220921_090000.WAV,Telephone Field,recover-20220922,001,1795
1582.5315,1582.5712,68437,82616,Rhinolophus ferrumequinum,0.04,0.04,-1,Echolocation,/mnt/ubna_data_02_mir/recover-20220922/UBNA_001/20220921_090000.WAV,Telephone Field,recover-20220922,001,1795
1582.5505,1582.5638,54687,60002,Pipistrellus pygmaeus,0.019,0.021,-1,Echolocation,/mnt/ubna_data_02_mir/recover-20220922/UBNA_001/20220921_090000.WAV,Telephone Field,recover-20220922,001,1795
1582.5505,1582.5912,68437,82740,Rhinolophus ferrumequinum,0.021,0.021,-1,Echolocation,/mnt/ubna_data_02_mir/recover-20220922/UBNA_001/20220921_090000.WAV,Telephone Field,recover-20220922,001,1795
1582.5755,1582.5834,28046,39359,Eptesicus serotinus,0.008,0.025,-1,Echolocation,/mnt/ubna_data_02_mir/recover-20220922/UBNA_001/20220921_090000.WAV,Telephone Field,recover-20220922,001,1795
1582.5865,1582.6246,68437,82134,Rhinolophus ferrumequinum,0.022,0.022,-1,Echolocation,/mnt/ubna_data_02_mir/recover-20220922/UBNA_001/20220921_090000.WAV,Telephone Field,recover-20220922,001,1795
1582.5985,1582.6059,27187,38169,Eptesicus serotinus,0.006,0.022,-1,Echolocation,/mnt/ubna_data_02_mir/recover-20220922/UBNA_001/20220921_090000.WAV,Telephone Field,recover-20220922,001,1795
1582.6205,1582.6309,28046,35425,Eptesicus serotinus,0.009,0.021,-1,Echolocation,/mnt/ubna_data_02_mir/recover-20220922/UBNA_001/20220921_090000.WAV,Telephone Field,recover-20220922,001,1795
1582.6235,1582.667,68437,83354,Rhinolophus ferrumequinum,0.031,0.031,-1,Echolocation,/mnt/ubna_data_02_mir/recover-20220922/UBNA_001/20220921_090000.WAV,Telephone Field,recover-20220922,001,1795
1582.6695,1582.7115,68437,82432,Rhinolophus ferrumequinum,0.021,0.021,-1,Echolocation,/mnt/ubna_data_02_mir/recover-20220922/UBNA_001/20220921_090000.WAV,Telephone Field,recover-20220922,001,1795
1582.7045,1582.7431,68437,82216,Rhinolophus ferrumequinum,0.022,0.022,-1,Echolocation,/mnt/ubna_data_02_mir/recover-20220922/UBNA_001/20220921_090000.WAV,Telephone Field,recover-20220922,001,1795
1582.7555,1582.7944,68437,82119,Rhinolophus ferrumequinum,0.022,0.022,-1,Echolocation,/mnt/ubna_data_02_mir/recover-20220922/UBNA_001/20220921_090000.WAV,Telephone Field,recover-20220922,001,1795
1582.7865,1582.8211000000001,68437,80647,Rhinolophus ferrumequinum,0.021,0.021,-1,Echolocation,/mnt/ubna_data_02_mir/recover-20220922/UBNA_001/20220921_090000.WAV,Telephone Field,recover-20220922,001,1795
1582.8095,1582.8194,32343,38253,Barbastellus barbastellus,0.014,0.034,-1,Echolocation,/mnt/ubna_data_02_mir/recover-20220922/UBNA_001/20220921_090000.WAV,Telephone Field,recover-20220922,001,1795
1582.8235,1582.8632,68437,82186,Rhinolophus ferrumequinum,0.024,0.024,-1,Echolocation,/mnt/ubna_data_02_mir/recover-20220922/UBNA_001/20220921_090000.WAV,Telephone Field,recover-20220922,001,1795
1582.8435,1582.853,28046,36761,Eptesicus serotinus,0.009,0.022,-1,Echolocation,/mnt/ubna_data_02_mir/recover-20220922/UBNA_001/20220921_090000.WAV,Telephone Field,recover-20220922,001,1795
1582.8555,1582.895,68437,82571,Rhinolophus ferrumequinum,0.021,0.021,-1,Echolocation,/mnt/ubna_data_02_mir/recover-20220922/UBNA_001/20220921_090000.WAV,Telephone Field,recover-20220922,001,1795
1582.9465,1582.9846,68437,82190,Rhinolophus ferrumequinum,0.022,0.022,-1,Echolocation,/mnt/ubna_data_02_mir/recover-20220922/UBNA_001/20220921_090000.WAV,Telephone Field,recover-20220922,001,1795
1582.9695,1582.9787,28046,36438,Eptesicus serotinus,0.008,0.021,-1,Echolocation,/mnt/ubna_data_02_mir/recover-20220922/UBNA_001/20220921_090000.WAV,Telephone Field,recover-20220922,001,1795
1582.9815,1583.0206,68437,81915,Rhinolophus ferrumequinum,0.021,0.021,-1,Echolocation,/mnt/ubna_data_02_mir/recover-20220922/UBNA_001/20220921_090000.WAV,Telephone Field,recover-20220922,001,1795
1583.0155,1583.0567,68437,82833,Rhinolophus ferrumequinum,0.021,0.021,-1,Echolocation,/mnt/ubna_data_02_mir/recover-20220922/UBNA_001/20220921_090000.WAV,Telephone Field,recover-20220922,001,1795
1583.0175,1583.0255,28046,37908,Eptesicus serotinus,0.007,0.022,-1,Echolocation,/mnt/ubna_data_02_mir/recover-20220922/UBNA_001/20220921_090000.WAV,Telephone Field,recover-20220922,001,1795
1583.0325,1583.0732,68437,82140,Rhinolophus ferrumequinum,0.022,0.022,-1,Echolocation,/mnt/ubna_data_02_mir/recover-20220922/UBNA_001/20220921_090000.WAV,Telephone Field,recover-20220922,001,1795
1583.0835,1583.0944,15156,21643,Nyctalus noctula,0.013,0.024,-1,Echolocation,/mnt/ubna_data_02_mir/recover-20220922/UBNA_001/20220921_090000.WAV,Telephone Field,recover-20220922,001,1795
1583.1065,1583.1178,22031,26053,Nyctalus leisleri,0.012,0.021,-1,Echolocation,/mnt/ubna_data_02_mir/recover-20220922/UBNA_001/20220921_090000.WAV,Telephone Field,recover-20220922,001,1795
1583.1095,1583.1564,68437,83718,Rhinolophus ferrumequinum,0.078,0.078,-1,Echolocation,/mnt/ubna_data_02_mir/recover-20220922/UBNA_001/20220921_090000.WAV,Telephone Field,recover-20220922,001,1795
1583.1315,1583.1713,68437,82226,Rhinolophus ferrumequinum,0.025,0.025,-1,Echolocation,/mnt/ubna_data_02_mir/recover-20220922/UBNA_001/20220921_090000.WAV,Telephone Field,recover-20220922,001,1795
1583.1355,1583.1445,26328,36318,Eptesicus serotinus,0.009,0.025,-1,Echolocation,/mnt/ubna_data_02_mir/recover-20220922/UBNA_001/20220921_090000.WAV,Telephone Field,recover-20220922,001,1795
1583.1405,1583.1826,68437,83377,Rhinolophus ferrumequinum,0.023,0.023,-1,Echolocation,/mnt/ubna_data_02_mir/recover-20220922/UBNA_001/20220921_090000.WAV,Telephone Field,recover-20220922,001,1795
1583.1785,1583.2187,68437,82706,Rhinolophus ferrumequinum,0.031,0.031,-1,Echolocation,/mnt/ubna_data_02_mir/recover-20220922/UBNA_001/20220921_090000.WAV,Telephone Field,recover-20220922,001,1795
1583.1805,1583.1893,28046,36609,Eptesicus serotinus,0.008,0.023,-1,Echolocation,/mnt/ubna_data_02_mir/recover-20220922/UBNA_001/20220921_090000.WAV,Telephone Field,recover-20220922,001,1795
1583.2015,1583.2429,68437,82805,Rhinolophus ferrumequinum,0.024,0.024,-1,Echolocation,/mnt/ubna_data_02_mir/recover-20220922/UBNA_001/20220921_090000.WAV,Telephone Field,recover-20220922,001,1795
1583.2135,1583.2307,22031,25641,Nyctalus leisleri,0.017,0.027,-1,Echolocation,/mnt/ubna_data_02_mir/recover-20220922/UBNA_001/20220921_090000.WAV,Telephone Field,recover-20220922,001,1795
1583.2495,1583.2893,68437,81935,Rhinolophus ferrumequinum,0.021,0.021,-1,Echolocation,/mnt/ubna_data_02_mir/recover-20220922/UBNA_001/20220921_090000.WAV,Telephone Field,recover-20220922,001,1795
1583.2705,1583.279,28046,38758,Eptesicus serotinus,0.007,0.023,-1,Echolocation,/mnt/ubna_data_02_mir/recover-20220922/UBNA_001/20220921_090000.WAV,Telephone Field,recover-20220922,001,1795
1583.2795,1583.3175,68437,82409,Rhinolophus ferrumequinum,0.022,0.022,-1,Echolocation,/mnt/ubna_data_02_mir/recover-20220922/UBNA_001/20220921_090000.WAV,Telephone Field,recover-20220922,001,1795
1583.3105,1583.3484,68437,81970,Rhinolophus ferrumequinum,0.021,0.021,-1,Echolocation,/mnt/ubna_data_02_mir/recover-20220922/UBNA_001/20220921_090000.WAV,Telephone Field,recover-20220922,001,1795
1583.3155,1583.3269,15156,20835,Nyctalus noctula,0.017,0.028,-1,Echolocation,/mnt/ubna_data_02_mir/recover-20220922/UBNA_001/20220921_090000.WAV,Telephone Field,recover-20220922,001,1795
1583.3335,1583.3715,68437,81598,Rhinolophus ferrumequinum,0.021,0.021,-1,Echolocation,/mnt/ubna_data_02_mir/recover-20220922/UBNA_001/20220921_090000.WAV,Telephone Field,recover-20220922,001,1795
1583.3415,1583.348,27187,38804,Eptesicus serotinus,0.005,0.022,-1,Echolocation,/mnt/ubna_data_02_mir/recover-20220922/UBNA_001/20220921_090000.WAV,Telephone Field,recover-20220922,001,1795
1583.3925,1583.4025,24609,31189,Nyctalus leisleri,0.01,0.025,-1,Echolocation,/mnt/ubna_data_02_mir/recover-20220922/UBNA_001/20220921_090000.WAV,Telephone Field,recover-20220922,001,1795
1583.4195,1583.4571,68437,81904,Rhinolophus ferrumequinum,0.034,0.034,-1,Echolocation,/mnt/ubna_data_02_mir/recover-20220922/UBNA_001/20220921_090000.WAV,Telephone Field,recover-20220922,001,1795
1583.4385,1583.4798,68437,82915,Rhinolophus ferrumequinum,0.028,0.028,-1,Echolocation,/mnt/ubna_data_02_mir/recover-20220922/UBNA_001/20220921_090000.WAV,Telephone Field,recover-20220922,001,1795
1583.4445,1583.4515,27187,36631,Eptesicus serotinus,0.008,0.027,-1,Echolocation,/mnt/ubna_data_02_mir/recover-20220922/UBNA_001/20220921_090000.WAV,Telephone Field,recover-20220922,001,1795
1583.4605,1583.501,68437,82397,Rhinolophus ferrumequinum,0.022,0.022,-1,Echolocation,/mnt/ubna_data_02_mir/recover-20220922/UBNA_001/20220921_090000.WAV,Telephone Field,recover-20220922,001,1795
1583.4735,1583.4921,22890,25737,Nyctalus leisleri,0.074,0.091,-1,Echolocation,/mnt/ubna_data_02_mir/recover-20220922/UBNA_001/20220921_090000.WAV,Telephone Field,recover-20220922,001,1795
1583.5015,1583.5388,68437,82279,Rhinolophus ferrumequinum,0.021,0.021,-1,Echolocation,/mnt/ubna_data_02_mir/recover-20220922/UBNA_001/20220921_090000.WAV,Telephone Field,recover-20220922,001,1795
1583.5435,1583.5833,68437,82112,Rhinolophus ferrumequinum,0.025,0.025,-1,Echolocation,/mnt/ubna_data_02_mir/recover-20220922/UBNA_001/20220921_090000.WAV,Telephone Field,recover-20220922,001,1795
1583.5665,1583.6065,68437,81839,Rhinolophus ferrumequinum,0.021,0.021,-1,Echolocation,/mnt/ubna_data_02_mir/recover-20220922/UBNA_001/20220921_090000.WAV,Telephone Field,recover-20220922,001,1795
1583.5895,1583.6309,68437,82746,Rhinolophus ferrumequinum,0.029,0.029,-1,Echolocation,/mnt/ubna_data_02_mir/recover-20220922/UBNA_001/20220921_090000.WAV,Telephone Field,recover-20220922,001,1795
1583.5915,1583.6003,25468,33262,Eptesicus serotinus,0.008,0.023,-1,Echolocation,/mnt/ubna_data_02_mir/recover-20220922/UBNA_001/20220921_090000.WAV,Telephone Field,recover-20220922,001,1795
1583.6265,1583.6347,34062,42661,Myotis daubentonii,0.012,0.029,-1,Echolocation,/mnt/ubna_data_02_mir/recover-20220922/UBNA_001/20220921_090000.WAV,Telephone Field,recover-20220922,001,1795
1583.6285,1583.6362,28046,38824,Eptesicus serotinus,0.007,0.022,-1,Echolocation,/mnt/ubna_data_02_mir/recover-20220922/UBNA_001/20220921_090000.WAV,Telephone Field,recover-20220922,001,1795
1583.6375,1583.6784,68437,82003,Rhinolophus ferrumequinum,0.022,0.022,-1,Echolocation,/mnt/ubna_data_02_mir/recover-20220922/UBNA_001/20220921_090000.WAV,Telephone Field,recover-20220922,001,1795
1583.6945,1583.7347,68437,81934,Rhinolophus ferrumequinum,0.027,0.027,-1,Echolocation,/mnt/ubna_data_02_mir/recover-20220922/UBNA_001/20220921_090000.WAV,Telephone Field,recover-20220922,001,1795
1583.7335,1583.7741,68437,82034,Rhinolophus ferrumequinum,0.027,0.027,-1,Echolocation,/mnt/ubna_data_02_mir/recover-20220922/UBNA_001/20220921_090000.WAV,Telephone Field,recover-20220922,001,1795
1583.7455,1583.7844,68437,81672,Rhinolophus ferrumequinum,0.021,0.021,-1,Echolocation,/mnt/ubna_data_02_mir/recover-20220922/UBNA_001/20220921_090000.WAV,Telephone Field,recover-20220922,001,1795
1583.7585,1583.7961,68437,81757,Rhinolophus ferrumequinum,0.021,0.022,-1,Echolocation,/mnt/ubna_data_02_mir/recover-20220922/UBNA_001/20220921_090000.WAV,Telephone Field,recover-20220922,001,1795
1583.7775,1583.8167,68437,81576,Rhinolophus ferrumequinum,0.024,0.024,-1,Echolocation,/mnt/ubna_data_02_mir/recover-20220922/UBNA_001/20220921_090000.WAV,Telephone Field,recover-20220922,001,1795
1583.7845,1583.825,68437,82221,Rhinolophus ferrumequinum,0.024,0.024,-1,Echolocation,/mnt/ubna_data_02_mir/recover-20220922/UBNA_001/20220921_090000.WAV,Telephone Field,recover-20220922,001,1795
1583.8005,1583.8122,28046,35003,Eptesicus serotinus,0.012,0.025,-1,Echolocation,/mnt/ubna_data_02_mir/recover-20220922/UBNA_001/20220921_090000.WAV,Telephone Field,recover-20220922,001,1795
1583.8125,1583.8216,28906,38309,Eptesicus serotinus,0.009,0.022,-1,Echolocation,/mnt/ubna_data_02_mir/recover-20220922/UBNA_001/20220921_090000.WAV,Telephone Field,recover-20220922,001,1795
1583.8465,1583.8871,68437,82497,Rhinolophus ferrumequinum,0.022,0.022,-1,Echolocation,/mnt/ubna_data_02_mir/recover-20220922/UBNA_001/20220921_090000.WAV,Telephone Field,recover-20220922,001,1795
1583.8865,1583.9244,68437,82540,Rhinolophus ferrumequinum,0.027,0.027,-1,Echolocation,/mnt/ubna_data_02_mir/recover-20220922/UBNA_001/20220921_090000.WAV,Telephone Field,recover-20220922,001,1795
1583.9055,1583.9438,68437,82450,Rhinolophus ferrumequinum,0.021,0.021,-1,Echolocation,/mnt/ubna_data_02_mir/recover-20220922/UBNA_001/20220921_090000.WAV,Telephone Field,recover-20220922,001,1795
1583.9165,1583.9548,68437,81622,Rhinolophus ferrumequinum,0.023,0.023,-1,Echolocation,/mnt/ubna_data_02_mir/recover-20220922/UBNA_001/20220921_090000.WAV,Telephone Field,recover-20220922,001,1795
1583.9255,1583.9638,68437,81981,Rhinolophus ferrumequinum,0.021,0.021,-1,Echolocation,/mnt/ubna_data_02_mir/recover-20220922/UBNA_001/20220921_090000.WAV,Telephone Field,recover-20220922,001,1795
1583.9375,1583.9775,68437,82300,Rhinolophus ferrumequinum,0.022,0.022,-1,Echolocation,/mnt/ubna_data_02_mir/recover-20220922/UBNA_001/20220921_090000.WAV,Telephone Field,recover-20220922,001,1795
1583.9525,1583.9624,27187,36293,Eptesicus serotinus,0.01,0.021,-1,Echolocation,/mnt/ubna_data_02_mir/recover-20220922/UBNA_001/20220921_090000.WAV,Telephone Field,recover-20220922,001,1795
1583.9855,1583.9953,28046,36609,Eptesicus serotinus,0.011,0.025,-1,Echolocation,/mnt/ubna_data_02_mir/recover-20220922/UBNA_001/20220921_090000.WAV,Telephone Field,recover-20220922,001,1795
1584.0015,1584.0165,22031,27502,Nyctalus leisleri,0.021,0.045,-1,Echolocation,/mnt/ubna_data_02_mir/recover-20220922/UBNA_001/20220921_090000.WAV,Telephone Field,recover-20220922,001,1795
1584.0015,1584.0342,68437,79957,Rhinolophus ferrumequinum,0.032,0.032,-1,Echolocation,/mnt/ubna_data_02_mir/recover-20220922/UBNA_001/20220921_090000.WAV,Telephone Field,recover-20220922,001,1795
1584.0015,1584.0097,47812,55755,Pipistrellus pipistrellus,0.019,0.025,-1,Echolocation,/mnt/ubna_data_02_mir/recover-20220922/UBNA_001/20220921_090000.WAV,Telephone Field,recover-20220922,001,1795
1584.0135,1584.0239,22890,26735,Nyctalus leisleri,0.014,0.024,-1,Echolocation,/mnt/ubna_data_02_mir/recover-20220922/UBNA_001/20220921_090000.WAV,Telephone Field,recover-20220922,001,1795
1584.0345,1584.0757,68437,82902,Rhinolophus ferrumequinum,0.041,0.041,-1,Echolocation,/mnt/ubna_data_02_mir/recover-20220922/UBNA_001/20220921_090000.WAV,Telephone Field,recover-20220922,001,1795
1584.0415,1584.0514,23750,29778,Nyctalus leisleri,0.008,0.021,-1,Echolocation,/mnt/ubna_data_02_mir/recover-20220922/UBNA_001/20220921_090000.WAV,Telephone Field,recover-20220922,001,1795
1584.0595,1584.0702,22031,26918,Nyctalus leisleri,0.01,0.021,-1,Echolocation,/mnt/ubna_data_02_mir/recover-20220922/UBNA_001/20220921_090000.WAV,Telephone Field,recover-20220922,001,1795
1584.0685,1584.1078,68437,82574,Rhinolophus ferrumequinum,0.021,0.021,-1,Echolocation,/mnt/ubna_data_02_mir/recover-20220922/UBNA_001/20220921_090000.WAV,Telephone Field,recover-20220922,001,1795
1584.0865,1584.129,68437,82615,Rhinolophus ferrumequinum,0.027,0.028,-1,Echolocation,/mnt/ubna_data_02_mir/recover-20220922/UBNA_001/20220921_090000.WAV,Telephone Field,recover-20220922,001,1795
1584.1075,1584.145,68437,81526,Rhinolophus ferrumequinum,0.021,0.021,-1,Echolocation,/mnt/ubna_data_02_mir/recover-20220922/UBNA_001/20220921_090000.WAV,Telephone Field,recover-20220922,001,1795
1584.1785,1584.1883,24609,31547,Nyctalus leisleri,0.009,0.025,-1,Echolocation,/mnt/ubna_data_02_mir/recover-20220922/UBNA_001/20220921_090000.WAV,Telephone Field,recover-20220922,001,1795
1584.1785,1584.2152,68437,81591,Rhinolophus ferrumequinum,0.021,0.021,-1,Echolocation,/mnt/ubna_data_02_mir/recover-20220922/UBNA_001/20220921_090000.WAV,Telephone Field,recover-20220922,001,1795
1584.2035,1584.2423,68437,82140,Rhinolophus ferrumequinum,0.021,0.021,-1,Echolocation,/mnt/ubna_data_02_mir/recover-20220922/UBNA_001/20220921_090000.WAV,Telephone Field,recover-20220922,001,1795
1584.2115,1584.2193,25468,34399,Eptesicus serotinus,0.008,0.022,-1,Echolocation,/mnt/ubna_data_02_mir/recover-20220922/UBNA_001/20220921_090000.WAV,Telephone Field,recover-20220922,001,1795
1584.2445,1584.2824,68437,82023,Rhinolophus ferrumequinum,0.023,0.023,-1,Echolocation,/mnt/ubna_data_02_mir/recover-20220922/UBNA_001/20220921_090000.WAV,Telephone Field,recover-20220922,001,1795
1584.2575,1584.297,68437,82010,Rhinolophus ferrumequinum,0.022,0.022,-1,Echolocation,/mnt/ubna_data_02_mir/recover-20220922/UBNA_001/20220921_090000.WAV,Telephone Field,recover-20220922,001,1795
1584.2645,1584.3037,68437,81744,Rhinolophus ferrumequinum,0.022,0.022,-1,Echolocation,/mnt/ubna_data_02_mir/recover-20220922/UBNA_001/20220921_090000.WAV,Telephone Field,recover-20220922,001,1795
1584.2945,1584.3033,28046,38969,Eptesicus serotinus,0.007,0.021,-1,Echolocation,/mnt/ubna_data_02_mir/recover-20220922/UBNA_001/20220921_090000.WAV,Telephone Field,recover-20220922,001,1795
1584.3205,1584.3298,28046,36801,Eptesicus serotinus,0.013,0.027,-1,Echolocation,/mnt/ubna_data_02_mir/recover-20220922/UBNA_001/20220921_090000.WAV,Telephone Field,recover-20220922,001,1795
1584.3385,1584.3493,22890,27801,Nyctalus leisleri,0.011,0.023,-1,Echolocation,/mnt/ubna_data_02_mir/recover-20220922/UBNA_001/20220921_090000.WAV,Telephone Field,recover-20220922,001,1795
1584.3825,1584.4261,68437,83400,Rhinolophus ferrumequinum,0.029,0.029,-1,Echolocation,/mnt/ubna_data_02_mir/recover-20220922/UBNA_001/20220921_090000.WAV,Telephone Field,recover-20220922,001,1795
1584.4255,1584.4653,68437,82290,Rhinolophus ferrumequinum,0.021,0.021,-1,Echolocation,/mnt/ubna_data_02_mir/recover-20220922/UBNA_001/20220921_090000.WAV,Telephone Field,recover-20220922,001,1795
1584.4525,1584.4605999999999,23750,31237,Plecotus austriacus,0.009,0.025,-1,Echolocation,/mnt/ubna_data_02_mir/recover-20220922/UBNA_001/20220921_090000.WAV,Telephone Field,recover-20220922,001,1795
1584.4835,1584.4919,28046,38321,Eptesicus serotinus,0.008,0.022,-1,Echolocation,/mnt/ubna_data_02_mir/recover-20220922/UBNA_001/20220921_090000.WAV,Telephone Field,recover-20220922,001,1795
1584.5035,1584.5414,68437,81292,Rhinolophus ferrumequinum,0.023,0.023,-1,Echolocation,/mnt/ubna_data_02_mir/recover-20220922/UBNA_001/20220921_090000.WAV,Telephone Field,recover-20220922,001,1795
1584.5125,1584.5498,68437,81390,Rhinolophus ferrumequinum,0.025,0.025,-1,Echolocation,/mnt/ubna_data_02_mir/recover-20220922/UBNA_001/20220921_090000.WAV,Telephone Field,recover-20220922,001,1795
1584.5525,1584.59,68437,81701,Rhinolophus ferrumequinum,0.024,0.024,-1,Echolocation,/mnt/ubna_data_02_mir/recover-20220922/UBNA_001/20220921_090000.WAV,Telephone Field,recover-20220922,001,1795
1584.5555,1584.5642,29765,39437,Eptesicus serotinus,0.006,0.021,-1,Echolocation,/mnt/ubna_data_02_mir/recover-20220922/UBNA_001/20220921_090000.WAV,Telephone Field,recover-20220922,001,1795
1584.5805,1584.5902,45234,49184,Pipistrellus pipistrellus,0.032,0.034,-1,Echolocation,/mnt/ubna_data_02_mir/recover-20220922/UBNA_001/20220921_090000.WAV,Telephone Field,recover-20220922,001,1795
1584.6285,1584.6674,68437,81806,Rhinolophus ferrumequinum,0.021,0.021,-1,Echolocation,/mnt/ubna_data_02_mir/recover-20220922/UBNA_001/20220921_090000.WAV,Telephone Field,recover-20220922,001,1795
1584.6355,1584.6457,28906,37093,Eptesicus serotinus,0.012,0.027,-1,Echolocation,/mnt/ubna_data_02_mir/recover-20220922/UBNA_001/20220921_090000.WAV,Telephone Field,recover-20220922,001,1795
1584.6475,1584.6879,68437,82368,Rhinolophus ferrumequinum,0.022,0.022,-1,Echolocation,/mnt/ubna_data_02_mir/recover-20220922/UBNA_001/20220921_090000.WAV,Telephone Field,recover-20220922,001,1795
1584.6885,1584.6951,27187,42845,Eptesicus serotinus,0.006,0.024,-1,Echolocation,/mnt/ubna_data_02_mir/recover-20220922/UBNA_001/20220921_090000.WAV,Telephone Field,recover-20220922,001,1795
1584.6995,1584.7082,46953,50485,Pipistrellus pipistrellus,0.025,0.027,-1,Echolocation,/mnt/ubna_data_02_mir/recover-20220922/UBNA_001/20220921_090000.WAV,Telephone Field,recover-20220922,001,1795
1584.7225,1584.7307,28906,38436,Eptesicus serotinus,0.008,0.024,-1,Echolocation,/mnt/ubna_data_02_mir/recover-20220922/UBNA_001/20220921_090000.WAV,Telephone Field,recover-20220922,001,1795
1584.7335,1584.7447,43515,49313,Pipistrellus pipistrellus,0.018,0.024,-1,Echolocation,/mnt/ubna_data_02_mir/recover-20220922/UBNA_001/20220921_090000.WAV,Telephone Field,recover-20220922,001,1795
1584.7505,1584.7868,68437,81266,Rhinolophus ferrumequinum,0.024,0.024,-1,Echolocation,/mnt/ubna_data_02_mir/recover-20220922/UBNA_001/20220921_090000.WAV,Telephone Field,recover-20220922,001,1795
1584.7785,1584.7885,28906,38707,Eptesicus serotinus,0.012,0.026,-1,Echolocation,/mnt/ubna_data_02_mir/recover-20220922/UBNA_001/20220921_090000.WAV,Telephone Field,recover-20220922,001,1795
1584.7945,1584.8048,28906,36027,Eptesicus serotinus,0.011,0.025,-1,Echolocation,/mnt/ubna_data_02_mir/recover-20220922/UBNA_001/20220921_090000.WAV,Telephone Field,recover-20220922,001,1795
1584.8045,1584.8167,23750,28487,Nyctalus leisleri,0.017,0.032,-1,Echolocation,/mnt/ubna_data_02_mir/recover-20220922/UBNA_001/20220921_090000.WAV,Telephone Field,recover-20220922,001,1795
1584.8255,1584.8331,27187,36384,Eptesicus serotinus,0.009,0.024,-1,Echolocation,/mnt/ubna_data_02_mir/recover-20220922/UBNA_001/20220921_090000.WAV,Telephone Field,recover-20220922,001,1795
1584.8345,1584.8701,68437,80777,Rhinolophus ferrumequinum,0.021,0.021,-1,Echolocation,/mnt/ubna_data_02_mir/recover-20220922/UBNA_001/20220921_090000.WAV,Telephone Field,recover-20220922,001,1795
1584.8395,1584.8764,68437,81327,Rhinolophus ferrumequinum,0.021,0.021,-1,Echolocation,/mnt/ubna_data_02_mir/recover-20220922/UBNA_001/20220921_090000.WAV,Telephone Field,recover-20220922,001,1795
1584.8675,1584.8796,23750,28616,Nyctalus leisleri,0.015,0.029,-1,Echolocation,/mnt/ubna_data_02_mir/recover-20220922/UBNA_001/20220921_090000.WAV,Telephone Field,recover-20220922,001,1795
1584.8695,1584.8785,56406,60654,Pipistrellus pygmaeus,0.021,0.022,-1,Echolocation,/mnt/ubna_data_02_mir/recover-20220922/UBNA_001/20220921_090000.WAV,Telephone Field,recover-20220922,001,1795
1584.8805,1584.8894,28046,37912,Eptesicus serotinus,0.009,0.022,-1,Echolocation,/mnt/ubna_data_02_mir/recover-20220922/UBNA_001/20220921_090000.WAV,Telephone Field,recover-20220922,001,1795
1584.9185,1584.9287,23750,30173,Nyctalus leisleri,0.009,0.021,-1,Echolocation,/mnt/ubna_data_02_mir/recover-20220922/UBNA_001/20220921_090000.WAV,Telephone Field,recover-20220922,001,1795
1584.9295,1584.967,68437,82283,Rhinolophus ferrumequinum,0.025,0.025,-1,Echolocation,/mnt/ubna_data_02_mir/recover-20220922/UBNA_001/20220921_090000.WAV,Telephone Field,recover-20220922,001,1795
1584.9605,1584.9688,27187,38392,Eptesicus serotinus,0.008,0.023,-1,Echolocation,/mnt/ubna_data_02_mir/recover-20220922/UBNA_001/20220921_090000.WAV,Telephone Field,recover-20220922,001,1795
1584.9675,1584.9886,18593,21066,Nyctalus noctula,0.011,0.022,-1,Echolocation,/mnt/ubna_data_02_mir/recover-20220922/UBNA_001/20220921_090000.WAV,Telephone Field,recover-20220922,001,1795
1584.9805,1584.9886,27187,37955,Eptesicus serotinus,0.008,0.024,-1,Echolocation,/mnt/ubna_data_02_mir/recover-20220922/UBNA_001/20220921_090000.WAV,Telephone Field,recover-20220922,001,1795
1585.0105,1585.0184,23750,34007,Plecotus austriacus,0.011,0.029,-1,Echolocation,/mnt/ubna_data_02_mir/recover-20220922/UBNA_001/20220921_090000.WAV,Telephone Field,recover-20220922,001,1795
1585.0205,1585.0334,22890,26955,Nyctalus leisleri,0.015,0.024,-1,Echolocation,/mnt/ubna_data_02_mir/recover-20220922/UBNA_001/20220921_090000.WAV,Telephone Field,recover-20220922,001,1795
1585.0565,1585.0772,19453,22230,Nyctalus leisleri,0.013,0.028,-1,Echolocation,/mnt/ubna_data_02_mir/recover-20220922/UBNA_001/20220921_090000.WAV,Telephone Field,recover-20220922,001,1795
1585.0705,1585.1091,68437,82385,Rhinolophus ferrumequinum,0.023,0.023,-1,Echolocation,/mnt/ubna_data_02_mir/recover-20220922/UBNA_001/20220921_090000.WAV,Telephone Field,recover-20220922,001,1795
1585.0985,1585.1051,45234,49309,Pipistrellus pipistrellus,0.027,0.028,-1,Echolocation,/mnt/ubna_data_02_mir/recover-20220922/UBNA_001/20220921_090000.WAV,Telephone Field,recover-20220922,001,1795
1585.1045,1585.1436,68437,82194,Rhinolophus ferrumequinum,0.021,0.021,-1,Echolocation,/mnt/ubna_data_02_mir/recover-20220922/UBNA_001/20220921_090000.WAV,Telephone Field,recover-20220922,001,1795
1585.1115,1585.1519,68437,82457,Rhinolophus ferrumequinum,0.023,0.023,-1,Echolocation,/mnt/ubna_data_02_mir/recover-20220922/UBNA_001/20220921_090000.WAV,Telephone Field,recover-20220922,001,1795
1585.1175,1585.1284,22890,27763,Nyctalus leisleri,0.011,0.022,-1,Echolocation,/mnt/ubna_data_02_mir/recover-20220922/UBNA_001/20220921_090000.WAV,Telephone Field,recover-20220922,001,1795
1585.1395,1585.1824,68437,83166,Rhinolophus ferrumequinum,0.024,0.024,-1,Echolocation,/mnt/ubna_data_02_mir/recover-20220922/UBNA_001/20220921_090000.WAV,Telephone Field,recover-20220922,001,1795
1585.1675,1585.2087,68437,83086,Rhinolophus ferrumequinum,0.029,0.029,-1,Echolocation,/mnt/ubna_data_02_mir/recover-20220922/UBNA_001/20220921_090000.WAV,Telephone Field,recover-20220922,001,1795
1585.1945,1585.2019,26328,38415,Eptesicus serotinus,0.006,0.024,-1,Echolocation,/mnt/ubna_data_02_mir/recover-20220922/UBNA_001/20220921_090000.WAV,Telephone Field,recover-20220922,001,1795
1585.1995,1585.2384,68437,82093,Rhinolophus ferrumequinum,0.022,0.022,-1,Echolocation,/mnt/ubna_data_02_mir/recover-20220922/UBNA_001/20220921_090000.WAV,Telephone Field,recover-20220922,001,1795
1585.2155,1585.2561,68437,82727,Rhinolophus ferrumequinum,0.025,0.025,-1,Echolocation,/mnt/ubna_data_02_mir/recover-20220922/UBNA_001/20220921_090000.WAV,Telephone Field,recover-20220922,001,1795
1585.2345,1585.2429,28046,39290,Eptesicus serotinus,0.008,0.023,-1,Echolocation,/mnt/ubna_data_02_mir/recover-20220922/UBNA_001/20220921_090000.WAV,Telephone Field,recover-20220922,001,1795
1585.2615,1585.3004,68437,82717,Rhinolophus ferrumequinum,0.024,0.024,-1,Echolocation,/mnt/ubna_data_02_mir/recover-20220922/UBNA_001/20220921_090000.WAV,Telephone Field,recover-20220922,001,1795
1585.2775,1585.2854,28046,38962,Eptesicus serotinus,0.007,0.024,-1,Echolocation,/mnt/ubna_data_02_mir/recover-20220922/UBNA_001/20220921_090000.WAV,Telephone Field,recover-20220922,001,1795
1585.3225,1585.3312,27187,37538,Eptesicus serotinus,0.008,0.021,-1,Echolocation,/mnt/ubna_data_02_mir/recover-20220922/UBNA_001/20220921_090000.WAV,Telephone Field,recover-20220922,001,1795
1585.3245,1585.3605,68437,81320,Rhinolophus ferrumequinum,0.022,0.022,-1,Echolocation,/mnt/ubna_data_02_mir/recover-20220922/UBNA_001/20220921_090000.WAV,Telephone Field,recover-20220922,001,1795
1585.3365,1585.3436,24609,33789,Plecotus austriacus,0.008,0.022,-1,Echolocation,/mnt/ubna_data_02_mir/recover-20220922/UBNA_001/20220921_090000.WAV,Telephone Field,recover-20220922,001,1795
1585.3995,1585.4082,28906,37147,Eptesicus serotinus,0.008,0.023,-1,Echolocation,/mnt/ubna_data_02_mir/recover-20220922/UBNA_001/20220921_090000.WAV,Telephone Field,recover-20220922,001,1795
1585.4065,1585.4459,68437,82237,Rhinolophus ferrumequinum,0.021,0.021,-1,Echolocation,/mnt/ubna_data_02_mir/recover-20220922/UBNA_001/20220921_090000.WAV,Telephone Field,recover-20220922,001,1795
1585.4415,1585.4521,27187,40146,Eptesicus serotinus,0.012,0.024,-1,Echolocation,/mnt/ubna_data_02_mir/recover-20220922/UBNA_001/20220921_090000.WAV,Telephone Field,recover-20220922,001,1795
1585.4905,1585.5348,68437,83712,Rhinolophus ferrumequinum,0.035,0.035,-1,Echolocation,/mnt/ubna_data_02_mir/recover-20220922/UBNA_001/20220921_090000.WAV,Telephone Field,recover-20220922,001,1795
1585.4915,1585.4996,27187,36854,Eptesicus serotinus,0.011,0.03,-1,Echolocation,/mnt/ubna_data_02_mir/recover-20220922/UBNA_001/20220921_090000.WAV,Telephone Field,recover-20220922,001,1795
1585.5145,1585.554,68437,82016,Rhinolophus ferrumequinum,0.023,0.023,-1,Echolocation,/mnt/ubna_data_02_mir/recover-20220922/UBNA_001/20220921_090000.WAV,Telephone Field,recover-20220922,001,1795
1585.5365,1585.5468,23750,30588,Nyctalus leisleri,0.022,0.056,-1,Echolocation,/mnt/ubna_data_02_mir/recover-20220922/UBNA_001/20220921_090000.WAV,Telephone Field,recover-20220922,001,1795
1585.5785,1585.6194,68437,82474,Rhinolophus ferrumequinum,0.026,0.026,-1,Echolocation,/mnt/ubna_data_02_mir/recover-20220922/UBNA_001/20220921_090000.WAV,Telephone Field,recover-20220922,001,1795
1585.5985,1585.6099,22031,26315,Nyctalus leisleri,0.012,0.021,-1,Echolocation,/mnt/ubna_data_02_mir/recover-20220922/UBNA_001/20220921_090000.WAV,Telephone Field,recover-20220922,001,1795
1585.6375,1585.6457,46093,51961,Pipistrellus pipistrellus,0.019,0.021,-1,Echolocation,/mnt/ubna_data_02_mir/recover-20220922/UBNA_001/20220921_090000.WAV,Telephone Field,recover-20220922,001,1795
1585.7105,1585.7481,68437,82260,Rhinolophus ferrumequinum,0.022,0.022,-1,Echolocation,/mnt/ubna_data_02_mir/recover-20220922/UBNA_001/20220921_090000.WAV,Telephone Field,recover-20220922,001,1795
1585.7225,1585.7635,68437,82520,Rhinolophus ferrumequinum,0.022,0.022,-1,Echolocation,/mnt/ubna_data_02_mir/recover-20220922/UBNA_001/20220921_090000.WAV,Telephone Field,recover-20220922,001,1795
1585.7545,1585.7635,50390,54603,Pipistrellus pipistrellus,0.024,0.028,-1,Echolocation,/mnt/ubna_data_02_mir/recover-20220922/UBNA_001/20220921_090000.WAV,Telephone Field,recover-20220922,001,1795
1585.7735,1585.8124,68437,82152,Rhinolophus ferrumequinum,0.042,0.042,-1,Echolocation,/mnt/ubna_data_02_mir/recover-20220922/UBNA_001/20220921_090000.WAV,Telephone Field,recover-20220922,001,1795
1585.8195,1585.8576,68437,82028,Rhinolophus ferrumequinum,0.022,0.022,-1,Echolocation,/mnt/ubna_data_02_mir/recover-20220922/UBNA_001/20220921_090000.WAV,Telephone Field,recover-20220922,001,1795
1585.8815,1585.8927,24609,31028,Nyctalus leisleri,0.014,0.035,-1,Echolocation,/mnt/ubna_data_02_mir/recover-20220922/UBNA_001/20220921_090000.WAV,Telephone Field,recover-20220922,001,1795
1585.9175,1585.9249,28046,39422,Eptesicus serotinus,0.007,0.024,-1,Echolocation,/mnt/ubna_data_02_mir/recover-20220922/UBNA_001/20220921_090000.WAV,Telephone Field,recover-20220922,001,1795
1585.9335,1585.9433,29765,39383,Eptesicus serotinus,0.012,0.031,-1,Echolocation,/mnt/ubna_data_02_mir/recover-20220922/UBNA_001/20220921_090000.WAV,Telephone Field,recover-20220922,001,1795
1585.9605,1585.9682,23750,32981,Plecotus austriacus,0.009,0.023,-1,Echolocation,/mnt/ubna_data_02_mir/recover-20220922/UBNA_001/20220921_090000.WAV,Telephone Field,recover-20220922,001,1795
1585.9835,1585.9912,28906,38733,Eptesicus serotinus,0.007,0.023,-1,Echolocation,/mnt/ubna_data_02_mir/recover-20220922/UBNA_001/20220921_090000.WAV,Telephone Field,recover-20220922,001,1795
1586.0015,1586.0327,69296,81488,Rhinolophus ferrumequinum,0.03,0.03,-1,Echolocation,/mnt/ubna_data_02_mir/recover-20220922/UBNA_001/20220921_090000.WAV,Telephone Field,recover-20220922,001,1795
1586.0015,1586.0104,22890,30370,Nyctalus leisleri,0.011,0.032,-1,Echolocation,/mnt/ubna_data_02_mir/recover-20220922/UBNA_001/20220921_090000.WAV,Telephone Field,recover-20220922,001,1795
1586.0465,1586.0861,68437,82565,Rhinolophus ferrumequinum,0.025,0.025,-1,Echolocation,/mnt/ubna_data_02_mir/recover-20220922/UBNA_001/20220921_090000.WAV,Telephone Field,recover-20220922,001,1795
1586.0705,1586.1083,68437,81755,Rhinolophus ferrumequinum,0.022,0.022,-1,Echolocation,/mnt/ubna_data_02_mir/recover-20220922/UBNA_001/20220921_090000.WAV,Telephone Field,recover-20220922,001,1795
1586.0815,1586.1207,68437,82841,Rhinolophus ferrumequinum,0.022,0.022,-1,Echolocation,/mnt/ubna_data_02_mir/recover-20220922/UBNA_001/20220921_090000.WAV,Telephone Field,recover-20220922,001,1795
1586.0865,1586.0952,27187,40033,Eptesicus serotinus,0.009,0.024,-1,Echolocation,/mnt/ubna_data_02_mir/recover-20220922/UBNA_001/20220921_090000.WAV,Telephone Field,recover-20220922,001,1795
1586.0945,1586.1348,68437,82457,Rhinolophus ferrumequinum,0.026,0.026,-1,Echolocation,/mnt/ubna_data_02_mir/recover-20220922/UBNA_001/20220921_090000.WAV,Telephone Field,recover-20220922,001,1795
1586.1115,1586.12,30625,41316,Eptesicus serotinus,0.01,0.028,-1,Echolocation,/mnt/ubna_data_02_mir/recover-20220922/UBNA_001/20220921_090000.WAV,Telephone Field,recover-20220922,001,1795
1586.1265,1586.1638,68437,81963,Rhinolophus ferrumequinum,0.023,0.023,-1,Echolocation,/mnt/ubna_data_02_mir/recover-20220922/UBNA_001/20220921_090000.WAV,Telephone Field,recover-20220922,001,1795
1586.1595,1586.1982,68437,82368,Rhinolophus ferrumequinum,0.025,0.025,-1,Echolocation,/mnt/ubna_data_02_mir/recover-20220922/UBNA_001/20220921_090000.WAV,Telephone Field,recover-20220922,001,1795
1586.1915,1586.2273,68437,81660,Rhinolophus ferrumequinum,0.022,0.022,-1,Echolocation,/mnt/ubna_data_02_mir/recover-20220922/UBNA_001/20220921_090000.WAV,Telephone Field,recover-20220922,001,1795
1586.1935,1586.2011,51250,57148,Pipistrellus pipistrellus,0.027,0.033,-1,Echolocation,/mnt/ubna_data_02_mir/recover-20220922/UBNA_001/20220921_090000.WAV,Telephone Field,recover-20220922,001,1795
1586.2165,1586.2599,68437,83310,Rhinolophus ferrumequinum,0.038,0.038,-1,Echolocation,/mnt/ubna_data_02_mir/recover-20220922/UBNA_001/20220921_090000.WAV,Telephone Field,recover-20220922,001,1795
1586.2215,1586.2314,28046,36011,Eptesicus serotinus,0.01,0.022,-1,Echolocation,/mnt/ubna_data_02_mir/recover-20220922/UBNA_001/20220921_090000.WAV,Telephone Field,recover-20220922,001,1795
1586.2355,1586.2449,27187,35905,Eptesicus serotinus,0.013,0.027,-1,Echolocation,/mnt/ubna_data_02_mir/recover-20220922/UBNA_001/20220921_090000.WAV,Telephone Field,recover-20220922,001,1795
1586.2395,1586.2751,68437,80986,Rhinolophus ferrumequinum,0.027,0.027,-1,Echolocation,/mnt/ubna_data_02_mir/recover-20220922/UBNA_001/20220921_090000.WAV,Telephone Field,recover-20220922,001,1795
1586.2625,1586.3038999999999,68437,82697,Rhinolophus ferrumequinum,0.027,0.027,-1,Echolocation,/mnt/ubna_data_02_mir/recover-20220922/UBNA_001/20220921_090000.WAV,Telephone Field,recover-20220922,001,1795
1586.2695,1586.3108,68437,82536,Rhinolophus ferrumequinum,0.035,0.035,-1,Echolocation,/mnt/ubna_data_02_mir/recover-20220922/UBNA_001/20220921_090000.WAV,Telephone Field,recover-20220922,001,1795
1586.2915,1586.3339,68437,82988,Rhinolophus ferrumequinum,0.027,0.027,-1,Echolocation,/mnt/ubna_data_02_mir/recover-20220922/UBNA_001/20220921_090000.WAV,Telephone Field,recover-20220922,001,1795
1586.3265,1586.3351,26328,34768,Eptesicus serotinus,0.009,0.023,-1,Echolocation,/mnt/ubna_data_02_mir/recover-20220922/UBNA_001/20220921_090000.WAV,Telephone Field,recover-20220922,001,1795
1586.3345,1586.3704,68437,81672,Rhinolophus ferrumequinum,0.022,0.022,-1,Echolocation,/mnt/ubna_data_02_mir/recover-20220922/UBNA_001/20220921_090000.WAV,Telephone Field,recover-20220922,001,1795
1586.3425,1586.3508,28046,40032,Eptesicus serotinus,0.009,0.021,-1,Echolocation,/mnt/ubna_data_02_mir/recover-20220922/UBNA_001/20220921_090000.WAV,Telephone Field,recover-20220922,001,1795
1586.3555,1586.396,68437,82144,Rhinolophus ferrumequinum,0.023,0.023,-1,Echolocation,/mnt/ubna_data_02_mir/recover-20220922/UBNA_001/20220921_090000.WAV,Telephone Field,recover-20220922,001,1795
1586.3765,1586.3881,28906,35509,Eptesicus serotinus,0.017,0.032,-1,Echolocation,/mnt/ubna_data_02_mir/recover-20220922/UBNA_001/20220921_090000.WAV,Telephone Field,recover-20220922,001,1795
1586.4195,1586.4264,23750,33681,Plecotus austriacus,0.013,0.027,-1,Echolocation,/mnt/ubna_data_02_mir/recover-20220922/UBNA_001/20220921_090000.WAV,Telephone Field,recover-20220922,001,1795
1586.4405,1586.4803,68437,82268,Rhinolophus ferrumequinum,0.023,0.023,-1,Echolocation,/mnt/ubna_data_02_mir/recover-20220922/UBNA_001/20220921_090000.WAV,Telephone Field,recover-20220922,001,1795
1586.4615,1586.4714,54687,58884,Pipistrellus pygmaeus,0.021,0.023,-1,Echolocation,/mnt/ubna_data_02_mir/recover-20220922/UBNA_001/20220921_090000.WAV,Telephone Field,recover-20220922,001,1795
1586.4805,1586.5243,68437,82744,Rhinolophus ferrumequinum,0.029,0.029,-1,Echolocation,/mnt/ubna_data_02_mir/recover-20220922/UBNA_001/20220921_090000.WAV,Telephone Field,recover-20220922,001,1795
1586.5075,1586.548,68437,82805,Rhinolophus ferrumequinum,0.023,0.023,-1,Echolocation,/mnt/ubna_data_02_mir/recover-20220922/UBNA_001/20220921_090000.WAV,Telephone Field,recover-20220922,001,1795
1586.5325,1586.5691,68437,82030,Rhinolophus ferrumequinum,0.029,0.029,-1,Echolocation,/mnt/ubna_data_02_mir/recover-20220922/UBNA_001/20220921_090000.WAV,Telephone Field,recover-20220922,001,1795
1586.5375,1586.5457,28046,39706,Eptesicus serotinus,0.008,0.024,-1,Echolocation,/mnt/ubna_data_02_mir/recover-20220922/UBNA_001/20220921_090000.WAV,Telephone Field,recover-20220922,001,1795
1586.5495,1586.5885,68437,82380,Rhinolophus ferrumequinum,0.029,0.029,-1,Echolocation,/mnt/ubna_data_02_mir/recover-20220922/UBNA_001/20220921_090000.WAV,Telephone Field,recover-20220922,001,1795
1586.5825,1586.622,68437,81935,Rhinolophus ferrumequinum,0.023,0.023,-1,Echolocation,/mnt/ubna_data_02_mir/recover-20220922/UBNA_001/20220921_090000.WAV,Telephone Field,recover-20220922,001,1795
1586.6055,1586.6122,29765,42530,Myotis daubentonii,0.009,0.025,-1,Echolocation,/mnt/ubna_data_02_mir/recover-20220922/UBNA_001/20220921_090000.WAV,Telephone Field,recover-20220922,001,1795
1586.6375,1586.6809,68437,83347,Rhinolophus ferrumequinum,0.031,0.031,-1,Echolocation,/mnt/ubna_data_02_mir/recover-20220922/UBNA_001/20220921_090000.WAV,Telephone Field,recover-20220922,001,1795
1586.6655,1586.703,68437,81310,Rhinolophus ferrumequinum,0.024,0.024,-1,Echolocation,/mnt/ubna_data_02_mir/recover-20220922/UBNA_001/20220921_090000.WAV,Telephone Field,recover-20220922,001,1795
1586.6855,1586.694,28046,37060,Eptesicus serotinus,0.017,0.036,-1,Echolocation,/mnt/ubna_data_02_mir/recover-20220922/UBNA_001/20220921_090000.WAV,Telephone Field,recover-20220922,001,1795
1586.7195,1586.7617,68437,83159,Rhinolophus ferrumequinum,0.047,0.047,-1,Echolocation,/mnt/ubna_data_02_mir/recover-20220922/UBNA_001/20220921_090000.WAV,Telephone Field,recover-20220922,001,1795
1586.7285,1586.7365,27187,39072,Eptesicus serotinus,0.01,0.025,-1,Echolocation,/mnt/ubna_data_02_mir/recover-20220922/UBNA_001/20220921_090000.WAV,Telephone Field,recover-20220922,001,1795
1586.7565,1586.7679,25468,31438,Nyctalus leisleri,0.008,0.022,-1,Echolocation,/mnt/ubna_data_02_mir/recover-20220922/UBNA_001/20220921_090000.WAV,Telephone Field,recover-20220922,001,1795
1586.7705,1586.8086,68437,82216,Rhinolophus ferrumequinum,0.022,0.022,-1,Echolocation,/mnt/ubna_data_02_mir/recover-20220922/UBNA_001/20220921_090000.WAV,Telephone Field,recover-20220922,001,1795
1586.7985,1586.8103,40937,45953,Pipistrellus nathusii,0.017,0.029,-1,Echolocation,/mnt/ubna_data_02_mir/recover-20220922/UBNA_001/20220921_090000.WAV,Telephone Field,recover-20220922,001,1795
1586.8015,1586.8421,68437,83055,Rhinolophus ferrumequinum,0.029,0.029,-1,Echolocation,/mnt/ubna_data_02_mir/recover-20220922/UBNA_001/20220921_090000.WAV,Telephone Field,recover-20220922,001,1795
1586.8285,1586.837,27187,35323,Eptesicus serotinus,0.014,0.032,-1,Echolocation,/mnt/ubna_data_02_mir/recover-20220922/UBNA_001/20220921_090000.WAV,Telephone Field,recover-20220922,001,1795
1586.8425,1586.8824,68437,82930,Rhinolophus ferrumequinum,0.025,0.025,-1,Echolocation,/mnt/ubna_data_02_mir/recover-20220922/UBNA_001/20220921_090000.WAV,Telephone Field,recover-20220922,001,1795
1586.8565,1586.8672,23750,30171,Nyctalus leisleri,0.01,0.026,-1,Echolocation,/mnt/ubna_data_02_mir/recover-20220922/UBNA_001/20220921_090000.WAV,Telephone Field,recover-20220922,001,1795
1586.8625,1586.9038,68437,82856,Rhinolophus ferrumequinum,0.023,0.023,-1,Echolocation,/mnt/ubna_data_02_mir/recover-20220922/UBNA_001/20220921_090000.WAV,Telephone Field,recover-20220922,001,1795
1586.8715,1586.8815,28906,37429,Eptesicus serotinus,0.01,0.024,-1,Echolocation,/mnt/ubna_data_02_mir/recover-20220922/UBNA_001/20220921_090000.WAV,Telephone Field,recover-20220922,001,1795
1586.8885,1586.9271,68437,82218,Rhinolophus ferrumequinum,0.023,0.023,-1,Echolocation,/mnt/ubna_data_02_mir/recover-20220922/UBNA_001/20220921_090000.WAV,Telephone Field,recover-20220922,001,1795
1586.9265,1586.9658,68437,82392,Rhinolophus ferrumequinum,0.024,0.024,-1,Echolocation,/mnt/ubna_data_02_mir/recover-20220922/UBNA_001/20220921_090000.WAV,Telephone Field,recover-20220922,001,1795
1586.9395,1586.9495,26328,33899,Eptesicus serotinus,0.012,0.025,-1,Echolocation,/mnt/ubna_data_02_mir/recover-20220922/UBNA_001/20220921_090000.WAV,Telephone Field,recover-20220922,001,1795
1586.9545,1586.9919,68437,81883,Rhinolophus ferrumequinum,0.024,0.024,-1,Echolocation,/mnt/ubna_data_02_mir/recover-20220922/UBNA_001/20220921_090000.WAV,Telephone Field,recover-20220922,001,1795
1587.0195,1587.0592,68437,82182,Rhinolophus ferrumequinum,0.022,0.022,-1,Echolocation,/mnt/ubna_data_02_mir/recover-20220922/UBNA_001/20220921_090000.WAV,Telephone Field,recover-20220922,001,1795
1587.0265,1587.0355,27187,35814,Eptesicus serotinus,0.013,0.026,-1,Echolocation,/mnt/ubna_data_02_mir/recover-20220922/UBNA_001/20220921_090000.WAV,Telephone Field,recover-20220922,001,1795
1587.0595,1587.0706,23750,29379,Nyctalus leisleri,0.013,0.031,-1,Echolocation,/mnt/ubna_data_02_mir/recover-20220922/UBNA_001/20220921_090000.WAV,Telephone Field,recover-20220922,001,1795
1587.0785,1587.1183,68437,82422,Rhinolophus ferrumequinum,0.022,0.022,-1,Echolocation,/mnt/ubna_data_02_mir/recover-20220922/UBNA_001/20220921_090000.WAV,Telephone Field,recover-20220922,001,1795
1587.0935,1587.1321,68437,82097,Rhinolophus ferrumequinum,0.021,0.021,-1,Echolocation,/mnt/ubna_data_02_mir/recover-20220922/UBNA_001/20220921_090000.WAV,Telephone Field,recover-20220922,001,1795
1587.1045,1587.1156,25468,34028,Eptesicus serotinus,0.012,0.025,-1,Echolocation,/mnt/ubna_data_02_mir/recover-20220922/UBNA_001/20220921_090000.WAV,Telephone Field,recover-20220922,001,1795
1587.1095,1587.1187,27187,35743,Eptesicus serotinus,0.011,0.025,-1,Echolocation,/mnt/ubna_data_02_mir/recover-20220922/UBNA_001/20220921_090000.WAV,Telephone Field,recover-20220922,001,1795
1587.1555,1587.1963,68437,83176,Rhinolophus ferrumequinum,0.025,0.025,-1,Echolocation,/mnt/ubna_data_02_mir/recover-20220922/UBNA_001/20220921_090000.WAV,Telephone Field,recover-20220922,001,1795
1587.1655,1587.2053,68437,82058,Rhinolophus ferrumequinum,0.024,0.024,-1,Echolocation,/mnt/ubna_data_02_mir/recover-20220922/UBNA_001/20220921_090000.WAV,Telephone Field,recover-20220922,001,1795
1587.2615,1587.3021,68437,82762,Rhinolophus ferrumequinum,0.022,0.022,-1,Echolocation,/mnt/ubna_data_02_mir/recover-20220922/UBNA_001/20220921_090000.WAV,Telephone Field,recover-20220922,001,1795
1587.2735,1587.3119,68437,82042,Rhinolophus ferrumequinum,0.023,0.023,-1,Echolocation,/mnt/ubna_data_02_mir/recover-20220922/UBNA_001/20220921_090000.WAV,Telephone Field,recover-20220922,001,1795
1587.3215,1587.3579,68437,81544,Rhinolophus ferrumequinum,0.025,0.025,-1,Echolocation,/mnt/ubna_data_02_mir/recover-20220922/UBNA_001/20220921_090000.WAV,Telephone Field,recover-20220922,001,1795
1587.3365,1587.3721,68437,81589,Rhinolophus ferrumequinum,0.023,0.023,-1,Echolocation,/mnt/ubna_data_02_mir/recover-20220922/UBNA_001/20220921_090000.WAV,Telephone Field,recover-20220922,001,1795
1587.3445,1587.3842,68437,82688,Rhinolophus ferrumequinum,0.025,0.025,-1,Echolocation,/mnt/ubna_data_02_mir/recover-20220922/UBNA_001/20220921_090000.WAV,Telephone Field,recover-20220922,001,1795
1587.3515,1587.392,68437,82330,Rhinolophus ferrumequinum,0.022,0.022,-1,Echolocation,/mnt/ubna_data_02_mir/recover-20220922/UBNA_001/20220921_090000.WAV,Telephone Field,recover-20220922,001,1795
1587.4165,1587.4584,68437,83094,Rhinolophus ferrumequinum,0.033,0.033,-1,Echolocation,/mnt/ubna_data_02_mir/recover-20220922/UBNA_001/20220921_090000.WAV,Telephone Field,recover-20220922,001,1795
1587.4435,1587.4838,68437,82443,Rhinolophus ferrumequinum,0.022,0.022,-1,Echolocation,/mnt/ubna_data_02_mir/recover-20220922/UBNA_001/20220921_090000.WAV,Telephone Field,recover-20220922,001,1795
1587.4825,1587.5236,68437,82372,Rhinolophus ferrumequinum,0.028,0.028,-1,Echolocation,/mnt/ubna_data_02_mir/recover-20220922/UBNA_001/20220921_090000.WAV,Telephone Field,recover-20220922,001,1795
1587.4905,1587.5311,68437,82681,Rhinolophus ferrumequinum,0.033,0.033,-1,Echolocation,/mnt/ubna_data_02_mir/recover-20220922/UBNA_001/20220921_090000.WAV,Telephone Field,recover-20220922,001,1795
1587.4985,1587.5101,23750,29235,Nyctalus leisleri,0.011,0.024,-1,Echolocation,/mnt/ubna_data_02_mir/recover-20220922/UBNA_001/20220921_090000.WAV,Telephone Field,recover-20220922,001,1795
1587.5225,1587.5607,68437,81973,Rhinolophus ferrumequinum,0.028,0.028,-1,Echolocation,/mnt/ubna_data_02_mir/recover-20220922/UBNA_001/20220921_090000.WAV,Telephone Field,recover-20220922,001,1795
1587.5335,1587.5718,68437,82220,Rhinolophus ferrumequinum,0.022,0.022,-1,Echolocation,/mnt/ubna_data_02_mir/recover-20220922/UBNA_001/20220921_090000.WAV,Telephone Field,recover-20220922,001,1795
1587.5555,1587.5984,68437,82951,Rhinolophus ferrumequinum,0.023,0.023,-1,Echolocation,/mnt/ubna_data_02_mir/recover-20220922/UBNA_001/20220921_090000.WAV,Telephone Field,recover-20220922,001,1795
1587.5995,1587.6406,68437,82362,Rhinolophus ferrumequinum,0.022,0.022,-1,Echolocation,/mnt/ubna_data_02_mir/recover-20220922/UBNA_001/20220921_090000.WAV,Telephone Field,recover-20220922,001,1795
1587.6285,1587.6703,68437,83056,Rhinolophus ferrumequinum,0.026,0.026,-1,Echolocation,/mnt/ubna_data_02_mir/recover-20220922/UBNA_001/20220921_090000.WAV,Telephone Field,recover-20220922,001,1795
1587.6645,1587.7024,68437,82001,Rhinolophus ferrumequinum,0.022,0.022,-1,Echolocation,/mnt/ubna_data_02_mir/recover-20220922/UBNA_001/20220921_090000.WAV,Telephone Field,recover-20220922,001,1795
1587.6905,1587.7024,38359,42799,Pipistrellus nathusii,0.035,0.043,-1,Echolocation,/mnt/ubna_data_02_mir/recover-20220922/UBNA_001/20220921_090000.WAV,Telephone Field,recover-20220922,001,1795
1587.7075,1587.718,28906,35406,Eptesicus serotinus,0.013,0.026,-1,Echolocation,/mnt/ubna_data_02_mir/recover-20220922/UBNA_001/20220921_090000.WAV,Telephone Field,recover-20220922,001,1795
1587.7525,1587.793,68437,82323,Rhinolophus ferrumequinum,0.021,0.022,-1,Echolocation,/mnt/ubna_data_02_mir/recover-20220922/UBNA_001/20220921_090000.WAV,Telephone Field,recover-20220922,001,1795
1587.7655,1587.8074,68437,83184,Rhinolophus ferrumequinum,0.03,0.03,-1,Echolocation,/mnt/ubna_data_02_mir/recover-20220922/UBNA_001/20220921_090000.WAV,Telephone Field,recover-20220922,001,1795
1587.8295,1587.8685,68437,82354,Rhinolophus ferrumequinum,0.022,0.022,-1,Echolocation,/mnt/ubna_data_02_mir/recover-20220922/UBNA_001/20220921_090000.WAV,Telephone Field,recover-20220922,001,1795
1587.8315,1587.8393,27187,38307,Eptesicus serotinus,0.008,0.022,-1,Echolocation,/mnt/ubna_data_02_mir/recover-20220922/UBNA_001/20220921_090000.WAV,Telephone Field,recover-20220922,001,1795
1587.8515,1587.8924,68437,82768,Rhinolophus ferrumequinum,0.025,0.025,-1,Echolocation,/mnt/ubna_data_02_mir/recover-20220922/UBNA_001/20220921_090000.WAV,Telephone Field,recover-20220922,001,1795
1587.8555,1587.8688,27187,33362,Eptesicus serotinus,0.014,0.028,-1,Echolocation,/mnt/ubna_data_02_mir/recover-20220922/UBNA_001/20220921_090000.WAV,Telephone Field,recover-20220922,001,1795
1587.8665,1587.8812,25468,29205,Nyctalus leisleri,0.024,0.046,-1,Echolocation,/mnt/ubna_data_02_mir/recover-20220922/UBNA_001/20220921_090000.WAV,Telephone Field,recover-20220922,001,1795
1587.8805,1587.9213,68437,82274,Rhinolophus ferrumequinum,0.037,0.037,-1,Echolocation,/mnt/ubna_data_02_mir/recover-20220922/UBNA_001/20220921_090000.WAV,Telephone Field,recover-20220922,001,1795
1587.9225,1587.9629,68437,82021,Rhinolophus ferrumequinum,0.022,0.022,-1,Echolocation,/mnt/ubna_data_02_mir/recover-20220922/UBNA_001/20220921_090000.WAV,Telephone Field,recover-20220922,001,1795
1587.9275,1587.938,22890,27454,Nyctalus leisleri,0.011,0.023,-1,Echolocation,/mnt/ubna_data_02_mir/recover-20220922/UBNA_001/20220921_090000.WAV,Telephone Field,recover-20220922,001,1795
1587.9445,1587.9859,68437,83165,Rhinolophus ferrumequinum,0.024,0.024,-1,Echolocation,/mnt/ubna_data_02_mir/recover-20220922/UBNA_001/20220921_090000.WAV,Telephone Field,recover-20220922,001,1795
1587.9515,1587.9913,68437,82499,Rhinolophus ferrumequinum,0.022,0.022,-1,Echolocation,/mnt/ubna_data_02_mir/recover-20220922/UBNA_001/20220921_090000.WAV,Telephone Field,recover-20220922,001,1795
1587.9815,1587.992,23750,29655,Nyctalus leisleri,0.008,0.022,-1,Echolocation,/mnt/ubna_data_02_mir/recover-20220922/UBNA_001/20220921_090000.WAV,Telephone Field,recover-20220922,001,1795
1588.0015,1588.0335,68437,79356,Rhinolophus ferrumequinum,0.04,0.04,-1,Echolocation,/mnt/ubna_data_02_mir/recover-20220922/UBNA_001/20220921_090000.WAV,Telephone Field,recover-20220922,001,1795
1588.0015,1588.0104,26328,34787,Nyctalus leisleri,0.009,0.028,-1,Echolocation,/mnt/ubna_data_02_mir/recover-20220922/UBNA_001/20220921_090000.WAV,Telephone Field,recover-20220922,001,1795
1588.0015,1588.0108,47812,56637,Pipistrellus pipistrellus,0.014,0.022,-1,Echolocation,/mnt/ubna_data_02_mir/recover-20220922/UBNA_001/20220921_090000.WAV,Telephone Field,recover-20220922,001,1795
1588.0145,1588.0253,26328,32943,Eptesicus serotinus,0.011,0.024,-1,Echolocation,/mnt/ubna_data_02_mir/recover-20220922/UBNA_001/20220921_090000.WAV,Telephone Field,recover-20220922,001,1795
1588.0225,1588.0608,68437,81785,Rhinolophus ferrumequinum,0.022,0.022,-1,Echolocation,/mnt/ubna_data_02_mir/recover-20220922/UBNA_001/20220921_090000.WAV,Telephone Field,recover-20220922,001,1795
1588.1355,1588.1433,28046,38582,Eptesicus serotinus,0.007,0.022,-1,Echolocation,/mnt/ubna_data_02_mir/recover-20220922/UBNA_001/20220921_090000.WAV,Telephone Field,recover-20220922,001,1795
1588.1475,1588.1921,68437,83259,Rhinolophus ferrumequinum,0.026,0.026,-1,Echolocation,/mnt/ubna_data_02_mir/recover-20220922/UBNA_001/20220921_090000.WAV,Telephone Field,recover-20220922,001,1795
1588.1615,1588.2012,68437,82544,Rhinolophus ferrumequinum,0.021,0.021,-1,Echolocation,/mnt/ubna_data_02_mir/recover-20220922/UBNA_001/20220921_090000.WAV,Telephone Field,recover-20220922,001,1795
1588.1675,1588.1801,22031,25766,Nyctalus leisleri,0.014,0.023,-1,Echolocation,/mnt/ubna_data_02_mir/recover-20220922/UBNA_001/20220921_090000.WAV,Telephone Field,recover-20220922,001,1795
1588.1965,1588.237,68437,82964,Rhinolophus ferrumequinum,0.03,0.03,-1,Echolocation,/mnt/ubna_data_02_mir/recover-20220922/UBNA_001/20220921_090000.WAV,Telephone Field,recover-20220922,001,1795
1588.1985,1588.2057,27187,43042,Eptesicus serotinus,0.007,0.022,-1,Echolocation,/mnt/ubna_data_02_mir/recover-20220922/UBNA_001/20220921_090000.WAV,Telephone Field,recover-20220922,001,1795
1588.2045,1588.2455,68437,83539,Rhinolophus ferrumequinum,0.034,0.034,-1,Echolocation,/mnt/ubna_data_02_mir/recover-20220922/UBNA_001/20220921_090000.WAV,Telephone Field,recover-20220922,001,1795
1588.2245,1588.236,41796,48380,Pipistrellus nathusii,0.012,0.027,-1,Echolocation,/mnt/ubna_data_02_mir/recover-20220922/UBNA_001/20220921_090000.WAV,Telephone Field,recover-20220922,001,1795
1588.2585,1588.2654,24609,38624,Myotis nattereri,0.007,0.022,-1,Echolocation,/mnt/ubna_data_02_mir/recover-20220922/UBNA_001/20220921_090000.WAV,Telephone Field,recover-20220922,001,1795
1588.2705,1588.3098,68437,82279,Rhinolophus ferrumequinum,0.029,0.029,-1,Echolocation,/mnt/ubna_data_02_mir/recover-20220922/UBNA_001/20220921_090000.WAV,Telephone Field,recover-20220922,001,1795
1588.2875,1588.3309,68437,83216,Rhinolophus ferrumequinum,0.029,0.029,-1,Echolocation,/mnt/ubna_data_02_mir/recover-20220922/UBNA_001/20220921_090000.WAV,Telephone Field,recover-20220922,001,1795
1588.3245,1588.3649,68437,82343,Rhinolophus ferrumequinum,0.022,0.022,-1,Echolocation,/mnt/ubna_data_02_mir/recover-20220922/UBNA_001/20220921_090000.WAV,Telephone Field,recover-20220922,001,1795
1588.3625,1588.397,68437,80886,Rhinolophus ferrumequinum,0.023,0.023,-1,Echolocation,/mnt/ubna_data_02_mir/recover-20220922/UBNA_001/20220921_090000.WAV,Telephone Field,recover-20220922,001,1795
1588.3675,1588.3767,24609,32513,Eptesicus serotinus,0.007,0.026,-1,Echolocation,/mnt/ubna_data_02_mir/recover-20220922/UBNA_001/20220921_090000.WAV,Telephone Field,recover-20220922,001,1795
1588.4295,1588.4371,28046,39362,Eptesicus serotinus,0.006,0.02,-1,Echolocation,/mnt/ubna_data_02_mir/recover-20220922/UBNA_001/20220921_090000.WAV,Telephone Field,recover-20220922,001,1795
1588.4295,1588.4371,23750,31570,Plecotus austriacus,0.009,0.02,-1,Echolocation,/mnt/ubna_data_02_mir/recover-20220922/UBNA_001/20220921_090000.WAV,Telephone Field,recover-20220922,001,1795
1588.4705,1588.5103,68437,82446,Rhinolophus ferrumequinum,0.032,0.032,-1,Echolocation,/mnt/ubna_data_02_mir/recover-20220922/UBNA_001/20220921_090000.WAV,Telephone Field,recover-20220922,001,1795
1588.4955,1588.536,68437,82774,Rhinolophus ferrumequinum,0.025,0.025,-1,Echolocation,/mnt/ubna_data_02_mir/recover-20220922/UBNA_001/20220921_090000.WAV,Telephone Field,recover-20220922,001,1795
1588.5295,1588.5717,68437,82841,Rhinolophus ferrumequinum,0.028,0.028,-1,Echolocation,/mnt/ubna_data_02_mir/recover-20220922/UBNA_001/20220921_090000.WAV,Telephone Field,recover-20220922,001,1795
1588.5845,1588.624,68437,82373,Rhinolophus ferrumequinum,0.02,0.021,-1,Echolocation,/mnt/ubna_data_02_mir/recover-20220922/UBNA_001/20220921_090000.WAV,Telephone Field,recover-20220922,001,1795
1588.5845,1588.5973,22890,27735,Nyctalus leisleri,0.015,0.029,-1,Echolocation,/mnt/ubna_data_02_mir/recover-20220922/UBNA_001/20220921_090000.WAV,Telephone Field,recover-20220922,001,1795
1588.6095,1588.6278,20312,23060,Nyctalus leisleri,0.014,0.022,-1,Echolocation,/mnt/ubna_data_02_mir/recover-20220922/UBNA_001/20220921_090000.WAV,Telephone Field,recover-20220922,001,1795
1588.6195,1588.6572,68437,81576,Rhinolophus ferrumequinum,0.021,0.021,-1,Echolocation,/mnt/ubna_data_02_mir/recover-20220922/UBNA_001/20220921_090000.WAV,Telephone Field,recover-20220922,001,1795
1588.6675,1588.706,68437,82226,Rhinolophus ferrumequinum,0.022,0.022,-1,Echolocation,/mnt/ubna_data_02_mir/recover-20220922/UBNA_001/20220921_090000.WAV,Telephone Field,recover-20220922,001,1795
1588.6755,1588.6826,26328,39095,Eptesicus serotinus,0.006,0.021,-1,Echolocation,/mnt/ubna_data_02_mir/recover-20220922/UBNA_001/20220921_090000.WAV,Telephone Field,recover-20220922,001,1795
1588.7005,1588.7394,68437,82377,Rhinolophus ferrumequinum,0.023,0.023,-1,Echolocation,/mnt/ubna_data_02_mir/recover-20220922/UBNA_001/20220921_090000.WAV,Telephone Field,recover-20220922,001,1795
1588.7105,1588.7171,31484,46955,Myotis daubentonii,0.01,0.022,-1,Echolocation,/mnt/ubna_data_02_mir/recover-20220922/UBNA_001/20220921_090000.WAV,Telephone Field,recover-20220922,001,1795
1588.7915,1588.8288,68437,81701,Rhinolophus ferrumequinum,0.022,0.022,-1,Echolocation,/mnt/ubna_data_02_mir/recover-20220922/UBNA_001/20220921_090000.WAV,Telephone Field,recover-20220922,001,1795
1588.8025,1588.8406,68437,82324,Rhinolophus ferrumequinum,0.021,0.021,-1,Echolocation,/mnt/ubna_data_02_mir/recover-20220922/UBNA_001/20220921_090000.WAV,Telephone Field,recover-20220922,001,1795
1588.8225,1588.8587,68437,80802,Rhinolophus ferrumequinum,0.022,0.023,-1,Echolocation,/mnt/ubna_data_02_mir/recover-20220922/UBNA_001/20220921_090000.WAV,Telephone Field,recover-20220922,001,1795
1588.8625,1588.8953,68437,81320,Rhinolophus ferrumequinum,0.021,0.021,-1,Echolocation,/mnt/ubna_data_02_mir/recover-20220922/UBNA_001/20220921_090000.WAV,Telephone Field,recover-20220922,001,1795
1588.8735,1588.8849,54687,59140,Pipistrellus pygmaeus,0.025,0.026,-1,Echolocation,/mnt/ubna_data_02_mir/recover-20220922/UBNA_001/20220921_090000.WAV,Telephone Field,recover-20220922,001,1795
1588.8805,1588.8912,22031,26640,Nyctalus leisleri,0.011,0.023,-1,Echolocation,/mnt/ubna_data_02_mir/recover-20220922/UBNA_001/20220921_090000.WAV,Telephone Field,recover-20220922,001,1795
1588.8885,1588.9,38359,42520,Pipistrellus nathusii,0.014,0.024,-1,Echolocation,/mnt/ubna_data_02_mir/recover-20220922/UBNA_001/20220921_090000.WAV,Telephone Field,recover-20220922,001,1795
1588.9025,1588.9108,28046,37704,Eptesicus serotinus,0.008,0.023,-1,Echolocation,/mnt/ubna_data_02_mir/recover-20220922/UBNA_001/20220921_090000.WAV,Telephone Field,recover-20220922,001,1795
1588.9435,1588.9833,68437,82286,Rhinolophus ferrumequinum,0.022,0.022,-1,Echolocation,/mnt/ubna_data_02_mir/recover-20220922/UBNA_001/20220921_090000.WAV,Telephone Field,recover-20220922,001,1795
1588.9455,1588.9534,25468,34539,Plecotus austriacus,0.006,0.024,-1,Echolocation,/mnt/ubna_data_02_mir/recover-20220922/UBNA_001/20220921_090000.WAV,Telephone Field,recover-20220922,001,1795
1588.9515,1588.9888,68437,81807,Rhinolophus ferrumequinum,0.021,0.021,-1,Echolocation,/mnt/ubna_data_02_mir/recover-20220922/UBNA_001/20220921_090000.WAV,Telephone Field,recover-20220922,001,1795
1588.9735,1589.0149,68437,82683,Rhinolophus ferrumequinum,0.031,0.031,-1,Echolocation,/mnt/ubna_data_02_mir/recover-20220922/UBNA_001/20220921_090000.WAV,Telephone Field,recover-20220922,001,1795
1588.9785,1588.9869,27187,38946,Eptesicus serotinus,0.007,0.021,-1,Echolocation,/mnt/ubna_data_02_mir/recover-20220922/UBNA_001/20220921_090000.WAV,Telephone Field,recover-20220922,001,1795
1588.9875,1588.9975,28906,36286,Eptesicus serotinus,0.011,0.024,-1,Echolocation,/mnt/ubna_data_02_mir/recover-20220922/UBNA_001/20220921_090000.WAV,Telephone Field,recover-20220922,001,1795
1589.0065,1589.0456,68437,81904,Rhinolophus ferrumequinum,0.022,0.022,-1,Echolocation,/mnt/ubna_data_02_mir/recover-20220922/UBNA_001/20220921_090000.WAV,Telephone Field,recover-20220922,001,1795
1589.0155,1589.053,68437,82252,Rhinolophus ferrumequinum,0.024,0.024,-1,Echolocation,/mnt/ubna_data_02_mir/recover-20220922/UBNA_001/20220921_090000.WAV,Telephone Field,recover-20220922,001,1795
1589.0185,1589.0262,46953,51948,Pipistrellus pipistrellus,0.021,0.023,-1,Echolocation,/mnt/ubna_data_02_mir/recover-20220922/UBNA_001/20220921_090000.WAV,Telephone Field,recover-20220922,001,1795
1589.0405,1589.0802,68437,82599,Rhinolophus ferrumequinum,0.023,0.023,-1,Echolocation,/mnt/ubna_data_02_mir/recover-20220922/UBNA_001/20220921_090000.WAV,Telephone Field,recover-20220922,001,1795
1589.0505,1589.0588,46953,52921,Pipistrellus pipistrellus,0.021,0.022,-1,Echolocation,/mnt/ubna_data_02_mir/recover-20220922/UBNA_001/20220921_090000.WAV,Telephone Field,recover-20220922,001,1795
1589.0625,1589.0771,22031,26671,Nyctalus leisleri,0.015,0.027,-1,Echolocation,/mnt/ubna_data_02_mir/recover-20220922/UBNA_001/20220921_090000.WAV,Telephone Field,recover-20220922,001,1795
1589.0815,1589.1195,68437,82045,Rhinolophus ferrumequinum,0.023,0.023,-1,Echolocation,/mnt/ubna_data_02_mir/recover-20220922/UBNA_001/20220921_090000.WAV,Telephone Field,recover-20220922,001,1795
1589.0835,1589.0908,50390,56689,Pipistrellus pipistrellus,0.021,0.026,-1,Echolocation,/mnt/ubna_data_02_mir/recover-20220922/UBNA_001/20220921_090000.WAV,Telephone Field,recover-20220922,001,1795
1589.0995,1589.1401,68437,82069,Rhinolophus ferrumequinum,0.023,0.023,-1,Echolocation,/mnt/ubna_data_02_mir/recover-20220922/UBNA_001/20220921_090000.WAV,Telephone Field,recover-20220922,001,1795
1589.1015,1589.1093,26328,37711,Eptesicus serotinus,0.006,0.022,-1,Echolocation,/mnt/ubna_data_02_mir/recover-20220922/UBNA_001/20220921_090000.WAV,Telephone Field,recover-20220922,001,1795
1589.1185,1589.1294,28046,33521,Eptesicus serotinus,0.014,0.03,-1,Echolocation,/mnt/ubna_data_02_mir/recover-20220922/UBNA_001/20220921_090000.WAV,Telephone Field,recover-20220922,001,1795
1589.1295,1589.1384,45234,52318,Pipistrellus pipistrellus,0.016,0.021,-1,Echolocation,/mnt/ubna_data_02_mir/recover-20220922/UBNA_001/20220921_090000.WAV,Telephone Field,recover-20220922,001,1795
1589.1575,1589.1971,68437,81905,Rhinolophus ferrumequinum,0.022,0.022,-1,Echolocation,/mnt/ubna_data_02_mir/recover-20220922/UBNA_001/20220921_090000.WAV,Telephone Field,recover-20220922,001,1795
1589.1775,1589.1848,24609,34829,Plecotus austriacus,0.009,0.024,-1,Echolocation,/mnt/ubna_data_02_mir/recover-20220922/UBNA_001/20220921_090000.WAV,Telephone Field,recover-20220922,001,1795
1589.2355,1589.2746,68437,81706,Rhinolophus ferrumequinum,0.024,0.024,-1,Echolocation,/mnt/ubna_data_02_mir/recover-20220922/UBNA_001/20220921_090000.WAV,Telephone Field,recover-20220922,001,1795
1589.2365,1589.2448,23750,32276,Plecotus austriacus,0.016,0.038,-1,Echolocation,/mnt/ubna_data_02_mir/recover-20220922/UBNA_001/20220921_090000.WAV,Telephone Field,recover-20220922,001,1795
1589.2435,1589.2872,68437,82812,Rhinolophus ferrumequinum,0.028,0.028,-1,Echolocation,/mnt/ubna_data_02_mir/recover-20220922/UBNA_001/20220921_090000.WAV,Telephone Field,recover-20220922,001,1795
1589.2605,1589.2978,68437,81976,Rhinolophus ferrumequinum,0.025,0.025,-1,Echolocation,/mnt/ubna_data_02_mir/recover-20220922/UBNA_001/20220921_090000.WAV,Telephone Field,recover-20220922,001,1795
1589.2865,1589.3296,68437,83219,Rhinolophus ferrumequinum,0.037,0.037,-1,Echolocation,/mnt/ubna_data_02_mir/recover-20220922/UBNA_001/20220921_090000.WAV,Telephone Field,recover-20220922,001,1795
1589.3105,1589.3487,68437,81741,Rhinolophus ferrumequinum,0.021,0.021,-1,Echolocation,/mnt/ubna_data_02_mir/recover-20220922/UBNA_001/20220921_090000.WAV,Telephone Field,recover-20220922,001,1795
1589.3295,1589.3705,68437,82549,Rhinolophus ferrumequinum,0.029,0.029,-1,Echolocation,/mnt/ubna_data_02_mir/recover-20220922/UBNA_001/20220921_090000.WAV,Telephone Field,recover-20220922,001,1795
1589.4165,1589.4236,26328,37677,Eptesicus serotinus,0.005,0.023,-1,Echolocation,/mnt/ubna_data_02_mir/recover-20220922/UBNA_001/20220921_090000.WAV,Telephone Field,recover-20220922,001,1795
1589.4355,1589.4457,24609,31130,Nyctalus leisleri,0.014,0.033,-1,Echolocation,/mnt/ubna_data_02_mir/recover-20220922/UBNA_001/20220921_090000.WAV,Telephone Field,recover-20220922,001,1795
1589.4625,1589.5024,68437,82744,Rhinolophus ferrumequinum,0.022,0.022,-1,Echolocation,/mnt/ubna_data_02_mir/recover-20220922/UBNA_001/20220921_090000.WAV,Telephone Field,recover-20220922,001,1795
1589.4765,1589.4835,25468,35446,Plecotus austriacus,0.007,0.027,-1,Echolocation,/mnt/ubna_data_02_mir/recover-20220922/UBNA_001/20220921_090000.WAV,Telephone Field,recover-20220922,001,1795
1589.5065,1589.5478,68437,82508,Rhinolophus ferrumequinum,0.022,0.022,-1,Echolocation,/mnt/ubna_data_02_mir/recover-20220922/UBNA_001/20220921_090000.WAV,Telephone Field,recover-20220922,001,1795
1589.5355,1589.5765,68437,81533,Rhinolophus ferrumequinum,0.026,0.026,-1,Echolocation,/mnt/ubna_data_02_mir/recover-20220922/UBNA_001/20220921_090000.WAV,Telephone Field,recover-20220922,001,1795
1589.5415,1589.5801,68437,81442,Rhinolophus ferrumequinum,0.025,0.025,-1,Echolocation,/mnt/ubna_data_02_mir/recover-20220922/UBNA_001/20220921_090000.WAV,Telephone Field,recover-20220922,001,1795
1589.5555,1589.5961,68437,82703,Rhinolophus ferrumequinum,0.032,0.032,-1,Echolocation,/mnt/ubna_data_02_mir/recover-20220922/UBNA_001/20220921_090000.WAV,Telephone Field,recover-20220922,001,1795
1589.5755,1589.6114,68437,81245,Rhinolophus ferrumequinum,0.039,0.039,-1,Echolocation,/mnt/ubna_data_02_mir/recover-20220922/UBNA_001/20220921_090000.WAV,Telephone Field,recover-20220922,001,1795
1589.5875,1589.598,24609,31065,Nyctalus leisleri,0.01,0.024,-1,Echolocation,/mnt/ubna_data_02_mir/recover-20220922/UBNA_001/20220921_090000.WAV,Telephone Field,recover-20220922,001,1795
1589.6075,1589.6476,68437,82245,Rhinolophus ferrumequinum,0.025,0.025,-1,Echolocation,/mnt/ubna_data_02_mir/recover-20220922/UBNA_001/20220921_090000.WAV,Telephone Field,recover-20220922,001,1795
1589.6225,1589.6619,68437,82856,Rhinolophus ferrumequinum,0.024,0.024,-1,Echolocation,/mnt/ubna_data_02_mir/recover-20220922/UBNA_001/20220921_090000.WAV,Telephone Field,recover-20220922,001,1795
1589.6505,1589.6698,22031,25422,Nyctalus leisleri,0.038,0.069,-1,Echolocation,/mnt/ubna_data_02_mir/recover-20220922/UBNA_001/20220921_090000.WAV,Telephone Field,recover-20220922,001,1795
1589.6615,1589.6991,68437,81822,Rhinolophus ferrumequinum,0.022,0.022,-1,Echolocation,/mnt/ubna_data_02_mir/recover-20220922/UBNA_001/20220921_090000.WAV,Telephone Field,recover-20220922,001,1795
1589.6885,1589.7265,68437,82316,Rhinolophus ferrumequinum,0.022,0.022,-1,Echolocation,/mnt/ubna_data_02_mir/recover-20220922/UBNA_001/20220921_090000.WAV,Telephone Field,recover-20220922,001,1795
1589.6955,1589.7033,25468,34078,Eptesicus serotinus,0.007,0.024,-1,Echolocation,/mnt/ubna_data_02_mir/recover-20220922/UBNA_001/20220921_090000.WAV,Telephone Field,recover-20220922,001,1795
1589.7145,1589.7516,68437,81478,Rhinolophus ferrumequinum,0.021,0.021,-1,Echolocation,/mnt/ubna_data_02_mir/recover-20220922/UBNA_001/20220921_090000.WAV,Telephone Field,recover-20220922,001,1795
1589.7475,1589.7555,27187,38457,Eptesicus serotinus,0.007,0.021,-1,Echolocation,/mnt/ubna_data_02_mir/recover-20220922/UBNA_001/20220921_090000.WAV,Telephone Field,recover-20220922,001,1795
1589.7495,1589.7933,68437,83261,Rhinolophus ferrumequinum,0.04,0.04,-1,Echolocation,/mnt/ubna_data_02_mir/recover-20220922/UBNA_001/20220921_090000.WAV,Telephone Field,recover-20220922,001,1795
1589.7805,1589.8207,68437,82098,Rhinolophus ferrumequinum,0.022,0.022,-1,Echolocation,/mnt/ubna_data_02_mir/recover-20220922/UBNA_001/20220921_090000.WAV,Telephone Field,recover-20220922,001,1795
1589.8505,1589.8906,68437,82316,Rhinolophus ferrumequinum,0.027,0.027,-1,Echolocation,/mnt/ubna_data_02_mir/recover-20220922/UBNA_001/20220921_090000.WAV,Telephone Field,recover-20220922,001,1795
1589.8855,1589.9248,68437,82411,Rhinolophus ferrumequinum,0.022,0.022,-1,Echolocation,/mnt/ubna_data_02_mir/recover-20220922/UBNA_001/20220921_090000.WAV,Telephone Field,recover-20220922,001,1795
1589.9175,1589.9288999999999,28046,34527,Eptesicus serotinus,0.019,0.035,-1,Echolocation,/mnt/ubna_data_02_mir/recover-20220922/UBNA_001/20220921_090000.WAV,Telephone Field,recover-20220922,001,1795
1589.9285,1589.937,24609,32823,Plecotus austriacus,0.008,0.025,-1,Echolocation,/mnt/ubna_data_02_mir/recover-20220922/UBNA_001/20220921_090000.WAV,Telephone Field,recover-20220922,001,1795
1589.9805,1589.9915,22890,27694,Nyctalus leisleri,0.011,0.022,-1,Echolocation,/mnt/ubna_data_02_mir/recover-20220922/UBNA_001/20220921_090000.WAV,Telephone Field,recover-20220922,001,1795
1590.0015,1590.0291,69296,80576,Rhinolophus ferrumequinum,0.027,0.028,-1,Echolocation,/mnt/ubna_data_02_mir/recover-20220922/UBNA_001/20220921_090000.WAV,Telephone Field,recover-20220922,001,1795
1590.0015,1590.0092,26328,39989,Eptesicus serotinus,0.006,0.022,-1,Echolocation,/mnt/ubna_data_02_mir/recover-20220922/UBNA_001/20220921_090000.WAV,Telephone Field,recover-20220922,001,1795
1590.0165,1590.0584,68437,82165,Rhinolophus ferrumequinum,0.025,0.025,-1,Echolocation,/mnt/ubna_data_02_mir/recover-20220922/UBNA_001/20220921_090000.WAV,Telephone Field,recover-20220922,001,1795
1590.0595,1590.0677,28046,38221,Eptesicus serotinus,0.009,0.024,-1,Echolocation,/mnt/ubna_data_02_mir/recover-20220922/UBNA_001/20220921_090000.WAV,Telephone Field,recover-20220922,001,1795
1590.0765,1590.1155,68437,82091,Rhinolophus ferrumequinum,0.022,0.022,-1,Echolocation,/mnt/ubna_data_02_mir/recover-20220922/UBNA_001/20220921_090000.WAV,Telephone Field,recover-20220922,001,1795
1590.0845,1590.1244,68437,82524,Rhinolophus ferrumequinum,0.022,0.022,-1,Echolocation,/mnt/ubna_data_02_mir/recover-20220922/UBNA_001/20220921_090000.WAV,Telephone Field,recover-20220922,001,1795
1590.0905,1590.0999,23750,30031,Nyctalus leisleri,0.02,0.069,-1,Echolocation,/mnt/ubna_data_02_mir/recover-20220922/UBNA_001/20220921_090000.WAV,Telephone Field,recover-20220922,001,1795
1590.1055,1590.1445,68437,82305,Rhinolophus ferrumequinum,0.023,0.023,-1,Echolocation,/mnt/ubna_data_02_mir/recover-20220922/UBNA_001/20220921_090000.WAV,Telephone Field,recover-20220922,001,1795
1590.1165,1590.1272,23750,28862,Nyctalus leisleri,0.011,0.024,-1,Echolocation,/mnt/ubna_data_02_mir/recover-20220922/UBNA_001/20220921_090000.WAV,Telephone Field,recover-20220922,001,1795
1590.1585,1590.1982,68437,82097,Rhinolophus ferrumequinum,0.022,0.022,-1,Echolocation,/mnt/ubna_data_02_mir/recover-20220922/UBNA_001/20220921_090000.WAV,Telephone Field,recover-20220922,001,1795
1590.2175,1590.2246,28046,39506,Eptesicus serotinus,0.006,0.021,-1,Echolocation,/mnt/ubna_data_02_mir/recover-20220922/UBNA_001/20220921_090000.WAV,Telephone Field,recover-20220922,001,1795
1590.2185,1590.2569,68437,82204,Rhinolophus ferrumequinum,0.025,0.025,-1,Echolocation,/mnt/ubna_data_02_mir/recover-20220922/UBNA_001/20220921_090000.WAV,Telephone Field,recover-20220922,001,1795
1590.2375,1590.2753,68437,82275,Rhinolophus ferrumequinum,0.023,0.024,-1,Echolocation,/mnt/ubna_data_02_mir/recover-20220922/UBNA_001/20220921_090000.WAV,Telephone Field,recover-20220922,001,1795
1590.2465,1590.2814,68437,81372,Rhinolophus ferrumequinum,0.022,0.022,-1,Echolocation,/mnt/ubna_data_02_mir/recover-20220922/UBNA_001/20220921_090000.WAV,Telephone Field,recover-20220922,001,1795
1590.2685,1590.278,23750,30596,Nyctalus leisleri,0.007,0.02,-1,Echolocation,/mnt/ubna_data_02_mir/recover-20220922/UBNA_001/20220921_090000.WAV,Telephone Field,recover-20220922,001,1795
1590.2955,1590.3332,68437,81886,Rhinolophus ferrumequinum,0.022,0.022,-1,Echolocation,/mnt/ubna_data_02_mir/recover-20220922/UBNA_001/20220921_090000.WAV,Telephone Field,recover-20220922,001,1795
1590.3095,1590.3214,22890,27194,Nyctalus leisleri,0.016,0.027,-1,Echolocation,/mnt/ubna_data_02_mir/recover-20220922/UBNA_001/20220921_090000.WAV,Telephone Field,recover-20220922,001,1795
1590.4305,1590.4373,27187,38600,Eptesicus serotinus,0.006,0.022,-1,Echolocation,/mnt/ubna_data_02_mir/recover-20220922/UBNA_001/20220921_090000.WAV,Telephone Field,recover-20220922,001,1795
1590.4505,1590.4848,68437,80886,Rhinolophus ferrumequinum,0.021,0.021,-1,Echolocation,/mnt/ubna_data_02_mir/recover-20220922/UBNA_001/20220921_090000.WAV,Telephone Field,recover-20220922,001,1795
1590.4825,1590.4899,25468,34867,Plecotus austriacus,0.006,0.023,-1,Echolocation,/mnt/ubna_data_02_mir/recover-20220922/UBNA_001/20220921_090000.WAV,Telephone Field,recover-20220922,001,1795
1590.5205,1590.5572,68437,81086,Rhinolophus ferrumequinum,0.02,0.02,-1,Echolocation,/mnt/ubna_data_02_mir/recover-20220922/UBNA_001/20220921_090000.WAV,Telephone Field,recover-20220922,001,1795
1590.5545,1590.5936,68437,82090,Rhinolophus ferrumequinum,0.023,0.023,-1,Echolocation,/mnt/ubna_data_02_mir/recover-20220922/UBNA_001/20220921_090000.WAV,Telephone Field,recover-20220922,001,1795
1590.5845,1590.5931,28046,39992,Eptesicus serotinus,0.009,0.022,-1,Echolocation,/mnt/ubna_data_02_mir/recover-20220922/UBNA_001/20220921_090000.WAV,Telephone Field,recover-20220922,001,1795
1590.6415,1590.6792,68437,82188,Rhinolophus ferrumequinum,0.024,0.024,-1,Echolocation,/mnt/ubna_data_02_mir/recover-20220922/UBNA_001/20220921_090000.WAV,Telephone Field,recover-20220922,001,1795
1590.6505,1590.6601,28906,36283,Eptesicus serotinus,0.009,0.023,-1,Echolocation,/mnt/ubna_data_02_mir/recover-20220922/UBNA_001/20220921_090000.WAV,Telephone Field,recover-20220922,001,1795
1590.6755,1590.7127,68437,81426,Rhinolophus ferrumequinum,0.023,0.023,-1,Echolocation,/mnt/ubna_data_02_mir/recover-20220922/UBNA_001/20220921_090000.WAV,Telephone Field,recover-20220922,001,1795
1590.6775,1590.6879,28046,35770,Eptesicus serotinus,0.01,0.021,-1,Echolocation,/mnt/ubna_data_02_mir/recover-20220922/UBNA_001/20220921_090000.WAV,Telephone Field,recover-20220922,001,1795
1590.6955,1590.7341,68437,81990,Rhinolophus ferrumequinum,0.023,0.023,-1,Echolocation,/mnt/ubna_data_02_mir/recover-20220922/UBNA_001/20220921_090000.WAV,Telephone Field,recover-20220922,001,1795
1590.7355,1590.7432,28906,37817,Eptesicus serotinus,0.007,0.022,-1,Echolocation,/mnt/ubna_data_02_mir/recover-20220922/UBNA_001/20220921_090000.WAV,Telephone Field,recover-20220922,001,1795
1590.7445,1590.7834,68437,81954,Rhinolophus ferrumequinum,0.023,0.023,-1,Echolocation,/mnt/ubna_data_02_mir/recover-20220922/UBNA_001/20220921_090000.WAV,Telephone Field,recover-20220922,001,1795
1590.7725,1590.8131,68437,82313,Rhinolophus ferrumequinum,0.022,0.022,-1,Echolocation,/mnt/ubna_data_02_mir/recover-20220922/UBNA_001/20220921_090000.WAV,Telephone Field,recover-20220922,001,1795
1590.7745,1590.7815,28906,39683,Eptesicus serotinus,0.006,0.023,-1,Echolocation,/mnt/ubna_data_02_mir/recover-20220922/UBNA_001/20220921_090000.WAV,Telephone Field,recover-20220922,001,1795
1590.8205,1590.8606,68437,82037,Rhinolophus ferrumequinum,0.023,0.023,-1,Echolocation,/mnt/ubna_data_02_mir/recover-20220922/UBNA_001/20220921_090000.WAV,Telephone Field,recover-20220922,001,1795
1590.8265,1590.8642,68437,82048,Rhinolophus ferrumequinum,0.022,0.022,-1,Echolocation,/mnt/ubna_data_02_mir/recover-20220922/UBNA_001/20220921_090000.WAV,Telephone Field,recover-20220922,001,1795
1590.8285,1590.8377,24609,32576,Eptesicus serotinus,0.007,0.021,-1,Echolocation,/mnt/ubna_data_02_mir/recover-20220922/UBNA_001/20220921_090000.WAV,Telephone Field,recover-20220922,001,1795
1590.8685,1590.8759,25468,35100,Plecotus austriacus,0.007,0.026,-1,Echolocation,/mnt/ubna_data_02_mir/recover-20220922/UBNA_001/20220921_090000.WAV,Telephone Field,recover-20220922,001,1795
1590.9575,1590.9654,28046,39433,Eptesicus serotinus,0.008,0.025,-1,Echolocation,/mnt/ubna_data_02_mir/recover-20220922/UBNA_001/20220921_090000.WAV,Telephone Field,recover-20220922,001,1795
1590.9805,1591.0162,68437,81538,Rhinolophus ferrumequinum,0.022,0.022,-1,Echolocation,/mnt/ubna_data_02_mir/recover-20220922/UBNA_001/20220921_090000.WAV,Telephone Field,recover-20220922,001,1795
1591.0085,1591.048,68437,82263,Rhinolophus ferrumequinum,0.021,0.021,-1,Echolocation,/mnt/ubna_data_02_mir/recover-20220922/UBNA_001/20220921_090000.WAV,Telephone Field,recover-20220922,001,1795
1591.0175,1591.0258,28906,38424,Eptesicus serotinus,0.008,0.021,-1,Echolocation,/mnt/ubna_data_02_mir/recover-20220922/UBNA_001/20220921_090000.WAV,Telephone Field,recover-20220922,001,1795
1591.0445,1591.0831,68437,81247,Rhinolophus ferrumequinum,0.025,0.025,-1,Echolocation,/mnt/ubna_data_02_mir/recover-20220922/UBNA_001/20220921_090000.WAV,Telephone Field,recover-20220922,001,1795
1591.1215,1591.1594,68437,82022,Rhinolophus ferrumequinum,0.021,0.021,-1,Echolocation,/mnt/ubna_data_02_mir/recover-20220922/UBNA_001/20220921_090000.WAV,Telephone Field,recover-20220922,001,1795
1591.1285,1591.1675,68437,82021,Rhinolophus ferrumequinum,0.021,0.021,-1,Echolocation,/mnt/ubna_data_02_mir/recover-20220922/UBNA_001/20220921_090000.WAV,Telephone Field,recover-20220922,001,1795
1591.1555,1591.1926,68437,81870,Rhinolophus ferrumequinum,0.024,0.024,-1,Echolocation,/mnt/ubna_data_02_mir/recover-20220922/UBNA_001/20220921_090000.WAV,Telephone Field,recover-20220922,001,1795
1591.1615,1591.171,26328,37984,Eptesicus serotinus,0.008,0.021,-1,Echolocation,/mnt/ubna_data_02_mir/recover-20220922/UBNA_001/20220921_090000.WAV,Telephone Field,recover-20220922,001,1795
1591.1685,1591.1787,23750,29674,Nyctalus leisleri,0.01,0.023,-1,Echolocation,/mnt/ubna_data_02_mir/recover-20220922/UBNA_001/20220921_090000.WAV,Telephone Field,recover-20220922,001,1795
1591.1755,1591.1849,24609,31639,Nyctalus leisleri,0.007,0.02,-1,Echolocation,/mnt/ubna_data_02_mir/recover-20220922/UBNA_001/20220921_090000.WAV,Telephone Field,recover-20220922,001,1795
1591.1875,1591.1963,28906,37036,Eptesicus serotinus,0.01,0.027,-1,Echolocation,/mnt/ubna_data_02_mir/recover-20220922/UBNA_001/20220921_090000.WAV,Telephone Field,recover-20220922,001,1795
1591.1885,1591.2295,68437,82621,Rhinolophus ferrumequinum,0.023,0.023,-1,Echolocation,/mnt/ubna_data_02_mir/recover-20220922/UBNA_001/20220921_090000.WAV,Telephone Field,recover-20220922,001,1795
1591.2005,1591.2388,68437,83000,Rhinolophus ferrumequinum,0.024,0.024,-1,Echolocation,/mnt/ubna_data_02_mir/recover-20220922/UBNA_001/20220921_090000.WAV,Telephone Field,recover-20220922,001,1795
1591.2205,1591.23,27187,36351,Eptesicus serotinus,0.008,0.02,-1,Echolocation,/mnt/ubna_data_02_mir/recover-20220922/UBNA_001/20220921_090000.WAV,Telephone Field,recover-20220922,001,1795
1591.2625,1591.3011,68437,81826,Rhinolophus ferrumequinum,0.024,0.024,-1,Echolocation,/mnt/ubna_data_02_mir/recover-20220922/UBNA_001/20220921_090000.WAV,Telephone Field,recover-20220922,001,1795
1591.2635,1591.2729,23750,31680,Plecotus austriacus,0.009,0.028,-1,Echolocation,/mnt/ubna_data_02_mir/recover-20220922/UBNA_001/20220921_090000.WAV,Telephone Field,recover-20220922,001,1795
1591.2875,1591.3253,68437,81503,Rhinolophus ferrumequinum,0.02,0.021,-1,Echolocation,/mnt/ubna_data_02_mir/recover-20220922/UBNA_001/20220921_090000.WAV,Telephone Field,recover-20220922,001,1795
1591.3115,1591.3489,68437,81603,Rhinolophus ferrumequinum,0.021,0.021,-1,Echolocation,/mnt/ubna_data_02_mir/recover-20220922/UBNA_001/20220921_090000.WAV,Telephone Field,recover-20220922,001,1795
1591.3245,1591.3621,68437,80971,Rhinolophus ferrumequinum,0.02,0.02,-1,Echolocation,/mnt/ubna_data_02_mir/recover-20220922/UBNA_001/20220921_090000.WAV,Telephone Field,recover-20220922,001,1795
1591.3305,1591.3682,68437,81910,Rhinolophus ferrumequinum,0.021,0.021,-1,Echolocation,/mnt/ubna_data_02_mir/recover-20220922/UBNA_001/20220921_090000.WAV,Telephone Field,recover-20220922,001,1795
1591.3335,1591.3414,28046,40319,Eptesicus serotinus,0.007,0.02,-1,Echolocation,/mnt/ubna_data_02_mir/recover-20220922/UBNA_001/20220921_090000.WAV,Telephone Field,recover-20220922,001,1795
1591.3365,1591.3757,68437,82323,Rhinolophus ferrumequinum,0.02,0.02,-1,Echolocation,/mnt/ubna_data_02_mir/recover-20220922/UBNA_001/20220921_090000.WAV,Telephone Field,recover-20220922,001,1795
1591.3585,1591.3697,41796,48627,Pipistrellus nathusii,0.008,0.026,-1,Echolocation,/mnt/ubna_data_02_mir/recover-20220922/UBNA_001/20220921_090000.WAV,Telephone Field,recover-20220922,001,1795
1591.3605,1591.3686,23750,31770,Plecotus austriacus,0.009,0.023,-1,Echolocation,/mnt/ubna_data_02_mir/recover-20220922/UBNA_001/20220921_090000.WAV,Telephone Field,recover-20220922,001,1795
1591.3645,1591.4045,68437,82365,Rhinolophus ferrumequinum,0.02,0.02,-1,Echolocation,/mnt/ubna_data_02_mir/recover-20220922/UBNA_001/20220921_090000.WAV,Telephone Field,recover-20220922,001,1795
1591.3805,1591.3907,28906,35518,Eptesicus serotinus,0.012,0.026,-1,Echolocation,/mnt/ubna_data_02_mir/recover-20220922/UBNA_001/20220921_090000.WAV,Telephone Field,recover-20220922,001,1795
1591.3985,1591.4386,68437,82207,Rhinolophus ferrumequinum,0.021,0.021,-1,Echolocation,/mnt/ubna_data_02_mir/recover-20220922/UBNA_001/20220921_090000.WAV,Telephone Field,recover-20220922,001,1795
1591.4355,1591.4758,68437,82031,Rhinolophus ferrumequinum,0.022,0.022,-1,Echolocation,/mnt/ubna_data_02_mir/recover-20220922/UBNA_001/20220921_090000.WAV,Telephone Field,recover-20220922,001,1795
1591.4435,1591.4601,21171,23717,Nyctalus leisleri,0.014,0.021,-1,Echolocation,/mnt/ubna_data_02_mir/recover-20220922/UBNA_001/20220921_090000.WAV,Telephone Field,recover-20220922,001,1795
1591.4595,1591.4978,68437,81651,Rhinolophus ferrumequinum,0.021,0.021,-1,Echolocation,/mnt/ubna_data_02_mir/recover-20220922/UBNA_001/20220921_090000.WAV,Telephone Field,recover-20220922,001,1795
1591.4645,1591.4749,23750,29525,Nyctalus leisleri,0.011,0.026,-1,Echolocation,/mnt/ubna_data_02_mir/recover-20220922/UBNA_001/20220921_090000.WAV,Telephone Field,recover-20220922,001,1795
1591.4685,1591.5077,68437,82214,Rhinolophus ferrumequinum,0.021,0.021,-1,Echolocation,/mnt/ubna_data_02_mir/recover-20220922/UBNA_001/20220921_090000.WAV,Telephone Field,recover-20220922,001,1795
1591.4765,1591.495,19453,22111,Nyctalus leisleri,0.015,0.026,-1,Echolocation,/mnt/ubna_data_02_mir/recover-20220922/UBNA_001/20220921_090000.WAV,Telephone Field,recover-20220922,001,1795
1591.4805,1591.5196,68437,82243,Rhinolophus ferrumequinum,0.023,0.023,-1,Echolocation,/mnt/ubna_data_02_mir/recover-20220922/UBNA_001/20220921_090000.WAV,Telephone Field,recover-20220922,001,1795
1591.4995,1591.5389,68437,81879,Rhinolophus ferrumequinum,0.02,0.02,-1,Echolocation,/mnt/ubna_data_02_mir/recover-20220922/UBNA_001/20220921_090000.WAV,Telephone Field,recover-20220922,001,1795
1591.5205,1591.5595,68437,82070,Rhinolophus ferrumequinum,0.029,0.029,-1,Echolocation,/mnt/ubna_data_02_mir/recover-20220922/UBNA_001/20220921_090000.WAV,Telephone Field,recover-20220922,001,1795
1591.5265,1591.5668,68437,82594,Rhinolophus ferrumequinum,0.024,0.024,-1,Echolocation,/mnt/ubna_data_02_mir/recover-20220922/UBNA_001/20220921_090000.WAV,Telephone Field,recover-20220922,001,1795
1591.5495,1591.5674,20312,23960,Nyctalus leisleri,0.02,0.041,-1,Echolocation,/mnt/ubna_data_02_mir/recover-20220922/UBNA_001/20220921_090000.WAV,Telephone Field,recover-20220922,001,1795
1591.5565,1591.5962,68437,82784,Rhinolophus ferrumequinum,0.029,0.029,-1,Echolocation,/mnt/ubna_data_02_mir/recover-20220922/UBNA_001/20220921_090000.WAV,Telephone Field,recover-20220922,001,1795
1591.5695,1591.6065,68437,81565,Rhinolophus ferrumequinum,0.022,0.022,-1,Echolocation,/mnt/ubna_data_02_mir/recover-20220922/UBNA_001/20220921_090000.WAV,Telephone Field,recover-20220922,001,1795
1591.5755,1591.5846,27187,34566,Eptesicus serotinus,0.012,0.03,-1,Echolocation,/mnt/ubna_data_02_mir/recover-20220922/UBNA_001/20220921_090000.WAV,Telephone Field,recover-20220922,001,1795
1591.6075,1591.6486,68437,83051,Rhinolophus ferrumequinum,0.029,0.029,-1,Echolocation,/mnt/ubna_data_02_mir/recover-20220922/UBNA_001/20220921_090000.WAV,Telephone Field,recover-20220922,001,1795
1591.6615,1591.7035,68437,82876,Rhinolophus ferrumequinum,0.028,0.028,-1,Echolocation,/mnt/ubna_data_02_mir/recover-20220922/UBNA_001/20220921_090000.WAV,Telephone Field,recover-20220922,001,1795
1591.6995,1591.7398,68437,82400,Rhinolophus ferrumequinum,0.02,0.021,-1,Echolocation,/mnt/ubna_data_02_mir/recover-20220922/UBNA_001/20220921_090000.WAV,Telephone Field,recover-20220922,001,1795
1591.7605,1591.799,68437,81817,Rhinolophus ferrumequinum,0.021,0.021,-1,Echolocation,/mnt/ubna_data_02_mir/recover-20220922/UBNA_001/20220921_090000.WAV,Telephone Field,recover-20220922,001,1795
1591.7665,1591.7781,23750,29139,Nyctalus leisleri,0.011,0.026,-1,Echolocation,/mnt/ubna_data_02_mir/recover-20220922/UBNA_001/20220921_090000.WAV,Telephone Field,recover-20220922,001,1795
1591.7675,1591.806,68437,81917,Rhinolophus ferrumequinum,0.022,0.023,-1,Echolocation,/mnt/ubna_data_02_mir/recover-20220922/UBNA_001/20220921_090000.WAV,Telephone Field,recover-20220922,001,1795
1591.7875,1591.7972,25468,33571,Eptesicus serotinus,0.009,0.022,-1,Echolocation,/mnt/ubna_data_02_mir/recover-20220922/UBNA_001/20220921_090000.WAV,Telephone Field,recover-20220922,001,1795
1591.8235,1591.8609,68437,81281,Rhinolophus ferrumequinum,0.021,0.021,-1,Echolocation,/mnt/ubna_data_02_mir/recover-20220922/UBNA_001/20220921_090000.WAV,Telephone Field,recover-20220922,001,1795
1591.8375,1591.846,22890,30658,Plecotus austriacus,0.009,0.021,-1,Echolocation,/mnt/ubna_data_02_mir/recover-20220922/UBNA_001/20220921_090000.WAV,Telephone Field,recover-20220922,001,1795
1591.8615,1591.9034,68437,82473,Rhinolophus ferrumequinum,0.025,0.025,-1,Echolocation,/mnt/ubna_data_02_mir/recover-20220922/UBNA_001/20220921_090000.WAV,Telephone Field,recover-20220922,001,1795
1591.8795,1591.888,28046,38712,Eptesicus serotinus,0.007,0.02,-1,Echolocation,/mnt/ubna_data_02_mir/recover-20220922/UBNA_001/20220921_090000.WAV,Telephone Field,recover-20220922,001,1795
1591.8925,1591.9332,68437,82437,Rhinolophus ferrumequinum,0.02,0.02,-1,Echolocation,/mnt/ubna_data_02_mir/recover-20220922/UBNA_001/20220921_090000.WAV,Telephone Field,recover-20220922,001,1795
1591.9215,1591.9285,28046,40366,Eptesicus serotinus,0.006,0.021,-1,Echolocation,/mnt/ubna_data_02_mir/recover-20220922/UBNA_001/20220921_090000.WAV,Telephone Field,recover-20220922,001,1795
1591.9545,1591.9638,28906,38860,Eptesicus serotinus,0.01,0.025,-1,Echolocation,/mnt/ubna_data_02_mir/recover-20220922/UBNA_001/20220921_090000.WAV,Telephone Field,recover-20220922,001,1795
1591.9755,1591.9838,28906,35859,Eptesicus serotinus,0.016,0.036,-1,Echolocation,/mnt/ubna_data_02_mir/recover-20220922/UBNA_001/20220921_090000.WAV,Telephone Field,recover-20220922,001,1795
1592.0015,1592.0097,22890,29030,Nyctalus leisleri,0.01,0.028,-1,Echolocation,/mnt/ubna_data_02_mir/recover-20220922/UBNA_001/20220921_090000.WAV,Telephone Field,recover-20220922,001,1795
1592.0015,1592.0319,68437,80193,Rhinolophus ferrumequinum,0.04,0.041,-1,Echolocation,/mnt/ubna_data_02_mir/recover-20220922/UBNA_001/20220921_090000.WAV,Telephone Field,recover-20220922,001,1795
1592.0015,1592.0098,46093,50744,Pipistrellus pipistrellus,0.018,0.026,-1,Echolocation,/mnt/ubna_data_02_mir/recover-20220922/UBNA_001/20220921_090000.WAV,Telephone Field,recover-20220922,001,1795
1592.0135,1592.0508,68437,82075,Rhinolophus ferrumequinum,0.022,0.022,-1,Echolocation,/mnt/ubna_data_02_mir/recover-20220922/UBNA_001/20220921_090000.WAV,Telephone Field,recover-20220922,001,1795
1592.0205,1592.0596,68437,82555,Rhinolophus ferrumequinum,0.021,0.021,-1,Echolocation,/mnt/ubna_data_02_mir/recover-20220922/UBNA_001/20220921_090000.WAV,Telephone Field,recover-20220922,001,1795
1592.0265,1592.0353,49531,53264,Pipistrellus pipistrellus,0.039,0.043,-1,Echolocation,/mnt/ubna_data_02_mir/recover-20220922/UBNA_001/20220921_090000.WAV,Telephone Field,recover-20220922,001,1795
1592.0445,1592.0818,68437,81239,Rhinolophus ferrumequinum,0.023,0.023,-1,Echolocation,/mnt/ubna_data_02_mir/recover-20220922/UBNA_001/20220921_090000.WAV,Telephone Field,recover-20220922,001,1795
1592.0505,1592.0847,68437,79888,Rhinolophus ferrumequinum,0.022,0.023,-1,Echolocation,/mnt/ubna_data_02_mir/recover-20220922/UBNA_001/20220921_090000.WAV,Telephone Field,recover-20220922,001,1795
1592.0995,1592.138,68437,82567,Rhinolophus ferrumequinum,0.023,0.023,-1,Echolocation,/mnt/ubna_data_02_mir/recover-20220922/UBNA_001/20220921_090000.WAV,Telephone Field,recover-20220922,001,1795
1592.1205,1592.1264,48671,53101,Pipistrellus pipistrellus,0.025,0.026,-1,Echolocation,/mnt/ubna_data_02_mir/recover-20220922/UBNA_001/20220921_090000.WAV,Telephone Field,recover-20220922,001,1795
1592.1355,1592.1469,28046,35261,Eptesicus serotinus,0.013,0.024,-1,Echolocation,/mnt/ubna_data_02_mir/recover-20220922/UBNA_001/20220921_090000.WAV,Telephone Field,recover-20220922,001,1795
1592.1445,1592.1876,68437,83194,Rhinolophus ferrumequinum,0.026,0.026,-1,Echolocation,/mnt/ubna_data_02_mir/recover-20220922/UBNA_001/20220921_090000.WAV,Telephone Field,recover-20220922,001,1795
1592.1485,1592.1564,24609,33322,Plecotus austriacus,0.007,0.023,-1,Echolocation,/mnt/ubna_data_02_mir/recover-20220922/UBNA_001/20220921_090000.WAV,Telephone Field,recover-20220922,001,1795
1592.1745,1592.2132,68437,81830,Rhinolophus ferrumequinum,0.021,0.021,-1,Echolocation,/mnt/ubna_data_02_mir/recover-20220922/UBNA_001/20220921_090000.WAV,Telephone Field,recover-20220922,001,1795
1592.2005,1592.24,68437,82046,Rhinolophus ferrumequinum,0.021,0.021,-1,Echolocation,/mnt/ubna_data_02_mir/recover-20220922/UBNA_001/20220921_090000.WAV,Telephone Field,recover-20220922,001,1795
1592.2235,1592.2619,68437,82080,Rhinolophus ferrumequinum,0.021,0.021,-1,Echolocation,/mnt/ubna_data_02_mir/recover-20220922/UBNA_001/20220921_090000.WAV,Telephone Field,recover-20220922,001,1795
1592.2355,1592.2481,28906,34296,Eptesicus serotinus,0.012,0.027,-1,Echolocation,/mnt/ubna_data_02_mir/recover-20220922/UBNA_001/20220921_090000.WAV,Telephone Field,recover-20220922,001,1795
1592.2425,1592.2832,68437,82588,Rhinolophus ferrumequinum,0.023,0.023,-1,Echolocation,/mnt/ubna_data_02_mir/recover-20220922/UBNA_001/20220921_090000.WAV,Telephone Field,recover-20220922,001,1795
1592.2485,1592.2898,68437,82507,Rhinolophus ferrumequinum,0.024,0.024,-1,Echolocation,/mnt/ubna_data_02_mir/recover-20220922/UBNA_001/20220921_090000.WAV,Telephone Field,recover-20220922,001,1795
1592.2675,1592.2782,24609,31154,Nyctalus leisleri,0.01,0.026,-1,Echolocation,/mnt/ubna_data_02_mir/recover-20220922/UBNA_001/20220921_090000.WAV,Telephone Field,recover-20220922,001,1795
1592.2685,1592.3131,68437,83225,Rhinolophus ferrumequinum,0.059,0.059,-1,Echolocation,/mnt/ubna_data_02_mir/recover-20220922/UBNA_001/20220921_090000.WAV,Telephone Field,recover-20220922,001,1795
1592.2905,1592.3297,68437,82031,Rhinolophus ferrumequinum,0.021,0.021,-1,Echolocation,/mnt/ubna_data_02_mir/recover-20220922/UBNA_001/20220921_090000.WAV,Telephone Field,recover-20220922,001,1795
1592.3085,1592.3463,68437,81645,Rhinolophus ferrumequinum,0.021,0.021,-1,Echolocation,/mnt/ubna_data_02_mir/recover-20220922/UBNA_001/20220921_090000.WAV,Telephone Field,recover-20220922,001,1795
1592.3185,1592.3567,68437,82576,Rhinolophus ferrumequinum,0.022,0.022,-1,Echolocation,/mnt/ubna_data_02_mir/recover-20220922/UBNA_001/20220921_090000.WAV,Telephone Field,recover-20220922,001,1795
1592.3355,1592.3423,28046,40442,Eptesicus serotinus,0.006,0.023,-1,Echolocation,/mnt/ubna_data_02_mir/recover-20220922/UBNA_001/20220921_090000.WAV,Telephone Field,recover-20220922,001,1795
1592.3495,1592.3684,22890,26718,Nyctalus leisleri,0.019,0.033,-1,Echolocation,/mnt/ubna_data_02_mir/recover-20220922/UBNA_001/20220921_090000.WAV,Telephone Field,recover-20220922,001,1795
1592.3685,1592.4048,68437,81724,Rhinolophus ferrumequinum,0.021,0.021,-1,Echolocation,/mnt/ubna_data_02_mir/recover-20220922/UBNA_001/20220921_090000.WAV,Telephone Field,recover-20220922,001,1795
1592.4005,1592.4136,23750,28389,Nyctalus leisleri,0.018,0.033,-1,Echolocation,/mnt/ubna_data_02_mir/recover-20220922/UBNA_001/20220921_090000.WAV,Telephone Field,recover-20220922,001,1795
1592.4035,1592.4423,68437,81741,Rhinolophus ferrumequinum,0.022,0.022,-1,Echolocation,/mnt/ubna_data_02_mir/recover-20220922/UBNA_001/20220921_090000.WAV,Telephone Field,recover-20220922,001,1795
1592.4295,1592.4414,22890,27971,Nyctalus leisleri,0.016,0.03,-1,Echolocation,/mnt/ubna_data_02_mir/recover-20220922/UBNA_001/20220921_090000.WAV,Telephone Field,recover-20220922,001,1795
1592.4355,1592.4722,68437,81888,Rhinolophus ferrumequinum,0.021,0.021,-1,Echolocation,/mnt/ubna_data_02_mir/recover-20220922/UBNA_001/20220921_090000.WAV,Telephone Field,recover-20220922,001,1795
1592.4385,1592.446,28046,37432,Eptesicus serotinus,0.007,0.024,-1,Echolocation,/mnt/ubna_data_02_mir/recover-20220922/UBNA_001/20220921_090000.WAV,Telephone Field,recover-20220922,001,1795
1592.4465,1592.4828,68437,81644,Rhinolophus ferrumequinum,0.023,0.023,-1,Echolocation,/mnt/ubna_data_02_mir/recover-20220922/UBNA_001/20220921_090000.WAV,Telephone Field,recover-20220922,001,1795
1592.4525,1592.492,68437,82570,Rhinolophus ferrumequinum,0.022,0.022,-1,Echolocation,/mnt/ubna_data_02_mir/recover-20220922/UBNA_001/20220921_090000.WAV,Telephone Field,recover-20220922,001,1795
1592.4795,1592.4871,28046,37688,Eptesicus serotinus,0.007,0.022,-1,Echolocation,/mnt/ubna_data_02_mir/recover-20220922/UBNA_001/20220921_090000.WAV,Telephone Field,recover-20220922,001,1795
1592.4925,1592.5315,68437,82169,Rhinolophus ferrumequinum,0.021,0.021,-1,Echolocation,/mnt/ubna_data_02_mir/recover-20220922/UBNA_001/20220921_090000.WAV,Telephone Field,recover-20220922,001,1795
1592.4965,1592.5052,23750,31699,Plecotus austriacus,0.009,0.025,-1,Echolocation,/mnt/ubna_data_02_mir/recover-20220922/UBNA_001/20220921_090000.WAV,Telephone Field,recover-20220922,001,1795
1592.5455,1592.5807,68437,80991,Rhinolophus ferrumequinum,0.023,0.023,-1,Echolocation,/mnt/ubna_data_02_mir/recover-20220922/UBNA_001/20220921_090000.WAV,Telephone Field,recover-20220922,001,1795
1592.5485,1592.5591,22890,28572,Nyctalus leisleri,0.009,0.024,-1,Echolocation,/mnt/ubna_data_02_mir/recover-20220922/UBNA_001/20220921_090000.WAV,Telephone Field,recover-20220922,001,1795
1592.5595,1592.6031,68437,82905,Rhinolophus ferrumequinum,0.053,0.053,-1,Echolocation,/mnt/ubna_data_02_mir/recover-20220922/UBNA_001/20220921_090000.WAV,Telephone Field,recover-20220922,001,1795
1592.5705,1592.5797,28046,37058,Eptesicus serotinus,0.01,0.024,-1,Echolocation,/mnt/ubna_data_02_mir/recover-20220922/UBNA_001/20220921_090000.WAV,Telephone Field,recover-20220922,001,1795
1592.5775,1592.6166,68437,82225,Rhinolophus ferrumequinum,0.021,0.021,-1,Echolocation,/mnt/ubna_data_02_mir/recover-20220922/UBNA_001/20220921_090000.WAV,Telephone Field,recover-20220922,001,1795
1592.5995,1592.6424,68437,82277,Rhinolophus ferrumequinum,0.035,0.035,-1,Echolocation,/mnt/ubna_data_02_mir/recover-20220922/UBNA_001/20220921_090000.WAV,Telephone Field,recover-20220922,001,1795
1592.6645,1592.7015,68437,81465,Rhinolophus ferrumequinum,0.034,0.034,-1,Echolocation,/mnt/ubna_data_02_mir/recover-20220922/UBNA_001/20220921_090000.WAV,Telephone Field,recover-20220922,001,1795
1592.6755,1592.713,68437,81755,Rhinolophus ferrumequinum,0.021,0.021,-1,Echolocation,/mnt/ubna_data_02_mir/recover-20220922/UBNA_001/20220921_090000.WAV,Telephone Field,recover-20220922,001,1795
1592.6995,1592.7388,68437,82181,Rhinolophus ferrumequinum,0.024,0.025,-1,Echolocation,/mnt/ubna_data_02_mir/recover-20220922/UBNA_001/20220921_090000.WAV,Telephone Field,recover-20220922,001,1795
1592.7075,1592.7156,28046,38436,Eptesicus serotinus,0.006,0.021,-1,Echolocation,/mnt/ubna_data_02_mir/recover-20220922/UBNA_001/20220921_090000.WAV,Telephone Field,recover-20220922,001,1795
1592.7145,1592.7533,68437,82158,Rhinolophus ferrumequinum,0.023,0.023,-1,Echolocation,/mnt/ubna_data_02_mir/recover-20220922/UBNA_001/20220921_090000.WAV,Telephone Field,recover-20220922,001,1795
1592.7345,1592.7437,58125,63436,Pipistrellus pygmaeus,0.022,0.022,-1,Echolocation,/mnt/ubna_data_02_mir/recover-20220922/UBNA_001/20220921_090000.WAV,Telephone Field,recover-20220922,001,1795
1592.7455,1592.7548,28906,37475,Eptesicus serotinus,0.008,0.023,-1,Echolocation,/mnt/ubna_data_02_mir/recover-20220922/UBNA_001/20220921_090000.WAV,Telephone Field,recover-20220922,001,1795
1592.7585,1592.7949,68437,81328,Rhinolophus ferrumequinum,0.022,0.022,-1,Echolocation,/mnt/ubna_data_02_mir/recover-20220922/UBNA_001/20220921_090000.WAV,Telephone Field,recover-20220922,001,1795
1592.7585,1592.7644,25468,37313,Plecotus austriacus,0.013,0.037,-1,Echolocation,/mnt/ubna_data_02_mir/recover-20220922/UBNA_001/20220921_090000.WAV,Telephone Field,recover-20220922,001,1795
1592.8675,1592.9051,68437,81792,Rhinolophus ferrumequinum,0.023,0.023,-1,Echolocation,/mnt/ubna_data_02_mir/recover-20220922/UBNA_001/20220921_090000.WAV,Telephone Field,recover-20220922,001,1795
1592.8955,1592.9074,23750,29921,Nyctalus leisleri,0.012,0.03,-1,Echolocation,/mnt/ubna_data_02_mir/recover-20220922/UBNA_001/20220921_090000.WAV,Telephone Field,recover-20220922,001,1795
1592.9005,1592.9385,68437,81519,Rhinolophus ferrumequinum,0.027,0.027,-1,Echolocation,/mnt/ubna_data_02_mir/recover-20220922/UBNA_001/20220921_090000.WAV,Telephone Field,recover-20220922,001,1795
1592.9105,1592.951,68437,82421,Rhinolophus ferrumequinum,0.031,0.031,-1,Echolocation,/mnt/ubna_data_02_mir/recover-20220922/UBNA_001/20220921_090000.WAV,Telephone Field,recover-20220922,001,1795
1592.9155,1592.9242,28906,39554,Eptesicus serotinus,0.008,0.023,-1,Echolocation,/mnt/ubna_data_02_mir/recover-20220922/UBNA_001/20220921_090000.WAV,Telephone Field,recover-20220922,001,1795
1592.9225,1592.9325,28906,36798,Eptesicus serotinus,0.009,0.021,-1,Echolocation,/mnt/ubna_data_02_mir/recover-20220922/UBNA_001/20220921_090000.WAV,Telephone Field,recover-20220922,001,1795
1592.9285,1592.9664,68437,81435,Rhinolophus ferrumequinum,0.023,0.023,-1,Echolocation,/mnt/ubna_data_02_mir/recover-20220922/UBNA_001/20220921_090000.WAV,Telephone Field,recover-20220922,001,1795
1592.9345,1592.9437,27187,37017,Eptesicus serotinus,0.008,0.021,-1,Echolocation,/mnt/ubna_data_02_mir/recover-20220922/UBNA_001/20220921_090000.WAV,Telephone Field,recover-20220922,001,1795
1592.9565,1592.9625,27187,45550,Myotis daubentonii,0.006,0.023,-1,Echolocation,/mnt/ubna_data_02_mir/recover-20220922/UBNA_001/20220921_090000.WAV,Telephone Field,recover-20220922,001,1795
1592.9565,1592.9621,32343,46081,Myotis daubentonii,0.011,0.022,-1,Echolocation,/mnt/ubna_data_02_mir/recover-20220922/UBNA_001/20220921_090000.WAV,Telephone Field,recover-20220922,001,1795
1592.9715,1592.9814,23750,29777,Nyctalus leisleri,0.01,0.022,-1,Echolocation,/mnt/ubna_data_02_mir/recover-20220922/UBNA_001/20220921_090000.WAV,Telephone Field,recover-20220922,001,1795
1592.9835,1593.0251,68437,82803,Rhinolophus ferrumequinum,0.025,0.025,-1,Echolocation,/mnt/ubna_data_02_mir/recover-20220922/UBNA_001/20220921_090000.WAV,Telephone Field,recover-20220922,001,1795
1593.0015,1593.0419,68437,82466,Rhinolophus ferrumequinum,0.023,0.023,-1,Echolocation,/mnt/ubna_data_02_mir/recover-20220922/UBNA_001/20220921_090000.WAV,Telephone Field,recover-20220922,001,1795
1593.0115,1593.0317,18593,22065,Nyctalus noctula,0.023,0.036,-1,Echolocation,/mnt/ubna_data_02_mir/recover-20220922/UBNA_001/20220921_090000.WAV,Telephone Field,recover-20220922,001,1795
1593.0255,1593.04,22890,26757,Nyctalus leisleri,0.013,0.022,-1,Echolocation,/mnt/ubna_data_02_mir/recover-20220922/UBNA_001/20220921_090000.WAV,Telephone Field,recover-20220922,001,1795
1593.0325,1593.0684,68437,81893,Rhinolophus ferrumequinum,0.022,0.022,-1,Echolocation,/mnt/ubna_data_02_mir/recover-20220922/UBNA_001/20220921_090000.WAV,Telephone Field,recover-20220922,001,1795
1593.0365,1593.0443,26328,35405,Eptesicus serotinus,0.008,0.026,-1,Echolocation,/mnt/ubna_data_02_mir/recover-20220922/UBNA_001/20220921_090000.WAV,Telephone Field,recover-20220922,001,1795
1593.0655,1593.105,68437,82085,Rhinolophus ferrumequinum,0.024,0.024,-1,Echolocation,/mnt/ubna_data_02_mir/recover-20220922/UBNA_001/20220921_090000.WAV,Telephone Field,recover-20220922,001,1795
1593.0765,1593.0952,20312,23060,Nyctalus leisleri,0.018,0.029,-1,Echolocation,/mnt/ubna_data_02_mir/recover-20220922/UBNA_001/20220921_090000.WAV,Telephone Field,recover-20220922,001,1795
1593.0855,1593.1254,68437,82183,Rhinolophus ferrumequinum,0.021,0.021,-1,Echolocation,/mnt/ubna_data_02_mir/recover-20220922/UBNA_001/20220921_090000.WAV,Telephone Field,recover-20220922,001,1795
1593.0885,1593.095,24609,34120,Plecotus austriacus,0.008,0.022,-1,Echolocation,/mnt/ubna_data_02_mir/recover-20220922/UBNA_001/20220921_090000.WAV,Telephone Field,recover-20220922,001,1795
1593.1185,1593.16,68437,82863,Rhinolophus ferrumequinum,0.027,0.027,-1,Echolocation,/mnt/ubna_data_02_mir/recover-20220922/UBNA_001/20220921_090000.WAV,Telephone Field,recover-20220922,001,1795
1593.1315,1593.1715,68437,82863,Rhinolophus ferrumequinum,0.025,0.025,-1,Echolocation,/mnt/ubna_data_02_mir/recover-20220922/UBNA_001/20220921_090000.WAV,Telephone Field,recover-20220922,001,1795
1593.1445,1593.1875,68437,83243,Rhinolophus ferrumequinum,0.029,0.029,-1,Echolocation,/mnt/ubna_data_02_mir/recover-20220922/UBNA_001/20220921_090000.WAV,Telephone Field,recover-20220922,001,1795
1593.1475,1593.1541,28046,40585,Eptesicus serotinus,0.006,0.025,-1,Echolocation,/mnt/ubna_data_02_mir/recover-20220922/UBNA_001/20220921_090000.WAV,Telephone Field,recover-20220922,001,1795
1593.1555,1593.1755,17734,21212,Nyctalus noctula,0.016,0.024,-1,Echolocation,/mnt/ubna_data_02_mir/recover-20220922/UBNA_001/20220921_090000.WAV,Telephone Field,recover-20220922,001,1795
1593.1625,1593.1995,68437,81882,Rhinolophus ferrumequinum,0.024,0.024,-1,Echolocation,/mnt/ubna_data_02_mir/recover-20220922/UBNA_001/20220921_090000.WAV,Telephone Field,recover-20220922,001,1795
1593.1715,1593.1814,27187,36764,Eptesicus serotinus,0.018,0.035,-1,Echolocation,/mnt/ubna_data_02_mir/recover-20220922/UBNA_001/20220921_090000.WAV,Telephone Field,recover-20220922,001,1795
1593.1825,1593.2226,68437,82404,Rhinolophus ferrumequinum,0.021,0.021,-1,Echolocation,/mnt/ubna_data_02_mir/recover-20220922/UBNA_001/20220921_090000.WAV,Telephone Field,recover-20220922,001,1795
1593.1915,1593.2306,68437,82248,Rhinolophus ferrumequinum,0.022,0.022,-1,Echolocation,/mnt/ubna_data_02_mir/recover-20220922/UBNA_001/20220921_090000.WAV,Telephone Field,recover-20220922,001,1795
1593.2045,1593.2141,29765,36919,Eptesicus serotinus,0.012,0.029,-1,Echolocation,/mnt/ubna_data_02_mir/recover-20220922/UBNA_001/20220921_090000.WAV,Telephone Field,recover-20220922,001,1795
1593.2145,1593.2549,68437,82313,Rhinolophus ferrumequinum,0.024,0.024,-1,Echolocation,/mnt/ubna_data_02_mir/recover-20220922/UBNA_001/20220921_090000.WAV,Telephone Field,recover-20220922,001,1795
1593.2435,1593.2502,46093,56674,Pipistrellus pipistrellus,0.022,0.034,-1,Echolocation,/mnt/ubna_data_02_mir/recover-20220922/UBNA_001/20220921_090000.WAV,Telephone Field,recover-20220922,001,1795
1593.2735,1593.3129,68437,82538,Rhinolophus ferrumequinum,0.024,0.024,-1,Echolocation,/mnt/ubna_data_02_mir/recover-20220922/UBNA_001/20220921_090000.WAV,Telephone Field,recover-20220922,001,1795
1593.3025,1593.3434,68437,82916,Rhinolophus ferrumequinum,0.028,0.028,-1,Echolocation,/mnt/ubna_data_02_mir/recover-20220922/UBNA_001/20220921_090000.WAV,Telephone Field,recover-20220922,001,1795
1593.3145,1593.323,26328,36590,Eptesicus serotinus,0.007,0.021,-1,Echolocation,/mnt/ubna_data_02_mir/recover-20220922/UBNA_001/20220921_090000.WAV,Telephone Field,recover-20220922,001,1795
1593.3245,1593.3337,27187,42324,Eptesicus serotinus,0.009,0.022,-1,Echolocation,/mnt/ubna_data_02_mir/recover-20220922/UBNA_001/20220921_090000.WAV,Telephone Field,recover-20220922,001,1795
1593.3415,1593.3855,68437,83339,Rhinolophus ferrumequinum,0.047,0.047,-1,Echolocation,/mnt/ubna_data_02_mir/recover-20220922/UBNA_001/20220921_090000.WAV,Telephone Field,recover-20220922,001,1795
1593.3505,1593.3601,28906,39334,Eptesicus serotinus,0.009,0.024,-1,Echolocation,/mnt/ubna_data_02_mir/recover-20220922/UBNA_001/20220921_090000.WAV,Telephone Field,recover-20220922,001,1795
1593.3635,1593.3698,51250,57565,Pipistrellus pipistrellus,0.027,0.03,-1,Echolocation,/mnt/ubna_data_02_mir/recover-20220922/UBNA_001/20220921_090000.WAV,Telephone Field,recover-20220922,001,1795
1593.3645,1593.4023,68437,81994,Rhinolophus ferrumequinum,0.021,0.021,-1,Echolocation,/mnt/ubna_data_02_mir/recover-20220922/UBNA_001/20220921_090000.WAV,Telephone Field,recover-20220922,001,1795
1593.3725,1593.4119,68437,82025,Rhinolophus ferrumequinum,0.023,0.023,-1,Echolocation,/mnt/ubna_data_02_mir/recover-20220922/UBNA_001/20220921_090000.WAV,Telephone Field,recover-20220922,001,1795
1593.3885,1593.4275,68437,82346,Rhinolophus ferrumequinum,0.026,0.026,-1,Echolocation,/mnt/ubna_data_02_mir/recover-20220922/UBNA_001/20220921_090000.WAV,Telephone Field,recover-20220922,001,1795
1593.4195,1593.4595,68437,82947,Rhinolophus ferrumequinum,0.032,0.032,-1,Echolocation,/mnt/ubna_data_02_mir/recover-20220922/UBNA_001/20220921_090000.WAV,Telephone Field,recover-20220922,001,1795
1593.4275,1593.4344,24609,33458,Plecotus austriacus,0.007,0.022,-1,Echolocation,/mnt/ubna_data_02_mir/recover-20220922/UBNA_001/20220921_090000.WAV,Telephone Field,recover-20220922,001,1795
1593.4505,1593.489,68437,82097,Rhinolophus ferrumequinum,0.022,0.022,-1,Echolocation,/mnt/ubna_data_02_mir/recover-20220922/UBNA_001/20220921_090000.WAV,Telephone Field,recover-20220922,001,1795
1593.4665,1593.4769,24609,30746,Nyctalus leisleri,0.009,0.023,-1,Echolocation,/mnt/ubna_data_02_mir/recover-20220922/UBNA_001/20220921_090000.WAV,Telephone Field,recover-20220922,001,1795
1593.4675,1593.5076,68437,81958,Rhinolophus ferrumequinum,0.025,0.025,-1,Echolocation,/mnt/ubna_data_02_mir/recover-20220922/UBNA_001/20220921_090000.WAV,Telephone Field,recover-20220922,001,1795
1593.4845,1593.5237,68437,82675,Rhinolophus ferrumequinum,0.024,0.024,-1,Echolocation,/mnt/ubna_data_02_mir/recover-20220922/UBNA_001/20220921_090000.WAV,Telephone Field,recover-20220922,001,1795
1593.4935,1593.5038,28046,35620,Eptesicus serotinus,0.022,0.038,-1,Echolocation,/mnt/ubna_data_02_mir/recover-20220922/UBNA_001/20220921_090000.WAV,Telephone Field,recover-20220922,001,1795
1593.5085,1593.5476,68437,81729,Rhinolophus ferrumequinum,0.021,0.021,-1,Echolocation,/mnt/ubna_data_02_mir/recover-20220922/UBNA_001/20220921_090000.WAV,Telephone Field,recover-20220922,001,1795
1593.5215,1593.5619,68437,82702,Rhinolophus ferrumequinum,0.021,0.021,-1,Echolocation,/mnt/ubna_data_02_mir/recover-20220922/UBNA_001/20220921_090000.WAV,Telephone Field,recover-20220922,001,1795
1593.5685,1593.6047,68437,81071,Rhinolophus ferrumequinum,0.021,0.021,-1,Echolocation,/mnt/ubna_data_02_mir/recover-20220922/UBNA_001/20220921_090000.WAV,Telephone Field,recover-20220922,001,1795
1593.5895,1593.6311,68437,82862,Rhinolophus ferrumequinum,0.038,0.038,-1,Echolocation,/mnt/ubna_data_02_mir/recover-20220922/UBNA_001/20220921_090000.WAV,Telephone Field,recover-20220922,001,1795
1593.6435,1593.6818,68437,82034,Rhinolophus ferrumequinum,0.021,0.021,-1,Echolocation,/mnt/ubna_data_02_mir/recover-20220922/UBNA_001/20220921_090000.WAV,Telephone Field,recover-20220922,001,1795
1593.6555,1593.6944,68437,82468,Rhinolophus ferrumequinum,0.026,0.026,-1,Echolocation,/mnt/ubna_data_02_mir/recover-20220922/UBNA_001/20220921_090000.WAV,Telephone Field,recover-20220922,001,1795
1593.6845,1593.6914,28046,37616,Eptesicus serotinus,0.006,0.023,-1,Echolocation,/mnt/ubna_data_02_mir/recover-20220922/UBNA_001/20220921_090000.WAV,Telephone Field,recover-20220922,001,1795
1593.6885,1593.7264,68437,82315,Rhinolophus ferrumequinum,0.023,0.023,-1,Echolocation,/mnt/ubna_data_02_mir/recover-20220922/UBNA_001/20220921_090000.WAV,Telephone Field,recover-20220922,001,1795
1593.7515,1593.7936,68437,82550,Rhinolophus ferrumequinum,0.032,0.032,-1,Echolocation,/mnt/ubna_data_02_mir/recover-20220922/UBNA_001/20220921_090000.WAV,Telephone Field,recover-20220922,001,1795
1593.7545,1593.7632,27187,37059,Eptesicus serotinus,0.009,0.025,-1,Echolocation,/mnt/ubna_data_02_mir/recover-20220922/UBNA_001/20220921_090000.WAV,Telephone Field,recover-20220922,001,1795
1593.7825,1593.8205,68437,81923,Rhinolophus ferrumequinum,0.021,0.021,-1,Echolocation,/mnt/ubna_data_02_mir/recover-20220922/UBNA_001/20220921_090000.WAV,Telephone Field,recover-20220922,001,1795
1593.8125,1593.8515,68437,82268,Rhinolophus ferrumequinum,0.024,0.024,-1,Echolocation,/mnt/ubna_data_02_mir/recover-20220922/UBNA_001/20220921_090000.WAV,Telephone Field,recover-20220922,001,1795
1593.8705,1593.9103,68437,82025,Rhinolophus ferrumequinum,0.026,0.026,-1,Echolocation,/mnt/ubna_data_02_mir/recover-20220922/UBNA_001/20220921_090000.WAV,Telephone Field,recover-20220922,001,1795
1593.8855,1593.9267,68437,82442,Rhinolophus ferrumequinum,0.029,0.029,-1,Echolocation,/mnt/ubna_data_02_mir/recover-20220922/UBNA_001/20220921_090000.WAV,Telephone Field,recover-20220922,001,1795
1593.8915,1593.9004,28046,39158,Eptesicus serotinus,0.009,0.022,-1,Echolocation,/mnt/ubna_data_02_mir/recover-20220922/UBNA_001/20220921_090000.WAV,Telephone Field,recover-20220922,001,1795
1593.9215,1593.9305,24609,32819,Nyctalus leisleri,0.006,0.021,-1,Echolocation,/mnt/ubna_data_02_mir/recover-20220922/UBNA_001/20220921_090000.WAV,Telephone Field,recover-20220922,001,1795
1593.9315,1593.9765,68437,83743,Rhinolophus ferrumequinum,0.04,0.04,-1,Echolocation,/mnt/ubna_data_02_mir/recover-20220922/UBNA_001/20220921_090000.WAV,Telephone Field,recover-20220922,001,1795
1593.9395,1593.9472,28046,37645,Eptesicus serotinus,0.006,0.021,-1,Echolocation,/mnt/ubna_data_02_mir/recover-20220922/UBNA_001/20220921_090000.WAV,Telephone Field,recover-20220922,001,1795
1593.9665,1593.9783,40937,46718,Pipistrellus nathusii,0.007,0.022,-1,Echolocation,/mnt/ubna_data_02_mir/recover-20220922/UBNA_001/20220921_090000.WAV,Telephone Field,recover-20220922,001,1795
1594.0015,1594.0114,27187,35041,Eptesicus serotinus,0.013,0.036,-1,Echolocation,/mnt/ubna_data_02_mir/recover-20220922/UBNA_001/20220921_090000.WAV,Telephone Field,recover-20220922,001,1795
1594.0015,1594.0366,69296,81634,Rhinolophus ferrumequinum,0.038,0.038,-1,Echolocation,/mnt/ubna_data_02_mir/recover-20220922/UBNA_001/20220921_090000.WAV,Telephone Field,recover-20220922,001,1795
1594.0025,1594.0146,54687,60228,Pipistrellus pygmaeus,0.031,0.034,-1,Echolocation,/mnt/ubna_data_02_mir/recover-20220922/UBNA_001/20220921_090000.WAV,Telephone Field,recover-20220922,001,1795
1594.0115,1594.0541,68437,82770,Rhinolophus ferrumequinum,0.025,0.025,-1,Echolocation,/mnt/ubna_data_02_mir/recover-20220922/UBNA_001/20220921_090000.WAV,Telephone Field,recover-20220922,001,1795
1594.0375,1594.079,68437,82773,Rhinolophus ferrumequinum,0.023,0.023,-1,Echolocation,/mnt/ubna_data_02_mir/recover-20220922/UBNA_001/20220921_090000.WAV,Telephone Field,recover-20220922,001,1795
1594.0435,1594.0534,28906,36881,Eptesicus serotinus,0.01,0.023,-1,Echolocation,/mnt/ubna_data_02_mir/recover-20220922/UBNA_001/20220921_090000.WAV,Telephone Field,recover-20220922,001,1795
1594.0895,1594.1281,68437,82066,Rhinolophus ferrumequinum,0.021,0.021,-1,Echolocation,/mnt/ubna_data_02_mir/recover-20220922/UBNA_001/20220921_090000.WAV,Telephone Field,recover-20220922,001,1795
1594.0985,1594.1381,68437,82346,Rhinolophus ferrumequinum,0.022,0.022,-1,Echolocation,/mnt/ubna_data_02_mir/recover-20220922/UBNA_001/20220921_090000.WAV,Telephone Field,recover-20220922,001,1795
1594.1245,1594.1577,68437,80651,Rhinolophus ferrumequinum,0.024,0.024,-1,Echolocation,/mnt/ubna_data_02_mir/recover-20220922/UBNA_001/20220921_090000.WAV,Telephone Field,recover-20220922,001,1795
1594.1385,1594.1465,14296,27880,Plecotus auritus,0.018,0.026,-1,Echolocation,/mnt/ubna_data_02_mir/recover-20220922/UBNA_001/20220921_090000.WAV,Telephone Field,recover-20220922,001,1795
1594.1575,1594.1969,68437,82382,Rhinolophus ferrumequinum,0.022,0.022,-1,Echolocation,/mnt/ubna_data_02_mir/recover-20220922/UBNA_001/20220921_090000.WAV,Telephone Field,recover-20220922,001,1795
1594.1755,1594.2147,68437,82587,Rhinolophus ferrumequinum,0.04,0.04,-1,Echolocation,/mnt/ubna_data_02_mir/recover-20220922/UBNA_001/20220921_090000.WAV,Telephone Field,recover-20220922,001,1795
1594.1955,1594.2029,28906,37533,Eptesicus serotinus,0.007,0.022,-1,Echolocation,/mnt/ubna_data_02_mir/recover-20220922/UBNA_001/20220921_090000.WAV,Telephone Field,recover-20220922,001,1795
1594.2065,1594.2445,68437,81890,Rhinolophus ferrumequinum,0.023,0.023,-1,Echolocation,/mnt/ubna_data_02_mir/recover-20220922/UBNA_001/20220921_090000.WAV,Telephone Field,recover-20220922,001,1795
1594.2385,1594.25,22890,28256,Nyctalus leisleri,0.011,0.024,-1,Echolocation,/mnt/ubna_data_02_mir/recover-20220922/UBNA_001/20220921_090000.WAV,Telephone Field,recover-20220922,001,1795
1594.2435,1594.285,68437,82824,Rhinolophus ferrumequinum,0.027,0.027,-1,Echolocation,/mnt/ubna_data_02_mir/recover-20220922/UBNA_001/20220921_090000.WAV,Telephone Field,recover-20220922,001,1795
1594.2675,1594.2773,22031,28580,Plecotus austriacus,0.009,0.026,-1,Echolocation,/mnt/ubna_data_02_mir/recover-20220922/UBNA_001/20220921_090000.WAV,Telephone Field,recover-20220922,001,1795
1594.2785,1594.2872,28046,39673,Eptesicus serotinus,0.009,0.022,-1,Echolocation,/mnt/ubna_data_02_mir/recover-20220922/UBNA_001/20220921_090000.WAV,Telephone Field,recover-20220922,001,1795
1594.2795,1594.3206,68437,82337,Rhinolophus ferrumequinum,0.046,0.046,-1,Echolocation,/mnt/ubna_data_02_mir/recover-20220922/UBNA_001/20220921_090000.WAV,Telephone Field,recover-20220922,001,1795
1594.3305,1594.3379,28906,38046,Eptesicus serotinus,0.007,0.023,-1,Echolocation,/mnt/ubna_data_02_mir/recover-20220922/UBNA_001/20220921_090000.WAV,Telephone Field,recover-20220922,001,1795
1594.3445,1594.3833,68437,82473,Rhinolophus ferrumequinum,0.022,0.022,-1,Echolocation,/mnt/ubna_data_02_mir/recover-20220922/UBNA_001/20220921_090000.WAV,Telephone Field,recover-20220922,001,1795
1594.3485,1594.3579,28906,37306,Eptesicus serotinus,0.008,0.021,-1,Echolocation,/mnt/ubna_data_02_mir/recover-20220922/UBNA_001/20220921_090000.WAV,Telephone Field,recover-20220922,001,1795
1594.3895,1594.4331,68437,83481,Rhinolophus ferrumequinum,0.044,0.044,-1,Echolocation,/mnt/ubna_data_02_mir/recover-20220922/UBNA_001/20220921_090000.WAV,Telephone Field,recover-20220922,001,1795
1594.3905,1594.3986,26328,35512,Eptesicus serotinus,0.01,0.026,-1,Echolocation,/mnt/ubna_data_02_mir/recover-20220922/UBNA_001/20220921_090000.WAV,Telephone Field,recover-20220922,001,1795
1594.4215,1594.4648,68437,82922,Rhinolophus ferrumequinum,0.041,0.041,-1,Echolocation,/mnt/ubna_data_02_mir/recover-20220922/UBNA_001/20220921_090000.WAV,Telephone Field,recover-20220922,001,1795
1594.4605,1594.5008,68437,81795,Rhinolophus ferrumequinum,0.023,0.023,-1,Echolocation,/mnt/ubna_data_02_mir/recover-20220922/UBNA_001/20220921_090000.WAV,Telephone Field,recover-20220922,001,1795
1594.4705,1594.483,22031,26111,Nyctalus leisleri,0.015,0.026,-1,Echolocation,/mnt/ubna_data_02_mir/recover-20220922/UBNA_001/20220921_090000.WAV,Telephone Field,recover-20220922,001,1795
1594.4745,1594.5164,68437,82018,Rhinolophus ferrumequinum,0.024,0.024,-1,Echolocation,/mnt/ubna_data_02_mir/recover-20220922/UBNA_001/20220921_090000.WAV,Telephone Field,recover-20220922,001,1795
1594.4865,1594.5245,68437,82084,Rhinolophus ferrumequinum,0.024,0.024,-1,Echolocation,/mnt/ubna_data_02_mir/recover-20220922/UBNA_001/20220921_090000.WAV,Telephone Field,recover-20220922,001,1795
1594.4935,1594.5311,68437,82291,Rhinolophus ferrumequinum,0.022,0.022,-1,Echolocation,/mnt/ubna_data_02_mir/recover-20220922/UBNA_001/20220921_090000.WAV,Telephone Field,recover-20220922,001,1795
1594.5295,1594.5664,68437,81989,Rhinolophus ferrumequinum,0.022,0.022,-1,Echolocation,/mnt/ubna_data_02_mir/recover-20220922/UBNA_001/20220921_090000.WAV,Telephone Field,recover-20220922,001,1795
1594.5525,1594.5954,68437,83122,Rhinolophus ferrumequinum,0.039,0.039,-1,Echolocation,/mnt/ubna_data_02_mir/recover-20220922/UBNA_001/20220921_090000.WAV,Telephone Field,recover-20220922,001,1795
1594.5845,1594.6284,68437,83582,Rhinolophus ferrumequinum,0.037,0.037,-1,Echolocation,/mnt/ubna_data_02_mir/recover-20220922/UBNA_001/20220921_090000.WAV,Telephone Field,recover-20220922,001,1795
1594.5895,1594.6011,40078,43781,Pipistrellus nathusii,0.011,0.033,-1,Echolocation,/mnt/ubna_data_02_mir/recover-20220922/UBNA_001/20220921_090000.WAV,Telephone Field,recover-20220922,001,1795
1594.6235,1594.6324,28046,42182,Eptesicus serotinus,0.008,0.022,-1,Echolocation,/mnt/ubna_data_02_mir/recover-20220922/UBNA_001/20220921_090000.WAV,Telephone Field,recover-20220922,001,1795
1594.6825,1594.723,68437,82606,Rhinolophus ferrumequinum,0.024,0.024,-1,Echolocation,/mnt/ubna_data_02_mir/recover-20220922/UBNA_001/20220921_090000.WAV,Telephone Field,recover-20220922,001,1795
1594.7115,1594.7205,24609,32369,Eptesicus serotinus,0.007,0.022,-1,Echolocation,/mnt/ubna_data_02_mir/recover-20220922/UBNA_001/20220921_090000.WAV,Telephone Field,recover-20220922,001,1795
1594.7205,1594.7585,68437,81831,Rhinolophus ferrumequinum,0.023,0.023,-1,Echolocation,/mnt/ubna_data_02_mir/recover-20220922/UBNA_001/20220921_090000.WAV,Telephone Field,recover-20220922,001,1795
1594.7265,1594.76,68437,81142,Rhinolophus ferrumequinum,0.023,0.024,-1,Echolocation,/mnt/ubna_data_02_mir/recover-20220922/UBNA_001/20220921_090000.WAV,Telephone Field,recover-20220922,001,1795
1594.7375,1594.7796,68437,82090,Rhinolophus ferrumequinum,0.024,0.024,-1,Echolocation,/mnt/ubna_data_02_mir/recover-20220922/UBNA_001/20220921_090000.WAV,Telephone Field,recover-20220922,001,1795
1594.7545,1594.762,26328,38178,Eptesicus serotinus,0.007,0.022,-1,Echolocation,/mnt/ubna_data_02_mir/recover-20220922/UBNA_001/20220921_090000.WAV,Telephone Field,recover-20220922,001,1795
1594.7835,1594.8231,68437,82088,Rhinolophus ferrumequinum,0.023,0.023,-1,Echolocation,/mnt/ubna_data_02_mir/recover-20220922/UBNA_001/20220921_090000.WAV,Telephone Field,recover-20220922,001,1795
1594.7995,1594.8145,28906,35948,Eptesicus serotinus,0.022,0.033,-1,Echolocation,/mnt/ubna_data_02_mir/recover-20220922/UBNA_001/20220921_090000.WAV,Telephone Field,recover-20220922,001,1795
1594.8055,1594.8447,68437,82423,Rhinolophus ferrumequinum,0.021,0.021,-1,Echolocation,/mnt/ubna_data_02_mir/recover-20220922/UBNA_001/20220921_090000.WAV,Telephone Field,recover-20220922,001,1795
1594.8265,1594.8653,68437,82035,Rhinolophus ferrumequinum,0.026,0.026,-1,Echolocation,/mnt/ubna_data_02_mir/recover-20220922/UBNA_001/20220921_090000.WAV,Telephone Field,recover-20220922,001,1795
1594.8335,1594.8439,24609,31349,Nyctalus leisleri,0.01,0.029,-1,Echolocation,/mnt/ubna_data_02_mir/recover-20220922/UBNA_001/20220921_090000.WAV,Telephone Field,recover-20220922,001,1795
1594.8785,1594.9177,68437,82218,Rhinolophus ferrumequinum,0.026,0.026,-1,Echolocation,/mnt/ubna_data_02_mir/recover-20220922/UBNA_001/20220921_090000.WAV,Telephone Field,recover-20220922,001,1795
1594.9075,1594.947,68437,82037,Rhinolophus ferrumequinum,0.022,0.022,-1,Echolocation,/mnt/ubna_data_02_mir/recover-20220922/UBNA_001/20220921_090000.WAV,Telephone Field,recover-20220922,001,1795
1594.9225,1594.9608,68437,81656,Rhinolophus ferrumequinum,0.022,0.022,-1,Echolocation,/mnt/ubna_data_02_mir/recover-20220922/UBNA_001/20220921_090000.WAV,Telephone Field,recover-20220922,001,1795
1594.9625,1594.972,28046,37268,Eptesicus serotinus,0.012,0.028,-1,Echolocation,/mnt/ubna_data_02_mir/recover-20220922/UBNA_001/20220921_090000.WAV,Telephone Field,recover-20220922,001,1795
1594.9625,1595.0049,68437,82908,Rhinolophus ferrumequinum,0.025,0.025,-1,Echolocation,/mnt/ubna_data_02_mir/recover-20220922/UBNA_001/20220921_090000.WAV,Telephone Field,recover-20220922,001,1795
1594.9705,1595.0125,68437,83049,Rhinolophus ferrumequinum,0.029,0.029,-1,Echolocation,/mnt/ubna_data_02_mir/recover-20220922/UBNA_001/20220921_090000.WAV,Telephone Field,recover-20220922,001,1795
1594.9885,1595.0284,68437,82681,Rhinolophus ferrumequinum,0.03,0.03,-1,Echolocation,/mnt/ubna_data_02_mir/recover-20220922/UBNA_001/20220921_090000.WAV,Telephone Field,recover-20220922,001,1795
1595.0425,1595.0835,68437,82729,Rhinolophus ferrumequinum,0.033,0.033,-1,Echolocation,/mnt/ubna_data_02_mir/recover-20220922/UBNA_001/20220921_090000.WAV,Telephone Field,recover-20220922,001,1795
1595.1135,1595.1536,68437,82025,Rhinolophus ferrumequinum,0.023,0.023,-1,Echolocation,/mnt/ubna_data_02_mir/recover-20220922/UBNA_001/20220921_090000.WAV,Telephone Field,recover-20220922,001,1795
1595.1305,1595.1721,68437,82634,Rhinolophus ferrumequinum,0.023,0.023,-1,Echolocation,/mnt/ubna_data_02_mir/recover-20220922/UBNA_001/20220921_090000.WAV,Telephone Field,recover-20220922,001,1795
1595.1325,1595.1514,16015,20214,Nyctalus noctula,0.022,0.031,-1,Echolocation,/mnt/ubna_data_02_mir/recover-20220922/UBNA_001/20220921_090000.WAV,Telephone Field,recover-20220922,001,1795
1595.1725,1595.2138,68437,82541,Rhinolophus ferrumequinum,0.023,0.024,-1,Echolocation,/mnt/ubna_data_02_mir/recover-20220922/UBNA_001/20220921_090000.WAV,Telephone Field,recover-20220922,001,1795
1595.2205,1595.2276,28046,40797,Eptesicus serotinus,0.007,0.025,-1,Echolocation,/mnt/ubna_data_02_mir/recover-20220922/UBNA_001/20220921_090000.WAV,Telephone Field,recover-20220922,001,1795
1595.2215,1595.2615,68437,82487,Rhinolophus ferrumequinum,0.022,0.022,-1,Echolocation,/mnt/ubna_data_02_mir/recover-20220922/UBNA_001/20220921_090000.WAV,Telephone Field,recover-20220922,001,1795
1595.2455,1595.2872,68437,83132,Rhinolophus ferrumequinum,0.035,0.035,-1,Echolocation,/mnt/ubna_data_02_mir/recover-20220922/UBNA_001/20220921_090000.WAV,Telephone Field,recover-20220922,001,1795
1595.2495,1595.2603,22890,28675,Nyctalus leisleri,0.011,0.025,-1,Echolocation,/mnt/ubna_data_02_mir/recover-20220922/UBNA_001/20220921_090000.WAV,Telephone Field,recover-20220922,001,1795
1595.2655,1595.3058,68437,82897,Rhinolophus ferrumequinum,0.033,0.033,-1,Echolocation,/mnt/ubna_data_02_mir/recover-20220922/UBNA_001/20220921_090000.WAV,Telephone Field,recover-20220922,001,1795
1595.3065,1595.3433,68437,82321,Rhinolophus ferrumequinum,0.022,0.022,-1,Echolocation,/mnt/ubna_data_02_mir/recover-20220922/UBNA_001/20220921_090000.WAV,Telephone Field,recover-20220922,001,1795
1595.3455,1595.3585,27187,32552,Eptesicus serotinus,0.014,0.031,-1,Echolocation,/mnt/ubna_data_02_mir/recover-20220922/UBNA_001/20220921_090000.WAV,Telephone Field,recover-20220922,001,1795
1595.3495,1595.3915,68437,82681,Rhinolophus ferrumequinum,0.023,0.023,-1,Echolocation,/mnt/ubna_data_02_mir/recover-20220922/UBNA_001/20220921_090000.WAV,Telephone Field,recover-20220922,001,1795
1595.3675,1595.4035,68437,81430,Rhinolophus ferrumequinum,0.023,0.023,-1,Echolocation,/mnt/ubna_data_02_mir/recover-20220922/UBNA_001/20220921_090000.WAV,Telephone Field,recover-20220922,001,1795
1595.3695,1595.3797,47812,54657,Pipistrellus pipistrellus,0.031,0.035,-1,Echolocation,/mnt/ubna_data_02_mir/recover-20220922/UBNA_001/20220921_090000.WAV,Telephone Field,recover-20220922,001,1795
1595.3915,1595.4303,68437,81313,Rhinolophus ferrumequinum,0.021,0.022,-1,Echolocation,/mnt/ubna_data_02_mir/recover-20220922/UBNA_001/20220921_090000.WAV,Telephone Field,recover-20220922,001,1795
1595.4035,1595.4127,25468,34477,Eptesicus serotinus,0.01,0.031,-1,Echolocation,/mnt/ubna_data_02_mir/recover-20220922/UBNA_001/20220921_090000.WAV,Telephone Field,recover-20220922,001,1795
1595.4435,1595.4819,68437,82043,Rhinolophus ferrumequinum,0.033,0.033,-1,Echolocation,/mnt/ubna_data_02_mir/recover-20220922/UBNA_001/20220921_090000.WAV,Telephone Field,recover-20220922,001,1795
1595.4455,1595.4547,27187,37163,Eptesicus serotinus,0.009,0.022,-1,Echolocation,/mnt/ubna_data_02_mir/recover-20220922/UBNA_001/20220921_090000.WAV,Telephone Field,recover-20220922,001,1795
1595.4755,1595.5135,68437,82028,Rhinolophus ferrumequinum,0.023,0.023,-1,Echolocation,/mnt/ubna_data_02_mir/recover-20220922/UBNA_001/20220921_090000.WAV,Telephone Field,recover-20220922,001,1795
1595.5065,1595.5155,28046,39155,Eptesicus serotinus,0.01,0.026,-1,Echolocation,/mnt/ubna_data_02_mir/recover-20220922/UBNA_001/20220921_090000.WAV,Telephone Field,recover-20220922,001,1795
1595.5245,1595.5647,68437,83083,Rhinolophus ferrumequinum,0.024,0.024,-1,Echolocation,/mnt/ubna_data_02_mir/recover-20220922/UBNA_001/20220921_090000.WAV,Telephone Field,recover-20220922,001,1795
1595.5455,1595.5866,68437,82890,Rhinolophus ferrumequinum,0.028,0.028,-1,Echolocation,/mnt/ubna_data_02_mir/recover-20220922/UBNA_001/20220921_090000.WAV,Telephone Field,recover-20220922,001,1795
1595.5565,1595.5955,68437,82116,Rhinolophus ferrumequinum,0.023,0.023,-1,Echolocation,/mnt/ubna_data_02_mir/recover-20220922/UBNA_001/20220921_090000.WAV,Telephone Field,recover-20220922,001,1795
1595.6225,1595.6606,68437,81543,Rhinolophus ferrumequinum,0.023,0.023,-1,Echolocation,/mnt/ubna_data_02_mir/recover-20220922/UBNA_001/20220921_090000.WAV,Telephone Field,recover-20220922,001,1795
1595.6305,1595.667,68437,80893,Rhinolophus ferrumequinum,0.024,0.024,-1,Echolocation,/mnt/ubna_data_02_mir/recover-20220922/UBNA_001/20220921_090000.WAV,Telephone Field,recover-20220922,001,1795
1595.6455,1595.6868,68437,83121,Rhinolophus ferrumequinum,0.03,0.03,-1,Echolocation,/mnt/ubna_data_02_mir/recover-20220922/UBNA_001/20220921_090000.WAV,Telephone Field,recover-20220922,001,1795
1595.6505,1595.662,28906,35017,Eptesicus serotinus,0.013,0.027,-1,Echolocation,/mnt/ubna_data_02_mir/recover-20220922/UBNA_001/20220921_090000.WAV,Telephone Field,recover-20220922,001,1795
1595.6595,1595.6744,27187,31027,Nyctalus leisleri,0.017,0.035,-1,Echolocation,/mnt/ubna_data_02_mir/recover-20220922/UBNA_001/20220921_090000.WAV,Telephone Field,recover-20220922,001,1795
1595.6745,1595.7138,68437,82056,Rhinolophus ferrumequinum,0.022,0.023,-1,Echolocation,/mnt/ubna_data_02_mir/recover-20220922/UBNA_001/20220921_090000.WAV,Telephone Field,recover-20220922,001,1795
1595.7105,1595.7184,26328,36532,Eptesicus serotinus,0.013,0.032,-1,Echolocation,/mnt/ubna_data_02_mir/recover-20220922/UBNA_001/20220921_090000.WAV,Telephone Field,recover-20220922,001,1795
1595.7195,1595.7596,68437,82805,Rhinolophus ferrumequinum,0.023,0.023,-1,Echolocation,/mnt/ubna_data_02_mir/recover-20220922/UBNA_001/20220921_090000.WAV,Telephone Field,recover-20220922,001,1795
1595.7345,1595.7773,68437,83446,Rhinolophus ferrumequinum,0.031,0.031,-1,Echolocation,/mnt/ubna_data_02_mir/recover-20220922/UBNA_001/20220921_090000.WAV,Telephone Field,recover-20220922,001,1795
1595.7425,1595.7809,68437,82498,Rhinolophus ferrumequinum,0.024,0.024,-1,Echolocation,/mnt/ubna_data_02_mir/recover-20220922/UBNA_001/20220921_090000.WAV,Telephone Field,recover-20220922,001,1795
1595.7605,1595.7734,22890,27675,Nyctalus leisleri,0.012,0.024,-1,Echolocation,/mnt/ubna_data_02_mir/recover-20220922/UBNA_001/20220921_090000.WAV,Telephone Field,recover-20220922,001,1795
1595.7715,1595.8119,68437,82289,Rhinolophus ferrumequinum,0.022,0.022,-1,Echolocation,/mnt/ubna_data_02_mir/recover-20220922/UBNA_001/20220921_090000.WAV,Telephone Field,recover-20220922,001,1795
1595.7975,1595.8085,25468,32673,Eptesicus serotinus,0.013,0.029,-1,Echolocation,/mnt/ubna_data_02_mir/recover-20220922/UBNA_001/20220921_090000.WAV,Telephone Field,recover-20220922,001,1795
1595.8295,1595.8674,68437,81551,Rhinolophus ferrumequinum,0.022,0.022,-1,Echolocation,/mnt/ubna_data_02_mir/recover-20220922/UBNA_001/20220921_090000.WAV,Telephone Field,recover-20220922,001,1795
1595.8425,1595.886,68437,83069,Rhinolophus ferrumequinum,0.036,0.036,-1,Echolocation,/mnt/ubna_data_02_mir/recover-20220922/UBNA_001/20220921_090000.WAV,Telephone Field,recover-20220922,001,1795
1595.9035,1595.9418,68437,81835,Rhinolophus ferrumequinum,0.022,0.022,-1,Echolocation,/mnt/ubna_data_02_mir/recover-20220922/UBNA_001/20220921_090000.WAV,Telephone Field,recover-20220922,001,1795
1595.9125,1595.9215,26328,36116,Eptesicus serotinus,0.009,0.023,-1,Echolocation,/mnt/ubna_data_02_mir/recover-20220922/UBNA_001/20220921_090000.WAV,Telephone Field,recover-20220922,001,1795
1595.9315,1595.9719,68437,82687,Rhinolophus ferrumequinum,0.025,0.025,-1,Echolocation,/mnt/ubna_data_02_mir/recover-20220922/UBNA_001/20220921_090000.WAV,Telephone Field,recover-20220922,001,1795
1595.9385,1595.948,28906,39492,Eptesicus serotinus,0.012,0.027,-1,Echolocation,/mnt/ubna_data_02_mir/recover-20220922/UBNA_001/20220921_090000.WAV,Telephone Field,recover-20220922,001,1795
1595.9715,1595.9794,28046,40109,Eptesicus serotinus,0.008,0.022,-1,Echolocation,/mnt/ubna_data_02_mir/recover-20220922/UBNA_001/20220921_090000.WAV,Telephone Field,recover-20220922,001,1795
1596.0015,1596.01,40937,45430,Pipistrellus nathusii,0.027,0.047,-1,Echolocation,/mnt/ubna_data_02_mir/recover-20220922/UBNA_001/20220921_090000.WAV,Telephone Field,recover-20220922,001,1795
1596.0015,1596.0344,69296,81616,Rhinolophus ferrumequinum,0.031,0.032,-1,Echolocation,/mnt/ubna_data_02_mir/recover-20220922/UBNA_001/20220921_090000.WAV,Telephone Field,recover-20220922,001,1795
1596.0015,1596.0106,23750,33859,Nyctalus leisleri,0.012,0.037,-1,Echolocation,/mnt/ubna_data_02_mir/recover-20220922/UBNA_001/20220921_090000.WAV,Telephone Field,recover-20220922,001,1795
1596.0315,1596.0675,68437,81091,Rhinolophus ferrumequinum,0.025,0.025,-1,Echolocation,/mnt/ubna_data_02_mir/recover-20220922/UBNA_001/20220921_090000.WAV,Telephone Field,recover-20220922,001,1795
1596.0395,1596.0781,68437,82272,Rhinolophus ferrumequinum,0.023,0.023,-1,Echolocation,/mnt/ubna_data_02_mir/recover-20220922/UBNA_001/20220921_090000.WAV,Telephone Field,recover-20220922,001,1795
1596.0535,1596.0914,68437,82080,Rhinolophus ferrumequinum,0.021,0.021,-1,Echolocation,/mnt/ubna_data_02_mir/recover-20220922/UBNA_001/20220921_090000.WAV,Telephone Field,recover-20220922,001,1795
1596.1085,1596.118,26328,33793,Eptesicus serotinus,0.01,0.024,-1,Echolocation,/mnt/ubna_data_02_mir/recover-20220922/UBNA_001/20220921_090000.WAV,Telephone Field,recover-20220922,001,1795
1596.1495,1596.1905,68437,82705,Rhinolophus ferrumequinum,0.035,0.035,-1,Echolocation,/mnt/ubna_data_02_mir/recover-20220922/UBNA_001/20220921_090000.WAV,Telephone Field,recover-20220922,001,1795
1596.2075,1596.2454,68437,81606,Rhinolophus ferrumequinum,0.022,0.022,-1,Echolocation,/mnt/ubna_data_02_mir/recover-20220922/UBNA_001/20220921_090000.WAV,Telephone Field,recover-20220922,001,1795
1596.2265,1596.2359,28906,39944,Eptesicus serotinus,0.014,0.032,-1,Echolocation,/mnt/ubna_data_02_mir/recover-20220922/UBNA_001/20220921_090000.WAV,Telephone Field,recover-20220922,001,1795
1596.2545,1596.27,23750,29342,Nyctalus leisleri,0.026,0.068,-1,Echolocation,/mnt/ubna_data_02_mir/recover-20220922/UBNA_001/20220921_090000.WAV,Telephone Field,recover-20220922,001,1795
1596.2875,1596.2973,26328,34171,Eptesicus serotinus,0.016,0.034,-1,Echolocation,/mnt/ubna_data_02_mir/recover-20220922/UBNA_001/20220921_090000.WAV,Telephone Field,recover-20220922,001,1795
1596.2965,1596.3326,68437,81069,Rhinolophus ferrumequinum,0.021,0.021,-1,Echolocation,/mnt/ubna_data_02_mir/recover-20220922/UBNA_001/20220921_090000.WAV,Telephone Field,recover-20220922,001,1795
1596.3075,1596.3151,28046,38378,Eptesicus serotinus,0.007,0.023,-1,Echolocation,/mnt/ubna_data_02_mir/recover-20220922/UBNA_001/20220921_090000.WAV,Telephone Field,recover-20220922,001,1795
1596.3115,1596.3437,68437,80636,Rhinolophus ferrumequinum,0.021,0.021,-1,Echolocation,/mnt/ubna_data_02_mir/recover-20220922/UBNA_001/20220921_090000.WAV,Telephone Field,recover-20220922,001,1795
1596.3185,1596.3301,25468,31662,Eptesicus serotinus,0.01,0.023,-1,Echolocation,/mnt/ubna_data_02_mir/recover-20220922/UBNA_001/20220921_090000.WAV,Telephone Field,recover-20220922,001,1795
1596.3305,1596.3707,68437,82776,Rhinolophus ferrumequinum,0.029,0.029,-1,Echolocation,/mnt/ubna_data_02_mir/recover-20220922/UBNA_001/20220921_090000.WAV,Telephone Field,recover-20220922,001,1795
1596.3445,1596.3843,68437,82324,Rhinolophus ferrumequinum,0.023,0.023,-1,Echolocation,/mnt/ubna_data_02_mir/recover-20220922/UBNA_001/20220921_090000.WAV,Telephone Field,recover-20220922,001,1795
1596.3585,1596.3665,27187,40872,Eptesicus serotinus,0.007,0.023,-1,Echolocation,/mnt/ubna_data_02_mir/recover-20220922/UBNA_001/20220921_090000.WAV,Telephone Field,recover-20220922,001,1795
1596.3715,1596.4088,68437,81995,Rhinolophus ferrumequinum,0.021,0.021,-1,Echolocation,/mnt/ubna_data_02_mir/recover-20220922/UBNA_001/20220921_090000.WAV,Telephone Field,recover-20220922,001,1795
1596.4315,1596.4738,68437,82888,Rhinolophus ferrumequinum,0.044,0.044,-1,Echolocation,/mnt/ubna_data_02_mir/recover-20220922/UBNA_001/20220921_090000.WAV,Telephone Field,recover-20220922,001,1795
1596.4965,1596.5309,68437,80891,Rhinolophus ferrumequinum,0.021,0.021,-1,Echolocation,/mnt/ubna_data_02_mir/recover-20220922/UBNA_001/20220921_090000.WAV,Telephone Field,recover-20220922,001,1795
1596.5015,1596.5386,68437,81793,Rhinolophus ferrumequinum,0.021,0.021,-1,Echolocation,/mnt/ubna_data_02_mir/recover-20220922/UBNA_001/20220921_090000.WAV,Telephone Field,recover-20220922,001,1795
1596.5145,1596.5537,68437,82052,Rhinolophus ferrumequinum,0.021,0.021,-1,Echolocation,/mnt/ubna_data_02_mir/recover-20220922/UBNA_001/20220921_090000.WAV,Telephone Field,recover-20220922,001,1795
1596.5205,1596.5306,23750,29646,Nyctalus leisleri,0.013,0.033,-1,Echolocation,/mnt/ubna_data_02_mir/recover-20220922/UBNA_001/20220921_090000.WAV,Telephone Field,recover-20220922,001,1795
1596.5345,1596.5724,68437,81609,Rhinolophus ferrumequinum,0.022,0.022,-1,Echolocation,/mnt/ubna_data_02_mir/recover-20220922/UBNA_001/20220921_090000.WAV,Telephone Field,recover-20220922,001,1795
1596.5385,1596.5483,23750,31507,Nyctalus leisleri,0.011,0.036,-1,Echolocation,/mnt/ubna_data_02_mir/recover-20220922/UBNA_001/20220921_090000.WAV,Telephone Field,recover-20220922,001,1795
1596.5485,1596.5881,68437,82568,Rhinolophus ferrumequinum,0.035,0.035,-1,Echolocation,/mnt/ubna_data_02_mir/recover-20220922/UBNA_001/20220921_090000.WAV,Telephone Field,recover-20220922,001,1795
1596.5705,1596.6079,68437,82297,Rhinolophus ferrumequinum,0.021,0.021,-1,Echolocation,/mnt/ubna_data_02_mir/recover-20220922/UBNA_001/20220921_090000.WAV,Telephone Field,recover-20220922,001,1795
1596.5835,1596.6249,68437,82674,Rhinolophus ferrumequinum,0.021,0.021,-1,Echolocation,/mnt/ubna_data_02_mir/recover-20220922/UBNA_001/20220921_090000.WAV,Telephone Field,recover-20220922,001,1795
1596.5845,1596.5955,23750,30036,Nyctalus leisleri,0.012,0.027,-1,Echolocation,/mnt/ubna_data_02_mir/recover-20220922/UBNA_001/20220921_090000.WAV,Telephone Field,recover-20220922,001,1795
1596.5965,1596.6366,68437,82666,Rhinolophus ferrumequinum,0.024,0.024,-1,Echolocation,/mnt/ubna_data_02_mir/recover-20220922/UBNA_001/20220921_090000.WAV,Telephone Field,recover-20220922,001,1795
1596.5985,1596.609,28906,35310,Eptesicus serotinus,0.012,0.027,-1,Echolocation,/mnt/ubna_data_02_mir/recover-20220922/UBNA_001/20220921_090000.WAV,Telephone Field,recover-20220922,001,1795
1596.6315,1596.6702,68437,82042,Rhinolophus ferrumequinum,0.021,0.021,-1,Echolocation,/mnt/ubna_data_02_mir/recover-20220922/UBNA_001/20220921_090000.WAV,Telephone Field,recover-20220922,001,1795
1596.6405,1596.681,68437,82523,Rhinolophus ferrumequinum,0.022,0.022,-1,Echolocation,/mnt/ubna_data_02_mir/recover-20220922/UBNA_001/20220921_090000.WAV,Telephone Field,recover-20220922,001,1795
1596.6595,1596.6973,68437,81604,Rhinolophus ferrumequinum,0.021,0.021,-1,Echolocation,/mnt/ubna_data_02_mir/recover-20220922/UBNA_001/20220921_090000.WAV,Telephone Field,recover-20220922,001,1795
1596.6705,1596.6843,23750,28791,Nyctalus leisleri,0.012,0.025,-1,Echolocation,/mnt/ubna_data_02_mir/recover-20220922/UBNA_001/20220921_090000.WAV,Telephone Field,recover-20220922,001,1795
1596.6995,1596.7377,68437,81459,Rhinolophus ferrumequinum,0.021,0.021,-1,Echolocation,/mnt/ubna_data_02_mir/recover-20220922/UBNA_001/20220921_090000.WAV,Telephone Field,recover-20220922,001,1795
1596.7555,1596.7645,28046,37918,Eptesicus serotinus,0.008,0.022,-1,Echolocation,/mnt/ubna_data_02_mir/recover-20220922/UBNA_001/20220921_090000.WAV,Telephone Field,recover-20220922,001,1795
1596.7555,1596.7969,68437,83193,Rhinolophus ferrumequinum,0.032,0.032,-1,Echolocation,/mnt/ubna_data_02_mir/recover-20220922/UBNA_001/20220921_090000.WAV,Telephone Field,recover-20220922,001,1795
1596.7745,1596.7846,29765,37283,Eptesicus serotinus,0.008,0.022,-1,Echolocation,/mnt/ubna_data_02_mir/recover-20220922/UBNA_001/20220921_090000.WAV,Telephone Field,recover-20220922,001,1795
1596.8125,1596.85,68437,82083,Rhinolophus ferrumequinum,0.022,0.022,-1,Echolocation,/mnt/ubna_data_02_mir/recover-20220922/UBNA_001/20220921_090000.WAV,Telephone Field,recover-20220922,001,1795
1596.8545,1596.8976,68437,82861,Rhinolophus ferrumequinum,0.031,0.031,-1,Echolocation,/mnt/ubna_data_02_mir/recover-20220922/UBNA_001/20220921_090000.WAV,Telephone Field,recover-20220922,001,1795
1596.8725,1596.8861,23750,29101,Nyctalus leisleri,0.021,0.044,-1,Echolocation,/mnt/ubna_data_02_mir/recover-20220922/UBNA_001/20220921_090000.WAV,Telephone Field,recover-20220922,001,1795
1596.9105,1596.9507,68437,82280,Rhinolophus ferrumequinum,0.023,0.023,-1,Echolocation,/mnt/ubna_data_02_mir/recover-20220922/UBNA_001/20220921_090000.WAV,Telephone Field,recover-20220922,001,1795
1596.9185,1596.9261,28046,37866,Eptesicus serotinus,0.007,0.021,-1,Echolocation,/mnt/ubna_data_02_mir/recover-20220922/UBNA_001/20220921_090000.WAV,Telephone Field,recover-20220922,001,1795
1596.9275,1596.9674,68437,82232,Rhinolophus ferrumequinum,0.023,0.023,-1,Echolocation,/mnt/ubna_data_02_mir/recover-20220922/UBNA_001/20220921_090000.WAV,Telephone Field,recover-20220922,001,1795
1596.9525,1596.962,28046,38278,Eptesicus serotinus,0.008,0.021,-1,Echolocation,/mnt/ubna_data_02_mir/recover-20220922/UBNA_001/20220921_090000.WAV,Telephone Field,recover-20220922,001,1795
1596.9705,1597.0111,68437,82359,Rhinolophus ferrumequinum,0.025,0.025,-1,Echolocation,/mnt/ubna_data_02_mir/recover-20220922/UBNA_001/20220921_090000.WAV,Telephone Field,recover-20220922,001,1795
1596.9955,1597.0367,68437,82955,Rhinolophus ferrumequinum,0.023,0.023,-1,Echolocation,/mnt/ubna_data_02_mir/recover-20220922/UBNA_001/20220921_090000.WAV,Telephone Field,recover-20220922,001,1795
1597.0075,1597.0436,68437,82072,Rhinolophus ferrumequinum,0.021,0.021,-1,Echolocation,/mnt/ubna_data_02_mir/recover-20220922/UBNA_001/20220921_090000.WAV,Telephone Field,recover-20220922,001,1795
1597.0455,1597.0838,68437,81661,Rhinolophus ferrumequinum,0.024,0.024,-1,Echolocation,/mnt/ubna_data_02_mir/recover-20220922/UBNA_001/20220921_090000.WAV,Telephone Field,recover-20220922,001,1795
1597.0785,1597.1208,68437,82576,Rhinolophus ferrumequinum,0.022,0.022,-1,Echolocation,/mnt/ubna_data_02_mir/recover-20220922/UBNA_001/20220921_090000.WAV,Telephone Field,recover-20220922,001,1795
1597.0875,1597.128,68437,82232,Rhinolophus ferrumequinum,0.022,0.022,-1,Echolocation,/mnt/ubna_data_02_mir/recover-20220922/UBNA_001/20220921_090000.WAV,Telephone Field,recover-20220922,001,1795
1597.1075,1597.1412,68437,80422,Rhinolophus ferrumequinum,0.022,0.022,-1,Echolocation,/mnt/ubna_data_02_mir/recover-20220922/UBNA_001/20220921_090000.WAV,Telephone Field,recover-20220922,001,1795
1597.1405,1597.1501,47812,52152,Pipistrellus pipistrellus,0.027,0.03,-1,Echolocation,/mnt/ubna_data_02_mir/recover-20220922/UBNA_001/20220921_090000.WAV,Telephone Field,recover-20220922,001,1795
1597.1405,1597.1568,22890,26491,Nyctalus leisleri,0.017,0.031,-1,Echolocation,/mnt/ubna_data_02_mir/recover-20220922/UBNA_001/20220921_090000.WAV,Telephone Field,recover-20220922,001,1795
1597.1565,1597.1651,28046,39592,Eptesicus serotinus,0.007,0.021,-1,Echolocation,/mnt/ubna_data_02_mir/recover-20220922/UBNA_001/20220921_090000.WAV,Telephone Field,recover-20220922,001,1795
1597.1575,1597.1979,68437,83027,Rhinolophus ferrumequinum,0.025,0.025,-1,Echolocation,/mnt/ubna_data_02_mir/recover-20220922/UBNA_001/20220921_090000.WAV,Telephone Field,recover-20220922,001,1795
1597.1665,1597.1738,26328,37665,Eptesicus serotinus,0.005,0.021,-1,Echolocation,/mnt/ubna_data_02_mir/recover-20220922/UBNA_001/20220921_090000.WAV,Telephone Field,recover-20220922,001,1795
1597.1865,1597.1953,23750,31030,Plecotus austriacus,0.009,0.026,-1,Echolocation,/mnt/ubna_data_02_mir/recover-20220922/UBNA_001/20220921_090000.WAV,Telephone Field,recover-20220922,001,1795
1597.1995,1597.24,68437,82586,Rhinolophus ferrumequinum,0.024,0.024,-1,Echolocation,/mnt/ubna_data_02_mir/recover-20220922/UBNA_001/20220921_090000.WAV,Telephone Field,recover-20220922,001,1795
1597.2295,1597.2724,68437,83276,Rhinolophus ferrumequinum,0.028,0.028,-1,Echolocation,/mnt/ubna_data_02_mir/recover-20220922/UBNA_001/20220921_090000.WAV,Telephone Field,recover-20220922,001,1795
1597.2865,1597.3272,68437,82498,Rhinolophus ferrumequinum,0.021,0.021,-1,Echolocation,/mnt/ubna_data_02_mir/recover-20220922/UBNA_001/20220921_090000.WAV,Telephone Field,recover-20220922,001,1795
1597.3255,1597.3721,68437,83691,Rhinolophus ferrumequinum,0.048,0.048,-1,Echolocation,/mnt/ubna_data_02_mir/recover-20220922/UBNA_001/20220921_090000.WAV,Telephone Field,recover-20220922,001,1795
1597.3675,1597.4062,68437,81859,Rhinolophus ferrumequinum,0.021,0.021,-1,Echolocation,/mnt/ubna_data_02_mir/recover-20220922/UBNA_001/20220921_090000.WAV,Telephone Field,recover-20220922,001,1795
1597.3895,1597.4328,68437,83187,Rhinolophus ferrumequinum,0.023,0.023,-1,Echolocation,/mnt/ubna_data_02_mir/recover-20220922/UBNA_001/20220921_090000.WAV,Telephone Field,recover-20220922,001,1795
1597.4405,1597.4803,68437,82558,Rhinolophus ferrumequinum,0.025,0.025,-1,Echolocation,/mnt/ubna_data_02_mir/recover-20220922/UBNA_001/20220921_090000.WAV,Telephone Field,recover-20220922,001,1795
1597.5305,1597.5393,41796,46301,Pipistrellus pipistrellus,0.014,0.021,-1,Echolocation,/mnt/ubna_data_02_mir/recover-20220922/UBNA_001/20220921_090000.WAV,Telephone Field,recover-20220922,001,1795
1597.5325,1597.5675,68437,80804,Rhinolophus ferrumequinum,0.029,0.029,-1,Echolocation,/mnt/ubna_data_02_mir/recover-20220922/UBNA_001/20220921_090000.WAV,Telephone Field,recover-20220922,001,1795
1597.5405,1597.5775,68437,81978,Rhinolophus ferrumequinum,0.021,0.021,-1,Echolocation,/mnt/ubna_data_02_mir/recover-20220922/UBNA_001/20220921_090000.WAV,Telephone Field,recover-20220922,001,1795
1597.5545,1597.5701,22890,27389,Nyctalus leisleri,0.013,0.024,-1,Echolocation,/mnt/ubna_data_02_mir/recover-20220922/UBNA_001/20220921_090000.WAV,Telephone Field,recover-20220922,001,1795
1597.5715,1597.6111,68437,81956,Rhinolophus ferrumequinum,0.021,0.021,-1,Echolocation,/mnt/ubna_data_02_mir/recover-20220922/UBNA_001/20220921_090000.WAV,Telephone Field,recover-20220922,001,1795
1597.5775,1597.615,68437,81972,Rhinolophus ferrumequinum,0.021,0.022,-1,Echolocation,/mnt/ubna_data_02_mir/recover-20220922/UBNA_001/20220921_090000.WAV,Telephone Field,recover-20220922,001,1795
1597.5795,1597.5886,30625,38596,Barbastellus barbastellus,0.009,0.027,-1,Echolocation,/mnt/ubna_data_02_mir/recover-20220922/UBNA_001/20220921_090000.WAV,Telephone Field,recover-20220922,001,1795
1597.6465,1597.6546,49531,55984,Pipistrellus pipistrellus,0.024,0.026,-1,Echolocation,/mnt/ubna_data_02_mir/recover-20220922/UBNA_001/20220921_090000.WAV,Telephone Field,recover-20220922,001,1795
1597.6665,1597.7065,68437,82684,Rhinolophus ferrumequinum,0.027,0.027,-1,Echolocation,/mnt/ubna_data_02_mir/recover-20220922/UBNA_001/20220921_090000.WAV,Telephone Field,recover-20220922,001,1795
1597.6815,1597.7232,68437,82638,Rhinolophus ferrumequinum,0.025,0.025,-1,Echolocation,/mnt/ubna_data_02_mir/recover-20220922/UBNA_001/20220921_090000.WAV,Telephone Field,recover-20220922,001,1795
1597.6865,1597.7259,68437,82168,Rhinolophus ferrumequinum,0.025,0.025,-1,Echolocation,/mnt/ubna_data_02_mir/recover-20220922/UBNA_001/20220921_090000.WAV,Telephone Field,recover-20220922,001,1795
1597.6955,1597.7022,28906,38836,Eptesicus serotinus,0.006,0.021,-1,Echolocation,/mnt/ubna_data_02_mir/recover-20220922/UBNA_001/20220921_090000.WAV,Telephone Field,recover-20220922,001,1795
1597.6995,1597.71,47812,53454,Pipistrellus pipistrellus,0.02,0.024,-1,Echolocation,/mnt/ubna_data_02_mir/recover-20220922/UBNA_001/20220921_090000.WAV,Telephone Field,recover-20220922,001,1795
1597.7035,1597.743,68437,82670,Rhinolophus ferrumequinum,0.025,0.025,-1,Echolocation,/mnt/ubna_data_02_mir/recover-20220922/UBNA_001/20220921_090000.WAV,Telephone Field,recover-20220922,001,1795
1597.7125,1597.7496,68437,82161,Rhinolophus ferrumequinum,0.021,0.021,-1,Echolocation,/mnt/ubna_data_02_mir/recover-20220922/UBNA_001/20220921_090000.WAV,Telephone Field,recover-20220922,001,1795
1597.7265,1597.7647,68437,82058,Rhinolophus ferrumequinum,0.022,0.022,-1,Echolocation,/mnt/ubna_data_02_mir/recover-20220922/UBNA_001/20220921_090000.WAV,Telephone Field,recover-20220922,001,1795
1597.7485,1597.7863,68437,81909,Rhinolophus ferrumequinum,0.021,0.022,-1,Echolocation,/mnt/ubna_data_02_mir/recover-20220922/UBNA_001/20220921_090000.WAV,Telephone Field,recover-20220922,001,1795
1597.7705,1597.8081,68437,82072,Rhinolophus ferrumequinum,0.022,0.022,-1,Echolocation,/mnt/ubna_data_02_mir/recover-20220922/UBNA_001/20220921_090000.WAV,Telephone Field,recover-20220922,001,1795
1597.7995,1597.8421,68437,82509,Rhinolophus ferrumequinum,0.024,0.025,-1,Echolocation,/mnt/ubna_data_02_mir/recover-20220922/UBNA_001/20220921_090000.WAV,Telephone Field,recover-20220922,001,1795
1597.8165,1597.8253,27187,37292,Eptesicus serotinus,0.008,0.023,-1,Echolocation,/mnt/ubna_data_02_mir/recover-20220922/UBNA_001/20220921_090000.WAV,Telephone Field,recover-20220922,001,1795
1597.8435,1597.8787,68437,81511,Rhinolophus ferrumequinum,0.021,0.021,-1,Echolocation,/mnt/ubna_data_02_mir/recover-20220922/UBNA_001/20220921_090000.WAV,Telephone Field,recover-20220922,001,1795
1597.8475,1597.8565,26328,33856,Eptesicus serotinus,0.008,0.024,-1,Echolocation,/mnt/ubna_data_02_mir/recover-20220922/UBNA_001/20220921_090000.WAV,Telephone Field,recover-20220922,001,1795
1597.8655,1597.9039,68437,81770,Rhinolophus ferrumequinum,0.021,0.021,-1,Echolocation,/mnt/ubna_data_02_mir/recover-20220922/UBNA_001/20220921_090000.WAV,Telephone Field,recover-20220922,001,1795
1597.8725,1597.909,68437,81937,Rhinolophus ferrumequinum,0.023,0.023,-1,Echolocation,/mnt/ubna_data_02_mir/recover-20220922/UBNA_001/20220921_090000.WAV,Telephone Field,recover-20220922,001,1795
1597.8835,1597.9196,68437,81574,Rhinolophus ferrumequinum,0.021,0.021,-1,Echolocation,/mnt/ubna_data_02_mir/recover-20220922/UBNA_001/20220921_090000.WAV,Telephone Field,recover-20220922,001,1795
1597.9075,1597.9241,21171,24138,Nyctalus leisleri,0.014,0.021,-1,Echolocation,/mnt/ubna_data_02_mir/recover-20220922/UBNA_001/20220921_090000.WAV,Telephone Field,recover-20220922,001,1795
1597.9155,1597.9523,68437,82100,Rhinolophus ferrumequinum,0.021,0.021,-1,Echolocation,/mnt/ubna_data_02_mir/recover-20220922/UBNA_001/20220921_090000.WAV,Telephone Field,recover-20220922,001,1795
1597.9885,1597.998,24609,32923,Eptesicus serotinus,0.006,0.021,-1,Echolocation,/mnt/ubna_data_02_mir/recover-20220922/UBNA_001/20220921_090000.WAV,Telephone Field,recover-20220922,001,1795
1598.0015,1598.0337,69296,81706,Rhinolophus ferrumequinum,0.027,0.027,-1,Echolocation,/mnt/ubna_data_02_mir/recover-20220922/UBNA_001/20220921_090000.WAV,Telephone Field,recover-20220922,001,1795
1598.0015,1598.0114,23750,30038,Nyctalus leisleri,0.013,0.031,-1,Echolocation,/mnt/ubna_data_02_mir/recover-20220922/UBNA_001/20220921_090000.WAV,Telephone Field,recover-20220922,001,1795
1598.0105,1598.0512,68437,82441,Rhinolophus ferrumequinum,0.022,0.022,-1,Echolocation,/mnt/ubna_data_02_mir/recover-20220922/UBNA_001/20220921_090000.WAV,Telephone Field,recover-20220922,001,1795
1598.0125,1598.0213,22890,29857,Plecotus austriacus,0.008,0.024,-1,Echolocation,/mnt/ubna_data_02_mir/recover-20220922/UBNA_001/20220921_090000.WAV,Telephone Field,recover-20220922,001,1795
1598.0185,1598.0268,24609,32806,Eptesicus serotinus,0.007,0.026,-1,Echolocation,/mnt/ubna_data_02_mir/recover-20220922/UBNA_001/20220921_090000.WAV,Telephone Field,recover-20220922,001,1795
1598.0195,1598.0602,68437,82924,Rhinolophus ferrumequinum,0.023,0.023,-1,Echolocation,/mnt/ubna_data_02_mir/recover-20220922/UBNA_001/20220921_090000.WAV,Telephone Field,recover-20220922,001,1795
1598.0345,1598.046,28906,35191,Eptesicus serotinus,0.025,0.043,-1,Echolocation,/mnt/ubna_data_02_mir/recover-20220922/UBNA_001/20220921_090000.WAV,Telephone Field,recover-20220922,001,1795
1598.0455,1598.0546,47812,51044,Pipistrellus pipistrellus,0.032,0.035,-1,Echolocation,/mnt/ubna_data_02_mir/recover-20220922/UBNA_001/20220921_090000.WAV,Telephone Field,recover-20220922,001,1795
1598.0565,1598.0967,68437,82859,Rhinolophus ferrumequinum,0.023,0.024,-1,Echolocation,/mnt/ubna_data_02_mir/recover-20220922/UBNA_001/20220921_090000.WAV,Telephone Field,recover-20220922,001,1795
1598.0805,1598.1203,68437,82143,Rhinolophus ferrumequinum,0.022,0.022,-1,Echolocation,/mnt/ubna_data_02_mir/recover-20220922/UBNA_001/20220921_090000.WAV,Telephone Field,recover-20220922,001,1795
1598.0925,1598.0996,48671,55174,Pipistrellus pipistrellus,0.021,0.023,-1,Echolocation,/mnt/ubna_data_02_mir/recover-20220922/UBNA_001/20220921_090000.WAV,Telephone Field,recover-20220922,001,1795
1598.0935,1598.1344,68437,82544,Rhinolophus ferrumequinum,0.027,0.027,-1,Echolocation,/mnt/ubna_data_02_mir/recover-20220922/UBNA_001/20220921_090000.WAV,Telephone Field,recover-20220922,001,1795
1598.0985,1598.1053,28046,42288,Eptesicus serotinus,0.006,0.024,-1,Echolocation,/mnt/ubna_data_02_mir/recover-20220922/UBNA_001/20220921_090000.WAV,Telephone Field,recover-20220922,001,1795
1598.0995,1598.1059,34921,44139,Myotis daubentonii,0.008,0.023,-1,Echolocation,/mnt/ubna_data_02_mir/recover-20220922/UBNA_001/20220921_090000.WAV,Telephone Field,recover-20220922,001,1795
1598.1265,1598.1644000000001,68437,81691,Rhinolophus ferrumequinum,0.034,0.034,-1,Echolocation,/mnt/ubna_data_02_mir/recover-20220922/UBNA_001/20220921_090000.WAV,Telephone Field,recover-20220922,001,1795
1598.1455,1598.1571,23750,29626,Nyctalus leisleri,0.009,0.022,-1,Echolocation,/mnt/ubna_data_02_mir/recover-20220922/UBNA_001/20220921_090000.WAV,Telephone Field,recover-20220922,001,1795
1598.1535,1598.1925,68437,82773,Rhinolophus ferrumequinum,0.046,0.046,-1,Echolocation,/mnt/ubna_data_02_mir/recover-20220922/UBNA_001/20220921_090000.WAV,Telephone Field,recover-20220922,001,1795
1598.1725,1598.1862,54687,58574,Pipistrellus pygmaeus,0.032,0.034,-1,Echolocation,/mnt/ubna_data_02_mir/recover-20220922/UBNA_001/20220921_090000.WAV,Telephone Field,recover-20220922,001,1795
1598.2025,1598.2129,28046,36678,Eptesicus serotinus,0.014,0.027,-1,Echolocation,/mnt/ubna_data_02_mir/recover-20220922/UBNA_001/20220921_090000.WAV,Telephone Field,recover-20220922,001,1795
1598.2215,1598.263,68437,82906,Rhinolophus ferrumequinum,0.022,0.022,-1,Echolocation,/mnt/ubna_data_02_mir/recover-20220922/UBNA_001/20220921_090000.WAV,Telephone Field,recover-20220922,001,1795
1598.2385,1598.2457,55546,60727,Pipistrellus pygmaeus,0.023,0.024,-1,Echolocation,/mnt/ubna_data_02_mir/recover-20220922/UBNA_001/20220921_090000.WAV,Telephone Field,recover-20220922,001,1795
1598.2405,1598.2831,68437,82797,Rhinolophus ferrumequinum,0.025,0.025,-1,Echolocation,/mnt/ubna_data_02_mir/recover-20220922/UBNA_001/20220921_090000.WAV,Telephone Field,recover-20220922,001,1795
1598.2455,1598.2875,68437,82787,Rhinolophus ferrumequinum,0.026,0.026,-1,Echolocation,/mnt/ubna_data_02_mir/recover-20220922/UBNA_001/20220921_090000.WAV,Telephone Field,recover-20220922,001,1795
1598.3285,1598.3377,24609,32720,Eptesicus serotinus,0.008,0.022,-1,Echolocation,/mnt/ubna_data_02_mir/recover-20220922/UBNA_001/20220921_090000.WAV,Telephone Field,recover-20220922,001,1795
1598.3525,1598.3921,68437,81624,Rhinolophus ferrumequinum,0.024,0.024,-1,Echolocation,/mnt/ubna_data_02_mir/recover-20220922/UBNA_001/20220921_090000.WAV,Telephone Field,recover-20220922,001,1795
1598.3915,1598.4315,68437,82344,Rhinolophus ferrumequinum,0.022,0.022,-1,Echolocation,/mnt/ubna_data_02_mir/recover-20220922/UBNA_001/20220921_090000.WAV,Telephone Field,recover-20220922,001,1795
1598.4665,1598.5081,68437,82751,Rhinolophus ferrumequinum,0.03,0.03,-1,Echolocation,/mnt/ubna_data_02_mir/recover-20220922/UBNA_001/20220921_090000.WAV,Telephone Field,recover-20220922,001,1795
1598.4945,1598.5342,68437,82008,Rhinolophus ferrumequinum,0.025,0.025,-1,Echolocation,/mnt/ubna_data_02_mir/recover-20220922/UBNA_001/20220921_090000.WAV,Telephone Field,recover-20220922,001,1795
1598.5325,1598.5416,28046,37181,Eptesicus serotinus,0.008,0.023,-1,Echolocation,/mnt/ubna_data_02_mir/recover-20220922/UBNA_001/20220921_090000.WAV,Telephone Field,recover-20220922,001,1795
1598.5595,1598.5993,68437,82948,Rhinolophus ferrumequinum,0.024,0.024,-1,Echolocation,/mnt/ubna_data_02_mir/recover-20220922/UBNA_001/20220921_090000.WAV,Telephone Field,recover-20220922,001,1795
1598.5805,1598.6241,68437,83551,Rhinolophus ferrumequinum,0.043,0.043,-1,Echolocation,/mnt/ubna_data_02_mir/recover-20220922/UBNA_001/20220921_090000.WAV,Telephone Field,recover-20220922,001,1795
1598.6155,1598.6231,24609,32981,Plecotus austriacus,0.007,0.022,-1,Echolocation,/mnt/ubna_data_02_mir/recover-20220922/UBNA_001/20220921_090000.WAV,Telephone Field,recover-20220922,001,1795
1598.6435,1598.6549,43515,47616,Pipistrellus pipistrellus,0.02,0.024,-1,Echolocation,/mnt/ubna_data_02_mir/recover-20220922/UBNA_001/20220921_090000.WAV,Telephone Field,recover-20220922,001,1795
1598.6905,1598.7307,68437,82625,Rhinolophus ferrumequinum,0.023,0.023,-1,Echolocation,/mnt/ubna_data_02_mir/recover-20220922/UBNA_001/20220921_090000.WAV,Telephone Field,recover-20220922,001,1795
1598.6965,1598.7063,22031,27848,Nyctalus leisleri,0.008,0.022,-1,Echolocation,/mnt/ubna_data_02_mir/recover-20220922/UBNA_001/20220921_090000.WAV,Telephone Field,recover-20220922,001,1795
1598.7175,1598.7248,14296,27982,Plecotus auritus,0.021,0.025,-1,Echolocation,/mnt/ubna_data_02_mir/recover-20220922/UBNA_001/20220921_090000.WAV,Telephone Field,recover-20220922,001,1795
1598.7185,1598.7262,28046,36989,Eptesicus serotinus,0.011,0.029,-1,Echolocation,/mnt/ubna_data_02_mir/recover-20220922/UBNA_001/20220921_090000.WAV,Telephone Field,recover-20220922,001,1795
1598.7285,1598.7717,68437,83308,Rhinolophus ferrumequinum,0.023,0.023,-1,Echolocation,/mnt/ubna_data_02_mir/recover-20220922/UBNA_001/20220921_090000.WAV,Telephone Field,recover-20220922,001,1795
1598.7345,1598.7742,68437,82834,Rhinolophus ferrumequinum,0.022,0.022,-1,Echolocation,/mnt/ubna_data_02_mir/recover-20220922/UBNA_001/20220921_090000.WAV,Telephone Field,recover-20220922,001,1795
1598.7535,1598.7957,68437,82842,Rhinolophus ferrumequinum,0.032,0.032,-1,Echolocation,/mnt/ubna_data_02_mir/recover-20220922/UBNA_001/20220921_090000.WAV,Telephone Field,recover-20220922,001,1795
1598.7715,1598.8075,68437,81534,Rhinolophus ferrumequinum,0.022,0.022,-1,Echolocation,/mnt/ubna_data_02_mir/recover-20220922/UBNA_001/20220921_090000.WAV,Telephone Field,recover-20220922,001,1795
1598.7995,1598.8351,68437,80921,Rhinolophus ferrumequinum,0.022,0.022,-1,Echolocation,/mnt/ubna_data_02_mir/recover-20220922/UBNA_001/20220921_090000.WAV,Telephone Field,recover-20220922,001,1795
1598.8265,1598.8674,68437,82704,Rhinolophus ferrumequinum,0.024,0.024,-1,Echolocation,/mnt/ubna_data_02_mir/recover-20220922/UBNA_001/20220921_090000.WAV,Telephone Field,recover-20220922,001,1795
1598.8575,1598.8985,68437,82669,Rhinolophus ferrumequinum,0.025,0.025,-1,Echolocation,/mnt/ubna_data_02_mir/recover-20220922/UBNA_001/20220921_090000.WAV,Telephone Field,recover-20220922,001,1795
1598.8975,1598.9363,68437,82233,Rhinolophus ferrumequinum,0.024,0.024,-1,Echolocation,/mnt/ubna_data_02_mir/recover-20220922/UBNA_001/20220921_090000.WAV,Telephone Field,recover-20220922,001,1795
1598.9515,1598.9903,68437,81947,Rhinolophus ferrumequinum,0.022,0.022,-1,Echolocation,/mnt/ubna_data_02_mir/recover-20220922/UBNA_001/20220921_090000.WAV,Telephone Field,recover-20220922,001,1795
1598.9585,1598.9986,68437,82803,Rhinolophus ferrumequinum,0.024,0.024,-1,Echolocation,/mnt/ubna_data_02_mir/recover-20220922/UBNA_001/20220921_090000.WAV,Telephone Field,recover-20220922,001,1795
1598.9645,1598.9722,27187,38202,Eptesicus serotinus,0.013,0.037,-1,Echolocation,/mnt/ubna_data_02_mir/recover-20220922/UBNA_001/20220921_090000.WAV,Telephone Field,recover-20220922,001,1795
1598.9685,1599.0061,68437,81907,Rhinolophus ferrumequinum,0.022,0.022,-1,Echolocation,/mnt/ubna_data_02_mir/recover-20220922/UBNA_001/20220921_090000.WAV,Telephone Field,recover-20220922,001,1795
1598.9915,1599.0313,68437,82648,Rhinolophus ferrumequinum,0.023,0.023,-1,Echolocation,/mnt/ubna_data_02_mir/recover-20220922/UBNA_001/20220921_090000.WAV,Telephone Field,recover-20220922,001,1795
1599.0185,1599.0563,68437,81547,Rhinolophus ferrumequinum,0.023,0.023,-1,Echolocation,/mnt/ubna_data_02_mir/recover-20220922/UBNA_001/20220921_090000.WAV,Telephone Field,recover-20220922,001,1795
1599.0405,1599.0507,24609,31642,Nyctalus leisleri,0.009,0.025,-1,Echolocation,/mnt/ubna_data_02_mir/recover-20220922/UBNA_001/20220921_090000.WAV,Telephone Field,recover-20220922,001,1795
1599.0425,1599.081,68437,82096,Rhinolophus ferrumequinum,0.023,0.023,-1,Echolocation,/mnt/ubna_data_02_mir/recover-20220922/UBNA_001/20220921_090000.WAV,Telephone Field,recover-20220922,001,1795
1599.0485,1599.059,25468,31419,Nyctalus leisleri,0.008,0.022,-1,Echolocation,/mnt/ubna_data_02_mir/recover-20220922/UBNA_001/20220921_090000.WAV,Telephone Field,recover-20220922,001,1795
1599.0825,1599.0911,27187,37528,Eptesicus serotinus,0.01,0.024,-1,Echolocation,/mnt/ubna_data_02_mir/recover-20220922/UBNA_001/20220921_090000.WAV,Telephone Field,recover-20220922,001,1795
1599.1065,1599.1455,68437,81532,Rhinolophus ferrumequinum,0.022,0.022,-1,Echolocation,/mnt/ubna_data_02_mir/recover-20220922/UBNA_001/20220921_090000.WAV,Telephone Field,recover-20220922,001,1795
1599.1505,1599.1849,68437,80889,Rhinolophus ferrumequinum,0.022,0.022,-1,Echolocation,/mnt/ubna_data_02_mir/recover-20220922/UBNA_001/20220921_090000.WAV,Telephone Field,recover-20220922,001,1795
1599.1755,1599.1847,28046,37450,Eptesicus serotinus,0.01,0.023,-1,Echolocation,/mnt/ubna_data_02_mir/recover-20220922/UBNA_001/20220921_090000.WAV,Telephone Field,recover-20220922,001,1795
1599.1755,1599.217,68437,81829,Rhinolophus ferrumequinum,0.032,0.032,-1,Echolocation,/mnt/ubna_data_02_mir/recover-20220922/UBNA_001/20220921_090000.WAV,Telephone Field,recover-20220922,001,1795
1599.2175,1599.2295,28906,36027,Eptesicus serotinus,0.014,0.026,-1,Echolocation,/mnt/ubna_data_02_mir/recover-20220922/UBNA_001/20220921_090000.WAV,Telephone Field,recover-20220922,001,1795
1599.2265,1599.2396,22890,27635,Nyctalus leisleri,0.014,0.025,-1,Echolocation,/mnt/ubna_data_02_mir/recover-20220922/UBNA_001/20220921_090000.WAV,Telephone Field,recover-20220922,001,1795
1599.2315,1599.2432,22890,27085,Nyctalus leisleri,0.015,0.025,-1,Echolocation,/mnt/ubna_data_02_mir/recover-20220922/UBNA_001/20220921_090000.WAV,Telephone Field,recover-20220922,001,1795
1599.2605,1599.272,14296,19905,Nyctalus noctula,0.023,0.038,-1,Echolocation,/mnt/ubna_data_02_mir/recover-20220922/UBNA_001/20220921_090000.WAV,Telephone Field,recover-20220922,001,1795
1599.2675,1599.3093,68437,82641,Rhinolophus ferrumequinum,0.035,0.035,-1,Echolocation,/mnt/ubna_data_02_mir/recover-20220922/UBNA_001/20220921_090000.WAV,Telephone Field,recover-20220922,001,1795
1599.3005,1599.3389,68437,82193,Rhinolophus ferrumequinum,0.033,0.033,-1,Echolocation,/mnt/ubna_data_02_mir/recover-20220922/UBNA_001/20220921_090000.WAV,Telephone Field,recover-20220922,001,1795
1599.3145,1599.3232,23750,31937,Plecotus austriacus,0.01,0.027,-1,Echolocation,/mnt/ubna_data_02_mir/recover-20220922/UBNA_001/20220921_090000.WAV,Telephone Field,recover-20220922,001,1795
1599.3335,1599.3745,68437,82629,Rhinolophus ferrumequinum,0.031,0.031,-1,Echolocation,/mnt/ubna_data_02_mir/recover-20220922/UBNA_001/20220921_090000.WAV,Telephone Field,recover-20220922,001,1795
1599.3545,1599.3928,68437,82296,Rhinolophus ferrumequinum,0.028,0.028,-1,Echolocation,/mnt/ubna_data_02_mir/recover-20220922/UBNA_001/20220921_090000.WAV,Telephone Field,recover-20220922,001,1795
1599.3635,1599.3718,28046,40510,Eptesicus serotinus,0.007,0.022,-1,Echolocation,/mnt/ubna_data_02_mir/recover-20220922/UBNA_001/20220921_090000.WAV,Telephone Field,recover-20220922,001,1795
1599.3915,1599.399,47812,54135,Pipistrellus pipistrellus,0.021,0.024,-1,Echolocation,/mnt/ubna_data_02_mir/recover-20220922/UBNA_001/20220921_090000.WAV,Telephone Field,recover-20220922,001,1795
1599.3945,1599.4336,68437,81950,Rhinolophus ferrumequinum,0.022,0.022,-1,Echolocation,/mnt/ubna_data_02_mir/recover-20220922/UBNA_001/20220921_090000.WAV,Telephone Field,recover-20220922,001,1795
1599.3985,1599.4088,28046,37146,Eptesicus serotinus,0.013,0.028,-1,Echolocation,/mnt/ubna_data_02_mir/recover-20220922/UBNA_001/20220921_090000.WAV,Telephone Field,recover-20220922,001,1795
1599.4135,1599.4528,68437,83245,Rhinolophus ferrumequinum,0.03,0.03,-1,Echolocation,/mnt/ubna_data_02_mir/recover-20220922/UBNA_001/20220921_090000.WAV,Telephone Field,recover-20220922,001,1795
1599.4505,1599.4609,22031,25935,Nyctalus leisleri,0.012,0.022,-1,Echolocation,/mnt/ubna_data_02_mir/recover-20220922/UBNA_001/20220921_090000.WAV,Telephone Field,recover-20220922,001,1795
1599.4985,1599.5386,68437,82179,Rhinolophus ferrumequinum,0.022,0.023,-1,Echolocation,/mnt/ubna_data_02_mir/recover-20220922/UBNA_001/20220921_090000.WAV,Telephone Field,recover-20220922,001,1795
1599.5255,1599.5674,68437,82898,Rhinolophus ferrumequinum,0.025,0.025,-1,Echolocation,/mnt/ubna_data_02_mir/recover-20220922/UBNA_001/20220921_090000.WAV,Telephone Field,recover-20220922,001,1795
1599.5505,1599.5608,23750,30087,Nyctalus leisleri,0.008,0.022,-1,Echolocation,/mnt/ubna_data_02_mir/recover-20220922/UBNA_001/20220921_090000.WAV,Telephone Field,recover-20220922,001,1795
1599.5575,1599.5969,68437,82076,Rhinolophus ferrumequinum,0.025,0.025,-1,Echolocation,/mnt/ubna_data_02_mir/recover-20220922/UBNA_001/20220921_090000.WAV,Telephone Field,recover-20220922,001,1795
1599.5725,1599.5793,25468,35260,Plecotus austriacus,0.014,0.042,-1,Echolocation,/mnt/ubna_data_02_mir/recover-20220922/UBNA_001/20220921_090000.WAV,Telephone Field,recover-20220922,001,1795
1599.6455,1599.6836,68437,81548,Rhinolophus ferrumequinum,0.025,0.025,-1,Echolocation,/mnt/ubna_data_02_mir/recover-20220922/UBNA_001/20220921_090000.WAV,Telephone Field,recover-20220922,001,1795
1599.6515,1599.6608,22890,30213,Plecotus austriacus,0.009,0.025,-1,Echolocation,/mnt/ubna_data_02_mir/recover-20220922/UBNA_001/20220921_090000.WAV,Telephone Field,recover-20220922,001,1795
1599.6735,1599.7105999999999,68437,81788,Rhinolophus ferrumequinum,0.022,0.022,-1,Echolocation,/mnt/ubna_data_02_mir/recover-20220922/UBNA_001/20220921_090000.WAV,Telephone Field,recover-20220922,001,1795
1599.6815,1599.6876,44375,52840,Pipistrellus pipistrellus,0.027,0.029,-1,Echolocation,/mnt/ubna_data_02_mir/recover-20220922/UBNA_001/20220921_090000.WAV,Telephone Field,recover-20220922,001,1795
1599.6825,1599.6902,28046,42787,Eptesicus serotinus,0.007,0.022,-1,Echolocation,/mnt/ubna_data_02_mir/recover-20220922/UBNA_001/20220921_090000.WAV,Telephone Field,recover-20220922,001,1795
1599.7275,1599.7412,44375,48022,Pipistrellus pipistrellus,0.037,0.041,-1,Echolocation,/mnt/ubna_data_02_mir/recover-20220922/UBNA_001/20220921_090000.WAV,Telephone Field,recover-20220922,001,1795
1599.7315,1599.7751,68437,83106,Rhinolophus ferrumequinum,0.034,0.034,-1,Echolocation,/mnt/ubna_data_02_mir/recover-20220922/UBNA_001/20220921_090000.WAV,Telephone Field,recover-20220922,001,1795
1599.7445,1599.755,26328,33055,Eptesicus serotinus,0.041,0.084,-1,Echolocation,/mnt/ubna_data_02_mir/recover-20220922/UBNA_001/20220921_090000.WAV,Telephone Field,recover-20220922,001,1795
1599.7535,1599.7942,68437,82807,Rhinolophus ferrumequinum,0.025,0.025,-1,Echolocation,/mnt/ubna_data_02_mir/recover-20220922/UBNA_001/20220921_090000.WAV,Telephone Field,recover-20220922,001,1795
1599.7705,1599.7788,28046,39775,Eptesicus serotinus,0.009,0.023,-1,Echolocation,/mnt/ubna_data_02_mir/recover-20220922/UBNA_001/20220921_090000.WAV,Telephone Field,recover-20220922,001,1795
1599.7725,1599.8107,68437,82088,Rhinolophus ferrumequinum,0.024,0.024,-1,Echolocation,/mnt/ubna_data_02_mir/recover-20220922/UBNA_001/20220921_090000.WAV,Telephone Field,recover-20220922,001,1795
1599.7795,1599.8166,68437,80720,Rhinolophus ferrumequinum,0.024,0.024,-1,Echolocation,/mnt/ubna_data_02_mir/recover-20220922/UBNA_001/20220921_090000.WAV,Telephone Field,recover-20220922,001,1795
1599.8035,1599.8473,68437,83053,Rhinolophus ferrumequinum,0.024,0.024,-1,Echolocation,/mnt/ubna_data_02_mir/recover-20220922/UBNA_001/20220921_090000.WAV,Telephone Field,recover-20220922,001,1795
1599.8855,1599.9246,68437,82179,Rhinolophus ferrumequinum,0.023,0.023,-1,Echolocation,/mnt/ubna_data_02_mir/recover-20220922/UBNA_001/20220921_090000.WAV,Telephone Field,recover-20220922,001,1795
1599.8885,1599.9007,28046,34446,Eptesicus serotinus,0.013,0.025,-1,Echolocation,/mnt/ubna_data_02_mir/recover-20220922/UBNA_001/20220921_090000.WAV,Telephone Field,recover-20220922,001,1795
1599.9305,1599.9695,68437,82162,Rhinolophus ferrumequinum,0.023,0.023,-1,Echolocation,/mnt/ubna_data_02_mir/recover-20220922/UBNA_001/20220921_090000.WAV,Telephone Field,recover-20220922,001,1795
1599.9365,1599.9472,22890,29275,Nyctalus leisleri,0.008,0.023,-1,Echolocation,/mnt/ubna_data_02_mir/recover-20220922/UBNA_001/20220921_090000.WAV,Telephone Field,recover-20220922,001,1795
1599.9405,1599.9478,34921,42884,Myotis daubentonii,0.008,0.024,-1,Echolocation,/mnt/ubna_data_02_mir/recover-20220922/UBNA_001/20220921_090000.WAV,Telephone Field,recover-20220922,001,1795
1599.9435,1599.9505,29765,40906,Eptesicus serotinus,0.008,0.027,-1,Echolocation,/mnt/ubna_data_02_mir/recover-20220922/UBNA_001/20220921_090000.WAV,Telephone Field,recover-20220922,001,1795
1599.9545,1599.9931,68437,82623,Rhinolophus ferrumequinum,0.031,0.031,-1,Echolocation,/mnt/ubna_data_02_mir/recover-20220922/UBNA_001/20220921_090000.WAV,Telephone Field,recover-20220922,001,1795
1599.9645,1599.9727,28906,39786,Eptesicus serotinus,0.008,0.022,-1,Echolocation,/mnt/ubna_data_02_mir/recover-20220922/UBNA_001/20220921_090000.WAV,Telephone Field,recover-20220922,001,1795
1600.0015,1600.0104,26328,34415,Nyctalus leisleri,0.008,0.025,-1,Echolocation,/mnt/ubna_data_02_mir/recover-20220922/UBNA_001/20220921_090000.WAV,Telephone Field,recover-20220922,001,1795
1600.0015,1600.0117,47812,54566,Pipistrellus pipistrellus,0.019,0.025,-1,Echolocation,/mnt/ubna_data_02_mir/recover-20220922/UBNA_001/20220921_090000.WAV,Telephone Field,recover-20220922,001,1795
1600.0015,1600.0268,71875,88606,Rhinolophus ferrumequinum,0.028,0.029,-1,Echolocation,/mnt/ubna_data_02_mir/recover-20220922/UBNA_001/20220921_090000.WAV,Telephone Field,recover-20220922,001,1795
1600.0115,1600.0186,27187,37343,Eptesicus serotinus,0.007,0.026,-1,Echolocation,/mnt/ubna_data_02_mir/recover-20220922/UBNA_001/20220921_090000.WAV,Telephone Field,recover-20220922,001,1795
1600.0385,1600.0802,68437,82387,Rhinolophus ferrumequinum,0.023,0.023,-1,Echolocation,/mnt/ubna_data_02_mir/recover-20220922/UBNA_001/20220921_090000.WAV,Telephone Field,recover-20220922,001,1795
1600.0415,1600.0507,22890,29253,Plecotus austriacus,0.008,0.022,-1,Echolocation,/mnt/ubna_data_02_mir/recover-20220922/UBNA_001/20220921_090000.WAV,Telephone Field,recover-20220922,001,1795
1600.0515,1600.0615,14296,20883,Nyctalus noctula,0.03,0.064,-1,Echolocation,/mnt/ubna_data_02_mir/recover-20220922/UBNA_001/20220921_090000.WAV,Telephone Field,recover-20220922,001,1795
1600.0895,1600.0996,28906,37024,Eptesicus serotinus,0.013,0.025,-1,Echolocation,/mnt/ubna_data_02_mir/recover-20220922/UBNA_001/20220921_090000.WAV,Telephone Field,recover-20220922,001,1795
1600.1085,1600.146,68437,81912,Rhinolophus ferrumequinum,0.037,0.037,-1,Echolocation,/mnt/ubna_data_02_mir/recover-20220922/UBNA_001/20220921_090000.WAV,Telephone Field,recover-20220922,001,1795
1600.1415,1600.1525,50390,55090,Pipistrellus pipistrellus,0.031,0.035,-1,Echolocation,/mnt/ubna_data_02_mir/recover-20220922/UBNA_001/20220921_090000.WAV,Telephone Field,recover-20220922,001,1795
1600.1695,1600.1839,45234,47852,Pipistrellus pipistrellus,0.036,0.039,-1,Echolocation,/mnt/ubna_data_02_mir/recover-20220922/UBNA_001/20220921_090000.WAV,Telephone Field,recover-20220922,001,1795
1600.1965,1600.2356,68437,82305,Rhinolophus ferrumequinum,0.023,0.023,-1,Echolocation,/mnt/ubna_data_02_mir/recover-20220922/UBNA_001/20220921_090000.WAV,Telephone Field,recover-20220922,001,1795
1600.2015,1600.2394,68437,81936,Rhinolophus ferrumequinum,0.023,0.023,-1,Echolocation,/mnt/ubna_data_02_mir/recover-20220922/UBNA_001/20220921_090000.WAV,Telephone Field,recover-20220922,001,1795
1600.2115,1600.25,68437,82115,Rhinolophus ferrumequinum,0.022,0.022,-1,Echolocation,/mnt/ubna_data_02_mir/recover-20220922/UBNA_001/20220921_090000.WAV,Telephone Field,recover-20220922,001,1795
1600.2225,1600.2603,68437,82146,Rhinolophus ferrumequinum,0.022,0.022,-1,Echolocation,/mnt/ubna_data_02_mir/recover-20220922/UBNA_001/20220921_090000.WAV,Telephone Field,recover-20220922,001,1795
1600.2345,1600.272,68437,81565,Rhinolophus ferrumequinum,0.021,0.021,-1,Echolocation,/mnt/ubna_data_02_mir/recover-20220922/UBNA_001/20220921_090000.WAV,Telephone Field,recover-20220922,001,1795
1600.2675,1600.3077,68437,82403,Rhinolophus ferrumequinum,0.022,0.022,-1,Echolocation,/mnt/ubna_data_02_mir/recover-20220922/UBNA_001/20220921_090000.WAV,Telephone Field,recover-20220922,001,1795
1600.3065,1600.3466,68437,82427,Rhinolophus ferrumequinum,0.022,0.022,-1,Echolocation,/mnt/ubna_data_02_mir/recover-20220922/UBNA_001/20220921_090000.WAV,Telephone Field,recover-20220922,001,1795
1600.3745,1600.4117,68437,81990,Rhinolophus ferrumequinum,0.022,0.023,-1,Echolocation,/mnt/ubna_data_02_mir/recover-20220922/UBNA_001/20220921_090000.WAV,Telephone Field,recover-20220922,001,1795
1600.4155,1600.4545,68437,82434,Rhinolophus ferrumequinum,0.022,0.022,-1,Echolocation,/mnt/ubna_data_02_mir/recover-20220922/UBNA_001/20220921_090000.WAV,Telephone Field,recover-20220922,001,1795
1600.4235,1600.4322,28906,38484,Eptesicus serotinus,0.008,0.022,-1,Echolocation,/mnt/ubna_data_02_mir/recover-20220922/UBNA_001/20220921_090000.WAV,Telephone Field,recover-20220922,001,1795
1600.4455,1600.4866,68437,82389,Rhinolophus ferrumequinum,0.022,0.022,-1,Echolocation,/mnt/ubna_data_02_mir/recover-20220922/UBNA_001/20220921_090000.WAV,Telephone Field,recover-20220922,001,1795
1600.4845,1600.5236,68437,82010,Rhinolophus ferrumequinum,0.022,0.022,-1,Echolocation,/mnt/ubna_data_02_mir/recover-20220922/UBNA_001/20220921_090000.WAV,Telephone Field,recover-20220922,001,1795
1600.4865,1600.497,23750,29645,Nyctalus leisleri,0.01,0.026,-1,Echolocation,/mnt/ubna_data_02_mir/recover-20220922/UBNA_001/20220921_090000.WAV,Telephone Field,recover-20220922,001,1795
1600.4955,1600.5362,68437,82763,Rhinolophus ferrumequinum,0.024,0.024,-1,Echolocation,/mnt/ubna_data_02_mir/recover-20220922/UBNA_001/20220921_090000.WAV,Telephone Field,recover-20220922,001,1795
1600.5025,1600.5419,68437,82141,Rhinolophus ferrumequinum,0.024,0.024,-1,Echolocation,/mnt/ubna_data_02_mir/recover-20220922/UBNA_001/20220921_090000.WAV,Telephone Field,recover-20220922,001,1795
1600.5085,1600.5161,25468,35073,Plecotus austriacus,0.007,0.025,-1,Echolocation,/mnt/ubna_data_02_mir/recover-20220922/UBNA_001/20220921_090000.WAV,Telephone Field,recover-20220922,001,1795
1600.5255,1600.5656,68437,82655,Rhinolophus ferrumequinum,0.022,0.022,-1,Echolocation,/mnt/ubna_data_02_mir/recover-20220922/UBNA_001/20220921_090000.WAV,Telephone Field,recover-20220922,001,1795
1600.5755,1600.615,68437,82341,Rhinolophus ferrumequinum,0.022,0.022,-1,Echolocation,/mnt/ubna_data_02_mir/recover-20220922/UBNA_001/20220921_090000.WAV,Telephone Field,recover-20220922,001,1795
1600.5795,1600.5878,24609,34600,Plecotus austriacus,0.007,0.023,-1,Echolocation,/mnt/ubna_data_02_mir/recover-20220922/UBNA_001/20220921_090000.WAV,Telephone Field,recover-20220922,001,1795
1600.5945,1600.6065,23750,28806,Nyctalus leisleri,0.01,0.022,-1,Echolocation,/mnt/ubna_data_02_mir/recover-20220922/UBNA_001/20220921_090000.WAV,Telephone Field,recover-20220922,001,1795
1600.5985,1600.6069,45234,53393,Pipistrellus pipistrellus,0.019,0.025,-1,Echolocation,/mnt/ubna_data_02_mir/recover-20220922/UBNA_001/20220921_090000.WAV,Telephone Field,recover-20220922,001,1795
1600.6245,1600.6672,68437,82574,Rhinolophus ferrumequinum,0.026,0.026,-1,Echolocation,/mnt/ubna_data_02_mir/recover-20220922/UBNA_001/20220921_090000.WAV,Telephone Field,recover-20220922,001,1795
1600.6625,1600.6997,68437,81629,Rhinolophus ferrumequinum,0.023,0.023,-1,Echolocation,/mnt/ubna_data_02_mir/recover-20220922/UBNA_001/20220921_090000.WAV,Telephone Field,recover-20220922,001,1795
1600.6885,1600.7281,68437,82720,Rhinolophus ferrumequinum,0.031,0.031,-1,Echolocation,/mnt/ubna_data_02_mir/recover-20220922/UBNA_001/20220921_090000.WAV,Telephone Field,recover-20220922,001,1795
1600.7415,1600.7487,23750,31723,Plecotus austriacus,0.01,0.023,-1,Echolocation,/mnt/ubna_data_02_mir/recover-20220922/UBNA_001/20220921_090000.WAV,Telephone Field,recover-20220922,001,1795
1600.7665,1600.7735,14296,29170,Plecotus auritus,0.016,0.023,-1,Echolocation,/mnt/ubna_data_02_mir/recover-20220922/UBNA_001/20220921_090000.WAV,Telephone Field,recover-20220922,001,1795
1600.7695,1600.8111,68437,82847,Rhinolophus ferrumequinum,0.027,0.027,-1,Echolocation,/mnt/ubna_data_02_mir/recover-20220922/UBNA_001/20220921_090000.WAV,Telephone Field,recover-20220922,001,1795
1600.7795,1600.787,28906,40104,Eptesicus serotinus,0.006,0.024,-1,Echolocation,/mnt/ubna_data_02_mir/recover-20220922/UBNA_001/20220921_090000.WAV,Telephone Field,recover-20220922,001,1795
1600.7845,1600.7956,22890,27263,Nyctalus leisleri,0.017,0.03,-1,Echolocation,/mnt/ubna_data_02_mir/recover-20220922/UBNA_001/20220921_090000.WAV,Telephone Field,recover-20220922,001,1795
1600.7985,1600.8055,28046,38762,Eptesicus serotinus,0.007,0.022,-1,Echolocation,/mnt/ubna_data_02_mir/recover-20220922/UBNA_001/20220921_090000.WAV,Telephone Field,recover-20220922,001,1795
1600.8055,1600.8448,68437,82217,Rhinolophus ferrumequinum,0.025,0.025,-1,Echolocation,/mnt/ubna_data_02_mir/recover-20220922/UBNA_001/20220921_090000.WAV,Telephone Field,recover-20220922,001,1795
1600.8055,1600.8148,50390,54993,Pipistrellus pipistrellus,0.018,0.022,-1,Echolocation,/mnt/ubna_data_02_mir/recover-20220922/UBNA_001/20220921_090000.WAV,Telephone Field,recover-20220922,001,1795
1600.8235,1600.86,68437,81847,Rhinolophus ferrumequinum,0.021,0.021,-1,Echolocation,/mnt/ubna_data_02_mir/recover-20220922/UBNA_001/20220921_090000.WAV,Telephone Field,recover-20220922,001,1795
1600.8655,1600.9043,68437,82643,Rhinolophus ferrumequinum,0.034,0.034,-1,Echolocation,/mnt/ubna_data_02_mir/recover-20220922/UBNA_001/20220921_090000.WAV,Telephone Field,recover-20220922,001,1795
1600.9515,1600.9909,68437,82027,Rhinolophus ferrumequinum,0.023,0.023,-1,Echolocation,/mnt/ubna_data_02_mir/recover-20220922/UBNA_001/20220921_090000.WAV,Telephone Field,recover-20220922,001,1795
1600.9675,1601.0069,68437,82880,Rhinolophus ferrumequinum,0.03,0.03,-1,Echolocation,/mnt/ubna_data_02_mir/recover-20220922/UBNA_001/20220921_090000.WAV,Telephone Field,recover-20220922,001,1795
1600.9775,1600.9891,23750,28719,Nyctalus leisleri,0.017,0.033,-1,Echolocation,/mnt/ubna_data_02_mir/recover-20220922/UBNA_001/20220921_090000.WAV,Telephone Field,recover-20220922,001,1795
1600.9985,1601.0397,68437,82286,Rhinolophus ferrumequinum,0.024,0.024,-1,Echolocation,/mnt/ubna_data_02_mir/recover-20220922/UBNA_001/20220921_090000.WAV,Telephone Field,recover-20220922,001,1795
1601.0445,1601.0556,28906,35522,Eptesicus serotinus,0.012,0.027,-1,Echolocation,/mnt/ubna_data_02_mir/recover-20220922/UBNA_001/20220921_090000.WAV,Telephone Field,recover-20220922,001,1795
1601.0535,1601.0896,68437,81281,Rhinolophus ferrumequinum,0.021,0.022,-1,Echolocation,/mnt/ubna_data_02_mir/recover-20220922/UBNA_001/20220921_090000.WAV,Telephone Field,recover-20220922,001,1795
1601.0625,1601.0701,27187,37079,Eptesicus serotinus,0.006,0.021,-1,Echolocation,/mnt/ubna_data_02_mir/recover-20220922/UBNA_001/20220921_090000.WAV,Telephone Field,recover-20220922,001,1795
1601.0765,1601.1141,68437,81434,Rhinolophus ferrumequinum,0.021,0.021,-1,Echolocation,/mnt/ubna_data_02_mir/recover-20220922/UBNA_001/20220921_090000.WAV,Telephone Field,recover-20220922,001,1795
1601.1075,1601.1156,28906,37049,Eptesicus serotinus,0.01,0.026,-1,Echolocation,/mnt/ubna_data_02_mir/recover-20220922/UBNA_001/20220921_090000.WAV,Telephone Field,recover-20220922,001,1795
1601.1345,1601.1434,28906,37575,Eptesicus serotinus,0.009,0.023,-1,Echolocation,/mnt/ubna_data_02_mir/recover-20220922/UBNA_001/20220921_090000.WAV,Telephone Field,recover-20220922,001,1795
1601.1485,1601.1863,68437,80881,Rhinolophus ferrumequinum,0.022,0.022,-1,Echolocation,/mnt/ubna_data_02_mir/recover-20220922/UBNA_001/20220921_090000.WAV,Telephone Field,recover-20220922,001,1795
1601.1575,1601.1982,68437,82690,Rhinolophus ferrumequinum,0.025,0.025,-1,Echolocation,/mnt/ubna_data_02_mir/recover-20220922/UBNA_001/20220921_090000.WAV,Telephone Field,recover-20220922,001,1795
1601.1635,1601.2008,68437,81970,Rhinolophus ferrumequinum,0.026,0.026,-1,Echolocation,/mnt/ubna_data_02_mir/recover-20220922/UBNA_001/20220921_090000.WAV,Telephone Field,recover-20220922,001,1795
1601.1635,1601.1712,28906,38732,Eptesicus serotinus,0.008,0.025,-1,Echolocation,/mnt/ubna_data_02_mir/recover-20220922/UBNA_001/20220921_090000.WAV,Telephone Field,recover-20220922,001,1795
1601.1905,1601.23,68437,82406,Rhinolophus ferrumequinum,0.022,0.022,-1,Echolocation,/mnt/ubna_data_02_mir/recover-20220922/UBNA_001/20220921_090000.WAV,Telephone Field,recover-20220922,001,1795
1601.2245,1601.2661,68437,82571,Rhinolophus ferrumequinum,0.032,0.032,-1,Echolocation,/mnt/ubna_data_02_mir/recover-20220922/UBNA_001/20220921_090000.WAV,Telephone Field,recover-20220922,001,1795
1601.2305,1601.2427,22031,25580,Nyctalus leisleri,0.013,0.022,-1,Echolocation,/mnt/ubna_data_02_mir/recover-20220922/UBNA_001/20220921_090000.WAV,Telephone Field,recover-20220922,001,1795
1601.2855,1601.3179,68437,81605,Rhinolophus ferrumequinum,0.023,0.023,-1,Echolocation,/mnt/ubna_data_02_mir/recover-20220922/UBNA_001/20220921_090000.WAV,Telephone Field,recover-20220922,001,1795
1601.3005,1601.3072,28906,40236,Eptesicus serotinus,0.008,0.028,-1,Echolocation,/mnt/ubna_data_02_mir/recover-20220922/UBNA_001/20220921_090000.WAV,Telephone Field,recover-20220922,001,1795
1601.3255,1601.3328,46093,51758,Pipistrellus pipistrellus,0.024,0.026,-1,Echolocation,/mnt/ubna_data_02_mir/recover-20220922/UBNA_001/20220921_090000.WAV,Telephone Field,recover-20220922,001,1795
1601.3265,1601.3662,68437,82111,Rhinolophus ferrumequinum,0.031,0.031,-1,Echolocation,/mnt/ubna_data_02_mir/recover-20220922/UBNA_001/20220921_090000.WAV,Telephone Field,recover-20220922,001,1795
1601.3275,1601.3348,28046,42906,Eptesicus serotinus,0.007,0.022,-1,Echolocation,/mnt/ubna_data_02_mir/recover-20220922/UBNA_001/20220921_090000.WAV,Telephone Field,recover-20220922,001,1795
1601.3705,1601.4116,68437,82965,Rhinolophus ferrumequinum,0.024,0.024,-1,Echolocation,/mnt/ubna_data_02_mir/recover-20220922/UBNA_001/20220921_090000.WAV,Telephone Field,recover-20220922,001,1795
1601.3895,1601.4254,68437,81330,Rhinolophus ferrumequinum,0.03,0.03,-1,Echolocation,/mnt/ubna_data_02_mir/recover-20220922/UBNA_001/20220921_090000.WAV,Telephone Field,recover-20220922,001,1795
1601.3905,1601.3983,27187,39450,Eptesicus serotinus,0.007,0.024,-1,Echolocation,/mnt/ubna_data_02_mir/recover-20220922/UBNA_001/20220921_090000.WAV,Telephone Field,recover-20220922,001,1795
1601.4095,1601.4192,24609,31145,Nyctalus leisleri,0.008,0.023,-1,Echolocation,/mnt/ubna_data_02_mir/recover-20220922/UBNA_001/20220921_090000.WAV,Telephone Field,recover-20220922,001,1795
1601.4565,1601.4931,68437,81537,Rhinolophus ferrumequinum,0.023,0.023,-1,Echolocation,/mnt/ubna_data_02_mir/recover-20220922/UBNA_001/20220921_090000.WAV,Telephone Field,recover-20220922,001,1795
1601.4725,1601.5096,68437,81493,Rhinolophus ferrumequinum,0.022,0.022,-1,Echolocation,/mnt/ubna_data_02_mir/recover-20220922/UBNA_001/20220921_090000.WAV,Telephone Field,recover-20220922,001,1795
1601.4795,1601.5187,68437,81885,Rhinolophus ferrumequinum,0.023,0.023,-1,Echolocation,/mnt/ubna_data_02_mir/recover-20220922/UBNA_001/20220921_090000.WAV,Telephone Field,recover-20220922,001,1795
1601.5105,1601.5448,68437,80820,Rhinolophus ferrumequinum,0.023,0.023,-1,Echolocation,/mnt/ubna_data_02_mir/recover-20220922/UBNA_001/20220921_090000.WAV,Telephone Field,recover-20220922,001,1795
1601.5275,1601.56,68437,80027,Rhinolophus ferrumequinum,0.022,0.022,-1,Echolocation,/mnt/ubna_data_02_mir/recover-20220922/UBNA_001/20220921_090000.WAV,Telephone Field,recover-20220922,001,1795
1601.5465,1601.5865,68437,82534,Rhinolophus ferrumequinum,0.021,0.021,-1,Echolocation,/mnt/ubna_data_02_mir/recover-20220922/UBNA_001/20220921_090000.WAV,Telephone Field,recover-20220922,001,1795
1601.5915,1601.6317,68437,82596,Rhinolophus ferrumequinum,0.022,0.022,-1,Echolocation,/mnt/ubna_data_02_mir/recover-20220922/UBNA_001/20220921_090000.WAV,Telephone Field,recover-20220922,001,1795
1601.5995,1601.6089,25468,32509,Eptesicus serotinus,0.008,0.025,-1,Echolocation,/mnt/ubna_data_02_mir/recover-20220922/UBNA_001/20220921_090000.WAV,Telephone Field,recover-20220922,001,1795
1601.6085,1601.6463,68437,81993,Rhinolophus ferrumequinum,0.022,0.022,-1,Echolocation,/mnt/ubna_data_02_mir/recover-20220922/UBNA_001/20220921_090000.WAV,Telephone Field,recover-20220922,001,1795
1601.6315,1601.6702,68437,82349,Rhinolophus ferrumequinum,0.03,0.03,-1,Echolocation,/mnt/ubna_data_02_mir/recover-20220922/UBNA_001/20220921_090000.WAV,Telephone Field,recover-20220922,001,1795
1601.6605,1601.6987,68437,82218,Rhinolophus ferrumequinum,0.022,0.022,-1,Echolocation,/mnt/ubna_data_02_mir/recover-20220922/UBNA_001/20220921_090000.WAV,Telephone Field,recover-20220922,001,1795
1601.6725,1601.7135,68437,82412,Rhinolophus ferrumequinum,0.022,0.022,-1,Echolocation,/mnt/ubna_data_02_mir/recover-20220922/UBNA_001/20220921_090000.WAV,Telephone Field,recover-20220922,001,1795
1601.7025,1601.7109,27187,36175,Eptesicus serotinus,0.016,0.035,-1,Echolocation,/mnt/ubna_data_02_mir/recover-20220922/UBNA_001/20220921_090000.WAV,Telephone Field,recover-20220922,001,1795
1601.7265,1601.7417,20312,23208,Nyctalus leisleri,0.016,0.025,-1,Echolocation,/mnt/ubna_data_02_mir/recover-20220922/UBNA_001/20220921_090000.WAV,Telephone Field,recover-20220922,001,1795
1601.7275,1601.7679,68437,82440,Rhinolophus ferrumequinum,0.022,0.022,-1,Echolocation,/mnt/ubna_data_02_mir/recover-20220922/UBNA_001/20220921_090000.WAV,Telephone Field,recover-20220922,001,1795
1601.7415,1601.7499,27187,38646,Eptesicus serotinus,0.006,0.022,-1,Echolocation,/mnt/ubna_data_02_mir/recover-20220922/UBNA_001/20220921_090000.WAV,Telephone Field,recover-20220922,001,1795
1601.7575,1601.7949,68437,81903,Rhinolophus ferrumequinum,0.023,0.023,-1,Echolocation,/mnt/ubna_data_02_mir/recover-20220922/UBNA_001/20220921_090000.WAV,Telephone Field,recover-20220922,001,1795
1601.7585,1601.7693,22890,26923,Nyctalus leisleri,0.012,0.022,-1,Echolocation,/mnt/ubna_data_02_mir/recover-20220922/UBNA_001/20220921_090000.WAV,Telephone Field,recover-20220922,001,1795
1601.7715,1601.7797,32343,43999,Myotis daubentonii,0.006,0.023,-1,Echolocation,/mnt/ubna_data_02_mir/recover-20220922/UBNA_001/20220921_090000.WAV,Telephone Field,recover-20220922,001,1795
1601.7825,1601.82,68437,82591,Rhinolophus ferrumequinum,0.022,0.022,-1,Echolocation,/mnt/ubna_data_02_mir/recover-20220922/UBNA_001/20220921_090000.WAV,Telephone Field,recover-20220922,001,1795
1601.7895,1601.8074,15156,20845,Nyctalus noctula,0.026,0.033,-1,Echolocation,/mnt/ubna_data_02_mir/recover-20220922/UBNA_001/20220921_090000.WAV,Telephone Field,recover-20220922,001,1795
1601.8055,1601.8484,68437,83148,Rhinolophus ferrumequinum,0.033,0.033,-1,Echolocation,/mnt/ubna_data_02_mir/recover-20220922/UBNA_001/20220921_090000.WAV,Telephone Field,recover-20220922,001,1795
1601.8385,1601.8789,68437,82537,Rhinolophus ferrumequinum,0.023,0.023,-1,Echolocation,/mnt/ubna_data_02_mir/recover-20220922/UBNA_001/20220921_090000.WAV,Telephone Field,recover-20220922,001,1795
1601.8705,1601.8786,23750,31877,Plecotus austriacus,0.008,0.022,-1,Echolocation,/mnt/ubna_data_02_mir/recover-20220922/UBNA_001/20220921_090000.WAV,Telephone Field,recover-20220922,001,1795
1601.9035,1601.9414,68437,82077,Rhinolophus ferrumequinum,0.023,0.023,-1,Echolocation,/mnt/ubna_data_02_mir/recover-20220922/UBNA_001/20220921_090000.WAV,Telephone Field,recover-20220922,001,1795
1601.9095,1601.9495,68437,82033,Rhinolophus ferrumequinum,0.024,0.024,-1,Echolocation,/mnt/ubna_data_02_mir/recover-20220922/UBNA_001/20220921_090000.WAV,Telephone Field,recover-20220922,001,1795
1601.9145,1601.955,68437,82340,Rhinolophus ferrumequinum,0.023,0.023,-1,Echolocation,/mnt/ubna_data_02_mir/recover-20220922/UBNA_001/20220921_090000.WAV,Telephone Field,recover-20220922,001,1795
1601.9525,1601.9885,68437,81817,Rhinolophus ferrumequinum,0.022,0.022,-1,Echolocation,/mnt/ubna_data_02_mir/recover-20220922/UBNA_001/20220921_090000.WAV,Telephone Field,recover-20220922,001,1795
1601.9615,1601.9723,15156,21976,Nyctalus noctula,0.013,0.022,-1,Echolocation,/mnt/ubna_data_02_mir/recover-20220922/UBNA_001/20220921_090000.WAV,Telephone Field,recover-20220922,001,1795
1601.9835,1601.9935,29765,39575,Eptesicus serotinus,0.01,0.023,-1,Echolocation,/mnt/ubna_data_02_mir/recover-20220922/UBNA_001/20220921_090000.WAV,Telephone Field,recover-20220922,001,1795
1602.0015,1602.0109,21171,28005,Nyctalus leisleri,0.008,0.022,-1,Echolocation,/mnt/ubna_data_02_mir/recover-20220922/UBNA_001/20220921_090000.WAV,Telephone Field,recover-20220922,001,1795
1602.0015,1602.0094,25468,35878,Nyctalus leisleri,0.005,0.024,-1,Echolocation,/mnt/ubna_data_02_mir/recover-20220922/UBNA_001/20220921_090000.WAV,Telephone Field,recover-20220922,001,1795
1602.0015,1602.0096,47812,53552,Pipistrellus pipistrellus,0.022,0.026,-1,Echolocation,/mnt/ubna_data_02_mir/recover-20220922/UBNA_001/20220921_090000.WAV,Telephone Field,recover-20220922,001,1795
1602.0015,1602.0308,68437,79559,Rhinolophus ferrumequinum,0.023,0.024,-1,Echolocation,/mnt/ubna_data_02_mir/recover-20220922/UBNA_001/20220921_090000.WAV,Telephone Field,recover-20220922,001,1795
1602.0235,1602.0393,22031,25794,Nyctalus leisleri,0.014,0.026,-1,Echolocation,/mnt/ubna_data_02_mir/recover-20220922/UBNA_001/20220921_090000.WAV,Telephone Field,recover-20220922,001,1795
1602.0565,1602.0682,42656,46577,Pipistrellus pipistrellus,0.016,0.021,-1,Echolocation,/mnt/ubna_data_02_mir/recover-20220922/UBNA_001/20220921_090000.WAV,Telephone Field,recover-20220922,001,1795
1602.0595,1602.0697,22890,28763,Nyctalus leisleri,0.008,0.021,-1,Echolocation,/mnt/ubna_data_02_mir/recover-20220922/UBNA_001/20220921_090000.WAV,Telephone Field,recover-20220922,001,1795
1602.0955,1602.1361,68437,82442,Rhinolophus ferrumequinum,0.024,0.024,-1,Echolocation,/mnt/ubna_data_02_mir/recover-20220922/UBNA_001/20220921_090000.WAV,Telephone Field,recover-20220922,001,1795
1602.0975,1602.1061,27187,38520,Eptesicus serotinus,0.008,0.022,-1,Echolocation,/mnt/ubna_data_02_mir/recover-20220922/UBNA_001/20220921_090000.WAV,Telephone Field,recover-20220922,001,1795
1602.1035,1602.1451,68437,82733,Rhinolophus ferrumequinum,0.022,0.022,-1,Echolocation,/mnt/ubna_data_02_mir/recover-20220922/UBNA_001/20220921_090000.WAV,Telephone Field,recover-20220922,001,1795
1602.1035,1602.1108,23750,31995,Plecotus austriacus,0.008,0.023,-1,Echolocation,/mnt/ubna_data_02_mir/recover-20220922/UBNA_001/20220921_090000.WAV,Telephone Field,recover-20220922,001,1795
1602.1615,1602.1711,24609,31933,Eptesicus serotinus,0.008,0.024,-1,Echolocation,/mnt/ubna_data_02_mir/recover-20220922/UBNA_001/20220921_090000.WAV,Telephone Field,recover-20220922,001,1795
1602.1805,1602.188,28046,41617,Eptesicus serotinus,0.007,0.021,-1,Echolocation,/mnt/ubna_data_02_mir/recover-20220922/UBNA_001/20220921_090000.WAV,Telephone Field,recover-20220922,001,1795
1602.1905,1602.2276,68437,82260,Rhinolophus ferrumequinum,0.025,0.025,-1,Echolocation,/mnt/ubna_data_02_mir/recover-20220922/UBNA_001/20220921_090000.WAV,Telephone Field,recover-20220922,001,1795
1602.1985,1602.208,28906,36736,Eptesicus serotinus,0.01,0.024,-1,Echolocation,/mnt/ubna_data_02_mir/recover-20220922/UBNA_001/20220921_090000.WAV,Telephone Field,recover-20220922,001,1795
1602.2185,1602.2305,23750,29601,Nyctalus leisleri,0.01,0.023,-1,Echolocation,/mnt/ubna_data_02_mir/recover-20220922/UBNA_001/20220921_090000.WAV,Telephone Field,recover-20220922,001,1795
1602.2425,1602.2802,68437,81969,Rhinolophus ferrumequinum,0.021,0.021,-1,Echolocation,/mnt/ubna_data_02_mir/recover-20220922/UBNA_001/20220921_090000.WAV,Telephone Field,recover-20220922,001,1795
1602.2555,1602.2952,68437,82258,Rhinolophus ferrumequinum,0.024,0.024,-1,Echolocation,/mnt/ubna_data_02_mir/recover-20220922/UBNA_001/20220921_090000.WAV,Telephone Field,recover-20220922,001,1795
1602.2995,1602.3147,22031,26181,Nyctalus leisleri,0.015,0.028,-1,Echolocation,/mnt/ubna_data_02_mir/recover-20220922/UBNA_001/20220921_090000.WAV,Telephone Field,recover-20220922,001,1795
1602.3005,1602.3381,68437,81698,Rhinolophus ferrumequinum,0.021,0.021,-1,Echolocation,/mnt/ubna_data_02_mir/recover-20220922/UBNA_001/20220921_090000.WAV,Telephone Field,recover-20220922,001,1795
1602.3125,1602.3211,46953,52139,Pipistrellus pipistrellus,0.028,0.029,-1,Echolocation,/mnt/ubna_data_02_mir/recover-20220922/UBNA_001/20220921_090000.WAV,Telephone Field,recover-20220922,001,1795
1602.3415,1602.3529,24609,30341,Nyctalus leisleri,0.012,0.029,-1,Echolocation,/mnt/ubna_data_02_mir/recover-20220922/UBNA_001/20220921_090000.WAV,Telephone Field,recover-20220922,001,1795
1602.3505,1602.3597,26328,34871,Eptesicus serotinus,0.008,0.022,-1,Echolocation,/mnt/ubna_data_02_mir/recover-20220922/UBNA_001/20220921_090000.WAV,Telephone Field,recover-20220922,001,1795
1602.3625,1602.4027,68437,82883,Rhinolophus ferrumequinum,0.023,0.023,-1,Echolocation,/mnt/ubna_data_02_mir/recover-20220922/UBNA_001/20220921_090000.WAV,Telephone Field,recover-20220922,001,1795
1602.3995,1602.4119,55546,60260,Pipistrellus pygmaeus,0.021,0.022,-1,Echolocation,/mnt/ubna_data_02_mir/recover-20220922/UBNA_001/20220921_090000.WAV,Telephone Field,recover-20220922,001,1795
1602.4135,1602.4533,68437,82009,Rhinolophus ferrumequinum,0.021,0.021,-1,Echolocation,/mnt/ubna_data_02_mir/recover-20220922/UBNA_001/20220921_090000.WAV,Telephone Field,recover-20220922,001,1795
1602.4425,1602.4831,68437,81564,Rhinolophus ferrumequinum,0.027,0.027,-1,Echolocation,/mnt/ubna_data_02_mir/recover-20220922/UBNA_001/20220921_090000.WAV,Telephone Field,recover-20220922,001,1795
1602.4425,1602.4529,22031,27061,Nyctalus leisleri,0.01,0.021,-1,Echolocation,/mnt/ubna_data_02_mir/recover-20220922/UBNA_001/20220921_090000.WAV,Telephone Field,recover-20220922,001,1795
1602.4705,1602.4796,28046,35745,Eptesicus serotinus,0.015,0.03,-1,Echolocation,/mnt/ubna_data_02_mir/recover-20220922/UBNA_001/20220921_090000.WAV,Telephone Field,recover-20220922,001,1795
1602.4865,1602.5263,68437,82656,Rhinolophus ferrumequinum,0.027,0.027,-1,Echolocation,/mnt/ubna_data_02_mir/recover-20220922/UBNA_001/20220921_090000.WAV,Telephone Field,recover-20220922,001,1795
1602.4885,1602.5029,23750,29132,Nyctalus leisleri,0.012,0.03,-1,Echolocation,/mnt/ubna_data_02_mir/recover-20220922/UBNA_001/20220921_090000.WAV,Telephone Field,recover-20220922,001,1795
1602.6575,1602.6982,68437,81955,Rhinolophus ferrumequinum,0.026,0.026,-1,Echolocation,/mnt/ubna_data_02_mir/recover-20220922/UBNA_001/20220921_090000.WAV,Telephone Field,recover-20220922,001,1795
1602.6885,1602.7272,68437,81820,Rhinolophus ferrumequinum,0.024,0.024,-1,Echolocation,/mnt/ubna_data_02_mir/recover-20220922/UBNA_001/20220921_090000.WAV,Telephone Field,recover-20220922,001,1795
1602.7225,1602.7313,27187,35209,Eptesicus serotinus,0.009,0.022,-1,Echolocation,/mnt/ubna_data_02_mir/recover-20220922/UBNA_001/20220921_090000.WAV,Telephone Field,recover-20220922,001,1795
1602.7675,1602.7816,25468,29649,Nyctalus leisleri,0.067,0.132,-1,Echolocation,/mnt/ubna_data_02_mir/recover-20220922/UBNA_001/20220921_090000.WAV,Telephone Field,recover-20220922,001,1795
1602.8145,1602.8536,68437,82040,Rhinolophus ferrumequinum,0.023,0.023,-1,Echolocation,/mnt/ubna_data_02_mir/recover-20220922/UBNA_001/20220921_090000.WAV,Telephone Field,recover-20220922,001,1795
1602.8225,1602.83,28046,38442,Eptesicus serotinus,0.008,0.022,-1,Echolocation,/mnt/ubna_data_02_mir/recover-20220922/UBNA_001/20220921_090000.WAV,Telephone Field,recover-20220922,001,1795
1602.8495,1602.8679,57265,62916,Pipistrellus pygmaeus,0.03,0.031,-1,Echolocation,/mnt/ubna_data_02_mir/recover-20220922/UBNA_001/20220921_090000.WAV,Telephone Field,recover-20220922,001,1795
1602.8635,1602.8737,42656,46633,Pipistrellus pipistrellus,0.021,0.028,-1,Echolocation,/mnt/ubna_data_02_mir/recover-20220922/UBNA_001/20220921_090000.WAV,Telephone Field,recover-20220922,001,1795
1602.8705,1602.9098,68437,82972,Rhinolophus ferrumequinum,0.026,0.026,-1,Echolocation,/mnt/ubna_data_02_mir/recover-20220922/UBNA_001/20220921_090000.WAV,Telephone Field,recover-20220922,001,1795
1602.8755,1602.8854,23750,29608,Nyctalus leisleri,0.009,0.022,-1,Echolocation,/mnt/ubna_data_02_mir/recover-20220922/UBNA_001/20220921_090000.WAV,Telephone Field,recover-20220922,001,1795
1602.9215,1602.96,68437,82328,Rhinolophus ferrumequinum,0.022,0.022,-1,Echolocation,/mnt/ubna_data_02_mir/recover-20220922/UBNA_001/20220921_090000.WAV,Telephone Field,recover-20220922,001,1795
1602.9585,1602.9968,68437,81715,Rhinolophus ferrumequinum,0.021,0.021,-1,Echolocation,/mnt/ubna_data_02_mir/recover-20220922/UBNA_001/20220921_090000.WAV,Telephone Field,recover-20220922,001,1795
1602.9885,1602.9975,28046,39725,Eptesicus serotinus,0.008,0.021,-1,Echolocation,/mnt/ubna_data_02_mir/recover-20220922/UBNA_001/20220921_090000.WAV,Telephone Field,recover-20220922,001,1795
1602.9975,1603.0352,68437,81921,Rhinolophus ferrumequinum,0.022,0.022,-1,Echolocation,/mnt/ubna_data_02_mir/recover-20220922/UBNA_001/20220921_090000.WAV,Telephone Field,recover-20220922,001,1795
1603.0095,1603.0168,50390,57981,Pipistrellus pipistrellus,0.018,0.022,-1,Echolocation,/mnt/ubna_data_02_mir/recover-20220922/UBNA_001/20220921_090000.WAV,Telephone Field,recover-20220922,001,1795
1603.0235,1603.0618,68437,81824,Rhinolophus ferrumequinum,0.023,0.023,-1,Echolocation,/mnt/ubna_data_02_mir/recover-20220922/UBNA_001/20220921_090000.WAV,Telephone Field,recover-20220922,001,1795
1603.0565,1603.0919,68437,81178,Rhinolophus ferrumequinum,0.024,0.024,-1,Echolocation,/mnt/ubna_data_02_mir/recover-20220922/UBNA_001/20220921_090000.WAV,Telephone Field,recover-20220922,001,1795
1603.0685,1603.0807,23750,29257,Nyctalus leisleri,0.012,0.025,-1,Echolocation,/mnt/ubna_data_02_mir/recover-20220922/UBNA_001/20220921_090000.WAV,Telephone Field,recover-20220922,001,1795
1603.0965,1603.1367,68437,83023,Rhinolophus ferrumequinum,0.022,0.022,-1,Echolocation,/mnt/ubna_data_02_mir/recover-20220922/UBNA_001/20220921_090000.WAV,Telephone Field,recover-20220922,001,1795
1603.1365,1603.1456,51250,56451,Pipistrellus pipistrellus,0.022,0.027,-1,Echolocation,/mnt/ubna_data_02_mir/recover-20220922/UBNA_001/20220921_090000.WAV,Telephone Field,recover-20220922,001,1795
1603.1605,1603.2004,68437,82251,Rhinolophus ferrumequinum,0.023,0.023,-1,Echolocation,/mnt/ubna_data_02_mir/recover-20220922/UBNA_001/20220921_090000.WAV,Telephone Field,recover-20220922,001,1795
1603.1795,1603.1933,23750,28358,Nyctalus leisleri,0.018,0.038,-1,Echolocation,/mnt/ubna_data_02_mir/recover-20220922/UBNA_001/20220921_090000.WAV,Telephone Field,recover-20220922,001,1795
1603.2065,1603.2159,45234,50223,Pipistrellus pipistrellus,0.023,0.027,-1,Echolocation,/mnt/ubna_data_02_mir/recover-20220922/UBNA_001/20220921_090000.WAV,Telephone Field,recover-20220922,001,1795
1603.2205,1603.261,68437,82943,Rhinolophus ferrumequinum,0.031,0.031,-1,Echolocation,/mnt/ubna_data_02_mir/recover-20220922/UBNA_001/20220921_090000.WAV,Telephone Field,recover-20220922,001,1795
1603.2285,1603.267,68437,81788,Rhinolophus ferrumequinum,0.024,0.024,-1,Echolocation,/mnt/ubna_data_02_mir/recover-20220922/UBNA_001/20220921_090000.WAV,Telephone Field,recover-20220922,001,1795
1603.2635,1603.2696,34062,43577,Myotis daubentonii,0.01,0.028,-1,Echolocation,/mnt/ubna_data_02_mir/recover-20220922/UBNA_001/20220921_090000.WAV,Telephone Field,recover-20220922,001,1795
1603.2645,1603.2708,27187,41599,Eptesicus serotinus,0.008,0.035,-1,Echolocation,/mnt/ubna_data_02_mir/recover-20220922/UBNA_001/20220921_090000.WAV,Telephone Field,recover-20220922,001,1795
1603.2725,1603.3143,68437,83082,Rhinolophus ferrumequinum,0.027,0.027,-1,Echolocation,/mnt/ubna_data_02_mir/recover-20220922/UBNA_001/20220921_090000.WAV,Telephone Field,recover-20220922,001,1795
1603.3005,1603.3119,22031,25791,Nyctalus leisleri,0.013,0.022,-1,Echolocation,/mnt/ubna_data_02_mir/recover-20220922/UBNA_001/20220921_090000.WAV,Telephone Field,recover-20220922,001,1795
1603.3225,1603.3309,28906,38507,Eptesicus serotinus,0.008,0.022,-1,Echolocation,/mnt/ubna_data_02_mir/recover-20220922/UBNA_001/20220921_090000.WAV,Telephone Field,recover-20220922,001,1795
1603.3345,1603.3757,68437,82604,Rhinolophus ferrumequinum,0.026,0.026,-1,Echolocation,/mnt/ubna_data_02_mir/recover-20220922/UBNA_001/20220921_090000.WAV,Telephone Field,recover-20220922,001,1795
1603.3425,1603.3818,68437,82362,Rhinolophus ferrumequinum,0.024,0.024,-1,Echolocation,/mnt/ubna_data_02_mir/recover-20220922/UBNA_001/20220921_090000.WAV,Telephone Field,recover-20220922,001,1795
1603.3895,1603.4273,68437,81972,Rhinolophus ferrumequinum,0.021,0.021,-1,Echolocation,/mnt/ubna_data_02_mir/recover-20220922/UBNA_001/20220921_090000.WAV,Telephone Field,recover-20220922,001,1795
1603.4095,1603.4499,68437,82544,Rhinolophus ferrumequinum,0.027,0.027,-1,Echolocation,/mnt/ubna_data_02_mir/recover-20220922/UBNA_001/20220921_090000.WAV,Telephone Field,recover-20220922,001,1795
1603.4445,1603.4845,68437,81798,Rhinolophus ferrumequinum,0.023,0.023,-1,Echolocation,/mnt/ubna_data_02_mir/recover-20220922/UBNA_001/20220921_090000.WAV,Telephone Field,recover-20220922,001,1795
1603.4525,1603.4633,44375,51116,Pipistrellus pipistrellus,0.019,0.026,-1,Echolocation,/mnt/ubna_data_02_mir/recover-20220922/UBNA_001/20220921_090000.WAV,Telephone Field,recover-20220922,001,1795
1603.4705,1603.5111,68437,82770,Rhinolophus ferrumequinum,0.023,0.023,-1,Echolocation,/mnt/ubna_data_02_mir/recover-20220922/UBNA_001/20220921_090000.WAV,Telephone Field,recover-20220922,001,1795
1603.4765,1603.5156,68437,82297,Rhinolophus ferrumequinum,0.023,0.023,-1,Echolocation,/mnt/ubna_data_02_mir/recover-20220922/UBNA_001/20220921_090000.WAV,Telephone Field,recover-20220922,001,1795
1603.4795,1603.4865,28906,41076,Eptesicus serotinus,0.007,0.025,-1,Echolocation,/mnt/ubna_data_02_mir/recover-20220922/UBNA_001/20220921_090000.WAV,Telephone Field,recover-20220922,001,1795
1603.5145,1603.5557,68437,82224,Rhinolophus ferrumequinum,0.024,0.024,-1,Echolocation,/mnt/ubna_data_02_mir/recover-20220922/UBNA_001/20220921_090000.WAV,Telephone Field,recover-20220922,001,1795
1603.5305,1603.5687,68437,81499,Rhinolophus ferrumequinum,0.022,0.022,-1,Echolocation,/mnt/ubna_data_02_mir/recover-20220922/UBNA_001/20220921_090000.WAV,Telephone Field,recover-20220922,001,1795
1603.5325,1603.5432,24609,29628,Nyctalus leisleri,0.011,0.025,-1,Echolocation,/mnt/ubna_data_02_mir/recover-20220922/UBNA_001/20220921_090000.WAV,Telephone Field,recover-20220922,001,1795
1603.5585,1603.5988,68437,83307,Rhinolophus ferrumequinum,0.033,0.033,-1,Echolocation,/mnt/ubna_data_02_mir/recover-20220922/UBNA_001/20220921_090000.WAV,Telephone Field,recover-20220922,001,1795
1603.5875,1603.6289,68437,82516,Rhinolophus ferrumequinum,0.028,0.028,-1,Echolocation,/mnt/ubna_data_02_mir/recover-20220922/UBNA_001/20220921_090000.WAV,Telephone Field,recover-20220922,001,1795
1603.6365,1603.6701,68437,80713,Rhinolophus ferrumequinum,0.021,0.021,-1,Echolocation,/mnt/ubna_data_02_mir/recover-20220922/UBNA_001/20220921_090000.WAV,Telephone Field,recover-20220922,001,1795
1603.6715,1603.6788,28906,40333,Eptesicus serotinus,0.008,0.023,-1,Echolocation,/mnt/ubna_data_02_mir/recover-20220922/UBNA_001/20220921_090000.WAV,Telephone Field,recover-20220922,001,1795
1603.6925,1603.7034,23750,29458,Nyctalus leisleri,0.012,0.029,-1,Echolocation,/mnt/ubna_data_02_mir/recover-20220922/UBNA_001/20220921_090000.WAV,Telephone Field,recover-20220922,001,1795
1603.7085,1603.7212,22890,27522,Nyctalus leisleri,0.013,0.024,-1,Echolocation,/mnt/ubna_data_02_mir/recover-20220922/UBNA_001/20220921_090000.WAV,Telephone Field,recover-20220922,001,1795
1603.7175,1603.7582,68437,82750,Rhinolophus ferrumequinum,0.031,0.031,-1,Echolocation,/mnt/ubna_data_02_mir/recover-20220922/UBNA_001/20220921_090000.WAV,Telephone Field,recover-20220922,001,1795
1603.7395,1603.749,15156,21288,Nyctalus noctula,0.012,0.025,-1,Echolocation,/mnt/ubna_data_02_mir/recover-20220922/UBNA_001/20220921_090000.WAV,Telephone Field,recover-20220922,001,1795
1603.7485,1603.7886,68437,82521,Rhinolophus ferrumequinum,0.025,0.025,-1,Echolocation,/mnt/ubna_data_02_mir/recover-20220922/UBNA_001/20220921_090000.WAV,Telephone Field,recover-20220922,001,1795
1603.7505,1603.7589,28046,37328,Eptesicus serotinus,0.011,0.026,-1,Echolocation,/mnt/ubna_data_02_mir/recover-20220922/UBNA_001/20220921_090000.WAV,Telephone Field,recover-20220922,001,1795
1603.7995,1603.8068,36640,42878,Barbastellus barbastellus,0.023,0.049,-1,Echolocation,/mnt/ubna_data_02_mir/recover-20220922/UBNA_001/20220921_090000.WAV,Telephone Field,recover-20220922,001,1795
1603.8025,1603.809,27187,41345,Eptesicus serotinus,0.007,0.027,-1,Echolocation,/mnt/ubna_data_02_mir/recover-20220922/UBNA_001/20220921_090000.WAV,Telephone Field,recover-20220922,001,1795
1603.8295,1603.8381,49531,56982,Pipistrellus pipistrellus,0.023,0.027,-1,Echolocation,/mnt/ubna_data_02_mir/recover-20220922/UBNA_001/20220921_090000.WAV,Telephone Field,recover-20220922,001,1795
1603.8575,1603.8962,68437,81928,Rhinolophus ferrumequinum,0.026,0.027,-1,Echolocation,/mnt/ubna_data_02_mir/recover-20220922/UBNA_001/20220921_090000.WAV,Telephone Field,recover-20220922,001,1795
1603.8795,1603.9184,68437,82404,Rhinolophus ferrumequinum,0.021,0.021,-1,Echolocation,/mnt/ubna_data_02_mir/recover-20220922/UBNA_001/20220921_090000.WAV,Telephone Field,recover-20220922,001,1795
1603.9035,1603.945,68437,82665,Rhinolophus ferrumequinum,0.025,0.025,-1,Echolocation,/mnt/ubna_data_02_mir/recover-20220922/UBNA_001/20220921_090000.WAV,Telephone Field,recover-20220922,001,1795
1603.9205,1603.9292,27187,37286,Eptesicus serotinus,0.009,0.021,-1,Echolocation,/mnt/ubna_data_02_mir/recover-20220922/UBNA_001/20220921_090000.WAV,Telephone Field,recover-20220922,001,1795
1603.9255,1603.9329,28046,40800,Eptesicus serotinus,0.006,0.021,-1,Echolocation,/mnt/ubna_data_02_mir/recover-20220922/UBNA_001/20220921_090000.WAV,Telephone Field,recover-20220922,001,1795
1603.9745,1603.9802,51250,56796,Pipistrellus pipistrellus,0.02,0.023,-1,Echolocation,/mnt/ubna_data_02_mir/recover-20220922/UBNA_001/20220921_090000.WAV,Telephone Field,recover-20220922,001,1795
1603.9825,1603.9926,28046,35969,Eptesicus serotinus,0.012,0.025,-1,Echolocation,/mnt/ubna_data_02_mir/recover-20220922/UBNA_001/20220921_090000.WAV,Telephone Field,recover-20220922,001,1795
1604.0015,1604.0343,68437,80096,Rhinolophus ferrumequinum,0.056,0.056,-1,Echolocation,/mnt/ubna_data_02_mir/recover-20220922/UBNA_001/20220921_090000.WAV,Telephone Field,recover-20220922,001,1795
1604.0015,1604.0149,18593,23948,Nyctalus noctula,0.008,0.022,-1,Echolocation,/mnt/ubna_data_02_mir/recover-20220922/UBNA_001/20220921_090000.WAV,Telephone Field,recover-20220922,001,1795
1604.0125,1604.053,68437,81918,Rhinolophus ferrumequinum,0.022,0.022,-1,Echolocation,/mnt/ubna_data_02_mir/recover-20220922/UBNA_001/20220921_090000.WAV,Telephone Field,recover-20220922,001,1795
1604.0795,1604.1165,68437,82247,Rhinolophus ferrumequinum,0.03,0.03,-1,Echolocation,/mnt/ubna_data_02_mir/recover-20220922/UBNA_001/20220921_090000.WAV,Telephone Field,recover-20220922,001,1795
1604.0905,1604.1311,68437,81813,Rhinolophus ferrumequinum,0.022,0.022,-1,Echolocation,/mnt/ubna_data_02_mir/recover-20220922/UBNA_001/20220921_090000.WAV,Telephone Field,recover-20220922,001,1795
1604.1335,1604.1715,68437,82169,Rhinolophus ferrumequinum,0.023,0.023,-1,Echolocation,/mnt/ubna_data_02_mir/recover-20220922/UBNA_001/20220921_090000.WAV,Telephone Field,recover-20220922,001,1795
1604.1445,1604.1865,68437,82707,Rhinolophus ferrumequinum,0.022,0.022,-1,Echolocation,/mnt/ubna_data_02_mir/recover-20220922/UBNA_001/20220921_090000.WAV,Telephone Field,recover-20220922,001,1795
1604.1775,1604.1873,28906,36523,Eptesicus serotinus,0.009,0.021,-1,Echolocation,/mnt/ubna_data_02_mir/recover-20220922/UBNA_001/20220921_090000.WAV,Telephone Field,recover-20220922,001,1795
1604.1825,1604.2254,68437,83493,Rhinolophus ferrumequinum,0.034,0.034,-1,Echolocation,/mnt/ubna_data_02_mir/recover-20220922/UBNA_001/20220921_090000.WAV,Telephone Field,recover-20220922,001,1795
1604.2615,1604.272,22890,29052,Nyctalus leisleri,0.009,0.023,-1,Echolocation,/mnt/ubna_data_02_mir/recover-20220922/UBNA_001/20220921_090000.WAV,Telephone Field,recover-20220922,001,1795
1604.2875,1604.3222,68437,81484,Rhinolophus ferrumequinum,0.023,0.023,-1,Echolocation,/mnt/ubna_data_02_mir/recover-20220922/UBNA_001/20220921_090000.WAV,Telephone Field,recover-20220922,001,1795
1604.2975,1604.335,68437,81763,Rhinolophus ferrumequinum,0.026,0.026,-1,Echolocation,/mnt/ubna_data_02_mir/recover-20220922/UBNA_001/20220921_090000.WAV,Telephone Field,recover-20220922,001,1795
1604.3285,1604.3675,68437,82380,Rhinolophus ferrumequinum,0.024,0.024,-1,Echolocation,/mnt/ubna_data_02_mir/recover-20220922/UBNA_001/20220921_090000.WAV,Telephone Field,recover-20220922,001,1795
1604.3515,1604.392,68437,82153,Rhinolophus ferrumequinum,0.025,0.025,-1,Echolocation,/mnt/ubna_data_02_mir/recover-20220922/UBNA_001/20220921_090000.WAV,Telephone Field,recover-20220922,001,1795
1604.3895,1604.4005,14296,19475,Nyctalus noctula,0.014,0.026,-1,Echolocation,/mnt/ubna_data_02_mir/recover-20220922/UBNA_001/20220921_090000.WAV,Telephone Field,recover-20220922,001,1795
1604.4025,1604.4421,68437,82286,Rhinolophus ferrumequinum,0.038,0.038,-1,Echolocation,/mnt/ubna_data_02_mir/recover-20220922/UBNA_001/20220921_090000.WAV,Telephone Field,recover-20220922,001,1795
1604.4335,1604.4421,25468,34604,Eptesicus serotinus,0.008,0.024,-1,Echolocation,/mnt/ubna_data_02_mir/recover-20220922/UBNA_001/20220921_090000.WAV,Telephone Field,recover-20220922,001,1795
1604.4565,1604.4636,28046,40991,Eptesicus serotinus,0.007,0.024,-1,Echolocation,/mnt/ubna_data_02_mir/recover-20220922/UBNA_001/20220921_090000.WAV,Telephone Field,recover-20220922,001,1795
1604.4755,1604.5137,68437,82316,Rhinolophus ferrumequinum,0.022,0.022,-1,Echolocation,/mnt/ubna_data_02_mir/recover-20220922/UBNA_001/20220921_090000.WAV,Telephone Field,recover-20220922,001,1795
1604.4865,1604.5242,68437,82492,Rhinolophus ferrumequinum,0.023,0.023,-1,Echolocation,/mnt/ubna_data_02_mir/recover-20220922/UBNA_001/20220921_090000.WAV,Telephone Field,recover-20220922,001,1795
1604.5115,1604.519,27187,40116,Eptesicus serotinus,0.008,0.024,-1,Echolocation,/mnt/ubna_data_02_mir/recover-20220922/UBNA_001/20220921_090000.WAV,Telephone Field,recover-20220922,001,1795
1604.5215,1604.5614,68437,82473,Rhinolophus ferrumequinum,0.022,0.022,-1,Echolocation,/mnt/ubna_data_02_mir/recover-20220922/UBNA_001/20220921_090000.WAV,Telephone Field,recover-20220922,001,1795
1604.5345,1604.5768,68437,83317,Rhinolophus ferrumequinum,0.03,0.03,-1,Echolocation,/mnt/ubna_data_02_mir/recover-20220922/UBNA_001/20220921_090000.WAV,Telephone Field,recover-20220922,001,1795
1604.5465,1604.5868,68437,82619,Rhinolophus ferrumequinum,0.021,0.021,-1,Echolocation,/mnt/ubna_data_02_mir/recover-20220922/UBNA_001/20220921_090000.WAV,Telephone Field,recover-20220922,001,1795
1604.5695,1604.6053,68437,81171,Rhinolophus ferrumequinum,0.032,0.032,-1,Echolocation,/mnt/ubna_data_02_mir/recover-20220922/UBNA_001/20220921_090000.WAV,Telephone Field,recover-20220922,001,1795
1604.6015,1604.6119,43515,46004,Pipistrellus pipistrellus,0.022,0.026,-1,Echolocation,/mnt/ubna_data_02_mir/recover-20220922/UBNA_001/20220921_090000.WAV,Telephone Field,recover-20220922,001,1795
1604.6065,1604.6454,68437,82094,Rhinolophus ferrumequinum,0.022,0.022,-1,Echolocation,/mnt/ubna_data_02_mir/recover-20220922/UBNA_001/20220921_090000.WAV,Telephone Field,recover-20220922,001,1795
1604.6145,1604.6521,68437,81635,Rhinolophus ferrumequinum,0.022,0.022,-1,Echolocation,/mnt/ubna_data_02_mir/recover-20220922/UBNA_001/20220921_090000.WAV,Telephone Field,recover-20220922,001,1795
1604.6565,1604.6676,23750,28862,Nyctalus leisleri,0.012,0.026,-1,Echolocation,/mnt/ubna_data_02_mir/recover-20220922/UBNA_001/20220921_090000.WAV,Telephone Field,recover-20220922,001,1795
1604.6575,1604.6942,68437,81296,Rhinolophus ferrumequinum,0.023,0.023,-1,Echolocation,/mnt/ubna_data_02_mir/recover-20220922/UBNA_001/20220921_090000.WAV,Telephone Field,recover-20220922,001,1795
1604.6845,1604.7241,68437,82461,Rhinolophus ferrumequinum,0.023,0.023,-1,Echolocation,/mnt/ubna_data_02_mir/recover-20220922/UBNA_001/20220921_090000.WAV,Telephone Field,recover-20220922,001,1795
1604.7235,1604.762,68437,81535,Rhinolophus ferrumequinum,0.024,0.024,-1,Echolocation,/mnt/ubna_data_02_mir/recover-20220922/UBNA_001/20220921_090000.WAV,Telephone Field,recover-20220922,001,1795
1604.7455,1604.7879,68437,82947,Rhinolophus ferrumequinum,0.023,0.023,-1,Echolocation,/mnt/ubna_data_02_mir/recover-20220922/UBNA_001/20220921_090000.WAV,Telephone Field,recover-20220922,001,1795
1604.7925,1604.8018,15156,21038,Nyctalus noctula,0.009,0.022,-1,Echolocation,/mnt/ubna_data_02_mir/recover-20220922/UBNA_001/20220921_090000.WAV,Telephone Field,recover-20220922,001,1795
1604.8245,1604.8644,68437,82423,Rhinolophus ferrumequinum,0.022,0.022,-1,Echolocation,/mnt/ubna_data_02_mir/recover-20220922/UBNA_001/20220921_090000.WAV,Telephone Field,recover-20220922,001,1795
1604.8305,1604.8708,68437,82700,Rhinolophus ferrumequinum,0.021,0.021,-1,Echolocation,/mnt/ubna_data_02_mir/recover-20220922/UBNA_001/20220921_090000.WAV,Telephone Field,recover-20220922,001,1795
1604.8345,1604.8435,28046,36874,Eptesicus serotinus,0.011,0.026,-1,Echolocation,/mnt/ubna_data_02_mir/recover-20220922/UBNA_001/20220921_090000.WAV,Telephone Field,recover-20220922,001,1795
1604.8615,1604.9022,68437,82456,Rhinolophus ferrumequinum,0.037,0.038,-1,Echolocation,/mnt/ubna_data_02_mir/recover-20220922/UBNA_001/20220921_090000.WAV,Telephone Field,recover-20220922,001,1795
1604.8675,1604.877,28906,37564,Eptesicus serotinus,0.008,0.023,-1,Echolocation,/mnt/ubna_data_02_mir/recover-20220922/UBNA_001/20220921_090000.WAV,Telephone Field,recover-20220922,001,1795
1604.8915,1604.93,68437,82173,Rhinolophus ferrumequinum,0.021,0.021,-1,Echolocation,/mnt/ubna_data_02_mir/recover-20220922/UBNA_001/20220921_090000.WAV,Telephone Field,recover-20220922,001,1795
1604.8995,1604.939,68437,82048,Rhinolophus ferrumequinum,0.021,0.022,-1,Echolocation,/mnt/ubna_data_02_mir/recover-20220922/UBNA_001/20220921_090000.WAV,Telephone Field,recover-20220922,001,1795
1604.9055,1604.9141,28046,38217,Eptesicus serotinus,0.009,0.024,-1,Echolocation,/mnt/ubna_data_02_mir/recover-20220922/UBNA_001/20220921_090000.WAV,Telephone Field,recover-20220922,001,1795
1604.9275,1604.9667,68437,81887,Rhinolophus ferrumequinum,0.024,0.024,-1,Echolocation,/mnt/ubna_data_02_mir/recover-20220922/UBNA_001/20220921_090000.WAV,Telephone Field,recover-20220922,001,1795
1604.9365,1604.9745,68437,82000,Rhinolophus ferrumequinum,0.022,0.022,-1,Echolocation,/mnt/ubna_data_02_mir/recover-20220922/UBNA_001/20220921_090000.WAV,Telephone Field,recover-20220922,001,1795
1604.9655,1605.009,68437,83137,Rhinolophus ferrumequinum,0.032,0.032,-1,Echolocation,/mnt/ubna_data_02_mir/recover-20220922/UBNA_001/20220921_090000.WAV,Telephone Field,recover-20220922,001,1795
1604.9935,1605.0338,68437,81846,Rhinolophus ferrumequinum,0.023,0.023,-1,Echolocation,/mnt/ubna_data_02_mir/recover-20220922/UBNA_001/20220921_090000.WAV,Telephone Field,recover-20220922,001,1795
1605.0105,1605.0175,27187,40020,Eptesicus serotinus,0.006,0.022,-1,Echolocation,/mnt/ubna_data_02_mir/recover-20220922/UBNA_001/20220921_090000.WAV,Telephone Field,recover-20220922,001,1795
1605.0375,1605.0458,30625,39446,Eptesicus serotinus,0.006,0.024,-1,Echolocation,/mnt/ubna_data_02_mir/recover-20220922/UBNA_001/20220921_090000.WAV,Telephone Field,recover-20220922,001,1795
1605.0465,1605.0858,68437,81222,Rhinolophus ferrumequinum,0.022,0.022,-1,Echolocation,/mnt/ubna_data_02_mir/recover-20220922/UBNA_001/20220921_090000.WAV,Telephone Field,recover-20220922,001,1795
1605.0595,1605.1006,68437,83137,Rhinolophus ferrumequinum,0.027,0.027,-1,Echolocation,/mnt/ubna_data_02_mir/recover-20220922/UBNA_001/20220921_090000.WAV,Telephone Field,recover-20220922,001,1795
1605.0695,1605.0818,49531,53288,Pipistrellus pipistrellus,0.041,0.05,-1,Echolocation,/mnt/ubna_data_02_mir/recover-20220922/UBNA_001/20220921_090000.WAV,Telephone Field,recover-20220922,001,1795
1605.0835,1605.1202,68437,81375,Rhinolophus ferrumequinum,0.023,0.023,-1,Echolocation,/mnt/ubna_data_02_mir/recover-20220922/UBNA_001/20220921_090000.WAV,Telephone Field,recover-20220922,001,1795
1605.1015,1605.1414,68437,81826,Rhinolophus ferrumequinum,0.024,0.024,-1,Echolocation,/mnt/ubna_data_02_mir/recover-20220922/UBNA_001/20220921_090000.WAV,Telephone Field,recover-20220922,001,1795
1605.1215,1605.1624,68437,82587,Rhinolophus ferrumequinum,0.023,0.023,-1,Echolocation,/mnt/ubna_data_02_mir/recover-20220922/UBNA_001/20220921_090000.WAV,Telephone Field,recover-20220922,001,1795
1605.1535,1605.1611,26328,35561,Eptesicus serotinus,0.007,0.022,-1,Echolocation,/mnt/ubna_data_02_mir/recover-20220922/UBNA_001/20220921_090000.WAV,Telephone Field,recover-20220922,001,1795
1605.2005,1605.236,68437,81443,Rhinolophus ferrumequinum,0.023,0.023,-1,Echolocation,/mnt/ubna_data_02_mir/recover-20220922/UBNA_001/20220921_090000.WAV,Telephone Field,recover-20220922,001,1795
1605.2505,1605.2588,44375,51722,Pipistrellus pipistrellus,0.027,0.035,-1,Echolocation,/mnt/ubna_data_02_mir/recover-20220922/UBNA_001/20220921_090000.WAV,Telephone Field,recover-20220922,001,1795
1605.2555,1605.2921,68437,81814,Rhinolophus ferrumequinum,0.025,0.025,-1,Echolocation,/mnt/ubna_data_02_mir/recover-20220922/UBNA_001/20220921_090000.WAV,Telephone Field,recover-20220922,001,1795
1605.2655,1605.3022,68437,81068,Rhinolophus ferrumequinum,0.022,0.023,-1,Echolocation,/mnt/ubna_data_02_mir/recover-20220922/UBNA_001/20220921_090000.WAV,Telephone Field,recover-20220922,001,1795
1605.2845,1605.3217,68437,81837,Rhinolophus ferrumequinum,0.026,0.026,-1,Echolocation,/mnt/ubna_data_02_mir/recover-20220922/UBNA_001/20220921_090000.WAV,Telephone Field,recover-20220922,001,1795
1605.2865,1605.2942,46953,52961,Pipistrellus pipistrellus,0.038,0.04,-1,Echolocation,/mnt/ubna_data_02_mir/recover-20220922/UBNA_001/20220921_090000.WAV,Telephone Field,recover-20220922,001,1795
1605.2955,1605.3319,68437,81496,Rhinolophus ferrumequinum,0.026,0.026,-1,Echolocation,/mnt/ubna_data_02_mir/recover-20220922/UBNA_001/20220921_090000.WAV,Telephone Field,recover-20220922,001,1795
1605.3105,1605.3462,68437,81496,Rhinolophus ferrumequinum,0.022,0.022,-1,Echolocation,/mnt/ubna_data_02_mir/recover-20220922/UBNA_001/20220921_090000.WAV,Telephone Field,recover-20220922,001,1795
1605.3715,1605.4071,68437,81423,Rhinolophus ferrumequinum,0.025,0.026,-1,Echolocation,/mnt/ubna_data_02_mir/recover-20220922/UBNA_001/20220921_090000.WAV,Telephone Field,recover-20220922,001,1795
1605.3755,1605.3818,23750,32761,Plecotus austriacus,0.013,0.026,-1,Echolocation,/mnt/ubna_data_02_mir/recover-20220922/UBNA_001/20220921_090000.WAV,Telephone Field,recover-20220922,001,1795
1605.4265,1605.4621,68437,81329,Rhinolophus ferrumequinum,0.022,0.022,-1,Echolocation,/mnt/ubna_data_02_mir/recover-20220922/UBNA_001/20220921_090000.WAV,Telephone Field,recover-20220922,001,1795
1605.4495,1605.4916,68437,82702,Rhinolophus ferrumequinum,0.058,0.058,-1,Echolocation,/mnt/ubna_data_02_mir/recover-20220922/UBNA_001/20220921_090000.WAV,Telephone Field,recover-20220922,001,1795
1605.4635,1605.4719,28046,40549,Eptesicus serotinus,0.008,0.024,-1,Echolocation,/mnt/ubna_data_02_mir/recover-20220922/UBNA_001/20220921_090000.WAV,Telephone Field,recover-20220922,001,1795
1605.5005,1605.5075,28046,39842,Eptesicus serotinus,0.01,0.028,-1,Echolocation,/mnt/ubna_data_02_mir/recover-20220922/UBNA_001/20220921_090000.WAV,Telephone Field,recover-20220922,001,1795
1605.5165,1605.5528,68437,81225,Rhinolophus ferrumequinum,0.035,0.035,-1,Echolocation,/mnt/ubna_data_02_mir/recover-20220922/UBNA_001/20220921_090000.WAV,Telephone Field,recover-20220922,001,1795
1605.5445,1605.5608,16015,21179,Nyctalus noctula,0.032,0.041,-1,Echolocation,/mnt/ubna_data_02_mir/recover-20220922/UBNA_001/20220921_090000.WAV,Telephone Field,recover-20220922,001,1795
1605.5665,1605.5761,23750,30268,Nyctalus leisleri,0.008,0.022,-1,Echolocation,/mnt/ubna_data_02_mir/recover-20220922/UBNA_001/20220921_090000.WAV,Telephone Field,recover-20220922,001,1795
1605.5755,1605.6145,68437,81970,Rhinolophus ferrumequinum,0.022,0.022,-1,Echolocation,/mnt/ubna_data_02_mir/recover-20220922/UBNA_001/20220921_090000.WAV,Telephone Field,recover-20220922,001,1795
1605.5785,1605.5884,30625,39090,Eptesicus serotinus,0.008,0.023,-1,Echolocation,/mnt/ubna_data_02_mir/recover-20220922/UBNA_001/20220921_090000.WAV,Telephone Field,recover-20220922,001,1795
1605.6115,1605.6518,68437,82626,Rhinolophus ferrumequinum,0.025,0.025,-1,Echolocation,/mnt/ubna_data_02_mir/recover-20220922/UBNA_001/20220921_090000.WAV,Telephone Field,recover-20220922,001,1795
1605.6295,1605.6369,28046,36338,Eptesicus serotinus,0.037,0.073,-1,Echolocation,/mnt/ubna_data_02_mir/recover-20220922/UBNA_001/20220921_090000.WAV,Telephone Field,recover-20220922,001,1795
1605.6475,1605.6816,68437,81235,Rhinolophus ferrumequinum,0.031,0.031,-1,Echolocation,/mnt/ubna_data_02_mir/recover-20220922/UBNA_001/20220921_090000.WAV,Telephone Field,recover-20220922,001,1795
1605.6475,1605.655,28906,41422,Eptesicus serotinus,0.008,0.025,-1,Echolocation,/mnt/ubna_data_02_mir/recover-20220922/UBNA_001/20220921_090000.WAV,Telephone Field,recover-20220922,001,1795
1605.6565,1605.6946,68437,81744,Rhinolophus ferrumequinum,0.021,0.021,-1,Echolocation,/mnt/ubna_data_02_mir/recover-20220922/UBNA_001/20220921_090000.WAV,Telephone Field,recover-20220922,001,1795
1605.6645,1605.7041,68437,82338,Rhinolophus ferrumequinum,0.022,0.023,-1,Echolocation,/mnt/ubna_data_02_mir/recover-20220922/UBNA_001/20220921_090000.WAV,Telephone Field,recover-20220922,001,1795
1605.6945,1605.7043,27187,35904,Eptesicus serotinus,0.011,0.025,-1,Echolocation,/mnt/ubna_data_02_mir/recover-20220922/UBNA_001/20220921_090000.WAV,Telephone Field,recover-20220922,001,1795
1605.6965,1605.7378,68437,82503,Rhinolophus ferrumequinum,0.022,0.022,-1,Echolocation,/mnt/ubna_data_02_mir/recover-20220922/UBNA_001/20220921_090000.WAV,Telephone Field,recover-20220922,001,1795
1605.7615,1605.8007,68437,81962,Rhinolophus ferrumequinum,0.023,0.023,-1,Echolocation,/mnt/ubna_data_02_mir/recover-20220922/UBNA_001/20220921_090000.WAV,Telephone Field,recover-20220922,001,1795
1605.8195,1605.8294,22031,27973,Nyctalus leisleri,0.008,0.022,-1,Echolocation,/mnt/ubna_data_02_mir/recover-20220922/UBNA_001/20220921_090000.WAV,Telephone Field,recover-20220922,001,1795
1605.8195,1605.8629,68437,83525,Rhinolophus ferrumequinum,0.038,0.038,-1,Echolocation,/mnt/ubna_data_02_mir/recover-20220922/UBNA_001/20220921_090000.WAV,Telephone Field,recover-20220922,001,1795
1605.8885,1605.9222,68437,80765,Rhinolophus ferrumequinum,0.023,0.023,-1,Echolocation,/mnt/ubna_data_02_mir/recover-20220922/UBNA_001/20220921_090000.WAV,Telephone Field,recover-20220922,001,1795
1605.9285,1605.9667,68437,81135,Rhinolophus ferrumequinum,0.023,0.023,-1,Echolocation,/mnt/ubna_data_02_mir/recover-20220922/UBNA_001/20220921_090000.WAV,Telephone Field,recover-20220922,001,1795
1605.9705,1605.9804,25468,32588,Eptesicus serotinus,0.01,0.022,-1,Echolocation,/mnt/ubna_data_02_mir/recover-20220922/UBNA_001/20220921_090000.WAV,Telephone Field,recover-20220922,001,1795
1605.9855,1605.9932,46093,56141,Pipistrellus pipistrellus,0.014,0.022,-1,Echolocation,/mnt/ubna_data_02_mir/recover-20220922/UBNA_001/20220921_090000.WAV,Telephone Field,recover-20220922,001,1795
1606.0015,1606.0342,68437,80074,Rhinolophus ferrumequinum,0.031,0.031,-1,Echolocation,/mnt/ubna_data_02_mir/recover-20220922/UBNA_001/20220921_090000.WAV,Telephone Field,recover-20220922,001,1795
1606.0015,1606.0131,20312,25879,Nyctalus leisleri,0.013,0.033,-1,Echolocation,/mnt/ubna_data_02_mir/recover-20220922/UBNA_001/20220921_090000.WAV,Telephone Field,recover-20220922,001,1795
1606.0465,1606.0866,68437,82047,Rhinolophus ferrumequinum,0.025,0.025,-1,Echolocation,/mnt/ubna_data_02_mir/recover-20220922/UBNA_001/20220921_090000.WAV,Telephone Field,recover-20220922,001,1795
1606.0555,1606.0628,30625,39654,Myotis daubentonii,0.008,0.025,-1,Echolocation,/mnt/ubna_data_02_mir/recover-20220922/UBNA_001/20220921_090000.WAV,Telephone Field,recover-20220922,001,1795
1606.0685,1606.1088,68437,82446,Rhinolophus ferrumequinum,0.023,0.023,-1,Echolocation,/mnt/ubna_data_02_mir/recover-20220922/UBNA_001/20220921_090000.WAV,Telephone Field,recover-20220922,001,1795
1606.0795,1606.1211,68437,82222,Rhinolophus ferrumequinum,0.023,0.023,-1,Echolocation,/mnt/ubna_data_02_mir/recover-20220922/UBNA_001/20220921_090000.WAV,Telephone Field,recover-20220922,001,1795
1606.0865,1606.0951,27187,37891,Eptesicus serotinus,0.009,0.024,-1,Echolocation,/mnt/ubna_data_02_mir/recover-20220922/UBNA_001/20220921_090000.WAV,Telephone Field,recover-20220922,001,1795
1606.0985,1606.1101,23750,29451,Nyctalus leisleri,0.014,0.03,-1,Echolocation,/mnt/ubna_data_02_mir/recover-20220922/UBNA_001/20220921_090000.WAV,Telephone Field,recover-20220922,001,1795
1606.1025,1606.1427,68437,82520,Rhinolophus ferrumequinum,0.023,0.023,-1,Echolocation,/mnt/ubna_data_02_mir/recover-20220922/UBNA_001/20220921_090000.WAV,Telephone Field,recover-20220922,001,1795
1606.1135,1606.126,44375,47379,Pipistrellus pipistrellus,0.02,0.023,-1,Echolocation,/mnt/ubna_data_02_mir/recover-20220922/UBNA_001/20220921_090000.WAV,Telephone Field,recover-20220922,001,1795
1606.1335,1606.1728,68437,82786,Rhinolophus ferrumequinum,0.022,0.022,-1,Echolocation,/mnt/ubna_data_02_mir/recover-20220922/UBNA_001/20220921_090000.WAV,Telephone Field,recover-20220922,001,1795
1606.1475,1606.1834,68437,81129,Rhinolophus ferrumequinum,0.023,0.023,-1,Echolocation,/mnt/ubna_data_02_mir/recover-20220922/UBNA_001/20220921_090000.WAV,Telephone Field,recover-20220922,001,1795
1606.1585,1606.1694,23750,29950,Nyctalus leisleri,0.009,0.022,-1,Echolocation,/mnt/ubna_data_02_mir/recover-20220922/UBNA_001/20220921_090000.WAV,Telephone Field,recover-20220922,001,1795
1606.1745,1606.2134,68437,81869,Rhinolophus ferrumequinum,0.027,0.027,-1,Echolocation,/mnt/ubna_data_02_mir/recover-20220922/UBNA_001/20220921_090000.WAV,Telephone Field,recover-20220922,001,1795
1606.2105,1606.25,68437,82188,Rhinolophus ferrumequinum,0.022,0.022,-1,Echolocation,/mnt/ubna_data_02_mir/recover-20220922/UBNA_001/20220921_090000.WAV,Telephone Field,recover-20220922,001,1795
1606.2325,1606.2734,68437,82488,Rhinolophus ferrumequinum,0.027,0.027,-1,Echolocation,/mnt/ubna_data_02_mir/recover-20220922/UBNA_001/20220921_090000.WAV,Telephone Field,recover-20220922,001,1795
1606.2635,1606.3017,68437,82141,Rhinolophus ferrumequinum,0.023,0.023,-1,Echolocation,/mnt/ubna_data_02_mir/recover-20220922/UBNA_001/20220921_090000.WAV,Telephone Field,recover-20220922,001,1795
1606.3065,1606.3441,68437,81787,Rhinolophus ferrumequinum,0.028,0.028,-1,Echolocation,/mnt/ubna_data_02_mir/recover-20220922/UBNA_001/20220921_090000.WAV,Telephone Field,recover-20220922,001,1795
1606.3165,1606.3525,68437,81656,Rhinolophus ferrumequinum,0.024,0.024,-1,Echolocation,/mnt/ubna_data_02_mir/recover-20220922/UBNA_001/20220921_090000.WAV,Telephone Field,recover-20220922,001,1795
1606.3545,1606.3955,68437,82215,Rhinolophus ferrumequinum,0.028,0.028,-1,Echolocation,/mnt/ubna_data_02_mir/recover-20220922/UBNA_001/20220921_090000.WAV,Telephone Field,recover-20220922,001,1795
1606.3665,1606.4003,68437,80221,Rhinolophus ferrumequinum,0.03,0.031,-1,Echolocation,/mnt/ubna_data_02_mir/recover-20220922/UBNA_001/20220921_090000.WAV,Telephone Field,recover-20220922,001,1795
1606.3685,1606.3764,28046,39150,Eptesicus serotinus,0.011,0.029,-1,Echolocation,/mnt/ubna_data_02_mir/recover-20220922/UBNA_001/20220921_090000.WAV,Telephone Field,recover-20220922,001,1795
1606.3915,1606.4297,68437,81974,Rhinolophus ferrumequinum,0.024,0.024,-1,Echolocation,/mnt/ubna_data_02_mir/recover-20220922/UBNA_001/20220921_090000.WAV,Telephone Field,recover-20220922,001,1795
1606.4265,1606.4359,26328,36012,Eptesicus serotinus,0.008,0.022,-1,Echolocation,/mnt/ubna_data_02_mir/recover-20220922/UBNA_001/20220921_090000.WAV,Telephone Field,recover-20220922,001,1795
1606.4485,1606.4889,68437,82459,Rhinolophus ferrumequinum,0.024,0.024,-1,Echolocation,/mnt/ubna_data_02_mir/recover-20220922/UBNA_001/20220921_090000.WAV,Telephone Field,recover-20220922,001,1795
1606.4655,1606.4735,28046,40298,Eptesicus serotinus,0.007,0.022,-1,Echolocation,/mnt/ubna_data_02_mir/recover-20220922/UBNA_001/20220921_090000.WAV,Telephone Field,recover-20220922,001,1795
1606.4755,1606.5171,68437,82954,Rhinolophus ferrumequinum,0.028,0.028,-1,Echolocation,/mnt/ubna_data_02_mir/recover-20220922/UBNA_001/20220921_090000.WAV,Telephone Field,recover-20220922,001,1795
1606.4895,1606.4993,23750,30126,Nyctalus leisleri,0.009,0.022,-1,Echolocation,/mnt/ubna_data_02_mir/recover-20220922/UBNA_001/20220921_090000.WAV,Telephone Field,recover-20220922,001,1795
1606.5015,1606.5416,68437,82672,Rhinolophus ferrumequinum,0.024,0.024,-1,Echolocation,/mnt/ubna_data_02_mir/recover-20220922/UBNA_001/20220921_090000.WAV,Telephone Field,recover-20220922,001,1795
1606.5665,1606.5774,28906,37014,Eptesicus serotinus,0.011,0.025,-1,Echolocation,/mnt/ubna_data_02_mir/recover-20220922/UBNA_001/20220921_090000.WAV,Telephone Field,recover-20220922,001,1795
1606.5705,1606.611,68437,82371,Rhinolophus ferrumequinum,0.031,0.031,-1,Echolocation,/mnt/ubna_data_02_mir/recover-20220922/UBNA_001/20220921_090000.WAV,Telephone Field,recover-20220922,001,1795
1606.5805,1606.6213,68437,82457,Rhinolophus ferrumequinum,0.023,0.023,-1,Echolocation,/mnt/ubna_data_02_mir/recover-20220922/UBNA_001/20220921_090000.WAV,Telephone Field,recover-20220922,001,1795
1606.5875,1606.6289,68437,82825,Rhinolophus ferrumequinum,0.025,0.025,-1,Echolocation,/mnt/ubna_data_02_mir/recover-20220922/UBNA_001/20220921_090000.WAV,Telephone Field,recover-20220922,001,1795
1606.6235,1606.6619,68437,82041,Rhinolophus ferrumequinum,0.023,0.023,-1,Echolocation,/mnt/ubna_data_02_mir/recover-20220922/UBNA_001/20220921_090000.WAV,Telephone Field,recover-20220922,001,1795
1606.6595,1606.6998,68437,82144,Rhinolophus ferrumequinum,0.026,0.026,-1,Echolocation,/mnt/ubna_data_02_mir/recover-20220922/UBNA_001/20220921_090000.WAV,Telephone Field,recover-20220922,001,1795
1606.6635,1606.6733,28046,36098,Eptesicus serotinus,0.008,0.022,-1,Echolocation,/mnt/ubna_data_02_mir/recover-20220922/UBNA_001/20220921_090000.WAV,Telephone Field,recover-20220922,001,1795
1606.6845,1606.7262,68437,82802,Rhinolophus ferrumequinum,0.037,0.037,-1,Echolocation,/mnt/ubna_data_02_mir/recover-20220922/UBNA_001/20220921_090000.WAV,Telephone Field,recover-20220922,001,1795
1606.7095,1606.7504,68437,82387,Rhinolophus ferrumequinum,0.025,0.025,-1,Echolocation,/mnt/ubna_data_02_mir/recover-20220922/UBNA_001/20220921_090000.WAV,Telephone Field,recover-20220922,001,1795
1606.7395,1606.7463,27187,38514,Eptesicus serotinus,0.006,0.022,-1,Echolocation,/mnt/ubna_data_02_mir/recover-20220922/UBNA_001/20220921_090000.WAV,Telephone Field,recover-20220922,001,1795
1606.7425,1606.7792,68437,81705,Rhinolophus ferrumequinum,0.021,0.021,-1,Echolocation,/mnt/ubna_data_02_mir/recover-20220922/UBNA_001/20220921_090000.WAV,Telephone Field,recover-20220922,001,1795
1606.7835,1606.7932,22890,28781,Nyctalus leisleri,0.011,0.027,-1,Echolocation,/mnt/ubna_data_02_mir/recover-20220922/UBNA_001/20220921_090000.WAV,Telephone Field,recover-20220922,001,1795
1606.8045,1606.8413,68437,81323,Rhinolophus ferrumequinum,0.022,0.023,-1,Echolocation,/mnt/ubna_data_02_mir/recover-20220922/UBNA_001/20220921_090000.WAV,Telephone Field,recover-20220922,001,1795
1606.8105,1606.8456,68437,81666,Rhinolophus ferrumequinum,0.023,0.023,-1,Echolocation,/mnt/ubna_data_02_mir/recover-20220922/UBNA_001/20220921_090000.WAV,Telephone Field,recover-20220922,001,1795
1606.8275,1606.8655,68437,81341,Rhinolophus ferrumequinum,0.033,0.033,-1,Echolocation,/mnt/ubna_data_02_mir/recover-20220922/UBNA_001/20220921_090000.WAV,Telephone Field,recover-20220922,001,1795
1606.8365,1606.8729,68437,81346,Rhinolophus ferrumequinum,0.022,0.022,-1,Echolocation,/mnt/ubna_data_02_mir/recover-20220922/UBNA_001/20220921_090000.WAV,Telephone Field,recover-20220922,001,1795
1606.8635,1606.8726,28046,39055,Eptesicus serotinus,0.009,0.026,-1,Echolocation,/mnt/ubna_data_02_mir/recover-20220922/UBNA_001/20220921_090000.WAV,Telephone Field,recover-20220922,001,1795
1606.8875,1606.897,24609,32219,Nyctalus leisleri,0.007,0.021,-1,Echolocation,/mnt/ubna_data_02_mir/recover-20220922/UBNA_001/20220921_090000.WAV,Telephone Field,recover-20220922,001,1795
1606.9185,1606.9266,51250,55996,Pipistrellus pipistrellus,0.019,0.023,-1,Echolocation,/mnt/ubna_data_02_mir/recover-20220922/UBNA_001/20220921_090000.WAV,Telephone Field,recover-20220922,001,1795
1606.9405,1606.951,28906,37146,Eptesicus serotinus,0.011,0.025,-1,Echolocation,/mnt/ubna_data_02_mir/recover-20220922/UBNA_001/20220921_090000.WAV,Telephone Field,recover-20220922,001,1795
1606.9485,1606.9873,68437,82396,Rhinolophus ferrumequinum,0.022,0.023,-1,Echolocation,/mnt/ubna_data_02_mir/recover-20220922/UBNA_001/20220921_090000.WAV,Telephone Field,recover-20220922,001,1795
1606.9715,1607.0101,68437,82166,Rhinolophus ferrumequinum,0.021,0.021,-1,Echolocation,/mnt/ubna_data_02_mir/recover-20220922/UBNA_001/20220921_090000.WAV,Telephone Field,recover-20220922,001,1795
1606.9875,1607.0248,68437,82270,Rhinolophus ferrumequinum,0.027,0.027,-1,Echolocation,/mnt/ubna_data_02_mir/recover-20220922/UBNA_001/20220921_090000.WAV,Telephone Field,recover-20220922,001,1795
1607.0255,1607.035,27187,36002,Eptesicus serotinus,0.011,0.026,-1,Echolocation,/mnt/ubna_data_02_mir/recover-20220922/UBNA_001/20220921_090000.WAV,Telephone Field,recover-20220922,001,1795
1607.0315,1607.0695,68437,82367,Rhinolophus ferrumequinum,0.024,0.024,-1,Echolocation,/mnt/ubna_data_02_mir/recover-20220922/UBNA_001/20220921_090000.WAV,Telephone Field,recover-20220922,001,1795
1607.0695,1607.1059,68437,81587,Rhinolophus ferrumequinum,0.021,0.021,-1,Echolocation,/mnt/ubna_data_02_mir/recover-20220922/UBNA_001/20220921_090000.WAV,Telephone Field,recover-20220922,001,1795
1607.1165,1607.155,68437,81766,Rhinolophus ferrumequinum,0.023,0.023,-1,Echolocation,/mnt/ubna_data_02_mir/recover-20220922/UBNA_001/20220921_090000.WAV,Telephone Field,recover-20220922,001,1795
1607.1225,1607.158,68437,81150,Rhinolophus ferrumequinum,0.021,0.021,-1,Echolocation,/mnt/ubna_data_02_mir/recover-20220922/UBNA_001/20220921_090000.WAV,Telephone Field,recover-20220922,001,1795
1607.1275,1607.1346,27187,36251,Eptesicus serotinus,0.008,0.025,-1,Echolocation,/mnt/ubna_data_02_mir/recover-20220922/UBNA_001/20220921_090000.WAV,Telephone Field,recover-20220922,001,1795
1607.1735,1607.2144,68437,82434,Rhinolophus ferrumequinum,0.023,0.023,-1,Echolocation,/mnt/ubna_data_02_mir/recover-20220922/UBNA_001/20220921_090000.WAV,Telephone Field,recover-20220922,001,1795
1607.2355,1607.2719,68437,81981,Rhinolophus ferrumequinum,0.021,0.021,-1,Echolocation,/mnt/ubna_data_02_mir/recover-20220922/UBNA_001/20220921_090000.WAV,Telephone Field,recover-20220922,001,1795
1607.2455,1607.2857,68437,82600,Rhinolophus ferrumequinum,0.022,0.022,-1,Echolocation,/mnt/ubna_data_02_mir/recover-20220922/UBNA_001/20220921_090000.WAV,Telephone Field,recover-20220922,001,1795
1607.2565,1607.267,25468,31984,Nyctalus leisleri,0.009,0.024,-1,Echolocation,/mnt/ubna_data_02_mir/recover-20220922/UBNA_001/20220921_090000.WAV,Telephone Field,recover-20220922,001,1795
1607.2585,1607.2668,46093,50703,Pipistrellus pipistrellus,0.034,0.035,-1,Echolocation,/mnt/ubna_data_02_mir/recover-20220922/UBNA_001/20220921_090000.WAV,Telephone Field,recover-20220922,001,1795
1607.2705,1607.3094,68437,81777,Rhinolophus ferrumequinum,0.023,0.023,-1,Echolocation,/mnt/ubna_data_02_mir/recover-20220922/UBNA_001/20220921_090000.WAV,Telephone Field,recover-20220922,001,1795
1607.2955,1607.302,50390,57827,Pipistrellus pipistrellus,0.022,0.029,-1,Echolocation,/mnt/ubna_data_02_mir/recover-20220922/UBNA_001/20220921_090000.WAV,Telephone Field,recover-20220922,001,1795
1607.3025,1607.3427,68437,81586,Rhinolophus ferrumequinum,0.026,0.026,-1,Echolocation,/mnt/ubna_data_02_mir/recover-20220922/UBNA_001/20220921_090000.WAV,Telephone Field,recover-20220922,001,1795
1607.3445,1607.3821,68437,81946,Rhinolophus ferrumequinum,0.021,0.022,-1,Echolocation,/mnt/ubna_data_02_mir/recover-20220922/UBNA_001/20220921_090000.WAV,Telephone Field,recover-20220922,001,1795
1607.3625,1607.4036,68437,82456,Rhinolophus ferrumequinum,0.024,0.024,-1,Echolocation,/mnt/ubna_data_02_mir/recover-20220922/UBNA_001/20220921_090000.WAV,Telephone Field,recover-20220922,001,1795
1607.3635,1607.374,22890,28964,Nyctalus leisleri,0.009,0.023,-1,Echolocation,/mnt/ubna_data_02_mir/recover-20220922/UBNA_001/20220921_090000.WAV,Telephone Field,recover-20220922,001,1795
1607.3925,1607.4301,68437,81993,Rhinolophus ferrumequinum,0.021,0.021,-1,Echolocation,/mnt/ubna_data_02_mir/recover-20220922/UBNA_001/20220921_090000.WAV,Telephone Field,recover-20220922,001,1795
1607.3975,1607.4318,68437,81251,Rhinolophus ferrumequinum,0.021,0.022,-1,Echolocation,/mnt/ubna_data_02_mir/recover-20220922/UBNA_001/20220921_090000.WAV,Telephone Field,recover-20220922,001,1795
1607.4335,1607.4728,68437,82333,Rhinolophus ferrumequinum,0.023,0.023,-1,Echolocation,/mnt/ubna_data_02_mir/recover-20220922/UBNA_001/20220921_090000.WAV,Telephone Field,recover-20220922,001,1795
1607.4385,1607.4799,68437,82077,Rhinolophus ferrumequinum,0.023,0.023,-1,Echolocation,/mnt/ubna_data_02_mir/recover-20220922/UBNA_001/20220921_090000.WAV,Telephone Field,recover-20220922,001,1795
1607.4395,1607.451,42656,46080,Pipistrellus pipistrellus,0.019,0.023,-1,Echolocation,/mnt/ubna_data_02_mir/recover-20220922/UBNA_001/20220921_090000.WAV,Telephone Field,recover-20220922,001,1795
1607.4855,1607.4941,28046,40168,Eptesicus serotinus,0.008,0.022,-1,Echolocation,/mnt/ubna_data_02_mir/recover-20220922/UBNA_001/20220921_090000.WAV,Telephone Field,recover-20220922,001,1795
1607.5225,1607.5611,68437,81796,Rhinolophus ferrumequinum,0.022,0.022,-1,Echolocation,/mnt/ubna_data_02_mir/recover-20220922/UBNA_001/20220921_090000.WAV,Telephone Field,recover-20220922,001,1795
1607.5435,1607.5833,68437,82524,Rhinolophus ferrumequinum,0.022,0.022,-1,Echolocation,/mnt/ubna_data_02_mir/recover-20220922/UBNA_001/20220921_090000.WAV,Telephone Field,recover-20220922,001,1795
1607.5955,1607.6423,68437,83892,Rhinolophus ferrumequinum,0.077,0.077,-1,Echolocation,/mnt/ubna_data_02_mir/recover-20220922/UBNA_001/20220921_090000.WAV,Telephone Field,recover-20220922,001,1795
1607.6435,1607.656,22890,27607,Nyctalus leisleri,0.013,0.024,-1,Echolocation,/mnt/ubna_data_02_mir/recover-20220922/UBNA_001/20220921_090000.WAV,Telephone Field,recover-20220922,001,1795
1607.6625,1607.7017,68437,82205,Rhinolophus ferrumequinum,0.025,0.025,-1,Echolocation,/mnt/ubna_data_02_mir/recover-20220922/UBNA_001/20220921_090000.WAV,Telephone Field,recover-20220922,001,1795
1607.7115,1607.7212,56406,60538,Pipistrellus pygmaeus,0.024,0.024,-1,Echolocation,/mnt/ubna_data_02_mir/recover-20220922/UBNA_001/20220921_090000.WAV,Telephone Field,recover-20220922,001,1795
1607.7175,1607.7284,28046,35138,Eptesicus serotinus,0.015,0.027,-1,Echolocation,/mnt/ubna_data_02_mir/recover-20220922/UBNA_001/20220921_090000.WAV,Telephone Field,recover-20220922,001,1795
1607.7405,1607.7487,45234,49088,Pipistrellus pipistrellus,0.022,0.023,-1,Echolocation,/mnt/ubna_data_02_mir/recover-20220922/UBNA_001/20220921_090000.WAV,Telephone Field,recover-20220922,001,1795
1607.7435,1607.7828,68437,82898,Rhinolophus ferrumequinum,0.022,0.022,-1,Echolocation,/mnt/ubna_data_02_mir/recover-20220922/UBNA_001/20220921_090000.WAV,Telephone Field,recover-20220922,001,1795
1607.7555,1607.7611,48671,56242,Pipistrellus pipistrellus,0.026,0.031,-1,Echolocation,/mnt/ubna_data_02_mir/recover-20220922/UBNA_001/20220921_090000.WAV,Telephone Field,recover-20220922,001,1795
1607.7645,1607.7715,23750,33127,Plecotus austriacus,0.013,0.029,-1,Echolocation,/mnt/ubna_data_02_mir/recover-20220922/UBNA_001/20220921_090000.WAV,Telephone Field,recover-20220922,001,1795
1607.7805,1607.7918,28046,34310,Eptesicus serotinus,0.012,0.024,-1,Echolocation,/mnt/ubna_data_02_mir/recover-20220922/UBNA_001/20220921_090000.WAV,Telephone Field,recover-20220922,001,1795
1607.7845,1607.8233,68437,81597,Rhinolophus ferrumequinum,0.023,0.023,-1,Echolocation,/mnt/ubna_data_02_mir/recover-20220922/UBNA_001/20220921_090000.WAV,Telephone Field,recover-20220922,001,1795
1607.8055,1607.8443,68437,82569,Rhinolophus ferrumequinum,0.022,0.022,-1,Echolocation,/mnt/ubna_data_02_mir/recover-20220922/UBNA_001/20220921_090000.WAV,Telephone Field,recover-20220922,001,1795
1607.8125,1607.8519000000001,68437,81681,Rhinolophus ferrumequinum,0.022,0.023,-1,Echolocation,/mnt/ubna_data_02_mir/recover-20220922/UBNA_001/20220921_090000.WAV,Telephone Field,recover-20220922,001,1795
1607.8325,1607.8721,68437,81353,Rhinolophus ferrumequinum,0.025,0.025,-1,Echolocation,/mnt/ubna_data_02_mir/recover-20220922/UBNA_001/20220921_090000.WAV,Telephone Field,recover-20220922,001,1795
1607.8615,1607.8980999999999,68437,82097,Rhinolophus ferrumequinum,0.031,0.031,-1,Echolocation,/mnt/ubna_data_02_mir/recover-20220922/UBNA_001/20220921_090000.WAV,Telephone Field,recover-20220922,001,1795
1607.8885,1607.9279,68437,82252,Rhinolophus ferrumequinum,0.023,0.023,-1,Echolocation,/mnt/ubna_data_02_mir/recover-20220922/UBNA_001/20220921_090000.WAV,Telephone Field,recover-20220922,001,1795
1607.8895,1607.9017,22031,25996,Nyctalus leisleri,0.013,0.022,-1,Echolocation,/mnt/ubna_data_02_mir/recover-20220922/UBNA_001/20220921_090000.WAV,Telephone Field,recover-20220922,001,1795
1607.9185,1607.9281,28046,38360,Eptesicus serotinus,0.011,0.024,-1,Echolocation,/mnt/ubna_data_02_mir/recover-20220922/UBNA_001/20220921_090000.WAV,Telephone Field,recover-20220922,001,1795
1607.9195,1607.9585,68437,81992,Rhinolophus ferrumequinum,0.022,0.022,-1,Echolocation,/mnt/ubna_data_02_mir/recover-20220922/UBNA_001/20220921_090000.WAV,Telephone Field,recover-20220922,001,1795
1607.9385,1607.9491,55546,60205,Pipistrellus pygmaeus,0.035,0.037,-1,Echolocation,/mnt/ubna_data_02_mir/recover-20220922/UBNA_001/20220921_090000.WAV,Telephone Field,recover-20220922,001,1795
1607.9535,1607.9918,68437,82262,Rhinolophus ferrumequinum,0.025,0.025,-1,Echolocation,/mnt/ubna_data_02_mir/recover-20220922/UBNA_001/20220921_090000.WAV,Telephone Field,recover-20220922,001,1795
1608.0015,1608.0362,68437,79730,Rhinolophus ferrumequinum,0.053,0.054,-1,Echolocation,/mnt/ubna_data_02_mir/recover-20220922/UBNA_001/20220921_090000.WAV,Telephone Field,recover-20220922,001,1795
1608.0015,1608.0101,24609,32042,Nyctalus leisleri,0.012,0.033,-1,Echolocation,/mnt/ubna_data_02_mir/recover-20220922/UBNA_001/20220921_090000.WAV,Telephone Field,recover-20220922,001,1795
1608.0015,1608.0145,51250,57717,Pipistrellus pygmaeus,0.016,0.026,-1,Echolocation,/mnt/ubna_data_02_mir/recover-20220922/UBNA_001/20220921_090000.WAV,Telephone Field,recover-20220922,001,1795
1608.0065,1608.0135,51250,57309,Pipistrellus pipistrellus,0.016,0.021,-1,Echolocation,/mnt/ubna_data_02_mir/recover-20220922/UBNA_001/20220921_090000.WAV,Telephone Field,recover-20220922,001,1795
1608.0395,1608.0788,68437,82272,Rhinolophus ferrumequinum,0.023,0.023,-1,Echolocation,/mnt/ubna_data_02_mir/recover-20220922/UBNA_001/20220921_090000.WAV,Telephone Field,recover-20220922,001,1795
1608.0465,1608.0868,68437,82368,Rhinolophus ferrumequinum,0.022,0.022,-1,Echolocation,/mnt/ubna_data_02_mir/recover-20220922/UBNA_001/20220921_090000.WAV,Telephone Field,recover-20220922,001,1795
1608.0895,1608.1289,68437,82081,Rhinolophus ferrumequinum,0.022,0.022,-1,Echolocation,/mnt/ubna_data_02_mir/recover-20220922/UBNA_001/20220921_090000.WAV,Telephone Field,recover-20220922,001,1795
1608.1115,1608.1228,27187,34502,Eptesicus serotinus,0.014,0.025,-1,Echolocation,/mnt/ubna_data_02_mir/recover-20220922/UBNA_001/20220921_090000.WAV,Telephone Field,recover-20220922,001,1795
1608.1165,1608.1555,68437,81891,Rhinolophus ferrumequinum,0.021,0.021,-1,Echolocation,/mnt/ubna_data_02_mir/recover-20220922/UBNA_001/20220921_090000.WAV,Telephone Field,recover-20220922,001,1795
1608.1325,1608.1424,22031,26820,Nyctalus leisleri,0.009,0.021,-1,Echolocation,/mnt/ubna_data_02_mir/recover-20220922/UBNA_001/20220921_090000.WAV,Telephone Field,recover-20220922,001,1795
1608.1605,1608.1707,23750,29053,Nyctalus leisleri,0.01,0.022,-1,Echolocation,/mnt/ubna_data_02_mir/recover-20220922/UBNA_001/20220921_090000.WAV,Telephone Field,recover-20220922,001,1795
1608.2025,1608.2433,68437,82709,Rhinolophus ferrumequinum,0.022,0.022,-1,Echolocation,/mnt/ubna_data_02_mir/recover-20220922/UBNA_001/20220921_090000.WAV,Telephone Field,recover-20220922,001,1795
1608.2495,1608.29,68437,82290,Rhinolophus ferrumequinum,0.022,0.022,-1,Echolocation,/mnt/ubna_data_02_mir/recover-20220922/UBNA_001/20220921_090000.WAV,Telephone Field,recover-20220922,001,1795
1608.2745,1608.2817,28046,42259,Eptesicus serotinus,0.008,0.027,-1,Echolocation,/mnt/ubna_data_02_mir/recover-20220922/UBNA_001/20220921_090000.WAV,Telephone Field,recover-20220922,001,1795
1608.3345,1608.3718,68437,81214,Rhinolophus ferrumequinum,0.02,0.02,-1,Echolocation,/mnt/ubna_data_02_mir/recover-20220922/UBNA_001/20220921_090000.WAV,Telephone Field,recover-20220922,001,1795
1608.3355,1608.3427,27187,36683,Eptesicus serotinus,0.008,0.023,-1,Echolocation,/mnt/ubna_data_02_mir/recover-20220922/UBNA_001/20220921_090000.WAV,Telephone Field,recover-20220922,001,1795
1608.3805,1608.3918,25468,32250,Eptesicus serotinus,0.028,0.068,-1,Echolocation,/mnt/ubna_data_02_mir/recover-20220922/UBNA_001/20220921_090000.WAV,Telephone Field,recover-20220922,001,1795
1608.4005,1608.4387,68437,81870,Rhinolophus ferrumequinum,0.024,0.024,-1,Echolocation,/mnt/ubna_data_02_mir/recover-20220922/UBNA_001/20220921_090000.WAV,Telephone Field,recover-20220922,001,1795
1608.4105,1608.448,68437,82083,Rhinolophus ferrumequinum,0.021,0.021,-1,Echolocation,/mnt/ubna_data_02_mir/recover-20220922/UBNA_001/20220921_090000.WAV,Telephone Field,recover-20220922,001,1795
1608.4345,1608.4754,68437,83081,Rhinolophus ferrumequinum,0.031,0.031,-1,Echolocation,/mnt/ubna_data_02_mir/recover-20220922/UBNA_001/20220921_090000.WAV,Telephone Field,recover-20220922,001,1795
1608.4355,1608.4466,43515,46518,Pipistrellus pipistrellus,0.029,0.032,-1,Echolocation,/mnt/ubna_data_02_mir/recover-20220922/UBNA_001/20220921_090000.WAV,Telephone Field,recover-20220922,001,1795
1608.4445,1608.454,23750,30582,Nyctalus leisleri,0.007,0.021,-1,Echolocation,/mnt/ubna_data_02_mir/recover-20220922/UBNA_001/20220921_090000.WAV,Telephone Field,recover-20220922,001,1795
1608.4655,1608.506,68437,81073,Rhinolophus ferrumequinum,0.024,0.024,-1,Echolocation,/mnt/ubna_data_02_mir/recover-20220922/UBNA_001/20220921_090000.WAV,Telephone Field,recover-20220922,001,1795
1608.4785,1608.4858,50390,55459,Pipistrellus pipistrellus,0.018,0.021,-1,Echolocation,/mnt/ubna_data_02_mir/recover-20220922/UBNA_001/20220921_090000.WAV,Telephone Field,recover-20220922,001,1795
1608.4935,1608.5052,22890,27355,Nyctalus leisleri,0.015,0.028,-1,Echolocation,/mnt/ubna_data_02_mir/recover-20220922/UBNA_001/20220921_090000.WAV,Telephone Field,recover-20220922,001,1795
1608.5225,1608.561,68437,81785,Rhinolophus ferrumequinum,0.022,0.022,-1,Echolocation,/mnt/ubna_data_02_mir/recover-20220922/UBNA_001/20220921_090000.WAV,Telephone Field,recover-20220922,001,1795
1608.6235,1608.6625,68437,81808,Rhinolophus ferrumequinum,0.02,0.02,-1,Echolocation,/mnt/ubna_data_02_mir/recover-20220922/UBNA_001/20220921_090000.WAV,Telephone Field,recover-20220922,001,1795
1608.6345,1608.6732,68437,81938,Rhinolophus ferrumequinum,0.02,0.02,-1,Echolocation,/mnt/ubna_data_02_mir/recover-20220922/UBNA_001/20220921_090000.WAV,Telephone Field,recover-20220922,001,1795
1608.6455,1608.6847,68437,82759,Rhinolophus ferrumequinum,0.023,0.023,-1,Echolocation,/mnt/ubna_data_02_mir/recover-20220922/UBNA_001/20220921_090000.WAV,Telephone Field,recover-20220922,001,1795
1608.6675,1608.6773,28046,36982,Eptesicus serotinus,0.013,0.03,-1,Echolocation,/mnt/ubna_data_02_mir/recover-20220922/UBNA_001/20220921_090000.WAV,Telephone Field,recover-20220922,001,1795
1608.7035,1608.7478,68437,82799,Rhinolophus ferrumequinum,0.023,0.023,-1,Echolocation,/mnt/ubna_data_02_mir/recover-20220922/UBNA_001/20220921_090000.WAV,Telephone Field,recover-20220922,001,1795
1608.7435,1608.7521,37500,46463,Pipistrellus nathusii,0.007,0.02,-1,Echolocation,/mnt/ubna_data_02_mir/recover-20220922/UBNA_001/20220921_090000.WAV,Telephone Field,recover-20220922,001,1795
1608.7555,1608.7947,68437,82688,Rhinolophus ferrumequinum,0.023,0.023,-1,Echolocation,/mnt/ubna_data_02_mir/recover-20220922/UBNA_001/20220921_090000.WAV,Telephone Field,recover-20220922,001,1795
1608.7615,1608.8016,68437,82642,Rhinolophus ferrumequinum,0.022,0.022,-1,Echolocation,/mnt/ubna_data_02_mir/recover-20220922/UBNA_001/20220921_090000.WAV,Telephone Field,recover-20220922,001,1795
1608.7845,1608.8189,68437,81307,Rhinolophus ferrumequinum,0.035,0.035,-1,Echolocation,/mnt/ubna_data_02_mir/recover-20220922/UBNA_001/20220921_090000.WAV,Telephone Field,recover-20220922,001,1795
1608.8275,1608.8691,68437,82831,Rhinolophus ferrumequinum,0.03,0.03,-1,Echolocation,/mnt/ubna_data_02_mir/recover-20220922/UBNA_001/20220921_090000.WAV,Telephone Field,recover-20220922,001,1795
1608.8675,1608.8774,34062,40007,Barbastellus barbastellus,0.017,0.04,-1,Echolocation,/mnt/ubna_data_02_mir/recover-20220922/UBNA_001/20220921_090000.WAV,Telephone Field,recover-20220922,001,1795
1608.8685,1608.8783,27187,36572,Eptesicus serotinus,0.011,0.022,-1,Echolocation,/mnt/ubna_data_02_mir/recover-20220922/UBNA_001/20220921_090000.WAV,Telephone Field,recover-20220922,001,1795
1608.9115,1608.951,68437,82136,Rhinolophus ferrumequinum,0.021,0.021,-1,Echolocation,/mnt/ubna_data_02_mir/recover-20220922/UBNA_001/20220921_090000.WAV,Telephone Field,recover-20220922,001,1795
1608.9345,1608.9432,25468,33925,Eptesicus serotinus,0.009,0.024,-1,Echolocation,/mnt/ubna_data_02_mir/recover-20220922/UBNA_001/20220921_090000.WAV,Telephone Field,recover-20220922,001,1795
1608.9795,1609.0161,68437,81470,Rhinolophus ferrumequinum,0.023,0.023,-1,Echolocation,/mnt/ubna_data_02_mir/recover-20220922/UBNA_001/20220921_090000.WAV,Telephone Field,recover-20220922,001,1795
1608.9865,1608.9969,28906,37110,Eptesicus serotinus,0.013,0.028,-1,Echolocation,/mnt/ubna_data_02_mir/recover-20220922/UBNA_001/20220921_090000.WAV,Telephone Field,recover-20220922,001,1795
1608.9975,1609.0365,68437,82008,Rhinolophus ferrumequinum,0.025,0.025,-1,Echolocation,/mnt/ubna_data_02_mir/recover-20220922/UBNA_001/20220921_090000.WAV,Telephone Field,recover-20220922,001,1795
1609.0395,1609.0787,68437,81953,Rhinolophus ferrumequinum,0.029,0.029,-1,Echolocation,/mnt/ubna_data_02_mir/recover-20220922/UBNA_001/20220921_090000.WAV,Telephone Field,recover-20220922,001,1795
1609.0405,1609.05,28046,36399,Eptesicus serotinus,0.009,0.021,-1,Echolocation,/mnt/ubna_data_02_mir/recover-20220922/UBNA_001/20220921_090000.WAV,Telephone Field,recover-20220922,001,1795
1609.0705,1609.081,24609,31198,Eptesicus serotinus,0.008,0.022,-1,Echolocation,/mnt/ubna_data_02_mir/recover-20220922/UBNA_001/20220921_090000.WAV,Telephone Field,recover-20220922,001,1795
1609.0785,1609.1172,68437,82436,Rhinolophus ferrumequinum,0.021,0.021,-1,Echolocation,/mnt/ubna_data_02_mir/recover-20220922/UBNA_001/20220921_090000.WAV,Telephone Field,recover-20220922,001,1795
1609.0995,1609.1442,68437,83002,Rhinolophus ferrumequinum,0.036,0.036,-1,Echolocation,/mnt/ubna_data_02_mir/recover-20220922/UBNA_001/20220921_090000.WAV,Telephone Field,recover-20220922,001,1795
1609.1275,1609.1348,24609,34171,Plecotus austriacus,0.01,0.032,-1,Echolocation,/mnt/ubna_data_02_mir/recover-20220922/UBNA_001/20220921_090000.WAV,Telephone Field,recover-20220922,001,1795
1609.1365,1609.1752,68437,81755,Rhinolophus ferrumequinum,0.02,0.02,-1,Echolocation,/mnt/ubna_data_02_mir/recover-20220922/UBNA_001/20220921_090000.WAV,Telephone Field,recover-20220922,001,1795
1609.1535,1609.1924,68437,82902,Rhinolophus ferrumequinum,0.024,0.024,-1,Echolocation,/mnt/ubna_data_02_mir/recover-20220922/UBNA_001/20220921_090000.WAV,Telephone Field,recover-20220922,001,1795
1609.1595,1609.167,27187,40849,Eptesicus serotinus,0.007,0.022,-1,Echolocation,/mnt/ubna_data_02_mir/recover-20220922/UBNA_001/20220921_090000.WAV,Telephone Field,recover-20220922,001,1795
1609.1605,1609.1716,36640,42086,Pipistrellus nathusii,0.017,0.041,-1,Echolocation,/mnt/ubna_data_02_mir/recover-20220922/UBNA_001/20220921_090000.WAV,Telephone Field,recover-20220922,001,1795
1609.1735,1609.2129,68437,81594,Rhinolophus ferrumequinum,0.021,0.021,-1,Echolocation,/mnt/ubna_data_02_mir/recover-20220922/UBNA_001/20220921_090000.WAV,Telephone Field,recover-20220922,001,1795
1609.1805,1609.2228,68437,82756,Rhinolophus ferrumequinum,0.03,0.03,-1,Echolocation,/mnt/ubna_data_02_mir/recover-20220922/UBNA_001/20220921_090000.WAV,Telephone Field,recover-20220922,001,1795
1609.1835,1609.1937,22890,28085,Nyctalus leisleri,0.01,0.021,-1,Echolocation,/mnt/ubna_data_02_mir/recover-20220922/UBNA_001/20220921_090000.WAV,Telephone Field,recover-20220922,001,1795
1609.2175,1609.2534,68437,81271,Rhinolophus ferrumequinum,0.021,0.021,-1,Echolocation,/mnt/ubna_data_02_mir/recover-20220922/UBNA_001/20220921_090000.WAV,Telephone Field,recover-20220922,001,1795
1609.2245,1609.235,22890,28380,Nyctalus leisleri,0.009,0.022,-1,Echolocation,/mnt/ubna_data_02_mir/recover-20220922/UBNA_001/20220921_090000.WAV,Telephone Field,recover-20220922,001,1795
1609.2395,1609.2787,68437,82096,Rhinolophus ferrumequinum,0.022,0.022,-1,Echolocation,/mnt/ubna_data_02_mir/recover-20220922/UBNA_001/20220921_090000.WAV,Telephone Field,recover-20220922,001,1795
1609.2555,1609.2941,68437,82507,Rhinolophus ferrumequinum,0.022,0.022,-1,Echolocation,/mnt/ubna_data_02_mir/recover-20220922/UBNA_001/20220921_090000.WAV,Telephone Field,recover-20220922,001,1795
1609.2785,1609.317,68437,81774,Rhinolophus ferrumequinum,0.023,0.023,-1,Echolocation,/mnt/ubna_data_02_mir/recover-20220922/UBNA_001/20220921_090000.WAV,Telephone Field,recover-20220922,001,1795
1609.3105,1609.3209,22890,28489,Nyctalus leisleri,0.012,0.03,-1,Echolocation,/mnt/ubna_data_02_mir/recover-20220922/UBNA_001/20220921_090000.WAV,Telephone Field,recover-20220922,001,1795
1609.3215,1609.3635,68437,82891,Rhinolophus ferrumequinum,0.024,0.024,-1,Echolocation,/mnt/ubna_data_02_mir/recover-20220922/UBNA_001/20220921_090000.WAV,Telephone Field,recover-20220922,001,1795
1609.3455,1609.3859,68437,82184,Rhinolophus ferrumequinum,0.022,0.022,-1,Echolocation,/mnt/ubna_data_02_mir/recover-20220922/UBNA_001/20220921_090000.WAV,Telephone Field,recover-20220922,001,1795
1609.3515,1609.3896,68437,81965,Rhinolophus ferrumequinum,0.021,0.021,-1,Echolocation,/mnt/ubna_data_02_mir/recover-20220922/UBNA_001/20220921_090000.WAV,Telephone Field,recover-20220922,001,1795
1609.3685,1609.3792,42656,48077,Pipistrellus pipistrellus,0.017,0.022,-1,Echolocation,/mnt/ubna_data_02_mir/recover-20220922/UBNA_001/20220921_090000.WAV,Telephone Field,recover-20220922,001,1795
1609.3705,1609.414,68437,83342,Rhinolophus ferrumequinum,0.057,0.057,-1,Echolocation,/mnt/ubna_data_02_mir/recover-20220922/UBNA_001/20220921_090000.WAV,Telephone Field,recover-20220922,001,1795
1609.3775,1609.3874,24609,32651,Eptesicus serotinus,0.008,0.021,-1,Echolocation,/mnt/ubna_data_02_mir/recover-20220922/UBNA_001/20220921_090000.WAV,Telephone Field,recover-20220922,001,1795
1609.3975,1609.4093,22890,26824,Nyctalus leisleri,0.013,0.023,-1,Echolocation,/mnt/ubna_data_02_mir/recover-20220922/UBNA_001/20220921_090000.WAV,Telephone Field,recover-20220922,001,1795
1609.4065,1609.4471,68437,82874,Rhinolophus ferrumequinum,0.024,0.024,-1,Echolocation,/mnt/ubna_data_02_mir/recover-20220922/UBNA_001/20220921_090000.WAV,Telephone Field,recover-20220922,001,1795
1609.4605,1609.4991,68437,82567,Rhinolophus ferrumequinum,0.021,0.021,-1,Echolocation,/mnt/ubna_data_02_mir/recover-20220922/UBNA_001/20220921_090000.WAV,Telephone Field,recover-20220922,001,1795
1609.4615,1609.472,23750,29622,Nyctalus leisleri,0.009,0.021,-1,Echolocation,/mnt/ubna_data_02_mir/recover-20220922/UBNA_001/20220921_090000.WAV,Telephone Field,recover-20220922,001,1795
1609.4845,1609.524,68437,81843,Rhinolophus ferrumequinum,0.022,0.022,-1,Echolocation,/mnt/ubna_data_02_mir/recover-20220922/UBNA_001/20220921_090000.WAV,Telephone Field,recover-20220922,001,1795
1609.4935,1609.5324,68437,82380,Rhinolophus ferrumequinum,0.022,0.022,-1,Echolocation,/mnt/ubna_data_02_mir/recover-20220922/UBNA_001/20220921_090000.WAV,Telephone Field,recover-20220922,001,1795
1609.5425,1609.552,27187,35560,Eptesicus serotinus,0.008,0.021,-1,Echolocation,/mnt/ubna_data_02_mir/recover-20220922/UBNA_001/20220921_090000.WAV,Telephone Field,recover-20220922,001,1795
1609.5595,1609.6012,68437,82074,Rhinolophus ferrumequinum,0.03,0.03,-1,Echolocation,/mnt/ubna_data_02_mir/recover-20220922/UBNA_001/20220921_090000.WAV,Telephone Field,recover-20220922,001,1795
1609.5955,1609.6356,68437,82260,Rhinolophus ferrumequinum,0.022,0.022,-1,Echolocation,/mnt/ubna_data_02_mir/recover-20220922/UBNA_001/20220921_090000.WAV,Telephone Field,recover-20220922,001,1795
1609.6175,1609.6556,68437,81319,Rhinolophus ferrumequinum,0.022,0.022,-1,Echolocation,/mnt/ubna_data_02_mir/recover-20220922/UBNA_001/20220921_090000.WAV,Telephone Field,recover-20220922,001,1795
1609.6225,1609.6587,68437,81130,Rhinolophus ferrumequinum,0.021,0.022,-1,Echolocation,/mnt/ubna_data_02_mir/recover-20220922/UBNA_001/20220921_090000.WAV,Telephone Field,recover-20220922,001,1795
1609.6675,1609.6759,28046,37839,Eptesicus serotinus,0.007,0.02,-1,Echolocation,/mnt/ubna_data_02_mir/recover-20220922/UBNA_001/20220921_090000.WAV,Telephone Field,recover-20220922,001,1795
1609.6855,1609.7237,68437,82734,Rhinolophus ferrumequinum,0.04,0.04,-1,Echolocation,/mnt/ubna_data_02_mir/recover-20220922/UBNA_001/20220921_090000.WAV,Telephone Field,recover-20220922,001,1795
1609.7035,1609.7423,68437,82226,Rhinolophus ferrumequinum,0.021,0.021,-1,Echolocation,/mnt/ubna_data_02_mir/recover-20220922/UBNA_001/20220921_090000.WAV,Telephone Field,recover-20220922,001,1795
1609.7235,1609.7622,68437,82057,Rhinolophus ferrumequinum,0.023,0.023,-1,Echolocation,/mnt/ubna_data_02_mir/recover-20220922/UBNA_001/20220921_090000.WAV,Telephone Field,recover-20220922,001,1795
1609.7285,1609.7671,68437,82100,Rhinolophus ferrumequinum,0.023,0.023,-1,Echolocation,/mnt/ubna_data_02_mir/recover-20220922/UBNA_001/20220921_090000.WAV,Telephone Field,recover-20220922,001,1795
1609.7355,1609.7447,27187,36392,Eptesicus serotinus,0.008,0.022,-1,Echolocation,/mnt/ubna_data_02_mir/recover-20220922/UBNA_001/20220921_090000.WAV,Telephone Field,recover-20220922,001,1795
1609.7595,1609.7703,22890,27295,Nyctalus leisleri,0.012,0.025,-1,Echolocation,/mnt/ubna_data_02_mir/recover-20220922/UBNA_001/20220921_090000.WAV,Telephone Field,recover-20220922,001,1795
1609.7805,1609.8167,68437,81447,Rhinolophus ferrumequinum,0.022,0.022,-1,Echolocation,/mnt/ubna_data_02_mir/recover-20220922/UBNA_001/20220921_090000.WAV,Telephone Field,recover-20220922,001,1795
1609.7965,1609.8106,24609,30120,Nyctalus leisleri,0.022,0.047,-1,Echolocation,/mnt/ubna_data_02_mir/recover-20220922/UBNA_001/20220921_090000.WAV,Telephone Field,recover-20220922,001,1795
1609.7975,1609.8416,68437,83288,Rhinolophus ferrumequinum,0.03,0.03,-1,Echolocation,/mnt/ubna_data_02_mir/recover-20220922/UBNA_001/20220921_090000.WAV,Telephone Field,recover-20220922,001,1795
1609.8375,1609.8775,68437,82363,Rhinolophus ferrumequinum,0.021,0.021,-1,Echolocation,/mnt/ubna_data_02_mir/recover-20220922/UBNA_001/20220921_090000.WAV,Telephone Field,recover-20220922,001,1795
1609.8535,1609.8931,68437,82478,Rhinolophus ferrumequinum,0.021,0.021,-1,Echolocation,/mnt/ubna_data_02_mir/recover-20220922/UBNA_001/20220921_090000.WAV,Telephone Field,recover-20220922,001,1795
1609.8655,1609.9057,68437,82594,Rhinolophus ferrumequinum,0.023,0.023,-1,Echolocation,/mnt/ubna_data_02_mir/recover-20220922/UBNA_001/20220921_090000.WAV,Telephone Field,recover-20220922,001,1795
1609.8795,1609.8904,22890,27767,Nyctalus leisleri,0.011,0.022,-1,Echolocation,/mnt/ubna_data_02_mir/recover-20220922/UBNA_001/20220921_090000.WAV,Telephone Field,recover-20220922,001,1795
1609.9075,1609.9443,68437,82021,Rhinolophus ferrumequinum,0.021,0.021,-1,Echolocation,/mnt/ubna_data_02_mir/recover-20220922/UBNA_001/20220921_090000.WAV,Telephone Field,recover-20220922,001,1795
1609.9095,1609.9157,48671,55012,Pipistrellus pipistrellus,0.024,0.025,-1,Echolocation,/mnt/ubna_data_02_mir/recover-20220922/UBNA_001/20220921_090000.WAV,Telephone Field,recover-20220922,001,1795
1609.9125,1609.9209,27187,38117,Eptesicus serotinus,0.008,0.022,-1,Echolocation,/mnt/ubna_data_02_mir/recover-20220922/UBNA_001/20220921_090000.WAV,Telephone Field,recover-20220922,001,1795
1609.9205,1609.96,68437,82745,Rhinolophus ferrumequinum,0.022,0.022,-1,Echolocation,/mnt/ubna_data_02_mir/recover-20220922/UBNA_001/20220921_090000.WAV,Telephone Field,recover-20220922,001,1795
1609.9235,1609.9334,28046,36816,Eptesicus serotinus,0.01,0.022,-1,Echolocation,/mnt/ubna_data_02_mir/recover-20220922/UBNA_001/20220921_090000.WAV,Telephone Field,recover-20220922,001,1795
1609.9795,1609.9902,28906,36110,Eptesicus serotinus,0.018,0.035,-1,Echolocation,/mnt/ubna_data_02_mir/recover-20220922/UBNA_001/20220921_090000.WAV,Telephone Field,recover-20220922,001,1795
1610.0015,1610.0339,68437,79764,Rhinolophus ferrumequinum,0.024,0.025,-1,Echolocation,/mnt/ubna_data_02_mir/recover-20220922/UBNA_001/20220921_090000.WAV,Telephone Field,recover-20220922,001,1795
1610.0015,1610.0101,27187,34591,Nyctalus leisleri,0.01,0.03,-1,Echolocation,/mnt/ubna_data_02_mir/recover-20220922/UBNA_001/20220921_090000.WAV,Telephone Field,recover-20220922,001,1795
1610.0015,1610.0104,20312,25441,Nyctalus leisleri,0.012,0.029,-1,Echolocation,/mnt/ubna_data_02_mir/recover-20220922/UBNA_001/20220921_090000.WAV,Telephone Field,recover-20220922,001,1795
1610.0305,1610.0697,68437,82524,Rhinolophus ferrumequinum,0.022,0.022,-1,Echolocation,/mnt/ubna_data_02_mir/recover-20220922/UBNA_001/20220921_090000.WAV,Telephone Field,recover-20220922,001,1795
1610.0425,1610.0521,28906,37408,Eptesicus serotinus,0.008,0.022,-1,Echolocation,/mnt/ubna_data_02_mir/recover-20220922/UBNA_001/20220921_090000.WAV,Telephone Field,recover-20220922,001,1795
1610.0545,1610.0651,28906,36975,Eptesicus serotinus,0.011,0.023,-1,Echolocation,/mnt/ubna_data_02_mir/recover-20220922/UBNA_001/20220921_090000.WAV,Telephone Field,recover-20220922,001,1795
1610.0625,1610.1068,68437,83254,Rhinolophus ferrumequinum,0.048,0.048,-1,Echolocation,/mnt/ubna_data_02_mir/recover-20220922/UBNA_001/20220921_090000.WAV,Telephone Field,recover-20220922,001,1795
1610.0835,1610.1234,68437,82851,Rhinolophus ferrumequinum,0.022,0.022,-1,Echolocation,/mnt/ubna_data_02_mir/recover-20220922/UBNA_001/20220921_090000.WAV,Telephone Field,recover-20220922,001,1795
1610.0925,1610.1017,26328,34960,Eptesicus serotinus,0.013,0.03,-1,Echolocation,/mnt/ubna_data_02_mir/recover-20220922/UBNA_001/20220921_090000.WAV,Telephone Field,recover-20220922,001,1795
1610.1195,1610.1256,28046,41466,Myotis daubentonii,0.008,0.033,-1,Echolocation,/mnt/ubna_data_02_mir/recover-20220922/UBNA_001/20220921_090000.WAV,Telephone Field,recover-20220922,001,1795
1610.1365,1610.176,68437,82405,Rhinolophus ferrumequinum,0.026,0.026,-1,Echolocation,/mnt/ubna_data_02_mir/recover-20220922/UBNA_001/20220921_090000.WAV,Telephone Field,recover-20220922,001,1795
1610.1805,1610.1894,24609,32697,Eptesicus serotinus,0.006,0.021,-1,Echolocation,/mnt/ubna_data_02_mir/recover-20220922/UBNA_001/20220921_090000.WAV,Telephone Field,recover-20220922,001,1795
1610.1895,1610.2016,22031,26133,Nyctalus leisleri,0.012,0.022,-1,Echolocation,/mnt/ubna_data_02_mir/recover-20220922/UBNA_001/20220921_090000.WAV,Telephone Field,recover-20220922,001,1795
1610.1945,1610.2037,28046,37022,Eptesicus serotinus,0.008,0.022,-1,Echolocation,/mnt/ubna_data_02_mir/recover-20220922/UBNA_001/20220921_090000.WAV,Telephone Field,recover-20220922,001,1795
1610.1995,1610.237,68437,82369,Rhinolophus ferrumequinum,0.022,0.022,-1,Echolocation,/mnt/ubna_data_02_mir/recover-20220922/UBNA_001/20220921_090000.WAV,Telephone Field,recover-20220922,001,1795
1610.2025,1610.2129,28906,35724,Eptesicus serotinus,0.008,0.021,-1,Echolocation,/mnt/ubna_data_02_mir/recover-20220922/UBNA_001/20220921_090000.WAV,Telephone Field,recover-20220922,001,1795
1610.2245,1610.2616,68437,82293,Rhinolophus ferrumequinum,0.025,0.025,-1,Echolocation,/mnt/ubna_data_02_mir/recover-20220922/UBNA_001/20220921_090000.WAV,Telephone Field,recover-20220922,001,1795
1610.2335,1610.2707,68437,81558,Rhinolophus ferrumequinum,0.022,0.022,-1,Echolocation,/mnt/ubna_data_02_mir/recover-20220922/UBNA_001/20220921_090000.WAV,Telephone Field,recover-20220922,001,1795
1610.2595,1610.2673,46093,50569,Pipistrellus pipistrellus,0.025,0.026,-1,Echolocation,/mnt/ubna_data_02_mir/recover-20220922/UBNA_001/20220921_090000.WAV,Telephone Field,recover-20220922,001,1795
1610.2805,1610.291,22890,28226,Nyctalus leisleri,0.011,0.025,-1,Echolocation,/mnt/ubna_data_02_mir/recover-20220922/UBNA_001/20220921_090000.WAV,Telephone Field,recover-20220922,001,1795
1610.2995,1610.3097,28906,36314,Eptesicus serotinus,0.027,0.046,-1,Echolocation,/mnt/ubna_data_02_mir/recover-20220922/UBNA_001/20220921_090000.WAV,Telephone Field,recover-20220922,001,1795
1610.3455,1610.356,24609,32183,Eptesicus serotinus,0.009,0.025,-1,Echolocation,/mnt/ubna_data_02_mir/recover-20220922/UBNA_001/20220921_090000.WAV,Telephone Field,recover-20220922,001,1795
1610.3655,1610.3758,23750,29752,Nyctalus leisleri,0.009,0.024,-1,Echolocation,/mnt/ubna_data_02_mir/recover-20220922/UBNA_001/20220921_090000.WAV,Telephone Field,recover-20220922,001,1795
1610.3975,1610.4073,28906,38057,Eptesicus serotinus,0.012,0.026,-1,Echolocation,/mnt/ubna_data_02_mir/recover-20220922/UBNA_001/20220921_090000.WAV,Telephone Field,recover-20220922,001,1795
1610.4045,1610.4173,25468,31506,Eptesicus serotinus,0.011,0.026,-1,Echolocation,/mnt/ubna_data_02_mir/recover-20220922/UBNA_001/20220921_090000.WAV,Telephone Field,recover-20220922,001,1795
1610.4305,1610.4387,49531,53805,Pipistrellus pipistrellus,0.02,0.021,-1,Echolocation,/mnt/ubna_data_02_mir/recover-20220922/UBNA_001/20220921_090000.WAV,Telephone Field,recover-20220922,001,1795
1610.4665,1610.505,68437,82041,Rhinolophus ferrumequinum,0.032,0.032,-1,Echolocation,/mnt/ubna_data_02_mir/recover-20220922/UBNA_001/20220921_090000.WAV,Telephone Field,recover-20220922,001,1795
1610.5445,1610.5514,28046,39683,Eptesicus serotinus,0.006,0.022,-1,Echolocation,/mnt/ubna_data_02_mir/recover-20220922/UBNA_001/20220921_090000.WAV,Telephone Field,recover-20220922,001,1795
1610.5785,1610.5881,28046,36806,Eptesicus serotinus,0.009,0.023,-1,Echolocation,/mnt/ubna_data_02_mir/recover-20220922/UBNA_001/20220921_090000.WAV,Telephone Field,recover-20220922,001,1795
1610.6045,1610.617,25468,31385,Eptesicus serotinus,0.018,0.041,-1,Echolocation,/mnt/ubna_data_02_mir/recover-20220922/UBNA_001/20220921_090000.WAV,Telephone Field,recover-20220922,001,1795
1610.6275,1610.6371,28046,36544,Eptesicus serotinus,0.011,0.026,-1,Echolocation,/mnt/ubna_data_02_mir/recover-20220922/UBNA_001/20220921_090000.WAV,Telephone Field,recover-20220922,001,1795
1610.6575,1610.6656,49531,54482,Pipistrellus pipistrellus,0.021,0.023,-1,Echolocation,/mnt/ubna_data_02_mir/recover-20220922/UBNA_001/20220921_090000.WAV,Telephone Field,recover-20220922,001,1795
1610.6595,1610.6657,27187,47333,Eptesicus serotinus,0.006,0.021,-1,Echolocation,/mnt/ubna_data_02_mir/recover-20220922/UBNA_001/20220921_090000.WAV,Telephone Field,recover-20220922,001,1795
1610.6725,1610.7123,68437,82712,Rhinolophus ferrumequinum,0.023,0.023,-1,Echolocation,/mnt/ubna_data_02_mir/recover-20220922/UBNA_001/20220921_090000.WAV,Telephone Field,recover-20220922,001,1795
1610.6785,1610.7214,68437,82988,Rhinolophus ferrumequinum,0.024,0.024,-1,Echolocation,/mnt/ubna_data_02_mir/recover-20220922/UBNA_001/20220921_090000.WAV,Telephone Field,recover-20220922,001,1795
1610.6835,1610.6946,15156,21463,Nyctalus noctula,0.013,0.024,-1,Echolocation,/mnt/ubna_data_02_mir/recover-20220922/UBNA_001/20220921_090000.WAV,Telephone Field,recover-20220922,001,1795
1610.7055,1610.7167,23750,29110,Nyctalus leisleri,0.013,0.027,-1,Echolocation,/mnt/ubna_data_02_mir/recover-20220922/UBNA_001/20220921_090000.WAV,Telephone Field,recover-20220922,001,1795
1610.7855,1610.7959,28046,35245,Eptesicus serotinus,0.013,0.027,-1,Echolocation,/mnt/ubna_data_02_mir/recover-20220922/UBNA_001/20220921_090000.WAV,Telephone Field,recover-20220922,001,1795
1610.8615,1610.8994,68437,81943,Rhinolophus ferrumequinum,0.022,0.022,-1,Echolocation,/mnt/ubna_data_02_mir/recover-20220922/UBNA_001/20220921_090000.WAV,Telephone Field,recover-20220922,001,1795
1610.8755,1610.8854,28906,36500,Eptesicus serotinus,0.009,0.024,-1,Echolocation,/mnt/ubna_data_02_mir/recover-20220922/UBNA_001/20220921_090000.WAV,Telephone Field,recover-20220922,001,1795
1610.8955,1610.9323,68437,81942,Rhinolophus ferrumequinum,0.032,0.032,-1,Echolocation,/mnt/ubna_data_02_mir/recover-20220922/UBNA_001/20220921_090000.WAV,Telephone Field,recover-20220922,001,1795
1610.9185,1610.9268,26328,38613,Eptesicus serotinus,0.01,0.024,-1,Echolocation,/mnt/ubna_data_02_mir/recover-20220922/UBNA_001/20220921_090000.WAV,Telephone Field,recover-20220922,001,1795
1610.9245,1610.9616,68437,81852,Rhinolophus ferrumequinum,0.023,0.023,-1,Echolocation,/mnt/ubna_data_02_mir/recover-20220922/UBNA_001/20220921_090000.WAV,Telephone Field,recover-20220922,001,1795
1610.9455,1610.9845,68437,82600,Rhinolophus ferrumequinum,0.022,0.022,-1,Echolocation,/mnt/ubna_data_02_mir/recover-20220922/UBNA_001/20220921_090000.WAV,Telephone Field,recover-20220922,001,1795
1610.9905,1611.027,68437,81314,Rhinolophus ferrumequinum,0.022,0.022,-1,Echolocation,/mnt/ubna_data_02_mir/recover-20220922/UBNA_001/20220921_090000.WAV,Telephone Field,recover-20220922,001,1795
1611.0085,1611.0473,68437,82246,Rhinolophus ferrumequinum,0.023,0.023,-1,Echolocation,/mnt/ubna_data_02_mir/recover-20220922/UBNA_001/20220921_090000.WAV,Telephone Field,recover-20220922,001,1795
1611.0245,1611.0628,68437,82385,Rhinolophus ferrumequinum,0.023,0.023,-1,Echolocation,/mnt/ubna_data_02_mir/recover-20220922/UBNA_001/20220921_090000.WAV,Telephone Field,recover-20220922,001,1795
1611.0275,1611.0353,27187,36964,Eptesicus serotinus,0.016,0.045,-1,Echolocation,/mnt/ubna_data_02_mir/recover-20220922/UBNA_001/20220921_090000.WAV,Telephone Field,recover-20220922,001,1795
1611.0545,1611.0644,25468,32646,Eptesicus serotinus,0.018,0.046,-1,Echolocation,/mnt/ubna_data_02_mir/recover-20220922/UBNA_001/20220921_090000.WAV,Telephone Field,recover-20220922,001,1795
1611.1075,1611.1499,68437,83254,Rhinolophus ferrumequinum,0.036,0.036,-1,Echolocation,/mnt/ubna_data_02_mir/recover-20220922/UBNA_001/20220921_090000.WAV,Telephone Field,recover-20220922,001,1795
1611.1535,1611.1935,68437,82757,Rhinolophus ferrumequinum,0.026,0.026,-1,Echolocation,/mnt/ubna_data_02_mir/recover-20220922/UBNA_001/20220921_090000.WAV,Telephone Field,recover-20220922,001,1795
1611.2025,1611.2124,44375,48055,Pipistrellus pipistrellus,0.019,0.021,-1,Echolocation,/mnt/ubna_data_02_mir/recover-20220922/UBNA_001/20220921_090000.WAV,Telephone Field,recover-20220922,001,1795
1611.2275,1611.2397,22031,26747,Nyctalus leisleri,0.016,0.029,-1,Echolocation,/mnt/ubna_data_02_mir/recover-20220922/UBNA_001/20220921_090000.WAV,Telephone Field,recover-20220922,001,1795
1611.2455,1611.2841,68437,82039,Rhinolophus ferrumequinum,0.031,0.031,-1,Echolocation,/mnt/ubna_data_02_mir/recover-20220922/UBNA_001/20220921_090000.WAV,Telephone Field,recover-20220922,001,1795
1611.2515,1611.2633,22890,27730,Nyctalus leisleri,0.01,0.022,-1,Echolocation,/mnt/ubna_data_02_mir/recover-20220922/UBNA_001/20220921_090000.WAV,Telephone Field,recover-20220922,001,1795
1611.2975,1611.3367,68437,82402,Rhinolophus ferrumequinum,0.023,0.023,-1,Echolocation,/mnt/ubna_data_02_mir/recover-20220922/UBNA_001/20220921_090000.WAV,Telephone Field,recover-20220922,001,1795
1611.3245,1611.3621,68437,82728,Rhinolophus ferrumequinum,0.024,0.024,-1,Echolocation,/mnt/ubna_data_02_mir/recover-20220922/UBNA_001/20220921_090000.WAV,Telephone Field,recover-20220922,001,1795
1611.3395,1611.3527,45234,48984,Pipistrellus pipistrellus,0.049,0.054,-1,Echolocation,/mnt/ubna_data_02_mir/recover-20220922/UBNA_001/20220921_090000.WAV,Telephone Field,recover-20220922,001,1795
1611.3475,1611.3569,28906,36788,Eptesicus serotinus,0.008,0.022,-1,Echolocation,/mnt/ubna_data_02_mir/recover-20220922/UBNA_001/20220921_090000.WAV,Telephone Field,recover-20220922,001,1795
1611.3545,1611.3927,68437,81975,Rhinolophus ferrumequinum,0.022,0.023,-1,Echolocation,/mnt/ubna_data_02_mir/recover-20220922/UBNA_001/20220921_090000.WAV,Telephone Field,recover-20220922,001,1795
1611.3795,1611.4155,68437,82250,Rhinolophus ferrumequinum,0.023,0.023,-1,Echolocation,/mnt/ubna_data_02_mir/recover-20220922/UBNA_001/20220921_090000.WAV,Telephone Field,recover-20220922,001,1795
1611.4075,1611.4143,28046,45917,Eptesicus serotinus,0.01,0.031,-1,Echolocation,/mnt/ubna_data_02_mir/recover-20220922/UBNA_001/20220921_090000.WAV,Telephone Field,recover-20220922,001,1795
1611.4095,1611.4479,68437,82240,Rhinolophus ferrumequinum,0.025,0.025,-1,Echolocation,/mnt/ubna_data_02_mir/recover-20220922/UBNA_001/20220921_090000.WAV,Telephone Field,recover-20220922,001,1795
1611.4285,1611.4381,28906,37320,Eptesicus serotinus,0.021,0.036,-1,Echolocation,/mnt/ubna_data_02_mir/recover-20220922/UBNA_001/20220921_090000.WAV,Telephone Field,recover-20220922,001,1795
1611.4555,1611.4911,68437,81089,Rhinolophus ferrumequinum,0.023,0.023,-1,Echolocation,/mnt/ubna_data_02_mir/recover-20220922/UBNA_001/20220921_090000.WAV,Telephone Field,recover-20220922,001,1795
1611.4645,1611.4731,28046,38184,Eptesicus serotinus,0.008,0.021,-1,Echolocation,/mnt/ubna_data_02_mir/recover-20220922/UBNA_001/20220921_090000.WAV,Telephone Field,recover-20220922,001,1795
1611.4655,1611.5044,68437,82245,Rhinolophus ferrumequinum,0.026,0.026,-1,Echolocation,/mnt/ubna_data_02_mir/recover-20220922/UBNA_001/20220921_090000.WAV,Telephone Field,recover-20220922,001,1795
1611.5065,1611.5419,68437,80873,Rhinolophus ferrumequinum,0.022,0.022,-1,Echolocation,/mnt/ubna_data_02_mir/recover-20220922/UBNA_001/20220921_090000.WAV,Telephone Field,recover-20220922,001,1795
1611.5185,1611.5528,68437,82156,Rhinolophus ferrumequinum,0.023,0.023,-1,Echolocation,/mnt/ubna_data_02_mir/recover-20220922/UBNA_001/20220921_090000.WAV,Telephone Field,recover-20220922,001,1795
1611.5235,1611.5605,68437,82189,Rhinolophus ferrumequinum,0.023,0.023,-1,Echolocation,/mnt/ubna_data_02_mir/recover-20220922/UBNA_001/20220921_090000.WAV,Telephone Field,recover-20220922,001,1795
1611.5625,1611.6024,68437,82132,Rhinolophus ferrumequinum,0.024,0.024,-1,Echolocation,/mnt/ubna_data_02_mir/recover-20220922/UBNA_001/20220921_090000.WAV,Telephone Field,recover-20220922,001,1795
1611.6155,1611.6541,68437,81764,Rhinolophus ferrumequinum,0.022,0.022,-1,Echolocation,/mnt/ubna_data_02_mir/recover-20220922/UBNA_001/20220921_090000.WAV,Telephone Field,recover-20220922,001,1795
1611.6295,1611.6722,68437,83120,Rhinolophus ferrumequinum,0.027,0.027,-1,Echolocation,/mnt/ubna_data_02_mir/recover-20220922/UBNA_001/20220921_090000.WAV,Telephone Field,recover-20220922,001,1795
1611.6485,1611.6671,20312,23382,Nyctalus leisleri,0.014,0.022,-1,Echolocation,/mnt/ubna_data_02_mir/recover-20220922/UBNA_001/20220921_090000.WAV,Telephone Field,recover-20220922,001,1795
1611.6845,1611.6929,45234,48528,Pipistrellus pipistrellus,0.025,0.027,-1,Echolocation,/mnt/ubna_data_02_mir/recover-20220922/UBNA_001/20220921_090000.WAV,Telephone Field,recover-20220922,001,1795
1611.7175,1611.7547,68437,82324,Rhinolophus ferrumequinum,0.021,0.022,-1,Echolocation,/mnt/ubna_data_02_mir/recover-20220922/UBNA_001/20220921_090000.WAV,Telephone Field,recover-20220922,001,1795
1611.7675,1611.8038999999999,68437,82545,Rhinolophus ferrumequinum,0.022,0.022,-1,Echolocation,/mnt/ubna_data_02_mir/recover-20220922/UBNA_001/20220921_090000.WAV,Telephone Field,recover-20220922,001,1795
1611.7845,1611.7942,28046,36533,Eptesicus serotinus,0.01,0.022,-1,Echolocation,/mnt/ubna_data_02_mir/recover-20220922/UBNA_001/20220921_090000.WAV,Telephone Field,recover-20220922,001,1795
1611.8025,1611.844,68437,83145,Rhinolophus ferrumequinum,0.035,0.035,-1,Echolocation,/mnt/ubna_data_02_mir/recover-20220922/UBNA_001/20220921_090000.WAV,Telephone Field,recover-20220922,001,1795
1611.8355,1611.8436,28906,38304,Eptesicus serotinus,0.011,0.031,-1,Echolocation,/mnt/ubna_data_02_mir/recover-20220922/UBNA_001/20220921_090000.WAV,Telephone Field,recover-20220922,001,1795
1611.8695,1611.9058,68437,81317,Rhinolophus ferrumequinum,0.023,0.023,-1,Echolocation,/mnt/ubna_data_02_mir/recover-20220922/UBNA_001/20220921_090000.WAV,Telephone Field,recover-20220922,001,1795
1611.8725,1611.8805,25468,35406,Eptesicus serotinus,0.007,0.022,-1,Echolocation,/mnt/ubna_data_02_mir/recover-20220922/UBNA_001/20220921_090000.WAV,Telephone Field,recover-20220922,001,1795
1611.8825,1611.9194,68437,81961,Rhinolophus ferrumequinum,0.023,0.023,-1,Echolocation,/mnt/ubna_data_02_mir/recover-20220922/UBNA_001/20220921_090000.WAV,Telephone Field,recover-20220922,001,1795
1611.9255,1611.9366,23750,30989,Nyctalus leisleri,0.01,0.026,-1,Echolocation,/mnt/ubna_data_02_mir/recover-20220922/UBNA_001/20220921_090000.WAV,Telephone Field,recover-20220922,001,1795
1611.9485,1611.9857,68437,81462,Rhinolophus ferrumequinum,0.027,0.027,-1,Echolocation,/mnt/ubna_data_02_mir/recover-20220922/UBNA_001/20220921_090000.WAV,Telephone Field,recover-20220922,001,1795
1612.0015,1612.0128,47812,54527,Pipistrellus pipistrellus,0.02,0.028,-1,Echolocation,/mnt/ubna_data_02_mir/recover-20220922/UBNA_001/20220921_090000.WAV,Telephone Field,recover-20220922,001,1795
1612.0015,1612.01,26328,36577,Eptesicus serotinus,0.009,0.033,-1,Echolocation,/mnt/ubna_data_02_mir/recover-20220922/UBNA_001/20220921_090000.WAV,Telephone Field,recover-20220922,001,1795
1612.0015,1612.0335,68437,79575,Rhinolophus ferrumequinum,0.037,0.037,-1,Echolocation,/mnt/ubna_data_02_mir/recover-20220922/UBNA_001/20220921_090000.WAV,Telephone Field,recover-20220922,001,1795
1612.0015,1612.0175,16875,21840,Nyctalus noctula,0.019,0.038,-1,Echolocation,/mnt/ubna_data_02_mir/recover-20220922/UBNA_001/20220921_090000.WAV,Telephone Field,recover-20220922,001,1795
1612.0075,1612.049,68437,82161,Rhinolophus ferrumequinum,0.023,0.023,-1,Echolocation,/mnt/ubna_data_02_mir/recover-20220922/UBNA_001/20220921_090000.WAV,Telephone Field,recover-20220922,001,1795
1612.0305,1612.0408,22031,27346,Nyctalus leisleri,0.01,0.024,-1,Echolocation,/mnt/ubna_data_02_mir/recover-20220922/UBNA_001/20220921_090000.WAV,Telephone Field,recover-20220922,001,1795
1612.0415,1612.0782,68437,82219,Rhinolophus ferrumequinum,0.023,0.023,-1,Echolocation,/mnt/ubna_data_02_mir/recover-20220922/UBNA_001/20220921_090000.WAV,Telephone Field,recover-20220922,001,1795
1612.0555,1612.0623,28046,39566,Eptesicus serotinus,0.008,0.027,-1,Echolocation,/mnt/ubna_data_02_mir/recover-20220922/UBNA_001/20220921_090000.WAV,Telephone Field,recover-20220922,001,1795
1612.0885,1612.1286,68437,82440,Rhinolophus ferrumequinum,0.031,0.031,-1,Echolocation,/mnt/ubna_data_02_mir/recover-20220922/UBNA_001/20220921_090000.WAV,Telephone Field,recover-20220922,001,1795
1612.1155,1612.1583,68437,83870,Rhinolophus ferrumequinum,0.037,0.037,-1,Echolocation,/mnt/ubna_data_02_mir/recover-20220922/UBNA_001/20220921_090000.WAV,Telephone Field,recover-20220922,001,1795
1612.1565,1612.1674,22031,26098,Nyctalus leisleri,0.013,0.022,-1,Echolocation,/mnt/ubna_data_02_mir/recover-20220922/UBNA_001/20220921_090000.WAV,Telephone Field,recover-20220922,001,1795
1612.1655,1612.204,68437,82317,Rhinolophus ferrumequinum,0.024,0.024,-1,Echolocation,/mnt/ubna_data_02_mir/recover-20220922/UBNA_001/20220921_090000.WAV,Telephone Field,recover-20220922,001,1795
1612.1705,1612.1764,27187,40341,Plecotus auritus,0.011,0.038,-1,Echolocation,/mnt/ubna_data_02_mir/recover-20220922/UBNA_001/20220921_090000.WAV,Telephone Field,recover-20220922,001,1795
1612.1805,1612.2204,68437,82793,Rhinolophus ferrumequinum,0.033,0.033,-1,Echolocation,/mnt/ubna_data_02_mir/recover-20220922/UBNA_001/20220921_090000.WAV,Telephone Field,recover-20220922,001,1795
1612.2045,1612.2416,68437,81666,Rhinolophus ferrumequinum,0.026,0.026,-1,Echolocation,/mnt/ubna_data_02_mir/recover-20220922/UBNA_001/20220921_090000.WAV,Telephone Field,recover-20220922,001,1795
1612.2265,1612.2618,68437,81621,Rhinolophus ferrumequinum,0.027,0.027,-1,Echolocation,/mnt/ubna_data_02_mir/recover-20220922/UBNA_001/20220921_090000.WAV,Telephone Field,recover-20220922,001,1795
1612.2335,1612.2724,68437,82392,Rhinolophus ferrumequinum,0.027,0.027,-1,Echolocation,/mnt/ubna_data_02_mir/recover-20220922/UBNA_001/20220921_090000.WAV,Telephone Field,recover-20220922,001,1795
1612.2435,1612.2816,68437,81933,Rhinolophus ferrumequinum,0.024,0.024,-1,Echolocation,/mnt/ubna_data_02_mir/recover-20220922/UBNA_001/20220921_090000.WAV,Telephone Field,recover-20220922,001,1795
1612.2675,1612.3084,68437,82531,Rhinolophus ferrumequinum,0.023,0.023,-1,Echolocation,/mnt/ubna_data_02_mir/recover-20220922/UBNA_001/20220921_090000.WAV,Telephone Field,recover-20220922,001,1795
1612.2775,1612.2856,44375,50930,Pipistrellus pipistrellus,0.018,0.024,-1,Echolocation,/mnt/ubna_data_02_mir/recover-20220922/UBNA_001/20220921_090000.WAV,Telephone Field,recover-20220922,001,1795
1612.2785,1612.3149,68437,82315,Rhinolophus ferrumequinum,0.024,0.024,-1,Echolocation,/mnt/ubna_data_02_mir/recover-20220922/UBNA_001/20220921_090000.WAV,Telephone Field,recover-20220922,001,1795
1612.2865,1612.3239,68437,81875,Rhinolophus ferrumequinum,0.024,0.024,-1,Echolocation,/mnt/ubna_data_02_mir/recover-20220922/UBNA_001/20220921_090000.WAV,Telephone Field,recover-20220922,001,1795
1612.3055,1612.3204,22890,27455,Nyctalus leisleri,0.022,0.044,-1,Echolocation,/mnt/ubna_data_02_mir/recover-20220922/UBNA_001/20220921_090000.WAV,Telephone Field,recover-20220922,001,1795
1612.3075,1612.3435,68437,81506,Rhinolophus ferrumequinum,0.023,0.024,-1,Echolocation,/mnt/ubna_data_02_mir/recover-20220922/UBNA_001/20220921_090000.WAV,Telephone Field,recover-20220922,001,1795
1612.3175,1612.3559,68437,82047,Rhinolophus ferrumequinum,0.023,0.023,-1,Echolocation,/mnt/ubna_data_02_mir/recover-20220922/UBNA_001/20220921_090000.WAV,Telephone Field,recover-20220922,001,1795
1612.3395,1612.3478,28046,37818,Eptesicus serotinus,0.025,0.05,-1,Echolocation,/mnt/ubna_data_02_mir/recover-20220922/UBNA_001/20220921_090000.WAV,Telephone Field,recover-20220922,001,1795
1612.3405,1612.385,68437,84105,Rhinolophus ferrumequinum,0.06,0.06,-1,Echolocation,/mnt/ubna_data_02_mir/recover-20220922/UBNA_001/20220921_090000.WAV,Telephone Field,recover-20220922,001,1795
1612.3925,1612.4331,68437,82659,Rhinolophus ferrumequinum,0.026,0.026,-1,Echolocation,/mnt/ubna_data_02_mir/recover-20220922/UBNA_001/20220921_090000.WAV,Telephone Field,recover-20220922,001,1795
1612.3975,1612.4069,23750,30752,Nyctalus leisleri,0.009,0.023,-1,Echolocation,/mnt/ubna_data_02_mir/recover-20220922/UBNA_001/20220921_090000.WAV,Telephone Field,recover-20220922,001,1795
1612.4105,1612.4472,68437,81548,Rhinolophus ferrumequinum,0.024,0.024,-1,Echolocation,/mnt/ubna_data_02_mir/recover-20220922/UBNA_001/20220921_090000.WAV,Telephone Field,recover-20220922,001,1795
1612.4275,1612.4361,27187,36971,Eptesicus serotinus,0.009,0.025,-1,Echolocation,/mnt/ubna_data_02_mir/recover-20220922/UBNA_001/20220921_090000.WAV,Telephone Field,recover-20220922,001,1795
1612.4555,1612.465,23750,30781,Nyctalus leisleri,0.011,0.04,-1,Echolocation,/mnt/ubna_data_02_mir/recover-20220922/UBNA_001/20220921_090000.WAV,Telephone Field,recover-20220922,001,1795
1612.4565,1612.4947,68437,82117,Rhinolophus ferrumequinum,0.022,0.022,-1,Echolocation,/mnt/ubna_data_02_mir/recover-20220922/UBNA_001/20220921_090000.WAV,Telephone Field,recover-20220922,001,1795
1612.4665,1612.4751,28046,38229,Eptesicus serotinus,0.008,0.022,-1,Echolocation,/mnt/ubna_data_02_mir/recover-20220922/UBNA_001/20220921_090000.WAV,Telephone Field,recover-20220922,001,1795
1612.4835,1612.5227,68437,82667,Rhinolophus ferrumequinum,0.025,0.025,-1,Echolocation,/mnt/ubna_data_02_mir/recover-20220922/UBNA_001/20220921_090000.WAV,Telephone Field,recover-20220922,001,1795
1612.5015,1612.5383,68437,81601,Rhinolophus ferrumequinum,0.022,0.022,-1,Echolocation,/mnt/ubna_data_02_mir/recover-20220922/UBNA_001/20220921_090000.WAV,Telephone Field,recover-20220922,001,1795
1612.5255,1612.5668,68437,83264,Rhinolophus ferrumequinum,0.033,0.033,-1,Echolocation,/mnt/ubna_data_02_mir/recover-20220922/UBNA_001/20220921_090000.WAV,Telephone Field,recover-20220922,001,1795
1612.5275,1612.5361,23750,31566,Plecotus austriacus,0.006,0.022,-1,Echolocation,/mnt/ubna_data_02_mir/recover-20220922/UBNA_001/20220921_090000.WAV,Telephone Field,recover-20220922,001,1795
1612.5415,1612.5756,68437,81608,Rhinolophus ferrumequinum,0.023,0.023,-1,Echolocation,/mnt/ubna_data_02_mir/recover-20220922/UBNA_001/20220921_090000.WAV,Telephone Field,recover-20220922,001,1795
1612.5645,1612.602,68437,81647,Rhinolophus ferrumequinum,0.025,0.025,-1,Echolocation,/mnt/ubna_data_02_mir/recover-20220922/UBNA_001/20220921_090000.WAV,Telephone Field,recover-20220922,001,1795
1612.5755,1612.5828,28046,38849,Eptesicus serotinus,0.007,0.024,-1,Echolocation,/mnt/ubna_data_02_mir/recover-20220922/UBNA_001/20220921_090000.WAV,Telephone Field,recover-20220922,001,1795
1612.5885,1612.629,68437,82367,Rhinolophus ferrumequinum,0.032,0.032,-1,Echolocation,/mnt/ubna_data_02_mir/recover-20220922/UBNA_001/20220921_090000.WAV,Telephone Field,recover-20220922,001,1795
1612.6115,1612.6506,68437,82238,Rhinolophus ferrumequinum,0.034,0.034,-1,Echolocation,/mnt/ubna_data_02_mir/recover-20220922/UBNA_001/20220921_090000.WAV,Telephone Field,recover-20220922,001,1795
1612.6215,1612.6597,68437,81523,Rhinolophus ferrumequinum,0.022,0.022,-1,Echolocation,/mnt/ubna_data_02_mir/recover-20220922/UBNA_001/20220921_090000.WAV,Telephone Field,recover-20220922,001,1795
1612.6435,1612.652,28046,37469,Eptesicus serotinus,0.011,0.025,-1,Echolocation,/mnt/ubna_data_02_mir/recover-20220922/UBNA_001/20220921_090000.WAV,Telephone Field,recover-20220922,001,1795
1612.6765,1612.7157,68437,83019,Rhinolophus ferrumequinum,0.031,0.031,-1,Echolocation,/mnt/ubna_data_02_mir/recover-20220922/UBNA_001/20220921_090000.WAV,Telephone Field,recover-20220922,001,1795
1612.7205,1612.7576,68437,81770,Rhinolophus ferrumequinum,0.034,0.034,-1,Echolocation,/mnt/ubna_data_02_mir/recover-20220922/UBNA_001/20220921_090000.WAV,Telephone Field,recover-20220922,001,1795
1612.7365,1612.7783,68437,82818,Rhinolophus ferrumequinum,0.055,0.055,-1,Echolocation,/mnt/ubna_data_02_mir/recover-20220922/UBNA_001/20220921_090000.WAV,Telephone Field,recover-20220922,001,1795
1612.7725,1612.7828,23750,31366,Nyctalus leisleri,0.009,0.029,-1,Echolocation,/mnt/ubna_data_02_mir/recover-20220922/UBNA_001/20220921_090000.WAV,Telephone Field,recover-20220922,001,1795
1612.7785,1612.812,68437,81258,Rhinolophus ferrumequinum,0.022,0.022,-1,Echolocation,/mnt/ubna_data_02_mir/recover-20220922/UBNA_001/20220921_090000.WAV,Telephone Field,recover-20220922,001,1795
1612.7915,1612.8304,68437,82296,Rhinolophus ferrumequinum,0.023,0.023,-1,Echolocation,/mnt/ubna_data_02_mir/recover-20220922/UBNA_001/20220921_090000.WAV,Telephone Field,recover-20220922,001,1795
1612.8145,1612.8551,68437,82887,Rhinolophus ferrumequinum,0.025,0.025,-1,Echolocation,/mnt/ubna_data_02_mir/recover-20220922/UBNA_001/20220921_090000.WAV,Telephone Field,recover-20220922,001,1795
1612.8305,1612.8711,68437,82738,Rhinolophus ferrumequinum,0.035,0.035,-1,Echolocation,/mnt/ubna_data_02_mir/recover-20220922/UBNA_001/20220921_090000.WAV,Telephone Field,recover-20220922,001,1795
1612.8365,1612.847,23750,31144,Nyctalus leisleri,0.011,0.031,-1,Echolocation,/mnt/ubna_data_02_mir/recover-20220922/UBNA_001/20220921_090000.WAV,Telephone Field,recover-20220922,001,1795
1612.8505,1612.891,68437,82621,Rhinolophus ferrumequinum,0.03,0.03,-1,Echolocation,/mnt/ubna_data_02_mir/recover-20220922/UBNA_001/20220921_090000.WAV,Telephone Field,recover-20220922,001,1795
1612.8585,1612.8671,28046,41015,Eptesicus serotinus,0.008,0.022,-1,Echolocation,/mnt/ubna_data_02_mir/recover-20220922/UBNA_001/20220921_090000.WAV,Telephone Field,recover-20220922,001,1795
1612.8675,1612.9046,68437,82449,Rhinolophus ferrumequinum,0.025,0.025,-1,Echolocation,/mnt/ubna_data_02_mir/recover-20220922/UBNA_001/20220921_090000.WAV,Telephone Field,recover-20220922,001,1795
1612.8995,1612.9372,68437,81661,Rhinolophus ferrumequinum,0.023,0.023,-1,Echolocation,/mnt/ubna_data_02_mir/recover-20220922/UBNA_001/20220921_090000.WAV,Telephone Field,recover-20220922,001,1795
1612.8995,1612.9073,28046,38433,Eptesicus serotinus,0.01,0.028,-1,Echolocation,/mnt/ubna_data_02_mir/recover-20220922/UBNA_001/20220921_090000.WAV,Telephone Field,recover-20220922,001,1795
1612.9145,1612.9543,68437,82432,Rhinolophus ferrumequinum,0.042,0.042,-1,Echolocation,/mnt/ubna_data_02_mir/recover-20220922/UBNA_001/20220921_090000.WAV,Telephone Field,recover-20220922,001,1795
1612.9375,1612.9741,68437,81594,Rhinolophus ferrumequinum,0.027,0.027,-1,Echolocation,/mnt/ubna_data_02_mir/recover-20220922/UBNA_001/20220921_090000.WAV,Telephone Field,recover-20220922,001,1795
1612.9765,1613.0158,68437,82071,Rhinolophus ferrumequinum,0.028,0.028,-1,Echolocation,/mnt/ubna_data_02_mir/recover-20220922/UBNA_001/20220921_090000.WAV,Telephone Field,recover-20220922,001,1795
1612.9975,1613.0084,23750,28597,Nyctalus leisleri,0.016,0.036,-1,Echolocation,/mnt/ubna_data_02_mir/recover-20220922/UBNA_001/20220921_090000.WAV,Telephone Field,recover-20220922,001,1795
1613.0185,1613.0533,68437,81684,Rhinolophus ferrumequinum,0.024,0.024,-1,Echolocation,/mnt/ubna_data_02_mir/recover-20220922/UBNA_001/20220921_090000.WAV,Telephone Field,recover-20220922,001,1795
1613.0275,1613.0681,68437,82827,Rhinolophus ferrumequinum,0.036,0.036,-1,Echolocation,/mnt/ubna_data_02_mir/recover-20220922/UBNA_001/20220921_090000.WAV,Telephone Field,recover-20220922,001,1795
1613.0375,1613.0455,28046,40155,Eptesicus serotinus,0.007,0.022,-1,Echolocation,/mnt/ubna_data_02_mir/recover-20220922/UBNA_001/20220921_090000.WAV,Telephone Field,recover-20220922,001,1795
1613.0555,1613.0951,68437,82923,Rhinolophus ferrumequinum,0.031,0.031,-1,Echolocation,/mnt/ubna_data_02_mir/recover-20220922/UBNA_001/20220921_090000.WAV,Telephone Field,recover-20220922,001,1795
1613.0635,1613.1043,68437,82768,Rhinolophus ferrumequinum,0.027,0.027,-1,Echolocation,/mnt/ubna_data_02_mir/recover-20220922/UBNA_001/20220921_090000.WAV,Telephone Field,recover-20220922,001,1795
1613.0745,1613.1133,68437,82756,Rhinolophus ferrumequinum,0.026,0.026,-1,Echolocation,/mnt/ubna_data_02_mir/recover-20220922/UBNA_001/20220921_090000.WAV,Telephone Field,recover-20220922,001,1795
1613.0825,1613.0904,28046,42104,Eptesicus serotinus,0.008,0.024,-1,Echolocation,/mnt/ubna_data_02_mir/recover-20220922/UBNA_001/20220921_090000.WAV,Telephone Field,recover-20220922,001,1795
1613.0975,1613.1411,68437,82668,Rhinolophus ferrumequinum,0.044,0.044,-1,Echolocation,/mnt/ubna_data_02_mir/recover-20220922/UBNA_001/20220921_090000.WAV,Telephone Field,recover-20220922,001,1795
1613.1115,1613.149,68437,81998,Rhinolophus ferrumequinum,0.022,0.022,-1,Echolocation,/mnt/ubna_data_02_mir/recover-20220922/UBNA_001/20220921_090000.WAV,Telephone Field,recover-20220922,001,1795
1613.1635,1613.206,68437,83330,Rhinolophus ferrumequinum,0.045,0.046,-1,Echolocation,/mnt/ubna_data_02_mir/recover-20220922/UBNA_001/20220921_090000.WAV,Telephone Field,recover-20220922,001,1795
1613.1795,1613.1914,33203,38411,Eptesicus serotinus,0.007,0.022,-1,Echolocation,/mnt/ubna_data_02_mir/recover-20220922/UBNA_001/20220921_090000.WAV,Telephone Field,recover-20220922,001,1795
1613.1825,1613.193,28906,36005,Eptesicus serotinus,0.01,0.023,-1,Echolocation,/mnt/ubna_data_02_mir/recover-20220922/UBNA_001/20220921_090000.WAV,Telephone Field,recover-20220922,001,1795
1613.1875,1613.2265,68437,82050,Rhinolophus ferrumequinum,0.03,0.03,-1,Echolocation,/mnt/ubna_data_02_mir/recover-20220922/UBNA_001/20220921_090000.WAV,Telephone Field,recover-20220922,001,1795
1613.2015,1613.2397,68437,82338,Rhinolophus ferrumequinum,0.024,0.024,-1,Echolocation,/mnt/ubna_data_02_mir/recover-20220922/UBNA_001/20220921_090000.WAV,Telephone Field,recover-20220922,001,1795
1613.2255,1613.2645,68437,82207,Rhinolophus ferrumequinum,0.022,0.022,-1,Echolocation,/mnt/ubna_data_02_mir/recover-20220922/UBNA_001/20220921_090000.WAV,Telephone Field,recover-20220922,001,1795
1613.2685,1613.3083,68437,82699,Rhinolophus ferrumequinum,0.039,0.039,-1,Echolocation,/mnt/ubna_data_02_mir/recover-20220922/UBNA_001/20220921_090000.WAV,Telephone Field,recover-20220922,001,1795
1613.2805,1613.3212,68437,82654,Rhinolophus ferrumequinum,0.032,0.032,-1,Echolocation,/mnt/ubna_data_02_mir/recover-20220922/UBNA_001/20220921_090000.WAV,Telephone Field,recover-20220922,001,1795
1613.2885,1613.329,68437,82978,Rhinolophus ferrumequinum,0.033,0.033,-1,Echolocation,/mnt/ubna_data_02_mir/recover-20220922/UBNA_001/20220921_090000.WAV,Telephone Field,recover-20220922,001,1795
1613.3275,1613.3349,24609,33226,Plecotus auritus,0.009,0.029,-1,Echolocation,/mnt/ubna_data_02_mir/recover-20220922/UBNA_001/20220921_090000.WAV,Telephone Field,recover-20220922,001,1795
1613.3525,1613.3936,68437,82380,Rhinolophus ferrumequinum,0.033,0.033,-1,Echolocation,/mnt/ubna_data_02_mir/recover-20220922/UBNA_001/20220921_090000.WAV,Telephone Field,recover-20220922,001,1795
1613.3795,1613.4162,68437,81911,Rhinolophus ferrumequinum,0.023,0.023,-1,Echolocation,/mnt/ubna_data_02_mir/recover-20220922/UBNA_001/20220921_090000.WAV,Telephone Field,recover-20220922,001,1795
1613.3825,1613.3926,29765,37854,Eptesicus serotinus,0.008,0.022,-1,Echolocation,/mnt/ubna_data_02_mir/recover-20220922/UBNA_001/20220921_090000.WAV,Telephone Field,recover-20220922,001,1795
1613.3945,1613.4311,68437,80510,Rhinolophus ferrumequinum,0.025,0.025,-1,Echolocation,/mnt/ubna_data_02_mir/recover-20220922/UBNA_001/20220921_090000.WAV,Telephone Field,recover-20220922,001,1795
1613.3975,1613.4049,26328,35807,Eptesicus serotinus,0.008,0.024,-1,Echolocation,/mnt/ubna_data_02_mir/recover-20220922/UBNA_001/20220921_090000.WAV,Telephone Field,recover-20220922,001,1795
1613.4105,1613.4504,68437,82719,Rhinolophus ferrumequinum,0.027,0.027,-1,Echolocation,/mnt/ubna_data_02_mir/recover-20220922/UBNA_001/20220921_090000.WAV,Telephone Field,recover-20220922,001,1795
1613.4175,1613.4565,68437,82639,Rhinolophus ferrumequinum,0.024,0.024,-1,Echolocation,/mnt/ubna_data_02_mir/recover-20220922/UBNA_001/20220921_090000.WAV,Telephone Field,recover-20220922,001,1795
1613.4285,1613.4673,68437,82376,Rhinolophus ferrumequinum,0.024,0.024,-1,Echolocation,/mnt/ubna_data_02_mir/recover-20220922/UBNA_001/20220921_090000.WAV,Telephone Field,recover-20220922,001,1795
1613.4455,1613.4638,21171,25093,Nyctalus leisleri,0.019,0.036,-1,Echolocation,/mnt/ubna_data_02_mir/recover-20220922/UBNA_001/20220921_090000.WAV,Telephone Field,recover-20220922,001,1795
1613.4595,1613.497,68437,81617,Rhinolophus ferrumequinum,0.023,0.023,-1,Echolocation,/mnt/ubna_data_02_mir/recover-20220922/UBNA_001/20220921_090000.WAV,Telephone Field,recover-20220922,001,1795
1613.4695,1613.5097,68437,82764,Rhinolophus ferrumequinum,0.031,0.031,-1,Echolocation,/mnt/ubna_data_02_mir/recover-20220922/UBNA_001/20220921_090000.WAV,Telephone Field,recover-20220922,001,1795
1613.4725,1613.4813,28046,39237,Eptesicus serotinus,0.008,0.024,-1,Echolocation,/mnt/ubna_data_02_mir/recover-20220922/UBNA_001/20220921_090000.WAV,Telephone Field,recover-20220922,001,1795
1613.4935,1613.5315,68437,81946,Rhinolophus ferrumequinum,0.026,0.026,-1,Echolocation,/mnt/ubna_data_02_mir/recover-20220922/UBNA_001/20220921_090000.WAV,Telephone Field,recover-20220922,001,1795
1613.5085,1613.544,68437,81897,Rhinolophus ferrumequinum,0.027,0.027,-1,Echolocation,/mnt/ubna_data_02_mir/recover-20220922/UBNA_001/20220921_090000.WAV,Telephone Field,recover-20220922,001,1795
1613.5325,1613.5722,68437,82065,Rhinolophus ferrumequinum,0.023,0.023,-1,Echolocation,/mnt/ubna_data_02_mir/recover-20220922/UBNA_001/20220921_090000.WAV,Telephone Field,recover-20220922,001,1795
1613.5465,1613.583,68437,81942,Rhinolophus ferrumequinum,0.022,0.022,-1,Echolocation,/mnt/ubna_data_02_mir/recover-20220922/UBNA_001/20220921_090000.WAV,Telephone Field,recover-20220922,001,1795
1613.5485,1613.5624,23750,29424,Nyctalus leisleri,0.014,0.03,-1,Echolocation,/mnt/ubna_data_02_mir/recover-20220922/UBNA_001/20220921_090000.WAV,Telephone Field,recover-20220922,001,1795
1613.5495,1613.5567,34921,43665,Myotis daubentonii,0.01,0.022,-1,Echolocation,/mnt/ubna_data_02_mir/recover-20220922/UBNA_001/20220921_090000.WAV,Telephone Field,recover-20220922,001,1795
1613.5605,1613.5963,68437,81493,Rhinolophus ferrumequinum,0.022,0.022,-1,Echolocation,/mnt/ubna_data_02_mir/recover-20220922/UBNA_001/20220921_090000.WAV,Telephone Field,recover-20220922,001,1795
1613.5665,1613.5769,25468,31308,Eptesicus serotinus,0.011,0.027,-1,Echolocation,/mnt/ubna_data_02_mir/recover-20220922/UBNA_001/20220921_090000.WAV,Telephone Field,recover-20220922,001,1795
1613.5925,1613.6043,25468,32695,Eptesicus serotinus,0.012,0.033,-1,Echolocation,/mnt/ubna_data_02_mir/recover-20220922/UBNA_001/20220921_090000.WAV,Telephone Field,recover-20220922,001,1795
1613.5995,1613.611,25468,30393,Nyctalus leisleri,0.018,0.037,-1,Echolocation,/mnt/ubna_data_02_mir/recover-20220922/UBNA_001/20220921_090000.WAV,Telephone Field,recover-20220922,001,1795
1613.5995,1613.6404,68437,82668,Rhinolophus ferrumequinum,0.033,0.033,-1,Echolocation,/mnt/ubna_data_02_mir/recover-20220922/UBNA_001/20220921_090000.WAV,Telephone Field,recover-20220922,001,1795
1613.6145,1613.6223,28046,39702,Eptesicus serotinus,0.009,0.029,-1,Echolocation,/mnt/ubna_data_02_mir/recover-20220922/UBNA_001/20220921_090000.WAV,Telephone Field,recover-20220922,001,1795
1613.6385,1613.6774,68437,82846,Rhinolophus ferrumequinum,0.024,0.024,-1,Echolocation,/mnt/ubna_data_02_mir/recover-20220922/UBNA_001/20220921_090000.WAV,Telephone Field,recover-20220922,001,1795
1613.6765,1613.6868,28906,37548,Eptesicus serotinus,0.013,0.03,-1,Echolocation,/mnt/ubna_data_02_mir/recover-20220922/UBNA_001/20220921_090000.WAV,Telephone Field,recover-20220922,001,1795
1613.6835,1613.7203,68437,81652,Rhinolophus ferrumequinum,0.026,0.026,-1,Echolocation,/mnt/ubna_data_02_mir/recover-20220922/UBNA_001/20220921_090000.WAV,Telephone Field,recover-20220922,001,1795
1613.7335,1613.7445,28046,35055,Eptesicus serotinus,0.021,0.038,-1,Echolocation,/mnt/ubna_data_02_mir/recover-20220922/UBNA_001/20220921_090000.WAV,Telephone Field,recover-20220922,001,1795
1613.7435,1613.7824,68437,81987,Rhinolophus ferrumequinum,0.039,0.039,-1,Echolocation,/mnt/ubna_data_02_mir/recover-20220922/UBNA_001/20220921_090000.WAV,Telephone Field,recover-20220922,001,1795
1613.7585,1613.7664,28906,39548,Eptesicus serotinus,0.01,0.027,-1,Echolocation,/mnt/ubna_data_02_mir/recover-20220922/UBNA_001/20220921_090000.WAV,Telephone Field,recover-20220922,001,1795
1613.7775,1613.8143,68437,81749,Rhinolophus ferrumequinum,0.022,0.022,-1,Echolocation,/mnt/ubna_data_02_mir/recover-20220922/UBNA_001/20220921_090000.WAV,Telephone Field,recover-20220922,001,1795
1613.7925,1613.8311,68437,81938,Rhinolophus ferrumequinum,0.024,0.024,-1,Echolocation,/mnt/ubna_data_02_mir/recover-20220922/UBNA_001/20220921_090000.WAV,Telephone Field,recover-20220922,001,1795
1613.8075,1613.8149,28046,38236,Eptesicus serotinus,0.009,0.026,-1,Echolocation,/mnt/ubna_data_02_mir/recover-20220922/UBNA_001/20220921_090000.WAV,Telephone Field,recover-20220922,001,1795
1613.8405,1613.849,28906,40797,Eptesicus serotinus,0.009,0.022,-1,Echolocation,/mnt/ubna_data_02_mir/recover-20220922/UBNA_001/20220921_090000.WAV,Telephone Field,recover-20220922,001,1795
1613.8435,1613.8847,68437,82796,Rhinolophus ferrumequinum,0.034,0.034,-1,Echolocation,/mnt/ubna_data_02_mir/recover-20220922/UBNA_001/20220921_090000.WAV,Telephone Field,recover-20220922,001,1795
1613.8475,1613.8554,26328,35365,Eptesicus serotinus,0.008,0.023,-1,Echolocation,/mnt/ubna_data_02_mir/recover-20220922/UBNA_001/20220921_090000.WAV,Telephone Field,recover-20220922,001,1795
1613.8525,1613.8609,28906,37801,Eptesicus serotinus,0.008,0.023,-1,Echolocation,/mnt/ubna_data_02_mir/recover-20220922/UBNA_001/20220921_090000.WAV,Telephone Field,recover-20220922,001,1795
1613.8715,1613.9193,68437,83719,Rhinolophus ferrumequinum,0.092,0.092,-1,Echolocation,/mnt/ubna_data_02_mir/recover-20220922/UBNA_001/20220921_090000.WAV,Telephone Field,recover-20220922,001,1795
1613.9105,1613.9491,68437,81994,Rhinolophus ferrumequinum,0.023,0.023,-1,Echolocation,/mnt/ubna_data_02_mir/recover-20220922/UBNA_001/20220921_090000.WAV,Telephone Field,recover-20220922,001,1795
1613.9245,1613.9616,68437,82422,Rhinolophus ferrumequinum,0.023,0.023,-1,Echolocation,/mnt/ubna_data_02_mir/recover-20220922/UBNA_001/20220921_090000.WAV,Telephone Field,recover-20220922,001,1795
1613.9365,1613.9754,68437,82589,Rhinolophus ferrumequinum,0.029,0.029,-1,Echolocation,/mnt/ubna_data_02_mir/recover-20220922/UBNA_001/20220921_090000.WAV,Telephone Field,recover-20220922,001,1795
1613.9525,1613.9937,68437,82360,Rhinolophus ferrumequinum,0.032,0.032,-1,Echolocation,/mnt/ubna_data_02_mir/recover-20220922/UBNA_001/20220921_090000.WAV,Telephone Field,recover-20220922,001,1795
1613.9865,1613.9958,28046,40958,Eptesicus serotinus,0.009,0.023,-1,Echolocation,/mnt/ubna_data_02_mir/recover-20220922/UBNA_001/20220921_090000.WAV,Telephone Field,recover-20220922,001,1795
1614.0015,1614.0087,26328,36610,Nyctalus leisleri,0.006,0.028,-1,Echolocation,/mnt/ubna_data_02_mir/recover-20220922/UBNA_001/20220921_090000.WAV,Telephone Field,recover-20220922,001,1795
1614.0015,1614.0075,45234,50620,Pipistrellus pipistrellus,0.018,0.023,-1,Echolocation,/mnt/ubna_data_02_mir/recover-20220922/UBNA_001/20220921_090000.WAV,Telephone Field,recover-20220922,001,1795
1614.0105,1614.0516,68437,81400,Rhinolophus ferrumequinum,0.024,0.024,-1,Echolocation,/mnt/ubna_data_02_mir/recover-20220922/UBNA_001/20220921_090000.WAV,Telephone Field,recover-20220922,001,1795
1614.0115,1614.0181,28046,38435,Eptesicus serotinus,0.006,0.027,-1,Echolocation,/mnt/ubna_data_02_mir/recover-20220922/UBNA_001/20220921_090000.WAV,Telephone Field,recover-20220922,001,1795
1614.0155,1614.0576,68437,83025,Rhinolophus ferrumequinum,0.023,0.024,-1,Echolocation,/mnt/ubna_data_02_mir/recover-20220922/UBNA_001/20220921_090000.WAV,Telephone Field,recover-20220922,001,1795
1614.0405,1614.0494,28906,38848,Eptesicus serotinus,0.008,0.023,-1,Echolocation,/mnt/ubna_data_02_mir/recover-20220922/UBNA_001/20220921_090000.WAV,Telephone Field,recover-20220922,001,1795
1614.0615,1614.1016,68437,82221,Rhinolophus ferrumequinum,0.022,0.022,-1,Echolocation,/mnt/ubna_data_02_mir/recover-20220922/UBNA_001/20220921_090000.WAV,Telephone Field,recover-20220922,001,1795
1614.0625,1614.0738,22890,28240,Nyctalus leisleri,0.011,0.023,-1,Echolocation,/mnt/ubna_data_02_mir/recover-20220922/UBNA_001/20220921_090000.WAV,Telephone Field,recover-20220922,001,1795
1614.0795,1614.1148,68437,81302,Rhinolophus ferrumequinum,0.021,0.021,-1,Echolocation,/mnt/ubna_data_02_mir/recover-20220922/UBNA_001/20220921_090000.WAV,Telephone Field,recover-20220922,001,1795
1614.0865,1614.1227,68437,81440,Rhinolophus ferrumequinum,0.022,0.022,-1,Echolocation,/mnt/ubna_data_02_mir/recover-20220922/UBNA_001/20220921_090000.WAV,Telephone Field,recover-20220922,001,1795
1614.1305,1614.1729,68437,82377,Rhinolophus ferrumequinum,0.023,0.023,-1,Echolocation,/mnt/ubna_data_02_mir/recover-20220922/UBNA_001/20220921_090000.WAV,Telephone Field,recover-20220922,001,1795
1614.2105,1614.2202,27187,33391,Eptesicus serotinus,0.019,0.049,-1,Echolocation,/mnt/ubna_data_02_mir/recover-20220922/UBNA_001/20220921_090000.WAV,Telephone Field,recover-20220922,001,1795
1614.2235,1614.2649,68437,82857,Rhinolophus ferrumequinum,0.028,0.028,-1,Echolocation,/mnt/ubna_data_02_mir/recover-20220922/UBNA_001/20220921_090000.WAV,Telephone Field,recover-20220922,001,1795
1614.2585,1614.3007,68437,82448,Rhinolophus ferrumequinum,0.022,0.022,-1,Echolocation,/mnt/ubna_data_02_mir/recover-20220922/UBNA_001/20220921_090000.WAV,Telephone Field,recover-20220922,001,1795
1614.2695,1614.3099,68437,82235,Rhinolophus ferrumequinum,0.023,0.023,-1,Echolocation,/mnt/ubna_data_02_mir/recover-20220922/UBNA_001/20220921_090000.WAV,Telephone Field,recover-20220922,001,1795
1614.2935,1614.3019,28046,37042,Eptesicus serotinus,0.008,0.022,-1,Echolocation,/mnt/ubna_data_02_mir/recover-20220922/UBNA_001/20220921_090000.WAV,Telephone Field,recover-20220922,001,1795
1614.2945,1614.3326,68437,81585,Rhinolophus ferrumequinum,0.023,0.023,-1,Echolocation,/mnt/ubna_data_02_mir/recover-20220922/UBNA_001/20220921_090000.WAV,Telephone Field,recover-20220922,001,1795
1614.3205,1614.3588,68437,81954,Rhinolophus ferrumequinum,0.021,0.022,-1,Echolocation,/mnt/ubna_data_02_mir/recover-20220922/UBNA_001/20220921_090000.WAV,Telephone Field,recover-20220922,001,1795
1614.3465,1614.3571,42656,46722,Pipistrellus pipistrellus,0.024,0.027,-1,Echolocation,/mnt/ubna_data_02_mir/recover-20220922/UBNA_001/20220921_090000.WAV,Telephone Field,recover-20220922,001,1795
1614.3775,1614.3863,28046,38138,Eptesicus serotinus,0.009,0.023,-1,Echolocation,/mnt/ubna_data_02_mir/recover-20220922/UBNA_001/20220921_090000.WAV,Telephone Field,recover-20220922,001,1795
1614.3785,1614.4199,68437,82476,Rhinolophus ferrumequinum,0.03,0.03,-1,Echolocation,/mnt/ubna_data_02_mir/recover-20220922/UBNA_001/20220921_090000.WAV,Telephone Field,recover-20220922,001,1795
1614.4045,1614.4164,22890,27106,Nyctalus leisleri,0.017,0.03,-1,Echolocation,/mnt/ubna_data_02_mir/recover-20220922/UBNA_001/20220921_090000.WAV,Telephone Field,recover-20220922,001,1795
1614.4405,1614.4821,68437,82735,Rhinolophus ferrumequinum,0.027,0.027,-1,Echolocation,/mnt/ubna_data_02_mir/recover-20220922/UBNA_001/20220921_090000.WAV,Telephone Field,recover-20220922,001,1795
1614.4475,1614.4896,68437,82706,Rhinolophus ferrumequinum,0.029,0.029,-1,Echolocation,/mnt/ubna_data_02_mir/recover-20220922/UBNA_001/20220921_090000.WAV,Telephone Field,recover-20220922,001,1795
1614.4795,1614.5191,68437,82405,Rhinolophus ferrumequinum,0.023,0.023,-1,Echolocation,/mnt/ubna_data_02_mir/recover-20220922/UBNA_001/20220921_090000.WAV,Telephone Field,recover-20220922,001,1795
1614.5085,1614.5511,68437,82742,Rhinolophus ferrumequinum,0.022,0.022,-1,Echolocation,/mnt/ubna_data_02_mir/recover-20220922/UBNA_001/20220921_090000.WAV,Telephone Field,recover-20220922,001,1795
1614.5355,1614.5442,28906,39404,Eptesicus serotinus,0.008,0.024,-1,Echolocation,/mnt/ubna_data_02_mir/recover-20220922/UBNA_001/20220921_090000.WAV,Telephone Field,recover-20220922,001,1795
1614.5615,1614.6007,68437,82080,Rhinolophus ferrumequinum,0.023,0.023,-1,Echolocation,/mnt/ubna_data_02_mir/recover-20220922/UBNA_001/20220921_090000.WAV,Telephone Field,recover-20220922,001,1795
1614.5765,1614.5827,25468,36556,Plecotus austriacus,0.012,0.031,-1,Echolocation,/mnt/ubna_data_02_mir/recover-20220922/UBNA_001/20220921_090000.WAV,Telephone Field,recover-20220922,001,1795
1614.6075,1614.6458,68437,81611,Rhinolophus ferrumequinum,0.021,0.021,-1,Echolocation,/mnt/ubna_data_02_mir/recover-20220922/UBNA_001/20220921_090000.WAV,Telephone Field,recover-20220922,001,1795
1614.6445,1614.6611,15156,18721,Nyctalus noctula,0.024,0.035,-1,Echolocation,/mnt/ubna_data_02_mir/recover-20220922/UBNA_001/20220921_090000.WAV,Telephone Field,recover-20220922,001,1795
1614.6605,1614.7002,68437,82271,Rhinolophus ferrumequinum,0.024,0.024,-1,Echolocation,/mnt/ubna_data_02_mir/recover-20220922/UBNA_001/20220921_090000.WAV,Telephone Field,recover-20220922,001,1795
1614.7115,1614.7517,68437,81816,Rhinolophus ferrumequinum,0.022,0.022,-1,Echolocation,/mnt/ubna_data_02_mir/recover-20220922/UBNA_001/20220921_090000.WAV,Telephone Field,recover-20220922,001,1795
1614.7175,1614.7575,68437,82332,Rhinolophus ferrumequinum,0.021,0.021,-1,Echolocation,/mnt/ubna_data_02_mir/recover-20220922/UBNA_001/20220921_090000.WAV,Telephone Field,recover-20220922,001,1795
1614.7285,1614.7686,68437,82469,Rhinolophus ferrumequinum,0.024,0.024,-1,Echolocation,/mnt/ubna_data_02_mir/recover-20220922/UBNA_001/20220921_090000.WAV,Telephone Field,recover-20220922,001,1795
1614.7635,1614.8026,68437,82232,Rhinolophus ferrumequinum,0.022,0.022,-1,Echolocation,/mnt/ubna_data_02_mir/recover-20220922/UBNA_001/20220921_090000.WAV,Telephone Field,recover-20220922,001,1795
1614.7645,1614.7774,23750,29059,Nyctalus leisleri,0.015,0.029,-1,Echolocation,/mnt/ubna_data_02_mir/recover-20220922/UBNA_001/20220921_090000.WAV,Telephone Field,recover-20220922,001,1795
1614.7835,1614.7941,28906,36170,Eptesicus serotinus,0.009,0.024,-1,Echolocation,/mnt/ubna_data_02_mir/recover-20220922/UBNA_001/20220921_090000.WAV,Telephone Field,recover-20220922,001,1795
1614.8595,1614.868,28046,39333,Eptesicus serotinus,0.007,0.021,-1,Echolocation,/mnt/ubna_data_02_mir/recover-20220922/UBNA_001/20220921_090000.WAV,Telephone Field,recover-20220922,001,1795
1614.8595,1614.8677,36640,42786,Barbastellus barbastellus,0.007,0.022,-1,Echolocation,/mnt/ubna_data_02_mir/recover-20220922/UBNA_001/20220921_090000.WAV,Telephone Field,recover-20220922,001,1795
1614.8845,1614.9251,68437,82518,Rhinolophus ferrumequinum,0.031,0.031,-1,Echolocation,/mnt/ubna_data_02_mir/recover-20220922/UBNA_001/20220921_090000.WAV,Telephone Field,recover-20220922,001,1795
1614.8975,1614.9058,23750,31468,Plecotus austriacus,0.008,0.023,-1,Echolocation,/mnt/ubna_data_02_mir/recover-20220922/UBNA_001/20220921_090000.WAV,Telephone Field,recover-20220922,001,1795
1614.9015,1614.9085,47812,54020,Pipistrellus pipistrellus,0.023,0.025,-1,Echolocation,/mnt/ubna_data_02_mir/recover-20220922/UBNA_001/20220921_090000.WAV,Telephone Field,recover-20220922,001,1795
1614.9445,1614.9868,68437,82279,Rhinolophus ferrumequinum,0.025,0.025,-1,Echolocation,/mnt/ubna_data_02_mir/recover-20220922/UBNA_001/20220921_090000.WAV,Telephone Field,recover-20220922,001,1795
1614.9685,1615.0077,68437,81687,Rhinolophus ferrumequinum,0.022,0.022,-1,Echolocation,/mnt/ubna_data_02_mir/recover-20220922/UBNA_001/20220921_090000.WAV,Telephone Field,recover-20220922,001,1795
1614.9755,1615.0149,68437,82220,Rhinolophus ferrumequinum,0.022,0.023,-1,Echolocation,/mnt/ubna_data_02_mir/recover-20220922/UBNA_001/20220921_090000.WAV,Telephone Field,recover-20220922,001,1795
1615.0135,1615.023,22890,29817,Plecotus austriacus,0.01,0.027,-1,Echolocation,/mnt/ubna_data_02_mir/recover-20220922/UBNA_001/20220921_090000.WAV,Telephone Field,recover-20220922,001,1795
1615.0505,1615.0904,68437,81422,Rhinolophus ferrumequinum,0.022,0.023,-1,Echolocation,/mnt/ubna_data_02_mir/recover-20220922/UBNA_001/20220921_090000.WAV,Telephone Field,recover-20220922,001,1795
1615.0875,1615.0945,50390,55551,Pipistrellus pipistrellus,0.024,0.027,-1,Echolocation,/mnt/ubna_data_02_mir/recover-20220922/UBNA_001/20220921_090000.WAV,Telephone Field,recover-20220922,001,1795
1615.0875,1615.1319,68437,83052,Rhinolophus ferrumequinum,0.039,0.039,-1,Echolocation,/mnt/ubna_data_02_mir/recover-20220922/UBNA_001/20220921_090000.WAV,Telephone Field,recover-20220922,001,1795
1615.1005,1615.1122,28046,34882,Eptesicus serotinus,0.035,0.057,-1,Echolocation,/mnt/ubna_data_02_mir/recover-20220922/UBNA_001/20220921_090000.WAV,Telephone Field,recover-20220922,001,1795
1615.1195,1615.162,68437,82531,Rhinolophus ferrumequinum,0.025,0.025,-1,Echolocation,/mnt/ubna_data_02_mir/recover-20220922/UBNA_001/20220921_090000.WAV,Telephone Field,recover-20220922,001,1795
1615.1205,1615.1333,48671,54787,Pipistrellus pipistrellus,0.031,0.035,-1,Echolocation,/mnt/ubna_data_02_mir/recover-20220922/UBNA_001/20220921_090000.WAV,Telephone Field,recover-20220922,001,1795
1615.1315,1615.1396,28046,39585,Eptesicus serotinus,0.007,0.022,-1,Echolocation,/mnt/ubna_data_02_mir/recover-20220922/UBNA_001/20220921_090000.WAV,Telephone Field,recover-20220922,001,1795
1615.1665,1615.208,68437,82690,Rhinolophus ferrumequinum,0.024,0.024,-1,Echolocation,/mnt/ubna_data_02_mir/recover-20220922/UBNA_001/20220921_090000.WAV,Telephone Field,recover-20220922,001,1795
1615.1675,1615.1781,23750,28934,Nyctalus leisleri,0.017,0.036,-1,Echolocation,/mnt/ubna_data_02_mir/recover-20220922/UBNA_001/20220921_090000.WAV,Telephone Field,recover-20220922,001,1795
1615.1885,1615.2285,68437,82547,Rhinolophus ferrumequinum,0.027,0.027,-1,Echolocation,/mnt/ubna_data_02_mir/recover-20220922/UBNA_001/20220921_090000.WAV,Telephone Field,recover-20220922,001,1795
1615.1975,1615.2361,68437,81718,Rhinolophus ferrumequinum,0.021,0.021,-1,Echolocation,/mnt/ubna_data_02_mir/recover-20220922/UBNA_001/20220921_090000.WAV,Telephone Field,recover-20220922,001,1795
1615.2265,1615.2358,28046,37859,Eptesicus serotinus,0.007,0.021,-1,Echolocation,/mnt/ubna_data_02_mir/recover-20220922/UBNA_001/20220921_090000.WAV,Telephone Field,recover-20220922,001,1795
1615.2465,1615.2545,44375,50527,Pipistrellus pipistrellus,0.02,0.025,-1,Echolocation,/mnt/ubna_data_02_mir/recover-20220922/UBNA_001/20220921_090000.WAV,Telephone Field,recover-20220922,001,1795
1615.2705,1615.3072,68437,81975,Rhinolophus ferrumequinum,0.022,0.022,-1,Echolocation,/mnt/ubna_data_02_mir/recover-20220922/UBNA_001/20220921_090000.WAV,Telephone Field,recover-20220922,001,1795
1615.2815,1615.3199,68437,82367,Rhinolophus ferrumequinum,0.022,0.022,-1,Echolocation,/mnt/ubna_data_02_mir/recover-20220922/UBNA_001/20220921_090000.WAV,Telephone Field,recover-20220922,001,1795
1615.2955,1615.3025,28046,39946,Eptesicus serotinus,0.009,0.031,-1,Echolocation,/mnt/ubna_data_02_mir/recover-20220922/UBNA_001/20220921_090000.WAV,Telephone Field,recover-20220922,001,1795
1615.3035,1615.3403,68437,82155,Rhinolophus ferrumequinum,0.024,0.024,-1,Echolocation,/mnt/ubna_data_02_mir/recover-20220922/UBNA_001/20220921_090000.WAV,Telephone Field,recover-20220922,001,1795
1615.3235,1615.3643,68437,81993,Rhinolophus ferrumequinum,0.022,0.022,-1,Echolocation,/mnt/ubna_data_02_mir/recover-20220922/UBNA_001/20220921_090000.WAV,Telephone Field,recover-20220922,001,1795
1615.3315,1615.3707,68437,82088,Rhinolophus ferrumequinum,0.023,0.023,-1,Echolocation,/mnt/ubna_data_02_mir/recover-20220922/UBNA_001/20220921_090000.WAV,Telephone Field,recover-20220922,001,1795
1615.3565,1615.3923,68437,81187,Rhinolophus ferrumequinum,0.022,0.022,-1,Echolocation,/mnt/ubna_data_02_mir/recover-20220922/UBNA_001/20220921_090000.WAV,Telephone Field,recover-20220922,001,1795
1615.3645,1615.4039,68437,82376,Rhinolophus ferrumequinum,0.023,0.023,-1,Echolocation,/mnt/ubna_data_02_mir/recover-20220922/UBNA_001/20220921_090000.WAV,Telephone Field,recover-20220922,001,1795
1615.3995,1615.4076,26328,34703,Eptesicus serotinus,0.007,0.022,-1,Echolocation,/mnt/ubna_data_02_mir/recover-20220922/UBNA_001/20220921_090000.WAV,Telephone Field,recover-20220922,001,1795
1615.4095,1615.4475,68437,81442,Rhinolophus ferrumequinum,0.021,0.021,-1,Echolocation,/mnt/ubna_data_02_mir/recover-20220922/UBNA_001/20220921_090000.WAV,Telephone Field,recover-20220922,001,1795
1615.4165,1615.4517,68437,81270,Rhinolophus ferrumequinum,0.022,0.022,-1,Echolocation,/mnt/ubna_data_02_mir/recover-20220922/UBNA_001/20220921_090000.WAV,Telephone Field,recover-20220922,001,1795
1615.4285,1615.4643,68437,81042,Rhinolophus ferrumequinum,0.022,0.022,-1,Echolocation,/mnt/ubna_data_02_mir/recover-20220922/UBNA_001/20220921_090000.WAV,Telephone Field,recover-20220922,001,1795
1615.4715,1615.5083,68437,81244,Rhinolophus ferrumequinum,0.025,0.025,-1,Echolocation,/mnt/ubna_data_02_mir/recover-20220922/UBNA_001/20220921_090000.WAV,Telephone Field,recover-20220922,001,1795
1615.5265,1615.5364,27187,35597,Eptesicus serotinus,0.013,0.027,-1,Echolocation,/mnt/ubna_data_02_mir/recover-20220922/UBNA_001/20220921_090000.WAV,Telephone Field,recover-20220922,001,1795
1615.5615,1615.6,68437,82203,Rhinolophus ferrumequinum,0.022,0.022,-1,Echolocation,/mnt/ubna_data_02_mir/recover-20220922/UBNA_001/20220921_090000.WAV,Telephone Field,recover-20220922,001,1795
1615.5815,1615.6209,68437,82559,Rhinolophus ferrumequinum,0.022,0.022,-1,Echolocation,/mnt/ubna_data_02_mir/recover-20220922/UBNA_001/20220921_090000.WAV,Telephone Field,recover-20220922,001,1795
1615.6145,1615.6237,45234,50086,Pipistrellus pipistrellus,0.021,0.023,-1,Echolocation,/mnt/ubna_data_02_mir/recover-20220922/UBNA_001/20220921_090000.WAV,Telephone Field,recover-20220922,001,1795
1615.6425,1615.6814,68437,81955,Rhinolophus ferrumequinum,0.024,0.024,-1,Echolocation,/mnt/ubna_data_02_mir/recover-20220922/UBNA_001/20220921_090000.WAV,Telephone Field,recover-20220922,001,1795
1615.6745,1615.6849,23750,30098,Nyctalus leisleri,0.01,0.026,-1,Echolocation,/mnt/ubna_data_02_mir/recover-20220922/UBNA_001/20220921_090000.WAV,Telephone Field,recover-20220922,001,1795
1615.7005,1615.7382,68437,81427,Rhinolophus ferrumequinum,0.024,0.024,-1,Echolocation,/mnt/ubna_data_02_mir/recover-20220922/UBNA_001/20220921_090000.WAV,Telephone Field,recover-20220922,001,1795
1615.7715,1615.8082,68437,81401,Rhinolophus ferrumequinum,0.022,0.022,-1,Echolocation,/mnt/ubna_data_02_mir/recover-20220922/UBNA_001/20220921_090000.WAV,Telephone Field,recover-20220922,001,1795
1615.7865,1615.8291,68437,82630,Rhinolophus ferrumequinum,0.03,0.03,-1,Echolocation,/mnt/ubna_data_02_mir/recover-20220922/UBNA_001/20220921_090000.WAV,Telephone Field,recover-20220922,001,1795
1615.8365,1615.8491,24609,30208,Nyctalus leisleri,0.016,0.035,-1,Echolocation,/mnt/ubna_data_02_mir/recover-20220922/UBNA_001/20220921_090000.WAV,Telephone Field,recover-20220922,001,1795
1615.8485,1615.8855,68437,82254,Rhinolophus ferrumequinum,0.028,0.028,-1,Echolocation,/mnt/ubna_data_02_mir/recover-20220922/UBNA_001/20220921_090000.WAV,Telephone Field,recover-20220922,001,1795
1615.8525,1615.8629,43515,47252,Pipistrellus pipistrellus,0.021,0.022,-1,Echolocation,/mnt/ubna_data_02_mir/recover-20220922/UBNA_001/20220921_090000.WAV,Telephone Field,recover-20220922,001,1795
1615.9125,1615.9484,68437,81122,Rhinolophus ferrumequinum,0.022,0.022,-1,Echolocation,/mnt/ubna_data_02_mir/recover-20220922/UBNA_001/20220921_090000.WAV,Telephone Field,recover-20220922,001,1795
1615.9485,1615.9869,68437,82083,Rhinolophus ferrumequinum,0.022,0.023,-1,Echolocation,/mnt/ubna_data_02_mir/recover-20220922/UBNA_001/20220921_090000.WAV,Telephone Field,recover-20220922,001,1795
1615.9765,1615.982,37500,59046,Myotis mystacinus,0.006,0.024,-1,Echolocation,/mnt/ubna_data_02_mir/recover-20220922/UBNA_001/20220921_090000.WAV,Telephone Field,recover-20220922,001,1795
1615.9795,1615.9863,27187,38534,Eptesicus serotinus,0.013,0.05,-1,Echolocation,/mnt/ubna_data_02_mir/recover-20220922/UBNA_001/20220921_090000.WAV,Telephone Field,recover-20220922,001,1795
1615.9875,1615.9983,22890,29073,Nyctalus leisleri,0.009,0.023,-1,Echolocation,/mnt/ubna_data_02_mir/recover-20220922/UBNA_001/20220921_090000.WAV,Telephone Field,recover-20220922,001,1795
1616.0015,1616.0123,23750,29855,Nyctalus leisleri,0.017,0.037,-1,Echolocation,/mnt/ubna_data_02_mir/recover-20220922/UBNA_001/20220921_090000.WAV,Telephone Field,recover-20220922,001,1795
1616.0015,1616.0124,48671,52871,Pipistrellus pipistrellus,0.041,0.051,-1,Echolocation,/mnt/ubna_data_02_mir/recover-20220922/UBNA_001/20220921_090000.WAV,Telephone Field,recover-20220922,001,1795
1616.0015,1616.034,68437,79413,Rhinolophus ferrumequinum,0.03,0.031,-1,Echolocation,/mnt/ubna_data_02_mir/recover-20220922/UBNA_001/20220921_090000.WAV,Telephone Field,recover-20220922,001,1795
1616.0105,1616.0523,68437,82463,Rhinolophus ferrumequinum,0.023,0.023,-1,Echolocation,/mnt/ubna_data_02_mir/recover-20220922/UBNA_001/20220921_090000.WAV,Telephone Field,recover-20220922,001,1795
1616.0305,1616.0392,27187,39142,Eptesicus serotinus,0.009,0.026,-1,Echolocation,/mnt/ubna_data_02_mir/recover-20220922/UBNA_001/20220921_090000.WAV,Telephone Field,recover-20220922,001,1795
1616.0675,1616.0777,22890,28421,Nyctalus leisleri,0.011,0.024,-1,Echolocation,/mnt/ubna_data_02_mir/recover-20220922/UBNA_001/20220921_090000.WAV,Telephone Field,recover-20220922,001,1795
1616.0775,1616.1195,68437,83346,Rhinolophus ferrumequinum,0.048,0.048,-1,Echolocation,/mnt/ubna_data_02_mir/recover-20220922/UBNA_001/20220921_090000.WAV,Telephone Field,recover-20220922,001,1795
1616.1215,1616.1307,27187,36897,Eptesicus serotinus,0.01,0.023,-1,Echolocation,/mnt/ubna_data_02_mir/recover-20220922/UBNA_001/20220921_090000.WAV,Telephone Field,recover-20220922,001,1795
1616.1455,1616.1887,68437,82974,Rhinolophus ferrumequinum,0.068,0.068,-1,Echolocation,/mnt/ubna_data_02_mir/recover-20220922/UBNA_001/20220921_090000.WAV,Telephone Field,recover-20220922,001,1795
1616.1725,1616.2119,68437,81849,Rhinolophus ferrumequinum,0.023,0.023,-1,Echolocation,/mnt/ubna_data_02_mir/recover-20220922/UBNA_001/20220921_090000.WAV,Telephone Field,recover-20220922,001,1795
1616.2205,1616.2325,41796,47841,Pipistrellus nathusii,0.015,0.039,-1,Echolocation,/mnt/ubna_data_02_mir/recover-20220922/UBNA_001/20220921_090000.WAV,Telephone Field,recover-20220922,001,1795
1616.2455,1616.286,68437,82834,Rhinolophus ferrumequinum,0.029,0.029,-1,Echolocation,/mnt/ubna_data_02_mir/recover-20220922/UBNA_001/20220921_090000.WAV,Telephone Field,recover-20220922,001,1795
1616.2905,1616.3307,68437,82906,Rhinolophus ferrumequinum,0.035,0.035,-1,Echolocation,/mnt/ubna_data_02_mir/recover-20220922/UBNA_001/20220921_090000.WAV,Telephone Field,recover-20220922,001,1795
1616.3345,1616.3438,23750,31766,Nyctalus leisleri,0.006,0.023,-1,Echolocation,/mnt/ubna_data_02_mir/recover-20220922/UBNA_001/20220921_090000.WAV,Telephone Field,recover-20220922,001,1795
1616.3515,1616.3608,28046,36404,Eptesicus serotinus,0.009,0.023,-1,Echolocation,/mnt/ubna_data_02_mir/recover-20220922/UBNA_001/20220921_090000.WAV,Telephone Field,recover-20220922,001,1795
1616.3545,1616.3647,22890,29034,Nyctalus leisleri,0.009,0.024,-1,Echolocation,/mnt/ubna_data_02_mir/recover-20220922/UBNA_001/20220921_090000.WAV,Telephone Field,recover-20220922,001,1795
1616.3555,1616.3969,68437,82147,Rhinolophus ferrumequinum,0.031,0.031,-1,Echolocation,/mnt/ubna_data_02_mir/recover-20220922/UBNA_001/20220921_090000.WAV,Telephone Field,recover-20220922,001,1795
1616.3635,1616.4037,68437,82563,Rhinolophus ferrumequinum,0.027,0.027,-1,Echolocation,/mnt/ubna_data_02_mir/recover-20220922/UBNA_001/20220921_090000.WAV,Telephone Field,recover-20220922,001,1795
1616.3825,1616.3926,16015,23248,Nyctalus noctula,0.011,0.023,-1,Echolocation,/mnt/ubna_data_02_mir/recover-20220922/UBNA_001/20220921_090000.WAV,Telephone Field,recover-20220922,001,1795
1616.3905,1616.4278,68437,81926,Rhinolophus ferrumequinum,0.023,0.023,-1,Echolocation,/mnt/ubna_data_02_mir/recover-20220922/UBNA_001/20220921_090000.WAV,Telephone Field,recover-20220922,001,1795
1616.4125,1616.4551,68437,82539,Rhinolophus ferrumequinum,0.034,0.034,-1,Echolocation,/mnt/ubna_data_02_mir/recover-20220922/UBNA_001/20220921_090000.WAV,Telephone Field,recover-20220922,001,1795
1616.4385,1616.4464,28046,39343,Eptesicus serotinus,0.008,0.025,-1,Echolocation,/mnt/ubna_data_02_mir/recover-20220922/UBNA_001/20220921_090000.WAV,Telephone Field,recover-20220922,001,1795
1616.5085,1616.5457,68437,81556,Rhinolophus ferrumequinum,0.023,0.024,-1,Echolocation,/mnt/ubna_data_02_mir/recover-20220922/UBNA_001/20220921_090000.WAV,Telephone Field,recover-20220922,001,1795
1616.5285,1616.5706,68437,83225,Rhinolophus ferrumequinum,0.04,0.04,-1,Echolocation,/mnt/ubna_data_02_mir/recover-20220922/UBNA_001/20220921_090000.WAV,Telephone Field,recover-20220922,001,1795
1616.5375,1616.5485,23750,29413,Nyctalus leisleri,0.012,0.027,-1,Echolocation,/mnt/ubna_data_02_mir/recover-20220922/UBNA_001/20220921_090000.WAV,Telephone Field,recover-20220922,001,1795
1616.6095,1616.6468,68437,81827,Rhinolophus ferrumequinum,0.024,0.024,-1,Echolocation,/mnt/ubna_data_02_mir/recover-20220922/UBNA_001/20220921_090000.WAV,Telephone Field,recover-20220922,001,1795
1616.6095,1616.6161,48671,52512,Pipistrellus pipistrellus,0.024,0.025,-1,Echolocation,/mnt/ubna_data_02_mir/recover-20220922/UBNA_001/20220921_090000.WAV,Telephone Field,recover-20220922,001,1795
1616.6225,1616.6612,68437,81631,Rhinolophus ferrumequinum,0.028,0.028,-1,Echolocation,/mnt/ubna_data_02_mir/recover-20220922/UBNA_001/20220921_090000.WAV,Telephone Field,recover-20220922,001,1795
1616.7515,1616.7936,68437,82925,Rhinolophus ferrumequinum,0.024,0.024,-1,Echolocation,/mnt/ubna_data_02_mir/recover-20220922/UBNA_001/20220921_090000.WAV,Telephone Field,recover-20220922,001,1795
1616.7575,1616.799,68437,83093,Rhinolophus ferrumequinum,0.025,0.025,-1,Echolocation,/mnt/ubna_data_02_mir/recover-20220922/UBNA_001/20220921_090000.WAV,Telephone Field,recover-20220922,001,1795
1616.7585,1616.7679,28046,37024,Eptesicus serotinus,0.01,0.025,-1,Echolocation,/mnt/ubna_data_02_mir/recover-20220922/UBNA_001/20220921_090000.WAV,Telephone Field,recover-20220922,001,1795
1616.7805,1616.8239,68437,83186,Rhinolophus ferrumequinum,0.034,0.034,-1,Echolocation,/mnt/ubna_data_02_mir/recover-20220922/UBNA_001/20220921_090000.WAV,Telephone Field,recover-20220922,001,1795
1616.8055,1616.8159,28046,35444,Eptesicus serotinus,0.012,0.024,-1,Echolocation,/mnt/ubna_data_02_mir/recover-20220922/UBNA_001/20220921_090000.WAV,Telephone Field,recover-20220922,001,1795
1616.8345,1616.8718,68437,82031,Rhinolophus ferrumequinum,0.025,0.025,-1,Echolocation,/mnt/ubna_data_02_mir/recover-20220922/UBNA_001/20220921_090000.WAV,Telephone Field,recover-20220922,001,1795
1616.8765,1616.8866,23750,29582,Nyctalus leisleri,0.01,0.024,-1,Echolocation,/mnt/ubna_data_02_mir/recover-20220922/UBNA_001/20220921_090000.WAV,Telephone Field,recover-20220922,001,1795
1616.9005,1616.9392,68437,82257,Rhinolophus ferrumequinum,0.024,0.024,-1,Echolocation,/mnt/ubna_data_02_mir/recover-20220922/UBNA_001/20220921_090000.WAV,Telephone Field,recover-20220922,001,1795
1616.9085,1616.9477,68437,81721,Rhinolophus ferrumequinum,0.029,0.029,-1,Echolocation,/mnt/ubna_data_02_mir/recover-20220922/UBNA_001/20220921_090000.WAV,Telephone Field,recover-20220922,001,1795
1616.9115,1616.9207,26328,35111,Eptesicus serotinus,0.025,0.065,-1,Echolocation,/mnt/ubna_data_02_mir/recover-20220922/UBNA_001/20220921_090000.WAV,Telephone Field,recover-20220922,001,1795
1616.9285,1616.9384,48671,52089,Pipistrellus pipistrellus,0.04,0.045,-1,Echolocation,/mnt/ubna_data_02_mir/recover-20220922/UBNA_001/20220921_090000.WAV,Telephone Field,recover-20220922,001,1795
1616.9545,1616.992,68437,81591,Rhinolophus ferrumequinum,0.023,0.023,-1,Echolocation,/mnt/ubna_data_02_mir/recover-20220922/UBNA_001/20220921_090000.WAV,Telephone Field,recover-20220922,001,1795
1616.9675,1617.0065,68437,82269,Rhinolophus ferrumequinum,0.025,0.025,-1,Echolocation,/mnt/ubna_data_02_mir/recover-20220922/UBNA_001/20220921_090000.WAV,Telephone Field,recover-20220922,001,1795
1616.9885,1617.0296,68437,82473,Rhinolophus ferrumequinum,0.03,0.03,-1,Echolocation,/mnt/ubna_data_02_mir/recover-20220922/UBNA_001/20220921_090000.WAV,Telephone Field,recover-20220922,001,1795
1617.0065,1617.0436,68437,82067,Rhinolophus ferrumequinum,0.028,0.028,-1,Echolocation,/mnt/ubna_data_02_mir/recover-20220922/UBNA_001/20220921_090000.WAV,Telephone Field,recover-20220922,001,1795
1617.0665,1617.0768,25468,32074,Eptesicus serotinus,0.009,0.023,-1,Echolocation,/mnt/ubna_data_02_mir/recover-20220922/UBNA_001/20220921_090000.WAV,Telephone Field,recover-20220922,001,1795
1617.0845,1617.1265,68437,82466,Rhinolophus ferrumequinum,0.025,0.025,-1,Echolocation,/mnt/ubna_data_02_mir/recover-20220922/UBNA_001/20220921_090000.WAV,Telephone Field,recover-20220922,001,1795
1617.1195,1617.1576,68437,82464,Rhinolophus ferrumequinum,0.023,0.023,-1,Echolocation,/mnt/ubna_data_02_mir/recover-20220922/UBNA_001/20220921_090000.WAV,Telephone Field,recover-20220922,001,1795
1617.1235,1617.1323,28906,38705,Eptesicus serotinus,0.009,0.024,-1,Echolocation,/mnt/ubna_data_02_mir/recover-20220922/UBNA_001/20220921_090000.WAV,Telephone Field,recover-20220922,001,1795
1617.1345,1617.1709,68437,82428,Rhinolophus ferrumequinum,0.023,0.023,-1,Echolocation,/mnt/ubna_data_02_mir/recover-20220922/UBNA_001/20220921_090000.WAV,Telephone Field,recover-20220922,001,1795
1617.1455,1617.1527,27187,37909,Eptesicus serotinus,0.006,0.023,-1,Echolocation,/mnt/ubna_data_02_mir/recover-20220922/UBNA_001/20220921_090000.WAV,Telephone Field,recover-20220922,001,1795
1617.1545,1617.1965,68437,83325,Rhinolophus ferrumequinum,0.039,0.039,-1,Echolocation,/mnt/ubna_data_02_mir/recover-20220922/UBNA_001/20220921_090000.WAV,Telephone Field,recover-20220922,001,1795
1617.1725,1617.2097,68437,81964,Rhinolophus ferrumequinum,0.025,0.025,-1,Echolocation,/mnt/ubna_data_02_mir/recover-20220922/UBNA_001/20220921_090000.WAV,Telephone Field,recover-20220922,001,1795
1617.1975,1617.2048,37500,43491,Barbastellus barbastellus,0.024,0.035,-1,Echolocation,/mnt/ubna_data_02_mir/recover-20220922/UBNA_001/20220921_090000.WAV,Telephone Field,recover-20220922,001,1795
1617.1995,1617.207,27187,37418,Eptesicus serotinus,0.008,0.024,-1,Echolocation,/mnt/ubna_data_02_mir/recover-20220922/UBNA_001/20220921_090000.WAV,Telephone Field,recover-20220922,001,1795
1617.2525,1617.2897,68437,82349,Rhinolophus ferrumequinum,0.024,0.024,-1,Echolocation,/mnt/ubna_data_02_mir/recover-20220922/UBNA_001/20220921_090000.WAV,Telephone Field,recover-20220922,001,1795
1617.2715,1617.3115,68437,82607,Rhinolophus ferrumequinum,0.028,0.028,-1,Echolocation,/mnt/ubna_data_02_mir/recover-20220922/UBNA_001/20220921_090000.WAV,Telephone Field,recover-20220922,001,1795
1617.2805,1617.2871,26328,36023,Plecotus auritus,0.009,0.033,-1,Echolocation,/mnt/ubna_data_02_mir/recover-20220922/UBNA_001/20220921_090000.WAV,Telephone Field,recover-20220922,001,1795
1617.2955,1617.3358,68437,82384,Rhinolophus ferrumequinum,0.023,0.023,-1,Echolocation,/mnt/ubna_data_02_mir/recover-20220922/UBNA_001/20220921_090000.WAV,Telephone Field,recover-20220922,001,1795
1617.3035,1617.3422,68437,82430,Rhinolophus ferrumequinum,0.024,0.025,-1,Echolocation,/mnt/ubna_data_02_mir/recover-20220922/UBNA_001/20220921_090000.WAV,Telephone Field,recover-20220922,001,1795
1617.3215,1617.3286,14296,26562,Plecotus auritus,0.023,0.031,-1,Echolocation,/mnt/ubna_data_02_mir/recover-20220922/UBNA_001/20220921_090000.WAV,Telephone Field,recover-20220922,001,1795
1617.3215,1617.3304,28046,35888,Eptesicus serotinus,0.01,0.026,-1,Echolocation,/mnt/ubna_data_02_mir/recover-20220922/UBNA_001/20220921_090000.WAV,Telephone Field,recover-20220922,001,1795
1617.3235,1617.362,68437,82152,Rhinolophus ferrumequinum,0.026,0.026,-1,Echolocation,/mnt/ubna_data_02_mir/recover-20220922/UBNA_001/20220921_090000.WAV,Telephone Field,recover-20220922,001,1795
1617.3485,1617.3882,68437,82596,Rhinolophus ferrumequinum,0.024,0.024,-1,Echolocation,/mnt/ubna_data_02_mir/recover-20220922/UBNA_001/20220921_090000.WAV,Telephone Field,recover-20220922,001,1795
1617.3535,1617.3695,15156,20905,Nyctalus noctula,0.018,0.024,-1,Echolocation,/mnt/ubna_data_02_mir/recover-20220922/UBNA_001/20220921_090000.WAV,Telephone Field,recover-20220922,001,1795
1617.3705,1617.4045,68437,80497,Rhinolophus ferrumequinum,0.025,0.025,-1,Echolocation,/mnt/ubna_data_02_mir/recover-20220922/UBNA_001/20220921_090000.WAV,Telephone Field,recover-20220922,001,1795
1617.3915,1617.4312,68437,82102,Rhinolophus ferrumequinum,0.024,0.024,-1,Echolocation,/mnt/ubna_data_02_mir/recover-20220922/UBNA_001/20220921_090000.WAV,Telephone Field,recover-20220922,001,1795
1617.3925,1617.4033,27187,35691,Eptesicus serotinus,0.01,0.024,-1,Echolocation,/mnt/ubna_data_02_mir/recover-20220922/UBNA_001/20220921_090000.WAV,Telephone Field,recover-20220922,001,1795
1617.4045,1617.4174,27187,33564,Eptesicus serotinus,0.012,0.026,-1,Echolocation,/mnt/ubna_data_02_mir/recover-20220922/UBNA_001/20220921_090000.WAV,Telephone Field,recover-20220922,001,1795
1617.4135,1617.45,68437,82383,Rhinolophus ferrumequinum,0.025,0.025,-1,Echolocation,/mnt/ubna_data_02_mir/recover-20220922/UBNA_001/20220921_090000.WAV,Telephone Field,recover-20220922,001,1795
1617.4265,1617.4483,17734,21129,Nyctalus noctula,0.022,0.032,-1,Echolocation,/mnt/ubna_data_02_mir/recover-20220922/UBNA_001/20220921_090000.WAV,Telephone Field,recover-20220922,001,1795
1617.4375,1617.4445,28046,39615,Eptesicus serotinus,0.008,0.03,-1,Echolocation,/mnt/ubna_data_02_mir/recover-20220922/UBNA_001/20220921_090000.WAV,Telephone Field,recover-20220922,001,1795
1617.4655,1617.506,68437,82382,Rhinolophus ferrumequinum,0.023,0.023,-1,Echolocation,/mnt/ubna_data_02_mir/recover-20220922/UBNA_001/20220921_090000.WAV,Telephone Field,recover-20220922,001,1795
1617.4855,1617.524,68437,82353,Rhinolophus ferrumequinum,0.025,0.025,-1,Echolocation,/mnt/ubna_data_02_mir/recover-20220922/UBNA_001/20220921_090000.WAV,Telephone Field,recover-20220922,001,1795
1617.4905,1617.4976,28046,40342,Eptesicus serotinus,0.007,0.027,-1,Echolocation,/mnt/ubna_data_02_mir/recover-20220922/UBNA_001/20220921_090000.WAV,Telephone Field,recover-20220922,001,1795
1617.5245,1617.5646,68437,82546,Rhinolophus ferrumequinum,0.024,0.024,-1,Echolocation,/mnt/ubna_data_02_mir/recover-20220922/UBNA_001/20220921_090000.WAV,Telephone Field,recover-20220922,001,1795
1617.5315,1617.5737,68437,82623,Rhinolophus ferrumequinum,0.028,0.028,-1,Echolocation,/mnt/ubna_data_02_mir/recover-20220922/UBNA_001/20220921_090000.WAV,Telephone Field,recover-20220922,001,1795
1617.5385,1617.5461,22890,31128,Plecotus austriacus,0.012,0.025,-1,Echolocation,/mnt/ubna_data_02_mir/recover-20220922/UBNA_001/20220921_090000.WAV,Telephone Field,recover-20220922,001,1795
1617.6105,1617.6495,68437,82463,Rhinolophus ferrumequinum,0.026,0.026,-1,Echolocation,/mnt/ubna_data_02_mir/recover-20220922/UBNA_001/20220921_090000.WAV,Telephone Field,recover-20220922,001,1795
1617.6355,1617.6765,68437,83019,Rhinolophus ferrumequinum,0.027,0.027,-1,Echolocation,/mnt/ubna_data_02_mir/recover-20220922/UBNA_001/20220921_090000.WAV,Telephone Field,recover-20220922,001,1795
1617.6445,1617.6524,37500,42185,Barbastellus barbastellus,0.014,0.026,-1,Echolocation,/mnt/ubna_data_02_mir/recover-20220922/UBNA_001/20220921_090000.WAV,Telephone Field,recover-20220922,001,1795
1617.6565,1617.6922,68437,81858,Rhinolophus ferrumequinum,0.032,0.032,-1,Echolocation,/mnt/ubna_data_02_mir/recover-20220922/UBNA_001/20220921_090000.WAV,Telephone Field,recover-20220922,001,1795
1617.6965,1617.7084,22031,26681,Nyctalus leisleri,0.014,0.026,-1,Echolocation,/mnt/ubna_data_02_mir/recover-20220922/UBNA_001/20220921_090000.WAV,Telephone Field,recover-20220922,001,1795
1617.6965,1617.738,68437,82747,Rhinolophus ferrumequinum,0.028,0.028,-1,Echolocation,/mnt/ubna_data_02_mir/recover-20220922/UBNA_001/20220921_090000.WAV,Telephone Field,recover-20220922,001,1795
1617.7285,1617.7659,68437,81592,Rhinolophus ferrumequinum,0.023,0.023,-1,Echolocation,/mnt/ubna_data_02_mir/recover-20220922/UBNA_001/20220921_090000.WAV,Telephone Field,recover-20220922,001,1795
1617.7345,1617.7429,28046,38346,Eptesicus serotinus,0.008,0.023,-1,Echolocation,/mnt/ubna_data_02_mir/recover-20220922/UBNA_001/20220921_090000.WAV,Telephone Field,recover-20220922,001,1795
1617.7575,1617.7971,68437,82455,Rhinolophus ferrumequinum,0.025,0.025,-1,Echolocation,/mnt/ubna_data_02_mir/recover-20220922/UBNA_001/20220921_090000.WAV,Telephone Field,recover-20220922,001,1795
1617.8335,1617.8473,23750,27961,Nyctalus leisleri,0.024,0.04,-1,Echolocation,/mnt/ubna_data_02_mir/recover-20220922/UBNA_001/20220921_090000.WAV,Telephone Field,recover-20220922,001,1795
1617.8565,1617.8665,29765,38311,Eptesicus serotinus,0.008,0.023,-1,Echolocation,/mnt/ubna_data_02_mir/recover-20220922/UBNA_001/20220921_090000.WAV,Telephone Field,recover-20220922,001,1795
1617.8725,1617.9108,68437,82138,Rhinolophus ferrumequinum,0.026,0.026,-1,Echolocation,/mnt/ubna_data_02_mir/recover-20220922/UBNA_001/20220921_090000.WAV,Telephone Field,recover-20220922,001,1795
1617.9325,1617.975,68437,83112,Rhinolophus ferrumequinum,0.031,0.031,-1,Echolocation,/mnt/ubna_data_02_mir/recover-20220922/UBNA_001/20220921_090000.WAV,Telephone Field,recover-20220922,001,1795
1617.9525,1617.9937,68437,83023,Rhinolophus ferrumequinum,0.024,0.024,-1,Echolocation,/mnt/ubna_data_02_mir/recover-20220922/UBNA_001/20220921_090000.WAV,Telephone Field,recover-20220922,001,1795
1618.0015,1618.0097,22890,30748,Nyctalus leisleri,0.007,0.025,-1,Echolocation,/mnt/ubna_data_02_mir/recover-20220922/UBNA_001/20220921_090000.WAV,Telephone Field,recover-20220922,001,1795
1618.0015,1618.0129,17734,23784,Nyctalus noctula,0.008,0.024,-1,Echolocation,/mnt/ubna_data_02_mir/recover-20220922/UBNA_001/20220921_090000.WAV,Telephone Field,recover-20220922,001,1795
1618.0015,1618.0367,68437,80344,Rhinolophus ferrumequinum,0.049,0.049,-1,Echolocation,/mnt/ubna_data_02_mir/recover-20220922/UBNA_001/20220921_090000.WAV,Telephone Field,recover-20220922,001,1795
1618.0015,1618.0088,29765,40978,Myotis daubentonii,0.006,0.024,-1,Echolocation,/mnt/ubna_data_02_mir/recover-20220922/UBNA_001/20220921_090000.WAV,Telephone Field,recover-20220922,001,1795
1618.0085,1618.0511,68437,82938,Rhinolophus ferrumequinum,0.024,0.024,-1,Echolocation,/mnt/ubna_data_02_mir/recover-20220922/UBNA_001/20220921_090000.WAV,Telephone Field,recover-20220922,001,1795
1618.0285,1618.0663,68437,81206,Rhinolophus ferrumequinum,0.031,0.032,-1,Echolocation,/mnt/ubna_data_02_mir/recover-20220922/UBNA_001/20220921_090000.WAV,Telephone Field,recover-20220922,001,1795
1618.0355,1618.0461,22031,27246,Nyctalus leisleri,0.011,0.024,-1,Echolocation,/mnt/ubna_data_02_mir/recover-20220922/UBNA_001/20220921_090000.WAV,Telephone Field,recover-20220922,001,1795
1618.0535,1618.0932,68437,82599,Rhinolophus ferrumequinum,0.022,0.022,-1,Echolocation,/mnt/ubna_data_02_mir/recover-20220922/UBNA_001/20220921_090000.WAV,Telephone Field,recover-20220922,001,1795
1618.0765,1618.1139,68437,81763,Rhinolophus ferrumequinum,0.022,0.022,-1,Echolocation,/mnt/ubna_data_02_mir/recover-20220922/UBNA_001/20220921_090000.WAV,Telephone Field,recover-20220922,001,1795
1618.0885,1618.099,25468,33172,Eptesicus serotinus,0.011,0.023,-1,Echolocation,/mnt/ubna_data_02_mir/recover-20220922/UBNA_001/20220921_090000.WAV,Telephone Field,recover-20220922,001,1795
1618.1045,1618.1452,68437,83223,Rhinolophus ferrumequinum,0.024,0.024,-1,Echolocation,/mnt/ubna_data_02_mir/recover-20220922/UBNA_001/20220921_090000.WAV,Telephone Field,recover-20220922,001,1795
1618.1435,1618.1842,68437,82398,Rhinolophus ferrumequinum,0.022,0.022,-1,Echolocation,/mnt/ubna_data_02_mir/recover-20220922/UBNA_001/20220921_090000.WAV,Telephone Field,recover-20220922,001,1795
1618.1475,1618.1598,25468,30894,Eptesicus serotinus,0.01,0.026,-1,Echolocation,/mnt/ubna_data_02_mir/recover-20220922/UBNA_001/20220921_090000.WAV,Telephone Field,recover-20220922,001,1795
1618.1655,1618.2092,68437,83404,Rhinolophus ferrumequinum,0.027,0.027,-1,Echolocation,/mnt/ubna_data_02_mir/recover-20220922/UBNA_001/20220921_090000.WAV,Telephone Field,recover-20220922,001,1795
1618.1745,1618.182,28906,40207,Eptesicus serotinus,0.007,0.024,-1,Echolocation,/mnt/ubna_data_02_mir/recover-20220922/UBNA_001/20220921_090000.WAV,Telephone Field,recover-20220922,001,1795
1618.2045,1618.2135,35781,41259,Barbastellus barbastellus,0.013,0.03,-1,Echolocation,/mnt/ubna_data_02_mir/recover-20220922/UBNA_001/20220921_090000.WAV,Telephone Field,recover-20220922,001,1795
1618.2195,1618.2574,68437,81748,Rhinolophus ferrumequinum,0.027,0.027,-1,Echolocation,/mnt/ubna_data_02_mir/recover-20220922/UBNA_001/20220921_090000.WAV,Telephone Field,recover-20220922,001,1795
1618.2315,1618.2691,68437,81821,Rhinolophus ferrumequinum,0.022,0.022,-1,Echolocation,/mnt/ubna_data_02_mir/recover-20220922/UBNA_001/20220921_090000.WAV,Telephone Field,recover-20220922,001,1795
1618.2585,1618.3018,68437,83524,Rhinolophus ferrumequinum,0.038,0.038,-1,Echolocation,/mnt/ubna_data_02_mir/recover-20220922/UBNA_001/20220921_090000.WAV,Telephone Field,recover-20220922,001,1795
1618.2995,1618.3409,68437,83719,Rhinolophus ferrumequinum,0.025,0.025,-1,Echolocation,/mnt/ubna_data_02_mir/recover-20220922/UBNA_001/20220921_090000.WAV,Telephone Field,recover-20220922,001,1795
1618.3135,1618.3525,68437,82424,Rhinolophus ferrumequinum,0.024,0.024,-1,Echolocation,/mnt/ubna_data_02_mir/recover-20220922/UBNA_001/20220921_090000.WAV,Telephone Field,recover-20220922,001,1795
1618.3165,1618.3248,28046,37491,Eptesicus serotinus,0.007,0.022,-1,Echolocation,/mnt/ubna_data_02_mir/recover-20220922/UBNA_001/20220921_090000.WAV,Telephone Field,recover-20220922,001,1795
1618.3435,1618.3516,14296,27081,Plecotus auritus,0.017,0.022,-1,Echolocation,/mnt/ubna_data_02_mir/recover-20220922/UBNA_001/20220921_090000.WAV,Telephone Field,recover-20220922,001,1795
1618.3565,1618.3966,68437,82731,Rhinolophus ferrumequinum,0.027,0.027,-1,Echolocation,/mnt/ubna_data_02_mir/recover-20220922/UBNA_001/20220921_090000.WAV,Telephone Field,recover-20220922,001,1795
1618.4015,1618.4416,68437,83018,Rhinolophus ferrumequinum,0.025,0.025,-1,Echolocation,/mnt/ubna_data_02_mir/recover-20220922/UBNA_001/20220921_090000.WAV,Telephone Field,recover-20220922,001,1795
1618.4165,1618.4561,68437,82070,Rhinolophus ferrumequinum,0.022,0.022,-1,Echolocation,/mnt/ubna_data_02_mir/recover-20220922/UBNA_001/20220921_090000.WAV,Telephone Field,recover-20220922,001,1795
1618.4895,1618.5298,68437,82266,Rhinolophus ferrumequinum,0.026,0.026,-1,Echolocation,/mnt/ubna_data_02_mir/recover-20220922/UBNA_001/20220921_090000.WAV,Telephone Field,recover-20220922,001,1795
1618.4955,1618.503,27187,40392,Eptesicus serotinus,0.01,0.026,-1,Echolocation,/mnt/ubna_data_02_mir/recover-20220922/UBNA_001/20220921_090000.WAV,Telephone Field,recover-20220922,001,1795
1618.5165,1618.5594,68437,83083,Rhinolophus ferrumequinum,0.031,0.031,-1,Echolocation,/mnt/ubna_data_02_mir/recover-20220922/UBNA_001/20220921_090000.WAV,Telephone Field,recover-20220922,001,1795
1618.5225,1618.5303,28046,39643,Eptesicus serotinus,0.008,0.022,-1,Echolocation,/mnt/ubna_data_02_mir/recover-20220922/UBNA_001/20220921_090000.WAV,Telephone Field,recover-20220922,001,1795
1618.5385,1618.5785,68437,82667,Rhinolophus ferrumequinum,0.023,0.023,-1,Echolocation,/mnt/ubna_data_02_mir/recover-20220922/UBNA_001/20220921_090000.WAV,Telephone Field,recover-20220922,001,1795
1618.5515,1618.5622,22890,27802,Nyctalus leisleri,0.011,0.024,-1,Echolocation,/mnt/ubna_data_02_mir/recover-20220922/UBNA_001/20220921_090000.WAV,Telephone Field,recover-20220922,001,1795
1618.5615,1618.6009,68437,82280,Rhinolophus ferrumequinum,0.022,0.022,-1,Echolocation,/mnt/ubna_data_02_mir/recover-20220922/UBNA_001/20220921_090000.WAV,Telephone Field,recover-20220922,001,1795
1618.5755,1618.6147,68437,82883,Rhinolophus ferrumequinum,0.022,0.023,-1,Echolocation,/mnt/ubna_data_02_mir/recover-20220922/UBNA_001/20220921_090000.WAV,Telephone Field,recover-20220922,001,1795
1618.6045,1618.6499,68437,83532,Rhinolophus ferrumequinum,0.044,0.044,-1,Echolocation,/mnt/ubna_data_02_mir/recover-20220922/UBNA_001/20220921_090000.WAV,Telephone Field,recover-20220922,001,1795
1618.6455,1618.6871,68437,82805,Rhinolophus ferrumequinum,0.048,0.048,-1,Echolocation,/mnt/ubna_data_02_mir/recover-20220922/UBNA_001/20220921_090000.WAV,Telephone Field,recover-20220922,001,1795
1618.6475,1618.6551,26328,35492,Eptesicus serotinus,0.007,0.023,-1,Echolocation,/mnt/ubna_data_02_mir/recover-20220922/UBNA_001/20220921_090000.WAV,Telephone Field,recover-20220922,001,1795
1618.6905,1618.7272,68437,81689,Rhinolophus ferrumequinum,0.023,0.023,-1,Echolocation,/mnt/ubna_data_02_mir/recover-20220922/UBNA_001/20220921_090000.WAV,Telephone Field,recover-20220922,001,1795
1618.7025,1618.7443,68437,82950,Rhinolophus ferrumequinum,0.052,0.052,-1,Echolocation,/mnt/ubna_data_02_mir/recover-20220922/UBNA_001/20220921_090000.WAV,Telephone Field,recover-20220922,001,1795
1618.7165,1618.7238,25468,34910,Plecotus austriacus,0.008,0.026,-1,Echolocation,/mnt/ubna_data_02_mir/recover-20220922/UBNA_001/20220921_090000.WAV,Telephone Field,recover-20220922,001,1795
1618.7305,1618.7716,68437,82852,Rhinolophus ferrumequinum,0.022,0.022,-1,Echolocation,/mnt/ubna_data_02_mir/recover-20220922/UBNA_001/20220921_090000.WAV,Telephone Field,recover-20220922,001,1795
1618.7565,1618.7977,68437,82913,Rhinolophus ferrumequinum,0.024,0.024,-1,Echolocation,/mnt/ubna_data_02_mir/recover-20220922/UBNA_001/20220921_090000.WAV,Telephone Field,recover-20220922,001,1795
1618.7675,1618.8027,68437,81130,Rhinolophus ferrumequinum,0.022,0.022,-1,Echolocation,/mnt/ubna_data_02_mir/recover-20220922/UBNA_001/20220921_090000.WAV,Telephone Field,recover-20220922,001,1795
1618.7815,1618.8178,68437,82475,Rhinolophus ferrumequinum,0.031,0.031,-1,Echolocation,/mnt/ubna_data_02_mir/recover-20220922/UBNA_001/20220921_090000.WAV,Telephone Field,recover-20220922,001,1795
1618.7915,1618.8265,68437,81647,Rhinolophus ferrumequinum,0.023,0.023,-1,Echolocation,/mnt/ubna_data_02_mir/recover-20220922/UBNA_001/20220921_090000.WAV,Telephone Field,recover-20220922,001,1795
1618.8165,1618.8543,68437,81609,Rhinolophus ferrumequinum,0.022,0.022,-1,Echolocation,/mnt/ubna_data_02_mir/recover-20220922/UBNA_001/20220921_090000.WAV,Telephone Field,recover-20220922,001,1795
1618.8225,1618.8607,68437,82257,Rhinolophus ferrumequinum,0.023,0.023,-1,Echolocation,/mnt/ubna_data_02_mir/recover-20220922/UBNA_001/20220921_090000.WAV,Telephone Field,recover-20220922,001,1795
1618.8255,1618.834,43515,46615,Pipistrellus pipistrellus,0.022,0.023,-1,Echolocation,/mnt/ubna_data_02_mir/recover-20220922/UBNA_001/20220921_090000.WAV,Telephone Field,recover-20220922,001,1795
1618.8415,1618.8764,68437,81702,Rhinolophus ferrumequinum,0.022,0.022,-1,Echolocation,/mnt/ubna_data_02_mir/recover-20220922/UBNA_001/20220921_090000.WAV,Telephone Field,recover-20220922,001,1795
1618.8715,1618.9114,68437,82342,Rhinolophus ferrumequinum,0.026,0.026,-1,Echolocation,/mnt/ubna_data_02_mir/recover-20220922/UBNA_001/20220921_090000.WAV,Telephone Field,recover-20220922,001,1795
1618.9445,1618.9808,68437,81554,Rhinolophus ferrumequinum,0.023,0.023,-1,Echolocation,/mnt/ubna_data_02_mir/recover-20220922/UBNA_001/20220921_090000.WAV,Telephone Field,recover-20220922,001,1795
1618.9625,1619.0045,68437,83020,Rhinolophus ferrumequinum,0.04,0.04,-1,Echolocation,/mnt/ubna_data_02_mir/recover-20220922/UBNA_001/20220921_090000.WAV,Telephone Field,recover-20220922,001,1795
1618.9805,1618.9888,27187,37098,Eptesicus serotinus,0.009,0.024,-1,Echolocation,/mnt/ubna_data_02_mir/recover-20220922/UBNA_001/20220921_090000.WAV,Telephone Field,recover-20220922,001,1795
1619.0005,1619.0387,68437,82352,Rhinolophus ferrumequinum,0.023,0.023,-1,Echolocation,/mnt/ubna_data_02_mir/recover-20220922/UBNA_001/20220921_090000.WAV,Telephone Field,recover-20220922,001,1795
1619.0215,1619.0612,68437,82563,Rhinolophus ferrumequinum,0.024,0.024,-1,Echolocation,/mnt/ubna_data_02_mir/recover-20220922/UBNA_001/20220921_090000.WAV,Telephone Field,recover-20220922,001,1795
1619.0455,1619.0524,25468,35981,Plecotus austriacus,0.009,0.029,-1,Echolocation,/mnt/ubna_data_02_mir/recover-20220922/UBNA_001/20220921_090000.WAV,Telephone Field,recover-20220922,001,1795
1619.0475,1619.0838,68437,81706,Rhinolophus ferrumequinum,0.026,0.026,-1,Echolocation,/mnt/ubna_data_02_mir/recover-20220922/UBNA_001/20220921_090000.WAV,Telephone Field,recover-20220922,001,1795
1619.0685,1619.1102,68437,83452,Rhinolophus ferrumequinum,0.034,0.034,-1,Echolocation,/mnt/ubna_data_02_mir/recover-20220922/UBNA_001/20220921_090000.WAV,Telephone Field,recover-20220922,001,1795
1619.0805,1619.12,68437,82656,Rhinolophus ferrumequinum,0.032,0.032,-1,Echolocation,/mnt/ubna_data_02_mir/recover-20220922/UBNA_001/20220921_090000.WAV,Telephone Field,recover-20220922,001,1795
1619.0955,1619.105,29765,37464,Eptesicus serotinus,0.009,0.024,-1,Echolocation,/mnt/ubna_data_02_mir/recover-20220922/UBNA_001/20220921_090000.WAV,Telephone Field,recover-20220922,001,1795
1619.1135,1619.1204,23750,33223,Plecotus austriacus,0.01,0.024,-1,Echolocation,/mnt/ubna_data_02_mir/recover-20220922/UBNA_001/20220921_090000.WAV,Telephone Field,recover-20220922,001,1795
1619.1275,1619.165,68437,81920,Rhinolophus ferrumequinum,0.022,0.022,-1,Echolocation,/mnt/ubna_data_02_mir/recover-20220922/UBNA_001/20220921_090000.WAV,Telephone Field,recover-20220922,001,1795
1619.1375,1619.1746,68437,82254,Rhinolophus ferrumequinum,0.024,0.024,-1,Echolocation,/mnt/ubna_data_02_mir/recover-20220922/UBNA_001/20220921_090000.WAV,Telephone Field,recover-20220922,001,1795
1619.1815,1619.2195,68437,82141,Rhinolophus ferrumequinum,0.025,0.025,-1,Echolocation,/mnt/ubna_data_02_mir/recover-20220922/UBNA_001/20220921_090000.WAV,Telephone Field,recover-20220922,001,1795
1619.1865,1619.1961000000001,26328,33068,Eptesicus serotinus,0.014,0.035,-1,Echolocation,/mnt/ubna_data_02_mir/recover-20220922/UBNA_001/20220921_090000.WAV,Telephone Field,recover-20220922,001,1795
1619.1995,1619.206,23750,32784,Plecotus austriacus,0.012,0.026,-1,Echolocation,/mnt/ubna_data_02_mir/recover-20220922/UBNA_001/20220921_090000.WAV,Telephone Field,recover-20220922,001,1795
1619.2085,1619.2516,68437,82812,Rhinolophus ferrumequinum,0.049,0.049,-1,Echolocation,/mnt/ubna_data_02_mir/recover-20220922/UBNA_001/20220921_090000.WAV,Telephone Field,recover-20220922,001,1795
1619.2515,1619.2916,68437,82619,Rhinolophus ferrumequinum,0.025,0.025,-1,Echolocation,/mnt/ubna_data_02_mir/recover-20220922/UBNA_001/20220921_090000.WAV,Telephone Field,recover-20220922,001,1795
1619.2575,1619.2986,68437,82737,Rhinolophus ferrumequinum,0.025,0.025,-1,Echolocation,/mnt/ubna_data_02_mir/recover-20220922/UBNA_001/20220921_090000.WAV,Telephone Field,recover-20220922,001,1795
1619.2685,1619.2801,22890,27325,Nyctalus leisleri,0.014,0.025,-1,Echolocation,/mnt/ubna_data_02_mir/recover-20220922/UBNA_001/20220921_090000.WAV,Telephone Field,recover-20220922,001,1795
1619.2935,1619.3037,45234,53553,Pipistrellus pipistrellus,0.027,0.032,-1,Echolocation,/mnt/ubna_data_02_mir/recover-20220922/UBNA_001/20220921_090000.WAV,Telephone Field,recover-20220922,001,1795
1619.3065,1619.3278,18593,21891,Nyctalus noctula,0.011,0.021,-1,Echolocation,/mnt/ubna_data_02_mir/recover-20220922/UBNA_001/20220921_090000.WAV,Telephone Field,recover-20220922,001,1795
1619.3095,1619.3486,68437,82445,Rhinolophus ferrumequinum,0.027,0.027,-1,Echolocation,/mnt/ubna_data_02_mir/recover-20220922/UBNA_001/20220921_090000.WAV,Telephone Field,recover-20220922,001,1795
1619.3405,1619.3772,68437,81863,Rhinolophus ferrumequinum,0.025,0.025,-1,Echolocation,/mnt/ubna_data_02_mir/recover-20220922/UBNA_001/20220921_090000.WAV,Telephone Field,recover-20220922,001,1795
1619.3505,1619.3652,23750,29347,Nyctalus leisleri,0.015,0.031,-1,Echolocation,/mnt/ubna_data_02_mir/recover-20220922/UBNA_001/20220921_090000.WAV,Telephone Field,recover-20220922,001,1795
1619.3525,1619.3933,68437,81907,Rhinolophus ferrumequinum,0.029,0.029,-1,Echolocation,/mnt/ubna_data_02_mir/recover-20220922/UBNA_001/20220921_090000.WAV,Telephone Field,recover-20220922,001,1795
1619.3645,1619.4018,68437,81545,Rhinolophus ferrumequinum,0.022,0.022,-1,Echolocation,/mnt/ubna_data_02_mir/recover-20220922/UBNA_001/20220921_090000.WAV,Telephone Field,recover-20220922,001,1795
1619.3755,1619.4186,68437,83257,Rhinolophus ferrumequinum,0.03,0.03,-1,Echolocation,/mnt/ubna_data_02_mir/recover-20220922/UBNA_001/20220921_090000.WAV,Telephone Field,recover-20220922,001,1795
1619.3945,1619.4333,68437,82171,Rhinolophus ferrumequinum,0.032,0.032,-1,Echolocation,/mnt/ubna_data_02_mir/recover-20220922/UBNA_001/20220921_090000.WAV,Telephone Field,recover-20220922,001,1795
1619.4115,1619.4255,28906,33782,Eptesicus serotinus,0.068,0.11,-1,Echolocation,/mnt/ubna_data_02_mir/recover-20220922/UBNA_001/20220921_090000.WAV,Telephone Field,recover-20220922,001,1795
1619.4495,1619.492,68437,83179,Rhinolophus ferrumequinum,0.047,0.047,-1,Echolocation,/mnt/ubna_data_02_mir/recover-20220922/UBNA_001/20220921_090000.WAV,Telephone Field,recover-20220922,001,1795
1619.4515,1619.4597,24609,33112,Plecotus austriacus,0.006,0.022,-1,Echolocation,/mnt/ubna_data_02_mir/recover-20220922/UBNA_001/20220921_090000.WAV,Telephone Field,recover-20220922,001,1795
1619.4795,1619.5157,68437,81516,Rhinolophus ferrumequinum,0.023,0.023,-1,Echolocation,/mnt/ubna_data_02_mir/recover-20220922/UBNA_001/20220921_090000.WAV,Telephone Field,recover-20220922,001,1795
1619.5075,1619.5195,14296,20884,Nyctalus noctula,0.021,0.034,-1,Echolocation,/mnt/ubna_data_02_mir/recover-20220922/UBNA_001/20220921_090000.WAV,Telephone Field,recover-20220922,001,1795
1619.5215,1619.5604,68437,81893,Rhinolophus ferrumequinum,0.025,0.025,-1,Echolocation,/mnt/ubna_data_02_mir/recover-20220922/UBNA_001/20220921_090000.WAV,Telephone Field,recover-20220922,001,1795
1619.5305,1619.5698,68437,81604,Rhinolophus ferrumequinum,0.025,0.025,-1,Echolocation,/mnt/ubna_data_02_mir/recover-20220922/UBNA_001/20220921_090000.WAV,Telephone Field,recover-20220922,001,1795
1619.5365,1619.5753,68437,82442,Rhinolophus ferrumequinum,0.024,0.025,-1,Echolocation,/mnt/ubna_data_02_mir/recover-20220922/UBNA_001/20220921_090000.WAV,Telephone Field,recover-20220922,001,1795
1619.5855,1619.6232,68437,81793,Rhinolophus ferrumequinum,0.023,0.023,-1,Echolocation,/mnt/ubna_data_02_mir/recover-20220922/UBNA_001/20220921_090000.WAV,Telephone Field,recover-20220922,001,1795
1619.6065,1619.6478,68437,83304,Rhinolophus ferrumequinum,0.022,0.022,-1,Echolocation,/mnt/ubna_data_02_mir/recover-20220922/UBNA_001/20220921_090000.WAV,Telephone Field,recover-20220922,001,1795
1619.6175,1619.6285,23750,30045,Nyctalus leisleri,0.01,0.03,-1,Echolocation,/mnt/ubna_data_02_mir/recover-20220922/UBNA_001/20220921_090000.WAV,Telephone Field,recover-20220922,001,1795
1619.6185,1619.6574,68437,82613,Rhinolophus ferrumequinum,0.026,0.026,-1,Echolocation,/mnt/ubna_data_02_mir/recover-20220922/UBNA_001/20220921_090000.WAV,Telephone Field,recover-20220922,001,1795
1619.6235,1619.6316,46953,50429,Pipistrellus pipistrellus,0.027,0.029,-1,Echolocation,/mnt/ubna_data_02_mir/recover-20220922/UBNA_001/20220921_090000.WAV,Telephone Field,recover-20220922,001,1795
1619.6595,1619.697,68437,82171,Rhinolophus ferrumequinum,0.023,0.023,-1,Echolocation,/mnt/ubna_data_02_mir/recover-20220922/UBNA_001/20220921_090000.WAV,Telephone Field,recover-20220922,001,1795
1619.6775,1619.6855,28046,38930,Eptesicus serotinus,0.012,0.028,-1,Echolocation,/mnt/ubna_data_02_mir/recover-20220922/UBNA_001/20220921_090000.WAV,Telephone Field,recover-20220922,001,1795
1619.6935,1619.7361,68437,83124,Rhinolophus ferrumequinum,0.038,0.038,-1,Echolocation,/mnt/ubna_data_02_mir/recover-20220922/UBNA_001/20220921_090000.WAV,Telephone Field,recover-20220922,001,1795
1619.7195,1619.7566,68437,81822,Rhinolophus ferrumequinum,0.023,0.023,-1,Echolocation,/mnt/ubna_data_02_mir/recover-20220922/UBNA_001/20220921_090000.WAV,Telephone Field,recover-20220922,001,1795
1619.7495,1619.7591,28046,37718,Eptesicus serotinus,0.01,0.023,-1,Echolocation,/mnt/ubna_data_02_mir/recover-20220922/UBNA_001/20220921_090000.WAV,Telephone Field,recover-20220922,001,1795
1619.7805,1619.8217,68437,82857,Rhinolophus ferrumequinum,0.028,0.028,-1,Echolocation,/mnt/ubna_data_02_mir/recover-20220922/UBNA_001/20220921_090000.WAV,Telephone Field,recover-20220922,001,1795
1619.8075,1619.8421,68437,81180,Rhinolophus ferrumequinum,0.021,0.022,-1,Echolocation,/mnt/ubna_data_02_mir/recover-20220922/UBNA_001/20220921_090000.WAV,Telephone Field,recover-20220922,001,1795
1619.8245,1619.8647,68437,82071,Rhinolophus ferrumequinum,0.022,0.022,-1,Echolocation,/mnt/ubna_data_02_mir/recover-20220922/UBNA_001/20220921_090000.WAV,Telephone Field,recover-20220922,001,1795
1619.8545,1619.8972,68437,83223,Rhinolophus ferrumequinum,0.044,0.044,-1,Echolocation,/mnt/ubna_data_02_mir/recover-20220922/UBNA_001/20220921_090000.WAV,Telephone Field,recover-20220922,001,1795
1619.9055,1619.9431,68437,81832,Rhinolophus ferrumequinum,0.031,0.031,-1,Echolocation,/mnt/ubna_data_02_mir/recover-20220922/UBNA_001/20220921_090000.WAV,Telephone Field,recover-20220922,001,1795
1619.9085,1619.9253,21171,24938,Nyctalus leisleri,0.015,0.028,-1,Echolocation,/mnt/ubna_data_02_mir/recover-20220922/UBNA_001/20220921_090000.WAV,Telephone Field,recover-20220922,001,1795
1619.9255,1619.9673,68437,82753,Rhinolophus ferrumequinum,0.037,0.037,-1,Echolocation,/mnt/ubna_data_02_mir/recover-20220922/UBNA_001/20220921_090000.WAV,Telephone Field,recover-20220922,001,1795
1619.9655,1619.9749,28046,36066,Eptesicus serotinus,0.04,0.065,-1,Echolocation,/mnt/ubna_data_02_mir/recover-20220922/UBNA_001/20220921_090000.WAV,Telephone Field,recover-20220922,001,1795
1620.0015,1620.034,68437,80057,Rhinolophus ferrumequinum,0.037,0.038,-1,Echolocation,/mnt/ubna_data_02_mir/recover-20220922/UBNA_001/20220921_090000.WAV,Telephone Field,recover-20220922,001,1795
1620.0015,1620.0122,27187,35167,Eptesicus serotinus,0.014,0.038,-1,Echolocation,/mnt/ubna_data_02_mir/recover-20220922/UBNA_001/20220921_090000.WAV,Telephone Field,recover-20220922,001,1795
1620.0075,1620.0491,68437,81552,Rhinolophus ferrumequinum,0.022,0.022,-1,Echolocation,/mnt/ubna_data_02_mir/recover-20220922/UBNA_001/20220921_090000.WAV,Telephone Field,recover-20220922,001,1795
1620.0135,1620.0247,28906,35086,Eptesicus serotinus,0.01,0.025,-1,Echolocation,/mnt/ubna_data_02_mir/recover-20220922/UBNA_001/20220921_090000.WAV,Telephone Field,recover-20220922,001,1795
1620.0255,1620.065,68437,82278,Rhinolophus ferrumequinum,0.024,0.024,-1,Echolocation,/mnt/ubna_data_02_mir/recover-20220922/UBNA_001/20220921_090000.WAV,Telephone Field,recover-20220922,001,1795
1620.0315,1620.0397,27187,37092,Eptesicus serotinus,0.007,0.021,-1,Echolocation,/mnt/ubna_data_02_mir/recover-20220922/UBNA_001/20220921_090000.WAV,Telephone Field,recover-20220922,001,1795
1620.0335,1620.0714,68437,82112,Rhinolophus ferrumequinum,0.024,0.024,-1,Echolocation,/mnt/ubna_data_02_mir/recover-20220922/UBNA_001/20220921_090000.WAV,Telephone Field,recover-20220922,001,1795
1620.0335,1620.0433,22890,29318,Plecotus austriacus,0.007,0.021,-1,Echolocation,/mnt/ubna_data_02_mir/recover-20220922/UBNA_001/20220921_090000.WAV,Telephone Field,recover-20220922,001,1795
1620.0555,1620.0933,68437,81857,Rhinolophus ferrumequinum,0.024,0.024,-1,Echolocation,/mnt/ubna_data_02_mir/recover-20220922/UBNA_001/20220921_090000.WAV,Telephone Field,recover-20220922,001,1795
1620.0875,1620.1255,68437,82617,Rhinolophus ferrumequinum,0.022,0.022,-1,Echolocation,/mnt/ubna_data_02_mir/recover-20220922/UBNA_001/20220921_090000.WAV,Telephone Field,recover-20220922,001,1795
1620.1005,1620.1395,68437,81880,Rhinolophus ferrumequinum,0.022,0.022,-1,Echolocation,/mnt/ubna_data_02_mir/recover-20220922/UBNA_001/20220921_090000.WAV,Telephone Field,recover-20220922,001,1795
1620.1215,1620.1335,58125,65273,Pipistrellus pygmaeus,0.025,0.026,-1,Echolocation,/mnt/ubna_data_02_mir/recover-20220922/UBNA_001/20220921_090000.WAV,Telephone Field,recover-20220922,001,1795
1620.1275,1620.1347,28046,40695,Eptesicus serotinus,0.006,0.023,-1,Echolocation,/mnt/ubna_data_02_mir/recover-20220922/UBNA_001/20220921_090000.WAV,Telephone Field,recover-20220922,001,1795
1620.1685,1620.2077,68437,82121,Rhinolophus ferrumequinum,0.031,0.031,-1,Echolocation,/mnt/ubna_data_02_mir/recover-20220922/UBNA_001/20220921_090000.WAV,Telephone Field,recover-20220922,001,1795
1620.1785,1620.2165,68437,81938,Rhinolophus ferrumequinum,0.021,0.021,-1,Echolocation,/mnt/ubna_data_02_mir/recover-20220922/UBNA_001/20220921_090000.WAV,Telephone Field,recover-20220922,001,1795
1620.1935,1620.2083,51250,56124,Pipistrellus pipistrellus,0.026,0.034,-1,Echolocation,/mnt/ubna_data_02_mir/recover-20220922/UBNA_001/20220921_090000.WAV,Telephone Field,recover-20220922,001,1795
1620.1945,1620.1994,37500,49700,Myotis daubentonii,0.005,0.022,-1,Echolocation,/mnt/ubna_data_02_mir/recover-20220922/UBNA_001/20220921_090000.WAV,Telephone Field,recover-20220922,001,1795
1620.1955,1620.2017,28046,48356,Eptesicus serotinus,0.006,0.025,-1,Echolocation,/mnt/ubna_data_02_mir/recover-20220922/UBNA_001/20220921_090000.WAV,Telephone Field,recover-20220922,001,1795
1620.2475,1620.2892,68437,82799,Rhinolophus ferrumequinum,0.028,0.028,-1,Echolocation,/mnt/ubna_data_02_mir/recover-20220922/UBNA_001/20220921_090000.WAV,Telephone Field,recover-20220922,001,1795
1620.2655,1620.3044,68437,82314,Rhinolophus ferrumequinum,0.022,0.023,-1,Echolocation,/mnt/ubna_data_02_mir/recover-20220922/UBNA_001/20220921_090000.WAV,Telephone Field,recover-20220922,001,1795
1620.2925,1620.3018,28046,38946,Eptesicus serotinus,0.01,0.026,-1,Echolocation,/mnt/ubna_data_02_mir/recover-20220922/UBNA_001/20220921_090000.WAV,Telephone Field,recover-20220922,001,1795
1620.3055,1620.3161,29765,36898,Eptesicus serotinus,0.083,0.118,-1,Echolocation,/mnt/ubna_data_02_mir/recover-20220922/UBNA_001/20220921_090000.WAV,Telephone Field,recover-20220922,001,1795
1620.3495,1620.3905,68437,82733,Rhinolophus ferrumequinum,0.036,0.036,-1,Echolocation,/mnt/ubna_data_02_mir/recover-20220922/UBNA_001/20220921_090000.WAV,Telephone Field,recover-20220922,001,1795
1620.3555,1620.3634,28046,37516,Eptesicus serotinus,0.008,0.024,-1,Echolocation,/mnt/ubna_data_02_mir/recover-20220922/UBNA_001/20220921_090000.WAV,Telephone Field,recover-20220922,001,1795
1620.4055,1620.4168,22031,26754,Nyctalus leisleri,0.01,0.022,-1,Echolocation,/mnt/ubna_data_02_mir/recover-20220922/UBNA_001/20220921_090000.WAV,Telephone Field,recover-20220922,001,1795
1620.4305,1620.4411,28906,38775,Eptesicus serotinus,0.011,0.024,-1,Echolocation,/mnt/ubna_data_02_mir/recover-20220922/UBNA_001/20220921_090000.WAV,Telephone Field,recover-20220922,001,1795
1620.4315,1620.4714,68437,82016,Rhinolophus ferrumequinum,0.022,0.022,-1,Echolocation,/mnt/ubna_data_02_mir/recover-20220922/UBNA_001/20220921_090000.WAV,Telephone Field,recover-20220922,001,1795
1620.4385,1620.4763,68437,81764,Rhinolophus ferrumequinum,0.021,0.021,-1,Echolocation,/mnt/ubna_data_02_mir/recover-20220922/UBNA_001/20220921_090000.WAV,Telephone Field,recover-20220922,001,1795
1620.4675,1620.5033,68437,81294,Rhinolophus ferrumequinum,0.024,0.024,-1,Echolocation,/mnt/ubna_data_02_mir/recover-20220922/UBNA_001/20220921_090000.WAV,Telephone Field,recover-20220922,001,1795
1620.4975,1620.5067,28046,36231,Eptesicus serotinus,0.01,0.023,-1,Echolocation,/mnt/ubna_data_02_mir/recover-20220922/UBNA_001/20220921_090000.WAV,Telephone Field,recover-20220922,001,1795
1620.5075,1620.5432,68437,82003,Rhinolophus ferrumequinum,0.021,0.021,-1,Echolocation,/mnt/ubna_data_02_mir/recover-20220922/UBNA_001/20220921_090000.WAV,Telephone Field,recover-20220922,001,1795
1620.5445,1620.5839,68437,82160,Rhinolophus ferrumequinum,0.02,0.02,-1,Echolocation,/mnt/ubna_data_02_mir/recover-20220922/UBNA_001/20220921_090000.WAV,Telephone Field,recover-20220922,001,1795
1620.5655,1620.575,24609,32755,Eptesicus serotinus,0.008,0.022,-1,Echolocation,/mnt/ubna_data_02_mir/recover-20220922/UBNA_001/20220921_090000.WAV,Telephone Field,recover-20220922,001,1795
1620.5665,1620.6032,68437,80943,Rhinolophus ferrumequinum,0.022,0.022,-1,Echolocation,/mnt/ubna_data_02_mir/recover-20220922/UBNA_001/20220921_090000.WAV,Telephone Field,recover-20220922,001,1795
1620.5715,1620.5816,27187,35478,Eptesicus serotinus,0.01,0.022,-1,Echolocation,/mnt/ubna_data_02_mir/recover-20220922/UBNA_001/20220921_090000.WAV,Telephone Field,recover-20220922,001,1795
1620.5785,1620.5894,25468,31668,Eptesicus serotinus,0.009,0.023,-1,Echolocation,/mnt/ubna_data_02_mir/recover-20220922/UBNA_001/20220921_090000.WAV,Telephone Field,recover-20220922,001,1795
1620.5865,1620.5974,28906,34511,Eptesicus serotinus,0.008,0.021,-1,Echolocation,/mnt/ubna_data_02_mir/recover-20220922/UBNA_001/20220921_090000.WAV,Telephone Field,recover-20220922,001,1795
1620.6085,1620.6164,28046,36182,Eptesicus serotinus,0.007,0.021,-1,Echolocation,/mnt/ubna_data_02_mir/recover-20220922/UBNA_001/20220921_090000.WAV,Telephone Field,recover-20220922,001,1795
1620.6235,1620.6604,68437,81619,Rhinolophus ferrumequinum,0.022,0.022,-1,Echolocation,/mnt/ubna_data_02_mir/recover-20220922/UBNA_001/20220921_090000.WAV,Telephone Field,recover-20220922,001,1795
1620.6625,1620.7026,68437,81955,Rhinolophus ferrumequinum,0.025,0.025,-1,Echolocation,/mnt/ubna_data_02_mir/recover-20220922/UBNA_001/20220921_090000.WAV,Telephone Field,recover-20220922,001,1795
1620.7275,1620.739,23750,29530,Nyctalus leisleri,0.011,0.025,-1,Echolocation,/mnt/ubna_data_02_mir/recover-20220922/UBNA_001/20220921_090000.WAV,Telephone Field,recover-20220922,001,1795
1620.7955,1620.8063,22890,28334,Nyctalus leisleri,0.013,0.033,-1,Echolocation,/mnt/ubna_data_02_mir/recover-20220922/UBNA_001/20220921_090000.WAV,Telephone Field,recover-20220922,001,1795
1620.8195,1620.8284,23750,30732,Plecotus austriacus,0.006,0.022,-1,Echolocation,/mnt/ubna_data_02_mir/recover-20220922/UBNA_001/20220921_090000.WAV,Telephone Field,recover-20220922,001,1795
1620.8205,1620.8279,28906,38640,Eptesicus serotinus,0.006,0.021,-1,Echolocation,/mnt/ubna_data_02_mir/recover-20220922/UBNA_001/20220921_090000.WAV,Telephone Field,recover-20220922,001,1795
1620.8285,1620.8687,68437,82616,Rhinolophus ferrumequinum,0.025,0.025,-1,Echolocation,/mnt/ubna_data_02_mir/recover-20220922/UBNA_001/20220921_090000.WAV,Telephone Field,recover-20220922,001,1795
1620.8345,1620.8743,68437,82705,Rhinolophus ferrumequinum,0.023,0.024,-1,Echolocation,/mnt/ubna_data_02_mir/recover-20220922/UBNA_001/20220921_090000.WAV,Telephone Field,recover-20220922,001,1795
1620.9085,1620.945,68437,82211,Rhinolophus ferrumequinum,0.023,0.023,-1,Echolocation,/mnt/ubna_data_02_mir/recover-20220922/UBNA_001/20220921_090000.WAV,Telephone Field,recover-20220922,001,1795
1620.9225,1620.9618,68437,82274,Rhinolophus ferrumequinum,0.022,0.022,-1,Echolocation,/mnt/ubna_data_02_mir/recover-20220922/UBNA_001/20220921_090000.WAV,Telephone Field,recover-20220922,001,1795
1620.9595,1620.9693,26328,33484,Eptesicus serotinus,0.011,0.026,-1,Echolocation,/mnt/ubna_data_02_mir/recover-20220922/UBNA_001/20220921_090000.WAV,Telephone Field,recover-20220922,001,1795
1620.9605,1620.9993,68437,82227,Rhinolophus ferrumequinum,0.02,0.02,-1,Echolocation,/mnt/ubna_data_02_mir/recover-20220922/UBNA_001/20220921_090000.WAV,Telephone Field,recover-20220922,001,1795
1620.9685,1621.0033,68437,81725,Rhinolophus ferrumequinum,0.021,0.021,-1,Echolocation,/mnt/ubna_data_02_mir/recover-20220922/UBNA_001/20220921_090000.WAV,Telephone Field,recover-20220922,001,1795
1620.9805,1621.0144,68437,80817,Rhinolophus ferrumequinum,0.024,0.024,-1,Echolocation,/mnt/ubna_data_02_mir/recover-20220922/UBNA_001/20220921_090000.WAV,Telephone Field,recover-20220922,001,1795
1620.9925,1621.0013,22890,29799,Plecotus austriacus,0.01,0.024,-1,Echolocation,/mnt/ubna_data_02_mir/recover-20220922/UBNA_001/20220921_090000.WAV,Telephone Field,recover-20220922,001,1795
1621.0005,1621.0395,68437,81847,Rhinolophus ferrumequinum,0.02,0.02,-1,Echolocation,/mnt/ubna_data_02_mir/recover-20220922/UBNA_001/20220921_090000.WAV,Telephone Field,recover-20220922,001,1795
1621.0115,1621.0221,23750,29349,Nyctalus leisleri,0.011,0.025,-1,Echolocation,/mnt/ubna_data_02_mir/recover-20220922/UBNA_001/20220921_090000.WAV,Telephone Field,recover-20220922,001,1795
1621.0305,1621.0396,28046,36916,Eptesicus serotinus,0.01,0.025,-1,Echolocation,/mnt/ubna_data_02_mir/recover-20220922/UBNA_001/20220921_090000.WAV,Telephone Field,recover-20220922,001,1795
1621.0325,1621.0711,68437,81927,Rhinolophus ferrumequinum,0.022,0.022,-1,Echolocation,/mnt/ubna_data_02_mir/recover-20220922/UBNA_001/20220921_090000.WAV,Telephone Field,recover-20220922,001,1795
1621.0415,1621.0773,68437,81441,Rhinolophus ferrumequinum,0.022,0.022,-1,Echolocation,/mnt/ubna_data_02_mir/recover-20220922/UBNA_001/20220921_090000.WAV,Telephone Field,recover-20220922,001,1795
1621.0855,1621.129,68437,83442,Rhinolophus ferrumequinum,0.041,0.041,-1,Echolocation,/mnt/ubna_data_02_mir/recover-20220922/UBNA_001/20220921_090000.WAV,Telephone Field,recover-20220922,001,1795
1621.1245,1621.163,68437,81959,Rhinolophus ferrumequinum,0.023,0.023,-1,Echolocation,/mnt/ubna_data_02_mir/recover-20220922/UBNA_001/20220921_090000.WAV,Telephone Field,recover-20220922,001,1795
1621.1315,1621.173,68437,82432,Rhinolophus ferrumequinum,0.025,0.025,-1,Echolocation,/mnt/ubna_data_02_mir/recover-20220922/UBNA_001/20220921_090000.WAV,Telephone Field,recover-20220922,001,1795
1621.1585,1621.1975,68437,82136,Rhinolophus ferrumequinum,0.022,0.022,-1,Echolocation,/mnt/ubna_data_02_mir/recover-20220922/UBNA_001/20220921_090000.WAV,Telephone Field,recover-20220922,001,1795
1621.1835,1621.2223,68437,81840,Rhinolophus ferrumequinum,0.023,0.023,-1,Echolocation,/mnt/ubna_data_02_mir/recover-20220922/UBNA_001/20220921_090000.WAV,Telephone Field,recover-20220922,001,1795
1621.1885,1621.1989,22890,28387,Nyctalus leisleri,0.009,0.021,-1,Echolocation,/mnt/ubna_data_02_mir/recover-20220922/UBNA_001/20220921_090000.WAV,Telephone Field,recover-20220922,001,1795
1621.2065,1621.2472,68437,82800,Rhinolophus ferrumequinum,0.021,0.021,-1,Echolocation,/mnt/ubna_data_02_mir/recover-20220922/UBNA_001/20220921_090000.WAV,Telephone Field,recover-20220922,001,1795
1621.2475,1621.2559,28046,38333,Eptesicus serotinus,0.008,0.021,-1,Echolocation,/mnt/ubna_data_02_mir/recover-20220922/UBNA_001/20220921_090000.WAV,Telephone Field,recover-20220922,001,1795
1621.2605,1621.2693,25468,33054,Eptesicus serotinus,0.008,0.021,-1,Echolocation,/mnt/ubna_data_02_mir/recover-20220922/UBNA_001/20220921_090000.WAV,Telephone Field,recover-20220922,001,1795
1621.2745,1621.2835,28906,40130,Eptesicus serotinus,0.008,0.022,-1,Echolocation,/mnt/ubna_data_02_mir/recover-20220922/UBNA_001/20220921_090000.WAV,Telephone Field,recover-20220922,001,1795
1621.2765,1621.3165,68437,81929,Rhinolophus ferrumequinum,0.021,0.021,-1,Echolocation,/mnt/ubna_data_02_mir/recover-20220922/UBNA_001/20220921_090000.WAV,Telephone Field,recover-20220922,001,1795
1621.2815,1621.3219,68437,82311,Rhinolophus ferrumequinum,0.021,0.021,-1,Echolocation,/mnt/ubna_data_02_mir/recover-20220922/UBNA_001/20220921_090000.WAV,Telephone Field,recover-20220922,001,1795
1621.2895,1621.2964,27187,41143,Eptesicus serotinus,0.006,0.021,-1,Echolocation,/mnt/ubna_data_02_mir/recover-20220922/UBNA_001/20220921_090000.WAV,Telephone Field,recover-20220922,001,1795
1621.2905,1621.2974,31484,41114,Myotis daubentonii,0.009,0.021,-1,Echolocation,/mnt/ubna_data_02_mir/recover-20220922/UBNA_001/20220921_090000.WAV,Telephone Field,recover-20220922,001,1795
1621.2965,1621.3361,68437,82554,Rhinolophus ferrumequinum,0.021,0.021,-1,Echolocation,/mnt/ubna_data_02_mir/recover-20220922/UBNA_001/20220921_090000.WAV,Telephone Field,recover-20220922,001,1795
1621.3305,1621.3399,27187,35332,Eptesicus serotinus,0.009,0.021,-1,Echolocation,/mnt/ubna_data_02_mir/recover-20220922/UBNA_001/20220921_090000.WAV,Telephone Field,recover-20220922,001,1795
1621.3325,1621.3731,68437,82151,Rhinolophus ferrumequinum,0.022,0.022,-1,Echolocation,/mnt/ubna_data_02_mir/recover-20220922/UBNA_001/20220921_090000.WAV,Telephone Field,recover-20220922,001,1795
1621.3745,1621.4143,68437,82154,Rhinolophus ferrumequinum,0.025,0.025,-1,Echolocation,/mnt/ubna_data_02_mir/recover-20220922/UBNA_001/20220921_090000.WAV,Telephone Field,recover-20220922,001,1795
1621.3915,1621.434,68437,82747,Rhinolophus ferrumequinum,0.022,0.022,-1,Echolocation,/mnt/ubna_data_02_mir/recover-20220922/UBNA_001/20220921_090000.WAV,Telephone Field,recover-20220922,001,1795
1621.4075,1621.4482,68437,82471,Rhinolophus ferrumequinum,0.022,0.022,-1,Echolocation,/mnt/ubna_data_02_mir/recover-20220922/UBNA_001/20220921_090000.WAV,Telephone Field,recover-20220922,001,1795
1621.4155,1621.4259,27187,35890,Eptesicus serotinus,0.009,0.021,-1,Echolocation,/mnt/ubna_data_02_mir/recover-20220922/UBNA_001/20220921_090000.WAV,Telephone Field,recover-20220922,001,1795
1621.4385,1621.4752,68437,81946,Rhinolophus ferrumequinum,0.021,0.021,-1,Echolocation,/mnt/ubna_data_02_mir/recover-20220922/UBNA_001/20220921_090000.WAV,Telephone Field,recover-20220922,001,1795
1621.4635,1621.4999,68437,81770,Rhinolophus ferrumequinum,0.021,0.021,-1,Echolocation,/mnt/ubna_data_02_mir/recover-20220922/UBNA_001/20220921_090000.WAV,Telephone Field,recover-20220922,001,1795
1621.4875,1621.5244,68437,81729,Rhinolophus ferrumequinum,0.024,0.024,-1,Echolocation,/mnt/ubna_data_02_mir/recover-20220922/UBNA_001/20220921_090000.WAV,Telephone Field,recover-20220922,001,1795
1621.5245,1621.5637,68437,82447,Rhinolophus ferrumequinum,0.02,0.02,-1,Echolocation,/mnt/ubna_data_02_mir/recover-20220922/UBNA_001/20220921_090000.WAV,Telephone Field,recover-20220922,001,1795
1621.5595,1621.5657,40937,51456,Myotis mystacinus,0.005,0.021,-1,Echolocation,/mnt/ubna_data_02_mir/recover-20220922/UBNA_001/20220921_090000.WAV,Telephone Field,recover-20220922,001,1795
1621.5775,1621.6196,68437,83064,Rhinolophus ferrumequinum,0.028,0.028,-1,Echolocation,/mnt/ubna_data_02_mir/recover-20220922/UBNA_001/20220921_090000.WAV,Telephone Field,recover-20220922,001,1795
1621.6015,1621.6399,68437,82422,Rhinolophus ferrumequinum,0.021,0.021,-1,Echolocation,/mnt/ubna_data_02_mir/recover-20220922/UBNA_001/20220921_090000.WAV,Telephone Field,recover-20220922,001,1795
1621.6275,1621.6681,68437,82794,Rhinolophus ferrumequinum,0.026,0.026,-1,Echolocation,/mnt/ubna_data_02_mir/recover-20220922/UBNA_001/20220921_090000.WAV,Telephone Field,recover-20220922,001,1795
1621.6385,1621.6742,68437,81436,Rhinolophus ferrumequinum,0.021,0.021,-1,Echolocation,/mnt/ubna_data_02_mir/recover-20220922/UBNA_001/20220921_090000.WAV,Telephone Field,recover-20220922,001,1795
1621.6475,1621.6627,22031,26406,Nyctalus leisleri,0.022,0.039,-1,Echolocation,/mnt/ubna_data_02_mir/recover-20220922/UBNA_001/20220921_090000.WAV,Telephone Field,recover-20220922,001,1795
1621.7065,1621.7462,68437,82347,Rhinolophus ferrumequinum,0.021,0.021,-1,Echolocation,/mnt/ubna_data_02_mir/recover-20220922/UBNA_001/20220921_090000.WAV,Telephone Field,recover-20220922,001,1795
1621.7365,1621.7419,38359,58625,Myotis mystacinus,0.008,0.023,-1,Echolocation,/mnt/ubna_data_02_mir/recover-20220922/UBNA_001/20220921_090000.WAV,Telephone Field,recover-20220922,001,1795
1621.7505,1621.7872,68437,81579,Rhinolophus ferrumequinum,0.021,0.021,-1,Echolocation,/mnt/ubna_data_02_mir/recover-20220922/UBNA_001/20220921_090000.WAV,Telephone Field,recover-20220922,001,1795
1621.7595,1621.7963,68437,81331,Rhinolophus ferrumequinum,0.022,0.022,-1,Echolocation,/mnt/ubna_data_02_mir/recover-20220922/UBNA_001/20220921_090000.WAV,Telephone Field,recover-20220922,001,1795
1621.7695,1621.8075,68437,82217,Rhinolophus ferrumequinum,0.024,0.024,-1,Echolocation,/mnt/ubna_data_02_mir/recover-20220922/UBNA_001/20220921_090000.WAV,Telephone Field,recover-20220922,001,1795
1621.7915,1621.8,28906,39181,Eptesicus serotinus,0.007,0.022,-1,Echolocation,/mnt/ubna_data_02_mir/recover-20220922/UBNA_001/20220921_090000.WAV,Telephone Field,recover-20220922,001,1795
1621.8185,1621.8543,68437,81113,Rhinolophus ferrumequinum,0.021,0.021,-1,Echolocation,/mnt/ubna_data_02_mir/recover-20220922/UBNA_001/20220921_090000.WAV,Telephone Field,recover-20220922,001,1795
1621.8435,1621.8517,28906,39762,Eptesicus serotinus,0.011,0.03,-1,Echolocation,/mnt/ubna_data_02_mir/recover-20220922/UBNA_001/20220921_090000.WAV,Telephone Field,recover-20220922,001,1795
1621.8915,1621.9002,27187,35552,Eptesicus serotinus,0.011,0.025,-1,Echolocation,/mnt/ubna_data_02_mir/recover-20220922/UBNA_001/20220921_090000.WAV,Telephone Field,recover-20220922,001,1795
1621.9185,1621.927,28046,37385,Eptesicus serotinus,0.007,0.02,-1,Echolocation,/mnt/ubna_data_02_mir/recover-20220922/UBNA_001/20220921_090000.WAV,Telephone Field,recover-20220922,001,1795
1621.9315,1621.9721,68437,82600,Rhinolophus ferrumequinum,0.022,0.022,-1,Echolocation,/mnt/ubna_data_02_mir/recover-20220922/UBNA_001/20220921_090000.WAV,Telephone Field,recover-20220922,001,1795
1621.9535,1621.9921,68437,81794,Rhinolophus ferrumequinum,0.022,0.022,-1,Echolocation,/mnt/ubna_data_02_mir/recover-20220922/UBNA_001/20220921_090000.WAV,Telephone Field,recover-20220922,001,1795
1621.9795,1621.9886,28046,36895,Eptesicus serotinus,0.01,0.025,-1,Echolocation,/mnt/ubna_data_02_mir/recover-20220922/UBNA_001/20220921_090000.WAV,Telephone Field,recover-20220922,001,1795
1622.0015,1622.0331,68437,80078,Rhinolophus ferrumequinum,0.048,0.048,-1,Echolocation,/mnt/ubna_data_02_mir/recover-20220922/UBNA_001/20220921_090000.WAV,Telephone Field,recover-20220922,001,1795
1622.0015,1622.0102,22890,29161,Nyctalus leisleri,0.011,0.033,-1,Echolocation,/mnt/ubna_data_02_mir/recover-20220922/UBNA_001/20220921_090000.WAV,Telephone Field,recover-20220922,001,1795
1622.0015,1622.0169,51250,56103,Pipistrellus pygmaeus,0.013,0.024,-1,Echolocation,/mnt/ubna_data_02_mir/recover-20220922/UBNA_001/20220921_090000.WAV,Telephone Field,recover-20220922,001,1795
1622.0155,1622.026,23750,29492,Nyctalus leisleri,0.011,0.024,-1,Echolocation,/mnt/ubna_data_02_mir/recover-20220922/UBNA_001/20220921_090000.WAV,Telephone Field,recover-20220922,001,1795
1622.0205,1622.0311,23750,29664,Nyctalus leisleri,0.011,0.024,-1,Echolocation,/mnt/ubna_data_02_mir/recover-20220922/UBNA_001/20220921_090000.WAV,Telephone Field,recover-20220922,001,1795
1622.0725,1622.1102,68437,81685,Rhinolophus ferrumequinum,0.021,0.021,-1,Echolocation,/mnt/ubna_data_02_mir/recover-20220922/UBNA_001/20220921_090000.WAV,Telephone Field,recover-20220922,001,1795
1622.0805,1622.0886,27187,39125,Eptesicus serotinus,0.006,0.021,-1,Echolocation,/mnt/ubna_data_02_mir/recover-20220922/UBNA_001/20220921_090000.WAV,Telephone Field,recover-20220922,001,1795
1622.1005,1622.1086,28906,37993,Eptesicus serotinus,0.007,0.021,-1,Echolocation,/mnt/ubna_data_02_mir/recover-20220922/UBNA_001/20220921_090000.WAV,Telephone Field,recover-20220922,001,1795
1622.1485,1622.1874,68437,81310,Rhinolophus ferrumequinum,0.025,0.026,-1,Echolocation,/mnt/ubna_data_02_mir/recover-20220922/UBNA_001/20220921_090000.WAV,Telephone Field,recover-20220922,001,1795
1622.2015,1622.2097,28906,41127,Eptesicus serotinus,0.007,0.023,-1,Echolocation,/mnt/ubna_data_02_mir/recover-20220922/UBNA_001/20220921_090000.WAV,Telephone Field,recover-20220922,001,1795
1622.2165,1622.2553,68437,81827,Rhinolophus ferrumequinum,0.023,0.024,-1,Echolocation,/mnt/ubna_data_02_mir/recover-20220922/UBNA_001/20220921_090000.WAV,Telephone Field,recover-20220922,001,1795
1622.2305,1622.2678,68437,81854,Rhinolophus ferrumequinum,0.024,0.024,-1,Echolocation,/mnt/ubna_data_02_mir/recover-20220922/UBNA_001/20220921_090000.WAV,Telephone Field,recover-20220922,001,1795
1622.2535,1622.2606,23750,33586,Plecotus austriacus,0.016,0.037,-1,Echolocation,/mnt/ubna_data_02_mir/recover-20220922/UBNA_001/20220921_090000.WAV,Telephone Field,recover-20220922,001,1795
1622.2675,1622.3035,68437,81636,Rhinolophus ferrumequinum,0.021,0.021,-1,Echolocation,/mnt/ubna_data_02_mir/recover-20220922/UBNA_001/20220921_090000.WAV,Telephone Field,recover-20220922,001,1795
1622.3035,1622.3409,68437,81512,Rhinolophus ferrumequinum,0.022,0.022,-1,Echolocation,/mnt/ubna_data_02_mir/recover-20220922/UBNA_001/20220921_090000.WAV,Telephone Field,recover-20220922,001,1795
1622.3525,1622.3606,28046,40134,Eptesicus serotinus,0.008,0.023,-1,Echolocation,/mnt/ubna_data_02_mir/recover-20220922/UBNA_001/20220921_090000.WAV,Telephone Field,recover-20220922,001,1795
1622.3575,1622.3943,68437,81738,Rhinolophus ferrumequinum,0.021,0.021,-1,Echolocation,/mnt/ubna_data_02_mir/recover-20220922/UBNA_001/20220921_090000.WAV,Telephone Field,recover-20220922,001,1795
1622.3705,1622.4059,68437,80695,Rhinolophus ferrumequinum,0.021,0.021,-1,Echolocation,/mnt/ubna_data_02_mir/recover-20220922/UBNA_001/20220921_090000.WAV,Telephone Field,recover-20220922,001,1795
1622.3745,1622.3823,26328,35705,Eptesicus serotinus,0.008,0.021,-1,Echolocation,/mnt/ubna_data_02_mir/recover-20220922/UBNA_001/20220921_090000.WAV,Telephone Field,recover-20220922,001,1795
1622.4115,1622.4228,28906,35910,Eptesicus serotinus,0.018,0.033,-1,Echolocation,/mnt/ubna_data_02_mir/recover-20220922/UBNA_001/20220921_090000.WAV,Telephone Field,recover-20220922,001,1795
1622.4335,1622.472,68437,81769,Rhinolophus ferrumequinum,0.022,0.022,-1,Echolocation,/mnt/ubna_data_02_mir/recover-20220922/UBNA_001/20220921_090000.WAV,Telephone Field,recover-20220922,001,1795
1622.4385,1622.4465,28906,39692,Eptesicus serotinus,0.007,0.023,-1,Echolocation,/mnt/ubna_data_02_mir/recover-20220922/UBNA_001/20220921_090000.WAV,Telephone Field,recover-20220922,001,1795
1622.4515,1622.4875,68437,81938,Rhinolophus ferrumequinum,0.023,0.023,-1,Echolocation,/mnt/ubna_data_02_mir/recover-20220922/UBNA_001/20220921_090000.WAV,Telephone Field,recover-20220922,001,1795
1622.4595,1622.4982,68437,81762,Rhinolophus ferrumequinum,0.021,0.021,-1,Echolocation,/mnt/ubna_data_02_mir/recover-20220922/UBNA_001/20220921_090000.WAV,Telephone Field,recover-20220922,001,1795
1622.4595,1622.4673,23750,32499,Plecotus austriacus,0.021,0.052,-1,Echolocation,/mnt/ubna_data_02_mir/recover-20220922/UBNA_001/20220921_090000.WAV,Telephone Field,recover-20220922,001,1795
1622.4795,1622.4903,22890,27539,Nyctalus leisleri,0.011,0.021,-1,Echolocation,/mnt/ubna_data_02_mir/recover-20220922/UBNA_001/20220921_090000.WAV,Telephone Field,recover-20220922,001,1795
1622.5205,1622.5563,68437,81426,Rhinolophus ferrumequinum,0.021,0.021,-1,Echolocation,/mnt/ubna_data_02_mir/recover-20220922/UBNA_001/20220921_090000.WAV,Telephone Field,recover-20220922,001,1795
1622.5265,1622.5331,28046,39198,Myotis daubentonii,0.005,0.021,-1,Echolocation,/mnt/ubna_data_02_mir/recover-20220922/UBNA_001/20220921_090000.WAV,Telephone Field,recover-20220922,001,1795
1622.5405,1622.5474,24609,36076,Plecotus austriacus,0.007,0.022,-1,Echolocation,/mnt/ubna_data_02_mir/recover-20220922/UBNA_001/20220921_090000.WAV,Telephone Field,recover-20220922,001,1795
1622.5815,1622.6212,68437,81836,Rhinolophus ferrumequinum,0.021,0.021,-1,Echolocation,/mnt/ubna_data_02_mir/recover-20220922/UBNA_001/20220921_090000.WAV,Telephone Field,recover-20220922,001,1795
1622.6105,1622.6182,46953,51870,Pipistrellus pipistrellus,0.027,0.028,-1,Echolocation,/mnt/ubna_data_02_mir/recover-20220922/UBNA_001/20220921_090000.WAV,Telephone Field,recover-20220922,001,1795
1622.6145,1622.6556,68437,82792,Rhinolophus ferrumequinum,0.025,0.025,-1,Echolocation,/mnt/ubna_data_02_mir/recover-20220922/UBNA_001/20220921_090000.WAV,Telephone Field,recover-20220922,001,1795
1622.6275,1622.6346,28046,38481,Eptesicus serotinus,0.006,0.021,-1,Echolocation,/mnt/ubna_data_02_mir/recover-20220922/UBNA_001/20220921_090000.WAV,Telephone Field,recover-20220922,001,1795
1622.6525,1622.6887,68437,82035,Rhinolophus ferrumequinum,0.021,0.021,-1,Echolocation,/mnt/ubna_data_02_mir/recover-20220922/UBNA_001/20220921_090000.WAV,Telephone Field,recover-20220922,001,1795
1622.6585,1622.6675,28046,36328,Eptesicus serotinus,0.007,0.021,-1,Echolocation,/mnt/ubna_data_02_mir/recover-20220922/UBNA_001/20220921_090000.WAV,Telephone Field,recover-20220922,001,1795
1622.6615,1622.701,68437,82179,Rhinolophus ferrumequinum,0.023,0.023,-1,Echolocation,/mnt/ubna_data_02_mir/recover-20220922/UBNA_001/20220921_090000.WAV,Telephone Field,recover-20220922,001,1795
1622.6715,1622.6798,28046,38643,Eptesicus serotinus,0.007,0.021,-1,Echolocation,/mnt/ubna_data_02_mir/recover-20220922/UBNA_001/20220921_090000.WAV,Telephone Field,recover-20220922,001,1795
1622.6815,1622.7193,68437,82464,Rhinolophus ferrumequinum,0.023,0.023,-1,Echolocation,/mnt/ubna_data_02_mir/recover-20220922/UBNA_001/20220921_090000.WAV,Telephone Field,recover-20220922,001,1795
1622.7095,1622.7492,68437,82775,Rhinolophus ferrumequinum,0.029,0.029,-1,Echolocation,/mnt/ubna_data_02_mir/recover-20220922/UBNA_001/20220921_090000.WAV,Telephone Field,recover-20220922,001,1795
1622.7425,1622.7792,68437,81762,Rhinolophus ferrumequinum,0.023,0.023,-1,Echolocation,/mnt/ubna_data_02_mir/recover-20220922/UBNA_001/20220921_090000.WAV,Telephone Field,recover-20220922,001,1795
1622.7435,1622.7583,25468,29936,Nyctalus leisleri,0.016,0.033,-1,Echolocation,/mnt/ubna_data_02_mir/recover-20220922/UBNA_001/20220921_090000.WAV,Telephone Field,recover-20220922,001,1795
1622.7675,1622.7746,28046,37637,Eptesicus serotinus,0.006,0.023,-1,Echolocation,/mnt/ubna_data_02_mir/recover-20220922/UBNA_001/20220921_090000.WAV,Telephone Field,recover-20220922,001,1795
1622.7855,1622.7954,24609,31365,Eptesicus serotinus,0.008,0.024,-1,Echolocation,/mnt/ubna_data_02_mir/recover-20220922/UBNA_001/20220921_090000.WAV,Telephone Field,recover-20220922,001,1795
1622.7865,1622.7949,48671,52307,Pipistrellus pipistrellus,0.024,0.026,-1,Echolocation,/mnt/ubna_data_02_mir/recover-20220922/UBNA_001/20220921_090000.WAV,Telephone Field,recover-20220922,001,1795
1622.8005,1622.838,68437,81834,Rhinolophus ferrumequinum,0.029,0.029,-1,Echolocation,/mnt/ubna_data_02_mir/recover-20220922/UBNA_001/20220921_090000.WAV,Telephone Field,recover-20220922,001,1795
1622.8115,1622.8192,23750,32601,Plecotus austriacus,0.009,0.023,-1,Echolocation,/mnt/ubna_data_02_mir/recover-20220922/UBNA_001/20220921_090000.WAV,Telephone Field,recover-20220922,001,1795
1622.8265,1622.8657,68437,82582,Rhinolophus ferrumequinum,0.03,0.03,-1,Echolocation,/mnt/ubna_data_02_mir/recover-20220922/UBNA_001/20220921_090000.WAV,Telephone Field,recover-20220922,001,1795
1622.8465,1622.8555,55546,60536,Pipistrellus pygmaeus,0.022,0.023,-1,Echolocation,/mnt/ubna_data_02_mir/recover-20220922/UBNA_001/20220921_090000.WAV,Telephone Field,recover-20220922,001,1795
1622.8505,1622.8608,28906,36689,Eptesicus serotinus,0.038,0.057,-1,Echolocation,/mnt/ubna_data_02_mir/recover-20220922/UBNA_001/20220921_090000.WAV,Telephone Field,recover-20220922,001,1795
1622.9295,1622.9394,22890,29615,Nyctalus leisleri,0.01,0.031,-1,Echolocation,/mnt/ubna_data_02_mir/recover-20220922/UBNA_001/20220921_090000.WAV,Telephone Field,recover-20220922,001,1795
1622.9335,1622.974,68437,81793,Rhinolophus ferrumequinum,0.023,0.023,-1,Echolocation,/mnt/ubna_data_02_mir/recover-20220922/UBNA_001/20220921_090000.WAV,Telephone Field,recover-20220922,001,1795
1622.9545,1622.9635,46093,49964,Pipistrellus pipistrellus,0.049,0.051,-1,Echolocation,/mnt/ubna_data_02_mir/recover-20220922/UBNA_001/20220921_090000.WAV,Telephone Field,recover-20220922,001,1795
1622.9885,1623.0288,68437,82496,Rhinolophus ferrumequinum,0.04,0.04,-1,Echolocation,/mnt/ubna_data_02_mir/recover-20220922/UBNA_001/20220921_090000.WAV,Telephone Field,recover-20220922,001,1795
1623.0045,1623.0205,22031,25714,Nyctalus leisleri,0.037,0.063,-1,Echolocation,/mnt/ubna_data_02_mir/recover-20220922/UBNA_001/20220921_090000.WAV,Telephone Field,recover-20220922,001,1795
1623.0215,1623.0607,68437,81966,Rhinolophus ferrumequinum,0.023,0.023,-1,Echolocation,/mnt/ubna_data_02_mir/recover-20220922/UBNA_001/20220921_090000.WAV,Telephone Field,recover-20220922,001,1795
1623.0275,1623.0386,28046,35154,Eptesicus serotinus,0.014,0.03,-1,Echolocation,/mnt/ubna_data_02_mir/recover-20220922/UBNA_001/20220921_090000.WAV,Telephone Field,recover-20220922,001,1795
1623.0375,1623.0773,68437,82538,Rhinolophus ferrumequinum,0.021,0.021,-1,Echolocation,/mnt/ubna_data_02_mir/recover-20220922/UBNA_001/20220921_090000.WAV,Telephone Field,recover-20220922,001,1795
1623.0425,1623.0526,22031,26397,Nyctalus leisleri,0.012,0.022,-1,Echolocation,/mnt/ubna_data_02_mir/recover-20220922/UBNA_001/20220921_090000.WAV,Telephone Field,recover-20220922,001,1795
1623.0565,1623.0942,68437,82321,Rhinolophus ferrumequinum,0.021,0.021,-1,Echolocation,/mnt/ubna_data_02_mir/recover-20220922/UBNA_001/20220921_090000.WAV,Telephone Field,recover-20220922,001,1795
1623.0585,1623.0656,28046,40279,Eptesicus serotinus,0.006,0.023,-1,Echolocation,/mnt/ubna_data_02_mir/recover-20220922/UBNA_001/20220921_090000.WAV,Telephone Field,recover-20220922,001,1795
1623.0815,1623.1208,68437,82199,Rhinolophus ferrumequinum,0.022,0.023,-1,Echolocation,/mnt/ubna_data_02_mir/recover-20220922/UBNA_001/20220921_090000.WAV,Telephone Field,recover-20220922,001,1795
1623.1115,1623.1503,68437,81983,Rhinolophus ferrumequinum,0.022,0.022,-1,Echolocation,/mnt/ubna_data_02_mir/recover-20220922/UBNA_001/20220921_090000.WAV,Telephone Field,recover-20220922,001,1795
1623.1315,1623.1702,68437,82271,Rhinolophus ferrumequinum,0.028,0.029,-1,Echolocation,/mnt/ubna_data_02_mir/recover-20220922/UBNA_001/20220921_090000.WAV,Telephone Field,recover-20220922,001,1795
1623.1735,1623.1832,28046,38822,Eptesicus serotinus,0.01,0.024,-1,Echolocation,/mnt/ubna_data_02_mir/recover-20220922/UBNA_001/20220921_090000.WAV,Telephone Field,recover-20220922,001,1795
1623.1745,1623.2102,68437,81743,Rhinolophus ferrumequinum,0.025,0.025,-1,Echolocation,/mnt/ubna_data_02_mir/recover-20220922/UBNA_001/20220921_090000.WAV,Telephone Field,recover-20220922,001,1795
1623.1785,1623.1876,28906,36241,Eptesicus serotinus,0.011,0.025,-1,Echolocation,/mnt/ubna_data_02_mir/recover-20220922/UBNA_001/20220921_090000.WAV,Telephone Field,recover-20220922,001,1795
1623.1925,1623.2304,68437,81823,Rhinolophus ferrumequinum,0.023,0.023,-1,Echolocation,/mnt/ubna_data_02_mir/recover-20220922/UBNA_001/20220921_090000.WAV,Telephone Field,recover-20220922,001,1795
1623.2245,1623.2679,68437,83145,Rhinolophus ferrumequinum,0.035,0.035,-1,Echolocation,/mnt/ubna_data_02_mir/recover-20220922/UBNA_001/20220921_090000.WAV,Telephone Field,recover-20220922,001,1795
1623.2495,1623.2869,68437,81678,Rhinolophus ferrumequinum,0.022,0.022,-1,Echolocation,/mnt/ubna_data_02_mir/recover-20220922/UBNA_001/20220921_090000.WAV,Telephone Field,recover-20220922,001,1795
1623.2645,1623.3044,68437,82375,Rhinolophus ferrumequinum,0.023,0.023,-1,Echolocation,/mnt/ubna_data_02_mir/recover-20220922/UBNA_001/20220921_090000.WAV,Telephone Field,recover-20220922,001,1795
1623.2685,1623.2757,23750,31919,Plecotus austriacus,0.009,0.022,-1,Echolocation,/mnt/ubna_data_02_mir/recover-20220922/UBNA_001/20220921_090000.WAV,Telephone Field,recover-20220922,001,1795
1623.2755,1623.3132,68437,82784,Rhinolophus ferrumequinum,0.036,0.036,-1,Echolocation,/mnt/ubna_data_02_mir/recover-20220922/UBNA_001/20220921_090000.WAV,Telephone Field,recover-20220922,001,1795
1623.2935,1623.3301,68437,82040,Rhinolophus ferrumequinum,0.022,0.022,-1,Echolocation,/mnt/ubna_data_02_mir/recover-20220922/UBNA_001/20220921_090000.WAV,Telephone Field,recover-20220922,001,1795
1623.3325,1623.3738,68437,83071,Rhinolophus ferrumequinum,0.023,0.023,-1,Echolocation,/mnt/ubna_data_02_mir/recover-20220922/UBNA_001/20220921_090000.WAV,Telephone Field,recover-20220922,001,1795
1623.3335,1623.344,22890,27970,Nyctalus leisleri,0.012,0.024,-1,Echolocation,/mnt/ubna_data_02_mir/recover-20220922/UBNA_001/20220921_090000.WAV,Telephone Field,recover-20220922,001,1795
1623.3595,1623.3657,36640,46993,Myotis daubentonii,0.009,0.026,-1,Echolocation,/mnt/ubna_data_02_mir/recover-20220922/UBNA_001/20220921_090000.WAV,Telephone Field,recover-20220922,001,1795
1623.3605,1623.3665,26328,44400,Myotis nattereri,0.009,0.036,-1,Echolocation,/mnt/ubna_data_02_mir/recover-20220922/UBNA_001/20220921_090000.WAV,Telephone Field,recover-20220922,001,1795
1623.3905,1623.4315,68437,83000,Rhinolophus ferrumequinum,0.023,0.023,-1,Echolocation,/mnt/ubna_data_02_mir/recover-20220922/UBNA_001/20220921_090000.WAV,Telephone Field,recover-20220922,001,1795
1623.4425,1623.4487,24609,36273,Plecotus austriacus,0.012,0.029,-1,Echolocation,/mnt/ubna_data_02_mir/recover-20220922/UBNA_001/20220921_090000.WAV,Telephone Field,recover-20220922,001,1795
1623.4655,1623.5052,68437,82449,Rhinolophus ferrumequinum,0.023,0.023,-1,Echolocation,/mnt/ubna_data_02_mir/recover-20220922/UBNA_001/20220921_090000.WAV,Telephone Field,recover-20220922,001,1795
1623.4865,1623.5278,68437,83137,Rhinolophus ferrumequinum,0.027,0.027,-1,Echolocation,/mnt/ubna_data_02_mir/recover-20220922/UBNA_001/20220921_090000.WAV,Telephone Field,recover-20220922,001,1795
1623.4975,1623.5073,24609,31637,Eptesicus serotinus,0.018,0.052,-1,Echolocation,/mnt/ubna_data_02_mir/recover-20220922/UBNA_001/20220921_090000.WAV,Telephone Field,recover-20220922,001,1795
1623.5005,1623.5367,68437,81326,Rhinolophus ferrumequinum,0.023,0.023,-1,Echolocation,/mnt/ubna_data_02_mir/recover-20220922/UBNA_001/20220921_090000.WAV,Telephone Field,recover-20220922,001,1795
1623.5415,1623.584,68437,83079,Rhinolophus ferrumequinum,0.028,0.028,-1,Echolocation,/mnt/ubna_data_02_mir/recover-20220922/UBNA_001/20220921_090000.WAV,Telephone Field,recover-20220922,001,1795
1623.5655,1623.6015,68437,81890,Rhinolophus ferrumequinum,0.024,0.024,-1,Echolocation,/mnt/ubna_data_02_mir/recover-20220922/UBNA_001/20220921_090000.WAV,Telephone Field,recover-20220922,001,1795
1623.5905,1623.6317,68437,82294,Rhinolophus ferrumequinum,0.03,0.03,-1,Echolocation,/mnt/ubna_data_02_mir/recover-20220922/UBNA_001/20220921_090000.WAV,Telephone Field,recover-20220922,001,1795
1623.6065,1623.6145,27187,39988,Eptesicus serotinus,0.007,0.022,-1,Echolocation,/mnt/ubna_data_02_mir/recover-20220922/UBNA_001/20220921_090000.WAV,Telephone Field,recover-20220922,001,1795
1623.6085,1623.6492,68437,82428,Rhinolophus ferrumequinum,0.023,0.023,-1,Echolocation,/mnt/ubna_data_02_mir/recover-20220922/UBNA_001/20220921_090000.WAV,Telephone Field,recover-20220922,001,1795
1623.6215,1623.6595,68437,82058,Rhinolophus ferrumequinum,0.021,0.021,-1,Echolocation,/mnt/ubna_data_02_mir/recover-20220922/UBNA_001/20220921_090000.WAV,Telephone Field,recover-20220922,001,1795
1623.6395,1623.6467,24609,34478,Plecotus austriacus,0.011,0.031,-1,Echolocation,/mnt/ubna_data_02_mir/recover-20220922/UBNA_001/20220921_090000.WAV,Telephone Field,recover-20220922,001,1795
1623.6525,1623.6917,68437,82155,Rhinolophus ferrumequinum,0.022,0.022,-1,Echolocation,/mnt/ubna_data_02_mir/recover-20220922/UBNA_001/20220921_090000.WAV,Telephone Field,recover-20220922,001,1795
1623.6605,1623.6677,23750,32118,Plecotus austriacus,0.016,0.034,-1,Echolocation,/mnt/ubna_data_02_mir/recover-20220922/UBNA_001/20220921_090000.WAV,Telephone Field,recover-20220922,001,1795
1623.6675,1623.7067,68437,82818,Rhinolophus ferrumequinum,0.025,0.025,-1,Echolocation,/mnt/ubna_data_02_mir/recover-20220922/UBNA_001/20220921_090000.WAV,Telephone Field,recover-20220922,001,1795
1623.6965,1623.7358,68437,82519,Rhinolophus ferrumequinum,0.024,0.024,-1,Echolocation,/mnt/ubna_data_02_mir/recover-20220922/UBNA_001/20220921_090000.WAV,Telephone Field,recover-20220922,001,1795
1623.7015,1623.7121,27187,35914,Eptesicus serotinus,0.01,0.022,-1,Echolocation,/mnt/ubna_data_02_mir/recover-20220922/UBNA_001/20220921_090000.WAV,Telephone Field,recover-20220922,001,1795
1623.7215,1623.7631,68437,83236,Rhinolophus ferrumequinum,0.026,0.026,-1,Echolocation,/mnt/ubna_data_02_mir/recover-20220922/UBNA_001/20220921_090000.WAV,Telephone Field,recover-20220922,001,1795
1623.7405,1623.7759,68437,81514,Rhinolophus ferrumequinum,0.023,0.023,-1,Echolocation,/mnt/ubna_data_02_mir/recover-20220922/UBNA_001/20220921_090000.WAV,Telephone Field,recover-20220922,001,1795
1623.7785,1623.8192,68437,82550,Rhinolophus ferrumequinum,0.022,0.022,-1,Echolocation,/mnt/ubna_data_02_mir/recover-20220922/UBNA_001/20220921_090000.WAV,Telephone Field,recover-20220922,001,1795
1623.8095,1623.8437,68437,81077,Rhinolophus ferrumequinum,0.022,0.022,-1,Echolocation,/mnt/ubna_data_02_mir/recover-20220922/UBNA_001/20220921_090000.WAV,Telephone Field,recover-20220922,001,1795
1623.8215,1623.8588,68437,82019,Rhinolophus ferrumequinum,0.021,0.021,-1,Echolocation,/mnt/ubna_data_02_mir/recover-20220922/UBNA_001/20220921_090000.WAV,Telephone Field,recover-20220922,001,1795
1623.8405,1623.8813,68437,83286,Rhinolophus ferrumequinum,0.034,0.034,-1,Echolocation,/mnt/ubna_data_02_mir/recover-20220922/UBNA_001/20220921_090000.WAV,Telephone Field,recover-20220922,001,1795
1623.8475,1623.8857,68437,82337,Rhinolophus ferrumequinum,0.024,0.024,-1,Echolocation,/mnt/ubna_data_02_mir/recover-20220922/UBNA_001/20220921_090000.WAV,Telephone Field,recover-20220922,001,1795
1623.9245,1623.9637,68437,82053,Rhinolophus ferrumequinum,0.023,0.023,-1,Echolocation,/mnt/ubna_data_02_mir/recover-20220922/UBNA_001/20220921_090000.WAV,Telephone Field,recover-20220922,001,1795
1623.9285,1623.9387,23750,30197,Nyctalus leisleri,0.01,0.025,-1,Echolocation,/mnt/ubna_data_02_mir/recover-20220922/UBNA_001/20220921_090000.WAV,Telephone Field,recover-20220922,001,1795
1623.9375,1623.9794,68437,82787,Rhinolophus ferrumequinum,0.022,0.022,-1,Echolocation,/mnt/ubna_data_02_mir/recover-20220922/UBNA_001/20220921_090000.WAV,Telephone Field,recover-20220922,001,1795
1623.9435,1623.9513,26328,41014,Eptesicus serotinus,0.007,0.024,-1,Echolocation,/mnt/ubna_data_02_mir/recover-20220922/UBNA_001/20220921_090000.WAV,Telephone Field,recover-20220922,001,1795
1623.9575,1623.969,22890,27497,Nyctalus leisleri,0.015,0.027,-1,Echolocation,/mnt/ubna_data_02_mir/recover-20220922/UBNA_001/20220921_090000.WAV,Telephone Field,recover-20220922,001,1795
1623.9585,1623.9984,68437,82207,Rhinolophus ferrumequinum,0.023,0.023,-1,Echolocation,/mnt/ubna_data_02_mir/recover-20220922/UBNA_001/20220921_090000.WAV,Telephone Field,recover-20220922,001,1795
1623.9865,1623.9944,28046,39279,Eptesicus serotinus,0.007,0.024,-1,Echolocation,/mnt/ubna_data_02_mir/recover-20220922/UBNA_001/20220921_090000.WAV,Telephone Field,recover-20220922,001,1795
1624.0015,1624.0316,70156,82703,Rhinolophus ferrumequinum,0.033,0.033,-1,Echolocation,/mnt/ubna_data_02_mir/recover-20220922/UBNA_001/20220921_090000.WAV,Telephone Field,recover-20220922,001,1795
1624.0015,1624.0088,26328,38414,Eptesicus serotinus,0.006,0.029,-1,Echolocation,/mnt/ubna_data_02_mir/recover-20220922/UBNA_001/20220921_090000.WAV,Telephone Field,recover-20220922,001,1795
1624.0015,1624.0109,45234,51751,Pipistrellus pipistrellus,0.026,0.032,-1,Echolocation,/mnt/ubna_data_02_mir/recover-20220922/UBNA_001/20220921_090000.WAV,Telephone Field,recover-20220922,001,1795
1624.0135,1624.0554,68437,82420,Rhinolophus ferrumequinum,0.025,0.025,-1,Echolocation,/mnt/ubna_data_02_mir/recover-20220922/UBNA_001/20220921_090000.WAV,Telephone Field,recover-20220922,001,1795
1624.0145,1624.0233,28906,39227,Eptesicus serotinus,0.009,0.024,-1,Echolocation,/mnt/ubna_data_02_mir/recover-20220922/UBNA_001/20220921_090000.WAV,Telephone Field,recover-20220922,001,1795
1624.0195,1624.061,68437,82688,Rhinolophus ferrumequinum,0.026,0.026,-1,Echolocation,/mnt/ubna_data_02_mir/recover-20220922/UBNA_001/20220921_090000.WAV,Telephone Field,recover-20220922,001,1795
1624.0255,1624.0636,68437,82131,Rhinolophus ferrumequinum,0.027,0.027,-1,Echolocation,/mnt/ubna_data_02_mir/recover-20220922/UBNA_001/20220921_090000.WAV,Telephone Field,recover-20220922,001,1795
1624.0395,1624.0764,68437,82382,Rhinolophus ferrumequinum,0.021,0.021,-1,Echolocation,/mnt/ubna_data_02_mir/recover-20220922/UBNA_001/20220921_090000.WAV,Telephone Field,recover-20220922,001,1795
1624.0675,1624.1065,68437,82117,Rhinolophus ferrumequinum,0.025,0.025,-1,Echolocation,/mnt/ubna_data_02_mir/recover-20220922/UBNA_001/20220921_090000.WAV,Telephone Field,recover-20220922,001,1795
1624.0815,1624.0916,28906,35853,Eptesicus serotinus,0.009,0.024,-1,Echolocation,/mnt/ubna_data_02_mir/recover-20220922/UBNA_001/20220921_090000.WAV,Telephone Field,recover-20220922,001,1795
1624.1155,1624.1257,44375,48076,Pipistrellus pipistrellus,0.021,0.026,-1,Echolocation,/mnt/ubna_data_02_mir/recover-20220922/UBNA_001/20220921_090000.WAV,Telephone Field,recover-20220922,001,1795
1624.1175,1624.1266,28046,39090,Eptesicus serotinus,0.01,0.026,-1,Echolocation,/mnt/ubna_data_02_mir/recover-20220922/UBNA_001/20220921_090000.WAV,Telephone Field,recover-20220922,001,1795
1624.1275,1624.1683,68437,83143,Rhinolophus ferrumequinum,0.028,0.028,-1,Echolocation,/mnt/ubna_data_02_mir/recover-20220922/UBNA_001/20220921_090000.WAV,Telephone Field,recover-20220922,001,1795
1624.1595,1624.2006,68437,83131,Rhinolophus ferrumequinum,0.024,0.024,-1,Echolocation,/mnt/ubna_data_02_mir/recover-20220922/UBNA_001/20220921_090000.WAV,Telephone Field,recover-20220922,001,1795
1624.1975,1624.2061,28046,36474,Eptesicus serotinus,0.008,0.021,-1,Echolocation,/mnt/ubna_data_02_mir/recover-20220922/UBNA_001/20220921_090000.WAV,Telephone Field,recover-20220922,001,1795
1624.2245,1624.2356,23750,30080,Nyctalus leisleri,0.008,0.021,-1,Echolocation,/mnt/ubna_data_02_mir/recover-20220922/UBNA_001/20220921_090000.WAV,Telephone Field,recover-20220922,001,1795
1624.2615,1624.3005,68437,81838,Rhinolophus ferrumequinum,0.022,0.022,-1,Echolocation,/mnt/ubna_data_02_mir/recover-20220922/UBNA_001/20220921_090000.WAV,Telephone Field,recover-20220922,001,1795
1624.3015,1624.3431,68437,83426,Rhinolophus ferrumequinum,0.035,0.035,-1,Echolocation,/mnt/ubna_data_02_mir/recover-20220922/UBNA_001/20220921_090000.WAV,Telephone Field,recover-20220922,001,1795
1624.3445,1624.3542,28046,35731,Eptesicus serotinus,0.01,0.025,-1,Echolocation,/mnt/ubna_data_02_mir/recover-20220922/UBNA_001/20220921_090000.WAV,Telephone Field,recover-20220922,001,1795
1624.3555,1624.3984,68437,82955,Rhinolophus ferrumequinum,0.037,0.037,-1,Echolocation,/mnt/ubna_data_02_mir/recover-20220922/UBNA_001/20220921_090000.WAV,Telephone Field,recover-20220922,001,1795
1624.3815,1624.3882,52109,58075,Pipistrellus pipistrellus,0.017,0.021,-1,Echolocation,/mnt/ubna_data_02_mir/recover-20220922/UBNA_001/20220921_090000.WAV,Telephone Field,recover-20220922,001,1795
1624.4155,1624.4533,68437,82178,Rhinolophus ferrumequinum,0.039,0.039,-1,Echolocation,/mnt/ubna_data_02_mir/recover-20220922/UBNA_001/20220921_090000.WAV,Telephone Field,recover-20220922,001,1795
1624.5185,1624.5297,28906,35531,Eptesicus serotinus,0.011,0.024,-1,Echolocation,/mnt/ubna_data_02_mir/recover-20220922/UBNA_001/20220921_090000.WAV,Telephone Field,recover-20220922,001,1795
1624.5505,1624.5881,68437,81448,Rhinolophus ferrumequinum,0.021,0.022,-1,Echolocation,/mnt/ubna_data_02_mir/recover-20220922/UBNA_001/20220921_090000.WAV,Telephone Field,recover-20220922,001,1795
1624.5655,1624.5748,22031,27889,Plecotus austriacus,0.009,0.024,-1,Echolocation,/mnt/ubna_data_02_mir/recover-20220922/UBNA_001/20220921_090000.WAV,Telephone Field,recover-20220922,001,1795
1624.5975,1624.6368,68437,82323,Rhinolophus ferrumequinum,0.021,0.021,-1,Echolocation,/mnt/ubna_data_02_mir/recover-20220922/UBNA_001/20220921_090000.WAV,Telephone Field,recover-20220922,001,1795
1624.6215,1624.6597,68437,82055,Rhinolophus ferrumequinum,0.022,0.022,-1,Echolocation,/mnt/ubna_data_02_mir/recover-20220922/UBNA_001/20220921_090000.WAV,Telephone Field,recover-20220922,001,1795
1624.6395,1624.6468,28046,38700,Eptesicus serotinus,0.006,0.022,-1,Echolocation,/mnt/ubna_data_02_mir/recover-20220922/UBNA_001/20220921_090000.WAV,Telephone Field,recover-20220922,001,1795
1624.6445,1624.653,28046,37068,Eptesicus serotinus,0.007,0.021,-1,Echolocation,/mnt/ubna_data_02_mir/recover-20220922/UBNA_001/20220921_090000.WAV,Telephone Field,recover-20220922,001,1795
1624.6665,1624.7069,68437,82289,Rhinolophus ferrumequinum,0.022,0.022,-1,Echolocation,/mnt/ubna_data_02_mir/recover-20220922/UBNA_001/20220921_090000.WAV,Telephone Field,recover-20220922,001,1795
1624.6665,1624.6771,50390,58272,Pipistrellus pipistrellus,0.033,0.039,-1,Echolocation,/mnt/ubna_data_02_mir/recover-20220922/UBNA_001/20220921_090000.WAV,Telephone Field,recover-20220922,001,1795
1624.6865,1624.6962,28046,36189,Eptesicus serotinus,0.009,0.021,-1,Echolocation,/mnt/ubna_data_02_mir/recover-20220922/UBNA_001/20220921_090000.WAV,Telephone Field,recover-20220922,001,1795
1624.6895,1624.6965,47812,51780,Pipistrellus pipistrellus,0.02,0.022,-1,Echolocation,/mnt/ubna_data_02_mir/recover-20220922/UBNA_001/20220921_090000.WAV,Telephone Field,recover-20220922,001,1795
1624.6915,1624.7285,68437,82067,Rhinolophus ferrumequinum,0.021,0.021,-1,Echolocation,/mnt/ubna_data_02_mir/recover-20220922/UBNA_001/20220921_090000.WAV,Telephone Field,recover-20220922,001,1795
1624.7055,1624.7462,68437,81412,Rhinolophus ferrumequinum,0.027,0.027,-1,Echolocation,/mnt/ubna_data_02_mir/recover-20220922/UBNA_001/20220921_090000.WAV,Telephone Field,recover-20220922,001,1795
1624.7095,1624.7181,28046,36923,Eptesicus serotinus,0.009,0.023,-1,Echolocation,/mnt/ubna_data_02_mir/recover-20220922/UBNA_001/20220921_090000.WAV,Telephone Field,recover-20220922,001,1795
1624.7485,1624.787,68437,82100,Rhinolophus ferrumequinum,0.021,0.021,-1,Echolocation,/mnt/ubna_data_02_mir/recover-20220922/UBNA_001/20220921_090000.WAV,Telephone Field,recover-20220922,001,1795
1624.7505,1624.7586,28046,37350,Eptesicus serotinus,0.008,0.021,-1,Echolocation,/mnt/ubna_data_02_mir/recover-20220922/UBNA_001/20220921_090000.WAV,Telephone Field,recover-20220922,001,1795
1624.7885,1624.8259,68437,81658,Rhinolophus ferrumequinum,0.022,0.022,-1,Echolocation,/mnt/ubna_data_02_mir/recover-20220922/UBNA_001/20220921_090000.WAV,Telephone Field,recover-20220922,001,1795
1624.7945,1624.834,68437,82133,Rhinolophus ferrumequinum,0.022,0.022,-1,Echolocation,/mnt/ubna_data_02_mir/recover-20220922/UBNA_001/20220921_090000.WAV,Telephone Field,recover-20220922,001,1795
1624.7955,1624.8062,23750,30198,Nyctalus leisleri,0.01,0.027,-1,Echolocation,/mnt/ubna_data_02_mir/recover-20220922/UBNA_001/20220921_090000.WAV,Telephone Field,recover-20220922,001,1795
1624.8485,1624.8889,68437,82143,Rhinolophus ferrumequinum,0.022,0.022,-1,Echolocation,/mnt/ubna_data_02_mir/recover-20220922/UBNA_001/20220921_090000.WAV,Telephone Field,recover-20220922,001,1795
1624.8575,1624.8647,28046,40467,Eptesicus serotinus,0.008,0.025,-1,Echolocation,/mnt/ubna_data_02_mir/recover-20220922/UBNA_001/20220921_090000.WAV,Telephone Field,recover-20220922,001,1795
1624.8585,1624.8684,22031,27743,Nyctalus leisleri,0.008,0.022,-1,Echolocation,/mnt/ubna_data_02_mir/recover-20220922/UBNA_001/20220921_090000.WAV,Telephone Field,recover-20220922,001,1795
1624.9205,1624.9588,68437,82236,Rhinolophus ferrumequinum,0.022,0.022,-1,Echolocation,/mnt/ubna_data_02_mir/recover-20220922/UBNA_001/20220921_090000.WAV,Telephone Field,recover-20220922,001,1795
1624.9915,1625.0306,68437,82250,Rhinolophus ferrumequinum,0.022,0.022,-1,Echolocation,/mnt/ubna_data_02_mir/recover-20220922/UBNA_001/20220921_090000.WAV,Telephone Field,recover-20220922,001,1795
1624.9925,1625.0011,47812,56591,Pipistrellus pipistrellus,0.018,0.021,-1,Echolocation,/mnt/ubna_data_02_mir/recover-20220922/UBNA_001/20220921_090000.WAV,Telephone Field,recover-20220922,001,1795
1625.0015,1625.0079,28906,40247,Eptesicus serotinus,0.006,0.023,-1,Echolocation,/mnt/ubna_data_02_mir/recover-20220922/UBNA_001/20220921_090000.WAV,Telephone Field,recover-20220922,001,1795
1625.0735,1625.1114,68437,81989,Rhinolophus ferrumequinum,0.022,0.022,-1,Echolocation,/mnt/ubna_data_02_mir/recover-20220922/UBNA_001/20220921_090000.WAV,Telephone Field,recover-20220922,001,1795
1625.0845,1625.0954,22890,28760,Nyctalus leisleri,0.009,0.022,-1,Echolocation,/mnt/ubna_data_02_mir/recover-20220922/UBNA_001/20220921_090000.WAV,Telephone Field,recover-20220922,001,1795
1625.1105,1625.1458,68437,81359,Rhinolophus ferrumequinum,0.024,0.024,-1,Echolocation,/mnt/ubna_data_02_mir/recover-20220922/UBNA_001/20220921_090000.WAV,Telephone Field,recover-20220922,001,1795
1625.1175,1625.127,23750,30341,Nyctalus leisleri,0.007,0.021,-1,Echolocation,/mnt/ubna_data_02_mir/recover-20220922/UBNA_001/20220921_090000.WAV,Telephone Field,recover-20220922,001,1795
1625.1285,1625.1712,68437,82978,Rhinolophus ferrumequinum,0.026,0.026,-1,Echolocation,/mnt/ubna_data_02_mir/recover-20220922/UBNA_001/20220921_090000.WAV,Telephone Field,recover-20220922,001,1795
1625.1565,1625.1932,68437,81909,Rhinolophus ferrumequinum,0.022,0.022,-1,Echolocation,/mnt/ubna_data_02_mir/recover-20220922/UBNA_001/20220921_090000.WAV,Telephone Field,recover-20220922,001,1795
1625.1595,1625.1683,28046,36576,Eptesicus serotinus,0.008,0.021,-1,Echolocation,/mnt/ubna_data_02_mir/recover-20220922/UBNA_001/20220921_090000.WAV,Telephone Field,recover-20220922,001,1795
1625.1915,1625.2271,68437,81120,Rhinolophus ferrumequinum,0.021,0.021,-1,Echolocation,/mnt/ubna_data_02_mir/recover-20220922/UBNA_001/20220921_090000.WAV,Telephone Field,recover-20220922,001,1795
1625.1985,1625.2324,68437,81260,Rhinolophus ferrumequinum,0.022,0.022,-1,Echolocation,/mnt/ubna_data_02_mir/recover-20220922/UBNA_001/20220921_090000.WAV,Telephone Field,recover-20220922,001,1795
1625.2305,1625.2702,68437,82015,Rhinolophus ferrumequinum,0.021,0.021,-1,Echolocation,/mnt/ubna_data_02_mir/recover-20220922/UBNA_001/20220921_090000.WAV,Telephone Field,recover-20220922,001,1795
1625.2745,1625.3141,68437,82270,Rhinolophus ferrumequinum,0.021,0.021,-1,Echolocation,/mnt/ubna_data_02_mir/recover-20220922/UBNA_001/20220921_090000.WAV,Telephone Field,recover-20220922,001,1795
1625.2875,1625.2945,27187,39427,Eptesicus serotinus,0.007,0.024,-1,Echolocation,/mnt/ubna_data_02_mir/recover-20220922/UBNA_001/20220921_090000.WAV,Telephone Field,recover-20220922,001,1795
1625.2965,1625.3373,68437,83113,Rhinolophus ferrumequinum,0.026,0.026,-1,Echolocation,/mnt/ubna_data_02_mir/recover-20220922/UBNA_001/20220921_090000.WAV,Telephone Field,recover-20220922,001,1795
1625.2985,1625.3113,22031,26754,Nyctalus leisleri,0.011,0.023,-1,Echolocation,/mnt/ubna_data_02_mir/recover-20220922/UBNA_001/20220921_090000.WAV,Telephone Field,recover-20220922,001,1795
1625.3355,1625.3738,68437,82583,Rhinolophus ferrumequinum,0.025,0.025,-1,Echolocation,/mnt/ubna_data_02_mir/recover-20220922/UBNA_001/20220921_090000.WAV,Telephone Field,recover-20220922,001,1795
1625.3725,1625.4119,68437,82444,Rhinolophus ferrumequinum,0.023,0.023,-1,Echolocation,/mnt/ubna_data_02_mir/recover-20220922/UBNA_001/20220921_090000.WAV,Telephone Field,recover-20220922,001,1795
1625.3845,1625.393,28046,38977,Eptesicus serotinus,0.008,0.023,-1,Echolocation,/mnt/ubna_data_02_mir/recover-20220922/UBNA_001/20220921_090000.WAV,Telephone Field,recover-20220922,001,1795
1625.4035,1625.4143,23750,31041,Nyctalus leisleri,0.011,0.028,-1,Echolocation,/mnt/ubna_data_02_mir/recover-20220922/UBNA_001/20220921_090000.WAV,Telephone Field,recover-20220922,001,1795
1625.4195,1625.4578,68437,82256,Rhinolophus ferrumequinum,0.029,0.029,-1,Echolocation,/mnt/ubna_data_02_mir/recover-20220922/UBNA_001/20220921_090000.WAV,Telephone Field,recover-20220922,001,1795
1625.4865,1625.4952,27187,35373,Eptesicus serotinus,0.025,0.048,-1,Echolocation,/mnt/ubna_data_02_mir/recover-20220922/UBNA_001/20220921_090000.WAV,Telephone Field,recover-20220922,001,1795
1625.5195,1625.5266,28046,38549,Eptesicus serotinus,0.007,0.021,-1,Echolocation,/mnt/ubna_data_02_mir/recover-20220922/UBNA_001/20220921_090000.WAV,Telephone Field,recover-20220922,001,1795
1625.5385,1625.5801,68437,82784,Rhinolophus ferrumequinum,0.039,0.039,-1,Echolocation,/mnt/ubna_data_02_mir/recover-20220922/UBNA_001/20220921_090000.WAV,Telephone Field,recover-20220922,001,1795
1625.5955,1625.6058,28046,35297,Eptesicus serotinus,0.011,0.024,-1,Echolocation,/mnt/ubna_data_02_mir/recover-20220922/UBNA_001/20220921_090000.WAV,Telephone Field,recover-20220922,001,1795
1625.6025,1625.6436,68437,82123,Rhinolophus ferrumequinum,0.022,0.022,-1,Echolocation,/mnt/ubna_data_02_mir/recover-20220922/UBNA_001/20220921_090000.WAV,Telephone Field,recover-20220922,001,1795
1625.6835,1625.6917,28906,34493,Eptesicus serotinus,0.025,0.055,-1,Echolocation,/mnt/ubna_data_02_mir/recover-20220922/UBNA_001/20220921_090000.WAV,Telephone Field,recover-20220922,001,1795
1625.6935,1625.7021,46953,53472,Pipistrellus pipistrellus,0.025,0.032,-1,Echolocation,/mnt/ubna_data_02_mir/recover-20220922/UBNA_001/20220921_090000.WAV,Telephone Field,recover-20220922,001,1795
1625.7105,1625.7211,28906,35021,Eptesicus serotinus,0.009,0.021,-1,Echolocation,/mnt/ubna_data_02_mir/recover-20220922/UBNA_001/20220921_090000.WAV,Telephone Field,recover-20220922,001,1795
1625.7435,1625.7836,68437,82543,Rhinolophus ferrumequinum,0.024,0.024,-1,Echolocation,/mnt/ubna_data_02_mir/recover-20220922/UBNA_001/20220921_090000.WAV,Telephone Field,recover-20220922,001,1795
1625.7515,1625.7598,28906,39591,Eptesicus serotinus,0.008,0.023,-1,Echolocation,/mnt/ubna_data_02_mir/recover-20220922/UBNA_001/20220921_090000.WAV,Telephone Field,recover-20220922,001,1795
1625.7945,1625.8029,26328,37207,Eptesicus serotinus,0.008,0.022,-1,Echolocation,/mnt/ubna_data_02_mir/recover-20220922/UBNA_001/20220921_090000.WAV,Telephone Field,recover-20220922,001,1795
1625.8245,1625.8336,50390,55724,Pipistrellus pipistrellus,0.017,0.022,-1,Echolocation,/mnt/ubna_data_02_mir/recover-20220922/UBNA_001/20220921_090000.WAV,Telephone Field,recover-20220922,001,1795
1625.8515,1625.8609,27187,36403,Eptesicus serotinus,0.041,0.065,-1,Echolocation,/mnt/ubna_data_02_mir/recover-20220922/UBNA_001/20220921_090000.WAV,Telephone Field,recover-20220922,001,1795
1625.8695,1625.9052,68437,81907,Rhinolophus ferrumequinum,0.021,0.021,-1,Echolocation,/mnt/ubna_data_02_mir/recover-20220922/UBNA_001/20220921_090000.WAV,Telephone Field,recover-20220922,001,1795
1625.8785,1625.9181,68437,82282,Rhinolophus ferrumequinum,0.021,0.021,-1,Echolocation,/mnt/ubna_data_02_mir/recover-20220922/UBNA_001/20220921_090000.WAV,Telephone Field,recover-20220922,001,1795
1625.9095,1625.9457,68437,82152,Rhinolophus ferrumequinum,0.021,0.021,-1,Echolocation,/mnt/ubna_data_02_mir/recover-20220922/UBNA_001/20220921_090000.WAV,Telephone Field,recover-20220922,001,1795
1625.9675,1625.9766,28906,36506,Eptesicus serotinus,0.007,0.022,-1,Echolocation,/mnt/ubna_data_02_mir/recover-20220922/UBNA_001/20220921_090000.WAV,Telephone Field,recover-20220922,001,1795
1626.0015,1626.035,68437,80271,Rhinolophus ferrumequinum,0.048,0.048,-1,Echolocation,/mnt/ubna_data_02_mir/recover-20220922/UBNA_001/20220921_090000.WAV,Telephone Field,recover-20220922,001,1795
1626.0015,1626.0097,29765,38469,Eptesicus serotinus,0.006,0.027,-1,Echolocation,/mnt/ubna_data_02_mir/recover-20220922/UBNA_001/20220921_090000.WAV,Telephone Field,recover-20220922,001,1795
1626.0015,1626.0108,22890,31286,Nyctalus leisleri,0.01,0.03,-1,Echolocation,/mnt/ubna_data_02_mir/recover-20220922/UBNA_001/20220921_090000.WAV,Telephone Field,recover-20220922,001,1795
1626.0075,1626.0506,68437,82376,Rhinolophus ferrumequinum,0.025,0.025,-1,Echolocation,/mnt/ubna_data_02_mir/recover-20220922/UBNA_001/20220921_090000.WAV,Telephone Field,recover-20220922,001,1795
1626.0245,1626.0317,28906,39606,Eptesicus serotinus,0.007,0.023,-1,Echolocation,/mnt/ubna_data_02_mir/recover-20220922/UBNA_001/20220921_090000.WAV,Telephone Field,recover-20220922,001,1795
1626.0255,1626.0403,52109,56023,Pipistrellus pygmaeus,0.042,0.058,-1,Echolocation,/mnt/ubna_data_02_mir/recover-20220922/UBNA_001/20220921_090000.WAV,Telephone Field,recover-20220922,001,1795
1626.0675,1626.108,68437,82397,Rhinolophus ferrumequinum,0.027,0.027,-1,Echolocation,/mnt/ubna_data_02_mir/recover-20220922/UBNA_001/20220921_090000.WAV,Telephone Field,recover-20220922,001,1795
1626.0765,1626.0919,21171,25195,Nyctalus leisleri,0.014,0.029,-1,Echolocation,/mnt/ubna_data_02_mir/recover-20220922/UBNA_001/20220921_090000.WAV,Telephone Field,recover-20220922,001,1795
1626.1055,1626.1153,14296,24846,Nyctalus noctula,0.01,0.021,-1,Echolocation,/mnt/ubna_data_02_mir/recover-20220922/UBNA_001/20220921_090000.WAV,Telephone Field,recover-20220922,001,1795
1626.1105,1626.1183,28046,38698,Eptesicus serotinus,0.008,0.023,-1,Echolocation,/mnt/ubna_data_02_mir/recover-20220922/UBNA_001/20220921_090000.WAV,Telephone Field,recover-20220922,001,1795
1626.1415,1626.1517,22890,28291,Nyctalus leisleri,0.009,0.021,-1,Echolocation,/mnt/ubna_data_02_mir/recover-20220922/UBNA_001/20220921_090000.WAV,Telephone Field,recover-20220922,001,1795
1626.1535,1626.193,68437,82235,Rhinolophus ferrumequinum,0.028,0.028,-1,Echolocation,/mnt/ubna_data_02_mir/recover-20220922/UBNA_001/20220921_090000.WAV,Telephone Field,recover-20220922,001,1795
1626.1995,1626.2363,68437,81745,Rhinolophus ferrumequinum,0.035,0.035,-1,Echolocation,/mnt/ubna_data_02_mir/recover-20220922/UBNA_001/20220921_090000.WAV,Telephone Field,recover-20220922,001,1795
1626.2195,1626.2284,37500,45091,Pipistrellus nathusii,0.008,0.026,-1,Echolocation,/mnt/ubna_data_02_mir/recover-20220922/UBNA_001/20220921_090000.WAV,Telephone Field,recover-20220922,001,1795
1626.2205,1626.265,68437,83121,Rhinolophus ferrumequinum,0.03,0.03,-1,Echolocation,/mnt/ubna_data_02_mir/recover-20220922/UBNA_001/20220921_090000.WAV,Telephone Field,recover-20220922,001,1795
1626.2445,1626.2521,28906,41258,Eptesicus serotinus,0.007,0.021,-1,Echolocation,/mnt/ubna_data_02_mir/recover-20220922/UBNA_001/20220921_090000.WAV,Telephone Field,recover-20220922,001,1795
1626.2735,1626.312,68437,82540,Rhinolophus ferrumequinum,0.022,0.022,-1,Echolocation,/mnt/ubna_data_02_mir/recover-20220922/UBNA_001/20220921_090000.WAV,Telephone Field,recover-20220922,001,1795
1626.3215,1626.3299,46953,51129,Pipistrellus pipistrellus,0.02,0.021,-1,Echolocation,/mnt/ubna_data_02_mir/recover-20220922/UBNA_001/20220921_090000.WAV,Telephone Field,recover-20220922,001,1795
1626.3325,1626.3427,23750,29244,Nyctalus leisleri,0.01,0.022,-1,Echolocation,/mnt/ubna_data_02_mir/recover-20220922/UBNA_001/20220921_090000.WAV,Telephone Field,recover-20220922,001,1795
1626.3345,1626.3703,68437,81087,Rhinolophus ferrumequinum,0.024,0.024,-1,Echolocation,/mnt/ubna_data_02_mir/recover-20220922/UBNA_001/20220921_090000.WAV,Telephone Field,recover-20220922,001,1795
1626.3945,1626.4306,68437,81619,Rhinolophus ferrumequinum,0.022,0.022,-1,Echolocation,/mnt/ubna_data_02_mir/recover-20220922/UBNA_001/20220921_090000.WAV,Telephone Field,recover-20220922,001,1795
1626.4095,1626.4206,25468,32247,Eptesicus serotinus,0.009,0.024,-1,Echolocation,/mnt/ubna_data_02_mir/recover-20220922/UBNA_001/20220921_090000.WAV,Telephone Field,recover-20220922,001,1795
1626.4205,1626.4323,24609,29477,Nyctalus leisleri,0.013,0.027,-1,Echolocation,/mnt/ubna_data_02_mir/recover-20220922/UBNA_001/20220921_090000.WAV,Telephone Field,recover-20220922,001,1795
1626.4275,1626.4646,68437,81847,Rhinolophus ferrumequinum,0.025,0.025,-1,Echolocation,/mnt/ubna_data_02_mir/recover-20220922/UBNA_001/20220921_090000.WAV,Telephone Field,recover-20220922,001,1795
1626.4605,1626.4998,68437,82756,Rhinolophus ferrumequinum,0.027,0.027,-1,Echolocation,/mnt/ubna_data_02_mir/recover-20220922/UBNA_001/20220921_090000.WAV,Telephone Field,recover-20220922,001,1795
1626.4915,1626.4992,28046,40114,Eptesicus serotinus,0.007,0.023,-1,Echolocation,/mnt/ubna_data_02_mir/recover-20220922/UBNA_001/20220921_090000.WAV,Telephone Field,recover-20220922,001,1795
1626.5755,1626.6151,68437,82231,Rhinolophus ferrumequinum,0.022,0.022,-1,Echolocation,/mnt/ubna_data_02_mir/recover-20220922/UBNA_001/20220921_090000.WAV,Telephone Field,recover-20220922,001,1795
1626.5945,1626.6366,68437,82992,Rhinolophus ferrumequinum,0.023,0.023,-1,Echolocation,/mnt/ubna_data_02_mir/recover-20220922/UBNA_001/20220921_090000.WAV,Telephone Field,recover-20220922,001,1795
1626.6165,1626.6568,68437,82636,Rhinolophus ferrumequinum,0.022,0.022,-1,Echolocation,/mnt/ubna_data_02_mir/recover-20220922/UBNA_001/20220921_090000.WAV,Telephone Field,recover-20220922,001,1795
1626.6405,1626.6798,68437,82122,Rhinolophus ferrumequinum,0.034,0.034,-1,Echolocation,/mnt/ubna_data_02_mir/recover-20220922/UBNA_001/20220921_090000.WAV,Telephone Field,recover-20220922,001,1795
1626.6655,1626.7081,68437,82478,Rhinolophus ferrumequinum,0.031,0.031,-1,Echolocation,/mnt/ubna_data_02_mir/recover-20220922/UBNA_001/20220921_090000.WAV,Telephone Field,recover-20220922,001,1795
1626.6695,1626.6787,33203,40919,Eptesicus serotinus,0.008,0.031,-1,Echolocation,/mnt/ubna_data_02_mir/recover-20220922/UBNA_001/20220921_090000.WAV,Telephone Field,recover-20220922,001,1795
1626.6835,1626.6923,28046,37156,Eptesicus serotinus,0.008,0.022,-1,Echolocation,/mnt/ubna_data_02_mir/recover-20220922/UBNA_001/20220921_090000.WAV,Telephone Field,recover-20220922,001,1795
1626.7045,1626.7418,68437,81936,Rhinolophus ferrumequinum,0.024,0.024,-1,Echolocation,/mnt/ubna_data_02_mir/recover-20220922/UBNA_001/20220921_090000.WAV,Telephone Field,recover-20220922,001,1795
1626.7315,1626.7413,56406,63221,Pipistrellus pygmaeus,0.024,0.025,-1,Echolocation,/mnt/ubna_data_02_mir/recover-20220922/UBNA_001/20220921_090000.WAV,Telephone Field,recover-20220922,001,1795
1626.7505,1626.7856,68437,81114,Rhinolophus ferrumequinum,0.022,0.022,-1,Echolocation,/mnt/ubna_data_02_mir/recover-20220922/UBNA_001/20220921_090000.WAV,Telephone Field,recover-20220922,001,1795
1626.7705,1626.7794,58125,63534,Pipistrellus pygmaeus,0.034,0.034,-1,Echolocation,/mnt/ubna_data_02_mir/recover-20220922/UBNA_001/20220921_090000.WAV,Telephone Field,recover-20220922,001,1795
1626.7805,1626.7894,27187,38102,Eptesicus serotinus,0.008,0.022,-1,Echolocation,/mnt/ubna_data_02_mir/recover-20220922/UBNA_001/20220921_090000.WAV,Telephone Field,recover-20220922,001,1795
1626.8445,1626.8832,68437,81764,Rhinolophus ferrumequinum,0.022,0.022,-1,Echolocation,/mnt/ubna_data_02_mir/recover-20220922/UBNA_001/20220921_090000.WAV,Telephone Field,recover-20220922,001,1795
1626.8475,1626.8539,29765,40496,Eptesicus serotinus,0.007,0.028,-1,Echolocation,/mnt/ubna_data_02_mir/recover-20220922/UBNA_001/20220921_090000.WAV,Telephone Field,recover-20220922,001,1795
1626.8775,1626.8907,36640,40497,Pipistrellus nathusii,0.033,0.054,-1,Echolocation,/mnt/ubna_data_02_mir/recover-20220922/UBNA_001/20220921_090000.WAV,Telephone Field,recover-20220922,001,1795
1626.8795,1626.9217,68437,83196,Rhinolophus ferrumequinum,0.033,0.033,-1,Echolocation,/mnt/ubna_data_02_mir/recover-20220922/UBNA_001/20220921_090000.WAV,Telephone Field,recover-20220922,001,1795
1626.8955,1626.9034,27187,35181,Eptesicus serotinus,0.012,0.03,-1,Echolocation,/mnt/ubna_data_02_mir/recover-20220922/UBNA_001/20220921_090000.WAV,Telephone Field,recover-20220922,001,1795
1626.9115,1626.9494,68437,82666,Rhinolophus ferrumequinum,0.026,0.026,-1,Echolocation,/mnt/ubna_data_02_mir/recover-20220922/UBNA_001/20220921_090000.WAV,Telephone Field,recover-20220922,001,1795
1626.9215,1626.9318,38359,43167,Barbastellus barbastellus,0.013,0.033,-1,Echolocation,/mnt/ubna_data_02_mir/recover-20220922/UBNA_001/20220921_090000.WAV,Telephone Field,recover-20220922,001,1795
1626.9215,1626.9621,68437,81840,Rhinolophus ferrumequinum,0.022,0.022,-1,Echolocation,/mnt/ubna_data_02_mir/recover-20220922/UBNA_001/20220921_090000.WAV,Telephone Field,recover-20220922,001,1795
1626.9485,1626.9872,68437,81991,Rhinolophus ferrumequinum,0.021,0.021,-1,Echolocation,/mnt/ubna_data_02_mir/recover-20220922/UBNA_001/20220921_090000.WAV,Telephone Field,recover-20220922,001,1795
1626.9635,1626.9737,22031,26518,Nyctalus leisleri,0.01,0.021,-1,Echolocation,/mnt/ubna_data_02_mir/recover-20220922/UBNA_001/20220921_090000.WAV,Telephone Field,recover-20220922,001,1795
1626.9655,1627.0075,68437,82727,Rhinolophus ferrumequinum,0.028,0.028,-1,Echolocation,/mnt/ubna_data_02_mir/recover-20220922/UBNA_001/20220921_090000.WAV,Telephone Field,recover-20220922,001,1795
1626.9765,1626.9946,18593,22392,Nyctalus noctula,0.016,0.031,-1,Echolocation,/mnt/ubna_data_02_mir/recover-20220922/UBNA_001/20220921_090000.WAV,Telephone Field,recover-20220922,001,1795
1626.9925,1627.0306,68437,81558,Rhinolophus ferrumequinum,0.023,0.023,-1,Echolocation,/mnt/ubna_data_02_mir/recover-20220922/UBNA_001/20220921_090000.WAV,Telephone Field,recover-20220922,001,1795
1626.9935,1627.0024,28046,39147,Eptesicus serotinus,0.008,0.021,-1,Echolocation,/mnt/ubna_data_02_mir/recover-20220922/UBNA_001/20220921_090000.WAV,Telephone Field,recover-20220922,001,1795
1626.9985,1627.0337,68437,80992,Rhinolophus ferrumequinum,0.022,0.022,-1,Echolocation,/mnt/ubna_data_02_mir/recover-20220922/UBNA_001/20220921_090000.WAV,Telephone Field,recover-20220922,001,1795
1627.0085,1627.043,68437,81013,Rhinolophus ferrumequinum,0.022,0.022,-1,Echolocation,/mnt/ubna_data_02_mir/recover-20220922/UBNA_001/20220921_090000.WAV,Telephone Field,recover-20220922,001,1795
1627.0285,1627.0383,32343,40992,Myotis daubentonii,0.006,0.022,-1,Echolocation,/mnt/ubna_data_02_mir/recover-20220922/UBNA_001/20220921_090000.WAV,Telephone Field,recover-20220922,001,1795
1627.0365,1627.0741,68437,81600,Rhinolophus ferrumequinum,0.022,0.022,-1,Echolocation,/mnt/ubna_data_02_mir/recover-20220922/UBNA_001/20220921_090000.WAV,Telephone Field,recover-20220922,001,1795
1627.0385,1627.0448,46953,53827,Pipistrellus pipistrellus,0.021,0.022,-1,Echolocation,/mnt/ubna_data_02_mir/recover-20220922/UBNA_001/20220921_090000.WAV,Telephone Field,recover-20220922,001,1795
1627.0595,1627.0695,22890,29248,Nyctalus leisleri,0.009,0.023,-1,Echolocation,/mnt/ubna_data_02_mir/recover-20220922/UBNA_001/20220921_090000.WAV,Telephone Field,recover-20220922,001,1795
1627.0665,1627.0767,22890,28934,Nyctalus leisleri,0.009,0.023,-1,Echolocation,/mnt/ubna_data_02_mir/recover-20220922/UBNA_001/20220921_090000.WAV,Telephone Field,recover-20220922,001,1795
1627.0815,1627.122,68437,82561,Rhinolophus ferrumequinum,0.025,0.025,-1,Echolocation,/mnt/ubna_data_02_mir/recover-20220922/UBNA_001/20220921_090000.WAV,Telephone Field,recover-20220922,001,1795
1627.1255,1627.17,68437,83443,Rhinolophus ferrumequinum,0.042,0.042,-1,Echolocation,/mnt/ubna_data_02_mir/recover-20220922/UBNA_001/20220921_090000.WAV,Telephone Field,recover-20220922,001,1795
1627.1705,1627.18,28046,38611,Eptesicus serotinus,0.009,0.021,-1,Echolocation,/mnt/ubna_data_02_mir/recover-20220922/UBNA_001/20220921_090000.WAV,Telephone Field,recover-20220922,001,1795
1627.1805,1627.2146,68437,81780,Rhinolophus ferrumequinum,0.021,0.021,-1,Echolocation,/mnt/ubna_data_02_mir/recover-20220922/UBNA_001/20220921_090000.WAV,Telephone Field,recover-20220922,001,1795
1627.2195,1627.2278,26328,34808,Eptesicus serotinus,0.008,0.024,-1,Echolocation,/mnt/ubna_data_02_mir/recover-20220922/UBNA_001/20220921_090000.WAV,Telephone Field,recover-20220922,001,1795
1627.2305,1627.2732,68437,83114,Rhinolophus ferrumequinum,0.031,0.031,-1,Echolocation,/mnt/ubna_data_02_mir/recover-20220922/UBNA_001/20220921_090000.WAV,Telephone Field,recover-20220922,001,1795
1627.2635,1627.277,22031,25885,Nyctalus leisleri,0.013,0.022,-1,Echolocation,/mnt/ubna_data_02_mir/recover-20220922/UBNA_001/20220921_090000.WAV,Telephone Field,recover-20220922,001,1795
1627.2775,1627.3164,68437,81971,Rhinolophus ferrumequinum,0.022,0.022,-1,Echolocation,/mnt/ubna_data_02_mir/recover-20220922/UBNA_001/20220921_090000.WAV,Telephone Field,recover-20220922,001,1795
1627.3035,1627.3125,28046,34461,Eptesicus serotinus,0.022,0.044,-1,Echolocation,/mnt/ubna_data_02_mir/recover-20220922/UBNA_001/20220921_090000.WAV,Telephone Field,recover-20220922,001,1795
1627.3195,1627.3328,51250,56044,Pipistrellus pipistrellus,0.013,0.022,-1,Echolocation,/mnt/ubna_data_02_mir/recover-20220922/UBNA_001/20220921_090000.WAV,Telephone Field,recover-20220922,001,1795
1627.3235,1627.3589,68437,80965,Rhinolophus ferrumequinum,0.021,0.021,-1,Echolocation,/mnt/ubna_data_02_mir/recover-20220922/UBNA_001/20220921_090000.WAV,Telephone Field,recover-20220922,001,1795
1627.3285,1627.3386,25468,32980,Eptesicus serotinus,0.014,0.031,-1,Echolocation,/mnt/ubna_data_02_mir/recover-20220922/UBNA_001/20220921_090000.WAV,Telephone Field,recover-20220922,001,1795
1627.3535,1627.3643,46093,49394,Pipistrellus pipistrellus,0.033,0.036,-1,Echolocation,/mnt/ubna_data_02_mir/recover-20220922/UBNA_001/20220921_090000.WAV,Telephone Field,recover-20220922,001,1795
1627.3705,1627.4102,68437,82713,Rhinolophus ferrumequinum,0.028,0.028,-1,Echolocation,/mnt/ubna_data_02_mir/recover-20220922/UBNA_001/20220921_090000.WAV,Telephone Field,recover-20220922,001,1795
1627.3855,1627.4257,68437,82279,Rhinolophus ferrumequinum,0.022,0.022,-1,Echolocation,/mnt/ubna_data_02_mir/recover-20220922/UBNA_001/20220921_090000.WAV,Telephone Field,recover-20220922,001,1795
1627.3905,1627.396,24609,35570,Plecotus austriacus,0.027,0.051,-1,Echolocation,/mnt/ubna_data_02_mir/recover-20220922/UBNA_001/20220921_090000.WAV,Telephone Field,recover-20220922,001,1795
1627.4175,1627.4527,68437,81558,Rhinolophus ferrumequinum,0.023,0.023,-1,Echolocation,/mnt/ubna_data_02_mir/recover-20220922/UBNA_001/20220921_090000.WAV,Telephone Field,recover-20220922,001,1795
1627.4275,1627.4689,68437,82658,Rhinolophus ferrumequinum,0.023,0.023,-1,Echolocation,/mnt/ubna_data_02_mir/recover-20220922/UBNA_001/20220921_090000.WAV,Telephone Field,recover-20220922,001,1795
1627.4475,1627.4873,68437,81530,Rhinolophus ferrumequinum,0.023,0.023,-1,Echolocation,/mnt/ubna_data_02_mir/recover-20220922/UBNA_001/20220921_090000.WAV,Telephone Field,recover-20220922,001,1795
1627.4735,1627.5136,68437,81840,Rhinolophus ferrumequinum,0.022,0.022,-1,Echolocation,/mnt/ubna_data_02_mir/recover-20220922/UBNA_001/20220921_090000.WAV,Telephone Field,recover-20220922,001,1795
1627.4855,1627.5228,68437,82457,Rhinolophus ferrumequinum,0.022,0.022,-1,Echolocation,/mnt/ubna_data_02_mir/recover-20220922/UBNA_001/20220921_090000.WAV,Telephone Field,recover-20220922,001,1795
1627.4995,1627.5082,28906,39424,Eptesicus serotinus,0.009,0.024,-1,Echolocation,/mnt/ubna_data_02_mir/recover-20220922/UBNA_001/20220921_090000.WAV,Telephone Field,recover-20220922,001,1795
1627.5365,1627.5451,26328,35008,Eptesicus serotinus,0.008,0.023,-1,Echolocation,/mnt/ubna_data_02_mir/recover-20220922/UBNA_001/20220921_090000.WAV,Telephone Field,recover-20220922,001,1795
1627.5625,1627.6001,68437,82105,Rhinolophus ferrumequinum,0.023,0.023,-1,Echolocation,/mnt/ubna_data_02_mir/recover-20220922/UBNA_001/20220921_090000.WAV,Telephone Field,recover-20220922,001,1795
1627.5635,1627.575,22031,26156,Nyctalus leisleri,0.011,0.022,-1,Echolocation,/mnt/ubna_data_02_mir/recover-20220922/UBNA_001/20220921_090000.WAV,Telephone Field,recover-20220922,001,1795
1627.5795,1627.6188,68437,81762,Rhinolophus ferrumequinum,0.021,0.021,-1,Echolocation,/mnt/ubna_data_02_mir/recover-20220922/UBNA_001/20220921_090000.WAV,Telephone Field,recover-20220922,001,1795
1627.6125,1627.6545,68437,82887,Rhinolophus ferrumequinum,0.023,0.023,-1,Echolocation,/mnt/ubna_data_02_mir/recover-20220922/UBNA_001/20220921_090000.WAV,Telephone Field,recover-20220922,001,1795
1627.6175,1627.658,68437,82597,Rhinolophus ferrumequinum,0.023,0.023,-1,Echolocation,/mnt/ubna_data_02_mir/recover-20220922/UBNA_001/20220921_090000.WAV,Telephone Field,recover-20220922,001,1795
1627.6285,1627.6385,28906,37148,Eptesicus serotinus,0.011,0.025,-1,Echolocation,/mnt/ubna_data_02_mir/recover-20220922/UBNA_001/20220921_090000.WAV,Telephone Field,recover-20220922,001,1795
1627.6315,1627.669,68437,81854,Rhinolophus ferrumequinum,0.021,0.022,-1,Echolocation,/mnt/ubna_data_02_mir/recover-20220922/UBNA_001/20220921_090000.WAV,Telephone Field,recover-20220922,001,1795
1627.6555,1627.6644,28046,38330,Eptesicus serotinus,0.012,0.025,-1,Echolocation,/mnt/ubna_data_02_mir/recover-20220922/UBNA_001/20220921_090000.WAV,Telephone Field,recover-20220922,001,1795
1627.6745,1627.6817,28046,40612,Eptesicus serotinus,0.008,0.023,-1,Echolocation,/mnt/ubna_data_02_mir/recover-20220922/UBNA_001/20220921_090000.WAV,Telephone Field,recover-20220922,001,1795
1627.6885,1627.7295,68437,83208,Rhinolophus ferrumequinum,0.028,0.028,-1,Echolocation,/mnt/ubna_data_02_mir/recover-20220922/UBNA_001/20220921_090000.WAV,Telephone Field,recover-20220922,001,1795
1627.7215,1627.7647,68437,83535,Rhinolophus ferrumequinum,0.028,0.028,-1,Echolocation,/mnt/ubna_data_02_mir/recover-20220922/UBNA_001/20220921_090000.WAV,Telephone Field,recover-20220922,001,1795
1627.7905,1627.8303,68437,82318,Rhinolophus ferrumequinum,0.023,0.023,-1,Echolocation,/mnt/ubna_data_02_mir/recover-20220922/UBNA_001/20220921_090000.WAV,Telephone Field,recover-20220922,001,1795
1627.8065,1627.8455,68437,81996,Rhinolophus ferrumequinum,0.021,0.021,-1,Echolocation,/mnt/ubna_data_02_mir/recover-20220922/UBNA_001/20220921_090000.WAV,Telephone Field,recover-20220922,001,1795
1627.8155,1627.8261,22031,28356,Nyctalus leisleri,0.012,0.036,-1,Echolocation,/mnt/ubna_data_02_mir/recover-20220922/UBNA_001/20220921_090000.WAV,Telephone Field,recover-20220922,001,1795
1627.8695,1627.9101,68437,82631,Rhinolophus ferrumequinum,0.025,0.025,-1,Echolocation,/mnt/ubna_data_02_mir/recover-20220922/UBNA_001/20220921_090000.WAV,Telephone Field,recover-20220922,001,1795
1627.8795,1627.8879,28906,38790,Eptesicus serotinus,0.008,0.023,-1,Echolocation,/mnt/ubna_data_02_mir/recover-20220922/UBNA_001/20220921_090000.WAV,Telephone Field,recover-20220922,001,1795
1627.9025,1627.9099,27187,35647,Eptesicus serotinus,0.016,0.047,-1,Echolocation,/mnt/ubna_data_02_mir/recover-20220922/UBNA_001/20220921_090000.WAV,Telephone Field,recover-20220922,001,1795
1627.9335,1627.9455,22031,26592,Nyctalus leisleri,0.013,0.024,-1,Echolocation,/mnt/ubna_data_02_mir/recover-20220922/UBNA_001/20220921_090000.WAV,Telephone Field,recover-20220922,001,1795
1627.9335,1627.9739,68437,82396,Rhinolophus ferrumequinum,0.023,0.023,-1,Echolocation,/mnt/ubna_data_02_mir/recover-20220922/UBNA_001/20220921_090000.WAV,Telephone Field,recover-20220922,001,1795
1627.9875,1627.9952,23750,32559,Plecotus austriacus,0.011,0.027,-1,Echolocation,/mnt/ubna_data_02_mir/recover-20220922/UBNA_001/20220921_090000.WAV,Telephone Field,recover-20220922,001,1795
1628.0015,1628.01,24609,33113,Nyctalus leisleri,0.012,0.04,-1,Echolocation,/mnt/ubna_data_02_mir/recover-20220922/UBNA_001/20220921_090000.WAV,Telephone Field,recover-20220922,001,1795
1628.0095,1628.0196,14296,22905,Nyctalus noctula,0.011,0.022,-1,Echolocation,/mnt/ubna_data_02_mir/recover-20220922/UBNA_001/20220921_090000.WAV,Telephone Field,recover-20220922,001,1795
1628.0365,1628.0763,68437,82808,Rhinolophus ferrumequinum,0.03,0.03,-1,Echolocation,/mnt/ubna_data_02_mir/recover-20220922/UBNA_001/20220921_090000.WAV,Telephone Field,recover-20220922,001,1795
1628.0565,1628.068,22890,27885,Nyctalus leisleri,0.011,0.023,-1,Echolocation,/mnt/ubna_data_02_mir/recover-20220922/UBNA_001/20220921_090000.WAV,Telephone Field,recover-20220922,001,1795
1628.0645,1628.1027,68437,82210,Rhinolophus ferrumequinum,0.023,0.023,-1,Echolocation,/mnt/ubna_data_02_mir/recover-20220922/UBNA_001/20220921_090000.WAV,Telephone Field,recover-20220922,001,1795
1628.0715,1628.0816,28046,35047,Eptesicus serotinus,0.02,0.038,-1,Echolocation,/mnt/ubna_data_02_mir/recover-20220922/UBNA_001/20220921_090000.WAV,Telephone Field,recover-20220922,001,1795
1628.0725,1628.1099,68437,81396,Rhinolophus ferrumequinum,0.023,0.024,-1,Echolocation,/mnt/ubna_data_02_mir/recover-20220922/UBNA_001/20220921_090000.WAV,Telephone Field,recover-20220922,001,1795
1628.1155,1628.1216,25468,38774,Myotis nattereri,0.005,0.022,-1,Echolocation,/mnt/ubna_data_02_mir/recover-20220922/UBNA_001/20220921_090000.WAV,Telephone Field,recover-20220922,001,1795
1628.1185,1628.1267,46953,57425,Pipistrellus pipistrellus,0.015,0.025,-1,Echolocation,/mnt/ubna_data_02_mir/recover-20220922/UBNA_001/20220921_090000.WAV,Telephone Field,recover-20220922,001,1795
1628.1395,1628.18,68437,82089,Rhinolophus ferrumequinum,0.023,0.023,-1,Echolocation,/mnt/ubna_data_02_mir/recover-20220922/UBNA_001/20220921_090000.WAV,Telephone Field,recover-20220922,001,1795
1628.1765,1628.2139,68437,81688,Rhinolophus ferrumequinum,0.024,0.024,-1,Echolocation,/mnt/ubna_data_02_mir/recover-20220922/UBNA_001/20220921_090000.WAV,Telephone Field,recover-20220922,001,1795
1628.1995,1628.2414,68437,83067,Rhinolophus ferrumequinum,0.03,0.03,-1,Echolocation,/mnt/ubna_data_02_mir/recover-20220922/UBNA_001/20220921_090000.WAV,Telephone Field,recover-20220922,001,1795
1628.2265,1628.2359,26328,35900,Eptesicus serotinus,0.008,0.024,-1,Echolocation,/mnt/ubna_data_02_mir/recover-20220922/UBNA_001/20220921_090000.WAV,Telephone Field,recover-20220922,001,1795
1628.2355,1628.2466,27187,34905,Eptesicus serotinus,0.014,0.026,-1,Echolocation,/mnt/ubna_data_02_mir/recover-20220922/UBNA_001/20220921_090000.WAV,Telephone Field,recover-20220922,001,1795
1628.2385,1628.2833,68437,83414,Rhinolophus ferrumequinum,0.04,0.04,-1,Echolocation,/mnt/ubna_data_02_mir/recover-20220922/UBNA_001/20220921_090000.WAV,Telephone Field,recover-20220922,001,1795
1628.2525,1628.2934,68437,83212,Rhinolophus ferrumequinum,0.039,0.039,-1,Echolocation,/mnt/ubna_data_02_mir/recover-20220922/UBNA_001/20220921_090000.WAV,Telephone Field,recover-20220922,001,1795
1628.2845,1628.3247,68437,82710,Rhinolophus ferrumequinum,0.023,0.023,-1,Echolocation,/mnt/ubna_data_02_mir/recover-20220922/UBNA_001/20220921_090000.WAV,Telephone Field,recover-20220922,001,1795
1628.2985,1628.306,28046,43822,Eptesicus serotinus,0.009,0.026,-1,Echolocation,/mnt/ubna_data_02_mir/recover-20220922/UBNA_001/20220921_090000.WAV,Telephone Field,recover-20220922,001,1795
1628.3205,1628.3581,68437,81870,Rhinolophus ferrumequinum,0.023,0.023,-1,Echolocation,/mnt/ubna_data_02_mir/recover-20220922/UBNA_001/20220921_090000.WAV,Telephone Field,recover-20220922,001,1795
1628.3215,1628.3291,43515,51655,Pipistrellus pipistrellus,0.018,0.024,-1,Echolocation,/mnt/ubna_data_02_mir/recover-20220922/UBNA_001/20220921_090000.WAV,Telephone Field,recover-20220922,001,1795
1628.3665,1628.4016,68437,81684,Rhinolophus ferrumequinum,0.022,0.022,-1,Echolocation,/mnt/ubna_data_02_mir/recover-20220922/UBNA_001/20220921_090000.WAV,Telephone Field,recover-20220922,001,1795
1628.3745,1628.386,26328,32861,Eptesicus serotinus,0.012,0.026,-1,Echolocation,/mnt/ubna_data_02_mir/recover-20220922/UBNA_001/20220921_090000.WAV,Telephone Field,recover-20220922,001,1795
1628.3815,1628.42,68437,82665,Rhinolophus ferrumequinum,0.024,0.024,-1,Echolocation,/mnt/ubna_data_02_mir/recover-20220922/UBNA_001/20220921_090000.WAV,Telephone Field,recover-20220922,001,1795
1628.3965,1628.4363,68437,82383,Rhinolophus ferrumequinum,0.024,0.024,-1,Echolocation,/mnt/ubna_data_02_mir/recover-20220922/UBNA_001/20220921_090000.WAV,Telephone Field,recover-20220922,001,1795
1628.4185,1628.457,68437,81903,Rhinolophus ferrumequinum,0.025,0.025,-1,Echolocation,/mnt/ubna_data_02_mir/recover-20220922/UBNA_001/20220921_090000.WAV,Telephone Field,recover-20220922,001,1795
1628.4405,1628.4811,68437,81840,Rhinolophus ferrumequinum,0.025,0.025,-1,Echolocation,/mnt/ubna_data_02_mir/recover-20220922/UBNA_001/20220921_090000.WAV,Telephone Field,recover-20220922,001,1795
1628.4585,1628.4692,22890,28427,Nyctalus leisleri,0.01,0.023,-1,Echolocation,/mnt/ubna_data_02_mir/recover-20220922/UBNA_001/20220921_090000.WAV,Telephone Field,recover-20220922,001,1795
1628.4675,1628.4782,24609,30920,Nyctalus leisleri,0.01,0.024,-1,Echolocation,/mnt/ubna_data_02_mir/recover-20220922/UBNA_001/20220921_090000.WAV,Telephone Field,recover-20220922,001,1795
1628.5045,1628.5432,68437,82042,Rhinolophus ferrumequinum,0.038,0.038,-1,Echolocation,/mnt/ubna_data_02_mir/recover-20220922/UBNA_001/20220921_090000.WAV,Telephone Field,recover-20220922,001,1795
1628.5225,1628.5341,22031,26100,Nyctalus leisleri,0.013,0.024,-1,Echolocation,/mnt/ubna_data_02_mir/recover-20220922/UBNA_001/20220921_090000.WAV,Telephone Field,recover-20220922,001,1795
1628.5615,1628.6006,68437,82608,Rhinolophus ferrumequinum,0.027,0.027,-1,Echolocation,/mnt/ubna_data_02_mir/recover-20220922/UBNA_001/20220921_090000.WAV,Telephone Field,recover-20220922,001,1795
1628.5715,1628.6071,68437,80808,Rhinolophus ferrumequinum,0.024,0.024,-1,Echolocation,/mnt/ubna_data_02_mir/recover-20220922/UBNA_001/20220921_090000.WAV,Telephone Field,recover-20220922,001,1795
1628.5815,1628.6208,68437,82312,Rhinolophus ferrumequinum,0.03,0.03,-1,Echolocation,/mnt/ubna_data_02_mir/recover-20220922/UBNA_001/20220921_090000.WAV,Telephone Field,recover-20220922,001,1795
1628.5845,1628.5917,22890,32414,Plecotus austriacus,0.021,0.036,-1,Echolocation,/mnt/ubna_data_02_mir/recover-20220922/UBNA_001/20220921_090000.WAV,Telephone Field,recover-20220922,001,1795
1628.6015,1628.6373,68437,82243,Rhinolophus ferrumequinum,0.023,0.023,-1,Echolocation,/mnt/ubna_data_02_mir/recover-20220922/UBNA_001/20220921_090000.WAV,Telephone Field,recover-20220922,001,1795
1628.6325,1628.6716,68437,82609,Rhinolophus ferrumequinum,0.028,0.028,-1,Echolocation,/mnt/ubna_data_02_mir/recover-20220922/UBNA_001/20220921_090000.WAV,Telephone Field,recover-20220922,001,1795
1628.6695,1628.6782,28046,38660,Eptesicus serotinus,0.008,0.022,-1,Echolocation,/mnt/ubna_data_02_mir/recover-20220922/UBNA_001/20220921_090000.WAV,Telephone Field,recover-20220922,001,1795
1628.6995,1628.7381,68437,82286,Rhinolophus ferrumequinum,0.022,0.022,-1,Echolocation,/mnt/ubna_data_02_mir/recover-20220922/UBNA_001/20220921_090000.WAV,Telephone Field,recover-20220922,001,1795
1628.7055,1628.7192,34062,40131,Pipistrellus nathusii,0.01,0.029,-1,Echolocation,/mnt/ubna_data_02_mir/recover-20220922/UBNA_001/20220921_090000.WAV,Telephone Field,recover-20220922,001,1795
1628.7255,1628.766,68437,82916,Rhinolophus ferrumequinum,0.025,0.025,-1,Echolocation,/mnt/ubna_data_02_mir/recover-20220922/UBNA_001/20220921_090000.WAV,Telephone Field,recover-20220922,001,1795
1628.7285,1628.7369,25468,40522,Eptesicus serotinus,0.009,0.031,-1,Echolocation,/mnt/ubna_data_02_mir/recover-20220922/UBNA_001/20220921_090000.WAV,Telephone Field,recover-20220922,001,1795
1628.7295,1628.7346,34062,45507,Myotis daubentonii,0.009,0.025,-1,Echolocation,/mnt/ubna_data_02_mir/recover-20220922/UBNA_001/20220921_090000.WAV,Telephone Field,recover-20220922,001,1795
1628.7315,1628.7725,68437,82453,Rhinolophus ferrumequinum,0.024,0.024,-1,Echolocation,/mnt/ubna_data_02_mir/recover-20220922/UBNA_001/20220921_090000.WAV,Telephone Field,recover-20220922,001,1795
1628.7455,1628.7852,68437,82538,Rhinolophus ferrumequinum,0.024,0.024,-1,Echolocation,/mnt/ubna_data_02_mir/recover-20220922/UBNA_001/20220921_090000.WAV,Telephone Field,recover-20220922,001,1795
1628.7565,1628.7629,23750,33034,Plecotus austriacus,0.012,0.026,-1,Echolocation,/mnt/ubna_data_02_mir/recover-20220922/UBNA_001/20220921_090000.WAV,Telephone Field,recover-20220922,001,1795
1628.7655,1628.8038,68437,81293,Rhinolophus ferrumequinum,0.022,0.022,-1,Echolocation,/mnt/ubna_data_02_mir/recover-20220922/UBNA_001/20220921_090000.WAV,Telephone Field,recover-20220922,001,1795
1628.7885,1628.8285,68437,82451,Rhinolophus ferrumequinum,0.026,0.027,-1,Echolocation,/mnt/ubna_data_02_mir/recover-20220922/UBNA_001/20220921_090000.WAV,Telephone Field,recover-20220922,001,1795
1628.7995,1628.834,68437,81287,Rhinolophus ferrumequinum,0.022,0.022,-1,Echolocation,/mnt/ubna_data_02_mir/recover-20220922/UBNA_001/20220921_090000.WAV,Telephone Field,recover-20220922,001,1795
1628.8155,1628.8531,68437,81991,Rhinolophus ferrumequinum,0.024,0.024,-1,Echolocation,/mnt/ubna_data_02_mir/recover-20220922/UBNA_001/20220921_090000.WAV,Telephone Field,recover-20220922,001,1795
1628.8345,1628.8769,68437,83153,Rhinolophus ferrumequinum,0.038,0.038,-1,Echolocation,/mnt/ubna_data_02_mir/recover-20220922/UBNA_001/20220921_090000.WAV,Telephone Field,recover-20220922,001,1795
1628.9125,1628.9487,68437,80850,Rhinolophus ferrumequinum,0.023,0.023,-1,Echolocation,/mnt/ubna_data_02_mir/recover-20220922/UBNA_001/20220921_090000.WAV,Telephone Field,recover-20220922,001,1795
1628.9315,1628.9704,68437,82625,Rhinolophus ferrumequinum,0.024,0.024,-1,Echolocation,/mnt/ubna_data_02_mir/recover-20220922/UBNA_001/20220921_090000.WAV,Telephone Field,recover-20220922,001,1795
1628.9465,1628.9571,46953,50323,Pipistrellus pipistrellus,0.025,0.028,-1,Echolocation,/mnt/ubna_data_02_mir/recover-20220922/UBNA_001/20220921_090000.WAV,Telephone Field,recover-20220922,001,1795
1628.9575,1628.998,68437,82552,Rhinolophus ferrumequinum,0.022,0.022,-1,Echolocation,/mnt/ubna_data_02_mir/recover-20220922/UBNA_001/20220921_090000.WAV,Telephone Field,recover-20220922,001,1795
1628.9635,1629.0036,68437,82168,Rhinolophus ferrumequinum,0.023,0.023,-1,Echolocation,/mnt/ubna_data_02_mir/recover-20220922/UBNA_001/20220921_090000.WAV,Telephone Field,recover-20220922,001,1795
1629.0125,1629.0514,68437,82410,Rhinolophus ferrumequinum,0.031,0.031,-1,Echolocation,/mnt/ubna_data_02_mir/recover-20220922/UBNA_001/20220921_090000.WAV,Telephone Field,recover-20220922,001,1795
1629.0435,1629.0848,68437,82547,Rhinolophus ferrumequinum,0.031,0.031,-1,Echolocation,/mnt/ubna_data_02_mir/recover-20220922/UBNA_001/20220921_090000.WAV,Telephone Field,recover-20220922,001,1795
1629.0925,1629.1326,68437,82038,Rhinolophus ferrumequinum,0.022,0.022,-1,Echolocation,/mnt/ubna_data_02_mir/recover-20220922/UBNA_001/20220921_090000.WAV,Telephone Field,recover-20220922,001,1795
1629.0975,1629.1038,28046,40863,Eptesicus serotinus,0.005,0.022,-1,Echolocation,/mnt/ubna_data_02_mir/recover-20220922/UBNA_001/20220921_090000.WAV,Telephone Field,recover-20220922,001,1795
1629.1135,1629.1538,68437,82106,Rhinolophus ferrumequinum,0.024,0.024,-1,Echolocation,/mnt/ubna_data_02_mir/recover-20220922/UBNA_001/20220921_090000.WAV,Telephone Field,recover-20220922,001,1795
1629.1415,1629.1839,68437,83060,Rhinolophus ferrumequinum,0.028,0.028,-1,Echolocation,/mnt/ubna_data_02_mir/recover-20220922/UBNA_001/20220921_090000.WAV,Telephone Field,recover-20220922,001,1795
1629.1975,1629.2398,68437,82598,Rhinolophus ferrumequinum,0.047,0.047,-1,Echolocation,/mnt/ubna_data_02_mir/recover-20220922/UBNA_001/20220921_090000.WAV,Telephone Field,recover-20220922,001,1795
1629.2205,1629.2323,22031,25922,Nyctalus leisleri,0.014,0.024,-1,Echolocation,/mnt/ubna_data_02_mir/recover-20220922/UBNA_001/20220921_090000.WAV,Telephone Field,recover-20220922,001,1795
1629.2685,1629.3048,68437,81615,Rhinolophus ferrumequinum,0.024,0.024,-1,Echolocation,/mnt/ubna_data_02_mir/recover-20220922/UBNA_001/20220921_090000.WAV,Telephone Field,recover-20220922,001,1795
1629.2805,1629.291,22890,28519,Nyctalus leisleri,0.009,0.022,-1,Echolocation,/mnt/ubna_data_02_mir/recover-20220922/UBNA_001/20220921_090000.WAV,Telephone Field,recover-20220922,001,1795
1629.2975,1629.3381,68437,82444,Rhinolophus ferrumequinum,0.022,0.022,-1,Echolocation,/mnt/ubna_data_02_mir/recover-20220922/UBNA_001/20220921_090000.WAV,Telephone Field,recover-20220922,001,1795
1629.2995,1629.3095,28046,35193,Eptesicus serotinus,0.018,0.035,-1,Echolocation,/mnt/ubna_data_02_mir/recover-20220922/UBNA_001/20220921_090000.WAV,Telephone Field,recover-20220922,001,1795
1629.3155,1629.3569,68437,82743,Rhinolophus ferrumequinum,0.031,0.031,-1,Echolocation,/mnt/ubna_data_02_mir/recover-20220922/UBNA_001/20220921_090000.WAV,Telephone Field,recover-20220922,001,1795
1629.3705,1629.4094,68437,81790,Rhinolophus ferrumequinum,0.022,0.022,-1,Echolocation,/mnt/ubna_data_02_mir/recover-20220922/UBNA_001/20220921_090000.WAV,Telephone Field,recover-20220922,001,1795
1629.3785,1629.4193,68437,81952,Rhinolophus ferrumequinum,0.024,0.024,-1,Echolocation,/mnt/ubna_data_02_mir/recover-20220922/UBNA_001/20220921_090000.WAV,Telephone Field,recover-20220922,001,1795
1629.4015,1629.4397,68437,82465,Rhinolophus ferrumequinum,0.024,0.024,-1,Echolocation,/mnt/ubna_data_02_mir/recover-20220922/UBNA_001/20220921_090000.WAV,Telephone Field,recover-20220922,001,1795
1629.4165,1629.4549,68437,81766,Rhinolophus ferrumequinum,0.022,0.022,-1,Echolocation,/mnt/ubna_data_02_mir/recover-20220922/UBNA_001/20220921_090000.WAV,Telephone Field,recover-20220922,001,1795
1629.4845,1629.4929,27187,35983,Eptesicus serotinus,0.01,0.034,-1,Echolocation,/mnt/ubna_data_02_mir/recover-20220922/UBNA_001/20220921_090000.WAV,Telephone Field,recover-20220922,001,1795
1629.4975,1629.5358,68437,81692,Rhinolophus ferrumequinum,0.022,0.022,-1,Echolocation,/mnt/ubna_data_02_mir/recover-20220922/UBNA_001/20220921_090000.WAV,Telephone Field,recover-20220922,001,1795
1629.5155,1629.5552,68437,82748,Rhinolophus ferrumequinum,0.025,0.025,-1,Echolocation,/mnt/ubna_data_02_mir/recover-20220922/UBNA_001/20220921_090000.WAV,Telephone Field,recover-20220922,001,1795
1629.5195,1629.529,46953,54270,Pipistrellus pipistrellus,0.02,0.024,-1,Echolocation,/mnt/ubna_data_02_mir/recover-20220922/UBNA_001/20220921_090000.WAV,Telephone Field,recover-20220922,001,1795
1629.5405,1629.5542,28046,33568,Eptesicus serotinus,0.017,0.033,-1,Echolocation,/mnt/ubna_data_02_mir/recover-20220922/UBNA_001/20220921_090000.WAV,Telephone Field,recover-20220922,001,1795
1629.5425,1629.5812,68437,82059,Rhinolophus ferrumequinum,0.024,0.024,-1,Echolocation,/mnt/ubna_data_02_mir/recover-20220922/UBNA_001/20220921_090000.WAV,Telephone Field,recover-20220922,001,1795
1629.5825,1629.62,68437,81962,Rhinolophus ferrumequinum,0.022,0.022,-1,Echolocation,/mnt/ubna_data_02_mir/recover-20220922/UBNA_001/20220921_090000.WAV,Telephone Field,recover-20220922,001,1795
1629.5905,1629.5982,28046,37770,Eptesicus serotinus,0.007,0.023,-1,Echolocation,/mnt/ubna_data_02_mir/recover-20220922/UBNA_001/20220921_090000.WAV,Telephone Field,recover-20220922,001,1795
1629.6005,1629.6116,23750,29370,Nyctalus leisleri,0.011,0.025,-1,Echolocation,/mnt/ubna_data_02_mir/recover-20220922/UBNA_001/20220921_090000.WAV,Telephone Field,recover-20220922,001,1795
1629.6065,1629.6139,28046,39349,Eptesicus serotinus,0.007,0.022,-1,Echolocation,/mnt/ubna_data_02_mir/recover-20220922/UBNA_001/20220921_090000.WAV,Telephone Field,recover-20220922,001,1795
1629.6155,1629.6527,68437,82159,Rhinolophus ferrumequinum,0.039,0.039,-1,Echolocation,/mnt/ubna_data_02_mir/recover-20220922/UBNA_001/20220921_090000.WAV,Telephone Field,recover-20220922,001,1795
1629.6475,1629.6856,68437,82106,Rhinolophus ferrumequinum,0.022,0.022,-1,Echolocation,/mnt/ubna_data_02_mir/recover-20220922/UBNA_001/20220921_090000.WAV,Telephone Field,recover-20220922,001,1795
1629.6655,1629.7049,68437,82016,Rhinolophus ferrumequinum,0.029,0.029,-1,Echolocation,/mnt/ubna_data_02_mir/recover-20220922/UBNA_001/20220921_090000.WAV,Telephone Field,recover-20220922,001,1795
1629.6845,1629.695,28046,35662,Eptesicus serotinus,0.01,0.022,-1,Echolocation,/mnt/ubna_data_02_mir/recover-20220922/UBNA_001/20220921_090000.WAV,Telephone Field,recover-20220922,001,1795
1629.7715,1629.8072,68437,81264,Rhinolophus ferrumequinum,0.023,0.023,-1,Echolocation,/mnt/ubna_data_02_mir/recover-20220922/UBNA_001/20220921_090000.WAV,Telephone Field,recover-20220922,001,1795
1629.7815,1629.7897,28046,37376,Eptesicus serotinus,0.008,0.024,-1,Echolocation,/mnt/ubna_data_02_mir/recover-20220922/UBNA_001/20220921_090000.WAV,Telephone Field,recover-20220922,001,1795
1629.7875,1629.8268,68437,82298,Rhinolophus ferrumequinum,0.028,0.028,-1,Echolocation,/mnt/ubna_data_02_mir/recover-20220922/UBNA_001/20220921_090000.WAV,Telephone Field,recover-20220922,001,1795
1629.7965,1629.807,25468,32294,Nyctalus leisleri,0.009,0.025,-1,Echolocation,/mnt/ubna_data_02_mir/recover-20220922/UBNA_001/20220921_090000.WAV,Telephone Field,recover-20220922,001,1795
1629.8235,1629.8325,26328,35209,Eptesicus serotinus,0.012,0.031,-1,Echolocation,/mnt/ubna_data_02_mir/recover-20220922/UBNA_001/20220921_090000.WAV,Telephone Field,recover-20220922,001,1795
1629.8435,1629.8863,68437,82922,Rhinolophus ferrumequinum,0.029,0.029,-1,Echolocation,/mnt/ubna_data_02_mir/recover-20220922/UBNA_001/20220921_090000.WAV,Telephone Field,recover-20220922,001,1795
1629.8475,1629.8542,28046,42298,Eptesicus serotinus,0.006,0.026,-1,Echolocation,/mnt/ubna_data_02_mir/recover-20220922/UBNA_001/20220921_090000.WAV,Telephone Field,recover-20220922,001,1795
1629.8475,1629.853,40078,56418,Myotis mystacinus,0.007,0.022,-1,Echolocation,/mnt/ubna_data_02_mir/recover-20220922/UBNA_001/20220921_090000.WAV,Telephone Field,recover-20220922,001,1795
1629.8665,1629.884,15156,20114,Nyctalus noctula,0.017,0.023,-1,Echolocation,/mnt/ubna_data_02_mir/recover-20220922/UBNA_001/20220921_090000.WAV,Telephone Field,recover-20220922,001,1795
1629.8915,1629.9305,68437,82235,Rhinolophus ferrumequinum,0.025,0.025,-1,Echolocation,/mnt/ubna_data_02_mir/recover-20220922/UBNA_001/20220921_090000.WAV,Telephone Field,recover-20220922,001,1795
1629.9355,1629.9436,27187,35869,Eptesicus serotinus,0.01,0.025,-1,Echolocation,/mnt/ubna_data_02_mir/recover-20220922/UBNA_001/20220921_090000.WAV,Telephone Field,recover-20220922,001,1795
1629.9395,1629.9773,68437,81769,Rhinolophus ferrumequinum,0.022,0.022,-1,Echolocation,/mnt/ubna_data_02_mir/recover-20220922/UBNA_001/20220921_090000.WAV,Telephone Field,recover-20220922,001,1795
1629.9575,1629.9982,68437,82805,Rhinolophus ferrumequinum,0.025,0.025,-1,Echolocation,/mnt/ubna_data_02_mir/recover-20220922/UBNA_001/20220921_090000.WAV,Telephone Field,recover-20220922,001,1795
1629.9805,1629.9877,27187,37220,Eptesicus serotinus,0.008,0.026,-1,Echolocation,/mnt/ubna_data_02_mir/recover-20220922/UBNA_001/20220921_090000.WAV,Telephone Field,recover-20220922,001,1795
1630.0015,1630.0108,47812,53760,Pipistrellus pipistrellus,0.02,0.026,-1,Echolocation,/mnt/ubna_data_02_mir/recover-20220922/UBNA_001/20220921_090000.WAV,Telephone Field,recover-20220922,001,1795
1630.0015,1630.0102,25468,33361,Nyctalus leisleri,0.007,0.023,-1,Echolocation,/mnt/ubna_data_02_mir/recover-20220922/UBNA_001/20220921_090000.WAV,Telephone Field,recover-20220922,001,1795
1630.0015,1630.0343,68437,80767,Rhinolophus ferrumequinum,0.05,0.05,-1,Echolocation,/mnt/ubna_data_02_mir/recover-20220922/UBNA_001/20220921_090000.WAV,Telephone Field,recover-20220922,001,1795
1630.0085,1630.0497,68437,82062,Rhinolophus ferrumequinum,0.021,0.021,-1,Echolocation,/mnt/ubna_data_02_mir/recover-20220922/UBNA_001/20220921_090000.WAV,Telephone Field,recover-20220922,001,1795
1630.0165,1630.0269,28906,36693,Eptesicus serotinus,0.01,0.023,-1,Echolocation,/mnt/ubna_data_02_mir/recover-20220922/UBNA_001/20220921_090000.WAV,Telephone Field,recover-20220922,001,1795
1630.0355,1630.0478,14296,18704,Nyctalus noctula,0.014,0.025,-1,Echolocation,/mnt/ubna_data_02_mir/recover-20220922/UBNA_001/20220921_090000.WAV,Telephone Field,recover-20220922,001,1795
1630.0765,1630.0864,28906,39340,Eptesicus serotinus,0.011,0.027,-1,Echolocation,/mnt/ubna_data_02_mir/recover-20220922/UBNA_001/20220921_090000.WAV,Telephone Field,recover-20220922,001,1795
1630.0785,1630.0944,20312,23851,Nyctalus leisleri,0.012,0.021,-1,Echolocation,/mnt/ubna_data_02_mir/recover-20220922/UBNA_001/20220921_090000.WAV,Telephone Field,recover-20220922,001,1795
1630.1045,1630.1426,68437,81725,Rhinolophus ferrumequinum,0.023,0.023,-1,Echolocation,/mnt/ubna_data_02_mir/recover-20220922/UBNA_001/20220921_090000.WAV,Telephone Field,recover-20220922,001,1795
1630.1165,1630.1558,68437,82600,Rhinolophus ferrumequinum,0.025,0.025,-1,Echolocation,/mnt/ubna_data_02_mir/recover-20220922/UBNA_001/20220921_090000.WAV,Telephone Field,recover-20220922,001,1795
1630.1265,1630.1394,22890,27793,Nyctalus leisleri,0.013,0.026,-1,Echolocation,/mnt/ubna_data_02_mir/recover-20220922/UBNA_001/20220921_090000.WAV,Telephone Field,recover-20220922,001,1795
1630.1305,1630.1681,68437,81422,Rhinolophus ferrumequinum,0.021,0.021,-1,Echolocation,/mnt/ubna_data_02_mir/recover-20220922/UBNA_001/20220921_090000.WAV,Telephone Field,recover-20220922,001,1795
1630.1715,1630.1819,28906,35841,Eptesicus serotinus,0.009,0.022,-1,Echolocation,/mnt/ubna_data_02_mir/recover-20220922/UBNA_001/20220921_090000.WAV,Telephone Field,recover-20220922,001,1795
1630.1955,1630.2362,68437,82655,Rhinolophus ferrumequinum,0.024,0.024,-1,Echolocation,/mnt/ubna_data_02_mir/recover-20220922/UBNA_001/20220921_090000.WAV,Telephone Field,recover-20220922,001,1795
1630.2245,1630.2347,28906,37667,Eptesicus serotinus,0.009,0.023,-1,Echolocation,/mnt/ubna_data_02_mir/recover-20220922/UBNA_001/20220921_090000.WAV,Telephone Field,recover-20220922,001,1795
1630.2385,1630.2485,27187,36013,Eptesicus serotinus,0.009,0.024,-1,Echolocation,/mnt/ubna_data_02_mir/recover-20220922/UBNA_001/20220921_090000.WAV,Telephone Field,recover-20220922,001,1795
1630.2445,1630.2852,68437,82683,Rhinolophus ferrumequinum,0.022,0.022,-1,Echolocation,/mnt/ubna_data_02_mir/recover-20220922/UBNA_001/20220921_090000.WAV,Telephone Field,recover-20220922,001,1795
1630.2635,1630.3031,68437,82693,Rhinolophus ferrumequinum,0.028,0.028,-1,Echolocation,/mnt/ubna_data_02_mir/recover-20220922/UBNA_001/20220921_090000.WAV,Telephone Field,recover-20220922,001,1795
1630.2735,1630.2812,28906,38639,Eptesicus serotinus,0.008,0.028,-1,Echolocation,/mnt/ubna_data_02_mir/recover-20220922/UBNA_001/20220921_090000.WAV,Telephone Field,recover-20220922,001,1795
1630.2885,1630.3261,68437,81735,Rhinolophus ferrumequinum,0.024,0.024,-1,Echolocation,/mnt/ubna_data_02_mir/recover-20220922/UBNA_001/20220921_090000.WAV,Telephone Field,recover-20220922,001,1795
1630.2955,1630.3327,68437,81399,Rhinolophus ferrumequinum,0.024,0.024,-1,Echolocation,/mnt/ubna_data_02_mir/recover-20220922/UBNA_001/20220921_090000.WAV,Telephone Field,recover-20220922,001,1795
1630.3065,1630.3169,28906,35146,Eptesicus serotinus,0.026,0.051,-1,Echolocation,/mnt/ubna_data_02_mir/recover-20220922/UBNA_001/20220921_090000.WAV,Telephone Field,recover-20220922,001,1795
1630.3585,1630.3962,68437,82023,Rhinolophus ferrumequinum,0.022,0.022,-1,Echolocation,/mnt/ubna_data_02_mir/recover-20220922/UBNA_001/20220921_090000.WAV,Telephone Field,recover-20220922,001,1795
1630.3965,1630.4384,68437,83133,Rhinolophus ferrumequinum,0.029,0.029,-1,Echolocation,/mnt/ubna_data_02_mir/recover-20220922/UBNA_001/20220921_090000.WAV,Telephone Field,recover-20220922,001,1795
1630.4065,1630.4163,24609,31406,Nyctalus leisleri,0.007,0.022,-1,Echolocation,/mnt/ubna_data_02_mir/recover-20220922/UBNA_001/20220921_090000.WAV,Telephone Field,recover-20220922,001,1795
1630.4365,1630.4771,68437,83117,Rhinolophus ferrumequinum,0.027,0.027,-1,Echolocation,/mnt/ubna_data_02_mir/recover-20220922/UBNA_001/20220921_090000.WAV,Telephone Field,recover-20220922,001,1795
1630.4385,1630.4466,27187,36202,Eptesicus serotinus,0.007,0.023,-1,Echolocation,/mnt/ubna_data_02_mir/recover-20220922/UBNA_001/20220921_090000.WAV,Telephone Field,recover-20220922,001,1795
1630.4515,1630.4948,68437,82601,Rhinolophus ferrumequinum,0.023,0.023,-1,Echolocation,/mnt/ubna_data_02_mir/recover-20220922/UBNA_001/20220921_090000.WAV,Telephone Field,recover-20220922,001,1795
1630.4615,1630.4714,28906,36764,Eptesicus serotinus,0.01,0.025,-1,Echolocation,/mnt/ubna_data_02_mir/recover-20220922/UBNA_001/20220921_090000.WAV,Telephone Field,recover-20220922,001,1795
1630.5125,1630.5525,68437,82811,Rhinolophus ferrumequinum,0.025,0.025,-1,Echolocation,/mnt/ubna_data_02_mir/recover-20220922/UBNA_001/20220921_090000.WAV,Telephone Field,recover-20220922,001,1795
1630.5245,1630.5338,22890,29319,Nyctalus leisleri,0.007,0.021,-1,Echolocation,/mnt/ubna_data_02_mir/recover-20220922/UBNA_001/20220921_090000.WAV,Telephone Field,recover-20220922,001,1795
1630.5265,1630.5342,28046,37767,Eptesicus serotinus,0.006,0.021,-1,Echolocation,/mnt/ubna_data_02_mir/recover-20220922/UBNA_001/20220921_090000.WAV,Telephone Field,recover-20220922,001,1795
1630.5375,1630.5784,68437,82969,Rhinolophus ferrumequinum,0.024,0.024,-1,Echolocation,/mnt/ubna_data_02_mir/recover-20220922/UBNA_001/20220921_090000.WAV,Telephone Field,recover-20220922,001,1795
1630.5435,1630.554,28906,36465,Eptesicus serotinus,0.011,0.025,-1,Echolocation,/mnt/ubna_data_02_mir/recover-20220922/UBNA_001/20220921_090000.WAV,Telephone Field,recover-20220922,001,1795
1630.5665,1630.604,68437,81830,Rhinolophus ferrumequinum,0.025,0.025,-1,Echolocation,/mnt/ubna_data_02_mir/recover-20220922/UBNA_001/20220921_090000.WAV,Telephone Field,recover-20220922,001,1795
1630.5805,1630.602,18593,22815,Nyctalus noctula,0.014,0.022,-1,Echolocation,/mnt/ubna_data_02_mir/recover-20220922/UBNA_001/20220921_090000.WAV,Telephone Field,recover-20220922,001,1795
1630.5885,1630.597,22031,29139,Plecotus austriacus,0.011,0.025,-1,Echolocation,/mnt/ubna_data_02_mir/recover-20220922/UBNA_001/20220921_090000.WAV,Telephone Field,recover-20220922,001,1795
1630.6035,1630.648,68437,83953,Rhinolophus ferrumequinum,0.037,0.037,-1,Echolocation,/mnt/ubna_data_02_mir/recover-20220922/UBNA_001/20220921_090000.WAV,Telephone Field,recover-20220922,001,1795
1630.6515,1630.6617,22031,27800,Nyctalus leisleri,0.009,0.022,-1,Echolocation,/mnt/ubna_data_02_mir/recover-20220922/UBNA_001/20220921_090000.WAV,Telephone Field,recover-20220922,001,1795
1630.6805,1630.6909,23750,30089,Nyctalus leisleri,0.008,0.021,-1,Echolocation,/mnt/ubna_data_02_mir/recover-20220922/UBNA_001/20220921_090000.WAV,Telephone Field,recover-20220922,001,1795
1630.6975,1630.7069,46953,50824,Pipistrellus pipistrellus,0.021,0.024,-1,Echolocation,/mnt/ubna_data_02_mir/recover-20220922/UBNA_001/20220921_090000.WAV,Telephone Field,recover-20220922,001,1795
1630.7295,1630.7679,68437,82037,Rhinolophus ferrumequinum,0.024,0.024,-1,Echolocation,/mnt/ubna_data_02_mir/recover-20220922/UBNA_001/20220921_090000.WAV,Telephone Field,recover-20220922,001,1795
1630.7385,1630.775,68437,81885,Rhinolophus ferrumequinum,0.022,0.022,-1,Echolocation,/mnt/ubna_data_02_mir/recover-20220922/UBNA_001/20220921_090000.WAV,Telephone Field,recover-20220922,001,1795
1630.7825,1630.7906,28046,39471,Eptesicus serotinus,0.007,0.024,-1,Echolocation,/mnt/ubna_data_02_mir/recover-20220922/UBNA_001/20220921_090000.WAV,Telephone Field,recover-20220922,001,1795
1630.7835,1630.8261,68437,83168,Rhinolophus ferrumequinum,0.027,0.027,-1,Echolocation,/mnt/ubna_data_02_mir/recover-20220922/UBNA_001/20220921_090000.WAV,Telephone Field,recover-20220922,001,1795
1630.7975,1630.835,68437,81634,Rhinolophus ferrumequinum,0.021,0.021,-1,Echolocation,/mnt/ubna_data_02_mir/recover-20220922/UBNA_001/20220921_090000.WAV,Telephone Field,recover-20220922,001,1795
1630.8285,1630.8398,22031,26007,Nyctalus leisleri,0.012,0.021,-1,Echolocation,/mnt/ubna_data_02_mir/recover-20220922/UBNA_001/20220921_090000.WAV,Telephone Field,recover-20220922,001,1795
1630.8875,1630.898,24609,31501,Eptesicus serotinus,0.011,0.03,-1,Echolocation,/mnt/ubna_data_02_mir/recover-20220922/UBNA_001/20220921_090000.WAV,Telephone Field,recover-20220922,001,1795
1630.9065,1630.9147,25468,34335,Eptesicus serotinus,0.006,0.021,-1,Echolocation,/mnt/ubna_data_02_mir/recover-20220922/UBNA_001/20220921_090000.WAV,Telephone Field,recover-20220922,001,1795
1630.9125,1630.9521,68437,82932,Rhinolophus ferrumequinum,0.025,0.025,-1,Echolocation,/mnt/ubna_data_02_mir/recover-20220922/UBNA_001/20220921_090000.WAV,Telephone Field,recover-20220922,001,1795
1630.9355,1630.9758,68437,82745,Rhinolophus ferrumequinum,0.031,0.031,-1,Echolocation,/mnt/ubna_data_02_mir/recover-20220922/UBNA_001/20220921_090000.WAV,Telephone Field,recover-20220922,001,1795
1630.9575,1630.9958,68437,81311,Rhinolophus ferrumequinum,0.022,0.022,-1,Echolocation,/mnt/ubna_data_02_mir/recover-20220922/UBNA_001/20220921_090000.WAV,Telephone Field,recover-20220922,001,1795
1630.9885,1631.0281,68437,82566,Rhinolophus ferrumequinum,0.034,0.034,-1,Echolocation,/mnt/ubna_data_02_mir/recover-20220922/UBNA_001/20220921_090000.WAV,Telephone Field,recover-20220922,001,1795
1630.9965,1631.036,68437,82611,Rhinolophus ferrumequinum,0.025,0.025,-1,Echolocation,/mnt/ubna_data_02_mir/recover-20220922/UBNA_001/20220921_090000.WAV,Telephone Field,recover-20220922,001,1795
1631.0865,1631.1222,68437,81367,Rhinolophus ferrumequinum,0.022,0.022,-1,Echolocation,/mnt/ubna_data_02_mir/recover-20220922/UBNA_001/20220921_090000.WAV,Telephone Field,recover-20220922,001,1795
1631.0925,1631.1006,24609,33381,Plecotus austriacus,0.008,0.027,-1,Echolocation,/mnt/ubna_data_02_mir/recover-20220922/UBNA_001/20220921_090000.WAV,Telephone Field,recover-20220922,001,1795
1631.1165,1631.1245,28046,38610,Eptesicus serotinus,0.007,0.022,-1,Echolocation,/mnt/ubna_data_02_mir/recover-20220922/UBNA_001/20220921_090000.WAV,Telephone Field,recover-20220922,001,1795
1631.1395,1631.1769,68437,82390,Rhinolophus ferrumequinum,0.022,0.022,-1,Echolocation,/mnt/ubna_data_02_mir/recover-20220922/UBNA_001/20220921_090000.WAV,Telephone Field,recover-20220922,001,1795
1631.1595,1631.1693,47812,52965,Pipistrellus pipistrellus,0.032,0.035,-1,Echolocation,/mnt/ubna_data_02_mir/recover-20220922/UBNA_001/20220921_090000.WAV,Telephone Field,recover-20220922,001,1795
1631.1805,1631.2222,68437,82653,Rhinolophus ferrumequinum,0.028,0.028,-1,Echolocation,/mnt/ubna_data_02_mir/recover-20220922/UBNA_001/20220921_090000.WAV,Telephone Field,recover-20220922,001,1795
1631.2065,1631.2163,28046,36187,Eptesicus serotinus,0.01,0.024,-1,Echolocation,/mnt/ubna_data_02_mir/recover-20220922/UBNA_001/20220921_090000.WAV,Telephone Field,recover-20220922,001,1795
1631.2095,1631.2463,68437,80867,Rhinolophus ferrumequinum,0.023,0.023,-1,Echolocation,/mnt/ubna_data_02_mir/recover-20220922/UBNA_001/20220921_090000.WAV,Telephone Field,recover-20220922,001,1795
1631.2315,1631.2391,24609,34709,Plecotus austriacus,0.014,0.038,-1,Echolocation,/mnt/ubna_data_02_mir/recover-20220922/UBNA_001/20220921_090000.WAV,Telephone Field,recover-20220922,001,1795
1631.2685,1631.2809,19453,24585,Nyctalus noctula,0.017,0.048,-1,Echolocation,/mnt/ubna_data_02_mir/recover-20220922/UBNA_001/20220921_090000.WAV,Telephone Field,recover-20220922,001,1795
1631.2725,1631.31,68437,82169,Rhinolophus ferrumequinum,0.022,0.022,-1,Echolocation,/mnt/ubna_data_02_mir/recover-20220922/UBNA_001/20220921_090000.WAV,Telephone Field,recover-20220922,001,1795
1631.2975,1631.3088,26328,33960,Eptesicus serotinus,0.009,0.023,-1,Echolocation,/mnt/ubna_data_02_mir/recover-20220922/UBNA_001/20220921_090000.WAV,Telephone Field,recover-20220922,001,1795
1631.3305,1631.3401,27187,35114,Eptesicus serotinus,0.009,0.023,-1,Echolocation,/mnt/ubna_data_02_mir/recover-20220922/UBNA_001/20220921_090000.WAV,Telephone Field,recover-20220922,001,1795
1631.3425,1631.382,68437,82303,Rhinolophus ferrumequinum,0.031,0.031,-1,Echolocation,/mnt/ubna_data_02_mir/recover-20220922/UBNA_001/20220921_090000.WAV,Telephone Field,recover-20220922,001,1795
1631.3545,1631.3902,68437,81882,Rhinolophus ferrumequinum,0.023,0.023,-1,Echolocation,/mnt/ubna_data_02_mir/recover-20220922/UBNA_001/20220921_090000.WAV,Telephone Field,recover-20220922,001,1795
1631.3635,1631.3736,22890,28929,Nyctalus leisleri,0.009,0.025,-1,Echolocation,/mnt/ubna_data_02_mir/recover-20220922/UBNA_001/20220921_090000.WAV,Telephone Field,recover-20220922,001,1795
1631.3855,1631.4227,68437,81497,Rhinolophus ferrumequinum,0.022,0.022,-1,Echolocation,/mnt/ubna_data_02_mir/recover-20220922/UBNA_001/20220921_090000.WAV,Telephone Field,recover-20220922,001,1795
1631.3865,1631.3999,31484,36874,Eptesicus serotinus,0.011,0.033,-1,Echolocation,/mnt/ubna_data_02_mir/recover-20220922/UBNA_001/20220921_090000.WAV,Telephone Field,recover-20220922,001,1795
1631.4205,1631.4621,68437,82497,Rhinolophus ferrumequinum,0.024,0.024,-1,Echolocation,/mnt/ubna_data_02_mir/recover-20220922/UBNA_001/20220921_090000.WAV,Telephone Field,recover-20220922,001,1795
1631.4365,1631.4468,24609,31412,Nyctalus leisleri,0.01,0.026,-1,Echolocation,/mnt/ubna_data_02_mir/recover-20220922/UBNA_001/20220921_090000.WAV,Telephone Field,recover-20220922,001,1795
1631.4735,1631.4873,28906,35409,Eptesicus serotinus,0.018,0.035,-1,Echolocation,/mnt/ubna_data_02_mir/recover-20220922/UBNA_001/20220921_090000.WAV,Telephone Field,recover-20220922,001,1795
1631.5145,1631.5511,68437,81941,Rhinolophus ferrumequinum,0.027,0.027,-1,Echolocation,/mnt/ubna_data_02_mir/recover-20220922/UBNA_001/20220921_090000.WAV,Telephone Field,recover-20220922,001,1795
1631.5365,1631.5746,68437,82173,Rhinolophus ferrumequinum,0.022,0.022,-1,Echolocation,/mnt/ubna_data_02_mir/recover-20220922/UBNA_001/20220921_090000.WAV,Telephone Field,recover-20220922,001,1795
1631.5475,1631.554,27187,38409,Eptesicus serotinus,0.006,0.025,-1,Echolocation,/mnt/ubna_data_02_mir/recover-20220922/UBNA_001/20220921_090000.WAV,Telephone Field,recover-20220922,001,1795
1631.5545,1631.5942,68437,82639,Rhinolophus ferrumequinum,0.024,0.024,-1,Echolocation,/mnt/ubna_data_02_mir/recover-20220922/UBNA_001/20220921_090000.WAV,Telephone Field,recover-20220922,001,1795
1631.5715,1631.5796,26328,35622,Eptesicus serotinus,0.01,0.029,-1,Echolocation,/mnt/ubna_data_02_mir/recover-20220922/UBNA_001/20220921_090000.WAV,Telephone Field,recover-20220922,001,1795
1631.6065,1631.6446,68437,82192,Rhinolophus ferrumequinum,0.026,0.026,-1,Echolocation,/mnt/ubna_data_02_mir/recover-20220922/UBNA_001/20220921_090000.WAV,Telephone Field,recover-20220922,001,1795
1631.6205,1631.663,68437,82677,Rhinolophus ferrumequinum,0.024,0.024,-1,Echolocation,/mnt/ubna_data_02_mir/recover-20220922/UBNA_001/20220921_090000.WAV,Telephone Field,recover-20220922,001,1795
1631.6345,1631.6588,19453,22589,Nyctalus noctula,0.03,0.057,-1,Echolocation,/mnt/ubna_data_02_mir/recover-20220922/UBNA_001/20220921_090000.WAV,Telephone Field,recover-20220922,001,1795
1631.6415,1631.6801,68437,82516,Rhinolophus ferrumequinum,0.025,0.025,-1,Echolocation,/mnt/ubna_data_02_mir/recover-20220922/UBNA_001/20220921_090000.WAV,Telephone Field,recover-20220922,001,1795
1631.7085,1631.7453,68437,81616,Rhinolophus ferrumequinum,0.024,0.024,-1,Echolocation,/mnt/ubna_data_02_mir/recover-20220922/UBNA_001/20220921_090000.WAV,Telephone Field,recover-20220922,001,1795
1631.7145,1631.724,28906,37918,Eptesicus serotinus,0.008,0.023,-1,Echolocation,/mnt/ubna_data_02_mir/recover-20220922/UBNA_001/20220921_090000.WAV,Telephone Field,recover-20220922,001,1795
1631.7425,1631.7507,25468,33853,Eptesicus serotinus,0.007,0.022,-1,Echolocation,/mnt/ubna_data_02_mir/recover-20220922/UBNA_001/20220921_090000.WAV,Telephone Field,recover-20220922,001,1795
1631.7525,1631.7622,28046,36517,Eptesicus serotinus,0.009,0.021,-1,Echolocation,/mnt/ubna_data_02_mir/recover-20220922/UBNA_001/20220921_090000.WAV,Telephone Field,recover-20220922,001,1795
1631.7795,1631.8147,68437,80741,Rhinolophus ferrumequinum,0.021,0.022,-1,Echolocation,/mnt/ubna_data_02_mir/recover-20220922/UBNA_001/20220921_090000.WAV,Telephone Field,recover-20220922,001,1795
1631.8045,1631.8446,68437,82455,Rhinolophus ferrumequinum,0.025,0.025,-1,Echolocation,/mnt/ubna_data_02_mir/recover-20220922/UBNA_001/20220921_090000.WAV,Telephone Field,recover-20220922,001,1795
1631.8165,1631.8569,68437,82597,Rhinolophus ferrumequinum,0.026,0.026,-1,Echolocation,/mnt/ubna_data_02_mir/recover-20220922/UBNA_001/20220921_090000.WAV,Telephone Field,recover-20220922,001,1795
1631.8235,1631.8595,68437,82076,Rhinolophus ferrumequinum,0.027,0.027,-1,Echolocation,/mnt/ubna_data_02_mir/recover-20220922/UBNA_001/20220921_090000.WAV,Telephone Field,recover-20220922,001,1795
1631.8445,1631.8829,68437,82367,Rhinolophus ferrumequinum,0.022,0.022,-1,Echolocation,/mnt/ubna_data_02_mir/recover-20220922/UBNA_001/20220921_090000.WAV,Telephone Field,recover-20220922,001,1795
1631.9065,1631.9456,68437,82795,Rhinolophus ferrumequinum,0.024,0.024,-1,Echolocation,/mnt/ubna_data_02_mir/recover-20220922/UBNA_001/20220921_090000.WAV,Telephone Field,recover-20220922,001,1795
1631.9435,1631.9515,27187,35818,Eptesicus serotinus,0.032,0.066,-1,Echolocation,/mnt/ubna_data_02_mir/recover-20220922/UBNA_001/20220921_090000.WAV,Telephone Field,recover-20220922,001,1795
1631.9525,1631.9941,68437,83056,Rhinolophus ferrumequinum,0.024,0.024,-1,Echolocation,/mnt/ubna_data_02_mir/recover-20220922/UBNA_001/20220921_090000.WAV,Telephone Field,recover-20220922,001,1795
1631.9595,1631.9988,68437,82336,Rhinolophus ferrumequinum,0.022,0.022,-1,Echolocation,/mnt/ubna_data_02_mir/recover-20220922/UBNA_001/20220921_090000.WAV,Telephone Field,recover-20220922,001,1795
1631.9755,1631.9829,27187,36713,Eptesicus serotinus,0.008,0.025,-1,Echolocation,/mnt/ubna_data_02_mir/recover-20220922/UBNA_001/20220921_090000.WAV,Telephone Field,recover-20220922,001,1795
1632.0015,1632.0356,68437,79873,Rhinolophus ferrumequinum,0.047,0.047,-1,Echolocation,/mnt/ubna_data_02_mir/recover-20220922/UBNA_001/20220921_090000.WAV,Telephone Field,recover-20220922,001,1795
1632.0015,1632.0112,27187,34586,Eptesicus serotinus,0.011,0.032,-1,Echolocation,/mnt/ubna_data_02_mir/recover-20220922/UBNA_001/20220921_090000.WAV,Telephone Field,recover-20220922,001,1795
1632.0015,1632.0115,45234,49067,Pipistrellus pipistrellus,0.023,0.027,-1,Echolocation,/mnt/ubna_data_02_mir/recover-20220922/UBNA_001/20220921_090000.WAV,Telephone Field,recover-20220922,001,1795
1632.0015,1632.0121,22031,27436,Nyctalus leisleri,0.013,0.028,-1,Echolocation,/mnt/ubna_data_02_mir/recover-20220922/UBNA_001/20220921_090000.WAV,Telephone Field,recover-20220922,001,1795
1632.0715,1632.1101,68437,82223,Rhinolophus ferrumequinum,0.024,0.024,-1,Echolocation,/mnt/ubna_data_02_mir/recover-20220922/UBNA_001/20220921_090000.WAV,Telephone Field,recover-20220922,001,1795
1632.0805,1632.1187,68437,81652,Rhinolophus ferrumequinum,0.022,0.022,-1,Echolocation,/mnt/ubna_data_02_mir/recover-20220922/UBNA_001/20220921_090000.WAV,Telephone Field,recover-20220922,001,1795
1632.0895,1632.1239,68437,81668,Rhinolophus ferrumequinum,0.023,0.023,-1,Echolocation,/mnt/ubna_data_02_mir/recover-20220922/UBNA_001/20220921_090000.WAV,Telephone Field,recover-20220922,001,1795
1632.0995,1632.1373,68437,82332,Rhinolophus ferrumequinum,0.023,0.023,-1,Echolocation,/mnt/ubna_data_02_mir/recover-20220922/UBNA_001/20220921_090000.WAV,Telephone Field,recover-20220922,001,1795
1632.1065,1632.1437,68437,81773,Rhinolophus ferrumequinum,0.022,0.022,-1,Echolocation,/mnt/ubna_data_02_mir/recover-20220922/UBNA_001/20220921_090000.WAV,Telephone Field,recover-20220922,001,1795
1632.1315,1632.1704,68437,82504,Rhinolophus ferrumequinum,0.033,0.033,-1,Echolocation,/mnt/ubna_data_02_mir/recover-20220922/UBNA_001/20220921_090000.WAV,Telephone Field,recover-20220922,001,1795
1632.1525,1632.1618,28046,36889,Eptesicus serotinus,0.008,0.024,-1,Echolocation,/mnt/ubna_data_02_mir/recover-20220922/UBNA_001/20220921_090000.WAV,Telephone Field,recover-20220922,001,1795
1632.1625,1632.1724,22890,28676,Nyctalus leisleri,0.008,0.021,-1,Echolocation,/mnt/ubna_data_02_mir/recover-20220922/UBNA_001/20220921_090000.WAV,Telephone Field,recover-20220922,001,1795
1632.2015,1632.2094,28046,39386,Eptesicus serotinus,0.007,0.022,-1,Echolocation,/mnt/ubna_data_02_mir/recover-20220922/UBNA_001/20220921_090000.WAV,Telephone Field,recover-20220922,001,1795
1632.2025,1632.2408,68437,82488,Rhinolophus ferrumequinum,0.022,0.022,-1,Echolocation,/mnt/ubna_data_02_mir/recover-20220922/UBNA_001/20220921_090000.WAV,Telephone Field,recover-20220922,001,1795
1632.2055,1632.217,41796,44628,Pipistrellus pipistrellus,0.021,0.029,-1,Echolocation,/mnt/ubna_data_02_mir/recover-20220922/UBNA_001/20220921_090000.WAV,Telephone Field,recover-20220922,001,1795
1632.2535,1632.2909,68437,81907,Rhinolophus ferrumequinum,0.023,0.023,-1,Echolocation,/mnt/ubna_data_02_mir/recover-20220922/UBNA_001/20220921_090000.WAV,Telephone Field,recover-20220922,001,1795
1632.2605,1632.2709,22031,27427,Nyctalus leisleri,0.009,0.022,-1,Echolocation,/mnt/ubna_data_02_mir/recover-20220922/UBNA_001/20220921_090000.WAV,Telephone Field,recover-20220922,001,1795
1632.2875,1632.2976,25468,33193,Eptesicus serotinus,0.014,0.03,-1,Echolocation,/mnt/ubna_data_02_mir/recover-20220922/UBNA_001/20220921_090000.WAV,Telephone Field,recover-20220922,001,1795
1632.3255,1632.367,68437,82954,Rhinolophus ferrumequinum,0.023,0.023,-1,Echolocation,/mnt/ubna_data_02_mir/recover-20220922/UBNA_001/20220921_090000.WAV,Telephone Field,recover-20220922,001,1795
1632.3625,1632.3728,23750,29533,Nyctalus leisleri,0.009,0.023,-1,Echolocation,/mnt/ubna_data_02_mir/recover-20220922/UBNA_001/20220921_090000.WAV,Telephone Field,recover-20220922,001,1795
1632.3885,1632.3975,55546,62778,Pipistrellus pygmaeus,0.02,0.022,-1,Echolocation,/mnt/ubna_data_02_mir/recover-20220922/UBNA_001/20220921_090000.WAV,Telephone Field,recover-20220922,001,1795
1632.3885,1632.4239,68437,81647,Rhinolophus ferrumequinum,0.023,0.023,-1,Echolocation,/mnt/ubna_data_02_mir/recover-20220922/UBNA_001/20220921_090000.WAV,Telephone Field,recover-20220922,001,1795
1632.4335,1632.4728,68437,82503,Rhinolophus ferrumequinum,0.024,0.024,-1,Echolocation,/mnt/ubna_data_02_mir/recover-20220922/UBNA_001/20220921_090000.WAV,Telephone Field,recover-20220922,001,1795
1632.4545,1632.4945,68437,82218,Rhinolophus ferrumequinum,0.025,0.025,-1,Echolocation,/mnt/ubna_data_02_mir/recover-20220922/UBNA_001/20220921_090000.WAV,Telephone Field,recover-20220922,001,1795
1632.4605,1632.4708,22890,28194,Nyctalus leisleri,0.011,0.023,-1,Echolocation,/mnt/ubna_data_02_mir/recover-20220922/UBNA_001/20220921_090000.WAV,Telephone Field,recover-20220922,001,1795
1632.4685,1632.4798,22031,25909,Nyctalus leisleri,0.013,0.022,-1,Echolocation,/mnt/ubna_data_02_mir/recover-20220922/UBNA_001/20220921_090000.WAV,Telephone Field,recover-20220922,001,1795
1632.4965,1632.5373,68437,82603,Rhinolophus ferrumequinum,0.023,0.023,-1,Echolocation,/mnt/ubna_data_02_mir/recover-20220922/UBNA_001/20220921_090000.WAV,Telephone Field,recover-20220922,001,1795
1632.5955,1632.6041,25468,33571,Eptesicus serotinus,0.009,0.027,-1,Echolocation,/mnt/ubna_data_02_mir/recover-20220922/UBNA_001/20220921_090000.WAV,Telephone Field,recover-20220922,001,1795
1632.6315,1632.6711,68437,82593,Rhinolophus ferrumequinum,0.022,0.022,-1,Echolocation,/mnt/ubna_data_02_mir/recover-20220922/UBNA_001/20220921_090000.WAV,Telephone Field,recover-20220922,001,1795
1632.6785,1632.6872,28046,37621,Eptesicus serotinus,0.009,0.022,-1,Echolocation,/mnt/ubna_data_02_mir/recover-20220922/UBNA_001/20220921_090000.WAV,Telephone Field,recover-20220922,001,1795
1632.6785,1632.7157,68437,81072,Rhinolophus ferrumequinum,0.022,0.022,-1,Echolocation,/mnt/ubna_data_02_mir/recover-20220922/UBNA_001/20220921_090000.WAV,Telephone Field,recover-20220922,001,1795
1632.6925,1632.7319,68437,82765,Rhinolophus ferrumequinum,0.026,0.026,-1,Echolocation,/mnt/ubna_data_02_mir/recover-20220922/UBNA_001/20220921_090000.WAV,Telephone Field,recover-20220922,001,1795
1632.7085,1632.748,68437,82652,Rhinolophus ferrumequinum,0.022,0.022,-1,Echolocation,/mnt/ubna_data_02_mir/recover-20220922/UBNA_001/20220921_090000.WAV,Telephone Field,recover-20220922,001,1795
1632.7295,1632.7371,28906,41092,Eptesicus serotinus,0.007,0.024,-1,Echolocation,/mnt/ubna_data_02_mir/recover-20220922/UBNA_001/20220921_090000.WAV,Telephone Field,recover-20220922,001,1795
1632.7295,1632.7627,68437,80940,Rhinolophus ferrumequinum,0.022,0.022,-1,Echolocation,/mnt/ubna_data_02_mir/recover-20220922/UBNA_001/20220921_090000.WAV,Telephone Field,recover-20220922,001,1795
1632.7605,1632.7981,68437,81422,Rhinolophus ferrumequinum,0.023,0.024,-1,Echolocation,/mnt/ubna_data_02_mir/recover-20220922/UBNA_001/20220921_090000.WAV,Telephone Field,recover-20220922,001,1795
1632.7865,1632.827,68437,82681,Rhinolophus ferrumequinum,0.025,0.025,-1,Echolocation,/mnt/ubna_data_02_mir/recover-20220922/UBNA_001/20220921_090000.WAV,Telephone Field,recover-20220922,001,1795
1632.8405,1632.8794,68437,81483,Rhinolophus ferrumequinum,0.024,0.024,-1,Echolocation,/mnt/ubna_data_02_mir/recover-20220922/UBNA_001/20220921_090000.WAV,Telephone Field,recover-20220922,001,1795
1632.8455,1632.8556,28046,35795,Eptesicus serotinus,0.012,0.026,-1,Echolocation,/mnt/ubna_data_02_mir/recover-20220922/UBNA_001/20220921_090000.WAV,Telephone Field,recover-20220922,001,1795
1632.8715,1632.9104,68437,81982,Rhinolophus ferrumequinum,0.025,0.025,-1,Echolocation,/mnt/ubna_data_02_mir/recover-20220922/UBNA_001/20220921_090000.WAV,Telephone Field,recover-20220922,001,1795
1632.9125,1632.9518,68437,82085,Rhinolophus ferrumequinum,0.024,0.024,-1,Echolocation,/mnt/ubna_data_02_mir/recover-20220922/UBNA_001/20220921_090000.WAV,Telephone Field,recover-20220922,001,1795
1632.9325,1632.9405,51250,57841,Pipistrellus pipistrellus,0.019,0.023,-1,Echolocation,/mnt/ubna_data_02_mir/recover-20220922/UBNA_001/20220921_090000.WAV,Telephone Field,recover-20220922,001,1795
1632.9355,1632.9449,27187,34599,Eptesicus serotinus,0.02,0.042,-1,Echolocation,/mnt/ubna_data_02_mir/recover-20220922/UBNA_001/20220921_090000.WAV,Telephone Field,recover-20220922,001,1795
1632.9865,1632.9952,22890,30255,Plecotus austriacus,0.009,0.023,-1,Echolocation,/mnt/ubna_data_02_mir/recover-20220922/UBNA_001/20220921_090000.WAV,Telephone Field,recover-20220922,001,1795
1633.0035,1633.0415,68437,81532,Rhinolophus ferrumequinum,0.022,0.022,-1,Echolocation,/mnt/ubna_data_02_mir/recover-20220922/UBNA_001/20220921_090000.WAV,Telephone Field,recover-20220922,001,1795
1633.0365,1633.0475,26328,34233,Eptesicus serotinus,0.019,0.033,-1,Echolocation,/mnt/ubna_data_02_mir/recover-20220922/UBNA_001/20220921_090000.WAV,Telephone Field,recover-20220922,001,1795
1633.0725,1633.0825,47812,51650,Pipistrellus pipistrellus,0.026,0.029,-1,Echolocation,/mnt/ubna_data_02_mir/recover-20220922/UBNA_001/20220921_090000.WAV,Telephone Field,recover-20220922,001,1795
1633.1105,1633.1486,68437,80595,Rhinolophus ferrumequinum,0.03,0.03,-1,Echolocation,/mnt/ubna_data_02_mir/recover-20220922/UBNA_001/20220921_090000.WAV,Telephone Field,recover-20220922,001,1795
1633.1235,1633.1639,68437,82998,Rhinolophus ferrumequinum,0.047,0.047,-1,Echolocation,/mnt/ubna_data_02_mir/recover-20220922/UBNA_001/20220921_090000.WAV,Telephone Field,recover-20220922,001,1795
1633.1725,1633.1806,28046,40903,Eptesicus serotinus,0.008,0.022,-1,Echolocation,/mnt/ubna_data_02_mir/recover-20220922/UBNA_001/20220921_090000.WAV,Telephone Field,recover-20220922,001,1795
1633.1915,1633.2299,68437,82013,Rhinolophus ferrumequinum,0.03,0.03,-1,Echolocation,/mnt/ubna_data_02_mir/recover-20220922/UBNA_001/20220921_090000.WAV,Telephone Field,recover-20220922,001,1795
1633.2225,1633.2301,23750,33137,Plecotus austriacus,0.011,0.025,-1,Echolocation,/mnt/ubna_data_02_mir/recover-20220922/UBNA_001/20220921_090000.WAV,Telephone Field,recover-20220922,001,1795
1633.2295,1633.2657,68437,82439,Rhinolophus ferrumequinum,0.025,0.025,-1,Echolocation,/mnt/ubna_data_02_mir/recover-20220922/UBNA_001/20220921_090000.WAV,Telephone Field,recover-20220922,001,1795
1633.2545,1633.2937,68437,82153,Rhinolophus ferrumequinum,0.028,0.028,-1,Echolocation,/mnt/ubna_data_02_mir/recover-20220922/UBNA_001/20220921_090000.WAV,Telephone Field,recover-20220922,001,1795
1633.2785,1633.2861,27187,35096,Eptesicus serotinus,0.01,0.033,-1,Echolocation,/mnt/ubna_data_02_mir/recover-20220922/UBNA_001/20220921_090000.WAV,Telephone Field,recover-20220922,001,1795
1633.3055,1633.3415,68437,81918,Rhinolophus ferrumequinum,0.023,0.023,-1,Echolocation,/mnt/ubna_data_02_mir/recover-20220922/UBNA_001/20220921_090000.WAV,Telephone Field,recover-20220922,001,1795
1633.3295,1633.3406,28906,36758,Eptesicus serotinus,0.015,0.028,-1,Echolocation,/mnt/ubna_data_02_mir/recover-20220922/UBNA_001/20220921_090000.WAV,Telephone Field,recover-20220922,001,1795
1633.3765,1633.4153,68437,82091,Rhinolophus ferrumequinum,0.023,0.024,-1,Echolocation,/mnt/ubna_data_02_mir/recover-20220922/UBNA_001/20220921_090000.WAV,Telephone Field,recover-20220922,001,1795
1633.3785,1633.3895,22890,28199,Nyctalus leisleri,0.011,0.025,-1,Echolocation,/mnt/ubna_data_02_mir/recover-20220922/UBNA_001/20220921_090000.WAV,Telephone Field,recover-20220922,001,1795
1633.3825,1633.4204,68437,82696,Rhinolophus ferrumequinum,0.025,0.025,-1,Echolocation,/mnt/ubna_data_02_mir/recover-20220922/UBNA_001/20220921_090000.WAV,Telephone Field,recover-20220922,001,1795
1633.3955,1633.4352,68437,82253,Rhinolophus ferrumequinum,0.022,0.022,-1,Echolocation,/mnt/ubna_data_02_mir/recover-20220922/UBNA_001/20220921_090000.WAV,Telephone Field,recover-20220922,001,1795
1633.3955,1633.404,55546,60532,Pipistrellus pygmaeus,0.025,0.027,-1,Echolocation,/mnt/ubna_data_02_mir/recover-20220922/UBNA_001/20220921_090000.WAV,Telephone Field,recover-20220922,001,1795
1633.3995,1633.4076,28046,39409,Eptesicus serotinus,0.007,0.022,-1,Echolocation,/mnt/ubna_data_02_mir/recover-20220922/UBNA_001/20220921_090000.WAV,Telephone Field,recover-20220922,001,1795
1633.4275,1633.4675,68437,82167,Rhinolophus ferrumequinum,0.025,0.025,-1,Echolocation,/mnt/ubna_data_02_mir/recover-20220922/UBNA_001/20220921_090000.WAV,Telephone Field,recover-20220922,001,1795
1633.4385,1633.4753,68437,80988,Rhinolophus ferrumequinum,0.022,0.022,-1,Echolocation,/mnt/ubna_data_02_mir/recover-20220922/UBNA_001/20220921_090000.WAV,Telephone Field,recover-20220922,001,1795
1633.4635,1633.4984,68437,81231,Rhinolophus ferrumequinum,0.022,0.022,-1,Echolocation,/mnt/ubna_data_02_mir/recover-20220922/UBNA_001/20220921_090000.WAV,Telephone Field,recover-20220922,001,1795
1633.4635,1633.4709,27187,40359,Eptesicus serotinus,0.007,0.022,-1,Echolocation,/mnt/ubna_data_02_mir/recover-20220922/UBNA_001/20220921_090000.WAV,Telephone Field,recover-20220922,001,1795
1633.4785,1633.4874,28046,39000,Eptesicus serotinus,0.008,0.022,-1,Echolocation,/mnt/ubna_data_02_mir/recover-20220922/UBNA_001/20220921_090000.WAV,Telephone Field,recover-20220922,001,1795
1633.5065,1633.5456,68437,82220,Rhinolophus ferrumequinum,0.027,0.027,-1,Echolocation,/mnt/ubna_data_02_mir/recover-20220922/UBNA_001/20220921_090000.WAV,Telephone Field,recover-20220922,001,1795
1633.5185,1633.5576,68437,83150,Rhinolophus ferrumequinum,0.027,0.027,-1,Echolocation,/mnt/ubna_data_02_mir/recover-20220922/UBNA_001/20220921_090000.WAV,Telephone Field,recover-20220922,001,1795
1633.5285,1633.5344,46093,54937,Pipistrellus pipistrellus,0.022,0.025,-1,Echolocation,/mnt/ubna_data_02_mir/recover-20220922/UBNA_001/20220921_090000.WAV,Telephone Field,recover-20220922,001,1795
1633.5425,1633.5531,25468,33209,Eptesicus serotinus,0.012,0.027,-1,Echolocation,/mnt/ubna_data_02_mir/recover-20220922/UBNA_001/20220921_090000.WAV,Telephone Field,recover-20220922,001,1795
1633.5455,1633.5873,68437,82978,Rhinolophus ferrumequinum,0.041,0.041,-1,Echolocation,/mnt/ubna_data_02_mir/recover-20220922/UBNA_001/20220921_090000.WAV,Telephone Field,recover-20220922,001,1795
1633.5765,1633.5838,28046,38286,Eptesicus serotinus,0.007,0.024,-1,Echolocation,/mnt/ubna_data_02_mir/recover-20220922/UBNA_001/20220921_090000.WAV,Telephone Field,recover-20220922,001,1795
1633.5765,1633.6185,68437,82506,Rhinolophus ferrumequinum,0.025,0.025,-1,Echolocation,/mnt/ubna_data_02_mir/recover-20220922/UBNA_001/20220921_090000.WAV,Telephone Field,recover-20220922,001,1795
1633.5895,1633.6303,68437,82685,Rhinolophus ferrumequinum,0.024,0.024,-1,Echolocation,/mnt/ubna_data_02_mir/recover-20220922/UBNA_001/20220921_090000.WAV,Telephone Field,recover-20220922,001,1795
1633.5905,1633.5981,27187,40180,Eptesicus serotinus,0.007,0.022,-1,Echolocation,/mnt/ubna_data_02_mir/recover-20220922/UBNA_001/20220921_090000.WAV,Telephone Field,recover-20220922,001,1795
1633.6055,1633.6502,68437,83732,Rhinolophus ferrumequinum,0.048,0.048,-1,Echolocation,/mnt/ubna_data_02_mir/recover-20220922/UBNA_001/20220921_090000.WAV,Telephone Field,recover-20220922,001,1795
1633.6215,1633.6385,20312,23611,Nyctalus leisleri,0.012,0.024,-1,Echolocation,/mnt/ubna_data_02_mir/recover-20220922/UBNA_001/20220921_090000.WAV,Telephone Field,recover-20220922,001,1795
1633.6265,1633.6647,68437,82580,Rhinolophus ferrumequinum,0.032,0.032,-1,Echolocation,/mnt/ubna_data_02_mir/recover-20220922/UBNA_001/20220921_090000.WAV,Telephone Field,recover-20220922,001,1795
1633.6465,1633.6838,68437,81723,Rhinolophus ferrumequinum,0.023,0.023,-1,Echolocation,/mnt/ubna_data_02_mir/recover-20220922/UBNA_001/20220921_090000.WAV,Telephone Field,recover-20220922,001,1795
1633.6825,1633.721,68437,82301,Rhinolophus ferrumequinum,0.021,0.021,-1,Echolocation,/mnt/ubna_data_02_mir/recover-20220922/UBNA_001/20220921_090000.WAV,Telephone Field,recover-20220922,001,1795
1633.6835,1633.6955,23750,29504,Nyctalus leisleri,0.013,0.03,-1,Echolocation,/mnt/ubna_data_02_mir/recover-20220922/UBNA_001/20220921_090000.WAV,Telephone Field,recover-20220922,001,1795
1633.7055,1633.715,45234,50930,Pipistrellus pipistrellus,0.043,0.045,-1,Echolocation,/mnt/ubna_data_02_mir/recover-20220922/UBNA_001/20220921_090000.WAV,Telephone Field,recover-20220922,001,1795
1633.7435,1633.7855,68437,82741,Rhinolophus ferrumequinum,0.034,0.034,-1,Echolocation,/mnt/ubna_data_02_mir/recover-20220922/UBNA_001/20220921_090000.WAV,Telephone Field,recover-20220922,001,1795
1633.7445,1633.7532,40078,48636,Pipistrellus nathusii,0.009,0.023,-1,Echolocation,/mnt/ubna_data_02_mir/recover-20220922/UBNA_001/20220921_090000.WAV,Telephone Field,recover-20220922,001,1795
1633.8065,1633.85,68437,82792,Rhinolophus ferrumequinum,0.03,0.03,-1,Echolocation,/mnt/ubna_data_02_mir/recover-20220922/UBNA_001/20220921_090000.WAV,Telephone Field,recover-20220922,001,1795
1633.8235,1633.8314,28906,39159,Eptesicus serotinus,0.008,0.025,-1,Echolocation,/mnt/ubna_data_02_mir/recover-20220922/UBNA_001/20220921_090000.WAV,Telephone Field,recover-20220922,001,1795
1633.8295,1633.8694,68437,82326,Rhinolophus ferrumequinum,0.027,0.027,-1,Echolocation,/mnt/ubna_data_02_mir/recover-20220922/UBNA_001/20220921_090000.WAV,Telephone Field,recover-20220922,001,1795
1633.8565,1633.8669,22890,28818,Nyctalus leisleri,0.011,0.026,-1,Echolocation,/mnt/ubna_data_02_mir/recover-20220922/UBNA_001/20220921_090000.WAV,Telephone Field,recover-20220922,001,1795
1633.9595,1633.9688,28906,37168,Eptesicus serotinus,0.009,0.023,-1,Echolocation,/mnt/ubna_data_02_mir/recover-20220922/UBNA_001/20220921_090000.WAV,Telephone Field,recover-20220922,001,1795
1633.9805,1633.991,22031,26298,Nyctalus leisleri,0.012,0.022,-1,Echolocation,/mnt/ubna_data_02_mir/recover-20220922/UBNA_001/20220921_090000.WAV,Telephone Field,recover-20220922,001,1795
1634.0015,1634.0107,26328,36830,Nyctalus leisleri,0.01,0.032,-1,Echolocation,/mnt/ubna_data_02_mir/recover-20220922/UBNA_001/20220921_090000.WAV,Telephone Field,recover-20220922,001,1795
1634.0015,1634.0371,68437,79898,Rhinolophus ferrumequinum,0.037,0.038,-1,Echolocation,/mnt/ubna_data_02_mir/recover-20220922/UBNA_001/20220921_090000.WAV,Telephone Field,recover-20220922,001,1795
1634.0085,1634.0529,68437,82817,Rhinolophus ferrumequinum,0.023,0.023,-1,Echolocation,/mnt/ubna_data_02_mir/recover-20220922/UBNA_001/20220921_090000.WAV,Telephone Field,recover-20220922,001,1795
1634.0795,1634.1191,68437,82420,Rhinolophus ferrumequinum,0.023,0.023,-1,Echolocation,/mnt/ubna_data_02_mir/recover-20220922/UBNA_001/20220921_090000.WAV,Telephone Field,recover-20220922,001,1795
1634.1085,1634.1217,22031,25879,Nyctalus leisleri,0.015,0.026,-1,Echolocation,/mnt/ubna_data_02_mir/recover-20220922/UBNA_001/20220921_090000.WAV,Telephone Field,recover-20220922,001,1795
1634.1545,1634.1895,68437,81108,Rhinolophus ferrumequinum,0.022,0.022,-1,Echolocation,/mnt/ubna_data_02_mir/recover-20220922/UBNA_001/20220921_090000.WAV,Telephone Field,recover-20220922,001,1795
1634.1595,1634.1678,28046,40855,Eptesicus serotinus,0.009,0.025,-1,Echolocation,/mnt/ubna_data_02_mir/recover-20220922/UBNA_001/20220921_090000.WAV,Telephone Field,recover-20220922,001,1795
1634.1895,1634.1987,31484,40717,Myotis daubentonii,0.007,0.022,-1,Echolocation,/mnt/ubna_data_02_mir/recover-20220922/UBNA_001/20220921_090000.WAV,Telephone Field,recover-20220922,001,1795
1634.1925,1634.2318,68437,82547,Rhinolophus ferrumequinum,0.028,0.028,-1,Echolocation,/mnt/ubna_data_02_mir/recover-20220922/UBNA_001/20220921_090000.WAV,Telephone Field,recover-20220922,001,1795
1634.2575,1634.2658,27187,36895,Eptesicus serotinus,0.008,0.022,-1,Echolocation,/mnt/ubna_data_02_mir/recover-20220922/UBNA_001/20220921_090000.WAV,Telephone Field,recover-20220922,001,1795
1634.2945,1634.3034,28046,42913,Eptesicus serotinus,0.009,0.022,-1,Echolocation,/mnt/ubna_data_02_mir/recover-20220922/UBNA_001/20220921_090000.WAV,Telephone Field,recover-20220922,001,1795
1634.2965,1634.3048,32343,46094,Myotis daubentonii,0.008,0.022,-1,Echolocation,/mnt/ubna_data_02_mir/recover-20220922/UBNA_001/20220921_090000.WAV,Telephone Field,recover-20220922,001,1795
1634.3215,1634.3292,27187,37146,Eptesicus serotinus,0.011,0.034,-1,Echolocation,/mnt/ubna_data_02_mir/recover-20220922/UBNA_001/20220921_090000.WAV,Telephone Field,recover-20220922,001,1795
1634.3395,1634.3803,68437,82808,Rhinolophus ferrumequinum,0.023,0.023,-1,Echolocation,/mnt/ubna_data_02_mir/recover-20220922/UBNA_001/20220921_090000.WAV,Telephone Field,recover-20220922,001,1795
1634.3855,1634.4265,68437,82244,Rhinolophus ferrumequinum,0.025,0.025,-1,Echolocation,/mnt/ubna_data_02_mir/recover-20220922/UBNA_001/20220921_090000.WAV,Telephone Field,recover-20220922,001,1795
1634.3965,1634.4402,68437,83082,Rhinolophus ferrumequinum,0.027,0.027,-1,Echolocation,/mnt/ubna_data_02_mir/recover-20220922/UBNA_001/20220921_090000.WAV,Telephone Field,recover-20220922,001,1795
1634.4115,1634.4182,28046,39263,Eptesicus serotinus,0.007,0.027,-1,Echolocation,/mnt/ubna_data_02_mir/recover-20220922/UBNA_001/20220921_090000.WAV,Telephone Field,recover-20220922,001,1795
1634.4175,1634.4553,68437,81730,Rhinolophus ferrumequinum,0.024,0.024,-1,Echolocation,/mnt/ubna_data_02_mir/recover-20220922/UBNA_001/20220921_090000.WAV,Telephone Field,recover-20220922,001,1795
1634.4715,1634.4792,28906,37643,Eptesicus serotinus,0.007,0.023,-1,Echolocation,/mnt/ubna_data_02_mir/recover-20220922/UBNA_001/20220921_090000.WAV,Telephone Field,recover-20220922,001,1795
1634.4915,1634.5319,68437,82420,Rhinolophus ferrumequinum,0.022,0.022,-1,Echolocation,/mnt/ubna_data_02_mir/recover-20220922/UBNA_001/20220921_090000.WAV,Telephone Field,recover-20220922,001,1795
1634.5145,1634.5556,68437,82590,Rhinolophus ferrumequinum,0.022,0.022,-1,Echolocation,/mnt/ubna_data_02_mir/recover-20220922/UBNA_001/20220921_090000.WAV,Telephone Field,recover-20220922,001,1795
1634.5245,1634.5322,28046,39526,Eptesicus serotinus,0.007,0.021,-1,Echolocation,/mnt/ubna_data_02_mir/recover-20220922/UBNA_001/20220921_090000.WAV,Telephone Field,recover-20220922,001,1795
1634.5305,1634.5409,22890,28442,Nyctalus leisleri,0.011,0.024,-1,Echolocation,/mnt/ubna_data_02_mir/recover-20220922/UBNA_001/20220921_090000.WAV,Telephone Field,recover-20220922,001,1795
1634.5465,1634.5537,27187,41790,Eptesicus serotinus,0.006,0.022,-1,Echolocation,/mnt/ubna_data_02_mir/recover-20220922/UBNA_001/20220921_090000.WAV,Telephone Field,recover-20220922,001,1795
1634.5725,1634.5915,19453,22466,Nyctalus leisleri,0.014,0.025,-1,Echolocation,/mnt/ubna_data_02_mir/recover-20220922/UBNA_001/20220921_090000.WAV,Telephone Field,recover-20220922,001,1795
1634.5985,1634.6379,68437,82154,Rhinolophus ferrumequinum,0.024,0.024,-1,Echolocation,/mnt/ubna_data_02_mir/recover-20220922/UBNA_001/20220921_090000.WAV,Telephone Field,recover-20220922,001,1795
1634.6215,1634.6644000000001,68437,83026,Rhinolophus ferrumequinum,0.026,0.026,-1,Echolocation,/mnt/ubna_data_02_mir/recover-20220922/UBNA_001/20220921_090000.WAV,Telephone Field,recover-20220922,001,1795
1634.6645,1634.7038,68437,82310,Rhinolophus ferrumequinum,0.023,0.023,-1,Echolocation,/mnt/ubna_data_02_mir/recover-20220922/UBNA_001/20220921_090000.WAV,Telephone Field,recover-20220922,001,1795
1634.6965,1634.7367,68437,81881,Rhinolophus ferrumequinum,0.022,0.022,-1,Echolocation,/mnt/ubna_data_02_mir/recover-20220922/UBNA_001/20220921_090000.WAV,Telephone Field,recover-20220922,001,1795
1634.7175,1634.7567,68437,82515,Rhinolophus ferrumequinum,0.022,0.023,-1,Echolocation,/mnt/ubna_data_02_mir/recover-20220922/UBNA_001/20220921_090000.WAV,Telephone Field,recover-20220922,001,1795
1634.7465,1634.7887,68437,82866,Rhinolophus ferrumequinum,0.026,0.026,-1,Echolocation,/mnt/ubna_data_02_mir/recover-20220922/UBNA_001/20220921_090000.WAV,Telephone Field,recover-20220922,001,1795
1634.7805,1634.8213,68437,82646,Rhinolophus ferrumequinum,0.027,0.027,-1,Echolocation,/mnt/ubna_data_02_mir/recover-20220922/UBNA_001/20220921_090000.WAV,Telephone Field,recover-20220922,001,1795
1634.8215,1634.8656,68437,83175,Rhinolophus ferrumequinum,0.053,0.053,-1,Echolocation,/mnt/ubna_data_02_mir/recover-20220922/UBNA_001/20220921_090000.WAV,Telephone Field,recover-20220922,001,1795
1634.8255,1634.8363,22890,27936,Nyctalus leisleri,0.011,0.023,-1,Echolocation,/mnt/ubna_data_02_mir/recover-20220922/UBNA_001/20220921_090000.WAV,Telephone Field,recover-20220922,001,1795
1634.8985,1634.9088,26328,34566,Eptesicus serotinus,0.012,0.025,-1,Echolocation,/mnt/ubna_data_02_mir/recover-20220922/UBNA_001/20220921_090000.WAV,Telephone Field,recover-20220922,001,1795
1634.9585,1634.9689,28046,35590,Eptesicus serotinus,0.01,0.022,-1,Echolocation,/mnt/ubna_data_02_mir/recover-20220922/UBNA_001/20220921_090000.WAV,Telephone Field,recover-20220922,001,1795
1635.0095,1635.0465,68437,82065,Rhinolophus ferrumequinum,0.023,0.023,-1,Echolocation,/mnt/ubna_data_02_mir/recover-20220922/UBNA_001/20220921_090000.WAV,Telephone Field,recover-20220922,001,1795
1635.0445,1635.0525,50390,56307,Pipistrellus pipistrellus,0.02,0.023,-1,Echolocation,/mnt/ubna_data_02_mir/recover-20220922/UBNA_001/20220921_090000.WAV,Telephone Field,recover-20220922,001,1795
1635.0875,1635.1271,68437,82211,Rhinolophus ferrumequinum,0.022,0.022,-1,Echolocation,/mnt/ubna_data_02_mir/recover-20220922/UBNA_001/20220921_090000.WAV,Telephone Field,recover-20220922,001,1795
1635.1275,1635.1719,68437,83310,Rhinolophus ferrumequinum,0.034,0.034,-1,Echolocation,/mnt/ubna_data_02_mir/recover-20220922/UBNA_001/20220921_090000.WAV,Telephone Field,recover-20220922,001,1795
1635.1355,1635.1439,24609,32185,Eptesicus serotinus,0.007,0.028,-1,Echolocation,/mnt/ubna_data_02_mir/recover-20220922/UBNA_001/20220921_090000.WAV,Telephone Field,recover-20220922,001,1795
1635.1385,1635.1781,68437,82397,Rhinolophus ferrumequinum,0.023,0.023,-1,Echolocation,/mnt/ubna_data_02_mir/recover-20220922/UBNA_001/20220921_090000.WAV,Telephone Field,recover-20220922,001,1795
1635.1475,1635.1824,68437,81579,Rhinolophus ferrumequinum,0.023,0.023,-1,Echolocation,/mnt/ubna_data_02_mir/recover-20220922/UBNA_001/20220921_090000.WAV,Telephone Field,recover-20220922,001,1795
1635.1685,1635.2076,68437,82421,Rhinolophus ferrumequinum,0.023,0.023,-1,Echolocation,/mnt/ubna_data_02_mir/recover-20220922/UBNA_001/20220921_090000.WAV,Telephone Field,recover-20220922,001,1795
1635.1785,1635.1895,23750,29246,Nyctalus leisleri,0.01,0.023,-1,Echolocation,/mnt/ubna_data_02_mir/recover-20220922/UBNA_001/20220921_090000.WAV,Telephone Field,recover-20220922,001,1795
1635.2115,1635.2515,68437,82072,Rhinolophus ferrumequinum,0.023,0.024,-1,Echolocation,/mnt/ubna_data_02_mir/recover-20220922/UBNA_001/20220921_090000.WAV,Telephone Field,recover-20220922,001,1795
1635.2795,1635.3196,68437,82227,Rhinolophus ferrumequinum,0.023,0.023,-1,Echolocation,/mnt/ubna_data_02_mir/recover-20220922/UBNA_001/20220921_090000.WAV,Telephone Field,recover-20220922,001,1795
1635.3035,1635.3451,68437,82423,Rhinolophus ferrumequinum,0.025,0.025,-1,Echolocation,/mnt/ubna_data_02_mir/recover-20220922/UBNA_001/20220921_090000.WAV,Telephone Field,recover-20220922,001,1795
1635.3285,1635.3377,28906,36923,Eptesicus serotinus,0.01,0.025,-1,Echolocation,/mnt/ubna_data_02_mir/recover-20220922/UBNA_001/20220921_090000.WAV,Telephone Field,recover-20220922,001,1795
1635.3675,1635.3856,20312,23513,Nyctalus leisleri,0.017,0.029,-1,Echolocation,/mnt/ubna_data_02_mir/recover-20220922/UBNA_001/20220921_090000.WAV,Telephone Field,recover-20220922,001,1795
1635.4405,1635.4829,68437,82993,Rhinolophus ferrumequinum,0.024,0.024,-1,Echolocation,/mnt/ubna_data_02_mir/recover-20220922/UBNA_001/20220921_090000.WAV,Telephone Field,recover-20220922,001,1795
1635.4585,1635.4788,18593,21718,Nyctalus noctula,0.019,0.031,-1,Echolocation,/mnt/ubna_data_02_mir/recover-20220922/UBNA_001/20220921_090000.WAV,Telephone Field,recover-20220922,001,1795
1635.4595,1635.4991,68437,82513,Rhinolophus ferrumequinum,0.025,0.025,-1,Echolocation,/mnt/ubna_data_02_mir/recover-20220922/UBNA_001/20220921_090000.WAV,Telephone Field,recover-20220922,001,1795
1635.4985,1635.5057,23750,32775,Plecotus austriacus,0.011,0.025,-1,Echolocation,/mnt/ubna_data_02_mir/recover-20220922/UBNA_001/20220921_090000.WAV,Telephone Field,recover-20220922,001,1795
1635.5185,1635.5572,68437,82756,Rhinolophus ferrumequinum,0.025,0.025,-1,Echolocation,/mnt/ubna_data_02_mir/recover-20220922/UBNA_001/20220921_090000.WAV,Telephone Field,recover-20220922,001,1795
1635.5485,1635.5872,68437,82275,Rhinolophus ferrumequinum,0.022,0.022,-1,Echolocation,/mnt/ubna_data_02_mir/recover-20220922/UBNA_001/20220921_090000.WAV,Telephone Field,recover-20220922,001,1795
1635.5755,1635.5839,30625,40559,Myotis daubentonii,0.008,0.021,-1,Echolocation,/mnt/ubna_data_02_mir/recover-20220922/UBNA_001/20220921_090000.WAV,Telephone Field,recover-20220922,001,1795
1635.5755,1635.6172,68437,82655,Rhinolophus ferrumequinum,0.026,0.026,-1,Echolocation,/mnt/ubna_data_02_mir/recover-20220922/UBNA_001/20220921_090000.WAV,Telephone Field,recover-20220922,001,1795
1635.6155,1635.655,68437,81891,Rhinolophus ferrumequinum,0.023,0.023,-1,Echolocation,/mnt/ubna_data_02_mir/recover-20220922/UBNA_001/20220921_090000.WAV,Telephone Field,recover-20220922,001,1795
1635.6555,1635.6963,68437,82631,Rhinolophus ferrumequinum,0.024,0.024,-1,Echolocation,/mnt/ubna_data_02_mir/recover-20220922/UBNA_001/20220921_090000.WAV,Telephone Field,recover-20220922,001,1795
1635.6615,1635.6701,27187,39572,Eptesicus serotinus,0.008,0.022,-1,Echolocation,/mnt/ubna_data_02_mir/recover-20220922/UBNA_001/20220921_090000.WAV,Telephone Field,recover-20220922,001,1795
1635.6615,1635.6716,22890,28919,Nyctalus leisleri,0.009,0.022,-1,Echolocation,/mnt/ubna_data_02_mir/recover-20220922/UBNA_001/20220921_090000.WAV,Telephone Field,recover-20220922,001,1795
1635.6905,1635.7309,68437,82162,Rhinolophus ferrumequinum,0.022,0.022,-1,Echolocation,/mnt/ubna_data_02_mir/recover-20220922/UBNA_001/20220921_090000.WAV,Telephone Field,recover-20220922,001,1795
1635.7225,1635.7609,68437,81668,Rhinolophus ferrumequinum,0.025,0.025,-1,Echolocation,/mnt/ubna_data_02_mir/recover-20220922/UBNA_001/20220921_090000.WAV,Telephone Field,recover-20220922,001,1795
1635.7435,1635.7854,68437,83073,Rhinolophus ferrumequinum,0.038,0.038,-1,Echolocation,/mnt/ubna_data_02_mir/recover-20220922/UBNA_001/20220921_090000.WAV,Telephone Field,recover-20220922,001,1795
1635.7885,1635.7974,27187,36590,Eptesicus serotinus,0.008,0.022,-1,Echolocation,/mnt/ubna_data_02_mir/recover-20220922/UBNA_001/20220921_090000.WAV,Telephone Field,recover-20220922,001,1795
1635.7955,1635.8047,51250,55723,Pipistrellus pipistrellus,0.039,0.044,-1,Echolocation,/mnt/ubna_data_02_mir/recover-20220922/UBNA_001/20220921_090000.WAV,Telephone Field,recover-20220922,001,1795
1635.8395,1635.8474,23750,31955,Plecotus austriacus,0.009,0.023,-1,Echolocation,/mnt/ubna_data_02_mir/recover-20220922/UBNA_001/20220921_090000.WAV,Telephone Field,recover-20220922,001,1795
1635.8675,1635.9044,68437,82024,Rhinolophus ferrumequinum,0.024,0.024,-1,Echolocation,/mnt/ubna_data_02_mir/recover-20220922/UBNA_001/20220921_090000.WAV,Telephone Field,recover-20220922,001,1795
1635.8835,1635.92,68437,81357,Rhinolophus ferrumequinum,0.023,0.023,-1,Echolocation,/mnt/ubna_data_02_mir/recover-20220922/UBNA_001/20220921_090000.WAV,Telephone Field,recover-20220922,001,1795
1635.9135,1635.9552,68437,83062,Rhinolophus ferrumequinum,0.023,0.023,-1,Echolocation,/mnt/ubna_data_02_mir/recover-20220922/UBNA_001/20220921_090000.WAV,Telephone Field,recover-20220922,001,1795
1635.9245,1635.9328,22890,30669,Plecotus austriacus,0.012,0.028,-1,Echolocation,/mnt/ubna_data_02_mir/recover-20220922/UBNA_001/20220921_090000.WAV,Telephone Field,recover-20220922,001,1795
1635.9435,1635.9822,68437,82314,Rhinolophus ferrumequinum,0.022,0.022,-1,Echolocation,/mnt/ubna_data_02_mir/recover-20220922/UBNA_001/20220921_090000.WAV,Telephone Field,recover-20220922,001,1795
1635.9815,1635.9931,22890,27671,Nyctalus leisleri,0.012,0.023,-1,Echolocation,/mnt/ubna_data_02_mir/recover-20220922/UBNA_001/20220921_090000.WAV,Telephone Field,recover-20220922,001,1795
1636.0015,1636.0108,22890,30516,Nyctalus leisleri,0.009,0.028,-1,Echolocation,/mnt/ubna_data_02_mir/recover-20220922/UBNA_001/20220921_090000.WAV,Telephone Field,recover-20220922,001,1795
1636.0015,1636.008,48671,56321,Pipistrellus pipistrellus,0.018,0.025,-1,Echolocation,/mnt/ubna_data_02_mir/recover-20220922/UBNA_001/20220921_090000.WAV,Telephone Field,recover-20220922,001,1795
1636.0015,1636.0331,68437,79687,Rhinolophus ferrumequinum,0.029,0.03,-1,Echolocation,/mnt/ubna_data_02_mir/recover-20220922/UBNA_001/20220921_090000.WAV,Telephone Field,recover-20220922,001,1795
1636.0075,1636.0483,68437,81243,Rhinolophus ferrumequinum,0.023,0.024,-1,Echolocation,/mnt/ubna_data_02_mir/recover-20220922/UBNA_001/20220921_090000.WAV,Telephone Field,recover-20220922,001,1795
1636.0665,1636.1075,68437,82325,Rhinolophus ferrumequinum,0.024,0.025,-1,Echolocation,/mnt/ubna_data_02_mir/recover-20220922/UBNA_001/20220921_090000.WAV,Telephone Field,recover-20220922,001,1795
1636.1185,1636.1557,68437,81705,Rhinolophus ferrumequinum,0.061,0.061,-1,Echolocation,/mnt/ubna_data_02_mir/recover-20220922/UBNA_001/20220921_090000.WAV,Telephone Field,recover-20220922,001,1795
1636.1275,1636.1651,68437,81878,Rhinolophus ferrumequinum,0.021,0.022,-1,Echolocation,/mnt/ubna_data_02_mir/recover-20220922/UBNA_001/20220921_090000.WAV,Telephone Field,recover-20220922,001,1795
1636.1435,1636.1516,50390,54877,Pipistrellus pipistrellus,0.019,0.022,-1,Echolocation,/mnt/ubna_data_02_mir/recover-20220922/UBNA_001/20220921_090000.WAV,Telephone Field,recover-20220922,001,1795
1636.1585,1636.1938,68437,82056,Rhinolophus ferrumequinum,0.028,0.028,-1,Echolocation,/mnt/ubna_data_02_mir/recover-20220922/UBNA_001/20220921_090000.WAV,Telephone Field,recover-20220922,001,1795
1636.2205,1636.2576,68437,81764,Rhinolophus ferrumequinum,0.023,0.023,-1,Echolocation,/mnt/ubna_data_02_mir/recover-20220922/UBNA_001/20220921_090000.WAV,Telephone Field,recover-20220922,001,1795
1636.2275,1636.2643,68437,81839,Rhinolophus ferrumequinum,0.022,0.022,-1,Echolocation,/mnt/ubna_data_02_mir/recover-20220922/UBNA_001/20220921_090000.WAV,Telephone Field,recover-20220922,001,1795
1636.2955,1636.3324,68437,81827,Rhinolophus ferrumequinum,0.024,0.024,-1,Echolocation,/mnt/ubna_data_02_mir/recover-20220922/UBNA_001/20220921_090000.WAV,Telephone Field,recover-20220922,001,1795
1636.3115,1636.3176,28906,40748,Myotis daubentonii,0.007,0.03,-1,Echolocation,/mnt/ubna_data_02_mir/recover-20220922/UBNA_001/20220921_090000.WAV,Telephone Field,recover-20220922,001,1795
1636.3125,1636.3505,68437,82017,Rhinolophus ferrumequinum,0.027,0.027,-1,Echolocation,/mnt/ubna_data_02_mir/recover-20220922/UBNA_001/20220921_090000.WAV,Telephone Field,recover-20220922,001,1795
1636.3215,1636.3578,68437,81350,Rhinolophus ferrumequinum,0.022,0.022,-1,Echolocation,/mnt/ubna_data_02_mir/recover-20220922/UBNA_001/20220921_090000.WAV,Telephone Field,recover-20220922,001,1795
1636.3395,1636.3763,68437,82158,Rhinolophus ferrumequinum,0.025,0.025,-1,Echolocation,/mnt/ubna_data_02_mir/recover-20220922/UBNA_001/20220921_090000.WAV,Telephone Field,recover-20220922,001,1795
1636.3715,1636.4121,68437,82493,Rhinolophus ferrumequinum,0.022,0.022,-1,Echolocation,/mnt/ubna_data_02_mir/recover-20220922/UBNA_001/20220921_090000.WAV,Telephone Field,recover-20220922,001,1795
1636.3745,1636.382,27187,36525,Eptesicus serotinus,0.01,0.026,-1,Echolocation,/mnt/ubna_data_02_mir/recover-20220922/UBNA_001/20220921_090000.WAV,Telephone Field,recover-20220922,001,1795
1636.4225,1636.4312,48671,54748,Pipistrellus pipistrellus,0.032,0.035,-1,Echolocation,/mnt/ubna_data_02_mir/recover-20220922/UBNA_001/20220921_090000.WAV,Telephone Field,recover-20220922,001,1795
1636.4505,1636.4908,68437,82102,Rhinolophus ferrumequinum,0.024,0.024,-1,Echolocation,/mnt/ubna_data_02_mir/recover-20220922/UBNA_001/20220921_090000.WAV,Telephone Field,recover-20220922,001,1795
1636.4525,1636.465,39218,44462,Pipistrellus nathusii,0.015,0.023,-1,Echolocation,/mnt/ubna_data_02_mir/recover-20220922/UBNA_001/20220921_090000.WAV,Telephone Field,recover-20220922,001,1795
1636.4775,1636.5139,68437,81255,Rhinolophus ferrumequinum,0.022,0.022,-1,Echolocation,/mnt/ubna_data_02_mir/recover-20220922/UBNA_001/20220921_090000.WAV,Telephone Field,recover-20220922,001,1795
1636.5165,1636.5636,68437,83716,Rhinolophus ferrumequinum,0.06,0.06,-1,Echolocation,/mnt/ubna_data_02_mir/recover-20220922/UBNA_001/20220921_090000.WAV,Telephone Field,recover-20220922,001,1795
1636.5275,1636.5697,68437,83228,Rhinolophus ferrumequinum,0.034,0.034,-1,Echolocation,/mnt/ubna_data_02_mir/recover-20220922/UBNA_001/20220921_090000.WAV,Telephone Field,recover-20220922,001,1795
1636.5655,1636.6027,68437,82343,Rhinolophus ferrumequinum,0.024,0.024,-1,Echolocation,/mnt/ubna_data_02_mir/recover-20220922/UBNA_001/20220921_090000.WAV,Telephone Field,recover-20220922,001,1795
1636.5985,1636.6079,27187,36746,Eptesicus serotinus,0.011,0.026,-1,Echolocation,/mnt/ubna_data_02_mir/recover-20220922/UBNA_001/20220921_090000.WAV,Telephone Field,recover-20220922,001,1795
1636.6085,1636.6501,68437,82987,Rhinolophus ferrumequinum,0.025,0.025,-1,Echolocation,/mnt/ubna_data_02_mir/recover-20220922/UBNA_001/20220921_090000.WAV,Telephone Field,recover-20220922,001,1795
1636.6635,1636.6811,22031,25721,Nyctalus leisleri,0.02,0.036,-1,Echolocation,/mnt/ubna_data_02_mir/recover-20220922/UBNA_001/20220921_090000.WAV,Telephone Field,recover-20220922,001,1795
1636.6745,1636.7137,68437,82182,Rhinolophus ferrumequinum,0.022,0.022,-1,Echolocation,/mnt/ubna_data_02_mir/recover-20220922/UBNA_001/20220921_090000.WAV,Telephone Field,recover-20220922,001,1795
1636.6745,1636.6887,28046,33312,Eptesicus serotinus,0.016,0.031,-1,Echolocation,/mnt/ubna_data_02_mir/recover-20220922/UBNA_001/20220921_090000.WAV,Telephone Field,recover-20220922,001,1795
1636.6865,1636.6976,28906,36703,Eptesicus serotinus,0.013,0.031,-1,Echolocation,/mnt/ubna_data_02_mir/recover-20220922/UBNA_001/20220921_090000.WAV,Telephone Field,recover-20220922,001,1795
1636.7125,1636.7545,68437,83272,Rhinolophus ferrumequinum,0.027,0.027,-1,Echolocation,/mnt/ubna_data_02_mir/recover-20220922/UBNA_001/20220921_090000.WAV,Telephone Field,recover-20220922,001,1795
1636.7325,1636.7723,68437,82263,Rhinolophus ferrumequinum,0.023,0.023,-1,Echolocation,/mnt/ubna_data_02_mir/recover-20220922/UBNA_001/20220921_090000.WAV,Telephone Field,recover-20220922,001,1795
1636.7485,1636.7616,22031,26241,Nyctalus leisleri,0.015,0.026,-1,Echolocation,/mnt/ubna_data_02_mir/recover-20220922/UBNA_001/20220921_090000.WAV,Telephone Field,recover-20220922,001,1795
1636.7715,1636.7837,28906,35446,Eptesicus serotinus,0.022,0.037,-1,Echolocation,/mnt/ubna_data_02_mir/recover-20220922/UBNA_001/20220921_090000.WAV,Telephone Field,recover-20220922,001,1795
1636.7785,1636.8161,68437,82149,Rhinolophus ferrumequinum,0.027,0.027,-1,Echolocation,/mnt/ubna_data_02_mir/recover-20220922/UBNA_001/20220921_090000.WAV,Telephone Field,recover-20220922,001,1795
1636.8165,1636.8524,68437,81657,Rhinolophus ferrumequinum,0.022,0.022,-1,Echolocation,/mnt/ubna_data_02_mir/recover-20220922/UBNA_001/20220921_090000.WAV,Telephone Field,recover-20220922,001,1795
1636.8685,1636.9042,68437,80888,Rhinolophus ferrumequinum,0.023,0.024,-1,Echolocation,/mnt/ubna_data_02_mir/recover-20220922/UBNA_001/20220921_090000.WAV,Telephone Field,recover-20220922,001,1795
1636.8995,1636.9371,68437,81758,Rhinolophus ferrumequinum,0.024,0.024,-1,Echolocation,/mnt/ubna_data_02_mir/recover-20220922/UBNA_001/20220921_090000.WAV,Telephone Field,recover-20220922,001,1795
1636.9195,1636.9602,68437,82581,Rhinolophus ferrumequinum,0.033,0.033,-1,Echolocation,/mnt/ubna_data_02_mir/recover-20220922/UBNA_001/20220921_090000.WAV,Telephone Field,recover-20220922,001,1795
1636.9355,1636.9421,48671,54293,Pipistrellus pipistrellus,0.019,0.022,-1,Echolocation,/mnt/ubna_data_02_mir/recover-20220922/UBNA_001/20220921_090000.WAV,Telephone Field,recover-20220922,001,1795
1636.9525,1636.9905,68437,82537,Rhinolophus ferrumequinum,0.023,0.023,-1,Echolocation,/mnt/ubna_data_02_mir/recover-20220922/UBNA_001/20220921_090000.WAV,Telephone Field,recover-20220922,001,1795
1636.9685,1636.9752,28046,41451,Eptesicus serotinus,0.008,0.027,-1,Echolocation,/mnt/ubna_data_02_mir/recover-20220922/UBNA_001/20220921_090000.WAV,Telephone Field,recover-20220922,001,1795
1636.9975,1637.0384,68437,82460,Rhinolophus ferrumequinum,0.023,0.023,-1,Echolocation,/mnt/ubna_data_02_mir/recover-20220922/UBNA_001/20220921_090000.WAV,Telephone Field,recover-20220922,001,1795
1637.0025,1637.0112,57265,62674,Pipistrellus pygmaeus,0.027,0.028,-1,Echolocation,/mnt/ubna_data_02_mir/recover-20220922/UBNA_001/20220921_090000.WAV,Telephone Field,recover-20220922,001,1795
1637.0205,1637.0587,68437,81977,Rhinolophus ferrumequinum,0.022,0.022,-1,Echolocation,/mnt/ubna_data_02_mir/recover-20220922/UBNA_001/20220921_090000.WAV,Telephone Field,recover-20220922,001,1795
1637.0405,1637.0535,55546,59935,Pipistrellus pygmaeus,0.025,0.027,-1,Echolocation,/mnt/ubna_data_02_mir/recover-20220922/UBNA_001/20220921_090000.WAV,Telephone Field,recover-20220922,001,1795
1637.0435,1637.0527,28906,38513,Eptesicus serotinus,0.008,0.023,-1,Echolocation,/mnt/ubna_data_02_mir/recover-20220922/UBNA_001/20220921_090000.WAV,Telephone Field,recover-20220922,001,1795
1637.0595,1637.0976,68437,81851,Rhinolophus ferrumequinum,0.022,0.022,-1,Echolocation,/mnt/ubna_data_02_mir/recover-20220922/UBNA_001/20220921_090000.WAV,Telephone Field,recover-20220922,001,1795
1637.0615,1637.0693,48671,52042,Pipistrellus pipistrellus,0.045,0.049,-1,Echolocation,/mnt/ubna_data_02_mir/recover-20220922/UBNA_001/20220921_090000.WAV,Telephone Field,recover-20220922,001,1795
1637.1345,1637.142,49531,55459,Pipistrellus pipistrellus,0.02,0.023,-1,Echolocation,/mnt/ubna_data_02_mir/recover-20220922/UBNA_001/20220921_090000.WAV,Telephone Field,recover-20220922,001,1795
1637.1545,1637.1963,68437,83041,Rhinolophus ferrumequinum,0.03,0.03,-1,Echolocation,/mnt/ubna_data_02_mir/recover-20220922/UBNA_001/20220921_090000.WAV,Telephone Field,recover-20220922,001,1795
1637.2105,1637.2483,68437,82133,Rhinolophus ferrumequinum,0.022,0.022,-1,Echolocation,/mnt/ubna_data_02_mir/recover-20220922/UBNA_001/20220921_090000.WAV,Telephone Field,recover-20220922,001,1795
1637.2165,1637.2562,68437,82071,Rhinolophus ferrumequinum,0.022,0.022,-1,Echolocation,/mnt/ubna_data_02_mir/recover-20220922/UBNA_001/20220921_090000.WAV,Telephone Field,recover-20220922,001,1795
1637.2655,1637.3047,68437,82438,Rhinolophus ferrumequinum,0.028,0.028,-1,Echolocation,/mnt/ubna_data_02_mir/recover-20220922/UBNA_001/20220921_090000.WAV,Telephone Field,recover-20220922,001,1795
1637.2885,1637.2981,28046,36770,Eptesicus serotinus,0.009,0.023,-1,Echolocation,/mnt/ubna_data_02_mir/recover-20220922/UBNA_001/20220921_090000.WAV,Telephone Field,recover-20220922,001,1795
1637.3065,1637.3449,68437,82110,Rhinolophus ferrumequinum,0.022,0.023,-1,Echolocation,/mnt/ubna_data_02_mir/recover-20220922/UBNA_001/20220921_090000.WAV,Telephone Field,recover-20220922,001,1795
1637.3175,1637.331,22031,25195,Nyctalus leisleri,0.015,0.023,-1,Echolocation,/mnt/ubna_data_02_mir/recover-20220922/UBNA_001/20220921_090000.WAV,Telephone Field,recover-20220922,001,1795
1637.3445,1637.3853,68437,82419,Rhinolophus ferrumequinum,0.032,0.032,-1,Echolocation,/mnt/ubna_data_02_mir/recover-20220922/UBNA_001/20220921_090000.WAV,Telephone Field,recover-20220922,001,1795
1637.3975,1637.4367,68437,82162,Rhinolophus ferrumequinum,0.023,0.023,-1,Echolocation,/mnt/ubna_data_02_mir/recover-20220922/UBNA_001/20220921_090000.WAV,Telephone Field,recover-20220922,001,1795
1637.4085,1637.4196,26328,33688,Eptesicus serotinus,0.011,0.022,-1,Echolocation,/mnt/ubna_data_02_mir/recover-20220922/UBNA_001/20220921_090000.WAV,Telephone Field,recover-20220922,001,1795
1637.4145,1637.4525,68437,82306,Rhinolophus ferrumequinum,0.022,0.022,-1,Echolocation,/mnt/ubna_data_02_mir/recover-20220922/UBNA_001/20220921_090000.WAV,Telephone Field,recover-20220922,001,1795
1637.4595,1637.4971,68437,82106,Rhinolophus ferrumequinum,0.024,0.024,-1,Echolocation,/mnt/ubna_data_02_mir/recover-20220922/UBNA_001/20220921_090000.WAV,Telephone Field,recover-20220922,001,1795
1637.4665,1637.4731,23750,36204,Plecotus austriacus,0.01,0.025,-1,Echolocation,/mnt/ubna_data_02_mir/recover-20220922/UBNA_001/20220921_090000.WAV,Telephone Field,recover-20220922,001,1795
1637.4845,1637.5207,68437,81565,Rhinolophus ferrumequinum,0.022,0.022,-1,Echolocation,/mnt/ubna_data_02_mir/recover-20220922/UBNA_001/20220921_090000.WAV,Telephone Field,recover-20220922,001,1795
1637.5145,1637.552,68437,82021,Rhinolophus ferrumequinum,0.022,0.022,-1,Echolocation,/mnt/ubna_data_02_mir/recover-20220922/UBNA_001/20220921_090000.WAV,Telephone Field,recover-20220922,001,1795
1637.5415,1637.5525,22890,27602,Nyctalus leisleri,0.014,0.027,-1,Echolocation,/mnt/ubna_data_02_mir/recover-20220922/UBNA_001/20220921_090000.WAV,Telephone Field,recover-20220922,001,1795
1637.5495,1637.5862,68437,81734,Rhinolophus ferrumequinum,0.025,0.025,-1,Echolocation,/mnt/ubna_data_02_mir/recover-20220922/UBNA_001/20220921_090000.WAV,Telephone Field,recover-20220922,001,1795
1637.5545,1637.5913,68437,81776,Rhinolophus ferrumequinum,0.024,0.024,-1,Echolocation,/mnt/ubna_data_02_mir/recover-20220922/UBNA_001/20220921_090000.WAV,Telephone Field,recover-20220922,001,1795
1637.6075,1637.6467,68437,82673,Rhinolophus ferrumequinum,0.022,0.022,-1,Echolocation,/mnt/ubna_data_02_mir/recover-20220922/UBNA_001/20220921_090000.WAV,Telephone Field,recover-20220922,001,1795
1637.6395,1637.6801,68437,82398,Rhinolophus ferrumequinum,0.032,0.032,-1,Echolocation,/mnt/ubna_data_02_mir/recover-20220922/UBNA_001/20220921_090000.WAV,Telephone Field,recover-20220922,001,1795
1637.6855,1637.7222,68437,81986,Rhinolophus ferrumequinum,0.023,0.023,-1,Echolocation,/mnt/ubna_data_02_mir/recover-20220922/UBNA_001/20220921_090000.WAV,Telephone Field,recover-20220922,001,1795
1637.7145,1637.7556,68437,83218,Rhinolophus ferrumequinum,0.033,0.033,-1,Echolocation,/mnt/ubna_data_02_mir/recover-20220922/UBNA_001/20220921_090000.WAV,Telephone Field,recover-20220922,001,1795
1637.7545,1637.7691,36640,41464,Pipistrellus nathusii,0.011,0.026,-1,Echolocation,/mnt/ubna_data_02_mir/recover-20220922/UBNA_001/20220921_090000.WAV,Telephone Field,recover-20220922,001,1795
1637.7585,1637.7659,27187,38815,Eptesicus serotinus,0.007,0.023,-1,Echolocation,/mnt/ubna_data_02_mir/recover-20220922/UBNA_001/20220921_090000.WAV,Telephone Field,recover-20220922,001,1795
1637.7985,1637.8086,28906,35625,Eptesicus serotinus,0.01,0.024,-1,Echolocation,/mnt/ubna_data_02_mir/recover-20220922/UBNA_001/20220921_090000.WAV,Telephone Field,recover-20220922,001,1795
1637.8175,1637.8559,68437,82265,Rhinolophus ferrumequinum,0.024,0.024,-1,Echolocation,/mnt/ubna_data_02_mir/recover-20220922/UBNA_001/20220921_090000.WAV,Telephone Field,recover-20220922,001,1795
1637.8235,1637.8615,68437,82198,Rhinolophus ferrumequinum,0.024,0.024,-1,Echolocation,/mnt/ubna_data_02_mir/recover-20220922/UBNA_001/20220921_090000.WAV,Telephone Field,recover-20220922,001,1795
1637.8525,1637.8611,25468,33637,Eptesicus serotinus,0.01,0.026,-1,Echolocation,/mnt/ubna_data_02_mir/recover-20220922/UBNA_001/20220921_090000.WAV,Telephone Field,recover-20220922,001,1795
1637.9045,1637.9166,24609,29899,Nyctalus leisleri,0.01,0.024,-1,Echolocation,/mnt/ubna_data_02_mir/recover-20220922/UBNA_001/20220921_090000.WAV,Telephone Field,recover-20220922,001,1795
1637.9495,1637.9572,28906,39026,Eptesicus serotinus,0.008,0.022,-1,Echolocation,/mnt/ubna_data_02_mir/recover-20220922/UBNA_001/20220921_090000.WAV,Telephone Field,recover-20220922,001,1795
1638.0015,1638.033,68437,79890,Rhinolophus ferrumequinum,0.08,0.08,-1,Echolocation,/mnt/ubna_data_02_mir/recover-20220922/UBNA_001/20220921_090000.WAV,Telephone Field,recover-20220922,001,1795
1638.0015,1638.01,23750,31397,Nyctalus leisleri,0.011,0.029,-1,Echolocation,/mnt/ubna_data_02_mir/recover-20220922/UBNA_001/20220921_090000.WAV,Telephone Field,recover-20220922,001,1795
1638.0035,1638.0101,46093,54407,Pipistrellus pipistrellus,0.014,0.029,-1,Echolocation,/mnt/ubna_data_02_mir/recover-20220922/UBNA_001/20220921_090000.WAV,Telephone Field,recover-20220922,001,1795
1638.0315,1638.0637,68437,80724,Rhinolophus ferrumequinum,0.021,0.022,-1,Echolocation,/mnt/ubna_data_02_mir/recover-20220922/UBNA_001/20220921_090000.WAV,Telephone Field,recover-20220922,001,1795
1638.0495,1638.094,68437,83353,Rhinolophus ferrumequinum,0.034,0.034,-1,Echolocation,/mnt/ubna_data_02_mir/recover-20220922/UBNA_001/20220921_090000.WAV,Telephone Field,recover-20220922,001,1795
1638.0675,1638.1061,68437,81647,Rhinolophus ferrumequinum,0.022,0.022,-1,Echolocation,/mnt/ubna_data_02_mir/recover-20220922/UBNA_001/20220921_090000.WAV,Telephone Field,recover-20220922,001,1795
1638.0775,1638.0869,54687,59337,Pipistrellus pygmaeus,0.021,0.022,-1,Echolocation,/mnt/ubna_data_02_mir/recover-20220922/UBNA_001/20220921_090000.WAV,Telephone Field,recover-20220922,001,1795
1638.0925,1638.1277,68437,82017,Rhinolophus ferrumequinum,0.022,0.022,-1,Echolocation,/mnt/ubna_data_02_mir/recover-20220922/UBNA_001/20220921_090000.WAV,Telephone Field,recover-20220922,001,1795
1638.1835,1638.2231,68437,82282,Rhinolophus ferrumequinum,0.024,0.024,-1,Echolocation,/mnt/ubna_data_02_mir/recover-20220922/UBNA_001/20220921_090000.WAV,Telephone Field,recover-20220922,001,1795
1638.1975,1638.237,68437,81845,Rhinolophus ferrumequinum,0.022,0.022,-1,Echolocation,/mnt/ubna_data_02_mir/recover-20220922/UBNA_001/20220921_090000.WAV,Telephone Field,recover-20220922,001,1795
1638.2075,1638.2183,28906,36351,Eptesicus serotinus,0.017,0.035,-1,Echolocation,/mnt/ubna_data_02_mir/recover-20220922/UBNA_001/20220921_090000.WAV,Telephone Field,recover-20220922,001,1795
1638.2685,1638.3081,68437,82680,Rhinolophus ferrumequinum,0.033,0.033,-1,Echolocation,/mnt/ubna_data_02_mir/recover-20220922/UBNA_001/20220921_090000.WAV,Telephone Field,recover-20220922,001,1795
1638.2995,1638.3386,68437,82363,Rhinolophus ferrumequinum,0.025,0.026,-1,Echolocation,/mnt/ubna_data_02_mir/recover-20220922/UBNA_001/20220921_090000.WAV,Telephone Field,recover-20220922,001,1795
1638.3195,1638.3585,68437,82301,Rhinolophus ferrumequinum,0.03,0.03,-1,Echolocation,/mnt/ubna_data_02_mir/recover-20220922/UBNA_001/20220921_090000.WAV,Telephone Field,recover-20220922,001,1795
1638.3265,1638.3338,30625,56325,Myotis daubentonii,0.008,0.024,-1,Echolocation,/mnt/ubna_data_02_mir/recover-20220922/UBNA_001/20220921_090000.WAV,Telephone Field,recover-20220922,001,1795
1638.3265,1638.331,40078,54941,Myotis mystacinus,0.006,0.023,-1,Echolocation,/mnt/ubna_data_02_mir/recover-20220922/UBNA_001/20220921_090000.WAV,Telephone Field,recover-20220922,001,1795
1638.3355,1638.3758,68437,82307,Rhinolophus ferrumequinum,0.035,0.035,-1,Echolocation,/mnt/ubna_data_02_mir/recover-20220922/UBNA_001/20220921_090000.WAV,Telephone Field,recover-20220922,001,1795
1638.3545,1638.3643,23750,31408,Nyctalus leisleri,0.008,0.023,-1,Echolocation,/mnt/ubna_data_02_mir/recover-20220922/UBNA_001/20220921_090000.WAV,Telephone Field,recover-20220922,001,1795
1638.3605,1638.369,28906,41006,Eptesicus serotinus,0.009,0.027,-1,Echolocation,/mnt/ubna_data_02_mir/recover-20220922/UBNA_001/20220921_090000.WAV,Telephone Field,recover-20220922,001,1795
1638.3615,1638.374,22031,26030,Nyctalus leisleri,0.013,0.023,-1,Echolocation,/mnt/ubna_data_02_mir/recover-20220922/UBNA_001/20220921_090000.WAV,Telephone Field,recover-20220922,001,1795
1638.3675,1638.3995,68437,78944,Rhinolophus ferrumequinum,0.024,0.025,-1,Echolocation,/mnt/ubna_data_02_mir/recover-20220922/UBNA_001/20220921_090000.WAV,Telephone Field,recover-20220922,001,1795
1638.3845,1638.3941,46093,50227,Pipistrellus pipistrellus,0.025,0.027,-1,Echolocation,/mnt/ubna_data_02_mir/recover-20220922/UBNA_001/20220921_090000.WAV,Telephone Field,recover-20220922,001,1795
1638.3855,1638.4236,68437,82667,Rhinolophus ferrumequinum,0.023,0.023,-1,Echolocation,/mnt/ubna_data_02_mir/recover-20220922/UBNA_001/20220921_090000.WAV,Telephone Field,recover-20220922,001,1795
1638.4055,1638.4433,68437,81203,Rhinolophus ferrumequinum,0.022,0.022,-1,Echolocation,/mnt/ubna_data_02_mir/recover-20220922/UBNA_001/20220921_090000.WAV,Telephone Field,recover-20220922,001,1795
1638.4245,1638.4319,23750,32419,Plecotus austriacus,0.01,0.023,-1,Echolocation,/mnt/ubna_data_02_mir/recover-20220922/UBNA_001/20220921_090000.WAV,Telephone Field,recover-20220922,001,1795
1638.4355,1638.4733,68437,81358,Rhinolophus ferrumequinum,0.022,0.022,-1,Echolocation,/mnt/ubna_data_02_mir/recover-20220922/UBNA_001/20220921_090000.WAV,Telephone Field,recover-20220922,001,1795
1638.4525,1638.4897,68437,81168,Rhinolophus ferrumequinum,0.022,0.022,-1,Echolocation,/mnt/ubna_data_02_mir/recover-20220922/UBNA_001/20220921_090000.WAV,Telephone Field,recover-20220922,001,1795
1638.4755,1638.518,68437,82775,Rhinolophus ferrumequinum,0.045,0.045,-1,Echolocation,/mnt/ubna_data_02_mir/recover-20220922/UBNA_001/20220921_090000.WAV,Telephone Field,recover-20220922,001,1795
1638.4845,1638.4916,27187,37105,Eptesicus serotinus,0.013,0.042,-1,Echolocation,/mnt/ubna_data_02_mir/recover-20220922/UBNA_001/20220921_090000.WAV,Telephone Field,recover-20220922,001,1795
1638.4945,1638.5057,22890,27708,Nyctalus leisleri,0.012,0.022,-1,Echolocation,/mnt/ubna_data_02_mir/recover-20220922/UBNA_001/20220921_090000.WAV,Telephone Field,recover-20220922,001,1795
1638.5205,1638.5571,68437,82136,Rhinolophus ferrumequinum,0.026,0.026,-1,Echolocation,/mnt/ubna_data_02_mir/recover-20220922/UBNA_001/20220921_090000.WAV,Telephone Field,recover-20220922,001,1795
1638.5475,1638.5828,68437,81134,Rhinolophus ferrumequinum,0.022,0.022,-1,Echolocation,/mnt/ubna_data_02_mir/recover-20220922/UBNA_001/20220921_090000.WAV,Telephone Field,recover-20220922,001,1795
1638.5615,1638.5691,29765,47868,Eptesicus serotinus,0.007,0.027,-1,Echolocation,/mnt/ubna_data_02_mir/recover-20220922/UBNA_001/20220921_090000.WAV,Telephone Field,recover-20220922,001,1795
1638.5845,1638.6166,68437,80940,Rhinolophus ferrumequinum,0.023,0.023,-1,Echolocation,/mnt/ubna_data_02_mir/recover-20220922/UBNA_001/20220921_090000.WAV,Telephone Field,recover-20220922,001,1795
1638.5975,1638.6083,23750,30115,Nyctalus leisleri,0.009,0.023,-1,Echolocation,/mnt/ubna_data_02_mir/recover-20220922/UBNA_001/20220921_090000.WAV,Telephone Field,recover-20220922,001,1795
1638.6005,1638.6385,68437,81219,Rhinolophus ferrumequinum,0.028,0.028,-1,Echolocation,/mnt/ubna_data_02_mir/recover-20220922/UBNA_001/20220921_090000.WAV,Telephone Field,recover-20220922,001,1795
1638.6225,1638.6629,68437,82744,Rhinolophus ferrumequinum,0.028,0.028,-1,Echolocation,/mnt/ubna_data_02_mir/recover-20220922/UBNA_001/20220921_090000.WAV,Telephone Field,recover-20220922,001,1795
1638.6355,1638.6746,68437,82189,Rhinolophus ferrumequinum,0.023,0.023,-1,Echolocation,/mnt/ubna_data_02_mir/recover-20220922/UBNA_001/20220921_090000.WAV,Telephone Field,recover-20220922,001,1795
1638.6465,1638.6842,68437,81627,Rhinolophus ferrumequinum,0.029,0.029,-1,Echolocation,/mnt/ubna_data_02_mir/recover-20220922/UBNA_001/20220921_090000.WAV,Telephone Field,recover-20220922,001,1795
1638.6655,1638.7049,68437,82756,Rhinolophus ferrumequinum,0.024,0.024,-1,Echolocation,/mnt/ubna_data_02_mir/recover-20220922/UBNA_001/20220921_090000.WAV,Telephone Field,recover-20220922,001,1795
1638.6985,1638.7386,68437,82230,Rhinolophus ferrumequinum,0.026,0.026,-1,Echolocation,/mnt/ubna_data_02_mir/recover-20220922/UBNA_001/20220921_090000.WAV,Telephone Field,recover-20220922,001,1795
1638.7055,1638.7441,68437,81908,Rhinolophus ferrumequinum,0.024,0.024,-1,Echolocation,/mnt/ubna_data_02_mir/recover-20220922/UBNA_001/20220921_090000.WAV,Telephone Field,recover-20220922,001,1795
1638.7475,1638.7899,68437,82936,Rhinolophus ferrumequinum,0.028,0.028,-1,Echolocation,/mnt/ubna_data_02_mir/recover-20220922/UBNA_001/20220921_090000.WAV,Telephone Field,recover-20220922,001,1795
1638.7485,1638.7568,28046,40128,Eptesicus serotinus,0.008,0.022,-1,Echolocation,/mnt/ubna_data_02_mir/recover-20220922/UBNA_001/20220921_090000.WAV,Telephone Field,recover-20220922,001,1795
1638.7765,1638.8167,68437,82672,Rhinolophus ferrumequinum,0.025,0.025,-1,Echolocation,/mnt/ubna_data_02_mir/recover-20220922/UBNA_001/20220921_090000.WAV,Telephone Field,recover-20220922,001,1795
1638.7995,1638.838,68437,82507,Rhinolophus ferrumequinum,0.024,0.024,-1,Echolocation,/mnt/ubna_data_02_mir/recover-20220922/UBNA_001/20220921_090000.WAV,Telephone Field,recover-20220922,001,1795
1638.8055,1638.8247,21171,24544,Nyctalus leisleri,0.028,0.046,-1,Echolocation,/mnt/ubna_data_02_mir/recover-20220922/UBNA_001/20220921_090000.WAV,Telephone Field,recover-20220922,001,1795
1638.8105,1638.8463,68437,81403,Rhinolophus ferrumequinum,0.022,0.022,-1,Echolocation,/mnt/ubna_data_02_mir/recover-20220922/UBNA_001/20220921_090000.WAV,Telephone Field,recover-20220922,001,1795
1638.8165,1638.8536,68437,81741,Rhinolophus ferrumequinum,0.022,0.022,-1,Echolocation,/mnt/ubna_data_02_mir/recover-20220922/UBNA_001/20220921_090000.WAV,Telephone Field,recover-20220922,001,1795
1638.8265,1638.8363,22031,28077,Plecotus austriacus,0.008,0.024,-1,Echolocation,/mnt/ubna_data_02_mir/recover-20220922/UBNA_001/20220921_090000.WAV,Telephone Field,recover-20220922,001,1795
1638.8465,1638.8875,68437,82231,Rhinolophus ferrumequinum,0.022,0.022,-1,Echolocation,/mnt/ubna_data_02_mir/recover-20220922/UBNA_001/20220921_090000.WAV,Telephone Field,recover-20220922,001,1795
1638.8545,1638.865,22890,28432,Nyctalus leisleri,0.01,0.022,-1,Echolocation,/mnt/ubna_data_02_mir/recover-20220922/UBNA_001/20220921_090000.WAV,Telephone Field,recover-20220922,001,1795
1638.8685,1638.9091,68437,82666,Rhinolophus ferrumequinum,0.024,0.024,-1,Echolocation,/mnt/ubna_data_02_mir/recover-20220922/UBNA_001/20220921_090000.WAV,Telephone Field,recover-20220922,001,1795
1638.8885,1638.9291,68437,82671,Rhinolophus ferrumequinum,0.033,0.033,-1,Echolocation,/mnt/ubna_data_02_mir/recover-20220922/UBNA_001/20220921_090000.WAV,Telephone Field,recover-20220922,001,1795
1638.9155,1638.9528,68437,82079,Rhinolophus ferrumequinum,0.025,0.025,-1,Echolocation,/mnt/ubna_data_02_mir/recover-20220922/UBNA_001/20220921_090000.WAV,Telephone Field,recover-20220922,001,1795
1638.9265,1638.9336,23750,32514,Plecotus austriacus,0.01,0.022,-1,Echolocation,/mnt/ubna_data_02_mir/recover-20220922/UBNA_001/20220921_090000.WAV,Telephone Field,recover-20220922,001,1795
1638.9335,1638.9727,68437,82200,Rhinolophus ferrumequinum,0.022,0.022,-1,Echolocation,/mnt/ubna_data_02_mir/recover-20220922/UBNA_001/20220921_090000.WAV,Telephone Field,recover-20220922,001,1795
1638.9555,1638.965,26328,33442,Nyctalus leisleri,0.007,0.023,-1,Echolocation,/mnt/ubna_data_02_mir/recover-20220922/UBNA_001/20220921_090000.WAV,Telephone Field,recover-20220922,001,1795
1638.9575,1638.9992,68437,82547,Rhinolophus ferrumequinum,0.027,0.027,-1,Echolocation,/mnt/ubna_data_02_mir/recover-20220922/UBNA_001/20220921_090000.WAV,Telephone Field,recover-20220922,001,1795
1638.9835,1639.0176,68437,81361,Rhinolophus ferrumequinum,0.022,0.022,-1,Echolocation,/mnt/ubna_data_02_mir/recover-20220922/UBNA_001/20220921_090000.WAV,Telephone Field,recover-20220922,001,1795
1638.9955,1639.0065,23750,28808,Nyctalus leisleri,0.015,0.03,-1,Echolocation,/mnt/ubna_data_02_mir/recover-20220922/UBNA_001/20220921_090000.WAV,Telephone Field,recover-20220922,001,1795
1639.0015,1639.0433,68437,83058,Rhinolophus ferrumequinum,0.035,0.035,-1,Echolocation,/mnt/ubna_data_02_mir/recover-20220922/UBNA_001/20220921_090000.WAV,Telephone Field,recover-20220922,001,1795
1639.0515,1639.0934,68437,82713,Rhinolophus ferrumequinum,0.024,0.024,-1,Echolocation,/mnt/ubna_data_02_mir/recover-20220922/UBNA_001/20220921_090000.WAV,Telephone Field,recover-20220922,001,1795
1639.0535,1639.0625,28906,37303,Eptesicus serotinus,0.01,0.025,-1,Echolocation,/mnt/ubna_data_02_mir/recover-20220922/UBNA_001/20220921_090000.WAV,Telephone Field,recover-20220922,001,1795
1639.1195,1639.1583,68437,82133,Rhinolophus ferrumequinum,0.022,0.022,-1,Echolocation,/mnt/ubna_data_02_mir/recover-20220922/UBNA_001/20220921_090000.WAV,Telephone Field,recover-20220922,001,1795
1639.1385,1639.1753,68437,81779,Rhinolophus ferrumequinum,0.024,0.025,-1,Echolocation,/mnt/ubna_data_02_mir/recover-20220922/UBNA_001/20220921_090000.WAV,Telephone Field,recover-20220922,001,1795
1639.1385,1639.1489,26328,35488,Eptesicus serotinus,0.01,0.024,-1,Echolocation,/mnt/ubna_data_02_mir/recover-20220922/UBNA_001/20220921_090000.WAV,Telephone Field,recover-20220922,001,1795
1639.1535,1639.1909,68437,81760,Rhinolophus ferrumequinum,0.023,0.023,-1,Echolocation,/mnt/ubna_data_02_mir/recover-20220922/UBNA_001/20220921_090000.WAV,Telephone Field,recover-20220922,001,1795
1639.1895,1639.2292,68437,82670,Rhinolophus ferrumequinum,0.028,0.028,-1,Echolocation,/mnt/ubna_data_02_mir/recover-20220922/UBNA_001/20220921_090000.WAV,Telephone Field,recover-20220922,001,1795
1639.2245,1639.2628,68437,81685,Rhinolophus ferrumequinum,0.022,0.022,-1,Echolocation,/mnt/ubna_data_02_mir/recover-20220922/UBNA_001/20220921_090000.WAV,Telephone Field,recover-20220922,001,1795
1639.2345,1639.249,52109,56838,Pipistrellus pygmaeus,0.02,0.033,-1,Echolocation,/mnt/ubna_data_02_mir/recover-20220922/UBNA_001/20220921_090000.WAV,Telephone Field,recover-20220922,001,1795
1639.2565,1639.2978,68437,82615,Rhinolophus ferrumequinum,0.029,0.029,-1,Echolocation,/mnt/ubna_data_02_mir/recover-20220922/UBNA_001/20220921_090000.WAV,Telephone Field,recover-20220922,001,1795
1639.2685,1639.3085,68437,82390,Rhinolophus ferrumequinum,0.022,0.022,-1,Echolocation,/mnt/ubna_data_02_mir/recover-20220922/UBNA_001/20220921_090000.WAV,Telephone Field,recover-20220922,001,1795
1639.2985,1639.3078,28046,39896,Eptesicus serotinus,0.01,0.023,-1,Echolocation,/mnt/ubna_data_02_mir/recover-20220922/UBNA_001/20220921_090000.WAV,Telephone Field,recover-20220922,001,1795
1639.3115,1639.3488,68437,81702,Rhinolophus ferrumequinum,0.025,0.025,-1,Echolocation,/mnt/ubna_data_02_mir/recover-20220922/UBNA_001/20220921_090000.WAV,Telephone Field,recover-20220922,001,1795
1639.3365,1639.3498,23750,29514,Nyctalus leisleri,0.011,0.025,-1,Echolocation,/mnt/ubna_data_02_mir/recover-20220922/UBNA_001/20220921_090000.WAV,Telephone Field,recover-20220922,001,1795
1639.3495,1639.3909,68437,82521,Rhinolophus ferrumequinum,0.029,0.029,-1,Echolocation,/mnt/ubna_data_02_mir/recover-20220922/UBNA_001/20220921_090000.WAV,Telephone Field,recover-20220922,001,1795
1639.3655,1639.3749,28046,36677,Eptesicus serotinus,0.008,0.022,-1,Echolocation,/mnt/ubna_data_02_mir/recover-20220922/UBNA_001/20220921_090000.WAV,Telephone Field,recover-20220922,001,1795
1639.3735,1639.4133,68437,82396,Rhinolophus ferrumequinum,0.036,0.036,-1,Echolocation,/mnt/ubna_data_02_mir/recover-20220922/UBNA_001/20220921_090000.WAV,Telephone Field,recover-20220922,001,1795
1639.3775,1639.3879,23750,31640,Nyctalus leisleri,0.007,0.022,-1,Echolocation,/mnt/ubna_data_02_mir/recover-20220922/UBNA_001/20220921_090000.WAV,Telephone Field,recover-20220922,001,1795
1639.3995,1639.4398,68437,82730,Rhinolophus ferrumequinum,0.032,0.032,-1,Echolocation,/mnt/ubna_data_02_mir/recover-20220922/UBNA_001/20220921_090000.WAV,Telephone Field,recover-20220922,001,1795
1639.4085,1639.4178,24609,32093,Eptesicus serotinus,0.007,0.022,-1,Echolocation,/mnt/ubna_data_02_mir/recover-20220922/UBNA_001/20220921_090000.WAV,Telephone Field,recover-20220922,001,1795
1639.4195,1639.4562,68437,81638,Rhinolophus ferrumequinum,0.022,0.022,-1,Echolocation,/mnt/ubna_data_02_mir/recover-20220922/UBNA_001/20220921_090000.WAV,Telephone Field,recover-20220922,001,1795
1639.4325,1639.4723,68437,82134,Rhinolophus ferrumequinum,0.029,0.029,-1,Echolocation,/mnt/ubna_data_02_mir/recover-20220922/UBNA_001/20220921_090000.WAV,Telephone Field,recover-20220922,001,1795
1639.4425,1639.4774,68437,81813,Rhinolophus ferrumequinum,0.021,0.022,-1,Echolocation,/mnt/ubna_data_02_mir/recover-20220922/UBNA_001/20220921_090000.WAV,Telephone Field,recover-20220922,001,1795
1639.4785,1639.5149,68437,81388,Rhinolophus ferrumequinum,0.022,0.023,-1,Echolocation,/mnt/ubna_data_02_mir/recover-20220922/UBNA_001/20220921_090000.WAV,Telephone Field,recover-20220922,001,1795
1639.4985,1639.54,68437,83361,Rhinolophus ferrumequinum,0.032,0.032,-1,Echolocation,/mnt/ubna_data_02_mir/recover-20220922/UBNA_001/20220921_090000.WAV,Telephone Field,recover-20220922,001,1795
1639.5075,1639.5191,28046,34764,Eptesicus serotinus,0.016,0.033,-1,Echolocation,/mnt/ubna_data_02_mir/recover-20220922/UBNA_001/20220921_090000.WAV,Telephone Field,recover-20220922,001,1795
1639.5285,1639.5688,68437,82377,Rhinolophus ferrumequinum,0.027,0.027,-1,Echolocation,/mnt/ubna_data_02_mir/recover-20220922/UBNA_001/20220921_090000.WAV,Telephone Field,recover-20220922,001,1795
1639.5385,1639.5811,68437,82901,Rhinolophus ferrumequinum,0.029,0.029,-1,Echolocation,/mnt/ubna_data_02_mir/recover-20220922/UBNA_001/20220921_090000.WAV,Telephone Field,recover-20220922,001,1795
1639.5395,1639.5483,28046,41586,Eptesicus serotinus,0.01,0.026,-1,Echolocation,/mnt/ubna_data_02_mir/recover-20220922/UBNA_001/20220921_090000.WAV,Telephone Field,recover-20220922,001,1795
1639.5665,1639.6052,68437,82591,Rhinolophus ferrumequinum,0.023,0.023,-1,Echolocation,/mnt/ubna_data_02_mir/recover-20220922/UBNA_001/20220921_090000.WAV,Telephone Field,recover-20220922,001,1795
1639.5815,1639.5916,22890,28428,Nyctalus leisleri,0.009,0.022,-1,Echolocation,/mnt/ubna_data_02_mir/recover-20220922/UBNA_001/20220921_090000.WAV,Telephone Field,recover-20220922,001,1795
1639.5925,1639.6122,16875,22043,Nyctalus noctula,0.025,0.034,-1,Echolocation,/mnt/ubna_data_02_mir/recover-20220922/UBNA_001/20220921_090000.WAV,Telephone Field,recover-20220922,001,1795
1639.5935,1639.6027,28046,38868,Eptesicus serotinus,0.009,0.024,-1,Echolocation,/mnt/ubna_data_02_mir/recover-20220922/UBNA_001/20220921_090000.WAV,Telephone Field,recover-20220922,001,1795
1639.6025,1639.6123,24609,31390,Nyctalus leisleri,0.009,0.023,-1,Echolocation,/mnt/ubna_data_02_mir/recover-20220922/UBNA_001/20220921_090000.WAV,Telephone Field,recover-20220922,001,1795
1639.6045,1639.6419,68437,82486,Rhinolophus ferrumequinum,0.023,0.023,-1,Echolocation,/mnt/ubna_data_02_mir/recover-20220922/UBNA_001/20220921_090000.WAV,Telephone Field,recover-20220922,001,1795
1639.6075,1639.6168,28046,36410,Eptesicus serotinus,0.008,0.022,-1,Echolocation,/mnt/ubna_data_02_mir/recover-20220922/UBNA_001/20220921_090000.WAV,Telephone Field,recover-20220922,001,1795
1639.6315,1639.6732,68437,83050,Rhinolophus ferrumequinum,0.029,0.029,-1,Echolocation,/mnt/ubna_data_02_mir/recover-20220922/UBNA_001/20220921_090000.WAV,Telephone Field,recover-20220922,001,1795
1639.6335,1639.6411,23750,34335,Plecotus austriacus,0.014,0.03,-1,Echolocation,/mnt/ubna_data_02_mir/recover-20220922/UBNA_001/20220921_090000.WAV,Telephone Field,recover-20220922,001,1795
1639.6735,1639.7146,68437,82808,Rhinolophus ferrumequinum,0.025,0.025,-1,Echolocation,/mnt/ubna_data_02_mir/recover-20220922/UBNA_001/20220921_090000.WAV,Telephone Field,recover-20220922,001,1795
1639.7055,1639.7136,23750,31668,Plecotus austriacus,0.009,0.021,-1,Echolocation,/mnt/ubna_data_02_mir/recover-20220922/UBNA_001/20220921_090000.WAV,Telephone Field,recover-20220922,001,1795
1639.7135,1639.7526,68437,82405,Rhinolophus ferrumequinum,0.022,0.022,-1,Echolocation,/mnt/ubna_data_02_mir/recover-20220922/UBNA_001/20220921_090000.WAV,Telephone Field,recover-20220922,001,1795
1639.7245,1639.7645,68437,82367,Rhinolophus ferrumequinum,0.024,0.024,-1,Echolocation,/mnt/ubna_data_02_mir/recover-20220922/UBNA_001/20220921_090000.WAV,Telephone Field,recover-20220922,001,1795
1639.7285,1639.7422,23750,30195,Nyctalus leisleri,0.015,0.038,-1,Echolocation,/mnt/ubna_data_02_mir/recover-20220922/UBNA_001/20220921_090000.WAV,Telephone Field,recover-20220922,001,1795
1639.7345,1639.775,68437,82209,Rhinolophus ferrumequinum,0.025,0.025,-1,Echolocation,/mnt/ubna_data_02_mir/recover-20220922/UBNA_001/20220921_090000.WAV,Telephone Field,recover-20220922,001,1795
1639.7445,1639.7843,68437,83129,Rhinolophus ferrumequinum,0.03,0.03,-1,Echolocation,/mnt/ubna_data_02_mir/recover-20220922/UBNA_001/20220921_090000.WAV,Telephone Field,recover-20220922,001,1795
1639.7805,1639.7904,22890,28762,Nyctalus leisleri,0.012,0.029,-1,Echolocation,/mnt/ubna_data_02_mir/recover-20220922/UBNA_001/20220921_090000.WAV,Telephone Field,recover-20220922,001,1795
1639.7915,1639.8,28046,39185,Eptesicus serotinus,0.007,0.021,-1,Echolocation,/mnt/ubna_data_02_mir/recover-20220922/UBNA_001/20220921_090000.WAV,Telephone Field,recover-20220922,001,1795
1639.7995,1639.8409,68437,82429,Rhinolophus ferrumequinum,0.035,0.035,-1,Echolocation,/mnt/ubna_data_02_mir/recover-20220922/UBNA_001/20220921_090000.WAV,Telephone Field,recover-20220922,001,1795
1639.8125,1639.8504,68437,82062,Rhinolophus ferrumequinum,0.023,0.023,-1,Echolocation,/mnt/ubna_data_02_mir/recover-20220922/UBNA_001/20220921_090000.WAV,Telephone Field,recover-20220922,001,1795
1639.8165,1639.8304,23750,28208,Nyctalus leisleri,0.02,0.036,-1,Echolocation,/mnt/ubna_data_02_mir/recover-20220922/UBNA_001/20220921_090000.WAV,Telephone Field,recover-20220922,001,1795
1639.8255,1639.8623,68437,81477,Rhinolophus ferrumequinum,0.022,0.022,-1,Echolocation,/mnt/ubna_data_02_mir/recover-20220922/UBNA_001/20220921_090000.WAV,Telephone Field,recover-20220922,001,1795
1639.8445,1639.8528,47812,52892,Pipistrellus pipistrellus,0.022,0.024,-1,Echolocation,/mnt/ubna_data_02_mir/recover-20220922/UBNA_001/20220921_090000.WAV,Telephone Field,recover-20220922,001,1795
1639.8465,1639.8544,28906,38689,Eptesicus serotinus,0.007,0.023,-1,Echolocation,/mnt/ubna_data_02_mir/recover-20220922/UBNA_001/20220921_090000.WAV,Telephone Field,recover-20220922,001,1795
1639.8775,1639.9144000000001,68437,81719,Rhinolophus ferrumequinum,0.021,0.021,-1,Echolocation,/mnt/ubna_data_02_mir/recover-20220922/UBNA_001/20220921_090000.WAV,Telephone Field,recover-20220922,001,1795
1639.8775,1639.8902,39218,42880,Pipistrellus nathusii,0.078,0.09,-1,Echolocation,/mnt/ubna_data_02_mir/recover-20220922/UBNA_001/20220921_090000.WAV,Telephone Field,recover-20220922,001,1795
1639.8855,1639.9254,68437,82086,Rhinolophus ferrumequinum,0.022,0.022,-1,Echolocation,/mnt/ubna_data_02_mir/recover-20220922/UBNA_001/20220921_090000.WAV,Telephone Field,recover-20220922,001,1795
1639.9095,1639.9473,68437,82462,Rhinolophus ferrumequinum,0.023,0.023,-1,Echolocation,/mnt/ubna_data_02_mir/recover-20220922/UBNA_001/20220921_090000.WAV,Telephone Field,recover-20220922,001,1795
1639.9175,1639.9567,68437,82548,Rhinolophus ferrumequinum,0.024,0.024,-1,Echolocation,/mnt/ubna_data_02_mir/recover-20220922/UBNA_001/20220921_090000.WAV,Telephone Field,recover-20220922,001,1795
1639.9315,1639.9411,27187,36588,Eptesicus serotinus,0.01,0.025,-1,Echolocation,/mnt/ubna_data_02_mir/recover-20220922/UBNA_001/20220921_090000.WAV,Telephone Field,recover-20220922,001,1795
1639.9525,1639.9596,24609,34336,Plecotus austriacus,0.008,0.022,-1,Echolocation,/mnt/ubna_data_02_mir/recover-20220922/UBNA_001/20220921_090000.WAV,Telephone Field,recover-20220922,001,1795
1639.9765,1639.984,25468,35232,Plecotus austriacus,0.005,0.022,-1,Echolocation,/mnt/ubna_data_02_mir/recover-20220922/UBNA_001/20220921_090000.WAV,Telephone Field,recover-20220922,001,1795
1640.0015,1640.0104,46953,52093,Pipistrellus pipistrellus,0.02,0.025,-1,Echolocation,/mnt/ubna_data_02_mir/recover-20220922/UBNA_001/20220921_090000.WAV,Telephone Field,recover-20220922,001,1795
1640.0015,1640.0154,20312,24627,Nyctalus leisleri,0.013,0.027,-1,Echolocation,/mnt/ubna_data_02_mir/recover-20220922/UBNA_001/20220921_090000.WAV,Telephone Field,recover-20220922,001,1795
1640.0015,1640.0078,39218,50164,Myotis daubentonii,0.008,0.021,-1,Echolocation,/mnt/ubna_data_02_mir/recover-20220922/UBNA_001/20220921_090000.WAV,Telephone Field,recover-20220922,001,1795
1640.0015,1640.0333,68437,80458,Rhinolophus ferrumequinum,0.033,0.033,-1,Echolocation,/mnt/ubna_data_02_mir/recover-20220922/UBNA_001/20220921_090000.WAV,Telephone Field,recover-20220922,001,1795
1640.0195,1640.0282,28906,38380,Eptesicus serotinus,0.008,0.022,-1,Echolocation,/mnt/ubna_data_02_mir/recover-20220922/UBNA_001/20220921_090000.WAV,Telephone Field,recover-20220922,001,1795
1640.0615,1640.1022,68437,82308,Rhinolophus ferrumequinum,0.023,0.023,-1,Echolocation,/mnt/ubna_data_02_mir/recover-20220922/UBNA_001/20220921_090000.WAV,Telephone Field,recover-20220922,001,1795
1640.0735,1640.0814,28046,38995,Eptesicus serotinus,0.007,0.021,-1,Echolocation,/mnt/ubna_data_02_mir/recover-20220922/UBNA_001/20220921_090000.WAV,Telephone Field,recover-20220922,001,1795
1640.0835,1640.1202,68437,81691,Rhinolophus ferrumequinum,0.022,0.022,-1,Echolocation,/mnt/ubna_data_02_mir/recover-20220922/UBNA_001/20220921_090000.WAV,Telephone Field,recover-20220922,001,1795
1640.0875,1640.0963,22890,29492,Plecotus austriacus,0.008,0.021,-1,Echolocation,/mnt/ubna_data_02_mir/recover-20220922/UBNA_001/20220921_090000.WAV,Telephone Field,recover-20220922,001,1795
1640.1245,1640.1341,27187,36202,Eptesicus serotinus,0.009,0.022,-1,Echolocation,/mnt/ubna_data_02_mir/recover-20220922/UBNA_001/20220921_090000.WAV,Telephone Field,recover-20220922,001,1795
1640.1805,1640.1872,50390,55820,Pipistrellus pipistrellus,0.02,0.022,-1,Echolocation,/mnt/ubna_data_02_mir/recover-20220922/UBNA_001/20220921_090000.WAV,Telephone Field,recover-20220922,001,1795
1640.2125,1640.2513,68437,82565,Rhinolophus ferrumequinum,0.022,0.022,-1,Echolocation,/mnt/ubna_data_02_mir/recover-20220922/UBNA_001/20220921_090000.WAV,Telephone Field,recover-20220922,001,1795
1640.2275,1640.2357,23750,31311,Plecotus austriacus,0.008,0.022,-1,Echolocation,/mnt/ubna_data_02_mir/recover-20220922/UBNA_001/20220921_090000.WAV,Telephone Field,recover-20220922,001,1795
1640.2325,1640.2684,68437,81845,Rhinolophus ferrumequinum,0.021,0.021,-1,Echolocation,/mnt/ubna_data_02_mir/recover-20220922/UBNA_001/20220921_090000.WAV,Telephone Field,recover-20220922,001,1795
1640.2595,1640.2667,24609,34179,Plecotus austriacus,0.009,0.025,-1,Echolocation,/mnt/ubna_data_02_mir/recover-20220922/UBNA_001/20220921_090000.WAV,Telephone Field,recover-20220922,001,1795
1640.2665,1640.3066,68437,82156,Rhinolophus ferrumequinum,0.021,0.021,-1,Echolocation,/mnt/ubna_data_02_mir/recover-20220922/UBNA_001/20220921_090000.WAV,Telephone Field,recover-20220922,001,1795
1640.2885,1640.328,68437,82502,Rhinolophus ferrumequinum,0.025,0.025,-1,Echolocation,/mnt/ubna_data_02_mir/recover-20220922/UBNA_001/20220921_090000.WAV,Telephone Field,recover-20220922,001,1795
1640.2955,1640.303,28046,38943,Eptesicus serotinus,0.007,0.021,-1,Echolocation,/mnt/ubna_data_02_mir/recover-20220922/UBNA_001/20220921_090000.WAV,Telephone Field,recover-20220922,001,1795
1640.3345,1640.3437,28046,38392,Eptesicus serotinus,0.009,0.022,-1,Echolocation,/mnt/ubna_data_02_mir/recover-20220922/UBNA_001/20220921_090000.WAV,Telephone Field,recover-20220922,001,1795
1640.4045,1640.4415,68437,81932,Rhinolophus ferrumequinum,0.023,0.023,-1,Echolocation,/mnt/ubna_data_02_mir/recover-20220922/UBNA_001/20220921_090000.WAV,Telephone Field,recover-20220922,001,1795
1640.4145,1640.4551,68437,82849,Rhinolophus ferrumequinum,0.028,0.028,-1,Echolocation,/mnt/ubna_data_02_mir/recover-20220922/UBNA_001/20220921_090000.WAV,Telephone Field,recover-20220922,001,1795
1640.4915,1640.5299,68437,81704,Rhinolophus ferrumequinum,0.021,0.021,-1,Echolocation,/mnt/ubna_data_02_mir/recover-20220922/UBNA_001/20220921_090000.WAV,Telephone Field,recover-20220922,001,1795
1640.5265,1640.5651,68437,81968,Rhinolophus ferrumequinum,0.021,0.021,-1,Echolocation,/mnt/ubna_data_02_mir/recover-20220922/UBNA_001/20220921_090000.WAV,Telephone Field,recover-20220922,001,1795
1640.5305,1640.5409,23750,29366,Nyctalus leisleri,0.009,0.021,-1,Echolocation,/mnt/ubna_data_02_mir/recover-20220922/UBNA_001/20220921_090000.WAV,Telephone Field,recover-20220922,001,1795
1640.5745,1640.6163999999999,68437,82556,Rhinolophus ferrumequinum,0.026,0.026,-1,Echolocation,/mnt/ubna_data_02_mir/recover-20220922/UBNA_001/20220921_090000.WAV,Telephone Field,recover-20220922,001,1795
1640.5845,1640.5925,27187,38999,Eptesicus serotinus,0.007,0.022,-1,Echolocation,/mnt/ubna_data_02_mir/recover-20220922/UBNA_001/20220921_090000.WAV,Telephone Field,recover-20220922,001,1795
1640.6325,1640.6448,39218,43320,Pipistrellus nathusii,0.053,0.067,-1,Echolocation,/mnt/ubna_data_02_mir/recover-20220922/UBNA_001/20220921_090000.WAV,Telephone Field,recover-20220922,001,1795
1640.6345,1640.6477,22031,27503,Nyctalus leisleri,0.034,0.085,-1,Echolocation,/mnt/ubna_data_02_mir/recover-20220922/UBNA_001/20220921_090000.WAV,Telephone Field,recover-20220922,001,1795
1640.6635,1640.6816,20312,23683,Nyctalus leisleri,0.022,0.042,-1,Echolocation,/mnt/ubna_data_02_mir/recover-20220922/UBNA_001/20220921_090000.WAV,Telephone Field,recover-20220922,001,1795
1640.7025,1640.7096,26328,36715,Eptesicus serotinus,0.017,0.051,-1,Echolocation,/mnt/ubna_data_02_mir/recover-20220922/UBNA_001/20220921_090000.WAV,Telephone Field,recover-20220922,001,1795
1640.7175,1640.7278,43515,48551,Pipistrellus pipistrellus,0.017,0.023,-1,Echolocation,/mnt/ubna_data_02_mir/recover-20220922/UBNA_001/20220921_090000.WAV,Telephone Field,recover-20220922,001,1795
1640.7395,1640.7476,50390,54914,Pipistrellus pipistrellus,0.024,0.028,-1,Echolocation,/mnt/ubna_data_02_mir/recover-20220922/UBNA_001/20220921_090000.WAV,Telephone Field,recover-20220922,001,1795
1640.7495,1640.756,27187,40706,Eptesicus serotinus,0.007,0.027,-1,Echolocation,/mnt/ubna_data_02_mir/recover-20220922/UBNA_001/20220921_090000.WAV,Telephone Field,recover-20220922,001,1795
1640.7845,1640.794,24609,32775,Eptesicus serotinus,0.008,0.026,-1,Echolocation,/mnt/ubna_data_02_mir/recover-20220922/UBNA_001/20220921_090000.WAV,Telephone Field,recover-20220922,001,1795
1640.8135,1640.8223,28046,37839,Eptesicus serotinus,0.008,0.021,-1,Echolocation,/mnt/ubna_data_02_mir/recover-20220922/UBNA_001/20220921_090000.WAV,Telephone Field,recover-20220922,001,1795
1640.8585,1640.8681,22031,27636,Plecotus austriacus,0.007,0.02,-1,Echolocation,/mnt/ubna_data_02_mir/recover-20220922/UBNA_001/20220921_090000.WAV,Telephone Field,recover-20220922,001,1795
1640.9535,1640.9917,68437,82335,Rhinolophus ferrumequinum,0.025,0.025,-1,Echolocation,/mnt/ubna_data_02_mir/recover-20220922/UBNA_001/20220921_090000.WAV,Telephone Field,recover-20220922,001,1795
1640.9545,1640.9648,23750,30420,Eptesicus serotinus,0.007,0.021,-1,Echolocation,/mnt/ubna_data_02_mir/recover-20220922/UBNA_001/20220921_090000.WAV,Telephone Field,recover-20220922,001,1795
1640.9615,1640.9979,68437,81963,Rhinolophus ferrumequinum,0.023,0.023,-1,Echolocation,/mnt/ubna_data_02_mir/recover-20220922/UBNA_001/20220921_090000.WAV,Telephone Field,recover-20220922,001,1795
1640.9775,1641.0192,68437,82190,Rhinolophus ferrumequinum,0.023,0.023,-1,Echolocation,/mnt/ubna_data_02_mir/recover-20220922/UBNA_001/20220921_090000.WAV,Telephone Field,recover-20220922,001,1795
1641.0115,1641.0554,68437,83619,Rhinolophus ferrumequinum,0.032,0.032,-1,Echolocation,/mnt/ubna_data_02_mir/recover-20220922/UBNA_001/20220921_090000.WAV,Telephone Field,recover-20220922,001,1795
1641.0435,1641.0528,27187,36173,Eptesicus serotinus,0.012,0.026,-1,Echolocation,/mnt/ubna_data_02_mir/recover-20220922/UBNA_001/20220921_090000.WAV,Telephone Field,recover-20220922,001,1795
1641.0535,1641.0645,28906,34413,Eptesicus serotinus,0.025,0.045,-1,Echolocation,/mnt/ubna_data_02_mir/recover-20220922/UBNA_001/20220921_090000.WAV,Telephone Field,recover-20220922,001,1795
1641.0875,1641.1271,68437,82119,Rhinolophus ferrumequinum,0.021,0.021,-1,Echolocation,/mnt/ubna_data_02_mir/recover-20220922/UBNA_001/20220921_090000.WAV,Telephone Field,recover-20220922,001,1795
1641.0955,1641.1317,68437,82327,Rhinolophus ferrumequinum,0.022,0.022,-1,Echolocation,/mnt/ubna_data_02_mir/recover-20220922/UBNA_001/20220921_090000.WAV,Telephone Field,recover-20220922,001,1795
1641.1105,1641.1186,28046,38394,Eptesicus serotinus,0.008,0.023,-1,Echolocation,/mnt/ubna_data_02_mir/recover-20220922/UBNA_001/20220921_090000.WAV,Telephone Field,recover-20220922,001,1795
1641.1305,1641.1691,68437,82136,Rhinolophus ferrumequinum,0.028,0.028,-1,Echolocation,/mnt/ubna_data_02_mir/recover-20220922/UBNA_001/20220921_090000.WAV,Telephone Field,recover-20220922,001,1795
1641.1585,1641.165,41796,55398,Myotis brandtii,0.007,0.026,-1,Echolocation,/mnt/ubna_data_02_mir/recover-20220922/UBNA_001/20220921_090000.WAV,Telephone Field,recover-20220922,001,1795
1641.1815,1641.2209,68437,81728,Rhinolophus ferrumequinum,0.021,0.021,-1,Echolocation,/mnt/ubna_data_02_mir/recover-20220922/UBNA_001/20220921_090000.WAV,Telephone Field,recover-20220922,001,1795
1641.2185,1641.2307,22890,27952,Nyctalus leisleri,0.011,0.022,-1,Echolocation,/mnt/ubna_data_02_mir/recover-20220922/UBNA_001/20220921_090000.WAV,Telephone Field,recover-20220922,001,1795
1641.2725,1641.2808,25468,35127,Eptesicus serotinus,0.009,0.025,-1,Echolocation,/mnt/ubna_data_02_mir/recover-20220922/UBNA_001/20220921_090000.WAV,Telephone Field,recover-20220922,001,1795
1641.2905,1641.2999,22890,30586,Plecotus austriacus,0.006,0.02,-1,Echolocation,/mnt/ubna_data_02_mir/recover-20220922/UBNA_001/20220921_090000.WAV,Telephone Field,recover-20220922,001,1795
1641.2935,1641.3307,68437,81449,Rhinolophus ferrumequinum,0.021,0.021,-1,Echolocation,/mnt/ubna_data_02_mir/recover-20220922/UBNA_001/20220921_090000.WAV,Telephone Field,recover-20220922,001,1795
1641.3165,1641.3542,68437,81804,Rhinolophus ferrumequinum,0.022,0.022,-1,Echolocation,/mnt/ubna_data_02_mir/recover-20220922/UBNA_001/20220921_090000.WAV,Telephone Field,recover-20220922,001,1795
1641.3595,1641.3768,22890,26278,Nyctalus leisleri,0.054,0.103,-1,Echolocation,/mnt/ubna_data_02_mir/recover-20220922/UBNA_001/20220921_090000.WAV,Telephone Field,recover-20220922,001,1795
1641.3845,1641.3899,28906,38505,Plecotus auritus,0.061,0.132,-1,Echolocation,/mnt/ubna_data_02_mir/recover-20220922/UBNA_001/20220921_090000.WAV,Telephone Field,recover-20220922,001,1795
1641.3995,1641.4348,68437,81279,Rhinolophus ferrumequinum,0.021,0.021,-1,Echolocation,/mnt/ubna_data_02_mir/recover-20220922/UBNA_001/20220921_090000.WAV,Telephone Field,recover-20220922,001,1795
1641.4035,1641.414,39218,44317,Pipistrellus nathusii,0.011,0.025,-1,Echolocation,/mnt/ubna_data_02_mir/recover-20220922/UBNA_001/20220921_090000.WAV,Telephone Field,recover-20220922,001,1795
1641.4215,1641.4601,68437,81985,Rhinolophus ferrumequinum,0.021,0.021,-1,Echolocation,/mnt/ubna_data_02_mir/recover-20220922/UBNA_001/20220921_090000.WAV,Telephone Field,recover-20220922,001,1795
1641.4495,1641.4891,68437,82147,Rhinolophus ferrumequinum,0.023,0.023,-1,Echolocation,/mnt/ubna_data_02_mir/recover-20220922/UBNA_001/20220921_090000.WAV,Telephone Field,recover-20220922,001,1795
1641.4945,1641.5324,68437,82284,Rhinolophus ferrumequinum,0.028,0.029,-1,Echolocation,/mnt/ubna_data_02_mir/recover-20220922/UBNA_001/20220921_090000.WAV,Telephone Field,recover-20220922,001,1795
1641.5215,1641.5637,68437,82883,Rhinolophus ferrumequinum,0.025,0.025,-1,Echolocation,/mnt/ubna_data_02_mir/recover-20220922/UBNA_001/20220921_090000.WAV,Telephone Field,recover-20220922,001,1795
1641.5495,1641.5892,68437,81704,Rhinolophus ferrumequinum,0.031,0.031,-1,Echolocation,/mnt/ubna_data_02_mir/recover-20220922/UBNA_001/20220921_090000.WAV,Telephone Field,recover-20220922,001,1795
1641.5525,1641.5611,30625,40046,Eptesicus serotinus,0.008,0.027,-1,Echolocation,/mnt/ubna_data_02_mir/recover-20220922/UBNA_001/20220921_090000.WAV,Telephone Field,recover-20220922,001,1795
1641.5535,1641.561,23750,32998,Plecotus austriacus,0.01,0.023,-1,Echolocation,/mnt/ubna_data_02_mir/recover-20220922/UBNA_001/20220921_090000.WAV,Telephone Field,recover-20220922,001,1795
1641.5885,1641.5964,28046,38174,Eptesicus serotinus,0.008,0.024,-1,Echolocation,/mnt/ubna_data_02_mir/recover-20220922/UBNA_001/20220921_090000.WAV,Telephone Field,recover-20220922,001,1795
1641.6005,1641.6389,68437,81941,Rhinolophus ferrumequinum,0.042,0.042,-1,Echolocation,/mnt/ubna_data_02_mir/recover-20220922/UBNA_001/20220921_090000.WAV,Telephone Field,recover-20220922,001,1795
1641.6065,1641.616,24609,32882,Eptesicus serotinus,0.009,0.027,-1,Echolocation,/mnt/ubna_data_02_mir/recover-20220922/UBNA_001/20220921_090000.WAV,Telephone Field,recover-20220922,001,1795
1641.6155,1641.6265,24609,31108,Nyctalus leisleri,0.009,0.024,-1,Echolocation,/mnt/ubna_data_02_mir/recover-20220922/UBNA_001/20220921_090000.WAV,Telephone Field,recover-20220922,001,1795
1641.6225,1641.6567,68437,81277,Rhinolophus ferrumequinum,0.02,0.021,-1,Echolocation,/mnt/ubna_data_02_mir/recover-20220922/UBNA_001/20220921_090000.WAV,Telephone Field,recover-20220922,001,1795
1641.6335,1641.6746,68437,82874,Rhinolophus ferrumequinum,0.026,0.026,-1,Echolocation,/mnt/ubna_data_02_mir/recover-20220922/UBNA_001/20220921_090000.WAV,Telephone Field,recover-20220922,001,1795
1641.6375,1641.648,23750,30418,Nyctalus leisleri,0.008,0.021,-1,Echolocation,/mnt/ubna_data_02_mir/recover-20220922/UBNA_001/20220921_090000.WAV,Telephone Field,recover-20220922,001,1795
1641.6495,1641.6843,68437,80788,Rhinolophus ferrumequinum,0.023,0.023,-1,Echolocation,/mnt/ubna_data_02_mir/recover-20220922/UBNA_001/20220921_090000.WAV,Telephone Field,recover-20220922,001,1795
1641.6845,1641.6921,24609,40885,Myotis nattereri,0.006,0.021,-1,Echolocation,/mnt/ubna_data_02_mir/recover-20220922/UBNA_001/20220921_090000.WAV,Telephone Field,recover-20220922,001,1795
1641.6855,1641.7284,68437,83247,Rhinolophus ferrumequinum,0.031,0.031,-1,Echolocation,/mnt/ubna_data_02_mir/recover-20220922/UBNA_001/20220921_090000.WAV,Telephone Field,recover-20220922,001,1795
1641.7005,1641.7154,20312,24172,Nyctalus leisleri,0.012,0.025,-1,Echolocation,/mnt/ubna_data_02_mir/recover-20220922/UBNA_001/20220921_090000.WAV,Telephone Field,recover-20220922,001,1795
1641.7015,1641.7424,68437,83127,Rhinolophus ferrumequinum,0.025,0.025,-1,Echolocation,/mnt/ubna_data_02_mir/recover-20220922/UBNA_001/20220921_090000.WAV,Telephone Field,recover-20220922,001,1795
1641.7115,1641.7205,28906,36388,Eptesicus serotinus,0.007,0.022,-1,Echolocation,/mnt/ubna_data_02_mir/recover-20220922/UBNA_001/20220921_090000.WAV,Telephone Field,recover-20220922,001,1795
1641.7445,1641.7864,68437,82795,Rhinolophus ferrumequinum,0.021,0.022,-1,Echolocation,/mnt/ubna_data_02_mir/recover-20220922/UBNA_001/20220921_090000.WAV,Telephone Field,recover-20220922,001,1795
1641.7475,1641.7554,26328,35298,Eptesicus serotinus,0.008,0.022,-1,Echolocation,/mnt/ubna_data_02_mir/recover-20220922/UBNA_001/20220921_090000.WAV,Telephone Field,recover-20220922,001,1795
1641.7775,1641.8166,68437,81718,Rhinolophus ferrumequinum,0.023,0.023,-1,Echolocation,/mnt/ubna_data_02_mir/recover-20220922/UBNA_001/20220921_090000.WAV,Telephone Field,recover-20220922,001,1795
1641.7905,1641.83,68437,82902,Rhinolophus ferrumequinum,0.026,0.026,-1,Echolocation,/mnt/ubna_data_02_mir/recover-20220922/UBNA_001/20220921_090000.WAV,Telephone Field,recover-20220922,001,1795
1641.8015,1641.8091,32343,44107,Myotis daubentonii,0.01,0.027,-1,Echolocation,/mnt/ubna_data_02_mir/recover-20220922/UBNA_001/20220921_090000.WAV,Telephone Field,recover-20220922,001,1795
1641.8035,1641.8115,27187,38752,Eptesicus serotinus,0.008,0.023,-1,Echolocation,/mnt/ubna_data_02_mir/recover-20220922/UBNA_001/20220921_090000.WAV,Telephone Field,recover-20220922,001,1795
1641.8225,1641.8609,68437,81609,Rhinolophus ferrumequinum,0.022,0.022,-1,Echolocation,/mnt/ubna_data_02_mir/recover-20220922/UBNA_001/20220921_090000.WAV,Telephone Field,recover-20220922,001,1795
1641.8435,1641.8805,68437,80975,Rhinolophus ferrumequinum,0.024,0.024,-1,Echolocation,/mnt/ubna_data_02_mir/recover-20220922/UBNA_001/20220921_090000.WAV,Telephone Field,recover-20220922,001,1795
1641.8485,1641.8556,27187,37499,Eptesicus serotinus,0.008,0.023,-1,Echolocation,/mnt/ubna_data_02_mir/recover-20220922/UBNA_001/20220921_090000.WAV,Telephone Field,recover-20220922,001,1795
1641.8565,1641.866,28906,37106,Eptesicus serotinus,0.012,0.024,-1,Echolocation,/mnt/ubna_data_02_mir/recover-20220922/UBNA_001/20220921_090000.WAV,Telephone Field,recover-20220922,001,1795
1641.9085,1641.9498,68437,82301,Rhinolophus ferrumequinum,0.023,0.023,-1,Echolocation,/mnt/ubna_data_02_mir/recover-20220922/UBNA_001/20220921_090000.WAV,Telephone Field,recover-20220922,001,1795
1641.9245,1641.9631,68437,81843,Rhinolophus ferrumequinum,0.022,0.022,-1,Echolocation,/mnt/ubna_data_02_mir/recover-20220922/UBNA_001/20220921_090000.WAV,Telephone Field,recover-20220922,001,1795
1641.9305,1641.9387,27187,39686,Eptesicus serotinus,0.008,0.021,-1,Echolocation,/mnt/ubna_data_02_mir/recover-20220922/UBNA_001/20220921_090000.WAV,Telephone Field,recover-20220922,001,1795
1641.9795,1641.9925,28046,34546,Eptesicus serotinus,0.031,0.048,-1,Echolocation,/mnt/ubna_data_02_mir/recover-20220922/UBNA_001/20220921_090000.WAV,Telephone Field,recover-20220922,001,1795
1642.0015,1642.0339,69296,81325,Rhinolophus ferrumequinum,0.026,0.026,-1,Echolocation,/mnt/ubna_data_02_mir/recover-20220922/UBNA_001/20220921_090000.WAV,Telephone Field,recover-20220922,001,1795
1642.0015,1642.0099,24609,33674,Nyctalus leisleri,0.011,0.031,-1,Echolocation,/mnt/ubna_data_02_mir/recover-20220922/UBNA_001/20220921_090000.WAV,Telephone Field,recover-20220922,001,1795
1642.0075,1642.0476,68437,81631,Rhinolophus ferrumequinum,0.023,0.023,-1,Echolocation,/mnt/ubna_data_02_mir/recover-20220922/UBNA_001/20220921_090000.WAV,Telephone Field,recover-20220922,001,1795
1642.0255,1642.0616,68437,81843,Rhinolophus ferrumequinum,0.021,0.021,-1,Echolocation,/mnt/ubna_data_02_mir/recover-20220922/UBNA_001/20220921_090000.WAV,Telephone Field,recover-20220922,001,1795
1642.0275,1642.0373,25468,33673,Eptesicus serotinus,0.009,0.023,-1,Echolocation,/mnt/ubna_data_02_mir/recover-20220922/UBNA_001/20220921_090000.WAV,Telephone Field,recover-20220922,001,1795
1642.0395,1642.0469,33203,43614,Myotis daubentonii,0.008,0.024,-1,Echolocation,/mnt/ubna_data_02_mir/recover-20220922/UBNA_001/20220921_090000.WAV,Telephone Field,recover-20220922,001,1795
1642.0395,1642.0492,23750,31670,Nyctalus leisleri,0.007,0.025,-1,Echolocation,/mnt/ubna_data_02_mir/recover-20220922/UBNA_001/20220921_090000.WAV,Telephone Field,recover-20220922,001,1795
1642.0665,1642.0773,23750,29382,Nyctalus leisleri,0.012,0.026,-1,Echolocation,/mnt/ubna_data_02_mir/recover-20220922/UBNA_001/20220921_090000.WAV,Telephone Field,recover-20220922,001,1795
1642.0675,1642.1052,68437,82156,Rhinolophus ferrumequinum,0.023,0.023,-1,Echolocation,/mnt/ubna_data_02_mir/recover-20220922/UBNA_001/20220921_090000.WAV,Telephone Field,recover-20220922,001,1795
1642.0735,1642.1144,68437,82215,Rhinolophus ferrumequinum,0.023,0.023,-1,Echolocation,/mnt/ubna_data_02_mir/recover-20220922/UBNA_001/20220921_090000.WAV,Telephone Field,recover-20220922,001,1795
1642.0825,1642.0933,24609,30799,Nyctalus leisleri,0.009,0.022,-1,Echolocation,/mnt/ubna_data_02_mir/recover-20220922/UBNA_001/20220921_090000.WAV,Telephone Field,recover-20220922,001,1795
1642.1035,1642.1418,68437,82205,Rhinolophus ferrumequinum,0.022,0.022,-1,Echolocation,/mnt/ubna_data_02_mir/recover-20220922/UBNA_001/20220921_090000.WAV,Telephone Field,recover-20220922,001,1795
1642.1135,1642.1338,16015,21412,Nyctalus noctula,0.021,0.027,-1,Echolocation,/mnt/ubna_data_02_mir/recover-20220922/UBNA_001/20220921_090000.WAV,Telephone Field,recover-20220922,001,1795
1642.1275,1642.1651,68437,82631,Rhinolophus ferrumequinum,0.023,0.023,-1,Echolocation,/mnt/ubna_data_02_mir/recover-20220922/UBNA_001/20220921_090000.WAV,Telephone Field,recover-20220922,001,1795
1642.1505,1642.1592,28046,37726,Eptesicus serotinus,0.009,0.023,-1,Echolocation,/mnt/ubna_data_02_mir/recover-20220922/UBNA_001/20220921_090000.WAV,Telephone Field,recover-20220922,001,1795
1642.1605,1642.2003,68437,82459,Rhinolophus ferrumequinum,0.026,0.026,-1,Echolocation,/mnt/ubna_data_02_mir/recover-20220922/UBNA_001/20220921_090000.WAV,Telephone Field,recover-20220922,001,1795
1642.1805,1642.2202,68437,82416,Rhinolophus ferrumequinum,0.024,0.024,-1,Echolocation,/mnt/ubna_data_02_mir/recover-20220922/UBNA_001/20220921_090000.WAV,Telephone Field,recover-20220922,001,1795
1642.2015,1642.2405,68437,82232,Rhinolophus ferrumequinum,0.025,0.025,-1,Echolocation,/mnt/ubna_data_02_mir/recover-20220922/UBNA_001/20220921_090000.WAV,Telephone Field,recover-20220922,001,1795
1642.2105,1642.2479,68437,81481,Rhinolophus ferrumequinum,0.022,0.022,-1,Echolocation,/mnt/ubna_data_02_mir/recover-20220922/UBNA_001/20220921_090000.WAV,Telephone Field,recover-20220922,001,1795
1642.2155,1642.2232,26328,36044,Eptesicus serotinus,0.011,0.028,-1,Echolocation,/mnt/ubna_data_02_mir/recover-20220922/UBNA_001/20220921_090000.WAV,Telephone Field,recover-20220922,001,1795
1642.2315,1642.2413999999999,28046,38163,Eptesicus serotinus,0.011,0.026,-1,Echolocation,/mnt/ubna_data_02_mir/recover-20220922/UBNA_001/20220921_090000.WAV,Telephone Field,recover-20220922,001,1795
1642.2315,1642.2706,68437,81996,Rhinolophus ferrumequinum,0.025,0.025,-1,Echolocation,/mnt/ubna_data_02_mir/recover-20220922/UBNA_001/20220921_090000.WAV,Telephone Field,recover-20220922,001,1795
1642.2405,1642.2508,27187,35307,Eptesicus serotinus,0.011,0.023,-1,Echolocation,/mnt/ubna_data_02_mir/recover-20220922/UBNA_001/20220921_090000.WAV,Telephone Field,recover-20220922,001,1795
1642.2435,1642.2784,68437,81576,Rhinolophus ferrumequinum,0.022,0.022,-1,Echolocation,/mnt/ubna_data_02_mir/recover-20220922/UBNA_001/20220921_090000.WAV,Telephone Field,recover-20220922,001,1795
1642.2565,1642.2659,28046,36749,Eptesicus serotinus,0.011,0.025,-1,Echolocation,/mnt/ubna_data_02_mir/recover-20220922/UBNA_001/20220921_090000.WAV,Telephone Field,recover-20220922,001,1795
1642.2905,1642.328,68437,81709,Rhinolophus ferrumequinum,0.023,0.023,-1,Echolocation,/mnt/ubna_data_02_mir/recover-20220922/UBNA_001/20220921_090000.WAV,Telephone Field,recover-20220922,001,1795
1642.3095,1642.3478,68437,81762,Rhinolophus ferrumequinum,0.022,0.022,-1,Echolocation,/mnt/ubna_data_02_mir/recover-20220922/UBNA_001/20220921_090000.WAV,Telephone Field,recover-20220922,001,1795
1642.3435,1642.3515,23750,34146,Plecotus austriacus,0.011,0.029,-1,Echolocation,/mnt/ubna_data_02_mir/recover-20220922/UBNA_001/20220921_090000.WAV,Telephone Field,recover-20220922,001,1795
1642.3455,1642.3541,47812,53543,Pipistrellus pipistrellus,0.026,0.029,-1,Echolocation,/mnt/ubna_data_02_mir/recover-20220922/UBNA_001/20220921_090000.WAV,Telephone Field,recover-20220922,001,1795
1642.3755,1642.3842,28906,38704,Eptesicus serotinus,0.007,0.022,-1,Echolocation,/mnt/ubna_data_02_mir/recover-20220922/UBNA_001/20220921_090000.WAV,Telephone Field,recover-20220922,001,1795
1642.4125,1642.4535,68437,82503,Rhinolophus ferrumequinum,0.029,0.029,-1,Echolocation,/mnt/ubna_data_02_mir/recover-20220922/UBNA_001/20220921_090000.WAV,Telephone Field,recover-20220922,001,1795
1642.4395,1642.4469,30625,42452,Myotis daubentonii,0.009,0.022,-1,Echolocation,/mnt/ubna_data_02_mir/recover-20220922/UBNA_001/20220921_090000.WAV,Telephone Field,recover-20220922,001,1795
1642.4595,1642.4668,26328,39473,Eptesicus serotinus,0.006,0.021,-1,Echolocation,/mnt/ubna_data_02_mir/recover-20220922/UBNA_001/20220921_090000.WAV,Telephone Field,recover-20220922,001,1795
1642.4685,1642.4829,34921,39175,Pipistrellus nathusii,0.018,0.039,-1,Echolocation,/mnt/ubna_data_02_mir/recover-20220922/UBNA_001/20220921_090000.WAV,Telephone Field,recover-20220922,001,1795
1642.4855,1642.5241,68437,82139,Rhinolophus ferrumequinum,0.025,0.025,-1,Echolocation,/mnt/ubna_data_02_mir/recover-20220922/UBNA_001/20220921_090000.WAV,Telephone Field,recover-20220922,001,1795
1642.4945,1642.5017,24609,33542,Plecotus austriacus,0.009,0.025,-1,Echolocation,/mnt/ubna_data_02_mir/recover-20220922/UBNA_001/20220921_090000.WAV,Telephone Field,recover-20220922,001,1795
1642.4945,1642.5356,68437,82736,Rhinolophus ferrumequinum,0.024,0.024,-1,Echolocation,/mnt/ubna_data_02_mir/recover-20220922/UBNA_001/20220921_090000.WAV,Telephone Field,recover-20220922,001,1795
1642.5265,1642.5342,48671,56568,Pipistrellus pipistrellus,0.017,0.022,-1,Echolocation,/mnt/ubna_data_02_mir/recover-20220922/UBNA_001/20220921_090000.WAV,Telephone Field,recover-20220922,001,1795
1642.5295,1642.5646,68437,81182,Rhinolophus ferrumequinum,0.021,0.021,-1,Echolocation,/mnt/ubna_data_02_mir/recover-20220922/UBNA_001/20220921_090000.WAV,Telephone Field,recover-20220922,001,1795
1642.5515,1642.5942,68437,82773,Rhinolophus ferrumequinum,0.024,0.024,-1,Echolocation,/mnt/ubna_data_02_mir/recover-20220922/UBNA_001/20220921_090000.WAV,Telephone Field,recover-20220922,001,1795
1642.5795,1642.5889,28046,35917,Eptesicus serotinus,0.011,0.025,-1,Echolocation,/mnt/ubna_data_02_mir/recover-20220922/UBNA_001/20220921_090000.WAV,Telephone Field,recover-20220922,001,1795
1642.5965,1642.6337,68437,81447,Rhinolophus ferrumequinum,0.023,0.023,-1,Echolocation,/mnt/ubna_data_02_mir/recover-20220922/UBNA_001/20220921_090000.WAV,Telephone Field,recover-20220922,001,1795
1642.6045,1642.6366,68437,80961,Rhinolophus ferrumequinum,0.025,0.025,-1,Echolocation,/mnt/ubna_data_02_mir/recover-20220922/UBNA_001/20220921_090000.WAV,Telephone Field,recover-20220922,001,1795
1642.6315,1642.6389,26328,34974,Eptesicus serotinus,0.007,0.023,-1,Echolocation,/mnt/ubna_data_02_mir/recover-20220922/UBNA_001/20220921_090000.WAV,Telephone Field,recover-20220922,001,1795
1642.6605,1642.6995,68437,82028,Rhinolophus ferrumequinum,0.022,0.022,-1,Echolocation,/mnt/ubna_data_02_mir/recover-20220922/UBNA_001/20220921_090000.WAV,Telephone Field,recover-20220922,001,1795
1642.6655,1642.6721,23750,34943,Plecotus austriacus,0.017,0.037,-1,Echolocation,/mnt/ubna_data_02_mir/recover-20220922/UBNA_001/20220921_090000.WAV,Telephone Field,recover-20220922,001,1795
1642.7165,1642.7562,68437,82221,Rhinolophus ferrumequinum,0.025,0.025,-1,Echolocation,/mnt/ubna_data_02_mir/recover-20220922/UBNA_001/20220921_090000.WAV,Telephone Field,recover-20220922,001,1795
1642.7285,1642.7673,68437,81887,Rhinolophus ferrumequinum,0.022,0.022,-1,Echolocation,/mnt/ubna_data_02_mir/recover-20220922/UBNA_001/20220921_090000.WAV,Telephone Field,recover-20220922,001,1795
1642.7515,1642.7601,30625,39262,Eptesicus serotinus,0.008,0.025,-1,Echolocation,/mnt/ubna_data_02_mir/recover-20220922/UBNA_001/20220921_090000.WAV,Telephone Field,recover-20220922,001,1795
1642.7515,1642.7926,68437,82087,Rhinolophus ferrumequinum,0.029,0.029,-1,Echolocation,/mnt/ubna_data_02_mir/recover-20220922/UBNA_001/20220921_090000.WAV,Telephone Field,recover-20220922,001,1795
1642.8165,1642.8566,68437,81811,Rhinolophus ferrumequinum,0.023,0.023,-1,Echolocation,/mnt/ubna_data_02_mir/recover-20220922/UBNA_001/20220921_090000.WAV,Telephone Field,recover-20220922,001,1795
1642.8175,1642.8263,28046,37919,Eptesicus serotinus,0.008,0.023,-1,Echolocation,/mnt/ubna_data_02_mir/recover-20220922/UBNA_001/20220921_090000.WAV,Telephone Field,recover-20220922,001,1795
1642.8265,1642.8608,68437,81402,Rhinolophus ferrumequinum,0.022,0.022,-1,Echolocation,/mnt/ubna_data_02_mir/recover-20220922/UBNA_001/20220921_090000.WAV,Telephone Field,recover-20220922,001,1795
1642.8495,1642.8875,68437,82120,Rhinolophus ferrumequinum,0.022,0.022,-1,Echolocation,/mnt/ubna_data_02_mir/recover-20220922/UBNA_001/20220921_090000.WAV,Telephone Field,recover-20220922,001,1795
1642.8775,1642.9122,68437,81709,Rhinolophus ferrumequinum,0.021,0.021,-1,Echolocation,/mnt/ubna_data_02_mir/recover-20220922/UBNA_001/20220921_090000.WAV,Telephone Field,recover-20220922,001,1795
1642.8815,1642.8934,22890,27995,Nyctalus leisleri,0.011,0.022,-1,Echolocation,/mnt/ubna_data_02_mir/recover-20220922/UBNA_001/20220921_090000.WAV,Telephone Field,recover-20220922,001,1795
1642.8875,1642.8943,28046,40270,Eptesicus serotinus,0.006,0.022,-1,Echolocation,/mnt/ubna_data_02_mir/recover-20220922/UBNA_001/20220921_090000.WAV,Telephone Field,recover-20220922,001,1795
1642.8905,1642.9319,68437,82907,Rhinolophus ferrumequinum,0.024,0.024,-1,Echolocation,/mnt/ubna_data_02_mir/recover-20220922/UBNA_001/20220921_090000.WAV,Telephone Field,recover-20220922,001,1795
1642.9065,1642.9143,26328,39680,Eptesicus serotinus,0.008,0.024,-1,Echolocation,/mnt/ubna_data_02_mir/recover-20220922/UBNA_001/20220921_090000.WAV,Telephone Field,recover-20220922,001,1795
1642.9205,1642.929,26328,35738,Eptesicus serotinus,0.009,0.024,-1,Echolocation,/mnt/ubna_data_02_mir/recover-20220922/UBNA_001/20220921_090000.WAV,Telephone Field,recover-20220922,001,1795
1642.9255,1642.9657,68437,83009,Rhinolophus ferrumequinum,0.038,0.038,-1,Echolocation,/mnt/ubna_data_02_mir/recover-20220922/UBNA_001/20220921_090000.WAV,Telephone Field,recover-20220922,001,1795
1642.9825,1643.0184,68437,81351,Rhinolophus ferrumequinum,0.035,0.035,-1,Echolocation,/mnt/ubna_data_02_mir/recover-20220922/UBNA_001/20220921_090000.WAV,Telephone Field,recover-20220922,001,1795
1642.9825,1642.9893,44375,52484,Pipistrellus pipistrellus,0.028,0.033,-1,Echolocation,/mnt/ubna_data_02_mir/recover-20220922/UBNA_001/20220921_090000.WAV,Telephone Field,recover-20220922,001,1795
1642.9875,1642.9949,26328,36365,Eptesicus serotinus,0.007,0.024,-1,Echolocation,/mnt/ubna_data_02_mir/recover-20220922/UBNA_001/20220921_090000.WAV,Telephone Field,recover-20220922,001,1795
1642.9915,1643.0103,18593,23423,Nyctalus noctula,0.017,0.027,-1,Echolocation,/mnt/ubna_data_02_mir/recover-20220922/UBNA_001/20220921_090000.WAV,Telephone Field,recover-20220922,001,1795
1642.9935,1643.0278,68437,81074,Rhinolophus ferrumequinum,0.025,0.025,-1,Echolocation,/mnt/ubna_data_02_mir/recover-20220922/UBNA_001/20220921_090000.WAV,Telephone Field,recover-20220922,001,1795
1643.0245,1643.062,68437,81362,Rhinolophus ferrumequinum,0.021,0.021,-1,Echolocation,/mnt/ubna_data_02_mir/recover-20220922/UBNA_001/20220921_090000.WAV,Telephone Field,recover-20220922,001,1795
1643.0305,1643.0392,27187,36036,Eptesicus serotinus,0.008,0.023,-1,Echolocation,/mnt/ubna_data_02_mir/recover-20220922/UBNA_001/20220921_090000.WAV,Telephone Field,recover-20220922,001,1795
1643.0405,1643.0828,68437,82891,Rhinolophus ferrumequinum,0.027,0.027,-1,Echolocation,/mnt/ubna_data_02_mir/recover-20220922/UBNA_001/20220921_090000.WAV,Telephone Field,recover-20220922,001,1795
1643.0715,1643.112,68437,82452,Rhinolophus ferrumequinum,0.024,0.024,-1,Echolocation,/mnt/ubna_data_02_mir/recover-20220922/UBNA_001/20220921_090000.WAV,Telephone Field,recover-20220922,001,1795
1643.0745,1643.0835,26328,35539,Eptesicus serotinus,0.008,0.022,-1,Echolocation,/mnt/ubna_data_02_mir/recover-20220922/UBNA_001/20220921_090000.WAV,Telephone Field,recover-20220922,001,1795
1643.1615,1643.1698,27187,39342,Eptesicus serotinus,0.008,0.023,-1,Echolocation,/mnt/ubna_data_02_mir/recover-20220922/UBNA_001/20220921_090000.WAV,Telephone Field,recover-20220922,001,1795
1643.1965,1643.2313,68437,80495,Rhinolophus ferrumequinum,0.021,0.021,-1,Echolocation,/mnt/ubna_data_02_mir/recover-20220922/UBNA_001/20220921_090000.WAV,Telephone Field,recover-20220922,001,1795
1643.2305,1643.2386,27187,36301,Eptesicus serotinus,0.007,0.022,-1,Echolocation,/mnt/ubna_data_02_mir/recover-20220922/UBNA_001/20220921_090000.WAV,Telephone Field,recover-20220922,001,1795
1643.2515,1643.2912,68437,82547,Rhinolophus ferrumequinum,0.021,0.021,-1,Echolocation,/mnt/ubna_data_02_mir/recover-20220922/UBNA_001/20220921_090000.WAV,Telephone Field,recover-20220922,001,1795
1643.2605,1643.2706,28046,35758,Eptesicus serotinus,0.014,0.03,-1,Echolocation,/mnt/ubna_data_02_mir/recover-20220922/UBNA_001/20220921_090000.WAV,Telephone Field,recover-20220922,001,1795
1643.2685,1643.3067,68437,82109,Rhinolophus ferrumequinum,0.022,0.022,-1,Echolocation,/mnt/ubna_data_02_mir/recover-20220922/UBNA_001/20220921_090000.WAV,Telephone Field,recover-20220922,001,1795
1643.2865,1643.3231,68437,81523,Rhinolophus ferrumequinum,0.021,0.022,-1,Echolocation,/mnt/ubna_data_02_mir/recover-20220922/UBNA_001/20220921_090000.WAV,Telephone Field,recover-20220922,001,1795
1643.3075,1643.3459,68437,82319,Rhinolophus ferrumequinum,0.023,0.023,-1,Echolocation,/mnt/ubna_data_02_mir/recover-20220922/UBNA_001/20220921_090000.WAV,Telephone Field,recover-20220922,001,1795
1643.3285,1643.368,68437,82109,Rhinolophus ferrumequinum,0.023,0.023,-1,Echolocation,/mnt/ubna_data_02_mir/recover-20220922/UBNA_001/20220921_090000.WAV,Telephone Field,recover-20220922,001,1795
1643.3475,1643.3555,28046,39953,Eptesicus serotinus,0.008,0.024,-1,Echolocation,/mnt/ubna_data_02_mir/recover-20220922/UBNA_001/20220921_090000.WAV,Telephone Field,recover-20220922,001,1795
1643.3765,1643.3836000000001,27187,40687,Eptesicus serotinus,0.007,0.025,-1,Echolocation,/mnt/ubna_data_02_mir/recover-20220922/UBNA_001/20220921_090000.WAV,Telephone Field,recover-20220922,001,1795
1643.4025,1643.4373,68437,80419,Rhinolophus ferrumequinum,0.022,0.022,-1,Echolocation,/mnt/ubna_data_02_mir/recover-20220922/UBNA_001/20220921_090000.WAV,Telephone Field,recover-20220922,001,1795
1643.4445,1643.4543,26328,33818,Eptesicus serotinus,0.015,0.031,-1,Echolocation,/mnt/ubna_data_02_mir/recover-20220922/UBNA_001/20220921_090000.WAV,Telephone Field,recover-20220922,001,1795
1643.4555,1643.494,68437,82097,Rhinolophus ferrumequinum,0.032,0.032,-1,Echolocation,/mnt/ubna_data_02_mir/recover-20220922/UBNA_001/20220921_090000.WAV,Telephone Field,recover-20220922,001,1795
1643.4735,1643.4831,24609,31239,Nyctalus leisleri,0.007,0.022,-1,Echolocation,/mnt/ubna_data_02_mir/recover-20220922/UBNA_001/20220921_090000.WAV,Telephone Field,recover-20220922,001,1795
1643.4885,1643.5242,68437,81655,Rhinolophus ferrumequinum,0.021,0.021,-1,Echolocation,/mnt/ubna_data_02_mir/recover-20220922/UBNA_001/20220921_090000.WAV,Telephone Field,recover-20220922,001,1795
1643.5095,1643.5522,68437,83201,Rhinolophus ferrumequinum,0.036,0.036,-1,Echolocation,/mnt/ubna_data_02_mir/recover-20220922/UBNA_001/20220921_090000.WAV,Telephone Field,recover-20220922,001,1795
1643.5595,1643.5935,68437,81148,Rhinolophus ferrumequinum,0.024,0.024,-1,Echolocation,/mnt/ubna_data_02_mir/recover-20220922/UBNA_001/20220921_090000.WAV,Telephone Field,recover-20220922,001,1795
1643.5595,1643.5668,28046,40196,Eptesicus serotinus,0.008,0.025,-1,Echolocation,/mnt/ubna_data_02_mir/recover-20220922/UBNA_001/20220921_090000.WAV,Telephone Field,recover-20220922,001,1795
1643.5745,1643.6122,68437,81576,Rhinolophus ferrumequinum,0.022,0.022,-1,Echolocation,/mnt/ubna_data_02_mir/recover-20220922/UBNA_001/20220921_090000.WAV,Telephone Field,recover-20220922,001,1795
1643.5785,1643.5861,28046,40025,Eptesicus serotinus,0.007,0.021,-1,Echolocation,/mnt/ubna_data_02_mir/recover-20220922/UBNA_001/20220921_090000.WAV,Telephone Field,recover-20220922,001,1795
1643.5925,1643.6337,68437,82956,Rhinolophus ferrumequinum,0.027,0.027,-1,Echolocation,/mnt/ubna_data_02_mir/recover-20220922/UBNA_001/20220921_090000.WAV,Telephone Field,recover-20220922,001,1795
1643.6035,1643.6154,55546,62489,Pipistrellus pygmaeus,0.02,0.022,-1,Echolocation,/mnt/ubna_data_02_mir/recover-20220922/UBNA_001/20220921_090000.WAV,Telephone Field,recover-20220922,001,1795
1643.6045,1643.6121,28046,39891,Eptesicus serotinus,0.008,0.024,-1,Echolocation,/mnt/ubna_data_02_mir/recover-20220922/UBNA_001/20220921_090000.WAV,Telephone Field,recover-20220922,001,1795
1643.6415,1643.6513,28046,35575,Eptesicus serotinus,0.008,0.021,-1,Echolocation,/mnt/ubna_data_02_mir/recover-20220922/UBNA_001/20220921_090000.WAV,Telephone Field,recover-20220922,001,1795
1643.6535,1643.6904,68437,80972,Rhinolophus ferrumequinum,0.022,0.022,-1,Echolocation,/mnt/ubna_data_02_mir/recover-20220922/UBNA_001/20220921_090000.WAV,Telephone Field,recover-20220922,001,1795
1643.6775,1643.6849,28046,41547,Eptesicus serotinus,0.007,0.025,-1,Echolocation,/mnt/ubna_data_02_mir/recover-20220922/UBNA_001/20220921_090000.WAV,Telephone Field,recover-20220922,001,1795
1643.6985,1643.7365,68437,82029,Rhinolophus ferrumequinum,0.022,0.022,-1,Echolocation,/mnt/ubna_data_02_mir/recover-20220922/UBNA_001/20220921_090000.WAV,Telephone Field,recover-20220922,001,1795
1643.7055,1643.7434,68437,82459,Rhinolophus ferrumequinum,0.024,0.024,-1,Echolocation,/mnt/ubna_data_02_mir/recover-20220922/UBNA_001/20220921_090000.WAV,Telephone Field,recover-20220922,001,1795
1643.7485,1643.787,68437,82133,Rhinolophus ferrumequinum,0.023,0.023,-1,Echolocation,/mnt/ubna_data_02_mir/recover-20220922/UBNA_001/20220921_090000.WAV,Telephone Field,recover-20220922,001,1795
1643.7725,1643.7815,28046,37312,Eptesicus serotinus,0.01,0.024,-1,Echolocation,/mnt/ubna_data_02_mir/recover-20220922/UBNA_001/20220921_090000.WAV,Telephone Field,recover-20220922,001,1795
1643.7925,1643.8324,68437,82749,Rhinolophus ferrumequinum,0.022,0.022,-1,Echolocation,/mnt/ubna_data_02_mir/recover-20220922/UBNA_001/20220921_090000.WAV,Telephone Field,recover-20220922,001,1795
1643.8305,1643.8389,23750,32181,Plecotus austriacus,0.007,0.024,-1,Echolocation,/mnt/ubna_data_02_mir/recover-20220922/UBNA_001/20220921_090000.WAV,Telephone Field,recover-20220922,001,1795
1643.8535,1643.8983,68437,83515,Rhinolophus ferrumequinum,0.046,0.046,-1,Echolocation,/mnt/ubna_data_02_mir/recover-20220922/UBNA_001/20220921_090000.WAV,Telephone Field,recover-20220922,001,1795
1643.8595,1643.8672,28046,39164,Eptesicus serotinus,0.008,0.024,-1,Echolocation,/mnt/ubna_data_02_mir/recover-20220922/UBNA_001/20220921_090000.WAV,Telephone Field,recover-20220922,001,1795
1643.8925,1643.9287,68437,81693,Rhinolophus ferrumequinum,0.024,0.024,-1,Echolocation,/mnt/ubna_data_02_mir/recover-20220922/UBNA_001/20220921_090000.WAV,Telephone Field,recover-20220922,001,1795
1643.9815,1643.9893,31484,39670,Myotis daubentonii,0.009,0.027,-1,Echolocation,/mnt/ubna_data_02_mir/recover-20220922/UBNA_001/20220921_090000.WAV,Telephone Field,recover-20220922,001,1795
1644.0015,1644.0131,22031,27030,Nyctalus leisleri,0.024,0.049,-1,Echolocation,/mnt/ubna_data_02_mir/recover-20220922/UBNA_001/20220921_090000.WAV,Telephone Field,recover-20220922,001,1795
1644.0015,1644.0347,68437,80303,Rhinolophus ferrumequinum,0.028,0.028,-1,Echolocation,/mnt/ubna_data_02_mir/recover-20220922/UBNA_001/20220921_090000.WAV,Telephone Field,recover-20220922,001,1795
1644.0015,1644.0142,58984,66936,Pipistrellus pygmaeus,0.035,0.036,-1,Echolocation,/mnt/ubna_data_02_mir/recover-20220922/UBNA_001/20220921_090000.WAV,Telephone Field,recover-20220922,001,1795
1644.0125,1644.0495,68437,81744,Rhinolophus ferrumequinum,0.023,0.023,-1,Echolocation,/mnt/ubna_data_02_mir/recover-20220922/UBNA_001/20220921_090000.WAV,Telephone Field,recover-20220922,001,1795
1644.0165,1644.0274,22890,27828,Nyctalus leisleri,0.011,0.023,-1,Echolocation,/mnt/ubna_data_02_mir/recover-20220922/UBNA_001/20220921_090000.WAV,Telephone Field,recover-20220922,001,1795
1644.0235,1644.0337,22890,27811,Nyctalus leisleri,0.011,0.024,-1,Echolocation,/mnt/ubna_data_02_mir/recover-20220922/UBNA_001/20220921_090000.WAV,Telephone Field,recover-20220922,001,1795
1644.0425,1644.0826,68437,82464,Rhinolophus ferrumequinum,0.025,0.025,-1,Echolocation,/mnt/ubna_data_02_mir/recover-20220922/UBNA_001/20220921_090000.WAV,Telephone Field,recover-20220922,001,1795
1644.0585,1644.0996,68437,81857,Rhinolophus ferrumequinum,0.022,0.022,-1,Echolocation,/mnt/ubna_data_02_mir/recover-20220922/UBNA_001/20220921_090000.WAV,Telephone Field,recover-20220922,001,1795
1644.0765,1644.1143,68437,81660,Rhinolophus ferrumequinum,0.024,0.024,-1,Echolocation,/mnt/ubna_data_02_mir/recover-20220922/UBNA_001/20220921_090000.WAV,Telephone Field,recover-20220922,001,1795
1644.1065,1644.1426,68437,81138,Rhinolophus ferrumequinum,0.022,0.022,-1,Echolocation,/mnt/ubna_data_02_mir/recover-20220922/UBNA_001/20220921_090000.WAV,Telephone Field,recover-20220922,001,1795
1644.1105,1644.1195,25468,34273,Eptesicus serotinus,0.009,0.025,-1,Echolocation,/mnt/ubna_data_02_mir/recover-20220922/UBNA_001/20220921_090000.WAV,Telephone Field,recover-20220922,001,1795
1644.1115,1644.1219,33203,39427,Barbastellus barbastellus,0.006,0.025,-1,Echolocation,/mnt/ubna_data_02_mir/recover-20220922/UBNA_001/20220921_090000.WAV,Telephone Field,recover-20220922,001,1795
1644.1365,1644.1463,28046,38705,Eptesicus serotinus,0.009,0.022,-1,Echolocation,/mnt/ubna_data_02_mir/recover-20220922/UBNA_001/20220921_090000.WAV,Telephone Field,recover-20220922,001,1795
1644.1555,1644.1638,52109,57982,Pipistrellus pygmaeus,0.045,0.082,-1,Echolocation,/mnt/ubna_data_02_mir/recover-20220922/UBNA_001/20220921_090000.WAV,Telephone Field,recover-20220922,001,1795
1644.1555,1644.1943,68437,81621,Rhinolophus ferrumequinum,0.022,0.022,-1,Echolocation,/mnt/ubna_data_02_mir/recover-20220922/UBNA_001/20220921_090000.WAV,Telephone Field,recover-20220922,001,1795
1644.1715,1644.1824,28046,33877,Eptesicus serotinus,0.011,0.025,-1,Echolocation,/mnt/ubna_data_02_mir/recover-20220922/UBNA_001/20220921_090000.WAV,Telephone Field,recover-20220922,001,1795
1644.1835,1644.2186,68437,81548,Rhinolophus ferrumequinum,0.022,0.022,-1,Echolocation,/mnt/ubna_data_02_mir/recover-20220922/UBNA_001/20220921_090000.WAV,Telephone Field,recover-20220922,001,1795
1644.1995,1644.2067,28046,38275,Eptesicus serotinus,0.007,0.022,-1,Echolocation,/mnt/ubna_data_02_mir/recover-20220922/UBNA_001/20220921_090000.WAV,Telephone Field,recover-20220922,001,1795
1644.2015,1644.2091,23750,31809,Plecotus austriacus,0.009,0.022,-1,Echolocation,/mnt/ubna_data_02_mir/recover-20220922/UBNA_001/20220921_090000.WAV,Telephone Field,recover-20220922,001,1795
1644.2035,1644.2383,68437,82193,Rhinolophus ferrumequinum,0.028,0.028,-1,Echolocation,/mnt/ubna_data_02_mir/recover-20220922/UBNA_001/20220921_090000.WAV,Telephone Field,recover-20220922,001,1795
1644.2145,1644.2545,68437,81772,Rhinolophus ferrumequinum,0.022,0.022,-1,Echolocation,/mnt/ubna_data_02_mir/recover-20220922/UBNA_001/20220921_090000.WAV,Telephone Field,recover-20220922,001,1795
1644.2235,1644.2342,22890,27749,Nyctalus leisleri,0.011,0.024,-1,Echolocation,/mnt/ubna_data_02_mir/recover-20220922/UBNA_001/20220921_090000.WAV,Telephone Field,recover-20220922,001,1795
1644.2445,1644.2525,23750,31290,Plecotus austriacus,0.008,0.022,-1,Echolocation,/mnt/ubna_data_02_mir/recover-20220922/UBNA_001/20220921_090000.WAV,Telephone Field,recover-20220922,001,1795
1644.2525,1644.2627,14296,20015,Nyctalus noctula,0.011,0.022,-1,Echolocation,/mnt/ubna_data_02_mir/recover-20220922/UBNA_001/20220921_090000.WAV,Telephone Field,recover-20220922,001,1795
1644.2595,1644.2992,68437,82287,Rhinolophus ferrumequinum,0.021,0.022,-1,Echolocation,/mnt/ubna_data_02_mir/recover-20220922/UBNA_001/20220921_090000.WAV,Telephone Field,recover-20220922,001,1795
1644.2745,1644.2818,33203,42750,Myotis daubentonii,0.01,0.026,-1,Echolocation,/mnt/ubna_data_02_mir/recover-20220922/UBNA_001/20220921_090000.WAV,Telephone Field,recover-20220922,001,1795
1644.2755,1644.2826,28046,40471,Eptesicus serotinus,0.008,0.027,-1,Echolocation,/mnt/ubna_data_02_mir/recover-20220922/UBNA_001/20220921_090000.WAV,Telephone Field,recover-20220922,001,1795
1644.2955,1644.3359,68437,82777,Rhinolophus ferrumequinum,0.029,0.029,-1,Echolocation,/mnt/ubna_data_02_mir/recover-20220922/UBNA_001/20220921_090000.WAV,Telephone Field,recover-20220922,001,1795
1644.3025,1644.3098,28046,36958,Eptesicus serotinus,0.007,0.021,-1,Echolocation,/mnt/ubna_data_02_mir/recover-20220922/UBNA_001/20220921_090000.WAV,Telephone Field,recover-20220922,001,1795
1644.3035,1644.3441,68437,82525,Rhinolophus ferrumequinum,0.023,0.023,-1,Echolocation,/mnt/ubna_data_02_mir/recover-20220922/UBNA_001/20220921_090000.WAV,Telephone Field,recover-20220922,001,1795
1644.3575,1644.396,68437,82485,Rhinolophus ferrumequinum,0.021,0.021,-1,Echolocation,/mnt/ubna_data_02_mir/recover-20220922/UBNA_001/20220921_090000.WAV,Telephone Field,recover-20220922,001,1795
1644.3735,1644.4119,68437,82748,Rhinolophus ferrumequinum,0.022,0.023,-1,Echolocation,/mnt/ubna_data_02_mir/recover-20220922/UBNA_001/20220921_090000.WAV,Telephone Field,recover-20220922,001,1795
1644.3875,1644.4297,68437,83068,Rhinolophus ferrumequinum,0.03,0.03,-1,Echolocation,/mnt/ubna_data_02_mir/recover-20220922/UBNA_001/20220921_090000.WAV,Telephone Field,recover-20220922,001,1795
1644.4255,1644.4688,68437,83304,Rhinolophus ferrumequinum,0.036,0.036,-1,Echolocation,/mnt/ubna_data_02_mir/recover-20220922/UBNA_001/20220921_090000.WAV,Telephone Field,recover-20220922,001,1795
1644.4405,1644.4472,28046,39486,Eptesicus serotinus,0.006,0.022,-1,Echolocation,/mnt/ubna_data_02_mir/recover-20220922/UBNA_001/20220921_090000.WAV,Telephone Field,recover-20220922,001,1795
1644.4625,1644.5041,68437,82816,Rhinolophus ferrumequinum,0.023,0.023,-1,Echolocation,/mnt/ubna_data_02_mir/recover-20220922/UBNA_001/20220921_090000.WAV,Telephone Field,recover-20220922,001,1795
1644.4655,1644.4751,27187,36951,Eptesicus serotinus,0.008,0.021,-1,Echolocation,/mnt/ubna_data_02_mir/recover-20220922/UBNA_001/20220921_090000.WAV,Telephone Field,recover-20220922,001,1795
1644.4875,1644.5269,68437,82074,Rhinolophus ferrumequinum,0.023,0.023,-1,Echolocation,/mnt/ubna_data_02_mir/recover-20220922/UBNA_001/20220921_090000.WAV,Telephone Field,recover-20220922,001,1795
1644.5105,1644.5524,68437,83413,Rhinolophus ferrumequinum,0.03,0.03,-1,Echolocation,/mnt/ubna_data_02_mir/recover-20220922/UBNA_001/20220921_090000.WAV,Telephone Field,recover-20220922,001,1795
1644.5235,1644.5675,68437,83262,Rhinolophus ferrumequinum,0.027,0.027,-1,Echolocation,/mnt/ubna_data_02_mir/recover-20220922/UBNA_001/20220921_090000.WAV,Telephone Field,recover-20220922,001,1795
1644.5325,1644.545,22031,27032,Nyctalus leisleri,0.012,0.025,-1,Echolocation,/mnt/ubna_data_02_mir/recover-20220922/UBNA_001/20220921_090000.WAV,Telephone Field,recover-20220922,001,1795
1644.5585,1644.5684,23750,29786,Nyctalus leisleri,0.011,0.03,-1,Echolocation,/mnt/ubna_data_02_mir/recover-20220922/UBNA_001/20220921_090000.WAV,Telephone Field,recover-20220922,001,1795
1644.5955,1644.6375,68437,83024,Rhinolophus ferrumequinum,0.024,0.024,-1,Echolocation,/mnt/ubna_data_02_mir/recover-20220922/UBNA_001/20220921_090000.WAV,Telephone Field,recover-20220922,001,1795
1644.6125,1644.6198,28046,40370,Eptesicus serotinus,0.006,0.023,-1,Echolocation,/mnt/ubna_data_02_mir/recover-20220922/UBNA_001/20220921_090000.WAV,Telephone Field,recover-20220922,001,1795
1644.6295,1644.6664,68437,81138,Rhinolophus ferrumequinum,0.026,0.026,-1,Echolocation,/mnt/ubna_data_02_mir/recover-20220922/UBNA_001/20220921_090000.WAV,Telephone Field,recover-20220922,001,1795
1644.6615,1644.6998,68437,82349,Rhinolophus ferrumequinum,0.025,0.025,-1,Echolocation,/mnt/ubna_data_02_mir/recover-20220922/UBNA_001/20220921_090000.WAV,Telephone Field,recover-20220922,001,1795
1644.6625,1644.6709,46953,57064,Pipistrellus pipistrellus,0.016,0.024,-1,Echolocation,/mnt/ubna_data_02_mir/recover-20220922/UBNA_001/20220921_090000.WAV,Telephone Field,recover-20220922,001,1795
1644.6715,1644.6812,27187,35638,Eptesicus serotinus,0.015,0.034,-1,Echolocation,/mnt/ubna_data_02_mir/recover-20220922/UBNA_001/20220921_090000.WAV,Telephone Field,recover-20220922,001,1795
1644.6805,1644.7249,68437,83127,Rhinolophus ferrumequinum,0.047,0.047,-1,Echolocation,/mnt/ubna_data_02_mir/recover-20220922/UBNA_001/20220921_090000.WAV,Telephone Field,recover-20220922,001,1795
1644.7315,1644.7702,68437,82030,Rhinolophus ferrumequinum,0.022,0.022,-1,Echolocation,/mnt/ubna_data_02_mir/recover-20220922/UBNA_001/20220921_090000.WAV,Telephone Field,recover-20220922,001,1795
1644.7475,1644.753,47812,54098,Pipistrellus pipistrellus,0.024,0.026,-1,Echolocation,/mnt/ubna_data_02_mir/recover-20220922/UBNA_001/20220921_090000.WAV,Telephone Field,recover-20220922,001,1795
1644.7615,1644.8003,68437,82002,Rhinolophus ferrumequinum,0.023,0.023,-1,Echolocation,/mnt/ubna_data_02_mir/recover-20220922/UBNA_001/20220921_090000.WAV,Telephone Field,recover-20220922,001,1795
1644.8025,1644.8431,68437,82764,Rhinolophus ferrumequinum,0.022,0.022,-1,Echolocation,/mnt/ubna_data_02_mir/recover-20220922/UBNA_001/20220921_090000.WAV,Telephone Field,recover-20220922,001,1795
1644.8315,1644.8733,68437,81635,Rhinolophus ferrumequinum,0.036,0.036,-1,Echolocation,/mnt/ubna_data_02_mir/recover-20220922/UBNA_001/20220921_090000.WAV,Telephone Field,recover-20220922,001,1795
1644.8395,1644.8824,68437,83211,Rhinolophus ferrumequinum,0.038,0.038,-1,Echolocation,/mnt/ubna_data_02_mir/recover-20220922/UBNA_001/20220921_090000.WAV,Telephone Field,recover-20220922,001,1795
1644.8445,1644.8562,24609,30173,Nyctalus leisleri,0.013,0.031,-1,Echolocation,/mnt/ubna_data_02_mir/recover-20220922/UBNA_001/20220921_090000.WAV,Telephone Field,recover-20220922,001,1795
1644.8715,1644.8829,22031,26717,Nyctalus leisleri,0.01,0.021,-1,Echolocation,/mnt/ubna_data_02_mir/recover-20220922/UBNA_001/20220921_090000.WAV,Telephone Field,recover-20220922,001,1795
1644.8765,1644.9195,68437,82606,Rhinolophus ferrumequinum,0.027,0.027,-1,Echolocation,/mnt/ubna_data_02_mir/recover-20220922/UBNA_001/20220921_090000.WAV,Telephone Field,recover-20220922,001,1795
1644.9005,1644.9363,68437,82079,Rhinolophus ferrumequinum,0.023,0.024,-1,Echolocation,/mnt/ubna_data_02_mir/recover-20220922/UBNA_001/20220921_090000.WAV,Telephone Field,recover-20220922,001,1795
1644.9175,1644.9569,68437,82592,Rhinolophus ferrumequinum,0.032,0.032,-1,Echolocation,/mnt/ubna_data_02_mir/recover-20220922/UBNA_001/20220921_090000.WAV,Telephone Field,recover-20220922,001,1795
1644.9405,1644.9498,28906,36815,Eptesicus serotinus,0.009,0.022,-1,Echolocation,/mnt/ubna_data_02_mir/recover-20220922/UBNA_001/20220921_090000.WAV,Telephone Field,recover-20220922,001,1795
1644.9505,1644.9879,68437,82219,Rhinolophus ferrumequinum,0.022,0.022,-1,Echolocation,/mnt/ubna_data_02_mir/recover-20220922/UBNA_001/20220921_090000.WAV,Telephone Field,recover-20220922,001,1795
1644.9685,1645.0083,68437,82648,Rhinolophus ferrumequinum,0.025,0.025,-1,Echolocation,/mnt/ubna_data_02_mir/recover-20220922/UBNA_001/20220921_090000.WAV,Telephone Field,recover-20220922,001,1795
1644.9695,1644.977,23750,32177,Plecotus austriacus,0.01,0.023,-1,Echolocation,/mnt/ubna_data_02_mir/recover-20220922/UBNA_001/20220921_090000.WAV,Telephone Field,recover-20220922,001,1795
1644.9815,1645.0209,68437,82223,Rhinolophus ferrumequinum,0.025,0.025,-1,Echolocation,/mnt/ubna_data_02_mir/recover-20220922/UBNA_001/20220921_090000.WAV,Telephone Field,recover-20220922,001,1795
1645.0225,1645.0635,68437,82298,Rhinolophus ferrumequinum,0.025,0.025,-1,Echolocation,/mnt/ubna_data_02_mir/recover-20220922/UBNA_001/20220921_090000.WAV,Telephone Field,recover-20220922,001,1795
1645.0595,1645.1,68437,82694,Rhinolophus ferrumequinum,0.026,0.026,-1,Echolocation,/mnt/ubna_data_02_mir/recover-20220922/UBNA_001/20220921_090000.WAV,Telephone Field,recover-20220922,001,1795
1645.0815,1645.1188,68437,81882,Rhinolophus ferrumequinum,0.022,0.022,-1,Echolocation,/mnt/ubna_data_02_mir/recover-20220922/UBNA_001/20220921_090000.WAV,Telephone Field,recover-20220922,001,1795
1645.0935,1645.1336000000001,68437,82780,Rhinolophus ferrumequinum,0.03,0.03,-1,Echolocation,/mnt/ubna_data_02_mir/recover-20220922/UBNA_001/20220921_090000.WAV,Telephone Field,recover-20220922,001,1795
1645.1225,1645.1331,22031,27497,Nyctalus leisleri,0.01,0.025,-1,Echolocation,/mnt/ubna_data_02_mir/recover-20220922/UBNA_001/20220921_090000.WAV,Telephone Field,recover-20220922,001,1795
1645.1295,1645.1398,22031,27647,Nyctalus leisleri,0.01,0.023,-1,Echolocation,/mnt/ubna_data_02_mir/recover-20220922/UBNA_001/20220921_090000.WAV,Telephone Field,recover-20220922,001,1795
1645.1545,1645.1938,68437,82171,Rhinolophus ferrumequinum,0.022,0.022,-1,Echolocation,/mnt/ubna_data_02_mir/recover-20220922/UBNA_001/20220921_090000.WAV,Telephone Field,recover-20220922,001,1795
1645.1765,1645.2124,68437,81584,Rhinolophus ferrumequinum,0.025,0.025,-1,Echolocation,/mnt/ubna_data_02_mir/recover-20220922/UBNA_001/20220921_090000.WAV,Telephone Field,recover-20220922,001,1795
1645.1845,1645.2199,68437,81142,Rhinolophus ferrumequinum,0.022,0.022,-1,Echolocation,/mnt/ubna_data_02_mir/recover-20220922/UBNA_001/20220921_090000.WAV,Telephone Field,recover-20220922,001,1795
1645.1945,1645.2356,68437,82270,Rhinolophus ferrumequinum,0.023,0.023,-1,Echolocation,/mnt/ubna_data_02_mir/recover-20220922/UBNA_001/20220921_090000.WAV,Telephone Field,recover-20220922,001,1795
1645.1965,1645.2063,43515,52136,Pipistrellus pipistrellus,0.015,0.027,-1,Echolocation,/mnt/ubna_data_02_mir/recover-20220922/UBNA_001/20220921_090000.WAV,Telephone Field,recover-20220922,001,1795
1645.2185,1645.2553,68437,81840,Rhinolophus ferrumequinum,0.023,0.023,-1,Echolocation,/mnt/ubna_data_02_mir/recover-20220922/UBNA_001/20220921_090000.WAV,Telephone Field,recover-20220922,001,1795
1645.2455,1645.2859,68437,83185,Rhinolophus ferrumequinum,0.033,0.033,-1,Echolocation,/mnt/ubna_data_02_mir/recover-20220922/UBNA_001/20220921_090000.WAV,Telephone Field,recover-20220922,001,1795
1645.2635,1645.2744,25468,31458,Nyctalus leisleri,0.011,0.031,-1,Echolocation,/mnt/ubna_data_02_mir/recover-20220922/UBNA_001/20220921_090000.WAV,Telephone Field,recover-20220922,001,1795
1645.3285,1645.3373,22031,28817,Plecotus austriacus,0.01,0.022,-1,Echolocation,/mnt/ubna_data_02_mir/recover-20220922/UBNA_001/20220921_090000.WAV,Telephone Field,recover-20220922,001,1795
1645.3455,1645.3885,68437,83053,Rhinolophus ferrumequinum,0.034,0.034,-1,Echolocation,/mnt/ubna_data_02_mir/recover-20220922/UBNA_001/20220921_090000.WAV,Telephone Field,recover-20220922,001,1795
1645.3525,1645.3624,28906,38838,Eptesicus serotinus,0.011,0.027,-1,Echolocation,/mnt/ubna_data_02_mir/recover-20220922/UBNA_001/20220921_090000.WAV,Telephone Field,recover-20220922,001,1795
1645.3725,1645.3831,31484,38419,Eptesicus serotinus,0.007,0.022,-1,Echolocation,/mnt/ubna_data_02_mir/recover-20220922/UBNA_001/20220921_090000.WAV,Telephone Field,recover-20220922,001,1795
1645.4045,1645.4427,68437,81818,Rhinolophus ferrumequinum,0.022,0.022,-1,Echolocation,/mnt/ubna_data_02_mir/recover-20220922/UBNA_001/20220921_090000.WAV,Telephone Field,recover-20220922,001,1795
1645.4185,1645.4586,68437,82528,Rhinolophus ferrumequinum,0.044,0.044,-1,Echolocation,/mnt/ubna_data_02_mir/recover-20220922/UBNA_001/20220921_090000.WAV,Telephone Field,recover-20220922,001,1795
1645.4365,1645.446,28046,37975,Eptesicus serotinus,0.01,0.024,-1,Echolocation,/mnt/ubna_data_02_mir/recover-20220922/UBNA_001/20220921_090000.WAV,Telephone Field,recover-20220922,001,1795
1645.4525,1645.463,28906,36069,Eptesicus serotinus,0.013,0.028,-1,Echolocation,/mnt/ubna_data_02_mir/recover-20220922/UBNA_001/20220921_090000.WAV,Telephone Field,recover-20220922,001,1795
1645.4895,1645.4973,28906,39602,Eptesicus serotinus,0.007,0.023,-1,Echolocation,/mnt/ubna_data_02_mir/recover-20220922/UBNA_001/20220921_090000.WAV,Telephone Field,recover-20220922,001,1795
1645.5395,1645.5815,68437,83288,Rhinolophus ferrumequinum,0.026,0.026,-1,Echolocation,/mnt/ubna_data_02_mir/recover-20220922/UBNA_001/20220921_090000.WAV,Telephone Field,recover-20220922,001,1795
1645.6195,1645.6304,22890,28266,Nyctalus leisleri,0.01,0.022,-1,Echolocation,/mnt/ubna_data_02_mir/recover-20220922/UBNA_001/20220921_090000.WAV,Telephone Field,recover-20220922,001,1795
1645.6555,1645.6948,68437,82446,Rhinolophus ferrumequinum,0.022,0.022,-1,Echolocation,/mnt/ubna_data_02_mir/recover-20220922/UBNA_001/20220921_090000.WAV,Telephone Field,recover-20220922,001,1795
1645.6725,1645.6825,28906,37544,Eptesicus serotinus,0.009,0.022,-1,Echolocation,/mnt/ubna_data_02_mir/recover-20220922/UBNA_001/20220921_090000.WAV,Telephone Field,recover-20220922,001,1795
1645.6785,1645.6883,29765,38051,Eptesicus serotinus,0.008,0.022,-1,Echolocation,/mnt/ubna_data_02_mir/recover-20220922/UBNA_001/20220921_090000.WAV,Telephone Field,recover-20220922,001,1795
1645.7055,1645.7463,68437,82526,Rhinolophus ferrumequinum,0.029,0.029,-1,Echolocation,/mnt/ubna_data_02_mir/recover-20220922/UBNA_001/20220921_090000.WAV,Telephone Field,recover-20220922,001,1795
1645.7355,1645.743,28906,38994,Eptesicus serotinus,0.009,0.027,-1,Echolocation,/mnt/ubna_data_02_mir/recover-20220922/UBNA_001/20220921_090000.WAV,Telephone Field,recover-20220922,001,1795
1645.7375,1645.7438,22890,32266,Plecotus austriacus,0.014,0.027,-1,Echolocation,/mnt/ubna_data_02_mir/recover-20220922/UBNA_001/20220921_090000.WAV,Telephone Field,recover-20220922,001,1795
1645.7905,1645.8296,68437,82471,Rhinolophus ferrumequinum,0.024,0.024,-1,Echolocation,/mnt/ubna_data_02_mir/recover-20220922/UBNA_001/20220921_090000.WAV,Telephone Field,recover-20220922,001,1795
1645.8595,1645.8995,68437,82603,Rhinolophus ferrumequinum,0.023,0.023,-1,Echolocation,/mnt/ubna_data_02_mir/recover-20220922/UBNA_001/20220921_090000.WAV,Telephone Field,recover-20220922,001,1795
1645.9075,1645.9447,68437,81867,Rhinolophus ferrumequinum,0.023,0.023,-1,Echolocation,/mnt/ubna_data_02_mir/recover-20220922/UBNA_001/20220921_090000.WAV,Telephone Field,recover-20220922,001,1795
1645.9155,1645.924,26328,35489,Eptesicus serotinus,0.008,0.022,-1,Echolocation,/mnt/ubna_data_02_mir/recover-20220922/UBNA_001/20220921_090000.WAV,Telephone Field,recover-20220922,001,1795
1645.9315,1645.97,68437,81993,Rhinolophus ferrumequinum,0.024,0.024,-1,Echolocation,/mnt/ubna_data_02_mir/recover-20220922/UBNA_001/20220921_090000.WAV,Telephone Field,recover-20220922,001,1795
1645.9405,1645.9765,68437,81345,Rhinolophus ferrumequinum,0.024,0.024,-1,Echolocation,/mnt/ubna_data_02_mir/recover-20220922/UBNA_001/20220921_090000.WAV,Telephone Field,recover-20220922,001,1795
1645.9585,1645.9988,68437,82264,Rhinolophus ferrumequinum,0.024,0.024,-1,Echolocation,/mnt/ubna_data_02_mir/recover-20220922/UBNA_001/20220921_090000.WAV,Telephone Field,recover-20220922,001,1795
1645.9805,1645.99,35781,43596,Pipistrellus nathusii,0.017,0.042,-1,Echolocation,/mnt/ubna_data_02_mir/recover-20220922/UBNA_001/20220921_090000.WAV,Telephone Field,recover-20220922,001,1795
1646.0015,1646.0097,24609,34079,Nyctalus leisleri,0.009,0.031,-1,Echolocation,/mnt/ubna_data_02_mir/recover-20220922/UBNA_001/20220921_090000.WAV,Telephone Field,recover-20220922,001,1795
1646.0015,1646.0115,30625,37155,Eptesicus serotinus,0.012,0.033,-1,Echolocation,/mnt/ubna_data_02_mir/recover-20220922/UBNA_001/20220921_090000.WAV,Telephone Field,recover-20220922,001,1795
1646.0015,1646.0315,69296,82147,Rhinolophus ferrumequinum,0.022,0.022,-1,Echolocation,/mnt/ubna_data_02_mir/recover-20220922/UBNA_001/20220921_090000.WAV,Telephone Field,recover-20220922,001,1795
1646.0225,1646.059,68437,81049,Rhinolophus ferrumequinum,0.021,0.021,-1,Echolocation,/mnt/ubna_data_02_mir/recover-20220922/UBNA_001/20220921_090000.WAV,Telephone Field,recover-20220922,001,1795
1646.0285,1646.0653,68437,80946,Rhinolophus ferrumequinum,0.023,0.023,-1,Echolocation,/mnt/ubna_data_02_mir/recover-20220922/UBNA_001/20220921_090000.WAV,Telephone Field,recover-20220922,001,1795
1646.0425,1646.0827,68437,82176,Rhinolophus ferrumequinum,0.023,0.023,-1,Echolocation,/mnt/ubna_data_02_mir/recover-20220922/UBNA_001/20220921_090000.WAV,Telephone Field,recover-20220922,001,1795
1646.0665,1646.1081,68437,82633,Rhinolophus ferrumequinum,0.027,0.027,-1,Echolocation,/mnt/ubna_data_02_mir/recover-20220922/UBNA_001/20220921_090000.WAV,Telephone Field,recover-20220922,001,1795
1646.0825,1646.1002,19453,23294,Nyctalus leisleri,0.012,0.027,-1,Echolocation,/mnt/ubna_data_02_mir/recover-20220922/UBNA_001/20220921_090000.WAV,Telephone Field,recover-20220922,001,1795
1646.1075,1646.1480999999999,68437,82530,Rhinolophus ferrumequinum,0.026,0.026,-1,Echolocation,/mnt/ubna_data_02_mir/recover-20220922/UBNA_001/20220921_090000.WAV,Telephone Field,recover-20220922,001,1795
1646.1375,1646.1722,68437,81214,Rhinolophus ferrumequinum,0.021,0.021,-1,Echolocation,/mnt/ubna_data_02_mir/recover-20220922/UBNA_001/20220921_090000.WAV,Telephone Field,recover-20220922,001,1795
1646.1645,1646.2011,68437,82310,Rhinolophus ferrumequinum,0.023,0.023,-1,Echolocation,/mnt/ubna_data_02_mir/recover-20220922/UBNA_001/20220921_090000.WAV,Telephone Field,recover-20220922,001,1795
1646.1765,1646.2138,68437,81799,Rhinolophus ferrumequinum,0.023,0.023,-1,Echolocation,/mnt/ubna_data_02_mir/recover-20220922/UBNA_001/20220921_090000.WAV,Telephone Field,recover-20220922,001,1795
1646.1935,1646.2355,68437,82789,Rhinolophus ferrumequinum,0.023,0.023,-1,Echolocation,/mnt/ubna_data_02_mir/recover-20220922/UBNA_001/20220921_090000.WAV,Telephone Field,recover-20220922,001,1795
1646.2235,1646.2307,27187,39432,Eptesicus serotinus,0.006,0.021,-1,Echolocation,/mnt/ubna_data_02_mir/recover-20220922/UBNA_001/20220921_090000.WAV,Telephone Field,recover-20220922,001,1795
1646.2325,1646.2729,68437,82426,Rhinolophus ferrumequinum,0.024,0.024,-1,Echolocation,/mnt/ubna_data_02_mir/recover-20220922/UBNA_001/20220921_090000.WAV,Telephone Field,recover-20220922,001,1795
1646.2875,1646.3274,68437,82545,Rhinolophus ferrumequinum,0.023,0.023,-1,Echolocation,/mnt/ubna_data_02_mir/recover-20220922/UBNA_001/20220921_090000.WAV,Telephone Field,recover-20220922,001,1795
1646.3215,1646.3602,68437,81873,Rhinolophus ferrumequinum,0.024,0.024,-1,Echolocation,/mnt/ubna_data_02_mir/recover-20220922/UBNA_001/20220921_090000.WAV,Telephone Field,recover-20220922,001,1795
1646.3335,1646.3409,26328,36143,Eptesicus serotinus,0.012,0.04,-1,Echolocation,/mnt/ubna_data_02_mir/recover-20220922/UBNA_001/20220921_090000.WAV,Telephone Field,recover-20220922,001,1795
1646.3395,1646.3745,68437,81524,Rhinolophus ferrumequinum,0.034,0.034,-1,Echolocation,/mnt/ubna_data_02_mir/recover-20220922/UBNA_001/20220921_090000.WAV,Telephone Field,recover-20220922,001,1795
1646.3675,1646.4077,68437,82363,Rhinolophus ferrumequinum,0.026,0.026,-1,Echolocation,/mnt/ubna_data_02_mir/recover-20220922/UBNA_001/20220921_090000.WAV,Telephone Field,recover-20220922,001,1795
1646.4395,1646.4776,68437,82152,Rhinolophus ferrumequinum,0.022,0.022,-1,Echolocation,/mnt/ubna_data_02_mir/recover-20220922/UBNA_001/20220921_090000.WAV,Telephone Field,recover-20220922,001,1795
1646.4745,1646.4835,28046,40652,Eptesicus serotinus,0.01,0.024,-1,Echolocation,/mnt/ubna_data_02_mir/recover-20220922/UBNA_001/20220921_090000.WAV,Telephone Field,recover-20220922,001,1795
1646.4755,1646.51,68437,81682,Rhinolophus ferrumequinum,0.022,0.022,-1,Echolocation,/mnt/ubna_data_02_mir/recover-20220922/UBNA_001/20220921_090000.WAV,Telephone Field,recover-20220922,001,1795
1646.4785,1646.4872,33203,41212,Myotis daubentonii,0.007,0.022,-1,Echolocation,/mnt/ubna_data_02_mir/recover-20220922/UBNA_001/20220921_090000.WAV,Telephone Field,recover-20220922,001,1795
1646.4915,1646.5022,23750,29373,Nyctalus leisleri,0.01,0.022,-1,Echolocation,/mnt/ubna_data_02_mir/recover-20220922/UBNA_001/20220921_090000.WAV,Telephone Field,recover-20220922,001,1795
1646.5035,1646.5118,35781,42124,Barbastellus barbastellus,0.02,0.039,-1,Echolocation,/mnt/ubna_data_02_mir/recover-20220922/UBNA_001/20220921_090000.WAV,Telephone Field,recover-20220922,001,1795
1646.5045,1646.5111,28046,39998,Eptesicus serotinus,0.011,0.041,-1,Echolocation,/mnt/ubna_data_02_mir/recover-20220922/UBNA_001/20220921_090000.WAV,Telephone Field,recover-20220922,001,1795
1646.5065,1646.5432,68437,81314,Rhinolophus ferrumequinum,0.023,0.023,-1,Echolocation,/mnt/ubna_data_02_mir/recover-20220922/UBNA_001/20220921_090000.WAV,Telephone Field,recover-20220922,001,1795
1646.5145,1646.5489,68437,81299,Rhinolophus ferrumequinum,0.021,0.022,-1,Echolocation,/mnt/ubna_data_02_mir/recover-20220922/UBNA_001/20220921_090000.WAV,Telephone Field,recover-20220922,001,1795
1646.5445,1646.5554,23750,30106,Nyctalus leisleri,0.009,0.023,-1,Echolocation,/mnt/ubna_data_02_mir/recover-20220922/UBNA_001/20220921_090000.WAV,Telephone Field,recover-20220922,001,1795
1646.5715,1646.5934,17734,21688,Nyctalus noctula,0.023,0.035,-1,Echolocation,/mnt/ubna_data_02_mir/recover-20220922/UBNA_001/20220921_090000.WAV,Telephone Field,recover-20220922,001,1795
1646.5745,1646.5837,28906,38066,Eptesicus serotinus,0.013,0.032,-1,Echolocation,/mnt/ubna_data_02_mir/recover-20220922/UBNA_001/20220921_090000.WAV,Telephone Field,recover-20220922,001,1795
1646.5965,1646.6345,68437,81161,Rhinolophus ferrumequinum,0.021,0.021,-1,Echolocation,/mnt/ubna_data_02_mir/recover-20220922/UBNA_001/20220921_090000.WAV,Telephone Field,recover-20220922,001,1795
1646.5985,1646.6104,22031,26118,Nyctalus leisleri,0.014,0.025,-1,Echolocation,/mnt/ubna_data_02_mir/recover-20220922/UBNA_001/20220921_090000.WAV,Telephone Field,recover-20220922,001,1795
1646.6125,1646.6268,14296,18249,Nyctalus noctula,0.013,0.022,-1,Echolocation,/mnt/ubna_data_02_mir/recover-20220922/UBNA_001/20220921_090000.WAV,Telephone Field,recover-20220922,001,1795
1646.6155,1646.6574,68437,82963,Rhinolophus ferrumequinum,0.059,0.059,-1,Echolocation,/mnt/ubna_data_02_mir/recover-20220922/UBNA_001/20220921_090000.WAV,Telephone Field,recover-20220922,001,1795
1646.6285,1646.6684,68437,82058,Rhinolophus ferrumequinum,0.022,0.023,-1,Echolocation,/mnt/ubna_data_02_mir/recover-20220922/UBNA_001/20220921_090000.WAV,Telephone Field,recover-20220922,001,1795
1646.6335,1646.6721,68437,82329,Rhinolophus ferrumequinum,0.024,0.024,-1,Echolocation,/mnt/ubna_data_02_mir/recover-20220922/UBNA_001/20220921_090000.WAV,Telephone Field,recover-20220922,001,1795
1646.6565,1646.6956,68437,82405,Rhinolophus ferrumequinum,0.023,0.023,-1,Echolocation,/mnt/ubna_data_02_mir/recover-20220922/UBNA_001/20220921_090000.WAV,Telephone Field,recover-20220922,001,1795
1646.6595,1646.6704,22890,28066,Nyctalus leisleri,0.01,0.022,-1,Echolocation,/mnt/ubna_data_02_mir/recover-20220922/UBNA_001/20220921_090000.WAV,Telephone Field,recover-20220922,001,1795
1646.6845,1646.7249,68437,82725,Rhinolophus ferrumequinum,0.023,0.023,-1,Echolocation,/mnt/ubna_data_02_mir/recover-20220922/UBNA_001/20220921_090000.WAV,Telephone Field,recover-20220922,001,1795
1646.7265,1646.7376,22890,28019,Nyctalus leisleri,0.015,0.029,-1,Echolocation,/mnt/ubna_data_02_mir/recover-20220922/UBNA_001/20220921_090000.WAV,Telephone Field,recover-20220922,001,1795
1646.7285,1646.7657,68437,81342,Rhinolophus ferrumequinum,0.025,0.025,-1,Echolocation,/mnt/ubna_data_02_mir/recover-20220922/UBNA_001/20220921_090000.WAV,Telephone Field,recover-20220922,001,1795
1646.7345,1646.754,20312,23799,Nyctalus leisleri,0.017,0.03,-1,Echolocation,/mnt/ubna_data_02_mir/recover-20220922/UBNA_001/20220921_090000.WAV,Telephone Field,recover-20220922,001,1795
1646.7465,1646.7869,68437,82551,Rhinolophus ferrumequinum,0.025,0.025,-1,Echolocation,/mnt/ubna_data_02_mir/recover-20220922/UBNA_001/20220921_090000.WAV,Telephone Field,recover-20220922,001,1795
1646.7685,1646.776,27187,37692,Eptesicus serotinus,0.006,0.021,-1,Echolocation,/mnt/ubna_data_02_mir/recover-20220922/UBNA_001/20220921_090000.WAV,Telephone Field,recover-20220922,001,1795
1646.7825,1646.8207,68437,82052,Rhinolophus ferrumequinum,0.022,0.022,-1,Echolocation,/mnt/ubna_data_02_mir/recover-20220922/UBNA_001/20220921_090000.WAV,Telephone Field,recover-20220922,001,1795
1646.8305,1646.8684,68437,82548,Rhinolophus ferrumequinum,0.023,0.023,-1,Echolocation,/mnt/ubna_data_02_mir/recover-20220922/UBNA_001/20220921_090000.WAV,Telephone Field,recover-20220922,001,1795
1646.8375,1646.8765,68437,81752,Rhinolophus ferrumequinum,0.022,0.022,-1,Echolocation,/mnt/ubna_data_02_mir/recover-20220922/UBNA_001/20220921_090000.WAV,Telephone Field,recover-20220922,001,1795
1646.8465,1646.854,28046,39138,Eptesicus serotinus,0.006,0.021,-1,Echolocation,/mnt/ubna_data_02_mir/recover-20220922/UBNA_001/20220921_090000.WAV,Telephone Field,recover-20220922,001,1795
1646.8665,1646.9025,68437,81778,Rhinolophus ferrumequinum,0.021,0.021,-1,Echolocation,/mnt/ubna_data_02_mir/recover-20220922/UBNA_001/20220921_090000.WAV,Telephone Field,recover-20220922,001,1795
1646.8905,1646.9293,68437,82228,Rhinolophus ferrumequinum,0.027,0.027,-1,Echolocation,/mnt/ubna_data_02_mir/recover-20220922/UBNA_001/20220921_090000.WAV,Telephone Field,recover-20220922,001,1795
1646.9305,1646.9688,68437,82076,Rhinolophus ferrumequinum,0.025,0.025,-1,Echolocation,/mnt/ubna_data_02_mir/recover-20220922/UBNA_001/20220921_090000.WAV,Telephone Field,recover-20220922,001,1795
1646.9575,1646.9669,28046,36290,Eptesicus serotinus,0.009,0.021,-1,Echolocation,/mnt/ubna_data_02_mir/recover-20220922/UBNA_001/20220921_090000.WAV,Telephone Field,recover-20220922,001,1795
1646.9595,1646.9972,68437,81964,Rhinolophus ferrumequinum,0.022,0.022,-1,Echolocation,/mnt/ubna_data_02_mir/recover-20220922/UBNA_001/20220921_090000.WAV,Telephone Field,recover-20220922,001,1795
1646.9955,1647.0347,68437,82357,Rhinolophus ferrumequinum,0.021,0.022,-1,Echolocation,/mnt/ubna_data_02_mir/recover-20220922/UBNA_001/20220921_090000.WAV,Telephone Field,recover-20220922,001,1795
1647.0125,1647.0488,68437,81143,Rhinolophus ferrumequinum,0.023,0.023,-1,Echolocation,/mnt/ubna_data_02_mir/recover-20220922/UBNA_001/20220921_090000.WAV,Telephone Field,recover-20220922,001,1795
1647.0285,1647.0662,68437,81760,Rhinolophus ferrumequinum,0.021,0.021,-1,Echolocation,/mnt/ubna_data_02_mir/recover-20220922/UBNA_001/20220921_090000.WAV,Telephone Field,recover-20220922,001,1795
1647.0515,1647.0887,68437,81980,Rhinolophus ferrumequinum,0.021,0.021,-1,Echolocation,/mnt/ubna_data_02_mir/recover-20220922/UBNA_001/20220921_090000.WAV,Telephone Field,recover-20220922,001,1795
1647.0675,1647.1068,68437,82566,Rhinolophus ferrumequinum,0.023,0.023,-1,Echolocation,/mnt/ubna_data_02_mir/recover-20220922/UBNA_001/20220921_090000.WAV,Telephone Field,recover-20220922,001,1795
1647.0695,1647.0793,26328,33673,Eptesicus serotinus,0.025,0.049,-1,Echolocation,/mnt/ubna_data_02_mir/recover-20220922/UBNA_001/20220921_090000.WAV,Telephone Field,recover-20220922,001,1795
1647.1025,1647.1427,68437,81914,Rhinolophus ferrumequinum,0.031,0.031,-1,Echolocation,/mnt/ubna_data_02_mir/recover-20220922/UBNA_001/20220921_090000.WAV,Telephone Field,recover-20220922,001,1795
1647.1155,1647.1237,27187,36413,Eptesicus serotinus,0.007,0.021,-1,Echolocation,/mnt/ubna_data_02_mir/recover-20220922/UBNA_001/20220921_090000.WAV,Telephone Field,recover-20220922,001,1795
1647.1255,1647.1392,22031,25540,Nyctalus leisleri,0.014,0.022,-1,Echolocation,/mnt/ubna_data_02_mir/recover-20220922/UBNA_001/20220921_090000.WAV,Telephone Field,recover-20220922,001,1795
1647.1405,1647.1822,68437,83189,Rhinolophus ferrumequinum,0.028,0.028,-1,Echolocation,/mnt/ubna_data_02_mir/recover-20220922/UBNA_001/20220921_090000.WAV,Telephone Field,recover-20220922,001,1795
1647.1545,1647.1654,21171,25854,Nyctalus leisleri,0.01,0.023,-1,Echolocation,/mnt/ubna_data_02_mir/recover-20220922/UBNA_001/20220921_090000.WAV,Telephone Field,recover-20220922,001,1795
1647.1615,1647.1988,68437,81744,Rhinolophus ferrumequinum,0.021,0.021,-1,Echolocation,/mnt/ubna_data_02_mir/recover-20220922/UBNA_001/20220921_090000.WAV,Telephone Field,recover-20220922,001,1795
1647.1775,1647.2178,68437,82376,Rhinolophus ferrumequinum,0.023,0.023,-1,Echolocation,/mnt/ubna_data_02_mir/recover-20220922/UBNA_001/20220921_090000.WAV,Telephone Field,recover-20220922,001,1795
1647.1875,1647.2258,68437,81939,Rhinolophus ferrumequinum,0.022,0.022,-1,Echolocation,/mnt/ubna_data_02_mir/recover-20220922/UBNA_001/20220921_090000.WAV,Telephone Field,recover-20220922,001,1795
1647.1935,1647.2029,27187,36661,Eptesicus serotinus,0.009,0.022,-1,Echolocation,/mnt/ubna_data_02_mir/recover-20220922/UBNA_001/20220921_090000.WAV,Telephone Field,recover-20220922,001,1795
1647.2055,1647.2452,68437,82368,Rhinolophus ferrumequinum,0.023,0.023,-1,Echolocation,/mnt/ubna_data_02_mir/recover-20220922/UBNA_001/20220921_090000.WAV,Telephone Field,recover-20220922,001,1795
1647.2065,1647.2162,28046,36674,Eptesicus serotinus,0.01,0.024,-1,Echolocation,/mnt/ubna_data_02_mir/recover-20220922/UBNA_001/20220921_090000.WAV,Telephone Field,recover-20220922,001,1795
1647.2375,1647.2783,68437,83141,Rhinolophus ferrumequinum,0.032,0.032,-1,Echolocation,/mnt/ubna_data_02_mir/recover-20220922/UBNA_001/20220921_090000.WAV,Telephone Field,recover-20220922,001,1795
1647.2375,1647.2457,29765,45066,Myotis daubentonii,0.008,0.022,-1,Echolocation,/mnt/ubna_data_02_mir/recover-20220922/UBNA_001/20220921_090000.WAV,Telephone Field,recover-20220922,001,1795
1647.2455,1647.2858,68437,82456,Rhinolophus ferrumequinum,0.024,0.024,-1,Echolocation,/mnt/ubna_data_02_mir/recover-20220922/UBNA_001/20220921_090000.WAV,Telephone Field,recover-20220922,001,1795
1647.2665,1647.3076,68437,82910,Rhinolophus ferrumequinum,0.031,0.031,-1,Echolocation,/mnt/ubna_data_02_mir/recover-20220922/UBNA_001/20220921_090000.WAV,Telephone Field,recover-20220922,001,1795
1647.3115,1647.3504,68437,82674,Rhinolophus ferrumequinum,0.025,0.025,-1,Echolocation,/mnt/ubna_data_02_mir/recover-20220922/UBNA_001/20220921_090000.WAV,Telephone Field,recover-20220922,001,1795
1647.3315,1647.3663999999999,68437,81415,Rhinolophus ferrumequinum,0.024,0.024,-1,Echolocation,/mnt/ubna_data_02_mir/recover-20220922/UBNA_001/20220921_090000.WAV,Telephone Field,recover-20220922,001,1795
1647.3375,1647.3755,68437,81763,Rhinolophus ferrumequinum,0.022,0.022,-1,Echolocation,/mnt/ubna_data_02_mir/recover-20220922/UBNA_001/20220921_090000.WAV,Telephone Field,recover-20220922,001,1795
1647.3695,1647.4096,68437,83166,Rhinolophus ferrumequinum,0.027,0.027,-1,Echolocation,/mnt/ubna_data_02_mir/recover-20220922/UBNA_001/20220921_090000.WAV,Telephone Field,recover-20220922,001,1795
1647.3885,1647.3972,28046,37130,Eptesicus serotinus,0.008,0.022,-1,Echolocation,/mnt/ubna_data_02_mir/recover-20220922/UBNA_001/20220921_090000.WAV,Telephone Field,recover-20220922,001,1795
1647.4035,1647.4404,68437,81061,Rhinolophus ferrumequinum,0.025,0.025,-1,Echolocation,/mnt/ubna_data_02_mir/recover-20220922/UBNA_001/20220921_090000.WAV,Telephone Field,recover-20220922,001,1795
1647.4235,1647.431,28906,36972,Eptesicus serotinus,0.006,0.022,-1,Echolocation,/mnt/ubna_data_02_mir/recover-20220922/UBNA_001/20220921_090000.WAV,Telephone Field,recover-20220922,001,1795
1647.4295,1647.4682,68437,82132,Rhinolophus ferrumequinum,0.032,0.032,-1,Echolocation,/mnt/ubna_data_02_mir/recover-20220922/UBNA_001/20220921_090000.WAV,Telephone Field,recover-20220922,001,1795
1647.4655,1647.5073,68437,82538,Rhinolophus ferrumequinum,0.034,0.034,-1,Echolocation,/mnt/ubna_data_02_mir/recover-20220922/UBNA_001/20220921_090000.WAV,Telephone Field,recover-20220922,001,1795
1647.4845,1647.5242,68437,82256,Rhinolophus ferrumequinum,0.029,0.029,-1,Echolocation,/mnt/ubna_data_02_mir/recover-20220922/UBNA_001/20220921_090000.WAV,Telephone Field,recover-20220922,001,1795
1647.4875,1647.4967,25468,33889,Eptesicus serotinus,0.007,0.022,-1,Echolocation,/mnt/ubna_data_02_mir/recover-20220922/UBNA_001/20220921_090000.WAV,Telephone Field,recover-20220922,001,1795
1647.4945,1647.5046,28046,36323,Eptesicus serotinus,0.011,0.025,-1,Echolocation,/mnt/ubna_data_02_mir/recover-20220922/UBNA_001/20220921_090000.WAV,Telephone Field,recover-20220922,001,1795
1647.5415,1647.5788,68437,81467,Rhinolophus ferrumequinum,0.024,0.024,-1,Echolocation,/mnt/ubna_data_02_mir/recover-20220922/UBNA_001/20220921_090000.WAV,Telephone Field,recover-20220922,001,1795
1647.5475,1647.5587,24609,30709,Nyctalus leisleri,0.009,0.023,-1,Echolocation,/mnt/ubna_data_02_mir/recover-20220922/UBNA_001/20220921_090000.WAV,Telephone Field,recover-20220922,001,1795
1647.5725,1647.608,68437,81227,Rhinolophus ferrumequinum,0.022,0.022,-1,Echolocation,/mnt/ubna_data_02_mir/recover-20220922/UBNA_001/20220921_090000.WAV,Telephone Field,recover-20220922,001,1795
1647.6015,1647.6415,68437,82156,Rhinolophus ferrumequinum,0.021,0.021,-1,Echolocation,/mnt/ubna_data_02_mir/recover-20220922/UBNA_001/20220921_090000.WAV,Telephone Field,recover-20220922,001,1795
1647.6675,1647.7075,68437,82214,Rhinolophus ferrumequinum,0.021,0.021,-1,Echolocation,/mnt/ubna_data_02_mir/recover-20220922/UBNA_001/20220921_090000.WAV,Telephone Field,recover-20220922,001,1795
1647.7095,1647.7466,68437,81787,Rhinolophus ferrumequinum,0.023,0.023,-1,Echolocation,/mnt/ubna_data_02_mir/recover-20220922/UBNA_001/20220921_090000.WAV,Telephone Field,recover-20220922,001,1795
1647.7285,1647.7702,68437,83012,Rhinolophus ferrumequinum,0.024,0.024,-1,Echolocation,/mnt/ubna_data_02_mir/recover-20220922/UBNA_001/20220921_090000.WAV,Telephone Field,recover-20220922,001,1795
1647.7575,1647.7668,46093,49189,Pipistrellus pipistrellus,0.039,0.041,-1,Echolocation,/mnt/ubna_data_02_mir/recover-20220922/UBNA_001/20220921_090000.WAV,Telephone Field,recover-20220922,001,1795
1647.7735,1647.7934,18593,21790,Nyctalus noctula,0.015,0.029,-1,Echolocation,/mnt/ubna_data_02_mir/recover-20220922/UBNA_001/20220921_090000.WAV,Telephone Field,recover-20220922,001,1795
1647.7935,1647.8379,68437,82506,Rhinolophus ferrumequinum,0.032,0.032,-1,Echolocation,/mnt/ubna_data_02_mir/recover-20220922/UBNA_001/20220921_090000.WAV,Telephone Field,recover-20220922,001,1795
1647.8215,1647.8632,68437,83035,Rhinolophus ferrumequinum,0.029,0.029,-1,Echolocation,/mnt/ubna_data_02_mir/recover-20220922/UBNA_001/20220921_090000.WAV,Telephone Field,recover-20220922,001,1795
1647.8265,1647.8357,24609,32518,Nyctalus leisleri,0.006,0.022,-1,Echolocation,/mnt/ubna_data_02_mir/recover-20220922/UBNA_001/20220921_090000.WAV,Telephone Field,recover-20220922,001,1795
1647.8405,1647.8604,18593,20998,Nyctalus leisleri,0.012,0.023,-1,Echolocation,/mnt/ubna_data_02_mir/recover-20220922/UBNA_001/20220921_090000.WAV,Telephone Field,recover-20220922,001,1795
1647.8495,1647.8907,68437,82856,Rhinolophus ferrumequinum,0.023,0.023,-1,Echolocation,/mnt/ubna_data_02_mir/recover-20220922/UBNA_001/20220921_090000.WAV,Telephone Field,recover-20220922,001,1795
1647.8615,1647.9013,68437,81975,Rhinolophus ferrumequinum,0.021,0.021,-1,Echolocation,/mnt/ubna_data_02_mir/recover-20220922/UBNA_001/20220921_090000.WAV,Telephone Field,recover-20220922,001,1795
1647.8925,1647.8993,27187,43363,Eptesicus serotinus,0.006,0.022,-1,Echolocation,/mnt/ubna_data_02_mir/recover-20220922/UBNA_001/20220921_090000.WAV,Telephone Field,recover-20220922,001,1795
1647.9045,1647.9172,27187,32298,Eptesicus serotinus,0.021,0.04,-1,Echolocation,/mnt/ubna_data_02_mir/recover-20220922/UBNA_001/20220921_090000.WAV,Telephone Field,recover-20220922,001,1795
1647.9095,1647.9477,68437,82159,Rhinolophus ferrumequinum,0.023,0.023,-1,Echolocation,/mnt/ubna_data_02_mir/recover-20220922/UBNA_001/20220921_090000.WAV,Telephone Field,recover-20220922,001,1795
1647.9295,1647.9684,68437,82442,Rhinolophus ferrumequinum,0.023,0.023,-1,Echolocation,/mnt/ubna_data_02_mir/recover-20220922/UBNA_001/20220921_090000.WAV,Telephone Field,recover-20220922,001,1795
1647.9365,1647.9437,47812,51697,Pipistrellus pipistrellus,0.02,0.022,-1,Echolocation,/mnt/ubna_data_02_mir/recover-20220922/UBNA_001/20220921_090000.WAV,Telephone Field,recover-20220922,001,1795
1648.0015,1648.01,26328,36590,Eptesicus serotinus,0.006,0.024,-1,Echolocation,/mnt/ubna_data_02_mir/recover-20220922/UBNA_001/20220921_090000.WAV,Telephone Field,recover-20220922,001,1795
1648.0015,1648.0109,46953,53271,Pipistrellus pipistrellus,0.016,0.022,-1,Echolocation,/mnt/ubna_data_02_mir/recover-20220922/UBNA_001/20220921_090000.WAV,Telephone Field,recover-20220922,001,1795
1648.0015,1648.0348,68437,80174,Rhinolophus ferrumequinum,0.046,0.047,-1,Echolocation,/mnt/ubna_data_02_mir/recover-20220922/UBNA_001/20220921_090000.WAV,Telephone Field,recover-20220922,001,1795
1648.0135,1648.0567,68437,83278,Rhinolophus ferrumequinum,0.026,0.026,-1,Echolocation,/mnt/ubna_data_02_mir/recover-20220922/UBNA_001/20220921_090000.WAV,Telephone Field,recover-20220922,001,1795
1648.0535,1648.0932,68437,82839,Rhinolophus ferrumequinum,0.034,0.034,-1,Echolocation,/mnt/ubna_data_02_mir/recover-20220922/UBNA_001/20220921_090000.WAV,Telephone Field,recover-20220922,001,1795
1648.1055,1648.1189,28906,34383,Eptesicus serotinus,0.052,0.093,-1,Echolocation,/mnt/ubna_data_02_mir/recover-20220922/UBNA_001/20220921_090000.WAV,Telephone Field,recover-20220922,001,1795
1648.1065,1648.1471,68437,82407,Rhinolophus ferrumequinum,0.024,0.024,-1,Echolocation,/mnt/ubna_data_02_mir/recover-20220922/UBNA_001/20220921_090000.WAV,Telephone Field,recover-20220922,001,1795
1648.1365,1648.1743,68437,81781,Rhinolophus ferrumequinum,0.027,0.027,-1,Echolocation,/mnt/ubna_data_02_mir/recover-20220922/UBNA_001/20220921_090000.WAV,Telephone Field,recover-20220922,001,1795
1648.1395,1648.1477,28046,35715,Eptesicus serotinus,0.012,0.035,-1,Echolocation,/mnt/ubna_data_02_mir/recover-20220922/UBNA_001/20220921_090000.WAV,Telephone Field,recover-20220922,001,1795
1648.1455,1648.1806,68437,81769,Rhinolophus ferrumequinum,0.023,0.024,-1,Echolocation,/mnt/ubna_data_02_mir/recover-20220922/UBNA_001/20220921_090000.WAV,Telephone Field,recover-20220922,001,1795
1648.1675,1648.2092,68437,83275,Rhinolophus ferrumequinum,0.029,0.029,-1,Echolocation,/mnt/ubna_data_02_mir/recover-20220922/UBNA_001/20220921_090000.WAV,Telephone Field,recover-20220922,001,1795
1648.1705,1648.1811,25468,32420,Eptesicus serotinus,0.008,0.023,-1,Echolocation,/mnt/ubna_data_02_mir/recover-20220922/UBNA_001/20220921_090000.WAV,Telephone Field,recover-20220922,001,1795
1648.1835,1648.2252,68437,83263,Rhinolophus ferrumequinum,0.032,0.032,-1,Echolocation,/mnt/ubna_data_02_mir/recover-20220922/UBNA_001/20220921_090000.WAV,Telephone Field,recover-20220922,001,1795
1648.2215,1648.2595,68437,82324,Rhinolophus ferrumequinum,0.034,0.034,-1,Echolocation,/mnt/ubna_data_02_mir/recover-20220922/UBNA_001/20220921_090000.WAV,Telephone Field,recover-20220922,001,1795
1648.2375,1648.2793,68437,82983,Rhinolophus ferrumequinum,0.028,0.028,-1,Echolocation,/mnt/ubna_data_02_mir/recover-20220922/UBNA_001/20220921_090000.WAV,Telephone Field,recover-20220922,001,1795
1648.2625,1648.2695,40937,51831,Myotis mystacinus,0.005,0.022,-1,Echolocation,/mnt/ubna_data_02_mir/recover-20220922/UBNA_001/20220921_090000.WAV,Telephone Field,recover-20220922,001,1795
1648.2805,1648.3218,68437,82510,Rhinolophus ferrumequinum,0.022,0.022,-1,Echolocation,/mnt/ubna_data_02_mir/recover-20220922/UBNA_001/20220921_090000.WAV,Telephone Field,recover-20220922,001,1795
1648.3055,1648.343,68437,82160,Rhinolophus ferrumequinum,0.026,0.026,-1,Echolocation,/mnt/ubna_data_02_mir/recover-20220922/UBNA_001/20220921_090000.WAV,Telephone Field,recover-20220922,001,1795
1648.3225,1648.3634,68437,82290,Rhinolophus ferrumequinum,0.026,0.026,-1,Echolocation,/mnt/ubna_data_02_mir/recover-20220922/UBNA_001/20220921_090000.WAV,Telephone Field,recover-20220922,001,1795
1648.3495,1648.3574,28046,38689,Eptesicus serotinus,0.008,0.023,-1,Echolocation,/mnt/ubna_data_02_mir/recover-20220922/UBNA_001/20220921_090000.WAV,Telephone Field,recover-20220922,001,1795
1648.3545,1648.3908,68437,81236,Rhinolophus ferrumequinum,0.023,0.023,-1,Echolocation,/mnt/ubna_data_02_mir/recover-20220922/UBNA_001/20220921_090000.WAV,Telephone Field,recover-20220922,001,1795
1648.3645,1648.405,68437,82522,Rhinolophus ferrumequinum,0.025,0.025,-1,Echolocation,/mnt/ubna_data_02_mir/recover-20220922/UBNA_001/20220921_090000.WAV,Telephone Field,recover-20220922,001,1795
1648.4075,1648.4479,68437,82385,Rhinolophus ferrumequinum,0.023,0.023,-1,Echolocation,/mnt/ubna_data_02_mir/recover-20220922/UBNA_001/20220921_090000.WAV,Telephone Field,recover-20220922,001,1795
1648.4315,1648.4721,68437,81826,Rhinolophus ferrumequinum,0.024,0.024,-1,Echolocation,/mnt/ubna_data_02_mir/recover-20220922/UBNA_001/20220921_090000.WAV,Telephone Field,recover-20220922,001,1795
1648.4395,1648.451,28906,36595,Eptesicus serotinus,0.011,0.023,-1,Echolocation,/mnt/ubna_data_02_mir/recover-20220922/UBNA_001/20220921_090000.WAV,Telephone Field,recover-20220922,001,1795
1648.4405,1648.4856,68437,83364,Rhinolophus ferrumequinum,0.034,0.034,-1,Echolocation,/mnt/ubna_data_02_mir/recover-20220922/UBNA_001/20220921_090000.WAV,Telephone Field,recover-20220922,001,1795
1648.4945,1648.5025,24609,32852,Plecotus austriacus,0.006,0.023,-1,Echolocation,/mnt/ubna_data_02_mir/recover-20220922/UBNA_001/20220921_090000.WAV,Telephone Field,recover-20220922,001,1795
1648.5395,1648.5791,68437,82249,Rhinolophus ferrumequinum,0.024,0.024,-1,Echolocation,/mnt/ubna_data_02_mir/recover-20220922/UBNA_001/20220921_090000.WAV,Telephone Field,recover-20220922,001,1795
1648.6145,1648.6563,68437,82479,Rhinolophus ferrumequinum,0.027,0.027,-1,Echolocation,/mnt/ubna_data_02_mir/recover-20220922/UBNA_001/20220921_090000.WAV,Telephone Field,recover-20220922,001,1795
1648.6175,1648.6286,23750,30653,Nyctalus leisleri,0.009,0.023,-1,Echolocation,/mnt/ubna_data_02_mir/recover-20220922/UBNA_001/20220921_090000.WAV,Telephone Field,recover-20220922,001,1795
1648.6365,1648.6742,68437,82281,Rhinolophus ferrumequinum,0.022,0.022,-1,Echolocation,/mnt/ubna_data_02_mir/recover-20220922/UBNA_001/20220921_090000.WAV,Telephone Field,recover-20220922,001,1795
1648.6775,1648.6879,22890,28027,Nyctalus leisleri,0.014,0.026,-1,Echolocation,/mnt/ubna_data_02_mir/recover-20220922/UBNA_001/20220921_090000.WAV,Telephone Field,recover-20220922,001,1795
1648.6805,1648.693,59843,65607,Pipistrellus pygmaeus,0.029,0.03,-1,Echolocation,/mnt/ubna_data_02_mir/recover-20220922/UBNA_001/20220921_090000.WAV,Telephone Field,recover-20220922,001,1795
1648.7025,1648.7412,68437,81871,Rhinolophus ferrumequinum,0.022,0.022,-1,Echolocation,/mnt/ubna_data_02_mir/recover-20220922/UBNA_001/20220921_090000.WAV,Telephone Field,recover-20220922,001,1795
1648.7545,1648.7659,22031,26694,Nyctalus leisleri,0.014,0.027,-1,Echolocation,/mnt/ubna_data_02_mir/recover-20220922/UBNA_001/20220921_090000.WAV,Telephone Field,recover-20220922,001,1795
1648.7545,1648.7945,68437,82984,Rhinolophus ferrumequinum,0.023,0.023,-1,Echolocation,/mnt/ubna_data_02_mir/recover-20220922/UBNA_001/20220921_090000.WAV,Telephone Field,recover-20220922,001,1795
1648.7845,1648.7948,23750,31203,Nyctalus leisleri,0.008,0.024,-1,Echolocation,/mnt/ubna_data_02_mir/recover-20220922/UBNA_001/20220921_090000.WAV,Telephone Field,recover-20220922,001,1795
1648.8115,1648.8506,68437,82234,Rhinolophus ferrumequinum,0.022,0.022,-1,Echolocation,/mnt/ubna_data_02_mir/recover-20220922/UBNA_001/20220921_090000.WAV,Telephone Field,recover-20220922,001,1795
1648.8235,1648.8357,40937,44436,Pipistrellus nathusii,0.015,0.028,-1,Echolocation,/mnt/ubna_data_02_mir/recover-20220922/UBNA_001/20220921_090000.WAV,Telephone Field,recover-20220922,001,1795
1648.8345,1648.8745,68437,82143,Rhinolophus ferrumequinum,0.023,0.023,-1,Echolocation,/mnt/ubna_data_02_mir/recover-20220922/UBNA_001/20220921_090000.WAV,Telephone Field,recover-20220922,001,1795
1648.8685,1648.907,68437,82022,Rhinolophus ferrumequinum,0.023,0.024,-1,Echolocation,/mnt/ubna_data_02_mir/recover-20220922/UBNA_001/20220921_090000.WAV,Telephone Field,recover-20220922,001,1795
1648.9065,1648.9464,68437,82438,Rhinolophus ferrumequinum,0.024,0.024,-1,Echolocation,/mnt/ubna_data_02_mir/recover-20220922/UBNA_001/20220921_090000.WAV,Telephone Field,recover-20220922,001,1795
1648.9195,1648.9598,68437,82354,Rhinolophus ferrumequinum,0.022,0.022,-1,Echolocation,/mnt/ubna_data_02_mir/recover-20220922/UBNA_001/20220921_090000.WAV,Telephone Field,recover-20220922,001,1795
1648.9275,1648.9683,68437,82839,Rhinolophus ferrumequinum,0.023,0.023,-1,Echolocation,/mnt/ubna_data_02_mir/recover-20220922/UBNA_001/20220921_090000.WAV,Telephone Field,recover-20220922,001,1795
1648.9755,1649.0166,68437,82391,Rhinolophus ferrumequinum,0.024,0.024,-1,Echolocation,/mnt/ubna_data_02_mir/recover-20220922/UBNA_001/20220921_090000.WAV,Telephone Field,recover-20220922,001,1795
1649.0135,1649.0208,27187,42899,Eptesicus serotinus,0.006,0.022,-1,Echolocation,/mnt/ubna_data_02_mir/recover-20220922/UBNA_001/20220921_090000.WAV,Telephone Field,recover-20220922,001,1795
1649.0225,1649.036,22890,27684,Nyctalus leisleri,0.014,0.026,-1,Echolocation,/mnt/ubna_data_02_mir/recover-20220922/UBNA_001/20220921_090000.WAV,Telephone Field,recover-20220922,001,1795
1649.0225,1649.063,68437,82975,Rhinolophus ferrumequinum,0.035,0.035,-1,Echolocation,/mnt/ubna_data_02_mir/recover-20220922/UBNA_001/20220921_090000.WAV,Telephone Field,recover-20220922,001,1795
1649.0895,1649.1318,68437,82995,Rhinolophus ferrumequinum,0.054,0.054,-1,Echolocation,/mnt/ubna_data_02_mir/recover-20220922/UBNA_001/20220921_090000.WAV,Telephone Field,recover-20220922,001,1795
1649.1135,1649.1529,68437,82049,Rhinolophus ferrumequinum,0.022,0.022,-1,Echolocation,/mnt/ubna_data_02_mir/recover-20220922/UBNA_001/20220921_090000.WAV,Telephone Field,recover-20220922,001,1795
1649.1245,1649.1663,68437,83159,Rhinolophus ferrumequinum,0.023,0.023,-1,Echolocation,/mnt/ubna_data_02_mir/recover-20220922/UBNA_001/20220921_090000.WAV,Telephone Field,recover-20220922,001,1795
1649.1245,1649.1365,28046,34830,Eptesicus serotinus,0.015,0.028,-1,Echolocation,/mnt/ubna_data_02_mir/recover-20220922/UBNA_001/20220921_090000.WAV,Telephone Field,recover-20220922,001,1795
1649.1545,1649.1939,68437,81921,Rhinolophus ferrumequinum,0.022,0.022,-1,Echolocation,/mnt/ubna_data_02_mir/recover-20220922/UBNA_001/20220921_090000.WAV,Telephone Field,recover-20220922,001,1795
1649.1725,1649.2136,68437,82730,Rhinolophus ferrumequinum,0.038,0.038,-1,Echolocation,/mnt/ubna_data_02_mir/recover-20220922/UBNA_001/20220921_090000.WAV,Telephone Field,recover-20220922,001,1795
1649.1915,1649.2025,26328,32701,Eptesicus serotinus,0.009,0.022,-1,Echolocation,/mnt/ubna_data_02_mir/recover-20220922/UBNA_001/20220921_090000.WAV,Telephone Field,recover-20220922,001,1795
1649.2145,1649.2223,27187,37535,Eptesicus serotinus,0.007,0.023,-1,Echolocation,/mnt/ubna_data_02_mir/recover-20220922/UBNA_001/20220921_090000.WAV,Telephone Field,recover-20220922,001,1795
1649.2175,1649.2587,68437,82997,Rhinolophus ferrumequinum,0.029,0.029,-1,Echolocation,/mnt/ubna_data_02_mir/recover-20220922/UBNA_001/20220921_090000.WAV,Telephone Field,recover-20220922,001,1795
1649.2615,1649.3021,68437,82337,Rhinolophus ferrumequinum,0.029,0.029,-1,Echolocation,/mnt/ubna_data_02_mir/recover-20220922/UBNA_001/20220921_090000.WAV,Telephone Field,recover-20220922,001,1795
1649.2755,1649.2841,28906,38137,Eptesicus serotinus,0.007,0.022,-1,Echolocation,/mnt/ubna_data_02_mir/recover-20220922/UBNA_001/20220921_090000.WAV,Telephone Field,recover-20220922,001,1795
1649.3135,1649.3274,57265,62862,Pipistrellus pygmaeus,0.025,0.026,-1,Echolocation,/mnt/ubna_data_02_mir/recover-20220922/UBNA_001/20220921_090000.WAV,Telephone Field,recover-20220922,001,1795
1649.3205,1649.3277,23750,32850,Plecotus austriacus,0.019,0.035,-1,Echolocation,/mnt/ubna_data_02_mir/recover-20220922/UBNA_001/20220921_090000.WAV,Telephone Field,recover-20220922,001,1795
1649.3735,1649.4117,68437,82597,Rhinolophus ferrumequinum,0.023,0.023,-1,Echolocation,/mnt/ubna_data_02_mir/recover-20220922/UBNA_001/20220921_090000.WAV,Telephone Field,recover-20220922,001,1795
1649.3805,1649.3884,28046,37546,Eptesicus serotinus,0.007,0.022,-1,Echolocation,/mnt/ubna_data_02_mir/recover-20220922/UBNA_001/20220921_090000.WAV,Telephone Field,recover-20220922,001,1795
1649.3955,1649.4339,68437,82867,Rhinolophus ferrumequinum,0.027,0.027,-1,Echolocation,/mnt/ubna_data_02_mir/recover-20220922/UBNA_001/20220921_090000.WAV,Telephone Field,recover-20220922,001,1795
1649.4375,1649.4754,68437,81926,Rhinolophus ferrumequinum,0.029,0.029,-1,Echolocation,/mnt/ubna_data_02_mir/recover-20220922/UBNA_001/20220921_090000.WAV,Telephone Field,recover-20220922,001,1795
1649.4485,1649.4671,19453,22304,Nyctalus leisleri,0.015,0.029,-1,Echolocation,/mnt/ubna_data_02_mir/recover-20220922/UBNA_001/20220921_090000.WAV,Telephone Field,recover-20220922,001,1795
1649.4625,1649.4685,30625,56065,Myotis daubentonii,0.012,0.023,-1,Echolocation,/mnt/ubna_data_02_mir/recover-20220922/UBNA_001/20220921_090000.WAV,Telephone Field,recover-20220922,001,1795
1649.4695,1649.4763,48671,56805,Pipistrellus pipistrellus,0.025,0.038,-1,Echolocation,/mnt/ubna_data_02_mir/recover-20220922/UBNA_001/20220921_090000.WAV,Telephone Field,recover-20220922,001,1795
1649.4845,1649.5251,68437,82528,Rhinolophus ferrumequinum,0.044,0.044,-1,Echolocation,/mnt/ubna_data_02_mir/recover-20220922/UBNA_001/20220921_090000.WAV,Telephone Field,recover-20220922,001,1795
1649.5185,1649.5276,28046,39445,Eptesicus serotinus,0.008,0.023,-1,Echolocation,/mnt/ubna_data_02_mir/recover-20220922/UBNA_001/20220921_090000.WAV,Telephone Field,recover-20220922,001,1795
1649.5735,1649.6175,68437,83593,Rhinolophus ferrumequinum,0.035,0.035,-1,Echolocation,/mnt/ubna_data_02_mir/recover-20220922/UBNA_001/20220921_090000.WAV,Telephone Field,recover-20220922,001,1795
1649.5765,1649.5852,25468,33502,Eptesicus serotinus,0.008,0.022,-1,Echolocation,/mnt/ubna_data_02_mir/recover-20220922/UBNA_001/20220921_090000.WAV,Telephone Field,recover-20220922,001,1795
1649.5885,1649.6249,68437,82171,Rhinolophus ferrumequinum,0.023,0.023,-1,Echolocation,/mnt/ubna_data_02_mir/recover-20220922/UBNA_001/20220921_090000.WAV,Telephone Field,recover-20220922,001,1795
1649.6265,1649.6702,68437,83744,Rhinolophus ferrumequinum,0.042,0.042,-1,Echolocation,/mnt/ubna_data_02_mir/recover-20220922/UBNA_001/20220921_090000.WAV,Telephone Field,recover-20220922,001,1795
1649.6435,1649.6869,68437,83660,Rhinolophus ferrumequinum,0.033,0.033,-1,Echolocation,/mnt/ubna_data_02_mir/recover-20220922/UBNA_001/20220921_090000.WAV,Telephone Field,recover-20220922,001,1795
1649.6715,1649.7127,68437,82459,Rhinolophus ferrumequinum,0.027,0.027,-1,Echolocation,/mnt/ubna_data_02_mir/recover-20220922/UBNA_001/20220921_090000.WAV,Telephone Field,recover-20220922,001,1795
1649.6915,1649.7328,68437,82780,Rhinolophus ferrumequinum,0.032,0.032,-1,Echolocation,/mnt/ubna_data_02_mir/recover-20220922/UBNA_001/20220921_090000.WAV,Telephone Field,recover-20220922,001,1795
1649.7065,1649.7443,68437,81925,Rhinolophus ferrumequinum,0.024,0.024,-1,Echolocation,/mnt/ubna_data_02_mir/recover-20220922/UBNA_001/20220921_090000.WAV,Telephone Field,recover-20220922,001,1795
1649.7255,1649.7358,24609,32508,Eptesicus serotinus,0.011,0.029,-1,Echolocation,/mnt/ubna_data_02_mir/recover-20220922/UBNA_001/20220921_090000.WAV,Telephone Field,recover-20220922,001,1795
1649.7485,1649.7564,23750,31728,Plecotus austriacus,0.008,0.022,-1,Echolocation,/mnt/ubna_data_02_mir/recover-20220922/UBNA_001/20220921_090000.WAV,Telephone Field,recover-20220922,001,1795
1649.7685,1649.7781,24609,30869,Nyctalus leisleri,0.008,0.023,-1,Echolocation,/mnt/ubna_data_02_mir/recover-20220922/UBNA_001/20220921_090000.WAV,Telephone Field,recover-20220922,001,1795
1649.7695,1649.777,50390,55858,Pipistrellus pipistrellus,0.025,0.029,-1,Echolocation,/mnt/ubna_data_02_mir/recover-20220922/UBNA_001/20220921_090000.WAV,Telephone Field,recover-20220922,001,1795
1649.7965,1649.8078,22890,28308,Nyctalus leisleri,0.012,0.026,-1,Echolocation,/mnt/ubna_data_02_mir/recover-20220922/UBNA_001/20220921_090000.WAV,Telephone Field,recover-20220922,001,1795
1649.8155,1649.8549,68437,82042,Rhinolophus ferrumequinum,0.03,0.03,-1,Echolocation,/mnt/ubna_data_02_mir/recover-20220922/UBNA_001/20220921_090000.WAV,Telephone Field,recover-20220922,001,1795
1649.8325,1649.8395,26328,37025,Eptesicus serotinus,0.009,0.034,-1,Echolocation,/mnt/ubna_data_02_mir/recover-20220922/UBNA_001/20220921_090000.WAV,Telephone Field,recover-20220922,001,1795
1649.8565,1649.8656,25468,34025,Eptesicus serotinus,0.01,0.024,-1,Echolocation,/mnt/ubna_data_02_mir/recover-20220922/UBNA_001/20220921_090000.WAV,Telephone Field,recover-20220922,001,1795
1649.9225,1649.9612,68437,81890,Rhinolophus ferrumequinum,0.023,0.023,-1,Echolocation,/mnt/ubna_data_02_mir/recover-20220922/UBNA_001/20220921_090000.WAV,Telephone Field,recover-20220922,001,1795
1649.9515,1649.9581,26328,40550,Eptesicus serotinus,0.007,0.03,-1,Echolocation,/mnt/ubna_data_02_mir/recover-20220922/UBNA_001/20220921_090000.WAV,Telephone Field,recover-20220922,001,1795
1649.9715,1649.9789,28046,38522,Eptesicus serotinus,0.008,0.024,-1,Echolocation,/mnt/ubna_data_02_mir/recover-20220922/UBNA_001/20220921_090000.WAV,Telephone Field,recover-20220922,001,1795
1649.9865,1649.9958,29765,43844,Eptesicus serotinus,0.007,0.022,-1,Echolocation,/mnt/ubna_data_02_mir/recover-20220922/UBNA_001/20220921_090000.WAV,Telephone Field,recover-20220922,001,1795
1650.0015,1650.0375,68437,80292,Rhinolophus ferrumequinum,0.031,0.031,-1,Echolocation,/mnt/ubna_data_02_mir/recover-20220922/UBNA_001/20220921_090000.WAV,Telephone Field,recover-20220922,001,1795
1650.0015,1650.0109,25468,32032,Nyctalus leisleri,0.015,0.034,-1,Echolocation,/mnt/ubna_data_02_mir/recover-20220922/UBNA_001/20220921_090000.WAV,Telephone Field,recover-20220922,001,1795
1650.0095,1650.0548,68437,82713,Rhinolophus ferrumequinum,0.044,0.044,-1,Echolocation,/mnt/ubna_data_02_mir/recover-20220922/UBNA_001/20220921_090000.WAV,Telephone Field,recover-20220922,001,1795
1650.0175,1650.03,22890,26437,Nyctalus leisleri,0.013,0.022,-1,Echolocation,/mnt/ubna_data_02_mir/recover-20220922/UBNA_001/20220921_090000.WAV,Telephone Field,recover-20220922,001,1795
1650.0405,1650.0509,27187,35743,Eptesicus serotinus,0.012,0.025,-1,Echolocation,/mnt/ubna_data_02_mir/recover-20220922/UBNA_001/20220921_090000.WAV,Telephone Field,recover-20220922,001,1795
1650.0525,1650.0914,68437,82059,Rhinolophus ferrumequinum,0.024,0.025,-1,Echolocation,/mnt/ubna_data_02_mir/recover-20220922/UBNA_001/20220921_090000.WAV,Telephone Field,recover-20220922,001,1795
1650.0595,1650.0677,32343,42379,Myotis daubentonii,0.006,0.022,-1,Echolocation,/mnt/ubna_data_02_mir/recover-20220922/UBNA_001/20220921_090000.WAV,Telephone Field,recover-20220922,001,1795
1650.0645,1650.0728,25468,34397,Eptesicus serotinus,0.007,0.025,-1,Echolocation,/mnt/ubna_data_02_mir/recover-20220922/UBNA_001/20220921_090000.WAV,Telephone Field,recover-20220922,001,1795
1650.0675,1650.1059,68437,81888,Rhinolophus ferrumequinum,0.023,0.023,-1,Echolocation,/mnt/ubna_data_02_mir/recover-20220922/UBNA_001/20220921_090000.WAV,Telephone Field,recover-20220922,001,1795
1650.0835,1650.1241,68437,82375,Rhinolophus ferrumequinum,0.029,0.029,-1,Echolocation,/mnt/ubna_data_02_mir/recover-20220922/UBNA_001/20220921_090000.WAV,Telephone Field,recover-20220922,001,1795
1650.1335,1650.1731,68437,82686,Rhinolophus ferrumequinum,0.032,0.032,-1,Echolocation,/mnt/ubna_data_02_mir/recover-20220922/UBNA_001/20220921_090000.WAV,Telephone Field,recover-20220922,001,1795
1650.1585,1650.1687,54687,58435,Pipistrellus pygmaeus,0.025,0.026,-1,Echolocation,/mnt/ubna_data_02_mir/recover-20220922/UBNA_001/20220921_090000.WAV,Telephone Field,recover-20220922,001,1795
1650.1815,1650.2177,68437,81627,Rhinolophus ferrumequinum,0.021,0.021,-1,Echolocation,/mnt/ubna_data_02_mir/recover-20220922/UBNA_001/20220921_090000.WAV,Telephone Field,recover-20220922,001,1795
1650.1835,1650.1939,22890,28529,Nyctalus leisleri,0.011,0.025,-1,Echolocation,/mnt/ubna_data_02_mir/recover-20220922/UBNA_001/20220921_090000.WAV,Telephone Field,recover-20220922,001,1795
1650.2025,1650.2432,68437,82785,Rhinolophus ferrumequinum,0.034,0.034,-1,Echolocation,/mnt/ubna_data_02_mir/recover-20220922/UBNA_001/20220921_090000.WAV,Telephone Field,recover-20220922,001,1795
1650.2275,1650.2633,68437,81492,Rhinolophus ferrumequinum,0.022,0.022,-1,Echolocation,/mnt/ubna_data_02_mir/recover-20220922/UBNA_001/20220921_090000.WAV,Telephone Field,recover-20220922,001,1795
1650.2365,1650.2755,68437,82042,Rhinolophus ferrumequinum,0.023,0.023,-1,Echolocation,/mnt/ubna_data_02_mir/recover-20220922/UBNA_001/20220921_090000.WAV,Telephone Field,recover-20220922,001,1795
1650.2545,1650.2902,68437,81042,Rhinolophus ferrumequinum,0.027,0.027,-1,Echolocation,/mnt/ubna_data_02_mir/recover-20220922/UBNA_001/20220921_090000.WAV,Telephone Field,recover-20220922,001,1795
1650.2595,1650.267,27187,37169,Eptesicus serotinus,0.01,0.028,-1,Echolocation,/mnt/ubna_data_02_mir/recover-20220922/UBNA_001/20220921_090000.WAV,Telephone Field,recover-20220922,001,1795
1650.2645,1650.3029,68437,82179,Rhinolophus ferrumequinum,0.025,0.025,-1,Echolocation,/mnt/ubna_data_02_mir/recover-20220922/UBNA_001/20220921_090000.WAV,Telephone Field,recover-20220922,001,1795
1650.2845,1650.2952,23750,29223,Nyctalus leisleri,0.01,0.023,-1,Echolocation,/mnt/ubna_data_02_mir/recover-20220922/UBNA_001/20220921_090000.WAV,Telephone Field,recover-20220922,001,1795
1650.2875,1650.3297,68437,83254,Rhinolophus ferrumequinum,0.026,0.026,-1,Echolocation,/mnt/ubna_data_02_mir/recover-20220922/UBNA_001/20220921_090000.WAV,Telephone Field,recover-20220922,001,1795
1650.3005,1650.34,68437,82441,Rhinolophus ferrumequinum,0.041,0.041,-1,Echolocation,/mnt/ubna_data_02_mir/recover-20220922/UBNA_001/20220921_090000.WAV,Telephone Field,recover-20220922,001,1795
1650.3195,1650.3568,68437,81868,Rhinolophus ferrumequinum,0.022,0.022,-1,Echolocation,/mnt/ubna_data_02_mir/recover-20220922/UBNA_001/20220921_090000.WAV,Telephone Field,recover-20220922,001,1795
1650.3605,1650.3687,23750,31687,Plecotus austriacus,0.01,0.024,-1,Echolocation,/mnt/ubna_data_02_mir/recover-20220922/UBNA_001/20220921_090000.WAV,Telephone Field,recover-20220922,001,1795
1650.3775,1650.4178,68437,82328,Rhinolophus ferrumequinum,0.025,0.025,-1,Echolocation,/mnt/ubna_data_02_mir/recover-20220922/UBNA_001/20220921_090000.WAV,Telephone Field,recover-20220922,001,1795
1650.4025,1650.4436,68437,81995,Rhinolophus ferrumequinum,0.024,0.024,-1,Echolocation,/mnt/ubna_data_02_mir/recover-20220922/UBNA_001/20220921_090000.WAV,Telephone Field,recover-20220922,001,1795
1650.4105,1650.449,68437,82280,Rhinolophus ferrumequinum,0.022,0.022,-1,Echolocation,/mnt/ubna_data_02_mir/recover-20220922/UBNA_001/20220921_090000.WAV,Telephone Field,recover-20220922,001,1795
1650.4275,1650.4387,28906,36949,Eptesicus serotinus,0.014,0.029,-1,Echolocation,/mnt/ubna_data_02_mir/recover-20220922/UBNA_001/20220921_090000.WAV,Telephone Field,recover-20220922,001,1795
1650.4295,1650.4736,68437,83300,Rhinolophus ferrumequinum,0.039,0.039,-1,Echolocation,/mnt/ubna_data_02_mir/recover-20220922/UBNA_001/20220921_090000.WAV,Telephone Field,recover-20220922,001,1795
1650.4775,1650.5137,68437,81396,Rhinolophus ferrumequinum,0.022,0.022,-1,Echolocation,/mnt/ubna_data_02_mir/recover-20220922/UBNA_001/20220921_090000.WAV,Telephone Field,recover-20220922,001,1795
1650.5085,1650.5477,68437,81682,Rhinolophus ferrumequinum,0.027,0.027,-1,Echolocation,/mnt/ubna_data_02_mir/recover-20220922/UBNA_001/20220921_090000.WAV,Telephone Field,recover-20220922,001,1795
1650.5355,1650.5755,68437,82472,Rhinolophus ferrumequinum,0.027,0.027,-1,Echolocation,/mnt/ubna_data_02_mir/recover-20220922/UBNA_001/20220921_090000.WAV,Telephone Field,recover-20220922,001,1795
1650.5525,1650.5923,68437,82706,Rhinolophus ferrumequinum,0.025,0.025,-1,Echolocation,/mnt/ubna_data_02_mir/recover-20220922/UBNA_001/20220921_090000.WAV,Telephone Field,recover-20220922,001,1795
1650.5715,1650.6109,68437,82106,Rhinolophus ferrumequinum,0.03,0.03,-1,Echolocation,/mnt/ubna_data_02_mir/recover-20220922/UBNA_001/20220921_090000.WAV,Telephone Field,recover-20220922,001,1795
1650.5965,1650.633,68437,81444,Rhinolophus ferrumequinum,0.026,0.026,-1,Echolocation,/mnt/ubna_data_02_mir/recover-20220922/UBNA_001/20220921_090000.WAV,Telephone Field,recover-20220922,001,1795
1650.6205,1650.6311,25468,33286,Eptesicus serotinus,0.012,0.024,-1,Echolocation,/mnt/ubna_data_02_mir/recover-20220922/UBNA_001/20220921_090000.WAV,Telephone Field,recover-20220922,001,1795
1650.6325,1650.6725,68437,82471,Rhinolophus ferrumequinum,0.028,0.028,-1,Echolocation,/mnt/ubna_data_02_mir/recover-20220922/UBNA_001/20220921_090000.WAV,Telephone Field,recover-20220922,001,1795
1650.6535,1650.6633,28906,35978,Eptesicus serotinus,0.008,0.021,-1,Echolocation,/mnt/ubna_data_02_mir/recover-20220922/UBNA_001/20220921_090000.WAV,Telephone Field,recover-20220922,001,1795
1650.6635,1650.6739,22031,28217,Nyctalus leisleri,0.012,0.028,-1,Echolocation,/mnt/ubna_data_02_mir/recover-20220922/UBNA_001/20220921_090000.WAV,Telephone Field,recover-20220922,001,1795
1650.6755,1650.7105,68437,81933,Rhinolophus ferrumequinum,0.026,0.026,-1,Echolocation,/mnt/ubna_data_02_mir/recover-20220922/UBNA_001/20220921_090000.WAV,Telephone Field,recover-20220922,001,1795
1650.6905,1650.7291,68437,82530,Rhinolophus ferrumequinum,0.023,0.023,-1,Echolocation,/mnt/ubna_data_02_mir/recover-20220922/UBNA_001/20220921_090000.WAV,Telephone Field,recover-20220922,001,1795
1650.7055,1650.7443,68437,82385,Rhinolophus ferrumequinum,0.023,0.023,-1,Echolocation,/mnt/ubna_data_02_mir/recover-20220922/UBNA_001/20220921_090000.WAV,Telephone Field,recover-20220922,001,1795
1650.7135,1650.7502,68437,82368,Rhinolophus ferrumequinum,0.023,0.023,-1,Echolocation,/mnt/ubna_data_02_mir/recover-20220922/UBNA_001/20220921_090000.WAV,Telephone Field,recover-20220922,001,1795
1650.7185,1650.7289,25468,32684,Eptesicus serotinus,0.01,0.023,-1,Echolocation,/mnt/ubna_data_02_mir/recover-20220922/UBNA_001/20220921_090000.WAV,Telephone Field,recover-20220922,001,1795
1650.7815,1650.8177,68437,82260,Rhinolophus ferrumequinum,0.023,0.023,-1,Echolocation,/mnt/ubna_data_02_mir/recover-20220922/UBNA_001/20220921_090000.WAV,Telephone Field,recover-20220922,001,1795
1650.8185,1650.8575,68437,82132,Rhinolophus ferrumequinum,0.023,0.023,-1,Echolocation,/mnt/ubna_data_02_mir/recover-20220922/UBNA_001/20220921_090000.WAV,Telephone Field,recover-20220922,001,1795
1650.8385,1650.8465,28046,38632,Eptesicus serotinus,0.007,0.024,-1,Echolocation,/mnt/ubna_data_02_mir/recover-20220922/UBNA_001/20220921_090000.WAV,Telephone Field,recover-20220922,001,1795
1650.8415,1650.882,68437,82392,Rhinolophus ferrumequinum,0.036,0.036,-1,Echolocation,/mnt/ubna_data_02_mir/recover-20220922/UBNA_001/20220921_090000.WAV,Telephone Field,recover-20220922,001,1795
1650.8625,1650.8718,26328,34871,Eptesicus serotinus,0.011,0.027,-1,Echolocation,/mnt/ubna_data_02_mir/recover-20220922/UBNA_001/20220921_090000.WAV,Telephone Field,recover-20220922,001,1795
1650.8895,1650.8993,26328,33871,Eptesicus serotinus,0.01,0.022,-1,Echolocation,/mnt/ubna_data_02_mir/recover-20220922/UBNA_001/20220921_090000.WAV,Telephone Field,recover-20220922,001,1795
1650.9275,1650.9611,68437,81017,Rhinolophus ferrumequinum,0.022,0.022,-1,Echolocation,/mnt/ubna_data_02_mir/recover-20220922/UBNA_001/20220921_090000.WAV,Telephone Field,recover-20220922,001,1795
1650.9465,1650.9546,27187,36324,Eptesicus serotinus,0.007,0.023,-1,Echolocation,/mnt/ubna_data_02_mir/recover-20220922/UBNA_001/20220921_090000.WAV,Telephone Field,recover-20220922,001,1795
1650.9475,1650.9857,68437,82290,Rhinolophus ferrumequinum,0.021,0.021,-1,Echolocation,/mnt/ubna_data_02_mir/recover-20220922/UBNA_001/20220921_090000.WAV,Telephone Field,recover-20220922,001,1795
1650.9595,1651.0001,68437,82802,Rhinolophus ferrumequinum,0.025,0.025,-1,Echolocation,/mnt/ubna_data_02_mir/recover-20220922/UBNA_001/20220921_090000.WAV,Telephone Field,recover-20220922,001,1795
1650.9705,1651.012,68437,83170,Rhinolophus ferrumequinum,0.023,0.023,-1,Echolocation,/mnt/ubna_data_02_mir/recover-20220922/UBNA_001/20220921_090000.WAV,Telephone Field,recover-20220922,001,1795
1651.0015,1651.0453,68437,83172,Rhinolophus ferrumequinum,0.037,0.037,-1,Echolocation,/mnt/ubna_data_02_mir/recover-20220922/UBNA_001/20220921_090000.WAV,Telephone Field,recover-20220922,001,1795
1651.0035,1651.0123,27187,37811,Eptesicus serotinus,0.008,0.022,-1,Echolocation,/mnt/ubna_data_02_mir/recover-20220922/UBNA_001/20220921_090000.WAV,Telephone Field,recover-20220922,001,1795
1651.0205,1651.0601,68437,82114,Rhinolophus ferrumequinum,0.022,0.022,-1,Echolocation,/mnt/ubna_data_02_mir/recover-20220922/UBNA_001/20220921_090000.WAV,Telephone Field,recover-20220922,001,1795
1651.0285,1651.069,68437,82467,Rhinolophus ferrumequinum,0.021,0.021,-1,Echolocation,/mnt/ubna_data_02_mir/recover-20220922/UBNA_001/20220921_090000.WAV,Telephone Field,recover-20220922,001,1795
1651.0385,1651.048,28046,37219,Eptesicus serotinus,0.01,0.023,-1,Echolocation,/mnt/ubna_data_02_mir/recover-20220922/UBNA_001/20220921_090000.WAV,Telephone Field,recover-20220922,001,1795
1651.0475,1651.0545,28046,40147,Eptesicus serotinus,0.007,0.028,-1,Echolocation,/mnt/ubna_data_02_mir/recover-20220922/UBNA_001/20220921_090000.WAV,Telephone Field,recover-20220922,001,1795
1651.0575,1651.095,68437,82109,Rhinolophus ferrumequinum,0.026,0.026,-1,Echolocation,/mnt/ubna_data_02_mir/recover-20220922/UBNA_001/20220921_090000.WAV,Telephone Field,recover-20220922,001,1795
1651.0645,1651.1024,68437,82059,Rhinolophus ferrumequinum,0.025,0.025,-1,Echolocation,/mnt/ubna_data_02_mir/recover-20220922/UBNA_001/20220921_090000.WAV,Telephone Field,recover-20220922,001,1795
1651.0675,1651.0772,44375,50469,Pipistrellus pipistrellus,0.023,0.027,-1,Echolocation,/mnt/ubna_data_02_mir/recover-20220922/UBNA_001/20220921_090000.WAV,Telephone Field,recover-20220922,001,1795
1651.0815,1651.1212,68437,82569,Rhinolophus ferrumequinum,0.023,0.023,-1,Echolocation,/mnt/ubna_data_02_mir/recover-20220922/UBNA_001/20220921_090000.WAV,Telephone Field,recover-20220922,001,1795
1651.0895,1651.1003,24609,30119,Nyctalus leisleri,0.016,0.035,-1,Echolocation,/mnt/ubna_data_02_mir/recover-20220922/UBNA_001/20220921_090000.WAV,Telephone Field,recover-20220922,001,1795
1651.0945,1651.1341,68437,82486,Rhinolophus ferrumequinum,0.023,0.023,-1,Echolocation,/mnt/ubna_data_02_mir/recover-20220922/UBNA_001/20220921_090000.WAV,Telephone Field,recover-20220922,001,1795
1651.1345,1651.143,28046,37957,Eptesicus serotinus,0.008,0.025,-1,Echolocation,/mnt/ubna_data_02_mir/recover-20220922/UBNA_001/20220921_090000.WAV,Telephone Field,recover-20220922,001,1795
1651.1365,1651.1743,68437,82684,Rhinolophus ferrumequinum,0.022,0.022,-1,Echolocation,/mnt/ubna_data_02_mir/recover-20220922/UBNA_001/20220921_090000.WAV,Telephone Field,recover-20220922,001,1795
1651.1415,1651.1534,23750,30410,Nyctalus leisleri,0.012,0.03,-1,Echolocation,/mnt/ubna_data_02_mir/recover-20220922/UBNA_001/20220921_090000.WAV,Telephone Field,recover-20220922,001,1795
1651.1575,1651.1961,68437,82033,Rhinolophus ferrumequinum,0.024,0.024,-1,Echolocation,/mnt/ubna_data_02_mir/recover-20220922/UBNA_001/20220921_090000.WAV,Telephone Field,recover-20220922,001,1795
1651.1745,1651.2131,68437,81639,Rhinolophus ferrumequinum,0.021,0.021,-1,Echolocation,/mnt/ubna_data_02_mir/recover-20220922/UBNA_001/20220921_090000.WAV,Telephone Field,recover-20220922,001,1795
1651.1755,1651.183,26328,38472,Eptesicus serotinus,0.006,0.022,-1,Echolocation,/mnt/ubna_data_02_mir/recover-20220922/UBNA_001/20220921_090000.WAV,Telephone Field,recover-20220922,001,1795
1651.1955,1651.2371,68437,82868,Rhinolophus ferrumequinum,0.025,0.025,-1,Echolocation,/mnt/ubna_data_02_mir/recover-20220922/UBNA_001/20220921_090000.WAV,Telephone Field,recover-20220922,001,1795
1651.2105,1651.2454,68437,81837,Rhinolophus ferrumequinum,0.021,0.022,-1,Echolocation,/mnt/ubna_data_02_mir/recover-20220922/UBNA_001/20220921_090000.WAV,Telephone Field,recover-20220922,001,1795
1651.2375,1651.2798,68437,83140,Rhinolophus ferrumequinum,0.026,0.026,-1,Echolocation,/mnt/ubna_data_02_mir/recover-20220922/UBNA_001/20220921_090000.WAV,Telephone Field,recover-20220922,001,1795
1651.2515,1651.2896,68437,82314,Rhinolophus ferrumequinum,0.022,0.022,-1,Echolocation,/mnt/ubna_data_02_mir/recover-20220922/UBNA_001/20220921_090000.WAV,Telephone Field,recover-20220922,001,1795
1651.2625,1651.2758,22890,27820,Nyctalus leisleri,0.017,0.03,-1,Echolocation,/mnt/ubna_data_02_mir/recover-20220922/UBNA_001/20220921_090000.WAV,Telephone Field,recover-20220922,001,1795
1651.2625,1651.2992,68437,81573,Rhinolophus ferrumequinum,0.022,0.022,-1,Echolocation,/mnt/ubna_data_02_mir/recover-20220922/UBNA_001/20220921_090000.WAV,Telephone Field,recover-20220922,001,1795
1651.3245,1651.363,68437,82614,Rhinolophus ferrumequinum,0.029,0.029,-1,Echolocation,/mnt/ubna_data_02_mir/recover-20220922/UBNA_001/20220921_090000.WAV,Telephone Field,recover-20220922,001,1795
1651.3405,1651.3782,68437,82216,Rhinolophus ferrumequinum,0.03,0.03,-1,Echolocation,/mnt/ubna_data_02_mir/recover-20220922/UBNA_001/20220921_090000.WAV,Telephone Field,recover-20220922,001,1795
1651.3505,1651.3891,68437,82498,Rhinolophus ferrumequinum,0.023,0.023,-1,Echolocation,/mnt/ubna_data_02_mir/recover-20220922/UBNA_001/20220921_090000.WAV,Telephone Field,recover-20220922,001,1795
1651.3515,1651.3698,20312,23228,Nyctalus leisleri,0.014,0.022,-1,Echolocation,/mnt/ubna_data_02_mir/recover-20220922/UBNA_001/20220921_090000.WAV,Telephone Field,recover-20220922,001,1795
1651.3675,1651.3749,23750,32593,Plecotus austriacus,0.009,0.022,-1,Echolocation,/mnt/ubna_data_02_mir/recover-20220922/UBNA_001/20220921_090000.WAV,Telephone Field,recover-20220922,001,1795
1651.3755,1651.4123,68437,81661,Rhinolophus ferrumequinum,0.023,0.023,-1,Echolocation,/mnt/ubna_data_02_mir/recover-20220922/UBNA_001/20220921_090000.WAV,Telephone Field,recover-20220922,001,1795
1651.4295,1651.4656,68437,81206,Rhinolophus ferrumequinum,0.022,0.022,-1,Echolocation,/mnt/ubna_data_02_mir/recover-20220922/UBNA_001/20220921_090000.WAV,Telephone Field,recover-20220922,001,1795
1651.4675,1651.5056,68437,82136,Rhinolophus ferrumequinum,0.022,0.022,-1,Echolocation,/mnt/ubna_data_02_mir/recover-20220922/UBNA_001/20220921_090000.WAV,Telephone Field,recover-20220922,001,1795
1651.4755,1651.5144,68437,82174,Rhinolophus ferrumequinum,0.022,0.022,-1,Echolocation,/mnt/ubna_data_02_mir/recover-20220922/UBNA_001/20220921_090000.WAV,Telephone Field,recover-20220922,001,1795
1651.5455,1651.5852,68437,82336,Rhinolophus ferrumequinum,0.024,0.024,-1,Echolocation,/mnt/ubna_data_02_mir/recover-20220922/UBNA_001/20220921_090000.WAV,Telephone Field,recover-20220922,001,1795
1651.5555,1651.5955,68437,82167,Rhinolophus ferrumequinum,0.021,0.021,-1,Echolocation,/mnt/ubna_data_02_mir/recover-20220922/UBNA_001/20220921_090000.WAV,Telephone Field,recover-20220922,001,1795
1651.5575,1651.5658,28046,37709,Eptesicus serotinus,0.007,0.021,-1,Echolocation,/mnt/ubna_data_02_mir/recover-20220922/UBNA_001/20220921_090000.WAV,Telephone Field,recover-20220922,001,1795
1651.5865,1651.6234,68437,81603,Rhinolophus ferrumequinum,0.022,0.022,-1,Echolocation,/mnt/ubna_data_02_mir/recover-20220922/UBNA_001/20220921_090000.WAV,Telephone Field,recover-20220922,001,1795
1651.6125,1651.6498,68437,82039,Rhinolophus ferrumequinum,0.023,0.023,-1,Echolocation,/mnt/ubna_data_02_mir/recover-20220922/UBNA_001/20220921_090000.WAV,Telephone Field,recover-20220922,001,1795
1651.6175,1651.6535,68437,81705,Rhinolophus ferrumequinum,0.023,0.023,-1,Echolocation,/mnt/ubna_data_02_mir/recover-20220922/UBNA_001/20220921_090000.WAV,Telephone Field,recover-20220922,001,1795
1651.6375,1651.6753,68437,81083,Rhinolophus ferrumequinum,0.023,0.023,-1,Echolocation,/mnt/ubna_data_02_mir/recover-20220922/UBNA_001/20220921_090000.WAV,Telephone Field,recover-20220922,001,1795
1651.6575,1651.6944,68437,81965,Rhinolophus ferrumequinum,0.022,0.022,-1,Echolocation,/mnt/ubna_data_02_mir/recover-20220922/UBNA_001/20220921_090000.WAV,Telephone Field,recover-20220922,001,1795
1651.6895,1651.7245,68437,82045,Rhinolophus ferrumequinum,0.022,0.022,-1,Echolocation,/mnt/ubna_data_02_mir/recover-20220922/UBNA_001/20220921_090000.WAV,Telephone Field,recover-20220922,001,1795
1651.7095,1651.7173,28906,38121,Eptesicus serotinus,0.007,0.025,-1,Echolocation,/mnt/ubna_data_02_mir/recover-20220922/UBNA_001/20220921_090000.WAV,Telephone Field,recover-20220922,001,1795
1651.7235,1651.7591,68437,81982,Rhinolophus ferrumequinum,0.027,0.027,-1,Echolocation,/mnt/ubna_data_02_mir/recover-20220922/UBNA_001/20220921_090000.WAV,Telephone Field,recover-20220922,001,1795
1651.7405,1651.7837,68437,83950,Rhinolophus ferrumequinum,0.056,0.056,-1,Echolocation,/mnt/ubna_data_02_mir/recover-20220922/UBNA_001/20220921_090000.WAV,Telephone Field,recover-20220922,001,1795
1651.7425,1651.7527,24609,31983,Nyctalus leisleri,0.01,0.026,-1,Echolocation,/mnt/ubna_data_02_mir/recover-20220922/UBNA_001/20220921_090000.WAV,Telephone Field,recover-20220922,001,1795
1651.7715,1651.7803,28046,39691,Eptesicus serotinus,0.009,0.025,-1,Echolocation,/mnt/ubna_data_02_mir/recover-20220922/UBNA_001/20220921_090000.WAV,Telephone Field,recover-20220922,001,1795
1651.7715,1651.813,68437,82496,Rhinolophus ferrumequinum,0.03,0.03,-1,Echolocation,/mnt/ubna_data_02_mir/recover-20220922/UBNA_001/20220921_090000.WAV,Telephone Field,recover-20220922,001,1795
1651.7965,1651.8357,68437,82623,Rhinolophus ferrumequinum,0.024,0.024,-1,Echolocation,/mnt/ubna_data_02_mir/recover-20220922/UBNA_001/20220921_090000.WAV,Telephone Field,recover-20220922,001,1795
1651.7975,1651.8055,28046,39234,Eptesicus serotinus,0.007,0.021,-1,Echolocation,/mnt/ubna_data_02_mir/recover-20220922/UBNA_001/20220921_090000.WAV,Telephone Field,recover-20220922,001,1795
1651.8425,1651.8813,68437,82278,Rhinolophus ferrumequinum,0.023,0.023,-1,Echolocation,/mnt/ubna_data_02_mir/recover-20220922/UBNA_001/20220921_090000.WAV,Telephone Field,recover-20220922,001,1795
1651.8585,1651.8672,27187,36225,Eptesicus serotinus,0.007,0.022,-1,Echolocation,/mnt/ubna_data_02_mir/recover-20220922/UBNA_001/20220921_090000.WAV,Telephone Field,recover-20220922,001,1795
1651.8695,1651.9069,68437,81221,Rhinolophus ferrumequinum,0.022,0.022,-1,Echolocation,/mnt/ubna_data_02_mir/recover-20220922/UBNA_001/20220921_090000.WAV,Telephone Field,recover-20220922,001,1795
1651.8785,1651.918,68437,82194,Rhinolophus ferrumequinum,0.022,0.022,-1,Echolocation,/mnt/ubna_data_02_mir/recover-20220922/UBNA_001/20220921_090000.WAV,Telephone Field,recover-20220922,001,1795
1651.9075,1651.9169,28046,36452,Eptesicus serotinus,0.011,0.024,-1,Echolocation,/mnt/ubna_data_02_mir/recover-20220922/UBNA_001/20220921_090000.WAV,Telephone Field,recover-20220922,001,1795
1651.9115,1651.9492,68437,81917,Rhinolophus ferrumequinum,0.022,0.022,-1,Echolocation,/mnt/ubna_data_02_mir/recover-20220922/UBNA_001/20220921_090000.WAV,Telephone Field,recover-20220922,001,1795
1651.9395,1651.9759,68437,81262,Rhinolophus ferrumequinum,0.022,0.022,-1,Echolocation,/mnt/ubna_data_02_mir/recover-20220922/UBNA_001/20220921_090000.WAV,Telephone Field,recover-20220922,001,1795
1651.9515,1651.9869,68437,81808,Rhinolophus ferrumequinum,0.022,0.022,-1,Echolocation,/mnt/ubna_data_02_mir/recover-20220922/UBNA_001/20220921_090000.WAV,Telephone Field,recover-20220922,001,1795
1652.0015,1652.034,68437,79922,Rhinolophus ferrumequinum,0.056,0.056,-1,Echolocation,/mnt/ubna_data_02_mir/recover-20220922/UBNA_001/20220921_090000.WAV,Telephone Field,recover-20220922,001,1795
1652.0015,1652.0105,22890,29327,Nyctalus leisleri,0.011,0.032,-1,Echolocation,/mnt/ubna_data_02_mir/recover-20220922/UBNA_001/20220921_090000.WAV,Telephone Field,recover-20220922,001,1795
1652.0065,1652.0492,68437,81830,Rhinolophus ferrumequinum,0.025,0.025,-1,Echolocation,/mnt/ubna_data_02_mir/recover-20220922/UBNA_001/20220921_090000.WAV,Telephone Field,recover-20220922,001,1795
1652.0395,1652.051,43515,46414,Pipistrellus pipistrellus,0.036,0.04,-1,Echolocation,/mnt/ubna_data_02_mir/recover-20220922/UBNA_001/20220921_090000.WAV,Telephone Field,recover-20220922,001,1795
1652.0595,1652.0697,31484,39281,Eptesicus serotinus,0.007,0.027,-1,Echolocation,/mnt/ubna_data_02_mir/recover-20220922/UBNA_001/20220921_090000.WAV,Telephone Field,recover-20220922,001,1795
1652.0975,1652.1064,22890,29593,Plecotus austriacus,0.008,0.022,-1,Echolocation,/mnt/ubna_data_02_mir/recover-20220922/UBNA_001/20220921_090000.WAV,Telephone Field,recover-20220922,001,1795
1652.1145,1652.1556,68437,82086,Rhinolophus ferrumequinum,0.024,0.024,-1,Echolocation,/mnt/ubna_data_02_mir/recover-20220922/UBNA_001/20220921_090000.WAV,Telephone Field,recover-20220922,001,1795
1652.1355,1652.176,68437,82397,Rhinolophus ferrumequinum,0.027,0.027,-1,Echolocation,/mnt/ubna_data_02_mir/recover-20220922/UBNA_001/20220921_090000.WAV,Telephone Field,recover-20220922,001,1795
1652.1655,1652.1771,23750,28730,Nyctalus leisleri,0.013,0.028,-1,Echolocation,/mnt/ubna_data_02_mir/recover-20220922/UBNA_001/20220921_090000.WAV,Telephone Field,recover-20220922,001,1795
1652.1705,1652.2109,68437,82673,Rhinolophus ferrumequinum,0.022,0.022,-1,Echolocation,/mnt/ubna_data_02_mir/recover-20220922/UBNA_001/20220921_090000.WAV,Telephone Field,recover-20220922,001,1795
1652.1855,1652.2261,68437,82838,Rhinolophus ferrumequinum,0.023,0.023,-1,Echolocation,/mnt/ubna_data_02_mir/recover-20220922/UBNA_001/20220921_090000.WAV,Telephone Field,recover-20220922,001,1795
1652.2725,1652.3142,68437,83027,Rhinolophus ferrumequinum,0.023,0.023,-1,Echolocation,/mnt/ubna_data_02_mir/recover-20220922/UBNA_001/20220921_090000.WAV,Telephone Field,recover-20220922,001,1795
1652.2825,1652.291,28906,38813,Eptesicus serotinus,0.008,0.022,-1,Echolocation,/mnt/ubna_data_02_mir/recover-20220922/UBNA_001/20220921_090000.WAV,Telephone Field,recover-20220922,001,1795
1652.2895,1652.3299,68437,82754,Rhinolophus ferrumequinum,0.027,0.027,-1,Echolocation,/mnt/ubna_data_02_mir/recover-20220922/UBNA_001/20220921_090000.WAV,Telephone Field,recover-20220922,001,1795
1652.2995,1652.3098,24609,31242,Nyctalus leisleri,0.008,0.023,-1,Echolocation,/mnt/ubna_data_02_mir/recover-20220922/UBNA_001/20220921_090000.WAV,Telephone Field,recover-20220922,001,1795
1652.3025,1652.3449,68437,83131,Rhinolophus ferrumequinum,0.024,0.024,-1,Echolocation,/mnt/ubna_data_02_mir/recover-20220922/UBNA_001/20220921_090000.WAV,Telephone Field,recover-20220922,001,1795
1652.3115,1652.3532,68437,83150,Rhinolophus ferrumequinum,0.028,0.028,-1,Echolocation,/mnt/ubna_data_02_mir/recover-20220922/UBNA_001/20220921_090000.WAV,Telephone Field,recover-20220922,001,1795
1652.3155,1652.3219,29765,40000,Myotis daubentonii,0.009,0.038,-1,Echolocation,/mnt/ubna_data_02_mir/recover-20220922/UBNA_001/20220921_090000.WAV,Telephone Field,recover-20220922,001,1795
1652.3245,1652.3651,68437,82825,Rhinolophus ferrumequinum,0.025,0.025,-1,Echolocation,/mnt/ubna_data_02_mir/recover-20220922/UBNA_001/20220921_090000.WAV,Telephone Field,recover-20220922,001,1795
1652.3945,1652.402,28906,39831,Eptesicus serotinus,0.007,0.023,-1,Echolocation,/mnt/ubna_data_02_mir/recover-20220922/UBNA_001/20220921_090000.WAV,Telephone Field,recover-20220922,001,1795
1652.4005,1652.4111,22890,28339,Nyctalus leisleri,0.011,0.023,-1,Echolocation,/mnt/ubna_data_02_mir/recover-20220922/UBNA_001/20220921_090000.WAV,Telephone Field,recover-20220922,001,1795
1652.4055,1652.4428,68437,80745,Rhinolophus ferrumequinum,0.023,0.023,-1,Echolocation,/mnt/ubna_data_02_mir/recover-20220922/UBNA_001/20220921_090000.WAV,Telephone Field,recover-20220922,001,1795
1652.4095,1652.4201,22890,28189,Nyctalus leisleri,0.014,0.03,-1,Echolocation,/mnt/ubna_data_02_mir/recover-20220922/UBNA_001/20220921_090000.WAV,Telephone Field,recover-20220922,001,1795
1652.4535,1652.4912,68437,81132,Rhinolophus ferrumequinum,0.025,0.025,-1,Echolocation,/mnt/ubna_data_02_mir/recover-20220922/UBNA_001/20220921_090000.WAV,Telephone Field,recover-20220922,001,1795
1652.4685,1652.4796,28046,35391,Eptesicus serotinus,0.016,0.03,-1,Echolocation,/mnt/ubna_data_02_mir/recover-20220922/UBNA_001/20220921_090000.WAV,Telephone Field,recover-20220922,001,1795
1652.4765,1652.4844,23750,31884,Plecotus austriacus,0.012,0.026,-1,Echolocation,/mnt/ubna_data_02_mir/recover-20220922/UBNA_001/20220921_090000.WAV,Telephone Field,recover-20220922,001,1795
1652.4915,1652.5324,68437,82109,Rhinolophus ferrumequinum,0.024,0.024,-1,Echolocation,/mnt/ubna_data_02_mir/recover-20220922/UBNA_001/20220921_090000.WAV,Telephone Field,recover-20220922,001,1795
1652.5155,1652.5261,23750,29337,Nyctalus leisleri,0.012,0.025,-1,Echolocation,/mnt/ubna_data_02_mir/recover-20220922/UBNA_001/20220921_090000.WAV,Telephone Field,recover-20220922,001,1795
1652.5195,1652.5607,68437,82277,Rhinolophus ferrumequinum,0.026,0.026,-1,Echolocation,/mnt/ubna_data_02_mir/recover-20220922/UBNA_001/20220921_090000.WAV,Telephone Field,recover-20220922,001,1795
1652.5455,1652.5591,22890,27716,Nyctalus leisleri,0.014,0.027,-1,Echolocation,/mnt/ubna_data_02_mir/recover-20220922/UBNA_001/20220921_090000.WAV,Telephone Field,recover-20220922,001,1795
1652.5605,1652.5967,68437,81373,Rhinolophus ferrumequinum,0.03,0.03,-1,Echolocation,/mnt/ubna_data_02_mir/recover-20220922/UBNA_001/20220921_090000.WAV,Telephone Field,recover-20220922,001,1795
1652.5885,1652.6261,68437,81816,Rhinolophus ferrumequinum,0.022,0.022,-1,Echolocation,/mnt/ubna_data_02_mir/recover-20220922/UBNA_001/20220921_090000.WAV,Telephone Field,recover-20220922,001,1795
1652.5945,1652.6049,22890,28210,Nyctalus leisleri,0.013,0.027,-1,Echolocation,/mnt/ubna_data_02_mir/recover-20220922/UBNA_001/20220921_090000.WAV,Telephone Field,recover-20220922,001,1795
1652.5975,1652.6358,68437,82029,Rhinolophus ferrumequinum,0.023,0.023,-1,Echolocation,/mnt/ubna_data_02_mir/recover-20220922/UBNA_001/20220921_090000.WAV,Telephone Field,recover-20220922,001,1795
1652.6615,1652.7023,68437,83018,Rhinolophus ferrumequinum,0.024,0.024,-1,Echolocation,/mnt/ubna_data_02_mir/recover-20220922/UBNA_001/20220921_090000.WAV,Telephone Field,recover-20220922,001,1795
1652.6845,1652.694,22890,29346,Plecotus austriacus,0.008,0.024,-1,Echolocation,/mnt/ubna_data_02_mir/recover-20220922/UBNA_001/20220921_090000.WAV,Telephone Field,recover-20220922,001,1795
1652.6945,1652.7325,68437,81838,Rhinolophus ferrumequinum,0.022,0.022,-1,Echolocation,/mnt/ubna_data_02_mir/recover-20220922/UBNA_001/20220921_090000.WAV,Telephone Field,recover-20220922,001,1795
1652.7115,1652.7535,68437,82533,Rhinolophus ferrumequinum,0.023,0.023,-1,Echolocation,/mnt/ubna_data_02_mir/recover-20220922/UBNA_001/20220921_090000.WAV,Telephone Field,recover-20220922,001,1795
1652.7345,1652.776,68437,82213,Rhinolophus ferrumequinum,0.024,0.024,-1,Echolocation,/mnt/ubna_data_02_mir/recover-20220922/UBNA_001/20220921_090000.WAV,Telephone Field,recover-20220922,001,1795
1652.7615,1652.7671,48671,56784,Pipistrellus pipistrellus,0.019,0.022,-1,Echolocation,/mnt/ubna_data_02_mir/recover-20220922/UBNA_001/20220921_090000.WAV,Telephone Field,recover-20220922,001,1795
1652.7705,1652.8104,68437,82706,Rhinolophus ferrumequinum,0.026,0.026,-1,Echolocation,/mnt/ubna_data_02_mir/recover-20220922/UBNA_001/20220921_090000.WAV,Telephone Field,recover-20220922,001,1795
1652.7865,1652.7991,23750,28396,Nyctalus leisleri,0.016,0.029,-1,Echolocation,/mnt/ubna_data_02_mir/recover-20220922/UBNA_001/20220921_090000.WAV,Telephone Field,recover-20220922,001,1795
1652.7985,1652.8384,68437,82109,Rhinolophus ferrumequinum,0.033,0.033,-1,Echolocation,/mnt/ubna_data_02_mir/recover-20220922/UBNA_001/20220921_090000.WAV,Telephone Field,recover-20220922,001,1795
1652.8005,1652.8156,21171,25560,Nyctalus leisleri,0.015,0.028,-1,Echolocation,/mnt/ubna_data_02_mir/recover-20220922/UBNA_001/20220921_090000.WAV,Telephone Field,recover-20220922,001,1795
1652.8435,1652.8827,68437,82087,Rhinolophus ferrumequinum,0.028,0.028,-1,Echolocation,/mnt/ubna_data_02_mir/recover-20220922/UBNA_001/20220921_090000.WAV,Telephone Field,recover-20220922,001,1795
1652.8445,1652.8537,36640,43647,Barbastellus barbastellus,0.008,0.027,-1,Echolocation,/mnt/ubna_data_02_mir/recover-20220922/UBNA_001/20220921_090000.WAV,Telephone Field,recover-20220922,001,1795
1652.8735,1652.8827,28046,38587,Eptesicus serotinus,0.009,0.023,-1,Echolocation,/mnt/ubna_data_02_mir/recover-20220922/UBNA_001/20220921_090000.WAV,Telephone Field,recover-20220922,001,1795
1652.8835,1652.9201,68437,81316,Rhinolophus ferrumequinum,0.023,0.023,-1,Echolocation,/mnt/ubna_data_02_mir/recover-20220922/UBNA_001/20220921_090000.WAV,Telephone Field,recover-20220922,001,1795
1652.9005,1652.9118,26328,34069,Eptesicus serotinus,0.013,0.027,-1,Echolocation,/mnt/ubna_data_02_mir/recover-20220922/UBNA_001/20220921_090000.WAV,Telephone Field,recover-20220922,001,1795
1652.9015,1652.9418,68437,82438,Rhinolophus ferrumequinum,0.027,0.027,-1,Echolocation,/mnt/ubna_data_02_mir/recover-20220922/UBNA_001/20220921_090000.WAV,Telephone Field,recover-20220922,001,1795
1652.9225,1652.9345,44375,48612,Pipistrellus pipistrellus,0.023,0.026,-1,Echolocation,/mnt/ubna_data_02_mir/recover-20220922/UBNA_001/20220921_090000.WAV,Telephone Field,recover-20220922,001,1795
1652.9255,1652.9651,68437,81908,Rhinolophus ferrumequinum,0.023,0.023,-1,Echolocation,/mnt/ubna_data_02_mir/recover-20220922/UBNA_001/20220921_090000.WAV,Telephone Field,recover-20220922,001,1795
1652.9545,1652.9631,28906,40535,Eptesicus serotinus,0.009,0.025,-1,Echolocation,/mnt/ubna_data_02_mir/recover-20220922/UBNA_001/20220921_090000.WAV,Telephone Field,recover-20220922,001,1795
1652.9725,1653.0137,68437,82563,Rhinolophus ferrumequinum,0.026,0.026,-1,Echolocation,/mnt/ubna_data_02_mir/recover-20220922/UBNA_001/20220921_090000.WAV,Telephone Field,recover-20220922,001,1795
1652.9985,1653.0062,28046,38442,Eptesicus serotinus,0.009,0.026,-1,Echolocation,/mnt/ubna_data_02_mir/recover-20220922/UBNA_001/20220921_090000.WAV,Telephone Field,recover-20220922,001,1795
1653.0195,1653.0608,68437,82372,Rhinolophus ferrumequinum,0.023,0.023,-1,Echolocation,/mnt/ubna_data_02_mir/recover-20220922/UBNA_001/20220921_090000.WAV,Telephone Field,recover-20220922,001,1795
1653.0745,1653.0847,28046,36910,Eptesicus serotinus,0.013,0.027,-1,Echolocation,/mnt/ubna_data_02_mir/recover-20220922/UBNA_001/20220921_090000.WAV,Telephone Field,recover-20220922,001,1795
1653.0765,1653.1152,68437,81728,Rhinolophus ferrumequinum,0.022,0.022,-1,Echolocation,/mnt/ubna_data_02_mir/recover-20220922/UBNA_001/20220921_090000.WAV,Telephone Field,recover-20220922,001,1795
1653.0945,1653.1011,45234,52914,Pipistrellus pipistrellus,0.02,0.023,-1,Echolocation,/mnt/ubna_data_02_mir/recover-20220922/UBNA_001/20220921_090000.WAV,Telephone Field,recover-20220922,001,1795
1653.1035,1653.1445,68437,82587,Rhinolophus ferrumequinum,0.035,0.035,-1,Echolocation,/mnt/ubna_data_02_mir/recover-20220922/UBNA_001/20220921_090000.WAV,Telephone Field,recover-20220922,001,1795
1653.1105,1653.1192,27187,35974,Eptesicus serotinus,0.01,0.023,-1,Echolocation,/mnt/ubna_data_02_mir/recover-20220922/UBNA_001/20220921_090000.WAV,Telephone Field,recover-20220922,001,1795
1653.1245,1653.1392,42656,44812,Pipistrellus pipistrellus,0.053,0.06,-1,Echolocation,/mnt/ubna_data_02_mir/recover-20220922/UBNA_001/20220921_090000.WAV,Telephone Field,recover-20220922,001,1795
1653.1465,1653.1869,68437,82729,Rhinolophus ferrumequinum,0.029,0.029,-1,Echolocation,/mnt/ubna_data_02_mir/recover-20220922/UBNA_001/20220921_090000.WAV,Telephone Field,recover-20220922,001,1795
1653.1565,1653.1933,68437,81521,Rhinolophus ferrumequinum,0.022,0.022,-1,Echolocation,/mnt/ubna_data_02_mir/recover-20220922/UBNA_001/20220921_090000.WAV,Telephone Field,recover-20220922,001,1795
1653.1675,1653.2069,68437,82043,Rhinolophus ferrumequinum,0.024,0.024,-1,Echolocation,/mnt/ubna_data_02_mir/recover-20220922/UBNA_001/20220921_090000.WAV,Telephone Field,recover-20220922,001,1795
1653.1805,1653.2196,68437,81350,Rhinolophus ferrumequinum,0.023,0.023,-1,Echolocation,/mnt/ubna_data_02_mir/recover-20220922/UBNA_001/20220921_090000.WAV,Telephone Field,recover-20220922,001,1795
1653.1915,1653.2351,68437,83188,Rhinolophus ferrumequinum,0.028,0.028,-1,Echolocation,/mnt/ubna_data_02_mir/recover-20220922/UBNA_001/20220921_090000.WAV,Telephone Field,recover-20220922,001,1795
1653.2085,1653.248,68437,82215,Rhinolophus ferrumequinum,0.026,0.026,-1,Echolocation,/mnt/ubna_data_02_mir/recover-20220922/UBNA_001/20220921_090000.WAV,Telephone Field,recover-20220922,001,1795
1653.2555,1653.2946,68437,81446,Rhinolophus ferrumequinum,0.025,0.025,-1,Echolocation,/mnt/ubna_data_02_mir/recover-20220922/UBNA_001/20220921_090000.WAV,Telephone Field,recover-20220922,001,1795
1653.3035,1653.3142,24609,30494,Nyctalus leisleri,0.012,0.028,-1,Echolocation,/mnt/ubna_data_02_mir/recover-20220922/UBNA_001/20220921_090000.WAV,Telephone Field,recover-20220922,001,1795
1653.3315,1653.3385,28906,38452,Eptesicus serotinus,0.017,0.046,-1,Echolocation,/mnt/ubna_data_02_mir/recover-20220922/UBNA_001/20220921_090000.WAV,Telephone Field,recover-20220922,001,1795
1653.3465,1653.3572,47812,51620,Pipistrellus pipistrellus,0.045,0.048,-1,Echolocation,/mnt/ubna_data_02_mir/recover-20220922/UBNA_001/20220921_090000.WAV,Telephone Field,recover-20220922,001,1795
1653.3715,1653.3816,27187,34950,Eptesicus serotinus,0.015,0.029,-1,Echolocation,/mnt/ubna_data_02_mir/recover-20220922/UBNA_001/20220921_090000.WAV,Telephone Field,recover-20220922,001,1795
1653.4065,1653.4448,68437,82035,Rhinolophus ferrumequinum,0.026,0.026,-1,Echolocation,/mnt/ubna_data_02_mir/recover-20220922/UBNA_001/20220921_090000.WAV,Telephone Field,recover-20220922,001,1795
1653.4315,1653.4714,68437,82211,Rhinolophus ferrumequinum,0.024,0.024,-1,Echolocation,/mnt/ubna_data_02_mir/recover-20220922/UBNA_001/20220921_090000.WAV,Telephone Field,recover-20220922,001,1795
1653.4615,1653.4995,68437,82374,Rhinolophus ferrumequinum,0.023,0.023,-1,Echolocation,/mnt/ubna_data_02_mir/recover-20220922/UBNA_001/20220921_090000.WAV,Telephone Field,recover-20220922,001,1795
1653.5005,1653.5118,15156,20235,Nyctalus noctula,0.021,0.035,-1,Echolocation,/mnt/ubna_data_02_mir/recover-20220922/UBNA_001/20220921_090000.WAV,Telephone Field,recover-20220922,001,1795
1653.5105,1653.5554,68437,83164,Rhinolophus ferrumequinum,0.036,0.036,-1,Echolocation,/mnt/ubna_data_02_mir/recover-20220922/UBNA_001/20220921_090000.WAV,Telephone Field,recover-20220922,001,1795
1653.5225,1653.5356,22031,25954,Nyctalus leisleri,0.014,0.023,-1,Echolocation,/mnt/ubna_data_02_mir/recover-20220922/UBNA_001/20220921_090000.WAV,Telephone Field,recover-20220922,001,1795
1653.5315,1653.5709,68437,81722,Rhinolophus ferrumequinum,0.023,0.023,-1,Echolocation,/mnt/ubna_data_02_mir/recover-20220922/UBNA_001/20220921_090000.WAV,Telephone Field,recover-20220922,001,1795
1653.5615,1653.6049,68437,83483,Rhinolophus ferrumequinum,0.039,0.039,-1,Echolocation,/mnt/ubna_data_02_mir/recover-20220922/UBNA_001/20220921_090000.WAV,Telephone Field,recover-20220922,001,1795
1653.5655,1653.5735,29765,38915,Eptesicus serotinus,0.008,0.026,-1,Echolocation,/mnt/ubna_data_02_mir/recover-20220922/UBNA_001/20220921_090000.WAV,Telephone Field,recover-20220922,001,1795
1653.5815,1653.6211,68437,82326,Rhinolophus ferrumequinum,0.025,0.025,-1,Echolocation,/mnt/ubna_data_02_mir/recover-20220922/UBNA_001/20220921_090000.WAV,Telephone Field,recover-20220922,001,1795
1653.5955,1653.6022,28046,44844,Eptesicus serotinus,0.006,0.022,-1,Echolocation,/mnt/ubna_data_02_mir/recover-20220922/UBNA_001/20220921_090000.WAV,Telephone Field,recover-20220922,001,1795
1653.6125,1653.6518,68437,82604,Rhinolophus ferrumequinum,0.024,0.024,-1,Echolocation,/mnt/ubna_data_02_mir/recover-20220922/UBNA_001/20220921_090000.WAV,Telephone Field,recover-20220922,001,1795
1653.6195,1653.6277,24609,33224,Plecotus austriacus,0.007,0.023,-1,Echolocation,/mnt/ubna_data_02_mir/recover-20220922/UBNA_001/20220921_090000.WAV,Telephone Field,recover-20220922,001,1795
1653.6455,1653.661,21171,24363,Nyctalus leisleri,0.02,0.034,-1,Echolocation,/mnt/ubna_data_02_mir/recover-20220922/UBNA_001/20220921_090000.WAV,Telephone Field,recover-20220922,001,1795
1653.6595,1653.6989,68437,82298,Rhinolophus ferrumequinum,0.023,0.023,-1,Echolocation,/mnt/ubna_data_02_mir/recover-20220922/UBNA_001/20220921_090000.WAV,Telephone Field,recover-20220922,001,1795
1653.6735,1653.6811,28906,37217,Eptesicus serotinus,0.008,0.026,-1,Echolocation,/mnt/ubna_data_02_mir/recover-20220922/UBNA_001/20220921_090000.WAV,Telephone Field,recover-20220922,001,1795
1653.6745,1653.6863,36640,39897,Pipistrellus nathusii,0.034,0.067,-1,Echolocation,/mnt/ubna_data_02_mir/recover-20220922/UBNA_001/20220921_090000.WAV,Telephone Field,recover-20220922,001,1795
1653.6895,1653.7282,68437,81706,Rhinolophus ferrumequinum,0.025,0.025,-1,Echolocation,/mnt/ubna_data_02_mir/recover-20220922/UBNA_001/20220921_090000.WAV,Telephone Field,recover-20220922,001,1795
1653.6955,1653.7036,24609,33196,Plecotus austriacus,0.007,0.023,-1,Echolocation,/mnt/ubna_data_02_mir/recover-20220922/UBNA_001/20220921_090000.WAV,Telephone Field,recover-20220922,001,1795
1653.8075,1653.8158,28046,38024,Eptesicus serotinus,0.008,0.023,-1,Echolocation,/mnt/ubna_data_02_mir/recover-20220922/UBNA_001/20220921_090000.WAV,Telephone Field,recover-20220922,001,1795
1653.8105,1653.8498,68437,82087,Rhinolophus ferrumequinum,0.026,0.026,-1,Echolocation,/mnt/ubna_data_02_mir/recover-20220922/UBNA_001/20220921_090000.WAV,Telephone Field,recover-20220922,001,1795
1653.8225,1653.8599,68437,81171,Rhinolophus ferrumequinum,0.024,0.024,-1,Echolocation,/mnt/ubna_data_02_mir/recover-20220922/UBNA_001/20220921_090000.WAV,Telephone Field,recover-20220922,001,1795
1653.8365,1653.8704,68437,81432,Rhinolophus ferrumequinum,0.023,0.024,-1,Echolocation,/mnt/ubna_data_02_mir/recover-20220922/UBNA_001/20220921_090000.WAV,Telephone Field,recover-20220922,001,1795
1653.8385,1653.8548,22031,25174,Nyctalus leisleri,0.019,0.033,-1,Echolocation,/mnt/ubna_data_02_mir/recover-20220922/UBNA_001/20220921_090000.WAV,Telephone Field,recover-20220922,001,1795
1653.8555,1653.8958,68437,82642,Rhinolophus ferrumequinum,0.023,0.023,-1,Echolocation,/mnt/ubna_data_02_mir/recover-20220922/UBNA_001/20220921_090000.WAV,Telephone Field,recover-20220922,001,1795
1653.8915,1653.8993,28046,38341,Eptesicus serotinus,0.009,0.024,-1,Echolocation,/mnt/ubna_data_02_mir/recover-20220922/UBNA_001/20220921_090000.WAV,Telephone Field,recover-20220922,001,1795
1653.8915,1653.8994,48671,56498,Pipistrellus pipistrellus,0.025,0.028,-1,Echolocation,/mnt/ubna_data_02_mir/recover-20220922/UBNA_001/20220921_090000.WAV,Telephone Field,recover-20220922,001,1795
1653.9155,1653.9561,68437,82028,Rhinolophus ferrumequinum,0.023,0.023,-1,Echolocation,/mnt/ubna_data_02_mir/recover-20220922/UBNA_001/20220921_090000.WAV,Telephone Field,recover-20220922,001,1795
1653.9545,1653.9655,23750,28805,Nyctalus leisleri,0.011,0.022,-1,Echolocation,/mnt/ubna_data_02_mir/recover-20220922/UBNA_001/20220921_090000.WAV,Telephone Field,recover-20220922,001,1795
1654.0015,1654.0341,69296,81785,Rhinolophus ferrumequinum,0.059,0.059,-1,Echolocation,/mnt/ubna_data_02_mir/recover-20220922/UBNA_001/20220921_090000.WAV,Telephone Field,recover-20220922,001,1795
1654.0015,1654.0119,27187,36595,Nyctalus leisleri,0.014,0.04,-1,Echolocation,/mnt/ubna_data_02_mir/recover-20220922/UBNA_001/20220921_090000.WAV,Telephone Field,recover-20220922,001,1795
1654.0115,1654.0243,23750,29050,Nyctalus leisleri,0.022,0.048,-1,Echolocation,/mnt/ubna_data_02_mir/recover-20220922/UBNA_001/20220921_090000.WAV,Telephone Field,recover-20220922,001,1795
1654.0325,1654.0719,68437,82288,Rhinolophus ferrumequinum,0.026,0.026,-1,Echolocation,/mnt/ubna_data_02_mir/recover-20220922/UBNA_001/20220921_090000.WAV,Telephone Field,recover-20220922,001,1795
1654.0615,1654.1029,68437,83028,Rhinolophus ferrumequinum,0.028,0.028,-1,Echolocation,/mnt/ubna_data_02_mir/recover-20220922/UBNA_001/20220921_090000.WAV,Telephone Field,recover-20220922,001,1795
1654.0895,1654.1302,68437,82520,Rhinolophus ferrumequinum,0.023,0.023,-1,Echolocation,/mnt/ubna_data_02_mir/recover-20220922/UBNA_001/20220921_090000.WAV,Telephone Field,recover-20220922,001,1795
1654.0975,1654.1366,68437,82618,Rhinolophus ferrumequinum,0.024,0.024,-1,Echolocation,/mnt/ubna_data_02_mir/recover-20220922/UBNA_001/20220921_090000.WAV,Telephone Field,recover-20220922,001,1795
1654.1115,1654.1523,68437,82901,Rhinolophus ferrumequinum,0.027,0.027,-1,Echolocation,/mnt/ubna_data_02_mir/recover-20220922/UBNA_001/20220921_090000.WAV,Telephone Field,recover-20220922,001,1795
1654.1135,1654.1252,23750,29315,Nyctalus leisleri,0.011,0.022,-1,Echolocation,/mnt/ubna_data_02_mir/recover-20220922/UBNA_001/20220921_090000.WAV,Telephone Field,recover-20220922,001,1795
1654.1365,1654.1761,68437,82315,Rhinolophus ferrumequinum,0.023,0.023,-1,Echolocation,/mnt/ubna_data_02_mir/recover-20220922/UBNA_001/20220921_090000.WAV,Telephone Field,recover-20220922,001,1795
1654.1515,1654.1931,68437,82904,Rhinolophus ferrumequinum,0.039,0.039,-1,Echolocation,/mnt/ubna_data_02_mir/recover-20220922/UBNA_001/20220921_090000.WAV,Telephone Field,recover-20220922,001,1795
1654.2075,1654.2177,27187,34954,Eptesicus serotinus,0.013,0.027,-1,Echolocation,/mnt/ubna_data_02_mir/recover-20220922/UBNA_001/20220921_090000.WAV,Telephone Field,recover-20220922,001,1795
1654.2305,1654.2373,51250,56563,Pipistrellus pipistrellus,0.02,0.023,-1,Echolocation,/mnt/ubna_data_02_mir/recover-20220922/UBNA_001/20220921_090000.WAV,Telephone Field,recover-20220922,001,1795
1654.2325,1654.2703,68437,81452,Rhinolophus ferrumequinum,0.022,0.022,-1,Echolocation,/mnt/ubna_data_02_mir/recover-20220922/UBNA_001/20220921_090000.WAV,Telephone Field,recover-20220922,001,1795
1654.2695,1654.3067,68437,81652,Rhinolophus ferrumequinum,0.022,0.022,-1,Echolocation,/mnt/ubna_data_02_mir/recover-20220922/UBNA_001/20220921_090000.WAV,Telephone Field,recover-20220922,001,1795
1654.2885,1654.3282,68437,82543,Rhinolophus ferrumequinum,0.03,0.03,-1,Echolocation,/mnt/ubna_data_02_mir/recover-20220922/UBNA_001/20220921_090000.WAV,Telephone Field,recover-20220922,001,1795
1654.3125,1654.3248,22890,28332,Nyctalus leisleri,0.013,0.026,-1,Echolocation,/mnt/ubna_data_02_mir/recover-20220922/UBNA_001/20220921_090000.WAV,Telephone Field,recover-20220922,001,1795
1654.3155,1654.358,68437,82941,Rhinolophus ferrumequinum,0.032,0.032,-1,Echolocation,/mnt/ubna_data_02_mir/recover-20220922/UBNA_001/20220921_090000.WAV,Telephone Field,recover-20220922,001,1795
1654.3255,1654.3341,22890,30077,Plecotus austriacus,0.009,0.022,-1,Echolocation,/mnt/ubna_data_02_mir/recover-20220922/UBNA_001/20220921_090000.WAV,Telephone Field,recover-20220922,001,1795
1654.3265,1654.3337,28046,37651,Eptesicus serotinus,0.006,0.022,-1,Echolocation,/mnt/ubna_data_02_mir/recover-20220922/UBNA_001/20220921_090000.WAV,Telephone Field,recover-20220922,001,1795
1654.3375,1654.3733,68437,81457,Rhinolophus ferrumequinum,0.025,0.025,-1,Echolocation,/mnt/ubna_data_02_mir/recover-20220922/UBNA_001/20220921_090000.WAV,Telephone Field,recover-20220922,001,1795
1654.3725,1654.4089,68437,81421,Rhinolophus ferrumequinum,0.028,0.028,-1,Echolocation,/mnt/ubna_data_02_mir/recover-20220922/UBNA_001/20220921_090000.WAV,Telephone Field,recover-20220922,001,1795
1654.3835,1654.3972,37500,40323,Pipistrellus nathusii,0.011,0.025,-1,Echolocation,/mnt/ubna_data_02_mir/recover-20220922/UBNA_001/20220921_090000.WAV,Telephone Field,recover-20220922,001,1795
1654.3995,1654.4385,68437,82802,Rhinolophus ferrumequinum,0.023,0.023,-1,Echolocation,/mnt/ubna_data_02_mir/recover-20220922/UBNA_001/20220921_090000.WAV,Telephone Field,recover-20220922,001,1795
1654.4215,1654.4639,68437,82564,Rhinolophus ferrumequinum,0.024,0.024,-1,Echolocation,/mnt/ubna_data_02_mir/recover-20220922/UBNA_001/20220921_090000.WAV,Telephone Field,recover-20220922,001,1795
1654.4775,1654.4852,45234,48717,Pipistrellus pipistrellus,0.024,0.025,-1,Echolocation,/mnt/ubna_data_02_mir/recover-20220922/UBNA_001/20220921_090000.WAV,Telephone Field,recover-20220922,001,1795
1654.4805,1654.5195,68437,82371,Rhinolophus ferrumequinum,0.023,0.023,-1,Echolocation,/mnt/ubna_data_02_mir/recover-20220922/UBNA_001/20220921_090000.WAV,Telephone Field,recover-20220922,001,1795
1654.5035,1654.5428,68437,81812,Rhinolophus ferrumequinum,0.023,0.023,-1,Echolocation,/mnt/ubna_data_02_mir/recover-20220922/UBNA_001/20220921_090000.WAV,Telephone Field,recover-20220922,001,1795
1654.5555,1654.5737,16015,20748,Nyctalus noctula,0.019,0.026,-1,Echolocation,/mnt/ubna_data_02_mir/recover-20220922/UBNA_001/20220921_090000.WAV,Telephone Field,recover-20220922,001,1795
1654.5855,1654.6234,68437,81885,Rhinolophus ferrumequinum,0.026,0.026,-1,Echolocation,/mnt/ubna_data_02_mir/recover-20220922/UBNA_001/20220921_090000.WAV,Telephone Field,recover-20220922,001,1795
1654.5965,1654.606,24609,31012,Nyctalus leisleri,0.009,0.024,-1,Echolocation,/mnt/ubna_data_02_mir/recover-20220922/UBNA_001/20220921_090000.WAV,Telephone Field,recover-20220922,001,1795
1654.6045,1654.6282,18593,22011,Nyctalus noctula,0.04,0.057,-1,Echolocation,/mnt/ubna_data_02_mir/recover-20220922/UBNA_001/20220921_090000.WAV,Telephone Field,recover-20220922,001,1795
1654.6095,1654.6212,36640,39699,Pipistrellus nathusii,0.014,0.031,-1,Echolocation,/mnt/ubna_data_02_mir/recover-20220922/UBNA_001/20220921_090000.WAV,Telephone Field,recover-20220922,001,1795
1654.6225,1654.6619,68437,82144,Rhinolophus ferrumequinum,0.022,0.022,-1,Echolocation,/mnt/ubna_data_02_mir/recover-20220922/UBNA_001/20220921_090000.WAV,Telephone Field,recover-20220922,001,1795
1654.6625,1654.673,50390,56608,Pipistrellus pipistrellus,0.017,0.022,-1,Echolocation,/mnt/ubna_data_02_mir/recover-20220922/UBNA_001/20220921_090000.WAV,Telephone Field,recover-20220922,001,1795
1654.6725,1654.7144,68437,83500,Rhinolophus ferrumequinum,0.036,0.036,-1,Echolocation,/mnt/ubna_data_02_mir/recover-20220922/UBNA_001/20220921_090000.WAV,Telephone Field,recover-20220922,001,1795
1654.6975,1654.7045,28046,38034,Eptesicus serotinus,0.007,0.026,-1,Echolocation,/mnt/ubna_data_02_mir/recover-20220922/UBNA_001/20220921_090000.WAV,Telephone Field,recover-20220922,001,1795
1654.6985,1654.7294,68437,80597,Rhinolophus ferrumequinum,0.022,0.023,-1,Echolocation,/mnt/ubna_data_02_mir/recover-20220922/UBNA_001/20220921_090000.WAV,Telephone Field,recover-20220922,001,1795
1654.7165,1654.7536,68437,81779,Rhinolophus ferrumequinum,0.023,0.023,-1,Echolocation,/mnt/ubna_data_02_mir/recover-20220922/UBNA_001/20220921_090000.WAV,Telephone Field,recover-20220922,001,1795
1654.7185,1654.726,28906,38207,Eptesicus serotinus,0.007,0.025,-1,Echolocation,/mnt/ubna_data_02_mir/recover-20220922/UBNA_001/20220921_090000.WAV,Telephone Field,recover-20220922,001,1795
1654.7325,1654.7731,68437,82688,Rhinolophus ferrumequinum,0.031,0.031,-1,Echolocation,/mnt/ubna_data_02_mir/recover-20220922/UBNA_001/20220921_090000.WAV,Telephone Field,recover-20220922,001,1795
1654.7585,1654.7976,68437,81936,Rhinolophus ferrumequinum,0.022,0.022,-1,Echolocation,/mnt/ubna_data_02_mir/recover-20220922/UBNA_001/20220921_090000.WAV,Telephone Field,recover-20220922,001,1795
1654.7825,1654.7897,27187,36757,Eptesicus serotinus,0.016,0.048,-1,Echolocation,/mnt/ubna_data_02_mir/recover-20220922/UBNA_001/20220921_090000.WAV,Telephone Field,recover-20220922,001,1795
1654.7965,1654.8372,68437,82600,Rhinolophus ferrumequinum,0.023,0.023,-1,Echolocation,/mnt/ubna_data_02_mir/recover-20220922/UBNA_001/20220921_090000.WAV,Telephone Field,recover-20220922,001,1795
1654.8005,1654.8114,22031,26947,Nyctalus leisleri,0.01,0.022,-1,Echolocation,/mnt/ubna_data_02_mir/recover-20220922/UBNA_001/20220921_090000.WAV,Telephone Field,recover-20220922,001,1795
1654.8135,1654.8529,68437,82166,Rhinolophus ferrumequinum,0.023,0.023,-1,Echolocation,/mnt/ubna_data_02_mir/recover-20220922/UBNA_001/20220921_090000.WAV,Telephone Field,recover-20220922,001,1795
1654.8375,1654.8492,24609,29682,Nyctalus leisleri,0.014,0.029,-1,Echolocation,/mnt/ubna_data_02_mir/recover-20220922/UBNA_001/20220921_090000.WAV,Telephone Field,recover-20220922,001,1795
1654.8505,1654.8949,68437,83306,Rhinolophus ferrumequinum,0.043,0.043,-1,Echolocation,/mnt/ubna_data_02_mir/recover-20220922/UBNA_001/20220921_090000.WAV,Telephone Field,recover-20220922,001,1795
1654.8635,1654.8735,28906,36776,Eptesicus serotinus,0.011,0.025,-1,Echolocation,/mnt/ubna_data_02_mir/recover-20220922/UBNA_001/20220921_090000.WAV,Telephone Field,recover-20220922,001,1795
1654.8855,1654.9239,68437,82301,Rhinolophus ferrumequinum,0.023,0.023,-1,Echolocation,/mnt/ubna_data_02_mir/recover-20220922/UBNA_001/20220921_090000.WAV,Telephone Field,recover-20220922,001,1795
1654.8965,1654.9359,68437,81642,Rhinolophus ferrumequinum,0.023,0.023,-1,Echolocation,/mnt/ubna_data_02_mir/recover-20220922/UBNA_001/20220921_090000.WAV,Telephone Field,recover-20220922,001,1795
1654.9015,1654.909,28046,38729,Eptesicus serotinus,0.008,0.024,-1,Echolocation,/mnt/ubna_data_02_mir/recover-20220922/UBNA_001/20220921_090000.WAV,Telephone Field,recover-20220922,001,1795
1654.9185,1654.9612,68437,82873,Rhinolophus ferrumequinum,0.035,0.035,-1,Echolocation,/mnt/ubna_data_02_mir/recover-20220922/UBNA_001/20220921_090000.WAV,Telephone Field,recover-20220922,001,1795
1654.9415,1654.9811,68437,82519,Rhinolophus ferrumequinum,0.026,0.026,-1,Echolocation,/mnt/ubna_data_02_mir/recover-20220922/UBNA_001/20220921_090000.WAV,Telephone Field,recover-20220922,001,1795
1654.9625,1655.0029,68437,82583,Rhinolophus ferrumequinum,0.026,0.026,-1,Echolocation,/mnt/ubna_data_02_mir/recover-20220922/UBNA_001/20220921_090000.WAV,Telephone Field,recover-20220922,001,1795
1654.9805,1655.0206,68437,82131,Rhinolophus ferrumequinum,0.022,0.022,-1,Echolocation,/mnt/ubna_data_02_mir/recover-20220922/UBNA_001/20220921_090000.WAV,Telephone Field,recover-20220922,001,1795
1655.0055,1655.0427,68437,80804,Rhinolophus ferrumequinum,0.022,0.023,-1,Echolocation,/mnt/ubna_data_02_mir/recover-20220922/UBNA_001/20220921_090000.WAV,Telephone Field,recover-20220922,001,1795
1655.0485,1655.0872,68437,81817,Rhinolophus ferrumequinum,0.024,0.024,-1,Echolocation,/mnt/ubna_data_02_mir/recover-20220922/UBNA_001/20220921_090000.WAV,Telephone Field,recover-20220922,001,1795
1655.0565,1655.0705,25468,29655,Nyctalus leisleri,0.029,0.057,-1,Echolocation,/mnt/ubna_data_02_mir/recover-20220922/UBNA_001/20220921_090000.WAV,Telephone Field,recover-20220922,001,1795
1655.0585,1655.0985,68437,82637,Rhinolophus ferrumequinum,0.033,0.033,-1,Echolocation,/mnt/ubna_data_02_mir/recover-20220922/UBNA_001/20220921_090000.WAV,Telephone Field,recover-20220922,001,1795
1655.0945,1655.1018,26328,41465,Eptesicus serotinus,0.007,0.024,-1,Echolocation,/mnt/ubna_data_02_mir/recover-20220922/UBNA_001/20220921_090000.WAV,Telephone Field,recover-20220922,001,1795
1655.0975,1655.1354,68437,81760,Rhinolophus ferrumequinum,0.022,0.022,-1,Echolocation,/mnt/ubna_data_02_mir/recover-20220922/UBNA_001/20220921_090000.WAV,Telephone Field,recover-20220922,001,1795
1655.1235,1655.131,25468,35023,Plecotus austriacus,0.009,0.03,-1,Echolocation,/mnt/ubna_data_02_mir/recover-20220922/UBNA_001/20220921_090000.WAV,Telephone Field,recover-20220922,001,1795
1655.1335,1655.1741,68437,82750,Rhinolophus ferrumequinum,0.022,0.022,-1,Echolocation,/mnt/ubna_data_02_mir/recover-20220922/UBNA_001/20220921_090000.WAV,Telephone Field,recover-20220922,001,1795
1655.1545,1655.1664,22890,27091,Nyctalus leisleri,0.015,0.026,-1,Echolocation,/mnt/ubna_data_02_mir/recover-20220922/UBNA_001/20220921_090000.WAV,Telephone Field,recover-20220922,001,1795
1655.2025,1655.2391,68437,81877,Rhinolophus ferrumequinum,0.025,0.025,-1,Echolocation,/mnt/ubna_data_02_mir/recover-20220922/UBNA_001/20220921_090000.WAV,Telephone Field,recover-20220922,001,1795
1655.2175,1655.2553,68437,81890,Rhinolophus ferrumequinum,0.024,0.024,-1,Echolocation,/mnt/ubna_data_02_mir/recover-20220922/UBNA_001/20220921_090000.WAV,Telephone Field,recover-20220922,001,1795
1655.2265,1655.2619,68437,81822,Rhinolophus ferrumequinum,0.023,0.023,-1,Echolocation,/mnt/ubna_data_02_mir/recover-20220922/UBNA_001/20220921_090000.WAV,Telephone Field,recover-20220922,001,1795
1655.2585,1655.2955,68437,81629,Rhinolophus ferrumequinum,0.022,0.022,-1,Echolocation,/mnt/ubna_data_02_mir/recover-20220922/UBNA_001/20220921_090000.WAV,Telephone Field,recover-20220922,001,1795
1655.2995,1655.3373,68437,82455,Rhinolophus ferrumequinum,0.024,0.024,-1,Echolocation,/mnt/ubna_data_02_mir/recover-20220922/UBNA_001/20220921_090000.WAV,Telephone Field,recover-20220922,001,1795
1655.3025,1655.3115,24609,31975,Nyctalus leisleri,0.007,0.024,-1,Echolocation,/mnt/ubna_data_02_mir/recover-20220922/UBNA_001/20220921_090000.WAV,Telephone Field,recover-20220922,001,1795
1655.3275,1655.3472,19453,21919,Nyctalus leisleri,0.014,0.024,-1,Echolocation,/mnt/ubna_data_02_mir/recover-20220922/UBNA_001/20220921_090000.WAV,Telephone Field,recover-20220922,001,1795
1655.3395,1655.3808,68437,82527,Rhinolophus ferrumequinum,0.026,0.026,-1,Echolocation,/mnt/ubna_data_02_mir/recover-20220922/UBNA_001/20220921_090000.WAV,Telephone Field,recover-20220922,001,1795
1655.3565,1655.3673,24609,30675,Nyctalus leisleri,0.011,0.028,-1,Echolocation,/mnt/ubna_data_02_mir/recover-20220922/UBNA_001/20220921_090000.WAV,Telephone Field,recover-20220922,001,1795
1655.3915,1655.4013,28906,37107,Eptesicus serotinus,0.014,0.031,-1,Echolocation,/mnt/ubna_data_02_mir/recover-20220922/UBNA_001/20220921_090000.WAV,Telephone Field,recover-20220922,001,1795
1655.4215,1655.4616,68437,82305,Rhinolophus ferrumequinum,0.027,0.028,-1,Echolocation,/mnt/ubna_data_02_mir/recover-20220922/UBNA_001/20220921_090000.WAV,Telephone Field,recover-20220922,001,1795
1655.4905,1655.5001,22890,29042,Nyctalus leisleri,0.008,0.023,-1,Echolocation,/mnt/ubna_data_02_mir/recover-20220922/UBNA_001/20220921_090000.WAV,Telephone Field,recover-20220922,001,1795
1655.5085,1655.5444,68437,81526,Rhinolophus ferrumequinum,0.022,0.022,-1,Echolocation,/mnt/ubna_data_02_mir/recover-20220922/UBNA_001/20220921_090000.WAV,Telephone Field,recover-20220922,001,1795
1655.5245,1655.5656,68437,82118,Rhinolophus ferrumequinum,0.031,0.031,-1,Echolocation,/mnt/ubna_data_02_mir/recover-20220922/UBNA_001/20220921_090000.WAV,Telephone Field,recover-20220922,001,1795
1655.5485,1655.5873,68437,82345,Rhinolophus ferrumequinum,0.023,0.023,-1,Echolocation,/mnt/ubna_data_02_mir/recover-20220922/UBNA_001/20220921_090000.WAV,Telephone Field,recover-20220922,001,1795
1655.5525,1655.5624,22890,29025,Nyctalus leisleri,0.01,0.025,-1,Echolocation,/mnt/ubna_data_02_mir/recover-20220922/UBNA_001/20220921_090000.WAV,Telephone Field,recover-20220922,001,1795
1655.5785,1655.617,68437,82097,Rhinolophus ferrumequinum,0.022,0.022,-1,Echolocation,/mnt/ubna_data_02_mir/recover-20220922/UBNA_001/20220921_090000.WAV,Telephone Field,recover-20220922,001,1795
1655.5875,1655.6235,68437,81129,Rhinolophus ferrumequinum,0.023,0.023,-1,Echolocation,/mnt/ubna_data_02_mir/recover-20220922/UBNA_001/20220921_090000.WAV,Telephone Field,recover-20220922,001,1795
1655.6115,1655.6462,68437,81877,Rhinolophus ferrumequinum,0.025,0.025,-1,Echolocation,/mnt/ubna_data_02_mir/recover-20220922/UBNA_001/20220921_090000.WAV,Telephone Field,recover-20220922,001,1795
1655.6535,1655.6933,68437,82879,Rhinolophus ferrumequinum,0.049,0.049,-1,Echolocation,/mnt/ubna_data_02_mir/recover-20220922/UBNA_001/20220921_090000.WAV,Telephone Field,recover-20220922,001,1795
1655.6715,1655.7122,68437,82518,Rhinolophus ferrumequinum,0.026,0.026,-1,Echolocation,/mnt/ubna_data_02_mir/recover-20220922/UBNA_001/20220921_090000.WAV,Telephone Field,recover-20220922,001,1795
1655.6775,1655.688,22890,29390,Nyctalus leisleri,0.01,0.026,-1,Echolocation,/mnt/ubna_data_02_mir/recover-20220922/UBNA_001/20220921_090000.WAV,Telephone Field,recover-20220922,001,1795
1655.7115,1655.7549,68437,83279,Rhinolophus ferrumequinum,0.037,0.037,-1,Echolocation,/mnt/ubna_data_02_mir/recover-20220922/UBNA_001/20220921_090000.WAV,Telephone Field,recover-20220922,001,1795
1655.7485,1655.7602,22890,28755,Nyctalus leisleri,0.02,0.044,-1,Echolocation,/mnt/ubna_data_02_mir/recover-20220922/UBNA_001/20220921_090000.WAV,Telephone Field,recover-20220922,001,1795
1655.7555,1655.7974,68437,83009,Rhinolophus ferrumequinum,0.024,0.024,-1,Echolocation,/mnt/ubna_data_02_mir/recover-20220922/UBNA_001/20220921_090000.WAV,Telephone Field,recover-20220922,001,1795
1655.7725,1655.7806,30625,41614,Myotis daubentonii,0.008,0.025,-1,Echolocation,/mnt/ubna_data_02_mir/recover-20220922/UBNA_001/20220921_090000.WAV,Telephone Field,recover-20220922,001,1795
1655.7965,1655.8362,68437,83281,Rhinolophus ferrumequinum,0.029,0.029,-1,Echolocation,/mnt/ubna_data_02_mir/recover-20220922/UBNA_001/20220921_090000.WAV,Telephone Field,recover-20220922,001,1795
1655.8275,1655.8703,68437,83148,Rhinolophus ferrumequinum,0.025,0.025,-1,Echolocation,/mnt/ubna_data_02_mir/recover-20220922/UBNA_001/20220921_090000.WAV,Telephone Field,recover-20220922,001,1795
1655.8425,1655.8794,68437,82266,Rhinolophus ferrumequinum,0.024,0.024,-1,Echolocation,/mnt/ubna_data_02_mir/recover-20220922/UBNA_001/20220921_090000.WAV,Telephone Field,recover-20220922,001,1795
1655.8915,1655.8987,28046,38197,Eptesicus serotinus,0.006,0.026,-1,Echolocation,/mnt/ubna_data_02_mir/recover-20220922/UBNA_001/20220921_090000.WAV,Telephone Field,recover-20220922,001,1795
1655.9045,1655.942,68437,81293,Rhinolophus ferrumequinum,0.022,0.022,-1,Echolocation,/mnt/ubna_data_02_mir/recover-20220922/UBNA_001/20220921_090000.WAV,Telephone Field,recover-20220922,001,1795
1655.9095,1655.9195,28046,36846,Eptesicus serotinus,0.011,0.026,-1,Echolocation,/mnt/ubna_data_02_mir/recover-20220922/UBNA_001/20220921_090000.WAV,Telephone Field,recover-20220922,001,1795
1655.9155,1655.9222,46093,50322,Pipistrellus pipistrellus,0.022,0.023,-1,Echolocation,/mnt/ubna_data_02_mir/recover-20220922/UBNA_001/20220921_090000.WAV,Telephone Field,recover-20220922,001,1795
1655.9335,1655.9731,68437,82673,Rhinolophus ferrumequinum,0.032,0.032,-1,Echolocation,/mnt/ubna_data_02_mir/recover-20220922/UBNA_001/20220921_090000.WAV,Telephone Field,recover-20220922,001,1795
1655.9405,1655.9782,68437,82338,Rhinolophus ferrumequinum,0.025,0.025,-1,Echolocation,/mnt/ubna_data_02_mir/recover-20220922/UBNA_001/20220921_090000.WAV,Telephone Field,recover-20220922,001,1795
1656.0015,1656.0103,46093,51676,Pipistrellus pipistrellus,0.021,0.027,-1,Echolocation,/mnt/ubna_data_02_mir/recover-20220922/UBNA_001/20220921_090000.WAV,Telephone Field,recover-20220922,001,1795
1656.0015,1656.0105,29765,41624,Eptesicus serotinus,0.009,0.027,-1,Echolocation,/mnt/ubna_data_02_mir/recover-20220922/UBNA_001/20220921_090000.WAV,Telephone Field,recover-20220922,001,1795
1656.0015,1656.0136,20312,26438,Nyctalus leisleri,0.01,0.026,-1,Echolocation,/mnt/ubna_data_02_mir/recover-20220922/UBNA_001/20220921_090000.WAV,Telephone Field,recover-20220922,001,1795
1656.0015,1656.0091,25468,38277,Myotis nattereri,0.007,0.026,-1,Echolocation,/mnt/ubna_data_02_mir/recover-20220922/UBNA_001/20220921_090000.WAV,Telephone Field,recover-20220922,001,1795
1656.0015,1656.0366,69296,81315,Rhinolophus ferrumequinum,0.042,0.042,-1,Echolocation,/mnt/ubna_data_02_mir/recover-20220922/UBNA_001/20220921_090000.WAV,Telephone Field,recover-20220922,001,1795
1656.0075,1656.0187,21171,26565,Nyctalus leisleri,0.012,0.026,-1,Echolocation,/mnt/ubna_data_02_mir/recover-20220922/UBNA_001/20220921_090000.WAV,Telephone Field,recover-20220922,001,1795
1656.0475,1656.0883,68437,82761,Rhinolophus ferrumequinum,0.027,0.027,-1,Echolocation,/mnt/ubna_data_02_mir/recover-20220922/UBNA_001/20220921_090000.WAV,Telephone Field,recover-20220922,001,1795
1656.0815,1656.1186,68437,82632,Rhinolophus ferrumequinum,0.023,0.023,-1,Echolocation,/mnt/ubna_data_02_mir/recover-20220922/UBNA_001/20220921_090000.WAV,Telephone Field,recover-20220922,001,1795
1656.0955,1656.1361,68437,82635,Rhinolophus ferrumequinum,0.036,0.036,-1,Echolocation,/mnt/ubna_data_02_mir/recover-20220922/UBNA_001/20220921_090000.WAV,Telephone Field,recover-20220922,001,1795
1656.1075,1656.1432,68437,82039,Rhinolophus ferrumequinum,0.026,0.026,-1,Echolocation,/mnt/ubna_data_02_mir/recover-20220922/UBNA_001/20220921_090000.WAV,Telephone Field,recover-20220922,001,1795
1656.1485,1656.1555,24609,33738,Plecotus austriacus,0.009,0.025,-1,Echolocation,/mnt/ubna_data_02_mir/recover-20220922/UBNA_001/20220921_090000.WAV,Telephone Field,recover-20220922,001,1795
1656.1735,1656.2123,68437,82263,Rhinolophus ferrumequinum,0.031,0.031,-1,Echolocation,/mnt/ubna_data_02_mir/recover-20220922/UBNA_001/20220921_090000.WAV,Telephone Field,recover-20220922,001,1795
1656.1815,1656.2205,68437,82412,Rhinolophus ferrumequinum,0.025,0.025,-1,Echolocation,/mnt/ubna_data_02_mir/recover-20220922/UBNA_001/20220921_090000.WAV,Telephone Field,recover-20220922,001,1795
1656.1995,1656.2389,68437,82679,Rhinolophus ferrumequinum,0.038,0.038,-1,Echolocation,/mnt/ubna_data_02_mir/recover-20220922/UBNA_001/20220921_090000.WAV,Telephone Field,recover-20220922,001,1795
1656.2215,1656.2344,24609,30123,Nyctalus leisleri,0.022,0.05,-1,Echolocation,/mnt/ubna_data_02_mir/recover-20220922/UBNA_001/20220921_090000.WAV,Telephone Field,recover-20220922,001,1795
1656.2285,1656.2683,68437,82353,Rhinolophus ferrumequinum,0.028,0.028,-1,Echolocation,/mnt/ubna_data_02_mir/recover-20220922/UBNA_001/20220921_090000.WAV,Telephone Field,recover-20220922,001,1795
1656.2475,1656.28,68437,80604,Rhinolophus ferrumequinum,0.023,0.023,-1,Echolocation,/mnt/ubna_data_02_mir/recover-20220922/UBNA_001/20220921_090000.WAV,Telephone Field,recover-20220922,001,1795
1656.2755,1656.3138,68437,82279,Rhinolophus ferrumequinum,0.026,0.026,-1,Echolocation,/mnt/ubna_data_02_mir/recover-20220922/UBNA_001/20220921_090000.WAV,Telephone Field,recover-20220922,001,1795
1656.2825,1656.2906,28906,38535,Eptesicus serotinus,0.007,0.023,-1,Echolocation,/mnt/ubna_data_02_mir/recover-20220922/UBNA_001/20220921_090000.WAV,Telephone Field,recover-20220922,001,1795
1656.2915,1656.3298,68437,82046,Rhinolophus ferrumequinum,0.026,0.026,-1,Echolocation,/mnt/ubna_data_02_mir/recover-20220922/UBNA_001/20220921_090000.WAV,Telephone Field,recover-20220922,001,1795
1656.3395,1656.3787,68437,82740,Rhinolophus ferrumequinum,0.024,0.024,-1,Echolocation,/mnt/ubna_data_02_mir/recover-20220922/UBNA_001/20220921_090000.WAV,Telephone Field,recover-20220922,001,1795
1656.3595,1656.397,68437,81993,Rhinolophus ferrumequinum,0.027,0.027,-1,Echolocation,/mnt/ubna_data_02_mir/recover-20220922/UBNA_001/20220921_090000.WAV,Telephone Field,recover-20220922,001,1795
1656.4215,1656.4335,42656,47372,Pipistrellus pipistrellus,0.024,0.033,-1,Echolocation,/mnt/ubna_data_02_mir/recover-20220922/UBNA_001/20220921_090000.WAV,Telephone Field,recover-20220922,001,1795
1656.4225,1656.4593,68437,81343,Rhinolophus ferrumequinum,0.025,0.025,-1,Echolocation,/mnt/ubna_data_02_mir/recover-20220922/UBNA_001/20220921_090000.WAV,Telephone Field,recover-20220922,001,1795
1656.4735,1656.5156,68437,82936,Rhinolophus ferrumequinum,0.027,0.027,-1,Echolocation,/mnt/ubna_data_02_mir/recover-20220922/UBNA_001/20220921_090000.WAV,Telephone Field,recover-20220922,001,1795
1656.5375,1656.5486,24609,31218,Nyctalus leisleri,0.011,0.031,-1,Echolocation,/mnt/ubna_data_02_mir/recover-20220922/UBNA_001/20220921_090000.WAV,Telephone Field,recover-20220922,001,1795
1656.5475,1656.5591,22890,27747,Nyctalus leisleri,0.013,0.025,-1,Echolocation,/mnt/ubna_data_02_mir/recover-20220922/UBNA_001/20220921_090000.WAV,Telephone Field,recover-20220922,001,1795
1656.5685,1656.6084,68437,82578,Rhinolophus ferrumequinum,0.029,0.029,-1,Echolocation,/mnt/ubna_data_02_mir/recover-20220922/UBNA_001/20220921_090000.WAV,Telephone Field,recover-20220922,001,1795
1656.5875,1656.6229,68437,80341,Rhinolophus ferrumequinum,0.025,0.025,-1,Echolocation,/mnt/ubna_data_02_mir/recover-20220922/UBNA_001/20220921_090000.WAV,Telephone Field,recover-20220922,001,1795
1656.5885,1656.5967,26328,35192,Eptesicus serotinus,0.008,0.024,-1,Echolocation,/mnt/ubna_data_02_mir/recover-20220922/UBNA_001/20220921_090000.WAV,Telephone Field,recover-20220922,001,1795
1656.6445,1656.6878,68437,82950,Rhinolophus ferrumequinum,0.069,0.069,-1,Echolocation,/mnt/ubna_data_02_mir/recover-20220922/UBNA_001/20220921_090000.WAV,Telephone Field,recover-20220922,001,1795
1656.6705,1656.7087,68437,82189,Rhinolophus ferrumequinum,0.024,0.024,-1,Echolocation,/mnt/ubna_data_02_mir/recover-20220922/UBNA_001/20220921_090000.WAV,Telephone Field,recover-20220922,001,1795
1656.6835,1656.7235,68437,82672,Rhinolophus ferrumequinum,0.032,0.032,-1,Echolocation,/mnt/ubna_data_02_mir/recover-20220922/UBNA_001/20220921_090000.WAV,Telephone Field,recover-20220922,001,1795
1656.7115,1656.7507,68437,82278,Rhinolophus ferrumequinum,0.024,0.024,-1,Echolocation,/mnt/ubna_data_02_mir/recover-20220922/UBNA_001/20220921_090000.WAV,Telephone Field,recover-20220922,001,1795
1656.7125,1656.7241,22890,27580,Nyctalus leisleri,0.013,0.026,-1,Echolocation,/mnt/ubna_data_02_mir/recover-20220922/UBNA_001/20220921_090000.WAV,Telephone Field,recover-20220922,001,1795
1656.7305,1656.7388,46953,54277,Pipistrellus pipistrellus,0.026,0.028,-1,Echolocation,/mnt/ubna_data_02_mir/recover-20220922/UBNA_001/20220921_090000.WAV,Telephone Field,recover-20220922,001,1795
1656.7325,1656.7409,30625,41741,Myotis daubentonii,0.007,0.023,-1,Echolocation,/mnt/ubna_data_02_mir/recover-20220922/UBNA_001/20220921_090000.WAV,Telephone Field,recover-20220922,001,1795
1656.7555,1656.7994,68437,83094,Rhinolophus ferrumequinum,0.036,0.036,-1,Echolocation,/mnt/ubna_data_02_mir/recover-20220922/UBNA_001/20220921_090000.WAV,Telephone Field,recover-20220922,001,1795
1656.8005,1656.8436,68437,83367,Rhinolophus ferrumequinum,0.044,0.044,-1,Echolocation,/mnt/ubna_data_02_mir/recover-20220922/UBNA_001/20220921_090000.WAV,Telephone Field,recover-20220922,001,1795
1656.8215,1656.8635,68437,82699,Rhinolophus ferrumequinum,0.031,0.031,-1,Echolocation,/mnt/ubna_data_02_mir/recover-20220922/UBNA_001/20220921_090000.WAV,Telephone Field,recover-20220922,001,1795
1656.8465,1656.8569,28046,36263,Eptesicus serotinus,0.018,0.032,-1,Echolocation,/mnt/ubna_data_02_mir/recover-20220922/UBNA_001/20220921_090000.WAV,Telephone Field,recover-20220922,001,1795
1656.8585,1656.8946,68437,82096,Rhinolophus ferrumequinum,0.027,0.027,-1,Echolocation,/mnt/ubna_data_02_mir/recover-20220922/UBNA_001/20220921_090000.WAV,Telephone Field,recover-20220922,001,1795
1656.8715,1656.9069,68437,82715,Rhinolophus ferrumequinum,0.024,0.024,-1,Echolocation,/mnt/ubna_data_02_mir/recover-20220922/UBNA_001/20220921_090000.WAV,Telephone Field,recover-20220922,001,1795
1656.8875,1656.9257,68437,82551,Rhinolophus ferrumequinum,0.034,0.034,-1,Echolocation,/mnt/ubna_data_02_mir/recover-20220922/UBNA_001/20220921_090000.WAV,Telephone Field,recover-20220922,001,1795
1656.9075,1656.9452,68437,82187,Rhinolophus ferrumequinum,0.027,0.027,-1,Echolocation,/mnt/ubna_data_02_mir/recover-20220922/UBNA_001/20220921_090000.WAV,Telephone Field,recover-20220922,001,1795
1656.9135,1656.9523,68437,82050,Rhinolophus ferrumequinum,0.025,0.025,-1,Echolocation,/mnt/ubna_data_02_mir/recover-20220922/UBNA_001/20220921_090000.WAV,Telephone Field,recover-20220922,001,1795
1656.9395,1656.9479,28906,39296,Eptesicus serotinus,0.009,0.024,-1,Echolocation,/mnt/ubna_data_02_mir/recover-20220922/UBNA_001/20220921_090000.WAV,Telephone Field,recover-20220922,001,1795
1656.9555,1656.9918,68437,81604,Rhinolophus ferrumequinum,0.023,0.023,-1,Echolocation,/mnt/ubna_data_02_mir/recover-20220922/UBNA_001/20220921_090000.WAV,Telephone Field,recover-20220922,001,1795
1657.0225,1657.0321,22031,29452,Plecotus austriacus,0.013,0.036,-1,Echolocation,/mnt/ubna_data_02_mir/recover-20220922/UBNA_001/20220921_090000.WAV,Telephone Field,recover-20220922,001,1795
1657.0425,1657.0829,68437,81414,Rhinolophus ferrumequinum,0.028,0.028,-1,Echolocation,/mnt/ubna_data_02_mir/recover-20220922/UBNA_001/20220921_090000.WAV,Telephone Field,recover-20220922,001,1795
1657.0685,1657.0775,27187,35189,Eptesicus serotinus,0.012,0.025,-1,Echolocation,/mnt/ubna_data_02_mir/recover-20220922/UBNA_001/20220921_090000.WAV,Telephone Field,recover-20220922,001,1795
1657.1515,1657.1623,29765,37266,Eptesicus serotinus,0.013,0.024,-1,Echolocation,/mnt/ubna_data_02_mir/recover-20220922/UBNA_001/20220921_090000.WAV,Telephone Field,recover-20220922,001,1795
1657.1885,1657.2267,68437,82166,Rhinolophus ferrumequinum,0.029,0.029,-1,Echolocation,/mnt/ubna_data_02_mir/recover-20220922/UBNA_001/20220921_090000.WAV,Telephone Field,recover-20220922,001,1795
1657.2175,1657.2555,68437,82209,Rhinolophus ferrumequinum,0.025,0.025,-1,Echolocation,/mnt/ubna_data_02_mir/recover-20220922/UBNA_001/20220921_090000.WAV,Telephone Field,recover-20220922,001,1795
1657.2495,1657.2938,68437,83405,Rhinolophus ferrumequinum,0.044,0.044,-1,Echolocation,/mnt/ubna_data_02_mir/recover-20220922/UBNA_001/20220921_090000.WAV,Telephone Field,recover-20220922,001,1795
1657.2505,1657.2599,22890,30296,Plecotus austriacus,0.008,0.027,-1,Echolocation,/mnt/ubna_data_02_mir/recover-20220922/UBNA_001/20220921_090000.WAV,Telephone Field,recover-20220922,001,1795
1657.2615,1657.2996,68437,81591,Rhinolophus ferrumequinum,0.026,0.026,-1,Echolocation,/mnt/ubna_data_02_mir/recover-20220922/UBNA_001/20220921_090000.WAV,Telephone Field,recover-20220922,001,1795
1657.2675,1657.3087,68437,82044,Rhinolophus ferrumequinum,0.027,0.027,-1,Echolocation,/mnt/ubna_data_02_mir/recover-20220922/UBNA_001/20220921_090000.WAV,Telephone Field,recover-20220922,001,1795
1657.2705,1657.2902,18593,21350,Nyctalus noctula,0.012,0.026,-1,Echolocation,/mnt/ubna_data_02_mir/recover-20220922/UBNA_001/20220921_090000.WAV,Telephone Field,recover-20220922,001,1795
1657.3155,1657.3546,68437,82657,Rhinolophus ferrumequinum,0.03,0.03,-1,Echolocation,/mnt/ubna_data_02_mir/recover-20220922/UBNA_001/20220921_090000.WAV,Telephone Field,recover-20220922,001,1795
1657.3425,1657.3813,68437,81928,Rhinolophus ferrumequinum,0.024,0.024,-1,Echolocation,/mnt/ubna_data_02_mir/recover-20220922/UBNA_001/20220921_090000.WAV,Telephone Field,recover-20220922,001,1795
1657.3665,1657.3982,68437,79972,Rhinolophus ferrumequinum,0.023,0.023,-1,Echolocation,/mnt/ubna_data_02_mir/recover-20220922/UBNA_001/20220921_090000.WAV,Telephone Field,recover-20220922,001,1795
1657.3995,1657.4081,23750,31441,Plecotus austriacus,0.008,0.023,-1,Echolocation,/mnt/ubna_data_02_mir/recover-20220922/UBNA_001/20220921_090000.WAV,Telephone Field,recover-20220922,001,1795
1657.4015,1657.4362,68437,81932,Rhinolophus ferrumequinum,0.024,0.024,-1,Echolocation,/mnt/ubna_data_02_mir/recover-20220922/UBNA_001/20220921_090000.WAV,Telephone Field,recover-20220922,001,1795
1657.4075,1657.4419,68437,81918,Rhinolophus ferrumequinum,0.023,0.023,-1,Echolocation,/mnt/ubna_data_02_mir/recover-20220922/UBNA_001/20220921_090000.WAV,Telephone Field,recover-20220922,001,1795
1657.4155,1657.4509,68437,81209,Rhinolophus ferrumequinum,0.025,0.025,-1,Echolocation,/mnt/ubna_data_02_mir/recover-20220922/UBNA_001/20220921_090000.WAV,Telephone Field,recover-20220922,001,1795
1657.4375,1657.4762,68437,82099,Rhinolophus ferrumequinum,0.023,0.023,-1,Echolocation,/mnt/ubna_data_02_mir/recover-20220922/UBNA_001/20220921_090000.WAV,Telephone Field,recover-20220922,001,1795
1657.5155,1657.5585,68437,83725,Rhinolophus ferrumequinum,0.049,0.049,-1,Echolocation,/mnt/ubna_data_02_mir/recover-20220922/UBNA_001/20220921_090000.WAV,Telephone Field,recover-20220922,001,1795
1657.5385,1657.5764,68437,82369,Rhinolophus ferrumequinum,0.026,0.026,-1,Echolocation,/mnt/ubna_data_02_mir/recover-20220922/UBNA_001/20220921_090000.WAV,Telephone Field,recover-20220922,001,1795
1657.5725,1657.5869,22031,26221,Nyctalus leisleri,0.019,0.034,-1,Echolocation,/mnt/ubna_data_02_mir/recover-20220922/UBNA_001/20220921_090000.WAV,Telephone Field,recover-20220922,001,1795
1657.6095,1657.6488,68437,82342,Rhinolophus ferrumequinum,0.027,0.027,-1,Echolocation,/mnt/ubna_data_02_mir/recover-20220922/UBNA_001/20220921_090000.WAV,Telephone Field,recover-20220922,001,1795
1657.6235,1657.6341,22890,27683,Nyctalus leisleri,0.012,0.023,-1,Echolocation,/mnt/ubna_data_02_mir/recover-20220922/UBNA_001/20220921_090000.WAV,Telephone Field,recover-20220922,001,1795
1657.6245,1657.6628,68437,82671,Rhinolophus ferrumequinum,0.027,0.027,-1,Echolocation,/mnt/ubna_data_02_mir/recover-20220922/UBNA_001/20220921_090000.WAV,Telephone Field,recover-20220922,001,1795
1657.6375,1657.674,68437,81167,Rhinolophus ferrumequinum,0.024,0.024,-1,Echolocation,/mnt/ubna_data_02_mir/recover-20220922/UBNA_001/20220921_090000.WAV,Telephone Field,recover-20220922,001,1795
1657.6495,1657.6886,68437,82170,Rhinolophus ferrumequinum,0.025,0.025,-1,Echolocation,/mnt/ubna_data_02_mir/recover-20220922/UBNA_001/20220921_090000.WAV,Telephone Field,recover-20220922,001,1795
1657.6835,1657.6932,27187,35473,Eptesicus serotinus,0.011,0.023,-1,Echolocation,/mnt/ubna_data_02_mir/recover-20220922/UBNA_001/20220921_090000.WAV,Telephone Field,recover-20220922,001,1795
1657.7075,1657.7433,68437,81239,Rhinolophus ferrumequinum,0.036,0.036,-1,Echolocation,/mnt/ubna_data_02_mir/recover-20220922/UBNA_001/20220921_090000.WAV,Telephone Field,recover-20220922,001,1795
1657.7265,1657.7665,68437,82294,Rhinolophus ferrumequinum,0.026,0.026,-1,Echolocation,/mnt/ubna_data_02_mir/recover-20220922/UBNA_001/20220921_090000.WAV,Telephone Field,recover-20220922,001,1795
1657.7825,1657.8247,68437,82772,Rhinolophus ferrumequinum,0.033,0.033,-1,Echolocation,/mnt/ubna_data_02_mir/recover-20220922/UBNA_001/20220921_090000.WAV,Telephone Field,recover-20220922,001,1795
1657.7895,1657.7992,24609,32638,Nyctalus leisleri,0.009,0.028,-1,Echolocation,/mnt/ubna_data_02_mir/recover-20220922/UBNA_001/20220921_090000.WAV,Telephone Field,recover-20220922,001,1795
1657.8375,1657.8476,22890,28318,Nyctalus leisleri,0.01,0.024,-1,Echolocation,/mnt/ubna_data_02_mir/recover-20220922/UBNA_001/20220921_090000.WAV,Telephone Field,recover-20220922,001,1795
1657.8475,1657.8865,68437,81993,Rhinolophus ferrumequinum,0.027,0.027,-1,Echolocation,/mnt/ubna_data_02_mir/recover-20220922/UBNA_001/20220921_090000.WAV,Telephone Field,recover-20220922,001,1795
1657.8525,1657.8624,27187,39078,Eptesicus serotinus,0.01,0.024,-1,Echolocation,/mnt/ubna_data_02_mir/recover-20220922/UBNA_001/20220921_090000.WAV,Telephone Field,recover-20220922,001,1795
1657.8685,1657.9075,68437,82328,Rhinolophus ferrumequinum,0.025,0.025,-1,Echolocation,/mnt/ubna_data_02_mir/recover-20220922/UBNA_001/20220921_090000.WAV,Telephone Field,recover-20220922,001,1795
1657.9335,1657.9732,68437,82324,Rhinolophus ferrumequinum,0.029,0.029,-1,Echolocation,/mnt/ubna_data_02_mir/recover-20220922/UBNA_001/20220921_090000.WAV,Telephone Field,recover-20220922,001,1795
1657.9855,1657.9964,22031,27773,Nyctalus leisleri,0.01,0.024,-1,Echolocation,/mnt/ubna_data_02_mir/recover-20220922/UBNA_001/20220921_090000.WAV,Telephone Field,recover-20220922,001,1795
1658.0015,1658.0347,68437,80148,Rhinolophus ferrumequinum,0.034,0.034,-1,Echolocation,/mnt/ubna_data_02_mir/recover-20220922/UBNA_001/20220921_090000.WAV,Telephone Field,recover-20220922,001,1795
1658.0015,1658.01,23750,32143,Nyctalus leisleri,0.008,0.026,-1,Echolocation,/mnt/ubna_data_02_mir/recover-20220922/UBNA_001/20220921_090000.WAV,Telephone Field,recover-20220922,001,1795
1658.0105,1658.0533,68437,81968,Rhinolophus ferrumequinum,0.024,0.024,-1,Echolocation,/mnt/ubna_data_02_mir/recover-20220922/UBNA_001/20220921_090000.WAV,Telephone Field,recover-20220922,001,1795
1658.0235,1658.0299,26328,37871,Eptesicus serotinus,0.01,0.037,-1,Echolocation,/mnt/ubna_data_02_mir/recover-20220922/UBNA_001/20220921_090000.WAV,Telephone Field,recover-20220922,001,1795
1658.0355,1658.0766,68437,82713,Rhinolophus ferrumequinum,0.021,0.021,-1,Echolocation,/mnt/ubna_data_02_mir/recover-20220922/UBNA_001/20220921_090000.WAV,Telephone Field,recover-20220922,001,1795
1658.0755,1658.1127,68437,82298,Rhinolophus ferrumequinum,0.043,0.043,-1,Echolocation,/mnt/ubna_data_02_mir/recover-20220922/UBNA_001/20220921_090000.WAV,Telephone Field,recover-20220922,001,1795
1658.0825,1658.0888,28046,39540,Eptesicus serotinus,0.007,0.027,-1,Echolocation,/mnt/ubna_data_02_mir/recover-20220922/UBNA_001/20220921_090000.WAV,Telephone Field,recover-20220922,001,1795
1658.1145,1658.1516,68437,82051,Rhinolophus ferrumequinum,0.024,0.024,-1,Echolocation,/mnt/ubna_data_02_mir/recover-20220922/UBNA_001/20220921_090000.WAV,Telephone Field,recover-20220922,001,1795
1658.1245,1658.1365,22890,27850,Nyctalus leisleri,0.014,0.026,-1,Echolocation,/mnt/ubna_data_02_mir/recover-20220922/UBNA_001/20220921_090000.WAV,Telephone Field,recover-20220922,001,1795
1658.1355,1658.1734,68437,81591,Rhinolophus ferrumequinum,0.023,0.023,-1,Echolocation,/mnt/ubna_data_02_mir/recover-20220922/UBNA_001/20220921_090000.WAV,Telephone Field,recover-20220922,001,1795
1658.1355,1658.1448,46093,53648,Pipistrellus pipistrellus,0.028,0.036,-1,Echolocation,/mnt/ubna_data_02_mir/recover-20220922/UBNA_001/20220921_090000.WAV,Telephone Field,recover-20220922,001,1795
1658.1375,1658.1478,22031,26416,Nyctalus leisleri,0.011,0.022,-1,Echolocation,/mnt/ubna_data_02_mir/recover-20220922/UBNA_001/20220921_090000.WAV,Telephone Field,recover-20220922,001,1795
1658.1445,1658.1846,68437,83313,Rhinolophus ferrumequinum,0.024,0.024,-1,Echolocation,/mnt/ubna_data_02_mir/recover-20220922/UBNA_001/20220921_090000.WAV,Telephone Field,recover-20220922,001,1795
1658.1795,1658.2191,68437,81985,Rhinolophus ferrumequinum,0.023,0.023,-1,Echolocation,/mnt/ubna_data_02_mir/recover-20220922/UBNA_001/20220921_090000.WAV,Telephone Field,recover-20220922,001,1795
1658.1965,1658.2039,26328,35229,Eptesicus serotinus,0.008,0.027,-1,Echolocation,/mnt/ubna_data_02_mir/recover-20220922/UBNA_001/20220921_090000.WAV,Telephone Field,recover-20220922,001,1795
1658.2285,1658.2677,68437,82125,Rhinolophus ferrumequinum,0.022,0.022,-1,Echolocation,/mnt/ubna_data_02_mir/recover-20220922/UBNA_001/20220921_090000.WAV,Telephone Field,recover-20220922,001,1795
1658.2435,1658.2812,68437,82878,Rhinolophus ferrumequinum,0.026,0.026,-1,Echolocation,/mnt/ubna_data_02_mir/recover-20220922/UBNA_001/20220921_090000.WAV,Telephone Field,recover-20220922,001,1795
1658.2445,1658.2561,25468,29738,Nyctalus leisleri,0.018,0.034,-1,Echolocation,/mnt/ubna_data_02_mir/recover-20220922/UBNA_001/20220921_090000.WAV,Telephone Field,recover-20220922,001,1795
1658.2585,1658.2969,68437,82390,Rhinolophus ferrumequinum,0.023,0.023,-1,Echolocation,/mnt/ubna_data_02_mir/recover-20220922/UBNA_001/20220921_090000.WAV,Telephone Field,recover-20220922,001,1795
1658.2955,1658.307,33203,39212,Eptesicus serotinus,0.007,0.024,-1,Echolocation,/mnt/ubna_data_02_mir/recover-20220922/UBNA_001/20220921_090000.WAV,Telephone Field,recover-20220922,001,1795
1658.3265,1658.3671,68437,83007,Rhinolophus ferrumequinum,0.038,0.038,-1,Echolocation,/mnt/ubna_data_02_mir/recover-20220922/UBNA_001/20220921_090000.WAV,Telephone Field,recover-20220922,001,1795
1658.3285,1658.3369,28046,39348,Eptesicus serotinus,0.009,0.024,-1,Echolocation,/mnt/ubna_data_02_mir/recover-20220922/UBNA_001/20220921_090000.WAV,Telephone Field,recover-20220922,001,1795
1658.3465,1658.3826,68437,82089,Rhinolophus ferrumequinum,0.023,0.023,-1,Echolocation,/mnt/ubna_data_02_mir/recover-20220922/UBNA_001/20220921_090000.WAV,Telephone Field,recover-20220922,001,1795
1658.3645,1658.4035,68437,82079,Rhinolophus ferrumequinum,0.027,0.027,-1,Echolocation,/mnt/ubna_data_02_mir/recover-20220922/UBNA_001/20220921_090000.WAV,Telephone Field,recover-20220922,001,1795
1658.3965,1658.4069,22031,27467,Nyctalus leisleri,0.01,0.024,-1,Echolocation,/mnt/ubna_data_02_mir/recover-20220922/UBNA_001/20220921_090000.WAV,Telephone Field,recover-20220922,001,1795
1658.4255,1658.4597,68437,81107,Rhinolophus ferrumequinum,0.027,0.027,-1,Echolocation,/mnt/ubna_data_02_mir/recover-20220922/UBNA_001/20220921_090000.WAV,Telephone Field,recover-20220922,001,1795
1658.4485,1658.4677,18593,22503,Nyctalus noctula,0.016,0.025,-1,Echolocation,/mnt/ubna_data_02_mir/recover-20220922/UBNA_001/20220921_090000.WAV,Telephone Field,recover-20220922,001,1795
1658.4675,1658.5058,68437,82162,Rhinolophus ferrumequinum,0.023,0.023,-1,Echolocation,/mnt/ubna_data_02_mir/recover-20220922/UBNA_001/20220921_090000.WAV,Telephone Field,recover-20220922,001,1795
1658.4685,1658.477,27187,40646,Eptesicus serotinus,0.008,0.022,-1,Echolocation,/mnt/ubna_data_02_mir/recover-20220922/UBNA_001/20220921_090000.WAV,Telephone Field,recover-20220922,001,1795
1658.4915,1658.5018,24609,31642,Nyctalus leisleri,0.009,0.026,-1,Echolocation,/mnt/ubna_data_02_mir/recover-20220922/UBNA_001/20220921_090000.WAV,Telephone Field,recover-20220922,001,1795
1658.4915,1658.5295,68437,82423,Rhinolophus ferrumequinum,0.022,0.022,-1,Echolocation,/mnt/ubna_data_02_mir/recover-20220922/UBNA_001/20220921_090000.WAV,Telephone Field,recover-20220922,001,1795
1658.5045,1658.5109,28046,43689,Eptesicus serotinus,0.008,0.032,-1,Echolocation,/mnt/ubna_data_02_mir/recover-20220922/UBNA_001/20220921_090000.WAV,Telephone Field,recover-20220922,001,1795
1658.5065,1658.544,68437,82666,Rhinolophus ferrumequinum,0.023,0.023,-1,Echolocation,/mnt/ubna_data_02_mir/recover-20220922/UBNA_001/20220921_090000.WAV,Telephone Field,recover-20220922,001,1795
1658.5315,1658.5697,68437,82345,Rhinolophus ferrumequinum,0.029,0.029,-1,Echolocation,/mnt/ubna_data_02_mir/recover-20220922/UBNA_001/20220921_090000.WAV,Telephone Field,recover-20220922,001,1795
1658.5505,1658.5583,25468,33553,Eptesicus serotinus,0.009,0.028,-1,Echolocation,/mnt/ubna_data_02_mir/recover-20220922/UBNA_001/20220921_090000.WAV,Telephone Field,recover-20220922,001,1795
1658.5635,1658.6041,68437,83094,Rhinolophus ferrumequinum,0.028,0.028,-1,Echolocation,/mnt/ubna_data_02_mir/recover-20220922/UBNA_001/20220921_090000.WAV,Telephone Field,recover-20220922,001,1795
1658.5975,1658.6058,47812,51063,Pipistrellus pipistrellus,0.043,0.048,-1,Echolocation,/mnt/ubna_data_02_mir/recover-20220922/UBNA_001/20220921_090000.WAV,Telephone Field,recover-20220922,001,1795
1658.6105,1658.6473,68437,81823,Rhinolophus ferrumequinum,0.024,0.024,-1,Echolocation,/mnt/ubna_data_02_mir/recover-20220922/UBNA_001/20220921_090000.WAV,Telephone Field,recover-20220922,001,1795
1658.6355,1658.6707,68437,81677,Rhinolophus ferrumequinum,0.021,0.021,-1,Echolocation,/mnt/ubna_data_02_mir/recover-20220922/UBNA_001/20220921_090000.WAV,Telephone Field,recover-20220922,001,1795
1658.6615,1658.6997,68437,82878,Rhinolophus ferrumequinum,0.045,0.045,-1,Echolocation,/mnt/ubna_data_02_mir/recover-20220922/UBNA_001/20220921_090000.WAV,Telephone Field,recover-20220922,001,1795
1658.6915,1658.6992,28906,38450,Eptesicus serotinus,0.007,0.023,-1,Echolocation,/mnt/ubna_data_02_mir/recover-20220922/UBNA_001/20220921_090000.WAV,Telephone Field,recover-20220922,001,1795
1658.7015,1658.7174,22031,25891,Nyctalus leisleri,0.016,0.029,-1,Echolocation,/mnt/ubna_data_02_mir/recover-20220922/UBNA_001/20220921_090000.WAV,Telephone Field,recover-20220922,001,1795
1658.7065,1658.7447,68437,82131,Rhinolophus ferrumequinum,0.024,0.024,-1,Echolocation,/mnt/ubna_data_02_mir/recover-20220922/UBNA_001/20220921_090000.WAV,Telephone Field,recover-20220922,001,1795
1658.7175,1658.7259,25468,33362,Eptesicus serotinus,0.008,0.024,-1,Echolocation,/mnt/ubna_data_02_mir/recover-20220922/UBNA_001/20220921_090000.WAV,Telephone Field,recover-20220922,001,1795
1658.7415,1658.7798,68437,82636,Rhinolophus ferrumequinum,0.039,0.039,-1,Echolocation,/mnt/ubna_data_02_mir/recover-20220922/UBNA_001/20220921_090000.WAV,Telephone Field,recover-20220922,001,1795
1658.7595,1658.7662,28046,39860,Eptesicus serotinus,0.006,0.022,-1,Echolocation,/mnt/ubna_data_02_mir/recover-20220922/UBNA_001/20220921_090000.WAV,Telephone Field,recover-20220922,001,1795
1658.7625,1658.7727,22031,27698,Nyctalus leisleri,0.009,0.023,-1,Echolocation,/mnt/ubna_data_02_mir/recover-20220922/UBNA_001/20220921_090000.WAV,Telephone Field,recover-20220922,001,1795
1658.7705,1658.8092,68437,82202,Rhinolophus ferrumequinum,0.023,0.023,-1,Echolocation,/mnt/ubna_data_02_mir/recover-20220922/UBNA_001/20220921_090000.WAV,Telephone Field,recover-20220922,001,1795
1658.7775,1658.7865,46953,52706,Pipistrellus pipistrellus,0.031,0.033,-1,Echolocation,/mnt/ubna_data_02_mir/recover-20220922/UBNA_001/20220921_090000.WAV,Telephone Field,recover-20220922,001,1795
1658.7775,1658.8149,68437,81529,Rhinolophus ferrumequinum,0.023,0.023,-1,Echolocation,/mnt/ubna_data_02_mir/recover-20220922/UBNA_001/20220921_090000.WAV,Telephone Field,recover-20220922,001,1795
1658.7945,1658.8321,68437,82003,Rhinolophus ferrumequinum,0.023,0.023,-1,Echolocation,/mnt/ubna_data_02_mir/recover-20220922/UBNA_001/20220921_090000.WAV,Telephone Field,recover-20220922,001,1795
1658.7985,1658.8092,22890,29054,Nyctalus leisleri,0.009,0.022,-1,Echolocation,/mnt/ubna_data_02_mir/recover-20220922/UBNA_001/20220921_090000.WAV,Telephone Field,recover-20220922,001,1795
1658.8195,1658.8605,68437,82597,Rhinolophus ferrumequinum,0.025,0.025,-1,Echolocation,/mnt/ubna_data_02_mir/recover-20220922/UBNA_001/20220921_090000.WAV,Telephone Field,recover-20220922,001,1795
1658.8255,1658.8348,27187,36309,Eptesicus serotinus,0.01,0.024,-1,Echolocation,/mnt/ubna_data_02_mir/recover-20220922/UBNA_001/20220921_090000.WAV,Telephone Field,recover-20220922,001,1795
1658.8385,1658.8442,49531,57280,Pipistrellus pipistrellus,0.019,0.022,-1,Echolocation,/mnt/ubna_data_02_mir/recover-20220922/UBNA_001/20220921_090000.WAV,Telephone Field,recover-20220922,001,1795
1658.8405,1658.8811,68437,82532,Rhinolophus ferrumequinum,0.026,0.026,-1,Echolocation,/mnt/ubna_data_02_mir/recover-20220922/UBNA_001/20220921_090000.WAV,Telephone Field,recover-20220922,001,1795
1658.8475,1658.8899,68437,83123,Rhinolophus ferrumequinum,0.03,0.03,-1,Echolocation,/mnt/ubna_data_02_mir/recover-20220922/UBNA_001/20220921_090000.WAV,Telephone Field,recover-20220922,001,1795
1658.8815,1658.9188,68437,81503,Rhinolophus ferrumequinum,0.021,0.021,-1,Echolocation,/mnt/ubna_data_02_mir/recover-20220922/UBNA_001/20220921_090000.WAV,Telephone Field,recover-20220922,001,1795
1658.8855,1658.8954,14296,20059,Nyctalus noctula,0.009,0.022,-1,Echolocation,/mnt/ubna_data_02_mir/recover-20220922/UBNA_001/20220921_090000.WAV,Telephone Field,recover-20220922,001,1795
1658.8985,1658.936,68437,81961,Rhinolophus ferrumequinum,0.022,0.022,-1,Echolocation,/mnt/ubna_data_02_mir/recover-20220922/UBNA_001/20220921_090000.WAV,Telephone Field,recover-20220922,001,1795
1658.9055,1658.946,68437,82112,Rhinolophus ferrumequinum,0.022,0.022,-1,Echolocation,/mnt/ubna_data_02_mir/recover-20220922/UBNA_001/20220921_090000.WAV,Telephone Field,recover-20220922,001,1795
1658.9445,1658.9825,68437,82066,Rhinolophus ferrumequinum,0.022,0.022,-1,Echolocation,/mnt/ubna_data_02_mir/recover-20220922/UBNA_001/20220921_090000.WAV,Telephone Field,recover-20220922,001,1795
1658.9565,1658.9944,68437,82314,Rhinolophus ferrumequinum,0.023,0.023,-1,Echolocation,/mnt/ubna_data_02_mir/recover-20220922/UBNA_001/20220921_090000.WAV,Telephone Field,recover-20220922,001,1795
1658.9695,1658.9817,23750,29248,Nyctalus leisleri,0.011,0.025,-1,Echolocation,/mnt/ubna_data_02_mir/recover-20220922/UBNA_001/20220921_090000.WAV,Telephone Field,recover-20220922,001,1795
1659.0045,1659.0146,23750,30187,Nyctalus leisleri,0.009,0.022,-1,Echolocation,/mnt/ubna_data_02_mir/recover-20220922/UBNA_001/20220921_090000.WAV,Telephone Field,recover-20220922,001,1795
1659.0215,1659.0573,68437,80999,Rhinolophus ferrumequinum,0.022,0.022,-1,Echolocation,/mnt/ubna_data_02_mir/recover-20220922/UBNA_001/20220921_090000.WAV,Telephone Field,recover-20220922,001,1795
1659.0385,1659.075,68437,81859,Rhinolophus ferrumequinum,0.022,0.022,-1,Echolocation,/mnt/ubna_data_02_mir/recover-20220922/UBNA_001/20220921_090000.WAV,Telephone Field,recover-20220922,001,1795
1659.0675,1659.0776,28046,36236,Eptesicus serotinus,0.012,0.025,-1,Echolocation,/mnt/ubna_data_02_mir/recover-20220922/UBNA_001/20220921_090000.WAV,Telephone Field,recover-20220922,001,1795
1659.0795,1659.0902,50390,54318,Pipistrellus pipistrellus,0.024,0.03,-1,Echolocation,/mnt/ubna_data_02_mir/recover-20220922/UBNA_001/20220921_090000.WAV,Telephone Field,recover-20220922,001,1795
1659.1235,1659.163,68437,82291,Rhinolophus ferrumequinum,0.023,0.023,-1,Echolocation,/mnt/ubna_data_02_mir/recover-20220922/UBNA_001/20220921_090000.WAV,Telephone Field,recover-20220922,001,1795
1659.1685,1659.1773,24609,33679,Eptesicus serotinus,0.007,0.024,-1,Echolocation,/mnt/ubna_data_02_mir/recover-20220922/UBNA_001/20220921_090000.WAV,Telephone Field,recover-20220922,001,1795
1659.1755,1659.1853,25468,33027,Eptesicus serotinus,0.008,0.022,-1,Echolocation,/mnt/ubna_data_02_mir/recover-20220922/UBNA_001/20220921_090000.WAV,Telephone Field,recover-20220922,001,1795
1659.1915,1659.2342,68437,83534,Rhinolophus ferrumequinum,0.053,0.053,-1,Echolocation,/mnt/ubna_data_02_mir/recover-20220922/UBNA_001/20220921_090000.WAV,Telephone Field,recover-20220922,001,1795
1659.2325,1659.2405,32343,40323,Myotis daubentonii,0.008,0.023,-1,Echolocation,/mnt/ubna_data_02_mir/recover-20220922/UBNA_001/20220921_090000.WAV,Telephone Field,recover-20220922,001,1795
1659.2395,1659.2762,68437,81801,Rhinolophus ferrumequinum,0.021,0.021,-1,Echolocation,/mnt/ubna_data_02_mir/recover-20220922/UBNA_001/20220921_090000.WAV,Telephone Field,recover-20220922,001,1795
1659.2705,1659.3084,68437,82094,Rhinolophus ferrumequinum,0.024,0.024,-1,Echolocation,/mnt/ubna_data_02_mir/recover-20220922/UBNA_001/20220921_090000.WAV,Telephone Field,recover-20220922,001,1795
1659.2935,1659.3314,68437,81932,Rhinolophus ferrumequinum,0.03,0.03,-1,Echolocation,/mnt/ubna_data_02_mir/recover-20220922/UBNA_001/20220921_090000.WAV,Telephone Field,recover-20220922,001,1795
1659.3175,1659.3554,68437,81986,Rhinolophus ferrumequinum,0.026,0.026,-1,Echolocation,/mnt/ubna_data_02_mir/recover-20220922/UBNA_001/20220921_090000.WAV,Telephone Field,recover-20220922,001,1795
1659.3205,1659.3283,26328,35364,Eptesicus serotinus,0.01,0.025,-1,Echolocation,/mnt/ubna_data_02_mir/recover-20220922/UBNA_001/20220921_090000.WAV,Telephone Field,recover-20220922,001,1795
1659.3765,1659.4132,68437,81589,Rhinolophus ferrumequinum,0.024,0.024,-1,Echolocation,/mnt/ubna_data_02_mir/recover-20220922/UBNA_001/20220921_090000.WAV,Telephone Field,recover-20220922,001,1795
1659.3805,1659.3891,28046,38252,Eptesicus serotinus,0.008,0.022,-1,Echolocation,/mnt/ubna_data_02_mir/recover-20220922/UBNA_001/20220921_090000.WAV,Telephone Field,recover-20220922,001,1795
1659.3945,1659.4322,68437,82364,Rhinolophus ferrumequinum,0.027,0.027,-1,Echolocation,/mnt/ubna_data_02_mir/recover-20220922/UBNA_001/20220921_090000.WAV,Telephone Field,recover-20220922,001,1795
1659.4575,1659.4953,68437,82103,Rhinolophus ferrumequinum,0.022,0.022,-1,Echolocation,/mnt/ubna_data_02_mir/recover-20220922/UBNA_001/20220921_090000.WAV,Telephone Field,recover-20220922,001,1795
1659.4755,1659.4841,28046,36017,Eptesicus serotinus,0.01,0.022,-1,Echolocation,/mnt/ubna_data_02_mir/recover-20220922/UBNA_001/20220921_090000.WAV,Telephone Field,recover-20220922,001,1795
1659.5045,1659.5443,68437,83255,Rhinolophus ferrumequinum,0.031,0.031,-1,Echolocation,/mnt/ubna_data_02_mir/recover-20220922/UBNA_001/20220921_090000.WAV,Telephone Field,recover-20220922,001,1795
1659.5185,1659.5615,68437,84160,Rhinolophus ferrumequinum,0.056,0.056,-1,Echolocation,/mnt/ubna_data_02_mir/recover-20220922/UBNA_001/20220921_090000.WAV,Telephone Field,recover-20220922,001,1795
1659.5215,1659.5298,28046,39482,Eptesicus serotinus,0.009,0.023,-1,Echolocation,/mnt/ubna_data_02_mir/recover-20220922/UBNA_001/20220921_090000.WAV,Telephone Field,recover-20220922,001,1795
1659.5365,1659.5488,37500,40692,Pipistrellus nathusii,0.019,0.029,-1,Echolocation,/mnt/ubna_data_02_mir/recover-20220922/UBNA_001/20220921_090000.WAV,Telephone Field,recover-20220922,001,1795
1659.6045,1659.6416,68437,81877,Rhinolophus ferrumequinum,0.021,0.021,-1,Echolocation,/mnt/ubna_data_02_mir/recover-20220922/UBNA_001/20220921_090000.WAV,Telephone Field,recover-20220922,001,1795
1659.6255,1659.6603,68437,81788,Rhinolophus ferrumequinum,0.026,0.026,-1,Echolocation,/mnt/ubna_data_02_mir/recover-20220922/UBNA_001/20220921_090000.WAV,Telephone Field,recover-20220922,001,1795
1659.6255,1659.6343,45234,54799,Pipistrellus pipistrellus,0.014,0.022,-1,Echolocation,/mnt/ubna_data_02_mir/recover-20220922/UBNA_001/20220921_090000.WAV,Telephone Field,recover-20220922,001,1795
1659.6465,1659.6529,27187,37099,Eptesicus serotinus,0.01,0.034,-1,Echolocation,/mnt/ubna_data_02_mir/recover-20220922/UBNA_001/20220921_090000.WAV,Telephone Field,recover-20220922,001,1795
1659.6685,1659.7092,68437,82942,Rhinolophus ferrumequinum,0.033,0.033,-1,Echolocation,/mnt/ubna_data_02_mir/recover-20220922/UBNA_001/20220921_090000.WAV,Telephone Field,recover-20220922,001,1795
1659.6795,1659.7199,68437,83021,Rhinolophus ferrumequinum,0.022,0.023,-1,Echolocation,/mnt/ubna_data_02_mir/recover-20220922/UBNA_001/20220921_090000.WAV,Telephone Field,recover-20220922,001,1795
1659.6845,1659.7245,68437,82934,Rhinolophus ferrumequinum,0.022,0.022,-1,Echolocation,/mnt/ubna_data_02_mir/recover-20220922/UBNA_001/20220921_090000.WAV,Telephone Field,recover-20220922,001,1795
1659.7055,1659.7419,68437,81606,Rhinolophus ferrumequinum,0.023,0.023,-1,Echolocation,/mnt/ubna_data_02_mir/recover-20220922/UBNA_001/20220921_090000.WAV,Telephone Field,recover-20220922,001,1795
1659.7245,1659.7637,68437,81714,Rhinolophus ferrumequinum,0.03,0.03,-1,Echolocation,/mnt/ubna_data_02_mir/recover-20220922/UBNA_001/20220921_090000.WAV,Telephone Field,recover-20220922,001,1795
1659.7505,1659.7866,68437,81755,Rhinolophus ferrumequinum,0.023,0.023,-1,Echolocation,/mnt/ubna_data_02_mir/recover-20220922/UBNA_001/20220921_090000.WAV,Telephone Field,recover-20220922,001,1795
1659.7685,1659.7848,22031,26098,Nyctalus leisleri,0.045,0.092,-1,Echolocation,/mnt/ubna_data_02_mir/recover-20220922/UBNA_001/20220921_090000.WAV,Telephone Field,recover-20220922,001,1795
1659.7765,1659.8166,68437,82980,Rhinolophus ferrumequinum,0.027,0.027,-1,Echolocation,/mnt/ubna_data_02_mir/recover-20220922/UBNA_001/20220921_090000.WAV,Telephone Field,recover-20220922,001,1795
1659.8155,1659.8234,28046,39913,Eptesicus serotinus,0.007,0.022,-1,Echolocation,/mnt/ubna_data_02_mir/recover-20220922/UBNA_001/20220921_090000.WAV,Telephone Field,recover-20220922,001,1795
1659.8375,1659.8447,49531,56152,Pipistrellus pipistrellus,0.02,0.024,-1,Echolocation,/mnt/ubna_data_02_mir/recover-20220922/UBNA_001/20220921_090000.WAV,Telephone Field,recover-20220922,001,1795
1659.8385,1659.8512,23750,28555,Nyctalus leisleri,0.016,0.033,-1,Echolocation,/mnt/ubna_data_02_mir/recover-20220922/UBNA_001/20220921_090000.WAV,Telephone Field,recover-20220922,001,1795
1659.8525,1659.8899,68437,82139,Rhinolophus ferrumequinum,0.022,0.022,-1,Echolocation,/mnt/ubna_data_02_mir/recover-20220922/UBNA_001/20220921_090000.WAV,Telephone Field,recover-20220922,001,1795
1659.8875,1659.9246,68437,81607,Rhinolophus ferrumequinum,0.021,0.021,-1,Echolocation,/mnt/ubna_data_02_mir/recover-20220922/UBNA_001/20220921_090000.WAV,Telephone Field,recover-20220922,001,1795
1659.9335,1659.9713,68437,82644,Rhinolophus ferrumequinum,0.024,0.024,-1,Echolocation,/mnt/ubna_data_02_mir/recover-20220922/UBNA_001/20220921_090000.WAV,Telephone Field,recover-20220922,001,1795
1659.9365,1659.9437,28046,41803,Eptesicus serotinus,0.007,0.023,-1,Echolocation,/mnt/ubna_data_02_mir/recover-20220922/UBNA_001/20220921_090000.WAV,Telephone Field,recover-20220922,001,1795
1659.9545,1659.9609,31484,43687,Myotis daubentonii,0.009,0.026,-1,Echolocation,/mnt/ubna_data_02_mir/recover-20220922/UBNA_001/20220921_090000.WAV,Telephone Field,recover-20220922,001,1795
1660.0015,1660.0351,68437,80132,Rhinolophus ferrumequinum,0.055,0.056,-1,Echolocation,/mnt/ubna_data_02_mir/recover-20220922/UBNA_001/20220921_090000.WAV,Telephone Field,recover-20220922,001,1795
1660.0015,1660.0105,27187,34903,Eptesicus serotinus,0.012,0.029,-1,Echolocation,/mnt/ubna_data_02_mir/recover-20220922/UBNA_001/20220921_090000.WAV,Telephone Field,recover-20220922,001,1795
1660.0015,1660.0086,46953,52125,Pipistrellus pipistrellus,0.02,0.026,-1,Echolocation,/mnt/ubna_data_02_mir/recover-20220922/UBNA_001/20220921_090000.WAV,Telephone Field,recover-20220922,001,1795
1660.0095,1660.0168,28046,38294,Eptesicus serotinus,0.007,0.024,-1,Echolocation,/mnt/ubna_data_02_mir/recover-20220922/UBNA_001/20220921_090000.WAV,Telephone Field,recover-20220922,001,1795
1660.0495,1660.06,25468,33558,Eptesicus serotinus,0.016,0.034,-1,Echolocation,/mnt/ubna_data_02_mir/recover-20220922/UBNA_001/20220921_090000.WAV,Telephone Field,recover-20220922,001,1795
1660.0615,1660.1037,68437,83431,Rhinolophus ferrumequinum,0.035,0.035,-1,Echolocation,/mnt/ubna_data_02_mir/recover-20220922/UBNA_001/20220921_090000.WAV,Telephone Field,recover-20220922,001,1795
1660.0925,1660.1294,68437,80790,Rhinolophus ferrumequinum,0.028,0.028,-1,Echolocation,/mnt/ubna_data_02_mir/recover-20220922/UBNA_001/20220921_090000.WAV,Telephone Field,recover-20220922,001,1795
1660.0955,1660.1025,28046,42212,Eptesicus serotinus,0.008,0.027,-1,Echolocation,/mnt/ubna_data_02_mir/recover-20220922/UBNA_001/20220921_090000.WAV,Telephone Field,recover-20220922,001,1795
1660.1065,1660.1191,22031,26114,Nyctalus leisleri,0.018,0.031,-1,Echolocation,/mnt/ubna_data_02_mir/recover-20220922/UBNA_001/20220921_090000.WAV,Telephone Field,recover-20220922,001,1795
1660.1265,1660.1344,22890,30974,Plecotus austriacus,0.009,0.022,-1,Echolocation,/mnt/ubna_data_02_mir/recover-20220922/UBNA_001/20220921_090000.WAV,Telephone Field,recover-20220922,001,1795
1660.1675,1660.1738,27187,43465,Eptesicus serotinus,0.006,0.024,-1,Echolocation,/mnt/ubna_data_02_mir/recover-20220922/UBNA_001/20220921_090000.WAV,Telephone Field,recover-20220922,001,1795
1660.2025,1660.2484,68437,83358,Rhinolophus ferrumequinum,0.033,0.033,-1,Echolocation,/mnt/ubna_data_02_mir/recover-20220922/UBNA_001/20220921_090000.WAV,Telephone Field,recover-20220922,001,1795
1660.2035,1660.214,50390,55665,Pipistrellus pipistrellus,0.027,0.031,-1,Echolocation,/mnt/ubna_data_02_mir/recover-20220922/UBNA_001/20220921_090000.WAV,Telephone Field,recover-20220922,001,1795
1660.2175,1660.2301,22031,26021,Nyctalus leisleri,0.013,0.023,-1,Echolocation,/mnt/ubna_data_02_mir/recover-20220922/UBNA_001/20220921_090000.WAV,Telephone Field,recover-20220922,001,1795
1660.2275,1660.2675,68437,82715,Rhinolophus ferrumequinum,0.023,0.023,-1,Echolocation,/mnt/ubna_data_02_mir/recover-20220922/UBNA_001/20220921_090000.WAV,Telephone Field,recover-20220922,001,1795
1660.2425,1660.2524,23750,31668,Nyctalus leisleri,0.007,0.024,-1,Echolocation,/mnt/ubna_data_02_mir/recover-20220922/UBNA_001/20220921_090000.WAV,Telephone Field,recover-20220922,001,1795
1660.2895,1660.324,68437,81947,Rhinolophus ferrumequinum,0.023,0.023,-1,Echolocation,/mnt/ubna_data_02_mir/recover-20220922/UBNA_001/20220921_090000.WAV,Telephone Field,recover-20220922,001,1795
1660.3085,1660.3519000000001,68437,83011,Rhinolophus ferrumequinum,0.041,0.041,-1,Echolocation,/mnt/ubna_data_02_mir/recover-20220922/UBNA_001/20220921_090000.WAV,Telephone Field,recover-20220922,001,1795
1660.3245,1660.3339,28046,36360,Eptesicus serotinus,0.013,0.024,-1,Echolocation,/mnt/ubna_data_02_mir/recover-20220922/UBNA_001/20220921_090000.WAV,Telephone Field,recover-20220922,001,1795
1660.3465,1660.3873,68437,82482,Rhinolophus ferrumequinum,0.023,0.023,-1,Echolocation,/mnt/ubna_data_02_mir/recover-20220922/UBNA_001/20220921_090000.WAV,Telephone Field,recover-20220922,001,1795
1660.3825,1660.4234,68437,82712,Rhinolophus ferrumequinum,0.027,0.027,-1,Echolocation,/mnt/ubna_data_02_mir/recover-20220922/UBNA_001/20220921_090000.WAV,Telephone Field,recover-20220922,001,1795
1660.4355,1660.4424,22890,30857,Plecotus austriacus,0.011,0.022,-1,Echolocation,/mnt/ubna_data_02_mir/recover-20220922/UBNA_001/20220921_090000.WAV,Telephone Field,recover-20220922,001,1795
1660.4465,1660.4821,68437,81586,Rhinolophus ferrumequinum,0.023,0.023,-1,Echolocation,/mnt/ubna_data_02_mir/recover-20220922/UBNA_001/20220921_090000.WAV,Telephone Field,recover-20220922,001,1795
1660.4675,1660.4787,23750,29494,Nyctalus leisleri,0.011,0.028,-1,Echolocation,/mnt/ubna_data_02_mir/recover-20220922/UBNA_001/20220921_090000.WAV,Telephone Field,recover-20220922,001,1795
1660.4895,1660.4972,49531,54554,Pipistrellus pipistrellus,0.022,0.025,-1,Echolocation,/mnt/ubna_data_02_mir/recover-20220922/UBNA_001/20220921_090000.WAV,Telephone Field,recover-20220922,001,1795
1660.4915,1660.5013,28046,36915,Eptesicus serotinus,0.01,0.023,-1,Echolocation,/mnt/ubna_data_02_mir/recover-20220922/UBNA_001/20220921_090000.WAV,Telephone Field,recover-20220922,001,1795
1660.4995,1660.506,27187,37523,Eptesicus serotinus,0.007,0.024,-1,Echolocation,/mnt/ubna_data_02_mir/recover-20220922/UBNA_001/20220921_090000.WAV,Telephone Field,recover-20220922,001,1795
1660.5445,1660.5867,68437,83121,Rhinolophus ferrumequinum,0.033,0.033,-1,Echolocation,/mnt/ubna_data_02_mir/recover-20220922/UBNA_001/20220921_090000.WAV,Telephone Field,recover-20220922,001,1795
1660.5725,1660.5825,57265,62524,Pipistrellus pygmaeus,0.043,0.044,-1,Echolocation,/mnt/ubna_data_02_mir/recover-20220922/UBNA_001/20220921_090000.WAV,Telephone Field,recover-20220922,001,1795
1660.5845,1660.6208,68437,81588,Rhinolophus ferrumequinum,0.023,0.023,-1,Echolocation,/mnt/ubna_data_02_mir/recover-20220922/UBNA_001/20220921_090000.WAV,Telephone Field,recover-20220922,001,1795
1660.5845,1660.5929,28906,38474,Eptesicus serotinus,0.009,0.023,-1,Echolocation,/mnt/ubna_data_02_mir/recover-20220922/UBNA_001/20220921_090000.WAV,Telephone Field,recover-20220922,001,1795
1660.6355,1660.6503,52109,55884,Pipistrellus pygmaeus,0.023,0.034,-1,Echolocation,/mnt/ubna_data_02_mir/recover-20220922/UBNA_001/20220921_090000.WAV,Telephone Field,recover-20220922,001,1795
1660.6915,1660.7327,68437,82920,Rhinolophus ferrumequinum,0.023,0.023,-1,Echolocation,/mnt/ubna_data_02_mir/recover-20220922/UBNA_001/20220921_090000.WAV,Telephone Field,recover-20220922,001,1795
1660.7135,1660.7538,68437,81917,Rhinolophus ferrumequinum,0.027,0.027,-1,Echolocation,/mnt/ubna_data_02_mir/recover-20220922/UBNA_001/20220921_090000.WAV,Telephone Field,recover-20220922,001,1795
1660.7495,1660.7893,68437,82197,Rhinolophus ferrumequinum,0.023,0.023,-1,Echolocation,/mnt/ubna_data_02_mir/recover-20220922/UBNA_001/20220921_090000.WAV,Telephone Field,recover-20220922,001,1795
1660.8155,1660.8568,68437,82389,Rhinolophus ferrumequinum,0.023,0.023,-1,Echolocation,/mnt/ubna_data_02_mir/recover-20220922/UBNA_001/20220921_090000.WAV,Telephone Field,recover-20220922,001,1795
1660.8705,1660.8807,23750,30109,Nyctalus leisleri,0.009,0.023,-1,Echolocation,/mnt/ubna_data_02_mir/recover-20220922/UBNA_001/20220921_090000.WAV,Telephone Field,recover-20220922,001,1795
1660.8835,1660.8909,28046,40962,Eptesicus serotinus,0.007,0.022,-1,Echolocation,/mnt/ubna_data_02_mir/recover-20220922/UBNA_001/20220921_090000.WAV,Telephone Field,recover-20220922,001,1795
1660.8995,1660.9445,68437,83203,Rhinolophus ferrumequinum,0.047,0.047,-1,Echolocation,/mnt/ubna_data_02_mir/recover-20220922/UBNA_001/20220921_090000.WAV,Telephone Field,recover-20220922,001,1795
1660.9905,1660.998,27187,38590,Eptesicus serotinus,0.012,0.028,-1,Echolocation,/mnt/ubna_data_02_mir/recover-20220922/UBNA_001/20220921_090000.WAV,Telephone Field,recover-20220922,001,1795
1661.1075,1661.1452,68437,82691,Rhinolophus ferrumequinum,0.026,0.026,-1,Echolocation,/mnt/ubna_data_02_mir/recover-20220922/UBNA_001/20220921_090000.WAV,Telephone Field,recover-20220922,001,1795
1661.1705,1661.1789,24609,33695,Eptesicus serotinus,0.009,0.029,-1,Echolocation,/mnt/ubna_data_02_mir/recover-20220922/UBNA_001/20220921_090000.WAV,Telephone Field,recover-20220922,001,1795
1661.1785,1661.1885,27187,35368,Eptesicus serotinus,0.015,0.026,-1,Echolocation,/mnt/ubna_data_02_mir/recover-20220922/UBNA_001/20220921_090000.WAV,Telephone Field,recover-20220922,001,1795
1661.1865,1661.2272,68437,82661,Rhinolophus ferrumequinum,0.024,0.024,-1,Echolocation,/mnt/ubna_data_02_mir/recover-20220922/UBNA_001/20220921_090000.WAV,Telephone Field,recover-20220922,001,1795
1661.2025,1661.2129,27187,34899,Eptesicus serotinus,0.012,0.023,-1,Echolocation,/mnt/ubna_data_02_mir/recover-20220922/UBNA_001/20220921_090000.WAV,Telephone Field,recover-20220922,001,1795
1661.2145,1661.2217,27187,36991,Eptesicus serotinus,0.014,0.034,-1,Echolocation,/mnt/ubna_data_02_mir/recover-20220922/UBNA_001/20220921_090000.WAV,Telephone Field,recover-20220922,001,1795
1661.2645,1661.2732,28046,38267,Eptesicus serotinus,0.025,0.043,-1,Echolocation,/mnt/ubna_data_02_mir/recover-20220922/UBNA_001/20220921_090000.WAV,Telephone Field,recover-20220922,001,1795
1661.2755,1661.3167,68437,82770,Rhinolophus ferrumequinum,0.023,0.023,-1,Echolocation,/mnt/ubna_data_02_mir/recover-20220922/UBNA_001/20220921_090000.WAV,Telephone Field,recover-20220922,001,1795
1661.2815,1661.2951,15156,21757,Nyctalus noctula,0.018,0.026,-1,Echolocation,/mnt/ubna_data_02_mir/recover-20220922/UBNA_001/20220921_090000.WAV,Telephone Field,recover-20220922,001,1795
1661.3005,1661.3417,68437,83294,Rhinolophus ferrumequinum,0.024,0.024,-1,Echolocation,/mnt/ubna_data_02_mir/recover-20220922/UBNA_001/20220921_090000.WAV,Telephone Field,recover-20220922,001,1795
1661.3025,1661.3124,28906,36533,Eptesicus serotinus,0.01,0.024,-1,Echolocation,/mnt/ubna_data_02_mir/recover-20220922/UBNA_001/20220921_090000.WAV,Telephone Field,recover-20220922,001,1795
1661.3245,1661.3579,68437,81285,Rhinolophus ferrumequinum,0.024,0.025,-1,Echolocation,/mnt/ubna_data_02_mir/recover-20220922/UBNA_001/20220921_090000.WAV,Telephone Field,recover-20220922,001,1795
1661.3355,1661.3401,40078,55625,Myotis mystacinus,0.006,0.024,-1,Echolocation,/mnt/ubna_data_02_mir/recover-20220922/UBNA_001/20220921_090000.WAV,Telephone Field,recover-20220922,001,1795
1661.3545,1661.3673,15156,21751,Nyctalus noctula,0.021,0.031,-1,Echolocation,/mnt/ubna_data_02_mir/recover-20220922/UBNA_001/20220921_090000.WAV,Telephone Field,recover-20220922,001,1795
1661.3625,1661.4007,68437,81575,Rhinolophus ferrumequinum,0.024,0.024,-1,Echolocation,/mnt/ubna_data_02_mir/recover-20220922/UBNA_001/20220921_090000.WAV,Telephone Field,recover-20220922,001,1795
1661.3745,1661.3845,27187,34451,Eptesicus serotinus,0.013,0.026,-1,Echolocation,/mnt/ubna_data_02_mir/recover-20220922/UBNA_001/20220921_090000.WAV,Telephone Field,recover-20220922,001,1795
1661.4105,1661.4517,68437,82825,Rhinolophus ferrumequinum,0.025,0.025,-1,Echolocation,/mnt/ubna_data_02_mir/recover-20220922/UBNA_001/20220921_090000.WAV,Telephone Field,recover-20220922,001,1795
1661.4815,1661.5244,68437,83263,Rhinolophus ferrumequinum,0.027,0.027,-1,Echolocation,/mnt/ubna_data_02_mir/recover-20220922/UBNA_001/20220921_090000.WAV,Telephone Field,recover-20220922,001,1795
1661.5245,1661.5344,23750,30609,Nyctalus leisleri,0.01,0.03,-1,Echolocation,/mnt/ubna_data_02_mir/recover-20220922/UBNA_001/20220921_090000.WAV,Telephone Field,recover-20220922,001,1795
1661.5385,1661.5455,28906,40662,Eptesicus serotinus,0.007,0.024,-1,Echolocation,/mnt/ubna_data_02_mir/recover-20220922/UBNA_001/20220921_090000.WAV,Telephone Field,recover-20220922,001,1795
1661.5505,1661.5888,68437,82198,Rhinolophus ferrumequinum,0.023,0.023,-1,Echolocation,/mnt/ubna_data_02_mir/recover-20220922/UBNA_001/20220921_090000.WAV,Telephone Field,recover-20220922,001,1795
1661.5525,1661.5638,26328,33121,Eptesicus serotinus,0.012,0.023,-1,Echolocation,/mnt/ubna_data_02_mir/recover-20220922/UBNA_001/20220921_090000.WAV,Telephone Field,recover-20220922,001,1795
1661.5695,1661.6123,68437,82955,Rhinolophus ferrumequinum,0.025,0.025,-1,Echolocation,/mnt/ubna_data_02_mir/recover-20220922/UBNA_001/20220921_090000.WAV,Telephone Field,recover-20220922,001,1795
1661.6295,1661.6389,25468,34196,Eptesicus serotinus,0.01,0.028,-1,Echolocation,/mnt/ubna_data_02_mir/recover-20220922/UBNA_001/20220921_090000.WAV,Telephone Field,recover-20220922,001,1795
1661.6945,1661.7037,24609,33142,Eptesicus serotinus,0.008,0.024,-1,Echolocation,/mnt/ubna_data_02_mir/recover-20220922/UBNA_001/20220921_090000.WAV,Telephone Field,recover-20220922,001,1795
1661.7065,1661.7168,27187,34459,Eptesicus serotinus,0.014,0.027,-1,Echolocation,/mnt/ubna_data_02_mir/recover-20220922/UBNA_001/20220921_090000.WAV,Telephone Field,recover-20220922,001,1795
1661.7175,1661.725,50390,55689,Pipistrellus pipistrellus,0.024,0.027,-1,Echolocation,/mnt/ubna_data_02_mir/recover-20220922/UBNA_001/20220921_090000.WAV,Telephone Field,recover-20220922,001,1795
1661.7275,1661.7736,68437,83912,Rhinolophus ferrumequinum,0.037,0.037,-1,Echolocation,/mnt/ubna_data_02_mir/recover-20220922/UBNA_001/20220921_090000.WAV,Telephone Field,recover-20220922,001,1795
1661.7505,1661.7877,68437,81622,Rhinolophus ferrumequinum,0.023,0.023,-1,Echolocation,/mnt/ubna_data_02_mir/recover-20220922/UBNA_001/20220921_090000.WAV,Telephone Field,recover-20220922,001,1795
1661.7605,1661.7716,22031,26847,Nyctalus leisleri,0.012,0.025,-1,Echolocation,/mnt/ubna_data_02_mir/recover-20220922/UBNA_001/20220921_090000.WAV,Telephone Field,recover-20220922,001,1795
1661.7675,1661.7747,47812,55707,Pipistrellus pipistrellus,0.028,0.031,-1,Echolocation,/mnt/ubna_data_02_mir/recover-20220922/UBNA_001/20220921_090000.WAV,Telephone Field,recover-20220922,001,1795
1661.7865,1661.8275,68437,82620,Rhinolophus ferrumequinum,0.024,0.024,-1,Echolocation,/mnt/ubna_data_02_mir/recover-20220922/UBNA_001/20220921_090000.WAV,Telephone Field,recover-20220922,001,1795
1661.8275,1661.8713,68437,83065,Rhinolophus ferrumequinum,0.026,0.026,-1,Echolocation,/mnt/ubna_data_02_mir/recover-20220922/UBNA_001/20220921_090000.WAV,Telephone Field,recover-20220922,001,1795
1661.8555,1661.8888,68437,81293,Rhinolophus ferrumequinum,0.023,0.023,-1,Echolocation,/mnt/ubna_data_02_mir/recover-20220922/UBNA_001/20220921_090000.WAV,Telephone Field,recover-20220922,001,1795
1661.8625,1661.8716,28046,37060,Eptesicus serotinus,0.012,0.025,-1,Echolocation,/mnt/ubna_data_02_mir/recover-20220922/UBNA_001/20220921_090000.WAV,Telephone Field,recover-20220922,001,1795
1661.8715,1661.9118,68437,82939,Rhinolophus ferrumequinum,0.027,0.027,-1,Echolocation,/mnt/ubna_data_02_mir/recover-20220922/UBNA_001/20220921_090000.WAV,Telephone Field,recover-20220922,001,1795
1661.9095,1661.9489,68437,82877,Rhinolophus ferrumequinum,0.026,0.026,-1,Echolocation,/mnt/ubna_data_02_mir/recover-20220922/UBNA_001/20220921_090000.WAV,Telephone Field,recover-20220922,001,1795
1661.9255,1661.9642,68437,82096,Rhinolophus ferrumequinum,0.025,0.025,-1,Echolocation,/mnt/ubna_data_02_mir/recover-20220922/UBNA_001/20220921_090000.WAV,Telephone Field,recover-20220922,001,1795
1661.9465,1661.9835,68437,82027,Rhinolophus ferrumequinum,0.024,0.024,-1,Echolocation,/mnt/ubna_data_02_mir/recover-20220922/UBNA_001/20220921_090000.WAV,Telephone Field,recover-20220922,001,1795
1661.9485,1661.9586,26328,34556,Eptesicus serotinus,0.01,0.023,-1,Echolocation,/mnt/ubna_data_02_mir/recover-20220922/UBNA_001/20220921_090000.WAV,Telephone Field,recover-20220922,001,1795
1661.9895,1661.9988,25468,35777,Eptesicus serotinus,0.008,0.023,-1,Echolocation,/mnt/ubna_data_02_mir/recover-20220922/UBNA_001/20220921_090000.WAV,Telephone Field,recover-20220922,001,1795
1662.0015,1662.0097,47812,54791,Pipistrellus pipistrellus,0.014,0.021,-1,Echolocation,/mnt/ubna_data_02_mir/recover-20220922/UBNA_001/20220921_090000.WAV,Telephone Field,recover-20220922,001,1795
1662.0015,1662.0159,16875,21366,Nyctalus noctula,0.011,0.027,-1,Echolocation,/mnt/ubna_data_02_mir/recover-20220922/UBNA_001/20220921_090000.WAV,Telephone Field,recover-20220922,001,1795
1662.0025,1662.0414,68437,81527,Rhinolophus ferrumequinum,0.027,0.028,-1,Echolocation,/mnt/ubna_data_02_mir/recover-20220922/UBNA_001/20220921_090000.WAV,Telephone Field,recover-20220922,001,1795
1662.0105,1662.0522,68437,82465,Rhinolophus ferrumequinum,0.021,0.021,-1,Echolocation,/mnt/ubna_data_02_mir/recover-20220922/UBNA_001/20220921_090000.WAV,Telephone Field,recover-20220922,001,1795
1662.0335,1662.0419,28046,37365,Eptesicus serotinus,0.009,0.024,-1,Echolocation,/mnt/ubna_data_02_mir/recover-20220922/UBNA_001/20220921_090000.WAV,Telephone Field,recover-20220922,001,1795
1662.0385,1662.0772,68437,80885,Rhinolophus ferrumequinum,0.022,0.022,-1,Echolocation,/mnt/ubna_data_02_mir/recover-20220922/UBNA_001/20220921_090000.WAV,Telephone Field,recover-20220922,001,1795
1662.0635,1662.1006,68437,81550,Rhinolophus ferrumequinum,0.02,0.02,-1,Echolocation,/mnt/ubna_data_02_mir/recover-20220922/UBNA_001/20220921_090000.WAV,Telephone Field,recover-20220922,001,1795
1662.0685,1662.0781,30625,39252,Myotis daubentonii,0.009,0.027,-1,Echolocation,/mnt/ubna_data_02_mir/recover-20220922/UBNA_001/20220921_090000.WAV,Telephone Field,recover-20220922,001,1795
1662.0765,1662.1162,68437,82566,Rhinolophus ferrumequinum,0.023,0.023,-1,Echolocation,/mnt/ubna_data_02_mir/recover-20220922/UBNA_001/20220921_090000.WAV,Telephone Field,recover-20220922,001,1795
1662.1175,1662.1585,68437,82490,Rhinolophus ferrumequinum,0.051,0.051,-1,Echolocation,/mnt/ubna_data_02_mir/recover-20220922/UBNA_001/20220921_090000.WAV,Telephone Field,recover-20220922,001,1795
1662.2025,1662.2161,15156,20505,Nyctalus noctula,0.022,0.033,-1,Echolocation,/mnt/ubna_data_02_mir/recover-20220922/UBNA_001/20220921_090000.WAV,Telephone Field,recover-20220922,001,1795
1662.2035,1662.2419,68437,81991,Rhinolophus ferrumequinum,0.021,0.021,-1,Echolocation,/mnt/ubna_data_02_mir/recover-20220922/UBNA_001/20220921_090000.WAV,Telephone Field,recover-20220922,001,1795
1662.2595,1662.2702,25468,32271,Eptesicus serotinus,0.008,0.021,-1,Echolocation,/mnt/ubna_data_02_mir/recover-20220922/UBNA_001/20220921_090000.WAV,Telephone Field,recover-20220922,001,1795
1662.2705,1662.31,68437,81941,Rhinolophus ferrumequinum,0.023,0.024,-1,Echolocation,/mnt/ubna_data_02_mir/recover-20220922/UBNA_001/20220921_090000.WAV,Telephone Field,recover-20220922,001,1795
1662.3495,1662.358,27187,37933,Eptesicus serotinus,0.007,0.021,-1,Echolocation,/mnt/ubna_data_02_mir/recover-20220922/UBNA_001/20220921_090000.WAV,Telephone Field,recover-20220922,001,1795
1662.3505,1662.3885,68437,81874,Rhinolophus ferrumequinum,0.02,0.02,-1,Echolocation,/mnt/ubna_data_02_mir/recover-20220922/UBNA_001/20220921_090000.WAV,Telephone Field,recover-20220922,001,1795
1662.3835,1662.4188,68437,81823,Rhinolophus ferrumequinum,0.022,0.022,-1,Echolocation,/mnt/ubna_data_02_mir/recover-20220922/UBNA_001/20220921_090000.WAV,Telephone Field,recover-20220922,001,1795
1662.3995,1662.4094,23750,30210,Nyctalus leisleri,0.008,0.023,-1,Echolocation,/mnt/ubna_data_02_mir/recover-20220922/UBNA_001/20220921_090000.WAV,Telephone Field,recover-20220922,001,1795
1662.4425,1662.4828,68437,82650,Rhinolophus ferrumequinum,0.023,0.023,-1,Echolocation,/mnt/ubna_data_02_mir/recover-20220922/UBNA_001/20220921_090000.WAV,Telephone Field,recover-20220922,001,1795
1662.4615,1662.4694,25468,33942,Eptesicus serotinus,0.007,0.021,-1,Echolocation,/mnt/ubna_data_02_mir/recover-20220922/UBNA_001/20220921_090000.WAV,Telephone Field,recover-20220922,001,1795
1662.4825,1662.4955,26328,31484,Eptesicus serotinus,0.01,0.022,-1,Echolocation,/mnt/ubna_data_02_mir/recover-20220922/UBNA_001/20220921_090000.WAV,Telephone Field,recover-20220922,001,1795
1662.4925,1662.5029,28906,35747,Eptesicus serotinus,0.009,0.022,-1,Echolocation,/mnt/ubna_data_02_mir/recover-20220922/UBNA_001/20220921_090000.WAV,Telephone Field,recover-20220922,001,1795
1662.5115,1662.5526,68437,82882,Rhinolophus ferrumequinum,0.023,0.023,-1,Echolocation,/mnt/ubna_data_02_mir/recover-20220922/UBNA_001/20220921_090000.WAV,Telephone Field,recover-20220922,001,1795
1662.5715,1662.5843,26328,31737,Nyctalus leisleri,0.016,0.035,-1,Echolocation,/mnt/ubna_data_02_mir/recover-20220922/UBNA_001/20220921_090000.WAV,Telephone Field,recover-20220922,001,1795
1662.5735,1662.6098,68437,81479,Rhinolophus ferrumequinum,0.024,0.024,-1,Echolocation,/mnt/ubna_data_02_mir/recover-20220922/UBNA_001/20220921_090000.WAV,Telephone Field,recover-20220922,001,1795
1662.6465,1662.6845,68437,81831,Rhinolophus ferrumequinum,0.02,0.02,-1,Echolocation,/mnt/ubna_data_02_mir/recover-20220922/UBNA_001/20220921_090000.WAV,Telephone Field,recover-20220922,001,1795
1662.6665,1662.7084,68437,83165,Rhinolophus ferrumequinum,0.025,0.025,-1,Echolocation,/mnt/ubna_data_02_mir/recover-20220922/UBNA_001/20220921_090000.WAV,Telephone Field,recover-20220922,001,1795
1662.6825,1662.6922,22890,28935,Nyctalus leisleri,0.008,0.021,-1,Echolocation,/mnt/ubna_data_02_mir/recover-20220922/UBNA_001/20220921_090000.WAV,Telephone Field,recover-20220922,001,1795
1662.6915,1662.7274,68437,82164,Rhinolophus ferrumequinum,0.022,0.022,-1,Echolocation,/mnt/ubna_data_02_mir/recover-20220922/UBNA_001/20220921_090000.WAV,Telephone Field,recover-20220922,001,1795
1662.7715,1662.8079,68437,82033,Rhinolophus ferrumequinum,0.021,0.021,-1,Echolocation,/mnt/ubna_data_02_mir/recover-20220922/UBNA_001/20220921_090000.WAV,Telephone Field,recover-20220922,001,1795
1662.7995,1662.8105,23750,29421,Nyctalus leisleri,0.009,0.021,-1,Echolocation,/mnt/ubna_data_02_mir/recover-20220922/UBNA_001/20220921_090000.WAV,Telephone Field,recover-20220922,001,1795
1662.8065,1662.8154,24609,32576,Eptesicus serotinus,0.007,0.02,-1,Echolocation,/mnt/ubna_data_02_mir/recover-20220922/UBNA_001/20220921_090000.WAV,Telephone Field,recover-20220922,001,1795
1662.8225,1662.8642,68437,82290,Rhinolophus ferrumequinum,0.028,0.028,-1,Echolocation,/mnt/ubna_data_02_mir/recover-20220922/UBNA_001/20220921_090000.WAV,Telephone Field,recover-20220922,001,1795
1662.8235,1662.8382,22890,27016,Nyctalus leisleri,0.021,0.038,-1,Echolocation,/mnt/ubna_data_02_mir/recover-20220922/UBNA_001/20220921_090000.WAV,Telephone Field,recover-20220922,001,1795
1662.8355,1662.8758,68437,82873,Rhinolophus ferrumequinum,0.021,0.021,-1,Echolocation,/mnt/ubna_data_02_mir/recover-20220922/UBNA_001/20220921_090000.WAV,Telephone Field,recover-20220922,001,1795
1662.8435,1662.8525,47812,52491,Pipistrellus pipistrellus,0.02,0.022,-1,Echolocation,/mnt/ubna_data_02_mir/recover-20220922/UBNA_001/20220921_090000.WAV,Telephone Field,recover-20220922,001,1795
1662.8555,1662.8957,68437,81979,Rhinolophus ferrumequinum,0.021,0.021,-1,Echolocation,/mnt/ubna_data_02_mir/recover-20220922/UBNA_001/20220921_090000.WAV,Telephone Field,recover-20220922,001,1795
1662.8995,1662.9397,68437,82625,Rhinolophus ferrumequinum,0.027,0.027,-1,Echolocation,/mnt/ubna_data_02_mir/recover-20220922/UBNA_001/20220921_090000.WAV,Telephone Field,recover-20220922,001,1795
1662.9025,1662.9193,21171,24917,Nyctalus leisleri,0.027,0.05,-1,Echolocation,/mnt/ubna_data_02_mir/recover-20220922/UBNA_001/20220921_090000.WAV,Telephone Field,recover-20220922,001,1795
1662.9585,1662.998,68437,81875,Rhinolophus ferrumequinum,0.023,0.023,-1,Echolocation,/mnt/ubna_data_02_mir/recover-20220922/UBNA_001/20220921_090000.WAV,Telephone Field,recover-20220922,001,1795
1662.9625,1662.9716,27187,37393,Eptesicus serotinus,0.008,0.021,-1,Echolocation,/mnt/ubna_data_02_mir/recover-20220922/UBNA_001/20220921_090000.WAV,Telephone Field,recover-20220922,001,1795
1663.0165,1663.0529,68437,81493,Rhinolophus ferrumequinum,0.022,0.022,-1,Echolocation,/mnt/ubna_data_02_mir/recover-20220922/UBNA_001/20220921_090000.WAV,Telephone Field,recover-20220922,001,1795
1663.0195,1663.0294,28906,36790,Eptesicus serotinus,0.009,0.022,-1,Echolocation,/mnt/ubna_data_02_mir/recover-20220922/UBNA_001/20220921_090000.WAV,Telephone Field,recover-20220922,001,1795
1663.0315,1663.042,28906,37745,Eptesicus serotinus,0.016,0.031,-1,Echolocation,/mnt/ubna_data_02_mir/recover-20220922/UBNA_001/20220921_090000.WAV,Telephone Field,recover-20220922,001,1795
1663.0415,1663.052,23750,29535,Nyctalus leisleri,0.009,0.022,-1,Echolocation,/mnt/ubna_data_02_mir/recover-20220922/UBNA_001/20220921_090000.WAV,Telephone Field,recover-20220922,001,1795
1663.0975,1663.1185,19453,22116,Nyctalus noctula,0.021,0.043,-1,Echolocation,/mnt/ubna_data_02_mir/recover-20220922/UBNA_001/20220921_090000.WAV,Telephone Field,recover-20220922,001,1795
1663.1055,1663.1446,68437,81836,Rhinolophus ferrumequinum,0.021,0.021,-1,Echolocation,/mnt/ubna_data_02_mir/recover-20220922/UBNA_001/20220921_090000.WAV,Telephone Field,recover-20220922,001,1795
1663.1425,1663.152,28046,36544,Eptesicus serotinus,0.009,0.021,-1,Echolocation,/mnt/ubna_data_02_mir/recover-20220922/UBNA_001/20220921_090000.WAV,Telephone Field,recover-20220922,001,1795
1663.1535,1663.1934,68437,82506,Rhinolophus ferrumequinum,0.022,0.022,-1,Echolocation,/mnt/ubna_data_02_mir/recover-20220922/UBNA_001/20220921_090000.WAV,Telephone Field,recover-20220922,001,1795
1663.1805,1663.1924,23750,29963,Nyctalus leisleri,0.012,0.031,-1,Echolocation,/mnt/ubna_data_02_mir/recover-20220922/UBNA_001/20220921_090000.WAV,Telephone Field,recover-20220922,001,1795
1663.2245,1663.2621,68437,81837,Rhinolophus ferrumequinum,0.024,0.024,-1,Echolocation,/mnt/ubna_data_02_mir/recover-20220922/UBNA_001/20220921_090000.WAV,Telephone Field,recover-20220922,001,1795
1663.2625,1663.2976,68437,81470,Rhinolophus ferrumequinum,0.021,0.021,-1,Echolocation,/mnt/ubna_data_02_mir/recover-20220922/UBNA_001/20220921_090000.WAV,Telephone Field,recover-20220922,001,1795
1663.2755,1663.3133,68437,81929,Rhinolophus ferrumequinum,0.022,0.022,-1,Echolocation,/mnt/ubna_data_02_mir/recover-20220922/UBNA_001/20220921_090000.WAV,Telephone Field,recover-20220922,001,1795
1663.3285,1663.3697,68437,82632,Rhinolophus ferrumequinum,0.022,0.022,-1,Echolocation,/mnt/ubna_data_02_mir/recover-20220922/UBNA_001/20220921_090000.WAV,Telephone Field,recover-20220922,001,1795
1663.3345,1663.3767,68437,83028,Rhinolophus ferrumequinum,0.023,0.023,-1,Echolocation,/mnt/ubna_data_02_mir/recover-20220922/UBNA_001/20220921_090000.WAV,Telephone Field,recover-20220922,001,1795
1663.3785,1663.4151,68437,81787,Rhinolophus ferrumequinum,0.023,0.023,-1,Echolocation,/mnt/ubna_data_02_mir/recover-20220922/UBNA_001/20220921_090000.WAV,Telephone Field,recover-20220922,001,1795
1663.3855,1663.4227,68437,81718,Rhinolophus ferrumequinum,0.021,0.021,-1,Echolocation,/mnt/ubna_data_02_mir/recover-20220922/UBNA_001/20220921_090000.WAV,Telephone Field,recover-20220922,001,1795
1663.4255,1663.4635,68437,81752,Rhinolophus ferrumequinum,0.02,0.021,-1,Echolocation,/mnt/ubna_data_02_mir/recover-20220922/UBNA_001/20220921_090000.WAV,Telephone Field,recover-20220922,001,1795
1663.4345,1663.4472,22890,28419,Nyctalus leisleri,0.012,0.025,-1,Echolocation,/mnt/ubna_data_02_mir/recover-20220922/UBNA_001/20220921_090000.WAV,Telephone Field,recover-20220922,001,1795
1663.4375,1663.4772,68437,82627,Rhinolophus ferrumequinum,0.024,0.024,-1,Echolocation,/mnt/ubna_data_02_mir/recover-20220922/UBNA_001/20220921_090000.WAV,Telephone Field,recover-20220922,001,1795
1663.4605,1663.4964,68437,81539,Rhinolophus ferrumequinum,0.021,0.021,-1,Echolocation,/mnt/ubna_data_02_mir/recover-20220922/UBNA_001/20220921_090000.WAV,Telephone Field,recover-20220922,001,1795
1663.4905,1663.5008,25468,32856,Eptesicus serotinus,0.01,0.023,-1,Echolocation,/mnt/ubna_data_02_mir/recover-20220922/UBNA_001/20220921_090000.WAV,Telephone Field,recover-20220922,001,1795
1663.5845,1663.5943,22890,28033,Nyctalus leisleri,0.009,0.021,-1,Echolocation,/mnt/ubna_data_02_mir/recover-20220922/UBNA_001/20220921_090000.WAV,Telephone Field,recover-20220922,001,1795
1663.6015,1663.6394,68437,81479,Rhinolophus ferrumequinum,0.021,0.021,-1,Echolocation,/mnt/ubna_data_02_mir/recover-20220922/UBNA_001/20220921_090000.WAV,Telephone Field,recover-20220922,001,1795
1663.6135,1663.6495,68437,81741,Rhinolophus ferrumequinum,0.021,0.021,-1,Echolocation,/mnt/ubna_data_02_mir/recover-20220922/UBNA_001/20220921_090000.WAV,Telephone Field,recover-20220922,001,1795
1663.6315,1663.6402,22890,29846,Plecotus austriacus,0.007,0.021,-1,Echolocation,/mnt/ubna_data_02_mir/recover-20220922/UBNA_001/20220921_090000.WAV,Telephone Field,recover-20220922,001,1795
1663.6435,1663.6542,22890,27334,Nyctalus leisleri,0.011,0.022,-1,Echolocation,/mnt/ubna_data_02_mir/recover-20220922/UBNA_001/20220921_090000.WAV,Telephone Field,recover-20220922,001,1795
1663.6835,1663.6921,27187,36396,Eptesicus serotinus,0.008,0.023,-1,Echolocation,/mnt/ubna_data_02_mir/recover-20220922/UBNA_001/20220921_090000.WAV,Telephone Field,recover-20220922,001,1795
1663.6925,1663.734,68437,83038,Rhinolophus ferrumequinum,0.025,0.025,-1,Echolocation,/mnt/ubna_data_02_mir/recover-20220922/UBNA_001/20220921_090000.WAV,Telephone Field,recover-20220922,001,1795
1663.6995,1663.7093,24609,32324,Nyctalus leisleri,0.011,0.033,-1,Echolocation,/mnt/ubna_data_02_mir/recover-20220922/UBNA_001/20220921_090000.WAV,Telephone Field,recover-20220922,001,1795
1663.7175,1663.7283,20312,25562,Nyctalus leisleri,0.009,0.028,-1,Echolocation,/mnt/ubna_data_02_mir/recover-20220922/UBNA_001/20220921_090000.WAV,Telephone Field,recover-20220922,001,1795
1663.7315,1663.7405,28046,40156,Eptesicus serotinus,0.008,0.021,-1,Echolocation,/mnt/ubna_data_02_mir/recover-20220922/UBNA_001/20220921_090000.WAV,Telephone Field,recover-20220922,001,1795
1663.7335,1663.7763,68437,82527,Rhinolophus ferrumequinum,0.031,0.031,-1,Echolocation,/mnt/ubna_data_02_mir/recover-20220922/UBNA_001/20220921_090000.WAV,Telephone Field,recover-20220922,001,1795
1663.7505,1663.7599,22890,29079,Nyctalus leisleri,0.009,0.025,-1,Echolocation,/mnt/ubna_data_02_mir/recover-20220922/UBNA_001/20220921_090000.WAV,Telephone Field,recover-20220922,001,1795
1663.7735,1663.7846,34062,39860,Pipistrellus nathusii,0.008,0.025,-1,Echolocation,/mnt/ubna_data_02_mir/recover-20220922/UBNA_001/20220921_090000.WAV,Telephone Field,recover-20220922,001,1795
1663.7895,1663.8257,68437,81336,Rhinolophus ferrumequinum,0.021,0.021,-1,Echolocation,/mnt/ubna_data_02_mir/recover-20220922/UBNA_001/20220921_090000.WAV,Telephone Field,recover-20220922,001,1795
1663.8155,1663.8227,31484,41832,Myotis daubentonii,0.011,0.025,-1,Echolocation,/mnt/ubna_data_02_mir/recover-20220922/UBNA_001/20220921_090000.WAV,Telephone Field,recover-20220922,001,1795
1663.8285,1663.8642,68437,81500,Rhinolophus ferrumequinum,0.022,0.022,-1,Echolocation,/mnt/ubna_data_02_mir/recover-20220922/UBNA_001/20220921_090000.WAV,Telephone Field,recover-20220922,001,1795
1663.8425,1663.8516,27187,37447,Eptesicus serotinus,0.008,0.021,-1,Echolocation,/mnt/ubna_data_02_mir/recover-20220922/UBNA_001/20220921_090000.WAV,Telephone Field,recover-20220922,001,1795
1663.9285,1663.966,68437,82912,Rhinolophus ferrumequinum,0.024,0.024,-1,Echolocation,/mnt/ubna_data_02_mir/recover-20220922/UBNA_001/20220921_090000.WAV,Telephone Field,recover-20220922,001,1795
1663.9795,1663.9864,28046,38067,Eptesicus serotinus,0.009,0.027,-1,Echolocation,/mnt/ubna_data_02_mir/recover-20220922/UBNA_001/20220921_090000.WAV,Telephone Field,recover-20220922,001,1795
1664.0015,1664.0139,21171,26305,Nyctalus leisleri,0.012,0.026,-1,Echolocation,/mnt/ubna_data_02_mir/recover-20220922/UBNA_001/20220921_090000.WAV,Telephone Field,recover-20220922,001,1795
1664.0015,1664.0349,69296,80344,Rhinolophus ferrumequinum,0.032,0.032,-1,Echolocation,/mnt/ubna_data_02_mir/recover-20220922/UBNA_001/20220921_090000.WAV,Telephone Field,recover-20220922,001,1795
1664.0015,1664.011,34062,41704,Myotis daubentonii,0.005,0.021,-1,Echolocation,/mnt/ubna_data_02_mir/recover-20220922/UBNA_001/20220921_090000.WAV,Telephone Field,recover-20220922,001,1795
1664.0155,1664.0228,46093,52562,Pipistrellus pipistrellus,0.022,0.024,-1,Echolocation,/mnt/ubna_data_02_mir/recover-20220922/UBNA_001/20220921_090000.WAV,Telephone Field,recover-20220922,001,1795
1664.0155,1664.0214,39218,55443,Myotis brandtii,0.006,0.021,-1,Echolocation,/mnt/ubna_data_02_mir/recover-20220922/UBNA_001/20220921_090000.WAV,Telephone Field,recover-20220922,001,1795
1664.0465,1664.0845,68437,81697,Rhinolophus ferrumequinum,0.022,0.022,-1,Echolocation,/mnt/ubna_data_02_mir/recover-20220922/UBNA_001/20220921_090000.WAV,Telephone Field,recover-20220922,001,1795
1664.0685,1664.0774,28046,36661,Eptesicus serotinus,0.009,0.023,-1,Echolocation,/mnt/ubna_data_02_mir/recover-20220922/UBNA_001/20220921_090000.WAV,Telephone Field,recover-20220922,001,1795
1664.0725,1664.1095,68437,81318,Rhinolophus ferrumequinum,0.033,0.033,-1,Echolocation,/mnt/ubna_data_02_mir/recover-20220922/UBNA_001/20220921_090000.WAV,Telephone Field,recover-20220922,001,1795
1664.1035,1664.1455,68437,82790,Rhinolophus ferrumequinum,0.025,0.025,-1,Echolocation,/mnt/ubna_data_02_mir/recover-20220922/UBNA_001/20220921_090000.WAV,Telephone Field,recover-20220922,001,1795
1664.1445,1664.1837,68437,82617,Rhinolophus ferrumequinum,0.025,0.025,-1,Echolocation,/mnt/ubna_data_02_mir/recover-20220922/UBNA_001/20220921_090000.WAV,Telephone Field,recover-20220922,001,1795
1664.1495,1664.191,68437,82781,Rhinolophus ferrumequinum,0.025,0.025,-1,Echolocation,/mnt/ubna_data_02_mir/recover-20220922/UBNA_001/20220921_090000.WAV,Telephone Field,recover-20220922,001,1795
1664.1995,1664.2122,27187,31801,Eptesicus serotinus,0.026,0.059,-1,Echolocation,/mnt/ubna_data_02_mir/recover-20220922/UBNA_001/20220921_090000.WAV,Telephone Field,recover-20220922,001,1795
1664.2165,1664.2573,68437,82319,Rhinolophus ferrumequinum,0.023,0.023,-1,Echolocation,/mnt/ubna_data_02_mir/recover-20220922/UBNA_001/20220921_090000.WAV,Telephone Field,recover-20220922,001,1795
1664.2235,1664.2302,46953,52545,Pipistrellus pipistrellus,0.022,0.023,-1,Echolocation,/mnt/ubna_data_02_mir/recover-20220922/UBNA_001/20220921_090000.WAV,Telephone Field,recover-20220922,001,1795
1664.2555,1664.2638,23750,31813,Plecotus austriacus,0.01,0.026,-1,Echolocation,/mnt/ubna_data_02_mir/recover-20220922/UBNA_001/20220921_090000.WAV,Telephone Field,recover-20220922,001,1795
1664.2565,1664.2938,68437,81266,Rhinolophus ferrumequinum,0.021,0.021,-1,Echolocation,/mnt/ubna_data_02_mir/recover-20220922/UBNA_001/20220921_090000.WAV,Telephone Field,recover-20220922,001,1795
1664.2915,1664.3315,68437,82582,Rhinolophus ferrumequinum,0.021,0.021,-1,Echolocation,/mnt/ubna_data_02_mir/recover-20220922/UBNA_001/20220921_090000.WAV,Telephone Field,recover-20220922,001,1795
1664.3165,1664.3535,68437,81937,Rhinolophus ferrumequinum,0.025,0.025,-1,Echolocation,/mnt/ubna_data_02_mir/recover-20220922/UBNA_001/20220921_090000.WAV,Telephone Field,recover-20220922,001,1795
1664.3535,1664.3638,30625,37905,Eptesicus serotinus,0.035,0.064,-1,Echolocation,/mnt/ubna_data_02_mir/recover-20220922/UBNA_001/20220921_090000.WAV,Telephone Field,recover-20220922,001,1795
1664.3785,1664.3885,22031,27302,Nyctalus leisleri,0.01,0.022,-1,Echolocation,/mnt/ubna_data_02_mir/recover-20220922/UBNA_001/20220921_090000.WAV,Telephone Field,recover-20220922,001,1795
1664.4045,1664.4449,68437,82664,Rhinolophus ferrumequinum,0.023,0.023,-1,Echolocation,/mnt/ubna_data_02_mir/recover-20220922/UBNA_001/20220921_090000.WAV,Telephone Field,recover-20220922,001,1795
1664.4275,1664.4664,68437,82655,Rhinolophus ferrumequinum,0.021,0.021,-1,Echolocation,/mnt/ubna_data_02_mir/recover-20220922/UBNA_001/20220921_090000.WAV,Telephone Field,recover-20220922,001,1795
1664.4325,1664.4726,68437,82584,Rhinolophus ferrumequinum,0.021,0.021,-1,Echolocation,/mnt/ubna_data_02_mir/recover-20220922/UBNA_001/20220921_090000.WAV,Telephone Field,recover-20220922,001,1795
1664.4525,1664.4912,68437,82597,Rhinolophus ferrumequinum,0.021,0.021,-1,Echolocation,/mnt/ubna_data_02_mir/recover-20220922/UBNA_001/20220921_090000.WAV,Telephone Field,recover-20220922,001,1795
1664.4555,1664.4632,28046,40501,Eptesicus serotinus,0.007,0.023,-1,Echolocation,/mnt/ubna_data_02_mir/recover-20220922/UBNA_001/20220921_090000.WAV,Telephone Field,recover-20220922,001,1795
1664.4565,1664.4664,22890,29188,Nyctalus leisleri,0.008,0.022,-1,Echolocation,/mnt/ubna_data_02_mir/recover-20220922/UBNA_001/20220921_090000.WAV,Telephone Field,recover-20220922,001,1795
1664.4745,1664.4851,22890,28181,Nyctalus leisleri,0.01,0.023,-1,Echolocation,/mnt/ubna_data_02_mir/recover-20220922/UBNA_001/20220921_090000.WAV,Telephone Field,recover-20220922,001,1795
1664.5115,1664.5197,28906,38737,Eptesicus serotinus,0.007,0.023,-1,Echolocation,/mnt/ubna_data_02_mir/recover-20220922/UBNA_001/20220921_090000.WAV,Telephone Field,recover-20220922,001,1795
1664.5475,1664.558,23750,30375,Nyctalus leisleri,0.008,0.023,-1,Echolocation,/mnt/ubna_data_02_mir/recover-20220922/UBNA_001/20220921_090000.WAV,Telephone Field,recover-20220922,001,1795
1664.5655,1664.5752,25468,33374,Eptesicus serotinus,0.009,0.023,-1,Echolocation,/mnt/ubna_data_02_mir/recover-20220922/UBNA_001/20220921_090000.WAV,Telephone Field,recover-20220922,001,1795
1664.5955,1664.6032,27187,36823,Eptesicus serotinus,0.01,0.026,-1,Echolocation,/mnt/ubna_data_02_mir/recover-20220922/UBNA_001/20220921_090000.WAV,Telephone Field,recover-20220922,001,1795
1664.6465,1664.6542,27187,38672,Eptesicus serotinus,0.007,0.022,-1,Echolocation,/mnt/ubna_data_02_mir/recover-20220922/UBNA_001/20220921_090000.WAV,Telephone Field,recover-20220922,001,1795
1664.6595,1664.6702,23750,29574,Nyctalus leisleri,0.01,0.025,-1,Echolocation,/mnt/ubna_data_02_mir/recover-20220922/UBNA_001/20220921_090000.WAV,Telephone Field,recover-20220922,001,1795
1664.6765,1664.7158,68437,82080,Rhinolophus ferrumequinum,0.022,0.022,-1,Echolocation,/mnt/ubna_data_02_mir/recover-20220922/UBNA_001/20220921_090000.WAV,Telephone Field,recover-20220922,001,1795
1664.7025,1664.7432,68437,82715,Rhinolophus ferrumequinum,0.021,0.021,-1,Echolocation,/mnt/ubna_data_02_mir/recover-20220922/UBNA_001/20220921_090000.WAV,Telephone Field,recover-20220922,001,1795
1664.7045,1664.7145,26328,33236,Eptesicus serotinus,0.013,0.031,-1,Echolocation,/mnt/ubna_data_02_mir/recover-20220922/UBNA_001/20220921_090000.WAV,Telephone Field,recover-20220922,001,1795
1664.7365,1664.7463,22890,29132,Nyctalus leisleri,0.01,0.025,-1,Echolocation,/mnt/ubna_data_02_mir/recover-20220922/UBNA_001/20220921_090000.WAV,Telephone Field,recover-20220922,001,1795
1664.7845,1664.8248,68437,82172,Rhinolophus ferrumequinum,0.029,0.029,-1,Echolocation,/mnt/ubna_data_02_mir/recover-20220922/UBNA_001/20220921_090000.WAV,Telephone Field,recover-20220922,001,1795
1664.8295,1664.8668,68437,81845,Rhinolophus ferrumequinum,0.021,0.021,-1,Echolocation,/mnt/ubna_data_02_mir/recover-20220922/UBNA_001/20220921_090000.WAV,Telephone Field,recover-20220922,001,1795
1664.8845,1664.8948,23750,29366,Nyctalus leisleri,0.009,0.023,-1,Echolocation,/mnt/ubna_data_02_mir/recover-20220922/UBNA_001/20220921_090000.WAV,Telephone Field,recover-20220922,001,1795
1664.8895,1664.9261,68437,81512,Rhinolophus ferrumequinum,0.021,0.021,-1,Echolocation,/mnt/ubna_data_02_mir/recover-20220922/UBNA_001/20220921_090000.WAV,Telephone Field,recover-20220922,001,1795
1664.9135,1664.9538,68437,82488,Rhinolophus ferrumequinum,0.021,0.021,-1,Echolocation,/mnt/ubna_data_02_mir/recover-20220922/UBNA_001/20220921_090000.WAV,Telephone Field,recover-20220922,001,1795
1664.9275,1664.9676,68437,82751,Rhinolophus ferrumequinum,0.025,0.025,-1,Echolocation,/mnt/ubna_data_02_mir/recover-20220922/UBNA_001/20220921_090000.WAV,Telephone Field,recover-20220922,001,1795
1664.9635,1665.0032,68437,82366,Rhinolophus ferrumequinum,0.022,0.022,-1,Echolocation,/mnt/ubna_data_02_mir/recover-20220922/UBNA_001/20220921_090000.WAV,Telephone Field,recover-20220922,001,1795
1665.0025,1665.0401,68437,81518,Rhinolophus ferrumequinum,0.031,0.031,-1,Echolocation,/mnt/ubna_data_02_mir/recover-20220922/UBNA_001/20220921_090000.WAV,Telephone Field,recover-20220922,001,1795
1665.0105,1665.0495,68437,81701,Rhinolophus ferrumequinum,0.022,0.022,-1,Echolocation,/mnt/ubna_data_02_mir/recover-20220922/UBNA_001/20220921_090000.WAV,Telephone Field,recover-20220922,001,1795
1665.0295,1665.0396,22890,27877,Nyctalus leisleri,0.009,0.021,-1,Echolocation,/mnt/ubna_data_02_mir/recover-20220922/UBNA_001/20220921_090000.WAV,Telephone Field,recover-20220922,001,1795
1665.0365,1665.0781,68437,83531,Rhinolophus ferrumequinum,0.038,0.038,-1,Echolocation,/mnt/ubna_data_02_mir/recover-20220922/UBNA_001/20220921_090000.WAV,Telephone Field,recover-20220922,001,1795
1665.0845,1665.1208,68437,81484,Rhinolophus ferrumequinum,0.022,0.022,-1,Echolocation,/mnt/ubna_data_02_mir/recover-20220922/UBNA_001/20220921_090000.WAV,Telephone Field,recover-20220922,001,1795
1665.1075,1665.149,68437,83329,Rhinolophus ferrumequinum,0.026,0.026,-1,Echolocation,/mnt/ubna_data_02_mir/recover-20220922/UBNA_001/20220921_090000.WAV,Telephone Field,recover-20220922,001,1795
1665.1345,1665.1523,20312,24022,Nyctalus leisleri,0.014,0.03,-1,Echolocation,/mnt/ubna_data_02_mir/recover-20220922/UBNA_001/20220921_090000.WAV,Telephone Field,recover-20220922,001,1795
1665.1465,1665.1894,68437,82967,Rhinolophus ferrumequinum,0.034,0.034,-1,Echolocation,/mnt/ubna_data_02_mir/recover-20220922/UBNA_001/20220921_090000.WAV,Telephone Field,recover-20220922,001,1795
1665.1755,1665.1824,24609,33606,Plecotus austriacus,0.011,0.026,-1,Echolocation,/mnt/ubna_data_02_mir/recover-20220922/UBNA_001/20220921_090000.WAV,Telephone Field,recover-20220922,001,1795
1665.2125,1665.2228,22890,27588,Nyctalus leisleri,0.01,0.022,-1,Echolocation,/mnt/ubna_data_02_mir/recover-20220922/UBNA_001/20220921_090000.WAV,Telephone Field,recover-20220922,001,1795
1665.2375,1665.2457,26328,35039,Eptesicus serotinus,0.008,0.022,-1,Echolocation,/mnt/ubna_data_02_mir/recover-20220922/UBNA_001/20220921_090000.WAV,Telephone Field,recover-20220922,001,1795
1665.2495,1665.2945,68437,83744,Rhinolophus ferrumequinum,0.042,0.042,-1,Echolocation,/mnt/ubna_data_02_mir/recover-20220922/UBNA_001/20220921_090000.WAV,Telephone Field,recover-20220922,001,1795
1665.2535,1665.2642,27187,34822,Eptesicus serotinus,0.015,0.029,-1,Echolocation,/mnt/ubna_data_02_mir/recover-20220922/UBNA_001/20220921_090000.WAV,Telephone Field,recover-20220922,001,1795
1665.3265,1665.3369,28046,36195,Eptesicus serotinus,0.01,0.023,-1,Echolocation,/mnt/ubna_data_02_mir/recover-20220922/UBNA_001/20220921_090000.WAV,Telephone Field,recover-20220922,001,1795
1665.3285,1665.3364,51250,55813,Pipistrellus pipistrellus,0.016,0.021,-1,Echolocation,/mnt/ubna_data_02_mir/recover-20220922/UBNA_001/20220921_090000.WAV,Telephone Field,recover-20220922,001,1795
1665.3665,1665.406,68437,82790,Rhinolophus ferrumequinum,0.03,0.03,-1,Echolocation,/mnt/ubna_data_02_mir/recover-20220922/UBNA_001/20220921_090000.WAV,Telephone Field,recover-20220922,001,1795
1665.3685,1665.3827,21171,24447,Nyctalus leisleri,0.014,0.022,-1,Echolocation,/mnt/ubna_data_02_mir/recover-20220922/UBNA_001/20220921_090000.WAV,Telephone Field,recover-20220922,001,1795
1665.3875,1665.394,28046,41347,Eptesicus serotinus,0.012,0.037,-1,Echolocation,/mnt/ubna_data_02_mir/recover-20220922/UBNA_001/20220921_090000.WAV,Telephone Field,recover-20220922,001,1795
1665.4145,1665.4548,68437,82510,Rhinolophus ferrumequinum,0.022,0.022,-1,Echolocation,/mnt/ubna_data_02_mir/recover-20220922/UBNA_001/20220921_090000.WAV,Telephone Field,recover-20220922,001,1795
1665.4175,1665.4257,26328,37994,Eptesicus serotinus,0.009,0.022,-1,Echolocation,/mnt/ubna_data_02_mir/recover-20220922/UBNA_001/20220921_090000.WAV,Telephone Field,recover-20220922,001,1795
1665.4345,1665.4724,68437,81902,Rhinolophus ferrumequinum,0.025,0.025,-1,Echolocation,/mnt/ubna_data_02_mir/recover-20220922/UBNA_001/20220921_090000.WAV,Telephone Field,recover-20220922,001,1795
1665.4705,1665.4782,28906,42100,Eptesicus serotinus,0.007,0.022,-1,Echolocation,/mnt/ubna_data_02_mir/recover-20220922/UBNA_001/20220921_090000.WAV,Telephone Field,recover-20220922,001,1795
1665.4725,1665.5133,68437,82774,Rhinolophus ferrumequinum,0.024,0.024,-1,Echolocation,/mnt/ubna_data_02_mir/recover-20220922/UBNA_001/20220921_090000.WAV,Telephone Field,recover-20220922,001,1795
1665.5245,1665.5405,58125,64064,Pipistrellus pygmaeus,0.023,0.024,-1,Echolocation,/mnt/ubna_data_02_mir/recover-20220922/UBNA_001/20220921_090000.WAV,Telephone Field,recover-20220922,001,1795
1665.5725,1665.6122,68437,82652,Rhinolophus ferrumequinum,0.028,0.029,-1,Echolocation,/mnt/ubna_data_02_mir/recover-20220922/UBNA_001/20220921_090000.WAV,Telephone Field,recover-20220922,001,1795
1665.6135,1665.652,68437,82291,Rhinolophus ferrumequinum,0.022,0.022,-1,Echolocation,/mnt/ubna_data_02_mir/recover-20220922/UBNA_001/20220921_090000.WAV,Telephone Field,recover-20220922,001,1795
1665.6165,1665.6295,29765,36295,Eptesicus serotinus,0.022,0.037,-1,Echolocation,/mnt/ubna_data_02_mir/recover-20220922/UBNA_001/20220921_090000.WAV,Telephone Field,recover-20220922,001,1795
1665.6195,1665.6288,15156,21664,Nyctalus noctula,0.012,0.025,-1,Echolocation,/mnt/ubna_data_02_mir/recover-20220922/UBNA_001/20220921_090000.WAV,Telephone Field,recover-20220922,001,1795
1665.6395,1665.6486,23750,31557,Nyctalus leisleri,0.007,0.024,-1,Echolocation,/mnt/ubna_data_02_mir/recover-20220922/UBNA_001/20220921_090000.WAV,Telephone Field,recover-20220922,001,1795
1665.6535,1665.6913,68437,81466,Rhinolophus ferrumequinum,0.021,0.022,-1,Echolocation,/mnt/ubna_data_02_mir/recover-20220922/UBNA_001/20220921_090000.WAV,Telephone Field,recover-20220922,001,1795
1665.7005,1665.7077,28046,42011,Eptesicus serotinus,0.007,0.023,-1,Echolocation,/mnt/ubna_data_02_mir/recover-20220922/UBNA_001/20220921_090000.WAV,Telephone Field,recover-20220922,001,1795
1665.7025,1665.7388,68437,81843,Rhinolophus ferrumequinum,0.021,0.021,-1,Echolocation,/mnt/ubna_data_02_mir/recover-20220922/UBNA_001/20220921_090000.WAV,Telephone Field,recover-20220922,001,1795
1665.7355,1665.7779,68437,82974,Rhinolophus ferrumequinum,0.023,0.023,-1,Echolocation,/mnt/ubna_data_02_mir/recover-20220922/UBNA_001/20220921_090000.WAV,Telephone Field,recover-20220922,001,1795
1665.7365,1665.7466,44375,52436,Pipistrellus pipistrellus,0.022,0.028,-1,Echolocation,/mnt/ubna_data_02_mir/recover-20220922/UBNA_001/20220921_090000.WAV,Telephone Field,recover-20220922,001,1795
1665.7545,1665.7905,68437,81084,Rhinolophus ferrumequinum,0.021,0.022,-1,Echolocation,/mnt/ubna_data_02_mir/recover-20220922/UBNA_001/20220921_090000.WAV,Telephone Field,recover-20220922,001,1795
1665.7655,1665.8037,68437,81839,Rhinolophus ferrumequinum,0.023,0.023,-1,Echolocation,/mnt/ubna_data_02_mir/recover-20220922/UBNA_001/20220921_090000.WAV,Telephone Field,recover-20220922,001,1795
1665.7945,1665.8038,28046,37036,Eptesicus serotinus,0.009,0.021,-1,Echolocation,/mnt/ubna_data_02_mir/recover-20220922/UBNA_001/20220921_090000.WAV,Telephone Field,recover-20220922,001,1795
1665.8315,1665.869,68437,81647,Rhinolophus ferrumequinum,0.021,0.021,-1,Echolocation,/mnt/ubna_data_02_mir/recover-20220922/UBNA_001/20220921_090000.WAV,Telephone Field,recover-20220922,001,1795
1665.8535,1665.8909,68437,81689,Rhinolophus ferrumequinum,0.021,0.021,-1,Echolocation,/mnt/ubna_data_02_mir/recover-20220922/UBNA_001/20220921_090000.WAV,Telephone Field,recover-20220922,001,1795
1665.9085,1665.9155,27187,39242,Eptesicus serotinus,0.007,0.022,-1,Echolocation,/mnt/ubna_data_02_mir/recover-20220922/UBNA_001/20220921_090000.WAV,Telephone Field,recover-20220922,001,1795
1665.9535,1665.9901,68437,82295,Rhinolophus ferrumequinum,0.028,0.028,-1,Echolocation,/mnt/ubna_data_02_mir/recover-20220922/UBNA_001/20220921_090000.WAV,Telephone Field,recover-20220922,001,1795
1665.9585,1665.9682,26328,36968,Eptesicus serotinus,0.009,0.021,-1,Echolocation,/mnt/ubna_data_02_mir/recover-20220922/UBNA_001/20220921_090000.WAV,Telephone Field,recover-20220922,001,1795
1666.0015,1666.0138,21171,25458,Nyctalus leisleri,0.012,0.024,-1,Echolocation,/mnt/ubna_data_02_mir/recover-20220922/UBNA_001/20220921_090000.WAV,Telephone Field,recover-20220922,001,1795
1666.0015,1666.0342,69296,81566,Rhinolophus ferrumequinum,0.022,0.022,-1,Echolocation,/mnt/ubna_data_02_mir/recover-20220922/UBNA_001/20220921_090000.WAV,Telephone Field,recover-20220922,001,1795
1666.0015,1666.0101,27187,35134,Eptesicus serotinus,0.008,0.026,-1,Echolocation,/mnt/ubna_data_02_mir/recover-20220922/UBNA_001/20220921_090000.WAV,Telephone Field,recover-20220922,001,1795
1666.0475,1666.0857,68437,82221,Rhinolophus ferrumequinum,0.023,0.023,-1,Echolocation,/mnt/ubna_data_02_mir/recover-20220922/UBNA_001/20220921_090000.WAV,Telephone Field,recover-20220922,001,1795
1666.0735,1666.0841,22031,26781,Nyctalus leisleri,0.011,0.023,-1,Echolocation,/mnt/ubna_data_02_mir/recover-20220922/UBNA_001/20220921_090000.WAV,Telephone Field,recover-20220922,001,1795
1666.0865,1666.0997,22890,27377,Nyctalus leisleri,0.012,0.022,-1,Echolocation,/mnt/ubna_data_02_mir/recover-20220922/UBNA_001/20220921_090000.WAV,Telephone Field,recover-20220922,001,1795
1666.1385,1666.1802,68437,83130,Rhinolophus ferrumequinum,0.025,0.025,-1,Echolocation,/mnt/ubna_data_02_mir/recover-20220922/UBNA_001/20220921_090000.WAV,Telephone Field,recover-20220922,001,1795
1666.1475,1666.1644000000001,20312,24500,Nyctalus leisleri,0.017,0.034,-1,Echolocation,/mnt/ubna_data_02_mir/recover-20220922/UBNA_001/20220921_090000.WAV,Telephone Field,recover-20220922,001,1795
1666.1605,1666.1987,68437,82122,Rhinolophus ferrumequinum,0.023,0.023,-1,Echolocation,/mnt/ubna_data_02_mir/recover-20220922/UBNA_001/20220921_090000.WAV,Telephone Field,recover-20220922,001,1795
1666.1775,1666.2168,68437,82733,Rhinolophus ferrumequinum,0.026,0.026,-1,Echolocation,/mnt/ubna_data_02_mir/recover-20220922/UBNA_001/20220921_090000.WAV,Telephone Field,recover-20220922,001,1795
1666.1925,1666.2024,29765,38650,Eptesicus serotinus,0.011,0.028,-1,Echolocation,/mnt/ubna_data_02_mir/recover-20220922/UBNA_001/20220921_090000.WAV,Telephone Field,recover-20220922,001,1795
1666.2135,1666.2524,68437,81869,Rhinolophus ferrumequinum,0.026,0.026,-1,Echolocation,/mnt/ubna_data_02_mir/recover-20220922/UBNA_001/20220921_090000.WAV,Telephone Field,recover-20220922,001,1795
1666.2155,1666.2245,28906,37758,Eptesicus serotinus,0.012,0.03,-1,Echolocation,/mnt/ubna_data_02_mir/recover-20220922/UBNA_001/20220921_090000.WAV,Telephone Field,recover-20220922,001,1795
1666.2485,1666.2633,54687,59166,Pipistrellus pygmaeus,0.022,0.023,-1,Echolocation,/mnt/ubna_data_02_mir/recover-20220922/UBNA_001/20220921_090000.WAV,Telephone Field,recover-20220922,001,1795
1666.3225,1666.361,68437,82140,Rhinolophus ferrumequinum,0.022,0.022,-1,Echolocation,/mnt/ubna_data_02_mir/recover-20220922/UBNA_001/20220921_090000.WAV,Telephone Field,recover-20220922,001,1795
1666.3565,1666.3663999999999,23750,30201,Nyctalus leisleri,0.008,0.022,-1,Echolocation,/mnt/ubna_data_02_mir/recover-20220922/UBNA_001/20220921_090000.WAV,Telephone Field,recover-20220922,001,1795
1666.3925,1666.4308,68437,81813,Rhinolophus ferrumequinum,0.022,0.022,-1,Echolocation,/mnt/ubna_data_02_mir/recover-20220922/UBNA_001/20220921_090000.WAV,Telephone Field,recover-20220922,001,1795
1666.3975,1666.4083,22031,27473,Nyctalus leisleri,0.01,0.024,-1,Echolocation,/mnt/ubna_data_02_mir/recover-20220922/UBNA_001/20220921_090000.WAV,Telephone Field,recover-20220922,001,1795
1666.4035,1666.411,33203,42375,Myotis daubentonii,0.011,0.026,-1,Echolocation,/mnt/ubna_data_02_mir/recover-20220922/UBNA_001/20220921_090000.WAV,Telephone Field,recover-20220922,001,1795
1666.4035,1666.4113,28046,38631,Eptesicus serotinus,0.008,0.026,-1,Echolocation,/mnt/ubna_data_02_mir/recover-20220922/UBNA_001/20220921_090000.WAV,Telephone Field,recover-20220922,001,1795
1666.4115,1666.4517,68437,83077,Rhinolophus ferrumequinum,0.023,0.023,-1,Echolocation,/mnt/ubna_data_02_mir/recover-20220922/UBNA_001/20220921_090000.WAV,Telephone Field,recover-20220922,001,1795
1666.4285,1666.4682,68437,82159,Rhinolophus ferrumequinum,0.024,0.024,-1,Echolocation,/mnt/ubna_data_02_mir/recover-20220922/UBNA_001/20220921_090000.WAV,Telephone Field,recover-20220922,001,1795
1666.4315,1666.4403,28046,37317,Eptesicus serotinus,0.008,0.023,-1,Echolocation,/mnt/ubna_data_02_mir/recover-20220922/UBNA_001/20220921_090000.WAV,Telephone Field,recover-20220922,001,1795
1666.4895,1666.5277,68437,82144,Rhinolophus ferrumequinum,0.024,0.024,-1,Echolocation,/mnt/ubna_data_02_mir/recover-20220922/UBNA_001/20220921_090000.WAV,Telephone Field,recover-20220922,001,1795
1666.4895,1666.5012,37500,42967,Pipistrellus nathusii,0.011,0.024,-1,Echolocation,/mnt/ubna_data_02_mir/recover-20220922/UBNA_001/20220921_090000.WAV,Telephone Field,recover-20220922,001,1795
1666.5165,1666.5275,27187,34479,Eptesicus serotinus,0.011,0.024,-1,Echolocation,/mnt/ubna_data_02_mir/recover-20220922/UBNA_001/20220921_090000.WAV,Telephone Field,recover-20220922,001,1795
1666.5235,1666.563,68437,82425,Rhinolophus ferrumequinum,0.023,0.023,-1,Echolocation,/mnt/ubna_data_02_mir/recover-20220922/UBNA_001/20220921_090000.WAV,Telephone Field,recover-20220922,001,1795
1666.5315,1666.5432,22890,26904,Nyctalus leisleri,0.014,0.024,-1,Echolocation,/mnt/ubna_data_02_mir/recover-20220922/UBNA_001/20220921_090000.WAV,Telephone Field,recover-20220922,001,1795
1666.5525,1666.5928,68437,82371,Rhinolophus ferrumequinum,0.022,0.022,-1,Echolocation,/mnt/ubna_data_02_mir/recover-20220922/UBNA_001/20220921_090000.WAV,Telephone Field,recover-20220922,001,1795
1666.5585,1666.5969,68437,82072,Rhinolophus ferrumequinum,0.022,0.022,-1,Echolocation,/mnt/ubna_data_02_mir/recover-20220922/UBNA_001/20220921_090000.WAV,Telephone Field,recover-20220922,001,1795
1666.5695,1666.5802,28906,35807,Eptesicus serotinus,0.01,0.025,-1,Echolocation,/mnt/ubna_data_02_mir/recover-20220922/UBNA_001/20220921_090000.WAV,Telephone Field,recover-20220922,001,1795
1666.5755,1666.6095,68437,81863,Rhinolophus ferrumequinum,0.023,0.023,-1,Echolocation,/mnt/ubna_data_02_mir/recover-20220922/UBNA_001/20220921_090000.WAV,Telephone Field,recover-20220922,001,1795
1666.6285,1666.6669,68437,81963,Rhinolophus ferrumequinum,0.026,0.026,-1,Echolocation,/mnt/ubna_data_02_mir/recover-20220922/UBNA_001/20220921_090000.WAV,Telephone Field,recover-20220922,001,1795
1666.6445,1666.6514,26328,37447,Eptesicus serotinus,0.006,0.022,-1,Echolocation,/mnt/ubna_data_02_mir/recover-20220922/UBNA_001/20220921_090000.WAV,Telephone Field,recover-20220922,001,1795
1666.6595,1666.6658,26328,35576,Eptesicus serotinus,0.011,0.042,-1,Echolocation,/mnt/ubna_data_02_mir/recover-20220922/UBNA_001/20220921_090000.WAV,Telephone Field,recover-20220922,001,1795
1666.6735,1666.7101,68437,81280,Rhinolophus ferrumequinum,0.023,0.023,-1,Echolocation,/mnt/ubna_data_02_mir/recover-20220922/UBNA_001/20220921_090000.WAV,Telephone Field,recover-20220922,001,1795
1666.7205,1666.7307,28046,36051,Eptesicus serotinus,0.009,0.023,-1,Echolocation,/mnt/ubna_data_02_mir/recover-20220922/UBNA_001/20220921_090000.WAV,Telephone Field,recover-20220922,001,1795
1666.7205,1666.7641,68437,83124,Rhinolophus ferrumequinum,0.037,0.037,-1,Echolocation,/mnt/ubna_data_02_mir/recover-20220922/UBNA_001/20220921_090000.WAV,Telephone Field,recover-20220922,001,1795
1666.7355,1666.7437,47812,52102,Pipistrellus pipistrellus,0.021,0.023,-1,Echolocation,/mnt/ubna_data_02_mir/recover-20220922/UBNA_001/20220921_090000.WAV,Telephone Field,recover-20220922,001,1795
1666.7555,1666.7951,68437,82238,Rhinolophus ferrumequinum,0.028,0.029,-1,Echolocation,/mnt/ubna_data_02_mir/recover-20220922/UBNA_001/20220921_090000.WAV,Telephone Field,recover-20220922,001,1795
1666.7985,1666.8092,22031,27269,Nyctalus leisleri,0.012,0.025,-1,Echolocation,/mnt/ubna_data_02_mir/recover-20220922/UBNA_001/20220921_090000.WAV,Telephone Field,recover-20220922,001,1795
1666.7995,1666.8071,27187,38180,Eptesicus serotinus,0.008,0.027,-1,Echolocation,/mnt/ubna_data_02_mir/recover-20220922/UBNA_001/20220921_090000.WAV,Telephone Field,recover-20220922,001,1795
1666.8415,1666.8482,48671,53598,Pipistrellus pipistrellus,0.023,0.025,-1,Echolocation,/mnt/ubna_data_02_mir/recover-20220922/UBNA_001/20220921_090000.WAV,Telephone Field,recover-20220922,001,1795
1666.8585,1666.8685,22890,29763,Nyctalus leisleri,0.009,0.028,-1,Echolocation,/mnt/ubna_data_02_mir/recover-20220922/UBNA_001/20220921_090000.WAV,Telephone Field,recover-20220922,001,1795
1666.8915,1666.9018,23750,30358,Nyctalus leisleri,0.009,0.022,-1,Echolocation,/mnt/ubna_data_02_mir/recover-20220922/UBNA_001/20220921_090000.WAV,Telephone Field,recover-20220922,001,1795
1666.9065,1666.9169,27187,35079,Eptesicus serotinus,0.012,0.024,-1,Echolocation,/mnt/ubna_data_02_mir/recover-20220922/UBNA_001/20220921_090000.WAV,Telephone Field,recover-20220922,001,1795
1666.9185,1666.9252,48671,52208,Pipistrellus pipistrellus,0.027,0.028,-1,Echolocation,/mnt/ubna_data_02_mir/recover-20220922/UBNA_001/20220921_090000.WAV,Telephone Field,recover-20220922,001,1795
1666.9545,1666.9921,68437,82057,Rhinolophus ferrumequinum,0.023,0.023,-1,Echolocation,/mnt/ubna_data_02_mir/recover-20220922/UBNA_001/20220921_090000.WAV,Telephone Field,recover-20220922,001,1795
1666.9615,1666.9726,22031,26619,Nyctalus leisleri,0.011,0.022,-1,Echolocation,/mnt/ubna_data_02_mir/recover-20220922/UBNA_001/20220921_090000.WAV,Telephone Field,recover-20220922,001,1795
1666.9905,1667.0303,68437,81967,Rhinolophus ferrumequinum,0.026,0.027,-1,Echolocation,/mnt/ubna_data_02_mir/recover-20220922/UBNA_001/20220921_090000.WAV,Telephone Field,recover-20220922,001,1795
1666.9985,1667.0386,68437,82228,Rhinolophus ferrumequinum,0.022,0.022,-1,Echolocation,/mnt/ubna_data_02_mir/recover-20220922/UBNA_001/20220921_090000.WAV,Telephone Field,recover-20220922,001,1795
1667.0055,1667.0158,22031,27556,Nyctalus leisleri,0.009,0.022,-1,Echolocation,/mnt/ubna_data_02_mir/recover-20220922/UBNA_001/20220921_090000.WAV,Telephone Field,recover-20220922,001,1795
1667.0205,1667.0628,68437,82815,Rhinolophus ferrumequinum,0.038,0.038,-1,Echolocation,/mnt/ubna_data_02_mir/recover-20220922/UBNA_001/20220921_090000.WAV,Telephone Field,recover-20220922,001,1795
1667.0545,1667.0932,68437,81649,Rhinolophus ferrumequinum,0.022,0.022,-1,Echolocation,/mnt/ubna_data_02_mir/recover-20220922/UBNA_001/20220921_090000.WAV,Telephone Field,recover-20220922,001,1795
1667.0635,1667.1057,68437,83050,Rhinolophus ferrumequinum,0.026,0.026,-1,Echolocation,/mnt/ubna_data_02_mir/recover-20220922/UBNA_001/20220921_090000.WAV,Telephone Field,recover-20220922,001,1795
1667.0845,1667.0945,47812,52672,Pipistrellus pipistrellus,0.022,0.027,-1,Echolocation,/mnt/ubna_data_02_mir/recover-20220922/UBNA_001/20220921_090000.WAV,Telephone Field,recover-20220922,001,1795
1667.1325,1667.1669,68437,81049,Rhinolophus ferrumequinum,0.022,0.022,-1,Echolocation,/mnt/ubna_data_02_mir/recover-20220922/UBNA_001/20220921_090000.WAV,Telephone Field,recover-20220922,001,1795
1667.1395,1667.1766,68437,82010,Rhinolophus ferrumequinum,0.022,0.022,-1,Echolocation,/mnt/ubna_data_02_mir/recover-20220922/UBNA_001/20220921_090000.WAV,Telephone Field,recover-20220922,001,1795
1667.1845,1667.1915,28046,39964,Eptesicus serotinus,0.006,0.023,-1,Echolocation,/mnt/ubna_data_02_mir/recover-20220922/UBNA_001/20220921_090000.WAV,Telephone Field,recover-20220922,001,1795
1667.1885,1667.2255,68437,81688,Rhinolophus ferrumequinum,0.022,0.022,-1,Echolocation,/mnt/ubna_data_02_mir/recover-20220922/UBNA_001/20220921_090000.WAV,Telephone Field,recover-20220922,001,1795
1667.2125,1667.255,68437,83271,Rhinolophus ferrumequinum,0.025,0.025,-1,Echolocation,/mnt/ubna_data_02_mir/recover-20220922/UBNA_001/20220921_090000.WAV,Telephone Field,recover-20220922,001,1795
1667.2625,1667.2998,68437,82115,Rhinolophus ferrumequinum,0.023,0.023,-1,Echolocation,/mnt/ubna_data_02_mir/recover-20220922/UBNA_001/20220921_090000.WAV,Telephone Field,recover-20220922,001,1795
1667.2785,1667.3176,68437,82802,Rhinolophus ferrumequinum,0.028,0.028,-1,Echolocation,/mnt/ubna_data_02_mir/recover-20220922/UBNA_001/20220921_090000.WAV,Telephone Field,recover-20220922,001,1795
1667.2825,1667.2888,27187,41145,Eptesicus serotinus,0.005,0.022,-1,Echolocation,/mnt/ubna_data_02_mir/recover-20220922/UBNA_001/20220921_090000.WAV,Telephone Field,recover-20220922,001,1795
1667.3085,1667.3481,68437,82332,Rhinolophus ferrumequinum,0.025,0.025,-1,Echolocation,/mnt/ubna_data_02_mir/recover-20220922/UBNA_001/20220921_090000.WAV,Telephone Field,recover-20220922,001,1795
1667.3185,1667.3273,14296,21131,Plecotus auritus,0.01,0.026,-1,Echolocation,/mnt/ubna_data_02_mir/recover-20220922/UBNA_001/20220921_090000.WAV,Telephone Field,recover-20220922,001,1795
1667.3305,1667.3697,68437,82596,Rhinolophus ferrumequinum,0.039,0.039,-1,Echolocation,/mnt/ubna_data_02_mir/recover-20220922/UBNA_001/20220921_090000.WAV,Telephone Field,recover-20220922,001,1795
1667.4025,1667.4116,28906,36769,Eptesicus serotinus,0.009,0.023,-1,Echolocation,/mnt/ubna_data_02_mir/recover-20220922/UBNA_001/20220921_090000.WAV,Telephone Field,recover-20220922,001,1795
1667.4495,1667.4881,68437,82512,Rhinolophus ferrumequinum,0.023,0.023,-1,Echolocation,/mnt/ubna_data_02_mir/recover-20220922/UBNA_001/20220921_090000.WAV,Telephone Field,recover-20220922,001,1795
1667.4565,1667.4939,68437,82493,Rhinolophus ferrumequinum,0.022,0.022,-1,Echolocation,/mnt/ubna_data_02_mir/recover-20220922/UBNA_001/20220921_090000.WAV,Telephone Field,recover-20220922,001,1795
1667.4745,1667.4843,28046,35330,Eptesicus serotinus,0.009,0.022,-1,Echolocation,/mnt/ubna_data_02_mir/recover-20220922/UBNA_001/20220921_090000.WAV,Telephone Field,recover-20220922,001,1795
1667.5335,1667.5428,22890,29673,Plecotus austriacus,0.013,0.04,-1,Echolocation,/mnt/ubna_data_02_mir/recover-20220922/UBNA_001/20220921_090000.WAV,Telephone Field,recover-20220922,001,1795
1667.5755,1667.5828,27187,39211,Eptesicus serotinus,0.007,0.024,-1,Echolocation,/mnt/ubna_data_02_mir/recover-20220922/UBNA_001/20220921_090000.WAV,Telephone Field,recover-20220922,001,1795
1667.6585,1667.6992,68437,82446,Rhinolophus ferrumequinum,0.022,0.022,-1,Echolocation,/mnt/ubna_data_02_mir/recover-20220922/UBNA_001/20220921_090000.WAV,Telephone Field,recover-20220922,001,1795
1667.7125,1667.7547,68437,82931,Rhinolophus ferrumequinum,0.022,0.022,-1,Echolocation,/mnt/ubna_data_02_mir/recover-20220922/UBNA_001/20220921_090000.WAV,Telephone Field,recover-20220922,001,1795
1667.7805,1667.822,68437,82212,Rhinolophus ferrumequinum,0.029,0.029,-1,Echolocation,/mnt/ubna_data_02_mir/recover-20220922/UBNA_001/20220921_090000.WAV,Telephone Field,recover-20220922,001,1795
1667.8115,1667.852,68437,82072,Rhinolophus ferrumequinum,0.025,0.025,-1,Echolocation,/mnt/ubna_data_02_mir/recover-20220922/UBNA_001/20220921_090000.WAV,Telephone Field,recover-20220922,001,1795
1667.8165,1667.8552,68437,81377,Rhinolophus ferrumequinum,0.026,0.026,-1,Echolocation,/mnt/ubna_data_02_mir/recover-20220922/UBNA_001/20220921_090000.WAV,Telephone Field,recover-20220922,001,1795
1667.8335,1667.844,28906,37697,Eptesicus serotinus,0.013,0.028,-1,Echolocation,/mnt/ubna_data_02_mir/recover-20220922/UBNA_001/20220921_090000.WAV,Telephone Field,recover-20220922,001,1795
1667.8955,1667.903,25468,35747,Eptesicus serotinus,0.006,0.024,-1,Echolocation,/mnt/ubna_data_02_mir/recover-20220922/UBNA_001/20220921_090000.WAV,Telephone Field,recover-20220922,001,1795
1667.9445,1667.9548,22031,26885,Nyctalus leisleri,0.01,0.022,-1,Echolocation,/mnt/ubna_data_02_mir/recover-20220922/UBNA_001/20220921_090000.WAV,Telephone Field,recover-20220922,001,1795
1668.0015,1668.015,16015,22438,Nyctalus noctula,0.011,0.027,-1,Echolocation,/mnt/ubna_data_02_mir/recover-20220922/UBNA_001/20220921_090000.WAV,Telephone Field,recover-20220922,001,1795
1668.0015,1668.0283,69296,80529,Rhinolophus ferrumequinum,0.021,0.022,-1,Echolocation,/mnt/ubna_data_02_mir/recover-20220922/UBNA_001/20220921_090000.WAV,Telephone Field,recover-20220922,001,1795
1668.0015,1668.0093,25468,36569,Eptesicus serotinus,0.008,0.036,-1,Echolocation,/mnt/ubna_data_02_mir/recover-20220922/UBNA_001/20220921_090000.WAV,Telephone Field,recover-20220922,001,1795
1668.0015,1668.0097,45234,50594,Pipistrellus pipistrellus,0.028,0.035,-1,Echolocation,/mnt/ubna_data_02_mir/recover-20220922/UBNA_001/20220921_090000.WAV,Telephone Field,recover-20220922,001,1795
1668.0075,1668.017,24609,31624,Nyctalus leisleri,0.008,0.024,-1,Echolocation,/mnt/ubna_data_02_mir/recover-20220922/UBNA_001/20220921_090000.WAV,Telephone Field,recover-20220922,001,1795
1668.0195,1668.0508,68437,80059,Rhinolophus ferrumequinum,0.022,0.022,-1,Echolocation,/mnt/ubna_data_02_mir/recover-20220922/UBNA_001/20220921_090000.WAV,Telephone Field,recover-20220922,001,1795
1668.0325,1668.0489,22031,25797,Nyctalus leisleri,0.016,0.026,-1,Echolocation,/mnt/ubna_data_02_mir/recover-20220922/UBNA_001/20220921_090000.WAV,Telephone Field,recover-20220922,001,1795
1668.0875,1668.1268,68437,82621,Rhinolophus ferrumequinum,0.023,0.023,-1,Echolocation,/mnt/ubna_data_02_mir/recover-20220922/UBNA_001/20220921_090000.WAV,Telephone Field,recover-20220922,001,1795
1668.0915,1668.101,24609,31658,Eptesicus serotinus,0.01,0.025,-1,Echolocation,/mnt/ubna_data_02_mir/recover-20220922/UBNA_001/20220921_090000.WAV,Telephone Field,recover-20220922,001,1795
1668.0985,1668.1396,68437,82323,Rhinolophus ferrumequinum,0.024,0.024,-1,Echolocation,/mnt/ubna_data_02_mir/recover-20220922/UBNA_001/20220921_090000.WAV,Telephone Field,recover-20220922,001,1795
1668.1225,1668.1654,68437,83125,Rhinolophus ferrumequinum,0.023,0.023,-1,Echolocation,/mnt/ubna_data_02_mir/recover-20220922/UBNA_001/20220921_090000.WAV,Telephone Field,recover-20220922,001,1795
1668.1745,1668.215,68437,82091,Rhinolophus ferrumequinum,0.021,0.021,-1,Echolocation,/mnt/ubna_data_02_mir/recover-20220922/UBNA_001/20220921_090000.WAV,Telephone Field,recover-20220922,001,1795
1668.1965,1668.2382,68437,82961,Rhinolophus ferrumequinum,0.023,0.023,-1,Echolocation,/mnt/ubna_data_02_mir/recover-20220922/UBNA_001/20220921_090000.WAV,Telephone Field,recover-20220922,001,1795
1668.2155,1668.2565,68437,82790,Rhinolophus ferrumequinum,0.021,0.021,-1,Echolocation,/mnt/ubna_data_02_mir/recover-20220922/UBNA_001/20220921_090000.WAV,Telephone Field,recover-20220922,001,1795
1668.2245,1668.2345,22890,27523,Nyctalus leisleri,0.011,0.022,-1,Echolocation,/mnt/ubna_data_02_mir/recover-20220922/UBNA_001/20220921_090000.WAV,Telephone Field,recover-20220922,001,1795
1668.2655,1668.2744,28046,38533,Eptesicus serotinus,0.008,0.024,-1,Echolocation,/mnt/ubna_data_02_mir/recover-20220922/UBNA_001/20220921_090000.WAV,Telephone Field,recover-20220922,001,1795
1668.2765,1668.2886,24609,30081,Nyctalus leisleri,0.011,0.028,-1,Echolocation,/mnt/ubna_data_02_mir/recover-20220922/UBNA_001/20220921_090000.WAV,Telephone Field,recover-20220922,001,1795
1668.2945,1668.3334,68437,82457,Rhinolophus ferrumequinum,0.021,0.021,-1,Echolocation,/mnt/ubna_data_02_mir/recover-20220922/UBNA_001/20220921_090000.WAV,Telephone Field,recover-20220922,001,1795
1668.3275,1668.361,68437,80862,Rhinolophus ferrumequinum,0.023,0.023,-1,Echolocation,/mnt/ubna_data_02_mir/recover-20220922/UBNA_001/20220921_090000.WAV,Telephone Field,recover-20220922,001,1795
1668.3405,1668.3502,28046,36016,Eptesicus serotinus,0.009,0.022,-1,Echolocation,/mnt/ubna_data_02_mir/recover-20220922/UBNA_001/20220921_090000.WAV,Telephone Field,recover-20220922,001,1795
1668.3505,1668.3852,68437,81391,Rhinolophus ferrumequinum,0.022,0.022,-1,Echolocation,/mnt/ubna_data_02_mir/recover-20220922/UBNA_001/20220921_090000.WAV,Telephone Field,recover-20220922,001,1795
1668.3665,1668.4036,68437,82272,Rhinolophus ferrumequinum,0.023,0.023,-1,Echolocation,/mnt/ubna_data_02_mir/recover-20220922/UBNA_001/20220921_090000.WAV,Telephone Field,recover-20220922,001,1795
1668.3755,1668.4145,68437,82023,Rhinolophus ferrumequinum,0.021,0.021,-1,Echolocation,/mnt/ubna_data_02_mir/recover-20220922/UBNA_001/20220921_090000.WAV,Telephone Field,recover-20220922,001,1795
1668.4095,1668.4504,68437,82331,Rhinolophus ferrumequinum,0.026,0.026,-1,Echolocation,/mnt/ubna_data_02_mir/recover-20220922/UBNA_001/20220921_090000.WAV,Telephone Field,recover-20220922,001,1795
1668.4345,1668.4421,28046,38737,Eptesicus serotinus,0.008,0.027,-1,Echolocation,/mnt/ubna_data_02_mir/recover-20220922/UBNA_001/20220921_090000.WAV,Telephone Field,recover-20220922,001,1795
1668.4495,1668.4893,68437,82841,Rhinolophus ferrumequinum,0.029,0.029,-1,Echolocation,/mnt/ubna_data_02_mir/recover-20220922/UBNA_001/20220921_090000.WAV,Telephone Field,recover-20220922,001,1795
1668.4605,1668.4743,15156,21003,Nyctalus noctula,0.02,0.03,-1,Echolocation,/mnt/ubna_data_02_mir/recover-20220922/UBNA_001/20220921_090000.WAV,Telephone Field,recover-20220922,001,1795
1668.4915,1668.5,28046,36937,Eptesicus serotinus,0.008,0.021,-1,Echolocation,/mnt/ubna_data_02_mir/recover-20220922/UBNA_001/20220921_090000.WAV,Telephone Field,recover-20220922,001,1795
1668.5135,1668.5498,68437,81829,Rhinolophus ferrumequinum,0.028,0.028,-1,Echolocation,/mnt/ubna_data_02_mir/recover-20220922/UBNA_001/20220921_090000.WAV,Telephone Field,recover-20220922,001,1795
1668.5185,1668.528,27187,36256,Eptesicus serotinus,0.009,0.021,-1,Echolocation,/mnt/ubna_data_02_mir/recover-20220922/UBNA_001/20220921_090000.WAV,Telephone Field,recover-20220922,001,1795
1668.5515,1668.5908,68437,82195,Rhinolophus ferrumequinum,0.021,0.021,-1,Echolocation,/mnt/ubna_data_02_mir/recover-20220922/UBNA_001/20220921_090000.WAV,Telephone Field,recover-20220922,001,1795
1668.5745,1668.6161,68437,83044,Rhinolophus ferrumequinum,0.028,0.028,-1,Echolocation,/mnt/ubna_data_02_mir/recover-20220922/UBNA_001/20220921_090000.WAV,Telephone Field,recover-20220922,001,1795
1668.5775,1668.5846,27187,37579,Eptesicus serotinus,0.006,0.021,-1,Echolocation,/mnt/ubna_data_02_mir/recover-20220922/UBNA_001/20220921_090000.WAV,Telephone Field,recover-20220922,001,1795
1668.6035,1668.6422,68437,81674,Rhinolophus ferrumequinum,0.021,0.021,-1,Echolocation,/mnt/ubna_data_02_mir/recover-20220922/UBNA_001/20220921_090000.WAV,Telephone Field,recover-20220922,001,1795
1668.6775,1668.7145,68437,82152,Rhinolophus ferrumequinum,0.022,0.022,-1,Echolocation,/mnt/ubna_data_02_mir/recover-20220922/UBNA_001/20220921_090000.WAV,Telephone Field,recover-20220922,001,1795
1668.7065,1668.7417,68437,81301,Rhinolophus ferrumequinum,0.022,0.023,-1,Echolocation,/mnt/ubna_data_02_mir/recover-20220922/UBNA_001/20220921_090000.WAV,Telephone Field,recover-20220922,001,1795
1668.7705,1668.8114,68437,82422,Rhinolophus ferrumequinum,0.028,0.028,-1,Echolocation,/mnt/ubna_data_02_mir/recover-20220922/UBNA_001/20220921_090000.WAV,Telephone Field,recover-20220922,001,1795
1668.8075,1668.8491,68437,82334,Rhinolophus ferrumequinum,0.025,0.025,-1,Echolocation,/mnt/ubna_data_02_mir/recover-20220922/UBNA_001/20220921_090000.WAV,Telephone Field,recover-20220922,001,1795
1668.8175,1668.8589,68437,82598,Rhinolophus ferrumequinum,0.023,0.023,-1,Echolocation,/mnt/ubna_data_02_mir/recover-20220922/UBNA_001/20220921_090000.WAV,Telephone Field,recover-20220922,001,1795
1668.8445,1668.8553,23750,29758,Nyctalus leisleri,0.008,0.021,-1,Echolocation,/mnt/ubna_data_02_mir/recover-20220922/UBNA_001/20220921_090000.WAV,Telephone Field,recover-20220922,001,1795
1668.8595,1668.8974,68437,82053,Rhinolophus ferrumequinum,0.022,0.022,-1,Echolocation,/mnt/ubna_data_02_mir/recover-20220922/UBNA_001/20220921_090000.WAV,Telephone Field,recover-20220922,001,1795
1668.9135,1668.9227,28046,38146,Eptesicus serotinus,0.008,0.021,-1,Echolocation,/mnt/ubna_data_02_mir/recover-20220922/UBNA_001/20220921_090000.WAV,Telephone Field,recover-20220922,001,1795
1668.9175,1668.9599,68437,82906,Rhinolophus ferrumequinum,0.06,0.06,-1,Echolocation,/mnt/ubna_data_02_mir/recover-20220922/UBNA_001/20220921_090000.WAV,Telephone Field,recover-20220922,001,1795
1668.9485,1668.9547,28906,37338,Eptesicus serotinus,0.007,0.027,-1,Echolocation,/mnt/ubna_data_02_mir/recover-20220922/UBNA_001/20220921_090000.WAV,Telephone Field,recover-20220922,001,1795
1668.9805,1668.9898,28906,37230,Eptesicus serotinus,0.008,0.022,-1,Echolocation,/mnt/ubna_data_02_mir/recover-20220922/UBNA_001/20220921_090000.WAV,Telephone Field,recover-20220922,001,1795
1668.9885,1669.029,68437,82539,Rhinolophus ferrumequinum,0.025,0.025,-1,Echolocation,/mnt/ubna_data_02_mir/recover-20220922/UBNA_001/20220921_090000.WAV,Telephone Field,recover-20220922,001,1795
1669.0055,1669.0415,68437,82179,Rhinolophus ferrumequinum,0.022,0.023,-1,Echolocation,/mnt/ubna_data_02_mir/recover-20220922/UBNA_001/20220921_090000.WAV,Telephone Field,recover-20220922,001,1795
1669.0285,1669.0678,68437,81645,Rhinolophus ferrumequinum,0.029,0.029,-1,Echolocation,/mnt/ubna_data_02_mir/recover-20220922/UBNA_001/20220921_090000.WAV,Telephone Field,recover-20220922,001,1795
1669.0325,1669.04,27187,38103,Eptesicus serotinus,0.006,0.022,-1,Echolocation,/mnt/ubna_data_02_mir/recover-20220922/UBNA_001/20220921_090000.WAV,Telephone Field,recover-20220922,001,1795
1669.0445,1669.0837,68437,82093,Rhinolophus ferrumequinum,0.022,0.022,-1,Echolocation,/mnt/ubna_data_02_mir/recover-20220922/UBNA_001/20220921_090000.WAV,Telephone Field,recover-20220922,001,1795
1669.0525,1669.0889,68437,81776,Rhinolophus ferrumequinum,0.022,0.022,-1,Echolocation,/mnt/ubna_data_02_mir/recover-20220922/UBNA_001/20220921_090000.WAV,Telephone Field,recover-20220922,001,1795
1669.0635,1669.073,47812,52171,Pipistrellus pipistrellus,0.027,0.031,-1,Echolocation,/mnt/ubna_data_02_mir/recover-20220922/UBNA_001/20220921_090000.WAV,Telephone Field,recover-20220922,001,1795
1669.0645,1669.0726,28046,37308,Eptesicus serotinus,0.008,0.023,-1,Echolocation,/mnt/ubna_data_02_mir/recover-20220922/UBNA_001/20220921_090000.WAV,Telephone Field,recover-20220922,001,1795
1669.0685,1669.0805,22031,26961,Nyctalus leisleri,0.012,0.026,-1,Echolocation,/mnt/ubna_data_02_mir/recover-20220922/UBNA_001/20220921_090000.WAV,Telephone Field,recover-20220922,001,1795
1669.0765,1669.0882,22031,26086,Nyctalus leisleri,0.013,0.022,-1,Echolocation,/mnt/ubna_data_02_mir/recover-20220922/UBNA_001/20220921_090000.WAV,Telephone Field,recover-20220922,001,1795
1669.0935,1669.1332,68437,82504,Rhinolophus ferrumequinum,0.028,0.028,-1,Echolocation,/mnt/ubna_data_02_mir/recover-20220922/UBNA_001/20220921_090000.WAV,Telephone Field,recover-20220922,001,1795
1669.1345,1669.1744,68437,81836,Rhinolophus ferrumequinum,0.022,0.023,-1,Echolocation,/mnt/ubna_data_02_mir/recover-20220922/UBNA_001/20220921_090000.WAV,Telephone Field,recover-20220922,001,1795
1669.1585,1669.1702,27187,35734,Eptesicus serotinus,0.018,0.032,-1,Echolocation,/mnt/ubna_data_02_mir/recover-20220922/UBNA_001/20220921_090000.WAV,Telephone Field,recover-20220922,001,1795
1669.1845,1669.2205,68437,81773,Rhinolophus ferrumequinum,0.023,0.024,-1,Echolocation,/mnt/ubna_data_02_mir/recover-20220922/UBNA_001/20220921_090000.WAV,Telephone Field,recover-20220922,001,1795
1669.2045,1669.2112,23750,33506,Plecotus austriacus,0.022,0.04,-1,Echolocation,/mnt/ubna_data_02_mir/recover-20220922/UBNA_001/20220921_090000.WAV,Telephone Field,recover-20220922,001,1795
1669.2165,1669.2534,68437,82072,Rhinolophus ferrumequinum,0.026,0.026,-1,Echolocation,/mnt/ubna_data_02_mir/recover-20220922/UBNA_001/20220921_090000.WAV,Telephone Field,recover-20220922,001,1795
1669.2345,1669.273,68437,82046,Rhinolophus ferrumequinum,0.022,0.022,-1,Echolocation,/mnt/ubna_data_02_mir/recover-20220922/UBNA_001/20220921_090000.WAV,Telephone Field,recover-20220922,001,1795
1669.2375,1669.2485,22890,27579,Nyctalus leisleri,0.011,0.022,-1,Echolocation,/mnt/ubna_data_02_mir/recover-20220922/UBNA_001/20220921_090000.WAV,Telephone Field,recover-20220922,001,1795
1669.2705,1669.3066,68437,80909,Rhinolophus ferrumequinum,0.021,0.021,-1,Echolocation,/mnt/ubna_data_02_mir/recover-20220922/UBNA_001/20220921_090000.WAV,Telephone Field,recover-20220922,001,1795
1669.2875,1669.2944,28046,38446,Eptesicus serotinus,0.007,0.024,-1,Echolocation,/mnt/ubna_data_02_mir/recover-20220922/UBNA_001/20220921_090000.WAV,Telephone Field,recover-20220922,001,1795
1669.3055,1669.3441,68437,82265,Rhinolophus ferrumequinum,0.023,0.023,-1,Echolocation,/mnt/ubna_data_02_mir/recover-20220922/UBNA_001/20220921_090000.WAV,Telephone Field,recover-20220922,001,1795
1669.3445,1669.3855,68437,81733,Rhinolophus ferrumequinum,0.024,0.024,-1,Echolocation,/mnt/ubna_data_02_mir/recover-20220922/UBNA_001/20220921_090000.WAV,Telephone Field,recover-20220922,001,1795
1669.3515,1669.3593,26328,36821,Eptesicus serotinus,0.007,0.021,-1,Echolocation,/mnt/ubna_data_02_mir/recover-20220922/UBNA_001/20220921_090000.WAV,Telephone Field,recover-20220922,001,1795
1669.3885,1669.4257,68437,81984,Rhinolophus ferrumequinum,0.021,0.021,-1,Echolocation,/mnt/ubna_data_02_mir/recover-20220922/UBNA_001/20220921_090000.WAV,Telephone Field,recover-20220922,001,1795
1669.3945,1669.4043,22031,27143,Nyctalus leisleri,0.01,0.024,-1,Echolocation,/mnt/ubna_data_02_mir/recover-20220922/UBNA_001/20220921_090000.WAV,Telephone Field,recover-20220922,001,1795
1669.4235,1669.4603,68437,81457,Rhinolophus ferrumequinum,0.022,0.022,-1,Echolocation,/mnt/ubna_data_02_mir/recover-20220922/UBNA_001/20220921_090000.WAV,Telephone Field,recover-20220922,001,1795
1669.4335,1669.445,22890,27487,Nyctalus leisleri,0.011,0.021,-1,Echolocation,/mnt/ubna_data_02_mir/recover-20220922/UBNA_001/20220921_090000.WAV,Telephone Field,recover-20220922,001,1795
1669.4485,1669.4886,68437,82896,Rhinolophus ferrumequinum,0.027,0.027,-1,Echolocation,/mnt/ubna_data_02_mir/recover-20220922/UBNA_001/20220921_090000.WAV,Telephone Field,recover-20220922,001,1795
1669.4605,1669.4995,68437,81986,Rhinolophus ferrumequinum,0.021,0.021,-1,Echolocation,/mnt/ubna_data_02_mir/recover-20220922/UBNA_001/20220921_090000.WAV,Telephone Field,recover-20220922,001,1795
1669.4605,1669.4695,28906,37243,Eptesicus serotinus,0.008,0.022,-1,Echolocation,/mnt/ubna_data_02_mir/recover-20220922/UBNA_001/20220921_090000.WAV,Telephone Field,recover-20220922,001,1795
1669.4685,1669.5049,68437,81401,Rhinolophus ferrumequinum,0.022,0.022,-1,Echolocation,/mnt/ubna_data_02_mir/recover-20220922/UBNA_001/20220921_090000.WAV,Telephone Field,recover-20220922,001,1795
1669.4765,1669.4831,28046,39333,Eptesicus serotinus,0.007,0.029,-1,Echolocation,/mnt/ubna_data_02_mir/recover-20220922/UBNA_001/20220921_090000.WAV,Telephone Field,recover-20220922,001,1795
1669.5085,1669.5224,28046,34366,Eptesicus serotinus,0.044,0.066,-1,Echolocation,/mnt/ubna_data_02_mir/recover-20220922/UBNA_001/20220921_090000.WAV,Telephone Field,recover-20220922,001,1795
1669.5415,1669.5516,24609,32352,Eptesicus serotinus,0.008,0.023,-1,Echolocation,/mnt/ubna_data_02_mir/recover-20220922/UBNA_001/20220921_090000.WAV,Telephone Field,recover-20220922,001,1795
1669.5585,1669.5982,68437,82274,Rhinolophus ferrumequinum,0.022,0.022,-1,Echolocation,/mnt/ubna_data_02_mir/recover-20220922/UBNA_001/20220921_090000.WAV,Telephone Field,recover-20220922,001,1795
1669.5725,1669.616,68437,82770,Rhinolophus ferrumequinum,0.024,0.024,-1,Echolocation,/mnt/ubna_data_02_mir/recover-20220922/UBNA_001/20220921_090000.WAV,Telephone Field,recover-20220922,001,1795
1669.5815,1669.6213,68437,82965,Rhinolophus ferrumequinum,0.023,0.023,-1,Echolocation,/mnt/ubna_data_02_mir/recover-20220922/UBNA_001/20220921_090000.WAV,Telephone Field,recover-20220922,001,1795
1669.6245,1669.6338,28046,38241,Eptesicus serotinus,0.008,0.022,-1,Echolocation,/mnt/ubna_data_02_mir/recover-20220922/UBNA_001/20220921_090000.WAV,Telephone Field,recover-20220922,001,1795
1669.6655,1669.708,68437,83029,Rhinolophus ferrumequinum,0.032,0.032,-1,Echolocation,/mnt/ubna_data_02_mir/recover-20220922/UBNA_001/20220921_090000.WAV,Telephone Field,recover-20220922,001,1795
1669.6865,1669.7247,68437,80885,Rhinolophus ferrumequinum,0.024,0.024,-1,Echolocation,/mnt/ubna_data_02_mir/recover-20220922/UBNA_001/20220921_090000.WAV,Telephone Field,recover-20220922,001,1795
1669.6985,1669.7395,68437,82110,Rhinolophus ferrumequinum,0.023,0.023,-1,Echolocation,/mnt/ubna_data_02_mir/recover-20220922/UBNA_001/20220921_090000.WAV,Telephone Field,recover-20220922,001,1795
1669.7085,1669.7462,68437,81213,Rhinolophus ferrumequinum,0.022,0.022,-1,Echolocation,/mnt/ubna_data_02_mir/recover-20220922/UBNA_001/20220921_090000.WAV,Telephone Field,recover-20220922,001,1795
1669.7155,1669.7235,28046,36418,Eptesicus serotinus,0.006,0.021,-1,Echolocation,/mnt/ubna_data_02_mir/recover-20220922/UBNA_001/20220921_090000.WAV,Telephone Field,recover-20220922,001,1795
1669.7425,1669.7815,68437,82227,Rhinolophus ferrumequinum,0.023,0.023,-1,Echolocation,/mnt/ubna_data_02_mir/recover-20220922/UBNA_001/20220921_090000.WAV,Telephone Field,recover-20220922,001,1795
1669.7695,1669.7793,28046,36154,Eptesicus serotinus,0.012,0.026,-1,Echolocation,/mnt/ubna_data_02_mir/recover-20220922/UBNA_001/20220921_090000.WAV,Telephone Field,recover-20220922,001,1795
1669.7875,1669.8278,68437,82898,Rhinolophus ferrumequinum,0.021,0.021,-1,Echolocation,/mnt/ubna_data_02_mir/recover-20220922/UBNA_001/20220921_090000.WAV,Telephone Field,recover-20220922,001,1795
1669.7895,1669.7981,27187,40730,Eptesicus serotinus,0.01,0.027,-1,Echolocation,/mnt/ubna_data_02_mir/recover-20220922/UBNA_001/20220921_090000.WAV,Telephone Field,recover-20220922,001,1795
1669.7995,1669.8072,28046,37078,Eptesicus serotinus,0.01,0.024,-1,Echolocation,/mnt/ubna_data_02_mir/recover-20220922/UBNA_001/20220921_090000.WAV,Telephone Field,recover-20220922,001,1795
1669.8255,1669.863,68437,81791,Rhinolophus ferrumequinum,0.021,0.021,-1,Echolocation,/mnt/ubna_data_02_mir/recover-20220922/UBNA_001/20220921_090000.WAV,Telephone Field,recover-20220922,001,1795
1669.8295,1669.8394,24609,32163,Nyctalus leisleri,0.008,0.024,-1,Echolocation,/mnt/ubna_data_02_mir/recover-20220922/UBNA_001/20220921_090000.WAV,Telephone Field,recover-20220922,001,1795
1669.8705,1669.9066,68437,81587,Rhinolophus ferrumequinum,0.022,0.022,-1,Echolocation,/mnt/ubna_data_02_mir/recover-20220922/UBNA_001/20220921_090000.WAV,Telephone Field,recover-20220922,001,1795
1669.8875,1669.896,28906,37933,Eptesicus serotinus,0.008,0.023,-1,Echolocation,/mnt/ubna_data_02_mir/recover-20220922/UBNA_001/20220921_090000.WAV,Telephone Field,recover-20220922,001,1795
1669.9035,1669.9465,68437,83305,Rhinolophus ferrumequinum,0.037,0.037,-1,Echolocation,/mnt/ubna_data_02_mir/recover-20220922/UBNA_001/20220921_090000.WAV,Telephone Field,recover-20220922,001,1795
1669.9285,1669.9674,68437,82551,Rhinolophus ferrumequinum,0.023,0.023,-1,Echolocation,/mnt/ubna_data_02_mir/recover-20220922/UBNA_001/20220921_090000.WAV,Telephone Field,recover-20220922,001,1795
1669.9365,1669.9466,23750,30247,Nyctalus leisleri,0.012,0.03,-1,Echolocation,/mnt/ubna_data_02_mir/recover-20220922/UBNA_001/20220921_090000.WAV,Telephone Field,recover-20220922,001,1795
1669.9455,1669.9605999999999,22890,26092,Nyctalus leisleri,0.018,0.029,-1,Echolocation,/mnt/ubna_data_02_mir/recover-20220922/UBNA_001/20220921_090000.WAV,Telephone Field,recover-20220922,001,1795
1669.9465,1669.9862,68437,81960,Rhinolophus ferrumequinum,0.025,0.025,-1,Echolocation,/mnt/ubna_data_02_mir/recover-20220922/UBNA_001/20220921_090000.WAV,Telephone Field,recover-20220922,001,1795
1670.0015,1670.0287,69296,81788,Rhinolophus ferrumequinum,0.028,0.029,-1,Echolocation,/mnt/ubna_data_02_mir/recover-20220922/UBNA_001/20220921_090000.WAV,Telephone Field,recover-20220922,001,1795
1670.0015,1670.0183,19453,23884,Nyctalus noctula,0.037,0.073,-1,Echolocation,/mnt/ubna_data_02_mir/recover-20220922/UBNA_001/20220921_090000.WAV,Telephone Field,recover-20220922,001,1795
1670.0185,1670.0596,68437,82606,Rhinolophus ferrumequinum,0.026,0.026,-1,Echolocation,/mnt/ubna_data_02_mir/recover-20220922/UBNA_001/20220921_090000.WAV,Telephone Field,recover-20220922,001,1795
1670.0415,1670.0814,68437,82090,Rhinolophus ferrumequinum,0.021,0.022,-1,Echolocation,/mnt/ubna_data_02_mir/recover-20220922/UBNA_001/20220921_090000.WAV,Telephone Field,recover-20220922,001,1795
1670.0505,1670.0613,42656,49184,Pipistrellus pipistrellus,0.016,0.024,-1,Echolocation,/mnt/ubna_data_02_mir/recover-20220922/UBNA_001/20220921_090000.WAV,Telephone Field,recover-20220922,001,1795
1670.0645,1670.1032,68437,82452,Rhinolophus ferrumequinum,0.024,0.024,-1,Echolocation,/mnt/ubna_data_02_mir/recover-20220922/UBNA_001/20220921_090000.WAV,Telephone Field,recover-20220922,001,1795
1670.0995,1670.1369,68437,82055,Rhinolophus ferrumequinum,0.022,0.022,-1,Echolocation,/mnt/ubna_data_02_mir/recover-20220922/UBNA_001/20220921_090000.WAV,Telephone Field,recover-20220922,001,1795
1670.1455,1670.1863,68437,82116,Rhinolophus ferrumequinum,0.024,0.024,-1,Echolocation,/mnt/ubna_data_02_mir/recover-20220922/UBNA_001/20220921_090000.WAV,Telephone Field,recover-20220922,001,1795
1670.1775,1670.1886,22890,28052,Nyctalus leisleri,0.011,0.023,-1,Echolocation,/mnt/ubna_data_02_mir/recover-20220922/UBNA_001/20220921_090000.WAV,Telephone Field,recover-20220922,001,1795
1670.2155,1670.2217,25468,36539,Plecotus austriacus,0.014,0.038,-1,Echolocation,/mnt/ubna_data_02_mir/recover-20220922/UBNA_001/20220921_090000.WAV,Telephone Field,recover-20220922,001,1795
1670.2215,1670.26,68437,82075,Rhinolophus ferrumequinum,0.024,0.024,-1,Echolocation,/mnt/ubna_data_02_mir/recover-20220922/UBNA_001/20220921_090000.WAV,Telephone Field,recover-20220922,001,1795
1670.2685,1670.2766,28046,39967,Eptesicus serotinus,0.008,0.022,-1,Echolocation,/mnt/ubna_data_02_mir/recover-20220922/UBNA_001/20220921_090000.WAV,Telephone Field,recover-20220922,001,1795
1670.2855,1670.3294,68437,83202,Rhinolophus ferrumequinum,0.042,0.042,-1,Echolocation,/mnt/ubna_data_02_mir/recover-20220922/UBNA_001/20220921_090000.WAV,Telephone Field,recover-20220922,001,1795
1670.3315,1670.371,68437,82312,Rhinolophus ferrumequinum,0.027,0.027,-1,Echolocation,/mnt/ubna_data_02_mir/recover-20220922/UBNA_001/20220921_090000.WAV,Telephone Field,recover-20220922,001,1795
1670.3335,1670.3415,23750,31665,Plecotus austriacus,0.009,0.023,-1,Echolocation,/mnt/ubna_data_02_mir/recover-20220922/UBNA_001/20220921_090000.WAV,Telephone Field,recover-20220922,001,1795
1670.4055,1670.4435,68437,82579,Rhinolophus ferrumequinum,0.029,0.029,-1,Echolocation,/mnt/ubna_data_02_mir/recover-20220922/UBNA_001/20220921_090000.WAV,Telephone Field,recover-20220922,001,1795
1670.4325,1670.4727,68437,82857,Rhinolophus ferrumequinum,0.024,0.024,-1,Echolocation,/mnt/ubna_data_02_mir/recover-20220922/UBNA_001/20220921_090000.WAV,Telephone Field,recover-20220922,001,1795
1670.4635,1670.473,23750,30674,Nyctalus leisleri,0.008,0.026,-1,Echolocation,/mnt/ubna_data_02_mir/recover-20220922/UBNA_001/20220921_090000.WAV,Telephone Field,recover-20220922,001,1795
1670.4645,1670.5031,68437,82178,Rhinolophus ferrumequinum,0.03,0.03,-1,Echolocation,/mnt/ubna_data_02_mir/recover-20220922/UBNA_001/20220921_090000.WAV,Telephone Field,recover-20220922,001,1795
1670.4915,1670.5023,22890,28507,Nyctalus leisleri,0.01,0.023,-1,Echolocation,/mnt/ubna_data_02_mir/recover-20220922/UBNA_001/20220921_090000.WAV,Telephone Field,recover-20220922,001,1795
1670.5155,1670.5239,28046,37278,Eptesicus serotinus,0.008,0.021,-1,Echolocation,/mnt/ubna_data_02_mir/recover-20220922/UBNA_001/20220921_090000.WAV,Telephone Field,recover-20220922,001,1795
1670.5705,1670.6073,68437,81882,Rhinolophus ferrumequinum,0.048,0.048,-1,Echolocation,/mnt/ubna_data_02_mir/recover-20220922/UBNA_001/20220921_090000.WAV,Telephone Field,recover-20220922,001,1795
1670.6045,1670.6454,68437,82105,Rhinolophus ferrumequinum,0.022,0.022,-1,Echolocation,/mnt/ubna_data_02_mir/recover-20220922/UBNA_001/20220921_090000.WAV,Telephone Field,recover-20220922,001,1795
1670.6065,1670.6163999999999,22031,28582,Plecotus austriacus,0.007,0.024,-1,Echolocation,/mnt/ubna_data_02_mir/recover-20220922/UBNA_001/20220921_090000.WAV,Telephone Field,recover-20220922,001,1795
1670.6115,1670.6543,68437,82558,Rhinolophus ferrumequinum,0.023,0.023,-1,Echolocation,/mnt/ubna_data_02_mir/recover-20220922/UBNA_001/20220921_090000.WAV,Telephone Field,recover-20220922,001,1795
1670.6215,1670.6627,68437,82719,Rhinolophus ferrumequinum,0.028,0.028,-1,Echolocation,/mnt/ubna_data_02_mir/recover-20220922/UBNA_001/20220921_090000.WAV,Telephone Field,recover-20220922,001,1795
1670.6595,1670.6977,68437,81766,Rhinolophus ferrumequinum,0.024,0.024,-1,Echolocation,/mnt/ubna_data_02_mir/recover-20220922/UBNA_001/20220921_090000.WAV,Telephone Field,recover-20220922,001,1795
1670.6995,1670.7384,68437,82160,Rhinolophus ferrumequinum,0.021,0.021,-1,Echolocation,/mnt/ubna_data_02_mir/recover-20220922/UBNA_001/20220921_090000.WAV,Telephone Field,recover-20220922,001,1795
1670.7435,1670.7497,24609,34834,Plecotus austriacus,0.014,0.038,-1,Echolocation,/mnt/ubna_data_02_mir/recover-20220922/UBNA_001/20220921_090000.WAV,Telephone Field,recover-20220922,001,1795
1670.7735,1670.8136,68437,82626,Rhinolophus ferrumequinum,0.023,0.023,-1,Echolocation,/mnt/ubna_data_02_mir/recover-20220922/UBNA_001/20220921_090000.WAV,Telephone Field,recover-20220922,001,1795
1670.8125,1670.8519000000001,68437,82357,Rhinolophus ferrumequinum,0.023,0.023,-1,Echolocation,/mnt/ubna_data_02_mir/recover-20220922/UBNA_001/20220921_090000.WAV,Telephone Field,recover-20220922,001,1795
1670.8235,1670.831,27187,36828,Eptesicus serotinus,0.038,0.079,-1,Echolocation,/mnt/ubna_data_02_mir/recover-20220922/UBNA_001/20220921_090000.WAV,Telephone Field,recover-20220922,001,1795
1670.8285,1670.8668,68437,82298,Rhinolophus ferrumequinum,0.021,0.022,-1,Echolocation,/mnt/ubna_data_02_mir/recover-20220922/UBNA_001/20220921_090000.WAV,Telephone Field,recover-20220922,001,1795
1670.8375,1670.8794,68437,83099,Rhinolophus ferrumequinum,0.027,0.027,-1,Echolocation,/mnt/ubna_data_02_mir/recover-20220922/UBNA_001/20220921_090000.WAV,Telephone Field,recover-20220922,001,1795
1670.8625,1670.9035,68437,82978,Rhinolophus ferrumequinum,0.023,0.023,-1,Echolocation,/mnt/ubna_data_02_mir/recover-20220922/UBNA_001/20220921_090000.WAV,Telephone Field,recover-20220922,001,1795
1670.8755,1670.882,26328,36680,Plecotus auritus,0.007,0.028,-1,Echolocation,/mnt/ubna_data_02_mir/recover-20220922/UBNA_001/20220921_090000.WAV,Telephone Field,recover-20220922,001,1795
1670.8885,1670.9257,68437,82279,Rhinolophus ferrumequinum,0.029,0.029,-1,Echolocation,/mnt/ubna_data_02_mir/recover-20220922/UBNA_001/20220921_090000.WAV,Telephone Field,recover-20220922,001,1795
1670.8965,1670.9091,22890,27371,Nyctalus leisleri,0.012,0.022,-1,Echolocation,/mnt/ubna_data_02_mir/recover-20220922/UBNA_001/20220921_090000.WAV,Telephone Field,recover-20220922,001,1795
1670.9105,1670.9494,68437,82170,Rhinolophus ferrumequinum,0.023,0.023,-1,Echolocation,/mnt/ubna_data_02_mir/recover-20220922/UBNA_001/20220921_090000.WAV,Telephone Field,recover-20220922,001,1795
1670.9165,1670.9565,68437,82338,Rhinolophus ferrumequinum,0.023,0.023,-1,Echolocation,/mnt/ubna_data_02_mir/recover-20220922/UBNA_001/20220921_090000.WAV,Telephone Field,recover-20220922,001,1795
1671.0075,1671.0169,28906,38385,Eptesicus serotinus,0.01,0.022,-1,Echolocation,/mnt/ubna_data_02_mir/recover-20220922/UBNA_001/20220921_090000.WAV,Telephone Field,recover-20220922,001,1795
1671.0225,1671.0646,68437,82997,Rhinolophus ferrumequinum,0.075,0.075,-1,Echolocation,/mnt/ubna_data_02_mir/recover-20220922/UBNA_001/20220921_090000.WAV,Telephone Field,recover-20220922,001,1795
1671.0635,1671.0996,68437,81309,Rhinolophus ferrumequinum,0.022,0.022,-1,Echolocation,/mnt/ubna_data_02_mir/recover-20220922/UBNA_001/20220921_090000.WAV,Telephone Field,recover-20220922,001,1795
1671.0825,1671.1186,68437,81805,Rhinolophus ferrumequinum,0.025,0.025,-1,Echolocation,/mnt/ubna_data_02_mir/recover-20220922/UBNA_001/20220921_090000.WAV,Telephone Field,recover-20220922,001,1795
1671.0965,1671.1105,25468,30666,Nyctalus leisleri,0.015,0.035,-1,Echolocation,/mnt/ubna_data_02_mir/recover-20220922/UBNA_001/20220921_090000.WAV,Telephone Field,recover-20220922,001,1795
1671.1385,1671.1767,68437,82518,Rhinolophus ferrumequinum,0.027,0.027,-1,Echolocation,/mnt/ubna_data_02_mir/recover-20220922/UBNA_001/20220921_090000.WAV,Telephone Field,recover-20220922,001,1795
1671.1865,1671.2077,19453,22417,Nyctalus noctula,0.041,0.073,-1,Echolocation,/mnt/ubna_data_02_mir/recover-20220922/UBNA_001/20220921_090000.WAV,Telephone Field,recover-20220922,001,1795
1671.2245,1671.2345,28906,36949,Eptesicus serotinus,0.01,0.023,-1,Echolocation,/mnt/ubna_data_02_mir/recover-20220922/UBNA_001/20220921_090000.WAV,Telephone Field,recover-20220922,001,1795
1671.2675,1671.2826,21171,24646,Nyctalus leisleri,0.015,0.025,-1,Echolocation,/mnt/ubna_data_02_mir/recover-20220922/UBNA_001/20220921_090000.WAV,Telephone Field,recover-20220922,001,1795
1671.2755,1671.3177,68437,82697,Rhinolophus ferrumequinum,0.038,0.038,-1,Echolocation,/mnt/ubna_data_02_mir/recover-20220922/UBNA_001/20220921_090000.WAV,Telephone Field,recover-20220922,001,1795
1671.3025,1671.3127,22890,29183,Nyctalus leisleri,0.009,0.023,-1,Echolocation,/mnt/ubna_data_02_mir/recover-20220922/UBNA_001/20220921_090000.WAV,Telephone Field,recover-20220922,001,1795
1671.3115,1671.3206,25468,33030,Eptesicus serotinus,0.012,0.029,-1,Echolocation,/mnt/ubna_data_02_mir/recover-20220922/UBNA_001/20220921_090000.WAV,Telephone Field,recover-20220922,001,1795
1671.3605,1671.3693,28046,39821,Eptesicus serotinus,0.008,0.021,-1,Echolocation,/mnt/ubna_data_02_mir/recover-20220922/UBNA_001/20220921_090000.WAV,Telephone Field,recover-20220922,001,1795
1671.3725,1671.411,68437,82245,Rhinolophus ferrumequinum,0.022,0.022,-1,Echolocation,/mnt/ubna_data_02_mir/recover-20220922/UBNA_001/20220921_090000.WAV,Telephone Field,recover-20220922,001,1795
1671.4025,1671.4105,28046,38258,Eptesicus serotinus,0.007,0.022,-1,Echolocation,/mnt/ubna_data_02_mir/recover-20220922/UBNA_001/20220921_090000.WAV,Telephone Field,recover-20220922,001,1795
1671.4205,1671.4565,68437,81612,Rhinolophus ferrumequinum,0.021,0.021,-1,Echolocation,/mnt/ubna_data_02_mir/recover-20220922/UBNA_001/20220921_090000.WAV,Telephone Field,recover-20220922,001,1795
1671.4285,1671.4664,68437,82288,Rhinolophus ferrumequinum,0.022,0.022,-1,Echolocation,/mnt/ubna_data_02_mir/recover-20220922/UBNA_001/20220921_090000.WAV,Telephone Field,recover-20220922,001,1795
1671.4665,1671.4758,28906,38528,Eptesicus serotinus,0.009,0.023,-1,Echolocation,/mnt/ubna_data_02_mir/recover-20220922/UBNA_001/20220921_090000.WAV,Telephone Field,recover-20220922,001,1795
1671.4795,1671.5194,68437,83028,Rhinolophus ferrumequinum,0.028,0.028,-1,Echolocation,/mnt/ubna_data_02_mir/recover-20220922/UBNA_001/20220921_090000.WAV,Telephone Field,recover-20220922,001,1795
1671.4815,1671.493,23750,29323,Nyctalus leisleri,0.009,0.021,-1,Echolocation,/mnt/ubna_data_02_mir/recover-20220922/UBNA_001/20220921_090000.WAV,Telephone Field,recover-20220922,001,1795
1671.4935,1671.5058,15156,21605,Nyctalus noctula,0.02,0.033,-1,Echolocation,/mnt/ubna_data_02_mir/recover-20220922/UBNA_001/20220921_090000.WAV,Telephone Field,recover-20220922,001,1795
1671.5065,1671.5156,28046,39547,Eptesicus serotinus,0.009,0.024,-1,Echolocation,/mnt/ubna_data_02_mir/recover-20220922/UBNA_001/20220921_090000.WAV,Telephone Field,recover-20220922,001,1795
1671.5245,1671.5577,68437,81492,Rhinolophus ferrumequinum,0.022,0.022,-1,Echolocation,/mnt/ubna_data_02_mir/recover-20220922/UBNA_001/20220921_090000.WAV,Telephone Field,recover-20220922,001,1795
1671.5625,1671.5733,28906,36034,Eptesicus serotinus,0.011,0.025,-1,Echolocation,/mnt/ubna_data_02_mir/recover-20220922/UBNA_001/20220921_090000.WAV,Telephone Field,recover-20220922,001,1795
1671.5705,1671.5802,22890,29017,Nyctalus leisleri,0.008,0.024,-1,Echolocation,/mnt/ubna_data_02_mir/recover-20220922/UBNA_001/20220921_090000.WAV,Telephone Field,recover-20220922,001,1795
1671.5725,1671.6111,68437,82580,Rhinolophus ferrumequinum,0.023,0.023,-1,Echolocation,/mnt/ubna_data_02_mir/recover-20220922/UBNA_001/20220921_090000.WAV,Telephone Field,recover-20220922,001,1795
1671.5815,1671.6239,68437,82796,Rhinolophus ferrumequinum,0.023,0.023,-1,Echolocation,/mnt/ubna_data_02_mir/recover-20220922/UBNA_001/20220921_090000.WAV,Telephone Field,recover-20220922,001,1795
1671.6105,1671.6493,68437,81807,Rhinolophus ferrumequinum,0.021,0.021,-1,Echolocation,/mnt/ubna_data_02_mir/recover-20220922/UBNA_001/20220921_090000.WAV,Telephone Field,recover-20220922,001,1795
1671.6115,1671.6213,27187,36069,Eptesicus serotinus,0.01,0.023,-1,Echolocation,/mnt/ubna_data_02_mir/recover-20220922/UBNA_001/20220921_090000.WAV,Telephone Field,recover-20220922,001,1795
1671.6195,1671.6296,28906,36954,Eptesicus serotinus,0.01,0.024,-1,Echolocation,/mnt/ubna_data_02_mir/recover-20220922/UBNA_001/20220921_090000.WAV,Telephone Field,recover-20220922,001,1795
1671.6315,1671.6705,68437,82196,Rhinolophus ferrumequinum,0.022,0.022,-1,Echolocation,/mnt/ubna_data_02_mir/recover-20220922/UBNA_001/20220921_090000.WAV,Telephone Field,recover-20220922,001,1795
1671.6355,1671.6467,23750,29241,Nyctalus leisleri,0.016,0.033,-1,Echolocation,/mnt/ubna_data_02_mir/recover-20220922/UBNA_001/20220921_090000.WAV,Telephone Field,recover-20220922,001,1795
1671.6465,1671.6899,68437,83254,Rhinolophus ferrumequinum,0.026,0.026,-1,Echolocation,/mnt/ubna_data_02_mir/recover-20220922/UBNA_001/20220921_090000.WAV,Telephone Field,recover-20220922,001,1795
1671.6725,1671.7104,68437,82130,Rhinolophus ferrumequinum,0.022,0.022,-1,Echolocation,/mnt/ubna_data_02_mir/recover-20220922/UBNA_001/20220921_090000.WAV,Telephone Field,recover-20220922,001,1795
1671.6775,1671.7162,68437,83103,Rhinolophus ferrumequinum,0.022,0.022,-1,Echolocation,/mnt/ubna_data_02_mir/recover-20220922/UBNA_001/20220921_090000.WAV,Telephone Field,recover-20220922,001,1795
1671.6795,1671.6862,23750,34154,Plecotus austriacus,0.014,0.029,-1,Echolocation,/mnt/ubna_data_02_mir/recover-20220922/UBNA_001/20220921_090000.WAV,Telephone Field,recover-20220922,001,1795
1671.7245,1671.7322,23750,32383,Plecotus austriacus,0.008,0.022,-1,Echolocation,/mnt/ubna_data_02_mir/recover-20220922/UBNA_001/20220921_090000.WAV,Telephone Field,recover-20220922,001,1795
1671.7555,1671.7946,68437,82331,Rhinolophus ferrumequinum,0.022,0.023,-1,Echolocation,/mnt/ubna_data_02_mir/recover-20220922/UBNA_001/20220921_090000.WAV,Telephone Field,recover-20220922,001,1795
1671.7625,1671.7703,27187,38999,Eptesicus serotinus,0.007,0.022,-1,Echolocation,/mnt/ubna_data_02_mir/recover-20220922/UBNA_001/20220921_090000.WAV,Telephone Field,recover-20220922,001,1795
1671.7845,1671.8222,68437,81952,Rhinolophus ferrumequinum,0.025,0.025,-1,Echolocation,/mnt/ubna_data_02_mir/recover-20220922/UBNA_001/20220921_090000.WAV,Telephone Field,recover-20220922,001,1795
1671.7925,1671.8311,68437,82211,Rhinolophus ferrumequinum,0.021,0.021,-1,Echolocation,/mnt/ubna_data_02_mir/recover-20220922/UBNA_001/20220921_090000.WAV,Telephone Field,recover-20220922,001,1795
1671.8025,1671.84,68437,81584,Rhinolophus ferrumequinum,0.022,0.022,-1,Echolocation,/mnt/ubna_data_02_mir/recover-20220922/UBNA_001/20220921_090000.WAV,Telephone Field,recover-20220922,001,1795
1671.8125,1671.8219,28046,38069,Eptesicus serotinus,0.01,0.023,-1,Echolocation,/mnt/ubna_data_02_mir/recover-20220922/UBNA_001/20220921_090000.WAV,Telephone Field,recover-20220922,001,1795
1671.8195,1671.8279,28906,38208,Eptesicus serotinus,0.008,0.022,-1,Echolocation,/mnt/ubna_data_02_mir/recover-20220922/UBNA_001/20220921_090000.WAV,Telephone Field,recover-20220922,001,1795
1671.8675,1671.9035,68437,81585,Rhinolophus ferrumequinum,0.025,0.025,-1,Echolocation,/mnt/ubna_data_02_mir/recover-20220922/UBNA_001/20220921_090000.WAV,Telephone Field,recover-20220922,001,1795
1671.8875,1671.9267,68437,82035,Rhinolophus ferrumequinum,0.028,0.028,-1,Echolocation,/mnt/ubna_data_02_mir/recover-20220922/UBNA_001/20220921_090000.WAV,Telephone Field,recover-20220922,001,1795
1671.8985,1671.9375,68437,82208,Rhinolophus ferrumequinum,0.023,0.023,-1,Echolocation,/mnt/ubna_data_02_mir/recover-20220922/UBNA_001/20220921_090000.WAV,Telephone Field,recover-20220922,001,1795
1671.9165,1671.9556,68437,82691,Rhinolophus ferrumequinum,0.023,0.023,-1,Echolocation,/mnt/ubna_data_02_mir/recover-20220922/UBNA_001/20220921_090000.WAV,Telephone Field,recover-20220922,001,1795
1671.9575,1671.9958,68437,81597,Rhinolophus ferrumequinum,0.021,0.021,-1,Echolocation,/mnt/ubna_data_02_mir/recover-20220922/UBNA_001/20220921_090000.WAV,Telephone Field,recover-20220922,001,1795
1671.9655,1671.9721,27187,39142,Eptesicus serotinus,0.005,0.022,-1,Echolocation,/mnt/ubna_data_02_mir/recover-20220922/UBNA_001/20220921_090000.WAV,Telephone Field,recover-20220922,001,1795
1671.9865,1671.9958,25468,37083,Eptesicus serotinus,0.009,0.024,-1,Echolocation,/mnt/ubna_data_02_mir/recover-20220922/UBNA_001/20220921_090000.WAV,Telephone Field,recover-20220922,001,1795
1672.0015,1672.0114,22031,28040,Nyctalus leisleri,0.01,0.026,-1,Echolocation,/mnt/ubna_data_02_mir/recover-20220922/UBNA_001/20220921_090000.WAV,Telephone Field,recover-20220922,001,1795
1672.0015,1672.0092,47812,56138,Pipistrellus pipistrellus,0.019,0.025,-1,Echolocation,/mnt/ubna_data_02_mir/recover-20220922/UBNA_001/20220921_090000.WAV,Telephone Field,recover-20220922,001,1795
1672.0025,1672.0435,68437,81982,Rhinolophus ferrumequinum,0.024,0.024,-1,Echolocation,/mnt/ubna_data_02_mir/recover-20220922/UBNA_001/20220921_090000.WAV,Telephone Field,recover-20220922,001,1795
1672.0085,1672.0522,68437,82551,Rhinolophus ferrumequinum,0.022,0.022,-1,Echolocation,/mnt/ubna_data_02_mir/recover-20220922/UBNA_001/20220921_090000.WAV,Telephone Field,recover-20220922,001,1795
1672.0145,1672.0557,68437,83002,Rhinolophus ferrumequinum,0.022,0.022,-1,Echolocation,/mnt/ubna_data_02_mir/recover-20220922/UBNA_001/20220921_090000.WAV,Telephone Field,recover-20220922,001,1795
1672.0385,1672.0757,68437,82020,Rhinolophus ferrumequinum,0.023,0.023,-1,Echolocation,/mnt/ubna_data_02_mir/recover-20220922/UBNA_001/20220921_090000.WAV,Telephone Field,recover-20220922,001,1795
1672.0605,1672.0719,22890,27854,Nyctalus leisleri,0.012,0.025,-1,Echolocation,/mnt/ubna_data_02_mir/recover-20220922/UBNA_001/20220921_090000.WAV,Telephone Field,recover-20220922,001,1795
1672.1025,1672.1114,26328,34483,Eptesicus serotinus,0.014,0.032,-1,Echolocation,/mnt/ubna_data_02_mir/recover-20220922/UBNA_001/20220921_090000.WAV,Telephone Field,recover-20220922,001,1795
1672.1035,1672.1378,68437,80436,Rhinolophus ferrumequinum,0.021,0.021,-1,Echolocation,/mnt/ubna_data_02_mir/recover-20220922/UBNA_001/20220921_090000.WAV,Telephone Field,recover-20220922,001,1795
1672.1305,1672.1718,68437,83095,Rhinolophus ferrumequinum,0.037,0.037,-1,Echolocation,/mnt/ubna_data_02_mir/recover-20220922/UBNA_001/20220921_090000.WAV,Telephone Field,recover-20220922,001,1795
1672.1805,1672.2185,68437,81664,Rhinolophus ferrumequinum,0.021,0.021,-1,Echolocation,/mnt/ubna_data_02_mir/recover-20220922/UBNA_001/20220921_090000.WAV,Telephone Field,recover-20220922,001,1795
1672.1865,1672.1991,28906,35679,Eptesicus serotinus,0.019,0.032,-1,Echolocation,/mnt/ubna_data_02_mir/recover-20220922/UBNA_001/20220921_090000.WAV,Telephone Field,recover-20220922,001,1795
1672.2285,1672.2659,68437,81840,Rhinolophus ferrumequinum,0.021,0.021,-1,Echolocation,/mnt/ubna_data_02_mir/recover-20220922/UBNA_001/20220921_090000.WAV,Telephone Field,recover-20220922,001,1795
1672.2395,1672.248,27187,36342,Eptesicus serotinus,0.009,0.023,-1,Echolocation,/mnt/ubna_data_02_mir/recover-20220922/UBNA_001/20220921_090000.WAV,Telephone Field,recover-20220922,001,1795
1672.2405,1672.2504,14296,20520,Nyctalus noctula,0.011,0.022,-1,Echolocation,/mnt/ubna_data_02_mir/recover-20220922/UBNA_001/20220921_090000.WAV,Telephone Field,recover-20220922,001,1795
1672.2505,1672.2912,68437,82199,Rhinolophus ferrumequinum,0.023,0.023,-1,Echolocation,/mnt/ubna_data_02_mir/recover-20220922/UBNA_001/20220921_090000.WAV,Telephone Field,recover-20220922,001,1795
1672.2875,1672.2995,28906,35178,Eptesicus serotinus,0.012,0.025,-1,Echolocation,/mnt/ubna_data_02_mir/recover-20220922/UBNA_001/20220921_090000.WAV,Telephone Field,recover-20220922,001,1795
1672.2875,1672.3287,68437,82342,Rhinolophus ferrumequinum,0.033,0.033,-1,Echolocation,/mnt/ubna_data_02_mir/recover-20220922/UBNA_001/20220921_090000.WAV,Telephone Field,recover-20220922,001,1795
1672.3065,1672.3481,68437,82877,Rhinolophus ferrumequinum,0.025,0.025,-1,Echolocation,/mnt/ubna_data_02_mir/recover-20220922/UBNA_001/20220921_090000.WAV,Telephone Field,recover-20220922,001,1795
1672.3395,1672.3741,68437,80229,Rhinolophus ferrumequinum,0.022,0.022,-1,Echolocation,/mnt/ubna_data_02_mir/recover-20220922/UBNA_001/20220921_090000.WAV,Telephone Field,recover-20220922,001,1795
1672.3535,1672.364,23750,29516,Nyctalus leisleri,0.008,0.021,-1,Echolocation,/mnt/ubna_data_02_mir/recover-20220922/UBNA_001/20220921_090000.WAV,Telephone Field,recover-20220922,001,1795
1672.3545,1672.3946,68437,82285,Rhinolophus ferrumequinum,0.021,0.021,-1,Echolocation,/mnt/ubna_data_02_mir/recover-20220922/UBNA_001/20220921_090000.WAV,Telephone Field,recover-20220922,001,1795
1672.3915,1672.4296,68437,81442,Rhinolophus ferrumequinum,0.023,0.023,-1,Echolocation,/mnt/ubna_data_02_mir/recover-20220922/UBNA_001/20220921_090000.WAV,Telephone Field,recover-20220922,001,1795
1672.4425,1672.4531,28906,36391,Eptesicus serotinus,0.012,0.026,-1,Echolocation,/mnt/ubna_data_02_mir/recover-20220922/UBNA_001/20220921_090000.WAV,Telephone Field,recover-20220922,001,1795
1672.4565,1672.4958,68437,82229,Rhinolophus ferrumequinum,0.023,0.023,-1,Echolocation,/mnt/ubna_data_02_mir/recover-20220922/UBNA_001/20220921_090000.WAV,Telephone Field,recover-20220922,001,1795
1672.4675,1672.507,68437,82211,Rhinolophus ferrumequinum,0.021,0.021,-1,Echolocation,/mnt/ubna_data_02_mir/recover-20220922/UBNA_001/20220921_090000.WAV,Telephone Field,recover-20220922,001,1795
1672.4955,1672.5064,23750,28836,Nyctalus leisleri,0.01,0.022,-1,Echolocation,/mnt/ubna_data_02_mir/recover-20220922/UBNA_001/20220921_090000.WAV,Telephone Field,recover-20220922,001,1795
1672.4995,1672.5415,68437,82580,Rhinolophus ferrumequinum,0.033,0.033,-1,Echolocation,/mnt/ubna_data_02_mir/recover-20220922/UBNA_001/20220921_090000.WAV,Telephone Field,recover-20220922,001,1795
1672.5255,1672.5678,68437,83205,Rhinolophus ferrumequinum,0.044,0.044,-1,Echolocation,/mnt/ubna_data_02_mir/recover-20220922/UBNA_001/20220921_090000.WAV,Telephone Field,recover-20220922,001,1795
1672.5615,1672.6023,68437,82455,Rhinolophus ferrumequinum,0.021,0.021,-1,Echolocation,/mnt/ubna_data_02_mir/recover-20220922/UBNA_001/20220921_090000.WAV,Telephone Field,recover-20220922,001,1795
1672.5705,1672.5886,19453,22753,Nyctalus leisleri,0.01,0.023,-1,Echolocation,/mnt/ubna_data_02_mir/recover-20220922/UBNA_001/20220921_090000.WAV,Telephone Field,recover-20220922,001,1795
1672.5715,1672.6129,68437,82665,Rhinolophus ferrumequinum,0.022,0.022,-1,Echolocation,/mnt/ubna_data_02_mir/recover-20220922/UBNA_001/20220921_090000.WAV,Telephone Field,recover-20220922,001,1795
1672.5915,1672.6033,24609,29874,Nyctalus leisleri,0.012,0.026,-1,Echolocation,/mnt/ubna_data_02_mir/recover-20220922/UBNA_001/20220921_090000.WAV,Telephone Field,recover-20220922,001,1795
1672.6125,1672.6539,68437,82925,Rhinolophus ferrumequinum,0.03,0.03,-1,Echolocation,/mnt/ubna_data_02_mir/recover-20220922/UBNA_001/20220921_090000.WAV,Telephone Field,recover-20220922,001,1795
1672.6315,1672.6702,68437,81855,Rhinolophus ferrumequinum,0.023,0.023,-1,Echolocation,/mnt/ubna_data_02_mir/recover-20220922/UBNA_001/20220921_090000.WAV,Telephone Field,recover-20220922,001,1795
1672.6365,1672.648,22031,26241,Nyctalus leisleri,0.013,0.023,-1,Echolocation,/mnt/ubna_data_02_mir/recover-20220922/UBNA_001/20220921_090000.WAV,Telephone Field,recover-20220922,001,1795
1672.6695,1672.7089,68437,82384,Rhinolophus ferrumequinum,0.021,0.021,-1,Echolocation,/mnt/ubna_data_02_mir/recover-20220922/UBNA_001/20220921_090000.WAV,Telephone Field,recover-20220922,001,1795
1672.7115,1672.7499,68437,82080,Rhinolophus ferrumequinum,0.024,0.024,-1,Echolocation,/mnt/ubna_data_02_mir/recover-20220922/UBNA_001/20220921_090000.WAV,Telephone Field,recover-20220922,001,1795
1672.7485,1672.7876,68437,81776,Rhinolophus ferrumequinum,0.021,0.021,-1,Echolocation,/mnt/ubna_data_02_mir/recover-20220922/UBNA_001/20220921_090000.WAV,Telephone Field,recover-20220922,001,1795
1672.7565,1672.7633,31484,41272,Myotis daubentonii,0.008,0.025,-1,Echolocation,/mnt/ubna_data_02_mir/recover-20220922/UBNA_001/20220921_090000.WAV,Telephone Field,recover-20220922,001,1795
1672.7655,1672.8027,68437,82088,Rhinolophus ferrumequinum,0.021,0.021,-1,Echolocation,/mnt/ubna_data_02_mir/recover-20220922/UBNA_001/20220921_090000.WAV,Telephone Field,recover-20220922,001,1795
1672.7885,1672.7974,28906,38357,Eptesicus serotinus,0.008,0.021,-1,Echolocation,/mnt/ubna_data_02_mir/recover-20220922/UBNA_001/20220921_090000.WAV,Telephone Field,recover-20220922,001,1795
1672.7975,1672.8077,28906,36041,Eptesicus serotinus,0.009,0.021,-1,Echolocation,/mnt/ubna_data_02_mir/recover-20220922/UBNA_001/20220921_090000.WAV,Telephone Field,recover-20220922,001,1795
1672.7975,1672.8371,68437,82212,Rhinolophus ferrumequinum,0.021,0.021,-1,Echolocation,/mnt/ubna_data_02_mir/recover-20220922/UBNA_001/20220921_090000.WAV,Telephone Field,recover-20220922,001,1795
1672.8385,1672.8756,68437,81505,Rhinolophus ferrumequinum,0.022,0.022,-1,Echolocation,/mnt/ubna_data_02_mir/recover-20220922/UBNA_001/20220921_090000.WAV,Telephone Field,recover-20220922,001,1795
1672.8715,1672.8815,28046,40106,Eptesicus serotinus,0.01,0.022,-1,Echolocation,/mnt/ubna_data_02_mir/recover-20220922/UBNA_001/20220921_090000.WAV,Telephone Field,recover-20220922,001,1795
1672.8745,1672.9131,68437,82017,Rhinolophus ferrumequinum,0.027,0.027,-1,Echolocation,/mnt/ubna_data_02_mir/recover-20220922/UBNA_001/20220921_090000.WAV,Telephone Field,recover-20220922,001,1795
1672.8925,1672.9012,28046,38496,Eptesicus serotinus,0.008,0.024,-1,Echolocation,/mnt/ubna_data_02_mir/recover-20220922/UBNA_001/20220921_090000.WAV,Telephone Field,recover-20220922,001,1795
1672.9265,1672.9354,22890,30035,Plecotus austriacus,0.008,0.022,-1,Echolocation,/mnt/ubna_data_02_mir/recover-20220922/UBNA_001/20220921_090000.WAV,Telephone Field,recover-20220922,001,1795
1672.9485,1672.9924,68437,82919,Rhinolophus ferrumequinum,0.027,0.027,-1,Echolocation,/mnt/ubna_data_02_mir/recover-20220922/UBNA_001/20220921_090000.WAV,Telephone Field,recover-20220922,001,1795
1673.0045,1673.0159,24609,31447,Nyctalus leisleri,0.018,0.046,-1,Echolocation,/mnt/ubna_data_02_mir/recover-20220922/UBNA_001/20220921_090000.WAV,Telephone Field,recover-20220922,001,1795
1673.0045,1673.0431,68437,81655,Rhinolophus ferrumequinum,0.02,0.02,-1,Echolocation,/mnt/ubna_data_02_mir/recover-20220922/UBNA_001/20220921_090000.WAV,Telephone Field,recover-20220922,001,1795
1673.0395,1673.0541,23750,28540,Nyctalus leisleri,0.02,0.037,-1,Echolocation,/mnt/ubna_data_02_mir/recover-20220922/UBNA_001/20220921_090000.WAV,Telephone Field,recover-20220922,001,1795
1673.0915,1673.1302,68437,82064,Rhinolophus ferrumequinum,0.021,0.021,-1,Echolocation,/mnt/ubna_data_02_mir/recover-20220922/UBNA_001/20220921_090000.WAV,Telephone Field,recover-20220922,001,1795
1673.0995,1673.1374,68437,81838,Rhinolophus ferrumequinum,0.022,0.023,-1,Echolocation,/mnt/ubna_data_02_mir/recover-20220922/UBNA_001/20220921_090000.WAV,Telephone Field,recover-20220922,001,1795
1673.1295,1673.1385,23750,31349,Nyctalus leisleri,0.006,0.021,-1,Echolocation,/mnt/ubna_data_02_mir/recover-20220922/UBNA_001/20220921_090000.WAV,Telephone Field,recover-20220922,001,1795
1673.1755,1673.1895,22890,28132,Nyctalus leisleri,0.021,0.046,-1,Echolocation,/mnt/ubna_data_02_mir/recover-20220922/UBNA_001/20220921_090000.WAV,Telephone Field,recover-20220922,001,1795
1673.1905,1673.2285,68437,82306,Rhinolophus ferrumequinum,0.022,0.022,-1,Echolocation,/mnt/ubna_data_02_mir/recover-20220922/UBNA_001/20220921_090000.WAV,Telephone Field,recover-20220922,001,1795
1673.2085,1673.2219,21171,25513,Nyctalus leisleri,0.011,0.022,-1,Echolocation,/mnt/ubna_data_02_mir/recover-20220922/UBNA_001/20220921_090000.WAV,Telephone Field,recover-20220922,001,1795
1673.2405,1673.2519,23750,29555,Nyctalus leisleri,0.01,0.024,-1,Echolocation,/mnt/ubna_data_02_mir/recover-20220922/UBNA_001/20220921_090000.WAV,Telephone Field,recover-20220922,001,1795
1673.2445,1673.2861,68437,82696,Rhinolophus ferrumequinum,0.033,0.033,-1,Echolocation,/mnt/ubna_data_02_mir/recover-20220922/UBNA_001/20220921_090000.WAV,Telephone Field,recover-20220922,001,1795
1673.2625,1673.3022,68437,82146,Rhinolophus ferrumequinum,0.021,0.021,-1,Echolocation,/mnt/ubna_data_02_mir/recover-20220922/UBNA_001/20220921_090000.WAV,Telephone Field,recover-20220922,001,1795
1673.2865,1673.325,68437,82335,Rhinolophus ferrumequinum,0.022,0.022,-1,Echolocation,/mnt/ubna_data_02_mir/recover-20220922/UBNA_001/20220921_090000.WAV,Telephone Field,recover-20220922,001,1795
1673.3045,1673.3154,23750,30215,Nyctalus leisleri,0.008,0.022,-1,Echolocation,/mnt/ubna_data_02_mir/recover-20220922/UBNA_001/20220921_090000.WAV,Telephone Field,recover-20220922,001,1795
1673.3165,1673.3517,68437,80945,Rhinolophus ferrumequinum,0.023,0.023,-1,Echolocation,/mnt/ubna_data_02_mir/recover-20220922/UBNA_001/20220921_090000.WAV,Telephone Field,recover-20220922,001,1795
1673.3495,1673.3606,58125,63652,Pipistrellus pygmaeus,0.026,0.027,-1,Echolocation,/mnt/ubna_data_02_mir/recover-20220922/UBNA_001/20220921_090000.WAV,Telephone Field,recover-20220922,001,1795
1673.3695,1673.4092,68437,82534,Rhinolophus ferrumequinum,0.022,0.022,-1,Echolocation,/mnt/ubna_data_02_mir/recover-20220922/UBNA_001/20220921_090000.WAV,Telephone Field,recover-20220922,001,1795
1673.3855,1673.3969,25468,32493,Eptesicus serotinus,0.011,0.025,-1,Echolocation,/mnt/ubna_data_02_mir/recover-20220922/UBNA_001/20220921_090000.WAV,Telephone Field,recover-20220922,001,1795
1673.3955,1673.4333,68437,81434,Rhinolophus ferrumequinum,0.025,0.025,-1,Echolocation,/mnt/ubna_data_02_mir/recover-20220922/UBNA_001/20220921_090000.WAV,Telephone Field,recover-20220922,001,1795
1673.4305,1673.4712,68437,82676,Rhinolophus ferrumequinum,0.027,0.027,-1,Echolocation,/mnt/ubna_data_02_mir/recover-20220922/UBNA_001/20220921_090000.WAV,Telephone Field,recover-20220922,001,1795
1673.4595,1673.4696,28046,36002,Eptesicus serotinus,0.011,0.025,-1,Echolocation,/mnt/ubna_data_02_mir/recover-20220922/UBNA_001/20220921_090000.WAV,Telephone Field,recover-20220922,001,1795
1673.4595,1673.5004,68437,82988,Rhinolophus ferrumequinum,0.025,0.025,-1,Echolocation,/mnt/ubna_data_02_mir/recover-20220922/UBNA_001/20220921_090000.WAV,Telephone Field,recover-20220922,001,1795
1673.4895,1673.5244,68437,81096,Rhinolophus ferrumequinum,0.02,0.02,-1,Echolocation,/mnt/ubna_data_02_mir/recover-20220922/UBNA_001/20220921_090000.WAV,Telephone Field,recover-20220922,001,1795
1673.5175,1673.5274,22890,28617,Nyctalus leisleri,0.01,0.024,-1,Echolocation,/mnt/ubna_data_02_mir/recover-20220922/UBNA_001/20220921_090000.WAV,Telephone Field,recover-20220922,001,1795
1673.5285,1673.5669,68437,81664,Rhinolophus ferrumequinum,0.021,0.021,-1,Echolocation,/mnt/ubna_data_02_mir/recover-20220922/UBNA_001/20220921_090000.WAV,Telephone Field,recover-20220922,001,1795
1673.5435,1673.5513,23750,33832,Plecotus austriacus,0.008,0.021,-1,Echolocation,/mnt/ubna_data_02_mir/recover-20220922/UBNA_001/20220921_090000.WAV,Telephone Field,recover-20220922,001,1795
1673.5715,1673.6124,68437,82585,Rhinolophus ferrumequinum,0.024,0.024,-1,Echolocation,/mnt/ubna_data_02_mir/recover-20220922/UBNA_001/20220921_090000.WAV,Telephone Field,recover-20220922,001,1795
1673.5865,1673.6269,68437,82217,Rhinolophus ferrumequinum,0.021,0.021,-1,Echolocation,/mnt/ubna_data_02_mir/recover-20220922/UBNA_001/20220921_090000.WAV,Telephone Field,recover-20220922,001,1795
1673.6295,1673.6694,68437,82216,Rhinolophus ferrumequinum,0.023,0.023,-1,Echolocation,/mnt/ubna_data_02_mir/recover-20220922/UBNA_001/20220921_090000.WAV,Telephone Field,recover-20220922,001,1795
1673.6325,1673.6414,28046,39207,Eptesicus serotinus,0.009,0.023,-1,Echolocation,/mnt/ubna_data_02_mir/recover-20220922/UBNA_001/20220921_090000.WAV,Telephone Field,recover-20220922,001,1795
1673.6765,1673.6903,23750,27710,Nyctalus leisleri,0.028,0.048,-1,Echolocation,/mnt/ubna_data_02_mir/recover-20220922/UBNA_001/20220921_090000.WAV,Telephone Field,recover-20220922,001,1795
1673.6955,1673.7306,68437,81557,Rhinolophus ferrumequinum,0.021,0.021,-1,Echolocation,/mnt/ubna_data_02_mir/recover-20220922/UBNA_001/20220921_090000.WAV,Telephone Field,recover-20220922,001,1795
1673.7025,1673.7098,23750,32813,Plecotus austriacus,0.01,0.026,-1,Echolocation,/mnt/ubna_data_02_mir/recover-20220922/UBNA_001/20220921_090000.WAV,Telephone Field,recover-20220922,001,1795
1673.7085,1673.7486,68437,82001,Rhinolophus ferrumequinum,0.023,0.023,-1,Echolocation,/mnt/ubna_data_02_mir/recover-20220922/UBNA_001/20220921_090000.WAV,Telephone Field,recover-20220922,001,1795
1673.7195,1673.7309,26328,32518,Eptesicus serotinus,0.01,0.021,-1,Echolocation,/mnt/ubna_data_02_mir/recover-20220922/UBNA_001/20220921_090000.WAV,Telephone Field,recover-20220922,001,1795
1673.7885,1673.8256,68437,82371,Rhinolophus ferrumequinum,0.025,0.025,-1,Echolocation,/mnt/ubna_data_02_mir/recover-20220922/UBNA_001/20220921_090000.WAV,Telephone Field,recover-20220922,001,1795
1673.8095,1673.82,22890,27631,Nyctalus leisleri,0.01,0.021,-1,Echolocation,/mnt/ubna_data_02_mir/recover-20220922/UBNA_001/20220921_090000.WAV,Telephone Field,recover-20220922,001,1795
1673.8175,1673.8585,68437,82798,Rhinolophus ferrumequinum,0.023,0.023,-1,Echolocation,/mnt/ubna_data_02_mir/recover-20220922/UBNA_001/20220921_090000.WAV,Telephone Field,recover-20220922,001,1795
1673.8625,1673.9048,68437,82977,Rhinolophus ferrumequinum,0.024,0.025,-1,Echolocation,/mnt/ubna_data_02_mir/recover-20220922/UBNA_001/20220921_090000.WAV,Telephone Field,recover-20220922,001,1795
1673.8675,1673.8759,27187,39156,Eptesicus serotinus,0.009,0.025,-1,Echolocation,/mnt/ubna_data_02_mir/recover-20220922/UBNA_001/20220921_090000.WAV,Telephone Field,recover-20220922,001,1795
1673.9085,1673.9459,68437,81679,Rhinolophus ferrumequinum,0.02,0.02,-1,Echolocation,/mnt/ubna_data_02_mir/recover-20220922/UBNA_001/20220921_090000.WAV,Telephone Field,recover-20220922,001,1795
1673.9635,1673.9784,22890,27627,Nyctalus leisleri,0.014,0.027,-1,Echolocation,/mnt/ubna_data_02_mir/recover-20220922/UBNA_001/20220921_090000.WAV,Telephone Field,recover-20220922,001,1795
1673.9825,1673.9925,22890,29143,Nyctalus leisleri,0.01,0.025,-1,Echolocation,/mnt/ubna_data_02_mir/recover-20220922/UBNA_001/20220921_090000.WAV,Telephone Field,recover-20220922,001,1795
1674.0015,1674.0109,26328,33500,Nyctalus leisleri,0.011,0.033,-1,Echolocation,/mnt/ubna_data_02_mir/recover-20220922/UBNA_001/20220921_090000.WAV,Telephone Field,recover-20220922,001,1795
1674.0015,1674.0339,68437,80521,Rhinolophus ferrumequinum,0.049,0.05,-1,Echolocation,/mnt/ubna_data_02_mir/recover-20220922/UBNA_001/20220921_090000.WAV,Telephone Field,recover-20220922,001,1795
1674.0015,1674.0106,47812,53789,Pipistrellus pipistrellus,0.023,0.028,-1,Echolocation,/mnt/ubna_data_02_mir/recover-20220922/UBNA_001/20220921_090000.WAV,Telephone Field,recover-20220922,001,1795
1674.0075,1674.0493,68437,82505,Rhinolophus ferrumequinum,0.025,0.025,-1,Echolocation,/mnt/ubna_data_02_mir/recover-20220922/UBNA_001/20220921_090000.WAV,Telephone Field,recover-20220922,001,1795
1674.0125,1674.0245,23750,28339,Nyctalus leisleri,0.013,0.026,-1,Echolocation,/mnt/ubna_data_02_mir/recover-20220922/UBNA_001/20220921_090000.WAV,Telephone Field,recover-20220922,001,1795
1674.0135,1674.0538,68437,83055,Rhinolophus ferrumequinum,0.025,0.025,-1,Echolocation,/mnt/ubna_data_02_mir/recover-20220922/UBNA_001/20220921_090000.WAV,Telephone Field,recover-20220922,001,1795
1674.0245,1674.0322,28906,40772,Eptesicus serotinus,0.008,0.025,-1,Echolocation,/mnt/ubna_data_02_mir/recover-20220922/UBNA_001/20220921_090000.WAV,Telephone Field,recover-20220922,001,1795
1674.0315,1674.0424,44375,48173,Pipistrellus pipistrellus,0.022,0.026,-1,Echolocation,/mnt/ubna_data_02_mir/recover-20220922/UBNA_001/20220921_090000.WAV,Telephone Field,recover-20220922,001,1795
1674.0315,1674.0379,34921,44393,Myotis daubentonii,0.008,0.022,-1,Echolocation,/mnt/ubna_data_02_mir/recover-20220922/UBNA_001/20220921_090000.WAV,Telephone Field,recover-20220922,001,1795
1674.0475,1674.0891,68437,82599,Rhinolophus ferrumequinum,0.051,0.051,-1,Echolocation,/mnt/ubna_data_02_mir/recover-20220922/UBNA_001/20220921_090000.WAV,Telephone Field,recover-20220922,001,1795
1674.0725,1674.1111,68437,82204,Rhinolophus ferrumequinum,0.022,0.022,-1,Echolocation,/mnt/ubna_data_02_mir/recover-20220922/UBNA_001/20220921_090000.WAV,Telephone Field,recover-20220922,001,1795
1674.0905,1674.1262,68437,82245,Rhinolophus ferrumequinum,0.021,0.021,-1,Echolocation,/mnt/ubna_data_02_mir/recover-20220922/UBNA_001/20220921_090000.WAV,Telephone Field,recover-20220922,001,1795
1674.0915,1674.102,44375,47732,Pipistrellus pipistrellus,0.028,0.03,-1,Echolocation,/mnt/ubna_data_02_mir/recover-20220922/UBNA_001/20220921_090000.WAV,Telephone Field,recover-20220922,001,1795
1674.0995,1674.1067,22890,30656,Plecotus austriacus,0.01,0.021,-1,Echolocation,/mnt/ubna_data_02_mir/recover-20220922/UBNA_001/20220921_090000.WAV,Telephone Field,recover-20220922,001,1795
1674.1425,1674.1791,68437,81611,Rhinolophus ferrumequinum,0.023,0.023,-1,Echolocation,/mnt/ubna_data_02_mir/recover-20220922/UBNA_001/20220921_090000.WAV,Telephone Field,recover-20220922,001,1795
1674.1735,1674.2118,68437,82309,Rhinolophus ferrumequinum,0.021,0.021,-1,Echolocation,/mnt/ubna_data_02_mir/recover-20220922/UBNA_001/20220921_090000.WAV,Telephone Field,recover-20220922,001,1795
1674.1825,1674.1934,23750,27699,Nyctalus leisleri,0.013,0.024,-1,Echolocation,/mnt/ubna_data_02_mir/recover-20220922/UBNA_001/20220921_090000.WAV,Telephone Field,recover-20220922,001,1795
1674.2045,1674.2118,28046,39629,Eptesicus serotinus,0.009,0.026,-1,Echolocation,/mnt/ubna_data_02_mir/recover-20220922/UBNA_001/20220921_090000.WAV,Telephone Field,recover-20220922,001,1795
1674.2205,1674.2608,68437,82619,Rhinolophus ferrumequinum,0.023,0.023,-1,Echolocation,/mnt/ubna_data_02_mir/recover-20220922/UBNA_001/20220921_090000.WAV,Telephone Field,recover-20220922,001,1795
1674.2405,1674.2795,68437,82051,Rhinolophus ferrumequinum,0.022,0.022,-1,Echolocation,/mnt/ubna_data_02_mir/recover-20220922/UBNA_001/20220921_090000.WAV,Telephone Field,recover-20220922,001,1795
1674.2765,1674.3115,68437,81831,Rhinolophus ferrumequinum,0.023,0.024,-1,Echolocation,/mnt/ubna_data_02_mir/recover-20220922/UBNA_001/20220921_090000.WAV,Telephone Field,recover-20220922,001,1795
1674.2835,1674.3224,68437,82322,Rhinolophus ferrumequinum,0.023,0.023,-1,Echolocation,/mnt/ubna_data_02_mir/recover-20220922/UBNA_001/20220921_090000.WAV,Telephone Field,recover-20220922,001,1795
1674.2955,1674.3049,27187,35185,Eptesicus serotinus,0.012,0.027,-1,Echolocation,/mnt/ubna_data_02_mir/recover-20220922/UBNA_001/20220921_090000.WAV,Telephone Field,recover-20220922,001,1795
1674.3045,1674.3423,68437,82392,Rhinolophus ferrumequinum,0.023,0.023,-1,Echolocation,/mnt/ubna_data_02_mir/recover-20220922/UBNA_001/20220921_090000.WAV,Telephone Field,recover-20220922,001,1795
1674.3365,1674.3436,57265,63461,Pipistrellus pygmaeus,0.021,0.023,-1,Echolocation,/mnt/ubna_data_02_mir/recover-20220922/UBNA_001/20220921_090000.WAV,Telephone Field,recover-20220922,001,1795
1674.3455,1674.3544,28906,38962,Eptesicus serotinus,0.01,0.024,-1,Echolocation,/mnt/ubna_data_02_mir/recover-20220922/UBNA_001/20220921_090000.WAV,Telephone Field,recover-20220922,001,1795
1674.3775,1674.4155,68437,82623,Rhinolophus ferrumequinum,0.022,0.022,-1,Echolocation,/mnt/ubna_data_02_mir/recover-20220922/UBNA_001/20220921_090000.WAV,Telephone Field,recover-20220922,001,1795
1674.4105,1674.4492,68437,82929,Rhinolophus ferrumequinum,0.023,0.024,-1,Echolocation,/mnt/ubna_data_02_mir/recover-20220922/UBNA_001/20220921_090000.WAV,Telephone Field,recover-20220922,001,1795
1674.4135,1674.4205,23750,32253,Plecotus austriacus,0.01,0.023,-1,Echolocation,/mnt/ubna_data_02_mir/recover-20220922/UBNA_001/20220921_090000.WAV,Telephone Field,recover-20220922,001,1795
1674.4475,1674.4829,68437,80401,Rhinolophus ferrumequinum,0.03,0.03,-1,Echolocation,/mnt/ubna_data_02_mir/recover-20220922/UBNA_001/20220921_090000.WAV,Telephone Field,recover-20220922,001,1795
1674.4935,1674.536,68437,82764,Rhinolophus ferrumequinum,0.023,0.023,-1,Echolocation,/mnt/ubna_data_02_mir/recover-20220922/UBNA_001/20220921_090000.WAV,Telephone Field,recover-20220922,001,1795
1674.4955,1674.5032,24609,33379,Plecotus austriacus,0.009,0.027,-1,Echolocation,/mnt/ubna_data_02_mir/recover-20220922/UBNA_001/20220921_090000.WAV,Telephone Field,recover-20220922,001,1795
1674.5505,1674.5925,68437,82322,Rhinolophus ferrumequinum,0.028,0.028,-1,Echolocation,/mnt/ubna_data_02_mir/recover-20220922/UBNA_001/20220921_090000.WAV,Telephone Field,recover-20220922,001,1795
1674.5595,1674.5692,22890,29529,Nyctalus leisleri,0.008,0.024,-1,Echolocation,/mnt/ubna_data_02_mir/recover-20220922/UBNA_001/20220921_090000.WAV,Telephone Field,recover-20220922,001,1795
1674.5955,1674.6037,27187,38254,Eptesicus serotinus,0.007,0.021,-1,Echolocation,/mnt/ubna_data_02_mir/recover-20220922/UBNA_001/20220921_090000.WAV,Telephone Field,recover-20220922,001,1795
1674.5985,1674.638,68437,82141,Rhinolophus ferrumequinum,0.023,0.023,-1,Echolocation,/mnt/ubna_data_02_mir/recover-20220922/UBNA_001/20220921_090000.WAV,Telephone Field,recover-20220922,001,1795
1674.6145,1674.6532,68437,82836,Rhinolophus ferrumequinum,0.028,0.028,-1,Echolocation,/mnt/ubna_data_02_mir/recover-20220922/UBNA_001/20220921_090000.WAV,Telephone Field,recover-20220922,001,1795
1674.6235,1674.629,49531,53725,Pipistrellus pipistrellus,0.022,0.024,-1,Echolocation,/mnt/ubna_data_02_mir/recover-20220922/UBNA_001/20220921_090000.WAV,Telephone Field,recover-20220922,001,1795
1674.6885,1674.7237,68437,81175,Rhinolophus ferrumequinum,0.021,0.022,-1,Echolocation,/mnt/ubna_data_02_mir/recover-20220922/UBNA_001/20220921_090000.WAV,Telephone Field,recover-20220922,001,1795
1674.6995,1674.7361,68437,81783,Rhinolophus ferrumequinum,0.022,0.022,-1,Echolocation,/mnt/ubna_data_02_mir/recover-20220922/UBNA_001/20220921_090000.WAV,Telephone Field,recover-20220922,001,1795
1674.7315,1674.7697,68437,81386,Rhinolophus ferrumequinum,0.023,0.023,-1,Echolocation,/mnt/ubna_data_02_mir/recover-20220922/UBNA_001/20220921_090000.WAV,Telephone Field,recover-20220922,001,1795
1674.7445,1674.784,68437,82237,Rhinolophus ferrumequinum,0.024,0.024,-1,Echolocation,/mnt/ubna_data_02_mir/recover-20220922/UBNA_001/20220921_090000.WAV,Telephone Field,recover-20220922,001,1795
1674.7515,1674.7896,68437,82369,Rhinolophus ferrumequinum,0.025,0.025,-1,Echolocation,/mnt/ubna_data_02_mir/recover-20220922/UBNA_001/20220921_090000.WAV,Telephone Field,recover-20220922,001,1795
1674.7545,1674.7623,23750,36224,Plecotus austriacus,0.009,0.024,-1,Echolocation,/mnt/ubna_data_02_mir/recover-20220922/UBNA_001/20220921_090000.WAV,Telephone Field,recover-20220922,001,1795
1674.7545,1674.7603,33203,45261,Myotis daubentonii,0.011,0.025,-1,Echolocation,/mnt/ubna_data_02_mir/recover-20220922/UBNA_001/20220921_090000.WAV,Telephone Field,recover-20220922,001,1795
1674.7665,1674.7768,24609,30370,Nyctalus leisleri,0.008,0.021,-1,Echolocation,/mnt/ubna_data_02_mir/recover-20220922/UBNA_001/20220921_090000.WAV,Telephone Field,recover-20220922,001,1795
1674.7785,1674.786,47812,54643,Pipistrellus pipistrellus,0.02,0.023,-1,Echolocation,/mnt/ubna_data_02_mir/recover-20220922/UBNA_001/20220921_090000.WAV,Telephone Field,recover-20220922,001,1795
1674.7875,1674.8216,68437,81658,Rhinolophus ferrumequinum,0.021,0.021,-1,Echolocation,/mnt/ubna_data_02_mir/recover-20220922/UBNA_001/20220921_090000.WAV,Telephone Field,recover-20220922,001,1795
1674.7975,1674.8092,23750,29248,Nyctalus leisleri,0.011,0.025,-1,Echolocation,/mnt/ubna_data_02_mir/recover-20220922/UBNA_001/20220921_090000.WAV,Telephone Field,recover-20220922,001,1795
1674.8075,1674.8146,28906,42558,Eptesicus serotinus,0.009,0.03,-1,Echolocation,/mnt/ubna_data_02_mir/recover-20220922/UBNA_001/20220921_090000.WAV,Telephone Field,recover-20220922,001,1795
1674.8355,1674.8469,22890,28466,Nyctalus leisleri,0.012,0.025,-1,Echolocation,/mnt/ubna_data_02_mir/recover-20220922/UBNA_001/20220921_090000.WAV,Telephone Field,recover-20220922,001,1795
1674.8625,1674.9004,68437,82275,Rhinolophus ferrumequinum,0.022,0.022,-1,Echolocation,/mnt/ubna_data_02_mir/recover-20220922/UBNA_001/20220921_090000.WAV,Telephone Field,recover-20220922,001,1795
1674.8715,1674.909,68437,81543,Rhinolophus ferrumequinum,0.021,0.021,-1,Echolocation,/mnt/ubna_data_02_mir/recover-20220922/UBNA_001/20220921_090000.WAV,Telephone Field,recover-20220922,001,1795
1674.8785,1674.9162,68437,82312,Rhinolophus ferrumequinum,0.021,0.021,-1,Echolocation,/mnt/ubna_data_02_mir/recover-20220922/UBNA_001/20220921_090000.WAV,Telephone Field,recover-20220922,001,1795
1674.8875,1674.9287,68437,82761,Rhinolophus ferrumequinum,0.022,0.022,-1,Echolocation,/mnt/ubna_data_02_mir/recover-20220922/UBNA_001/20220921_090000.WAV,Telephone Field,recover-20220922,001,1795
1674.9335,1674.9704,68437,81691,Rhinolophus ferrumequinum,0.024,0.024,-1,Echolocation,/mnt/ubna_data_02_mir/recover-20220922/UBNA_001/20220921_090000.WAV,Telephone Field,recover-20220922,001,1795
1674.9395,1674.9486,28906,38913,Eptesicus serotinus,0.008,0.021,-1,Echolocation,/mnt/ubna_data_02_mir/recover-20220922/UBNA_001/20220921_090000.WAV,Telephone Field,recover-20220922,001,1795
1674.9395,1674.9758,68437,81939,Rhinolophus ferrumequinum,0.021,0.021,-1,Echolocation,/mnt/ubna_data_02_mir/recover-20220922/UBNA_001/20220921_090000.WAV,Telephone Field,recover-20220922,001,1795
1674.9465,1674.9561,24609,31086,Nyctalus leisleri,0.008,0.022,-1,Echolocation,/mnt/ubna_data_02_mir/recover-20220922/UBNA_001/20220921_090000.WAV,Telephone Field,recover-20220922,001,1795
1674.9585,1674.9718,22890,26557,Nyctalus leisleri,0.023,0.035,-1,Echolocation,/mnt/ubna_data_02_mir/recover-20220922/UBNA_001/20220921_090000.WAV,Telephone Field,recover-20220922,001,1795
1675.0045,1675.0146,26328,34336,Eptesicus serotinus,0.01,0.022,-1,Echolocation,/mnt/ubna_data_02_mir/recover-20220922/UBNA_001/20220921_090000.WAV,Telephone Field,recover-20220922,001,1795
1675.0205,1675.0268,28046,42666,Myotis daubentonii,0.005,0.023,-1,Echolocation,/mnt/ubna_data_02_mir/recover-20220922/UBNA_001/20220921_090000.WAV,Telephone Field,recover-20220922,001,1795
1675.0305,1675.042,28906,36002,Eptesicus serotinus,0.015,0.028,-1,Echolocation,/mnt/ubna_data_02_mir/recover-20220922/UBNA_001/20220921_090000.WAV,Telephone Field,recover-20220922,001,1795
1675.0365,1675.074,68437,81765,Rhinolophus ferrumequinum,0.024,0.024,-1,Echolocation,/mnt/ubna_data_02_mir/recover-20220922/UBNA_001/20220921_090000.WAV,Telephone Field,recover-20220922,001,1795
1675.0755,1675.1147,68437,81803,Rhinolophus ferrumequinum,0.024,0.024,-1,Echolocation,/mnt/ubna_data_02_mir/recover-20220922/UBNA_001/20220921_090000.WAV,Telephone Field,recover-20220922,001,1795
1675.0875,1675.0987,28046,35529,Eptesicus serotinus,0.015,0.027,-1,Echolocation,/mnt/ubna_data_02_mir/recover-20220922/UBNA_001/20220921_090000.WAV,Telephone Field,recover-20220922,001,1795
1675.0975,1675.109,22031,27264,Nyctalus leisleri,0.017,0.036,-1,Echolocation,/mnt/ubna_data_02_mir/recover-20220922/UBNA_001/20220921_090000.WAV,Telephone Field,recover-20220922,001,1795
1675.1085,1675.1467,68437,81816,Rhinolophus ferrumequinum,0.021,0.021,-1,Echolocation,/mnt/ubna_data_02_mir/recover-20220922/UBNA_001/20220921_090000.WAV,Telephone Field,recover-20220922,001,1795
1675.1385,1675.1776,68437,82263,Rhinolophus ferrumequinum,0.025,0.025,-1,Echolocation,/mnt/ubna_data_02_mir/recover-20220922/UBNA_001/20220921_090000.WAV,Telephone Field,recover-20220922,001,1795
1675.1455,1675.1602,38359,42017,Pipistrellus nathusii,0.041,0.049,-1,Echolocation,/mnt/ubna_data_02_mir/recover-20220922/UBNA_001/20220921_090000.WAV,Telephone Field,recover-20220922,001,1795
1675.1505,1675.1903,68437,82744,Rhinolophus ferrumequinum,0.023,0.023,-1,Echolocation,/mnt/ubna_data_02_mir/recover-20220922/UBNA_001/20220921_090000.WAV,Telephone Field,recover-20220922,001,1795
1675.1765,1675.1844,28046,38408,Eptesicus serotinus,0.007,0.021,-1,Echolocation,/mnt/ubna_data_02_mir/recover-20220922/UBNA_001/20220921_090000.WAV,Telephone Field,recover-20220922,001,1795
1675.1845,1675.2237,68437,83133,Rhinolophus ferrumequinum,0.022,0.022,-1,Echolocation,/mnt/ubna_data_02_mir/recover-20220922/UBNA_001/20220921_090000.WAV,Telephone Field,recover-20220922,001,1795
1675.2125,1675.2496,68437,82396,Rhinolophus ferrumequinum,0.021,0.022,-1,Echolocation,/mnt/ubna_data_02_mir/recover-20220922/UBNA_001/20220921_090000.WAV,Telephone Field,recover-20220922,001,1795
1675.2315,1675.2712,68437,82551,Rhinolophus ferrumequinum,0.025,0.025,-1,Echolocation,/mnt/ubna_data_02_mir/recover-20220922/UBNA_001/20220921_090000.WAV,Telephone Field,recover-20220922,001,1795
1675.2605,1675.2684,14296,25814,Plecotus auritus,0.029,0.037,-1,Echolocation,/mnt/ubna_data_02_mir/recover-20220922/UBNA_001/20220921_090000.WAV,Telephone Field,recover-20220922,001,1795
1675.2935,1675.3326,68437,82464,Rhinolophus ferrumequinum,0.029,0.029,-1,Echolocation,/mnt/ubna_data_02_mir/recover-20220922/UBNA_001/20220921_090000.WAV,Telephone Field,recover-20220922,001,1795
1675.3165,1675.3537,68437,82509,Rhinolophus ferrumequinum,0.025,0.025,-1,Echolocation,/mnt/ubna_data_02_mir/recover-20220922/UBNA_001/20220921_090000.WAV,Telephone Field,recover-20220922,001,1795
1675.3485,1675.357,29765,36981,Eptesicus serotinus,0.007,0.021,-1,Echolocation,/mnt/ubna_data_02_mir/recover-20220922/UBNA_001/20220921_090000.WAV,Telephone Field,recover-20220922,001,1795
1675.3485,1675.3552,23750,32648,Plecotus austriacus,0.01,0.022,-1,Echolocation,/mnt/ubna_data_02_mir/recover-20220922/UBNA_001/20220921_090000.WAV,Telephone Field,recover-20220922,001,1795
1675.3845,1675.3952,23750,29095,Nyctalus leisleri,0.01,0.023,-1,Echolocation,/mnt/ubna_data_02_mir/recover-20220922/UBNA_001/20220921_090000.WAV,Telephone Field,recover-20220922,001,1795
1675.4105,1675.4472,68437,81919,Rhinolophus ferrumequinum,0.033,0.033,-1,Echolocation,/mnt/ubna_data_02_mir/recover-20220922/UBNA_001/20220921_090000.WAV,Telephone Field,recover-20220922,001,1795
1675.4505,1675.4621,22890,27476,Nyctalus leisleri,0.013,0.024,-1,Echolocation,/mnt/ubna_data_02_mir/recover-20220922/UBNA_001/20220921_090000.WAV,Telephone Field,recover-20220922,001,1795
1675.4685,1675.5038,68437,81815,Rhinolophus ferrumequinum,0.023,0.023,-1,Echolocation,/mnt/ubna_data_02_mir/recover-20220922/UBNA_001/20220921_090000.WAV,Telephone Field,recover-20220922,001,1795
1675.4815,1675.4921,26328,33462,Eptesicus serotinus,0.014,0.027,-1,Echolocation,/mnt/ubna_data_02_mir/recover-20220922/UBNA_001/20220921_090000.WAV,Telephone Field,recover-20220922,001,1795
1675.5335,1675.5434,28906,38172,Eptesicus serotinus,0.01,0.024,-1,Echolocation,/mnt/ubna_data_02_mir/recover-20220922/UBNA_001/20220921_090000.WAV,Telephone Field,recover-20220922,001,1795
1675.5345,1675.5691,68437,81937,Rhinolophus ferrumequinum,0.024,0.024,-1,Echolocation,/mnt/ubna_data_02_mir/recover-20220922/UBNA_001/20220921_090000.WAV,Telephone Field,recover-20220922,001,1795
1675.5585,1675.5946,68437,81309,Rhinolophus ferrumequinum,0.022,0.022,-1,Echolocation,/mnt/ubna_data_02_mir/recover-20220922/UBNA_001/20220921_090000.WAV,Telephone Field,recover-20220922,001,1795
1675.6005,1675.6135,27187,32301,Eptesicus serotinus,0.048,0.086,-1,Echolocation,/mnt/ubna_data_02_mir/recover-20220922/UBNA_001/20220921_090000.WAV,Telephone Field,recover-20220922,001,1795
1675.6025,1675.6386,68437,81916,Rhinolophus ferrumequinum,0.021,0.021,-1,Echolocation,/mnt/ubna_data_02_mir/recover-20220922/UBNA_001/20220921_090000.WAV,Telephone Field,recover-20220922,001,1795
1675.6215,1675.6594,68437,82057,Rhinolophus ferrumequinum,0.034,0.034,-1,Echolocation,/mnt/ubna_data_02_mir/recover-20220922/UBNA_001/20220921_090000.WAV,Telephone Field,recover-20220922,001,1795
1675.6555,1675.6932,68437,82019,Rhinolophus ferrumequinum,0.022,0.022,-1,Echolocation,/mnt/ubna_data_02_mir/recover-20220922/UBNA_001/20220921_090000.WAV,Telephone Field,recover-20220922,001,1795
1675.6785,1675.7184,68437,82678,Rhinolophus ferrumequinum,0.024,0.024,-1,Echolocation,/mnt/ubna_data_02_mir/recover-20220922/UBNA_001/20220921_090000.WAV,Telephone Field,recover-20220922,001,1795
1675.7405,1675.7787,68437,82386,Rhinolophus ferrumequinum,0.024,0.024,-1,Echolocation,/mnt/ubna_data_02_mir/recover-20220922/UBNA_001/20220921_090000.WAV,Telephone Field,recover-20220922,001,1795
1675.7455,1675.7568,27187,34873,Eptesicus serotinus,0.012,0.024,-1,Echolocation,/mnt/ubna_data_02_mir/recover-20220922/UBNA_001/20220921_090000.WAV,Telephone Field,recover-20220922,001,1795
1675.7525,1675.7635,23750,29615,Nyctalus leisleri,0.009,0.021,-1,Echolocation,/mnt/ubna_data_02_mir/recover-20220922/UBNA_001/20220921_090000.WAV,Telephone Field,recover-20220922,001,1795
1675.7595,1675.7921,68437,80873,Rhinolophus ferrumequinum,0.022,0.022,-1,Echolocation,/mnt/ubna_data_02_mir/recover-20220922/UBNA_001/20220921_090000.WAV,Telephone Field,recover-20220922,001,1795
1675.7665,1675.7988,68437,81253,Rhinolophus ferrumequinum,0.021,0.021,-1,Echolocation,/mnt/ubna_data_02_mir/recover-20220922/UBNA_001/20220921_090000.WAV,Telephone Field,recover-20220922,001,1795
1675.7955,1675.8054,43515,47676,Pipistrellus pipistrellus,0.02,0.022,-1,Echolocation,/mnt/ubna_data_02_mir/recover-20220922/UBNA_001/20220921_090000.WAV,Telephone Field,recover-20220922,001,1795
1675.7965,1675.8111,23750,28776,Nyctalus leisleri,0.013,0.027,-1,Echolocation,/mnt/ubna_data_02_mir/recover-20220922/UBNA_001/20220921_090000.WAV,Telephone Field,recover-20220922,001,1795
1675.8265,1675.8341,23750,32458,Plecotus austriacus,0.01,0.023,-1,Echolocation,/mnt/ubna_data_02_mir/recover-20220922/UBNA_001/20220921_090000.WAV,Telephone Field,recover-20220922,001,1795
1675.8835,1675.92,68437,81978,Rhinolophus ferrumequinum,0.022,0.022,-1,Echolocation,/mnt/ubna_data_02_mir/recover-20220922/UBNA_001/20220921_090000.WAV,Telephone Field,recover-20220922,001,1795
1675.8925,1675.8992,34062,41889,Myotis daubentonii,0.008,0.022,-1,Echolocation,/mnt/ubna_data_02_mir/recover-20220922/UBNA_001/20220921_090000.WAV,Telephone Field,recover-20220922,001,1795
1675.8935,1675.9014,28046,39262,Eptesicus serotinus,0.007,0.021,-1,Echolocation,/mnt/ubna_data_02_mir/recover-20220922/UBNA_001/20220921_090000.WAV,Telephone Field,recover-20220922,001,1795
1675.9435,1675.981,68437,81875,Rhinolophus ferrumequinum,0.024,0.024,-1,Echolocation,/mnt/ubna_data_02_mir/recover-20220922/UBNA_001/20220921_090000.WAV,Telephone Field,recover-20220922,001,1795
1675.9695,1675.9818,23750,29268,Nyctalus leisleri,0.009,0.021,-1,Echolocation,/mnt/ubna_data_02_mir/recover-20220922/UBNA_001/20220921_090000.WAV,Telephone Field,recover-20220922,001,1795
1675.9825,1675.9948,51250,56298,Pipistrellus pipistrellus,0.024,0.034,-1,Echolocation,/mnt/ubna_data_02_mir/recover-20220922/UBNA_001/20220921_090000.WAV,Telephone Field,recover-20220922,001,1795
1676.0015,1676.0317,70156,83780,Rhinolophus ferrumequinum,0.03,0.03,-1,Echolocation,/mnt/ubna_data_02_mir/recover-20220922/UBNA_001/20220921_090000.WAV,Telephone Field,recover-20220922,001,1795
1676.0015,1676.0077,25468,38588,Plecotus austriacus,0.007,0.032,-1,Echolocation,/mnt/ubna_data_02_mir/recover-20220922/UBNA_001/20220921_090000.WAV,Telephone Field,recover-20220922,001,1795
1676.0185,1676.0565,68437,81297,Rhinolophus ferrumequinum,0.022,0.023,-1,Echolocation,/mnt/ubna_data_02_mir/recover-20220922/UBNA_001/20220921_090000.WAV,Telephone Field,recover-20220922,001,1795
1676.0275,1676.0361,26328,36542,Eptesicus serotinus,0.009,0.024,-1,Echolocation,/mnt/ubna_data_02_mir/recover-20220922/UBNA_001/20220921_090000.WAV,Telephone Field,recover-20220922,001,1795
1676.0765,1676.0842,28046,40319,Eptesicus serotinus,0.008,0.024,-1,Echolocation,/mnt/ubna_data_02_mir/recover-20220922/UBNA_001/20220921_090000.WAV,Telephone Field,recover-20220922,001,1795
1676.0835,1676.1253,68437,83292,Rhinolophus ferrumequinum,0.033,0.033,-1,Echolocation,/mnt/ubna_data_02_mir/recover-20220922/UBNA_001/20220921_090000.WAV,Telephone Field,recover-20220922,001,1795
1676.1065,1676.1146,28046,39868,Eptesicus serotinus,0.008,0.022,-1,Echolocation,/mnt/ubna_data_02_mir/recover-20220922/UBNA_001/20220921_090000.WAV,Telephone Field,recover-20220922,001,1795
1676.1165,1676.1255,27187,35730,Eptesicus serotinus,0.011,0.024,-1,Echolocation,/mnt/ubna_data_02_mir/recover-20220922/UBNA_001/20220921_090000.WAV,Telephone Field,recover-20220922,001,1795
1676.1595,1676.1711,49531,53933,Pipistrellus pipistrellus,0.036,0.043,-1,Echolocation,/mnt/ubna_data_02_mir/recover-20220922/UBNA_001/20220921_090000.WAV,Telephone Field,recover-20220922,001,1795
1676.1645,1676.1751,22890,28744,Nyctalus leisleri,0.011,0.025,-1,Echolocation,/mnt/ubna_data_02_mir/recover-20220922/UBNA_001/20220921_090000.WAV,Telephone Field,recover-20220922,001,1795
1676.2015,1676.2092,22890,30818,Plecotus austriacus,0.012,0.025,-1,Echolocation,/mnt/ubna_data_02_mir/recover-20220922/UBNA_001/20220921_090000.WAV,Telephone Field,recover-20220922,001,1795
1676.2045,1676.2105,49531,54249,Pipistrellus pipistrellus,0.021,0.023,-1,Echolocation,/mnt/ubna_data_02_mir/recover-20220922/UBNA_001/20220921_090000.WAV,Telephone Field,recover-20220922,001,1795
1676.2245,1676.2627,68437,81624,Rhinolophus ferrumequinum,0.033,0.033,-1,Echolocation,/mnt/ubna_data_02_mir/recover-20220922/UBNA_001/20220921_090000.WAV,Telephone Field,recover-20220922,001,1795
1676.2465,1676.2551,22890,30176,Plecotus austriacus,0.008,0.022,-1,Echolocation,/mnt/ubna_data_02_mir/recover-20220922/UBNA_001/20220921_090000.WAV,Telephone Field,recover-20220922,001,1795
1676.2755,1676.2841,28906,37488,Eptesicus serotinus,0.012,0.026,-1,Echolocation,/mnt/ubna_data_02_mir/recover-20220922/UBNA_001/20220921_090000.WAV,Telephone Field,recover-20220922,001,1795
1676.2935,1676.3349,68437,82482,Rhinolophus ferrumequinum,0.022,0.022,-1,Echolocation,/mnt/ubna_data_02_mir/recover-20220922/UBNA_001/20220921_090000.WAV,Telephone Field,recover-20220922,001,1795
1676.3005,1676.3084,24609,32206,Plecotus austriacus,0.006,0.022,-1,Echolocation,/mnt/ubna_data_02_mir/recover-20220922/UBNA_001/20220921_090000.WAV,Telephone Field,recover-20220922,001,1795
1676.3105,1676.3519000000001,68437,82843,Rhinolophus ferrumequinum,0.024,0.024,-1,Echolocation,/mnt/ubna_data_02_mir/recover-20220922/UBNA_001/20220921_090000.WAV,Telephone Field,recover-20220922,001,1795
1676.3615,1676.377,22031,25882,Nyctalus leisleri,0.019,0.031,-1,Echolocation,/mnt/ubna_data_02_mir/recover-20220922/UBNA_001/20220921_090000.WAV,Telephone Field,recover-20220922,001,1795
1676.3805,1676.4198,68437,82366,Rhinolophus ferrumequinum,0.026,0.026,-1,Echolocation,/mnt/ubna_data_02_mir/recover-20220922/UBNA_001/20220921_090000.WAV,Telephone Field,recover-20220922,001,1795
1676.4155,1676.4552,68437,82193,Rhinolophus ferrumequinum,0.022,0.022,-1,Echolocation,/mnt/ubna_data_02_mir/recover-20220922/UBNA_001/20220921_090000.WAV,Telephone Field,recover-20220922,001,1795
1676.4525,1676.4631,25468,34002,Eptesicus serotinus,0.013,0.026,-1,Echolocation,/mnt/ubna_data_02_mir/recover-20220922/UBNA_001/20220921_090000.WAV,Telephone Field,recover-20220922,001,1795
1676.4575,1676.4626,48671,55887,Pipistrellus pipistrellus,0.019,0.022,-1,Echolocation,/mnt/ubna_data_02_mir/recover-20220922/UBNA_001/20220921_090000.WAV,Telephone Field,recover-20220922,001,1795
1676.4615,1676.472,25468,34197,Eptesicus serotinus,0.012,0.024,-1,Echolocation,/mnt/ubna_data_02_mir/recover-20220922/UBNA_001/20220921_090000.WAV,Telephone Field,recover-20220922,001,1795
1676.4805,1676.5257,68437,83687,Rhinolophus ferrumequinum,0.038,0.038,-1,Echolocation,/mnt/ubna_data_02_mir/recover-20220922/UBNA_001/20220921_090000.WAV,Telephone Field,recover-20220922,001,1795
1676.5355,1676.5444,27187,36902,Eptesicus serotinus,0.013,0.028,-1,Echolocation,/mnt/ubna_data_02_mir/recover-20220922/UBNA_001/20220921_090000.WAV,Telephone Field,recover-20220922,001,1795
1676.5355,1676.5756,68437,81859,Rhinolophus ferrumequinum,0.027,0.027,-1,Echolocation,/mnt/ubna_data_02_mir/recover-20220922/UBNA_001/20220921_090000.WAV,Telephone Field,recover-20220922,001,1795
1676.5505,1676.5921,68437,82292,Rhinolophus ferrumequinum,0.023,0.023,-1,Echolocation,/mnt/ubna_data_02_mir/recover-20220922/UBNA_001/20220921_090000.WAV,Telephone Field,recover-20220922,001,1795
1676.5645,1676.5778,35781,39989,Pipistrellus nathusii,0.027,0.049,-1,Echolocation,/mnt/ubna_data_02_mir/recover-20220922/UBNA_001/20220921_090000.WAV,Telephone Field,recover-20220922,001,1795
1676.5865,1676.6257,68437,82241,Rhinolophus ferrumequinum,0.029,0.029,-1,Echolocation,/mnt/ubna_data_02_mir/recover-20220922/UBNA_001/20220921_090000.WAV,Telephone Field,recover-20220922,001,1795
1676.5915,1676.6019000000001,25468,32569,Eptesicus serotinus,0.01,0.022,-1,Echolocation,/mnt/ubna_data_02_mir/recover-20220922/UBNA_001/20220921_090000.WAV,Telephone Field,recover-20220922,001,1795
1676.6575,1676.6654,30625,39210,Eptesicus serotinus,0.011,0.03,-1,Echolocation,/mnt/ubna_data_02_mir/recover-20220922/UBNA_001/20220921_090000.WAV,Telephone Field,recover-20220922,001,1795
1676.6695,1676.7075,68437,81578,Rhinolophus ferrumequinum,0.025,0.025,-1,Echolocation,/mnt/ubna_data_02_mir/recover-20220922/UBNA_001/20220921_090000.WAV,Telephone Field,recover-20220922,001,1795
1676.6865,1676.7244,68437,82337,Rhinolophus ferrumequinum,0.022,0.022,-1,Echolocation,/mnt/ubna_data_02_mir/recover-20220922/UBNA_001/20220921_090000.WAV,Telephone Field,recover-20220922,001,1795
1676.7105,1676.7184,28046,39356,Eptesicus serotinus,0.007,0.022,-1,Echolocation,/mnt/ubna_data_02_mir/recover-20220922/UBNA_001/20220921_090000.WAV,Telephone Field,recover-20220922,001,1795
1676.7115,1676.7188,23750,32599,Plecotus austriacus,0.009,0.021,-1,Echolocation,/mnt/ubna_data_02_mir/recover-20220922/UBNA_001/20220921_090000.WAV,Telephone Field,recover-20220922,001,1795
1676.7425,1676.7503,28906,39442,Eptesicus serotinus,0.007,0.024,-1,Echolocation,/mnt/ubna_data_02_mir/recover-20220922/UBNA_001/20220921_090000.WAV,Telephone Field,recover-20220922,001,1795
1676.7555,1676.7936,68437,81616,Rhinolophus ferrumequinum,0.025,0.025,-1,Echolocation,/mnt/ubna_data_02_mir/recover-20220922/UBNA_001/20220921_090000.WAV,Telephone Field,recover-20220922,001,1795
1676.7745,1676.8062,67578,78472,Rhinolophus ferrumequinum,0.022,0.023,-1,Echolocation,/mnt/ubna_data_02_mir/recover-20220922/UBNA_001/20220921_090000.WAV,Telephone Field,recover-20220922,001,1795
1676.7765,1676.7873,22890,28432,Nyctalus leisleri,0.012,0.028,-1,Echolocation,/mnt/ubna_data_02_mir/recover-20220922/UBNA_001/20220921_090000.WAV,Telephone Field,recover-20220922,001,1795
1676.8415,1676.8833,68437,83115,Rhinolophus ferrumequinum,0.042,0.042,-1,Echolocation,/mnt/ubna_data_02_mir/recover-20220922/UBNA_001/20220921_090000.WAV,Telephone Field,recover-20220922,001,1795
1676.8475,1676.8559,26328,34723,Eptesicus serotinus,0.007,0.022,-1,Echolocation,/mnt/ubna_data_02_mir/recover-20220922/UBNA_001/20220921_090000.WAV,Telephone Field,recover-20220922,001,1795
1676.8805,1676.8883,27187,41445,Eptesicus serotinus,0.008,0.024,-1,Echolocation,/mnt/ubna_data_02_mir/recover-20220922/UBNA_001/20220921_090000.WAV,Telephone Field,recover-20220922,001,1795
1676.8865,1676.9275,68437,83274,Rhinolophus ferrumequinum,0.034,0.034,-1,Echolocation,/mnt/ubna_data_02_mir/recover-20220922/UBNA_001/20220921_090000.WAV,Telephone Field,recover-20220922,001,1795
1676.9115,1676.9503,68437,82332,Rhinolophus ferrumequinum,0.022,0.022,-1,Echolocation,/mnt/ubna_data_02_mir/recover-20220922/UBNA_001/20220921_090000.WAV,Telephone Field,recover-20220922,001,1795
1676.9305,1676.9425,43515,47326,Pipistrellus pipistrellus,0.024,0.033,-1,Echolocation,/mnt/ubna_data_02_mir/recover-20220922/UBNA_001/20220921_090000.WAV,Telephone Field,recover-20220922,001,1795
1676.9395,1676.9797,68437,82388,Rhinolophus ferrumequinum,0.023,0.023,-1,Echolocation,/mnt/ubna_data_02_mir/recover-20220922/UBNA_001/20220921_090000.WAV,Telephone Field,recover-20220922,001,1795
1676.9615,1677.0025,68437,82570,Rhinolophus ferrumequinum,0.027,0.027,-1,Echolocation,/mnt/ubna_data_02_mir/recover-20220922/UBNA_001/20220921_090000.WAV,Telephone Field,recover-20220922,001,1795
1676.9895,1677.0289,68437,82002,Rhinolophus ferrumequinum,0.031,0.031,-1,Echolocation,/mnt/ubna_data_02_mir/recover-20220922/UBNA_001/20220921_090000.WAV,Telephone Field,recover-20220922,001,1795
1677.0485,1677.0593,22890,26881,Nyctalus leisleri,0.017,0.03,-1,Echolocation,/mnt/ubna_data_02_mir/recover-20220922/UBNA_001/20220921_090000.WAV,Telephone Field,recover-20220922,001,1795
1677.0825,1677.1232,68437,82104,Rhinolophus ferrumequinum,0.033,0.033,-1,Echolocation,/mnt/ubna_data_02_mir/recover-20220922/UBNA_001/20220921_090000.WAV,Telephone Field,recover-20220922,001,1795
1677.0865,1677.0968,28906,36130,Eptesicus serotinus,0.009,0.022,-1,Echolocation,/mnt/ubna_data_02_mir/recover-20220922/UBNA_001/20220921_090000.WAV,Telephone Field,recover-20220922,001,1795
1677.0915,1677.1002,28046,36754,Eptesicus serotinus,0.009,0.023,-1,Echolocation,/mnt/ubna_data_02_mir/recover-20220922/UBNA_001/20220921_090000.WAV,Telephone Field,recover-20220922,001,1795
1677.1155,1677.1591,68437,83087,Rhinolophus ferrumequinum,0.039,0.039,-1,Echolocation,/mnt/ubna_data_02_mir/recover-20220922/UBNA_001/20220921_090000.WAV,Telephone Field,recover-20220922,001,1795
1677.1535,1677.1947,68437,82648,Rhinolophus ferrumequinum,0.029,0.029,-1,Echolocation,/mnt/ubna_data_02_mir/recover-20220922/UBNA_001/20220921_090000.WAV,Telephone Field,recover-20220922,001,1795
1677.1655,1677.185,19453,21970,Nyctalus leisleri,0.012,0.022,-1,Echolocation,/mnt/ubna_data_02_mir/recover-20220922/UBNA_001/20220921_090000.WAV,Telephone Field,recover-20220922,001,1795
1677.1715,1677.2091,68437,81715,Rhinolophus ferrumequinum,0.022,0.022,-1,Echolocation,/mnt/ubna_data_02_mir/recover-20220922/UBNA_001/20220921_090000.WAV,Telephone Field,recover-20220922,001,1795
1677.2125,1677.2503,68437,82375,Rhinolophus ferrumequinum,0.022,0.022,-1,Echolocation,/mnt/ubna_data_02_mir/recover-20220922/UBNA_001/20220921_090000.WAV,Telephone Field,recover-20220922,001,1795
1677.2145,1677.2216,27187,40144,Eptesicus serotinus,0.007,0.022,-1,Echolocation,/mnt/ubna_data_02_mir/recover-20220922/UBNA_001/20220921_090000.WAV,Telephone Field,recover-20220922,001,1795
1677.2395,1677.2792,68437,81866,Rhinolophus ferrumequinum,0.022,0.022,-1,Echolocation,/mnt/ubna_data_02_mir/recover-20220922/UBNA_001/20220921_090000.WAV,Telephone Field,recover-20220922,001,1795
1677.2675,1677.305,68437,82060,Rhinolophus ferrumequinum,0.023,0.023,-1,Echolocation,/mnt/ubna_data_02_mir/recover-20220922/UBNA_001/20220921_090000.WAV,Telephone Field,recover-20220922,001,1795
1677.3035,1677.3186,22031,25786,Nyctalus leisleri,0.025,0.041,-1,Echolocation,/mnt/ubna_data_02_mir/recover-20220922/UBNA_001/20220921_090000.WAV,Telephone Field,recover-20220922,001,1795
1677.3365,1677.3588,18593,21675,Nyctalus noctula,0.019,0.032,-1,Echolocation,/mnt/ubna_data_02_mir/recover-20220922/UBNA_001/20220921_090000.WAV,Telephone Field,recover-20220922,001,1795
1677.3685,1677.408,68437,82686,Rhinolophus ferrumequinum,0.029,0.029,-1,Echolocation,/mnt/ubna_data_02_mir/recover-20220922/UBNA_001/20220921_090000.WAV,Telephone Field,recover-20220922,001,1795
1677.3815,1677.4211,68437,82730,Rhinolophus ferrumequinum,0.022,0.022,-1,Echolocation,/mnt/ubna_data_02_mir/recover-20220922/UBNA_001/20220921_090000.WAV,Telephone Field,recover-20220922,001,1795
1677.4285,1677.4674,68437,82143,Rhinolophus ferrumequinum,0.025,0.025,-1,Echolocation,/mnt/ubna_data_02_mir/recover-20220922/UBNA_001/20220921_090000.WAV,Telephone Field,recover-20220922,001,1795
1677.4535,1677.461,30625,39814,Myotis daubentonii,0.008,0.028,-1,Echolocation,/mnt/ubna_data_02_mir/recover-20220922/UBNA_001/20220921_090000.WAV,Telephone Field,recover-20220922,001,1795
1677.4605,1677.4969,68437,81915,Rhinolophus ferrumequinum,0.023,0.023,-1,Echolocation,/mnt/ubna_data_02_mir/recover-20220922/UBNA_001/20220921_090000.WAV,Telephone Field,recover-20220922,001,1795
1677.4765,1677.5184,68437,83216,Rhinolophus ferrumequinum,0.034,0.034,-1,Echolocation,/mnt/ubna_data_02_mir/recover-20220922/UBNA_001/20220921_090000.WAV,Telephone Field,recover-20220922,001,1795
1677.4845,1677.5211,68437,81397,Rhinolophus ferrumequinum,0.027,0.027,-1,Echolocation,/mnt/ubna_data_02_mir/recover-20220922/UBNA_001/20220921_090000.WAV,Telephone Field,recover-20220922,001,1795
1677.5235,1677.5611,68437,81266,Rhinolophus ferrumequinum,0.022,0.022,-1,Echolocation,/mnt/ubna_data_02_mir/recover-20220922/UBNA_001/20220921_090000.WAV,Telephone Field,recover-20220922,001,1795
1677.5335,1677.5687,68437,81183,Rhinolophus ferrumequinum,0.023,0.023,-1,Echolocation,/mnt/ubna_data_02_mir/recover-20220922/UBNA_001/20220921_090000.WAV,Telephone Field,recover-20220922,001,1795
1677.5475,1677.5889,68437,82124,Rhinolophus ferrumequinum,0.024,0.024,-1,Echolocation,/mnt/ubna_data_02_mir/recover-20220922/UBNA_001/20220921_090000.WAV,Telephone Field,recover-20220922,001,1795
1677.5515,1677.5596,28046,38134,Eptesicus serotinus,0.007,0.022,-1,Echolocation,/mnt/ubna_data_02_mir/recover-20220922/UBNA_001/20220921_090000.WAV,Telephone Field,recover-20220922,001,1795
1677.5545,1677.5967,68437,82716,Rhinolophus ferrumequinum,0.027,0.027,-1,Echolocation,/mnt/ubna_data_02_mir/recover-20220922/UBNA_001/20220921_090000.WAV,Telephone Field,recover-20220922,001,1795
1677.5735,1677.5823,25468,33767,Eptesicus serotinus,0.008,0.023,-1,Echolocation,/mnt/ubna_data_02_mir/recover-20220922/UBNA_001/20220921_090000.WAV,Telephone Field,recover-20220922,001,1795
1677.5875,1677.6276,68437,82512,Rhinolophus ferrumequinum,0.024,0.024,-1,Echolocation,/mnt/ubna_data_02_mir/recover-20220922/UBNA_001/20220921_090000.WAV,Telephone Field,recover-20220922,001,1795
1677.6045,1677.6131,22890,29937,Plecotus austriacus,0.007,0.022,-1,Echolocation,/mnt/ubna_data_02_mir/recover-20220922/UBNA_001/20220921_090000.WAV,Telephone Field,recover-20220922,001,1795
1677.6275,1677.6643,68437,81321,Rhinolophus ferrumequinum,0.024,0.024,-1,Echolocation,/mnt/ubna_data_02_mir/recover-20220922/UBNA_001/20220921_090000.WAV,Telephone Field,recover-20220922,001,1795
1677.6345,1677.6444,28046,36038,Eptesicus serotinus,0.016,0.031,-1,Echolocation,/mnt/ubna_data_02_mir/recover-20220922/UBNA_001/20220921_090000.WAV,Telephone Field,recover-20220922,001,1795
1677.6435,1677.6825,68437,82415,Rhinolophus ferrumequinum,0.023,0.023,-1,Echolocation,/mnt/ubna_data_02_mir/recover-20220922/UBNA_001/20220921_090000.WAV,Telephone Field,recover-20220922,001,1795
1677.6875,1677.6974,22890,28420,Nyctalus leisleri,0.012,0.027,-1,Echolocation,/mnt/ubna_data_02_mir/recover-20220922/UBNA_001/20220921_090000.WAV,Telephone Field,recover-20220922,001,1795
1677.7225,1677.7627,68437,82592,Rhinolophus ferrumequinum,0.022,0.022,-1,Echolocation,/mnt/ubna_data_02_mir/recover-20220922/UBNA_001/20220921_090000.WAV,Telephone Field,recover-20220922,001,1795
1677.7535,1677.7951,68437,82932,Rhinolophus ferrumequinum,0.025,0.025,-1,Echolocation,/mnt/ubna_data_02_mir/recover-20220922/UBNA_001/20220921_090000.WAV,Telephone Field,recover-20220922,001,1795
1677.7995,1677.8381,68437,81654,Rhinolophus ferrumequinum,0.022,0.022,-1,Echolocation,/mnt/ubna_data_02_mir/recover-20220922/UBNA_001/20220921_090000.WAV,Telephone Field,recover-20220922,001,1795
1677.8015,1677.8094,27187,37352,Eptesicus serotinus,0.007,0.022,-1,Echolocation,/mnt/ubna_data_02_mir/recover-20220922/UBNA_001/20220921_090000.WAV,Telephone Field,recover-20220922,001,1795
1677.8325,1677.8706,68437,81411,Rhinolophus ferrumequinum,0.027,0.027,-1,Echolocation,/mnt/ubna_data_02_mir/recover-20220922/UBNA_001/20220921_090000.WAV,Telephone Field,recover-20220922,001,1795
1677.8395,1677.8748,68437,80838,Rhinolophus ferrumequinum,0.028,0.028,-1,Echolocation,/mnt/ubna_data_02_mir/recover-20220922/UBNA_001/20220921_090000.WAV,Telephone Field,recover-20220922,001,1795
1677.8835,1677.8924,28046,37224,Eptesicus serotinus,0.009,0.022,-1,Echolocation,/mnt/ubna_data_02_mir/recover-20220922/UBNA_001/20220921_090000.WAV,Telephone Field,recover-20220922,001,1795
1677.9365,1677.9763,68437,81951,Rhinolophus ferrumequinum,0.023,0.023,-1,Echolocation,/mnt/ubna_data_02_mir/recover-20220922/UBNA_001/20220921_090000.WAV,Telephone Field,recover-20220922,001,1795
1677.9415,1677.9519,25468,32161,Nyctalus leisleri,0.013,0.036,-1,Echolocation,/mnt/ubna_data_02_mir/recover-20220922/UBNA_001/20220921_090000.WAV,Telephone Field,recover-20220922,001,1795
1677.9755,1677.9827,28906,38845,Eptesicus serotinus,0.008,0.026,-1,Echolocation,/mnt/ubna_data_02_mir/recover-20220922/UBNA_001/20220921_090000.WAV,Telephone Field,recover-20220922,001,1795
1678.0015,1678.0369,68437,79945,Rhinolophus ferrumequinum,0.079,0.079,-1,Echolocation,/mnt/ubna_data_02_mir/recover-20220922/UBNA_001/20220921_090000.WAV,Telephone Field,recover-20220922,001,1795
1678.0015,1678.0077,46953,52227,Pipistrellus pipistrellus,0.022,0.026,-1,Echolocation,/mnt/ubna_data_02_mir/recover-20220922/UBNA_001/20220921_090000.WAV,Telephone Field,recover-20220922,001,1795
1678.0145,1678.0554,68437,82597,Rhinolophus ferrumequinum,0.024,0.024,-1,Echolocation,/mnt/ubna_data_02_mir/recover-20220922/UBNA_001/20220921_090000.WAV,Telephone Field,recover-20220922,001,1795
1678.0195,1678.0284,25468,33422,Eptesicus serotinus,0.01,0.029,-1,Echolocation,/mnt/ubna_data_02_mir/recover-20220922/UBNA_001/20220921_090000.WAV,Telephone Field,recover-20220922,001,1795
1678.0355,1678.0725,68437,81963,Rhinolophus ferrumequinum,0.021,0.021,-1,Echolocation,/mnt/ubna_data_02_mir/recover-20220922/UBNA_001/20220921_090000.WAV,Telephone Field,recover-20220922,001,1795
1678.0355,1678.0436,28046,39211,Eptesicus serotinus,0.007,0.021,-1,Echolocation,/mnt/ubna_data_02_mir/recover-20220922/UBNA_001/20220921_090000.WAV,Telephone Field,recover-20220922,001,1795
1678.0835,1678.1242,68437,82305,Rhinolophus ferrumequinum,0.023,0.023,-1,Echolocation,/mnt/ubna_data_02_mir/recover-20220922/UBNA_001/20220921_090000.WAV,Telephone Field,recover-20220922,001,1795
1678.1035,1678.1114,28046,41916,Eptesicus serotinus,0.009,0.029,-1,Echolocation,/mnt/ubna_data_02_mir/recover-20220922/UBNA_001/20220921_090000.WAV,Telephone Field,recover-20220922,001,1795
1678.1265,1678.1643,68437,81841,Rhinolophus ferrumequinum,0.021,0.021,-1,Echolocation,/mnt/ubna_data_02_mir/recover-20220922/UBNA_001/20220921_090000.WAV,Telephone Field,recover-20220922,001,1795
1678.1585,1678.2022,68437,83462,Rhinolophus ferrumequinum,0.034,0.034,-1,Echolocation,/mnt/ubna_data_02_mir/recover-20220922/UBNA_001/20220921_090000.WAV,Telephone Field,recover-20220922,001,1795
1678.2135,1678.2541,68437,82256,Rhinolophus ferrumequinum,0.024,0.024,-1,Echolocation,/mnt/ubna_data_02_mir/recover-20220922/UBNA_001/20220921_090000.WAV,Telephone Field,recover-20220922,001,1795
1678.2285,1678.266,68437,81927,Rhinolophus ferrumequinum,0.023,0.023,-1,Echolocation,/mnt/ubna_data_02_mir/recover-20220922/UBNA_001/20220921_090000.WAV,Telephone Field,recover-20220922,001,1795
1678.2455,1678.2782,68437,80679,Rhinolophus ferrumequinum,0.021,0.021,-1,Echolocation,/mnt/ubna_data_02_mir/recover-20220922/UBNA_001/20220921_090000.WAV,Telephone Field,recover-20220922,001,1795
1678.2695,1678.3048,68437,81680,Rhinolophus ferrumequinum,0.023,0.023,-1,Echolocation,/mnt/ubna_data_02_mir/recover-20220922/UBNA_001/20220921_090000.WAV,Telephone Field,recover-20220922,001,1795
1678.2935,1678.3333,68437,82446,Rhinolophus ferrumequinum,0.021,0.021,-1,Echolocation,/mnt/ubna_data_02_mir/recover-20220922/UBNA_001/20220921_090000.WAV,Telephone Field,recover-20220922,001,1795
1678.3535,1678.3929,68437,81925,Rhinolophus ferrumequinum,0.025,0.025,-1,Echolocation,/mnt/ubna_data_02_mir/recover-20220922/UBNA_001/20220921_090000.WAV,Telephone Field,recover-20220922,001,1795
1678.3905,1678.4344,68437,83320,Rhinolophus ferrumequinum,0.032,0.032,-1,Echolocation,/mnt/ubna_data_02_mir/recover-20220922/UBNA_001/20220921_090000.WAV,Telephone Field,recover-20220922,001,1795
1678.4195,1678.4596,68437,82791,Rhinolophus ferrumequinum,0.026,0.026,-1,Echolocation,/mnt/ubna_data_02_mir/recover-20220922/UBNA_001/20220921_090000.WAV,Telephone Field,recover-20220922,001,1795
1678.5035,1678.5125,28906,37728,Eptesicus serotinus,0.009,0.025,-1,Echolocation,/mnt/ubna_data_02_mir/recover-20220922/UBNA_001/20220921_090000.WAV,Telephone Field,recover-20220922,001,1795
1678.5045,1678.5124,23750,32219,Plecotus austriacus,0.011,0.026,-1,Echolocation,/mnt/ubna_data_02_mir/recover-20220922/UBNA_001/20220921_090000.WAV,Telephone Field,recover-20220922,001,1795
1678.5445,1678.5828,68437,82025,Rhinolophus ferrumequinum,0.022,0.022,-1,Echolocation,/mnt/ubna_data_02_mir/recover-20220922/UBNA_001/20220921_090000.WAV,Telephone Field,recover-20220922,001,1795
1678.5875,1678.5962,22890,30161,Plecotus austriacus,0.008,0.022,-1,Echolocation,/mnt/ubna_data_02_mir/recover-20220922/UBNA_001/20220921_090000.WAV,Telephone Field,recover-20220922,001,1795
1678.5895,1678.5963,28906,39368,Eptesicus serotinus,0.006,0.023,-1,Echolocation,/mnt/ubna_data_02_mir/recover-20220922/UBNA_001/20220921_090000.WAV,Telephone Field,recover-20220922,001,1795
1678.6175,1678.6564,68437,81419,Rhinolophus ferrumequinum,0.025,0.025,-1,Echolocation,/mnt/ubna_data_02_mir/recover-20220922/UBNA_001/20220921_090000.WAV,Telephone Field,recover-20220922,001,1795
1678.6415,1678.6808,68437,82277,Rhinolophus ferrumequinum,0.021,0.021,-1,Echolocation,/mnt/ubna_data_02_mir/recover-20220922/UBNA_001/20220921_090000.WAV,Telephone Field,recover-20220922,001,1795
1678.6665,1678.676,28046,40545,Eptesicus serotinus,0.01,0.023,-1,Echolocation,/mnt/ubna_data_02_mir/recover-20220922/UBNA_001/20220921_090000.WAV,Telephone Field,recover-20220922,001,1795
1678.6665,1678.7005,68437,81173,Rhinolophus ferrumequinum,0.023,0.023,-1,Echolocation,/mnt/ubna_data_02_mir/recover-20220922/UBNA_001/20220921_090000.WAV,Telephone Field,recover-20220922,001,1795
1678.6755,1678.6853,29765,37394,Eptesicus serotinus,0.01,0.024,-1,Echolocation,/mnt/ubna_data_02_mir/recover-20220922/UBNA_001/20220921_090000.WAV,Telephone Field,recover-20220922,001,1795
1678.6945,1678.7321,68437,82117,Rhinolophus ferrumequinum,0.021,0.021,-1,Echolocation,/mnt/ubna_data_02_mir/recover-20220922/UBNA_001/20220921_090000.WAV,Telephone Field,recover-20220922,001,1795
1678.7405,1678.7802,68437,82666,Rhinolophus ferrumequinum,0.023,0.023,-1,Echolocation,/mnt/ubna_data_02_mir/recover-20220922/UBNA_001/20220921_090000.WAV,Telephone Field,recover-20220922,001,1795
1678.7655,1678.7757,24609,31844,Nyctalus leisleri,0.009,0.026,-1,Echolocation,/mnt/ubna_data_02_mir/recover-20220922/UBNA_001/20220921_090000.WAV,Telephone Field,recover-20220922,001,1795
1678.8155,1678.8233,28046,38895,Eptesicus serotinus,0.007,0.022,-1,Echolocation,/mnt/ubna_data_02_mir/recover-20220922/UBNA_001/20220921_090000.WAV,Telephone Field,recover-20220922,001,1795
1678.8175,1678.8571,68437,82845,Rhinolophus ferrumequinum,0.027,0.027,-1,Echolocation,/mnt/ubna_data_02_mir/recover-20220922/UBNA_001/20220921_090000.WAV,Telephone Field,recover-20220922,001,1795
1678.8465,1678.8882,68437,82383,Rhinolophus ferrumequinum,0.023,0.023,-1,Echolocation,/mnt/ubna_data_02_mir/recover-20220922/UBNA_001/20220921_090000.WAV,Telephone Field,recover-20220922,001,1795
1678.8495,1678.86,27187,35674,Eptesicus serotinus,0.012,0.023,-1,Echolocation,/mnt/ubna_data_02_mir/recover-20220922/UBNA_001/20220921_090000.WAV,Telephone Field,recover-20220922,001,1795
1678.9105,1678.9522,68437,82619,Rhinolophus ferrumequinum,0.03,0.03,-1,Echolocation,/mnt/ubna_data_02_mir/recover-20220922/UBNA_001/20220921_090000.WAV,Telephone Field,recover-20220922,001,1795
1678.9555,1678.998,68437,82590,Rhinolophus ferrumequinum,0.027,0.027,-1,Echolocation,/mnt/ubna_data_02_mir/recover-20220922/UBNA_001/20220921_090000.WAV,Telephone Field,recover-20220922,001,1795
1679.0485,1679.0604,22031,25663,Nyctalus leisleri,0.014,0.024,-1,Echolocation,/mnt/ubna_data_02_mir/recover-20220922/UBNA_001/20220921_090000.WAV,Telephone Field,recover-20220922,001,1795
1679.1505,1679.1925,68437,82782,Rhinolophus ferrumequinum,0.041,0.041,-1,Echolocation,/mnt/ubna_data_02_mir/recover-20220922/UBNA_001/20220921_090000.WAV,Telephone Field,recover-20220922,001,1795
1679.1885,1679.196,23750,31701,Plecotus austriacus,0.01,0.024,-1,Echolocation,/mnt/ubna_data_02_mir/recover-20220922/UBNA_001/20220921_090000.WAV,Telephone Field,recover-20220922,001,1795
1679.2105,1679.2485,68437,81678,Rhinolophus ferrumequinum,0.021,0.021,-1,Echolocation,/mnt/ubna_data_02_mir/recover-20220922/UBNA_001/20220921_090000.WAV,Telephone Field,recover-20220922,001,1795
1679.2435,1679.2825,68437,82338,Rhinolophus ferrumequinum,0.03,0.03,-1,Echolocation,/mnt/ubna_data_02_mir/recover-20220922/UBNA_001/20220921_090000.WAV,Telephone Field,recover-20220922,001,1795
1679.2835,1679.2921,27187,38118,Eptesicus serotinus,0.01,0.024,-1,Echolocation,/mnt/ubna_data_02_mir/recover-20220922/UBNA_001/20220921_090000.WAV,Telephone Field,recover-20220922,001,1795
1679.3205,1679.3312,28906,36059,Eptesicus serotinus,0.01,0.024,-1,Echolocation,/mnt/ubna_data_02_mir/recover-20220922/UBNA_001/20220921_090000.WAV,Telephone Field,recover-20220922,001,1795
1679.3505,1679.391,68437,82079,Rhinolophus ferrumequinum,0.025,0.025,-1,Echolocation,/mnt/ubna_data_02_mir/recover-20220922/UBNA_001/20220921_090000.WAV,Telephone Field,recover-20220922,001,1795
1679.3595,1679.366,28046,38177,Eptesicus serotinus,0.005,0.022,-1,Echolocation,/mnt/ubna_data_02_mir/recover-20220922/UBNA_001/20220921_090000.WAV,Telephone Field,recover-20220922,001,1795
1679.3695,1679.3886,18593,21689,Nyctalus noctula,0.011,0.025,-1,Echolocation,/mnt/ubna_data_02_mir/recover-20220922/UBNA_001/20220921_090000.WAV,Telephone Field,recover-20220922,001,1795
1679.3935,1679.402,25468,34915,Eptesicus serotinus,0.011,0.033,-1,Echolocation,/mnt/ubna_data_02_mir/recover-20220922/UBNA_001/20220921_090000.WAV,Telephone Field,recover-20220922,001,1795
1679.4125,1679.4527,68437,82548,Rhinolophus ferrumequinum,0.028,0.028,-1,Echolocation,/mnt/ubna_data_02_mir/recover-20220922/UBNA_001/20220921_090000.WAV,Telephone Field,recover-20220922,001,1795
1679.4555,1679.4948,68437,82162,Rhinolophus ferrumequinum,0.031,0.031,-1,Echolocation,/mnt/ubna_data_02_mir/recover-20220922/UBNA_001/20220921_090000.WAV,Telephone Field,recover-20220922,001,1795
1679.4635,1679.4724,28906,38608,Eptesicus serotinus,0.008,0.022,-1,Echolocation,/mnt/ubna_data_02_mir/recover-20220922/UBNA_001/20220921_090000.WAV,Telephone Field,recover-20220922,001,1795
1679.5005,1679.5409,68437,82351,Rhinolophus ferrumequinum,0.028,0.028,-1,Echolocation,/mnt/ubna_data_02_mir/recover-20220922/UBNA_001/20220921_090000.WAV,Telephone Field,recover-20220922,001,1795
1679.5365,1679.5734,68437,81809,Rhinolophus ferrumequinum,0.021,0.021,-1,Echolocation,/mnt/ubna_data_02_mir/recover-20220922/UBNA_001/20220921_090000.WAV,Telephone Field,recover-20220922,001,1795
1679.5575,1679.5912,68437,81242,Rhinolophus ferrumequinum,0.021,0.021,-1,Echolocation,/mnt/ubna_data_02_mir/recover-20220922/UBNA_001/20220921_090000.WAV,Telephone Field,recover-20220922,001,1795
1679.5655,1679.6001,68437,81459,Rhinolophus ferrumequinum,0.022,0.022,-1,Echolocation,/mnt/ubna_data_02_mir/recover-20220922/UBNA_001/20220921_090000.WAV,Telephone Field,recover-20220922,001,1795
1679.5855,1679.6316,68437,83727,Rhinolophus ferrumequinum,0.032,0.032,-1,Echolocation,/mnt/ubna_data_02_mir/recover-20220922/UBNA_001/20220921_090000.WAV,Telephone Field,recover-20220922,001,1795
1679.5875,1679.5962,28046,38180,Eptesicus serotinus,0.008,0.022,-1,Echolocation,/mnt/ubna_data_02_mir/recover-20220922/UBNA_001/20220921_090000.WAV,Telephone Field,recover-20220922,001,1795
1679.6065,1679.6159,27187,37273,Eptesicus serotinus,0.009,0.021,-1,Echolocation,/mnt/ubna_data_02_mir/recover-20220922/UBNA_001/20220921_090000.WAV,Telephone Field,recover-20220922,001,1795
1679.6125,1679.6525,68437,82008,Rhinolophus ferrumequinum,0.024,0.024,-1,Echolocation,/mnt/ubna_data_02_mir/recover-20220922/UBNA_001/20220921_090000.WAV,Telephone Field,recover-20220922,001,1795
1679.6215,1679.664,68437,83204,Rhinolophus ferrumequinum,0.033,0.033,-1,Echolocation,/mnt/ubna_data_02_mir/recover-20220922/UBNA_001/20220921_090000.WAV,Telephone Field,recover-20220922,001,1795
1679.6625,1679.7039,68437,82646,Rhinolophus ferrumequinum,0.026,0.026,-1,Echolocation,/mnt/ubna_data_02_mir/recover-20220922/UBNA_001/20220921_090000.WAV,Telephone Field,recover-20220922,001,1795
1679.6815,1679.7217,68437,82699,Rhinolophus ferrumequinum,0.022,0.022,-1,Echolocation,/mnt/ubna_data_02_mir/recover-20220922/UBNA_001/20220921_090000.WAV,Telephone Field,recover-20220922,001,1795
1679.6955,1679.7311,68437,81020,Rhinolophus ferrumequinum,0.021,0.021,-1,Echolocation,/mnt/ubna_data_02_mir/recover-20220922/UBNA_001/20220921_090000.WAV,Telephone Field,recover-20220922,001,1795
1679.6985,1679.7087,23750,30268,Nyctalus leisleri,0.008,0.022,-1,Echolocation,/mnt/ubna_data_02_mir/recover-20220922/UBNA_001/20220921_090000.WAV,Telephone Field,recover-20220922,001,1795
1679.7175,1679.7626,68437,83622,Rhinolophus ferrumequinum,0.044,0.044,-1,Echolocation,/mnt/ubna_data_02_mir/recover-20220922/UBNA_001/20220921_090000.WAV,Telephone Field,recover-20220922,001,1795
1679.7175,1679.729,22890,28085,Nyctalus leisleri,0.011,0.023,-1,Echolocation,/mnt/ubna_data_02_mir/recover-20220922/UBNA_001/20220921_090000.WAV,Telephone Field,recover-20220922,001,1795
1679.7265,1679.7357,28046,37856,Eptesicus serotinus,0.009,0.022,-1,Echolocation,/mnt/ubna_data_02_mir/recover-20220922/UBNA_001/20220921_090000.WAV,Telephone Field,recover-20220922,001,1795
1679.7525,1679.7632,31484,37530,Eptesicus serotinus,0.018,0.042,-1,Echolocation,/mnt/ubna_data_02_mir/recover-20220922/UBNA_001/20220921_090000.WAV,Telephone Field,recover-20220922,001,1795
1679.7745,1679.8109,68437,81993,Rhinolophus ferrumequinum,0.021,0.021,-1,Echolocation,/mnt/ubna_data_02_mir/recover-20220922/UBNA_001/20220921_090000.WAV,Telephone Field,recover-20220922,001,1795
1679.7835,1679.7966,28046,35116,Eptesicus serotinus,0.012,0.024,-1,Echolocation,/mnt/ubna_data_02_mir/recover-20220922/UBNA_001/20220921_090000.WAV,Telephone Field,recover-20220922,001,1795
1679.7895,1679.8272,68437,81509,Rhinolophus ferrumequinum,0.023,0.023,-1,Echolocation,/mnt/ubna_data_02_mir/recover-20220922/UBNA_001/20220921_090000.WAV,Telephone Field,recover-20220922,001,1795
1679.7915,1679.8026,28046,34922,Eptesicus serotinus,0.009,0.022,-1,Echolocation,/mnt/ubna_data_02_mir/recover-20220922/UBNA_001/20220921_090000.WAV,Telephone Field,recover-20220922,001,1795
1679.8645,1679.9043,68437,81787,Rhinolophus ferrumequinum,0.026,0.026,-1,Echolocation,/mnt/ubna_data_02_mir/recover-20220922/UBNA_001/20220921_090000.WAV,Telephone Field,recover-20220922,001,1795
1679.8835,1679.922,68437,81940,Rhinolophus ferrumequinum,0.021,0.021,-1,Echolocation,/mnt/ubna_data_02_mir/recover-20220922/UBNA_001/20220921_090000.WAV,Telephone Field,recover-20220922,001,1795
1679.8925,1679.9045,14296,19910,Nyctalus noctula,0.013,0.022,-1,Echolocation,/mnt/ubna_data_02_mir/recover-20220922/UBNA_001/20220921_090000.WAV,Telephone Field,recover-20220922,001,1795
1679.9165,1679.9591,68437,82808,Rhinolophus ferrumequinum,0.032,0.032,-1,Echolocation,/mnt/ubna_data_02_mir/recover-20220922/UBNA_001/20220921_090000.WAV,Telephone Field,recover-20220922,001,1795
1679.9425,1679.9824,68437,82431,Rhinolophus ferrumequinum,0.023,0.023,-1,Echolocation,/mnt/ubna_data_02_mir/recover-20220922/UBNA_001/20220921_090000.WAV,Telephone Field,recover-20220922,001,1795
1679.9535,1679.9616,26328,34920,Eptesicus serotinus,0.009,0.024,-1,Echolocation,/mnt/ubna_data_02_mir/recover-20220922/UBNA_001/20220921_090000.WAV,Telephone Field,recover-20220922,001,1795
1679.9585,1679.9946,68437,81493,Rhinolophus ferrumequinum,0.024,0.024,-1,Echolocation,/mnt/ubna_data_02_mir/recover-20220922/UBNA_001/20220921_090000.WAV,Telephone Field,recover-20220922,001,1795
1679.9875,1679.9963,47812,52133,Pipistrellus pipistrellus,0.02,0.023,-1,Echolocation,/mnt/ubna_data_02_mir/recover-20220922/UBNA_001/20220921_090000.WAV,Telephone Field,recover-20220922,001,1795
1680.0015,1680.0358,68437,79040,Rhinolophus ferrumequinum,0.057,0.057,-1,Echolocation,/mnt/ubna_data_02_mir/recover-20220922/UBNA_001/20220921_090000.WAV,Telephone Field,recover-20220922,001,1795
1680.0015,1680.0108,52109,58129,Pipistrellus pygmaeus,0.017,0.023,-1,Echolocation,/mnt/ubna_data_02_mir/recover-20220922/UBNA_001/20220921_090000.WAV,Telephone Field,recover-20220922,001,1795
1680.0015,1680.0116,21171,26449,Nyctalus leisleri,0.009,0.022,-1,Echolocation,/mnt/ubna_data_02_mir/recover-20220922/UBNA_001/20220921_090000.WAV,Telephone Field,recover-20220922,001,1795
1680.0175,1680.0298,46953,53259,Pipistrellus pipistrellus,0.03,0.034,-1,Echolocation,/mnt/ubna_data_02_mir/recover-20220922/UBNA_001/20220921_090000.WAV,Telephone Field,recover-20220922,001,1795
1680.0315,1680.0733,68437,83020,Rhinolophus ferrumequinum,0.022,0.022,-1,Echolocation,/mnt/ubna_data_02_mir/recover-20220922/UBNA_001/20220921_090000.WAV,Telephone Field,recover-20220922,001,1795
1680.0515,1680.0926,68437,82240,Rhinolophus ferrumequinum,0.022,0.022,-1,Echolocation,/mnt/ubna_data_02_mir/recover-20220922/UBNA_001/20220921_090000.WAV,Telephone Field,recover-20220922,001,1795
1680.0605,1680.1009,68437,82571,Rhinolophus ferrumequinum,0.025,0.025,-1,Echolocation,/mnt/ubna_data_02_mir/recover-20220922/UBNA_001/20220921_090000.WAV,Telephone Field,recover-20220922,001,1795
1680.0665,1680.105,68437,82593,Rhinolophus ferrumequinum,0.024,0.024,-1,Echolocation,/mnt/ubna_data_02_mir/recover-20220922/UBNA_001/20220921_090000.WAV,Telephone Field,recover-20220922,001,1795
1680.0885,1680.1278,68437,82269,Rhinolophus ferrumequinum,0.021,0.021,-1,Echolocation,/mnt/ubna_data_02_mir/recover-20220922/UBNA_001/20220921_090000.WAV,Telephone Field,recover-20220922,001,1795
1680.0905,1680.1011,45234,50364,Pipistrellus pipistrellus,0.017,0.022,-1,Echolocation,/mnt/ubna_data_02_mir/recover-20220922/UBNA_001/20220921_090000.WAV,Telephone Field,recover-20220922,001,1795
1680.1205,1680.1307,28046,36679,Eptesicus serotinus,0.009,0.022,-1,Echolocation,/mnt/ubna_data_02_mir/recover-20220922/UBNA_001/20220921_090000.WAV,Telephone Field,recover-20220922,001,1795
1680.1615,1680.1961,68437,80980,Rhinolophus ferrumequinum,0.021,0.021,-1,Echolocation,/mnt/ubna_data_02_mir/recover-20220922/UBNA_001/20220921_090000.WAV,Telephone Field,recover-20220922,001,1795
1680.1885,1680.23,68437,82650,Rhinolophus ferrumequinum,0.021,0.022,-1,Echolocation,/mnt/ubna_data_02_mir/recover-20220922/UBNA_001/20220921_090000.WAV,Telephone Field,recover-20220922,001,1795
1680.2085,1680.2482,68437,82762,Rhinolophus ferrumequinum,0.023,0.023,-1,Echolocation,/mnt/ubna_data_02_mir/recover-20220922/UBNA_001/20220921_090000.WAV,Telephone Field,recover-20220922,001,1795
1680.2385,1680.2813,68437,82925,Rhinolophus ferrumequinum,0.034,0.034,-1,Echolocation,/mnt/ubna_data_02_mir/recover-20220922/UBNA_001/20220921_090000.WAV,Telephone Field,recover-20220922,001,1795
1680.2535,1680.2644,23750,29637,Nyctalus leisleri,0.01,0.022,-1,Echolocation,/mnt/ubna_data_02_mir/recover-20220922/UBNA_001/20220921_090000.WAV,Telephone Field,recover-20220922,001,1795
1680.2655,1680.3085,68437,83285,Rhinolophus ferrumequinum,0.043,0.043,-1,Echolocation,/mnt/ubna_data_02_mir/recover-20220922/UBNA_001/20220921_090000.WAV,Telephone Field,recover-20220922,001,1795
1680.2865,1680.2963,28906,38216,Eptesicus serotinus,0.009,0.023,-1,Echolocation,/mnt/ubna_data_02_mir/recover-20220922/UBNA_001/20220921_090000.WAV,Telephone Field,recover-20220922,001,1795
1680.2955,1680.3046,25468,33411,Nyctalus leisleri,0.009,0.031,-1,Echolocation,/mnt/ubna_data_02_mir/recover-20220922/UBNA_001/20220921_090000.WAV,Telephone Field,recover-20220922,001,1795
1680.3575,1680.3993,68437,83094,Rhinolophus ferrumequinum,0.033,0.033,-1,Echolocation,/mnt/ubna_data_02_mir/recover-20220922/UBNA_001/20220921_090000.WAV,Telephone Field,recover-20220922,001,1795
1680.3595,1680.3712,23750,29498,Nyctalus leisleri,0.013,0.029,-1,Echolocation,/mnt/ubna_data_02_mir/recover-20220922/UBNA_001/20220921_090000.WAV,Telephone Field,recover-20220922,001,1795
1680.4255,1680.4409,20312,23843,Nyctalus leisleri,0.011,0.021,-1,Echolocation,/mnt/ubna_data_02_mir/recover-20220922/UBNA_001/20220921_090000.WAV,Telephone Field,recover-20220922,001,1795
1680.4285,1680.4696,68437,82671,Rhinolophus ferrumequinum,0.033,0.033,-1,Echolocation,/mnt/ubna_data_02_mir/recover-20220922/UBNA_001/20220921_090000.WAV,Telephone Field,recover-20220922,001,1795
1680.4505,1680.4903,68437,82456,Rhinolophus ferrumequinum,0.031,0.031,-1,Echolocation,/mnt/ubna_data_02_mir/recover-20220922/UBNA_001/20220921_090000.WAV,Telephone Field,recover-20220922,001,1795
1680.4865,1680.5269,68437,82261,Rhinolophus ferrumequinum,0.022,0.022,-1,Echolocation,/mnt/ubna_data_02_mir/recover-20220922/UBNA_001/20220921_090000.WAV,Telephone Field,recover-20220922,001,1795
1680.4965,1680.5377,68437,82296,Rhinolophus ferrumequinum,0.024,0.024,-1,Echolocation,/mnt/ubna_data_02_mir/recover-20220922/UBNA_001/20220921_090000.WAV,Telephone Field,recover-20220922,001,1795
1680.5265,1680.5636,68437,81663,Rhinolophus ferrumequinum,0.021,0.021,-1,Echolocation,/mnt/ubna_data_02_mir/recover-20220922/UBNA_001/20220921_090000.WAV,Telephone Field,recover-20220922,001,1795
1680.5525,1680.5894,68437,81492,Rhinolophus ferrumequinum,0.022,0.022,-1,Echolocation,/mnt/ubna_data_02_mir/recover-20220922/UBNA_001/20220921_090000.WAV,Telephone Field,recover-20220922,001,1795
1680.5635,1680.6037,68437,82042,Rhinolophus ferrumequinum,0.022,0.022,-1,Echolocation,/mnt/ubna_data_02_mir/recover-20220922/UBNA_001/20220921_090000.WAV,Telephone Field,recover-20220922,001,1795
1680.5825,1680.5891,23750,34100,Plecotus austriacus,0.011,0.025,-1,Echolocation,/mnt/ubna_data_02_mir/recover-20220922/UBNA_001/20220921_090000.WAV,Telephone Field,recover-20220922,001,1795
1680.6035,1680.6444,68437,82186,Rhinolophus ferrumequinum,0.022,0.022,-1,Echolocation,/mnt/ubna_data_02_mir/recover-20220922/UBNA_001/20220921_090000.WAV,Telephone Field,recover-20220922,001,1795
1680.6155,1680.6549,68437,82200,Rhinolophus ferrumequinum,0.022,0.022,-1,Echolocation,/mnt/ubna_data_02_mir/recover-20220922/UBNA_001/20220921_090000.WAV,Telephone Field,recover-20220922,001,1795
1680.6325,1680.6725,68437,82431,Rhinolophus ferrumequinum,0.022,0.022,-1,Echolocation,/mnt/ubna_data_02_mir/recover-20220922/UBNA_001/20220921_090000.WAV,Telephone Field,recover-20220922,001,1795
1680.6525,1680.6899,68437,81222,Rhinolophus ferrumequinum,0.023,0.023,-1,Echolocation,/mnt/ubna_data_02_mir/recover-20220922/UBNA_001/20220921_090000.WAV,Telephone Field,recover-20220922,001,1795
1680.6585,1680.6934,68437,81236,Rhinolophus ferrumequinum,0.025,0.025,-1,Echolocation,/mnt/ubna_data_02_mir/recover-20220922/UBNA_001/20220921_090000.WAV,Telephone Field,recover-20220922,001,1795
1680.6835,1680.7214,68437,81666,Rhinolophus ferrumequinum,0.022,0.022,-1,Echolocation,/mnt/ubna_data_02_mir/recover-20220922/UBNA_001/20220921_090000.WAV,Telephone Field,recover-20220922,001,1795
1680.7815,1680.8222,68437,82565,Rhinolophus ferrumequinum,0.025,0.025,-1,Echolocation,/mnt/ubna_data_02_mir/recover-20220922/UBNA_001/20220921_090000.WAV,Telephone Field,recover-20220922,001,1795
1680.7915,1680.8297,68437,81847,Rhinolophus ferrumequinum,0.021,0.021,-1,Echolocation,/mnt/ubna_data_02_mir/recover-20220922/UBNA_001/20220921_090000.WAV,Telephone Field,recover-20220922,001,1795
1680.8005,1680.8389,68437,82118,Rhinolophus ferrumequinum,0.024,0.024,-1,Echolocation,/mnt/ubna_data_02_mir/recover-20220922/UBNA_001/20220921_090000.WAV,Telephone Field,recover-20220922,001,1795
1680.8195,1680.8569,68437,81859,Rhinolophus ferrumequinum,0.023,0.023,-1,Echolocation,/mnt/ubna_data_02_mir/recover-20220922/UBNA_001/20220921_090000.WAV,Telephone Field,recover-20220922,001,1795
1680.8295,1680.8483,20312,23443,Nyctalus leisleri,0.02,0.031,-1,Echolocation,/mnt/ubna_data_02_mir/recover-20220922/UBNA_001/20220921_090000.WAV,Telephone Field,recover-20220922,001,1795
1680.8465,1680.884,68437,82028,Rhinolophus ferrumequinum,0.023,0.023,-1,Echolocation,/mnt/ubna_data_02_mir/recover-20220922/UBNA_001/20220921_090000.WAV,Telephone Field,recover-20220922,001,1795
1680.8595,1680.8665,45234,49587,Pipistrellus pipistrellus,0.023,0.025,-1,Echolocation,/mnt/ubna_data_02_mir/recover-20220922/UBNA_001/20220921_090000.WAV,Telephone Field,recover-20220922,001,1795
1680.8665,1680.9059,68437,82608,Rhinolophus ferrumequinum,0.023,0.023,-1,Echolocation,/mnt/ubna_data_02_mir/recover-20220922/UBNA_001/20220921_090000.WAV,Telephone Field,recover-20220922,001,1795
1680.8795,1680.9161,68437,81547,Rhinolophus ferrumequinum,0.024,0.024,-1,Echolocation,/mnt/ubna_data_02_mir/recover-20220922/UBNA_001/20220921_090000.WAV,Telephone Field,recover-20220922,001,1795
1680.8825,1680.896,22890,26766,Nyctalus leisleri,0.019,0.03,-1,Echolocation,/mnt/ubna_data_02_mir/recover-20220922/UBNA_001/20220921_090000.WAV,Telephone Field,recover-20220922,001,1795
1680.9115,1680.9524,68437,82299,Rhinolophus ferrumequinum,0.025,0.025,-1,Echolocation,/mnt/ubna_data_02_mir/recover-20220922/UBNA_001/20220921_090000.WAV,Telephone Field,recover-20220922,001,1795
1680.9305,1680.9647,68437,79816,Rhinolophus ferrumequinum,0.026,0.026,-1,Echolocation,/mnt/ubna_data_02_mir/recover-20220922/UBNA_001/20220921_090000.WAV,Telephone Field,recover-20220922,001,1795
1680.9575,1680.9997,68437,83412,Rhinolophus ferrumequinum,0.036,0.036,-1,Echolocation,/mnt/ubna_data_02_mir/recover-20220922/UBNA_001/20220921_090000.WAV,Telephone Field,recover-20220922,001,1795
1680.9935,1681.0353,68437,82385,Rhinolophus ferrumequinum,0.033,0.033,-1,Echolocation,/mnt/ubna_data_02_mir/recover-20220922/UBNA_001/20220921_090000.WAV,Telephone Field,recover-20220922,001,1795
1681.0405,1681.0544,22031,26083,Nyctalus leisleri,0.013,0.021,-1,Echolocation,/mnt/ubna_data_02_mir/recover-20220922/UBNA_001/20220921_090000.WAV,Telephone Field,recover-20220922,001,1795
1681.0455,1681.0803,68437,81079,Rhinolophus ferrumequinum,0.025,0.025,-1,Echolocation,/mnt/ubna_data_02_mir/recover-20220922/UBNA_001/20220921_090000.WAV,Telephone Field,recover-20220922,001,1795
1681.0705,1681.0898,19453,22070,Nyctalus leisleri,0.013,0.021,-1,Echolocation,/mnt/ubna_data_02_mir/recover-20220922/UBNA_001/20220921_090000.WAV,Telephone Field,recover-20220922,001,1795
1681.0775,1681.1191,68437,82520,Rhinolophus ferrumequinum,0.026,0.026,-1,Echolocation,/mnt/ubna_data_02_mir/recover-20220922/UBNA_001/20220921_090000.WAV,Telephone Field,recover-20220922,001,1795
1681.0815,1681.0913,22890,27971,Nyctalus leisleri,0.01,0.022,-1,Echolocation,/mnt/ubna_data_02_mir/recover-20220922/UBNA_001/20220921_090000.WAV,Telephone Field,recover-20220922,001,1795
1681.1065,1681.1424,68437,81597,Rhinolophus ferrumequinum,0.021,0.021,-1,Echolocation,/mnt/ubna_data_02_mir/recover-20220922/UBNA_001/20220921_090000.WAV,Telephone Field,recover-20220922,001,1795
1681.1275,1681.165,68437,81147,Rhinolophus ferrumequinum,0.021,0.021,-1,Echolocation,/mnt/ubna_data_02_mir/recover-20220922/UBNA_001/20220921_090000.WAV,Telephone Field,recover-20220922,001,1795
1681.1675,1681.2055,68437,82075,Rhinolophus ferrumequinum,0.023,0.023,-1,Echolocation,/mnt/ubna_data_02_mir/recover-20220922/UBNA_001/20220921_090000.WAV,Telephone Field,recover-20220922,001,1795
1681.1795,1681.2197,68437,82333,Rhinolophus ferrumequinum,0.022,0.022,-1,Echolocation,/mnt/ubna_data_02_mir/recover-20220922/UBNA_001/20220921_090000.WAV,Telephone Field,recover-20220922,001,1795
1681.1875,1681.1982,23750,29357,Nyctalus leisleri,0.01,0.022,-1,Echolocation,/mnt/ubna_data_02_mir/recover-20220922/UBNA_001/20220921_090000.WAV,Telephone Field,recover-20220922,001,1795
1681.2025,1681.2093,28046,41080,Eptesicus serotinus,0.006,0.023,-1,Echolocation,/mnt/ubna_data_02_mir/recover-20220922/UBNA_001/20220921_090000.WAV,Telephone Field,recover-20220922,001,1795
1681.2395,1681.2764,68437,81729,Rhinolophus ferrumequinum,0.021,0.021,-1,Echolocation,/mnt/ubna_data_02_mir/recover-20220922/UBNA_001/20220921_090000.WAV,Telephone Field,recover-20220922,001,1795
1681.2635,1681.3019,68437,81542,Rhinolophus ferrumequinum,0.022,0.022,-1,Echolocation,/mnt/ubna_data_02_mir/recover-20220922/UBNA_001/20220921_090000.WAV,Telephone Field,recover-20220922,001,1795
1681.2795,1681.3176,68437,82033,Rhinolophus ferrumequinum,0.022,0.022,-1,Echolocation,/mnt/ubna_data_02_mir/recover-20220922/UBNA_001/20220921_090000.WAV,Telephone Field,recover-20220922,001,1795
1681.2865,1681.3257,68437,82035,Rhinolophus ferrumequinum,0.021,0.021,-1,Echolocation,/mnt/ubna_data_02_mir/recover-20220922/UBNA_001/20220921_090000.WAV,Telephone Field,recover-20220922,001,1795
1681.3045,1681.3423,68437,81716,Rhinolophus ferrumequinum,0.026,0.026,-1,Echolocation,/mnt/ubna_data_02_mir/recover-20220922/UBNA_001/20220921_090000.WAV,Telephone Field,recover-20220922,001,1795
1681.3175,1681.3595,68437,82551,Rhinolophus ferrumequinum,0.027,0.027,-1,Echolocation,/mnt/ubna_data_02_mir/recover-20220922/UBNA_001/20220921_090000.WAV,Telephone Field,recover-20220922,001,1795
1681.3605,1681.399,68437,81411,Rhinolophus ferrumequinum,0.024,0.024,-1,Echolocation,/mnt/ubna_data_02_mir/recover-20220922/UBNA_001/20220921_090000.WAV,Telephone Field,recover-20220922,001,1795
1681.3775,1681.4165,68437,82311,Rhinolophus ferrumequinum,0.033,0.033,-1,Echolocation,/mnt/ubna_data_02_mir/recover-20220922/UBNA_001/20220921_090000.WAV,Telephone Field,recover-20220922,001,1795
1681.4155,1681.4555,68437,82120,Rhinolophus ferrumequinum,0.022,0.023,-1,Echolocation,/mnt/ubna_data_02_mir/recover-20220922/UBNA_001/20220921_090000.WAV,Telephone Field,recover-20220922,001,1795
1681.4365,1681.4769,68437,82157,Rhinolophus ferrumequinum,0.025,0.025,-1,Echolocation,/mnt/ubna_data_02_mir/recover-20220922/UBNA_001/20220921_090000.WAV,Telephone Field,recover-20220922,001,1795
1681.4475,1681.488,68437,82166,Rhinolophus ferrumequinum,0.021,0.021,-1,Echolocation,/mnt/ubna_data_02_mir/recover-20220922/UBNA_001/20220921_090000.WAV,Telephone Field,recover-20220922,001,1795
1681.4575,1681.4952,68437,81442,Rhinolophus ferrumequinum,0.022,0.022,-1,Echolocation,/mnt/ubna_data_02_mir/recover-20220922/UBNA_001/20220921_090000.WAV,Telephone Field,recover-20220922,001,1795
1681.4675,1681.5027,68437,80979,Rhinolophus ferrumequinum,0.026,0.026,-1,Echolocation,/mnt/ubna_data_02_mir/recover-20220922/UBNA_001/20220921_090000.WAV,Telephone Field,recover-20220922,001,1795
1681.4915,1681.5009,29765,37750,Eptesicus serotinus,0.009,0.024,-1,Echolocation,/mnt/ubna_data_02_mir/recover-20220922/UBNA_001/20220921_090000.WAV,Telephone Field,recover-20220922,001,1795
1681.5295,1681.5729,68437,83378,Rhinolophus ferrumequinum,0.03,0.03,-1,Echolocation,/mnt/ubna_data_02_mir/recover-20220922/UBNA_001/20220921_090000.WAV,Telephone Field,recover-20220922,001,1795
1681.5395,1681.5815,68437,83173,Rhinolophus ferrumequinum,0.025,0.025,-1,Echolocation,/mnt/ubna_data_02_mir/recover-20220922/UBNA_001/20220921_090000.WAV,Telephone Field,recover-20220922,001,1795
1681.5675,1681.6052,68437,81965,Rhinolophus ferrumequinum,0.024,0.024,-1,Echolocation,/mnt/ubna_data_02_mir/recover-20220922/UBNA_001/20220921_090000.WAV,Telephone Field,recover-20220922,001,1795
1681.5775,1681.5841,27187,37367,Eptesicus serotinus,0.007,0.024,-1,Echolocation,/mnt/ubna_data_02_mir/recover-20220922/UBNA_001/20220921_090000.WAV,Telephone Field,recover-20220922,001,1795
1681.5855,1681.6263,68437,82494,Rhinolophus ferrumequinum,0.028,0.028,-1,Echolocation,/mnt/ubna_data_02_mir/recover-20220922/UBNA_001/20220921_090000.WAV,Telephone Field,recover-20220922,001,1795
1681.6205,1681.6585,68437,81591,Rhinolophus ferrumequinum,0.022,0.022,-1,Echolocation,/mnt/ubna_data_02_mir/recover-20220922/UBNA_001/20220921_090000.WAV,Telephone Field,recover-20220922,001,1795
1681.6275,1681.6646,68437,81241,Rhinolophus ferrumequinum,0.022,0.023,-1,Echolocation,/mnt/ubna_data_02_mir/recover-20220922/UBNA_001/20220921_090000.WAV,Telephone Field,recover-20220922,001,1795
1681.6485,1681.6897,68437,82848,Rhinolophus ferrumequinum,0.025,0.025,-1,Echolocation,/mnt/ubna_data_02_mir/recover-20220922/UBNA_001/20220921_090000.WAV,Telephone Field,recover-20220922,001,1795
1681.6965,1681.7369,68437,82322,Rhinolophus ferrumequinum,0.024,0.024,-1,Echolocation,/mnt/ubna_data_02_mir/recover-20220922/UBNA_001/20220921_090000.WAV,Telephone Field,recover-20220922,001,1795
1681.7595,1681.7727,22890,27969,Nyctalus leisleri,0.014,0.029,-1,Echolocation,/mnt/ubna_data_02_mir/recover-20220922/UBNA_001/20220921_090000.WAV,Telephone Field,recover-20220922,001,1795
1681.7985,1681.8339,68437,80823,Rhinolophus ferrumequinum,0.022,0.022,-1,Echolocation,/mnt/ubna_data_02_mir/recover-20220922/UBNA_001/20220921_090000.WAV,Telephone Field,recover-20220922,001,1795
1681.8325,1681.8731,68437,82654,Rhinolophus ferrumequinum,0.032,0.032,-1,Echolocation,/mnt/ubna_data_02_mir/recover-20220922/UBNA_001/20220921_090000.WAV,Telephone Field,recover-20220922,001,1795
1681.8825,1681.9232,68437,82733,Rhinolophus ferrumequinum,0.032,0.032,-1,Echolocation,/mnt/ubna_data_02_mir/recover-20220922/UBNA_001/20220921_090000.WAV,Telephone Field,recover-20220922,001,1795
1681.8825,1681.8942,22890,27202,Nyctalus leisleri,0.011,0.021,-1,Echolocation,/mnt/ubna_data_02_mir/recover-20220922/UBNA_001/20220921_090000.WAV,Telephone Field,recover-20220922,001,1795
1681.9045,1681.9426,68437,81720,Rhinolophus ferrumequinum,0.022,0.022,-1,Echolocation,/mnt/ubna_data_02_mir/recover-20220922/UBNA_001/20220921_090000.WAV,Telephone Field,recover-20220922,001,1795
1681.9215,1681.961,68437,81764,Rhinolophus ferrumequinum,0.031,0.031,-1,Echolocation,/mnt/ubna_data_02_mir/recover-20220922/UBNA_001/20220921_090000.WAV,Telephone Field,recover-20220922,001,1795
1681.9295,1681.9704,68437,83013,Rhinolophus ferrumequinum,0.023,0.024,-1,Echolocation,/mnt/ubna_data_02_mir/recover-20220922/UBNA_001/20220921_090000.WAV,Telephone Field,recover-20220922,001,1795
1681.9795,1681.9883,28046,41156,Eptesicus serotinus,0.009,0.026,-1,Echolocation,/mnt/ubna_data_02_mir/recover-20220922/UBNA_001/20220921_090000.WAV,Telephone Field,recover-20220922,001,1795
1681.9885,1681.9986,46953,51937,Pipistrellus pipistrellus,0.026,0.03,-1,Echolocation,/mnt/ubna_data_02_mir/recover-20220922/UBNA_001/20220921_090000.WAV,Telephone Field,recover-20220922,001,1795
1682.0015,1682.0083,49531,56759,Pipistrellus pipistrellus,0.016,0.021,-1,Echolocation,/mnt/ubna_data_02_mir/recover-20220922/UBNA_001/20220921_090000.WAV,Telephone Field,recover-20220922,001,1795
1682.0015,1682.0115,26328,34131,Nyctalus leisleri,0.01,0.028,-1,Echolocation,/mnt/ubna_data_02_mir/recover-20220922/UBNA_001/20220921_090000.WAV,Telephone Field,recover-20220922,001,1795
1682.0015,1682.0332,69296,81090,Rhinolophus ferrumequinum,0.033,0.034,-1,Echolocation,/mnt/ubna_data_02_mir/recover-20220922/UBNA_001/20220921_090000.WAV,Telephone Field,recover-20220922,001,1795
1682.0125,1682.02,28046,38462,Eptesicus serotinus,0.007,0.025,-1,Echolocation,/mnt/ubna_data_02_mir/recover-20220922/UBNA_001/20220921_090000.WAV,Telephone Field,recover-20220922,001,1795
1682.0165,1682.0274,22890,27821,Nyctalus leisleri,0.012,0.025,-1,Echolocation,/mnt/ubna_data_02_mir/recover-20220922/UBNA_001/20220921_090000.WAV,Telephone Field,recover-20220922,001,1795
1682.0385,1682.0746,68437,81693,Rhinolophus ferrumequinum,0.022,0.023,-1,Echolocation,/mnt/ubna_data_02_mir/recover-20220922/UBNA_001/20220921_090000.WAV,Telephone Field,recover-20220922,001,1795
1682.0635,1682.0726,28906,38514,Eptesicus serotinus,0.008,0.022,-1,Echolocation,/mnt/ubna_data_02_mir/recover-20220922/UBNA_001/20220921_090000.WAV,Telephone Field,recover-20220922,001,1795
1682.1155,1682.1545,68437,82562,Rhinolophus ferrumequinum,0.03,0.03,-1,Echolocation,/mnt/ubna_data_02_mir/recover-20220922/UBNA_001/20220921_090000.WAV,Telephone Field,recover-20220922,001,1795
1682.1365,1682.1767,68437,82847,Rhinolophus ferrumequinum,0.025,0.025,-1,Echolocation,/mnt/ubna_data_02_mir/recover-20220922/UBNA_001/20220921_090000.WAV,Telephone Field,recover-20220922,001,1795
1682.1545,1682.1627,45234,56189,Pipistrellus pipistrellus,0.013,0.021,-1,Echolocation,/mnt/ubna_data_02_mir/recover-20220922/UBNA_001/20220921_090000.WAV,Telephone Field,recover-20220922,001,1795
1682.1615,1682.1727,24609,30264,Nyctalus leisleri,0.011,0.026,-1,Echolocation,/mnt/ubna_data_02_mir/recover-20220922/UBNA_001/20220921_090000.WAV,Telephone Field,recover-20220922,001,1795
1682.1745,1682.2147,68437,82478,Rhinolophus ferrumequinum,0.026,0.026,-1,Echolocation,/mnt/ubna_data_02_mir/recover-20220922/UBNA_001/20220921_090000.WAV,Telephone Field,recover-20220922,001,1795
1682.1875,1682.1942,28906,38190,Eptesicus serotinus,0.01,0.03,-1,Echolocation,/mnt/ubna_data_02_mir/recover-20220922/UBNA_001/20220921_090000.WAV,Telephone Field,recover-20220922,001,1795
1682.2005,1682.2408,68437,82232,Rhinolophus ferrumequinum,0.026,0.026,-1,Echolocation,/mnt/ubna_data_02_mir/recover-20220922/UBNA_001/20220921_090000.WAV,Telephone Field,recover-20220922,001,1795
1682.2435,1682.2795,68437,81504,Rhinolophus ferrumequinum,0.025,0.025,-1,Echolocation,/mnt/ubna_data_02_mir/recover-20220922/UBNA_001/20220921_090000.WAV,Telephone Field,recover-20220922,001,1795
1682.2535,1682.2619,28046,37693,Eptesicus serotinus,0.009,0.023,-1,Echolocation,/mnt/ubna_data_02_mir/recover-20220922/UBNA_001/20220921_090000.WAV,Telephone Field,recover-20220922,001,1795
1682.2685,1682.3089,68437,82455,Rhinolophus ferrumequinum,0.021,0.021,-1,Echolocation,/mnt/ubna_data_02_mir/recover-20220922/UBNA_001/20220921_090000.WAV,Telephone Field,recover-20220922,001,1795
1682.2845,1682.2925,26328,34429,Eptesicus serotinus,0.008,0.023,-1,Echolocation,/mnt/ubna_data_02_mir/recover-20220922/UBNA_001/20220921_090000.WAV,Telephone Field,recover-20220922,001,1795
1682.3055,1682.3429,68437,81154,Rhinolophus ferrumequinum,0.022,0.022,-1,Echolocation,/mnt/ubna_data_02_mir/recover-20220922/UBNA_001/20220921_090000.WAV,Telephone Field,recover-20220922,001,1795
1682.3125,1682.3528,68437,82142,Rhinolophus ferrumequinum,0.023,0.023,-1,Echolocation,/mnt/ubna_data_02_mir/recover-20220922/UBNA_001/20220921_090000.WAV,Telephone Field,recover-20220922,001,1795
1682.3145,1682.3248,22031,27335,Nyctalus leisleri,0.009,0.023,-1,Echolocation,/mnt/ubna_data_02_mir/recover-20220922/UBNA_001/20220921_090000.WAV,Telephone Field,recover-20220922,001,1795
1682.3315,1682.3724,68437,82176,Rhinolophus ferrumequinum,0.023,0.023,-1,Echolocation,/mnt/ubna_data_02_mir/recover-20220922/UBNA_001/20220921_090000.WAV,Telephone Field,recover-20220922,001,1795
1682.3615,1682.4019,68437,82594,Rhinolophus ferrumequinum,0.024,0.024,-1,Echolocation,/mnt/ubna_data_02_mir/recover-20220922/UBNA_001/20220921_090000.WAV,Telephone Field,recover-20220922,001,1795
1682.3975,1682.4335,68437,81239,Rhinolophus ferrumequinum,0.023,0.023,-1,Echolocation,/mnt/ubna_data_02_mir/recover-20220922/UBNA_001/20220921_090000.WAV,Telephone Field,recover-20220922,001,1795
1682.4135,1682.4487,68437,81347,Rhinolophus ferrumequinum,0.021,0.022,-1,Echolocation,/mnt/ubna_data_02_mir/recover-20220922/UBNA_001/20220921_090000.WAV,Telephone Field,recover-20220922,001,1795
1682.4185,1682.4543,68437,81390,Rhinolophus ferrumequinum,0.022,0.022,-1,Echolocation,/mnt/ubna_data_02_mir/recover-20220922/UBNA_001/20220921_090000.WAV,Telephone Field,recover-20220922,001,1795
1682.4385,1682.4767,68437,82020,Rhinolophus ferrumequinum,0.021,0.021,-1,Echolocation,/mnt/ubna_data_02_mir/recover-20220922/UBNA_001/20220921_090000.WAV,Telephone Field,recover-20220922,001,1795
1682.4565,1682.4687,29765,34302,Eptesicus serotinus,0.012,0.03,-1,Echolocation,/mnt/ubna_data_02_mir/recover-20220922/UBNA_001/20220921_090000.WAV,Telephone Field,recover-20220922,001,1795
1682.4695,1682.4786,25468,32829,Nyctalus leisleri,0.007,0.024,-1,Echolocation,/mnt/ubna_data_02_mir/recover-20220922/UBNA_001/20220921_090000.WAV,Telephone Field,recover-20220922,001,1795
1682.4805,1682.4908,28046,36291,Eptesicus serotinus,0.01,0.025,-1,Echolocation,/mnt/ubna_data_02_mir/recover-20220922/UBNA_001/20220921_090000.WAV,Telephone Field,recover-20220922,001,1795
1682.5435,1682.5542,22890,28413,Nyctalus leisleri,0.012,0.025,-1,Echolocation,/mnt/ubna_data_02_mir/recover-20220922/UBNA_001/20220921_090000.WAV,Telephone Field,recover-20220922,001,1795
1682.5855,1682.6319,68437,83695,Rhinolophus ferrumequinum,0.042,0.042,-1,Echolocation,/mnt/ubna_data_02_mir/recover-20220922/UBNA_001/20220921_090000.WAV,Telephone Field,recover-20220922,001,1795
1682.6025,1682.6389,68437,81359,Rhinolophus ferrumequinum,0.021,0.021,-1,Echolocation,/mnt/ubna_data_02_mir/recover-20220922/UBNA_001/20220921_090000.WAV,Telephone Field,recover-20220922,001,1795
1682.6075,1682.6152,44375,50883,Pipistrellus pipistrellus,0.017,0.022,-1,Echolocation,/mnt/ubna_data_02_mir/recover-20220922/UBNA_001/20220921_090000.WAV,Telephone Field,recover-20220922,001,1795
1682.6325,1682.6709,68437,81757,Rhinolophus ferrumequinum,0.022,0.022,-1,Echolocation,/mnt/ubna_data_02_mir/recover-20220922/UBNA_001/20220921_090000.WAV,Telephone Field,recover-20220922,001,1795
1682.6655,1682.7028,68437,81031,Rhinolophus ferrumequinum,0.028,0.028,-1,Echolocation,/mnt/ubna_data_02_mir/recover-20220922/UBNA_001/20220921_090000.WAV,Telephone Field,recover-20220922,001,1795
1682.6675,1682.6752,24609,33654,Plecotus austriacus,0.006,0.021,-1,Echolocation,/mnt/ubna_data_02_mir/recover-20220922/UBNA_001/20220921_090000.WAV,Telephone Field,recover-20220922,001,1795
1682.6755,1682.6876,39218,42857,Pipistrellus nathusii,0.011,0.025,-1,Echolocation,/mnt/ubna_data_02_mir/recover-20220922/UBNA_001/20220921_090000.WAV,Telephone Field,recover-20220922,001,1795
1682.6955,1682.7342,68437,81858,Rhinolophus ferrumequinum,0.022,0.022,-1,Echolocation,/mnt/ubna_data_02_mir/recover-20220922/UBNA_001/20220921_090000.WAV,Telephone Field,recover-20220922,001,1795
1682.7175,1682.7267,27187,35639,Eptesicus serotinus,0.011,0.027,-1,Echolocation,/mnt/ubna_data_02_mir/recover-20220922/UBNA_001/20220921_090000.WAV,Telephone Field,recover-20220922,001,1795
1682.7385,1682.775,68437,81317,Rhinolophus ferrumequinum,0.022,0.022,-1,Echolocation,/mnt/ubna_data_02_mir/recover-20220922/UBNA_001/20220921_090000.WAV,Telephone Field,recover-20220922,001,1795
1682.7655,1682.8041,68437,81468,Rhinolophus ferrumequinum,0.024,0.024,-1,Echolocation,/mnt/ubna_data_02_mir/recover-20220922/UBNA_001/20220921_090000.WAV,Telephone Field,recover-20220922,001,1795
1682.7715,1682.8061,68437,81078,Rhinolophus ferrumequinum,0.023,0.023,-1,Echolocation,/mnt/ubna_data_02_mir/recover-20220922/UBNA_001/20220921_090000.WAV,Telephone Field,recover-20220922,001,1795
1682.8075,1682.8419,68437,80688,Rhinolophus ferrumequinum,0.023,0.023,-1,Echolocation,/mnt/ubna_data_02_mir/recover-20220922/UBNA_001/20220921_090000.WAV,Telephone Field,recover-20220922,001,1795
1682.8565,1682.8932,68437,81102,Rhinolophus ferrumequinum,0.021,0.021,-1,Echolocation,/mnt/ubna_data_02_mir/recover-20220922/UBNA_001/20220921_090000.WAV,Telephone Field,recover-20220922,001,1795
1682.8575,1682.8639,28046,39032,Eptesicus serotinus,0.01,0.037,-1,Echolocation,/mnt/ubna_data_02_mir/recover-20220922/UBNA_001/20220921_090000.WAV,Telephone Field,recover-20220922,001,1795
1682.9025,1682.9406,68437,81616,Rhinolophus ferrumequinum,0.029,0.029,-1,Echolocation,/mnt/ubna_data_02_mir/recover-20220922/UBNA_001/20220921_090000.WAV,Telephone Field,recover-20220922,001,1795
1682.9225,1682.9293,27187,43697,Eptesicus serotinus,0.006,0.022,-1,Echolocation,/mnt/ubna_data_02_mir/recover-20220922/UBNA_001/20220921_090000.WAV,Telephone Field,recover-20220922,001,1795
1682.9295,1682.9714,68437,82943,Rhinolophus ferrumequinum,0.029,0.029,-1,Echolocation,/mnt/ubna_data_02_mir/recover-20220922/UBNA_001/20220921_090000.WAV,Telephone Field,recover-20220922,001,1795
1682.9505,1682.983,68437,80975,Rhinolophus ferrumequinum,0.022,0.022,-1,Echolocation,/mnt/ubna_data_02_mir/recover-20220922/UBNA_001/20220921_090000.WAV,Telephone Field,recover-20220922,001,1795
1682.9915,1683.0312,68437,82524,Rhinolophus ferrumequinum,0.022,0.022,-1,Echolocation,/mnt/ubna_data_02_mir/recover-20220922/UBNA_001/20220921_090000.WAV,Telephone Field,recover-20220922,001,1795
1683.0185,1683.0575,68437,82005,Rhinolophus ferrumequinum,0.023,0.023,-1,Echolocation,/mnt/ubna_data_02_mir/recover-20220922/UBNA_001/20220921_090000.WAV,Telephone Field,recover-20220922,001,1795
1683.0395,1683.0784,68437,82333,Rhinolophus ferrumequinum,0.022,0.022,-1,Echolocation,/mnt/ubna_data_02_mir/recover-20220922/UBNA_001/20220921_090000.WAV,Telephone Field,recover-20220922,001,1795
1683.0465,1683.0559,30625,39142,Eptesicus serotinus,0.012,0.034,-1,Echolocation,/mnt/ubna_data_02_mir/recover-20220922/UBNA_001/20220921_090000.WAV,Telephone Field,recover-20220922,001,1795
1683.0565,1683.0635,51250,57588,Pipistrellus pipistrellus,0.022,0.026,-1,Echolocation,/mnt/ubna_data_02_mir/recover-20220922/UBNA_001/20220921_090000.WAV,Telephone Field,recover-20220922,001,1795
1683.0625,1683.0997,68437,81602,Rhinolophus ferrumequinum,0.023,0.023,-1,Echolocation,/mnt/ubna_data_02_mir/recover-20220922/UBNA_001/20220921_090000.WAV,Telephone Field,recover-20220922,001,1795
1683.0825,1683.1148,68437,80023,Rhinolophus ferrumequinum,0.023,0.023,-1,Echolocation,/mnt/ubna_data_02_mir/recover-20220922/UBNA_001/20220921_090000.WAV,Telephone Field,recover-20220922,001,1795
1683.1365,1683.1753,68437,82163,Rhinolophus ferrumequinum,0.025,0.025,-1,Echolocation,/mnt/ubna_data_02_mir/recover-20220922/UBNA_001/20220921_090000.WAV,Telephone Field,recover-20220922,001,1795
1683.1425,1683.1811,68437,82187,Rhinolophus ferrumequinum,0.023,0.023,-1,Echolocation,/mnt/ubna_data_02_mir/recover-20220922/UBNA_001/20220921_090000.WAV,Telephone Field,recover-20220922,001,1795
1683.2135,1683.2229,28046,39592,Eptesicus serotinus,0.011,0.029,-1,Echolocation,/mnt/ubna_data_02_mir/recover-20220922/UBNA_001/20220921_090000.WAV,Telephone Field,recover-20220922,001,1795
1683.2145,1683.2565,68437,82661,Rhinolophus ferrumequinum,0.025,0.025,-1,Echolocation,/mnt/ubna_data_02_mir/recover-20220922/UBNA_001/20220921_090000.WAV,Telephone Field,recover-20220922,001,1795
1683.2195,1683.2595,68437,82623,Rhinolophus ferrumequinum,0.025,0.025,-1,Echolocation,/mnt/ubna_data_02_mir/recover-20220922/UBNA_001/20220921_090000.WAV,Telephone Field,recover-20220922,001,1795
1683.2465,1683.2888,68437,82477,Rhinolophus ferrumequinum,0.029,0.029,-1,Echolocation,/mnt/ubna_data_02_mir/recover-20220922/UBNA_001/20220921_090000.WAV,Telephone Field,recover-20220922,001,1795
1683.2545,1683.2898,68437,80995,Rhinolophus ferrumequinum,0.024,0.024,-1,Echolocation,/mnt/ubna_data_02_mir/recover-20220922/UBNA_001/20220921_090000.WAV,Telephone Field,recover-20220922,001,1795
1683.3085,1683.3491,68437,82943,Rhinolophus ferrumequinum,0.029,0.029,-1,Echolocation,/mnt/ubna_data_02_mir/recover-20220922/UBNA_001/20220921_090000.WAV,Telephone Field,recover-20220922,001,1795
1683.3625,1683.4027,68437,81682,Rhinolophus ferrumequinum,0.023,0.023,-1,Echolocation,/mnt/ubna_data_02_mir/recover-20220922/UBNA_001/20220921_090000.WAV,Telephone Field,recover-20220922,001,1795
1683.3675,1683.4071,68437,81577,Rhinolophus ferrumequinum,0.022,0.022,-1,Echolocation,/mnt/ubna_data_02_mir/recover-20220922/UBNA_001/20220921_090000.WAV,Telephone Field,recover-20220922,001,1795
1683.3825,1683.3931,24609,31656,Nyctalus leisleri,0.008,0.023,-1,Echolocation,/mnt/ubna_data_02_mir/recover-20220922/UBNA_001/20220921_090000.WAV,Telephone Field,recover-20220922,001,1795
1683.3965,1683.4348,68437,81931,Rhinolophus ferrumequinum,0.021,0.021,-1,Echolocation,/mnt/ubna_data_02_mir/recover-20220922/UBNA_001/20220921_090000.WAV,Telephone Field,recover-20220922,001,1795
1683.4015,1683.4094,28046,40235,Eptesicus serotinus,0.008,0.024,-1,Echolocation,/mnt/ubna_data_02_mir/recover-20220922/UBNA_001/20220921_090000.WAV,Telephone Field,recover-20220922,001,1795
1683.4065,1683.4141,28046,38121,Eptesicus serotinus,0.008,0.023,-1,Echolocation,/mnt/ubna_data_02_mir/recover-20220922/UBNA_001/20220921_090000.WAV,Telephone Field,recover-20220922,001,1795
1683.4295,1683.4361,28906,38949,Eptesicus serotinus,0.006,0.021,-1,Echolocation,/mnt/ubna_data_02_mir/recover-20220922/UBNA_001/20220921_090000.WAV,Telephone Field,recover-20220922,001,1795
1683.4885,1683.4989,24609,31976,Nyctalus leisleri,0.008,0.025,-1,Echolocation,/mnt/ubna_data_02_mir/recover-20220922/UBNA_001/20220921_090000.WAV,Telephone Field,recover-20220922,001,1795
1683.4965,1683.5072,22031,26860,Nyctalus leisleri,0.011,0.024,-1,Echolocation,/mnt/ubna_data_02_mir/recover-20220922/UBNA_001/20220921_090000.WAV,Telephone Field,recover-20220922,001,1795
1683.4965,1683.5043,28906,39928,Eptesicus serotinus,0.007,0.024,-1,Echolocation,/mnt/ubna_data_02_mir/recover-20220922/UBNA_001/20220921_090000.WAV,Telephone Field,recover-20220922,001,1795
1683.5205,1683.5632,68437,83070,Rhinolophus ferrumequinum,0.03,0.03,-1,Echolocation,/mnt/ubna_data_02_mir/recover-20220922/UBNA_001/20220921_090000.WAV,Telephone Field,recover-20220922,001,1795
1683.5265,1683.5688,68437,82651,Rhinolophus ferrumequinum,0.027,0.027,-1,Echolocation,/mnt/ubna_data_02_mir/recover-20220922/UBNA_001/20220921_090000.WAV,Telephone Field,recover-20220922,001,1795
1683.6255,1683.6332,28046,42422,Eptesicus serotinus,0.008,0.025,-1,Echolocation,/mnt/ubna_data_02_mir/recover-20220922/UBNA_001/20220921_090000.WAV,Telephone Field,recover-20220922,001,1795
1683.6295,1683.6704,68437,82384,Rhinolophus ferrumequinum,0.021,0.021,-1,Echolocation,/mnt/ubna_data_02_mir/recover-20220922/UBNA_001/20220921_090000.WAV,Telephone Field,recover-20220922,001,1795
1683.6475,1683.6858,68437,81774,Rhinolophus ferrumequinum,0.022,0.022,-1,Echolocation,/mnt/ubna_data_02_mir/recover-20220922/UBNA_001/20220921_090000.WAV,Telephone Field,recover-20220922,001,1795
1683.6915,1683.7323,68437,82396,Rhinolophus ferrumequinum,0.024,0.025,-1,Echolocation,/mnt/ubna_data_02_mir/recover-20220922/UBNA_001/20220921_090000.WAV,Telephone Field,recover-20220922,001,1795
1683.7265,1683.7375,22031,26427,Nyctalus leisleri,0.011,0.021,-1,Echolocation,/mnt/ubna_data_02_mir/recover-20220922/UBNA_001/20220921_090000.WAV,Telephone Field,recover-20220922,001,1795
1683.7315,1683.7695,68437,81698,Rhinolophus ferrumequinum,0.022,0.022,-1,Echolocation,/mnt/ubna_data_02_mir/recover-20220922/UBNA_001/20220921_090000.WAV,Telephone Field,recover-20220922,001,1795
1683.7885,1683.7991,22031,26430,Nyctalus leisleri,0.014,0.028,-1,Echolocation,/mnt/ubna_data_02_mir/recover-20220922/UBNA_001/20220921_090000.WAV,Telephone Field,recover-20220922,001,1795
1683.8475,1683.8865,68437,82009,Rhinolophus ferrumequinum,0.026,0.026,-1,Echolocation,/mnt/ubna_data_02_mir/recover-20220922/UBNA_001/20220921_090000.WAV,Telephone Field,recover-20220922,001,1795
1683.8695,1683.9101,68437,82618,Rhinolophus ferrumequinum,0.027,0.027,-1,Echolocation,/mnt/ubna_data_02_mir/recover-20220922/UBNA_001/20220921_090000.WAV,Telephone Field,recover-20220922,001,1795
1683.8735,1683.883,28046,39106,Eptesicus serotinus,0.009,0.022,-1,Echolocation,/mnt/ubna_data_02_mir/recover-20220922/UBNA_001/20220921_090000.WAV,Telephone Field,recover-20220922,001,1795
1683.8795,1683.8882,28906,38120,Eptesicus serotinus,0.008,0.022,-1,Echolocation,/mnt/ubna_data_02_mir/recover-20220922/UBNA_001/20220921_090000.WAV,Telephone Field,recover-20220922,001,1795
1683.8855,1683.9216,68437,82105,Rhinolophus ferrumequinum,0.022,0.022,-1,Echolocation,/mnt/ubna_data_02_mir/recover-20220922/UBNA_001/20220921_090000.WAV,Telephone Field,recover-20220922,001,1795
1683.9105,1683.9455,68437,81184,Rhinolophus ferrumequinum,0.023,0.023,-1,Echolocation,/mnt/ubna_data_02_mir/recover-20220922/UBNA_001/20220921_090000.WAV,Telephone Field,recover-20220922,001,1795
1683.9615,1683.9717,28046,39651,Eptesicus serotinus,0.013,0.031,-1,Echolocation,/mnt/ubna_data_02_mir/recover-20220922/UBNA_001/20220921_090000.WAV,Telephone Field,recover-20220922,001,1795
1683.9855,1683.9965,23750,29542,Nyctalus leisleri,0.01,0.024,-1,Echolocation,/mnt/ubna_data_02_mir/recover-20220922/UBNA_001/20220921_090000.WAV,Telephone Field,recover-20220922,001,1795
1684.0015,1684.0305,68437,80596,Rhinolophus ferrumequinum,0.029,0.029,-1,Echolocation,/mnt/ubna_data_02_mir/recover-20220922/UBNA_001/20220921_090000.WAV,Telephone Field,recover-20220922,001,1795
1684.0015,1684.01,26328,36274,Nyctalus leisleri,0.007,0.026,-1,Echolocation,/mnt/ubna_data_02_mir/recover-20220922/UBNA_001/20220921_090000.WAV,Telephone Field,recover-20220922,001,1795
1684.0015,1684.0088,47812,52652,Pipistrellus pipistrellus,0.025,0.03,-1,Echolocation,/mnt/ubna_data_02_mir/recover-20220922/UBNA_001/20220921_090000.WAV,Telephone Field,recover-20220922,001,1795
1684.0145,1684.0514,68437,81186,Rhinolophus ferrumequinum,0.022,0.022,-1,Echolocation,/mnt/ubna_data_02_mir/recover-20220922/UBNA_001/20220921_090000.WAV,Telephone Field,recover-20220922,001,1795
1684.0585,1684.1004,68437,83516,Rhinolophus ferrumequinum,0.038,0.038,-1,Echolocation,/mnt/ubna_data_02_mir/recover-20220922/UBNA_001/20220921_090000.WAV,Telephone Field,recover-20220922,001,1795
1684.0805,1684.12,68437,82918,Rhinolophus ferrumequinum,0.031,0.031,-1,Echolocation,/mnt/ubna_data_02_mir/recover-20220922/UBNA_001/20220921_090000.WAV,Telephone Field,recover-20220922,001,1795
1684.1505,1684.1585,25468,34322,Eptesicus serotinus,0.006,0.022,-1,Echolocation,/mnt/ubna_data_02_mir/recover-20220922/UBNA_001/20220921_090000.WAV,Telephone Field,recover-20220922,001,1795
1684.1635,1684.204,68437,82280,Rhinolophus ferrumequinum,0.022,0.022,-1,Echolocation,/mnt/ubna_data_02_mir/recover-20220922/UBNA_001/20220921_090000.WAV,Telephone Field,recover-20220922,001,1795
1684.1725,1684.2105,68437,81650,Rhinolophus ferrumequinum,0.022,0.022,-1,Echolocation,/mnt/ubna_data_02_mir/recover-20220922/UBNA_001/20220921_090000.WAV,Telephone Field,recover-20220922,001,1795
1684.1925,1684.2032,27187,34229,Eptesicus serotinus,0.012,0.028,-1,Echolocation,/mnt/ubna_data_02_mir/recover-20220922/UBNA_001/20220921_090000.WAV,Telephone Field,recover-20220922,001,1795
1684.2025,1684.2129,22031,27461,Nyctalus leisleri,0.009,0.025,-1,Echolocation,/mnt/ubna_data_02_mir/recover-20220922/UBNA_001/20220921_090000.WAV,Telephone Field,recover-20220922,001,1795
1684.2155,1684.2546,68437,82101,Rhinolophus ferrumequinum,0.024,0.024,-1,Echolocation,/mnt/ubna_data_02_mir/recover-20220922/UBNA_001/20220921_090000.WAV,Telephone Field,recover-20220922,001,1795
1684.2415,1684.2823,68437,82343,Rhinolophus ferrumequinum,0.025,0.025,-1,Echolocation,/mnt/ubna_data_02_mir/recover-20220922/UBNA_001/20220921_090000.WAV,Telephone Field,recover-20220922,001,1795
1684.2475,1684.286,68437,82166,Rhinolophus ferrumequinum,0.025,0.025,-1,Echolocation,/mnt/ubna_data_02_mir/recover-20220922/UBNA_001/20220921_090000.WAV,Telephone Field,recover-20220922,001,1795
1684.2845,1684.3277,68437,83076,Rhinolophus ferrumequinum,0.031,0.031,-1,Echolocation,/mnt/ubna_data_02_mir/recover-20220922/UBNA_001/20220921_090000.WAV,Telephone Field,recover-20220922,001,1795
1684.3135,1684.3484,68437,81438,Rhinolophus ferrumequinum,0.022,0.022,-1,Echolocation,/mnt/ubna_data_02_mir/recover-20220922/UBNA_001/20220921_090000.WAV,Telephone Field,recover-20220922,001,1795
1684.3295,1684.3666,68437,81981,Rhinolophus ferrumequinum,0.022,0.022,-1,Echolocation,/mnt/ubna_data_02_mir/recover-20220922/UBNA_001/20220921_090000.WAV,Telephone Field,recover-20220922,001,1795
1684.3355,1684.3464,28906,36582,Eptesicus serotinus,0.013,0.026,-1,Echolocation,/mnt/ubna_data_02_mir/recover-20220922/UBNA_001/20220921_090000.WAV,Telephone Field,recover-20220922,001,1795
1684.3485,1684.3627,23750,28409,Nyctalus leisleri,0.015,0.029,-1,Echolocation,/mnt/ubna_data_02_mir/recover-20220922/UBNA_001/20220921_090000.WAV,Telephone Field,recover-20220922,001,1795
1684.3575,1684.3923,68437,81316,Rhinolophus ferrumequinum,0.021,0.021,-1,Echolocation,/mnt/ubna_data_02_mir/recover-20220922/UBNA_001/20220921_090000.WAV,Telephone Field,recover-20220922,001,1795
1684.3805,1684.42,68437,81981,Rhinolophus ferrumequinum,0.022,0.022,-1,Echolocation,/mnt/ubna_data_02_mir/recover-20220922/UBNA_001/20220921_090000.WAV,Telephone Field,recover-20220922,001,1795
1684.3945,1684.4351,68437,83044,Rhinolophus ferrumequinum,0.026,0.026,-1,Echolocation,/mnt/ubna_data_02_mir/recover-20220922/UBNA_001/20220921_090000.WAV,Telephone Field,recover-20220922,001,1795
1684.4165,1684.4565,68437,82275,Rhinolophus ferrumequinum,0.028,0.028,-1,Echolocation,/mnt/ubna_data_02_mir/recover-20220922/UBNA_001/20220921_090000.WAV,Telephone Field,recover-20220922,001,1795
1684.4625,1684.4732,28046,35069,Eptesicus serotinus,0.015,0.028,-1,Echolocation,/mnt/ubna_data_02_mir/recover-20220922/UBNA_001/20220921_090000.WAV,Telephone Field,recover-20220922,001,1795
1684.4895,1684.5308,68437,83058,Rhinolophus ferrumequinum,0.032,0.032,-1,Echolocation,/mnt/ubna_data_02_mir/recover-20220922/UBNA_001/20220921_090000.WAV,Telephone Field,recover-20220922,001,1795
1684.5005,1684.5075,31484,42828,Myotis daubentonii,0.009,0.028,-1,Echolocation,/mnt/ubna_data_02_mir/recover-20220922/UBNA_001/20220921_090000.WAV,Telephone Field,recover-20220922,001,1795
1684.5295,1684.57,68437,82283,Rhinolophus ferrumequinum,0.027,0.027,-1,Echolocation,/mnt/ubna_data_02_mir/recover-20220922/UBNA_001/20220921_090000.WAV,Telephone Field,recover-20220922,001,1795
1684.5565,1684.6007,68437,83260,Rhinolophus ferrumequinum,0.047,0.047,-1,Echolocation,/mnt/ubna_data_02_mir/recover-20220922/UBNA_001/20220921_090000.WAV,Telephone Field,recover-20220922,001,1795
1684.5685,1684.6131,68437,83417,Rhinolophus ferrumequinum,0.027,0.027,-1,Echolocation,/mnt/ubna_data_02_mir/recover-20220922/UBNA_001/20220921_090000.WAV,Telephone Field,recover-20220922,001,1795
1684.5745,1684.6153,68437,83010,Rhinolophus ferrumequinum,0.026,0.026,-1,Echolocation,/mnt/ubna_data_02_mir/recover-20220922/UBNA_001/20220921_090000.WAV,Telephone Field,recover-20220922,001,1795
1684.6065,1684.6448,68437,82238,Rhinolophus ferrumequinum,0.024,0.025,-1,Echolocation,/mnt/ubna_data_02_mir/recover-20220922/UBNA_001/20220921_090000.WAV,Telephone Field,recover-20220922,001,1795
1684.6725,1684.7131,68437,82567,Rhinolophus ferrumequinum,0.025,0.025,-1,Echolocation,/mnt/ubna_data_02_mir/recover-20220922/UBNA_001/20220921_090000.WAV,Telephone Field,recover-20220922,001,1795
1684.6755,1684.6869,28906,35160,Eptesicus serotinus,0.016,0.032,-1,Echolocation,/mnt/ubna_data_02_mir/recover-20220922/UBNA_001/20220921_090000.WAV,Telephone Field,recover-20220922,001,1795
1684.7025,1684.7106,28046,39129,Eptesicus serotinus,0.008,0.023,-1,Echolocation,/mnt/ubna_data_02_mir/recover-20220922/UBNA_001/20220921_090000.WAV,Telephone Field,recover-20220922,001,1795
1684.7305,1684.7703,68437,82771,Rhinolophus ferrumequinum,0.024,0.024,-1,Echolocation,/mnt/ubna_data_02_mir/recover-20220922/UBNA_001/20220921_090000.WAV,Telephone Field,recover-20220922,001,1795
1684.7465,1684.7865,68437,82337,Rhinolophus ferrumequinum,0.022,0.022,-1,Echolocation,/mnt/ubna_data_02_mir/recover-20220922/UBNA_001/20220921_090000.WAV,Telephone Field,recover-20220922,001,1795
1684.7625,1684.7726,22031,27936,Nyctalus leisleri,0.008,0.023,-1,Echolocation,/mnt/ubna_data_02_mir/recover-20220922/UBNA_001/20220921_090000.WAV,Telephone Field,recover-20220922,001,1795
1684.7645,1684.8063,68437,82990,Rhinolophus ferrumequinum,0.034,0.034,-1,Echolocation,/mnt/ubna_data_02_mir/recover-20220922/UBNA_001/20220921_090000.WAV,Telephone Field,recover-20220922,001,1795
1684.7915,1684.7985,28046,43173,Eptesicus serotinus,0.007,0.024,-1,Echolocation,/mnt/ubna_data_02_mir/recover-20220922/UBNA_001/20220921_090000.WAV,Telephone Field,recover-20220922,001,1795
1684.8135,1684.8508,68437,81688,Rhinolophus ferrumequinum,0.023,0.023,-1,Echolocation,/mnt/ubna_data_02_mir/recover-20220922/UBNA_001/20220921_090000.WAV,Telephone Field,recover-20220922,001,1795
1684.8265,1684.8641,68437,81927,Rhinolophus ferrumequinum,0.022,0.022,-1,Echolocation,/mnt/ubna_data_02_mir/recover-20220922/UBNA_001/20220921_090000.WAV,Telephone Field,recover-20220922,001,1795
1684.8285,1684.8348,40078,57346,Myotis mystacinus,0.007,0.022,-1,Echolocation,/mnt/ubna_data_02_mir/recover-20220922/UBNA_001/20220921_090000.WAV,Telephone Field,recover-20220922,001,1795
1684.8385,1684.8465,28046,37620,Eptesicus serotinus,0.008,0.023,-1,Echolocation,/mnt/ubna_data_02_mir/recover-20220922/UBNA_001/20220921_090000.WAV,Telephone Field,recover-20220922,001,1795
1684.8475,1684.8872,68437,82305,Rhinolophus ferrumequinum,0.024,0.024,-1,Echolocation,/mnt/ubna_data_02_mir/recover-20220922/UBNA_001/20220921_090000.WAV,Telephone Field,recover-20220922,001,1795
1684.8725,1684.8835,22031,26036,Nyctalus leisleri,0.014,0.026,-1,Echolocation,/mnt/ubna_data_02_mir/recover-20220922/UBNA_001/20220921_090000.WAV,Telephone Field,recover-20220922,001,1795
1684.8965,1684.927,68437,79913,Rhinolophus ferrumequinum,0.022,0.022,-1,Echolocation,/mnt/ubna_data_02_mir/recover-20220922/UBNA_001/20220921_090000.WAV,Telephone Field,recover-20220922,001,1795
1684.9265,1684.9361,26328,34661,Eptesicus serotinus,0.013,0.026,-1,Echolocation,/mnt/ubna_data_02_mir/recover-20220922/UBNA_001/20220921_090000.WAV,Telephone Field,recover-20220922,001,1795
1684.9715,1685.0135,68437,83172,Rhinolophus ferrumequinum,0.037,0.037,-1,Echolocation,/mnt/ubna_data_02_mir/recover-20220922/UBNA_001/20220921_090000.WAV,Telephone Field,recover-20220922,001,1795
1685.0015,1685.0358,68437,80859,Rhinolophus ferrumequinum,0.027,0.027,-1,Echolocation,/mnt/ubna_data_02_mir/recover-20220922/UBNA_001/20220921_090000.WAV,Telephone Field,recover-20220922,001,1795
1685.0255,1685.0661,68437,82928,Rhinolophus ferrumequinum,0.027,0.027,-1,Echolocation,/mnt/ubna_data_02_mir/recover-20220922/UBNA_001/20220921_090000.WAV,Telephone Field,recover-20220922,001,1795
1685.0405,1685.0816,68437,82639,Rhinolophus ferrumequinum,0.024,0.024,-1,Echolocation,/mnt/ubna_data_02_mir/recover-20220922/UBNA_001/20220921_090000.WAV,Telephone Field,recover-20220922,001,1795
1685.0515,1685.061,26328,35161,Eptesicus serotinus,0.014,0.033,-1,Echolocation,/mnt/ubna_data_02_mir/recover-20220922/UBNA_001/20220921_090000.WAV,Telephone Field,recover-20220922,001,1795
1685.0685,1685.1056,68437,82236,Rhinolophus ferrumequinum,0.021,0.021,-1,Echolocation,/mnt/ubna_data_02_mir/recover-20220922/UBNA_001/20220921_090000.WAV,Telephone Field,recover-20220922,001,1795
1685.0885,1685.1288,68437,82233,Rhinolophus ferrumequinum,0.022,0.022,-1,Echolocation,/mnt/ubna_data_02_mir/recover-20220922/UBNA_001/20220921_090000.WAV,Telephone Field,recover-20220922,001,1795
1685.1175,1685.1281,44375,48353,Pipistrellus pipistrellus,0.021,0.024,-1,Echolocation,/mnt/ubna_data_02_mir/recover-20220922/UBNA_001/20220921_090000.WAV,Telephone Field,recover-20220922,001,1795
1685.1355,1685.1427,23750,32421,Plecotus austriacus,0.01,0.023,-1,Echolocation,/mnt/ubna_data_02_mir/recover-20220922/UBNA_001/20220921_090000.WAV,Telephone Field,recover-20220922,001,1795
1685.1385,1685.1782,68437,82434,Rhinolophus ferrumequinum,0.024,0.024,-1,Echolocation,/mnt/ubna_data_02_mir/recover-20220922/UBNA_001/20220921_090000.WAV,Telephone Field,recover-20220922,001,1795
1685.1745,1685.2123,68437,81087,Rhinolophus ferrumequinum,0.023,0.023,-1,Echolocation,/mnt/ubna_data_02_mir/recover-20220922/UBNA_001/20220921_090000.WAV,Telephone Field,recover-20220922,001,1795
1685.1825,1685.1896,28046,39387,Eptesicus serotinus,0.006,0.023,-1,Echolocation,/mnt/ubna_data_02_mir/recover-20220922/UBNA_001/20220921_090000.WAV,Telephone Field,recover-20220922,001,1795
1685.2135,1685.2228,28906,37518,Eptesicus serotinus,0.009,0.022,-1,Echolocation,/mnt/ubna_data_02_mir/recover-20220922/UBNA_001/20220921_090000.WAV,Telephone Field,recover-20220922,001,1795
1685.2235,1685.2627,68437,82420,Rhinolophus ferrumequinum,0.023,0.023,-1,Echolocation,/mnt/ubna_data_02_mir/recover-20220922/UBNA_001/20220921_090000.WAV,Telephone Field,recover-20220922,001,1795
1685.2355,1685.2706,68437,81350,Rhinolophus ferrumequinum,0.022,0.022,-1,Echolocation,/mnt/ubna_data_02_mir/recover-20220922/UBNA_001/20220921_090000.WAV,Telephone Field,recover-20220922,001,1795
1685.2795,1685.3168,68437,82124,Rhinolophus ferrumequinum,0.023,0.023,-1,Echolocation,/mnt/ubna_data_02_mir/recover-20220922/UBNA_001/20220921_090000.WAV,Telephone Field,recover-20220922,001,1795
1685.3075,1685.3459,68437,82060,Rhinolophus ferrumequinum,0.022,0.022,-1,Echolocation,/mnt/ubna_data_02_mir/recover-20220922/UBNA_001/20220921_090000.WAV,Telephone Field,recover-20220922,001,1795
1685.3315,1685.3431,22890,27278,Nyctalus leisleri,0.014,0.029,-1,Echolocation,/mnt/ubna_data_02_mir/recover-20220922/UBNA_001/20220921_090000.WAV,Telephone Field,recover-20220922,001,1795
1685.3325,1685.3663,68437,81297,Rhinolophus ferrumequinum,0.022,0.023,-1,Echolocation,/mnt/ubna_data_02_mir/recover-20220922/UBNA_001/20220921_090000.WAV,Telephone Field,recover-20220922,001,1795
1685.3635,1685.3721,43515,52243,Pipistrellus pipistrellus,0.016,0.029,-1,Echolocation,/mnt/ubna_data_02_mir/recover-20220922/UBNA_001/20220921_090000.WAV,Telephone Field,recover-20220922,001,1795
1685.3775,1685.3879,23750,30384,Nyctalus leisleri,0.008,0.023,-1,Echolocation,/mnt/ubna_data_02_mir/recover-20220922/UBNA_001/20220921_090000.WAV,Telephone Field,recover-20220922,001,1795
1685.4185,1685.4588,68437,82292,Rhinolophus ferrumequinum,0.024,0.024,-1,Echolocation,/mnt/ubna_data_02_mir/recover-20220922/UBNA_001/20220921_090000.WAV,Telephone Field,recover-20220922,001,1795
1685.4395,1685.4689,67578,77046,Rhinolophus ferrumequinum,0.027,0.029,-1,Echolocation,/mnt/ubna_data_02_mir/recover-20220922/UBNA_001/20220921_090000.WAV,Telephone Field,recover-20220922,001,1795
1685.4455,1685.4765,68437,80040,Rhinolophus ferrumequinum,0.024,0.025,-1,Echolocation,/mnt/ubna_data_02_mir/recover-20220922/UBNA_001/20220921_090000.WAV,Telephone Field,recover-20220922,001,1795
1685.4685,1685.4811,45234,47500,Pipistrellus pipistrellus,0.03,0.038,-1,Echolocation,/mnt/ubna_data_02_mir/recover-20220922/UBNA_001/20220921_090000.WAV,Telephone Field,recover-20220922,001,1795
1685.4895,1685.4991,25468,33847,Eptesicus serotinus,0.008,0.023,-1,Echolocation,/mnt/ubna_data_02_mir/recover-20220922/UBNA_001/20220921_090000.WAV,Telephone Field,recover-20220922,001,1795
1685.5145,1685.5526,68437,81817,Rhinolophus ferrumequinum,0.022,0.022,-1,Echolocation,/mnt/ubna_data_02_mir/recover-20220922/UBNA_001/20220921_090000.WAV,Telephone Field,recover-20220922,001,1795
1685.5355,1685.5753,68437,82384,Rhinolophus ferrumequinum,0.022,0.022,-1,Echolocation,/mnt/ubna_data_02_mir/recover-20220922/UBNA_001/20220921_090000.WAV,Telephone Field,recover-20220922,001,1795
1685.5405,1685.5794,68437,82326,Rhinolophus ferrumequinum,0.021,0.022,-1,Echolocation,/mnt/ubna_data_02_mir/recover-20220922/UBNA_001/20220921_090000.WAV,Telephone Field,recover-20220922,001,1795
1685.5625,1685.604,68437,82790,Rhinolophus ferrumequinum,0.026,0.026,-1,Echolocation,/mnt/ubna_data_02_mir/recover-20220922/UBNA_001/20220921_090000.WAV,Telephone Field,recover-20220922,001,1795
1685.6055,1685.6473,68437,82745,Rhinolophus ferrumequinum,0.034,0.034,-1,Echolocation,/mnt/ubna_data_02_mir/recover-20220922/UBNA_001/20220921_090000.WAV,Telephone Field,recover-20220922,001,1795
1685.6295,1685.6405,28906,35971,Eptesicus serotinus,0.012,0.027,-1,Echolocation,/mnt/ubna_data_02_mir/recover-20220922/UBNA_001/20220921_090000.WAV,Telephone Field,recover-20220922,001,1795
1685.6885,1685.7024,22031,26578,Nyctalus leisleri,0.02,0.037,-1,Echolocation,/mnt/ubna_data_02_mir/recover-20220922/UBNA_001/20220921_090000.WAV,Telephone Field,recover-20220922,001,1795
1685.6955,1685.7335,68437,82327,Rhinolophus ferrumequinum,0.021,0.022,-1,Echolocation,/mnt/ubna_data_02_mir/recover-20220922/UBNA_001/20220921_090000.WAV,Telephone Field,recover-20220922,001,1795
1685.7115,1685.751,68437,82705,Rhinolophus ferrumequinum,0.027,0.027,-1,Echolocation,/mnt/ubna_data_02_mir/recover-20220922/UBNA_001/20220921_090000.WAV,Telephone Field,recover-20220922,001,1795
1685.7185,1685.7259,24609,33421,Plecotus austriacus,0.007,0.022,-1,Echolocation,/mnt/ubna_data_02_mir/recover-20220922/UBNA_001/20220921_090000.WAV,Telephone Field,recover-20220922,001,1795
1685.7505,1685.789,68437,81893,Rhinolophus ferrumequinum,0.022,0.022,-1,Echolocation,/mnt/ubna_data_02_mir/recover-20220922/UBNA_001/20220921_090000.WAV,Telephone Field,recover-20220922,001,1795
1685.7955,1685.8304,68437,80310,Rhinolophus ferrumequinum,0.024,0.024,-1,Echolocation,/mnt/ubna_data_02_mir/recover-20220922/UBNA_001/20220921_090000.WAV,Telephone Field,recover-20220922,001,1795
1685.8045,1685.8421,68437,82054,Rhinolophus ferrumequinum,0.026,0.026,-1,Echolocation,/mnt/ubna_data_02_mir/recover-20220922/UBNA_001/20220921_090000.WAV,Telephone Field,recover-20220922,001,1795
1685.8375,1685.8773,68437,82239,Rhinolophus ferrumequinum,0.023,0.023,-1,Echolocation,/mnt/ubna_data_02_mir/recover-20220922/UBNA_001/20220921_090000.WAV,Telephone Field,recover-20220922,001,1795
1685.8635,1685.8749,28906,35678,Eptesicus serotinus,0.012,0.027,-1,Echolocation,/mnt/ubna_data_02_mir/recover-20220922/UBNA_001/20220921_090000.WAV,Telephone Field,recover-20220922,001,1795
1685.8815,1685.9215,68437,82757,Rhinolophus ferrumequinum,0.029,0.029,-1,Echolocation,/mnt/ubna_data_02_mir/recover-20220922/UBNA_001/20220921_090000.WAV,Telephone Field,recover-20220922,001,1795
1685.9195,1685.9601,68437,82787,Rhinolophus ferrumequinum,0.035,0.035,-1,Echolocation,/mnt/ubna_data_02_mir/recover-20220922/UBNA_001/20220921_090000.WAV,Telephone Field,recover-20220922,001,1795
1685.9285,1685.9373,28906,38628,Eptesicus serotinus,0.009,0.024,-1,Echolocation,/mnt/ubna_data_02_mir/recover-20220922/UBNA_001/20220921_090000.WAV,Telephone Field,recover-20220922,001,1795
1685.9555,1685.9954,68437,82144,Rhinolophus ferrumequinum,0.026,0.026,-1,Echolocation,/mnt/ubna_data_02_mir/recover-20220922/UBNA_001/20220921_090000.WAV,Telephone Field,recover-20220922,001,1795
1686.0015,1686.0355,68437,80243,Rhinolophus ferrumequinum,0.049,0.049,-1,Echolocation,/mnt/ubna_data_02_mir/recover-20220922/UBNA_001/20220921_090000.WAV,Telephone Field,recover-20220922,001,1795
1686.0015,1686.0098,47812,53298,Pipistrellus pipistrellus,0.018,0.023,-1,Echolocation,/mnt/ubna_data_02_mir/recover-20220922/UBNA_001/20220921_090000.WAV,Telephone Field,recover-20220922,001,1795
1686.0015,1686.0091,25468,38760,Myotis nattereri,0.005,0.027,-1,Echolocation,/mnt/ubna_data_02_mir/recover-20220922/UBNA_001/20220921_090000.WAV,Telephone Field,recover-20220922,001,1795
1686.0495,1686.0616,23750,29737,Nyctalus leisleri,0.011,0.026,-1,Echolocation,/mnt/ubna_data_02_mir/recover-20220922/UBNA_001/20220921_090000.WAV,Telephone Field,recover-20220922,001,1795
1686.0685,1686.1091,68437,82449,Rhinolophus ferrumequinum,0.034,0.034,-1,Echolocation,/mnt/ubna_data_02_mir/recover-20220922/UBNA_001/20220921_090000.WAV,Telephone Field,recover-20220922,001,1795
1686.0735,1686.0818,23750,32246,Plecotus austriacus,0.019,0.048,-1,Echolocation,/mnt/ubna_data_02_mir/recover-20220922/UBNA_001/20220921_090000.WAV,Telephone Field,recover-20220922,001,1795
1686.0995,1686.1077,28046,39461,Eptesicus serotinus,0.008,0.023,-1,Echolocation,/mnt/ubna_data_02_mir/recover-20220922/UBNA_001/20220921_090000.WAV,Telephone Field,recover-20220922,001,1795
1686.1355,1686.1735,68437,81671,Rhinolophus ferrumequinum,0.021,0.021,-1,Echolocation,/mnt/ubna_data_02_mir/recover-20220922/UBNA_001/20220921_090000.WAV,Telephone Field,recover-20220922,001,1795
1686.1425,1686.1519,27187,37239,Eptesicus serotinus,0.009,0.021,-1,Echolocation,/mnt/ubna_data_02_mir/recover-20220922/UBNA_001/20220921_090000.WAV,Telephone Field,recover-20220922,001,1795
1686.1595,1686.1987,68437,82345,Rhinolophus ferrumequinum,0.022,0.023,-1,Echolocation,/mnt/ubna_data_02_mir/recover-20220922/UBNA_001/20220921_090000.WAV,Telephone Field,recover-20220922,001,1795
1686.1895,1686.2251,68437,80865,Rhinolophus ferrumequinum,0.021,0.021,-1,Echolocation,/mnt/ubna_data_02_mir/recover-20220922/UBNA_001/20220921_090000.WAV,Telephone Field,recover-20220922,001,1795
1686.2255,1686.2631,68437,81882,Rhinolophus ferrumequinum,0.022,0.022,-1,Echolocation,/mnt/ubna_data_02_mir/recover-20220922/UBNA_001/20220921_090000.WAV,Telephone Field,recover-20220922,001,1795
1686.2405,1686.2509,22890,28686,Nyctalus leisleri,0.01,0.023,-1,Echolocation,/mnt/ubna_data_02_mir/recover-20220922/UBNA_001/20220921_090000.WAV,Telephone Field,recover-20220922,001,1795
1686.2405,1686.2493,50390,55039,Pipistrellus pipistrellus,0.019,0.022,-1,Echolocation,/mnt/ubna_data_02_mir/recover-20220922/UBNA_001/20220921_090000.WAV,Telephone Field,recover-20220922,001,1795
1686.2415,1686.2827,68437,82714,Rhinolophus ferrumequinum,0.023,0.023,-1,Echolocation,/mnt/ubna_data_02_mir/recover-20220922/UBNA_001/20220921_090000.WAV,Telephone Field,recover-20220922,001,1795
1686.2635,1686.2744,28906,36379,Eptesicus serotinus,0.01,0.024,-1,Echolocation,/mnt/ubna_data_02_mir/recover-20220922/UBNA_001/20220921_090000.WAV,Telephone Field,recover-20220922,001,1795
1686.2865,1686.3312,68437,83274,Rhinolophus ferrumequinum,0.061,0.061,-1,Echolocation,/mnt/ubna_data_02_mir/recover-20220922/UBNA_001/20220921_090000.WAV,Telephone Field,recover-20220922,001,1795
1686.3035,1686.3106,28906,40400,Eptesicus serotinus,0.006,0.024,-1,Echolocation,/mnt/ubna_data_02_mir/recover-20220922/UBNA_001/20220921_090000.WAV,Telephone Field,recover-20220922,001,1795
1686.3335,1686.372,68437,81404,Rhinolophus ferrumequinum,0.024,0.024,-1,Echolocation,/mnt/ubna_data_02_mir/recover-20220922/UBNA_001/20220921_090000.WAV,Telephone Field,recover-20220922,001,1795
1686.3455,1686.3558,22890,29243,Nyctalus leisleri,0.01,0.027,-1,Echolocation,/mnt/ubna_data_02_mir/recover-20220922/UBNA_001/20220921_090000.WAV,Telephone Field,recover-20220922,001,1795
1686.4205,1686.4306,43515,48240,Pipistrellus pipistrellus,0.033,0.046,-1,Echolocation,/mnt/ubna_data_02_mir/recover-20220922/UBNA_001/20220921_090000.WAV,Telephone Field,recover-20220922,001,1795
1686.4245,1686.4373,23750,29527,Nyctalus leisleri,0.015,0.032,-1,Echolocation,/mnt/ubna_data_02_mir/recover-20220922/UBNA_001/20220921_090000.WAV,Telephone Field,recover-20220922,001,1795
1686.4295,1686.468,68437,82889,Rhinolophus ferrumequinum,0.024,0.024,-1,Echolocation,/mnt/ubna_data_02_mir/recover-20220922/UBNA_001/20220921_090000.WAV,Telephone Field,recover-20220922,001,1795
1686.4665,1686.5057,68437,82868,Rhinolophus ferrumequinum,0.023,0.023,-1,Echolocation,/mnt/ubna_data_02_mir/recover-20220922/UBNA_001/20220921_090000.WAV,Telephone Field,recover-20220922,001,1795
1686.4765,1686.4874,24609,30133,Nyctalus leisleri,0.011,0.028,-1,Echolocation,/mnt/ubna_data_02_mir/recover-20220922/UBNA_001/20220921_090000.WAV,Telephone Field,recover-20220922,001,1795
1686.4965,1686.5059,28046,37686,Eptesicus serotinus,0.01,0.027,-1,Echolocation,/mnt/ubna_data_02_mir/recover-20220922/UBNA_001/20220921_090000.WAV,Telephone Field,recover-20220922,001,1795
1686.5485,1686.585,68437,82195,Rhinolophus ferrumequinum,0.025,0.025,-1,Echolocation,/mnt/ubna_data_02_mir/recover-20220922/UBNA_001/20220921_090000.WAV,Telephone Field,recover-20220922,001,1795
1686.5815,1686.6225,68437,82625,Rhinolophus ferrumequinum,0.022,0.022,-1,Echolocation,/mnt/ubna_data_02_mir/recover-20220922/UBNA_001/20220921_090000.WAV,Telephone Field,recover-20220922,001,1795
1686.5855,1686.5966,22031,27756,Nyctalus leisleri,0.013,0.032,-1,Echolocation,/mnt/ubna_data_02_mir/recover-20220922/UBNA_001/20220921_090000.WAV,Telephone Field,recover-20220922,001,1795
1686.5895,1686.6305,68437,83064,Rhinolophus ferrumequinum,0.022,0.022,-1,Echolocation,/mnt/ubna_data_02_mir/recover-20220922/UBNA_001/20220921_090000.WAV,Telephone Field,recover-20220922,001,1795
1686.5975,1686.636,68437,82114,Rhinolophus ferrumequinum,0.022,0.022,-1,Echolocation,/mnt/ubna_data_02_mir/recover-20220922/UBNA_001/20220921_090000.WAV,Telephone Field,recover-20220922,001,1795
1686.6095,1686.6434,68437,81519,Rhinolophus ferrumequinum,0.022,0.022,-1,Echolocation,/mnt/ubna_data_02_mir/recover-20220922/UBNA_001/20220921_090000.WAV,Telephone Field,recover-20220922,001,1795
1686.6635,1686.6719,24609,33543,Plecotus austriacus,0.007,0.025,-1,Echolocation,/mnt/ubna_data_02_mir/recover-20220922/UBNA_001/20220921_090000.WAV,Telephone Field,recover-20220922,001,1795
1686.6655,1686.7013,68437,81653,Rhinolophus ferrumequinum,0.022,0.023,-1,Echolocation,/mnt/ubna_data_02_mir/recover-20220922/UBNA_001/20220921_090000.WAV,Telephone Field,recover-20220922,001,1795
1686.6865,1686.73,68437,83108,Rhinolophus ferrumequinum,0.031,0.031,-1,Echolocation,/mnt/ubna_data_02_mir/recover-20220922/UBNA_001/20220921_090000.WAV,Telephone Field,recover-20220922,001,1795
1686.7075,1686.7494,68437,83069,Rhinolophus ferrumequinum,0.03,0.03,-1,Echolocation,/mnt/ubna_data_02_mir/recover-20220922/UBNA_001/20220921_090000.WAV,Telephone Field,recover-20220922,001,1795
1686.7325,1686.7752,68437,83155,Rhinolophus ferrumequinum,0.025,0.025,-1,Echolocation,/mnt/ubna_data_02_mir/recover-20220922/UBNA_001/20220921_090000.WAV,Telephone Field,recover-20220922,001,1795
1686.7585,1686.7699,39218,44129,Pipistrellus nathusii,0.017,0.028,-1,Echolocation,/mnt/ubna_data_02_mir/recover-20220922/UBNA_001/20220921_090000.WAV,Telephone Field,recover-20220922,001,1795
1686.7755,1686.8079,68437,81745,Rhinolophus ferrumequinum,0.022,0.022,-1,Echolocation,/mnt/ubna_data_02_mir/recover-20220922/UBNA_001/20220921_090000.WAV,Telephone Field,recover-20220922,001,1795
1686.8105,1686.8518,68437,82429,Rhinolophus ferrumequinum,0.022,0.022,-1,Echolocation,/mnt/ubna_data_02_mir/recover-20220922/UBNA_001/20220921_090000.WAV,Telephone Field,recover-20220922,001,1795
1686.8165,1686.856,68437,82498,Rhinolophus ferrumequinum,0.022,0.022,-1,Echolocation,/mnt/ubna_data_02_mir/recover-20220922/UBNA_001/20220921_090000.WAV,Telephone Field,recover-20220922,001,1795
1686.8195,1686.8286,26328,37528,Eptesicus serotinus,0.008,0.025,-1,Echolocation,/mnt/ubna_data_02_mir/recover-20220922/UBNA_001/20220921_090000.WAV,Telephone Field,recover-20220922,001,1795
1686.8565,1686.8969,68437,82847,Rhinolophus ferrumequinum,0.022,0.022,-1,Echolocation,/mnt/ubna_data_02_mir/recover-20220922/UBNA_001/20220921_090000.WAV,Telephone Field,recover-20220922,001,1795
1686.8995,1686.9408,68437,82988,Rhinolophus ferrumequinum,0.025,0.025,-1,Echolocation,/mnt/ubna_data_02_mir/recover-20220922/UBNA_001/20220921_090000.WAV,Telephone Field,recover-20220922,001,1795
1686.9205,1686.959,68437,81419,Rhinolophus ferrumequinum,0.022,0.022,-1,Echolocation,/mnt/ubna_data_02_mir/recover-20220922/UBNA_001/20220921_090000.WAV,Telephone Field,recover-20220922,001,1795
1686.9235,1686.9341,23750,30111,Nyctalus leisleri,0.009,0.023,-1,Echolocation,/mnt/ubna_data_02_mir/recover-20220922/UBNA_001/20220921_090000.WAV,Telephone Field,recover-20220922,001,1795
1686.9575,1686.9954,68437,82183,Rhinolophus ferrumequinum,0.023,0.024,-1,Echolocation,/mnt/ubna_data_02_mir/recover-20220922/UBNA_001/20220921_090000.WAV,Telephone Field,recover-20220922,001,1795
1686.9765,1687.0107,68437,81041,Rhinolophus ferrumequinum,0.022,0.022,-1,Echolocation,/mnt/ubna_data_02_mir/recover-20220922/UBNA_001/20220921_090000.WAV,Telephone Field,recover-20220922,001,1795
1687.0295,1687.0683,68437,82801,Rhinolophus ferrumequinum,0.026,0.026,-1,Echolocation,/mnt/ubna_data_02_mir/recover-20220922/UBNA_001/20220921_090000.WAV,Telephone Field,recover-20220922,001,1795
1687.0615,1687.0995,68437,81806,Rhinolophus ferrumequinum,0.023,0.023,-1,Echolocation,/mnt/ubna_data_02_mir/recover-20220922/UBNA_001/20220921_090000.WAV,Telephone Field,recover-20220922,001,1795
1687.0795,1687.0905,22031,26961,Nyctalus leisleri,0.012,0.026,-1,Echolocation,/mnt/ubna_data_02_mir/recover-20220922/UBNA_001/20220921_090000.WAV,Telephone Field,recover-20220922,001,1795
1687.0945,1687.1342,68437,82921,Rhinolophus ferrumequinum,0.028,0.028,-1,Echolocation,/mnt/ubna_data_02_mir/recover-20220922/UBNA_001/20220921_090000.WAV,Telephone Field,recover-20220922,001,1795
1687.1155,1687.1569,68437,82975,Rhinolophus ferrumequinum,0.028,0.028,-1,Echolocation,/mnt/ubna_data_02_mir/recover-20220922/UBNA_001/20220921_090000.WAV,Telephone Field,recover-20220922,001,1795
1687.1395,1687.1498,51250,55627,Pipistrellus pipistrellus,0.019,0.026,-1,Echolocation,/mnt/ubna_data_02_mir/recover-20220922/UBNA_001/20220921_090000.WAV,Telephone Field,recover-20220922,001,1795
1687.1435,1687.1505,27187,39737,Eptesicus serotinus,0.006,0.027,-1,Echolocation,/mnt/ubna_data_02_mir/recover-20220922/UBNA_001/20220921_090000.WAV,Telephone Field,recover-20220922,001,1795
1687.1545,1687.1648,22890,28487,Nyctalus leisleri,0.01,0.022,-1,Echolocation,/mnt/ubna_data_02_mir/recover-20220922/UBNA_001/20220921_090000.WAV,Telephone Field,recover-20220922,001,1795
1687.1595,1687.1966,68437,81519,Rhinolophus ferrumequinum,0.024,0.024,-1,Echolocation,/mnt/ubna_data_02_mir/recover-20220922/UBNA_001/20220921_090000.WAV,Telephone Field,recover-20220922,001,1795
1687.1715,1687.1824,28046,36452,Eptesicus serotinus,0.014,0.03,-1,Echolocation,/mnt/ubna_data_02_mir/recover-20220922/UBNA_001/20220921_090000.WAV,Telephone Field,recover-20220922,001,1795
1687.1855,1687.2272,68437,82838,Rhinolophus ferrumequinum,0.024,0.024,-1,Echolocation,/mnt/ubna_data_02_mir/recover-20220922/UBNA_001/20220921_090000.WAV,Telephone Field,recover-20220922,001,1795
1687.2035,1687.242,68437,82351,Rhinolophus ferrumequinum,0.023,0.023,-1,Echolocation,/mnt/ubna_data_02_mir/recover-20220922/UBNA_001/20220921_090000.WAV,Telephone Field,recover-20220922,001,1795
1687.2575,1687.2681,46093,50801,Pipistrellus pipistrellus,0.024,0.027,-1,Echolocation,/mnt/ubna_data_02_mir/recover-20220922/UBNA_001/20220921_090000.WAV,Telephone Field,recover-20220922,001,1795
1687.2895,1687.3283,68437,82214,Rhinolophus ferrumequinum,0.028,0.028,-1,Echolocation,/mnt/ubna_data_02_mir/recover-20220922/UBNA_001/20220921_090000.WAV,Telephone Field,recover-20220922,001,1795
1687.2965,1687.3068,22890,28526,Nyctalus leisleri,0.01,0.022,-1,Echolocation,/mnt/ubna_data_02_mir/recover-20220922/UBNA_001/20220921_090000.WAV,Telephone Field,recover-20220922,001,1795
1687.3215,1687.3306,48671,51874,Pipistrellus pipistrellus,0.03,0.031,-1,Echolocation,/mnt/ubna_data_02_mir/recover-20220922/UBNA_001/20220921_090000.WAV,Telephone Field,recover-20220922,001,1795
1687.3305,1687.3727,68437,82067,Rhinolophus ferrumequinum,0.031,0.031,-1,Echolocation,/mnt/ubna_data_02_mir/recover-20220922/UBNA_001/20220921_090000.WAV,Telephone Field,recover-20220922,001,1795
1687.3355,1687.3442,28906,36823,Eptesicus serotinus,0.008,0.023,-1,Echolocation,/mnt/ubna_data_02_mir/recover-20220922/UBNA_001/20220921_090000.WAV,Telephone Field,recover-20220922,001,1795
1687.3565,1687.3672,24609,31328,Nyctalus leisleri,0.009,0.025,-1,Echolocation,/mnt/ubna_data_02_mir/recover-20220922/UBNA_001/20220921_090000.WAV,Telephone Field,recover-20220922,001,1795
1687.3645,1687.4019,68437,82317,Rhinolophus ferrumequinum,0.021,0.021,-1,Echolocation,/mnt/ubna_data_02_mir/recover-20220922/UBNA_001/20220921_090000.WAV,Telephone Field,recover-20220922,001,1795
1687.3815,1687.3887,26328,36902,Eptesicus serotinus,0.006,0.022,-1,Echolocation,/mnt/ubna_data_02_mir/recover-20220922/UBNA_001/20220921_090000.WAV,Telephone Field,recover-20220922,001,1795
1687.3975,1687.4343,68437,81553,Rhinolophus ferrumequinum,0.024,0.024,-1,Echolocation,/mnt/ubna_data_02_mir/recover-20220922/UBNA_001/20220921_090000.WAV,Telephone Field,recover-20220922,001,1795
1687.4235,1687.4631,68437,82255,Rhinolophus ferrumequinum,0.023,0.023,-1,Echolocation,/mnt/ubna_data_02_mir/recover-20220922/UBNA_001/20220921_090000.WAV,Telephone Field,recover-20220922,001,1795
1687.4535,1687.4938,68437,82394,Rhinolophus ferrumequinum,0.023,0.023,-1,Echolocation,/mnt/ubna_data_02_mir/recover-20220922/UBNA_001/20220921_090000.WAV,Telephone Field,recover-20220922,001,1795
1687.5115,1687.55,68437,82411,Rhinolophus ferrumequinum,0.023,0.023,-1,Echolocation,/mnt/ubna_data_02_mir/recover-20220922/UBNA_001/20220921_090000.WAV,Telephone Field,recover-20220922,001,1795
1687.5155,1687.525,49531,54172,Pipistrellus pipistrellus,0.024,0.028,-1,Echolocation,/mnt/ubna_data_02_mir/recover-20220922/UBNA_001/20220921_090000.WAV,Telephone Field,recover-20220922,001,1795
1687.5235,1687.5634,68437,82779,Rhinolophus ferrumequinum,0.023,0.023,-1,Echolocation,/mnt/ubna_data_02_mir/recover-20220922/UBNA_001/20220921_090000.WAV,Telephone Field,recover-20220922,001,1795
1687.5445,1687.5865,68437,82021,Rhinolophus ferrumequinum,0.023,0.023,-1,Echolocation,/mnt/ubna_data_02_mir/recover-20220922/UBNA_001/20220921_090000.WAV,Telephone Field,recover-20220922,001,1795
1687.5635,1687.5725,28046,36252,Eptesicus serotinus,0.008,0.022,-1,Echolocation,/mnt/ubna_data_02_mir/recover-20220922/UBNA_001/20220921_090000.WAV,Telephone Field,recover-20220922,001,1795
1687.6195,1687.6287,38359,47002,Myotis daubentonii,0.008,0.022,-1,Echolocation,/mnt/ubna_data_02_mir/recover-20220922/UBNA_001/20220921_090000.WAV,Telephone Field,recover-20220922,001,1795
1687.6395,1687.6779,68437,82213,Rhinolophus ferrumequinum,0.023,0.023,-1,Echolocation,/mnt/ubna_data_02_mir/recover-20220922/UBNA_001/20220921_090000.WAV,Telephone Field,recover-20220922,001,1795
1687.6605,1687.681,20312,23158,Nyctalus leisleri,0.015,0.025,-1,Echolocation,/mnt/ubna_data_02_mir/recover-20220922/UBNA_001/20220921_090000.WAV,Telephone Field,recover-20220922,001,1795
1687.6875,1687.7232,68437,81716,Rhinolophus ferrumequinum,0.025,0.025,-1,Echolocation,/mnt/ubna_data_02_mir/recover-20220922/UBNA_001/20220921_090000.WAV,Telephone Field,recover-20220922,001,1795
1687.7425,1687.7513,25468,35055,Eptesicus serotinus,0.007,0.023,-1,Echolocation,/mnt/ubna_data_02_mir/recover-20220922/UBNA_001/20220921_090000.WAV,Telephone Field,recover-20220922,001,1795
1687.7515,1687.7883,68437,82575,Rhinolophus ferrumequinum,0.022,0.022,-1,Echolocation,/mnt/ubna_data_02_mir/recover-20220922/UBNA_001/20220921_090000.WAV,Telephone Field,recover-20220922,001,1795
1687.8635,1687.9079,68437,83430,Rhinolophus ferrumequinum,0.039,0.039,-1,Echolocation,/mnt/ubna_data_02_mir/recover-20220922/UBNA_001/20220921_090000.WAV,Telephone Field,recover-20220922,001,1795
1687.8675,1687.876,33203,53289,Myotis daubentonii,0.007,0.022,-1,Echolocation,/mnt/ubna_data_02_mir/recover-20220922/UBNA_001/20220921_090000.WAV,Telephone Field,recover-20220922,001,1795
1687.8675,1687.8751,28046,46797,Eptesicus serotinus,0.007,0.022,-1,Echolocation,/mnt/ubna_data_02_mir/recover-20220922/UBNA_001/20220921_090000.WAV,Telephone Field,recover-20220922,001,1795
1687.8735,1687.9162,68437,83053,Rhinolophus ferrumequinum,0.034,0.034,-1,Echolocation,/mnt/ubna_data_02_mir/recover-20220922/UBNA_001/20220921_090000.WAV,Telephone Field,recover-20220922,001,1795
1687.9015,1687.9112,22890,29064,Nyctalus leisleri,0.008,0.024,-1,Echolocation,/mnt/ubna_data_02_mir/recover-20220922/UBNA_001/20220921_090000.WAV,Telephone Field,recover-20220922,001,1795
1687.9425,1687.9823,68437,82396,Rhinolophus ferrumequinum,0.023,0.023,-1,Echolocation,/mnt/ubna_data_02_mir/recover-20220922/UBNA_001/20220921_090000.WAV,Telephone Field,recover-20220922,001,1795
1688.0015,1688.0087,24609,36100,Plecotus austriacus,0.005,0.024,-1,Echolocation,/mnt/ubna_data_02_mir/recover-20220922/UBNA_001/20220921_090000.WAV,Telephone Field,recover-20220922,001,1795
1688.0015,1688.0333,68437,80643,Rhinolophus ferrumequinum,0.033,0.033,-1,Echolocation,/mnt/ubna_data_02_mir/recover-20220922/UBNA_001/20220921_090000.WAV,Telephone Field,recover-20220922,001,1795
1688.0105,1688.0496,68437,81448,Rhinolophus ferrumequinum,0.021,0.021,-1,Echolocation,/mnt/ubna_data_02_mir/recover-20220922/UBNA_001/20220921_090000.WAV,Telephone Field,recover-20220922,001,1795
1688.0235,1688.031,24609,33116,Plecotus austriacus,0.012,0.032,-1,Echolocation,/mnt/ubna_data_02_mir/recover-20220922/UBNA_001/20220921_090000.WAV,Telephone Field,recover-20220922,001,1795
1688.0595,1688.0696,28906,36633,Eptesicus serotinus,0.008,0.021,-1,Echolocation,/mnt/ubna_data_02_mir/recover-20220922/UBNA_001/20220921_090000.WAV,Telephone Field,recover-20220922,001,1795
1688.1435,1688.1533,28046,35995,Eptesicus serotinus,0.009,0.021,-1,Echolocation,/mnt/ubna_data_02_mir/recover-20220922/UBNA_001/20220921_090000.WAV,Telephone Field,recover-20220922,001,1795
1688.1905,1688.2,28906,37753,Eptesicus serotinus,0.009,0.023,-1,Echolocation,/mnt/ubna_data_02_mir/recover-20220922/UBNA_001/20220921_090000.WAV,Telephone Field,recover-20220922,001,1795
1688.1915,1688.2293,68437,81771,Rhinolophus ferrumequinum,0.021,0.021,-1,Echolocation,/mnt/ubna_data_02_mir/recover-20220922/UBNA_001/20220921_090000.WAV,Telephone Field,recover-20220922,001,1795
1688.2135,1688.2526,68437,82579,Rhinolophus ferrumequinum,0.022,0.022,-1,Echolocation,/mnt/ubna_data_02_mir/recover-20220922/UBNA_001/20220921_090000.WAV,Telephone Field,recover-20220922,001,1795
1688.2275,1688.2641,68437,81785,Rhinolophus ferrumequinum,0.023,0.023,-1,Echolocation,/mnt/ubna_data_02_mir/recover-20220922/UBNA_001/20220921_090000.WAV,Telephone Field,recover-20220922,001,1795
1688.2395,1688.2783,68437,82015,Rhinolophus ferrumequinum,0.022,0.022,-1,Echolocation,/mnt/ubna_data_02_mir/recover-20220922/UBNA_001/20220921_090000.WAV,Telephone Field,recover-20220922,001,1795
1688.2455,1688.2661,19453,22293,Nyctalus leisleri,0.013,0.023,-1,Echolocation,/mnt/ubna_data_02_mir/recover-20220922/UBNA_001/20220921_090000.WAV,Telephone Field,recover-20220922,001,1795
1688.2515,1688.2897,68437,81712,Rhinolophus ferrumequinum,0.021,0.021,-1,Echolocation,/mnt/ubna_data_02_mir/recover-20220922/UBNA_001/20220921_090000.WAV,Telephone Field,recover-20220922,001,1795
1688.2925,1688.3332,68437,82411,Rhinolophus ferrumequinum,0.041,0.041,-1,Echolocation,/mnt/ubna_data_02_mir/recover-20220922/UBNA_001/20220921_090000.WAV,Telephone Field,recover-20220922,001,1795
1688.3025,1688.3091,26328,36745,Plecotus auritus,0.008,0.029,-1,Echolocation,/mnt/ubna_data_02_mir/recover-20220922/UBNA_001/20220921_090000.WAV,Telephone Field,recover-20220922,001,1795
1688.3165,1688.3568,68437,82446,Rhinolophus ferrumequinum,0.024,0.024,-1,Echolocation,/mnt/ubna_data_02_mir/recover-20220922/UBNA_001/20220921_090000.WAV,Telephone Field,recover-20220922,001,1795
1688.3265,1688.3662,68437,82365,Rhinolophus ferrumequinum,0.025,0.025,-1,Echolocation,/mnt/ubna_data_02_mir/recover-20220922/UBNA_001/20220921_090000.WAV,Telephone Field,recover-20220922,001,1795
1688.3585,1688.3965,68437,81505,Rhinolophus ferrumequinum,0.022,0.022,-1,Echolocation,/mnt/ubna_data_02_mir/recover-20220922/UBNA_001/20220921_090000.WAV,Telephone Field,recover-20220922,001,1795
1688.3665,1688.3746,46953,52321,Pipistrellus pipistrellus,0.023,0.025,-1,Echolocation,/mnt/ubna_data_02_mir/recover-20220922/UBNA_001/20220921_090000.WAV,Telephone Field,recover-20220922,001,1795
1688.3665,1688.4068,68437,82608,Rhinolophus ferrumequinum,0.022,0.023,-1,Echolocation,/mnt/ubna_data_02_mir/recover-20220922/UBNA_001/20220921_090000.WAV,Telephone Field,recover-20220922,001,1795
1688.3995,1688.4398,68437,82377,Rhinolophus ferrumequinum,0.021,0.022,-1,Echolocation,/mnt/ubna_data_02_mir/recover-20220922/UBNA_001/20220921_090000.WAV,Telephone Field,recover-20220922,001,1795
1688.4025,1688.4109,28046,38159,Eptesicus serotinus,0.009,0.024,-1,Echolocation,/mnt/ubna_data_02_mir/recover-20220922/UBNA_001/20220921_090000.WAV,Telephone Field,recover-20220922,001,1795
1688.4225,1688.4632,68437,82625,Rhinolophus ferrumequinum,0.023,0.023,-1,Echolocation,/mnt/ubna_data_02_mir/recover-20220922/UBNA_001/20220921_090000.WAV,Telephone Field,recover-20220922,001,1795
1688.4295,1688.4416,24609,31092,Eptesicus serotinus,0.01,0.026,-1,Echolocation,/mnt/ubna_data_02_mir/recover-20220922/UBNA_001/20220921_090000.WAV,Telephone Field,recover-20220922,001,1795
1688.4315,1688.4713,68437,82579,Rhinolophus ferrumequinum,0.021,0.021,-1,Echolocation,/mnt/ubna_data_02_mir/recover-20220922/UBNA_001/20220921_090000.WAV,Telephone Field,recover-20220922,001,1795
1688.4325,1688.4409,48671,55139,Pipistrellus pipistrellus,0.021,0.024,-1,Echolocation,/mnt/ubna_data_02_mir/recover-20220922/UBNA_001/20220921_090000.WAV,Telephone Field,recover-20220922,001,1795
1688.5115,1688.5503,68437,81990,Rhinolophus ferrumequinum,0.021,0.021,-1,Echolocation,/mnt/ubna_data_02_mir/recover-20220922/UBNA_001/20220921_090000.WAV,Telephone Field,recover-20220922,001,1795
1688.5155,1688.524,27187,35440,Eptesicus serotinus,0.01,0.024,-1,Echolocation,/mnt/ubna_data_02_mir/recover-20220922/UBNA_001/20220921_090000.WAV,Telephone Field,recover-20220922,001,1795
1688.5185,1688.5577,68437,82597,Rhinolophus ferrumequinum,0.021,0.021,-1,Echolocation,/mnt/ubna_data_02_mir/recover-20220922/UBNA_001/20220921_090000.WAV,Telephone Field,recover-20220922,001,1795
1688.5355,1688.5438,28046,38008,Eptesicus serotinus,0.008,0.022,-1,Echolocation,/mnt/ubna_data_02_mir/recover-20220922/UBNA_001/20220921_090000.WAV,Telephone Field,recover-20220922,001,1795
1688.5705,1688.609,68437,81811,Rhinolophus ferrumequinum,0.022,0.022,-1,Echolocation,/mnt/ubna_data_02_mir/recover-20220922/UBNA_001/20220921_090000.WAV,Telephone Field,recover-20220922,001,1795
1688.5725,1688.5837,23750,29282,Nyctalus leisleri,0.011,0.024,-1,Echolocation,/mnt/ubna_data_02_mir/recover-20220922/UBNA_001/20220921_090000.WAV,Telephone Field,recover-20220922,001,1795
1688.5945,1688.6355,68437,82423,Rhinolophus ferrumequinum,0.024,0.024,-1,Echolocation,/mnt/ubna_data_02_mir/recover-20220922/UBNA_001/20220921_090000.WAV,Telephone Field,recover-20220922,001,1795
1688.6125,1688.6498,68437,81320,Rhinolophus ferrumequinum,0.021,0.021,-1,Echolocation,/mnt/ubna_data_02_mir/recover-20220922/UBNA_001/20220921_090000.WAV,Telephone Field,recover-20220922,001,1795
1688.6205,1688.6306,22890,28241,Nyctalus leisleri,0.009,0.022,-1,Echolocation,/mnt/ubna_data_02_mir/recover-20220922/UBNA_001/20220921_090000.WAV,Telephone Field,recover-20220922,001,1795
1688.6325,1688.6723,68437,82139,Rhinolophus ferrumequinum,0.024,0.024,-1,Echolocation,/mnt/ubna_data_02_mir/recover-20220922/UBNA_001/20220921_090000.WAV,Telephone Field,recover-20220922,001,1795
1688.6505,1688.6907,68437,82124,Rhinolophus ferrumequinum,0.022,0.022,-1,Echolocation,/mnt/ubna_data_02_mir/recover-20220922/UBNA_001/20220921_090000.WAV,Telephone Field,recover-20220922,001,1795
1688.6795,1688.7175,68437,82213,Rhinolophus ferrumequinum,0.022,0.022,-1,Echolocation,/mnt/ubna_data_02_mir/recover-20220922/UBNA_001/20220921_090000.WAV,Telephone Field,recover-20220922,001,1795
1688.7965,1688.8075,37500,43377,Pipistrellus nathusii,0.012,0.024,-1,Echolocation,/mnt/ubna_data_02_mir/recover-20220922/UBNA_001/20220921_090000.WAV,Telephone Field,recover-20220922,001,1795
1688.8155,1688.8548,68437,81552,Rhinolophus ferrumequinum,0.021,0.021,-1,Echolocation,/mnt/ubna_data_02_mir/recover-20220922/UBNA_001/20220921_090000.WAV,Telephone Field,recover-20220922,001,1795
1688.8225,1688.8552,68437,80848,Rhinolophus ferrumequinum,0.025,0.025,-1,Echolocation,/mnt/ubna_data_02_mir/recover-20220922/UBNA_001/20220921_090000.WAV,Telephone Field,recover-20220922,001,1795
1688.8675,1688.8819,26328,31156,Eptesicus serotinus,0.013,0.032,-1,Echolocation,/mnt/ubna_data_02_mir/recover-20220922/UBNA_001/20220921_090000.WAV,Telephone Field,recover-20220922,001,1795
1688.8675,1688.9073,68437,82619,Rhinolophus ferrumequinum,0.023,0.023,-1,Echolocation,/mnt/ubna_data_02_mir/recover-20220922/UBNA_001/20220921_090000.WAV,Telephone Field,recover-20220922,001,1795
1688.9155,1688.9509,68437,81647,Rhinolophus ferrumequinum,0.023,0.023,-1,Echolocation,/mnt/ubna_data_02_mir/recover-20220922/UBNA_001/20220921_090000.WAV,Telephone Field,recover-20220922,001,1795
1688.9345,1688.9439,23750,31096,Nyctalus leisleri,0.012,0.036,-1,Echolocation,/mnt/ubna_data_02_mir/recover-20220922/UBNA_001/20220921_090000.WAV,Telephone Field,recover-20220922,001,1795
1688.9565,1688.9966,68437,82561,Rhinolophus ferrumequinum,0.025,0.025,-1,Echolocation,/mnt/ubna_data_02_mir/recover-20220922/UBNA_001/20220921_090000.WAV,Telephone Field,recover-20220922,001,1795
1688.9645,1688.9756,28906,36262,Eptesicus serotinus,0.011,0.026,-1,Echolocation,/mnt/ubna_data_02_mir/recover-20220922/UBNA_001/20220921_090000.WAV,Telephone Field,recover-20220922,001,1795
1688.9785,1689.022,68437,83203,Rhinolophus ferrumequinum,0.031,0.031,-1,Echolocation,/mnt/ubna_data_02_mir/recover-20220922/UBNA_001/20220921_090000.WAV,Telephone Field,recover-20220922,001,1795
1688.9845,1689.0284,68437,83590,Rhinolophus ferrumequinum,0.03,0.03,-1,Echolocation,/mnt/ubna_data_02_mir/recover-20220922/UBNA_001/20220921_090000.WAV,Telephone Field,recover-20220922,001,1795
1689.0025,1689.0107,23750,31832,Plecotus austriacus,0.008,0.022,-1,Echolocation,/mnt/ubna_data_02_mir/recover-20220922/UBNA_001/20220921_090000.WAV,Telephone Field,recover-20220922,001,1795
1689.0615,1689.1006,68437,82115,Rhinolophus ferrumequinum,0.023,0.023,-1,Echolocation,/mnt/ubna_data_02_mir/recover-20220922/UBNA_001/20220921_090000.WAV,Telephone Field,recover-20220922,001,1795
1689.0635,1689.0711,39218,47015,Barbastellus barbastellus,0.013,0.037,-1,Echolocation,/mnt/ubna_data_02_mir/recover-20220922/UBNA_001/20220921_090000.WAV,Telephone Field,recover-20220922,001,1795
1689.0655,1689.0729,30625,48643,Myotis daubentonii,0.01,0.03,-1,Echolocation,/mnt/ubna_data_02_mir/recover-20220922/UBNA_001/20220921_090000.WAV,Telephone Field,recover-20220922,001,1795
1689.0875,1689.1053,16015,22278,Nyctalus noctula,0.018,0.023,-1,Echolocation,/mnt/ubna_data_02_mir/recover-20220922/UBNA_001/20220921_090000.WAV,Telephone Field,recover-20220922,001,1795
1689.0875,1689.0959,27187,38418,Eptesicus serotinus,0.008,0.022,-1,Echolocation,/mnt/ubna_data_02_mir/recover-20220922/UBNA_001/20220921_090000.WAV,Telephone Field,recover-20220922,001,1795
1689.0975,1689.1062,26328,35293,Eptesicus serotinus,0.01,0.025,-1,Echolocation,/mnt/ubna_data_02_mir/recover-20220922/UBNA_001/20220921_090000.WAV,Telephone Field,recover-20220922,001,1795
1689.1155,1689.1264,22031,26993,Nyctalus leisleri,0.01,0.021,-1,Echolocation,/mnt/ubna_data_02_mir/recover-20220922/UBNA_001/20220921_090000.WAV,Telephone Field,recover-20220922,001,1795
1689.1505,1689.1874,68437,81858,Rhinolophus ferrumequinum,0.022,0.022,-1,Echolocation,/mnt/ubna_data_02_mir/recover-20220922/UBNA_001/20220921_090000.WAV,Telephone Field,recover-20220922,001,1795
1689.1635,1689.1736,47812,53320,Pipistrellus pipistrellus,0.02,0.023,-1,Echolocation,/mnt/ubna_data_02_mir/recover-20220922/UBNA_001/20220921_090000.WAV,Telephone Field,recover-20220922,001,1795
1689.1675,1689.1779,23750,30665,Nyctalus leisleri,0.008,0.023,-1,Echolocation,/mnt/ubna_data_02_mir/recover-20220922/UBNA_001/20220921_090000.WAV,Telephone Field,recover-20220922,001,1795
1689.2665,1689.3048,68437,82111,Rhinolophus ferrumequinum,0.021,0.021,-1,Echolocation,/mnt/ubna_data_02_mir/recover-20220922/UBNA_001/20220921_090000.WAV,Telephone Field,recover-20220922,001,1795
1689.2695,1689.2796,27187,34386,Eptesicus serotinus,0.014,0.028,-1,Echolocation,/mnt/ubna_data_02_mir/recover-20220922/UBNA_001/20220921_090000.WAV,Telephone Field,recover-20220922,001,1795
1689.3265,1689.3348,28906,39595,Eptesicus serotinus,0.009,0.025,-1,Echolocation,/mnt/ubna_data_02_mir/recover-20220922/UBNA_001/20220921_090000.WAV,Telephone Field,recover-20220922,001,1795
1689.3815,1689.4237,68437,82985,Rhinolophus ferrumequinum,0.026,0.026,-1,Echolocation,/mnt/ubna_data_02_mir/recover-20220922/UBNA_001/20220921_090000.WAV,Telephone Field,recover-20220922,001,1795
1689.3885,1689.4299,68437,83077,Rhinolophus ferrumequinum,0.024,0.024,-1,Echolocation,/mnt/ubna_data_02_mir/recover-20220922/UBNA_001/20220921_090000.WAV,Telephone Field,recover-20220922,001,1795
1689.4075,1689.418,28906,36834,Eptesicus serotinus,0.01,0.024,-1,Echolocation,/mnt/ubna_data_02_mir/recover-20220922/UBNA_001/20220921_090000.WAV,Telephone Field,recover-20220922,001,1795
1689.4445,1689.4575,22031,25653,Nyctalus leisleri,0.013,0.022,-1,Echolocation,/mnt/ubna_data_02_mir/recover-20220922/UBNA_001/20220921_090000.WAV,Telephone Field,recover-20220922,001,1795
1689.4565,1689.4939,68437,81390,Rhinolophus ferrumequinum,0.021,0.021,-1,Echolocation,/mnt/ubna_data_02_mir/recover-20220922/UBNA_001/20220921_090000.WAV,Telephone Field,recover-20220922,001,1795
1689.4675,1689.5073,68437,82653,Rhinolophus ferrumequinum,0.028,0.029,-1,Echolocation,/mnt/ubna_data_02_mir/recover-20220922/UBNA_001/20220921_090000.WAV,Telephone Field,recover-20220922,001,1795
1689.4885,1689.4981,28046,36270,Eptesicus serotinus,0.011,0.024,-1,Echolocation,/mnt/ubna_data_02_mir/recover-20220922/UBNA_001/20220921_090000.WAV,Telephone Field,recover-20220922,001,1795
1689.4925,1689.5336,68437,82318,Rhinolophus ferrumequinum,0.024,0.024,-1,Echolocation,/mnt/ubna_data_02_mir/recover-20220922/UBNA_001/20220921_090000.WAV,Telephone Field,recover-20220922,001,1795
1689.5025,1689.5433,68437,82911,Rhinolophus ferrumequinum,0.023,0.023,-1,Echolocation,/mnt/ubna_data_02_mir/recover-20220922/UBNA_001/20220921_090000.WAV,Telephone Field,recover-20220922,001,1795
1689.5515,1689.5921,68437,82757,Rhinolophus ferrumequinum,0.021,0.021,-1,Echolocation,/mnt/ubna_data_02_mir/recover-20220922/UBNA_001/20220921_090000.WAV,Telephone Field,recover-20220922,001,1795
1689.5875,1689.6236,68437,82044,Rhinolophus ferrumequinum,0.021,0.021,-1,Echolocation,/mnt/ubna_data_02_mir/recover-20220922/UBNA_001/20220921_090000.WAV,Telephone Field,recover-20220922,001,1795
1689.6335,1689.6707,68437,81402,Rhinolophus ferrumequinum,0.021,0.021,-1,Echolocation,/mnt/ubna_data_02_mir/recover-20220922/UBNA_001/20220921_090000.WAV,Telephone Field,recover-20220922,001,1795
1689.6705,1689.7069,68437,81422,Rhinolophus ferrumequinum,0.021,0.021,-1,Echolocation,/mnt/ubna_data_02_mir/recover-20220922/UBNA_001/20220921_090000.WAV,Telephone Field,recover-20220922,001,1795
1689.6845,1689.6922,23750,32514,Plecotus austriacus,0.02,0.041,-1,Echolocation,/mnt/ubna_data_02_mir/recover-20220922/UBNA_001/20220921_090000.WAV,Telephone Field,recover-20220922,001,1795
1689.6925,1689.7338,68437,82674,Rhinolophus ferrumequinum,0.024,0.024,-1,Echolocation,/mnt/ubna_data_02_mir/recover-20220922/UBNA_001/20220921_090000.WAV,Telephone Field,recover-20220922,001,1795
1689.7255,1689.7629,68437,81928,Rhinolophus ferrumequinum,0.021,0.021,-1,Echolocation,/mnt/ubna_data_02_mir/recover-20220922/UBNA_001/20220921_090000.WAV,Telephone Field,recover-20220922,001,1795
1689.7375,1689.7821,68437,83001,Rhinolophus ferrumequinum,0.034,0.034,-1,Echolocation,/mnt/ubna_data_02_mir/recover-20220922/UBNA_001/20220921_090000.WAV,Telephone Field,recover-20220922,001,1795
1689.7675,1689.8053,68437,82334,Rhinolophus ferrumequinum,0.021,0.021,-1,Echolocation,/mnt/ubna_data_02_mir/recover-20220922/UBNA_001/20220921_090000.WAV,Telephone Field,recover-20220922,001,1795
1689.7915,1689.8289,68437,81910,Rhinolophus ferrumequinum,0.027,0.027,-1,Echolocation,/mnt/ubna_data_02_mir/recover-20220922/UBNA_001/20220921_090000.WAV,Telephone Field,recover-20220922,001,1795
1689.8075,1689.8163,28046,38372,Eptesicus serotinus,0.007,0.022,-1,Echolocation,/mnt/ubna_data_02_mir/recover-20220922/UBNA_001/20220921_090000.WAV,Telephone Field,recover-20220922,001,1795
1689.8235,1689.8323,47812,52899,Pipistrellus pipistrellus,0.02,0.022,-1,Echolocation,/mnt/ubna_data_02_mir/recover-20220922/UBNA_001/20220921_090000.WAV,Telephone Field,recover-20220922,001,1795
1689.8815,1689.8889,25468,34600,Plecotus austriacus,0.007,0.023,-1,Echolocation,/mnt/ubna_data_02_mir/recover-20220922/UBNA_001/20220921_090000.WAV,Telephone Field,recover-20220922,001,1795
1689.8925,1689.9041,34921,39990,Pipistrellus nathusii,0.005,0.022,-1,Echolocation,/mnt/ubna_data_02_mir/recover-20220922/UBNA_001/20220921_090000.WAV,Telephone Field,recover-20220922,001,1795
1689.8955,1689.9339,68437,82421,Rhinolophus ferrumequinum,0.024,0.024,-1,Echolocation,/mnt/ubna_data_02_mir/recover-20220922/UBNA_001/20220921_090000.WAV,Telephone Field,recover-20220922,001,1795
1690.0015,1690.0147,48671,52302,Pipistrellus pipistrellus,0.048,0.057,-1,Echolocation,/mnt/ubna_data_02_mir/recover-20220922/UBNA_001/20220921_090000.WAV,Telephone Field,recover-20220922,001,1795
1690.0015,1690.0111,21171,27392,Nyctalus leisleri,0.01,0.029,-1,Echolocation,/mnt/ubna_data_02_mir/recover-20220922/UBNA_001/20220921_090000.WAV,Telephone Field,recover-20220922,001,1795
1690.0015,1690.0093,25468,35107,Nyctalus leisleri,0.007,0.026,-1,Echolocation,/mnt/ubna_data_02_mir/recover-20220922/UBNA_001/20220921_090000.WAV,Telephone Field,recover-20220922,001,1795
1690.0015,1690.0349,68437,79510,Rhinolophus ferrumequinum,0.053,0.053,-1,Echolocation,/mnt/ubna_data_02_mir/recover-20220922/UBNA_001/20220921_090000.WAV,Telephone Field,recover-20220922,001,1795
1690.0115,1690.053,68437,82586,Rhinolophus ferrumequinum,0.021,0.021,-1,Echolocation,/mnt/ubna_data_02_mir/recover-20220922/UBNA_001/20220921_090000.WAV,Telephone Field,recover-20220922,001,1795
1690.0225,1690.0323,28046,37829,Eptesicus serotinus,0.012,0.028,-1,Echolocation,/mnt/ubna_data_02_mir/recover-20220922/UBNA_001/20220921_090000.WAV,Telephone Field,recover-20220922,001,1795
1690.0455,1690.0805,68437,81245,Rhinolophus ferrumequinum,0.025,0.025,-1,Echolocation,/mnt/ubna_data_02_mir/recover-20220922/UBNA_001/20220921_090000.WAV,Telephone Field,recover-20220922,001,1795
1690.1165,1690.1315,23750,28656,Nyctalus leisleri,0.016,0.031,-1,Echolocation,/mnt/ubna_data_02_mir/recover-20220922/UBNA_001/20220921_090000.WAV,Telephone Field,recover-20220922,001,1795
1690.1315,1690.1663,68437,81513,Rhinolophus ferrumequinum,0.021,0.021,-1,Echolocation,/mnt/ubna_data_02_mir/recover-20220922/UBNA_001/20220921_090000.WAV,Telephone Field,recover-20220922,001,1795
1690.1485,1690.1888,68437,82390,Rhinolophus ferrumequinum,0.027,0.027,-1,Echolocation,/mnt/ubna_data_02_mir/recover-20220922/UBNA_001/20220921_090000.WAV,Telephone Field,recover-20220922,001,1795
1690.1575,1690.1772,21171,24495,Nyctalus leisleri,0.024,0.045,-1,Echolocation,/mnt/ubna_data_02_mir/recover-20220922/UBNA_001/20220921_090000.WAV,Telephone Field,recover-20220922,001,1795
1690.1655,1690.1726,28046,38057,Eptesicus serotinus,0.006,0.023,-1,Echolocation,/mnt/ubna_data_02_mir/recover-20220922/UBNA_001/20220921_090000.WAV,Telephone Field,recover-20220922,001,1795
1690.1785,1690.1847,47812,56515,Pipistrellus pipistrellus,0.021,0.023,-1,Echolocation,/mnt/ubna_data_02_mir/recover-20220922/UBNA_001/20220921_090000.WAV,Telephone Field,recover-20220922,001,1795
1690.1835,1690.1927,28046,38010,Eptesicus serotinus,0.01,0.024,-1,Echolocation,/mnt/ubna_data_02_mir/recover-20220922/UBNA_001/20220921_090000.WAV,Telephone Field,recover-20220922,001,1795
1690.1995,1690.2072,27187,42323,Eptesicus serotinus,0.008,0.025,-1,Echolocation,/mnt/ubna_data_02_mir/recover-20220922/UBNA_001/20220921_090000.WAV,Telephone Field,recover-20220922,001,1795
1690.2095,1690.248,68437,82365,Rhinolophus ferrumequinum,0.023,0.023,-1,Echolocation,/mnt/ubna_data_02_mir/recover-20220922/UBNA_001/20220921_090000.WAV,Telephone Field,recover-20220922,001,1795
1690.2305,1690.2724,68437,82653,Rhinolophus ferrumequinum,0.023,0.023,-1,Echolocation,/mnt/ubna_data_02_mir/recover-20220922/UBNA_001/20220921_090000.WAV,Telephone Field,recover-20220922,001,1795
1690.3315,1690.3399,28046,37712,Eptesicus serotinus,0.01,0.029,-1,Echolocation,/mnt/ubna_data_02_mir/recover-20220922/UBNA_001/20220921_090000.WAV,Telephone Field,recover-20220922,001,1795
1690.3835,1690.4232,68437,82383,Rhinolophus ferrumequinum,0.022,0.022,-1,Echolocation,/mnt/ubna_data_02_mir/recover-20220922/UBNA_001/20220921_090000.WAV,Telephone Field,recover-20220922,001,1795
1690.3935,1690.4319,68437,82228,Rhinolophus ferrumequinum,0.023,0.023,-1,Echolocation,/mnt/ubna_data_02_mir/recover-20220922/UBNA_001/20220921_090000.WAV,Telephone Field,recover-20220922,001,1795
1690.4115,1690.4507,68437,82161,Rhinolophus ferrumequinum,0.022,0.022,-1,Echolocation,/mnt/ubna_data_02_mir/recover-20220922/UBNA_001/20220921_090000.WAV,Telephone Field,recover-20220922,001,1795
1690.4175,1690.4345,21171,24493,Nyctalus leisleri,0.018,0.031,-1,Echolocation,/mnt/ubna_data_02_mir/recover-20220922/UBNA_001/20220921_090000.WAV,Telephone Field,recover-20220922,001,1795
1690.4305,1690.4682,68437,82437,Rhinolophus ferrumequinum,0.022,0.022,-1,Echolocation,/mnt/ubna_data_02_mir/recover-20220922/UBNA_001/20220921_090000.WAV,Telephone Field,recover-20220922,001,1795
1690.4435,1690.4826,68437,82589,Rhinolophus ferrumequinum,0.023,0.023,-1,Echolocation,/mnt/ubna_data_02_mir/recover-20220922/UBNA_001/20220921_090000.WAV,Telephone Field,recover-20220922,001,1795
1690.4745,1690.4812,27187,38145,Eptesicus serotinus,0.022,0.057,-1,Echolocation,/mnt/ubna_data_02_mir/recover-20220922/UBNA_001/20220921_090000.WAV,Telephone Field,recover-20220922,001,1795
1690.4835,1690.522,68437,81753,Rhinolophus ferrumequinum,0.022,0.022,-1,Echolocation,/mnt/ubna_data_02_mir/recover-20220922/UBNA_001/20220921_090000.WAV,Telephone Field,recover-20220922,001,1795
1690.5335,1690.5773,68437,83135,Rhinolophus ferrumequinum,0.03,0.03,-1,Echolocation,/mnt/ubna_data_02_mir/recover-20220922/UBNA_001/20220921_090000.WAV,Telephone Field,recover-20220922,001,1795
1690.5755,1690.6111,68437,82283,Rhinolophus ferrumequinum,0.026,0.026,-1,Echolocation,/mnt/ubna_data_02_mir/recover-20220922/UBNA_001/20220921_090000.WAV,Telephone Field,recover-20220922,001,1795
1690.6195,1690.659,68437,82267,Rhinolophus ferrumequinum,0.026,0.026,-1,Echolocation,/mnt/ubna_data_02_mir/recover-20220922/UBNA_001/20220921_090000.WAV,Telephone Field,recover-20220922,001,1795
1690.6355,1690.6738,68437,81938,Rhinolophus ferrumequinum,0.022,0.022,-1,Echolocation,/mnt/ubna_data_02_mir/recover-20220922/UBNA_001/20220921_090000.WAV,Telephone Field,recover-20220922,001,1795
1690.6415,1690.6493,26328,38290,Eptesicus serotinus,0.007,0.024,-1,Echolocation,/mnt/ubna_data_02_mir/recover-20220922/UBNA_001/20220921_090000.WAV,Telephone Field,recover-20220922,001,1795
1690.6525,1690.6628,26328,34046,Eptesicus serotinus,0.019,0.037,-1,Echolocation,/mnt/ubna_data_02_mir/recover-20220922/UBNA_001/20220921_090000.WAV,Telephone Field,recover-20220922,001,1795
1690.6645,1690.7036,68437,82308,Rhinolophus ferrumequinum,0.021,0.021,-1,Echolocation,/mnt/ubna_data_02_mir/recover-20220922/UBNA_001/20220921_090000.WAV,Telephone Field,recover-20220922,001,1795
1690.6905,1690.6987,28046,40436,Eptesicus serotinus,0.008,0.024,-1,Echolocation,/mnt/ubna_data_02_mir/recover-20220922/UBNA_001/20220921_090000.WAV,Telephone Field,recover-20220922,001,1795
1690.7215,1690.7615,68437,82262,Rhinolophus ferrumequinum,0.026,0.026,-1,Echolocation,/mnt/ubna_data_02_mir/recover-20220922/UBNA_001/20220921_090000.WAV,Telephone Field,recover-20220922,001,1795
1690.7365,1690.7431,47812,52187,Pipistrellus pipistrellus,0.042,0.043,-1,Echolocation,/mnt/ubna_data_02_mir/recover-20220922/UBNA_001/20220921_090000.WAV,Telephone Field,recover-20220922,001,1795
1690.7485,1690.7874,68437,81784,Rhinolophus ferrumequinum,0.022,0.022,-1,Echolocation,/mnt/ubna_data_02_mir/recover-20220922/UBNA_001/20220921_090000.WAV,Telephone Field,recover-20220922,001,1795
1690.7545,1690.7656,23750,29560,Nyctalus leisleri,0.009,0.022,-1,Echolocation,/mnt/ubna_data_02_mir/recover-20220922/UBNA_001/20220921_090000.WAV,Telephone Field,recover-20220922,001,1795
1690.7565,1690.7946,68437,82323,Rhinolophus ferrumequinum,0.022,0.022,-1,Echolocation,/mnt/ubna_data_02_mir/recover-20220922/UBNA_001/20220921_090000.WAV,Telephone Field,recover-20220922,001,1795
1690.7715,1690.7803,33203,44474,Myotis daubentonii,0.007,0.022,-1,Echolocation,/mnt/ubna_data_02_mir/recover-20220922/UBNA_001/20220921_090000.WAV,Telephone Field,recover-20220922,001,1795
1690.7745,1690.7836,27187,39099,Eptesicus serotinus,0.009,0.023,-1,Echolocation,/mnt/ubna_data_02_mir/recover-20220922/UBNA_001/20220921_090000.WAV,Telephone Field,recover-20220922,001,1795
1690.7975,1690.8397,68437,83022,Rhinolophus ferrumequinum,0.033,0.033,-1,Echolocation,/mnt/ubna_data_02_mir/recover-20220922/UBNA_001/20220921_090000.WAV,Telephone Field,recover-20220922,001,1795
1690.8115,1690.8498,68437,82081,Rhinolophus ferrumequinum,0.023,0.023,-1,Echolocation,/mnt/ubna_data_02_mir/recover-20220922/UBNA_001/20220921_090000.WAV,Telephone Field,recover-20220922,001,1795
1690.8125,1690.8218,27187,37104,Eptesicus serotinus,0.009,0.022,-1,Echolocation,/mnt/ubna_data_02_mir/recover-20220922/UBNA_001/20220921_090000.WAV,Telephone Field,recover-20220922,001,1795
1690.8365,1690.8462,24609,31148,Nyctalus leisleri,0.009,0.023,-1,Echolocation,/mnt/ubna_data_02_mir/recover-20220922/UBNA_001/20220921_090000.WAV,Telephone Field,recover-20220922,001,1795
1690.8605,1690.8980999999999,68437,81881,Rhinolophus ferrumequinum,0.022,0.023,-1,Echolocation,/mnt/ubna_data_02_mir/recover-20220922/UBNA_001/20220921_090000.WAV,Telephone Field,recover-20220922,001,1795
1690.8615,1690.8726,22890,27719,Nyctalus leisleri,0.011,0.024,-1,Echolocation,/mnt/ubna_data_02_mir/recover-20220922/UBNA_001/20220921_090000.WAV,Telephone Field,recover-20220922,001,1795
1690.8675,1690.9063,68437,81917,Rhinolophus ferrumequinum,0.023,0.023,-1,Echolocation,/mnt/ubna_data_02_mir/recover-20220922/UBNA_001/20220921_090000.WAV,Telephone Field,recover-20220922,001,1795
1690.9035,1690.9415,68437,82143,Rhinolophus ferrumequinum,0.021,0.021,-1,Echolocation,/mnt/ubna_data_02_mir/recover-20220922/UBNA_001/20220921_090000.WAV,Telephone Field,recover-20220922,001,1795
1690.9115,1690.9198,28906,38852,Eptesicus serotinus,0.008,0.025,-1,Echolocation,/mnt/ubna_data_02_mir/recover-20220922/UBNA_001/20220921_090000.WAV,Telephone Field,recover-20220922,001,1795
1690.9305,1690.938,27187,39174,Eptesicus serotinus,0.006,0.022,-1,Echolocation,/mnt/ubna_data_02_mir/recover-20220922/UBNA_001/20220921_090000.WAV,Telephone Field,recover-20220922,001,1795
1691.0085,1691.0495,68437,82276,Rhinolophus ferrumequinum,0.022,0.022,-1,Echolocation,/mnt/ubna_data_02_mir/recover-20220922/UBNA_001/20220921_090000.WAV,Telephone Field,recover-20220922,001,1795
1691.0395,1691.0801,68437,82017,Rhinolophus ferrumequinum,0.022,0.022,-1,Echolocation,/mnt/ubna_data_02_mir/recover-20220922/UBNA_001/20220921_090000.WAV,Telephone Field,recover-20220922,001,1795
1691.0495,1691.0562,28046,38968,Eptesicus serotinus,0.006,0.025,-1,Echolocation,/mnt/ubna_data_02_mir/recover-20220922/UBNA_001/20220921_090000.WAV,Telephone Field,recover-20220922,001,1795
1691.0865,1691.124,68437,81848,Rhinolophus ferrumequinum,0.025,0.025,-1,Echolocation,/mnt/ubna_data_02_mir/recover-20220922/UBNA_001/20220921_090000.WAV,Telephone Field,recover-20220922,001,1795
1691.0945,1691.1341,68437,82564,Rhinolophus ferrumequinum,0.023,0.023,-1,Echolocation,/mnt/ubna_data_02_mir/recover-20220922/UBNA_001/20220921_090000.WAV,Telephone Field,recover-20220922,001,1795
1691.1115,1691.1194,28046,39267,Eptesicus serotinus,0.007,0.021,-1,Echolocation,/mnt/ubna_data_02_mir/recover-20220922/UBNA_001/20220921_090000.WAV,Telephone Field,recover-20220922,001,1795
1691.1575,1691.1956,68437,82533,Rhinolophus ferrumequinum,0.022,0.022,-1,Echolocation,/mnt/ubna_data_02_mir/recover-20220922/UBNA_001/20220921_090000.WAV,Telephone Field,recover-20220922,001,1795
1691.1685,1691.1761,26328,39316,Eptesicus serotinus,0.008,0.028,-1,Echolocation,/mnt/ubna_data_02_mir/recover-20220922/UBNA_001/20220921_090000.WAV,Telephone Field,recover-20220922,001,1795
1691.1775,1691.1909,29765,34863,Eptesicus serotinus,0.024,0.043,-1,Echolocation,/mnt/ubna_data_02_mir/recover-20220922/UBNA_001/20220921_090000.WAV,Telephone Field,recover-20220922,001,1795
1691.1835,1691.189,36640,64736,Myotis brandtii,0.008,0.023,-1,Echolocation,/mnt/ubna_data_02_mir/recover-20220922/UBNA_001/20220921_090000.WAV,Telephone Field,recover-20220922,001,1795
1691.1915,1691.2305,68437,82469,Rhinolophus ferrumequinum,0.022,0.022,-1,Echolocation,/mnt/ubna_data_02_mir/recover-20220922/UBNA_001/20220921_090000.WAV,Telephone Field,recover-20220922,001,1795
1691.1965,1691.2066,22890,27592,Nyctalus leisleri,0.011,0.022,-1,Echolocation,/mnt/ubna_data_02_mir/recover-20220922/UBNA_001/20220921_090000.WAV,Telephone Field,recover-20220922,001,1795
1691.2035,1691.2427,68437,82456,Rhinolophus ferrumequinum,0.022,0.022,-1,Echolocation,/mnt/ubna_data_02_mir/recover-20220922/UBNA_001/20220921_090000.WAV,Telephone Field,recover-20220922,001,1795
1691.2195,1691.228,27187,37009,Eptesicus serotinus,0.01,0.025,-1,Echolocation,/mnt/ubna_data_02_mir/recover-20220922/UBNA_001/20220921_090000.WAV,Telephone Field,recover-20220922,001,1795
1691.2325,1691.2719,68437,82209,Rhinolophus ferrumequinum,0.022,0.022,-1,Echolocation,/mnt/ubna_data_02_mir/recover-20220922/UBNA_001/20220921_090000.WAV,Telephone Field,recover-20220922,001,1795
1691.2475,1691.2594,24609,30601,Nyctalus leisleri,0.017,0.042,-1,Echolocation,/mnt/ubna_data_02_mir/recover-20220922/UBNA_001/20220921_090000.WAV,Telephone Field,recover-20220922,001,1795
1691.2755,1691.3147,68437,82212,Rhinolophus ferrumequinum,0.027,0.027,-1,Echolocation,/mnt/ubna_data_02_mir/recover-20220922/UBNA_001/20220921_090000.WAV,Telephone Field,recover-20220922,001,1795
1691.2955,1691.3298,68437,80639,Rhinolophus ferrumequinum,0.022,0.022,-1,Echolocation,/mnt/ubna_data_02_mir/recover-20220922/UBNA_001/20220921_090000.WAV,Telephone Field,recover-20220922,001,1795
1691.3045,1691.3153,22031,27012,Nyctalus leisleri,0.012,0.024,-1,Echolocation,/mnt/ubna_data_02_mir/recover-20220922/UBNA_001/20220921_090000.WAV,Telephone Field,recover-20220922,001,1795
1691.3055,1691.3126,26328,38131,Myotis nattereri,0.006,0.023,-1,Echolocation,/mnt/ubna_data_02_mir/recover-20220922/UBNA_001/20220921_090000.WAV,Telephone Field,recover-20220922,001,1795
1691.3075,1691.3457,68437,82362,Rhinolophus ferrumequinum,0.021,0.021,-1,Echolocation,/mnt/ubna_data_02_mir/recover-20220922/UBNA_001/20220921_090000.WAV,Telephone Field,recover-20220922,001,1795
1691.3315,1691.3435,23750,29123,Nyctalus leisleri,0.013,0.027,-1,Echolocation,/mnt/ubna_data_02_mir/recover-20220922/UBNA_001/20220921_090000.WAV,Telephone Field,recover-20220922,001,1795
1691.3715,1691.4096,68437,81945,Rhinolophus ferrumequinum,0.022,0.022,-1,Echolocation,/mnt/ubna_data_02_mir/recover-20220922/UBNA_001/20220921_090000.WAV,Telephone Field,recover-20220922,001,1795
1691.3865,1691.422,68437,80875,Rhinolophus ferrumequinum,0.021,0.021,-1,Echolocation,/mnt/ubna_data_02_mir/recover-20220922/UBNA_001/20220921_090000.WAV,Telephone Field,recover-20220922,001,1795
1691.3945,1691.4284,68437,81023,Rhinolophus ferrumequinum,0.022,0.022,-1,Echolocation,/mnt/ubna_data_02_mir/recover-20220922/UBNA_001/20220921_090000.WAV,Telephone Field,recover-20220922,001,1795
1691.4065,1691.4451,68437,82213,Rhinolophus ferrumequinum,0.023,0.023,-1,Echolocation,/mnt/ubna_data_02_mir/recover-20220922/UBNA_001/20220921_090000.WAV,Telephone Field,recover-20220922,001,1795
1691.4465,1691.4594,23750,29670,Nyctalus leisleri,0.013,0.03,-1,Echolocation,/mnt/ubna_data_02_mir/recover-20220922/UBNA_001/20220921_090000.WAV,Telephone Field,recover-20220922,001,1795
1691.4485,1691.4874,68437,81755,Rhinolophus ferrumequinum,0.024,0.024,-1,Echolocation,/mnt/ubna_data_02_mir/recover-20220922/UBNA_001/20220921_090000.WAV,Telephone Field,recover-20220922,001,1795
1691.4485,1691.4585,42656,47711,Pipistrellus pipistrellus,0.023,0.027,-1,Echolocation,/mnt/ubna_data_02_mir/recover-20220922/UBNA_001/20220921_090000.WAV,Telephone Field,recover-20220922,001,1795
1691.4665,1691.5067,68437,83132,Rhinolophus ferrumequinum,0.026,0.026,-1,Echolocation,/mnt/ubna_data_02_mir/recover-20220922/UBNA_001/20220921_090000.WAV,Telephone Field,recover-20220922,001,1795
1691.4845,1691.5226,68437,82931,Rhinolophus ferrumequinum,0.024,0.024,-1,Echolocation,/mnt/ubna_data_02_mir/recover-20220922/UBNA_001/20220921_090000.WAV,Telephone Field,recover-20220922,001,1795
1691.5225,1691.5638,68437,82974,Rhinolophus ferrumequinum,0.024,0.024,-1,Echolocation,/mnt/ubna_data_02_mir/recover-20220922/UBNA_001/20220921_090000.WAV,Telephone Field,recover-20220922,001,1795
1691.5345,1691.5426,28046,37418,Eptesicus serotinus,0.011,0.028,-1,Echolocation,/mnt/ubna_data_02_mir/recover-20220922/UBNA_001/20220921_090000.WAV,Telephone Field,recover-20220922,001,1795
1691.5605,1691.5678,26328,37609,Eptesicus serotinus,0.006,0.021,-1,Echolocation,/mnt/ubna_data_02_mir/recover-20220922/UBNA_001/20220921_090000.WAV,Telephone Field,recover-20220922,001,1795
1691.5685,1691.6086,68437,82734,Rhinolophus ferrumequinum,0.023,0.023,-1,Echolocation,/mnt/ubna_data_02_mir/recover-20220922/UBNA_001/20220921_090000.WAV,Telephone Field,recover-20220922,001,1795
1691.6145,1691.6252,28906,36676,Eptesicus serotinus,0.012,0.026,-1,Echolocation,/mnt/ubna_data_02_mir/recover-20220922/UBNA_001/20220921_090000.WAV,Telephone Field,recover-20220922,001,1795
1691.6435,1691.6855,68437,83259,Rhinolophus ferrumequinum,0.024,0.024,-1,Echolocation,/mnt/ubna_data_02_mir/recover-20220922/UBNA_001/20220921_090000.WAV,Telephone Field,recover-20220922,001,1795
1691.6645,1691.6997,68437,81699,Rhinolophus ferrumequinum,0.022,0.023,-1,Echolocation,/mnt/ubna_data_02_mir/recover-20220922/UBNA_001/20220921_090000.WAV,Telephone Field,recover-20220922,001,1795
1691.6945,1691.7007,25468,41674,Plecotus austriacus,0.006,0.027,-1,Echolocation,/mnt/ubna_data_02_mir/recover-20220922/UBNA_001/20220921_090000.WAV,Telephone Field,recover-20220922,001,1795
1691.7075,1691.7487,68437,82717,Rhinolophus ferrumequinum,0.027,0.027,-1,Echolocation,/mnt/ubna_data_02_mir/recover-20220922/UBNA_001/20220921_090000.WAV,Telephone Field,recover-20220922,001,1795
1691.7775,1691.8147,68437,82718,Rhinolophus ferrumequinum,0.03,0.03,-1,Echolocation,/mnt/ubna_data_02_mir/recover-20220922/UBNA_001/20220921_090000.WAV,Telephone Field,recover-20220922,001,1795
1691.8105,1691.8513,68437,82683,Rhinolophus ferrumequinum,0.021,0.021,-1,Echolocation,/mnt/ubna_data_02_mir/recover-20220922/UBNA_001/20220921_090000.WAV,Telephone Field,recover-20220922,001,1795
1691.8245,1691.8314,27187,42734,Eptesicus serotinus,0.006,0.022,-1,Echolocation,/mnt/ubna_data_02_mir/recover-20220922/UBNA_001/20220921_090000.WAV,Telephone Field,recover-20220922,001,1795
1691.8605,1691.899,68437,82752,Rhinolophus ferrumequinum,0.026,0.026,-1,Echolocation,/mnt/ubna_data_02_mir/recover-20220922/UBNA_001/20220921_090000.WAV,Telephone Field,recover-20220922,001,1795
1691.8895,1691.9288,68437,82000,Rhinolophus ferrumequinum,0.022,0.022,-1,Echolocation,/mnt/ubna_data_02_mir/recover-20220922/UBNA_001/20220921_090000.WAV,Telephone Field,recover-20220922,001,1795
1691.9155,1691.9221,24609,34948,Plecotus austriacus,0.014,0.034,-1,Echolocation,/mnt/ubna_data_02_mir/recover-20220922/UBNA_001/20220921_090000.WAV,Telephone Field,recover-20220922,001,1795
1691.9425,1691.9832,68437,82463,Rhinolophus ferrumequinum,0.025,0.025,-1,Echolocation,/mnt/ubna_data_02_mir/recover-20220922/UBNA_001/20220921_090000.WAV,Telephone Field,recover-20220922,001,1795
1691.9495,1691.9899,68437,83141,Rhinolophus ferrumequinum,0.025,0.025,-1,Echolocation,/mnt/ubna_data_02_mir/recover-20220922/UBNA_001/20220921_090000.WAV,Telephone Field,recover-20220922,001,1795
1692.0015,1692.0344,68437,79325,Rhinolophus ferrumequinum,0.068,0.068,-1,Echolocation,/mnt/ubna_data_02_mir/recover-20220922/UBNA_001/20220921_090000.WAV,Telephone Field,recover-20220922,001,1795
1692.0015,1692.0112,24609,31480,Nyctalus leisleri,0.013,0.035,-1,Echolocation,/mnt/ubna_data_02_mir/recover-20220922/UBNA_001/20220921_090000.WAV,Telephone Field,recover-20220922,001,1795
1692.0225,1692.0305,27187,37530,Eptesicus serotinus,0.008,0.022,-1,Echolocation,/mnt/ubna_data_02_mir/recover-20220922/UBNA_001/20220921_090000.WAV,Telephone Field,recover-20220922,001,1795
1692.0325,1692.0727,68437,82217,Rhinolophus ferrumequinum,0.024,0.024,-1,Echolocation,/mnt/ubna_data_02_mir/recover-20220922/UBNA_001/20220921_090000.WAV,Telephone Field,recover-20220922,001,1795
1692.0515,1692.0914,68437,81987,Rhinolophus ferrumequinum,0.024,0.024,-1,Echolocation,/mnt/ubna_data_02_mir/recover-20220922/UBNA_001/20220921_090000.WAV,Telephone Field,recover-20220922,001,1795
1692.0755,1692.1166,68437,82487,Rhinolophus ferrumequinum,0.022,0.022,-1,Echolocation,/mnt/ubna_data_02_mir/recover-20220922/UBNA_001/20220921_090000.WAV,Telephone Field,recover-20220922,001,1795
1692.1095,1692.1489,68437,82341,Rhinolophus ferrumequinum,0.023,0.023,-1,Echolocation,/mnt/ubna_data_02_mir/recover-20220922/UBNA_001/20220921_090000.WAV,Telephone Field,recover-20220922,001,1795
1692.1145,1692.1291,22890,27784,Nyctalus leisleri,0.032,0.062,-1,Echolocation,/mnt/ubna_data_02_mir/recover-20220922/UBNA_001/20220921_090000.WAV,Telephone Field,recover-20220922,001,1795
1692.1855,1692.2252,68437,82504,Rhinolophus ferrumequinum,0.024,0.024,-1,Echolocation,/mnt/ubna_data_02_mir/recover-20220922/UBNA_001/20220921_090000.WAV,Telephone Field,recover-20220922,001,1795
1692.2165,1692.2539,68437,81683,Rhinolophus ferrumequinum,0.021,0.021,-1,Echolocation,/mnt/ubna_data_02_mir/recover-20220922/UBNA_001/20220921_090000.WAV,Telephone Field,recover-20220922,001,1795
1692.2225,1692.2601,68437,81629,Rhinolophus ferrumequinum,0.021,0.021,-1,Echolocation,/mnt/ubna_data_02_mir/recover-20220922/UBNA_001/20220921_090000.WAV,Telephone Field,recover-20220922,001,1795
1692.2425,1692.2524,28046,36443,Eptesicus serotinus,0.01,0.022,-1,Echolocation,/mnt/ubna_data_02_mir/recover-20220922/UBNA_001/20220921_090000.WAV,Telephone Field,recover-20220922,001,1795
1692.2565,1692.2985,68437,83556,Rhinolophus ferrumequinum,0.032,0.032,-1,Echolocation,/mnt/ubna_data_02_mir/recover-20220922/UBNA_001/20220921_090000.WAV,Telephone Field,recover-20220922,001,1795
1692.2935,1692.3008,28046,38245,Eptesicus serotinus,0.007,0.024,-1,Echolocation,/mnt/ubna_data_02_mir/recover-20220922/UBNA_001/20220921_090000.WAV,Telephone Field,recover-20220922,001,1795
1692.3185,1692.3589,68437,82394,Rhinolophus ferrumequinum,0.025,0.026,-1,Echolocation,/mnt/ubna_data_02_mir/recover-20220922/UBNA_001/20220921_090000.WAV,Telephone Field,recover-20220922,001,1795
1692.3365,1692.3746,68437,82286,Rhinolophus ferrumequinum,0.022,0.022,-1,Echolocation,/mnt/ubna_data_02_mir/recover-20220922/UBNA_001/20220921_090000.WAV,Telephone Field,recover-20220922,001,1795
1692.3605,1692.4011,68437,82514,Rhinolophus ferrumequinum,0.022,0.022,-1,Echolocation,/mnt/ubna_data_02_mir/recover-20220922/UBNA_001/20220921_090000.WAV,Telephone Field,recover-20220922,001,1795
1692.3845,1692.4235,68437,81849,Rhinolophus ferrumequinum,0.022,0.022,-1,Echolocation,/mnt/ubna_data_02_mir/recover-20220922/UBNA_001/20220921_090000.WAV,Telephone Field,recover-20220922,001,1795
1692.4205,1692.4622,68437,82814,Rhinolophus ferrumequinum,0.023,0.023,-1,Echolocation,/mnt/ubna_data_02_mir/recover-20220922/UBNA_001/20220921_090000.WAV,Telephone Field,recover-20220922,001,1795
1692.4395,1692.4464,28906,40495,Eptesicus serotinus,0.007,0.024,-1,Echolocation,/mnt/ubna_data_02_mir/recover-20220922/UBNA_001/20220921_090000.WAV,Telephone Field,recover-20220922,001,1795
1692.5055,1692.5449,68437,82296,Rhinolophus ferrumequinum,0.031,0.031,-1,Echolocation,/mnt/ubna_data_02_mir/recover-20220922/UBNA_001/20220921_090000.WAV,Telephone Field,recover-20220922,001,1795
1692.5485,1692.5887,68437,82565,Rhinolophus ferrumequinum,0.022,0.022,-1,Echolocation,/mnt/ubna_data_02_mir/recover-20220922/UBNA_001/20220921_090000.WAV,Telephone Field,recover-20220922,001,1795
1692.5525,1692.5606,51250,57931,Pipistrellus pipistrellus,0.021,0.029,-1,Echolocation,/mnt/ubna_data_02_mir/recover-20220922/UBNA_001/20220921_090000.WAV,Telephone Field,recover-20220922,001,1795
1692.5855,1692.6282,68437,83062,Rhinolophus ferrumequinum,0.03,0.03,-1,Echolocation,/mnt/ubna_data_02_mir/recover-20220922/UBNA_001/20220921_090000.WAV,Telephone Field,recover-20220922,001,1795
1692.5865,1692.5935,27187,39197,Eptesicus serotinus,0.006,0.022,-1,Echolocation,/mnt/ubna_data_02_mir/recover-20220922/UBNA_001/20220921_090000.WAV,Telephone Field,recover-20220922,001,1795
1692.6075,1692.642,68437,80778,Rhinolophus ferrumequinum,0.023,0.023,-1,Echolocation,/mnt/ubna_data_02_mir/recover-20220922/UBNA_001/20220921_090000.WAV,Telephone Field,recover-20220922,001,1795
1692.6705,1692.708,68437,81963,Rhinolophus ferrumequinum,0.024,0.024,-1,Echolocation,/mnt/ubna_data_02_mir/recover-20220922/UBNA_001/20220921_090000.WAV,Telephone Field,recover-20220922,001,1795
1692.6955,1692.7357,68437,82371,Rhinolophus ferrumequinum,0.025,0.025,-1,Echolocation,/mnt/ubna_data_02_mir/recover-20220922/UBNA_001/20220921_090000.WAV,Telephone Field,recover-20220922,001,1795
1692.7095,1692.7169,28046,38067,Eptesicus serotinus,0.006,0.025,-1,Echolocation,/mnt/ubna_data_02_mir/recover-20220922/UBNA_001/20220921_090000.WAV,Telephone Field,recover-20220922,001,1795
1692.7175,1692.7588,68437,82988,Rhinolophus ferrumequinum,0.025,0.025,-1,Echolocation,/mnt/ubna_data_02_mir/recover-20220922/UBNA_001/20220921_090000.WAV,Telephone Field,recover-20220922,001,1795
1692.7425,1692.7821,68437,82288,Rhinolophus ferrumequinum,0.022,0.022,-1,Echolocation,/mnt/ubna_data_02_mir/recover-20220922/UBNA_001/20220921_090000.WAV,Telephone Field,recover-20220922,001,1795
1692.7555,1692.7651,22890,28904,Nyctalus leisleri,0.009,0.022,-1,Echolocation,/mnt/ubna_data_02_mir/recover-20220922/UBNA_001/20220921_090000.WAV,Telephone Field,recover-20220922,001,1795
1692.7705,1692.8064,68437,81892,Rhinolophus ferrumequinum,0.022,0.022,-1,Echolocation,/mnt/ubna_data_02_mir/recover-20220922/UBNA_001/20220921_090000.WAV,Telephone Field,recover-20220922,001,1795
1692.7965,1692.8065,44375,49639,Pipistrellus pipistrellus,0.019,0.023,-1,Echolocation,/mnt/ubna_data_02_mir/recover-20220922/UBNA_001/20220921_090000.WAV,Telephone Field,recover-20220922,001,1795
1692.8185,1692.8564,68437,81824,Rhinolophus ferrumequinum,0.024,0.024,-1,Echolocation,/mnt/ubna_data_02_mir/recover-20220922/UBNA_001/20220921_090000.WAV,Telephone Field,recover-20220922,001,1795
1692.8735,1692.884,24609,31087,Nyctalus leisleri,0.008,0.022,-1,Echolocation,/mnt/ubna_data_02_mir/recover-20220922/UBNA_001/20220921_090000.WAV,Telephone Field,recover-20220922,001,1795
1692.9005,1692.9377,68437,81375,Rhinolophus ferrumequinum,0.022,0.022,-1,Echolocation,/mnt/ubna_data_02_mir/recover-20220922/UBNA_001/20220921_090000.WAV,Telephone Field,recover-20220922,001,1795
1692.9265,1692.9672,68437,82526,Rhinolophus ferrumequinum,0.021,0.021,-1,Echolocation,/mnt/ubna_data_02_mir/recover-20220922/UBNA_001/20220921_090000.WAV,Telephone Field,recover-20220922,001,1795
1692.9505,1692.9895,68437,82106,Rhinolophus ferrumequinum,0.021,0.022,-1,Echolocation,/mnt/ubna_data_02_mir/recover-20220922/UBNA_001/20220921_090000.WAV,Telephone Field,recover-20220922,001,1795
1692.9545,1692.964,26328,34786,Eptesicus serotinus,0.013,0.029,-1,Echolocation,/mnt/ubna_data_02_mir/recover-20220922/UBNA_001/20220921_090000.WAV,Telephone Field,recover-20220922,001,1795
1692.9725,1693.0134,68437,82845,Rhinolophus ferrumequinum,0.023,0.023,-1,Echolocation,/mnt/ubna_data_02_mir/recover-20220922/UBNA_001/20220921_090000.WAV,Telephone Field,recover-20220922,001,1795
1692.9845,1693.0234,68437,82749,Rhinolophus ferrumequinum,0.026,0.026,-1,Echolocation,/mnt/ubna_data_02_mir/recover-20220922/UBNA_001/20220921_090000.WAV,Telephone Field,recover-20220922,001,1795
1693.0265,1693.0685,68437,83160,Rhinolophus ferrumequinum,0.023,0.023,-1,Echolocation,/mnt/ubna_data_02_mir/recover-20220922/UBNA_001/20220921_090000.WAV,Telephone Field,recover-20220922,001,1795
1693.0575,1693.0676,28046,35133,Eptesicus serotinus,0.01,0.025,-1,Echolocation,/mnt/ubna_data_02_mir/recover-20220922/UBNA_001/20220921_090000.WAV,Telephone Field,recover-20220922,001,1795
1693.0675,1693.111,68437,83145,Rhinolophus ferrumequinum,0.042,0.042,-1,Echolocation,/mnt/ubna_data_02_mir/recover-20220922/UBNA_001/20220921_090000.WAV,Telephone Field,recover-20220922,001,1795
1693.0795,1693.088,44375,50400,Pipistrellus pipistrellus,0.018,0.022,-1,Echolocation,/mnt/ubna_data_02_mir/recover-20220922/UBNA_001/20220921_090000.WAV,Telephone Field,recover-20220922,001,1795
1693.1295,1693.1696,68437,82403,Rhinolophus ferrumequinum,0.026,0.026,-1,Echolocation,/mnt/ubna_data_02_mir/recover-20220922/UBNA_001/20220921_090000.WAV,Telephone Field,recover-20220922,001,1795
1693.1515,1693.1905,68437,82299,Rhinolophus ferrumequinum,0.03,0.03,-1,Echolocation,/mnt/ubna_data_02_mir/recover-20220922/UBNA_001/20220921_090000.WAV,Telephone Field,recover-20220922,001,1795
1693.1685,1693.2091,68437,82472,Rhinolophus ferrumequinum,0.024,0.024,-1,Echolocation,/mnt/ubna_data_02_mir/recover-20220922/UBNA_001/20220921_090000.WAV,Telephone Field,recover-20220922,001,1795
1693.1735,1693.2124,68437,82967,Rhinolophus ferrumequinum,0.024,0.024,-1,Echolocation,/mnt/ubna_data_02_mir/recover-20220922/UBNA_001/20220921_090000.WAV,Telephone Field,recover-20220922,001,1795
1693.1765,1693.1835,47812,57846,Pipistrellus pipistrellus,0.026,0.032,-1,Echolocation,/mnt/ubna_data_02_mir/recover-20220922/UBNA_001/20220921_090000.WAV,Telephone Field,recover-20220922,001,1795
1693.1845,1693.2245,68437,82439,Rhinolophus ferrumequinum,0.022,0.022,-1,Echolocation,/mnt/ubna_data_02_mir/recover-20220922/UBNA_001/20220921_090000.WAV,Telephone Field,recover-20220922,001,1795
1693.1915,1693.2323,68437,82533,Rhinolophus ferrumequinum,0.022,0.022,-1,Echolocation,/mnt/ubna_data_02_mir/recover-20220922/UBNA_001/20220921_090000.WAV,Telephone Field,recover-20220922,001,1795
1693.2195,1693.2635,68437,82952,Rhinolophus ferrumequinum,0.022,0.022,-1,Echolocation,/mnt/ubna_data_02_mir/recover-20220922/UBNA_001/20220921_090000.WAV,Telephone Field,recover-20220922,001,1795
1693.2355,1693.2736,68437,82064,Rhinolophus ferrumequinum,0.022,0.022,-1,Echolocation,/mnt/ubna_data_02_mir/recover-20220922/UBNA_001/20220921_090000.WAV,Telephone Field,recover-20220922,001,1795
1693.2725,1693.3109,68437,83166,Rhinolophus ferrumequinum,0.023,0.023,-1,Echolocation,/mnt/ubna_data_02_mir/recover-20220922/UBNA_001/20220921_090000.WAV,Telephone Field,recover-20220922,001,1795
1693.2825,1693.3243,68437,82541,Rhinolophus ferrumequinum,0.026,0.026,-1,Echolocation,/mnt/ubna_data_02_mir/recover-20220922/UBNA_001/20220921_090000.WAV,Telephone Field,recover-20220922,001,1795
1693.3095,1693.3268,15156,21464,Nyctalus noctula,0.023,0.03,-1,Echolocation,/mnt/ubna_data_02_mir/recover-20220922/UBNA_001/20220921_090000.WAV,Telephone Field,recover-20220922,001,1795
1693.3235,1693.3674,68437,83324,Rhinolophus ferrumequinum,0.058,0.058,-1,Echolocation,/mnt/ubna_data_02_mir/recover-20220922/UBNA_001/20220921_090000.WAV,Telephone Field,recover-20220922,001,1795
1693.3585,1693.368,28046,37079,Eptesicus serotinus,0.013,0.03,-1,Echolocation,/mnt/ubna_data_02_mir/recover-20220922/UBNA_001/20220921_090000.WAV,Telephone Field,recover-20220922,001,1795
1693.3765,1693.4182,68437,82052,Rhinolophus ferrumequinum,0.023,0.023,-1,Echolocation,/mnt/ubna_data_02_mir/recover-20220922/UBNA_001/20220921_090000.WAV,Telephone Field,recover-20220922,001,1795
1693.3985,1693.4348,68437,82142,Rhinolophus ferrumequinum,0.021,0.021,-1,Echolocation,/mnt/ubna_data_02_mir/recover-20220922/UBNA_001/20220921_090000.WAV,Telephone Field,recover-20220922,001,1795
1693.4395,1693.4473,28046,39120,Eptesicus serotinus,0.007,0.022,-1,Echolocation,/mnt/ubna_data_02_mir/recover-20220922/UBNA_001/20220921_090000.WAV,Telephone Field,recover-20220922,001,1795
1693.4405,1693.4511,22031,27815,Nyctalus leisleri,0.011,0.026,-1,Echolocation,/mnt/ubna_data_02_mir/recover-20220922/UBNA_001/20220921_090000.WAV,Telephone Field,recover-20220922,001,1795
1693.5015,1693.5388,68437,81619,Rhinolophus ferrumequinum,0.021,0.021,-1,Echolocation,/mnt/ubna_data_02_mir/recover-20220922/UBNA_001/20220921_090000.WAV,Telephone Field,recover-20220922,001,1795
1693.5105,1693.5178,23750,32391,Plecotus austriacus,0.016,0.033,-1,Echolocation,/mnt/ubna_data_02_mir/recover-20220922/UBNA_001/20220921_090000.WAV,Telephone Field,recover-20220922,001,1795
1693.5175,1693.5539,68437,81449,Rhinolophus ferrumequinum,0.022,0.022,-1,Echolocation,/mnt/ubna_data_02_mir/recover-20220922/UBNA_001/20220921_090000.WAV,Telephone Field,recover-20220922,001,1795
1693.5295,1693.5396,22031,26353,Nyctalus leisleri,0.011,0.022,-1,Echolocation,/mnt/ubna_data_02_mir/recover-20220922/UBNA_001/20220921_090000.WAV,Telephone Field,recover-20220922,001,1795
1693.5445,1693.5867,68437,82637,Rhinolophus ferrumequinum,0.023,0.023,-1,Echolocation,/mnt/ubna_data_02_mir/recover-20220922/UBNA_001/20220921_090000.WAV,Telephone Field,recover-20220922,001,1795
1693.5805,1693.6188,68437,82056,Rhinolophus ferrumequinum,0.022,0.022,-1,Echolocation,/mnt/ubna_data_02_mir/recover-20220922/UBNA_001/20220921_090000.WAV,Telephone Field,recover-20220922,001,1795
1693.5805,1693.5991,20312,23503,Nyctalus leisleri,0.02,0.035,-1,Echolocation,/mnt/ubna_data_02_mir/recover-20220922/UBNA_001/20220921_090000.WAV,Telephone Field,recover-20220922,001,1795
1693.6095,1693.6181,28046,39970,Eptesicus serotinus,0.009,0.024,-1,Echolocation,/mnt/ubna_data_02_mir/recover-20220922/UBNA_001/20220921_090000.WAV,Telephone Field,recover-20220922,001,1795
1693.6185,1693.6632,68437,83688,Rhinolophus ferrumequinum,0.031,0.031,-1,Echolocation,/mnt/ubna_data_02_mir/recover-20220922/UBNA_001/20220921_090000.WAV,Telephone Field,recover-20220922,001,1795
1693.6515,1693.6921,68437,82676,Rhinolophus ferrumequinum,0.024,0.024,-1,Echolocation,/mnt/ubna_data_02_mir/recover-20220922/UBNA_001/20220921_090000.WAV,Telephone Field,recover-20220922,001,1795
1693.6525,1693.6612,28046,37146,Eptesicus serotinus,0.009,0.023,-1,Echolocation,/mnt/ubna_data_02_mir/recover-20220922/UBNA_001/20220921_090000.WAV,Telephone Field,recover-20220922,001,1795
1693.6775,1693.7145,68437,81936,Rhinolophus ferrumequinum,0.025,0.025,-1,Echolocation,/mnt/ubna_data_02_mir/recover-20220922/UBNA_001/20220921_090000.WAV,Telephone Field,recover-20220922,001,1795
1693.6935,1693.7046,24609,31817,Eptesicus serotinus,0.01,0.028,-1,Echolocation,/mnt/ubna_data_02_mir/recover-20220922/UBNA_001/20220921_090000.WAV,Telephone Field,recover-20220922,001,1795
1693.6965,1693.7385,68437,82922,Rhinolophus ferrumequinum,0.037,0.037,-1,Echolocation,/mnt/ubna_data_02_mir/recover-20220922/UBNA_001/20220921_090000.WAV,Telephone Field,recover-20220922,001,1795
1693.7525,1693.7623,24609,32351,Nyctalus leisleri,0.007,0.022,-1,Echolocation,/mnt/ubna_data_02_mir/recover-20220922/UBNA_001/20220921_090000.WAV,Telephone Field,recover-20220922,001,1795
1693.7605,1693.8,68437,82567,Rhinolophus ferrumequinum,0.022,0.022,-1,Echolocation,/mnt/ubna_data_02_mir/recover-20220922/UBNA_001/20220921_090000.WAV,Telephone Field,recover-20220922,001,1795
1693.7755,1693.8189,68437,83537,Rhinolophus ferrumequinum,0.03,0.03,-1,Echolocation,/mnt/ubna_data_02_mir/recover-20220922/UBNA_001/20220921_090000.WAV,Telephone Field,recover-20220922,001,1795
1693.8365,1693.8745,68437,81899,Rhinolophus ferrumequinum,0.022,0.022,-1,Echolocation,/mnt/ubna_data_02_mir/recover-20220922/UBNA_001/20220921_090000.WAV,Telephone Field,recover-20220922,001,1795
1693.8465,1693.8831,68437,81427,Rhinolophus ferrumequinum,0.022,0.022,-1,Echolocation,/mnt/ubna_data_02_mir/recover-20220922/UBNA_001/20220921_090000.WAV,Telephone Field,recover-20220922,001,1795
1693.8635,1693.8992,68437,81973,Rhinolophus ferrumequinum,0.027,0.027,-1,Echolocation,/mnt/ubna_data_02_mir/recover-20220922/UBNA_001/20220921_090000.WAV,Telephone Field,recover-20220922,001,1795
1693.9095,1693.9487,68437,81969,Rhinolophus ferrumequinum,0.023,0.023,-1,Echolocation,/mnt/ubna_data_02_mir/recover-20220922/UBNA_001/20220921_090000.WAV,Telephone Field,recover-20220922,001,1795
1693.9225,1693.9586,68437,81400,Rhinolophus ferrumequinum,0.022,0.022,-1,Echolocation,/mnt/ubna_data_02_mir/recover-20220922/UBNA_001/20220921_090000.WAV,Telephone Field,recover-20220922,001,1795
1693.9305,1693.9684,68437,81879,Rhinolophus ferrumequinum,0.023,0.023,-1,Echolocation,/mnt/ubna_data_02_mir/recover-20220922/UBNA_001/20220921_090000.WAV,Telephone Field,recover-20220922,001,1795
1693.9385,1693.9771,68437,81930,Rhinolophus ferrumequinum,0.022,0.023,-1,Echolocation,/mnt/ubna_data_02_mir/recover-20220922/UBNA_001/20220921_090000.WAV,Telephone Field,recover-20220922,001,1795
1693.9435,1693.9813,68437,82463,Rhinolophus ferrumequinum,0.022,0.022,-1,Echolocation,/mnt/ubna_data_02_mir/recover-20220922/UBNA_001/20220921_090000.WAV,Telephone Field,recover-20220922,001,1795
1694.0015,1694.0349,69296,81902,Rhinolophus ferrumequinum,0.029,0.029,-1,Echolocation,/mnt/ubna_data_02_mir/recover-20220922/UBNA_001/20220921_090000.WAV,Telephone Field,recover-20220922,001,1795
1694.0015,1694.0114,22031,28046,Nyctalus leisleri,0.013,0.031,-1,Echolocation,/mnt/ubna_data_02_mir/recover-20220922/UBNA_001/20220921_090000.WAV,Telephone Field,recover-20220922,001,1795
1694.0075,1694.0462,68437,81845,Rhinolophus ferrumequinum,0.027,0.027,-1,Echolocation,/mnt/ubna_data_02_mir/recover-20220922/UBNA_001/20220921_090000.WAV,Telephone Field,recover-20220922,001,1795
1694.0175,1694.0551,68437,81802,Rhinolophus ferrumequinum,0.021,0.021,-1,Echolocation,/mnt/ubna_data_02_mir/recover-20220922/UBNA_001/20220921_090000.WAV,Telephone Field,recover-20220922,001,1795
1694.0345,1694.0421,28046,37168,Eptesicus serotinus,0.013,0.031,-1,Echolocation,/mnt/ubna_data_02_mir/recover-20220922/UBNA_001/20220921_090000.WAV,Telephone Field,recover-20220922,001,1795
1694.0445,1694.0811,68437,81915,Rhinolophus ferrumequinum,0.022,0.022,-1,Echolocation,/mnt/ubna_data_02_mir/recover-20220922/UBNA_001/20220921_090000.WAV,Telephone Field,recover-20220922,001,1795
1694.0675,1694.1059,68437,81657,Rhinolophus ferrumequinum,0.026,0.026,-1,Echolocation,/mnt/ubna_data_02_mir/recover-20220922/UBNA_001/20220921_090000.WAV,Telephone Field,recover-20220922,001,1795
1694.1135,1694.1545,68437,82798,Rhinolophus ferrumequinum,0.045,0.045,-1,Echolocation,/mnt/ubna_data_02_mir/recover-20220922/UBNA_001/20220921_090000.WAV,Telephone Field,recover-20220922,001,1795
1694.1415,1694.1516,44375,47822,Pipistrellus pipistrellus,0.025,0.027,-1,Echolocation,/mnt/ubna_data_02_mir/recover-20220922/UBNA_001/20220921_090000.WAV,Telephone Field,recover-20220922,001,1795
1694.1435,1694.182,68437,81584,Rhinolophus ferrumequinum,0.025,0.025,-1,Echolocation,/mnt/ubna_data_02_mir/recover-20220922/UBNA_001/20220921_090000.WAV,Telephone Field,recover-20220922,001,1795
1694.1525,1694.1899,68437,81644,Rhinolophus ferrumequinum,0.027,0.027,-1,Echolocation,/mnt/ubna_data_02_mir/recover-20220922/UBNA_001/20220921_090000.WAV,Telephone Field,recover-20220922,001,1795
1694.1885,1694.2298,68437,82483,Rhinolophus ferrumequinum,0.022,0.022,-1,Echolocation,/mnt/ubna_data_02_mir/recover-20220922/UBNA_001/20220921_090000.WAV,Telephone Field,recover-20220922,001,1795
1694.1915,1694.2007,27187,38555,Eptesicus serotinus,0.009,0.021,-1,Echolocation,/mnt/ubna_data_02_mir/recover-20220922/UBNA_001/20220921_090000.WAV,Telephone Field,recover-20220922,001,1795
1694.1985,1694.2382,68437,82009,Rhinolophus ferrumequinum,0.021,0.021,-1,Echolocation,/mnt/ubna_data_02_mir/recover-20220922/UBNA_001/20220921_090000.WAV,Telephone Field,recover-20220922,001,1795
1694.2145,1694.2249,22031,27997,Nyctalus leisleri,0.011,0.028,-1,Echolocation,/mnt/ubna_data_02_mir/recover-20220922/UBNA_001/20220921_090000.WAV,Telephone Field,recover-20220922,001,1795
1694.3125,1694.3507,68437,82285,Rhinolophus ferrumequinum,0.031,0.031,-1,Echolocation,/mnt/ubna_data_02_mir/recover-20220922/UBNA_001/20220921_090000.WAV,Telephone Field,recover-20220922,001,1795
1694.3365,1694.3746,68437,81424,Rhinolophus ferrumequinum,0.029,0.029,-1,Echolocation,/mnt/ubna_data_02_mir/recover-20220922/UBNA_001/20220921_090000.WAV,Telephone Field,recover-20220922,001,1795
1694.3435,1694.3531,28906,38319,Eptesicus serotinus,0.01,0.024,-1,Echolocation,/mnt/ubna_data_02_mir/recover-20220922/UBNA_001/20220921_090000.WAV,Telephone Field,recover-20220922,001,1795
1694.3505,1694.3616,28906,34734,Eptesicus serotinus,0.014,0.028,-1,Echolocation,/mnt/ubna_data_02_mir/recover-20220922/UBNA_001/20220921_090000.WAV,Telephone Field,recover-20220922,001,1795
1694.3745,1694.3844,27187,35717,Eptesicus serotinus,0.017,0.032,-1,Echolocation,/mnt/ubna_data_02_mir/recover-20220922/UBNA_001/20220921_090000.WAV,Telephone Field,recover-20220922,001,1795
1694.3935,1694.4321,68437,82440,Rhinolophus ferrumequinum,0.022,0.022,-1,Echolocation,/mnt/ubna_data_02_mir/recover-20220922/UBNA_001/20220921_090000.WAV,Telephone Field,recover-20220922,001,1795
1694.3995,1694.4384,68437,82676,Rhinolophus ferrumequinum,0.022,0.022,-1,Echolocation,/mnt/ubna_data_02_mir/recover-20220922/UBNA_001/20220921_090000.WAV,Telephone Field,recover-20220922,001,1795
1694.4245,1694.4621,68437,81938,Rhinolophus ferrumequinum,0.021,0.021,-1,Echolocation,/mnt/ubna_data_02_mir/recover-20220922/UBNA_001/20220921_090000.WAV,Telephone Field,recover-20220922,001,1795
1694.4455,1694.4821,68437,81702,Rhinolophus ferrumequinum,0.021,0.021,-1,Echolocation,/mnt/ubna_data_02_mir/recover-20220922/UBNA_001/20220921_090000.WAV,Telephone Field,recover-20220922,001,1795
1694.4715,1694.5086,68437,81941,Rhinolophus ferrumequinum,0.024,0.024,-1,Echolocation,/mnt/ubna_data_02_mir/recover-20220922/UBNA_001/20220921_090000.WAV,Telephone Field,recover-20220922,001,1795
1694.4855,1694.5266,68437,82204,Rhinolophus ferrumequinum,0.025,0.025,-1,Echolocation,/mnt/ubna_data_02_mir/recover-20220922/UBNA_001/20220921_090000.WAV,Telephone Field,recover-20220922,001,1795
1694.5025,1694.5103,28906,39712,Eptesicus serotinus,0.007,0.022,-1,Echolocation,/mnt/ubna_data_02_mir/recover-20220922/UBNA_001/20220921_090000.WAV,Telephone Field,recover-20220922,001,1795
1694.5345,1694.5744,68437,82797,Rhinolophus ferrumequinum,0.028,0.028,-1,Echolocation,/mnt/ubna_data_02_mir/recover-20220922/UBNA_001/20220921_090000.WAV,Telephone Field,recover-20220922,001,1795
1694.5565,1694.595,68437,82386,Rhinolophus ferrumequinum,0.021,0.021,-1,Echolocation,/mnt/ubna_data_02_mir/recover-20220922/UBNA_001/20220921_090000.WAV,Telephone Field,recover-20220922,001,1795
1694.5715,1694.6104,68437,82370,Rhinolophus ferrumequinum,0.022,0.022,-1,Echolocation,/mnt/ubna_data_02_mir/recover-20220922/UBNA_001/20220921_090000.WAV,Telephone Field,recover-20220922,001,1795
1694.5775,1694.5858,23750,31902,Plecotus austriacus,0.012,0.028,-1,Echolocation,/mnt/ubna_data_02_mir/recover-20220922/UBNA_001/20220921_090000.WAV,Telephone Field,recover-20220922,001,1795
1694.5945,1694.6281,68437,80280,Rhinolophus ferrumequinum,0.022,0.022,-1,Echolocation,/mnt/ubna_data_02_mir/recover-20220922/UBNA_001/20220921_090000.WAV,Telephone Field,recover-20220922,001,1795
1694.6045,1694.6436,68437,82222,Rhinolophus ferrumequinum,0.027,0.027,-1,Echolocation,/mnt/ubna_data_02_mir/recover-20220922/UBNA_001/20220921_090000.WAV,Telephone Field,recover-20220922,001,1795
1694.6625,1694.6695,28046,39390,Eptesicus serotinus,0.006,0.021,-1,Echolocation,/mnt/ubna_data_02_mir/recover-20220922/UBNA_001/20220921_090000.WAV,Telephone Field,recover-20220922,001,1795
1694.6775,1694.6855,28906,37609,Eptesicus serotinus,0.007,0.021,-1,Echolocation,/mnt/ubna_data_02_mir/recover-20220922/UBNA_001/20220921_090000.WAV,Telephone Field,recover-20220922,001,1795
1694.6865,1694.7261,68437,82192,Rhinolophus ferrumequinum,0.022,0.022,-1,Echolocation,/mnt/ubna_data_02_mir/recover-20220922/UBNA_001/20220921_090000.WAV,Telephone Field,recover-20220922,001,1795
1694.7025,1694.7132,24609,30836,Eptesicus serotinus,0.009,0.023,-1,Echolocation,/mnt/ubna_data_02_mir/recover-20220922/UBNA_001/20220921_090000.WAV,Telephone Field,recover-20220922,001,1795
1694.7155,1694.7542,68437,81328,Rhinolophus ferrumequinum,0.02,0.021,-1,Echolocation,/mnt/ubna_data_02_mir/recover-20220922/UBNA_001/20220921_090000.WAV,Telephone Field,recover-20220922,001,1795
1694.7485,1694.7874,68437,82024,Rhinolophus ferrumequinum,0.022,0.022,-1,Echolocation,/mnt/ubna_data_02_mir/recover-20220922/UBNA_001/20220921_090000.WAV,Telephone Field,recover-20220922,001,1795
1694.7755,1694.8151,68437,82444,Rhinolophus ferrumequinum,0.029,0.029,-1,Echolocation,/mnt/ubna_data_02_mir/recover-20220922/UBNA_001/20220921_090000.WAV,Telephone Field,recover-20220922,001,1795
1694.8025,1694.8411,68437,81836,Rhinolophus ferrumequinum,0.023,0.023,-1,Echolocation,/mnt/ubna_data_02_mir/recover-20220922/UBNA_001/20220921_090000.WAV,Telephone Field,recover-20220922,001,1795
1694.8225,1694.8645,68437,82950,Rhinolophus ferrumequinum,0.028,0.029,-1,Echolocation,/mnt/ubna_data_02_mir/recover-20220922/UBNA_001/20220921_090000.WAV,Telephone Field,recover-20220922,001,1795
1694.8455,1694.8811,68437,81844,Rhinolophus ferrumequinum,0.02,0.021,-1,Echolocation,/mnt/ubna_data_02_mir/recover-20220922/UBNA_001/20220921_090000.WAV,Telephone Field,recover-20220922,001,1795
1694.8585,1694.8958,68437,82014,Rhinolophus ferrumequinum,0.022,0.022,-1,Echolocation,/mnt/ubna_data_02_mir/recover-20220922/UBNA_001/20220921_090000.WAV,Telephone Field,recover-20220922,001,1795
1694.8715,1694.8816,27187,35871,Eptesicus serotinus,0.014,0.028,-1,Echolocation,/mnt/ubna_data_02_mir/recover-20220922/UBNA_001/20220921_090000.WAV,Telephone Field,recover-20220922,001,1795
1694.8765,1694.8872,28906,36933,Eptesicus serotinus,0.013,0.029,-1,Echolocation,/mnt/ubna_data_02_mir/recover-20220922/UBNA_001/20220921_090000.WAV,Telephone Field,recover-20220922,001,1795
1694.8855,1694.9224,68437,81748,Rhinolophus ferrumequinum,0.021,0.021,-1,Echolocation,/mnt/ubna_data_02_mir/recover-20220922/UBNA_001/20220921_090000.WAV,Telephone Field,recover-20220922,001,1795
1694.9075,1694.9444,68437,81928,Rhinolophus ferrumequinum,0.021,0.021,-1,Echolocation,/mnt/ubna_data_02_mir/recover-20220922/UBNA_001/20220921_090000.WAV,Telephone Field,recover-20220922,001,1795
1694.9285,1694.9684,68437,82664,Rhinolophus ferrumequinum,0.045,0.045,-1,Echolocation,/mnt/ubna_data_02_mir/recover-20220922/UBNA_001/20220921_090000.WAV,Telephone Field,recover-20220922,001,1795
1694.9305,1694.9382,26328,36992,Eptesicus serotinus,0.007,0.02,-1,Echolocation,/mnt/ubna_data_02_mir/recover-20220922/UBNA_001/20220921_090000.WAV,Telephone Field,recover-20220922,001,1795
1694.9405,1694.9514,25468,32036,Eptesicus serotinus,0.011,0.023,-1,Echolocation,/mnt/ubna_data_02_mir/recover-20220922/UBNA_001/20220921_090000.WAV,Telephone Field,recover-20220922,001,1795
1694.9655,1695.0046,68437,81941,Rhinolophus ferrumequinum,0.022,0.022,-1,Echolocation,/mnt/ubna_data_02_mir/recover-20220922/UBNA_001/20220921_090000.WAV,Telephone Field,recover-20220922,001,1795
1695.0205,1695.059,68437,82218,Rhinolophus ferrumequinum,0.026,0.026,-1,Echolocation,/mnt/ubna_data_02_mir/recover-20220922/UBNA_001/20220921_090000.WAV,Telephone Field,recover-20220922,001,1795
1695.0305,1695.0699,68437,82112,Rhinolophus ferrumequinum,0.023,0.023,-1,Echolocation,/mnt/ubna_data_02_mir/recover-20220922/UBNA_001/20220921_090000.WAV,Telephone Field,recover-20220922,001,1795
1695.0375,1695.0782,68437,82553,Rhinolophus ferrumequinum,0.022,0.022,-1,Echolocation,/mnt/ubna_data_02_mir/recover-20220922/UBNA_001/20220921_090000.WAV,Telephone Field,recover-20220922,001,1795
1695.0465,1695.0592,22890,27065,Nyctalus leisleri,0.016,0.028,-1,Echolocation,/mnt/ubna_data_02_mir/recover-20220922/UBNA_001/20220921_090000.WAV,Telephone Field,recover-20220922,001,1795
1695.0945,1695.1036,26328,34276,Eptesicus serotinus,0.01,0.024,-1,Echolocation,/mnt/ubna_data_02_mir/recover-20220922/UBNA_001/20220921_090000.WAV,Telephone Field,recover-20220922,001,1795
1695.1135,1695.1525,68437,82522,Rhinolophus ferrumequinum,0.021,0.021,-1,Echolocation,/mnt/ubna_data_02_mir/recover-20220922/UBNA_001/20220921_090000.WAV,Telephone Field,recover-20220922,001,1795
1695.1395,1695.1794,68437,81747,Rhinolophus ferrumequinum,0.022,0.022,-1,Echolocation,/mnt/ubna_data_02_mir/recover-20220922/UBNA_001/20220921_090000.WAV,Telephone Field,recover-20220922,001,1795
1695.1435,1695.1518,26328,35540,Eptesicus serotinus,0.017,0.038,-1,Echolocation,/mnt/ubna_data_02_mir/recover-20220922/UBNA_001/20220921_090000.WAV,Telephone Field,recover-20220922,001,1795
1695.1675,1695.2066,68437,82380,Rhinolophus ferrumequinum,0.03,0.03,-1,Echolocation,/mnt/ubna_data_02_mir/recover-20220922/UBNA_001/20220921_090000.WAV,Telephone Field,recover-20220922,001,1795
1695.1865,1695.1941,47812,55360,Pipistrellus pipistrellus,0.014,0.02,-1,Echolocation,/mnt/ubna_data_02_mir/recover-20220922/UBNA_001/20220921_090000.WAV,Telephone Field,recover-20220922,001,1795
1695.2045,1695.2447,68437,82320,Rhinolophus ferrumequinum,0.021,0.021,-1,Echolocation,/mnt/ubna_data_02_mir/recover-20220922/UBNA_001/20220921_090000.WAV,Telephone Field,recover-20220922,001,1795
1695.2255,1695.2605,68437,81412,Rhinolophus ferrumequinum,0.022,0.022,-1,Echolocation,/mnt/ubna_data_02_mir/recover-20220922/UBNA_001/20220921_090000.WAV,Telephone Field,recover-20220922,001,1795
1695.2315,1695.2411,22031,27849,Plecotus austriacus,0.007,0.021,-1,Echolocation,/mnt/ubna_data_02_mir/recover-20220922/UBNA_001/20220921_090000.WAV,Telephone Field,recover-20220922,001,1795
1695.2595,1695.2681,28906,41326,Eptesicus serotinus,0.011,0.029,-1,Echolocation,/mnt/ubna_data_02_mir/recover-20220922/UBNA_001/20220921_090000.WAV,Telephone Field,recover-20220922,001,1795
1695.2775,1695.3173,68437,82369,Rhinolophus ferrumequinum,0.023,0.023,-1,Echolocation,/mnt/ubna_data_02_mir/recover-20220922/UBNA_001/20220921_090000.WAV,Telephone Field,recover-20220922,001,1795
1695.2835,1695.3207,68437,81899,Rhinolophus ferrumequinum,0.023,0.023,-1,Echolocation,/mnt/ubna_data_02_mir/recover-20220922/UBNA_001/20220921_090000.WAV,Telephone Field,recover-20220922,001,1795
1695.2895,1695.2993,22890,28300,Nyctalus leisleri,0.009,0.021,-1,Echolocation,/mnt/ubna_data_02_mir/recover-20220922/UBNA_001/20220921_090000.WAV,Telephone Field,recover-20220922,001,1795
1695.2985,1695.3377,68437,82171,Rhinolophus ferrumequinum,0.021,0.021,-1,Echolocation,/mnt/ubna_data_02_mir/recover-20220922/UBNA_001/20220921_090000.WAV,Telephone Field,recover-20220922,001,1795
1695.3205,1695.3577,68437,82136,Rhinolophus ferrumequinum,0.025,0.025,-1,Echolocation,/mnt/ubna_data_02_mir/recover-20220922/UBNA_001/20220921_090000.WAV,Telephone Field,recover-20220922,001,1795
1695.3335,1695.3442,28906,35722,Eptesicus serotinus,0.019,0.033,-1,Echolocation,/mnt/ubna_data_02_mir/recover-20220922/UBNA_001/20220921_090000.WAV,Telephone Field,recover-20220922,001,1795
1695.3405,1695.35,14296,19683,Nyctalus noctula,0.014,0.034,-1,Echolocation,/mnt/ubna_data_02_mir/recover-20220922/UBNA_001/20220921_090000.WAV,Telephone Field,recover-20220922,001,1795
1695.3625,1695.3719,28906,37877,Eptesicus serotinus,0.01,0.024,-1,Echolocation,/mnt/ubna_data_02_mir/recover-20220922/UBNA_001/20220921_090000.WAV,Telephone Field,recover-20220922,001,1795
1695.3855,1695.4252,68437,82511,Rhinolophus ferrumequinum,0.021,0.021,-1,Echolocation,/mnt/ubna_data_02_mir/recover-20220922/UBNA_001/20220921_090000.WAV,Telephone Field,recover-20220922,001,1795
1695.4055,1695.4431,68437,82031,Rhinolophus ferrumequinum,0.02,0.02,-1,Echolocation,/mnt/ubna_data_02_mir/recover-20220922/UBNA_001/20220921_090000.WAV,Telephone Field,recover-20220922,001,1795
1695.4445,1695.453,28046,36618,Eptesicus serotinus,0.009,0.022,-1,Echolocation,/mnt/ubna_data_02_mir/recover-20220922/UBNA_001/20220921_090000.WAV,Telephone Field,recover-20220922,001,1795
1695.4745,1695.5154,68437,82638,Rhinolophus ferrumequinum,0.024,0.024,-1,Echolocation,/mnt/ubna_data_02_mir/recover-20220922/UBNA_001/20220921_090000.WAV,Telephone Field,recover-20220922,001,1795
1695.4835,1695.4957,28906,34970,Eptesicus serotinus,0.07,0.104,-1,Echolocation,/mnt/ubna_data_02_mir/recover-20220922/UBNA_001/20220921_090000.WAV,Telephone Field,recover-20220922,001,1795
1695.5105,1695.5484,68437,81961,Rhinolophus ferrumequinum,0.021,0.021,-1,Echolocation,/mnt/ubna_data_02_mir/recover-20220922/UBNA_001/20220921_090000.WAV,Telephone Field,recover-20220922,001,1795
1695.5235,1695.5632,68437,82420,Rhinolophus ferrumequinum,0.023,0.023,-1,Echolocation,/mnt/ubna_data_02_mir/recover-20220922/UBNA_001/20220921_090000.WAV,Telephone Field,recover-20220922,001,1795
1695.5285,1695.5697,68437,82952,Rhinolophus ferrumequinum,0.024,0.024,-1,Echolocation,/mnt/ubna_data_02_mir/recover-20220922/UBNA_001/20220921_090000.WAV,Telephone Field,recover-20220922,001,1795
1695.5455,1695.581,68437,81348,Rhinolophus ferrumequinum,0.022,0.022,-1,Echolocation,/mnt/ubna_data_02_mir/recover-20220922/UBNA_001/20220921_090000.WAV,Telephone Field,recover-20220922,001,1795
1695.5475,1695.5548,28906,41257,Eptesicus serotinus,0.008,0.022,-1,Echolocation,/mnt/ubna_data_02_mir/recover-20220922/UBNA_001/20220921_090000.WAV,Telephone Field,recover-20220922,001,1795
1695.5535,1695.5645,43515,48968,Pipistrellus pipistrellus,0.035,0.043,-1,Echolocation,/mnt/ubna_data_02_mir/recover-20220922/UBNA_001/20220921_090000.WAV,Telephone Field,recover-20220922,001,1795
1695.6085,1695.6503,68437,82543,Rhinolophus ferrumequinum,0.022,0.022,-1,Echolocation,/mnt/ubna_data_02_mir/recover-20220922/UBNA_001/20220921_090000.WAV,Telephone Field,recover-20220922,001,1795
1695.6125,1695.6232,23750,29596,Nyctalus leisleri,0.009,0.022,-1,Echolocation,/mnt/ubna_data_02_mir/recover-20220922/UBNA_001/20220921_090000.WAV,Telephone Field,recover-20220922,001,1795
1695.6135,1695.6554,68437,82395,Rhinolophus ferrumequinum,0.022,0.022,-1,Echolocation,/mnt/ubna_data_02_mir/recover-20220922/UBNA_001/20220921_090000.WAV,Telephone Field,recover-20220922,001,1795
1695.6685,1695.6778,28046,36158,Eptesicus serotinus,0.011,0.024,-1,Echolocation,/mnt/ubna_data_02_mir/recover-20220922/UBNA_001/20220921_090000.WAV,Telephone Field,recover-20220922,001,1795
1695.6695,1695.707,68437,81609,Rhinolophus ferrumequinum,0.023,0.023,-1,Echolocation,/mnt/ubna_data_02_mir/recover-20220922/UBNA_001/20220921_090000.WAV,Telephone Field,recover-20220922,001,1795
1695.6745,1695.6825,23750,31599,Plecotus austriacus,0.009,0.024,-1,Echolocation,/mnt/ubna_data_02_mir/recover-20220922/UBNA_001/20220921_090000.WAV,Telephone Field,recover-20220922,001,1795
1695.6825,1695.7192,68437,82315,Rhinolophus ferrumequinum,0.023,0.023,-1,Echolocation,/mnt/ubna_data_02_mir/recover-20220922/UBNA_001/20220921_090000.WAV,Telephone Field,recover-20220922,001,1795
1695.6915,1695.7291,68437,81860,Rhinolophus ferrumequinum,0.022,0.022,-1,Echolocation,/mnt/ubna_data_02_mir/recover-20220922/UBNA_001/20220921_090000.WAV,Telephone Field,recover-20220922,001,1795
1695.7035,1695.713,14296,20425,Nyctalus noctula,0.01,0.021,-1,Echolocation,/mnt/ubna_data_02_mir/recover-20220922/UBNA_001/20220921_090000.WAV,Telephone Field,recover-20220922,001,1795
1695.7335,1695.773,68437,82706,Rhinolophus ferrumequinum,0.024,0.024,-1,Echolocation,/mnt/ubna_data_02_mir/recover-20220922/UBNA_001/20220921_090000.WAV,Telephone Field,recover-20220922,001,1795
1695.7425,1695.7808,68437,81856,Rhinolophus ferrumequinum,0.023,0.023,-1,Echolocation,/mnt/ubna_data_02_mir/recover-20220922/UBNA_001/20220921_090000.WAV,Telephone Field,recover-20220922,001,1795
1695.7475,1695.7871,68437,82166,Rhinolophus ferrumequinum,0.023,0.023,-1,Echolocation,/mnt/ubna_data_02_mir/recover-20220922/UBNA_001/20220921_090000.WAV,Telephone Field,recover-20220922,001,1795
1695.7775,1695.7872,28046,36280,Eptesicus serotinus,0.008,0.022,-1,Echolocation,/mnt/ubna_data_02_mir/recover-20220922/UBNA_001/20220921_090000.WAV,Telephone Field,recover-20220922,001,1795
1695.7955,1695.8036,27187,36642,Eptesicus serotinus,0.011,0.025,-1,Echolocation,/mnt/ubna_data_02_mir/recover-20220922/UBNA_001/20220921_090000.WAV,Telephone Field,recover-20220922,001,1795
1695.7955,1695.835,68437,81646,Rhinolophus ferrumequinum,0.022,0.022,-1,Echolocation,/mnt/ubna_data_02_mir/recover-20220922/UBNA_001/20220921_090000.WAV,Telephone Field,recover-20220922,001,1795
1695.8015,1695.8121,41796,44398,Pipistrellus pipistrellus,0.016,0.02,-1,Echolocation,/mnt/ubna_data_02_mir/recover-20220922/UBNA_001/20220921_090000.WAV,Telephone Field,recover-20220922,001,1795
1695.8025,1695.8417,68437,82073,Rhinolophus ferrumequinum,0.021,0.021,-1,Echolocation,/mnt/ubna_data_02_mir/recover-20220922/UBNA_001/20220921_090000.WAV,Telephone Field,recover-20220922,001,1795
1695.8455,1695.8552,23750,29364,Nyctalus leisleri,0.008,0.021,-1,Echolocation,/mnt/ubna_data_02_mir/recover-20220922/UBNA_001/20220921_090000.WAV,Telephone Field,recover-20220922,001,1795
1695.8695,1695.8783,28906,38123,Eptesicus serotinus,0.008,0.022,-1,Echolocation,/mnt/ubna_data_02_mir/recover-20220922/UBNA_001/20220921_090000.WAV,Telephone Field,recover-20220922,001,1795
1695.8855,1695.9221,68437,81420,Rhinolophus ferrumequinum,0.029,0.029,-1,Echolocation,/mnt/ubna_data_02_mir/recover-20220922/UBNA_001/20220921_090000.WAV,Telephone Field,recover-20220922,001,1795
1695.9095,1695.9467,68437,81996,Rhinolophus ferrumequinum,0.022,0.022,-1,Echolocation,/mnt/ubna_data_02_mir/recover-20220922/UBNA_001/20220921_090000.WAV,Telephone Field,recover-20220922,001,1795
1695.9325,1695.9754,68437,82749,Rhinolophus ferrumequinum,0.027,0.027,-1,Echolocation,/mnt/ubna_data_02_mir/recover-20220922/UBNA_001/20220921_090000.WAV,Telephone Field,recover-20220922,001,1795
1695.9635,1695.971,26328,36012,Eptesicus serotinus,0.006,0.021,-1,Echolocation,/mnt/ubna_data_02_mir/recover-20220922/UBNA_001/20220921_090000.WAV,Telephone Field,recover-20220922,001,1795
1695.9755,1695.983,27187,37461,Eptesicus serotinus,0.006,0.022,-1,Echolocation,/mnt/ubna_data_02_mir/recover-20220922/UBNA_001/20220921_090000.WAV,Telephone Field,recover-20220922,001,1795
1695.9885,1695.9985,28906,37388,Eptesicus serotinus,0.009,0.021,-1,Echolocation,/mnt/ubna_data_02_mir/recover-20220922/UBNA_001/20220921_090000.WAV,Telephone Field,recover-20220922,001,1795
1696.0015,1696.0357,69296,81365,Rhinolophus ferrumequinum,0.044,0.044,-1,Echolocation,/mnt/ubna_data_02_mir/recover-20220922/UBNA_001/20220921_090000.WAV,Telephone Field,recover-20220922,001,1795
1696.0015,1696.0101,47812,54808,Pipistrellus pipistrellus,0.016,0.023,-1,Echolocation,/mnt/ubna_data_02_mir/recover-20220922/UBNA_001/20220921_090000.WAV,Telephone Field,recover-20220922,001,1795
1696.0015,1696.0108,27187,35511,Eptesicus serotinus,0.008,0.027,-1,Echolocation,/mnt/ubna_data_02_mir/recover-20220922/UBNA_001/20220921_090000.WAV,Telephone Field,recover-20220922,001,1795
1696.0795,1696.12,68437,82179,Rhinolophus ferrumequinum,0.025,0.025,-1,Echolocation,/mnt/ubna_data_02_mir/recover-20220922/UBNA_001/20220921_090000.WAV,Telephone Field,recover-20220922,001,1795
1696.0855,1696.1248,68437,82110,Rhinolophus ferrumequinum,0.023,0.023,-1,Echolocation,/mnt/ubna_data_02_mir/recover-20220922/UBNA_001/20220921_090000.WAV,Telephone Field,recover-20220922,001,1795
1696.1075,1696.1476,68437,82230,Rhinolophus ferrumequinum,0.028,0.028,-1,Echolocation,/mnt/ubna_data_02_mir/recover-20220922/UBNA_001/20220921_090000.WAV,Telephone Field,recover-20220922,001,1795
1696.1455,1696.1842,68437,81866,Rhinolophus ferrumequinum,0.024,0.025,-1,Echolocation,/mnt/ubna_data_02_mir/recover-20220922/UBNA_001/20220921_090000.WAV,Telephone Field,recover-20220922,001,1795
1696.1655,1696.1763,28906,36556,Eptesicus serotinus,0.012,0.025,-1,Echolocation,/mnt/ubna_data_02_mir/recover-20220922/UBNA_001/20220921_090000.WAV,Telephone Field,recover-20220922,001,1795
1696.2205,1696.2611,68437,82153,Rhinolophus ferrumequinum,0.027,0.027,-1,Echolocation,/mnt/ubna_data_02_mir/recover-20220922/UBNA_001/20220921_090000.WAV,Telephone Field,recover-20220922,001,1795
1696.2495,1696.2598,28046,36216,Eptesicus serotinus,0.011,0.021,-1,Echolocation,/mnt/ubna_data_02_mir/recover-20220922/UBNA_001/20220921_090000.WAV,Telephone Field,recover-20220922,001,1795
1696.2535,1696.2931,68437,82469,Rhinolophus ferrumequinum,0.026,0.026,-1,Echolocation,/mnt/ubna_data_02_mir/recover-20220922/UBNA_001/20220921_090000.WAV,Telephone Field,recover-20220922,001,1795
1696.2955,1696.3035,27187,38055,Eptesicus serotinus,0.01,0.026,-1,Echolocation,/mnt/ubna_data_02_mir/recover-20220922/UBNA_001/20220921_090000.WAV,Telephone Field,recover-20220922,001,1795
1696.3055,1696.3443,68437,81615,Rhinolophus ferrumequinum,0.023,0.023,-1,Echolocation,/mnt/ubna_data_02_mir/recover-20220922/UBNA_001/20220921_090000.WAV,Telephone Field,recover-20220922,001,1795
1696.3445,1696.3853,68437,82650,Rhinolophus ferrumequinum,0.022,0.022,-1,Echolocation,/mnt/ubna_data_02_mir/recover-20220922/UBNA_001/20220921_090000.WAV,Telephone Field,recover-20220922,001,1795
1696.3485,1696.3579,23750,30747,Nyctalus leisleri,0.007,0.022,-1,Echolocation,/mnt/ubna_data_02_mir/recover-20220922/UBNA_001/20220921_090000.WAV,Telephone Field,recover-20220922,001,1795
1696.3505,1696.3602,28046,36489,Eptesicus serotinus,0.01,0.022,-1,Echolocation,/mnt/ubna_data_02_mir/recover-20220922/UBNA_001/20220921_090000.WAV,Telephone Field,recover-20220922,001,1795
1696.4005,1696.4353,68437,81118,Rhinolophus ferrumequinum,0.02,0.021,-1,Echolocation,/mnt/ubna_data_02_mir/recover-20220922/UBNA_001/20220921_090000.WAV,Telephone Field,recover-20220922,001,1795
1696.4185,1696.4624,68437,83204,Rhinolophus ferrumequinum,0.024,0.025,-1,Echolocation,/mnt/ubna_data_02_mir/recover-20220922/UBNA_001/20220921_090000.WAV,Telephone Field,recover-20220922,001,1795
1696.4245,1696.4343,22890,29609,Nyctalus leisleri,0.008,0.022,-1,Echolocation,/mnt/ubna_data_02_mir/recover-20220922/UBNA_001/20220921_090000.WAV,Telephone Field,recover-20220922,001,1795
1696.4575,1696.5017,68437,82729,Rhinolophus ferrumequinum,0.031,0.031,-1,Echolocation,/mnt/ubna_data_02_mir/recover-20220922/UBNA_001/20220921_090000.WAV,Telephone Field,recover-20220922,001,1795
1696.4815,1696.4875,45234,50313,Pipistrellus pipistrellus,0.02,0.022,-1,Echolocation,/mnt/ubna_data_02_mir/recover-20220922/UBNA_001/20220921_090000.WAV,Telephone Field,recover-20220922,001,1795
1696.5135,1696.5516,68437,81965,Rhinolophus ferrumequinum,0.021,0.021,-1,Echolocation,/mnt/ubna_data_02_mir/recover-20220922/UBNA_001/20220921_090000.WAV,Telephone Field,recover-20220922,001,1795
1696.5285,1696.568,68437,81903,Rhinolophus ferrumequinum,0.024,0.024,-1,Echolocation,/mnt/ubna_data_02_mir/recover-20220922/UBNA_001/20220921_090000.WAV,Telephone Field,recover-20220922,001,1795
1696.5445,1696.5815,68437,81446,Rhinolophus ferrumequinum,0.026,0.026,-1,Echolocation,/mnt/ubna_data_02_mir/recover-20220922/UBNA_001/20220921_090000.WAV,Telephone Field,recover-20220922,001,1795
1696.5875,1696.6258,68437,81991,Rhinolophus ferrumequinum,0.021,0.021,-1,Echolocation,/mnt/ubna_data_02_mir/recover-20220922/UBNA_001/20220921_090000.WAV,Telephone Field,recover-20220922,001,1795
1696.5955,1696.6356,68437,82232,Rhinolophus ferrumequinum,0.026,0.026,-1,Echolocation,/mnt/ubna_data_02_mir/recover-20220922/UBNA_001/20220921_090000.WAV,Telephone Field,recover-20220922,001,1795
1696.5965,1696.6083,23750,29421,Nyctalus leisleri,0.01,0.023,-1,Echolocation,/mnt/ubna_data_02_mir/recover-20220922/UBNA_001/20220921_090000.WAV,Telephone Field,recover-20220922,001,1795
1696.6105,1696.6486,68437,82398,Rhinolophus ferrumequinum,0.023,0.023,-1,Echolocation,/mnt/ubna_data_02_mir/recover-20220922/UBNA_001/20220921_090000.WAV,Telephone Field,recover-20220922,001,1795
1696.6195,1696.6569,68437,81614,Rhinolophus ferrumequinum,0.023,0.023,-1,Echolocation,/mnt/ubna_data_02_mir/recover-20220922/UBNA_001/20220921_090000.WAV,Telephone Field,recover-20220922,001,1795
1696.6705,1696.6803,23750,29750,Nyctalus leisleri,0.008,0.021,-1,Echolocation,/mnt/ubna_data_02_mir/recover-20220922/UBNA_001/20220921_090000.WAV,Telephone Field,recover-20220922,001,1795
1696.6815,1696.7164,68437,81324,Rhinolophus ferrumequinum,0.021,0.021,-1,Echolocation,/mnt/ubna_data_02_mir/recover-20220922/UBNA_001/20220921_090000.WAV,Telephone Field,recover-20220922,001,1795
1696.7715,1696.8121,68437,82152,Rhinolophus ferrumequinum,0.021,0.021,-1,Echolocation,/mnt/ubna_data_02_mir/recover-20220922/UBNA_001/20220921_090000.WAV,Telephone Field,recover-20220922,001,1795
1696.7945,1696.8347,68437,82009,Rhinolophus ferrumequinum,0.03,0.03,-1,Echolocation,/mnt/ubna_data_02_mir/recover-20220922/UBNA_001/20220921_090000.WAV,Telephone Field,recover-20220922,001,1795
1696.7975,1696.8062,28046,41078,Eptesicus serotinus,0.008,0.021,-1,Echolocation,/mnt/ubna_data_02_mir/recover-20220922/UBNA_001/20220921_090000.WAV,Telephone Field,recover-20220922,001,1795
1696.8045,1696.8149,28046,35120,Eptesicus serotinus,0.009,0.021,-1,Echolocation,/mnt/ubna_data_02_mir/recover-20220922/UBNA_001/20220921_090000.WAV,Telephone Field,recover-20220922,001,1795
1696.8235,1696.8309,24609,33690,Plecotus austriacus,0.006,0.021,-1,Echolocation,/mnt/ubna_data_02_mir/recover-20220922/UBNA_001/20220921_090000.WAV,Telephone Field,recover-20220922,001,1795
1696.8485,1696.8861,68437,81495,Rhinolophus ferrumequinum,0.023,0.023,-1,Echolocation,/mnt/ubna_data_02_mir/recover-20220922/UBNA_001/20220921_090000.WAV,Telephone Field,recover-20220922,001,1795
1696.8845,1696.9284,68437,83211,Rhinolophus ferrumequinum,0.04,0.04,-1,Echolocation,/mnt/ubna_data_02_mir/recover-20220922/UBNA_001/20220921_090000.WAV,Telephone Field,recover-20220922,001,1795
1696.9205,1696.9593,68437,82590,Rhinolophus ferrumequinum,0.023,0.023,-1,Echolocation,/mnt/ubna_data_02_mir/recover-20220922/UBNA_001/20220921_090000.WAV,Telephone Field,recover-20220922,001,1795
1696.9275,1696.936,28046,37802,Eptesicus serotinus,0.008,0.021,-1,Echolocation,/mnt/ubna_data_02_mir/recover-20220922/UBNA_001/20220921_090000.WAV,Telephone Field,recover-20220922,001,1795
1696.9395,1696.9776,68437,82293,Rhinolophus ferrumequinum,0.022,0.022,-1,Echolocation,/mnt/ubna_data_02_mir/recover-20220922/UBNA_001/20220921_090000.WAV,Telephone Field,recover-20220922,001,1795
1696.9745,1697.0132,68437,81208,Rhinolophus ferrumequinum,0.024,0.024,-1,Echolocation,/mnt/ubna_data_02_mir/recover-20220922/UBNA_001/20220921_090000.WAV,Telephone Field,recover-20220922,001,1795
1697.0005,1697.0117,16015,21755,Nyctalus noctula,0.024,0.043,-1,Echolocation,/mnt/ubna_data_02_mir/recover-20220922/UBNA_001/20220921_090000.WAV,Telephone Field,recover-20220922,001,1795
1697.0025,1697.0415,68437,81804,Rhinolophus ferrumequinum,0.024,0.024,-1,Echolocation,/mnt/ubna_data_02_mir/recover-20220922/UBNA_001/20220921_090000.WAV,Telephone Field,recover-20220922,001,1795
1697.0275,1697.0362,28906,38359,Eptesicus serotinus,0.009,0.023,-1,Echolocation,/mnt/ubna_data_02_mir/recover-20220922/UBNA_001/20220921_090000.WAV,Telephone Field,recover-20220922,001,1795
1697.0445,1697.0548,23750,29421,Nyctalus leisleri,0.009,0.021,-1,Echolocation,/mnt/ubna_data_02_mir/recover-20220922/UBNA_001/20220921_090000.WAV,Telephone Field,recover-20220922,001,1795
1697.0515,1697.0898,68437,82084,Rhinolophus ferrumequinum,0.024,0.024,-1,Echolocation,/mnt/ubna_data_02_mir/recover-20220922/UBNA_001/20220921_090000.WAV,Telephone Field,recover-20220922,001,1795
1697.0835,1697.0935,23750,30159,Nyctalus leisleri,0.007,0.021,-1,Echolocation,/mnt/ubna_data_02_mir/recover-20220922/UBNA_001/20220921_090000.WAV,Telephone Field,recover-20220922,001,1795
1697.1065,1697.1463,68437,82438,Rhinolophus ferrumequinum,0.029,0.029,-1,Echolocation,/mnt/ubna_data_02_mir/recover-20220922/UBNA_001/20220921_090000.WAV,Telephone Field,recover-20220922,001,1795
1697.1335,1697.1735,68437,82825,Rhinolophus ferrumequinum,0.027,0.027,-1,Echolocation,/mnt/ubna_data_02_mir/recover-20220922/UBNA_001/20220921_090000.WAV,Telephone Field,recover-20220922,001,1795
1697.1375,1697.1445,27187,41364,Eptesicus serotinus,0.007,0.024,-1,Echolocation,/mnt/ubna_data_02_mir/recover-20220922/UBNA_001/20220921_090000.WAV,Telephone Field,recover-20220922,001,1795
1697.1555,1697.1649,26328,33723,Eptesicus serotinus,0.011,0.024,-1,Echolocation,/mnt/ubna_data_02_mir/recover-20220922/UBNA_001/20220921_090000.WAV,Telephone Field,recover-20220922,001,1795
1697.1685,1697.2061,68437,81444,Rhinolophus ferrumequinum,0.023,0.023,-1,Echolocation,/mnt/ubna_data_02_mir/recover-20220922/UBNA_001/20220921_090000.WAV,Telephone Field,recover-20220922,001,1795
1697.2485,1697.2874,68437,82060,Rhinolophus ferrumequinum,0.024,0.024,-1,Echolocation,/mnt/ubna_data_02_mir/recover-20220922/UBNA_001/20220921_090000.WAV,Telephone Field,recover-20220922,001,1795
1697.2585,1697.2687,28906,36436,Eptesicus serotinus,0.009,0.021,-1,Echolocation,/mnt/ubna_data_02_mir/recover-20220922/UBNA_001/20220921_090000.WAV,Telephone Field,recover-20220922,001,1795
1697.2785,1697.2867,23750,31581,Plecotus austriacus,0.01,0.026,-1,Echolocation,/mnt/ubna_data_02_mir/recover-20220922/UBNA_001/20220921_090000.WAV,Telephone Field,recover-20220922,001,1795
1697.3045,1697.343,68437,81903,Rhinolophus ferrumequinum,0.022,0.023,-1,Echolocation,/mnt/ubna_data_02_mir/recover-20220922/UBNA_001/20220921_090000.WAV,Telephone Field,recover-20220922,001,1795
1697.3115,1697.3494,68437,81768,Rhinolophus ferrumequinum,0.021,0.021,-1,Echolocation,/mnt/ubna_data_02_mir/recover-20220922/UBNA_001/20220921_090000.WAV,Telephone Field,recover-20220922,001,1795
1697.3255,1697.3626,68437,81571,Rhinolophus ferrumequinum,0.022,0.022,-1,Echolocation,/mnt/ubna_data_02_mir/recover-20220922/UBNA_001/20220921_090000.WAV,Telephone Field,recover-20220922,001,1795
1697.3475,1697.3549,28906,39878,Eptesicus serotinus,0.008,0.023,-1,Echolocation,/mnt/ubna_data_02_mir/recover-20220922/UBNA_001/20220921_090000.WAV,Telephone Field,recover-20220922,001,1795
1697.3535,1697.3931,68437,81881,Rhinolophus ferrumequinum,0.022,0.022,-1,Echolocation,/mnt/ubna_data_02_mir/recover-20220922/UBNA_001/20220921_090000.WAV,Telephone Field,recover-20220922,001,1795
1697.3685,1697.4029,68437,80412,Rhinolophus ferrumequinum,0.023,0.023,-1,Echolocation,/mnt/ubna_data_02_mir/recover-20220922/UBNA_001/20220921_090000.WAV,Telephone Field,recover-20220922,001,1795
1697.3865,1697.4274,68437,82526,Rhinolophus ferrumequinum,0.022,0.022,-1,Echolocation,/mnt/ubna_data_02_mir/recover-20220922/UBNA_001/20220921_090000.WAV,Telephone Field,recover-20220922,001,1795
1697.4035,1697.4115,28046,35915,Eptesicus serotinus,0.015,0.033,-1,Echolocation,/mnt/ubna_data_02_mir/recover-20220922/UBNA_001/20220921_090000.WAV,Telephone Field,recover-20220922,001,1795
1697.4275,1697.4639,68437,81503,Rhinolophus ferrumequinum,0.025,0.025,-1,Echolocation,/mnt/ubna_data_02_mir/recover-20220922/UBNA_001/20220921_090000.WAV,Telephone Field,recover-20220922,001,1795
1697.4375,1697.4777,68437,81974,Rhinolophus ferrumequinum,0.022,0.022,-1,Echolocation,/mnt/ubna_data_02_mir/recover-20220922/UBNA_001/20220921_090000.WAV,Telephone Field,recover-20220922,001,1795
1697.4615,1697.503,68437,82729,Rhinolophus ferrumequinum,0.033,0.033,-1,Echolocation,/mnt/ubna_data_02_mir/recover-20220922/UBNA_001/20220921_090000.WAV,Telephone Field,recover-20220922,001,1795
1697.4825,1697.5223,68437,82574,Rhinolophus ferrumequinum,0.023,0.023,-1,Echolocation,/mnt/ubna_data_02_mir/recover-20220922/UBNA_001/20220921_090000.WAV,Telephone Field,recover-20220922,001,1795
1697.5165,1697.5542,68437,81538,Rhinolophus ferrumequinum,0.021,0.021,-1,Echolocation,/mnt/ubna_data_02_mir/recover-20220922/UBNA_001/20220921_090000.WAV,Telephone Field,recover-20220922,001,1795
1697.5635,1697.6029,68437,82597,Rhinolophus ferrumequinum,0.022,0.022,-1,Echolocation,/mnt/ubna_data_02_mir/recover-20220922/UBNA_001/20220921_090000.WAV,Telephone Field,recover-20220922,001,1795
1697.5905,1697.6293,68437,81705,Rhinolophus ferrumequinum,0.021,0.021,-1,Echolocation,/mnt/ubna_data_02_mir/recover-20220922/UBNA_001/20220921_090000.WAV,Telephone Field,recover-20220922,001,1795
1697.6025,1697.6134,23750,30218,Nyctalus leisleri,0.009,0.024,-1,Echolocation,/mnt/ubna_data_02_mir/recover-20220922/UBNA_001/20220921_090000.WAV,Telephone Field,recover-20220922,001,1795
1697.6125,1697.624,23750,29364,Nyctalus leisleri,0.009,0.021,-1,Echolocation,/mnt/ubna_data_02_mir/recover-20220922/UBNA_001/20220921_090000.WAV,Telephone Field,recover-20220922,001,1795
1697.6465,1697.6855,68437,81997,Rhinolophus ferrumequinum,0.022,0.022,-1,Echolocation,/mnt/ubna_data_02_mir/recover-20220922/UBNA_001/20220921_090000.WAV,Telephone Field,recover-20220922,001,1795
1697.6515,1697.6608,27187,35932,Eptesicus serotinus,0.012,0.026,-1,Echolocation,/mnt/ubna_data_02_mir/recover-20220922/UBNA_001/20220921_090000.WAV,Telephone Field,recover-20220922,001,1795
1697.6595,1697.7015,68437,82723,Rhinolophus ferrumequinum,0.022,0.022,-1,Echolocation,/mnt/ubna_data_02_mir/recover-20220922/UBNA_001/20220921_090000.WAV,Telephone Field,recover-20220922,001,1795
1697.6855,1697.6951,22031,28059,Plecotus austriacus,0.01,0.032,-1,Echolocation,/mnt/ubna_data_02_mir/recover-20220922/UBNA_001/20220921_090000.WAV,Telephone Field,recover-20220922,001,1795
1697.6865,1697.7288,68437,82911,Rhinolophus ferrumequinum,0.024,0.024,-1,Echolocation,/mnt/ubna_data_02_mir/recover-20220922/UBNA_001/20220921_090000.WAV,Telephone Field,recover-20220922,001,1795
1697.6955,1697.7364,68437,82454,Rhinolophus ferrumequinum,0.024,0.025,-1,Echolocation,/mnt/ubna_data_02_mir/recover-20220922/UBNA_001/20220921_090000.WAV,Telephone Field,recover-20220922,001,1795
1697.7035,1697.7456,68437,83057,Rhinolophus ferrumequinum,0.027,0.027,-1,Echolocation,/mnt/ubna_data_02_mir/recover-20220922/UBNA_001/20220921_090000.WAV,Telephone Field,recover-20220922,001,1795
1697.7155,1697.7545,68437,82085,Rhinolophus ferrumequinum,0.022,0.022,-1,Echolocation,/mnt/ubna_data_02_mir/recover-20220922/UBNA_001/20220921_090000.WAV,Telephone Field,recover-20220922,001,1795
1697.7435,1697.7548,26328,32353,Eptesicus serotinus,0.014,0.03,-1,Echolocation,/mnt/ubna_data_02_mir/recover-20220922/UBNA_001/20220921_090000.WAV,Telephone Field,recover-20220922,001,1795
1697.7535,1697.7649,13437,19307,Nyctalus noctula,0.011,0.022,-1,Echolocation,/mnt/ubna_data_02_mir/recover-20220922/UBNA_001/20220921_090000.WAV,Telephone Field,recover-20220922,001,1795
1697.7555,1697.7908,68437,80922,Rhinolophus ferrumequinum,0.023,0.023,-1,Echolocation,/mnt/ubna_data_02_mir/recover-20220922/UBNA_001/20220921_090000.WAV,Telephone Field,recover-20220922,001,1795
1697.7785,1697.8175,68437,81806,Rhinolophus ferrumequinum,0.03,0.03,-1,Echolocation,/mnt/ubna_data_02_mir/recover-20220922/UBNA_001/20220921_090000.WAV,Telephone Field,recover-20220922,001,1795
1697.7945,1697.8029,26328,36067,Eptesicus serotinus,0.008,0.021,-1,Echolocation,/mnt/ubna_data_02_mir/recover-20220922/UBNA_001/20220921_090000.WAV,Telephone Field,recover-20220922,001,1795
1697.8065,1697.8435,68437,81843,Rhinolophus ferrumequinum,0.022,0.022,-1,Echolocation,/mnt/ubna_data_02_mir/recover-20220922/UBNA_001/20220921_090000.WAV,Telephone Field,recover-20220922,001,1795
1697.8685,1697.8787,28046,35760,Eptesicus serotinus,0.009,0.022,-1,Echolocation,/mnt/ubna_data_02_mir/recover-20220922/UBNA_001/20220921_090000.WAV,Telephone Field,recover-20220922,001,1795
1697.8845,1697.9275,68437,82837,Rhinolophus ferrumequinum,0.025,0.025,-1,Echolocation,/mnt/ubna_data_02_mir/recover-20220922/UBNA_001/20220921_090000.WAV,Telephone Field,recover-20220922,001,1795
1697.8965,1697.9064,29765,37876,Eptesicus serotinus,0.009,0.022,-1,Echolocation,/mnt/ubna_data_02_mir/recover-20220922/UBNA_001/20220921_090000.WAV,Telephone Field,recover-20220922,001,1795
1697.9275,1697.9362,46953,52652,Pipistrellus pipistrellus,0.025,0.028,-1,Echolocation,/mnt/ubna_data_02_mir/recover-20220922/UBNA_001/20220921_090000.WAV,Telephone Field,recover-20220922,001,1795
1697.9475,1697.9901,68437,82937,Rhinolophus ferrumequinum,0.036,0.036,-1,Echolocation,/mnt/ubna_data_02_mir/recover-20220922/UBNA_001/20220921_090000.WAV,Telephone Field,recover-20220922,001,1795
1698.0015,1698.0096,25468,36685,Nyctalus leisleri,0.007,0.025,-1,Echolocation,/mnt/ubna_data_02_mir/recover-20220922/UBNA_001/20220921_090000.WAV,Telephone Field,recover-20220922,001,1795
1698.0015,1698.0158,17734,22737,Nyctalus noctula,0.01,0.024,-1,Echolocation,/mnt/ubna_data_02_mir/recover-20220922/UBNA_001/20220921_090000.WAV,Telephone Field,recover-20220922,001,1795
1698.0015,1698.0334,68437,80123,Rhinolophus ferrumequinum,0.038,0.038,-1,Echolocation,/mnt/ubna_data_02_mir/recover-20220922/UBNA_001/20220921_090000.WAV,Telephone Field,recover-20220922,001,1795
1698.0205,1698.0286,28046,36684,Eptesicus serotinus,0.007,0.021,-1,Echolocation,/mnt/ubna_data_02_mir/recover-20220922/UBNA_001/20220921_090000.WAV,Telephone Field,recover-20220922,001,1795
1698.0795,1698.1199,68437,82867,Rhinolophus ferrumequinum,0.026,0.026,-1,Echolocation,/mnt/ubna_data_02_mir/recover-20220922/UBNA_001/20220921_090000.WAV,Telephone Field,recover-20220922,001,1795
1698.1105,1698.1487,68437,81895,Rhinolophus ferrumequinum,0.021,0.021,-1,Echolocation,/mnt/ubna_data_02_mir/recover-20220922/UBNA_001/20220921_090000.WAV,Telephone Field,recover-20220922,001,1795
1698.1375,1698.178,68437,82018,Rhinolophus ferrumequinum,0.026,0.026,-1,Echolocation,/mnt/ubna_data_02_mir/recover-20220922/UBNA_001/20220921_090000.WAV,Telephone Field,recover-20220922,001,1795
1698.1695,1698.1774,27187,37586,Eptesicus serotinus,0.009,0.023,-1,Echolocation,/mnt/ubna_data_02_mir/recover-20220922/UBNA_001/20220921_090000.WAV,Telephone Field,recover-20220922,001,1795
1698.1695,1698.1796,35781,39840,Barbastellus barbastellus,0.031,0.079,-1,Echolocation,/mnt/ubna_data_02_mir/recover-20220922/UBNA_001/20220921_090000.WAV,Telephone Field,recover-20220922,001,1795
1698.1735,1698.2107,68437,81712,Rhinolophus ferrumequinum,0.022,0.022,-1,Echolocation,/mnt/ubna_data_02_mir/recover-20220922/UBNA_001/20220921_090000.WAV,Telephone Field,recover-20220922,001,1795
1698.1965,1698.2362,68437,82319,Rhinolophus ferrumequinum,0.022,0.022,-1,Echolocation,/mnt/ubna_data_02_mir/recover-20220922/UBNA_001/20220921_090000.WAV,Telephone Field,recover-20220922,001,1795
1698.2025,1698.243,68437,82665,Rhinolophus ferrumequinum,0.021,0.021,-1,Echolocation,/mnt/ubna_data_02_mir/recover-20220922/UBNA_001/20220921_090000.WAV,Telephone Field,recover-20220922,001,1795
1698.2165,1698.2247,14296,24161,Plecotus auritus,0.012,0.029,-1,Echolocation,/mnt/ubna_data_02_mir/recover-20220922/UBNA_001/20220921_090000.WAV,Telephone Field,recover-20220922,001,1795
1698.2215,1698.2648,68437,82896,Rhinolophus ferrumequinum,0.025,0.025,-1,Echolocation,/mnt/ubna_data_02_mir/recover-20220922/UBNA_001/20220921_090000.WAV,Telephone Field,recover-20220922,001,1795
1698.2235,1698.2322,28046,38948,Eptesicus serotinus,0.008,0.022,-1,Echolocation,/mnt/ubna_data_02_mir/recover-20220922/UBNA_001/20220921_090000.WAV,Telephone Field,recover-20220922,001,1795
1698.2475,1698.2839,68437,81730,Rhinolophus ferrumequinum,0.021,0.021,-1,Echolocation,/mnt/ubna_data_02_mir/recover-20220922/UBNA_001/20220921_090000.WAV,Telephone Field,recover-20220922,001,1795
1698.2655,1698.3045,68437,81566,Rhinolophus ferrumequinum,0.021,0.021,-1,Echolocation,/mnt/ubna_data_02_mir/recover-20220922/UBNA_001/20220921_090000.WAV,Telephone Field,recover-20220922,001,1795
1698.2715,1698.3129,68437,81878,Rhinolophus ferrumequinum,0.022,0.022,-1,Echolocation,/mnt/ubna_data_02_mir/recover-20220922/UBNA_001/20220921_090000.WAV,Telephone Field,recover-20220922,001,1795
1698.2775,1698.2853,31484,46135,Myotis daubentonii,0.008,0.021,-1,Echolocation,/mnt/ubna_data_02_mir/recover-20220922/UBNA_001/20220921_090000.WAV,Telephone Field,recover-20220922,001,1795
1698.2795,1698.292,22890,28212,Nyctalus leisleri,0.014,0.028,-1,Echolocation,/mnt/ubna_data_02_mir/recover-20220922/UBNA_001/20220921_090000.WAV,Telephone Field,recover-20220922,001,1795
1698.2815,1698.3217,68437,82823,Rhinolophus ferrumequinum,0.033,0.033,-1,Echolocation,/mnt/ubna_data_02_mir/recover-20220922/UBNA_001/20220921_090000.WAV,Telephone Field,recover-20220922,001,1795
1698.2975,1698.3383,68437,82538,Rhinolophus ferrumequinum,0.022,0.022,-1,Echolocation,/mnt/ubna_data_02_mir/recover-20220922/UBNA_001/20220921_090000.WAV,Telephone Field,recover-20220922,001,1795
1698.3185,1698.3556,68437,82035,Rhinolophus ferrumequinum,0.022,0.022,-1,Echolocation,/mnt/ubna_data_02_mir/recover-20220922/UBNA_001/20220921_090000.WAV,Telephone Field,recover-20220922,001,1795
1698.3595,1698.371,28046,35662,Eptesicus serotinus,0.012,0.026,-1,Echolocation,/mnt/ubna_data_02_mir/recover-20220922/UBNA_001/20220921_090000.WAV,Telephone Field,recover-20220922,001,1795
1698.3775,1698.4195,68437,82657,Rhinolophus ferrumequinum,0.04,0.04,-1,Echolocation,/mnt/ubna_data_02_mir/recover-20220922/UBNA_001/20220921_090000.WAV,Telephone Field,recover-20220922,001,1795
1698.4125,1698.4497,68437,81454,Rhinolophus ferrumequinum,0.024,0.024,-1,Echolocation,/mnt/ubna_data_02_mir/recover-20220922/UBNA_001/20220921_090000.WAV,Telephone Field,recover-20220922,001,1795
1698.4595,1698.4674,28046,35760,Eptesicus serotinus,0.022,0.059,-1,Echolocation,/mnt/ubna_data_02_mir/recover-20220922/UBNA_001/20220921_090000.WAV,Telephone Field,recover-20220922,001,1795
1698.4915,1698.5285,68437,81211,Rhinolophus ferrumequinum,0.022,0.022,-1,Echolocation,/mnt/ubna_data_02_mir/recover-20220922/UBNA_001/20220921_090000.WAV,Telephone Field,recover-20220922,001,1795
1698.5145,1698.556,68437,83007,Rhinolophus ferrumequinum,0.024,0.024,-1,Echolocation,/mnt/ubna_data_02_mir/recover-20220922/UBNA_001/20220921_090000.WAV,Telephone Field,recover-20220922,001,1795
1698.5185,1698.5269,28046,38572,Eptesicus serotinus,0.008,0.023,-1,Echolocation,/mnt/ubna_data_02_mir/recover-20220922/UBNA_001/20220921_090000.WAV,Telephone Field,recover-20220922,001,1795
1698.5255,1698.5677,68437,83220,Rhinolophus ferrumequinum,0.023,0.023,-1,Echolocation,/mnt/ubna_data_02_mir/recover-20220922/UBNA_001/20220921_090000.WAV,Telephone Field,recover-20220922,001,1795
1698.5505,1698.5892,68437,82404,Rhinolophus ferrumequinum,0.03,0.03,-1,Echolocation,/mnt/ubna_data_02_mir/recover-20220922/UBNA_001/20220921_090000.WAV,Telephone Field,recover-20220922,001,1795
1698.5805,1698.6209,68437,82323,Rhinolophus ferrumequinum,0.021,0.021,-1,Echolocation,/mnt/ubna_data_02_mir/recover-20220922/UBNA_001/20220921_090000.WAV,Telephone Field,recover-20220922,001,1795
1698.6185,1698.6263,32343,42655,Myotis daubentonii,0.009,0.026,-1,Echolocation,/mnt/ubna_data_02_mir/recover-20220922/UBNA_001/20220921_090000.WAV,Telephone Field,recover-20220922,001,1795
1698.6375,1698.648,28906,36282,Eptesicus serotinus,0.01,0.022,-1,Echolocation,/mnt/ubna_data_02_mir/recover-20220922/UBNA_001/20220921_090000.WAV,Telephone Field,recover-20220922,001,1795
1698.6405,1698.6779,68437,80774,Rhinolophus ferrumequinum,0.024,0.025,-1,Echolocation,/mnt/ubna_data_02_mir/recover-20220922/UBNA_001/20220921_090000.WAV,Telephone Field,recover-20220922,001,1795
1698.6445,1698.6521,24609,33215,Plecotus austriacus,0.008,0.023,-1,Echolocation,/mnt/ubna_data_02_mir/recover-20220922/UBNA_001/20220921_090000.WAV,Telephone Field,recover-20220922,001,1795
1698.7345,1698.7698,68437,81530,Rhinolophus ferrumequinum,0.021,0.021,-1,Echolocation,/mnt/ubna_data_02_mir/recover-20220922/UBNA_001/20220921_090000.WAV,Telephone Field,recover-20220922,001,1795
1698.7485,1698.7563,24609,33304,Plecotus austriacus,0.008,0.023,-1,Echolocation,/mnt/ubna_data_02_mir/recover-20220922/UBNA_001/20220921_090000.WAV,Telephone Field,recover-20220922,001,1795
1698.7525,1698.7619,28906,36505,Eptesicus serotinus,0.008,0.023,-1,Echolocation,/mnt/ubna_data_02_mir/recover-20220922/UBNA_001/20220921_090000.WAV,Telephone Field,recover-20220922,001,1795
1698.7535,1698.7967,68437,83186,Rhinolophus ferrumequinum,0.042,0.042,-1,Echolocation,/mnt/ubna_data_02_mir/recover-20220922/UBNA_001/20220921_090000.WAV,Telephone Field,recover-20220922,001,1795
1698.7815,1698.8205,68437,82451,Rhinolophus ferrumequinum,0.024,0.024,-1,Echolocation,/mnt/ubna_data_02_mir/recover-20220922/UBNA_001/20220921_090000.WAV,Telephone Field,recover-20220922,001,1795
1698.8005,1698.8373,68437,82078,Rhinolophus ferrumequinum,0.023,0.023,-1,Echolocation,/mnt/ubna_data_02_mir/recover-20220922/UBNA_001/20220921_090000.WAV,Telephone Field,recover-20220922,001,1795
1698.8045,1698.8126,28906,38673,Eptesicus serotinus,0.009,0.024,-1,Echolocation,/mnt/ubna_data_02_mir/recover-20220922/UBNA_001/20220921_090000.WAV,Telephone Field,recover-20220922,001,1795
1698.8185,1698.8589,68437,82920,Rhinolophus ferrumequinum,0.027,0.027,-1,Echolocation,/mnt/ubna_data_02_mir/recover-20220922/UBNA_001/20220921_090000.WAV,Telephone Field,recover-20220922,001,1795
1698.8425,1698.8804,68437,81388,Rhinolophus ferrumequinum,0.023,0.023,-1,Echolocation,/mnt/ubna_data_02_mir/recover-20220922/UBNA_001/20220921_090000.WAV,Telephone Field,recover-20220922,001,1795
1698.8575,1698.8668,45234,52403,Pipistrellus pipistrellus,0.016,0.021,-1,Echolocation,/mnt/ubna_data_02_mir/recover-20220922/UBNA_001/20220921_090000.WAV,Telephone Field,recover-20220922,001,1795
1698.8865,1698.9271,68437,82960,Rhinolophus ferrumequinum,0.028,0.028,-1,Echolocation,/mnt/ubna_data_02_mir/recover-20220922/UBNA_001/20220921_090000.WAV,Telephone Field,recover-20220922,001,1795
1698.8905,1698.9081,22031,26750,Nyctalus leisleri,0.021,0.042,-1,Echolocation,/mnt/ubna_data_02_mir/recover-20220922/UBNA_001/20220921_090000.WAV,Telephone Field,recover-20220922,001,1795
1698.8995,1698.907,28906,36640,Eptesicus serotinus,0.007,0.021,-1,Echolocation,/mnt/ubna_data_02_mir/recover-20220922/UBNA_001/20220921_090000.WAV,Telephone Field,recover-20220922,001,1795
1698.9115,1698.9524,68437,82702,Rhinolophus ferrumequinum,0.023,0.023,-1,Echolocation,/mnt/ubna_data_02_mir/recover-20220922/UBNA_001/20220921_090000.WAV,Telephone Field,recover-20220922,001,1795
1698.9285,1698.9654,68437,82016,Rhinolophus ferrumequinum,0.021,0.021,-1,Echolocation,/mnt/ubna_data_02_mir/recover-20220922/UBNA_001/20220921_090000.WAV,Telephone Field,recover-20220922,001,1795
1698.9475,1698.9886,68437,82973,Rhinolophus ferrumequinum,0.026,0.026,-1,Echolocation,/mnt/ubna_data_02_mir/recover-20220922/UBNA_001/20220921_090000.WAV,Telephone Field,recover-20220922,001,1795
1698.9915,1699.0349,68437,82968,Rhinolophus ferrumequinum,0.027,0.027,-1,Echolocation,/mnt/ubna_data_02_mir/recover-20220922/UBNA_001/20220921_090000.WAV,Telephone Field,recover-20220922,001,1795
1699.0395,1699.0465,22890,31598,Plecotus austriacus,0.016,0.03,-1,Echolocation,/mnt/ubna_data_02_mir/recover-20220922/UBNA_001/20220921_090000.WAV,Telephone Field,recover-20220922,001,1795
1699.0645,1699.1029,68437,82261,Rhinolophus ferrumequinum,0.024,0.024,-1,Echolocation,/mnt/ubna_data_02_mir/recover-20220922/UBNA_001/20220921_090000.WAV,Telephone Field,recover-20220922,001,1795
1699.0685,1699.079,27187,35290,Eptesicus serotinus,0.014,0.027,-1,Echolocation,/mnt/ubna_data_02_mir/recover-20220922/UBNA_001/20220921_090000.WAV,Telephone Field,recover-20220922,001,1795
1699.1015,1699.1097,25468,34961,Eptesicus serotinus,0.008,0.021,-1,Echolocation,/mnt/ubna_data_02_mir/recover-20220922/UBNA_001/20220921_090000.WAV,Telephone Field,recover-20220922,001,1795
1699.1215,1699.1574,68437,81415,Rhinolophus ferrumequinum,0.021,0.022,-1,Echolocation,/mnt/ubna_data_02_mir/recover-20220922/UBNA_001/20220921_090000.WAV,Telephone Field,recover-20220922,001,1795
1699.1275,1699.1665,68437,81921,Rhinolophus ferrumequinum,0.022,0.022,-1,Echolocation,/mnt/ubna_data_02_mir/recover-20220922/UBNA_001/20220921_090000.WAV,Telephone Field,recover-20220922,001,1795
1699.1465,1699.183,68437,82053,Rhinolophus ferrumequinum,0.023,0.023,-1,Echolocation,/mnt/ubna_data_02_mir/recover-20220922/UBNA_001/20220921_090000.WAV,Telephone Field,recover-20220922,001,1795
1699.1745,1699.2139,68437,81977,Rhinolophus ferrumequinum,0.023,0.023,-1,Echolocation,/mnt/ubna_data_02_mir/recover-20220922/UBNA_001/20220921_090000.WAV,Telephone Field,recover-20220922,001,1795
1699.1975,1699.2359,68437,82109,Rhinolophus ferrumequinum,0.022,0.022,-1,Echolocation,/mnt/ubna_data_02_mir/recover-20220922/UBNA_001/20220921_090000.WAV,Telephone Field,recover-20220922,001,1795
1699.2065,1699.2145,22890,30683,Plecotus austriacus,0.01,0.022,-1,Echolocation,/mnt/ubna_data_02_mir/recover-20220922/UBNA_001/20220921_090000.WAV,Telephone Field,recover-20220922,001,1795
1699.2115,1699.2502,68437,82699,Rhinolophus ferrumequinum,0.023,0.023,-1,Echolocation,/mnt/ubna_data_02_mir/recover-20220922/UBNA_001/20220921_090000.WAV,Telephone Field,recover-20220922,001,1795
1699.2255,1699.2364,28046,35266,Eptesicus serotinus,0.011,0.022,-1,Echolocation,/mnt/ubna_data_02_mir/recover-20220922/UBNA_001/20220921_090000.WAV,Telephone Field,recover-20220922,001,1795
1699.2285,1699.2706,68437,82869,Rhinolophus ferrumequinum,0.04,0.04,-1,Echolocation,/mnt/ubna_data_02_mir/recover-20220922/UBNA_001/20220921_090000.WAV,Telephone Field,recover-20220922,001,1795
1699.2385,1699.247,28046,41345,Eptesicus serotinus,0.007,0.021,-1,Echolocation,/mnt/ubna_data_02_mir/recover-20220922/UBNA_001/20220921_090000.WAV,Telephone Field,recover-20220922,001,1795
1699.2805,1699.322,68437,82825,Rhinolophus ferrumequinum,0.025,0.025,-1,Echolocation,/mnt/ubna_data_02_mir/recover-20220922/UBNA_001/20220921_090000.WAV,Telephone Field,recover-20220922,001,1795
1699.2865,1699.329,68437,82392,Rhinolophus ferrumequinum,0.027,0.027,-1,Echolocation,/mnt/ubna_data_02_mir/recover-20220922/UBNA_001/20220921_090000.WAV,Telephone Field,recover-20220922,001,1795
1699.3215,1699.3621,68437,82320,Rhinolophus ferrumequinum,0.021,0.022,-1,Echolocation,/mnt/ubna_data_02_mir/recover-20220922/UBNA_001/20220921_090000.WAV,Telephone Field,recover-20220922,001,1795
1699.3355,1699.3475,22890,27488,Nyctalus leisleri,0.012,0.023,-1,Echolocation,/mnt/ubna_data_02_mir/recover-20220922/UBNA_001/20220921_090000.WAV,Telephone Field,recover-20220922,001,1795
1699.3425,1699.3533,23750,29028,Nyctalus leisleri,0.012,0.024,-1,Echolocation,/mnt/ubna_data_02_mir/recover-20220922/UBNA_001/20220921_090000.WAV,Telephone Field,recover-20220922,001,1795
1699.3445,1699.3836000000001,68437,82110,Rhinolophus ferrumequinum,0.021,0.021,-1,Echolocation,/mnt/ubna_data_02_mir/recover-20220922/UBNA_001/20220921_090000.WAV,Telephone Field,recover-20220922,001,1795
1699.3515,1699.3608,27187,37048,Eptesicus serotinus,0.008,0.021,-1,Echolocation,/mnt/ubna_data_02_mir/recover-20220922/UBNA_001/20220921_090000.WAV,Telephone Field,recover-20220922,001,1795
1699.3805,1699.4196,68437,82643,Rhinolophus ferrumequinum,0.026,0.026,-1,Echolocation,/mnt/ubna_data_02_mir/recover-20220922/UBNA_001/20220921_090000.WAV,Telephone Field,recover-20220922,001,1795
1699.3955,1699.4355,68437,82371,Rhinolophus ferrumequinum,0.023,0.023,-1,Echolocation,/mnt/ubna_data_02_mir/recover-20220922/UBNA_001/20220921_090000.WAV,Telephone Field,recover-20220922,001,1795
1699.4095,1699.4211,23750,29911,Nyctalus leisleri,0.011,0.026,-1,Echolocation,/mnt/ubna_data_02_mir/recover-20220922/UBNA_001/20220921_090000.WAV,Telephone Field,recover-20220922,001,1795
1699.4285,1699.4664,68437,81964,Rhinolophus ferrumequinum,0.021,0.021,-1,Echolocation,/mnt/ubna_data_02_mir/recover-20220922/UBNA_001/20220921_090000.WAV,Telephone Field,recover-20220922,001,1795
1699.4295,1699.4401,22890,28260,Nyctalus leisleri,0.014,0.03,-1,Echolocation,/mnt/ubna_data_02_mir/recover-20220922/UBNA_001/20220921_090000.WAV,Telephone Field,recover-20220922,001,1795
1699.4975,1699.5075,25468,33206,Eptesicus serotinus,0.01,0.024,-1,Echolocation,/mnt/ubna_data_02_mir/recover-20220922/UBNA_001/20220921_090000.WAV,Telephone Field,recover-20220922,001,1795
1699.5035,1699.5442,68437,82766,Rhinolophus ferrumequinum,0.032,0.032,-1,Echolocation,/mnt/ubna_data_02_mir/recover-20220922/UBNA_001/20220921_090000.WAV,Telephone Field,recover-20220922,001,1795
1699.5405,1699.5785,68437,81165,Rhinolophus ferrumequinum,0.024,0.024,-1,Echolocation,/mnt/ubna_data_02_mir/recover-20220922/UBNA_001/20220921_090000.WAV,Telephone Field,recover-20220922,001,1795
1699.5445,1699.5537,25468,34377,Eptesicus serotinus,0.009,0.026,-1,Echolocation,/mnt/ubna_data_02_mir/recover-20220922/UBNA_001/20220921_090000.WAV,Telephone Field,recover-20220922,001,1795
1699.5515,1699.5885,68437,81649,Rhinolophus ferrumequinum,0.021,0.021,-1,Echolocation,/mnt/ubna_data_02_mir/recover-20220922/UBNA_001/20220921_090000.WAV,Telephone Field,recover-20220922,001,1795
1699.5555,1699.5639,23750,31062,Plecotus austriacus,0.008,0.026,-1,Echolocation,/mnt/ubna_data_02_mir/recover-20220922/UBNA_001/20220921_090000.WAV,Telephone Field,recover-20220922,001,1795
1699.6115,1699.6244,24609,29703,Nyctalus leisleri,0.01,0.022,-1,Echolocation,/mnt/ubna_data_02_mir/recover-20220922/UBNA_001/20220921_090000.WAV,Telephone Field,recover-20220922,001,1795
1699.6305,1699.6678,68437,82129,Rhinolophus ferrumequinum,0.023,0.023,-1,Echolocation,/mnt/ubna_data_02_mir/recover-20220922/UBNA_001/20220921_090000.WAV,Telephone Field,recover-20220922,001,1795
1699.6885,1699.695,28046,39413,Eptesicus serotinus,0.005,0.024,-1,Echolocation,/mnt/ubna_data_02_mir/recover-20220922/UBNA_001/20220921_090000.WAV,Telephone Field,recover-20220922,001,1795
1699.7215,1699.7597,68437,81893,Rhinolophus ferrumequinum,0.026,0.026,-1,Echolocation,/mnt/ubna_data_02_mir/recover-20220922/UBNA_001/20220921_090000.WAV,Telephone Field,recover-20220922,001,1795
1699.7545,1699.7936,68437,82173,Rhinolophus ferrumequinum,0.023,0.023,-1,Echolocation,/mnt/ubna_data_02_mir/recover-20220922/UBNA_001/20220921_090000.WAV,Telephone Field,recover-20220922,001,1795
1699.7635,1699.8015,68437,81958,Rhinolophus ferrumequinum,0.022,0.022,-1,Echolocation,/mnt/ubna_data_02_mir/recover-20220922/UBNA_001/20220921_090000.WAV,Telephone Field,recover-20220922,001,1795
1699.7705,1699.8104,68437,81811,Rhinolophus ferrumequinum,0.022,0.022,-1,Echolocation,/mnt/ubna_data_02_mir/recover-20220922/UBNA_001/20220921_090000.WAV,Telephone Field,recover-20220922,001,1795
1699.7795,1699.7862,23750,34222,Plecotus austriacus,0.017,0.037,-1,Echolocation,/mnt/ubna_data_02_mir/recover-20220922/UBNA_001/20220921_090000.WAV,Telephone Field,recover-20220922,001,1795
1699.7915,1699.8299,68437,82135,Rhinolophus ferrumequinum,0.026,0.026,-1,Echolocation,/mnt/ubna_data_02_mir/recover-20220922/UBNA_001/20220921_090000.WAV,Telephone Field,recover-20220922,001,1795
1699.8205,1699.8605,68437,82569,Rhinolophus ferrumequinum,0.022,0.022,-1,Echolocation,/mnt/ubna_data_02_mir/recover-20220922/UBNA_001/20220921_090000.WAV,Telephone Field,recover-20220922,001,1795
1699.8615,1699.8962,68437,80483,Rhinolophus ferrumequinum,0.021,0.021,-1,Echolocation,/mnt/ubna_data_02_mir/recover-20220922/UBNA_001/20220921_090000.WAV,Telephone Field,recover-20220922,001,1795
1699.8755,1699.9173,68437,82546,Rhinolophus ferrumequinum,0.033,0.033,-1,Echolocation,/mnt/ubna_data_02_mir/recover-20220922/UBNA_001/20220921_090000.WAV,Telephone Field,recover-20220922,001,1795
1699.8855,1699.8926,28046,42032,Eptesicus serotinus,0.006,0.021,-1,Echolocation,/mnt/ubna_data_02_mir/recover-20220922/UBNA_001/20220921_090000.WAV,Telephone Field,recover-20220922,001,1795
1699.9285,1699.9673,68437,81851,Rhinolophus ferrumequinum,0.023,0.023,-1,Echolocation,/mnt/ubna_data_02_mir/recover-20220922/UBNA_001/20220921_090000.WAV,Telephone Field,recover-20220922,001,1795
1700.0015,1700.035,68437,80603,Rhinolophus ferrumequinum,0.053,0.054,-1,Echolocation,/mnt/ubna_data_02_mir/recover-20220922/UBNA_001/20220921_090000.WAV,Telephone Field,recover-20220922,001,1795
1700.0015,1700.0104,22031,28183,Nyctalus leisleri,0.011,0.028,-1,Echolocation,/mnt/ubna_data_02_mir/recover-20220922/UBNA_001/20220921_090000.WAV,Telephone Field,recover-20220922,001,1795
1700.0085,1700.054,68437,83445,Rhinolophus ferrumequinum,0.025,0.025,-1,Echolocation,/mnt/ubna_data_02_mir/recover-20220922/UBNA_001/20220921_090000.WAV,Telephone Field,recover-20220922,001,1795
1700.0195,1700.0639,68437,83513,Rhinolophus ferrumequinum,0.024,0.024,-1,Echolocation,/mnt/ubna_data_02_mir/recover-20220922/UBNA_001/20220921_090000.WAV,Telephone Field,recover-20220922,001,1795
1700.0575,1700.0944,68437,82283,Rhinolophus ferrumequinum,0.023,0.023,-1,Echolocation,/mnt/ubna_data_02_mir/recover-20220922/UBNA_001/20220921_090000.WAV,Telephone Field,recover-20220922,001,1795
1700.0855,1700.127,68437,83098,Rhinolophus ferrumequinum,0.028,0.028,-1,Echolocation,/mnt/ubna_data_02_mir/recover-20220922/UBNA_001/20220921_090000.WAV,Telephone Field,recover-20220922,001,1795
1700.1165,1700.127,22890,28193,Nyctalus leisleri,0.01,0.021,-1,Echolocation,/mnt/ubna_data_02_mir/recover-20220922/UBNA_001/20220921_090000.WAV,Telephone Field,recover-20220922,001,1795
1700.1725,1700.2132,68437,82559,Rhinolophus ferrumequinum,0.027,0.027,-1,Echolocation,/mnt/ubna_data_02_mir/recover-20220922/UBNA_001/20220921_090000.WAV,Telephone Field,recover-20220922,001,1795
1700.2225,1700.2586000000001,68437,81658,Rhinolophus ferrumequinum,0.026,0.026,-1,Echolocation,/mnt/ubna_data_02_mir/recover-20220922/UBNA_001/20220921_090000.WAV,Telephone Field,recover-20220922,001,1795
1700.2405,1700.2796,68437,82087,Rhinolophus ferrumequinum,0.022,0.022,-1,Echolocation,/mnt/ubna_data_02_mir/recover-20220922/UBNA_001/20220921_090000.WAV,Telephone Field,recover-20220922,001,1795
1700.2435,1700.2565,40937,44518,Pipistrellus nathusii,0.027,0.039,-1,Echolocation,/mnt/ubna_data_02_mir/recover-20220922/UBNA_001/20220921_090000.WAV,Telephone Field,recover-20220922,001,1795
1700.2605,1700.2696,25468,32746,Eptesicus serotinus,0.007,0.023,-1,Echolocation,/mnt/ubna_data_02_mir/recover-20220922/UBNA_001/20220921_090000.WAV,Telephone Field,recover-20220922,001,1795
1700.2625,1700.3009,68437,82194,Rhinolophus ferrumequinum,0.024,0.024,-1,Echolocation,/mnt/ubna_data_02_mir/recover-20220922/UBNA_001/20220921_090000.WAV,Telephone Field,recover-20220922,001,1795
1700.3035,1700.3116,26328,35419,Eptesicus serotinus,0.009,0.023,-1,Echolocation,/mnt/ubna_data_02_mir/recover-20220922/UBNA_001/20220921_090000.WAV,Telephone Field,recover-20220922,001,1795
1700.3145,1700.3562,68437,82490,Rhinolophus ferrumequinum,0.033,0.033,-1,Echolocation,/mnt/ubna_data_02_mir/recover-20220922/UBNA_001/20220921_090000.WAV,Telephone Field,recover-20220922,001,1795
1700.3295,1700.366,68437,81245,Rhinolophus ferrumequinum,0.024,0.024,-1,Echolocation,/mnt/ubna_data_02_mir/recover-20220922/UBNA_001/20220921_090000.WAV,Telephone Field,recover-20220922,001,1795
1700.3525,1700.3924,68437,81959,Rhinolophus ferrumequinum,0.022,0.022,-1,Echolocation,/mnt/ubna_data_02_mir/recover-20220922/UBNA_001/20220921_090000.WAV,Telephone Field,recover-20220922,001,1795
1700.3685,1700.4034,68437,81410,Rhinolophus ferrumequinum,0.022,0.022,-1,Echolocation,/mnt/ubna_data_02_mir/recover-20220922/UBNA_001/20220921_090000.WAV,Telephone Field,recover-20220922,001,1795
1700.3735,1700.3883,22031,25864,Nyctalus leisleri,0.015,0.025,-1,Echolocation,/mnt/ubna_data_02_mir/recover-20220922/UBNA_001/20220921_090000.WAV,Telephone Field,recover-20220922,001,1795
1700.3955,1700.4351,68437,82404,Rhinolophus ferrumequinum,0.04,0.04,-1,Echolocation,/mnt/ubna_data_02_mir/recover-20220922/UBNA_001/20220921_090000.WAV,Telephone Field,recover-20220922,001,1795
1700.4135,1700.4236,28046,36184,Eptesicus serotinus,0.01,0.022,-1,Echolocation,/mnt/ubna_data_02_mir/recover-20220922/UBNA_001/20220921_090000.WAV,Telephone Field,recover-20220922,001,1795
1700.4365,1700.4463,28906,38349,Eptesicus serotinus,0.012,0.027,-1,Echolocation,/mnt/ubna_data_02_mir/recover-20220922/UBNA_001/20220921_090000.WAV,Telephone Field,recover-20220922,001,1795
1700.4735,1700.5128,68437,82357,Rhinolophus ferrumequinum,0.022,0.022,-1,Echolocation,/mnt/ubna_data_02_mir/recover-20220922/UBNA_001/20220921_090000.WAV,Telephone Field,recover-20220922,001,1795
1700.4805,1700.4881,24609,33678,Plecotus austriacus,0.006,0.022,-1,Echolocation,/mnt/ubna_data_02_mir/recover-20220922/UBNA_001/20220921_090000.WAV,Telephone Field,recover-20220922,001,1795
1700.4995,1700.5119,15156,21282,Nyctalus noctula,0.016,0.024,-1,Echolocation,/mnt/ubna_data_02_mir/recover-20220922/UBNA_001/20220921_090000.WAV,Telephone Field,recover-20220922,001,1795
1700.5045,1700.5406,68437,81705,Rhinolophus ferrumequinum,0.021,0.021,-1,Echolocation,/mnt/ubna_data_02_mir/recover-20220922/UBNA_001/20220921_090000.WAV,Telephone Field,recover-20220922,001,1795
1700.5145,1700.5244,28906,37363,Eptesicus serotinus,0.016,0.032,-1,Echolocation,/mnt/ubna_data_02_mir/recover-20220922/UBNA_001/20220921_090000.WAV,Telephone Field,recover-20220922,001,1795
1700.5525,1700.5876,68437,81136,Rhinolophus ferrumequinum,0.025,0.025,-1,Echolocation,/mnt/ubna_data_02_mir/recover-20220922/UBNA_001/20220921_090000.WAV,Telephone Field,recover-20220922,001,1795
1700.5605,1700.5965,68437,81657,Rhinolophus ferrumequinum,0.022,0.022,-1,Echolocation,/mnt/ubna_data_02_mir/recover-20220922/UBNA_001/20220921_090000.WAV,Telephone Field,recover-20220922,001,1795
1700.6185,1700.6283,27187,34960,Eptesicus serotinus,0.011,0.023,-1,Echolocation,/mnt/ubna_data_02_mir/recover-20220922/UBNA_001/20220921_090000.WAV,Telephone Field,recover-20220922,001,1795
1700.6425,1700.6536,22890,27918,Nyctalus leisleri,0.014,0.027,-1,Echolocation,/mnt/ubna_data_02_mir/recover-20220922/UBNA_001/20220921_090000.WAV,Telephone Field,recover-20220922,001,1795
1700.6585,1700.6981,68437,82506,Rhinolophus ferrumequinum,0.026,0.026,-1,Echolocation,/mnt/ubna_data_02_mir/recover-20220922/UBNA_001/20220921_090000.WAV,Telephone Field,recover-20220922,001,1795
1700.6875,1700.7277,68437,82068,Rhinolophus ferrumequinum,0.029,0.029,-1,Echolocation,/mnt/ubna_data_02_mir/recover-20220922/UBNA_001/20220921_090000.WAV,Telephone Field,recover-20220922,001,1795
1700.7135,1700.7217,27187,37568,Eptesicus serotinus,0.01,0.024,-1,Echolocation,/mnt/ubna_data_02_mir/recover-20220922/UBNA_001/20220921_090000.WAV,Telephone Field,recover-20220922,001,1795
1700.7275,1700.7699,68437,83290,Rhinolophus ferrumequinum,0.033,0.033,-1,Echolocation,/mnt/ubna_data_02_mir/recover-20220922/UBNA_001/20220921_090000.WAV,Telephone Field,recover-20220922,001,1795
1700.8035,1700.8424,68437,82566,Rhinolophus ferrumequinum,0.024,0.024,-1,Echolocation,/mnt/ubna_data_02_mir/recover-20220922/UBNA_001/20220921_090000.WAV,Telephone Field,recover-20220922,001,1795
1700.8155,1700.8534,68437,82027,Rhinolophus ferrumequinum,0.022,0.022,-1,Echolocation,/mnt/ubna_data_02_mir/recover-20220922/UBNA_001/20220921_090000.WAV,Telephone Field,recover-20220922,001,1795
1700.8445,1700.8535,28046,36789,Eptesicus serotinus,0.01,0.024,-1,Echolocation,/mnt/ubna_data_02_mir/recover-20220922/UBNA_001/20220921_090000.WAV,Telephone Field,recover-20220922,001,1795
1700.8545,1700.8629,27187,38964,Eptesicus serotinus,0.007,0.021,-1,Echolocation,/mnt/ubna_data_02_mir/recover-20220922/UBNA_001/20220921_090000.WAV,Telephone Field,recover-20220922,001,1795
1700.8815,1700.8895,28046,39485,Eptesicus serotinus,0.007,0.021,-1,Echolocation,/mnt/ubna_data_02_mir/recover-20220922/UBNA_001/20220921_090000.WAV,Telephone Field,recover-20220922,001,1795
1700.8975,1700.9101,22890,27307,Nyctalus leisleri,0.013,0.023,-1,Echolocation,/mnt/ubna_data_02_mir/recover-20220922/UBNA_001/20220921_090000.WAV,Telephone Field,recover-20220922,001,1795
1700.9755,1700.9845,25468,33482,Eptesicus serotinus,0.007,0.022,-1,Echolocation,/mnt/ubna_data_02_mir/recover-20220922/UBNA_001/20220921_090000.WAV,Telephone Field,recover-20220922,001,1795
1700.9815,1701.0182,68437,82593,Rhinolophus ferrumequinum,0.022,0.022,-1,Echolocation,/mnt/ubna_data_02_mir/recover-20220922/UBNA_001/20220921_090000.WAV,Telephone Field,recover-20220922,001,1795
1700.9945,1701.0361,68437,82843,Rhinolophus ferrumequinum,0.027,0.027,-1,Echolocation,/mnt/ubna_data_02_mir/recover-20220922/UBNA_001/20220921_090000.WAV,Telephone Field,recover-20220922,001,1795
1701.0265,1701.0637,68437,82765,Rhinolophus ferrumequinum,0.025,0.025,-1,Echolocation,/mnt/ubna_data_02_mir/recover-20220922/UBNA_001/20220921_090000.WAV,Telephone Field,recover-20220922,001,1795
1701.0465,1701.0841,68437,82178,Rhinolophus ferrumequinum,0.021,0.021,-1,Echolocation,/mnt/ubna_data_02_mir/recover-20220922/UBNA_001/20220921_090000.WAV,Telephone Field,recover-20220922,001,1795
1701.0705,1701.1077,68437,82090,Rhinolophus ferrumequinum,0.022,0.022,-1,Echolocation,/mnt/ubna_data_02_mir/recover-20220922/UBNA_001/20220921_090000.WAV,Telephone Field,recover-20220922,001,1795
1701.0975,1701.1329,68437,82168,Rhinolophus ferrumequinum,0.025,0.025,-1,Echolocation,/mnt/ubna_data_02_mir/recover-20220922/UBNA_001/20220921_090000.WAV,Telephone Field,recover-20220922,001,1795
1701.1125,1701.151,68437,82584,Rhinolophus ferrumequinum,0.023,0.023,-1,Echolocation,/mnt/ubna_data_02_mir/recover-20220922/UBNA_001/20220921_090000.WAV,Telephone Field,recover-20220922,001,1795
1701.1375,1701.1773,68437,82642,Rhinolophus ferrumequinum,0.028,0.028,-1,Echolocation,/mnt/ubna_data_02_mir/recover-20220922/UBNA_001/20220921_090000.WAV,Telephone Field,recover-20220922,001,1795
1701.1375,1701.1477,23750,30090,Nyctalus leisleri,0.013,0.039,-1,Echolocation,/mnt/ubna_data_02_mir/recover-20220922/UBNA_001/20220921_090000.WAV,Telephone Field,recover-20220922,001,1795
1701.1455,1701.1843,68437,82209,Rhinolophus ferrumequinum,0.022,0.022,-1,Echolocation,/mnt/ubna_data_02_mir/recover-20220922/UBNA_001/20220921_090000.WAV,Telephone Field,recover-20220922,001,1795
1701.1705,1701.2079,68437,81801,Rhinolophus ferrumequinum,0.022,0.022,-1,Echolocation,/mnt/ubna_data_02_mir/recover-20220922/UBNA_001/20220921_090000.WAV,Telephone Field,recover-20220922,001,1795
1701.1805,1701.192,22890,27453,Nyctalus leisleri,0.012,0.024,-1,Echolocation,/mnt/ubna_data_02_mir/recover-20220922/UBNA_001/20220921_090000.WAV,Telephone Field,recover-20220922,001,1795
1701.2045,1701.2118,28046,38564,Eptesicus serotinus,0.008,0.023,-1,Echolocation,/mnt/ubna_data_02_mir/recover-20220922/UBNA_001/20220921_090000.WAV,Telephone Field,recover-20220922,001,1795
1701.2125,1701.2511,68437,82417,Rhinolophus ferrumequinum,0.03,0.03,-1,Echolocation,/mnt/ubna_data_02_mir/recover-20220922/UBNA_001/20220921_090000.WAV,Telephone Field,recover-20220922,001,1795
1701.2325,1701.243,22890,29115,Nyctalus leisleri,0.009,0.023,-1,Echolocation,/mnt/ubna_data_02_mir/recover-20220922/UBNA_001/20220921_090000.WAV,Telephone Field,recover-20220922,001,1795
1701.2945,1701.3024,23750,31636,Plecotus austriacus,0.008,0.023,-1,Echolocation,/mnt/ubna_data_02_mir/recover-20220922/UBNA_001/20220921_090000.WAV,Telephone Field,recover-20220922,001,1795
1701.3095,1701.3192,28906,38013,Eptesicus serotinus,0.009,0.022,-1,Echolocation,/mnt/ubna_data_02_mir/recover-20220922/UBNA_001/20220921_090000.WAV,Telephone Field,recover-20220922,001,1795
1701.3305,1701.3393,23750,30659,Plecotus austriacus,0.006,0.021,-1,Echolocation,/mnt/ubna_data_02_mir/recover-20220922/UBNA_001/20220921_090000.WAV,Telephone Field,recover-20220922,001,1795
1701.3775,1701.396,18593,22411,Nyctalus noctula,0.015,0.026,-1,Echolocation,/mnt/ubna_data_02_mir/recover-20220922/UBNA_001/20220921_090000.WAV,Telephone Field,recover-20220922,001,1795
1701.3925,1701.4295,68437,81937,Rhinolophus ferrumequinum,0.022,0.022,-1,Echolocation,/mnt/ubna_data_02_mir/recover-20220922/UBNA_001/20220921_090000.WAV,Telephone Field,recover-20220922,001,1795
1701.3995,1701.4106,30625,39088,Eptesicus serotinus,0.009,0.022,-1,Echolocation,/mnt/ubna_data_02_mir/recover-20220922/UBNA_001/20220921_090000.WAV,Telephone Field,recover-20220922,001,1795
1701.4055,1701.4149,28046,40040,Eptesicus serotinus,0.008,0.021,-1,Echolocation,/mnt/ubna_data_02_mir/recover-20220922/UBNA_001/20220921_090000.WAV,Telephone Field,recover-20220922,001,1795
1701.4225,1701.4625,68437,82671,Rhinolophus ferrumequinum,0.024,0.024,-1,Echolocation,/mnt/ubna_data_02_mir/recover-20220922/UBNA_001/20220921_090000.WAV,Telephone Field,recover-20220922,001,1795
1701.4235,1701.4303,28046,39853,Eptesicus serotinus,0.007,0.025,-1,Echolocation,/mnt/ubna_data_02_mir/recover-20220922/UBNA_001/20220921_090000.WAV,Telephone Field,recover-20220922,001,1795
1701.4315,1701.4715,68437,82300,Rhinolophus ferrumequinum,0.021,0.021,-1,Echolocation,/mnt/ubna_data_02_mir/recover-20220922/UBNA_001/20220921_090000.WAV,Telephone Field,recover-20220922,001,1795
1701.4475,1701.4581,22890,28108,Nyctalus leisleri,0.012,0.027,-1,Echolocation,/mnt/ubna_data_02_mir/recover-20220922/UBNA_001/20220921_090000.WAV,Telephone Field,recover-20220922,001,1795
1701.4485,1701.4922,68437,83430,Rhinolophus ferrumequinum,0.032,0.032,-1,Echolocation,/mnt/ubna_data_02_mir/recover-20220922/UBNA_001/20220921_090000.WAV,Telephone Field,recover-20220922,001,1795
1701.4695,1701.4793,54687,59642,Pipistrellus pygmaeus,0.018,0.021,-1,Echolocation,/mnt/ubna_data_02_mir/recover-20220922/UBNA_001/20220921_090000.WAV,Telephone Field,recover-20220922,001,1795
1701.4925,1701.5331,68437,82594,Rhinolophus ferrumequinum,0.025,0.025,-1,Echolocation,/mnt/ubna_data_02_mir/recover-20220922/UBNA_001/20220921_090000.WAV,Telephone Field,recover-20220922,001,1795
1701.5205,1701.5599,68437,82872,Rhinolophus ferrumequinum,0.026,0.026,-1,Echolocation,/mnt/ubna_data_02_mir/recover-20220922/UBNA_001/20220921_090000.WAV,Telephone Field,recover-20220922,001,1795
1701.5285,1701.5399,39218,45911,Pipistrellus nathusii,0.013,0.024,-1,Echolocation,/mnt/ubna_data_02_mir/recover-20220922/UBNA_001/20220921_090000.WAV,Telephone Field,recover-20220922,001,1795
1701.5465,1701.5899,68437,83428,Rhinolophus ferrumequinum,0.027,0.027,-1,Echolocation,/mnt/ubna_data_02_mir/recover-20220922/UBNA_001/20220921_090000.WAV,Telephone Field,recover-20220922,001,1795
1701.5555,1701.5757,18593,21290,Nyctalus noctula,0.015,0.03,-1,Echolocation,/mnt/ubna_data_02_mir/recover-20220922/UBNA_001/20220921_090000.WAV,Telephone Field,recover-20220922,001,1795
1701.6035,1701.6374,68437,81201,Rhinolophus ferrumequinum,0.022,0.022,-1,Echolocation,/mnt/ubna_data_02_mir/recover-20220922/UBNA_001/20220921_090000.WAV,Telephone Field,recover-20220922,001,1795
1701.6205,1701.6602,68437,82839,Rhinolophus ferrumequinum,0.028,0.028,-1,Echolocation,/mnt/ubna_data_02_mir/recover-20220922/UBNA_001/20220921_090000.WAV,Telephone Field,recover-20220922,001,1795
1701.6825,1701.6959,23750,27998,Nyctalus leisleri,0.019,0.034,-1,Echolocation,/mnt/ubna_data_02_mir/recover-20220922/UBNA_001/20220921_090000.WAV,Telephone Field,recover-20220922,001,1795
1701.7155,1701.7227,27187,36373,Eptesicus serotinus,0.007,0.023,-1,Echolocation,/mnt/ubna_data_02_mir/recover-20220922/UBNA_001/20220921_090000.WAV,Telephone Field,recover-20220922,001,1795
1701.7395,1701.7755,68437,81732,Rhinolophus ferrumequinum,0.021,0.021,-1,Echolocation,/mnt/ubna_data_02_mir/recover-20220922/UBNA_001/20220921_090000.WAV,Telephone Field,recover-20220922,001,1795
1701.7825,1701.8228,68437,82999,Rhinolophus ferrumequinum,0.03,0.03,-1,Echolocation,/mnt/ubna_data_02_mir/recover-20220922/UBNA_001/20220921_090000.WAV,Telephone Field,recover-20220922,001,1795
1701.7995,1701.8076,26328,35528,Eptesicus serotinus,0.009,0.023,-1,Echolocation,/mnt/ubna_data_02_mir/recover-20220922/UBNA_001/20220921_090000.WAV,Telephone Field,recover-20220922,001,1795
1701.8155,1701.8534,68437,82402,Rhinolophus ferrumequinum,0.024,0.024,-1,Echolocation,/mnt/ubna_data_02_mir/recover-20220922/UBNA_001/20220921_090000.WAV,Telephone Field,recover-20220922,001,1795
1701.8155,1701.8243,23750,30764,Nyctalus leisleri,0.006,0.021,-1,Echolocation,/mnt/ubna_data_02_mir/recover-20220922/UBNA_001/20220921_090000.WAV,Telephone Field,recover-20220922,001,1795
1701.8215,1701.8582,68437,82125,Rhinolophus ferrumequinum,0.023,0.023,-1,Echolocation,/mnt/ubna_data_02_mir/recover-20220922/UBNA_001/20220921_090000.WAV,Telephone Field,recover-20220922,001,1795
1701.8675,1701.9061,68437,82297,Rhinolophus ferrumequinum,0.021,0.021,-1,Echolocation,/mnt/ubna_data_02_mir/recover-20220922/UBNA_001/20220921_090000.WAV,Telephone Field,recover-20220922,001,1795
1701.8855,1701.925,68437,81625,Rhinolophus ferrumequinum,0.028,0.028,-1,Echolocation,/mnt/ubna_data_02_mir/recover-20220922/UBNA_001/20220921_090000.WAV,Telephone Field,recover-20220922,001,1795
1701.9155,1701.9255,27187,36020,Eptesicus serotinus,0.012,0.025,-1,Echolocation,/mnt/ubna_data_02_mir/recover-20220922/UBNA_001/20220921_090000.WAV,Telephone Field,recover-20220922,001,1795
1701.9205,1701.9568,68437,81778,Rhinolophus ferrumequinum,0.021,0.021,-1,Echolocation,/mnt/ubna_data_02_mir/recover-20220922/UBNA_001/20220921_090000.WAV,Telephone Field,recover-20220922,001,1795
1701.9295,1701.9699,68437,82272,Rhinolophus ferrumequinum,0.031,0.031,-1,Echolocation,/mnt/ubna_data_02_mir/recover-20220922/UBNA_001/20220921_090000.WAV,Telephone Field,recover-20220922,001,1795
1701.9525,1701.9904,68437,81815,Rhinolophus ferrumequinum,0.027,0.027,-1,Echolocation,/mnt/ubna_data_02_mir/recover-20220922/UBNA_001/20220921_090000.WAV,Telephone Field,recover-20220922,001,1795
1701.9725,1701.9807,27187,36197,Eptesicus serotinus,0.012,0.036,-1,Echolocation,/mnt/ubna_data_02_mir/recover-20220922/UBNA_001/20220921_090000.WAV,Telephone Field,recover-20220922,001,1795
1701.9815,1701.9923,23750,30059,Nyctalus leisleri,0.01,0.024,-1,Echolocation,/mnt/ubna_data_02_mir/recover-20220922/UBNA_001/20220921_090000.WAV,Telephone Field,recover-20220922,001,1795
1702.0015,1702.033,68437,79841,Rhinolophus ferrumequinum,0.026,0.026,-1,Echolocation,/mnt/ubna_data_02_mir/recover-20220922/UBNA_001/20220921_090000.WAV,Telephone Field,recover-20220922,001,1795
1702.0015,1702.0088,47812,57023,Pipistrellus pipistrellus,0.009,0.022,-1,Echolocation,/mnt/ubna_data_02_mir/recover-20220922/UBNA_001/20220921_090000.WAV,Telephone Field,recover-20220922,001,1795
1702.0015,1702.0142,18593,23333,Nyctalus leisleri,0.018,0.035,-1,Echolocation,/mnt/ubna_data_02_mir/recover-20220922/UBNA_001/20220921_090000.WAV,Telephone Field,recover-20220922,001,1795
1702.0015,1702.0105,26328,34212,Nyctalus leisleri,0.012,0.031,-1,Echolocation,/mnt/ubna_data_02_mir/recover-20220922/UBNA_001/20220921_090000.WAV,Telephone Field,recover-20220922,001,1795
1702.0295,1702.0641,68437,81386,Rhinolophus ferrumequinum,0.022,0.022,-1,Echolocation,/mnt/ubna_data_02_mir/recover-20220922/UBNA_001/20220921_090000.WAV,Telephone Field,recover-20220922,001,1795
1702.0325,1702.0391,28906,41352,Eptesicus serotinus,0.007,0.027,-1,Echolocation,/mnt/ubna_data_02_mir/recover-20220922/UBNA_001/20220921_090000.WAV,Telephone Field,recover-20220922,001,1795
1702.0395,1702.0768,68437,82034,Rhinolophus ferrumequinum,0.024,0.024,-1,Echolocation,/mnt/ubna_data_02_mir/recover-20220922/UBNA_001/20220921_090000.WAV,Telephone Field,recover-20220922,001,1795
1702.0585,1702.094,68437,82022,Rhinolophus ferrumequinum,0.022,0.022,-1,Echolocation,/mnt/ubna_data_02_mir/recover-20220922/UBNA_001/20220921_090000.WAV,Telephone Field,recover-20220922,001,1795
1702.0895,1702.1269,68437,81333,Rhinolophus ferrumequinum,0.024,0.024,-1,Echolocation,/mnt/ubna_data_02_mir/recover-20220922/UBNA_001/20220921_090000.WAV,Telephone Field,recover-20220922,001,1795
1702.0895,1702.0986,50390,56273,Pipistrellus pipistrellus,0.02,0.025,-1,Echolocation,/mnt/ubna_data_02_mir/recover-20220922/UBNA_001/20220921_090000.WAV,Telephone Field,recover-20220922,001,1795
1702.0975,1702.1364,68437,82285,Rhinolophus ferrumequinum,0.032,0.032,-1,Echolocation,/mnt/ubna_data_02_mir/recover-20220922/UBNA_001/20220921_090000.WAV,Telephone Field,recover-20220922,001,1795
1702.1465,1702.1574,25468,32887,Eptesicus serotinus,0.012,0.025,-1,Echolocation,/mnt/ubna_data_02_mir/recover-20220922/UBNA_001/20220921_090000.WAV,Telephone Field,recover-20220922,001,1795
1702.1475,1702.1864,68437,82186,Rhinolophus ferrumequinum,0.025,0.025,-1,Echolocation,/mnt/ubna_data_02_mir/recover-20220922/UBNA_001/20220921_090000.WAV,Telephone Field,recover-20220922,001,1795
1702.1545,1702.1933,68437,82378,Rhinolophus ferrumequinum,0.026,0.026,-1,Echolocation,/mnt/ubna_data_02_mir/recover-20220922/UBNA_001/20220921_090000.WAV,Telephone Field,recover-20220922,001,1795
1702.1545,1702.1647,28046,36167,Eptesicus serotinus,0.011,0.024,-1,Echolocation,/mnt/ubna_data_02_mir/recover-20220922/UBNA_001/20220921_090000.WAV,Telephone Field,recover-20220922,001,1795
1702.1805,1702.1912,22890,27619,Nyctalus leisleri,0.01,0.022,-1,Echolocation,/mnt/ubna_data_02_mir/recover-20220922/UBNA_001/20220921_090000.WAV,Telephone Field,recover-20220922,001,1795
1702.1815,1702.2194,68437,81436,Rhinolophus ferrumequinum,0.024,0.024,-1,Echolocation,/mnt/ubna_data_02_mir/recover-20220922/UBNA_001/20220921_090000.WAV,Telephone Field,recover-20220922,001,1795
1702.2395,1702.2548,20312,23976,Nyctalus leisleri,0.011,0.021,-1,Echolocation,/mnt/ubna_data_02_mir/recover-20220922/UBNA_001/20220921_090000.WAV,Telephone Field,recover-20220922,001,1795
1702.2525,1702.2857,68437,81093,Rhinolophus ferrumequinum,0.022,0.022,-1,Echolocation,/mnt/ubna_data_02_mir/recover-20220922/UBNA_001/20220921_090000.WAV,Telephone Field,recover-20220922,001,1795
1702.2635,1702.3003,68437,82034,Rhinolophus ferrumequinum,0.032,0.032,-1,Echolocation,/mnt/ubna_data_02_mir/recover-20220922/UBNA_001/20220921_090000.WAV,Telephone Field,recover-20220922,001,1795
1702.2805,1702.3188,68437,81762,Rhinolophus ferrumequinum,0.023,0.024,-1,Echolocation,/mnt/ubna_data_02_mir/recover-20220922/UBNA_001/20220921_090000.WAV,Telephone Field,recover-20220922,001,1795
1702.2925,1702.3293,68437,80194,Rhinolophus ferrumequinum,0.029,0.029,-1,Echolocation,/mnt/ubna_data_02_mir/recover-20220922/UBNA_001/20220921_090000.WAV,Telephone Field,recover-20220922,001,1795
1702.2935,1702.3021,46093,49822,Pipistrellus pipistrellus,0.02,0.022,-1,Echolocation,/mnt/ubna_data_02_mir/recover-20220922/UBNA_001/20220921_090000.WAV,Telephone Field,recover-20220922,001,1795
1702.3075,1702.3457,68437,82260,Rhinolophus ferrumequinum,0.034,0.034,-1,Echolocation,/mnt/ubna_data_02_mir/recover-20220922/UBNA_001/20220921_090000.WAV,Telephone Field,recover-20220922,001,1795
1702.3215,1702.3541,68437,80572,Rhinolophus ferrumequinum,0.021,0.022,-1,Echolocation,/mnt/ubna_data_02_mir/recover-20220922/UBNA_001/20220921_090000.WAV,Telephone Field,recover-20220922,001,1795
1702.3375,1702.376,68437,82414,Rhinolophus ferrumequinum,0.04,0.04,-1,Echolocation,/mnt/ubna_data_02_mir/recover-20220922/UBNA_001/20220921_090000.WAV,Telephone Field,recover-20220922,001,1795
1702.3505,1702.3882,68437,82666,Rhinolophus ferrumequinum,0.038,0.038,-1,Echolocation,/mnt/ubna_data_02_mir/recover-20220922/UBNA_001/20220921_090000.WAV,Telephone Field,recover-20220922,001,1795
1702.3825,1702.4223,68437,82660,Rhinolophus ferrumequinum,0.026,0.026,-1,Echolocation,/mnt/ubna_data_02_mir/recover-20220922/UBNA_001/20220921_090000.WAV,Telephone Field,recover-20220922,001,1795
1702.3955,1702.4355,68437,82281,Rhinolophus ferrumequinum,0.021,0.021,-1,Echolocation,/mnt/ubna_data_02_mir/recover-20220922/UBNA_001/20220921_090000.WAV,Telephone Field,recover-20220922,001,1795
1702.4505,1702.4925,68437,82637,Rhinolophus ferrumequinum,0.028,0.028,-1,Echolocation,/mnt/ubna_data_02_mir/recover-20220922/UBNA_001/20220921_090000.WAV,Telephone Field,recover-20220922,001,1795
1702.4795,1702.4928,23750,28676,Nyctalus leisleri,0.03,0.067,-1,Echolocation,/mnt/ubna_data_02_mir/recover-20220922/UBNA_001/20220921_090000.WAV,Telephone Field,recover-20220922,001,1795
1702.4915,1702.5318,68437,82649,Rhinolophus ferrumequinum,0.022,0.022,-1,Echolocation,/mnt/ubna_data_02_mir/recover-20220922/UBNA_001/20220921_090000.WAV,Telephone Field,recover-20220922,001,1795
1702.5075,1702.5164,51250,55550,Pipistrellus pipistrellus,0.017,0.022,-1,Echolocation,/mnt/ubna_data_02_mir/recover-20220922/UBNA_001/20220921_090000.WAV,Telephone Field,recover-20220922,001,1795
1702.5325,1702.5708,68437,82407,Rhinolophus ferrumequinum,0.023,0.023,-1,Echolocation,/mnt/ubna_data_02_mir/recover-20220922/UBNA_001/20220921_090000.WAV,Telephone Field,recover-20220922,001,1795
1702.5465,1702.5834,68437,81896,Rhinolophus ferrumequinum,0.027,0.027,-1,Echolocation,/mnt/ubna_data_02_mir/recover-20220922/UBNA_001/20220921_090000.WAV,Telephone Field,recover-20220922,001,1795
1702.5605,1702.5721,23750,28938,Nyctalus leisleri,0.011,0.021,-1,Echolocation,/mnt/ubna_data_02_mir/recover-20220922/UBNA_001/20220921_090000.WAV,Telephone Field,recover-20220922,001,1795
1702.5775,1702.6169,68437,82145,Rhinolophus ferrumequinum,0.027,0.027,-1,Echolocation,/mnt/ubna_data_02_mir/recover-20220922/UBNA_001/20220921_090000.WAV,Telephone Field,recover-20220922,001,1795
1702.6125,1702.6514,68437,81909,Rhinolophus ferrumequinum,0.032,0.032,-1,Echolocation,/mnt/ubna_data_02_mir/recover-20220922/UBNA_001/20220921_090000.WAV,Telephone Field,recover-20220922,001,1795
1702.6195,1702.6292,23750,30413,Nyctalus leisleri,0.008,0.021,-1,Echolocation,/mnt/ubna_data_02_mir/recover-20220922/UBNA_001/20220921_090000.WAV,Telephone Field,recover-20220922,001,1795
1702.6325,1702.6718,68437,81854,Rhinolophus ferrumequinum,0.021,0.021,-1,Echolocation,/mnt/ubna_data_02_mir/recover-20220922/UBNA_001/20220921_090000.WAV,Telephone Field,recover-20220922,001,1795
1702.6685,1702.6794,37500,42036,Pipistrellus nathusii,0.007,0.021,-1,Echolocation,/mnt/ubna_data_02_mir/recover-20220922/UBNA_001/20220921_090000.WAV,Telephone Field,recover-20220922,001,1795
1702.6795,1702.7178,68437,82239,Rhinolophus ferrumequinum,0.027,0.027,-1,Echolocation,/mnt/ubna_data_02_mir/recover-20220922/UBNA_001/20220921_090000.WAV,Telephone Field,recover-20220922,001,1795
1702.7045,1702.7144,22890,29444,Nyctalus leisleri,0.01,0.028,-1,Echolocation,/mnt/ubna_data_02_mir/recover-20220922/UBNA_001/20220921_090000.WAV,Telephone Field,recover-20220922,001,1795
1702.7215,1702.7619,68437,82607,Rhinolophus ferrumequinum,0.033,0.033,-1,Echolocation,/mnt/ubna_data_02_mir/recover-20220922/UBNA_001/20220921_090000.WAV,Telephone Field,recover-20220922,001,1795
1702.7645,1702.8056,68437,82619,Rhinolophus ferrumequinum,0.028,0.028,-1,Echolocation,/mnt/ubna_data_02_mir/recover-20220922/UBNA_001/20220921_090000.WAV,Telephone Field,recover-20220922,001,1795
1702.7755,1702.8199,68437,82919,Rhinolophus ferrumequinum,0.025,0.025,-1,Echolocation,/mnt/ubna_data_02_mir/recover-20220922/UBNA_001/20220921_090000.WAV,Telephone Field,recover-20220922,001,1795
1702.7805,1702.8244,68437,83019,Rhinolophus ferrumequinum,0.024,0.024,-1,Echolocation,/mnt/ubna_data_02_mir/recover-20220922/UBNA_001/20220921_090000.WAV,Telephone Field,recover-20220922,001,1795
1702.8155,1702.8561,68437,82744,Rhinolophus ferrumequinum,0.038,0.038,-1,Echolocation,/mnt/ubna_data_02_mir/recover-20220922/UBNA_001/20220921_090000.WAV,Telephone Field,recover-20220922,001,1795
1702.8385,1702.8459,47812,54281,Pipistrellus pipistrellus,0.025,0.028,-1,Echolocation,/mnt/ubna_data_02_mir/recover-20220922/UBNA_001/20220921_090000.WAV,Telephone Field,recover-20220922,001,1795
1702.8465,1702.8876,68437,83103,Rhinolophus ferrumequinum,0.039,0.039,-1,Echolocation,/mnt/ubna_data_02_mir/recover-20220922/UBNA_001/20220921_090000.WAV,Telephone Field,recover-20220922,001,1795
1702.8925,1702.9313,68437,82365,Rhinolophus ferrumequinum,0.027,0.027,-1,Echolocation,/mnt/ubna_data_02_mir/recover-20220922/UBNA_001/20220921_090000.WAV,Telephone Field,recover-20220922,001,1795
1702.9295,1702.9404,57265,62413,Pipistrellus pygmaeus,0.033,0.034,-1,Echolocation,/mnt/ubna_data_02_mir/recover-20220922/UBNA_001/20220921_090000.WAV,Telephone Field,recover-20220922,001,1795
1702.9335,1702.9713,68437,82370,Rhinolophus ferrumequinum,0.022,0.022,-1,Echolocation,/mnt/ubna_data_02_mir/recover-20220922/UBNA_001/20220921_090000.WAV,Telephone Field,recover-20220922,001,1795
1702.9495,1702.9951,68437,83936,Rhinolophus ferrumequinum,0.065,0.065,-1,Echolocation,/mnt/ubna_data_02_mir/recover-20220922/UBNA_001/20220921_090000.WAV,Telephone Field,recover-20220922,001,1795
1702.9955,1703.0032,28906,37356,Eptesicus serotinus,0.009,0.025,-1,Echolocation,/mnt/ubna_data_02_mir/recover-20220922/UBNA_001/20220921_090000.WAV,Telephone Field,recover-20220922,001,1795
1702.9985,1703.0384,68437,82380,Rhinolophus ferrumequinum,0.029,0.029,-1,Echolocation,/mnt/ubna_data_02_mir/recover-20220922/UBNA_001/20220921_090000.WAV,Telephone Field,recover-20220922,001,1795
1703.0095,1703.0509,68437,82618,Rhinolophus ferrumequinum,0.027,0.027,-1,Echolocation,/mnt/ubna_data_02_mir/recover-20220922/UBNA_001/20220921_090000.WAV,Telephone Field,recover-20220922,001,1795
1703.0255,1703.0646,68437,81959,Rhinolophus ferrumequinum,0.024,0.024,-1,Echolocation,/mnt/ubna_data_02_mir/recover-20220922/UBNA_001/20220921_090000.WAV,Telephone Field,recover-20220922,001,1795
1703.0275,1703.0347,26328,39181,Eptesicus serotinus,0.006,0.024,-1,Echolocation,/mnt/ubna_data_02_mir/recover-20220922/UBNA_001/20220921_090000.WAV,Telephone Field,recover-20220922,001,1795
1703.0395,1703.0783,68437,82674,Rhinolophus ferrumequinum,0.027,0.027,-1,Echolocation,/mnt/ubna_data_02_mir/recover-20220922/UBNA_001/20220921_090000.WAV,Telephone Field,recover-20220922,001,1795
1703.0585,1703.0999,68437,82719,Rhinolophus ferrumequinum,0.027,0.027,-1,Echolocation,/mnt/ubna_data_02_mir/recover-20220922/UBNA_001/20220921_090000.WAV,Telephone Field,recover-20220922,001,1795
1703.0615,1703.0706,22890,30163,Plecotus austriacus,0.008,0.023,-1,Echolocation,/mnt/ubna_data_02_mir/recover-20220922/UBNA_001/20220921_090000.WAV,Telephone Field,recover-20220922,001,1795
1703.0775,1703.115,68437,82059,Rhinolophus ferrumequinum,0.03,0.03,-1,Echolocation,/mnt/ubna_data_02_mir/recover-20220922/UBNA_001/20220921_090000.WAV,Telephone Field,recover-20220922,001,1795
1703.0865,1703.1253,68437,82582,Rhinolophus ferrumequinum,0.035,0.035,-1,Echolocation,/mnt/ubna_data_02_mir/recover-20220922/UBNA_001/20220921_090000.WAV,Telephone Field,recover-20220922,001,1795
1703.1185,1703.1577,68437,82979,Rhinolophus ferrumequinum,0.027,0.027,-1,Echolocation,/mnt/ubna_data_02_mir/recover-20220922/UBNA_001/20220921_090000.WAV,Telephone Field,recover-20220922,001,1795
1703.1475,1703.1887,68437,82951,Rhinolophus ferrumequinum,0.035,0.035,-1,Echolocation,/mnt/ubna_data_02_mir/recover-20220922/UBNA_001/20220921_090000.WAV,Telephone Field,recover-20220922,001,1795
1703.1585,1703.1958,68437,81839,Rhinolophus ferrumequinum,0.024,0.024,-1,Echolocation,/mnt/ubna_data_02_mir/recover-20220922/UBNA_001/20220921_090000.WAV,Telephone Field,recover-20220922,001,1795
1703.1955,1703.2333,68437,81933,Rhinolophus ferrumequinum,0.022,0.022,-1,Echolocation,/mnt/ubna_data_02_mir/recover-20220922/UBNA_001/20220921_090000.WAV,Telephone Field,recover-20220922,001,1795
1703.2305,1703.2681,68437,81982,Rhinolophus ferrumequinum,0.023,0.023,-1,Echolocation,/mnt/ubna_data_02_mir/recover-20220922/UBNA_001/20220921_090000.WAV,Telephone Field,recover-20220922,001,1795
1703.2495,1703.286,68437,81653,Rhinolophus ferrumequinum,0.022,0.022,-1,Echolocation,/mnt/ubna_data_02_mir/recover-20220922/UBNA_001/20220921_090000.WAV,Telephone Field,recover-20220922,001,1795
1703.2555,1703.2913,68437,82190,Rhinolophus ferrumequinum,0.022,0.022,-1,Echolocation,/mnt/ubna_data_02_mir/recover-20220922/UBNA_001/20220921_090000.WAV,Telephone Field,recover-20220922,001,1795
1703.2905,1703.3291,68437,82152,Rhinolophus ferrumequinum,0.024,0.025,-1,Echolocation,/mnt/ubna_data_02_mir/recover-20220922/UBNA_001/20220921_090000.WAV,Telephone Field,recover-20220922,001,1795
1703.3225,1703.3332,28906,34738,Eptesicus serotinus,0.017,0.035,-1,Echolocation,/mnt/ubna_data_02_mir/recover-20220922/UBNA_001/20220921_090000.WAV,Telephone Field,recover-20220922,001,1795
1703.3395,1703.3785,68437,82317,Rhinolophus ferrumequinum,0.032,0.032,-1,Echolocation,/mnt/ubna_data_02_mir/recover-20220922/UBNA_001/20220921_090000.WAV,Telephone Field,recover-20220922,001,1795
1703.3825,1703.4225,68437,82285,Rhinolophus ferrumequinum,0.026,0.026,-1,Echolocation,/mnt/ubna_data_02_mir/recover-20220922/UBNA_001/20220921_090000.WAV,Telephone Field,recover-20220922,001,1795
1703.4075,1703.4476,68437,82659,Rhinolophus ferrumequinum,0.024,0.024,-1,Echolocation,/mnt/ubna_data_02_mir/recover-20220922/UBNA_001/20220921_090000.WAV,Telephone Field,recover-20220922,001,1795
1703.4245,1703.4638,68437,82246,Rhinolophus ferrumequinum,0.027,0.027,-1,Echolocation,/mnt/ubna_data_02_mir/recover-20220922/UBNA_001/20220921_090000.WAV,Telephone Field,recover-20220922,001,1795
1703.4355,1703.4457,23750,29559,Nyctalus leisleri,0.011,0.027,-1,Echolocation,/mnt/ubna_data_02_mir/recover-20220922/UBNA_001/20220921_090000.WAV,Telephone Field,recover-20220922,001,1795
1703.4415,1703.4799,68437,81853,Rhinolophus ferrumequinum,0.023,0.023,-1,Echolocation,/mnt/ubna_data_02_mir/recover-20220922/UBNA_001/20220921_090000.WAV,Telephone Field,recover-20220922,001,1795
1703.4625,1703.5002,68437,82374,Rhinolophus ferrumequinum,0.025,0.025,-1,Echolocation,/mnt/ubna_data_02_mir/recover-20220922/UBNA_001/20220921_090000.WAV,Telephone Field,recover-20220922,001,1795
1703.4835,1703.5236,68437,82501,Rhinolophus ferrumequinum,0.023,0.023,-1,Echolocation,/mnt/ubna_data_02_mir/recover-20220922/UBNA_001/20220921_090000.WAV,Telephone Field,recover-20220922,001,1795
1703.4925,1703.5291,68437,81565,Rhinolophus ferrumequinum,0.022,0.023,-1,Echolocation,/mnt/ubna_data_02_mir/recover-20220922/UBNA_001/20220921_090000.WAV,Telephone Field,recover-20220922,001,1795
1703.4985,1703.534,68437,81389,Rhinolophus ferrumequinum,0.023,0.023,-1,Echolocation,/mnt/ubna_data_02_mir/recover-20220922/UBNA_001/20220921_090000.WAV,Telephone Field,recover-20220922,001,1795
1703.5075,1703.5153,26328,34579,Eptesicus serotinus,0.008,0.022,-1,Echolocation,/mnt/ubna_data_02_mir/recover-20220922/UBNA_001/20220921_090000.WAV,Telephone Field,recover-20220922,001,1795
1703.5105,1703.548,68437,81796,Rhinolophus ferrumequinum,0.025,0.025,-1,Echolocation,/mnt/ubna_data_02_mir/recover-20220922/UBNA_001/20220921_090000.WAV,Telephone Field,recover-20220922,001,1795
1703.5285,1703.5674,68437,81958,Rhinolophus ferrumequinum,0.028,0.028,-1,Echolocation,/mnt/ubna_data_02_mir/recover-20220922/UBNA_001/20220921_090000.WAV,Telephone Field,recover-20220922,001,1795
1703.5495,1703.5919,68437,82715,Rhinolophus ferrumequinum,0.031,0.031,-1,Echolocation,/mnt/ubna_data_02_mir/recover-20220922/UBNA_001/20220921_090000.WAV,Telephone Field,recover-20220922,001,1795
1703.5755,1703.5849,32343,41302,Eptesicus serotinus,0.006,0.024,-1,Echolocation,/mnt/ubna_data_02_mir/recover-20220922/UBNA_001/20220921_090000.WAV,Telephone Field,recover-20220922,001,1795
1703.5905,1703.6002,24609,31945,Nyctalus leisleri,0.007,0.023,-1,Echolocation,/mnt/ubna_data_02_mir/recover-20220922/UBNA_001/20220921_090000.WAV,Telephone Field,recover-20220922,001,1795
1703.6005,1703.6112,22031,26126,Nyctalus leisleri,0.013,0.023,-1,Echolocation,/mnt/ubna_data_02_mir/recover-20220922/UBNA_001/20220921_090000.WAV,Telephone Field,recover-20220922,001,1795
1703.6065,1703.6438,68437,81593,Rhinolophus ferrumequinum,0.021,0.022,-1,Echolocation,/mnt/ubna_data_02_mir/recover-20220922/UBNA_001/20220921_090000.WAV,Telephone Field,recover-20220922,001,1795
1703.6405,1703.6763,68437,81025,Rhinolophus ferrumequinum,0.024,0.024,-1,Echolocation,/mnt/ubna_data_02_mir/recover-20220922/UBNA_001/20220921_090000.WAV,Telephone Field,recover-20220922,001,1795
1703.6525,1703.6619,28046,36962,Eptesicus serotinus,0.009,0.023,-1,Echolocation,/mnt/ubna_data_02_mir/recover-20220922/UBNA_001/20220921_090000.WAV,Telephone Field,recover-20220922,001,1795
1703.6545,1703.6953,68437,82325,Rhinolophus ferrumequinum,0.025,0.025,-1,Echolocation,/mnt/ubna_data_02_mir/recover-20220922/UBNA_001/20220921_090000.WAV,Telephone Field,recover-20220922,001,1795
1703.6785,1703.7195,68437,82492,Rhinolophus ferrumequinum,0.032,0.032,-1,Echolocation,/mnt/ubna_data_02_mir/recover-20220922/UBNA_001/20220921_090000.WAV,Telephone Field,recover-20220922,001,1795
1703.6785,1703.6873,28906,37311,Eptesicus serotinus,0.008,0.024,-1,Echolocation,/mnt/ubna_data_02_mir/recover-20220922/UBNA_001/20220921_090000.WAV,Telephone Field,recover-20220922,001,1795
1703.7055,1703.7442,68437,81887,Rhinolophus ferrumequinum,0.022,0.022,-1,Echolocation,/mnt/ubna_data_02_mir/recover-20220922/UBNA_001/20220921_090000.WAV,Telephone Field,recover-20220922,001,1795
1703.7265,1703.7373,25468,32961,Eptesicus serotinus,0.013,0.032,-1,Echolocation,/mnt/ubna_data_02_mir/recover-20220922/UBNA_001/20220921_090000.WAV,Telephone Field,recover-20220922,001,1795
1703.7555,1703.7918,68437,81919,Rhinolophus ferrumequinum,0.023,0.023,-1,Echolocation,/mnt/ubna_data_02_mir/recover-20220922/UBNA_001/20220921_090000.WAV,Telephone Field,recover-20220922,001,1795
1703.8105,1703.8519000000001,68437,82461,Rhinolophus ferrumequinum,0.023,0.023,-1,Echolocation,/mnt/ubna_data_02_mir/recover-20220922/UBNA_001/20220921_090000.WAV,Telephone Field,recover-20220922,001,1795
1703.8425,1703.8809,68437,82434,Rhinolophus ferrumequinum,0.03,0.03,-1,Echolocation,/mnt/ubna_data_02_mir/recover-20220922/UBNA_001/20220921_090000.WAV,Telephone Field,recover-20220922,001,1795
1703.8635,1703.8737,23750,29983,Nyctalus leisleri,0.009,0.023,-1,Echolocation,/mnt/ubna_data_02_mir/recover-20220922/UBNA_001/20220921_090000.WAV,Telephone Field,recover-20220922,001,1795
1703.8775,1703.9151,68437,82109,Rhinolophus ferrumequinum,0.023,0.023,-1,Echolocation,/mnt/ubna_data_02_mir/recover-20220922/UBNA_001/20220921_090000.WAV,Telephone Field,recover-20220922,001,1795
1703.8885,1703.8947,28046,42947,Eptesicus serotinus,0.005,0.024,-1,Echolocation,/mnt/ubna_data_02_mir/recover-20220922/UBNA_001/20220921_090000.WAV,Telephone Field,recover-20220922,001,1795
1703.8965,1703.9353,68437,81928,Rhinolophus ferrumequinum,0.024,0.024,-1,Echolocation,/mnt/ubna_data_02_mir/recover-20220922/UBNA_001/20220921_090000.WAV,Telephone Field,recover-20220922,001,1795
1703.8985,1703.9047,28906,40142,Eptesicus serotinus,0.006,0.027,-1,Echolocation,/mnt/ubna_data_02_mir/recover-20220922/UBNA_001/20220921_090000.WAV,Telephone Field,recover-20220922,001,1795
1703.9055,1703.9446,68437,82165,Rhinolophus ferrumequinum,0.022,0.022,-1,Echolocation,/mnt/ubna_data_02_mir/recover-20220922/UBNA_001/20220921_090000.WAV,Telephone Field,recover-20220922,001,1795
1703.9325,1703.9413,50390,56496,Pipistrellus pipistrellus,0.019,0.023,-1,Echolocation,/mnt/ubna_data_02_mir/recover-20220922/UBNA_001/20220921_090000.WAV,Telephone Field,recover-20220922,001,1795
1703.9535,1703.9664,46953,49805,Pipistrellus pipistrellus,0.048,0.053,-1,Echolocation,/mnt/ubna_data_02_mir/recover-20220922/UBNA_001/20220921_090000.WAV,Telephone Field,recover-20220922,001,1795
1704.0015,1704.0151,18593,23414,Nyctalus leisleri,0.014,0.034,-1,Echolocation,/mnt/ubna_data_02_mir/recover-20220922/UBNA_001/20220921_090000.WAV,Telephone Field,recover-20220922,001,1795
1704.0015,1704.0344,68437,79993,Rhinolophus ferrumequinum,0.06,0.06,-1,Echolocation,/mnt/ubna_data_02_mir/recover-20220922/UBNA_001/20220921_090000.WAV,Telephone Field,recover-20220922,001,1795
1704.1035,1704.119,23750,28506,Nyctalus leisleri,0.04,0.079,-1,Echolocation,/mnt/ubna_data_02_mir/recover-20220922/UBNA_001/20220921_090000.WAV,Telephone Field,recover-20220922,001,1795
1704.1335,1704.1682,69296,81343,Rhinolophus ferrumequinum,0.021,0.022,-1,Echolocation,/mnt/ubna_data_02_mir/recover-20220922/UBNA_001/20220921_090000.WAV,Telephone Field,recover-20220922,001,1795
1704.1535,1704.1918,68437,81966,Rhinolophus ferrumequinum,0.022,0.022,-1,Echolocation,/mnt/ubna_data_02_mir/recover-20220922/UBNA_001/20220921_090000.WAV,Telephone Field,recover-20220922,001,1795
1704.1905,1704.1983,25468,34153,Eptesicus serotinus,0.006,0.021,-1,Echolocation,/mnt/ubna_data_02_mir/recover-20220922/UBNA_001/20220921_090000.WAV,Telephone Field,recover-20220922,001,1795
1704.1995,1704.2399,68437,82736,Rhinolophus ferrumequinum,0.023,0.023,-1,Echolocation,/mnt/ubna_data_02_mir/recover-20220922/UBNA_001/20220921_090000.WAV,Telephone Field,recover-20220922,001,1795
1704.2145,1704.2544,68437,82297,Rhinolophus ferrumequinum,0.021,0.021,-1,Echolocation,/mnt/ubna_data_02_mir/recover-20220922/UBNA_001/20220921_090000.WAV,Telephone Field,recover-20220922,001,1795
1704.2255,1704.2621,68437,80842,Rhinolophus ferrumequinum,0.021,0.021,-1,Echolocation,/mnt/ubna_data_02_mir/recover-20220922/UBNA_001/20220921_090000.WAV,Telephone Field,recover-20220922,001,1795
1704.2555,1704.2958,68437,82615,Rhinolophus ferrumequinum,0.026,0.026,-1,Echolocation,/mnt/ubna_data_02_mir/recover-20220922/UBNA_001/20220921_090000.WAV,Telephone Field,recover-20220922,001,1795
1704.2805,1704.3166,68437,81866,Rhinolophus ferrumequinum,0.022,0.022,-1,Echolocation,/mnt/ubna_data_02_mir/recover-20220922/UBNA_001/20220921_090000.WAV,Telephone Field,recover-20220922,001,1795
1704.2845,1704.2975,47812,50610,Pipistrellus pipistrellus,0.059,0.068,-1,Echolocation,/mnt/ubna_data_02_mir/recover-20220922/UBNA_001/20220921_090000.WAV,Telephone Field,recover-20220922,001,1795
1704.2885,1704.3302,68437,82598,Rhinolophus ferrumequinum,0.025,0.025,-1,Echolocation,/mnt/ubna_data_02_mir/recover-20220922/UBNA_001/20220921_090000.WAV,Telephone Field,recover-20220922,001,1795
1704.3315,1704.3699,68437,81826,Rhinolophus ferrumequinum,0.022,0.022,-1,Echolocation,/mnt/ubna_data_02_mir/recover-20220922/UBNA_001/20220921_090000.WAV,Telephone Field,recover-20220922,001,1795
1704.3545,1704.391,68437,81678,Rhinolophus ferrumequinum,0.022,0.022,-1,Echolocation,/mnt/ubna_data_02_mir/recover-20220922/UBNA_001/20220921_090000.WAV,Telephone Field,recover-20220922,001,1795
1704.3565,1704.3647,28046,40139,Eptesicus serotinus,0.008,0.021,-1,Echolocation,/mnt/ubna_data_02_mir/recover-20220922/UBNA_001/20220921_090000.WAV,Telephone Field,recover-20220922,001,1795
1704.4095,1704.4495,68437,82336,Rhinolophus ferrumequinum,0.023,0.023,-1,Echolocation,/mnt/ubna_data_02_mir/recover-20220922/UBNA_001/20220921_090000.WAV,Telephone Field,recover-20220922,001,1795
1704.4305,1704.4725,68437,82677,Rhinolophus ferrumequinum,0.026,0.026,-1,Echolocation,/mnt/ubna_data_02_mir/recover-20220922/UBNA_001/20220921_090000.WAV,Telephone Field,recover-20220922,001,1795
1704.4305,1704.4361,38359,49629,Myotis daubentonii,0.01,0.021,-1,Echolocation,/mnt/ubna_data_02_mir/recover-20220922/UBNA_001/20220921_090000.WAV,Telephone Field,recover-20220922,001,1795
1704.4335,1704.4414,27187,43306,Eptesicus serotinus,0.007,0.021,-1,Echolocation,/mnt/ubna_data_02_mir/recover-20220922/UBNA_001/20220921_090000.WAV,Telephone Field,recover-20220922,001,1795
1704.4645,1704.5066,68437,82663,Rhinolophus ferrumequinum,0.024,0.024,-1,Echolocation,/mnt/ubna_data_02_mir/recover-20220922/UBNA_001/20220921_090000.WAV,Telephone Field,recover-20220922,001,1795
1704.4835,1704.521,68437,82165,Rhinolophus ferrumequinum,0.022,0.022,-1,Echolocation,/mnt/ubna_data_02_mir/recover-20220922/UBNA_001/20220921_090000.WAV,Telephone Field,recover-20220922,001,1795
1704.6105,1704.6311,20312,23124,Nyctalus leisleri,0.016,0.028,-1,Echolocation,/mnt/ubna_data_02_mir/recover-20220922/UBNA_001/20220921_090000.WAV,Telephone Field,recover-20220922,001,1795
1704.6435,1704.653,28046,36684,Eptesicus serotinus,0.009,0.024,-1,Echolocation,/mnt/ubna_data_02_mir/recover-20220922/UBNA_001/20220921_090000.WAV,Telephone Field,recover-20220922,001,1795
1704.6435,1704.6818,68437,81850,Rhinolophus ferrumequinum,0.022,0.022,-1,Echolocation,/mnt/ubna_data_02_mir/recover-20220922/UBNA_001/20220921_090000.WAV,Telephone Field,recover-20220922,001,1795
1704.6495,1704.6575,23750,31867,Plecotus austriacus,0.01,0.025,-1,Echolocation,/mnt/ubna_data_02_mir/recover-20220922/UBNA_001/20220921_090000.WAV,Telephone Field,recover-20220922,001,1795
1704.6595,1704.6993,68437,82750,Rhinolophus ferrumequinum,0.023,0.023,-1,Echolocation,/mnt/ubna_data_02_mir/recover-20220922/UBNA_001/20220921_090000.WAV,Telephone Field,recover-20220922,001,1795
1704.6755,1704.7125,68437,82061,Rhinolophus ferrumequinum,0.022,0.022,-1,Echolocation,/mnt/ubna_data_02_mir/recover-20220922/UBNA_001/20220921_090000.WAV,Telephone Field,recover-20220922,001,1795
1704.7105,1704.7485,68437,82279,Rhinolophus ferrumequinum,0.021,0.021,-1,Echolocation,/mnt/ubna_data_02_mir/recover-20220922/UBNA_001/20220921_090000.WAV,Telephone Field,recover-20220922,001,1795
1704.7215,1704.761,68437,82871,Rhinolophus ferrumequinum,0.022,0.022,-1,Echolocation,/mnt/ubna_data_02_mir/recover-20220922/UBNA_001/20220921_090000.WAV,Telephone Field,recover-20220922,001,1795
1704.7845,1704.7962,22031,26771,Nyctalus leisleri,0.012,0.026,-1,Echolocation,/mnt/ubna_data_02_mir/recover-20220922/UBNA_001/20220921_090000.WAV,Telephone Field,recover-20220922,001,1795
1704.7865,1704.7936,27187,37736,Eptesicus serotinus,0.005,0.021,-1,Echolocation,/mnt/ubna_data_02_mir/recover-20220922/UBNA_001/20220921_090000.WAV,Telephone Field,recover-20220922,001,1795
1704.7915,1704.8285,68437,81791,Rhinolophus ferrumequinum,0.021,0.021,-1,Echolocation,/mnt/ubna_data_02_mir/recover-20220922/UBNA_001/20220921_090000.WAV,Telephone Field,recover-20220922,001,1795
1704.8115,1704.8484,68437,81568,Rhinolophus ferrumequinum,0.021,0.021,-1,Echolocation,/mnt/ubna_data_02_mir/recover-20220922/UBNA_001/20220921_090000.WAV,Telephone Field,recover-20220922,001,1795
1704.8315,1704.8645,68437,80694,Rhinolophus ferrumequinum,0.021,0.022,-1,Echolocation,/mnt/ubna_data_02_mir/recover-20220922/UBNA_001/20220921_090000.WAV,Telephone Field,recover-20220922,001,1795
1704.8715,1704.8828,24609,31335,Eptesicus serotinus,0.008,0.022,-1,Echolocation,/mnt/ubna_data_02_mir/recover-20220922/UBNA_001/20220921_090000.WAV,Telephone Field,recover-20220922,001,1795
1704.8895,1704.9267,68437,81986,Rhinolophus ferrumequinum,0.021,0.021,-1,Echolocation,/mnt/ubna_data_02_mir/recover-20220922/UBNA_001/20220921_090000.WAV,Telephone Field,recover-20220922,001,1795
1704.9155,1704.9575,68437,82725,Rhinolophus ferrumequinum,0.023,0.023,-1,Echolocation,/mnt/ubna_data_02_mir/recover-20220922/UBNA_001/20220921_090000.WAV,Telephone Field,recover-20220922,001,1795
1704.9615,1705.0044,68437,83101,Rhinolophus ferrumequinum,0.031,0.031,-1,Echolocation,/mnt/ubna_data_02_mir/recover-20220922/UBNA_001/20220921_090000.WAV,Telephone Field,recover-20220922,001,1795
1704.9785,1705.0186,68437,82562,Rhinolophus ferrumequinum,0.022,0.022,-1,Echolocation,/mnt/ubna_data_02_mir/recover-20220922/UBNA_001/20220921_090000.WAV,Telephone Field,recover-20220922,001,1795
1705.0375,1705.0769,68437,82376,Rhinolophus ferrumequinum,0.025,0.025,-1,Echolocation,/mnt/ubna_data_02_mir/recover-20220922/UBNA_001/20220921_090000.WAV,Telephone Field,recover-20220922,001,1795
1705.0425,1705.051,28046,38765,Eptesicus serotinus,0.008,0.022,-1,Echolocation,/mnt/ubna_data_02_mir/recover-20220922/UBNA_001/20220921_090000.WAV,Telephone Field,recover-20220922,001,1795
1705.0515,1705.0908,68437,82730,Rhinolophus ferrumequinum,0.023,0.023,-1,Echolocation,/mnt/ubna_data_02_mir/recover-20220922/UBNA_001/20220921_090000.WAV,Telephone Field,recover-20220922,001,1795
1705.1095,1705.12,22031,26962,Nyctalus leisleri,0.01,0.021,-1,Echolocation,/mnt/ubna_data_02_mir/recover-20220922/UBNA_001/20220921_090000.WAV,Telephone Field,recover-20220922,001,1795
1705.1115,1705.1193,28046,39834,Eptesicus serotinus,0.006,0.021,-1,Echolocation,/mnt/ubna_data_02_mir/recover-20220922/UBNA_001/20220921_090000.WAV,Telephone Field,recover-20220922,001,1795
1705.1265,1705.1389,49531,53872,Pipistrellus pipistrellus,0.027,0.033,-1,Echolocation,/mnt/ubna_data_02_mir/recover-20220922/UBNA_001/20220921_090000.WAV,Telephone Field,recover-20220922,001,1795
1705.1295,1705.1383,28046,37517,Eptesicus serotinus,0.007,0.021,-1,Echolocation,/mnt/ubna_data_02_mir/recover-20220922/UBNA_001/20220921_090000.WAV,Telephone Field,recover-20220922,001,1795
1705.1585,1705.1997,68437,82591,Rhinolophus ferrumequinum,0.022,0.022,-1,Echolocation,/mnt/ubna_data_02_mir/recover-20220922/UBNA_001/20220921_090000.WAV,Telephone Field,recover-20220922,001,1795
1705.2035,1705.2449,68437,82688,Rhinolophus ferrumequinum,0.021,0.021,-1,Echolocation,/mnt/ubna_data_02_mir/recover-20220922/UBNA_001/20220921_090000.WAV,Telephone Field,recover-20220922,001,1795
1705.2185,1705.257,68437,81723,Rhinolophus ferrumequinum,0.021,0.021,-1,Echolocation,/mnt/ubna_data_02_mir/recover-20220922/UBNA_001/20220921_090000.WAV,Telephone Field,recover-20220922,001,1795
1705.2555,1705.2972,68437,83201,Rhinolophus ferrumequinum,0.033,0.033,-1,Echolocation,/mnt/ubna_data_02_mir/recover-20220922/UBNA_001/20220921_090000.WAV,Telephone Field,recover-20220922,001,1795
1705.2735,1705.28,28046,43188,Myotis daubentonii,0.008,0.032,-1,Echolocation,/mnt/ubna_data_02_mir/recover-20220922/UBNA_001/20220921_090000.WAV,Telephone Field,recover-20220922,001,1795
1705.2845,1705.3238,68437,82529,Rhinolophus ferrumequinum,0.022,0.022,-1,Echolocation,/mnt/ubna_data_02_mir/recover-20220922/UBNA_001/20220921_090000.WAV,Telephone Field,recover-20220922,001,1795
1705.3055,1705.3149,23750,30880,Nyctalus leisleri,0.007,0.021,-1,Echolocation,/mnt/ubna_data_02_mir/recover-20220922/UBNA_001/20220921_090000.WAV,Telephone Field,recover-20220922,001,1795
1705.3645,1705.4055,68437,81936,Rhinolophus ferrumequinum,0.039,0.04,-1,Echolocation,/mnt/ubna_data_02_mir/recover-20220922/UBNA_001/20220921_090000.WAV,Telephone Field,recover-20220922,001,1795
1705.3685,1705.3749,24609,36540,Plecotus austriacus,0.009,0.026,-1,Echolocation,/mnt/ubna_data_02_mir/recover-20220922/UBNA_001/20220921_090000.WAV,Telephone Field,recover-20220922,001,1795
1705.3885,1705.3986,23750,30584,Nyctalus leisleri,0.007,0.02,-1,Echolocation,/mnt/ubna_data_02_mir/recover-20220922/UBNA_001/20220921_090000.WAV,Telephone Field,recover-20220922,001,1795
1705.4045,1705.4452,68437,82731,Rhinolophus ferrumequinum,0.028,0.028,-1,Echolocation,/mnt/ubna_data_02_mir/recover-20220922/UBNA_001/20220921_090000.WAV,Telephone Field,recover-20220922,001,1795
1705.4575,1705.4677,27187,34634,Eptesicus serotinus,0.01,0.021,-1,Echolocation,/mnt/ubna_data_02_mir/recover-20220922/UBNA_001/20220921_090000.WAV,Telephone Field,recover-20220922,001,1795
1705.4575,1705.4961,68437,81776,Rhinolophus ferrumequinum,0.021,0.021,-1,Echolocation,/mnt/ubna_data_02_mir/recover-20220922/UBNA_001/20220921_090000.WAV,Telephone Field,recover-20220922,001,1795
1705.4705,1705.5091,68437,81874,Rhinolophus ferrumequinum,0.02,0.021,-1,Echolocation,/mnt/ubna_data_02_mir/recover-20220922/UBNA_001/20220921_090000.WAV,Telephone Field,recover-20220922,001,1795
1705.4995,1705.536,68437,82085,Rhinolophus ferrumequinum,0.02,0.02,-1,Echolocation,/mnt/ubna_data_02_mir/recover-20220922/UBNA_001/20220921_090000.WAV,Telephone Field,recover-20220922,001,1795
1705.5245,1705.5607,68437,81152,Rhinolophus ferrumequinum,0.021,0.022,-1,Echolocation,/mnt/ubna_data_02_mir/recover-20220922/UBNA_001/20220921_090000.WAV,Telephone Field,recover-20220922,001,1795
1705.5475,1705.5885,68437,82414,Rhinolophus ferrumequinum,0.023,0.023,-1,Echolocation,/mnt/ubna_data_02_mir/recover-20220922/UBNA_001/20220921_090000.WAV,Telephone Field,recover-20220922,001,1795
1705.5865,1705.5963,28046,37170,Eptesicus serotinus,0.009,0.023,-1,Echolocation,/mnt/ubna_data_02_mir/recover-20220922/UBNA_001/20220921_090000.WAV,Telephone Field,recover-20220922,001,1795
1705.6495,1705.657,27187,42213,Eptesicus serotinus,0.009,0.024,-1,Echolocation,/mnt/ubna_data_02_mir/recover-20220922/UBNA_001/20220921_090000.WAV,Telephone Field,recover-20220922,001,1795
1705.6515,1705.6584,33203,43344,Myotis daubentonii,0.013,0.026,-1,Echolocation,/mnt/ubna_data_02_mir/recover-20220922/UBNA_001/20220921_090000.WAV,Telephone Field,recover-20220922,001,1795
1705.6695,1705.6802,22890,27531,Nyctalus leisleri,0.011,0.021,-1,Echolocation,/mnt/ubna_data_02_mir/recover-20220922/UBNA_001/20220921_090000.WAV,Telephone Field,recover-20220922,001,1795
1705.6795,1705.7223,68437,83591,Rhinolophus ferrumequinum,0.036,0.036,-1,Echolocation,/mnt/ubna_data_02_mir/recover-20220922/UBNA_001/20220921_090000.WAV,Telephone Field,recover-20220922,001,1795
1705.7065,1705.7487,68437,82671,Rhinolophus ferrumequinum,0.035,0.036,-1,Echolocation,/mnt/ubna_data_02_mir/recover-20220922/UBNA_001/20220921_090000.WAV,Telephone Field,recover-20220922,001,1795
1705.7075,1705.7247,15156,19805,Nyctalus noctula,0.018,0.026,-1,Echolocation,/mnt/ubna_data_02_mir/recover-20220922/UBNA_001/20220921_090000.WAV,Telephone Field,recover-20220922,001,1795
1705.7565,1705.7942,68437,82235,Rhinolophus ferrumequinum,0.021,0.021,-1,Echolocation,/mnt/ubna_data_02_mir/recover-20220922/UBNA_001/20220921_090000.WAV,Telephone Field,recover-20220922,001,1795
1705.8005,1705.8404,68437,83062,Rhinolophus ferrumequinum,0.023,0.023,-1,Echolocation,/mnt/ubna_data_02_mir/recover-20220922/UBNA_001/20220921_090000.WAV,Telephone Field,recover-20220922,001,1795
1705.8095,1705.8187,28046,37064,Eptesicus serotinus,0.008,0.021,-1,Echolocation,/mnt/ubna_data_02_mir/recover-20220922/UBNA_001/20220921_090000.WAV,Telephone Field,recover-20220922,001,1795
1705.9025,1705.9366,68437,80960,Rhinolophus ferrumequinum,0.023,0.023,-1,Echolocation,/mnt/ubna_data_02_mir/recover-20220922/UBNA_001/20220921_090000.WAV,Telephone Field,recover-20220922,001,1795
1705.9195,1705.9296,28046,35504,Eptesicus serotinus,0.009,0.021,-1,Echolocation,/mnt/ubna_data_02_mir/recover-20220922/UBNA_001/20220921_090000.WAV,Telephone Field,recover-20220922,001,1795
1705.9225,1705.9596,68437,81817,Rhinolophus ferrumequinum,0.021,0.021,-1,Echolocation,/mnt/ubna_data_02_mir/recover-20220922/UBNA_001/20220921_090000.WAV,Telephone Field,recover-20220922,001,1795
1705.9345,1705.9732,68437,81702,Rhinolophus ferrumequinum,0.021,0.021,-1,Echolocation,/mnt/ubna_data_02_mir/recover-20220922/UBNA_001/20220921_090000.WAV,Telephone Field,recover-20220922,001,1795
1705.9835,1705.9935,28906,36433,Eptesicus serotinus,0.009,0.024,-1,Echolocation,/mnt/ubna_data_02_mir/recover-20220922/UBNA_001/20220921_090000.WAV,Telephone Field,recover-20220922,001,1795
1706.0015,1706.011,25468,33304,Nyctalus leisleri,0.01,0.028,-1,Echolocation,/mnt/ubna_data_02_mir/recover-20220922/UBNA_001/20220921_090000.WAV,Telephone Field,recover-20220922,001,1795
1706.0015,1706.0345,68437,80920,Rhinolophus ferrumequinum,0.03,0.03,-1,Echolocation,/mnt/ubna_data_02_mir/recover-20220922/UBNA_001/20220921_090000.WAV,Telephone Field,recover-20220922,001,1795
1706.0125,1706.0527,68437,82402,Rhinolophus ferrumequinum,0.022,0.022,-1,Echolocation,/mnt/ubna_data_02_mir/recover-20220922/UBNA_001/20220921_090000.WAV,Telephone Field,recover-20220922,001,1795
1706.0145,1706.0213,24609,34094,Plecotus austriacus,0.007,0.023,-1,Echolocation,/mnt/ubna_data_02_mir/recover-20220922/UBNA_001/20220921_090000.WAV,Telephone Field,recover-20220922,001,1795
1706.0305,1706.0391,28046,36562,Eptesicus serotinus,0.008,0.023,-1,Echolocation,/mnt/ubna_data_02_mir/recover-20220922/UBNA_001/20220921_090000.WAV,Telephone Field,recover-20220922,001,1795
1706.0475,1706.0855999999999,68437,82477,Rhinolophus ferrumequinum,0.024,0.024,-1,Echolocation,/mnt/ubna_data_02_mir/recover-20220922/UBNA_001/20220921_090000.WAV,Telephone Field,recover-20220922,001,1795
1706.0505,1706.0611,23750,29469,Nyctalus leisleri,0.01,0.022,-1,Echolocation,/mnt/ubna_data_02_mir/recover-20220922/UBNA_001/20220921_090000.WAV,Telephone Field,recover-20220922,001,1795
1706.0795,1706.1189,68437,81932,Rhinolophus ferrumequinum,0.023,0.023,-1,Echolocation,/mnt/ubna_data_02_mir/recover-20220922/UBNA_001/20220921_090000.WAV,Telephone Field,recover-20220922,001,1795
1706.1275,1706.1389,25468,32108,Eptesicus serotinus,0.011,0.029,-1,Echolocation,/mnt/ubna_data_02_mir/recover-20220922/UBNA_001/20220921_090000.WAV,Telephone Field,recover-20220922,001,1795
1706.1415,1706.1814,68437,82344,Rhinolophus ferrumequinum,0.022,0.022,-1,Echolocation,/mnt/ubna_data_02_mir/recover-20220922/UBNA_001/20220921_090000.WAV,Telephone Field,recover-20220922,001,1795
1706.1965,1706.2069,44375,47416,Pipistrellus pipistrellus,0.049,0.054,-1,Echolocation,/mnt/ubna_data_02_mir/recover-20220922/UBNA_001/20220921_090000.WAV,Telephone Field,recover-20220922,001,1795
1706.2065,1706.2458,68437,82027,Rhinolophus ferrumequinum,0.025,0.025,-1,Echolocation,/mnt/ubna_data_02_mir/recover-20220922/UBNA_001/20220921_090000.WAV,Telephone Field,recover-20220922,001,1795
1706.2395,1706.249,28046,37114,Eptesicus serotinus,0.009,0.022,-1,Echolocation,/mnt/ubna_data_02_mir/recover-20220922/UBNA_001/20220921_090000.WAV,Telephone Field,recover-20220922,001,1795
1706.2475,1706.2586000000001,27187,35156,Eptesicus serotinus,0.014,0.028,-1,Echolocation,/mnt/ubna_data_02_mir/recover-20220922/UBNA_001/20220921_090000.WAV,Telephone Field,recover-20220922,001,1795
1706.2555,1706.2895,68437,80753,Rhinolophus ferrumequinum,0.023,0.023,-1,Echolocation,/mnt/ubna_data_02_mir/recover-20220922/UBNA_001/20220921_090000.WAV,Telephone Field,recover-20220922,001,1795
1706.2935,1706.3017,26328,37344,Eptesicus serotinus,0.007,0.022,-1,Echolocation,/mnt/ubna_data_02_mir/recover-20220922/UBNA_001/20220921_090000.WAV,Telephone Field,recover-20220922,001,1795
1706.3465,1706.3542,24609,33400,Eptesicus serotinus,0.006,0.023,-1,Echolocation,/mnt/ubna_data_02_mir/recover-20220922/UBNA_001/20220921_090000.WAV,Telephone Field,recover-20220922,001,1795
1706.3465,1706.3839,68437,81708,Rhinolophus ferrumequinum,0.025,0.025,-1,Echolocation,/mnt/ubna_data_02_mir/recover-20220922/UBNA_001/20220921_090000.WAV,Telephone Field,recover-20220922,001,1795
1706.3545,1706.3944,68437,82356,Rhinolophus ferrumequinum,0.023,0.023,-1,Echolocation,/mnt/ubna_data_02_mir/recover-20220922/UBNA_001/20220921_090000.WAV,Telephone Field,recover-20220922,001,1795
1706.3735,1706.4145,68437,82676,Rhinolophus ferrumequinum,0.023,0.023,-1,Echolocation,/mnt/ubna_data_02_mir/recover-20220922/UBNA_001/20220921_090000.WAV,Telephone Field,recover-20220922,001,1795
1706.3755,1706.3847,44375,52116,Pipistrellus pipistrellus,0.017,0.023,-1,Echolocation,/mnt/ubna_data_02_mir/recover-20220922/UBNA_001/20220921_090000.WAV,Telephone Field,recover-20220922,001,1795
1706.3765,1706.3857,27187,36670,Eptesicus serotinus,0.01,0.025,-1,Echolocation,/mnt/ubna_data_02_mir/recover-20220922/UBNA_001/20220921_090000.WAV,Telephone Field,recover-20220922,001,1795
1706.3825,1706.393,45234,49283,Pipistrellus pipistrellus,0.024,0.026,-1,Echolocation,/mnt/ubna_data_02_mir/recover-20220922/UBNA_001/20220921_090000.WAV,Telephone Field,recover-20220922,001,1795
1706.4095,1706.4181,28906,39154,Eptesicus serotinus,0.007,0.022,-1,Echolocation,/mnt/ubna_data_02_mir/recover-20220922/UBNA_001/20220921_090000.WAV,Telephone Field,recover-20220922,001,1795
1706.4215,1706.4647,68437,83428,Rhinolophus ferrumequinum,0.034,0.034,-1,Echolocation,/mnt/ubna_data_02_mir/recover-20220922/UBNA_001/20220921_090000.WAV,Telephone Field,recover-20220922,001,1795
1706.4485,1706.4565,23750,32161,Plecotus austriacus,0.009,0.023,-1,Echolocation,/mnt/ubna_data_02_mir/recover-20220922/UBNA_001/20220921_090000.WAV,Telephone Field,recover-20220922,001,1795
1706.4945,1706.5034,28906,37264,Eptesicus serotinus,0.008,0.022,-1,Echolocation,/mnt/ubna_data_02_mir/recover-20220922/UBNA_001/20220921_090000.WAV,Telephone Field,recover-20220922,001,1795
1706.5055,1706.5435,68437,81810,Rhinolophus ferrumequinum,0.022,0.022,-1,Echolocation,/mnt/ubna_data_02_mir/recover-20220922/UBNA_001/20220921_090000.WAV,Telephone Field,recover-20220922,001,1795
1706.5155,1706.5542,68437,82241,Rhinolophus ferrumequinum,0.022,0.022,-1,Echolocation,/mnt/ubna_data_02_mir/recover-20220922/UBNA_001/20220921_090000.WAV,Telephone Field,recover-20220922,001,1795
1706.5995,1706.6102,23750,30698,Nyctalus leisleri,0.009,0.026,-1,Echolocation,/mnt/ubna_data_02_mir/recover-20220922/UBNA_001/20220921_090000.WAV,Telephone Field,recover-20220922,001,1795
1706.6285,1706.6691,68437,82739,Rhinolophus ferrumequinum,0.03,0.03,-1,Echolocation,/mnt/ubna_data_02_mir/recover-20220922/UBNA_001/20220921_090000.WAV,Telephone Field,recover-20220922,001,1795
1706.6295,1706.6437,22031,25650,Nyctalus leisleri,0.013,0.022,-1,Echolocation,/mnt/ubna_data_02_mir/recover-20220922/UBNA_001/20220921_090000.WAV,Telephone Field,recover-20220922,001,1795
1706.6405,1706.6463,27187,41558,Plecotus auritus,0.006,0.027,-1,Echolocation,/mnt/ubna_data_02_mir/recover-20220922/UBNA_001/20220921_090000.WAV,Telephone Field,recover-20220922,001,1795
1706.7135,1706.7211,28046,39698,Eptesicus serotinus,0.007,0.022,-1,Echolocation,/mnt/ubna_data_02_mir/recover-20220922/UBNA_001/20220921_090000.WAV,Telephone Field,recover-20220922,001,1795
1706.7325,1706.7744,68437,83031,Rhinolophus ferrumequinum,0.04,0.04,-1,Echolocation,/mnt/ubna_data_02_mir/recover-20220922/UBNA_001/20220921_090000.WAV,Telephone Field,recover-20220922,001,1795
1706.7435,1706.7498,27187,45599,Eptesicus serotinus,0.006,0.023,-1,Echolocation,/mnt/ubna_data_02_mir/recover-20220922/UBNA_001/20220921_090000.WAV,Telephone Field,recover-20220922,001,1795
1706.7645,1706.8007,68437,81881,Rhinolophus ferrumequinum,0.022,0.022,-1,Echolocation,/mnt/ubna_data_02_mir/recover-20220922/UBNA_001/20220921_090000.WAV,Telephone Field,recover-20220922,001,1795
1706.7725,1706.7804,40078,46001,Barbastellus barbastellus,0.012,0.024,-1,Echolocation,/mnt/ubna_data_02_mir/recover-20220922/UBNA_001/20220921_090000.WAV,Telephone Field,recover-20220922,001,1795
1706.8175,1706.8266,27187,38558,Eptesicus serotinus,0.009,0.023,-1,Echolocation,/mnt/ubna_data_02_mir/recover-20220922/UBNA_001/20220921_090000.WAV,Telephone Field,recover-20220922,001,1795
1706.8305,1706.8401,47812,51579,Pipistrellus pipistrellus,0.023,0.028,-1,Echolocation,/mnt/ubna_data_02_mir/recover-20220922/UBNA_001/20220921_090000.WAV,Telephone Field,recover-20220922,001,1795
1706.8465,1706.8847,68437,81870,Rhinolophus ferrumequinum,0.023,0.023,-1,Echolocation,/mnt/ubna_data_02_mir/recover-20220922/UBNA_001/20220921_090000.WAV,Telephone Field,recover-20220922,001,1795
1706.8525,1706.8943,68437,81728,Rhinolophus ferrumequinum,0.023,0.023,-1,Echolocation,/mnt/ubna_data_02_mir/recover-20220922/UBNA_001/20220921_090000.WAV,Telephone Field,recover-20220922,001,1795
1706.8595,1706.9004,68437,82427,Rhinolophus ferrumequinum,0.024,0.024,-1,Echolocation,/mnt/ubna_data_02_mir/recover-20220922/UBNA_001/20220921_090000.WAV,Telephone Field,recover-20220922,001,1795
1706.9245,1706.9331,28906,38267,Eptesicus serotinus,0.007,0.023,-1,Echolocation,/mnt/ubna_data_02_mir/recover-20220922/UBNA_001/20220921_090000.WAV,Telephone Field,recover-20220922,001,1795
1706.9375,1706.9461000000001,50390,55634,Pipistrellus pipistrellus,0.02,0.022,-1,Echolocation,/mnt/ubna_data_02_mir/recover-20220922/UBNA_001/20220921_090000.WAV,Telephone Field,recover-20220922,001,1795
1706.9785,1706.9837,39218,52788,Myotis daubentonii,0.01,0.026,-1,Echolocation,/mnt/ubna_data_02_mir/recover-20220922/UBNA_001/20220921_090000.WAV,Telephone Field,recover-20220922,001,1795
1707.0145,1707.053,68437,82601,Rhinolophus ferrumequinum,0.022,0.022,-1,Echolocation,/mnt/ubna_data_02_mir/recover-20220922/UBNA_001/20220921_090000.WAV,Telephone Field,recover-20220922,001,1795
1707.0225,1707.0626,68437,82543,Rhinolophus ferrumequinum,0.024,0.024,-1,Echolocation,/mnt/ubna_data_02_mir/recover-20220922/UBNA_001/20220921_090000.WAV,Telephone Field,recover-20220922,001,1795
1707.0465,1707.0575,33203,39929,Eptesicus serotinus,0.006,0.023,-1,Echolocation,/mnt/ubna_data_02_mir/recover-20220922/UBNA_001/20220921_090000.WAV,Telephone Field,recover-20220922,001,1795
1707.0495,1707.0913,68437,82727,Rhinolophus ferrumequinum,0.023,0.023,-1,Echolocation,/mnt/ubna_data_02_mir/recover-20220922/UBNA_001/20220921_090000.WAV,Telephone Field,recover-20220922,001,1795
1707.1045,1707.115,23750,29482,Nyctalus leisleri,0.018,0.04,-1,Echolocation,/mnt/ubna_data_02_mir/recover-20220922/UBNA_001/20220921_090000.WAV,Telephone Field,recover-20220922,001,1795
1707.1265,1707.1624,68437,80720,Rhinolophus ferrumequinum,0.022,0.022,-1,Echolocation,/mnt/ubna_data_02_mir/recover-20220922/UBNA_001/20220921_090000.WAV,Telephone Field,recover-20220922,001,1795
1707.1475,1707.1899,68437,82665,Rhinolophus ferrumequinum,0.024,0.024,-1,Echolocation,/mnt/ubna_data_02_mir/recover-20220922/UBNA_001/20220921_090000.WAV,Telephone Field,recover-20220922,001,1795
1707.1745,1707.2136,68437,82536,Rhinolophus ferrumequinum,0.032,0.032,-1,Echolocation,/mnt/ubna_data_02_mir/recover-20220922/UBNA_001/20220921_090000.WAV,Telephone Field,recover-20220922,001,1795
1707.1745,1707.1829,27187,40140,Eptesicus serotinus,0.008,0.023,-1,Echolocation,/mnt/ubna_data_02_mir/recover-20220922/UBNA_001/20220921_090000.WAV,Telephone Field,recover-20220922,001,1795
1707.2225,1707.2631,68437,83310,Rhinolophus ferrumequinum,0.033,0.033,-1,Echolocation,/mnt/ubna_data_02_mir/recover-20220922/UBNA_001/20220921_090000.WAV,Telephone Field,recover-20220922,001,1795
1707.2225,1707.2327,28906,37504,Eptesicus serotinus,0.01,0.022,-1,Echolocation,/mnt/ubna_data_02_mir/recover-20220922/UBNA_001/20220921_090000.WAV,Telephone Field,recover-20220922,001,1795
1707.2685,1707.3074,68437,82261,Rhinolophus ferrumequinum,0.026,0.026,-1,Echolocation,/mnt/ubna_data_02_mir/recover-20220922/UBNA_001/20220921_090000.WAV,Telephone Field,recover-20220922,001,1795
1707.2925,1707.301,25468,36077,Eptesicus serotinus,0.012,0.032,-1,Echolocation,/mnt/ubna_data_02_mir/recover-20220922/UBNA_001/20220921_090000.WAV,Telephone Field,recover-20220922,001,1795
1707.3135,1707.3273,22031,26786,Nyctalus leisleri,0.015,0.028,-1,Echolocation,/mnt/ubna_data_02_mir/recover-20220922/UBNA_001/20220921_090000.WAV,Telephone Field,recover-20220922,001,1795
1707.3225,1707.3338,22890,27695,Nyctalus leisleri,0.015,0.028,-1,Echolocation,/mnt/ubna_data_02_mir/recover-20220922/UBNA_001/20220921_090000.WAV,Telephone Field,recover-20220922,001,1795
1707.3245,1707.3313,27187,39691,Eptesicus serotinus,0.007,0.028,-1,Echolocation,/mnt/ubna_data_02_mir/recover-20220922/UBNA_001/20220921_090000.WAV,Telephone Field,recover-20220922,001,1795
1707.3645,1707.4027,68437,82260,Rhinolophus ferrumequinum,0.022,0.022,-1,Echolocation,/mnt/ubna_data_02_mir/recover-20220922/UBNA_001/20220921_090000.WAV,Telephone Field,recover-20220922,001,1795
1707.3735,1707.4114,68437,81777,Rhinolophus ferrumequinum,0.023,0.023,-1,Echolocation,/mnt/ubna_data_02_mir/recover-20220922/UBNA_001/20220921_090000.WAV,Telephone Field,recover-20220922,001,1795
1707.3745,1707.3867,29765,36863,Eptesicus serotinus,0.019,0.032,-1,Echolocation,/mnt/ubna_data_02_mir/recover-20220922/UBNA_001/20220921_090000.WAV,Telephone Field,recover-20220922,001,1795
1707.3825,1707.4186,68437,80477,Rhinolophus ferrumequinum,0.021,0.022,-1,Echolocation,/mnt/ubna_data_02_mir/recover-20220922/UBNA_001/20220921_090000.WAV,Telephone Field,recover-20220922,001,1795
1707.4005,1707.4375,68437,82152,Rhinolophus ferrumequinum,0.023,0.023,-1,Echolocation,/mnt/ubna_data_02_mir/recover-20220922/UBNA_001/20220921_090000.WAV,Telephone Field,recover-20220922,001,1795
1707.4405,1707.4805,68437,82515,Rhinolophus ferrumequinum,0.027,0.027,-1,Echolocation,/mnt/ubna_data_02_mir/recover-20220922/UBNA_001/20220921_090000.WAV,Telephone Field,recover-20220922,001,1795
1707.4515,1707.4575,28046,41790,Eptesicus serotinus,0.012,0.041,-1,Echolocation,/mnt/ubna_data_02_mir/recover-20220922/UBNA_001/20220921_090000.WAV,Telephone Field,recover-20220922,001,1795
1707.4655,1707.4735,28046,40242,Eptesicus serotinus,0.008,0.024,-1,Echolocation,/mnt/ubna_data_02_mir/recover-20220922/UBNA_001/20220921_090000.WAV,Telephone Field,recover-20220922,001,1795
1707.4825,1707.5206,68437,82148,Rhinolophus ferrumequinum,0.031,0.031,-1,Echolocation,/mnt/ubna_data_02_mir/recover-20220922/UBNA_001/20220921_090000.WAV,Telephone Field,recover-20220922,001,1795
1707.5165,1707.5557,68437,82256,Rhinolophus ferrumequinum,0.024,0.024,-1,Echolocation,/mnt/ubna_data_02_mir/recover-20220922/UBNA_001/20220921_090000.WAV,Telephone Field,recover-20220922,001,1795
1707.5415,1707.5821,68437,82355,Rhinolophus ferrumequinum,0.022,0.022,-1,Echolocation,/mnt/ubna_data_02_mir/recover-20220922/UBNA_001/20220921_090000.WAV,Telephone Field,recover-20220922,001,1795
1707.5465,1707.5848,68437,82164,Rhinolophus ferrumequinum,0.022,0.022,-1,Echolocation,/mnt/ubna_data_02_mir/recover-20220922/UBNA_001/20220921_090000.WAV,Telephone Field,recover-20220922,001,1795
1707.5555,1707.5668,22890,28154,Nyctalus leisleri,0.017,0.037,-1,Echolocation,/mnt/ubna_data_02_mir/recover-20220922/UBNA_001/20220921_090000.WAV,Telephone Field,recover-20220922,001,1795
1707.6045,1707.6124,25468,33285,Eptesicus serotinus,0.006,0.023,-1,Echolocation,/mnt/ubna_data_02_mir/recover-20220922/UBNA_001/20220921_090000.WAV,Telephone Field,recover-20220922,001,1795
1707.6075,1707.6473,68437,82567,Rhinolophus ferrumequinum,0.022,0.022,-1,Echolocation,/mnt/ubna_data_02_mir/recover-20220922/UBNA_001/20220921_090000.WAV,Telephone Field,recover-20220922,001,1795
1707.6545,1707.6959,68437,83101,Rhinolophus ferrumequinum,0.031,0.031,-1,Echolocation,/mnt/ubna_data_02_mir/recover-20220922/UBNA_001/20220921_090000.WAV,Telephone Field,recover-20220922,001,1795
1707.6755,1707.684,26328,35159,Eptesicus serotinus,0.009,0.022,-1,Echolocation,/mnt/ubna_data_02_mir/recover-20220922/UBNA_001/20220921_090000.WAV,Telephone Field,recover-20220922,001,1795
1707.7295,1707.7366,29765,41025,Myotis daubentonii,0.011,0.028,-1,Echolocation,/mnt/ubna_data_02_mir/recover-20220922/UBNA_001/20220921_090000.WAV,Telephone Field,recover-20220922,001,1795
1707.7485,1707.7835,68437,81627,Rhinolophus ferrumequinum,0.022,0.022,-1,Echolocation,/mnt/ubna_data_02_mir/recover-20220922/UBNA_001/20220921_090000.WAV,Telephone Field,recover-20220922,001,1795
1707.7825,1707.8264,68437,83448,Rhinolophus ferrumequinum,0.033,0.033,-1,Echolocation,/mnt/ubna_data_02_mir/recover-20220922/UBNA_001/20220921_090000.WAV,Telephone Field,recover-20220922,001,1795
1707.8685,1707.904,67578,78629,Rhinolophus ferrumequinum,0.023,0.025,-1,Echolocation,/mnt/ubna_data_02_mir/recover-20220922/UBNA_001/20220921_090000.WAV,Telephone Field,recover-20220922,001,1795
1707.8925,1707.9003,28046,39401,Eptesicus serotinus,0.007,0.022,-1,Echolocation,/mnt/ubna_data_02_mir/recover-20220922/UBNA_001/20220921_090000.WAV,Telephone Field,recover-20220922,001,1795
1707.9845,1707.9953,22890,29215,Nyctalus leisleri,0.01,0.023,-1,Echolocation,/mnt/ubna_data_02_mir/recover-20220922/UBNA_001/20220921_090000.WAV,Telephone Field,recover-20220922,001,1795
1708.0015,1708.031,69296,81045,Rhinolophus ferrumequinum,0.071,0.071,-1,Echolocation,/mnt/ubna_data_02_mir/recover-20220922/UBNA_001/20220921_090000.WAV,Telephone Field,recover-20220922,001,1795
1708.0015,1708.0118,23750,30018,Nyctalus leisleri,0.014,0.033,-1,Echolocation,/mnt/ubna_data_02_mir/recover-20220922/UBNA_001/20220921_090000.WAV,Telephone Field,recover-20220922,001,1795
1708.0485,1708.0583,28046,36956,Eptesicus serotinus,0.01,0.023,-1,Echolocation,/mnt/ubna_data_02_mir/recover-20220922/UBNA_001/20220921_090000.WAV,Telephone Field,recover-20220922,001,1795
1708.0495,1708.0866,68437,81311,Rhinolophus ferrumequinum,0.021,0.021,-1,Echolocation,/mnt/ubna_data_02_mir/recover-20220922/UBNA_001/20220921_090000.WAV,Telephone Field,recover-20220922,001,1795
1708.0605,1708.0683,28046,38405,Eptesicus serotinus,0.009,0.028,-1,Echolocation,/mnt/ubna_data_02_mir/recover-20220922/UBNA_001/20220921_090000.WAV,Telephone Field,recover-20220922,001,1795
1708.1165,1708.1237,24609,34079,Plecotus austriacus,0.011,0.028,-1,Echolocation,/mnt/ubna_data_02_mir/recover-20220922/UBNA_001/20220921_090000.WAV,Telephone Field,recover-20220922,001,1795
1708.1185,1708.1572,68437,81970,Rhinolophus ferrumequinum,0.025,0.025,-1,Echolocation,/mnt/ubna_data_02_mir/recover-20220922/UBNA_001/20220921_090000.WAV,Telephone Field,recover-20220922,001,1795
1708.1345,1708.1432,28046,38646,Eptesicus serotinus,0.009,0.024,-1,Echolocation,/mnt/ubna_data_02_mir/recover-20220922/UBNA_001/20220921_090000.WAV,Telephone Field,recover-20220922,001,1795
1708.1375,1708.1767,68437,81424,Rhinolophus ferrumequinum,0.021,0.022,-1,Echolocation,/mnt/ubna_data_02_mir/recover-20220922/UBNA_001/20220921_090000.WAV,Telephone Field,recover-20220922,001,1795
1708.1475,1708.1547,28046,38196,Eptesicus serotinus,0.006,0.021,-1,Echolocation,/mnt/ubna_data_02_mir/recover-20220922/UBNA_001/20220921_090000.WAV,Telephone Field,recover-20220922,001,1795
1708.1515,1708.1639,22031,26078,Nyctalus leisleri,0.015,0.024,-1,Echolocation,/mnt/ubna_data_02_mir/recover-20220922/UBNA_001/20220921_090000.WAV,Telephone Field,recover-20220922,001,1795
1708.1595,1708.2012,68437,83261,Rhinolophus ferrumequinum,0.024,0.024,-1,Echolocation,/mnt/ubna_data_02_mir/recover-20220922/UBNA_001/20220921_090000.WAV,Telephone Field,recover-20220922,001,1795
1708.1835,1708.2232,68437,82878,Rhinolophus ferrumequinum,0.024,0.024,-1,Echolocation,/mnt/ubna_data_02_mir/recover-20220922/UBNA_001/20220921_090000.WAV,Telephone Field,recover-20220922,001,1795
1708.2005,1708.2077,29765,38680,Myotis daubentonii,0.009,0.022,-1,Echolocation,/mnt/ubna_data_02_mir/recover-20220922/UBNA_001/20220921_090000.WAV,Telephone Field,recover-20220922,001,1795
1708.2555,1708.2888,68437,80794,Rhinolophus ferrumequinum,0.023,0.023,-1,Echolocation,/mnt/ubna_data_02_mir/recover-20220922/UBNA_001/20220921_090000.WAV,Telephone Field,recover-20220922,001,1795
1708.2825,1708.3221,68437,82159,Rhinolophus ferrumequinum,0.029,0.029,-1,Echolocation,/mnt/ubna_data_02_mir/recover-20220922/UBNA_001/20220921_090000.WAV,Telephone Field,recover-20220922,001,1795
1708.3285,1708.3474,20312,23393,Nyctalus leisleri,0.024,0.042,-1,Echolocation,/mnt/ubna_data_02_mir/recover-20220922/UBNA_001/20220921_090000.WAV,Telephone Field,recover-20220922,001,1795
1708.3435,1708.3867,68437,83551,Rhinolophus ferrumequinum,0.029,0.029,-1,Echolocation,/mnt/ubna_data_02_mir/recover-20220922/UBNA_001/20220921_090000.WAV,Telephone Field,recover-20220922,001,1795
1708.3515,1708.3592,24609,33746,Plecotus austriacus,0.006,0.021,-1,Echolocation,/mnt/ubna_data_02_mir/recover-20220922/UBNA_001/20220921_090000.WAV,Telephone Field,recover-20220922,001,1795
1708.3545,1708.3954,68437,83278,Rhinolophus ferrumequinum,0.022,0.022,-1,Echolocation,/mnt/ubna_data_02_mir/recover-20220922/UBNA_001/20220921_090000.WAV,Telephone Field,recover-20220922,001,1795
1708.3745,1708.4152,68437,82723,Rhinolophus ferrumequinum,0.023,0.023,-1,Echolocation,/mnt/ubna_data_02_mir/recover-20220922/UBNA_001/20220921_090000.WAV,Telephone Field,recover-20220922,001,1795
1708.4005,1708.4402,68437,82329,Rhinolophus ferrumequinum,0.022,0.022,-1,Echolocation,/mnt/ubna_data_02_mir/recover-20220922/UBNA_001/20220921_090000.WAV,Telephone Field,recover-20220922,001,1795
1708.4185,1708.4592,68437,82478,Rhinolophus ferrumequinum,0.021,0.021,-1,Echolocation,/mnt/ubna_data_02_mir/recover-20220922/UBNA_001/20220921_090000.WAV,Telephone Field,recover-20220922,001,1795
1708.4485,1708.4577,27187,36588,Eptesicus serotinus,0.012,0.026,-1,Echolocation,/mnt/ubna_data_02_mir/recover-20220922/UBNA_001/20220921_090000.WAV,Telephone Field,recover-20220922,001,1795
1708.4545,1708.4635,28906,38325,Eptesicus serotinus,0.009,0.024,-1,Echolocation,/mnt/ubna_data_02_mir/recover-20220922/UBNA_001/20220921_090000.WAV,Telephone Field,recover-20220922,001,1795
1708.4585,1708.4963,68437,81562,Rhinolophus ferrumequinum,0.022,0.022,-1,Echolocation,/mnt/ubna_data_02_mir/recover-20220922/UBNA_001/20220921_090000.WAV,Telephone Field,recover-20220922,001,1795
1708.5075,1708.5165,25468,34092,Eptesicus serotinus,0.006,0.022,-1,Echolocation,/mnt/ubna_data_02_mir/recover-20220922/UBNA_001/20220921_090000.WAV,Telephone Field,recover-20220922,001,1795
1708.5265,1708.5628,68437,82066,Rhinolophus ferrumequinum,0.021,0.021,-1,Echolocation,/mnt/ubna_data_02_mir/recover-20220922/UBNA_001/20220921_090000.WAV,Telephone Field,recover-20220922,001,1795
1708.5405,1708.5786,68437,81578,Rhinolophus ferrumequinum,0.021,0.021,-1,Echolocation,/mnt/ubna_data_02_mir/recover-20220922/UBNA_001/20220921_090000.WAV,Telephone Field,recover-20220922,001,1795
1708.5745,1708.6155,68437,82432,Rhinolophus ferrumequinum,0.022,0.022,-1,Echolocation,/mnt/ubna_data_02_mir/recover-20220922/UBNA_001/20220921_090000.WAV,Telephone Field,recover-20220922,001,1795
1708.5895,1708.5999,22890,28132,Nyctalus leisleri,0.01,0.021,-1,Echolocation,/mnt/ubna_data_02_mir/recover-20220922/UBNA_001/20220921_090000.WAV,Telephone Field,recover-20220922,001,1795
1708.5945,1708.6347,68437,82698,Rhinolophus ferrumequinum,0.023,0.023,-1,Echolocation,/mnt/ubna_data_02_mir/recover-20220922/UBNA_001/20220921_090000.WAV,Telephone Field,recover-20220922,001,1795
1708.6245,1708.6657,68437,82607,Rhinolophus ferrumequinum,0.023,0.023,-1,Echolocation,/mnt/ubna_data_02_mir/recover-20220922/UBNA_001/20220921_090000.WAV,Telephone Field,recover-20220922,001,1795
1708.6275,1708.6356,28046,37069,Eptesicus serotinus,0.009,0.023,-1,Echolocation,/mnt/ubna_data_02_mir/recover-20220922/UBNA_001/20220921_090000.WAV,Telephone Field,recover-20220922,001,1795
1708.6385,1708.6777,68437,81977,Rhinolophus ferrumequinum,0.021,0.021,-1,Echolocation,/mnt/ubna_data_02_mir/recover-20220922/UBNA_001/20220921_090000.WAV,Telephone Field,recover-20220922,001,1795
1708.6455,1708.6543,28906,40516,Eptesicus serotinus,0.009,0.024,-1,Echolocation,/mnt/ubna_data_02_mir/recover-20220922/UBNA_001/20220921_090000.WAV,Telephone Field,recover-20220922,001,1795
1708.6525,1708.6903,68437,81647,Rhinolophus ferrumequinum,0.021,0.021,-1,Echolocation,/mnt/ubna_data_02_mir/recover-20220922/UBNA_001/20220921_090000.WAV,Telephone Field,recover-20220922,001,1795
1708.6595,1708.6985,68437,82213,Rhinolophus ferrumequinum,0.021,0.021,-1,Echolocation,/mnt/ubna_data_02_mir/recover-20220922/UBNA_001/20220921_090000.WAV,Telephone Field,recover-20220922,001,1795
1708.6885,1708.7296,68437,82058,Rhinolophus ferrumequinum,0.021,0.021,-1,Echolocation,/mnt/ubna_data_02_mir/recover-20220922/UBNA_001/20220921_090000.WAV,Telephone Field,recover-20220922,001,1795
1708.7085,1708.7465,68437,81748,Rhinolophus ferrumequinum,0.022,0.022,-1,Echolocation,/mnt/ubna_data_02_mir/recover-20220922/UBNA_001/20220921_090000.WAV,Telephone Field,recover-20220922,001,1795
1708.7285,1708.7698,68437,82190,Rhinolophus ferrumequinum,0.023,0.023,-1,Echolocation,/mnt/ubna_data_02_mir/recover-20220922/UBNA_001/20220921_090000.WAV,Telephone Field,recover-20220922,001,1795
1708.7555,1708.7937,68437,82115,Rhinolophus ferrumequinum,0.022,0.022,-1,Echolocation,/mnt/ubna_data_02_mir/recover-20220922/UBNA_001/20220921_090000.WAV,Telephone Field,recover-20220922,001,1795
1708.7845,1708.8221,68437,81538,Rhinolophus ferrumequinum,0.022,0.022,-1,Echolocation,/mnt/ubna_data_02_mir/recover-20220922/UBNA_001/20220921_090000.WAV,Telephone Field,recover-20220922,001,1795
1708.8055,1708.8141,28046,37547,Eptesicus serotinus,0.009,0.024,-1,Echolocation,/mnt/ubna_data_02_mir/recover-20220922/UBNA_001/20220921_090000.WAV,Telephone Field,recover-20220922,001,1795
1708.8165,1708.8549,68437,82308,Rhinolophus ferrumequinum,0.027,0.027,-1,Echolocation,/mnt/ubna_data_02_mir/recover-20220922/UBNA_001/20220921_090000.WAV,Telephone Field,recover-20220922,001,1795
1708.8225,1708.8319,23750,30537,Nyctalus leisleri,0.007,0.021,-1,Echolocation,/mnt/ubna_data_02_mir/recover-20220922/UBNA_001/20220921_090000.WAV,Telephone Field,recover-20220922,001,1795
1708.8335,1708.8736,68437,82352,Rhinolophus ferrumequinum,0.021,0.021,-1,Echolocation,/mnt/ubna_data_02_mir/recover-20220922/UBNA_001/20220921_090000.WAV,Telephone Field,recover-20220922,001,1795
1708.8535,1708.8622,28906,37280,Eptesicus serotinus,0.008,0.021,-1,Echolocation,/mnt/ubna_data_02_mir/recover-20220922/UBNA_001/20220921_090000.WAV,Telephone Field,recover-20220922,001,1795
1708.8665,1708.9044,68437,81417,Rhinolophus ferrumequinum,0.026,0.026,-1,Echolocation,/mnt/ubna_data_02_mir/recover-20220922/UBNA_001/20220921_090000.WAV,Telephone Field,recover-20220922,001,1795
1708.8795,1708.8912,28906,35918,Eptesicus serotinus,0.014,0.029,-1,Echolocation,/mnt/ubna_data_02_mir/recover-20220922/UBNA_001/20220921_090000.WAV,Telephone Field,recover-20220922,001,1795
1708.8815,1708.9216,68437,82209,Rhinolophus ferrumequinum,0.022,0.022,-1,Echolocation,/mnt/ubna_data_02_mir/recover-20220922/UBNA_001/20220921_090000.WAV,Telephone Field,recover-20220922,001,1795
1708.8995,1708.9368,68437,81882,Rhinolophus ferrumequinum,0.022,0.022,-1,Echolocation,/mnt/ubna_data_02_mir/recover-20220922/UBNA_001/20220921_090000.WAV,Telephone Field,recover-20220922,001,1795
1708.9065,1708.9177,22031,25871,Nyctalus leisleri,0.014,0.024,-1,Echolocation,/mnt/ubna_data_02_mir/recover-20220922/UBNA_001/20220921_090000.WAV,Telephone Field,recover-20220922,001,1795
1708.9145,1708.9496,68437,81098,Rhinolophus ferrumequinum,0.021,0.021,-1,Echolocation,/mnt/ubna_data_02_mir/recover-20220922/UBNA_001/20220921_090000.WAV,Telephone Field,recover-20220922,001,1795
1708.9445,1708.9834,68437,82188,Rhinolophus ferrumequinum,0.025,0.025,-1,Echolocation,/mnt/ubna_data_02_mir/recover-20220922/UBNA_001/20220921_090000.WAV,Telephone Field,recover-20220922,001,1795
1708.9475,1708.9657,22031,25821,Nyctalus leisleri,0.017,0.026,-1,Echolocation,/mnt/ubna_data_02_mir/recover-20220922/UBNA_001/20220921_090000.WAV,Telephone Field,recover-20220922,001,1795
1708.9615,1708.9704,25468,33581,Nyctalus leisleri,0.007,0.024,-1,Echolocation,/mnt/ubna_data_02_mir/recover-20220922/UBNA_001/20220921_090000.WAV,Telephone Field,recover-20220922,001,1795
1708.9705,1709.0126,68437,82854,Rhinolophus ferrumequinum,0.026,0.026,-1,Echolocation,/mnt/ubna_data_02_mir/recover-20220922/UBNA_001/20220921_090000.WAV,Telephone Field,recover-20220922,001,1795
1709.0265,1709.0339,26328,35098,Eptesicus serotinus,0.017,0.042,-1,Echolocation,/mnt/ubna_data_02_mir/recover-20220922/UBNA_001/20220921_090000.WAV,Telephone Field,recover-20220922,001,1795
1709.0695,1709.1118,68437,83024,Rhinolophus ferrumequinum,0.03,0.03,-1,Echolocation,/mnt/ubna_data_02_mir/recover-20220922/UBNA_001/20220921_090000.WAV,Telephone Field,recover-20220922,001,1795
1709.0955,1709.1049,28046,37406,Eptesicus serotinus,0.009,0.021,-1,Echolocation,/mnt/ubna_data_02_mir/recover-20220922/UBNA_001/20220921_090000.WAV,Telephone Field,recover-20220922,001,1795
1709.1375,1709.1792,68437,82633,Rhinolophus ferrumequinum,0.029,0.029,-1,Echolocation,/mnt/ubna_data_02_mir/recover-20220922/UBNA_001/20220921_090000.WAV,Telephone Field,recover-20220922,001,1795
1709.1755,1709.2123,68437,81955,Rhinolophus ferrumequinum,0.023,0.023,-1,Echolocation,/mnt/ubna_data_02_mir/recover-20220922/UBNA_001/20220921_090000.WAV,Telephone Field,recover-20220922,001,1795
1709.2225,1709.2353,23750,29451,Nyctalus leisleri,0.013,0.027,-1,Echolocation,/mnt/ubna_data_02_mir/recover-20220922/UBNA_001/20220921_090000.WAV,Telephone Field,recover-20220922,001,1795
1709.2405,1709.2811,68437,82090,Rhinolophus ferrumequinum,0.024,0.024,-1,Echolocation,/mnt/ubna_data_02_mir/recover-20220922/UBNA_001/20220921_090000.WAV,Telephone Field,recover-20220922,001,1795
1709.2565,1709.2677,28906,36097,Eptesicus serotinus,0.01,0.024,-1,Echolocation,/mnt/ubna_data_02_mir/recover-20220922/UBNA_001/20220921_090000.WAV,Telephone Field,recover-20220922,001,1795
1709.2575,1709.2968,68437,81666,Rhinolophus ferrumequinum,0.021,0.022,-1,Echolocation,/mnt/ubna_data_02_mir/recover-20220922/UBNA_001/20220921_090000.WAV,Telephone Field,recover-20220922,001,1795
1709.2815,1709.3187,68437,81709,Rhinolophus ferrumequinum,0.023,0.023,-1,Echolocation,/mnt/ubna_data_02_mir/recover-20220922/UBNA_001/20220921_090000.WAV,Telephone Field,recover-20220922,001,1795
1709.3015,1709.3421,68437,82777,Rhinolophus ferrumequinum,0.023,0.024,-1,Echolocation,/mnt/ubna_data_02_mir/recover-20220922/UBNA_001/20220921_090000.WAV,Telephone Field,recover-20220922,001,1795
1709.3265,1709.3649,68437,81700,Rhinolophus ferrumequinum,0.021,0.021,-1,Echolocation,/mnt/ubna_data_02_mir/recover-20220922/UBNA_001/20220921_090000.WAV,Telephone Field,recover-20220922,001,1795
1709.3415,1709.3765,68437,80597,Rhinolophus ferrumequinum,0.022,0.022,-1,Echolocation,/mnt/ubna_data_02_mir/recover-20220922/UBNA_001/20220921_090000.WAV,Telephone Field,recover-20220922,001,1795
1709.3605,1709.4011,68437,82708,Rhinolophus ferrumequinum,0.023,0.023,-1,Echolocation,/mnt/ubna_data_02_mir/recover-20220922/UBNA_001/20220921_090000.WAV,Telephone Field,recover-20220922,001,1795
1709.3655,1709.4041,68437,82068,Rhinolophus ferrumequinum,0.023,0.023,-1,Echolocation,/mnt/ubna_data_02_mir/recover-20220922/UBNA_001/20220921_090000.WAV,Telephone Field,recover-20220922,001,1795
1709.4755,1709.5198,68437,82835,Rhinolophus ferrumequinum,0.034,0.034,-1,Echolocation,/mnt/ubna_data_02_mir/recover-20220922/UBNA_001/20220921_090000.WAV,Telephone Field,recover-20220922,001,1795
1709.4815,1709.4901,28906,38956,Eptesicus serotinus,0.009,0.026,-1,Echolocation,/mnt/ubna_data_02_mir/recover-20220922/UBNA_001/20220921_090000.WAV,Telephone Field,recover-20220922,001,1795
1709.4955,1709.5066,28906,34110,Eptesicus serotinus,0.014,0.028,-1,Echolocation,/mnt/ubna_data_02_mir/recover-20220922/UBNA_001/20220921_090000.WAV,Telephone Field,recover-20220922,001,1795
1709.5095,1709.5508,68437,83069,Rhinolophus ferrumequinum,0.027,0.027,-1,Echolocation,/mnt/ubna_data_02_mir/recover-20220922/UBNA_001/20220921_090000.WAV,Telephone Field,recover-20220922,001,1795
1709.5235,1709.5624,68437,82053,Rhinolophus ferrumequinum,0.022,0.022,-1,Echolocation,/mnt/ubna_data_02_mir/recover-20220922/UBNA_001/20220921_090000.WAV,Telephone Field,recover-20220922,001,1795
1709.5545,1709.5978,68437,83001,Rhinolophus ferrumequinum,0.023,0.023,-1,Echolocation,/mnt/ubna_data_02_mir/recover-20220922/UBNA_001/20220921_090000.WAV,Telephone Field,recover-20220922,001,1795
1709.5825,1709.6231,68437,82132,Rhinolophus ferrumequinum,0.024,0.024,-1,Echolocation,/mnt/ubna_data_02_mir/recover-20220922/UBNA_001/20220921_090000.WAV,Telephone Field,recover-20220922,001,1795
1709.5875,1709.5942,25468,37932,Plecotus austriacus,0.008,0.028,-1,Echolocation,/mnt/ubna_data_02_mir/recover-20220922/UBNA_001/20220921_090000.WAV,Telephone Field,recover-20220922,001,1795
1709.6305,1709.6711,68437,82236,Rhinolophus ferrumequinum,0.029,0.029,-1,Echolocation,/mnt/ubna_data_02_mir/recover-20220922/UBNA_001/20220921_090000.WAV,Telephone Field,recover-20220922,001,1795
1709.6575,1709.6749,23750,28216,Nyctalus leisleri,0.026,0.049,-1,Echolocation,/mnt/ubna_data_02_mir/recover-20220922/UBNA_001/20220921_090000.WAV,Telephone Field,recover-20220922,001,1795
1709.6805,1709.7228,68437,82743,Rhinolophus ferrumequinum,0.023,0.023,-1,Echolocation,/mnt/ubna_data_02_mir/recover-20220922/UBNA_001/20220921_090000.WAV,Telephone Field,recover-20220922,001,1795
1709.6875,1709.7251,68437,81971,Rhinolophus ferrumequinum,0.023,0.023,-1,Echolocation,/mnt/ubna_data_02_mir/recover-20220922/UBNA_001/20220921_090000.WAV,Telephone Field,recover-20220922,001,1795
1709.7135,1709.7502,68437,81370,Rhinolophus ferrumequinum,0.022,0.022,-1,Echolocation,/mnt/ubna_data_02_mir/recover-20220922/UBNA_001/20220921_090000.WAV,Telephone Field,recover-20220922,001,1795
1709.7555,1709.7944,68437,81816,Rhinolophus ferrumequinum,0.022,0.022,-1,Echolocation,/mnt/ubna_data_02_mir/recover-20220922/UBNA_001/20220921_090000.WAV,Telephone Field,recover-20220922,001,1795
1709.7875,1709.7949,23750,33549,Plecotus austriacus,0.012,0.027,-1,Echolocation,/mnt/ubna_data_02_mir/recover-20220922/UBNA_001/20220921_090000.WAV,Telephone Field,recover-20220922,001,1795
1709.8095,1709.8474,68437,81620,Rhinolophus ferrumequinum,0.022,0.022,-1,Echolocation,/mnt/ubna_data_02_mir/recover-20220922/UBNA_001/20220921_090000.WAV,Telephone Field,recover-20220922,001,1795
1709.8145,1709.8223,27187,38899,Eptesicus serotinus,0.008,0.022,-1,Echolocation,/mnt/ubna_data_02_mir/recover-20220922/UBNA_001/20220921_090000.WAV,Telephone Field,recover-20220922,001,1795
1709.8245,1709.8656,68437,82730,Rhinolophus ferrumequinum,0.041,0.041,-1,Echolocation,/mnt/ubna_data_02_mir/recover-20220922/UBNA_001/20220921_090000.WAV,Telephone Field,recover-20220922,001,1795
1709.8515,1709.8589,28906,38932,Eptesicus serotinus,0.008,0.027,-1,Echolocation,/mnt/ubna_data_02_mir/recover-20220922/UBNA_001/20220921_090000.WAV,Telephone Field,recover-20220922,001,1795
1709.8685,1709.9101,68437,83021,Rhinolophus ferrumequinum,0.029,0.029,-1,Echolocation,/mnt/ubna_data_02_mir/recover-20220922/UBNA_001/20220921_090000.WAV,Telephone Field,recover-20220922,001,1795
1709.9485,1709.9621,22031,26776,Nyctalus leisleri,0.015,0.03,-1,Echolocation,/mnt/ubna_data_02_mir/recover-20220922/UBNA_001/20220921_090000.WAV,Telephone Field,recover-20220922,001,1795
1709.9895,1709.9982,27187,38848,Eptesicus serotinus,0.009,0.022,-1,Echolocation,/mnt/ubna_data_02_mir/recover-20220922/UBNA_001/20220921_090000.WAV,Telephone Field,recover-20220922,001,1795
1710.0015,1710.0335,68437,79638,Rhinolophus ferrumequinum,0.039,0.04,-1,Echolocation,/mnt/ubna_data_02_mir/recover-20220922/UBNA_001/20220921_090000.WAV,Telephone Field,recover-20220922,001,1795
1710.0015,1710.0116,22031,29146,Nyctalus leisleri,0.014,0.039,-1,Echolocation,/mnt/ubna_data_02_mir/recover-20220922/UBNA_001/20220921_090000.WAV,Telephone Field,recover-20220922,001,1795
1710.0015,1710.0098,30625,37505,Eptesicus serotinus,0.009,0.028,-1,Echolocation,/mnt/ubna_data_02_mir/recover-20220922/UBNA_001/20220921_090000.WAV,Telephone Field,recover-20220922,001,1795
1710.0015,1710.0171,61562,70292,Pipistrellus pygmaeus,0.021,0.022,-1,Echolocation,/mnt/ubna_data_02_mir/recover-20220922/UBNA_001/20220921_090000.WAV,Telephone Field,recover-20220922,001,1795
1710.0015,1710.0111,46953,55367,Pipistrellus pipistrellus,0.015,0.024,-1,Echolocation,/mnt/ubna_data_02_mir/recover-20220922/UBNA_001/20220921_090000.WAV,Telephone Field,recover-20220922,001,1795
1710.0075,1710.0488,68437,81765,Rhinolophus ferrumequinum,0.026,0.026,-1,Echolocation,/mnt/ubna_data_02_mir/recover-20220922/UBNA_001/20220921_090000.WAV,Telephone Field,recover-20220922,001,1795
1710.0555,1710.0986,68437,83840,Rhinolophus ferrumequinum,0.038,0.039,-1,Echolocation,/mnt/ubna_data_02_mir/recover-20220922/UBNA_001/20220921_090000.WAV,Telephone Field,recover-20220922,001,1795
1710.0945,1710.1316,68437,82420,Rhinolophus ferrumequinum,0.026,0.026,-1,Echolocation,/mnt/ubna_data_02_mir/recover-20220922/UBNA_001/20220921_090000.WAV,Telephone Field,recover-20220922,001,1795
1710.1075,1710.1441,68437,82230,Rhinolophus ferrumequinum,0.023,0.023,-1,Echolocation,/mnt/ubna_data_02_mir/recover-20220922/UBNA_001/20220921_090000.WAV,Telephone Field,recover-20220922,001,1795
1710.1305,1710.172,68437,83205,Rhinolophus ferrumequinum,0.034,0.034,-1,Echolocation,/mnt/ubna_data_02_mir/recover-20220922/UBNA_001/20220921_090000.WAV,Telephone Field,recover-20220922,001,1795
1710.1465,1710.1857,68437,82108,Rhinolophus ferrumequinum,0.022,0.022,-1,Echolocation,/mnt/ubna_data_02_mir/recover-20220922/UBNA_001/20220921_090000.WAV,Telephone Field,recover-20220922,001,1795
1710.1745,1710.2117,68437,81851,Rhinolophus ferrumequinum,0.022,0.022,-1,Echolocation,/mnt/ubna_data_02_mir/recover-20220922/UBNA_001/20220921_090000.WAV,Telephone Field,recover-20220922,001,1795
1710.1995,1710.2086,27187,37298,Eptesicus serotinus,0.009,0.022,-1,Echolocation,/mnt/ubna_data_02_mir/recover-20220922/UBNA_001/20220921_090000.WAV,Telephone Field,recover-20220922,001,1795
1710.1995,1710.2378,68437,81668,Rhinolophus ferrumequinum,0.022,0.023,-1,Echolocation,/mnt/ubna_data_02_mir/recover-20220922/UBNA_001/20220921_090000.WAV,Telephone Field,recover-20220922,001,1795
1710.2305,1710.2668,68437,81762,Rhinolophus ferrumequinum,0.025,0.025,-1,Echolocation,/mnt/ubna_data_02_mir/recover-20220922/UBNA_001/20220921_090000.WAV,Telephone Field,recover-20220922,001,1795
1710.2495,1710.261,27187,34359,Eptesicus serotinus,0.012,0.025,-1,Echolocation,/mnt/ubna_data_02_mir/recover-20220922/UBNA_001/20220921_090000.WAV,Telephone Field,recover-20220922,001,1795
1710.2545,1710.2683,26328,31363,Eptesicus serotinus,0.011,0.025,-1,Echolocation,/mnt/ubna_data_02_mir/recover-20220922/UBNA_001/20220921_090000.WAV,Telephone Field,recover-20220922,001,1795
1710.2855,1710.2963,22890,28666,Nyctalus leisleri,0.015,0.032,-1,Echolocation,/mnt/ubna_data_02_mir/recover-20220922/UBNA_001/20220921_090000.WAV,Telephone Field,recover-20220922,001,1795
1710.2855,1710.3243,68437,82192,Rhinolophus ferrumequinum,0.024,0.024,-1,Echolocation,/mnt/ubna_data_02_mir/recover-20220922/UBNA_001/20220921_090000.WAV,Telephone Field,recover-20220922,001,1795
1710.3075,1710.346,68437,82166,Rhinolophus ferrumequinum,0.025,0.025,-1,Echolocation,/mnt/ubna_data_02_mir/recover-20220922/UBNA_001/20220921_090000.WAV,Telephone Field,recover-20220922,001,1795
1710.3215,1710.3602,68437,82064,Rhinolophus ferrumequinum,0.023,0.023,-1,Echolocation,/mnt/ubna_data_02_mir/recover-20220922/UBNA_001/20220921_090000.WAV,Telephone Field,recover-20220922,001,1795
1710.3275,1710.3378,28046,37134,Eptesicus serotinus,0.011,0.025,-1,Echolocation,/mnt/ubna_data_02_mir/recover-20220922/UBNA_001/20220921_090000.WAV,Telephone Field,recover-20220922,001,1795
1710.3545,1710.3644,28046,39774,Eptesicus serotinus,0.01,0.024,-1,Echolocation,/mnt/ubna_data_02_mir/recover-20220922/UBNA_001/20220921_090000.WAV,Telephone Field,recover-20220922,001,1795
1710.3745,1710.415,68437,82315,Rhinolophus ferrumequinum,0.023,0.023,-1,Echolocation,/mnt/ubna_data_02_mir/recover-20220922/UBNA_001/20220921_090000.WAV,Telephone Field,recover-20220922,001,1795
1710.3835,1710.4258,68437,83101,Rhinolophus ferrumequinum,0.027,0.027,-1,Echolocation,/mnt/ubna_data_02_mir/recover-20220922/UBNA_001/20220921_090000.WAV,Telephone Field,recover-20220922,001,1795
1710.4035,1710.4446,68437,82801,Rhinolophus ferrumequinum,0.034,0.034,-1,Echolocation,/mnt/ubna_data_02_mir/recover-20220922/UBNA_001/20220921_090000.WAV,Telephone Field,recover-20220922,001,1795
1710.4235,1710.4628,68437,82394,Rhinolophus ferrumequinum,0.023,0.023,-1,Echolocation,/mnt/ubna_data_02_mir/recover-20220922/UBNA_001/20220921_090000.WAV,Telephone Field,recover-20220922,001,1795
1710.4355,1710.4455,24609,31265,Nyctalus leisleri,0.009,0.025,-1,Echolocation,/mnt/ubna_data_02_mir/recover-20220922/UBNA_001/20220921_090000.WAV,Telephone Field,recover-20220922,001,1795
1710.4435,1710.4517,28046,39441,Eptesicus serotinus,0.008,0.024,-1,Echolocation,/mnt/ubna_data_02_mir/recover-20220922/UBNA_001/20220921_090000.WAV,Telephone Field,recover-20220922,001,1795
1710.4625,1710.5081,68437,83192,Rhinolophus ferrumequinum,0.049,0.049,-1,Echolocation,/mnt/ubna_data_02_mir/recover-20220922/UBNA_001/20220921_090000.WAV,Telephone Field,recover-20220922,001,1795
1710.4985,1710.5384,68437,82601,Rhinolophus ferrumequinum,0.024,0.024,-1,Echolocation,/mnt/ubna_data_02_mir/recover-20220922/UBNA_001/20220921_090000.WAV,Telephone Field,recover-20220922,001,1795
1710.5025,1710.5133,27187,34966,Eptesicus serotinus,0.012,0.024,-1,Echolocation,/mnt/ubna_data_02_mir/recover-20220922/UBNA_001/20220921_090000.WAV,Telephone Field,recover-20220922,001,1795
1710.5275,1710.5351,42656,51500,Myotis daubentonii,0.009,0.028,-1,Echolocation,/mnt/ubna_data_02_mir/recover-20220922/UBNA_001/20220921_090000.WAV,Telephone Field,recover-20220922,001,1795
1710.5655,1710.6038,68437,81965,Rhinolophus ferrumequinum,0.023,0.023,-1,Echolocation,/mnt/ubna_data_02_mir/recover-20220922/UBNA_001/20220921_090000.WAV,Telephone Field,recover-20220922,001,1795
1710.5985,1710.6374,68437,81663,Rhinolophus ferrumequinum,0.03,0.03,-1,Echolocation,/mnt/ubna_data_02_mir/recover-20220922/UBNA_001/20220921_090000.WAV,Telephone Field,recover-20220922,001,1795
1710.6515,1710.6589,27187,39711,Eptesicus serotinus,0.007,0.023,-1,Echolocation,/mnt/ubna_data_02_mir/recover-20220922/UBNA_001/20220921_090000.WAV,Telephone Field,recover-20220922,001,1795
1710.6605,1710.7005,68437,81990,Rhinolophus ferrumequinum,0.036,0.036,-1,Echolocation,/mnt/ubna_data_02_mir/recover-20220922/UBNA_001/20220921_090000.WAV,Telephone Field,recover-20220922,001,1795
1710.6845,1710.691,33203,47690,Myotis daubentonii,0.01,0.022,-1,Echolocation,/mnt/ubna_data_02_mir/recover-20220922/UBNA_001/20220921_090000.WAV,Telephone Field,recover-20220922,001,1795
1710.7115,1710.721,23750,30457,Nyctalus leisleri,0.008,0.022,-1,Echolocation,/mnt/ubna_data_02_mir/recover-20220922/UBNA_001/20220921_090000.WAV,Telephone Field,recover-20220922,001,1795
1710.7235,1710.7303,27187,38411,Eptesicus serotinus,0.005,0.023,-1,Echolocation,/mnt/ubna_data_02_mir/recover-20220922/UBNA_001/20220921_090000.WAV,Telephone Field,recover-20220922,001,1795
1710.7285,1710.7661,68437,81613,Rhinolophus ferrumequinum,0.022,0.022,-1,Echolocation,/mnt/ubna_data_02_mir/recover-20220922/UBNA_001/20220921_090000.WAV,Telephone Field,recover-20220922,001,1795
1710.7595,1710.7688,25468,33624,Eptesicus serotinus,0.01,0.033,-1,Echolocation,/mnt/ubna_data_02_mir/recover-20220922/UBNA_001/20220921_090000.WAV,Telephone Field,recover-20220922,001,1795
1710.7755,1710.8162,68437,83238,Rhinolophus ferrumequinum,0.025,0.025,-1,Echolocation,/mnt/ubna_data_02_mir/recover-20220922/UBNA_001/20220921_090000.WAV,Telephone Field,recover-20220922,001,1795
1710.8505,1710.8605,24609,31082,Eptesicus serotinus,0.009,0.025,-1,Echolocation,/mnt/ubna_data_02_mir/recover-20220922/UBNA_001/20220921_090000.WAV,Telephone Field,recover-20220922,001,1795
1710.8625,1710.9026,68437,82022,Rhinolophus ferrumequinum,0.025,0.025,-1,Echolocation,/mnt/ubna_data_02_mir/recover-20220922/UBNA_001/20220921_090000.WAV,Telephone Field,recover-20220922,001,1795
1710.8675,1710.8738,31484,46575,Myotis daubentonii,0.014,0.026,-1,Echolocation,/mnt/ubna_data_02_mir/recover-20220922/UBNA_001/20220921_090000.WAV,Telephone Field,recover-20220922,001,1795
1710.8915,1710.9288,68437,81851,Rhinolophus ferrumequinum,0.026,0.026,-1,Echolocation,/mnt/ubna_data_02_mir/recover-20220922/UBNA_001/20220921_090000.WAV,Telephone Field,recover-20220922,001,1795
1710.9425,1710.9537,28906,36465,Eptesicus serotinus,0.011,0.025,-1,Echolocation,/mnt/ubna_data_02_mir/recover-20220922/UBNA_001/20220921_090000.WAV,Telephone Field,recover-20220922,001,1795
1710.9865,1711.0284,68437,82844,Rhinolophus ferrumequinum,0.023,0.023,-1,Echolocation,/mnt/ubna_data_02_mir/recover-20220922/UBNA_001/20220921_090000.WAV,Telephone Field,recover-20220922,001,1795
1711.0105,1711.0171,23750,33354,Plecotus austriacus,0.015,0.03,-1,Echolocation,/mnt/ubna_data_02_mir/recover-20220922/UBNA_001/20220921_090000.WAV,Telephone Field,recover-20220922,001,1795
1711.0675,1711.107,68437,82559,Rhinolophus ferrumequinum,0.022,0.022,-1,Echolocation,/mnt/ubna_data_02_mir/recover-20220922/UBNA_001/20220921_090000.WAV,Telephone Field,recover-20220922,001,1795
1711.0745,1711.1138,68437,82079,Rhinolophus ferrumequinum,0.022,0.022,-1,Echolocation,/mnt/ubna_data_02_mir/recover-20220922/UBNA_001/20220921_090000.WAV,Telephone Field,recover-20220922,001,1795
1711.0995,1711.1082,28046,38234,Eptesicus serotinus,0.009,0.026,-1,Echolocation,/mnt/ubna_data_02_mir/recover-20220922/UBNA_001/20220921_090000.WAV,Telephone Field,recover-20220922,001,1795
1711.1005,1711.1423,68437,82765,Rhinolophus ferrumequinum,0.037,0.037,-1,Echolocation,/mnt/ubna_data_02_mir/recover-20220922/UBNA_001/20220921_090000.WAV,Telephone Field,recover-20220922,001,1795
1711.1005,1711.1094,23750,31792,Plecotus austriacus,0.007,0.025,-1,Echolocation,/mnt/ubna_data_02_mir/recover-20220922/UBNA_001/20220921_090000.WAV,Telephone Field,recover-20220922,001,1795
1711.1235,1711.1573,68437,81352,Rhinolophus ferrumequinum,0.034,0.034,-1,Echolocation,/mnt/ubna_data_02_mir/recover-20220922/UBNA_001/20220921_090000.WAV,Telephone Field,recover-20220922,001,1795
1711.1325,1711.1502,20312,23454,Nyctalus leisleri,0.018,0.029,-1,Echolocation,/mnt/ubna_data_02_mir/recover-20220922/UBNA_001/20220921_090000.WAV,Telephone Field,recover-20220922,001,1795
1711.1585,1711.1747,21171,25203,Nyctalus leisleri,0.018,0.035,-1,Echolocation,/mnt/ubna_data_02_mir/recover-20220922/UBNA_001/20220921_090000.WAV,Telephone Field,recover-20220922,001,1795
1711.1785,1711.2212,68437,83064,Rhinolophus ferrumequinum,0.027,0.027,-1,Echolocation,/mnt/ubna_data_02_mir/recover-20220922/UBNA_001/20220921_090000.WAV,Telephone Field,recover-20220922,001,1795
1711.2395,1711.2796,68437,82075,Rhinolophus ferrumequinum,0.023,0.023,-1,Echolocation,/mnt/ubna_data_02_mir/recover-20220922/UBNA_001/20220921_090000.WAV,Telephone Field,recover-20220922,001,1795
1711.2465,1711.2875,68437,82547,Rhinolophus ferrumequinum,0.023,0.023,-1,Echolocation,/mnt/ubna_data_02_mir/recover-20220922/UBNA_001/20220921_090000.WAV,Telephone Field,recover-20220922,001,1795
1711.2635,1711.2716,28046,39214,Eptesicus serotinus,0.008,0.024,-1,Echolocation,/mnt/ubna_data_02_mir/recover-20220922/UBNA_001/20220921_090000.WAV,Telephone Field,recover-20220922,001,1795
1711.2835,1711.3212,68437,82439,Rhinolophus ferrumequinum,0.023,0.023,-1,Echolocation,/mnt/ubna_data_02_mir/recover-20220922/UBNA_001/20220921_090000.WAV,Telephone Field,recover-20220922,001,1795
1711.3285,1711.3654,68437,81460,Rhinolophus ferrumequinum,0.022,0.022,-1,Echolocation,/mnt/ubna_data_02_mir/recover-20220922/UBNA_001/20220921_090000.WAV,Telephone Field,recover-20220922,001,1795
1711.3825,1711.3938,23750,29198,Nyctalus leisleri,0.014,0.029,-1,Echolocation,/mnt/ubna_data_02_mir/recover-20220922/UBNA_001/20220921_090000.WAV,Telephone Field,recover-20220922,001,1795
1711.3905,1711.428,68437,82196,Rhinolophus ferrumequinum,0.022,0.022,-1,Echolocation,/mnt/ubna_data_02_mir/recover-20220922/UBNA_001/20220921_090000.WAV,Telephone Field,recover-20220922,001,1795
1711.4175,1711.4591,68437,83313,Rhinolophus ferrumequinum,0.027,0.027,-1,Echolocation,/mnt/ubna_data_02_mir/recover-20220922/UBNA_001/20220921_090000.WAV,Telephone Field,recover-20220922,001,1795
1711.4195,1711.4305,22031,26449,Nyctalus leisleri,0.011,0.022,-1,Echolocation,/mnt/ubna_data_02_mir/recover-20220922/UBNA_001/20220921_090000.WAV,Telephone Field,recover-20220922,001,1795
1711.4445,1711.4511,25468,35472,Plecotus austriacus,0.013,0.036,-1,Echolocation,/mnt/ubna_data_02_mir/recover-20220922/UBNA_001/20220921_090000.WAV,Telephone Field,recover-20220922,001,1795
1711.4495,1711.4843,68437,81636,Rhinolophus ferrumequinum,0.023,0.023,-1,Echolocation,/mnt/ubna_data_02_mir/recover-20220922/UBNA_001/20220921_090000.WAV,Telephone Field,recover-20220922,001,1795
1711.4995,1711.5076,49531,53696,Pipistrellus pipistrellus,0.021,0.024,-1,Echolocation,/mnt/ubna_data_02_mir/recover-20220922/UBNA_001/20220921_090000.WAV,Telephone Field,recover-20220922,001,1795
1711.5105,1711.5488,68437,82834,Rhinolophus ferrumequinum,0.022,0.022,-1,Echolocation,/mnt/ubna_data_02_mir/recover-20220922/UBNA_001/20220921_090000.WAV,Telephone Field,recover-20220922,001,1795
1711.5335,1711.5423,22890,29343,Plecotus austriacus,0.008,0.022,-1,Echolocation,/mnt/ubna_data_02_mir/recover-20220922/UBNA_001/20220921_090000.WAV,Telephone Field,recover-20220922,001,1795
1711.5745,1711.6118,68437,81331,Rhinolophus ferrumequinum,0.023,0.023,-1,Echolocation,/mnt/ubna_data_02_mir/recover-20220922/UBNA_001/20220921_090000.WAV,Telephone Field,recover-20220922,001,1795
1711.6145,1711.6219,28046,38815,Eptesicus serotinus,0.007,0.027,-1,Echolocation,/mnt/ubna_data_02_mir/recover-20220922/UBNA_001/20220921_090000.WAV,Telephone Field,recover-20220922,001,1795
1711.6345,1711.6728,68437,82185,Rhinolophus ferrumequinum,0.024,0.024,-1,Echolocation,/mnt/ubna_data_02_mir/recover-20220922/UBNA_001/20220921_090000.WAV,Telephone Field,recover-20220922,001,1795
1711.6555,1711.6646,23750,30766,Nyctalus leisleri,0.007,0.022,-1,Echolocation,/mnt/ubna_data_02_mir/recover-20220922/UBNA_001/20220921_090000.WAV,Telephone Field,recover-20220922,001,1795
1711.6555,1711.6945,68437,82693,Rhinolophus ferrumequinum,0.026,0.026,-1,Echolocation,/mnt/ubna_data_02_mir/recover-20220922/UBNA_001/20220921_090000.WAV,Telephone Field,recover-20220922,001,1795
1711.6815,1711.7235,68437,82507,Rhinolophus ferrumequinum,0.024,0.024,-1,Echolocation,/mnt/ubna_data_02_mir/recover-20220922/UBNA_001/20220921_090000.WAV,Telephone Field,recover-20220922,001,1795
1711.6985,1711.7367,68437,82030,Rhinolophus ferrumequinum,0.022,0.022,-1,Echolocation,/mnt/ubna_data_02_mir/recover-20220922/UBNA_001/20220921_090000.WAV,Telephone Field,recover-20220922,001,1795
1711.7375,1711.7745,68437,81931,Rhinolophus ferrumequinum,0.023,0.023,-1,Echolocation,/mnt/ubna_data_02_mir/recover-20220922/UBNA_001/20220921_090000.WAV,Telephone Field,recover-20220922,001,1795
1711.7405,1711.7487,28046,39443,Eptesicus serotinus,0.007,0.022,-1,Echolocation,/mnt/ubna_data_02_mir/recover-20220922/UBNA_001/20220921_090000.WAV,Telephone Field,recover-20220922,001,1795
1711.7655,1711.7741,25468,33834,Eptesicus serotinus,0.008,0.024,-1,Echolocation,/mnt/ubna_data_02_mir/recover-20220922/UBNA_001/20220921_090000.WAV,Telephone Field,recover-20220922,001,1795
1711.7675,1711.8053,68437,82232,Rhinolophus ferrumequinum,0.03,0.03,-1,Echolocation,/mnt/ubna_data_02_mir/recover-20220922/UBNA_001/20220921_090000.WAV,Telephone Field,recover-20220922,001,1795
1711.7985,1711.8358,68437,81412,Rhinolophus ferrumequinum,0.026,0.026,-1,Echolocation,/mnt/ubna_data_02_mir/recover-20220922/UBNA_001/20220921_090000.WAV,Telephone Field,recover-20220922,001,1795
1711.8135,1711.8538,68437,82266,Rhinolophus ferrumequinum,0.024,0.024,-1,Echolocation,/mnt/ubna_data_02_mir/recover-20220922/UBNA_001/20220921_090000.WAV,Telephone Field,recover-20220922,001,1795
1711.8155,1711.8231,27187,40293,Eptesicus serotinus,0.007,0.023,-1,Echolocation,/mnt/ubna_data_02_mir/recover-20220922/UBNA_001/20220921_090000.WAV,Telephone Field,recover-20220922,001,1795
1711.8635,1711.9042,68437,82782,Rhinolophus ferrumequinum,0.024,0.024,-1,Echolocation,/mnt/ubna_data_02_mir/recover-20220922/UBNA_001/20220921_090000.WAV,Telephone Field,recover-20220922,001,1795
1711.9005,1711.9377,68437,81443,Rhinolophus ferrumequinum,0.025,0.025,-1,Echolocation,/mnt/ubna_data_02_mir/recover-20220922/UBNA_001/20220921_090000.WAV,Telephone Field,recover-20220922,001,1795
1711.9365,1711.9774,68437,82593,Rhinolophus ferrumequinum,0.026,0.026,-1,Echolocation,/mnt/ubna_data_02_mir/recover-20220922/UBNA_001/20220921_090000.WAV,Telephone Field,recover-20220922,001,1795
1711.9505,1711.9616,24609,30871,Nyctalus leisleri,0.012,0.03,-1,Echolocation,/mnt/ubna_data_02_mir/recover-20220922/UBNA_001/20220921_090000.WAV,Telephone Field,recover-20220922,001,1795
1712.0015,1712.0086,26328,37245,Nyctalus leisleri,0.006,0.029,-1,Echolocation,/mnt/ubna_data_02_mir/recover-20220922/UBNA_001/20220921_090000.WAV,Telephone Field,recover-20220922,001,1795
1712.0015,1712.032,69296,81957,Rhinolophus ferrumequinum,0.028,0.028,-1,Echolocation,/mnt/ubna_data_02_mir/recover-20220922/UBNA_001/20220921_090000.WAV,Telephone Field,recover-20220922,001,1795
1712.0445,1712.0857,68437,82865,Rhinolophus ferrumequinum,0.023,0.023,-1,Echolocation,/mnt/ubna_data_02_mir/recover-20220922/UBNA_001/20220921_090000.WAV,Telephone Field,recover-20220922,001,1795
1712.0795,1712.1182,68437,82340,Rhinolophus ferrumequinum,0.022,0.022,-1,Echolocation,/mnt/ubna_data_02_mir/recover-20220922/UBNA_001/20220921_090000.WAV,Telephone Field,recover-20220922,001,1795
1712.1255,1712.1322,28046,36906,Eptesicus serotinus,0.032,0.07,-1,Echolocation,/mnt/ubna_data_02_mir/recover-20220922/UBNA_001/20220921_090000.WAV,Telephone Field,recover-20220922,001,1795
1712.1545,1712.1635,28046,37874,Eptesicus serotinus,0.009,0.022,-1,Echolocation,/mnt/ubna_data_02_mir/recover-20220922/UBNA_001/20220921_090000.WAV,Telephone Field,recover-20220922,001,1795
1712.1685,1712.2083,68437,81898,Rhinolophus ferrumequinum,0.023,0.023,-1,Echolocation,/mnt/ubna_data_02_mir/recover-20220922/UBNA_001/20220921_090000.WAV,Telephone Field,recover-20220922,001,1795
1712.2335,1712.2751,68437,82977,Rhinolophus ferrumequinum,0.029,0.029,-1,Echolocation,/mnt/ubna_data_02_mir/recover-20220922/UBNA_001/20220921_090000.WAV,Telephone Field,recover-20220922,001,1795
1712.2595,1712.2955,68437,81933,Rhinolophus ferrumequinum,0.022,0.022,-1,Echolocation,/mnt/ubna_data_02_mir/recover-20220922/UBNA_001/20220921_090000.WAV,Telephone Field,recover-20220922,001,1795
1712.3025,1712.3401,68437,81786,Rhinolophus ferrumequinum,0.023,0.023,-1,Echolocation,/mnt/ubna_data_02_mir/recover-20220922/UBNA_001/20220921_090000.WAV,Telephone Field,recover-20220922,001,1795
1712.3305,1712.3687,68437,81953,Rhinolophus ferrumequinum,0.022,0.022,-1,Echolocation,/mnt/ubna_data_02_mir/recover-20220922/UBNA_001/20220921_090000.WAV,Telephone Field,recover-20220922,001,1795
1712.3385,1712.3579,19453,22371,Nyctalus leisleri,0.015,0.029,-1,Echolocation,/mnt/ubna_data_02_mir/recover-20220922/UBNA_001/20220921_090000.WAV,Telephone Field,recover-20220922,001,1795
1712.3585,1712.3974,68437,82224,Rhinolophus ferrumequinum,0.03,0.03,-1,Echolocation,/mnt/ubna_data_02_mir/recover-20220922/UBNA_001/20220921_090000.WAV,Telephone Field,recover-20220922,001,1795
1712.3775,1712.4158,68437,82181,Rhinolophus ferrumequinum,0.024,0.024,-1,Echolocation,/mnt/ubna_data_02_mir/recover-20220922/UBNA_001/20220921_090000.WAV,Telephone Field,recover-20220922,001,1795
1712.4065,1712.4153,27187,41676,Eptesicus serotinus,0.009,0.024,-1,Echolocation,/mnt/ubna_data_02_mir/recover-20220922/UBNA_001/20220921_090000.WAV,Telephone Field,recover-20220922,001,1795
1712.4075,1712.4163,33203,43568,Myotis daubentonii,0.007,0.025,-1,Echolocation,/mnt/ubna_data_02_mir/recover-20220922/UBNA_001/20220921_090000.WAV,Telephone Field,recover-20220922,001,1795
1712.4105,1712.4525,68437,83063,Rhinolophus ferrumequinum,0.032,0.032,-1,Echolocation,/mnt/ubna_data_02_mir/recover-20220922/UBNA_001/20220921_090000.WAV,Telephone Field,recover-20220922,001,1795
1712.4325,1712.474,68437,82548,Rhinolophus ferrumequinum,0.026,0.026,-1,Echolocation,/mnt/ubna_data_02_mir/recover-20220922/UBNA_001/20220921_090000.WAV,Telephone Field,recover-20220922,001,1795
1712.4685,1712.4788,28906,36559,Eptesicus serotinus,0.012,0.026,-1,Echolocation,/mnt/ubna_data_02_mir/recover-20220922/UBNA_001/20220921_090000.WAV,Telephone Field,recover-20220922,001,1795
1712.4745,1712.5171,68437,83713,Rhinolophus ferrumequinum,0.035,0.035,-1,Echolocation,/mnt/ubna_data_02_mir/recover-20220922/UBNA_001/20220921_090000.WAV,Telephone Field,recover-20220922,001,1795
1712.5165,1712.5569,68437,82737,Rhinolophus ferrumequinum,0.021,0.021,-1,Echolocation,/mnt/ubna_data_02_mir/recover-20220922/UBNA_001/20220921_090000.WAV,Telephone Field,recover-20220922,001,1795
1712.5605,1712.6009,68437,81972,Rhinolophus ferrumequinum,0.024,0.024,-1,Echolocation,/mnt/ubna_data_02_mir/recover-20220922/UBNA_001/20220921_090000.WAV,Telephone Field,recover-20220922,001,1795
1712.5655,1712.6062,68437,82533,Rhinolophus ferrumequinum,0.023,0.023,-1,Echolocation,/mnt/ubna_data_02_mir/recover-20220922/UBNA_001/20220921_090000.WAV,Telephone Field,recover-20220922,001,1795
1712.5725,1712.5806,27187,42473,Eptesicus serotinus,0.007,0.022,-1,Echolocation,/mnt/ubna_data_02_mir/recover-20220922/UBNA_001/20220921_090000.WAV,Telephone Field,recover-20220922,001,1795
1712.5955,1712.6039,22890,30422,Plecotus austriacus,0.009,0.023,-1,Echolocation,/mnt/ubna_data_02_mir/recover-20220922/UBNA_001/20220921_090000.WAV,Telephone Field,recover-20220922,001,1795
1712.6505,1712.6914,68437,82752,Rhinolophus ferrumequinum,0.023,0.023,-1,Echolocation,/mnt/ubna_data_02_mir/recover-20220922/UBNA_001/20220921_090000.WAV,Telephone Field,recover-20220922,001,1795
1712.6745,1712.7177,68437,82998,Rhinolophus ferrumequinum,0.025,0.025,-1,Echolocation,/mnt/ubna_data_02_mir/recover-20220922/UBNA_001/20220921_090000.WAV,Telephone Field,recover-20220922,001,1795
1712.6985,1712.7093,47812,51949,Pipistrellus pipistrellus,0.035,0.039,-1,Echolocation,/mnt/ubna_data_02_mir/recover-20220922/UBNA_001/20220921_090000.WAV,Telephone Field,recover-20220922,001,1795
1712.7005,1712.7386,68437,82186,Rhinolophus ferrumequinum,0.022,0.022,-1,Echolocation,/mnt/ubna_data_02_mir/recover-20220922/UBNA_001/20220921_090000.WAV,Telephone Field,recover-20220922,001,1795
1712.7695,1712.8067,68437,81852,Rhinolophus ferrumequinum,0.021,0.021,-1,Echolocation,/mnt/ubna_data_02_mir/recover-20220922/UBNA_001/20220921_090000.WAV,Telephone Field,recover-20220922,001,1795
1712.7765,1712.7857,14296,23196,Plecotus auritus,0.01,0.025,-1,Echolocation,/mnt/ubna_data_02_mir/recover-20220922/UBNA_001/20220921_090000.WAV,Telephone Field,recover-20220922,001,1795
1712.7925,1712.8,28046,39910,Eptesicus serotinus,0.007,0.022,-1,Echolocation,/mnt/ubna_data_02_mir/recover-20220922/UBNA_001/20220921_090000.WAV,Telephone Field,recover-20220922,001,1795
1712.8565,1712.8661,27187,34539,Eptesicus serotinus,0.013,0.027,-1,Echolocation,/mnt/ubna_data_02_mir/recover-20220922/UBNA_001/20220921_090000.WAV,Telephone Field,recover-20220922,001,1795
1712.8855,1712.9201,68437,81761,Rhinolophus ferrumequinum,0.025,0.025,-1,Echolocation,/mnt/ubna_data_02_mir/recover-20220922/UBNA_001/20220921_090000.WAV,Telephone Field,recover-20220922,001,1795
1712.9225,1712.9317,28046,37817,Eptesicus serotinus,0.009,0.023,-1,Echolocation,/mnt/ubna_data_02_mir/recover-20220922/UBNA_001/20220921_090000.WAV,Telephone Field,recover-20220922,001,1795
1712.9405,1712.9778,68437,81773,Rhinolophus ferrumequinum,0.022,0.023,-1,Echolocation,/mnt/ubna_data_02_mir/recover-20220922/UBNA_001/20220921_090000.WAV,Telephone Field,recover-20220922,001,1795
1712.9585,1712.9665,28046,40928,Eptesicus serotinus,0.01,0.029,-1,Echolocation,/mnt/ubna_data_02_mir/recover-20220922/UBNA_001/20220921_090000.WAV,Telephone Field,recover-20220922,001,1795
1712.9815,1712.9907,22890,29759,Plecotus austriacus,0.013,0.038,-1,Echolocation,/mnt/ubna_data_02_mir/recover-20220922/UBNA_001/20220921_090000.WAV,Telephone Field,recover-20220922,001,1795
1712.9985,1713.0051,28046,37512,Eptesicus serotinus,0.008,0.026,-1,Echolocation,/mnt/ubna_data_02_mir/recover-20220922/UBNA_001/20220921_090000.WAV,Telephone Field,recover-20220922,001,1795
1713.0095,1713.0477,68437,82842,Rhinolophus ferrumequinum,0.023,0.023,-1,Echolocation,/mnt/ubna_data_02_mir/recover-20220922/UBNA_001/20220921_090000.WAV,Telephone Field,recover-20220922,001,1795
1713.0545,1713.0927,68437,82419,Rhinolophus ferrumequinum,0.029,0.029,-1,Echolocation,/mnt/ubna_data_02_mir/recover-20220922/UBNA_001/20220921_090000.WAV,Telephone Field,recover-20220922,001,1795
1713.1035,1713.1429,68437,82398,Rhinolophus ferrumequinum,0.042,0.042,-1,Echolocation,/mnt/ubna_data_02_mir/recover-20220922/UBNA_001/20220921_090000.WAV,Telephone Field,recover-20220922,001,1795
1713.1125,1713.1243,22031,26902,Nyctalus leisleri,0.015,0.031,-1,Echolocation,/mnt/ubna_data_02_mir/recover-20220922/UBNA_001/20220921_090000.WAV,Telephone Field,recover-20220922,001,1795
1713.1365,1713.1758,68437,82470,Rhinolophus ferrumequinum,0.024,0.024,-1,Echolocation,/mnt/ubna_data_02_mir/recover-20220922/UBNA_001/20220921_090000.WAV,Telephone Field,recover-20220922,001,1795
1713.1515,1713.1617,28046,37101,Eptesicus serotinus,0.013,0.026,-1,Echolocation,/mnt/ubna_data_02_mir/recover-20220922/UBNA_001/20220921_090000.WAV,Telephone Field,recover-20220922,001,1795
1713.2025,1713.2102,28046,37827,Eptesicus serotinus,0.009,0.025,-1,Echolocation,/mnt/ubna_data_02_mir/recover-20220922/UBNA_001/20220921_090000.WAV,Telephone Field,recover-20220922,001,1795
1713.2835,1713.2916,25468,34093,Eptesicus serotinus,0.007,0.022,-1,Echolocation,/mnt/ubna_data_02_mir/recover-20220922/UBNA_001/20220921_090000.WAV,Telephone Field,recover-20220922,001,1795
1713.3025,1713.3126,28046,35469,Eptesicus serotinus,0.01,0.023,-1,Echolocation,/mnt/ubna_data_02_mir/recover-20220922/UBNA_001/20220921_090000.WAV,Telephone Field,recover-20220922,001,1795
1713.3195,1713.3277,24609,32955,Eptesicus serotinus,0.007,0.022,-1,Echolocation,/mnt/ubna_data_02_mir/recover-20220922/UBNA_001/20220921_090000.WAV,Telephone Field,recover-20220922,001,1795
1713.3435,1713.3839,68437,82232,Rhinolophus ferrumequinum,0.029,0.029,-1,Echolocation,/mnt/ubna_data_02_mir/recover-20220922/UBNA_001/20220921_090000.WAV,Telephone Field,recover-20220922,001,1795
1713.3505,1713.3616,24609,31493,Eptesicus serotinus,0.008,0.022,-1,Echolocation,/mnt/ubna_data_02_mir/recover-20220922/UBNA_001/20220921_090000.WAV,Telephone Field,recover-20220922,001,1795
1713.4055,1713.4168,40937,44484,Pipistrellus nathusii,0.013,0.027,-1,Echolocation,/mnt/ubna_data_02_mir/recover-20220922/UBNA_001/20220921_090000.WAV,Telephone Field,recover-20220922,001,1795
1713.4215,1713.4314,27187,35585,Eptesicus serotinus,0.011,0.023,-1,Echolocation,/mnt/ubna_data_02_mir/recover-20220922/UBNA_001/20220921_090000.WAV,Telephone Field,recover-20220922,001,1795
1713.4565,1713.4648,28046,39583,Eptesicus serotinus,0.008,0.022,-1,Echolocation,/mnt/ubna_data_02_mir/recover-20220922/UBNA_001/20220921_090000.WAV,Telephone Field,recover-20220922,001,1795
1713.4575,1713.4972,68437,82218,Rhinolophus ferrumequinum,0.024,0.024,-1,Echolocation,/mnt/ubna_data_02_mir/recover-20220922/UBNA_001/20220921_090000.WAV,Telephone Field,recover-20220922,001,1795
1713.4665,1713.5025,68437,81681,Rhinolophus ferrumequinum,0.022,0.022,-1,Echolocation,/mnt/ubna_data_02_mir/recover-20220922/UBNA_001/20220921_090000.WAV,Telephone Field,recover-20220922,001,1795
1713.4795,1713.5211,68437,83409,Rhinolophus ferrumequinum,0.027,0.027,-1,Echolocation,/mnt/ubna_data_02_mir/recover-20220922/UBNA_001/20220921_090000.WAV,Telephone Field,recover-20220922,001,1795
1713.4935,1713.5028,22890,29206,Plecotus austriacus,0.008,0.024,-1,Echolocation,/mnt/ubna_data_02_mir/recover-20220922/UBNA_001/20220921_090000.WAV,Telephone Field,recover-20220922,001,1795
1713.5035,1713.5424,68437,82149,Rhinolophus ferrumequinum,0.023,0.023,-1,Echolocation,/mnt/ubna_data_02_mir/recover-20220922/UBNA_001/20220921_090000.WAV,Telephone Field,recover-20220922,001,1795
1713.5355,1713.5722,68437,81856,Rhinolophus ferrumequinum,0.024,0.024,-1,Echolocation,/mnt/ubna_data_02_mir/recover-20220922/UBNA_001/20220921_090000.WAV,Telephone Field,recover-20220922,001,1795
1713.5595,1713.5973,68437,81857,Rhinolophus ferrumequinum,0.021,0.022,-1,Echolocation,/mnt/ubna_data_02_mir/recover-20220922/UBNA_001/20220921_090000.WAV,Telephone Field,recover-20220922,001,1795
1713.5685,1713.6086,68437,81918,Rhinolophus ferrumequinum,0.024,0.024,-1,Echolocation,/mnt/ubna_data_02_mir/recover-20220922/UBNA_001/20220921_090000.WAV,Telephone Field,recover-20220922,001,1795
1713.5745,1713.5857,24609,31535,Eptesicus serotinus,0.013,0.03,-1,Echolocation,/mnt/ubna_data_02_mir/recover-20220922/UBNA_001/20220921_090000.WAV,Telephone Field,recover-20220922,001,1795
1713.5925,1713.6305,68437,82629,Rhinolophus ferrumequinum,0.028,0.028,-1,Echolocation,/mnt/ubna_data_02_mir/recover-20220922/UBNA_001/20220921_090000.WAV,Telephone Field,recover-20220922,001,1795
1713.6015,1713.6427,68437,83095,Rhinolophus ferrumequinum,0.025,0.025,-1,Echolocation,/mnt/ubna_data_02_mir/recover-20220922/UBNA_001/20220921_090000.WAV,Telephone Field,recover-20220922,001,1795
1713.6105,1713.6196,27187,37751,Eptesicus serotinus,0.012,0.025,-1,Echolocation,/mnt/ubna_data_02_mir/recover-20220922/UBNA_001/20220921_090000.WAV,Telephone Field,recover-20220922,001,1795
1713.6185,1713.6265,28046,38006,Eptesicus serotinus,0.008,0.022,-1,Echolocation,/mnt/ubna_data_02_mir/recover-20220922/UBNA_001/20220921_090000.WAV,Telephone Field,recover-20220922,001,1795
1713.6335,1713.6408,28046,39113,Eptesicus serotinus,0.006,0.021,-1,Echolocation,/mnt/ubna_data_02_mir/recover-20220922/UBNA_001/20220921_090000.WAV,Telephone Field,recover-20220922,001,1795
1713.6365,1713.6755,68437,82228,Rhinolophus ferrumequinum,0.021,0.022,-1,Echolocation,/mnt/ubna_data_02_mir/recover-20220922/UBNA_001/20220921_090000.WAV,Telephone Field,recover-20220922,001,1795
1713.6545,1713.6621,28046,40752,Eptesicus serotinus,0.006,0.022,-1,Echolocation,/mnt/ubna_data_02_mir/recover-20220922/UBNA_001/20220921_090000.WAV,Telephone Field,recover-20220922,001,1795
1713.6685,1713.7071,68437,82226,Rhinolophus ferrumequinum,0.022,0.022,-1,Echolocation,/mnt/ubna_data_02_mir/recover-20220922/UBNA_001/20220921_090000.WAV,Telephone Field,recover-20220922,001,1795
1713.6905,1713.6986,28046,41619,Eptesicus serotinus,0.009,0.022,-1,Echolocation,/mnt/ubna_data_02_mir/recover-20220922/UBNA_001/20220921_090000.WAV,Telephone Field,recover-20220922,001,1795
1713.7215,1713.759,68437,82024,Rhinolophus ferrumequinum,0.026,0.026,-1,Echolocation,/mnt/ubna_data_02_mir/recover-20220922/UBNA_001/20220921_090000.WAV,Telephone Field,recover-20220922,001,1795
1713.7465,1713.7553,28046,35791,Eptesicus serotinus,0.01,0.021,-1,Echolocation,/mnt/ubna_data_02_mir/recover-20220922/UBNA_001/20220921_090000.WAV,Telephone Field,recover-20220922,001,1795
1713.7515,1713.7913,68437,82380,Rhinolophus ferrumequinum,0.025,0.026,-1,Echolocation,/mnt/ubna_data_02_mir/recover-20220922/UBNA_001/20220921_090000.WAV,Telephone Field,recover-20220922,001,1795
1713.7655,1713.7756,28046,35513,Eptesicus serotinus,0.01,0.021,-1,Echolocation,/mnt/ubna_data_02_mir/recover-20220922/UBNA_001/20220921_090000.WAV,Telephone Field,recover-20220922,001,1795
1713.7835,1713.8225,68437,82091,Rhinolophus ferrumequinum,0.022,0.022,-1,Echolocation,/mnt/ubna_data_02_mir/recover-20220922/UBNA_001/20220921_090000.WAV,Telephone Field,recover-20220922,001,1795
1713.8505,1713.8606,23750,30098,Nyctalus leisleri,0.007,0.021,-1,Echolocation,/mnt/ubna_data_02_mir/recover-20220922/UBNA_001/20220921_090000.WAV,Telephone Field,recover-20220922,001,1795
1713.8565,1713.8705,22031,25838,Nyctalus leisleri,0.013,0.023,-1,Echolocation,/mnt/ubna_data_02_mir/recover-20220922/UBNA_001/20220921_090000.WAV,Telephone Field,recover-20220922,001,1795
1713.8615,1713.8959,68437,81463,Rhinolophus ferrumequinum,0.022,0.022,-1,Echolocation,/mnt/ubna_data_02_mir/recover-20220922/UBNA_001/20220921_090000.WAV,Telephone Field,recover-20220922,001,1795
1713.8665,1713.8762,31484,39429,Eptesicus serotinus,0.008,0.026,-1,Echolocation,/mnt/ubna_data_02_mir/recover-20220922/UBNA_001/20220921_090000.WAV,Telephone Field,recover-20220922,001,1795
1713.8785,1713.9176,68437,82388,Rhinolophus ferrumequinum,0.021,0.021,-1,Echolocation,/mnt/ubna_data_02_mir/recover-20220922/UBNA_001/20220921_090000.WAV,Telephone Field,recover-20220922,001,1795
1713.8925,1713.9268,68437,80770,Rhinolophus ferrumequinum,0.026,0.026,-1,Echolocation,/mnt/ubna_data_02_mir/recover-20220922/UBNA_001/20220921_090000.WAV,Telephone Field,recover-20220922,001,1795
1713.9075,1713.9461,68437,82385,Rhinolophus ferrumequinum,0.024,0.024,-1,Echolocation,/mnt/ubna_data_02_mir/recover-20220922/UBNA_001/20220921_090000.WAV,Telephone Field,recover-20220922,001,1795
1713.9395,1713.9802,68437,82526,Rhinolophus ferrumequinum,0.023,0.023,-1,Echolocation,/mnt/ubna_data_02_mir/recover-20220922/UBNA_001/20220921_090000.WAV,Telephone Field,recover-20220922,001,1795
1713.9475,1713.9551,27187,39576,Eptesicus serotinus,0.008,0.023,-1,Echolocation,/mnt/ubna_data_02_mir/recover-20220922/UBNA_001/20220921_090000.WAV,Telephone Field,recover-20220922,001,1795
1713.9835,1713.9932,28046,36259,Eptesicus serotinus,0.01,0.026,-1,Echolocation,/mnt/ubna_data_02_mir/recover-20220922/UBNA_001/20220921_090000.WAV,Telephone Field,recover-20220922,001,1795
1714.0015,1714.0332,69296,81220,Rhinolophus ferrumequinum,0.024,0.024,-1,Echolocation,/mnt/ubna_data_02_mir/recover-20220922/UBNA_001/20220921_090000.WAV,Telephone Field,recover-20220922,001,1795
1714.0015,1714.0103,46953,51762,Pipistrellus pipistrellus,0.031,0.039,-1,Echolocation,/mnt/ubna_data_02_mir/recover-20220922/UBNA_001/20220921_090000.WAV,Telephone Field,recover-20220922,001,1795
1714.0015,1714.0121,23750,29897,Nyctalus leisleri,0.019,0.044,-1,Echolocation,/mnt/ubna_data_02_mir/recover-20220922/UBNA_001/20220921_090000.WAV,Telephone Field,recover-20220922,001,1795
1714.0195,1714.0393,19453,21884,Nyctalus leisleri,0.014,0.027,-1,Echolocation,/mnt/ubna_data_02_mir/recover-20220922/UBNA_001/20220921_090000.WAV,Telephone Field,recover-20220922,001,1795
1714.0265,1714.0324,50390,55491,Pipistrellus pipistrellus,0.025,0.028,-1,Echolocation,/mnt/ubna_data_02_mir/recover-20220922/UBNA_001/20220921_090000.WAV,Telephone Field,recover-20220922,001,1795
1714.0345,1714.069,68437,81325,Rhinolophus ferrumequinum,0.023,0.023,-1,Echolocation,/mnt/ubna_data_02_mir/recover-20220922/UBNA_001/20220921_090000.WAV,Telephone Field,recover-20220922,001,1795
1714.0425,1714.081,68437,82002,Rhinolophus ferrumequinum,0.026,0.026,-1,Echolocation,/mnt/ubna_data_02_mir/recover-20220922/UBNA_001/20220921_090000.WAV,Telephone Field,recover-20220922,001,1795
1714.0825,1714.1228,68437,82479,Rhinolophus ferrumequinum,0.026,0.026,-1,Echolocation,/mnt/ubna_data_02_mir/recover-20220922/UBNA_001/20220921_090000.WAV,Telephone Field,recover-20220922,001,1795
1714.0895,1714.0988,22890,29620,Nyctalus leisleri,0.009,0.025,-1,Echolocation,/mnt/ubna_data_02_mir/recover-20220922/UBNA_001/20220921_090000.WAV,Telephone Field,recover-20220922,001,1795
1714.1025,1714.1418,68437,82503,Rhinolophus ferrumequinum,0.03,0.03,-1,Echolocation,/mnt/ubna_data_02_mir/recover-20220922/UBNA_001/20220921_090000.WAV,Telephone Field,recover-20220922,001,1795
1714.1105,1714.1193,24609,32907,Nyctalus leisleri,0.008,0.027,-1,Echolocation,/mnt/ubna_data_02_mir/recover-20220922/UBNA_001/20220921_090000.WAV,Telephone Field,recover-20220922,001,1795
1714.1495,1714.1854,68437,81348,Rhinolophus ferrumequinum,0.022,0.022,-1,Echolocation,/mnt/ubna_data_02_mir/recover-20220922/UBNA_001/20220921_090000.WAV,Telephone Field,recover-20220922,001,1795
1714.1595,1714.17,23750,29952,Nyctalus leisleri,0.01,0.025,-1,Echolocation,/mnt/ubna_data_02_mir/recover-20220922/UBNA_001/20220921_090000.WAV,Telephone Field,recover-20220922,001,1795
1714.2035,1714.2467,68437,82890,Rhinolophus ferrumequinum,0.038,0.038,-1,Echolocation,/mnt/ubna_data_02_mir/recover-20220922/UBNA_001/20220921_090000.WAV,Telephone Field,recover-20220922,001,1795
1714.2115,1714.2232,55546,60977,Pipistrellus pygmaeus,0.019,0.023,-1,Echolocation,/mnt/ubna_data_02_mir/recover-20220922/UBNA_001/20220921_090000.WAV,Telephone Field,recover-20220922,001,1795
1714.2265,1714.2647,68437,81956,Rhinolophus ferrumequinum,0.037,0.038,-1,Echolocation,/mnt/ubna_data_02_mir/recover-20220922/UBNA_001/20220921_090000.WAV,Telephone Field,recover-20220922,001,1795
1714.2775,1714.2885,25468,32650,Eptesicus serotinus,0.009,0.024,-1,Echolocation,/mnt/ubna_data_02_mir/recover-20220922/UBNA_001/20220921_090000.WAV,Telephone Field,recover-20220922,001,1795
1714.2865,1714.3026,22890,26811,Nyctalus leisleri,0.019,0.033,-1,Echolocation,/mnt/ubna_data_02_mir/recover-20220922/UBNA_001/20220921_090000.WAV,Telephone Field,recover-20220922,001,1795
1714.3085,1714.3172,25468,33294,Eptesicus serotinus,0.007,0.024,-1,Echolocation,/mnt/ubna_data_02_mir/recover-20220922/UBNA_001/20220921_090000.WAV,Telephone Field,recover-20220922,001,1795
1714.3185,1714.3586,68437,82318,Rhinolophus ferrumequinum,0.022,0.022,-1,Echolocation,/mnt/ubna_data_02_mir/recover-20220922/UBNA_001/20220921_090000.WAV,Telephone Field,recover-20220922,001,1795
1714.3245,1714.3431,20312,23077,Nyctalus leisleri,0.017,0.029,-1,Echolocation,/mnt/ubna_data_02_mir/recover-20220922/UBNA_001/20220921_090000.WAV,Telephone Field,recover-20220922,001,1795
1714.3505,1714.358,28906,39475,Eptesicus serotinus,0.008,0.026,-1,Echolocation,/mnt/ubna_data_02_mir/recover-20220922/UBNA_001/20220921_090000.WAV,Telephone Field,recover-20220922,001,1795
1714.3555,1714.3964,68437,82367,Rhinolophus ferrumequinum,0.023,0.023,-1,Echolocation,/mnt/ubna_data_02_mir/recover-20220922/UBNA_001/20220921_090000.WAV,Telephone Field,recover-20220922,001,1795
1714.4005,1714.4391,68437,82648,Rhinolophus ferrumequinum,0.032,0.032,-1,Echolocation,/mnt/ubna_data_02_mir/recover-20220922/UBNA_001/20220921_090000.WAV,Telephone Field,recover-20220922,001,1795
1714.4315,1714.4375,25468,36026,Plecotus austriacus,0.012,0.033,-1,Echolocation,/mnt/ubna_data_02_mir/recover-20220922/UBNA_001/20220921_090000.WAV,Telephone Field,recover-20220922,001,1795
1714.4435,1714.4861,68437,82607,Rhinolophus ferrumequinum,0.048,0.048,-1,Echolocation,/mnt/ubna_data_02_mir/recover-20220922/UBNA_001/20220921_090000.WAV,Telephone Field,recover-20220922,001,1795
1714.4965,1714.5366,68437,82540,Rhinolophus ferrumequinum,0.024,0.024,-1,Echolocation,/mnt/ubna_data_02_mir/recover-20220922/UBNA_001/20220921_090000.WAV,Telephone Field,recover-20220922,001,1795
1714.5165,1714.5566,68437,82381,Rhinolophus ferrumequinum,0.025,0.025,-1,Echolocation,/mnt/ubna_data_02_mir/recover-20220922/UBNA_001/20220921_090000.WAV,Telephone Field,recover-20220922,001,1795
1714.5215,1714.5324,28046,35371,Eptesicus serotinus,0.01,0.022,-1,Echolocation,/mnt/ubna_data_02_mir/recover-20220922/UBNA_001/20220921_090000.WAV,Telephone Field,recover-20220922,001,1795
1714.5435,1714.5796,68437,81458,Rhinolophus ferrumequinum,0.025,0.025,-1,Echolocation,/mnt/ubna_data_02_mir/recover-20220922/UBNA_001/20220921_090000.WAV,Telephone Field,recover-20220922,001,1795
1714.6065,1714.6457,68437,82657,Rhinolophus ferrumequinum,0.028,0.028,-1,Echolocation,/mnt/ubna_data_02_mir/recover-20220922/UBNA_001/20220921_090000.WAV,Telephone Field,recover-20220922,001,1795
1714.6085,1714.6169,22890,30509,Plecotus austriacus,0.01,0.023,-1,Echolocation,/mnt/ubna_data_02_mir/recover-20220922/UBNA_001/20220921_090000.WAV,Telephone Field,recover-20220922,001,1795
1714.6455,1714.682,68437,81132,Rhinolophus ferrumequinum,0.023,0.023,-1,Echolocation,/mnt/ubna_data_02_mir/recover-20220922/UBNA_001/20220921_090000.WAV,Telephone Field,recover-20220922,001,1795
1714.6665,1714.7048,68437,82053,Rhinolophus ferrumequinum,0.03,0.03,-1,Echolocation,/mnt/ubna_data_02_mir/recover-20220922/UBNA_001/20220921_090000.WAV,Telephone Field,recover-20220922,001,1795
1714.7205,1714.7584,68437,81189,Rhinolophus ferrumequinum,0.024,0.024,-1,Echolocation,/mnt/ubna_data_02_mir/recover-20220922/UBNA_001/20220921_090000.WAV,Telephone Field,recover-20220922,001,1795
1714.7415,1714.7562,22890,27804,Nyctalus leisleri,0.021,0.045,-1,Echolocation,/mnt/ubna_data_02_mir/recover-20220922/UBNA_001/20220921_090000.WAV,Telephone Field,recover-20220922,001,1795
1714.7675,1714.8069,68437,82172,Rhinolophus ferrumequinum,0.023,0.023,-1,Echolocation,/mnt/ubna_data_02_mir/recover-20220922/UBNA_001/20220921_090000.WAV,Telephone Field,recover-20220922,001,1795
1714.7755,1714.8164,68437,83055,Rhinolophus ferrumequinum,0.023,0.023,-1,Echolocation,/mnt/ubna_data_02_mir/recover-20220922/UBNA_001/20220921_090000.WAV,Telephone Field,recover-20220922,001,1795
1714.8035,1714.8122,28046,38700,Eptesicus serotinus,0.009,0.024,-1,Echolocation,/mnt/ubna_data_02_mir/recover-20220922/UBNA_001/20220921_090000.WAV,Telephone Field,recover-20220922,001,1795
1714.8075,1714.8154,56406,60990,Pipistrellus pygmaeus,0.024,0.025,-1,Echolocation,/mnt/ubna_data_02_mir/recover-20220922/UBNA_001/20220921_090000.WAV,Telephone Field,recover-20220922,001,1795
1714.8155,1714.8235,23750,32183,Plecotus austriacus,0.01,0.025,-1,Echolocation,/mnt/ubna_data_02_mir/recover-20220922/UBNA_001/20220921_090000.WAV,Telephone Field,recover-20220922,001,1795
1714.8335,1714.8727,68437,82545,Rhinolophus ferrumequinum,0.023,0.023,-1,Echolocation,/mnt/ubna_data_02_mir/recover-20220922/UBNA_001/20220921_090000.WAV,Telephone Field,recover-20220922,001,1795
1714.8465,1714.8855,68437,82782,Rhinolophus ferrumequinum,0.025,0.025,-1,Echolocation,/mnt/ubna_data_02_mir/recover-20220922/UBNA_001/20220921_090000.WAV,Telephone Field,recover-20220922,001,1795
1714.9075,1714.9144,27187,43875,Eptesicus serotinus,0.006,0.024,-1,Echolocation,/mnt/ubna_data_02_mir/recover-20220922/UBNA_001/20220921_090000.WAV,Telephone Field,recover-20220922,001,1795
1714.9205,1714.9578,68437,82322,Rhinolophus ferrumequinum,0.023,0.023,-1,Echolocation,/mnt/ubna_data_02_mir/recover-20220922/UBNA_001/20220921_090000.WAV,Telephone Field,recover-20220922,001,1795
1714.9725,1715.0069,68437,81598,Rhinolophus ferrumequinum,0.023,0.024,-1,Echolocation,/mnt/ubna_data_02_mir/recover-20220922/UBNA_001/20220921_090000.WAV,Telephone Field,recover-20220922,001,1795
1715.0155,1715.0263,22890,27670,Nyctalus leisleri,0.013,0.024,-1,Echolocation,/mnt/ubna_data_02_mir/recover-20220922/UBNA_001/20220921_090000.WAV,Telephone Field,recover-20220922,001,1795
1715.0285,1715.0349,26328,37328,Plecotus austriacus,0.009,0.035,-1,Echolocation,/mnt/ubna_data_02_mir/recover-20220922/UBNA_001/20220921_090000.WAV,Telephone Field,recover-20220922,001,1795
1715.0835,1715.0936,22890,30013,Nyctalus leisleri,0.016,0.049,-1,Echolocation,/mnt/ubna_data_02_mir/recover-20220922/UBNA_001/20220921_090000.WAV,Telephone Field,recover-20220922,001,1795
1715.1345,1715.1419,27187,39687,Eptesicus serotinus,0.008,0.029,-1,Echolocation,/mnt/ubna_data_02_mir/recover-20220922/UBNA_001/20220921_090000.WAV,Telephone Field,recover-20220922,001,1795
1715.1505,1715.1919,68437,82817,Rhinolophus ferrumequinum,0.025,0.025,-1,Echolocation,/mnt/ubna_data_02_mir/recover-20220922/UBNA_001/20220921_090000.WAV,Telephone Field,recover-20220922,001,1795
1715.1595,1715.1703,23750,30504,Nyctalus leisleri,0.01,0.026,-1,Echolocation,/mnt/ubna_data_02_mir/recover-20220922/UBNA_001/20220921_090000.WAV,Telephone Field,recover-20220922,001,1795
1715.1675,1715.2063,68437,82183,Rhinolophus ferrumequinum,0.025,0.025,-1,Echolocation,/mnt/ubna_data_02_mir/recover-20220922/UBNA_001/20220921_090000.WAV,Telephone Field,recover-20220922,001,1795
1715.1755,1715.2154,68437,82327,Rhinolophus ferrumequinum,0.023,0.023,-1,Echolocation,/mnt/ubna_data_02_mir/recover-20220922/UBNA_001/20220921_090000.WAV,Telephone Field,recover-20220922,001,1795
1715.1945,1715.2311,68437,81372,Rhinolophus ferrumequinum,0.035,0.035,-1,Echolocation,/mnt/ubna_data_02_mir/recover-20220922/UBNA_001/20220921_090000.WAV,Telephone Field,recover-20220922,001,1795
1715.1995,1715.2085,23750,31372,Plecotus austriacus,0.008,0.025,-1,Echolocation,/mnt/ubna_data_02_mir/recover-20220922/UBNA_001/20220921_090000.WAV,Telephone Field,recover-20220922,001,1795
1715.2045,1715.2421,68437,81733,Rhinolophus ferrumequinum,0.023,0.023,-1,Echolocation,/mnt/ubna_data_02_mir/recover-20220922/UBNA_001/20220921_090000.WAV,Telephone Field,recover-20220922,001,1795
1715.2325,1715.2405,23750,32038,Plecotus austriacus,0.011,0.024,-1,Echolocation,/mnt/ubna_data_02_mir/recover-20220922/UBNA_001/20220921_090000.WAV,Telephone Field,recover-20220922,001,1795
1715.2535,1715.2918,68437,82390,Rhinolophus ferrumequinum,0.023,0.023,-1,Echolocation,/mnt/ubna_data_02_mir/recover-20220922/UBNA_001/20220921_090000.WAV,Telephone Field,recover-20220922,001,1795
1715.2835,1715.2904,28906,39730,Eptesicus serotinus,0.007,0.027,-1,Echolocation,/mnt/ubna_data_02_mir/recover-20220922/UBNA_001/20220921_090000.WAV,Telephone Field,recover-20220922,001,1795
1715.2845,1715.2917,23750,33111,Plecotus austriacus,0.014,0.028,-1,Echolocation,/mnt/ubna_data_02_mir/recover-20220922/UBNA_001/20220921_090000.WAV,Telephone Field,recover-20220922,001,1795
1715.2935,1715.3333,68437,82779,Rhinolophus ferrumequinum,0.022,0.022,-1,Echolocation,/mnt/ubna_data_02_mir/recover-20220922/UBNA_001/20220921_090000.WAV,Telephone Field,recover-20220922,001,1795
1715.3675,1715.3759,28046,39112,Eptesicus serotinus,0.008,0.025,-1,Echolocation,/mnt/ubna_data_02_mir/recover-20220922/UBNA_001/20220921_090000.WAV,Telephone Field,recover-20220922,001,1795
1715.3735,1715.4133,68437,82449,Rhinolophus ferrumequinum,0.025,0.025,-1,Echolocation,/mnt/ubna_data_02_mir/recover-20220922/UBNA_001/20220921_090000.WAV,Telephone Field,recover-20220922,001,1795
1715.3815,1715.393,24609,30347,Nyctalus leisleri,0.013,0.029,-1,Echolocation,/mnt/ubna_data_02_mir/recover-20220922/UBNA_001/20220921_090000.WAV,Telephone Field,recover-20220922,001,1795
1715.3915,1715.4292,68437,81350,Rhinolophus ferrumequinum,0.024,0.024,-1,Echolocation,/mnt/ubna_data_02_mir/recover-20220922/UBNA_001/20220921_090000.WAV,Telephone Field,recover-20220922,001,1795
1715.4225,1715.4311,23750,31372,Plecotus austriacus,0.007,0.023,-1,Echolocation,/mnt/ubna_data_02_mir/recover-20220922/UBNA_001/20220921_090000.WAV,Telephone Field,recover-20220922,001,1795
1715.4465,1715.4844,68437,82342,Rhinolophus ferrumequinum,0.023,0.023,-1,Echolocation,/mnt/ubna_data_02_mir/recover-20220922/UBNA_001/20220921_090000.WAV,Telephone Field,recover-20220922,001,1795
1715.4585,1715.4693,22890,28051,Nyctalus leisleri,0.011,0.023,-1,Echolocation,/mnt/ubna_data_02_mir/recover-20220922/UBNA_001/20220921_090000.WAV,Telephone Field,recover-20220922,001,1795
1715.4845,1715.4949,60703,66913,Pipistrellus pygmaeus,0.025,0.025,-1,Echolocation,/mnt/ubna_data_02_mir/recover-20220922/UBNA_001/20220921_090000.WAV,Telephone Field,recover-20220922,001,1795
1715.5025,1715.5424,68437,83029,Rhinolophus ferrumequinum,0.026,0.026,-1,Echolocation,/mnt/ubna_data_02_mir/recover-20220922/UBNA_001/20220921_090000.WAV,Telephone Field,recover-20220922,001,1795
1715.5205,1715.5603,68437,82053,Rhinolophus ferrumequinum,0.022,0.022,-1,Echolocation,/mnt/ubna_data_02_mir/recover-20220922/UBNA_001/20220921_090000.WAV,Telephone Field,recover-20220922,001,1795
1715.5435,1715.5496,28046,39429,Eptesicus serotinus,0.007,0.029,-1,Echolocation,/mnt/ubna_data_02_mir/recover-20220922/UBNA_001/20220921_090000.WAV,Telephone Field,recover-20220922,001,1795
1715.5445,1715.5574,21171,25315,Nyctalus leisleri,0.014,0.024,-1,Echolocation,/mnt/ubna_data_02_mir/recover-20220922/UBNA_001/20220921_090000.WAV,Telephone Field,recover-20220922,001,1795
1715.5515,1715.5872,68437,81120,Rhinolophus ferrumequinum,0.023,0.023,-1,Echolocation,/mnt/ubna_data_02_mir/recover-20220922/UBNA_001/20220921_090000.WAV,Telephone Field,recover-20220922,001,1795
1715.5745,1715.594,20312,23277,Nyctalus leisleri,0.017,0.031,-1,Echolocation,/mnt/ubna_data_02_mir/recover-20220922/UBNA_001/20220921_090000.WAV,Telephone Field,recover-20220922,001,1795
1715.5945,1715.6326,68437,82298,Rhinolophus ferrumequinum,0.028,0.028,-1,Echolocation,/mnt/ubna_data_02_mir/recover-20220922/UBNA_001/20220921_090000.WAV,Telephone Field,recover-20220922,001,1795
1715.6425,1715.6862,68437,83052,Rhinolophus ferrumequinum,0.036,0.036,-1,Echolocation,/mnt/ubna_data_02_mir/recover-20220922/UBNA_001/20220921_090000.WAV,Telephone Field,recover-20220922,001,1795
1715.7415,1715.7802,68437,82326,Rhinolophus ferrumequinum,0.023,0.023,-1,Echolocation,/mnt/ubna_data_02_mir/recover-20220922/UBNA_001/20220921_090000.WAV,Telephone Field,recover-20220922,001,1795
1715.7435,1715.7523,28906,36707,Eptesicus serotinus,0.01,0.026,-1,Echolocation,/mnt/ubna_data_02_mir/recover-20220922/UBNA_001/20220921_090000.WAV,Telephone Field,recover-20220922,001,1795
1715.7615,1715.7955,68437,81023,Rhinolophus ferrumequinum,0.041,0.041,-1,Echolocation,/mnt/ubna_data_02_mir/recover-20220922/UBNA_001/20220921_090000.WAV,Telephone Field,recover-20220922,001,1795
1715.7705,1715.8064,68437,80852,Rhinolophus ferrumequinum,0.022,0.022,-1,Echolocation,/mnt/ubna_data_02_mir/recover-20220922/UBNA_001/20220921_090000.WAV,Telephone Field,recover-20220922,001,1795
1715.8495,1715.8854,68437,81382,Rhinolophus ferrumequinum,0.024,0.024,-1,Echolocation,/mnt/ubna_data_02_mir/recover-20220922/UBNA_001/20220921_090000.WAV,Telephone Field,recover-20220922,001,1795
1715.8565,1715.8683,22890,27698,Nyctalus leisleri,0.011,0.023,-1,Echolocation,/mnt/ubna_data_02_mir/recover-20220922/UBNA_001/20220921_090000.WAV,Telephone Field,recover-20220922,001,1795
1715.8975,1715.9368,68437,82972,Rhinolophus ferrumequinum,0.028,0.028,-1,Echolocation,/mnt/ubna_data_02_mir/recover-20220922/UBNA_001/20220921_090000.WAV,Telephone Field,recover-20220922,001,1795
1715.9075,1715.9149,28046,40406,Eptesicus serotinus,0.007,0.024,-1,Echolocation,/mnt/ubna_data_02_mir/recover-20220922/UBNA_001/20220921_090000.WAV,Telephone Field,recover-20220922,001,1795
1715.9115,1715.9193,44375,54158,Pipistrellus pipistrellus,0.011,0.022,-1,Echolocation,/mnt/ubna_data_02_mir/recover-20220922/UBNA_001/20220921_090000.WAV,Telephone Field,recover-20220922,001,1795
1715.9275,1715.9662,68437,82370,Rhinolophus ferrumequinum,0.026,0.026,-1,Echolocation,/mnt/ubna_data_02_mir/recover-20220922/UBNA_001/20220921_090000.WAV,Telephone Field,recover-20220922,001,1795
1715.9825,1715.9917,28906,38504,Eptesicus serotinus,0.008,0.022,-1,Echolocation,/mnt/ubna_data_02_mir/recover-20220922/UBNA_001/20220921_090000.WAV,Telephone Field,recover-20220922,001,1795
1716.0015,1716.0119,49531,57507,Pipistrellus pipistrellus,0.02,0.028,-1,Echolocation,/mnt/ubna_data_02_mir/recover-20220922/UBNA_001/20220921_090000.WAV,Telephone Field,recover-20220922,001,1795
1716.0015,1716.0102,23750,32212,Nyctalus leisleri,0.008,0.027,-1,Echolocation,/mnt/ubna_data_02_mir/recover-20220922/UBNA_001/20220921_090000.WAV,Telephone Field,recover-20220922,001,1795
1716.0015,1716.0309,69296,80832,Rhinolophus ferrumequinum,0.03,0.031,-1,Echolocation,/mnt/ubna_data_02_mir/recover-20220922/UBNA_001/20220921_090000.WAV,Telephone Field,recover-20220922,001,1795
1716.0085,1716.0469,68437,81297,Rhinolophus ferrumequinum,0.025,0.025,-1,Echolocation,/mnt/ubna_data_02_mir/recover-20220922/UBNA_001/20220921_090000.WAV,Telephone Field,recover-20220922,001,1795
1716.0095,1716.0196,25468,33766,Eptesicus serotinus,0.011,0.025,-1,Echolocation,/mnt/ubna_data_02_mir/recover-20220922/UBNA_001/20220921_090000.WAV,Telephone Field,recover-20220922,001,1795
1716.0255,1716.036,22890,28165,Nyctalus leisleri,0.01,0.022,-1,Echolocation,/mnt/ubna_data_02_mir/recover-20220922/UBNA_001/20220921_090000.WAV,Telephone Field,recover-20220922,001,1795
1716.0385,1716.0771,68437,83119,Rhinolophus ferrumequinum,0.029,0.029,-1,Echolocation,/mnt/ubna_data_02_mir/recover-20220922/UBNA_001/20220921_090000.WAV,Telephone Field,recover-20220922,001,1795
1716.0555,1716.096,68437,82260,Rhinolophus ferrumequinum,0.027,0.027,-1,Echolocation,/mnt/ubna_data_02_mir/recover-20220922/UBNA_001/20220921_090000.WAV,Telephone Field,recover-20220922,001,1795
1716.0705,1716.0808,22890,28542,Nyctalus leisleri,0.01,0.024,-1,Echolocation,/mnt/ubna_data_02_mir/recover-20220922/UBNA_001/20220921_090000.WAV,Telephone Field,recover-20220922,001,1795
1716.0785,1716.1159,68437,81677,Rhinolophus ferrumequinum,0.025,0.025,-1,Echolocation,/mnt/ubna_data_02_mir/recover-20220922/UBNA_001/20220921_090000.WAV,Telephone Field,recover-20220922,001,1795
1716.1015,1716.1117,28906,37012,Eptesicus serotinus,0.01,0.023,-1,Echolocation,/mnt/ubna_data_02_mir/recover-20220922/UBNA_001/20220921_090000.WAV,Telephone Field,recover-20220922,001,1795
1716.1235,1716.165,68437,82097,Rhinolophus ferrumequinum,0.025,0.025,-1,Echolocation,/mnt/ubna_data_02_mir/recover-20220922/UBNA_001/20220921_090000.WAV,Telephone Field,recover-20220922,001,1795
1716.1415,1716.18,68437,82312,Rhinolophus ferrumequinum,0.023,0.023,-1,Echolocation,/mnt/ubna_data_02_mir/recover-20220922/UBNA_001/20220921_090000.WAV,Telephone Field,recover-20220922,001,1795
1716.1605,1716.2009,68437,82831,Rhinolophus ferrumequinum,0.026,0.026,-1,Echolocation,/mnt/ubna_data_02_mir/recover-20220922/UBNA_001/20220921_090000.WAV,Telephone Field,recover-20220922,001,1795
1716.1675,1716.2075,68437,82899,Rhinolophus ferrumequinum,0.026,0.026,-1,Echolocation,/mnt/ubna_data_02_mir/recover-20220922/UBNA_001/20220921_090000.WAV,Telephone Field,recover-20220922,001,1795
1716.1745,1716.2106,68437,82380,Rhinolophus ferrumequinum,0.023,0.023,-1,Echolocation,/mnt/ubna_data_02_mir/recover-20220922/UBNA_001/20220921_090000.WAV,Telephone Field,recover-20220922,001,1795
1716.2045,1716.2441,68437,82202,Rhinolophus ferrumequinum,0.023,0.023,-1,Echolocation,/mnt/ubna_data_02_mir/recover-20220922/UBNA_001/20220921_090000.WAV,Telephone Field,recover-20220922,001,1795
1716.2345,1716.27,68437,82230,Rhinolophus ferrumequinum,0.026,0.026,-1,Echolocation,/mnt/ubna_data_02_mir/recover-20220922/UBNA_001/20220921_090000.WAV,Telephone Field,recover-20220922,001,1795
1716.2525,1716.2605,22890,30892,Plecotus austriacus,0.012,0.027,-1,Echolocation,/mnt/ubna_data_02_mir/recover-20220922/UBNA_001/20220921_090000.WAV,Telephone Field,recover-20220922,001,1795
1716.2735,1716.2805,28046,41716,Eptesicus serotinus,0.006,0.022,-1,Echolocation,/mnt/ubna_data_02_mir/recover-20220922/UBNA_001/20220921_090000.WAV,Telephone Field,recover-20220922,001,1795
1716.3235,1716.3618,68437,82027,Rhinolophus ferrumequinum,0.022,0.022,-1,Echolocation,/mnt/ubna_data_02_mir/recover-20220922/UBNA_001/20220921_090000.WAV,Telephone Field,recover-20220922,001,1795
1716.3415,1716.3795,68437,81942,Rhinolophus ferrumequinum,0.022,0.022,-1,Echolocation,/mnt/ubna_data_02_mir/recover-20220922/UBNA_001/20220921_090000.WAV,Telephone Field,recover-20220922,001,1795
1716.3585,1716.3649,28046,38236,Eptesicus serotinus,0.01,0.034,-1,Echolocation,/mnt/ubna_data_02_mir/recover-20220922/UBNA_001/20220921_090000.WAV,Telephone Field,recover-20220922,001,1795
1716.3885,1716.3943,25468,36933,Plecotus austriacus,0.011,0.033,-1,Echolocation,/mnt/ubna_data_02_mir/recover-20220922/UBNA_001/20220921_090000.WAV,Telephone Field,recover-20220922,001,1795
1716.4375,1716.4791,68437,82704,Rhinolophus ferrumequinum,0.027,0.027,-1,Echolocation,/mnt/ubna_data_02_mir/recover-20220922/UBNA_001/20220921_090000.WAV,Telephone Field,recover-20220922,001,1795
1716.4905,1716.5292,68437,82213,Rhinolophus ferrumequinum,0.024,0.024,-1,Echolocation,/mnt/ubna_data_02_mir/recover-20220922/UBNA_001/20220921_090000.WAV,Telephone Field,recover-20220922,001,1795
1716.4945,1716.5041,27187,34784,Eptesicus serotinus,0.01,0.023,-1,Echolocation,/mnt/ubna_data_02_mir/recover-20220922/UBNA_001/20220921_090000.WAV,Telephone Field,recover-20220922,001,1795
1716.5445,1716.5555,25468,31972,Eptesicus serotinus,0.009,0.022,-1,Echolocation,/mnt/ubna_data_02_mir/recover-20220922/UBNA_001/20220921_090000.WAV,Telephone Field,recover-20220922,001,1795
1716.5475,1716.5871,68437,82585,Rhinolophus ferrumequinum,0.022,0.022,-1,Echolocation,/mnt/ubna_data_02_mir/recover-20220922/UBNA_001/20220921_090000.WAV,Telephone Field,recover-20220922,001,1795
1716.6115,1716.6473,68437,81235,Rhinolophus ferrumequinum,0.023,0.023,-1,Echolocation,/mnt/ubna_data_02_mir/recover-20220922/UBNA_001/20220921_090000.WAV,Telephone Field,recover-20220922,001,1795
1716.6355,1716.6461,51250,55572,Pipistrellus pipistrellus,0.029,0.035,-1,Echolocation,/mnt/ubna_data_02_mir/recover-20220922/UBNA_001/20220921_090000.WAV,Telephone Field,recover-20220922,001,1795
1716.6375,1716.6762,68437,82330,Rhinolophus ferrumequinum,0.024,0.024,-1,Echolocation,/mnt/ubna_data_02_mir/recover-20220922/UBNA_001/20220921_090000.WAV,Telephone Field,recover-20220922,001,1795
1716.6555,1716.6668,22031,26576,Nyctalus leisleri,0.012,0.022,-1,Echolocation,/mnt/ubna_data_02_mir/recover-20220922/UBNA_001/20220921_090000.WAV,Telephone Field,recover-20220922,001,1795
1716.6605,1716.7023,68437,82789,Rhinolophus ferrumequinum,0.03,0.03,-1,Echolocation,/mnt/ubna_data_02_mir/recover-20220922/UBNA_001/20220921_090000.WAV,Telephone Field,recover-20220922,001,1795
1716.6655,1716.6767,23750,28269,Nyctalus leisleri,0.012,0.023,-1,Echolocation,/mnt/ubna_data_02_mir/recover-20220922/UBNA_001/20220921_090000.WAV,Telephone Field,recover-20220922,001,1795
1716.7105,1716.7543,68437,83947,Rhinolophus ferrumequinum,0.061,0.061,-1,Echolocation,/mnt/ubna_data_02_mir/recover-20220922/UBNA_001/20220921_090000.WAV,Telephone Field,recover-20220922,001,1795
1716.7445,1716.7783,68437,81426,Rhinolophus ferrumequinum,0.022,0.023,-1,Echolocation,/mnt/ubna_data_02_mir/recover-20220922/UBNA_001/20220921_090000.WAV,Telephone Field,recover-20220922,001,1795
1716.8195,1716.8256,49531,54951,Pipistrellus pipistrellus,0.04,0.042,-1,Echolocation,/mnt/ubna_data_02_mir/recover-20220922/UBNA_001/20220921_090000.WAV,Telephone Field,recover-20220922,001,1795
1716.8785,1716.9179,68437,82977,Rhinolophus ferrumequinum,0.023,0.023,-1,Echolocation,/mnt/ubna_data_02_mir/recover-20220922/UBNA_001/20220921_090000.WAV,Telephone Field,recover-20220922,001,1795
1716.8945,1716.9356,68437,82778,Rhinolophus ferrumequinum,0.026,0.026,-1,Echolocation,/mnt/ubna_data_02_mir/recover-20220922/UBNA_001/20220921_090000.WAV,Telephone Field,recover-20220922,001,1795
1716.9005,1716.9112,22890,27479,Nyctalus leisleri,0.012,0.022,-1,Echolocation,/mnt/ubna_data_02_mir/recover-20220922/UBNA_001/20220921_090000.WAV,Telephone Field,recover-20220922,001,1795
1716.9455,1716.952,28046,40270,Eptesicus serotinus,0.008,0.029,-1,Echolocation,/mnt/ubna_data_02_mir/recover-20220922/UBNA_001/20220921_090000.WAV,Telephone Field,recover-20220922,001,1795
1716.9675,1716.9773,22031,28137,Nyctalus leisleri,0.012,0.038,-1,Echolocation,/mnt/ubna_data_02_mir/recover-20220922/UBNA_001/20220921_090000.WAV,Telephone Field,recover-20220922,001,1795
1717.0015,1717.0421,68437,82598,Rhinolophus ferrumequinum,0.025,0.025,-1,Echolocation,/mnt/ubna_data_02_mir/recover-20220922/UBNA_001/20220921_090000.WAV,Telephone Field,recover-20220922,001,1795
1717.0575,1717.0688,22890,28105,Nyctalus leisleri,0.01,0.022,-1,Echolocation,/mnt/ubna_data_02_mir/recover-20220922/UBNA_001/20220921_090000.WAV,Telephone Field,recover-20220922,001,1795
1717.0675,1717.0729,32343,49676,Myotis daubentonii,0.012,0.023,-1,Echolocation,/mnt/ubna_data_02_mir/recover-20220922/UBNA_001/20220921_090000.WAV,Telephone Field,recover-20220922,001,1795
1717.0825,1717.1241,68437,82415,Rhinolophus ferrumequinum,0.024,0.024,-1,Echolocation,/mnt/ubna_data_02_mir/recover-20220922/UBNA_001/20220921_090000.WAV,Telephone Field,recover-20220922,001,1795
1717.1255,1717.1609,68437,81554,Rhinolophus ferrumequinum,0.024,0.024,-1,Echolocation,/mnt/ubna_data_02_mir/recover-20220922/UBNA_001/20220921_090000.WAV,Telephone Field,recover-20220922,001,1795
1717.1405,1717.1796,68437,82061,Rhinolophus ferrumequinum,0.033,0.033,-1,Echolocation,/mnt/ubna_data_02_mir/recover-20220922/UBNA_001/20220921_090000.WAV,Telephone Field,recover-20220922,001,1795
1717.1435,1717.1511,46953,57246,Pipistrellus pipistrellus,0.034,0.04,-1,Echolocation,/mnt/ubna_data_02_mir/recover-20220922/UBNA_001/20220921_090000.WAV,Telephone Field,recover-20220922,001,1795
1717.2345,1717.2765,68437,82500,Rhinolophus ferrumequinum,0.023,0.023,-1,Echolocation,/mnt/ubna_data_02_mir/recover-20220922/UBNA_001/20220921_090000.WAV,Telephone Field,recover-20220922,001,1795
1717.2445,1717.2541,28906,36539,Eptesicus serotinus,0.009,0.023,-1,Echolocation,/mnt/ubna_data_02_mir/recover-20220922/UBNA_001/20220921_090000.WAV,Telephone Field,recover-20220922,001,1795
1717.2545,1717.29,68437,80825,Rhinolophus ferrumequinum,0.025,0.025,-1,Echolocation,/mnt/ubna_data_02_mir/recover-20220922/UBNA_001/20220921_090000.WAV,Telephone Field,recover-20220922,001,1795
1717.2735,1717.3122,68437,82129,Rhinolophus ferrumequinum,0.024,0.024,-1,Echolocation,/mnt/ubna_data_02_mir/recover-20220922/UBNA_001/20220921_090000.WAV,Telephone Field,recover-20220922,001,1795
1717.2775,1717.2851,34921,40864,Barbastellus barbastellus,0.026,0.044,-1,Echolocation,/mnt/ubna_data_02_mir/recover-20220922/UBNA_001/20220921_090000.WAV,Telephone Field,recover-20220922,001,1795
1717.3055,1717.3435,68437,81752,Rhinolophus ferrumequinum,0.022,0.022,-1,Echolocation,/mnt/ubna_data_02_mir/recover-20220922/UBNA_001/20220921_090000.WAV,Telephone Field,recover-20220922,001,1795
1717.3225,1717.3593,68437,81038,Rhinolophus ferrumequinum,0.022,0.023,-1,Echolocation,/mnt/ubna_data_02_mir/recover-20220922/UBNA_001/20220921_090000.WAV,Telephone Field,recover-20220922,001,1795
1717.3285,1717.3358,28046,44196,Eptesicus serotinus,0.007,0.022,-1,Echolocation,/mnt/ubna_data_02_mir/recover-20220922/UBNA_001/20220921_090000.WAV,Telephone Field,recover-20220922,001,1795
1717.3355,1717.3728,68437,81668,Rhinolophus ferrumequinum,0.024,0.024,-1,Echolocation,/mnt/ubna_data_02_mir/recover-20220922/UBNA_001/20220921_090000.WAV,Telephone Field,recover-20220922,001,1795
1717.3535,1717.3714,21171,24450,Nyctalus leisleri,0.02,0.035,-1,Echolocation,/mnt/ubna_data_02_mir/recover-20220922/UBNA_001/20220921_090000.WAV,Telephone Field,recover-20220922,001,1795
1717.3605,1717.3726,23750,29271,Nyctalus leisleri,0.019,0.04,-1,Echolocation,/mnt/ubna_data_02_mir/recover-20220922/UBNA_001/20220921_090000.WAV,Telephone Field,recover-20220922,001,1795
1717.3695,1717.4074,68437,81159,Rhinolophus ferrumequinum,0.024,0.024,-1,Echolocation,/mnt/ubna_data_02_mir/recover-20220922/UBNA_001/20220921_090000.WAV,Telephone Field,recover-20220922,001,1795
1717.3725,1717.383,24609,31916,Nyctalus leisleri,0.008,0.024,-1,Echolocation,/mnt/ubna_data_02_mir/recover-20220922/UBNA_001/20220921_090000.WAV,Telephone Field,recover-20220922,001,1795
1717.3905,1717.3976,28046,40825,Eptesicus serotinus,0.007,0.024,-1,Echolocation,/mnt/ubna_data_02_mir/recover-20220922/UBNA_001/20220921_090000.WAV,Telephone Field,recover-20220922,001,1795
1717.4055,1717.4462,68437,82676,Rhinolophus ferrumequinum,0.023,0.023,-1,Echolocation,/mnt/ubna_data_02_mir/recover-20220922/UBNA_001/20220921_090000.WAV,Telephone Field,recover-20220922,001,1795
1717.4295,1717.4376,22890,30849,Plecotus austriacus,0.014,0.032,-1,Echolocation,/mnt/ubna_data_02_mir/recover-20220922/UBNA_001/20220921_090000.WAV,Telephone Field,recover-20220922,001,1795
1717.4345,1717.4763,68437,82744,Rhinolophus ferrumequinum,0.027,0.027,-1,Echolocation,/mnt/ubna_data_02_mir/recover-20220922/UBNA_001/20220921_090000.WAV,Telephone Field,recover-20220922,001,1795
1717.4405,1717.4576,21171,23951,Nyctalus leisleri,0.019,0.03,-1,Echolocation,/mnt/ubna_data_02_mir/recover-20220922/UBNA_001/20220921_090000.WAV,Telephone Field,recover-20220922,001,1795
1717.4485,1717.4851,68437,82271,Rhinolophus ferrumequinum,0.023,0.023,-1,Echolocation,/mnt/ubna_data_02_mir/recover-20220922/UBNA_001/20220921_090000.WAV,Telephone Field,recover-20220922,001,1795
1717.4605,1717.4952,68437,81559,Rhinolophus ferrumequinum,0.022,0.022,-1,Echolocation,/mnt/ubna_data_02_mir/recover-20220922/UBNA_001/20220921_090000.WAV,Telephone Field,recover-20220922,001,1795
1717.4625,1717.4686,25468,39296,Plecotus austriacus,0.007,0.028,-1,Echolocation,/mnt/ubna_data_02_mir/recover-20220922/UBNA_001/20220921_090000.WAV,Telephone Field,recover-20220922,001,1795
1717.4665,1717.5028,68437,81505,Rhinolophus ferrumequinum,0.022,0.022,-1,Echolocation,/mnt/ubna_data_02_mir/recover-20220922/UBNA_001/20220921_090000.WAV,Telephone Field,recover-20220922,001,1795
1717.5105,1717.5502,68437,82612,Rhinolophus ferrumequinum,0.023,0.023,-1,Echolocation,/mnt/ubna_data_02_mir/recover-20220922/UBNA_001/20220921_090000.WAV,Telephone Field,recover-20220922,001,1795
1717.5245,1717.5362,28906,34871,Eptesicus serotinus,0.01,0.024,-1,Echolocation,/mnt/ubna_data_02_mir/recover-20220922/UBNA_001/20220921_090000.WAV,Telephone Field,recover-20220922,001,1795
1717.5335,1717.5451,22890,27603,Nyctalus leisleri,0.017,0.03,-1,Echolocation,/mnt/ubna_data_02_mir/recover-20220922/UBNA_001/20220921_090000.WAV,Telephone Field,recover-20220922,001,1795
1717.5365,1717.5777,68437,82913,Rhinolophus ferrumequinum,0.034,0.034,-1,Echolocation,/mnt/ubna_data_02_mir/recover-20220922/UBNA_001/20220921_090000.WAV,Telephone Field,recover-20220922,001,1795
1717.5425,1717.5848,68437,83517,Rhinolophus ferrumequinum,0.037,0.037,-1,Echolocation,/mnt/ubna_data_02_mir/recover-20220922/UBNA_001/20220921_090000.WAV,Telephone Field,recover-20220922,001,1795
1717.5745,1717.6149,68437,82422,Rhinolophus ferrumequinum,0.034,0.034,-1,Echolocation,/mnt/ubna_data_02_mir/recover-20220922/UBNA_001/20220921_090000.WAV,Telephone Field,recover-20220922,001,1795
1717.5825,1717.5926,22890,29758,Nyctalus leisleri,0.011,0.035,-1,Echolocation,/mnt/ubna_data_02_mir/recover-20220922/UBNA_001/20220921_090000.WAV,Telephone Field,recover-20220922,001,1795
1717.6365,1717.6746,68437,82706,Rhinolophus ferrumequinum,0.023,0.023,-1,Echolocation,/mnt/ubna_data_02_mir/recover-20220922/UBNA_001/20220921_090000.WAV,Telephone Field,recover-20220922,001,1795
1717.6525,1717.6609,28046,36705,Eptesicus serotinus,0.006,0.022,-1,Echolocation,/mnt/ubna_data_02_mir/recover-20220922/UBNA_001/20220921_090000.WAV,Telephone Field,recover-20220922,001,1795
1717.6575,1717.6939,68437,81831,Rhinolophus ferrumequinum,0.022,0.022,-1,Echolocation,/mnt/ubna_data_02_mir/recover-20220922/UBNA_001/20220921_090000.WAV,Telephone Field,recover-20220922,001,1795
1717.7025,1717.7434,68437,82923,Rhinolophus ferrumequinum,0.024,0.024,-1,Echolocation,/mnt/ubna_data_02_mir/recover-20220922/UBNA_001/20220921_090000.WAV,Telephone Field,recover-20220922,001,1795
1717.7035,1717.712,45234,49337,Pipistrellus pipistrellus,0.022,0.024,-1,Echolocation,/mnt/ubna_data_02_mir/recover-20220922/UBNA_001/20220921_090000.WAV,Telephone Field,recover-20220922,001,1795
1717.7265,1717.7339,24609,33717,Plecotus austriacus,0.01,0.028,-1,Echolocation,/mnt/ubna_data_02_mir/recover-20220922/UBNA_001/20220921_090000.WAV,Telephone Field,recover-20220922,001,1795
1717.7615,1717.8006,68437,82141,Rhinolophus ferrumequinum,0.024,0.024,-1,Echolocation,/mnt/ubna_data_02_mir/recover-20220922/UBNA_001/20220921_090000.WAV,Telephone Field,recover-20220922,001,1795
1717.7765,1717.7837,27187,41772,Eptesicus serotinus,0.006,0.022,-1,Echolocation,/mnt/ubna_data_02_mir/recover-20220922/UBNA_001/20220921_090000.WAV,Telephone Field,recover-20220922,001,1795
1717.7775,1717.7845,43515,48350,Pipistrellus pipistrellus,0.053,0.06,-1,Echolocation,/mnt/ubna_data_02_mir/recover-20220922/UBNA_001/20220921_090000.WAV,Telephone Field,recover-20220922,001,1795
1717.8045,1717.8402,68437,81968,Rhinolophus ferrumequinum,0.022,0.022,-1,Echolocation,/mnt/ubna_data_02_mir/recover-20220922/UBNA_001/20220921_090000.WAV,Telephone Field,recover-20220922,001,1795
1717.8375,1717.8782,68437,82351,Rhinolophus ferrumequinum,0.023,0.023,-1,Echolocation,/mnt/ubna_data_02_mir/recover-20220922/UBNA_001/20220921_090000.WAV,Telephone Field,recover-20220922,001,1795
1717.8575,1717.895,68437,82465,Rhinolophus ferrumequinum,0.023,0.023,-1,Echolocation,/mnt/ubna_data_02_mir/recover-20220922/UBNA_001/20220921_090000.WAV,Telephone Field,recover-20220922,001,1795
1717.8805,1717.9218,68437,82432,Rhinolophus ferrumequinum,0.024,0.024,-1,Echolocation,/mnt/ubna_data_02_mir/recover-20220922/UBNA_001/20220921_090000.WAV,Telephone Field,recover-20220922,001,1795
1717.9175,1717.9566,68437,82334,Rhinolophus ferrumequinum,0.024,0.024,-1,Echolocation,/mnt/ubna_data_02_mir/recover-20220922/UBNA_001/20220921_090000.WAV,Telephone Field,recover-20220922,001,1795
1717.9415,1717.9817,68437,82532,Rhinolophus ferrumequinum,0.023,0.023,-1,Echolocation,/mnt/ubna_data_02_mir/recover-20220922/UBNA_001/20220921_090000.WAV,Telephone Field,recover-20220922,001,1795
1717.9605,1717.9684,27187,35014,Eptesicus serotinus,0.008,0.021,-1,Echolocation,/mnt/ubna_data_02_mir/recover-20220922/UBNA_001/20220921_090000.WAV,Telephone Field,recover-20220922,001,1795
1718.0015,1718.0344,69296,80689,Rhinolophus ferrumequinum,0.063,0.063,-1,Echolocation,/mnt/ubna_data_02_mir/recover-20220922/UBNA_001/20220921_090000.WAV,Telephone Field,recover-20220922,001,1795
1718.0015,1718.012,47812,52427,Pipistrellus pipistrellus,0.025,0.032,-1,Echolocation,/mnt/ubna_data_02_mir/recover-20220922/UBNA_001/20220921_090000.WAV,Telephone Field,recover-20220922,001,1795
1718.0015,1718.0109,25468,31999,Nyctalus leisleri,0.011,0.031,-1,Echolocation,/mnt/ubna_data_02_mir/recover-20220922/UBNA_001/20220921_090000.WAV,Telephone Field,recover-20220922,001,1795
1718.0265,1718.0661,68437,82417,Rhinolophus ferrumequinum,0.022,0.022,-1,Echolocation,/mnt/ubna_data_02_mir/recover-20220922/UBNA_001/20220921_090000.WAV,Telephone Field,recover-20220922,001,1795
1718.0305,1718.0403,23750,29871,Nyctalus leisleri,0.009,0.023,-1,Echolocation,/mnt/ubna_data_02_mir/recover-20220922/UBNA_001/20220921_090000.WAV,Telephone Field,recover-20220922,001,1795
1718.0345,1718.0748,68437,82715,Rhinolophus ferrumequinum,0.022,0.022,-1,Echolocation,/mnt/ubna_data_02_mir/recover-20220922/UBNA_001/20220921_090000.WAV,Telephone Field,recover-20220922,001,1795
1718.0435,1718.0557,36640,40514,Pipistrellus nathusii,0.013,0.024,-1,Echolocation,/mnt/ubna_data_02_mir/recover-20220922/UBNA_001/20220921_090000.WAV,Telephone Field,recover-20220922,001,1795
1718.0695,1718.1122,68437,83006,Rhinolophus ferrumequinum,0.029,0.029,-1,Echolocation,/mnt/ubna_data_02_mir/recover-20220922/UBNA_001/20220921_090000.WAV,Telephone Field,recover-20220922,001,1795
1718.0745,1718.0964,20312,23300,Nyctalus leisleri,0.018,0.036,-1,Echolocation,/mnt/ubna_data_02_mir/recover-20220922/UBNA_001/20220921_090000.WAV,Telephone Field,recover-20220922,001,1795
1718.0955,1718.1317,68437,81664,Rhinolophus ferrumequinum,0.022,0.022,-1,Echolocation,/mnt/ubna_data_02_mir/recover-20220922/UBNA_001/20220921_090000.WAV,Telephone Field,recover-20220922,001,1795
1718.1005,1718.1093,23750,31085,Nyctalus leisleri,0.007,0.022,-1,Echolocation,/mnt/ubna_data_02_mir/recover-20220922/UBNA_001/20220921_090000.WAV,Telephone Field,recover-20220922,001,1795
1718.1275,1718.17,68437,82903,Rhinolophus ferrumequinum,0.028,0.028,-1,Echolocation,/mnt/ubna_data_02_mir/recover-20220922/UBNA_001/20220921_090000.WAV,Telephone Field,recover-20220922,001,1795
1718.1275,1718.1356,28046,39377,Eptesicus serotinus,0.008,0.022,-1,Echolocation,/mnt/ubna_data_02_mir/recover-20220922/UBNA_001/20220921_090000.WAV,Telephone Field,recover-20220922,001,1795
1718.1415,1718.1819,68437,82687,Rhinolophus ferrumequinum,0.022,0.022,-1,Echolocation,/mnt/ubna_data_02_mir/recover-20220922/UBNA_001/20220921_090000.WAV,Telephone Field,recover-20220922,001,1795
1718.1625,1718.1711,25468,36213,Eptesicus serotinus,0.008,0.023,-1,Echolocation,/mnt/ubna_data_02_mir/recover-20220922/UBNA_001/20220921_090000.WAV,Telephone Field,recover-20220922,001,1795
1718.1685,1718.2091,68437,82598,Rhinolophus ferrumequinum,0.022,0.022,-1,Echolocation,/mnt/ubna_data_02_mir/recover-20220922/UBNA_001/20220921_090000.WAV,Telephone Field,recover-20220922,001,1795
1718.2275,1718.2346,24609,36063,Plecotus austriacus,0.011,0.03,-1,Echolocation,/mnt/ubna_data_02_mir/recover-20220922/UBNA_001/20220921_090000.WAV,Telephone Field,recover-20220922,001,1795
1718.2345,1718.2722,68437,82590,Rhinolophus ferrumequinum,0.024,0.024,-1,Echolocation,/mnt/ubna_data_02_mir/recover-20220922/UBNA_001/20220921_090000.WAV,Telephone Field,recover-20220922,001,1795
1718.2555,1718.2644,28046,41588,Eptesicus serotinus,0.009,0.023,-1,Echolocation,/mnt/ubna_data_02_mir/recover-20220922/UBNA_001/20220921_090000.WAV,Telephone Field,recover-20220922,001,1795
1718.2585,1718.2991,68437,82632,Rhinolophus ferrumequinum,0.029,0.029,-1,Echolocation,/mnt/ubna_data_02_mir/recover-20220922/UBNA_001/20220921_090000.WAV,Telephone Field,recover-20220922,001,1795
1718.2905,1718.2994,27187,37626,Eptesicus serotinus,0.007,0.021,-1,Echolocation,/mnt/ubna_data_02_mir/recover-20220922/UBNA_001/20220921_090000.WAV,Telephone Field,recover-20220922,001,1795
1718.3065,1718.3471,68437,82247,Rhinolophus ferrumequinum,0.022,0.022,-1,Echolocation,/mnt/ubna_data_02_mir/recover-20220922/UBNA_001/20220921_090000.WAV,Telephone Field,recover-20220922,001,1795
1718.3285,1718.3671,68437,82456,Rhinolophus ferrumequinum,0.023,0.023,-1,Echolocation,/mnt/ubna_data_02_mir/recover-20220922/UBNA_001/20220921_090000.WAV,Telephone Field,recover-20220922,001,1795
1718.3595,1718.3966,68437,81688,Rhinolophus ferrumequinum,0.023,0.023,-1,Echolocation,/mnt/ubna_data_02_mir/recover-20220922/UBNA_001/20220921_090000.WAV,Telephone Field,recover-20220922,001,1795
1718.3685,1718.4061,68437,82014,Rhinolophus ferrumequinum,0.022,0.022,-1,Echolocation,/mnt/ubna_data_02_mir/recover-20220922/UBNA_001/20220921_090000.WAV,Telephone Field,recover-20220922,001,1795
1718.4025,1718.4121,28906,37632,Eptesicus serotinus,0.01,0.026,-1,Echolocation,/mnt/ubna_data_02_mir/recover-20220922/UBNA_001/20220921_090000.WAV,Telephone Field,recover-20220922,001,1795
1718.4125,1718.4542,68437,82494,Rhinolophus ferrumequinum,0.026,0.026,-1,Echolocation,/mnt/ubna_data_02_mir/recover-20220922/UBNA_001/20220921_090000.WAV,Telephone Field,recover-20220922,001,1795
1718.4535,1718.4914,68437,82089,Rhinolophus ferrumequinum,0.024,0.024,-1,Echolocation,/mnt/ubna_data_02_mir/recover-20220922/UBNA_001/20220921_090000.WAV,Telephone Field,recover-20220922,001,1795
1718.4535,1718.4627,51250,55982,Pipistrellus pipistrellus,0.024,0.032,-1,Echolocation,/mnt/ubna_data_02_mir/recover-20220922/UBNA_001/20220921_090000.WAV,Telephone Field,recover-20220922,001,1795
1718.4955,1718.5377,68437,82452,Rhinolophus ferrumequinum,0.025,0.025,-1,Echolocation,/mnt/ubna_data_02_mir/recover-20220922/UBNA_001/20220921_090000.WAV,Telephone Field,recover-20220922,001,1795
1718.5005,1718.5388,68437,81984,Rhinolophus ferrumequinum,0.025,0.025,-1,Echolocation,/mnt/ubna_data_02_mir/recover-20220922/UBNA_001/20220921_090000.WAV,Telephone Field,recover-20220922,001,1795
1718.5095,1718.5195,29765,35836,Eptesicus serotinus,0.016,0.034,-1,Echolocation,/mnt/ubna_data_02_mir/recover-20220922/UBNA_001/20220921_090000.WAV,Telephone Field,recover-20220922,001,1795
1718.5215,1718.5586,68437,81761,Rhinolophus ferrumequinum,0.023,0.023,-1,Echolocation,/mnt/ubna_data_02_mir/recover-20220922/UBNA_001/20220921_090000.WAV,Telephone Field,recover-20220922,001,1795
1718.5475,1718.5843,68437,81786,Rhinolophus ferrumequinum,0.024,0.025,-1,Echolocation,/mnt/ubna_data_02_mir/recover-20220922/UBNA_001/20220921_090000.WAV,Telephone Field,recover-20220922,001,1795
1718.5575,1718.5946,68437,81951,Rhinolophus ferrumequinum,0.022,0.022,-1,Echolocation,/mnt/ubna_data_02_mir/recover-20220922/UBNA_001/20220921_090000.WAV,Telephone Field,recover-20220922,001,1795
1718.5635,1718.603,68437,82617,Rhinolophus ferrumequinum,0.023,0.023,-1,Echolocation,/mnt/ubna_data_02_mir/recover-20220922/UBNA_001/20220921_090000.WAV,Telephone Field,recover-20220922,001,1795
1718.5725,1718.5841,28906,35825,Eptesicus serotinus,0.011,0.028,-1,Echolocation,/mnt/ubna_data_02_mir/recover-20220922/UBNA_001/20220921_090000.WAV,Telephone Field,recover-20220922,001,1795
1718.5845,1718.5925,28046,37983,Eptesicus serotinus,0.007,0.023,-1,Echolocation,/mnt/ubna_data_02_mir/recover-20220922/UBNA_001/20220921_090000.WAV,Telephone Field,recover-20220922,001,1795
1718.6015,1718.6409,68437,81996,Rhinolophus ferrumequinum,0.021,0.021,-1,Echolocation,/mnt/ubna_data_02_mir/recover-20220922/UBNA_001/20220921_090000.WAV,Telephone Field,recover-20220922,001,1795
1718.6495,1718.6587,28046,38268,Eptesicus serotinus,0.008,0.022,-1,Echolocation,/mnt/ubna_data_02_mir/recover-20220922/UBNA_001/20220921_090000.WAV,Telephone Field,recover-20220922,001,1795
1718.6675,1718.7092,68437,82571,Rhinolophus ferrumequinum,0.022,0.022,-1,Echolocation,/mnt/ubna_data_02_mir/recover-20220922/UBNA_001/20220921_090000.WAV,Telephone Field,recover-20220922,001,1795
1718.6685,1718.685,19453,23756,Nyctalus noctula,0.016,0.034,-1,Echolocation,/mnt/ubna_data_02_mir/recover-20220922/UBNA_001/20220921_090000.WAV,Telephone Field,recover-20220922,001,1795
1718.6805,1718.7205,68437,82122,Rhinolophus ferrumequinum,0.022,0.022,-1,Echolocation,/mnt/ubna_data_02_mir/recover-20220922/UBNA_001/20220921_090000.WAV,Telephone Field,recover-20220922,001,1795
1718.7025,1718.7137,23750,29006,Nyctalus leisleri,0.012,0.027,-1,Echolocation,/mnt/ubna_data_02_mir/recover-20220922/UBNA_001/20220921_090000.WAV,Telephone Field,recover-20220922,001,1795
1718.7065,1718.7207,54687,59346,Pipistrellus pygmaeus,0.028,0.031,-1,Echolocation,/mnt/ubna_data_02_mir/recover-20220922/UBNA_001/20220921_090000.WAV,Telephone Field,recover-20220922,001,1795
1718.7115,1718.7503,68437,82981,Rhinolophus ferrumequinum,0.024,0.024,-1,Echolocation,/mnt/ubna_data_02_mir/recover-20220922/UBNA_001/20220921_090000.WAV,Telephone Field,recover-20220922,001,1795
1718.7455,1718.7532,27187,41719,Eptesicus serotinus,0.008,0.023,-1,Echolocation,/mnt/ubna_data_02_mir/recover-20220922/UBNA_001/20220921_090000.WAV,Telephone Field,recover-20220922,001,1795
1718.7695,1718.7792,29765,40819,Eptesicus serotinus,0.01,0.026,-1,Echolocation,/mnt/ubna_data_02_mir/recover-20220922/UBNA_001/20220921_090000.WAV,Telephone Field,recover-20220922,001,1795
1718.7705,1718.8123,68437,82333,Rhinolophus ferrumequinum,0.042,0.043,-1,Echolocation,/mnt/ubna_data_02_mir/recover-20220922/UBNA_001/20220921_090000.WAV,Telephone Field,recover-20220922,001,1795
1718.7785,1718.8212,68437,83035,Rhinolophus ferrumequinum,0.04,0.04,-1,Echolocation,/mnt/ubna_data_02_mir/recover-20220922/UBNA_001/20220921_090000.WAV,Telephone Field,recover-20220922,001,1795
1718.7945,1718.8058,32343,37268,Barbastellus barbastellus,0.014,0.04,-1,Echolocation,/mnt/ubna_data_02_mir/recover-20220922/UBNA_001/20220921_090000.WAV,Telephone Field,recover-20220922,001,1795
1718.8075,1718.8481,68437,82867,Rhinolophus ferrumequinum,0.023,0.023,-1,Echolocation,/mnt/ubna_data_02_mir/recover-20220922/UBNA_001/20220921_090000.WAV,Telephone Field,recover-20220922,001,1795
1718.8085,1718.8282,19453,22493,Nyctalus leisleri,0.011,0.024,-1,Echolocation,/mnt/ubna_data_02_mir/recover-20220922/UBNA_001/20220921_090000.WAV,Telephone Field,recover-20220922,001,1795
1718.8185,1718.8595,68437,82513,Rhinolophus ferrumequinum,0.024,0.024,-1,Echolocation,/mnt/ubna_data_02_mir/recover-20220922/UBNA_001/20220921_090000.WAV,Telephone Field,recover-20220922,001,1795
1718.8375,1718.8486,28906,35067,Eptesicus serotinus,0.013,0.026,-1,Echolocation,/mnt/ubna_data_02_mir/recover-20220922/UBNA_001/20220921_090000.WAV,Telephone Field,recover-20220922,001,1795
1718.8585,1718.8966,68437,81632,Rhinolophus ferrumequinum,0.024,0.024,-1,Echolocation,/mnt/ubna_data_02_mir/recover-20220922/UBNA_001/20220921_090000.WAV,Telephone Field,recover-20220922,001,1795
1718.8685,1718.9051,68437,81156,Rhinolophus ferrumequinum,0.021,0.021,-1,Echolocation,/mnt/ubna_data_02_mir/recover-20220922/UBNA_001/20220921_090000.WAV,Telephone Field,recover-20220922,001,1795
1718.8805,1718.9199,68437,81850,Rhinolophus ferrumequinum,0.023,0.023,-1,Echolocation,/mnt/ubna_data_02_mir/recover-20220922/UBNA_001/20220921_090000.WAV,Telephone Field,recover-20220922,001,1795
1718.8835,1718.8928,28046,37313,Eptesicus serotinus,0.01,0.025,-1,Echolocation,/mnt/ubna_data_02_mir/recover-20220922/UBNA_001/20220921_090000.WAV,Telephone Field,recover-20220922,001,1795
1718.9235,1718.9604,68437,80748,Rhinolophus ferrumequinum,0.022,0.022,-1,Echolocation,/mnt/ubna_data_02_mir/recover-20220922/UBNA_001/20220921_090000.WAV,Telephone Field,recover-20220922,001,1795
1718.9255,1718.9357,28046,36480,Eptesicus serotinus,0.011,0.027,-1,Echolocation,/mnt/ubna_data_02_mir/recover-20220922/UBNA_001/20220921_090000.WAV,Telephone Field,recover-20220922,001,1795
1718.9365,1718.9756,68437,82911,Rhinolophus ferrumequinum,0.025,0.025,-1,Echolocation,/mnt/ubna_data_02_mir/recover-20220922/UBNA_001/20220921_090000.WAV,Telephone Field,recover-20220922,001,1795
1718.9525,1718.9905,68437,82283,Rhinolophus ferrumequinum,0.024,0.024,-1,Echolocation,/mnt/ubna_data_02_mir/recover-20220922/UBNA_001/20220921_090000.WAV,Telephone Field,recover-20220922,001,1795
1718.9645,1718.9773,23750,27809,Nyctalus leisleri,0.029,0.052,-1,Echolocation,/mnt/ubna_data_02_mir/recover-20220922/UBNA_001/20220921_090000.WAV,Telephone Field,recover-20220922,001,1795
1718.9885,1719.0299,68437,82111,Rhinolophus ferrumequinum,0.027,0.027,-1,Echolocation,/mnt/ubna_data_02_mir/recover-20220922/UBNA_001/20220921_090000.WAV,Telephone Field,recover-20220922,001,1795
1719.0065,1719.0183,22890,27349,Nyctalus leisleri,0.017,0.033,-1,Echolocation,/mnt/ubna_data_02_mir/recover-20220922/UBNA_001/20220921_090000.WAV,Telephone Field,recover-20220922,001,1795
1719.0765,1719.1142,68437,82276,Rhinolophus ferrumequinum,0.023,0.023,-1,Echolocation,/mnt/ubna_data_02_mir/recover-20220922/UBNA_001/20220921_090000.WAV,Telephone Field,recover-20220922,001,1795
1719.1195,1719.1586,68437,82078,Rhinolophus ferrumequinum,0.022,0.022,-1,Echolocation,/mnt/ubna_data_02_mir/recover-20220922/UBNA_001/20220921_090000.WAV,Telephone Field,recover-20220922,001,1795
1719.1205,1719.1319,24609,30829,Nyctalus leisleri,0.01,0.026,-1,Echolocation,/mnt/ubna_data_02_mir/recover-20220922/UBNA_001/20220921_090000.WAV,Telephone Field,recover-20220922,001,1795
1719.1525,1719.1614,32343,40415,Barbastellus barbastellus,0.01,0.037,-1,Echolocation,/mnt/ubna_data_02_mir/recover-20220922/UBNA_001/20220921_090000.WAV,Telephone Field,recover-20220922,001,1795
1719.1525,1719.1899,68437,81522,Rhinolophus ferrumequinum,0.023,0.023,-1,Echolocation,/mnt/ubna_data_02_mir/recover-20220922/UBNA_001/20220921_090000.WAV,Telephone Field,recover-20220922,001,1795
1719.1705,1719.2079,68437,82168,Rhinolophus ferrumequinum,0.021,0.021,-1,Echolocation,/mnt/ubna_data_02_mir/recover-20220922/UBNA_001/20220921_090000.WAV,Telephone Field,recover-20220922,001,1795
1719.1845,1719.2235,68437,82752,Rhinolophus ferrumequinum,0.027,0.027,-1,Echolocation,/mnt/ubna_data_02_mir/recover-20220922/UBNA_001/20220921_090000.WAV,Telephone Field,recover-20220922,001,1795
1719.2035,1719.239,68437,81442,Rhinolophus ferrumequinum,0.021,0.021,-1,Echolocation,/mnt/ubna_data_02_mir/recover-20220922/UBNA_001/20220921_090000.WAV,Telephone Field,recover-20220922,001,1795
1719.2035,1719.2116,28046,39969,Eptesicus serotinus,0.008,0.023,-1,Echolocation,/mnt/ubna_data_02_mir/recover-20220922/UBNA_001/20220921_090000.WAV,Telephone Field,recover-20220922,001,1795
1719.2355,1719.2438,28046,38991,Eptesicus serotinus,0.008,0.022,-1,Echolocation,/mnt/ubna_data_02_mir/recover-20220922/UBNA_001/20220921_090000.WAV,Telephone Field,recover-20220922,001,1795
1719.2485,1719.2576,26328,34491,Eptesicus serotinus,0.01,0.023,-1,Echolocation,/mnt/ubna_data_02_mir/recover-20220922/UBNA_001/20220921_090000.WAV,Telephone Field,recover-20220922,001,1795
1719.2785,1719.2964,19453,22290,Nyctalus leisleri,0.013,0.024,-1,Echolocation,/mnt/ubna_data_02_mir/recover-20220922/UBNA_001/20220921_090000.WAV,Telephone Field,recover-20220922,001,1795
1719.2815,1719.3216,68437,82169,Rhinolophus ferrumequinum,0.024,0.024,-1,Echolocation,/mnt/ubna_data_02_mir/recover-20220922/UBNA_001/20220921_090000.WAV,Telephone Field,recover-20220922,001,1795
1719.3095,1719.3524,68437,82866,Rhinolophus ferrumequinum,0.045,0.046,-1,Echolocation,/mnt/ubna_data_02_mir/recover-20220922/UBNA_001/20220921_090000.WAV,Telephone Field,recover-20220922,001,1795
1719.3375,1719.3774,68437,82285,Rhinolophus ferrumequinum,0.022,0.022,-1,Echolocation,/mnt/ubna_data_02_mir/recover-20220922/UBNA_001/20220921_090000.WAV,Telephone Field,recover-20220922,001,1795
1719.3535,1719.3615,27187,40428,Eptesicus serotinus,0.008,0.024,-1,Echolocation,/mnt/ubna_data_02_mir/recover-20220922/UBNA_001/20220921_090000.WAV,Telephone Field,recover-20220922,001,1795
1719.3775,1719.4189,68437,83135,Rhinolophus ferrumequinum,0.034,0.034,-1,Echolocation,/mnt/ubna_data_02_mir/recover-20220922/UBNA_001/20220921_090000.WAV,Telephone Field,recover-20220922,001,1795
1719.3775,1719.3908,28046,33626,Eptesicus serotinus,0.065,0.11,-1,Echolocation,/mnt/ubna_data_02_mir/recover-20220922/UBNA_001/20220921_090000.WAV,Telephone Field,recover-20220922,001,1795
1719.4365,1719.4786,68437,83093,Rhinolophus ferrumequinum,0.031,0.031,-1,Echolocation,/mnt/ubna_data_02_mir/recover-20220922/UBNA_001/20220921_090000.WAV,Telephone Field,recover-20220922,001,1795
1719.4495,1719.49,68437,82411,Rhinolophus ferrumequinum,0.021,0.021,-1,Echolocation,/mnt/ubna_data_02_mir/recover-20220922/UBNA_001/20220921_090000.WAV,Telephone Field,recover-20220922,001,1795
1719.4615,1719.5022,68437,83031,Rhinolophus ferrumequinum,0.022,0.022,-1,Echolocation,/mnt/ubna_data_02_mir/recover-20220922/UBNA_001/20220921_090000.WAV,Telephone Field,recover-20220922,001,1795
1719.4715,1719.5131,68437,82961,Rhinolophus ferrumequinum,0.024,0.024,-1,Echolocation,/mnt/ubna_data_02_mir/recover-20220922/UBNA_001/20220921_090000.WAV,Telephone Field,recover-20220922,001,1795
1719.4825,1719.495,22031,26007,Nyctalus leisleri,0.013,0.022,-1,Echolocation,/mnt/ubna_data_02_mir/recover-20220922/UBNA_001/20220921_090000.WAV,Telephone Field,recover-20220922,001,1795
1719.5115,1719.5526,68437,82968,Rhinolophus ferrumequinum,0.024,0.024,-1,Echolocation,/mnt/ubna_data_02_mir/recover-20220922/UBNA_001/20220921_090000.WAV,Telephone Field,recover-20220922,001,1795
1719.5425,1719.582,68437,82524,Rhinolophus ferrumequinum,0.022,0.022,-1,Echolocation,/mnt/ubna_data_02_mir/recover-20220922/UBNA_001/20220921_090000.WAV,Telephone Field,recover-20220922,001,1795
1719.5595,1719.5971,68437,81627,Rhinolophus ferrumequinum,0.021,0.021,-1,Echolocation,/mnt/ubna_data_02_mir/recover-20220922/UBNA_001/20220921_090000.WAV,Telephone Field,recover-20220922,001,1795
1719.5685,1719.576,28046,38188,Eptesicus serotinus,0.007,0.023,-1,Echolocation,/mnt/ubna_data_02_mir/recover-20220922/UBNA_001/20220921_090000.WAV,Telephone Field,recover-20220922,001,1795
1719.5705,1719.611,68437,82457,Rhinolophus ferrumequinum,0.025,0.025,-1,Echolocation,/mnt/ubna_data_02_mir/recover-20220922/UBNA_001/20220921_090000.WAV,Telephone Field,recover-20220922,001,1795
1719.5765,1719.588,22890,28260,Nyctalus leisleri,0.011,0.023,-1,Echolocation,/mnt/ubna_data_02_mir/recover-20220922/UBNA_001/20220921_090000.WAV,Telephone Field,recover-20220922,001,1795
1719.5785,1719.6177,68437,82160,Rhinolophus ferrumequinum,0.031,0.031,-1,Echolocation,/mnt/ubna_data_02_mir/recover-20220922/UBNA_001/20220921_090000.WAV,Telephone Field,recover-20220922,001,1795
1719.5925,1719.6021,44375,49020,Pipistrellus pipistrellus,0.023,0.025,-1,Echolocation,/mnt/ubna_data_02_mir/recover-20220922/UBNA_001/20220921_090000.WAV,Telephone Field,recover-20220922,001,1795
1719.5925,1719.6019000000001,28046,37963,Eptesicus serotinus,0.01,0.022,-1,Echolocation,/mnt/ubna_data_02_mir/recover-20220922/UBNA_001/20220921_090000.WAV,Telephone Field,recover-20220922,001,1795
1719.6495,1719.688,68437,82576,Rhinolophus ferrumequinum,0.022,0.022,-1,Echolocation,/mnt/ubna_data_02_mir/recover-20220922/UBNA_001/20220921_090000.WAV,Telephone Field,recover-20220922,001,1795
1719.6745,1719.7151,68437,82836,Rhinolophus ferrumequinum,0.032,0.032,-1,Echolocation,/mnt/ubna_data_02_mir/recover-20220922/UBNA_001/20220921_090000.WAV,Telephone Field,recover-20220922,001,1795
1719.7475,1719.7878,68437,82737,Rhinolophus ferrumequinum,0.024,0.024,-1,Echolocation,/mnt/ubna_data_02_mir/recover-20220922/UBNA_001/20220921_090000.WAV,Telephone Field,recover-20220922,001,1795
1719.7655,1719.8084,68437,82612,Rhinolophus ferrumequinum,0.027,0.027,-1,Echolocation,/mnt/ubna_data_02_mir/recover-20220922/UBNA_001/20220921_090000.WAV,Telephone Field,recover-20220922,001,1795
1719.7755,1719.8171,68437,83347,Rhinolophus ferrumequinum,0.024,0.024,-1,Echolocation,/mnt/ubna_data_02_mir/recover-20220922/UBNA_001/20220921_090000.WAV,Telephone Field,recover-20220922,001,1795
1719.7855,1719.8301,68437,83739,Rhinolophus ferrumequinum,0.031,0.031,-1,Echolocation,/mnt/ubna_data_02_mir/recover-20220922/UBNA_001/20220921_090000.WAV,Telephone Field,recover-20220922,001,1795
1719.8345,1719.8753,68437,82852,Rhinolophus ferrumequinum,0.023,0.023,-1,Echolocation,/mnt/ubna_data_02_mir/recover-20220922/UBNA_001/20220921_090000.WAV,Telephone Field,recover-20220922,001,1795
1719.8935,1719.932,68437,82008,Rhinolophus ferrumequinum,0.021,0.021,-1,Echolocation,/mnt/ubna_data_02_mir/recover-20220922/UBNA_001/20220921_090000.WAV,Telephone Field,recover-20220922,001,1795
1719.8945,1719.9009,47812,55007,Pipistrellus pipistrellus,0.02,0.022,-1,Echolocation,/mnt/ubna_data_02_mir/recover-20220922/UBNA_001/20220921_090000.WAV,Telephone Field,recover-20220922,001,1795
1719.9035,1719.9221,21171,24758,Nyctalus leisleri,0.031,0.056,-1,Echolocation,/mnt/ubna_data_02_mir/recover-20220922/UBNA_001/20220921_090000.WAV,Telephone Field,recover-20220922,001,1795
1719.9195,1719.9271,28046,39821,Eptesicus serotinus,0.009,0.027,-1,Echolocation,/mnt/ubna_data_02_mir/recover-20220922/UBNA_001/20220921_090000.WAV,Telephone Field,recover-20220922,001,1795
1719.9295,1719.9659,68437,81344,Rhinolophus ferrumequinum,0.022,0.022,-1,Echolocation,/mnt/ubna_data_02_mir/recover-20220922/UBNA_001/20220921_090000.WAV,Telephone Field,recover-20220922,001,1795
1719.9385,1719.9453,28046,41686,Eptesicus serotinus,0.007,0.025,-1,Echolocation,/mnt/ubna_data_02_mir/recover-20220922/UBNA_001/20220921_090000.WAV,Telephone Field,recover-20220922,001,1795
1720.0015,1720.0332,69296,81156,Rhinolophus ferrumequinum,0.042,0.042,-1,Echolocation,/mnt/ubna_data_02_mir/recover-20220922/UBNA_001/20220921_090000.WAV,Telephone Field,recover-20220922,001,1795
1720.0015,1720.0159,21171,25563,Nyctalus leisleri,0.022,0.041,-1,Echolocation,/mnt/ubna_data_02_mir/recover-20220922/UBNA_001/20220921_090000.WAV,Telephone Field,recover-20220922,001,1795
1720.0195,1720.0579,68437,81704,Rhinolophus ferrumequinum,0.022,0.022,-1,Echolocation,/mnt/ubna_data_02_mir/recover-20220922/UBNA_001/20220921_090000.WAV,Telephone Field,recover-20220922,001,1795
1720.0285,1720.037,23750,30556,Nyctalus leisleri,0.007,0.022,-1,Echolocation,/mnt/ubna_data_02_mir/recover-20220922/UBNA_001/20220921_090000.WAV,Telephone Field,recover-20220922,001,1795
1720.0505,1720.0582,28046,39529,Eptesicus serotinus,0.008,0.023,-1,Echolocation,/mnt/ubna_data_02_mir/recover-20220922/UBNA_001/20220921_090000.WAV,Telephone Field,recover-20220922,001,1795
1720.0735,1720.0814,54687,59796,Pipistrellus pygmaeus,0.024,0.026,-1,Echolocation,/mnt/ubna_data_02_mir/recover-20220922/UBNA_001/20220921_090000.WAV,Telephone Field,recover-20220922,001,1795
1720.0755,1720.1151,68437,82394,Rhinolophus ferrumequinum,0.024,0.024,-1,Echolocation,/mnt/ubna_data_02_mir/recover-20220922/UBNA_001/20220921_090000.WAV,Telephone Field,recover-20220922,001,1795
1720.1015,1720.1385,68437,80703,Rhinolophus ferrumequinum,0.029,0.029,-1,Echolocation,/mnt/ubna_data_02_mir/recover-20220922/UBNA_001/20220921_090000.WAV,Telephone Field,recover-20220922,001,1795
1720.1215,1720.1306,23750,31019,Plecotus austriacus,0.008,0.026,-1,Echolocation,/mnt/ubna_data_02_mir/recover-20220922/UBNA_001/20220921_090000.WAV,Telephone Field,recover-20220922,001,1795
1720.1405,1720.1498,28046,36479,Eptesicus serotinus,0.01,0.023,-1,Echolocation,/mnt/ubna_data_02_mir/recover-20220922/UBNA_001/20220921_090000.WAV,Telephone Field,recover-20220922,001,1795
1720.1425,1720.1848,68437,81931,Rhinolophus ferrumequinum,0.037,0.037,-1,Echolocation,/mnt/ubna_data_02_mir/recover-20220922/UBNA_001/20220921_090000.WAV,Telephone Field,recover-20220922,001,1795
1720.1585,1720.1751,22890,26247,Nyctalus leisleri,0.014,0.023,-1,Echolocation,/mnt/ubna_data_02_mir/recover-20220922/UBNA_001/20220921_090000.WAV,Telephone Field,recover-20220922,001,1795
1720.1915,1720.2318,68437,82893,Rhinolophus ferrumequinum,0.025,0.025,-1,Echolocation,/mnt/ubna_data_02_mir/recover-20220922/UBNA_001/20220921_090000.WAV,Telephone Field,recover-20220922,001,1795
1720.1925,1720.204,22890,27604,Nyctalus leisleri,0.013,0.026,-1,Echolocation,/mnt/ubna_data_02_mir/recover-20220922/UBNA_001/20220921_090000.WAV,Telephone Field,recover-20220922,001,1795
1720.2035,1720.245,68437,82399,Rhinolophus ferrumequinum,0.021,0.021,-1,Echolocation,/mnt/ubna_data_02_mir/recover-20220922/UBNA_001/20220921_090000.WAV,Telephone Field,recover-20220922,001,1795
1720.2325,1720.2413,22031,28997,Plecotus austriacus,0.01,0.022,-1,Echolocation,/mnt/ubna_data_02_mir/recover-20220922/UBNA_001/20220921_090000.WAV,Telephone Field,recover-20220922,001,1795
1720.3605,1720.3983,68437,82363,Rhinolophus ferrumequinum,0.025,0.025,-1,Echolocation,/mnt/ubna_data_02_mir/recover-20220922/UBNA_001/20220921_090000.WAV,Telephone Field,recover-20220922,001,1795
1720.3965,1720.433,68437,82243,Rhinolophus ferrumequinum,0.023,0.023,-1,Echolocation,/mnt/ubna_data_02_mir/recover-20220922/UBNA_001/20220921_090000.WAV,Telephone Field,recover-20220922,001,1795
1720.4155,1720.4539,68437,82346,Rhinolophus ferrumequinum,0.023,0.023,-1,Echolocation,/mnt/ubna_data_02_mir/recover-20220922/UBNA_001/20220921_090000.WAV,Telephone Field,recover-20220922,001,1795
1720.4315,1720.4391,28046,38141,Eptesicus serotinus,0.009,0.026,-1,Echolocation,/mnt/ubna_data_02_mir/recover-20220922/UBNA_001/20220921_090000.WAV,Telephone Field,recover-20220922,001,1795
1720.4405,1720.4764,68437,81200,Rhinolophus ferrumequinum,0.022,0.022,-1,Echolocation,/mnt/ubna_data_02_mir/recover-20220922/UBNA_001/20220921_090000.WAV,Telephone Field,recover-20220922,001,1795
1720.4535,1720.4889,68437,80709,Rhinolophus ferrumequinum,0.025,0.025,-1,Echolocation,/mnt/ubna_data_02_mir/recover-20220922/UBNA_001/20220921_090000.WAV,Telephone Field,recover-20220922,001,1795
1720.4735,1720.5112,68437,81054,Rhinolophus ferrumequinum,0.023,0.023,-1,Echolocation,/mnt/ubna_data_02_mir/recover-20220922/UBNA_001/20220921_090000.WAV,Telephone Field,recover-20220922,001,1795
1720.4845,1720.4935,28046,36847,Eptesicus serotinus,0.011,0.024,-1,Echolocation,/mnt/ubna_data_02_mir/recover-20220922/UBNA_001/20220921_090000.WAV,Telephone Field,recover-20220922,001,1795
1720.4895,1720.5329,68437,83360,Rhinolophus ferrumequinum,0.045,0.045,-1,Echolocation,/mnt/ubna_data_02_mir/recover-20220922/UBNA_001/20220921_090000.WAV,Telephone Field,recover-20220922,001,1795
1720.5165,1720.5535,68437,81753,Rhinolophus ferrumequinum,0.021,0.021,-1,Echolocation,/mnt/ubna_data_02_mir/recover-20220922/UBNA_001/20220921_090000.WAV,Telephone Field,recover-20220922,001,1795
1720.5385,1720.5476,48671,53296,Pipistrellus pipistrellus,0.022,0.026,-1,Echolocation,/mnt/ubna_data_02_mir/recover-20220922/UBNA_001/20220921_090000.WAV,Telephone Field,recover-20220922,001,1795
1720.5535,1720.5946,68437,82475,Rhinolophus ferrumequinum,0.025,0.025,-1,Echolocation,/mnt/ubna_data_02_mir/recover-20220922/UBNA_001/20220921_090000.WAV,Telephone Field,recover-20220922,001,1795
1720.5725,1720.6135,68437,82772,Rhinolophus ferrumequinum,0.022,0.022,-1,Echolocation,/mnt/ubna_data_02_mir/recover-20220922/UBNA_001/20220921_090000.WAV,Telephone Field,recover-20220922,001,1795
1720.5745,1720.5798,37500,50289,Myotis daubentonii,0.011,0.033,-1,Echolocation,/mnt/ubna_data_02_mir/recover-20220922/UBNA_001/20220921_090000.WAV,Telephone Field,recover-20220922,001,1795
1720.5985,1720.633,68437,80687,Rhinolophus ferrumequinum,0.023,0.023,-1,Echolocation,/mnt/ubna_data_02_mir/recover-20220922/UBNA_001/20220921_090000.WAV,Telephone Field,recover-20220922,001,1795
1720.5995,1720.6078,23750,32183,Plecotus austriacus,0.009,0.025,-1,Echolocation,/mnt/ubna_data_02_mir/recover-20220922/UBNA_001/20220921_090000.WAV,Telephone Field,recover-20220922,001,1795
1720.6115,1720.649,68437,81333,Rhinolophus ferrumequinum,0.034,0.034,-1,Echolocation,/mnt/ubna_data_02_mir/recover-20220922/UBNA_001/20220921_090000.WAV,Telephone Field,recover-20220922,001,1795
1720.7275,1720.7652,68437,81429,Rhinolophus ferrumequinum,0.023,0.023,-1,Echolocation,/mnt/ubna_data_02_mir/recover-20220922/UBNA_001/20220921_090000.WAV,Telephone Field,recover-20220922,001,1795
1720.7405,1720.7866,68437,83242,Rhinolophus ferrumequinum,0.06,0.06,-1,Echolocation,/mnt/ubna_data_02_mir/recover-20220922/UBNA_001/20220921_090000.WAV,Telephone Field,recover-20220922,001,1795
1720.7565,1720.7683,24609,29829,Nyctalus leisleri,0.017,0.035,-1,Echolocation,/mnt/ubna_data_02_mir/recover-20220922/UBNA_001/20220921_090000.WAV,Telephone Field,recover-20220922,001,1795
1720.7645,1720.805,68437,82389,Rhinolophus ferrumequinum,0.028,0.028,-1,Echolocation,/mnt/ubna_data_02_mir/recover-20220922/UBNA_001/20220921_090000.WAV,Telephone Field,recover-20220922,001,1795
1720.8125,1720.8517,68437,82413,Rhinolophus ferrumequinum,0.031,0.031,-1,Echolocation,/mnt/ubna_data_02_mir/recover-20220922/UBNA_001/20220921_090000.WAV,Telephone Field,recover-20220922,001,1795
1720.8475,1720.8604,29765,36382,Eptesicus serotinus,0.018,0.033,-1,Echolocation,/mnt/ubna_data_02_mir/recover-20220922/UBNA_001/20220921_090000.WAV,Telephone Field,recover-20220922,001,1795
1720.8525,1720.8941,68437,82443,Rhinolophus ferrumequinum,0.034,0.034,-1,Echolocation,/mnt/ubna_data_02_mir/recover-20220922/UBNA_001/20220921_090000.WAV,Telephone Field,recover-20220922,001,1795
1720.8795,1720.9182,68437,82356,Rhinolophus ferrumequinum,0.027,0.027,-1,Echolocation,/mnt/ubna_data_02_mir/recover-20220922/UBNA_001/20220921_090000.WAV,Telephone Field,recover-20220922,001,1795
1720.9055,1720.9187,45234,48207,Pipistrellus pipistrellus,0.06,0.066,-1,Echolocation,/mnt/ubna_data_02_mir/recover-20220922/UBNA_001/20220921_090000.WAV,Telephone Field,recover-20220922,001,1795
1720.9275,1720.9665,68437,82206,Rhinolophus ferrumequinum,0.025,0.025,-1,Echolocation,/mnt/ubna_data_02_mir/recover-20220922/UBNA_001/20220921_090000.WAV,Telephone Field,recover-20220922,001,1795
1720.9355,1720.9725,68437,81686,Rhinolophus ferrumequinum,0.024,0.024,-1,Echolocation,/mnt/ubna_data_02_mir/recover-20220922/UBNA_001/20220921_090000.WAV,Telephone Field,recover-20220922,001,1795
1720.9445,1720.9783,68437,81486,Rhinolophus ferrumequinum,0.023,0.023,-1,Echolocation,/mnt/ubna_data_02_mir/recover-20220922/UBNA_001/20220921_090000.WAV,Telephone Field,recover-20220922,001,1795
1720.9485,1720.96,22031,27500,Nyctalus leisleri,0.013,0.029,-1,Echolocation,/mnt/ubna_data_02_mir/recover-20220922/UBNA_001/20220921_090000.WAV,Telephone Field,recover-20220922,001,1795
1720.9705,1721.0109,68437,82328,Rhinolophus ferrumequinum,0.023,0.023,-1,Echolocation,/mnt/ubna_data_02_mir/recover-20220922/UBNA_001/20220921_090000.WAV,Telephone Field,recover-20220922,001,1795
1720.9755,1720.9852,22031,27906,Nyctalus leisleri,0.009,0.024,-1,Echolocation,/mnt/ubna_data_02_mir/recover-20220922/UBNA_001/20220921_090000.WAV,Telephone Field,recover-20220922,001,1795
1721.0265,1721.0648,68437,82526,Rhinolophus ferrumequinum,0.023,0.024,-1,Echolocation,/mnt/ubna_data_02_mir/recover-20220922/UBNA_001/20220921_090000.WAV,Telephone Field,recover-20220922,001,1795
1721.0855,1721.0944,28906,36282,Eptesicus serotinus,0.008,0.023,-1,Echolocation,/mnt/ubna_data_02_mir/recover-20220922/UBNA_001/20220921_090000.WAV,Telephone Field,recover-20220922,001,1795
1721.0865,1721.0976,22031,27166,Nyctalus leisleri,0.011,0.024,-1,Echolocation,/mnt/ubna_data_02_mir/recover-20220922/UBNA_001/20220921_090000.WAV,Telephone Field,recover-20220922,001,1795
1721.0895,1721.1303,68437,82720,Rhinolophus ferrumequinum,0.024,0.024,-1,Echolocation,/mnt/ubna_data_02_mir/recover-20220922/UBNA_001/20220921_090000.WAV,Telephone Field,recover-20220922,001,1795
1721.0995,1721.1398,68437,82507,Rhinolophus ferrumequinum,0.025,0.025,-1,Echolocation,/mnt/ubna_data_02_mir/recover-20220922/UBNA_001/20220921_090000.WAV,Telephone Field,recover-20220922,001,1795
1721.1115,1721.1512,68437,82408,Rhinolophus ferrumequinum,0.023,0.023,-1,Echolocation,/mnt/ubna_data_02_mir/recover-20220922/UBNA_001/20220921_090000.WAV,Telephone Field,recover-20220922,001,1795
1721.1455,1721.1826,68437,81284,Rhinolophus ferrumequinum,0.025,0.025,-1,Echolocation,/mnt/ubna_data_02_mir/recover-20220922/UBNA_001/20220921_090000.WAV,Telephone Field,recover-20220922,001,1795
1721.1735,1721.2093,68437,81390,Rhinolophus ferrumequinum,0.026,0.026,-1,Echolocation,/mnt/ubna_data_02_mir/recover-20220922/UBNA_001/20220921_090000.WAV,Telephone Field,recover-20220922,001,1795
1721.1765,1721.1844,26328,38760,Eptesicus serotinus,0.007,0.022,-1,Echolocation,/mnt/ubna_data_02_mir/recover-20220922/UBNA_001/20220921_090000.WAV,Telephone Field,recover-20220922,001,1795
1721.2165,1721.2273,22890,28256,Nyctalus leisleri,0.011,0.023,-1,Echolocation,/mnt/ubna_data_02_mir/recover-20220922/UBNA_001/20220921_090000.WAV,Telephone Field,recover-20220922,001,1795
1721.2195,1721.2586,68437,82206,Rhinolophus ferrumequinum,0.023,0.023,-1,Echolocation,/mnt/ubna_data_02_mir/recover-20220922/UBNA_001/20220921_090000.WAV,Telephone Field,recover-20220922,001,1795
1721.2275,1721.2466,20312,22799,Nyctalus leisleri,0.015,0.023,-1,Echolocation,/mnt/ubna_data_02_mir/recover-20220922/UBNA_001/20220921_090000.WAV,Telephone Field,recover-20220922,001,1795
1721.2555,1721.2959,68437,82512,Rhinolophus ferrumequinum,0.034,0.034,-1,Echolocation,/mnt/ubna_data_02_mir/recover-20220922/UBNA_001/20220921_090000.WAV,Telephone Field,recover-20220922,001,1795
1721.2635,1721.2845,18593,21294,Nyctalus noctula,0.015,0.03,-1,Echolocation,/mnt/ubna_data_02_mir/recover-20220922/UBNA_001/20220921_090000.WAV,Telephone Field,recover-20220922,001,1795
1721.2765,1721.2857,45234,50333,Pipistrellus pipistrellus,0.021,0.022,-1,Echolocation,/mnt/ubna_data_02_mir/recover-20220922/UBNA_001/20220921_090000.WAV,Telephone Field,recover-20220922,001,1795
1721.2805,1721.2917,23750,29650,Nyctalus leisleri,0.011,0.025,-1,Echolocation,/mnt/ubna_data_02_mir/recover-20220922/UBNA_001/20220921_090000.WAV,Telephone Field,recover-20220922,001,1795
1721.2805,1721.3168,68437,81963,Rhinolophus ferrumequinum,0.023,0.023,-1,Echolocation,/mnt/ubna_data_02_mir/recover-20220922/UBNA_001/20220921_090000.WAV,Telephone Field,recover-20220922,001,1795
1721.2895,1721.3004,22890,26698,Nyctalus leisleri,0.019,0.031,-1,Echolocation,/mnt/ubna_data_02_mir/recover-20220922/UBNA_001/20220921_090000.WAV,Telephone Field,recover-20220922,001,1795
1721.3105,1721.3255,29765,34974,Eptesicus serotinus,0.023,0.041,-1,Echolocation,/mnt/ubna_data_02_mir/recover-20220922/UBNA_001/20220921_090000.WAV,Telephone Field,recover-20220922,001,1795
1721.3195,1721.3587,68437,82405,Rhinolophus ferrumequinum,0.022,0.022,-1,Echolocation,/mnt/ubna_data_02_mir/recover-20220922/UBNA_001/20220921_090000.WAV,Telephone Field,recover-20220922,001,1795
1721.3645,1721.4007,68437,80606,Rhinolophus ferrumequinum,0.022,0.022,-1,Echolocation,/mnt/ubna_data_02_mir/recover-20220922/UBNA_001/20220921_090000.WAV,Telephone Field,recover-20220922,001,1795
1721.3985,1721.435,68437,81277,Rhinolophus ferrumequinum,0.022,0.022,-1,Echolocation,/mnt/ubna_data_02_mir/recover-20220922/UBNA_001/20220921_090000.WAV,Telephone Field,recover-20220922,001,1795
1721.4115,1721.4521,68437,82631,Rhinolophus ferrumequinum,0.023,0.023,-1,Echolocation,/mnt/ubna_data_02_mir/recover-20220922/UBNA_001/20220921_090000.WAV,Telephone Field,recover-20220922,001,1795
1721.4505,1721.462,25468,30760,Nyctalus leisleri,0.009,0.023,-1,Echolocation,/mnt/ubna_data_02_mir/recover-20220922/UBNA_001/20220921_090000.WAV,Telephone Field,recover-20220922,001,1795
1721.4565,1721.4915,68437,81495,Rhinolophus ferrumequinum,0.022,0.022,-1,Echolocation,/mnt/ubna_data_02_mir/recover-20220922/UBNA_001/20220921_090000.WAV,Telephone Field,recover-20220922,001,1795
1721.4595,1721.4677,48671,52889,Pipistrellus pipistrellus,0.028,0.03,-1,Echolocation,/mnt/ubna_data_02_mir/recover-20220922/UBNA_001/20220921_090000.WAV,Telephone Field,recover-20220922,001,1795
1721.4865,1721.5242,68437,82095,Rhinolophus ferrumequinum,0.023,0.023,-1,Echolocation,/mnt/ubna_data_02_mir/recover-20220922/UBNA_001/20220921_090000.WAV,Telephone Field,recover-20220922,001,1795
1721.5015,1721.5417,68437,82508,Rhinolophus ferrumequinum,0.022,0.022,-1,Echolocation,/mnt/ubna_data_02_mir/recover-20220922/UBNA_001/20220921_090000.WAV,Telephone Field,recover-20220922,001,1795
1721.5035,1721.5109,28046,42594,Eptesicus serotinus,0.008,0.026,-1,Echolocation,/mnt/ubna_data_02_mir/recover-20220922/UBNA_001/20220921_090000.WAV,Telephone Field,recover-20220922,001,1795
1721.5085,1721.5482,68437,81834,Rhinolophus ferrumequinum,0.022,0.022,-1,Echolocation,/mnt/ubna_data_02_mir/recover-20220922/UBNA_001/20220921_090000.WAV,Telephone Field,recover-20220922,001,1795
1721.5195,1721.558,68437,81934,Rhinolophus ferrumequinum,0.024,0.024,-1,Echolocation,/mnt/ubna_data_02_mir/recover-20220922/UBNA_001/20220921_090000.WAV,Telephone Field,recover-20220922,001,1795
1721.5375,1721.55,24609,30313,Nyctalus leisleri,0.018,0.041,-1,Echolocation,/mnt/ubna_data_02_mir/recover-20220922/UBNA_001/20220921_090000.WAV,Telephone Field,recover-20220922,001,1795
1721.5775,1721.6167,68437,81963,Rhinolophus ferrumequinum,0.026,0.026,-1,Echolocation,/mnt/ubna_data_02_mir/recover-20220922/UBNA_001/20220921_090000.WAV,Telephone Field,recover-20220922,001,1795
1721.6045,1721.6408,68437,81948,Rhinolophus ferrumequinum,0.022,0.023,-1,Echolocation,/mnt/ubna_data_02_mir/recover-20220922/UBNA_001/20220921_090000.WAV,Telephone Field,recover-20220922,001,1795
1721.6335,1721.6432,23750,30133,Nyctalus leisleri,0.011,0.032,-1,Echolocation,/mnt/ubna_data_02_mir/recover-20220922/UBNA_001/20220921_090000.WAV,Telephone Field,recover-20220922,001,1795
1721.6545,1721.6941,68437,82373,Rhinolophus ferrumequinum,0.024,0.024,-1,Echolocation,/mnt/ubna_data_02_mir/recover-20220922/UBNA_001/20220921_090000.WAV,Telephone Field,recover-20220922,001,1795
1721.6615,1721.6998,68437,81827,Rhinolophus ferrumequinum,0.022,0.022,-1,Echolocation,/mnt/ubna_data_02_mir/recover-20220922/UBNA_001/20220921_090000.WAV,Telephone Field,recover-20220922,001,1795
1721.6675,1721.6746,23750,33071,Plecotus austriacus,0.011,0.024,-1,Echolocation,/mnt/ubna_data_02_mir/recover-20220922/UBNA_001/20220921_090000.WAV,Telephone Field,recover-20220922,001,1795
1721.6875,1721.725,68437,82034,Rhinolophus ferrumequinum,0.021,0.021,-1,Echolocation,/mnt/ubna_data_02_mir/recover-20220922/UBNA_001/20220921_090000.WAV,Telephone Field,recover-20220922,001,1795
1721.7165,1721.7546,68437,81593,Rhinolophus ferrumequinum,0.021,0.022,-1,Echolocation,/mnt/ubna_data_02_mir/recover-20220922/UBNA_001/20220921_090000.WAV,Telephone Field,recover-20220922,001,1795
1721.7245,1721.7327,28046,44534,Eptesicus serotinus,0.008,0.022,-1,Echolocation,/mnt/ubna_data_02_mir/recover-20220922/UBNA_001/20220921_090000.WAV,Telephone Field,recover-20220922,001,1795
1721.7425,1721.7506,22890,30728,Plecotus austriacus,0.014,0.028,-1,Echolocation,/mnt/ubna_data_02_mir/recover-20220922/UBNA_001/20220921_090000.WAV,Telephone Field,recover-20220922,001,1795
1721.7425,1721.7807,68437,81300,Rhinolophus ferrumequinum,0.026,0.026,-1,Echolocation,/mnt/ubna_data_02_mir/recover-20220922/UBNA_001/20220921_090000.WAV,Telephone Field,recover-20220922,001,1795
1721.7515,1721.7611,28906,38570,Eptesicus serotinus,0.009,0.022,-1,Echolocation,/mnt/ubna_data_02_mir/recover-20220922/UBNA_001/20220921_090000.WAV,Telephone Field,recover-20220922,001,1795
1721.7815,1721.82,68437,82158,Rhinolophus ferrumequinum,0.035,0.035,-1,Echolocation,/mnt/ubna_data_02_mir/recover-20220922/UBNA_001/20220921_090000.WAV,Telephone Field,recover-20220922,001,1795
1721.8105,1721.8511,68437,82490,Rhinolophus ferrumequinum,0.022,0.022,-1,Echolocation,/mnt/ubna_data_02_mir/recover-20220922/UBNA_001/20220921_090000.WAV,Telephone Field,recover-20220922,001,1795
1721.8195,1721.8601,68437,82219,Rhinolophus ferrumequinum,0.023,0.023,-1,Echolocation,/mnt/ubna_data_02_mir/recover-20220922/UBNA_001/20220921_090000.WAV,Telephone Field,recover-20220922,001,1795
1721.8455,1721.8843,68437,81989,Rhinolophus ferrumequinum,0.023,0.023,-1,Echolocation,/mnt/ubna_data_02_mir/recover-20220922/UBNA_001/20220921_090000.WAV,Telephone Field,recover-20220922,001,1795
1721.9415,1721.9797,68437,81973,Rhinolophus ferrumequinum,0.023,0.023,-1,Echolocation,/mnt/ubna_data_02_mir/recover-20220922/UBNA_001/20220921_090000.WAV,Telephone Field,recover-20220922,001,1795
1721.9435,1721.95,24609,36148,Plecotus austriacus,0.017,0.039,-1,Echolocation,/mnt/ubna_data_02_mir/recover-20220922/UBNA_001/20220921_090000.WAV,Telephone Field,recover-20220922,001,1795
1721.9445,1721.9519,33203,41399,Myotis daubentonii,0.008,0.026,-1,Echolocation,/mnt/ubna_data_02_mir/recover-20220922/UBNA_001/20220921_090000.WAV,Telephone Field,recover-20220922,001,1795
1721.9625,1721.9746,23750,29892,Nyctalus leisleri,0.012,0.027,-1,Echolocation,/mnt/ubna_data_02_mir/recover-20220922/UBNA_001/20220921_090000.WAV,Telephone Field,recover-20220922,001,1795
1721.9795,1721.9896,24609,31875,Eptesicus serotinus,0.016,0.042,-1,Echolocation,/mnt/ubna_data_02_mir/recover-20220922/UBNA_001/20220921_090000.WAV,Telephone Field,recover-20220922,001,1795
1722.0015,1722.0089,25468,36377,Plecotus austriacus,0.005,0.024,-1,Echolocation,/mnt/ubna_data_02_mir/recover-20220922/UBNA_001/20220921_090000.WAV,Telephone Field,recover-20220922,001,1795
1722.0015,1722.0084,48671,56251,Pipistrellus pipistrellus,0.018,0.024,-1,Echolocation,/mnt/ubna_data_02_mir/recover-20220922/UBNA_001/20220921_090000.WAV,Telephone Field,recover-20220922,001,1795
1722.0015,1722.0138,18593,23867,Nyctalus noctula,0.01,0.026,-1,Echolocation,/mnt/ubna_data_02_mir/recover-20220922/UBNA_001/20220921_090000.WAV,Telephone Field,recover-20220922,001,1795
1722.0125,1722.0557,68437,82681,Rhinolophus ferrumequinum,0.024,0.024,-1,Echolocation,/mnt/ubna_data_02_mir/recover-20220922/UBNA_001/20220921_090000.WAV,Telephone Field,recover-20220922,001,1795
1722.0255,1722.0352,46093,49825,Pipistrellus pipistrellus,0.029,0.032,-1,Echolocation,/mnt/ubna_data_02_mir/recover-20220922/UBNA_001/20220921_090000.WAV,Telephone Field,recover-20220922,001,1795
1722.0375,1722.0777,68437,82655,Rhinolophus ferrumequinum,0.027,0.027,-1,Echolocation,/mnt/ubna_data_02_mir/recover-20220922/UBNA_001/20220921_090000.WAV,Telephone Field,recover-20220922,001,1795
1722.0625,1722.102,68437,81521,Rhinolophus ferrumequinum,0.036,0.036,-1,Echolocation,/mnt/ubna_data_02_mir/recover-20220922/UBNA_001/20220921_090000.WAV,Telephone Field,recover-20220922,001,1795
1722.0675,1722.108,68437,82018,Rhinolophus ferrumequinum,0.035,0.035,-1,Echolocation,/mnt/ubna_data_02_mir/recover-20220922/UBNA_001/20220921_090000.WAV,Telephone Field,recover-20220922,001,1795
1722.1195,1722.1592,68437,82204,Rhinolophus ferrumequinum,0.024,0.024,-1,Echolocation,/mnt/ubna_data_02_mir/recover-20220922/UBNA_001/20220921_090000.WAV,Telephone Field,recover-20220922,001,1795
1722.1325,1722.143,22031,27069,Nyctalus leisleri,0.013,0.027,-1,Echolocation,/mnt/ubna_data_02_mir/recover-20220922/UBNA_001/20220921_090000.WAV,Telephone Field,recover-20220922,001,1795
1722.1475,1722.1874,68437,83009,Rhinolophus ferrumequinum,0.025,0.025,-1,Echolocation,/mnt/ubna_data_02_mir/recover-20220922/UBNA_001/20220921_090000.WAV,Telephone Field,recover-20220922,001,1795
1722.2475,1722.2592,24609,30567,Nyctalus leisleri,0.01,0.024,-1,Echolocation,/mnt/ubna_data_02_mir/recover-20220922/UBNA_001/20220921_090000.WAV,Telephone Field,recover-20220922,001,1795
1722.2785,1722.2868,26328,35935,Eptesicus serotinus,0.011,0.028,-1,Echolocation,/mnt/ubna_data_02_mir/recover-20220922/UBNA_001/20220921_090000.WAV,Telephone Field,recover-20220922,001,1795
1722.3175,1722.325,27187,36801,Eptesicus serotinus,0.009,0.026,-1,Echolocation,/mnt/ubna_data_02_mir/recover-20220922/UBNA_001/20220921_090000.WAV,Telephone Field,recover-20220922,001,1795
1722.3435,1722.383,68437,82864,Rhinolophus ferrumequinum,0.034,0.034,-1,Echolocation,/mnt/ubna_data_02_mir/recover-20220922/UBNA_001/20220921_090000.WAV,Telephone Field,recover-20220922,001,1795
1722.3575,1722.3971,68437,82698,Rhinolophus ferrumequinum,0.023,0.023,-1,Echolocation,/mnt/ubna_data_02_mir/recover-20220922/UBNA_001/20220921_090000.WAV,Telephone Field,recover-20220922,001,1795
1722.3965,1722.4374,68437,82615,Rhinolophus ferrumequinum,0.041,0.041,-1,Echolocation,/mnt/ubna_data_02_mir/recover-20220922/UBNA_001/20220921_090000.WAV,Telephone Field,recover-20220922,001,1795
1722.4145,1722.4221,28046,38541,Eptesicus serotinus,0.009,0.024,-1,Echolocation,/mnt/ubna_data_02_mir/recover-20220922/UBNA_001/20220921_090000.WAV,Telephone Field,recover-20220922,001,1795
1722.4225,1722.457,68437,80929,Rhinolophus ferrumequinum,0.024,0.024,-1,Echolocation,/mnt/ubna_data_02_mir/recover-20220922/UBNA_001/20220921_090000.WAV,Telephone Field,recover-20220922,001,1795
1722.4315,1722.4689,68437,82090,Rhinolophus ferrumequinum,0.026,0.026,-1,Echolocation,/mnt/ubna_data_02_mir/recover-20220922/UBNA_001/20220921_090000.WAV,Telephone Field,recover-20220922,001,1795
1722.4395,1722.4455,34062,45338,Myotis daubentonii,0.012,0.025,-1,Echolocation,/mnt/ubna_data_02_mir/recover-20220922/UBNA_001/20220921_090000.WAV,Telephone Field,recover-20220922,001,1795
1722.5025,1722.5391,68437,80941,Rhinolophus ferrumequinum,0.024,0.024,-1,Echolocation,/mnt/ubna_data_02_mir/recover-20220922/UBNA_001/20220921_090000.WAV,Telephone Field,recover-20220922,001,1795
1722.5105,1722.5492,68437,82296,Rhinolophus ferrumequinum,0.025,0.025,-1,Echolocation,/mnt/ubna_data_02_mir/recover-20220922/UBNA_001/20220921_090000.WAV,Telephone Field,recover-20220922,001,1795
1722.5785,1722.5886,23750,30131,Nyctalus leisleri,0.01,0.026,-1,Echolocation,/mnt/ubna_data_02_mir/recover-20220922/UBNA_001/20220921_090000.WAV,Telephone Field,recover-20220922,001,1795
1722.5985,1722.6389,68437,82454,Rhinolophus ferrumequinum,0.03,0.03,-1,Echolocation,/mnt/ubna_data_02_mir/recover-20220922/UBNA_001/20220921_090000.WAV,Telephone Field,recover-20220922,001,1795
1722.6195,1722.6563,68437,81569,Rhinolophus ferrumequinum,0.022,0.022,-1,Echolocation,/mnt/ubna_data_02_mir/recover-20220922/UBNA_001/20220921_090000.WAV,Telephone Field,recover-20220922,001,1795
1722.6455,1722.6856,68437,82281,Rhinolophus ferrumequinum,0.035,0.035,-1,Echolocation,/mnt/ubna_data_02_mir/recover-20220922/UBNA_001/20220921_090000.WAV,Telephone Field,recover-20220922,001,1795
1722.6685,1722.7088,68437,82002,Rhinolophus ferrumequinum,0.024,0.024,-1,Echolocation,/mnt/ubna_data_02_mir/recover-20220922/UBNA_001/20220921_090000.WAV,Telephone Field,recover-20220922,001,1795
1722.6845,1722.6925,27187,35589,Eptesicus serotinus,0.009,0.023,-1,Echolocation,/mnt/ubna_data_02_mir/recover-20220922/UBNA_001/20220921_090000.WAV,Telephone Field,recover-20220922,001,1795
1722.6945,1722.7042,14296,21618,Plecotus auritus,0.011,0.029,-1,Echolocation,/mnt/ubna_data_02_mir/recover-20220922/UBNA_001/20220921_090000.WAV,Telephone Field,recover-20220922,001,1795
1722.7225,1722.759,68437,81219,Rhinolophus ferrumequinum,0.024,0.024,-1,Echolocation,/mnt/ubna_data_02_mir/recover-20220922/UBNA_001/20220921_090000.WAV,Telephone Field,recover-20220922,001,1795
1722.7235,1722.7327,28046,36613,Eptesicus serotinus,0.01,0.024,-1,Echolocation,/mnt/ubna_data_02_mir/recover-20220922/UBNA_001/20220921_090000.WAV,Telephone Field,recover-20220922,001,1795
1722.7295,1722.7374,28046,39376,Eptesicus serotinus,0.007,0.022,-1,Echolocation,/mnt/ubna_data_02_mir/recover-20220922/UBNA_001/20220921_090000.WAV,Telephone Field,recover-20220922,001,1795
1722.7465,1722.7839,68437,81041,Rhinolophus ferrumequinum,0.025,0.025,-1,Echolocation,/mnt/ubna_data_02_mir/recover-20220922/UBNA_001/20220921_090000.WAV,Telephone Field,recover-20220922,001,1795
1722.7705,1722.8098,68437,82477,Rhinolophus ferrumequinum,0.023,0.023,-1,Echolocation,/mnt/ubna_data_02_mir/recover-20220922/UBNA_001/20220921_090000.WAV,Telephone Field,recover-20220922,001,1795
1722.7925,1722.8033,14296,19062,Nyctalus noctula,0.014,0.027,-1,Echolocation,/mnt/ubna_data_02_mir/recover-20220922/UBNA_001/20220921_090000.WAV,Telephone Field,recover-20220922,001,1795
1722.8195,1722.8289,28906,40324,Eptesicus serotinus,0.008,0.023,-1,Echolocation,/mnt/ubna_data_02_mir/recover-20220922/UBNA_001/20220921_090000.WAV,Telephone Field,recover-20220922,001,1795
1722.8335,1722.8739,68437,82473,Rhinolophus ferrumequinum,0.027,0.027,-1,Echolocation,/mnt/ubna_data_02_mir/recover-20220922/UBNA_001/20220921_090000.WAV,Telephone Field,recover-20220922,001,1795
1722.8555,1722.8624,24609,34946,Plecotus austriacus,0.014,0.034,-1,Echolocation,/mnt/ubna_data_02_mir/recover-20220922/UBNA_001/20220921_090000.WAV,Telephone Field,recover-20220922,001,1795
1722.8725,1722.9094,68437,82343,Rhinolophus ferrumequinum,0.023,0.023,-1,Echolocation,/mnt/ubna_data_02_mir/recover-20220922/UBNA_001/20220921_090000.WAV,Telephone Field,recover-20220922,001,1795
1722.8805,1722.8891,28046,37862,Eptesicus serotinus,0.009,0.024,-1,Echolocation,/mnt/ubna_data_02_mir/recover-20220922/UBNA_001/20220921_090000.WAV,Telephone Field,recover-20220922,001,1795
1722.8975,1722.9074,24609,30936,Nyctalus leisleri,0.009,0.025,-1,Echolocation,/mnt/ubna_data_02_mir/recover-20220922/UBNA_001/20220921_090000.WAV,Telephone Field,recover-20220922,001,1795
1722.9285,1722.9362,23750,32403,Plecotus austriacus,0.01,0.026,-1,Echolocation,/mnt/ubna_data_02_mir/recover-20220922/UBNA_001/20220921_090000.WAV,Telephone Field,recover-20220922,001,1795
1722.9405,1722.9753,68437,81030,Rhinolophus ferrumequinum,0.025,0.025,-1,Echolocation,/mnt/ubna_data_02_mir/recover-20220922/UBNA_001/20220921_090000.WAV,Telephone Field,recover-20220922,001,1795
1722.9485,1722.9592,22890,27671,Nyctalus leisleri,0.011,0.023,-1,Echolocation,/mnt/ubna_data_02_mir/recover-20220922/UBNA_001/20220921_090000.WAV,Telephone Field,recover-20220922,001,1795
1722.9805,1722.9909,22031,26586,Nyctalus leisleri,0.012,0.024,-1,Echolocation,/mnt/ubna_data_02_mir/recover-20220922/UBNA_001/20220921_090000.WAV,Telephone Field,recover-20220922,001,1795
1723.0235,1723.0348,22890,28186,Nyctalus leisleri,0.016,0.033,-1,Echolocation,/mnt/ubna_data_02_mir/recover-20220922/UBNA_001/20220921_090000.WAV,Telephone Field,recover-20220922,001,1795
1723.0395,1723.0776,68437,81485,Rhinolophus ferrumequinum,0.022,0.022,-1,Echolocation,/mnt/ubna_data_02_mir/recover-20220922/UBNA_001/20220921_090000.WAV,Telephone Field,recover-20220922,001,1795
1723.0625,1723.073,22031,27305,Nyctalus leisleri,0.01,0.022,-1,Echolocation,/mnt/ubna_data_02_mir/recover-20220922/UBNA_001/20220921_090000.WAV,Telephone Field,recover-20220922,001,1795
1723.0955,1723.1039,25468,34398,Eptesicus serotinus,0.009,0.024,-1,Echolocation,/mnt/ubna_data_02_mir/recover-20220922/UBNA_001/20220921_090000.WAV,Telephone Field,recover-20220922,001,1795
1723.1115,1723.1517,68437,82637,Rhinolophus ferrumequinum,0.026,0.026,-1,Echolocation,/mnt/ubna_data_02_mir/recover-20220922/UBNA_001/20220921_090000.WAV,Telephone Field,recover-20220922,001,1795
1723.1165,1723.1544,68437,81984,Rhinolophus ferrumequinum,0.026,0.026,-1,Echolocation,/mnt/ubna_data_02_mir/recover-20220922/UBNA_001/20220921_090000.WAV,Telephone Field,recover-20220922,001,1795
1723.1295,1723.1702,68437,82353,Rhinolophus ferrumequinum,0.023,0.023,-1,Echolocation,/mnt/ubna_data_02_mir/recover-20220922/UBNA_001/20220921_090000.WAV,Telephone Field,recover-20220922,001,1795
1723.1495,1723.1868,68437,81944,Rhinolophus ferrumequinum,0.022,0.022,-1,Echolocation,/mnt/ubna_data_02_mir/recover-20220922/UBNA_001/20220921_090000.WAV,Telephone Field,recover-20220922,001,1795
1723.1725,1723.2127,68437,82407,Rhinolophus ferrumequinum,0.038,0.038,-1,Echolocation,/mnt/ubna_data_02_mir/recover-20220922/UBNA_001/20220921_090000.WAV,Telephone Field,recover-20220922,001,1795
1723.2065,1723.2178,23750,29602,Nyctalus leisleri,0.016,0.035,-1,Echolocation,/mnt/ubna_data_02_mir/recover-20220922/UBNA_001/20220921_090000.WAV,Telephone Field,recover-20220922,001,1795
1723.2075,1723.248,68437,82615,Rhinolophus ferrumequinum,0.023,0.023,-1,Echolocation,/mnt/ubna_data_02_mir/recover-20220922/UBNA_001/20220921_090000.WAV,Telephone Field,recover-20220922,001,1795
1723.2455,1723.259,22031,26338,Nyctalus leisleri,0.015,0.027,-1,Echolocation,/mnt/ubna_data_02_mir/recover-20220922/UBNA_001/20220921_090000.WAV,Telephone Field,recover-20220922,001,1795
1723.2615,1723.3015,68437,82651,Rhinolophus ferrumequinum,0.024,0.024,-1,Echolocation,/mnt/ubna_data_02_mir/recover-20220922/UBNA_001/20220921_090000.WAV,Telephone Field,recover-20220922,001,1795
1723.2755,1723.317,68437,82883,Rhinolophus ferrumequinum,0.022,0.022,-1,Echolocation,/mnt/ubna_data_02_mir/recover-20220922/UBNA_001/20220921_090000.WAV,Telephone Field,recover-20220922,001,1795
1723.4055,1723.443,68437,81719,Rhinolophus ferrumequinum,0.022,0.022,-1,Echolocation,/mnt/ubna_data_02_mir/recover-20220922/UBNA_001/20220921_090000.WAV,Telephone Field,recover-20220922,001,1795
1723.4485,1723.457,22890,29799,Plecotus austriacus,0.01,0.024,-1,Echolocation,/mnt/ubna_data_02_mir/recover-20220922/UBNA_001/20220921_090000.WAV,Telephone Field,recover-20220922,001,1795
1723.4495,1723.4586,15156,23361,Nyctalus noctula,0.01,0.025,-1,Echolocation,/mnt/ubna_data_02_mir/recover-20220922/UBNA_001/20220921_090000.WAV,Telephone Field,recover-20220922,001,1795
1723.4635,1723.5015,68437,82399,Rhinolophus ferrumequinum,0.024,0.024,-1,Echolocation,/mnt/ubna_data_02_mir/recover-20220922/UBNA_001/20220921_090000.WAV,Telephone Field,recover-20220922,001,1795
1723.4755,1723.483,24609,33501,Plecotus austriacus,0.012,0.032,-1,Echolocation,/mnt/ubna_data_02_mir/recover-20220922/UBNA_001/20220921_090000.WAV,Telephone Field,recover-20220922,001,1795
1723.5355,1723.5442,28046,38703,Eptesicus serotinus,0.009,0.023,-1,Echolocation,/mnt/ubna_data_02_mir/recover-20220922/UBNA_001/20220921_090000.WAV,Telephone Field,recover-20220922,001,1795
1723.5515,1723.5914,68437,82805,Rhinolophus ferrumequinum,0.025,0.025,-1,Echolocation,/mnt/ubna_data_02_mir/recover-20220922/UBNA_001/20220921_090000.WAV,Telephone Field,recover-20220922,001,1795
1723.5615,1723.6035,68437,81842,Rhinolophus ferrumequinum,0.022,0.022,-1,Echolocation,/mnt/ubna_data_02_mir/recover-20220922/UBNA_001/20220921_090000.WAV,Telephone Field,recover-20220922,001,1795
1723.5955,1723.6312,68437,81246,Rhinolophus ferrumequinum,0.023,0.023,-1,Echolocation,/mnt/ubna_data_02_mir/recover-20220922/UBNA_001/20220921_090000.WAV,Telephone Field,recover-20220922,001,1795
1723.5965,1723.6051,28906,38250,Eptesicus serotinus,0.009,0.027,-1,Echolocation,/mnt/ubna_data_02_mir/recover-20220922/UBNA_001/20220921_090000.WAV,Telephone Field,recover-20220922,001,1795
1723.6395,1723.6798,68437,82761,Rhinolophus ferrumequinum,0.023,0.023,-1,Echolocation,/mnt/ubna_data_02_mir/recover-20220922/UBNA_001/20220921_090000.WAV,Telephone Field,recover-20220922,001,1795
1723.6455,1723.6565,28906,35911,Eptesicus serotinus,0.01,0.023,-1,Echolocation,/mnt/ubna_data_02_mir/recover-20220922/UBNA_001/20220921_090000.WAV,Telephone Field,recover-20220922,001,1795
1723.6525,1723.6634,28906,35121,Eptesicus serotinus,0.009,0.023,-1,Echolocation,/mnt/ubna_data_02_mir/recover-20220922/UBNA_001/20220921_090000.WAV,Telephone Field,recover-20220922,001,1795
1723.6765,1723.7171,68437,82467,Rhinolophus ferrumequinum,0.022,0.022,-1,Echolocation,/mnt/ubna_data_02_mir/recover-20220922/UBNA_001/20220921_090000.WAV,Telephone Field,recover-20220922,001,1795
1723.7045,1723.7418,68437,81266,Rhinolophus ferrumequinum,0.023,0.023,-1,Echolocation,/mnt/ubna_data_02_mir/recover-20220922/UBNA_001/20220921_090000.WAV,Telephone Field,recover-20220922,001,1795
1723.7315,1723.7398,28906,38595,Eptesicus serotinus,0.009,0.022,-1,Echolocation,/mnt/ubna_data_02_mir/recover-20220922/UBNA_001/20220921_090000.WAV,Telephone Field,recover-20220922,001,1795
1723.7945,1723.8342,68437,81994,Rhinolophus ferrumequinum,0.031,0.031,-1,Echolocation,/mnt/ubna_data_02_mir/recover-20220922/UBNA_001/20220921_090000.WAV,Telephone Field,recover-20220922,001,1795
1723.8315,1723.8703,68437,82186,Rhinolophus ferrumequinum,0.025,0.025,-1,Echolocation,/mnt/ubna_data_02_mir/recover-20220922/UBNA_001/20220921_090000.WAV,Telephone Field,recover-20220922,001,1795
1723.8465,1723.8551,44375,48381,Pipistrellus pipistrellus,0.021,0.023,-1,Echolocation,/mnt/ubna_data_02_mir/recover-20220922/UBNA_001/20220921_090000.WAV,Telephone Field,recover-20220922,001,1795
1723.8475,1723.8543,27187,39128,Eptesicus serotinus,0.006,0.024,-1,Echolocation,/mnt/ubna_data_02_mir/recover-20220922/UBNA_001/20220921_090000.WAV,Telephone Field,recover-20220922,001,1795
1723.8575,1723.8973,68437,82723,Rhinolophus ferrumequinum,0.029,0.029,-1,Echolocation,/mnt/ubna_data_02_mir/recover-20220922/UBNA_001/20220921_090000.WAV,Telephone Field,recover-20220922,001,1795
1723.9035,1723.9424,68437,82612,Rhinolophus ferrumequinum,0.022,0.022,-1,Echolocation,/mnt/ubna_data_02_mir/recover-20220922/UBNA_001/20220921_090000.WAV,Telephone Field,recover-20220922,001,1795
1723.9285,1723.9687,68437,82336,Rhinolophus ferrumequinum,0.025,0.025,-1,Echolocation,/mnt/ubna_data_02_mir/recover-20220922/UBNA_001/20220921_090000.WAV,Telephone Field,recover-20220922,001,1795
1723.9445,1723.9531,46093,50584,Pipistrellus pipistrellus,0.026,0.027,-1,Echolocation,/mnt/ubna_data_02_mir/recover-20220922/UBNA_001/20220921_090000.WAV,Telephone Field,recover-20220922,001,1795
1723.9475,1723.9578,23750,29333,Nyctalus leisleri,0.01,0.023,-1,Echolocation,/mnt/ubna_data_02_mir/recover-20220922/UBNA_001/20220921_090000.WAV,Telephone Field,recover-20220922,001,1795
1723.9595,1723.9985,68437,82437,Rhinolophus ferrumequinum,0.053,0.053,-1,Echolocation,/mnt/ubna_data_02_mir/recover-20220922/UBNA_001/20220921_090000.WAV,Telephone Field,recover-20220922,001,1795
1723.9845,1723.994,28906,37692,Eptesicus serotinus,0.009,0.022,-1,Echolocation,/mnt/ubna_data_02_mir/recover-20220922/UBNA_001/20220921_090000.WAV,Telephone Field,recover-20220922,001,1795
1724.0015,1724.0129,20312,25217,Nyctalus leisleri,0.01,0.023,-1,Echolocation,/mnt/ubna_data_02_mir/recover-20220922/UBNA_001/20220921_090000.WAV,Telephone Field,recover-20220922,001,1795
1724.0015,1724.036,69296,81548,Rhinolophus ferrumequinum,0.022,0.022,-1,Echolocation,/mnt/ubna_data_02_mir/recover-20220922/UBNA_001/20220921_090000.WAV,Telephone Field,recover-20220922,001,1795
1724.0135,1724.0603,68437,83808,Rhinolophus ferrumequinum,0.069,0.069,-1,Echolocation,/mnt/ubna_data_02_mir/recover-20220922/UBNA_001/20220921_090000.WAV,Telephone Field,recover-20220922,001,1795
1724.0305,1724.0403,27187,39709,Eptesicus serotinus,0.008,0.024,-1,Echolocation,/mnt/ubna_data_02_mir/recover-20220922/UBNA_001/20220921_090000.WAV,Telephone Field,recover-20220922,001,1795
1724.0605,1724.0982,68437,81399,Rhinolophus ferrumequinum,0.02,0.02,-1,Echolocation,/mnt/ubna_data_02_mir/recover-20220922/UBNA_001/20220921_090000.WAV,Telephone Field,recover-20220922,001,1795
1724.0705,1724.1087,68437,81548,Rhinolophus ferrumequinum,0.021,0.021,-1,Echolocation,/mnt/ubna_data_02_mir/recover-20220922/UBNA_001/20220921_090000.WAV,Telephone Field,recover-20220922,001,1795
1724.0785,1724.0898,24609,30647,Nyctalus leisleri,0.009,0.023,-1,Echolocation,/mnt/ubna_data_02_mir/recover-20220922/UBNA_001/20220921_090000.WAV,Telephone Field,recover-20220922,001,1795
1724.0905,1724.1327,68437,83286,Rhinolophus ferrumequinum,0.023,0.023,-1,Echolocation,/mnt/ubna_data_02_mir/recover-20220922/UBNA_001/20220921_090000.WAV,Telephone Field,recover-20220922,001,1795
1724.1285,1724.1668,68437,82003,Rhinolophus ferrumequinum,0.02,0.02,-1,Echolocation,/mnt/ubna_data_02_mir/recover-20220922/UBNA_001/20220921_090000.WAV,Telephone Field,recover-20220922,001,1795
1724.1465,1724.1858,68437,81525,Rhinolophus ferrumequinum,0.02,0.021,-1,Echolocation,/mnt/ubna_data_02_mir/recover-20220922/UBNA_001/20220921_090000.WAV,Telephone Field,recover-20220922,001,1795
1724.1685,1724.1766,28906,40111,Eptesicus serotinus,0.007,0.021,-1,Echolocation,/mnt/ubna_data_02_mir/recover-20220922/UBNA_001/20220921_090000.WAV,Telephone Field,recover-20220922,001,1795
1724.1785,1724.2175,68437,81879,Rhinolophus ferrumequinum,0.02,0.02,-1,Echolocation,/mnt/ubna_data_02_mir/recover-20220922/UBNA_001/20220921_090000.WAV,Telephone Field,recover-20220922,001,1795
1724.1855,1724.1966,28906,38193,Eptesicus serotinus,0.029,0.044,-1,Echolocation,/mnt/ubna_data_02_mir/recover-20220922/UBNA_001/20220921_090000.WAV,Telephone Field,recover-20220922,001,1795
1724.2045,1724.2117,23750,33000,Plecotus austriacus,0.011,0.025,-1,Echolocation,/mnt/ubna_data_02_mir/recover-20220922/UBNA_001/20220921_090000.WAV,Telephone Field,recover-20220922,001,1795
1724.2095,1724.2494,68437,82753,Rhinolophus ferrumequinum,0.023,0.023,-1,Echolocation,/mnt/ubna_data_02_mir/recover-20220922/UBNA_001/20220921_090000.WAV,Telephone Field,recover-20220922,001,1795
1724.2305,1724.2702,68437,82346,Rhinolophus ferrumequinum,0.019,0.019,-1,Echolocation,/mnt/ubna_data_02_mir/recover-20220922/UBNA_001/20220921_090000.WAV,Telephone Field,recover-20220922,001,1795
1724.2635,1724.303,68437,81950,Rhinolophus ferrumequinum,0.019,0.019,-1,Echolocation,/mnt/ubna_data_02_mir/recover-20220922/UBNA_001/20220921_090000.WAV,Telephone Field,recover-20220922,001,1795
1724.2695,1724.3089,68437,82081,Rhinolophus ferrumequinum,0.02,0.02,-1,Echolocation,/mnt/ubna_data_02_mir/recover-20220922/UBNA_001/20220921_090000.WAV,Telephone Field,recover-20220922,001,1795
1724.2905,1724.3283,68437,81351,Rhinolophus ferrumequinum,0.022,0.022,-1,Echolocation,/mnt/ubna_data_02_mir/recover-20220922/UBNA_001/20220921_090000.WAV,Telephone Field,recover-20220922,001,1795
1724.2945,1724.3021,28906,37681,Eptesicus serotinus,0.006,0.021,-1,Echolocation,/mnt/ubna_data_02_mir/recover-20220922/UBNA_001/20220921_090000.WAV,Telephone Field,recover-20220922,001,1795
1724.3315,1724.3672,68437,80847,Rhinolophus ferrumequinum,0.019,0.019,-1,Echolocation,/mnt/ubna_data_02_mir/recover-20220922/UBNA_001/20220921_090000.WAV,Telephone Field,recover-20220922,001,1795
1724.3315,1724.3409,25468,33415,Eptesicus serotinus,0.01,0.03,-1,Echolocation,/mnt/ubna_data_02_mir/recover-20220922/UBNA_001/20220921_090000.WAV,Telephone Field,recover-20220922,001,1795
1724.3725,1724.3891,15156,20140,Nyctalus noctula,0.016,0.022,-1,Echolocation,/mnt/ubna_data_02_mir/recover-20220922/UBNA_001/20220921_090000.WAV,Telephone Field,recover-20220922,001,1795
1724.3775,1724.3878,22031,26085,Nyctalus leisleri,0.011,0.02,-1,Echolocation,/mnt/ubna_data_02_mir/recover-20220922/UBNA_001/20220921_090000.WAV,Telephone Field,recover-20220922,001,1795
1724.3925,1724.4027,22890,27853,Nyctalus leisleri,0.009,0.02,-1,Echolocation,/mnt/ubna_data_02_mir/recover-20220922/UBNA_001/20220921_090000.WAV,Telephone Field,recover-20220922,001,1795
1724.3935,1724.4318,68437,81041,Rhinolophus ferrumequinum,0.021,0.021,-1,Echolocation,/mnt/ubna_data_02_mir/recover-20220922/UBNA_001/20220921_090000.WAV,Telephone Field,recover-20220922,001,1795
1724.4165,1724.4525,68437,82139,Rhinolophus ferrumequinum,0.02,0.02,-1,Echolocation,/mnt/ubna_data_02_mir/recover-20220922/UBNA_001/20220921_090000.WAV,Telephone Field,recover-20220922,001,1795
1724.4415,1724.4799,68437,81905,Rhinolophus ferrumequinum,0.019,0.019,-1,Echolocation,/mnt/ubna_data_02_mir/recover-20220922/UBNA_001/20220921_090000.WAV,Telephone Field,recover-20220922,001,1795
1724.4615,1724.4704,26328,34207,Eptesicus serotinus,0.008,0.021,-1,Echolocation,/mnt/ubna_data_02_mir/recover-20220922/UBNA_001/20220921_090000.WAV,Telephone Field,recover-20220922,001,1795
1724.4875,1724.5193,68437,80188,Rhinolophus ferrumequinum,0.019,0.02,-1,Echolocation,/mnt/ubna_data_02_mir/recover-20220922/UBNA_001/20220921_090000.WAV,Telephone Field,recover-20220922,001,1795
1724.5055,1724.5194,26328,31439,Eptesicus serotinus,0.038,0.073,-1,Echolocation,/mnt/ubna_data_02_mir/recover-20220922/UBNA_001/20220921_090000.WAV,Telephone Field,recover-20220922,001,1795
1724.5345,1724.5723,68437,81190,Rhinolophus ferrumequinum,0.019,0.019,-1,Echolocation,/mnt/ubna_data_02_mir/recover-20220922/UBNA_001/20220921_090000.WAV,Telephone Field,recover-20220922,001,1795
1724.5375,1724.5438,28906,39275,Myotis daubentonii,0.006,0.026,-1,Echolocation,/mnt/ubna_data_02_mir/recover-20220922/UBNA_001/20220921_090000.WAV,Telephone Field,recover-20220922,001,1795
1724.5785,1724.6162,68437,82072,Rhinolophus ferrumequinum,0.023,0.023,-1,Echolocation,/mnt/ubna_data_02_mir/recover-20220922/UBNA_001/20220921_090000.WAV,Telephone Field,recover-20220922,001,1795
1724.6115,1724.6222,14296,18514,Nyctalus noctula,0.01,0.021,-1,Echolocation,/mnt/ubna_data_02_mir/recover-20220922/UBNA_001/20220921_090000.WAV,Telephone Field,recover-20220922,001,1795
1724.6125,1724.6494,68437,81711,Rhinolophus ferrumequinum,0.022,0.022,-1,Echolocation,/mnt/ubna_data_02_mir/recover-20220922/UBNA_001/20220921_090000.WAV,Telephone Field,recover-20220922,001,1795
1724.6135,1724.6217,27187,39327,Eptesicus serotinus,0.006,0.02,-1,Echolocation,/mnt/ubna_data_02_mir/recover-20220922/UBNA_001/20220921_090000.WAV,Telephone Field,recover-20220922,001,1795
1724.6385,1724.6774,68437,81939,Rhinolophus ferrumequinum,0.024,0.024,-1,Echolocation,/mnt/ubna_data_02_mir/recover-20220922/UBNA_001/20220921_090000.WAV,Telephone Field,recover-20220922,001,1795
1724.6525,1724.6602,24609,33251,Plecotus austriacus,0.009,0.024,-1,Echolocation,/mnt/ubna_data_02_mir/recover-20220922/UBNA_001/20220921_090000.WAV,Telephone Field,recover-20220922,001,1795
1724.6755,1724.712,68437,81515,Rhinolophus ferrumequinum,0.021,0.021,-1,Echolocation,/mnt/ubna_data_02_mir/recover-20220922/UBNA_001/20220921_090000.WAV,Telephone Field,recover-20220922,001,1795
1724.7295,1724.7369,28046,37284,Eptesicus serotinus,0.007,0.025,-1,Echolocation,/mnt/ubna_data_02_mir/recover-20220922/UBNA_001/20220921_090000.WAV,Telephone Field,recover-20220922,001,1795
1724.7385,1724.775,68437,81798,Rhinolophus ferrumequinum,0.021,0.021,-1,Echolocation,/mnt/ubna_data_02_mir/recover-20220922/UBNA_001/20220921_090000.WAV,Telephone Field,recover-20220922,001,1795
1724.7445,1724.7507,13437,32317,Plecotus auritus,0.018,0.019,-1,Echolocation,/mnt/ubna_data_02_mir/recover-20220922/UBNA_001/20220921_090000.WAV,Telephone Field,recover-20220922,001,1795
1724.7785,1724.8189,68437,82666,Rhinolophus ferrumequinum,0.025,0.025,-1,Echolocation,/mnt/ubna_data_02_mir/recover-20220922/UBNA_001/20220921_090000.WAV,Telephone Field,recover-20220922,001,1795
1724.7935,1724.8005,28046,41690,Eptesicus serotinus,0.007,0.026,-1,Echolocation,/mnt/ubna_data_02_mir/recover-20220922/UBNA_001/20220921_090000.WAV,Telephone Field,recover-20220922,001,1795
1724.7975,1724.8373,68437,81756,Rhinolophus ferrumequinum,0.022,0.022,-1,Echolocation,/mnt/ubna_data_02_mir/recover-20220922/UBNA_001/20220921_090000.WAV,Telephone Field,recover-20220922,001,1795
1724.8145,1724.8237,28906,37308,Eptesicus serotinus,0.008,0.021,-1,Echolocation,/mnt/ubna_data_02_mir/recover-20220922/UBNA_001/20220921_090000.WAV,Telephone Field,recover-20220922,001,1795
1724.8295,1724.8697,68437,82691,Rhinolophus ferrumequinum,0.02,0.02,-1,Echolocation,/mnt/ubna_data_02_mir/recover-20220922/UBNA_001/20220921_090000.WAV,Telephone Field,recover-20220922,001,1795
1724.8735,1724.9144000000001,68437,82434,Rhinolophus ferrumequinum,0.024,0.024,-1,Echolocation,/mnt/ubna_data_02_mir/recover-20220922/UBNA_001/20220921_090000.WAV,Telephone Field,recover-20220922,001,1795
1724.8805,1724.9199,68437,82002,Rhinolophus ferrumequinum,0.024,0.024,-1,Echolocation,/mnt/ubna_data_02_mir/recover-20220922/UBNA_001/20220921_090000.WAV,Telephone Field,recover-20220922,001,1795
1724.9145,1724.9564,68437,82136,Rhinolophus ferrumequinum,0.02,0.02,-1,Echolocation,/mnt/ubna_data_02_mir/recover-20220922/UBNA_001/20220921_090000.WAV,Telephone Field,recover-20220922,001,1795
1724.9275,1724.9642,68437,81430,Rhinolophus ferrumequinum,0.019,0.019,-1,Echolocation,/mnt/ubna_data_02_mir/recover-20220922/UBNA_001/20220921_090000.WAV,Telephone Field,recover-20220922,001,1795
1724.9275,1724.9348,24609,33057,Plecotus austriacus,0.008,0.023,-1,Echolocation,/mnt/ubna_data_02_mir/recover-20220922/UBNA_001/20220921_090000.WAV,Telephone Field,recover-20220922,001,1795
1724.9405,1724.9791,68437,82189,Rhinolophus ferrumequinum,0.022,0.022,-1,Echolocation,/mnt/ubna_data_02_mir/recover-20220922/UBNA_001/20220921_090000.WAV,Telephone Field,recover-20220922,001,1795
1724.9405,1724.9492,28046,39056,Eptesicus serotinus,0.007,0.023,-1,Echolocation,/mnt/ubna_data_02_mir/recover-20220922/UBNA_001/20220921_090000.WAV,Telephone Field,recover-20220922,001,1795
1724.9495,1724.9604,28046,33912,Eptesicus serotinus,0.011,0.023,-1,Echolocation,/mnt/ubna_data_02_mir/recover-20220922/UBNA_001/20220921_090000.WAV,Telephone Field,recover-20220922,001,1795
1724.9655,1725.0065,68437,82215,Rhinolophus ferrumequinum,0.026,0.026,-1,Echolocation,/mnt/ubna_data_02_mir/recover-20220922/UBNA_001/20220921_090000.WAV,Telephone Field,recover-20220922,001,1795
1725.0155,1725.0523,68437,82214,Rhinolophus ferrumequinum,0.02,0.02,-1,Echolocation,/mnt/ubna_data_02_mir/recover-20220922/UBNA_001/20220921_090000.WAV,Telephone Field,recover-20220922,001,1795
1725.0435,1725.0824,68437,81588,Rhinolophus ferrumequinum,0.02,0.021,-1,Echolocation,/mnt/ubna_data_02_mir/recover-20220922/UBNA_001/20220921_090000.WAV,Telephone Field,recover-20220922,001,1795
1725.0725,1725.1082,68437,81254,Rhinolophus ferrumequinum,0.022,0.022,-1,Echolocation,/mnt/ubna_data_02_mir/recover-20220922/UBNA_001/20220921_090000.WAV,Telephone Field,recover-20220922,001,1795
1725.0825,1725.093,33203,39352,Eptesicus serotinus,0.007,0.021,-1,Echolocation,/mnt/ubna_data_02_mir/recover-20220922/UBNA_001/20220921_090000.WAV,Telephone Field,recover-20220922,001,1795
1725.0935,1725.1318,68437,81284,Rhinolophus ferrumequinum,0.023,0.023,-1,Echolocation,/mnt/ubna_data_02_mir/recover-20220922/UBNA_001/20220921_090000.WAV,Telephone Field,recover-20220922,001,1795
1725.1085,1725.1462,68437,81670,Rhinolophus ferrumequinum,0.02,0.02,-1,Echolocation,/mnt/ubna_data_02_mir/recover-20220922/UBNA_001/20220921_090000.WAV,Telephone Field,recover-20220922,001,1795
1725.1475,1725.1561,14296,20326,Plecotus auritus,0.008,0.024,-1,Echolocation,/mnt/ubna_data_02_mir/recover-20220922/UBNA_001/20220921_090000.WAV,Telephone Field,recover-20220922,001,1795
1725.1475,1725.1897,68437,82583,Rhinolophus ferrumequinum,0.028,0.028,-1,Echolocation,/mnt/ubna_data_02_mir/recover-20220922/UBNA_001/20220921_090000.WAV,Telephone Field,recover-20220922,001,1795
1725.1535,1725.1615,27187,40717,Eptesicus serotinus,0.006,0.02,-1,Echolocation,/mnt/ubna_data_02_mir/recover-20220922/UBNA_001/20220921_090000.WAV,Telephone Field,recover-20220922,001,1795
1725.1615,1725.1699,28046,37608,Eptesicus serotinus,0.007,0.02,-1,Echolocation,/mnt/ubna_data_02_mir/recover-20220922/UBNA_001/20220921_090000.WAV,Telephone Field,recover-20220922,001,1795
1725.1765,1725.2134,68437,80826,Rhinolophus ferrumequinum,0.019,0.019,-1,Echolocation,/mnt/ubna_data_02_mir/recover-20220922/UBNA_001/20220921_090000.WAV,Telephone Field,recover-20220922,001,1795
1725.1925,1725.2341,68437,83305,Rhinolophus ferrumequinum,0.028,0.029,-1,Echolocation,/mnt/ubna_data_02_mir/recover-20220922/UBNA_001/20220921_090000.WAV,Telephone Field,recover-20220922,001,1795
1725.2025,1725.213,23750,28572,Nyctalus leisleri,0.01,0.019,-1,Echolocation,/mnt/ubna_data_02_mir/recover-20220922/UBNA_001/20220921_090000.WAV,Telephone Field,recover-20220922,001,1795
1725.2275,1725.2657,68437,81939,Rhinolophus ferrumequinum,0.023,0.023,-1,Echolocation,/mnt/ubna_data_02_mir/recover-20220922/UBNA_001/20220921_090000.WAV,Telephone Field,recover-20220922,001,1795
1725.2285,1725.2483,20312,23335,Nyctalus leisleri,0.018,0.034,-1,Echolocation,/mnt/ubna_data_02_mir/recover-20220922/UBNA_001/20220921_090000.WAV,Telephone Field,recover-20220922,001,1795
1725.2475,1725.2562,28046,39655,Eptesicus serotinus,0.007,0.021,-1,Echolocation,/mnt/ubna_data_02_mir/recover-20220922/UBNA_001/20220921_090000.WAV,Telephone Field,recover-20220922,001,1795
1725.2555,1725.2644,25468,33660,Nyctalus leisleri,0.007,0.023,-1,Echolocation,/mnt/ubna_data_02_mir/recover-20220922/UBNA_001/20220921_090000.WAV,Telephone Field,recover-20220922,001,1795
1725.2765,1725.3167,68437,82299,Rhinolophus ferrumequinum,0.022,0.022,-1,Echolocation,/mnt/ubna_data_02_mir/recover-20220922/UBNA_001/20220921_090000.WAV,Telephone Field,recover-20220922,001,1795
1725.3005,1725.3407,68437,82865,Rhinolophus ferrumequinum,0.025,0.025,-1,Echolocation,/mnt/ubna_data_02_mir/recover-20220922/UBNA_001/20220921_090000.WAV,Telephone Field,recover-20220922,001,1795
1725.3195,1725.3582,68437,81602,Rhinolophus ferrumequinum,0.021,0.021,-1,Echolocation,/mnt/ubna_data_02_mir/recover-20220922/UBNA_001/20220921_090000.WAV,Telephone Field,recover-20220922,001,1795
1725.3265,1725.3653,68437,81655,Rhinolophus ferrumequinum,0.021,0.021,-1,Echolocation,/mnt/ubna_data_02_mir/recover-20220922/UBNA_001/20220921_090000.WAV,Telephone Field,recover-20220922,001,1795
1725.3755,1725.3853,44375,48347,Pipistrellus pipistrellus,0.018,0.019,-1,Echolocation,/mnt/ubna_data_02_mir/recover-20220922/UBNA_001/20220921_090000.WAV,Telephone Field,recover-20220922,001,1795
1725.4045,1725.4117,26328,39761,Eptesicus serotinus,0.005,0.019,-1,Echolocation,/mnt/ubna_data_02_mir/recover-20220922/UBNA_001/20220921_090000.WAV,Telephone Field,recover-20220922,001,1795
1725.4315,1725.4709,68437,81516,Rhinolophus ferrumequinum,0.02,0.02,-1,Echolocation,/mnt/ubna_data_02_mir/recover-20220922/UBNA_001/20220921_090000.WAV,Telephone Field,recover-20220922,001,1795
1725.4545,1725.4927,68437,81683,Rhinolophus ferrumequinum,0.022,0.022,-1,Echolocation,/mnt/ubna_data_02_mir/recover-20220922/UBNA_001/20220921_090000.WAV,Telephone Field,recover-20220922,001,1795
1725.4795,1725.5199,68437,82250,Rhinolophus ferrumequinum,0.02,0.02,-1,Echolocation,/mnt/ubna_data_02_mir/recover-20220922/UBNA_001/20220921_090000.WAV,Telephone Field,recover-20220922,001,1795
1725.4835,1725.491,27187,36090,Eptesicus serotinus,0.008,0.023,-1,Echolocation,/mnt/ubna_data_02_mir/recover-20220922/UBNA_001/20220921_090000.WAV,Telephone Field,recover-20220922,001,1795
1725.4985,1725.5363,68437,81851,Rhinolophus ferrumequinum,0.02,0.02,-1,Echolocation,/mnt/ubna_data_02_mir/recover-20220922/UBNA_001/20220921_090000.WAV,Telephone Field,recover-20220922,001,1795
1725.5205,1725.5289,28906,38178,Eptesicus serotinus,0.008,0.024,-1,Echolocation,/mnt/ubna_data_02_mir/recover-20220922/UBNA_001/20220921_090000.WAV,Telephone Field,recover-20220922,001,1795
1725.5285,1725.5625,68437,81025,Rhinolophus ferrumequinum,0.019,0.02,-1,Echolocation,/mnt/ubna_data_02_mir/recover-20220922/UBNA_001/20220921_090000.WAV,Telephone Field,recover-20220922,001,1795
1725.5525,1725.5918,68437,82111,Rhinolophus ferrumequinum,0.022,0.022,-1,Echolocation,/mnt/ubna_data_02_mir/recover-20220922/UBNA_001/20220921_090000.WAV,Telephone Field,recover-20220922,001,1795
1725.5595,1725.5965,68437,81783,Rhinolophus ferrumequinum,0.02,0.02,-1,Echolocation,/mnt/ubna_data_02_mir/recover-20220922/UBNA_001/20220921_090000.WAV,Telephone Field,recover-20220922,001,1795
1725.5715,1725.6095,68437,82248,Rhinolophus ferrumequinum,0.02,0.02,-1,Echolocation,/mnt/ubna_data_02_mir/recover-20220922/UBNA_001/20220921_090000.WAV,Telephone Field,recover-20220922,001,1795
1725.5735,1725.5828,28906,36694,Eptesicus serotinus,0.007,0.02,-1,Echolocation,/mnt/ubna_data_02_mir/recover-20220922/UBNA_001/20220921_090000.WAV,Telephone Field,recover-20220922,001,1795
1725.5995,1725.6084,27187,35466,Eptesicus serotinus,0.009,0.023,-1,Echolocation,/mnt/ubna_data_02_mir/recover-20220922/UBNA_001/20220921_090000.WAV,Telephone Field,recover-20220922,001,1795
1725.6075,1725.6173,28046,35047,Eptesicus serotinus,0.008,0.02,-1,Echolocation,/mnt/ubna_data_02_mir/recover-20220922/UBNA_001/20220921_090000.WAV,Telephone Field,recover-20220922,001,1795
1725.6355,1725.6425,24609,33574,Plecotus austriacus,0.01,0.022,-1,Echolocation,/mnt/ubna_data_02_mir/recover-20220922/UBNA_001/20220921_090000.WAV,Telephone Field,recover-20220922,001,1795
1725.6375,1725.6438,47812,53388,Pipistrellus pipistrellus,0.019,0.02,-1,Echolocation,/mnt/ubna_data_02_mir/recover-20220922/UBNA_001/20220921_090000.WAV,Telephone Field,recover-20220922,001,1795
1725.6385,1725.6746,68437,81771,Rhinolophus ferrumequinum,0.022,0.022,-1,Echolocation,/mnt/ubna_data_02_mir/recover-20220922/UBNA_001/20220921_090000.WAV,Telephone Field,recover-20220922,001,1795
1725.6395,1725.6449,38359,60674,Myotis mystacinus,0.007,0.021,-1,Echolocation,/mnt/ubna_data_02_mir/recover-20220922/UBNA_001/20220921_090000.WAV,Telephone Field,recover-20220922,001,1795
1725.6805,1725.7229,68437,82740,Rhinolophus ferrumequinum,0.024,0.024,-1,Echolocation,/mnt/ubna_data_02_mir/recover-20220922/UBNA_001/20220921_090000.WAV,Telephone Field,recover-20220922,001,1795
1725.6875,1725.728,68437,82077,Rhinolophus ferrumequinum,0.024,0.024,-1,Echolocation,/mnt/ubna_data_02_mir/recover-20220922/UBNA_001/20220921_090000.WAV,Telephone Field,recover-20220922,001,1795
1725.6915,1725.7017,28906,36190,Eptesicus serotinus,0.011,0.026,-1,Echolocation,/mnt/ubna_data_02_mir/recover-20220922/UBNA_001/20220921_090000.WAV,Telephone Field,recover-20220922,001,1795
1725.6985,1725.7357,68437,80908,Rhinolophus ferrumequinum,0.02,0.02,-1,Echolocation,/mnt/ubna_data_02_mir/recover-20220922/UBNA_001/20220921_090000.WAV,Telephone Field,recover-20220922,001,1795
1725.7155,1725.7267,23750,28821,Nyctalus leisleri,0.01,0.022,-1,Echolocation,/mnt/ubna_data_02_mir/recover-20220922/UBNA_001/20220921_090000.WAV,Telephone Field,recover-20220922,001,1795
1725.7265,1725.7643,68437,82313,Rhinolophus ferrumequinum,0.025,0.025,-1,Echolocation,/mnt/ubna_data_02_mir/recover-20220922/UBNA_001/20220921_090000.WAV,Telephone Field,recover-20220922,001,1795
1725.7345,1725.7428,28046,38561,Eptesicus serotinus,0.008,0.021,-1,Echolocation,/mnt/ubna_data_02_mir/recover-20220922/UBNA_001/20220921_090000.WAV,Telephone Field,recover-20220922,001,1795
1725.7565,1725.7668,23750,30026,Nyctalus leisleri,0.009,0.023,-1,Echolocation,/mnt/ubna_data_02_mir/recover-20220922/UBNA_001/20220921_090000.WAV,Telephone Field,recover-20220922,001,1795
1725.7765,1725.7869,28906,35869,Eptesicus serotinus,0.016,0.033,-1,Echolocation,/mnt/ubna_data_02_mir/recover-20220922/UBNA_001/20220921_090000.WAV,Telephone Field,recover-20220922,001,1795
1725.7845,1725.8019,20312,23282,Nyctalus leisleri,0.013,0.021,-1,Echolocation,/mnt/ubna_data_02_mir/recover-20220922/UBNA_001/20220921_090000.WAV,Telephone Field,recover-20220922,001,1795
1725.7945,1725.8055,22031,25575,Nyctalus leisleri,0.012,0.02,-1,Echolocation,/mnt/ubna_data_02_mir/recover-20220922/UBNA_001/20220921_090000.WAV,Telephone Field,recover-20220922,001,1795
1725.7955,1725.8324,68437,81761,Rhinolophus ferrumequinum,0.019,0.019,-1,Echolocation,/mnt/ubna_data_02_mir/recover-20220922/UBNA_001/20220921_090000.WAV,Telephone Field,recover-20220922,001,1795
1725.8065,1725.8458,68437,81618,Rhinolophus ferrumequinum,0.02,0.02,-1,Echolocation,/mnt/ubna_data_02_mir/recover-20220922/UBNA_001/20220921_090000.WAV,Telephone Field,recover-20220922,001,1795
1725.8135,1725.8214,28046,38358,Eptesicus serotinus,0.006,0.021,-1,Echolocation,/mnt/ubna_data_02_mir/recover-20220922/UBNA_001/20220921_090000.WAV,Telephone Field,recover-20220922,001,1795
1725.8145,1725.8251,45234,48568,Pipistrellus pipistrellus,0.033,0.035,-1,Echolocation,/mnt/ubna_data_02_mir/recover-20220922/UBNA_001/20220921_090000.WAV,Telephone Field,recover-20220922,001,1795
1725.8535,1725.8899,68437,81253,Rhinolophus ferrumequinum,0.02,0.02,-1,Echolocation,/mnt/ubna_data_02_mir/recover-20220922/UBNA_001/20220921_090000.WAV,Telephone Field,recover-20220922,001,1795
1725.8755,1725.8833,24609,31728,Plecotus austriacus,0.006,0.021,-1,Echolocation,/mnt/ubna_data_02_mir/recover-20220922/UBNA_001/20220921_090000.WAV,Telephone Field,recover-20220922,001,1795
1725.8845,1725.9235,68437,82367,Rhinolophus ferrumequinum,0.022,0.022,-1,Echolocation,/mnt/ubna_data_02_mir/recover-20220922/UBNA_001/20220921_090000.WAV,Telephone Field,recover-20220922,001,1795
1725.8945,1725.9041,50390,55220,Pipistrellus pipistrellus,0.024,0.03,-1,Echolocation,/mnt/ubna_data_02_mir/recover-20220922/UBNA_001/20220921_090000.WAV,Telephone Field,recover-20220922,001,1795
1725.8985,1725.9389,68437,82352,Rhinolophus ferrumequinum,0.02,0.02,-1,Echolocation,/mnt/ubna_data_02_mir/recover-20220922/UBNA_001/20220921_090000.WAV,Telephone Field,recover-20220922,001,1795
1725.9215,1725.9624,68437,82192,Rhinolophus ferrumequinum,0.022,0.022,-1,Echolocation,/mnt/ubna_data_02_mir/recover-20220922/UBNA_001/20220921_090000.WAV,Telephone Field,recover-20220922,001,1795
1726.0015,1726.0099,22890,31892,Nyctalus leisleri,0.006,0.026,-1,Echolocation,/mnt/ubna_data_02_mir/recover-20220922/UBNA_001/20220921_090000.WAV,Telephone Field,recover-20220922,001,1795
1726.0115,1726.0199,28906,39541,Eptesicus serotinus,0.008,0.022,-1,Echolocation,/mnt/ubna_data_02_mir/recover-20220922/UBNA_001/20220921_090000.WAV,Telephone Field,recover-20220922,001,1795
1726.0575,1726.0921,68437,81194,Rhinolophus ferrumequinum,0.026,0.026,-1,Echolocation,/mnt/ubna_data_02_mir/recover-20220922/UBNA_001/20220921_090000.WAV,Telephone Field,recover-20220922,001,1795
1726.0865,1726.1067,18593,22252,Nyctalus noctula,0.021,0.036,-1,Echolocation,/mnt/ubna_data_02_mir/recover-20220922/UBNA_001/20220921_090000.WAV,Telephone Field,recover-20220922,001,1795
1726.1305,1726.1715,68437,82316,Rhinolophus ferrumequinum,0.021,0.021,-1,Echolocation,/mnt/ubna_data_02_mir/recover-20220922/UBNA_001/20220921_090000.WAV,Telephone Field,recover-20220922,001,1795
1726.1415,1726.1785,68437,81726,Rhinolophus ferrumequinum,0.021,0.021,-1,Echolocation,/mnt/ubna_data_02_mir/recover-20220922/UBNA_001/20220921_090000.WAV,Telephone Field,recover-20220922,001,1795
1726.1655,1726.2042,68437,82014,Rhinolophus ferrumequinum,0.023,0.023,-1,Echolocation,/mnt/ubna_data_02_mir/recover-20220922/UBNA_001/20220921_090000.WAV,Telephone Field,recover-20220922,001,1795
1726.1725,1726.1817,30625,43612,Eptesicus serotinus,0.006,0.021,-1,Echolocation,/mnt/ubna_data_02_mir/recover-20220922/UBNA_001/20220921_090000.WAV,Telephone Field,recover-20220922,001,1795
1726.1895,1726.2289,68437,82540,Rhinolophus ferrumequinum,0.024,0.024,-1,Echolocation,/mnt/ubna_data_02_mir/recover-20220922/UBNA_001/20220921_090000.WAV,Telephone Field,recover-20220922,001,1795
1726.2245,1726.2647,68437,82334,Rhinolophus ferrumequinum,0.026,0.026,-1,Echolocation,/mnt/ubna_data_02_mir/recover-20220922/UBNA_001/20220921_090000.WAV,Telephone Field,recover-20220922,001,1795
1726.2375,1726.2512,53828,58240,Pipistrellus pygmaeus,0.016,0.027,-1,Echolocation,/mnt/ubna_data_02_mir/recover-20220922/UBNA_001/20220921_090000.WAV,Telephone Field,recover-20220922,001,1795
1726.2675,1726.3046,68437,81422,Rhinolophus ferrumequinum,0.021,0.021,-1,Echolocation,/mnt/ubna_data_02_mir/recover-20220922/UBNA_001/20220921_090000.WAV,Telephone Field,recover-20220922,001,1795
1726.2755,1726.3087,68437,80960,Rhinolophus ferrumequinum,0.023,0.023,-1,Echolocation,/mnt/ubna_data_02_mir/recover-20220922/UBNA_001/20220921_090000.WAV,Telephone Field,recover-20220922,001,1795
1726.3375,1726.375,68437,82134,Rhinolophus ferrumequinum,0.025,0.025,-1,Echolocation,/mnt/ubna_data_02_mir/recover-20220922/UBNA_001/20220921_090000.WAV,Telephone Field,recover-20220922,001,1795
1726.3905,1726.4258,68437,81133,Rhinolophus ferrumequinum,0.022,0.022,-1,Echolocation,/mnt/ubna_data_02_mir/recover-20220922/UBNA_001/20220921_090000.WAV,Telephone Field,recover-20220922,001,1795
1726.4065,1726.4174,22890,27530,Nyctalus leisleri,0.012,0.022,-1,Echolocation,/mnt/ubna_data_02_mir/recover-20220922/UBNA_001/20220921_090000.WAV,Telephone Field,recover-20220922,001,1795
1726.4095,1726.4507,68437,82067,Rhinolophus ferrumequinum,0.026,0.026,-1,Echolocation,/mnt/ubna_data_02_mir/recover-20220922/UBNA_001/20220921_090000.WAV,Telephone Field,recover-20220922,001,1795
1726.4625,1726.5036,68437,83230,Rhinolophus ferrumequinum,0.024,0.024,-1,Echolocation,/mnt/ubna_data_02_mir/recover-20220922/UBNA_001/20220921_090000.WAV,Telephone Field,recover-20220922,001,1795
1726.4815,1726.5198,68437,81690,Rhinolophus ferrumequinum,0.022,0.022,-1,Echolocation,/mnt/ubna_data_02_mir/recover-20220922/UBNA_001/20220921_090000.WAV,Telephone Field,recover-20220922,001,1795
1726.5095,1726.5194,25468,32916,Eptesicus serotinus,0.013,0.037,-1,Echolocation,/mnt/ubna_data_02_mir/recover-20220922/UBNA_001/20220921_090000.WAV,Telephone Field,recover-20220922,001,1795
1726.5385,1726.5797,68437,82633,Rhinolophus ferrumequinum,0.022,0.022,-1,Echolocation,/mnt/ubna_data_02_mir/recover-20220922/UBNA_001/20220921_090000.WAV,Telephone Field,recover-20220922,001,1795
1726.5645,1726.604,68437,81910,Rhinolophus ferrumequinum,0.027,0.027,-1,Echolocation,/mnt/ubna_data_02_mir/recover-20220922/UBNA_001/20220921_090000.WAV,Telephone Field,recover-20220922,001,1795
1726.5755,1726.5842,28906,38773,Eptesicus serotinus,0.008,0.021,-1,Echolocation,/mnt/ubna_data_02_mir/recover-20220922/UBNA_001/20220921_090000.WAV,Telephone Field,recover-20220922,001,1795
1726.5805,1726.6243,68437,82938,Rhinolophus ferrumequinum,0.03,0.03,-1,Echolocation,/mnt/ubna_data_02_mir/recover-20220922/UBNA_001/20220921_090000.WAV,Telephone Field,recover-20220922,001,1795
1726.5855,1726.6278,68437,83291,Rhinolophus ferrumequinum,0.03,0.03,-1,Echolocation,/mnt/ubna_data_02_mir/recover-20220922/UBNA_001/20220921_090000.WAV,Telephone Field,recover-20220922,001,1795
1726.6075,1726.6282,19453,22410,Nyctalus leisleri,0.018,0.037,-1,Echolocation,/mnt/ubna_data_02_mir/recover-20220922/UBNA_001/20220921_090000.WAV,Telephone Field,recover-20220922,001,1795
1726.6115,1726.6504,68437,82125,Rhinolophus ferrumequinum,0.022,0.022,-1,Echolocation,/mnt/ubna_data_02_mir/recover-20220922/UBNA_001/20220921_090000.WAV,Telephone Field,recover-20220922,001,1795
1726.6305,1726.67,68437,82386,Rhinolophus ferrumequinum,0.024,0.024,-1,Echolocation,/mnt/ubna_data_02_mir/recover-20220922/UBNA_001/20220921_090000.WAV,Telephone Field,recover-20220922,001,1795
1726.7065,1726.7465,68437,83108,Rhinolophus ferrumequinum,0.033,0.033,-1,Echolocation,/mnt/ubna_data_02_mir/recover-20220922/UBNA_001/20220921_090000.WAV,Telephone Field,recover-20220922,001,1795
1726.7485,1726.7627,23750,28889,Nyctalus leisleri,0.015,0.032,-1,Echolocation,/mnt/ubna_data_02_mir/recover-20220922/UBNA_001/20220921_090000.WAV,Telephone Field,recover-20220922,001,1795
1726.7635,1726.7996,68437,81769,Rhinolophus ferrumequinum,0.022,0.022,-1,Echolocation,/mnt/ubna_data_02_mir/recover-20220922/UBNA_001/20220921_090000.WAV,Telephone Field,recover-20220922,001,1795
1726.7885,1726.828,68437,81940,Rhinolophus ferrumequinum,0.021,0.021,-1,Echolocation,/mnt/ubna_data_02_mir/recover-20220922/UBNA_001/20220921_090000.WAV,Telephone Field,recover-20220922,001,1795
1726.8315,1726.8683,68437,81770,Rhinolophus ferrumequinum,0.021,0.021,-1,Echolocation,/mnt/ubna_data_02_mir/recover-20220922/UBNA_001/20220921_090000.WAV,Telephone Field,recover-20220922,001,1795
1726.8435,1726.8814,68437,81790,Rhinolophus ferrumequinum,0.021,0.021,-1,Echolocation,/mnt/ubna_data_02_mir/recover-20220922/UBNA_001/20220921_090000.WAV,Telephone Field,recover-20220922,001,1795
1726.8705,1726.881,22031,27151,Nyctalus leisleri,0.008,0.022,-1,Echolocation,/mnt/ubna_data_02_mir/recover-20220922/UBNA_001/20220921_090000.WAV,Telephone Field,recover-20220922,001,1795
1726.8865,1726.8951,49531,53961,Pipistrellus pipistrellus,0.061,0.065,-1,Echolocation,/mnt/ubna_data_02_mir/recover-20220922/UBNA_001/20220921_090000.WAV,Telephone Field,recover-20220922,001,1795
1726.9005,1726.9086,28046,39700,Eptesicus serotinus,0.008,0.023,-1,Echolocation,/mnt/ubna_data_02_mir/recover-20220922/UBNA_001/20220921_090000.WAV,Telephone Field,recover-20220922,001,1795
1726.9415,1726.9464,39218,54895,Myotis mystacinus,0.006,0.021,-1,Echolocation,/mnt/ubna_data_02_mir/recover-20220922/UBNA_001/20220921_090000.WAV,Telephone Field,recover-20220922,001,1795
1726.9435,1726.9502,27187,41192,Eptesicus serotinus,0.006,0.023,-1,Echolocation,/mnt/ubna_data_02_mir/recover-20220922/UBNA_001/20220921_090000.WAV,Telephone Field,recover-20220922,001,1795
1726.9475,1726.9863,68437,81928,Rhinolophus ferrumequinum,0.021,0.021,-1,Echolocation,/mnt/ubna_data_02_mir/recover-20220922/UBNA_001/20220921_090000.WAV,Telephone Field,recover-20220922,001,1795
1726.9655,1727.0045,68437,82042,Rhinolophus ferrumequinum,0.024,0.024,-1,Echolocation,/mnt/ubna_data_02_mir/recover-20220922/UBNA_001/20220921_090000.WAV,Telephone Field,recover-20220922,001,1795
1726.9765,1726.9881,22890,27220,Nyctalus leisleri,0.014,0.026,-1,Echolocation,/mnt/ubna_data_02_mir/recover-20220922/UBNA_001/20220921_090000.WAV,Telephone Field,recover-20220922,001,1795
1726.9965,1727.0346,68437,81390,Rhinolophus ferrumequinum,0.025,0.025,-1,Echolocation,/mnt/ubna_data_02_mir/recover-20220922/UBNA_001/20220921_090000.WAV,Telephone Field,recover-20220922,001,1795
1727.0415,1727.0518,22031,26962,Nyctalus leisleri,0.009,0.022,-1,Echolocation,/mnt/ubna_data_02_mir/recover-20220922/UBNA_001/20220921_090000.WAV,Telephone Field,recover-20220922,001,1795
1727.0735,1727.0878,15156,20953,Nyctalus noctula,0.018,0.027,-1,Echolocation,/mnt/ubna_data_02_mir/recover-20220922/UBNA_001/20220921_090000.WAV,Telephone Field,recover-20220922,001,1795
1727.1095,1727.1488,68437,82253,Rhinolophus ferrumequinum,0.024,0.024,-1,Echolocation,/mnt/ubna_data_02_mir/recover-20220922/UBNA_001/20220921_090000.WAV,Telephone Field,recover-20220922,001,1795
1727.1225,1727.1332,26328,32564,Eptesicus serotinus,0.009,0.023,-1,Echolocation,/mnt/ubna_data_02_mir/recover-20220922/UBNA_001/20220921_090000.WAV,Telephone Field,recover-20220922,001,1795
1727.1515,1727.1902,68437,82286,Rhinolophus ferrumequinum,0.022,0.022,-1,Echolocation,/mnt/ubna_data_02_mir/recover-20220922/UBNA_001/20220921_090000.WAV,Telephone Field,recover-20220922,001,1795
1727.1645,1727.2053,68437,82240,Rhinolophus ferrumequinum,0.022,0.022,-1,Echolocation,/mnt/ubna_data_02_mir/recover-20220922/UBNA_001/20220921_090000.WAV,Telephone Field,recover-20220922,001,1795
1727.1965,1727.24,68437,82861,Rhinolophus ferrumequinum,0.024,0.024,-1,Echolocation,/mnt/ubna_data_02_mir/recover-20220922/UBNA_001/20220921_090000.WAV,Telephone Field,recover-20220922,001,1795
1727.1985,1727.2054,28046,39488,Eptesicus serotinus,0.007,0.024,-1,Echolocation,/mnt/ubna_data_02_mir/recover-20220922/UBNA_001/20220921_090000.WAV,Telephone Field,recover-20220922,001,1795
1727.2255,1727.2654,68437,82241,Rhinolophus ferrumequinum,0.023,0.023,-1,Echolocation,/mnt/ubna_data_02_mir/recover-20220922/UBNA_001/20220921_090000.WAV,Telephone Field,recover-20220922,001,1795
1727.2835,1727.2937,22890,28047,Nyctalus leisleri,0.011,0.024,-1,Echolocation,/mnt/ubna_data_02_mir/recover-20220922/UBNA_001/20220921_090000.WAV,Telephone Field,recover-20220922,001,1795
1727.3125,1727.3226,14296,22593,Nyctalus noctula,0.012,0.026,-1,Echolocation,/mnt/ubna_data_02_mir/recover-20220922/UBNA_001/20220921_090000.WAV,Telephone Field,recover-20220922,001,1795
1727.3315,1727.3411,23750,31270,Nyctalus leisleri,0.01,0.034,-1,Echolocation,/mnt/ubna_data_02_mir/recover-20220922/UBNA_001/20220921_090000.WAV,Telephone Field,recover-20220922,001,1795
1727.3565,1727.3944,68437,82333,Rhinolophus ferrumequinum,0.023,0.023,-1,Echolocation,/mnt/ubna_data_02_mir/recover-20220922/UBNA_001/20220921_090000.WAV,Telephone Field,recover-20220922,001,1795
1727.3895,1727.3972,28906,38125,Eptesicus serotinus,0.007,0.021,-1,Echolocation,/mnt/ubna_data_02_mir/recover-20220922/UBNA_001/20220921_090000.WAV,Telephone Field,recover-20220922,001,1795
1727.3975,1727.4344,68437,81988,Rhinolophus ferrumequinum,0.025,0.025,-1,Echolocation,/mnt/ubna_data_02_mir/recover-20220922/UBNA_001/20220921_090000.WAV,Telephone Field,recover-20220922,001,1795
1727.4255,1727.4638,68437,81532,Rhinolophus ferrumequinum,0.022,0.022,-1,Echolocation,/mnt/ubna_data_02_mir/recover-20220922/UBNA_001/20220921_090000.WAV,Telephone Field,recover-20220922,001,1795
1727.4545,1727.4918,68437,81664,Rhinolophus ferrumequinum,0.021,0.021,-1,Echolocation,/mnt/ubna_data_02_mir/recover-20220922/UBNA_001/20220921_090000.WAV,Telephone Field,recover-20220922,001,1795
1727.4985,1727.54,68437,82580,Rhinolophus ferrumequinum,0.022,0.022,-1,Echolocation,/mnt/ubna_data_02_mir/recover-20220922/UBNA_001/20220921_090000.WAV,Telephone Field,recover-20220922,001,1795
1727.5065,1727.547,68437,82078,Rhinolophus ferrumequinum,0.021,0.022,-1,Echolocation,/mnt/ubna_data_02_mir/recover-20220922/UBNA_001/20220921_090000.WAV,Telephone Field,recover-20220922,001,1795
1727.5155,1727.5531,68437,82547,Rhinolophus ferrumequinum,0.027,0.027,-1,Echolocation,/mnt/ubna_data_02_mir/recover-20220922/UBNA_001/20220921_090000.WAV,Telephone Field,recover-20220922,001,1795
1727.5615,1727.5983,68437,81352,Rhinolophus ferrumequinum,0.021,0.021,-1,Echolocation,/mnt/ubna_data_02_mir/recover-20220922/UBNA_001/20220921_090000.WAV,Telephone Field,recover-20220922,001,1795
1727.5745,1727.6135,68437,82040,Rhinolophus ferrumequinum,0.022,0.022,-1,Echolocation,/mnt/ubna_data_02_mir/recover-20220922/UBNA_001/20220921_090000.WAV,Telephone Field,recover-20220922,001,1795
1727.5965,1727.6153,18593,22093,Nyctalus noctula,0.016,0.029,-1,Echolocation,/mnt/ubna_data_02_mir/recover-20220922/UBNA_001/20220921_090000.WAV,Telephone Field,recover-20220922,001,1795
1727.6475,1727.69,68437,82878,Rhinolophus ferrumequinum,0.027,0.027,-1,Echolocation,/mnt/ubna_data_02_mir/recover-20220922/UBNA_001/20220921_090000.WAV,Telephone Field,recover-20220922,001,1795
1727.6555,1727.6637,27187,35814,Eptesicus serotinus,0.011,0.029,-1,Echolocation,/mnt/ubna_data_02_mir/recover-20220922/UBNA_001/20220921_090000.WAV,Telephone Field,recover-20220922,001,1795
1727.6945,1727.73,68437,81326,Rhinolophus ferrumequinum,0.022,0.022,-1,Echolocation,/mnt/ubna_data_02_mir/recover-20220922/UBNA_001/20220921_090000.WAV,Telephone Field,recover-20220922,001,1795
1727.6945,1727.7008,28046,40370,Eptesicus serotinus,0.005,0.024,-1,Echolocation,/mnt/ubna_data_02_mir/recover-20220922/UBNA_001/20220921_090000.WAV,Telephone Field,recover-20220922,001,1795
1727.7155,1727.7544,68437,81754,Rhinolophus ferrumequinum,0.024,0.024,-1,Echolocation,/mnt/ubna_data_02_mir/recover-20220922/UBNA_001/20220921_090000.WAV,Telephone Field,recover-20220922,001,1795
1727.7695,1727.779,28906,38702,Eptesicus serotinus,0.012,0.027,-1,Echolocation,/mnt/ubna_data_02_mir/recover-20220922/UBNA_001/20220921_090000.WAV,Telephone Field,recover-20220922,001,1795
1727.7705,1727.7776,23750,32789,Plecotus austriacus,0.01,0.023,-1,Echolocation,/mnt/ubna_data_02_mir/recover-20220922/UBNA_001/20220921_090000.WAV,Telephone Field,recover-20220922,001,1795
1727.8205,1727.828,27187,36144,Eptesicus serotinus,0.01,0.026,-1,Echolocation,/mnt/ubna_data_02_mir/recover-20220922/UBNA_001/20220921_090000.WAV,Telephone Field,recover-20220922,001,1795
1727.8415,1727.8567,22031,25511,Nyctalus leisleri,0.019,0.032,-1,Echolocation,/mnt/ubna_data_02_mir/recover-20220922/UBNA_001/20220921_090000.WAV,Telephone Field,recover-20220922,001,1795
1727.8535,1727.8917,68437,81854,Rhinolophus ferrumequinum,0.022,0.022,-1,Echolocation,/mnt/ubna_data_02_mir/recover-20220922/UBNA_001/20220921_090000.WAV,Telephone Field,recover-20220922,001,1795
1727.8925,1727.9029,33203,38936,Eptesicus serotinus,0.007,0.022,-1,Echolocation,/mnt/ubna_data_02_mir/recover-20220922/UBNA_001/20220921_090000.WAV,Telephone Field,recover-20220922,001,1795
1727.8955,1727.9036,28046,37047,Eptesicus serotinus,0.007,0.021,-1,Echolocation,/mnt/ubna_data_02_mir/recover-20220922/UBNA_001/20220921_090000.WAV,Telephone Field,recover-20220922,001,1795
1727.8995,1727.9396,68437,82481,Rhinolophus ferrumequinum,0.025,0.025,-1,Echolocation,/mnt/ubna_data_02_mir/recover-20220922/UBNA_001/20220921_090000.WAV,Telephone Field,recover-20220922,001,1795
1727.9115,1727.925,53828,56680,Pipistrellus pygmaeus,0.022,0.024,-1,Echolocation,/mnt/ubna_data_02_mir/recover-20220922/UBNA_001/20220921_090000.WAV,Telephone Field,recover-20220922,001,1795
1727.9465,1727.9868,68437,82361,Rhinolophus ferrumequinum,0.022,0.022,-1,Echolocation,/mnt/ubna_data_02_mir/recover-20220922/UBNA_001/20220921_090000.WAV,Telephone Field,recover-20220922,001,1795
1727.9655,1727.9723,27187,39959,Eptesicus serotinus,0.006,0.022,-1,Echolocation,/mnt/ubna_data_02_mir/recover-20220922/UBNA_001/20220921_090000.WAV,Telephone Field,recover-20220922,001,1795
1727.9775,1727.9841,28906,39089,Eptesicus serotinus,0.006,0.024,-1,Echolocation,/mnt/ubna_data_02_mir/recover-20220922/UBNA_001/20220921_090000.WAV,Telephone Field,recover-20220922,001,1795
1727.9895,1727.9992,28046,39170,Eptesicus serotinus,0.009,0.021,-1,Echolocation,/mnt/ubna_data_02_mir/recover-20220922/UBNA_001/20220921_090000.WAV,Telephone Field,recover-20220922,001,1795
1728.0015,1728.0091,25468,38342,Myotis nattereri,0.008,0.031,-1,Echolocation,/mnt/ubna_data_02_mir/recover-20220922/UBNA_001/20220921_090000.WAV,Telephone Field,recover-20220922,001,1795
1728.0015,1728.038,68437,80142,Rhinolophus ferrumequinum,0.068,0.069,-1,Echolocation,/mnt/ubna_data_02_mir/recover-20220922/UBNA_001/20220921_090000.WAV,Telephone Field,recover-20220922,001,1795
1728.0075,1728.054,68437,82979,Rhinolophus ferrumequinum,0.045,0.045,-1,Echolocation,/mnt/ubna_data_02_mir/recover-20220922/UBNA_001/20220921_090000.WAV,Telephone Field,recover-20220922,001,1795
1728.0125,1728.021,24609,31943,Eptesicus serotinus,0.013,0.041,-1,Echolocation,/mnt/ubna_data_02_mir/recover-20220922/UBNA_001/20220921_090000.WAV,Telephone Field,recover-20220922,001,1795
1728.0885,1728.0992,22031,27390,Nyctalus leisleri,0.01,0.026,-1,Echolocation,/mnt/ubna_data_02_mir/recover-20220922/UBNA_001/20220921_090000.WAV,Telephone Field,recover-20220922,001,1795
1728.0925,1728.1281,68437,80955,Rhinolophus ferrumequinum,0.022,0.022,-1,Echolocation,/mnt/ubna_data_02_mir/recover-20220922/UBNA_001/20220921_090000.WAV,Telephone Field,recover-20220922,001,1795
1728.1115,1728.1493,68437,81018,Rhinolophus ferrumequinum,0.021,0.021,-1,Echolocation,/mnt/ubna_data_02_mir/recover-20220922/UBNA_001/20220921_090000.WAV,Telephone Field,recover-20220922,001,1795
1728.1365,1728.1473,24609,30920,Nyctalus leisleri,0.008,0.021,-1,Echolocation,/mnt/ubna_data_02_mir/recover-20220922/UBNA_001/20220921_090000.WAV,Telephone Field,recover-20220922,001,1795
1728.1445,1728.1548,27187,35476,Eptesicus serotinus,0.01,0.024,-1,Echolocation,/mnt/ubna_data_02_mir/recover-20220922/UBNA_001/20220921_090000.WAV,Telephone Field,recover-20220922,001,1795
1728.1655,1728.2042,68437,82273,Rhinolophus ferrumequinum,0.022,0.022,-1,Echolocation,/mnt/ubna_data_02_mir/recover-20220922/UBNA_001/20220921_090000.WAV,Telephone Field,recover-20220922,001,1795
1728.1785,1728.2177,68437,82259,Rhinolophus ferrumequinum,0.021,0.021,-1,Echolocation,/mnt/ubna_data_02_mir/recover-20220922/UBNA_001/20220921_090000.WAV,Telephone Field,recover-20220922,001,1795
1728.2325,1728.2432,22890,27604,Nyctalus leisleri,0.011,0.022,-1,Echolocation,/mnt/ubna_data_02_mir/recover-20220922/UBNA_001/20220921_090000.WAV,Telephone Field,recover-20220922,001,1795
1728.2325,1728.2729,68437,81751,Rhinolophus ferrumequinum,0.026,0.026,-1,Echolocation,/mnt/ubna_data_02_mir/recover-20220922/UBNA_001/20220921_090000.WAV,Telephone Field,recover-20220922,001,1795
1728.2565,1728.2653,14296,21578,Nyctalus noctula,0.01,0.023,-1,Echolocation,/mnt/ubna_data_02_mir/recover-20220922/UBNA_001/20220921_090000.WAV,Telephone Field,recover-20220922,001,1795
1728.2655,1728.3027,68437,81462,Rhinolophus ferrumequinum,0.022,0.022,-1,Echolocation,/mnt/ubna_data_02_mir/recover-20220922/UBNA_001/20220921_090000.WAV,Telephone Field,recover-20220922,001,1795
1728.3235,1728.3627,68437,82151,Rhinolophus ferrumequinum,0.025,0.025,-1,Echolocation,/mnt/ubna_data_02_mir/recover-20220922/UBNA_001/20220921_090000.WAV,Telephone Field,recover-20220922,001,1795
1728.3395,1728.35,28046,34669,Eptesicus serotinus,0.026,0.047,-1,Echolocation,/mnt/ubna_data_02_mir/recover-20220922/UBNA_001/20220921_090000.WAV,Telephone Field,recover-20220922,001,1795
1728.3445,1728.3857,68437,82896,Rhinolophus ferrumequinum,0.032,0.032,-1,Echolocation,/mnt/ubna_data_02_mir/recover-20220922/UBNA_001/20220921_090000.WAV,Telephone Field,recover-20220922,001,1795
1728.3875,1728.4101,18593,21569,Nyctalus noctula,0.02,0.036,-1,Echolocation,/mnt/ubna_data_02_mir/recover-20220922/UBNA_001/20220921_090000.WAV,Telephone Field,recover-20220922,001,1795
1728.4165,1728.4284,28046,34848,Eptesicus serotinus,0.015,0.029,-1,Echolocation,/mnt/ubna_data_02_mir/recover-20220922/UBNA_001/20220921_090000.WAV,Telephone Field,recover-20220922,001,1795
1728.4185,1728.4603,68437,82571,Rhinolophus ferrumequinum,0.028,0.028,-1,Echolocation,/mnt/ubna_data_02_mir/recover-20220922/UBNA_001/20220921_090000.WAV,Telephone Field,recover-20220922,001,1795
1728.4445,1728.4808,68437,81463,Rhinolophus ferrumequinum,0.022,0.022,-1,Echolocation,/mnt/ubna_data_02_mir/recover-20220922/UBNA_001/20220921_090000.WAV,Telephone Field,recover-20220922,001,1795
1728.4655,1728.4724,28046,39406,Eptesicus serotinus,0.008,0.025,-1,Echolocation,/mnt/ubna_data_02_mir/recover-20220922/UBNA_001/20220921_090000.WAV,Telephone Field,recover-20220922,001,1795
1728.4765,1728.5138,68437,81039,Rhinolophus ferrumequinum,0.022,0.022,-1,Echolocation,/mnt/ubna_data_02_mir/recover-20220922/UBNA_001/20220921_090000.WAV,Telephone Field,recover-20220922,001,1795
1728.4875,1728.4984,22031,26111,Nyctalus leisleri,0.015,0.025,-1,Echolocation,/mnt/ubna_data_02_mir/recover-20220922/UBNA_001/20220921_090000.WAV,Telephone Field,recover-20220922,001,1795
1728.4975,1728.5353,68437,81431,Rhinolophus ferrumequinum,0.021,0.021,-1,Echolocation,/mnt/ubna_data_02_mir/recover-20220922/UBNA_001/20220921_090000.WAV,Telephone Field,recover-20220922,001,1795
1728.5215,1728.5637,68437,82526,Rhinolophus ferrumequinum,0.026,0.026,-1,Echolocation,/mnt/ubna_data_02_mir/recover-20220922/UBNA_001/20220921_090000.WAV,Telephone Field,recover-20220922,001,1795
1728.5405,1728.5512,22890,26304,Nyctalus leisleri,0.013,0.022,-1,Echolocation,/mnt/ubna_data_02_mir/recover-20220922/UBNA_001/20220921_090000.WAV,Telephone Field,recover-20220922,001,1795
1728.5705,1728.6101,68437,81732,Rhinolophus ferrumequinum,0.025,0.025,-1,Echolocation,/mnt/ubna_data_02_mir/recover-20220922/UBNA_001/20220921_090000.WAV,Telephone Field,recover-20220922,001,1795
1728.5825,1728.5913,26328,35038,Eptesicus serotinus,0.011,0.024,-1,Echolocation,/mnt/ubna_data_02_mir/recover-20220922/UBNA_001/20220921_090000.WAV,Telephone Field,recover-20220922,001,1795
1728.6035,1728.6118,28046,41155,Eptesicus serotinus,0.008,0.024,-1,Echolocation,/mnt/ubna_data_02_mir/recover-20220922/UBNA_001/20220921_090000.WAV,Telephone Field,recover-20220922,001,1795
1728.6115,1728.6511,68437,82006,Rhinolophus ferrumequinum,0.026,0.026,-1,Echolocation,/mnt/ubna_data_02_mir/recover-20220922/UBNA_001/20220921_090000.WAV,Telephone Field,recover-20220922,001,1795
1728.6175,1728.6255,26328,34944,Eptesicus serotinus,0.008,0.022,-1,Echolocation,/mnt/ubna_data_02_mir/recover-20220922/UBNA_001/20220921_090000.WAV,Telephone Field,recover-20220922,001,1795
1728.6385,1728.6762,68437,81925,Rhinolophus ferrumequinum,0.022,0.022,-1,Echolocation,/mnt/ubna_data_02_mir/recover-20220922/UBNA_001/20220921_090000.WAV,Telephone Field,recover-20220922,001,1795
1728.6645,1728.7041,68437,82293,Rhinolophus ferrumequinum,0.027,0.027,-1,Echolocation,/mnt/ubna_data_02_mir/recover-20220922/UBNA_001/20220921_090000.WAV,Telephone Field,recover-20220922,001,1795
1728.7125,1728.7224,22031,27412,Nyctalus leisleri,0.009,0.024,-1,Echolocation,/mnt/ubna_data_02_mir/recover-20220922/UBNA_001/20220921_090000.WAV,Telephone Field,recover-20220922,001,1795
1728.7285,1728.7657,68437,81613,Rhinolophus ferrumequinum,0.021,0.021,-1,Echolocation,/mnt/ubna_data_02_mir/recover-20220922/UBNA_001/20220921_090000.WAV,Telephone Field,recover-20220922,001,1795
1728.7435,1728.7823,68437,82088,Rhinolophus ferrumequinum,0.027,0.027,-1,Echolocation,/mnt/ubna_data_02_mir/recover-20220922/UBNA_001/20220921_090000.WAV,Telephone Field,recover-20220922,001,1795
1728.7725,1728.8089,68437,81191,Rhinolophus ferrumequinum,0.021,0.021,-1,Echolocation,/mnt/ubna_data_02_mir/recover-20220922/UBNA_001/20220921_090000.WAV,Telephone Field,recover-20220922,001,1795
1728.7995,1728.833,68437,80892,Rhinolophus ferrumequinum,0.021,0.021,-1,Echolocation,/mnt/ubna_data_02_mir/recover-20220922/UBNA_001/20220921_090000.WAV,Telephone Field,recover-20220922,001,1795
1728.8615,1728.8988,68437,81964,Rhinolophus ferrumequinum,0.024,0.024,-1,Echolocation,/mnt/ubna_data_02_mir/recover-20220922/UBNA_001/20220921_090000.WAV,Telephone Field,recover-20220922,001,1795
1728.8845,1728.9196,68437,80900,Rhinolophus ferrumequinum,0.023,0.023,-1,Echolocation,/mnt/ubna_data_02_mir/recover-20220922/UBNA_001/20220921_090000.WAV,Telephone Field,recover-20220922,001,1795
1728.8945,1728.9031,24609,32243,Nyctalus leisleri,0.006,0.021,-1,Echolocation,/mnt/ubna_data_02_mir/recover-20220922/UBNA_001/20220921_090000.WAV,Telephone Field,recover-20220922,001,1795
1728.9105,1728.9466,68437,81419,Rhinolophus ferrumequinum,0.023,0.023,-1,Echolocation,/mnt/ubna_data_02_mir/recover-20220922/UBNA_001/20220921_090000.WAV,Telephone Field,recover-20220922,001,1795
1728.9105,1728.9241,29765,35950,Eptesicus serotinus,0.016,0.028,-1,Echolocation,/mnt/ubna_data_02_mir/recover-20220922/UBNA_001/20220921_090000.WAV,Telephone Field,recover-20220922,001,1795
1728.9205,1728.9597,68437,82130,Rhinolophus ferrumequinum,0.021,0.021,-1,Echolocation,/mnt/ubna_data_02_mir/recover-20220922/UBNA_001/20220921_090000.WAV,Telephone Field,recover-20220922,001,1795
1728.9315,1728.9737,68437,82566,Rhinolophus ferrumequinum,0.022,0.022,-1,Echolocation,/mnt/ubna_data_02_mir/recover-20220922/UBNA_001/20220921_090000.WAV,Telephone Field,recover-20220922,001,1795
1728.9915,1728.998,24609,34044,Plecotus austriacus,0.013,0.029,-1,Echolocation,/mnt/ubna_data_02_mir/recover-20220922/UBNA_001/20220921_090000.WAV,Telephone Field,recover-20220922,001,1795
1729.0185,1729.0357,16015,20038,Nyctalus noctula,0.014,0.022,-1,Echolocation,/mnt/ubna_data_02_mir/recover-20220922/UBNA_001/20220921_090000.WAV,Telephone Field,recover-20220922,001,1795
1729.0225,1729.0635,68437,82469,Rhinolophus ferrumequinum,0.023,0.023,-1,Echolocation,/mnt/ubna_data_02_mir/recover-20220922/UBNA_001/20220921_090000.WAV,Telephone Field,recover-20220922,001,1795
1729.0465,1729.0878,68437,81917,Rhinolophus ferrumequinum,0.024,0.024,-1,Echolocation,/mnt/ubna_data_02_mir/recover-20220922/UBNA_001/20220921_090000.WAV,Telephone Field,recover-20220922,001,1795
1729.0805,1729.1198,68437,82734,Rhinolophus ferrumequinum,0.024,0.024,-1,Echolocation,/mnt/ubna_data_02_mir/recover-20220922/UBNA_001/20220921_090000.WAV,Telephone Field,recover-20220922,001,1795
1729.0865,1729.0977,22890,28337,Nyctalus leisleri,0.011,0.023,-1,Echolocation,/mnt/ubna_data_02_mir/recover-20220922/UBNA_001/20220921_090000.WAV,Telephone Field,recover-20220922,001,1795
1729.1055,1729.1429,68437,81842,Rhinolophus ferrumequinum,0.021,0.021,-1,Echolocation,/mnt/ubna_data_02_mir/recover-20220922/UBNA_001/20220921_090000.WAV,Telephone Field,recover-20220922,001,1795
1729.1515,1729.1903,68437,82660,Rhinolophus ferrumequinum,0.022,0.022,-1,Echolocation,/mnt/ubna_data_02_mir/recover-20220922/UBNA_001/20220921_090000.WAV,Telephone Field,recover-20220922,001,1795
1729.1515,1729.162,27187,34719,Eptesicus serotinus,0.01,0.023,-1,Echolocation,/mnt/ubna_data_02_mir/recover-20220922/UBNA_001/20220921_090000.WAV,Telephone Field,recover-20220922,001,1795
1729.1655,1729.1748,23750,31435,Nyctalus leisleri,0.007,0.024,-1,Echolocation,/mnt/ubna_data_02_mir/recover-20220922/UBNA_001/20220921_090000.WAV,Telephone Field,recover-20220922,001,1795
1729.1895,1729.2271,68437,81583,Rhinolophus ferrumequinum,0.023,0.023,-1,Echolocation,/mnt/ubna_data_02_mir/recover-20220922/UBNA_001/20220921_090000.WAV,Telephone Field,recover-20220922,001,1795
1729.2085,1729.2494,68437,82597,Rhinolophus ferrumequinum,0.023,0.023,-1,Echolocation,/mnt/ubna_data_02_mir/recover-20220922/UBNA_001/20220921_090000.WAV,Telephone Field,recover-20220922,001,1795
1729.2435,1729.2827,68437,82650,Rhinolophus ferrumequinum,0.032,0.032,-1,Echolocation,/mnt/ubna_data_02_mir/recover-20220922/UBNA_001/20220921_090000.WAV,Telephone Field,recover-20220922,001,1795
1729.2545,1729.2627,25468,36113,Eptesicus serotinus,0.007,0.021,-1,Echolocation,/mnt/ubna_data_02_mir/recover-20220922/UBNA_001/20220921_090000.WAV,Telephone Field,recover-20220922,001,1795
1729.2775,1729.3135,68437,80950,Rhinolophus ferrumequinum,0.023,0.023,-1,Echolocation,/mnt/ubna_data_02_mir/recover-20220922/UBNA_001/20220921_090000.WAV,Telephone Field,recover-20220922,001,1795
1729.2785,1729.2903,22890,27929,Nyctalus leisleri,0.012,0.024,-1,Echolocation,/mnt/ubna_data_02_mir/recover-20220922/UBNA_001/20220921_090000.WAV,Telephone Field,recover-20220922,001,1795
1729.2985,1729.3089,50390,56226,Pipistrellus pipistrellus,0.016,0.022,-1,Echolocation,/mnt/ubna_data_02_mir/recover-20220922/UBNA_001/20220921_090000.WAV,Telephone Field,recover-20220922,001,1795
1729.2995,1729.3367,68437,81967,Rhinolophus ferrumequinum,0.022,0.022,-1,Echolocation,/mnt/ubna_data_02_mir/recover-20220922/UBNA_001/20220921_090000.WAV,Telephone Field,recover-20220922,001,1795
1729.3225,1729.3618,68437,82200,Rhinolophus ferrumequinum,0.035,0.035,-1,Echolocation,/mnt/ubna_data_02_mir/recover-20220922/UBNA_001/20220921_090000.WAV,Telephone Field,recover-20220922,001,1795
1729.3275,1729.334,28046,39366,Eptesicus serotinus,0.006,0.025,-1,Echolocation,/mnt/ubna_data_02_mir/recover-20220922/UBNA_001/20220921_090000.WAV,Telephone Field,recover-20220922,001,1795
1729.3675,1729.4116,68437,83034,Rhinolophus ferrumequinum,0.038,0.038,-1,Echolocation,/mnt/ubna_data_02_mir/recover-20220922/UBNA_001/20220921_090000.WAV,Telephone Field,recover-20220922,001,1795
1729.3685,1729.3752,48671,52582,Pipistrellus pipistrellus,0.028,0.03,-1,Echolocation,/mnt/ubna_data_02_mir/recover-20220922/UBNA_001/20220921_090000.WAV,Telephone Field,recover-20220922,001,1795
1729.3905,1729.4326,68437,83323,Rhinolophus ferrumequinum,0.029,0.029,-1,Echolocation,/mnt/ubna_data_02_mir/recover-20220922/UBNA_001/20220921_090000.WAV,Telephone Field,recover-20220922,001,1795
1729.4045,1729.443,68437,81797,Rhinolophus ferrumequinum,0.021,0.021,-1,Echolocation,/mnt/ubna_data_02_mir/recover-20220922/UBNA_001/20220921_090000.WAV,Telephone Field,recover-20220922,001,1795
1729.4065,1729.414,43515,47269,Pipistrellus pipistrellus,0.022,0.024,-1,Echolocation,/mnt/ubna_data_02_mir/recover-20220922/UBNA_001/20220921_090000.WAV,Telephone Field,recover-20220922,001,1795
1729.4315,1729.4714,68437,81973,Rhinolophus ferrumequinum,0.022,0.022,-1,Echolocation,/mnt/ubna_data_02_mir/recover-20220922/UBNA_001/20220921_090000.WAV,Telephone Field,recover-20220922,001,1795
1729.4465,1729.454,28906,40600,Eptesicus serotinus,0.007,0.023,-1,Echolocation,/mnt/ubna_data_02_mir/recover-20220922/UBNA_001/20220921_090000.WAV,Telephone Field,recover-20220922,001,1795
1729.4575,1729.4983,68437,82401,Rhinolophus ferrumequinum,0.027,0.027,-1,Echolocation,/mnt/ubna_data_02_mir/recover-20220922/UBNA_001/20220921_090000.WAV,Telephone Field,recover-20220922,001,1795
1729.4975,1729.5405,68437,83000,Rhinolophus ferrumequinum,0.041,0.041,-1,Echolocation,/mnt/ubna_data_02_mir/recover-20220922/UBNA_001/20220921_090000.WAV,Telephone Field,recover-20220922,001,1795
1729.5055,1729.5163,23750,30065,Nyctalus leisleri,0.011,0.026,-1,Echolocation,/mnt/ubna_data_02_mir/recover-20220922/UBNA_001/20220921_090000.WAV,Telephone Field,recover-20220922,001,1795
1729.5305,1729.5677,68437,81399,Rhinolophus ferrumequinum,0.028,0.028,-1,Echolocation,/mnt/ubna_data_02_mir/recover-20220922/UBNA_001/20220921_090000.WAV,Telephone Field,recover-20220922,001,1795
1729.5595,1729.6,68437,82845,Rhinolophus ferrumequinum,0.026,0.026,-1,Echolocation,/mnt/ubna_data_02_mir/recover-20220922/UBNA_001/20220921_090000.WAV,Telephone Field,recover-20220922,001,1795
1729.5785,1729.5854,46093,55418,Pipistrellus pipistrellus,0.019,0.025,-1,Echolocation,/mnt/ubna_data_02_mir/recover-20220922/UBNA_001/20220921_090000.WAV,Telephone Field,recover-20220922,001,1795
1729.6185,1729.6571,68437,82166,Rhinolophus ferrumequinum,0.023,0.023,-1,Echolocation,/mnt/ubna_data_02_mir/recover-20220922/UBNA_001/20220921_090000.WAV,Telephone Field,recover-20220922,001,1795
1729.6405,1729.6512,45234,51789,Pipistrellus pipistrellus,0.019,0.021,-1,Echolocation,/mnt/ubna_data_02_mir/recover-20220922/UBNA_001/20220921_090000.WAV,Telephone Field,recover-20220922,001,1795
1729.6615,1729.7003,68437,82268,Rhinolophus ferrumequinum,0.023,0.023,-1,Echolocation,/mnt/ubna_data_02_mir/recover-20220922/UBNA_001/20220921_090000.WAV,Telephone Field,recover-20220922,001,1795
1729.6955,1729.7304,68437,81461,Rhinolophus ferrumequinum,0.022,0.023,-1,Echolocation,/mnt/ubna_data_02_mir/recover-20220922/UBNA_001/20220921_090000.WAV,Telephone Field,recover-20220922,001,1795
1729.7065,1729.7154,23750,31076,Plecotus austriacus,0.006,0.022,-1,Echolocation,/mnt/ubna_data_02_mir/recover-20220922/UBNA_001/20220921_090000.WAV,Telephone Field,recover-20220922,001,1795
1729.7395,1729.7513,23750,28928,Nyctalus leisleri,0.015,0.031,-1,Echolocation,/mnt/ubna_data_02_mir/recover-20220922/UBNA_001/20220921_090000.WAV,Telephone Field,recover-20220922,001,1795
1729.7405,1729.7803,68437,81929,Rhinolophus ferrumequinum,0.022,0.022,-1,Echolocation,/mnt/ubna_data_02_mir/recover-20220922/UBNA_001/20220921_090000.WAV,Telephone Field,recover-20220922,001,1795
1729.7475,1729.7858,68437,82193,Rhinolophus ferrumequinum,0.023,0.023,-1,Echolocation,/mnt/ubna_data_02_mir/recover-20220922/UBNA_001/20220921_090000.WAV,Telephone Field,recover-20220922,001,1795
1729.7665,1729.8072,68437,82319,Rhinolophus ferrumequinum,0.022,0.022,-1,Echolocation,/mnt/ubna_data_02_mir/recover-20220922/UBNA_001/20220921_090000.WAV,Telephone Field,recover-20220922,001,1795
1729.7805,1729.8184,68437,82630,Rhinolophus ferrumequinum,0.025,0.025,-1,Echolocation,/mnt/ubna_data_02_mir/recover-20220922/UBNA_001/20220921_090000.WAV,Telephone Field,recover-20220922,001,1795
1729.8105,1729.8499,68437,81768,Rhinolophus ferrumequinum,0.022,0.022,-1,Echolocation,/mnt/ubna_data_02_mir/recover-20220922/UBNA_001/20220921_090000.WAV,Telephone Field,recover-20220922,001,1795
1729.8175,1729.8267,28906,39540,Eptesicus serotinus,0.009,0.025,-1,Echolocation,/mnt/ubna_data_02_mir/recover-20220922/UBNA_001/20220921_090000.WAV,Telephone Field,recover-20220922,001,1795
1729.8235,1729.8654,68437,82969,Rhinolophus ferrumequinum,0.04,0.04,-1,Echolocation,/mnt/ubna_data_02_mir/recover-20220922/UBNA_001/20220921_090000.WAV,Telephone Field,recover-20220922,001,1795
1729.8555,1729.8967,68437,82353,Rhinolophus ferrumequinum,0.026,0.026,-1,Echolocation,/mnt/ubna_data_02_mir/recover-20220922/UBNA_001/20220921_090000.WAV,Telephone Field,recover-20220922,001,1795
1729.8845,1729.9211,68437,81614,Rhinolophus ferrumequinum,0.021,0.021,-1,Echolocation,/mnt/ubna_data_02_mir/recover-20220922/UBNA_001/20220921_090000.WAV,Telephone Field,recover-20220922,001,1795
1729.8945,1729.9355,68437,82739,Rhinolophus ferrumequinum,0.021,0.021,-1,Echolocation,/mnt/ubna_data_02_mir/recover-20220922/UBNA_001/20220921_090000.WAV,Telephone Field,recover-20220922,001,1795
1729.9465,1729.9839,68437,81177,Rhinolophus ferrumequinum,0.021,0.021,-1,Echolocation,/mnt/ubna_data_02_mir/recover-20220922/UBNA_001/20220921_090000.WAV,Telephone Field,recover-20220922,001,1795
1729.9465,1729.9571,23750,29615,Nyctalus leisleri,0.009,0.022,-1,Echolocation,/mnt/ubna_data_02_mir/recover-20220922/UBNA_001/20220921_090000.WAV,Telephone Field,recover-20220922,001,1795
1729.9815,1729.9892,27187,39602,Eptesicus serotinus,0.007,0.025,-1,Echolocation,/mnt/ubna_data_02_mir/recover-20220922/UBNA_001/20220921_090000.WAV,Telephone Field,recover-20220922,001,1795
1730.0015,1730.0111,22031,27833,Nyctalus leisleri,0.011,0.026,-1,Echolocation,/mnt/ubna_data_02_mir/recover-20220922/UBNA_001/20220921_090000.WAV,Telephone Field,recover-20220922,001,1795
1730.0015,1730.0123,47812,54991,Pipistrellus pipistrellus,0.015,0.021,-1,Echolocation,/mnt/ubna_data_02_mir/recover-20220922/UBNA_001/20220921_090000.WAV,Telephone Field,recover-20220922,001,1795
1730.0015,1730.0325,69296,81585,Rhinolophus ferrumequinum,0.026,0.026,-1,Echolocation,/mnt/ubna_data_02_mir/recover-20220922/UBNA_001/20220921_090000.WAV,Telephone Field,recover-20220922,001,1795
1730.0015,1730.0178,16875,22034,Nyctalus noctula,0.013,0.025,-1,Echolocation,/mnt/ubna_data_02_mir/recover-20220922/UBNA_001/20220921_090000.WAV,Telephone Field,recover-20220922,001,1795
1730.0095,1730.0498,68437,81554,Rhinolophus ferrumequinum,0.022,0.022,-1,Echolocation,/mnt/ubna_data_02_mir/recover-20220922/UBNA_001/20220921_090000.WAV,Telephone Field,recover-20220922,001,1795
1730.0315,1730.0702,68437,81711,Rhinolophus ferrumequinum,0.025,0.025,-1,Echolocation,/mnt/ubna_data_02_mir/recover-20220922/UBNA_001/20220921_090000.WAV,Telephone Field,recover-20220922,001,1795
1730.0725,1730.1141,68437,83502,Rhinolophus ferrumequinum,0.031,0.031,-1,Echolocation,/mnt/ubna_data_02_mir/recover-20220922/UBNA_001/20220921_090000.WAV,Telephone Field,recover-20220922,001,1795
1730.1085,1730.1458,68437,81918,Rhinolophus ferrumequinum,0.022,0.022,-1,Echolocation,/mnt/ubna_data_02_mir/recover-20220922/UBNA_001/20220921_090000.WAV,Telephone Field,recover-20220922,001,1795
1730.1145,1730.1225,26328,35763,Eptesicus serotinus,0.009,0.026,-1,Echolocation,/mnt/ubna_data_02_mir/recover-20220922/UBNA_001/20220921_090000.WAV,Telephone Field,recover-20220922,001,1795
1730.1235,1730.1573,68437,81017,Rhinolophus ferrumequinum,0.034,0.034,-1,Echolocation,/mnt/ubna_data_02_mir/recover-20220922/UBNA_001/20220921_090000.WAV,Telephone Field,recover-20220922,001,1795
1730.1605,1730.1681,28046,40776,Eptesicus serotinus,0.008,0.023,-1,Echolocation,/mnt/ubna_data_02_mir/recover-20220922/UBNA_001/20220921_090000.WAV,Telephone Field,recover-20220922,001,1795
1730.1695,1730.2088,68437,82097,Rhinolophus ferrumequinum,0.025,0.025,-1,Echolocation,/mnt/ubna_data_02_mir/recover-20220922/UBNA_001/20220921_090000.WAV,Telephone Field,recover-20220922,001,1795
1730.1905,1730.2022,28906,36116,Eptesicus serotinus,0.015,0.028,-1,Echolocation,/mnt/ubna_data_02_mir/recover-20220922/UBNA_001/20220921_090000.WAV,Telephone Field,recover-20220922,001,1795
1730.1935,1730.2315,68437,81664,Rhinolophus ferrumequinum,0.021,0.022,-1,Echolocation,/mnt/ubna_data_02_mir/recover-20220922/UBNA_001/20220921_090000.WAV,Telephone Field,recover-20220922,001,1795
1730.2315,1730.2689,68437,81692,Rhinolophus ferrumequinum,0.029,0.029,-1,Echolocation,/mnt/ubna_data_02_mir/recover-20220922/UBNA_001/20220921_090000.WAV,Telephone Field,recover-20220922,001,1795
1730.2535,1730.2887,68437,80790,Rhinolophus ferrumequinum,0.021,0.021,-1,Echolocation,/mnt/ubna_data_02_mir/recover-20220922/UBNA_001/20220921_090000.WAV,Telephone Field,recover-20220922,001,1795
1730.2645,1730.3022,68437,82012,Rhinolophus ferrumequinum,0.022,0.022,-1,Echolocation,/mnt/ubna_data_02_mir/recover-20220922/UBNA_001/20220921_090000.WAV,Telephone Field,recover-20220922,001,1795
1730.2785,1730.2872,27187,35230,Eptesicus serotinus,0.011,0.027,-1,Echolocation,/mnt/ubna_data_02_mir/recover-20220922/UBNA_001/20220921_090000.WAV,Telephone Field,recover-20220922,001,1795
1730.2815,1730.3268,68437,83580,Rhinolophus ferrumequinum,0.043,0.043,-1,Echolocation,/mnt/ubna_data_02_mir/recover-20220922/UBNA_001/20220921_090000.WAV,Telephone Field,recover-20220922,001,1795
1730.3045,1730.3433,68437,81924,Rhinolophus ferrumequinum,0.023,0.023,-1,Echolocation,/mnt/ubna_data_02_mir/recover-20220922/UBNA_001/20220921_090000.WAV,Telephone Field,recover-20220922,001,1795
1730.3225,1730.3622,68437,82286,Rhinolophus ferrumequinum,0.031,0.031,-1,Echolocation,/mnt/ubna_data_02_mir/recover-20220922/UBNA_001/20220921_090000.WAV,Telephone Field,recover-20220922,001,1795
1730.3315,1730.3669,68437,81377,Rhinolophus ferrumequinum,0.022,0.023,-1,Echolocation,/mnt/ubna_data_02_mir/recover-20220922/UBNA_001/20220921_090000.WAV,Telephone Field,recover-20220922,001,1795
1730.3475,1730.357,24609,31797,Nyctalus leisleri,0.007,0.022,-1,Echolocation,/mnt/ubna_data_02_mir/recover-20220922/UBNA_001/20220921_090000.WAV,Telephone Field,recover-20220922,001,1795
1730.3565,1730.3924,68437,81827,Rhinolophus ferrumequinum,0.022,0.022,-1,Echolocation,/mnt/ubna_data_02_mir/recover-20220922/UBNA_001/20220921_090000.WAV,Telephone Field,recover-20220922,001,1795
1730.3915,1730.4287,68437,82133,Rhinolophus ferrumequinum,0.023,0.023,-1,Echolocation,/mnt/ubna_data_02_mir/recover-20220922/UBNA_001/20220921_090000.WAV,Telephone Field,recover-20220922,001,1795
1730.3985,1730.4079,26328,36559,Eptesicus serotinus,0.01,0.023,-1,Echolocation,/mnt/ubna_data_02_mir/recover-20220922/UBNA_001/20220921_090000.WAV,Telephone Field,recover-20220922,001,1795
1730.3985,1730.4375,68437,81862,Rhinolophus ferrumequinum,0.024,0.024,-1,Echolocation,/mnt/ubna_data_02_mir/recover-20220922/UBNA_001/20220921_090000.WAV,Telephone Field,recover-20220922,001,1795
1730.4335,1730.4708,68437,81175,Rhinolophus ferrumequinum,0.022,0.022,-1,Echolocation,/mnt/ubna_data_02_mir/recover-20220922/UBNA_001/20220921_090000.WAV,Telephone Field,recover-20220922,001,1795
1730.4425,1730.479,68437,82107,Rhinolophus ferrumequinum,0.026,0.026,-1,Echolocation,/mnt/ubna_data_02_mir/recover-20220922/UBNA_001/20220921_090000.WAV,Telephone Field,recover-20220922,001,1795
1730.4435,1730.4508,23750,33010,Plecotus austriacus,0.011,0.025,-1,Echolocation,/mnt/ubna_data_02_mir/recover-20220922/UBNA_001/20220921_090000.WAV,Telephone Field,recover-20220922,001,1795
1730.4575,1730.4656,23750,32009,Plecotus austriacus,0.007,0.021,-1,Echolocation,/mnt/ubna_data_02_mir/recover-20220922/UBNA_001/20220921_090000.WAV,Telephone Field,recover-20220922,001,1795
1730.4595,1730.4956,68437,81874,Rhinolophus ferrumequinum,0.023,0.023,-1,Echolocation,/mnt/ubna_data_02_mir/recover-20220922/UBNA_001/20220921_090000.WAV,Telephone Field,recover-20220922,001,1795
1730.4755,1730.5153,68437,82582,Rhinolophus ferrumequinum,0.027,0.027,-1,Echolocation,/mnt/ubna_data_02_mir/recover-20220922/UBNA_001/20220921_090000.WAV,Telephone Field,recover-20220922,001,1795
1730.4955,1730.5042,28046,37177,Eptesicus serotinus,0.009,0.021,-1,Echolocation,/mnt/ubna_data_02_mir/recover-20220922/UBNA_001/20220921_090000.WAV,Telephone Field,recover-20220922,001,1795
1730.5205,1730.558,68437,81794,Rhinolophus ferrumequinum,0.024,0.024,-1,Echolocation,/mnt/ubna_data_02_mir/recover-20220922/UBNA_001/20220921_090000.WAV,Telephone Field,recover-20220922,001,1795
1730.5275,1730.5375,28906,37751,Eptesicus serotinus,0.011,0.025,-1,Echolocation,/mnt/ubna_data_02_mir/recover-20220922/UBNA_001/20220921_090000.WAV,Telephone Field,recover-20220922,001,1795
1730.5295,1730.5663,68437,81517,Rhinolophus ferrumequinum,0.028,0.028,-1,Echolocation,/mnt/ubna_data_02_mir/recover-20220922/UBNA_001/20220921_090000.WAV,Telephone Field,recover-20220922,001,1795
1730.5645,1730.5748,22890,28735,Nyctalus leisleri,0.012,0.03,-1,Echolocation,/mnt/ubna_data_02_mir/recover-20220922/UBNA_001/20220921_090000.WAV,Telephone Field,recover-20220922,001,1795
1730.5715,1730.6161,68437,83436,Rhinolophus ferrumequinum,0.047,0.047,-1,Echolocation,/mnt/ubna_data_02_mir/recover-20220922/UBNA_001/20220921_090000.WAV,Telephone Field,recover-20220922,001,1795
1730.5975,1730.6072,22031,27491,Nyctalus leisleri,0.009,0.023,-1,Echolocation,/mnt/ubna_data_02_mir/recover-20220922/UBNA_001/20220921_090000.WAV,Telephone Field,recover-20220922,001,1795
1730.6095,1730.6177,28046,40089,Eptesicus serotinus,0.008,0.025,-1,Echolocation,/mnt/ubna_data_02_mir/recover-20220922/UBNA_001/20220921_090000.WAV,Telephone Field,recover-20220922,001,1795
1730.6205,1730.6619,68437,82358,Rhinolophus ferrumequinum,0.029,0.029,-1,Echolocation,/mnt/ubna_data_02_mir/recover-20220922/UBNA_001/20220921_090000.WAV,Telephone Field,recover-20220922,001,1795
1730.6315,1730.6727,68437,82694,Rhinolophus ferrumequinum,0.027,0.027,-1,Echolocation,/mnt/ubna_data_02_mir/recover-20220922/UBNA_001/20220921_090000.WAV,Telephone Field,recover-20220922,001,1795
1730.6465,1730.6565,26328,33792,Eptesicus serotinus,0.01,0.025,-1,Echolocation,/mnt/ubna_data_02_mir/recover-20220922/UBNA_001/20220921_090000.WAV,Telephone Field,recover-20220922,001,1795
1730.6555,1730.6915,68437,81712,Rhinolophus ferrumequinum,0.022,0.022,-1,Echolocation,/mnt/ubna_data_02_mir/recover-20220922/UBNA_001/20220921_090000.WAV,Telephone Field,recover-20220922,001,1795
1730.6965,1730.7048,28906,37010,Eptesicus serotinus,0.016,0.034,-1,Echolocation,/mnt/ubna_data_02_mir/recover-20220922/UBNA_001/20220921_090000.WAV,Telephone Field,recover-20220922,001,1795
1730.7105,1730.7506,68437,82495,Rhinolophus ferrumequinum,0.033,0.033,-1,Echolocation,/mnt/ubna_data_02_mir/recover-20220922/UBNA_001/20220921_090000.WAV,Telephone Field,recover-20220922,001,1795
1730.7245,1730.7337,27187,36524,Eptesicus serotinus,0.011,0.024,-1,Echolocation,/mnt/ubna_data_02_mir/recover-20220922/UBNA_001/20220921_090000.WAV,Telephone Field,recover-20220922,001,1795
1730.7735,1730.783,45234,50106,Pipistrellus pipistrellus,0.044,0.047,-1,Echolocation,/mnt/ubna_data_02_mir/recover-20220922/UBNA_001/20220921_090000.WAV,Telephone Field,recover-20220922,001,1795
1730.7995,1730.8376,68437,81573,Rhinolophus ferrumequinum,0.021,0.021,-1,Echolocation,/mnt/ubna_data_02_mir/recover-20220922/UBNA_001/20220921_090000.WAV,Telephone Field,recover-20220922,001,1795
1730.8065,1730.8451,68437,82115,Rhinolophus ferrumequinum,0.022,0.022,-1,Echolocation,/mnt/ubna_data_02_mir/recover-20220922/UBNA_001/20220921_090000.WAV,Telephone Field,recover-20220922,001,1795
1730.8135,1730.8233,37500,43037,Pipistrellus nathusii,0.013,0.027,-1,Echolocation,/mnt/ubna_data_02_mir/recover-20220922/UBNA_001/20220921_090000.WAV,Telephone Field,recover-20220922,001,1795
1730.8745,1730.8843,22890,29087,Nyctalus leisleri,0.009,0.023,-1,Echolocation,/mnt/ubna_data_02_mir/recover-20220922/UBNA_001/20220921_090000.WAV,Telephone Field,recover-20220922,001,1795
1730.8865,1730.9258,68437,82444,Rhinolophus ferrumequinum,0.025,0.025,-1,Echolocation,/mnt/ubna_data_02_mir/recover-20220922/UBNA_001/20220921_090000.WAV,Telephone Field,recover-20220922,001,1795
1730.9175,1730.9565,68437,81981,Rhinolophus ferrumequinum,0.024,0.024,-1,Echolocation,/mnt/ubna_data_02_mir/recover-20220922/UBNA_001/20220921_090000.WAV,Telephone Field,recover-20220922,001,1795
1730.9425,1730.9837,68437,83078,Rhinolophus ferrumequinum,0.025,0.025,-1,Echolocation,/mnt/ubna_data_02_mir/recover-20220922/UBNA_001/20220921_090000.WAV,Telephone Field,recover-20220922,001,1795
1730.9475,1730.9594,22031,26194,Nyctalus leisleri,0.014,0.024,-1,Echolocation,/mnt/ubna_data_02_mir/recover-20220922/UBNA_001/20220921_090000.WAV,Telephone Field,recover-20220922,001,1795
1730.9635,1731.0034,68437,83034,Rhinolophus ferrumequinum,0.039,0.039,-1,Echolocation,/mnt/ubna_data_02_mir/recover-20220922/UBNA_001/20220921_090000.WAV,Telephone Field,recover-20220922,001,1795
1730.9785,1731.0185,68437,82392,Rhinolophus ferrumequinum,0.022,0.022,-1,Echolocation,/mnt/ubna_data_02_mir/recover-20220922/UBNA_001/20220921_090000.WAV,Telephone Field,recover-20220922,001,1795
1730.9815,1730.9953,28906,33561,Eptesicus serotinus,0.113,0.173,-1,Echolocation,/mnt/ubna_data_02_mir/recover-20220922/UBNA_001/20220921_090000.WAV,Telephone Field,recover-20220922,001,1795
1731.0355,1731.0472,23750,29913,Nyctalus leisleri,0.014,0.034,-1,Echolocation,/mnt/ubna_data_02_mir/recover-20220922/UBNA_001/20220921_090000.WAV,Telephone Field,recover-20220922,001,1795
1731.0515,1731.0902,68437,81781,Rhinolophus ferrumequinum,0.021,0.021,-1,Echolocation,/mnt/ubna_data_02_mir/recover-20220922/UBNA_001/20220921_090000.WAV,Telephone Field,recover-20220922,001,1795
1731.0565,1731.0648,35781,42772,Myotis daubentonii,0.007,0.023,-1,Echolocation,/mnt/ubna_data_02_mir/recover-20220922/UBNA_001/20220921_090000.WAV,Telephone Field,recover-20220922,001,1795
1731.0615,1731.1023,68437,82410,Rhinolophus ferrumequinum,0.024,0.024,-1,Echolocation,/mnt/ubna_data_02_mir/recover-20220922/UBNA_001/20220921_090000.WAV,Telephone Field,recover-20220922,001,1795
1731.1115,1731.1461,68437,81073,Rhinolophus ferrumequinum,0.022,0.022,-1,Echolocation,/mnt/ubna_data_02_mir/recover-20220922/UBNA_001/20220921_090000.WAV,Telephone Field,recover-20220922,001,1795
1731.1255,1731.1339,28046,37153,Eptesicus serotinus,0.01,0.025,-1,Echolocation,/mnt/ubna_data_02_mir/recover-20220922/UBNA_001/20220921_090000.WAV,Telephone Field,recover-20220922,001,1795
1731.1275,1731.1648,68437,81958,Rhinolophus ferrumequinum,0.021,0.021,-1,Echolocation,/mnt/ubna_data_02_mir/recover-20220922/UBNA_001/20220921_090000.WAV,Telephone Field,recover-20220922,001,1795
1731.1375,1731.1742,68437,82117,Rhinolophus ferrumequinum,0.021,0.022,-1,Echolocation,/mnt/ubna_data_02_mir/recover-20220922/UBNA_001/20220921_090000.WAV,Telephone Field,recover-20220922,001,1795
1731.1455,1731.1806,68437,80905,Rhinolophus ferrumequinum,0.024,0.024,-1,Echolocation,/mnt/ubna_data_02_mir/recover-20220922/UBNA_001/20220921_090000.WAV,Telephone Field,recover-20220922,001,1795
1731.1595,1731.1934,68437,80827,Rhinolophus ferrumequinum,0.022,0.022,-1,Echolocation,/mnt/ubna_data_02_mir/recover-20220922/UBNA_001/20220921_090000.WAV,Telephone Field,recover-20220922,001,1795
1731.1785,1731.2176,68437,82620,Rhinolophus ferrumequinum,0.036,0.036,-1,Echolocation,/mnt/ubna_data_02_mir/recover-20220922/UBNA_001/20220921_090000.WAV,Telephone Field,recover-20220922,001,1795
1731.1855,1731.1952,22890,29747,Plecotus austriacus,0.008,0.024,-1,Echolocation,/mnt/ubna_data_02_mir/recover-20220922/UBNA_001/20220921_090000.WAV,Telephone Field,recover-20220922,001,1795
1731.2045,1731.2504,68437,83595,Rhinolophus ferrumequinum,0.039,0.039,-1,Echolocation,/mnt/ubna_data_02_mir/recover-20220922/UBNA_001/20220921_090000.WAV,Telephone Field,recover-20220922,001,1795
1731.2055,1731.2115,58984,65314,Pipistrellus pygmaeus,0.038,0.039,-1,Echolocation,/mnt/ubna_data_02_mir/recover-20220922/UBNA_001/20220921_090000.WAV,Telephone Field,recover-20220922,001,1795
1731.2075,1731.2153,28906,38010,Eptesicus serotinus,0.009,0.024,-1,Echolocation,/mnt/ubna_data_02_mir/recover-20220922/UBNA_001/20220921_090000.WAV,Telephone Field,recover-20220922,001,1795
1731.2445,1731.2642,18593,21649,Nyctalus noctula,0.017,0.033,-1,Echolocation,/mnt/ubna_data_02_mir/recover-20220922/UBNA_001/20220921_090000.WAV,Telephone Field,recover-20220922,001,1795
1731.2585,1731.2973,68437,81939,Rhinolophus ferrumequinum,0.021,0.021,-1,Echolocation,/mnt/ubna_data_02_mir/recover-20220922/UBNA_001/20220921_090000.WAV,Telephone Field,recover-20220922,001,1795
1731.2665,1731.3074,68437,83118,Rhinolophus ferrumequinum,0.025,0.025,-1,Echolocation,/mnt/ubna_data_02_mir/recover-20220922/UBNA_001/20220921_090000.WAV,Telephone Field,recover-20220922,001,1795
1731.2885,1731.2997,29765,36813,Eptesicus serotinus,0.012,0.025,-1,Echolocation,/mnt/ubna_data_02_mir/recover-20220922/UBNA_001/20220921_090000.WAV,Telephone Field,recover-20220922,001,1795
1731.2935,1731.3322,68437,82345,Rhinolophus ferrumequinum,0.023,0.023,-1,Echolocation,/mnt/ubna_data_02_mir/recover-20220922/UBNA_001/20220921_090000.WAV,Telephone Field,recover-20220922,001,1795
1731.2995,1731.3381,68437,82272,Rhinolophus ferrumequinum,0.023,0.023,-1,Echolocation,/mnt/ubna_data_02_mir/recover-20220922/UBNA_001/20220921_090000.WAV,Telephone Field,recover-20220922,001,1795
1731.3095,1731.3472,68437,81739,Rhinolophus ferrumequinum,0.021,0.021,-1,Echolocation,/mnt/ubna_data_02_mir/recover-20220922/UBNA_001/20220921_090000.WAV,Telephone Field,recover-20220922,001,1795
1731.3225,1731.3334,39218,43333,Pipistrellus nathusii,0.009,0.024,-1,Echolocation,/mnt/ubna_data_02_mir/recover-20220922/UBNA_001/20220921_090000.WAV,Telephone Field,recover-20220922,001,1795
1731.3305,1731.3661,68437,81714,Rhinolophus ferrumequinum,0.021,0.021,-1,Echolocation,/mnt/ubna_data_02_mir/recover-20220922/UBNA_001/20220921_090000.WAV,Telephone Field,recover-20220922,001,1795
1731.3525,1731.391,68437,82466,Rhinolophus ferrumequinum,0.025,0.025,-1,Echolocation,/mnt/ubna_data_02_mir/recover-20220922/UBNA_001/20220921_090000.WAV,Telephone Field,recover-20220922,001,1795
1731.3965,1731.4074,23750,28206,Nyctalus leisleri,0.014,0.026,-1,Echolocation,/mnt/ubna_data_02_mir/recover-20220922/UBNA_001/20220921_090000.WAV,Telephone Field,recover-20220922,001,1795
1731.4315,1731.4684,68437,81289,Rhinolophus ferrumequinum,0.023,0.023,-1,Echolocation,/mnt/ubna_data_02_mir/recover-20220922/UBNA_001/20220921_090000.WAV,Telephone Field,recover-20220922,001,1795
1731.4335,1731.4487,13437,17078,Nyctalus noctula,0.014,0.027,-1,Echolocation,/mnt/ubna_data_02_mir/recover-20220922/UBNA_001/20220921_090000.WAV,Telephone Field,recover-20220922,001,1795
1731.4545,1731.4961,68437,82972,Rhinolophus ferrumequinum,0.03,0.03,-1,Echolocation,/mnt/ubna_data_02_mir/recover-20220922/UBNA_001/20220921_090000.WAV,Telephone Field,recover-20220922,001,1795
1731.4665,1731.5058,68437,81837,Rhinolophus ferrumequinum,0.021,0.021,-1,Echolocation,/mnt/ubna_data_02_mir/recover-20220922/UBNA_001/20220921_090000.WAV,Telephone Field,recover-20220922,001,1795
1731.5265,1731.5349,25468,34465,Eptesicus serotinus,0.009,0.025,-1,Echolocation,/mnt/ubna_data_02_mir/recover-20220922/UBNA_001/20220921_090000.WAV,Telephone Field,recover-20220922,001,1795
1731.5745,1731.6113,68437,82307,Rhinolophus ferrumequinum,0.023,0.023,-1,Echolocation,/mnt/ubna_data_02_mir/recover-20220922/UBNA_001/20220921_090000.WAV,Telephone Field,recover-20220922,001,1795
1731.5975,1731.633,68437,80332,Rhinolophus ferrumequinum,0.023,0.024,-1,Echolocation,/mnt/ubna_data_02_mir/recover-20220922/UBNA_001/20220921_090000.WAV,Telephone Field,recover-20220922,001,1795
1731.6455,1731.6565,26328,33250,Eptesicus serotinus,0.01,0.021,-1,Echolocation,/mnt/ubna_data_02_mir/recover-20220922/UBNA_001/20220921_090000.WAV,Telephone Field,recover-20220922,001,1795
1731.6545,1731.6632,27187,40593,Eptesicus serotinus,0.007,0.021,-1,Echolocation,/mnt/ubna_data_02_mir/recover-20220922/UBNA_001/20220921_090000.WAV,Telephone Field,recover-20220922,001,1795
1731.6655,1731.674,28046,40126,Eptesicus serotinus,0.009,0.021,-1,Echolocation,/mnt/ubna_data_02_mir/recover-20220922/UBNA_001/20220921_090000.WAV,Telephone Field,recover-20220922,001,1795
1731.7015,1731.7411,68437,82490,Rhinolophus ferrumequinum,0.022,0.022,-1,Echolocation,/mnt/ubna_data_02_mir/recover-20220922/UBNA_001/20220921_090000.WAV,Telephone Field,recover-20220922,001,1795
1731.7075,1731.7153,23750,32901,Plecotus austriacus,0.013,0.029,-1,Echolocation,/mnt/ubna_data_02_mir/recover-20220922/UBNA_001/20220921_090000.WAV,Telephone Field,recover-20220922,001,1795
1731.7225,1731.7669,68437,83345,Rhinolophus ferrumequinum,0.055,0.055,-1,Echolocation,/mnt/ubna_data_02_mir/recover-20220922/UBNA_001/20220921_090000.WAV,Telephone Field,recover-20220922,001,1795
1731.7485,1731.7873,68437,82265,Rhinolophus ferrumequinum,0.024,0.024,-1,Echolocation,/mnt/ubna_data_02_mir/recover-20220922/UBNA_001/20220921_090000.WAV,Telephone Field,recover-20220922,001,1795
1731.7705,1731.7772,28046,41155,Eptesicus serotinus,0.008,0.027,-1,Echolocation,/mnt/ubna_data_02_mir/recover-20220922/UBNA_001/20220921_090000.WAV,Telephone Field,recover-20220922,001,1795
1731.7945,1731.8042,27187,37149,Eptesicus serotinus,0.012,0.025,-1,Echolocation,/mnt/ubna_data_02_mir/recover-20220922/UBNA_001/20220921_090000.WAV,Telephone Field,recover-20220922,001,1795
1731.7955,1731.832,68437,81523,Rhinolophus ferrumequinum,0.022,0.022,-1,Echolocation,/mnt/ubna_data_02_mir/recover-20220922/UBNA_001/20220921_090000.WAV,Telephone Field,recover-20220922,001,1795
1731.8165,1731.8227,23750,33465,Plecotus austriacus,0.019,0.034,-1,Echolocation,/mnt/ubna_data_02_mir/recover-20220922/UBNA_001/20220921_090000.WAV,Telephone Field,recover-20220922,001,1795
1731.8265,1731.8662,68437,82731,Rhinolophus ferrumequinum,0.036,0.036,-1,Echolocation,/mnt/ubna_data_02_mir/recover-20220922/UBNA_001/20220921_090000.WAV,Telephone Field,recover-20220922,001,1795
1731.8405,1731.8502,28906,36887,Eptesicus serotinus,0.011,0.026,-1,Echolocation,/mnt/ubna_data_02_mir/recover-20220922/UBNA_001/20220921_090000.WAV,Telephone Field,recover-20220922,001,1795
1731.8585,1731.8995,68437,82878,Rhinolophus ferrumequinum,0.027,0.027,-1,Echolocation,/mnt/ubna_data_02_mir/recover-20220922/UBNA_001/20220921_090000.WAV,Telephone Field,recover-20220922,001,1795
1731.8765,1731.9131,68437,81317,Rhinolophus ferrumequinum,0.023,0.023,-1,Echolocation,/mnt/ubna_data_02_mir/recover-20220922/UBNA_001/20220921_090000.WAV,Telephone Field,recover-20220922,001,1795
1731.8775,1731.8878,28906,36785,Eptesicus serotinus,0.009,0.021,-1,Echolocation,/mnt/ubna_data_02_mir/recover-20220922/UBNA_001/20220921_090000.WAV,Telephone Field,recover-20220922,001,1795
1731.8925,1731.8991,35781,44665,Myotis daubentonii,0.008,0.027,-1,Echolocation,/mnt/ubna_data_02_mir/recover-20220922/UBNA_001/20220921_090000.WAV,Telephone Field,recover-20220922,001,1795
1731.8945,1731.9019,27187,38444,Eptesicus serotinus,0.006,0.024,-1,Echolocation,/mnt/ubna_data_02_mir/recover-20220922/UBNA_001/20220921_090000.WAV,Telephone Field,recover-20220922,001,1795
1731.8945,1731.9302,68437,81637,Rhinolophus ferrumequinum,0.03,0.03,-1,Echolocation,/mnt/ubna_data_02_mir/recover-20220922/UBNA_001/20220921_090000.WAV,Telephone Field,recover-20220922,001,1795
1731.9425,1731.9814,68437,82172,Rhinolophus ferrumequinum,0.022,0.022,-1,Echolocation,/mnt/ubna_data_02_mir/recover-20220922/UBNA_001/20220921_090000.WAV,Telephone Field,recover-20220922,001,1795
1731.9585,1731.9687,28906,36336,Eptesicus serotinus,0.01,0.024,-1,Echolocation,/mnt/ubna_data_02_mir/recover-20220922/UBNA_001/20220921_090000.WAV,Telephone Field,recover-20220922,001,1795
1731.9835,1731.9903,29765,42848,Eptesicus serotinus,0.007,0.026,-1,Echolocation,/mnt/ubna_data_02_mir/recover-20220922/UBNA_001/20220921_090000.WAV,Telephone Field,recover-20220922,001,1795
1732.0015,1732.0105,47812,55243,Pipistrellus pipistrellus,0.016,0.022,-1,Echolocation,/mnt/ubna_data_02_mir/recover-20220922/UBNA_001/20220921_090000.WAV,Telephone Field,recover-20220922,001,1795
1732.0015,1732.0316,71015,83737,Rhinolophus ferrumequinum,0.022,0.022,-1,Echolocation,/mnt/ubna_data_02_mir/recover-20220922/UBNA_001/20220921_090000.WAV,Telephone Field,recover-20220922,001,1795
1732.0015,1732.0102,26328,35900,Nyctalus leisleri,0.006,0.024,-1,Echolocation,/mnt/ubna_data_02_mir/recover-20220922/UBNA_001/20220921_090000.WAV,Telephone Field,recover-20220922,001,1795
1732.0195,1732.0581,68437,81602,Rhinolophus ferrumequinum,0.022,0.022,-1,Echolocation,/mnt/ubna_data_02_mir/recover-20220922/UBNA_001/20220921_090000.WAV,Telephone Field,recover-20220922,001,1795
1732.0395,1732.08,68437,82605,Rhinolophus ferrumequinum,0.024,0.024,-1,Echolocation,/mnt/ubna_data_02_mir/recover-20220922/UBNA_001/20220921_090000.WAV,Telephone Field,recover-20220922,001,1795
1732.0655,1732.1025,68437,81674,Rhinolophus ferrumequinum,0.021,0.021,-1,Echolocation,/mnt/ubna_data_02_mir/recover-20220922/UBNA_001/20220921_090000.WAV,Telephone Field,recover-20220922,001,1795
1732.0765,1732.0869,28046,35706,Eptesicus serotinus,0.015,0.029,-1,Echolocation,/mnt/ubna_data_02_mir/recover-20220922/UBNA_001/20220921_090000.WAV,Telephone Field,recover-20220922,001,1795
1732.0855,1732.1231,68437,82544,Rhinolophus ferrumequinum,0.023,0.023,-1,Echolocation,/mnt/ubna_data_02_mir/recover-20220922/UBNA_001/20220921_090000.WAV,Telephone Field,recover-20220922,001,1795
1732.0865,1732.0962,28046,37039,Eptesicus serotinus,0.011,0.025,-1,Echolocation,/mnt/ubna_data_02_mir/recover-20220922/UBNA_001/20220921_090000.WAV,Telephone Field,recover-20220922,001,1795
1732.1105,1732.1513,68437,82920,Rhinolophus ferrumequinum,0.029,0.029,-1,Echolocation,/mnt/ubna_data_02_mir/recover-20220922/UBNA_001/20220921_090000.WAV,Telephone Field,recover-20220922,001,1795
1732.1315,1732.1411,28906,39630,Eptesicus serotinus,0.009,0.022,-1,Echolocation,/mnt/ubna_data_02_mir/recover-20220922/UBNA_001/20220921_090000.WAV,Telephone Field,recover-20220922,001,1795
1732.1805,1732.191,22031,26724,Nyctalus leisleri,0.011,0.022,-1,Echolocation,/mnt/ubna_data_02_mir/recover-20220922/UBNA_001/20220921_090000.WAV,Telephone Field,recover-20220922,001,1795
1732.2055,1732.2446,68437,81878,Rhinolophus ferrumequinum,0.023,0.023,-1,Echolocation,/mnt/ubna_data_02_mir/recover-20220922/UBNA_001/20220921_090000.WAV,Telephone Field,recover-20220922,001,1795
1732.2735,1732.3184,68437,83167,Rhinolophus ferrumequinum,0.029,0.029,-1,Echolocation,/mnt/ubna_data_02_mir/recover-20220922/UBNA_001/20220921_090000.WAV,Telephone Field,recover-20220922,001,1795
1732.2825,1732.2936,28906,34869,Eptesicus serotinus,0.016,0.03,-1,Echolocation,/mnt/ubna_data_02_mir/recover-20220922/UBNA_001/20220921_090000.WAV,Telephone Field,recover-20220922,001,1795
1732.3275,1732.3648,68437,81848,Rhinolophus ferrumequinum,0.023,0.023,-1,Echolocation,/mnt/ubna_data_02_mir/recover-20220922/UBNA_001/20220921_090000.WAV,Telephone Field,recover-20220922,001,1795
1732.3495,1732.3603,26328,34646,Eptesicus serotinus,0.016,0.029,-1,Echolocation,/mnt/ubna_data_02_mir/recover-20220922/UBNA_001/20220921_090000.WAV,Telephone Field,recover-20220922,001,1795
1732.3665,1732.4034,68437,81900,Rhinolophus ferrumequinum,0.027,0.027,-1,Echolocation,/mnt/ubna_data_02_mir/recover-20220922/UBNA_001/20220921_090000.WAV,Telephone Field,recover-20220922,001,1795
1732.3935,1732.4023,28906,38217,Eptesicus serotinus,0.011,0.027,-1,Echolocation,/mnt/ubna_data_02_mir/recover-20220922/UBNA_001/20220921_090000.WAV,Telephone Field,recover-20220922,001,1795
1732.4065,1732.4504,68437,83457,Rhinolophus ferrumequinum,0.042,0.042,-1,Echolocation,/mnt/ubna_data_02_mir/recover-20220922/UBNA_001/20220921_090000.WAV,Telephone Field,recover-20220922,001,1795
1732.4235,1732.4338,27187,35228,Eptesicus serotinus,0.01,0.021,-1,Echolocation,/mnt/ubna_data_02_mir/recover-20220922/UBNA_001/20220921_090000.WAV,Telephone Field,recover-20220922,001,1795
1732.4345,1732.4465,15156,21779,Nyctalus noctula,0.014,0.022,-1,Echolocation,/mnt/ubna_data_02_mir/recover-20220922/UBNA_001/20220921_090000.WAV,Telephone Field,recover-20220922,001,1795
1732.4415,1732.4825,68437,82492,Rhinolophus ferrumequinum,0.022,0.022,-1,Echolocation,/mnt/ubna_data_02_mir/recover-20220922/UBNA_001/20220921_090000.WAV,Telephone Field,recover-20220922,001,1795
1732.4555,1732.4653,28906,36872,Eptesicus serotinus,0.01,0.025,-1,Echolocation,/mnt/ubna_data_02_mir/recover-20220922/UBNA_001/20220921_090000.WAV,Telephone Field,recover-20220922,001,1795
1732.4765,1732.515,68437,82268,Rhinolophus ferrumequinum,0.026,0.026,-1,Echolocation,/mnt/ubna_data_02_mir/recover-20220922/UBNA_001/20220921_090000.WAV,Telephone Field,recover-20220922,001,1795
1732.4895,1732.529,68437,81584,Rhinolophus ferrumequinum,0.025,0.025,-1,Echolocation,/mnt/ubna_data_02_mir/recover-20220922/UBNA_001/20220921_090000.WAV,Telephone Field,recover-20220922,001,1795
1732.5295,1732.5713,68437,83140,Rhinolophus ferrumequinum,0.038,0.038,-1,Echolocation,/mnt/ubna_data_02_mir/recover-20220922/UBNA_001/20220921_090000.WAV,Telephone Field,recover-20220922,001,1795
1732.5405,1732.5514,23750,29937,Nyctalus leisleri,0.009,0.023,-1,Echolocation,/mnt/ubna_data_02_mir/recover-20220922/UBNA_001/20220921_090000.WAV,Telephone Field,recover-20220922,001,1795
1732.5455,1732.5876,68437,82475,Rhinolophus ferrumequinum,0.025,0.025,-1,Echolocation,/mnt/ubna_data_02_mir/recover-20220922/UBNA_001/20220921_090000.WAV,Telephone Field,recover-20220922,001,1795
1732.5525,1732.5917,68437,83063,Rhinolophus ferrumequinum,0.025,0.025,-1,Echolocation,/mnt/ubna_data_02_mir/recover-20220922/UBNA_001/20220921_090000.WAV,Telephone Field,recover-20220922,001,1795
1732.5645,1732.5722,27187,38274,Eptesicus serotinus,0.008,0.022,-1,Echolocation,/mnt/ubna_data_02_mir/recover-20220922/UBNA_001/20220921_090000.WAV,Telephone Field,recover-20220922,001,1795
1732.6135,1732.6473,68437,81385,Rhinolophus ferrumequinum,0.021,0.021,-1,Echolocation,/mnt/ubna_data_02_mir/recover-20220922/UBNA_001/20220921_090000.WAV,Telephone Field,recover-20220922,001,1795
1732.6185,1732.6546,68437,81971,Rhinolophus ferrumequinum,0.021,0.021,-1,Echolocation,/mnt/ubna_data_02_mir/recover-20220922/UBNA_001/20220921_090000.WAV,Telephone Field,recover-20220922,001,1795
1732.6325,1732.6428,23750,29975,Nyctalus leisleri,0.009,0.022,-1,Echolocation,/mnt/ubna_data_02_mir/recover-20220922/UBNA_001/20220921_090000.WAV,Telephone Field,recover-20220922,001,1795
1732.6605,1732.6968,68437,81818,Rhinolophus ferrumequinum,0.022,0.022,-1,Echolocation,/mnt/ubna_data_02_mir/recover-20220922/UBNA_001/20220921_090000.WAV,Telephone Field,recover-20220922,001,1795
1732.7035,1732.7115,28906,38447,Eptesicus serotinus,0.007,0.022,-1,Echolocation,/mnt/ubna_data_02_mir/recover-20220922/UBNA_001/20220921_090000.WAV,Telephone Field,recover-20220922,001,1795
1732.7255,1732.7684,68437,82969,Rhinolophus ferrumequinum,0.032,0.032,-1,Echolocation,/mnt/ubna_data_02_mir/recover-20220922/UBNA_001/20220921_090000.WAV,Telephone Field,recover-20220922,001,1795
1732.7385,1732.747,26328,37828,Eptesicus serotinus,0.006,0.024,-1,Echolocation,/mnt/ubna_data_02_mir/recover-20220922/UBNA_001/20220921_090000.WAV,Telephone Field,recover-20220922,001,1795
1732.7585,1732.7948,68437,81480,Rhinolophus ferrumequinum,0.021,0.021,-1,Echolocation,/mnt/ubna_data_02_mir/recover-20220922/UBNA_001/20220921_090000.WAV,Telephone Field,recover-20220922,001,1795
1732.7645,1732.8028,68437,81684,Rhinolophus ferrumequinum,0.021,0.021,-1,Echolocation,/mnt/ubna_data_02_mir/recover-20220922/UBNA_001/20220921_090000.WAV,Telephone Field,recover-20220922,001,1795
1732.7665,1732.7768,28906,37943,Eptesicus serotinus,0.013,0.027,-1,Echolocation,/mnt/ubna_data_02_mir/recover-20220922/UBNA_001/20220921_090000.WAV,Telephone Field,recover-20220922,001,1795
1732.7765,1732.7855,27187,34558,Eptesicus serotinus,0.014,0.036,-1,Echolocation,/mnt/ubna_data_02_mir/recover-20220922/UBNA_001/20220921_090000.WAV,Telephone Field,recover-20220922,001,1795
1732.7945,1732.832,68437,81746,Rhinolophus ferrumequinum,0.022,0.022,-1,Echolocation,/mnt/ubna_data_02_mir/recover-20220922/UBNA_001/20220921_090000.WAV,Telephone Field,recover-20220922,001,1795
1732.8095,1732.8513,68437,83010,Rhinolophus ferrumequinum,0.025,0.025,-1,Echolocation,/mnt/ubna_data_02_mir/recover-20220922/UBNA_001/20220921_090000.WAV,Telephone Field,recover-20220922,001,1795
1732.8685,1732.8769,28046,36884,Eptesicus serotinus,0.008,0.021,-1,Echolocation,/mnt/ubna_data_02_mir/recover-20220922/UBNA_001/20220921_090000.WAV,Telephone Field,recover-20220922,001,1795
1732.8725,1732.9091,68437,81584,Rhinolophus ferrumequinum,0.023,0.023,-1,Echolocation,/mnt/ubna_data_02_mir/recover-20220922/UBNA_001/20220921_090000.WAV,Telephone Field,recover-20220922,001,1795
1732.8745,1732.8835,28906,37566,Eptesicus serotinus,0.007,0.021,-1,Echolocation,/mnt/ubna_data_02_mir/recover-20220922/UBNA_001/20220921_090000.WAV,Telephone Field,recover-20220922,001,1795
1732.8855,1732.9251,68437,82372,Rhinolophus ferrumequinum,0.024,0.024,-1,Echolocation,/mnt/ubna_data_02_mir/recover-20220922/UBNA_001/20220921_090000.WAV,Telephone Field,recover-20220922,001,1795
1732.9205,1732.9638,68437,83088,Rhinolophus ferrumequinum,0.042,0.042,-1,Echolocation,/mnt/ubna_data_02_mir/recover-20220922/UBNA_001/20220921_090000.WAV,Telephone Field,recover-20220922,001,1795
1732.9835,1733.0206,68437,81527,Rhinolophus ferrumequinum,0.021,0.021,-1,Echolocation,/mnt/ubna_data_02_mir/recover-20220922/UBNA_001/20220921_090000.WAV,Telephone Field,recover-20220922,001,1795
1732.9905,1733.0021,27187,33374,Eptesicus serotinus,0.014,0.027,-1,Echolocation,/mnt/ubna_data_02_mir/recover-20220922/UBNA_001/20220921_090000.WAV,Telephone Field,recover-20220922,001,1795
1733.0015,1733.0108,46953,51012,Pipistrellus pipistrellus,0.024,0.025,-1,Echolocation,/mnt/ubna_data_02_mir/recover-20220922/UBNA_001/20220921_090000.WAV,Telephone Field,recover-20220922,001,1795
1733.0025,1733.0112,28046,40084,Eptesicus serotinus,0.008,0.021,-1,Echolocation,/mnt/ubna_data_02_mir/recover-20220922/UBNA_001/20220921_090000.WAV,Telephone Field,recover-20220922,001,1795
1733.0035,1733.0417,68437,82300,Rhinolophus ferrumequinum,0.023,0.023,-1,Echolocation,/mnt/ubna_data_02_mir/recover-20220922/UBNA_001/20220921_090000.WAV,Telephone Field,recover-20220922,001,1795
1733.0295,1733.0404,22890,28582,Nyctalus leisleri,0.012,0.025,-1,Echolocation,/mnt/ubna_data_02_mir/recover-20220922/UBNA_001/20220921_090000.WAV,Telephone Field,recover-20220922,001,1795
1733.0495,1733.0889,68437,82476,Rhinolophus ferrumequinum,0.032,0.032,-1,Echolocation,/mnt/ubna_data_02_mir/recover-20220922/UBNA_001/20220921_090000.WAV,Telephone Field,recover-20220922,001,1795
1733.0575,1733.0668,28046,37044,Eptesicus serotinus,0.012,0.028,-1,Echolocation,/mnt/ubna_data_02_mir/recover-20220922/UBNA_001/20220921_090000.WAV,Telephone Field,recover-20220922,001,1795
1733.0605,1733.099,68437,81836,Rhinolophus ferrumequinum,0.021,0.021,-1,Echolocation,/mnt/ubna_data_02_mir/recover-20220922/UBNA_001/20220921_090000.WAV,Telephone Field,recover-20220922,001,1795
1733.0825,1733.1201,68437,81638,Rhinolophus ferrumequinum,0.021,0.021,-1,Echolocation,/mnt/ubna_data_02_mir/recover-20220922/UBNA_001/20220921_090000.WAV,Telephone Field,recover-20220922,001,1795
1733.0995,1733.1068,46093,52649,Pipistrellus pipistrellus,0.023,0.025,-1,Echolocation,/mnt/ubna_data_02_mir/recover-20220922/UBNA_001/20220921_090000.WAV,Telephone Field,recover-20220922,001,1795
1733.0995,1733.1387,68437,82073,Rhinolophus ferrumequinum,0.024,0.024,-1,Echolocation,/mnt/ubna_data_02_mir/recover-20220922/UBNA_001/20220921_090000.WAV,Telephone Field,recover-20220922,001,1795
1733.1165,1733.126,26328,34715,Eptesicus serotinus,0.011,0.025,-1,Echolocation,/mnt/ubna_data_02_mir/recover-20220922/UBNA_001/20220921_090000.WAV,Telephone Field,recover-20220922,001,1795
1733.1185,1733.156,68437,81610,Rhinolophus ferrumequinum,0.022,0.022,-1,Echolocation,/mnt/ubna_data_02_mir/recover-20220922/UBNA_001/20220921_090000.WAV,Telephone Field,recover-20220922,001,1795
1733.1255,1733.1356,22890,29385,Nyctalus leisleri,0.009,0.024,-1,Echolocation,/mnt/ubna_data_02_mir/recover-20220922/UBNA_001/20220921_090000.WAV,Telephone Field,recover-20220922,001,1795
1733.1445,1733.1837,68437,81855,Rhinolophus ferrumequinum,0.025,0.025,-1,Echolocation,/mnt/ubna_data_02_mir/recover-20220922/UBNA_001/20220921_090000.WAV,Telephone Field,recover-20220922,001,1795
1733.1745,1733.2121,68437,81696,Rhinolophus ferrumequinum,0.021,0.021,-1,Echolocation,/mnt/ubna_data_02_mir/recover-20220922/UBNA_001/20220921_090000.WAV,Telephone Field,recover-20220922,001,1795
1733.2005,1733.2373,68437,81289,Rhinolophus ferrumequinum,0.021,0.021,-1,Echolocation,/mnt/ubna_data_02_mir/recover-20220922/UBNA_001/20220921_090000.WAV,Telephone Field,recover-20220922,001,1795
1733.2175,1733.2524,68437,81302,Rhinolophus ferrumequinum,0.021,0.021,-1,Echolocation,/mnt/ubna_data_02_mir/recover-20220922/UBNA_001/20220921_090000.WAV,Telephone Field,recover-20220922,001,1795
1733.2265,1733.2623,68437,81340,Rhinolophus ferrumequinum,0.024,0.024,-1,Echolocation,/mnt/ubna_data_02_mir/recover-20220922/UBNA_001/20220921_090000.WAV,Telephone Field,recover-20220922,001,1795
1733.2305,1733.2395,28046,36552,Eptesicus serotinus,0.009,0.022,-1,Echolocation,/mnt/ubna_data_02_mir/recover-20220922/UBNA_001/20220921_090000.WAV,Telephone Field,recover-20220922,001,1795
1733.2505,1733.2927,68437,83236,Rhinolophus ferrumequinum,0.041,0.041,-1,Echolocation,/mnt/ubna_data_02_mir/recover-20220922/UBNA_001/20220921_090000.WAV,Telephone Field,recover-20220922,001,1795
1733.2575,1733.2708,22890,27733,Nyctalus leisleri,0.015,0.028,-1,Echolocation,/mnt/ubna_data_02_mir/recover-20220922/UBNA_001/20220921_090000.WAV,Telephone Field,recover-20220922,001,1795
1733.2755,1733.3167,68437,82585,Rhinolophus ferrumequinum,0.025,0.025,-1,Echolocation,/mnt/ubna_data_02_mir/recover-20220922/UBNA_001/20220921_090000.WAV,Telephone Field,recover-20220922,001,1795
1733.3215,1733.3616,68437,82494,Rhinolophus ferrumequinum,0.024,0.024,-1,Echolocation,/mnt/ubna_data_02_mir/recover-20220922/UBNA_001/20220921_090000.WAV,Telephone Field,recover-20220922,001,1795
1733.3265,1733.3374,22031,27337,Nyctalus leisleri,0.014,0.032,-1,Echolocation,/mnt/ubna_data_02_mir/recover-20220922/UBNA_001/20220921_090000.WAV,Telephone Field,recover-20220922,001,1795
1733.3405,1733.3774,68437,81509,Rhinolophus ferrumequinum,0.021,0.021,-1,Echolocation,/mnt/ubna_data_02_mir/recover-20220922/UBNA_001/20220921_090000.WAV,Telephone Field,recover-20220922,001,1795
1733.3675,1733.3784,23750,29829,Nyctalus leisleri,0.01,0.024,-1,Echolocation,/mnt/ubna_data_02_mir/recover-20220922/UBNA_001/20220921_090000.WAV,Telephone Field,recover-20220922,001,1795
1733.3695,1733.408,68437,82270,Rhinolophus ferrumequinum,0.024,0.024,-1,Echolocation,/mnt/ubna_data_02_mir/recover-20220922/UBNA_001/20220921_090000.WAV,Telephone Field,recover-20220922,001,1795
1733.3885,1733.4242,68437,81524,Rhinolophus ferrumequinum,0.025,0.025,-1,Echolocation,/mnt/ubna_data_02_mir/recover-20220922/UBNA_001/20220921_090000.WAV,Telephone Field,recover-20220922,001,1795
1733.4045,1733.44,68437,81442,Rhinolophus ferrumequinum,0.022,0.022,-1,Echolocation,/mnt/ubna_data_02_mir/recover-20220922/UBNA_001/20220921_090000.WAV,Telephone Field,recover-20220922,001,1795
1733.4045,1733.4172,26328,31386,Nyctalus leisleri,0.013,0.031,-1,Echolocation,/mnt/ubna_data_02_mir/recover-20220922/UBNA_001/20220921_090000.WAV,Telephone Field,recover-20220922,001,1795
1733.4125,1733.4493,68437,81607,Rhinolophus ferrumequinum,0.022,0.022,-1,Echolocation,/mnt/ubna_data_02_mir/recover-20220922/UBNA_001/20220921_090000.WAV,Telephone Field,recover-20220922,001,1795
1733.4875,1733.5282,68437,82104,Rhinolophus ferrumequinum,0.027,0.027,-1,Echolocation,/mnt/ubna_data_02_mir/recover-20220922/UBNA_001/20220921_090000.WAV,Telephone Field,recover-20220922,001,1795
1733.5095,1733.525,22890,26957,Nyctalus leisleri,0.017,0.029,-1,Echolocation,/mnt/ubna_data_02_mir/recover-20220922/UBNA_001/20220921_090000.WAV,Telephone Field,recover-20220922,001,1795
1733.5235,1733.5622,68437,82179,Rhinolophus ferrumequinum,0.022,0.022,-1,Echolocation,/mnt/ubna_data_02_mir/recover-20220922/UBNA_001/20220921_090000.WAV,Telephone Field,recover-20220922,001,1795
1733.5365,1733.575,68437,82105,Rhinolophus ferrumequinum,0.024,0.024,-1,Echolocation,/mnt/ubna_data_02_mir/recover-20220922/UBNA_001/20220921_090000.WAV,Telephone Field,recover-20220922,001,1795
1733.5455,1733.5531,28046,40709,Eptesicus serotinus,0.007,0.023,-1,Echolocation,/mnt/ubna_data_02_mir/recover-20220922/UBNA_001/20220921_090000.WAV,Telephone Field,recover-20220922,001,1795
1733.5625,1733.5706,28906,39864,Eptesicus serotinus,0.008,0.022,-1,Echolocation,/mnt/ubna_data_02_mir/recover-20220922/UBNA_001/20220921_090000.WAV,Telephone Field,recover-20220922,001,1795
1733.5715,1733.5801,29765,38943,Eptesicus serotinus,0.007,0.021,-1,Echolocation,/mnt/ubna_data_02_mir/recover-20220922/UBNA_001/20220921_090000.WAV,Telephone Field,recover-20220922,001,1795
1733.5715,1733.6076,68437,81090,Rhinolophus ferrumequinum,0.022,0.022,-1,Echolocation,/mnt/ubna_data_02_mir/recover-20220922/UBNA_001/20220921_090000.WAV,Telephone Field,recover-20220922,001,1795
1733.6535,1733.6615,50390,55357,Pipistrellus pipistrellus,0.019,0.022,-1,Echolocation,/mnt/ubna_data_02_mir/recover-20220922/UBNA_001/20220921_090000.WAV,Telephone Field,recover-20220922,001,1795
1733.6535,1733.6892,68437,81434,Rhinolophus ferrumequinum,0.021,0.021,-1,Echolocation,/mnt/ubna_data_02_mir/recover-20220922/UBNA_001/20220921_090000.WAV,Telephone Field,recover-20220922,001,1795
1733.6555,1733.6641,24609,33056,Plecotus austriacus,0.006,0.021,-1,Echolocation,/mnt/ubna_data_02_mir/recover-20220922/UBNA_001/20220921_090000.WAV,Telephone Field,recover-20220922,001,1795
1733.6675,1733.6817,23750,29272,Nyctalus leisleri,0.012,0.027,-1,Echolocation,/mnt/ubna_data_02_mir/recover-20220922/UBNA_001/20220921_090000.WAV,Telephone Field,recover-20220922,001,1795
1733.6715,1733.709,68437,81527,Rhinolophus ferrumequinum,0.023,0.023,-1,Echolocation,/mnt/ubna_data_02_mir/recover-20220922/UBNA_001/20220921_090000.WAV,Telephone Field,recover-20220922,001,1795
1733.6895,1733.7262,68437,81835,Rhinolophus ferrumequinum,0.023,0.023,-1,Echolocation,/mnt/ubna_data_02_mir/recover-20220922/UBNA_001/20220921_090000.WAV,Telephone Field,recover-20220922,001,1795
1733.7095,1733.7491,68437,82641,Rhinolophus ferrumequinum,0.024,0.025,-1,Echolocation,/mnt/ubna_data_02_mir/recover-20220922/UBNA_001/20220921_090000.WAV,Telephone Field,recover-20220922,001,1795
1733.7155,1733.7228,24609,33829,Plecotus austriacus,0.011,0.027,-1,Echolocation,/mnt/ubna_data_02_mir/recover-20220922/UBNA_001/20220921_090000.WAV,Telephone Field,recover-20220922,001,1795
1733.7385,1733.7777,68437,82455,Rhinolophus ferrumequinum,0.022,0.022,-1,Echolocation,/mnt/ubna_data_02_mir/recover-20220922/UBNA_001/20220921_090000.WAV,Telephone Field,recover-20220922,001,1795
1733.7745,1733.8126,68437,82040,Rhinolophus ferrumequinum,0.023,0.023,-1,Echolocation,/mnt/ubna_data_02_mir/recover-20220922/UBNA_001/20220921_090000.WAV,Telephone Field,recover-20220922,001,1795
1733.8015,1733.8104,24609,31757,Nyctalus leisleri,0.007,0.022,-1,Echolocation,/mnt/ubna_data_02_mir/recover-20220922/UBNA_001/20220921_090000.WAV,Telephone Field,recover-20220922,001,1795
1733.8085,1733.8427,68437,81607,Rhinolophus ferrumequinum,0.023,0.023,-1,Echolocation,/mnt/ubna_data_02_mir/recover-20220922/UBNA_001/20220921_090000.WAV,Telephone Field,recover-20220922,001,1795
1733.8245,1733.8612,68437,81560,Rhinolophus ferrumequinum,0.023,0.023,-1,Echolocation,/mnt/ubna_data_02_mir/recover-20220922/UBNA_001/20220921_090000.WAV,Telephone Field,recover-20220922,001,1795
1733.8865,1733.921,68437,81518,Rhinolophus ferrumequinum,0.022,0.022,-1,Echolocation,/mnt/ubna_data_02_mir/recover-20220922/UBNA_001/20220921_090000.WAV,Telephone Field,recover-20220922,001,1795
1733.8965,1733.9357,68437,81713,Rhinolophus ferrumequinum,0.023,0.023,-1,Echolocation,/mnt/ubna_data_02_mir/recover-20220922/UBNA_001/20220921_090000.WAV,Telephone Field,recover-20220922,001,1795
1733.9185,1733.9579,68437,82273,Rhinolophus ferrumequinum,0.024,0.024,-1,Echolocation,/mnt/ubna_data_02_mir/recover-20220922/UBNA_001/20220921_090000.WAV,Telephone Field,recover-20220922,001,1795
1733.9515,1733.9894,68437,81836,Rhinolophus ferrumequinum,0.023,0.023,-1,Echolocation,/mnt/ubna_data_02_mir/recover-20220922/UBNA_001/20220921_090000.WAV,Telephone Field,recover-20220922,001,1795
1733.9595,1733.9986,68437,82316,Rhinolophus ferrumequinum,0.023,0.023,-1,Echolocation,/mnt/ubna_data_02_mir/recover-20220922/UBNA_001/20220921_090000.WAV,Telephone Field,recover-20220922,001,1795
1733.9615,1733.9727,29765,36458,Eptesicus serotinus,0.011,0.025,-1,Echolocation,/mnt/ubna_data_02_mir/recover-20220922/UBNA_001/20220921_090000.WAV,Telephone Field,recover-20220922,001,1795
1734.0015,1734.0106,26328,35134,Eptesicus serotinus,0.01,0.03,-1,Echolocation,/mnt/ubna_data_02_mir/recover-20220922/UBNA_001/20220921_090000.WAV,Telephone Field,recover-20220922,001,1795
1734.0015,1734.0337,68437,80827,Rhinolophus ferrumequinum,0.027,0.028,-1,Echolocation,/mnt/ubna_data_02_mir/recover-20220922/UBNA_001/20220921_090000.WAV,Telephone Field,recover-20220922,001,1795
1734.0165,1734.0265,24609,30558,Nyctalus leisleri,0.009,0.023,-1,Echolocation,/mnt/ubna_data_02_mir/recover-20220922/UBNA_001/20220921_090000.WAV,Telephone Field,recover-20220922,001,1795
1734.0555,1734.095,68437,82497,Rhinolophus ferrumequinum,0.023,0.023,-1,Echolocation,/mnt/ubna_data_02_mir/recover-20220922/UBNA_001/20220921_090000.WAV,Telephone Field,recover-20220922,001,1795
1734.1295,1734.1716,68437,82699,Rhinolophus ferrumequinum,0.032,0.032,-1,Echolocation,/mnt/ubna_data_02_mir/recover-20220922/UBNA_001/20220921_090000.WAV,Telephone Field,recover-20220922,001,1795
1734.1555,1734.1921,68437,81526,Rhinolophus ferrumequinum,0.025,0.025,-1,Echolocation,/mnt/ubna_data_02_mir/recover-20220922/UBNA_001/20220921_090000.WAV,Telephone Field,recover-20220922,001,1795
1734.1695,1734.2059,68437,81527,Rhinolophus ferrumequinum,0.022,0.022,-1,Echolocation,/mnt/ubna_data_02_mir/recover-20220922/UBNA_001/20220921_090000.WAV,Telephone Field,recover-20220922,001,1795
1734.1755,1734.185,28906,36045,Eptesicus serotinus,0.009,0.023,-1,Echolocation,/mnt/ubna_data_02_mir/recover-20220922/UBNA_001/20220921_090000.WAV,Telephone Field,recover-20220922,001,1795
1734.2325,1734.2714,68437,82186,Rhinolophus ferrumequinum,0.023,0.023,-1,Echolocation,/mnt/ubna_data_02_mir/recover-20220922/UBNA_001/20220921_090000.WAV,Telephone Field,recover-20220922,001,1795
1734.3245,1734.3634,68437,81670,Rhinolophus ferrumequinum,0.024,0.024,-1,Echolocation,/mnt/ubna_data_02_mir/recover-20220922/UBNA_001/20220921_090000.WAV,Telephone Field,recover-20220922,001,1795
1734.3405,1734.3515,23750,28579,Nyctalus leisleri,0.015,0.029,-1,Echolocation,/mnt/ubna_data_02_mir/recover-20220922/UBNA_001/20220921_090000.WAV,Telephone Field,recover-20220922,001,1795
1734.3715,1734.4092,68437,82458,Rhinolophus ferrumequinum,0.024,0.024,-1,Echolocation,/mnt/ubna_data_02_mir/recover-20220922/UBNA_001/20220921_090000.WAV,Telephone Field,recover-20220922,001,1795
1734.3735,1734.384,24609,30551,Eptesicus serotinus,0.009,0.026,-1,Echolocation,/mnt/ubna_data_02_mir/recover-20220922/UBNA_001/20220921_090000.WAV,Telephone Field,recover-20220922,001,1795
1734.3865,1734.3944,48671,52606,Pipistrellus pipistrellus,0.019,0.021,-1,Echolocation,/mnt/ubna_data_02_mir/recover-20220922/UBNA_001/20220921_090000.WAV,Telephone Field,recover-20220922,001,1795
1734.3955,1734.4032,25468,35311,Eptesicus serotinus,0.008,0.026,-1,Echolocation,/mnt/ubna_data_02_mir/recover-20220922/UBNA_001/20220921_090000.WAV,Telephone Field,recover-20220922,001,1795
1734.4545,1734.4913,68437,81487,Rhinolophus ferrumequinum,0.026,0.026,-1,Echolocation,/mnt/ubna_data_02_mir/recover-20220922/UBNA_001/20220921_090000.WAV,Telephone Field,recover-20220922,001,1795
1734.4575,1734.4637,24609,36261,Plecotus austriacus,0.011,0.028,-1,Echolocation,/mnt/ubna_data_02_mir/recover-20220922/UBNA_001/20220921_090000.WAV,Telephone Field,recover-20220922,001,1795
1734.4655,1734.5037,68437,82051,Rhinolophus ferrumequinum,0.023,0.023,-1,Echolocation,/mnt/ubna_data_02_mir/recover-20220922/UBNA_001/20220921_090000.WAV,Telephone Field,recover-20220922,001,1795
1734.5005,1734.5373,68437,81665,Rhinolophus ferrumequinum,0.021,0.021,-1,Echolocation,/mnt/ubna_data_02_mir/recover-20220922/UBNA_001/20220921_090000.WAV,Telephone Field,recover-20220922,001,1795
1734.5025,1734.5108,28046,41088,Eptesicus serotinus,0.008,0.022,-1,Echolocation,/mnt/ubna_data_02_mir/recover-20220922/UBNA_001/20220921_090000.WAV,Telephone Field,recover-20220922,001,1795
1734.5365,1734.5798,68437,82875,Rhinolophus ferrumequinum,0.027,0.027,-1,Echolocation,/mnt/ubna_data_02_mir/recover-20220922/UBNA_001/20220921_090000.WAV,Telephone Field,recover-20220922,001,1795
1734.5495,1734.5635,22890,28342,Nyctalus leisleri,0.024,0.049,-1,Echolocation,/mnt/ubna_data_02_mir/recover-20220922/UBNA_001/20220921_090000.WAV,Telephone Field,recover-20220922,001,1795
1734.5825,1734.6189,68437,81792,Rhinolophus ferrumequinum,0.022,0.022,-1,Echolocation,/mnt/ubna_data_02_mir/recover-20220922/UBNA_001/20220921_090000.WAV,Telephone Field,recover-20220922,001,1795
1734.6365,1734.6771,68437,82199,Rhinolophus ferrumequinum,0.023,0.023,-1,Echolocation,/mnt/ubna_data_02_mir/recover-20220922/UBNA_001/20220921_090000.WAV,Telephone Field,recover-20220922,001,1795
1734.6445,1734.6859,68437,82896,Rhinolophus ferrumequinum,0.025,0.025,-1,Echolocation,/mnt/ubna_data_02_mir/recover-20220922/UBNA_001/20220921_090000.WAV,Telephone Field,recover-20220922,001,1795
1734.6525,1734.6619,28046,37866,Eptesicus serotinus,0.009,0.021,-1,Echolocation,/mnt/ubna_data_02_mir/recover-20220922/UBNA_001/20220921_090000.WAV,Telephone Field,recover-20220922,001,1795
1734.6885,1734.7277,68437,82351,Rhinolophus ferrumequinum,0.025,0.025,-1,Echolocation,/mnt/ubna_data_02_mir/recover-20220922/UBNA_001/20220921_090000.WAV,Telephone Field,recover-20220922,001,1795
1734.6935,1734.7052,22890,26881,Nyctalus leisleri,0.015,0.026,-1,Echolocation,/mnt/ubna_data_02_mir/recover-20220922/UBNA_001/20220921_090000.WAV,Telephone Field,recover-20220922,001,1795
1734.7395,1734.7822,68437,83430,Rhinolophus ferrumequinum,0.034,0.034,-1,Echolocation,/mnt/ubna_data_02_mir/recover-20220922/UBNA_001/20220921_090000.WAV,Telephone Field,recover-20220922,001,1795
1734.7415,1734.7499,27187,38047,Eptesicus serotinus,0.01,0.025,-1,Echolocation,/mnt/ubna_data_02_mir/recover-20220922/UBNA_001/20220921_090000.WAV,Telephone Field,recover-20220922,001,1795
1734.7685,1734.8068,68437,82393,Rhinolophus ferrumequinum,0.022,0.022,-1,Echolocation,/mnt/ubna_data_02_mir/recover-20220922/UBNA_001/20220921_090000.WAV,Telephone Field,recover-20220922,001,1795
1734.8155,1734.8553,68437,82917,Rhinolophus ferrumequinum,0.026,0.026,-1,Echolocation,/mnt/ubna_data_02_mir/recover-20220922/UBNA_001/20220921_090000.WAV,Telephone Field,recover-20220922,001,1795
1734.8235,1734.8628,68437,82608,Rhinolophus ferrumequinum,0.024,0.024,-1,Echolocation,/mnt/ubna_data_02_mir/recover-20220922/UBNA_001/20220921_090000.WAV,Telephone Field,recover-20220922,001,1795
1734.8375,1734.8778,68437,82631,Rhinolophus ferrumequinum,0.022,0.022,-1,Echolocation,/mnt/ubna_data_02_mir/recover-20220922/UBNA_001/20220921_090000.WAV,Telephone Field,recover-20220922,001,1795
1734.8895,1734.8957,28046,40127,Eptesicus serotinus,0.014,0.044,-1,Echolocation,/mnt/ubna_data_02_mir/recover-20220922/UBNA_001/20220921_090000.WAV,Telephone Field,recover-20220922,001,1795
1734.8995,1734.9376,68437,81992,Rhinolophus ferrumequinum,0.024,0.024,-1,Echolocation,/mnt/ubna_data_02_mir/recover-20220922/UBNA_001/20220921_090000.WAV,Telephone Field,recover-20220922,001,1795
1734.9115,1734.9194,26328,36868,Eptesicus serotinus,0.008,0.023,-1,Echolocation,/mnt/ubna_data_02_mir/recover-20220922/UBNA_001/20220921_090000.WAV,Telephone Field,recover-20220922,001,1795
1734.9185,1734.9529,68437,81087,Rhinolophus ferrumequinum,0.023,0.023,-1,Echolocation,/mnt/ubna_data_02_mir/recover-20220922/UBNA_001/20220921_090000.WAV,Telephone Field,recover-20220922,001,1795
1734.9365,1734.9744,68437,82020,Rhinolophus ferrumequinum,0.024,0.024,-1,Echolocation,/mnt/ubna_data_02_mir/recover-20220922/UBNA_001/20220921_090000.WAV,Telephone Field,recover-20220922,001,1795
1734.9715,1735.0116,68437,82927,Rhinolophus ferrumequinum,0.021,0.021,-1,Echolocation,/mnt/ubna_data_02_mir/recover-20220922/UBNA_001/20220921_090000.WAV,Telephone Field,recover-20220922,001,1795
1734.9745,1734.9826,26328,35092,Eptesicus serotinus,0.007,0.022,-1,Echolocation,/mnt/ubna_data_02_mir/recover-20220922/UBNA_001/20220921_090000.WAV,Telephone Field,recover-20220922,001,1795
1734.9905,1735.0284,68437,82129,Rhinolophus ferrumequinum,0.026,0.026,-1,Echolocation,/mnt/ubna_data_02_mir/recover-20220922/UBNA_001/20220921_090000.WAV,Telephone Field,recover-20220922,001,1795
1735.0015,1735.0116,49531,55250,Pipistrellus pipistrellus,0.02,0.023,-1,Echolocation,/mnt/ubna_data_02_mir/recover-20220922/UBNA_001/20220921_090000.WAV,Telephone Field,recover-20220922,001,1795
1735.0305,1735.0698,68437,82621,Rhinolophus ferrumequinum,0.032,0.032,-1,Echolocation,/mnt/ubna_data_02_mir/recover-20220922/UBNA_001/20220921_090000.WAV,Telephone Field,recover-20220922,001,1795
1735.0415,1735.0494,23750,31396,Plecotus austriacus,0.008,0.022,-1,Echolocation,/mnt/ubna_data_02_mir/recover-20220922/UBNA_001/20220921_090000.WAV,Telephone Field,recover-20220922,001,1795
1735.0725,1735.0833,22890,27843,Nyctalus leisleri,0.01,0.021,-1,Echolocation,/mnt/ubna_data_02_mir/recover-20220922/UBNA_001/20220921_090000.WAV,Telephone Field,recover-20220922,001,1795
1735.1015,1735.1423,68437,82770,Rhinolophus ferrumequinum,0.028,0.028,-1,Echolocation,/mnt/ubna_data_02_mir/recover-20220922/UBNA_001/20220921_090000.WAV,Telephone Field,recover-20220922,001,1795
1735.1105,1735.1495,68437,82764,Rhinolophus ferrumequinum,0.024,0.024,-1,Echolocation,/mnt/ubna_data_02_mir/recover-20220922/UBNA_001/20220921_090000.WAV,Telephone Field,recover-20220922,001,1795
1735.1355,1735.1451,28906,37558,Eptesicus serotinus,0.01,0.024,-1,Echolocation,/mnt/ubna_data_02_mir/recover-20220922/UBNA_001/20220921_090000.WAV,Telephone Field,recover-20220922,001,1795
1735.1355,1735.1766,68437,82226,Rhinolophus ferrumequinum,0.021,0.021,-1,Echolocation,/mnt/ubna_data_02_mir/recover-20220922/UBNA_001/20220921_090000.WAV,Telephone Field,recover-20220922,001,1795
1735.1665,1735.1733,24609,33991,Plecotus austriacus,0.01,0.03,-1,Echolocation,/mnt/ubna_data_02_mir/recover-20220922/UBNA_001/20220921_090000.WAV,Telephone Field,recover-20220922,001,1795
1735.1785,1735.2196,68437,82669,Rhinolophus ferrumequinum,0.023,0.023,-1,Echolocation,/mnt/ubna_data_02_mir/recover-20220922/UBNA_001/20220921_090000.WAV,Telephone Field,recover-20220922,001,1795
1735.2305,1735.2699,68437,82479,Rhinolophus ferrumequinum,0.026,0.026,-1,Echolocation,/mnt/ubna_data_02_mir/recover-20220922/UBNA_001/20220921_090000.WAV,Telephone Field,recover-20220922,001,1795
1735.2305,1735.2401,28046,38114,Eptesicus serotinus,0.01,0.024,-1,Echolocation,/mnt/ubna_data_02_mir/recover-20220922/UBNA_001/20220921_090000.WAV,Telephone Field,recover-20220922,001,1795
1735.2565,1735.2999,68437,83141,Rhinolophus ferrumequinum,0.026,0.026,-1,Echolocation,/mnt/ubna_data_02_mir/recover-20220922/UBNA_001/20220921_090000.WAV,Telephone Field,recover-20220922,001,1795
1735.3095,1735.3539,68437,83393,Rhinolophus ferrumequinum,0.034,0.034,-1,Echolocation,/mnt/ubna_data_02_mir/recover-20220922/UBNA_001/20220921_090000.WAV,Telephone Field,recover-20220922,001,1795
1735.3595,1735.3995,68437,82362,Rhinolophus ferrumequinum,0.022,0.022,-1,Echolocation,/mnt/ubna_data_02_mir/recover-20220922/UBNA_001/20220921_090000.WAV,Telephone Field,recover-20220922,001,1795
1735.3755,1735.3846,23750,30254,Nyctalus leisleri,0.008,0.022,-1,Echolocation,/mnt/ubna_data_02_mir/recover-20220922/UBNA_001/20220921_090000.WAV,Telephone Field,recover-20220922,001,1795
1735.3845,1735.395,22890,27937,Nyctalus leisleri,0.014,0.028,-1,Echolocation,/mnt/ubna_data_02_mir/recover-20220922/UBNA_001/20220921_090000.WAV,Telephone Field,recover-20220922,001,1795
1735.4335,1735.4454,24609,29712,Nyctalus leisleri,0.011,0.024,-1,Echolocation,/mnt/ubna_data_02_mir/recover-20220922/UBNA_001/20220921_090000.WAV,Telephone Field,recover-20220922,001,1795
1735.4435,1735.4542,23750,28034,Nyctalus leisleri,0.013,0.024,-1,Echolocation,/mnt/ubna_data_02_mir/recover-20220922/UBNA_001/20220921_090000.WAV,Telephone Field,recover-20220922,001,1795
1735.4635,1735.5,68437,81343,Rhinolophus ferrumequinum,0.024,0.024,-1,Echolocation,/mnt/ubna_data_02_mir/recover-20220922/UBNA_001/20220921_090000.WAV,Telephone Field,recover-20220922,001,1795
1735.4855,1735.4961,28906,35973,Eptesicus serotinus,0.014,0.027,-1,Echolocation,/mnt/ubna_data_02_mir/recover-20220922/UBNA_001/20220921_090000.WAV,Telephone Field,recover-20220922,001,1795
1735.4925,1735.5331,68437,82881,Rhinolophus ferrumequinum,0.027,0.027,-1,Echolocation,/mnt/ubna_data_02_mir/recover-20220922/UBNA_001/20220921_090000.WAV,Telephone Field,recover-20220922,001,1795
1735.5125,1735.5214,46953,55159,Pipistrellus pipistrellus,0.019,0.024,-1,Echolocation,/mnt/ubna_data_02_mir/recover-20220922/UBNA_001/20220921_090000.WAV,Telephone Field,recover-20220922,001,1795
1735.5475,1735.5892,68437,82569,Rhinolophus ferrumequinum,0.024,0.024,-1,Echolocation,/mnt/ubna_data_02_mir/recover-20220922/UBNA_001/20220921_090000.WAV,Telephone Field,recover-20220922,001,1795
1735.5905,1735.63,68437,82766,Rhinolophus ferrumequinum,0.022,0.022,-1,Echolocation,/mnt/ubna_data_02_mir/recover-20220922/UBNA_001/20220921_090000.WAV,Telephone Field,recover-20220922,001,1795
1735.5915,1735.5994,26328,35911,Eptesicus serotinus,0.01,0.026,-1,Echolocation,/mnt/ubna_data_02_mir/recover-20220922/UBNA_001/20220921_090000.WAV,Telephone Field,recover-20220922,001,1795
1735.6145,1735.6496,68437,81668,Rhinolophus ferrumequinum,0.023,0.023,-1,Echolocation,/mnt/ubna_data_02_mir/recover-20220922/UBNA_001/20220921_090000.WAV,Telephone Field,recover-20220922,001,1795
1735.6145,1735.622,27187,39773,Eptesicus serotinus,0.007,0.021,-1,Echolocation,/mnt/ubna_data_02_mir/recover-20220922/UBNA_001/20220921_090000.WAV,Telephone Field,recover-20220922,001,1795
1735.6385,1735.6811,68437,82455,Rhinolophus ferrumequinum,0.021,0.021,-1,Echolocation,/mnt/ubna_data_02_mir/recover-20220922/UBNA_001/20220921_090000.WAV,Telephone Field,recover-20220922,001,1795
1735.6475,1735.6891,68437,83196,Rhinolophus ferrumequinum,0.024,0.024,-1,Echolocation,/mnt/ubna_data_02_mir/recover-20220922/UBNA_001/20220921_090000.WAV,Telephone Field,recover-20220922,001,1795
1735.6795,1735.7184,68437,82261,Rhinolophus ferrumequinum,0.023,0.023,-1,Echolocation,/mnt/ubna_data_02_mir/recover-20220922/UBNA_001/20220921_090000.WAV,Telephone Field,recover-20220922,001,1795
1735.7035,1735.7455,68437,81934,Rhinolophus ferrumequinum,0.025,0.025,-1,Echolocation,/mnt/ubna_data_02_mir/recover-20220922/UBNA_001/20220921_090000.WAV,Telephone Field,recover-20220922,001,1795
1735.7165,1735.7288,22890,27693,Nyctalus leisleri,0.011,0.022,-1,Echolocation,/mnt/ubna_data_02_mir/recover-20220922/UBNA_001/20220921_090000.WAV,Telephone Field,recover-20220922,001,1795
1735.7185,1735.7578,68437,81473,Rhinolophus ferrumequinum,0.021,0.022,-1,Echolocation,/mnt/ubna_data_02_mir/recover-20220922/UBNA_001/20220921_090000.WAV,Telephone Field,recover-20220922,001,1795
1735.7285,1735.736,27187,37300,Eptesicus serotinus,0.008,0.023,-1,Echolocation,/mnt/ubna_data_02_mir/recover-20220922/UBNA_001/20220921_090000.WAV,Telephone Field,recover-20220922,001,1795
1735.7485,1735.7829,68437,81263,Rhinolophus ferrumequinum,0.021,0.021,-1,Echolocation,/mnt/ubna_data_02_mir/recover-20220922/UBNA_001/20220921_090000.WAV,Telephone Field,recover-20220922,001,1795
1735.7645,1735.778,27187,32877,Eptesicus serotinus,0.034,0.056,-1,Echolocation,/mnt/ubna_data_02_mir/recover-20220922/UBNA_001/20220921_090000.WAV,Telephone Field,recover-20220922,001,1795
1735.7665,1735.8046,68437,82121,Rhinolophus ferrumequinum,0.026,0.026,-1,Echolocation,/mnt/ubna_data_02_mir/recover-20220922/UBNA_001/20220921_090000.WAV,Telephone Field,recover-20220922,001,1795
1735.7895,1735.7986,28906,37838,Eptesicus serotinus,0.007,0.022,-1,Echolocation,/mnt/ubna_data_02_mir/recover-20220922/UBNA_001/20220921_090000.WAV,Telephone Field,recover-20220922,001,1795
1735.7975,1735.8401,68437,82971,Rhinolophus ferrumequinum,0.031,0.031,-1,Echolocation,/mnt/ubna_data_02_mir/recover-20220922/UBNA_001/20220921_090000.WAV,Telephone Field,recover-20220922,001,1795
1735.8275,1735.867,68437,82185,Rhinolophus ferrumequinum,0.024,0.024,-1,Echolocation,/mnt/ubna_data_02_mir/recover-20220922/UBNA_001/20220921_090000.WAV,Telephone Field,recover-20220922,001,1795
1735.8775,1735.8882,23750,29568,Nyctalus leisleri,0.016,0.044,-1,Echolocation,/mnt/ubna_data_02_mir/recover-20220922/UBNA_001/20220921_090000.WAV,Telephone Field,recover-20220922,001,1795
1735.9025,1735.9432,68437,82412,Rhinolophus ferrumequinum,0.024,0.024,-1,Echolocation,/mnt/ubna_data_02_mir/recover-20220922/UBNA_001/20220921_090000.WAV,Telephone Field,recover-20220922,001,1795
1735.9175,1735.9281,22890,27682,Nyctalus leisleri,0.012,0.025,-1,Echolocation,/mnt/ubna_data_02_mir/recover-20220922/UBNA_001/20220921_090000.WAV,Telephone Field,recover-20220922,001,1795
1735.9305,1735.939,48671,56268,Pipistrellus pipistrellus,0.019,0.022,-1,Echolocation,/mnt/ubna_data_02_mir/recover-20220922/UBNA_001/20220921_090000.WAV,Telephone Field,recover-20220922,001,1795
1735.9475,1735.9849,68437,82273,Rhinolophus ferrumequinum,0.023,0.023,-1,Echolocation,/mnt/ubna_data_02_mir/recover-20220922/UBNA_001/20220921_090000.WAV,Telephone Field,recover-20220922,001,1795
1735.9745,1735.9846,22890,28853,Nyctalus leisleri,0.009,0.023,-1,Echolocation,/mnt/ubna_data_02_mir/recover-20220922/UBNA_001/20220921_090000.WAV,Telephone Field,recover-20220922,001,1795
1736.0015,1736.035,68437,80192,Rhinolophus ferrumequinum,0.027,0.028,-1,Echolocation,/mnt/ubna_data_02_mir/recover-20220922/UBNA_001/20220921_090000.WAV,Telephone Field,recover-20220922,001,1795
1736.0015,1736.0091,48671,55982,Pipistrellus pipistrellus,0.021,0.026,-1,Echolocation,/mnt/ubna_data_02_mir/recover-20220922/UBNA_001/20220921_090000.WAV,Telephone Field,recover-20220922,001,1795
1736.0015,1736.0109,26328,35932,Eptesicus serotinus,0.011,0.033,-1,Echolocation,/mnt/ubna_data_02_mir/recover-20220922/UBNA_001/20220921_090000.WAV,Telephone Field,recover-20220922,001,1795
1736.0235,1736.032,28906,41699,Eptesicus serotinus,0.01,0.027,-1,Echolocation,/mnt/ubna_data_02_mir/recover-20220922/UBNA_001/20220921_090000.WAV,Telephone Field,recover-20220922,001,1795
1736.0245,1736.031,34921,46064,Myotis daubentonii,0.01,0.025,-1,Echolocation,/mnt/ubna_data_02_mir/recover-20220922/UBNA_001/20220921_090000.WAV,Telephone Field,recover-20220922,001,1795
1736.0295,1736.0667,68437,81627,Rhinolophus ferrumequinum,0.023,0.024,-1,Echolocation,/mnt/ubna_data_02_mir/recover-20220922/UBNA_001/20220921_090000.WAV,Telephone Field,recover-20220922,001,1795
1736.0435,1736.0738,68437,80372,Rhinolophus ferrumequinum,0.021,0.021,-1,Echolocation,/mnt/ubna_data_02_mir/recover-20220922/UBNA_001/20220921_090000.WAV,Telephone Field,recover-20220922,001,1795
1736.0495,1736.0612,25468,33250,Eptesicus serotinus,0.012,0.026,-1,Echolocation,/mnt/ubna_data_02_mir/recover-20220922/UBNA_001/20220921_090000.WAV,Telephone Field,recover-20220922,001,1795
1736.0775,1736.1145,68437,82283,Rhinolophus ferrumequinum,0.022,0.022,-1,Echolocation,/mnt/ubna_data_02_mir/recover-20220922/UBNA_001/20220921_090000.WAV,Telephone Field,recover-20220922,001,1795
1736.0855,1736.0951,60703,66453,Pipistrellus pygmaeus,0.021,0.023,-1,Echolocation,/mnt/ubna_data_02_mir/recover-20220922/UBNA_001/20220921_090000.WAV,Telephone Field,recover-20220922,001,1795
1736.0955,1736.1314,68437,81208,Rhinolophus ferrumequinum,0.022,0.022,-1,Echolocation,/mnt/ubna_data_02_mir/recover-20220922/UBNA_001/20220921_090000.WAV,Telephone Field,recover-20220922,001,1795
1736.1035,1736.1124,27187,36577,Eptesicus serotinus,0.008,0.021,-1,Echolocation,/mnt/ubna_data_02_mir/recover-20220922/UBNA_001/20220921_090000.WAV,Telephone Field,recover-20220922,001,1795
1736.1225,1736.1582,68437,82049,Rhinolophus ferrumequinum,0.023,0.023,-1,Echolocation,/mnt/ubna_data_02_mir/recover-20220922/UBNA_001/20220921_090000.WAV,Telephone Field,recover-20220922,001,1795
1736.1875,1736.2287,68437,82628,Rhinolophus ferrumequinum,0.024,0.024,-1,Echolocation,/mnt/ubna_data_02_mir/recover-20220922/UBNA_001/20220921_090000.WAV,Telephone Field,recover-20220922,001,1795
1736.1915,1736.199,28046,39948,Eptesicus serotinus,0.007,0.023,-1,Echolocation,/mnt/ubna_data_02_mir/recover-20220922/UBNA_001/20220921_090000.WAV,Telephone Field,recover-20220922,001,1795
1736.2135,1736.2225,28046,39454,Eptesicus serotinus,0.008,0.021,-1,Echolocation,/mnt/ubna_data_02_mir/recover-20220922/UBNA_001/20220921_090000.WAV,Telephone Field,recover-20220922,001,1795
1736.2145,1736.2555,68437,82953,Rhinolophus ferrumequinum,0.026,0.026,-1,Echolocation,/mnt/ubna_data_02_mir/recover-20220922/UBNA_001/20220921_090000.WAV,Telephone Field,recover-20220922,001,1795
1736.2385,1736.2457,28046,39818,Eptesicus serotinus,0.007,0.022,-1,Echolocation,/mnt/ubna_data_02_mir/recover-20220922/UBNA_001/20220921_090000.WAV,Telephone Field,recover-20220922,001,1795
1736.2715,1736.3103,68437,81825,Rhinolophus ferrumequinum,0.022,0.022,-1,Echolocation,/mnt/ubna_data_02_mir/recover-20220922/UBNA_001/20220921_090000.WAV,Telephone Field,recover-20220922,001,1795
1736.2755,1736.2838,26328,35413,Eptesicus serotinus,0.009,0.026,-1,Echolocation,/mnt/ubna_data_02_mir/recover-20220922/UBNA_001/20220921_090000.WAV,Telephone Field,recover-20220922,001,1795
1736.3045,1736.3135,24609,32626,Nyctalus leisleri,0.009,0.027,-1,Echolocation,/mnt/ubna_data_02_mir/recover-20220922/UBNA_001/20220921_090000.WAV,Telephone Field,recover-20220922,001,1795
1736.3045,1736.3417,68437,81349,Rhinolophus ferrumequinum,0.024,0.024,-1,Echolocation,/mnt/ubna_data_02_mir/recover-20220922/UBNA_001/20220921_090000.WAV,Telephone Field,recover-20220922,001,1795
1736.3245,1736.3343,27187,36974,Eptesicus serotinus,0.009,0.022,-1,Echolocation,/mnt/ubna_data_02_mir/recover-20220922/UBNA_001/20220921_090000.WAV,Telephone Field,recover-20220922,001,1795
1736.3445,1736.3507,25468,37880,Plecotus austriacus,0.015,0.043,-1,Echolocation,/mnt/ubna_data_02_mir/recover-20220922/UBNA_001/20220921_090000.WAV,Telephone Field,recover-20220922,001,1795
1736.3655,1736.4037,68437,81854,Rhinolophus ferrumequinum,0.023,0.023,-1,Echolocation,/mnt/ubna_data_02_mir/recover-20220922/UBNA_001/20220921_090000.WAV,Telephone Field,recover-20220922,001,1795
1736.3845,1736.418,68437,81448,Rhinolophus ferrumequinum,0.021,0.021,-1,Echolocation,/mnt/ubna_data_02_mir/recover-20220922/UBNA_001/20220921_090000.WAV,Telephone Field,recover-20220922,001,1795
1736.4185,1736.43,27187,33573,Eptesicus serotinus,0.02,0.038,-1,Echolocation,/mnt/ubna_data_02_mir/recover-20220922/UBNA_001/20220921_090000.WAV,Telephone Field,recover-20220922,001,1795
1736.4465,1736.4856,68437,81557,Rhinolophus ferrumequinum,0.022,0.022,-1,Echolocation,/mnt/ubna_data_02_mir/recover-20220922/UBNA_001/20220921_090000.WAV,Telephone Field,recover-20220922,001,1795
1736.4485,1736.4577,24609,32326,Eptesicus serotinus,0.007,0.022,-1,Echolocation,/mnt/ubna_data_02_mir/recover-20220922/UBNA_001/20220921_090000.WAV,Telephone Field,recover-20220922,001,1795
1736.4565,1736.4968,68437,81645,Rhinolophus ferrumequinum,0.021,0.021,-1,Echolocation,/mnt/ubna_data_02_mir/recover-20220922/UBNA_001/20220921_090000.WAV,Telephone Field,recover-20220922,001,1795
1736.4625,1736.4706,25468,34776,Eptesicus serotinus,0.007,0.021,-1,Echolocation,/mnt/ubna_data_02_mir/recover-20220922/UBNA_001/20220921_090000.WAV,Telephone Field,recover-20220922,001,1795
1736.4715,1736.5116,68437,82508,Rhinolophus ferrumequinum,0.024,0.024,-1,Echolocation,/mnt/ubna_data_02_mir/recover-20220922/UBNA_001/20220921_090000.WAV,Telephone Field,recover-20220922,001,1795
1736.4765,1736.4835,27187,38757,Eptesicus serotinus,0.006,0.021,-1,Echolocation,/mnt/ubna_data_02_mir/recover-20220922/UBNA_001/20220921_090000.WAV,Telephone Field,recover-20220922,001,1795
1736.4935,1736.4999,24609,38001,Plecotus austriacus,0.01,0.032,-1,Echolocation,/mnt/ubna_data_02_mir/recover-20220922/UBNA_001/20220921_090000.WAV,Telephone Field,recover-20220922,001,1795
1736.4945,1736.5015,28906,40612,Myotis daubentonii,0.008,0.031,-1,Echolocation,/mnt/ubna_data_02_mir/recover-20220922/UBNA_001/20220921_090000.WAV,Telephone Field,recover-20220922,001,1795
1736.5175,1736.5581,68437,82255,Rhinolophus ferrumequinum,0.025,0.025,-1,Echolocation,/mnt/ubna_data_02_mir/recover-20220922/UBNA_001/20220921_090000.WAV,Telephone Field,recover-20220922,001,1795
1736.5325,1736.5405,28046,40089,Eptesicus serotinus,0.007,0.023,-1,Echolocation,/mnt/ubna_data_02_mir/recover-20220922/UBNA_001/20220921_090000.WAV,Telephone Field,recover-20220922,001,1795
1736.5335,1736.5768,68437,83293,Rhinolophus ferrumequinum,0.024,0.025,-1,Echolocation,/mnt/ubna_data_02_mir/recover-20220922/UBNA_001/20220921_090000.WAV,Telephone Field,recover-20220922,001,1795
1736.5435,1736.5863,68437,83317,Rhinolophus ferrumequinum,0.026,0.026,-1,Echolocation,/mnt/ubna_data_02_mir/recover-20220922/UBNA_001/20220921_090000.WAV,Telephone Field,recover-20220922,001,1795
1736.5625,1736.602,68437,81562,Rhinolophus ferrumequinum,0.022,0.022,-1,Echolocation,/mnt/ubna_data_02_mir/recover-20220922/UBNA_001/20220921_090000.WAV,Telephone Field,recover-20220922,001,1795
1736.5835,1736.5962,37500,42524,Pipistrellus nathusii,0.011,0.022,-1,Echolocation,/mnt/ubna_data_02_mir/recover-20220922/UBNA_001/20220921_090000.WAV,Telephone Field,recover-20220922,001,1795
1736.6245,1736.6667,68437,82453,Rhinolophus ferrumequinum,0.022,0.022,-1,Echolocation,/mnt/ubna_data_02_mir/recover-20220922/UBNA_001/20220921_090000.WAV,Telephone Field,recover-20220922,001,1795
1736.6835,1736.7234,68437,82331,Rhinolophus ferrumequinum,0.025,0.025,-1,Echolocation,/mnt/ubna_data_02_mir/recover-20220922/UBNA_001/20220921_090000.WAV,Telephone Field,recover-20220922,001,1795
1736.7055,1736.7263,19453,22181,Nyctalus leisleri,0.012,0.022,-1,Echolocation,/mnt/ubna_data_02_mir/recover-20220922/UBNA_001/20220921_090000.WAV,Telephone Field,recover-20220922,001,1795
1736.7125,1736.7539,68437,82319,Rhinolophus ferrumequinum,0.022,0.022,-1,Echolocation,/mnt/ubna_data_02_mir/recover-20220922/UBNA_001/20220921_090000.WAV,Telephone Field,recover-20220922,001,1795
1736.7225,1736.7306,27187,38658,Eptesicus serotinus,0.008,0.021,-1,Echolocation,/mnt/ubna_data_02_mir/recover-20220922/UBNA_001/20220921_090000.WAV,Telephone Field,recover-20220922,001,1795
1736.7435,1736.7833,68437,82584,Rhinolophus ferrumequinum,0.021,0.021,-1,Echolocation,/mnt/ubna_data_02_mir/recover-20220922/UBNA_001/20220921_090000.WAV,Telephone Field,recover-20220922,001,1795
1736.7505,1736.7897,68437,82008,Rhinolophus ferrumequinum,0.021,0.021,-1,Echolocation,/mnt/ubna_data_02_mir/recover-20220922/UBNA_001/20220921_090000.WAV,Telephone Field,recover-20220922,001,1795
1736.7535,1736.7614,47812,54736,Pipistrellus pipistrellus,0.019,0.022,-1,Echolocation,/mnt/ubna_data_02_mir/recover-20220922/UBNA_001/20220921_090000.WAV,Telephone Field,recover-20220922,001,1795
1736.7815,1736.8237,68437,82799,Rhinolophus ferrumequinum,0.024,0.024,-1,Echolocation,/mnt/ubna_data_02_mir/recover-20220922/UBNA_001/20220921_090000.WAV,Telephone Field,recover-20220922,001,1795
1736.7905,1736.8003,22890,28484,Nyctalus leisleri,0.008,0.021,-1,Echolocation,/mnt/ubna_data_02_mir/recover-20220922/UBNA_001/20220921_090000.WAV,Telephone Field,recover-20220922,001,1795
1736.8205,1736.831,22890,28400,Nyctalus leisleri,0.009,0.021,-1,Echolocation,/mnt/ubna_data_02_mir/recover-20220922/UBNA_001/20220921_090000.WAV,Telephone Field,recover-20220922,001,1795
1736.8395,1736.8486,26328,34983,Eptesicus serotinus,0.01,0.025,-1,Echolocation,/mnt/ubna_data_02_mir/recover-20220922/UBNA_001/20220921_090000.WAV,Telephone Field,recover-20220922,001,1795
1736.8665,1736.9057,68437,81941,Rhinolophus ferrumequinum,0.023,0.023,-1,Echolocation,/mnt/ubna_data_02_mir/recover-20220922/UBNA_001/20220921_090000.WAV,Telephone Field,recover-20220922,001,1795
1736.8705,1736.8799,28906,36806,Eptesicus serotinus,0.014,0.032,-1,Echolocation,/mnt/ubna_data_02_mir/recover-20220922/UBNA_001/20220921_090000.WAV,Telephone Field,recover-20220922,001,1795
1736.8735,1736.9121,68437,81777,Rhinolophus ferrumequinum,0.024,0.024,-1,Echolocation,/mnt/ubna_data_02_mir/recover-20220922/UBNA_001/20220921_090000.WAV,Telephone Field,recover-20220922,001,1795
1736.9115,1736.9547,68437,82710,Rhinolophus ferrumequinum,0.024,0.024,-1,Echolocation,/mnt/ubna_data_02_mir/recover-20220922/UBNA_001/20220921_090000.WAV,Telephone Field,recover-20220922,001,1795
1736.9325,1736.9422,28046,37468,Eptesicus serotinus,0.009,0.022,-1,Echolocation,/mnt/ubna_data_02_mir/recover-20220922/UBNA_001/20220921_090000.WAV,Telephone Field,recover-20220922,001,1795
1736.9675,1737.0087,68437,82026,Rhinolophus ferrumequinum,0.028,0.028,-1,Echolocation,/mnt/ubna_data_02_mir/recover-20220922/UBNA_001/20220921_090000.WAV,Telephone Field,recover-20220922,001,1795
1737.0065,1737.0459,68437,82192,Rhinolophus ferrumequinum,0.029,0.029,-1,Echolocation,/mnt/ubna_data_02_mir/recover-20220922/UBNA_001/20220921_090000.WAV,Telephone Field,recover-20220922,001,1795
1737.0425,1737.0794,68437,81914,Rhinolophus ferrumequinum,0.021,0.021,-1,Echolocation,/mnt/ubna_data_02_mir/recover-20220922/UBNA_001/20220921_090000.WAV,Telephone Field,recover-20220922,001,1795
1737.0695,1737.1096,68437,81903,Rhinolophus ferrumequinum,0.021,0.021,-1,Echolocation,/mnt/ubna_data_02_mir/recover-20220922/UBNA_001/20220921_090000.WAV,Telephone Field,recover-20220922,001,1795
1737.0765,1737.117,68437,82641,Rhinolophus ferrumequinum,0.023,0.023,-1,Echolocation,/mnt/ubna_data_02_mir/recover-20220922/UBNA_001/20220921_090000.WAV,Telephone Field,recover-20220922,001,1795
1737.1235,1737.1634,68437,82311,Rhinolophus ferrumequinum,0.021,0.021,-1,Echolocation,/mnt/ubna_data_02_mir/recover-20220922/UBNA_001/20220921_090000.WAV,Telephone Field,recover-20220922,001,1795
1737.1265,1737.1369,44375,50976,Pipistrellus pipistrellus,0.016,0.023,-1,Echolocation,/mnt/ubna_data_02_mir/recover-20220922/UBNA_001/20220921_090000.WAV,Telephone Field,recover-20220922,001,1795
1737.1295,1737.1366,26328,37984,Eptesicus serotinus,0.006,0.021,-1,Echolocation,/mnt/ubna_data_02_mir/recover-20220922/UBNA_001/20220921_090000.WAV,Telephone Field,recover-20220922,001,1795
1737.2085,1737.2193,28046,37476,Eptesicus serotinus,0.01,0.022,-1,Echolocation,/mnt/ubna_data_02_mir/recover-20220922/UBNA_001/20220921_090000.WAV,Telephone Field,recover-20220922,001,1795
1737.2205,1737.2597,68437,81909,Rhinolophus ferrumequinum,0.023,0.023,-1,Echolocation,/mnt/ubna_data_02_mir/recover-20220922/UBNA_001/20220921_090000.WAV,Telephone Field,recover-20220922,001,1795
1737.2395,1737.2456,28046,40225,Eptesicus serotinus,0.005,0.024,-1,Echolocation,/mnt/ubna_data_02_mir/recover-20220922/UBNA_001/20220921_090000.WAV,Telephone Field,recover-20220922,001,1795
1737.2475,1737.2541,50390,56463,Pipistrellus pipistrellus,0.024,0.027,-1,Echolocation,/mnt/ubna_data_02_mir/recover-20220922/UBNA_001/20220921_090000.WAV,Telephone Field,recover-20220922,001,1795
1737.2555,1737.265,26328,36011,Eptesicus serotinus,0.008,0.022,-1,Echolocation,/mnt/ubna_data_02_mir/recover-20220922/UBNA_001/20220921_090000.WAV,Telephone Field,recover-20220922,001,1795
1737.2775,1737.3169,68437,82864,Rhinolophus ferrumequinum,0.024,0.024,-1,Echolocation,/mnt/ubna_data_02_mir/recover-20220922/UBNA_001/20220921_090000.WAV,Telephone Field,recover-20220922,001,1795
1737.3225,1737.3595,68437,81578,Rhinolophus ferrumequinum,0.022,0.022,-1,Echolocation,/mnt/ubna_data_02_mir/recover-20220922/UBNA_001/20220921_090000.WAV,Telephone Field,recover-20220922,001,1795
1737.3285,1737.3358,28046,39551,Eptesicus serotinus,0.007,0.024,-1,Echolocation,/mnt/ubna_data_02_mir/recover-20220922/UBNA_001/20220921_090000.WAV,Telephone Field,recover-20220922,001,1795
1737.3385,1737.3792,68437,82370,Rhinolophus ferrumequinum,0.024,0.024,-1,Echolocation,/mnt/ubna_data_02_mir/recover-20220922/UBNA_001/20220921_090000.WAV,Telephone Field,recover-20220922,001,1795
1737.3395,1737.3496,23750,29349,Nyctalus leisleri,0.009,0.021,-1,Echolocation,/mnt/ubna_data_02_mir/recover-20220922/UBNA_001/20220921_090000.WAV,Telephone Field,recover-20220922,001,1795
1737.3735,1737.3805,24609,35403,Plecotus austriacus,0.01,0.026,-1,Echolocation,/mnt/ubna_data_02_mir/recover-20220922/UBNA_001/20220921_090000.WAV,Telephone Field,recover-20220922,001,1795
1737.3755,1737.4127,68437,81755,Rhinolophus ferrumequinum,0.024,0.024,-1,Echolocation,/mnt/ubna_data_02_mir/recover-20220922/UBNA_001/20220921_090000.WAV,Telephone Field,recover-20220922,001,1795
1737.4105,1737.4196,28046,38256,Eptesicus serotinus,0.008,0.022,-1,Echolocation,/mnt/ubna_data_02_mir/recover-20220922/UBNA_001/20220921_090000.WAV,Telephone Field,recover-20220922,001,1795
1737.4225,1737.4336,23750,29220,Nyctalus leisleri,0.01,0.023,-1,Echolocation,/mnt/ubna_data_02_mir/recover-20220922/UBNA_001/20220921_090000.WAV,Telephone Field,recover-20220922,001,1795
1737.4295,1737.4403,25468,31673,Eptesicus serotinus,0.009,0.023,-1,Echolocation,/mnt/ubna_data_02_mir/recover-20220922/UBNA_001/20220921_090000.WAV,Telephone Field,recover-20220922,001,1795
1737.4445,1737.4541,48671,52475,Pipistrellus pipistrellus,0.022,0.025,-1,Echolocation,/mnt/ubna_data_02_mir/recover-20220922/UBNA_001/20220921_090000.WAV,Telephone Field,recover-20220922,001,1795
1737.4705,1737.4812,28906,36759,Eptesicus serotinus,0.011,0.025,-1,Echolocation,/mnt/ubna_data_02_mir/recover-20220922/UBNA_001/20220921_090000.WAV,Telephone Field,recover-20220922,001,1795
1737.4955,1737.5063,28906,35939,Eptesicus serotinus,0.012,0.025,-1,Echolocation,/mnt/ubna_data_02_mir/recover-20220922/UBNA_001/20220921_090000.WAV,Telephone Field,recover-20220922,001,1795
1737.5015,1737.5439,68437,83402,Rhinolophus ferrumequinum,0.03,0.03,-1,Echolocation,/mnt/ubna_data_02_mir/recover-20220922/UBNA_001/20220921_090000.WAV,Telephone Field,recover-20220922,001,1795
1737.5105,1737.5183,27187,38710,Eptesicus serotinus,0.007,0.021,-1,Echolocation,/mnt/ubna_data_02_mir/recover-20220922/UBNA_001/20220921_090000.WAV,Telephone Field,recover-20220922,001,1795
1737.5215,1737.5352,22031,25423,Nyctalus leisleri,0.013,0.021,-1,Echolocation,/mnt/ubna_data_02_mir/recover-20220922/UBNA_001/20220921_090000.WAV,Telephone Field,recover-20220922,001,1795
1737.5435,1737.5538999999999,23750,29832,Nyctalus leisleri,0.009,0.024,-1,Echolocation,/mnt/ubna_data_02_mir/recover-20220922/UBNA_001/20220921_090000.WAV,Telephone Field,recover-20220922,001,1795
1737.5665,1737.5771,23750,29812,Nyctalus leisleri,0.01,0.023,-1,Echolocation,/mnt/ubna_data_02_mir/recover-20220922/UBNA_001/20220921_090000.WAV,Telephone Field,recover-20220922,001,1795
1737.6355,1737.6728,68437,82079,Rhinolophus ferrumequinum,0.021,0.021,-1,Echolocation,/mnt/ubna_data_02_mir/recover-20220922/UBNA_001/20220921_090000.WAV,Telephone Field,recover-20220922,001,1795
1737.6905,1737.7311,68437,82273,Rhinolophus ferrumequinum,0.028,0.028,-1,Echolocation,/mnt/ubna_data_02_mir/recover-20220922/UBNA_001/20220921_090000.WAV,Telephone Field,recover-20220922,001,1795
1737.7655,1737.7824,17734,21874,Nyctalus noctula,0.014,0.022,-1,Echolocation,/mnt/ubna_data_02_mir/recover-20220922/UBNA_001/20220921_090000.WAV,Telephone Field,recover-20220922,001,1795
1737.7995,1737.8105,58125,63149,Pipistrellus pygmaeus,0.021,0.021,-1,Echolocation,/mnt/ubna_data_02_mir/recover-20220922/UBNA_001/20220921_090000.WAV,Telephone Field,recover-20220922,001,1795
1737.8065,1737.8156,28046,37854,Eptesicus serotinus,0.008,0.021,-1,Echolocation,/mnt/ubna_data_02_mir/recover-20220922/UBNA_001/20220921_090000.WAV,Telephone Field,recover-20220922,001,1795
1737.8155,1737.8231,28046,38184,Eptesicus serotinus,0.007,0.022,-1,Echolocation,/mnt/ubna_data_02_mir/recover-20220922/UBNA_001/20220921_090000.WAV,Telephone Field,recover-20220922,001,1795
1737.8345,1737.8723,68437,82210,Rhinolophus ferrumequinum,0.021,0.021,-1,Echolocation,/mnt/ubna_data_02_mir/recover-20220922/UBNA_001/20220921_090000.WAV,Telephone Field,recover-20220922,001,1795
1737.8925,1737.9185,18593,21927,Nyctalus noctula,0.045,0.063,-1,Echolocation,/mnt/ubna_data_02_mir/recover-20220922/UBNA_001/20220921_090000.WAV,Telephone Field,recover-20220922,001,1795
1737.9015,1737.9354,68437,80423,Rhinolophus ferrumequinum,0.021,0.021,-1,Echolocation,/mnt/ubna_data_02_mir/recover-20220922/UBNA_001/20220921_090000.WAV,Telephone Field,recover-20220922,001,1795
1737.9065,1737.9165,28046,35741,Eptesicus serotinus,0.009,0.022,-1,Echolocation,/mnt/ubna_data_02_mir/recover-20220922/UBNA_001/20220921_090000.WAV,Telephone Field,recover-20220922,001,1795
1737.9235,1737.9584,68437,81341,Rhinolophus ferrumequinum,0.023,0.023,-1,Echolocation,/mnt/ubna_data_02_mir/recover-20220922/UBNA_001/20220921_090000.WAV,Telephone Field,recover-20220922,001,1795
1737.9315,1737.9669,68437,81193,Rhinolophus ferrumequinum,0.022,0.022,-1,Echolocation,/mnt/ubna_data_02_mir/recover-20220922/UBNA_001/20220921_090000.WAV,Telephone Field,recover-20220922,001,1795
1737.9515,1737.984,68437,81287,Rhinolophus ferrumequinum,0.029,0.029,-1,Echolocation,/mnt/ubna_data_02_mir/recover-20220922/UBNA_001/20220921_090000.WAV,Telephone Field,recover-20220922,001,1795
1738.0015,1738.0089,45234,50032,Pipistrellus pipistrellus,0.018,0.022,-1,Echolocation,/mnt/ubna_data_02_mir/recover-20220922/UBNA_001/20220921_090000.WAV,Telephone Field,recover-20220922,001,1795
1738.0015,1738.0099,25468,35632,Nyctalus leisleri,0.007,0.026,-1,Echolocation,/mnt/ubna_data_02_mir/recover-20220922/UBNA_001/20220921_090000.WAV,Telephone Field,recover-20220922,001,1795
1738.0015,1738.0326,69296,81548,Rhinolophus ferrumequinum,0.027,0.027,-1,Echolocation,/mnt/ubna_data_02_mir/recover-20220922/UBNA_001/20220921_090000.WAV,Telephone Field,recover-20220922,001,1795
1738.0015,1738.0149,20312,24895,Nyctalus leisleri,0.015,0.029,-1,Echolocation,/mnt/ubna_data_02_mir/recover-20220922/UBNA_001/20220921_090000.WAV,Telephone Field,recover-20220922,001,1795
1738.0105,1738.0183,28046,41330,Eptesicus serotinus,0.008,0.024,-1,Echolocation,/mnt/ubna_data_02_mir/recover-20220922/UBNA_001/20220921_090000.WAV,Telephone Field,recover-20220922,001,1795
1738.0105,1738.0176,33203,46659,Myotis daubentonii,0.008,0.023,-1,Echolocation,/mnt/ubna_data_02_mir/recover-20220922/UBNA_001/20220921_090000.WAV,Telephone Field,recover-20220922,001,1795
1738.0125,1738.0229,22031,26877,Nyctalus leisleri,0.012,0.023,-1,Echolocation,/mnt/ubna_data_02_mir/recover-20220922/UBNA_001/20220921_090000.WAV,Telephone Field,recover-20220922,001,1795
1738.0145,1738.0224,50390,56909,Pipistrellus pipistrellus,0.018,0.023,-1,Echolocation,/mnt/ubna_data_02_mir/recover-20220922/UBNA_001/20220921_090000.WAV,Telephone Field,recover-20220922,001,1795
1738.0235,1738.0665,68437,82626,Rhinolophus ferrumequinum,0.025,0.025,-1,Echolocation,/mnt/ubna_data_02_mir/recover-20220922/UBNA_001/20220921_090000.WAV,Telephone Field,recover-20220922,001,1795
1738.0265,1738.0361,25468,33473,Eptesicus serotinus,0.013,0.032,-1,Echolocation,/mnt/ubna_data_02_mir/recover-20220922/UBNA_001/20220921_090000.WAV,Telephone Field,recover-20220922,001,1795
1738.0635,1738.1023,68437,82193,Rhinolophus ferrumequinum,0.022,0.022,-1,Echolocation,/mnt/ubna_data_02_mir/recover-20220922/UBNA_001/20220921_090000.WAV,Telephone Field,recover-20220922,001,1795
1738.0685,1738.0752,24609,34253,Plecotus austriacus,0.015,0.032,-1,Echolocation,/mnt/ubna_data_02_mir/recover-20220922/UBNA_001/20220921_090000.WAV,Telephone Field,recover-20220922,001,1795
1738.1305,1738.1712,68437,83156,Rhinolophus ferrumequinum,0.023,0.023,-1,Echolocation,/mnt/ubna_data_02_mir/recover-20220922/UBNA_001/20220921_090000.WAV,Telephone Field,recover-20220922,001,1795
1738.1995,1738.2429,68437,83115,Rhinolophus ferrumequinum,0.059,0.059,-1,Echolocation,/mnt/ubna_data_02_mir/recover-20220922/UBNA_001/20220921_090000.WAV,Telephone Field,recover-20220922,001,1795
1738.2195,1738.2538,68437,81323,Rhinolophus ferrumequinum,0.022,0.022,-1,Echolocation,/mnt/ubna_data_02_mir/recover-20220922/UBNA_001/20220921_090000.WAV,Telephone Field,recover-20220922,001,1795
1738.2675,1738.31,68437,82989,Rhinolophus ferrumequinum,0.031,0.031,-1,Echolocation,/mnt/ubna_data_02_mir/recover-20220922/UBNA_001/20220921_090000.WAV,Telephone Field,recover-20220922,001,1795
1738.2745,1738.2857,22890,28603,Nyctalus leisleri,0.011,0.026,-1,Echolocation,/mnt/ubna_data_02_mir/recover-20220922/UBNA_001/20220921_090000.WAV,Telephone Field,recover-20220922,001,1795
1738.3065,1738.347,68437,82074,Rhinolophus ferrumequinum,0.024,0.024,-1,Echolocation,/mnt/ubna_data_02_mir/recover-20220922/UBNA_001/20220921_090000.WAV,Telephone Field,recover-20220922,001,1795
1738.3425,1738.3502,23750,32608,Plecotus austriacus,0.011,0.027,-1,Echolocation,/mnt/ubna_data_02_mir/recover-20220922/UBNA_001/20220921_090000.WAV,Telephone Field,recover-20220922,001,1795
1738.3765,1738.4162,68437,82041,Rhinolophus ferrumequinum,0.026,0.026,-1,Echolocation,/mnt/ubna_data_02_mir/recover-20220922/UBNA_001/20220921_090000.WAV,Telephone Field,recover-20220922,001,1795
1738.4005,1738.4352,68437,80172,Rhinolophus ferrumequinum,0.022,0.022,-1,Echolocation,/mnt/ubna_data_02_mir/recover-20220922/UBNA_001/20220921_090000.WAV,Telephone Field,recover-20220922,001,1795
1738.4065,1738.4168,45234,48713,Pipistrellus pipistrellus,0.024,0.026,-1,Echolocation,/mnt/ubna_data_02_mir/recover-20220922/UBNA_001/20220921_090000.WAV,Telephone Field,recover-20220922,001,1795
1738.4265,1738.467,68437,82529,Rhinolophus ferrumequinum,0.024,0.024,-1,Echolocation,/mnt/ubna_data_02_mir/recover-20220922/UBNA_001/20220921_090000.WAV,Telephone Field,recover-20220922,001,1795
1738.4485,1738.4861,68437,81901,Rhinolophus ferrumequinum,0.022,0.022,-1,Echolocation,/mnt/ubna_data_02_mir/recover-20220922/UBNA_001/20220921_090000.WAV,Telephone Field,recover-20220922,001,1795
1738.4605,1738.4716,23750,29726,Nyctalus leisleri,0.011,0.025,-1,Echolocation,/mnt/ubna_data_02_mir/recover-20220922/UBNA_001/20220921_090000.WAV,Telephone Field,recover-20220922,001,1795
1738.4765,1738.5141,68437,81721,Rhinolophus ferrumequinum,0.022,0.022,-1,Echolocation,/mnt/ubna_data_02_mir/recover-20220922/UBNA_001/20220921_090000.WAV,Telephone Field,recover-20220922,001,1795
1738.4935,1738.5035,22890,28910,Nyctalus leisleri,0.011,0.027,-1,Echolocation,/mnt/ubna_data_02_mir/recover-20220922/UBNA_001/20220921_090000.WAV,Telephone Field,recover-20220922,001,1795
1738.4935,1738.505,15156,22960,Nyctalus noctula,0.013,0.022,-1,Echolocation,/mnt/ubna_data_02_mir/recover-20220922/UBNA_001/20220921_090000.WAV,Telephone Field,recover-20220922,001,1795
1738.5395,1738.5803,68437,82994,Rhinolophus ferrumequinum,0.031,0.031,-1,Echolocation,/mnt/ubna_data_02_mir/recover-20220922/UBNA_001/20220921_090000.WAV,Telephone Field,recover-20220922,001,1795
1738.5795,1738.5888,28906,36221,Eptesicus serotinus,0.01,0.028,-1,Echolocation,/mnt/ubna_data_02_mir/recover-20220922/UBNA_001/20220921_090000.WAV,Telephone Field,recover-20220922,001,1795
1738.5825,1738.6212,68437,82071,Rhinolophus ferrumequinum,0.023,0.023,-1,Echolocation,/mnt/ubna_data_02_mir/recover-20220922/UBNA_001/20220921_090000.WAV,Telephone Field,recover-20220922,001,1795
1738.6165,1738.6557,68437,82132,Rhinolophus ferrumequinum,0.029,0.029,-1,Echolocation,/mnt/ubna_data_02_mir/recover-20220922/UBNA_001/20220921_090000.WAV,Telephone Field,recover-20220922,001,1795
1738.6545,1738.6931,68437,81277,Rhinolophus ferrumequinum,0.023,0.023,-1,Echolocation,/mnt/ubna_data_02_mir/recover-20220922/UBNA_001/20220921_090000.WAV,Telephone Field,recover-20220922,001,1795
1738.6655,1738.6728,28046,41675,Eptesicus serotinus,0.008,0.027,-1,Echolocation,/mnt/ubna_data_02_mir/recover-20220922/UBNA_001/20220921_090000.WAV,Telephone Field,recover-20220922,001,1795
1738.6905,1738.7301,68437,82865,Rhinolophus ferrumequinum,0.026,0.026,-1,Echolocation,/mnt/ubna_data_02_mir/recover-20220922/UBNA_001/20220921_090000.WAV,Telephone Field,recover-20220922,001,1795
1738.6985,1738.7064,28046,37268,Eptesicus serotinus,0.007,0.024,-1,Echolocation,/mnt/ubna_data_02_mir/recover-20220922/UBNA_001/20220921_090000.WAV,Telephone Field,recover-20220922,001,1795
1738.7635,1738.771,27187,40487,Eptesicus serotinus,0.007,0.022,-1,Echolocation,/mnt/ubna_data_02_mir/recover-20220922/UBNA_001/20220921_090000.WAV,Telephone Field,recover-20220922,001,1795
1738.7965,1738.8044,51250,56175,Pipistrellus pipistrellus,0.023,0.029,-1,Echolocation,/mnt/ubna_data_02_mir/recover-20220922/UBNA_001/20220921_090000.WAV,Telephone Field,recover-20220922,001,1795
1738.7995,1738.8386,68437,82452,Rhinolophus ferrumequinum,0.024,0.024,-1,Echolocation,/mnt/ubna_data_02_mir/recover-20220922/UBNA_001/20220921_090000.WAV,Telephone Field,recover-20220922,001,1795
1738.8025,1738.8117,28906,38162,Eptesicus serotinus,0.008,0.023,-1,Echolocation,/mnt/ubna_data_02_mir/recover-20220922/UBNA_001/20220921_090000.WAV,Telephone Field,recover-20220922,001,1795
1738.8215,1738.8363,23750,27927,Nyctalus leisleri,0.04,0.07,-1,Echolocation,/mnt/ubna_data_02_mir/recover-20220922/UBNA_001/20220921_090000.WAV,Telephone Field,recover-20220922,001,1795
1738.8365,1738.8439,28046,38139,Eptesicus serotinus,0.007,0.023,-1,Echolocation,/mnt/ubna_data_02_mir/recover-20220922/UBNA_001/20220921_090000.WAV,Telephone Field,recover-20220922,001,1795
1738.8495,1738.8904,68437,82600,Rhinolophus ferrumequinum,0.028,0.028,-1,Echolocation,/mnt/ubna_data_02_mir/recover-20220922/UBNA_001/20220921_090000.WAV,Telephone Field,recover-20220922,001,1795
1738.8725,1738.8812,28046,38046,Eptesicus serotinus,0.008,0.023,-1,Echolocation,/mnt/ubna_data_02_mir/recover-20220922/UBNA_001/20220921_090000.WAV,Telephone Field,recover-20220922,001,1795
1738.8995,1738.9385,68437,81731,Rhinolophus ferrumequinum,0.022,0.022,-1,Echolocation,/mnt/ubna_data_02_mir/recover-20220922/UBNA_001/20220921_090000.WAV,Telephone Field,recover-20220922,001,1795
1738.9175,1738.9281,23750,29943,Nyctalus leisleri,0.013,0.034,-1,Echolocation,/mnt/ubna_data_02_mir/recover-20220922/UBNA_001/20220921_090000.WAV,Telephone Field,recover-20220922,001,1795
1738.9355,1738.976,68437,81888,Rhinolophus ferrumequinum,0.024,0.024,-1,Echolocation,/mnt/ubna_data_02_mir/recover-20220922/UBNA_001/20220921_090000.WAV,Telephone Field,recover-20220922,001,1795
1738.9755,1739.0182,68437,82657,Rhinolophus ferrumequinum,0.029,0.029,-1,Echolocation,/mnt/ubna_data_02_mir/recover-20220922/UBNA_001/20220921_090000.WAV,Telephone Field,recover-20220922,001,1795
1739.0385,1739.0477,28046,36968,Eptesicus serotinus,0.008,0.022,-1,Echolocation,/mnt/ubna_data_02_mir/recover-20220922/UBNA_001/20220921_090000.WAV,Telephone Field,recover-20220922,001,1795
1739.0635,1739.1041,68437,82052,Rhinolophus ferrumequinum,0.032,0.032,-1,Echolocation,/mnt/ubna_data_02_mir/recover-20220922/UBNA_001/20220921_090000.WAV,Telephone Field,recover-20220922,001,1795
1739.0635,1739.0738,23750,29365,Nyctalus leisleri,0.012,0.026,-1,Echolocation,/mnt/ubna_data_02_mir/recover-20220922/UBNA_001/20220921_090000.WAV,Telephone Field,recover-20220922,001,1795
1739.0925,1739.1001,22890,30904,Plecotus austriacus,0.011,0.024,-1,Echolocation,/mnt/ubna_data_02_mir/recover-20220922/UBNA_001/20220921_090000.WAV,Telephone Field,recover-20220922,001,1795
1739.0925,1739.0983,56406,63474,Pipistrellus pygmaeus,0.022,0.023,-1,Echolocation,/mnt/ubna_data_02_mir/recover-20220922/UBNA_001/20220921_090000.WAV,Telephone Field,recover-20220922,001,1795
1739.1215,1739.132,22890,28013,Nyctalus leisleri,0.011,0.024,-1,Echolocation,/mnt/ubna_data_02_mir/recover-20220922/UBNA_001/20220921_090000.WAV,Telephone Field,recover-20220922,001,1795
1739.1265,1739.1628,68437,81267,Rhinolophus ferrumequinum,0.023,0.023,-1,Echolocation,/mnt/ubna_data_02_mir/recover-20220922/UBNA_001/20220921_090000.WAV,Telephone Field,recover-20220922,001,1795
1739.1365,1739.1758,68437,82235,Rhinolophus ferrumequinum,0.025,0.025,-1,Echolocation,/mnt/ubna_data_02_mir/recover-20220922/UBNA_001/20220921_090000.WAV,Telephone Field,recover-20220922,001,1795
1739.1475,1739.1537,26328,40342,Plecotus austriacus,0.007,0.029,-1,Echolocation,/mnt/ubna_data_02_mir/recover-20220922/UBNA_001/20220921_090000.WAV,Telephone Field,recover-20220922,001,1795
1739.1535,1739.1931,68437,82596,Rhinolophus ferrumequinum,0.022,0.022,-1,Echolocation,/mnt/ubna_data_02_mir/recover-20220922/UBNA_001/20220921_090000.WAV,Telephone Field,recover-20220922,001,1795
1739.1885,1739.2275,68437,82522,Rhinolophus ferrumequinum,0.023,0.023,-1,Echolocation,/mnt/ubna_data_02_mir/recover-20220922/UBNA_001/20220921_090000.WAV,Telephone Field,recover-20220922,001,1795
1739.2165,1739.2527,68437,81024,Rhinolophus ferrumequinum,0.022,0.022,-1,Echolocation,/mnt/ubna_data_02_mir/recover-20220922/UBNA_001/20220921_090000.WAV,Telephone Field,recover-20220922,001,1795
1739.2345,1739.2717,68437,81428,Rhinolophus ferrumequinum,0.023,0.023,-1,Echolocation,/mnt/ubna_data_02_mir/recover-20220922/UBNA_001/20220921_090000.WAV,Telephone Field,recover-20220922,001,1795
1739.2845,1739.2949,23750,29116,Nyctalus leisleri,0.011,0.023,-1,Echolocation,/mnt/ubna_data_02_mir/recover-20220922/UBNA_001/20220921_090000.WAV,Telephone Field,recover-20220922,001,1795
1739.3085,1739.3489,68437,82383,Rhinolophus ferrumequinum,0.028,0.028,-1,Echolocation,/mnt/ubna_data_02_mir/recover-20220922/UBNA_001/20220921_090000.WAV,Telephone Field,recover-20220922,001,1795
1739.3215,1739.3367,20312,23827,Nyctalus leisleri,0.014,0.025,-1,Echolocation,/mnt/ubna_data_02_mir/recover-20220922/UBNA_001/20220921_090000.WAV,Telephone Field,recover-20220922,001,1795
1739.3415,1739.3831,68437,82030,Rhinolophus ferrumequinum,0.024,0.024,-1,Echolocation,/mnt/ubna_data_02_mir/recover-20220922/UBNA_001/20220921_090000.WAV,Telephone Field,recover-20220922,001,1795
1739.3435,1739.3543,30625,36998,Eptesicus serotinus,0.022,0.043,-1,Echolocation,/mnt/ubna_data_02_mir/recover-20220922/UBNA_001/20220921_090000.WAV,Telephone Field,recover-20220922,001,1795
1739.3615,1739.4,68437,81699,Rhinolophus ferrumequinum,0.022,0.022,-1,Echolocation,/mnt/ubna_data_02_mir/recover-20220922/UBNA_001/20220921_090000.WAV,Telephone Field,recover-20220922,001,1795
1739.3915,1739.4268,68437,81212,Rhinolophus ferrumequinum,0.022,0.022,-1,Echolocation,/mnt/ubna_data_02_mir/recover-20220922/UBNA_001/20220921_090000.WAV,Telephone Field,recover-20220922,001,1795
1739.4075,1739.4167,28046,36863,Eptesicus serotinus,0.008,0.022,-1,Echolocation,/mnt/ubna_data_02_mir/recover-20220922/UBNA_001/20220921_090000.WAV,Telephone Field,recover-20220922,001,1795
1739.4105,1739.4492,68437,82056,Rhinolophus ferrumequinum,0.023,0.023,-1,Echolocation,/mnt/ubna_data_02_mir/recover-20220922/UBNA_001/20220921_090000.WAV,Telephone Field,recover-20220922,001,1795
1739.4145,1739.4236,28046,37950,Eptesicus serotinus,0.008,0.022,-1,Echolocation,/mnt/ubna_data_02_mir/recover-20220922/UBNA_001/20220921_090000.WAV,Telephone Field,recover-20220922,001,1795
1739.4965,1739.535,68437,81614,Rhinolophus ferrumequinum,0.022,0.022,-1,Echolocation,/mnt/ubna_data_02_mir/recover-20220922/UBNA_001/20220921_090000.WAV,Telephone Field,recover-20220922,001,1795
1739.4995,1739.5116,22031,25762,Nyctalus leisleri,0.014,0.023,-1,Echolocation,/mnt/ubna_data_02_mir/recover-20220922/UBNA_001/20220921_090000.WAV,Telephone Field,recover-20220922,001,1795
1739.5135,1739.5228,25468,34251,Eptesicus serotinus,0.01,0.026,-1,Echolocation,/mnt/ubna_data_02_mir/recover-20220922/UBNA_001/20220921_090000.WAV,Telephone Field,recover-20220922,001,1795
1739.5335,1739.5528,18593,22405,Nyctalus noctula,0.026,0.041,-1,Echolocation,/mnt/ubna_data_02_mir/recover-20220922/UBNA_001/20220921_090000.WAV,Telephone Field,recover-20220922,001,1795
1739.5605,1739.5706,25468,32329,Eptesicus serotinus,0.01,0.026,-1,Echolocation,/mnt/ubna_data_02_mir/recover-20220922/UBNA_001/20220921_090000.WAV,Telephone Field,recover-20220922,001,1795
1739.5815,1739.6257,68437,83198,Rhinolophus ferrumequinum,0.042,0.042,-1,Echolocation,/mnt/ubna_data_02_mir/recover-20220922/UBNA_001/20220921_090000.WAV,Telephone Field,recover-20220922,001,1795
1739.6015,1739.6131,23750,30007,Nyctalus leisleri,0.013,0.031,-1,Echolocation,/mnt/ubna_data_02_mir/recover-20220922/UBNA_001/20220921_090000.WAV,Telephone Field,recover-20220922,001,1795
1739.6195,1739.6343,22031,26423,Nyctalus leisleri,0.019,0.035,-1,Echolocation,/mnt/ubna_data_02_mir/recover-20220922/UBNA_001/20220921_090000.WAV,Telephone Field,recover-20220922,001,1795
1739.6685,1739.7053,68437,81120,Rhinolophus ferrumequinum,0.022,0.022,-1,Echolocation,/mnt/ubna_data_02_mir/recover-20220922/UBNA_001/20220921_090000.WAV,Telephone Field,recover-20220922,001,1795
1739.7705,1739.7811,50390,56161,Pipistrellus pipistrellus,0.028,0.033,-1,Echolocation,/mnt/ubna_data_02_mir/recover-20220922/UBNA_001/20220921_090000.WAV,Telephone Field,recover-20220922,001,1795
1739.7715,1739.781,28046,40208,Eptesicus serotinus,0.011,0.026,-1,Echolocation,/mnt/ubna_data_02_mir/recover-20220922/UBNA_001/20220921_090000.WAV,Telephone Field,recover-20220922,001,1795
1739.7935,1739.8345,68437,82019,Rhinolophus ferrumequinum,0.026,0.026,-1,Echolocation,/mnt/ubna_data_02_mir/recover-20220922/UBNA_001/20220921_090000.WAV,Telephone Field,recover-20220922,001,1795
1739.7975,1739.8089,25468,31722,Nyctalus leisleri,0.013,0.036,-1,Echolocation,/mnt/ubna_data_02_mir/recover-20220922/UBNA_001/20220921_090000.WAV,Telephone Field,recover-20220922,001,1795
1739.8115,1739.8514,68437,82711,Rhinolophus ferrumequinum,0.025,0.025,-1,Echolocation,/mnt/ubna_data_02_mir/recover-20220922/UBNA_001/20220921_090000.WAV,Telephone Field,recover-20220922,001,1795
1739.8315,1739.842,15156,21655,Nyctalus noctula,0.022,0.037,-1,Echolocation,/mnt/ubna_data_02_mir/recover-20220922/UBNA_001/20220921_090000.WAV,Telephone Field,recover-20220922,001,1795
1739.8465,1739.8886,68437,83233,Rhinolophus ferrumequinum,0.033,0.033,-1,Echolocation,/mnt/ubna_data_02_mir/recover-20220922/UBNA_001/20220921_090000.WAV,Telephone Field,recover-20220922,001,1795
1739.8575,1739.8678,28906,35839,Eptesicus serotinus,0.016,0.032,-1,Echolocation,/mnt/ubna_data_02_mir/recover-20220922/UBNA_001/20220921_090000.WAV,Telephone Field,recover-20220922,001,1795
1739.9155,1739.9366,17734,21051,Nyctalus noctula,0.047,0.067,-1,Echolocation,/mnt/ubna_data_02_mir/recover-20220922/UBNA_001/20220921_090000.WAV,Telephone Field,recover-20220922,001,1795
1739.9425,1739.9522,28906,36613,Eptesicus serotinus,0.016,0.031,-1,Echolocation,/mnt/ubna_data_02_mir/recover-20220922/UBNA_001/20220921_090000.WAV,Telephone Field,recover-20220922,001,1795
1739.9465,1739.9845,68437,81101,Rhinolophus ferrumequinum,0.022,0.022,-1,Echolocation,/mnt/ubna_data_02_mir/recover-20220922/UBNA_001/20220921_090000.WAV,Telephone Field,recover-20220922,001,1795
1739.9605,1739.9987,68437,81689,Rhinolophus ferrumequinum,0.023,0.023,-1,Echolocation,/mnt/ubna_data_02_mir/recover-20220922/UBNA_001/20220921_090000.WAV,Telephone Field,recover-20220922,001,1795
1739.9705,1739.9786,24609,32427,Plecotus austriacus,0.007,0.022,-1,Echolocation,/mnt/ubna_data_02_mir/recover-20220922/UBNA_001/20220921_090000.WAV,Telephone Field,recover-20220922,001,1795
1740.0015,1740.0344,69296,80681,Rhinolophus ferrumequinum,0.04,0.04,-1,Echolocation,/mnt/ubna_data_02_mir/recover-20220922/UBNA_001/20220921_090000.WAV,Telephone Field,recover-20220922,001,1795
1740.0015,1740.0105,22031,28464,Nyctalus leisleri,0.008,0.025,-1,Echolocation,/mnt/ubna_data_02_mir/recover-20220922/UBNA_001/20220921_090000.WAV,Telephone Field,recover-20220922,001,1795
1740.0205,1740.0306,24609,32021,Nyctalus leisleri,0.007,0.022,-1,Echolocation,/mnt/ubna_data_02_mir/recover-20220922/UBNA_001/20220921_090000.WAV,Telephone Field,recover-20220922,001,1795
1740.0335,1740.0737,68437,82128,Rhinolophus ferrumequinum,0.024,0.024,-1,Echolocation,/mnt/ubna_data_02_mir/recover-20220922/UBNA_001/20220921_090000.WAV,Telephone Field,recover-20220922,001,1795
1740.0475,1740.0556,27187,36269,Eptesicus serotinus,0.011,0.028,-1,Echolocation,/mnt/ubna_data_02_mir/recover-20220922/UBNA_001/20220921_090000.WAV,Telephone Field,recover-20220922,001,1795
1740.0625,1740.1018,68437,82429,Rhinolophus ferrumequinum,0.021,0.021,-1,Echolocation,/mnt/ubna_data_02_mir/recover-20220922/UBNA_001/20220921_090000.WAV,Telephone Field,recover-20220922,001,1795
1740.0815,1740.1222,68437,83192,Rhinolophus ferrumequinum,0.034,0.034,-1,Echolocation,/mnt/ubna_data_02_mir/recover-20220922/UBNA_001/20220921_090000.WAV,Telephone Field,recover-20220922,001,1795
1740.0975,1740.141,68437,83243,Rhinolophus ferrumequinum,0.026,0.026,-1,Echolocation,/mnt/ubna_data_02_mir/recover-20220922/UBNA_001/20220921_090000.WAV,Telephone Field,recover-20220922,001,1795
1740.1235,1740.1635,68437,82281,Rhinolophus ferrumequinum,0.021,0.021,-1,Echolocation,/mnt/ubna_data_02_mir/recover-20220922/UBNA_001/20220921_090000.WAV,Telephone Field,recover-20220922,001,1795
1740.1425,1740.1819,68437,82269,Rhinolophus ferrumequinum,0.021,0.021,-1,Echolocation,/mnt/ubna_data_02_mir/recover-20220922/UBNA_001/20220921_090000.WAV,Telephone Field,recover-20220922,001,1795
1740.1455,1740.1557,23750,29757,Nyctalus leisleri,0.009,0.023,-1,Echolocation,/mnt/ubna_data_02_mir/recover-20220922/UBNA_001/20220921_090000.WAV,Telephone Field,recover-20220922,001,1795
1740.1735,1740.21,68437,82591,Rhinolophus ferrumequinum,0.023,0.023,-1,Echolocation,/mnt/ubna_data_02_mir/recover-20220922/UBNA_001/20220921_090000.WAV,Telephone Field,recover-20220922,001,1795
1740.2045,1740.2421,68437,81795,Rhinolophus ferrumequinum,0.021,0.021,-1,Echolocation,/mnt/ubna_data_02_mir/recover-20220922/UBNA_001/20220921_090000.WAV,Telephone Field,recover-20220922,001,1795
1740.2105,1740.2493,68437,81955,Rhinolophus ferrumequinum,0.022,0.022,-1,Echolocation,/mnt/ubna_data_02_mir/recover-20220922/UBNA_001/20220921_090000.WAV,Telephone Field,recover-20220922,001,1795
1740.2155,1740.2237,43515,46938,Pipistrellus pipistrellus,0.032,0.034,-1,Echolocation,/mnt/ubna_data_02_mir/recover-20220922/UBNA_001/20220921_090000.WAV,Telephone Field,recover-20220922,001,1795
1740.2345,1740.2741,68437,82367,Rhinolophus ferrumequinum,0.037,0.037,-1,Echolocation,/mnt/ubna_data_02_mir/recover-20220922/UBNA_001/20220921_090000.WAV,Telephone Field,recover-20220922,001,1795
1740.2375,1740.2561,17734,21774,Nyctalus noctula,0.016,0.024,-1,Echolocation,/mnt/ubna_data_02_mir/recover-20220922/UBNA_001/20220921_090000.WAV,Telephone Field,recover-20220922,001,1795
1740.2435,1740.2766,68437,81055,Rhinolophus ferrumequinum,0.021,0.021,-1,Echolocation,/mnt/ubna_data_02_mir/recover-20220922/UBNA_001/20220921_090000.WAV,Telephone Field,recover-20220922,001,1795
1740.3625,1740.3704,28046,39684,Eptesicus serotinus,0.008,0.026,-1,Echolocation,/mnt/ubna_data_02_mir/recover-20220922/UBNA_001/20220921_090000.WAV,Telephone Field,recover-20220922,001,1795
1740.4015,1740.4085,28906,39963,Eptesicus serotinus,0.008,0.028,-1,Echolocation,/mnt/ubna_data_02_mir/recover-20220922/UBNA_001/20220921_090000.WAV,Telephone Field,recover-20220922,001,1795
1740.4225,1740.4648,68437,83232,Rhinolophus ferrumequinum,0.031,0.031,-1,Echolocation,/mnt/ubna_data_02_mir/recover-20220922/UBNA_001/20220921_090000.WAV,Telephone Field,recover-20220922,001,1795
1740.4375,1740.476,68437,82365,Rhinolophus ferrumequinum,0.022,0.022,-1,Echolocation,/mnt/ubna_data_02_mir/recover-20220922/UBNA_001/20220921_090000.WAV,Telephone Field,recover-20220922,001,1795
1740.4405,1740.4538,23750,28686,Nyctalus leisleri,0.012,0.024,-1,Echolocation,/mnt/ubna_data_02_mir/recover-20220922/UBNA_001/20220921_090000.WAV,Telephone Field,recover-20220922,001,1795
1740.4455,1740.4579,23750,29355,Nyctalus leisleri,0.011,0.025,-1,Echolocation,/mnt/ubna_data_02_mir/recover-20220922/UBNA_001/20220921_090000.WAV,Telephone Field,recover-20220922,001,1795
1740.4735,1740.4827,26328,34286,Eptesicus serotinus,0.008,0.021,-1,Echolocation,/mnt/ubna_data_02_mir/recover-20220922/UBNA_001/20220921_090000.WAV,Telephone Field,recover-20220922,001,1795
1740.4765,1740.516,68437,82368,Rhinolophus ferrumequinum,0.023,0.023,-1,Echolocation,/mnt/ubna_data_02_mir/recover-20220922/UBNA_001/20220921_090000.WAV,Telephone Field,recover-20220922,001,1795
1740.4875,1740.5261,68437,81816,Rhinolophus ferrumequinum,0.021,0.021,-1,Echolocation,/mnt/ubna_data_02_mir/recover-20220922/UBNA_001/20220921_090000.WAV,Telephone Field,recover-20220922,001,1795
1740.4985,1740.5121,24609,28818,Nyctalus leisleri,0.045,0.094,-1,Echolocation,/mnt/ubna_data_02_mir/recover-20220922/UBNA_001/20220921_090000.WAV,Telephone Field,recover-20220922,001,1795
1740.5205,1740.563,68437,83573,Rhinolophus ferrumequinum,0.035,0.035,-1,Echolocation,/mnt/ubna_data_02_mir/recover-20220922/UBNA_001/20220921_090000.WAV,Telephone Field,recover-20220922,001,1795
1740.5225,1740.5312,28046,42223,Eptesicus serotinus,0.008,0.022,-1,Echolocation,/mnt/ubna_data_02_mir/recover-20220922/UBNA_001/20220921_090000.WAV,Telephone Field,recover-20220922,001,1795
1740.5415,1740.5486,13437,28347,Plecotus auritus,0.023,0.026,-1,Echolocation,/mnt/ubna_data_02_mir/recover-20220922/UBNA_001/20220921_090000.WAV,Telephone Field,recover-20220922,001,1795
1740.5595,1740.5694,46953,50631,Pipistrellus pipistrellus,0.028,0.03,-1,Echolocation,/mnt/ubna_data_02_mir/recover-20220922/UBNA_001/20220921_090000.WAV,Telephone Field,recover-20220922,001,1795
1740.5635,1740.5728,28906,36194,Eptesicus serotinus,0.011,0.025,-1,Echolocation,/mnt/ubna_data_02_mir/recover-20220922/UBNA_001/20220921_090000.WAV,Telephone Field,recover-20220922,001,1795
1740.5845,1740.6179,68437,81050,Rhinolophus ferrumequinum,0.024,0.024,-1,Echolocation,/mnt/ubna_data_02_mir/recover-20220922/UBNA_001/20220921_090000.WAV,Telephone Field,recover-20220922,001,1795
1740.6075,1740.6455,68437,82671,Rhinolophus ferrumequinum,0.022,0.022,-1,Echolocation,/mnt/ubna_data_02_mir/recover-20220922/UBNA_001/20220921_090000.WAV,Telephone Field,recover-20220922,001,1795
1740.6225,1740.6629,68437,82428,Rhinolophus ferrumequinum,0.024,0.024,-1,Echolocation,/mnt/ubna_data_02_mir/recover-20220922/UBNA_001/20220921_090000.WAV,Telephone Field,recover-20220922,001,1795
1740.6355,1740.6465,22890,27935,Nyctalus leisleri,0.012,0.024,-1,Echolocation,/mnt/ubna_data_02_mir/recover-20220922/UBNA_001/20220921_090000.WAV,Telephone Field,recover-20220922,001,1795
1740.6475,1740.6807,68437,81145,Rhinolophus ferrumequinum,0.027,0.027,-1,Echolocation,/mnt/ubna_data_02_mir/recover-20220922/UBNA_001/20220921_090000.WAV,Telephone Field,recover-20220922,001,1795
1740.6565,1740.6671,22031,27288,Nyctalus leisleri,0.011,0.026,-1,Echolocation,/mnt/ubna_data_02_mir/recover-20220922/UBNA_001/20220921_090000.WAV,Telephone Field,recover-20220922,001,1795
1740.6735,1740.6874,23750,28714,Nyctalus leisleri,0.014,0.029,-1,Echolocation,/mnt/ubna_data_02_mir/recover-20220922/UBNA_001/20220921_090000.WAV,Telephone Field,recover-20220922,001,1795
1740.6945,1740.736,68437,82740,Rhinolophus ferrumequinum,0.024,0.024,-1,Echolocation,/mnt/ubna_data_02_mir/recover-20220922/UBNA_001/20220921_090000.WAV,Telephone Field,recover-20220922,001,1795
1740.7065,1740.7457,68437,82371,Rhinolophus ferrumequinum,0.021,0.021,-1,Echolocation,/mnt/ubna_data_02_mir/recover-20220922/UBNA_001/20220921_090000.WAV,Telephone Field,recover-20220922,001,1795
1740.7105,1740.7176,28046,38885,Eptesicus serotinus,0.007,0.021,-1,Echolocation,/mnt/ubna_data_02_mir/recover-20220922/UBNA_001/20220921_090000.WAV,Telephone Field,recover-20220922,001,1795
1740.7155,1740.7516,68437,81274,Rhinolophus ferrumequinum,0.021,0.021,-1,Echolocation,/mnt/ubna_data_02_mir/recover-20220922/UBNA_001/20220921_090000.WAV,Telephone Field,recover-20220922,001,1795
1740.7295,1740.7404,23750,29183,Nyctalus leisleri,0.012,0.026,-1,Echolocation,/mnt/ubna_data_02_mir/recover-20220922/UBNA_001/20220921_090000.WAV,Telephone Field,recover-20220922,001,1795
1740.7325,1740.7716,68437,82933,Rhinolophus ferrumequinum,0.029,0.029,-1,Echolocation,/mnt/ubna_data_02_mir/recover-20220922/UBNA_001/20220921_090000.WAV,Telephone Field,recover-20220922,001,1795
1740.7985,1740.8059,24609,33249,Plecotus austriacus,0.009,0.024,-1,Echolocation,/mnt/ubna_data_02_mir/recover-20220922/UBNA_001/20220921_090000.WAV,Telephone Field,recover-20220922,001,1795
1740.7985,1740.8375,68437,82319,Rhinolophus ferrumequinum,0.022,0.022,-1,Echolocation,/mnt/ubna_data_02_mir/recover-20220922/UBNA_001/20220921_090000.WAV,Telephone Field,recover-20220922,001,1795
1740.8285,1740.8365,27187,39275,Eptesicus serotinus,0.007,0.022,-1,Echolocation,/mnt/ubna_data_02_mir/recover-20220922/UBNA_001/20220921_090000.WAV,Telephone Field,recover-20220922,001,1795
1740.8385,1740.854,21171,24161,Nyctalus leisleri,0.016,0.026,-1,Echolocation,/mnt/ubna_data_02_mir/recover-20220922/UBNA_001/20220921_090000.WAV,Telephone Field,recover-20220922,001,1795
1740.8455,1740.8858,68437,82960,Rhinolophus ferrumequinum,0.03,0.03,-1,Echolocation,/mnt/ubna_data_02_mir/recover-20220922/UBNA_001/20220921_090000.WAV,Telephone Field,recover-20220922,001,1795
1740.8555,1740.8916,68437,82447,Rhinolophus ferrumequinum,0.024,0.024,-1,Echolocation,/mnt/ubna_data_02_mir/recover-20220922/UBNA_001/20220921_090000.WAV,Telephone Field,recover-20220922,001,1795
1740.8895,1740.925,68437,80900,Rhinolophus ferrumequinum,0.024,0.024,-1,Echolocation,/mnt/ubna_data_02_mir/recover-20220922/UBNA_001/20220921_090000.WAV,Telephone Field,recover-20220922,001,1795
1740.9125,1740.9231,22890,28787,Nyctalus leisleri,0.019,0.043,-1,Echolocation,/mnt/ubna_data_02_mir/recover-20220922/UBNA_001/20220921_090000.WAV,Telephone Field,recover-20220922,001,1795
1740.9175,1740.9566,68437,81772,Rhinolophus ferrumequinum,0.022,0.022,-1,Echolocation,/mnt/ubna_data_02_mir/recover-20220922/UBNA_001/20220921_090000.WAV,Telephone Field,recover-20220922,001,1795
1740.9565,1740.9626,28906,43664,Myotis daubentonii,0.008,0.033,-1,Echolocation,/mnt/ubna_data_02_mir/recover-20220922/UBNA_001/20220921_090000.WAV,Telephone Field,recover-20220922,001,1795
1740.9655,1740.9762,22890,28279,Nyctalus leisleri,0.01,0.023,-1,Echolocation,/mnt/ubna_data_02_mir/recover-20220922/UBNA_001/20220921_090000.WAV,Telephone Field,recover-20220922,001,1795
1740.9845,1740.993,46093,54565,Pipistrellus pipistrellus,0.016,0.024,-1,Echolocation,/mnt/ubna_data_02_mir/recover-20220922/UBNA_001/20220921_090000.WAV,Telephone Field,recover-20220922,001,1795
1740.9855,1741.0226,68437,81691,Rhinolophus ferrumequinum,0.021,0.021,-1,Echolocation,/mnt/ubna_data_02_mir/recover-20220922/UBNA_001/20220921_090000.WAV,Telephone Field,recover-20220922,001,1795
1741.0005,1741.0397,68437,82343,Rhinolophus ferrumequinum,0.023,0.023,-1,Echolocation,/mnt/ubna_data_02_mir/recover-20220922/UBNA_001/20220921_090000.WAV,Telephone Field,recover-20220922,001,1795
1741.0255,1741.0649,68437,82268,Rhinolophus ferrumequinum,0.022,0.022,-1,Echolocation,/mnt/ubna_data_02_mir/recover-20220922/UBNA_001/20220921_090000.WAV,Telephone Field,recover-20220922,001,1795
1741.0435,1741.0801,68437,81938,Rhinolophus ferrumequinum,0.023,0.023,-1,Echolocation,/mnt/ubna_data_02_mir/recover-20220922/UBNA_001/20220921_090000.WAV,Telephone Field,recover-20220922,001,1795
1741.1085,1741.1162,23750,33246,Plecotus austriacus,0.013,0.036,-1,Echolocation,/mnt/ubna_data_02_mir/recover-20220922/UBNA_001/20220921_090000.WAV,Telephone Field,recover-20220922,001,1795
1741.1195,1741.1593,68437,82657,Rhinolophus ferrumequinum,0.032,0.032,-1,Echolocation,/mnt/ubna_data_02_mir/recover-20220922/UBNA_001/20220921_090000.WAV,Telephone Field,recover-20220922,001,1795
1741.1435,1741.1829,68437,82720,Rhinolophus ferrumequinum,0.026,0.026,-1,Echolocation,/mnt/ubna_data_02_mir/recover-20220922/UBNA_001/20220921_090000.WAV,Telephone Field,recover-20220922,001,1795
1741.1725,1741.2114,68437,82448,Rhinolophus ferrumequinum,0.023,0.023,-1,Echolocation,/mnt/ubna_data_02_mir/recover-20220922/UBNA_001/20220921_090000.WAV,Telephone Field,recover-20220922,001,1795
1741.2065,1741.2424,68437,81276,Rhinolophus ferrumequinum,0.021,0.021,-1,Echolocation,/mnt/ubna_data_02_mir/recover-20220922/UBNA_001/20220921_090000.WAV,Telephone Field,recover-20220922,001,1795
1741.2265,1741.263,68437,81841,Rhinolophus ferrumequinum,0.021,0.022,-1,Echolocation,/mnt/ubna_data_02_mir/recover-20220922/UBNA_001/20220921_090000.WAV,Telephone Field,recover-20220922,001,1795
1741.2545,1741.2962,68437,83267,Rhinolophus ferrumequinum,0.025,0.025,-1,Echolocation,/mnt/ubna_data_02_mir/recover-20220922/UBNA_001/20220921_090000.WAV,Telephone Field,recover-20220922,001,1795
1741.2635,1741.2713,22890,30701,Plecotus austriacus,0.01,0.023,-1,Echolocation,/mnt/ubna_data_02_mir/recover-20220922/UBNA_001/20220921_090000.WAV,Telephone Field,recover-20220922,001,1795
1741.2645,1741.3063,68437,83418,Rhinolophus ferrumequinum,0.029,0.029,-1,Echolocation,/mnt/ubna_data_02_mir/recover-20220922/UBNA_001/20220921_090000.WAV,Telephone Field,recover-20220922,001,1795
1741.2815,1741.2871,37500,49101,Myotis daubentonii,0.008,0.031,-1,Echolocation,/mnt/ubna_data_02_mir/recover-20220922/UBNA_001/20220921_090000.WAV,Telephone Field,recover-20220922,001,1795
1741.2885,1741.331,68437,83429,Rhinolophus ferrumequinum,0.044,0.044,-1,Echolocation,/mnt/ubna_data_02_mir/recover-20220922/UBNA_001/20220921_090000.WAV,Telephone Field,recover-20220922,001,1795
1741.3085,1741.3455,68437,82174,Rhinolophus ferrumequinum,0.022,0.022,-1,Echolocation,/mnt/ubna_data_02_mir/recover-20220922/UBNA_001/20220921_090000.WAV,Telephone Field,recover-20220922,001,1795
1741.3145,1741.3215,28046,39914,Eptesicus serotinus,0.007,0.023,-1,Echolocation,/mnt/ubna_data_02_mir/recover-20220922/UBNA_001/20220921_090000.WAV,Telephone Field,recover-20220922,001,1795
1741.3195,1741.3577,68437,82306,Rhinolophus ferrumequinum,0.022,0.022,-1,Echolocation,/mnt/ubna_data_02_mir/recover-20220922/UBNA_001/20220921_090000.WAV,Telephone Field,recover-20220922,001,1795
1741.3275,1741.3627,68437,81965,Rhinolophus ferrumequinum,0.021,0.021,-1,Echolocation,/mnt/ubna_data_02_mir/recover-20220922/UBNA_001/20220921_090000.WAV,Telephone Field,recover-20220922,001,1795
1741.3885,1741.4246,68437,81599,Rhinolophus ferrumequinum,0.024,0.025,-1,Echolocation,/mnt/ubna_data_02_mir/recover-20220922/UBNA_001/20220921_090000.WAV,Telephone Field,recover-20220922,001,1795
1741.3905,1741.3986,43515,46666,Pipistrellus pipistrellus,0.02,0.022,-1,Echolocation,/mnt/ubna_data_02_mir/recover-20220922/UBNA_001/20220921_090000.WAV,Telephone Field,recover-20220922,001,1795
1741.4115,1741.4497,68437,82285,Rhinolophus ferrumequinum,0.021,0.021,-1,Echolocation,/mnt/ubna_data_02_mir/recover-20220922/UBNA_001/20220921_090000.WAV,Telephone Field,recover-20220922,001,1795
1741.4255,1741.4369,22031,25698,Nyctalus leisleri,0.014,0.023,-1,Echolocation,/mnt/ubna_data_02_mir/recover-20220922/UBNA_001/20220921_090000.WAV,Telephone Field,recover-20220922,001,1795
1741.5045,1741.5167,13437,18009,Nyctalus noctula,0.014,0.036,-1,Echolocation,/mnt/ubna_data_02_mir/recover-20220922/UBNA_001/20220921_090000.WAV,Telephone Field,recover-20220922,001,1795
1741.5055,1741.5457,68437,82684,Rhinolophus ferrumequinum,0.026,0.026,-1,Echolocation,/mnt/ubna_data_02_mir/recover-20220922/UBNA_001/20220921_090000.WAV,Telephone Field,recover-20220922,001,1795
1741.5075,1741.5174,28906,35472,Eptesicus serotinus,0.01,0.025,-1,Echolocation,/mnt/ubna_data_02_mir/recover-20220922/UBNA_001/20220921_090000.WAV,Telephone Field,recover-20220922,001,1795
1741.5315,1741.5719,68437,82616,Rhinolophus ferrumequinum,0.028,0.028,-1,Echolocation,/mnt/ubna_data_02_mir/recover-20220922/UBNA_001/20220921_090000.WAV,Telephone Field,recover-20220922,001,1795
1741.5495,1741.5897,68437,83053,Rhinolophus ferrumequinum,0.024,0.024,-1,Echolocation,/mnt/ubna_data_02_mir/recover-20220922/UBNA_001/20220921_090000.WAV,Telephone Field,recover-20220922,001,1795
1741.5565,1741.5663,28906,36821,Eptesicus serotinus,0.01,0.024,-1,Echolocation,/mnt/ubna_data_02_mir/recover-20220922/UBNA_001/20220921_090000.WAV,Telephone Field,recover-20220922,001,1795
1741.5985,1741.6338,68437,80889,Rhinolophus ferrumequinum,0.022,0.022,-1,Echolocation,/mnt/ubna_data_02_mir/recover-20220922/UBNA_001/20220921_090000.WAV,Telephone Field,recover-20220922,001,1795
1741.6235,1741.6622,68437,82921,Rhinolophus ferrumequinum,0.021,0.021,-1,Echolocation,/mnt/ubna_data_02_mir/recover-20220922/UBNA_001/20220921_090000.WAV,Telephone Field,recover-20220922,001,1795
1741.6305,1741.6704,68437,82043,Rhinolophus ferrumequinum,0.021,0.021,-1,Echolocation,/mnt/ubna_data_02_mir/recover-20220922/UBNA_001/20220921_090000.WAV,Telephone Field,recover-20220922,001,1795
1741.6355,1741.6745,68437,82009,Rhinolophus ferrumequinum,0.021,0.021,-1,Echolocation,/mnt/ubna_data_02_mir/recover-20220922/UBNA_001/20220921_090000.WAV,Telephone Field,recover-20220922,001,1795
1741.6705,1741.6816,25468,31460,Nyctalus leisleri,0.009,0.024,-1,Echolocation,/mnt/ubna_data_02_mir/recover-20220922/UBNA_001/20220921_090000.WAV,Telephone Field,recover-20220922,001,1795
1741.6725,1741.712,68437,82357,Rhinolophus ferrumequinum,0.025,0.025,-1,Echolocation,/mnt/ubna_data_02_mir/recover-20220922/UBNA_001/20220921_090000.WAV,Telephone Field,recover-20220922,001,1795
1741.6815,1741.7212,68437,82775,Rhinolophus ferrumequinum,0.022,0.022,-1,Echolocation,/mnt/ubna_data_02_mir/recover-20220922/UBNA_001/20220921_090000.WAV,Telephone Field,recover-20220922,001,1795
1741.7165,1741.7243,28046,39291,Eptesicus serotinus,0.007,0.022,-1,Echolocation,/mnt/ubna_data_02_mir/recover-20220922/UBNA_001/20220921_090000.WAV,Telephone Field,recover-20220922,001,1795
1741.7205,1741.7584,68437,81813,Rhinolophus ferrumequinum,0.022,0.022,-1,Echolocation,/mnt/ubna_data_02_mir/recover-20220922/UBNA_001/20220921_090000.WAV,Telephone Field,recover-20220922,001,1795
1741.7285,1741.7679,68437,81907,Rhinolophus ferrumequinum,0.021,0.021,-1,Echolocation,/mnt/ubna_data_02_mir/recover-20220922/UBNA_001/20220921_090000.WAV,Telephone Field,recover-20220922,001,1795
1741.7335,1741.7695,68437,81664,Rhinolophus ferrumequinum,0.021,0.021,-1,Echolocation,/mnt/ubna_data_02_mir/recover-20220922/UBNA_001/20220921_090000.WAV,Telephone Field,recover-20220922,001,1795
1741.7455,1741.7527,28046,38280,Eptesicus serotinus,0.006,0.022,-1,Echolocation,/mnt/ubna_data_02_mir/recover-20220922/UBNA_001/20220921_090000.WAV,Telephone Field,recover-20220922,001,1795
1741.7495,1741.7642,21171,24904,Nyctalus leisleri,0.017,0.032,-1,Echolocation,/mnt/ubna_data_02_mir/recover-20220922/UBNA_001/20220921_090000.WAV,Telephone Field,recover-20220922,001,1795
1741.7575,1741.7971,68437,82137,Rhinolophus ferrumequinum,0.028,0.029,-1,Echolocation,/mnt/ubna_data_02_mir/recover-20220922/UBNA_001/20220921_090000.WAV,Telephone Field,recover-20220922,001,1795
1741.7715,1741.8068,68437,80970,Rhinolophus ferrumequinum,0.022,0.022,-1,Echolocation,/mnt/ubna_data_02_mir/recover-20220922/UBNA_001/20220921_090000.WAV,Telephone Field,recover-20220922,001,1795
1741.8015,1741.8355,68437,81387,Rhinolophus ferrumequinum,0.021,0.022,-1,Echolocation,/mnt/ubna_data_02_mir/recover-20220922/UBNA_001/20220921_090000.WAV,Telephone Field,recover-20220922,001,1795
1741.8255,1741.865,68437,82471,Rhinolophus ferrumequinum,0.021,0.021,-1,Echolocation,/mnt/ubna_data_02_mir/recover-20220922/UBNA_001/20220921_090000.WAV,Telephone Field,recover-20220922,001,1795
1741.8325,1741.8702,68437,82554,Rhinolophus ferrumequinum,0.022,0.022,-1,Echolocation,/mnt/ubna_data_02_mir/recover-20220922/UBNA_001/20220921_090000.WAV,Telephone Field,recover-20220922,001,1795
1741.8615,1741.8992,68437,82168,Rhinolophus ferrumequinum,0.021,0.021,-1,Echolocation,/mnt/ubna_data_02_mir/recover-20220922/UBNA_001/20220921_090000.WAV,Telephone Field,recover-20220922,001,1795
1741.8695,1741.9072,68437,82236,Rhinolophus ferrumequinum,0.021,0.021,-1,Echolocation,/mnt/ubna_data_02_mir/recover-20220922/UBNA_001/20220921_090000.WAV,Telephone Field,recover-20220922,001,1795
1741.9085,1741.9179,28906,36886,Eptesicus serotinus,0.009,0.024,-1,Echolocation,/mnt/ubna_data_02_mir/recover-20220922/UBNA_001/20220921_090000.WAV,Telephone Field,recover-20220922,001,1795
1741.9205,1741.9606,68437,82176,Rhinolophus ferrumequinum,0.031,0.031,-1,Echolocation,/mnt/ubna_data_02_mir/recover-20220922/UBNA_001/20220921_090000.WAV,Telephone Field,recover-20220922,001,1795
1741.9665,1741.9757,28906,37387,Eptesicus serotinus,0.013,0.029,-1,Echolocation,/mnt/ubna_data_02_mir/recover-20220922/UBNA_001/20220921_090000.WAV,Telephone Field,recover-20220922,001,1795
1742.0015,1742.0114,25468,32345,Nyctalus leisleri,0.011,0.029,-1,Echolocation,/mnt/ubna_data_02_mir/recover-20220922/UBNA_001/20220921_090000.WAV,Telephone Field,recover-20220922,001,1795
1742.0015,1742.0371,68437,80178,Rhinolophus ferrumequinum,0.03,0.031,-1,Echolocation,/mnt/ubna_data_02_mir/recover-20220922/UBNA_001/20220921_090000.WAV,Telephone Field,recover-20220922,001,1795
1742.0075,1742.0509,68437,82071,Rhinolophus ferrumequinum,0.022,0.022,-1,Echolocation,/mnt/ubna_data_02_mir/recover-20220922/UBNA_001/20220921_090000.WAV,Telephone Field,recover-20220922,001,1795
1742.0345,1742.0796,68437,83455,Rhinolophus ferrumequinum,0.028,0.028,-1,Echolocation,/mnt/ubna_data_02_mir/recover-20220922/UBNA_001/20220921_090000.WAV,Telephone Field,recover-20220922,001,1795
1742.0575,1742.0974,68437,82250,Rhinolophus ferrumequinum,0.021,0.021,-1,Echolocation,/mnt/ubna_data_02_mir/recover-20220922/UBNA_001/20220921_090000.WAV,Telephone Field,recover-20220922,001,1795
1742.0785,1742.0862,24609,32537,Plecotus austriacus,0.006,0.021,-1,Echolocation,/mnt/ubna_data_02_mir/recover-20220922/UBNA_001/20220921_090000.WAV,Telephone Field,recover-20220922,001,1795
1742.0885,1742.1247,68437,81897,Rhinolophus ferrumequinum,0.026,0.026,-1,Echolocation,/mnt/ubna_data_02_mir/recover-20220922/UBNA_001/20220921_090000.WAV,Telephone Field,recover-20220922,001,1795
1742.0915,1742.1005,28046,38039,Eptesicus serotinus,0.009,0.024,-1,Echolocation,/mnt/ubna_data_02_mir/recover-20220922/UBNA_001/20220921_090000.WAV,Telephone Field,recover-20220922,001,1795
1742.0955,1742.1065,33203,39875,Eptesicus serotinus,0.007,0.025,-1,Echolocation,/mnt/ubna_data_02_mir/recover-20220922/UBNA_001/20220921_090000.WAV,Telephone Field,recover-20220922,001,1795
1742.0995,1742.1408,68437,82826,Rhinolophus ferrumequinum,0.022,0.022,-1,Echolocation,/mnt/ubna_data_02_mir/recover-20220922/UBNA_001/20220921_090000.WAV,Telephone Field,recover-20220922,001,1795
1742.1155,1742.151,68437,81385,Rhinolophus ferrumequinum,0.021,0.021,-1,Echolocation,/mnt/ubna_data_02_mir/recover-20220922/UBNA_001/20220921_090000.WAV,Telephone Field,recover-20220922,001,1795
1742.1315,1742.1398,24609,32049,Plecotus austriacus,0.005,0.021,-1,Echolocation,/mnt/ubna_data_02_mir/recover-20220922/UBNA_001/20220921_090000.WAV,Telephone Field,recover-20220922,001,1795
1742.1535,1742.1916,68437,81991,Rhinolophus ferrumequinum,0.023,0.023,-1,Echolocation,/mnt/ubna_data_02_mir/recover-20220922/UBNA_001/20220921_090000.WAV,Telephone Field,recover-20220922,001,1795
1742.1595,1742.1669,24609,32841,Plecotus austriacus,0.007,0.021,-1,Echolocation,/mnt/ubna_data_02_mir/recover-20220922/UBNA_001/20220921_090000.WAV,Telephone Field,recover-20220922,001,1795
1742.1755,1742.2168,68437,82990,Rhinolophus ferrumequinum,0.025,0.025,-1,Echolocation,/mnt/ubna_data_02_mir/recover-20220922/UBNA_001/20220921_090000.WAV,Telephone Field,recover-20220922,001,1795
1742.2545,1742.2652,23750,29291,Nyctalus leisleri,0.011,0.023,-1,Echolocation,/mnt/ubna_data_02_mir/recover-20220922/UBNA_001/20220921_090000.WAV,Telephone Field,recover-20220922,001,1795
1742.2685,1742.3069,68437,82042,Rhinolophus ferrumequinum,0.021,0.021,-1,Echolocation,/mnt/ubna_data_02_mir/recover-20220922/UBNA_001/20220921_090000.WAV,Telephone Field,recover-20220922,001,1795
1742.2925,1742.3047,52109,56564,Pipistrellus pipistrellus,0.014,0.021,-1,Echolocation,/mnt/ubna_data_02_mir/recover-20220922/UBNA_001/20220921_090000.WAV,Telephone Field,recover-20220922,001,1795
1742.2955,1742.3028,28046,37935,Eptesicus serotinus,0.015,0.037,-1,Echolocation,/mnt/ubna_data_02_mir/recover-20220922/UBNA_001/20220921_090000.WAV,Telephone Field,recover-20220922,001,1795
1742.3035,1742.3436,68437,82541,Rhinolophus ferrumequinum,0.022,0.022,-1,Echolocation,/mnt/ubna_data_02_mir/recover-20220922/UBNA_001/20220921_090000.WAV,Telephone Field,recover-20220922,001,1795
1742.3115,1742.3519,68437,82850,Rhinolophus ferrumequinum,0.027,0.027,-1,Echolocation,/mnt/ubna_data_02_mir/recover-20220922/UBNA_001/20220921_090000.WAV,Telephone Field,recover-20220922,001,1795
1742.3425,1742.3807,68437,81909,Rhinolophus ferrumequinum,0.022,0.022,-1,Echolocation,/mnt/ubna_data_02_mir/recover-20220922/UBNA_001/20220921_090000.WAV,Telephone Field,recover-20220922,001,1795
1742.3725,1742.4095,68437,81678,Rhinolophus ferrumequinum,0.025,0.025,-1,Echolocation,/mnt/ubna_data_02_mir/recover-20220922/UBNA_001/20220921_090000.WAV,Telephone Field,recover-20220922,001,1795
1742.4145,1742.4522,68437,81757,Rhinolophus ferrumequinum,0.022,0.022,-1,Echolocation,/mnt/ubna_data_02_mir/recover-20220922/UBNA_001/20220921_090000.WAV,Telephone Field,recover-20220922,001,1795
1742.4185,1742.4276,28046,37814,Eptesicus serotinus,0.009,0.021,-1,Echolocation,/mnt/ubna_data_02_mir/recover-20220922/UBNA_001/20220921_090000.WAV,Telephone Field,recover-20220922,001,1795
1742.4525,1742.4895,68437,81729,Rhinolophus ferrumequinum,0.021,0.022,-1,Echolocation,/mnt/ubna_data_02_mir/recover-20220922/UBNA_001/20220921_090000.WAV,Telephone Field,recover-20220922,001,1795
1742.4695,1742.5087,68437,82394,Rhinolophus ferrumequinum,0.023,0.023,-1,Echolocation,/mnt/ubna_data_02_mir/recover-20220922/UBNA_001/20220921_090000.WAV,Telephone Field,recover-20220922,001,1795
1742.5015,1742.5423,68437,82412,Rhinolophus ferrumequinum,0.031,0.031,-1,Echolocation,/mnt/ubna_data_02_mir/recover-20220922/UBNA_001/20220921_090000.WAV,Telephone Field,recover-20220922,001,1795
1742.5055,1742.513,28046,37177,Eptesicus serotinus,0.01,0.03,-1,Echolocation,/mnt/ubna_data_02_mir/recover-20220922/UBNA_001/20220921_090000.WAV,Telephone Field,recover-20220922,001,1795
1742.5335,1742.5469,22890,27945,Nyctalus leisleri,0.014,0.027,-1,Echolocation,/mnt/ubna_data_02_mir/recover-20220922/UBNA_001/20220921_090000.WAV,Telephone Field,recover-20220922,001,1795
1742.5405,1742.5769,68437,81263,Rhinolophus ferrumequinum,0.02,0.02,-1,Echolocation,/mnt/ubna_data_02_mir/recover-20220922/UBNA_001/20220921_090000.WAV,Telephone Field,recover-20220922,001,1795
1742.5415,1742.553,23750,29713,Nyctalus leisleri,0.01,0.025,-1,Echolocation,/mnt/ubna_data_02_mir/recover-20220922/UBNA_001/20220921_090000.WAV,Telephone Field,recover-20220922,001,1795
1742.5515,1742.5576,36640,47299,Myotis daubentonii,0.008,0.021,-1,Echolocation,/mnt/ubna_data_02_mir/recover-20220922/UBNA_001/20220921_090000.WAV,Telephone Field,recover-20220922,001,1795
1742.5595,1742.6017,68437,82998,Rhinolophus ferrumequinum,0.036,0.036,-1,Echolocation,/mnt/ubna_data_02_mir/recover-20220922/UBNA_001/20220921_090000.WAV,Telephone Field,recover-20220922,001,1795
1742.5825,1742.5922,22890,28892,Nyctalus leisleri,0.008,0.022,-1,Echolocation,/mnt/ubna_data_02_mir/recover-20220922/UBNA_001/20220921_090000.WAV,Telephone Field,recover-20220922,001,1795
1742.5915,1742.6046,22031,25396,Nyctalus leisleri,0.015,0.025,-1,Echolocation,/mnt/ubna_data_02_mir/recover-20220922/UBNA_001/20220921_090000.WAV,Telephone Field,recover-20220922,001,1795
1742.6255,1742.666,68437,81998,Rhinolophus ferrumequinum,0.022,0.022,-1,Echolocation,/mnt/ubna_data_02_mir/recover-20220922/UBNA_001/20220921_090000.WAV,Telephone Field,recover-20220922,001,1795
1742.6525,1742.66,28046,38309,Eptesicus serotinus,0.007,0.025,-1,Echolocation,/mnt/ubna_data_02_mir/recover-20220922/UBNA_001/20220921_090000.WAV,Telephone Field,recover-20220922,001,1795
1742.6835,1742.6913,27187,38757,Eptesicus serotinus,0.006,0.021,-1,Echolocation,/mnt/ubna_data_02_mir/recover-20220922/UBNA_001/20220921_090000.WAV,Telephone Field,recover-20220922,001,1795
1742.6855,1742.7217,68437,80891,Rhinolophus ferrumequinum,0.021,0.021,-1,Echolocation,/mnt/ubna_data_02_mir/recover-20220922/UBNA_001/20220921_090000.WAV,Telephone Field,recover-20220922,001,1795
1742.6945,1742.7321,68437,81489,Rhinolophus ferrumequinum,0.02,0.02,-1,Echolocation,/mnt/ubna_data_02_mir/recover-20220922/UBNA_001/20220921_090000.WAV,Telephone Field,recover-20220922,001,1795
1742.7185,1742.7288,28046,36165,Eptesicus serotinus,0.01,0.024,-1,Echolocation,/mnt/ubna_data_02_mir/recover-20220922/UBNA_001/20220921_090000.WAV,Telephone Field,recover-20220922,001,1795
1742.7255,1742.7343,28046,38377,Eptesicus serotinus,0.008,0.022,-1,Echolocation,/mnt/ubna_data_02_mir/recover-20220922/UBNA_001/20220921_090000.WAV,Telephone Field,recover-20220922,001,1795
1742.7545,1742.7927,68437,81833,Rhinolophus ferrumequinum,0.022,0.022,-1,Echolocation,/mnt/ubna_data_02_mir/recover-20220922/UBNA_001/20220921_090000.WAV,Telephone Field,recover-20220922,001,1795
1742.8125,1742.8505,68437,81852,Rhinolophus ferrumequinum,0.023,0.023,-1,Echolocation,/mnt/ubna_data_02_mir/recover-20220922/UBNA_001/20220921_090000.WAV,Telephone Field,recover-20220922,001,1795
1742.8175,1742.8332,15156,20716,Nyctalus noctula,0.016,0.023,-1,Echolocation,/mnt/ubna_data_02_mir/recover-20220922/UBNA_001/20220921_090000.WAV,Telephone Field,recover-20220922,001,1795
1742.8365,1742.8772,68437,82500,Rhinolophus ferrumequinum,0.022,0.022,-1,Echolocation,/mnt/ubna_data_02_mir/recover-20220922/UBNA_001/20220921_090000.WAV,Telephone Field,recover-20220922,001,1795
1742.8475,1742.8541,27187,38539,Eptesicus serotinus,0.005,0.022,-1,Echolocation,/mnt/ubna_data_02_mir/recover-20220922/UBNA_001/20220921_090000.WAV,Telephone Field,recover-20220922,001,1795
1742.8825,1742.8904,28046,38444,Eptesicus serotinus,0.007,0.021,-1,Echolocation,/mnt/ubna_data_02_mir/recover-20220922/UBNA_001/20220921_090000.WAV,Telephone Field,recover-20220922,001,1795
1742.8835,1742.9214,68437,82058,Rhinolophus ferrumequinum,0.021,0.021,-1,Echolocation,/mnt/ubna_data_02_mir/recover-20220922/UBNA_001/20220921_090000.WAV,Telephone Field,recover-20220922,001,1795
1742.9245,1742.9318,28046,39975,Eptesicus serotinus,0.007,0.024,-1,Echolocation,/mnt/ubna_data_02_mir/recover-20220922/UBNA_001/20220921_090000.WAV,Telephone Field,recover-20220922,001,1795
1742.9465,1742.9559,24609,31804,Nyctalus leisleri,0.007,0.022,-1,Echolocation,/mnt/ubna_data_02_mir/recover-20220922/UBNA_001/20220921_090000.WAV,Telephone Field,recover-20220922,001,1795
1742.9665,1743.0049,68437,82011,Rhinolophus ferrumequinum,0.021,0.021,-1,Echolocation,/mnt/ubna_data_02_mir/recover-20220922/UBNA_001/20220921_090000.WAV,Telephone Field,recover-20220922,001,1795
1742.9675,1742.9765,35781,41915,Barbastellus barbastellus,0.017,0.046,-1,Echolocation,/mnt/ubna_data_02_mir/recover-20220922/UBNA_001/20220921_090000.WAV,Telephone Field,recover-20220922,001,1795
1742.9685,1742.9767,27187,41591,Eptesicus serotinus,0.008,0.023,-1,Echolocation,/mnt/ubna_data_02_mir/recover-20220922/UBNA_001/20220921_090000.WAV,Telephone Field,recover-20220922,001,1795
1743.0265,1743.0645,68437,82380,Rhinolophus ferrumequinum,0.021,0.021,-1,Echolocation,/mnt/ubna_data_02_mir/recover-20220922/UBNA_001/20220921_090000.WAV,Telephone Field,recover-20220922,001,1795
1743.0375,1743.0796,68437,83095,Rhinolophus ferrumequinum,0.024,0.024,-1,Echolocation,/mnt/ubna_data_02_mir/recover-20220922/UBNA_001/20220921_090000.WAV,Telephone Field,recover-20220922,001,1795
1743.0635,1743.0974,68437,80498,Rhinolophus ferrumequinum,0.021,0.021,-1,Echolocation,/mnt/ubna_data_02_mir/recover-20220922/UBNA_001/20220921_090000.WAV,Telephone Field,recover-20220922,001,1795
1743.0755,1743.1132,68437,81677,Rhinolophus ferrumequinum,0.021,0.021,-1,Echolocation,/mnt/ubna_data_02_mir/recover-20220922/UBNA_001/20220921_090000.WAV,Telephone Field,recover-20220922,001,1795
1743.0795,1743.0913,26328,33418,Eptesicus serotinus,0.013,0.028,-1,Echolocation,/mnt/ubna_data_02_mir/recover-20220922/UBNA_001/20220921_090000.WAV,Telephone Field,recover-20220922,001,1795
1743.1035,1743.1103,25468,35319,Plecotus austriacus,0.011,0.031,-1,Echolocation,/mnt/ubna_data_02_mir/recover-20220922/UBNA_001/20220921_090000.WAV,Telephone Field,recover-20220922,001,1795
1743.1295,1743.1637,68437,80595,Rhinolophus ferrumequinum,0.021,0.021,-1,Echolocation,/mnt/ubna_data_02_mir/recover-20220922/UBNA_001/20220921_090000.WAV,Telephone Field,recover-20220922,001,1795
1743.1375,1743.1459,28046,38741,Eptesicus serotinus,0.009,0.023,-1,Echolocation,/mnt/ubna_data_02_mir/recover-20220922/UBNA_001/20220921_090000.WAV,Telephone Field,recover-20220922,001,1795
1743.1455,1743.1546,28906,36694,Eptesicus serotinus,0.008,0.021,-1,Echolocation,/mnt/ubna_data_02_mir/recover-20220922/UBNA_001/20220921_090000.WAV,Telephone Field,recover-20220922,001,1795
1743.2105,1743.2178,27187,38610,Eptesicus serotinus,0.006,0.022,-1,Echolocation,/mnt/ubna_data_02_mir/recover-20220922/UBNA_001/20220921_090000.WAV,Telephone Field,recover-20220922,001,1795
1743.2265,1743.2365,50390,55038,Pipistrellus pipistrellus,0.024,0.027,-1,Echolocation,/mnt/ubna_data_02_mir/recover-20220922/UBNA_001/20220921_090000.WAV,Telephone Field,recover-20220922,001,1795
1743.2495,1743.26,22890,28245,Nyctalus leisleri,0.01,0.022,-1,Echolocation,/mnt/ubna_data_02_mir/recover-20220922/UBNA_001/20220921_090000.WAV,Telephone Field,recover-20220922,001,1795
1743.2555,1743.2974,68437,82577,Rhinolophus ferrumequinum,0.024,0.024,-1,Echolocation,/mnt/ubna_data_02_mir/recover-20220922/UBNA_001/20220921_090000.WAV,Telephone Field,recover-20220922,001,1795
1743.3055,1743.3124,50390,56729,Pipistrellus pipistrellus,0.024,0.027,-1,Echolocation,/mnt/ubna_data_02_mir/recover-20220922/UBNA_001/20220921_090000.WAV,Telephone Field,recover-20220922,001,1795
1743.3145,1743.3243,45234,49171,Pipistrellus pipistrellus,0.019,0.021,-1,Echolocation,/mnt/ubna_data_02_mir/recover-20220922/UBNA_001/20220921_090000.WAV,Telephone Field,recover-20220922,001,1795
1743.3515,1743.3916,68437,82055,Rhinolophus ferrumequinum,0.022,0.022,-1,Echolocation,/mnt/ubna_data_02_mir/recover-20220922/UBNA_001/20220921_090000.WAV,Telephone Field,recover-20220922,001,1795
1743.3825,1743.3891,46953,52766,Pipistrellus pipistrellus,0.023,0.024,-1,Echolocation,/mnt/ubna_data_02_mir/recover-20220922/UBNA_001/20220921_090000.WAV,Telephone Field,recover-20220922,001,1795
1743.4425,1743.4804,68437,81575,Rhinolophus ferrumequinum,0.024,0.024,-1,Echolocation,/mnt/ubna_data_02_mir/recover-20220922/UBNA_001/20220921_090000.WAV,Telephone Field,recover-20220922,001,1795
1743.4555,1743.4922,68437,81614,Rhinolophus ferrumequinum,0.023,0.023,-1,Echolocation,/mnt/ubna_data_02_mir/recover-20220922/UBNA_001/20220921_090000.WAV,Telephone Field,recover-20220922,001,1795
1743.5005,1743.5368,68437,81636,Rhinolophus ferrumequinum,0.021,0.021,-1,Echolocation,/mnt/ubna_data_02_mir/recover-20220922/UBNA_001/20220921_090000.WAV,Telephone Field,recover-20220922,001,1795
1743.5075,1743.5183,28906,37254,Eptesicus serotinus,0.012,0.027,-1,Echolocation,/mnt/ubna_data_02_mir/recover-20220922/UBNA_001/20220921_090000.WAV,Telephone Field,recover-20220922,001,1795
1743.5085,1743.5445,68437,81064,Rhinolophus ferrumequinum,0.02,0.02,-1,Echolocation,/mnt/ubna_data_02_mir/recover-20220922/UBNA_001/20220921_090000.WAV,Telephone Field,recover-20220922,001,1795
1743.5295,1743.5397,22031,28545,Nyctalus leisleri,0.012,0.035,-1,Echolocation,/mnt/ubna_data_02_mir/recover-20220922/UBNA_001/20220921_090000.WAV,Telephone Field,recover-20220922,001,1795
1743.5365,1743.5779,68437,82307,Rhinolophus ferrumequinum,0.025,0.025,-1,Echolocation,/mnt/ubna_data_02_mir/recover-20220922/UBNA_001/20220921_090000.WAV,Telephone Field,recover-20220922,001,1795
1743.5715,1743.6056,68437,80839,Rhinolophus ferrumequinum,0.02,0.02,-1,Echolocation,/mnt/ubna_data_02_mir/recover-20220922/UBNA_001/20220921_090000.WAV,Telephone Field,recover-20220922,001,1795
1743.5815,1743.5902,28906,37557,Eptesicus serotinus,0.007,0.021,-1,Echolocation,/mnt/ubna_data_02_mir/recover-20220922/UBNA_001/20220921_090000.WAV,Telephone Field,recover-20220922,001,1795
1743.5915,1743.6307,68437,82281,Rhinolophus ferrumequinum,0.025,0.025,-1,Echolocation,/mnt/ubna_data_02_mir/recover-20220922/UBNA_001/20220921_090000.WAV,Telephone Field,recover-20220922,001,1795
1743.6225,1743.66,68437,81105,Rhinolophus ferrumequinum,0.022,0.022,-1,Echolocation,/mnt/ubna_data_02_mir/recover-20220922/UBNA_001/20220921_090000.WAV,Telephone Field,recover-20220922,001,1795
1743.6285,1743.6393,22890,28759,Nyctalus leisleri,0.01,0.022,-1,Echolocation,/mnt/ubna_data_02_mir/recover-20220922/UBNA_001/20220921_090000.WAV,Telephone Field,recover-20220922,001,1795
1743.6415,1743.6802,68437,81766,Rhinolophus ferrumequinum,0.025,0.025,-1,Echolocation,/mnt/ubna_data_02_mir/recover-20220922/UBNA_001/20220921_090000.WAV,Telephone Field,recover-20220922,001,1795
1743.6515,1743.6895,68437,81717,Rhinolophus ferrumequinum,0.021,0.021,-1,Echolocation,/mnt/ubna_data_02_mir/recover-20220922/UBNA_001/20220921_090000.WAV,Telephone Field,recover-20220922,001,1795
1743.6755,1743.6878,22890,27492,Nyctalus leisleri,0.011,0.022,-1,Echolocation,/mnt/ubna_data_02_mir/recover-20220922/UBNA_001/20220921_090000.WAV,Telephone Field,recover-20220922,001,1795
1743.6755,1743.7163,68437,82289,Rhinolophus ferrumequinum,0.027,0.027,-1,Echolocation,/mnt/ubna_data_02_mir/recover-20220922/UBNA_001/20220921_090000.WAV,Telephone Field,recover-20220922,001,1795
1743.7205,1743.761,68437,82166,Rhinolophus ferrumequinum,0.022,0.023,-1,Echolocation,/mnt/ubna_data_02_mir/recover-20220922/UBNA_001/20220921_090000.WAV,Telephone Field,recover-20220922,001,1795
1743.7425,1743.7819,68437,82358,Rhinolophus ferrumequinum,0.022,0.022,-1,Echolocation,/mnt/ubna_data_02_mir/recover-20220922/UBNA_001/20220921_090000.WAV,Telephone Field,recover-20220922,001,1795
1743.7655,1743.8041,68437,81785,Rhinolophus ferrumequinum,0.024,0.024,-1,Echolocation,/mnt/ubna_data_02_mir/recover-20220922/UBNA_001/20220921_090000.WAV,Telephone Field,recover-20220922,001,1795
1743.7765,1743.8127,68437,82157,Rhinolophus ferrumequinum,0.021,0.021,-1,Echolocation,/mnt/ubna_data_02_mir/recover-20220922/UBNA_001/20220921_090000.WAV,Telephone Field,recover-20220922,001,1795
1743.7875,1743.8254,68437,81893,Rhinolophus ferrumequinum,0.02,0.02,-1,Echolocation,/mnt/ubna_data_02_mir/recover-20220922/UBNA_001/20220921_090000.WAV,Telephone Field,recover-20220922,001,1795
1743.7965,1743.8329,68437,81373,Rhinolophus ferrumequinum,0.022,0.022,-1,Echolocation,/mnt/ubna_data_02_mir/recover-20220922/UBNA_001/20220921_090000.WAV,Telephone Field,recover-20220922,001,1795
1743.8155,1743.8552,68437,82353,Rhinolophus ferrumequinum,0.023,0.023,-1,Echolocation,/mnt/ubna_data_02_mir/recover-20220922/UBNA_001/20220921_090000.WAV,Telephone Field,recover-20220922,001,1795
1743.8415,1743.8804,68437,81945,Rhinolophus ferrumequinum,0.023,0.023,-1,Echolocation,/mnt/ubna_data_02_mir/recover-20220922/UBNA_001/20220921_090000.WAV,Telephone Field,recover-20220922,001,1795
1743.8605,1743.8704,28906,36156,Eptesicus serotinus,0.008,0.021,-1,Echolocation,/mnt/ubna_data_02_mir/recover-20220922/UBNA_001/20220921_090000.WAV,Telephone Field,recover-20220922,001,1795
1743.9065,1743.9479,68437,82210,Rhinolophus ferrumequinum,0.025,0.025,-1,Echolocation,/mnt/ubna_data_02_mir/recover-20220922/UBNA_001/20220921_090000.WAV,Telephone Field,recover-20220922,001,1795
1743.9115,1743.9188,24609,33630,Plecotus austriacus,0.01,0.026,-1,Echolocation,/mnt/ubna_data_02_mir/recover-20220922/UBNA_001/20220921_090000.WAV,Telephone Field,recover-20220922,001,1795
1743.9215,1743.9647,68437,82803,Rhinolophus ferrumequinum,0.037,0.037,-1,Echolocation,/mnt/ubna_data_02_mir/recover-20220922/UBNA_001/20220921_090000.WAV,Telephone Field,recover-20220922,001,1795
1743.9485,1743.9883,68437,82480,Rhinolophus ferrumequinum,0.023,0.023,-1,Echolocation,/mnt/ubna_data_02_mir/recover-20220922/UBNA_001/20220921_090000.WAV,Telephone Field,recover-20220922,001,1795
1743.9565,1743.9634,23750,32849,Plecotus austriacus,0.012,0.026,-1,Echolocation,/mnt/ubna_data_02_mir/recover-20220922/UBNA_001/20220921_090000.WAV,Telephone Field,recover-20220922,001,1795
1744.0015,1744.0112,47812,52624,Pipistrellus pipistrellus,0.017,0.023,-1,Echolocation,/mnt/ubna_data_02_mir/recover-20220922/UBNA_001/20220921_090000.WAV,Telephone Field,recover-20220922,001,1795
1744.0015,1744.0116,22031,28270,Nyctalus leisleri,0.012,0.033,-1,Echolocation,/mnt/ubna_data_02_mir/recover-20220922/UBNA_001/20220921_090000.WAV,Telephone Field,recover-20220922,001,1795
1744.0015,1744.0091,14296,22397,Plecotus auritus,0.008,0.022,-1,Echolocation,/mnt/ubna_data_02_mir/recover-20220922/UBNA_001/20220921_090000.WAV,Telephone Field,recover-20220922,001,1795
1744.0015,1744.0347,68437,79787,Rhinolophus ferrumequinum,0.038,0.039,-1,Echolocation,/mnt/ubna_data_02_mir/recover-20220922/UBNA_001/20220921_090000.WAV,Telephone Field,recover-20220922,001,1795
1744.0685,1744.1056,68437,82076,Rhinolophus ferrumequinum,0.022,0.022,-1,Echolocation,/mnt/ubna_data_02_mir/recover-20220922/UBNA_001/20220921_090000.WAV,Telephone Field,recover-20220922,001,1795
1744.0895,1744.1211,68437,80480,Rhinolophus ferrumequinum,0.021,0.022,-1,Echolocation,/mnt/ubna_data_02_mir/recover-20220922/UBNA_001/20220921_090000.WAV,Telephone Field,recover-20220922,001,1795
1744.1105,1744.1497,68437,82806,Rhinolophus ferrumequinum,0.022,0.022,-1,Echolocation,/mnt/ubna_data_02_mir/recover-20220922/UBNA_001/20220921_090000.WAV,Telephone Field,recover-20220922,001,1795
1744.1125,1744.1222,24609,31618,Nyctalus leisleri,0.008,0.022,-1,Echolocation,/mnt/ubna_data_02_mir/recover-20220922/UBNA_001/20220921_090000.WAV,Telephone Field,recover-20220922,001,1795
1744.1165,1744.1261,28906,37155,Eptesicus serotinus,0.009,0.022,-1,Echolocation,/mnt/ubna_data_02_mir/recover-20220922/UBNA_001/20220921_090000.WAV,Telephone Field,recover-20220922,001,1795
1744.1215,1744.1609,68437,81616,Rhinolophus ferrumequinum,0.023,0.023,-1,Echolocation,/mnt/ubna_data_02_mir/recover-20220922/UBNA_001/20220921_090000.WAV,Telephone Field,recover-20220922,001,1795
1744.1335,1744.1721,68437,82328,Rhinolophus ferrumequinum,0.025,0.025,-1,Echolocation,/mnt/ubna_data_02_mir/recover-20220922/UBNA_001/20220921_090000.WAV,Telephone Field,recover-20220922,001,1795
1744.1455,1744.153,28906,38273,Eptesicus serotinus,0.006,0.022,-1,Echolocation,/mnt/ubna_data_02_mir/recover-20220922/UBNA_001/20220921_090000.WAV,Telephone Field,recover-20220922,001,1795
1744.1585,1744.1981,68437,82548,Rhinolophus ferrumequinum,0.024,0.024,-1,Echolocation,/mnt/ubna_data_02_mir/recover-20220922/UBNA_001/20220921_090000.WAV,Telephone Field,recover-20220922,001,1795
1744.1835,1744.2257,68437,82622,Rhinolophus ferrumequinum,0.022,0.022,-1,Echolocation,/mnt/ubna_data_02_mir/recover-20220922/UBNA_001/20220921_090000.WAV,Telephone Field,recover-20220922,001,1795
1744.2015,1744.2386,68437,81493,Rhinolophus ferrumequinum,0.022,0.022,-1,Echolocation,/mnt/ubna_data_02_mir/recover-20220922/UBNA_001/20220921_090000.WAV,Telephone Field,recover-20220922,001,1795
1744.2285,1744.2681,68437,82297,Rhinolophus ferrumequinum,0.027,0.027,-1,Echolocation,/mnt/ubna_data_02_mir/recover-20220922/UBNA_001/20220921_090000.WAV,Telephone Field,recover-20220922,001,1795
1744.2715,1744.3115,68437,82540,Rhinolophus ferrumequinum,0.022,0.022,-1,Echolocation,/mnt/ubna_data_02_mir/recover-20220922/UBNA_001/20220921_090000.WAV,Telephone Field,recover-20220922,001,1795
1744.2945,1744.3032,27187,36264,Eptesicus serotinus,0.011,0.025,-1,Echolocation,/mnt/ubna_data_02_mir/recover-20220922/UBNA_001/20220921_090000.WAV,Telephone Field,recover-20220922,001,1795
1744.3285,1744.3673,68437,82241,Rhinolophus ferrumequinum,0.022,0.022,-1,Echolocation,/mnt/ubna_data_02_mir/recover-20220922/UBNA_001/20220921_090000.WAV,Telephone Field,recover-20220922,001,1795
1744.3365,1744.3746,68437,82042,Rhinolophus ferrumequinum,0.025,0.025,-1,Echolocation,/mnt/ubna_data_02_mir/recover-20220922/UBNA_001/20220921_090000.WAV,Telephone Field,recover-20220922,001,1795
1744.3695,1744.38,23750,29182,Nyctalus leisleri,0.011,0.025,-1,Echolocation,/mnt/ubna_data_02_mir/recover-20220922/UBNA_001/20220921_090000.WAV,Telephone Field,recover-20220922,001,1795
1744.3775,1744.4215,68437,83630,Rhinolophus ferrumequinum,0.043,0.043,-1,Echolocation,/mnt/ubna_data_02_mir/recover-20220922/UBNA_001/20220921_090000.WAV,Telephone Field,recover-20220922,001,1795
1744.3995,1744.4385,68437,81782,Rhinolophus ferrumequinum,0.029,0.029,-1,Echolocation,/mnt/ubna_data_02_mir/recover-20220922/UBNA_001/20220921_090000.WAV,Telephone Field,recover-20220922,001,1795
1744.4035,1744.4145,22890,27825,Nyctalus leisleri,0.013,0.026,-1,Echolocation,/mnt/ubna_data_02_mir/recover-20220922/UBNA_001/20220921_090000.WAV,Telephone Field,recover-20220922,001,1795
1744.4245,1744.4673,68437,83462,Rhinolophus ferrumequinum,0.041,0.041,-1,Echolocation,/mnt/ubna_data_02_mir/recover-20220922/UBNA_001/20220921_090000.WAV,Telephone Field,recover-20220922,001,1795
1744.4335,1744.4758,68437,83331,Rhinolophus ferrumequinum,0.037,0.037,-1,Echolocation,/mnt/ubna_data_02_mir/recover-20220922/UBNA_001/20220921_090000.WAV,Telephone Field,recover-20220922,001,1795
1744.4415,1744.4523,24609,30047,Nyctalus leisleri,0.014,0.034,-1,Echolocation,/mnt/ubna_data_02_mir/recover-20220922/UBNA_001/20220921_090000.WAV,Telephone Field,recover-20220922,001,1795
1744.4615,1744.5047,68437,83351,Rhinolophus ferrumequinum,0.039,0.039,-1,Echolocation,/mnt/ubna_data_02_mir/recover-20220922/UBNA_001/20220921_090000.WAV,Telephone Field,recover-20220922,001,1795
1744.4935,1744.5064,22890,28080,Nyctalus leisleri,0.014,0.025,-1,Echolocation,/mnt/ubna_data_02_mir/recover-20220922/UBNA_001/20220921_090000.WAV,Telephone Field,recover-20220922,001,1795
1744.4955,1744.5354,68437,82178,Rhinolophus ferrumequinum,0.022,0.022,-1,Echolocation,/mnt/ubna_data_02_mir/recover-20220922/UBNA_001/20220921_090000.WAV,Telephone Field,recover-20220922,001,1795
1744.5035,1744.5426,68437,82008,Rhinolophus ferrumequinum,0.023,0.023,-1,Echolocation,/mnt/ubna_data_02_mir/recover-20220922/UBNA_001/20220921_090000.WAV,Telephone Field,recover-20220922,001,1795
1744.5115,1744.5512,68437,82453,Rhinolophus ferrumequinum,0.024,0.024,-1,Echolocation,/mnt/ubna_data_02_mir/recover-20220922/UBNA_001/20220921_090000.WAV,Telephone Field,recover-20220922,001,1795
1744.5265,1744.5658,68437,81914,Rhinolophus ferrumequinum,0.025,0.025,-1,Echolocation,/mnt/ubna_data_02_mir/recover-20220922/UBNA_001/20220921_090000.WAV,Telephone Field,recover-20220922,001,1795
1744.5355,1744.578,68437,82963,Rhinolophus ferrumequinum,0.035,0.035,-1,Echolocation,/mnt/ubna_data_02_mir/recover-20220922/UBNA_001/20220921_090000.WAV,Telephone Field,recover-20220922,001,1795
1744.5615,1744.6031,68437,82499,Rhinolophus ferrumequinum,0.024,0.024,-1,Echolocation,/mnt/ubna_data_02_mir/recover-20220922/UBNA_001/20220921_090000.WAV,Telephone Field,recover-20220922,001,1795
1744.5755,1744.6127,68437,81188,Rhinolophus ferrumequinum,0.022,0.022,-1,Echolocation,/mnt/ubna_data_02_mir/recover-20220922/UBNA_001/20220921_090000.WAV,Telephone Field,recover-20220922,001,1795
1744.5825,1744.6192,68437,81343,Rhinolophus ferrumequinum,0.022,0.022,-1,Echolocation,/mnt/ubna_data_02_mir/recover-20220922/UBNA_001/20220921_090000.WAV,Telephone Field,recover-20220922,001,1795
1744.5945,1744.635,68437,82766,Rhinolophus ferrumequinum,0.027,0.027,-1,Echolocation,/mnt/ubna_data_02_mir/recover-20220922/UBNA_001/20220921_090000.WAV,Telephone Field,recover-20220922,001,1795
1744.6135,1744.624,23750,30131,Nyctalus leisleri,0.011,0.027,-1,Echolocation,/mnt/ubna_data_02_mir/recover-20220922/UBNA_001/20220921_090000.WAV,Telephone Field,recover-20220922,001,1795
1744.6355,1744.6448,28046,38921,Eptesicus serotinus,0.009,0.024,-1,Echolocation,/mnt/ubna_data_02_mir/recover-20220922/UBNA_001/20220921_090000.WAV,Telephone Field,recover-20220922,001,1795
1744.6755,1744.7169,68437,82636,Rhinolophus ferrumequinum,0.022,0.022,-1,Echolocation,/mnt/ubna_data_02_mir/recover-20220922/UBNA_001/20220921_090000.WAV,Telephone Field,recover-20220922,001,1795
1744.6905,1744.7244,68437,81363,Rhinolophus ferrumequinum,0.022,0.022,-1,Echolocation,/mnt/ubna_data_02_mir/recover-20220922/UBNA_001/20220921_090000.WAV,Telephone Field,recover-20220922,001,1795
1744.7055,1744.7133,32343,44605,Myotis daubentonii,0.009,0.023,-1,Echolocation,/mnt/ubna_data_02_mir/recover-20220922/UBNA_001/20220921_090000.WAV,Telephone Field,recover-20220922,001,1795
1744.7145,1744.723,28046,37051,Eptesicus serotinus,0.013,0.03,-1,Echolocation,/mnt/ubna_data_02_mir/recover-20220922/UBNA_001/20220921_090000.WAV,Telephone Field,recover-20220922,001,1795
1744.7155,1744.7534,68437,82372,Rhinolophus ferrumequinum,0.023,0.023,-1,Echolocation,/mnt/ubna_data_02_mir/recover-20220922/UBNA_001/20220921_090000.WAV,Telephone Field,recover-20220922,001,1795
1744.7215,1744.7403,55546,60511,Pipistrellus pygmaeus,0.042,0.044,-1,Echolocation,/mnt/ubna_data_02_mir/recover-20220922/UBNA_001/20220921_090000.WAV,Telephone Field,recover-20220922,001,1795
1744.7235,1744.7307,24609,33636,Plecotus austriacus,0.013,0.029,-1,Echolocation,/mnt/ubna_data_02_mir/recover-20220922/UBNA_001/20220921_090000.WAV,Telephone Field,recover-20220922,001,1795
1744.7515,1744.7867,68437,81284,Rhinolophus ferrumequinum,0.024,0.024,-1,Echolocation,/mnt/ubna_data_02_mir/recover-20220922/UBNA_001/20220921_090000.WAV,Telephone Field,recover-20220922,001,1795
1744.8075,1744.8158,26328,35451,Eptesicus serotinus,0.012,0.032,-1,Echolocation,/mnt/ubna_data_02_mir/recover-20220922/UBNA_001/20220921_090000.WAV,Telephone Field,recover-20220922,001,1795
1744.8115,1744.8509,68437,82214,Rhinolophus ferrumequinum,0.025,0.025,-1,Echolocation,/mnt/ubna_data_02_mir/recover-20220922/UBNA_001/20220921_090000.WAV,Telephone Field,recover-20220922,001,1795
1744.8595,1744.9013,68437,82989,Rhinolophus ferrumequinum,0.027,0.027,-1,Echolocation,/mnt/ubna_data_02_mir/recover-20220922/UBNA_001/20220921_090000.WAV,Telephone Field,recover-20220922,001,1795
1744.8685,1744.9085,68437,82238,Rhinolophus ferrumequinum,0.026,0.026,-1,Echolocation,/mnt/ubna_data_02_mir/recover-20220922/UBNA_001/20220921_090000.WAV,Telephone Field,recover-20220922,001,1795
1744.8875,1744.8989,22890,28319,Nyctalus leisleri,0.011,0.023,-1,Echolocation,/mnt/ubna_data_02_mir/recover-20220922/UBNA_001/20220921_090000.WAV,Telephone Field,recover-20220922,001,1795
1744.9115,1744.9189,27187,39422,Eptesicus serotinus,0.006,0.022,-1,Echolocation,/mnt/ubna_data_02_mir/recover-20220922/UBNA_001/20220921_090000.WAV,Telephone Field,recover-20220922,001,1795
1744.9385,1744.9478,25468,34003,Eptesicus serotinus,0.01,0.024,-1,Echolocation,/mnt/ubna_data_02_mir/recover-20220922/UBNA_001/20220921_090000.WAV,Telephone Field,recover-20220922,001,1795
1744.9825,1745.019,68437,81512,Rhinolophus ferrumequinum,0.022,0.022,-1,Echolocation,/mnt/ubna_data_02_mir/recover-20220922/UBNA_001/20220921_090000.WAV,Telephone Field,recover-20220922,001,1795
1745.0085,1745.0477,68437,82335,Rhinolophus ferrumequinum,0.025,0.025,-1,Echolocation,/mnt/ubna_data_02_mir/recover-20220922/UBNA_001/20220921_090000.WAV,Telephone Field,recover-20220922,001,1795
1745.0215,1745.06,68437,82133,Rhinolophus ferrumequinum,0.022,0.022,-1,Echolocation,/mnt/ubna_data_02_mir/recover-20220922/UBNA_001/20220921_090000.WAV,Telephone Field,recover-20220922,001,1795
1745.0395,1745.0805,68437,82827,Rhinolophus ferrumequinum,0.039,0.039,-1,Echolocation,/mnt/ubna_data_02_mir/recover-20220922/UBNA_001/20220921_090000.WAV,Telephone Field,recover-20220922,001,1795
1745.0625,1745.0711,28906,37603,Eptesicus serotinus,0.009,0.025,-1,Echolocation,/mnt/ubna_data_02_mir/recover-20220922/UBNA_001/20220921_090000.WAV,Telephone Field,recover-20220922,001,1795
1745.0785,1745.12,68437,82629,Rhinolophus ferrumequinum,0.031,0.031,-1,Echolocation,/mnt/ubna_data_02_mir/recover-20220922/UBNA_001/20220921_090000.WAV,Telephone Field,recover-20220922,001,1795
1745.0945,1745.1357,68437,82964,Rhinolophus ferrumequinum,0.023,0.023,-1,Echolocation,/mnt/ubna_data_02_mir/recover-20220922/UBNA_001/20220921_090000.WAV,Telephone Field,recover-20220922,001,1795
1745.1065,1745.1462,68437,82156,Rhinolophus ferrumequinum,0.023,0.023,-1,Echolocation,/mnt/ubna_data_02_mir/recover-20220922/UBNA_001/20220921_090000.WAV,Telephone Field,recover-20220922,001,1795
1745.1575,1745.1643,32343,42130,Myotis daubentonii,0.01,0.022,-1,Echolocation,/mnt/ubna_data_02_mir/recover-20220922/UBNA_001/20220921_090000.WAV,Telephone Field,recover-20220922,001,1795
1745.1575,1745.1932,68437,81464,Rhinolophus ferrumequinum,0.029,0.029,-1,Echolocation,/mnt/ubna_data_02_mir/recover-20220922/UBNA_001/20220921_090000.WAV,Telephone Field,recover-20220922,001,1795
1745.2155,1745.2579,68437,83101,Rhinolophus ferrumequinum,0.031,0.031,-1,Echolocation,/mnt/ubna_data_02_mir/recover-20220922/UBNA_001/20220921_090000.WAV,Telephone Field,recover-20220922,001,1795
1745.2235,1745.2304,23750,32477,Plecotus austriacus,0.01,0.023,-1,Echolocation,/mnt/ubna_data_02_mir/recover-20220922/UBNA_001/20220921_090000.WAV,Telephone Field,recover-20220922,001,1795
1745.2275,1745.2354,28046,37592,Eptesicus serotinus,0.007,0.022,-1,Echolocation,/mnt/ubna_data_02_mir/recover-20220922/UBNA_001/20220921_090000.WAV,Telephone Field,recover-20220922,001,1795
1745.2395,1745.2486,35781,41733,Barbastellus barbastellus,0.01,0.027,-1,Echolocation,/mnt/ubna_data_02_mir/recover-20220922/UBNA_001/20220921_090000.WAV,Telephone Field,recover-20220922,001,1795
1745.2705,1745.3067,68437,81768,Rhinolophus ferrumequinum,0.022,0.022,-1,Echolocation,/mnt/ubna_data_02_mir/recover-20220922/UBNA_001/20220921_090000.WAV,Telephone Field,recover-20220922,001,1795
1745.2955,1745.3333,68437,82286,Rhinolophus ferrumequinum,0.025,0.025,-1,Echolocation,/mnt/ubna_data_02_mir/recover-20220922/UBNA_001/20220921_090000.WAV,Telephone Field,recover-20220922,001,1795
1745.2975,1745.309,22890,28244,Nyctalus leisleri,0.015,0.03,-1,Echolocation,/mnt/ubna_data_02_mir/recover-20220922/UBNA_001/20220921_090000.WAV,Telephone Field,recover-20220922,001,1795
1745.3115,1745.3506,68437,82245,Rhinolophus ferrumequinum,0.023,0.023,-1,Echolocation,/mnt/ubna_data_02_mir/recover-20220922/UBNA_001/20220921_090000.WAV,Telephone Field,recover-20220922,001,1795
1745.3635,1745.3778,22031,25748,Nyctalus leisleri,0.018,0.029,-1,Echolocation,/mnt/ubna_data_02_mir/recover-20220922/UBNA_001/20220921_090000.WAV,Telephone Field,recover-20220922,001,1795
1745.3695,1745.4078,68437,81401,Rhinolophus ferrumequinum,0.026,0.027,-1,Echolocation,/mnt/ubna_data_02_mir/recover-20220922/UBNA_001/20220921_090000.WAV,Telephone Field,recover-20220922,001,1795
1745.3775,1745.3877,28906,36496,Eptesicus serotinus,0.01,0.023,-1,Echolocation,/mnt/ubna_data_02_mir/recover-20220922/UBNA_001/20220921_090000.WAV,Telephone Field,recover-20220922,001,1795
1745.3875,1745.3953,28046,39930,Eptesicus serotinus,0.007,0.022,-1,Echolocation,/mnt/ubna_data_02_mir/recover-20220922/UBNA_001/20220921_090000.WAV,Telephone Field,recover-20220922,001,1795
1745.4115,1745.4523,68437,82775,Rhinolophus ferrumequinum,0.034,0.034,-1,Echolocation,/mnt/ubna_data_02_mir/recover-20220922/UBNA_001/20220921_090000.WAV,Telephone Field,recover-20220922,001,1795
1745.4135,1745.4241,22031,26243,Nyctalus leisleri,0.012,0.022,-1,Echolocation,/mnt/ubna_data_02_mir/recover-20220922/UBNA_001/20220921_090000.WAV,Telephone Field,recover-20220922,001,1795
1745.4385,1745.4781,68437,81646,Rhinolophus ferrumequinum,0.022,0.022,-1,Echolocation,/mnt/ubna_data_02_mir/recover-20220922/UBNA_001/20220921_090000.WAV,Telephone Field,recover-20220922,001,1795
1745.4595,1745.4979,68437,82663,Rhinolophus ferrumequinum,0.035,0.035,-1,Echolocation,/mnt/ubna_data_02_mir/recover-20220922/UBNA_001/20220921_090000.WAV,Telephone Field,recover-20220922,001,1795
1745.4695,1745.5074,68437,81873,Rhinolophus ferrumequinum,0.039,0.039,-1,Echolocation,/mnt/ubna_data_02_mir/recover-20220922/UBNA_001/20220921_090000.WAV,Telephone Field,recover-20220922,001,1795
1745.4755,1745.4877,29765,34954,Eptesicus serotinus,0.013,0.028,-1,Echolocation,/mnt/ubna_data_02_mir/recover-20220922/UBNA_001/20220921_090000.WAV,Telephone Field,recover-20220922,001,1795
1745.4905,1745.5046,15156,20028,Nyctalus noctula,0.037,0.052,-1,Echolocation,/mnt/ubna_data_02_mir/recover-20220922/UBNA_001/20220921_090000.WAV,Telephone Field,recover-20220922,001,1795
1745.5045,1745.5134,23750,30607,Nyctalus leisleri,0.007,0.022,-1,Echolocation,/mnt/ubna_data_02_mir/recover-20220922/UBNA_001/20220921_090000.WAV,Telephone Field,recover-20220922,001,1795
1745.5155,1745.5609,68437,82908,Rhinolophus ferrumequinum,0.044,0.044,-1,Echolocation,/mnt/ubna_data_02_mir/recover-20220922/UBNA_001/20220921_090000.WAV,Telephone Field,recover-20220922,001,1795
1745.5245,1745.5417,15156,20659,Nyctalus noctula,0.016,0.022,-1,Echolocation,/mnt/ubna_data_02_mir/recover-20220922/UBNA_001/20220921_090000.WAV,Telephone Field,recover-20220922,001,1795
1745.5395,1745.5751,68437,81264,Rhinolophus ferrumequinum,0.024,0.024,-1,Echolocation,/mnt/ubna_data_02_mir/recover-20220922/UBNA_001/20220921_090000.WAV,Telephone Field,recover-20220922,001,1795
1745.5515,1745.5876,68437,82048,Rhinolophus ferrumequinum,0.023,0.023,-1,Echolocation,/mnt/ubna_data_02_mir/recover-20220922/UBNA_001/20220921_090000.WAV,Telephone Field,recover-20220922,001,1795
1745.5575,1745.5679,27187,33590,Eptesicus serotinus,0.022,0.039,-1,Echolocation,/mnt/ubna_data_02_mir/recover-20220922/UBNA_001/20220921_090000.WAV,Telephone Field,recover-20220922,001,1795
1745.5725,1745.6089,68437,79886,Rhinolophus ferrumequinum,0.035,0.035,-1,Echolocation,/mnt/ubna_data_02_mir/recover-20220922/UBNA_001/20220921_090000.WAV,Telephone Field,recover-20220922,001,1795
1745.5745,1745.5833,28046,39653,Eptesicus serotinus,0.009,0.024,-1,Echolocation,/mnt/ubna_data_02_mir/recover-20220922/UBNA_001/20220921_090000.WAV,Telephone Field,recover-20220922,001,1795
1745.6195,1745.6581,68437,81941,Rhinolophus ferrumequinum,0.022,0.022,-1,Echolocation,/mnt/ubna_data_02_mir/recover-20220922/UBNA_001/20220921_090000.WAV,Telephone Field,recover-20220922,001,1795
1745.6635,1745.7013,68437,82053,Rhinolophus ferrumequinum,0.022,0.022,-1,Echolocation,/mnt/ubna_data_02_mir/recover-20220922/UBNA_001/20220921_090000.WAV,Telephone Field,recover-20220922,001,1795
1745.6875,1745.7253,68437,82178,Rhinolophus ferrumequinum,0.025,0.025,-1,Echolocation,/mnt/ubna_data_02_mir/recover-20220922/UBNA_001/20220921_090000.WAV,Telephone Field,recover-20220922,001,1795
1745.6885,1745.6979,25468,33612,Eptesicus serotinus,0.014,0.036,-1,Echolocation,/mnt/ubna_data_02_mir/recover-20220922/UBNA_001/20220921_090000.WAV,Telephone Field,recover-20220922,001,1795
1745.7025,1745.7419,68437,82292,Rhinolophus ferrumequinum,0.024,0.024,-1,Echolocation,/mnt/ubna_data_02_mir/recover-20220922/UBNA_001/20220921_090000.WAV,Telephone Field,recover-20220922,001,1795
1745.7065,1745.7166,23750,30007,Nyctalus leisleri,0.009,0.023,-1,Echolocation,/mnt/ubna_data_02_mir/recover-20220922/UBNA_001/20220921_090000.WAV,Telephone Field,recover-20220922,001,1795
1745.7535,1745.7918,68437,82317,Rhinolophus ferrumequinum,0.026,0.026,-1,Echolocation,/mnt/ubna_data_02_mir/recover-20220922/UBNA_001/20220921_090000.WAV,Telephone Field,recover-20220922,001,1795
1745.7745,1745.8136,68437,81656,Rhinolophus ferrumequinum,0.023,0.023,-1,Echolocation,/mnt/ubna_data_02_mir/recover-20220922/UBNA_001/20220921_090000.WAV,Telephone Field,recover-20220922,001,1795
1745.7935,1745.8047,25468,32339,Eptesicus serotinus,0.01,0.023,-1,Echolocation,/mnt/ubna_data_02_mir/recover-20220922/UBNA_001/20220921_090000.WAV,Telephone Field,recover-20220922,001,1795
1745.7975,1745.8361,68437,83032,Rhinolophus ferrumequinum,0.023,0.023,-1,Echolocation,/mnt/ubna_data_02_mir/recover-20220922/UBNA_001/20220921_090000.WAV,Telephone Field,recover-20220922,001,1795
1745.8305,1745.8391,28046,37523,Eptesicus serotinus,0.009,0.025,-1,Echolocation,/mnt/ubna_data_02_mir/recover-20220922/UBNA_001/20220921_090000.WAV,Telephone Field,recover-20220922,001,1795
1745.8415,1745.884,68437,82392,Rhinolophus ferrumequinum,0.035,0.035,-1,Echolocation,/mnt/ubna_data_02_mir/recover-20220922/UBNA_001/20220921_090000.WAV,Telephone Field,recover-20220922,001,1795
1745.8895,1745.9291,68437,82599,Rhinolophus ferrumequinum,0.028,0.028,-1,Echolocation,/mnt/ubna_data_02_mir/recover-20220922/UBNA_001/20220921_090000.WAV,Telephone Field,recover-20220922,001,1795
1745.9105,1745.9471,68437,81607,Rhinolophus ferrumequinum,0.022,0.022,-1,Echolocation,/mnt/ubna_data_02_mir/recover-20220922/UBNA_001/20220921_090000.WAV,Telephone Field,recover-20220922,001,1795
1745.9275,1745.9677,68437,82507,Rhinolophus ferrumequinum,0.024,0.024,-1,Echolocation,/mnt/ubna_data_02_mir/recover-20220922/UBNA_001/20220921_090000.WAV,Telephone Field,recover-20220922,001,1795
1745.9395,1745.9462,28046,40434,Myotis daubentonii,0.006,0.024,-1,Echolocation,/mnt/ubna_data_02_mir/recover-20220922/UBNA_001/20220921_090000.WAV,Telephone Field,recover-20220922,001,1795
1745.9495,1745.9894,68437,82263,Rhinolophus ferrumequinum,0.022,0.022,-1,Echolocation,/mnt/ubna_data_02_mir/recover-20220922/UBNA_001/20220921_090000.WAV,Telephone Field,recover-20220922,001,1795
1746.0015,1746.0112,13437,21765,Nyctalus leisleri,0.008,0.025,-1,Echolocation,/mnt/ubna_data_02_mir/recover-20220922/UBNA_001/20220921_090000.WAV,Telephone Field,recover-20220922,001,1795
1746.0015,1746.0359,68437,80582,Rhinolophus ferrumequinum,0.056,0.056,-1,Echolocation,/mnt/ubna_data_02_mir/recover-20220922/UBNA_001/20220921_090000.WAV,Telephone Field,recover-20220922,001,1795
1746.0095,1746.0513,68437,82392,Rhinolophus ferrumequinum,0.026,0.026,-1,Echolocation,/mnt/ubna_data_02_mir/recover-20220922/UBNA_001/20220921_090000.WAV,Telephone Field,recover-20220922,001,1795
1746.0305,1746.0417,28906,35328,Eptesicus serotinus,0.011,0.028,-1,Echolocation,/mnt/ubna_data_02_mir/recover-20220922/UBNA_001/20220921_090000.WAV,Telephone Field,recover-20220922,001,1795
1746.0645,1746.107,68437,83195,Rhinolophus ferrumequinum,0.042,0.042,-1,Echolocation,/mnt/ubna_data_02_mir/recover-20220922/UBNA_001/20220921_090000.WAV,Telephone Field,recover-20220922,001,1795
1746.1215,1746.1587,68437,82018,Rhinolophus ferrumequinum,0.023,0.023,-1,Echolocation,/mnt/ubna_data_02_mir/recover-20220922/UBNA_001/20220921_090000.WAV,Telephone Field,recover-20220922,001,1795
1746.1375,1746.1484,23750,29452,Nyctalus leisleri,0.011,0.024,-1,Echolocation,/mnt/ubna_data_02_mir/recover-20220922/UBNA_001/20220921_090000.WAV,Telephone Field,recover-20220922,001,1795
1746.1385,1746.1826,68437,83298,Rhinolophus ferrumequinum,0.03,0.03,-1,Echolocation,/mnt/ubna_data_02_mir/recover-20220922/UBNA_001/20220921_090000.WAV,Telephone Field,recover-20220922,001,1795
1746.1585,1746.1972,68437,82811,Rhinolophus ferrumequinum,0.028,0.028,-1,Echolocation,/mnt/ubna_data_02_mir/recover-20220922/UBNA_001/20220921_090000.WAV,Telephone Field,recover-20220922,001,1795
1746.1775,1746.1895,32343,38365,Eptesicus serotinus,0.021,0.052,-1,Echolocation,/mnt/ubna_data_02_mir/recover-20220922/UBNA_001/20220921_090000.WAV,Telephone Field,recover-20220922,001,1795
1746.1785,1746.2198,68437,82873,Rhinolophus ferrumequinum,0.025,0.025,-1,Echolocation,/mnt/ubna_data_02_mir/recover-20220922/UBNA_001/20220921_090000.WAV,Telephone Field,recover-20220922,001,1795
1746.2125,1746.2538,68437,82812,Rhinolophus ferrumequinum,0.027,0.027,-1,Echolocation,/mnt/ubna_data_02_mir/recover-20220922/UBNA_001/20220921_090000.WAV,Telephone Field,recover-20220922,001,1795
1746.2345,1746.2445,28046,35897,Eptesicus serotinus,0.01,0.022,-1,Echolocation,/mnt/ubna_data_02_mir/recover-20220922/UBNA_001/20220921_090000.WAV,Telephone Field,recover-20220922,001,1795
1746.2755,1746.2826,28046,39586,Eptesicus serotinus,0.007,0.022,-1,Echolocation,/mnt/ubna_data_02_mir/recover-20220922/UBNA_001/20220921_090000.WAV,Telephone Field,recover-20220922,001,1795
1746.3225,1746.3569,68437,81301,Rhinolophus ferrumequinum,0.022,0.022,-1,Echolocation,/mnt/ubna_data_02_mir/recover-20220922/UBNA_001/20220921_090000.WAV,Telephone Field,recover-20220922,001,1795
1746.3425,1746.3569,15156,21911,Nyctalus noctula,0.034,0.045,-1,Echolocation,/mnt/ubna_data_02_mir/recover-20220922/UBNA_001/20220921_090000.WAV,Telephone Field,recover-20220922,001,1795
1746.3425,1746.352,28046,35929,Eptesicus serotinus,0.015,0.031,-1,Echolocation,/mnt/ubna_data_02_mir/recover-20220922/UBNA_001/20220921_090000.WAV,Telephone Field,recover-20220922,001,1795
1746.3435,1746.3868,68437,83287,Rhinolophus ferrumequinum,0.036,0.036,-1,Echolocation,/mnt/ubna_data_02_mir/recover-20220922/UBNA_001/20220921_090000.WAV,Telephone Field,recover-20220922,001,1795
1746.3625,1746.371,28046,38694,Eptesicus serotinus,0.008,0.022,-1,Echolocation,/mnt/ubna_data_02_mir/recover-20220922/UBNA_001/20220921_090000.WAV,Telephone Field,recover-20220922,001,1795
1746.3925,1746.4312,68437,82312,Rhinolophus ferrumequinum,0.024,0.024,-1,Echolocation,/mnt/ubna_data_02_mir/recover-20220922/UBNA_001/20220921_090000.WAV,Telephone Field,recover-20220922,001,1795
1746.4415,1746.4827,68437,82289,Rhinolophus ferrumequinum,0.026,0.026,-1,Echolocation,/mnt/ubna_data_02_mir/recover-20220922/UBNA_001/20220921_090000.WAV,Telephone Field,recover-20220922,001,1795
1746.4505,1746.463,22890,27680,Nyctalus leisleri,0.011,0.022,-1,Echolocation,/mnt/ubna_data_02_mir/recover-20220922/UBNA_001/20220921_090000.WAV,Telephone Field,recover-20220922,001,1795
1746.4665,1746.4756,27187,36407,Eptesicus serotinus,0.008,0.022,-1,Echolocation,/mnt/ubna_data_02_mir/recover-20220922/UBNA_001/20220921_090000.WAV,Telephone Field,recover-20220922,001,1795
1746.4835,1746.5228,68437,82555,Rhinolophus ferrumequinum,0.026,0.026,-1,Echolocation,/mnt/ubna_data_02_mir/recover-20220922/UBNA_001/20220921_090000.WAV,Telephone Field,recover-20220922,001,1795
1746.4915,1746.5336,68437,82437,Rhinolophus ferrumequinum,0.024,0.024,-1,Echolocation,/mnt/ubna_data_02_mir/recover-20220922/UBNA_001/20220921_090000.WAV,Telephone Field,recover-20220922,001,1795
1746.4965,1746.5033,25468,38567,Plecotus austriacus,0.005,0.026,-1,Echolocation,/mnt/ubna_data_02_mir/recover-20220922/UBNA_001/20220921_090000.WAV,Telephone Field,recover-20220922,001,1795
1746.5165,1746.5249,45234,50128,Pipistrellus pipistrellus,0.021,0.023,-1,Echolocation,/mnt/ubna_data_02_mir/recover-20220922/UBNA_001/20220921_090000.WAV,Telephone Field,recover-20220922,001,1795
1746.5345,1746.5501,22031,26903,Nyctalus leisleri,0.022,0.042,-1,Echolocation,/mnt/ubna_data_02_mir/recover-20220922/UBNA_001/20220921_090000.WAV,Telephone Field,recover-20220922,001,1795
1746.5355,1746.5746,68437,82410,Rhinolophus ferrumequinum,0.029,0.029,-1,Echolocation,/mnt/ubna_data_02_mir/recover-20220922/UBNA_001/20220921_090000.WAV,Telephone Field,recover-20220922,001,1795
1746.5565,1746.5948,68437,81984,Rhinolophus ferrumequinum,0.025,0.025,-1,Echolocation,/mnt/ubna_data_02_mir/recover-20220922/UBNA_001/20220921_090000.WAV,Telephone Field,recover-20220922,001,1795
1746.5605,1746.5712,43515,47486,Pipistrellus pipistrellus,0.017,0.022,-1,Echolocation,/mnt/ubna_data_02_mir/recover-20220922/UBNA_001/20220921_090000.WAV,Telephone Field,recover-20220922,001,1795
1746.5955,1746.635,68437,82206,Rhinolophus ferrumequinum,0.025,0.025,-1,Echolocation,/mnt/ubna_data_02_mir/recover-20220922/UBNA_001/20220921_090000.WAV,Telephone Field,recover-20220922,001,1795
1746.6305,1746.6692,68437,82161,Rhinolophus ferrumequinum,0.024,0.024,-1,Echolocation,/mnt/ubna_data_02_mir/recover-20220922/UBNA_001/20220921_090000.WAV,Telephone Field,recover-20220922,001,1795
1746.6335,1746.6443,27187,35270,Eptesicus serotinus,0.014,0.027,-1,Echolocation,/mnt/ubna_data_02_mir/recover-20220922/UBNA_001/20220921_090000.WAV,Telephone Field,recover-20220922,001,1795
1746.6445,1746.6783,68437,81042,Rhinolophus ferrumequinum,0.024,0.024,-1,Echolocation,/mnt/ubna_data_02_mir/recover-20220922/UBNA_001/20220921_090000.WAV,Telephone Field,recover-20220922,001,1795
1746.6465,1746.6545,26328,35375,Eptesicus serotinus,0.009,0.026,-1,Echolocation,/mnt/ubna_data_02_mir/recover-20220922/UBNA_001/20220921_090000.WAV,Telephone Field,recover-20220922,001,1795
1746.6515,1746.6882,68437,81087,Rhinolophus ferrumequinum,0.022,0.022,-1,Echolocation,/mnt/ubna_data_02_mir/recover-20220922/UBNA_001/20220921_090000.WAV,Telephone Field,recover-20220922,001,1795
1746.6825,1746.7213,68437,82265,Rhinolophus ferrumequinum,0.022,0.022,-1,Echolocation,/mnt/ubna_data_02_mir/recover-20220922/UBNA_001/20220921_090000.WAV,Telephone Field,recover-20220922,001,1795
1746.6835,1746.6945,23750,29900,Nyctalus leisleri,0.01,0.025,-1,Echolocation,/mnt/ubna_data_02_mir/recover-20220922/UBNA_001/20220921_090000.WAV,Telephone Field,recover-20220922,001,1795
1746.6925,1746.7043,22031,26230,Nyctalus leisleri,0.015,0.028,-1,Echolocation,/mnt/ubna_data_02_mir/recover-20220922/UBNA_001/20220921_090000.WAV,Telephone Field,recover-20220922,001,1795
1746.7255,1746.7672,68437,82807,Rhinolophus ferrumequinum,0.043,0.043,-1,Echolocation,/mnt/ubna_data_02_mir/recover-20220922/UBNA_001/20220921_090000.WAV,Telephone Field,recover-20220922,001,1795
1746.7545,1746.7643,27187,37724,Eptesicus serotinus,0.015,0.03,-1,Echolocation,/mnt/ubna_data_02_mir/recover-20220922/UBNA_001/20220921_090000.WAV,Telephone Field,recover-20220922,001,1795
1746.8055,1746.8413,68437,81118,Rhinolophus ferrumequinum,0.022,0.022,-1,Echolocation,/mnt/ubna_data_02_mir/recover-20220922/UBNA_001/20220921_090000.WAV,Telephone Field,recover-20220922,001,1795
1746.8105,1746.8263,20312,23692,Nyctalus leisleri,0.014,0.024,-1,Echolocation,/mnt/ubna_data_02_mir/recover-20220922/UBNA_001/20220921_090000.WAV,Telephone Field,recover-20220922,001,1795
1746.8265,1746.8364,35781,41104,Pipistrellus nathusii,0.011,0.024,-1,Echolocation,/mnt/ubna_data_02_mir/recover-20220922/UBNA_001/20220921_090000.WAV,Telephone Field,recover-20220922,001,1795
1746.8335,1746.8761,68437,83085,Rhinolophus ferrumequinum,0.055,0.055,-1,Echolocation,/mnt/ubna_data_02_mir/recover-20220922/UBNA_001/20220921_090000.WAV,Telephone Field,recover-20220922,001,1795
1746.8565,1746.8957,68437,82001,Rhinolophus ferrumequinum,0.022,0.022,-1,Echolocation,/mnt/ubna_data_02_mir/recover-20220922/UBNA_001/20220921_090000.WAV,Telephone Field,recover-20220922,001,1795
1746.8755,1746.9166,68437,82852,Rhinolophus ferrumequinum,0.024,0.024,-1,Echolocation,/mnt/ubna_data_02_mir/recover-20220922/UBNA_001/20220921_090000.WAV,Telephone Field,recover-20220922,001,1795
1746.8955,1746.9025,27187,38522,Eptesicus serotinus,0.007,0.027,-1,Echolocation,/mnt/ubna_data_02_mir/recover-20220922/UBNA_001/20220921_090000.WAV,Telephone Field,recover-20220922,001,1795
1746.9005,1746.9406,68437,82727,Rhinolophus ferrumequinum,0.028,0.028,-1,Echolocation,/mnt/ubna_data_02_mir/recover-20220922/UBNA_001/20220921_090000.WAV,Telephone Field,recover-20220922,001,1795
1746.9275,1746.965,68437,81797,Rhinolophus ferrumequinum,0.022,0.022,-1,Echolocation,/mnt/ubna_data_02_mir/recover-20220922/UBNA_001/20220921_090000.WAV,Telephone Field,recover-20220922,001,1795
1746.9365,1746.975,68437,82338,Rhinolophus ferrumequinum,0.025,0.025,-1,Echolocation,/mnt/ubna_data_02_mir/recover-20220922/UBNA_001/20220921_090000.WAV,Telephone Field,recover-20220922,001,1795
1746.9525,1746.9626,28046,36137,Eptesicus serotinus,0.011,0.024,-1,Echolocation,/mnt/ubna_data_02_mir/recover-20220922/UBNA_001/20220921_090000.WAV,Telephone Field,recover-20220922,001,1795
1746.9575,1746.9646,43515,47687,Pipistrellus pipistrellus,0.023,0.025,-1,Echolocation,/mnt/ubna_data_02_mir/recover-20220922/UBNA_001/20220921_090000.WAV,Telephone Field,recover-20220922,001,1795
1746.9585,1746.9944,68437,81486,Rhinolophus ferrumequinum,0.022,0.022,-1,Echolocation,/mnt/ubna_data_02_mir/recover-20220922/UBNA_001/20220921_090000.WAV,Telephone Field,recover-20220922,001,1795
1746.9775,1747.0127,68437,82243,Rhinolophus ferrumequinum,0.027,0.027,-1,Echolocation,/mnt/ubna_data_02_mir/recover-20220922/UBNA_001/20220921_090000.WAV,Telephone Field,recover-20220922,001,1795
1747.0115,1747.0534,68437,82748,Rhinolophus ferrumequinum,0.044,0.044,-1,Echolocation,/mnt/ubna_data_02_mir/recover-20220922/UBNA_001/20220921_090000.WAV,Telephone Field,recover-20220922,001,1795
1747.0285,1747.0358,23750,31759,Plecotus austriacus,0.009,0.024,-1,Echolocation,/mnt/ubna_data_02_mir/recover-20220922/UBNA_001/20220921_090000.WAV,Telephone Field,recover-20220922,001,1795
1747.0365,1747.0747,68437,82287,Rhinolophus ferrumequinum,0.023,0.023,-1,Echolocation,/mnt/ubna_data_02_mir/recover-20220922/UBNA_001/20220921_090000.WAV,Telephone Field,recover-20220922,001,1795
1747.0725,1747.1132,68437,82597,Rhinolophus ferrumequinum,0.024,0.024,-1,Echolocation,/mnt/ubna_data_02_mir/recover-20220922/UBNA_001/20220921_090000.WAV,Telephone Field,recover-20220922,001,1795
1747.0885,1747.1263,68437,81799,Rhinolophus ferrumequinum,0.024,0.024,-1,Echolocation,/mnt/ubna_data_02_mir/recover-20220922/UBNA_001/20220921_090000.WAV,Telephone Field,recover-20220922,001,1795
1747.1055,1747.1462,68437,82917,Rhinolophus ferrumequinum,0.042,0.042,-1,Echolocation,/mnt/ubna_data_02_mir/recover-20220922/UBNA_001/20220921_090000.WAV,Telephone Field,recover-20220922,001,1795
1747.1335,1747.1445,23750,28209,Nyctalus leisleri,0.016,0.029,-1,Echolocation,/mnt/ubna_data_02_mir/recover-20220922/UBNA_001/20220921_090000.WAV,Telephone Field,recover-20220922,001,1795
1747.1435,1747.1811,68437,81853,Rhinolophus ferrumequinum,0.024,0.024,-1,Echolocation,/mnt/ubna_data_02_mir/recover-20220922/UBNA_001/20220921_090000.WAV,Telephone Field,recover-20220922,001,1795
1747.1575,1747.1672,23750,30639,Nyctalus leisleri,0.008,0.024,-1,Echolocation,/mnt/ubna_data_02_mir/recover-20220922/UBNA_001/20220921_090000.WAV,Telephone Field,recover-20220922,001,1795
1747.1725,1747.2135,68437,82755,Rhinolophus ferrumequinum,0.023,0.023,-1,Echolocation,/mnt/ubna_data_02_mir/recover-20220922/UBNA_001/20220921_090000.WAV,Telephone Field,recover-20220922,001,1795
1747.1975,1747.2338,68437,82053,Rhinolophus ferrumequinum,0.022,0.022,-1,Echolocation,/mnt/ubna_data_02_mir/recover-20220922/UBNA_001/20220921_090000.WAV,Telephone Field,recover-20220922,001,1795
1747.2085,1747.218,23750,30722,Nyctalus leisleri,0.007,0.022,-1,Echolocation,/mnt/ubna_data_02_mir/recover-20220922/UBNA_001/20220921_090000.WAV,Telephone Field,recover-20220922,001,1795
1747.2765,1747.313,68437,81939,Rhinolophus ferrumequinum,0.024,0.024,-1,Echolocation,/mnt/ubna_data_02_mir/recover-20220922/UBNA_001/20220921_090000.WAV,Telephone Field,recover-20220922,001,1795
1747.2775,1747.2866,27187,37967,Eptesicus serotinus,0.008,0.023,-1,Echolocation,/mnt/ubna_data_02_mir/recover-20220922/UBNA_001/20220921_090000.WAV,Telephone Field,recover-20220922,001,1795
1747.3025,1747.3101,46093,50833,Pipistrellus pipistrellus,0.024,0.025,-1,Echolocation,/mnt/ubna_data_02_mir/recover-20220922/UBNA_001/20220921_090000.WAV,Telephone Field,recover-20220922,001,1795
1747.3155,1747.3566,68437,82730,Rhinolophus ferrumequinum,0.045,0.045,-1,Echolocation,/mnt/ubna_data_02_mir/recover-20220922/UBNA_001/20220921_090000.WAV,Telephone Field,recover-20220922,001,1795
1747.3245,1747.3361,22890,27697,Nyctalus leisleri,0.012,0.023,-1,Echolocation,/mnt/ubna_data_02_mir/recover-20220922/UBNA_001/20220921_090000.WAV,Telephone Field,recover-20220922,001,1795
1747.3445,1747.3589,16015,20544,Nyctalus noctula,0.019,0.029,-1,Echolocation,/mnt/ubna_data_02_mir/recover-20220922/UBNA_001/20220921_090000.WAV,Telephone Field,recover-20220922,001,1795
1747.3975,1747.4074,28906,37264,Eptesicus serotinus,0.011,0.027,-1,Echolocation,/mnt/ubna_data_02_mir/recover-20220922/UBNA_001/20220921_090000.WAV,Telephone Field,recover-20220922,001,1795
1747.4195,1747.4578,68437,81989,Rhinolophus ferrumequinum,0.023,0.023,-1,Echolocation,/mnt/ubna_data_02_mir/recover-20220922/UBNA_001/20220921_090000.WAV,Telephone Field,recover-20220922,001,1795
1747.4415,1747.4786,68437,81916,Rhinolophus ferrumequinum,0.022,0.022,-1,Echolocation,/mnt/ubna_data_02_mir/recover-20220922/UBNA_001/20220921_090000.WAV,Telephone Field,recover-20220922,001,1795
1747.4775,1747.4877,24609,32133,Nyctalus leisleri,0.007,0.023,-1,Echolocation,/mnt/ubna_data_02_mir/recover-20220922/UBNA_001/20220921_090000.WAV,Telephone Field,recover-20220922,001,1795
1747.4815,1747.5225,68437,82409,Rhinolophus ferrumequinum,0.026,0.026,-1,Echolocation,/mnt/ubna_data_02_mir/recover-20220922/UBNA_001/20220921_090000.WAV,Telephone Field,recover-20220922,001,1795
1747.4945,1747.531,68437,81974,Rhinolophus ferrumequinum,0.022,0.022,-1,Echolocation,/mnt/ubna_data_02_mir/recover-20220922/UBNA_001/20220921_090000.WAV,Telephone Field,recover-20220922,001,1795
1747.5195,1747.561,68437,82555,Rhinolophus ferrumequinum,0.024,0.024,-1,Echolocation,/mnt/ubna_data_02_mir/recover-20220922/UBNA_001/20220921_090000.WAV,Telephone Field,recover-20220922,001,1795
1747.5455,1747.5849,68437,82553,Rhinolophus ferrumequinum,0.025,0.025,-1,Echolocation,/mnt/ubna_data_02_mir/recover-20220922/UBNA_001/20220921_090000.WAV,Telephone Field,recover-20220922,001,1795
1747.5545,1747.5942,68437,82420,Rhinolophus ferrumequinum,0.025,0.025,-1,Echolocation,/mnt/ubna_data_02_mir/recover-20220922/UBNA_001/20220921_090000.WAV,Telephone Field,recover-20220922,001,1795
1747.6295,1747.6377,28046,40865,Eptesicus serotinus,0.008,0.022,-1,Echolocation,/mnt/ubna_data_02_mir/recover-20220922/UBNA_001/20220921_090000.WAV,Telephone Field,recover-20220922,001,1795
1747.6315,1747.6686,68437,82492,Rhinolophus ferrumequinum,0.025,0.025,-1,Echolocation,/mnt/ubna_data_02_mir/recover-20220922/UBNA_001/20220921_090000.WAV,Telephone Field,recover-20220922,001,1795
1747.6715,1747.7098,68437,81912,Rhinolophus ferrumequinum,0.022,0.022,-1,Echolocation,/mnt/ubna_data_02_mir/recover-20220922/UBNA_001/20220921_090000.WAV,Telephone Field,recover-20220922,001,1795
1747.7165,1747.7563,68437,82318,Rhinolophus ferrumequinum,0.028,0.028,-1,Echolocation,/mnt/ubna_data_02_mir/recover-20220922/UBNA_001/20220921_090000.WAV,Telephone Field,recover-20220922,001,1795
1747.7375,1747.7474,37500,44578,Pipistrellus nathusii,0.008,0.029,-1,Echolocation,/mnt/ubna_data_02_mir/recover-20220922/UBNA_001/20220921_090000.WAV,Telephone Field,recover-20220922,001,1795
1747.7385,1747.7464,27187,41845,Eptesicus serotinus,0.01,0.029,-1,Echolocation,/mnt/ubna_data_02_mir/recover-20220922/UBNA_001/20220921_090000.WAV,Telephone Field,recover-20220922,001,1795
1747.7385,1747.7787,68437,82770,Rhinolophus ferrumequinum,0.025,0.025,-1,Echolocation,/mnt/ubna_data_02_mir/recover-20220922/UBNA_001/20220921_090000.WAV,Telephone Field,recover-20220922,001,1795
1747.7395,1747.747,32343,42519,Myotis daubentonii,0.01,0.026,-1,Echolocation,/mnt/ubna_data_02_mir/recover-20220922/UBNA_001/20220921_090000.WAV,Telephone Field,recover-20220922,001,1795
1747.7645,1747.8051,68437,82506,Rhinolophus ferrumequinum,0.023,0.023,-1,Echolocation,/mnt/ubna_data_02_mir/recover-20220922/UBNA_001/20220921_090000.WAV,Telephone Field,recover-20220922,001,1795
1747.7905,1747.8278,68437,81806,Rhinolophus ferrumequinum,0.022,0.022,-1,Echolocation,/mnt/ubna_data_02_mir/recover-20220922/UBNA_001/20220921_090000.WAV,Telephone Field,recover-20220922,001,1795
1747.8215,1747.8595,68437,82115,Rhinolophus ferrumequinum,0.022,0.023,-1,Echolocation,/mnt/ubna_data_02_mir/recover-20220922/UBNA_001/20220921_090000.WAV,Telephone Field,recover-20220922,001,1795
1747.8285,1747.8397,22890,27596,Nyctalus leisleri,0.011,0.022,-1,Echolocation,/mnt/ubna_data_02_mir/recover-20220922/UBNA_001/20220921_090000.WAV,Telephone Field,recover-20220922,001,1795
1747.8405,1747.8793,68437,82522,Rhinolophus ferrumequinum,0.023,0.023,-1,Echolocation,/mnt/ubna_data_02_mir/recover-20220922/UBNA_001/20220921_090000.WAV,Telephone Field,recover-20220922,001,1795
1747.8575,1747.8932,68437,81760,Rhinolophus ferrumequinum,0.024,0.024,-1,Echolocation,/mnt/ubna_data_02_mir/recover-20220922/UBNA_001/20220921_090000.WAV,Telephone Field,recover-20220922,001,1795
1747.8935,1747.9285,68437,81981,Rhinolophus ferrumequinum,0.024,0.024,-1,Echolocation,/mnt/ubna_data_02_mir/recover-20220922/UBNA_001/20220921_090000.WAV,Telephone Field,recover-20220922,001,1795
1747.9255,1747.9621,68437,82204,Rhinolophus ferrumequinum,0.022,0.022,-1,Echolocation,/mnt/ubna_data_02_mir/recover-20220922/UBNA_001/20220921_090000.WAV,Telephone Field,recover-20220922,001,1795
1747.9395,1747.9786,68437,82358,Rhinolophus ferrumequinum,0.025,0.025,-1,Echolocation,/mnt/ubna_data_02_mir/recover-20220922/UBNA_001/20220921_090000.WAV,Telephone Field,recover-20220922,001,1795
1747.9465,1747.953,46953,51921,Pipistrellus pipistrellus,0.023,0.023,-1,Echolocation,/mnt/ubna_data_02_mir/recover-20220922/UBNA_001/20220921_090000.WAV,Telephone Field,recover-20220922,001,1795
1748.0015,1748.0099,23750,31243,Nyctalus leisleri,0.01,0.029,-1,Echolocation,/mnt/ubna_data_02_mir/recover-20220922/UBNA_001/20220921_090000.WAV,Telephone Field,recover-20220922,001,1795
1748.0015,1748.0331,69296,80822,Rhinolophus ferrumequinum,0.028,0.028,-1,Echolocation,/mnt/ubna_data_02_mir/recover-20220922/UBNA_001/20220921_090000.WAV,Telephone Field,recover-20220922,001,1795
1748.0165,1748.0233,28046,40115,Eptesicus serotinus,0.005,0.02,-1,Echolocation,/mnt/ubna_data_02_mir/recover-20220922/UBNA_001/20220921_090000.WAV,Telephone Field,recover-20220922,001,1795
1748.0435,1748.0807,68437,81037,Rhinolophus ferrumequinum,0.026,0.026,-1,Echolocation,/mnt/ubna_data_02_mir/recover-20220922/UBNA_001/20220921_090000.WAV,Telephone Field,recover-20220922,001,1795
1748.0625,1748.1012,68437,81514,Rhinolophus ferrumequinum,0.023,0.024,-1,Echolocation,/mnt/ubna_data_02_mir/recover-20220922/UBNA_001/20220921_090000.WAV,Telephone Field,recover-20220922,001,1795
1748.0715,1748.1075,68437,81255,Rhinolophus ferrumequinum,0.023,0.023,-1,Echolocation,/mnt/ubna_data_02_mir/recover-20220922/UBNA_001/20220921_090000.WAV,Telephone Field,recover-20220922,001,1795
1748.0915,1748.1306,68437,82107,Rhinolophus ferrumequinum,0.027,0.027,-1,Echolocation,/mnt/ubna_data_02_mir/recover-20220922/UBNA_001/20220921_090000.WAV,Telephone Field,recover-20220922,001,1795
1748.1175,1748.1579,68437,82430,Rhinolophus ferrumequinum,0.022,0.022,-1,Echolocation,/mnt/ubna_data_02_mir/recover-20220922/UBNA_001/20220921_090000.WAV,Telephone Field,recover-20220922,001,1795
1748.1285,1748.1383,27187,37467,Eptesicus serotinus,0.012,0.027,-1,Echolocation,/mnt/ubna_data_02_mir/recover-20220922/UBNA_001/20220921_090000.WAV,Telephone Field,recover-20220922,001,1795
1748.1395,1748.1463,46093,51022,Pipistrellus pipistrellus,0.022,0.023,-1,Echolocation,/mnt/ubna_data_02_mir/recover-20220922/UBNA_001/20220921_090000.WAV,Telephone Field,recover-20220922,001,1795
1748.1475,1748.1843,68437,81283,Rhinolophus ferrumequinum,0.02,0.02,-1,Echolocation,/mnt/ubna_data_02_mir/recover-20220922/UBNA_001/20220921_090000.WAV,Telephone Field,recover-20220922,001,1795
1748.1555,1748.1902,68437,81027,Rhinolophus ferrumequinum,0.021,0.021,-1,Echolocation,/mnt/ubna_data_02_mir/recover-20220922/UBNA_001/20220921_090000.WAV,Telephone Field,recover-20220922,001,1795
1748.1805,1748.2196,68437,81944,Rhinolophus ferrumequinum,0.022,0.022,-1,Echolocation,/mnt/ubna_data_02_mir/recover-20220922/UBNA_001/20220921_090000.WAV,Telephone Field,recover-20220922,001,1795
1748.1825,1748.1897,34062,49961,Myotis daubentonii,0.009,0.024,-1,Echolocation,/mnt/ubna_data_02_mir/recover-20220922/UBNA_001/20220921_090000.WAV,Telephone Field,recover-20220922,001,1795
1748.2085,1748.2421,68437,79704,Rhinolophus ferrumequinum,0.023,0.023,-1,Echolocation,/mnt/ubna_data_02_mir/recover-20220922/UBNA_001/20220921_090000.WAV,Telephone Field,recover-20220922,001,1795
1748.2255,1748.237,21171,24984,Nyctalus leisleri,0.012,0.02,-1,Echolocation,/mnt/ubna_data_02_mir/recover-20220922/UBNA_001/20220921_090000.WAV,Telephone Field,recover-20220922,001,1795
1748.2515,1748.2924,68437,82956,Rhinolophus ferrumequinum,0.025,0.025,-1,Echolocation,/mnt/ubna_data_02_mir/recover-20220922/UBNA_001/20220921_090000.WAV,Telephone Field,recover-20220922,001,1795
1748.2665,1748.3083,68437,82888,Rhinolophus ferrumequinum,0.027,0.027,-1,Echolocation,/mnt/ubna_data_02_mir/recover-20220922/UBNA_001/20220921_090000.WAV,Telephone Field,recover-20220922,001,1795
1748.2945,1748.3341,68437,81846,Rhinolophus ferrumequinum,0.022,0.022,-1,Echolocation,/mnt/ubna_data_02_mir/recover-20220922/UBNA_001/20220921_090000.WAV,Telephone Field,recover-20220922,001,1795
1748.3835,1748.4267,68437,83000,Rhinolophus ferrumequinum,0.026,0.026,-1,Echolocation,/mnt/ubna_data_02_mir/recover-20220922/UBNA_001/20220921_090000.WAV,Telephone Field,recover-20220922,001,1795
1748.3885,1748.3996,28906,36632,Eptesicus serotinus,0.014,0.029,-1,Echolocation,/mnt/ubna_data_02_mir/recover-20220922/UBNA_001/20220921_090000.WAV,Telephone Field,recover-20220922,001,1795
1748.4105,1748.4209,28906,35832,Eptesicus serotinus,0.008,0.021,-1,Echolocation,/mnt/ubna_data_02_mir/recover-20220922/UBNA_001/20220921_090000.WAV,Telephone Field,recover-20220922,001,1795
1748.4435,1748.4849,68437,82268,Rhinolophus ferrumequinum,0.024,0.024,-1,Echolocation,/mnt/ubna_data_02_mir/recover-20220922/UBNA_001/20220921_090000.WAV,Telephone Field,recover-20220922,001,1795
1748.4465,1748.4557,28906,38076,Eptesicus serotinus,0.009,0.021,-1,Echolocation,/mnt/ubna_data_02_mir/recover-20220922/UBNA_001/20220921_090000.WAV,Telephone Field,recover-20220922,001,1795
1748.4685,1748.477,28906,38792,Eptesicus serotinus,0.007,0.021,-1,Echolocation,/mnt/ubna_data_02_mir/recover-20220922/UBNA_001/20220921_090000.WAV,Telephone Field,recover-20220922,001,1795
1748.5075,1748.5493,68437,82858,Rhinolophus ferrumequinum,0.027,0.027,-1,Echolocation,/mnt/ubna_data_02_mir/recover-20220922/UBNA_001/20220921_090000.WAV,Telephone Field,recover-20220922,001,1795
1748.5145,1748.5559,68437,82659,Rhinolophus ferrumequinum,0.028,0.028,-1,Echolocation,/mnt/ubna_data_02_mir/recover-20220922/UBNA_001/20220921_090000.WAV,Telephone Field,recover-20220922,001,1795
1748.5245,1748.5601,68437,81091,Rhinolophus ferrumequinum,0.022,0.022,-1,Echolocation,/mnt/ubna_data_02_mir/recover-20220922/UBNA_001/20220921_090000.WAV,Telephone Field,recover-20220922,001,1795
1748.5355,1748.5429,28046,37932,Eptesicus serotinus,0.006,0.021,-1,Echolocation,/mnt/ubna_data_02_mir/recover-20220922/UBNA_001/20220921_090000.WAV,Telephone Field,recover-20220922,001,1795
1748.5435,1748.583,68437,81988,Rhinolophus ferrumequinum,0.021,0.021,-1,Echolocation,/mnt/ubna_data_02_mir/recover-20220922/UBNA_001/20220921_090000.WAV,Telephone Field,recover-20220922,001,1795
1748.5585,1748.5999,68437,83068,Rhinolophus ferrumequinum,0.027,0.027,-1,Echolocation,/mnt/ubna_data_02_mir/recover-20220922/UBNA_001/20220921_090000.WAV,Telephone Field,recover-20220922,001,1795
1748.5595,1748.5668,28046,41469,Eptesicus serotinus,0.009,0.027,-1,Echolocation,/mnt/ubna_data_02_mir/recover-20220922/UBNA_001/20220921_090000.WAV,Telephone Field,recover-20220922,001,1795
1748.5775,1748.6173,68437,82293,Rhinolophus ferrumequinum,0.022,0.022,-1,Echolocation,/mnt/ubna_data_02_mir/recover-20220922/UBNA_001/20220921_090000.WAV,Telephone Field,recover-20220922,001,1795
1748.5945,1748.6321,68437,81713,Rhinolophus ferrumequinum,0.02,0.02,-1,Echolocation,/mnt/ubna_data_02_mir/recover-20220922/UBNA_001/20220921_090000.WAV,Telephone Field,recover-20220922,001,1795
1748.6225,1748.6621,68437,82215,Rhinolophus ferrumequinum,0.022,0.022,-1,Echolocation,/mnt/ubna_data_02_mir/recover-20220922/UBNA_001/20220921_090000.WAV,Telephone Field,recover-20220922,001,1795
1748.6285,1748.6665,68437,81979,Rhinolophus ferrumequinum,0.02,0.021,-1,Echolocation,/mnt/ubna_data_02_mir/recover-20220922/UBNA_001/20220921_090000.WAV,Telephone Field,recover-20220922,001,1795
1748.6435,1748.6537,28906,36365,Eptesicus serotinus,0.009,0.021,-1,Echolocation,/mnt/ubna_data_02_mir/recover-20220922/UBNA_001/20220921_090000.WAV,Telephone Field,recover-20220922,001,1795
1748.6885,1748.6985,24609,31097,Nyctalus leisleri,0.01,0.027,-1,Echolocation,/mnt/ubna_data_02_mir/recover-20220922/UBNA_001/20220921_090000.WAV,Telephone Field,recover-20220922,001,1795
1748.7205,1748.7569,68437,82022,Rhinolophus ferrumequinum,0.02,0.02,-1,Echolocation,/mnt/ubna_data_02_mir/recover-20220922/UBNA_001/20220921_090000.WAV,Telephone Field,recover-20220922,001,1795
1748.7435,1748.7855,68437,82659,Rhinolophus ferrumequinum,0.02,0.02,-1,Echolocation,/mnt/ubna_data_02_mir/recover-20220922/UBNA_001/20220921_090000.WAV,Telephone Field,recover-20220922,001,1795
1748.7695,1748.7776,27187,37942,Eptesicus serotinus,0.008,0.022,-1,Echolocation,/mnt/ubna_data_02_mir/recover-20220922/UBNA_001/20220921_090000.WAV,Telephone Field,recover-20220922,001,1795
1748.8195,1748.8276,23750,32255,Plecotus austriacus,0.011,0.026,-1,Echolocation,/mnt/ubna_data_02_mir/recover-20220922/UBNA_001/20220921_090000.WAV,Telephone Field,recover-20220922,001,1795
1748.8275,1748.867,68437,82743,Rhinolophus ferrumequinum,0.025,0.025,-1,Echolocation,/mnt/ubna_data_02_mir/recover-20220922/UBNA_001/20220921_090000.WAV,Telephone Field,recover-20220922,001,1795
1748.8435,1748.8874,68437,83098,Rhinolophus ferrumequinum,0.031,0.031,-1,Echolocation,/mnt/ubna_data_02_mir/recover-20220922/UBNA_001/20220921_090000.WAV,Telephone Field,recover-20220922,001,1795
1748.8695,1748.9074,68437,81732,Rhinolophus ferrumequinum,0.022,0.022,-1,Echolocation,/mnt/ubna_data_02_mir/recover-20220922/UBNA_001/20220921_090000.WAV,Telephone Field,recover-20220922,001,1795
1748.8785,1748.8884,28906,36572,Eptesicus serotinus,0.008,0.02,-1,Echolocation,/mnt/ubna_data_02_mir/recover-20220922/UBNA_001/20220921_090000.WAV,Telephone Field,recover-20220922,001,1795
1748.8855,1748.9265,68437,82461,Rhinolophus ferrumequinum,0.021,0.022,-1,Echolocation,/mnt/ubna_data_02_mir/recover-20220922/UBNA_001/20220921_090000.WAV,Telephone Field,recover-20220922,001,1795
1748.9035,1748.912,28906,36089,Eptesicus serotinus,0.032,0.058,-1,Echolocation,/mnt/ubna_data_02_mir/recover-20220922/UBNA_001/20220921_090000.WAV,Telephone Field,recover-20220922,001,1795
1748.9055,1748.9417,68437,81408,Rhinolophus ferrumequinum,0.021,0.021,-1,Echolocation,/mnt/ubna_data_02_mir/recover-20220922/UBNA_001/20220921_090000.WAV,Telephone Field,recover-20220922,001,1795
1748.9245,1748.9654,68437,82611,Rhinolophus ferrumequinum,0.023,0.023,-1,Echolocation,/mnt/ubna_data_02_mir/recover-20220922/UBNA_001/20220921_090000.WAV,Telephone Field,recover-20220922,001,1795
1748.9405,1748.9796,68437,82084,Rhinolophus ferrumequinum,0.034,0.034,-1,Echolocation,/mnt/ubna_data_02_mir/recover-20220922/UBNA_001/20220921_090000.WAV,Telephone Field,recover-20220922,001,1795
1748.9555,1748.9674,22890,28026,Nyctalus leisleri,0.013,0.026,-1,Echolocation,/mnt/ubna_data_02_mir/recover-20220922/UBNA_001/20220921_090000.WAV,Telephone Field,recover-20220922,001,1795
1748.9695,1749.0076,68437,81943,Rhinolophus ferrumequinum,0.021,0.021,-1,Echolocation,/mnt/ubna_data_02_mir/recover-20220922/UBNA_001/20220921_090000.WAV,Telephone Field,recover-20220922,001,1795
1749.0135,1749.0207,28046,39269,Eptesicus serotinus,0.006,0.02,-1,Echolocation,/mnt/ubna_data_02_mir/recover-20220922/UBNA_001/20220921_090000.WAV,Telephone Field,recover-20220922,001,1795
1749.0225,1749.0605,68437,81367,Rhinolophus ferrumequinum,0.023,0.023,-1,Echolocation,/mnt/ubna_data_02_mir/recover-20220922/UBNA_001/20220921_090000.WAV,Telephone Field,recover-20220922,001,1795
1749.0435,1749.0867,68437,82809,Rhinolophus ferrumequinum,0.023,0.023,-1,Echolocation,/mnt/ubna_data_02_mir/recover-20220922/UBNA_001/20220921_090000.WAV,Telephone Field,recover-20220922,001,1795
1749.0665,1749.1066,68437,81962,Rhinolophus ferrumequinum,0.02,0.02,-1,Echolocation,/mnt/ubna_data_02_mir/recover-20220922/UBNA_001/20220921_090000.WAV,Telephone Field,recover-20220922,001,1795
1749.0855,1749.1328,68437,83870,Rhinolophus ferrumequinum,0.062,0.062,-1,Echolocation,/mnt/ubna_data_02_mir/recover-20220922/UBNA_001/20220921_090000.WAV,Telephone Field,recover-20220922,001,1795
1749.1295,1749.1405,43515,46745,Pipistrellus pipistrellus,0.022,0.025,-1,Echolocation,/mnt/ubna_data_02_mir/recover-20220922/UBNA_001/20220921_090000.WAV,Telephone Field,recover-20220922,001,1795
1749.1475,1749.1838,68437,81989,Rhinolophus ferrumequinum,0.021,0.021,-1,Echolocation,/mnt/ubna_data_02_mir/recover-20220922/UBNA_001/20220921_090000.WAV,Telephone Field,recover-20220922,001,1795
1749.1585,1749.199,68437,82307,Rhinolophus ferrumequinum,0.021,0.021,-1,Echolocation,/mnt/ubna_data_02_mir/recover-20220922/UBNA_001/20220921_090000.WAV,Telephone Field,recover-20220922,001,1795
1749.1755,1749.2199,68437,83300,Rhinolophus ferrumequinum,0.028,0.029,-1,Echolocation,/mnt/ubna_data_02_mir/recover-20220922/UBNA_001/20220921_090000.WAV,Telephone Field,recover-20220922,001,1795
1749.2355,1749.2506,22031,26569,Nyctalus leisleri,0.012,0.025,-1,Echolocation,/mnt/ubna_data_02_mir/recover-20220922/UBNA_001/20220921_090000.WAV,Telephone Field,recover-20220922,001,1795
1749.2375,1749.2494,48671,52360,Pipistrellus pipistrellus,0.033,0.038,-1,Echolocation,/mnt/ubna_data_02_mir/recover-20220922/UBNA_001/20220921_090000.WAV,Telephone Field,recover-20220922,001,1795
1749.2415,1749.2595,20312,23895,Nyctalus leisleri,0.014,0.026,-1,Echolocation,/mnt/ubna_data_02_mir/recover-20220922/UBNA_001/20220921_090000.WAV,Telephone Field,recover-20220922,001,1795
1749.2465,1749.2834,68437,81488,Rhinolophus ferrumequinum,0.021,0.021,-1,Echolocation,/mnt/ubna_data_02_mir/recover-20220922/UBNA_001/20220921_090000.WAV,Telephone Field,recover-20220922,001,1795
1749.2895,1749.3311,68437,82734,Rhinolophus ferrumequinum,0.02,0.02,-1,Echolocation,/mnt/ubna_data_02_mir/recover-20220922/UBNA_001/20220921_090000.WAV,Telephone Field,recover-20220922,001,1795
1749.2945,1749.3338,68437,82305,Rhinolophus ferrumequinum,0.021,0.021,-1,Echolocation,/mnt/ubna_data_02_mir/recover-20220922/UBNA_001/20220921_090000.WAV,Telephone Field,recover-20220922,001,1795
1749.3105,1749.3503,68437,82615,Rhinolophus ferrumequinum,0.025,0.025,-1,Echolocation,/mnt/ubna_data_02_mir/recover-20220922/UBNA_001/20220921_090000.WAV,Telephone Field,recover-20220922,001,1795
1749.3385,1749.3782,68437,82253,Rhinolophus ferrumequinum,0.021,0.021,-1,Echolocation,/mnt/ubna_data_02_mir/recover-20220922/UBNA_001/20220921_090000.WAV,Telephone Field,recover-20220922,001,1795
1749.3435,1749.3543,43515,46680,Pipistrellus pipistrellus,0.022,0.024,-1,Echolocation,/mnt/ubna_data_02_mir/recover-20220922/UBNA_001/20220921_090000.WAV,Telephone Field,recover-20220922,001,1795
1749.4025,1749.4429,68437,82337,Rhinolophus ferrumequinum,0.024,0.024,-1,Echolocation,/mnt/ubna_data_02_mir/recover-20220922/UBNA_001/20220921_090000.WAV,Telephone Field,recover-20220922,001,1795
1749.4825,1749.527,68437,82683,Rhinolophus ferrumequinum,0.026,0.026,-1,Echolocation,/mnt/ubna_data_02_mir/recover-20220922/UBNA_001/20220921_090000.WAV,Telephone Field,recover-20220922,001,1795
1749.5055,1749.5459,68437,82161,Rhinolophus ferrumequinum,0.021,0.021,-1,Echolocation,/mnt/ubna_data_02_mir/recover-20220922/UBNA_001/20220921_090000.WAV,Telephone Field,recover-20220922,001,1795
1749.5235,1749.5672,68437,82759,Rhinolophus ferrumequinum,0.025,0.025,-1,Echolocation,/mnt/ubna_data_02_mir/recover-20220922/UBNA_001/20220921_090000.WAV,Telephone Field,recover-20220922,001,1795
1749.5345,1749.5772,68437,83004,Rhinolophus ferrumequinum,0.028,0.028,-1,Echolocation,/mnt/ubna_data_02_mir/recover-20220922/UBNA_001/20220921_090000.WAV,Telephone Field,recover-20220922,001,1795
1749.5375,1749.5477,24609,32072,Eptesicus serotinus,0.009,0.022,-1,Echolocation,/mnt/ubna_data_02_mir/recover-20220922/UBNA_001/20220921_090000.WAV,Telephone Field,recover-20220922,001,1795
1749.5835,1749.623,68437,82524,Rhinolophus ferrumequinum,0.02,0.02,-1,Echolocation,/mnt/ubna_data_02_mir/recover-20220922/UBNA_001/20220921_090000.WAV,Telephone Field,recover-20220922,001,1795
1749.5885,1749.5953,25468,34175,Plecotus austriacus,0.006,0.021,-1,Echolocation,/mnt/ubna_data_02_mir/recover-20220922/UBNA_001/20220921_090000.WAV,Telephone Field,recover-20220922,001,1795
1749.6845,1749.723,68437,82290,Rhinolophus ferrumequinum,0.026,0.026,-1,Echolocation,/mnt/ubna_data_02_mir/recover-20220922/UBNA_001/20220921_090000.WAV,Telephone Field,recover-20220922,001,1795
1749.7685,1749.8061,68437,81824,Rhinolophus ferrumequinum,0.025,0.025,-1,Echolocation,/mnt/ubna_data_02_mir/recover-20220922/UBNA_001/20220921_090000.WAV,Telephone Field,recover-20220922,001,1795
1749.7755,1749.7862,23750,29410,Nyctalus leisleri,0.01,0.024,-1,Echolocation,/mnt/ubna_data_02_mir/recover-20220922/UBNA_001/20220921_090000.WAV,Telephone Field,recover-20220922,001,1795
1749.8325,1749.8704,68437,81821,Rhinolophus ferrumequinum,0.02,0.02,-1,Echolocation,/mnt/ubna_data_02_mir/recover-20220922/UBNA_001/20220921_090000.WAV,Telephone Field,recover-20220922,001,1795
1749.8675,1749.9049,68437,82268,Rhinolophus ferrumequinum,0.021,0.021,-1,Echolocation,/mnt/ubna_data_02_mir/recover-20220922/UBNA_001/20220921_090000.WAV,Telephone Field,recover-20220922,001,1795
1749.9015,1749.9412,68437,82387,Rhinolophus ferrumequinum,0.02,0.02,-1,Echolocation,/mnt/ubna_data_02_mir/recover-20220922/UBNA_001/20220921_090000.WAV,Telephone Field,recover-20220922,001,1795
1749.9065,1749.9464,68437,82116,Rhinolophus ferrumequinum,0.02,0.02,-1,Echolocation,/mnt/ubna_data_02_mir/recover-20220922/UBNA_001/20220921_090000.WAV,Telephone Field,recover-20220922,001,1795
1749.9095,1749.921,23750,28540,Nyctalus leisleri,0.01,0.02,-1,Echolocation,/mnt/ubna_data_02_mir/recover-20220922/UBNA_001/20220921_090000.WAV,Telephone Field,recover-20220922,001,1795
1749.9205,1749.9587,68437,81893,Rhinolophus ferrumequinum,0.02,0.02,-1,Echolocation,/mnt/ubna_data_02_mir/recover-20220922/UBNA_001/20220921_090000.WAV,Telephone Field,recover-20220922,001,1795
1749.9405,1749.9482,27187,36260,Eptesicus serotinus,0.007,0.023,-1,Echolocation,/mnt/ubna_data_02_mir/recover-20220922/UBNA_001/20220921_090000.WAV,Telephone Field,recover-20220922,001,1795
1749.9435,1749.952,22890,30217,Plecotus austriacus,0.01,0.023,-1,Echolocation,/mnt/ubna_data_02_mir/recover-20220922/UBNA_001/20220921_090000.WAV,Telephone Field,recover-20220922,001,1795
1749.9815,1749.9909,28906,37393,Eptesicus serotinus,0.008,0.02,-1,Echolocation,/mnt/ubna_data_02_mir/recover-20220922/UBNA_001/20220921_090000.WAV,Telephone Field,recover-20220922,001,1795
1750.0015,1750.033,68437,79357,Rhinolophus ferrumequinum,0.032,0.033,-1,Echolocation,/mnt/ubna_data_02_mir/recover-20220922/UBNA_001/20220921_090000.WAV,Telephone Field,recover-20220922,001,1795
1750.0015,1750.0104,23750,30972,Nyctalus leisleri,0.014,0.038,-1,Echolocation,/mnt/ubna_data_02_mir/recover-20220922/UBNA_001/20220921_090000.WAV,Telephone Field,recover-20220922,001,1795
1750.0015,1750.0119,46953,52855,Pipistrellus pipistrellus,0.022,0.028,-1,Echolocation,/mnt/ubna_data_02_mir/recover-20220922/UBNA_001/20220921_090000.WAV,Telephone Field,recover-20220922,001,1795
1750.0075,1750.0477,68437,81659,Rhinolophus ferrumequinum,0.024,0.024,-1,Echolocation,/mnt/ubna_data_02_mir/recover-20220922/UBNA_001/20220921_090000.WAV,Telephone Field,recover-20220922,001,1795
1750.0355,1750.0767,68437,82379,Rhinolophus ferrumequinum,0.025,0.025,-1,Echolocation,/mnt/ubna_data_02_mir/recover-20220922/UBNA_001/20220921_090000.WAV,Telephone Field,recover-20220922,001,1795
1750.0445,1750.055,22890,28375,Nyctalus leisleri,0.01,0.021,-1,Echolocation,/mnt/ubna_data_02_mir/recover-20220922/UBNA_001/20220921_090000.WAV,Telephone Field,recover-20220922,001,1795
1750.0545,1750.0633,27187,37113,Eptesicus serotinus,0.008,0.021,-1,Echolocation,/mnt/ubna_data_02_mir/recover-20220922/UBNA_001/20220921_090000.WAV,Telephone Field,recover-20220922,001,1795
1750.0715,1750.1099,68437,82584,Rhinolophus ferrumequinum,0.024,0.024,-1,Echolocation,/mnt/ubna_data_02_mir/recover-20220922/UBNA_001/20220921_090000.WAV,Telephone Field,recover-20220922,001,1795
1750.0915,1750.0995,28046,39576,Eptesicus serotinus,0.007,0.021,-1,Echolocation,/mnt/ubna_data_02_mir/recover-20220922/UBNA_001/20220921_090000.WAV,Telephone Field,recover-20220922,001,1795
1750.1115,1750.1182,28046,38386,Eptesicus serotinus,0.006,0.022,-1,Echolocation,/mnt/ubna_data_02_mir/recover-20220922/UBNA_001/20220921_090000.WAV,Telephone Field,recover-20220922,001,1795
1750.1315,1750.1701,68437,81757,Rhinolophus ferrumequinum,0.022,0.023,-1,Echolocation,/mnt/ubna_data_02_mir/recover-20220922/UBNA_001/20220921_090000.WAV,Telephone Field,recover-20220922,001,1795
1750.1385,1750.1468,28906,37673,Eptesicus serotinus,0.007,0.022,-1,Echolocation,/mnt/ubna_data_02_mir/recover-20220922/UBNA_001/20220921_090000.WAV,Telephone Field,recover-20220922,001,1795
1750.1505,1750.1893,68437,82517,Rhinolophus ferrumequinum,0.027,0.027,-1,Echolocation,/mnt/ubna_data_02_mir/recover-20220922/UBNA_001/20220921_090000.WAV,Telephone Field,recover-20220922,001,1795
1750.1735,1750.1807,27187,41253,Eptesicus serotinus,0.006,0.022,-1,Echolocation,/mnt/ubna_data_02_mir/recover-20220922/UBNA_001/20220921_090000.WAV,Telephone Field,recover-20220922,001,1795
1750.1755,1750.2108,68437,81258,Rhinolophus ferrumequinum,0.023,0.023,-1,Echolocation,/mnt/ubna_data_02_mir/recover-20220922/UBNA_001/20220921_090000.WAV,Telephone Field,recover-20220922,001,1795
1750.2165,1750.2559,68437,82475,Rhinolophus ferrumequinum,0.021,0.021,-1,Echolocation,/mnt/ubna_data_02_mir/recover-20220922/UBNA_001/20220921_090000.WAV,Telephone Field,recover-20220922,001,1795
1750.2365,1750.2755,68437,82667,Rhinolophus ferrumequinum,0.026,0.026,-1,Echolocation,/mnt/ubna_data_02_mir/recover-20220922/UBNA_001/20220921_090000.WAV,Telephone Field,recover-20220922,001,1795
1750.2575,1750.2956,68437,82081,Rhinolophus ferrumequinum,0.022,0.022,-1,Echolocation,/mnt/ubna_data_02_mir/recover-20220922/UBNA_001/20220921_090000.WAV,Telephone Field,recover-20220922,001,1795
1750.2905,1750.3334,68437,82831,Rhinolophus ferrumequinum,0.024,0.024,-1,Echolocation,/mnt/ubna_data_02_mir/recover-20220922/UBNA_001/20220921_090000.WAV,Telephone Field,recover-20220922,001,1795
1750.2925,1750.3016,27187,36019,Eptesicus serotinus,0.008,0.021,-1,Echolocation,/mnt/ubna_data_02_mir/recover-20220922/UBNA_001/20220921_090000.WAV,Telephone Field,recover-20220922,001,1795
1750.3105,1750.3518,68437,82729,Rhinolophus ferrumequinum,0.034,0.034,-1,Echolocation,/mnt/ubna_data_02_mir/recover-20220922/UBNA_001/20220921_090000.WAV,Telephone Field,recover-20220922,001,1795
1750.3325,1750.3409,50390,55473,Pipistrellus pipistrellus,0.021,0.025,-1,Echolocation,/mnt/ubna_data_02_mir/recover-20220922/UBNA_001/20220921_090000.WAV,Telephone Field,recover-20220922,001,1795
1750.3325,1750.34,28046,38653,Eptesicus serotinus,0.008,0.029,-1,Echolocation,/mnt/ubna_data_02_mir/recover-20220922/UBNA_001/20220921_090000.WAV,Telephone Field,recover-20220922,001,1795
1750.3535,1750.3927,68437,82274,Rhinolophus ferrumequinum,0.021,0.021,-1,Echolocation,/mnt/ubna_data_02_mir/recover-20220922/UBNA_001/20220921_090000.WAV,Telephone Field,recover-20220922,001,1795
1750.3555,1750.3629,28906,37581,Eptesicus serotinus,0.007,0.021,-1,Echolocation,/mnt/ubna_data_02_mir/recover-20220922/UBNA_001/20220921_090000.WAV,Telephone Field,recover-20220922,001,1795
1750.3655,1750.4015,68437,81895,Rhinolophus ferrumequinum,0.021,0.021,-1,Echolocation,/mnt/ubna_data_02_mir/recover-20220922/UBNA_001/20220921_090000.WAV,Telephone Field,recover-20220922,001,1795
1750.3725,1750.381,28906,39016,Eptesicus serotinus,0.012,0.036,-1,Echolocation,/mnt/ubna_data_02_mir/recover-20220922/UBNA_001/20220921_090000.WAV,Telephone Field,recover-20220922,001,1795
1750.3875,1750.424,68437,81516,Rhinolophus ferrumequinum,0.024,0.024,-1,Echolocation,/mnt/ubna_data_02_mir/recover-20220922/UBNA_001/20220921_090000.WAV,Telephone Field,recover-20220922,001,1795
1750.4095,1750.4168,50390,56544,Pipistrellus pipistrellus,0.018,0.021,-1,Echolocation,/mnt/ubna_data_02_mir/recover-20220922/UBNA_001/20220921_090000.WAV,Telephone Field,recover-20220922,001,1795
1750.4215,1750.4569,68437,81153,Rhinolophus ferrumequinum,0.021,0.021,-1,Echolocation,/mnt/ubna_data_02_mir/recover-20220922/UBNA_001/20220921_090000.WAV,Telephone Field,recover-20220922,001,1795
1750.4415,1750.4478,26328,37844,Plecotus auritus,0.011,0.038,-1,Echolocation,/mnt/ubna_data_02_mir/recover-20220922/UBNA_001/20220921_090000.WAV,Telephone Field,recover-20220922,001,1795
1750.4855,1750.4956,22031,27343,Nyctalus leisleri,0.009,0.021,-1,Echolocation,/mnt/ubna_data_02_mir/recover-20220922/UBNA_001/20220921_090000.WAV,Telephone Field,recover-20220922,001,1795
1750.4855,1750.4928,27187,39048,Eptesicus serotinus,0.006,0.022,-1,Echolocation,/mnt/ubna_data_02_mir/recover-20220922/UBNA_001/20220921_090000.WAV,Telephone Field,recover-20220922,001,1795
1750.4985,1750.5352,68437,82125,Rhinolophus ferrumequinum,0.022,0.022,-1,Echolocation,/mnt/ubna_data_02_mir/recover-20220922/UBNA_001/20220921_090000.WAV,Telephone Field,recover-20220922,001,1795
1750.5355,1750.574,68437,81777,Rhinolophus ferrumequinum,0.022,0.022,-1,Echolocation,/mnt/ubna_data_02_mir/recover-20220922/UBNA_001/20220921_090000.WAV,Telephone Field,recover-20220922,001,1795
1750.5955,1750.6313,68437,81561,Rhinolophus ferrumequinum,0.021,0.021,-1,Echolocation,/mnt/ubna_data_02_mir/recover-20220922/UBNA_001/20220921_090000.WAV,Telephone Field,recover-20220922,001,1795
1750.6095,1750.6497,68437,82344,Rhinolophus ferrumequinum,0.031,0.031,-1,Echolocation,/mnt/ubna_data_02_mir/recover-20220922/UBNA_001/20220921_090000.WAV,Telephone Field,recover-20220922,001,1795
1750.6575,1750.6678,27187,35177,Eptesicus serotinus,0.013,0.025,-1,Echolocation,/mnt/ubna_data_02_mir/recover-20220922/UBNA_001/20220921_090000.WAV,Telephone Field,recover-20220922,001,1795
1750.6595,1750.695,68437,81751,Rhinolophus ferrumequinum,0.024,0.024,-1,Echolocation,/mnt/ubna_data_02_mir/recover-20220922/UBNA_001/20220921_090000.WAV,Telephone Field,recover-20220922,001,1795
1750.6795,1750.6881,27187,39737,Eptesicus serotinus,0.008,0.022,-1,Echolocation,/mnt/ubna_data_02_mir/recover-20220922/UBNA_001/20220921_090000.WAV,Telephone Field,recover-20220922,001,1795
1750.6865,1750.6957,23750,30922,Nyctalus leisleri,0.007,0.022,-1,Echolocation,/mnt/ubna_data_02_mir/recover-20220922/UBNA_001/20220921_090000.WAV,Telephone Field,recover-20220922,001,1795
1750.6865,1750.6956,28046,36738,Eptesicus serotinus,0.008,0.021,-1,Echolocation,/mnt/ubna_data_02_mir/recover-20220922/UBNA_001/20220921_090000.WAV,Telephone Field,recover-20220922,001,1795
1750.7065,1750.7473,68437,82458,Rhinolophus ferrumequinum,0.041,0.041,-1,Echolocation,/mnt/ubna_data_02_mir/recover-20220922/UBNA_001/20220921_090000.WAV,Telephone Field,recover-20220922,001,1795
1750.7115,1750.7189,27187,39325,Eptesicus serotinus,0.006,0.022,-1,Echolocation,/mnt/ubna_data_02_mir/recover-20220922/UBNA_001/20220921_090000.WAV,Telephone Field,recover-20220922,001,1795
1750.7395,1750.7498,28046,36038,Eptesicus serotinus,0.014,0.027,-1,Echolocation,/mnt/ubna_data_02_mir/recover-20220922/UBNA_001/20220921_090000.WAV,Telephone Field,recover-20220922,001,1795
1750.7585,1750.7968,68437,81665,Rhinolophus ferrumequinum,0.022,0.022,-1,Echolocation,/mnt/ubna_data_02_mir/recover-20220922/UBNA_001/20220921_090000.WAV,Telephone Field,recover-20220922,001,1795
1750.7735,1750.8121,68437,82522,Rhinolophus ferrumequinum,0.027,0.027,-1,Echolocation,/mnt/ubna_data_02_mir/recover-20220922/UBNA_001/20220921_090000.WAV,Telephone Field,recover-20220922,001,1795
1750.7765,1750.7866,55546,63727,Pipistrellus pygmaeus,0.022,0.024,-1,Echolocation,/mnt/ubna_data_02_mir/recover-20220922/UBNA_001/20220921_090000.WAV,Telephone Field,recover-20220922,001,1795
1750.7995,1750.8428,68437,83032,Rhinolophus ferrumequinum,0.042,0.042,-1,Echolocation,/mnt/ubna_data_02_mir/recover-20220922/UBNA_001/20220921_090000.WAV,Telephone Field,recover-20220922,001,1795
1750.8205,1750.8589,68437,82161,Rhinolophus ferrumequinum,0.033,0.033,-1,Echolocation,/mnt/ubna_data_02_mir/recover-20220922/UBNA_001/20220921_090000.WAV,Telephone Field,recover-20220922,001,1795
1750.8245,1750.8355999999999,27187,33662,Eptesicus serotinus,0.028,0.049,-1,Echolocation,/mnt/ubna_data_02_mir/recover-20220922/UBNA_001/20220921_090000.WAV,Telephone Field,recover-20220922,001,1795
1750.8445,1750.8851,68437,82923,Rhinolophus ferrumequinum,0.025,0.025,-1,Echolocation,/mnt/ubna_data_02_mir/recover-20220922/UBNA_001/20220921_090000.WAV,Telephone Field,recover-20220922,001,1795
1750.8715,1750.8796,28046,39377,Eptesicus serotinus,0.008,0.022,-1,Echolocation,/mnt/ubna_data_02_mir/recover-20220922/UBNA_001/20220921_090000.WAV,Telephone Field,recover-20220922,001,1795
1750.8795,1750.9176,68437,81643,Rhinolophus ferrumequinum,0.021,0.021,-1,Echolocation,/mnt/ubna_data_02_mir/recover-20220922/UBNA_001/20220921_090000.WAV,Telephone Field,recover-20220922,001,1795
1750.8985,1750.9069,23750,31151,Nyctalus leisleri,0.007,0.021,-1,Echolocation,/mnt/ubna_data_02_mir/recover-20220922/UBNA_001/20220921_090000.WAV,Telephone Field,recover-20220922,001,1795
1750.9075,1750.9485,68437,82685,Rhinolophus ferrumequinum,0.033,0.033,-1,Echolocation,/mnt/ubna_data_02_mir/recover-20220922/UBNA_001/20220921_090000.WAV,Telephone Field,recover-20220922,001,1795
1750.9375,1750.9811,68437,83377,Rhinolophus ferrumequinum,0.04,0.04,-1,Echolocation,/mnt/ubna_data_02_mir/recover-20220922/UBNA_001/20220921_090000.WAV,Telephone Field,recover-20220922,001,1795
1750.9795,1750.9868,27187,38326,Eptesicus serotinus,0.006,0.023,-1,Echolocation,/mnt/ubna_data_02_mir/recover-20220922/UBNA_001/20220921_090000.WAV,Telephone Field,recover-20220922,001,1795
1750.9805,1750.9912,22031,27189,Nyctalus leisleri,0.011,0.022,-1,Echolocation,/mnt/ubna_data_02_mir/recover-20220922/UBNA_001/20220921_090000.WAV,Telephone Field,recover-20220922,001,1795
1750.9935,1751.0311,68437,82757,Rhinolophus ferrumequinum,0.027,0.027,-1,Echolocation,/mnt/ubna_data_02_mir/recover-20220922/UBNA_001/20220921_090000.WAV,Telephone Field,recover-20220922,001,1795
1751.0305,1751.0728,68437,83204,Rhinolophus ferrumequinum,0.04,0.04,-1,Echolocation,/mnt/ubna_data_02_mir/recover-20220922/UBNA_001/20220921_090000.WAV,Telephone Field,recover-20220922,001,1795
1751.0355,1751.0449,28906,36969,Eptesicus serotinus,0.009,0.023,-1,Echolocation,/mnt/ubna_data_02_mir/recover-20220922/UBNA_001/20220921_090000.WAV,Telephone Field,recover-20220922,001,1795
1751.0785,1751.1188,68437,82317,Rhinolophus ferrumequinum,0.021,0.021,-1,Echolocation,/mnt/ubna_data_02_mir/recover-20220922/UBNA_001/20220921_090000.WAV,Telephone Field,recover-20220922,001,1795
1751.1275,1751.1658,68437,81436,Rhinolophus ferrumequinum,0.021,0.021,-1,Echolocation,/mnt/ubna_data_02_mir/recover-20220922/UBNA_001/20220921_090000.WAV,Telephone Field,recover-20220922,001,1795
1751.1535,1751.1607,26328,38909,Eptesicus serotinus,0.006,0.021,-1,Echolocation,/mnt/ubna_data_02_mir/recover-20220922/UBNA_001/20220921_090000.WAV,Telephone Field,recover-20220922,001,1795
1751.1555,1751.1926,68437,81345,Rhinolophus ferrumequinum,0.025,0.025,-1,Echolocation,/mnt/ubna_data_02_mir/recover-20220922/UBNA_001/20220921_090000.WAV,Telephone Field,recover-20220922,001,1795
1751.1715,1751.21,68437,82085,Rhinolophus ferrumequinum,0.022,0.022,-1,Echolocation,/mnt/ubna_data_02_mir/recover-20220922/UBNA_001/20220921_090000.WAV,Telephone Field,recover-20220922,001,1795
1751.1755,1751.1837,28046,38678,Eptesicus serotinus,0.008,0.022,-1,Echolocation,/mnt/ubna_data_02_mir/recover-20220922/UBNA_001/20220921_090000.WAV,Telephone Field,recover-20220922,001,1795
1751.2025,1751.2393,68437,82046,Rhinolophus ferrumequinum,0.023,0.023,-1,Echolocation,/mnt/ubna_data_02_mir/recover-20220922/UBNA_001/20220921_090000.WAV,Telephone Field,recover-20220922,001,1795
1751.2085,1751.2186,24609,31984,Eptesicus serotinus,0.01,0.024,-1,Echolocation,/mnt/ubna_data_02_mir/recover-20220922/UBNA_001/20220921_090000.WAV,Telephone Field,recover-20220922,001,1795
1751.2105,1751.2504,68437,82566,Rhinolophus ferrumequinum,0.022,0.022,-1,Echolocation,/mnt/ubna_data_02_mir/recover-20220922/UBNA_001/20220921_090000.WAV,Telephone Field,recover-20220922,001,1795
1751.2415,1751.28,68437,81826,Rhinolophus ferrumequinum,0.021,0.021,-1,Echolocation,/mnt/ubna_data_02_mir/recover-20220922/UBNA_001/20220921_090000.WAV,Telephone Field,recover-20220922,001,1795
1751.2465,1751.2566,28906,36300,Eptesicus serotinus,0.01,0.022,-1,Echolocation,/mnt/ubna_data_02_mir/recover-20220922/UBNA_001/20220921_090000.WAV,Telephone Field,recover-20220922,001,1795
1751.2565,1751.2942,68437,81892,Rhinolophus ferrumequinum,0.021,0.021,-1,Echolocation,/mnt/ubna_data_02_mir/recover-20220922/UBNA_001/20220921_090000.WAV,Telephone Field,recover-20220922,001,1795
1751.2865,1751.3255,68437,82229,Rhinolophus ferrumequinum,0.023,0.023,-1,Echolocation,/mnt/ubna_data_02_mir/recover-20220922/UBNA_001/20220921_090000.WAV,Telephone Field,recover-20220922,001,1795
1751.2905,1751.2995,28046,37665,Eptesicus serotinus,0.011,0.028,-1,Echolocation,/mnt/ubna_data_02_mir/recover-20220922/UBNA_001/20220921_090000.WAV,Telephone Field,recover-20220922,001,1795
1751.3105,1751.353,68437,82831,Rhinolophus ferrumequinum,0.032,0.033,-1,Echolocation,/mnt/ubna_data_02_mir/recover-20220922/UBNA_001/20220921_090000.WAV,Telephone Field,recover-20220922,001,1795
1751.3135,1751.3242,22890,28860,Nyctalus leisleri,0.011,0.024,-1,Echolocation,/mnt/ubna_data_02_mir/recover-20220922/UBNA_001/20220921_090000.WAV,Telephone Field,recover-20220922,001,1795
1751.3325,1751.3698,68437,81767,Rhinolophus ferrumequinum,0.021,0.021,-1,Echolocation,/mnt/ubna_data_02_mir/recover-20220922/UBNA_001/20220921_090000.WAV,Telephone Field,recover-20220922,001,1795
1751.3785,1751.4213,68437,83814,Rhinolophus ferrumequinum,0.04,0.04,-1,Echolocation,/mnt/ubna_data_02_mir/recover-20220922/UBNA_001/20220921_090000.WAV,Telephone Field,recover-20220922,001,1795
1751.4365,1751.4453,28906,39361,Eptesicus serotinus,0.008,0.021,-1,Echolocation,/mnt/ubna_data_02_mir/recover-20220922/UBNA_001/20220921_090000.WAV,Telephone Field,recover-20220922,001,1795
1751.4425,1751.4519,30625,40080,Eptesicus serotinus,0.007,0.021,-1,Echolocation,/mnt/ubna_data_02_mir/recover-20220922/UBNA_001/20220921_090000.WAV,Telephone Field,recover-20220922,001,1795
1751.4675,1751.5037,68437,81270,Rhinolophus ferrumequinum,0.023,0.023,-1,Echolocation,/mnt/ubna_data_02_mir/recover-20220922/UBNA_001/20220921_090000.WAV,Telephone Field,recover-20220922,001,1795
1751.5145,1751.5529,68437,81597,Rhinolophus ferrumequinum,0.026,0.026,-1,Echolocation,/mnt/ubna_data_02_mir/recover-20220922/UBNA_001/20220921_090000.WAV,Telephone Field,recover-20220922,001,1795
1751.5225,1751.5632,68437,82325,Rhinolophus ferrumequinum,0.023,0.023,-1,Echolocation,/mnt/ubna_data_02_mir/recover-20220922/UBNA_001/20220921_090000.WAV,Telephone Field,recover-20220922,001,1795
1751.5345,1751.5433,44375,47943,Pipistrellus pipistrellus,0.021,0.023,-1,Echolocation,/mnt/ubna_data_02_mir/recover-20220922/UBNA_001/20220921_090000.WAV,Telephone Field,recover-20220922,001,1795
1751.5635,1751.6061,68437,82527,Rhinolophus ferrumequinum,0.029,0.029,-1,Echolocation,/mnt/ubna_data_02_mir/recover-20220922/UBNA_001/20220921_090000.WAV,Telephone Field,recover-20220922,001,1795
1751.5795,1751.5868,28046,39069,Eptesicus serotinus,0.007,0.024,-1,Echolocation,/mnt/ubna_data_02_mir/recover-20220922/UBNA_001/20220921_090000.WAV,Telephone Field,recover-20220922,001,1795
1751.6205,1751.6607,68437,82784,Rhinolophus ferrumequinum,0.03,0.03,-1,Echolocation,/mnt/ubna_data_02_mir/recover-20220922/UBNA_001/20220921_090000.WAV,Telephone Field,recover-20220922,001,1795
1751.6355,1751.642,24609,35131,Plecotus austriacus,0.016,0.04,-1,Echolocation,/mnt/ubna_data_02_mir/recover-20220922/UBNA_001/20220921_090000.WAV,Telephone Field,recover-20220922,001,1795
1751.6465,1751.6856,68437,82246,Rhinolophus ferrumequinum,0.031,0.031,-1,Echolocation,/mnt/ubna_data_02_mir/recover-20220922/UBNA_001/20220921_090000.WAV,Telephone Field,recover-20220922,001,1795
1751.6905,1751.6999,28046,38712,Eptesicus serotinus,0.011,0.026,-1,Echolocation,/mnt/ubna_data_02_mir/recover-20220922/UBNA_001/20220921_090000.WAV,Telephone Field,recover-20220922,001,1795
1751.7165,1751.7259,28906,39522,Eptesicus serotinus,0.009,0.025,-1,Echolocation,/mnt/ubna_data_02_mir/recover-20220922/UBNA_001/20220921_090000.WAV,Telephone Field,recover-20220922,001,1795
1751.7255,1751.7662,68437,82273,Rhinolophus ferrumequinum,0.025,0.025,-1,Echolocation,/mnt/ubna_data_02_mir/recover-20220922/UBNA_001/20220921_090000.WAV,Telephone Field,recover-20220922,001,1795
1751.7505,1751.7579,23750,32032,Plecotus austriacus,0.01,0.027,-1,Echolocation,/mnt/ubna_data_02_mir/recover-20220922/UBNA_001/20220921_090000.WAV,Telephone Field,recover-20220922,001,1795
1751.7595,1751.799,68437,82116,Rhinolophus ferrumequinum,0.022,0.022,-1,Echolocation,/mnt/ubna_data_02_mir/recover-20220922/UBNA_001/20220921_090000.WAV,Telephone Field,recover-20220922,001,1795
1751.7675,1751.7743,31484,41155,Myotis daubentonii,0.016,0.036,-1,Echolocation,/mnt/ubna_data_02_mir/recover-20220922/UBNA_001/20220921_090000.WAV,Telephone Field,recover-20220922,001,1795
1751.7865,1751.7972,22890,28010,Nyctalus leisleri,0.011,0.022,-1,Echolocation,/mnt/ubna_data_02_mir/recover-20220922/UBNA_001/20220921_090000.WAV,Telephone Field,recover-20220922,001,1795
1751.7915,1751.8288,68437,81620,Rhinolophus ferrumequinum,0.023,0.023,-1,Echolocation,/mnt/ubna_data_02_mir/recover-20220922/UBNA_001/20220921_090000.WAV,Telephone Field,recover-20220922,001,1795
1751.7925,1751.8032,28046,36078,Eptesicus serotinus,0.009,0.022,-1,Echolocation,/mnt/ubna_data_02_mir/recover-20220922/UBNA_001/20220921_090000.WAV,Telephone Field,recover-20220922,001,1795
1751.8315,1751.871,68437,82676,Rhinolophus ferrumequinum,0.03,0.03,-1,Echolocation,/mnt/ubna_data_02_mir/recover-20220922/UBNA_001/20220921_090000.WAV,Telephone Field,recover-20220922,001,1795
1751.8615,1751.8713,24609,32440,Nyctalus leisleri,0.009,0.027,-1,Echolocation,/mnt/ubna_data_02_mir/recover-20220922/UBNA_001/20220921_090000.WAV,Telephone Field,recover-20220922,001,1795
1751.8855,1751.9043,17734,21580,Nyctalus noctula,0.015,0.023,-1,Echolocation,/mnt/ubna_data_02_mir/recover-20220922/UBNA_001/20220921_090000.WAV,Telephone Field,recover-20220922,001,1795
1751.9105,1751.948,68437,82319,Rhinolophus ferrumequinum,0.021,0.021,-1,Echolocation,/mnt/ubna_data_02_mir/recover-20220922/UBNA_001/20220921_090000.WAV,Telephone Field,recover-20220922,001,1795
1751.9235,1751.9601,68437,81068,Rhinolophus ferrumequinum,0.024,0.024,-1,Echolocation,/mnt/ubna_data_02_mir/recover-20220922/UBNA_001/20220921_090000.WAV,Telephone Field,recover-20220922,001,1795
1751.9505,1751.9893,68437,81691,Rhinolophus ferrumequinum,0.022,0.022,-1,Echolocation,/mnt/ubna_data_02_mir/recover-20220922/UBNA_001/20220921_090000.WAV,Telephone Field,recover-20220922,001,1795
1751.9775,1751.9841,14296,26921,Plecotus auritus,0.019,0.025,-1,Echolocation,/mnt/ubna_data_02_mir/recover-20220922/UBNA_001/20220921_090000.WAV,Telephone Field,recover-20220922,001,1795
1752.0015,1752.0104,23750,31543,Nyctalus leisleri,0.013,0.04,-1,Echolocation,/mnt/ubna_data_02_mir/recover-20220922/UBNA_001/20220921_090000.WAV,Telephone Field,recover-20220922,001,1795
1752.0015,1752.0357,69296,81766,Rhinolophus ferrumequinum,0.037,0.037,-1,Echolocation,/mnt/ubna_data_02_mir/recover-20220922/UBNA_001/20220921_090000.WAV,Telephone Field,recover-20220922,001,1795
1752.0075,1752.0504,68437,82130,Rhinolophus ferrumequinum,0.026,0.026,-1,Echolocation,/mnt/ubna_data_02_mir/recover-20220922/UBNA_001/20220921_090000.WAV,Telephone Field,recover-20220922,001,1795
1752.0425,1752.0532,22890,27912,Nyctalus leisleri,0.011,0.022,-1,Echolocation,/mnt/ubna_data_02_mir/recover-20220922/UBNA_001/20220921_090000.WAV,Telephone Field,recover-20220922,001,1795
1752.0595,1752.0683,25468,33338,Eptesicus serotinus,0.008,0.024,-1,Echolocation,/mnt/ubna_data_02_mir/recover-20220922/UBNA_001/20220921_090000.WAV,Telephone Field,recover-20220922,001,1795
1752.0845,1752.1263,68437,82652,Rhinolophus ferrumequinum,0.023,0.023,-1,Echolocation,/mnt/ubna_data_02_mir/recover-20220922/UBNA_001/20220921_090000.WAV,Telephone Field,recover-20220922,001,1795
1752.1155,1752.1564,68437,82343,Rhinolophus ferrumequinum,0.022,0.022,-1,Echolocation,/mnt/ubna_data_02_mir/recover-20220922/UBNA_001/20220921_090000.WAV,Telephone Field,recover-20220922,001,1795
1752.1395,1752.1801,68437,82410,Rhinolophus ferrumequinum,0.022,0.022,-1,Echolocation,/mnt/ubna_data_02_mir/recover-20220922/UBNA_001/20220921_090000.WAV,Telephone Field,recover-20220922,001,1795
1752.1575,1752.1948,68437,81652,Rhinolophus ferrumequinum,0.021,0.021,-1,Echolocation,/mnt/ubna_data_02_mir/recover-20220922/UBNA_001/20220921_090000.WAV,Telephone Field,recover-20220922,001,1795
1752.2265,1752.2388,22890,27117,Nyctalus leisleri,0.014,0.024,-1,Echolocation,/mnt/ubna_data_02_mir/recover-20220922/UBNA_001/20220921_090000.WAV,Telephone Field,recover-20220922,001,1795
1752.2395,1752.2823,68437,82953,Rhinolophus ferrumequinum,0.032,0.032,-1,Echolocation,/mnt/ubna_data_02_mir/recover-20220922/UBNA_001/20220921_090000.WAV,Telephone Field,recover-20220922,001,1795
1752.2505,1752.2932,68437,82611,Rhinolophus ferrumequinum,0.023,0.023,-1,Echolocation,/mnt/ubna_data_02_mir/recover-20220922/UBNA_001/20220921_090000.WAV,Telephone Field,recover-20220922,001,1795
1752.2915,1752.3018,28906,36394,Eptesicus serotinus,0.011,0.024,-1,Echolocation,/mnt/ubna_data_02_mir/recover-20220922/UBNA_001/20220921_090000.WAV,Telephone Field,recover-20220922,001,1795
1752.2925,1752.3328,68437,82809,Rhinolophus ferrumequinum,0.025,0.025,-1,Echolocation,/mnt/ubna_data_02_mir/recover-20220922/UBNA_001/20220921_090000.WAV,Telephone Field,recover-20220922,001,1795
1752.3285,1752.3362,25468,34189,Eptesicus serotinus,0.007,0.022,-1,Echolocation,/mnt/ubna_data_02_mir/recover-20220922/UBNA_001/20220921_090000.WAV,Telephone Field,recover-20220922,001,1795
1752.3355,1752.3746,68437,82101,Rhinolophus ferrumequinum,0.022,0.022,-1,Echolocation,/mnt/ubna_data_02_mir/recover-20220922/UBNA_001/20220921_090000.WAV,Telephone Field,recover-20220922,001,1795
1752.3415,1752.3807,68437,82436,Rhinolophus ferrumequinum,0.021,0.021,-1,Echolocation,/mnt/ubna_data_02_mir/recover-20220922/UBNA_001/20220921_090000.WAV,Telephone Field,recover-20220922,001,1795
1752.4025,1752.4122,28906,37550,Eptesicus serotinus,0.009,0.023,-1,Echolocation,/mnt/ubna_data_02_mir/recover-20220922/UBNA_001/20220921_090000.WAV,Telephone Field,recover-20220922,001,1795
1752.4605,1752.4677,23750,32029,Plecotus austriacus,0.011,0.025,-1,Echolocation,/mnt/ubna_data_02_mir/recover-20220922/UBNA_001/20220921_090000.WAV,Telephone Field,recover-20220922,001,1795
1752.5105,1752.5487,68437,81804,Rhinolophus ferrumequinum,0.024,0.024,-1,Echolocation,/mnt/ubna_data_02_mir/recover-20220922/UBNA_001/20220921_090000.WAV,Telephone Field,recover-20220922,001,1795
1752.5435,1752.5814,68437,82169,Rhinolophus ferrumequinum,0.022,0.022,-1,Echolocation,/mnt/ubna_data_02_mir/recover-20220922/UBNA_001/20220921_090000.WAV,Telephone Field,recover-20220922,001,1795
1752.5455,1752.5541,26328,34323,Eptesicus serotinus,0.016,0.039,-1,Echolocation,/mnt/ubna_data_02_mir/recover-20220922/UBNA_001/20220921_090000.WAV,Telephone Field,recover-20220922,001,1795
1752.5545,1752.5945,68437,82052,Rhinolophus ferrumequinum,0.026,0.026,-1,Echolocation,/mnt/ubna_data_02_mir/recover-20220922/UBNA_001/20220921_090000.WAV,Telephone Field,recover-20220922,001,1795
1752.5795,1752.6203,68437,82536,Rhinolophus ferrumequinum,0.022,0.022,-1,Echolocation,/mnt/ubna_data_02_mir/recover-20220922/UBNA_001/20220921_090000.WAV,Telephone Field,recover-20220922,001,1795
1752.5815,1752.5889,32343,43800,Myotis daubentonii,0.007,0.026,-1,Echolocation,/mnt/ubna_data_02_mir/recover-20220922/UBNA_001/20220921_090000.WAV,Telephone Field,recover-20220922,001,1795
1752.5885,1752.6279,68437,82583,Rhinolophus ferrumequinum,0.022,0.022,-1,Echolocation,/mnt/ubna_data_02_mir/recover-20220922/UBNA_001/20220921_090000.WAV,Telephone Field,recover-20220922,001,1795
1752.5985,1752.6105,22031,26962,Nyctalus leisleri,0.014,0.027,-1,Echolocation,/mnt/ubna_data_02_mir/recover-20220922/UBNA_001/20220921_090000.WAV,Telephone Field,recover-20220922,001,1795
1752.6245,1752.634,28906,37244,Eptesicus serotinus,0.009,0.022,-1,Echolocation,/mnt/ubna_data_02_mir/recover-20220922/UBNA_001/20220921_090000.WAV,Telephone Field,recover-20220922,001,1795
1752.6305,1752.6418,22890,27441,Nyctalus leisleri,0.012,0.022,-1,Echolocation,/mnt/ubna_data_02_mir/recover-20220922/UBNA_001/20220921_090000.WAV,Telephone Field,recover-20220922,001,1795
1752.6465,1752.6556,22890,29583,Plecotus austriacus,0.009,0.027,-1,Echolocation,/mnt/ubna_data_02_mir/recover-20220922/UBNA_001/20220921_090000.WAV,Telephone Field,recover-20220922,001,1795
1752.7005,1752.7418,68437,82126,Rhinolophus ferrumequinum,0.023,0.023,-1,Echolocation,/mnt/ubna_data_02_mir/recover-20220922/UBNA_001/20220921_090000.WAV,Telephone Field,recover-20220922,001,1795
1752.7205,1752.7607,68437,82793,Rhinolophus ferrumequinum,0.024,0.024,-1,Echolocation,/mnt/ubna_data_02_mir/recover-20220922/UBNA_001/20220921_090000.WAV,Telephone Field,recover-20220922,001,1795
1752.7775,1752.7866,24609,33044,Eptesicus serotinus,0.007,0.024,-1,Echolocation,/mnt/ubna_data_02_mir/recover-20220922/UBNA_001/20220921_090000.WAV,Telephone Field,recover-20220922,001,1795
1752.8135,1752.8521,68437,82435,Rhinolophus ferrumequinum,0.025,0.025,-1,Echolocation,/mnt/ubna_data_02_mir/recover-20220922/UBNA_001/20220921_090000.WAV,Telephone Field,recover-20220922,001,1795
1752.8405,1752.8605,18593,21612,Nyctalus noctula,0.015,0.028,-1,Echolocation,/mnt/ubna_data_02_mir/recover-20220922/UBNA_001/20220921_090000.WAV,Telephone Field,recover-20220922,001,1795
1752.8495,1752.8869,68437,81792,Rhinolophus ferrumequinum,0.027,0.028,-1,Echolocation,/mnt/ubna_data_02_mir/recover-20220922/UBNA_001/20220921_090000.WAV,Telephone Field,recover-20220922,001,1795
1752.8585,1752.8982,68437,81960,Rhinolophus ferrumequinum,0.025,0.025,-1,Echolocation,/mnt/ubna_data_02_mir/recover-20220922/UBNA_001/20220921_090000.WAV,Telephone Field,recover-20220922,001,1795
1752.8595,1752.8681,26328,35568,Eptesicus serotinus,0.009,0.023,-1,Echolocation,/mnt/ubna_data_02_mir/recover-20220922/UBNA_001/20220921_090000.WAV,Telephone Field,recover-20220922,001,1795
1752.8675,1752.9056,68437,81763,Rhinolophus ferrumequinum,0.022,0.022,-1,Echolocation,/mnt/ubna_data_02_mir/recover-20220922/UBNA_001/20220921_090000.WAV,Telephone Field,recover-20220922,001,1795
1752.8855,1752.8926,49531,53519,Pipistrellus pipistrellus,0.024,0.025,-1,Echolocation,/mnt/ubna_data_02_mir/recover-20220922/UBNA_001/20220921_090000.WAV,Telephone Field,recover-20220922,001,1795
1752.9335,1752.979,68437,83448,Rhinolophus ferrumequinum,0.045,0.045,-1,Echolocation,/mnt/ubna_data_02_mir/recover-20220922/UBNA_001/20220921_090000.WAV,Telephone Field,recover-20220922,001,1795
1752.9555,1752.9939,68437,82304,Rhinolophus ferrumequinum,0.021,0.021,-1,Echolocation,/mnt/ubna_data_02_mir/recover-20220922/UBNA_001/20220921_090000.WAV,Telephone Field,recover-20220922,001,1795
1753.0025,1753.0397,68437,81410,Rhinolophus ferrumequinum,0.021,0.022,-1,Echolocation,/mnt/ubna_data_02_mir/recover-20220922/UBNA_001/20220921_090000.WAV,Telephone Field,recover-20220922,001,1795
1753.0235,1753.0628,68437,82530,Rhinolophus ferrumequinum,0.026,0.026,-1,Echolocation,/mnt/ubna_data_02_mir/recover-20220922/UBNA_001/20220921_090000.WAV,Telephone Field,recover-20220922,001,1795
1753.0235,1753.0307,47812,51930,Pipistrellus pipistrellus,0.024,0.025,-1,Echolocation,/mnt/ubna_data_02_mir/recover-20220922/UBNA_001/20220921_090000.WAV,Telephone Field,recover-20220922,001,1795
1753.0645,1753.1033,68437,81805,Rhinolophus ferrumequinum,0.028,0.028,-1,Echolocation,/mnt/ubna_data_02_mir/recover-20220922/UBNA_001/20220921_090000.WAV,Telephone Field,recover-20220922,001,1795
1753.0735,1753.1102,68437,81079,Rhinolophus ferrumequinum,0.024,0.024,-1,Echolocation,/mnt/ubna_data_02_mir/recover-20220922/UBNA_001/20220921_090000.WAV,Telephone Field,recover-20220922,001,1795
1753.0755,1753.0861,51250,56632,Pipistrellus pipistrellus,0.027,0.031,-1,Echolocation,/mnt/ubna_data_02_mir/recover-20220922/UBNA_001/20220921_090000.WAV,Telephone Field,recover-20220922,001,1795
1753.0825,1753.0905,28046,38852,Eptesicus serotinus,0.007,0.023,-1,Echolocation,/mnt/ubna_data_02_mir/recover-20220922/UBNA_001/20220921_090000.WAV,Telephone Field,recover-20220922,001,1795
1753.1155,1753.1537,68437,82190,Rhinolophus ferrumequinum,0.021,0.021,-1,Echolocation,/mnt/ubna_data_02_mir/recover-20220922/UBNA_001/20220921_090000.WAV,Telephone Field,recover-20220922,001,1795
1753.1535,1753.1936,68437,81810,Rhinolophus ferrumequinum,0.023,0.023,-1,Echolocation,/mnt/ubna_data_02_mir/recover-20220922/UBNA_001/20220921_090000.WAV,Telephone Field,recover-20220922,001,1795
1753.1905,1753.23,68437,81967,Rhinolophus ferrumequinum,0.021,0.021,-1,Echolocation,/mnt/ubna_data_02_mir/recover-20220922/UBNA_001/20220921_090000.WAV,Telephone Field,recover-20220922,001,1795
1753.1925,1753.2012,25468,33427,Eptesicus serotinus,0.008,0.024,-1,Echolocation,/mnt/ubna_data_02_mir/recover-20220922/UBNA_001/20220921_090000.WAV,Telephone Field,recover-20220922,001,1795
1753.2045,1753.2452,68437,82633,Rhinolophus ferrumequinum,0.022,0.022,-1,Echolocation,/mnt/ubna_data_02_mir/recover-20220922/UBNA_001/20220921_090000.WAV,Telephone Field,recover-20220922,001,1795
1753.2525,1753.2913,68437,82109,Rhinolophus ferrumequinum,0.022,0.022,-1,Echolocation,/mnt/ubna_data_02_mir/recover-20220922/UBNA_001/20220921_090000.WAV,Telephone Field,recover-20220922,001,1795
1753.2545,1753.2627,27187,35831,Eptesicus serotinus,0.013,0.032,-1,Echolocation,/mnt/ubna_data_02_mir/recover-20220922/UBNA_001/20220921_090000.WAV,Telephone Field,recover-20220922,001,1795
1753.2785,1753.3186,68437,81913,Rhinolophus ferrumequinum,0.022,0.022,-1,Echolocation,/mnt/ubna_data_02_mir/recover-20220922/UBNA_001/20220921_090000.WAV,Telephone Field,recover-20220922,001,1795
1753.3405,1753.3787,68437,81645,Rhinolophus ferrumequinum,0.025,0.025,-1,Echolocation,/mnt/ubna_data_02_mir/recover-20220922/UBNA_001/20220921_090000.WAV,Telephone Field,recover-20220922,001,1795
1753.3435,1753.3507,27187,36590,Eptesicus serotinus,0.008,0.026,-1,Echolocation,/mnt/ubna_data_02_mir/recover-20220922/UBNA_001/20220921_090000.WAV,Telephone Field,recover-20220922,001,1795
1753.4135,1753.4539,68437,82462,Rhinolophus ferrumequinum,0.022,0.022,-1,Echolocation,/mnt/ubna_data_02_mir/recover-20220922/UBNA_001/20220921_090000.WAV,Telephone Field,recover-20220922,001,1795
1753.4205,1753.4297,29765,37866,Eptesicus serotinus,0.01,0.024,-1,Echolocation,/mnt/ubna_data_02_mir/recover-20220922/UBNA_001/20220921_090000.WAV,Telephone Field,recover-20220922,001,1795
1753.4395,1753.477,68437,81005,Rhinolophus ferrumequinum,0.023,0.023,-1,Echolocation,/mnt/ubna_data_02_mir/recover-20220922/UBNA_001/20220921_090000.WAV,Telephone Field,recover-20220922,001,1795
1753.4445,1753.4534,28906,39327,Eptesicus serotinus,0.009,0.023,-1,Echolocation,/mnt/ubna_data_02_mir/recover-20220922/UBNA_001/20220921_090000.WAV,Telephone Field,recover-20220922,001,1795
1753.4475,1753.4859,68437,81870,Rhinolophus ferrumequinum,0.022,0.022,-1,Echolocation,/mnt/ubna_data_02_mir/recover-20220922/UBNA_001/20220921_090000.WAV,Telephone Field,recover-20220922,001,1795
1753.4665,1753.5059,68437,81787,Rhinolophus ferrumequinum,0.023,0.023,-1,Echolocation,/mnt/ubna_data_02_mir/recover-20220922/UBNA_001/20220921_090000.WAV,Telephone Field,recover-20220922,001,1795
1753.5115,1753.519,27187,36584,Eptesicus serotinus,0.008,0.024,-1,Echolocation,/mnt/ubna_data_02_mir/recover-20220922/UBNA_001/20220921_090000.WAV,Telephone Field,recover-20220922,001,1795
1753.6245,1753.6366,22031,26281,Nyctalus leisleri,0.013,0.024,-1,Echolocation,/mnt/ubna_data_02_mir/recover-20220922/UBNA_001/20220921_090000.WAV,Telephone Field,recover-20220922,001,1795
1753.6385,1753.6782,68437,82387,Rhinolophus ferrumequinum,0.021,0.021,-1,Echolocation,/mnt/ubna_data_02_mir/recover-20220922/UBNA_001/20220921_090000.WAV,Telephone Field,recover-20220922,001,1795
1753.6605,1753.6986,68437,81858,Rhinolophus ferrumequinum,0.024,0.024,-1,Echolocation,/mnt/ubna_data_02_mir/recover-20220922/UBNA_001/20220921_090000.WAV,Telephone Field,recover-20220922,001,1795
1753.6795,1753.6863,48671,52787,Pipistrellus pipistrellus,0.02,0.021,-1,Echolocation,/mnt/ubna_data_02_mir/recover-20220922/UBNA_001/20220921_090000.WAV,Telephone Field,recover-20220922,001,1795
1753.7005,1753.7407,68437,82516,Rhinolophus ferrumequinum,0.024,0.024,-1,Echolocation,/mnt/ubna_data_02_mir/recover-20220922/UBNA_001/20220921_090000.WAV,Telephone Field,recover-20220922,001,1795
1753.7215,1753.7606,68437,82890,Rhinolophus ferrumequinum,0.024,0.024,-1,Echolocation,/mnt/ubna_data_02_mir/recover-20220922/UBNA_001/20220921_090000.WAV,Telephone Field,recover-20220922,001,1795
1753.7575,1753.7655,28046,41335,Eptesicus serotinus,0.008,0.025,-1,Echolocation,/mnt/ubna_data_02_mir/recover-20220922/UBNA_001/20220921_090000.WAV,Telephone Field,recover-20220922,001,1795
1753.7865,1753.7949,28046,38353,Eptesicus serotinus,0.009,0.025,-1,Echolocation,/mnt/ubna_data_02_mir/recover-20220922/UBNA_001/20220921_090000.WAV,Telephone Field,recover-20220922,001,1795
1753.8405,1753.8498,23750,31183,Plecotus austriacus,0.009,0.028,-1,Echolocation,/mnt/ubna_data_02_mir/recover-20220922/UBNA_001/20220921_090000.WAV,Telephone Field,recover-20220922,001,1795
1753.9315,1753.9728,68437,81995,Rhinolophus ferrumequinum,0.025,0.025,-1,Echolocation,/mnt/ubna_data_02_mir/recover-20220922/UBNA_001/20220921_090000.WAV,Telephone Field,recover-20220922,001,1795
1753.9435,1753.9534,23750,30357,Nyctalus leisleri,0.008,0.023,-1,Echolocation,/mnt/ubna_data_02_mir/recover-20220922/UBNA_001/20220921_090000.WAV,Telephone Field,recover-20220922,001,1795
1753.9835,1753.9927,28906,42538,Eptesicus serotinus,0.009,0.023,-1,Echolocation,/mnt/ubna_data_02_mir/recover-20220922/UBNA_001/20220921_090000.WAV,Telephone Field,recover-20220922,001,1795
1754.0015,1754.0106,21171,26555,Nyctalus leisleri,0.014,0.036,-1,Echolocation,/mnt/ubna_data_02_mir/recover-20220922/UBNA_001/20220921_090000.WAV,Telephone Field,recover-20220922,001,1795
1754.0015,1754.037,69296,81377,Rhinolophus ferrumequinum,0.035,0.035,-1,Echolocation,/mnt/ubna_data_02_mir/recover-20220922/UBNA_001/20220921_090000.WAV,Telephone Field,recover-20220922,001,1795
1754.0175,1754.0585,68437,82038,Rhinolophus ferrumequinum,0.023,0.023,-1,Echolocation,/mnt/ubna_data_02_mir/recover-20220922/UBNA_001/20220921_090000.WAV,Telephone Field,recover-20220922,001,1795
1754.0485,1754.0598,25468,32640,Eptesicus serotinus,0.014,0.032,-1,Echolocation,/mnt/ubna_data_02_mir/recover-20220922/UBNA_001/20220921_090000.WAV,Telephone Field,recover-20220922,001,1795
1754.0975,1754.1407,68437,83194,Rhinolophus ferrumequinum,0.035,0.036,-1,Echolocation,/mnt/ubna_data_02_mir/recover-20220922/UBNA_001/20220921_090000.WAV,Telephone Field,recover-20220922,001,1795
1754.1195,1754.155,68437,81907,Rhinolophus ferrumequinum,0.024,0.024,-1,Echolocation,/mnt/ubna_data_02_mir/recover-20220922/UBNA_001/20220921_090000.WAV,Telephone Field,recover-20220922,001,1795
1754.1285,1754.139,23750,28764,Nyctalus leisleri,0.011,0.025,-1,Echolocation,/mnt/ubna_data_02_mir/recover-20220922/UBNA_001/20220921_090000.WAV,Telephone Field,recover-20220922,001,1795
1754.1355,1754.1715,68437,81977,Rhinolophus ferrumequinum,0.026,0.026,-1,Echolocation,/mnt/ubna_data_02_mir/recover-20220922/UBNA_001/20220921_090000.WAV,Telephone Field,recover-20220922,001,1795
1754.1505,1754.1866,68437,81316,Rhinolophus ferrumequinum,0.029,0.029,-1,Echolocation,/mnt/ubna_data_02_mir/recover-20220922/UBNA_001/20220921_090000.WAV,Telephone Field,recover-20220922,001,1795
1754.1685,1754.2032,68437,81260,Rhinolophus ferrumequinum,0.023,0.023,-1,Echolocation,/mnt/ubna_data_02_mir/recover-20220922/UBNA_001/20220921_090000.WAV,Telephone Field,recover-20220922,001,1795
1754.1715,1754.1819,22890,28979,Nyctalus leisleri,0.01,0.024,-1,Echolocation,/mnt/ubna_data_02_mir/recover-20220922/UBNA_001/20220921_090000.WAV,Telephone Field,recover-20220922,001,1795
1754.1895,1754.225,68437,81797,Rhinolophus ferrumequinum,0.022,0.022,-1,Echolocation,/mnt/ubna_data_02_mir/recover-20220922/UBNA_001/20220921_090000.WAV,Telephone Field,recover-20220922,001,1795
1754.2185,1754.2593,68437,82524,Rhinolophus ferrumequinum,0.027,0.027,-1,Echolocation,/mnt/ubna_data_02_mir/recover-20220922/UBNA_001/20220921_090000.WAV,Telephone Field,recover-20220922,001,1795
1754.2215,1754.2318,22890,28473,Nyctalus leisleri,0.012,0.025,-1,Echolocation,/mnt/ubna_data_02_mir/recover-20220922/UBNA_001/20220921_090000.WAV,Telephone Field,recover-20220922,001,1795
1754.2695,1754.3101,68437,82515,Rhinolophus ferrumequinum,0.027,0.027,-1,Echolocation,/mnt/ubna_data_02_mir/recover-20220922/UBNA_001/20220921_090000.WAV,Telephone Field,recover-20220922,001,1795
1754.3395,1754.3479,28906,42544,Eptesicus serotinus,0.01,0.029,-1,Echolocation,/mnt/ubna_data_02_mir/recover-20220922/UBNA_001/20220921_090000.WAV,Telephone Field,recover-20220922,001,1795
1754.3565,1754.3961,68437,82084,Rhinolophus ferrumequinum,0.026,0.026,-1,Echolocation,/mnt/ubna_data_02_mir/recover-20220922/UBNA_001/20220921_090000.WAV,Telephone Field,recover-20220922,001,1795
1754.3695,1754.3818,23750,29556,Nyctalus leisleri,0.016,0.036,-1,Echolocation,/mnt/ubna_data_02_mir/recover-20220922/UBNA_001/20220921_090000.WAV,Telephone Field,recover-20220922,001,1795
1754.3755,1754.4185,68437,83212,Rhinolophus ferrumequinum,0.03,0.03,-1,Echolocation,/mnt/ubna_data_02_mir/recover-20220922/UBNA_001/20220921_090000.WAV,Telephone Field,recover-20220922,001,1795
1754.4015,1754.4413,68437,82685,Rhinolophus ferrumequinum,0.038,0.038,-1,Echolocation,/mnt/ubna_data_02_mir/recover-20220922/UBNA_001/20220921_090000.WAV,Telephone Field,recover-20220922,001,1795
1754.4515,1754.4594,28046,38385,Eptesicus serotinus,0.006,0.022,-1,Echolocation,/mnt/ubna_data_02_mir/recover-20220922/UBNA_001/20220921_090000.WAV,Telephone Field,recover-20220922,001,1795
1754.4715,1754.5072,68437,81437,Rhinolophus ferrumequinum,0.027,0.027,-1,Echolocation,/mnt/ubna_data_02_mir/recover-20220922/UBNA_001/20220921_090000.WAV,Telephone Field,recover-20220922,001,1795
1754.4945,1754.5338,68437,82649,Rhinolophus ferrumequinum,0.028,0.028,-1,Echolocation,/mnt/ubna_data_02_mir/recover-20220922/UBNA_001/20220921_090000.WAV,Telephone Field,recover-20220922,001,1795
1754.4955,1754.5046,28906,39183,Eptesicus serotinus,0.01,0.025,-1,Echolocation,/mnt/ubna_data_02_mir/recover-20220922/UBNA_001/20220921_090000.WAV,Telephone Field,recover-20220922,001,1795
1754.5295,1754.5715,68437,82563,Rhinolophus ferrumequinum,0.03,0.03,-1,Echolocation,/mnt/ubna_data_02_mir/recover-20220922/UBNA_001/20220921_090000.WAV,Telephone Field,recover-20220922,001,1795
1754.5585,1754.5945,68437,81615,Rhinolophus ferrumequinum,0.022,0.022,-1,Echolocation,/mnt/ubna_data_02_mir/recover-20220922/UBNA_001/20220921_090000.WAV,Telephone Field,recover-20220922,001,1795
1754.5725,1754.5855,14296,19257,Nyctalus noctula,0.02,0.035,-1,Echolocation,/mnt/ubna_data_02_mir/recover-20220922/UBNA_001/20220921_090000.WAV,Telephone Field,recover-20220922,001,1795
1754.5765,1754.6158,68437,82422,Rhinolophus ferrumequinum,0.03,0.03,-1,Echolocation,/mnt/ubna_data_02_mir/recover-20220922/UBNA_001/20220921_090000.WAV,Telephone Field,recover-20220922,001,1795
1754.5795,1754.5872,28906,39439,Eptesicus serotinus,0.007,0.022,-1,Echolocation,/mnt/ubna_data_02_mir/recover-20220922/UBNA_001/20220921_090000.WAV,Telephone Field,recover-20220922,001,1795
1754.6065,1754.6423,68437,81730,Rhinolophus ferrumequinum,0.023,0.023,-1,Echolocation,/mnt/ubna_data_02_mir/recover-20220922/UBNA_001/20220921_090000.WAV,Telephone Field,recover-20220922,001,1795
1754.6195,1754.6605,68437,82748,Rhinolophus ferrumequinum,0.028,0.028,-1,Echolocation,/mnt/ubna_data_02_mir/recover-20220922/UBNA_001/20220921_090000.WAV,Telephone Field,recover-20220922,001,1795
1754.6235,1754.6339,23750,30093,Nyctalus leisleri,0.008,0.022,-1,Echolocation,/mnt/ubna_data_02_mir/recover-20220922/UBNA_001/20220921_090000.WAV,Telephone Field,recover-20220922,001,1795
1754.6275,1754.6669,68437,82830,Rhinolophus ferrumequinum,0.025,0.025,-1,Echolocation,/mnt/ubna_data_02_mir/recover-20220922/UBNA_001/20220921_090000.WAV,Telephone Field,recover-20220922,001,1795
1754.6485,1754.6847,68437,82172,Rhinolophus ferrumequinum,0.023,0.023,-1,Echolocation,/mnt/ubna_data_02_mir/recover-20220922/UBNA_001/20220921_090000.WAV,Telephone Field,recover-20220922,001,1795
1754.6875,1754.7257,68437,81803,Rhinolophus ferrumequinum,0.022,0.022,-1,Echolocation,/mnt/ubna_data_02_mir/recover-20220922/UBNA_001/20220921_090000.WAV,Telephone Field,recover-20220922,001,1795
1754.6955,1754.735,68437,82203,Rhinolophus ferrumequinum,0.023,0.023,-1,Echolocation,/mnt/ubna_data_02_mir/recover-20220922/UBNA_001/20220921_090000.WAV,Telephone Field,recover-20220922,001,1795
1754.6985,1754.7073,29765,38983,Eptesicus serotinus,0.011,0.028,-1,Echolocation,/mnt/ubna_data_02_mir/recover-20220922/UBNA_001/20220921_090000.WAV,Telephone Field,recover-20220922,001,1795
1754.7075,1754.7435,68437,81967,Rhinolophus ferrumequinum,0.025,0.025,-1,Echolocation,/mnt/ubna_data_02_mir/recover-20220922/UBNA_001/20220921_090000.WAV,Telephone Field,recover-20220922,001,1795
1754.7155,1754.7525,68437,81732,Rhinolophus ferrumequinum,0.023,0.023,-1,Echolocation,/mnt/ubna_data_02_mir/recover-20220922/UBNA_001/20220921_090000.WAV,Telephone Field,recover-20220922,001,1795
1754.7345,1754.7732,68437,82158,Rhinolophus ferrumequinum,0.024,0.024,-1,Echolocation,/mnt/ubna_data_02_mir/recover-20220922/UBNA_001/20220921_090000.WAV,Telephone Field,recover-20220922,001,1795
1754.7375,1754.7447,28906,41304,Eptesicus serotinus,0.007,0.024,-1,Echolocation,/mnt/ubna_data_02_mir/recover-20220922/UBNA_001/20220921_090000.WAV,Telephone Field,recover-20220922,001,1795
1754.7625,1754.8062,68437,83245,Rhinolophus ferrumequinum,0.04,0.04,-1,Echolocation,/mnt/ubna_data_02_mir/recover-20220922/UBNA_001/20220921_090000.WAV,Telephone Field,recover-20220922,001,1795
1754.7905,1754.8214,68437,79681,Rhinolophus ferrumequinum,0.034,0.034,-1,Echolocation,/mnt/ubna_data_02_mir/recover-20220922/UBNA_001/20220921_090000.WAV,Telephone Field,recover-20220922,001,1795
1754.7905,1754.7984,28046,38301,Eptesicus serotinus,0.009,0.025,-1,Echolocation,/mnt/ubna_data_02_mir/recover-20220922/UBNA_001/20220921_090000.WAV,Telephone Field,recover-20220922,001,1795
1754.8045,1754.8408,68437,81827,Rhinolophus ferrumequinum,0.025,0.025,-1,Echolocation,/mnt/ubna_data_02_mir/recover-20220922/UBNA_001/20220921_090000.WAV,Telephone Field,recover-20220922,001,1795
1754.8075,1754.8182,22890,28652,Nyctalus leisleri,0.012,0.028,-1,Echolocation,/mnt/ubna_data_02_mir/recover-20220922/UBNA_001/20220921_090000.WAV,Telephone Field,recover-20220922,001,1795
1754.8655,1754.8762,23750,30186,Nyctalus leisleri,0.008,0.022,-1,Echolocation,/mnt/ubna_data_02_mir/recover-20220922/UBNA_001/20220921_090000.WAV,Telephone Field,recover-20220922,001,1795
1754.8945,1754.9314,68437,82002,Rhinolophus ferrumequinum,0.024,0.024,-1,Echolocation,/mnt/ubna_data_02_mir/recover-20220922/UBNA_001/20220921_090000.WAV,Telephone Field,recover-20220922,001,1795
1754.9105,1754.9542,68437,83095,Rhinolophus ferrumequinum,0.044,0.044,-1,Echolocation,/mnt/ubna_data_02_mir/recover-20220922/UBNA_001/20220921_090000.WAV,Telephone Field,recover-20220922,001,1795
1754.9155,1754.9585,68437,82583,Rhinolophus ferrumequinum,0.042,0.042,-1,Echolocation,/mnt/ubna_data_02_mir/recover-20220922/UBNA_001/20220921_090000.WAV,Telephone Field,recover-20220922,001,1795
1754.9235,1754.9326,28046,37482,Eptesicus serotinus,0.011,0.028,-1,Echolocation,/mnt/ubna_data_02_mir/recover-20220922/UBNA_001/20220921_090000.WAV,Telephone Field,recover-20220922,001,1795
1754.9785,1754.9875,28046,38877,Eptesicus serotinus,0.009,0.025,-1,Echolocation,/mnt/ubna_data_02_mir/recover-20220922/UBNA_001/20220921_090000.WAV,Telephone Field,recover-20220922,001,1795
1754.9985,1755.0385,68437,82832,Rhinolophus ferrumequinum,0.029,0.029,-1,Echolocation,/mnt/ubna_data_02_mir/recover-20220922/UBNA_001/20220921_090000.WAV,Telephone Field,recover-20220922,001,1795
1755.0075,1755.0486,68437,82392,Rhinolophus ferrumequinum,0.029,0.029,-1,Echolocation,/mnt/ubna_data_02_mir/recover-20220922/UBNA_001/20220921_090000.WAV,Telephone Field,recover-20220922,001,1795
1755.0385,1755.0769,68437,82041,Rhinolophus ferrumequinum,0.026,0.026,-1,Echolocation,/mnt/ubna_data_02_mir/recover-20220922/UBNA_001/20220921_090000.WAV,Telephone Field,recover-20220922,001,1795
1755.0445,1755.0528,28046,39978,Eptesicus serotinus,0.008,0.022,-1,Echolocation,/mnt/ubna_data_02_mir/recover-20220922/UBNA_001/20220921_090000.WAV,Telephone Field,recover-20220922,001,1795
1755.0565,1755.0941,68437,82248,Rhinolophus ferrumequinum,0.028,0.028,-1,Echolocation,/mnt/ubna_data_02_mir/recover-20220922/UBNA_001/20220921_090000.WAV,Telephone Field,recover-20220922,001,1795
1755.1085,1755.1442,68437,81620,Rhinolophus ferrumequinum,0.023,0.023,-1,Echolocation,/mnt/ubna_data_02_mir/recover-20220922/UBNA_001/20220921_090000.WAV,Telephone Field,recover-20220922,001,1795
1755.1185,1755.1568,68437,81968,Rhinolophus ferrumequinum,0.025,0.025,-1,Echolocation,/mnt/ubna_data_02_mir/recover-20220922/UBNA_001/20220921_090000.WAV,Telephone Field,recover-20220922,001,1795
1755.1315,1755.142,28906,35621,Eptesicus serotinus,0.013,0.026,-1,Echolocation,/mnt/ubna_data_02_mir/recover-20220922/UBNA_001/20220921_090000.WAV,Telephone Field,recover-20220922,001,1795
1755.1415,1755.1793,68437,81369,Rhinolophus ferrumequinum,0.023,0.023,-1,Echolocation,/mnt/ubna_data_02_mir/recover-20220922/UBNA_001/20220921_090000.WAV,Telephone Field,recover-20220922,001,1795
1755.1695,1755.2101,68437,82955,Rhinolophus ferrumequinum,0.026,0.027,-1,Echolocation,/mnt/ubna_data_02_mir/recover-20220922/UBNA_001/20220921_090000.WAV,Telephone Field,recover-20220922,001,1795
1755.1905,1755.2039,28046,34127,Eptesicus serotinus,0.024,0.04,-1,Echolocation,/mnt/ubna_data_02_mir/recover-20220922/UBNA_001/20220921_090000.WAV,Telephone Field,recover-20220922,001,1795
1755.1925,1755.2293,68437,81618,Rhinolophus ferrumequinum,0.022,0.022,-1,Echolocation,/mnt/ubna_data_02_mir/recover-20220922/UBNA_001/20220921_090000.WAV,Telephone Field,recover-20220922,001,1795
1755.2145,1755.2551,68437,82880,Rhinolophus ferrumequinum,0.033,0.033,-1,Echolocation,/mnt/ubna_data_02_mir/recover-20220922/UBNA_001/20220921_090000.WAV,Telephone Field,recover-20220922,001,1795
1755.2185,1755.2331,56406,61693,Pipistrellus pygmaeus,0.026,0.028,-1,Echolocation,/mnt/ubna_data_02_mir/recover-20220922/UBNA_001/20220921_090000.WAV,Telephone Field,recover-20220922,001,1795
1755.2875,1755.3257,68437,82297,Rhinolophus ferrumequinum,0.024,0.024,-1,Echolocation,/mnt/ubna_data_02_mir/recover-20220922/UBNA_001/20220921_090000.WAV,Telephone Field,recover-20220922,001,1795
1755.3155,1755.3587,68437,83437,Rhinolophus ferrumequinum,0.031,0.031,-1,Echolocation,/mnt/ubna_data_02_mir/recover-20220922/UBNA_001/20220921_090000.WAV,Telephone Field,recover-20220922,001,1795
1755.3455,1755.3557,22031,27039,Nyctalus leisleri,0.01,0.024,-1,Echolocation,/mnt/ubna_data_02_mir/recover-20220922/UBNA_001/20220921_090000.WAV,Telephone Field,recover-20220922,001,1795
1755.3475,1755.3557,28046,39849,Eptesicus serotinus,0.008,0.022,-1,Echolocation,/mnt/ubna_data_02_mir/recover-20220922/UBNA_001/20220921_090000.WAV,Telephone Field,recover-20220922,001,1795
1755.3525,1755.3958,68437,83587,Rhinolophus ferrumequinum,0.053,0.053,-1,Echolocation,/mnt/ubna_data_02_mir/recover-20220922/UBNA_001/20220921_090000.WAV,Telephone Field,recover-20220922,001,1795
1755.3775,1755.3979,22031,26147,Nyctalus leisleri,0.023,0.046,-1,Echolocation,/mnt/ubna_data_02_mir/recover-20220922/UBNA_001/20220921_090000.WAV,Telephone Field,recover-20220922,001,1795
1755.4185,1755.4595,68437,83113,Rhinolophus ferrumequinum,0.03,0.03,-1,Echolocation,/mnt/ubna_data_02_mir/recover-20220922/UBNA_001/20220921_090000.WAV,Telephone Field,recover-20220922,001,1795
1755.4345,1755.474,68437,82308,Rhinolophus ferrumequinum,0.031,0.031,-1,Echolocation,/mnt/ubna_data_02_mir/recover-20220922/UBNA_001/20220921_090000.WAV,Telephone Field,recover-20220922,001,1795
1755.4345,1755.4451,22890,28732,Nyctalus leisleri,0.013,0.034,-1,Echolocation,/mnt/ubna_data_02_mir/recover-20220922/UBNA_001/20220921_090000.WAV,Telephone Field,recover-20220922,001,1795
1755.4485,1755.4592,28906,38780,Eptesicus serotinus,0.014,0.026,-1,Echolocation,/mnt/ubna_data_02_mir/recover-20220922/UBNA_001/20220921_090000.WAV,Telephone Field,recover-20220922,001,1795
1755.4505,1755.4899,68437,81704,Rhinolophus ferrumequinum,0.023,0.023,-1,Echolocation,/mnt/ubna_data_02_mir/recover-20220922/UBNA_001/20220921_090000.WAV,Telephone Field,recover-20220922,001,1795
1755.4855,1755.5281,68437,82824,Rhinolophus ferrumequinum,0.03,0.03,-1,Echolocation,/mnt/ubna_data_02_mir/recover-20220922/UBNA_001/20220921_090000.WAV,Telephone Field,recover-20220922,001,1795
1755.5035,1755.5413,68437,82424,Rhinolophus ferrumequinum,0.024,0.024,-1,Echolocation,/mnt/ubna_data_02_mir/recover-20220922/UBNA_001/20220921_090000.WAV,Telephone Field,recover-20220922,001,1795
1755.5145,1755.5515,68437,81591,Rhinolophus ferrumequinum,0.025,0.025,-1,Echolocation,/mnt/ubna_data_02_mir/recover-20220922/UBNA_001/20220921_090000.WAV,Telephone Field,recover-20220922,001,1795
1755.5305,1755.5681,68437,82189,Rhinolophus ferrumequinum,0.024,0.024,-1,Echolocation,/mnt/ubna_data_02_mir/recover-20220922/UBNA_001/20220921_090000.WAV,Telephone Field,recover-20220922,001,1795
1755.5605,1755.5703,23750,31121,Nyctalus leisleri,0.008,0.025,-1,Echolocation,/mnt/ubna_data_02_mir/recover-20220922/UBNA_001/20220921_090000.WAV,Telephone Field,recover-20220922,001,1795
1755.5835,1755.6199,68437,82272,Rhinolophus ferrumequinum,0.026,0.026,-1,Echolocation,/mnt/ubna_data_02_mir/recover-20220922/UBNA_001/20220921_090000.WAV,Telephone Field,recover-20220922,001,1795
1755.6005,1755.6384,68437,81730,Rhinolophus ferrumequinum,0.025,0.025,-1,Echolocation,/mnt/ubna_data_02_mir/recover-20220922/UBNA_001/20220921_090000.WAV,Telephone Field,recover-20220922,001,1795
1755.6435,1755.6803,68437,81745,Rhinolophus ferrumequinum,0.022,0.022,-1,Echolocation,/mnt/ubna_data_02_mir/recover-20220922/UBNA_001/20220921_090000.WAV,Telephone Field,recover-20220922,001,1795
1755.6445,1755.6561,28046,35072,Eptesicus serotinus,0.019,0.034,-1,Echolocation,/mnt/ubna_data_02_mir/recover-20220922/UBNA_001/20220921_090000.WAV,Telephone Field,recover-20220922,001,1795
1755.6595,1755.697,68437,81557,Rhinolophus ferrumequinum,0.023,0.023,-1,Echolocation,/mnt/ubna_data_02_mir/recover-20220922/UBNA_001/20220921_090000.WAV,Telephone Field,recover-20220922,001,1795
1755.6705,1755.7087,68437,81626,Rhinolophus ferrumequinum,0.023,0.024,-1,Echolocation,/mnt/ubna_data_02_mir/recover-20220922/UBNA_001/20220921_090000.WAV,Telephone Field,recover-20220922,001,1795
1755.6785,1755.7151,68437,81634,Rhinolophus ferrumequinum,0.023,0.023,-1,Echolocation,/mnt/ubna_data_02_mir/recover-20220922/UBNA_001/20220921_090000.WAV,Telephone Field,recover-20220922,001,1795
1755.6795,1755.6874,28906,42109,Eptesicus serotinus,0.007,0.023,-1,Echolocation,/mnt/ubna_data_02_mir/recover-20220922/UBNA_001/20220921_090000.WAV,Telephone Field,recover-20220922,001,1795
1755.6805,1755.6876,33203,42036,Myotis daubentonii,0.009,0.023,-1,Echolocation,/mnt/ubna_data_02_mir/recover-20220922/UBNA_001/20220921_090000.WAV,Telephone Field,recover-20220922,001,1795
1755.7045,1755.7457,68437,83059,Rhinolophus ferrumequinum,0.032,0.032,-1,Echolocation,/mnt/ubna_data_02_mir/recover-20220922/UBNA_001/20220921_090000.WAV,Telephone Field,recover-20220922,001,1795
1755.7065,1755.7193,22890,27033,Nyctalus leisleri,0.015,0.026,-1,Echolocation,/mnt/ubna_data_02_mir/recover-20220922/UBNA_001/20220921_090000.WAV,Telephone Field,recover-20220922,001,1795
1755.7265,1755.7393,22890,27749,Nyctalus leisleri,0.015,0.028,-1,Echolocation,/mnt/ubna_data_02_mir/recover-20220922/UBNA_001/20220921_090000.WAV,Telephone Field,recover-20220922,001,1795
1755.7265,1755.7676,68437,82642,Rhinolophus ferrumequinum,0.025,0.025,-1,Echolocation,/mnt/ubna_data_02_mir/recover-20220922/UBNA_001/20220921_090000.WAV,Telephone Field,recover-20220922,001,1795
1755.7575,1755.7957,68437,82162,Rhinolophus ferrumequinum,0.025,0.025,-1,Echolocation,/mnt/ubna_data_02_mir/recover-20220922/UBNA_001/20220921_090000.WAV,Telephone Field,recover-20220922,001,1795
1755.7745,1755.8128,68437,81941,Rhinolophus ferrumequinum,0.025,0.025,-1,Echolocation,/mnt/ubna_data_02_mir/recover-20220922/UBNA_001/20220921_090000.WAV,Telephone Field,recover-20220922,001,1795
1755.7885,1755.8272,68437,82172,Rhinolophus ferrumequinum,0.034,0.034,-1,Echolocation,/mnt/ubna_data_02_mir/recover-20220922/UBNA_001/20220921_090000.WAV,Telephone Field,recover-20220922,001,1795
1755.8145,1755.8221,24609,34603,Plecotus auritus,0.01,0.033,-1,Echolocation,/mnt/ubna_data_02_mir/recover-20220922/UBNA_001/20220921_090000.WAV,Telephone Field,recover-20220922,001,1795
1755.8285,1755.8651,68437,81475,Rhinolophus ferrumequinum,0.025,0.025,-1,Echolocation,/mnt/ubna_data_02_mir/recover-20220922/UBNA_001/20220921_090000.WAV,Telephone Field,recover-20220922,001,1795
1755.8535,1755.8935,68437,82257,Rhinolophus ferrumequinum,0.022,0.022,-1,Echolocation,/mnt/ubna_data_02_mir/recover-20220922/UBNA_001/20220921_090000.WAV,Telephone Field,recover-20220922,001,1795
1755.8745,1755.9139,68437,81950,Rhinolophus ferrumequinum,0.022,0.022,-1,Echolocation,/mnt/ubna_data_02_mir/recover-20220922/UBNA_001/20220921_090000.WAV,Telephone Field,recover-20220922,001,1795
1755.8875,1755.9292,68437,82642,Rhinolophus ferrumequinum,0.023,0.023,-1,Echolocation,/mnt/ubna_data_02_mir/recover-20220922/UBNA_001/20220921_090000.WAV,Telephone Field,recover-20220922,001,1795
1755.9015,1755.9091,26328,35233,Eptesicus serotinus,0.008,0.024,-1,Echolocation,/mnt/ubna_data_02_mir/recover-20220922/UBNA_001/20220921_090000.WAV,Telephone Field,recover-20220922,001,1795
1755.9025,1755.9077,13437,36029,Plecotus auritus,0.034,0.036,-1,Echolocation,/mnt/ubna_data_02_mir/recover-20220922/UBNA_001/20220921_090000.WAV,Telephone Field,recover-20220922,001,1795
1755.9295,1755.9736,68437,82915,Rhinolophus ferrumequinum,0.068,0.068,-1,Echolocation,/mnt/ubna_data_02_mir/recover-20220922/UBNA_001/20220921_090000.WAV,Telephone Field,recover-20220922,001,1795
1755.9345,1755.9448,22031,27822,Nyctalus leisleri,0.01,0.026,-1,Echolocation,/mnt/ubna_data_02_mir/recover-20220922/UBNA_001/20220921_090000.WAV,Telephone Field,recover-20220922,001,1795
1755.9445,1755.9812,68437,80917,Rhinolophus ferrumequinum,0.023,0.023,-1,Echolocation,/mnt/ubna_data_02_mir/recover-20220922/UBNA_001/20220921_090000.WAV,Telephone Field,recover-20220922,001,1795
1755.9535,1755.9934,68437,82046,Rhinolophus ferrumequinum,0.026,0.026,-1,Echolocation,/mnt/ubna_data_02_mir/recover-20220922/UBNA_001/20220921_090000.WAV,Telephone Field,recover-20220922,001,1795
1755.9565,1755.9654,28906,37890,Eptesicus serotinus,0.011,0.027,-1,Echolocation,/mnt/ubna_data_02_mir/recover-20220922/UBNA_001/20220921_090000.WAV,Telephone Field,recover-20220922,001,1795
1756.0015,1756.0368,68437,80331,Rhinolophus ferrumequinum,0.048,0.048,-1,Echolocation,/mnt/ubna_data_02_mir/recover-20220922/UBNA_001/20220921_090000.WAV,Telephone Field,recover-20220922,001,1795
1756.0015,1756.0113,27187,36376,Nyctalus leisleri,0.009,0.03,-1,Echolocation,/mnt/ubna_data_02_mir/recover-20220922/UBNA_001/20220921_090000.WAV,Telephone Field,recover-20220922,001,1795
1756.0105,1756.0535,68437,83386,Rhinolophus ferrumequinum,0.025,0.025,-1,Echolocation,/mnt/ubna_data_02_mir/recover-20220922/UBNA_001/20220921_090000.WAV,Telephone Field,recover-20220922,001,1795
1756.0495,1756.0598,22031,27011,Nyctalus leisleri,0.01,0.022,-1,Echolocation,/mnt/ubna_data_02_mir/recover-20220922/UBNA_001/20220921_090000.WAV,Telephone Field,recover-20220922,001,1795
1756.0505,1756.087,68437,82260,Rhinolophus ferrumequinum,0.029,0.029,-1,Echolocation,/mnt/ubna_data_02_mir/recover-20220922/UBNA_001/20220921_090000.WAV,Telephone Field,recover-20220922,001,1795
1756.0765,1756.1162,68437,82599,Rhinolophus ferrumequinum,0.023,0.023,-1,Echolocation,/mnt/ubna_data_02_mir/recover-20220922/UBNA_001/20220921_090000.WAV,Telephone Field,recover-20220922,001,1795
1756.0795,1756.087,28046,37782,Eptesicus serotinus,0.008,0.022,-1,Echolocation,/mnt/ubna_data_02_mir/recover-20220922/UBNA_001/20220921_090000.WAV,Telephone Field,recover-20220922,001,1795
1756.1005,1756.1404,68437,82562,Rhinolophus ferrumequinum,0.022,0.022,-1,Echolocation,/mnt/ubna_data_02_mir/recover-20220922/UBNA_001/20220921_090000.WAV,Telephone Field,recover-20220922,001,1795
1756.1135,1756.1244,23750,29335,Nyctalus leisleri,0.01,0.023,-1,Echolocation,/mnt/ubna_data_02_mir/recover-20220922/UBNA_001/20220921_090000.WAV,Telephone Field,recover-20220922,001,1795
1756.1345,1756.1766,68437,82508,Rhinolophus ferrumequinum,0.023,0.023,-1,Echolocation,/mnt/ubna_data_02_mir/recover-20220922/UBNA_001/20220921_090000.WAV,Telephone Field,recover-20220922,001,1795
1756.1585,1756.1991,68437,82218,Rhinolophus ferrumequinum,0.022,0.022,-1,Echolocation,/mnt/ubna_data_02_mir/recover-20220922/UBNA_001/20220921_090000.WAV,Telephone Field,recover-20220922,001,1795
1756.1895,1756.1978,50390,55637,Pipistrellus pipistrellus,0.024,0.026,-1,Echolocation,/mnt/ubna_data_02_mir/recover-20220922/UBNA_001/20220921_090000.WAV,Telephone Field,recover-20220922,001,1795
1756.1995,1756.2072,27187,39714,Eptesicus serotinus,0.007,0.022,-1,Echolocation,/mnt/ubna_data_02_mir/recover-20220922/UBNA_001/20220921_090000.WAV,Telephone Field,recover-20220922,001,1795
1756.2415,1756.2795,68437,82423,Rhinolophus ferrumequinum,0.022,0.022,-1,Echolocation,/mnt/ubna_data_02_mir/recover-20220922/UBNA_001/20220921_090000.WAV,Telephone Field,recover-20220922,001,1795
1756.2545,1756.2645,44375,47669,Pipistrellus pipistrellus,0.022,0.024,-1,Echolocation,/mnt/ubna_data_02_mir/recover-20220922/UBNA_001/20220921_090000.WAV,Telephone Field,recover-20220922,001,1795
1756.2775,1756.3144,68437,82239,Rhinolophus ferrumequinum,0.022,0.022,-1,Echolocation,/mnt/ubna_data_02_mir/recover-20220922/UBNA_001/20220921_090000.WAV,Telephone Field,recover-20220922,001,1795
1756.2895,1756.2975,28906,38660,Eptesicus serotinus,0.008,0.022,-1,Echolocation,/mnt/ubna_data_02_mir/recover-20220922/UBNA_001/20220921_090000.WAV,Telephone Field,recover-20220922,001,1795
1756.2905,1756.3252,68437,81740,Rhinolophus ferrumequinum,0.022,0.022,-1,Echolocation,/mnt/ubna_data_02_mir/recover-20220922/UBNA_001/20220921_090000.WAV,Telephone Field,recover-20220922,001,1795
1756.3175,1756.3586,68437,82740,Rhinolophus ferrumequinum,0.029,0.029,-1,Echolocation,/mnt/ubna_data_02_mir/recover-20220922/UBNA_001/20220921_090000.WAV,Telephone Field,recover-20220922,001,1795
1756.3795,1756.4211,68437,82563,Rhinolophus ferrumequinum,0.03,0.03,-1,Echolocation,/mnt/ubna_data_02_mir/recover-20220922/UBNA_001/20220921_090000.WAV,Telephone Field,recover-20220922,001,1795
1756.4025,1756.4408,68437,81025,Rhinolophus ferrumequinum,0.026,0.026,-1,Echolocation,/mnt/ubna_data_02_mir/recover-20220922/UBNA_001/20220921_090000.WAV,Telephone Field,recover-20220922,001,1795
1756.4225,1756.4615,68437,82145,Rhinolophus ferrumequinum,0.022,0.022,-1,Echolocation,/mnt/ubna_data_02_mir/recover-20220922/UBNA_001/20220921_090000.WAV,Telephone Field,recover-20220922,001,1795
1756.4495,1756.4572,48671,57226,Pipistrellus pipistrellus,0.023,0.028,-1,Echolocation,/mnt/ubna_data_02_mir/recover-20220922/UBNA_001/20220921_090000.WAV,Telephone Field,recover-20220922,001,1795
1756.5235,1756.5615,68437,81934,Rhinolophus ferrumequinum,0.022,0.022,-1,Echolocation,/mnt/ubna_data_02_mir/recover-20220922/UBNA_001/20220921_090000.WAV,Telephone Field,recover-20220922,001,1795
1756.5315,1756.5434,54687,58505,Pipistrellus pygmaeus,0.026,0.027,-1,Echolocation,/mnt/ubna_data_02_mir/recover-20220922/UBNA_001/20220921_090000.WAV,Telephone Field,recover-20220922,001,1795
1756.5485,1756.5877,68437,82761,Rhinolophus ferrumequinum,0.023,0.023,-1,Echolocation,/mnt/ubna_data_02_mir/recover-20220922/UBNA_001/20220921_090000.WAV,Telephone Field,recover-20220922,001,1795
1756.5755,1756.6119,68437,81427,Rhinolophus ferrumequinum,0.023,0.023,-1,Echolocation,/mnt/ubna_data_02_mir/recover-20220922/UBNA_001/20220921_090000.WAV,Telephone Field,recover-20220922,001,1795
1756.5835,1756.5924,25468,33623,Eptesicus serotinus,0.009,0.022,-1,Echolocation,/mnt/ubna_data_02_mir/recover-20220922/UBNA_001/20220921_090000.WAV,Telephone Field,recover-20220922,001,1795
1756.5845,1756.5914,14296,31153,Plecotus auritus,0.018,0.023,-1,Echolocation,/mnt/ubna_data_02_mir/recover-20220922/UBNA_001/20220921_090000.WAV,Telephone Field,recover-20220922,001,1795
1756.6055,1756.6476,68437,83143,Rhinolophus ferrumequinum,0.038,0.038,-1,Echolocation,/mnt/ubna_data_02_mir/recover-20220922/UBNA_001/20220921_090000.WAV,Telephone Field,recover-20220922,001,1795
1756.6255,1756.6363,22031,26602,Nyctalus leisleri,0.012,0.023,-1,Echolocation,/mnt/ubna_data_02_mir/recover-20220922/UBNA_001/20220921_090000.WAV,Telephone Field,recover-20220922,001,1795
1756.6395,1756.6781,68437,81956,Rhinolophus ferrumequinum,0.025,0.025,-1,Echolocation,/mnt/ubna_data_02_mir/recover-20220922/UBNA_001/20220921_090000.WAV,Telephone Field,recover-20220922,001,1795
1756.6575,1756.6684,28906,35786,Eptesicus serotinus,0.013,0.027,-1,Echolocation,/mnt/ubna_data_02_mir/recover-20220922/UBNA_001/20220921_090000.WAV,Telephone Field,recover-20220922,001,1795
1756.6735,1756.7105,68437,81604,Rhinolophus ferrumequinum,0.025,0.025,-1,Echolocation,/mnt/ubna_data_02_mir/recover-20220922/UBNA_001/20220921_090000.WAV,Telephone Field,recover-20220922,001,1795
1756.7065,1756.7424,68437,81532,Rhinolophus ferrumequinum,0.022,0.022,-1,Echolocation,/mnt/ubna_data_02_mir/recover-20220922/UBNA_001/20220921_090000.WAV,Telephone Field,recover-20220922,001,1795
1756.7345,1756.7453,24609,31329,Nyctalus leisleri,0.008,0.022,-1,Echolocation,/mnt/ubna_data_02_mir/recover-20220922/UBNA_001/20220921_090000.WAV,Telephone Field,recover-20220922,001,1795
1756.7405,1756.7749,68437,80476,Rhinolophus ferrumequinum,0.024,0.024,-1,Echolocation,/mnt/ubna_data_02_mir/recover-20220922/UBNA_001/20220921_090000.WAV,Telephone Field,recover-20220922,001,1795
1756.7585,1756.7964,68437,82178,Rhinolophus ferrumequinum,0.023,0.023,-1,Echolocation,/mnt/ubna_data_02_mir/recover-20220922/UBNA_001/20220921_090000.WAV,Telephone Field,recover-20220922,001,1795
1756.7605,1756.7706,28046,35715,Eptesicus serotinus,0.011,0.024,-1,Echolocation,/mnt/ubna_data_02_mir/recover-20220922/UBNA_001/20220921_090000.WAV,Telephone Field,recover-20220922,001,1795
1756.7715,1756.8113,68437,82591,Rhinolophus ferrumequinum,0.022,0.022,-1,Echolocation,/mnt/ubna_data_02_mir/recover-20220922/UBNA_001/20220921_090000.WAV,Telephone Field,recover-20220922,001,1795
1756.7825,1756.7929,24609,29965,Nyctalus leisleri,0.012,0.028,-1,Echolocation,/mnt/ubna_data_02_mir/recover-20220922/UBNA_001/20220921_090000.WAV,Telephone Field,recover-20220922,001,1795
1756.8095,1756.8473,68437,82362,Rhinolophus ferrumequinum,0.027,0.027,-1,Echolocation,/mnt/ubna_data_02_mir/recover-20220922/UBNA_001/20220921_090000.WAV,Telephone Field,recover-20220922,001,1795
1756.8365,1756.8748,68437,82380,Rhinolophus ferrumequinum,0.025,0.025,-1,Echolocation,/mnt/ubna_data_02_mir/recover-20220922/UBNA_001/20220921_090000.WAV,Telephone Field,recover-20220922,001,1795
1756.8395,1756.8524,15156,21711,Nyctalus noctula,0.025,0.035,-1,Echolocation,/mnt/ubna_data_02_mir/recover-20220922/UBNA_001/20220921_090000.WAV,Telephone Field,recover-20220922,001,1795
1756.8635,1756.9047,68437,82938,Rhinolophus ferrumequinum,0.03,0.031,-1,Echolocation,/mnt/ubna_data_02_mir/recover-20220922/UBNA_001/20220921_090000.WAV,Telephone Field,recover-20220922,001,1795
1756.9245,1756.9333,28046,35891,Eptesicus serotinus,0.08,0.128,-1,Echolocation,/mnt/ubna_data_02_mir/recover-20220922/UBNA_001/20220921_090000.WAV,Telephone Field,recover-20220922,001,1795
1756.9275,1756.9665,68437,81965,Rhinolophus ferrumequinum,0.022,0.022,-1,Echolocation,/mnt/ubna_data_02_mir/recover-20220922/UBNA_001/20220921_090000.WAV,Telephone Field,recover-20220922,001,1795
1756.9485,1756.9923,68437,83260,Rhinolophus ferrumequinum,0.032,0.032,-1,Echolocation,/mnt/ubna_data_02_mir/recover-20220922/UBNA_001/20220921_090000.WAV,Telephone Field,recover-20220922,001,1795
1756.9515,1756.9617,22890,28612,Nyctalus leisleri,0.009,0.022,-1,Echolocation,/mnt/ubna_data_02_mir/recover-20220922/UBNA_001/20220921_090000.WAV,Telephone Field,recover-20220922,001,1795
1756.9755,1757.0143,68437,82377,Rhinolophus ferrumequinum,0.025,0.025,-1,Echolocation,/mnt/ubna_data_02_mir/recover-20220922/UBNA_001/20220921_090000.WAV,Telephone Field,recover-20220922,001,1795
1757.0075,1757.0173,28906,37251,Eptesicus serotinus,0.013,0.027,-1,Echolocation,/mnt/ubna_data_02_mir/recover-20220922/UBNA_001/20220921_090000.WAV,Telephone Field,recover-20220922,001,1795
1757.0125,1757.02,23750,31927,Plecotus austriacus,0.009,0.023,-1,Echolocation,/mnt/ubna_data_02_mir/recover-20220922/UBNA_001/20220921_090000.WAV,Telephone Field,recover-20220922,001,1795
1757.0395,1757.0825,68437,83116,Rhinolophus ferrumequinum,0.046,0.046,-1,Echolocation,/mnt/ubna_data_02_mir/recover-20220922/UBNA_001/20220921_090000.WAV,Telephone Field,recover-20220922,001,1795
1757.0475,1757.0563,27187,36002,Eptesicus serotinus,0.012,0.026,-1,Echolocation,/mnt/ubna_data_02_mir/recover-20220922/UBNA_001/20220921_090000.WAV,Telephone Field,recover-20220922,001,1795
1757.0715,1757.0785,24609,34838,Plecotus austriacus,0.011,0.028,-1,Echolocation,/mnt/ubna_data_02_mir/recover-20220922/UBNA_001/20220921_090000.WAV,Telephone Field,recover-20220922,001,1795
1757.0925,1757.103,22031,27661,Nyctalus leisleri,0.009,0.023,-1,Echolocation,/mnt/ubna_data_02_mir/recover-20220922/UBNA_001/20220921_090000.WAV,Telephone Field,recover-20220922,001,1795
1757.0925,1757.1342,68437,82208,Rhinolophus ferrumequinum,0.025,0.025,-1,Echolocation,/mnt/ubna_data_02_mir/recover-20220922/UBNA_001/20220921_090000.WAV,Telephone Field,recover-20220922,001,1795
1757.1365,1757.172,68437,81030,Rhinolophus ferrumequinum,0.022,0.022,-1,Echolocation,/mnt/ubna_data_02_mir/recover-20220922/UBNA_001/20220921_090000.WAV,Telephone Field,recover-20220922,001,1795
1757.1725,1757.2125,68437,82191,Rhinolophus ferrumequinum,0.026,0.026,-1,Echolocation,/mnt/ubna_data_02_mir/recover-20220922/UBNA_001/20220921_090000.WAV,Telephone Field,recover-20220922,001,1795
1757.2005,1757.2378,68437,81791,Rhinolophus ferrumequinum,0.023,0.023,-1,Echolocation,/mnt/ubna_data_02_mir/recover-20220922/UBNA_001/20220921_090000.WAV,Telephone Field,recover-20220922,001,1795
1757.2565,1757.299,68437,83118,Rhinolophus ferrumequinum,0.027,0.027,-1,Echolocation,/mnt/ubna_data_02_mir/recover-20220922/UBNA_001/20220921_090000.WAV,Telephone Field,recover-20220922,001,1795
1757.2895,1757.327,68437,82007,Rhinolophus ferrumequinum,0.023,0.023,-1,Echolocation,/mnt/ubna_data_02_mir/recover-20220922/UBNA_001/20220921_090000.WAV,Telephone Field,recover-20220922,001,1795
1757.3035,1757.3447,68437,82631,Rhinolophus ferrumequinum,0.024,0.024,-1,Echolocation,/mnt/ubna_data_02_mir/recover-20220922/UBNA_001/20220921_090000.WAV,Telephone Field,recover-20220922,001,1795
1757.3365,1757.3465,26328,35090,Eptesicus serotinus,0.011,0.026,-1,Echolocation,/mnt/ubna_data_02_mir/recover-20220922/UBNA_001/20220921_090000.WAV,Telephone Field,recover-20220922,001,1795
1757.3375,1757.3493,34062,39602,Eptesicus serotinus,0.006,0.022,-1,Echolocation,/mnt/ubna_data_02_mir/recover-20220922/UBNA_001/20220921_090000.WAV,Telephone Field,recover-20220922,001,1795
1757.3495,1757.3888,68437,82269,Rhinolophus ferrumequinum,0.022,0.022,-1,Echolocation,/mnt/ubna_data_02_mir/recover-20220922/UBNA_001/20220921_090000.WAV,Telephone Field,recover-20220922,001,1795
1757.3525,1757.3617,26328,33881,Eptesicus serotinus,0.013,0.028,-1,Echolocation,/mnt/ubna_data_02_mir/recover-20220922/UBNA_001/20220921_090000.WAV,Telephone Field,recover-20220922,001,1795
1757.3835,1757.393,22890,29448,Nyctalus leisleri,0.008,0.022,-1,Echolocation,/mnt/ubna_data_02_mir/recover-20220922/UBNA_001/20220921_090000.WAV,Telephone Field,recover-20220922,001,1795
1757.3925,1757.4326,68437,83027,Rhinolophus ferrumequinum,0.025,0.025,-1,Echolocation,/mnt/ubna_data_02_mir/recover-20220922/UBNA_001/20220921_090000.WAV,Telephone Field,recover-20220922,001,1795
1757.4115,1757.4505,68437,82082,Rhinolophus ferrumequinum,0.022,0.022,-1,Echolocation,/mnt/ubna_data_02_mir/recover-20220922/UBNA_001/20220921_090000.WAV,Telephone Field,recover-20220922,001,1795
1757.4365,1757.4443,25468,33995,Eptesicus serotinus,0.006,0.023,-1,Echolocation,/mnt/ubna_data_02_mir/recover-20220922/UBNA_001/20220921_090000.WAV,Telephone Field,recover-20220922,001,1795
1757.4445,1757.4859,68437,82742,Rhinolophus ferrumequinum,0.027,0.027,-1,Echolocation,/mnt/ubna_data_02_mir/recover-20220922/UBNA_001/20220921_090000.WAV,Telephone Field,recover-20220922,001,1795
1757.4595,1757.4738,26328,31254,Nyctalus leisleri,0.015,0.034,-1,Echolocation,/mnt/ubna_data_02_mir/recover-20220922/UBNA_001/20220921_090000.WAV,Telephone Field,recover-20220922,001,1795
1757.4725,1757.5124,68437,82414,Rhinolophus ferrumequinum,0.028,0.028,-1,Echolocation,/mnt/ubna_data_02_mir/recover-20220922/UBNA_001/20220921_090000.WAV,Telephone Field,recover-20220922,001,1795
1757.5305,1757.5751,68437,83182,Rhinolophus ferrumequinum,0.031,0.031,-1,Echolocation,/mnt/ubna_data_02_mir/recover-20220922/UBNA_001/20220921_090000.WAV,Telephone Field,recover-20220922,001,1795
1757.5555,1757.5649,28906,36896,Eptesicus serotinus,0.011,0.023,-1,Echolocation,/mnt/ubna_data_02_mir/recover-20220922/UBNA_001/20220921_090000.WAV,Telephone Field,recover-20220922,001,1795
1757.5585,1757.5983,68437,82377,Rhinolophus ferrumequinum,0.023,0.023,-1,Echolocation,/mnt/ubna_data_02_mir/recover-20220922/UBNA_001/20220921_090000.WAV,Telephone Field,recover-20220922,001,1795
1757.5845,1757.5922,28046,41576,Eptesicus serotinus,0.008,0.023,-1,Echolocation,/mnt/ubna_data_02_mir/recover-20220922/UBNA_001/20220921_090000.WAV,Telephone Field,recover-20220922,001,1795
1757.6015,1757.6097,45234,48964,Pipistrellus pipistrellus,0.031,0.033,-1,Echolocation,/mnt/ubna_data_02_mir/recover-20220922/UBNA_001/20220921_090000.WAV,Telephone Field,recover-20220922,001,1795
1757.6035,1757.6445,68437,82608,Rhinolophus ferrumequinum,0.025,0.025,-1,Echolocation,/mnt/ubna_data_02_mir/recover-20220922/UBNA_001/20220921_090000.WAV,Telephone Field,recover-20220922,001,1795
1757.6745,1757.6824,27187,37038,Eptesicus serotinus,0.01,0.026,-1,Echolocation,/mnt/ubna_data_02_mir/recover-20220922/UBNA_001/20220921_090000.WAV,Telephone Field,recover-20220922,001,1795
1757.6765,1757.7176,68437,82552,Rhinolophus ferrumequinum,0.022,0.022,-1,Echolocation,/mnt/ubna_data_02_mir/recover-20220922/UBNA_001/20220921_090000.WAV,Telephone Field,recover-20220922,001,1795
1757.7025,1757.7131,23750,30985,Nyctalus leisleri,0.012,0.036,-1,Echolocation,/mnt/ubna_data_02_mir/recover-20220922/UBNA_001/20220921_090000.WAV,Telephone Field,recover-20220922,001,1795
1757.7205,1757.7557,68437,80319,Rhinolophus ferrumequinum,0.025,0.025,-1,Echolocation,/mnt/ubna_data_02_mir/recover-20220922/UBNA_001/20220921_090000.WAV,Telephone Field,recover-20220922,001,1795
1757.7245,1757.7326,28906,39295,Eptesicus serotinus,0.008,0.023,-1,Echolocation,/mnt/ubna_data_02_mir/recover-20220922/UBNA_001/20220921_090000.WAV,Telephone Field,recover-20220922,001,1795
1757.7395,1757.7779,68437,82462,Rhinolophus ferrumequinum,0.041,0.041,-1,Echolocation,/mnt/ubna_data_02_mir/recover-20220922/UBNA_001/20220921_090000.WAV,Telephone Field,recover-20220922,001,1795
1757.7685,1757.8059,68437,81922,Rhinolophus ferrumequinum,0.022,0.022,-1,Echolocation,/mnt/ubna_data_02_mir/recover-20220922/UBNA_001/20220921_090000.WAV,Telephone Field,recover-20220922,001,1795
1757.7825,1757.8257,68437,83260,Rhinolophus ferrumequinum,0.034,0.034,-1,Echolocation,/mnt/ubna_data_02_mir/recover-20220922/UBNA_001/20220921_090000.WAV,Telephone Field,recover-20220922,001,1795
1757.7905,1757.8322,68437,83319,Rhinolophus ferrumequinum,0.029,0.029,-1,Echolocation,/mnt/ubna_data_02_mir/recover-20220922/UBNA_001/20220921_090000.WAV,Telephone Field,recover-20220922,001,1795
1757.7965,1757.803,28046,50425,Eptesicus serotinus,0.007,0.024,-1,Echolocation,/mnt/ubna_data_02_mir/recover-20220922/UBNA_001/20220921_090000.WAV,Telephone Field,recover-20220922,001,1795
1757.8415,1757.8525,37500,41470,Pipistrellus nathusii,0.015,0.032,-1,Echolocation,/mnt/ubna_data_02_mir/recover-20220922/UBNA_001/20220921_090000.WAV,Telephone Field,recover-20220922,001,1795
1757.8615,1757.9008,68437,82562,Rhinolophus ferrumequinum,0.025,0.025,-1,Echolocation,/mnt/ubna_data_02_mir/recover-20220922/UBNA_001/20220921_090000.WAV,Telephone Field,recover-20220922,001,1795
1757.9135,1757.9531,68437,82514,Rhinolophus ferrumequinum,0.023,0.023,-1,Echolocation,/mnt/ubna_data_02_mir/recover-20220922/UBNA_001/20220921_090000.WAV,Telephone Field,recover-20220922,001,1795
1757.9205,1757.9309,23750,29635,Nyctalus leisleri,0.011,0.024,-1,Echolocation,/mnt/ubna_data_02_mir/recover-20220922/UBNA_001/20220921_090000.WAV,Telephone Field,recover-20220922,001,1795
1757.9495,1757.9917,68437,82902,Rhinolophus ferrumequinum,0.035,0.035,-1,Echolocation,/mnt/ubna_data_02_mir/recover-20220922/UBNA_001/20220921_090000.WAV,Telephone Field,recover-20220922,001,1795
1757.9825,1757.9895,27187,40780,Eptesicus serotinus,0.009,0.029,-1,Echolocation,/mnt/ubna_data_02_mir/recover-20220922/UBNA_001/20220921_090000.WAV,Telephone Field,recover-20220922,001,1795
1758.0015,1758.0098,22890,28625,Nyctalus leisleri,0.013,0.031,-1,Echolocation,/mnt/ubna_data_02_mir/recover-20220922/UBNA_001/20220921_090000.WAV,Telephone Field,recover-20220922,001,1795
1758.0015,1758.0316,68437,79746,Rhinolophus ferrumequinum,0.039,0.04,-1,Echolocation,/mnt/ubna_data_02_mir/recover-20220922/UBNA_001/20220921_090000.WAV,Telephone Field,recover-20220922,001,1795
1758.0105,1758.0517,68437,81561,Rhinolophus ferrumequinum,0.026,0.026,-1,Echolocation,/mnt/ubna_data_02_mir/recover-20220922/UBNA_001/20220921_090000.WAV,Telephone Field,recover-20220922,001,1795
1758.0265,1758.0672,68437,82486,Rhinolophus ferrumequinum,0.027,0.027,-1,Echolocation,/mnt/ubna_data_02_mir/recover-20220922/UBNA_001/20220921_090000.WAV,Telephone Field,recover-20220922,001,1795
1758.0315,1758.0407,29765,37903,Eptesicus serotinus,0.013,0.034,-1,Echolocation,/mnt/ubna_data_02_mir/recover-20220922/UBNA_001/20220921_090000.WAV,Telephone Field,recover-20220922,001,1795
1758.0495,1758.09,68437,82463,Rhinolophus ferrumequinum,0.025,0.025,-1,Echolocation,/mnt/ubna_data_02_mir/recover-20220922/UBNA_001/20220921_090000.WAV,Telephone Field,recover-20220922,001,1795
1758.0555,1758.0633,26328,35683,Eptesicus serotinus,0.008,0.025,-1,Echolocation,/mnt/ubna_data_02_mir/recover-20220922/UBNA_001/20220921_090000.WAV,Telephone Field,recover-20220922,001,1795
1758.0655,1758.1098,68437,83373,Rhinolophus ferrumequinum,0.034,0.034,-1,Echolocation,/mnt/ubna_data_02_mir/recover-20220922/UBNA_001/20220921_090000.WAV,Telephone Field,recover-20220922,001,1795
1758.0825,1758.1235,68437,83034,Rhinolophus ferrumequinum,0.029,0.029,-1,Echolocation,/mnt/ubna_data_02_mir/recover-20220922/UBNA_001/20220921_090000.WAV,Telephone Field,recover-20220922,001,1795
1758.1005,1758.1395,68437,82224,Rhinolophus ferrumequinum,0.022,0.022,-1,Echolocation,/mnt/ubna_data_02_mir/recover-20220922/UBNA_001/20220921_090000.WAV,Telephone Field,recover-20220922,001,1795
1758.1285,1758.1692,68437,81685,Rhinolophus ferrumequinum,0.031,0.031,-1,Echolocation,/mnt/ubna_data_02_mir/recover-20220922/UBNA_001/20220921_090000.WAV,Telephone Field,recover-20220922,001,1795
1758.1295,1758.1464,16015,20108,Nyctalus noctula,0.016,0.025,-1,Echolocation,/mnt/ubna_data_02_mir/recover-20220922/UBNA_001/20220921_090000.WAV,Telephone Field,recover-20220922,001,1795
1758.1745,1758.1847,45234,49487,Pipistrellus pipistrellus,0.038,0.041,-1,Echolocation,/mnt/ubna_data_02_mir/recover-20220922/UBNA_001/20220921_090000.WAV,Telephone Field,recover-20220922,001,1795
1758.2025,1758.2398,68437,81705,Rhinolophus ferrumequinum,0.022,0.022,-1,Echolocation,/mnt/ubna_data_02_mir/recover-20220922/UBNA_001/20220921_090000.WAV,Telephone Field,recover-20220922,001,1795
1758.2105,1758.2209,22031,27334,Nyctalus leisleri,0.012,0.027,-1,Echolocation,/mnt/ubna_data_02_mir/recover-20220922/UBNA_001/20220921_090000.WAV,Telephone Field,recover-20220922,001,1795
1758.2485,1758.2594,22890,28281,Nyctalus leisleri,0.011,0.023,-1,Echolocation,/mnt/ubna_data_02_mir/recover-20220922/UBNA_001/20220921_090000.WAV,Telephone Field,recover-20220922,001,1795
1758.2585,1758.2993,68437,82211,Rhinolophus ferrumequinum,0.032,0.032,-1,Echolocation,/mnt/ubna_data_02_mir/recover-20220922/UBNA_001/20220921_090000.WAV,Telephone Field,recover-20220922,001,1795
1758.2825,1758.3199,68437,82305,Rhinolophus ferrumequinum,0.021,0.021,-1,Echolocation,/mnt/ubna_data_02_mir/recover-20220922/UBNA_001/20220921_090000.WAV,Telephone Field,recover-20220922,001,1795
1758.3045,1758.3431,68437,82287,Rhinolophus ferrumequinum,0.022,0.022,-1,Echolocation,/mnt/ubna_data_02_mir/recover-20220922/UBNA_001/20220921_090000.WAV,Telephone Field,recover-20220922,001,1795
1758.3285,1758.3652,68437,81696,Rhinolophus ferrumequinum,0.023,0.023,-1,Echolocation,/mnt/ubna_data_02_mir/recover-20220922/UBNA_001/20220921_090000.WAV,Telephone Field,recover-20220922,001,1795
1758.3315,1758.3392,28906,37414,Eptesicus serotinus,0.007,0.021,-1,Echolocation,/mnt/ubna_data_02_mir/recover-20220922/UBNA_001/20220921_090000.WAV,Telephone Field,recover-20220922,001,1795
1758.3505,1758.3916,68437,82643,Rhinolophus ferrumequinum,0.023,0.023,-1,Echolocation,/mnt/ubna_data_02_mir/recover-20220922/UBNA_001/20220921_090000.WAV,Telephone Field,recover-20220922,001,1795
1758.3765,1758.391,23750,28121,Nyctalus leisleri,0.018,0.035,-1,Echolocation,/mnt/ubna_data_02_mir/recover-20220922/UBNA_001/20220921_090000.WAV,Telephone Field,recover-20220922,001,1795
1758.4485,1758.4867,68437,81853,Rhinolophus ferrumequinum,0.024,0.024,-1,Echolocation,/mnt/ubna_data_02_mir/recover-20220922/UBNA_001/20220921_090000.WAV,Telephone Field,recover-20220922,001,1795
1758.4575,1758.4661,28046,37194,Eptesicus serotinus,0.008,0.022,-1,Echolocation,/mnt/ubna_data_02_mir/recover-20220922/UBNA_001/20220921_090000.WAV,Telephone Field,recover-20220922,001,1795
1758.4745,1758.5115,68437,81188,Rhinolophus ferrumequinum,0.026,0.026,-1,Echolocation,/mnt/ubna_data_02_mir/recover-20220922/UBNA_001/20220921_090000.WAV,Telephone Field,recover-20220922,001,1795
1758.4915,1758.4987,26328,37888,Eptesicus serotinus,0.007,0.023,-1,Echolocation,/mnt/ubna_data_02_mir/recover-20220922/UBNA_001/20220921_090000.WAV,Telephone Field,recover-20220922,001,1795
1758.5025,1758.5105,28046,38623,Eptesicus serotinus,0.008,0.023,-1,Echolocation,/mnt/ubna_data_02_mir/recover-20220922/UBNA_001/20220921_090000.WAV,Telephone Field,recover-20220922,001,1795
1758.5045,1758.545,68437,82353,Rhinolophus ferrumequinum,0.023,0.023,-1,Echolocation,/mnt/ubna_data_02_mir/recover-20220922/UBNA_001/20220921_090000.WAV,Telephone Field,recover-20220922,001,1795
1758.5255,1758.5611,68437,81603,Rhinolophus ferrumequinum,0.03,0.031,-1,Echolocation,/mnt/ubna_data_02_mir/recover-20220922/UBNA_001/20220921_090000.WAV,Telephone Field,recover-20220922,001,1795
1758.5585,1758.6024,68437,83547,Rhinolophus ferrumequinum,0.031,0.031,-1,Echolocation,/mnt/ubna_data_02_mir/recover-20220922/UBNA_001/20220921_090000.WAV,Telephone Field,recover-20220922,001,1795
1758.5785,1758.5861,28046,39853,Eptesicus serotinus,0.008,0.027,-1,Echolocation,/mnt/ubna_data_02_mir/recover-20220922/UBNA_001/20220921_090000.WAV,Telephone Field,recover-20220922,001,1795
1758.5945,1758.6314,68437,81337,Rhinolophus ferrumequinum,0.025,0.025,-1,Echolocation,/mnt/ubna_data_02_mir/recover-20220922/UBNA_001/20220921_090000.WAV,Telephone Field,recover-20220922,001,1795
1758.6175,1758.6533,68437,81330,Rhinolophus ferrumequinum,0.022,0.022,-1,Echolocation,/mnt/ubna_data_02_mir/recover-20220922/UBNA_001/20220921_090000.WAV,Telephone Field,recover-20220922,001,1795
1758.6255,1758.6349,28046,36716,Eptesicus serotinus,0.01,0.023,-1,Echolocation,/mnt/ubna_data_02_mir/recover-20220922/UBNA_001/20220921_090000.WAV,Telephone Field,recover-20220922,001,1795
1758.6335,1758.6399,14296,27800,Plecotus auritus,0.019,0.032,-1,Echolocation,/mnt/ubna_data_02_mir/recover-20220922/UBNA_001/20220921_090000.WAV,Telephone Field,recover-20220922,001,1795
1758.6415,1758.6835,68437,83440,Rhinolophus ferrumequinum,0.026,0.026,-1,Echolocation,/mnt/ubna_data_02_mir/recover-20220922/UBNA_001/20220921_090000.WAV,Telephone Field,recover-20220922,001,1795
1758.6755,1758.7151,68437,82439,Rhinolophus ferrumequinum,0.024,0.024,-1,Echolocation,/mnt/ubna_data_02_mir/recover-20220922/UBNA_001/20220921_090000.WAV,Telephone Field,recover-20220922,001,1795
1758.7015,1758.7401,68437,82098,Rhinolophus ferrumequinum,0.023,0.023,-1,Echolocation,/mnt/ubna_data_02_mir/recover-20220922/UBNA_001/20220921_090000.WAV,Telephone Field,recover-20220922,001,1795
1758.7405,1758.7518,29765,36516,Eptesicus serotinus,0.012,0.027,-1,Echolocation,/mnt/ubna_data_02_mir/recover-20220922/UBNA_001/20220921_090000.WAV,Telephone Field,recover-20220922,001,1795
1758.7425,1758.7824,68437,82227,Rhinolophus ferrumequinum,0.024,0.024,-1,Echolocation,/mnt/ubna_data_02_mir/recover-20220922/UBNA_001/20220921_090000.WAV,Telephone Field,recover-20220922,001,1795
1758.7715,1758.8115,68437,82535,Rhinolophus ferrumequinum,0.025,0.025,-1,Echolocation,/mnt/ubna_data_02_mir/recover-20220922/UBNA_001/20220921_090000.WAV,Telephone Field,recover-20220922,001,1795
1758.8205,1758.8617,68437,82744,Rhinolophus ferrumequinum,0.035,0.035,-1,Echolocation,/mnt/ubna_data_02_mir/recover-20220922/UBNA_001/20220921_090000.WAV,Telephone Field,recover-20220922,001,1795
1758.8485,1758.8885,68437,82281,Rhinolophus ferrumequinum,0.024,0.024,-1,Echolocation,/mnt/ubna_data_02_mir/recover-20220922/UBNA_001/20220921_090000.WAV,Telephone Field,recover-20220922,001,1795
1758.8915,1758.9292,68437,81352,Rhinolophus ferrumequinum,0.023,0.023,-1,Echolocation,/mnt/ubna_data_02_mir/recover-20220922/UBNA_001/20220921_090000.WAV,Telephone Field,recover-20220922,001,1795
1758.9135,1758.9284,21171,24314,Nyctalus leisleri,0.016,0.025,-1,Echolocation,/mnt/ubna_data_02_mir/recover-20220922/UBNA_001/20220921_090000.WAV,Telephone Field,recover-20220922,001,1795
1758.9355,1758.9738,68437,81160,Rhinolophus ferrumequinum,0.032,0.032,-1,Echolocation,/mnt/ubna_data_02_mir/recover-20220922/UBNA_001/20220921_090000.WAV,Telephone Field,recover-20220922,001,1795
1758.9455,1758.9557,24609,30734,Nyctalus leisleri,0.008,0.021,-1,Echolocation,/mnt/ubna_data_02_mir/recover-20220922/UBNA_001/20220921_090000.WAV,Telephone Field,recover-20220922,001,1795
1758.9955,1759.0331,68437,81899,Rhinolophus ferrumequinum,0.022,0.022,-1,Echolocation,/mnt/ubna_data_02_mir/recover-20220922/UBNA_001/20220921_090000.WAV,Telephone Field,recover-20220922,001,1795
1759.0055,1759.049,68437,82922,Rhinolophus ferrumequinum,0.036,0.036,-1,Echolocation,/mnt/ubna_data_02_mir/recover-20220922/UBNA_001/20220921_090000.WAV,Telephone Field,recover-20220922,001,1795
1759.0275,1759.0354,28906,38999,Eptesicus serotinus,0.008,0.023,-1,Echolocation,/mnt/ubna_data_02_mir/recover-20220922/UBNA_001/20220921_090000.WAV,Telephone Field,recover-20220922,001,1795
1759.0515,1759.0903,68437,82152,Rhinolophus ferrumequinum,0.021,0.021,-1,Echolocation,/mnt/ubna_data_02_mir/recover-20220922/UBNA_001/20220921_090000.WAV,Telephone Field,recover-20220922,001,1795
1759.0525,1759.0628,28046,36015,Eptesicus serotinus,0.01,0.023,-1,Echolocation,/mnt/ubna_data_02_mir/recover-20220922/UBNA_001/20220921_090000.WAV,Telephone Field,recover-20220922,001,1795
1759.0745,1759.0812,27187,46482,Eptesicus serotinus,0.007,0.023,-1,Echolocation,/mnt/ubna_data_02_mir/recover-20220922/UBNA_001/20220921_090000.WAV,Telephone Field,recover-20220922,001,1795
1759.0765,1759.1159,68437,82215,Rhinolophus ferrumequinum,0.025,0.026,-1,Echolocation,/mnt/ubna_data_02_mir/recover-20220922/UBNA_001/20220921_090000.WAV,Telephone Field,recover-20220922,001,1795
1759.0895,1759.0969,28046,38615,Eptesicus serotinus,0.007,0.021,-1,Echolocation,/mnt/ubna_data_02_mir/recover-20220922/UBNA_001/20220921_090000.WAV,Telephone Field,recover-20220922,001,1795
1759.1095,1759.1199,22890,28895,Nyctalus leisleri,0.009,0.022,-1,Echolocation,/mnt/ubna_data_02_mir/recover-20220922/UBNA_001/20220921_090000.WAV,Telephone Field,recover-20220922,001,1795
1759.1105,1759.1502,68437,82007,Rhinolophus ferrumequinum,0.022,0.022,-1,Echolocation,/mnt/ubna_data_02_mir/recover-20220922/UBNA_001/20220921_090000.WAV,Telephone Field,recover-20220922,001,1795
1759.1345,1759.1434,42656,50500,Pipistrellus pipistrellus,0.04,0.057,-1,Echolocation,/mnt/ubna_data_02_mir/recover-20220922/UBNA_001/20220921_090000.WAV,Telephone Field,recover-20220922,001,1795
1759.1665,1759.2013,68437,81259,Rhinolophus ferrumequinum,0.023,0.024,-1,Echolocation,/mnt/ubna_data_02_mir/recover-20220922/UBNA_001/20220921_090000.WAV,Telephone Field,recover-20220922,001,1795
1759.1865,1759.2259,68437,81778,Rhinolophus ferrumequinum,0.022,0.022,-1,Echolocation,/mnt/ubna_data_02_mir/recover-20220922/UBNA_001/20220921_090000.WAV,Telephone Field,recover-20220922,001,1795
1759.1985,1759.2091,22890,27922,Nyctalus leisleri,0.01,0.021,-1,Echolocation,/mnt/ubna_data_02_mir/recover-20220922/UBNA_001/20220921_090000.WAV,Telephone Field,recover-20220922,001,1795
1759.2055,1759.2383,68437,80923,Rhinolophus ferrumequinum,0.021,0.021,-1,Echolocation,/mnt/ubna_data_02_mir/recover-20220922/UBNA_001/20220921_090000.WAV,Telephone Field,recover-20220922,001,1795
1759.2325,1759.2707,68437,82022,Rhinolophus ferrumequinum,0.024,0.024,-1,Echolocation,/mnt/ubna_data_02_mir/recover-20220922/UBNA_001/20220921_090000.WAV,Telephone Field,recover-20220922,001,1795
1759.2375,1759.2468,28046,36396,Eptesicus serotinus,0.01,0.025,-1,Echolocation,/mnt/ubna_data_02_mir/recover-20220922/UBNA_001/20220921_090000.WAV,Telephone Field,recover-20220922,001,1795
1759.2495,1759.2922,68437,82345,Rhinolophus ferrumequinum,0.039,0.039,-1,Echolocation,/mnt/ubna_data_02_mir/recover-20220922/UBNA_001/20220921_090000.WAV,Telephone Field,recover-20220922,001,1795
1759.2965,1759.3347,68437,81891,Rhinolophus ferrumequinum,0.024,0.024,-1,Echolocation,/mnt/ubna_data_02_mir/recover-20220922/UBNA_001/20220921_090000.WAV,Telephone Field,recover-20220922,001,1795
1759.2975,1759.3055,25468,39064,Eptesicus serotinus,0.007,0.025,-1,Echolocation,/mnt/ubna_data_02_mir/recover-20220922/UBNA_001/20220921_090000.WAV,Telephone Field,recover-20220922,001,1795
1759.3165,1759.3238,28046,38100,Eptesicus serotinus,0.006,0.021,-1,Echolocation,/mnt/ubna_data_02_mir/recover-20220922/UBNA_001/20220921_090000.WAV,Telephone Field,recover-20220922,001,1795
1759.3195,1759.3592,68437,82593,Rhinolophus ferrumequinum,0.024,0.024,-1,Echolocation,/mnt/ubna_data_02_mir/recover-20220922/UBNA_001/20220921_090000.WAV,Telephone Field,recover-20220922,001,1795
1759.3315,1759.3411,28046,36072,Eptesicus serotinus,0.012,0.026,-1,Echolocation,/mnt/ubna_data_02_mir/recover-20220922/UBNA_001/20220921_090000.WAV,Telephone Field,recover-20220922,001,1795
1759.3435,1759.3789,68437,81425,Rhinolophus ferrumequinum,0.024,0.024,-1,Echolocation,/mnt/ubna_data_02_mir/recover-20220922/UBNA_001/20220921_090000.WAV,Telephone Field,recover-20220922,001,1795
1759.3595,1759.37,40937,44147,Pipistrellus pipistrellus,0.011,0.022,-1,Echolocation,/mnt/ubna_data_02_mir/recover-20220922/UBNA_001/20220921_090000.WAV,Telephone Field,recover-20220922,001,1795
1759.3605,1759.4004,68437,82375,Rhinolophus ferrumequinum,0.025,0.025,-1,Echolocation,/mnt/ubna_data_02_mir/recover-20220922/UBNA_001/20220921_090000.WAV,Telephone Field,recover-20220922,001,1795
1759.3875,1759.3967,28046,38566,Eptesicus serotinus,0.009,0.023,-1,Echolocation,/mnt/ubna_data_02_mir/recover-20220922/UBNA_001/20220921_090000.WAV,Telephone Field,recover-20220922,001,1795
1759.3985,1759.4066,28046,37089,Eptesicus serotinus,0.011,0.026,-1,Echolocation,/mnt/ubna_data_02_mir/recover-20220922/UBNA_001/20220921_090000.WAV,Telephone Field,recover-20220922,001,1795
1759.4395,1759.4773,68437,82101,Rhinolophus ferrumequinum,0.023,0.023,-1,Echolocation,/mnt/ubna_data_02_mir/recover-20220922/UBNA_001/20220921_090000.WAV,Telephone Field,recover-20220922,001,1795
1759.4515,1759.4896,68437,82182,Rhinolophus ferrumequinum,0.022,0.022,-1,Echolocation,/mnt/ubna_data_02_mir/recover-20220922/UBNA_001/20220921_090000.WAV,Telephone Field,recover-20220922,001,1795
1759.4585,1759.4677,28046,38287,Eptesicus serotinus,0.012,0.025,-1,Echolocation,/mnt/ubna_data_02_mir/recover-20220922/UBNA_001/20220921_090000.WAV,Telephone Field,recover-20220922,001,1795
1759.4675,1759.4787,22890,27872,Nyctalus leisleri,0.012,0.024,-1,Echolocation,/mnt/ubna_data_02_mir/recover-20220922/UBNA_001/20220921_090000.WAV,Telephone Field,recover-20220922,001,1795
1759.4705,1759.5085,68437,81287,Rhinolophus ferrumequinum,0.025,0.025,-1,Echolocation,/mnt/ubna_data_02_mir/recover-20220922/UBNA_001/20220921_090000.WAV,Telephone Field,recover-20220922,001,1795
1759.4955,1759.5357,68437,82394,Rhinolophus ferrumequinum,0.024,0.024,-1,Echolocation,/mnt/ubna_data_02_mir/recover-20220922/UBNA_001/20220921_090000.WAV,Telephone Field,recover-20220922,001,1795
1759.5085,1759.519,23750,29792,Nyctalus leisleri,0.009,0.024,-1,Echolocation,/mnt/ubna_data_02_mir/recover-20220922/UBNA_001/20220921_090000.WAV,Telephone Field,recover-20220922,001,1795
1759.5505,1759.5607,23750,29561,Nyctalus leisleri,0.009,0.022,-1,Echolocation,/mnt/ubna_data_02_mir/recover-20220922/UBNA_001/20220921_090000.WAV,Telephone Field,recover-20220922,001,1795
1759.5635,1759.6101,68437,83561,Rhinolophus ferrumequinum,0.049,0.049,-1,Echolocation,/mnt/ubna_data_02_mir/recover-20220922/UBNA_001/20220921_090000.WAV,Telephone Field,recover-20220922,001,1795
1759.5645,1759.574,28046,36461,Eptesicus serotinus,0.008,0.021,-1,Echolocation,/mnt/ubna_data_02_mir/recover-20220922/UBNA_001/20220921_090000.WAV,Telephone Field,recover-20220922,001,1795
1759.5715,1759.5792,27187,40014,Eptesicus serotinus,0.007,0.022,-1,Echolocation,/mnt/ubna_data_02_mir/recover-20220922/UBNA_001/20220921_090000.WAV,Telephone Field,recover-20220922,001,1795
1759.6105,1759.6482,68437,81593,Rhinolophus ferrumequinum,0.025,0.025,-1,Echolocation,/mnt/ubna_data_02_mir/recover-20220922/UBNA_001/20220921_090000.WAV,Telephone Field,recover-20220922,001,1795
1759.6195,1759.6599,68437,82337,Rhinolophus ferrumequinum,0.024,0.024,-1,Echolocation,/mnt/ubna_data_02_mir/recover-20220922/UBNA_001/20220921_090000.WAV,Telephone Field,recover-20220922,001,1795
1759.6575,1759.6653,23750,31623,Plecotus austriacus,0.011,0.026,-1,Echolocation,/mnt/ubna_data_02_mir/recover-20220922/UBNA_001/20220921_090000.WAV,Telephone Field,recover-20220922,001,1795
1759.6645,1759.7004,68437,81058,Rhinolophus ferrumequinum,0.023,0.023,-1,Echolocation,/mnt/ubna_data_02_mir/recover-20220922/UBNA_001/20220921_090000.WAV,Telephone Field,recover-20220922,001,1795
1759.7225,1759.7605,68437,81942,Rhinolophus ferrumequinum,0.026,0.026,-1,Echolocation,/mnt/ubna_data_02_mir/recover-20220922/UBNA_001/20220921_090000.WAV,Telephone Field,recover-20220922,001,1795
1759.7295,1759.7372,28046,43554,Eptesicus serotinus,0.007,0.022,-1,Echolocation,/mnt/ubna_data_02_mir/recover-20220922/UBNA_001/20220921_090000.WAV,Telephone Field,recover-20220922,001,1795
1759.7485,1759.761,21171,25238,Nyctalus leisleri,0.014,0.027,-1,Echolocation,/mnt/ubna_data_02_mir/recover-20220922/UBNA_001/20220921_090000.WAV,Telephone Field,recover-20220922,001,1795
1759.7795,1759.816,68437,80986,Rhinolophus ferrumequinum,0.025,0.025,-1,Echolocation,/mnt/ubna_data_02_mir/recover-20220922/UBNA_001/20220921_090000.WAV,Telephone Field,recover-20220922,001,1795
1759.7925,1759.828,68437,81482,Rhinolophus ferrumequinum,0.021,0.021,-1,Echolocation,/mnt/ubna_data_02_mir/recover-20220922/UBNA_001/20220921_090000.WAV,Telephone Field,recover-20220922,001,1795
1759.8035,1759.8445,68437,82831,Rhinolophus ferrumequinum,0.03,0.03,-1,Echolocation,/mnt/ubna_data_02_mir/recover-20220922/UBNA_001/20220921_090000.WAV,Telephone Field,recover-20220922,001,1795
1759.8155,1759.8269,26328,32472,Eptesicus serotinus,0.01,0.023,-1,Echolocation,/mnt/ubna_data_02_mir/recover-20220922/UBNA_001/20220921_090000.WAV,Telephone Field,recover-20220922,001,1795
1759.8355,1759.8733,68437,81334,Rhinolophus ferrumequinum,0.023,0.023,-1,Echolocation,/mnt/ubna_data_02_mir/recover-20220922/UBNA_001/20220921_090000.WAV,Telephone Field,recover-20220922,001,1795
1759.8685,1759.9091,68437,82388,Rhinolophus ferrumequinum,0.027,0.027,-1,Echolocation,/mnt/ubna_data_02_mir/recover-20220922/UBNA_001/20220921_090000.WAV,Telephone Field,recover-20220922,001,1795
1759.8695,1759.8786,25468,33556,Eptesicus serotinus,0.01,0.024,-1,Echolocation,/mnt/ubna_data_02_mir/recover-20220922/UBNA_001/20220921_090000.WAV,Telephone Field,recover-20220922,001,1795
1759.8795,1759.9211,68437,82305,Rhinolophus ferrumequinum,0.023,0.023,-1,Echolocation,/mnt/ubna_data_02_mir/recover-20220922/UBNA_001/20220921_090000.WAV,Telephone Field,recover-20220922,001,1795
1759.9015,1759.9411,68437,82538,Rhinolophus ferrumequinum,0.022,0.022,-1,Echolocation,/mnt/ubna_data_02_mir/recover-20220922/UBNA_001/20220921_090000.WAV,Telephone Field,recover-20220922,001,1795
1759.9035,1759.913,44375,52564,Pipistrellus pipistrellus,0.015,0.021,-1,Echolocation,/mnt/ubna_data_02_mir/recover-20220922/UBNA_001/20220921_090000.WAV,Telephone Field,recover-20220922,001,1795
1759.9065,1759.9174,22890,28775,Nyctalus leisleri,0.01,0.022,-1,Echolocation,/mnt/ubna_data_02_mir/recover-20220922/UBNA_001/20220921_090000.WAV,Telephone Field,recover-20220922,001,1795
1759.9235,1759.9335,28906,36768,Eptesicus serotinus,0.011,0.026,-1,Echolocation,/mnt/ubna_data_02_mir/recover-20220922/UBNA_001/20220921_090000.WAV,Telephone Field,recover-20220922,001,1795
1759.9425,1759.9832,68437,83431,Rhinolophus ferrumequinum,0.027,0.027,-1,Echolocation,/mnt/ubna_data_02_mir/recover-20220922/UBNA_001/20220921_090000.WAV,Telephone Field,recover-20220922,001,1795
1759.9835,1759.9907,28046,39514,Eptesicus serotinus,0.007,0.026,-1,Echolocation,/mnt/ubna_data_02_mir/recover-20220922/UBNA_001/20220921_090000.WAV,Telephone Field,recover-20220922,001,1795
1760.0015,1760.0086000000001,46093,52351,Pipistrellus pipistrellus,0.018,0.022,-1,Echolocation,/mnt/ubna_data_02_mir/recover-20220922/UBNA_001/20220921_090000.WAV,Telephone Field,recover-20220922,001,1795
1760.0015,1760.0096,23750,30156,Nyctalus leisleri,0.008,0.026,-1,Echolocation,/mnt/ubna_data_02_mir/recover-20220922/UBNA_001/20220921_090000.WAV,Telephone Field,recover-20220922,001,1795
1760.0015,1760.0369,68437,80078,Rhinolophus ferrumequinum,0.056,0.056,-1,Echolocation,/mnt/ubna_data_02_mir/recover-20220922/UBNA_001/20220921_090000.WAV,Telephone Field,recover-20220922,001,1795
1760.0075,1760.0481,68437,82434,Rhinolophus ferrumequinum,0.027,0.027,-1,Echolocation,/mnt/ubna_data_02_mir/recover-20220922/UBNA_001/20220921_090000.WAV,Telephone Field,recover-20220922,001,1795
1760.0225,1760.0643,68437,82623,Rhinolophus ferrumequinum,0.026,0.026,-1,Echolocation,/mnt/ubna_data_02_mir/recover-20220922/UBNA_001/20220921_090000.WAV,Telephone Field,recover-20220922,001,1795
1760.0405,1760.0778,68437,81969,Rhinolophus ferrumequinum,0.023,0.023,-1,Echolocation,/mnt/ubna_data_02_mir/recover-20220922/UBNA_001/20220921_090000.WAV,Telephone Field,recover-20220922,001,1795
1760.0515,1760.0908,68437,82165,Rhinolophus ferrumequinum,0.027,0.027,-1,Echolocation,/mnt/ubna_data_02_mir/recover-20220922/UBNA_001/20220921_090000.WAV,Telephone Field,recover-20220922,001,1795
1760.0675,1760.1086,68437,82462,Rhinolophus ferrumequinum,0.025,0.025,-1,Echolocation,/mnt/ubna_data_02_mir/recover-20220922/UBNA_001/20220921_090000.WAV,Telephone Field,recover-20220922,001,1795
1760.0855,1760.1227,68437,82101,Rhinolophus ferrumequinum,0.022,0.022,-1,Echolocation,/mnt/ubna_data_02_mir/recover-20220922/UBNA_001/20220921_090000.WAV,Telephone Field,recover-20220922,001,1795
1760.1045,1760.1421,68437,82011,Rhinolophus ferrumequinum,0.022,0.022,-1,Echolocation,/mnt/ubna_data_02_mir/recover-20220922/UBNA_001/20220921_090000.WAV,Telephone Field,recover-20220922,001,1795
1760.1485,1760.1609,28906,34854,Eptesicus serotinus,0.013,0.026,-1,Echolocation,/mnt/ubna_data_02_mir/recover-20220922/UBNA_001/20220921_090000.WAV,Telephone Field,recover-20220922,001,1795
1760.1725,1760.2146,68437,82655,Rhinolophus ferrumequinum,0.025,0.025,-1,Echolocation,/mnt/ubna_data_02_mir/recover-20220922/UBNA_001/20220921_090000.WAV,Telephone Field,recover-20220922,001,1795
1760.2085,1760.2182,28906,38955,Eptesicus serotinus,0.009,0.022,-1,Echolocation,/mnt/ubna_data_02_mir/recover-20220922/UBNA_001/20220921_090000.WAV,Telephone Field,recover-20220922,001,1795
1760.2335,1760.2723,68437,82133,Rhinolophus ferrumequinum,0.022,0.022,-1,Echolocation,/mnt/ubna_data_02_mir/recover-20220922/UBNA_001/20220921_090000.WAV,Telephone Field,recover-20220922,001,1795
1760.2335,1760.2415,45234,55844,Pipistrellus pipistrellus,0.016,0.022,-1,Echolocation,/mnt/ubna_data_02_mir/recover-20220922/UBNA_001/20220921_090000.WAV,Telephone Field,recover-20220922,001,1795
1760.2385,1760.2449,37500,62810,Myotis mystacinus,0.008,0.023,-1,Echolocation,/mnt/ubna_data_02_mir/recover-20220922/UBNA_001/20220921_090000.WAV,Telephone Field,recover-20220922,001,1795
1760.2625,1760.3053,68437,82727,Rhinolophus ferrumequinum,0.026,0.026,-1,Echolocation,/mnt/ubna_data_02_mir/recover-20220922/UBNA_001/20220921_090000.WAV,Telephone Field,recover-20220922,001,1795
1760.2715,1760.3111,68437,81846,Rhinolophus ferrumequinum,0.027,0.027,-1,Echolocation,/mnt/ubna_data_02_mir/recover-20220922/UBNA_001/20220921_090000.WAV,Telephone Field,recover-20220922,001,1795
1760.2805,1760.3199,68437,82818,Rhinolophus ferrumequinum,0.028,0.028,-1,Echolocation,/mnt/ubna_data_02_mir/recover-20220922/UBNA_001/20220921_090000.WAV,Telephone Field,recover-20220922,001,1795
1760.3245,1760.3658,68437,83077,Rhinolophus ferrumequinum,0.037,0.037,-1,Echolocation,/mnt/ubna_data_02_mir/recover-20220922/UBNA_001/20220921_090000.WAV,Telephone Field,recover-20220922,001,1795
1760.3485,1760.3622,22890,27471,Nyctalus leisleri,0.027,0.05,-1,Echolocation,/mnt/ubna_data_02_mir/recover-20220922/UBNA_001/20220921_090000.WAV,Telephone Field,recover-20220922,001,1795
1760.3645,1760.3999,68437,81153,Rhinolophus ferrumequinum,0.024,0.024,-1,Echolocation,/mnt/ubna_data_02_mir/recover-20220922/UBNA_001/20220921_090000.WAV,Telephone Field,recover-20220922,001,1795
1760.4235,1760.4301,34062,42300,Myotis daubentonii,0.012,0.029,-1,Echolocation,/mnt/ubna_data_02_mir/recover-20220922/UBNA_001/20220921_090000.WAV,Telephone Field,recover-20220922,001,1795
1760.4355,1760.4547,15156,20830,Nyctalus noctula,0.017,0.023,-1,Echolocation,/mnt/ubna_data_02_mir/recover-20220922/UBNA_001/20220921_090000.WAV,Telephone Field,recover-20220922,001,1795
1760.4475,1760.4849,68437,81792,Rhinolophus ferrumequinum,0.024,0.024,-1,Echolocation,/mnt/ubna_data_02_mir/recover-20220922/UBNA_001/20220921_090000.WAV,Telephone Field,recover-20220922,001,1795
1760.4535,1760.4929,68437,82085,Rhinolophus ferrumequinum,0.024,0.024,-1,Echolocation,/mnt/ubna_data_02_mir/recover-20220922/UBNA_001/20220921_090000.WAV,Telephone Field,recover-20220922,001,1795
1760.5035,1760.5489,68437,82670,Rhinolophus ferrumequinum,0.068,0.068,-1,Echolocation,/mnt/ubna_data_02_mir/recover-20220922/UBNA_001/20220921_090000.WAV,Telephone Field,recover-20220922,001,1795
1760.5315,1760.5696,68437,81935,Rhinolophus ferrumequinum,0.021,0.021,-1,Echolocation,/mnt/ubna_data_02_mir/recover-20220922/UBNA_001/20220921_090000.WAV,Telephone Field,recover-20220922,001,1795
1760.5505,1760.5893,68437,82635,Rhinolophus ferrumequinum,0.024,0.024,-1,Echolocation,/mnt/ubna_data_02_mir/recover-20220922/UBNA_001/20220921_090000.WAV,Telephone Field,recover-20220922,001,1795
1760.5845,1760.6223,68437,81455,Rhinolophus ferrumequinum,0.023,0.023,-1,Echolocation,/mnt/ubna_data_02_mir/recover-20220922/UBNA_001/20220921_090000.WAV,Telephone Field,recover-20220922,001,1795
1760.5965,1760.6376,68437,83034,Rhinolophus ferrumequinum,0.022,0.022,-1,Echolocation,/mnt/ubna_data_02_mir/recover-20220922/UBNA_001/20220921_090000.WAV,Telephone Field,recover-20220922,001,1795
1760.6315,1760.6701,68437,81965,Rhinolophus ferrumequinum,0.021,0.021,-1,Echolocation,/mnt/ubna_data_02_mir/recover-20220922/UBNA_001/20220921_090000.WAV,Telephone Field,recover-20220922,001,1795
1760.6405,1760.6771,68437,81597,Rhinolophus ferrumequinum,0.021,0.021,-1,Echolocation,/mnt/ubna_data_02_mir/recover-20220922/UBNA_001/20220921_090000.WAV,Telephone Field,recover-20220922,001,1795
1760.6475,1760.6826,68437,81629,Rhinolophus ferrumequinum,0.022,0.022,-1,Echolocation,/mnt/ubna_data_02_mir/recover-20220922/UBNA_001/20220921_090000.WAV,Telephone Field,recover-20220922,001,1795
1760.6525,1760.6869,68437,81688,Rhinolophus ferrumequinum,0.023,0.023,-1,Echolocation,/mnt/ubna_data_02_mir/recover-20220922/UBNA_001/20220921_090000.WAV,Telephone Field,recover-20220922,001,1795
1760.6695,1760.7079,68437,82200,Rhinolophus ferrumequinum,0.023,0.023,-1,Echolocation,/mnt/ubna_data_02_mir/recover-20220922/UBNA_001/20220921_090000.WAV,Telephone Field,recover-20220922,001,1795
1760.7385,1760.7768,68437,81860,Rhinolophus ferrumequinum,0.022,0.022,-1,Echolocation,/mnt/ubna_data_02_mir/recover-20220922/UBNA_001/20220921_090000.WAV,Telephone Field,recover-20220922,001,1795
1760.7785,1760.8187,68437,82377,Rhinolophus ferrumequinum,0.023,0.023,-1,Echolocation,/mnt/ubna_data_02_mir/recover-20220922/UBNA_001/20220921_090000.WAV,Telephone Field,recover-20220922,001,1795
1760.8005,1760.8355999999999,68437,81152,Rhinolophus ferrumequinum,0.022,0.022,-1,Echolocation,/mnt/ubna_data_02_mir/recover-20220922/UBNA_001/20220921_090000.WAV,Telephone Field,recover-20220922,001,1795
1760.8215,1760.8596,68437,81841,Rhinolophus ferrumequinum,0.021,0.021,-1,Echolocation,/mnt/ubna_data_02_mir/recover-20220922/UBNA_001/20220921_090000.WAV,Telephone Field,recover-20220922,001,1795
1760.8355,1760.8729,68437,81808,Rhinolophus ferrumequinum,0.022,0.022,-1,Echolocation,/mnt/ubna_data_02_mir/recover-20220922/UBNA_001/20220921_090000.WAV,Telephone Field,recover-20220922,001,1795
1760.8665,1760.9023,68437,81477,Rhinolophus ferrumequinum,0.029,0.029,-1,Echolocation,/mnt/ubna_data_02_mir/recover-20220922/UBNA_001/20220921_090000.WAV,Telephone Field,recover-20220922,001,1795
1760.8835,1760.8925,25468,34018,Eptesicus serotinus,0.009,0.023,-1,Echolocation,/mnt/ubna_data_02_mir/recover-20220922/UBNA_001/20220921_090000.WAV,Telephone Field,recover-20220922,001,1795
1760.9195,1760.9586,68437,82035,Rhinolophus ferrumequinum,0.023,0.023,-1,Echolocation,/mnt/ubna_data_02_mir/recover-20220922/UBNA_001/20220921_090000.WAV,Telephone Field,recover-20220922,001,1795
1760.9375,1760.9474,23750,31013,Nyctalus leisleri,0.01,0.032,-1,Echolocation,/mnt/ubna_data_02_mir/recover-20220922/UBNA_001/20220921_090000.WAV,Telephone Field,recover-20220922,001,1795
1760.9515,1760.9915,68437,82465,Rhinolophus ferrumequinum,0.024,0.024,-1,Echolocation,/mnt/ubna_data_02_mir/recover-20220922/UBNA_001/20220921_090000.WAV,Telephone Field,recover-20220922,001,1795
1760.9825,1761.0201,68437,81353,Rhinolophus ferrumequinum,0.021,0.021,-1,Echolocation,/mnt/ubna_data_02_mir/recover-20220922/UBNA_001/20220921_090000.WAV,Telephone Field,recover-20220922,001,1795
1761.0015,1761.0125,23750,30112,Nyctalus leisleri,0.01,0.022,-1,Echolocation,/mnt/ubna_data_02_mir/recover-20220922/UBNA_001/20220921_090000.WAV,Telephone Field,recover-20220922,001,1795
1761.0105,1761.0532,68437,83351,Rhinolophus ferrumequinum,0.03,0.03,-1,Echolocation,/mnt/ubna_data_02_mir/recover-20220922/UBNA_001/20220921_090000.WAV,Telephone Field,recover-20220922,001,1795
1761.0445,1761.088,68437,82704,Rhinolophus ferrumequinum,0.031,0.031,-1,Echolocation,/mnt/ubna_data_02_mir/recover-20220922/UBNA_001/20220921_090000.WAV,Telephone Field,recover-20220922,001,1795
1761.0525,1761.0594,27187,39496,Eptesicus serotinus,0.006,0.023,-1,Echolocation,/mnt/ubna_data_02_mir/recover-20220922/UBNA_001/20220921_090000.WAV,Telephone Field,recover-20220922,001,1795
1761.0765,1761.1138,68437,81354,Rhinolophus ferrumequinum,0.022,0.022,-1,Echolocation,/mnt/ubna_data_02_mir/recover-20220922/UBNA_001/20220921_090000.WAV,Telephone Field,recover-20220922,001,1795
1761.0885,1761.0988,23750,30769,Nyctalus leisleri,0.01,0.029,-1,Echolocation,/mnt/ubna_data_02_mir/recover-20220922/UBNA_001/20220921_090000.WAV,Telephone Field,recover-20220922,001,1795
1761.0995,1761.1375,68437,81652,Rhinolophus ferrumequinum,0.023,0.023,-1,Echolocation,/mnt/ubna_data_02_mir/recover-20220922/UBNA_001/20220921_090000.WAV,Telephone Field,recover-20220922,001,1795
1761.1055,1761.116,28046,34908,Eptesicus serotinus,0.016,0.031,-1,Echolocation,/mnt/ubna_data_02_mir/recover-20220922/UBNA_001/20220921_090000.WAV,Telephone Field,recover-20220922,001,1795
1761.1455,1761.1839,68437,81749,Rhinolophus ferrumequinum,0.022,0.022,-1,Echolocation,/mnt/ubna_data_02_mir/recover-20220922/UBNA_001/20220921_090000.WAV,Telephone Field,recover-20220922,001,1795
1761.1805,1761.1893,22890,30390,Plecotus austriacus,0.014,0.036,-1,Echolocation,/mnt/ubna_data_02_mir/recover-20220922/UBNA_001/20220921_090000.WAV,Telephone Field,recover-20220922,001,1795
1761.1885,1761.2329,68437,82910,Rhinolophus ferrumequinum,0.045,0.045,-1,Echolocation,/mnt/ubna_data_02_mir/recover-20220922/UBNA_001/20220921_090000.WAV,Telephone Field,recover-20220922,001,1795
1761.1955,1761.2385,68437,83220,Rhinolophus ferrumequinum,0.036,0.036,-1,Echolocation,/mnt/ubna_data_02_mir/recover-20220922/UBNA_001/20220921_090000.WAV,Telephone Field,recover-20220922,001,1795
1761.2145,1761.2207,28046,46122,Eptesicus serotinus,0.005,0.023,-1,Echolocation,/mnt/ubna_data_02_mir/recover-20220922/UBNA_001/20220921_090000.WAV,Telephone Field,recover-20220922,001,1795
1761.2475,1761.2872,68437,82095,Rhinolophus ferrumequinum,0.023,0.023,-1,Echolocation,/mnt/ubna_data_02_mir/recover-20220922/UBNA_001/20220921_090000.WAV,Telephone Field,recover-20220922,001,1795
1761.2635,1761.303,68437,82182,Rhinolophus ferrumequinum,0.025,0.025,-1,Echolocation,/mnt/ubna_data_02_mir/recover-20220922/UBNA_001/20220921_090000.WAV,Telephone Field,recover-20220922,001,1795
1761.3005,1761.3075,50390,55554,Pipistrellus pipistrellus,0.02,0.022,-1,Echolocation,/mnt/ubna_data_02_mir/recover-20220922/UBNA_001/20220921_090000.WAV,Telephone Field,recover-20220922,001,1795
1761.3245,1761.3663999999999,68437,82336,Rhinolophus ferrumequinum,0.038,0.038,-1,Echolocation,/mnt/ubna_data_02_mir/recover-20220922/UBNA_001/20220921_090000.WAV,Telephone Field,recover-20220922,001,1795
1761.3335,1761.3434,22031,28143,Plecotus austriacus,0.009,0.024,-1,Echolocation,/mnt/ubna_data_02_mir/recover-20220922/UBNA_001/20220921_090000.WAV,Telephone Field,recover-20220922,001,1795
1761.3955,1761.4346,68437,82191,Rhinolophus ferrumequinum,0.023,0.023,-1,Echolocation,/mnt/ubna_data_02_mir/recover-20220922/UBNA_001/20220921_090000.WAV,Telephone Field,recover-20220922,001,1795
1761.4055,1761.4459,68437,82079,Rhinolophus ferrumequinum,0.022,0.022,-1,Echolocation,/mnt/ubna_data_02_mir/recover-20220922/UBNA_001/20220921_090000.WAV,Telephone Field,recover-20220922,001,1795
1761.4155,1761.4546,68437,81819,Rhinolophus ferrumequinum,0.022,0.022,-1,Echolocation,/mnt/ubna_data_02_mir/recover-20220922/UBNA_001/20220921_090000.WAV,Telephone Field,recover-20220922,001,1795
1761.4335,1761.4774,68437,83102,Rhinolophus ferrumequinum,0.044,0.044,-1,Echolocation,/mnt/ubna_data_02_mir/recover-20220922/UBNA_001/20220921_090000.WAV,Telephone Field,recover-20220922,001,1795
1761.4465,1761.4552,27187,36501,Eptesicus serotinus,0.009,0.023,-1,Echolocation,/mnt/ubna_data_02_mir/recover-20220922/UBNA_001/20220921_090000.WAV,Telephone Field,recover-20220922,001,1795
1761.4585,1761.4694,26328,32232,Eptesicus serotinus,0.01,0.023,-1,Echolocation,/mnt/ubna_data_02_mir/recover-20220922/UBNA_001/20220921_090000.WAV,Telephone Field,recover-20220922,001,1795
1761.4635,1761.5032,68437,81755,Rhinolophus ferrumequinum,0.022,0.022,-1,Echolocation,/mnt/ubna_data_02_mir/recover-20220922/UBNA_001/20220921_090000.WAV,Telephone Field,recover-20220922,001,1795
1761.4825,1761.5217,68437,82408,Rhinolophus ferrumequinum,0.026,0.026,-1,Echolocation,/mnt/ubna_data_02_mir/recover-20220922/UBNA_001/20220921_090000.WAV,Telephone Field,recover-20220922,001,1795
1761.4905,1761.5008,24609,31692,Nyctalus leisleri,0.01,0.029,-1,Echolocation,/mnt/ubna_data_02_mir/recover-20220922/UBNA_001/20220921_090000.WAV,Telephone Field,recover-20220922,001,1795
1761.5185,1761.5555,68437,82122,Rhinolophus ferrumequinum,0.021,0.021,-1,Echolocation,/mnt/ubna_data_02_mir/recover-20220922/UBNA_001/20220921_090000.WAV,Telephone Field,recover-20220922,001,1795
1761.5385,1761.5779,68437,82223,Rhinolophus ferrumequinum,0.022,0.022,-1,Echolocation,/mnt/ubna_data_02_mir/recover-20220922/UBNA_001/20220921_090000.WAV,Telephone Field,recover-20220922,001,1795
1761.5475,1761.5855,68437,81949,Rhinolophus ferrumequinum,0.024,0.024,-1,Echolocation,/mnt/ubna_data_02_mir/recover-20220922/UBNA_001/20220921_090000.WAV,Telephone Field,recover-20220922,001,1795
1761.5545,1761.5914,68437,82088,Rhinolophus ferrumequinum,0.022,0.022,-1,Echolocation,/mnt/ubna_data_02_mir/recover-20220922/UBNA_001/20220921_090000.WAV,Telephone Field,recover-20220922,001,1795
1761.5785,1761.6207,68437,82216,Rhinolophus ferrumequinum,0.027,0.027,-1,Echolocation,/mnt/ubna_data_02_mir/recover-20220922/UBNA_001/20220921_090000.WAV,Telephone Field,recover-20220922,001,1795
1761.5785,1761.5902,15156,20723,Nyctalus noctula,0.054,0.075,-1,Echolocation,/mnt/ubna_data_02_mir/recover-20220922/UBNA_001/20220921_090000.WAV,Telephone Field,recover-20220922,001,1795
1761.6035,1761.6436,68437,82203,Rhinolophus ferrumequinum,0.021,0.021,-1,Echolocation,/mnt/ubna_data_02_mir/recover-20220922/UBNA_001/20220921_090000.WAV,Telephone Field,recover-20220922,001,1795
1761.6095,1761.6216,28906,36541,Eptesicus serotinus,0.017,0.036,-1,Echolocation,/mnt/ubna_data_02_mir/recover-20220922/UBNA_001/20220921_090000.WAV,Telephone Field,recover-20220922,001,1795
1761.6125,1761.6513,68437,82170,Rhinolophus ferrumequinum,0.027,0.027,-1,Echolocation,/mnt/ubna_data_02_mir/recover-20220922/UBNA_001/20220921_090000.WAV,Telephone Field,recover-20220922,001,1795
1761.6305,1761.67,68437,82013,Rhinolophus ferrumequinum,0.022,0.022,-1,Echolocation,/mnt/ubna_data_02_mir/recover-20220922/UBNA_001/20220921_090000.WAV,Telephone Field,recover-20220922,001,1795
1761.6685,1761.7074,68437,81871,Rhinolophus ferrumequinum,0.023,0.023,-1,Echolocation,/mnt/ubna_data_02_mir/recover-20220922/UBNA_001/20220921_090000.WAV,Telephone Field,recover-20220922,001,1795
1761.6995,1761.7364,68437,81901,Rhinolophus ferrumequinum,0.022,0.022,-1,Echolocation,/mnt/ubna_data_02_mir/recover-20220922/UBNA_001/20220921_090000.WAV,Telephone Field,recover-20220922,001,1795
1761.7135,1761.7534,68437,82472,Rhinolophus ferrumequinum,0.024,0.024,-1,Echolocation,/mnt/ubna_data_02_mir/recover-20220922/UBNA_001/20220921_090000.WAV,Telephone Field,recover-20220922,001,1795
1761.7365,1761.7734,68437,81324,Rhinolophus ferrumequinum,0.021,0.021,-1,Echolocation,/mnt/ubna_data_02_mir/recover-20220922/UBNA_001/20220921_090000.WAV,Telephone Field,recover-20220922,001,1795
1761.7455,1761.7555,22890,29358,Nyctalus leisleri,0.01,0.027,-1,Echolocation,/mnt/ubna_data_02_mir/recover-20220922/UBNA_001/20220921_090000.WAV,Telephone Field,recover-20220922,001,1795
1761.7465,1761.753,47812,53525,Pipistrellus pipistrellus,0.022,0.023,-1,Echolocation,/mnt/ubna_data_02_mir/recover-20220922/UBNA_001/20220921_090000.WAV,Telephone Field,recover-20220922,001,1795
1761.7565,1761.7973,68437,82807,Rhinolophus ferrumequinum,0.024,0.024,-1,Echolocation,/mnt/ubna_data_02_mir/recover-20220922/UBNA_001/20220921_090000.WAV,Telephone Field,recover-20220922,001,1795
1761.7775,1761.7934,20312,23730,Nyctalus leisleri,0.014,0.025,-1,Echolocation,/mnt/ubna_data_02_mir/recover-20220922/UBNA_001/20220921_090000.WAV,Telephone Field,recover-20220922,001,1795
1761.8135,1761.8509,68437,81610,Rhinolophus ferrumequinum,0.021,0.021,-1,Echolocation,/mnt/ubna_data_02_mir/recover-20220922/UBNA_001/20220921_090000.WAV,Telephone Field,recover-20220922,001,1795
1761.8365,1761.8445,28906,40581,Eptesicus serotinus,0.007,0.021,-1,Echolocation,/mnt/ubna_data_02_mir/recover-20220922/UBNA_001/20220921_090000.WAV,Telephone Field,recover-20220922,001,1795
1761.8755,1761.9135,68437,82442,Rhinolophus ferrumequinum,0.023,0.023,-1,Echolocation,/mnt/ubna_data_02_mir/recover-20220922/UBNA_001/20220921_090000.WAV,Telephone Field,recover-20220922,001,1795
1761.9015,1761.9109,14296,20972,Nyctalus noctula,0.013,0.026,-1,Echolocation,/mnt/ubna_data_02_mir/recover-20220922/UBNA_001/20220921_090000.WAV,Telephone Field,recover-20220922,001,1795
1761.9155,1761.9517,68437,81275,Rhinolophus ferrumequinum,0.026,0.026,-1,Echolocation,/mnt/ubna_data_02_mir/recover-20220922/UBNA_001/20220921_090000.WAV,Telephone Field,recover-20220922,001,1795
1761.9245,1761.9597,68437,81297,Rhinolophus ferrumequinum,0.021,0.021,-1,Echolocation,/mnt/ubna_data_02_mir/recover-20220922/UBNA_001/20220921_090000.WAV,Telephone Field,recover-20220922,001,1795
1761.9405,1761.9511,27187,33608,Eptesicus serotinus,0.022,0.042,-1,Echolocation,/mnt/ubna_data_02_mir/recover-20220922/UBNA_001/20220921_090000.WAV,Telephone Field,recover-20220922,001,1795
1761.9845,1761.9946,22031,27359,Nyctalus leisleri,0.009,0.022,-1,Echolocation,/mnt/ubna_data_02_mir/recover-20220922/UBNA_001/20220921_090000.WAV,Telephone Field,recover-20220922,001,1795
1762.0015,1762.0097,24609,34538,Plecotus austriacus,0.006,0.026,-1,Echolocation,/mnt/ubna_data_02_mir/recover-20220922/UBNA_001/20220921_090000.WAV,Telephone Field,recover-20220922,001,1795
1762.0015,1762.0376,68437,79943,Rhinolophus ferrumequinum,0.029,0.029,-1,Echolocation,/mnt/ubna_data_02_mir/recover-20220922/UBNA_001/20220921_090000.WAV,Telephone Field,recover-20220922,001,1795
1762.0085,1762.0527,68437,82487,Rhinolophus ferrumequinum,0.026,0.026,-1,Echolocation,/mnt/ubna_data_02_mir/recover-20220922/UBNA_001/20220921_090000.WAV,Telephone Field,recover-20220922,001,1795
1762.0265,1762.0353,27187,37386,Eptesicus serotinus,0.012,0.027,-1,Echolocation,/mnt/ubna_data_02_mir/recover-20220922/UBNA_001/20220921_090000.WAV,Telephone Field,recover-20220922,001,1795
1762.0275,1762.0705,68437,83137,Rhinolophus ferrumequinum,0.041,0.041,-1,Echolocation,/mnt/ubna_data_02_mir/recover-20220922/UBNA_001/20220921_090000.WAV,Telephone Field,recover-20220922,001,1795
1762.0735,1762.1138,68437,82689,Rhinolophus ferrumequinum,0.032,0.032,-1,Echolocation,/mnt/ubna_data_02_mir/recover-20220922/UBNA_001/20220921_090000.WAV,Telephone Field,recover-20220922,001,1795
1762.0765,1762.0858,28906,36380,Eptesicus serotinus,0.008,0.021,-1,Echolocation,/mnt/ubna_data_02_mir/recover-20220922/UBNA_001/20220921_090000.WAV,Telephone Field,recover-20220922,001,1795
1762.1315,1762.1389,28046,36148,Eptesicus serotinus,0.011,0.029,-1,Echolocation,/mnt/ubna_data_02_mir/recover-20220922/UBNA_001/20220921_090000.WAV,Telephone Field,recover-20220922,001,1795
1762.1435,1762.1839,68437,82451,Rhinolophus ferrumequinum,0.028,0.028,-1,Echolocation,/mnt/ubna_data_02_mir/recover-20220922/UBNA_001/20220921_090000.WAV,Telephone Field,recover-20220922,001,1795
1762.1555,1762.1964,68437,83160,Rhinolophus ferrumequinum,0.028,0.028,-1,Echolocation,/mnt/ubna_data_02_mir/recover-20220922/UBNA_001/20220921_090000.WAV,Telephone Field,recover-20220922,001,1795
1762.2355,1762.2748,68437,82556,Rhinolophus ferrumequinum,0.022,0.022,-1,Echolocation,/mnt/ubna_data_02_mir/recover-20220922/UBNA_001/20220921_090000.WAV,Telephone Field,recover-20220922,001,1795
1762.2775,1762.3179,68437,81628,Rhinolophus ferrumequinum,0.021,0.021,-1,Echolocation,/mnt/ubna_data_02_mir/recover-20220922/UBNA_001/20220921_090000.WAV,Telephone Field,recover-20220922,001,1795
1762.2985,1762.3077,28046,39345,Eptesicus serotinus,0.011,0.027,-1,Echolocation,/mnt/ubna_data_02_mir/recover-20220922/UBNA_001/20220921_090000.WAV,Telephone Field,recover-20220922,001,1795
1762.3195,1762.3578,68437,82089,Rhinolophus ferrumequinum,0.022,0.022,-1,Echolocation,/mnt/ubna_data_02_mir/recover-20220922/UBNA_001/20220921_090000.WAV,Telephone Field,recover-20220922,001,1795
1762.3245,1762.3648,68437,82388,Rhinolophus ferrumequinum,0.022,0.022,-1,Echolocation,/mnt/ubna_data_02_mir/recover-20220922/UBNA_001/20220921_090000.WAV,Telephone Field,recover-20220922,001,1795
1762.3485,1762.3544,49531,53721,Pipistrellus pipistrellus,0.019,0.021,-1,Echolocation,/mnt/ubna_data_02_mir/recover-20220922/UBNA_001/20220921_090000.WAV,Telephone Field,recover-20220922,001,1795
1762.3565,1762.3905,68437,80459,Rhinolophus ferrumequinum,0.022,0.022,-1,Echolocation,/mnt/ubna_data_02_mir/recover-20220922/UBNA_001/20220921_090000.WAV,Telephone Field,recover-20220922,001,1795
1762.3985,1762.4423,68437,83376,Rhinolophus ferrumequinum,0.033,0.033,-1,Echolocation,/mnt/ubna_data_02_mir/recover-20220922/UBNA_001/20220921_090000.WAV,Telephone Field,recover-20220922,001,1795
1762.4315,1762.4681,68437,81853,Rhinolophus ferrumequinum,0.023,0.023,-1,Echolocation,/mnt/ubna_data_02_mir/recover-20220922/UBNA_001/20220921_090000.WAV,Telephone Field,recover-20220922,001,1795
1762.4675,1762.48,22890,27364,Nyctalus leisleri,0.013,0.024,-1,Echolocation,/mnt/ubna_data_02_mir/recover-20220922/UBNA_001/20220921_090000.WAV,Telephone Field,recover-20220922,001,1795
1762.4815,1762.4919,23750,30097,Nyctalus leisleri,0.009,0.022,-1,Echolocation,/mnt/ubna_data_02_mir/recover-20220922/UBNA_001/20220921_090000.WAV,Telephone Field,recover-20220922,001,1795
1762.4955,1762.5356,68437,81823,Rhinolophus ferrumequinum,0.023,0.023,-1,Echolocation,/mnt/ubna_data_02_mir/recover-20220922/UBNA_001/20220921_090000.WAV,Telephone Field,recover-20220922,001,1795
1762.5225,1762.5591,68437,81546,Rhinolophus ferrumequinum,0.022,0.022,-1,Echolocation,/mnt/ubna_data_02_mir/recover-20220922/UBNA_001/20220921_090000.WAV,Telephone Field,recover-20220922,001,1795
1762.5365,1762.5757,68437,81569,Rhinolophus ferrumequinum,0.023,0.023,-1,Echolocation,/mnt/ubna_data_02_mir/recover-20220922/UBNA_001/20220921_090000.WAV,Telephone Field,recover-20220922,001,1795
1762.5555,1762.5643,25468,33905,Eptesicus serotinus,0.008,0.021,-1,Echolocation,/mnt/ubna_data_02_mir/recover-20220922/UBNA_001/20220921_090000.WAV,Telephone Field,recover-20220922,001,1795
1762.5555,1762.5937,68437,81552,Rhinolophus ferrumequinum,0.023,0.023,-1,Echolocation,/mnt/ubna_data_02_mir/recover-20220922/UBNA_001/20220921_090000.WAV,Telephone Field,recover-20220922,001,1795
1762.5765,1762.6162,68437,82484,Rhinolophus ferrumequinum,0.022,0.022,-1,Echolocation,/mnt/ubna_data_02_mir/recover-20220922/UBNA_001/20220921_090000.WAV,Telephone Field,recover-20220922,001,1795
1762.5955,1762.6029,23750,32833,Plecotus austriacus,0.008,0.023,-1,Echolocation,/mnt/ubna_data_02_mir/recover-20220922/UBNA_001/20220921_090000.WAV,Telephone Field,recover-20220922,001,1795
1762.6005,1762.6095,27187,35105,Eptesicus serotinus,0.01,0.022,-1,Echolocation,/mnt/ubna_data_02_mir/recover-20220922/UBNA_001/20220921_090000.WAV,Telephone Field,recover-20220922,001,1795
1762.6255,1762.6653,68437,82426,Rhinolophus ferrumequinum,0.022,0.022,-1,Echolocation,/mnt/ubna_data_02_mir/recover-20220922/UBNA_001/20220921_090000.WAV,Telephone Field,recover-20220922,001,1795
1762.6335,1762.6436,22031,27956,Nyctalus leisleri,0.007,0.021,-1,Echolocation,/mnt/ubna_data_02_mir/recover-20220922/UBNA_001/20220921_090000.WAV,Telephone Field,recover-20220922,001,1795
1762.6595,1762.7003,68437,82628,Rhinolophus ferrumequinum,0.025,0.025,-1,Echolocation,/mnt/ubna_data_02_mir/recover-20220922/UBNA_001/20220921_090000.WAV,Telephone Field,recover-20220922,001,1795
1762.6715,1762.6787,46093,51344,Pipistrellus pipistrellus,0.024,0.026,-1,Echolocation,/mnt/ubna_data_02_mir/recover-20220922/UBNA_001/20220921_090000.WAV,Telephone Field,recover-20220922,001,1795
1762.6755,1762.687,22031,26228,Nyctalus leisleri,0.013,0.026,-1,Echolocation,/mnt/ubna_data_02_mir/recover-20220922/UBNA_001/20220921_090000.WAV,Telephone Field,recover-20220922,001,1795
1762.6875,1762.7242,68437,81918,Rhinolophus ferrumequinum,0.021,0.021,-1,Echolocation,/mnt/ubna_data_02_mir/recover-20220922/UBNA_001/20220921_090000.WAV,Telephone Field,recover-20220922,001,1795
1762.7045,1762.7246,18593,22264,Nyctalus noctula,0.024,0.037,-1,Echolocation,/mnt/ubna_data_02_mir/recover-20220922/UBNA_001/20220921_090000.WAV,Telephone Field,recover-20220922,001,1795
1762.7055,1762.7479,68437,82453,Rhinolophus ferrumequinum,0.026,0.026,-1,Echolocation,/mnt/ubna_data_02_mir/recover-20220922/UBNA_001/20220921_090000.WAV,Telephone Field,recover-20220922,001,1795
1762.7335,1762.7746,68437,82771,Rhinolophus ferrumequinum,0.025,0.025,-1,Echolocation,/mnt/ubna_data_02_mir/recover-20220922/UBNA_001/20220921_090000.WAV,Telephone Field,recover-20220922,001,1795
1762.7385,1762.7798,68437,83231,Rhinolophus ferrumequinum,0.025,0.025,-1,Echolocation,/mnt/ubna_data_02_mir/recover-20220922/UBNA_001/20220921_090000.WAV,Telephone Field,recover-20220922,001,1795
1762.7655,1762.7759,39218,43074,Pipistrellus nathusii,0.012,0.021,-1,Echolocation,/mnt/ubna_data_02_mir/recover-20220922/UBNA_001/20220921_090000.WAV,Telephone Field,recover-20220922,001,1795
1762.8025,1762.8443,68437,82435,Rhinolophus ferrumequinum,0.025,0.025,-1,Echolocation,/mnt/ubna_data_02_mir/recover-20220922/UBNA_001/20220921_090000.WAV,Telephone Field,recover-20220922,001,1795
1762.8055,1762.8132,28046,41712,Eptesicus serotinus,0.007,0.021,-1,Echolocation,/mnt/ubna_data_02_mir/recover-20220922/UBNA_001/20220921_090000.WAV,Telephone Field,recover-20220922,001,1795
1762.8465,1762.8566,28046,35982,Eptesicus serotinus,0.011,0.024,-1,Echolocation,/mnt/ubna_data_02_mir/recover-20220922/UBNA_001/20220921_090000.WAV,Telephone Field,recover-20220922,001,1795
1762.8565,1762.8921,68437,81177,Rhinolophus ferrumequinum,0.023,0.023,-1,Echolocation,/mnt/ubna_data_02_mir/recover-20220922/UBNA_001/20220921_090000.WAV,Telephone Field,recover-20220922,001,1795
1762.8605,1762.868,28046,41726,Eptesicus serotinus,0.007,0.021,-1,Echolocation,/mnt/ubna_data_02_mir/recover-20220922/UBNA_001/20220921_090000.WAV,Telephone Field,recover-20220922,001,1795
1762.8975,1762.906,28046,39981,Eptesicus serotinus,0.01,0.029,-1,Echolocation,/mnt/ubna_data_02_mir/recover-20220922/UBNA_001/20220921_090000.WAV,Telephone Field,recover-20220922,001,1795
1762.8975,1762.9362,68437,81633,Rhinolophus ferrumequinum,0.022,0.022,-1,Echolocation,/mnt/ubna_data_02_mir/recover-20220922/UBNA_001/20220921_090000.WAV,Telephone Field,recover-20220922,001,1795
1762.9175,1762.9248,23750,32365,Plecotus austriacus,0.012,0.026,-1,Echolocation,/mnt/ubna_data_02_mir/recover-20220922/UBNA_001/20220921_090000.WAV,Telephone Field,recover-20220922,001,1795
1762.9345,1762.9768,68437,83224,Rhinolophus ferrumequinum,0.025,0.025,-1,Echolocation,/mnt/ubna_data_02_mir/recover-20220922/UBNA_001/20220921_090000.WAV,Telephone Field,recover-20220922,001,1795
1762.9505,1762.993,68437,82400,Rhinolophus ferrumequinum,0.022,0.022,-1,Echolocation,/mnt/ubna_data_02_mir/recover-20220922/UBNA_001/20220921_090000.WAV,Telephone Field,recover-20220922,001,1795
1762.9565,1762.9987,68437,82284,Rhinolophus ferrumequinum,0.023,0.023,-1,Echolocation,/mnt/ubna_data_02_mir/recover-20220922/UBNA_001/20220921_090000.WAV,Telephone Field,recover-20220922,001,1795
1762.9865,1763.0243,68437,81248,Rhinolophus ferrumequinum,0.023,0.023,-1,Echolocation,/mnt/ubna_data_02_mir/recover-20220922/UBNA_001/20220921_090000.WAV,Telephone Field,recover-20220922,001,1795
1762.9925,1763.0021,28046,35663,Eptesicus serotinus,0.009,0.022,-1,Echolocation,/mnt/ubna_data_02_mir/recover-20220922/UBNA_001/20220921_090000.WAV,Telephone Field,recover-20220922,001,1795
1763.0175,1763.0293,37500,42282,Pipistrellus nathusii,0.013,0.021,-1,Echolocation,/mnt/ubna_data_02_mir/recover-20220922/UBNA_001/20220921_090000.WAV,Telephone Field,recover-20220922,001,1795
1763.0205,1763.0586,68437,82194,Rhinolophus ferrumequinum,0.022,0.022,-1,Echolocation,/mnt/ubna_data_02_mir/recover-20220922/UBNA_001/20220921_090000.WAV,Telephone Field,recover-20220922,001,1795
1763.0455,1763.0538999999999,26328,34811,Eptesicus serotinus,0.01,0.027,-1,Echolocation,/mnt/ubna_data_02_mir/recover-20220922/UBNA_001/20220921_090000.WAV,Telephone Field,recover-20220922,001,1795
1763.0815,1763.0953,22890,26786,Nyctalus leisleri,0.019,0.032,-1,Echolocation,/mnt/ubna_data_02_mir/recover-20220922/UBNA_001/20220921_090000.WAV,Telephone Field,recover-20220922,001,1795
1763.1415,1763.1484,27187,39271,Eptesicus serotinus,0.005,0.021,-1,Echolocation,/mnt/ubna_data_02_mir/recover-20220922/UBNA_001/20220921_090000.WAV,Telephone Field,recover-20220922,001,1795
1763.1585,1763.2001,68437,83323,Rhinolophus ferrumequinum,0.032,0.032,-1,Echolocation,/mnt/ubna_data_02_mir/recover-20220922/UBNA_001/20220921_090000.WAV,Telephone Field,recover-20220922,001,1795
1763.2045,1763.2119,28046,37317,Eptesicus serotinus,0.006,0.021,-1,Echolocation,/mnt/ubna_data_02_mir/recover-20220922/UBNA_001/20220921_090000.WAV,Telephone Field,recover-20220922,001,1795
1763.2145,1763.2554,68437,81894,Rhinolophus ferrumequinum,0.024,0.024,-1,Echolocation,/mnt/ubna_data_02_mir/recover-20220922/UBNA_001/20220921_090000.WAV,Telephone Field,recover-20220922,001,1795
1763.2215,1763.2623,68437,82463,Rhinolophus ferrumequinum,0.024,0.024,-1,Echolocation,/mnt/ubna_data_02_mir/recover-20220922/UBNA_001/20220921_090000.WAV,Telephone Field,recover-20220922,001,1795
1763.2425,1763.2843,68437,82738,Rhinolophus ferrumequinum,0.026,0.026,-1,Echolocation,/mnt/ubna_data_02_mir/recover-20220922/UBNA_001/20220921_090000.WAV,Telephone Field,recover-20220922,001,1795
1763.2565,1763.296,68437,82580,Rhinolophus ferrumequinum,0.021,0.021,-1,Echolocation,/mnt/ubna_data_02_mir/recover-20220922/UBNA_001/20220921_090000.WAV,Telephone Field,recover-20220922,001,1795
1763.2635,1763.3049,68437,82788,Rhinolophus ferrumequinum,0.022,0.022,-1,Echolocation,/mnt/ubna_data_02_mir/recover-20220922/UBNA_001/20220921_090000.WAV,Telephone Field,recover-20220922,001,1795
1763.2935,1763.303,28906,38635,Eptesicus serotinus,0.008,0.023,-1,Echolocation,/mnt/ubna_data_02_mir/recover-20220922/UBNA_001/20220921_090000.WAV,Telephone Field,recover-20220922,001,1795
1763.3005,1763.3129,29765,35272,Eptesicus serotinus,0.012,0.024,-1,Echolocation,/mnt/ubna_data_02_mir/recover-20220922/UBNA_001/20220921_090000.WAV,Telephone Field,recover-20220922,001,1795
1763.3125,1763.3518,68437,82361,Rhinolophus ferrumequinum,0.021,0.021,-1,Echolocation,/mnt/ubna_data_02_mir/recover-20220922/UBNA_001/20220921_090000.WAV,Telephone Field,recover-20220922,001,1795
1763.3275,1763.3348,27187,36008,Eptesicus serotinus,0.009,0.024,-1,Echolocation,/mnt/ubna_data_02_mir/recover-20220922/UBNA_001/20220921_090000.WAV,Telephone Field,recover-20220922,001,1795
1763.3345,1763.3731,68437,82391,Rhinolophus ferrumequinum,0.026,0.026,-1,Echolocation,/mnt/ubna_data_02_mir/recover-20220922/UBNA_001/20220921_090000.WAV,Telephone Field,recover-20220922,001,1795
1763.3465,1763.3841,68437,81979,Rhinolophus ferrumequinum,0.021,0.021,-1,Echolocation,/mnt/ubna_data_02_mir/recover-20220922/UBNA_001/20220921_090000.WAV,Telephone Field,recover-20220922,001,1795
1763.3485,1763.3586,22890,27889,Nyctalus leisleri,0.01,0.022,-1,Echolocation,/mnt/ubna_data_02_mir/recover-20220922/UBNA_001/20220921_090000.WAV,Telephone Field,recover-20220922,001,1795
1763.3585,1763.3978,68437,81482,Rhinolophus ferrumequinum,0.022,0.022,-1,Echolocation,/mnt/ubna_data_02_mir/recover-20220922/UBNA_001/20220921_090000.WAV,Telephone Field,recover-20220922,001,1795
1763.3615,1763.3694,28046,40537,Eptesicus serotinus,0.008,0.024,-1,Echolocation,/mnt/ubna_data_02_mir/recover-20220922/UBNA_001/20220921_090000.WAV,Telephone Field,recover-20220922,001,1795
1763.3795,1763.3893,22890,29324,Nyctalus leisleri,0.007,0.021,-1,Echolocation,/mnt/ubna_data_02_mir/recover-20220922/UBNA_001/20220921_090000.WAV,Telephone Field,recover-20220922,001,1795
1763.3795,1763.393,44375,48269,Pipistrellus pipistrellus,0.041,0.05,-1,Echolocation,/mnt/ubna_data_02_mir/recover-20220922/UBNA_001/20220921_090000.WAV,Telephone Field,recover-20220922,001,1795
1763.3985,1763.4092,22890,27872,Nyctalus leisleri,0.011,0.025,-1,Echolocation,/mnt/ubna_data_02_mir/recover-20220922/UBNA_001/20220921_090000.WAV,Telephone Field,recover-20220922,001,1795
1763.4405,1763.4479,28046,38931,Eptesicus serotinus,0.007,0.022,-1,Echolocation,/mnt/ubna_data_02_mir/recover-20220922/UBNA_001/20220921_090000.WAV,Telephone Field,recover-20220922,001,1795
1763.4825,1763.5205,68437,82088,Rhinolophus ferrumequinum,0.021,0.021,-1,Echolocation,/mnt/ubna_data_02_mir/recover-20220922/UBNA_001/20220921_090000.WAV,Telephone Field,recover-20220922,001,1795
1763.5045,1763.512,44375,51463,Pipistrellus pipistrellus,0.018,0.023,-1,Echolocation,/mnt/ubna_data_02_mir/recover-20220922/UBNA_001/20220921_090000.WAV,Telephone Field,recover-20220922,001,1795
1763.5065,1763.512,40078,58884,Myotis mystacinus,0.007,0.023,-1,Echolocation,/mnt/ubna_data_02_mir/recover-20220922/UBNA_001/20220921_090000.WAV,Telephone Field,recover-20220922,001,1795
1763.5305,1763.5704,68437,82607,Rhinolophus ferrumequinum,0.024,0.024,-1,Echolocation,/mnt/ubna_data_02_mir/recover-20220922/UBNA_001/20220921_090000.WAV,Telephone Field,recover-20220922,001,1795
1763.5325,1763.541,28046,40068,Eptesicus serotinus,0.007,0.022,-1,Echolocation,/mnt/ubna_data_02_mir/recover-20220922/UBNA_001/20220921_090000.WAV,Telephone Field,recover-20220922,001,1795
1763.5615,1763.6049,68437,82989,Rhinolophus ferrumequinum,0.027,0.027,-1,Echolocation,/mnt/ubna_data_02_mir/recover-20220922/UBNA_001/20220921_090000.WAV,Telephone Field,recover-20220922,001,1795
1763.6015,1763.6409,68437,81493,Rhinolophus ferrumequinum,0.024,0.024,-1,Echolocation,/mnt/ubna_data_02_mir/recover-20220922/UBNA_001/20220921_090000.WAV,Telephone Field,recover-20220922,001,1795
1763.6265,1763.6664,68437,82092,Rhinolophus ferrumequinum,0.021,0.021,-1,Echolocation,/mnt/ubna_data_02_mir/recover-20220922/UBNA_001/20220921_090000.WAV,Telephone Field,recover-20220922,001,1795
1763.6595,1763.6983,68437,82091,Rhinolophus ferrumequinum,0.022,0.022,-1,Echolocation,/mnt/ubna_data_02_mir/recover-20220922/UBNA_001/20220921_090000.WAV,Telephone Field,recover-20220922,001,1795
1763.6595,1763.67,22031,26535,Nyctalus leisleri,0.009,0.021,-1,Echolocation,/mnt/ubna_data_02_mir/recover-20220922/UBNA_001/20220921_090000.WAV,Telephone Field,recover-20220922,001,1795
1763.6845,1763.722,68437,81993,Rhinolophus ferrumequinum,0.021,0.021,-1,Echolocation,/mnt/ubna_data_02_mir/recover-20220922/UBNA_001/20220921_090000.WAV,Telephone Field,recover-20220922,001,1795
1763.6955,1763.7334,68437,81361,Rhinolophus ferrumequinum,0.022,0.022,-1,Echolocation,/mnt/ubna_data_02_mir/recover-20220922/UBNA_001/20220921_090000.WAV,Telephone Field,recover-20220922,001,1795
1763.7035,1763.7413,68437,81465,Rhinolophus ferrumequinum,0.021,0.021,-1,Echolocation,/mnt/ubna_data_02_mir/recover-20220922/UBNA_001/20220921_090000.WAV,Telephone Field,recover-20220922,001,1795
1763.7315,1763.7656,68437,80607,Rhinolophus ferrumequinum,0.021,0.021,-1,Echolocation,/mnt/ubna_data_02_mir/recover-20220922/UBNA_001/20220921_090000.WAV,Telephone Field,recover-20220922,001,1795
1763.7395,1763.7754,68437,81090,Rhinolophus ferrumequinum,0.021,0.021,-1,Echolocation,/mnt/ubna_data_02_mir/recover-20220922/UBNA_001/20220921_090000.WAV,Telephone Field,recover-20220922,001,1795
1763.7405,1763.7509,23750,30028,Nyctalus leisleri,0.011,0.027,-1,Echolocation,/mnt/ubna_data_02_mir/recover-20220922/UBNA_001/20220921_090000.WAV,Telephone Field,recover-20220922,001,1795
1763.7525,1763.7603,14296,26979,Plecotus auritus,0.015,0.023,-1,Echolocation,/mnt/ubna_data_02_mir/recover-20220922/UBNA_001/20220921_090000.WAV,Telephone Field,recover-20220922,001,1795
1763.7545,1763.7919,68437,82044,Rhinolophus ferrumequinum,0.03,0.03,-1,Echolocation,/mnt/ubna_data_02_mir/recover-20220922/UBNA_001/20220921_090000.WAV,Telephone Field,recover-20220922,001,1795
1763.8005,1763.8426,68437,82554,Rhinolophus ferrumequinum,0.026,0.026,-1,Echolocation,/mnt/ubna_data_02_mir/recover-20220922/UBNA_001/20220921_090000.WAV,Telephone Field,recover-20220922,001,1795
1763.8135,1763.8242,31484,37509,Eptesicus serotinus,0.007,0.022,-1,Echolocation,/mnt/ubna_data_02_mir/recover-20220922/UBNA_001/20220921_090000.WAV,Telephone Field,recover-20220922,001,1795
1763.8185,1763.86,68437,82744,Rhinolophus ferrumequinum,0.023,0.023,-1,Echolocation,/mnt/ubna_data_02_mir/recover-20220922/UBNA_001/20220921_090000.WAV,Telephone Field,recover-20220922,001,1795
1763.8365,1763.8762,68437,82576,Rhinolophus ferrumequinum,0.026,0.026,-1,Echolocation,/mnt/ubna_data_02_mir/recover-20220922/UBNA_001/20220921_090000.WAV,Telephone Field,recover-20220922,001,1795
1763.8475,1763.8564,28046,36440,Eptesicus serotinus,0.009,0.025,-1,Echolocation,/mnt/ubna_data_02_mir/recover-20220922/UBNA_001/20220921_090000.WAV,Telephone Field,recover-20220922,001,1795
1763.8475,1763.8836000000001,68437,81810,Rhinolophus ferrumequinum,0.021,0.021,-1,Echolocation,/mnt/ubna_data_02_mir/recover-20220922/UBNA_001/20220921_090000.WAV,Telephone Field,recover-20220922,001,1795
1763.8695,1763.9102,68437,82516,Rhinolophus ferrumequinum,0.026,0.026,-1,Echolocation,/mnt/ubna_data_02_mir/recover-20220922/UBNA_001/20220921_090000.WAV,Telephone Field,recover-20220922,001,1795
1763.8995,1763.9384,68437,81509,Rhinolophus ferrumequinum,0.023,0.023,-1,Echolocation,/mnt/ubna_data_02_mir/recover-20220922/UBNA_001/20220921_090000.WAV,Telephone Field,recover-20220922,001,1795
1763.9135,1763.9536,68437,82165,Rhinolophus ferrumequinum,0.021,0.021,-1,Echolocation,/mnt/ubna_data_02_mir/recover-20220922/UBNA_001/20220921_090000.WAV,Telephone Field,recover-20220922,001,1795
1763.9345,1763.9699,68437,80558,Rhinolophus ferrumequinum,0.024,0.024,-1,Echolocation,/mnt/ubna_data_02_mir/recover-20220922/UBNA_001/20220921_090000.WAV,Telephone Field,recover-20220922,001,1795
1763.9435,1763.9809,68437,81733,Rhinolophus ferrumequinum,0.021,0.021,-1,Echolocation,/mnt/ubna_data_02_mir/recover-20220922/UBNA_001/20220921_090000.WAV,Telephone Field,recover-20220922,001,1795
1763.9495,1763.9891,68437,82647,Rhinolophus ferrumequinum,0.022,0.022,-1,Echolocation,/mnt/ubna_data_02_mir/recover-20220922/UBNA_001/20220921_090000.WAV,Telephone Field,recover-20220922,001,1795
1763.9665,1763.9776,37500,42406,Pipistrellus nathusii,0.014,0.023,-1,Echolocation,/mnt/ubna_data_02_mir/recover-20220922/UBNA_001/20220921_090000.WAV,Telephone Field,recover-20220922,001,1795
1763.9715,1763.9802,28046,36240,Eptesicus serotinus,0.007,0.021,-1,Echolocation,/mnt/ubna_data_02_mir/recover-20220922/UBNA_001/20220921_090000.WAV,Telephone Field,recover-20220922,001,1795
1764.0015,1764.0368,68437,80325,Rhinolophus ferrumequinum,0.045,0.046,-1,Echolocation,/mnt/ubna_data_02_mir/recover-20220922/UBNA_001/20220921_090000.WAV,Telephone Field,recover-20220922,001,1795
1764.0015,1764.0106,24609,32122,Nyctalus leisleri,0.014,0.04,-1,Echolocation,/mnt/ubna_data_02_mir/recover-20220922/UBNA_001/20220921_090000.WAV,Telephone Field,recover-20220922,001,1795
1764.0075,1764.0491,68437,82470,Rhinolophus ferrumequinum,0.022,0.022,-1,Echolocation,/mnt/ubna_data_02_mir/recover-20220922/UBNA_001/20220921_090000.WAV,Telephone Field,recover-20220922,001,1795
1764.0325,1764.0705,68437,82165,Rhinolophus ferrumequinum,0.021,0.022,-1,Echolocation,/mnt/ubna_data_02_mir/recover-20220922/UBNA_001/20220921_090000.WAV,Telephone Field,recover-20220922,001,1795
1764.0445,1764.0518,22890,32048,Plecotus austriacus,0.022,0.04,-1,Echolocation,/mnt/ubna_data_02_mir/recover-20220922/UBNA_001/20220921_090000.WAV,Telephone Field,recover-20220922,001,1795
1764.0765,1764.0879,28906,36592,Eptesicus serotinus,0.012,0.026,-1,Echolocation,/mnt/ubna_data_02_mir/recover-20220922/UBNA_001/20220921_090000.WAV,Telephone Field,recover-20220922,001,1795
1764.0905,1764.1295,68437,81971,Rhinolophus ferrumequinum,0.023,0.023,-1,Echolocation,/mnt/ubna_data_02_mir/recover-20220922/UBNA_001/20220921_090000.WAV,Telephone Field,recover-20220922,001,1795
1764.1005,1764.1087,27187,36312,Eptesicus serotinus,0.008,0.024,-1,Echolocation,/mnt/ubna_data_02_mir/recover-20220922/UBNA_001/20220921_090000.WAV,Telephone Field,recover-20220922,001,1795
1764.1465,1764.1844,68437,82254,Rhinolophus ferrumequinum,0.025,0.025,-1,Echolocation,/mnt/ubna_data_02_mir/recover-20220922/UBNA_001/20220921_090000.WAV,Telephone Field,recover-20220922,001,1795
1764.1585,1764.1978,68437,82333,Rhinolophus ferrumequinum,0.022,0.022,-1,Echolocation,/mnt/ubna_data_02_mir/recover-20220922/UBNA_001/20220921_090000.WAV,Telephone Field,recover-20220922,001,1795
1764.2065,1764.2158,14296,20045,Nyctalus noctula,0.015,0.032,-1,Echolocation,/mnt/ubna_data_02_mir/recover-20220922/UBNA_001/20220921_090000.WAV,Telephone Field,recover-20220922,001,1795
1764.2075,1764.2197,23750,28544,Nyctalus leisleri,0.013,0.025,-1,Echolocation,/mnt/ubna_data_02_mir/recover-20220922/UBNA_001/20220921_090000.WAV,Telephone Field,recover-20220922,001,1795
1764.2245,1764.2345,23750,30784,Nyctalus leisleri,0.008,0.022,-1,Echolocation,/mnt/ubna_data_02_mir/recover-20220922/UBNA_001/20220921_090000.WAV,Telephone Field,recover-20220922,001,1795
1764.2375,1764.2773,68437,81800,Rhinolophus ferrumequinum,0.022,0.022,-1,Echolocation,/mnt/ubna_data_02_mir/recover-20220922/UBNA_001/20220921_090000.WAV,Telephone Field,recover-20220922,001,1795
1764.2445,1764.2865,68437,82345,Rhinolophus ferrumequinum,0.022,0.022,-1,Echolocation,/mnt/ubna_data_02_mir/recover-20220922/UBNA_001/20220921_090000.WAV,Telephone Field,recover-20220922,001,1795
1764.3085,1764.3461,68437,81397,Rhinolophus ferrumequinum,0.022,0.022,-1,Echolocation,/mnt/ubna_data_02_mir/recover-20220922/UBNA_001/20220921_090000.WAV,Telephone Field,recover-20220922,001,1795
1764.3415,1764.3773,67578,79005,Rhinolophus ferrumequinum,0.023,0.023,-1,Echolocation,/mnt/ubna_data_02_mir/recover-20220922/UBNA_001/20220921_090000.WAV,Telephone Field,recover-20220922,001,1795
1764.3845,1764.4205,68437,81004,Rhinolophus ferrumequinum,0.023,0.023,-1,Echolocation,/mnt/ubna_data_02_mir/recover-20220922/UBNA_001/20220921_090000.WAV,Telephone Field,recover-20220922,001,1795
1764.4085,1764.4534,68437,83161,Rhinolophus ferrumequinum,0.033,0.033,-1,Echolocation,/mnt/ubna_data_02_mir/recover-20220922/UBNA_001/20220921_090000.WAV,Telephone Field,recover-20220922,001,1795
1764.4165,1764.4275,22890,28791,Nyctalus leisleri,0.01,0.022,-1,Echolocation,/mnt/ubna_data_02_mir/recover-20220922/UBNA_001/20220921_090000.WAV,Telephone Field,recover-20220922,001,1795
1764.4325,1764.4417,28906,37557,Eptesicus serotinus,0.011,0.027,-1,Echolocation,/mnt/ubna_data_02_mir/recover-20220922/UBNA_001/20220921_090000.WAV,Telephone Field,recover-20220922,001,1795
1764.4395,1764.4774,68437,82126,Rhinolophus ferrumequinum,0.023,0.023,-1,Echolocation,/mnt/ubna_data_02_mir/recover-20220922/UBNA_001/20220921_090000.WAV,Telephone Field,recover-20220922,001,1795
1764.4465,1764.4853,68437,82191,Rhinolophus ferrumequinum,0.023,0.023,-1,Echolocation,/mnt/ubna_data_02_mir/recover-20220922/UBNA_001/20220921_090000.WAV,Telephone Field,recover-20220922,001,1795
1764.4635,1764.5013,68437,81686,Rhinolophus ferrumequinum,0.024,0.024,-1,Echolocation,/mnt/ubna_data_02_mir/recover-20220922/UBNA_001/20220921_090000.WAV,Telephone Field,recover-20220922,001,1795
1764.4855,1764.5213,68437,80591,Rhinolophus ferrumequinum,0.024,0.024,-1,Echolocation,/mnt/ubna_data_02_mir/recover-20220922/UBNA_001/20220921_090000.WAV,Telephone Field,recover-20220922,001,1795
1764.5145,1764.5568,68437,83014,Rhinolophus ferrumequinum,0.037,0.037,-1,Echolocation,/mnt/ubna_data_02_mir/recover-20220922/UBNA_001/20220921_090000.WAV,Telephone Field,recover-20220922,001,1795
1764.5185,1764.527,27187,38617,Eptesicus serotinus,0.008,0.022,-1,Echolocation,/mnt/ubna_data_02_mir/recover-20220922/UBNA_001/20220921_090000.WAV,Telephone Field,recover-20220922,001,1795
1764.5395,1764.5819,68437,82643,Rhinolophus ferrumequinum,0.025,0.025,-1,Echolocation,/mnt/ubna_data_02_mir/recover-20220922/UBNA_001/20220921_090000.WAV,Telephone Field,recover-20220922,001,1795
1764.5475,1764.5555,32343,40631,Myotis daubentonii,0.008,0.021,-1,Echolocation,/mnt/ubna_data_02_mir/recover-20220922/UBNA_001/20220921_090000.WAV,Telephone Field,recover-20220922,001,1795
1764.5985,1764.6397,68437,82499,Rhinolophus ferrumequinum,0.024,0.024,-1,Echolocation,/mnt/ubna_data_02_mir/recover-20220922/UBNA_001/20220921_090000.WAV,Telephone Field,recover-20220922,001,1795
1764.6155,1764.6252,28046,35455,Eptesicus serotinus,0.011,0.025,-1,Echolocation,/mnt/ubna_data_02_mir/recover-20220922/UBNA_001/20220921_090000.WAV,Telephone Field,recover-20220922,001,1795
1764.6215,1764.6635,68437,83131,Rhinolophus ferrumequinum,0.029,0.029,-1,Echolocation,/mnt/ubna_data_02_mir/recover-20220922/UBNA_001/20220921_090000.WAV,Telephone Field,recover-20220922,001,1795
1764.6465,1764.6872,68437,82499,Rhinolophus ferrumequinum,0.025,0.025,-1,Echolocation,/mnt/ubna_data_02_mir/recover-20220922/UBNA_001/20220921_090000.WAV,Telephone Field,recover-20220922,001,1795
1764.6825,1764.7228,68437,82659,Rhinolophus ferrumequinum,0.027,0.027,-1,Echolocation,/mnt/ubna_data_02_mir/recover-20220922/UBNA_001/20220921_090000.WAV,Telephone Field,recover-20220922,001,1795
1764.6885,1764.7004,37500,42349,Pipistrellus nathusii,0.006,0.026,-1,Echolocation,/mnt/ubna_data_02_mir/recover-20220922/UBNA_001/20220921_090000.WAV,Telephone Field,recover-20220922,001,1795
1764.7075,1764.7231,22031,25733,Nyctalus leisleri,0.014,0.022,-1,Echolocation,/mnt/ubna_data_02_mir/recover-20220922/UBNA_001/20220921_090000.WAV,Telephone Field,recover-20220922,001,1795
1764.7215,1764.76,68437,81513,Rhinolophus ferrumequinum,0.027,0.027,-1,Echolocation,/mnt/ubna_data_02_mir/recover-20220922/UBNA_001/20220921_090000.WAV,Telephone Field,recover-20220922,001,1795
1764.7515,1764.7897,68437,82005,Rhinolophus ferrumequinum,0.022,0.022,-1,Echolocation,/mnt/ubna_data_02_mir/recover-20220922/UBNA_001/20220921_090000.WAV,Telephone Field,recover-20220922,001,1795
1764.8265,1764.8673,68437,82660,Rhinolophus ferrumequinum,0.025,0.025,-1,Echolocation,/mnt/ubna_data_02_mir/recover-20220922/UBNA_001/20220921_090000.WAV,Telephone Field,recover-20220922,001,1795
1764.8495,1764.8629,28906,33839,Eptesicus serotinus,0.027,0.048,-1,Echolocation,/mnt/ubna_data_02_mir/recover-20220922/UBNA_001/20220921_090000.WAV,Telephone Field,recover-20220922,001,1795
1764.8545,1764.8924,68437,81451,Rhinolophus ferrumequinum,0.033,0.034,-1,Echolocation,/mnt/ubna_data_02_mir/recover-20220922/UBNA_001/20220921_090000.WAV,Telephone Field,recover-20220922,001,1795
1764.8635,1764.8725,22890,28874,Plecotus austriacus,0.01,0.024,-1,Echolocation,/mnt/ubna_data_02_mir/recover-20220922/UBNA_001/20220921_090000.WAV,Telephone Field,recover-20220922,001,1795
1764.8985,1764.9064,28046,37304,Eptesicus serotinus,0.007,0.023,-1,Echolocation,/mnt/ubna_data_02_mir/recover-20220922/UBNA_001/20220921_090000.WAV,Telephone Field,recover-20220922,001,1795
1764.9035,1764.9477,68437,83005,Rhinolophus ferrumequinum,0.027,0.027,-1,Echolocation,/mnt/ubna_data_02_mir/recover-20220922/UBNA_001/20220921_090000.WAV,Telephone Field,recover-20220922,001,1795
1764.9065,1764.9183,42656,45989,Pipistrellus pipistrellus,0.048,0.057,-1,Echolocation,/mnt/ubna_data_02_mir/recover-20220922/UBNA_001/20220921_090000.WAV,Telephone Field,recover-20220922,001,1795
1764.9105,1764.9542,68437,83271,Rhinolophus ferrumequinum,0.026,0.026,-1,Echolocation,/mnt/ubna_data_02_mir/recover-20220922/UBNA_001/20220921_090000.WAV,Telephone Field,recover-20220922,001,1795
1764.9255,1764.9372,28906,35438,Eptesicus serotinus,0.014,0.027,-1,Echolocation,/mnt/ubna_data_02_mir/recover-20220922/UBNA_001/20220921_090000.WAV,Telephone Field,recover-20220922,001,1795
1764.9305,1764.9677,68437,81213,Rhinolophus ferrumequinum,0.025,0.025,-1,Echolocation,/mnt/ubna_data_02_mir/recover-20220922/UBNA_001/20220921_090000.WAV,Telephone Field,recover-20220922,001,1795
1764.9475,1764.9917,68437,83293,Rhinolophus ferrumequinum,0.031,0.031,-1,Echolocation,/mnt/ubna_data_02_mir/recover-20220922/UBNA_001/20220921_090000.WAV,Telephone Field,recover-20220922,001,1795
1764.9715,1764.9782,27187,38823,Eptesicus serotinus,0.005,0.023,-1,Echolocation,/mnt/ubna_data_02_mir/recover-20220922/UBNA_001/20220921_090000.WAV,Telephone Field,recover-20220922,001,1795
1764.9715,1764.9816,22031,27219,Nyctalus leisleri,0.011,0.024,-1,Echolocation,/mnt/ubna_data_02_mir/recover-20220922/UBNA_001/20220921_090000.WAV,Telephone Field,recover-20220922,001,1795
1764.9815,1765.0277,68437,84272,Rhinolophus ferrumequinum,0.046,0.046,-1,Echolocation,/mnt/ubna_data_02_mir/recover-20220922/UBNA_001/20220921_090000.WAV,Telephone Field,recover-20220922,001,1795
1764.9835,1764.9941,23750,30585,Nyctalus leisleri,0.009,0.024,-1,Echolocation,/mnt/ubna_data_02_mir/recover-20220922/UBNA_001/20220921_090000.WAV,Telephone Field,recover-20220922,001,1795
1765.0035,1765.0126,48671,52078,Pipistrellus pipistrellus,0.021,0.023,-1,Echolocation,/mnt/ubna_data_02_mir/recover-20220922/UBNA_001/20220921_090000.WAV,Telephone Field,recover-20220922,001,1795
1765.0175,1765.0277,14296,18571,Nyctalus noctula,0.012,0.025,-1,Echolocation,/mnt/ubna_data_02_mir/recover-20220922/UBNA_001/20220921_090000.WAV,Telephone Field,recover-20220922,001,1795
1765.0275,1765.0661,68437,81955,Rhinolophus ferrumequinum,0.024,0.024,-1,Echolocation,/mnt/ubna_data_02_mir/recover-20220922/UBNA_001/20220921_090000.WAV,Telephone Field,recover-20220922,001,1795
1765.0365,1765.0462,28906,38968,Eptesicus serotinus,0.01,0.024,-1,Echolocation,/mnt/ubna_data_02_mir/recover-20220922/UBNA_001/20220921_090000.WAV,Telephone Field,recover-20220922,001,1795
1765.0425,1765.083,68437,82515,Rhinolophus ferrumequinum,0.023,0.023,-1,Echolocation,/mnt/ubna_data_02_mir/recover-20220922/UBNA_001/20220921_090000.WAV,Telephone Field,recover-20220922,001,1795
1765.0615,1765.08,16015,20398,Nyctalus noctula,0.023,0.031,-1,Echolocation,/mnt/ubna_data_02_mir/recover-20220922/UBNA_001/20220921_090000.WAV,Telephone Field,recover-20220922,001,1795
1765.0675,1765.1077,68437,81909,Rhinolophus ferrumequinum,0.025,0.025,-1,Echolocation,/mnt/ubna_data_02_mir/recover-20220922/UBNA_001/20220921_090000.WAV,Telephone Field,recover-20220922,001,1795
1765.0815,1765.0888,26328,41892,Eptesicus serotinus,0.006,0.022,-1,Echolocation,/mnt/ubna_data_02_mir/recover-20220922/UBNA_001/20220921_090000.WAV,Telephone Field,recover-20220922,001,1795
1765.0895,1765.123,68437,81165,Rhinolophus ferrumequinum,0.023,0.023,-1,Echolocation,/mnt/ubna_data_02_mir/recover-20220922/UBNA_001/20220921_090000.WAV,Telephone Field,recover-20220922,001,1795
1765.1195,1765.1262,23750,33208,Plecotus austriacus,0.018,0.034,-1,Echolocation,/mnt/ubna_data_02_mir/recover-20220922/UBNA_001/20220921_090000.WAV,Telephone Field,recover-20220922,001,1795
1765.1455,1765.1665,18593,21750,Nyctalus noctula,0.017,0.031,-1,Echolocation,/mnt/ubna_data_02_mir/recover-20220922/UBNA_001/20220921_090000.WAV,Telephone Field,recover-20220922,001,1795
1765.1805,1765.1908,28046,35660,Eptesicus serotinus,0.011,0.025,-1,Echolocation,/mnt/ubna_data_02_mir/recover-20220922/UBNA_001/20220921_090000.WAV,Telephone Field,recover-20220922,001,1795
1765.2035,1765.2099,35781,43404,Myotis daubentonii,0.011,0.024,-1,Echolocation,/mnt/ubna_data_02_mir/recover-20220922/UBNA_001/20220921_090000.WAV,Telephone Field,recover-20220922,001,1795
1765.2045,1765.2118,28046,39553,Eptesicus serotinus,0.008,0.026,-1,Echolocation,/mnt/ubna_data_02_mir/recover-20220922/UBNA_001/20220921_090000.WAV,Telephone Field,recover-20220922,001,1795
1765.2145,1765.2548,68437,82781,Rhinolophus ferrumequinum,0.025,0.025,-1,Echolocation,/mnt/ubna_data_02_mir/recover-20220922/UBNA_001/20220921_090000.WAV,Telephone Field,recover-20220922,001,1795
1765.2235,1765.2616,68437,81495,Rhinolophus ferrumequinum,0.022,0.023,-1,Echolocation,/mnt/ubna_data_02_mir/recover-20220922/UBNA_001/20220921_090000.WAV,Telephone Field,recover-20220922,001,1795
1765.2325,1765.2425,24609,31273,Nyctalus leisleri,0.007,0.022,-1,Echolocation,/mnt/ubna_data_02_mir/recover-20220922/UBNA_001/20220921_090000.WAV,Telephone Field,recover-20220922,001,1795
1765.2675,1765.2753,44375,50239,Pipistrellus pipistrellus,0.043,0.045,-1,Echolocation,/mnt/ubna_data_02_mir/recover-20220922/UBNA_001/20220921_090000.WAV,Telephone Field,recover-20220922,001,1795
1765.2735,1765.2819,28046,36477,Eptesicus serotinus,0.01,0.028,-1,Echolocation,/mnt/ubna_data_02_mir/recover-20220922/UBNA_001/20220921_090000.WAV,Telephone Field,recover-20220922,001,1795
1765.3365,1765.3744,68437,82112,Rhinolophus ferrumequinum,0.022,0.022,-1,Echolocation,/mnt/ubna_data_02_mir/recover-20220922/UBNA_001/20220921_090000.WAV,Telephone Field,recover-20220922,001,1795
1765.3475,1765.3863,68437,82040,Rhinolophus ferrumequinum,0.022,0.022,-1,Echolocation,/mnt/ubna_data_02_mir/recover-20220922/UBNA_001/20220921_090000.WAV,Telephone Field,recover-20220922,001,1795
1765.3765,1765.4168,68437,82495,Rhinolophus ferrumequinum,0.027,0.027,-1,Echolocation,/mnt/ubna_data_02_mir/recover-20220922/UBNA_001/20220921_090000.WAV,Telephone Field,recover-20220922,001,1795
1765.3985,1765.4365,68437,81246,Rhinolophus ferrumequinum,0.023,0.023,-1,Echolocation,/mnt/ubna_data_02_mir/recover-20220922/UBNA_001/20220921_090000.WAV,Telephone Field,recover-20220922,001,1795
1765.4135,1765.453,68437,81781,Rhinolophus ferrumequinum,0.022,0.022,-1,Echolocation,/mnt/ubna_data_02_mir/recover-20220922/UBNA_001/20220921_090000.WAV,Telephone Field,recover-20220922,001,1795
1765.4345,1765.4455,23750,29302,Nyctalus leisleri,0.011,0.023,-1,Echolocation,/mnt/ubna_data_02_mir/recover-20220922/UBNA_001/20220921_090000.WAV,Telephone Field,recover-20220922,001,1795
1765.4525,1765.4631,23750,29791,Nyctalus leisleri,0.011,0.024,-1,Echolocation,/mnt/ubna_data_02_mir/recover-20220922/UBNA_001/20220921_090000.WAV,Telephone Field,recover-20220922,001,1795
1765.4585,1765.4955,68437,81557,Rhinolophus ferrumequinum,0.025,0.025,-1,Echolocation,/mnt/ubna_data_02_mir/recover-20220922/UBNA_001/20220921_090000.WAV,Telephone Field,recover-20220922,001,1795
1765.4765,1765.5171,68437,82131,Rhinolophus ferrumequinum,0.022,0.022,-1,Echolocation,/mnt/ubna_data_02_mir/recover-20220922/UBNA_001/20220921_090000.WAV,Telephone Field,recover-20220922,001,1795
1765.5235,1765.5637,68437,82380,Rhinolophus ferrumequinum,0.034,0.034,-1,Echolocation,/mnt/ubna_data_02_mir/recover-20220922/UBNA_001/20220921_090000.WAV,Telephone Field,recover-20220922,001,1795
1765.5455,1765.554,22890,30514,Plecotus austriacus,0.018,0.037,-1,Echolocation,/mnt/ubna_data_02_mir/recover-20220922/UBNA_001/20220921_090000.WAV,Telephone Field,recover-20220922,001,1795
1765.5485,1765.5853,68437,81433,Rhinolophus ferrumequinum,0.022,0.022,-1,Echolocation,/mnt/ubna_data_02_mir/recover-20220922/UBNA_001/20220921_090000.WAV,Telephone Field,recover-20220922,001,1795
1765.5575,1765.5945,68437,81833,Rhinolophus ferrumequinum,0.022,0.022,-1,Echolocation,/mnt/ubna_data_02_mir/recover-20220922/UBNA_001/20220921_090000.WAV,Telephone Field,recover-20220922,001,1795
1765.5855,1765.6231,68437,82083,Rhinolophus ferrumequinum,0.023,0.023,-1,Echolocation,/mnt/ubna_data_02_mir/recover-20220922/UBNA_001/20220921_090000.WAV,Telephone Field,recover-20220922,001,1795
1765.6015,1765.6448,68437,83192,Rhinolophus ferrumequinum,0.026,0.026,-1,Echolocation,/mnt/ubna_data_02_mir/recover-20220922/UBNA_001/20220921_090000.WAV,Telephone Field,recover-20220922,001,1795
1765.6015,1765.6116,44375,48178,Pipistrellus pipistrellus,0.025,0.027,-1,Echolocation,/mnt/ubna_data_02_mir/recover-20220922/UBNA_001/20220921_090000.WAV,Telephone Field,recover-20220922,001,1795
1765.6075,1765.6173,28906,36307,Eptesicus serotinus,0.01,0.024,-1,Echolocation,/mnt/ubna_data_02_mir/recover-20220922/UBNA_001/20220921_090000.WAV,Telephone Field,recover-20220922,001,1795
1765.6205,1765.6543,68437,80492,Rhinolophus ferrumequinum,0.022,0.022,-1,Echolocation,/mnt/ubna_data_02_mir/recover-20220922/UBNA_001/20220921_090000.WAV,Telephone Field,recover-20220922,001,1795
1765.6305,1765.6698,68437,82260,Rhinolophus ferrumequinum,0.022,0.022,-1,Echolocation,/mnt/ubna_data_02_mir/recover-20220922/UBNA_001/20220921_090000.WAV,Telephone Field,recover-20220922,001,1795
1765.6435,1765.6842,68437,82180,Rhinolophus ferrumequinum,0.022,0.022,-1,Echolocation,/mnt/ubna_data_02_mir/recover-20220922/UBNA_001/20220921_090000.WAV,Telephone Field,recover-20220922,001,1795
1765.6925,1765.7339,68437,82325,Rhinolophus ferrumequinum,0.022,0.022,-1,Echolocation,/mnt/ubna_data_02_mir/recover-20220922/UBNA_001/20220921_090000.WAV,Telephone Field,recover-20220922,001,1795
1765.7335,1765.7729,68437,82315,Rhinolophus ferrumequinum,0.024,0.024,-1,Echolocation,/mnt/ubna_data_02_mir/recover-20220922/UBNA_001/20220921_090000.WAV,Telephone Field,recover-20220922,001,1795
1765.7495,1765.7883,68437,81460,Rhinolophus ferrumequinum,0.022,0.022,-1,Echolocation,/mnt/ubna_data_02_mir/recover-20220922/UBNA_001/20220921_090000.WAV,Telephone Field,recover-20220922,001,1795
1765.7865,1765.8265,68437,82168,Rhinolophus ferrumequinum,0.023,0.023,-1,Echolocation,/mnt/ubna_data_02_mir/recover-20220922/UBNA_001/20220921_090000.WAV,Telephone Field,recover-20220922,001,1795
1765.8015,1765.8111,25468,32905,Eptesicus serotinus,0.012,0.028,-1,Echolocation,/mnt/ubna_data_02_mir/recover-20220922/UBNA_001/20220921_090000.WAV,Telephone Field,recover-20220922,001,1795
1765.8465,1765.8845,68437,81148,Rhinolophus ferrumequinum,0.022,0.022,-1,Echolocation,/mnt/ubna_data_02_mir/recover-20220922/UBNA_001/20220921_090000.WAV,Telephone Field,recover-20220922,001,1795
1765.8555,1765.8945,68437,82001,Rhinolophus ferrumequinum,0.022,0.023,-1,Echolocation,/mnt/ubna_data_02_mir/recover-20220922/UBNA_001/20220921_090000.WAV,Telephone Field,recover-20220922,001,1795
1765.8715,1765.9122,68437,82193,Rhinolophus ferrumequinum,0.024,0.024,-1,Echolocation,/mnt/ubna_data_02_mir/recover-20220922/UBNA_001/20220921_090000.WAV,Telephone Field,recover-20220922,001,1795
1765.9115,1765.9493,68437,81923,Rhinolophus ferrumequinum,0.022,0.022,-1,Echolocation,/mnt/ubna_data_02_mir/recover-20220922/UBNA_001/20220921_090000.WAV,Telephone Field,recover-20220922,001,1795
1765.9125,1765.92,28046,37396,Eptesicus serotinus,0.006,0.021,-1,Echolocation,/mnt/ubna_data_02_mir/recover-20220922/UBNA_001/20220921_090000.WAV,Telephone Field,recover-20220922,001,1795
1765.9135,1765.9235,22031,27882,Nyctalus leisleri,0.009,0.022,-1,Echolocation,/mnt/ubna_data_02_mir/recover-20220922/UBNA_001/20220921_090000.WAV,Telephone Field,recover-20220922,001,1795
1765.9275,1765.9626,68437,81193,Rhinolophus ferrumequinum,0.022,0.022,-1,Echolocation,/mnt/ubna_data_02_mir/recover-20220922/UBNA_001/20220921_090000.WAV,Telephone Field,recover-20220922,001,1795
1765.9425,1765.9507,28906,40644,Eptesicus serotinus,0.007,0.023,-1,Echolocation,/mnt/ubna_data_02_mir/recover-20220922/UBNA_001/20220921_090000.WAV,Telephone Field,recover-20220922,001,1795
1766.0015,1766.0347,69296,81994,Rhinolophus ferrumequinum,0.033,0.034,-1,Echolocation,/mnt/ubna_data_02_mir/recover-20220922/UBNA_001/20220921_090000.WAV,Telephone Field,recover-20220922,001,1795
1766.0015,1766.01,22031,28661,Nyctalus leisleri,0.01,0.028,-1,Echolocation,/mnt/ubna_data_02_mir/recover-20220922/UBNA_001/20220921_090000.WAV,Telephone Field,recover-20220922,001,1795
1766.0225,1766.0663,68437,82853,Rhinolophus ferrumequinum,0.025,0.025,-1,Echolocation,/mnt/ubna_data_02_mir/recover-20220922/UBNA_001/20220921_090000.WAV,Telephone Field,recover-20220922,001,1795
1766.0535,1766.0966,68437,83091,Rhinolophus ferrumequinum,0.032,0.032,-1,Echolocation,/mnt/ubna_data_02_mir/recover-20220922/UBNA_001/20220921_090000.WAV,Telephone Field,recover-20220922,001,1795
1766.0565,1766.0646,27187,35634,Eptesicus serotinus,0.01,0.025,-1,Echolocation,/mnt/ubna_data_02_mir/recover-20220922/UBNA_001/20220921_090000.WAV,Telephone Field,recover-20220922,001,1795
1766.0685,1766.0754,50390,55004,Pipistrellus pipistrellus,0.027,0.03,-1,Echolocation,/mnt/ubna_data_02_mir/recover-20220922/UBNA_001/20220921_090000.WAV,Telephone Field,recover-20220922,001,1795
1766.0945,1766.134,68437,82525,Rhinolophus ferrumequinum,0.025,0.025,-1,Echolocation,/mnt/ubna_data_02_mir/recover-20220922/UBNA_001/20220921_090000.WAV,Telephone Field,recover-20220922,001,1795
1766.1135,1766.1208,26328,35566,Eptesicus serotinus,0.009,0.027,-1,Echolocation,/mnt/ubna_data_02_mir/recover-20220922/UBNA_001/20220921_090000.WAV,Telephone Field,recover-20220922,001,1795
1766.1245,1766.1604,68437,81578,Rhinolophus ferrumequinum,0.023,0.023,-1,Echolocation,/mnt/ubna_data_02_mir/recover-20220922/UBNA_001/20220921_090000.WAV,Telephone Field,recover-20220922,001,1795
1766.1415,1766.1512,28906,36772,Eptesicus serotinus,0.009,0.023,-1,Echolocation,/mnt/ubna_data_02_mir/recover-20220922/UBNA_001/20220921_090000.WAV,Telephone Field,recover-20220922,001,1795
1766.1685,1766.2089,68437,82354,Rhinolophus ferrumequinum,0.025,0.025,-1,Echolocation,/mnt/ubna_data_02_mir/recover-20220922/UBNA_001/20220921_090000.WAV,Telephone Field,recover-20220922,001,1795
1766.1885,1766.2279,68437,82305,Rhinolophus ferrumequinum,0.023,0.023,-1,Echolocation,/mnt/ubna_data_02_mir/recover-20220922/UBNA_001/20220921_090000.WAV,Telephone Field,recover-20220922,001,1795
1766.2035,1766.2135,28046,35501,Eptesicus serotinus,0.009,0.022,-1,Echolocation,/mnt/ubna_data_02_mir/recover-20220922/UBNA_001/20220921_090000.WAV,Telephone Field,recover-20220922,001,1795
1766.2055,1766.2448,68437,82125,Rhinolophus ferrumequinum,0.025,0.025,-1,Echolocation,/mnt/ubna_data_02_mir/recover-20220922/UBNA_001/20220921_090000.WAV,Telephone Field,recover-20220922,001,1795
1766.2165,1766.2259,28046,37121,Eptesicus serotinus,0.009,0.023,-1,Echolocation,/mnt/ubna_data_02_mir/recover-20220922/UBNA_001/20220921_090000.WAV,Telephone Field,recover-20220922,001,1795
1766.2275,1766.2671,68437,81028,Rhinolophus ferrumequinum,0.023,0.023,-1,Echolocation,/mnt/ubna_data_02_mir/recover-20220922/UBNA_001/20220921_090000.WAV,Telephone Field,recover-20220922,001,1795
1766.2525,1766.2623,28046,37058,Eptesicus serotinus,0.01,0.024,-1,Echolocation,/mnt/ubna_data_02_mir/recover-20220922/UBNA_001/20220921_090000.WAV,Telephone Field,recover-20220922,001,1795
1766.3105,1766.349,68437,82047,Rhinolophus ferrumequinum,0.027,0.027,-1,Echolocation,/mnt/ubna_data_02_mir/recover-20220922/UBNA_001/20220921_090000.WAV,Telephone Field,recover-20220922,001,1795
1766.3105,1766.3194,27187,40172,Eptesicus serotinus,0.009,0.024,-1,Echolocation,/mnt/ubna_data_02_mir/recover-20220922/UBNA_001/20220921_090000.WAV,Telephone Field,recover-20220922,001,1795
1766.3575,1766.3668,27187,38513,Eptesicus serotinus,0.01,0.022,-1,Echolocation,/mnt/ubna_data_02_mir/recover-20220922/UBNA_001/20220921_090000.WAV,Telephone Field,recover-20220922,001,1795
1766.3975,1766.4351,68437,82122,Rhinolophus ferrumequinum,0.023,0.023,-1,Echolocation,/mnt/ubna_data_02_mir/recover-20220922/UBNA_001/20220921_090000.WAV,Telephone Field,recover-20220922,001,1795
1766.4005,1766.4089,23750,32241,Plecotus austriacus,0.008,0.024,-1,Echolocation,/mnt/ubna_data_02_mir/recover-20220922/UBNA_001/20220921_090000.WAV,Telephone Field,recover-20220922,001,1795
1766.4345,1766.4448,54687,59435,Pipistrellus pygmaeus,0.018,0.025,-1,Echolocation,/mnt/ubna_data_02_mir/recover-20220922/UBNA_001/20220921_090000.WAV,Telephone Field,recover-20220922,001,1795
1766.4565,1766.4936,68437,81863,Rhinolophus ferrumequinum,0.022,0.022,-1,Echolocation,/mnt/ubna_data_02_mir/recover-20220922/UBNA_001/20220921_090000.WAV,Telephone Field,recover-20220922,001,1795
1766.4645,1766.5005,68437,81932,Rhinolophus ferrumequinum,0.023,0.023,-1,Echolocation,/mnt/ubna_data_02_mir/recover-20220922/UBNA_001/20220921_090000.WAV,Telephone Field,recover-20220922,001,1795
1766.4815,1766.4923,22890,27722,Nyctalus leisleri,0.012,0.023,-1,Echolocation,/mnt/ubna_data_02_mir/recover-20220922/UBNA_001/20220921_090000.WAV,Telephone Field,recover-20220922,001,1795
1766.4955,1766.5338,68437,82481,Rhinolophus ferrumequinum,0.023,0.023,-1,Echolocation,/mnt/ubna_data_02_mir/recover-20220922/UBNA_001/20220921_090000.WAV,Telephone Field,recover-20220922,001,1795
1766.5185,1766.5288,23750,29754,Nyctalus leisleri,0.01,0.027,-1,Echolocation,/mnt/ubna_data_02_mir/recover-20220922/UBNA_001/20220921_090000.WAV,Telephone Field,recover-20220922,001,1795
1766.5405,1766.5849,68437,83516,Rhinolophus ferrumequinum,0.049,0.05,-1,Echolocation,/mnt/ubna_data_02_mir/recover-20220922/UBNA_001/20220921_090000.WAV,Telephone Field,recover-20220922,001,1795
1766.5755,1766.5838,28046,41314,Eptesicus serotinus,0.009,0.025,-1,Echolocation,/mnt/ubna_data_02_mir/recover-20220922/UBNA_001/20220921_090000.WAV,Telephone Field,recover-20220922,001,1795
1766.6115,1766.6249,22031,25915,Nyctalus leisleri,0.013,0.022,-1,Echolocation,/mnt/ubna_data_02_mir/recover-20220922/UBNA_001/20220921_090000.WAV,Telephone Field,recover-20220922,001,1795
1766.6185,1766.6555,68437,82126,Rhinolophus ferrumequinum,0.022,0.022,-1,Echolocation,/mnt/ubna_data_02_mir/recover-20220922/UBNA_001/20220921_090000.WAV,Telephone Field,recover-20220922,001,1795
1766.6675,1766.687,18593,22406,Nyctalus noctula,0.02,0.034,-1,Echolocation,/mnt/ubna_data_02_mir/recover-20220922/UBNA_001/20220921_090000.WAV,Telephone Field,recover-20220922,001,1795
1766.6845,1766.6952,28046,35049,Eptesicus serotinus,0.02,0.035,-1,Echolocation,/mnt/ubna_data_02_mir/recover-20220922/UBNA_001/20220921_090000.WAV,Telephone Field,recover-20220922,001,1795
1766.6935,1766.7356,68437,82889,Rhinolophus ferrumequinum,0.032,0.032,-1,Echolocation,/mnt/ubna_data_02_mir/recover-20220922/UBNA_001/20220921_090000.WAV,Telephone Field,recover-20220922,001,1795
1766.7215,1766.7584,68437,81783,Rhinolophus ferrumequinum,0.022,0.022,-1,Echolocation,/mnt/ubna_data_02_mir/recover-20220922/UBNA_001/20220921_090000.WAV,Telephone Field,recover-20220922,001,1795
1766.7405,1766.7792,68437,82171,Rhinolophus ferrumequinum,0.022,0.022,-1,Echolocation,/mnt/ubna_data_02_mir/recover-20220922/UBNA_001/20220921_090000.WAV,Telephone Field,recover-20220922,001,1795
1766.7465,1766.7832,68437,82214,Rhinolophus ferrumequinum,0.024,0.024,-1,Echolocation,/mnt/ubna_data_02_mir/recover-20220922/UBNA_001/20220921_090000.WAV,Telephone Field,recover-20220922,001,1795
1766.7825,1766.8229,68437,82913,Rhinolophus ferrumequinum,0.028,0.028,-1,Echolocation,/mnt/ubna_data_02_mir/recover-20220922/UBNA_001/20220921_090000.WAV,Telephone Field,recover-20220922,001,1795
1766.8085,1766.8491,68437,82786,Rhinolophus ferrumequinum,0.024,0.024,-1,Echolocation,/mnt/ubna_data_02_mir/recover-20220922/UBNA_001/20220921_090000.WAV,Telephone Field,recover-20220922,001,1795
1766.8135,1766.8217,28046,40166,Eptesicus serotinus,0.008,0.024,-1,Echolocation,/mnt/ubna_data_02_mir/recover-20220922/UBNA_001/20220921_090000.WAV,Telephone Field,recover-20220922,001,1795
1766.8225,1766.831,25468,33732,Eptesicus serotinus,0.009,0.025,-1,Echolocation,/mnt/ubna_data_02_mir/recover-20220922/UBNA_001/20220921_090000.WAV,Telephone Field,recover-20220922,001,1795
1766.8345,1766.8735,68437,82088,Rhinolophus ferrumequinum,0.028,0.028,-1,Echolocation,/mnt/ubna_data_02_mir/recover-20220922/UBNA_001/20220921_090000.WAV,Telephone Field,recover-20220922,001,1795
1766.9355,1766.9771,68437,82392,Rhinolophus ferrumequinum,0.026,0.026,-1,Echolocation,/mnt/ubna_data_02_mir/recover-20220922/UBNA_001/20220921_090000.WAV,Telephone Field,recover-20220922,001,1795
1766.9515,1766.9609,24609,32104,Nyctalus leisleri,0.008,0.025,-1,Echolocation,/mnt/ubna_data_02_mir/recover-20220922/UBNA_001/20220921_090000.WAV,Telephone Field,recover-20220922,001,1795
1766.9575,1766.9981,68437,82977,Rhinolophus ferrumequinum,0.029,0.029,-1,Echolocation,/mnt/ubna_data_02_mir/recover-20220922/UBNA_001/20220921_090000.WAV,Telephone Field,recover-20220922,001,1795
1766.9935,1767.0322,68437,82292,Rhinolophus ferrumequinum,0.022,0.022,-1,Echolocation,/mnt/ubna_data_02_mir/recover-20220922/UBNA_001/20220921_090000.WAV,Telephone Field,recover-20220922,001,1795
1767.0155,1767.0581,68437,82862,Rhinolophus ferrumequinum,0.035,0.035,-1,Echolocation,/mnt/ubna_data_02_mir/recover-20220922/UBNA_001/20220921_090000.WAV,Telephone Field,recover-20220922,001,1795
1767.0245,1767.0337,28906,38429,Eptesicus serotinus,0.008,0.023,-1,Echolocation,/mnt/ubna_data_02_mir/recover-20220922/UBNA_001/20220921_090000.WAV,Telephone Field,recover-20220922,001,1795
1767.0395,1767.0765,68437,82254,Rhinolophus ferrumequinum,0.028,0.028,-1,Echolocation,/mnt/ubna_data_02_mir/recover-20220922/UBNA_001/20220921_090000.WAV,Telephone Field,recover-20220922,001,1795
1767.1035,1767.1391,68437,82139,Rhinolophus ferrumequinum,0.023,0.024,-1,Echolocation,/mnt/ubna_data_02_mir/recover-20220922/UBNA_001/20220921_090000.WAV,Telephone Field,recover-20220922,001,1795
1767.1105,1767.1485,68437,82278,Rhinolophus ferrumequinum,0.022,0.022,-1,Echolocation,/mnt/ubna_data_02_mir/recover-20220922/UBNA_001/20220921_090000.WAV,Telephone Field,recover-20220922,001,1795
1767.1485,1767.1916,68437,83069,Rhinolophus ferrumequinum,0.034,0.034,-1,Echolocation,/mnt/ubna_data_02_mir/recover-20220922/UBNA_001/20220921_090000.WAV,Telephone Field,recover-20220922,001,1795
1767.1915,1767.2367,68437,83287,Rhinolophus ferrumequinum,0.043,0.043,-1,Echolocation,/mnt/ubna_data_02_mir/recover-20220922/UBNA_001/20220921_090000.WAV,Telephone Field,recover-20220922,001,1795
1767.2045,1767.2135,28046,39957,Eptesicus serotinus,0.011,0.027,-1,Echolocation,/mnt/ubna_data_02_mir/recover-20220922/UBNA_001/20220921_090000.WAV,Telephone Field,recover-20220922,001,1795
1767.2355,1767.2464,28046,36307,Eptesicus serotinus,0.014,0.03,-1,Echolocation,/mnt/ubna_data_02_mir/recover-20220922/UBNA_001/20220921_090000.WAV,Telephone Field,recover-20220922,001,1795
1767.2405,1767.2786,68437,81914,Rhinolophus ferrumequinum,0.023,0.023,-1,Echolocation,/mnt/ubna_data_02_mir/recover-20220922/UBNA_001/20220921_090000.WAV,Telephone Field,recover-20220922,001,1795
1767.2615,1767.2984,68437,81979,Rhinolophus ferrumequinum,0.023,0.023,-1,Echolocation,/mnt/ubna_data_02_mir/recover-20220922/UBNA_001/20220921_090000.WAV,Telephone Field,recover-20220922,001,1795
1767.2815,1767.291,27187,35992,Eptesicus serotinus,0.01,0.024,-1,Echolocation,/mnt/ubna_data_02_mir/recover-20220922/UBNA_001/20220921_090000.WAV,Telephone Field,recover-20220922,001,1795
1767.3055,1767.3455,68437,82547,Rhinolophus ferrumequinum,0.028,0.028,-1,Echolocation,/mnt/ubna_data_02_mir/recover-20220922/UBNA_001/20220921_090000.WAV,Telephone Field,recover-20220922,001,1795
1767.3365,1767.3477,27187,34847,Eptesicus serotinus,0.013,0.03,-1,Echolocation,/mnt/ubna_data_02_mir/recover-20220922/UBNA_001/20220921_090000.WAV,Telephone Field,recover-20220922,001,1795
1767.3475,1767.3578,28046,34328,Eptesicus serotinus,0.01,0.023,-1,Echolocation,/mnt/ubna_data_02_mir/recover-20220922/UBNA_001/20220921_090000.WAV,Telephone Field,recover-20220922,001,1795
1767.3665,1767.378,22890,27689,Nyctalus leisleri,0.012,0.024,-1,Echolocation,/mnt/ubna_data_02_mir/recover-20220922/UBNA_001/20220921_090000.WAV,Telephone Field,recover-20220922,001,1795
1767.3925,1767.4333,68437,82558,Rhinolophus ferrumequinum,0.027,0.027,-1,Echolocation,/mnt/ubna_data_02_mir/recover-20220922/UBNA_001/20220921_090000.WAV,Telephone Field,recover-20220922,001,1795
1767.4015,1767.4353,68437,80634,Rhinolophus ferrumequinum,0.027,0.027,-1,Echolocation,/mnt/ubna_data_02_mir/recover-20220922/UBNA_001/20220921_090000.WAV,Telephone Field,recover-20220922,001,1795
1767.4285,1767.4678,68437,82526,Rhinolophus ferrumequinum,0.026,0.026,-1,Echolocation,/mnt/ubna_data_02_mir/recover-20220922/UBNA_001/20220921_090000.WAV,Telephone Field,recover-20220922,001,1795
1767.4535,1767.4911,68437,81618,Rhinolophus ferrumequinum,0.028,0.028,-1,Echolocation,/mnt/ubna_data_02_mir/recover-20220922/UBNA_001/20220921_090000.WAV,Telephone Field,recover-20220922,001,1795
1767.4605,1767.5004,68437,82268,Rhinolophus ferrumequinum,0.028,0.028,-1,Echolocation,/mnt/ubna_data_02_mir/recover-20220922/UBNA_001/20220921_090000.WAV,Telephone Field,recover-20220922,001,1795
1767.5085,1767.5475,68437,82621,Rhinolophus ferrumequinum,0.025,0.025,-1,Echolocation,/mnt/ubna_data_02_mir/recover-20220922/UBNA_001/20220921_090000.WAV,Telephone Field,recover-20220922,001,1795
1767.5085,1767.5154,28046,40033,Eptesicus serotinus,0.011,0.036,-1,Echolocation,/mnt/ubna_data_02_mir/recover-20220922/UBNA_001/20220921_090000.WAV,Telephone Field,recover-20220922,001,1795
1767.5275,1767.5686,68437,83042,Rhinolophus ferrumequinum,0.028,0.028,-1,Echolocation,/mnt/ubna_data_02_mir/recover-20220922/UBNA_001/20220921_090000.WAV,Telephone Field,recover-20220922,001,1795
1767.5455,1767.5817,68437,81740,Rhinolophus ferrumequinum,0.023,0.023,-1,Echolocation,/mnt/ubna_data_02_mir/recover-20220922/UBNA_001/20220921_090000.WAV,Telephone Field,recover-20220922,001,1795
1767.5585,1767.5697,23750,28584,Nyctalus leisleri,0.012,0.023,-1,Echolocation,/mnt/ubna_data_02_mir/recover-20220922/UBNA_001/20220921_090000.WAV,Telephone Field,recover-20220922,001,1795
1767.6095,1767.6504,68437,82620,Rhinolophus ferrumequinum,0.025,0.025,-1,Echolocation,/mnt/ubna_data_02_mir/recover-20220922/UBNA_001/20220921_090000.WAV,Telephone Field,recover-20220922,001,1795
1767.6365,1767.648,28046,34350,Eptesicus serotinus,0.012,0.023,-1,Echolocation,/mnt/ubna_data_02_mir/recover-20220922/UBNA_001/20220921_090000.WAV,Telephone Field,recover-20220922,001,1795
1767.6455,1767.6873,68437,83040,Rhinolophus ferrumequinum,0.027,0.027,-1,Echolocation,/mnt/ubna_data_02_mir/recover-20220922/UBNA_001/20220921_090000.WAV,Telephone Field,recover-20220922,001,1795
1767.7065,1767.7159,28906,39680,Eptesicus serotinus,0.008,0.023,-1,Echolocation,/mnt/ubna_data_02_mir/recover-20220922/UBNA_001/20220921_090000.WAV,Telephone Field,recover-20220922,001,1795
1767.7655,1767.7726,26328,37353,Eptesicus serotinus,0.007,0.024,-1,Echolocation,/mnt/ubna_data_02_mir/recover-20220922/UBNA_001/20220921_090000.WAV,Telephone Field,recover-20220922,001,1795
1767.7885,1767.8329,68437,83222,Rhinolophus ferrumequinum,0.034,0.034,-1,Echolocation,/mnt/ubna_data_02_mir/recover-20220922/UBNA_001/20220921_090000.WAV,Telephone Field,recover-20220922,001,1795
1767.8185,1767.8555,68437,81448,Rhinolophus ferrumequinum,0.023,0.023,-1,Echolocation,/mnt/ubna_data_02_mir/recover-20220922/UBNA_001/20220921_090000.WAV,Telephone Field,recover-20220922,001,1795
1767.8615,1767.8992,68437,82471,Rhinolophus ferrumequinum,0.023,0.023,-1,Echolocation,/mnt/ubna_data_02_mir/recover-20220922/UBNA_001/20220921_090000.WAV,Telephone Field,recover-20220922,001,1795
1767.9025,1767.9102,26328,39199,Eptesicus serotinus,0.007,0.023,-1,Echolocation,/mnt/ubna_data_02_mir/recover-20220922/UBNA_001/20220921_090000.WAV,Telephone Field,recover-20220922,001,1795
1767.9325,1767.9419,28046,36942,Eptesicus serotinus,0.01,0.025,-1,Echolocation,/mnt/ubna_data_02_mir/recover-20220922/UBNA_001/20220921_090000.WAV,Telephone Field,recover-20220922,001,1795
1767.9345,1767.9422,23750,31828,Plecotus austriacus,0.01,0.024,-1,Echolocation,/mnt/ubna_data_02_mir/recover-20220922/UBNA_001/20220921_090000.WAV,Telephone Field,recover-20220922,001,1795
1768.0015,1768.0349,68437,80203,Rhinolophus ferrumequinum,0.028,0.028,-1,Echolocation,/mnt/ubna_data_02_mir/recover-20220922/UBNA_001/20220921_090000.WAV,Telephone Field,recover-20220922,001,1795
1768.0015,1768.0097,25468,35047,Nyctalus leisleri,0.01,0.036,-1,Echolocation,/mnt/ubna_data_02_mir/recover-20220922/UBNA_001/20220921_090000.WAV,Telephone Field,recover-20220922,001,1795
1768.0015,1768.0109,46093,50138,Pipistrellus pipistrellus,0.014,0.021,-1,Echolocation,/mnt/ubna_data_02_mir/recover-20220922/UBNA_001/20220921_090000.WAV,Telephone Field,recover-20220922,001,1795
1768.0115,1768.0573,68437,82990,Rhinolophus ferrumequinum,0.028,0.028,-1,Echolocation,/mnt/ubna_data_02_mir/recover-20220922/UBNA_001/20220921_090000.WAV,Telephone Field,recover-20220922,001,1795
1768.0215,1768.061,68437,81666,Rhinolophus ferrumequinum,0.024,0.024,-1,Echolocation,/mnt/ubna_data_02_mir/recover-20220922/UBNA_001/20220921_090000.WAV,Telephone Field,recover-20220922,001,1795
1768.0315,1768.0689,68437,82287,Rhinolophus ferrumequinum,0.026,0.026,-1,Echolocation,/mnt/ubna_data_02_mir/recover-20220922/UBNA_001/20220921_090000.WAV,Telephone Field,recover-20220922,001,1795
1768.0465,1768.0567,28906,35504,Eptesicus serotinus,0.011,0.025,-1,Echolocation,/mnt/ubna_data_02_mir/recover-20220922/UBNA_001/20220921_090000.WAV,Telephone Field,recover-20220922,001,1795
1768.0475,1768.084,68437,81604,Rhinolophus ferrumequinum,0.024,0.024,-1,Echolocation,/mnt/ubna_data_02_mir/recover-20220922/UBNA_001/20220921_090000.WAV,Telephone Field,recover-20220922,001,1795
1768.1025,1768.1111,25468,34255,Eptesicus serotinus,0.008,0.024,-1,Echolocation,/mnt/ubna_data_02_mir/recover-20220922/UBNA_001/20220921_090000.WAV,Telephone Field,recover-20220922,001,1795
1768.1225,1768.1585,68437,81365,Rhinolophus ferrumequinum,0.031,0.031,-1,Echolocation,/mnt/ubna_data_02_mir/recover-20220922/UBNA_001/20220921_090000.WAV,Telephone Field,recover-20220922,001,1795
1768.1405,1768.1818,68437,82952,Rhinolophus ferrumequinum,0.029,0.029,-1,Echolocation,/mnt/ubna_data_02_mir/recover-20220922/UBNA_001/20220921_090000.WAV,Telephone Field,recover-20220922,001,1795
1768.1545,1768.1956,68437,82336,Rhinolophus ferrumequinum,0.022,0.022,-1,Echolocation,/mnt/ubna_data_02_mir/recover-20220922/UBNA_001/20220921_090000.WAV,Telephone Field,recover-20220922,001,1795
1768.1845,1768.2257,68437,82828,Rhinolophus ferrumequinum,0.027,0.027,-1,Echolocation,/mnt/ubna_data_02_mir/recover-20220922/UBNA_001/20220921_090000.WAV,Telephone Field,recover-20220922,001,1795
1768.1905,1768.1983,28906,36967,Eptesicus serotinus,0.006,0.021,-1,Echolocation,/mnt/ubna_data_02_mir/recover-20220922/UBNA_001/20220921_090000.WAV,Telephone Field,recover-20220922,001,1795
1768.1945,1768.2378,68437,83263,Rhinolophus ferrumequinum,0.028,0.028,-1,Echolocation,/mnt/ubna_data_02_mir/recover-20220922/UBNA_001/20220921_090000.WAV,Telephone Field,recover-20220922,001,1795
1768.2045,1768.2163,23750,28656,Nyctalus leisleri,0.015,0.028,-1,Echolocation,/mnt/ubna_data_02_mir/recover-20220922/UBNA_001/20220921_090000.WAV,Telephone Field,recover-20220922,001,1795
1768.2375,1768.2465,28046,37381,Eptesicus serotinus,0.023,0.041,-1,Echolocation,/mnt/ubna_data_02_mir/recover-20220922/UBNA_001/20220921_090000.WAV,Telephone Field,recover-20220922,001,1795
1768.2535,1768.2942,68437,82740,Rhinolophus ferrumequinum,0.021,0.021,-1,Echolocation,/mnt/ubna_data_02_mir/recover-20220922/UBNA_001/20220921_090000.WAV,Telephone Field,recover-20220922,001,1795
1768.2795,1768.3223,68437,82633,Rhinolophus ferrumequinum,0.026,0.026,-1,Echolocation,/mnt/ubna_data_02_mir/recover-20220922/UBNA_001/20220921_090000.WAV,Telephone Field,recover-20220922,001,1795
1768.2875,1768.2983,25468,30806,Nyctalus leisleri,0.008,0.021,-1,Echolocation,/mnt/ubna_data_02_mir/recover-20220922/UBNA_001/20220921_090000.WAV,Telephone Field,recover-20220922,001,1795
1768.3105,1768.3522,68437,83110,Rhinolophus ferrumequinum,0.029,0.029,-1,Echolocation,/mnt/ubna_data_02_mir/recover-20220922/UBNA_001/20220921_090000.WAV,Telephone Field,recover-20220922,001,1795
1768.3155,1768.3239,28046,37243,Eptesicus serotinus,0.01,0.029,-1,Echolocation,/mnt/ubna_data_02_mir/recover-20220922/UBNA_001/20220921_090000.WAV,Telephone Field,recover-20220922,001,1795
1768.3195,1768.3605,68437,82540,Rhinolophus ferrumequinum,0.024,0.024,-1,Echolocation,/mnt/ubna_data_02_mir/recover-20220922/UBNA_001/20220921_090000.WAV,Telephone Field,recover-20220922,001,1795
1768.3255,1768.3642,68437,81865,Rhinolophus ferrumequinum,0.024,0.024,-1,Echolocation,/mnt/ubna_data_02_mir/recover-20220922/UBNA_001/20220921_090000.WAV,Telephone Field,recover-20220922,001,1795
1768.3345,1768.3746,68437,82819,Rhinolophus ferrumequinum,0.021,0.021,-1,Echolocation,/mnt/ubna_data_02_mir/recover-20220922/UBNA_001/20220921_090000.WAV,Telephone Field,recover-20220922,001,1795
1768.3615,1768.4026,68437,82671,Rhinolophus ferrumequinum,0.026,0.026,-1,Echolocation,/mnt/ubna_data_02_mir/recover-20220922/UBNA_001/20220921_090000.WAV,Telephone Field,recover-20220922,001,1795
1768.3835,1768.4247,68437,82313,Rhinolophus ferrumequinum,0.021,0.021,-1,Echolocation,/mnt/ubna_data_02_mir/recover-20220922/UBNA_001/20220921_090000.WAV,Telephone Field,recover-20220922,001,1795
1768.3925,1768.4014,28046,39521,Eptesicus serotinus,0.008,0.021,-1,Echolocation,/mnt/ubna_data_02_mir/recover-20220922/UBNA_001/20220921_090000.WAV,Telephone Field,recover-20220922,001,1795
1768.4105,1768.4181,46093,57351,Pipistrellus pipistrellus,0.015,0.027,-1,Echolocation,/mnt/ubna_data_02_mir/recover-20220922/UBNA_001/20220921_090000.WAV,Telephone Field,recover-20220922,001,1795
1768.4285,1768.4664,68437,81873,Rhinolophus ferrumequinum,0.027,0.027,-1,Echolocation,/mnt/ubna_data_02_mir/recover-20220922/UBNA_001/20220921_090000.WAV,Telephone Field,recover-20220922,001,1795
1768.4675,1768.482,14296,19943,Nyctalus noctula,0.016,0.024,-1,Echolocation,/mnt/ubna_data_02_mir/recover-20220922/UBNA_001/20220921_090000.WAV,Telephone Field,recover-20220922,001,1795
1768.4835,1768.5236,68437,82387,Rhinolophus ferrumequinum,0.021,0.021,-1,Echolocation,/mnt/ubna_data_02_mir/recover-20220922/UBNA_001/20220921_090000.WAV,Telephone Field,recover-20220922,001,1795
1768.5075,1768.5499,68437,82413,Rhinolophus ferrumequinum,0.023,0.023,-1,Echolocation,/mnt/ubna_data_02_mir/recover-20220922/UBNA_001/20220921_090000.WAV,Telephone Field,recover-20220922,001,1795
1768.5215,1768.5298,28046,39254,Eptesicus serotinus,0.008,0.024,-1,Echolocation,/mnt/ubna_data_02_mir/recover-20220922/UBNA_001/20220921_090000.WAV,Telephone Field,recover-20220922,001,1795
1768.5615,1768.6014,68437,82279,Rhinolophus ferrumequinum,0.022,0.022,-1,Echolocation,/mnt/ubna_data_02_mir/recover-20220922/UBNA_001/20220921_090000.WAV,Telephone Field,recover-20220922,001,1795
1768.5895,1768.5978,28046,39490,Eptesicus serotinus,0.008,0.021,-1,Echolocation,/mnt/ubna_data_02_mir/recover-20220922/UBNA_001/20220921_090000.WAV,Telephone Field,recover-20220922,001,1795
1768.5925,1768.632,68437,82324,Rhinolophus ferrumequinum,0.028,0.028,-1,Echolocation,/mnt/ubna_data_02_mir/recover-20220922/UBNA_001/20220921_090000.WAV,Telephone Field,recover-20220922,001,1795
1768.6435,1768.6824,68437,82134,Rhinolophus ferrumequinum,0.023,0.023,-1,Echolocation,/mnt/ubna_data_02_mir/recover-20220922/UBNA_001/20220921_090000.WAV,Telephone Field,recover-20220922,001,1795
1768.6635,1768.7017,68437,81446,Rhinolophus ferrumequinum,0.021,0.021,-1,Echolocation,/mnt/ubna_data_02_mir/recover-20220922/UBNA_001/20220921_090000.WAV,Telephone Field,recover-20220922,001,1795
1768.6685,1768.6794,22890,27147,Nyctalus leisleri,0.013,0.023,-1,Echolocation,/mnt/ubna_data_02_mir/recover-20220922/UBNA_001/20220921_090000.WAV,Telephone Field,recover-20220922,001,1795
1768.7115,1768.7212,28906,37492,Eptesicus serotinus,0.009,0.023,-1,Echolocation,/mnt/ubna_data_02_mir/recover-20220922/UBNA_001/20220921_090000.WAV,Telephone Field,recover-20220922,001,1795
1768.7175,1768.7597,68437,83065,Rhinolophus ferrumequinum,0.029,0.029,-1,Echolocation,/mnt/ubna_data_02_mir/recover-20220922/UBNA_001/20220921_090000.WAV,Telephone Field,recover-20220922,001,1795
1768.7245,1768.7354,28906,36830,Eptesicus serotinus,0.018,0.036,-1,Echolocation,/mnt/ubna_data_02_mir/recover-20220922/UBNA_001/20220921_090000.WAV,Telephone Field,recover-20220922,001,1795
1768.7395,1768.7768,68437,81643,Rhinolophus ferrumequinum,0.022,0.022,-1,Echolocation,/mnt/ubna_data_02_mir/recover-20220922/UBNA_001/20220921_090000.WAV,Telephone Field,recover-20220922,001,1795
1768.7655,1768.7723,47812,54016,Pipistrellus pipistrellus,0.024,0.025,-1,Echolocation,/mnt/ubna_data_02_mir/recover-20220922/UBNA_001/20220921_090000.WAV,Telephone Field,recover-20220922,001,1795
1768.7845,1768.8219,68437,81679,Rhinolophus ferrumequinum,0.024,0.024,-1,Echolocation,/mnt/ubna_data_02_mir/recover-20220922/UBNA_001/20220921_090000.WAV,Telephone Field,recover-20220922,001,1795
1768.7985,1768.8071,28046,37264,Eptesicus serotinus,0.008,0.023,-1,Echolocation,/mnt/ubna_data_02_mir/recover-20220922/UBNA_001/20220921_090000.WAV,Telephone Field,recover-20220922,001,1795
1768.8115,1768.8511,68437,82164,Rhinolophus ferrumequinum,0.024,0.024,-1,Echolocation,/mnt/ubna_data_02_mir/recover-20220922/UBNA_001/20220921_090000.WAV,Telephone Field,recover-20220922,001,1795
1768.8265,1768.867,68437,83004,Rhinolophus ferrumequinum,0.029,0.029,-1,Echolocation,/mnt/ubna_data_02_mir/recover-20220922/UBNA_001/20220921_090000.WAV,Telephone Field,recover-20220922,001,1795
1768.8675,1768.8795,23750,30046,Nyctalus leisleri,0.011,0.026,-1,Echolocation,/mnt/ubna_data_02_mir/recover-20220922/UBNA_001/20220921_090000.WAV,Telephone Field,recover-20220922,001,1795
1768.8785,1768.918,68437,82321,Rhinolophus ferrumequinum,0.025,0.025,-1,Echolocation,/mnt/ubna_data_02_mir/recover-20220922/UBNA_001/20220921_090000.WAV,Telephone Field,recover-20220922,001,1795
1768.8925,1768.9313,68437,81717,Rhinolophus ferrumequinum,0.022,0.022,-1,Echolocation,/mnt/ubna_data_02_mir/recover-20220922/UBNA_001/20220921_090000.WAV,Telephone Field,recover-20220922,001,1795
1768.8935,1768.9031,25468,33067,Eptesicus serotinus,0.007,0.021,-1,Echolocation,/mnt/ubna_data_02_mir/recover-20220922/UBNA_001/20220921_090000.WAV,Telephone Field,recover-20220922,001,1795
1768.9105,1768.9185,28046,39259,Eptesicus serotinus,0.007,0.022,-1,Echolocation,/mnt/ubna_data_02_mir/recover-20220922/UBNA_001/20220921_090000.WAV,Telephone Field,recover-20220922,001,1795
1768.9465,1768.9855,68437,81835,Rhinolophus ferrumequinum,0.021,0.022,-1,Echolocation,/mnt/ubna_data_02_mir/recover-20220922/UBNA_001/20220921_090000.WAV,Telephone Field,recover-20220922,001,1795
1768.9485,1768.9569,28046,38221,Eptesicus serotinus,0.008,0.022,-1,Echolocation,/mnt/ubna_data_02_mir/recover-20220922/UBNA_001/20220921_090000.WAV,Telephone Field,recover-20220922,001,1795
1768.9575,1768.9686,23750,29712,Nyctalus leisleri,0.008,0.021,-1,Echolocation,/mnt/ubna_data_02_mir/recover-20220922/UBNA_001/20220921_090000.WAV,Telephone Field,recover-20220922,001,1795
1768.9605,1768.9982,68437,82283,Rhinolophus ferrumequinum,0.023,0.023,-1,Echolocation,/mnt/ubna_data_02_mir/recover-20220922/UBNA_001/20220921_090000.WAV,Telephone Field,recover-20220922,001,1795
1768.9685,1768.9788,22890,28312,Nyctalus leisleri,0.009,0.021,-1,Echolocation,/mnt/ubna_data_02_mir/recover-20220922/UBNA_001/20220921_090000.WAV,Telephone Field,recover-20220922,001,1795
1768.9745,1769.015,68437,82588,Rhinolophus ferrumequinum,0.024,0.024,-1,Echolocation,/mnt/ubna_data_02_mir/recover-20220922/UBNA_001/20220921_090000.WAV,Telephone Field,recover-20220922,001,1795
1769.0035,1769.0419,68437,82384,Rhinolophus ferrumequinum,0.023,0.023,-1,Echolocation,/mnt/ubna_data_02_mir/recover-20220922/UBNA_001/20220921_090000.WAV,Telephone Field,recover-20220922,001,1795
1769.0265,1769.0347,28906,39174,Eptesicus serotinus,0.01,0.027,-1,Echolocation,/mnt/ubna_data_02_mir/recover-20220922/UBNA_001/20220921_090000.WAV,Telephone Field,recover-20220922,001,1795
1769.0395,1769.0764,68437,82069,Rhinolophus ferrumequinum,0.023,0.023,-1,Echolocation,/mnt/ubna_data_02_mir/recover-20220922/UBNA_001/20220921_090000.WAV,Telephone Field,recover-20220922,001,1795
1769.0645,1769.0997,68437,80590,Rhinolophus ferrumequinum,0.035,0.035,-1,Echolocation,/mnt/ubna_data_02_mir/recover-20220922/UBNA_001/20220921_090000.WAV,Telephone Field,recover-20220922,001,1795
1769.0685,1769.0796,14296,20252,Nyctalus noctula,0.01,0.021,-1,Echolocation,/mnt/ubna_data_02_mir/recover-20220922/UBNA_001/20220921_090000.WAV,Telephone Field,recover-20220922,001,1795
1769.0785,1769.0864,28046,40664,Eptesicus serotinus,0.007,0.021,-1,Echolocation,/mnt/ubna_data_02_mir/recover-20220922/UBNA_001/20220921_090000.WAV,Telephone Field,recover-20220922,001,1795
1769.1005,1769.1082,23750,32097,Plecotus austriacus,0.009,0.021,-1,Echolocation,/mnt/ubna_data_02_mir/recover-20220922/UBNA_001/20220921_090000.WAV,Telephone Field,recover-20220922,001,1795
1769.1015,1769.1435,68437,82817,Rhinolophus ferrumequinum,0.026,0.026,-1,Echolocation,/mnt/ubna_data_02_mir/recover-20220922/UBNA_001/20220921_090000.WAV,Telephone Field,recover-20220922,001,1795
1769.1215,1769.1601,68437,81432,Rhinolophus ferrumequinum,0.023,0.023,-1,Echolocation,/mnt/ubna_data_02_mir/recover-20220922/UBNA_001/20220921_090000.WAV,Telephone Field,recover-20220922,001,1795
1769.1255,1769.1359,27187,34651,Eptesicus serotinus,0.014,0.027,-1,Echolocation,/mnt/ubna_data_02_mir/recover-20220922/UBNA_001/20220921_090000.WAV,Telephone Field,recover-20220922,001,1795
1769.1555,1769.1636,27187,37513,Eptesicus serotinus,0.008,0.022,-1,Echolocation,/mnt/ubna_data_02_mir/recover-20220922/UBNA_001/20220921_090000.WAV,Telephone Field,recover-20220922,001,1795
1769.1725,1769.1817,28906,37130,Eptesicus serotinus,0.008,0.023,-1,Echolocation,/mnt/ubna_data_02_mir/recover-20220922/UBNA_001/20220921_090000.WAV,Telephone Field,recover-20220922,001,1795
1769.1725,1769.2113,68437,82073,Rhinolophus ferrumequinum,0.024,0.024,-1,Echolocation,/mnt/ubna_data_02_mir/recover-20220922/UBNA_001/20220921_090000.WAV,Telephone Field,recover-20220922,001,1795
1769.1735,1769.1821,54687,59006,Pipistrellus pygmaeus,0.02,0.023,-1,Echolocation,/mnt/ubna_data_02_mir/recover-20220922/UBNA_001/20220921_090000.WAV,Telephone Field,recover-20220922,001,1795
1769.2035,1769.2396,68437,80991,Rhinolophus ferrumequinum,0.027,0.027,-1,Echolocation,/mnt/ubna_data_02_mir/recover-20220922/UBNA_001/20220921_090000.WAV,Telephone Field,recover-20220922,001,1795
1769.2225,1769.2616,68437,82809,Rhinolophus ferrumequinum,0.023,0.023,-1,Echolocation,/mnt/ubna_data_02_mir/recover-20220922/UBNA_001/20220921_090000.WAV,Telephone Field,recover-20220922,001,1795
1769.2315,1769.2415,28046,37056,Eptesicus serotinus,0.009,0.023,-1,Echolocation,/mnt/ubna_data_02_mir/recover-20220922/UBNA_001/20220921_090000.WAV,Telephone Field,recover-20220922,001,1795
1769.2665,1769.3079,68437,83253,Rhinolophus ferrumequinum,0.031,0.031,-1,Echolocation,/mnt/ubna_data_02_mir/recover-20220922/UBNA_001/20220921_090000.WAV,Telephone Field,recover-20220922,001,1795
1769.2705,1769.2772,28906,40205,Eptesicus serotinus,0.01,0.035,-1,Echolocation,/mnt/ubna_data_02_mir/recover-20220922/UBNA_001/20220921_090000.WAV,Telephone Field,recover-20220922,001,1795
1769.3075,1769.3424,68437,80794,Rhinolophus ferrumequinum,0.022,0.022,-1,Echolocation,/mnt/ubna_data_02_mir/recover-20220922/UBNA_001/20220921_090000.WAV,Telephone Field,recover-20220922,001,1795
1769.3375,1769.3781,68437,82282,Rhinolophus ferrumequinum,0.023,0.023,-1,Echolocation,/mnt/ubna_data_02_mir/recover-20220922/UBNA_001/20220921_090000.WAV,Telephone Field,recover-20220922,001,1795
1769.3715,1769.4096,68437,81715,Rhinolophus ferrumequinum,0.021,0.021,-1,Echolocation,/mnt/ubna_data_02_mir/recover-20220922/UBNA_001/20220921_090000.WAV,Telephone Field,recover-20220922,001,1795
1769.3945,1769.4028,23750,31975,Plecotus austriacus,0.007,0.021,-1,Echolocation,/mnt/ubna_data_02_mir/recover-20220922/UBNA_001/20220921_090000.WAV,Telephone Field,recover-20220922,001,1795
1769.4305,1769.4699,68437,82028,Rhinolophus ferrumequinum,0.023,0.023,-1,Echolocation,/mnt/ubna_data_02_mir/recover-20220922/UBNA_001/20220921_090000.WAV,Telephone Field,recover-20220922,001,1795
1769.4425,1769.4811,68437,82426,Rhinolophus ferrumequinum,0.021,0.021,-1,Echolocation,/mnt/ubna_data_02_mir/recover-20220922/UBNA_001/20220921_090000.WAV,Telephone Field,recover-20220922,001,1795
1769.4535,1769.4924,68437,82295,Rhinolophus ferrumequinum,0.021,0.021,-1,Echolocation,/mnt/ubna_data_02_mir/recover-20220922/UBNA_001/20220921_090000.WAV,Telephone Field,recover-20220922,001,1795
1769.4695,1769.5062,68437,81439,Rhinolophus ferrumequinum,0.021,0.021,-1,Echolocation,/mnt/ubna_data_02_mir/recover-20220922/UBNA_001/20220921_090000.WAV,Telephone Field,recover-20220922,001,1795
1769.4715,1769.4815,22890,29321,Nyctalus leisleri,0.011,0.029,-1,Echolocation,/mnt/ubna_data_02_mir/recover-20220922/UBNA_001/20220921_090000.WAV,Telephone Field,recover-20220922,001,1795
1769.4875,1769.524,68437,81497,Rhinolophus ferrumequinum,0.022,0.022,-1,Echolocation,/mnt/ubna_data_02_mir/recover-20220922/UBNA_001/20220921_090000.WAV,Telephone Field,recover-20220922,001,1795
1769.4945,1769.5317,68437,81851,Rhinolophus ferrumequinum,0.021,0.021,-1,Echolocation,/mnt/ubna_data_02_mir/recover-20220922/UBNA_001/20220921_090000.WAV,Telephone Field,recover-20220922,001,1795
1769.5045,1769.5117,28046,38184,Eptesicus serotinus,0.007,0.026,-1,Echolocation,/mnt/ubna_data_02_mir/recover-20220922/UBNA_001/20220921_090000.WAV,Telephone Field,recover-20220922,001,1795
1769.5125,1769.5507,68437,81847,Rhinolophus ferrumequinum,0.023,0.023,-1,Echolocation,/mnt/ubna_data_02_mir/recover-20220922/UBNA_001/20220921_090000.WAV,Telephone Field,recover-20220922,001,1795
1769.5555,1769.5633,24609,33578,Plecotus austriacus,0.009,0.031,-1,Echolocation,/mnt/ubna_data_02_mir/recover-20220922/UBNA_001/20220921_090000.WAV,Telephone Field,recover-20220922,001,1795
1769.5605,1769.6003,68437,82037,Rhinolophus ferrumequinum,0.022,0.022,-1,Echolocation,/mnt/ubna_data_02_mir/recover-20220922/UBNA_001/20220921_090000.WAV,Telephone Field,recover-20220922,001,1795
1769.5765,1769.6151,68437,81883,Rhinolophus ferrumequinum,0.025,0.025,-1,Echolocation,/mnt/ubna_data_02_mir/recover-20220922/UBNA_001/20220921_090000.WAV,Telephone Field,recover-20220922,001,1795
1769.6345,1769.6759,68437,83111,Rhinolophus ferrumequinum,0.027,0.027,-1,Echolocation,/mnt/ubna_data_02_mir/recover-20220922/UBNA_001/20220921_090000.WAV,Telephone Field,recover-20220922,001,1795
1769.6425,1769.684,68437,83132,Rhinolophus ferrumequinum,0.024,0.024,-1,Echolocation,/mnt/ubna_data_02_mir/recover-20220922/UBNA_001/20220921_090000.WAV,Telephone Field,recover-20220922,001,1795
1769.6515,1769.6601,28906,39659,Eptesicus serotinus,0.007,0.021,-1,Echolocation,/mnt/ubna_data_02_mir/recover-20220922/UBNA_001/20220921_090000.WAV,Telephone Field,recover-20220922,001,1795
1769.6675,1769.7093,68437,83210,Rhinolophus ferrumequinum,0.032,0.032,-1,Echolocation,/mnt/ubna_data_02_mir/recover-20220922/UBNA_001/20220921_090000.WAV,Telephone Field,recover-20220922,001,1795
1769.6835,1769.7288,68437,83248,Rhinolophus ferrumequinum,0.031,0.031,-1,Echolocation,/mnt/ubna_data_02_mir/recover-20220922/UBNA_001/20220921_090000.WAV,Telephone Field,recover-20220922,001,1795
1769.7015,1769.7399,68437,81799,Rhinolophus ferrumequinum,0.022,0.022,-1,Echolocation,/mnt/ubna_data_02_mir/recover-20220922/UBNA_001/20220921_090000.WAV,Telephone Field,recover-20220922,001,1795
1769.7055,1769.7149,28046,38821,Eptesicus serotinus,0.008,0.021,-1,Echolocation,/mnt/ubna_data_02_mir/recover-20220922/UBNA_001/20220921_090000.WAV,Telephone Field,recover-20220922,001,1795
1769.7625,1769.7978,68437,80960,Rhinolophus ferrumequinum,0.021,0.021,-1,Echolocation,/mnt/ubna_data_02_mir/recover-20220922/UBNA_001/20220921_090000.WAV,Telephone Field,recover-20220922,001,1795
1769.7805,1769.7928,23750,29162,Nyctalus leisleri,0.011,0.026,-1,Echolocation,/mnt/ubna_data_02_mir/recover-20220922/UBNA_001/20220921_090000.WAV,Telephone Field,recover-20220922,001,1795
1769.7915,1769.8309,68437,82168,Rhinolophus ferrumequinum,0.021,0.021,-1,Echolocation,/mnt/ubna_data_02_mir/recover-20220922/UBNA_001/20220921_090000.WAV,Telephone Field,recover-20220922,001,1795
1769.8005,1769.8405,68437,82304,Rhinolophus ferrumequinum,0.022,0.022,-1,Echolocation,/mnt/ubna_data_02_mir/recover-20220922/UBNA_001/20220921_090000.WAV,Telephone Field,recover-20220922,001,1795
1769.8655,1769.9049,68437,82712,Rhinolophus ferrumequinum,0.034,0.034,-1,Echolocation,/mnt/ubna_data_02_mir/recover-20220922/UBNA_001/20220921_090000.WAV,Telephone Field,recover-20220922,001,1795
1769.9035,1769.9114,28906,40262,Eptesicus serotinus,0.008,0.026,-1,Echolocation,/mnt/ubna_data_02_mir/recover-20220922/UBNA_001/20220921_090000.WAV,Telephone Field,recover-20220922,001,1795
1769.9235,1769.9343,22890,28530,Nyctalus leisleri,0.011,0.024,-1,Echolocation,/mnt/ubna_data_02_mir/recover-20220922/UBNA_001/20220921_090000.WAV,Telephone Field,recover-20220922,001,1795
1769.9265,1769.9652,68437,81931,Rhinolophus ferrumequinum,0.023,0.023,-1,Echolocation,/mnt/ubna_data_02_mir/recover-20220922/UBNA_001/20220921_090000.WAV,Telephone Field,recover-20220922,001,1795
1769.9375,1769.9768,68437,81919,Rhinolophus ferrumequinum,0.021,0.021,-1,Echolocation,/mnt/ubna_data_02_mir/recover-20220922/UBNA_001/20220921_090000.WAV,Telephone Field,recover-20220922,001,1795
1769.9815,1769.9899,27187,38484,Eptesicus serotinus,0.007,0.021,-1,Echolocation,/mnt/ubna_data_02_mir/recover-20220922/UBNA_001/20220921_090000.WAV,Telephone Field,recover-20220922,001,1795
1770.0015,1770.0107,22890,28889,Nyctalus leisleri,0.01,0.029,-1,Echolocation,/mnt/ubna_data_02_mir/recover-20220922/UBNA_001/20220921_090000.WAV,Telephone Field,recover-20220922,001,1795
1770.0015,1770.0127,47812,53737,Pipistrellus pipistrellus,0.017,0.023,-1,Echolocation,/mnt/ubna_data_02_mir/recover-20220922/UBNA_001/20220921_090000.WAV,Telephone Field,recover-20220922,001,1795
1770.0015,1770.0351,69296,81360,Rhinolophus ferrumequinum,0.027,0.027,-1,Echolocation,/mnt/ubna_data_02_mir/recover-20220922/UBNA_001/20220921_090000.WAV,Telephone Field,recover-20220922,001,1795
1770.0245,1770.0339,28906,37113,Eptesicus serotinus,0.012,0.028,-1,Echolocation,/mnt/ubna_data_02_mir/recover-20220922/UBNA_001/20220921_090000.WAV,Telephone Field,recover-20220922,001,1795
1770.0645,1770.1067,68437,82958,Rhinolophus ferrumequinum,0.031,0.031,-1,Echolocation,/mnt/ubna_data_02_mir/recover-20220922/UBNA_001/20220921_090000.WAV,Telephone Field,recover-20220922,001,1795
1770.0875,1770.0949,28046,40500,Eptesicus serotinus,0.009,0.026,-1,Echolocation,/mnt/ubna_data_02_mir/recover-20220922/UBNA_001/20220921_090000.WAV,Telephone Field,recover-20220922,001,1795
1770.1065,1770.1427,68437,81704,Rhinolophus ferrumequinum,0.022,0.022,-1,Echolocation,/mnt/ubna_data_02_mir/recover-20220922/UBNA_001/20220921_090000.WAV,Telephone Field,recover-20220922,001,1795
1770.1205,1770.1636,68437,82964,Rhinolophus ferrumequinum,0.032,0.032,-1,Echolocation,/mnt/ubna_data_02_mir/recover-20220922/UBNA_001/20220921_090000.WAV,Telephone Field,recover-20220922,001,1795
1770.1295,1770.1403,27187,34657,Eptesicus serotinus,0.012,0.024,-1,Echolocation,/mnt/ubna_data_02_mir/recover-20220922/UBNA_001/20220921_090000.WAV,Telephone Field,recover-20220922,001,1795
1770.1585,1770.1663,47812,52962,Pipistrellus pipistrellus,0.021,0.022,-1,Echolocation,/mnt/ubna_data_02_mir/recover-20220922/UBNA_001/20220921_090000.WAV,Telephone Field,recover-20220922,001,1795
1770.1745,1770.2116,68437,82503,Rhinolophus ferrumequinum,0.031,0.031,-1,Echolocation,/mnt/ubna_data_02_mir/recover-20220922/UBNA_001/20220921_090000.WAV,Telephone Field,recover-20220922,001,1795
1770.1835,1770.2164,68437,80349,Rhinolophus ferrumequinum,0.03,0.03,-1,Echolocation,/mnt/ubna_data_02_mir/recover-20220922/UBNA_001/20220921_090000.WAV,Telephone Field,recover-20220922,001,1795
1770.1875,1770.1957,28046,37145,Eptesicus serotinus,0.009,0.025,-1,Echolocation,/mnt/ubna_data_02_mir/recover-20220922/UBNA_001/20220921_090000.WAV,Telephone Field,recover-20220922,001,1795
1770.1925,1770.2273,68437,81177,Rhinolophus ferrumequinum,0.022,0.022,-1,Echolocation,/mnt/ubna_data_02_mir/recover-20220922/UBNA_001/20220921_090000.WAV,Telephone Field,recover-20220922,001,1795
1770.2585,1770.2684,24609,30996,Eptesicus serotinus,0.009,0.025,-1,Echolocation,/mnt/ubna_data_02_mir/recover-20220922/UBNA_001/20220921_090000.WAV,Telephone Field,recover-20220922,001,1795
1770.2715,1770.2803,28046,40173,Eptesicus serotinus,0.009,0.023,-1,Echolocation,/mnt/ubna_data_02_mir/recover-20220922/UBNA_001/20220921_090000.WAV,Telephone Field,recover-20220922,001,1795
1770.2735,1770.312,68437,81961,Rhinolophus ferrumequinum,0.023,0.023,-1,Echolocation,/mnt/ubna_data_02_mir/recover-20220922/UBNA_001/20220921_090000.WAV,Telephone Field,recover-20220922,001,1795
1770.2845,1770.3212,68437,81688,Rhinolophus ferrumequinum,0.023,0.023,-1,Echolocation,/mnt/ubna_data_02_mir/recover-20220922/UBNA_001/20220921_090000.WAV,Telephone Field,recover-20220922,001,1795
1770.2925,1770.3026,29765,38268,Eptesicus serotinus,0.009,0.023,-1,Echolocation,/mnt/ubna_data_02_mir/recover-20220922/UBNA_001/20220921_090000.WAV,Telephone Field,recover-20220922,001,1795
1770.3035,1770.3395,68437,81318,Rhinolophus ferrumequinum,0.022,0.022,-1,Echolocation,/mnt/ubna_data_02_mir/recover-20220922/UBNA_001/20220921_090000.WAV,Telephone Field,recover-20220922,001,1795
1770.3285,1770.3646,68437,81825,Rhinolophus ferrumequinum,0.023,0.023,-1,Echolocation,/mnt/ubna_data_02_mir/recover-20220922/UBNA_001/20220921_090000.WAV,Telephone Field,recover-20220922,001,1795
1770.3355,1770.3454,28906,37803,Eptesicus serotinus,0.01,0.022,-1,Echolocation,/mnt/ubna_data_02_mir/recover-20220922/UBNA_001/20220921_090000.WAV,Telephone Field,recover-20220922,001,1795
1770.3595,1770.3966,68437,81085,Rhinolophus ferrumequinum,0.024,0.024,-1,Echolocation,/mnt/ubna_data_02_mir/recover-20220922/UBNA_001/20220921_090000.WAV,Telephone Field,recover-20220922,001,1795
1770.3675,1770.4054,68437,82360,Rhinolophus ferrumequinum,0.023,0.023,-1,Echolocation,/mnt/ubna_data_02_mir/recover-20220922/UBNA_001/20220921_090000.WAV,Telephone Field,recover-20220922,001,1795
1770.3715,1770.3798,28046,38455,Eptesicus serotinus,0.009,0.025,-1,Echolocation,/mnt/ubna_data_02_mir/recover-20220922/UBNA_001/20220921_090000.WAV,Telephone Field,recover-20220922,001,1795
1770.4085,1770.4479,68437,82138,Rhinolophus ferrumequinum,0.033,0.033,-1,Echolocation,/mnt/ubna_data_02_mir/recover-20220922/UBNA_001/20220921_090000.WAV,Telephone Field,recover-20220922,001,1795
1770.4395,1770.4777,68437,82159,Rhinolophus ferrumequinum,0.022,0.022,-1,Echolocation,/mnt/ubna_data_02_mir/recover-20220922/UBNA_001/20220921_090000.WAV,Telephone Field,recover-20220922,001,1795
1770.4515,1770.4583,28046,44504,Eptesicus serotinus,0.007,0.023,-1,Echolocation,/mnt/ubna_data_02_mir/recover-20220922/UBNA_001/20220921_090000.WAV,Telephone Field,recover-20220922,001,1795
1770.4645,1770.5082,68437,83308,Rhinolophus ferrumequinum,0.029,0.029,-1,Echolocation,/mnt/ubna_data_02_mir/recover-20220922/UBNA_001/20220921_090000.WAV,Telephone Field,recover-20220922,001,1795
1770.5205,1770.5614,68437,82526,Rhinolophus ferrumequinum,0.023,0.023,-1,Echolocation,/mnt/ubna_data_02_mir/recover-20220922/UBNA_001/20220921_090000.WAV,Telephone Field,recover-20220922,001,1795
1770.5645,1770.6012,68437,81589,Rhinolophus ferrumequinum,0.025,0.025,-1,Echolocation,/mnt/ubna_data_02_mir/recover-20220922/UBNA_001/20220921_090000.WAV,Telephone Field,recover-20220922,001,1795
1770.5795,1770.6228,68437,83089,Rhinolophus ferrumequinum,0.048,0.048,-1,Echolocation,/mnt/ubna_data_02_mir/recover-20220922/UBNA_001/20220921_090000.WAV,Telephone Field,recover-20220922,001,1795
1770.6235,1770.6309,27187,40630,Eptesicus serotinus,0.007,0.024,-1,Echolocation,/mnt/ubna_data_02_mir/recover-20220922/UBNA_001/20220921_090000.WAV,Telephone Field,recover-20220922,001,1795
1770.6315,1770.67,68437,82349,Rhinolophus ferrumequinum,0.024,0.024,-1,Echolocation,/mnt/ubna_data_02_mir/recover-20220922/UBNA_001/20220921_090000.WAV,Telephone Field,recover-20220922,001,1795
1770.6465,1770.6577,28046,35525,Eptesicus serotinus,0.014,0.026,-1,Echolocation,/mnt/ubna_data_02_mir/recover-20220922/UBNA_001/20220921_090000.WAV,Telephone Field,recover-20220922,001,1795
1770.6925,1770.7012,27187,36560,Eptesicus serotinus,0.008,0.022,-1,Echolocation,/mnt/ubna_data_02_mir/recover-20220922/UBNA_001/20220921_090000.WAV,Telephone Field,recover-20220922,001,1795
1770.6935,1770.7342,68437,82289,Rhinolophus ferrumequinum,0.028,0.028,-1,Echolocation,/mnt/ubna_data_02_mir/recover-20220922/UBNA_001/20220921_090000.WAV,Telephone Field,recover-20220922,001,1795
1770.7425,1770.782,68437,82298,Rhinolophus ferrumequinum,0.023,0.023,-1,Echolocation,/mnt/ubna_data_02_mir/recover-20220922/UBNA_001/20220921_090000.WAV,Telephone Field,recover-20220922,001,1795
1770.7615,1770.8029,68437,82590,Rhinolophus ferrumequinum,0.023,0.024,-1,Echolocation,/mnt/ubna_data_02_mir/recover-20220922/UBNA_001/20220921_090000.WAV,Telephone Field,recover-20220922,001,1795
1770.7875,1770.7959,27187,36433,Eptesicus serotinus,0.008,0.022,-1,Echolocation,/mnt/ubna_data_02_mir/recover-20220922/UBNA_001/20220921_090000.WAV,Telephone Field,recover-20220922,001,1795
1770.8045,1770.8429,68437,81977,Rhinolophus ferrumequinum,0.022,0.022,-1,Echolocation,/mnt/ubna_data_02_mir/recover-20220922/UBNA_001/20220921_090000.WAV,Telephone Field,recover-20220922,001,1795
1770.8075,1770.8156,28046,40903,Eptesicus serotinus,0.009,0.027,-1,Echolocation,/mnt/ubna_data_02_mir/recover-20220922/UBNA_001/20220921_090000.WAV,Telephone Field,recover-20220922,001,1795
1770.8195,1770.8323,22890,27545,Nyctalus leisleri,0.014,0.026,-1,Echolocation,/mnt/ubna_data_02_mir/recover-20220922/UBNA_001/20220921_090000.WAV,Telephone Field,recover-20220922,001,1795
1770.8205,1770.8619,68437,83171,Rhinolophus ferrumequinum,0.025,0.025,-1,Echolocation,/mnt/ubna_data_02_mir/recover-20220922/UBNA_001/20220921_090000.WAV,Telephone Field,recover-20220922,001,1795
1770.8275,1770.8718,68437,83205,Rhinolophus ferrumequinum,0.026,0.026,-1,Echolocation,/mnt/ubna_data_02_mir/recover-20220922/UBNA_001/20220921_090000.WAV,Telephone Field,recover-20220922,001,1795
1770.8355,1770.8765,68437,83022,Rhinolophus ferrumequinum,0.026,0.026,-1,Echolocation,/mnt/ubna_data_02_mir/recover-20220922/UBNA_001/20220921_090000.WAV,Telephone Field,recover-20220922,001,1795
1770.8365,1770.8427,25468,36468,Plecotus austriacus,0.006,0.025,-1,Echolocation,/mnt/ubna_data_02_mir/recover-20220922/UBNA_001/20220921_090000.WAV,Telephone Field,recover-20220922,001,1795
1770.8555,1770.8689,32343,36245,Pipistrellus nathusii,0.029,0.087,-1,Echolocation,/mnt/ubna_data_02_mir/recover-20220922/UBNA_001/20220921_090000.WAV,Telephone Field,recover-20220922,001,1795
1770.8865,1770.9258,68437,82307,Rhinolophus ferrumequinum,0.023,0.023,-1,Echolocation,/mnt/ubna_data_02_mir/recover-20220922/UBNA_001/20220921_090000.WAV,Telephone Field,recover-20220922,001,1795
1770.8995,1770.9103,22031,27554,Nyctalus leisleri,0.012,0.028,-1,Echolocation,/mnt/ubna_data_02_mir/recover-20220922/UBNA_001/20220921_090000.WAV,Telephone Field,recover-20220922,001,1795
1770.9365,1770.9471,28906,36405,Eptesicus serotinus,0.017,0.03,-1,Echolocation,/mnt/ubna_data_02_mir/recover-20220922/UBNA_001/20220921_090000.WAV,Telephone Field,recover-20220922,001,1795
1770.9445,1770.9846,68437,82538,Rhinolophus ferrumequinum,0.022,0.022,-1,Echolocation,/mnt/ubna_data_02_mir/recover-20220922/UBNA_001/20220921_090000.WAV,Telephone Field,recover-20220922,001,1795
1770.9735,1771.0152,68437,83136,Rhinolophus ferrumequinum,0.036,0.036,-1,Echolocation,/mnt/ubna_data_02_mir/recover-20220922/UBNA_001/20220921_090000.WAV,Telephone Field,recover-20220922,001,1795
1770.9915,1771.0298,68437,81871,Rhinolophus ferrumequinum,0.029,0.029,-1,Echolocation,/mnt/ubna_data_02_mir/recover-20220922/UBNA_001/20220921_090000.WAV,Telephone Field,recover-20220922,001,1795
1771.0045,1771.0139,28046,36819,Eptesicus serotinus,0.009,0.023,-1,Echolocation,/mnt/ubna_data_02_mir/recover-20220922/UBNA_001/20220921_090000.WAV,Telephone Field,recover-20220922,001,1795
1771.0765,1771.1166,68437,82727,Rhinolophus ferrumequinum,0.025,0.025,-1,Echolocation,/mnt/ubna_data_02_mir/recover-20220922/UBNA_001/20220921_090000.WAV,Telephone Field,recover-20220922,001,1795
1771.1345,1771.1762,68437,82864,Rhinolophus ferrumequinum,0.026,0.026,-1,Echolocation,/mnt/ubna_data_02_mir/recover-20220922/UBNA_001/20220921_090000.WAV,Telephone Field,recover-20220922,001,1795
1771.2005,1771.2103,47812,55135,Pipistrellus pipistrellus,0.021,0.024,-1,Echolocation,/mnt/ubna_data_02_mir/recover-20220922/UBNA_001/20220921_090000.WAV,Telephone Field,recover-20220922,001,1795
1771.2075,1771.2512,68437,83201,Rhinolophus ferrumequinum,0.04,0.04,-1,Echolocation,/mnt/ubna_data_02_mir/recover-20220922/UBNA_001/20220921_090000.WAV,Telephone Field,recover-20220922,001,1795
1771.2185,1771.2288,22890,28456,Nyctalus leisleri,0.011,0.025,-1,Echolocation,/mnt/ubna_data_02_mir/recover-20220922/UBNA_001/20220921_090000.WAV,Telephone Field,recover-20220922,001,1795
1771.2615,1771.3007,68437,81990,Rhinolophus ferrumequinum,0.023,0.023,-1,Echolocation,/mnt/ubna_data_02_mir/recover-20220922/UBNA_001/20220921_090000.WAV,Telephone Field,recover-20220922,001,1795
1771.2765,1771.3112,68437,80592,Rhinolophus ferrumequinum,0.029,0.029,-1,Echolocation,/mnt/ubna_data_02_mir/recover-20220922/UBNA_001/20220921_090000.WAV,Telephone Field,recover-20220922,001,1795
1771.2865,1771.3215,68437,80924,Rhinolophus ferrumequinum,0.025,0.025,-1,Echolocation,/mnt/ubna_data_02_mir/recover-20220922/UBNA_001/20220921_090000.WAV,Telephone Field,recover-20220922,001,1795
1771.3205,1771.3285,28046,41479,Eptesicus serotinus,0.008,0.022,-1,Echolocation,/mnt/ubna_data_02_mir/recover-20220922/UBNA_001/20220921_090000.WAV,Telephone Field,recover-20220922,001,1795
1771.3235,1771.3607,68437,82005,Rhinolophus ferrumequinum,0.023,0.023,-1,Echolocation,/mnt/ubna_data_02_mir/recover-20220922/UBNA_001/20220921_090000.WAV,Telephone Field,recover-20220922,001,1795
1771.3475,1771.3548,28046,39265,Eptesicus serotinus,0.006,0.022,-1,Echolocation,/mnt/ubna_data_02_mir/recover-20220922/UBNA_001/20220921_090000.WAV,Telephone Field,recover-20220922,001,1795
1771.3555,1771.3918,68437,81209,Rhinolophus ferrumequinum,0.023,0.023,-1,Echolocation,/mnt/ubna_data_02_mir/recover-20220922/UBNA_001/20220921_090000.WAV,Telephone Field,recover-20220922,001,1795
1771.3845,1771.3944,26328,34480,Eptesicus serotinus,0.01,0.025,-1,Echolocation,/mnt/ubna_data_02_mir/recover-20220922/UBNA_001/20220921_090000.WAV,Telephone Field,recover-20220922,001,1795
1771.4275,1771.4374,23750,29277,Nyctalus leisleri,0.01,0.023,-1,Echolocation,/mnt/ubna_data_02_mir/recover-20220922/UBNA_001/20220921_090000.WAV,Telephone Field,recover-20220922,001,1795
1771.4675,1771.5066,68437,81651,Rhinolophus ferrumequinum,0.023,0.023,-1,Echolocation,/mnt/ubna_data_02_mir/recover-20220922/UBNA_001/20220921_090000.WAV,Telephone Field,recover-20220922,001,1795
1771.4825,1771.5224,68437,82431,Rhinolophus ferrumequinum,0.023,0.023,-1,Echolocation,/mnt/ubna_data_02_mir/recover-20220922/UBNA_001/20220921_090000.WAV,Telephone Field,recover-20220922,001,1795
1771.4925,1771.5029,22031,26563,Nyctalus leisleri,0.011,0.023,-1,Echolocation,/mnt/ubna_data_02_mir/recover-20220922/UBNA_001/20220921_090000.WAV,Telephone Field,recover-20220922,001,1795
1771.5025,1771.5092,49531,53524,Pipistrellus pipistrellus,0.04,0.041,-1,Echolocation,/mnt/ubna_data_02_mir/recover-20220922/UBNA_001/20220921_090000.WAV,Telephone Field,recover-20220922,001,1795
1771.5155,1771.5568,68437,82531,Rhinolophus ferrumequinum,0.023,0.023,-1,Echolocation,/mnt/ubna_data_02_mir/recover-20220922/UBNA_001/20220921_090000.WAV,Telephone Field,recover-20220922,001,1795
1771.5165,1771.5239,28046,37079,Eptesicus serotinus,0.008,0.024,-1,Echolocation,/mnt/ubna_data_02_mir/recover-20220922/UBNA_001/20220921_090000.WAV,Telephone Field,recover-20220922,001,1795
1771.5315,1771.5712,68437,81877,Rhinolophus ferrumequinum,0.024,0.024,-1,Echolocation,/mnt/ubna_data_02_mir/recover-20220922/UBNA_001/20220921_090000.WAV,Telephone Field,recover-20220922,001,1795
1771.5645,1771.573,27187,36239,Eptesicus serotinus,0.009,0.022,-1,Echolocation,/mnt/ubna_data_02_mir/recover-20220922/UBNA_001/20220921_090000.WAV,Telephone Field,recover-20220922,001,1795
1771.5735,1771.6145,68437,82284,Rhinolophus ferrumequinum,0.024,0.024,-1,Echolocation,/mnt/ubna_data_02_mir/recover-20220922/UBNA_001/20220921_090000.WAV,Telephone Field,recover-20220922,001,1795
1771.5785,1771.62,68437,82630,Rhinolophus ferrumequinum,0.024,0.024,-1,Echolocation,/mnt/ubna_data_02_mir/recover-20220922/UBNA_001/20220921_090000.WAV,Telephone Field,recover-20220922,001,1795
1771.5895,1771.6273,68437,82208,Rhinolophus ferrumequinum,0.022,0.022,-1,Echolocation,/mnt/ubna_data_02_mir/recover-20220922/UBNA_001/20220921_090000.WAV,Telephone Field,recover-20220922,001,1795
1771.5955,1771.6327,68437,81755,Rhinolophus ferrumequinum,0.022,0.022,-1,Echolocation,/mnt/ubna_data_02_mir/recover-20220922/UBNA_001/20220921_090000.WAV,Telephone Field,recover-20220922,001,1795
1771.6015,1771.6115,23750,30201,Nyctalus leisleri,0.009,0.023,-1,Echolocation,/mnt/ubna_data_02_mir/recover-20220922/UBNA_001/20220921_090000.WAV,Telephone Field,recover-20220922,001,1795
1771.6175,1771.6549,68437,82203,Rhinolophus ferrumequinum,0.025,0.025,-1,Echolocation,/mnt/ubna_data_02_mir/recover-20220922/UBNA_001/20220921_090000.WAV,Telephone Field,recover-20220922,001,1795
1771.6245,1771.6654,68437,83085,Rhinolophus ferrumequinum,0.026,0.026,-1,Echolocation,/mnt/ubna_data_02_mir/recover-20220922/UBNA_001/20220921_090000.WAV,Telephone Field,recover-20220922,001,1795
1771.6325,1771.6431,23750,29993,Nyctalus leisleri,0.011,0.028,-1,Echolocation,/mnt/ubna_data_02_mir/recover-20220922/UBNA_001/20220921_090000.WAV,Telephone Field,recover-20220922,001,1795
1771.6885,1771.7276,68437,82085,Rhinolophus ferrumequinum,0.022,0.022,-1,Echolocation,/mnt/ubna_data_02_mir/recover-20220922/UBNA_001/20220921_090000.WAV,Telephone Field,recover-20220922,001,1795
1771.7555,1771.7971,68437,82953,Rhinolophus ferrumequinum,0.035,0.035,-1,Echolocation,/mnt/ubna_data_02_mir/recover-20220922/UBNA_001/20220921_090000.WAV,Telephone Field,recover-20220922,001,1795
1771.7665,1771.7741,28046,37771,Eptesicus serotinus,0.011,0.028,-1,Echolocation,/mnt/ubna_data_02_mir/recover-20220922/UBNA_001/20220921_090000.WAV,Telephone Field,recover-20220922,001,1795
1771.7725,1771.8112,68437,82305,Rhinolophus ferrumequinum,0.025,0.025,-1,Echolocation,/mnt/ubna_data_02_mir/recover-20220922/UBNA_001/20220921_090000.WAV,Telephone Field,recover-20220922,001,1795
1771.7895,1771.8013,22890,27616,Nyctalus leisleri,0.012,0.023,-1,Echolocation,/mnt/ubna_data_02_mir/recover-20220922/UBNA_001/20220921_090000.WAV,Telephone Field,recover-20220922,001,1795
1771.8525,1771.8945,68437,83130,Rhinolophus ferrumequinum,0.044,0.044,-1,Echolocation,/mnt/ubna_data_02_mir/recover-20220922/UBNA_001/20220921_090000.WAV,Telephone Field,recover-20220922,001,1795
1771.8945,1771.9339,68437,82411,Rhinolophus ferrumequinum,0.024,0.024,-1,Echolocation,/mnt/ubna_data_02_mir/recover-20220922/UBNA_001/20220921_090000.WAV,Telephone Field,recover-20220922,001,1795
1771.9275,1771.9645,68437,81818,Rhinolophus ferrumequinum,0.024,0.024,-1,Echolocation,/mnt/ubna_data_02_mir/recover-20220922/UBNA_001/20220921_090000.WAV,Telephone Field,recover-20220922,001,1795
1771.9395,1771.95,26328,35033,Eptesicus serotinus,0.014,0.026,-1,Echolocation,/mnt/ubna_data_02_mir/recover-20220922/UBNA_001/20220921_090000.WAV,Telephone Field,recover-20220922,001,1795
1771.9605,1771.9692,47812,53847,Pipistrellus pipistrellus,0.026,0.028,-1,Echolocation,/mnt/ubna_data_02_mir/recover-20220922/UBNA_001/20220921_090000.WAV,Telephone Field,recover-20220922,001,1795
1771.9835,1771.9936,23750,30794,Nyctalus leisleri,0.01,0.026,-1,Echolocation,/mnt/ubna_data_02_mir/recover-20220922/UBNA_001/20220921_090000.WAV,Telephone Field,recover-20220922,001,1795
1772.0015,1772.0101,26328,36126,Eptesicus serotinus,0.007,0.025,-1,Echolocation,/mnt/ubna_data_02_mir/recover-20220922/UBNA_001/20220921_090000.WAV,Telephone Field,recover-20220922,001,1795
1772.0015,1772.0363,68437,79277,Rhinolophus ferrumequinum,0.037,0.037,-1,Echolocation,/mnt/ubna_data_02_mir/recover-20220922/UBNA_001/20220921_090000.WAV,Telephone Field,recover-20220922,001,1795
1772.0215,1772.0628,68437,81918,Rhinolophus ferrumequinum,0.023,0.023,-1,Echolocation,/mnt/ubna_data_02_mir/recover-20220922/UBNA_001/20220921_090000.WAV,Telephone Field,recover-20220922,001,1795
1772.0455,1772.0833,68437,83045,Rhinolophus ferrumequinum,0.023,0.023,-1,Echolocation,/mnt/ubna_data_02_mir/recover-20220922/UBNA_001/20220921_090000.WAV,Telephone Field,recover-20220922,001,1795
1772.0805,1772.0914,22890,27955,Nyctalus leisleri,0.016,0.031,-1,Echolocation,/mnt/ubna_data_02_mir/recover-20220922/UBNA_001/20220921_090000.WAV,Telephone Field,recover-20220922,001,1795
1772.0805,1772.1207,68437,82637,Rhinolophus ferrumequinum,0.026,0.026,-1,Echolocation,/mnt/ubna_data_02_mir/recover-20220922/UBNA_001/20220921_090000.WAV,Telephone Field,recover-20220922,001,1795
1772.1095,1772.1493,68437,82784,Rhinolophus ferrumequinum,0.025,0.025,-1,Echolocation,/mnt/ubna_data_02_mir/recover-20220922/UBNA_001/20220921_090000.WAV,Telephone Field,recover-20220922,001,1795
1772.1135,1772.1226,28046,47653,Eptesicus serotinus,0.008,0.022,-1,Echolocation,/mnt/ubna_data_02_mir/recover-20220922/UBNA_001/20220921_090000.WAV,Telephone Field,recover-20220922,001,1795
1772.1835,1772.2274,68437,82942,Rhinolophus ferrumequinum,0.03,0.03,-1,Echolocation,/mnt/ubna_data_02_mir/recover-20220922/UBNA_001/20220921_090000.WAV,Telephone Field,recover-20220922,001,1795
1772.1865,1772.1933,28046,40000,Eptesicus serotinus,0.012,0.041,-1,Echolocation,/mnt/ubna_data_02_mir/recover-20220922/UBNA_001/20220921_090000.WAV,Telephone Field,recover-20220922,001,1795
1772.2655,1772.3043,68437,81965,Rhinolophus ferrumequinum,0.023,0.023,-1,Echolocation,/mnt/ubna_data_02_mir/recover-20220922/UBNA_001/20220921_090000.WAV,Telephone Field,recover-20220922,001,1795
1772.2745,1772.2845,28046,35854,Eptesicus serotinus,0.011,0.024,-1,Echolocation,/mnt/ubna_data_02_mir/recover-20220922/UBNA_001/20220921_090000.WAV,Telephone Field,recover-20220922,001,1795
1772.2805,1772.2908,23750,30592,Nyctalus leisleri,0.009,0.028,-1,Echolocation,/mnt/ubna_data_02_mir/recover-20220922/UBNA_001/20220921_090000.WAV,Telephone Field,recover-20220922,001,1795
1772.3545,1772.3915,68437,81359,Rhinolophus ferrumequinum,0.022,0.022,-1,Echolocation,/mnt/ubna_data_02_mir/recover-20220922/UBNA_001/20220921_090000.WAV,Telephone Field,recover-20220922,001,1795
1772.3665,1772.4047,68437,82484,Rhinolophus ferrumequinum,0.023,0.023,-1,Echolocation,/mnt/ubna_data_02_mir/recover-20220922/UBNA_001/20220921_090000.WAV,Telephone Field,recover-20220922,001,1795
1772.3985,1772.4122,23750,29046,Nyctalus leisleri,0.019,0.042,-1,Echolocation,/mnt/ubna_data_02_mir/recover-20220922/UBNA_001/20220921_090000.WAV,Telephone Field,recover-20220922,001,1795
1772.4375,1772.4795,68437,82906,Rhinolophus ferrumequinum,0.034,0.034,-1,Echolocation,/mnt/ubna_data_02_mir/recover-20220922/UBNA_001/20220921_090000.WAV,Telephone Field,recover-20220922,001,1795
1772.4725,1772.5074,68437,80137,Rhinolophus ferrumequinum,0.029,0.029,-1,Echolocation,/mnt/ubna_data_02_mir/recover-20220922/UBNA_001/20220921_090000.WAV,Telephone Field,recover-20220922,001,1795
1772.4965,1772.5342,68437,81297,Rhinolophus ferrumequinum,0.024,0.024,-1,Echolocation,/mnt/ubna_data_02_mir/recover-20220922/UBNA_001/20220921_090000.WAV,Telephone Field,recover-20220922,001,1795
1772.5505,1772.5903,68437,82328,Rhinolophus ferrumequinum,0.023,0.023,-1,Echolocation,/mnt/ubna_data_02_mir/recover-20220922/UBNA_001/20220921_090000.WAV,Telephone Field,recover-20220922,001,1795
1772.6275,1772.6354,28046,37264,Eptesicus serotinus,0.017,0.037,-1,Echolocation,/mnt/ubna_data_02_mir/recover-20220922/UBNA_001/20220921_090000.WAV,Telephone Field,recover-20220922,001,1795
1772.6405,1772.6803,68437,82444,Rhinolophus ferrumequinum,0.023,0.023,-1,Echolocation,/mnt/ubna_data_02_mir/recover-20220922/UBNA_001/20220921_090000.WAV,Telephone Field,recover-20220922,001,1795
1772.6685,1772.6822,23750,28456,Nyctalus leisleri,0.015,0.029,-1,Echolocation,/mnt/ubna_data_02_mir/recover-20220922/UBNA_001/20220921_090000.WAV,Telephone Field,recover-20220922,001,1795
1772.7555,1772.7656,23750,30498,Nyctalus leisleri,0.009,0.026,-1,Echolocation,/mnt/ubna_data_02_mir/recover-20220922/UBNA_001/20220921_090000.WAV,Telephone Field,recover-20220922,001,1795
1772.7575,1772.7979,68437,82399,Rhinolophus ferrumequinum,0.029,0.029,-1,Echolocation,/mnt/ubna_data_02_mir/recover-20220922/UBNA_001/20220921_090000.WAV,Telephone Field,recover-20220922,001,1795
1772.7735,1772.78,28046,39673,Eptesicus serotinus,0.006,0.023,-1,Echolocation,/mnt/ubna_data_02_mir/recover-20220922/UBNA_001/20220921_090000.WAV,Telephone Field,recover-20220922,001,1795
1772.7855,1772.8277,68437,83330,Rhinolophus ferrumequinum,0.024,0.024,-1,Echolocation,/mnt/ubna_data_02_mir/recover-20220922/UBNA_001/20220921_090000.WAV,Telephone Field,recover-20220922,001,1795
1772.7915,1772.8024,23750,29300,Nyctalus leisleri,0.011,0.025,-1,Echolocation,/mnt/ubna_data_02_mir/recover-20220922/UBNA_001/20220921_090000.WAV,Telephone Field,recover-20220922,001,1795
1772.8645,1772.901,68437,82442,Rhinolophus ferrumequinum,0.022,0.022,-1,Echolocation,/mnt/ubna_data_02_mir/recover-20220922/UBNA_001/20220921_090000.WAV,Telephone Field,recover-20220922,001,1795
1772.8925,1772.9331,68437,82904,Rhinolophus ferrumequinum,0.04,0.04,-1,Echolocation,/mnt/ubna_data_02_mir/recover-20220922/UBNA_001/20220921_090000.WAV,Telephone Field,recover-20220922,001,1795
1772.9225,1772.9616,68437,82247,Rhinolophus ferrumequinum,0.022,0.022,-1,Echolocation,/mnt/ubna_data_02_mir/recover-20220922/UBNA_001/20220921_090000.WAV,Telephone Field,recover-20220922,001,1795
1772.9705,1772.9789,27187,36025,Eptesicus serotinus,0.01,0.024,-1,Echolocation,/mnt/ubna_data_02_mir/recover-20220922/UBNA_001/20220921_090000.WAV,Telephone Field,recover-20220922,001,1795
1772.9755,1773.0131,68437,81719,Rhinolophus ferrumequinum,0.024,0.024,-1,Echolocation,/mnt/ubna_data_02_mir/recover-20220922/UBNA_001/20220921_090000.WAV,Telephone Field,recover-20220922,001,1795
1773.0065,1773.0168,28906,35834,Eptesicus serotinus,0.01,0.022,-1,Echolocation,/mnt/ubna_data_02_mir/recover-20220922/UBNA_001/20220921_090000.WAV,Telephone Field,recover-20220922,001,1795
1773.0105,1773.0524,68437,82628,Rhinolophus ferrumequinum,0.033,0.033,-1,Echolocation,/mnt/ubna_data_02_mir/recover-20220922/UBNA_001/20220921_090000.WAV,Telephone Field,recover-20220922,001,1795
1773.0375,1773.0498,36640,41472,Pipistrellus nathusii,0.012,0.031,-1,Echolocation,/mnt/ubna_data_02_mir/recover-20220922/UBNA_001/20220921_090000.WAV,Telephone Field,recover-20220922,001,1795
1773.0435,1773.0515,47812,51670,Pipistrellus pipistrellus,0.027,0.028,-1,Echolocation,/mnt/ubna_data_02_mir/recover-20220922/UBNA_001/20220921_090000.WAV,Telephone Field,recover-20220922,001,1795
1773.0535,1773.0615,28906,38633,Eptesicus serotinus,0.009,0.027,-1,Echolocation,/mnt/ubna_data_02_mir/recover-20220922/UBNA_001/20220921_090000.WAV,Telephone Field,recover-20220922,001,1795
1773.1075,1773.1484,68437,82582,Rhinolophus ferrumequinum,0.027,0.027,-1,Echolocation,/mnt/ubna_data_02_mir/recover-20220922/UBNA_001/20220921_090000.WAV,Telephone Field,recover-20220922,001,1795
1773.1815,1773.2239,68437,83327,Rhinolophus ferrumequinum,0.032,0.032,-1,Echolocation,/mnt/ubna_data_02_mir/recover-20220922/UBNA_001/20220921_090000.WAV,Telephone Field,recover-20220922,001,1795
1773.1925,1773.2308,68437,81096,Rhinolophus ferrumequinum,0.022,0.022,-1,Echolocation,/mnt/ubna_data_02_mir/recover-20220922/UBNA_001/20220921_090000.WAV,Telephone Field,recover-20220922,001,1795
1773.2085,1773.2473,68437,81720,Rhinolophus ferrumequinum,0.022,0.022,-1,Echolocation,/mnt/ubna_data_02_mir/recover-20220922/UBNA_001/20220921_090000.WAV,Telephone Field,recover-20220922,001,1795
1773.2155,1773.2548,68437,81874,Rhinolophus ferrumequinum,0.023,0.023,-1,Echolocation,/mnt/ubna_data_02_mir/recover-20220922/UBNA_001/20220921_090000.WAV,Telephone Field,recover-20220922,001,1795
1773.2505,1773.2898,68437,81274,Rhinolophus ferrumequinum,0.023,0.023,-1,Echolocation,/mnt/ubna_data_02_mir/recover-20220922/UBNA_001/20220921_090000.WAV,Telephone Field,recover-20220922,001,1795
1773.2535,1773.2652,22890,28248,Nyctalus leisleri,0.012,0.024,-1,Echolocation,/mnt/ubna_data_02_mir/recover-20220922/UBNA_001/20220921_090000.WAV,Telephone Field,recover-20220922,001,1795
1773.2595,1773.2669,28046,38530,Eptesicus serotinus,0.007,0.024,-1,Echolocation,/mnt/ubna_data_02_mir/recover-20220922/UBNA_001/20220921_090000.WAV,Telephone Field,recover-20220922,001,1795
1773.2805,1773.29,22031,27139,Nyctalus leisleri,0.009,0.022,-1,Echolocation,/mnt/ubna_data_02_mir/recover-20220922/UBNA_001/20220921_090000.WAV,Telephone Field,recover-20220922,001,1795
1773.3105,1773.3534,68437,83105,Rhinolophus ferrumequinum,0.036,0.036,-1,Echolocation,/mnt/ubna_data_02_mir/recover-20220922/UBNA_001/20220921_090000.WAV,Telephone Field,recover-20220922,001,1795
1773.3105,1773.3174,26328,37032,Eptesicus serotinus,0.007,0.027,-1,Echolocation,/mnt/ubna_data_02_mir/recover-20220922/UBNA_001/20220921_090000.WAV,Telephone Field,recover-20220922,001,1795
1773.3465,1773.3867,68437,82084,Rhinolophus ferrumequinum,0.028,0.028,-1,Echolocation,/mnt/ubna_data_02_mir/recover-20220922/UBNA_001/20220921_090000.WAV,Telephone Field,recover-20220922,001,1795
1773.3665,1773.375,28046,39557,Eptesicus serotinus,0.008,0.022,-1,Echolocation,/mnt/ubna_data_02_mir/recover-20220922/UBNA_001/20220921_090000.WAV,Telephone Field,recover-20220922,001,1795
1773.4355,1773.4456,29765,37407,Eptesicus serotinus,0.009,0.025,-1,Echolocation,/mnt/ubna_data_02_mir/recover-20220922/UBNA_001/20220921_090000.WAV,Telephone Field,recover-20220922,001,1795
1773.4625,1773.5028,68437,82487,Rhinolophus ferrumequinum,0.023,0.023,-1,Echolocation,/mnt/ubna_data_02_mir/recover-20220922/UBNA_001/20220921_090000.WAV,Telephone Field,recover-20220922,001,1795
1773.4775,1773.4882,28046,36372,Eptesicus serotinus,0.015,0.03,-1,Echolocation,/mnt/ubna_data_02_mir/recover-20220922/UBNA_001/20220921_090000.WAV,Telephone Field,recover-20220922,001,1795
1773.4855,1773.4962,51250,55196,Pipistrellus pipistrellus,0.033,0.043,-1,Echolocation,/mnt/ubna_data_02_mir/recover-20220922/UBNA_001/20220921_090000.WAV,Telephone Field,recover-20220922,001,1795
1773.5105,1773.5184,23750,31970,Plecotus austriacus,0.011,0.024,-1,Echolocation,/mnt/ubna_data_02_mir/recover-20220922/UBNA_001/20220921_090000.WAV,Telephone Field,recover-20220922,001,1795
1773.5325,1773.5426,25468,31756,Eptesicus serotinus,0.01,0.029,-1,Echolocation,/mnt/ubna_data_02_mir/recover-20220922/UBNA_001/20220921_090000.WAV,Telephone Field,recover-20220922,001,1795
1773.5925,1773.6306,68437,81899,Rhinolophus ferrumequinum,0.025,0.025,-1,Echolocation,/mnt/ubna_data_02_mir/recover-20220922/UBNA_001/20220921_090000.WAV,Telephone Field,recover-20220922,001,1795
1773.5965,1773.6068,28906,36444,Eptesicus serotinus,0.013,0.027,-1,Echolocation,/mnt/ubna_data_02_mir/recover-20220922/UBNA_001/20220921_090000.WAV,Telephone Field,recover-20220922,001,1795
1773.6265,1773.6333,50390,54202,Pipistrellus pipistrellus,0.027,0.03,-1,Echolocation,/mnt/ubna_data_02_mir/recover-20220922/UBNA_001/20220921_090000.WAV,Telephone Field,recover-20220922,001,1795
1773.6445,1773.6828,68437,81622,Rhinolophus ferrumequinum,0.023,0.023,-1,Echolocation,/mnt/ubna_data_02_mir/recover-20220922/UBNA_001/20220921_090000.WAV,Telephone Field,recover-20220922,001,1795
1773.6575,1773.7046,68437,83851,Rhinolophus ferrumequinum,0.05,0.05,-1,Echolocation,/mnt/ubna_data_02_mir/recover-20220922/UBNA_001/20220921_090000.WAV,Telephone Field,recover-20220922,001,1795
1773.7345,1773.7441,28046,35655,Eptesicus serotinus,0.011,0.024,-1,Echolocation,/mnt/ubna_data_02_mir/recover-20220922/UBNA_001/20220921_090000.WAV,Telephone Field,recover-20220922,001,1795
1773.7465,1773.7841,68437,82322,Rhinolophus ferrumequinum,0.023,0.023,-1,Echolocation,/mnt/ubna_data_02_mir/recover-20220922/UBNA_001/20220921_090000.WAV,Telephone Field,recover-20220922,001,1795
1773.7635,1773.8033,68437,82284,Rhinolophus ferrumequinum,0.023,0.023,-1,Echolocation,/mnt/ubna_data_02_mir/recover-20220922/UBNA_001/20220921_090000.WAV,Telephone Field,recover-20220922,001,1795
1773.7885,1773.7984,24609,32072,Eptesicus serotinus,0.008,0.022,-1,Echolocation,/mnt/ubna_data_02_mir/recover-20220922/UBNA_001/20220921_090000.WAV,Telephone Field,recover-20220922,001,1795
1773.8405,1773.8827,68437,82807,Rhinolophus ferrumequinum,0.03,0.03,-1,Echolocation,/mnt/ubna_data_02_mir/recover-20220922/UBNA_001/20220921_090000.WAV,Telephone Field,recover-20220922,001,1795
1773.8925,1773.904,32343,37395,Eptesicus serotinus,0.012,0.042,-1,Echolocation,/mnt/ubna_data_02_mir/recover-20220922/UBNA_001/20220921_090000.WAV,Telephone Field,recover-20220922,001,1795
1773.9075,1773.9156,24609,33114,Plecotus austriacus,0.007,0.024,-1,Echolocation,/mnt/ubna_data_02_mir/recover-20220922/UBNA_001/20220921_090000.WAV,Telephone Field,recover-20220922,001,1795
1773.9305,1773.945,23750,28504,Nyctalus leisleri,0.029,0.054,-1,Echolocation,/mnt/ubna_data_02_mir/recover-20220922/UBNA_001/20220921_090000.WAV,Telephone Field,recover-20220922,001,1795
1773.9475,1773.9838,68437,82039,Rhinolophus ferrumequinum,0.023,0.023,-1,Echolocation,/mnt/ubna_data_02_mir/recover-20220922/UBNA_001/20220921_090000.WAV,Telephone Field,recover-20220922,001,1795
1773.9475,1773.9563,28906,37828,Eptesicus serotinus,0.009,0.023,-1,Echolocation,/mnt/ubna_data_02_mir/recover-20220922/UBNA_001/20220921_090000.WAV,Telephone Field,recover-20220922,001,1795
1773.9485,1773.9581,22890,29380,Nyctalus leisleri,0.008,0.023,-1,Echolocation,/mnt/ubna_data_02_mir/recover-20220922/UBNA_001/20220921_090000.WAV,Telephone Field,recover-20220922,001,1795
1773.9595,1773.9982,68437,82299,Rhinolophus ferrumequinum,0.023,0.023,-1,Echolocation,/mnt/ubna_data_02_mir/recover-20220922/UBNA_001/20220921_090000.WAV,Telephone Field,recover-20220922,001,1795
1774.0015,1774.0352,68437,80959,Rhinolophus ferrumequinum,0.054,0.054,-1,Echolocation,/mnt/ubna_data_02_mir/recover-20220922/UBNA_001/20220921_090000.WAV,Telephone Field,recover-20220922,001,1795
1774.0015,1774.0101,26328,36309,Nyctalus leisleri,0.008,0.028,-1,Echolocation,/mnt/ubna_data_02_mir/recover-20220922/UBNA_001/20220921_090000.WAV,Telephone Field,recover-20220922,001,1795
1774.0075,1774.0505,68437,82605,Rhinolophus ferrumequinum,0.022,0.022,-1,Echolocation,/mnt/ubna_data_02_mir/recover-20220922/UBNA_001/20220921_090000.WAV,Telephone Field,recover-20220922,001,1795
1774.0115,1774.0256,37500,41215,Pipistrellus nathusii,0.04,0.052,-1,Echolocation,/mnt/ubna_data_02_mir/recover-20220922/UBNA_001/20220921_090000.WAV,Telephone Field,recover-20220922,001,1795
1774.0365,1774.0462,23750,30956,Nyctalus leisleri,0.007,0.021,-1,Echolocation,/mnt/ubna_data_02_mir/recover-20220922/UBNA_001/20220921_090000.WAV,Telephone Field,recover-20220922,001,1795
1774.0465,1774.086,68437,82401,Rhinolophus ferrumequinum,0.021,0.021,-1,Echolocation,/mnt/ubna_data_02_mir/recover-20220922/UBNA_001/20220921_090000.WAV,Telephone Field,recover-20220922,001,1795
1774.0535,1774.0902,68437,82263,Rhinolophus ferrumequinum,0.021,0.021,-1,Echolocation,/mnt/ubna_data_02_mir/recover-20220922/UBNA_001/20220921_090000.WAV,Telephone Field,recover-20220922,001,1795
1774.0735,1774.1149,68437,82782,Rhinolophus ferrumequinum,0.023,0.023,-1,Echolocation,/mnt/ubna_data_02_mir/recover-20220922/UBNA_001/20220921_090000.WAV,Telephone Field,recover-20220922,001,1795
1774.0915,1774.1317,68437,81958,Rhinolophus ferrumequinum,0.022,0.022,-1,Echolocation,/mnt/ubna_data_02_mir/recover-20220922/UBNA_001/20220921_090000.WAV,Telephone Field,recover-20220922,001,1795
1774.0995,1774.1377,68437,82062,Rhinolophus ferrumequinum,0.023,0.023,-1,Echolocation,/mnt/ubna_data_02_mir/recover-20220922/UBNA_001/20220921_090000.WAV,Telephone Field,recover-20220922,001,1795
1774.1915,1774.2319,68437,82573,Rhinolophus ferrumequinum,0.023,0.023,-1,Echolocation,/mnt/ubna_data_02_mir/recover-20220922/UBNA_001/20220921_090000.WAV,Telephone Field,recover-20220922,001,1795
1774.2485,1774.2578,26328,35479,Eptesicus serotinus,0.01,0.024,-1,Echolocation,/mnt/ubna_data_02_mir/recover-20220922/UBNA_001/20220921_090000.WAV,Telephone Field,recover-20220922,001,1795
1774.2745,1774.312,68437,81746,Rhinolophus ferrumequinum,0.038,0.038,-1,Echolocation,/mnt/ubna_data_02_mir/recover-20220922/UBNA_001/20220921_090000.WAV,Telephone Field,recover-20220922,001,1795
1774.3305,1774.3686,68437,81910,Rhinolophus ferrumequinum,0.021,0.021,-1,Echolocation,/mnt/ubna_data_02_mir/recover-20220922/UBNA_001/20220921_090000.WAV,Telephone Field,recover-20220922,001,1795
1774.3675,1774.4065,68437,81643,Rhinolophus ferrumequinum,0.021,0.021,-1,Echolocation,/mnt/ubna_data_02_mir/recover-20220922/UBNA_001/20220921_090000.WAV,Telephone Field,recover-20220922,001,1795
1774.3765,1774.415,68437,81445,Rhinolophus ferrumequinum,0.021,0.022,-1,Echolocation,/mnt/ubna_data_02_mir/recover-20220922/UBNA_001/20220921_090000.WAV,Telephone Field,recover-20220922,001,1795
1774.4355,1774.4747,68437,82126,Rhinolophus ferrumequinum,0.023,0.023,-1,Echolocation,/mnt/ubna_data_02_mir/recover-20220922/UBNA_001/20220921_090000.WAV,Telephone Field,recover-20220922,001,1795
1774.4515,1774.4595,28906,38921,Eptesicus serotinus,0.008,0.024,-1,Echolocation,/mnt/ubna_data_02_mir/recover-20220922/UBNA_001/20220921_090000.WAV,Telephone Field,recover-20220922,001,1795
1774.5025,1774.5422,68437,82385,Rhinolophus ferrumequinum,0.025,0.025,-1,Echolocation,/mnt/ubna_data_02_mir/recover-20220922/UBNA_001/20220921_090000.WAV,Telephone Field,recover-20220922,001,1795
1774.5535,1774.5912,68437,81991,Rhinolophus ferrumequinum,0.023,0.023,-1,Echolocation,/mnt/ubna_data_02_mir/recover-20220922/UBNA_001/20220921_090000.WAV,Telephone Field,recover-20220922,001,1795
1774.6025,1774.6439,68437,82513,Rhinolophus ferrumequinum,0.025,0.025,-1,Echolocation,/mnt/ubna_data_02_mir/recover-20220922/UBNA_001/20220921_090000.WAV,Telephone Field,recover-20220922,001,1795
1774.6455,1774.6844,68437,82333,Rhinolophus ferrumequinum,0.021,0.021,-1,Echolocation,/mnt/ubna_data_02_mir/recover-20220922/UBNA_001/20220921_090000.WAV,Telephone Field,recover-20220922,001,1795
1774.6605,1774.671,45234,49322,Pipistrellus pipistrellus,0.019,0.022,-1,Echolocation,/mnt/ubna_data_02_mir/recover-20220922/UBNA_001/20220921_090000.WAV,Telephone Field,recover-20220922,001,1795
1774.6785,1774.7182,68437,82080,Rhinolophus ferrumequinum,0.022,0.022,-1,Echolocation,/mnt/ubna_data_02_mir/recover-20220922/UBNA_001/20220921_090000.WAV,Telephone Field,recover-20220922,001,1795
1774.6865,1774.7243,68437,81879,Rhinolophus ferrumequinum,0.021,0.021,-1,Echolocation,/mnt/ubna_data_02_mir/recover-20220922/UBNA_001/20220921_090000.WAV,Telephone Field,recover-20220922,001,1795
1774.7055,1774.7139,28046,37623,Eptesicus serotinus,0.009,0.023,-1,Echolocation,/mnt/ubna_data_02_mir/recover-20220922/UBNA_001/20220921_090000.WAV,Telephone Field,recover-20220922,001,1795
1774.7475,1774.7816,68437,81483,Rhinolophus ferrumequinum,0.022,0.022,-1,Echolocation,/mnt/ubna_data_02_mir/recover-20220922/UBNA_001/20220921_090000.WAV,Telephone Field,recover-20220922,001,1795
1774.8075,1774.8187,22890,27967,Nyctalus leisleri,0.013,0.028,-1,Echolocation,/mnt/ubna_data_02_mir/recover-20220922/UBNA_001/20220921_090000.WAV,Telephone Field,recover-20220922,001,1795
1774.8115,1774.822,51250,55766,Pipistrellus pipistrellus,0.019,0.027,-1,Echolocation,/mnt/ubna_data_02_mir/recover-20220922/UBNA_001/20220921_090000.WAV,Telephone Field,recover-20220922,001,1795
1774.8405,1774.8807,68437,82973,Rhinolophus ferrumequinum,0.024,0.024,-1,Echolocation,/mnt/ubna_data_02_mir/recover-20220922/UBNA_001/20220921_090000.WAV,Telephone Field,recover-20220922,001,1795
1774.8495,1774.8855,68437,81860,Rhinolophus ferrumequinum,0.022,0.022,-1,Echolocation,/mnt/ubna_data_02_mir/recover-20220922/UBNA_001/20220921_090000.WAV,Telephone Field,recover-20220922,001,1795
1774.8695,1774.9061,68437,81609,Rhinolophus ferrumequinum,0.022,0.022,-1,Echolocation,/mnt/ubna_data_02_mir/recover-20220922/UBNA_001/20220921_090000.WAV,Telephone Field,recover-20220922,001,1795
1774.8765,1774.8854,28906,38492,Eptesicus serotinus,0.008,0.021,-1,Echolocation,/mnt/ubna_data_02_mir/recover-20220922/UBNA_001/20220921_090000.WAV,Telephone Field,recover-20220922,001,1795
1774.8945,1774.9112,21171,24620,Nyctalus leisleri,0.015,0.025,-1,Echolocation,/mnt/ubna_data_02_mir/recover-20220922/UBNA_001/20220921_090000.WAV,Telephone Field,recover-20220922,001,1795
1775.0175,1775.0272,23750,30848,Nyctalus leisleri,0.008,0.023,-1,Echolocation,/mnt/ubna_data_02_mir/recover-20220922/UBNA_001/20220921_090000.WAV,Telephone Field,recover-20220922,001,1795
1775.0195,1775.0575,68437,81959,Rhinolophus ferrumequinum,0.023,0.023,-1,Echolocation,/mnt/ubna_data_02_mir/recover-20220922/UBNA_001/20220921_090000.WAV,Telephone Field,recover-20220922,001,1795
1775.0315,1775.0725,68437,82561,Rhinolophus ferrumequinum,0.025,0.025,-1,Echolocation,/mnt/ubna_data_02_mir/recover-20220922/UBNA_001/20220921_090000.WAV,Telephone Field,recover-20220922,001,1795
1775.0465,1775.089,68437,83091,Rhinolophus ferrumequinum,0.028,0.028,-1,Echolocation,/mnt/ubna_data_02_mir/recover-20220922/UBNA_001/20220921_090000.WAV,Telephone Field,recover-20220922,001,1795
1775.0725,1775.1118,68437,82090,Rhinolophus ferrumequinum,0.022,0.022,-1,Echolocation,/mnt/ubna_data_02_mir/recover-20220922/UBNA_001/20220921_090000.WAV,Telephone Field,recover-20220922,001,1795
1775.1215,1775.1305,28906,36661,Eptesicus serotinus,0.008,0.022,-1,Echolocation,/mnt/ubna_data_02_mir/recover-20220922/UBNA_001/20220921_090000.WAV,Telephone Field,recover-20220922,001,1795
1775.1405,1775.1814,68437,82169,Rhinolophus ferrumequinum,0.023,0.023,-1,Echolocation,/mnt/ubna_data_02_mir/recover-20220922/UBNA_001/20220921_090000.WAV,Telephone Field,recover-20220922,001,1795
1775.1485,1775.1586,22890,28289,Nyctalus leisleri,0.01,0.023,-1,Echolocation,/mnt/ubna_data_02_mir/recover-20220922/UBNA_001/20220921_090000.WAV,Telephone Field,recover-20220922,001,1795
1775.1765,1775.1886,25468,32226,Eptesicus serotinus,0.012,0.031,-1,Echolocation,/mnt/ubna_data_02_mir/recover-20220922/UBNA_001/20220921_090000.WAV,Telephone Field,recover-20220922,001,1795
1775.1875,1775.197,24609,31786,Nyctalus leisleri,0.009,0.026,-1,Echolocation,/mnt/ubna_data_02_mir/recover-20220922/UBNA_001/20220921_090000.WAV,Telephone Field,recover-20220922,001,1795
1775.2275,1775.2661,68437,82406,Rhinolophus ferrumequinum,0.021,0.021,-1,Echolocation,/mnt/ubna_data_02_mir/recover-20220922/UBNA_001/20220921_090000.WAV,Telephone Field,recover-20220922,001,1795
1775.2295,1775.2477,21171,24614,Nyctalus leisleri,0.017,0.028,-1,Echolocation,/mnt/ubna_data_02_mir/recover-20220922/UBNA_001/20220921_090000.WAV,Telephone Field,recover-20220922,001,1795
1775.2835,1775.29,25468,42213,Myotis nattereri,0.005,0.022,-1,Echolocation,/mnt/ubna_data_02_mir/recover-20220922/UBNA_001/20220921_090000.WAV,Telephone Field,recover-20220922,001,1795
1775.2855,1775.3276,68437,82765,Rhinolophus ferrumequinum,0.024,0.024,-1,Echolocation,/mnt/ubna_data_02_mir/recover-20220922/UBNA_001/20220921_090000.WAV,Telephone Field,recover-20220922,001,1795
1775.3135,1775.3533,68437,82578,Rhinolophus ferrumequinum,0.022,0.022,-1,Echolocation,/mnt/ubna_data_02_mir/recover-20220922/UBNA_001/20220921_090000.WAV,Telephone Field,recover-20220922,001,1795
1775.3355,1775.3727,68437,81950,Rhinolophus ferrumequinum,0.023,0.023,-1,Echolocation,/mnt/ubna_data_02_mir/recover-20220922/UBNA_001/20220921_090000.WAV,Telephone Field,recover-20220922,001,1795
1775.3595,1775.3695,28906,36755,Eptesicus serotinus,0.01,0.024,-1,Echolocation,/mnt/ubna_data_02_mir/recover-20220922/UBNA_001/20220921_090000.WAV,Telephone Field,recover-20220922,001,1795
1775.3665,1775.4038,68437,81931,Rhinolophus ferrumequinum,0.022,0.022,-1,Echolocation,/mnt/ubna_data_02_mir/recover-20220922/UBNA_001/20220921_090000.WAV,Telephone Field,recover-20220922,001,1795
1775.3825,1775.3934,38359,42995,Pipistrellus nathusii,0.025,0.044,-1,Echolocation,/mnt/ubna_data_02_mir/recover-20220922/UBNA_001/20220921_090000.WAV,Telephone Field,recover-20220922,001,1795
1775.4085,1775.4469,68437,81475,Rhinolophus ferrumequinum,0.023,0.023,-1,Echolocation,/mnt/ubna_data_02_mir/recover-20220922/UBNA_001/20220921_090000.WAV,Telephone Field,recover-20220922,001,1795
1775.4355,1775.4751,68437,82775,Rhinolophus ferrumequinum,0.023,0.023,-1,Echolocation,/mnt/ubna_data_02_mir/recover-20220922/UBNA_001/20220921_090000.WAV,Telephone Field,recover-20220922,001,1795
1775.4595,1775.5026,68437,82741,Rhinolophus ferrumequinum,0.04,0.04,-1,Echolocation,/mnt/ubna_data_02_mir/recover-20220922/UBNA_001/20220921_090000.WAV,Telephone Field,recover-20220922,001,1795
1775.4785,1775.4879,28906,36718,Eptesicus serotinus,0.008,0.022,-1,Echolocation,/mnt/ubna_data_02_mir/recover-20220922/UBNA_001/20220921_090000.WAV,Telephone Field,recover-20220922,001,1795
1775.5135,1775.5564,68437,82604,Rhinolophus ferrumequinum,0.024,0.024,-1,Echolocation,/mnt/ubna_data_02_mir/recover-20220922/UBNA_001/20220921_090000.WAV,Telephone Field,recover-20220922,001,1795
1775.5265,1775.5393,22890,27497,Nyctalus leisleri,0.01,0.021,-1,Echolocation,/mnt/ubna_data_02_mir/recover-20220922/UBNA_001/20220921_090000.WAV,Telephone Field,recover-20220922,001,1795
1775.5395,1775.5786,68437,82693,Rhinolophus ferrumequinum,0.029,0.029,-1,Echolocation,/mnt/ubna_data_02_mir/recover-20220922/UBNA_001/20220921_090000.WAV,Telephone Field,recover-20220922,001,1795
1775.6135,1775.6236,28906,35849,Eptesicus serotinus,0.012,0.025,-1,Echolocation,/mnt/ubna_data_02_mir/recover-20220922/UBNA_001/20220921_090000.WAV,Telephone Field,recover-20220922,001,1795
1775.6185,1775.6565,68437,82135,Rhinolophus ferrumequinum,0.024,0.024,-1,Echolocation,/mnt/ubna_data_02_mir/recover-20220922/UBNA_001/20220921_090000.WAV,Telephone Field,recover-20220922,001,1795
1775.6575,1775.7001,68437,83199,Rhinolophus ferrumequinum,0.034,0.034,-1,Echolocation,/mnt/ubna_data_02_mir/recover-20220922/UBNA_001/20220921_090000.WAV,Telephone Field,recover-20220922,001,1795
1775.7115,1775.7484,68437,81820,Rhinolophus ferrumequinum,0.021,0.021,-1,Echolocation,/mnt/ubna_data_02_mir/recover-20220922/UBNA_001/20220921_090000.WAV,Telephone Field,recover-20220922,001,1795
1775.7155,1775.724,28046,39176,Eptesicus serotinus,0.008,0.022,-1,Echolocation,/mnt/ubna_data_02_mir/recover-20220922/UBNA_001/20220921_090000.WAV,Telephone Field,recover-20220922,001,1795
1775.7435,1775.7805,68437,81721,Rhinolophus ferrumequinum,0.022,0.022,-1,Echolocation,/mnt/ubna_data_02_mir/recover-20220922/UBNA_001/20220921_090000.WAV,Telephone Field,recover-20220922,001,1795
1775.7775,1775.8174,68437,82635,Rhinolophus ferrumequinum,0.022,0.022,-1,Echolocation,/mnt/ubna_data_02_mir/recover-20220922/UBNA_001/20220921_090000.WAV,Telephone Field,recover-20220922,001,1795
1775.8005,1775.8138,24609,29433,Nyctalus leisleri,0.011,0.022,-1,Echolocation,/mnt/ubna_data_02_mir/recover-20220922/UBNA_001/20220921_090000.WAV,Telephone Field,recover-20220922,001,1795
1775.8065,1775.8183,24609,28981,Nyctalus leisleri,0.011,0.022,-1,Echolocation,/mnt/ubna_data_02_mir/recover-20220922/UBNA_001/20220921_090000.WAV,Telephone Field,recover-20220922,001,1795
1775.8565,1775.8966,68437,82680,Rhinolophus ferrumequinum,0.024,0.024,-1,Echolocation,/mnt/ubna_data_02_mir/recover-20220922/UBNA_001/20220921_090000.WAV,Telephone Field,recover-20220922,001,1795
1775.8685,1775.8767,26328,35149,Eptesicus serotinus,0.012,0.03,-1,Echolocation,/mnt/ubna_data_02_mir/recover-20220922/UBNA_001/20220921_090000.WAV,Telephone Field,recover-20220922,001,1795
1775.8895,1775.9252,68437,81126,Rhinolophus ferrumequinum,0.021,0.021,-1,Echolocation,/mnt/ubna_data_02_mir/recover-20220922/UBNA_001/20220921_090000.WAV,Telephone Field,recover-20220922,001,1795
1775.8965,1775.908,22890,27549,Nyctalus leisleri,0.014,0.028,-1,Echolocation,/mnt/ubna_data_02_mir/recover-20220922/UBNA_001/20220921_090000.WAV,Telephone Field,recover-20220922,001,1795
1775.9235,1775.9626,68437,82759,Rhinolophus ferrumequinum,0.029,0.029,-1,Echolocation,/mnt/ubna_data_02_mir/recover-20220922/UBNA_001/20220921_090000.WAV,Telephone Field,recover-20220922,001,1795
1775.9345,1775.9727,68437,81091,Rhinolophus ferrumequinum,0.024,0.024,-1,Echolocation,/mnt/ubna_data_02_mir/recover-20220922/UBNA_001/20220921_090000.WAV,Telephone Field,recover-20220922,001,1795
1775.9405,1775.9496,23750,30855,Nyctalus leisleri,0.007,0.023,-1,Echolocation,/mnt/ubna_data_02_mir/recover-20220922/UBNA_001/20220921_090000.WAV,Telephone Field,recover-20220922,001,1795
1776.0015,1776.0141,22031,27214,Nyctalus leisleri,0.021,0.049,-1,Echolocation,/mnt/ubna_data_02_mir/recover-20220922/UBNA_001/20220921_090000.WAV,Telephone Field,recover-20220922,001,1795
1776.0015,1776.0324,68437,79374,Rhinolophus ferrumequinum,0.039,0.039,-1,Echolocation,/mnt/ubna_data_02_mir/recover-20220922/UBNA_001/20220921_090000.WAV,Telephone Field,recover-20220922,001,1795
1776.0015,1776.0096,47812,53321,Pipistrellus pipistrellus,0.018,0.024,-1,Echolocation,/mnt/ubna_data_02_mir/recover-20220922/UBNA_001/20220921_090000.WAV,Telephone Field,recover-20220922,001,1795
1776.0085,1776.0476,68437,81487,Rhinolophus ferrumequinum,0.021,0.021,-1,Echolocation,/mnt/ubna_data_02_mir/recover-20220922/UBNA_001/20220921_090000.WAV,Telephone Field,recover-20220922,001,1795
1776.0275,1776.0652,68437,80676,Rhinolophus ferrumequinum,0.022,0.022,-1,Echolocation,/mnt/ubna_data_02_mir/recover-20220922/UBNA_001/20220921_090000.WAV,Telephone Field,recover-20220922,001,1795
1776.0645,1776.1045,68437,82894,Rhinolophus ferrumequinum,0.023,0.023,-1,Echolocation,/mnt/ubna_data_02_mir/recover-20220922/UBNA_001/20220921_090000.WAV,Telephone Field,recover-20220922,001,1795
1776.1015,1776.1391,68437,81482,Rhinolophus ferrumequinum,0.022,0.022,-1,Echolocation,/mnt/ubna_data_02_mir/recover-20220922/UBNA_001/20220921_090000.WAV,Telephone Field,recover-20220922,001,1795
1776.1235,1776.1358,28046,35365,Eptesicus serotinus,0.025,0.039,-1,Echolocation,/mnt/ubna_data_02_mir/recover-20220922/UBNA_001/20220921_090000.WAV,Telephone Field,recover-20220922,001,1795
1776.1535,1776.1917,68437,81884,Rhinolophus ferrumequinum,0.022,0.022,-1,Echolocation,/mnt/ubna_data_02_mir/recover-20220922/UBNA_001/20220921_090000.WAV,Telephone Field,recover-20220922,001,1795
1776.1615,1776.2008,68437,82569,Rhinolophus ferrumequinum,0.023,0.023,-1,Echolocation,/mnt/ubna_data_02_mir/recover-20220922/UBNA_001/20220921_090000.WAV,Telephone Field,recover-20220922,001,1795
1776.1815,1776.1898,28046,38414,Eptesicus serotinus,0.008,0.021,-1,Echolocation,/mnt/ubna_data_02_mir/recover-20220922/UBNA_001/20220921_090000.WAV,Telephone Field,recover-20220922,001,1795
1776.1905,1776.2327,68437,83484,Rhinolophus ferrumequinum,0.029,0.029,-1,Echolocation,/mnt/ubna_data_02_mir/recover-20220922/UBNA_001/20220921_090000.WAV,Telephone Field,recover-20220922,001,1795
1776.2255,1776.2386,22890,27686,Nyctalus leisleri,0.012,0.023,-1,Echolocation,/mnt/ubna_data_02_mir/recover-20220922/UBNA_001/20220921_090000.WAV,Telephone Field,recover-20220922,001,1795
1776.2455,1776.2789,68437,80516,Rhinolophus ferrumequinum,0.024,0.024,-1,Echolocation,/mnt/ubna_data_02_mir/recover-20220922/UBNA_001/20220921_090000.WAV,Telephone Field,recover-20220922,001,1795
1776.2595,1776.3017,68437,82755,Rhinolophus ferrumequinum,0.025,0.025,-1,Echolocation,/mnt/ubna_data_02_mir/recover-20220922/UBNA_001/20220921_090000.WAV,Telephone Field,recover-20220922,001,1795
1776.2825,1776.2924,23750,30748,Nyctalus leisleri,0.008,0.023,-1,Echolocation,/mnt/ubna_data_02_mir/recover-20220922/UBNA_001/20220921_090000.WAV,Telephone Field,recover-20220922,001,1795
1776.2975,1776.3048,23750,32462,Plecotus austriacus,0.011,0.026,-1,Echolocation,/mnt/ubna_data_02_mir/recover-20220922/UBNA_001/20220921_090000.WAV,Telephone Field,recover-20220922,001,1795
1776.2995,1776.341,68437,83400,Rhinolophus ferrumequinum,0.029,0.029,-1,Echolocation,/mnt/ubna_data_02_mir/recover-20220922/UBNA_001/20220921_090000.WAV,Telephone Field,recover-20220922,001,1795
1776.3305,1776.3399,28906,36145,Eptesicus serotinus,0.009,0.021,-1,Echolocation,/mnt/ubna_data_02_mir/recover-20220922/UBNA_001/20220921_090000.WAV,Telephone Field,recover-20220922,001,1795
1776.3675,1776.4071,68437,82478,Rhinolophus ferrumequinum,0.028,0.028,-1,Echolocation,/mnt/ubna_data_02_mir/recover-20220922/UBNA_001/20220921_090000.WAV,Telephone Field,recover-20220922,001,1795
1776.4425,1776.4502,28046,37387,Eptesicus serotinus,0.007,0.021,-1,Echolocation,/mnt/ubna_data_02_mir/recover-20220922/UBNA_001/20220921_090000.WAV,Telephone Field,recover-20220922,001,1795
1776.4685,1776.4775,22890,29193,Plecotus austriacus,0.008,0.023,-1,Echolocation,/mnt/ubna_data_02_mir/recover-20220922/UBNA_001/20220921_090000.WAV,Telephone Field,recover-20220922,001,1795
1776.4945,1776.5054,22890,28580,Nyctalus leisleri,0.01,0.022,-1,Echolocation,/mnt/ubna_data_02_mir/recover-20220922/UBNA_001/20220921_090000.WAV,Telephone Field,recover-20220922,001,1795
1776.5005,1776.5121,23750,29467,Nyctalus leisleri,0.011,0.023,-1,Echolocation,/mnt/ubna_data_02_mir/recover-20220922/UBNA_001/20220921_090000.WAV,Telephone Field,recover-20220922,001,1795
1776.5065,1776.5207,22890,27326,Nyctalus leisleri,0.012,0.023,-1,Echolocation,/mnt/ubna_data_02_mir/recover-20220922/UBNA_001/20220921_090000.WAV,Telephone Field,recover-20220922,001,1795
1776.5145,1776.5523,68437,81806,Rhinolophus ferrumequinum,0.026,0.026,-1,Echolocation,/mnt/ubna_data_02_mir/recover-20220922/UBNA_001/20220921_090000.WAV,Telephone Field,recover-20220922,001,1795
1776.5175,1776.5248,26328,41067,Eptesicus serotinus,0.006,0.022,-1,Echolocation,/mnt/ubna_data_02_mir/recover-20220922/UBNA_001/20220921_090000.WAV,Telephone Field,recover-20220922,001,1795
1776.5535,1776.5607,28046,36811,Eptesicus serotinus,0.013,0.034,-1,Echolocation,/mnt/ubna_data_02_mir/recover-20220922/UBNA_001/20220921_090000.WAV,Telephone Field,recover-20220922,001,1795
1776.6005,1776.6363,68437,81520,Rhinolophus ferrumequinum,0.022,0.022,-1,Echolocation,/mnt/ubna_data_02_mir/recover-20220922/UBNA_001/20220921_090000.WAV,Telephone Field,recover-20220922,001,1795
1776.6205,1776.6591,68437,82415,Rhinolophus ferrumequinum,0.023,0.023,-1,Echolocation,/mnt/ubna_data_02_mir/recover-20220922/UBNA_001/20220921_090000.WAV,Telephone Field,recover-20220922,001,1795
1776.6265,1776.6357,37500,42452,Barbastellus barbastellus,0.029,0.058,-1,Echolocation,/mnt/ubna_data_02_mir/recover-20220922/UBNA_001/20220921_090000.WAV,Telephone Field,recover-20220922,001,1795
1776.7075,1776.7479,68437,82309,Rhinolophus ferrumequinum,0.023,0.023,-1,Echolocation,/mnt/ubna_data_02_mir/recover-20220922/UBNA_001/20220921_090000.WAV,Telephone Field,recover-20220922,001,1795
1776.7135,1776.7547,68437,82970,Rhinolophus ferrumequinum,0.023,0.023,-1,Echolocation,/mnt/ubna_data_02_mir/recover-20220922/UBNA_001/20220921_090000.WAV,Telephone Field,recover-20220922,001,1795
1776.7355,1776.7455,28906,36254,Eptesicus serotinus,0.008,0.021,-1,Echolocation,/mnt/ubna_data_02_mir/recover-20220922/UBNA_001/20220921_090000.WAV,Telephone Field,recover-20220922,001,1795
1776.7505,1776.7591,25468,33624,Eptesicus serotinus,0.007,0.022,-1,Echolocation,/mnt/ubna_data_02_mir/recover-20220922/UBNA_001/20220921_090000.WAV,Telephone Field,recover-20220922,001,1795
1776.7565,1776.7959,68437,82513,Rhinolophus ferrumequinum,0.023,0.023,-1,Echolocation,/mnt/ubna_data_02_mir/recover-20220922/UBNA_001/20220921_090000.WAV,Telephone Field,recover-20220922,001,1795
1776.7635,1776.8043,68437,83263,Rhinolophus ferrumequinum,0.025,0.025,-1,Echolocation,/mnt/ubna_data_02_mir/recover-20220922/UBNA_001/20220921_090000.WAV,Telephone Field,recover-20220922,001,1795
1776.7995,1776.8392,68437,82025,Rhinolophus ferrumequinum,0.021,0.021,-1,Echolocation,/mnt/ubna_data_02_mir/recover-20220922/UBNA_001/20220921_090000.WAV,Telephone Field,recover-20220922,001,1795
1776.8015,1776.8108,23750,30404,Nyctalus leisleri,0.009,0.024,-1,Echolocation,/mnt/ubna_data_02_mir/recover-20220922/UBNA_001/20220921_090000.WAV,Telephone Field,recover-20220922,001,1795
1776.8185,1776.8615,68437,83274,Rhinolophus ferrumequinum,0.028,0.028,-1,Echolocation,/mnt/ubna_data_02_mir/recover-20220922/UBNA_001/20220921_090000.WAV,Telephone Field,recover-20220922,001,1795
1776.8505,1776.8885,68437,81845,Rhinolophus ferrumequinum,0.022,0.022,-1,Echolocation,/mnt/ubna_data_02_mir/recover-20220922/UBNA_001/20220921_090000.WAV,Telephone Field,recover-20220922,001,1795
1776.9045,1776.9127,28906,37967,Eptesicus serotinus,0.008,0.022,-1,Echolocation,/mnt/ubna_data_02_mir/recover-20220922/UBNA_001/20220921_090000.WAV,Telephone Field,recover-20220922,001,1795
1776.9715,1776.9804,28046,36310,Eptesicus serotinus,0.007,0.021,-1,Echolocation,/mnt/ubna_data_02_mir/recover-20220922/UBNA_001/20220921_090000.WAV,Telephone Field,recover-20220922,001,1795
1776.9875,1777.0243,68437,82048,Rhinolophus ferrumequinum,0.038,0.038,-1,Echolocation,/mnt/ubna_data_02_mir/recover-20220922/UBNA_001/20220921_090000.WAV,Telephone Field,recover-20220922,001,1795
1776.9995,1777.01,44375,48441,Pipistrellus pipistrellus,0.019,0.021,-1,Echolocation,/mnt/ubna_data_02_mir/recover-20220922/UBNA_001/20220921_090000.WAV,Telephone Field,recover-20220922,001,1795
1777.0005,1777.0095,25468,33373,Eptesicus serotinus,0.007,0.023,-1,Echolocation,/mnt/ubna_data_02_mir/recover-20220922/UBNA_001/20220921_090000.WAV,Telephone Field,recover-20220922,001,1795
1777.0335,1777.0404,28906,38834,Eptesicus serotinus,0.007,0.028,-1,Echolocation,/mnt/ubna_data_02_mir/recover-20220922/UBNA_001/20220921_090000.WAV,Telephone Field,recover-20220922,001,1795
1777.0405,1777.0774,68437,81713,Rhinolophus ferrumequinum,0.021,0.021,-1,Echolocation,/mnt/ubna_data_02_mir/recover-20220922/UBNA_001/20220921_090000.WAV,Telephone Field,recover-20220922,001,1795
1777.0555,1777.0928,68437,80455,Rhinolophus ferrumequinum,0.034,0.035,-1,Echolocation,/mnt/ubna_data_02_mir/recover-20220922/UBNA_001/20220921_090000.WAV,Telephone Field,recover-20220922,001,1795
1777.0615,1777.095,68437,80793,Rhinolophus ferrumequinum,0.024,0.024,-1,Echolocation,/mnt/ubna_data_02_mir/recover-20220922/UBNA_001/20220921_090000.WAV,Telephone Field,recover-20220922,001,1795
1777.0715,1777.1109,68437,82223,Rhinolophus ferrumequinum,0.023,0.023,-1,Echolocation,/mnt/ubna_data_02_mir/recover-20220922/UBNA_001/20220921_090000.WAV,Telephone Field,recover-20220922,001,1795
1777.0785,1777.0862,28046,40522,Eptesicus serotinus,0.008,0.024,-1,Echolocation,/mnt/ubna_data_02_mir/recover-20220922/UBNA_001/20220921_090000.WAV,Telephone Field,recover-20220922,001,1795
1777.0995,1777.1402,68437,82517,Rhinolophus ferrumequinum,0.025,0.025,-1,Echolocation,/mnt/ubna_data_02_mir/recover-20220922/UBNA_001/20220921_090000.WAV,Telephone Field,recover-20220922,001,1795
1777.1135,1777.1202,27187,40048,Eptesicus serotinus,0.005,0.021,-1,Echolocation,/mnt/ubna_data_02_mir/recover-20220922/UBNA_001/20220921_090000.WAV,Telephone Field,recover-20220922,001,1795
1777.1195,1777.159,68437,81634,Rhinolophus ferrumequinum,0.023,0.023,-1,Echolocation,/mnt/ubna_data_02_mir/recover-20220922/UBNA_001/20220921_090000.WAV,Telephone Field,recover-20220922,001,1795
1777.1325,1777.1761,68437,83078,Rhinolophus ferrumequinum,0.035,0.035,-1,Echolocation,/mnt/ubna_data_02_mir/recover-20220922/UBNA_001/20220921_090000.WAV,Telephone Field,recover-20220922,001,1795
1777.1825,1777.1908,26328,35817,Eptesicus serotinus,0.008,0.023,-1,Echolocation,/mnt/ubna_data_02_mir/recover-20220922/UBNA_001/20220921_090000.WAV,Telephone Field,recover-20220922,001,1795
1777.2175,1777.2556,68437,81729,Rhinolophus ferrumequinum,0.026,0.026,-1,Echolocation,/mnt/ubna_data_02_mir/recover-20220922/UBNA_001/20220921_090000.WAV,Telephone Field,recover-20220922,001,1795
1777.2365,1777.2444,23750,32252,Plecotus austriacus,0.008,0.021,-1,Echolocation,/mnt/ubna_data_02_mir/recover-20220922/UBNA_001/20220921_090000.WAV,Telephone Field,recover-20220922,001,1795
1777.2375,1777.2772,68437,82440,Rhinolophus ferrumequinum,0.021,0.021,-1,Echolocation,/mnt/ubna_data_02_mir/recover-20220922/UBNA_001/20220921_090000.WAV,Telephone Field,recover-20220922,001,1795
1777.2825,1777.3188,68437,80591,Rhinolophus ferrumequinum,0.022,0.022,-1,Echolocation,/mnt/ubna_data_02_mir/recover-20220922/UBNA_001/20220921_090000.WAV,Telephone Field,recover-20220922,001,1795
1777.3255,1777.3675,68437,82787,Rhinolophus ferrumequinum,0.023,0.023,-1,Echolocation,/mnt/ubna_data_02_mir/recover-20220922/UBNA_001/20220921_090000.WAV,Telephone Field,recover-20220922,001,1795
1777.3375,1777.3791,68437,82837,Rhinolophus ferrumequinum,0.025,0.025,-1,Echolocation,/mnt/ubna_data_02_mir/recover-20220922/UBNA_001/20220921_090000.WAV,Telephone Field,recover-20220922,001,1795
1777.3695,1777.409,68437,82148,Rhinolophus ferrumequinum,0.021,0.021,-1,Echolocation,/mnt/ubna_data_02_mir/recover-20220922/UBNA_001/20220921_090000.WAV,Telephone Field,recover-20220922,001,1795
1777.3875,1777.3972,28046,38458,Eptesicus serotinus,0.008,0.022,-1,Echolocation,/mnt/ubna_data_02_mir/recover-20220922/UBNA_001/20220921_090000.WAV,Telephone Field,recover-20220922,001,1795
1777.4555,1777.4655,28046,36050,Eptesicus serotinus,0.011,0.025,-1,Echolocation,/mnt/ubna_data_02_mir/recover-20220922/UBNA_001/20220921_090000.WAV,Telephone Field,recover-20220922,001,1795
1777.4585,1777.498,68437,81931,Rhinolophus ferrumequinum,0.023,0.023,-1,Echolocation,/mnt/ubna_data_02_mir/recover-20220922/UBNA_001/20220921_090000.WAV,Telephone Field,recover-20220922,001,1795
1777.4595,1777.4674,46093,57915,Pipistrellus pipistrellus,0.016,0.021,-1,Echolocation,/mnt/ubna_data_02_mir/recover-20220922/UBNA_001/20220921_090000.WAV,Telephone Field,recover-20220922,001,1795
1777.4765,1777.4865,28046,36064,Eptesicus serotinus,0.009,0.022,-1,Echolocation,/mnt/ubna_data_02_mir/recover-20220922/UBNA_001/20220921_090000.WAV,Telephone Field,recover-20220922,001,1795
1777.4805,1777.5154,68437,81725,Rhinolophus ferrumequinum,0.023,0.023,-1,Echolocation,/mnt/ubna_data_02_mir/recover-20220922/UBNA_001/20220921_090000.WAV,Telephone Field,recover-20220922,001,1795
1777.4905,1777.5291,68437,82021,Rhinolophus ferrumequinum,0.022,0.022,-1,Echolocation,/mnt/ubna_data_02_mir/recover-20220922/UBNA_001/20220921_090000.WAV,Telephone Field,recover-20220922,001,1795
1777.5015,1777.5396,68437,81890,Rhinolophus ferrumequinum,0.021,0.021,-1,Echolocation,/mnt/ubna_data_02_mir/recover-20220922/UBNA_001/20220921_090000.WAV,Telephone Field,recover-20220922,001,1795
1777.5095,1777.5485,68437,81918,Rhinolophus ferrumequinum,0.022,0.022,-1,Echolocation,/mnt/ubna_data_02_mir/recover-20220922/UBNA_001/20220921_090000.WAV,Telephone Field,recover-20220922,001,1795
1777.5625,1777.6015,68437,81939,Rhinolophus ferrumequinum,0.023,0.024,-1,Echolocation,/mnt/ubna_data_02_mir/recover-20220922/UBNA_001/20220921_090000.WAV,Telephone Field,recover-20220922,001,1795
1777.5735,1777.5831,28046,36112,Eptesicus serotinus,0.009,0.021,-1,Echolocation,/mnt/ubna_data_02_mir/recover-20220922/UBNA_001/20220921_090000.WAV,Telephone Field,recover-20220922,001,1795
1777.5865,1777.627,68437,82774,Rhinolophus ferrumequinum,0.024,0.024,-1,Echolocation,/mnt/ubna_data_02_mir/recover-20220922/UBNA_001/20220921_090000.WAV,Telephone Field,recover-20220922,001,1795
1777.5985,1777.6399,68437,82595,Rhinolophus ferrumequinum,0.021,0.021,-1,Echolocation,/mnt/ubna_data_02_mir/recover-20220922/UBNA_001/20220921_090000.WAV,Telephone Field,recover-20220922,001,1795
1777.6315,1777.6419,28906,37294,Eptesicus serotinus,0.012,0.028,-1,Echolocation,/mnt/ubna_data_02_mir/recover-20220922/UBNA_001/20220921_090000.WAV,Telephone Field,recover-20220922,001,1795
1777.6375,1777.6809,68437,83061,Rhinolophus ferrumequinum,0.043,0.043,-1,Echolocation,/mnt/ubna_data_02_mir/recover-20220922/UBNA_001/20220921_090000.WAV,Telephone Field,recover-20220922,001,1795
1777.6755,1777.7149,68437,82733,Rhinolophus ferrumequinum,0.023,0.023,-1,Echolocation,/mnt/ubna_data_02_mir/recover-20220922/UBNA_001/20220921_090000.WAV,Telephone Field,recover-20220922,001,1795
1777.6935,1777.7027,47812,51171,Pipistrellus pipistrellus,0.039,0.041,-1,Echolocation,/mnt/ubna_data_02_mir/recover-20220922/UBNA_001/20220921_090000.WAV,Telephone Field,recover-20220922,001,1795
1777.7155,1777.7541,68437,82225,Rhinolophus ferrumequinum,0.021,0.021,-1,Echolocation,/mnt/ubna_data_02_mir/recover-20220922/UBNA_001/20220921_090000.WAV,Telephone Field,recover-20220922,001,1795
1777.7475,1777.7577,22890,28600,Nyctalus leisleri,0.008,0.021,-1,Echolocation,/mnt/ubna_data_02_mir/recover-20220922/UBNA_001/20220921_090000.WAV,Telephone Field,recover-20220922,001,1795
1777.7565,1777.7947,68437,81947,Rhinolophus ferrumequinum,0.021,0.021,-1,Echolocation,/mnt/ubna_data_02_mir/recover-20220922/UBNA_001/20220921_090000.WAV,Telephone Field,recover-20220922,001,1795
1777.7595,1777.7679,28046,37800,Eptesicus serotinus,0.008,0.025,-1,Echolocation,/mnt/ubna_data_02_mir/recover-20220922/UBNA_001/20220921_090000.WAV,Telephone Field,recover-20220922,001,1795
1777.7735,1777.7843,23750,29549,Nyctalus leisleri,0.008,0.022,-1,Echolocation,/mnt/ubna_data_02_mir/recover-20220922/UBNA_001/20220921_090000.WAV,Telephone Field,recover-20220922,001,1795
1777.8375,1777.8744,68437,81781,Rhinolophus ferrumequinum,0.021,0.021,-1,Echolocation,/mnt/ubna_data_02_mir/recover-20220922/UBNA_001/20220921_090000.WAV,Telephone Field,recover-20220922,001,1795
1777.8495,1777.8572,27187,39490,Eptesicus serotinus,0.007,0.023,-1,Echolocation,/mnt/ubna_data_02_mir/recover-20220922/UBNA_001/20220921_090000.WAV,Telephone Field,recover-20220922,001,1795
1777.8505,1777.8898,68437,81997,Rhinolophus ferrumequinum,0.024,0.024,-1,Echolocation,/mnt/ubna_data_02_mir/recover-20220922/UBNA_001/20220921_090000.WAV,Telephone Field,recover-20220922,001,1795
1777.9275,1777.9649,68437,81750,Rhinolophus ferrumequinum,0.023,0.023,-1,Echolocation,/mnt/ubna_data_02_mir/recover-20220922/UBNA_001/20220921_090000.WAV,Telephone Field,recover-20220922,001,1795
1777.9335,1777.9686,68437,81181,Rhinolophus ferrumequinum,0.022,0.022,-1,Echolocation,/mnt/ubna_data_02_mir/recover-20220922/UBNA_001/20220921_090000.WAV,Telephone Field,recover-20220922,001,1795
1777.9795,1777.9875,28906,38701,Eptesicus serotinus,0.008,0.022,-1,Echolocation,/mnt/ubna_data_02_mir/recover-20220922/UBNA_001/20220921_090000.WAV,Telephone Field,recover-20220922,001,1795
1778.0015,1778.0107,25468,33373,Nyctalus leisleri,0.011,0.032,-1,Echolocation,/mnt/ubna_data_02_mir/recover-20220922/UBNA_001/20220921_090000.WAV,Telephone Field,recover-20220922,001,1795
1778.0015,1778.013,52109,57088,Pipistrellus pygmaeus,0.02,0.027,-1,Echolocation,/mnt/ubna_data_02_mir/recover-20220922/UBNA_001/20220921_090000.WAV,Telephone Field,recover-20220922,001,1795
1778.0015,1778.0363,69296,82297,Rhinolophus ferrumequinum,0.033,0.033,-1,Echolocation,/mnt/ubna_data_02_mir/recover-20220922/UBNA_001/20220921_090000.WAV,Telephone Field,recover-20220922,001,1795
1778.1435,1778.1829,68437,82116,Rhinolophus ferrumequinum,0.027,0.027,-1,Echolocation,/mnt/ubna_data_02_mir/recover-20220922/UBNA_001/20220921_090000.WAV,Telephone Field,recover-20220922,001,1795
1778.1575,1778.1973,68437,82920,Rhinolophus ferrumequinum,0.024,0.025,-1,Echolocation,/mnt/ubna_data_02_mir/recover-20220922/UBNA_001/20220921_090000.WAV,Telephone Field,recover-20220922,001,1795
1778.1645,1778.175,22890,27797,Nyctalus leisleri,0.011,0.022,-1,Echolocation,/mnt/ubna_data_02_mir/recover-20220922/UBNA_001/20220921_090000.WAV,Telephone Field,recover-20220922,001,1795
1778.2045,1778.2125,26328,39017,Eptesicus serotinus,0.006,0.022,-1,Echolocation,/mnt/ubna_data_02_mir/recover-20220922/UBNA_001/20220921_090000.WAV,Telephone Field,recover-20220922,001,1795
1778.2285,1778.2669,68437,81500,Rhinolophus ferrumequinum,0.023,0.023,-1,Echolocation,/mnt/ubna_data_02_mir/recover-20220922/UBNA_001/20220921_090000.WAV,Telephone Field,recover-20220922,001,1795
1778.2355,1778.2725,68437,81097,Rhinolophus ferrumequinum,0.023,0.023,-1,Echolocation,/mnt/ubna_data_02_mir/recover-20220922/UBNA_001/20220921_090000.WAV,Telephone Field,recover-20220922,001,1795
1778.3005,1778.3421,68437,82947,Rhinolophus ferrumequinum,0.026,0.026,-1,Echolocation,/mnt/ubna_data_02_mir/recover-20220922/UBNA_001/20220921_090000.WAV,Telephone Field,recover-20220922,001,1795
1778.3025,1778.3124,23750,30279,Nyctalus leisleri,0.008,0.023,-1,Echolocation,/mnt/ubna_data_02_mir/recover-20220922/UBNA_001/20220921_090000.WAV,Telephone Field,recover-20220922,001,1795
1778.3075,1778.3502,68437,83311,Rhinolophus ferrumequinum,0.026,0.026,-1,Echolocation,/mnt/ubna_data_02_mir/recover-20220922/UBNA_001/20220921_090000.WAV,Telephone Field,recover-20220922,001,1795
1778.3135,1778.3532,68437,82528,Rhinolophus ferrumequinum,0.025,0.025,-1,Echolocation,/mnt/ubna_data_02_mir/recover-20220922/UBNA_001/20220921_090000.WAV,Telephone Field,recover-20220922,001,1795
1778.3335,1778.3442,22890,28383,Nyctalus leisleri,0.01,0.022,-1,Echolocation,/mnt/ubna_data_02_mir/recover-20220922/UBNA_001/20220921_090000.WAV,Telephone Field,recover-20220922,001,1795
1778.3555,1778.3977,68437,82680,Rhinolophus ferrumequinum,0.025,0.025,-1,Echolocation,/mnt/ubna_data_02_mir/recover-20220922/UBNA_001/20220921_090000.WAV,Telephone Field,recover-20220922,001,1795
1778.3745,1778.4104,68437,81201,Rhinolophus ferrumequinum,0.021,0.022,-1,Echolocation,/mnt/ubna_data_02_mir/recover-20220922/UBNA_001/20220921_090000.WAV,Telephone Field,recover-20220922,001,1795
1778.3915,1778.4277,68437,81663,Rhinolophus ferrumequinum,0.022,0.022,-1,Echolocation,/mnt/ubna_data_02_mir/recover-20220922/UBNA_001/20220921_090000.WAV,Telephone Field,recover-20220922,001,1795
1778.4535,1778.4929,68437,82003,Rhinolophus ferrumequinum,0.022,0.022,-1,Echolocation,/mnt/ubna_data_02_mir/recover-20220922/UBNA_001/20220921_090000.WAV,Telephone Field,recover-20220922,001,1795
1778.4615,1778.5,68437,81960,Rhinolophus ferrumequinum,0.022,0.022,-1,Echolocation,/mnt/ubna_data_02_mir/recover-20220922/UBNA_001/20220921_090000.WAV,Telephone Field,recover-20220922,001,1795
1778.4685,1778.4811,23750,28897,Nyctalus leisleri,0.015,0.031,-1,Echolocation,/mnt/ubna_data_02_mir/recover-20220922/UBNA_001/20220921_090000.WAV,Telephone Field,recover-20220922,001,1795
1778.4895,1778.5,28906,37004,Eptesicus serotinus,0.011,0.024,-1,Echolocation,/mnt/ubna_data_02_mir/recover-20220922/UBNA_001/20220921_090000.WAV,Telephone Field,recover-20220922,001,1795
1778.4965,1778.5062,28046,36088,Eptesicus serotinus,0.011,0.024,-1,Echolocation,/mnt/ubna_data_02_mir/recover-20220922/UBNA_001/20220921_090000.WAV,Telephone Field,recover-20220922,001,1795
1778.5175,1778.558,68437,82204,Rhinolophus ferrumequinum,0.024,0.024,-1,Echolocation,/mnt/ubna_data_02_mir/recover-20220922/UBNA_001/20220921_090000.WAV,Telephone Field,recover-20220922,001,1795
1778.5765,1778.6163,68437,82187,Rhinolophus ferrumequinum,0.022,0.022,-1,Echolocation,/mnt/ubna_data_02_mir/recover-20220922/UBNA_001/20220921_090000.WAV,Telephone Field,recover-20220922,001,1795
1778.5875,1778.6282,68437,82667,Rhinolophus ferrumequinum,0.032,0.032,-1,Echolocation,/mnt/ubna_data_02_mir/recover-20220922/UBNA_001/20220921_090000.WAV,Telephone Field,recover-20220922,001,1795
1778.5875,1778.5949,27187,46020,Eptesicus serotinus,0.008,0.024,-1,Echolocation,/mnt/ubna_data_02_mir/recover-20220922/UBNA_001/20220921_090000.WAV,Telephone Field,recover-20220922,001,1795
1778.6165,1778.6272,23750,29523,Nyctalus leisleri,0.009,0.022,-1,Echolocation,/mnt/ubna_data_02_mir/recover-20220922/UBNA_001/20220921_090000.WAV,Telephone Field,recover-20220922,001,1795
1778.6515,1778.6886,68437,81631,Rhinolophus ferrumequinum,0.023,0.023,-1,Echolocation,/mnt/ubna_data_02_mir/recover-20220922/UBNA_001/20220921_090000.WAV,Telephone Field,recover-20220922,001,1795
1778.6855,1778.6931,27187,37715,Eptesicus serotinus,0.008,0.026,-1,Echolocation,/mnt/ubna_data_02_mir/recover-20220922/UBNA_001/20220921_090000.WAV,Telephone Field,recover-20220922,001,1795
1778.6875,1778.7256,68437,82262,Rhinolophus ferrumequinum,0.023,0.023,-1,Echolocation,/mnt/ubna_data_02_mir/recover-20220922/UBNA_001/20220921_090000.WAV,Telephone Field,recover-20220922,001,1795
1778.7195,1778.7583,68437,82126,Rhinolophus ferrumequinum,0.022,0.022,-1,Echolocation,/mnt/ubna_data_02_mir/recover-20220922/UBNA_001/20220921_090000.WAV,Telephone Field,recover-20220922,001,1795
1778.7635,1778.8042,68437,82817,Rhinolophus ferrumequinum,0.031,0.031,-1,Echolocation,/mnt/ubna_data_02_mir/recover-20220922/UBNA_001/20220921_090000.WAV,Telephone Field,recover-20220922,001,1795
1778.7695,1778.7808,24609,31433,Nyctalus leisleri,0.011,0.029,-1,Echolocation,/mnt/ubna_data_02_mir/recover-20220922/UBNA_001/20220921_090000.WAV,Telephone Field,recover-20220922,001,1795
1778.8075,1778.8476,68437,81898,Rhinolophus ferrumequinum,0.022,0.022,-1,Echolocation,/mnt/ubna_data_02_mir/recover-20220922/UBNA_001/20220921_090000.WAV,Telephone Field,recover-20220922,001,1795
1778.8385,1778.8761,68437,82153,Rhinolophus ferrumequinum,0.024,0.024,-1,Echolocation,/mnt/ubna_data_02_mir/recover-20220922/UBNA_001/20220921_090000.WAV,Telephone Field,recover-20220922,001,1795
1778.8505,1778.861,24609,31366,Nyctalus leisleri,0.009,0.025,-1,Echolocation,/mnt/ubna_data_02_mir/recover-20220922/UBNA_001/20220921_090000.WAV,Telephone Field,recover-20220922,001,1795
1778.8605,1778.9017,68437,82612,Rhinolophus ferrumequinum,0.024,0.024,-1,Echolocation,/mnt/ubna_data_02_mir/recover-20220922/UBNA_001/20220921_090000.WAV,Telephone Field,recover-20220922,001,1795
1778.8665,1778.9071,68437,83033,Rhinolophus ferrumequinum,0.024,0.024,-1,Echolocation,/mnt/ubna_data_02_mir/recover-20220922/UBNA_001/20220921_090000.WAV,Telephone Field,recover-20220922,001,1795
1778.8965,1778.9049,44375,49733,Pipistrellus pipistrellus,0.018,0.022,-1,Echolocation,/mnt/ubna_data_02_mir/recover-20220922/UBNA_001/20220921_090000.WAV,Telephone Field,recover-20220922,001,1795
1778.8985,1778.9397,68437,82745,Rhinolophus ferrumequinum,0.035,0.035,-1,Echolocation,/mnt/ubna_data_02_mir/recover-20220922/UBNA_001/20220921_090000.WAV,Telephone Field,recover-20220922,001,1795
1778.9055,1778.9163,23750,28499,Nyctalus leisleri,0.012,0.024,-1,Echolocation,/mnt/ubna_data_02_mir/recover-20220922/UBNA_001/20220921_090000.WAV,Telephone Field,recover-20220922,001,1795
1778.9335,1778.9744,68437,83178,Rhinolophus ferrumequinum,0.035,0.035,-1,Echolocation,/mnt/ubna_data_02_mir/recover-20220922/UBNA_001/20220921_090000.WAV,Telephone Field,recover-20220922,001,1795
1778.9695,1779.0075,68437,82739,Rhinolophus ferrumequinum,0.03,0.03,-1,Echolocation,/mnt/ubna_data_02_mir/recover-20220922/UBNA_001/20220921_090000.WAV,Telephone Field,recover-20220922,001,1795
1778.9955,1779.0327,68437,81068,Rhinolophus ferrumequinum,0.023,0.023,-1,Echolocation,/mnt/ubna_data_02_mir/recover-20220922/UBNA_001/20220921_090000.WAV,Telephone Field,recover-20220922,001,1795
1779.0225,1779.033,23750,29921,Nyctalus leisleri,0.011,0.026,-1,Echolocation,/mnt/ubna_data_02_mir/recover-20220922/UBNA_001/20220921_090000.WAV,Telephone Field,recover-20220922,001,1795
1779.0605,1779.1002,68437,82034,Rhinolophus ferrumequinum,0.022,0.022,-1,Echolocation,/mnt/ubna_data_02_mir/recover-20220922/UBNA_001/20220921_090000.WAV,Telephone Field,recover-20220922,001,1795
1779.0705,1779.0822,23750,29594,Nyctalus leisleri,0.011,0.024,-1,Echolocation,/mnt/ubna_data_02_mir/recover-20220922/UBNA_001/20220921_090000.WAV,Telephone Field,recover-20220922,001,1795
1779.0715,1779.1103,68437,81887,Rhinolophus ferrumequinum,0.023,0.023,-1,Echolocation,/mnt/ubna_data_02_mir/recover-20220922/UBNA_001/20220921_090000.WAV,Telephone Field,recover-20220922,001,1795
1779.0795,1779.0875,23750,32330,Plecotus austriacus,0.009,0.024,-1,Echolocation,/mnt/ubna_data_02_mir/recover-20220922/UBNA_001/20220921_090000.WAV,Telephone Field,recover-20220922,001,1795
1779.1105,1779.1187,28906,40235,Eptesicus serotinus,0.01,0.031,-1,Echolocation,/mnt/ubna_data_02_mir/recover-20220922/UBNA_001/20220921_090000.WAV,Telephone Field,recover-20220922,001,1795
1779.1405,1779.1804,68437,82674,Rhinolophus ferrumequinum,0.022,0.022,-1,Echolocation,/mnt/ubna_data_02_mir/recover-20220922/UBNA_001/20220921_090000.WAV,Telephone Field,recover-20220922,001,1795
1779.1795,1779.1916,22890,28050,Nyctalus leisleri,0.011,0.022,-1,Echolocation,/mnt/ubna_data_02_mir/recover-20220922/UBNA_001/20220921_090000.WAV,Telephone Field,recover-20220922,001,1795
1779.1955,1779.2365,68437,82739,Rhinolophus ferrumequinum,0.032,0.032,-1,Echolocation,/mnt/ubna_data_02_mir/recover-20220922/UBNA_001/20220921_090000.WAV,Telephone Field,recover-20220922,001,1795
1779.2105,1779.2201,24609,31626,Nyctalus leisleri,0.008,0.024,-1,Echolocation,/mnt/ubna_data_02_mir/recover-20220922/UBNA_001/20220921_090000.WAV,Telephone Field,recover-20220922,001,1795
1779.3445,1779.3835,68437,82273,Rhinolophus ferrumequinum,0.027,0.027,-1,Echolocation,/mnt/ubna_data_02_mir/recover-20220922/UBNA_001/20220921_090000.WAV,Telephone Field,recover-20220922,001,1795
1779.3665,1779.3752,28046,36532,Eptesicus serotinus,0.012,0.027,-1,Echolocation,/mnt/ubna_data_02_mir/recover-20220922/UBNA_001/20220921_090000.WAV,Telephone Field,recover-20220922,001,1795
1779.3735,1779.4162,68437,83091,Rhinolophus ferrumequinum,0.027,0.027,-1,Echolocation,/mnt/ubna_data_02_mir/recover-20220922/UBNA_001/20220921_090000.WAV,Telephone Field,recover-20220922,001,1795
1779.3945,1779.413,20312,23237,Nyctalus leisleri,0.015,0.025,-1,Echolocation,/mnt/ubna_data_02_mir/recover-20220922/UBNA_001/20220921_090000.WAV,Telephone Field,recover-20220922,001,1795
1779.4075,1779.4495,68437,82925,Rhinolophus ferrumequinum,0.026,0.026,-1,Echolocation,/mnt/ubna_data_02_mir/recover-20220922/UBNA_001/20220921_090000.WAV,Telephone Field,recover-20220922,001,1795
1779.4315,1779.4713,68437,82815,Rhinolophus ferrumequinum,0.023,0.023,-1,Echolocation,/mnt/ubna_data_02_mir/recover-20220922/UBNA_001/20220921_090000.WAV,Telephone Field,recover-20220922,001,1795
1779.4525,1779.4897,68437,81580,Rhinolophus ferrumequinum,0.023,0.023,-1,Echolocation,/mnt/ubna_data_02_mir/recover-20220922/UBNA_001/20220921_090000.WAV,Telephone Field,recover-20220922,001,1795
1779.4735,1779.5102,68437,81941,Rhinolophus ferrumequinum,0.022,0.022,-1,Echolocation,/mnt/ubna_data_02_mir/recover-20220922/UBNA_001/20220921_090000.WAV,Telephone Field,recover-20220922,001,1795
1779.5025,1779.5097,23750,32705,Plecotus austriacus,0.015,0.031,-1,Echolocation,/mnt/ubna_data_02_mir/recover-20220922/UBNA_001/20220921_090000.WAV,Telephone Field,recover-20220922,001,1795
1779.5135,1779.5522,68437,82037,Rhinolophus ferrumequinum,0.022,0.022,-1,Echolocation,/mnt/ubna_data_02_mir/recover-20220922/UBNA_001/20220921_090000.WAV,Telephone Field,recover-20220922,001,1795
1779.5585,1779.5726,22031,26687,Nyctalus leisleri,0.024,0.044,-1,Echolocation,/mnt/ubna_data_02_mir/recover-20220922/UBNA_001/20220921_090000.WAV,Telephone Field,recover-20220922,001,1795
1779.5625,1779.6022,68437,82831,Rhinolophus ferrumequinum,0.021,0.022,-1,Echolocation,/mnt/ubna_data_02_mir/recover-20220922/UBNA_001/20220921_090000.WAV,Telephone Field,recover-20220922,001,1795
1779.5815,1779.6216,68437,83013,Rhinolophus ferrumequinum,0.026,0.026,-1,Echolocation,/mnt/ubna_data_02_mir/recover-20220922/UBNA_001/20220921_090000.WAV,Telephone Field,recover-20220922,001,1795
1779.5885,1779.6004,22890,26949,Nyctalus leisleri,0.016,0.027,-1,Echolocation,/mnt/ubna_data_02_mir/recover-20220922/UBNA_001/20220921_090000.WAV,Telephone Field,recover-20220922,001,1795
1779.6035,1779.614,23750,28099,Nyctalus leisleri,0.012,0.023,-1,Echolocation,/mnt/ubna_data_02_mir/recover-20220922/UBNA_001/20220921_090000.WAV,Telephone Field,recover-20220922,001,1795
1779.6285,1779.637,25468,34007,Eptesicus serotinus,0.008,0.023,-1,Echolocation,/mnt/ubna_data_02_mir/recover-20220922/UBNA_001/20220921_090000.WAV,Telephone Field,recover-20220922,001,1795
1779.6325,1779.6714,68437,82540,Rhinolophus ferrumequinum,0.027,0.027,-1,Echolocation,/mnt/ubna_data_02_mir/recover-20220922/UBNA_001/20220921_090000.WAV,Telephone Field,recover-20220922,001,1795
1779.6505,1779.6679,21171,23741,Nyctalus leisleri,0.027,0.046,-1,Echolocation,/mnt/ubna_data_02_mir/recover-20220922/UBNA_001/20220921_090000.WAV,Telephone Field,recover-20220922,001,1795
1779.6845,1779.7219,68437,82462,Rhinolophus ferrumequinum,0.023,0.023,-1,Echolocation,/mnt/ubna_data_02_mir/recover-20220922/UBNA_001/20220921_090000.WAV,Telephone Field,recover-20220922,001,1795
1779.7045,1779.743,68437,82695,Rhinolophus ferrumequinum,0.025,0.025,-1,Echolocation,/mnt/ubna_data_02_mir/recover-20220922/UBNA_001/20220921_090000.WAV,Telephone Field,recover-20220922,001,1795
1779.7395,1779.7793,68437,82374,Rhinolophus ferrumequinum,0.022,0.022,-1,Echolocation,/mnt/ubna_data_02_mir/recover-20220922/UBNA_001/20220921_090000.WAV,Telephone Field,recover-20220922,001,1795
1779.7565,1779.7648,23750,31720,Plecotus austriacus,0.008,0.023,-1,Echolocation,/mnt/ubna_data_02_mir/recover-20220922/UBNA_001/20220921_090000.WAV,Telephone Field,recover-20220922,001,1795
1779.7945,1779.8022,28046,39539,Eptesicus serotinus,0.008,0.025,-1,Echolocation,/mnt/ubna_data_02_mir/recover-20220922/UBNA_001/20220921_090000.WAV,Telephone Field,recover-20220922,001,1795
1779.8025,1779.8407,68437,81654,Rhinolophus ferrumequinum,0.022,0.022,-1,Echolocation,/mnt/ubna_data_02_mir/recover-20220922/UBNA_001/20220921_090000.WAV,Telephone Field,recover-20220922,001,1795
1779.8435,1779.8528,28906,37919,Eptesicus serotinus,0.01,0.025,-1,Echolocation,/mnt/ubna_data_02_mir/recover-20220922/UBNA_001/20220921_090000.WAV,Telephone Field,recover-20220922,001,1795
1779.8785,1779.9182,68437,82321,Rhinolophus ferrumequinum,0.022,0.022,-1,Echolocation,/mnt/ubna_data_02_mir/recover-20220922/UBNA_001/20220921_090000.WAV,Telephone Field,recover-20220922,001,1795
1779.9155,1779.9238,27187,36655,Eptesicus serotinus,0.008,0.022,-1,Echolocation,/mnt/ubna_data_02_mir/recover-20220922/UBNA_001/20220921_090000.WAV,Telephone Field,recover-20220922,001,1795
1779.9355,1779.974,68437,82128,Rhinolophus ferrumequinum,0.024,0.024,-1,Echolocation,/mnt/ubna_data_02_mir/recover-20220922/UBNA_001/20220921_090000.WAV,Telephone Field,recover-20220922,001,1795
1779.9885,1779.9982,28046,37685,Eptesicus serotinus,0.009,0.022,-1,Echolocation,/mnt/ubna_data_02_mir/recover-20220922/UBNA_001/20220921_090000.WAV,Telephone Field,recover-20220922,001,1795
1780.0015,1780.0105,24609,33085,Nyctalus leisleri,0.011,0.031,-1,Echolocation,/mnt/ubna_data_02_mir/recover-20220922/UBNA_001/20220921_090000.WAV,Telephone Field,recover-20220922,001,1795
1780.0015,1780.0339,68437,80007,Rhinolophus ferrumequinum,0.024,0.024,-1,Echolocation,/mnt/ubna_data_02_mir/recover-20220922/UBNA_001/20220921_090000.WAV,Telephone Field,recover-20220922,001,1795
1780.0015,1780.0088,45234,52339,Pipistrellus pipistrellus,0.017,0.024,-1,Echolocation,/mnt/ubna_data_02_mir/recover-20220922/UBNA_001/20220921_090000.WAV,Telephone Field,recover-20220922,001,1795
1780.0105,1780.052,68437,82346,Rhinolophus ferrumequinum,0.025,0.025,-1,Echolocation,/mnt/ubna_data_02_mir/recover-20220922/UBNA_001/20220921_090000.WAV,Telephone Field,recover-20220922,001,1795
1780.0125,1780.0209,45234,48814,Pipistrellus pipistrellus,0.032,0.034,-1,Echolocation,/mnt/ubna_data_02_mir/recover-20220922/UBNA_001/20220921_090000.WAV,Telephone Field,recover-20220922,001,1795
1780.1535,1780.1957,68437,82752,Rhinolophus ferrumequinum,0.025,0.025,-1,Echolocation,/mnt/ubna_data_02_mir/recover-20220922/UBNA_001/20220921_090000.WAV,Telephone Field,recover-20220922,001,1795
1780.2105,1780.2513,68437,81849,Rhinolophus ferrumequinum,0.022,0.022,-1,Echolocation,/mnt/ubna_data_02_mir/recover-20220922/UBNA_001/20220921_090000.WAV,Telephone Field,recover-20220922,001,1795
1780.2205,1780.264,68437,83470,Rhinolophus ferrumequinum,0.025,0.025,-1,Echolocation,/mnt/ubna_data_02_mir/recover-20220922/UBNA_001/20220921_090000.WAV,Telephone Field,recover-20220922,001,1795
1780.2625,1780.3041,68437,82955,Rhinolophus ferrumequinum,0.027,0.027,-1,Echolocation,/mnt/ubna_data_02_mir/recover-20220922/UBNA_001/20220921_090000.WAV,Telephone Field,recover-20220922,001,1795
1780.2945,1780.3314,68437,82298,Rhinolophus ferrumequinum,0.027,0.027,-1,Echolocation,/mnt/ubna_data_02_mir/recover-20220922/UBNA_001/20220921_090000.WAV,Telephone Field,recover-20220922,001,1795
1780.3035,1780.3109,27187,39840,Eptesicus serotinus,0.007,0.021,-1,Echolocation,/mnt/ubna_data_02_mir/recover-20220922/UBNA_001/20220921_090000.WAV,Telephone Field,recover-20220922,001,1795
1780.3125,1780.3201,51250,58126,Pipistrellus pipistrellus,0.022,0.028,-1,Echolocation,/mnt/ubna_data_02_mir/recover-20220922/UBNA_001/20220921_090000.WAV,Telephone Field,recover-20220922,001,1795
1780.3415,1780.3839,68437,83035,Rhinolophus ferrumequinum,0.025,0.025,-1,Echolocation,/mnt/ubna_data_02_mir/recover-20220922/UBNA_001/20220921_090000.WAV,Telephone Field,recover-20220922,001,1795
1780.3595,1780.3785,20312,23102,Nyctalus leisleri,0.017,0.029,-1,Echolocation,/mnt/ubna_data_02_mir/recover-20220922/UBNA_001/20220921_090000.WAV,Telephone Field,recover-20220922,001,1795
1780.3735,1780.4128,68437,82363,Rhinolophus ferrumequinum,0.024,0.024,-1,Echolocation,/mnt/ubna_data_02_mir/recover-20220922/UBNA_001/20220921_090000.WAV,Telephone Field,recover-20220922,001,1795
1780.3755,1780.3859,23750,29361,Nyctalus leisleri,0.011,0.027,-1,Echolocation,/mnt/ubna_data_02_mir/recover-20220922/UBNA_001/20220921_090000.WAV,Telephone Field,recover-20220922,001,1795
1780.3905,1780.3980999999999,28906,39350,Eptesicus serotinus,0.008,0.026,-1,Echolocation,/mnt/ubna_data_02_mir/recover-20220922/UBNA_001/20220921_090000.WAV,Telephone Field,recover-20220922,001,1795
1780.4145,1780.4242,27187,35618,Eptesicus serotinus,0.009,0.021,-1,Echolocation,/mnt/ubna_data_02_mir/recover-20220922/UBNA_001/20220921_090000.WAV,Telephone Field,recover-20220922,001,1795
1780.4255,1780.4364,26328,32539,Eptesicus serotinus,0.012,0.026,-1,Echolocation,/mnt/ubna_data_02_mir/recover-20220922/UBNA_001/20220921_090000.WAV,Telephone Field,recover-20220922,001,1795
1780.4315,1780.4736,68437,82689,Rhinolophus ferrumequinum,0.031,0.031,-1,Echolocation,/mnt/ubna_data_02_mir/recover-20220922/UBNA_001/20220921_090000.WAV,Telephone Field,recover-20220922,001,1795
1780.4525,1780.4601,22031,31577,Plecotus austriacus,0.057,0.141,-1,Echolocation,/mnt/ubna_data_02_mir/recover-20220922/UBNA_001/20220921_090000.WAV,Telephone Field,recover-20220922,001,1795
1780.5125,1780.5497,68437,81861,Rhinolophus ferrumequinum,0.028,0.028,-1,Echolocation,/mnt/ubna_data_02_mir/recover-20220922/UBNA_001/20220921_090000.WAV,Telephone Field,recover-20220922,001,1795
1780.5405,1780.5741,68437,81056,Rhinolophus ferrumequinum,0.021,0.021,-1,Echolocation,/mnt/ubna_data_02_mir/recover-20220922/UBNA_001/20220921_090000.WAV,Telephone Field,recover-20220922,001,1795
1780.5485,1780.5579,23750,31149,Nyctalus leisleri,0.007,0.021,-1,Echolocation,/mnt/ubna_data_02_mir/recover-20220922/UBNA_001/20220921_090000.WAV,Telephone Field,recover-20220922,001,1795
1780.5545,1780.5634,27187,36352,Eptesicus serotinus,0.008,0.021,-1,Echolocation,/mnt/ubna_data_02_mir/recover-20220922/UBNA_001/20220921_090000.WAV,Telephone Field,recover-20220922,001,1795
1780.5695,1780.6129,68437,83335,Rhinolophus ferrumequinum,0.038,0.038,-1,Echolocation,/mnt/ubna_data_02_mir/recover-20220922/UBNA_001/20220921_090000.WAV,Telephone Field,recover-20220922,001,1795
1780.6485,1780.6603,22890,26972,Nyctalus leisleri,0.023,0.041,-1,Echolocation,/mnt/ubna_data_02_mir/recover-20220922/UBNA_001/20220921_090000.WAV,Telephone Field,recover-20220922,001,1795
1780.6505,1780.6867,68437,82339,Rhinolophus ferrumequinum,0.023,0.023,-1,Echolocation,/mnt/ubna_data_02_mir/recover-20220922/UBNA_001/20220921_090000.WAV,Telephone Field,recover-20220922,001,1795
1780.6775,1780.7213,68437,83205,Rhinolophus ferrumequinum,0.034,0.034,-1,Echolocation,/mnt/ubna_data_02_mir/recover-20220922/UBNA_001/20220921_090000.WAV,Telephone Field,recover-20220922,001,1795
1780.6885,1780.7305,68437,82395,Rhinolophus ferrumequinum,0.031,0.031,-1,Echolocation,/mnt/ubna_data_02_mir/recover-20220922/UBNA_001/20220921_090000.WAV,Telephone Field,recover-20220922,001,1795
1780.7195,1780.7628,68437,83598,Rhinolophus ferrumequinum,0.044,0.044,-1,Echolocation,/mnt/ubna_data_02_mir/recover-20220922/UBNA_001/20220921_090000.WAV,Telephone Field,recover-20220922,001,1795
1780.7555,1780.7977,68437,83051,Rhinolophus ferrumequinum,0.032,0.032,-1,Echolocation,/mnt/ubna_data_02_mir/recover-20220922/UBNA_001/20220921_090000.WAV,Telephone Field,recover-20220922,001,1795
1780.7755,1780.7863,23750,29728,Nyctalus leisleri,0.013,0.031,-1,Echolocation,/mnt/ubna_data_02_mir/recover-20220922/UBNA_001/20220921_090000.WAV,Telephone Field,recover-20220922,001,1795
1780.7915,1780.8332,68437,82963,Rhinolophus ferrumequinum,0.022,0.022,-1,Echolocation,/mnt/ubna_data_02_mir/recover-20220922/UBNA_001/20220921_090000.WAV,Telephone Field,recover-20220922,001,1795
1780.8105,1780.8489,68437,82540,Rhinolophus ferrumequinum,0.022,0.022,-1,Echolocation,/mnt/ubna_data_02_mir/recover-20220922/UBNA_001/20220921_090000.WAV,Telephone Field,recover-20220922,001,1795
1780.8235,1780.8663,68437,83332,Rhinolophus ferrumequinum,0.036,0.036,-1,Echolocation,/mnt/ubna_data_02_mir/recover-20220922/UBNA_001/20220921_090000.WAV,Telephone Field,recover-20220922,001,1795
1780.8645,1780.899,68437,80956,Rhinolophus ferrumequinum,0.024,0.024,-1,Echolocation,/mnt/ubna_data_02_mir/recover-20220922/UBNA_001/20220921_090000.WAV,Telephone Field,recover-20220922,001,1795
1780.8675,1780.8764,24609,32654,Plecotus austriacus,0.014,0.042,-1,Echolocation,/mnt/ubna_data_02_mir/recover-20220922/UBNA_001/20220921_090000.WAV,Telephone Field,recover-20220922,001,1795
1780.9125,1780.9517,68437,82715,Rhinolophus ferrumequinum,0.03,0.03,-1,Echolocation,/mnt/ubna_data_02_mir/recover-20220922/UBNA_001/20220921_090000.WAV,Telephone Field,recover-20220922,001,1795
1780.9385,1780.9771,68437,82801,Rhinolophus ferrumequinum,0.023,0.023,-1,Echolocation,/mnt/ubna_data_02_mir/recover-20220922/UBNA_001/20220921_090000.WAV,Telephone Field,recover-20220922,001,1795
1780.9415,1780.9521,40937,47710,Pipistrellus nathusii,0.011,0.025,-1,Echolocation,/mnt/ubna_data_02_mir/recover-20220922/UBNA_001/20220921_090000.WAV,Telephone Field,recover-20220922,001,1795
1780.9485,1780.9587,25468,32654,Eptesicus serotinus,0.009,0.026,-1,Echolocation,/mnt/ubna_data_02_mir/recover-20220922/UBNA_001/20220921_090000.WAV,Telephone Field,recover-20220922,001,1795
1780.9565,1780.966,22031,27844,Plecotus austriacus,0.008,0.022,-1,Echolocation,/mnt/ubna_data_02_mir/recover-20220922/UBNA_001/20220921_090000.WAV,Telephone Field,recover-20220922,001,1795
1780.9725,1781.0112,68437,82258,Rhinolophus ferrumequinum,0.033,0.033,-1,Echolocation,/mnt/ubna_data_02_mir/recover-20220922/UBNA_001/20220921_090000.WAV,Telephone Field,recover-20220922,001,1795
1780.9835,1780.992,27187,38581,Eptesicus serotinus,0.008,0.022,-1,Echolocation,/mnt/ubna_data_02_mir/recover-20220922/UBNA_001/20220921_090000.WAV,Telephone Field,recover-20220922,001,1795
1781.0005,1781.0387,68437,82205,Rhinolophus ferrumequinum,0.027,0.027,-1,Echolocation,/mnt/ubna_data_02_mir/recover-20220922/UBNA_001/20220921_090000.WAV,Telephone Field,recover-20220922,001,1795
1781.0055,1781.0459,68437,82892,Rhinolophus ferrumequinum,0.027,0.027,-1,Echolocation,/mnt/ubna_data_02_mir/recover-20220922/UBNA_001/20220921_090000.WAV,Telephone Field,recover-20220922,001,1795
1781.0435,1781.0543,22890,28465,Nyctalus leisleri,0.012,0.027,-1,Echolocation,/mnt/ubna_data_02_mir/recover-20220922/UBNA_001/20220921_090000.WAV,Telephone Field,recover-20220922,001,1795
1781.0615,1781.0991,68437,81502,Rhinolophus ferrumequinum,0.026,0.026,-1,Echolocation,/mnt/ubna_data_02_mir/recover-20220922/UBNA_001/20220921_090000.WAV,Telephone Field,recover-20220922,001,1795
1781.0805,1781.118,68437,81423,Rhinolophus ferrumequinum,0.021,0.021,-1,Echolocation,/mnt/ubna_data_02_mir/recover-20220922/UBNA_001/20220921_090000.WAV,Telephone Field,recover-20220922,001,1795
1781.1205,1781.1593,68437,82487,Rhinolophus ferrumequinum,0.031,0.031,-1,Echolocation,/mnt/ubna_data_02_mir/recover-20220922/UBNA_001/20220921_090000.WAV,Telephone Field,recover-20220922,001,1795
1781.1285,1781.1366,54687,59436,Pipistrellus pygmaeus,0.021,0.021,-1,Echolocation,/mnt/ubna_data_02_mir/recover-20220922/UBNA_001/20220921_090000.WAV,Telephone Field,recover-20220922,001,1795
1781.1545,1781.1924,68437,82701,Rhinolophus ferrumequinum,0.025,0.025,-1,Echolocation,/mnt/ubna_data_02_mir/recover-20220922/UBNA_001/20220921_090000.WAV,Telephone Field,recover-20220922,001,1795
1781.1635,1781.2008,68437,81199,Rhinolophus ferrumequinum,0.022,0.022,-1,Echolocation,/mnt/ubna_data_02_mir/recover-20220922/UBNA_001/20220921_090000.WAV,Telephone Field,recover-20220922,001,1795
1781.2075,1781.2469,68437,82360,Rhinolophus ferrumequinum,0.021,0.021,-1,Echolocation,/mnt/ubna_data_02_mir/recover-20220922/UBNA_001/20220921_090000.WAV,Telephone Field,recover-20220922,001,1795
1781.2235,1781.2349,28046,34638,Eptesicus serotinus,0.011,0.024,-1,Echolocation,/mnt/ubna_data_02_mir/recover-20220922/UBNA_001/20220921_090000.WAV,Telephone Field,recover-20220922,001,1795
1781.2385,1781.2492,22890,28198,Nyctalus leisleri,0.011,0.024,-1,Echolocation,/mnt/ubna_data_02_mir/recover-20220922/UBNA_001/20220921_090000.WAV,Telephone Field,recover-20220922,001,1795
1781.2455,1781.2556,22031,27448,Nyctalus leisleri,0.009,0.023,-1,Echolocation,/mnt/ubna_data_02_mir/recover-20220922/UBNA_001/20220921_090000.WAV,Telephone Field,recover-20220922,001,1795
1781.2685,1781.2853,20312,23058,Nyctalus leisleri,0.016,0.025,-1,Echolocation,/mnt/ubna_data_02_mir/recover-20220922/UBNA_001/20220921_090000.WAV,Telephone Field,recover-20220922,001,1795
1781.2985,1781.3406,68437,82767,Rhinolophus ferrumequinum,0.024,0.024,-1,Echolocation,/mnt/ubna_data_02_mir/recover-20220922/UBNA_001/20220921_090000.WAV,Telephone Field,recover-20220922,001,1795
1781.3305,1781.3378,25468,34986,Eptesicus serotinus,0.008,0.031,-1,Echolocation,/mnt/ubna_data_02_mir/recover-20220922/UBNA_001/20220921_090000.WAV,Telephone Field,recover-20220922,001,1795
1781.3355,1781.3754,68437,82785,Rhinolophus ferrumequinum,0.021,0.021,-1,Echolocation,/mnt/ubna_data_02_mir/recover-20220922/UBNA_001/20220921_090000.WAV,Telephone Field,recover-20220922,001,1795
1781.3775,1781.4246,68437,83579,Rhinolophus ferrumequinum,0.061,0.061,-1,Echolocation,/mnt/ubna_data_02_mir/recover-20220922/UBNA_001/20220921_090000.WAV,Telephone Field,recover-20220922,001,1795
1781.4535,1781.4622,28906,38408,Eptesicus serotinus,0.009,0.023,-1,Echolocation,/mnt/ubna_data_02_mir/recover-20220922/UBNA_001/20220921_090000.WAV,Telephone Field,recover-20220922,001,1795
1781.4725,1781.5123,68437,82557,Rhinolophus ferrumequinum,0.035,0.035,-1,Echolocation,/mnt/ubna_data_02_mir/recover-20220922/UBNA_001/20220921_090000.WAV,Telephone Field,recover-20220922,001,1795
1781.5585,1781.6001,68437,83004,Rhinolophus ferrumequinum,0.028,0.028,-1,Echolocation,/mnt/ubna_data_02_mir/recover-20220922/UBNA_001/20220921_090000.WAV,Telephone Field,recover-20220922,001,1795
1781.5785,1781.6218,68437,83167,Rhinolophus ferrumequinum,0.038,0.038,-1,Echolocation,/mnt/ubna_data_02_mir/recover-20220922/UBNA_001/20220921_090000.WAV,Telephone Field,recover-20220922,001,1795
1781.5825,1781.5896,26328,35391,Eptesicus serotinus,0.007,0.021,-1,Echolocation,/mnt/ubna_data_02_mir/recover-20220922/UBNA_001/20220921_090000.WAV,Telephone Field,recover-20220922,001,1795
1781.6425,1781.6516,28046,36916,Eptesicus serotinus,0.009,0.023,-1,Echolocation,/mnt/ubna_data_02_mir/recover-20220922/UBNA_001/20220921_090000.WAV,Telephone Field,recover-20220922,001,1795
1781.6505,1781.6896,68437,83002,Rhinolophus ferrumequinum,0.028,0.028,-1,Echolocation,/mnt/ubna_data_02_mir/recover-20220922/UBNA_001/20220921_090000.WAV,Telephone Field,recover-20220922,001,1795
1781.7025,1781.7426,68437,82942,Rhinolophus ferrumequinum,0.032,0.032,-1,Echolocation,/mnt/ubna_data_02_mir/recover-20220922/UBNA_001/20220921_090000.WAV,Telephone Field,recover-20220922,001,1795
1781.7305,1781.7706,68437,82803,Rhinolophus ferrumequinum,0.027,0.027,-1,Echolocation,/mnt/ubna_data_02_mir/recover-20220922/UBNA_001/20220921_090000.WAV,Telephone Field,recover-20220922,001,1795
1781.7395,1781.7505,28906,36162,Eptesicus serotinus,0.015,0.03,-1,Echolocation,/mnt/ubna_data_02_mir/recover-20220922/UBNA_001/20220921_090000.WAV,Telephone Field,recover-20220922,001,1795
1781.7445,1781.7598,14296,18532,Nyctalus noctula,0.024,0.036,-1,Echolocation,/mnt/ubna_data_02_mir/recover-20220922/UBNA_001/20220921_090000.WAV,Telephone Field,recover-20220922,001,1795
1781.7575,1781.795,68437,82204,Rhinolophus ferrumequinum,0.022,0.022,-1,Echolocation,/mnt/ubna_data_02_mir/recover-20220922/UBNA_001/20220921_090000.WAV,Telephone Field,recover-20220922,001,1795
1781.7685,1781.8109,68437,83124,Rhinolophus ferrumequinum,0.026,0.026,-1,Echolocation,/mnt/ubna_data_02_mir/recover-20220922/UBNA_001/20220921_090000.WAV,Telephone Field,recover-20220922,001,1795
1781.7975,1781.8093,24609,30798,Nyctalus leisleri,0.014,0.036,-1,Echolocation,/mnt/ubna_data_02_mir/recover-20220922/UBNA_001/20220921_090000.WAV,Telephone Field,recover-20220922,001,1795
1781.8005,1781.8395,68437,82144,Rhinolophus ferrumequinum,0.021,0.021,-1,Echolocation,/mnt/ubna_data_02_mir/recover-20220922/UBNA_001/20220921_090000.WAV,Telephone Field,recover-20220922,001,1795
1781.8115,1781.8507,68437,82195,Rhinolophus ferrumequinum,0.025,0.025,-1,Echolocation,/mnt/ubna_data_02_mir/recover-20220922/UBNA_001/20220921_090000.WAV,Telephone Field,recover-20220922,001,1795
1781.8195,1781.8581,68437,81593,Rhinolophus ferrumequinum,0.023,0.023,-1,Echolocation,/mnt/ubna_data_02_mir/recover-20220922/UBNA_001/20220921_090000.WAV,Telephone Field,recover-20220922,001,1795
1781.8425,1781.8522,25468,32355,Eptesicus serotinus,0.013,0.031,-1,Echolocation,/mnt/ubna_data_02_mir/recover-20220922/UBNA_001/20220921_090000.WAV,Telephone Field,recover-20220922,001,1795
1781.8945,1781.9338,68437,82301,Rhinolophus ferrumequinum,0.022,0.022,-1,Echolocation,/mnt/ubna_data_02_mir/recover-20220922/UBNA_001/20220921_090000.WAV,Telephone Field,recover-20220922,001,1795
1781.9225,1781.9281,34062,42447,Myotis daubentonii,0.015,0.038,-1,Echolocation,/mnt/ubna_data_02_mir/recover-20220922/UBNA_001/20220921_090000.WAV,Telephone Field,recover-20220922,001,1795
1781.9435,1781.9554,51250,55732,Pipistrellus pipistrellus,0.017,0.025,-1,Echolocation,/mnt/ubna_data_02_mir/recover-20220922/UBNA_001/20220921_090000.WAV,Telephone Field,recover-20220922,001,1795
1781.9535,1781.9946,68437,83415,Rhinolophus ferrumequinum,0.029,0.029,-1,Echolocation,/mnt/ubna_data_02_mir/recover-20220922/UBNA_001/20220921_090000.WAV,Telephone Field,recover-20220922,001,1795
1782.0015,1782.0374,69296,81746,Rhinolophus ferrumequinum,0.023,0.023,-1,Echolocation,/mnt/ubna_data_02_mir/recover-20220922/UBNA_001/20220921_090000.WAV,Telephone Field,recover-20220922,001,1795
1782.0015,1782.0101,24609,32498,Nyctalus leisleri,0.01,0.027,-1,Echolocation,/mnt/ubna_data_02_mir/recover-20220922/UBNA_001/20220921_090000.WAV,Telephone Field,recover-20220922,001,1795
1782.0095,1782.0557,68437,83289,Rhinolophus ferrumequinum,0.035,0.035,-1,Echolocation,/mnt/ubna_data_02_mir/recover-20220922/UBNA_001/20220921_090000.WAV,Telephone Field,recover-20220922,001,1795
1782.0145,1782.0234,28046,36757,Eptesicus serotinus,0.015,0.03,-1,Echolocation,/mnt/ubna_data_02_mir/recover-20220922/UBNA_001/20220921_090000.WAV,Telephone Field,recover-20220922,001,1795
1782.0785,1782.1171,68437,82236,Rhinolophus ferrumequinum,0.022,0.022,-1,Echolocation,/mnt/ubna_data_02_mir/recover-20220922/UBNA_001/20220921_090000.WAV,Telephone Field,recover-20220922,001,1795
1782.0945,1782.1339,68437,81937,Rhinolophus ferrumequinum,0.023,0.023,-1,Echolocation,/mnt/ubna_data_02_mir/recover-20220922/UBNA_001/20220921_090000.WAV,Telephone Field,recover-20220922,001,1795
1782.1015,1782.139,68437,82119,Rhinolophus ferrumequinum,0.023,0.023,-1,Echolocation,/mnt/ubna_data_02_mir/recover-20220922/UBNA_001/20220921_090000.WAV,Telephone Field,recover-20220922,001,1795
1782.1085,1782.1171,23750,31889,Plecotus austriacus,0.008,0.022,-1,Echolocation,/mnt/ubna_data_02_mir/recover-20220922/UBNA_001/20220921_090000.WAV,Telephone Field,recover-20220922,001,1795
1782.1095,1782.1172,28906,39742,Eptesicus serotinus,0.008,0.023,-1,Echolocation,/mnt/ubna_data_02_mir/recover-20220922/UBNA_001/20220921_090000.WAV,Telephone Field,recover-20220922,001,1795
1782.1105,1782.1246,42656,45814,Pipistrellus pipistrellus,0.033,0.037,-1,Echolocation,/mnt/ubna_data_02_mir/recover-20220922/UBNA_001/20220921_090000.WAV,Telephone Field,recover-20220922,001,1795
1782.1205,1782.1313,28046,35337,Eptesicus serotinus,0.013,0.026,-1,Echolocation,/mnt/ubna_data_02_mir/recover-20220922/UBNA_001/20220921_090000.WAV,Telephone Field,recover-20220922,001,1795
1782.1275,1782.17,68437,83205,Rhinolophus ferrumequinum,0.038,0.038,-1,Echolocation,/mnt/ubna_data_02_mir/recover-20220922/UBNA_001/20220921_090000.WAV,Telephone Field,recover-20220922,001,1795
1782.1275,1782.138,28046,34648,Eptesicus serotinus,0.01,0.024,-1,Echolocation,/mnt/ubna_data_02_mir/recover-20220922/UBNA_001/20220921_090000.WAV,Telephone Field,recover-20220922,001,1795
1782.1545,1782.1967,68437,83144,Rhinolophus ferrumequinum,0.024,0.024,-1,Echolocation,/mnt/ubna_data_02_mir/recover-20220922/UBNA_001/20220921_090000.WAV,Telephone Field,recover-20220922,001,1795
1782.1685,1782.2089,68437,82924,Rhinolophus ferrumequinum,0.022,0.022,-1,Echolocation,/mnt/ubna_data_02_mir/recover-20220922/UBNA_001/20220921_090000.WAV,Telephone Field,recover-20220922,001,1795
1782.1705,1782.1777,47812,53647,Pipistrellus pipistrellus,0.025,0.027,-1,Echolocation,/mnt/ubna_data_02_mir/recover-20220922/UBNA_001/20220921_090000.WAV,Telephone Field,recover-20220922,001,1795
1782.1835,1782.1911,27187,36884,Eptesicus serotinus,0.013,0.033,-1,Echolocation,/mnt/ubna_data_02_mir/recover-20220922/UBNA_001/20220921_090000.WAV,Telephone Field,recover-20220922,001,1795
1782.1955,1782.2323,68437,81179,Rhinolophus ferrumequinum,0.022,0.022,-1,Echolocation,/mnt/ubna_data_02_mir/recover-20220922/UBNA_001/20220921_090000.WAV,Telephone Field,recover-20220922,001,1795
1782.2535,1782.2929,68437,82430,Rhinolophus ferrumequinum,0.029,0.029,-1,Echolocation,/mnt/ubna_data_02_mir/recover-20220922/UBNA_001/20220921_090000.WAV,Telephone Field,recover-20220922,001,1795
1782.2635,1782.3028,68437,81835,Rhinolophus ferrumequinum,0.023,0.023,-1,Echolocation,/mnt/ubna_data_02_mir/recover-20220922/UBNA_001/20220921_090000.WAV,Telephone Field,recover-20220922,001,1795
1782.2795,1782.3197,68437,82483,Rhinolophus ferrumequinum,0.025,0.025,-1,Echolocation,/mnt/ubna_data_02_mir/recover-20220922/UBNA_001/20220921_090000.WAV,Telephone Field,recover-20220922,001,1795
1782.3315,1782.3731,68437,83052,Rhinolophus ferrumequinum,0.032,0.032,-1,Echolocation,/mnt/ubna_data_02_mir/recover-20220922/UBNA_001/20220921_090000.WAV,Telephone Field,recover-20220922,001,1795
1782.3405,1782.3823,68437,82613,Rhinolophus ferrumequinum,0.027,0.027,-1,Echolocation,/mnt/ubna_data_02_mir/recover-20220922/UBNA_001/20220921_090000.WAV,Telephone Field,recover-20220922,001,1795
1782.3655,1782.3742,23750,30590,Plecotus austriacus,0.009,0.027,-1,Echolocation,/mnt/ubna_data_02_mir/recover-20220922/UBNA_001/20220921_090000.WAV,Telephone Field,recover-20220922,001,1795
1782.4375,1782.4468,28046,37102,Eptesicus serotinus,0.01,0.024,-1,Echolocation,/mnt/ubna_data_02_mir/recover-20220922/UBNA_001/20220921_090000.WAV,Telephone Field,recover-20220922,001,1795
1782.4525,1782.4928,68437,82375,Rhinolophus ferrumequinum,0.023,0.023,-1,Echolocation,/mnt/ubna_data_02_mir/recover-20220922/UBNA_001/20220921_090000.WAV,Telephone Field,recover-20220922,001,1795
1782.4745,1782.5133,68437,81911,Rhinolophus ferrumequinum,0.023,0.023,-1,Echolocation,/mnt/ubna_data_02_mir/recover-20220922/UBNA_001/20220921_090000.WAV,Telephone Field,recover-20220922,001,1795
1782.5145,1782.5232,38359,42795,Barbastellus barbastellus,0.012,0.023,-1,Echolocation,/mnt/ubna_data_02_mir/recover-20220922/UBNA_001/20220921_090000.WAV,Telephone Field,recover-20220922,001,1795
1782.5195,1782.5332,22890,26990,Nyctalus leisleri,0.016,0.027,-1,Echolocation,/mnt/ubna_data_02_mir/recover-20220922/UBNA_001/20220921_090000.WAV,Telephone Field,recover-20220922,001,1795
1782.5415,1782.5844,68437,82925,Rhinolophus ferrumequinum,0.033,0.033,-1,Echolocation,/mnt/ubna_data_02_mir/recover-20220922/UBNA_001/20220921_090000.WAV,Telephone Field,recover-20220922,001,1795
1782.6635,1782.7015,68437,82348,Rhinolophus ferrumequinum,0.024,0.024,-1,Echolocation,/mnt/ubna_data_02_mir/recover-20220922/UBNA_001/20220921_090000.WAV,Telephone Field,recover-20220922,001,1795
1782.6745,1782.6852,24609,31441,Nyctalus leisleri,0.008,0.024,-1,Echolocation,/mnt/ubna_data_02_mir/recover-20220922/UBNA_001/20220921_090000.WAV,Telephone Field,recover-20220922,001,1795
1782.6745,1782.7128,68437,82003,Rhinolophus ferrumequinum,0.024,0.024,-1,Echolocation,/mnt/ubna_data_02_mir/recover-20220922/UBNA_001/20220921_090000.WAV,Telephone Field,recover-20220922,001,1795
1782.7355,1782.7761,68437,82642,Rhinolophus ferrumequinum,0.029,0.029,-1,Echolocation,/mnt/ubna_data_02_mir/recover-20220922/UBNA_001/20220921_090000.WAV,Telephone Field,recover-20220922,001,1795
1782.7755,1782.7846,27187,37943,Eptesicus serotinus,0.009,0.022,-1,Echolocation,/mnt/ubna_data_02_mir/recover-20220922/UBNA_001/20220921_090000.WAV,Telephone Field,recover-20220922,001,1795
1782.7915,1782.8008,46953,50142,Pipistrellus pipistrellus,0.031,0.033,-1,Echolocation,/mnt/ubna_data_02_mir/recover-20220922/UBNA_001/20220921_090000.WAV,Telephone Field,recover-20220922,001,1795
1782.7925,1782.8318,68437,82390,Rhinolophus ferrumequinum,0.022,0.022,-1,Echolocation,/mnt/ubna_data_02_mir/recover-20220922/UBNA_001/20220921_090000.WAV,Telephone Field,recover-20220922,001,1795
1782.7935,1782.804,22890,29105,Nyctalus leisleri,0.013,0.031,-1,Echolocation,/mnt/ubna_data_02_mir/recover-20220922/UBNA_001/20220921_090000.WAV,Telephone Field,recover-20220922,001,1795
1782.8095,1782.8488,68437,82057,Rhinolophus ferrumequinum,0.024,0.024,-1,Echolocation,/mnt/ubna_data_02_mir/recover-20220922/UBNA_001/20220921_090000.WAV,Telephone Field,recover-20220922,001,1795
1782.8425,1782.8824,68437,83032,Rhinolophus ferrumequinum,0.024,0.024,-1,Echolocation,/mnt/ubna_data_02_mir/recover-20220922/UBNA_001/20220921_090000.WAV,Telephone Field,recover-20220922,001,1795
1782.9175,1782.9563,68437,81981,Rhinolophus ferrumequinum,0.024,0.024,-1,Echolocation,/mnt/ubna_data_02_mir/recover-20220922/UBNA_001/20220921_090000.WAV,Telephone Field,recover-20220922,001,1795
1782.9215,1782.9293,27187,39408,Eptesicus serotinus,0.009,0.024,-1,Echolocation,/mnt/ubna_data_02_mir/recover-20220922/UBNA_001/20220921_090000.WAV,Telephone Field,recover-20220922,001,1795
1782.9255,1782.964,68437,82292,Rhinolophus ferrumequinum,0.024,0.024,-1,Echolocation,/mnt/ubna_data_02_mir/recover-20220922/UBNA_001/20220921_090000.WAV,Telephone Field,recover-20220922,001,1795
1782.9925,1783.0026,22890,29646,Nyctalus leisleri,0.009,0.026,-1,Echolocation,/mnt/ubna_data_02_mir/recover-20220922/UBNA_001/20220921_090000.WAV,Telephone Field,recover-20220922,001,1795
1783.0305,1783.0693,68437,82212,Rhinolophus ferrumequinum,0.023,0.023,-1,Echolocation,/mnt/ubna_data_02_mir/recover-20220922/UBNA_001/20220921_090000.WAV,Telephone Field,recover-20220922,001,1795
1783.0495,1783.0878,68437,82158,Rhinolophus ferrumequinum,0.023,0.023,-1,Echolocation,/mnt/ubna_data_02_mir/recover-20220922/UBNA_001/20220921_090000.WAV,Telephone Field,recover-20220922,001,1795
1783.0645,1783.1036,68437,82058,Rhinolophus ferrumequinum,0.028,0.028,-1,Echolocation,/mnt/ubna_data_02_mir/recover-20220922/UBNA_001/20220921_090000.WAV,Telephone Field,recover-20220922,001,1795
1783.0925,1783.1006,27187,39508,Eptesicus serotinus,0.008,0.023,-1,Echolocation,/mnt/ubna_data_02_mir/recover-20220922/UBNA_001/20220921_090000.WAV,Telephone Field,recover-20220922,001,1795
1783.0935,1783.1336,68437,81916,Rhinolophus ferrumequinum,0.025,0.025,-1,Echolocation,/mnt/ubna_data_02_mir/recover-20220922/UBNA_001/20220921_090000.WAV,Telephone Field,recover-20220922,001,1795
1783.1135,1783.1506,68437,82140,Rhinolophus ferrumequinum,0.022,0.022,-1,Echolocation,/mnt/ubna_data_02_mir/recover-20220922/UBNA_001/20220921_090000.WAV,Telephone Field,recover-20220922,001,1795
1783.1365,1783.15,26328,30654,Nyctalus leisleri,0.033,0.074,-1,Echolocation,/mnt/ubna_data_02_mir/recover-20220922/UBNA_001/20220921_090000.WAV,Telephone Field,recover-20220922,001,1795
1783.1715,1783.2121,68437,82362,Rhinolophus ferrumequinum,0.023,0.023,-1,Echolocation,/mnt/ubna_data_02_mir/recover-20220922/UBNA_001/20220921_090000.WAV,Telephone Field,recover-20220922,001,1795
1783.1865,1783.2205,68437,80834,Rhinolophus ferrumequinum,0.034,0.034,-1,Echolocation,/mnt/ubna_data_02_mir/recover-20220922/UBNA_001/20220921_090000.WAV,Telephone Field,recover-20220922,001,1795
1783.1875,1783.1952,28046,38979,Eptesicus serotinus,0.008,0.023,-1,Echolocation,/mnt/ubna_data_02_mir/recover-20220922/UBNA_001/20220921_090000.WAV,Telephone Field,recover-20220922,001,1795
1783.2415,1783.2813,68437,81607,Rhinolophus ferrumequinum,0.023,0.023,-1,Echolocation,/mnt/ubna_data_02_mir/recover-20220922/UBNA_001/20220921_090000.WAV,Telephone Field,recover-20220922,001,1795
1783.2465,1783.2837,68437,81085,Rhinolophus ferrumequinum,0.024,0.024,-1,Echolocation,/mnt/ubna_data_02_mir/recover-20220922/UBNA_001/20220921_090000.WAV,Telephone Field,recover-20220922,001,1795
1783.2465,1783.255,28046,39436,Eptesicus serotinus,0.008,0.023,-1,Echolocation,/mnt/ubna_data_02_mir/recover-20220922/UBNA_001/20220921_090000.WAV,Telephone Field,recover-20220922,001,1795
1783.2925,1783.3014,28906,37336,Eptesicus serotinus,0.01,0.023,-1,Echolocation,/mnt/ubna_data_02_mir/recover-20220922/UBNA_001/20220921_090000.WAV,Telephone Field,recover-20220922,001,1795
1783.2945,1783.3389,68437,83192,Rhinolophus ferrumequinum,0.037,0.037,-1,Echolocation,/mnt/ubna_data_02_mir/recover-20220922/UBNA_001/20220921_090000.WAV,Telephone Field,recover-20220922,001,1795
1783.3475,1783.3866,68437,82282,Rhinolophus ferrumequinum,0.026,0.026,-1,Echolocation,/mnt/ubna_data_02_mir/recover-20220922/UBNA_001/20220921_090000.WAV,Telephone Field,recover-20220922,001,1795
1783.3815,1783.4187,68437,82191,Rhinolophus ferrumequinum,0.024,0.024,-1,Echolocation,/mnt/ubna_data_02_mir/recover-20220922/UBNA_001/20220921_090000.WAV,Telephone Field,recover-20220922,001,1795
1783.3985,1783.4386,68437,82442,Rhinolophus ferrumequinum,0.024,0.024,-1,Echolocation,/mnt/ubna_data_02_mir/recover-20220922/UBNA_001/20220921_090000.WAV,Telephone Field,recover-20220922,001,1795
1783.4085,1783.4195,22890,28629,Nyctalus leisleri,0.009,0.023,-1,Echolocation,/mnt/ubna_data_02_mir/recover-20220922/UBNA_001/20220921_090000.WAV,Telephone Field,recover-20220922,001,1795
1783.4145,1783.4511,68437,81636,Rhinolophus ferrumequinum,0.023,0.023,-1,Echolocation,/mnt/ubna_data_02_mir/recover-20220922/UBNA_001/20220921_090000.WAV,Telephone Field,recover-20220922,001,1795
1783.4265,1783.4368,28906,36069,Eptesicus serotinus,0.01,0.023,-1,Echolocation,/mnt/ubna_data_02_mir/recover-20220922/UBNA_001/20220921_090000.WAV,Telephone Field,recover-20220922,001,1795
1783.4355,1783.4441,28046,38146,Eptesicus serotinus,0.008,0.022,-1,Echolocation,/mnt/ubna_data_02_mir/recover-20220922/UBNA_001/20220921_090000.WAV,Telephone Field,recover-20220922,001,1795
1783.4535,1783.4943,68437,82004,Rhinolophus ferrumequinum,0.032,0.032,-1,Echolocation,/mnt/ubna_data_02_mir/recover-20220922/UBNA_001/20220921_090000.WAV,Telephone Field,recover-20220922,001,1795
1783.4925,1783.5298,68437,81848,Rhinolophus ferrumequinum,0.023,0.023,-1,Echolocation,/mnt/ubna_data_02_mir/recover-20220922/UBNA_001/20220921_090000.WAV,Telephone Field,recover-20220922,001,1795
1783.5225,1783.5328,23750,30328,Nyctalus leisleri,0.009,0.023,-1,Echolocation,/mnt/ubna_data_02_mir/recover-20220922/UBNA_001/20220921_090000.WAV,Telephone Field,recover-20220922,001,1795
1783.5235,1783.5628,68437,82582,Rhinolophus ferrumequinum,0.031,0.031,-1,Echolocation,/mnt/ubna_data_02_mir/recover-20220922/UBNA_001/20220921_090000.WAV,Telephone Field,recover-20220922,001,1795
1783.5665,1783.6059,68437,82396,Rhinolophus ferrumequinum,0.024,0.024,-1,Echolocation,/mnt/ubna_data_02_mir/recover-20220922/UBNA_001/20220921_090000.WAV,Telephone Field,recover-20220922,001,1795
1783.5755,1783.5869,21171,25542,Nyctalus leisleri,0.011,0.022,-1,Echolocation,/mnt/ubna_data_02_mir/recover-20220922/UBNA_001/20220921_090000.WAV,Telephone Field,recover-20220922,001,1795
1783.5985,1783.6338,68437,81575,Rhinolophus ferrumequinum,0.023,0.023,-1,Echolocation,/mnt/ubna_data_02_mir/recover-20220922/UBNA_001/20220921_090000.WAV,Telephone Field,recover-20220922,001,1795
1783.6085,1783.6192,49531,53980,Pipistrellus pipistrellus,0.038,0.044,-1,Echolocation,/mnt/ubna_data_02_mir/recover-20220922/UBNA_001/20220921_090000.WAV,Telephone Field,recover-20220922,001,1795
1783.6355,1783.6528,21171,24461,Nyctalus leisleri,0.018,0.028,-1,Echolocation,/mnt/ubna_data_02_mir/recover-20220922/UBNA_001/20220921_090000.WAV,Telephone Field,recover-20220922,001,1795
1783.6495,1783.6892,68437,82095,Rhinolophus ferrumequinum,0.023,0.023,-1,Echolocation,/mnt/ubna_data_02_mir/recover-20220922/UBNA_001/20220921_090000.WAV,Telephone Field,recover-20220922,001,1795
1783.6525,1783.6605,26328,36078,Eptesicus serotinus,0.01,0.026,-1,Echolocation,/mnt/ubna_data_02_mir/recover-20220922/UBNA_001/20220921_090000.WAV,Telephone Field,recover-20220922,001,1795
1783.6555,1783.6958,68437,82205,Rhinolophus ferrumequinum,0.023,0.023,-1,Echolocation,/mnt/ubna_data_02_mir/recover-20220922/UBNA_001/20220921_090000.WAV,Telephone Field,recover-20220922,001,1795
1783.6625,1783.7029,68437,82417,Rhinolophus ferrumequinum,0.022,0.022,-1,Echolocation,/mnt/ubna_data_02_mir/recover-20220922/UBNA_001/20220921_090000.WAV,Telephone Field,recover-20220922,001,1795
1783.6875,1783.7271,68437,82109,Rhinolophus ferrumequinum,0.023,0.023,-1,Echolocation,/mnt/ubna_data_02_mir/recover-20220922/UBNA_001/20220921_090000.WAV,Telephone Field,recover-20220922,001,1795
1783.6975,1783.7062,27187,36210,Eptesicus serotinus,0.009,0.023,-1,Echolocation,/mnt/ubna_data_02_mir/recover-20220922/UBNA_001/20220921_090000.WAV,Telephone Field,recover-20220922,001,1795
1783.7255,1783.7627,68437,81022,Rhinolophus ferrumequinum,0.023,0.023,-1,Echolocation,/mnt/ubna_data_02_mir/recover-20220922/UBNA_001/20220921_090000.WAV,Telephone Field,recover-20220922,001,1795
1783.7435,1783.7809,68437,81794,Rhinolophus ferrumequinum,0.023,0.023,-1,Echolocation,/mnt/ubna_data_02_mir/recover-20220922/UBNA_001/20220921_090000.WAV,Telephone Field,recover-20220922,001,1795
1783.7925,1783.8042,22890,27625,Nyctalus leisleri,0.011,0.022,-1,Echolocation,/mnt/ubna_data_02_mir/recover-20220922/UBNA_001/20220921_090000.WAV,Telephone Field,recover-20220922,001,1795
1783.7965,1783.8358,68437,82632,Rhinolophus ferrumequinum,0.026,0.026,-1,Echolocation,/mnt/ubna_data_02_mir/recover-20220922/UBNA_001/20220921_090000.WAV,Telephone Field,recover-20220922,001,1795
1783.8095,1783.8198,47812,52058,Pipistrellus pipistrellus,0.029,0.032,-1,Echolocation,/mnt/ubna_data_02_mir/recover-20220922/UBNA_001/20220921_090000.WAV,Telephone Field,recover-20220922,001,1795
1783.8345,1783.8732,68437,82350,Rhinolophus ferrumequinum,0.025,0.025,-1,Echolocation,/mnt/ubna_data_02_mir/recover-20220922/UBNA_001/20220921_090000.WAV,Telephone Field,recover-20220922,001,1795
1783.8755,1783.8838,28046,41289,Eptesicus serotinus,0.009,0.026,-1,Echolocation,/mnt/ubna_data_02_mir/recover-20220922/UBNA_001/20220921_090000.WAV,Telephone Field,recover-20220922,001,1795
1783.9105,1783.9483,68437,82346,Rhinolophus ferrumequinum,0.023,0.023,-1,Echolocation,/mnt/ubna_data_02_mir/recover-20220922/UBNA_001/20220921_090000.WAV,Telephone Field,recover-20220922,001,1795
1783.9665,1783.9752,28046,39202,Eptesicus serotinus,0.008,0.023,-1,Echolocation,/mnt/ubna_data_02_mir/recover-20220922/UBNA_001/20220921_090000.WAV,Telephone Field,recover-20220922,001,1795
1784.0015,1784.0146,46093,50511,Pipistrellus pipistrellus,0.025,0.033,-1,Echolocation,/mnt/ubna_data_02_mir/recover-20220922/UBNA_001/20220921_090000.WAV,Telephone Field,recover-20220922,001,1795
1784.0015,1784.0132,23750,29344,Nyctalus leisleri,0.018,0.038,-1,Echolocation,/mnt/ubna_data_02_mir/recover-20220922/UBNA_001/20220921_090000.WAV,Telephone Field,recover-20220922,001,1795
1784.0025,1784.0432,68437,82217,Rhinolophus ferrumequinum,0.027,0.027,-1,Echolocation,/mnt/ubna_data_02_mir/recover-20220922/UBNA_001/20220921_090000.WAV,Telephone Field,recover-20220922,001,1795
1784.0095,1784.0563,68437,84165,Rhinolophus ferrumequinum,0.033,0.033,-1,Echolocation,/mnt/ubna_data_02_mir/recover-20220922/UBNA_001/20220921_090000.WAV,Telephone Field,recover-20220922,001,1795
1784.0405,1784.0512,28046,36167,Eptesicus serotinus,0.013,0.028,-1,Echolocation,/mnt/ubna_data_02_mir/recover-20220922/UBNA_001/20220921_090000.WAV,Telephone Field,recover-20220922,001,1795
1784.0485,1784.0847,68437,81025,Rhinolophus ferrumequinum,0.022,0.022,-1,Echolocation,/mnt/ubna_data_02_mir/recover-20220922/UBNA_001/20220921_090000.WAV,Telephone Field,recover-20220922,001,1795
1784.0715,1784.1118,68437,82393,Rhinolophus ferrumequinum,0.037,0.037,-1,Echolocation,/mnt/ubna_data_02_mir/recover-20220922/UBNA_001/20220921_090000.WAV,Telephone Field,recover-20220922,001,1795
1784.0895,1784.1291,68437,82540,Rhinolophus ferrumequinum,0.025,0.025,-1,Echolocation,/mnt/ubna_data_02_mir/recover-20220922/UBNA_001/20220921_090000.WAV,Telephone Field,recover-20220922,001,1795
1784.1005,1784.1377,68437,81540,Rhinolophus ferrumequinum,0.024,0.024,-1,Echolocation,/mnt/ubna_data_02_mir/recover-20220922/UBNA_001/20220921_090000.WAV,Telephone Field,recover-20220922,001,1795
1784.1215,1784.1311,30625,38804,Eptesicus serotinus,0.017,0.04,-1,Echolocation,/mnt/ubna_data_02_mir/recover-20220922/UBNA_001/20220921_090000.WAV,Telephone Field,recover-20220922,001,1795
1784.1575,1784.1668,26328,33982,Eptesicus serotinus,0.01,0.024,-1,Echolocation,/mnt/ubna_data_02_mir/recover-20220922/UBNA_001/20220921_090000.WAV,Telephone Field,recover-20220922,001,1795
1784.2345,1784.2417,24609,34060,Plecotus austriacus,0.009,0.027,-1,Echolocation,/mnt/ubna_data_02_mir/recover-20220922/UBNA_001/20220921_090000.WAV,Telephone Field,recover-20220922,001,1795
1784.2515,1784.2878,68437,80698,Rhinolophus ferrumequinum,0.022,0.023,-1,Echolocation,/mnt/ubna_data_02_mir/recover-20220922/UBNA_001/20220921_090000.WAV,Telephone Field,recover-20220922,001,1795
1784.2575,1784.2927,68437,81530,Rhinolophus ferrumequinum,0.023,0.023,-1,Echolocation,/mnt/ubna_data_02_mir/recover-20220922/UBNA_001/20220921_090000.WAV,Telephone Field,recover-20220922,001,1795
1784.2715,1784.2795,26328,35918,Eptesicus serotinus,0.009,0.026,-1,Echolocation,/mnt/ubna_data_02_mir/recover-20220922/UBNA_001/20220921_090000.WAV,Telephone Field,recover-20220922,001,1795
1784.2935,1784.3037,22890,28737,Nyctalus leisleri,0.01,0.027,-1,Echolocation,/mnt/ubna_data_02_mir/recover-20220922/UBNA_001/20220921_090000.WAV,Telephone Field,recover-20220922,001,1795
1784.3195,1784.3286,22890,29687,Plecotus austriacus,0.007,0.022,-1,Echolocation,/mnt/ubna_data_02_mir/recover-20220922/UBNA_001/20220921_090000.WAV,Telephone Field,recover-20220922,001,1795
1784.3785,1784.3911,11718,21628,Nyctalus leisleri,0.011,0.024,-1,Echolocation,/mnt/ubna_data_02_mir/recover-20220922/UBNA_001/20220921_090000.WAV,Telephone Field,recover-20220922,001,1795
1784.3935,1784.4318,68437,81796,Rhinolophus ferrumequinum,0.023,0.023,-1,Echolocation,/mnt/ubna_data_02_mir/recover-20220922/UBNA_001/20220921_090000.WAV,Telephone Field,recover-20220922,001,1795
1784.4025,1784.4131,25468,32185,Eptesicus serotinus,0.009,0.022,-1,Echolocation,/mnt/ubna_data_02_mir/recover-20220922/UBNA_001/20220921_090000.WAV,Telephone Field,recover-20220922,001,1795
1784.4285,1784.4392,44375,49028,Pipistrellus pipistrellus,0.037,0.044,-1,Echolocation,/mnt/ubna_data_02_mir/recover-20220922/UBNA_001/20220921_090000.WAV,Telephone Field,recover-20220922,001,1795
1784.4305,1784.4368,31484,50125,Myotis daubentonii,0.009,0.023,-1,Echolocation,/mnt/ubna_data_02_mir/recover-20220922/UBNA_001/20220921_090000.WAV,Telephone Field,recover-20220922,001,1795
1784.4315,1784.4379,27187,44347,Eptesicus serotinus,0.006,0.023,-1,Echolocation,/mnt/ubna_data_02_mir/recover-20220922/UBNA_001/20220921_090000.WAV,Telephone Field,recover-20220922,001,1795
1784.5365,1784.5769,68437,83365,Rhinolophus ferrumequinum,0.026,0.026,-1,Echolocation,/mnt/ubna_data_02_mir/recover-20220922/UBNA_001/20220921_090000.WAV,Telephone Field,recover-20220922,001,1795
1784.5735,1784.6128,68437,82021,Rhinolophus ferrumequinum,0.025,0.025,-1,Echolocation,/mnt/ubna_data_02_mir/recover-20220922/UBNA_001/20220921_090000.WAV,Telephone Field,recover-20220922,001,1795
1784.5955,1784.6311,68437,81282,Rhinolophus ferrumequinum,0.022,0.022,-1,Echolocation,/mnt/ubna_data_02_mir/recover-20220922/UBNA_001/20220921_090000.WAV,Telephone Field,recover-20220922,001,1795
1784.6015,1784.6096,28046,39141,Eptesicus serotinus,0.007,0.022,-1,Echolocation,/mnt/ubna_data_02_mir/recover-20220922/UBNA_001/20220921_090000.WAV,Telephone Field,recover-20220922,001,1795
1784.6315,1784.6683,68437,82151,Rhinolophus ferrumequinum,0.023,0.023,-1,Echolocation,/mnt/ubna_data_02_mir/recover-20220922/UBNA_001/20220921_090000.WAV,Telephone Field,recover-20220922,001,1795
1784.6435,1784.6857,68437,83365,Rhinolophus ferrumequinum,0.028,0.028,-1,Echolocation,/mnt/ubna_data_02_mir/recover-20220922/UBNA_001/20220921_090000.WAV,Telephone Field,recover-20220922,001,1795
1784.6555,1784.6954,68437,82238,Rhinolophus ferrumequinum,0.023,0.023,-1,Echolocation,/mnt/ubna_data_02_mir/recover-20220922/UBNA_001/20220921_090000.WAV,Telephone Field,recover-20220922,001,1795
1784.6625,1784.7011,68437,81873,Rhinolophus ferrumequinum,0.025,0.025,-1,Echolocation,/mnt/ubna_data_02_mir/recover-20220922/UBNA_001/20220921_090000.WAV,Telephone Field,recover-20220922,001,1795
1784.6865,1784.7291,68437,83048,Rhinolophus ferrumequinum,0.028,0.028,-1,Echolocation,/mnt/ubna_data_02_mir/recover-20220922/UBNA_001/20220921_090000.WAV,Telephone Field,recover-20220922,001,1795
1784.7445,1784.7537,22890,30343,Plecotus austriacus,0.012,0.029,-1,Echolocation,/mnt/ubna_data_02_mir/recover-20220922/UBNA_001/20220921_090000.WAV,Telephone Field,recover-20220922,001,1795
1784.7725,1784.7824,24609,31597,Nyctalus leisleri,0.01,0.028,-1,Echolocation,/mnt/ubna_data_02_mir/recover-20220922/UBNA_001/20220921_090000.WAV,Telephone Field,recover-20220922,001,1795
1784.7735,1784.8111,68437,81445,Rhinolophus ferrumequinum,0.022,0.022,-1,Echolocation,/mnt/ubna_data_02_mir/recover-20220922/UBNA_001/20220921_090000.WAV,Telephone Field,recover-20220922,001,1795
1784.7895,1784.7971,23750,32618,Plecotus austriacus,0.016,0.033,-1,Echolocation,/mnt/ubna_data_02_mir/recover-20220922/UBNA_001/20220921_090000.WAV,Telephone Field,recover-20220922,001,1795
1784.7965,1784.8381,68437,82879,Rhinolophus ferrumequinum,0.033,0.033,-1,Echolocation,/mnt/ubna_data_02_mir/recover-20220922/UBNA_001/20220921_090000.WAV,Telephone Field,recover-20220922,001,1795
1784.8385,1784.8794,68437,82376,Rhinolophus ferrumequinum,0.022,0.022,-1,Echolocation,/mnt/ubna_data_02_mir/recover-20220922/UBNA_001/20220921_090000.WAV,Telephone Field,recover-20220922,001,1795
1784.8515,1784.8607,28906,37520,Eptesicus serotinus,0.008,0.022,-1,Echolocation,/mnt/ubna_data_02_mir/recover-20220922/UBNA_001/20220921_090000.WAV,Telephone Field,recover-20220922,001,1795
1784.8645,1784.8723,28046,38026,Eptesicus serotinus,0.007,0.022,-1,Echolocation,/mnt/ubna_data_02_mir/recover-20220922/UBNA_001/20220921_090000.WAV,Telephone Field,recover-20220922,001,1795
1784.8725,1784.9114,68437,81934,Rhinolophus ferrumequinum,0.024,0.024,-1,Echolocation,/mnt/ubna_data_02_mir/recover-20220922/UBNA_001/20220921_090000.WAV,Telephone Field,recover-20220922,001,1795
1784.9025,1784.9102,28046,38988,Eptesicus serotinus,0.007,0.023,-1,Echolocation,/mnt/ubna_data_02_mir/recover-20220922/UBNA_001/20220921_090000.WAV,Telephone Field,recover-20220922,001,1795
1784.9035,1784.9416,68437,81142,Rhinolophus ferrumequinum,0.022,0.022,-1,Echolocation,/mnt/ubna_data_02_mir/recover-20220922/UBNA_001/20220921_090000.WAV,Telephone Field,recover-20220922,001,1795
1784.9205,1784.9585,68437,82508,Rhinolophus ferrumequinum,0.022,0.022,-1,Echolocation,/mnt/ubna_data_02_mir/recover-20220922/UBNA_001/20220921_090000.WAV,Telephone Field,recover-20220922,001,1795
1784.9625,1784.9794,23750,28274,Nyctalus leisleri,0.023,0.042,-1,Echolocation,/mnt/ubna_data_02_mir/recover-20220922/UBNA_001/20220921_090000.WAV,Telephone Field,recover-20220922,001,1795
1784.9655,1785.0017,68437,81595,Rhinolophus ferrumequinum,0.023,0.023,-1,Echolocation,/mnt/ubna_data_02_mir/recover-20220922/UBNA_001/20220921_090000.WAV,Telephone Field,recover-20220922,001,1795
1784.9875,1785.025,68437,81714,Rhinolophus ferrumequinum,0.024,0.024,-1,Echolocation,/mnt/ubna_data_02_mir/recover-20220922/UBNA_001/20220921_090000.WAV,Telephone Field,recover-20220922,001,1795
1785.0665,1785.1065,68437,82584,Rhinolophus ferrumequinum,0.024,0.024,-1,Echolocation,/mnt/ubna_data_02_mir/recover-20220922/UBNA_001/20220921_090000.WAV,Telephone Field,recover-20220922,001,1795
1785.1095,1785.1475,68437,81724,Rhinolophus ferrumequinum,0.023,0.023,-1,Echolocation,/mnt/ubna_data_02_mir/recover-20220922/UBNA_001/20220921_090000.WAV,Telephone Field,recover-20220922,001,1795
1785.1165,1785.1269,24609,30798,Nyctalus leisleri,0.009,0.022,-1,Echolocation,/mnt/ubna_data_02_mir/recover-20220922/UBNA_001/20220921_090000.WAV,Telephone Field,recover-20220922,001,1795
1785.1255,1785.1347,28906,37295,Eptesicus serotinus,0.011,0.025,-1,Echolocation,/mnt/ubna_data_02_mir/recover-20220922/UBNA_001/20220921_090000.WAV,Telephone Field,recover-20220922,001,1795
1785.1345,1785.1722,68437,81822,Rhinolophus ferrumequinum,0.022,0.022,-1,Echolocation,/mnt/ubna_data_02_mir/recover-20220922/UBNA_001/20220921_090000.WAV,Telephone Field,recover-20220922,001,1795
1785.1375,1785.146,28906,38516,Eptesicus serotinus,0.008,0.022,-1,Echolocation,/mnt/ubna_data_02_mir/recover-20220922/UBNA_001/20220921_090000.WAV,Telephone Field,recover-20220922,001,1795
1785.1415,1785.1803,68437,82052,Rhinolophus ferrumequinum,0.022,0.022,-1,Echolocation,/mnt/ubna_data_02_mir/recover-20220922/UBNA_001/20220921_090000.WAV,Telephone Field,recover-20220922,001,1795
1785.1465,1785.1869,68437,82228,Rhinolophus ferrumequinum,0.022,0.022,-1,Echolocation,/mnt/ubna_data_02_mir/recover-20220922/UBNA_001/20220921_090000.WAV,Telephone Field,recover-20220922,001,1795
1785.1665,1785.1758,22890,29826,Plecotus austriacus,0.009,0.026,-1,Echolocation,/mnt/ubna_data_02_mir/recover-20220922/UBNA_001/20220921_090000.WAV,Telephone Field,recover-20220922,001,1795
1785.1715,1785.1799,45234,51905,Pipistrellus pipistrellus,0.019,0.023,-1,Echolocation,/mnt/ubna_data_02_mir/recover-20220922/UBNA_001/20220921_090000.WAV,Telephone Field,recover-20220922,001,1795
1785.1775,1785.2145,68437,81673,Rhinolophus ferrumequinum,0.022,0.022,-1,Echolocation,/mnt/ubna_data_02_mir/recover-20220922/UBNA_001/20220921_090000.WAV,Telephone Field,recover-20220922,001,1795
1785.2035,1785.2425,68437,82351,Rhinolophus ferrumequinum,0.024,0.024,-1,Echolocation,/mnt/ubna_data_02_mir/recover-20220922/UBNA_001/20220921_090000.WAV,Telephone Field,recover-20220922,001,1795
1785.2085,1785.2183,27187,35186,Eptesicus serotinus,0.012,0.027,-1,Echolocation,/mnt/ubna_data_02_mir/recover-20220922/UBNA_001/20220921_090000.WAV,Telephone Field,recover-20220922,001,1795
1785.2305,1785.2707,68437,82631,Rhinolophus ferrumequinum,0.036,0.036,-1,Echolocation,/mnt/ubna_data_02_mir/recover-20220922/UBNA_001/20220921_090000.WAV,Telephone Field,recover-20220922,001,1795
1785.2735,1785.2808,26328,36393,Eptesicus serotinus,0.011,0.037,-1,Echolocation,/mnt/ubna_data_02_mir/recover-20220922/UBNA_001/20220921_090000.WAV,Telephone Field,recover-20220922,001,1795
1785.3635,1785.4048,68437,82082,Rhinolophus ferrumequinum,0.026,0.026,-1,Echolocation,/mnt/ubna_data_02_mir/recover-20220922/UBNA_001/20220921_090000.WAV,Telephone Field,recover-20220922,001,1795
1785.4025,1785.4449,68437,82609,Rhinolophus ferrumequinum,0.035,0.035,-1,Echolocation,/mnt/ubna_data_02_mir/recover-20220922/UBNA_001/20220921_090000.WAV,Telephone Field,recover-20220922,001,1795
1785.4105,1785.4198,28906,39244,Eptesicus serotinus,0.01,0.026,-1,Echolocation,/mnt/ubna_data_02_mir/recover-20220922/UBNA_001/20220921_090000.WAV,Telephone Field,recover-20220922,001,1795
1785.4215,1785.4317,28906,36966,Eptesicus serotinus,0.009,0.022,-1,Echolocation,/mnt/ubna_data_02_mir/recover-20220922/UBNA_001/20220921_090000.WAV,Telephone Field,recover-20220922,001,1795
1785.4245,1785.4658,68437,82684,Rhinolophus ferrumequinum,0.027,0.027,-1,Echolocation,/mnt/ubna_data_02_mir/recover-20220922/UBNA_001/20220921_090000.WAV,Telephone Field,recover-20220922,001,1795
1785.4425,1785.4499,28046,40214,Eptesicus serotinus,0.006,0.022,-1,Echolocation,/mnt/ubna_data_02_mir/recover-20220922/UBNA_001/20220921_090000.WAV,Telephone Field,recover-20220922,001,1795
1785.5185,1785.5602,68437,82285,Rhinolophus ferrumequinum,0.027,0.027,-1,Echolocation,/mnt/ubna_data_02_mir/recover-20220922/UBNA_001/20220921_090000.WAV,Telephone Field,recover-20220922,001,1795
1785.5215,1785.5281,50390,55867,Pipistrellus pipistrellus,0.024,0.027,-1,Echolocation,/mnt/ubna_data_02_mir/recover-20220922/UBNA_001/20220921_090000.WAV,Telephone Field,recover-20220922,001,1795
1785.5275,1785.5359,28046,38060,Eptesicus serotinus,0.007,0.022,-1,Echolocation,/mnt/ubna_data_02_mir/recover-20220922/UBNA_001/20220921_090000.WAV,Telephone Field,recover-20220922,001,1795
1785.5375,1785.5763,68437,82220,Rhinolophus ferrumequinum,0.024,0.024,-1,Echolocation,/mnt/ubna_data_02_mir/recover-20220922/UBNA_001/20220921_090000.WAV,Telephone Field,recover-20220922,001,1795
1785.5385,1785.5508,55546,61215,Pipistrellus pygmaeus,0.023,0.024,-1,Echolocation,/mnt/ubna_data_02_mir/recover-20220922/UBNA_001/20220921_090000.WAV,Telephone Field,recover-20220922,001,1795
1785.5575,1785.5976,68437,82597,Rhinolophus ferrumequinum,0.025,0.025,-1,Echolocation,/mnt/ubna_data_02_mir/recover-20220922/UBNA_001/20220921_090000.WAV,Telephone Field,recover-20220922,001,1795
1785.6435,1785.6514,44375,52000,Pipistrellus pipistrellus,0.027,0.032,-1,Echolocation,/mnt/ubna_data_02_mir/recover-20220922/UBNA_001/20220921_090000.WAV,Telephone Field,recover-20220922,001,1795
1785.6475,1785.6818,68437,81207,Rhinolophus ferrumequinum,0.024,0.024,-1,Echolocation,/mnt/ubna_data_02_mir/recover-20220922/UBNA_001/20220921_090000.WAV,Telephone Field,recover-20220922,001,1795
1785.6965,1785.7364,68437,82537,Rhinolophus ferrumequinum,0.029,0.029,-1,Echolocation,/mnt/ubna_data_02_mir/recover-20220922/UBNA_001/20220921_090000.WAV,Telephone Field,recover-20220922,001,1795
1785.7035,1785.7109,27187,36058,Eptesicus serotinus,0.008,0.024,-1,Echolocation,/mnt/ubna_data_02_mir/recover-20220922/UBNA_001/20220921_090000.WAV,Telephone Field,recover-20220922,001,1795
1785.7215,1785.7599,68437,82271,Rhinolophus ferrumequinum,0.022,0.022,-1,Echolocation,/mnt/ubna_data_02_mir/recover-20220922/UBNA_001/20220921_090000.WAV,Telephone Field,recover-20220922,001,1795
1785.7575,1785.7897,68437,80260,Rhinolophus ferrumequinum,0.052,0.052,-1,Echolocation,/mnt/ubna_data_02_mir/recover-20220922/UBNA_001/20220921_090000.WAV,Telephone Field,recover-20220922,001,1795
1785.7875,1785.7967,28906,37381,Eptesicus serotinus,0.009,0.024,-1,Echolocation,/mnt/ubna_data_02_mir/recover-20220922/UBNA_001/20220921_090000.WAV,Telephone Field,recover-20220922,001,1795
1785.7995,1785.8386,68437,81612,Rhinolophus ferrumequinum,0.022,0.022,-1,Echolocation,/mnt/ubna_data_02_mir/recover-20220922/UBNA_001/20220921_090000.WAV,Telephone Field,recover-20220922,001,1795
1785.8115,1785.8228,23750,28833,Nyctalus leisleri,0.015,0.031,-1,Echolocation,/mnt/ubna_data_02_mir/recover-20220922/UBNA_001/20220921_090000.WAV,Telephone Field,recover-20220922,001,1795
1785.8125,1785.8484,68437,80945,Rhinolophus ferrumequinum,0.028,0.028,-1,Echolocation,/mnt/ubna_data_02_mir/recover-20220922/UBNA_001/20220921_090000.WAV,Telephone Field,recover-20220922,001,1795
1785.8445,1785.8552,22890,28478,Nyctalus leisleri,0.011,0.023,-1,Echolocation,/mnt/ubna_data_02_mir/recover-20220922/UBNA_001/20220921_090000.WAV,Telephone Field,recover-20220922,001,1795
1785.8935,1785.9297,68437,81857,Rhinolophus ferrumequinum,0.022,0.022,-1,Echolocation,/mnt/ubna_data_02_mir/recover-20220922/UBNA_001/20220921_090000.WAV,Telephone Field,recover-20220922,001,1795
1785.9385,1785.9483,23750,31054,Nyctalus leisleri,0.01,0.029,-1,Echolocation,/mnt/ubna_data_02_mir/recover-20220922/UBNA_001/20220921_090000.WAV,Telephone Field,recover-20220922,001,1795
1786.0015,1786.0361,68437,80581,Rhinolophus ferrumequinum,0.036,0.036,-1,Echolocation,/mnt/ubna_data_02_mir/recover-20220922/UBNA_001/20220921_090000.WAV,Telephone Field,recover-20220922,001,1795
1786.0035,1786.0149,28906,35825,Eptesicus serotinus,0.054,0.085,-1,Echolocation,/mnt/ubna_data_02_mir/recover-20220922/UBNA_001/20220921_090000.WAV,Telephone Field,recover-20220922,001,1795
1786.0535,1786.0636,24609,30515,Nyctalus leisleri,0.009,0.023,-1,Echolocation,/mnt/ubna_data_02_mir/recover-20220922/UBNA_001/20220921_090000.WAV,Telephone Field,recover-20220922,001,1795
1786.0615,1786.1018,68437,82766,Rhinolophus ferrumequinum,0.022,0.022,-1,Echolocation,/mnt/ubna_data_02_mir/recover-20220922/UBNA_001/20220921_090000.WAV,Telephone Field,recover-20220922,001,1795
1786.0855,1786.0951,26328,34723,Eptesicus serotinus,0.012,0.026,-1,Echolocation,/mnt/ubna_data_02_mir/recover-20220922/UBNA_001/20220921_090000.WAV,Telephone Field,recover-20220922,001,1795
1786.0895,1786.1296,68437,82629,Rhinolophus ferrumequinum,0.022,0.022,-1,Echolocation,/mnt/ubna_data_02_mir/recover-20220922/UBNA_001/20220921_090000.WAV,Telephone Field,recover-20220922,001,1795
1786.1145,1786.1217,27187,39740,Eptesicus serotinus,0.005,0.022,-1,Echolocation,/mnt/ubna_data_02_mir/recover-20220922/UBNA_001/20220921_090000.WAV,Telephone Field,recover-20220922,001,1795
1786.1225,1786.1609,68437,81436,Rhinolophus ferrumequinum,0.022,0.022,-1,Echolocation,/mnt/ubna_data_02_mir/recover-20220922/UBNA_001/20220921_090000.WAV,Telephone Field,recover-20220922,001,1795
1786.1375,1786.1444,27187,38858,Eptesicus serotinus,0.006,0.023,-1,Echolocation,/mnt/ubna_data_02_mir/recover-20220922/UBNA_001/20220921_090000.WAV,Telephone Field,recover-20220922,001,1795
1786.1675,1786.1745,23750,33297,Plecotus austriacus,0.013,0.035,-1,Echolocation,/mnt/ubna_data_02_mir/recover-20220922/UBNA_001/20220921_090000.WAV,Telephone Field,recover-20220922,001,1795
1786.1955,1786.2312,68437,81641,Rhinolophus ferrumequinum,0.021,0.021,-1,Echolocation,/mnt/ubna_data_02_mir/recover-20220922/UBNA_001/20220921_090000.WAV,Telephone Field,recover-20220922,001,1795
1786.2065,1786.242,68437,81219,Rhinolophus ferrumequinum,0.025,0.025,-1,Echolocation,/mnt/ubna_data_02_mir/recover-20220922/UBNA_001/20220921_090000.WAV,Telephone Field,recover-20220922,001,1795
1786.2175,1786.2516,68437,80302,Rhinolophus ferrumequinum,0.023,0.024,-1,Echolocation,/mnt/ubna_data_02_mir/recover-20220922/UBNA_001/20220921_090000.WAV,Telephone Field,recover-20220922,001,1795
1786.2275,1786.2348,24609,32978,Plecotus austriacus,0.006,0.022,-1,Echolocation,/mnt/ubna_data_02_mir/recover-20220922/UBNA_001/20220921_090000.WAV,Telephone Field,recover-20220922,001,1795
1786.2575,1786.2954,68437,81807,Rhinolophus ferrumequinum,0.022,0.022,-1,Echolocation,/mnt/ubna_data_02_mir/recover-20220922/UBNA_001/20220921_090000.WAV,Telephone Field,recover-20220922,001,1795
1786.2815,1786.3208,68437,82473,Rhinolophus ferrumequinum,0.032,0.032,-1,Echolocation,/mnt/ubna_data_02_mir/recover-20220922/UBNA_001/20220921_090000.WAV,Telephone Field,recover-20220922,001,1795
1786.3035,1786.3106,31484,42045,Myotis daubentonii,0.011,0.025,-1,Echolocation,/mnt/ubna_data_02_mir/recover-20220922/UBNA_001/20220921_090000.WAV,Telephone Field,recover-20220922,001,1795
1786.3355,1786.3731,68437,81797,Rhinolophus ferrumequinum,0.022,0.022,-1,Echolocation,/mnt/ubna_data_02_mir/recover-20220922/UBNA_001/20220921_090000.WAV,Telephone Field,recover-20220922,001,1795
1786.3525,1786.3891,68437,81761,Rhinolophus ferrumequinum,0.022,0.023,-1,Echolocation,/mnt/ubna_data_02_mir/recover-20220922/UBNA_001/20220921_090000.WAV,Telephone Field,recover-20220922,001,1795
1786.3655,1786.3757,28046,35692,Eptesicus serotinus,0.021,0.037,-1,Echolocation,/mnt/ubna_data_02_mir/recover-20220922/UBNA_001/20220921_090000.WAV,Telephone Field,recover-20220922,001,1795
1786.4045,1786.4427,68437,82016,Rhinolophus ferrumequinum,0.022,0.022,-1,Echolocation,/mnt/ubna_data_02_mir/recover-20220922/UBNA_001/20220921_090000.WAV,Telephone Field,recover-20220922,001,1795
1786.4815,1786.49,27187,40969,Eptesicus serotinus,0.01,0.029,-1,Echolocation,/mnt/ubna_data_02_mir/recover-20220922/UBNA_001/20220921_090000.WAV,Telephone Field,recover-20220922,001,1795
1786.4855,1786.4925,36640,45144,Myotis daubentonii,0.012,0.033,-1,Echolocation,/mnt/ubna_data_02_mir/recover-20220922/UBNA_001/20220921_090000.WAV,Telephone Field,recover-20220922,001,1795
1786.4965,1786.5358,68437,82189,Rhinolophus ferrumequinum,0.022,0.022,-1,Echolocation,/mnt/ubna_data_02_mir/recover-20220922/UBNA_001/20220921_090000.WAV,Telephone Field,recover-20220922,001,1795
1786.5125,1786.5526,68437,82094,Rhinolophus ferrumequinum,0.022,0.022,-1,Echolocation,/mnt/ubna_data_02_mir/recover-20220922/UBNA_001/20220921_090000.WAV,Telephone Field,recover-20220922,001,1795
1786.5185,1786.5285,46093,49350,Pipistrellus pipistrellus,0.02,0.022,-1,Echolocation,/mnt/ubna_data_02_mir/recover-20220922/UBNA_001/20220921_090000.WAV,Telephone Field,recover-20220922,001,1795
1786.5415,1786.5804,68437,82171,Rhinolophus ferrumequinum,0.022,0.022,-1,Echolocation,/mnt/ubna_data_02_mir/recover-20220922/UBNA_001/20220921_090000.WAV,Telephone Field,recover-20220922,001,1795
1786.5415,1786.5526,27187,35296,Eptesicus serotinus,0.011,0.022,-1,Echolocation,/mnt/ubna_data_02_mir/recover-20220922/UBNA_001/20220921_090000.WAV,Telephone Field,recover-20220922,001,1795
1786.5545,1786.5909,68437,81600,Rhinolophus ferrumequinum,0.022,0.022,-1,Echolocation,/mnt/ubna_data_02_mir/recover-20220922/UBNA_001/20220921_090000.WAV,Telephone Field,recover-20220922,001,1795
1786.5575,1786.5642,28906,39281,Eptesicus serotinus,0.007,0.025,-1,Echolocation,/mnt/ubna_data_02_mir/recover-20220922/UBNA_001/20220921_090000.WAV,Telephone Field,recover-20220922,001,1795
1786.5685,1786.6039,68437,80641,Rhinolophus ferrumequinum,0.022,0.022,-1,Echolocation,/mnt/ubna_data_02_mir/recover-20220922/UBNA_001/20220921_090000.WAV,Telephone Field,recover-20220922,001,1795
1786.6475,1786.6887,68437,82289,Rhinolophus ferrumequinum,0.024,0.024,-1,Echolocation,/mnt/ubna_data_02_mir/recover-20220922/UBNA_001/20220921_090000.WAV,Telephone Field,recover-20220922,001,1795
1786.6535,1786.6616,28046,37416,Eptesicus serotinus,0.008,0.023,-1,Echolocation,/mnt/ubna_data_02_mir/recover-20220922/UBNA_001/20220921_090000.WAV,Telephone Field,recover-20220922,001,1795
1786.7075,1786.7171,28046,37011,Eptesicus serotinus,0.01,0.023,-1,Echolocation,/mnt/ubna_data_02_mir/recover-20220922/UBNA_001/20220921_090000.WAV,Telephone Field,recover-20220922,001,1795
1786.7215,1786.7302,26328,39160,Eptesicus serotinus,0.008,0.023,-1,Echolocation,/mnt/ubna_data_02_mir/recover-20220922/UBNA_001/20220921_090000.WAV,Telephone Field,recover-20220922,001,1795
1786.7495,1786.7898,68437,82696,Rhinolophus ferrumequinum,0.025,0.025,-1,Echolocation,/mnt/ubna_data_02_mir/recover-20220922/UBNA_001/20220921_090000.WAV,Telephone Field,recover-20220922,001,1795
1786.7505,1786.7636,23750,29946,Nyctalus leisleri,0.012,0.031,-1,Echolocation,/mnt/ubna_data_02_mir/recover-20220922/UBNA_001/20220921_090000.WAV,Telephone Field,recover-20220922,001,1795
1786.7755,1786.8132,68437,81703,Rhinolophus ferrumequinum,0.022,0.022,-1,Echolocation,/mnt/ubna_data_02_mir/recover-20220922/UBNA_001/20220921_090000.WAV,Telephone Field,recover-20220922,001,1795
1786.7835,1786.7942,22890,28763,Nyctalus leisleri,0.011,0.025,-1,Echolocation,/mnt/ubna_data_02_mir/recover-20220922/UBNA_001/20220921_090000.WAV,Telephone Field,recover-20220922,001,1795
1786.9265,1786.9653,68437,81990,Rhinolophus ferrumequinum,0.022,0.022,-1,Echolocation,/mnt/ubna_data_02_mir/recover-20220922/UBNA_001/20220921_090000.WAV,Telephone Field,recover-20220922,001,1795
1786.9505,1786.9917,68437,82587,Rhinolophus ferrumequinum,0.026,0.026,-1,Echolocation,/mnt/ubna_data_02_mir/recover-20220922/UBNA_001/20220921_090000.WAV,Telephone Field,recover-20220922,001,1795
1786.9775,1786.9855,27187,37668,Eptesicus serotinus,0.008,0.024,-1,Echolocation,/mnt/ubna_data_02_mir/recover-20220922/UBNA_001/20220921_090000.WAV,Telephone Field,recover-20220922,001,1795
1786.9805,1787.0197,68437,82041,Rhinolophus ferrumequinum,0.031,0.031,-1,Echolocation,/mnt/ubna_data_02_mir/recover-20220922/UBNA_001/20220921_090000.WAV,Telephone Field,recover-20220922,001,1795
1787.0455,1787.0553,28046,36614,Eptesicus serotinus,0.009,0.022,-1,Echolocation,/mnt/ubna_data_02_mir/recover-20220922/UBNA_001/20220921_090000.WAV,Telephone Field,recover-20220922,001,1795
1787.0875,1787.1253,68437,81654,Rhinolophus ferrumequinum,0.026,0.026,-1,Echolocation,/mnt/ubna_data_02_mir/recover-20220922/UBNA_001/20220921_090000.WAV,Telephone Field,recover-20220922,001,1795
1787.0955,1787.1318,68437,81839,Rhinolophus ferrumequinum,0.024,0.025,-1,Echolocation,/mnt/ubna_data_02_mir/recover-20220922/UBNA_001/20220921_090000.WAV,Telephone Field,recover-20220922,001,1795
1787.1095,1787.1189,23750,31091,Nyctalus leisleri,0.007,0.025,-1,Echolocation,/mnt/ubna_data_02_mir/recover-20220922/UBNA_001/20220921_090000.WAV,Telephone Field,recover-20220922,001,1795
1787.1335,1787.1762,68437,83062,Rhinolophus ferrumequinum,0.025,0.025,-1,Echolocation,/mnt/ubna_data_02_mir/recover-20220922/UBNA_001/20220921_090000.WAV,Telephone Field,recover-20220922,001,1795
1787.1515,1787.1696,21171,24348,Nyctalus leisleri,0.013,0.021,-1,Echolocation,/mnt/ubna_data_02_mir/recover-20220922/UBNA_001/20220921_090000.WAV,Telephone Field,recover-20220922,001,1795
1787.1705,1787.2093,68437,82182,Rhinolophus ferrumequinum,0.034,0.034,-1,Echolocation,/mnt/ubna_data_02_mir/recover-20220922/UBNA_001/20220921_090000.WAV,Telephone Field,recover-20220922,001,1795
1787.2225,1787.262,68437,82070,Rhinolophus ferrumequinum,0.022,0.022,-1,Echolocation,/mnt/ubna_data_02_mir/recover-20220922/UBNA_001/20220921_090000.WAV,Telephone Field,recover-20220922,001,1795
1787.2455,1787.2571,23750,29431,Nyctalus leisleri,0.011,0.026,-1,Echolocation,/mnt/ubna_data_02_mir/recover-20220922/UBNA_001/20220921_090000.WAV,Telephone Field,recover-20220922,001,1795
1787.2715,1787.2804,26328,34592,Eptesicus serotinus,0.01,0.026,-1,Echolocation,/mnt/ubna_data_02_mir/recover-20220922/UBNA_001/20220921_090000.WAV,Telephone Field,recover-20220922,001,1795
1787.2835,1787.2922,28906,37045,Eptesicus serotinus,0.008,0.022,-1,Echolocation,/mnt/ubna_data_02_mir/recover-20220922/UBNA_001/20220921_090000.WAV,Telephone Field,recover-20220922,001,1795
1787.2915,1787.3303,68437,82499,Rhinolophus ferrumequinum,0.023,0.023,-1,Echolocation,/mnt/ubna_data_02_mir/recover-20220922/UBNA_001/20220921_090000.WAV,Telephone Field,recover-20220922,001,1795
1787.3005,1787.3391,68437,81952,Rhinolophus ferrumequinum,0.023,0.023,-1,Echolocation,/mnt/ubna_data_02_mir/recover-20220922/UBNA_001/20220921_090000.WAV,Telephone Field,recover-20220922,001,1795
1787.3065,1787.3172,24609,31569,Nyctalus leisleri,0.009,0.026,-1,Echolocation,/mnt/ubna_data_02_mir/recover-20220922/UBNA_001/20220921_090000.WAV,Telephone Field,recover-20220922,001,1795
1787.3165,1787.3253,28046,36444,Eptesicus serotinus,0.008,0.022,-1,Echolocation,/mnt/ubna_data_02_mir/recover-20220922/UBNA_001/20220921_090000.WAV,Telephone Field,recover-20220922,001,1795
1787.3375,1787.3784,68437,82803,Rhinolophus ferrumequinum,0.029,0.029,-1,Echolocation,/mnt/ubna_data_02_mir/recover-20220922/UBNA_001/20220921_090000.WAV,Telephone Field,recover-20220922,001,1795
1787.3755,1787.4153,68437,82501,Rhinolophus ferrumequinum,0.023,0.023,-1,Echolocation,/mnt/ubna_data_02_mir/recover-20220922/UBNA_001/20220921_090000.WAV,Telephone Field,recover-20220922,001,1795
1787.4005,1787.4385,68437,81392,Rhinolophus ferrumequinum,0.021,0.021,-1,Echolocation,/mnt/ubna_data_02_mir/recover-20220922/UBNA_001/20220921_090000.WAV,Telephone Field,recover-20220922,001,1795
1787.4415,1787.4519,23750,30196,Nyctalus leisleri,0.01,0.026,-1,Echolocation,/mnt/ubna_data_02_mir/recover-20220922/UBNA_001/20220921_090000.WAV,Telephone Field,recover-20220922,001,1795
1787.4735,1787.4833,28046,34819,Eptesicus serotinus,0.017,0.033,-1,Echolocation,/mnt/ubna_data_02_mir/recover-20220922/UBNA_001/20220921_090000.WAV,Telephone Field,recover-20220922,001,1795
1787.4825,1787.4913999999999,34921,42449,Myotis daubentonii,0.006,0.021,-1,Echolocation,/mnt/ubna_data_02_mir/recover-20220922/UBNA_001/20220921_090000.WAV,Telephone Field,recover-20220922,001,1795
1787.5235,1787.5445,19453,22592,Nyctalus noctula,0.037,0.068,-1,Echolocation,/mnt/ubna_data_02_mir/recover-20220922/UBNA_001/20220921_090000.WAV,Telephone Field,recover-20220922,001,1795
1787.5465,1787.5898,68437,83299,Rhinolophus ferrumequinum,0.031,0.031,-1,Echolocation,/mnt/ubna_data_02_mir/recover-20220922/UBNA_001/20220921_090000.WAV,Telephone Field,recover-20220922,001,1795
1787.5595,1787.5693,28046,36115,Eptesicus serotinus,0.009,0.023,-1,Echolocation,/mnt/ubna_data_02_mir/recover-20220922/UBNA_001/20220921_090000.WAV,Telephone Field,recover-20220922,001,1795
1787.5645,1787.575,22890,27967,Nyctalus leisleri,0.012,0.024,-1,Echolocation,/mnt/ubna_data_02_mir/recover-20220922/UBNA_001/20220921_090000.WAV,Telephone Field,recover-20220922,001,1795
1787.6775,1787.7185,68437,82623,Rhinolophus ferrumequinum,0.029,0.029,-1,Echolocation,/mnt/ubna_data_02_mir/recover-20220922/UBNA_001/20220921_090000.WAV,Telephone Field,recover-20220922,001,1795
1787.7115,1787.7192,27187,38693,Eptesicus serotinus,0.007,0.023,-1,Echolocation,/mnt/ubna_data_02_mir/recover-20220922/UBNA_001/20220921_090000.WAV,Telephone Field,recover-20220922,001,1795
1787.7115,1787.7472,68437,81783,Rhinolophus ferrumequinum,0.022,0.022,-1,Echolocation,/mnt/ubna_data_02_mir/recover-20220922/UBNA_001/20220921_090000.WAV,Telephone Field,recover-20220922,001,1795
1787.7225,1787.7611,68437,81921,Rhinolophus ferrumequinum,0.021,0.021,-1,Echolocation,/mnt/ubna_data_02_mir/recover-20220922/UBNA_001/20220921_090000.WAV,Telephone Field,recover-20220922,001,1795
1787.7625,1787.7730999999999,23750,29128,Nyctalus leisleri,0.011,0.024,-1,Echolocation,/mnt/ubna_data_02_mir/recover-20220922/UBNA_001/20220921_090000.WAV,Telephone Field,recover-20220922,001,1795
1787.7945,1787.8038999999999,28906,36764,Eptesicus serotinus,0.009,0.028,-1,Echolocation,/mnt/ubna_data_02_mir/recover-20220922/UBNA_001/20220921_090000.WAV,Telephone Field,recover-20220922,001,1795
1787.7975,1787.8352,68437,81844,Rhinolophus ferrumequinum,0.021,0.021,-1,Echolocation,/mnt/ubna_data_02_mir/recover-20220922/UBNA_001/20220921_090000.WAV,Telephone Field,recover-20220922,001,1795
1787.8565,1787.8961,68437,82061,Rhinolophus ferrumequinum,0.026,0.026,-1,Echolocation,/mnt/ubna_data_02_mir/recover-20220922/UBNA_001/20220921_090000.WAV,Telephone Field,recover-20220922,001,1795
1787.8615,1787.8789,21171,24394,Nyctalus leisleri,0.022,0.035,-1,Echolocation,/mnt/ubna_data_02_mir/recover-20220922/UBNA_001/20220921_090000.WAV,Telephone Field,recover-20220922,001,1795
1787.8815,1787.9192,68437,81420,Rhinolophus ferrumequinum,0.023,0.023,-1,Echolocation,/mnt/ubna_data_02_mir/recover-20220922/UBNA_001/20220921_090000.WAV,Telephone Field,recover-20220922,001,1795
1787.9105,1787.9178,27187,37050,Eptesicus serotinus,0.006,0.023,-1,Echolocation,/mnt/ubna_data_02_mir/recover-20220922/UBNA_001/20220921_090000.WAV,Telephone Field,recover-20220922,001,1795
1787.9435,1787.9819,68437,82149,Rhinolophus ferrumequinum,0.022,0.022,-1,Echolocation,/mnt/ubna_data_02_mir/recover-20220922/UBNA_001/20220921_090000.WAV,Telephone Field,recover-20220922,001,1795
1787.9645,1787.9728,27187,42553,Eptesicus serotinus,0.007,0.021,-1,Echolocation,/mnt/ubna_data_02_mir/recover-20220922/UBNA_001/20220921_090000.WAV,Telephone Field,recover-20220922,001,1795
1787.9705,1787.9781,23750,32357,Plecotus austriacus,0.008,0.021,-1,Echolocation,/mnt/ubna_data_02_mir/recover-20220922/UBNA_001/20220921_090000.WAV,Telephone Field,recover-20220922,001,1795
1787.9875,1787.9951,28906,38344,Eptesicus serotinus,0.008,0.026,-1,Echolocation,/mnt/ubna_data_02_mir/recover-20220922/UBNA_001/20220921_090000.WAV,Telephone Field,recover-20220922,001,1795
1788.0015,1788.0089,46953,52698,Pipistrellus pipistrellus,0.018,0.024,-1,Echolocation,/mnt/ubna_data_02_mir/recover-20220922/UBNA_001/20220921_090000.WAV,Telephone Field,recover-20220922,001,1795
1788.0015,1788.0369,69296,81436,Rhinolophus ferrumequinum,0.033,0.033,-1,Echolocation,/mnt/ubna_data_02_mir/recover-20220922/UBNA_001/20220921_090000.WAV,Telephone Field,recover-20220922,001,1795
1788.0015,1788.011,22031,27762,Nyctalus leisleri,0.008,0.022,-1,Echolocation,/mnt/ubna_data_02_mir/recover-20220922/UBNA_001/20220921_090000.WAV,Telephone Field,recover-20220922,001,1795
1788.0095,1788.0536,68437,82315,Rhinolophus ferrumequinum,0.022,0.022,-1,Echolocation,/mnt/ubna_data_02_mir/recover-20220922/UBNA_001/20220921_090000.WAV,Telephone Field,recover-20220922,001,1795
1788.0215,1788.0631,68437,82493,Rhinolophus ferrumequinum,0.022,0.022,-1,Echolocation,/mnt/ubna_data_02_mir/recover-20220922/UBNA_001/20220921_090000.WAV,Telephone Field,recover-20220922,001,1795
1788.0275,1788.0678,68437,82339,Rhinolophus ferrumequinum,0.022,0.022,-1,Echolocation,/mnt/ubna_data_02_mir/recover-20220922/UBNA_001/20220921_090000.WAV,Telephone Field,recover-20220922,001,1795
1788.0565,1788.0963,68437,82381,Rhinolophus ferrumequinum,0.022,0.022,-1,Echolocation,/mnt/ubna_data_02_mir/recover-20220922/UBNA_001/20220921_090000.WAV,Telephone Field,recover-20220922,001,1795
1788.0705,1788.0783,28046,39913,Eptesicus serotinus,0.008,0.022,-1,Echolocation,/mnt/ubna_data_02_mir/recover-20220922/UBNA_001/20220921_090000.WAV,Telephone Field,recover-20220922,001,1795
1788.0735,1788.08,22890,31906,Plecotus austriacus,0.011,0.024,-1,Echolocation,/mnt/ubna_data_02_mir/recover-20220922/UBNA_001/20220921_090000.WAV,Telephone Field,recover-20220922,001,1795
1788.0865,1788.1252,68437,82205,Rhinolophus ferrumequinum,0.027,0.027,-1,Echolocation,/mnt/ubna_data_02_mir/recover-20220922/UBNA_001/20220921_090000.WAV,Telephone Field,recover-20220922,001,1795
1788.0945,1788.105,28906,35941,Eptesicus serotinus,0.01,0.024,-1,Echolocation,/mnt/ubna_data_02_mir/recover-20220922/UBNA_001/20220921_090000.WAV,Telephone Field,recover-20220922,001,1795
1788.1095,1788.1181,26328,35269,Eptesicus serotinus,0.009,0.022,-1,Echolocation,/mnt/ubna_data_02_mir/recover-20220922/UBNA_001/20220921_090000.WAV,Telephone Field,recover-20220922,001,1795
1788.1225,1788.1623,68437,82189,Rhinolophus ferrumequinum,0.023,0.023,-1,Echolocation,/mnt/ubna_data_02_mir/recover-20220922/UBNA_001/20220921_090000.WAV,Telephone Field,recover-20220922,001,1795
1788.1355,1788.1519,16015,20186,Nyctalus noctula,0.023,0.033,-1,Echolocation,/mnt/ubna_data_02_mir/recover-20220922/UBNA_001/20220921_090000.WAV,Telephone Field,recover-20220922,001,1795
1788.1455,1788.1521,27187,40421,Eptesicus serotinus,0.008,0.034,-1,Echolocation,/mnt/ubna_data_02_mir/recover-20220922/UBNA_001/20220921_090000.WAV,Telephone Field,recover-20220922,001,1795
1788.1525,1788.1917,68437,82693,Rhinolophus ferrumequinum,0.027,0.027,-1,Echolocation,/mnt/ubna_data_02_mir/recover-20220922/UBNA_001/20220921_090000.WAV,Telephone Field,recover-20220922,001,1795
1788.1745,1788.2125,68437,81925,Rhinolophus ferrumequinum,0.021,0.021,-1,Echolocation,/mnt/ubna_data_02_mir/recover-20220922/UBNA_001/20220921_090000.WAV,Telephone Field,recover-20220922,001,1795
1788.1925,1788.2299,68437,82391,Rhinolophus ferrumequinum,0.026,0.026,-1,Echolocation,/mnt/ubna_data_02_mir/recover-20220922/UBNA_001/20220921_090000.WAV,Telephone Field,recover-20220922,001,1795
1788.2235,1788.2647,68437,82261,Rhinolophus ferrumequinum,0.032,0.032,-1,Echolocation,/mnt/ubna_data_02_mir/recover-20220922/UBNA_001/20220921_090000.WAV,Telephone Field,recover-20220922,001,1795
1788.2345,1788.2465,22890,27814,Nyctalus leisleri,0.013,0.025,-1,Echolocation,/mnt/ubna_data_02_mir/recover-20220922/UBNA_001/20220921_090000.WAV,Telephone Field,recover-20220922,001,1795
1788.2725,1788.2806,47812,56244,Pipistrellus pipistrellus,0.016,0.021,-1,Echolocation,/mnt/ubna_data_02_mir/recover-20220922/UBNA_001/20220921_090000.WAV,Telephone Field,recover-20220922,001,1795
1788.2855,1788.3258,68437,82502,Rhinolophus ferrumequinum,0.025,0.025,-1,Echolocation,/mnt/ubna_data_02_mir/recover-20220922/UBNA_001/20220921_090000.WAV,Telephone Field,recover-20220922,001,1795
1788.3225,1788.3605,68437,82185,Rhinolophus ferrumequinum,0.022,0.022,-1,Echolocation,/mnt/ubna_data_02_mir/recover-20220922/UBNA_001/20220921_090000.WAV,Telephone Field,recover-20220922,001,1795
1788.3665,1788.405,68437,82248,Rhinolophus ferrumequinum,0.021,0.021,-1,Echolocation,/mnt/ubna_data_02_mir/recover-20220922/UBNA_001/20220921_090000.WAV,Telephone Field,recover-20220922,001,1795
1788.4085,1788.4231,22031,27491,Nyctalus leisleri,0.012,0.029,-1,Echolocation,/mnt/ubna_data_02_mir/recover-20220922/UBNA_001/20220921_090000.WAV,Telephone Field,recover-20220922,001,1795
1788.4105,1788.4495,68437,81954,Rhinolophus ferrumequinum,0.021,0.021,-1,Echolocation,/mnt/ubna_data_02_mir/recover-20220922/UBNA_001/20220921_090000.WAV,Telephone Field,recover-20220922,001,1795
1788.4325,1788.4391,28046,38939,Eptesicus serotinus,0.005,0.021,-1,Echolocation,/mnt/ubna_data_02_mir/recover-20220922/UBNA_001/20220921_090000.WAV,Telephone Field,recover-20220922,001,1795
1788.4745,1788.4853,23750,30186,Nyctalus leisleri,0.009,0.024,-1,Echolocation,/mnt/ubna_data_02_mir/recover-20220922/UBNA_001/20220921_090000.WAV,Telephone Field,recover-20220922,001,1795
1788.4745,1788.5166,68437,82626,Rhinolophus ferrumequinum,0.026,0.026,-1,Echolocation,/mnt/ubna_data_02_mir/recover-20220922/UBNA_001/20220921_090000.WAV,Telephone Field,recover-20220922,001,1795
1788.4805,1788.4886,28906,38805,Eptesicus serotinus,0.008,0.024,-1,Echolocation,/mnt/ubna_data_02_mir/recover-20220922/UBNA_001/20220921_090000.WAV,Telephone Field,recover-20220922,001,1795
1788.5515,1788.5913,68437,82511,Rhinolophus ferrumequinum,0.024,0.024,-1,Echolocation,/mnt/ubna_data_02_mir/recover-20220922/UBNA_001/20220921_090000.WAV,Telephone Field,recover-20220922,001,1795
1788.5665,1788.604,68437,82217,Rhinolophus ferrumequinum,0.023,0.023,-1,Echolocation,/mnt/ubna_data_02_mir/recover-20220922/UBNA_001/20220921_090000.WAV,Telephone Field,recover-20220922,001,1795
1788.5865,1788.6263,68437,83006,Rhinolophus ferrumequinum,0.028,0.028,-1,Echolocation,/mnt/ubna_data_02_mir/recover-20220922/UBNA_001/20220921_090000.WAV,Telephone Field,recover-20220922,001,1795
1788.6255,1788.6638,68437,82335,Rhinolophus ferrumequinum,0.021,0.021,-1,Echolocation,/mnt/ubna_data_02_mir/recover-20220922/UBNA_001/20220921_090000.WAV,Telephone Field,recover-20220922,001,1795
1788.6545,1788.6932,68437,81482,Rhinolophus ferrumequinum,0.023,0.023,-1,Echolocation,/mnt/ubna_data_02_mir/recover-20220922/UBNA_001/20220921_090000.WAV,Telephone Field,recover-20220922,001,1795
1788.6985,1788.7047,37500,57607,Myotis mystacinus,0.007,0.023,-1,Echolocation,/mnt/ubna_data_02_mir/recover-20220922/UBNA_001/20220921_090000.WAV,Telephone Field,recover-20220922,001,1795
1788.6985,1788.7048,46953,54369,Pipistrellus pipistrellus,0.028,0.029,-1,Echolocation,/mnt/ubna_data_02_mir/recover-20220922/UBNA_001/20220921_090000.WAV,Telephone Field,recover-20220922,001,1795
1788.6995,1788.7395,68437,81884,Rhinolophus ferrumequinum,0.025,0.025,-1,Echolocation,/mnt/ubna_data_02_mir/recover-20220922/UBNA_001/20220921_090000.WAV,Telephone Field,recover-20220922,001,1795
1788.7235,1788.7332,28046,37978,Eptesicus serotinus,0.017,0.034,-1,Echolocation,/mnt/ubna_data_02_mir/recover-20220922/UBNA_001/20220921_090000.WAV,Telephone Field,recover-20220922,001,1795
1788.8075,1788.8189,24609,30883,Nyctalus leisleri,0.017,0.041,-1,Echolocation,/mnt/ubna_data_02_mir/recover-20220922/UBNA_001/20220921_090000.WAV,Telephone Field,recover-20220922,001,1795
1788.8255,1788.8651,68437,82655,Rhinolophus ferrumequinum,0.022,0.022,-1,Echolocation,/mnt/ubna_data_02_mir/recover-20220922/UBNA_001/20220921_090000.WAV,Telephone Field,recover-20220922,001,1795
1788.8405,1788.8472,15156,31629,Plecotus auritus,0.016,0.025,-1,Echolocation,/mnt/ubna_data_02_mir/recover-20220922/UBNA_001/20220921_090000.WAV,Telephone Field,recover-20220922,001,1795
1788.8405,1788.8494,27187,34609,Eptesicus serotinus,0.027,0.054,-1,Echolocation,/mnt/ubna_data_02_mir/recover-20220922/UBNA_001/20220921_090000.WAV,Telephone Field,recover-20220922,001,1795
1788.8965,1788.935,68437,82421,Rhinolophus ferrumequinum,0.023,0.023,-1,Echolocation,/mnt/ubna_data_02_mir/recover-20220922/UBNA_001/20220921_090000.WAV,Telephone Field,recover-20220922,001,1795
1788.9195,1788.9281,28046,38589,Eptesicus serotinus,0.008,0.022,-1,Echolocation,/mnt/ubna_data_02_mir/recover-20220922/UBNA_001/20220921_090000.WAV,Telephone Field,recover-20220922,001,1795
1788.9555,1788.9721,20312,23970,Nyctalus leisleri,0.012,0.025,-1,Echolocation,/mnt/ubna_data_02_mir/recover-20220922/UBNA_001/20220921_090000.WAV,Telephone Field,recover-20220922,001,1795
1788.9565,1788.9927,68437,81571,Rhinolophus ferrumequinum,0.021,0.021,-1,Echolocation,/mnt/ubna_data_02_mir/recover-20220922/UBNA_001/20220921_090000.WAV,Telephone Field,recover-20220922,001,1795
1788.9835,1788.9917,27187,38289,Eptesicus serotinus,0.008,0.022,-1,Echolocation,/mnt/ubna_data_02_mir/recover-20220922/UBNA_001/20220921_090000.WAV,Telephone Field,recover-20220922,001,1795
1789.0125,1789.0194,25468,38558,Myotis nattereri,0.005,0.022,-1,Echolocation,/mnt/ubna_data_02_mir/recover-20220922/UBNA_001/20220921_090000.WAV,Telephone Field,recover-20220922,001,1795
1789.0325,1789.0741,68437,83261,Rhinolophus ferrumequinum,0.027,0.027,-1,Echolocation,/mnt/ubna_data_02_mir/recover-20220922/UBNA_001/20220921_090000.WAV,Telephone Field,recover-20220922,001,1795
1789.0705,1789.1093,68437,82109,Rhinolophus ferrumequinum,0.026,0.026,-1,Echolocation,/mnt/ubna_data_02_mir/recover-20220922/UBNA_001/20220921_090000.WAV,Telephone Field,recover-20220922,001,1795
1789.0825,1789.1226,68437,82191,Rhinolophus ferrumequinum,0.026,0.026,-1,Echolocation,/mnt/ubna_data_02_mir/recover-20220922/UBNA_001/20220921_090000.WAV,Telephone Field,recover-20220922,001,1795
1789.0905,1789.1278,68437,81702,Rhinolophus ferrumequinum,0.021,0.021,-1,Echolocation,/mnt/ubna_data_02_mir/recover-20220922/UBNA_001/20220921_090000.WAV,Telephone Field,recover-20220922,001,1795
1789.1345,1789.1747,68437,82397,Rhinolophus ferrumequinum,0.021,0.021,-1,Echolocation,/mnt/ubna_data_02_mir/recover-20220922/UBNA_001/20220921_090000.WAV,Telephone Field,recover-20220922,001,1795
1789.1405,1789.1785,68437,82048,Rhinolophus ferrumequinum,0.021,0.021,-1,Echolocation,/mnt/ubna_data_02_mir/recover-20220922/UBNA_001/20220921_090000.WAV,Telephone Field,recover-20220922,001,1795
1789.1695,1789.1794,23750,30674,Nyctalus leisleri,0.008,0.023,-1,Echolocation,/mnt/ubna_data_02_mir/recover-20220922/UBNA_001/20220921_090000.WAV,Telephone Field,recover-20220922,001,1795
1789.1825,1789.1893,28906,38764,Eptesicus serotinus,0.006,0.021,-1,Echolocation,/mnt/ubna_data_02_mir/recover-20220922/UBNA_001/20220921_090000.WAV,Telephone Field,recover-20220922,001,1795
1789.2485,1789.258,28046,36560,Eptesicus serotinus,0.008,0.022,-1,Echolocation,/mnt/ubna_data_02_mir/recover-20220922/UBNA_001/20220921_090000.WAV,Telephone Field,recover-20220922,001,1795
1789.2515,1789.2928,68437,82802,Rhinolophus ferrumequinum,0.026,0.026,-1,Echolocation,/mnt/ubna_data_02_mir/recover-20220922/UBNA_001/20220921_090000.WAV,Telephone Field,recover-20220922,001,1795
1789.2675,1789.276,28046,36821,Eptesicus serotinus,0.013,0.029,-1,Echolocation,/mnt/ubna_data_02_mir/recover-20220922/UBNA_001/20220921_090000.WAV,Telephone Field,recover-20220922,001,1795
1789.2875,1789.325,68437,81912,Rhinolophus ferrumequinum,0.023,0.023,-1,Echolocation,/mnt/ubna_data_02_mir/recover-20220922/UBNA_001/20220921_090000.WAV,Telephone Field,recover-20220922,001,1795
1789.3225,1789.3302,23750,32663,Plecotus austriacus,0.008,0.022,-1,Echolocation,/mnt/ubna_data_02_mir/recover-20220922/UBNA_001/20220921_090000.WAV,Telephone Field,recover-20220922,001,1795
1789.3505,1789.3586,25468,34523,Eptesicus serotinus,0.007,0.022,-1,Echolocation,/mnt/ubna_data_02_mir/recover-20220922/UBNA_001/20220921_090000.WAV,Telephone Field,recover-20220922,001,1795
1789.3625,1789.4014,68437,81735,Rhinolophus ferrumequinum,0.023,0.023,-1,Echolocation,/mnt/ubna_data_02_mir/recover-20220922/UBNA_001/20220921_090000.WAV,Telephone Field,recover-20220922,001,1795
1789.3715,1789.4118,68437,82096,Rhinolophus ferrumequinum,0.025,0.025,-1,Echolocation,/mnt/ubna_data_02_mir/recover-20220922/UBNA_001/20220921_090000.WAV,Telephone Field,recover-20220922,001,1795
1789.4175,1789.4255,27187,37254,Eptesicus serotinus,0.008,0.025,-1,Echolocation,/mnt/ubna_data_02_mir/recover-20220922/UBNA_001/20220921_090000.WAV,Telephone Field,recover-20220922,001,1795
1789.4265,1789.4651,68437,82626,Rhinolophus ferrumequinum,0.026,0.026,-1,Echolocation,/mnt/ubna_data_02_mir/recover-20220922/UBNA_001/20220921_090000.WAV,Telephone Field,recover-20220922,001,1795
1789.4345,1789.473,68437,81947,Rhinolophus ferrumequinum,0.025,0.025,-1,Echolocation,/mnt/ubna_data_02_mir/recover-20220922/UBNA_001/20220921_090000.WAV,Telephone Field,recover-20220922,001,1795
1789.4355,1789.4455,23750,30554,Nyctalus leisleri,0.008,0.024,-1,Echolocation,/mnt/ubna_data_02_mir/recover-20220922/UBNA_001/20220921_090000.WAV,Telephone Field,recover-20220922,001,1795
1789.4995,1789.5399,68437,82135,Rhinolophus ferrumequinum,0.031,0.031,-1,Echolocation,/mnt/ubna_data_02_mir/recover-20220922/UBNA_001/20220921_090000.WAV,Telephone Field,recover-20220922,001,1795
1789.5125,1789.5214,28046,37411,Eptesicus serotinus,0.008,0.024,-1,Echolocation,/mnt/ubna_data_02_mir/recover-20220922/UBNA_001/20220921_090000.WAV,Telephone Field,recover-20220922,001,1795
1789.5205,1789.5293,28046,36704,Eptesicus serotinus,0.008,0.023,-1,Echolocation,/mnt/ubna_data_02_mir/recover-20220922/UBNA_001/20220921_090000.WAV,Telephone Field,recover-20220922,001,1795
1789.5255,1789.5689,68437,83671,Rhinolophus ferrumequinum,0.026,0.026,-1,Echolocation,/mnt/ubna_data_02_mir/recover-20220922/UBNA_001/20220921_090000.WAV,Telephone Field,recover-20220922,001,1795
1789.5375,1789.5783,68437,82934,Rhinolophus ferrumequinum,0.024,0.024,-1,Echolocation,/mnt/ubna_data_02_mir/recover-20220922/UBNA_001/20220921_090000.WAV,Telephone Field,recover-20220922,001,1795
1789.5485,1789.5559,23750,36366,Plecotus austriacus,0.007,0.022,-1,Echolocation,/mnt/ubna_data_02_mir/recover-20220922/UBNA_001/20220921_090000.WAV,Telephone Field,recover-20220922,001,1795
1789.5635,1789.5721,25468,32854,Eptesicus serotinus,0.008,0.022,-1,Echolocation,/mnt/ubna_data_02_mir/recover-20220922/UBNA_001/20220921_090000.WAV,Telephone Field,recover-20220922,001,1795
1789.5715,1789.6104,68437,82135,Rhinolophus ferrumequinum,0.023,0.023,-1,Echolocation,/mnt/ubna_data_02_mir/recover-20220922/UBNA_001/20220921_090000.WAV,Telephone Field,recover-20220922,001,1795
1789.5905,1789.6073,22031,25990,Nyctalus leisleri,0.029,0.057,-1,Echolocation,/mnt/ubna_data_02_mir/recover-20220922/UBNA_001/20220921_090000.WAV,Telephone Field,recover-20220922,001,1795
1789.6535,1789.6968,68437,83403,Rhinolophus ferrumequinum,0.034,0.034,-1,Echolocation,/mnt/ubna_data_02_mir/recover-20220922/UBNA_001/20220921_090000.WAV,Telephone Field,recover-20220922,001,1795
1789.6845,1789.6932,46953,51974,Pipistrellus pipistrellus,0.038,0.04,-1,Echolocation,/mnt/ubna_data_02_mir/recover-20220922/UBNA_001/20220921_090000.WAV,Telephone Field,recover-20220922,001,1795
1789.6955,1789.7028,23750,32202,Plecotus austriacus,0.012,0.026,-1,Echolocation,/mnt/ubna_data_02_mir/recover-20220922/UBNA_001/20220921_090000.WAV,Telephone Field,recover-20220922,001,1795
1789.7405,1789.7509,22890,28566,Nyctalus leisleri,0.009,0.022,-1,Echolocation,/mnt/ubna_data_02_mir/recover-20220922/UBNA_001/20220921_090000.WAV,Telephone Field,recover-20220922,001,1795
1789.7565,1789.7948,68437,81600,Rhinolophus ferrumequinum,0.021,0.021,-1,Echolocation,/mnt/ubna_data_02_mir/recover-20220922/UBNA_001/20220921_090000.WAV,Telephone Field,recover-20220922,001,1795
1789.7795,1789.7869,28046,36486,Eptesicus serotinus,0.008,0.024,-1,Echolocation,/mnt/ubna_data_02_mir/recover-20220922/UBNA_001/20220921_090000.WAV,Telephone Field,recover-20220922,001,1795
1789.8095,1789.8454,68437,81557,Rhinolophus ferrumequinum,0.022,0.022,-1,Echolocation,/mnt/ubna_data_02_mir/recover-20220922/UBNA_001/20220921_090000.WAV,Telephone Field,recover-20220922,001,1795
1789.8285,1789.8379,22890,30306,Plecotus austriacus,0.007,0.021,-1,Echolocation,/mnt/ubna_data_02_mir/recover-20220922/UBNA_001/20220921_090000.WAV,Telephone Field,recover-20220922,001,1795
1789.8555,1789.8949,68437,82040,Rhinolophus ferrumequinum,0.021,0.021,-1,Echolocation,/mnt/ubna_data_02_mir/recover-20220922/UBNA_001/20220921_090000.WAV,Telephone Field,recover-20220922,001,1795
1789.8685,1789.9069,68437,82315,Rhinolophus ferrumequinum,0.022,0.022,-1,Echolocation,/mnt/ubna_data_02_mir/recover-20220922/UBNA_001/20220921_090000.WAV,Telephone Field,recover-20220922,001,1795
1789.9035,1789.9394,68437,81704,Rhinolophus ferrumequinum,0.026,0.026,-1,Echolocation,/mnt/ubna_data_02_mir/recover-20220922/UBNA_001/20220921_090000.WAV,Telephone Field,recover-20220922,001,1795
1789.9145,1789.9563,68437,82727,Rhinolophus ferrumequinum,0.027,0.027,-1,Echolocation,/mnt/ubna_data_02_mir/recover-20220922/UBNA_001/20220921_090000.WAV,Telephone Field,recover-20220922,001,1795
1789.9395,1789.9787,68437,81698,Rhinolophus ferrumequinum,0.022,0.022,-1,Echolocation,/mnt/ubna_data_02_mir/recover-20220922/UBNA_001/20220921_090000.WAV,Telephone Field,recover-20220922,001,1795
1789.9445,1789.9848,68437,82275,Rhinolophus ferrumequinum,0.023,0.023,-1,Echolocation,/mnt/ubna_data_02_mir/recover-20220922/UBNA_001/20220921_090000.WAV,Telephone Field,recover-20220922,001,1795
1789.9505,1789.9906,68437,81770,Rhinolophus ferrumequinum,0.023,0.023,-1,Echolocation,/mnt/ubna_data_02_mir/recover-20220922/UBNA_001/20220921_090000.WAV,Telephone Field,recover-20220922,001,1795
1789.9765,1789.9864,48671,52700,Pipistrellus pipistrellus,0.024,0.027,-1,Echolocation,/mnt/ubna_data_02_mir/recover-20220922/UBNA_001/20220921_090000.WAV,Telephone Field,recover-20220922,001,1795
1790.0015,1790.0106,22890,28343,Nyctalus leisleri,0.016,0.036,-1,Echolocation,/mnt/ubna_data_02_mir/recover-20220922/UBNA_001/20220921_090000.WAV,Telephone Field,recover-20220922,001,1795
1790.0015,1790.0087,48671,56693,Pipistrellus pipistrellus,0.018,0.025,-1,Echolocation,/mnt/ubna_data_02_mir/recover-20220922/UBNA_001/20220921_090000.WAV,Telephone Field,recover-20220922,001,1795
1790.0015,1790.0312,68437,79015,Rhinolophus ferrumequinum,0.037,0.038,-1,Echolocation,/mnt/ubna_data_02_mir/recover-20220922/UBNA_001/20220921_090000.WAV,Telephone Field,recover-20220922,001,1795
1790.0075,1790.0425,67578,78984,Rhinolophus ferrumequinum,0.027,0.027,-1,Echolocation,/mnt/ubna_data_02_mir/recover-20220922/UBNA_001/20220921_090000.WAV,Telephone Field,recover-20220922,001,1795
1790.0305,1790.0391,25468,34232,Eptesicus serotinus,0.008,0.022,-1,Echolocation,/mnt/ubna_data_02_mir/recover-20220922/UBNA_001/20220921_090000.WAV,Telephone Field,recover-20220922,001,1795
1790.0325,1790.0715,68437,81812,Rhinolophus ferrumequinum,0.024,0.024,-1,Echolocation,/mnt/ubna_data_02_mir/recover-20220922/UBNA_001/20220921_090000.WAV,Telephone Field,recover-20220922,001,1795
1790.0555,1790.0633,28046,39202,Eptesicus serotinus,0.007,0.023,-1,Echolocation,/mnt/ubna_data_02_mir/recover-20220922/UBNA_001/20220921_090000.WAV,Telephone Field,recover-20220922,001,1795
1790.0655,1790.1088,68437,83368,Rhinolophus ferrumequinum,0.033,0.033,-1,Echolocation,/mnt/ubna_data_02_mir/recover-20220922/UBNA_001/20220921_090000.WAV,Telephone Field,recover-20220922,001,1795
1790.0785,1790.1175,68437,82160,Rhinolophus ferrumequinum,0.022,0.022,-1,Echolocation,/mnt/ubna_data_02_mir/recover-20220922/UBNA_001/20220921_090000.WAV,Telephone Field,recover-20220922,001,1795
1790.1075,1790.1477,68437,81967,Rhinolophus ferrumequinum,0.023,0.023,-1,Echolocation,/mnt/ubna_data_02_mir/recover-20220922/UBNA_001/20220921_090000.WAV,Telephone Field,recover-20220922,001,1795
1790.1245,1790.1308,46093,52217,Pipistrellus pipistrellus,0.225,0.231,-1,Echolocation,/mnt/ubna_data_02_mir/recover-20220922/UBNA_001/20220921_090000.WAV,Telephone Field,recover-20220922,001,1795
1790.1635,1790.2021,68437,82740,Rhinolophus ferrumequinum,0.027,0.027,-1,Echolocation,/mnt/ubna_data_02_mir/recover-20220922/UBNA_001/20220921_090000.WAV,Telephone Field,recover-20220922,001,1795
1790.1755,1790.1941,15156,20799,Nyctalus noctula,0.019,0.024,-1,Echolocation,/mnt/ubna_data_02_mir/recover-20220922/UBNA_001/20220921_090000.WAV,Telephone Field,recover-20220922,001,1795
1790.1885,1790.1971,25468,33521,Eptesicus serotinus,0.008,0.022,-1,Echolocation,/mnt/ubna_data_02_mir/recover-20220922/UBNA_001/20220921_090000.WAV,Telephone Field,recover-20220922,001,1795
1790.2115,1790.2519,68437,81403,Rhinolophus ferrumequinum,0.029,0.029,-1,Echolocation,/mnt/ubna_data_02_mir/recover-20220922/UBNA_001/20220921_090000.WAV,Telephone Field,recover-20220922,001,1795
1790.2255,1790.2356,22890,28178,Nyctalus leisleri,0.011,0.023,-1,Echolocation,/mnt/ubna_data_02_mir/recover-20220922/UBNA_001/20220921_090000.WAV,Telephone Field,recover-20220922,001,1795
1790.2745,1790.2823,28046,37606,Eptesicus serotinus,0.007,0.023,-1,Echolocation,/mnt/ubna_data_02_mir/recover-20220922/UBNA_001/20220921_090000.WAV,Telephone Field,recover-20220922,001,1795
1790.2955,1790.334,68437,82136,Rhinolophus ferrumequinum,0.022,0.022,-1,Echolocation,/mnt/ubna_data_02_mir/recover-20220922/UBNA_001/20220921_090000.WAV,Telephone Field,recover-20220922,001,1795
1790.3165,1790.3551,68437,81998,Rhinolophus ferrumequinum,0.024,0.024,-1,Echolocation,/mnt/ubna_data_02_mir/recover-20220922/UBNA_001/20220921_090000.WAV,Telephone Field,recover-20220922,001,1795
1790.3555,1790.3627,28906,39596,Eptesicus serotinus,0.007,0.027,-1,Echolocation,/mnt/ubna_data_02_mir/recover-20220922/UBNA_001/20220921_090000.WAV,Telephone Field,recover-20220922,001,1795
1790.3835,1790.3936,22890,28597,Nyctalus leisleri,0.009,0.023,-1,Echolocation,/mnt/ubna_data_02_mir/recover-20220922/UBNA_001/20220921_090000.WAV,Telephone Field,recover-20220922,001,1795
1790.4085,1790.449,68437,82311,Rhinolophus ferrumequinum,0.022,0.022,-1,Echolocation,/mnt/ubna_data_02_mir/recover-20220922/UBNA_001/20220921_090000.WAV,Telephone Field,recover-20220922,001,1795
1790.4205,1790.4611,68437,82558,Rhinolophus ferrumequinum,0.022,0.022,-1,Echolocation,/mnt/ubna_data_02_mir/recover-20220922/UBNA_001/20220921_090000.WAV,Telephone Field,recover-20220922,001,1795
1790.5035,1790.5495,68437,82980,Rhinolophus ferrumequinum,0.064,0.064,-1,Echolocation,/mnt/ubna_data_02_mir/recover-20220922/UBNA_001/20220921_090000.WAV,Telephone Field,recover-20220922,001,1795
1790.5435,1790.554,28906,36349,Eptesicus serotinus,0.01,0.023,-1,Echolocation,/mnt/ubna_data_02_mir/recover-20220922/UBNA_001/20220921_090000.WAV,Telephone Field,recover-20220922,001,1795
1790.5815,1790.6216,68437,82024,Rhinolophus ferrumequinum,0.023,0.023,-1,Echolocation,/mnt/ubna_data_02_mir/recover-20220922/UBNA_001/20220921_090000.WAV,Telephone Field,recover-20220922,001,1795
1790.6305,1790.6697,68437,82663,Rhinolophus ferrumequinum,0.023,0.023,-1,Echolocation,/mnt/ubna_data_02_mir/recover-20220922/UBNA_001/20220921_090000.WAV,Telephone Field,recover-20220922,001,1795
1790.7115,1790.7565,68437,83076,Rhinolophus ferrumequinum,0.036,0.036,-1,Echolocation,/mnt/ubna_data_02_mir/recover-20220922/UBNA_001/20220921_090000.WAV,Telephone Field,recover-20220922,001,1795
1790.7165,1790.7215,44375,59371,Myotis mystacinus,0.008,0.022,-1,Echolocation,/mnt/ubna_data_02_mir/recover-20220922/UBNA_001/20220921_090000.WAV,Telephone Field,recover-20220922,001,1795
1790.7365,1790.7463,22890,28130,Nyctalus leisleri,0.01,0.023,-1,Echolocation,/mnt/ubna_data_02_mir/recover-20220922/UBNA_001/20220921_090000.WAV,Telephone Field,recover-20220922,001,1795
1790.7425,1790.7837,68437,82747,Rhinolophus ferrumequinum,0.026,0.026,-1,Echolocation,/mnt/ubna_data_02_mir/recover-20220922/UBNA_001/20220921_090000.WAV,Telephone Field,recover-20220922,001,1795
1790.7555,1790.7751,19453,22873,Nyctalus noctula,0.014,0.029,-1,Echolocation,/mnt/ubna_data_02_mir/recover-20220922/UBNA_001/20220921_090000.WAV,Telephone Field,recover-20220922,001,1795
1790.8325,1790.8432,27187,34732,Eptesicus serotinus,0.014,0.027,-1,Echolocation,/mnt/ubna_data_02_mir/recover-20220922/UBNA_001/20220921_090000.WAV,Telephone Field,recover-20220922,001,1795
1790.8545,1790.8962,68437,82456,Rhinolophus ferrumequinum,0.024,0.024,-1,Echolocation,/mnt/ubna_data_02_mir/recover-20220922/UBNA_001/20220921_090000.WAV,Telephone Field,recover-20220922,001,1795
1790.8945,1790.9034,52968,57580,Pipistrellus pygmaeus,0.013,0.023,-1,Echolocation,/mnt/ubna_data_02_mir/recover-20220922/UBNA_001/20220921_090000.WAV,Telephone Field,recover-20220922,001,1795
1790.8995,1790.94,68437,82576,Rhinolophus ferrumequinum,0.024,0.024,-1,Echolocation,/mnt/ubna_data_02_mir/recover-20220922/UBNA_001/20220921_090000.WAV,Telephone Field,recover-20220922,001,1795
1790.9435,1790.9856,68437,81932,Rhinolophus ferrumequinum,0.024,0.024,-1,Echolocation,/mnt/ubna_data_02_mir/recover-20220922/UBNA_001/20220921_090000.WAV,Telephone Field,recover-20220922,001,1795
1790.9475,1790.9557,28046,40398,Eptesicus serotinus,0.008,0.024,-1,Echolocation,/mnt/ubna_data_02_mir/recover-20220922/UBNA_001/20220921_090000.WAV,Telephone Field,recover-20220922,001,1795
1790.9735,1790.9833,25468,32381,Eptesicus serotinus,0.01,0.026,-1,Echolocation,/mnt/ubna_data_02_mir/recover-20220922/UBNA_001/20220921_090000.WAV,Telephone Field,recover-20220922,001,1795
1790.9735,1791.0162,68437,83451,Rhinolophus ferrumequinum,0.024,0.024,-1,Echolocation,/mnt/ubna_data_02_mir/recover-20220922/UBNA_001/20220921_090000.WAV,Telephone Field,recover-20220922,001,1795
1790.9865,1790.9965,43515,47051,Pipistrellus pipistrellus,0.024,0.028,-1,Echolocation,/mnt/ubna_data_02_mir/recover-20220922/UBNA_001/20220921_090000.WAV,Telephone Field,recover-20220922,001,1795
1791.0025,1791.0404,68437,81676,Rhinolophus ferrumequinum,0.024,0.024,-1,Echolocation,/mnt/ubna_data_02_mir/recover-20220922/UBNA_001/20220921_090000.WAV,Telephone Field,recover-20220922,001,1795
1791.0125,1791.0516,68437,82425,Rhinolophus ferrumequinum,0.025,0.025,-1,Echolocation,/mnt/ubna_data_02_mir/recover-20220922/UBNA_001/20220921_090000.WAV,Telephone Field,recover-20220922,001,1795
1791.0525,1791.0935,68437,82400,Rhinolophus ferrumequinum,0.022,0.022,-1,Echolocation,/mnt/ubna_data_02_mir/recover-20220922/UBNA_001/20220921_090000.WAV,Telephone Field,recover-20220922,001,1795
1791.0545,1791.0613,48671,53262,Pipistrellus pipistrellus,0.028,0.03,-1,Echolocation,/mnt/ubna_data_02_mir/recover-20220922/UBNA_001/20220921_090000.WAV,Telephone Field,recover-20220922,001,1795
1791.0805,1791.0899,24609,32033,Eptesicus serotinus,0.008,0.022,-1,Echolocation,/mnt/ubna_data_02_mir/recover-20220922/UBNA_001/20220921_090000.WAV,Telephone Field,recover-20220922,001,1795
1791.0995,1791.107,28046,38588,Eptesicus serotinus,0.006,0.022,-1,Echolocation,/mnt/ubna_data_02_mir/recover-20220922/UBNA_001/20220921_090000.WAV,Telephone Field,recover-20220922,001,1795
1791.1445,1791.1548,22031,27978,Nyctalus leisleri,0.011,0.028,-1,Echolocation,/mnt/ubna_data_02_mir/recover-20220922/UBNA_001/20220921_090000.WAV,Telephone Field,recover-20220922,001,1795
1791.1455,1791.1878,68437,82198,Rhinolophus ferrumequinum,0.035,0.035,-1,Echolocation,/mnt/ubna_data_02_mir/recover-20220922/UBNA_001/20220921_090000.WAV,Telephone Field,recover-20220922,001,1795
1791.2315,1791.239,28046,38161,Eptesicus serotinus,0.007,0.024,-1,Echolocation,/mnt/ubna_data_02_mir/recover-20220922/UBNA_001/20220921_090000.WAV,Telephone Field,recover-20220922,001,1795
1791.2425,1791.249,45234,54629,Pipistrellus pipistrellus,0.219,0.229,-1,Echolocation,/mnt/ubna_data_02_mir/recover-20220922/UBNA_001/20220921_090000.WAV,Telephone Field,recover-20220922,001,1795
1791.2425,1791.2495,31484,59915,Myotis daubentonii,0.009,0.028,-1,Echolocation,/mnt/ubna_data_02_mir/recover-20220922/UBNA_001/20220921_090000.WAV,Telephone Field,recover-20220922,001,1795
1791.2565,1791.2948,68437,82052,Rhinolophus ferrumequinum,0.023,0.023,-1,Echolocation,/mnt/ubna_data_02_mir/recover-20220922/UBNA_001/20220921_090000.WAV,Telephone Field,recover-20220922,001,1795
1791.2925,1791.3302,68437,82362,Rhinolophus ferrumequinum,0.025,0.025,-1,Echolocation,/mnt/ubna_data_02_mir/recover-20220922/UBNA_001/20220921_090000.WAV,Telephone Field,recover-20220922,001,1795
1791.3205,1791.3642,68437,82911,Rhinolophus ferrumequinum,0.023,0.023,-1,Echolocation,/mnt/ubna_data_02_mir/recover-20220922/UBNA_001/20220921_090000.WAV,Telephone Field,recover-20220922,001,1795
1791.3315,1791.3382,44375,48965,Pipistrellus pipistrellus,0.022,0.025,-1,Echolocation,/mnt/ubna_data_02_mir/recover-20220922/UBNA_001/20220921_090000.WAV,Telephone Field,recover-20220922,001,1795
1791.3335,1791.3749,68437,82590,Rhinolophus ferrumequinum,0.023,0.023,-1,Echolocation,/mnt/ubna_data_02_mir/recover-20220922/UBNA_001/20220921_090000.WAV,Telephone Field,recover-20220922,001,1795
1791.3345,1791.3417,33203,44923,Myotis daubentonii,0.01,0.023,-1,Echolocation,/mnt/ubna_data_02_mir/recover-20220922/UBNA_001/20220921_090000.WAV,Telephone Field,recover-20220922,001,1795
1791.3415,1791.3555,22031,26270,Nyctalus leisleri,0.036,0.07,-1,Echolocation,/mnt/ubna_data_02_mir/recover-20220922/UBNA_001/20220921_090000.WAV,Telephone Field,recover-20220922,001,1795
1791.3655,1791.373,28046,38012,Eptesicus serotinus,0.006,0.022,-1,Echolocation,/mnt/ubna_data_02_mir/recover-20220922/UBNA_001/20220921_090000.WAV,Telephone Field,recover-20220922,001,1795
1791.4035,1791.4408,68437,81949,Rhinolophus ferrumequinum,0.023,0.023,-1,Echolocation,/mnt/ubna_data_02_mir/recover-20220922/UBNA_001/20220921_090000.WAV,Telephone Field,recover-20220922,001,1795
1791.4175,1791.424,46093,53772,Pipistrellus pipistrellus,0.021,0.025,-1,Echolocation,/mnt/ubna_data_02_mir/recover-20220922/UBNA_001/20220921_090000.WAV,Telephone Field,recover-20220922,001,1795
1791.4425,1791.4814,68437,82052,Rhinolophus ferrumequinum,0.023,0.023,-1,Echolocation,/mnt/ubna_data_02_mir/recover-20220922/UBNA_001/20220921_090000.WAV,Telephone Field,recover-20220922,001,1795
1791.4505,1791.4906,68437,81750,Rhinolophus ferrumequinum,0.023,0.023,-1,Echolocation,/mnt/ubna_data_02_mir/recover-20220922/UBNA_001/20220921_090000.WAV,Telephone Field,recover-20220922,001,1795
1791.4555,1791.465,28046,37340,Eptesicus serotinus,0.01,0.024,-1,Echolocation,/mnt/ubna_data_02_mir/recover-20220922/UBNA_001/20220921_090000.WAV,Telephone Field,recover-20220922,001,1795
1791.4875,1791.4944,24609,33785,Plecotus austriacus,0.009,0.025,-1,Echolocation,/mnt/ubna_data_02_mir/recover-20220922/UBNA_001/20220921_090000.WAV,Telephone Field,recover-20220922,001,1795
1791.5315,1791.5697,68437,81688,Rhinolophus ferrumequinum,0.026,0.026,-1,Echolocation,/mnt/ubna_data_02_mir/recover-20220922/UBNA_001/20220921_090000.WAV,Telephone Field,recover-20220922,001,1795
1791.5425,1791.5812,68437,81745,Rhinolophus ferrumequinum,0.023,0.023,-1,Echolocation,/mnt/ubna_data_02_mir/recover-20220922/UBNA_001/20220921_090000.WAV,Telephone Field,recover-20220922,001,1795
1791.5425,1791.5511,28046,38396,Eptesicus serotinus,0.011,0.028,-1,Echolocation,/mnt/ubna_data_02_mir/recover-20220922/UBNA_001/20220921_090000.WAV,Telephone Field,recover-20220922,001,1795
1791.5545,1791.5936,68437,81757,Rhinolophus ferrumequinum,0.022,0.022,-1,Echolocation,/mnt/ubna_data_02_mir/recover-20220922/UBNA_001/20220921_090000.WAV,Telephone Field,recover-20220922,001,1795
1791.5675,1791.6079,68437,82734,Rhinolophus ferrumequinum,0.023,0.023,-1,Echolocation,/mnt/ubna_data_02_mir/recover-20220922/UBNA_001/20220921_090000.WAV,Telephone Field,recover-20220922,001,1795
1791.5725,1791.5829,22890,27944,Nyctalus leisleri,0.012,0.023,-1,Echolocation,/mnt/ubna_data_02_mir/recover-20220922/UBNA_001/20220921_090000.WAV,Telephone Field,recover-20220922,001,1795
1791.5805,1791.6192,68437,82465,Rhinolophus ferrumequinum,0.024,0.024,-1,Echolocation,/mnt/ubna_data_02_mir/recover-20220922/UBNA_001/20220921_090000.WAV,Telephone Field,recover-20220922,001,1795
1791.5855,1791.5949,28906,35954,Eptesicus serotinus,0.011,0.027,-1,Echolocation,/mnt/ubna_data_02_mir/recover-20220922/UBNA_001/20220921_090000.WAV,Telephone Field,recover-20220922,001,1795
1791.5985,1791.6055,44375,53940,Pipistrellus pipistrellus,0.144,0.205,-1,Echolocation,/mnt/ubna_data_02_mir/recover-20220922/UBNA_001/20220921_090000.WAV,Telephone Field,recover-20220922,001,1795
1791.5995,1791.6051,33203,64610,Myotis brandtii,0.01,0.028,-1,Echolocation,/mnt/ubna_data_02_mir/recover-20220922/UBNA_001/20220921_090000.WAV,Telephone Field,recover-20220922,001,1795
1791.6105,1791.6231,38359,41699,Pipistrellus nathusii,0.014,0.025,-1,Echolocation,/mnt/ubna_data_02_mir/recover-20220922/UBNA_001/20220921_090000.WAV,Telephone Field,recover-20220922,001,1795
1791.6245,1791.6663,68437,82646,Rhinolophus ferrumequinum,0.025,0.025,-1,Echolocation,/mnt/ubna_data_02_mir/recover-20220922/UBNA_001/20220921_090000.WAV,Telephone Field,recover-20220922,001,1795
1791.6325,1791.6525,20312,22778,Nyctalus leisleri,0.032,0.054,-1,Echolocation,/mnt/ubna_data_02_mir/recover-20220922/UBNA_001/20220921_090000.WAV,Telephone Field,recover-20220922,001,1795
1791.6375,1791.6758,68437,81864,Rhinolophus ferrumequinum,0.023,0.023,-1,Echolocation,/mnt/ubna_data_02_mir/recover-20220922/UBNA_001/20220921_090000.WAV,Telephone Field,recover-20220922,001,1795
1791.6575,1791.6647,27187,36001,Eptesicus serotinus,0.007,0.024,-1,Echolocation,/mnt/ubna_data_02_mir/recover-20220922/UBNA_001/20220921_090000.WAV,Telephone Field,recover-20220922,001,1795
1791.6895,1791.6993,28906,36872,Eptesicus serotinus,0.009,0.023,-1,Echolocation,/mnt/ubna_data_02_mir/recover-20220922/UBNA_001/20220921_090000.WAV,Telephone Field,recover-20220922,001,1795
1791.7015,1791.7428,68437,82986,Rhinolophus ferrumequinum,0.026,0.026,-1,Echolocation,/mnt/ubna_data_02_mir/recover-20220922/UBNA_001/20220921_090000.WAV,Telephone Field,recover-20220922,001,1795
1791.7205,1791.7294,27187,41495,Eptesicus serotinus,0.008,0.023,-1,Echolocation,/mnt/ubna_data_02_mir/recover-20220922/UBNA_001/20220921_090000.WAV,Telephone Field,recover-20220922,001,1795
1791.7375,1791.7458,28046,39048,Eptesicus serotinus,0.008,0.024,-1,Echolocation,/mnt/ubna_data_02_mir/recover-20220922/UBNA_001/20220921_090000.WAV,Telephone Field,recover-20220922,001,1795
1791.7645,1791.8112,68437,83207,Rhinolophus ferrumequinum,0.046,0.046,-1,Echolocation,/mnt/ubna_data_02_mir/recover-20220922/UBNA_001/20220921_090000.WAV,Telephone Field,recover-20220922,001,1795
1791.8055,1791.813,28046,38458,Eptesicus serotinus,0.009,0.029,-1,Echolocation,/mnt/ubna_data_02_mir/recover-20220922/UBNA_001/20220921_090000.WAV,Telephone Field,recover-20220922,001,1795
1791.8095,1791.8487,68437,82098,Rhinolophus ferrumequinum,0.022,0.022,-1,Echolocation,/mnt/ubna_data_02_mir/recover-20220922/UBNA_001/20220921_090000.WAV,Telephone Field,recover-20220922,001,1795
1791.8865,1791.9255,68437,81639,Rhinolophus ferrumequinum,0.03,0.03,-1,Echolocation,/mnt/ubna_data_02_mir/recover-20220922/UBNA_001/20220921_090000.WAV,Telephone Field,recover-20220922,001,1795
1791.8915,1791.8984,28046,40392,Eptesicus serotinus,0.007,0.027,-1,Echolocation,/mnt/ubna_data_02_mir/recover-20220922/UBNA_001/20220921_090000.WAV,Telephone Field,recover-20220922,001,1795
1791.8995,1791.9413,68437,82673,Rhinolophus ferrumequinum,0.023,0.023,-1,Echolocation,/mnt/ubna_data_02_mir/recover-20220922/UBNA_001/20220921_090000.WAV,Telephone Field,recover-20220922,001,1795
1791.9135,1791.9559,68437,83241,Rhinolophus ferrumequinum,0.024,0.024,-1,Echolocation,/mnt/ubna_data_02_mir/recover-20220922/UBNA_001/20220921_090000.WAV,Telephone Field,recover-20220922,001,1795
1791.9315,1791.9423,22890,28312,Nyctalus leisleri,0.01,0.023,-1,Echolocation,/mnt/ubna_data_02_mir/recover-20220922/UBNA_001/20220921_090000.WAV,Telephone Field,recover-20220922,001,1795
1791.9325,1791.9699,68437,80943,Rhinolophus ferrumequinum,0.023,0.023,-1,Echolocation,/mnt/ubna_data_02_mir/recover-20220922/UBNA_001/20220921_090000.WAV,Telephone Field,recover-20220922,001,1795
1792.0015,1792.01,22031,27592,Nyctalus leisleri,0.01,0.026,-1,Echolocation,/mnt/ubna_data_02_mir/recover-20220922/UBNA_001/20220921_090000.WAV,Telephone Field,recover-20220922,001,1795
1792.0015,1792.0103,47812,53811,Pipistrellus pipistrellus,0.031,0.036,-1,Echolocation,/mnt/ubna_data_02_mir/recover-20220922/UBNA_001/20220921_090000.WAV,Telephone Field,recover-20220922,001,1795
1792.0015,1792.0317,68437,80223,Rhinolophus ferrumequinum,0.033,0.034,-1,Echolocation,/mnt/ubna_data_02_mir/recover-20220922/UBNA_001/20220921_090000.WAV,Telephone Field,recover-20220922,001,1795
1792.0345,1792.047,35781,40746,Pipistrellus nathusii,0.026,0.05,-1,Echolocation,/mnt/ubna_data_02_mir/recover-20220922/UBNA_001/20220921_090000.WAV,Telephone Field,recover-20220922,001,1795
1792.0775,1792.0835,38359,57220,Myotis daubentonii,0.006,0.022,-1,Echolocation,/mnt/ubna_data_02_mir/recover-20220922/UBNA_001/20220921_090000.WAV,Telephone Field,recover-20220922,001,1795
1792.0835,1792.0904,28046,39259,Eptesicus serotinus,0.007,0.024,-1,Echolocation,/mnt/ubna_data_02_mir/recover-20220922/UBNA_001/20220921_090000.WAV,Telephone Field,recover-20220922,001,1795
1792.0855,1792.0942,23750,30957,Plecotus austriacus,0.008,0.024,-1,Echolocation,/mnt/ubna_data_02_mir/recover-20220922/UBNA_001/20220921_090000.WAV,Telephone Field,recover-20220922,001,1795
1792.0875,1792.125,68437,81562,Rhinolophus ferrumequinum,0.022,0.022,-1,Echolocation,/mnt/ubna_data_02_mir/recover-20220922/UBNA_001/20220921_090000.WAV,Telephone Field,recover-20220922,001,1795
1792.0965,1792.1368,68437,82651,Rhinolophus ferrumequinum,0.022,0.022,-1,Echolocation,/mnt/ubna_data_02_mir/recover-20220922/UBNA_001/20220921_090000.WAV,Telephone Field,recover-20220922,001,1795
1792.1035,1792.1405,68437,82147,Rhinolophus ferrumequinum,0.021,0.021,-1,Echolocation,/mnt/ubna_data_02_mir/recover-20220922/UBNA_001/20220921_090000.WAV,Telephone Field,recover-20220922,001,1795
1792.1495,1792.1857,68437,81450,Rhinolophus ferrumequinum,0.022,0.022,-1,Echolocation,/mnt/ubna_data_02_mir/recover-20220922/UBNA_001/20220921_090000.WAV,Telephone Field,recover-20220922,001,1795
1792.1655,1792.1755,24609,32642,Eptesicus serotinus,0.009,0.024,-1,Echolocation,/mnt/ubna_data_02_mir/recover-20220922/UBNA_001/20220921_090000.WAV,Telephone Field,recover-20220922,001,1795
1792.1865,1792.226,68437,82039,Rhinolophus ferrumequinum,0.022,0.022,-1,Echolocation,/mnt/ubna_data_02_mir/recover-20220922/UBNA_001/20220921_090000.WAV,Telephone Field,recover-20220922,001,1795
1792.2515,1792.2923,68437,82645,Rhinolophus ferrumequinum,0.023,0.023,-1,Echolocation,/mnt/ubna_data_02_mir/recover-20220922/UBNA_001/20220921_090000.WAV,Telephone Field,recover-20220922,001,1795
1792.2695,1792.3111,68437,82841,Rhinolophus ferrumequinum,0.021,0.021,-1,Echolocation,/mnt/ubna_data_02_mir/recover-20220922/UBNA_001/20220921_090000.WAV,Telephone Field,recover-20220922,001,1795
1792.2715,1792.2797,28046,39553,Eptesicus serotinus,0.01,0.026,-1,Echolocation,/mnt/ubna_data_02_mir/recover-20220922/UBNA_001/20220921_090000.WAV,Telephone Field,recover-20220922,001,1795
1792.3045,1792.3414,68437,81799,Rhinolophus ferrumequinum,0.024,0.024,-1,Echolocation,/mnt/ubna_data_02_mir/recover-20220922/UBNA_001/20220921_090000.WAV,Telephone Field,recover-20220922,001,1795
1792.3075,1792.3164,28046,37561,Eptesicus serotinus,0.008,0.022,-1,Echolocation,/mnt/ubna_data_02_mir/recover-20220922/UBNA_001/20220921_090000.WAV,Telephone Field,recover-20220922,001,1795
1792.3255,1792.3631,68437,81930,Rhinolophus ferrumequinum,0.022,0.022,-1,Echolocation,/mnt/ubna_data_02_mir/recover-20220922/UBNA_001/20220921_090000.WAV,Telephone Field,recover-20220922,001,1795
1792.3465,1792.3859,68437,81771,Rhinolophus ferrumequinum,0.021,0.021,-1,Echolocation,/mnt/ubna_data_02_mir/recover-20220922/UBNA_001/20220921_090000.WAV,Telephone Field,recover-20220922,001,1795
1792.3515,1792.36,45234,53145,Pipistrellus pipistrellus,0.013,0.021,-1,Echolocation,/mnt/ubna_data_02_mir/recover-20220922/UBNA_001/20220921_090000.WAV,Telephone Field,recover-20220922,001,1795
1792.3905,1792.4028,22031,26283,Nyctalus leisleri,0.014,0.025,-1,Echolocation,/mnt/ubna_data_02_mir/recover-20220922/UBNA_001/20220921_090000.WAV,Telephone Field,recover-20220922,001,1795
1792.4045,1792.441,68437,81962,Rhinolophus ferrumequinum,0.021,0.021,-1,Echolocation,/mnt/ubna_data_02_mir/recover-20220922/UBNA_001/20220921_090000.WAV,Telephone Field,recover-20220922,001,1795
1792.4295,1792.4671,68437,82005,Rhinolophus ferrumequinum,0.021,0.021,-1,Echolocation,/mnt/ubna_data_02_mir/recover-20220922/UBNA_001/20220921_090000.WAV,Telephone Field,recover-20220922,001,1795
1792.4345,1792.4441,22890,30269,Nyctalus leisleri,0.007,0.022,-1,Echolocation,/mnt/ubna_data_02_mir/recover-20220922/UBNA_001/20220921_090000.WAV,Telephone Field,recover-20220922,001,1795
1792.4675,1792.4782,25468,31079,Eptesicus serotinus,0.008,0.021,-1,Echolocation,/mnt/ubna_data_02_mir/recover-20220922/UBNA_001/20220921_090000.WAV,Telephone Field,recover-20220922,001,1795
1792.4805,1792.519,68437,82154,Rhinolophus ferrumequinum,0.023,0.023,-1,Echolocation,/mnt/ubna_data_02_mir/recover-20220922/UBNA_001/20220921_090000.WAV,Telephone Field,recover-20220922,001,1795
1792.4895,1792.5272,68437,81925,Rhinolophus ferrumequinum,0.022,0.022,-1,Echolocation,/mnt/ubna_data_02_mir/recover-20220922/UBNA_001/20220921_090000.WAV,Telephone Field,recover-20220922,001,1795
1792.5025,1792.5114,28046,36545,Eptesicus serotinus,0.009,0.024,-1,Echolocation,/mnt/ubna_data_02_mir/recover-20220922/UBNA_001/20220921_090000.WAV,Telephone Field,recover-20220922,001,1795
1792.5125,1792.5204,50390,56107,Pipistrellus pipistrellus,0.024,0.028,-1,Echolocation,/mnt/ubna_data_02_mir/recover-20220922/UBNA_001/20220921_090000.WAV,Telephone Field,recover-20220922,001,1795
1792.5605,1792.5954,68437,80966,Rhinolophus ferrumequinum,0.022,0.022,-1,Echolocation,/mnt/ubna_data_02_mir/recover-20220922/UBNA_001/20220921_090000.WAV,Telephone Field,recover-20220922,001,1795
1792.5965,1792.6333,68437,81666,Rhinolophus ferrumequinum,0.021,0.022,-1,Echolocation,/mnt/ubna_data_02_mir/recover-20220922/UBNA_001/20220921_090000.WAV,Telephone Field,recover-20220922,001,1795
1792.6165,1792.6587,68437,82864,Rhinolophus ferrumequinum,0.021,0.021,-1,Echolocation,/mnt/ubna_data_02_mir/recover-20220922/UBNA_001/20220921_090000.WAV,Telephone Field,recover-20220922,001,1795
1792.6475,1792.6889,68437,82856,Rhinolophus ferrumequinum,0.021,0.022,-1,Echolocation,/mnt/ubna_data_02_mir/recover-20220922/UBNA_001/20220921_090000.WAV,Telephone Field,recover-20220922,001,1795
1792.6525,1792.6618,28046,36760,Eptesicus serotinus,0.008,0.021,-1,Echolocation,/mnt/ubna_data_02_mir/recover-20220922/UBNA_001/20220921_090000.WAV,Telephone Field,recover-20220922,001,1795
1792.6555,1792.6663,23750,29276,Nyctalus leisleri,0.009,0.021,-1,Echolocation,/mnt/ubna_data_02_mir/recover-20220922/UBNA_001/20220921_090000.WAV,Telephone Field,recover-20220922,001,1795
1792.6945,1792.7334,68437,82019,Rhinolophus ferrumequinum,0.022,0.022,-1,Echolocation,/mnt/ubna_data_02_mir/recover-20220922/UBNA_001/20220921_090000.WAV,Telephone Field,recover-20220922,001,1795
1792.7155,1792.7562,68437,82587,Rhinolophus ferrumequinum,0.024,0.024,-1,Echolocation,/mnt/ubna_data_02_mir/recover-20220922/UBNA_001/20220921_090000.WAV,Telephone Field,recover-20220922,001,1795
1792.7425,1792.7835,68437,82605,Rhinolophus ferrumequinum,0.029,0.029,-1,Echolocation,/mnt/ubna_data_02_mir/recover-20220922/UBNA_001/20220921_090000.WAV,Telephone Field,recover-20220922,001,1795
1792.7665,1792.8052,68437,82672,Rhinolophus ferrumequinum,0.026,0.026,-1,Echolocation,/mnt/ubna_data_02_mir/recover-20220922/UBNA_001/20220921_090000.WAV,Telephone Field,recover-20220922,001,1795
1792.7675,1792.7754,22890,31142,Plecotus austriacus,0.019,0.033,-1,Echolocation,/mnt/ubna_data_02_mir/recover-20220922/UBNA_001/20220921_090000.WAV,Telephone Field,recover-20220922,001,1795
1792.7925,1792.8021,29765,39153,Eptesicus serotinus,0.011,0.03,-1,Echolocation,/mnt/ubna_data_02_mir/recover-20220922/UBNA_001/20220921_090000.WAV,Telephone Field,recover-20220922,001,1795
1792.8445,1792.8862,68437,82653,Rhinolophus ferrumequinum,0.03,0.03,-1,Echolocation,/mnt/ubna_data_02_mir/recover-20220922/UBNA_001/20220921_090000.WAV,Telephone Field,recover-20220922,001,1795
1792.8895,1792.9027,38359,41987,Pipistrellus nathusii,0.019,0.029,-1,Echolocation,/mnt/ubna_data_02_mir/recover-20220922/UBNA_001/20220921_090000.WAV,Telephone Field,recover-20220922,001,1795
1792.9095,1792.9179,22890,30263,Plecotus austriacus,0.009,0.023,-1,Echolocation,/mnt/ubna_data_02_mir/recover-20220922/UBNA_001/20220921_090000.WAV,Telephone Field,recover-20220922,001,1795
1792.9165,1792.9543,68437,81996,Rhinolophus ferrumequinum,0.022,0.022,-1,Echolocation,/mnt/ubna_data_02_mir/recover-20220922/UBNA_001/20220921_090000.WAV,Telephone Field,recover-20220922,001,1795
1792.9375,1792.979,68437,83020,Rhinolophus ferrumequinum,0.03,0.03,-1,Echolocation,/mnt/ubna_data_02_mir/recover-20220922/UBNA_001/20220921_090000.WAV,Telephone Field,recover-20220922,001,1795
1792.9715,1793.0089,68437,81912,Rhinolophus ferrumequinum,0.023,0.023,-1,Echolocation,/mnt/ubna_data_02_mir/recover-20220922/UBNA_001/20220921_090000.WAV,Telephone Field,recover-20220922,001,1795
1792.9775,1793.0124,68437,81683,Rhinolophus ferrumequinum,0.024,0.024,-1,Echolocation,/mnt/ubna_data_02_mir/recover-20220922/UBNA_001/20220921_090000.WAV,Telephone Field,recover-20220922,001,1795
1792.9865,1793.0279,68437,82302,Rhinolophus ferrumequinum,0.023,0.023,-1,Echolocation,/mnt/ubna_data_02_mir/recover-20220922/UBNA_001/20220921_090000.WAV,Telephone Field,recover-20220922,001,1795
1792.9925,1793.0001,28046,39250,Eptesicus serotinus,0.006,0.021,-1,Echolocation,/mnt/ubna_data_02_mir/recover-20220922/UBNA_001/20220921_090000.WAV,Telephone Field,recover-20220922,001,1795
1793.0075,1793.0486,68437,82476,Rhinolophus ferrumequinum,0.022,0.022,-1,Echolocation,/mnt/ubna_data_02_mir/recover-20220922/UBNA_001/20220921_090000.WAV,Telephone Field,recover-20220922,001,1795
1793.0145,1793.0230999999999,28046,38452,Eptesicus serotinus,0.009,0.026,-1,Echolocation,/mnt/ubna_data_02_mir/recover-20220922/UBNA_001/20220921_090000.WAV,Telephone Field,recover-20220922,001,1795
1793.0325,1793.0723,68437,82423,Rhinolophus ferrumequinum,0.021,0.021,-1,Echolocation,/mnt/ubna_data_02_mir/recover-20220922/UBNA_001/20220921_090000.WAV,Telephone Field,recover-20220922,001,1795
1793.0655,1793.0754,28046,35897,Eptesicus serotinus,0.008,0.022,-1,Echolocation,/mnt/ubna_data_02_mir/recover-20220922/UBNA_001/20220921_090000.WAV,Telephone Field,recover-20220922,001,1795
1793.0685,1793.1064,68437,82701,Rhinolophus ferrumequinum,0.023,0.023,-1,Echolocation,/mnt/ubna_data_02_mir/recover-20220922/UBNA_001/20220921_090000.WAV,Telephone Field,recover-20220922,001,1795
1793.0695,1793.0779,50390,55128,Pipistrellus pipistrellus,0.021,0.026,-1,Echolocation,/mnt/ubna_data_02_mir/recover-20220922/UBNA_001/20220921_090000.WAV,Telephone Field,recover-20220922,001,1795
1793.0965,1793.1395,68437,83376,Rhinolophus ferrumequinum,0.033,0.033,-1,Echolocation,/mnt/ubna_data_02_mir/recover-20220922/UBNA_001/20220921_090000.WAV,Telephone Field,recover-20220922,001,1795
1793.0995,1793.1082,27187,36829,Eptesicus serotinus,0.009,0.023,-1,Echolocation,/mnt/ubna_data_02_mir/recover-20220922/UBNA_001/20220921_090000.WAV,Telephone Field,recover-20220922,001,1795
1793.1635,1793.1714,27187,37030,Eptesicus serotinus,0.006,0.022,-1,Echolocation,/mnt/ubna_data_02_mir/recover-20220922/UBNA_001/20220921_090000.WAV,Telephone Field,recover-20220922,001,1795
1793.1925,1793.2018,23750,30167,Nyctalus leisleri,0.009,0.023,-1,Echolocation,/mnt/ubna_data_02_mir/recover-20220922/UBNA_001/20220921_090000.WAV,Telephone Field,recover-20220922,001,1795
1793.2295,1793.2397,24609,31512,Eptesicus serotinus,0.019,0.053,-1,Echolocation,/mnt/ubna_data_02_mir/recover-20220922/UBNA_001/20220921_090000.WAV,Telephone Field,recover-20220922,001,1795
1793.2995,1793.3083,23750,31068,Nyctalus leisleri,0.006,0.021,-1,Echolocation,/mnt/ubna_data_02_mir/recover-20220922/UBNA_001/20220921_090000.WAV,Telephone Field,recover-20220922,001,1795
1793.3125,1793.3503,68437,81976,Rhinolophus ferrumequinum,0.023,0.023,-1,Echolocation,/mnt/ubna_data_02_mir/recover-20220922/UBNA_001/20220921_090000.WAV,Telephone Field,recover-20220922,001,1795
1793.3515,1793.3897,68437,82378,Rhinolophus ferrumequinum,0.022,0.022,-1,Echolocation,/mnt/ubna_data_02_mir/recover-20220922/UBNA_001/20220921_090000.WAV,Telephone Field,recover-20220922,001,1795
1793.3515,1793.3596,27187,38577,Eptesicus serotinus,0.007,0.022,-1,Echolocation,/mnt/ubna_data_02_mir/recover-20220922/UBNA_001/20220921_090000.WAV,Telephone Field,recover-20220922,001,1795
1793.3625,1793.4026,68437,82279,Rhinolophus ferrumequinum,0.021,0.022,-1,Echolocation,/mnt/ubna_data_02_mir/recover-20220922/UBNA_001/20220921_090000.WAV,Telephone Field,recover-20220922,001,1795
1793.3635,1793.3706,28046,37424,Eptesicus serotinus,0.007,0.024,-1,Echolocation,/mnt/ubna_data_02_mir/recover-20220922/UBNA_001/20220921_090000.WAV,Telephone Field,recover-20220922,001,1795
1793.3785,1793.3849,27187,37015,Eptesicus serotinus,0.005,0.021,-1,Echolocation,/mnt/ubna_data_02_mir/recover-20220922/UBNA_001/20220921_090000.WAV,Telephone Field,recover-20220922,001,1795
1793.4125,1793.4526,68437,82449,Rhinolophus ferrumequinum,0.022,0.022,-1,Echolocation,/mnt/ubna_data_02_mir/recover-20220922/UBNA_001/20220921_090000.WAV,Telephone Field,recover-20220922,001,1795
1793.4125,1793.4242,33203,38021,Pipistrellus nathusii,0.005,0.023,-1,Echolocation,/mnt/ubna_data_02_mir/recover-20220922/UBNA_001/20220921_090000.WAV,Telephone Field,recover-20220922,001,1795
1793.4455,1793.456,23750,30597,Nyctalus leisleri,0.011,0.03,-1,Echolocation,/mnt/ubna_data_02_mir/recover-20220922/UBNA_001/20220921_090000.WAV,Telephone Field,recover-20220922,001,1795
1793.4615,1793.498,68437,81897,Rhinolophus ferrumequinum,0.025,0.025,-1,Echolocation,/mnt/ubna_data_02_mir/recover-20220922/UBNA_001/20220921_090000.WAV,Telephone Field,recover-20220922,001,1795
1793.5045,1793.5159,22031,25899,Nyctalus leisleri,0.013,0.023,-1,Echolocation,/mnt/ubna_data_02_mir/recover-20220922/UBNA_001/20220921_090000.WAV,Telephone Field,recover-20220922,001,1795
1793.5095,1793.53,18593,21038,Nyctalus leisleri,0.012,0.023,-1,Echolocation,/mnt/ubna_data_02_mir/recover-20220922/UBNA_001/20220921_090000.WAV,Telephone Field,recover-20220922,001,1795
1793.5165,1793.5584,68437,83372,Rhinolophus ferrumequinum,0.026,0.026,-1,Echolocation,/mnt/ubna_data_02_mir/recover-20220922/UBNA_001/20220921_090000.WAV,Telephone Field,recover-20220922,001,1795
1793.5245,1793.5648,68437,82740,Rhinolophus ferrumequinum,0.022,0.022,-1,Echolocation,/mnt/ubna_data_02_mir/recover-20220922/UBNA_001/20220921_090000.WAV,Telephone Field,recover-20220922,001,1795
1793.5375,1793.548,44375,51002,Pipistrellus pipistrellus,0.02,0.025,-1,Echolocation,/mnt/ubna_data_02_mir/recover-20220922/UBNA_001/20220921_090000.WAV,Telephone Field,recover-20220922,001,1795
1793.5515,1793.591,68437,82682,Rhinolophus ferrumequinum,0.021,0.021,-1,Echolocation,/mnt/ubna_data_02_mir/recover-20220922/UBNA_001/20220921_090000.WAV,Telephone Field,recover-20220922,001,1795
1793.5555,1793.566,22031,27594,Nyctalus leisleri,0.01,0.025,-1,Echolocation,/mnt/ubna_data_02_mir/recover-20220922/UBNA_001/20220921_090000.WAV,Telephone Field,recover-20220922,001,1795
1793.5625,1793.6005,68437,81823,Rhinolophus ferrumequinum,0.021,0.021,-1,Echolocation,/mnt/ubna_data_02_mir/recover-20220922/UBNA_001/20220921_090000.WAV,Telephone Field,recover-20220922,001,1795
1793.5885,1793.6255,68437,80937,Rhinolophus ferrumequinum,0.022,0.022,-1,Echolocation,/mnt/ubna_data_02_mir/recover-20220922/UBNA_001/20220921_090000.WAV,Telephone Field,recover-20220922,001,1795
1793.6075,1793.6173,22890,29184,Nyctalus leisleri,0.008,0.023,-1,Echolocation,/mnt/ubna_data_02_mir/recover-20220922/UBNA_001/20220921_090000.WAV,Telephone Field,recover-20220922,001,1795
1793.6215,1793.6596,68437,82178,Rhinolophus ferrumequinum,0.024,0.024,-1,Echolocation,/mnt/ubna_data_02_mir/recover-20220922/UBNA_001/20220921_090000.WAV,Telephone Field,recover-20220922,001,1795
1793.6305,1793.671,68437,82457,Rhinolophus ferrumequinum,0.027,0.027,-1,Echolocation,/mnt/ubna_data_02_mir/recover-20220922/UBNA_001/20220921_090000.WAV,Telephone Field,recover-20220922,001,1795
1793.6365,1793.649,24609,30714,Nyctalus leisleri,0.022,0.051,-1,Echolocation,/mnt/ubna_data_02_mir/recover-20220922/UBNA_001/20220921_090000.WAV,Telephone Field,recover-20220922,001,1795
1793.6635,1793.704,68437,81916,Rhinolophus ferrumequinum,0.034,0.034,-1,Echolocation,/mnt/ubna_data_02_mir/recover-20220922/UBNA_001/20220921_090000.WAV,Telephone Field,recover-20220922,001,1795
1793.6905,1793.6995,28906,37929,Eptesicus serotinus,0.009,0.025,-1,Echolocation,/mnt/ubna_data_02_mir/recover-20220922/UBNA_001/20220921_090000.WAV,Telephone Field,recover-20220922,001,1795
1793.7265,1793.7636,68437,81288,Rhinolophus ferrumequinum,0.023,0.023,-1,Echolocation,/mnt/ubna_data_02_mir/recover-20220922/UBNA_001/20220921_090000.WAV,Telephone Field,recover-20220922,001,1795
1793.7285,1793.7375,51250,55939,Pipistrellus pipistrellus,0.021,0.027,-1,Echolocation,/mnt/ubna_data_02_mir/recover-20220922/UBNA_001/20220921_090000.WAV,Telephone Field,recover-20220922,001,1795
1793.7375,1793.7756,68437,82394,Rhinolophus ferrumequinum,0.028,0.028,-1,Echolocation,/mnt/ubna_data_02_mir/recover-20220922/UBNA_001/20220921_090000.WAV,Telephone Field,recover-20220922,001,1795
1793.7445,1793.7513,27187,38917,Eptesicus serotinus,0.007,0.023,-1,Echolocation,/mnt/ubna_data_02_mir/recover-20220922/UBNA_001/20220921_090000.WAV,Telephone Field,recover-20220922,001,1795
1793.8025,1793.8141,54687,58668,Pipistrellus pygmaeus,0.02,0.021,-1,Echolocation,/mnt/ubna_data_02_mir/recover-20220922/UBNA_001/20220921_090000.WAV,Telephone Field,recover-20220922,001,1795
1793.8125,1793.8534,68437,82825,Rhinolophus ferrumequinum,0.022,0.022,-1,Echolocation,/mnt/ubna_data_02_mir/recover-20220922/UBNA_001/20220921_090000.WAV,Telephone Field,recover-20220922,001,1795
1793.8275,1793.8345,24609,33397,Plecotus austriacus,0.008,0.021,-1,Echolocation,/mnt/ubna_data_02_mir/recover-20220922/UBNA_001/20220921_090000.WAV,Telephone Field,recover-20220922,001,1795
1793.8375,1793.8768,68437,82753,Rhinolophus ferrumequinum,0.023,0.023,-1,Echolocation,/mnt/ubna_data_02_mir/recover-20220922/UBNA_001/20220921_090000.WAV,Telephone Field,recover-20220922,001,1795
1793.8545,1793.8952,68437,82535,Rhinolophus ferrumequinum,0.025,0.025,-1,Echolocation,/mnt/ubna_data_02_mir/recover-20220922/UBNA_001/20220921_090000.WAV,Telephone Field,recover-20220922,001,1795
1793.8595,1793.8686,28046,36791,Eptesicus serotinus,0.008,0.021,-1,Echolocation,/mnt/ubna_data_02_mir/recover-20220922/UBNA_001/20220921_090000.WAV,Telephone Field,recover-20220922,001,1795
1793.8935,1793.9041,22890,28361,Nyctalus leisleri,0.01,0.022,-1,Echolocation,/mnt/ubna_data_02_mir/recover-20220922/UBNA_001/20220921_090000.WAV,Telephone Field,recover-20220922,001,1795
1793.8975,1793.9338,68437,81527,Rhinolophus ferrumequinum,0.024,0.024,-1,Echolocation,/mnt/ubna_data_02_mir/recover-20220922/UBNA_001/20220921_090000.WAV,Telephone Field,recover-20220922,001,1795
1793.9065,1793.9462,68437,82273,Rhinolophus ferrumequinum,0.025,0.025,-1,Echolocation,/mnt/ubna_data_02_mir/recover-20220922/UBNA_001/20220921_090000.WAV,Telephone Field,recover-20220922,001,1795
1793.9285,1793.9674,68437,81990,Rhinolophus ferrumequinum,0.021,0.021,-1,Echolocation,/mnt/ubna_data_02_mir/recover-20220922/UBNA_001/20220921_090000.WAV,Telephone Field,recover-20220922,001,1795
1793.9345,1793.9746,68437,82303,Rhinolophus ferrumequinum,0.021,0.021,-1,Echolocation,/mnt/ubna_data_02_mir/recover-20220922/UBNA_001/20220921_090000.WAV,Telephone Field,recover-20220922,001,1795
1793.9415,1793.9496,28906,37837,Eptesicus serotinus,0.008,0.024,-1,Echolocation,/mnt/ubna_data_02_mir/recover-20220922/UBNA_001/20220921_090000.WAV,Telephone Field,recover-20220922,001,1795
1793.9695,1793.9863,22031,25781,Nyctalus leisleri,0.015,0.024,-1,Echolocation,/mnt/ubna_data_02_mir/recover-20220922/UBNA_001/20220921_090000.WAV,Telephone Field,recover-20220922,001,1795
1794.0015,1794.0362,68437,79374,Rhinolophus ferrumequinum,0.028,0.029,-1,Echolocation,/mnt/ubna_data_02_mir/recover-20220922/UBNA_001/20220921_090000.WAV,Telephone Field,recover-20220922,001,1795
1794.0015,1794.0117,47812,52516,Pipistrellus pipistrellus,0.018,0.023,-1,Echolocation,/mnt/ubna_data_02_mir/recover-20220922/UBNA_001/20220921_090000.WAV,Telephone Field,recover-20220922,001,1795
1794.0015,1794.0108,21171,26457,Nyctalus leisleri,0.01,0.025,-1,Echolocation,/mnt/ubna_data_02_mir/recover-20220922/UBNA_001/20220921_090000.WAV,Telephone Field,recover-20220922,001,1795
1794.0075,1794.0498,68437,81404,Rhinolophus ferrumequinum,0.026,0.026,-1,Echolocation,/mnt/ubna_data_02_mir/recover-20220922/UBNA_001/20220921_090000.WAV,Telephone Field,recover-20220922,001,1795
1794.0355,1794.0707,68437,81234,Rhinolophus ferrumequinum,0.021,0.021,-1,Echolocation,/mnt/ubna_data_02_mir/recover-20220922/UBNA_001/20220921_090000.WAV,Telephone Field,recover-20220922,001,1795
1794.0455,1794.0527,14296,27346,Plecotus auritus,0.022,0.026,-1,Echolocation,/mnt/ubna_data_02_mir/recover-20220922/UBNA_001/20220921_090000.WAV,Telephone Field,recover-20220922,001,1795
1794.0635,1794.0717,27187,37219,Eptesicus serotinus,0.007,0.022,-1,Echolocation,/mnt/ubna_data_02_mir/recover-20220922/UBNA_001/20220921_090000.WAV,Telephone Field,recover-20220922,001,1795
1794.0755,1794.0849,28046,36309,Eptesicus serotinus,0.008,0.021,-1,Echolocation,/mnt/ubna_data_02_mir/recover-20220922/UBNA_001/20220921_090000.WAV,Telephone Field,recover-20220922,001,1795
1794.1015,1794.1211,19453,22092,Nyctalus leisleri,0.012,0.021,-1,Echolocation,/mnt/ubna_data_02_mir/recover-20220922/UBNA_001/20220921_090000.WAV,Telephone Field,recover-20220922,001,1795
1794.1275,1794.135,26328,39335,Eptesicus serotinus,0.007,0.023,-1,Echolocation,/mnt/ubna_data_02_mir/recover-20220922/UBNA_001/20220921_090000.WAV,Telephone Field,recover-20220922,001,1795
1794.1305,1794.1683,68437,82434,Rhinolophus ferrumequinum,0.023,0.023,-1,Echolocation,/mnt/ubna_data_02_mir/recover-20220922/UBNA_001/20220921_090000.WAV,Telephone Field,recover-20220922,001,1795
1794.2445,1794.2843,68437,82080,Rhinolophus ferrumequinum,0.02,0.02,-1,Echolocation,/mnt/ubna_data_02_mir/recover-20220922/UBNA_001/20220921_090000.WAV,Telephone Field,recover-20220922,001,1795
1794.2565,1794.2668,25468,31224,Nyctalus leisleri,0.013,0.035,-1,Echolocation,/mnt/ubna_data_02_mir/recover-20220922/UBNA_001/20220921_090000.WAV,Telephone Field,recover-20220922,001,1795
1794.2855,1794.2954,28906,36185,Eptesicus serotinus,0.008,0.02,-1,Echolocation,/mnt/ubna_data_02_mir/recover-20220922/UBNA_001/20220921_090000.WAV,Telephone Field,recover-20220922,001,1795
1794.3535,1794.3647,22890,28116,Nyctalus leisleri,0.014,0.028,-1,Echolocation,/mnt/ubna_data_02_mir/recover-20220922/UBNA_001/20220921_090000.WAV,Telephone Field,recover-20220922,001,1795
1794.4085,1794.4259,21171,24257,Nyctalus leisleri,0.013,0.021,-1,Echolocation,/mnt/ubna_data_02_mir/recover-20220922/UBNA_001/20220921_090000.WAV,Telephone Field,recover-20220922,001,1795
1794.4235,1794.4312,28046,41007,Eptesicus serotinus,0.007,0.021,-1,Echolocation,/mnt/ubna_data_02_mir/recover-20220922/UBNA_001/20220921_090000.WAV,Telephone Field,recover-20220922,001,1795
1794.4395,1794.4478,25468,33930,Eptesicus serotinus,0.007,0.021,-1,Echolocation,/mnt/ubna_data_02_mir/recover-20220922/UBNA_001/20220921_090000.WAV,Telephone Field,recover-20220922,001,1795
1794.4735,1794.484,28906,37647,Eptesicus serotinus,0.014,0.029,-1,Echolocation,/mnt/ubna_data_02_mir/recover-20220922/UBNA_001/20220921_090000.WAV,Telephone Field,recover-20220922,001,1795
1794.5165,1794.5564,68437,81965,Rhinolophus ferrumequinum,0.02,0.02,-1,Echolocation,/mnt/ubna_data_02_mir/recover-20220922/UBNA_001/20220921_090000.WAV,Telephone Field,recover-20220922,001,1795
1794.5695,1794.607,68437,82163,Rhinolophus ferrumequinum,0.021,0.021,-1,Echolocation,/mnt/ubna_data_02_mir/recover-20220922/UBNA_001/20220921_090000.WAV,Telephone Field,recover-20220922,001,1795
1794.5725,1794.5799,23750,32204,Plecotus austriacus,0.008,0.02,-1,Echolocation,/mnt/ubna_data_02_mir/recover-20220922/UBNA_001/20220921_090000.WAV,Telephone Field,recover-20220922,001,1795
1794.5845,1794.6239,68437,81913,Rhinolophus ferrumequinum,0.022,0.022,-1,Echolocation,/mnt/ubna_data_02_mir/recover-20220922/UBNA_001/20220921_090000.WAV,Telephone Field,recover-20220922,001,1795
1794.5875,1794.5952,27187,36488,Eptesicus serotinus,0.007,0.021,-1,Echolocation,/mnt/ubna_data_02_mir/recover-20220922/UBNA_001/20220921_090000.WAV,Telephone Field,recover-20220922,001,1795
1794.6095,1794.6233,28906,35065,Eptesicus serotinus,0.041,0.059,-1,Echolocation,/mnt/ubna_data_02_mir/recover-20220922/UBNA_001/20220921_090000.WAV,Telephone Field,recover-20220922,001,1795
1794.6235,1794.6317,28046,38424,Eptesicus serotinus,0.008,0.021,-1,Echolocation,/mnt/ubna_data_02_mir/recover-20220922/UBNA_001/20220921_090000.WAV,Telephone Field,recover-20220922,001,1795
1794.6815,1794.722,68437,82334,Rhinolophus ferrumequinum,0.021,0.021,-1,Echolocation,/mnt/ubna_data_02_mir/recover-20220922/UBNA_001/20220921_090000.WAV,Telephone Field,recover-20220922,001,1795
1794.7165,1794.7575,68437,82792,Rhinolophus ferrumequinum,0.021,0.021,-1,Echolocation,/mnt/ubna_data_02_mir/recover-20220922/UBNA_001/20220921_090000.WAV,Telephone Field,recover-20220922,001,1795
1794.8765,1794.9168,68437,82788,Rhinolophus ferrumequinum,0.021,0.021,-1,Echolocation,/mnt/ubna_data_02_mir/recover-20220922/UBNA_001/20220921_090000.WAV,Telephone Field,recover-20220922,001,1795
1794.8845,1794.8935,28906,40073,Eptesicus serotinus,0.013,0.035,-1,Echolocation,/mnt/ubna_data_02_mir/recover-20220922/UBNA_001/20220921_090000.WAV,Telephone Field,recover-20220922,001,1795
1794.8965,1794.9374,68437,82389,Rhinolophus ferrumequinum,0.02,0.021,-1,Echolocation,/mnt/ubna_data_02_mir/recover-20220922/UBNA_001/20220921_090000.WAV,Telephone Field,recover-20220922,001,1795
1794.9005,1794.908,25468,34686,Eptesicus serotinus,0.007,0.021,-1,Echolocation,/mnt/ubna_data_02_mir/recover-20220922/UBNA_001/20220921_090000.WAV,Telephone Field,recover-20220922,001,1795
1794.9355,1794.9507,23750,28569,Nyctalus leisleri,0.015,0.03,-1,Echolocation,/mnt/ubna_data_02_mir/recover-20220922/UBNA_001/20220921_090000.WAV,Telephone Field,recover-20220922,001,1795
1794.9445,1794.9833,68437,83127,Rhinolophus ferrumequinum,0.026,0.026,-1,Echolocation,/mnt/ubna_data_02_mir/recover-20220922/UBNA_001/20220921_090000.WAV,Telephone Field,recover-20220922,001,1795
1794.9565,1794.9659,28046,35367,Eptesicus serotinus,0.013,0.027,-1,Echolocation,/mnt/ubna_data_02_mir/recover-20220922/UBNA_001/20220921_090000.WAV,Telephone Field,recover-20220922,001,1795
1794.9835,1794.9949,22890,27715,Nyctalus leisleri,0.015,0.027,-1,Echolocation,/mnt/ubna_data_02_mir/recover-20220922/UBNA_001/20220921_090000.WAV,Telephone Field,recover-20220922,001,1795
